0,0.189572617411613,121.866364821792,0,2.28913143277168,0,0,0,422.824890851974,0,0,0,0,0,51.4707038402557,0,6.23914451897144,0.497866600751877,41.8899975270033,0,0,0,0,0,0,0,0,0,0,0,0,0,0,0,0,0,0,0.523368924856186,2.14860936999321,0,43.2511491179466,0,99.7321194410324,0,0,0,0.936232089996338,0.759547919034958,90.5040127485991,0,0,0,0,0,139.730331391096,0,1.88449984788895,0.227418407797813,0,0,36.52516451478,0,0.504306793212891,0.587550938129425,0,0,0,6.98149615526199,0,0,0,0,0,2.92847889661789,0,0,0,0,0,19.3556327223778,0.17541928589344,16.5614227503538,480.932206109166,0.301506876945496,278.519913196564,0,0
0.189572617411613,0,0,290.751088470221,0,20.8254060745239,0,0,0,343.445679873228,0,0,0,0,0,1.97519314289093,0.568248450756073,0,94.3257071524858,1.06167411804199,0,0,0,0.846398219466209,0,0,0,0,0,0,0,0,0,0,0,0,0,52.2012219056487,4.59756261110306,0,0.405718386173248,263.748035795987,4.94562660157681,0,0,340.757454007864,0,0,0.984410673379898,1039.83550280333,0,1.631352186203,0,0,0,393.638079583645,0,51.4102642387152,0,0,0,135.721493914723,213.857530489564,0,0,0,199.209320247173,0,0,0,0,0,7.23301638662815,0,0,0,0,0,325.059956431389,0,79.5032168701291,0,526.705090612173,46.0041551738977,799.942489556968,0,0
121.866364821792,0,0,0,912.427613258362,0,0,0,432.564685314894,0,0,0,0,0,1.67275834083557,0,0.115686416625977,0,2.53299164772034,0,0,0,0,0,0,0,0,0,0,0,0,0,0,0,0,0,23.138590067625,0.219326615333557,3.32018682360649,0,34.9896092787385,0.216258466243744,131.149267397821,0,0,0,30.4511077404022,0,179.496939353645,3.36682415008545,33.7839873433113,0,0,0,341.030979901552,0,83.7594989389181,0,21.2529241144657,0,29.4570322036743,0,0,15.6929543763399,0,0,0,0,0,0,0,0,0,10.249205827713,0,0,0,0,0,20.8255094438791,0,28.1587552577257,559.129001833498,1.52241277694702,1019.45913619548,0,3.09431347250938
0,290.751088470221,0,0,0,106.322195857763,0,0,0,75.3034955263138,0,0,0,0,0,0,0.179451659321785,0.960186965763569,3.23911483585835,0,0,0,0,0,0,0,0,0,0,0,0,0,0,0,0,0.139171585440636,0,0.498216181993484,0,1.79416438937187,0,41.8617947548628,0.200910925865173,0,0,33.449053235352,0,0,0,334.621245749295,0,108.918191924691,0,0,0,152.778895497322,0,203.811387844384,0,11.328256636858,0,121.724860429764,33.1986089274287,0,0,0,0,0,0,0,0.183066755533218,0,31.9934800639749,0,0,0,0,0,33.4622100070119,0,6.55261473357677,0,232.193468138576,0,575.684594221413,1.09433521330357,0
2.28913143277168,0,912.427613258362,0,0,0,0,0,271.99096365273,0,0,0,0,0,0,0,0,0,0.161814093589783,0,246.390510946512,0,0,0,0,0,0,0,0,0,0,0,0,0,0,0,91.8046831041574,0,2.86092889308929,0,14.3524159938097,0.6155866086483,42.6355815082788,0,0,0,2.3823539763689,0,30.7712015360594,0,19.1848600804806,0,0,0,96.7306731343269,0,20.2904056161642,0,0,0,0,0,0,303.520952105522,0,0,0,0,0,0,0,0,0,0.732550203800201,0,0,0,0,0,125.028415352106,0,11.2106475830078,1466.2267088145,180.107342630625,865.870683550835,0,0.830512791872025
0,20.8254060745239,0,106.322195857763,0,0,0,0,0,100.032415956259,0,0,0,0,0,0,0,0,1.02263575792313,88.1941654682159,0,0,0,0,0,0,0,0,0,0,0,0,0,0,0,33.4191681146622,0,0,0,1.28519624471664,0,16.4119335561991,0,0,0,7.82119169086218,0,0.13549517095089,0,10.1752840429544,0,534.271299064159,0,10.9799927473068,0,13.2572413682938,0,49.1833665370941,0,8.72087316215038,0,0,33.1233247816563,0,0,0,0,0,0,0,0,0,0.721171334385872,0,0,0,0,0,25.0967940911651,0,1.89970454573631,0,78.4956401288509,0,325.585092194378,0.701823681592941,0
0,0,0,0,0,0,0,0,0,0,64.2186121940613,0,0,0,0,0,0,0,0,0,67.2089202404022,0,0,0,0,0,0,0,0,0,0,0,0,0,0,0,0,0,0,0,0,0,0,0,0,0,0,0,0,0,0,0,196.763156175613,0,0,0,0,0,0,0,0,0,0,0,0,0,0,0,0,0,0,0,0,0,0,0,0,0,0,0,0,0,70.774405002594,0,0,0,0
0,0,0,0,0,0,0,0,0,0,0,1.65067142248154,0,0,0,0,0,0,0,0.881490647792816,0,0,0,0,0,0,0,0,0,0,0,0,0,0,0,0.912315785884857,0,0,0,0,0,0,0,0,0,0,0,0,0,0,0,0,0,395.82769215107,0,0,0,0,0,6.79102373123169,0,0,0.604094177484512,0,0,0,0,0,0,0,0,0,0,0,0,0,0,0,0.62998753786087,0,0,0,6.41083443164825,0,0,0,0
422.824890851974,0,432.564685314894,0,271.99096365273,0,0,0,0,0,0,0,0,0,279.895476132631,0,154.778166025877,13.2901612073183,1.40176248550415,0,0,0,0,0,58.9012411683798,0,160.510051608086,0,0,0,0,0,0,0,0,0,0,0,238.204296126962,0,0.174536496400833,0,33.8276595026255,0,0,0,0.256500363349915,0,16.3331473767757,0,9.04216866195202,0,0,0,1447.23630711436,0,0.295931279659271,0,7.44774824380875,0,54.2370437979698,0,0,0.895561635494232,0,0,0,24.6428029537201,0,104.336868345737,0,0,0,0,0,0,0,0,0,0,0,192.016969770193,864.671279862523,1.96884948015213,290.635124266148,0,3.38359653949738
0,343.445679873228,0,75.3034955263138,0,100.032415956259,0,0,0,0,0,0,0,0,0,428.632158249617,0,146.781899154186,0,0,0,0,0,33.5573023855686,0,0,0,0,0,0,0,0,0,0,0,0,0,3.75068771839142,0,0,0,11.8464187830687,0,0,0,0,0,0,0,46.7190810739994,0,0,0,0,0,1404.80641700327,0,1.21139490604401,0,0,0,81.0698645710945,0,0,0,0,22.652517080307,0,0,0,0,0,3.3427964001894,0,0,0,0,0,0.173094093799591,0,1.09454946219921,0,606.837397739291,5.99225664138794,18.1411084830761,0,0
0,0,0,0,0,0,64.2186121940613,0,0,0,0,0,166.690986603498,0,0,0,0,0,0,0,467.835134327412,0,0,0,0,0,0,0,28.0047986507416,0,0.658077716827393,0,0,0,0,0,129.065206617117,0,265.309188008308,0,0,0,0,0,0,0,0,0,0,0,0,0,27.7944090366364,0,0,0,413.53494310379,0,132.504760146141,0,0,0,0,247.385705471039,0,0,0,0,0,0,0,0,0,0,0,0,0,0,0,0,0,18.1063741743565,265.915239244699,0,6.85051277279854,0,0
0,0,0,0,0,0,0,1.65067142248154,0,0,0,0,0,170.6916487813,0,0,0,0,0,596.928952753544,0,0,0,0,0,0,0,3.11143469810486,0,270.339428305626,0,0,0,0,0,0,0,354.867965579033,0,0,0,0,0,0,0,0,0,0,0,0,0,0,0,49.4983637332916,0,0,0,1575.52263000607,0,86.2458890676498,0,0,2.75429067015648,0,0,0,0,0,0,0,0,0,147.372977256775,0,0,0,0,0,0,0,0,0,195.292348027229,2,0,0,0
0,0,0,0,0,0,0,0,0,0,166.690986603498,0,0,0,0,0,0,0,0,0,0,0,0,0,0,0,0,0,8.99535655975342,0,0,0,0,0,0,0,0,0,0,0,0,0,0,0,0,0,0,0,0,0,0,0,0,0,0,0,16.1431093215942,0,95.8464109301567,0,0,0,0,0,0,0,0,0,0,0,0,0,0,0,0,0,0,0,0,0,0,0,55.322156727314,0,0,0,0
0,0,0,0,0,0,0,0,0,0,0,170.6916487813,0,0,0,126.053550630808,0,0,0,0,0,0,0,0,0,0.588259279727936,0,20.2759819030762,0,2.81205701828003,0,0,0,0,0,0,0,0,0,0,0,0,0,0,0,0,0,0,0,0,0,0,0,0,0,0,0,0,0,441.710362136364,0,114.187413841486,0,0,0,0,0,0,46.443632915616,0,4.08315992355347,0,0,0,0,0,0,0,0,0,0,0,50.7700073719025,318.111183106899,0,0,0
51.4707038402557,0,1.67275834083557,0,0,0,0,0,279.895476132631,0,0,0,0,0,0,0,121.426710814238,2.53170919418335,0.376301616430283,0,0,0,0,0,39.7044474482536,0,54.6914768218994,0,0,0,0,0,0,0,0,0,0,0,0,0,0,0,0,0,0,0,0,0,23.3985124528408,0,9.3937369287014,0,0,0,211.817158803344,0,0,0,9.42875516414642,0,206.485632926226,0,0,0,0,0,0,20.825122654438,0,6.10558331012726,0,0,0,0,0,0,0,0,0,0,0,0,22.3574245423079,0,1.01143801212311,0,0
0,1.97519314289093,0,0,0,0,0,0,0,428.632158249617,0,0,0,126.053550630808,0,0,0,87.3038375675678,0,0,0,0,0,0,0,4.93951068818569,0,0,0,0,0,0,0,0,0,0,0,0,0,0,0,0.502784207463264,0,0,0,0,0,0,0,0.396517544984818,0,0,0,0,0,95.582340657711,0,0,0,8.24678778648376,0,169.626791775227,0,0,0,0,0,0,63.5324409753084,0,0,0,0,0,0,0,0,0,0,0,0,0,50.3203141689301,1,2.93964296579361,0,0
6.23914451897144,0.568248450756073,0.115686416625977,0.179451659321785,0,0,0,0,154.778166025877,0,0,0,0,0,121.426710814238,0,0,15596.8229164928,5582.93062308431,0,0,2.12615871429443,325.121139407158,0,157.176123857498,0,119.651147291064,0,0,0,0,0,0,0,0,0.212961554527283,0,0,0,0,557.806216597557,28.9859575405717,166.829207956791,0,0,69.5763168781996,57.5336990356445,0,0,0,0,0.144780546426773,0,0,0,0,2.95439451932907,1.66715439409018,0,0,1.98523372411728,0,36.9769354239106,0,0,188.792808592319,0,90.9074275493622,0,0,0,0,0,5.09495955705643,0,0,0,0,70.7813112959266,156.201723508537,24.311748445034,85.8818492218852,14167.963003695,1409.45091624558,340.728294156492,2.03502824902534,9.37892374396324
0.497866600751877,0,0,0.960186965763569,0,0,0,0,13.2901612073183,146.781899154186,0,0,0,0,2.53170919418335,87.3038375675678,15596.8229164928,0,7311.04863829166,0.196597844362259,0,207.581448227167,0,19.3863174319267,0,333.190294981003,0,45.8290264606476,0,0,0,0,0,0,0,0.846555590629578,0,0.916816264390945,0,1.01765187084675,157.045700579882,51.0200201123953,29.0849524736404,0,0,86.8977154940367,11.8058689981699,0,0,0,0,0,0,0,0,0,0,1.07100701332092,0,0,0,9.38755166530609,69.6805918514729,0.902645289897919,37.0848636627197,0,0,0,0,0,0,0,2.7242573350668,0,0,0,0,0,129.316046185791,39.2204729169607,55.3484294340014,19.8215035349131,9920.49254348129,1131.96173539758,152.600663468242,7.71130491793156,0
41.8899975270033,94.3257071524858,2.53299164772034,3.23911483585835,0.161814093589783,1.02263575792313,0,0,1.40176248550415,0,0,0,0,0,0.376301616430283,0,5582.93062308431,7311.04863829166,0,8.44573417305946,0,0,0,0,0,0,0.439574897289276,0,0,0,0,0,0,0,0,5.80340382456779,0,30.3167888224125,0,3.52577486634254,2235.08707957715,976.895936474204,933.781782418489,0,0,1362.34117422253,223.248143479228,0,2.83122633397579,8.17167560756207,0,0.389626145362854,0,0,0,0,25.6651491224766,12.8923763856292,0,0,0,1.59504050016403,1034.59378775954,3.173803165555,0,0,0,0,0,0,0,0,80.3933049440384,15.2968882918358,0,0,0,0,1673.41425478458,495.912581078708,873.2647119537,395.613468050957,7880.31849321723,54.4336770549417,2750.34024311602,134.724208377302,35.1243316680193
0,1.06167411804199,0,0,0,88.1941654682159,0,0.881490647792816,0,0,0,596.928952753544,0,0,0,0,0,0.196597844362259,8.44573417305946,0,0,0,0,0,0,0,0,0,0,0,0,0,0,0,0,1953.83571219444,0,63.8813388198614,0,0,0,5.24183777719736,0,0,0,4.35531276464462,0,0,0,0,0,66.453481554985,0,9.53491824865341,0,0,0,680.108152270317,0,1.06925559043884,0,0,2338.32974223793,0,0,0,0,0,0,0,0,0,0,0,0,0,0,0,524.68893481791,0,45.3248493671417,0,282.13774856925,0,106.980533093214,0,0
0,0,0,0,246.390510946512,0,67.2089202404022,0,0,0,467.835134327412,0,0,0,0,0,0,0,0,0,0,0,0,0,0,0,0,0,0,0,0,0,0,0,0,0,646.604904264212,0,736.985679864883,0,0,0,0,0,0,0,0.989366114139557,0,0,0,0,0,0,0,0,0,0,0,0,0,0,0,0,3887.40125665069,0,0,0,0,0,0,0,0,0,0,0,0,0,0,0,208.784908011556,0,0,510.543613195419,0,59.3407232910395,0,0
0,0,0,0,0,0,0,0,0,0,0,0,0,0,0,0,2.12615871429443,207.581448227167,0,0,0,0,388.20502436161,259.897176340222,0,63.2862882614136,0,0,0,0,0,0,0,0,0,0,0,1812.91777510941,0.801900148391724,0,0,0,0,0,0,0,0,2.78976237773895,0,0.780791044235229,0,0,0,0,0,0,0,0,0,0,0,0,0,0,4144.72947303951,42.2003793716431,130.852785602212,0,7.53538572788239,0,9.28820967674255,0,0,0,0,0,0,0,0,0,782.747643083334,0,1473.83695450425,468.842527866364,8.45678354799747,0,0
0,0,0,0,0,0,0,0,0,0,0,0,0,0,0,0,325.121139407158,0,0,0,0,388.20502436161,0,0,55.8069441318512,0,43.7443021535873,0,0,0,0,0,0,0,0,0,0,0,677.243607759476,0,0,0,0,0,0,0,0,0,62.263579249382,0,0,0,0,0,0,0,0,0,0,0,0,0,0,0,0,2983.33228078485,0,3.75825154781342,0,51.0607916116714,0,58.6080514788628,0,0,0,0,0,0,0,0,0,173.940508812666,649.015420854092,439.543706253171,0,0,0
0,0.846398219466209,0,0,0,0,0,0,0,33.5573023855686,0,0,0,0,0,0,0,19.3863174319267,0,0,0,259.897176340222,0,0,0,19.7101838886738,0,0,0,0,0,0,0,0,0,0,0,400.570694118738,0,0,0,0,0,0,0,0,0,0,0,0,0,0,0,0,0,23.8651983886957,0,0,0,0,0,0,0,0,644.171889841557,0,1509.38516227901,0,203.256382346153,0,0,0,0,0,0,0,0,0,0,0,11.4128083139658,0,501.786444827914,0,0,0,0
0,0,0,0,0,0,0,0,58.9012411683798,0,0,0,0,0,39.7044474482536,0,157.176123857498,0,0,0,0,0,55.8069441318512,0,0,0,339.071061909199,0,0,0,0,0,0,0,0,0,0,0,281.272654339671,0,0,0,0,0,0,0,0,0,3.40401022136211,0,0,0,0,0,61.1706247925758,0,0,0,0,0,40.4738055467606,0,0,0,0,206.394813805819,0,648.758118972182,0,1347.72156855464,0,0,0,0,0,0,0,0,0,0,0,264.54557800293,114.221749395132,0,1.41429406404495,0,0
0,0,0,0,0,0,0,0,0,0,0,0,0,0.588259279727936,0,4.93951068818569,0,333.190294981003,0,0,0,63.2862882614136,0,19.7101838886738,0,0,0,3,0,0,0,0,0,0,0,0,0,0,0,0,0,0,0,0,0,0,0,0,0,0,0,0,0,0,0,0,0,0,0,0,0,1,0,0,68.690141916275,0,25.5644029378891,0,879.535782471299,0,0,0,0,0,0,0,0,0,0,0,0,0,0,0,0,0,0
0,0,0,0,0,0,0,0,160.510051608086,0,0,0,0,0,54.6914768218994,0,119.651147291064,0,0.439574897289276,0,0,0,43.7443021535873,0,339.071061909199,0,0,0,332.253276765347,0,0,0,0,0,0,0,0,0,0,0,0.677846968173981,0,0,0,0,0,0,0,0,0,0,0,0,0,37.681798517704,0,0,0,0,0,0,0,0,0,0,4.42985820770264,0,41.621704518795,0,636.16237527132,0,205.980112910271,0,0,0,0,0,0,0,0,0,0,61.8294904232025,0,0,0,0
0,0,0,0,0,0,0,0,0,0,0,3.11143469810486,0,20.2759819030762,0,0,0,45.8290264606476,0,0,0,0,0,0,0,3,0,0,0,55.2345904409885,0,0,0,0,0,0,0,0,0,0,0,0,0,0,0,0,0,0,0,0,0,0,0,0,0,0,0,36.7381140589714,0,19.9297993183136,0,0,0,0,0,0,0.850249290466309,0,404.040345877409,0,660.779322952032,0,16.285760641098,0,0,0,0,0,0,0,0,0,189.764050960541,402.153698325157,0,0,0
0,0,0,0,0,0,0,0,0,0,28.0047986507416,0,8.99535655975342,0,0,0,0,0,0,0,0,0,0,0,0,0,332.253276765347,0,0,0,213.924911856651,0,0,0,0,0,0,0,0,0,0,0,0,0,0,0,0,0,0,0,0,0,0,0,0,0,1,0,394.082593858242,0,0,0,0,0,0,0,0,0,0,20.861113846302,0,681.785517185926,0,0,0,0,0,0,0,0,0,0,21.0575914382935,0,0,0,0
0,0,0,0,0,0,0,0,0,0,0,270.339428305626,0,2.81205701828003,0,0,0,0,0,0,0,0,0,0,0,0,0,55.2345904409885,0,0,0,0,0,0,0,0,0,193.190607786179,0,0,0,0,0,0,0,0,0,0,0,0,0,0,0,0,0,0,0,299.66479369998,0,108.552144885063,0,0,0,0,0,0,0,0,0,0,247.65705139935,0,1417.12659206986,0,0,0,0,0,0,0,1.43728268146515,0,59.4305403232574,16.8441789150238,0,0,0
0,0,0,0,0,0,0,0,0,0,0.658077716827393,0,0,0,0,0,0,0,0,0,0,0,0,0,0,0,0,0,213.924911856651,0,0,0,0,0,0,0,0,0,91.7955628335476,0,0,0,0,0,0,0,0,0,0,0,0,0,0,0,0,0,5,0,0,0,0,0,0,0,0,0,0,0,0,0,0,23.354814261198,0,403.755692481995,0,0,0,0,0,0,0,29.1601400971413,11.8010881841183,0,0,0,0
0,0,0,0,0,0,0,0,0,0,0,0,0,0,0,0,0,0,0,0,0,0,0,0,0,0,0,0,0,0,0,0,264.427232354879,26.3787618875504,14.153590887785,126.474801242352,5.77352032065392,0,0,0,0,0,0,0,0,0,0,581.858491897583,0,5.56830561161041,0,0,0,0,0,0,0,0,0,0,0,0,0,0,0,0,0,0,0,0,0,0,0,0,1362.06830438972,129.175124317408,91.0840890258551,0,15.3998696804047,20.5691626816988,0,0,479.917999595404,0,0,0,0
0,0,0,0,0,0,0,0,0,0,0,0,0,0,0,0,0,0,0,0,0,0,0,0,0,0,0,0,0,0,0,264.427232354879,0,4.37574264407158,293.550817593932,33.7922919988632,726.680257827044,0,0,0,0,0,0,0,0,0,0,2640.21972452849,0.484131246805191,26.5229168236256,0,0,0,0,0,0,0,0,0,0,0,0,0,0,0,0,0,0,0,0,0,0,0,0,139.879140973091,1323.69940682501,0,158.883952975273,0,456.263490028679,0,0,1083.79304479063,0,0,0,0
0,0,0,0,0,0,0,0,0,0,0,0,0,0,0,0,0,0,0,0,0,0,0,0,0,0,0,0,0,0,0,26.3787618875504,4.37574264407158,0,2458.3864492774,947.655652999878,0,41.8904358446598,15.7078622877598,0,0,0,0,0,0,0,0,901.345722928643,0,0.519779920578003,0,0,0,0,0,0,0,0,0,0,0,0,0,0,0,0,0,0,0,0,0,0,0,0,124.402691572905,1.12628042697906,3850.01767635345,23.1148014068604,545.215480208397,0,148.93747651577,0,768.366049170494,38.8266054689884,0.463554054498672,0,0
0,0,0,0,0,0,0,0,0,0,0,0,0,0,0,0,0,0,0,0,0,0,0,0,0,0,0,0,0,0,0,14.153590887785,293.550817593932,2458.3864492774,0,0,176.364957049489,2.58024883270264,442.736481755972,0,0,5.49459433555603,0,0,0,0,0,4639.37302876264,26.7722523212433,326.199217349291,0,0,0,0,0,0,0,0,0,0,0,0,0,0,0,0,0,0,0,0,0,0,0,0,4.81068399548531,15.7045920044184,1982.17880749702,1749.37688341737,0,26.7482128292322,0,78.0567594468594,763.020694762468,10.4197376668453,27.8315159082413,0,0
0,0,0,0.139171585440636,0,33.4191681146622,0,0.912315785884857,0,0,0,0,0,0,0,0,0.212961554527283,0.846555590629578,5.80340382456779,1953.83571219444,0,0,0,0,0,0,0,0,0,0,0,126.474801242352,33.7922919988632,947.655652999878,0,0,155.780222028494,227.625694677234,0,141.503969162703,0,58.6134676262736,0,0,0,16.7232502549887,0,398.471417874098,0,158.818339794874,0,21.3290795087814,0,5.38453808426857,0,0,0,65.1916455626488,0,0.968395590782166,0,0.337191671133041,808.249526701868,0,0,0,0,0,0,0,0,0,0.437726557254791,0,277.575397729874,1.10752752423286,952.809805691242,0,4675.48178817332,52.7225589156151,1639.23797443509,0.55972158908844,877.446775257587,131.649819046259,312.102262079716,0.229529768228531,0
0,0,23.138590067625,0,91.8046831041574,0,0,0,0,0,129.065206617117,0,0,0,0,0,0,0,0,0,646.604904264212,0,0,0,0,0,0,0,0,0,0,5.77352032065392,726.680257827044,0,176.364957049489,155.780222028494,0,0,1442.51409868896,0,8.46433085948229,0,1.86995822191238,0,0,0,148.097119055688,1280.08353234828,0.974663704633713,0,0,0,0,0,0,0,0.500595927238464,0,0,0,0,0,0,197.573248103261,0,0,0,0,0,0,0,0,0,0,0,161.488265417516,0,508.918740093708,19.8409551382065,7129.62252882868,0,511.150856480002,1357.39369872212,291.287248104811,374.438299030066,0,0
0.523368924856186,52.2012219056487,0.219326615333557,0.498216181993484,0,0,0,0,0,3.75068771839142,0,354.867965579033,0,0,0,0,0,0.916816264390945,30.3167888224125,63.8813388198614,0,1812.91777510941,0,400.570694118738,0,0,0,0,0,193.190607786179,0,0,0,41.8904358446598,2.58024883270264,227.625694677234,0,0,608.528797134757,0,0,41.5906099826097,21.8484652936459,0,0,9.43798665702343,0,1203.26537591219,52.2409581840038,11.6987768113613,0,0,0,0,0,24.025226816535,0,145.102265000343,0,0,0,0.714603126049042,2049.10098589957,0,399.810942947865,0,1062.75090092421,0,0,0,89.4585507363081,0,1283.41103538871,0,0,0,179.30193322897,0,193.210399903357,0,6183.87330043316,1.33493208885193,2226.36805836856,1205.42813454568,471.415212601423,11.7099205255508,0
2.14860936999321,4.59756261110306,3.32018682360649,0,2.86092889308929,0,0,0,238.204296126962,0,265.309188008308,0,0,0,0,0,0,0,0,0,736.985679864883,0.801900148391724,677.243607759476,0,281.272654339671,0,0,0,0,0,91.7955628335476,0,0,15.7078622877598,442.736481755972,0,1442.51409868896,608.528797134757,0,0,0,1.75102540850639,42.4576157033443,0,0,0,2.3788668513298,602.627373605967,807.354866921902,0.607737809419632,0,0,0,0,128.826540485024,0,0,0.25872266292572,0,0,0,0.155753314495087,0,128.695591658354,0,268.140544787049,0,252.495707809925,0,2.68695038557053,0,1.91195914149284,0,0,0,0,0,74.1545461714268,0,861.490944951773,19.5557093024254,5279.17764572799,2806.95519436896,33.7244642078876,368.236951008439,0,1.4796090722084
0,0,0,1.79416438937187,0,1.28519624471664,0,0,0,0,0,0,0,0,0,0,0,1.01765187084675,3.52577486634254,0,0,0,0,0,0,0,0,0,0,0,0,0,0,0,0,141.503969162703,0,0,0,0,0,18.563346453011,0,0,0,64.186610288918,0,0.237211018800735,0,228.616524279118,0,0.856443971395493,0,0,0,0,0,0.480809897184372,0,0,0,0.304932653903961,14.7804370671511,0,0,0,0,0,0,0,0,0,3.10940544307232,0,0,0,0,0,2206.08241198212,0,69.3979849070311,0,13.3284586966038,0,426.341560587287,0,0
43.2511491179466,0.405718386173248,34.9896092787385,0,14.3524159938097,0,0,0,0.174536496400833,0,0,0,0,0,0,0,557.806216597557,157.045700579882,2235.08707957715,0,0,0,0,0,0,0,0.677846968173981,0,0,0,0,0,0,0,0,0,8.46433085948229,0,0,0,0,43.3548953831196,3346.41621360183,0,0,46.2416576892138,1094.59770032763,0.177951753139496,320.988927930593,0.386678636074066,0,0,0,0,0,0,24.4512253925204,0.820389032363892,0,0,0,0,29.0812688469887,172.352679520845,0,0,0,0,0,0,0,0,0.874040246009827,11.4714993983507,0,0,0,0,45.2538479417562,781.572102956474,15.9265024214983,362.336968578398,1771.65825936943,24.2278841808438,3319.00794721395,8.54614570736885,71.3199528157711
0,263.748035795987,0.216258466243744,41.8617947548628,0.6155866086483,16.4119335561991,0,0,0,11.8464187830687,0,0,0,0,0,0.502784207463264,28.9859575405717,51.0200201123953,976.895936474204,5.24183777719736,0,0,0,0,0,0,0,0,0,0,0,0,0,0,5.49459433555603,58.6134676262736,0,41.5906099826097,1.75102540850639,18.563346453011,43.3548953831196,0,300.013587236404,0,0,1323.78604722768,3.50653263926506,172.948412030935,14.6339686512947,586.049160145223,0,22.3635773360729,0,0,0,4.51602628827095,0.844409853219986,862.68943207711,0,0.134471729397774,0,50.4198786020279,943.87109592557,0.164557442069054,0,0,0,0,0,0,0.845152974128723,0,259.638903684914,0.138385519385338,0,0,0,0,1047.98087165505,5.01883275806904,420.631043195724,5.90802811086178,2972.58186276257,7.16797587275505,3980.58600819856,158.885200023651,0.584768891334534
99.7321194410324,4.94562660157681,131.149267397821,0.200910925865173,42.6355815082788,0,0,0,33.8276595026255,0,0,0,0,0,0,0,166.829207956791,29.0849524736404,933.781782418489,0,0,0,0,0,0,0,0,0,0,0,0,0,0,0,0,0,1.86995822191238,21.8484652936459,42.4576157033443,0,3346.41621360183,300.013587236404,0,0,0,17.3550813943148,388.734361164272,126.676649779081,148.970045432448,2.91192433238029,0,0,0,0,0.294308811426163,0,158.864002384245,0.25669664144516,0,0,0,0,7.40730504691601,87.3417137265205,0,0,0,0,0,0,0,0,3.6445118188858,53.1486428901553,0,0,0,0,12.3109291270375,412.534615114331,5.92205666750669,259.398705154657,2826.15963840485,17.3031076788902,6000.65854242444,7.99173334240913,510.555898308754
0,0,0,0,0,0,0,0,0,0,0,0,0,0,0,0,0,0,0,0,0,0,0,0,0,0,0,0,0,0,0,0,0,0,0,0,0,0,0,0,0,0,0,0,0,0,0,0,0,0,0,0,0,0,0,0,0,0,0,0,0,0,0,0,0,0,0,0,0,0,0,0,0,0,0,0,0,0,0,0,0,0,9.93563997745514,0,10.2374140024185,0,0
0,0,0,0,0,0,0,0,0,0,0,0,0,0,0,0,0,0,0,0,0,0,0,0,0,0,0,0,0,0,0,0,0,0,0,0,0,0,0,0,0,0,0,0,0,0,0,0,0,0,0,0,0,0,0,0,0,0,0,0,0,0,0,0,0,0,0,0,0,0,0,0,0,0,0,0,0,0,0,0,0,0,0,0,0,0,0
0,340.757454007864,0,33.449053235352,0,7.82119169086218,0,0,0,0,0,0,0,0,0,0,69.5763168781996,86.8977154940367,1362.34117422253,4.35531276464462,0,0,0,0,0,0,0,0,0,0,0,0,0,0,0,16.7232502549887,0,9.43798665702343,0,64.186610288918,46.2416576892138,1323.78604722768,17.3550813943148,0,0,0,2.35986511409283,0,0,47.0871261432767,0,3.12903935462236,0,0,0,0,0,18.6234841048717,0,0,0,0.222662389278412,3022.01174814999,0,0,0,0,0,0,0,0,0,13.7315822988749,0,0,0,0,0,601.783870562911,10.5720116198063,203.526333495975,3.42206266522408,697.43700298667,1.84203166514635,2630.08146245778,38.8260273560882,2.0681209564209
0.936232089996338,0,30.4511077404022,0,2.3823539763689,0,0,0,0.256500363349915,0,0,0,0,0,0,0,57.5336990356445,11.8058689981699,223.248143479228,0,0.989366114139557,0,0,0,0,0,0,0,0,0,0,0,0,0,0,0,148.097119055688,0,2.3788668513298,0,1094.59770032763,3.50653263926506,388.734361164272,0,0,2.35986511409283,0,0,31.3509718775749,0,0,0,0,0,0,0,68.1659815460443,0,0,0,0,0,4.07419186830521,696.81010466814,0,0,0,0,0,0,0,0,0,13.9182325303555,0,0,0,0,9.96851934492588,2525.26967788488,2.93877160549164,672.115321606398,239.651032678783,2.46940027177334,1678.39900648594,0,3.91978345811367
0.759547919034958,0,0,0,0,0.13549517095089,0,0,0,0,0,0,0,0,0,0,0,0,0,0,0,2.78976237773895,0,0,0,0,0,0,0,0,0,581.858491897583,2640.21972452849,901.345722928643,4639.37302876264,398.471417874098,1280.08353234828,1203.26537591219,602.627373605967,0.237211018800735,0.177951753139496,172.948412030935,126.676649779081,0,0,0,0,0,847.501911237836,2975.91296797991,0,0,0,0,0,0,0,0.386556774377823,0,0,0,0,0,0,0,0,0,0,0,0,0,0,0,0,1186.54551009834,3811.84010986239,81.429929420352,208.503801390529,186.162408679724,674.871731609106,90.4450399726629,0,3070.63099296391,87.9904964864254,709.624704614282,0,0
90.5040127485991,0.984410673379898,179.496939353645,0,30.7712015360594,0,0,0,16.3331473767757,0,0,0,0,0,23.3985124528408,0,0,0,2.83122633397579,0,0,0,62.263579249382,0,3.40401022136211,0,0,0,0,0,0,0,0.484131246805191,0,26.7722523212433,0,0.974663704633713,52.2409581840038,807.354866921902,0,320.988927930593,14.6339686512947,148.970045432448,0,0,0,31.3509718775749,847.501911237836,0,32.3426801115274,0,0,0,0,66.4253093600273,0,18.539953365922,0,20.9928376078606,0,284.344445705414,0,0,6.38220629096031,0,293.477880656719,0,148.566622018814,0,11.82279920578,0,89.9319086372852,0,3.90343002974987,0,0,0,57.3918518722057,0,10.185685493052,5.94994120299816,681.12928301096,546.847199290991,3.24551212787628,515.229783095419,0,0.160585701465607
0,1039.83550280333,3.36682415008545,334.621245749295,0,10.1752840429544,0,0,0,46.7190810739994,0,0,0,0,0,0.396517544984818,0,0,8.17167560756207,0,0,0.780791044235229,0,0,0,0,0,0,0,0,0,5.56830561161041,26.5229168236256,0.519779920578003,326.199217349291,158.818339794874,0,11.6987768113613,0.607737809419632,228.616524279118,0.386678636074066,586.049160145223,2.91192433238029,0,0,47.0871261432767,0,2975.91296797991,32.3426801115274,0,0,6.22451858967543,0,0,0,61.038208976388,0,27.9022901207209,0,2.85099792480469,0,38.6804780066013,58.0645510852337,0,20.6802384853363,0,4.11539177596569,0,0,0,0,0,96.3875154703856,0,0,46.3582366704941,0,1.92051294445992,159.967977270484,0,702.509221188724,0,619.916211917996,5.53680001199245,1362.16978798807,0.778786614537239,0
0,0,33.7839873433113,0,19.1848600804806,0,0,0,9.04216866195202,0,0,0,0,0,9.3937369287014,0,0,0,0,0,0,0,0,0,0,0,0,0,0,0,0,0,0,0,0,0,0,0,0,0,0,0,0,0,0,0,0,0,0,0,0,0,0,0,4.2500776052475,0,14.4334208965302,0,30.3824648559093,0,41.944801658392,0,0,1.22093603014946,0,0,0,0,0,0,0,0,0,0,0,0,0,0,0,0,0,0,0,0,37.6982150971889,0,0
0,1.631352186203,0,108.918191924691,0,534.271299064159,0,0,0,0,0,0,0,0,0,0,0.144780546426773,0,0.389626145362854,66.453481554985,0,0,0,0,0,0,0,0,0,0,0,0,0,0,0,21.3290795087814,0,0,0,0.856443971395493,0,22.3635773360729,0,0,0,3.12903935462236,0,0,0,6.22451858967543,0,0,0,21.722230553627,0,0,0,31.6878514736891,0,17.1586797237396,0,3.17939995229244,41.622842811048,0,0,0,0,0,0,0,0,0,3.97727678716183,0,0,0,0,0,16.5344409272075,0,1.08965694904327,0,37.5008493214846,0.528567850589752,165.282156817615,0,0
0,0,0,0,0,0,196.763156175613,0,0,0,27.7944090366364,0,0,0,0,0,0,0,0,0,0,0,0,0,0,0,0,0,0,0,0,0,0,0,0,0,0,0,0,0,0,0,0,0,0,0,0,0,0,0,0,0,0,0,0,0,0,0,0,0,0,0,0,0,0,0,0,0,0,0,0,0,0,0,0,0,0,0,0,0,0,0,69.0391652584076,0,0,0,0
0,0,0,0,0,10.9799927473068,0,395.82769215107,0,0,0,49.4983637332916,0,0,0,0,0,0,0,9.53491824865341,0,0,0,0,0,0,0,0,0,0,0,0,0,0,0,5.38453808426857,0,0,0,0,0,0,0,0,0,0,0,0,0,0,0,21.722230553627,0,0,0,0,0,12.0493297576904,0,0,0,0,4.42258939146996,0,0,0,0,0,0,0,0,0,0,0,0,0,0,0,4.69395217299461,0,0,0,51.6056531667709,0,2.64660909771919,0,0
139.730331391096,0,341.030979901552,0,96.7306731343269,0,0,0,1447.23630711436,0,0,0,0,0,211.817158803344,0,0,0,0,0,0,0,0,0,61.1706247925758,0,37.681798517704,0,0,0,0,0,0,0,0,0,0,0,128.826540485024,0,0,0,0.294308811426163,0,0,0,0,0,66.4253093600273,0,4.2500776052475,0,0,0,0,0,0,0,9.96845731139183,0,144.49797616899,0,0,0,0,0,0,81.4542748332024,0,125.045191645622,0,0,0,0,0,0,0,0,0,0,0,337.449396580458,74.1346208900213,0,63.7627376616001,0,0
0,393.638079583645,0,152.778895497322,0,13.2572413682938,0,0,0,1404.80641700327,0,0,0,0,0,95.582340657711,0,0,0,0,0,0,0,23.8651983886957,0,0,0,0,0,0,0,0,0,0,0,0,0,24.025226816535,0,0,0,4.51602628827095,0,0,0,0,0,0,0,61.038208976388,0,0,0,0,0,0,0,0.439320802688599,0,0,0,120.362900823355,0,0,0,0,214.141569837928,0,0,0,0,0,2.54274298250675,0,0,0,0,0,1.11392021179199,0,7.58447183668613,0,29.0343714356422,1.76458185911179,57.167341247201,0,0
1.88449984788895,0,83.7594989389181,0,20.2904056161642,0,0,0,0.295931279659271,0,413.53494310379,0,16.1431093215942,0,0,0,2.95439451932907,0,25.6651491224766,0,0,0,0,0,0,0,0,0,1,0,5,0,0,0,0,0,0.500595927238464,0,0,0,24.4512253925204,0.844409853219986,158.864002384245,0,0,0,68.1659815460443,0,18.539953365922,0,14.4334208965302,0,0,0,0,0,0,0,207.2544901371,0,36.396050453186,0,0.824256837368011,79.4365175813437,0,0,0,0,0,0,0,22.096445441246,0,4.3889811784029,0,0,0,0,0,13.5887715518475,0,5.01036044955254,39.8966667279601,0.838249519467354,524.172063216567,0,81.316568672657
0.227418407797813,51.4102642387152,0,203.811387844384,0,49.1833665370941,0,0,0,1.21139490604401,0,1575.52263000607,0,0,0,0,1.66715439409018,1.07100701332092,12.8923763856292,680.108152270317,0,0,0,0,0,0,0,36.7381140589714,0,299.66479369998,0,0,0,0,0,65.1916455626488,0,145.102265000343,0.25872266292572,0.480809897184372,0.820389032363892,862.68943207711,0.25669664144516,0,0,18.6234841048717,0,0.386556774377823,0,27.9022901207209,0,31.6878514736891,0,12.0493297576904,0,0.439320802688599,0,0,0,0.88597783446312,0,1.59377732127905,736.423097126186,0,0,0,0,0,0,0,38.4545702338219,0,871.296776548028,0,0,0,0,0,93.0043826773763,0,40.2788564413786,0,210.364475049078,3.87198865413666,1553.69160355628,7.82339602708817,0
0,0,21.2529241144657,0,0,0,0,0,7.44774824380875,0,132.504760146141,0,95.8464109301567,0,9.42875516414642,0,0,0,0,0,0,0,0,0,0,0,0,0,394.082593858242,0,0,0,0,0,0,0,0,0,0,0,0,0,0,0,0,0,0,0,20.9928376078606,0,30.3824648559093,0,0,0,9.96845731139183,0,207.2544901371,0,0,0,30.7393482923508,0,0,0,0,0,0,0,0,154.732291802764,0,200.385288268328,0,0,0,0,0,0,0,0,0,0,9.26698496937752,0,9.8332761824131,0,0
0,0,0,11.328256636858,0,8.72087316215038,0,6.79102373123169,0,0,0,86.2458890676498,0,441.710362136364,0,8.24678778648376,0,0,0,1.06925559043884,0,0,0,0,0,0,0,19.9297993183136,0,108.552144885063,0,0,0,0,0,0.968395590782166,0,0,0,0,0,0.134471729397774,0,0,0,0,0,0,0,2.85099792480469,0,17.1586797237396,0,0,0,0,0,0.88597783446312,0,0,0,26.3415927290916,1.5621126294136,0,0,0,0,0,0,0,0,0,0.13092964887619,0,0,0,0,0,0.283379316329956,0,0.115394860506058,0,0.612935438752174,0,13.2992346435785,0,0
36.52516451478,0,29.4570322036743,0,0,0,0,0,54.2370437979698,0,0,0,0,0,206.485632926226,0,1.98523372411728,0,0,0,0,0,0,0,40.4738055467606,0,0,0,0,0,0,0,0,0,0,0,0,0,0,0,0,0,0,0,0,0,0,0,284.344445705414,0,41.944801658392,0,0,0,144.49797616899,0,36.396050453186,0,30.7393482923508,0,0,0,0,0,0,0,0,47.2159135937691,0,28.1776731014252,0,0,0,0,0,0,0,0,0,0,0,0,1.28867053985596,0,0,0,0
0,135.721493914723,0,121.724860429764,0,0,0,0,0,81.0698645710945,0,0,0,114.187413841486,0,169.626791775227,0,9.38755166530609,1.59504050016403,0,0,0,0,0,0,1,0,0,0,0,0,0,0,0,0,0.337191671133041,0,0.714603126049042,0.155753314495087,0.304932653903961,0,50.4198786020279,0,0,0,0.222662389278412,0,0,0,38.6804780066013,0,3.17939995229244,0,0,0,120.362900823355,0,1.59377732127905,0,26.3415927290916,0,0,1.66338051855564,0,0,0,0.285142153501511,0,3.33488121628761,0,0,0,3.5980529487133,0,0,0,0,0,1.82247104495764,0,0.778565466403961,0,7.39573450386524,0.541708245873451,130.090817630291,0,0
0.504306793212891,213.857530489564,0,33.1986089274287,0,33.1233247816563,0,0.604094177484512,0,0,0,2.75429067015648,0,0,0,0,36.9769354239106,69.6805918514729,1034.59378775954,2338.32974223793,0,0,0,0,0,0,0,0,0,0,0,0,0,0,0,808.249526701868,0,2049.10098589957,0,14.7804370671511,29.0812688469887,943.87109592557,7.40730504691601,0,0,3022.01174814999,4.07419186830521,0,0,58.0645510852337,0,41.622842811048,0,4.42258939146996,0,0,0.824256837368011,736.423097126186,0,1.5621126294136,0,1.66338051855564,0,0,0,0,0,0,0,0,0,0,413.832104407251,0.160606399178505,0,0,0,0,1075.67831645906,4.17630809545517,1188.90120212734,2.78303654491901,627.00823917985,5.54316487908363,3847.83135665953,55.2885313332081,0.204416811466217
0.587550938129425,0,15.6929543763399,0,303.520952105522,0,0,0,0.895561635494232,0,247.385705471039,0,0,0,0,0,0,0.902645289897919,3.173803165555,0,3887.40125665069,0,0,0,0,0,0,0,0,0,0,0,0,0,0,0,197.573248103261,0,128.695591658354,0,172.352679520845,0.164557442069054,87.3417137265205,0,0,0,696.81010466814,0,6.38220629096031,0,1.22093603014946,0,0,0,0,0,79.4365175813437,0,0,0,0,0,0,0,0,0,0,0,0,0,0,0,0,14.752928391099,0,0,0,0,0,1773.6462302804,0,581.29776674509,430.677430853248,1.73905262351036,1733.2451935038,0,7.55219292640686
0,0,0,0,0,0,0,0,0,0,0,0,0,0,0,0,0,37.0848636627197,0,0,0,4144.72947303951,0,644.171889841557,0,68.690141916275,0,0,0,0,0,0,0,0,0,0,0,399.810942947865,0,0,0,0,0,0,0,0,0,0,0,20.6802384853363,0,0,0,0,0,0,0,0,0,0,0,0,0,0,0,0,812.572923615575,0,194.87769779563,0,88.6795274019241,0,0,0,0,0,0,0,0,0,330.280354142189,0,160.254811704159,17.236781835556,1.07473257184029,0,0
0,0,0,0,0,0,0,0,0,0,0,0,0,0,0,0,188.792808592319,0,0,0,0,42.2003793716431,2983.33228078485,0,206.394813805819,0,4.42985820770264,0,0,0,0,0,0,0,0,0,0,0,268.140544787049,0,0,0,0,0,0,0,0,0,293.477880656719,0,0,0,0,0,0,0,0,0,0,0,0,0,0,0,0,0,0,107.213689357042,0,160.972294002771,0,194.208696305752,0,0,0,0,0,0,0,0,0,42.0907972604036,282.964511692524,232.96154153347,0,0,0
0,199.209320247173,0,0,0,0,0,0,0,22.652517080307,0,0,0,0,0,0,0,0,0,0,0,130.852785602212,0,1509.38516227901,0,25.5644029378891,0,0.850249290466309,0,0,0,0,0,0,0,0,0,1062.75090092421,0,0,0,0,0,0,0,0,0,0,0,4.11539177596569,0,0,0,0,0,214.141569837928,0,0,0,0,0,0.285142153501511,0,0,812.572923615575,0,0,0,35.7859759032726,0,45.8013046979904,0,0,0,0,0,0,0,0,0,214.03096345067,0,201.750158801675,1.36154434084892,1.70752795040607,0,0
6.98149615526199,0,0,0,0,0,0,0,24.6428029537201,0,0,0,0,0,20.825122654438,0,90.9074275493622,0,0,0,0,0,3.75825154781342,0,648.758118972182,0,41.621704518795,0,0,0,0,0,0,0,0,0,0,0,252.495707809925,0,0,0,0,0,0,0,0,0,148.566622018814,0,0,0,0,0,81.4542748332024,0,0,0,0,0,47.2159135937691,0,0,0,0,107.213689357042,0,0,0,145.499819159508,0,0,0,0,0,0,0,0,0,0,0,482.26276960969,136.723292708397,0,14.1269061863422,0,0
0,0,0,0,0,0,0,0,0,0,0,0,0,46.443632915616,0,63.5324409753084,0,0,0,0,0,7.53538572788239,0,203.256382346153,0,879.535782471299,0,404.040345877409,0,0,0,0,0,0,0,0,0,0,0,0,0,0,0,0,0,0,0,0,0,0,0,0,0,0,0,0,0,0,0,0,0,3.33488121628761,0,0,194.87769779563,0,35.7859759032726,0,0,0,301.105889976025,0,0,0,0,0,0,0,0,0,0,0,0,0,0,0,0
0,0,0,0,0,0,0,0,104.336868345737,0,0,0,0,0,6.10558331012726,0,0,0,0,0,0,0,51.0607916116714,0,1347.72156855464,0,636.16237527132,0,20.861113846302,0,0,0,0,0,0,0,0,0,2.68695038557053,0,0,0,0,0,0,0,0,0,11.82279920578,0,0,0,0,0,125.045191645622,0,0,0,154.732291802764,0,28.1776731014252,0,0,0,0,160.972294002771,0,145.499819159508,0,0,0,146.763377442956,0,0,0,0,0,0,0,0,0,1.85051089525223,110.29293859005,0,1.08272072672844,0,0
0,0,0,0.183066755533218,0,0,0,0,0,0,0,0,0,4.08315992355347,0,0,0,0,0,0,0,9.28820967674255,0,0,0,0,0,660.779322952032,0,247.65705139935,0,0,0,0,0,0,0,89.4585507363081,0,0,0,0.845152974128723,0,0,0,0,0,0,0,0,0,0,0,0,0,0,0,38.4545702338219,0,0,0,0,0,0,88.6795274019241,0,45.8013046979904,0,301.105889976025,0,0,0,223.730729013681,0,0,0,0,0,0,0,168.895852416754,0,3.67973190546036,0,0.218350246548653,0,0
0,0,0,0,0,0,0,0,0,0,0,0,0,0,0,0,0,0,0,0,0,0,58.6080514788628,0,0,0,205.980112910271,0,681.785517185926,0,23.354814261198,0,0,0,0,0,0,0,1.91195914149284,0,0,0,0,0,0,0,0,0,89.9319086372852,0,0,0,0,0,0,0,22.096445441246,0,200.385288268328,0,0,0,0,0,0,194.208696305752,0,0,0,146.763377442956,0,0,0,114.718221098185,0,0,0,0,0,0,0,325.435935586691,0,0,0,0,0
0,7.23301638662815,0,31.9934800639749,0,0.721171334385872,0,0,0,3.3427964001894,0,147.372977256775,0,0,0,0,0,2.7242573350668,80.3933049440384,0,0,0,0,0,0,0,0,16.285760641098,0,1417.12659206986,0,0,0,0,0,0.437726557254791,0,1283.41103538871,0,3.10940544307232,0.874040246009827,259.638903684914,3.6445118188858,0,0,13.7315822988749,0,0,0,96.3875154703856,0,3.97727678716183,0,0,0,2.54274298250675,0,871.296776548028,0,0.13092964887619,0,3.5980529487133,413.832104407251,0,0,0,0,0,0,0,223.730729013681,0,0,0,0,0,0,0,18.0694754645228,0,279.004100501537,0,610.710421010852,0,977.836781136692,40.13711117208,0
2.92847889661789,0,10.249205827713,0,0.732550203800201,0,0,0,0,0,0,0,0,0,0,0,5.09495955705643,0,15.2968882918358,0,0,0,0,0,0,0,0,0,0,0,403.755692481995,0,0,0,0,0,0,0,0,0,11.4714993983507,0.138385519385338,53.1486428901553,0,0,0,13.9182325303555,0,3.90343002974987,0,0,0,0,0,0,0,4.3889811784029,0,0,0,0,0,0.160606399178505,14.752928391099,0,0,0,0,0,0,0,114.718221098185,0,0,0,0,0,0,0.11661721020937,4.40943704545498,0,298.132790952921,11.1435259357095,0,386.648599892855,0,34.6050336062908
0,0,0,0,0,0,0,0,0,0,0,0,0,0,0,0,0,0,0,0,0,0,0,0,0,0,0,0,0,0,0,1362.06830438972,139.879140973091,124.402691572905,4.81068399548531,277.575397729874,0,0,0,0,0,0,0,0,0,0,0,1186.54551009834,0,0,0,0,0,0,0,0,0,0,0,0,0,0,0,0,0,0,0,0,0,0,0,0,0,0,0,97.9876322746277,91.137648448348,0.971686601638794,869.735111176968,0.896707713603973,0,0,41.0928596258163,0,0,0,0
0,0,0,0,0,0,0,0,0,0,0,0,0,0,0,0,0,0,0,0,0,0,0,0,0,0,0,0,0,0,0,129.175124317408,1323.69940682501,1.12628042697906,15.7045920044184,1.10752752423286,161.488265417516,0,0,0,0,0,0,0,0,0,0,3811.84010986239,0,46.3582366704941,0,0,0,0,0,0,0,0,0,0,0,0,0,0,0,0,0,0,0,0,0,0,0,0,97.9876322746277,0,0,184.221496343613,0.347604632377625,52.0648952126503,0,0,86.1886775791645,0,0,0,0
0,0,0,0,0,0,0,0,0,0,0,0,0,0,0,0,0,0,0,0,0,0,0,0,0,0,0,0,0,0,0,91.0840890258551,0,3850.01767635345,1982.17880749702,952.809805691242,0,179.30193322897,0,0,0,0,0,0,0,0,0,81.429929420352,0,0,0,0,0,0,0,0,0,0,0,0,0,0,0,0,0,0,0,0,0,0,0,0,0,0,91.137648448348,0,0,30.1245722770691,766.645903021097,0,244.107452392578,0,496.782610222697,0,0,0,0
0,0,0,0,0,0,0,0,0,0,0,0,0,0,0,0,0,0,0,0,0,0,0,0,0,0,0,0,0,0,0,0,158.883952975273,23.1148014068604,1749.37688341737,0,508.918740093708,0,74.1545461714268,0,0,0,0,0,0,0,0,208.503801390529,57.3918518722057,1.92051294445992,0,0,0,0,0,0,0,0,0,0,0,0,0,0,0,0,0,0,0,0,0,0,0,0,0.971686601638794,184.221496343613,30.1245722770691,0,0,785.492853686213,0,367.554483175278,246.391028180718,0,0,0,0
0,325.059956431389,0,33.4622100070119,0,25.0967940911651,0,0.62998753786087,0,0.173094093799591,0,0,0,0,0,0,70.7813112959266,129.316046185791,1673.41425478458,524.68893481791,0,0,0,0,0,0,0,0,0,0,0,15.3998696804047,0,545.215480208397,0,4675.48178817332,19.8409551382065,193.210399903357,0,2206.08241198212,45.2538479417562,1047.98087165505,12.3109291270375,0,0,601.783870562911,9.96851934492588,186.162408679724,0,159.967977270484,0,16.5344409272075,0,4.69395217299461,0,1.11392021179199,0,93.0043826773763,0,0.283379316329956,0,1.82247104495764,1075.67831645906,0,0,0,0,0,0,0,0,0,18.0694754645228,0.11661721020937,869.735111176968,0.347604632377625,766.645903021097,0,0,37.7853184193373,1197.96421466023,8.16279849410057,938.069041594863,90.7886751294136,1807.75940597802,158.249583691359,0.219361484050751
19.3556327223778,0,20.8255094438791,0,125.028415352106,0,0,0,0,0,0,0,0,0,0,0,156.201723508537,39.2204729169607,495.912581078708,0,208.784908011556,0,0,0,0,0,0,0,0,0,0,20.5691626816988,456.263490028679,0,26.7482128292322,52.7225589156151,7129.62252882868,0,861.490944951773,0,781.572102956474,5.01883275806904,412.534615114331,0,0,10.5720116198063,2525.26967788488,674.871731609106,10.185685493052,0,0,0,0,0,0,0,13.5887715518475,0,0,0,0,0,4.17630809545517,1773.6462302804,0,0,0,0,0,0,0,0,0,4.40943704545498,0.896707713603973,52.0648952126503,0,785.492853686213,37.7853184193373,0,3.01314821839333,1628.47954388708,805.978587470949,31.1046653836966,1091.0550090149,0.399537347257137,7.65453091263771
0.17541928589344,79.5032168701291,0,6.55261473357677,0,1.89970454573631,0,0,0,1.09454946219921,0,0,0,0,0,0,24.311748445034,55.3484294340014,873.2647119537,45.3248493671417,0,782.747643083334,0,11.4128083139658,0,0,0,0,0,1.43728268146515,0,0,0,148.93747651577,0,1639.23797443509,0,6183.87330043316,19.5557093024254,69.3979849070311,15.9265024214983,420.631043195724,5.92205666750669,0,0,203.526333495975,2.93877160549164,90.4450399726629,5.94994120299816,702.509221188724,0,1.08965694904327,0,0,0,7.58447183668613,0,40.2788564413786,0,0.115394860506058,0,0.778565466403961,1188.90120212734,0,330.280354142189,0,214.03096345067,0,0,0,168.895852416754,0,279.004100501537,0,0,0,244.107452392578,0,1197.96421466023,3.01314821839333,0,4.93088746070862,916.608645014465,301.342523872852,1230.57859607786,134.176254317164,0
16.5614227503538,0,28.1587552577257,0,11.2106475830078,0,0,0,192.016969770193,0,18.1063741743565,0,0,0,0,0,85.8818492218852,19.8215035349131,395.613468050957,0,0,0,173.940508812666,0,264.54557800293,0,0,0,0,0,29.1601400971413,0,0,0,78.0567594468594,0.55972158908844,511.150856480002,1.33493208885193,5279.17764572799,0,362.336968578398,5.90802811086178,259.398705154657,0,0,3.42206266522408,672.115321606398,0,681.12928301096,0,0,0,0,0,337.449396580458,0,5.01036044955254,0,0,0,0,0,2.78303654491901,581.29776674509,0,42.0907972604036,0,482.26276960969,0,1.85051089525223,0,325.435935586691,0,298.132790952921,0,0,0,367.554483175278,8.16279849410057,1628.47954388708,4.93088746070862,0,449.394781723619,4.73692992329597,1253.60716503859,0.59627939760685,22.4467871785164
