0,0,35.3056153953075,0,0,0,0,0,235.120433866978,0,0,0,0,0,0,0,8.55065430700779,0.805976241827011,126.240759894252,0,0,0,0,0,0,0,0,0,0,0,0,0,0,0,0,0,0.0796018838882446,0,0,0,11.9954293966293,0.710650980472565,50.2131837010384,0,0,0,11.6675238013268,0,112.849915578961,0,0,0,0,0,429.404483869672,0,1.38827753067017,0,1.10736362636089,0,14.5493929982185,0,0,0,0,0,0,0,0,0,0,0,0.116152137517929,0.308816611766815,0,0,0,0,2.97504758834839,15.2608778178692,0,0.774023294448853,150.032518595457,0,367.804694131017,0,15.0853740274906
0,0,0,4.94118416309357,0,0,0,0,0,100.997173786163,0,0,0,0,0,0,1.42949214577675,1.25997149944305,69.8223819881678,0,0,0,0,0,0,0,0,0,0,0,0,0,0,0,0,1.45361335575581,0,0,0,0.427776694297791,0,76.628004193306,0,0,0,0,0,0,0,137.634323656559,0,0,0,0,0,250.366632312536,0,1.53829875588417,0,0,0,81.9685997962952,0,0.17513220012188,0,0,0,0,0,0,0,0,0.812868535518646,0,0,0,0,0,21.8817439824343,0.126812726259232,0.184401273727417,0,69.709640905261,0,172.406925708055,0,0
35.3056153953075,0,0,0,64.8090177774429,0.229118198156357,0,0,90.9395053982735,0,0,0,0,0,0,0,0,0,0,0,0,0,0,0,0,0,0,0,0,0,0,0,0,0,0,0,1.21850664913654,0,0,0,8.76884857565165,0,65.3606094568968,0,0,0,0.342172145843506,0,82.3598400205374,0.259373337030411,16.4804331809282,0.333339512348175,0,0,117.162036061287,0,20.3682576864958,0,0,0,0,0,0,1.42461785674095,0,0,0,0,0,0,0,0.337997317314148,0,16.4152516275644,0,0,0,0,0,11.7233884632587,0,5.24520951509476,131.133973605931,2.10765691101551,513.488671936095,0,22.2136405408382
0,4.94118416309357,0,0,0,10.6741893291473,0,0,0,0.449324369430542,0,0,0,0,0,0,0,0.284114614129066,11.6371883451939,0,0,0,0,0,0,0,0,0,0,0,0,0,0,0,0,3.75630135834217,0,0,0,7.31725457310677,2.13521862030029,102.296752855182,0.246613040566444,0,0,2.93137669563293,0,0,0.105468213558197,53.3091612607241,0,73.0547387003899,0,0,0,68.7697852253914,0,36.0030955970287,0,24.0806868970394,0,51.449533611536,3.32076235115528,0,0,0,0,0,0,0,4.64172920584679,0,10.3404430150986,0,0,0,0,0,7.85659518837929,0,10.1247578710318,0,58.5765798911452,0,189.258549280465,1.90979048609734,0
0,0,64.8090177774429,0,0,0,25.1609556674957,0,0,0,0,0,0,0,0,0,0,0,0,0,35.8697061240673,0,0,0,0,0,0,0,0,0,0,0,0,0,0,0,15.9590175300837,0,1.90065690875053,0,3.38943958282471,0,1.21454256772995,0,0,0,0.244768902659416,0,4.08670128881931,0,595.345241755247,0,0,0,0,0,36.2299048751593,0.310172319412231,4.2371432185173,0,1.13302302360535,0,0,0.919966295361519,0,0,0,0,0,0,0,0,0,3.40690441429615,0,0,0,0,0,0.766962572932243,0.314160495996475,3.273562759161,365.908078536391,220.396815851331,198.260729908943,0,0.257494449615479
0,0,0.229118198156357,10.6741893291473,0,0,0,16.7963249087334,0,2.10266816616058,0,0,0,136.406118571758,0,87.6852290928364,0,0,0,0,0,0,0,0,0,0,0,0,0,0,0,0,0,0,0,2.11046656966209,0,0,0,0.813482165336609,0,0,0,0,0,0,0,0,0,0,0,777.660170510411,0,10.7676968574524,0,25.5505969524384,0,1.8450813293457,0,21.9791787862778,0,1.14625358581543,0,0,0,0,0,0,0,0,0,0,0,0,0,0,0,0,0,0,0,0,536.052771523595,225.987866640091,86.7169245332479,0,0
0,0,0,0,25.1609556674957,0,0,0,0,0,15.110745459795,0,0,0,0,0,0,0,0,0,0,0,0,0,0,0,0,0,0,0,0,0,0,0,0,0,0,0,0,0,0,0,0,0,0,0,0,0,0,0,0,0,107.069379299879,0,0,0,66.5467323958874,0,0,0,0,0,0,0,0,0,0,0,0,0,0,0,0,0,0,0,0,0,0,0,0,0,8.01916742324829,0,0,0,0
0,0,0,0,0,16.7963249087334,0,0,0,0,0,0.629596590995789,0,1,0,0,0,0,0,0,0,0,0,0,0,0,0,0,0,0,0,0,0,0,0,2.69622468948364,0,0,0,0,0,0,0,0,0,0,0,0,0,0,0,126.482725486159,0,316.94579654932,0,0,0,17.2699395418167,0,106.722114980221,0,0,0,0,0,0,0,0,0,0,0,0,0,0,0,0,0,0,0,0,0,0,59.1151069998741,8.91593188047409,0,0,0
235.120433866978,0,90.9395053982735,0,0,0,0,0,0,0,0,0,0,0,6.19072425365448,0,159.214677259326,40.7748152911663,9.75515784323215,0,0,0,4.60461255908012,0,24.7536419332027,0,6.34740903228521,0,0,0,0,0,0,0,0,0,0,0,108.301164999604,0,0,0,94.9163003861904,0,0,0,0,0.392712086439133,57.3469212055206,0,0,0,0,0,999.490171924233,0,0,0,0,0,6.29849997162819,0,0,0,0,0,0,2.50753512978554,0,3.95170459151268,0,0,0,0,0,0,0,0,0,0,0,28.5439959317446,640.671839930117,79.5319449305534,67.2403979897499,0,15.1964294314384
0,100.997173786163,0,0.449324369430542,0,2.10266816616058,0,0,0,0,0,0,0,0,0,149.508116960526,0,28.1742562651634,0,0,0,0,0,96.5463179349899,0,0.746877372264862,0,0,0,0,0,0,0,0.841032654047012,0,0,0,68.0456200689077,0,0,0,13.7056650221348,0,0,0,0,0,0.566992476582527,0,3.30360847711563,0,23.9941277205944,0,0,0,1042.86630180478,0,2.36722758412361,0,0,0,162.972196251154,0,0,0,0,72.1258716285229,0,2.26732194423676,0,0,0,0,0,0,0,9.02370867133141,0,0,0,49.2655275538564,0,1222.43953225762,359.541545927525,70.3834256529808,0,0
0,0,0,0,0,0,15.110745459795,0,0,0,0,0,0,0,0,0,0,0,0,0,89.4232074320316,0,0,0,0,0,0,0,0,0,0,0,0,0,0,0,419.80553856492,0,507.74400678277,0,0,0,0,0,0,0,0,0,0,0,0,0,33.8691464364529,0,0,0,1033.74297733605,0,1,0,0,0,0,11.7329875528812,0,0,0,0,0,0,0,0,0,3.30242303013802,0,0,0,0,0,167.624992907047,0,6.39059376716614,234.669241786003,0,8.05475479364395,0,0
0,0,0,0,0,0,0,0.629596590995789,0,0,0,0,0,3.90987753868103,0,0,0,0,0,103.393580317497,0,0,0,0,0,0,0,0,0,37.2621794342995,0,0,0,0,0,72.5254690051079,0,207.446934759617,0,0,0,0,0,0,0,0,0,0,0,0,0,0,0,10.2723352909088,0,0,0,933.470060065389,0,112.582112789154,0,0,5.45903800427914,0,0,0,0,0,0,0,75.7622023820877,0,7.65619398653507,0,0,0,0,0,12.9749252796173,0,30.22598528862,0,92.8412507176399,5.31211996078491,0,0,0
0,0,0,0,0,0,0,0,0,0,0,0,0,0,3.97213125228882,0,0,0,0,0,0,0,0,0,0,0,0,0,38.718759059906,0,0,0,0,0,0,0,0,0,0,0,0,0,0,0,0,0,0,0,0,0,0,0,0,0,0,0,0,0,155.911571681499,0,3.61698508262634,0,0,0,0,0,0,0,0,0,0,0,0,0,0,0,0,0,0,0,0,0,20.8860313892365,111.477157950401,0,0,0
0,0,0,0,0,136.406118571758,0,1,0,0,0,3.90987753868103,0,0,0,57.4346614480019,0,0,0,0,0,0,0,0,0,0,0,0,0,0,0,0,0,0,0,0,0,0,0,0,0,0,0,0,0,0,0,0,0,0,0,29.5187130570412,0,0,0,0,0,22.3086786270142,0,586.686248213053,0,114.137228816748,0,0,0,0,0,0,1,0,0,0,0,0,0,0,0,0,0,0,0,0,300.372617065907,211.841749489307,0,0,0
0,0,0,0,0,0,0,0,6.19072425365448,0,0,0,3.97213125228882,0,0,0,229.016898140311,29.9810269400477,10.6242625564337,0,0,0,1.43182326853275,0,2.92869257926941,0,6.84280371665955,0,0,0,0,0,0,0,0,0,0,0,0,0,0,0,0,0,0,0,0,0,0,0,4.22176837921143,0,0,0,15.9279145151377,0,0,0,0,0,64.5339535474777,0,0,0,0,0,0,0,0,3.71968993544579,0,0,0,0,0,0,0,0,0,0,0,0,60.5207729488611,7.55853676795959,0,0,0
0,0,0,0,0,87.6852290928364,0,0,0,149.508116960526,0,0,0,57.4346614480019,0,0,13.8040573447943,73.411514133215,5.65842032432556,0,0,2.47554004192352,0,6.59493452310562,0,3.78781569004059,0,0,0,0,0,0,0,0,0,0,0,0,0,0,0,0,0,0,0,0,0,0,0,0,0,23.4303934574127,0,0,0,199.378316342831,0,0,0,2.10448503494263,0,87.1583244502544,0,0,0,0,0,0,22.7365599870682,0,0,0,0,0,0,0,0,0,0,0,0,0,459.698392525315,72.5070021748543,0,0,0
8.55065430700779,1.42949214577675,0,0,0,0,0,0,159.214677259326,0,0,0,0,0,229.016898140311,13.8040573447943,0,11617.70997563,2971.92414532602,0,0,79.9484590739012,425.745167434216,13.0656270384789,89.3800377249718,38.4009094759822,1396.18808770925,0,13.7099751234055,0,0,0,0,0,0,0.313700884580612,0.160112351179123,0,0,2.87279711663723,9.4620107114315,17.3697682917118,21.1584472209215,0,0.198614925146103,0,22.7292310148478,0,0,0.199067056179047,0,0,0,0,0,0,0,1.60008525848389,0,0,39.5975308343768,0.401757776737213,9.23192912340164,2.62140749394894,18.7495838701725,171.621754541993,0,0,6.45383238792419,213.942135974765,0,0,3.5976585149765,0,0,0,0,0,18.4134161025286,55.0093587338924,0,0,6700.68500528485,155.222902059555,81.8947928696871,0,13.241300791502
0.805976241827011,1.25997149944305,0,0.284114614129066,0,0,0,0,40.7748152911663,28.1742562651634,0,0,0,0,29.9810269400477,73.411514133215,11617.70997563,0,2528.48648272455,0,0,550.081876434386,70.4541011750698,75.3007079809904,17.9395560622215,644.554719820619,100.615305259824,8.05006849765778,0,0,0,0,0,0,0,1.51371212303638,0.0853885337710381,0,0,17.9878839105368,15.9338856637478,36.8051075339317,11.7248200625181,0,0,0,21.2806887626648,0,0,1.53619153797626,0,0,0,0,0,0.314042925834656,0,0.121163047850132,0,0.0992746651172638,1.75367300212383,30.6425966322422,3.54456433653831,0,127.494762778282,8.4697917252779,0.312580823898315,0,110.974121108651,17.7556350827217,0,0,0,0,0,0,0,0,35.0194242224097,31.4464540630579,0.303574427962303,0,8330.09788668156,1505.43607545644,58.3733114898205,0.284820966422558,6.99115280807018
126.240759894252,69.8223819881678,0,11.6371883451939,0,0,0,0,9.75515784323215,0,0,0,0,0,10.6242625564337,5.65842032432556,2971.92414532602,2528.48648272455,0,0,0,10.5453926622868,6.0660761743784,2.79196760058403,0.328163057565689,3.69255787134171,34.615807980299,0,0,0,0,0,0,0,0,22.7565560340881,10.1194785237312,0,0,371.593349501491,334.698388278484,740.107529610395,410.045820400119,0,45.193475112319,0,386.823330506682,0,0.644829019904137,15.4042741656303,0,9.14942334592342,0,0,0,0,2.4133109152317,17.0037814676762,0,0,1.81793215870857,3.64419150352478,168.323692634702,34.4764401316643,1.61811237037182,1.28324556350708,0,0,2.11879014968872,0,3.59618544578552,0,14.6975593045354,9.50437462329865,0,0.887516915798187,0,0,992.046474695206,994.193418994546,67.468802690506,14.046844124794,4339.49038384855,0.950248464941978,2319.29181972891,27.7558330148458,171.648716151714
0,0,0,0,0,0,0,0,0,0,0,103.393580317497,0,0,0,0,0,0,0,0,0,0,0,0,0,0,0,0,0,0,0,0,0,0,0,514.664499431849,0,152.22698366642,0,0,0,0,0.211475983262062,0,0,0,0,0,2.02945852279663,0,0,4.48897114396095,0,7.61493280529976,0,0,0,53.4087027162313,0,0,0,0.54069995880127,1144.98910981417,0,0,0,0,0,0,0,0,0,0.699569523334503,0,0,0,0,0,240.649828776717,0,13.828162714839,0,140.175308004022,0.407084032893181,85.6809889376163,0,0
0,0,0,0,35.8697061240673,0,0,0,0,0,89.4232074320316,0,0,0,0,0,0,0,0,0,0,0,0,0,0,0,0,0,0,0,0,0,0,0,0,0,273.71962530911,0,121.243197262287,0,0,0,0,0,0,0,0.537426888942719,0,0.197617188096046,0,88.7808532714844,0,0,0,0,0,2.80160149931908,0,0,0,0,0,0,561.649730756879,0,0,0,0,0,0,0,0,0,0.806146293878555,0,0,0,0,0,221.820766896009,0,4.89832210540771,108.576284244657,0.226303160190582,85.2791241705418,0,0
0,0,0,0,0,0,0,0,0,0,0,0,0,0,0,2.47554004192352,79.9484590739012,550.081876434386,10.5453926622868,0,0,0,1826.41213798523,365.498893931508,0,136.456279069185,0.971584588289261,116.468513846397,0,0,0,0,0,0,0,0,0,1557.22782365978,124.944991976023,0,0,0,0,0,0,0,0,1.81179192662239,0,28.5916733443737,0,0,0,0,0,0,0,0,0,0,0,0,0,0,11979.5840071291,351.538780122995,195.664914384484,0,101.345582515001,0,43.6827082633972,0,0,0,0,0,0,0,0,0,702.789828151464,39.5274398326874,3969.026757285,527.983746230602,0.39920499920845,0,0
0,0,0,0,0,0,0,0,4.60461255908012,0,0,0,0,0,1.43182326853275,0,425.745167434216,70.4541011750698,6.0660761743784,0,0,1826.41213798523,0,0,487.000241219997,0,182.028583437204,0,596.475500583649,0,0,0,0,0,0,0,0,2.06647145748138,1764.23198674619,0,0,0,0,0,0,0,0,2.94986832141876,87.7174195200205,0,0,0,0,0,1.19178947806358,0,0,0,0,0,2.40981562435627,0,0,0,229.468185901642,14686.3079236001,0,560.302911221981,0.174488112330437,200.629657864571,0,445.046858951449,0,0,0,0,0,0,0,0,2.1471773982048,1183.92697624862,5787.74818449467,791.635679334402,4.5426522642374,0,0
0,0,0,0,0,0,0,0,0,96.5463179349899,0,0,0,0,0,6.59493452310562,13.0656270384789,75.3007079809904,2.79196760058403,0,0,365.498893931508,0,0,0,333.427047535777,1.20345330238342,0,0,0,0,0,0,0.563594475388527,0,0,0,771.699262574315,0,0,0,15.5385666936636,0,0,0,0,0,2.2594259083271,0,1.86212259531021,0,0,0,0,0,61.2184377163649,0,0,0,0,0,3.08101305365562,0,0,108.767673045397,0,642.164134159684,0,173.54469871521,0,0,0,0,0,0,0,3.13016639649868,0,0,0,64.3205265551805,0,294.980581134558,7.69385746121407,27.181417927146,0,0
0,0,0,0,0,0,0,0,24.7536419332027,0,0,0,0,0,2.92869257926941,0,89.3800377249718,17.9395560622215,0.328163057565689,0,0,0,487.000241219997,0,0,0,332.206804320216,0,0,0,0,0,0,0,0,0,0,0,577.434323310852,0,0,0,6.01477205753326,0,0,0,0,0.838129073381424,22.1406649053097,0,0,0,0,0,61.4055695235729,0,0,0,0,0,1.87573796510696,0,0,0,0,65.4106473475695,0,607.525836482644,0,176.025951728225,0,0,0,0,0,0,0,0,0,0,0,280.825578689575,853.862594097853,0,31.8665138185024,0,0
0,0,0,0,0,0,0,0,0,0.746877372264862,0,0,0,0,0,3.78781569004059,38.4009094759822,644.554719820619,3.69255787134171,0,0,136.456279069185,0,333.427047535777,0,0,0.290976464748383,59.5267060995102,0,0,0,0,0,0,0,0,0,0,0,0,0,0,0,0,0,0,0,0,0,0,0,0,0,0,0,2.74960792064667,0,0,0,0,0,0,0,0,216.320263892412,0,122.269391566515,0,290.880838960409,0,33.1816842556,0,0,0,0,0,0,0,2.74317312240601,0,0,0,294.283939473331,53.0655966848135,0,0,0
0,0,0,0,0,0,0,0,6.34740903228521,0,0,0,0,0,6.84280371665955,0,1396.18808770925,100.615305259824,34.615807980299,0,0,0.971584588289261,182.028583437204,1.20345330238342,332.206804320216,0.290976464748383,0,0,183.245795428753,0,0,0,0,0,0,0,0,0,0,0,0,0,0,0,0,0,0,0,0,0,0,0,0,0,0,0,0,0,0,0,3.09528517723083,0,0,0,0,51.3299330472946,0,52.2794932574034,0,213.34740754962,0,24.8950590491295,0,0,0,0,0,0,0,0,0,0,458.390555679798,0.105714745819569,0.591017261147499,0,0
0,0,0,0,0,0,0,0,0,0,0,0,0,0,0,0,0,8.05006849765778,0,0,0,116.468513846397,0,0,0,59.5267060995102,0,0,0,150.270526111126,0,0,0,0,0,0,0,26.9466600418091,0,0,0,0,0,0,0,0,0,0,0,0,0,0,0,0,0,0,0,0,0,55.589103102684,0,0,0,0,144.210133045912,0,0,0,49.8445875048637,0,585.324571982026,0,0,0,0,0,0,0,0,0,41.8927451372147,0,17.6646794080734,224.811843454838,0,0,0
0,0,0,0,0,0,0,0,0,0,0,0,38.718759059906,0,0,0,13.7099751234055,0,0,0,0,0,596.475500583649,0,0,0,183.245795428753,0,0,0,280.140373826027,0,0,0,0,0,0,0,87.727037742734,0,0,0,0,0,0,0,0,0,0,0,0,0,0,0,0,0,0,0,0,0,0,0,0,0,0,138.147932574153,0,0,0,144.953346341848,0,1718.31793372333,0,187.012345850468,0,0,0,0,0,0,0,15.023132622242,185.428654789925,58.3459153473377,0,0,0
0,0,0,0,0,0,0,0,0,0,0,37.2621794342995,0,0,0,0,0,0,0,0,0,0,0,0,0,0,0,150.270526111126,0,0,0,0,0,0,0,0,0,73.6429748535156,0,0,0,0,0,0,0,0,0,0,0,0,0,0,0,0,0,0,0,1.3443312048912,0,0,0,0,0,0,0,0,0,0,0,0,245.085889846087,0,315.463165059686,0,0,0,0,0,0,0,0.330281168222427,0,0,0,0,0,0
0,0,0,0,0,0,0,0,0,0,0,0,0,0,0,0,0,0,0,0,0,0,0,0,0,0,0,0,280.140373826027,0,0,0,0,0,0,0,0,0,23.781791806221,0,0,0,0,0,0,0,0,0,0,0,0,0,0,0,0,0,0.911835253238678,0,0,0,0,0,0,0,0,0,0,0,0,0,0,2.87478947639465,0,239.140691906214,0,0,0,0,0,0,0,0,1.36509943008423,0,0,0,0
0,0,0,0,0,0,0,0,0,0,0,0,0,0,0,0,0,0,0,0,0,0,0,0,0,0,0,0,0,0,0,0,394.230171620846,40.0516495704651,4.80279570817947,255.976317331195,14.4044764041901,0,0,0,0,0,0,0,0,0,0,684.765582069755,1.55043113231659,0,0,0,0,0,0,0,0,0,0,0,0,0,0,0,0,0,0,0,0,0,0,0,0,0,693.493833988905,328.271690040827,98.4126745760441,0,233.571756921709,5.81064176559448,0,0,133.940331041813,0,1.31984162330627,0,0
0,0,0,0,0,0,0,0,0,0,0,0,0,0,0,0,0,0,0,0,0,0,0,0,0,0,0,0,0,0,0,394.230171620846,0,0,1.85398223996162,4.93631118535995,229.655539155006,0,0,0,0,0,0,0,0,0,0,867.519506394863,0,0,0,0,0,0,0,0,0,0,0,0,0,0,0,0,0,0,0,0,0,0,0,0,0,0,270.468037635088,862.642669074237,8.73042595386505,58.2040762454271,0,92.2576006352901,0,0,352.169657021761,0,4.03347179293633,0,0
0,0,0,0,0,0,0,0,0,0.841032654047012,0,0,0,0,0,0,0,0,0,0,0,0,0,0.563594475388527,0,0,0,0,0,0,0,40.0516495704651,0,0,1337.98283264041,103.294354110956,0.470923036336899,234.492254719138,0,0,0,0,0,0,0,0,0,681.71245598793,0,32.6049138456583,0,0,0,0,0,1.29063104093075,0,0,0,0,0,0,0,0,0,0,0,0,0,0,0.148591801524162,0,2.59863872826099,0,9.28762124478817,0,2005.91659554839,131.972813531756,73.9306796789169,3.15271262824535,397.920951992273,0.328773319721222,91.5099679529667,2.60489854216576,0,0,0
0,0,0,0,0,0,0,0,0,0,0,0,0,0,0,0,0,0,0,0,0,0,0,0,0,0,0,0,0,0,0,4.80279570817947,1.85398223996162,1337.98283264041,0,0,411.891749382019,102.36261099577,235.923017442226,0,0,0,0,0,0,0,0,1096.31321713328,5.59519466757774,0,0,0,0,0,0,0,0,0,0,0,0,0,0,0,0,0,0,0,0,0,0,0,0,0,0,2.31335042417049,244.139089584351,2507.03907741606,0,94.0023236945271,10.1236120462418,217.115953505039,239.67621742934,0,0,0,0
0,1.45361335575581,0,3.75630135834217,0,2.11046656966209,0,2.69622468948364,0,0,0,72.5254690051079,0,0,0,0,0.313700884580612,1.51371212303638,22.7565560340881,514.664499431849,0,0,0,0,0,0,0,0,0,0,0,255.976317331195,4.93631118535995,103.294354110956,0,0,514.927144169807,1489.82192236185,14.9473780691624,5.64228501915932,4.07141041755676,32.5749439150095,0,0,0,23.3523709252477,0,195.273870833218,0,6.94999274611473,0,0.909074872732162,0,0,0,0,0,7.25820800662041,0,0,0,0,758.363851465285,0,0,0,0,0,0,0,0,0,4.19326019287109,0,204.07394695282,8.27785414457321,559.668577075005,0,11625.4405187964,337.548873566091,253.440279185772,0,1097.46479956806,18.4055829644203,168.058171771467,0.694193676114082,0
0.0796018838882446,0,1.21850664913654,0,15.9590175300837,0,0,0,0,0,419.80553856492,0,0,0,0,0,0.160112351179123,0.0853885337710381,10.1194785237312,0,273.71962530911,0,0,0,0,0,0,0,0,0,0,14.4044764041901,229.655539155006,0.470923036336899,411.891749382019,514.927144169807,0,0,1370.10929167271,0,6.25902301073074,0.1064523011446,2.26276354491711,0,0,0,4.61010807752609,308.972419895232,3.00272418558598,0,0,0,0,0,0,0,15.4456709399819,0,0,0,0,0,0,321.493536569178,0,0,0,0,0,0,0,0,0,1.72686553001404,6.19813668727875,103.570164337754,0.1538255661726,289.765344165266,149.017762094736,12781.1476861909,0,230.138537123799,1968.30791541934,62.7505529969931,40.124929971993,0,0
0,0,0,0,0,0,0,0,0,68.0456200689077,0,207.446934759617,0,0,0,0,0,0,0,152.22698366642,0,1557.22782365978,2.06647145748138,771.699262574315,0,0,0,26.9466600418091,0,73.6429748535156,0,0,0,234.492254719138,102.36261099577,1489.82192236185,0,0,243.937615990639,0,0,27.7328590601683,0,0,0,0,0,886.603704884648,0,298.964951947331,0,0,0,0,0,69.8917480409145,0,59.5718088746071,0,0,0,0,112.385934859514,0,435.701508507133,0,175.908221617341,0,0,0,13.9776006340981,0,0.237085908651352,0,0,0,62.0794597268105,25.0779982805252,839.890252649784,0,8951.15946254134,116.469890594482,1949.23527641594,22.7151765227318,204.161287024617,0,0
0,0,0,0,1.90065690875053,0,0,0,108.301164999604,0,507.74400678277,0,0,0,0,0,0,0,0,0,121.243197262287,124.944991976023,1764.23198674619,0,577.434323310852,0,0,0,87.727037742734,0,23.781791806221,0,0,0,235.923017442226,14.9473780691624,1370.10929167271,243.937615990639,0,0,0,0,136.540974900126,0,0,0,0.830037474632263,600.22936797142,338.689553648233,0.832802474498749,0,0,0,0,42.5437016785145,0,155.352172762156,0,0,0,0,0,0,23.4916984885931,13.3436599075794,368.835601016879,0.976607441902161,134.013523846865,0,0,0,87.8905169814825,0,10.7786023318768,0,0,0,411.348802804947,0,920.172667019069,51.3829014599323,8964.3882696256,2292.23750920594,56.6539207100868,189.406427353621,0,0
0,0.427776694297791,0,7.31725457310677,0,0.813482165336609,0,0,0,0,0,0,0,0,0,0,2.87279711663723,17.9878839105368,371.593349501491,0,0,0,0,0,0,0,0,0,0,0,0,0,0,0,0,5.64228501915932,0,0,0,0,70.0372773110867,770.256525561213,13.6611185967922,0,0,4.70618104934692,3.89089202880859,509.797592967749,56.0089765489101,501.097543053329,0,4.52194498479366,0,0,0,4.50837053358555,0,4.19001984596252,0,0.60386261343956,0,1.22173984348774,42.5937670171261,0,0,0,0,0,0,0,0.193505063652992,0,7.41925878822803,0,0.396457552909851,5.5194149017334,0,0,639.319711148739,6.27963750064373,2.59796068072319,0,76.6646949052811,0.971015989780426,642.77276866883,82.7006630301476,3.26518374681473
11.9954293966293,0,8.76884857565165,2.13521862030029,3.38943958282471,0,0,0,0,0,0,0,0,0,0,0,9.4620107114315,15.9338856637478,334.698388278484,0,0,0,0,0,0,0,0,0,0,0,0,0,0,0,0,4.07141041755676,6.25902301073074,0,0,70.0372773110867,0,0.890276461839676,222.552592389286,0,6.51549470424652,0,122.266032457352,410.239383965731,467.674702703953,190.682114616036,1.52177381515503,0,0,0,0,0,0.864790707826614,0,0,0,0,0,2.01677674055099,24.4980679526925,0,0,0,0,0,0,0,0,0,5.52678494155407,4.07188147306442,8.58688622713089,0,0,7.38249713182449,223.260559551418,0,4.29853308200836,73.0714321434498,0,694.85288438201,0,157.122982546687
0.710650980472565,76.628004193306,0,102.296752855182,0,0,0,0,0,13.7056650221348,0,0,0,0,0,0,17.3697682917118,36.8051075339317,740.107529610395,0,0,0,0,15.5385666936636,0,0,0,0,0,0,0,0,0,0,0,32.5749439150095,0.1064523011446,27.7328590601683,0,770.256525561213,0.890276461839676,0,81.4958352893591,0,0.606021702289581,1.2408839315176,5.77772489190102,202.660192996264,5.12512615323067,692.385285951197,0,23.1033085286617,0,0,0,17.1677751392126,0,449.143036440015,0,11.0894986838102,0,17.8628365769982,477.032834485173,0.57023149728775,0,0,21.9362353235483,0,0,0,118.323192045093,0,203.01164355129,0,0,0,0,0,1292.79568054527,25.9470970332623,86.0257320255041,0.836108565330505,1419.59684015065,35.9077939689159,3374.0234246254,773.422199450433,6.88097929954529
50.2131837010384,0,65.3606094568968,0.246613040566444,1.21454256772995,0,0,0,94.9163003861904,0,0,0,0,0,0,0,21.1584472209215,11.7248200625181,410.045820400119,0.211475983262062,0,0,0,0,6.01477205753326,0,0,0,0,0,0,0,0,0,0,0,2.26276354491711,0,136.540974900126,13.6611185967922,222.552592389286,81.4958352893591,0,0,34.7923606485128,0,152.505679085851,169.857434853911,403.986167177558,2.533332914114,0,0,0,0,5.91187161207199,0,304.839655712247,0,15.0072886347771,0.23040471971035,42.3827697634697,0,3.74287965893745,72.4152058139443,0,3.47782562673092,0,0.919144153594971,0,0,0,3.95664212107658,0,38.1882508546114,0,0.875301644206047,0,0,13.8486344963312,919.74509390071,1.62551355361938,47.1965885460377,1764.48218040168,8.36394669115543,5045.54853561521,0.411726981401443,2025.92879043519
0,0,0,0,0,0,0,0,0,0,0,0,0,0,0,0,0,0,0,0,0,0,0,0,0,0,0,0,0,0,0,0,0,0,0,0,0,0,0,0,0,0,0,0,0,0,0,0,0,0,0,0,0,0,0,0,0,0,0,0,0,0,0,0,0,0,0,0,0,0,0,0,0,0,0,0,0,0,0,0,0,0,0,0,0,0,0
0,0,0,0,0,0,0,0,0,0,0,0,0,0,0,0,0.198614925146103,0,45.193475112319,0,0,0,0,0,0,0,0,0,0,0,0,0,0,0,0,0,0,0,0,0,6.51549470424652,0.606021702289581,34.7923606485128,0,0,0,6.32120463252068,0,0,0,0,0,0,0,0,0,0,0,0,0,0,0,1.00090491771698,0,0,0,0,0,0,0,0,0,0,0,0,0,0,0,7.20226061344147,49.3329398781061,0,0,20.9434794783592,0,30.8721635490656,0,17.4028021097183
0,0,0,2.93137669563293,0,0,0,0,0,0,0,0,0,0,0,0,0,0,0,0,0,0,0,0,0,0,0,0,0,0,0,0,0,0,0,23.3523709252477,0,0,0,4.70618104934692,0,1.2408839315176,0,0,0,0,0,0,0,0.867162704467773,0,0,0,0,0,0,0,11.932341620326,0,0,0,0,796.047652184963,0,0,0,0,0,0,0,0.663649380207062,0,4.65056778490543,0,0,0,0,0,427.277893222868,0,114.588739186525,0,1.2480707988143,0,360.510510370135,0,0
11.6675238013268,0,0.342172145843506,0,0.244768902659416,0,0,0,0,0,0,0,0,0,0,0,22.7292310148478,21.2806887626648,386.823330506682,0,0.537426888942719,0,0,0,0,0,0,0,0,0,0,0,0,0,0,0,4.61010807752609,0,0.830037474632263,3.89089202880859,122.266032457352,5.77772489190102,152.505679085851,0,6.32120463252068,0,0,0,3.37103489041328,0,0,0,0,0,0,0,0,3.59542863070965,0,0,0,0,1.19626197218895,513.736881650984,0,0,0,0,0,0,0,0,0,6.03776377439499,0,0.155157849192619,0,0,28.8461788594723,715.369456171989,0,9.1582715511322,79.5331642776728,0,395.324517086148,0,41.3593497574329
0,0,0,0,0,0,0,0,0.392712086439133,0.566992476582527,0,0,0,0,0,0,0,0,0,0,0,1.81179192662239,2.94986832141876,2.2594259083271,0.838129073381424,0,0,0,0,0,0,684.765582069755,867.519506394863,681.71245598793,1096.31321713328,195.273870833218,308.972419895232,886.603704884648,600.22936797142,509.797592967749,410.239383965731,202.660192996264,169.857434853911,0,0,0,0,0,1374.07403308153,1419.74933452904,0,0,0,0,2.26173062622547,1.9559845328331,0,0,0,0,0,0,0,0,0,24.6244681179523,19.7835825234652,3.47503784298897,0,0,3.96952609717846,7.3766003549099,16.8457698374987,2.4112856388092,1004.85277928412,1978.92108684778,590.603058159351,384.999782785773,1525.20950864255,1278.07254852355,812.590365886688,514.166884124279,3645.65421546996,1.12264466285706,1063.42986918986,0,0
112.849915578961,0,82.3598400205374,0.105468213558197,4.08670128881931,0,0,0,57.3469212055206,0,0,0,0,0,0,0,0,0,0.644829019904137,2.02945852279663,0.197617188096046,0,87.7174195200205,0,22.1406649053097,0,0,0,0,0,0,1.55043113231659,0,0,5.59519466757774,0,3.00272418558598,0,338.689553648233,56.0089765489101,467.674702703953,5.12512615323067,403.986167177558,0,0,0,3.37103489041328,1374.07403308153,0,312.256646521389,0,1.05018925666809,0,0,29.069879963994,0,33.6797917634249,2.32324288785458,22.176925778389,0,80.8543188869953,0,0,4.52485756576061,0,275.342230975628,0,246.576884835958,0,140.158837690949,0,88.5795006155968,0,66.4917221963406,0.509170651435852,124.873184174299,0,12.0159981250763,1.22369655966759,287.754340693355,1.92011249065399,574.12235969305,264.955461338162,1.50344979763031,1428.8829357028,0,15.7268769443035
0,137.634323656559,0.259373337030411,53.3091612607241,0,0,0,0,0,3.30360847711563,0,0,0,0,0,0,0.199067056179047,1.53619153797626,15.4042741656303,0,0,28.5916733443737,0,1.86212259531021,0,0,0,0,0,0,0,0,0,32.6049138456583,0,6.94999274611473,0,298.964951947331,0.832802474498749,501.097543053329,190.682114616036,692.385285951197,2.533332914114,0,0,0.867162704467773,0,1419.74933452904,312.256646521389,0,0,6.68567359447479,0,0,0,4.0703712105751,0,87.9260833412409,0,32.2241547852755,0,22.5474571436644,7.48530620336533,0,443.051716268063,0,6.16882196068764,0,3.3579269349575,0,161.159533306956,0,196.149742856622,0,3.96789842844009,9.73648330569267,29.2770743817091,0,431.936422675848,3.62568014860153,440.952078610659,0,145.138889506459,3.1480613052845,1324.20905199647,3.38446265459061,0
0,0,16.4804331809282,0,595.345241755247,0,0,0,0,0,0,0,0,0,4.22176837921143,0,0,0,0,0,88.7808532714844,0,0,0,0,0,0,0,0,0,0,0,0,0,0,0,0,0,0,0,1.52177381515503,0,0,0,0,0,0,0,0,0,0,0,67.2323697805405,0,2.90818327665329,0,28.5674424022436,0,149.129924178123,0,135.652102008462,0,0,7.16992580890656,0,0,0,0,0,0,0,0,0,0,0,0,0,0,0,0,0,0,280.969114527106,37.7184079289436,59.918665856123,0,0
0,0,0.333339512348175,73.0547387003899,0,777.660170510411,0,126.482725486159,0,23.9941277205944,0,0,0,29.5187130570412,0,23.4303934574127,0,0,9.14942334592342,4.48897114396095,0,0,0,0,0,0,0,0,0,0,0,0,0,0,0,0.909074872732162,0,0,0,4.52194498479366,0,23.1033085286617,0,0,0,0,0,0,1.05018925666809,6.68567359447479,0,0,0,132.63998273015,0,79.8703027665615,0,204.060875862837,0,17.2698310464621,0,123.685898214579,5.7285038381815,0,0,0,0,0,0,0,0.3133165538311,0,1.19165599346161,0,0,0,0,0,5.13797641545534,0.167852699756622,0.902553677558899,0,286.891927041113,16.1873674988747,309.455233365297,0,0
0,0,0,0,0,0,107.069379299879,0,0,0,33.8691464364529,0,0,0,0,0,0,0,0,0,0,0,0,0,0,0,0,0,0,0,0,0,0,0,0,0,0,0,0,0,0,0,0,0,0,0,0,0,0,0,67.2323697805405,0,0,0,0,0,103.717494547367,0,0,0,0,0,0,0,0,0,0,0,0,0,0,0,0,0,0,0,0,0,0,0,0,0,41.1711431741714,0,0,0,0
0,0,0,0,0,10.7676968574524,0,316.94579654932,0,0,0,10.2723352909088,0,0,0,0,0,0,0,7.61493280529976,0,0,0,0,0,0,0,0,0,0,0,0,0,0,0,0,0,0,0,0,0,0,0,0,0,0,0,0,0,0,0,132.63998273015,0,0,0,0,0,392.427040219307,0,129.920996308327,0,0,63.0457801222801,0,0,0,0,0,0,0,0,0,0,0,0,0,0,0,0,0,0,0,1.3764636516571,0,0,0,0
429.404483869672,0,117.162036061287,0,0,0,0,0,999.490171924233,0,0,0,0,0,15.9279145151377,0,0,0,0,0,0,0,1.19178947806358,0,61.4055695235729,0,0,0,0,0,0,0,0,0,0,0,0,0,42.5437016785145,0,0,0,5.91187161207199,0,0,0,0,2.26173062622547,29.069879963994,0,2.90818327665329,0,0,0,0,0,0,0,0,0,179.16084446013,0,0,0,0,0.748790949583054,0,123.50604736805,0,14.605154812336,0,0,0,0,0,0,0,0,0,0,0,65.5092930793762,126.268945023417,2.3556404709816,33.2388903945684,0,0
0,250.366632312536,0,68.7697852253914,0,25.5505969524384,0,0,0,1042.86630180478,0,0,0,0,0,199.378316342831,0,0.314042925834656,0,0,0,0,0,61.2184377163649,0,2.74960792064667,0,0,0,0,0,0,0,1.29063104093075,0,0,0,69.8917480409145,0,4.50837053358555,0,17.1677751392126,0,0,0,0,0,1.9559845328331,0,4.0703712105751,0,79.8703027665615,0,0,0,0,0,0.749782368540764,0,0.101717494428158,0,504.434591218829,0,0,0,0,117.079359993339,0,11.2935602366924,0,0,0,0.12200190871954,0,0,0,3.40551319718361,0,4.71777582168579,0,56.9889838546515,0,113.79607847333,2.92356894910336,231.690768674016,0,0
1.38827753067017,0,20.3682576864958,0,36.2299048751593,0,66.5467323958874,0,0,0,1033.74297733605,0,0,0,0,0,0,0,2.4133109152317,0,2.80160149931908,0,0,0,0,0,0,0,0,0,0.911835253238678,0,0,0,0,0,15.4456709399819,0,155.352172762156,0,0.864790707826614,0,304.839655712247,0,0,0,0,0,33.6797917634249,0,28.5674424022436,0,103.717494547367,0,0,0,0,0,98.0574466139078,0,2.34620180726051,0,0,277.667338594794,0,0,0,0,0,0,0,10.3495272994041,0,377.302514865994,0,0,0,0,0,111.455511718988,0,15.2654833495617,153.371852554381,0.100949630141258,937.527773976326,0,59.8524598032236
0,1.53829875588417,0,36.0030955970287,0.310172319412231,1.8450813293457,0,17.2699395418167,0,2.36722758412361,0,933.470060065389,0,22.3086786270142,0,0,1.60008525848389,0.121163047850132,17.0037814676762,53.4087027162313,0,0,0,0,0,0,0,0,0,1.3443312048912,0,0,0,0,0,7.25820800662041,0,59.5718088746071,0,4.19001984596252,0,449.143036440015,0,0,0,11.932341620326,3.59542863070965,0,2.32324288785458,87.9260833412409,0,204.060875862837,0,392.427040219307,0,0.749782368540764,0,0,0,444.184881538153,0,20.1717383563519,617.145946487784,0,0,0,0,0,2.36767739057541,0,278.435260474682,0,252.818096280098,0,0,0,0,0,108.12806930393,0.339801609516144,2.55035777390003,0,123.59458438307,0.13247811794281,577.336296722293,36.676962569356,0
1.10736362636089,0,0,0,4.2371432185173,0,0,0,0,0,1,0,155.911571681499,0,0,0,0,0,0,0,0,0,0,0,0,0,0,0,0,0,0,0,0,0,0,0,0,0,0,0,0,0,15.0072886347771,0,0,0,0,0,22.176925778389,0,149.129924178123,0,0,0,0,0,98.0574466139078,0,0,0,21.1730140149593,0,0,0,0,0,0,0,0,0,0,0,0,0,0,0,0,0,0,0.116684317588806,0,0,9.85482613742352,8.29581665992737,16.8453751802444,0,4.76830065250397
0,0,0,24.0806868970394,0,21.9791787862778,0,106.722114980221,0,0,0,112.582112789154,0,586.686248213053,0,2.10448503494263,0,0.0992746651172638,0,0,0,0,0,0,0,0,0,55.589103102684,0,0,0,0,0,0,0,0,0,0,0,0.60386261343956,0,11.0894986838102,0.23040471971035,0,0,0,0,0,0,32.2241547852755,0,17.2698310464621,0,129.920996308327,0,0.101717494428158,0,444.184881538153,0,0,0,19.7749615907669,7.87253759801388,0,0,0,0,0,4.46566158533096,0,99.8897837102413,0,1.99916297197342,0,0,0,0,0,1.66204478591681,0,0.189805790781975,0,322.284592859447,167.73942810297,70.4094280526042,0,0
14.5493929982185,0,0,0,1.13302302360535,0,0,0,6.29849997162819,0,0,0,3.61698508262634,0,64.5339535474777,0,39.5975308343768,1.75367300212383,1.81793215870857,0,0,0,2.40981562435627,0,1.87573796510696,0,3.09528517723083,0,0,0,0,0,0,0,0,0,0,0,0,0,0,0,42.3827697634697,0,0,0,0,0,80.8543188869953,0,135.652102008462,0,0,0,179.16084446013,0,2.34620180726051,0,21.1730140149593,0,0,0,0,0,0,0,0,0,0,92.5749213695526,0,0.411764830350876,0,0,0,0,0,0,0,0,0,0,41.9027166962624,0,67.0657215416431,0,8.68022301793098
0,81.9685997962952,0,51.449533611536,0,1.14625358581543,0,0,0,162.972196251154,0,0,0,114.137228816748,0,87.1583244502544,0.401757776737213,30.6425966322422,3.64419150352478,0.54069995880127,0,0,0,3.08101305365562,0,0,0,0,0,0,0,0,0,0,0,0,0,0,0,1.22173984348774,0,17.8628365769982,0,0,0,0,0,0,0,22.5474571436644,0,123.685898214579,0,0,0,504.434591218829,0,20.1717383563519,0,19.7749615907669,0,0,0,0,0,0,15.5765588581562,0,1.44669404625893,0,6.12254123389721,0,2.93897178769112,0,0,0,0,0,2.49302124977112,0,3.08328527212143,0,102.867230974138,12.3349592089653,79.395856551826,0.656979084014893,0
0,0,0,3.32076235115528,0,0,0,0,0,0,0,5.45903800427914,0,0,0,0,9.23192912340164,3.54456433653831,168.323692634702,1144.98910981417,0,0,0,0,0,0,0,0,0,0,0,0,0,0,0,758.363851465285,0,112.385934859514,0,42.5937670171261,2.01677674055099,477.032834485173,3.74287965893745,0,1.00090491771698,796.047652184963,1.19626197218895,0,0,7.48530620336533,0,5.7285038381815,0,63.0457801222801,0,0,0,617.145946487784,0,7.87253759801388,0,0,0,0,0,0,0,0,0,0,25.9075166061521,0,49.4263286218047,0,0,0,0,0,1100.33518509567,2.55235707759857,65.4933479428291,0,221.302023418248,0,944.093029819429,3.07012033462524,0
0,0.17513220012188,1.42461785674095,0,0.919966295361519,0,0,0,0,0,11.7329875528812,0,0,0,0,0,2.62140749394894,0,34.4764401316643,0,561.649730756879,0,0,0,0,0,0,0,0,0,0,0,0,0,0,0,321.493536569178,0,23.4916984885931,0,24.4980679526925,0.57023149728775,72.4152058139443,0,0,0,513.736881650984,0,4.52485756576061,0,7.16992580890656,0,0,0,0,0,277.667338594794,0,0,0,0,0,0,0,0,0,0,0,0,0,0,0,0,87.8289436623454,0,1.46461199223995,0,0.121900618076324,2.45239001512527,997.595192957669,0,156.880789354444,180.25321470201,0,726.654177628458,0,3.06971246004105
0,0,0,0,0,0,0,0,0,0,0,0,0,0,0,0,18.7495838701725,127.494762778282,1.61811237037182,0,0,11979.5840071291,229.468185901642,108.767673045397,0,216.320263892412,0,144.210133045912,0,0,0,0,0,0,0,0,0,435.701508507133,13.3436599075794,0,0,0,0,0,0,0,0,0,0,443.051716268063,0,0,0,0,0,0,0,0,0,0,0,0,0,0,0,50.1689562499523,408.320105403662,0,385.562324792147,0,42.5987377017736,0,0,0,0,0,0,0,0,0,598.404304735363,2.51723170280457,1357.02202580869,205.78730776906,0,0,0
0,0,0,0,0,0,0,0,0,0,0,0,0,0,0,0,171.621754541993,8.4697917252779,1.28324556350708,0,0,351.538780122995,14686.3079236001,0,65.4106473475695,0,51.3299330472946,0,138.147932574153,0,0,0,0,0,0,0,0,0,368.835601016879,0,0,0,3.47782562673092,0,0,0,0,24.6244681179523,275.342230975628,0,0,0,0,0,0.748790949583054,0,0,0,0,0,0,0,0,0,50.1689562499523,0,0,301.203704550862,0,473.207898437977,0,269.644322812557,0,0,0,0,0,0,0,0,0,1141.67824988067,1993.41978502274,271.793946295977,17.0615739226341,0,0
0,0,0,0,0,0,0,0,0,72.1258716285229,0,0,0,0,0,0,0,0.312580823898315,0,0,0,195.664914384484,0,642.164134159684,0,122.269391566515,0,0,0,0,0,0,0,0,0,0,0,175.908221617341,0.976607441902161,0,0,21.9362353235483,0,0,0,0,0,19.7835825234652,0,6.16882196068764,0,0,0,0,0,117.079359993339,0,0,0,0,0,15.5765588581562,0,0,408.320105403662,0,0,0,49.2916525006294,0,0,0,0,0,0,0,4.83225676417351,0,0,0,156.214312210679,0,148.232692569494,6.33502787351608,129.787860512733,0,0
0,0,0,0,0,0,0,0,2.50753512978554,0,0,0,0,0,0,0,0,0,0,0,0,0,560.302911221981,0,607.525836482644,0,52.2794932574034,0,0,0,0,0,0,0,0,0,0,0,134.013523846865,0,0,0,0.919144153594971,0,0,0,0,3.47503784298897,246.576884835958,0,0,0,0,0,123.50604736805,0,0,0,0,0,0,0,0,0,0,301.203704550862,0,0,0,368.738676682115,0,5.20656959712505,0,0,0,0,0,0.271583497524261,0,0,0,254.579620361328,595.911689177155,0,25.568377405405,0,0
0,0,0,0,0,0,0,0,0,2.26732194423676,0,0,0,1,0,22.7365599870682,6.45383238792419,110.974121108651,2.11879014968872,0,0,101.345582515001,0.174488112330437,173.54469871521,0,290.880838960409,0,49.8445875048637,0,0,0,0,0,0,0,0,0,0,0,0,0,0,0,0,0,0,0,0,0,3.3579269349575,0,0,0,0,0,11.2935602366924,0,2.36767739057541,0,4.46566158533096,0,1.44669404625893,0,0,385.562324792147,0,49.2916525006294,0,0,0,385.426371902227,0,0.179862782359123,0,0,0,0,0,0,0,0,0,151.028231844306,0.159354716539383,0.476389527320862,0,0
0,0,0,0,0,0,0,0,3.95170459151268,0,0,0,0,0,3.71968993544579,0,213.942135974765,17.7556350827217,0,0,0,0,200.629657864571,0,176.025951728225,0,213.34740754962,0,144.953346341848,0,0,0,0,0,0,0,0,0,0,0,0,0,0,0,0,0,0,0,140.158837690949,0,0,0,0,0,14.605154812336,0,0,0,0,0,92.5749213695526,0,0,0,0,473.207898437977,0,368.738676682115,0,0,0,59.5557676106691,0,0,0,0,0,0,0,0,0,0,191.444616675377,0,7.44179812073708,0,0
0,0,0,4.64172920584679,0,0,0,0,0,0,0,75.7622023820877,0,0,0,0,0,0,3.59618544578552,0,0,43.6827082633972,0,0,0,33.1816842556,0,585.324571982026,0,245.085889846087,0,0,0,0.148591801524162,0,0,0,13.9776006340981,0,0.193505063652992,0,118.323192045093,0,0,0,0.663649380207062,0,3.96952609717846,0,161.159533306956,0,0.3133165538311,0,0,0,0,0,278.435260474682,0,99.8897837102413,0,6.12254123389721,25.9075166061521,0,42.5987377017736,0,0,0,385.426371902227,0,0,0,153.39252409339,0,0,0,0,0,7.64447644352913,0,110.199007511139,0,23.4498825594783,16.3805274963379,158.475515067577,5.17706464231014,0
0,0,0.337997317314148,0,0,0,0,0,0,0,0,0,0,0,0,0,0,0,0,0,0,0,445.046858951449,0,0,0,24.8950590491295,0,1718.31793372333,0,2.87478947639465,0,0,0,0,0,0,0,87.8905169814825,0,0,0,3.95664212107658,0,0,0,0,7.3766003549099,88.5795006155968,0,0,0,0,0,0,0,10.3495272994041,0,0,0,0.411764830350876,0,0,0,0,269.644322812557,0,5.20656959712505,0,59.5557676106691,0,0,0,218.696041047573,0,0,0,0,0,0.147318124771118,0,245.942158766091,147.838022783399,46.4669274091721,84.5412326008081,0,2.38146567344666
0.116152137517929,0.812868535518646,0,10.3404430150986,0,0,0,0,0,0,0,7.65619398653507,0,0,0,0,3.5976585149765,0,14.6975593045354,0.699569523334503,0,0,0,0,0,0,0,0,0,315.463165059686,0,0,0,2.59863872826099,0,4.19326019287109,0,0.237085908651352,0,7.41925878822803,0,203.01164355129,0,0,0,4.65056778490543,0,16.8457698374987,0,196.149742856622,0,1.19165599346161,0,0,0,0.12200190871954,0,252.818096280098,0,1.99916297197342,0,2.93897178769112,49.4263286218047,0,0,0,0,0,0.179862782359123,0,153.39252409339,0,0,0,0,0,1.13216978311539,0,14.010313667357,0,183.727658033371,0,28.6667449325323,0,422.651380464435,27.4292090535164,0
0.308816611766815,0,16.4152516275644,0,3.40690441429615,0,0,0,0,0,3.30242303013802,0,0,0,0,0,0,0,9.50437462329865,0,0.806146293878555,0,0,0,0,0,0,0,187.012345850468,0,239.140691906214,0,0,0,0,0,1.72686553001404,0,10.7786023318768,0,5.52678494155407,0,38.1882508546114,0,0,0,6.03776377439499,2.4112856388092,66.4917221963406,0,0,0,0,0,0,0,377.302514865994,0,0,0,0,0,0,87.8289436623454,0,0,0,0,0,0,0,218.696041047573,0,0,0,0,0,0,0,35.2268449962139,0,594.049555599689,33.4688342362642,0.161671057343483,1376.17091407627,0,12.1124438345432
0,0,0,0,0,0,0,0,0,0,0,0,0,0,0,0,0,0,0,0,0,0,0,0,0,0,0,0,0,0,0,693.493833988905,270.468037635088,9.28762124478817,0,204.07394695282,6.19813668727875,0,0,0.396457552909851,4.07188147306442,0,0,0,0,0,0,1004.85277928412,0.509170651435852,3.96789842844009,0,0,0,0,0,0,0,0,0,0,0,0,0,0,0,0,0,0,0,0,0,0,0,0,0,130.086290001869,420.134065851569,0,373.177019000053,1.17642295360565,0,0,226.834667861462,0,0,0,0
0,0,0,0,0,0,0,0,0,0,0,0,0,0,0,0,0,0,0.887516915798187,0,0,0,0,0,0,0,0,0,0,0,0,328.271690040827,862.642669074237,0,2.31335042417049,8.27785414457321,103.570164337754,0,0,5.5194149017334,8.58688622713089,0,0.875301644206047,0,0,0,0.155157849192619,1978.92108684778,124.873184174299,9.73648330569267,0,0,0,0,0,0,0,0,0,0,0,0,0,1.46461199223995,0,0,0,0,0,0,0,0,0,0,130.086290001869,0,0.358331739902496,264.039841659367,2.05265122652054,556.354120083153,0,0,194.378327161074,0,0,0,0
0,0,0,0,0,0,0,0,0,9.02370867133141,0,0,0,0,0,0,0,0,0,0,0,0,0,3.13016639649868,0,0,0,0,0,0,0,98.4126745760441,8.73042595386505,2005.91659554839,244.139089584351,559.668577075005,0.1538255661726,62.0794597268105,0,0,0,0,0,0,0,0,0,590.603058159351,0,29.2770743817091,0,0,0,0,0,3.40551319718361,0,0,0,0,0,0,0,0,0,0,4.83225676417351,0,0,0,0,0,1.13216978311539,0,420.134065851569,0.358331739902496,0,21.7143386006355,382.712943725288,0,542.663874730468,0,219.496968641877,20.3278906345367,0,0,0
0,0,0,0,0,0,0,0,0,0,0,0,0,0,0,0,0,0,0,0,0,0,0,0,0,0,0,0,0,0,0,0,58.2040762454271,131.972813531756,2507.03907741606,0,289.765344165266,25.0779982805252,411.348802804947,0,0,0,0,0,0,0,0,384.999782785773,12.0159981250763,0,0,0,0,0,0,0,0,0,0,0,0,0,0,0.121900618076324,0,0,0,0.271583497524261,0,0,0,0,0,0,0,264.039841659367,21.7143386006355,0,0,443.283019788563,9.4427901506424,352.31022708863,456.178299501538,4.50435245037079,0.771379411220551,0,0
2.97504758834839,21.8817439824343,0,7.85659518837929,0,0,0,0,0,0,0,12.9749252796173,0,0,0,0,18.4134161025286,35.0194242224097,992.046474695206,240.649828776717,0,0,0,0,0,2.74317312240601,0,0,0,0,0,233.571756921709,0,73.9306796789169,0,11625.4405187964,149.017762094736,839.890252649784,0,639.319711148739,7.38249713182449,1292.79568054527,13.8486344963312,0,7.20226061344147,427.277893222868,28.8461788594723,1525.20950864255,1.22369655966759,431.936422675848,0,5.13797641545534,0,0,0,4.71777582168579,0,108.12806930393,0,1.66204478591681,0,2.49302124977112,1100.33518509567,2.45239001512527,0,0,0,0,0,0,7.64447644352913,0,14.010313667357,0,373.177019000053,2.05265122652054,382.712943725288,0,0,236.969306051731,617.22664719075,0,1027.92698383331,2.53511640429497,909.490476578474,38.4550594836473,4.29050394892693
