0,78.2627166748047,4.88059440321392,0,0,0,0,0,5.75409067756251,94.2982635498047,0,0,0,0,0,0,52.2592754364014,25.4595623016357,11.0219997704029,0,0,0,0,0,0,0,0,0,0,0,0,0,0,54.1806564331055,0,0,0,53.6666145324707,0,0,31.4721429189046,0,27.6943943841117,0,0,0,24.9513921849868,44.3118877410889,6.0744685079,53.7571822272407,0,0,0,0,6.31135737922634,0,0,0,0,0,3.17714305545973,0,0,32.6922822594643,0,0,0,5.3041217143719,0,0,0,0,0,0,0,0,0,0,0,35.9069294884091,69.585880279541,38.7392139434814,11.7908310167125,0,14.1353865360457,0,0
78.2627166748047,0,0,7.91177436471717,0,9.93687152862549,0,0,0,5.98783709032262,0,0,0,0,0,0,0,0,8.06304907380489,0,0,0,0,0,0,0,0,0,0,0,0,0,0,0,0,0,0,27.0444717407227,0,29.5207466125488,0,24.0678663953579,55.2827887901893,0,0,16.1218382120132,0,38.7734727859497,49.5572076455141,6.80298175046473,0,0,0,0,0,7.27880968035836,0,3.99082191173847,0,7.13259348002347,0,4.66358397901058,30.7408561706543,0,0,0,5.70993905887008,0,0,0,0,0,23.311450958252,0,0,0,0,0,35.8654192465323,0,40.7245197296143,55.7791233062744,17.8013310719082,0,13.7158113983938,0,0
4.88059440321392,0,0,0,11.4495395501455,0,0,0,8.42878487375047,0,0,0,0,0,0,0,62.9871444702148,0,90.6622060139974,0,0,0,0,0,0,0,0,0,0,0,0,0,0,0,0,0,19.639310836792,0,0,0,35.4250418345133,0,32.7250973343849,0,0,0,18.6118284318505,33.7322421073914,13.9340596422553,0,7.70420737493606,0,0,0,8.2179089827971,0,3.75385175484877,0,4.60848889398416,0,3.71656934420268,0,0,29.7377588748932,0,0,0,0,0,0,0,0,0,0,0,0,0,0,0,36.4655175890241,0,0,8.14683667258544,0,10.5508259665887,0,19.5007688999176
0,7.91177436471717,0,0,0,11.1336727596465,0,0,0,7.03191919859291,0,0,0,0,0,0,69.8489685058594,0,60.9204664230347,6.79569954872131,0,0,0,0,0,0,0,0,0,0,0,0,0,0,0,16.049748710964,35.1915702819824,0,0,32.1046701319077,0,39.8226460395975,42.4372253417969,0,0,18.1757131417592,0,34.9379768371582,38.694461277553,21.3980881038465,0,9.33553997576237,0,0,0,7.545083655315,0,5.14204237858454,0,6.25160111594986,0,6.94504758569061,7.98953580856323,0,0,0,0,0,0,0,0,0,28.1118816375732,0,0,0,0,0,32.4974470753824,0,38.1076083183289,0,11.4784106277055,0,12.6723390056732,0,0
0,0,11.4495395501455,0,0,0,0,0,4.11655289269565,0,0,0,2.95370960235596,0,0,0,0,0,0,0,5.10472351195765,0,0,0,0,0,0,0,0,0,0,0,0,0,0,0,10.5318078994751,0,0,0,0,0,41.5199127197266,0,0,0,0,0,0,0,3.65759911239147,0,0,0,5.94159516266414,0,0,0,0,0,3.81158429157885,0,0,0,0,0,0,0,0,0,0,0,0,0,0,0,0,0,0,28.003833770752,0,0,4.23337944727095,4.23131060600281,6.24173763156992,0,0
0,9.93687152862549,0,11.1336727596465,0,0,0,0,0,8.2174908965826,0,0,0,0,0,7.15087918440501,0,0,0,4.84601510089377,0,0,0,0,0,0,0,0,0,0,0,0,0,0,0,10.1800066828728,35.8527984619141,0,0,34.5748583475749,0,52.7644335428874,0,0,0,37.009407043457,0,40.4371795654297,0,39.8216943740845,0,3.46288075617381,0,0,0,5.64708193143209,0,0,0,0,0,5.59365436305171,6.24099472590855,0,0,0,0,0,0,0,0,0,0,0,0,0,0,0,9.15564431967559,0,0,0,4.69294088253608,3.44583209355672,18.4977507720122,0,0
0,0,0,0,0,0,0,0,0,0,0,0,0,0,0,0,0,0,0,0,0,0,0,0,0,0,0,0,0,0,0,0,0,0,0,0,0,0,0,0,0,0,0,0,0,0,0,0,0,0,0,0,2.99436172279152,0,0,0,3.09902091587291,0,3.57986577068056,0,0,0,0,0,0,0,0,0,0,0,0,0,0,0,0,0,0,0,0,0,0,0,0,0,0,0,0
0,0,0,0,0,0,0,0,0,0,0,3.86070156241908,0,2.82713039104755,0,0,0,0,0,0,0,0,0,0,0,0,0,0,0,0,0,0,0,0,0,0,0,0,0,0,0,0,0,0,0,0,0,0,0,0,0,2.95894980430603,0,0,0,0,0,3.48629733394174,0,0,0,0,0,0,0,0,0,0,0,0,0,0,0,0,0,0,0,0,0,0,0,0,2.91582043965658,0,0,0,0
5.75409067756251,0,8.42878487375047,0,4.11655289269565,0,0,0,0,0,0,0,0,0,3.24597547767089,0,12.7078394889832,0,4.69281497597694,0,0,0,0,0,12.834755897522,0,0,0,0,0,0,0,0,0,0,0,0,0,12.8591158166528,0,42.7074851989746,0,13.2818034580776,0,0,0,0,0,11.6186202565829,0,4.36494236671372,0,0,0,6.1515012206258,0,0,0,0,0,4.02937860055403,0,0,0,0,0,0,4.99284250736237,0,0,0,0,0,0,0,0,0,0,0,0,70.2502136230469,14.9285259734105,4.95963231233018,4.03213432100084,10.3737400183724,0,12.6032212575277
94.2982635498047,5.98783709032262,0,7.03191919859291,0,8.2174908965826,0,0,0,0,0,0,0,0,0,5.89155949528298,48.3914024353027,10.6339042835068,8.00764366388321,0,0,0,0,14.553551753362,0,31.8420009613037,0,0,0,0,0,0,0,0,0,0,0,15.3708103024886,0,61.1133651733398,0,18.4960970175894,0,0,0,14.7332162857056,0,0,51.64453125,6.20293418927626,0,14.3692360204809,0,0,0,4.95833693600301,0,26.5568447113037,0,0,0,7.03164713762023,0,0,0,0,3.71997364362081,0,0,0,0,0,38.6331825256348,0,0,0,0,0,94.1135635375977,0,15.0263879861954,0,6.36590136459525,0,9.41462570798081,0,0
0,0,0,0,0,0,0,0,0,0,0,0,3.38520315531138,0,0,0,0,0,0,0,4.96276940936931,0,0,0,0,0,0,0,2.77848265387795,0,0,0,0,0,0,0,3.45697025313896,0,7.19382859857956,0,0,0,0,0,0,0,0,0,0,0,0,0,0,0,0,0,7.12690633347126,0,3.33639931164199,0,0,0,0,4.9297353089866,0,0,0,0,0,0,0,0,0,2.84397561409894,0,0,0,0,0,4.7890575514411,0,9.40898243879017,3.59364728105479,2.98046859579349,0,0,0
0,0,0,0,0,0,0,3.86070156241908,0,0,0,0,0,3.7535498239737,0,0,0,0,0,4.4066276351374,0,0,0,0,0,0,0,2.90443926699021,0,4.21828006037432,0,0,0,0,0,3.88732600301059,0,4.82627171395192,0,0,0,0,0,0,0,0,0,0,0,0,0,0,0,4.42914535403252,0,0,0,5.54936695333113,0,3.02623384287863,0,0,4.30335997379096,0,0,0,0,0,0,0,0,0,4.26705612025215,0,0,0,0,0,6.41332987340516,0,7.34362726797679,0,4.53223061048856,5.19039583206177,8.89053845405579,0,0
0,0,0,0,2.95370960235596,0,0,0,0,0,3.38520315531138,0,0,0,3.55108512509359,0,0,0,0,0,0,0,0,0,0,0,2.84653055667877,0,2.93727913697561,0,0,0,0,0,0,0,0,0,0,0,0,0,0,0,0,0,0,0,0,0,2.71496772766113,0,0,0,0,0,3.92238898810587,0,4.36383745550666,0,4.36789757864816,0,0,0,0,0,0,0,0,0,0,0,0,0,0,0,0,0,0,0,0,0,3.30290162257659,3.98620139644443,0,0,0
0,0,0,0,0,0,0,2.82713039104755,0,0,0,3.7535498239737,0,0,0,2.97723000441025,0,0,0,0,0,0,0,0,0,0,0,3.53224448724227,0,0,0,0,0,0,0,0,0,0,0,0,0,0,0,0,0,0,0,0,0,0,0,0,0,0,0,0,0,4.35456798063672,0,3.58515711633103,0,2.97845823747398,0,0,0,0,0,0,0,0,0,0,0,0,0,0,0,0,0,0,0,0,3.09788980181255,3.47176840002575,0,0,0
0,0,0,0,0,0,0,0,3.24597547767089,0,0,0,3.55108512509359,0,0,0,8.04675763845444,0,0,0,0,0,0,0,0,0,0,0,0,0,0,0,0,0,0,0,0,0,0,0,0,0,0,0,0,0,0,0,0,0,2.96046757698059,0,0,0,0,0,0,0,3.76473963647275,0,4.9097111951906,0,0,0,0,0,0,0,0,0,0,0,0,0,0,0,0,0,0,0,0,0,3.42292694250743,3.30697643491957,0,0,0
0,0,0,0,0,7.15087918440501,0,0,0,5.89155949528298,0,0,0,2.97723000441025,0,0,0,4.24880265235901,0,0,0,0,0,0,0,0,0,0,0,0,0,0,0,0,0,0,0,0,0,0,0,0,0,0,0,0,0,0,0,0,0,6.42644270983609,0,0,0,3.44149764378866,0,0,0,3.5870069861412,0,3.53944501665331,0,0,0,0,0,0,0,0,0,0,0,0,0,0,0,0,0,0,0,0,3.91440274715424,3.15277516841888,0,0,0
52.2592754364014,0,62.9871444702148,69.8489685058594,0,0,0,0,12.7078394889832,48.3914024353027,0,0,0,0,8.04675763845444,0,0,18.3659322825364,19.7775861458689,0,0,25.7669336001078,6.48201359218022,0,14.1947057812901,36.8934258052281,7.68210908519216,0,0,0,0,0,0,0,0,0,88.5375259399414,0,0,69.51145770226,63.0934381627325,71.971394666036,52.5782582902015,0,0,60.8744319279989,57.6305038815453,0,91.6506652832031,71.3626937866211,0,0,0,0,2.95123934745789,0,0,0,0,0,5.45974558049982,0,72.0229263305664,70.674916267395,0,4.74899125099182,0,22.736255645752,37.872080485026,10.0407488677505,0,0,109.770908355713,0,0,0,0,0,79.38594350275,72.1873815577963,81.8956987380981,65.6909825360333,14.688167001875,4.5606594948933,59.4162489803693,0,47.30070773038
25.4595623016357,0,0,0,0,0,0,0,0,10.6339042835068,0,0,0,0,0,4.24880265235901,18.3659322825364,0,20.619036215043,0,0,15.4402998309386,67.8405456542969,9.36438391858881,29.4148949454812,9.75991299306356,37.0465911865234,4.60214123725891,0,0,0,0,0,0,0,90.8320693969727,93.8457565307617,0,0,63.7917357824182,75.4919733319964,55.5722304002954,72.759266514932,0,0,55.6904213769095,76.4100570678711,0,0,61.6143542698451,0,72.9671478271484,0,0,0,11.9076892137527,0,0,0,0,49.6286163330078,3.3551696340243,104.269172668457,84.5819293430873,2.8666187286377,0,4.70924564202627,0,8.41020775503582,34.751640236896,0,0,60.6662254333496,0,0,0,0,0,72.1381624151159,89.6197844972002,65.4322483943059,78.6203883777965,15.0702406801472,8.25366469462153,60.1561706678002,54.5612998008728,84.2499084472656
11.0219997704029,8.06304907380489,90.6622060139974,60.9204664230347,0,0,0,0,4.69281497597694,8.00764366388321,0,0,0,0,0,0,19.7775861458689,20.619036215043,0,0,0,32.7798999150594,42.1540400187174,0,36.2515034145779,32.9504378636678,31.5897517204285,0,0,0,0,0,0,0,0,71.1769638061523,78.1064530734358,0,0,49.020556002032,49.2209410602455,37.1393872013333,38.2148559743628,9.72281940359818,3.77704191207886,44.9544608504684,44.91178917729,0,56.6052004496256,55.9261589050293,0,0,0,0,25.2223993937174,11.0449092388153,0,32.8371643066406,0,77.6973724365234,0,74.2361450195312,54.825777053833,53.197145272815,0,0,0,4.7286726474762,32.7543258666992,36.1392171859741,0,0,33.4576732928936,0,0,0,0,0,53.0984294202744,55.0455297239921,44.8553788757324,50.4451880137126,15.0933744921952,0,36.598261594179,36.1106077899104,23.2743314839096
0,0,0,6.79569954872131,0,4.84601510089377,0,0,0,0,0,4.4066276351374,0,0,0,0,0,0,0,0,0,0,0,0,0,0,0,0,0,0,0,0,0,0,0,5.0716154100614,0,4.53727298261278,0,0,0,0,0,0,0,16.6575317382812,0,0,0,0,0,11.2093048095703,0,0,0,0,0,9.03895378112793,0,0,0,0,5.29364045223859,0,0,0,0,0,0,0,0,0,0,0,0,0,0,0,7.48014766821578,0,9.94796434549185,0,4.07183493308301,0,4.71220482832997,0,0
0,0,0,0,5.10472351195765,0,0,0,0,0,4.96276940936931,0,0,0,0,0,0,0,0,0,0,0,0,0,0,0,0,0,0,0,0,0,0,0,0,0,4.37817837018047,0,5.85765133692131,0,48.8077239990234,0,0,0,0,0,14.4839858327593,0,0,0,6.18107167081018,0,0,0,0,0,4.65080463819664,0,0,0,0,0,0,5.57263352848921,0,0,0,0,0,0,0,0,0,0,0,0,0,0,0,6.20770162766178,0,7.31691477465075,3.57435647557291,0,5.39790354834663,0,0
0,0,0,0,0,0,0,0,0,0,0,0,0,0,0,0,25.7669336001078,15.4402998309386,32.7798999150594,0,0,0,4.83150365666089,8.15190678689538,0,7.67940245605097,0,3.04484196163359,0,0,0,0,0,20.8934564590454,0,0,0,8.96877918135924,3.66369521277291,0,0,0,45.9612464904785,0,0,0,0,23.2402481502957,45.1946267022027,11.2709321490598,0,0,0,0,0,0,0,0,0,0,0,0,0,0,5.83148615968107,5.44453142410101,13.4136033232292,0,8.64531135559082,0,3.73298289035929,0,0,0,0,0,0,0,0,0,5.90282454995009,0,5.00984952765415,4.65737860238374,21.1229240929902,0,0
0,0,0,0,0,0,0,0,0,0,0,0,0,0,0,0,6.48201359218022,67.8405456542969,42.1540400187174,0,0,4.83150365666089,0,0,4.5188580652078,0,6.74487606500615,0,5.59085770029771,0,0,0,0,0,0,0,0,0,6.88346952302115,0,0,0,0,0,0,0,0,0,17.4386663724141,51.2238578796387,0,0,0,0,0,0,0,0,0,0,0,0,0,0,7.00015849400969,5.31738326676378,0,4.74307985816683,0,3.05770847797394,0,7.00671051302527,0,0,0,0,0,0,0,0,0,6.07813989442621,4.46202041146942,5.90087724477053,26.1711578369141,0,0
0,0,0,0,0,0,0,0,0,14.553551753362,0,0,0,0,0,0,0,9.36438391858881,0,0,0,8.15190678689538,0,0,0,4.45437543157121,0,0,0,0,0,0,0,0,0,0,0,5.44109040373148,0,0,0,8.83695220947266,0,0,0,0,0,0,0,7.12311927974224,0,0,0,0,0,30.8294334411621,0,0,0,0,0,0,0,0,7.04459408434426,0,3.59346774229809,0,5.8087500333786,0,0,0,0,0,0,0,0,0,0,0,10.1705445111593,0,5.11137436628342,0,6.98390147560521,0,0
0,0,0,0,0,0,0,0,12.834755897522,0,0,0,0,0,0,0,14.1947057812901,29.4148949454812,36.2515034145779,0,0,0,4.5188580652078,0,0,0,3.84909882440287,0,0,0,0,0,0,0,0,0,0,0,4.97127434950389,77.8232116699219,0,0,46.1348304748535,0,0,0,0,0,6.58512798477622,0,0,0,0,0,0,0,0,0,0,0,0,0,0,0,0,3.20342363630022,0,4.45449789809553,0,4.8917450414945,0,0,0,0,0,0,0,0,0,0,0,7.1625506438707,13.9502340344822,0,12.717090177536,0,0
0,0,0,0,0,0,0,0,0,31.8420009613037,0,0,0,0,0,0,36.8934258052281,9.75991299306356,32.9504378636678,0,0,7.67940245605097,0,4.45437543157121,0,0,0,4.20848894119263,0,0,0,0,0,0,0,0,0,0,0,0,0,0,0,0,0,0,0,0,0,0,0,0,0,0,0,0,0,0,0,0,0,0,0,0,3.71566008776426,0,4.38914228658207,0,3.12493560711543,0,0,0,0,0,0,0,0,0,80.005615234375,99.0854644775391,0,0,10.5220858801424,0,0,0,0
0,0,0,0,0,0,0,0,0,0,0,0,2.84653055667877,0,0,0,7.68210908519216,37.0465911865234,31.5897517204285,0,0,0,6.74487606500615,0,3.84909882440287,0,0,0,3.30185310391412,0,0,0,0,0,0,0,0,0,0,0,0,0,0,0,0,0,0,0,0,0,0,0,0,0,0,0,0,0,0,0,0,0,0,0,0,5.11587613353542,0,4.00075417285343,0,3.19992841520617,0,2.96917004682864,0,0,0,0,0,0,0,0,0,0,6.2008391614425,0,75.4411773681641,0,0
0,0,0,0,0,0,0,0,0,0,0,2.90443926699021,0,3.53224448724227,0,0,0,4.60214123725891,0,0,0,3.04484196163359,0,0,0,4.20848894119263,0,0,0,3.18104882333793,0,0,0,0,0,0,0,0,0,0,0,0,0,0,0,0,0,0,0,0,0,0,0,0,0,0,0,2.98061243452207,0,3.23833253196482,0,0,0,0,3.7579190294917,0,0,0,4.25281339883804,0,3.63999933153263,0,2.86555616701803,0,0,0,0,0,0,0,3.65677404403687,0,3.12796022675254,6.46137077013652,0,0,0
0,0,0,0,0,0,0,0,0,0,2.77848265387795,0,2.93727913697561,0,0,0,0,0,0,0,0,0,5.59085770029771,0,0,0,3.30185310391412,0,0,0,3.29443000115369,0,0,0,0,0,0,0,7.25090230428256,0,0,0,0,0,0,0,0,0,0,0,0,0,0,0,0,0,2.79592037200928,0,3.06520402431488,0,0,0,0,0,0,5.67039614987661,0,0,0,6.60002585252126,0,4.87885835292931,0,4.53165957927704,0,0,0,0,0,0,0,5.88257233053446,3.16488116543467,3.26511996670773,0,0,0
0,0,0,0,0,0,0,0,0,0,0,4.21828006037432,0,0,0,0,0,0,0,0,0,0,0,0,0,0,0,3.18104882333793,0,0,0,0,0,0,0,0,0,5.45976734279406,0,0,0,0,0,0,0,0,0,0,0,0,0,0,0,0,0,0,0,7.9471344880338,0,0,0,0,0,0,0,0,0,0,0,0,3.73795197281656,0,4.03248667070509,0,0,0,0,0,0,0,5.46849520558217,0,3.16260328098219,0,0,0,0
0,0,0,0,0,0,0,0,0,0,0,0,0,0,0,0,0,0,0,0,0,0,0,0,0,0,0,0,3.29443000115369,0,0,0,0,0,0,0,0,0,5.14872937924934,0,0,0,0,0,0,0,0,0,0,0,0,0,0,0,0,0,3.46894753925384,0,0,0,0,0,0,0,0,0,0,0,0,0,0,3.86830904863883,0,4.22479960817279,0,0,0,0,0,0,0,7.60588462511698,3.00900051328871,2.91077880390355,0,0,0
0,0,0,0,0,0,0,0,0,0,0,0,0,0,0,0,0,0,0,0,0,0,0,0,0,0,0,0,0,0,0,0,4.40957380586252,14.7819779579129,8.06452645426211,4.13482493564395,0,0,0,0,0,0,0,0,0,0,0,5.01363325119019,7.53108894824982,6.47006177902222,0,0,0,0,0,0,0,0,0,0,0,0,0,0,0,0,0,0,0,0,0,0,0,0,5.38213861828574,4.89016098503009,15.3806017707376,7.03996098836263,5.39155428377543,20.3997955322266,0,0,3.56252281792498,0,0,0,0
0,0,0,0,0,0,0,0,0,0,0,0,0,0,0,0,0,0,0,0,0,0,0,0,0,0,0,0,0,0,0,4.40957380586252,0,2.95689646402995,8.64326881027222,0,4.7455847119325,0,0,0,0,0,0,0,0,0,0,4.47918412122647,8.16566097736359,0,0,0,0,0,0,0,0,0,0,0,0,0,0,0,0,0,0,0,0,0,0,0,0,0,5.72564919389409,5.89712583448394,9.11160781648424,6.0172984149005,0,8.56960819041834,0,0,3.37998348236084,0,0,0,0
54.1806564331055,0,0,0,0,0,0,0,0,0,0,0,0,0,0,0,0,0,0,0,0,20.8934564590454,0,0,0,0,0,0,0,0,0,14.7819779579129,2.95689646402995,0,4.53596236214991,6.5426405543955,0,6.14217608783926,4.52020698123508,0,0,17.1788482666016,0,0,0,0,0,6.10118891756283,20.0420004070782,6.7409837551606,0,0,0,0,0,0,0,0,0,0,0,0,0,0,0,0,0,0,0,0,0,0,0,0,18.260398742427,0,5.6038261718812,6.76936760106507,8.79044253554525,0,6.69118605830712,5.39741294855937,7.11966092436059,3.07319499145855,26.4491806030273,0,0
0,0,0,0,0,0,0,0,0,0,0,0,0,0,0,0,0,0,0,0,0,0,0,0,0,0,0,0,0,0,0,8.06452645426211,8.64326881027222,4.53596236214991,0,0,4.28717910805664,4.55687055190404,4.4232541506107,0,0,0,0,0,0,0,0,4.96625788467143,8.38209126433548,19.4054355621338,0,0,0,0,0,0,0,0,0,0,0,0,0,0,0,0,0,0,0,0,0,0,0,0,12.3059655969793,9.58648672543074,5.6997120368345,4.89996450837863,11.7182931900024,5.90061915747766,14.7431163787842,6.89848370421423,6.31546646356583,0,17.7310328483582,0,0
0,0,0,16.049748710964,0,10.1800066828728,0,0,0,0,0,3.88732600301059,0,0,0,0,0,90.8320693969727,71.1769638061523,5.0716154100614,0,0,0,0,0,0,0,0,0,0,0,4.13482493564395,0,6.5426405543955,0,0,4.11029040169072,6.31336354240877,0,53.7539833613804,0,77.9988555908203,0,0,0,8.9006950803425,0,16.94680519104,18.4830760320028,21.8759522967868,0,20.4399019588124,0,0,0,0,0,10.4798955367162,0,20.27003809611,0,23.6497001647949,5.65179133256453,0,0,0,0,0,0,0,0,0,39.316967010498,0,4.37806398941818,0,6.87158708175871,0,6.70129475468015,5.21694813498968,9.33768522016304,0,6.02309566765918,0,14.7291930556971,0,0
0,0,19.639310836792,35.1915702819824,10.5318078994751,35.8527984619141,0,0,0,0,3.45697025313896,0,0,0,0,0,88.5375259399414,93.8457565307617,78.1064530734358,0,4.37817837018047,0,0,0,0,0,0,0,0,0,0,0,4.7455847119325,0,4.28717910805664,4.11029040169072,0,0,5.97350465457875,47.2098846435547,21.190557539463,0,59.3485152834938,0,0,0,17.1031401963301,28.021021769597,26.3876385688782,22.3953628540039,0,0,0,0,0,0,4.24999852084258,0,0,0,0,0,0,7.20795596970452,0,0,0,0,0,0,0,0,56.5114097595215,0,0,10.3265256345625,0,5.85099437280937,3.63235147794088,6.91332650392559,0,7.52079624352123,5.21445403720393,0,17.6234805661579,0,0
53.6666145324707,27.0444717407227,0,0,0,0,0,0,0,15.3708103024886,0,4.82627171395192,0,0,0,0,0,0,0,4.53727298261278,0,8.96877918135924,0,5.44109040373148,0,0,0,0,0,5.45976734279406,0,0,0,6.14217608783926,4.55687055190404,6.31336354240877,0,0,3.62165922568395,0,0,6.44824911997868,36.314079284668,0,0,0,0,12.2661642126921,33.0870945759309,7.66107744505834,0,0,0,0,0,11.6575226991073,0,7.20663376735095,0,0,0,0,5.64505930204649,0,10.9334510857942,0,10.1247669402364,0,0,0,3.05374413728714,0,5.32445397188789,0,0,0,9.87558480921914,4.85836410522461,7.12895051184757,0,5.86542079936828,4.52584734254954,5.84186370285583,2.96458977460861,7.62877704816706,0,0
0,0,0,0,0,0,0,0,12.8591158166528,0,7.19382859857956,0,0,0,0,0,0,0,0,0,5.85765133692131,3.66369521277291,6.88346952302115,0,4.97127434950389,0,0,0,7.25090230428256,0,5.14872937924934,0,0,4.52020698123508,4.4232541506107,0,5.97350465457875,3.62165922568395,0,0,0,46.3338890075684,7.50810807055615,0,0,0,11.8432928494045,13.3207720375061,7.60456022751041,40.0685724894206,0,0,0,0,12.2251532112094,0,11.3946529506079,0,0,0,0,0,0,10.7889392394008,3.5941595349993,8.39696591259563,0,9.95633561872855,0,0,0,0,0,4.74092681267682,0,0,7.57781532151358,7.15061116218567,0,9.85235693417901,10.3981218173586,5.99250913315421,5.57499042727213,4.14986827873415,6.65469081563857,0,0
0,29.5207466125488,0,32.1046701319077,0,34.5748583475749,0,0,0,61.1133651733398,0,0,0,0,0,0,69.51145770226,63.7917357824182,49.020556002032,0,0,0,0,0,77.8232116699219,0,0,0,0,0,0,0,0,0,0,53.7539833613804,47.2098846435547,0,0,0,125.905616760254,24.5269831001955,41.9877739956504,26.3691058525672,0,11.8301225914758,95.7705764770508,25.6887671152751,31.5574913024902,11.707541538282,0,39.0650602487417,0,0,0,35.7976791381836,0,40.4398105621338,0,36.7663183848063,0,37.7063671112061,6.31581802500619,80.9535980224609,0,0,0,0,0,0,49.5381088256836,0,42.9393633674173,0,0,0,0,0,17.0027927840538,105.280405680339,29.4529437910917,119.528003692627,32.2236537799969,0,14.6210180855271,35.2807908619151,0
31.4721429189046,0,35.4250418345133,0,0,0,0,0,42.7074851989746,0,0,0,0,0,0,0,63.0934381627325,75.4919733319964,49.2209410602455,0,48.8077239990234,0,0,0,0,0,0,0,0,0,0,0,0,0,0,0,21.190557539463,0,0,125.905616760254,0,51.8222236633301,29.4061123550318,0,0,120.606452941895,14.9671737428652,16.9857469201088,8.6919822730124,0,0,0,0,0,50.0007316589355,0,0,0,0,0,0,0,0,8.57648317413397,0,0,0,0,0,0,0,0,0,29.4235566854477,0,0,0,0,130.424346923828,13.4139318776067,0,23.5648957187576,37.9179505993136,0,13.8358838853596,0,23.1000881649199
0,24.0678663953579,0,39.8226460395975,0,52.7644335428874,0,0,0,18.4960970175894,0,0,0,0,0,0,71.971394666036,55.5722304002954,37.1393872013333,0,0,0,0,8.83695220947266,0,0,0,0,0,0,0,0,0,17.1788482666016,0,77.9988555908203,0,6.44824911997868,46.3338890075684,24.5269831001955,51.8222236633301,0,15.1165863050514,20.5419823884964,0,40.3945922851562,0,11.5581974894912,24.1448754142312,17.4621819297824,0,50.9504854838053,0,0,0,37.6038044582714,0,19.0161129836749,0,45.0679452078683,0,44.3561542217548,19.9502006072998,0,0,0,9.4624137878418,0,0,0,24.2912326812744,0,20.7488723135831,0,0,0,0,0,43.6603597159204,95.520658493042,17.3457265305519,59.5063209533691,22.0835389924937,0,16.7810547535553,13.568472975427,0
27.6943943841117,55.2827887901893,32.7250973343849,42.4372253417969,41.5199127197266,0,0,0,13.2818034580776,0,0,0,0,0,0,0,52.5782582902015,72.759266514932,38.2148559743628,0,0,45.9612464904785,0,0,46.1348304748535,0,0,0,0,0,0,0,0,0,0,0,59.3485152834938,36.314079284668,7.50810807055615,41.9877739956504,29.4061123550318,15.1165863050514,0,22.508810043335,18.6493104298909,38.6087646484375,23.8635763524921,26.7462179240058,10.7709373138074,27.0669883554632,49.982593536377,0,0,0,41.9309478822302,0,20.2169431686401,43.1965675354004,0,0,0,0,0,46.3000820695964,0,0,0,0,0,0,0,0,83.1311235427856,12.6087579727173,0,0,25.7592697143555,0,76.4717158441958,47.6411198148076,61.2388424120451,35.6933108877948,27.5341444673909,0,18.3469390929435,49.5165367126465,11.9577976904966
0,0,0,0,0,0,0,0,0,0,0,0,0,0,0,0,0,0,9.72281940359818,0,0,0,0,0,0,0,0,0,0,0,0,0,0,0,0,0,0,0,0,26.3691058525672,0,20.5419823884964,22.508810043335,0,0,0,0,0,0,14.4944829940796,0,0,0,0,0,0,0,0,0,0,0,0,0,0,0,0,0,0,0,0,28.4043292999268,0,22.7516689300537,0,0,0,0,0,42.0765752792358,0,28.2513781956264,0,32.8826681772868,0,17.8413878877958,0,0
0,0,0,0,0,0,0,0,0,0,0,0,0,0,0,0,0,0,3.77704191207886,0,0,0,0,0,0,0,0,0,0,0,0,0,0,0,0,0,0,0,0,0,0,0,18.6493104298909,0,0,0,0,0,0,0,0,0,0,0,0,0,0,0,0,0,0,0,0,39.3664283752441,0,0,0,0,0,0,0,0,0,0,0,0,0,0,0,0,0,0,10.9222857952118,0,5.83174872398376,0,0
0,16.1218382120132,0,18.1757131417592,0,37.009407043457,0,0,0,14.7332162857056,0,0,0,0,0,0,60.8744319279989,55.6904213769095,44.9544608504684,16.6575317382812,0,0,0,0,0,0,0,0,0,0,0,0,0,0,0,8.9006950803425,0,0,0,11.8301225914758,120.606452941895,40.3945922851562,38.6087646484375,0,0,0,0,30.8989524841309,29.2786893844604,34.5235847704338,0,15.5939302444458,0,0,0,14.9035596847534,0,20.3869953155518,0,26.337516784668,0,29.6754148801168,10.2478556785315,0,0,0,0,0,0,0,0,0,22.6218312382698,0,0,0,0,0,18.0729618956002,118.72827911377,19.050740750882,0,21.518984903524,0,12.1494949776855,89.7176971435547,0
24.9513921849868,0,18.6118284318505,0,0,0,0,0,0,0,0,0,0,0,0,0,57.6305038815453,76.4100570678711,44.91178917729,0,14.4839858327593,0,0,0,0,0,0,0,0,0,0,0,0,0,0,0,17.1031401963301,0,11.8432928494045,95.7705764770508,14.9671737428652,0,23.8635763524921,0,0,0,0,44.1389554341634,40.0753057621143,43.2343482971191,0,0,0,0,38.3907467978341,0,0,0,18.5321769714355,0,0,0,0,13.5965912703634,0,0,0,0,0,0,0,0,0,0,0,0,0,0,111.313891092936,23.3004630310758,0,30.3278535530392,29.4844919880954,0,19.942264093543,0,44.5696729932513
44.3118877410889,38.7734727859497,33.7322421073914,34.9379768371582,0,40.4371795654297,0,0,0,0,0,0,0,0,0,0,0,0,0,0,0,23.2402481502957,0,0,0,0,0,0,0,0,0,5.01363325119019,4.47918412122647,6.10118891756283,4.96625788467143,16.94680519104,28.021021769597,12.2661642126921,13.3207720375061,25.6887671152751,16.9857469201088,11.5581974894912,26.7462179240058,0,0,30.8989524841309,44.1389554341634,0,9.43476139456912,9.90644523523692,0,41.1556034088135,0,0,44.0407218933105,0,0,40.6556434631348,0,40.6741027832031,0,44.8028793334961,0,0,0,0,0,0,0,0,0,0,30.9805653889974,0,7.79954275612053,4.69657937382425,8.13608880523765,3.80443289143373,10.8856352763961,12.2274921838917,14.4711123201582,28.480380528503,9.30179411637156,0,13.976514208172,0,0
6.0744685079,49.5572076455141,13.9340596422553,38.694461277553,0,0,0,0,11.6186202565829,51.64453125,0,0,0,0,0,0,91.6506652832031,0,56.6052004496256,0,0,45.1946267022027,17.4386663724141,0,6.58512798477622,0,0,0,0,0,0,7.53108894824982,8.16566097736359,20.0420004070782,8.38209126433548,18.4830760320028,26.3876385688782,33.0870945759309,7.60456022751041,31.5574913024902,8.6919822730124,24.1448754142312,10.7709373138074,0,0,29.2786893844604,40.0753057621143,9.43476139456912,0,21.2408234395376,54.1017646789551,42.572135925293,0,0,11.6541050816404,0,6.29108996290556,44.9542274475098,5.00019565082732,47.1659164428711,3.480675383618,57.2357158660889,0,46.3290751320975,46.4819107055664,9.67310203986344,0,5.48823274672031,0,5.39659570245182,0,4.4813583485178,40.8392200469971,0,14.7557102203369,6.75615933362175,17.1161529740622,0,36.1663289864858,13.9274125287197,35.0768067433954,9.44196353010638,12.8202617457247,0,16.1400308845824,41.5854144096375,9.09381864621089
53.7571822272407,6.80298175046473,0,21.3980881038465,0,39.8216943740845,0,0,0,6.20293418927626,0,0,0,0,0,0,71.3626937866211,61.6143542698451,55.9261589050293,0,0,11.2709321490598,51.2238578796387,7.12311927974224,0,0,0,0,0,0,0,6.47006177902222,0,6.7409837551606,19.4054355621338,21.8759522967868,22.3953628540039,7.66107744505834,40.0685724894206,11.707541538282,0,17.4621819297824,27.0669883554632,14.4944829940796,0,34.5235847704338,43.2343482971191,9.90644523523692,21.2408234395376,0,0,45.6775267629912,0,0,0,11.4420144589324,0,11.2651553272094,0,23.3993861879621,0,37.8605879334842,28.8955866098404,80.4537353515625,10.7479958958421,51.019359588623,8.1130484332072,0,4.00524743398031,0,7.72876038551331,0,18.4991307258606,0,9.52599614705795,0,7.82114989320997,0,26.8813758400508,25.7341850068834,10.0076459255329,40.1608421720307,12.8174672184407,0,13.7990942507434,22.0262294916006,43.142406463623
0,0,7.70420737493606,0,3.65759911239147,0,0,0,4.36494236671372,0,0,0,2.71496772766113,0,2.96046757698059,0,0,0,0,0,6.18107167081018,0,0,0,0,0,0,0,0,0,0,0,0,0,0,0,0,0,0,0,0,0,49.982593536377,0,0,0,0,0,54.1017646789551,0,0,0,0,0,6.53528251250585,0,0,0,3.09117261568705,0,2.95214235782623,0,0,25.9450438022614,0,0,0,0,0,0,0,0,0,0,0,0,0,0,0,0,0,0,4.10108661210095,0,7.26173450811854,0,0
0,0,0,9.33553997576237,0,3.46288075617381,0,2.95894980430603,0,14.3692360204809,0,0,0,0,0,6.42644270983609,0,72.9671478271484,0,11.2093048095703,0,0,0,0,0,0,0,0,0,0,0,0,0,0,0,20.4399019588124,0,0,0,39.0650602487417,0,50.9504854838053,0,0,0,15.5939302444458,0,41.1556034088135,42.572135925293,45.6775267629912,0,0,0,0,0,0,0,4.42685222625732,0,3.32268451690674,0,5.09973836380597,0,0,0,0,0,0,0,0,43.0411415100098,0,36.5750598907471,0,0,0,0,0,27.0462871193886,43.1916427612305,63.5095901489258,0,25.9384574788682,0,25.808244988725,0,0
0,0,0,0,0,0,2.99436172279152,0,0,0,0,0,0,0,0,0,0,0,0,0,0,0,0,0,0,0,0,0,0,0,0,0,0,0,0,0,0,0,0,0,0,0,0,0,0,0,0,0,0,0,0,0,0,0,0,0,0,0,0,0,0,0,0,0,0,0,0,0,0,0,0,0,0,0,0,0,0,0,0,0,0,0,2.74104428291321,0,0,0,0
0,0,0,0,0,0,0,0,0,0,0,4.42914535403252,0,0,0,0,0,0,0,0,0,0,0,0,0,0,0,0,0,0,0,0,0,0,0,0,0,0,0,0,0,0,0,0,0,0,0,0,0,0,0,0,0,0,0,0,0,3.59646851675851,0,0,0,0,0,0,0,0,0,0,0,0,0,0,0,0,0,0,0,0,0,0,0,0,0,0,0,0,0
6.31135737922634,0,8.2179089827971,0,5.94159516266414,0,0,0,6.1515012206258,0,0,0,0,0,0,0,2.95123934745789,0,25.2223993937174,0,0,0,0,0,0,0,0,0,0,0,0,0,0,0,0,0,0,0,12.2251532112094,0,50.0007316589355,0,41.9309478822302,0,0,0,38.3907467978341,44.0407218933105,11.6541050816404,0,6.53528251250585,0,0,0,0,0,6.40101671218872,0,4.72498628497124,0,3.49069013174842,0,0,46.3210201263428,0,0,0,7.65295150285556,0,0,0,0,0,0,0,0,0,0,0,49.8478765487671,0,13.9008976738408,5.38515795397962,4.41936464309692,18.2839309002337,0,0
0,7.27880968035836,0,7.545083655315,0,5.64708193143209,0,0,0,4.95833693600301,0,0,0,0,0,3.44149764378866,0,11.9076892137527,11.0449092388153,0,0,0,0,30.8294334411621,0,0,0,0,0,0,0,0,0,0,0,0,0,11.6575226991073,0,35.7976791381836,0,37.6038044582714,0,0,0,14.9035596847534,0,0,0,11.4420144589324,0,0,0,0,0,0,0,0,0,0,0,3.12390930950642,0,0,0,0,9.20409355767362,0,0,0,0,0,37.4680366516113,0,0,0,0,0,48.8664627075195,0,12.0669518617483,0,8.29976964496193,0,15.8162772595128,0,0
0,0,3.75385175484877,0,0,0,3.09902091587291,0,0,0,7.12690633347126,0,3.92238898810587,0,0,0,0,0,0,0,4.65080463819664,0,0,0,0,0,0,0,2.79592037200928,0,3.46894753925384,0,0,0,0,0,4.24999852084258,0,11.3946529506079,0,0,0,20.2169431686401,0,0,0,0,0,6.29108996290556,0,0,0,0,0,6.40101671218872,0,0,0,5.07705348290257,0,5.7652147436142,0,0,4.23748187715792,0,0,0,0,0,3.5926787853241,0,7.69375272591909,0,7.82062875453512,0,0,0,0,0,5.56261883751821,0,15.7046358294603,4.23255542500023,5.34486138170416,8.08039070669131,0,0
0,3.99082191173847,0,5.14204237858454,0,0,0,3.48629733394174,0,26.5568447113037,0,5.54936695333113,0,4.35456798063672,0,0,0,0,32.8371643066406,9.03895378112793,0,0,0,0,0,0,0,2.98061243452207,0,7.9471344880338,0,0,0,0,0,10.4798955367162,0,7.20663376735095,0,40.4398105621338,0,19.0161129836749,43.1965675354004,0,0,20.3869953155518,0,40.6556434631348,44.9542274475098,11.2651553272094,0,4.42685222625732,0,3.59646851675851,0,0,0,0,0,5.85468979255628,0,4.3826003074646,7.72230413509092,0,0,0,0,0,0,0,9.3238959644522,0,7.61744873309564,0,0,0,0,0,23.9103394536411,0,9.63589084798639,0,8.17951694897243,0,7.11632693856754,16.225989818573,0
0,0,4.60848889398416,0,0,0,3.57986577068056,0,0,0,3.33639931164199,0,4.36383745550666,0,3.76473963647275,0,0,0,0,0,0,0,0,0,0,0,0,0,3.06520402431488,0,0,0,0,0,0,0,0,0,0,0,0,0,0,0,0,0,18.5321769714355,0,5.00019565082732,0,3.09117261568705,0,0,0,4.72498628497124,0,5.07705348290257,0,0,0,4.44786898370059,0,0,35.8120384216309,0,0,0,0,0,0,0,6.13620234790601,0,0,0,0,0,0,0,47.4025802612305,0,0,3.72740081386659,4.15553745817631,6.45023935599761,0,0
0,7.13259348002347,0,6.25160111594986,0,0,0,0,0,0,0,3.02623384287863,0,3.58515711633103,0,3.5870069861412,0,0,77.6973724365234,0,0,0,0,0,0,0,0,3.23833253196482,0,0,0,0,0,0,0,20.27003809611,0,0,0,36.7663183848063,0,45.0679452078683,0,0,0,26.337516784668,0,40.6741027832031,47.1659164428711,23.3993861879621,0,3.32268451690674,0,0,0,0,0,5.85468979255628,0,0,0,6.7017661288603,11.9679290907724,0,0,0,0,0,0,0,3.08109419996088,0,39.6401386260986,0,0,0,0,0,29.8681974411011,0,0,0,10.3785047557917,3.24726958932548,12.1105686221804,0,0
3.17714305545973,0,3.71656934420268,0,3.81158429157885,0,0,0,4.02937860055403,0,0,0,4.36789757864816,0,4.9097111951906,0,5.45974558049982,49.6286163330078,0,0,0,0,0,0,0,0,0,0,0,0,0,0,0,0,0,0,0,0,0,0,0,0,0,0,0,0,0,0,3.480675383618,0,2.95214235782623,0,0,0,3.49069013174842,0,5.7652147436142,0,4.44786898370059,0,0,0,0,0,0,0,0,0,0,0,0,3.57473953564962,0,0,0,0,0,0,0,0,0,0,3.36745902441316,3.3638633945015,3.29286079657705,0,0
0,4.66358397901058,0,6.94504758569061,0,5.59365436305171,0,0,0,7.03164713762023,0,0,0,2.97845823747398,0,3.53944501665331,0,3.3551696340243,74.2361450195312,0,0,0,0,0,0,0,0,0,0,0,0,0,0,0,0,23.6497001647949,0,0,0,37.7063671112061,0,44.3561542217548,0,0,0,29.6754148801168,0,44.8028793334961,57.2357158660889,37.8605879334842,0,5.09973836380597,0,0,0,3.12390930950642,0,4.3826003074646,0,6.7017661288603,0,0,0,0,0,0,0,0,0,0,0,0,39.7480354309082,0,0,0,0,0,47.2811677932739,0,0,0,19.1144572293983,3.28939514926502,27.4943045883179,0,0
0,30.7408561706543,0,7.98953580856323,0,6.24099472590855,0,0,0,0,0,4.30335997379096,0,0,0,0,72.0229263305664,104.269172668457,54.825777053833,5.29364045223859,0,0,0,0,0,0,0,0,0,0,0,0,0,0,0,5.65179133256453,0,5.64505930204649,0,6.31581802500619,0,19.9502006072998,0,0,0,10.2478556785315,0,0,0,28.8955866098404,0,0,0,0,0,0,0,7.72230413509092,0,11.9679290907724,0,0,0,0,0,0,0,0,0,0,14.6086594301112,0,11.4935516732326,0,0,0,0,0,7.87096275251303,0,10.5248304601675,0,11.1424908783701,0,8.51417317632114,16.7699413299561,0
32.6922822594643,0,29.7377588748932,0,0,0,0,0,0,0,4.9297353089866,0,0,0,0,0,70.674916267395,84.5819293430873,53.197145272815,0,5.57263352848921,0,0,0,0,0,0,0,0,0,0,0,0,0,0,0,7.20795596970452,0,10.7889392394008,80.9535980224609,8.57648317413397,0,46.3000820695964,0,39.3664283752441,0,13.5965912703634,0,46.3290751320975,80.4537353515625,25.9450438022614,0,0,0,46.3210201263428,0,4.23748187715792,0,35.8120384216309,0,0,0,0,0,0,0,0,0,0,0,0,0,0,0,0,0,0,0,98.8606719970703,11.067524361581,0,11.5750802622425,30.0383980636555,0,20.1686486489733,0,51.1473375956217
0,0,0,0,0,0,0,0,0,0,0,0,0,0,0,0,0,2.8666187286377,0,0,0,5.83148615968107,7.00015849400969,7.04459408434426,0,3.71566008776426,0,3.7579190294917,0,0,0,0,0,0,0,0,0,10.9334510857942,3.5941595349993,0,0,0,0,0,0,0,0,0,46.4819107055664,10.7479958958421,0,0,0,0,0,0,0,0,0,0,0,0,0,0,0,5.49472630023956,7.25228799967205,0,4.68206578091933,0,3.50563935077552,0,0,0,0,0,0,0,0,0,5.25065769740513,0,5.07762290071125,5.79189279344347,22.7594304518266,0,0
0,0,0,0,0,0,0,0,0,0,0,0,0,0,0,0,4.74899125099182,0,0,0,0,5.44453142410101,5.31738326676378,0,3.20342363630022,0,5.11587613353542,0,5.67039614987661,0,0,0,0,0,0,0,0,0,8.39696591259563,0,0,0,0,0,0,0,0,0,9.67310203986344,51.019359588623,0,0,0,0,0,0,0,0,0,0,0,0,0,0,5.49472630023956,0,0,2.96569506824017,0,5.14938923945794,0,4.66886570646956,0,0,0,0,0,0,0,0,0,5.20387474954629,4.45707931353091,0,27.4701843261719,0,0
0,5.70993905887008,0,0,0,0,0,0,0,3.71997364362081,0,0,0,0,0,0,0,4.70924564202627,0,0,0,13.4136033232292,0,3.59346774229809,0,4.38914228658207,0,0,0,0,0,0,0,0,0,0,0,10.1247669402364,0,0,0,9.4624137878418,0,0,0,0,0,0,0,8.1130484332072,0,0,0,0,0,9.20409355767362,0,0,0,0,0,0,0,0,7.25228799967205,0,0,0,4.702904732489,0,0,0,0,0,0,0,0,0,0,0,13.6889749221722,0,4.6490533465046,0,7.032783025919,0,0
5.3041217143719,0,0,0,0,0,0,0,4.99284250736237,0,0,0,0,0,0,0,22.736255645752,0,4.7286726474762,0,0,0,4.74307985816683,0,4.45449789809553,0,4.00075417285343,0,0,0,0,0,0,0,0,0,0,0,9.95633561872855,0,0,0,0,0,0,0,0,0,5.48823274672031,0,0,0,0,0,7.65295150285556,0,0,0,0,0,0,0,0,0,0,2.96569506824017,0,0,0,4.85829021686163,0,0,0,0,0,0,0,0,0,0,0,8.20142688077543,3.23135023550554,0,7.36568890642,0,0
0,0,0,0,0,0,0,0,0,0,0,0,0,0,0,0,37.872080485026,8.41020775503582,32.7543258666992,0,0,8.64531135559082,0,5.8087500333786,0,3.12493560711543,0,4.25281339883804,0,0,0,0,0,0,0,0,0,0,0,0,0,0,0,0,0,0,0,0,0,4.00524743398031,0,0,0,0,0,0,0,0,0,0,0,0,0,0,4.68206578091933,0,4.702904732489,0,0,0,4.77012819695934,0,0,0,0,0,0,0,80.3240814208984,0,0,0,8.96600587423458,0,2.91728252977938,0,0
0,0,0,0,0,0,0,0,0,0,0,0,0,0,0,0,10.0407488677505,34.751640236896,36.1392171859741,0,0,0,3.05770847797394,0,4.8917450414945,0,3.19992841520617,0,6.60002585252126,0,0,0,0,0,0,0,0,0,0,0,0,0,0,0,0,0,0,0,5.39659570245182,0,0,0,0,0,0,0,3.5926787853241,0,0,0,0,0,0,0,0,5.14938923945794,0,4.85829021686163,0,0,0,4.47399217591566,0,0,0,0,0,0,0,62.5776100158691,0,0,14.0757339715958,0,69.6302871704102,0,0
0,0,0,0,0,0,0,0,0,0,0,0,0,0,0,0,0,0,0,0,0,3.73298289035929,0,0,0,0,0,3.63999933153263,0,3.73795197281656,0,0,0,0,0,0,0,3.05374413728714,0,49.5381088256836,0,24.2912326812744,0,28.4043292999268,0,0,0,0,0,7.72876038551331,0,43.0411415100098,0,0,0,0,0,9.3238959644522,0,3.08109419996088,0,0,14.6086594301112,0,3.50563935077552,0,0,0,4.77012819695934,0,0,0,4.50472137525484,0,0,0,0,0,49.6327247619629,0,4.48882615819063,0,3.22571175439017,2.95353376865387,10.1501154436149,22.697660446167,0
0,0,0,0,0,0,0,0,0,0,0,0,0,0,0,0,0,0,0,0,0,0,7.00671051302527,0,0,0,2.96917004682864,0,4.87885835292931,0,3.86830904863883,0,0,0,0,0,0,0,0,0,0,0,0,0,0,0,0,0,4.4813583485178,0,0,0,0,0,0,0,7.69375272591909,0,6.13620234790601,0,3.57473953564962,0,0,0,0,4.66886570646956,0,0,0,4.47399217591566,0,0,0,5.19842184157599,0,0,0,0,0,0,0,4.8369952820717,3.78991962042381,3.09864182183237,8.96954210970899,0,0
0,23.311450958252,0,28.1118816375732,0,0,0,0,0,38.6331825256348,0,4.26705612025215,0,0,0,0,109.770908355713,60.6662254333496,33.4576732928936,0,0,0,0,0,0,0,0,2.86555616701803,0,4.03248667070509,0,0,0,0,0,39.316967010498,56.5114097595215,5.32445397188789,0,42.9393633674173,0,20.7488723135831,83.1311235427856,22.7516689300537,0,22.6218312382698,0,30.9805653889974,40.8392200469971,18.4991307258606,0,36.5750598907471,0,0,0,37.4680366516113,0,7.61744873309564,0,39.6401386260986,0,39.7480354309082,11.4935516732326,0,0,0,0,0,0,0,4.50472137525484,0,0,0,0,0,0,0,51.004067140467,0,6.57646113481649,0,38.1343918641408,0,14.782543939364,18.1581690822329,0
0,0,0,0,0,0,0,0,0,0,2.84397561409894,0,0,0,0,0,0,0,0,0,0,0,0,0,0,0,0,0,4.53165957927704,0,4.22479960817279,0,0,0,0,0,0,0,4.74092681267682,0,29.4235566854477,0,12.6087579727173,0,0,0,0,0,0,0,0,0,0,0,0,0,7.82062875453512,0,0,0,0,0,0,0,0,0,0,0,0,0,0,5.19842184157599,0,0,0,0,0,0,0,0,0,5.14238290372908,3.0263874790456,3.43550393436894,5.92582914036905,0,0
0,0,0,0,0,0,0,0,0,0,0,0,0,0,0,0,0,0,0,0,0,0,0,0,0,0,0,0,0,0,0,5.38213861828574,5.72564919389409,18.260398742427,12.3059655969793,4.37806398941818,0,0,0,0,0,0,0,0,0,0,0,7.79954275612053,14.7557102203369,9.52599614705795,0,0,0,0,0,0,0,0,0,0,0,0,0,0,0,0,0,0,0,0,0,0,0,0,0,5.52251749038696,9.21653681331211,8.02775965796577,6.00458910415223,27.8015464435924,0,0,5.78792661772834,0,0,0,0
0,0,0,0,0,0,0,0,0,0,0,0,0,0,0,0,0,0,0,0,0,0,0,0,0,0,0,0,0,0,0,4.89016098503009,5.89712583448394,0,9.58648672543074,0,10.3265256345625,0,0,0,0,0,0,0,0,0,0,4.69657937382425,6.75615933362175,0,0,0,0,0,0,0,0,0,0,0,0,0,0,0,0,0,0,0,0,0,0,0,0,0,5.52251749038696,0,0,6.60516246022849,0,5.25103789543751,0,0,3.33991604346734,0,0,0,0
0,0,0,0,0,0,0,0,0,0,0,0,0,0,0,0,0,0,0,0,0,0,0,0,0,0,0,0,0,0,0,15.3806017707376,9.11160781648424,5.6038261718812,5.6997120368345,6.87158708175871,0,9.87558480921914,7.57781532151358,0,0,0,25.7592697143555,0,0,0,0,8.13608880523765,17.1161529740622,7.82114989320997,0,0,0,0,0,0,0,0,0,0,0,0,0,0,0,0,0,0,0,0,0,0,0,0,9.21653681331211,0,0,7.46564526557922,6.37163029105164,29.2971885681152,5.15146838265953,7.16005654633045,5.47215987308339,3.98226200209724,0,0,0
0,0,0,0,0,0,0,0,0,0,0,0,0,0,0,0,0,0,0,0,0,0,0,0,0,0,0,0,0,0,0,7.03996098836263,6.0172984149005,6.76936760106507,4.89996450837863,0,5.85099437280937,4.85836410522461,7.15061116218567,0,0,0,0,0,0,0,0,3.80443289143373,0,0,0,0,0,0,0,0,0,0,0,0,0,0,0,0,0,0,0,0,0,0,0,0,0,0,8.02775965796577,6.60516246022849,7.46564526557922,0,16.1198164621989,7.44823636442128,0,6.33400107112875,4.33152779005468,0,0,0,0
0,35.8654192465323,0,32.4974470753824,0,9.15564431967559,0,0,0,94.1135635375977,0,6.41332987340516,0,0,0,0,79.38594350275,72.1381624151159,53.0984294202744,7.48014766821578,0,0,0,0,0,80.005615234375,0,0,0,0,0,5.39155428377543,0,8.79044253554525,11.7182931900024,6.70129475468015,3.63235147794088,7.12895051184757,0,17.0027927840538,130.424346923828,43.6603597159204,76.4717158441958,42.0765752792358,0,18.0729618956002,111.313891092936,10.8856352763961,36.1663289864858,26.8813758400508,0,27.0462871193886,0,0,0,48.8664627075195,0,23.9103394536411,0,29.8681974411011,0,47.2811677932739,7.87096275251303,98.8606719970703,0,0,0,0,80.3240814208984,0,49.6327247619629,0,51.004067140467,0,6.00458910415223,0,6.37163029105164,16.1198164621989,0,59.2721893191338,11.7208043650577,0,19.8222838546136,0,28.6833825591609,39.4082048294392,0
35.9069294884091,0,36.4655175890241,0,28.003833770752,0,0,0,0,0,4.7890575514411,0,0,0,0,0,72.1873815577963,89.6197844972002,55.0455297239921,0,6.20770162766178,0,0,0,0,99.0854644775391,0,0,0,0,0,20.3997955322266,8.56960819041834,0,5.90061915747766,5.21694813498968,6.91332650392559,0,9.85235693417901,105.280405680339,13.4139318776067,95.520658493042,47.6411198148076,0,0,118.72827911377,23.3004630310758,12.2274921838917,13.9274125287197,25.7341850068834,0,43.1916427612305,0,0,49.8478765487671,0,5.56261883751821,0,47.4025802612305,0,0,0,0,11.067524361581,0,0,0,0,0,62.5776100158691,0,0,0,0,27.8015464435924,5.25103789543751,29.2971885681152,7.44823636442128,59.2721893191338,0,171.914779663086,10.9007794311138,23.0392977311483,0,24.9517124341001,0,32.4944304965791
69.585880279541,40.7245197296143,0,38.1076083183289,0,0,0,0,70.2502136230469,15.0263879861954,0,7.34362726797679,0,0,0,0,81.8956987380981,65.4322483943059,44.8553788757324,9.94796434549185,0,5.90282454995009,0,10.1705445111593,0,0,0,3.65677404403687,0,5.46849520558217,0,0,0,6.69118605830712,14.7431163787842,9.33768522016304,0,5.86542079936828,10.3981218173586,29.4529437910917,0,17.3457265305519,61.2388424120451,28.2513781956264,0,19.050740750882,0,14.4711123201582,35.0768067433954,10.0076459255329,0,63.5095901489258,0,0,0,12.0669518617483,0,9.63589084798639,0,0,0,0,10.5248304601675,0,5.25065769740513,0,13.6889749221722,0,0,0,4.48882615819063,0,6.57646113481649,0,0,0,5.15146838265953,0,11.7208043650577,171.914779663086,0,21.8948795103258,16.421546089444,5.03180393150875,15.0293225584675,24.4677095499906,64.7140579223633
