0,0,5.33735406007006,0,0,0,0,0,3.7595540471375,0,0,0,0,0,0,0,22.3582187935158,0,14.0025514641853,0,0,0,0,0,0,0,0,0,0,0,0,0,0,0,0,0,54.5786010742188,0,0,0,28.2275724411011,0,15.0675879800042,0,0,0,35.1158866882324,0,7.0494857084501,0,0,0,0,0,3.69460383653641,0,22.7335643768311,0,0,0,9.20499205589294,0,0,35.6781349182129,0,0,0,0,0,0,0,0,0,29.5203399658203,0,0,0,0,0,48.3892965009136,0,36.8707904815674,5.82176600004497,0,10.5232742698601,0,13.4153242111206
0,0,0,4.18137097358704,0,0,0,0,0,3.92400185485863,0,0,0,0,0,5.69536590576172,0,0,9.55838131904602,0,0,0,0,0,0,0,0,0,0,0,0,0,0,0,0,49.1055870056152,0,0,0,38.4741776784261,0,19.1089211239627,0,0,0,13.0363831520081,0,0,0,5.36445590252739,0,0,0,0,0,4.96691337599731,0,14.6845116615295,0,0,0,4.82439708171931,38.7099367777506,0,38.1903476715088,0,5.77736001968384,0,0,0,6.93338918685913,0,35.3464226722717,0,0,0,0,0,37.3175532109029,0,19.6647143363953,0,6.21776691289015,0,9.11580648318233,13.4372463226318,0
5.33735406007006,0,0,0,15.5457458142881,0,0,0,12.3938456243939,0,0,0,0,0,0,0,0,0,54.386168162028,0,0,0,0,0,0,0,0,0,0,0,0,0,0,0,0,0,16.4326744832491,0,0,0,43.1638948917389,0,24.631934419463,0,0,0,28.7223245075771,36.1678826468331,16.2744863752661,0,7.65616627397208,0,0,0,6.14819407236008,0,20.5574123209173,0,4.3072047829628,0,5.26635020309024,0,0,26.3089647293091,0,0,0,0,0,0,0,0,0,27.9481679955307,0,0,0,0,0,25.6551905180279,0,32.6080443064372,10.0380758433619,0,24.0035107778218,0,13.6978885173798
0,4.18137097358704,0,0,0,4.67565882205963,0,0,0,6.13608841572778,0,0,0,0,0,0,0,63.6407623291016,67.6864827473958,15.0485209465027,0,91.4379577636719,0,0,0,0,0,0,0,0,0,0,0,0,0,15.8306010930966,33.2223091125488,0,0,38.4418415742762,0,29.8165891738165,0,0,0,19.8016322453817,0,37.1176278250558,0,9.2144888343811,0,7.74547266292572,0,0,0,6.91343100692915,104.987945556641,18.5032922625542,0,7.13823130883669,0,6.30226212882345,25.5096092224121,0,39.861572265625,0,0,0,0,0,32.9030149550665,0,29.7777723096452,0,0,0,0,0,42.8143283782467,65.721305847168,35.2635246351653,0,11.0867390394706,0,16.8214303722775,26.3664251963298,0
0,0,15.5457458142881,0,0,0,3.81350897360539,0,2.83973831396837,0,0,0,0,0,2.78840928077698,0,66.1535720825195,0,0,0,14.9976780414581,0,0,0,0,0,0,0,0,0,0,0,0,0,0,0,19.4040822982788,0,0,0,0,0,40.2207932472229,0,0,0,50.4216041564941,42.0699596405029,39.0097859700521,0,5.02251890792122,0,5.03098098589824,0,3.20018994808197,0,2.73783135414124,0,0,0,3.84008910987951,0,0,15.2837815284729,0,0,0,0,0,0,0,0,0,0,0,0,0,0,0,25.485541863875,0,0,8.42193219199109,6.45010662078857,20.6722132321951,0,0
0,0,0,4.67565882205963,0,0,0,3.24272873401642,0,3.11536906223104,0,0,0,0,0,3.16972611099482,0,0,0,6.32454752922058,0,0,0,0,0,0,0,0,0,0,0,0,0,0,0,10.0097270105399,0,0,0,0,0,0,0,0,0,0,0,0,0,0,0,4.17180084025887,0,0,0,3.45969659090042,0,3.38636943272182,0,0,0,2.93820449580317,7.51202814919608,0,0,0,0,0,0,0,0,0,0,0,0,0,0,0,15.8036048412323,0,0,0,3.52527361925911,3.52493361029962,6.18074529311236,0,0
0,0,0,0,3.81350897360539,0,0,0,0,0,3.93435708854509,0,5.40972661355446,0,0,0,0,0,0,0,0,0,0,0,0,0,0,0,0,0,0,0,0,0,0,0,0,0,0,0,0,0,0,0,0,0,0,0,0,0,4.74266346295675,0,5.32506985386364,0,0,0,5.02809997580268,0,4.46806441602253,0,0,0,0,0,0,0,0,0,0,0,0,0,0,0,0,0,0,0,0,0,0,0,4.26624183478179,3.05381568995389,0,0,0
0,0,0,0,0,3.24272873401642,0,0,0,0,0,0,0,2.88262383143107,0,0,0,0,0,0,0,0,0,0,0,0,0,0,0,0,0,0,0,0,0,0,0,0,0,0,0,0,0,0,0,0,0,0,0,0,0,4.41026285171509,0,3.58501756858159,0,0,0,4.03273126057216,0,0,0,0,0,0,0,0,0,0,0,0,0,0,0,0,0,0,0,0,0,0,0,0,3.82383828913724,2.84882807731628,0,0,0
3.7595540471375,0,12.3938456243939,0,2.83973831396837,0,0,0,0,0,0,0,0,0,3.28793301582336,0,0,0,0,0,0,0,0,0,2.94783218701681,0,0,0,0,0,0,0,0,0,0,0,25.2975654602051,0,7.6565367380778,0,53.4681854248047,0,6.38165349729599,0,0,0,65.2652587890625,0,46.5270660400391,0,6.51969326459445,0,0,0,5.31834951330796,0,0,0,0,0,4.93524867012387,0,0,16.4262371063232,0,0,0,4.66517046229045,0,0,0,0,0,0,0,0,0,0,0,29.1473738352458,0,9.47423141736251,6.23018816122586,0,24.8017741918564,0,3.81194945335388
0,3.92400185485863,0,6.13608841572778,0,3.11536906223104,0,0,0,0,0,0,0,0,0,2.80326211452484,0,21.618984858195,0,0,0,0,0,4.04829704761505,0,0,0,0,0,0,0,0,0,0,0,22.8982944488525,0,6.96182373032641,0,0,0,4.96721792221069,0,0,0,0,0,0,0,7.83205172111248,0,4.14487670935117,0,0,0,3.73378226415131,0,0,0,4.22354602813721,0,4.25131630897522,0,0,0,0,3.32750096321106,0,0,0,0,0,62.5866775512695,0,0,0,0,0,0,0,8.66259723594508,0,6.62375435978174,0,6.78693862275763,0,0
0,0,0,0,0,0,3.93435708854509,0,0,0,0,0,4.42482459885733,0,0,0,0,0,0,0,3.09583418826534,0,0,0,0,0,0,0,0,0,7.39445183715042,0,0,0,0,0,2.79940536618233,0,4.62260345851674,0,0,0,0,0,0,0,0,0,0,0,0,0,4.48402315516805,0,0,0,6.56415807146374,0,2.89893127265184,0,0,0,0,8.58222714196081,0,0,0,0,0,0,0,0,0,8.67087295959736,0,0,0,0,0,0,0,4.792871412478,5.10581063868395,0,9.58002916971842,0,0
0,0,0,0,0,0,0,0,0,0,0,0,0,2.97379742308361,0,0,0,0,0,2.8904161793845,0,0,0,0,0,0,0,0,0,2.97486451955942,0,0,0,0,0,3.5323725768498,0,7.16858606155102,0,0,0,0,0,0,0,0,0,0,0,0,0,0,0,4.9157162362879,0,0,0,7.41323618119825,0,3.20023492953744,0,0,9.12832554578781,0,0,0,0,0,0,0,12.5894339906758,0,8.21915890837228,0,0,0,0,0,4.06037519091652,0,20.7429929733276,0,4.69314470767975,0,3.97092623370034,0,0
0,0,0,0,0,0,5.40972661355446,0,0,0,4.42482459885733,0,0,0,5.07370042800903,0,0,0,0,0,0,0,0,0,0,0,0,0,0,0,0,0,0,0,0,0,0,0,0,0,0,0,0,0,0,0,0,0,0,0,0,0,4.44160810112953,0,0,0,0,0,3.69088788143747,0,3.74794154331602,0,0,0,0,0,0,0,0,0,0,0,0,0,0,0,0,0,0,0,0,0,6.07699790596962,0,0,0,0
0,0,0,0,0,0,0,2.88262383143107,0,0,0,2.97379742308361,0,0,0,3.76744215829032,0,0,0,0,0,0,0,0,0,3.69187849760056,0,3.09272124149181,0,0,0,0,0,0,0,0,0,0,0,0,0,0,0,0,0,0,0,0,0,0,0,0,0,0,0,0,0,2.89384437799454,0,4.0995292396731,0,5.58642766804531,0,0,0,0,0,0,3.80673635005951,0,5.15189715547765,0,0,0,0,0,0,0,0,0,0,0,2.87784135341644,2.84583699703217,0,0,0
0,0,0,0,2.78840928077698,0,0,0,3.28793301582336,0,0,0,5.07370042800903,0,0,0,19.2010714213053,0,0,0,0,0,0,0,3.30633481343587,0,0,0,0,0,0,0,0,0,0,0,0,0,0,0,0,0,0,0,0,0,0,0,0,0,3.44471677144369,0,0,0,4.89776086807251,0,0,0,3.22731631142753,0,4.09871100311849,0,0,0,0,0,0,6.15413055094806,0,5.08347797393799,0,0,0,0,0,0,0,0,0,0,0,0,0,0,0,0,0
0,5.69536590576172,0,0,0,3.16972611099482,0,0,0,2.80326211452484,0,0,0,3.76744215829032,0,0,0,0,0,0,0,0,0,0,0,3.38204801082611,0,3.12557787895203,0,0,0,0,0,0,0,0,0,0,0,0,0,0,0,0,0,0,0,0,0,3.16627740859985,0,3.74732734262943,0,0,0,2.94093585014343,0,0,0,5.9616747671558,0,3.04379599031649,0,0,0,0,0,0,0,0,0,0,0,0,0,0,0,0,0,0,0,0,3.13999491646176,3.38604617118835,0,0,0
22.3582187935158,0,0,0,66.1535720825195,0,0,0,0,0,0,0,0,0,19.2010714213053,0,0,23.0168140117957,20.4182052198939,0,0,0,4.35517707775379,0,17.333930015564,70.8052062988281,14.1349256405464,0,0,0,0,0,0,0,0,109.876293182373,95.8370414310031,0,82.5534842354911,75.2269492376418,63.1564746563251,65.8475320604112,43.7283308966118,41.5322437286377,0,65.259831237793,61.5865348122337,0,0,63.9386367797852,0,0,0,0,0,0,68.2594404220581,0,0,0,0,0,79.6800714575726,69.4383211357649,0,4.30395405432757,0,0,0,0,105.702808380127,0,84.378833770752,71.3284595196064,0,0,0,0,81.870341153489,77.2782441315828,79.8268747329712,66.6933272118662,15.1351117419416,5.27380895832956,53.9335047596633,64.3436492919922,39.4944870301655
0,0,0,63.6407623291016,0,0,0,0,0,21.618984858195,0,0,0,0,0,0,23.0168140117957,0,21.4077425719225,0,0,4.02493182182312,0,0,0,13.3819253720528,0,0,0,0,0,0,0,0,0,91.3754768371582,107.923749923706,101.168357849121,105.733287811279,71.7316348736103,78.5334055973933,52.0461948895064,62.3065050443014,55.9583358764648,0,54.1192970275879,76.4981788866448,89.8247604370117,0,66.4023793538411,0,0,0,0,0,0,100.951309204102,79.3660430908203,0,0,0,0,73.2743693265048,89.628154407848,0,0,0,0,9.32748909919493,0,98.294506072998,0,68.7098350524902,79.8376293182373,0,0,0,0,78.9980658649528,91.6042261653476,73.5608461740855,93.3874844868978,13.4416505242112,5.26116597539684,66.4345302581787,43.7470220677993,57.3197561899821
14.0025514641853,9.55838131904602,54.386168162028,67.6864827473958,0,0,0,0,0,0,0,0,0,0,0,0,20.4182052198939,21.4077425719225,0,0,0,96.4824447631836,0,0,0,26.3576240539551,18.0489063262939,0,0,0,0,0,0,0,0,72.2492317008972,77.7620047771285,62.5167448861258,77.6918149361244,50.9314055728912,52.9010885133216,32.0224529953477,32.1299704180823,27.8181352576902,33.5633432600233,39.4118681307192,46.9971898475579,66.7628470526801,73.7400736127581,49.1332484025222,0,0,0,0,0,0,48.6804337752493,46.0459735870361,0,89.5354690551758,0,54.557975769043,55.7687858306256,57.8505337124779,101.221336364746,0,0,0,0,0,55.8551799229213,53.865364074707,48.2289065066899,49.9067408045133,0,0,57.3884811401367,0,56.3891365075012,63.0948407148233,45.843855176185,56.557986456348,15.2202795283511,16.1697311401367,33.4806383857975,27.3318132582494,34.8676139500182
0,0,0,15.0485209465027,0,6.32454752922058,0,0,0,0,0,2.8904161793845,0,0,0,0,0,0,0,0,0,0,0,0,0,0,0,0,0,0,0,0,0,0,0,5.05143097426077,0,13.4950455129147,0,0,0,0,0,0,0,0,0,0,0,0,0,6.89050387081347,0,0,0,0,0,4.03495481139735,0,21.4964656829834,0,21.8299293518066,4.01961198194849,0,0,0,0,0,0,0,0,0,0,0,0,0,0,0,7.54123470142706,0,15.4910723141262,0,8.09426882863045,0,10.8006443977356,0,0
0,0,0,0,14.9976780414581,0,0,0,0,0,3.09583418826534,0,0,0,0,0,0,0,0,0,0,0,0,0,0,0,0,0,0,0,0,0,0,0,0,0,5.27139168743483,0,3.21750774631253,0,0,0,0,0,0,0,0,0,33.9838066101074,0,10.4556716013763,0,0,0,0,0,4.64464969988222,0,0,0,0,0,0,5.2237002695308,0,0,0,0,0,0,0,0,0,0,0,0,0,0,0,7.95623631185202,0,13.4083440303802,2.80319415198432,0,5.58573972384135,0,0
0,0,0,91.4379577636719,0,0,0,0,0,0,0,0,0,0,0,0,0,4.02493182182312,96.4824447631836,0,0,0,3.89219572233117,5.31796306830186,0,2.87555306608027,0,3.88135822614034,0,0,0,0,0,0,0,0,0,12.5989654753682,0,0,0,38.8864709680731,0,0,0,51.4869333902995,0,0,0,17.1207968056804,0,0,0,0,0,0,0,27.8843589782715,0,39.2138862609863,0,27.4233303070068,39.541499546596,0,6.7818256987161,8.2313346862793,8.80262782617852,0,2.95494079589844,0,12.0381222724915,0,13.5019245942434,0,0,0,0,0,0,0,9.62121587405823,0,5.17936776254488,6.14311790466309,27.6659147599164,32.8936325709025,0
0,0,0,0,0,0,0,0,0,0,0,0,0,0,0,0,4.35517707775379,0,0,0,0,3.89219572233117,0,0,4.60334996654563,0,0,0,2.82380521297455,0,0,0,0,0,0,0,0,0,11.2230829204956,0,0,0,0,0,0,0,0,0,16.6200773413752,0,0,0,0,0,0,0,0,0,0,0,0,0,0,0,3.38653469085693,5.89016948307034,0,7.26316195974747,0,7.99499564017019,0,8.64011416956782,0,0,0,0,0,0,0,0,0,11.9709004673294,5.23172207576473,0,0,0,0
0,0,0,0,0,0,0,0,0,4.04829704761505,0,0,0,0,0,0,0,0,0,0,0,5.31796306830186,0,0,0,2.73679107427597,0,0,0,0,0,0,0,0,0,0,0,5.76327620555403,0,0,0,5.07517528533936,0,0,0,0,0,0,0,5.23472041024102,0,0,0,0,0,3.5677299165422,0,0,0,0,0,12.2232351303101,0,0,11.5884170532227,0,4.80579219977519,0,4.17228856086731,0,0,0,0,0,0,0,0,0,0,0,7.32140912088026,0,5.44763083685012,0,11.2110288408067,8.42538738250732,0
0,0,0,0,0,0,0,0,2.94783218701681,0,0,0,0,0,3.30633481343587,0,17.333930015564,0,0,0,0,0,4.60334996654563,0,0,0,2.86123673915863,0,0,0,0,0,0,0,0,0,0,0,5.95016770007865,0,0,0,0,0,0,0,0,0,7.01587459620307,0,0,0,0,0,3.0487939119339,0,0,0,0,0,4.94901638764602,0,0,0,0,10.0365204662085,0,4.71019102934918,0,3.77206276522742,0,0,0,0,0,0,0,0,0,0,0,7.47467424741988,3.75336211919785,0,5.68288553678072,0,0
0,0,0,0,0,0,0,0,0,0,0,0,0,3.69187849760056,0,3.38204801082611,70.8052062988281,13.3819253720528,26.3576240539551,0,0,2.87555306608027,0,2.73679107427597,0,0,0,2.85268259048462,0,0,0,0,0,0,0,0,0,0,0,0,0,0,0,0,0,0,0,0,0,0,0,0,0,0,0,0,0,0,0,4.86333417892456,0,3.06049686670303,0,0,0,0,4.48575153230112,0,3.0108169483584,0,0,0,0,0,0,0,0,0,0,0,0,0,5.56479816966587,0,0,0,0
0,0,0,0,0,0,0,0,0,0,0,0,0,0,0,0,14.1349256405464,0,18.0489063262939,0,0,0,0,0,2.86123673915863,0,0,0,2.73375773429871,0,0,0,0,0,0,0,0,0,0,0,0,0,0,0,0,0,0,0,0,0,0,0,0,0,0,0,0,0,0,0,0,0,0,0,0,0,0,3.98053286292336,0,3.95712408503971,0,5.40514147281647,0,0,0,0,0,0,0,0,0,0,0,0,0,0,0
0,0,0,0,0,0,0,0,0,0,0,0,0,3.09272124149181,0,3.12557787895203,0,0,0,0,0,3.88135822614034,0,0,0,2.85268259048462,0,0,0,3.10566216526609,0,0,0,0,0,0,0,0,0,0,0,0,0,0,0,0,0,0,0,0,0,0,0,0,0,0,0,0,0,4.85672521591187,0,2.92528483271599,0,0,6.86558231711388,0,0,0,2.88926792144775,0,4.18316373129384,0,0,0,0,0,0,0,0,0,7.52280459403992,0,0,0,0,0,0
0,0,0,0,0,0,0,0,0,0,0,0,0,0,0,0,0,0,0,0,0,0,2.82380521297455,0,0,0,2.73375773429871,0,0,0,2.94879355797401,0,0,0,0,0,0,0,3.46498295393857,0,0,0,0,0,0,0,0,0,0,0,0,0,0,0,0,0,0,0,0,0,0,0,0,0,0,2.74183813730876,0,0,0,0,0,4.21756273185636,0,4.01316499710083,0,0,0,0,0,0,0,5.09601872714598,3.59490120410919,0,0,0,0
0,0,0,0,0,0,0,0,0,0,0,2.97486451955942,0,0,0,0,0,0,0,0,0,0,0,0,0,0,0,3.10566216526609,0,0,0,0,0,0,0,0,0,6.14622805084007,0,0,0,0,0,0,0,0,0,0,0,0,0,0,0,0,0,0,0,5.28350725481587,0,3.06173174277596,0,0,0,0,0,0,0,0,0,0,4.19401714536879,0,7.6092215292883,0,0,0,0,0,0,0,11.2286717224121,0,3.26700329780579,0,0,0,0
0,0,0,0,0,0,0,0,0,0,7.39445183715042,0,0,0,0,0,0,0,0,0,0,0,0,0,0,0,0,0,2.94879355797401,0,0,0,0,0,0,0,0,0,5.51268122916998,0,0,0,0,0,0,0,0,0,0,0,0,0,0,0,0,0,5.72176354272025,0,0,0,0,0,0,0,0,0,0,0,0,0,0,6.20178541183472,0,5.82611677162222,0,0,0,0,0,0,0,10.9905621279841,0,0,0,0,0
0,0,0,0,0,0,0,0,0,0,0,0,0,0,0,0,0,0,0,0,0,0,0,0,0,0,0,0,0,0,0,0,4.91104963246514,24.2817789115906,0,12.7230351538028,9.88519668579102,0,0,0,0,0,0,0,0,0,0,9.06281330862711,15.717109816415,7.35664939880371,0,0,0,0,0,0,0,0,0,0,0,0,0,0,0,0,0,0,0,0,0,0,0,0,15.0314287666559,17.7581313077141,20.7780997620689,0,21.5042830014229,22.820728302002,0,0,14.7050406535467,0,0,0,0
0,0,0,0,0,0,0,0,0,0,0,0,0,0,0,0,0,0,0,0,0,0,0,0,0,0,0,0,0,0,0,4.91104963246514,0,18.3140182495117,8.3070651651865,0,5.65929276943207,0,0,0,0,0,0,0,0,45.6609001159668,0,8.38212080874913,5.89358687400818,11.3492218653361,0,0,0,0,0,0,0,0,0,0,0,0,0,0,0,0,0,0,0,0,0,0,0,0,17.9230643814685,12.0398029576578,10.568489074707,5.88498987533428,28.0310795307159,30.9696536738698,0,0,3.74643707275391,0,0,0,0
0,0,0,0,0,0,0,0,0,0,0,0,0,0,0,0,0,0,0,0,0,0,0,0,0,0,0,0,0,0,0,24.2817789115906,18.3140182495117,0,5.31769298228757,14.2767826014377,0,3.1716324506804,6.25723003067133,0,0,0,0,0,0,0,0,7.51000961363988,19.2781556202815,7.55939948558807,0,0,0,0,0,0,0,0,0,0,0,0,0,0,0,0,0,0,0,0,0,0,0,0,17.7126484553851,0,3.5945835918213,5.32615612802051,11.7990086954467,36.017725944519,4.97075074855412,3.78754759342112,5.0515441616762,0,0,0,0
0,0,0,0,0,0,0,0,0,0,0,0,0,0,0,0,0,0,0,0,0,0,0,0,0,0,0,0,0,0,0,0,8.3070651651865,5.31769298228757,0,0,5.66428281030347,6.71746397018433,4.75779148806696,0,0,0,0,0,0,0,0,6.4463164940292,9.67261972427368,0,0,0,0,0,0,0,0,0,0,0,0,0,0,0,0,0,0,0,0,0,0,0,0,0,0,16.2381984287065,3.72375373864095,6.15055553528042,0,12.1504111268691,0,5.28306577973447,6.79508309221979,0,0,0,0
0,49.1055870056152,0,15.8306010930966,0,10.0097270105399,0,0,0,22.8982944488525,0,3.5323725768498,0,0,0,0,109.876293182373,91.3754768371582,72.2492317008972,5.05143097426077,0,0,0,0,0,0,0,0,0,0,0,12.7230351538028,0,14.2767826014377,0,0,4.26224629062848,6.93758509765301,0,64.3223076310269,98.1888198852539,54.7488706988308,81.1669011797224,54.2307926524769,0,42.870800948624,107.319932301839,24.0989657671024,63.8532384236654,30.0100891127515,0,14.887570489973,0,0,0,18.367479801178,0,11.3863039364975,0,18.0553792317708,0,16.7534851074219,18.0254746682211,0,58.2014961242676,0,51.0047416687012,0,44.991455078125,0,46.1838633219401,0,67.3851455688477,0,24.0965404809467,0,12.4046884137947,0,8.47665279945688,17.7813125017918,15.7329365447516,109.546340942383,8.65346678844968,3.7290104690351,35.2185769793341,48.3884727689955,102.877716064453
54.5786010742188,0,16.4326744832491,33.2223091125488,19.4040822982788,0,0,0,25.2975654602051,0,2.79940536618233,0,0,0,0,0,95.8370414310031,107.923749923706,77.7620047771285,0,5.27139168743483,0,0,0,0,0,0,0,0,0,0,9.88519668579102,5.65929276943207,0,5.66428281030347,4.26224629062848,0,0,6.86546760857895,88.7839050292969,58.4614753723145,80.3986260550363,49.6740049233758,0,54.9499740600586,86.5546722412109,44.4930850052192,21.3677620463901,29.6234506205509,58.0909523010254,21.2620384428236,0,0,0,0,0,40.3432816641671,52.4890518188477,22.3101735115051,0,22.5641479492188,0,0,24.7541587102781,0,0,0,0,0,0,0,36.747875213623,0,70.8796815872192,21.8332028388977,19.0451619092454,0,10.1011575034687,17.6503746632267,9.57989934972746,124.107055664062,13.9019239659467,9.35862119168966,3.20642643772089,39.0946691811803,78.1518096923828,46.8931122236354
0,0,0,0,0,0,0,0,0,6.96182373032641,0,7.16858606155102,0,0,0,0,0,101.168357849121,62.5167448861258,13.4950455129147,0,12.5989654753682,0,5.76327620555403,0,0,0,0,0,6.14622805084007,0,0,0,3.1716324506804,6.71746397018433,6.93758509765301,0,0,3.34373063511319,26.8717460632324,0,23.3604781968253,0,0,0,27.9747699101766,0,9.94788322081933,0,6.06443918401545,0,0,0,0,0,10.7038633772667,0,7.57168899905192,0,26.7382526397705,0,23.0813751220703,14.4223931941867,0,14.5875950841796,0,9.89983385395629,0,15.3953664302826,0,7.14948844909668,0,7.17136746852094,0,0,0,4.32584556525316,0,9.6073413750261,135.726898193359,6.23168676670349,3.5546679863563,4.83119864134412,3.02418455055782,20.0097062758037,35.7865150769552,0
0,0,0,0,0,0,0,0,7.6565367380778,0,4.62260345851674,0,0,0,0,0,82.5534842354911,105.733287811279,77.6918149361244,0,3.21750774631253,0,11.2230829204956,0,5.95016770007865,0,0,0,3.46498295393857,0,5.51268122916998,0,0,6.25723003067133,4.75779148806696,0,6.86546760857895,3.34373063511319,0,111.469673156738,66.3865234375,17.9731826782227,48.9252336025238,0,0,0,42.9975297140039,6.55409848151935,7.29237829411149,0,0,0,0,0,9.19983442686498,0,9.06722234456967,0,0,0,0,0,0,11.0180609967482,0,14.5850350385302,0,8.01758879098025,0,11.0433967113495,0,6.61303874850273,120.393966674805,7.26752531117406,0,0,0,5.68575666017002,0,13.4904851361494,0,5.62896511291322,7.33042137622833,0,23.2002909695361,0,41.9419730305672
0,38.4741776784261,0,38.4418415742762,0,0,0,0,0,0,0,0,0,0,0,0,75.2269492376418,71.7316348736103,50.9314055728912,0,0,0,0,0,0,0,0,0,0,0,0,0,0,0,0,64.3223076310269,88.7839050292969,26.8717460632324,111.469673156738,0,80.5285202026367,23.3378146972299,47.7343941738731,29.8627596961127,0,24.9237894397229,52.9838139851888,37.8702621459961,0,14.6228837905786,0,0,0,0,0,40.4497814178467,71.239387512207,52.0054613749186,0,48.8344412909614,0,46.3710746765137,29.4425702015559,65.7770938873291,88.539670308431,0,0,0,77.836296081543,0,62.9030725579513,0,56.7232857159206,84.1833572387695,0,0,0,0,24.2793053666001,84.0292951311384,44.9500837012799,93.8242492675781,37.380385178287,0,16.5730848523644,31.0176253900295,56.3989536578839
28.2275724411011,0,43.1638948917389,0,0,0,0,0,53.4681854248047,0,0,0,0,0,0,0,63.1564746563251,78.5334055973933,52.9010885133216,0,0,0,0,0,0,0,0,0,0,0,0,0,0,0,0,98.1888198852539,58.4614753723145,0,66.3865234375,80.5285202026367,0,46.7675290788923,22.131962584342,0,0,51.7673060099284,15.3278763164342,8.74804520606995,9.83526809861727,0,38.8130378723145,0,0,0,0,0,53.9974813461304,0,0,0,0,0,0,40.2964328130086,0,0,0,0,0,0,90.8951416015625,0,0,38.7777791023254,0,0,0,0,77.3611562093099,15.8394158137472,79.1253852844238,29.4119580030441,44.9661446809769,0,15.6699017261014,48.8847923278809,23.4698243887246
0,19.1089211239627,0,29.8165891738165,0,0,0,0,0,4.96721792221069,0,0,0,0,0,0,65.8475320604112,52.0461948895064,32.0224529953477,0,0,38.8864709680731,0,5.07517528533936,0,0,0,0,0,0,0,0,0,0,0,54.7488706988308,80.3986260550363,23.3604781968253,17.9731826782227,23.3378146972299,46.7675290788923,0,11.731908497078,17.2763060410817,0,32.3138584450439,44.5694711473253,34.4700565988367,32.4049939393997,22.739566742013,0,0,0,0,0,40.8664627075195,99.5546379089355,19.8343896052284,0,28.262623264676,0,33.4688791275024,29.1561689532604,50.7049696786063,40.4358915686607,0,39.7737483978271,0,35.0624497731527,0,26.1968799572666,0,18.8805427059097,54.4165077209473,0,0,32.289966583252,0,31.6449943306891,60.2770000918881,26.3353717941639,65.1822552680969,12.7710743166555,0,18.8620758447243,13.4001477952805,34.583141673695
15.0675879800042,0,24.631934419463,0,40.2207932472229,0,0,0,6.38165349729599,0,0,0,0,0,0,0,43.7283308966118,62.3065050443014,32.1299704180823,0,0,0,0,0,0,0,0,0,0,0,0,0,0,0,0,81.1669011797224,49.6740049233758,0,48.9252336025238,47.7343941738731,22.131962584342,11.731908497078,0,49.7392416000366,25.8839626312256,36.6747705671522,23.8895235766064,8.90393229492572,10.5196482873155,16.2803866921402,45.6260101318359,0,0,0,0,0,19.3196724072099,0,26.7494330406189,0,23.9947441948785,0,52.83012423308,30.4312132858649,85.6302261352539,0,0,0,0,0,0,21.3835111505845,0,20.3139166116714,0,0,0,0,56.1513796354595,33.3651394699764,50.9306449890137,28.1739644619084,14.307938617788,0,13.2256266408743,27.6694619655609,10.8583478560814
0,0,0,0,0,0,0,0,0,0,0,0,0,0,0,0,41.5322437286377,55.9583358764648,27.8181352576902,0,0,0,0,0,0,0,0,0,0,0,0,0,0,0,0,54.2307926524769,0,0,0,29.8627596961127,0,17.2763060410817,49.7392416000366,0,0,10.2959794998169,46.0444507598877,0,55.8994789123535,0,0,0,0,0,0,0,0,0,0,0,0,0,38.1077201366425,47.7497596740723,0,0,0,0,0,0,0,0,41.6416015625,0,0,0,0,0,36.4427836200978,90.062629699707,40.2482042312622,83.0329208374023,39.3048090934753,0,24.3853070395333,22.6525412968227,0
0,0,0,0,0,0,0,0,0,0,0,0,0,0,0,0,0,0,33.5633432600233,0,0,0,0,0,0,0,0,0,0,0,0,0,0,0,0,0,54.9499740600586,0,0,0,0,0,25.8839626312256,0,0,0,11.7522239685059,0,0,0,0,0,0,0,0,0,41.0496025085449,0,0,0,0,0,0,0,0,0,0,0,0,0,0,0,0,0,0,0,0,0,0,40.7663888931274,0,29.2049837112427,0,0,21.7861480712891,0,0
0,13.0363831520081,0,19.8016322453817,0,0,0,0,0,0,0,0,0,0,0,0,65.259831237793,54.1192970275879,39.4118681307192,0,0,51.4869333902995,0,0,0,0,0,0,0,0,0,0,45.6609001159668,0,0,42.870800948624,86.5546722412109,27.9747699101766,0,24.9237894397229,51.7673060099284,32.3138584450439,36.6747705671522,10.2959794998169,0,0,45.5309681892395,45.8507093949751,46.7897911071777,35.2547862189157,0,0,0,0,0,0,0,33.5634085613748,0,34.7861472538539,0,0,10.4124363876404,52.9240843454997,57.0442394256592,0,52.0069986979167,0,45.1001167297363,0,43.9592851086667,0,36.5067348480225,53.5067520141602,0,0,45.3701171875,0,27.9090741933353,76.7312456130981,23.3413123466808,0,36.6977352097977,0,16.0902499147792,43.9202871322632,50.2434892654419
35.1158866882324,0,28.7223245075771,0,50.4216041564941,0,0,0,65.2652587890625,0,0,0,0,0,0,0,61.5865348122337,76.4981788866448,46.9971898475579,0,0,0,0,0,0,0,0,0,0,0,0,0,0,0,0,107.319932301839,44.4930850052192,0,42.9975297140039,52.9838139851888,15.3278763164342,44.5694711473253,23.8895235766064,46.0444507598877,11.7522239685059,45.5309681892395,0,28.2648601531982,50.9278869628906,0,0,0,0,0,0,0,33.366022573935,0,35.291187286377,0,47.9426002502441,0,65.6573240492079,15.146079695775,0,0,0,0,0,0,0,33.897034072876,79.3988037109375,41.9772028923035,0,0,0,0,73.593998655981,30.3769720204984,74.7943551199777,25.7110643827752,44.2341366631644,0,22.8809622805694,52.6433187212263,37.2828358630745
0,0,36.1678826468331,37.1176278250558,42.0699596405029,0,0,0,0,0,0,0,0,0,0,0,0,89.8247604370117,66.7628470526801,0,0,0,0,0,0,0,0,0,0,0,0,9.06281330862711,8.38212080874913,7.51000961363988,6.4463164940292,24.0989657671024,21.3677620463901,9.94788322081933,6.55409848151935,37.8702621459961,8.74804520606995,34.4700565988367,8.90393229492572,0,0,45.8507093949751,28.2648601531982,0,8.35595093489275,6.02511396590841,42.0135583877563,0,0,0,43.1743087768555,0,41.7401885986328,49.3842792510986,44.2697995503744,49.860523223877,42.5001449584961,0,27.675479888916,52.4984741210938,0,0,0,0,71.1829986572266,0,57.5078678131104,0,56.5933990478516,52.6535911560059,8.58743821451349,6.69669219496983,8.41716065441043,6.09146560766758,13.8471877066915,9.26005657109721,16.7491626739502,14.9690114021301,7.20729288321275,0,13.9656507288906,44.9688980102539,0
7.0494857084501,0,16.2744863752661,0,39.0097859700521,0,0,0,46.5270660400391,0,0,0,0,0,0,0,0,0,73.7400736127581,0,33.9838066101074,0,16.6200773413752,0,7.01587459620307,0,0,0,0,0,0,15.717109816415,5.89358687400818,19.2781556202815,9.67261972427368,63.8532384236654,29.6234506205509,0,7.29237829411149,0,9.83526809861727,32.4049939393997,10.5196482873155,55.8994789123535,0,46.7897911071777,50.9278869628906,8.35595093489275,0,14.2032782554626,41.498588017055,0,0,0,7.0602637563433,0,8.30953269738417,0,5.79326875254793,0,6.23124027466989,0,43.0212898254395,57.5269412994385,0,15.0394330580638,0,9.75545806067331,0,3.79481799261911,0,6.4279831188662,0,19.6824786486449,18.4720610730788,7.22172299298373,19.5845858411091,0,24.2630013568061,13.5300938557553,126.962608337402,5.91702230312117,10.4897993463894,0,9.80606333379235,52.1147584915161,19.3887978394826
0,5.36445590252739,0,9.2144888343811,0,0,0,0,0,7.83205172111248,0,0,0,0,0,3.16627740859985,63.9386367797852,66.4023793538411,49.1332484025222,0,0,17.1207968056804,0,5.23472041024102,0,0,0,0,0,0,0,7.35664939880371,11.3492218653361,7.55939948558807,0,30.0100891127515,58.0909523010254,6.06443918401545,0,14.6228837905786,0,22.739566742013,16.2803866921402,0,0,35.2547862189157,0,6.02511396590841,14.2032782554626,0,0,0,0,0,0,6.77866160869598,106.159515380859,13.8697551782451,0,10.191719334701,0,5.68202522616366,26.1100116411845,0,21.9800695670794,0,13.1751215913149,43.1681785583496,18.5116791226971,0,15.6269277893941,0,12.6912959879933,110.461700439453,9.35015424340963,13.6271464824677,8.6639180616899,0,19.2934078781317,24.7567463228779,7.84587806009399,28.9374599456787,9.54594314597935,0,13.5678065361185,17.3699360513687,0
0,0,7.65616627397208,0,5.02251890792122,0,4.74266346295675,0,6.51969326459445,0,0,0,0,0,3.44471677144369,0,0,0,0,0,10.4556716013763,0,0,0,0,0,0,0,0,0,0,0,0,0,0,0,21.2620384428236,0,0,0,38.8130378723145,0,45.6260101318359,0,0,0,0,42.0135583877563,41.498588017055,0,0,0,2.97650136550268,0,4.04240558544795,0,4.85970825262559,0,3.22504261334737,0,4.56103184956771,0,0,9.40965599455732,0,0,0,0,0,0,0,0,0,40.0773067474365,0,0,0,0,0,26.4993953704834,0,0,8.03141210390174,0,10.5260936273248,0,0
0,0,0,7.74547266292572,0,4.17180084025887,0,4.41026285171509,0,4.14487670935117,0,0,0,0,0,3.74732734262943,0,0,0,6.89050387081347,0,0,0,0,0,0,0,0,0,0,0,0,0,0,0,14.887570489973,0,0,0,0,0,0,0,0,0,0,0,0,0,0,0,0,0,4.08202992125255,0,3.89414793252945,0,4.43398376464844,0,3.31421848535538,0,3.47136909910973,8.65935579611331,0,0,0,0,0,0,0,0,0,0,0,0,0,0,0,19.0762982686361,0,0,0,5.85131015165432,4.5546623360027,9.16591955953174,0,0
0,0,0,0,5.03098098589824,0,5.32506985386364,0,0,0,4.48402315516805,0,4.44160810112953,0,0,0,0,0,0,0,0,0,0,0,0,0,0,0,0,0,0,0,0,0,0,0,0,0,0,0,0,0,0,0,0,0,0,0,0,0,2.97650136550268,0,0,0,0,0,3.62601309447992,0,3.20238157580881,0,0,0,0,0,0,0,0,0,0,0,0,0,0,0,0,0,0,0,0,0,0,0,6.53683846213601,0,0,0,0
0,0,0,0,0,0,0,3.58501756858159,0,0,0,4.9157162362879,0,0,0,0,0,0,0,0,0,0,0,0,0,0,0,0,0,0,0,0,0,0,0,0,0,0,0,0,0,0,0,0,0,0,0,0,0,0,0,4.08202992125255,0,0,0,0,0,4.13038499279109,0,0,0,0,0,0,0,0,0,0,0,0,0,0,0,0,0,0,0,0,0,0,0,0,4.13385267818675,0,0,0,0
3.69460383653641,0,6.14819407236008,0,3.20018994808197,0,0,0,5.31834951330796,0,0,0,0,0,4.89776086807251,0,0,0,0,0,0,0,0,0,3.0487939119339,0,0,0,0,0,0,0,0,0,0,0,0,0,9.19983442686498,0,0,0,0,0,0,0,0,43.1743087768555,7.0602637563433,0,4.04240558544795,0,0,0,0,0,0,0,0,0,4.69172226153031,0,0,0,0,0,0,4.37839426313128,0,9.6967191696167,0,0,0,40.0411109924316,0,0,0,0,0,0,0,9.10303895818325,9.55382743617832,0,15.6342092370087,0,0
0,4.96691337599731,0,6.91343100692915,0,3.45969659090042,0,0,0,3.73378226415131,0,0,0,0,0,2.94093585014343,0,0,0,0,0,0,0,3.5677299165422,0,0,0,0,0,0,0,0,0,0,0,18.367479801178,0,10.7038633772667,0,40.4497814178467,0,40.8664627075195,0,0,0,0,0,0,0,6.77866160869598,0,3.89414793252945,0,0,0,0,0,0,0,0,0,6.3103842754833,0,0,0,0,4.34401053935289,0,0,0,0,0,0,0,0,0,0,0,50.1279983520508,0,11.520105368508,0,14.2076068984138,0,9.32232665654385,0,0
22.7335643768311,0,20.5574123209173,104.987945556641,2.73783135414124,0,5.02809997580268,0,0,0,6.56415807146374,0,0,0,0,0,68.2594404220581,100.951309204102,48.6804337752493,0,4.64464969988222,0,0,0,0,0,0,0,0,0,5.72176354272025,0,0,0,0,0,40.3432816641671,0,9.06722234456967,71.239387512207,53.9974813461304,99.5546379089355,19.3196724072099,0,41.0496025085449,0,33.366022573935,41.7401885986328,8.30953269738417,106.159515380859,4.85970825262559,0,3.62601309447992,0,0,0,0,0,5.48329924742381,0,6.81602316731992,0,0,12.1567253003637,0,0,0,0,0,0,0,5.04192743735893,0,7.61290069423902,0,0,0,0,92.2419509887695,47.3324131387653,0,40.3660148084164,23.7984742080012,0,10.0028249901864,0,15.8823735680379
0,14.6845116615295,0,18.5032922625542,0,3.38636943272182,0,4.03273126057216,0,0,0,7.41323618119825,0,2.89384437799454,0,0,0,79.3660430908203,46.0459735870361,4.03495481139735,0,27.8843589782715,0,0,0,0,0,0,0,5.28350725481587,0,0,0,0,0,11.3863039364975,52.4890518188477,7.57168899905192,0,52.0054613749186,0,19.8343896052284,0,0,0,33.5634085613748,0,49.3842792510986,0,13.8697551782451,0,4.43398376464844,0,4.13038499279109,0,0,0,0,0,7.04705007614063,0,7.34108033487874,9.562453132796,0,28.9873591836516,0,24.1337342684782,0,22.3673522421654,0,11.9192643465766,0,10.1146678314819,0,0,0,0,0,17.3802723441013,76.011791229248,18.5847057625099,0,23.9672159406874,0,11.7796172606639,17.1843400724006,0
0,0,4.3072047829628,0,0,0,4.46806441602253,0,0,0,2.89893127265184,0,3.69088788143747,0,3.22731631142753,0,0,0,0,0,0,0,0,0,0,0,0,0,0,0,0,0,0,0,0,0,22.3101735115051,0,0,0,0,0,26.7494330406189,0,0,0,35.291187286377,44.2697995503744,5.79326875254793,0,3.22504261334737,0,3.20238157580881,0,0,0,5.48329924742381,0,0,0,4.60239773927276,0,0,15.4307246930671,0,0,0,0,0,2.96699754397074,0,3.26976072788239,0,27.0286083221436,0,0,0,0,0,27.2498407363892,0,35.5457878112793,10.7204954266548,0,11.2205592552265,0,28.5226173400879
0,0,0,7.13823130883669,0,0,0,0,0,4.22354602813721,0,3.20023492953744,0,4.0995292396731,0,5.9616747671558,0,0,89.5354690551758,21.4964656829834,0,39.2138862609863,0,0,0,4.86333417892456,0,4.85672521591187,0,3.06173174277596,0,0,0,0,0,18.0553792317708,0,26.7382526397705,0,48.8344412909614,0,28.262623264676,0,0,0,34.7861472538539,0,49.860523223877,0,10.191719334701,0,3.31421848535538,0,0,0,0,0,7.04705007614063,0,0,0,5.04331771827038,13.8500292636305,0,30.8014065237606,0,21.3636959157092,0,12.8169918302762,0,7.35449384348733,0,29.0831552743912,0,0,0,0,0,35.5610292098101,79.1531677246094,43.7912443796794,0,19.9444501023544,0,13.0058696114724,23.9751882553101,0
9.20499205589294,0,5.26635020309024,0,3.84008910987951,0,0,0,4.93524867012387,0,0,0,3.74794154331602,0,4.09871100311849,0,0,0,0,0,0,0,0,0,4.94901638764602,0,0,0,0,0,0,0,0,0,0,0,22.5641479492188,0,0,0,0,0,23.9947441948785,0,0,0,47.9426002502441,42.5001449584961,6.23124027466989,0,4.56103184956771,0,0,0,4.69172226153031,0,6.81602316731992,0,4.60239773927276,0,0,0,0,0,0,0,0,7.84955873754289,0,5.36616294724601,0,5.1536660194397,0,32.255672454834,0,0,0,0,0,25.0948429107666,0,38.2098350524902,7.11782387386669,0,15.4842758627905,0,18.0906295776367
0,4.82439708171931,0,6.30226212882345,0,2.93820449580317,0,0,0,4.25131630897522,0,0,0,5.58642766804531,0,3.04379599031649,0,0,54.557975769043,21.8299293518066,0,27.4233303070068,0,12.2232351303101,0,3.06049686670303,0,2.92528483271599,0,0,0,0,0,0,0,16.7534851074219,0,23.0813751220703,0,46.3710746765137,0,33.4688791275024,0,0,0,0,0,0,0,5.68202522616366,0,3.47136909910973,0,0,0,6.3103842754833,0,7.34108033487874,0,5.04331771827038,0,0,0,0,28.0053845430032,0,10.3516028828091,0,5.11314940586519,0,17.3222378730774,0,0,0,0,0,0,0,19.2728191375732,0,25.054233278547,0,11.0230011128365,3.32643713951111,14.6057434820793,0,0
0,38.7099367777506,0,25.5096092224121,0,7.51202814919608,0,0,0,0,0,9.12832554578781,0,0,0,0,79.6800714575726,73.2743693265048,55.7687858306256,4.01961198194849,0,39.541499546596,0,0,0,0,0,0,0,0,0,0,0,0,0,18.0254746682211,0,14.4223931941867,0,29.4425702015559,0,29.1561689532604,52.83012423308,38.1077201366425,0,10.4124363876404,65.6573240492079,27.675479888916,43.0212898254395,26.1100116411845,0,8.65935579611331,0,0,0,0,0,9.562453132796,0,13.8500292636305,0,0,0,104.928070068359,40.0780419281551,0,35.1027445542185,0,29.5877194037804,0,24.6093085043209,0,21.0549501572155,0,0,0,50.9554538726807,0,17.8769303960779,86.0915494646345,19.8770752527394,102.091705322266,24.9681437959765,0,18.5506884269768,42.3180281321208,53.8294385274251
35.6781349182129,0,26.3089647293091,0,15.2837815284729,0,0,0,16.4262371063232,0,8.58222714196081,0,0,0,0,0,69.4383211357649,89.628154407848,57.8505337124779,0,5.2237002695308,0,0,0,0,0,0,0,0,0,0,0,0,0,0,0,24.7541587102781,0,11.0180609967482,65.7770938873291,40.2964328130086,50.7049696786063,30.4312132858649,47.7497596740723,0,52.9240843454997,15.146079695775,52.4984741210938,57.5269412994385,0,9.40965599455732,0,0,0,0,0,12.1567253003637,0,15.4307246930671,0,0,0,104.928070068359,0,0,0,0,0,0,0,0,18.7972894081703,110.868560791016,16.989650784443,0,0,0,0,97.7296812269423,21.3166775962447,0,15.7010777624165,42.1533467928569,0,15.7003343888956,76.4710731506348,43.6937897545951
0,38.1903476715088,0,39.861572265625,0,0,0,0,0,0,0,0,0,0,0,0,0,0,101.221336364746,0,0,6.7818256987161,3.38653469085693,11.5884170532227,0,0,0,6.86558231711388,0,0,0,0,0,0,0,58.2014961242676,0,14.5875950841796,0,88.539670308431,0,40.4358915686607,85.6302261352539,0,0,57.0442394256592,0,0,0,21.9800695670794,0,0,0,0,0,0,0,28.9873591836516,0,30.8014065237606,0,28.0053845430032,40.0780419281551,0,0,0,9.05718276129921,0,9.01746821330031,0,12.147175721011,0,17.8744040824272,0,0,0,0,0,100.178108215332,0,9.08766758465118,0,8.70506927358555,0,38.0998840575523,33.5993822733561,0
0,0,0,0,0,0,0,0,0,0,0,0,0,0,0,0,4.30395405432757,0,0,0,0,8.2313346862793,5.89016948307034,0,10.0365204662085,0,0,0,2.74183813730876,0,0,0,0,0,0,0,0,0,14.5850350385302,0,0,0,0,0,0,0,0,0,15.0394330580638,0,0,0,0,0,0,0,0,0,0,0,0,0,0,0,0,0,0,7.98297669030346,0,8.11061205055522,0,11.1480381320221,0,0,0,0,0,0,0,0,0,8.81250645540591,5.66067885414938,0,23.7039894527859,0,0
0,5.77736001968384,0,0,0,0,0,0,0,3.32750096321106,0,0,0,0,0,0,0,0,0,0,0,8.80262782617852,0,4.80579219977519,0,4.48575153230112,0,0,0,0,0,0,0,0,0,51.0047416687012,0,9.89983385395629,0,0,0,39.7737483978271,0,0,0,52.0069986979167,0,0,0,13.1751215913149,0,0,0,0,0,4.34401053935289,0,24.1337342684782,0,21.3636959157092,0,10.3516028828091,35.1027445542185,0,9.05718276129921,0,0,0,5.92629412867933,0,10.2317978626111,0,38.5969715118408,0,0,0,0,0,68.0891952514648,0,9.96038099805885,0,13.6235249042511,0,11.3814077497686,39.3388023376465,0
0,0,0,0,0,0,0,0,4.66517046229045,0,0,0,0,0,6.15413055094806,0,0,0,0,0,0,0,7.26316195974747,0,4.71019102934918,0,3.98053286292336,0,0,0,0,0,0,0,0,0,0,0,8.01758879098025,0,0,0,0,0,0,0,0,0,9.75545806067331,43.1681785583496,0,0,0,0,4.37839426313128,0,0,0,0,0,7.84955873754289,0,0,0,0,7.98297669030346,0,0,0,5.18768764401341,0,10.7252137054097,0,0,0,0,0,0,0,0,0,8.10649280473537,4.67081017437435,0,8.34702215785072,0,0
0,0,0,0,0,0,0,0,0,0,0,0,0,3.80673635005951,0,0,0,9.32748909919493,0,0,0,2.95494079589844,0,4.17228856086731,0,3.0108169483584,0,2.88926792144775,0,0,0,0,0,0,0,44.991455078125,0,15.3953664302826,0,77.836296081543,0,35.0624497731527,0,0,0,45.1001167297363,0,71.1829986572266,0,18.5116791226971,0,0,0,0,0,0,0,22.3673522421654,0,12.8169918302762,0,5.11314940586519,29.5877194037804,0,9.01746821330031,0,5.92629412867933,0,0,0,6.2830213589769,0,42.2100601196289,0,0,0,0,0,119.908195495605,0,14.7584244410197,0,5.70365756666157,0,31.683015494511,31.2510299682617,0
0,0,0,0,0,0,0,0,0,0,0,0,0,0,5.08347797393799,0,0,0,0,0,0,0,7.99499564017019,0,3.77206276522742,0,3.95712408503971,0,0,0,0,0,0,0,0,0,0,0,11.0433967113495,0,0,0,0,0,0,0,0,0,3.79481799261911,0,0,0,0,0,9.6967191696167,0,0,0,2.96699754397074,0,5.36616294724601,0,0,0,0,8.11061205055522,0,5.18768764401341,0,0,0,6.24838274771682,0,0,0,0,0,0,0,0,0,0,0,0,13.7539969444275,0,0
0,6.93338918685913,0,32.9030149550665,0,0,0,0,0,0,0,12.5894339906758,0,5.15189715547765,0,0,105.702808380127,98.294506072998,55.8551799229213,0,0,12.0381222724915,0,0,0,0,0,4.18316373129384,0,4.19401714536879,0,0,0,0,0,46.1838633219401,0,7.14948844909668,0,62.9030725579513,90.8951416015625,26.1968799572666,0,0,0,43.9592851086667,0,57.5078678131104,0,15.6269277893941,0,0,0,0,0,0,0,11.9192643465766,0,7.35449384348733,0,17.3222378730774,24.6093085043209,0,12.147175721011,0,10.2317978626111,0,6.2830213589769,0,0,0,6.37533672535379,0,0,0,0,0,70.0491828918457,122.295295715332,7.15481020989804,0,37.250062918663,0,31.5774291204809,24.1011716337765,0
0,0,0,0,0,0,0,0,0,0,0,0,0,0,0,0,0,0,53.865364074707,0,0,0,8.64011416956782,0,0,0,5.40514147281647,0,4.21756273185636,0,6.20178541183472,0,0,0,0,0,36.747875213623,0,6.61303874850273,0,0,0,21.3835111505845,0,0,0,33.897034072876,0,6.4279831188662,0,0,0,0,0,0,0,5.04192743735893,0,3.26976072788239,0,5.1536660194397,0,0,18.7972894081703,0,11.1480381320221,0,10.7252137054097,0,6.24838274771682,0,0,0,5.58312064107113,0,0,0,0,0,0,0,7.96453110072333,8.12579290072123,0,11.4085860631683,0,19.7150839699639
0,35.3464226722717,0,29.7777723096452,0,0,0,0,0,62.5866775512695,0,8.21915890837228,0,0,0,0,84.378833770752,68.7098350524902,48.2289065066899,0,0,13.5019245942434,0,0,0,0,0,0,0,7.6092215292883,0,0,0,0,0,67.3851455688477,0,7.17136746852094,120.393966674805,56.7232857159206,0,18.8805427059097,0,41.6416015625,0,36.5067348480225,79.3988037109375,56.5933990478516,0,12.6912959879933,0,0,0,0,0,0,0,10.1146678314819,0,29.0831552743912,0,0,21.0549501572155,110.868560791016,17.8744040824272,0,38.5969715118408,0,42.2100601196289,0,6.37533672535379,0,0,101.671264648438,0,0,0,0,63.11579761865,105.487425486247,7.64673108917016,109.013610839844,30.3894551648684,0,29.0236089065237,21.1820742852347,0
29.5203399658203,0,27.9481679955307,0,0,0,0,0,0,0,8.67087295959736,0,0,0,0,0,71.3284595196064,79.8376293182373,49.9067408045133,0,0,0,0,0,0,0,0,0,4.01316499710083,0,5.82611677162222,0,0,0,0,0,70.8796815872192,0,7.26752531117406,84.1833572387695,38.7777791023254,54.4165077209473,20.3139166116714,0,0,53.5067520141602,41.9772028923035,52.6535911560059,19.6824786486449,110.461700439453,40.0773067474365,0,0,0,40.0411109924316,0,7.61290069423902,0,27.0286083221436,0,32.255672454834,0,0,16.989650784443,0,0,0,0,0,0,0,5.58312064107113,101.671264648438,0,0,0,0,0,100.047403971354,59.424224801497,0,6.79881911371884,28.2265582194816,0,19.7468113771894,0,19.4973408959129
0,0,0,0,0,0,0,0,0,0,0,0,0,0,0,0,0,0,0,0,0,0,0,0,0,0,0,0,0,0,0,15.0314287666559,17.9230643814685,17.7126484553851,0,24.0965404809467,21.8332028388977,0,0,0,0,0,0,0,0,0,0,8.58743821451349,18.4720610730788,9.35015424340963,0,0,0,0,0,0,0,0,0,0,0,0,0,0,0,0,0,0,0,0,0,0,0,0,0,18.0621590681479,6.02533575798516,0,21.4915859444041,25.3309489527056,0,0,9.43922251959642,0,0,0,0
0,0,0,0,0,0,0,0,0,0,0,0,0,0,0,0,0,0,0,0,0,0,0,0,0,0,0,0,0,0,0,17.7581313077141,12.0398029576578,0,16.2381984287065,0,19.0451619092454,0,0,0,0,0,0,0,0,0,0,6.69669219496983,7.22172299298373,13.6271464824677,0,0,0,0,0,0,0,0,0,0,0,0,0,0,0,0,0,0,0,0,0,0,0,0,18.0621590681479,0,0,5.45759001959487,26.6384598414103,22.2705342798937,0,0,19.9038753509521,0,0,0,0
0,0,0,0,0,0,0,0,0,0,0,0,0,0,0,0,0,0,57.3884811401367,0,0,0,0,0,0,0,0,0,0,0,0,20.7780997620689,10.568489074707,3.5945835918213,3.72375373864095,12.4046884137947,0,4.32584556525316,0,0,0,32.289966583252,0,0,0,45.3701171875,0,8.41716065441043,19.5845858411091,8.6639180616899,0,0,0,0,0,0,0,0,0,0,0,0,50.9554538726807,0,0,0,0,0,0,0,0,0,0,0,6.02533575798516,0,0,5.22842886509039,9.7003487058588,30.6829599380493,7.66284684310488,4.25605185826619,6.89369181286205,0,88.2407073974609,0,0
0,0,0,0,0,0,0,0,0,0,0,0,0,0,0,0,0,0,0,0,0,0,0,0,0,0,0,0,0,0,0,0,5.88498987533428,5.32615612802051,6.15055553528042,0,10.1011575034687,0,5.68575666017002,0,0,0,0,0,0,0,0,6.09146560766758,0,0,0,0,0,0,0,0,0,0,0,0,0,0,0,0,0,0,0,0,0,0,0,0,0,0,0,5.45759001959487,5.22842886509039,0,0,7.73666871060319,0,6.82180406176027,8.31591193816241,0,0,0,0
