0,0,0.0385566175209074,0,0.00349304473499353,0,0,0,0.0348918400590748,0,0,0,0,0,0,0,1.08712135876879e-05,0,0.00229654936385136,0,0.000335439526495721,0,0,0,0,0,0,0,0,0,0,0,0,0,0,0,5.12351721765548e-05,0,3.96171788974206e-05,0,5.6136374007666e-05,0,0.00200162261714808,0,0,0,0.00039468948515774,0,0.015613644955951,0,0,0,0,0,0.040461479710731,0,0.000292084368251064,0,0,0,0.0159698359769646,0,0,0.000174760118736334,0,0,0,0.00223745968840944,0,0,0,0,0,0.000122662212439575,0,0,0,0,0,0.000450437876480127,0,0.000312402452635395,0.000730853529405442,1.39486541525676e-06,0.015844218519751,0,0
0,0,0,0.0139257692335168,0,0,0,0,0,0.0231340506715507,0,0,0,0,0,0,0,0,5.47944066271061e-06,0,0,0,0,0.000847434055270091,0,0.000280330654628886,0,0,0,0,0,0,0,0,0,0,0,6.67946792784447e-06,0,0,0,0.00391456387667365,0,0,0,7.73383293647143e-06,0,9.03329055102209e-05,0,0.00849324028383146,0,0,0,0,0,0.0903234030413475,0,0,0,0,0,0.000203226641060602,1.70478425022628e-05,0,0,0,0.00502600845968497,0,0.00205585547872996,0,0,0,0,0,0,0,0,0,0,0,3.08701975621569e-06,0,0.000338948387681172,0,0.0148386600334176,0,0
0.0385566175209074,0,0,0,0.0878440162180538,0,0,0,0.0221523668551825,0,1.79957938859481e-05,0,0,0,0,0,0,0,1.14690838470237e-05,0,0.00011997398292743,0,0,0,0,0,0,0,0,0,0,0,0,0,0,0,6.77714893481466e-06,0,0,0,0,0,0.000815298377949702,0,0,0,0.000702105739350495,0,0.00553917342115383,0,0.0381414228487067,0,0,0,0.106541299530472,0,0.00234879952832654,0,0,0,0.00305695587839405,0,0,0.00094470060072278,0,0,0,0,0,0,0,0,0,0.00161506233636137,0,0,0,0,0,4.73530894711286e-05,0,0.00010448369724807,0.000154400315625956,3.34162594336801e-05,0.00932648863969789,0,0.00225250936819866
0,0.0139257692335168,0,0,0,0.00852148766565836,0,0,0,0.00939139471959562,0,0,0,0,0,0,3.08782824252333e-05,0,0.000733397467810956,0.000196336427835089,0,0,0,0,0,0,0,0,0,0,0,0,0,0,0,0.000114135588647024,0,2.69299649847496e-05,0,0.000277928063796889,0,0.00638840645492985,0.000149795018081415,0.00296647143134798,0,0.000757473557603137,0,0,0,0.0120778186700052,0,0.00815767621630417,0,0,0,0,0,0.0030379384182189,0,1.71237245079467e-05,0,0,2.79248440528991e-05,0,0,0,0.000222585794065779,0,0,0,0,0,0.000430627135346002,0,0,0,0,0,0.000100777919447585,5.48499373387431e-06,7.25266586734727e-05,0,0.000711967911564524,1.00369367442596e-05,0.0220825026066731,0.00130967440244523,0
0.00349304473499353,0,0.0878440162180538,0,0,0,0.000143090388725012,0,0.00851209604613397,0,0,0,0,0,0,0,0,0,0,0,0.0234583706252433,0,0,0,0,0,0,0,0,0,0,0,0,0,0,0,0.000148427637071562,0,2.14183143318867e-06,0,8.85147113356445e-05,0,0.000464579204558404,0,0,0,0.00113235777138055,0,0.000435196414180736,0,0.0244074883937811,0,5.21524829073029e-05,0,0.00422080752914239,0,0.00185019604943019,0,0,0,0,0,0,0.00476296797807851,0,0,0,0,0,0,0,0,0,0.000744721640830116,0,0,0,0,0,7.22155073531988e-05,0,4.92849956933091e-05,0.00076628582286556,0,0.0160158812001746,0,0.00046359922545139
0,0,0,0.00852148766565836,0,0,0,0.00703737541652768,0,0.00674068034773838,0,0,0,0,0,0,0,0,2.5713691235005e-05,0.00396576285019595,0,0,0,0,0,0,0,0,0,0,0,0,0,0,0,5.56669889039916e-05,0,0,0,0.000457209782954774,0,0.000671402544170824,9.73563758449684e-05,4.9809901228071e-05,0,0.00238283039536892,0,0,0,0.00150300188983185,0,0.0186355546797604,0,0,0,0.00598335451013762,0,0.00139426887859563,0,0,0,0,0.00666097496727362,0,0,0,0,0,0,0,0,0,0,0,0,0,0,0,5.29232109189868e-05,0,1.8526032516472e-05,0,0.00177400888845005,0.000128699705564351,0.0149950841353625,7.32126480072163e-05,0
0,0,0,0,0.000143090388725012,0,0,0,0,0,0,0,0,0,0,0,0,0,0,0,0.00901061606238574,0,0,0,0,0,0,0,0,0,0,0,0,0,0,0,0,0,0,0,0,0,0,0,0,0,0,0,0,0,0,0,0.0246739417183715,0,0,0,0,0,0,0,0,0,0,0.000371644917508208,0,0,0,0,0,0,0,0,0,0,0,0,0,0,0,0,0,0,0.000264968489275747,0,0,0,0
0,0,0,0,0,0.00703737541652768,0,0,0,0,0,0.00197125586763696,0,0.000541031862060808,0,0,0,0,0,0.000479782764009612,0,0,0,0,0,0,0,0,0,0,0,0,0,0,0,0,0,0,0,0,0,0,0,0,0,0,0,0,0,0,0,0,0,0.00853356262885541,0,0,0,0,0,0,0,0,0.000463899930499883,0,0,0,0,0,0,0,0,0,0,0,0,0,0,0,0,0,0,0,0.000267590337655407,4.73663747900467e-06,0,0,0
0.0348918400590748,0,0.0221523668551825,0,0.00851209604613397,0,0,0,0,0,0,0,0,0,0.0178935181661636,0,0.00286394786349768,8.67005805576011e-05,0,0,0,0,0,0,0.00603104495205683,0,0.00313333444566041,0,0,0,0,0,0,0,0,0,0,0,1.39917229131537e-05,0,0,0,7.1296319768283e-05,0,0,0,1.21089165676635e-05,0,0.00192213736013465,0,0,0,0,0,0.0518352576265621,0,2.11575574048896e-05,0,0,0,0.0312863970964905,0,0,0,0,0,0,0.0055244744943649,0,0.00265181393742572,0,0,0,0,0,0,0,0,0,0,0,8.77316990858371e-05,0.000539299245293395,0,0.00360836331871702,0,0
0,0.0231340506715507,0,0.00939139471959562,0,0.00674068034773838,0,0,0,0,0,0,0,0,0,0.00489281650847918,0,0.000856883743185604,8.45828682468491e-05,0,0,1.11144452867707e-05,0,0.0259655185466283,0,0.000299475927022286,0,0,0,0,0,0,0,0,0,4.09263391524319e-06,0,0.000731494092614654,0,4.67077999901123e-05,0,0.000616613815351085,1.70538768321854e-05,0,0,0,0,0,0,0.00230646428909753,0,0,0,0,0,0.164786430056729,0,0,0,0,0,0.00120378457098919,0,0,0,0,0.0158244758875223,0,0.000193958199815825,0,0,0,0,0,0,0,0,0,0,0,0.000498371192108833,0,0.00319990655328706,0,0.00352807174750202,0.00141943049886152,0
0,0,1.79957938859481e-05,0,0,0,0,0,0,0,0,0,0.0181525612557222,0,0,0,0,0,2.0488866199527e-05,0,0.0124094693795023,0,0,0,0,0,0,0,0,0,0.00151265360477774,0,0,0,0,0,0.000294874400183986,0,0.00497316844833302,0,0,0,0,0,0,0,3.07701069131444e-05,0,0,0,0,0,7.38061447978153e-05,0,0,0,0.052935527691484,0,0.00515221539079615,0,0,0,0,0.00153244114896057,0,0,0,0,0,0,0,0.00031497612979583,0,0.00176959017214742,0,0,0,0,0,0,0,0.00127268027770966,0.00126502220738582,1.27961784528452e-05,0.000119027867271009,0,9.45631552316112e-05
0,0,0,0,0,0,0,0.00197125586763696,0,0,0,0,0,0.00334430343178306,0,0,0,0,0,0.00862661729268592,0,0,0,0,0,0,0,0,0,0.00918393454309565,0,0,0,0,0,0,0,0.00349044535787272,0,0,0,0,0,0,0,0,0,0,0,0,0,0,0,0.00179848491437843,0,0,0,0.0681107587157858,0,0.0108874787073807,0,0,0.0140965722362365,0,0,0,0,0,0,0,0.00052095138004812,0,0.0253921380719674,0,0,0,0,0,0,0,0.00102415803605047,0,0.000218197970525609,0,0.000815499959873524,0,0
0,0,0,0,0,0,0,0,0,0,0.0181525612557222,0,0,0,0,0,0,0,0,0,0,0,0,0,0,0,0,0,0.00122529306533772,0,0,0,0,0,0,0,0,0,0,0,0,0,0,0,0,0,0,0,0,0,0,0,0,0,0,0,0.000259477982123765,0,0.00305825524155161,0,0,0,0,0,0,0,0,0,0,0,0,0,0,0,0,0,0,0,0,0,0,0,0.000179834046047702,0,0,0,0
0,0,0,0,0,0,0,0.000541031862060808,0,0,0,0.00334430343178306,0,0,0,0.00434305948436605,0,0,0,0,0,0,0,0,0,0,0,0.000955638691550549,0,0,0,0,0,0,0,0,0,0,0,0,0,0,0,0,0,0,0,0,0,0,0,0,0,0.000730476471548121,0,0,0,0.00175953221113475,0,0.0210650871262842,0,0,0,0,0,0,0,0,0,0,0.00508263241714851,0,0,0,0,0,0,0,0,0,0,0,0.000345428637294059,0.000105965256828051,0,0,0
0,0,0,0,0,0,0,0,0.0178935181661636,0,0,0,0,0,0,0,0.000673813948152279,0,0,0,0,0,0,0,0,0,0,0,0,0,0,0,0,0,0,0,0,0,0,0,0,0,0,0,0,0,0,0,0,0,0,0,0,0,0.00503854254931914,0,0,0,0.000294470827812292,0,0.0244885722546975,0,0,0,0,0,0,0,0,0,0,0,0,0,0,0,0,0,0,0,0,0,0.000131191238454185,0.000132168895797356,0,0,0
0,0,0,0,0,0,0,0,0,0.00489281650847918,0,0,0,0.00434305948436605,0,0,0,0.000172686860095653,0,0,0,0,0,0,0,0,0,0,0,0,0,0,0,0,0,0,0,0,0,0,0,0,0,0,0,0,0,0,0,0,0,0,0,0,0,0.0131697569668357,0,0,0,0,0,0.0419105267344167,0,0,0,0,0,0,0.000964464164537639,0,0,0,0,0,0,0,0,0,0,0,0,0,0.000194428409771162,0,0,0,0
1.08712135876879e-05,0,0,3.08782824252333e-05,0,0,0,0,0.00286394786349768,0,0,0,0,0,0.000673813948152279,0,0,0.0693735722000028,0.0480223293463596,0,5.46034506473972e-05,0,0.00134880765543139,0,0.00153442561532942,0,0.00111417249110394,0,0,0,0,0,0,0,0,1.18094323564973e-05,1.40167220252191e-05,1.69616857280639e-05,3.52335286167403e-05,0.000288628744039987,0.000129595888391548,0.000477560624255002,0.000801929620159606,0,2.23040119669471e-05,0.000144365657846918,0.000983892422412249,0,0,0.000173314421210581,0,0,0,0,0,0,2.0419027867044e-05,0,0,0,0,0,0,8.53163477657056e-05,0,0,0,0,0,0,0,0,0,7.57688746344578e-05,0,0,2.35890899643432e-06,0,0.000140128284143736,0.000433045237854728,4.46478087400041e-05,0.000262852066224242,0.0359491417666141,0.0127082074214161,0.00114480825687108,0.000183654683070614,0.000611606835933799
0,0,0,0,0,0,0,0,8.67005805576011e-05,0.000856883743185604,0,0,0,0,0,0.000172686860095653,0.0693735722000028,0,0.0608848785402924,0,5.28071041842781e-06,0.00272239149097828,0,0.007774272316385,0,0.00215169498974952,1.1069097927258e-05,0,0,0,0,0,0,0,0,0,0,0,0,4.00818431495213e-05,0,0.00014239347431043,5.29403564266852e-05,0,0,3.16427837119505e-05,2.7640176013315e-05,0,0,9.8058641624883e-06,0,0,0,0,0,5.7752423055695e-05,0,0,0,0,0,0.000562587095667652,0,7.48673124424719e-06,8.61181364356133e-05,0,0.0048897552762408,0,0,0,0,0,0,0,0,0,0,0,6.5281369539433e-06,1.81472552050632e-05,0,1.46214681169492e-05,0.0402808017172356,0.00628106951478215,6.96638927236522e-05,1.61266471421556e-05,3.29527655351658e-05
0.00229654936385136,5.47944066271061e-06,1.14690838470237e-05,0.000733397467810956,0,2.5713691235005e-05,0,0,0,8.45828682468491e-05,2.0488866199527e-05,0,0,0,0,0,0.0480223293463596,0.0608848785402924,0,0,0.000985109622713209,0,0,0,0,0,0,0,0,0,0,0,0,0,0,0.00131280662551917,0.000223850415095524,0.000680429260604783,0.00029202818340259,0.0123465003063406,0.00278595240091556,0.047782165326296,0.0177825411412221,0.000892198860851104,0.00213596176358193,0.00429922692590096,0.014974648551424,6.6328887024813e-05,5.65385900025308e-06,0.0235079874234061,0,9.24057353171847e-06,0,0,0,0,0.000453434824635415,4.27514755806887e-05,0,0,0,0,7.89880402185791e-06,0.00168769643963522,0,0,0,0,0,0,0,0,0.000497193547954324,0.00138213699973221,0,0,1.28798382161142e-05,0,0.00601404143046428,0.00693840953977103,0.00232803743897205,0.00394773266309185,0.0270007303535896,0.00199162593253121,0.0437222932440136,0.0254083340022014,0.00706913993225833
0,0,0,0.000196336427835089,0,0.00396576285019595,0,0.000479782764009612,0,0,0,0.00862661729268592,0,0,0,0,0,0,0,0,0,0,0,0,0,0,0,0,0,0,0,0,0,0,0,0.00180665639482755,0,0.000124100460775622,0,5.76590825489515e-05,0,6.9450715884602e-05,0,0,0,0.00204886272025795,0,0,0,0,0,3.28375957278798e-05,0,0,0,0,0,0.000150814062097419,0,0,0,0,0.0697025580754752,0,0,0,0,0,0,0,0,0,0,0,0,0,0,0,0.00134435120948568,0,2.120044695347e-05,0,0.00106071072284465,2.04997274846404e-05,0.00322047102200001,0,0
0.000335439526495721,0,0.00011997398292743,0,0.0234583706252433,0,0.00901061606238574,0,0,0,0.0124094693795023,0,0,0,0,0,5.46034506473972e-05,5.28071041842781e-06,0.000985109622713209,0,0,0,0,0,0,0,0,0,0,0,0.00021570155636602,0,0,0,0,0,0.00867785737320624,0,0.00577664083054633,0,3.16936616834887e-05,1.98140778332623e-05,0.00221034127686618,0,0.00019400880402753,0,0.0055381857148436,0,4.72911697225703e-05,0,0,0,0.000774469565247209,0,0,0,0.0178517223909529,0,0,0,0,0,0,0.126348992127103,0,0,0,0,0,0,0,0,0,0.00403921234862875,0,0,0,0,0,0.0053989597996431,0,0.00414562795735453,0.00258011630946291,0,0.0048180717542748,0,0.00403493487865562
0,0,0,0,0,0,0,0,0,1.11144452867707e-05,0,0,0,0,0,0,0,0.00272239149097828,0,0,0,0,0.00381322721473235,0.00280303679219783,0,0.00663889230424567,0,0.0024434658696516,0,0,0,0,0,0,0,0,0,0.0112878641170729,0,0,0,0,0,0,0,0,0,0,0,0.00161140818727891,0,0,0,0,0,5.22275550420687e-06,0,0,0,0,0,0,0,0,0.0893633479244069,3.97598478887249e-05,0.00297935486462278,0,0.000615588925062252,0,0.000516419713768395,0,0,0,0,0,0,0,0,0,0.00438537519299194,0,0.00344880615826794,0.000782200610908864,0,0,0
0,0,0,0,0,0,0,0,0,0,0,0,0,0,0,0,0.00134880765543139,0,0,0,0,0.00381322721473235,0,0,0.00141590254771185,0,0.000472121429212816,0,0.000173509694424052,0,0,0,0,0,0,0,0,0.000117607456573592,0.00433531898319791,0,0,0,0,0,0,0,0,0,0.00312471569385995,0,0,0,0,0,0,0,0,0,0,0,0,0,0,0,0,0.0954770826105492,0,0.00257050257913185,0,0,0,0.00022397114196284,0,0,0,0,0,0,0,0,0,0.00123911689928992,0.00428305744354223,0.00605334626178808,0,0,0
0,0.000847434055270091,0,0,0,0,0,0,0,0.0259655185466283,0,0,0,0,0,0,0,0.007774272316385,0,0,0,0.00280303679219783,0,0,0,0.107339158468946,0,0,0,0,0,0,0,0,0,0,0,0.00467544896038239,0,0,0,4.44225410750805e-05,0,0,0,0,0,0,0,0.00214707279589269,0,0,0,0,0,0.0227116307185752,0,0.000118733920206616,0,0,0,0.00339630252899456,0,0,0.0103692650666391,0,0.126679270636723,0,0.0513564696122953,0,0,0,0,0,0,0,0,0,0,0,0.00610312343823734,0,0.00104126150140522,0,0.000155905888707079,0,0
0,0,0,0,0,0,0,0,0.00603104495205683,0,0,0,0,0,0,0,0.00153442561532942,0,0,0,0,0,0.00141590254771185,0,0,0,0.0328885440832056,0,0,0,0,0,0,0,0,0,0,0,0.00166446795361153,0,0,0,0,0,0,0,0,0,0.0073633276246285,0,0,0,0,0,0.0186993231678462,0,0,0,0,0,0,0,0,0,0,0.00502732446914415,0,0.286616350633338,0,0.054797290219189,0,0,0,0,0,0,0,0,0,0,0,0.000282342235476576,0.000933798929345118,0,0.000809190198313917,0,0
0,0.000280330654628886,0,0,0,0,0,0,0,0.000299475927022286,0,0,0,0,0,0,0,0.00215169498974952,0,0,0,0.00663889230424567,0,0.107339158468946,0,0,0,0.00739363519294786,0,0,0,0,0,0,0,0,0,0,0,0,0,9.39591346864843e-05,0,0,0,0,0,0,0,0.0021655144478544,0,0,0,0,0,0,0,4.86697509533464e-05,0,0,0,0.000236513973248362,0,0,0.000403566120166398,0,0.0658117028668413,0,0.0380179167759553,0,0.0027446967369856,0,0,0,0,0,0,0,0,0,0,0,0.000273956721960279,0,0.000209573305048466,0,0
0,0,0,0,0,0,0,0,0.00313333444566041,0,0,0,0,0,0,0,0.00111417249110394,1.1069097927258e-05,0,0,0,0,0.000472121429212816,0,0.0328885440832056,0,0,0,0.00035411736522049,0,0,0,0,0,0,0,0,0,0,0,0,0,0,0,0,0,0,0,0,0,0,0,0,0,0.00611067133147275,0,0,0,0,0,0,0,0,0,0,0.00127140908356183,0,0,0,0.0688525806760016,0,0.00190342860700989,0,0,0,0,0,0,0,0,0,0,5.52332415638365e-05,5.30640281199324e-06,0,0,0
0,0,0,0,0,0,0,0,0,0,0,0,0,0.000955638691550549,0,0,0,0,0,0,0,0.0024434658696516,0,0,0,0.00739363519294786,0,0,0,0.000482840102170149,0,0,0,0,0,0,0,0.000423078010304209,0,0,0,0,0,0,0,0,0,0,0,0,0,0,0,0,0,0,0,0,0,0,0,0,0,0,0.000273290634620646,0,0,0,0.000567901107147822,0,0.0236713976032977,0,0,0,0,0,0,0,0,0,0.00181300906088437,0,8.5090256671928e-05,0,0,0,0
0,0,0,0,0,0,0,0,0,0,0,0,0.00122529306533772,0,0,0,0,0,0,0,0,0,0.000173509694424052,0,0,0,0.00035411736522049,0,0,0,9.49207437718896e-05,0,0,0,0,0,0,0,0.000837566760575309,0,0,0,0,0,0,0,0,0,0,0,0,0,0,0,0,0,0,0,0.000536784153738912,0,0,0,0,0,0,0.000100106423006565,0,0,0,0,0,0.0204973647220097,0,8.82035702495444e-05,0,0,0,0,0,0,0,0,0.00069991425380671,0.000176671269703394,0,0,0
0,0,0,0,0,0,0,0,0,0,0,0.00918393454309565,0,0,0,0,0,0,0,0,0,0,0,0,0,0,0,0.000482840102170149,0,0,0,0,0,0,0,0,0,0.00319161609167641,0,0,0,0,0,0,0,0,0,0,0,0,0,0,0,0,0,0,0,0.00183116434422319,0,0,0,0,0,0,0,0,0,0,0,0,0.00046008743083803,0,0.0509670633022743,0,0,0,0,0,0,0,0.00172350331510971,0,0,0,0,0,0
0,0,0,0,0,0,0,0,0,0,0.00151265360477774,0,0,0,0,0,0,0,0,0,0.00021570155636602,0,0,0,0,0,0,0,9.49207437718896e-05,0,0,0,0,0,0,0,0,0,0.00094432464933668,0,0,0,0,0,0,0,0,0,0,0,0,0,0,0,0,0,0.000591103023588238,0,0,0,0,0,0,0,0,0,0,0,0,0,0,0.000658032632938378,0,0.018546563140948,0,0,0,0,0,0,0,0,1.6260578377281e-05,0.000227621131347826,0,0,0
0,0,0,0,0,0,0,0,0,0,0,0,0,0,0,0,0,0,0,0,0,0,0,0,0,0,0,0,0,0,0,0,0.107197536261782,0.00101478079860745,6.69793248806727e-05,0.00237473764550819,0.000253749354872849,0,0,0,0,0,0,0,0,0,0,0.118832435092321,0,0,0,0,0,0,0,0,0,0,0,0,0,0,0,0,0,0,0,0,0,0,0,0,0,0,0.155507542783082,0.000925856692959996,0.00262082755784709,0.000103519226516725,0.00469961617651268,7.99743754560885e-05,0,0,0.000886061281367398,0,0,0,0
0,0,0,0,0,0,0,0,0,0,0,0,0,0,0,0,0,0,0,0,0,0,0,0,0,0,0,0,0,0,0,0.107197536261782,0,0.0017327878655211,0.0100061559861056,0,0.00369156659159774,0,0,0,0,0,0,0,0,0,0,0.0280961400049981,3.99641681416655e-05,0,0,0,0,0,0,0,0,0,0,0,0,0,0,0,0,0,0,0,0,0,0,0,0,0,0.0286259391150985,0.125124136231,0,0.00495235638705617,0,0.00116274551676427,0,0,8.60970544440593e-05,0,0,0,0
0,0,0,0,0,0,0,0,0,0,0,0,0,0,0,0,0,0,0,0,0,0,0,0,0,0,0,0,0,0,0,0.00101478079860745,0.0017327878655211,0,0.159993676226637,0.00809046991099165,0,0.00196918999153236,0.000410915822130942,0,0,0,0,0,0,0,0,0.270566496635599,0.00817827215149074,0,0,0,0,0,0,0,0,0,0,0,0,0,0,0,0,0,0,0,0,0,0,0,0,0,0.000134397671320802,0.000106056084610667,0.10245710758048,0.0325518102835088,0.00172209629007444,0,0.00111823023089851,0,0.00189845385140924,0.000241280895864962,0.000108604803858659,0,0
0,0,0,0,0,0,0,0,0,0,0,0,0,0,0,0,0,0,0,0,0,0,0,0,0,0,0,0,0,0,0,6.69793248806727e-05,0.0100061559861056,0.159993676226637,0,0,0.00331819480176675,0.000213837421441378,0.00383793676918231,0,0,0,0,0,0,0,0,0.0808615032823154,0.00364477505900627,0,0,0,0,0,0,0,0,0,0,0,0,0,0,0,0,0,0,0,0,0,0,0,0,0,0,0.00079800434105941,0.0027485817759799,0.146833104007807,0,0.000112613878111526,0,0.00215100493948527,0.00134793647744309,0.00106656321430523,0,0,0
0,0,0,0.000114135588647024,0,5.56669889039916e-05,0,0,0,4.09263391524319e-06,0,0,0,0,0,0,1.18094323564973e-05,0,0.00131280662551917,0.00180665639482755,0,0,0,0,0,0,0,0,0,0,0,0.00237473764550819,0,0.00809046991099165,0,0,0.00356345025446709,0.00288666378335924,0.000421399815422264,7.42430965204291e-05,0,0.000758022315845083,7.83508152370576e-05,4.04920613589243e-06,1.27001090137112e-05,0.00184084911909289,2.13726883050857e-05,0.0015885976587847,8.7363650311246e-05,0.000157847193100102,0,2.87103011411391e-06,0,0,0,0,1.2745487939541e-06,1.09742476561117e-06,0,0,0,0,0.00311559759684177,8.45354526294778e-07,0,0,0,0,0,0,0,0,3.03025991965926e-06,0,0.00175990168589384,0,0.00871205040948599,0,0.0571389080102262,0.000183188272090445,0.00565107479049584,5.15489337470944e-06,0.00435691861767246,5.89320493048551e-05,0.00241484488882681,0.000377097838901667,3.07657434227092e-06
5.12351721765548e-05,0,6.77714893481466e-06,0,0.000148427637071562,0,0,0,0,0,0.000294874400183986,0,0,0,0,0,1.40167220252191e-05,0,0.000223850415095524,0,0.00867785737320624,0,0,0,0,0,0,0,0,0,0,0.000253749354872849,0.00369156659159774,0,0.00331819480176675,0.00356345025446709,0,1.29368574917769e-05,0.00242990207668885,0,1.91441004326351e-05,0,0.000754095614092903,0,1.46252234977497e-05,0,0.00145646551950189,0.000604918717159771,0.000543584829700589,0,3.0996684694298e-06,0,0,0,0,0,2.49558339758818e-05,0,0,0,0,0,0,0.00328446624796898,0,0,0,0,0,0,0,0,0,1.39885113142145e-05,0.000694644500932237,0.000291977368136606,0,0.000435575497921502,0.000879558100648594,0.051369434511416,0,0.00720202500819885,0.00387653244073872,0.000348586667392125,0.00155807275698353,0,7.00275053743361e-05
0,6.67946792784447e-06,0,2.69299649847496e-05,0,0,0,0,0,0.000731494092614654,0,0.00349044535787272,0,0,0,0,1.69616857280639e-05,0,0.000680429260604783,0.000124100460775622,0,0.0112878641170729,0.000117607456573592,0.00467544896038239,0,0,0,0.000423078010304209,0,0.00319161609167641,0,0,0,0.00196918999153236,0.000213837421441378,0.00288666378335924,1.29368574917769e-05,0,0.00160199931938709,2.47930030157028e-05,0,0.000310599546344853,1.06013235164848e-06,3.4419238957732e-06,0,0.000715917594501543,2.66718419283181e-06,0.0120372830394232,0,0.00171392353266966,0,0,0,0,0,0.000626765372384884,0,0.0028490694656751,0,0,0,0,0.0028483434176129,0,0.00146884634819048,8.13493812953243e-05,0.00206313402981175,0,0,0,4.95860172720951e-06,0,0.00774930360312756,0,0,0,0.00396747458302097,0,0.00216627029083014,1.67494346079304e-06,0.0813427819464797,0.000139767908834835,0.00427371200158149,0.00287780163153105,0.000592096631860592,0.000294757280250161,0
3.96171788974206e-05,0,0,0,2.14183143318867e-06,0,0,0,1.39917229131537e-05,0,0.00497316844833302,0,0,0,0,0,3.52335286167403e-05,0,0.00029202818340259,0,0.00577664083054633,0,0.00433531898319791,0,0.00166446795361153,0,0,0,0.000837566760575309,0,0.00094432464933668,0,0,0.000410915822130942,0.00383793676918231,0.000421399815422264,0.00242990207668885,0.00160199931938709,0,0,1.38045706398763e-06,0,0.000514120388687029,0,3.524467595256e-05,0,0.000552032207378443,0.0200901290676187,0.0146703574574076,0,2.26300473256369e-06,0,0,0,0.00030305781839287,0,0.000977939626975167,0,0,0,0,0,0,0.00485102033207168,0,0.000840064350341163,0,0.00513702483364452,0,0,0,7.13901072712002e-05,0,0.00115536116173046,0,0,0,0.000448328729529746,5.38623493875033e-07,0.00161927288399797,3.95996011476797e-05,0.0860804890787298,0.00657622426948457,0.00181246046094921,0.00114568830702349,0,0.000337916012752591
0,0,0,0.000277928063796889,0,0.000457209782954774,0,0,0,4.67077999901123e-05,0,0,0,0,0,0,0.000288628744039987,4.00818431495213e-05,0.0123465003063406,5.76590825489515e-05,0,0,0,0,0,0,0,0,0,0,0,0,0,0,0,7.42430965204291e-05,0,2.47930030157028e-05,0,0,6.41295168242548e-06,0.0595200881650557,0.000320309708566477,0.000868494485948434,0.000301028694075084,0.029930441280297,0.000141277986288341,0.000787582800604016,0,0.027351681557494,0,0.000116719636662743,0,0,0,0,0,1.38112276560282e-05,0,0,0,0,0.00215240792282715,4.73879698243345e-06,0,0,0,0,0,0,0,0,6.45968513790031e-05,0,0,0,0,0,0.00556899923010919,3.28827746964066e-05,0.000197491510317225,0,0.000680863670706162,3.74460024483252e-05,0.0550050133886785,0.00992555015914576,8.75688087782316e-05
5.6136374007666e-05,0,0,0,8.85147113356445e-05,0,0,0,0,0,0,0,0,0,0,0,0.000129595888391548,0,0.00278595240091556,0,3.16936616834887e-05,0,0,0,0,0,0,0,0,0,0,0,0,0,0,0,1.91441004326351e-05,0,1.38045706398763e-06,6.41295168242548e-06,0,4.5275145806428e-05,0.015831262375329,0,0.00113336183542788,3.19012142882504e-05,0.0165002860935468,0,0.00379443219753524,0,0,0,0,0,0,0,0.000334401481168268,0,8.13414552787732e-06,0,0,0,3.26897355881713e-05,0.00265476333181294,0,0,0,0,0,0,0,0,0,0.00186308760620217,0,0,0,0,2.25375733415103e-06,0.00702106963172367,0,0.000177832781907914,0.000104256219047705,1.11221987739319e-05,0.0166130448068046,1.62424774238239e-05,0.00787218651518889
0,0.00391456387667365,0,0.00638840645492985,0,0.000671402544170824,0,0,0,0.000616613815351085,0,0,0,0,0,0,0.000477560624255002,0.00014239347431043,0.047782165326296,6.9450715884602e-05,1.98140778332623e-05,0,0,4.44225410750805e-05,0,9.39591346864843e-05,0,0,0,0,0,0,0,0,0,0.000758022315845083,0,0.000310599546344853,0,0.0595200881650557,4.5275145806428e-05,0,0.00610255034774205,0.00430181313160804,0.000430521192843642,0.0111839452849258,0.000424967014440717,0.00256684383302795,0,0.0839870623362321,0,0.000326486252648834,0,0,0,0,0,0.000128248025492428,0,0,0,0,0.000817153331846241,9.14785371194504e-05,0,0,5.73042189959527e-05,0,0.000316277264301642,0,0,0,0.00150561998649423,6.57917522115512e-06,0,0,0,0,0.00571072256391434,0.000125197475892588,0.000745531356423032,5.26894668620309e-05,0.00922145848780841,2.46282508616024e-05,0.0839308973052126,0.0504463857096687,0.000275935351892655
0.00200162261714808,0,0.000815298377949702,0.000149795018081415,0.000464579204558404,9.73563758449684e-05,0,0,7.1296319768283e-05,1.70538768321854e-05,0,0,0,0,0,0,0.000801929620159606,5.29403564266852e-05,0.0177825411412221,0,0.00221034127686618,0,0,0,0,0,0,0,0,0,0,0,0,0,0,7.83508152370576e-05,0.000754095614092903,1.06013235164848e-06,0.000514120388687029,0.000320309708566477,0.015831262375329,0.00610255034774205,0,5.93563079780237e-05,0.00920496609516001,0.000145524051315647,0.0154726431881521,0.00210611757915303,0.00999516282371419,0.000408676300130032,0.000106089840774828,1.16313734232536e-05,0,0,0.000108104311284125,0,0.0127434020175832,1.4605666915924e-05,0,0,0,0,6.57767395371035e-06,0.0031782603608033,0,0,0,0,0,0,0,0,0,0.0155049968772083,0,0,0,0,0.00010257872889967,0.0113130137504963,0,0.00680313154348693,0.00336768720294226,1.72507553705054e-05,0.0867681355321933,4.98287862089105e-05,0.0582383251630064
0,0,0,0.00296647143134798,0,4.9809901228071e-05,0,0,0,0,0,0,0,0,0,0,0,0,0.000892198860851104,0,0,0,0,0,0,0,0,0,0,0,0,0,0,0,0,4.04920613589243e-06,0,3.4419238957732e-06,0,0.000868494485948434,0,0.00430181313160804,5.93563079780237e-05,0,0.000529269625565411,0.000912317000853299,1.63767418321942e-05,0,0,0.000497527593600922,0,4.80236650706783e-05,0,0,0,0,0,2.92967951227704e-05,0,0,0,0,0,0,0,0,0.000314499537792973,0,0,0,0,0,0,0,0,0,0,0,6.87316553481333e-05,3.29017758392785e-06,2.90786959397551e-05,0,9.76495707197209e-05,0,0.00203112288452239,0.00192707877323039,0
0,0,0,0,0,0,0,0,0,0,0,0,0,0,0,0,2.23040119669471e-05,0,0.00213596176358193,0,0.00019400880402753,0,0,0,0,0,0,0,0,0,0,0,0,0,0,1.27001090137112e-05,1.46252234977497e-05,0,3.524467595256e-05,0.000301028694075084,0.00113336183542788,0.000430521192843642,0.00920496609516001,0.000529269625565411,0,1.18345894087226e-05,0.00136597044421682,0,0,9.15168414312925e-05,0,0,0,0,0,0,2.89739884731669e-05,0,0,0,0,0,0,0.000175983081356969,0,0,0,0,0,0,0,0,0,9.41015869409048e-05,0,0,0,0,1.4707492397801e-05,0.000608006342237618,0,0.00029206889000986,4.15157235339297e-05,3.01214344964939e-06,0.00802589829604331,0.000677795147175642,0.00865889400959307
0,7.73383293647143e-06,0,0.000757473557603137,0,0.00238283039536892,0,0,0,0,0,0,0,0,0,0,0.000144365657846918,3.16427837119505e-05,0.00429922692590096,0.00204886272025795,0,0,0,0,0,0,0,0,0,0,0,0,0,0,0,0.00184084911909289,0,0.000715917594501543,0,0.029930441280297,3.19012142882504e-05,0.0111839452849258,0.000145524051315647,0.000912317000853299,1.18345894087226e-05,0,0.000142538092350564,0,0.000140701738627064,0.00379233418866957,0,6.48721763382632e-05,0,0,0,0,0,4.76688811400991e-05,0,0,0,0,0.07085709493113,0,0,0,3.80976254977407e-05,0,0,0,0,0,0.000639093759561647,0,0,0,6.54194641436625e-06,0,0.019366730033488,1.13762946054197e-05,0.00312193120220612,0,0.000308361025192536,1.5814303007807e-05,0.0412564033173367,0.000958608514563338,0.000119766442856989
0.00039468948515774,0,0.000702105739350495,0,0.00113235777138055,0,0,0,1.21089165676635e-05,0,3.07701069131444e-05,0,0,0,0,0,0.000983892422412249,2.7640176013315e-05,0.014974648551424,0,0.0055381857148436,0,0,0,0,0,0,0,0,0,0,0,0,0,0,2.13726883050857e-05,0.00145646551950189,2.66718419283181e-06,0.000552032207378443,0.000141277986288341,0.0165002860935468,0.000424967014440717,0.0154726431881521,1.63767418321942e-05,0.00136597044421682,0.000142538092350564,0,0,0.00978170545132746,2.9919365338752e-05,6.74204018533686e-05,0,0,0,0,0,0.00373210420480257,0,0,0,0,0,0,0.0457546176842074,0,0,0,0,0,0,0,0,0,0.00353899119802344,0,0,0,0,4.46036452772903e-05,0.0145933420852475,1.83593734425374e-05,0.00336622932139645,0.000875700863376865,5.859736619372e-05,0.0257650798897601,3.09063006588117e-05,0.00187310940662366
0,9.03329055102209e-05,0,0,0,0,0,0,0,0,0,0,0,0,0,0,0,0,6.6328887024813e-05,0,0,0,0,0,0,0,0,0,0,0,0,0.118832435092321,0.0280961400049981,0.270566496635599,0.0808615032823154,0.0015885976587847,0.000604918717159771,0.0120372830394232,0.0200901290676187,0.000787582800604016,0,0.00256684383302795,0.00210611757915303,0,0,0,0,0,0.155779274730751,0.00947026800938483,0,0,0,0,0,0,0,0,0,0,0,0,0,0,0,0,0,0,0,0,0,0,0,0,0.0420653189326796,0.00169545202093807,0.0127771992221167,0.00116506320720477,0.00290292568495257,0.00440089967413477,0.000264027326610933,0.00155086469308235,0.00457209518525436,0.000450783501437034,0.00828550294475021,0.000183981064993001,0
0.015613644955951,0,0.00553917342115383,0,0.000435196414180736,0,0,0,0.00192213736013465,0,0,0,0,0,0,0,0,0,5.65385900025308e-06,0,4.72911697225703e-05,0,0.00312471569385995,0,0.0073633276246285,0,0,0,0,0,0,0,3.99641681416655e-05,0.00817827215149074,0.00364477505900627,8.7363650311246e-05,0.000543584829700589,0,0.0146703574574076,0,0.00379443219753524,0,0.00999516282371419,0,0,0.000140701738627064,0.00978170545132746,0.155779274730751,0,0.000150086291764717,0,0,0,0,0.00798306048345051,0,0.00135568280614666,0,6.2026238316888e-06,0,0.000563957428904206,0,0,0.00180908207951454,0,0.0136841825099846,0,0.028243851375326,0,0.00118969443662377,0,0.00483001259247259,0,0.000524806939926167,0,0,3.01650976165249e-05,0.000493940920105131,0.000290902551084755,0.00693960524331149,0,0.0123039054592627,0.00236760078697724,0,0.0123256170351974,0,6.52300414684091e-05
0,0.00849324028383146,0,0.0120778186700052,0,0.00150300188983185,0,0,0,0.00230646428909753,0,0,0,0,0,0,0.000173314421210581,9.8058641624883e-06,0.0235079874234061,0,0,0.00161140818727891,0,0.00214707279589269,0,0.0021655144478544,0,0,0,0,0,0,0,0,0,0.000157847193100102,0,0.00171392353266966,0,0.027351681557494,0,0.0839870623362321,0.000408676300130032,0.000497527593600922,9.15168414312925e-05,0.00379233418866957,2.9919365338752e-05,0.00947026800938483,0.000150086291764717,0,0,0.00031863920434981,0,0,0,0.000419047322159692,5.45921310137983e-05,0.00902722520142182,0,0.0021430134313148,0,0.0119153669046564,0.000566282398286535,0,0.00387984889981248,0,0.00275232008757265,0,0.0199599451004138,0,0.000401205957554002,0,0.00660750385116632,0,0,0,0.00480879332284231,0,0.00148843510809185,1.17417851412747e-06,0.00108941339299664,1.54257266737124e-05,0.000839822958571752,5.00200976087503e-06,0.0418669050062634,0.0297499932338546,5.50488330172197e-05
0,0,0.0381414228487067,0,0.0244074883937811,0,0,0,0,0,0,0,0,0,0,0,0,0,0,0,0,0,0,0,0,0,0,0,0,0,0,0,0,0,0,0,3.0996684694298e-06,0,2.26300473256369e-06,0,0,0,0.000106089840774828,0,0,0,6.74204018533686e-05,0,0,0,0,0,0,0,0.00759443317265905,0,0.00563641917003292,0,0.000975135161077014,0,0.000127106931173009,0,0,6.06491528875899e-05,0,0,0,0,0,0,0,0,0,0.000528851869224618,0,0,0,0,0,2.91633241361996e-06,0,0,0,0,0.00122792058055141,0,0.000151863556699071
0,0,0,0.00815767621630417,0,0.0186355546797604,0,0,0,0,0,0,0,0,0,0,0,0,9.24057353171847e-06,3.28375957278798e-05,0,0,0,0,0,0,0,0,0,0,0,0,0,0,0,2.87103011411391e-06,0,0,0,0.000116719636662743,0,0.000326486252648834,1.16313734232536e-05,4.80236650706783e-05,0,6.48721763382632e-05,0,0,0,0.00031863920434981,0,0,0,0,0,0.00453974130438931,0,0.00610573211014108,0,0,0,0,0,0,0,0,0,0,0,0,0,0,3.43502185241231e-05,0,0,0,0,0,0,0,0,0,0.000252101376931283,0,0.00246290607868008,0,0
0,0,0,0,5.21524829073029e-05,0,0.0246739417183715,0,0,0,7.38061447978153e-05,0,0,0,0,0,0,0,0,0,0.000774469565247209,0,0,0,0,0,0,0,0,0,0,0,0,0,0,0,0,0,0,0,0,0,0,0,0,0,0,0,0,0,0,0,0,0,0,0,0.000365598577224648,0,0,0,0,0,0,0,0,0,0,0,0,0,0,0,0,0,0,0,0,0,0,0,0,0,2.65061052603536e-06,0,0,0,0
0,0,0,0,0,0,0,0.00853356262885541,0,0,0,0.00179848491437843,0,0.000730476471548121,0,0,0,0,0,0,0,0,0,0,0,0,0,0,0,0,0,0,0,0,0,0,0,0,0,0,0,0,0,0,0,0,0,0,0,0,0,0,0,0,0,0,0,0,0,0.00397079682613224,0,0,0,0,0,0,0,0,0,0,0,0,0,0,0,0,0,0,0,0,0,0,9.41627952395167e-05,0,0,0,0
0.040461479710731,0,0.106541299530472,0,0.00422080752914239,0,0,0,0.0518352576265621,0,0,0,0,0,0.00503854254931914,0,0,0,0,0,0,0,0,0,0.0186993231678462,0,0.00611067133147275,0,0,0,0,0,0,0,0,0,0,0,0.00030305781839287,0,0,0,0.000108104311284125,0,0,0,0,0,0.00798306048345051,0,0.00759443317265905,0,0,0,0,0,0.00104261148649037,0,0.000340798605749658,0,0.0198628590594124,0,0,0.000147610228872807,0,0,0,0.054576223210436,0,0.00662503432638734,0,0,0,9.5782715847463e-05,0,0,0,0,0,0,0,0.00163180351103338,0,0,0.00363644548770652,0,5.33779948305095e-05
0,0.0903234030413475,0,0,0,0.00598335451013762,0,0,0,0.164786430056729,0,0,0,0,0,0.0131697569668357,0,5.7752423055695e-05,0,0,0,5.22275550420687e-06,0,0.0227116307185752,0,0,0,0,0,0,0,0,0,0,0,0,0,0.000626765372384884,0,0,0,0,0,0,0,0,0,0,0,0.000419047322159692,0,0.00453974130438931,0,0,0,0,0,0,0,0,0,0.0017037451031171,0,0,0,0,0.0272308997937019,0,0,0,0,0,0,0,0,0,0,0,0,0,0.00131282104946492,0,0.000505719378041667,0,0.000249203715642462,0,0
0.000292084368251064,0,0.00234879952832654,0,0.00185019604943019,0,0,0,2.11575574048896e-05,0,0.052935527691484,0,0.000259477982123765,0,0,0,2.0419027867044e-05,0,0.000453434824635415,0,0.0178517223909529,0,0,0,0,0,0,0,0,0,0.000591103023588238,0,0,0,0,1.2745487939541e-06,2.49558339758818e-05,0,0.000977939626975167,0,0.000334401481168268,0,0.0127434020175832,0,2.89739884731669e-05,0,0.00373210420480257,0,0.00135568280614666,5.45921310137983e-05,0.00563641917003292,0,0.000365598577224648,0,0.00104261148649037,0,0,0,0.010906791523946,0,0.000569645149336335,0,0,0.0308540467075639,0,0,0,0,0,0,0,0.000219732774982343,0,0.0321456778853022,0,0,0,0,0,0.000186521748767079,0,1.84188630193941e-05,0.0010239374805191,0,0.0319859045350838,0,0.0216577304123124
0,0,0,0.0030379384182189,0,0.00139426887859563,0,0,0,0,0,0.0681107587157858,0,0.00175953221113475,0,0,0,0,4.27514755806887e-05,0.000150814062097419,0,0,0,0.000118733920206616,0,4.86697509533464e-05,0,0,0,0.00183116434422319,0,0,0,0,0,1.09742476561117e-06,0,0.0028490694656751,0,1.38112276560282e-05,0,0.000128248025492428,1.4605666915924e-05,2.92967951227704e-05,0,4.76688811400991e-05,0,0,0,0.00902722520142182,0,0.00610573211014108,0,0,0,0,0,0,0,0.0267286952308292,0,0.0021744689753002,0,0,0,0,2.49955687776457e-05,0,0.0016350804267616,0,0.000143652752774013,0,0.0210421776897867,0,0,0,0,0,5.63044092742052e-06,0,5.83588360966275e-05,0,7.30839817408311e-06,0,0.00500130291933752,1.39060194745395e-05,0
0,0,0,0,0,0,0,0,0,0,0.00515221539079615,0,0.00305825524155161,0,0.000294470827812292,0,0,0,0,0,0,0,0,0,0,0,0,0,0.000536784153738912,0,0,0,0,0,0,0,0,0,0,0,8.13414552787732e-06,0,0,0,0,0,0,0,6.2026238316888e-06,0,0.000975135161077014,0,0,0,0.000340798605749658,0,0.010906791523946,0,0,0,0.000266372555408653,0,0,0,0,0,0,0,0,0.000193559507665168,0,0.0018476774321954,0,0,0,0,0,0,0,0,0,0,0,0,3.75487202978607e-06,0,0
0,0,0,1.71237245079467e-05,0,0,0,0,0,0,0,0.0108874787073807,0,0.0210650871262842,0,0,0,0,0,0,0,0,0,0,0,0,0,0,0,0,0,0,0,0,0,0,0,0,0,0,0,0,0,0,0,0,0,0,0,0.0021430134313148,0,0,0,0.00397079682613224,0,0,0,0.0267286952308292,0,0,0,0.000172690659012296,0,0,0,0,0,0,0.00419188076284594,0,2.49339697723412e-05,0,0,0,0,0,0,0,0,0,0,0,4.45400920586612e-05,0,0,0,0
0.0159698359769646,0,0.00305695587839405,0,0,0,0,0,0.0312863970964905,0,0,0,0,0,0.0244885722546975,0,0,0,0,0,0,0,0,0,0,0,0,0,0,0,0,0,0,0,0,0,0,0,0,0,0,0,0,0,0,0,0,0,0.000563957428904206,0,0.000127106931173009,0,0,0,0.0198628590594124,0,0.000569645149336335,0,0.000266372555408653,0,0,0,0,0,0,0,0,0,0,0.00352240958922448,0,0.000125634055691064,0,0,0,0,0,0,0,0,0,0,0,0,7.13562934797007e-05,0,0
0,0.000203226641060602,0,0,0,0,0,0,0,0.00120378457098919,0,0,0,0,0,0.0419105267344167,0,0.000562587095667652,0,0,0,0,0,0.00339630252899456,0,0.000236513973248362,0,0,0,0,0,0,0,0,0,0,0,0,0,0,0,0,0,0,0,0,0,0,0,0.0119153669046564,0,0,0,0,0,0.0017037451031171,0,0.0021744689753002,0,0.000172690659012296,0,0,0,0,0,0,0.00103956026832215,0,0.00214811617250297,0,0,0,0,0,0,0,0,0,0,0,0,0,1.07133513248981e-05,0,0.000292188384750091,0,0
0,1.70478425022628e-05,0,2.79248440528991e-05,0,0.00666097496727362,0,0.000463899930499883,0,0,0,0.0140965722362365,0,0,0,0,0,0,7.89880402185791e-06,0.0697025580754752,0,0,0,0,0,0,0,0,0,0,0,0,0,0,0,0.00311559759684177,0,0.0028483434176129,0,0.00215240792282715,3.26897355881713e-05,0.000817153331846241,6.57767395371035e-06,0,0,0.07085709493113,0,0,0,0.000566282398286535,0,0,0,0,0,0,0,0,0,0,0,0,0,0,0,0,0,0,0,0,0,0,0.00107677387333854,0,0,0,0,0,0.00882064150941055,0,0.00285645713527728,0,0.000248559016626539,0,0.0189407832587129,1.90896743036985e-05,0
0.000174760118736334,0,0.00094470060072278,0,0.00476296797807851,0,0.000371644917508208,0,0,0,0.00153244114896057,0,0,0,0,0,8.53163477657056e-05,7.48673124424719e-06,0.00168769643963522,0,0.126348992127103,0,0,0,0,0,0,0,0,0,0,0,0,0,0,8.45354526294778e-07,0.00328446624796898,0,0.00485102033207168,4.73879698243345e-06,0.00265476333181294,9.14785371194504e-05,0.0031782603608033,0,0.000175983081356969,0,0.0457546176842074,0,0.00180908207951454,0,6.06491528875899e-05,0,0,0,0.000147610228872807,0,0.0308540467075639,0,0,0,0,0,0,0,0,0,0,0,0,0,0,0,0,0.0125357710767379,0,0,0,0,7.84281232257871e-06,0.00979579980157361,0,0.00532829220768841,0.000954695759901598,1.25902908898994e-06,0.0107589664104273,5.72242663251302e-05,0.00293438723183884
0,0,0,0,0,0,0,0,0,0,0,0,0,0,0,0,0,8.61181364356133e-05,0,0,0,0.0893633479244069,0,0.0103692650666391,0,0.000403566120166398,0,0.000273290634620646,0,0,0,0,0,0,0,0,0,0.00146884634819048,0,0,0,0,0,0,0,0,0,0,0,0.00387984889981248,0,0,0,0,0,0,0,0,0,0,0,0,0,0,0,0,0.00540445454475424,0,0.00137708833016073,0,0.0011496322187783,0,0,0,0,0,0,0,0,0,0.00164987837016547,0,0.000435288699745357,6.29871287286709e-05,0,0,0
0,0,0,0,0,0,0,0,0,0,0,0,0,0,0,0,0,0,0,0,0,3.97598478887249e-05,0.0954770826105492,0,0.00502732446914415,0,0.00127140908356183,0,0.000100106423006565,0,0,0,0,0,0,0,0,8.13493812953243e-05,0.000840064350341163,0,0,0,0,0,0,0,0,0,0.0136841825099846,0,0,0,0,0,0,0,0,0,0,0,0,0,0,0,0,0,0,0.00440021269500728,0,0,0,0.000993132576014281,0,0,0,0,0,0,0,0,0,0.000594530233426225,0.00147092375488724,0.000659247699325037,0,0,0
0,0.00502600845968497,0,0.000222585794065779,0,0,0,0,0,0.0158244758875223,0,0,0,0,0,0,0,0.0048897552762408,0,0,0,0.00297935486462278,0,0.126679270636723,0,0.0658117028668413,0,0,0,0,0,0,0,0,0,0,0,0.00206313402981175,0,0,0,5.73042189959527e-05,0,0.000314499537792973,0,3.80976254977407e-05,0,0,0,0.00275232008757265,0,0,0,0,0,0.0272308997937019,0,2.49955687776457e-05,0,0,0,0.00103956026832215,0,0,0.00540445454475424,0,0,0,0.0143703998250629,0,0,0,0,0,0,0,0,0,0,1.53830751203724e-06,0.00278938581340428,0,0.000769683539145531,0,0.000841890297977528,0.00104952674695479,0
0.00223745968840944,0,0,0,0,0,0,0,0.0055244744943649,0,0,0,0,0,0,0,0,0,0,0,0,0,0.00257050257913185,0,0.286616350633338,0,0,0,0,0,0,0,0,0,0,0,0,0,0.00513702483364452,0,0,0,0,0,0,0,0,0,0.028243851375326,0,0,0,0,0,0.054576223210436,0,0,0,0,0,0,0,0,0,0,0.00440021269500728,0,0,0,0.00300690004580075,0,0,0,0,0,0,0,0,0,0,0,0.00121475415222656,5.16654802095243e-05,0,0.0014066182034778,0,0
0,0.00205585547872996,0,0,0,0,0,0,0,0.000193958199815825,0,0,0,0,0,0.000964464164537639,0,0,0,0,0,0.000615588925062252,0,0.0513564696122953,0,0.0380179167759553,0,0.000567901107147822,0,0,0,0,0,0,0,0,0,0,0,0,0,0.000316277264301642,0,0,0,0,0,0,0,0.0199599451004138,0,0,0,0,0,0,0,0.0016350804267616,0,0.00419188076284594,0,0.00214811617250297,0,0,0.00137708833016073,0,0.0143703998250629,0,0,0,0.00366996019138241,0,0,0,0,0,0,0,0,0,0,0,1.58713919737117e-05,0,0.00313599910151839,0,0
0,0,0,0,0,0,0,0,0.00265181393742572,0,0,0,0,0,0,0,0,0,0,0,0,0,0,0,0.054797290219189,0,0.0688525806760016,0,0,0,0,0,0,0,0,0,0,0,0,0,0,0,0,0,0,0,0,0,0.00118969443662377,0,0,0,0,0,0.00662503432638734,0,0,0,0.000193559507665168,0,0.00352240958922448,0,0,0,0,0,0,0.00300690004580075,0,0,0,0.00354150852188852,0,0,0,0,0,0,0,0,0,0,0,0,0,0,0
0,0,0,0,0,0,0,0,0,0,0,0.00052095138004812,0,0.00508263241714851,0,0,0,0,0,0,0,0.000516419713768395,0,0,0,0.0027446967369856,0,0.0236713976032977,0,0.00046008743083803,0,0,0,0,0,0,0,4.95860172720951e-06,0,0,0,0,0,0,0,0,0,0,0,0.000401205957554002,0,0,0,0,0,0,0,0.000143652752774013,0,2.49339697723412e-05,0,0,0,0,0.0011496322187783,0,0,0,0.00366996019138241,0,0,0,0.00510331840076401,0,0,0,0,0,0,0,0.000972098825368352,0,0,0,5.30633035490005e-05,0,0
0,0,0,0,0,0,0,0,0,0,0.00031497612979583,0,0,0,0,0,0,0,0,0,0,0,0.00022397114196284,0,0,0,0.00190342860700989,0,0.0204973647220097,0,0.000658032632938378,0,0,0,0,0,0,0,7.13901072712002e-05,0,0,0,0,0,0,0,0,0,0.00483001259247259,0,0,0,0,0,0,0,0.000219732774982343,0,0.0018476774321954,0,0.000125634055691064,0,0,0,0,0.000993132576014281,0,0,0,0.00354150852188852,0,0,0,0.00123085222158272,0,0,0,0,0,0,0,9.89560352202589e-05,0,0,5.67161368962843e-05,0,6.52741097420103e-05
0,0,0,0.000430627135346002,0,0,0,0,0,0,0,0.0253921380719674,0,0,0,0,0,0,0.000497193547954324,0,0,0,0,0,0,0,0,0,0,0.0509670633022743,0,0,0,0,0,3.03025991965926e-06,0,0.00774930360312756,0,6.45968513790031e-05,0,0.00150561998649423,0,0,0,0.000639093759561647,0,0,0,0.00660750385116632,0,3.43502185241231e-05,0,0,0,0,0,0.0210421776897867,0,0,0,0,0.00107677387333854,0,0,0,0,0,0,0,0.00510331840076401,0,0,0,0,0,0,0,2.19463683884061e-05,0,0.00335870094926989,0,1.89015645177593e-05,0,0.00575767994741194,0.000271450719137573,2.08555683931741e-05
