0,0,0.12978677820658,0,0.127074472606182,0,0,0,0.141459036502386,0,0,0,0,0,0.156218221783638,0,0.260548076752959,0.258159101009369,0.276355445865662,0,0,0,0,0,0.239722600206733,0,0,0,0,0,0,0,0,0,0,0,0,0,0.251753319054842,0.33336067199707,0.364550322294235,0.313327051699162,0.252192793147905,0,0,0,0.227949810028076,0,0.233630608063225,0,0.258535832166672,0,0,0,0.143984717683994,0,0,0,0.189396513359887,0,0.170019536571843,0,0.278336465358734,0.338293850421906,0,0,0,0.166449456020843,0,0.185941442847252,0,0.260367631912231,0.304043978452682,0.286309190094471,0,0,0,0,0.345102438155343,0.346458144651519,0,0.389847069978714,0.23036352882073,0.263746663928032,0.252945618680678,0.296431839466095,0.216183438897133
0,0,0,0.15769186261587,0,0,0,0,0,0.143880140065223,0,0,0,0.186613973975182,0,0.169012509286404,0,0,0.293695110827684,0,0,0,0,0.280769798904657,0,0,0,0,0,0,0,0,0,0,0,0,0,0.292094042045729,0,0.444669008255005,0,0.301156856932725,0.285743534564972,0,0,0,0.268225491046906,0.286032938957214,0,0.187060427994491,0,0,0,0,0,0.137091499895363,0,0.261402517557144,0,0,0,0.163552199230819,0,0,0,0,0.252157139281432,0,0,0,0,0,0.28298195451498,0,0,0,0,0,0.312868972619375,0,0,0,0.179473713661234,0,0.240278628546941,0.26779485350618,0
0.12978677820658,0,0,0,0.160132935591813,0,0,0,0.19221367450749,0,0,0,0,0,0.171806484460831,0,0,0,0.24903385899961,0,0.224443755216069,0,0,0,0,0,0,0,0,0,0,0,0,0,0,0,0.236579649150372,0,0.213552176952362,0.303760230541229,0.223793640732765,0,0.237062326851098,0,0,0,0.209966995998433,0.241642370820045,0.150631169386731,0,0.185078984431245,0,0,0,0.180436795147566,0,0.235029035581733,0,0.190896250745829,0,0.188217597703139,0,0,0.225979798659682,0,0,0,0,0,0,0,0.254052107532819,0,0.258871311491186,0,0,0,0,0,0.233976023753038,0,0.263088809559122,0.228775609060224,0.238728816310565,0.230447272583842,0,0
0,0.15769186261587,0,0,0,0.155734264547318,0,0,0,0.140501205491114,0,0,0,0,0,0,0.275234669446945,0,0.245707518288067,0,0,0,0,0.284390528996785,0,0,0,0,0,0,0,0,0,0,0,0,0,0.272179651260376,0,0.265194719487971,0,0.25503197782918,0.26748792976141,0,0,0.178492600719134,0.222244560718536,0.28446841902203,0,0.194656113944369,0,0.196393811549086,0,0,0,0.130509491590127,0,0.24862578618577,0,0.238720618188381,0,0.174275134213909,0.213555857539177,0,0,0,0.270842015743256,0,0,0,0,0,0.275359033385203,0,0,0,0,0,0.254099966450171,0,0.247571715712547,0,0.231178945983234,0,0.239148709085716,0.243158893529759,0
0.127074472606182,0,0.160132935591813,0,0,0,0,0,0.154917374501626,0,0,0,0,0,0,0,0,0,0,0,0.188369005918503,0,0,0,0,0,0,0,0,0,0,0,0,0,0,0,0.16780573874712,0,0,0,0.191419243812561,0,0.215992754755112,0,0,0,0.213423669338226,0,0.212770611047745,0,0.12799289190408,0,0,0,0.181941419839859,0,0.177897524948304,0,0.180007100105286,0,0,0,0,0.169534459710121,0,0,0,0,0,0,0,0,0,0.253476093212763,0,0,0,0,0,0.204636055231094,0,0.222817450761795,0.208125072328941,0.187670233845711,0.182899249685293,0,0
0,0,0,0.155734264547318,0,0,0,0,0,0,0,0.133314743638039,0,0,0,0.1312225908041,0,0,0,0.124012557375762,0,0,0,0,0,0,0,0,0,0,0,0,0,0,0,0,0,0,0,0.250982056061427,0,0.224102403968573,0.220795780420303,0,0,0,0.224906995892525,0,0,0.258252650499344,0,0.166446997093804,0,0,0,0,0,0.197853241604988,0,0.214237827062607,0,0,0.125021180735444,0,0,0,0,0,0,0,0,0,0,0,0,0,0,0,0.187759310007095,0,0,0,0.17443682495375,0,0.138196566104889,0,0
0,0,0,0,0,0,0,0,0,0,0.170866664499044,0,0.125633495549361,0,0,0,0,0,0,0,0.146262317895889,0,0,0,0,0,0,0,0,0,0,0,0,0,0,0,0.150090775142113,0,0,0,0,0,0,0,0,0,0,0,0,0,0.150093655173595,0,0.168840615078807,0,0,0,0.16620060056448,0,0.139263197779655,0,0,0,0,0,0,0,0,0,0,0,0,0,0,0,0,0,0,0,0,0.188740047315756,0,0,0.149728416227827,0,0,0,0
0,0,0,0,0,0,0,0,0,0,0,0,0,0.130368875960509,0,0,0,0,0,0.123399931937456,0,0,0,0,0,0,0,0,0,0,0,0,0,0,0,0.135821312665939,0,0,0,0,0,0,0,0,0,0,0,0,0,0,0,0.14305454492569,0,0.156057919121601,0,0,0,0.171970863976786,0,0,0,0,0.124737534891157,0,0,0,0,0,0,0,0,0,0,0,0,0,0,0,0,0,0,0,0.111443407833576,0,0,0,0
0.141459036502386,0,0.19221367450749,0,0.154917374501626,0,0,0,0,0,0,0,0,0,0.200495306868106,0,0.15149878718632,0.163947050770124,0.227089067300161,0,0.39695547024409,0,0.156503061453501,0,0.149035438895226,0,0.149088442325592,0,0,0,0,0,0,0,0,0,0,0,0.210850700736046,0.286417603492737,0.304174020886421,0,0.243156740960387,0,0,0,0,0,0.219046147288503,0,0,0,0,0,0.166034392696063,0,0.291562606738164,0,0.26480343580246,0,0.197453026551493,0,0,0.406996284212385,0,0,0,0.142537908421622,0,0.126629730796113,0,0.308868438005447,0,0.324039522754519,0,0,0,0,0,0.214296765625477,0,0.248346067572895,0.186396694580566,0.172167015572389,0.251596141151666,0,0
0,0.143880140065223,0,0.140501205491114,0,0,0,0,0,0,0,0,0,0,0,0.173566492597262,0,0.152071435095333,0.271275758743286,0,0,0,0,0.168072598055005,0,0.152419909834862,0,0,0,0,0,0,0,0,0,0,0,0.196373963042309,0,0,0.297567278146744,0.220157087257464,0,0,0,0,0,0.274782985448837,0,0.24762935302359,0,0,0,0,0,0.163052901702708,0,0.283495903015137,0,0,0,0.185334458947182,0,0,0,0,0.169997456940738,0,0,0,0,0,0.266823574900627,0,0,0,0,0,0,0,0,0,0.167516004039106,0.190625405879248,0.198886113051249,0.376623443194798,0
0,0,0,0,0,0,0.170866664499044,0,0,0,0,0,0.139201942153952,0,0,0,0,0,0,0,0.133388388200083,0,0,0,0,0,0,0,0.132726780538048,0,0.154577240347862,0,0,0,0,0,0.15537775220927,0,0.155916461576083,0,0,0,0,0,0,0,0,0,0,0,0,0,0,0,0,0,0.169635183392894,0,0.153575045029515,0,0,0,0,0.157489895820618,0,0,0,0,0,0,0,0.153194961686657,0,0.150813064821388,0,0,0,0,0,0.166176089147727,0,0.149985463262718,0.141412453457518,0.143746826052666,0,0,0
0,0,0,0,0,0.133314743638039,0,0,0,0,0,0,0,0.174569814101509,0,0,0,0,0,0.125848194159437,0,0,0,0,0,0,0,0,0,0.115909844636917,0,0,0,0,0,0.133352176612848,0,0.147214957135768,0,0,0,0,0,0,0,0,0,0,0,0,0,0.133698035445478,0,0,0,0,0,0.168993704571338,0,0.161464625787808,0,0,0.122454280451852,0,0,0,0,0,0,0,0,0,0.14919856868007,0,0,0,0,0,0.153247890373071,0,0.152464762262425,0,0.134494171230401,0.216742858290672,0.131022766232491,0,0
0,0,0,0,0,0,0.125633495549361,0,0,0,0.139201942153952,0,0,0,0.170573148974463,0,0.165986185893416,0,0,0,0,0,0,0,0,0,0.172906968742609,0,0.166613150101442,0,0,0,0,0,0,0,0,0,0,0,0,0,0,0,0,0,0,0,0.25113382935524,0,0,0,0,0,0,0,0.173245739936829,0,0.156818809563463,0,0.217832918961843,0,0,0,0,0,0,0,0,0,0,0.17794942855835,0,0,0,0,0,0,0,0,0,0,0.163883994254801,0.175883426300941,0.32258553057909,0,0
0,0.186613973975182,0,0,0,0,0,0.130368875960509,0,0,0,0.174569814101509,0,0,0,0.188694692357923,0,0.128707617521286,0,0,0,0,0,0,0,0,0,0.14847519993782,0,0,0,0,0,0,0,0,0,0,0,0,0,0,0,0,0,0,0,0,0,0,0,0,0,0.129201578597228,0,0.176279560662806,0,0.149925530340868,0,0.170855497885383,0,0.166971911404814,0,0,0,0,0.182963967323303,0,0,0,0.150709114968777,0,0,0,0,0,0,0,0,0,0,0,0.162417549383024,0.189948724473224,0,0,0
0.156218221783638,0,0.171806484460831,0,0,0,0,0,0.200495306868106,0,0,0,0.170573148974463,0,0,0,0.161352970466322,0,0.19813834130764,0,0,0,0,0,0.172912026445071,0,0.166693806648254,0,0.168252775073051,0,0,0,0,0,0,0,0,0,0.258043378591537,0,0,0,0,0,0,0,0,0,0.235604451216282,0,0,0,0,0,0.181011233064863,0,0,0,0.177308889194613,0,0.195812997956798,0,0,0,0,0,0,0,0,0.126086982136423,0,0,0,0.225235477089882,0,0,0,0,0,0.195107340812683,0,0.286650210618973,0.142451680548813,0.134628032955031,0.298206755748162,0,0
0,0.169012509286404,0,0,0,0.1312225908041,0,0,0,0.173566492597262,0,0,0,0.188694692357923,0,0,0,0.135964515308539,0,0,0,0,0,0.194958153367043,0,0,0,0,0,0,0,0,0,0,0,0,0,0,0,0,0,0,0,0,0,0,0,0,0,0,0,0,0,0,0,0.165905741823686,0,0,0,0.212852450517508,0,0.171734084244128,0,0,0,0,0.198206611598531,0,0,0,0,0,0,0,0,0,0,0,0,0,0,0,0.130609389641144,0,0,0,0
0.260548076752959,0,0,0.275234669446945,0,0,0,0,0.15149878718632,0,0,0,0.165986185893416,0,0.161352970466322,0,0,0.163249325117551,0.266843146882632,0,0,0.128208365291357,0.133233695603498,0.178266002734502,0.159475471648536,0.175326226787134,0.149691197106927,0,0.165105064386043,0,0,0,0,0,0,0,0.315388262271881,0,0,0.325091831598963,0.298107828199863,0.295099115232006,0.2220780187568,0,0,0.273286432027817,0.296521199319292,0,0.211976379156113,0.324618890881538,0,0,0,0,0.158577509075403,0,0.231794074177742,0.282705664634705,0,0,0.258217602968216,0,0.280913859605789,0.290937186351844,0.17057728767395,0.139868028975766,0,0.156984916755131,0,0.162731215037325,0,0,0.335661426186562,0.300636619329453,0,0,0,0,0.343162778232779,0.322458238764243,0.330669725934664,0.310194284204514,0.186954340149188,0.143996531681569,0.313045376642591,0.24031638354063,0.231005269102752
0.258159101009369,0,0,0,0,0,0,0,0.163947050770124,0.152071435095333,0,0,0,0.128707617521286,0,0.135964515308539,0.163249325117551,0,0.275427974616617,0,0.264359503984451,0.153920514229781,0.148454100466692,0.153393249715043,0.128074377775192,0.140117741102253,0.148709181696177,0.167029485106468,0,0,0,0,0,0,0,0,0,0,0,0.296268680162968,0.268883627194625,0.238260744647546,0.203589312054894,0.24939401447773,0,0.229055874049664,0.282874386935007,0,0,0.225981310009956,0,0,0,0,0.22059229016304,0,0.29007263481617,0,0.299344718456268,0,0,0,0.2453927770257,0.266548862059911,0.154907724923558,0,0,0,0,0,0,0.257007420063019,0.319278359413147,0.261166875561078,0,0,0,0,0.329117261059582,0.307332858029339,0.347040226062139,0.30314629226923,0.161975385935218,0.146429313008148,0.290238561773939,0.220074038092907,0.211450424790382
0.276355445865662,0.293695110827684,0.24903385899961,0.245707518288067,0,0,0,0,0.227089067300161,0.271275758743286,0,0,0,0,0.19813834130764,0,0.266843146882632,0.275427974616617,0,0,0.312004352157766,0.213539496064186,0.216795846819878,0.21653126552701,0,0.214824852844079,0,0,0,0,0,0,0,0,0,0.357624143362045,0.314721469084422,0.245297312736511,0,0.327888261859697,0.298089398535242,0.242192761096476,0.188135317723704,0.190645761787891,0.172745270447599,0.24142230881585,0.3143246327624,0.270041525363922,0.24344772616258,0.322135530057408,0.263638108968735,0,0,0,0.231808569282293,0,0.28371590957409,0.326568518693631,0.251624780041831,0,0.265137631446123,0,0.264449423839969,0.309358896749715,0,0,0,0,0,0,0,0.274415622154872,0.349350171906131,0.286239544334619,0,0,0,0,0.350516889305693,0.343302188566377,0.385321541266008,0.33856963288784,0.232988048355657,0.2362498394821,0.326556079406142,0.217271857280007,0.195053175551419
0,0,0,0,0,0.124012557375762,0,0.123399931937456,0,0,0,0.125848194159437,0,0,0,0,0,0,0,0,0,0,0,0,0,0,0,0,0,0,0,0,0,0,0,0.147742744787295,0,0.129482932388783,0,0,0,0,0,0,0,0,0,0,0,0,0,0.126485399901867,0,0,0,0,0,0.132366161384597,0,0,0,0,0.137126859907682,0,0,0,0,0,0,0,0,0,0,0,0,0,0,0,0.141600224368889,0,0.131227936257016,0,0.127124732374249,0,0.140792262696085,0,0
0,0,0.224443755216069,0,0.188369005918503,0,0.146262317895889,0,0.39695547024409,0,0.133388388200083,0,0,0,0,0,0,0.264359503984451,0.312004352157766,0,0,0,0,0,0,0,0,0,0,0,0,0,0,0,0,0,0.155108310668589,0,0.156984321857959,0,0.259705156087875,0,0.25509729385376,0,0,0,0.310173313319683,0,0,0,0.263125687837601,0,0,0,0.241700150072575,0,0.154442535211506,0,0.223403960466385,0,0.229209274053574,0,0,0.223533387589639,0,0,0,0,0,0,0,0,0,0.36306095123291,0,0,0,0,0,0.174830153969381,0,0.151166307066496,0.170202181746591,0.182503020276829,0.26210840494561,0,0
0,0,0,0,0,0,0,0,0,0,0,0,0,0,0,0,0.128208365291357,0.153920514229781,0.213539496064186,0,0,0,0.128664717816555,0.128079633325175,0,0.158445217867487,0,0.141593578171272,0,0,0,0,0,0,0,0,0,0.170902148198782,0.144189476966858,0,0,0,0,0,0,0,0,0,0,0,0,0,0,0,0,0,0,0,0,0,0,0,0,0,0.161089464066884,0.137378500128279,0.173795950331891,0,0.184239816761786,0,0.128735745698214,0,0,0,0,0,0,0,0,0,0.182333838045319,0.153476536273956,0.130512245384,0.133973749927968,0,0,0
0,0,0,0,0,0,0,0,0.156503061453501,0,0,0,0,0,0,0,0.133233695603498,0.148454100466692,0.216795846819878,0,0,0.128664717816555,0,0,0.154339634232661,0,0.140608926779007,0,0.135319553453613,0,0,0,0,0,0,0,0,0.162366695898144,0.137617083262865,0,0,0.212776467204094,0,0,0,0,0,0,0.23781078909674,0,0,0,0,0,0,0,0,0,0,0,0,0,0,0,0.118451420886394,0.17484356133826,0,0.160005214610207,0,0.157130507081747,0,0.139850648918322,0,0,0,0,0,0,0.298742979764938,0.32598602771759,0.170673233270645,0.167644545376774,0.13601016210727,0.147008836582751,0,0,0
0,0.280769798904657,0,0.284390528996785,0,0,0,0,0,0.168072598055005,0,0,0,0,0,0.194958153367043,0.178266002734502,0.153393249715043,0.21653126552701,0,0,0.128079633325175,0,0,0,0.159138117472023,0,0,0,0,0,0,0,0,0,0,0,0.180838011399729,0,0.306987375020981,0,0.274373434484005,0,0,0,0,0,0,0,0.285010633369287,0,0,0,0,0,0.21007918171329,0,0,0,0,0,0.196579524874687,0,0,0.121009184266714,0,0.180623661474055,0,0.196566431142321,0,0,0,0,0,0,0,0,0,0,0,0.205716206388152,0,0.163434707774566,0,0.359726071357727,0.344222217798233,0
0.239722600206733,0,0,0,0,0,0,0,0.149035438895226,0,0,0,0,0,0.172912026445071,0,0.159475471648536,0.128074377775192,0,0,0,0,0.154339634232661,0,0,0,0.162480065412819,0,0,0,0,0,0,0,0,0,0,0,0.184247534623686,0,0,0,0.272140771150589,0,0,0,0,0,0.172776516278585,0,0,0,0,0,0.207303402550293,0,0,0,0.321382738649845,0,0.276411414146423,0,0,0,0,0.155460504194101,0,0.167629189340319,0,0.164166879827373,0,0,0,0,0,0,0,0,0,0,0,0.229322136627079,0.170448796767741,0,0.176427920598809,0,0
0,0,0,0,0,0,0,0,0,0.152419909834862,0,0,0,0,0,0,0.175326226787134,0.140117741102253,0.214824852844079,0,0,0.158445217867487,0,0.159138117472023,0,0,0,0.14164511859417,0,0,0,0,0,0,0,0,0,0,0,0,0,0,0,0,0,0,0,0,0,0,0,0,0,0,0,0.208053737878799,0,0,0,0,0,0,0,0,0.154163127595728,0,0.153792768452706,0,0.181679344801016,0,0.167071434003966,0,0,0,0,0,0,0,0,0,0,0,0.13792470510667,0.148110322654247,0,0,0
0,0,0,0,0,0,0,0,0.149088442325592,0,0,0,0.172906968742609,0,0.166693806648254,0,0.149691197106927,0.148709181696177,0,0,0,0,0.140608926779007,0,0.162480065412819,0,0,0,0.160205906489864,0,0,0,0,0,0,0,0,0,0,0,0,0,0,0,0,0,0,0,0,0,0,0,0,0,0,0,0,0,0,0,0,0,0,0,0,0.155688439806302,0,0.18130102140062,0,0.164892731969236,0,0.223817527294159,0,0,0,0,0,0,0,0,0,0,0.177478550800255,0.149854466319084,0,0,0
0,0,0,0,0,0,0,0,0,0,0,0,0,0.14847519993782,0,0,0,0.167029485106468,0,0,0,0.141593578171272,0,0,0,0.14164511859417,0,0,0,0.148186405854566,0,0,0,0,0,0,0,0.162885466972029,0,0,0,0,0,0,0,0,0,0,0,0,0,0,0,0,0,0,0,0,0,0.166018631897475,0,0,0,0,0.141024497224063,0,0,0,0.139689553411877,0,0.153430760147009,0,0.167847573757172,0,0,0,0,0,0,0,0.170259123103002,0,0.159260099358244,0.15665986785641,0,0,0
0,0,0,0,0,0,0,0,0,0,0.132726780538048,0,0.166613150101442,0,0.168252775073051,0,0.165105064386043,0,0,0,0,0,0.135319553453613,0,0,0,0.160205906489864,0,0,0,0.154489910161054,0,0,0,0,0,0,0,0.132063076313999,0,0,0,0,0,0,0,0,0,0,0,0,0,0,0,0,0,0,0,0.148942794650793,0,0,0,0,0,0,0.125703985137599,0,0,0,0.206783234141767,0,0.16653425453175,0,0,0,0,0,0,0,0,0,0.139449601372083,0.152189252925624,0.169439716095274,0,0,0
0,0,0,0,0,0,0,0,0,0,0,0.115909844636917,0,0,0,0,0,0,0,0,0,0,0,0,0,0,0,0.148186405854566,0,0,0,0,0,0,0,0,0,0.157580371275081,0,0,0,0,0,0,0,0,0,0,0,0,0,0,0,0,0,0,0,0,0,0,0,0,0,0,0,0,0,0,0,0,0.145300775766373,0,0.163788827488551,0,0,0,0,0,0,0,0.16634814422018,0,0.137382492423058,0,0,0,0
0,0,0,0,0,0,0,0,0,0,0.154577240347862,0,0,0,0,0,0,0,0,0,0,0,0,0,0,0,0,0,0.154489910161054,0,0,0,0,0,0,0,0,0,0.14799671202341,0,0,0,0,0,0,0,0,0,0,0,0,0,0,0,0,0,0.158550754189491,0,0,0,0,0,0,0,0,0,0,0,0,0,0,0.155378274577722,0,0.153237506637678,0,0,0,0,0,0,0,0.18299957058009,0.147010070436141,0.153026212420728,0,0,0
0,0,0,0,0,0,0,0,0,0,0,0,0,0,0,0,0,0,0,0,0,0,0,0,0,0,0,0,0,0,0,0,0.137027532015203,0.220835799223756,0.152010492303155,0.1631290194568,0.115173726835672,0,0,0,0,0,0,0,0,0,0,0.337278781941864,0,0.439071246555873,0,0,0,0,0,0,0,0,0,0,0,0,0,0,0,0,0,0,0,0,0,0,0,0,0.242147491966707,0.151474769251206,0.277913813168804,0.17218569356092,0.221682029596546,0.122521639335901,0,0,0.130625679919666,0,0,0,0
0,0,0,0,0,0,0,0,0,0,0,0,0,0,0,0,0,0,0,0,0,0,0,0,0,0,0,0,0,0,0,0.137027532015203,0,0.234347611665726,0.182172871660441,0.159486494682453,0.177677675606088,0,0,0,0.407119303941727,0,0.30293807387352,0,0,0,0,0.252177636253468,0.31272209311525,0,0,0,0,0,0,0,0,0,0,0,0,0,0,0,0,0,0,0,0,0,0,0,0,0,0.177610953648885,0.158260906399516,0,0.180108750795389,0.149655347069105,0.167937857456177,0,0,0.128550584117572,0,0,0,0
0,0,0,0,0,0,0,0,0,0,0,0,0,0,0,0,0,0,0,0,0,0,0,0,0,0,0,0,0,0,0,0.220835799223756,0.234347611665726,0,0.171124635227309,0.165874932729399,0.12674023360014,0.149602433166853,0.146723102947528,0,0,0,0,0,0,0,0,0.267156958897617,0.510842442512512,0,0,0,0,0,0,0,0,0,0,0,0,0,0,0,0,0,0,0,0,0,0,0,0,0,0.274323350312758,0.171179119730368,0.21831375009487,0.166518769600884,0.296274817368236,0,0.166999871601109,0.172787999768149,0.175591092012877,0.170881224330515,0,0,0
0,0,0,0,0,0,0,0,0,0,0,0,0,0,0,0,0,0,0,0,0,0,0,0,0,0,0,0,0,0,0,0.152010492303155,0.182172871660441,0.171124635227309,0,0,0.160177791371531,0.151671280463537,0.183875502739835,0,0,0,0.179030720676695,0,0,0,0,0.262082471665255,0.338782712817192,0,0,0,0,0,0,0,0,0,0,0,0,0,0,0,0,0,0,0,0,0,0,0,0,0,0.213154796224374,0.164616389531795,0.181308159084335,0.177140972220396,0.24037379026413,0.161637068741696,0.159474620968103,0.177372392538368,0.17346863456546,0.174744825810194,0.269306868314743,0,0
0,0,0,0,0,0,0,0.135821312665939,0,0,0,0.133352176612848,0,0,0,0,0,0,0.357624143362045,0.147742744787295,0,0,0,0,0,0,0,0,0,0,0,0.1631290194568,0.159486494682453,0.165874932729399,0,0,0.135447458514283,0.129680304302807,0.141554845497012,0.23454912006855,0,0,0,0,0,0.23573387041688,0,0.427595761087206,0,0.364008188247681,0,0,0,0,0,0,0,0.146563609130681,0,0,0,0,0.156243926404699,0,0,0,0,0,0,0,0,0,0.254041790962219,0,0.15549671449277,0.182457402348518,0.172856719268201,0,0.181700555263031,0.14729106078754,0.17029836339115,0,0.155062905969994,0.223124398862662,0.171431128142609,0,0
0,0,0.236579649150372,0,0.16780573874712,0,0.150090775142113,0,0,0,0.15537775220927,0,0,0,0,0,0.315388262271881,0,0.314721469084422,0,0.155108310668589,0,0,0,0,0,0,0,0,0,0,0.115173726835672,0.177677675606088,0.12674023360014,0.160177791371531,0.135447458514283,0,0.147733338177204,0.133203647500053,0,0.2453116083687,0,0.264341041445732,0,0.268571317195892,0,0.270219194618138,0.238975156682083,0.173981032768885,0,0.276042968034744,0,0,0,0,0,0.149577412042491,0,0,0,0.223569855093956,0,0,0.167593869486234,0,0,0,0,0,0,0,0,0,0,0.214364290237427,0.167129287853297,0.131936500630071,0.158311708518851,0.197419629363637,0.179279281775168,0.217502817511559,0.146411911447557,0.152273266043092,0.156225822786363,0.174798461533811,0,0.278273642063141
0,0.292094042045729,0,0.272179651260376,0,0,0,0,0,0.196373963042309,0,0.147214957135768,0,0,0,0,0,0,0.245297312736511,0.129482932388783,0,0.170902148198782,0.162366695898144,0.180838011399729,0,0,0,0.162885466972029,0,0.157580371275081,0,0,0,0.149602433166853,0.151671280463537,0.129680304302807,0.147733338177204,0,0.149844183432507,0,0,0.236170796247629,0,0,0,0.258713454008102,0,0,0,0.297640145366842,0,0,0,0,0,0.239093500963399,0,0.147364324493002,0,0,0,0,0,0,0.160516624563727,0.161619712199484,0.289333248701621,0,0,0,0.156650612588789,0,0.135766126097195,0,0,0,0.1654978916049,0,0.160936828890236,0.175624628861745,0.209151006124552,0.150082150970558,0.168144282661105,0.17284029997076,0.235686592916225,0.333139440843037,0
0.251753319054842,0,0.213552176952362,0,0,0,0,0,0.210850700736046,0,0.155916461576083,0,0,0,0.258043378591537,0,0,0,0,0,0.156984321857959,0.144189476966858,0.137617083262865,0,0.184247534623686,0,0,0,0.132063076313999,0,0.14799671202341,0,0,0.146723102947528,0.183875502739835,0.141554845497012,0.133203647500053,0.149844183432507,0,0,0,0,0.186858832836151,0,0,0,0.29246598482132,0.380267032555171,0.303347617141762,0,0,0,0,0,0.270356531060019,0,0.157448949570114,0,0.287964195013046,0,0,0,0,0.238411430464341,0,0.166904630823397,0,0.233805398929405,0,0,0,0.167383630036808,0,0.15715689368633,0,0,0.159860463632691,0.174732418788247,0.139920204877853,0.184254374838649,0.147954996989434,0.193524677481862,0.16698981079153,0.184464629556081,0.196214366673939,0,0
0.33336067199707,0.444669008255005,0.303760230541229,0.265194719487971,0,0.250982056061427,0,0,0.286417603492737,0,0,0,0,0,0,0,0.325091831598963,0.296268680162968,0.327888261859697,0,0,0,0,0.306987375020981,0,0,0,0,0,0,0,0,0,0,0,0.23454912006855,0,0,0,0,0.281680160335132,0.251518030520185,0.272829743102193,0.313245296478271,0,0.222506373005659,0.320055764281388,0.362881832971023,0.293771743774414,0.219394068173247,0,0,0,0,0,0.269614100456238,0.374952346086502,0.213015098656927,0.31779009103775,0,0,0,0.255241839065977,0.317124317089717,0,0,0,0,0,0,0,0,0.269066883694558,0.319524496793747,0,0,0,0,0.237990424540397,0.355522755119536,0.324660113702218,0.347781133651733,0.300922884505925,0.314143538475037,0.277122861841212,0.292444509640336,0.291555345058441
0.364550322294235,0,0.223793640732765,0,0.191419243812561,0,0,0,0.304174020886421,0.297567278146744,0,0,0,0,0,0,0.298107828199863,0.268883627194625,0.298089398535242,0,0.259705156087875,0,0,0,0,0,0,0,0,0,0,0,0.407119303941727,0,0,0,0.2453116083687,0,0,0.281680160335132,0,0.299860067227308,0.235310145745954,0,0.265008782563002,0,0.269587961814224,0.458844966880741,0.398446377883917,0.444804874576371,0.250089526176453,0,0,0,0.251648465792338,0,0.273328170180321,0,0.254060380160809,0,0.249371075630188,0,0,0.215943511531496,0,0,0,0,0,0,0,0,0,0.245908893968748,0,0.393899291753769,0,0,0.323974768320719,0.301963624430295,0.377706259489059,0.250038092136383,0.311567066599859,0,0.234146140585586,0.330009460449219,0.246557477076037
0.313327051699162,0.301156856932725,0,0.25503197782918,0,0.224102403968573,0,0,0,0.220157087257464,0,0,0,0,0,0,0.295099115232006,0.238260744647546,0.242192761096476,0,0,0,0.212776467204094,0.274373434484005,0,0,0,0,0,0,0,0,0,0,0,0,0,0.236170796247629,0,0.251518030520185,0.299860067227308,0,0.220832999771846,0.230701807886362,0.21338377892971,0.223284767674548,0.307741292648845,0.34724705374124,0.260626673698425,0.300444561091633,0,0.233645175894101,0,0,0,0.255206717287793,0.280883565545082,0.305601064417813,0,0,0,0.278811103664339,0.260654245813688,0.301483374089003,0,0,0.275204353034496,0,0,0,0,0.270823270082474,0.361278039922241,0.273900574445724,0,0,0,0,0.286909702150575,0.321691825547639,0.349463413469493,0.314100980758667,0.248278418386248,0.258481253683567,0.303805469076034,0.256871045290665,0.45119006718908
0.252192793147905,0.285743534564972,0.237062326851098,0.26748792976141,0.215992754755112,0.220795780420303,0,0,0.243156740960387,0,0,0,0,0,0,0,0.2220780187568,0.203589312054894,0.188135317723704,0,0.25509729385376,0,0,0,0.272140771150589,0,0,0,0,0,0,0,0.30293807387352,0,0.179030720676695,0,0.264341041445732,0,0.186858832836151,0.272829743102193,0.235310145745954,0.220832999771846,0,0,0.189116583613867,0.192592512284006,0.27645320407091,0.397196381422344,0.339297355072001,0.343521347171382,0.23000605404377,0,0,0,0.234791205782029,0,0.285793206857881,0.219557963311672,0.282718912913249,0,0.234858222305775,0,0,0.264135970466438,0,0,0,0,0,0,0,0.279470172996568,0.281156564752261,0.278587440257533,0,0,0,0,0.282104513474873,0.258393854233342,0,0.284094399155355,0.275852371841893,0.284480358625567,0.266094231265024,0.448059430718422,0.193706632289656
0,0,0,0,0,0,0,0,0,0,0,0,0,0,0,0,0,0.24939401447773,0.190645761787891,0,0,0,0,0,0,0,0,0,0,0,0,0,0,0,0,0,0,0,0,0.313245296478271,0,0.230701807886362,0,0,0,0,0,0,0,0,0,0,0,0,0,0,0,0,0,0,0,0,0,0,0,0,0,0,0,0,0,0,0,0,0,0,0,0,0.342803478240967,0,0,0,0.191234868764877,0,0.240111321210861,0,0
0,0,0,0,0,0,0,0,0,0,0,0,0,0,0,0,0,0,0.172745270447599,0,0,0,0,0,0,0,0,0,0,0,0,0,0,0,0,0,0.268571317195892,0,0,0,0.265008782563002,0.21338377892971,0.189116583613867,0,0,0,0.302163328742608,0,0,0,0.226965397596359,0,0,0,0,0,0,0,0,0,0,0,0,0.234183967113495,0,0,0,0,0,0,0,0,0,0.235357280820608,0,0,0,0,0.293013602495193,0.296155442084585,0,0.320267103220287,0.207937573889891,0,0.237287081834924,0,0.164487838745117
0,0,0,0.178492600719134,0,0,0,0,0,0,0,0,0,0,0,0,0.273286432027817,0.229055874049664,0.24142230881585,0,0,0,0,0,0,0,0,0,0,0,0,0,0,0,0,0.23573387041688,0,0.258713454008102,0,0.222506373005659,0,0.223284767674548,0.192592512284006,0,0,0,0,0.222926345310713,0,0.214577292020504,0,0,0,0,0,0,0,0.220155930832813,0,0,0,0,0.240879052003144,0,0,0,0,0,0,0,0,0,0.242607546043906,0,0,0,0,0,0.240831474949217,0.267264693975449,0.277145263726172,0,0.211625691089365,0,0.231134787615238,0.246053253610929,0.225079774856567
0.227949810028076,0.268225491046906,0.209966995998433,0.222244560718536,0.213423669338226,0.224906995892525,0,0,0,0,0,0,0,0,0,0,0.296521199319292,0.282874386935007,0.3143246327624,0,0.310173313319683,0,0,0,0,0,0,0,0,0,0,0,0,0,0,0,0.270219194618138,0,0.29246598482132,0.320055764281388,0.269587961814224,0.307741292648845,0.27645320407091,0,0.302163328742608,0,0,0,0.275458369404078,0,0.212228655815125,0,0,0,0.228138464689255,0,0.26005195081234,0,0.192522031565507,0,0.191875115036964,0,0.323388144373894,0.248629104390705,0,0,0,0,0,0,0,0.278026357293129,0.324912860989571,0.301628803213437,0,0,0,0,0.348012515360659,0.314778215677557,0.346961125731468,0.320923428274383,0.281115463152926,0.262953634063403,0.327073279361011,0.305972228447596,0.255396135896444
0,0.286032938957214,0.241642370820045,0.28446841902203,0,0,0,0,0,0.274782985448837,0,0,0,0,0,0,0,0,0.270041525363922,0,0,0,0,0,0,0,0,0,0,0,0,0.337278781941864,0.252177636253468,0.267156958897617,0.262082471665255,0.427595761087206,0.238975156682083,0,0.380267032555171,0.362881832971023,0.458844966880741,0.34724705374124,0.397196381422344,0,0,0.222926345310713,0,0,0.502510437938121,0.414829713806966,0,0,0,0,0,0,0,0.244812287390232,0,0,0,0,0,0,0,0,0,0.288157105445862,0,0,0,0,0.276035086384841,0,0.360784617710261,0.298619772974259,0.216571216932451,0.192777957211542,0.365474414159052,0.305741757267257,0.218134051561356,0.368025055155158,0.418733478505393,0.308954973112453,0.356097738480284,0.413821567382131,0
0.233630608063225,0,0.150631169386731,0,0.212770611047745,0,0,0,0.219046147288503,0,0,0,0.25113382935524,0,0.235604451216282,0,0.211976379156113,0,0.24344772616258,0,0,0,0.23781078909674,0,0.172776516278585,0,0,0,0,0,0,0,0.31272209311525,0.510842442512512,0.338782712817192,0,0.173981032768885,0,0.303347617141762,0.293771743774414,0.398446377883917,0.260626673698425,0.339297355072001,0,0,0,0.275458369404078,0.502510437938121,0,0.399387225179988,0,0,0,0,0.212686558624348,0,0.286383921476571,0,0.271602359470825,0,0.2111733297323,0,0,0,0,0.226726840958636,0,0.232313496607148,0,0.185592787805945,0,0.174954749345779,0,0.232572124410076,0,0.307360050518338,0,0.249666688032448,0.338010087609291,0.306037032120489,0,0.215429545208839,0.288552509706005,0.268890514969826,0.339552268641884,0,0
0,0.187060427994491,0,0.194656113944369,0,0.258252650499344,0,0,0,0.24762935302359,0,0,0,0,0,0,0.324618890881538,0.225981310009956,0.322135530057408,0,0,0,0,0.285010633369287,0,0,0,0,0,0,0,0.439071246555873,0,0,0,0.364008188247681,0,0.297640145366842,0,0.219394068173247,0.444804874576371,0.300444561091633,0.343521347171382,0,0,0.214577292020504,0,0.414829713806966,0.399387225179988,0,0,0,0,0,0,0.161375562732036,0,0.220926361028538,0,0.201613785965102,0,0.173537212113539,0.253576546907425,0,0.258901412323327,0,0.209025947460488,0,0.191977700654497,0,0.239286385020431,0,0.306103148063024,0,0.396230525092075,0,0.266271622530345,0,0.266404446336263,0.327362149953842,0,0,0.307588183903973,0.263365477323532,0.247822345859097,0.292787608001139,0
0.258535832166672,0,0.185078984431245,0,0.12799289190408,0,0.150093655173595,0,0,0,0,0,0,0,0,0,0,0,0.263638108968735,0,0.263125687837601,0,0,0,0,0,0,0,0,0,0,0,0,0,0,0,0.276042968034744,0,0,0,0.250089526176453,0,0.23000605404377,0,0.226965397596359,0,0.212228655815125,0,0,0,0,0,0.148253989898983,0,0.171320155262947,0,0.18577703954449,0,0.164524774067104,0,0.167979493737221,0,0,0.211691714823246,0,0,0,0,0,0,0,0,0,0.242431791765349,0,0,0,0,0,0.228369546973187,0,0.25449375808239,0.129325676662258,0,0.179480021819472,0,0
0,0,0,0.196393811549086,0,0.166446997093804,0,0.14305454492569,0,0,0,0.133698035445478,0,0,0,0,0,0,0,0.126485399901867,0,0,0,0,0,0,0,0,0,0,0,0,0,0,0,0,0,0,0,0,0,0.233645175894101,0,0,0,0,0,0,0,0,0,0,0,0,0,0,0,0.191220567414635,0,0.222064756430112,0,0.200138907134533,0.122749274969101,0,0,0,0,0,0,0,0,0,0.237301729619503,0,0,0,0,0,0,0,0,0,0.245489772895108,0,0.164862839970738,0,0
0,0,0,0,0,0,0.168840615078807,0,0,0,0,0,0,0,0,0,0,0,0,0,0,0,0,0,0,0,0,0,0,0,0,0,0,0,0,0,0,0,0,0,0,0,0,0,0,0,0,0,0,0,0.148253989898983,0,0,0,0,0,0,0,0,0,0,0,0,0,0,0,0,0,0,0,0,0,0,0,0,0,0,0,0,0,0,0,0.0944257974624634,0,0,0,0
0,0,0,0,0,0,0,0.156057919121601,0,0,0,0,0,0.129201578597228,0,0,0,0,0,0,0,0,0,0,0,0,0,0,0,0,0,0,0,0,0,0,0,0,0,0,0,0,0,0,0,0,0,0,0,0,0,0,0,0,0,0,0,0.191515631400622,0,0,0,0,0,0,0,0,0,0,0,0,0,0,0,0,0,0,0,0,0,0,0,0,0,0,0,0,0
0.143984717683994,0,0.180436795147566,0,0.181941419839859,0,0,0,0.166034392696063,0,0,0,0,0,0.181011233064863,0,0.158577509075403,0.22059229016304,0.231808569282293,0,0.241700150072575,0,0,0,0.207303402550293,0,0,0,0,0,0,0,0,0,0,0,0,0,0.270356531060019,0,0.251648465792338,0,0.234791205782029,0,0,0,0.228138464689255,0,0.212686558624348,0,0.171320155262947,0,0,0,0,0,0.228775951334021,0,0.211936121185621,0,0.169788336183162,0,0,0.228153569830788,0,0,0,0.232506874017417,0,0,0,0.246276460587978,0,0.255664324218577,0,0,0,0,0,0.231414817273617,0,0.252448023066122,0.218163749066795,0.236790768802166,0.2184928201117,0,0
0,0.137091499895363,0,0.130509491590127,0,0,0,0,0,0.163052901702708,0,0,0,0.176279560662806,0,0.165905741823686,0,0,0,0,0,0,0,0.21007918171329,0,0.208053737878799,0,0,0,0,0,0,0,0,0,0,0,0.239093500963399,0,0.269614100456238,0,0.255206717287793,0,0,0,0,0,0,0,0.161375562732036,0,0,0,0,0,0,0,0.232940599322319,0,0,0,0.171958679326972,0,0,0,0,0.235267540756879,0,0,0,0,0,0.26483316719532,0,0,0,0,0,0,0,0.262106898121345,0,0.151890364247111,0,0.19258885892729,0,0
0,0,0.235029035581733,0,0.177897524948304,0,0.16620060056448,0,0.291562606738164,0,0.169635183392894,0,0.173245739936829,0,0,0,0.231794074177742,0.29007263481617,0.28371590957409,0,0.154442535211506,0,0,0,0,0,0,0,0,0,0.158550754189491,0,0,0,0,0,0.149577412042491,0,0.157448949570114,0.374952346086502,0.273328170180321,0.280883565545082,0.285793206857881,0,0,0,0.26005195081234,0,0.286383921476571,0,0.18577703954449,0,0,0,0.228775951334021,0,0,0,0.211112145394374,0,0.216347632480079,0,0,0.260891227175792,0,0,0,0,0,0,0,0.31813964482985,0,0.286658113810447,0,0,0,0,0,0.167569267815047,0,0.25827011351402,0.257524766341856,0.249016709625721,0.312569990495875,0.249013975262642,0.297752940654755
0,0.261402517557144,0,0.24862578618577,0,0.197853241604988,0,0.171970863976786,0,0.283495903015137,0,0.168993704571338,0,0.149925530340868,0,0,0.282705664634705,0,0.326568518693631,0.132366161384597,0,0,0,0,0,0,0,0,0,0,0,0,0,0,0,0.146563609130681,0,0.147364324493002,0,0.213015098656927,0,0.305601064417813,0.219557963311672,0,0,0.220155930832813,0,0.244812287390232,0,0.220926361028538,0,0.191220567414635,0,0.191515631400622,0,0.232940599322319,0,0,0,0.165991264946607,0,0.192620901266734,0.192162940208424,0,0,0,0,0,0,0,0,0,0.237137468771474,0,0,0,0,0,0.245494972054775,0,0.150020651317932,0,0.208516455558409,0,0.262021005961817,0.270145431160927,0
0.189396513359887,0,0.190896250745829,0,0.180007100105286,0,0.139263197779655,0,0.26480343580246,0,0.153575045029515,0,0.156818809563463,0,0.177308889194613,0,0,0.299344718456268,0.251624780041831,0,0.223403960466385,0,0,0,0.321382738649845,0,0,0,0.148942794650793,0,0,0,0,0,0,0,0,0,0.287964195013046,0.31779009103775,0.254060380160809,0,0.282718912913249,0,0,0,0.192522031565507,0,0.271602359470825,0,0.164524774067104,0,0,0,0.211936121185621,0,0.211112145394374,0,0,0,0.243413266742771,0,0,0.223616947730382,0,0,0,0,0,0.185580116003118,0,0.205455612805155,0,0.267787838644452,0,0,0,0,0,0.231727539032113,0,0.258868206824575,0.173968347606899,0.161106922008373,0.2965979485288,0,0
0,0,0,0.238720618188381,0,0.214237827062607,0,0,0,0,0,0.161464625787808,0,0.170855497885383,0,0.212852450517508,0,0,0,0,0,0,0,0,0,0,0,0.166018631897475,0,0,0,0,0,0,0,0,0,0,0,0,0,0,0,0,0,0,0,0,0,0.201613785965102,0,0.222064756430112,0,0,0,0,0,0.165991264946607,0,0,0,0.209544782220882,0,0,0,0,0,0,0,0,0.15040148794651,0,0,0,0,0,0,0,0,0,0,0,0.20938628295045,0.238720186973271,0.256389707326889,0,0
0.170019536571843,0,0.188217597703139,0,0,0,0,0,0.197453026551493,0,0,0,0.217832918961843,0,0.195812997956798,0,0.258217602968216,0,0.265137631446123,0,0.229209274053574,0,0,0,0.276411414146423,0,0,0,0,0,0,0,0,0,0,0,0.223569855093956,0,0,0,0.249371075630188,0,0.234858222305775,0,0,0,0.191875115036964,0,0.2111733297323,0,0.167979493737221,0,0,0,0.169788336183162,0,0.216347632480079,0,0.243413266742771,0,0,0,0,0.226961581995993,0,0,0,0.169051927824815,0,0.176366209740872,0,0.198519175251325,0,0.250525825191289,0,0,0,0,0,0.237866526533817,0,0.250373015610071,0.213910786435008,0,0.223527835978978,0,0
0,0.163552199230819,0,0.174275134213909,0,0,0,0,0,0.185334458947182,0,0,0,0.166971911404814,0,0.171734084244128,0,0,0,0,0,0,0,0.196579524874687,0,0,0,0,0,0,0,0,0,0,0,0,0,0,0,0,0,0.278811103664339,0,0,0,0,0,0,0,0.173537212113539,0,0.200138907134533,0,0,0,0.171958679326972,0,0.192620901266734,0,0.209544782220882,0,0,0,0,0,0,0.200387199956273,0,0,0,0,0,0,0,0,0,0,0,0,0,0,0,0.146819487948653,0,0.202444894313812,0.212264761328697,0
0.278336465358734,0,0,0.213555857539177,0,0.125021180735444,0,0.124737534891157,0,0,0,0.122454280451852,0,0,0,0,0.280913859605789,0.2453927770257,0.264449423839969,0.137126859907682,0,0,0,0,0,0,0,0,0,0,0,0,0,0,0,0.156243926404699,0,0,0,0.255241839065977,0,0.260654245813688,0,0,0,0.240879052003144,0.323388144373894,0,0,0.253576546907425,0,0.122749274969101,0,0,0,0,0,0.192162940208424,0,0,0,0,0,0,0,0,0,0,0,0,0,0,0.277704710488791,0,0,0,0,0,0.214150539780358,0.330852910876274,0.224664341501829,0.276910066604614,0.133011280270348,0,0.26313541437871,0.236334100365639,0.268578588962555
0.338293850421906,0,0.225979798659682,0,0.169534459710121,0,0,0,0.406996284212385,0,0.157489895820618,0,0,0,0,0,0.290937186351844,0.266548862059911,0.309358896749715,0,0.223533387589639,0,0,0,0,0,0,0,0,0,0,0,0,0,0,0,0.167593869486234,0,0.238411430464341,0.317124317089717,0.215943511531496,0.301483374089003,0.264135970466438,0,0.234183967113495,0,0.248629104390705,0,0,0,0.211691714823246,0,0,0,0.228153569830788,0,0.260891227175792,0,0.223616947730382,0,0.226961581995993,0,0,0,0,0,0,0,0,0,0,0.314272612333298,0,0.352322986954218,0,0,0,0,0.32140496969223,0.233153352705028,0,0.310317362448651,0.276885080480805,0.209215965867043,0.287949417779221,0.243876457214355,0.355310868690996
0,0,0,0,0,0,0,0,0,0,0,0,0,0,0,0,0.17057728767395,0.154907724923558,0,0,0,0.161089464066884,0.118451420886394,0.121009184266714,0,0.154163127595728,0,0.141024497224063,0,0,0,0,0,0,0,0,0,0.160516624563727,0,0,0,0,0,0,0,0,0,0,0,0.258901412323327,0,0,0,0,0,0,0,0,0,0,0,0,0,0,0,0,0.133846397790532,0,0.153860080987215,0,0.143679884347049,0,0,0,0,0,0,0,0,0,0.189265347935341,0,0.143510524022082,0.131111878556329,0,0,0
0,0,0,0,0,0,0,0,0,0,0,0,0,0,0,0,0.139868028975766,0,0,0,0,0.137378500128279,0.17484356133826,0,0.155460504194101,0,0.155688439806302,0,0.125703985137599,0,0,0,0,0,0,0,0,0.161619712199484,0.166904630823397,0,0,0,0,0,0,0,0,0,0.226726840958636,0,0,0,0,0,0,0,0,0,0,0,0,0,0,0,0,0,0,0.141693472675979,0,0.154555682092905,0,0.151788833737373,0,0,0,0,0,0,0,0,0.166594748695691,0.204833191669602,0.143412129637205,0.149789336489307,0,0,0
0,0.252157139281432,0,0.270842015743256,0,0,0,0,0,0.169997456940738,0,0,0,0.182963967323303,0,0.198206611598531,0,0,0,0,0,0.173795950331891,0,0.180623661474055,0,0.153792768452706,0,0,0,0,0,0,0,0,0,0,0,0.289333248701621,0,0,0,0.275204353034496,0,0,0,0,0,0,0,0.209025947460488,0,0,0,0,0,0.235267540756879,0,0,0,0,0,0.200387199956273,0,0,0.133846397790532,0,0,0,0.210932322516643,0,0,0,0,0,0,0,0,0,0,0,0.261229214564691,0,0.183131476046232,0,0.194085245175908,0.337905570864677,0
0.166449456020843,0,0,0,0,0,0,0,0.142537908421622,0,0,0,0,0,0,0,0.156984916755131,0,0,0,0,0,0.160005214610207,0,0.167629189340319,0,0.18130102140062,0,0,0,0,0,0,0,0,0,0,0,0.233805398929405,0,0,0,0,0,0,0,0,0.288157105445862,0.232313496607148,0,0,0,0,0,0.232506874017417,0,0,0,0,0,0.169051927824815,0,0,0,0,0.141693472675979,0,0,0,0.195342450545115,0,0,0,0,0,0,0,0,0,0,0,0.280483817361762,0.163352905048264,0.345603028933207,0.232795929022737,0,0
0,0,0,0,0,0,0,0,0,0,0,0,0,0,0,0,0,0,0,0,0,0.184239816761786,0,0.196566431142321,0,0.181679344801016,0,0.139689553411877,0,0,0,0,0,0,0,0,0,0,0,0,0,0,0,0,0,0,0,0,0,0.191977700654497,0,0,0,0,0,0,0,0,0,0,0,0,0,0,0.153860080987215,0,0.210932322516643,0,0,0,0.190081594234451,0,0,0,0,0,0,0,0,0,0,0,0.150034583040646,0,0,0,0
0.185941442847252,0,0,0,0,0,0,0,0.126629730796113,0,0,0,0,0,0.126086982136423,0,0.162731215037325,0,0,0,0,0,0.157130507081747,0,0.164166879827373,0,0.164892731969236,0,0.206783234141767,0,0,0,0,0,0,0,0,0,0,0,0,0,0,0,0,0,0,0,0.185592787805945,0,0,0,0,0,0,0,0,0,0.185580116003118,0,0.176366209740872,0,0,0,0,0.154555682092905,0,0.195342450545115,0,0,0,0.197330121586962,0,0,0,0,0,0,0,0,0,0,0.182646946360668,0,0,0,0
0,0,0,0,0,0,0,0,0,0,0,0,0,0.150709114968777,0,0,0,0,0,0,0,0.128735745698214,0,0,0,0.167071434003966,0,0.153430760147009,0,0.145300775766373,0,0,0,0,0,0,0,0.156650612588789,0,0,0,0,0,0,0,0,0,0,0,0.239286385020431,0,0,0,0,0,0,0,0,0,0.15040148794651,0,0,0,0,0.143679884347049,0,0,0,0.190081594234451,0,0,0,0,0,0,0,0,0,0,0,0.170825341278139,0,0.152442563325167,0.145513645240239,0,0,0
0.260367631912231,0,0.254052107532819,0,0,0,0,0,0.308868438005447,0,0.153194961686657,0,0.17794942855835,0,0,0,0,0.257007420063019,0.274415622154872,0,0,0,0.139850648918322,0,0,0,0.223817527294159,0,0.16653425453175,0,0.155378274577722,0,0,0,0,0,0,0,0.167383630036808,0,0,0.270823270082474,0.279470172996568,0,0,0,0.278026357293129,0,0.174954749345779,0,0,0,0,0,0.246276460587978,0,0.31813964482985,0,0.205455612805155,0,0.198519175251325,0,0,0.314272612333298,0,0.151788833737373,0,0,0,0.197330121586962,0,0,0,0.221782554888866,0,0,0,0,0,0,0,0.229270673796451,0.196987370377059,0.13366412743926,0.292027881457692,0,0.304129153490067
0.304043978452682,0.28298195451498,0,0.275359033385203,0,0,0,0,0,0.266823574900627,0,0.14919856868007,0,0,0,0,0.335661426186562,0.319278359413147,0.349350171906131,0,0,0,0,0,0,0,0,0.167847573757172,0,0.163788827488551,0,0,0,0,0,0.254041790962219,0,0.135766126097195,0,0.269066883694558,0,0.361278039922241,0.281156564752261,0,0,0.242607546043906,0.324912860989571,0.276035086384841,0,0.306103148063024,0,0.237301729619503,0,0,0,0.26483316719532,0,0.237137468771474,0,0,0,0,0.277704710488791,0,0,0,0,0,0,0,0,0,0,0,0,0,0,0,0.267915305236112,0.349633651120322,0.201307515671224,0,0.337707588147351,0.310956552624702,0.315076474514891,0.348399590528928,0.274048626422882
0.286309190094471,0,0.258871311491186,0,0.253476093212763,0,0,0,0.324039522754519,0,0.150813064821388,0,0,0,0.225235477089882,0,0.300636619329453,0.261166875561078,0.286239544334619,0,0.36306095123291,0,0,0,0,0,0,0,0,0,0.153237506637678,0,0,0,0,0,0,0,0.15715689368633,0.319524496793747,0.245908893968748,0.273900574445724,0.278587440257533,0,0.235357280820608,0,0.301628803213437,0,0.232572124410076,0,0.242431791765349,0,0,0,0.255664324218577,0,0.286658113810447,0,0.267787838644452,0,0.250525825191289,0,0,0.352322986954218,0,0,0,0,0,0,0,0.221782554888866,0,0,0,0,0,0,0.324351124465466,0.322894310821658,0,0.235510507767851,0.307173438711998,0.272488981485367,0.309692370105096,0,0.301250160627422
0,0,0,0,0,0,0,0,0,0,0,0,0,0,0,0,0,0,0,0,0,0,0,0,0,0,0,0,0,0,0,0.242147491966707,0.177610953648885,0.274323350312758,0.213154796224374,0.15549671449277,0.214364290237427,0,0,0,0,0,0,0,0,0,0,0.360784617710261,0,0.396230525092075,0,0,0,0,0,0,0,0,0,0,0,0,0,0,0,0,0,0,0,0,0,0,0,0,0,0.148729287087917,0.329258021862297,0.208240812644362,0.210419580340385,0,0,0,0.147834256291389,0,0,0,0
