0,0,0.128269475419074,0,0,0,0,0,0.173505120742039,0,0,0,0,0,0.221819840371609,0,0,0.355954105655352,0.462775721782591,0,0,0,0,0,0,0,0,0,0,0,0,0,0,0,0,0,0,0,0,0.385402262210846,0,0,0.235694672434758,0,0,0,0.408689107213701,0,0.161144034082187,0,0,0,0,0,0.198210070206635,0,0.444002360105515,0,0,0,0.198899890851537,0,0.327109783887863,0.454684042930603,0,0,0,0,0,0,0,0,0,0.404121324419975,0,0,0,0,0.418077111244202,0.440096487601598,0,0.467714230219523,0.357491267539785,0,0.291424734652042,0,0.346882432699203
0,0,0,0.17289855509686,0,0,0,0,0,0.170330772940547,0,0,0,0,0,0,0,0,0.277303173586174,0,0,0,0,0.178939421971639,0,0,0,0,0,0,0,0,0,0,0,0,0,0,0,0,0,0.308971649602703,0,0,0,0,0,0.312129139900208,0,0.159176119228416,0,0.202005106955767,0,0,0,0.207587864847517,0,0.242329184498106,0,0.240095113004957,0,0.195641500445513,0,0,0,0,0.181648617257943,0,0.297866026560466,0,0,0,0.408902585506439,0,0,0,0,0,0.385290935635567,0,0,0,0.237730274282729,0,0.213978504495961,0.36508497595787,0
0.128269475419074,0,0,0,0.121041137863089,0,0,0,0.119765505732335,0,0,0,0,0,0,0,0,0,0.244853471006666,0,0,0,0,0,0,0,0,0,0,0,0,0,0,0,0,0,0,0,0,0.344591915607452,0.302225649356842,0.237758681178093,0.249639734037613,0,0,0,0.308775961399078,0,0.144939084751235,0,0.176087243855,0,0,0,0.157149349823017,0,0.250981246586889,0,0.174989610910416,0,0.165571797639132,0,0.347524851560593,0.327902004122734,0,0,0,0,0,0,0,0,0,0.310520924627781,0,0,0,0,0,0.316173553466797,0,0.30420458316803,0.219001163691816,0,0.19881161937041,0,0.26647608478864
0,0.17289855509686,0,0,0,0.226850986650044,0,0,0,0.140640902259047,0,0,0,0,0,0,0,0,0.274082665642103,0,0,0,0,0,0,0,0,0,0,0,0,0,0,0,0,0,0,0,0,0.27107675990154,0,0.289338480057328,0.252180440558328,0.257608741521835,0,0.255211626365781,0,0.2796893765529,0.266247034072876,0.18956221205904,0,0.248500680498709,0,0,0,0.188212612584429,0,0.300488811246184,0,0.276140308350473,0,0.202722660211985,0.284838917851448,0,0,0,0,0,0,0,0.314032591879368,0,0.328858771589067,0,0,0,0,0,0.281542835412202,0.316940456628799,0.34034027159214,0,0.176682929878914,0,0.224564415308,0.275770408135873,0
0,0,0.121041137863089,0,0,0,0.170358791947365,0,0.149169635027647,0,0,0,0.176538191297475,0,0.168194964528084,0,0,0,0,0,0.181734865866833,0,0,0,0,0,0,0,0,0,0,0,0,0,0,0,0.208697613328695,0,0,0.299249649047852,0.248704165220261,0,0.247191826502482,0,0,0,0.185357466340065,0.230831588308016,0.227952039241791,0,0.19487869963331,0,0.184994184580006,0,0,0,0.22142948041547,0,0.186691290854868,0,0.218416238317684,0,0,0.227166761175768,0,0,0,0,0,0,0,0,0,0.242314957082272,0,0,0,0,0.321542024612427,0.178958075465979,0,0.304531052708626,0.193008733707316,0.174059800803661,0.199544610411908,0,0.25590655207634
0,0,0,0.226850986650044,0,0,0,0.221321542747319,0,0.187547075546394,0,0,0,0,0,0,0,0,0.265844836831093,0.210104462451971,0,0,0,0,0,0,0,0,0,0,0,0,0,0,0,0.199110848354358,0,0,0,0.246927063167095,0,0.264750733095057,0,0,0,0.247765022516251,0,0.223505313197772,0.257401900158988,0.24472198517699,0,0.213380234482919,0,0.150909083584944,0,0.207513207426438,0,0.26398191973567,0,0.192241385579109,0,0.250778076797724,0.236772987054627,0,0,0,0,0,0,0,0,0,0.319669216871262,0,0,0,0,0,0.224845075374469,0.288580119609833,0.325371652841568,0,0.199390974421386,0.177274793386459,0.245279695671592,0.240511998534203,0
0,0,0,0,0.170358791947365,0,0,0,0,0,0,0,0.179893970489502,0,0,0,0,0,0,0,0.157654511928558,0,0,0,0,0,0,0,0,0,0,0,0,0,0,0,0,0,0,0,0,0,0,0,0,0,0,0,0,0,0.181104335573412,0,0.177246372111478,0,0,0,0,0,0.17527785489247,0,0,0,0,0,0,0,0,0,0,0,0,0,0,0,0,0,0,0,0,0,0,0,0.143150049356782,0.145294740796089,0,0,0
0,0,0,0,0,0.221321542747319,0,0,0,0,0,0.152346927672625,0,0,0,0,0,0,0,0.151654834837414,0,0,0,0,0,0,0,0,0,0,0,0,0,0,0,0,0,0,0,0,0,0,0,0,0,0,0,0,0,0,0,0.190139819030187,0,0.181019680666319,0,0,0,0.160816388314261,0,0.175535131245852,0,0,0.145493645966053,0,0,0,0,0,0,0,0,0,0,0,0,0,0,0,0,0,0,0,0.206432003790224,0.179369688034058,0,0,0
0.173505120742039,0,0.119765505732335,0,0.149169635027647,0,0,0,0,0,0,0,0,0,0.193738740242896,0,0.208348753356918,0.195921048671007,0.192156147929507,0,0,0,0,0,0.229167224736664,0,0.144621685147285,0,0,0,0,0,0,0,0,0,0,0,0.242219227709268,0,0,0,0,0,0,0,0.292611310879389,0,0.20248228940395,0,0.145732454955578,0,0,0,0.225167703672719,0,0,0,0,0,0.194874756011862,0,0,0,0,0,0,0.280984931870511,0,0.181612777439031,0,0,0,0.260995507240295,0,0,0,0,0,0.284046716988087,0,0.254013766462986,0.178395831547169,0.190023078237261,0.21591989957803,0,0
0,0.170330772940547,0,0.140640902259047,0,0.187547075546394,0,0,0,0,0,0,0,0,0,0.132760122252835,0.18469418935916,0.192677227573262,0.229194156825542,0,0,0,0,0.212748271447641,0,0.174178717305531,0,0,0,0,0,0,0,0,0,0,0,0.217455392694054,0,0.222800016403198,0,0.196361872553825,0,0,0,0,0,0.398272335529327,0,0.233431617801006,0,0.201217284314653,0,0,0,0.258294448298935,0,0.259535998106003,0,0,0,0.194590480625629,0,0,0,0,0.277674046509406,0,0.203910648822784,0,0,0,0,0,0,0,0,0,0.316715359687805,0,0.24783221093264,0,0.17825407907833,0.259595423936844,0.178394072136636,0,0
0,0,0,0,0,0,0,0,0,0,0,0,0.154711329771413,0,0,0,0,0,0.30270791053772,0,0.152714604494118,0,0,0,0,0,0,0,0,0,0,0,0,0,0,0,0.128988509102421,0,0.16457584287892,0,0,0,0.318345874547958,0,0,0,0.355554729700089,0,0.229077786207199,0,0,0,0.179500569959721,0,0,0,0.219417704892889,0,0.160313419320367,0,0,0,0,0.284598153528817,0,0,0,0,0,0,0,0,0,0.359165811538696,0,0,0,0,0,0.274992793798447,0,0.149551735466553,0.150743674072954,0.144842935459954,0.341598739226659,0,0
0,0,0,0,0,0,0,0.152346927672625,0,0,0,0,0,0.135040368169847,0,0,0,0,0,0.14683008376185,0,0,0,0,0,0,0,0,0,0.195172276761797,0,0,0,0,0,0.124452806264162,0,0.144752671186259,0,0,0,0,0,0,0,0,0,0,0,0,0,0.317614793777466,0,0,0,0,0,0.217814313963046,0,0.16174260831692,0,0,0.139269304876568,0,0,0,0,0,0,0,0.122115817666054,0,0.225859620001005,0,0,0,0,0,0,0,0.148421101758014,0,0.15182629538568,0,0,0,0
0,0,0,0,0.176538191297475,0,0.179893970489502,0,0,0,0.154711329771413,0,0,0,0,0,0,0,0,0,0,0,0,0,0,0,0,0,0.205468654632568,0,0,0,0,0,0,0,0,0,0,0,0,0,0,0,0,0,0,0,0,0,0.214291612307231,0,0.207115630308787,0,0,0,0.131770097292387,0,0.17124329166753,0,0,0,0,0,0,0,0,0,0,0,0,0,0,0,0,0,0,0,0,0,0,0,0.17498672327825,0.138434983789921,0,0,0
0,0,0,0,0,0,0,0,0,0,0,0.135040368169847,0,0,0,0,0,0,0,0,0,0,0,0,0,0,0,0,0,0.149249040792065,0,0,0,0,0,0,0,0,0,0,0,0,0,0,0,0,0,0,0,0,0,0.226605094969273,0,0.204971633851528,0,0,0,0.133102137169138,0,0.167570793390041,0,0.201853409409523,0,0,0,0,0,0,0,0,0,0,0,0,0,0,0,0,0,0,0,0,0.184619851410389,0.170700207352638,0,0,0
0.221819840371609,0,0,0,0.168194964528084,0,0,0,0.193738740242896,0,0,0,0,0,0,0,0.175949490160784,0.199283216148615,0.228080876171589,0,0,0,0,0,0,0,0,0,0,0,0,0,0,0,0,0,0,0,0,0,0,0,0,0,0,0,0,0,0,0,0.193447219637724,0,0,0,0.216807850484931,0,0,0,0.125602558255196,0,0.160775275138969,0,0,0,0,0,0,0,0,0.213072005659342,0,0,0,0,0,0,0,0,0,0,0,0,0.217848864586457,0.170010909438133,0.272480666637421,0,0
0,0,0,0,0,0,0,0,0,0.132760122252835,0,0,0,0,0,0,0.184031469126542,0.187034191993567,0.176083296537399,0,0,0,0,0,0,0,0,0,0,0,0,0,0,0,0,0,0,0,0,0,0,0,0,0,0,0,0,0,0,0,0,0.181616172194481,0,0,0,0.193171490482824,0,0,0,0.192284848541021,0,0.184366312216629,0,0,0,0,0,0,0,0,0,0,0,0,0,0,0,0,0.307560950517654,0,0,0,0.14467002004385,0,0,0,0
0,0,0,0,0,0,0,0,0.208348753356918,0.18469418935916,0,0,0,0,0.175949490160784,0.184031469126542,0,0.187644889700607,0.257130473639151,0,0,0,0.17887080848217,0.160599119961262,0.163353488411544,0,0.191018015146255,0,0,0,0,0,0,0,0,0,0.313648521900177,0,0,0.307438334045203,0.282153974879872,0.262854091450572,0.248835282524427,0.263688430190086,0.247656474510829,0.287562847137451,0.300109256754865,0,0.255462437868118,0.301010310649872,0,0,0,0,0,0,0.307547976573308,0,0,0,0.189787956311348,0,0.312943475811105,0.30623388242337,0,0.179204307157885,0,0.153062911970275,0,0.18105879300519,0,0,0.290612354874611,0.313724862204658,0,0,0,0,0.314503185451031,0.302662262988982,0.325064478736175,0.328573222173021,0.23516487769784,0.189774843300294,0.2917690791867,0.26006502409776,0.242916762828827
0.355954105655352,0,0,0,0,0,0,0,0.195921048671007,0.192677227573262,0,0,0,0,0.199283216148615,0.187034191993567,0.187644889700607,0,0.266894428512876,0,0,0.155819199258281,0,0.14843688504054,0.167040973901749,0.166691441833973,0,0,0,0,0,0,0,0,0,0.30561351776123,0,0,0,0.312017934547888,0.293482050299644,0.272418863919317,0.256251493096352,0.268310207128525,0,0.298313288734509,0.312079967172058,0,0,0.312071378032366,0,0,0,0,0,0,0.269030511379242,0,0,0,0.208331812173128,0.186797143175052,0.314019520282745,0.304948002099991,0.161488871276379,0.223360866308212,0.15840496999376,0,0.155376803989594,0.184578508138657,0,0,0.301226295530796,0.365307666361332,0,0,0,0,0.321075338168421,0.31889216566924,0.337981121987104,0.322911459666032,0.201322122277068,0.181689860722951,0.311033305640404,0.286003224551678,0.257021367549896
0.462775721782591,0.277303173586174,0.244853471006666,0.274082665642103,0,0.265844836831093,0,0,0.192156147929507,0.229194156825542,0.30270791053772,0,0,0,0.228080876171589,0.176083296537399,0.257130473639151,0.266894428512876,0,0,0,0,0,0,0,0,0,0,0,0,0,0,0,0,0,0.366131921609243,0.308939181268215,0,0.275187015533447,0.319764830073248,0.273455699324608,0.266333071474808,0.21034129443567,0.381442381545555,0.186147576197982,0.295722175257426,0.310836984885665,0.331362318247557,0.275130755371518,0.357306208817855,0.246154524385929,0,0,0,0,0,0.330654521622965,0.36172291636467,0,0.28268763422966,0.238467618823051,0.267982304096222,0.316429236988804,0.30732144558557,0,0,0,0,0,0,0.339054220914841,0,0.41793230911354,0.343637995019152,0,0,0,0,0.350393445754889,0.298181237526756,0.415676982224393,0.350523320180694,0.241534116282464,0.184324097490207,0.322633969887831,0.254393936510672,0.274288399145007
0,0,0,0,0,0.210104462451971,0,0.151654834837414,0,0,0,0.14683008376185,0,0,0,0,0,0,0,0,0,0,0,0,0,0,0,0,0,0,0,0,0,0,0,0.130606049808924,0,0.130779427560893,0,0,0,0,0,0,0,0.20268027484417,0,0.256531983613968,0,0,0,0.314971311224831,0,0,0,0,0,0.338852472603321,0,0,0,0,0.158863497072179,0,0,0,0,0,0,0,0,0,0,0,0,0,0,0,0.20549868516348,0,0.15281339617152,0,0.137871572179562,0,0.257925674319267,0,0
0,0,0,0,0.181734865866833,0,0.157654511928558,0,0,0,0.152714604494118,0,0,0,0,0,0,0,0,0,0,0,0,0,0,0,0,0,0,0,0,0,0,0,0,0,0.152351037588115,0,0.18672245445818,0,0,0,0.249713477492332,0,0,0,0,0.223367646336555,0.218191693226496,0,0.193818545589844,0,0,0,0,0,0.180507709335178,0,0,0,0,0,0,0.244587778795922,0,0,0,0,0,0,0,0,0,0.355576378378001,0,0,0,0,0,0.184442004065371,0,0.266439207726055,0.170198937461657,0,0.252507783472538,0,0
0,0,0,0,0,0,0,0,0,0,0,0,0,0,0,0,0,0.155819199258281,0,0,0,0,0.113951267368758,0.17988627481495,0,0.165204087029333,0,0.148078146576881,0,0,0,0,0,0,0,0,0,0.222909349941031,0.148217722773552,0,0,0.296737313270569,0,0,0,0.334753096103668,0,0.486136565605799,0,0.300184104535673,0,0,0,0,0,0,0,0.28867346379492,0,0,0,0,0.284102976322174,0,0.210693840869141,0,0.257994482253524,0,0.303143697977066,0,0.290222234431972,0,0.318174015391957,0,0,0,0,0,0.282773733139038,0,0.270836239731602,0,0.127939011044546,0.141650610511572,0.308606229045174,0,0
0,0,0,0,0,0,0,0,0,0,0,0,0,0,0,0,0.17887080848217,0,0,0,0,0.113951267368758,0,0,0.123791917227209,0,0.11609303355217,0,0.136135143041611,0,0,0,0,0,0,0,0,0,0.127896749504632,0,0,0,0,0,0,0,0,0,0.182340535463071,0,0,0,0,0,0,0,0,0,0,0,0,0,0,0,0,0.160588822806504,0,0.128398165934616,0,0.131723996413791,0,0.138663870096207,0,0,0,0,0,0,0,0,0,0.145290748733613,0.129633575861513,0.16187866761551,0,0,0
0,0.178939421971639,0,0,0,0,0,0,0,0.212748271447641,0,0,0,0,0,0,0.160599119961262,0.14843688504054,0,0,0,0.17988627481495,0,0,0,0.176421135689157,0,0,0,0,0,0,0,0,0,0,0,0.185995341114262,0,0,0,0.256797134876251,0.295632630586624,0,0,0,0,0.311442355314891,0,0.38044960796833,0,0,0,0,0,0.185039846226573,0,0,0,0,0,0.184206753969193,0,0,0.174269896745682,0,0.173733013378111,0,0.184883263630745,0,0.288983285427094,0,0,0,0,0,0,0,0,0,0.199118796810014,0,0.202749760711894,0,0.199149116365747,0,0
0,0,0,0,0,0,0,0,0.229167224736664,0,0,0,0,0,0,0,0.163353488411544,0.167040973901749,0,0,0,0,0.123791917227209,0,0,0,0.149551185554471,0,0,0,0,0,0,0,0,0,0,0,0.20812041523016,0,0,0,0,0,0,0,0,0.629773855209351,0.237307962192141,0,0,0,0,0,0.263667617212324,0,0,0,0,0,0.229205508317266,0,0,0,0,0.117284952104092,0,0.183034464380795,0,0.200641353097227,0,0,0,0,0,0,0,0,0,0,0,0.141291599720716,0.136684947351857,0,0.270699279540676,0,0
0,0,0,0,0,0,0,0,0,0.174178717305531,0,0,0,0,0,0,0,0.166691441833973,0,0,0,0.165204087029333,0,0.176421135689157,0,0,0,0.110362772430692,0,0,0,0,0,0,0,0,0,0,0,0,0,0,0,0,0,0,0,0,0,0,0,0,0,0,0,0.189958590324278,0,0,0,0,0,0,0,0,0.178181425512182,0,0.228283901176701,0,0.181664598413876,0,0.298987746238708,0,0,0,0,0,0,0,0,0,0,0,0,0,0,0,0
0,0,0,0,0,0,0,0,0.144621685147285,0,0,0,0,0,0,0,0.191018015146255,0,0,0,0,0,0.11609303355217,0,0.149551185554471,0,0,0,0,0,0,0,0,0,0,0,0,0,0,0,0,0,0,0,0,0,0,0,0,0,0,0,0,0,0.152699106505939,0,0,0,0,0,0.205822467803955,0,0,0,0,0.150001302361488,0,0.130085489712656,0,0.169379045380585,0,0,0,0,0,0,0,0,0,0,0,0,0.135872572660446,0,0,0,0
0,0,0,0,0,0,0,0,0,0,0,0,0,0,0,0,0,0,0,0,0,0.148078146576881,0,0,0,0.110362772430692,0,0,0,0.147244626329145,0,0,0,0,0,0,0,0.134714735405786,0,0,0,0,0,0,0,0,0,0,0,0,0,0,0,0,0,0,0,0.114965210358302,0,0,0,0,0,0,0.153418719768524,0,0,0,0.167129027657211,0,0.166135306271681,0,0.159950496709865,0,0,0,0,0,0,0,0.177012154459953,0,0.145611397027969,0.136445686221123,0,0,0
0,0,0,0,0,0,0,0,0,0,0,0,0.205468654632568,0,0,0,0,0,0,0,0,0,0.136135143041611,0,0,0,0,0,0,0,0.191870736140831,0,0,0,0,0,0,0,0.166164979338646,0,0,0,0,0,0,0,0,0,0,0,0,0,0,0,0,0,0,0,0,0,0,0,0,0,0,0,0,0,0,0.230608111795257,0,0.204582389747559,0,0.230819547617877,0,0,0,0,0,0,0,0.258996985852718,0.146812779562814,0.154351912438869,0,0,0
0,0,0,0,0,0,0,0,0,0,0,0.195172276761797,0,0.149249040792065,0,0,0,0,0,0,0,0,0,0,0,0,0,0.147244626329145,0,0,0,0,0,0,0,0,0,0.176799508689464,0,0,0,0,0,0,0,0,0,0,0,0,0,0,0,0,0,0,0,0.151148741676224,0,0.146654592003933,0,0,0,0,0,0,0,0,0,0,0.132702172479846,0,0.210611045000317,0,0,0,0,0,0,0,0.17967614562347,0,0.16535815977388,0,0,0,0
0,0,0,0,0,0,0,0,0,0,0,0,0,0,0,0,0,0,0,0,0,0,0,0,0,0,0,0,0.191870736140831,0,0,0,0,0,0,0,0,0,0.123933772246043,0,0,0,0,0,0,0,0,0,0,0,0,0,0,0,0,0,0,0,0,0,0,0,0,0,0,0,0,0,0,0,0,0.213442603832689,0,0.229313375352688,0,0,0,0,0,0,0,0.121224120259285,0.140721346769068,0.166774875974577,0,0,0
0,0,0,0,0,0,0,0,0,0,0,0,0,0,0,0,0,0,0,0,0,0,0,0,0,0,0,0,0,0,0,0,0.287564215003228,0.339089721441269,0.364453375339508,0.161163162005203,0.134005431085825,0,0,0,0,0,0,0,0,0,0,0.353252402958924,0.448005646467209,0,0,0,0,0,0,0,0,0,0,0,0,0,0,0,0,0,0,0,0,0,0,0,0,0,0.260413915452791,0.286407823496986,0.263242615386844,0.394288301467896,0.215457160589851,0.273853898048401,0,0,0.221246081153433,0,0,0,0
0,0,0,0,0,0,0,0,0,0,0,0,0,0,0,0,0,0,0,0,0,0,0,0,0,0,0,0,0,0,0,0.287564215003228,0,0.276035413146019,0.329200968146324,0.140535466372967,0.150750818945136,0,0,0,0,0,0,0,0,0,0,0.408992253194142,0,0,0,0,0,0,0,0,0,0,0,0,0,0,0,0,0,0,0,0,0,0,0,0,0,0,0.397479313200918,0.253132149170746,0.406562397877375,0.317640854818065,0.351828228150095,0.212733008503485,0,0,0.266610696911812,0,0,0,0
0,0,0,0,0,0,0,0,0,0,0,0,0,0,0,0,0,0,0,0,0,0,0,0,0,0,0,0,0,0,0,0.339089721441269,0.276035413146019,0,0.197164735566812,0.130094995349646,0,0.28261954160837,0,0,0,0,0.346235185861588,0,0,0,0,0.323309816345492,0.394719541072845,0.405669202407201,0,0,0,0,0,0,0,0,0,0,0,0,0,0,0,0,0,0,0,0,0,0,0,0,0.367790634433428,0,0.207186954551273,0.181729173291324,0.170509134383896,0.342502762873967,0.347002944080379,0,0.177271911828983,0.18146012592734,0.410661774873734,0,0
0,0,0,0,0,0,0,0,0,0,0,0,0,0,0,0,0,0,0,0,0,0,0,0,0,0,0,0,0,0,0,0.364453375339508,0.329200968146324,0.197164735566812,0,0,0.147335956372229,0,0.288323510552077,0,0,0,0,0,0,0,0,0.319796315462028,0.381374283631643,0.368237912654877,0,0,0,0,0,0,0,0,0,0,0,0,0,0,0,0,0,0,0,0,0,0,0,0,0.415352940559387,0.308714634243478,0.212299052287232,0.188934104929923,0.425677746534348,0.170254491016413,0.216910907626152,0.176264294910999,0.181298103243272,0,0.37221160531044,0,0
0,0,0,0,0,0.199110848354358,0,0,0,0,0,0.124452806264162,0,0,0,0,0,0.30561351776123,0.366131921609243,0.130606049808924,0,0,0,0,0,0,0,0,0,0,0,0.161163162005203,0.140535466372967,0.130094995349646,0,0,0.173910892528036,0.139602717121734,0,0.315304743746916,0.272897303104401,0.303292486816645,0,0.361324101686478,0,0.229158583531777,0.329130232334137,0.363966892405254,0.247694032532828,0.24091669597796,0,0.233325532891534,0,0,0,0,0,0.167204490674087,0,0,0,0,0.148657479817099,0,0,0,0,0,0,0,0.274673491716385,0,0.272447204795377,0,0.169482743354152,0,0.242224249218587,0,0.204713873592164,0.145573919335156,0.197605833274509,0,0.144707830815188,0.220838393084705,0.209129333399333,0.28427442908287,0
0,0,0,0,0.208697613328695,0,0,0,0,0,0.128988509102421,0,0,0,0,0,0.313648521900177,0,0.308939181268215,0,0.152351037588115,0,0,0,0,0,0,0,0,0,0,0.134005431085825,0.150750818945136,0,0.147335956372229,0.173910892528036,0,0,0.146968748603491,0,0.257727421820164,0,0.293494013803346,0,0,0,0.236118173599243,0.266095214899172,0.257640422632297,0,0.210727655887604,0,0,0,0,0,0.203756144368335,0,0,0,0,0,0,0.215263323028213,0,0,0,0,0,0,0,0,0,0.300808442490441,0,0.163581484907799,0,0.142454783056389,0.141937283799052,0.196221027880524,0,0.253441337083344,0.154112768713137,0.173163354119199,0.266255223516668,0,0.402556300163269
0,0,0,0,0,0,0,0,0,0.217455392694054,0,0.144752671186259,0,0,0,0,0,0,0,0.130779427560893,0,0.222909349941031,0,0.185995341114262,0,0,0,0.134714735405786,0,0.176799508689464,0,0,0,0.28261954160837,0,0.139602717121734,0,0,0.119503311812878,0,0,0.16605175866021,0,0,0,0,0,0.501314341547251,0,0.360124676691842,0,0,0,0,0,0.271628070100446,0,0.148048855535208,0,0,0,0,0.181306672981009,0,0.344720351392204,0,0.269334981504541,0,0.299091637134552,0,0.287664053922004,0,0.219073916474978,0,0,0,0.240287594647721,0,0.18487886060935,0,0.219632193919247,0,0.153360957072016,0.185943592339754,0.272997751639735,0,0
0,0,0,0,0,0,0,0,0.242219227709268,0,0.16457584287892,0,0,0,0,0,0,0,0.275187015533447,0,0.18672245445818,0.148217722773552,0.127896749504632,0,0.20812041523016,0,0,0,0.166164979338646,0,0.123933772246043,0,0,0,0.288323510552077,0,0.146968748603491,0.119503311812878,0,0,0,0,0.241056889295578,0,0,0,0.313425183296204,0.339390414977266,0.397269182383873,0,0,0,0,0,0.270804392760747,0,0.154901780188084,0,0,0,0,0,0,0.190183979555024,0.161962628364563,0.222156383593877,0,0.277930134271522,0,0,0,0.244188860058784,0,0.224115287264188,0,0,0,0.346225242865713,0,0.241300949356638,0,0.215339006301175,0.190722454688181,0.161285538349178,0.303851366402155,0,0
0.385402262210846,0,0.344591915607452,0.27107675990154,0.299249649047852,0.246927063167095,0,0,0,0.222800016403198,0,0,0,0,0,0,0.307438334045203,0.312017934547888,0.319764830073248,0,0,0,0,0,0,0,0,0,0,0,0,0,0,0,0,0.315304743746916,0,0,0,0,0.340282142162323,0.300726529727441,0.25843098864425,0.373904563878712,0,0.271107011657221,0.346968731709889,0.300108581781387,0.260596632957458,0.24597926587382,0,0.266388217608134,0,0,0,0,0,0.287380057076613,0,0,0,0,0.299038300897209,0.397192746400833,0,0,0,0,0,0,0.28796490530173,0,0.306638064159863,0.319231510162354,0,0,0,0,0.286580722797272,0.335169884291562,0.327218958214259,0.340540772676468,0.294237582770587,0.33568549156189,0.280521505674061,0.289947846840168,0.280617088079453
0,0,0.302225649356842,0,0.248704165220261,0,0,0,0,0,0,0,0,0,0,0,0.282153974879872,0.293482050299644,0.273455699324608,0,0,0,0,0,0,0,0,0,0,0,0,0,0,0,0,0.272897303104401,0.257727421820164,0,0,0.340282142162323,0,0.207395136356354,0.277732977875212,0,0.277958052754402,0.276569783687592,0.327458899074454,0.367886483669281,0.262793586552143,0,0,0,0,0,0,0,0.271081907408578,0,0,0,0,0,0.346556276082993,0.306819730596756,0,0,0,0,0,0,0,0,0,0.254400381987745,0,0,0,0,0.290896087884903,0.276546753600223,0.289762233694394,0.237244913703762,0.275420435810391,0,0.26728806927176,0,0.278591091744602
0,0.308971649602703,0.237758681178093,0.289338480057328,0,0.264750733095057,0,0,0,0.196361872553825,0,0,0,0,0,0,0.262854091450572,0.272418863919317,0.266333071474808,0,0,0.296737313270569,0,0.256797134876251,0,0,0,0,0,0,0,0,0,0,0,0.303292486816645,0,0.16605175866021,0,0.300726529727441,0.207395136356354,0,0.200265751366497,0.327182844902078,0,0.287751641197943,0.28374686340491,0.33535450777492,0.343300998210907,0.316484912641143,0,0.297012224793434,0,0,0,0.27563074529171,0,0.328091733884521,0,0.305441518242543,0,0.30523821924414,0.335008377687397,0.312906622886658,0,0,0.312727451324463,0,0,0,0.339448720961809,0,0.37787548194711,0.278114095330238,0,0,0,0,0.295345952221954,0.299777957300345,0.354836670946991,0.33079935113589,0.256529770937764,0.356908917427063,0.309625902691167,0.301763251785624,0
0.235694672434758,0,0.249639734037613,0.252180440558328,0.247191826502482,0,0,0,0,0,0.318345874547958,0,0,0,0,0,0.248835282524427,0.256251493096352,0.21034129443567,0,0.249713477492332,0,0,0.295632630586624,0,0,0,0,0,0,0,0,0,0.346235185861588,0,0,0.293494013803346,0,0.241056889295578,0.25843098864425,0.277732977875212,0.200265751366497,0,0.207829564809799,0.205457035885301,0.252643270418048,0.293381834234737,0.391567080004795,0.262300776061184,0.257459802123217,0.253119973973794,0,0,0,0.214361697435379,0,0.296020793928614,0.252941399812698,0,0,0,0,0.282582764114652,0.286200168905622,0,0,0,0,0,0,0.278252571821213,0.276268318295479,0.288438245654106,0.291766720575205,0,0,0,0,0.259130069743032,0.27201652520856,0.278152970404461,0.322580414732882,0.282445371089067,0.299566298723221,0.269155609871657,0.214797298113505,0.251251864415061
0,0,0,0.257608741521835,0,0,0,0,0,0,0,0,0,0,0,0,0.263688430190086,0.268310207128525,0.381442381545555,0,0,0,0,0,0,0,0,0,0,0,0,0,0,0,0,0.361324101686478,0,0,0,0.373904563878712,0,0.327182844902078,0.207829564809799,0,0,0.316120541095734,0.336499194304148,0.42839053273201,0,0.437405630946159,0,0,0,0,0,0,0,0,0,0,0,0,0.341248917579651,0,0,0,0,0,0,0,0,0,0.463864220040185,0,0,0,0,0,0.413668011448213,0.320500932633877,0.490455184424861,0,0.33161510899663,0.471010148525238,0.428554988279939,0,0
0,0,0,0,0,0,0,0,0,0,0,0,0,0,0,0,0.247656474510829,0,0.186147576197982,0,0,0,0,0,0,0,0,0,0,0,0,0,0,0,0,0,0,0,0,0,0.277958052754402,0,0.205457035885301,0,0,0,0.2900779123636,0,0,0,0,0,0,0,0,0,0,0,0,0,0,0,0.278397619724274,0.29765058591448,0,0,0,0,0,0,0,0,0,0.318274676799774,0,0,0,0,0.279758960008621,0.273142700668555,0,0.274207219481468,0.215448260307312,0,0.236702044163981,0,0
0,0,0,0.255211626365781,0,0.247765022516251,0,0,0,0,0,0,0,0,0,0,0.287562847137451,0.298313288734509,0.295722175257426,0.20268027484417,0,0.334753096103668,0,0,0,0,0,0,0,0,0,0,0,0,0,0.229158583531777,0,0,0,0.271107011657221,0.276569783687592,0.287751641197943,0.252643270418048,0.316120541095734,0,0,0.292180056373278,0.230356594504312,0.23738744124478,0.291972780047949,0,0.250680845230818,0,0,0,0.227852240204811,0.308267652988434,0.320920052735702,0,0,0,0,0.25839072333861,0.321709632873535,0,0,0,0,0,0,0.325708117485046,0,0.341908274847656,0,0,0,0,0,0.264449491859164,0.287677618674934,0.339042910908306,0.358375708262126,0.289575863262297,0,0.278019506213527,0.32833339869976,0
0.408689107213701,0,0.308775961399078,0,0.185357466340065,0,0,0,0.292611310879389,0,0.355554729700089,0,0,0,0,0,0.300109256754865,0.312079967172058,0.310836984885665,0,0,0,0,0,0,0,0,0,0,0,0,0,0,0,0,0.329130232334137,0.236118173599243,0,0.313425183296204,0.346968731709889,0.327458899074454,0.28374686340491,0.293381834234737,0.336499194304148,0.2900779123636,0.292180056373278,0,0.225440387924512,0.209981306040862,0.268089205026627,0,0,0,0,0,0,0.320608863830566,0,0,0,0.299709409475327,0,0,0.286875352597466,0,0,0,0,0,0,0.29412505030632,0,0.313070744276047,0.333705145938724,0,0,0,0,0.343010152379672,0.263457487673833,0.319486882537603,0.392608846769583,0.307921221690812,0.283118821680546,0.314294294978799,0,0.280828058719635
0,0.312129139900208,0,0.2796893765529,0.230831588308016,0.223505313197772,0,0,0,0.398272335529327,0,0,0,0,0,0,0,0,0.331362318247557,0.256531983613968,0.223367646336555,0.486136565605799,0,0.311442355314891,0.629773855209351,0,0,0,0,0,0,0.353252402958924,0.408992253194142,0.323309816345492,0.319796315462028,0.363966892405254,0.266095214899172,0.501314341547251,0.339390414977266,0.300108581781387,0.367886483669281,0.33535450777492,0.391567080004795,0.42839053273201,0,0.230356594504312,0.225440387924512,0,0.489969727015035,0.337412598695459,0.251373134553432,0.272249172131221,0,0,0,0.30258971452713,0.262922295011007,0.244949400424957,0,0,0,0,0.236729640563329,0.249218819538752,0.512957245111465,0,0.32648435138887,0.504200994968414,0,0,0,0,0.283361514409383,0.263920133933425,0.401318291175007,0.342118567523066,0.304040761599104,0.261976956545272,0.383414311716339,0.387120198359092,0.463490241816064,0.325264246407009,0.487703469825339,0.228805333375931,0.500001032414032,0.34448114335537,0
0.161144034082187,0,0.144939084751235,0.266247034072876,0.227952039241791,0.257401900158988,0,0,0.20248228940395,0,0.229077786207199,0,0,0,0,0,0.255462437868118,0,0.275130755371518,0,0.218191693226496,0,0.182340535463071,0,0.237307962192141,0,0,0,0,0,0,0.448005646467209,0,0.394719541072845,0.381374283631643,0.247694032532828,0.257640422632297,0,0.397269182383873,0.260596632957458,0.262793586552143,0.343300998210907,0.262300776061184,0,0,0.23738744124478,0.209981306040862,0.489969727015035,0,0.347332016417855,0.235446085189951,0.244703911244869,0,0,0.204778720055308,0.248128950595856,0.260393286783864,0.246087551116943,0.229798898865015,0,0.193600063814836,0,0.235039308667183,0.218763866815074,0,0.206083747731728,0,0.236813895981158,0,0.230785209557106,0.301755130290985,0.170456573367119,0.26646263897419,0.271850551068783,0.419269228974978,0,0.365317723967812,0.305077456658886,0.268553770401261,0.318604533303495,0.266615495085716,0.346343442325791,0.429192827819504,0.340639680624008,0.281563718843255,0,0.247967749834061
0,0.159176119228416,0,0.18956221205904,0,0.24472198517699,0,0,0,0.233431617801006,0,0,0,0,0,0,0.301010310649872,0.312071378032366,0.357306208817855,0,0,0.300184104535673,0,0.38044960796833,0,0,0,0,0,0,0,0,0,0.405669202407201,0.368237912654877,0.24091669597796,0,0.360124676691842,0,0.24597926587382,0,0.316484912641143,0.257459802123217,0.437405630946159,0,0.291972780047949,0.268089205026627,0.337412598695459,0.347332016417855,0,0,0.272053971886635,0,0,0,0.208745548549371,0,0.335603009542109,0,0.256291361109114,0,0.218944509824117,0.330060395369163,0,0.336529462387735,0,0.329869414153306,0,0.299916530952199,0,0.30972747252268,0,0.369324242670789,0.321916431188583,0.389989018440247,0,0.326534241437912,0,0.249645769939733,0,0.321850290935271,0,0.294884509103639,0,0.302396883615231,0.338930827493851,0
0,0,0.176087243855,0,0.19487869963331,0,0.181104335573412,0,0.145732454955578,0,0,0,0.214291612307231,0,0.193447219637724,0,0,0,0.246154524385929,0,0.193818545589844,0,0,0,0,0,0,0,0,0,0,0,0,0,0,0,0.210727655887604,0,0,0,0,0,0.253119973973794,0,0,0,0,0.251373134553432,0.235446085189951,0,0,0,0.203316947031352,0,0,0,0.241450838292369,0,0.217317285151455,0,0.216468847381187,0,0,0.242795140766279,0,0,0,0,0,0,0,0,0,0,0,0,0,0,0,0.213639876425522,0,0.298373013734818,0.200159395643725,0,0.25284988197441,0,0
0,0.202005106955767,0,0.248500680498709,0,0.213380234482919,0,0.190139819030187,0,0.201217284314653,0,0.317614793777466,0,0.226605094969273,0,0.181616172194481,0,0,0,0.314971311224831,0,0,0,0,0,0,0,0,0,0,0,0,0,0,0,0.233325532891534,0,0,0,0.266388217608134,0,0.297012224793434,0,0,0,0.250680845230818,0,0.272249172131221,0.244703911244869,0.272053971886635,0,0,0,0.20999626070261,0,0.199852859499443,0,0.243453320320613,0,0.232771611402905,0,0.237717255872565,0.337855352497682,0,0,0,0,0,0,0,0,0,0.239539846777916,0,0,0,0,0,0.269784695399341,0,0,0,0.200689457398553,0,0.307827754113293,0.291172757744789,0
0,0,0,0,0.184994184580006,0,0.177246372111478,0,0,0,0.179500569959721,0,0.207115630308787,0,0,0,0,0,0,0,0,0,0,0,0,0,0,0,0,0,0,0,0,0,0,0,0,0,0,0,0,0,0,0,0,0,0,0,0,0,0.203316947031352,0,0,0,0,0,0.216290184762329,0,0.196423744430413,0,0,0,0,0.223109588027,0,0,0,0,0,0,0,0,0,0,0,0,0,0,0,0,0,0,0.163445642108426,0.161270550034178,0,0,0
0,0,0,0,0,0.150909083584944,0,0.181019680666319,0,0,0,0,0,0.204971633851528,0,0,0,0,0,0,0,0,0,0,0,0,0,0,0,0,0,0,0,0,0,0,0,0,0,0,0,0,0,0,0,0,0,0,0,0,0,0.20999626070261,0,0,0,0,0,0.188045572595937,0,0.26798830439647,0,0,0,0,0,0,0,0,0,0,0,0,0,0,0,0,0,0,0,0,0,0,0.203800612204784,0,0,0,0
0.198210070206635,0,0.157149349823017,0,0,0,0,0,0.225167703672719,0,0,0,0,0,0.216807850484931,0,0,0,0,0,0,0,0,0,0.263667617212324,0,0.152699106505939,0,0,0,0,0,0,0,0,0,0,0,0.270804392760747,0,0,0,0.214361697435379,0,0,0,0,0,0.204778720055308,0,0,0,0,0,0,0,0.26295280456543,0,0,0,0.218641635674255,0,0,0,0,0,0,0.285577671160815,0,0.195068855285645,0,0,0,0,0,0,0,0,0,0,0,0.281462613643552,0.224382668733597,0,0.223472902594611,0,0
0,0.207587864847517,0,0.188212612584429,0,0.207513207426438,0,0,0,0.258294448298935,0,0,0,0,0,0.193171490482824,0,0,0,0,0,0,0,0.185039846226573,0,0.189958590324278,0,0,0,0,0,0,0,0,0,0,0,0.271628070100446,0,0,0,0.27563074529171,0,0,0,0.227852240204811,0,0.30258971452713,0.248128950595856,0.208745548549371,0,0.199852859499443,0,0,0,0,0,0,0,0,0,0.217082013669996,0,0,0,0,0.243186901986989,0,0.200011602469853,0,0,0,0.329966485500336,0,0,0,0,0,0.240643218159676,0,0.293859227360049,0,0.215247268279394,0,0.199307163743148,0.231217592954636,0
0.444002360105515,0,0.250981246586889,0,0.22142948041547,0,0,0,0,0,0.219417704892889,0,0.131770097292387,0,0,0,0.307547976573308,0.269030511379242,0.330654521622965,0,0.180507709335178,0,0,0,0,0,0,0,0,0,0,0,0,0,0,0,0.203756144368335,0,0.154901780188084,0,0.271081907408578,0,0.296020793928614,0,0,0.308267652988434,0.320608863830566,0.262922295011007,0.260393286783864,0,0.241450838292369,0,0.216290184762329,0,0.26295280456543,0,0,0,0.268862895869296,0,0.229546378056208,0,0.297416925430298,0.295361813907264,0,0,0,0,0,0,0,0.311838053166866,0.338617563247681,0.37046315324194,0,0,0,0,0.334552657604218,0.281899501213291,0,0.312273598030994,0.287155752823611,0,0.330518764076488,0,0.332802545304266
0,0.242329184498106,0,0.300488811246184,0,0.26398191973567,0,0.160816388314261,0,0.259535998106003,0,0.217814313963046,0,0.133102137169138,0,0,0,0,0.36172291636467,0.338852472603321,0,0.28867346379492,0,0,0,0,0,0.114965210358302,0,0.151148741676224,0,0,0,0,0,0.167204490674087,0,0.148048855535208,0,0.287380057076613,0,0.328091733884521,0.252941399812698,0,0,0.320920052735702,0,0.244949400424957,0.246087551116943,0.335603009542109,0,0.243453320320613,0,0.188045572595937,0,0,0,0,0,0.224251714077863,0,0.232425906828472,0.269607318019359,0,0.29915912648042,0,0.329666510224342,0,0.338220357894897,0,0.334869999731525,0,0.286112684263112,0,0,0,0,0,0.277895243310217,0.276513338088989,0.300465720028935,0,0.190148950799515,0,0.305684911972947,0.334030463049809,0
0,0,0.174989610910416,0,0.186691290854868,0,0.17527785489247,0,0,0,0.160313419320367,0,0.17124329166753,0,0.125602558255196,0,0,0,0,0,0,0,0,0,0,0,0,0,0,0,0,0,0,0,0,0,0,0,0,0,0,0,0,0,0,0,0,0,0.229798898865015,0,0.217317285151455,0,0.196423744430413,0,0,0,0.268862895869296,0,0,0,0.217763395110766,0,0,0,0,0,0,0,0,0,0,0.196378394961357,0,0,0,0,0,0,0,0.233127355575562,0,0,0.192982458348932,0.141655464257513,0.239833220436766,0,0
0,0.240095113004957,0,0.276140308350473,0,0.192241385579109,0,0.175535131245852,0,0,0,0.16174260831692,0,0.167570793390041,0,0.192284848541021,0,0,0.28268763422966,0,0,0,0,0,0,0,0,0,0,0.146654592003933,0,0,0,0,0,0,0,0,0,0,0,0.305441518242543,0,0,0,0,0,0,0,0.256291361109114,0,0.232771611402905,0,0.26798830439647,0,0,0,0.224251714077863,0,0,0,0.230787304329696,0,0,0,0,0,0,0,0,0.189784435555339,0,0.315182149410248,0,0,0,0,0,0,0,0,0,0.241765316110104,0,0.28676203976978,0.311915218830109,0
0.198899890851537,0,0.165571797639132,0,0.218416238317684,0,0,0,0.194874756011862,0,0,0,0,0,0.160775275138969,0,0.189787956311348,0.208331812173128,0.238467618823051,0,0,0,0,0,0.229205508317266,0,0.205822467803955,0,0,0,0,0,0,0,0,0,0,0,0,0,0,0,0,0,0,0,0.299709409475327,0,0.193600063814836,0,0.216468847381187,0,0,0,0.218641635674255,0,0.229546378056208,0,0.217763395110766,0,0,0,0,0,0,0,0,0.205007056223935,0,0,0,0,0,0,0,0,0,0,0,0,0,0,0.205930341724996,0.201210180918376,0.210396708412604,0,0
0,0.195641500445513,0,0.202722660211985,0,0.250778076797724,0,0,0,0.194590480625629,0,0,0,0.201853409409523,0,0.184366312216629,0,0.186797143175052,0.267982304096222,0,0,0,0,0.184206753969193,0,0,0,0,0,0,0,0,0,0,0,0,0,0,0,0,0,0.30523821924414,0,0,0,0,0,0,0,0.218944509824117,0,0.237717255872565,0,0,0,0.217082013669996,0,0.232425906828472,0,0.230787304329696,0,0,0,0,0,0,0.2049564286888,0,0.212169398367405,0,0,0,0,0,0,0,0,0,0.215010866522789,0,0.345791310071945,0,0.20643222446625,0,0.210790786547821,0.277811974287033,0
0.327109783887863,0,0.347524851560593,0.284838917851448,0,0.236772987054627,0,0.145493645966053,0,0,0,0.139269304876568,0,0,0,0,0.312943475811105,0.314019520282745,0.316429236988804,0.158863497072179,0,0.284102976322174,0,0,0,0,0,0,0,0,0,0,0,0,0,0.148657479817099,0,0.181306672981009,0,0.299038300897209,0.346556276082993,0.335008377687397,0.282582764114652,0.341248917579651,0.278397619724274,0.25839072333861,0,0.236729640563329,0.235039308667183,0.330060395369163,0,0.337855352497682,0,0,0,0,0.297416925430298,0.269607318019359,0,0,0,0,0,0.315632611513138,0.302117109298706,0,0,0,0.304545670747757,0,0.296798599687049,0,0.298596212563968,0,0.296056389808655,0,0,0,0.261153606074383,0.244711592793465,0.294361449654133,0.288500934839249,0.188700084774932,0,0.315220083450218,0.314067711432775,0
0.454684042930603,0,0.327902004122734,0,0.227166761175768,0,0,0,0,0,0.284598153528817,0,0,0,0,0,0.30623388242337,0.304948002099991,0.30732144558557,0,0.244587778795922,0,0,0,0,0,0,0,0,0,0,0,0,0,0,0,0.215263323028213,0,0.190183979555024,0.397192746400833,0.306819730596756,0.312906622886658,0.286200168905622,0,0.29765058591448,0.321709632873535,0.286875352597466,0.249218819538752,0.218763866815074,0,0.242795140766279,0,0.223109588027,0,0,0,0.295361813907264,0,0,0,0,0,0.315632611513138,0,0,0,0,0,0,0,0,0,0.349638432264328,0.360877429895125,0,0,0,0,0.357772397994995,0.264847560034137,0.335976779460907,0.306744346000791,0.251047835614707,0.397311687469482,0.333055318699933,0,0.30991014122963
0,0,0,0,0,0,0,0,0,0,0,0,0,0,0,0,0,0.161488871276379,0,0,0,0.210693840869141,0,0.174269896745682,0,0.178181425512182,0,0.153418719768524,0,0,0,0,0,0,0,0,0,0.344720351392204,0.161962628364563,0,0,0,0,0,0,0,0,0.512957245111465,0,0.336529462387735,0,0,0,0,0,0,0,0.29915912648042,0,0,0,0,0.302117109298706,0,0,0,0.313769586537181,0,0.277303513835802,0,0.271815530000589,0,0.314747297763824,0,0,0,0,0,0.292804732918739,0,0.324075567847101,0,0.128305308046002,0.139224224306386,0.33442344268163,0,0
0,0,0,0,0,0,0,0,0,0,0,0,0,0,0,0,0.179204307157885,0.223360866308212,0,0,0,0,0.160588822806504,0,0.117284952104092,0,0.150001302361488,0,0,0,0,0,0,0,0,0,0,0,0.222156383593877,0,0,0,0,0,0,0,0,0,0.206083747731728,0,0,0,0,0,0,0,0,0,0,0,0,0,0,0,0,0,0,0.113545462489128,0,0.261185428127646,0,0.228019754801478,0,0,0,0,0,0,0,0,0,0.311075413272739,0.142537133377275,0.12613862224772,0,0,0
0,0.181648617257943,0,0,0,0,0,0,0,0.277674046509406,0,0,0,0,0,0,0,0.15840496999376,0,0,0,0.257994482253524,0,0.173733013378111,0,0.228283901176701,0,0,0,0,0,0,0,0,0,0,0,0.269334981504541,0,0,0,0.312727451324463,0,0,0,0,0,0.32648435138887,0,0.329869414153306,0,0,0,0,0,0.243186901986989,0,0.329666510224342,0,0,0,0.2049564286888,0,0,0.313769586537181,0,0,0,0.282475296523018,0,0.297064153729258,0,0.3132004737854,0,0,0,0,0,0,0,0.26854051857055,0,0.207848686927049,0,0.255009294830655,0,0
0,0,0,0,0,0,0,0,0.280984931870511,0,0,0,0,0,0,0,0.153062911970275,0,0,0,0,0,0.128398165934616,0,0.183034464380795,0,0.130085489712656,0,0,0,0,0,0,0,0,0,0,0,0.277930134271522,0,0,0,0,0,0,0,0,0.504200994968414,0.236813895981158,0,0,0,0,0,0.285577671160815,0,0,0,0,0,0.205007056223935,0,0,0,0,0.113545462489128,0,0,0,0.238122258577254,0,0,0,0,0,0,0,0,0,0,0,0.271470368988272,0.314048334490508,0,0.266910060108462,0,0
0,0.297866026560466,0,0,0,0,0,0,0,0.203910648822784,0,0,0,0,0,0,0,0.155376803989594,0,0,0,0.303143697977066,0,0.184883263630745,0,0.181664598413876,0,0.167129027657211,0,0,0,0,0,0,0,0,0,0.299091637134552,0,0,0,0,0,0,0,0,0,0,0,0.299916530952199,0,0,0,0,0,0.200011602469853,0,0.338220357894897,0,0,0,0.212169398367405,0.304545670747757,0,0.277303513835802,0,0.282475296523018,0,0,0,0.307484251625543,0,0,0,0,0,0,0,0,0,0,0,0.15833768248558,0,0.242873296141624,0,0
0,0,0,0,0,0,0,0,0.181612777439031,0,0,0,0,0,0.213072005659342,0,0.18105879300519,0.184578508138657,0,0,0,0,0.131723996413791,0,0.200641353097227,0,0.169379045380585,0,0.230608111795257,0,0,0,0,0,0,0,0,0,0,0,0,0,0,0,0,0,0,0,0.230785209557106,0,0,0,0,0,0.195068855285645,0,0,0,0,0,0,0,0,0,0,0.261185428127646,0,0.238122258577254,0,0,0,0.249015366376349,0,0,0,0,0,0,0,0,0,0,0,0,0.239489078521729,0,0
0,0,0,0.314032591879368,0,0,0,0,0,0,0,0.122115817666054,0,0,0,0,0,0,0.339054220914841,0,0,0.290222234431972,0,0.288983285427094,0,0.298987746238708,0,0.166135306271681,0,0.132702172479846,0,0,0,0,0,0.274673491716385,0,0.287664053922004,0,0.28796490530173,0,0.339448720961809,0.278252571821213,0,0,0.325708117485046,0.29412505030632,0,0.301755130290985,0.30972747252268,0,0,0,0,0,0,0,0.334869999731525,0,0.189784435555339,0,0,0.296798599687049,0,0.271815530000589,0,0.297064153729258,0,0.307484251625543,0,0,0,0.290507818477741,0,0,0,0,0,0.278782434463501,0,0.273901894929725,0,0.161127732579525,0,0.336056553393225,0.34834174066782,0
0,0,0,0,0,0,0,0,0,0,0,0,0,0,0,0,0,0,0,0,0,0,0.138663870096207,0,0,0,0,0,0.204582389747559,0,0.213442603832689,0,0,0,0,0,0,0,0.244188860058784,0,0,0,0.276268318295479,0,0,0,0,0,0.170456573367119,0,0,0,0,0,0,0,0.311838053166866,0,0.196378394961357,0,0,0,0,0,0,0.228019754801478,0,0,0,0.249015366376349,0,0,0,0.251320907264191,0,0,0,0,0,0,0,0.275312704813901,0.14343207081159,0,0.332910098135471,0,0.315702676773071
0,0.408902585506439,0,0.328858771589067,0,0.319669216871262,0,0,0,0,0,0.225859620001005,0,0,0,0,0.290612354874611,0.301226295530796,0.41793230911354,0,0,0.318174015391957,0,0,0,0,0,0.159950496709865,0,0.210611045000317,0,0,0,0,0,0.272447204795377,0,0.219073916474978,0,0.306638064159863,0,0.37787548194711,0.288438245654106,0.463864220040185,0,0.341908274847656,0.313070744276047,0.283361514409383,0.26646263897419,0.369324242670789,0,0.239539846777916,0,0,0,0.329966485500336,0.338617563247681,0.286112684263112,0,0.315182149410248,0,0,0.298596212563968,0.349638432264328,0.314747297763824,0,0.3132004737854,0,0,0,0.290507818477741,0,0,0,0,0,0,0,0.296597901675569,0.314372831583023,0.286845307322436,0,0.236821772796767,0.436852693557739,0.350252737601598,0.402396602373497,0
0.404121324419975,0,0.310520924627781,0,0.242314957082272,0,0,0,0.260995507240295,0,0.359165811538696,0,0,0,0,0,0.313724862204658,0.365307666361332,0.343637995019152,0,0.355576378378001,0,0,0,0,0,0,0,0.230819547617877,0,0.229313375352688,0,0,0,0,0,0.300808442490441,0,0.224115287264188,0.319231510162354,0.254400381987745,0.278114095330238,0.291766720575205,0,0.318274676799774,0,0.333705145938724,0.263920133933425,0.271850551068783,0.321916431188583,0,0,0,0,0,0,0.37046315324194,0,0,0,0,0,0,0.360877429895125,0,0,0,0,0,0,0,0.251320907264191,0,0,0,0,0,0,0.325016647577286,0.284217420039755,0.367951780557632,0.267872307028166,0.33969219794514,0.365864247083664,0.351296523824217,0,0.344298351422334
0,0,0,0,0,0,0,0,0,0,0,0,0,0,0,0,0,0,0,0,0,0,0,0,0,0,0,0,0,0,0,0.260413915452791,0.397479313200918,0.367790634433428,0.415352940559387,0.169482743354152,0,0,0,0,0,0,0,0,0,0,0,0.401318291175007,0.419269228974978,0.389989018440247,0,0,0,0,0,0,0,0,0,0,0,0,0.296056389808655,0,0,0,0,0,0,0,0,0,0,0,0,0.345947977261884,0.286472673511364,0.406453251838684,0.254718320379334,0,0,0,0.216646272436065,0,0.383726507425308,0,0
