0,0,51.4778239130974,0,0,0,0,0,344.905143469572,0,0,0,0,0,0,0,38.1125720143318,11.3852001875639,119.569458186626,0,0,0,0,0,0,0,0,0,0,0,0,0,0,0,0,0,0,0,0.256648600101471,0.245195895433426,68.2310397922993,0.145151942968369,252.49675552547,0,0,0,8.83123922348022,0,150.042825087905,0,0,0,0,0,124.674818307161,0,0,0,0,0,0,0,0,0,0,0,0,1.21703714132309,0,0,0,0,0,0,0,0,0,0,0,51.1785546541214,0,0,274.898198083043,0.142349392175674,554.501204967499,0,3.58563113212585
0,0,0,74.4833769351244,0,0,0,0,0,330.304707676172,0,0,0,0,0,0,0.407337844371796,0.264725655317307,12.0940141826868,0,0,0,0,0.881504863500595,0,0,0,0,0,0,0,0,0,0,0,0,0,0,0,4.20438539981842,1.36725234985352,95.4673949629068,0,0,0,8.90470694005489,0,0,0,325.641036137938,0,0,0,0,0,60.161600202322,0,36.4864921718836,0,39.4699838608503,0,24.4866400957108,4.86476635932922,0,0,0,0,0,0,0,0.245442077517509,0,19.906102463603,0,0,0,0,0,95.2499578297138,0,34.9906530976295,0,265.800327554345,0,750.262020118535,4.67720592021942,0
51.4778239130974,0,0,0,456.523714929819,0,0,0,176.925999119878,0,0,0,0,0,0,0,0.139059349894524,0,6.01354588568211,0,2.44274044036865,0,0,0,0,0,0,0,0,0,0,0,0,0,0,0,13.4418715387583,0,0.435124292969704,0,64.3840031549335,4.19296385347843,331.569782108068,0,0,0,20.7014950960875,0.223763406276703,176.731070101261,68.4027426689863,29.3142369389534,0,0,0,627.8510171175,0,5.1077424287796,0,28.2359263896942,0,0.443068474531174,0,0,13.4637348651886,0,0,0,0,0,0,0,0,0,1.00981450080872,0,0,0,0,0,77.4989350140095,0,7.51938679814339,247.472484141588,16.2262213081121,1223.75519354641,0.139551892876625,1.5274632871151
0,74.4833769351244,0,0,0,11.6312563419342,0,0,0,72.3837251216173,0,0,0,0,0,0,0,0,0,0.983899638056755,0,0,0,0,0,0,0,0,0,0,0,0,0,0,0,6.42756849527359,0,4.38831979036331,0,1.32647888362408,0,43.2813729345798,0.200118586421013,0,0,2.71661834418774,0,1.46044313907623,0,178.577835321426,0,18.1856586039066,0,0,0,177.056836560369,0,80.1644656062126,0,28.0586335062981,0,142.149114862084,6.49094018340111,0,0,0,0,0,0,0,2.21262823045254,0,49.9231893420219,0,0,0,0,0,22.3316024243832,0,14.744418874383,0,85.5577484592795,0.208146817982197,280.600903131068,3.92648510634899,0
0,0,456.523714929819,0,0,0,0,0,4.12664496898651,0,0,0,0,0,0,0,0,0,0.218179300427437,0,14.0215998589993,0,0,0,0,0,0,0,0,0,0,0,0,0,0,0,113.070058450103,0,0,0,7.64248664677143,1.59451019763947,60.9335541725159,0,0,0,5.62240001559258,0,0.410207718610764,3.69152021408081,23.2884201109409,0,0,0,11.2765516042709,0,0,0,0,0,0,0,0,43.0072231888771,0,0,0,0,0,0,0,0,0,0.65160197019577,0,0,0,0,0,33.7169927060604,0,0.805297434329987,65.6097189337015,0.350703820586205,749.894479960203,0,0
0,0,0,11.6312563419342,0,0,0,0,0,166.073187828064,0,0,0,0,0,0,0,0,0.912822842597961,39.4456003010273,0,0,0,0,0,0,0,0,0,0,0,0,0,0,0,42.3383307158947,0,0,0,0.482328712940216,0,16.8292815685272,0,0,0,0.234356939792633,0,0,0,5.7232252061367,0,753.130195975304,0,200.865658998489,0,5.3224048614502,0,386.649415105581,0,0,0,0,8.93789422512054,0,0,0,0,0,0,0,0,0,0.962026447057724,0,0,0,0,0,0,0,1.84371244907379,0,23.3439045101404,0,190.75666873157,0,0
0,0,0,0,0,0,0,0,0,0,0,0,0,0,0,0,0,0,0,0,0,0,0,0,0,0,0,0,0,0,0,0,0,0,0,0,0,0,0,0,0,0,0,0,0,0,0,0,0,0,114.535195350647,0,295.284611463547,0,0,0,0,0,0,0,0,0,0,0,0,0,0,0,0,0,0,0,0,0,0,0,0,0,0,0,0,0,0,0,0,0,0
0,0,0,0,0,0,0,0,0,0,0,0,0,0,0,0,0,0,0,0,0,0,0,0,0,0,0,0,0,0,0,0,0,0,0,0,0,0,0,0,0,0,0,0,0,0,0,0,0,0,0,0,0,153.59755051136,0,0,0,25.806959271431,0,0,0,0,0,0,0,0,0,0,0,0,0,0,0,0,0,0,0,0,0,0,0,0,0,0,0,0,0
344.905143469572,0,176.925999119878,0,4.12664496898651,0,0,0,0,0,0,0,0,0,5,0,84.8910040855408,21.0627491921186,9.98398868739605,0,0,0,0,0,38.7929112762213,0,0,0,0,0,0,0,0,0,0.351588875055313,0,0.350202828645706,0,8.5464853644371,0,7.52653820812702,0.227510407567024,217.040828093886,0,0,0,6.3286098241806,0,48.829766318202,1.84246349334717,0.271259844303131,0,0,0,369.195880532265,0,0,0,0,0,13.4384806156158,0,0,0.550419688224792,0,0,0,77.3877585977316,0,0,0,0,0,0,0,0,0,0,0,1.39478886127472,0,2.24874176084995,1077.14332789928,34.7774259001017,633.895180717111,0,0.120919801294804
0,330.304707676172,0,72.3837251216173,0,166.073187828064,0,0,0,0,0,0,0,0,0,143.945960402489,60.9511891752481,133.110354632139,76.8987109661102,0,0,0,0,185.681727677584,0,0,0,0,0,0,0,0,0,0,0,0,0,23.5765337944031,0,0.845732375979424,0.176998049020767,276.029204621911,0.168166443705559,0,0,4.65458406507969,0,0,0,265.688781321049,0,0,0,0,0,2020.01781381667,0,172.630264922976,0,1.45281328260899,0,344.685593917966,2.53221726417542,0,0,0,120.003156334162,0,0,0,9.62213411927223,0,100.884983614087,0,0,0,0,0,22.6746139079332,0,120.037842288613,0,867.850210525095,0.883498959243298,368.940103143454,23.7135515064001,0
0,0,0,0,0,0,0,0,0,0,0,0,0,0,0,0,0,0,0,0,1329.60485368967,0,0,0,0,0,0,0,0,0,18.8990730047226,0,0,0,0,0,374.855540543795,0,670.505770683289,0,0,0,0,0,0,0,0,0,0,0,0,0,0,0,0,0,452.110192894936,0,90.756026506424,0,0,0,0,0.67319855093956,0,0,0,0,0,0,0,0,0,191.99303650856,0,0,0,0,0,0,0,0,38.4669945240021,0,18.5009810626507,0,0
0,0,0,0,0,0,0,0,0,0,0,0,0,2,0,0,0,0,0,80.8944189548492,0,0,0,0,0,0,0,0,0,16.8299884796143,0,0,0,0,0,179.088177412748,0,598.010936260223,0,0,0,0,0,0,0,0,0,0,0,0,0,0,0,0,0,0,0,967.061941981316,0,155.231939792633,0,0,0,0,0,0,0,0,0,0,0,0,2,0,0,0,0,0,0,0,0,0,239.853393018246,0,0,0,0
0,0,0,0,0,0,0,0,0,0,0,0,0,0,0,0,0,0,0,0,0,0,0,0,0,0,0,0,0,0,0,0,0,0,0,0,0,0,0,0,0,0,0,0,0,0,0,0,0,0,0,0,0,0,0,0,1,0,291.788657307625,0,0,0,0,0,0,0,0,0,0,0,0,0,0,0,0,0,0,0,0,0,0,0,0,0,0,0,0
0,0,0,0,0,0,0,0,0,0,0,2,0,0,0,0,0,0,0,0,0,0,0,0,0,0,0,3,0,0,0,0,0,0,0,0,0,0,0,0,0,0,0,0,0,0,0,0,0,0,0,0,0,0,0,0,0,0,0,143.795333176851,0,0,0,0,0,0,0,0,0,0,0,0,0,0,0,0,0,0,0,0,0,0,148.978904366493,275.168870806694,0,0,0
0,0,0,0,0,0,0,0,5,0,0,0,0,0,0,0,6.35659116506577,0,0,0,0,0,0,0,0,0,16.7547261118889,0,0,0,0,0,0,0,0,0,0,0,0,0,0,0,0,0,0,0,0,0,0,0,0,0,0,0,0,0,0,0,0,0,101.744847536087,0,0,0,0,0,0,0,0,1.44515007734299,0,0,0,0,0,0,0,0,0,0,0,0,429.347408056259,0,0,0,0
0,0,0,0,0,0,0,0,0,143.945960402489,0,0,0,0,0,0,0,9.48698824644089,0,0,0,0,0,0.320271879434586,0,0,0,0,0,0,0,0,0,0,0,0,0,0,0,0,0,0,0,0,0,0,0,0,0,0,0,0,0,0,0,78.0893757641315,0,0,0,0,0,26.3349737375975,0,0,0,0,0.268791496753693,0,0,0,0,0,0,0,0,0,0,0,0,0,0,0,15.5423423647881,1,0,0,0
38.1125720143318,0.407337844371796,0.139059349894524,0,0,0,0,0,84.8910040855408,60.9511891752481,0,0,0,0,6.35659116506577,0,0,28630.5258078873,5741.84876869619,0,0,0.136658504605293,1,0,0,86.8257830739021,0,0,0,0,0,0,0,0,0,0,0,0,0,22.6459678187966,180.28158788383,95.5340363904834,156.606398463249,17.6665555387735,0,32.5666775777936,23.5582385212183,0,0,0,0,0,0,0,0,0.382844984531403,0,0,0,0,0,0,32.7465954124928,6.84431108832359,0,0,0,0,0,0,0,0,15.8984503298998,0,0,0,0,0,236.306417055428,49.7341320067644,112.987130396068,4.25421805679798,14012.052750729,4.44450855255127,274.164075091481,38.813993088901,8.24080885946751
11.3852001875639,0.264725655317307,0,0,0,0,0,0,21.0627491921186,133.110354632139,0,0,0,0,0,9.48698824644089,28630.5258078873,0,4361.41429765522,0,0,14.2755652666092,0,12.1643142700195,0,537.037686362863,0,0,0,0,0,0,0,0,0,0,0,0,0,40.4420441314578,333.884346425533,203.283240616322,180.428919732571,27.4218005686998,0,76.5479982048273,30.6417520344257,0,0,1.40533006191254,0,0,0,0,0,0.524912565946579,0,4.37637194991112,0,0,0,0.229875043034554,81.3135541081429,12.6818269491196,0,0,0,0,1,0,0.281713724136353,0,37.1801799833775,0,0,0,0,0,308.964547067881,104.744160741568,244.377830184996,2.65641510486603,7276.16141920537,1.37777432799339,336.592363283038,81.0179056078196,12.6390758752823
119.569458186626,12.0940141826868,6.01354588568211,0,0.218179300427437,0.912822842597961,0,0,9.98398868739605,76.8987109661102,0,0,0,0,0,0,5741.84876869619,4361.41429765522,0,0,0,0,0,0,0,14.2866991460323,0,0,0,0,0,0,0,0,0,0,0,1.93326196074486,0,158.437086626887,3123.06112513691,1066.61246357858,2527.77031555027,100.184195190668,12.681566298008,393.085452407598,267.975801676512,0,2.49889665842056,4.72373570501804,0,0,0,0,0,1.25372472405434,0,15.3722188174725,0,0,0,0.19637630879879,296.568652041256,136.273277908564,0,0,0,0,0,0,0.786072909832001,0,214.699591003358,7.83964771032333,0,0,0,0,1863.2615217641,1100.37710206211,1222.58170434833,124.238693773746,5404.56698828936,1.49741448462009,3981.68787553161,318.928498357534,107.997603110969
0,0,0,0.983899638056755,0,39.4456003010273,0,0,0,0,0,80.8944189548492,0,0,0,0,0,0,0,0,0,0,0,0,0,0,0,0,0,0,0,0,0,0,0,786.147543370724,0,719.483026206493,0,0,0,4.24554607272148,0,0,0,0,0,0,0,0,0,144.036264121532,0,0,0,0.917772889137268,0,64.2937434315681,0,12.3341524749994,0,0,767.35961855948,0,0,0,0,0,0,0,0,0,20.5038236677647,0,0,0,0,0,5.20093017816544,0,132.704261809587,0,115.639125853777,0,100.689032688737,0,0
0,0,2.44274044036865,0,14.0215998589993,0,0,0,0,0,1329.60485368967,0,0,0,0,0,0,0,0,0,0,0,0,0,0,0,0,0,0,0,0,0,0,0,0,0,906.487777680159,0,297.779283344746,0,0,0,0,0,0,0,1.61631834506989,0,0,0,0,0,0,0,0,0,39.4377048015594,0,0,0,0,0,0,1125.99588857591,0,0,0,0,0,0,0,0,0,0,0,0,0,0,0,17.1132802665234,0,0,280.094442725182,0,224.542693555355,0,0
0,0,0,0,0,0,0,0,0,0,0,0,0,0,0,0,0.136658504605293,14.2755652666092,0,0,0,0,731.596599817276,132.863750338554,0,8.22397255897522,0,1,0,0,0,0,0,0,0,0,0,1787.18130296469,1,0,0,0,0,0,0,0,0,0,0,0,0,0,0,0,0,0,0,0,0,0,0,0,0,0,3886.25158140063,0,86.9566075801849,0,49.0763897895813,0,2.35319721698761,0,0,0,0,0,0,0,0,0,445.055255144835,0,653.333995819092,4,0,0,0
0,0,0,0,0,0,0,0,0,0,0,0,0,0,0,0,1,0,0,0,0,731.596599817276,0,0,47.1682752370834,0,0,0,118.546242713928,0,0,0,0,0,0,0,0,0,434.558057889342,0,0,0,0,0,0,0,0,0,15.5869058668613,0,0,0,0,0,0,0,0,0,0,0,0,0,0,0,0,4411.98958429694,0,16.3288922309875,0,66.6688363850117,0,7.93820309638977,0,0,0,0,0,0,0,0,0,794.227712869644,184.608533322811,91.3426496982574,0,0,0
0,0.881504863500595,0,0,0,0,0,0,0,185.681727677584,0,0,0,0,0,0.320271879434586,0,12.1643142700195,0,0,0,132.863750338554,0,0,0,0,0,0,0,0,0,0,0,0,0,0,0,714.452267438173,0,0,0,8.20087364315987,0,0,0,0,0,0,0,2.26731166243553,0,0,0,0,0,166.993691340089,0,0.508673131465912,0,0.439749851822853,0,18.3836234807968,0,0,230.799325942993,0,771.184345453978,0,0,0,0,0,0,0,0,0,0,0,0,0,148.899575725198,0,111.194375321269,0,3.01706871390343,1.13851344585419,0
0,0,0,0,0,0,0,0,38.7929112762213,0,0,0,0,0,0,0,0,0,0,0,0,0,47.1682752370834,0,0,0,0,0,0,0,0,0,0,0,0,0,0,0,412.266702190042,0,0,0,0,0,0,0,0,0,0,0,0,0,0,0,321.698820486665,0,0,0,0,0,7.52770863473415,0,0,0,0,28.0761728286743,0,402.085046827793,0,0,0,0,0,0,0,0,0,0,0,0,0,143.875945672393,516.108974695206,0,0.192891031503677,0,0
0,0,0,0,0,0,0,0,0,0,0,0,0,0,0,0,86.8257830739021,537.037686362863,14.2866991460323,0,0,8.22397255897522,0,0,0,0,0,0,0,0,0,0,0,0,0,0,0,0,0,0,0,0,0,0,0,0,0,0,0,0,0,0,0,0,0,0,0,0,0,0,0,0,0,0,0,0,0,0,117.88688147068,0,0,0,0.137410193681717,0,0,0,0,0,0,0,1.3726658821106,0,14.2665324360132,0,1.70975959300995,0,0
0,0,0,0,0,0,0,0,0,0,0,0,0,0,16.7547261118889,0,0,0,0,0,0,0,0,0,0,0,0,0,0,0,0,0,0,0,0,0,0,0,0,0,0,0,0,0,0,0,0,0,0,0,0,0,0,0,0,0,0,0,0,0,0,0,0,0,0,3.21369650959969,0,0,0,0,0,0,0,0,0,0,0,0,0,0,0,0,41.21798568964,0,0,0,0
0,0,0,0,0,0,0,0,0,0,0,0,0,3,0,0,0,0,0,0,0,1,0,0,0,0,0,0,0,193.895884990692,0,0,0,0,0,0,0,275.252071470022,0,0,0,0,0,0,0,0,0,0,0,0,0,0,0,0,0,0,0,0,0,0,0,0,0,0,3,0,0,0,0,0,300.964031547308,0,0,0,0,0,0,0,0,0,0,0,67.2845721244812,0,0,0,0
0,0,0,0,0,0,0,0,0,0,0,0,0,0,0,0,0,0,0,0,0,0,118.546242713928,0,0,0,0,0,0,0,7.32059621810913,0,0,0,0,0,0,0,0,0,0,0,0,0,0,0,0,0,0,0,0,0,0,0,0,0,0,0,1,0,0,0,0,0,0,13.181360244751,0,0,0,0,0,64.5923261642456,0,0,0,0,0,0,0,0,0,2.36875998973846,0,0,0,0,0
0,0,0,0,0,0,0,0,0,0,0,16.8299884796143,0,0,0,0,0,0,0,0,0,0,0,0,0,0,0,193.895884990692,0,0,0,0,0,0,0,0,0,246.271011292934,0,0,0,0,0,0,0,0,0,0,0,0,0,0,0,0,0,0,0,0,0,0,0,0,0,0,0,0,0,0,0,0,34.0071392059326,0,7,0,0,0,0,0,0,0,0,0,164.352251410484,0,0,0,0
0,0,0,0,0,0,0,0,0,0,18.8990730047226,0,0,0,0,0,0,0,0,0,0,0,0,0,0,0,0,0,7.32059621810913,0,0,0,0,0,0,0,0,0,99.348081111908,0,0,0,0,0,0,0,0,0,0,0,0,0,0,0,0,0,0,0,0,0,0,0,0,0,0,0,0,0,0,0,0,95.127049446106,0,445.190942287445,0,0,0,0,0,0,0,0,0,0,0,0,0
0,0,0,0,0,0,0,0,0,0,0,0,0,0,0,0,0,0,0,0,0,0,0,0,0,0,0,0,0,0,0,0,301.537586808205,18.3063202053308,0,30.5720617324114,185.661288201809,0,0,0,0,0,0,0,0,0,0,726.728377580643,0,0,0,0,0,0,0,0,0,0,0,0,0,0,0,0,0,0,0,0,0,0,0,0,0,0,419.487900674343,0,2.28732961416245,0,40.4630963504314,0,0,0,25.5891699790955,0,0,0,0
0,0,0,0,0,0,0,0,0,0,0,0,0,0,0,0,0,0,0,0,0,0,0,0,0,0,0,0,0,0,0,301.537586808205,0,0,0,3.79747939109802,356.887936681509,0,0,0,0,0,0,0,0,0,0,901.482221975923,1.47804856300354,125.569789886475,0,0,0,0,0,0,0,0,0,0,0,0,0,0,0,0,0,0,0,0,0,0,0,0,157.166513383389,58.2215858846903,0,8.29620456695557,0,1.2758047580719,0,0,29.0778066217899,0,0,0,0
0,0,0,0,0,0,0,0,0,0,0,0,0,0,0,0,0,0,0,0,0,0,0,0,0,0,0,0,0,0,0,18.3063202053308,0,0,1367.37721243501,102.97138337791,0,13.9985867738724,48.5209238529205,0,0,0.296125501394272,0,0,0,0,0,3344.87584739923,0.251733481884003,0,0,0,0,0,0,0,0,0,0,0,0,0,0,0,0,0,0,0,0,0,0,0,0,0,72.3697429597378,0,2185.39198596776,80.3090839385986,0.483905524015427,0,1,0,484.217535465956,373.901589184999,0,0,0
0,0,0,0,0,0,0,0,0.351588875055313,0,0,0,0,0,0,0,0,0,0,0,0,0,0,0,0,0,0,0,0,0,0,0,0,1367.37721243501,0,0,186.723900794983,0,150.705124378204,0,0,4.82145950198174,1.78499159216881,0,0,0,0,5917.34053304791,4.76488000154495,137.911415040493,0,0,0,0,0,0,0,0,0,0,0,0,0,0,0,0,0,0,0,0,0,0,0,0,0,8.44925175607204,1013.194411695,1058.14495691657,0,5.03295254707336,0,264.288168430328,580.355386942625,1052.33696419001,38.1404103338718,0,0
0,0,0,6.42756849527359,0,42.3383307158947,0,0,0,0,0,179.088177412748,0,0,0,0,0,0,0,786.147543370724,0,0,0,0,0,0,0,0,0,0,0,30.5720617324114,3.79747939109802,102.97138337791,0,0,1325.72545343637,687.090994462371,0,239.928405761719,0,5.26587733626366,0,0,0,6.17462611198425,0,8.38338543474674,0,85.6848575174809,0,120.043196767569,0,124.737149000168,0,5.24975071847439,0,230.453967437148,0,56.6177894175053,0,0.592182904481888,260.233645230532,0,0,0,0,0,0,0,0,0,0,0,391.401217654347,0,0,0,6020.6805190891,29.7934308052063,585.218365028501,0,951.489714741707,92.7802801132202,217.712435364723,0,0
0,0,13.4418715387583,0,113.070058450103,0,0,0,0.350202828645706,0,374.855540543795,0,0,0,0,0,0,0,0,0,906.487777680159,0,0,0,0,0,0,0,0,0,0,185.661288201809,356.887936681509,0,186.723900794983,1325.72545343637,0,0,1152.6245124191,0,0,0,0.621626794338226,0,0,0,72.0873347371817,162.233290672302,0,6.40292167663574,18.9880823940039,0,0,0,0.615454837679863,0,391.060094177723,0,4.21895459294319,0,0,0,0,1374.75808924437,0,0,0,0,0,0,0,0,0,0,13.8240774273872,282.640337079763,0,0,832.041227757931,4433.02670322359,0,1052.91199141741,764.437853202224,0,338.417129650712,0,0
0,0,0,4.38831979036331,0,0,0,0,0,23.5765337944031,0,598.010936260223,0,0,0,0,0,0,1.93326196074486,719.483026206493,0,1787.18130296469,0,714.452267438173,0,0,0,275.252071470022,0,246.271011292934,0,0,0,13.9985867738724,0,687.090994462371,0,0,500.693733096123,0,0,158.578042551875,0,0,0,0.956620335578918,0,3107.31297104061,0,62.2642205357552,0,0,0,0,0,195.526828736067,0,185.78588399291,0,0.452277109026909,0,0,634.276958242059,0,119.975928619504,0,744.682216212153,0,0,0,354.765339702368,0,213.015600547194,0,0,0,6.96066921949387,0,27.7109643667936,0,9235.56108815968,129.61222410202,545.895354419947,693.212718456984,157.811809673905,2.8698947429657,0
0.256648600101471,0,0.435124292969704,0,0,0,0,0,8.5464853644371,0,670.505770683289,0,0,0,0,0,0,0,0,0,297.779283344746,1,434.558057889342,0,412.266702190042,0,0,0,0,0,99.348081111908,0,0,48.5209238529205,150.705124378204,0,1152.6245124191,500.693733096123,0,0,0,0,14.4525387138128,0,0,0,0.387236326932907,1021.79887317121,73.0833412706852,0.302857160568237,0,0,0,0,90.1930714845657,0,610.587221026421,0,0,0,0,0,0,46.4892676174641,0,177.117093801498,0,1853.456512779,0,0,0,6.46142947673798,0,182.726524829865,0,0,0,6.27681145071983,0,141.604634091258,3.06603717803955,7597.60930638015,253.461984664202,906.625941038132,55.0582806318998,0,0
0.245195895433426,4.20438539981842,0,1.32647888362408,0,0.482328712940216,0,0,0,0.845732375979424,0,0,0,0,0,0,22.6459678187966,40.4420441314578,158.437086626887,0,0,0,0,0,0,0,0,0,0,0,0,0,0,0,0,239.928405761719,0,0,0,0,2.04023331403732,979.34028493613,3.18876545131207,13.8451256006956,0,135.746765062213,0.459355890750885,0,0,242.888198196888,0,0,0,0,0,6.85046650469303,0,4.24419323354959,0,0.213592350482941,0,0.50517275929451,28.7980075180531,0.165485292673111,0,0,0,0,0,0,0,0,28.5770672410727,0,0,0,0,0,2100.28269681334,0.415407836437225,94.1104371547699,0,150.715909302235,1.10751429200172,599.653907470405,86.6718462258577,0
68.2310397922993,1.36725234985352,64.3840031549335,0,7.64248664677143,0,0,0,7.52653820812702,0.176998049020767,0,0,0,0,0,0,180.28158788383,333.884346425533,3123.06112513691,0,0,0,0,0,0,0,0,0,0,0,0,0,0,0,0,0,0,0,0,2.04023331403732,0,27.672722838819,5734.47035267949,1.46836121380329,47.9667694717646,10.0951641574502,359.174328967929,0,170.769478678703,2.84821909666061,0,0,0,0,0,1.0423436164856,0,0,0,0,0,0,7.43942715227604,176.492926716805,0,0,0,0,0,0,0,0,1.74738727509975,1.07125987112522,0,0,0,0,33.449313916266,248.37056402117,15.3566896021366,37.1568281948566,1394.63815714419,41.9658366143703,1599.57929506153,6.01613347232342,81.6790179014206
0.145151942968369,95.4673949629068,4.19296385347843,43.2813729345798,1.59451019763947,16.8292815685272,0,0,0.227510407567024,276.029204621911,0,0,0,0,0,0,95.5340363904834,203.283240616322,1066.61246357858,4.24554607272148,0,0,0,8.20087364315987,0,0,0,0,0,0,0,0,0,0.296125501394272,4.82145950198174,5.26587733626366,0,158.578042551875,0,979.34028493613,27.672722838819,0,589.852419540286,258.755259931087,0.257544487714767,1395.66608659923,4.61487558484077,77.6807166039944,18.6580087989569,601.332451313734,0,11.5564891397953,0,0,0,127.74658755213,0,746.883822612464,0,99.1817038357258,0,32.90604634583,1113.60611750931,1.08963565528393,0,0,0,0,0,0,25.1443222016096,0,1196.19323093444,0,0,0,0,0,3423.14748340845,5.42756028473377,1369.37273871899,1.53583773970604,2674.03760427237,30.0146455913782,4536.78287730366,790.67350461334,0
252.49675552547,0,331.569782108068,0.200118586421013,60.9335541725159,0,0,0,217.040828093886,0.168166443705559,0,0,0,0,0,0,156.606398463249,180.428919732571,2527.77031555027,0,0,0,0,0,0,0,0,0,0,0,0,0,0,0,1.78499159216881,0,0.621626794338226,0,14.4525387138128,3.18876545131207,5734.47035267949,589.852419540286,0,4.11570523679256,19.9986438304186,5.89112523198128,399.297552570701,136.238437488675,437.709512636065,13.0466141402721,0.189631626009941,0,0,0,13.5886038988829,0,0,0.354151926934719,0,0,0,0,10.3008374124765,276.766719684005,0,0,0,0,0,0,0,0,5.07429593801498,40.1659309566021,0,0,0,0,27.4261302798986,809.576886303723,12.3906225189567,53.8940984010696,3909.29605412483,229.828238978982,8242.36932174116,7.25172670185566,604.008648507297
0,0,0,0,0,0,0,0,0,0,0,0,0,0,0,0,17.6665555387735,27.4218005686998,100.184195190668,0,0,0,0,0,0,0,0,0,0,0,0,0,0,0,0,0,0,0,0,13.8451256006956,1.46836121380329,258.755259931087,4.11570523679256,0,0.801138162612915,39.9678153395653,0,0.234700530767441,0,0.551700800657272,0,0,0,0,0,0,0,1.1128213852644,0,0,0,0.200437307357788,22.1700337231159,0,0,0,0,0,0,0,0,0,13.1196235567331,0,0,0,0,0,220.745891734958,0,81.204154714942,0,46.9958965331316,0.0855176001787186,154.726610317826,13.0584736466408,0
0,0,0,0,0,0,0,0,0,0,0,0,0,0,0,0,0,0,12.681566298008,0,0,0,0,0,0,0,0,0,0,0,0,0,0,0,0,0,0,0,0,0,47.9667694717646,0.257544487714767,19.9986438304186,0.801138162612915,0,0,0.463423058390617,0,0,0,0,0,0,0,0,0,0,0,0,0,0,0,0,0,0,0,0,0,0,0,0,0,0.264743655920029,0,0,0,0,0,0,31.7534747421741,0,2.65619885921478,18.250862300396,0.185931995511055,49.5747658759356,0,7.89694571495056
0,8.90470694005489,0,2.71661834418774,0,0.234356939792633,0,0,0,4.65458406507969,0,0,0,0,0,0,32.5666775777936,76.5479982048273,393.085452407598,0,0,0,0,0,0,0,0,0,0,0,0,0,0,0,0,6.17462611198425,0,0.956620335578918,0,135.746765062213,10.0951641574502,1395.66608659923,5.89112523198128,39.9678153395653,0,0,1.63014040887356,0,0,20.6083811819553,0,0.197278946638107,0,0,0,12.9490263164043,0,12.626240350306,0,1.71616615355015,0,2.40105538070202,114.31001085788,0,0,0,0,0,0,0,0.772899925708771,0,47.2254507243633,0,0,0,0,0,445.843715459108,2.36900968849659,175.214030832052,0,406.812534153461,3.37018170207739,394.34867566824,36.8168957680464,0
8.83123922348022,0,20.7014950960875,0,5.62240001559258,0,0,0,6.3286098241806,0,0,0,0,0,0,0,23.5582385212183,30.6417520344257,267.975801676512,0,1.61631834506989,0,0,0,0,0,0,0,0,0,0,0,0,0,0,0,72.0873347371817,0,0.387236326932907,0.459355890750885,359.174328967929,4.61487558484077,399.297552570701,0,0.463423058390617,1.63014040887356,0,0.453159049153328,9.6619373857975,23.8969416618347,0,0,0,0,0,0,0,0,0,0,0,0,1.10253071784973,2401.59995079786,0,0,0,0,0,0,0,0,0,0.540007829666138,0,0,0,0,3.34727041423321,784.092915728688,0.985832959413528,140.585180133581,351.732635766268,6.72366394102573,1231.52989711612,0,0.669396236538887
0,0,0.223763406276703,1.46044313907623,0,0,0,0,0,0,0,0,0,0,0,0,0,0,0,0,0,0,0,0,0,0,0,0,0,0,0,726.728377580643,901.482221975923,3344.87584739923,5917.34053304791,8.38338543474674,162.233290672302,3107.31297104061,1021.79887317121,0,0,77.6807166039944,136.238437488675,0.234700530767441,0,0,0.453159049153328,0,753.419295474887,4829.89461760223,0,0,0,0,0,1.33782687783241,0,0,0,0.256669640541077,0,0,0.759835183620453,0,0,0,0,0,0,0,0,0,0.286135107278824,0,1636.49892728031,2461.21894843876,1088.17323586345,259.043154075742,384.670844689012,1266.09771648049,0.223591059446335,0,1517.40294641256,1368.23987591267,2277.84935422242,0,0
150.042825087905,0,176.731070101261,0,0.410207718610764,0,0,0,48.829766318202,0,0,0,0,0,0,0,0,0,2.49889665842056,0,0,0,15.5869058668613,0,0,0,0,0,0,0,0,0,1.47804856300354,0.251733481884003,4.76488000154495,0,0,0,73.0833412706852,0,170.769478678703,18.6580087989569,437.709512636065,0,0,0,9.6619373857975,753.419295474887,0,412.598121777177,0,0,0,0,35.1931617856026,0,0,0,0,0,0,0,0,0.497658744454384,0,0,0,9.21284535527229,0,0,0,0,0,1.37022605538368,3.53387808799744,14.657219350338,2.02198734879494,0,0,495.514504343271,0,130.825057476759,966.861783616245,1.43720832467079,869.617768608034,0.232696622610092,0.248941838741302
0,325.641036137938,68.4027426689863,178.577835321426,3.69152021408081,5.7232252061367,0,0,1.84246349334717,265.688781321049,0,0,0,0,0,0,0,1.40533006191254,4.72373570501804,0,0,0,0,2.26731166243553,0,0,0,0,0,0,0,0,125.569789886475,0,137.911415040493,85.6848575174809,6.40292167663574,62.2642205357552,0.302857160568237,242.888198196888,2.84821909666061,601.332451313734,13.0466141402721,0.551700800657272,0,20.6083811819553,23.8969416618347,4829.89461760223,412.598121777177,0,0,4.21138088405132,0,0,0.506202042102814,71.9132869839668,0,298.122603341937,0,148.419915154576,0,145.879913911223,7.4624480009079,0,0,0,86.1841675937176,0,0,0,12.7497767210007,0,17.8085527122021,0,56.1689050793648,134.537994861603,5.43480521440506,3.7817577123642,157.57575365901,7.92337757349014,250.070373043418,0.77964174747467,1322.12605100125,6.99508866667747,1621.3780060783,2.04099008440971,0
0,0,29.3142369389534,0,23.2884201109409,0,114.535195350647,0,0.271259844303131,0,0,0,0,0,0,0,0,0,0,0,0,0,0,0,0,0,0,0,0,0,0,0,0,0,0,0,18.9880823940039,0,0,0,0,0,0.189631626009941,0,0,0,0,0,0,0,0,0,0,0,0,0,0,0,0,0,0,0,0,7.70722177624702,0,0,0,0,0,0,0,0,0,0,0,0,0,0,0,5.55337001383305,0,0,2.93360230326653,0,213.879112511873,0,0
0,0,0,18.1856586039066,0,753.130195975304,0,0,0,0,0,0,0,0,0,0,0,0,0,144.036264121532,0,0,0,0,0,0,0,0,0,0,0,0,0,0,0,120.043196767569,0,0,0,0,0,11.5564891397953,0,0,0,0.197278946638107,0,0,0,4.21138088405132,0,0,0,13.6404616832733,0,0,0,37.1628676354885,0,10.792363524437,0,0.837445378303528,66.2900989949703,0,0,0,0,0,0,0,0,0,0.914541274309158,0,0,0,0,0,0,0,0,0,60.4011505097151,0,235.705601632595,0,0
0,0,0,0,0,0,295.284611463547,0,0,0,0,0,0,0,0,0,0,0,0,0,0,0,0,0,0,0,0,0,0,0,0,0,0,0,0,0,0,0,0,0,0,0,0,0,0,0,0,0,0,0,0,0,0,0,0,0,0,0,0,0,0,0,0,0,0,0,0,0,0,0,0,0,0,0,0,0,0,0,0,0,0,0,0,0,0,0,0
0,0,0,0,0,200.865658998489,0,153.59755051136,0,0,0,0,0,0,0,0,0,0,0,0,0,0,0,0,0,0,0,0,0,0,0,0,0,0,0,124.737149000168,0,0,0,0,0,0,0,0,0,0,0,0,0,0,0,13.6404616832733,0,0,0,0,0,0,0,0,0,0,0,0,0,0,0,0,0,0,0,0,0,0,0,0,0,0,0,0,0,0,0,0,0,0,0
124.674818307161,0,627.8510171175,0,11.2765516042709,0,0,0,369.195880532265,0,0,0,0,0,0,0,0,0,0,0,0,0,0,0,321.698820486665,0,0,0,0,0,0,0,0,0,0,0,0.615454837679863,0,90.1930714845657,0,0,0,13.5886038988829,0,0,0,0,0,35.1931617856026,0.506202042102814,0,0,0,0,0,0,0,0,0,0,45.3202710598707,0,0,0,0,0,0,1203.81021675467,0,0,0,0,0,0,0,0,0,0,0,0,0,226.511040553451,70.6103556752205,0,125.751532196999,0,0
0,60.161600202322,0,177.056836560369,0,5.3224048614502,0,0,0,2020.01781381667,0,0,0,0,0,78.0893757641315,0.382844984531403,0.524912565946579,1.25372472405434,0.917772889137268,0,0,0,166.993691340089,0,0,0,0,0,0,0,0,0,0,0,5.24975071847439,0,195.526828736067,0,6.85046650469303,1.0423436164856,127.74658755213,0,0,0,12.9490263164043,0,1.33782687783241,0,71.9132869839668,0,0,0,0,0,0,0,23.810579046607,0,0,0,70.1564249992371,5.71742038428783,0,0,0,678.875071644783,0,0,0,0.660731628537178,0,39.3676590919495,0,0,0,0,0,23.3133961930871,0,174.665838956833,0,232.432008832693,0.121937118470669,227.607801310718,0,0
0,0,5.1077424287796,0,0,0,0,0,0,0,452.110192894936,0,1,0,0,0,0,0,0,0,39.4377048015594,0,0,0,0,0,0,0,0,0,0,0,0,0,0,0,391.060094177723,0,610.587221026421,0,0,0,0,0,0,0,0,0,0,0,0,0,0,0,0,0,0,0,181.758744716644,0,0,0,0,27.8182592988014,0,0,0,0,0,0,0,0,0,0,0,0,0,0,0,4.06493428349495,0,0,95.1634279489517,0,56.2393310368061,0,0
0,36.4864921718836,0,80.1644656062126,0,386.649415105581,0,25.806959271431,0,172.630264922976,0,967.061941981316,0,0,0,0,0,4.37637194991112,15.3722188174725,64.2937434315681,0,0,0,0.508673131465912,0,0,0,0,0,0,0,0,0,0,0,230.453967437148,0,185.78588399291,0,4.24419323354959,0,746.883822612464,0.354151926934719,1.1128213852644,0,12.626240350306,0,0,0,298.122603341937,0,37.1628676354885,0,0,0,23.810579046607,0,0,0,118.118052631617,0,30.1482351869345,1814.14836462587,0,0,0,0,0,0,0,13.9286781251431,0,259.263045668602,0,0,0,0,0,35.5382979735732,0,6.13411624729633,0,353.259208619595,0.856375306844711,2284.2265605405,114.501513011754,0
0,0,28.2359263896942,0,0,0,0,0,0,0,90.756026506424,0,291.788657307625,0,0,0,0,0,0,0,0,0,0,0,0,0,0,0,1,0,0,0,0,0,0,0,4.21895459294319,0,0,0,0,0,0,0,0,0,0,0,0,0,0,0,0,0,0,0,181.758744716644,0,0,0,0,0,0,0,0,0,0,0,0,0,0,0,0,0,0,0,0,0,0,2.32015259563923,0,0,8.25592470169067,0,18.8330164700747,0,0
0,39.4699838608503,0,28.0586335062981,0,0,0,0,0,1.45281328260899,0,155.231939792633,0,143.795333176851,0,0,0,0,0,12.3341524749994,0,0,0,0.439749851822853,0,0,0,0,0,0,0,0,0,0,0,56.6177894175053,0,0.452277109026909,0,0.213592350482941,0,99.1817038357258,0,0,0,1.71616615355015,0,0.256669640541077,0,148.419915154576,0,10.792363524437,0,0,0,0,0,118.118052631617,0,0,0,19.3612801730633,87.8342445790768,0,0,0,0,0,0,0,0,0,1.8083661198616,0,0,0,0,0,1.58408133685589,0,0.231680482625961,0,33.3772128820419,0,575.740475460887,0,0
0,0,0.443068474531174,0,0,0,0,0,13.4384806156158,0,0,0,0,0,101.744847536087,0,0,0,0,0,0,0,0,0,7.52770863473415,0,0,0,0,0,0,0,0,0,0,0,0,0,0,0,0,0,0,0,0,0,0,0,0,0,0,0,0,0,45.3202710598707,0,0,0,0,0,0,0,0,0,0,0,0,3.04409420490265,0,0,0,0,0,0,0,0,0,0,0,0,0,0,14.1160989403725,0,0,0,0
0,24.4866400957108,0,142.149114862084,0,0,0,0,0,344.685593917966,0,0,0,0,0,26.3349737375975,0,0.229875043034554,0.19637630879879,0,0,0,0,18.3836234807968,0,0,0,0,0,0,0,0,0,0,0,0.592182904481888,0,0,0,0.50517275929451,0,32.90604634583,0,0.200437307357788,0,2.40105538070202,0,0,0,145.879913911223,0,0.837445378303528,0,0,0,70.1564249992371,0,30.1482351869345,0,19.3612801730633,0,0,1.0683159083128,0,0,0,9.49699322879314,0,0,0,0.168788209557533,0,5.14806577563286,0,0,0,0,0,1.99999503791332,0,1.74364377558231,0,7.36669829487801,0,287.210990980268,0.18077090382576,0
0,4.86476635932922,0,6.49094018340111,0,8.93789422512054,0,0,0,2.53221726417542,0,0,0,0,0,0,32.7465954124928,81.3135541081429,296.568652041256,767.35961855948,0,0,0,0,0,0,0,0,0,0,0,0,0,0,0,260.233645230532,0,634.276958242059,0,28.7980075180531,7.43942715227604,1113.60611750931,10.3008374124765,22.1700337231159,0,114.31001085788,1.10253071784973,0.759835183620453,0,7.4624480009079,0,66.2900989949703,0,0,0,5.71742038428783,0,1814.14836462587,0,87.8342445790768,0,1.0683159083128,0,2.30900681018829,0,0,0,0,0,0,2.66445469111204,0,1108.35861651599,0,0,0,0,0,717.802069246769,1.75503169000149,1521.21875995398,0,546.90164129436,1.32620390504599,1151.14046030492,19.4363466501236,0
0,0,13.4637348651886,0,43.0072231888771,0,0,0,0.550419688224792,0,0.67319855093956,0,0,0,0,0,6.84431108832359,12.6818269491196,136.273277908564,0,1125.99588857591,0,0,0,0,0,0,0,0,0,0,0,0,0,0,0,1374.75808924437,0,46.4892676174641,0.165485292673111,176.492926716805,1.08963565528393,276.766719684005,0,0,0,2401.59995079786,0,0.497658744454384,0,7.70722177624702,0,0,0,0,0,27.8182592988014,0,0,0,0,0,2.30900681018829,0,0,0,0,0,0,0,0,0,0,2.57145908474922,0,0,0,0,0.823162049055099,320.921267263591,0.987754970788956,71.757365077734,123.230194605887,0.880425706505775,2346.79868782312,0,4.79883995652199
0,0,0,0,0,0,0,0,0,0,0,0,0,0,0,0,0,0,0,0,0,3886.25158140063,0,230.799325942993,0,0,0,3,0,0,0,0,0,0,0,0,0,119.975928619504,0,0,0,0,0,0,0,0,0,0,0,0,0,0,0,0,0,0,0,0,0,0,0,0,0,0,0,0,91.2301425933838,0,0,0,0,0,0,0,0,0,0,0,0,0,0.867368996143341,0,9.21651637554169,1,0,0,0
0,0,0,0,0,0,0,0,0,0,0,0,0,0,0,0,0,0,0,0,0,0,4411.98958429694,0,28.0761728286743,0,3.21369650959969,0,13.181360244751,0,0,0,0,0,0,0,0,0,177.117093801498,0,0,0,0,0,0,0,0,0,0,0,0,0,0,0,0,0,0,0,0,0,0,0,0,0,0,0,0,4.67661333084106,0,33.5631125867367,0,0,0,0,0,0,0,0,0,0,0,0,0,0,0,0,0
0,0,0,0,0,0,0,0,0,120.003156334162,0,0,0,0,0,0.268791496753693,0,0,0,0,0,86.9566075801849,0,771.184345453978,0,0,0,0,0,0,0,0,0,0,0,0,0,744.682216212153,0,0,0,0,0,0,0,0,0,0,0,86.1841675937176,0,0,0,0,0,678.875071644783,0,0,0,0,0,9.49699322879314,0,0,91.2301425933838,0,0,0,0,0,0,0,0,0,0,0,0,0,0,0,820.173369675875,0,0.540871798992157,0,360.803559452295,0,0
1.21703714132309,0,0,0,0,0,0,0,77.3877585977316,0,0,0,0,0,0,0,0,0,0,0,0,0,16.3288922309875,0,402.085046827793,0,0,0,0,0,0,0,0,0,0,0,0,0,1853.456512779,0,0,0,0,0,0,0,0,0,9.21284535527229,0,0,0,0,0,1203.81021675467,0,0,0,0,0,3.04409420490265,0,0,0,0,4.67661333084106,0,0,0,0,0,0,0,0,0,0,0,0,0,0,0,1305.35613293946,21.1815106272697,0,223.074150472879,0,0
0,0,0,0,0,0,0,0,0,0,0,0,0,0,0,0,0,1,0,0,0,49.0763897895813,0,0,0,117.88688147068,0,0,0,0,0,0,0,0,0,0,0,0,0,0,0,0,0,0,0,0,0,0,0,0,0,0,0,0,0,0,0,0,0,0,0,0,0,0,0,0,0,0,0,0,14.5061002075672,0,0,0,0,0,0,0,0,0,0,0,4,0,0,0,0
0,0,0,0,0,0,0,0,0,0,0,0,0,0,1.44515007734299,0,0,0,0,0,0,0,66.6688363850117,0,0,0,0,0,0,0,0,0,0,0,0,0,0,0,0,0,0,0,0,0,0,0,0,0,0,0,0,0,0,0,0,0,0,0,0,0,0,0,0,0,0,33.5631125867367,0,0,0,0,0,0,0,0,0,0,0,0,0,0,0,0,0,0,0,0,0
0,0.245442077517509,0,2.21262823045254,0,0,0,0,0,9.62213411927223,0,0,0,0,0,0,0,0.281713724136353,0.786072909832001,0,0,2.35319721698761,0,0,0,0,0,300.964031547308,0,34.0071392059326,0,0,0,0,0,0,0,354.765339702368,0,0,0,25.1443222016096,0,0,0,0.772899925708771,0,0,0,12.7497767210007,0,0,0,0,0,0.660731628537178,0,13.9286781251431,0,0,0,0.168788209557533,2.66445469111204,0,0,0,0,0,14.5061002075672,0,0,0,3.28863751888275,0,0,0,0,0,1.48121453821659,0,81.5002726912498,0,72.0786088630557,0,28.2326809167862,9.06765258312225,0
0,0,0,0,0,0,0,0,0,0,0,0,0,0,0,0,0,0,0,0,0,0,7.93820309638977,0,0,0,0,0,64.5923261642456,0,95.127049446106,0,0,0,0,0,0,0,6.46142947673798,0,0,0,0,0,0,0,0,0,0,0,0,0,0,0,0,0,0,0,0,0,0,0,0,0,0,0,0,0,0,0,0,0,0,0,0,0,0,0,0,0,0,36.5051177144051,0,0,0,0,0
0,19.906102463603,0,49.9231893420219,0,0.962026447057724,0,0,0,100.884983614087,0,2,0,0,0,0,15.8984503298998,37.1801799833775,214.699591003358,20.5038236677647,0,0,0,0,0,0.137410193681717,0,0,0,7,0,0,0,0,0,0,0,213.015600547194,0,28.5770672410727,1.74738727509975,1196.19323093444,5.07429593801498,13.1196235567331,0.264743655920029,47.2254507243633,0,0.286135107278824,0,17.8085527122021,0,0.914541274309158,0,0,0,39.3676590919495,0,259.263045668602,0,1.8083661198616,0,5.14806577563286,1108.35861651599,0,0,0,0,0,0,0,3.28863751888275,0,0,0,0,0,0,0,202.777310118079,0.205727994441986,48.4373698532581,0,624.711173638701,1.14024076610804,808.675463654101,390.560607627034,0
0,0,1.00981450080872,0,0.65160197019577,0,0,0,0,0,191.99303650856,0,0,0,0,0,0,0,7.83964771032333,0,0,0,0,0,0,0,0,0,0,0,445.190942287445,0,0,0,0,0,0,0,182.726524829865,0,1.07125987112522,0,40.1659309566021,0,0,0,0.540007829666138,0,1.37022605538368,0,0,0,0,0,0,0,0,0,0,0,0,0,0,2.57145908474922,0,0,0,0,0,0,0,0,0,0,0,0,0,0,0,1.13346874713898,0,0,4.46021661162376,0,40.7379978597164,0,3.30303600430489
0,0,0,0,0,0,0,0,0,0,0,0,0,0,0,0,0,0,0,0,0,0,0,0,0,0,0,0,0,0,0,419.487900674343,157.166513383389,72.3697429597378,0,391.401217654347,13.8240774273872,0,0,0,0,0,0,0,0,0,0,1636.49892728031,3.53387808799744,56.1689050793648,0,0,0,0,0,0,0,0,0,0,0,0,0,0,0,0,0,0,0,0,0,0,0,0,0,20.5804208219051,62.4164223372936,0,220.540550097823,0,0,0,24.3580298423767,0,0,0,0
0,0,0,0,0,0,0,0,0,0,0,0,0,0,0,0,0,0,0,0,0,0,0,0,0,0,0,0,0,0,0,0,58.2215858846903,0,8.44925175607204,0,282.640337079763,0,0,0,0,0,0,0,0,0,0,2461.21894843876,14.657219350338,134.537994861603,0,0,0,0,0,0,0,0,0,0,0,0,0,0,0,0,0,0,0,0,0,0,0,0,20.5804208219051,0,0,2.28373277187347,0,15.2713814079762,0,0,6.56187856197357,0,0,0,0
0,0,0,0,0,0,0,0,0,0,0,0,0,0,0,0,0,0,0,0,0,0,0,0,0,0,0,0,0,0,0,2.28732961416245,0,2185.39198596776,1013.194411695,0,0,6.96066921949387,0,0,0,0,0,0,0,0,0,1088.17323586345,2.02198734879494,5.43480521440506,0,0,0,0,0,0,0,0,0,0,0,0,0,0,0,0,0,0,0,0,0,0,0,0,62.4164223372936,0,0,63.3791537284851,0,0,264.621815145016,0,31.3385364413261,125.058238625526,4.34902891516685,0,0
0,0,0,0,0,0,0,0,0,0,0,0,0,0,0,0,0,0,0,0,0,0,0,0,0,0,0,0,0,0,0,0,8.29620456695557,80.3090839385986,1058.14495691657,0,0,0,6.27681145071983,0,0,0,0,0,0,0,0,259.043154075742,0,3.7817577123642,0,0,0,0,0,0,0,0,0,0,0,0,0,0,0,0,0,0,0,0,0,0,0,0,0,2.28373277187347,63.3791537284851,0,0,0.700057625770569,0,847.017948806286,20.4464882016182,224.446945309639,0,0,0
0,95.2499578297138,0,22.3316024243832,0,0,0,0,0,22.6746139079332,0,0,0,0,0,0,236.306417055428,308.964547067881,1863.2615217641,5.20093017816544,0,0,0,0,0,0,0,0,0,0,0,40.4630963504314,0,0.483905524015427,0,6020.6805190891,832.041227757931,27.7109643667936,0,2100.28269681334,33.449313916266,3423.14748340845,27.4261302798986,220.745891734958,0,445.843715459108,3.34727041423321,384.670844689012,0,157.57575365901,0,0,0,0,0,23.3133961930871,0,35.5382979735732,0,1.58408133685589,0,1.99999503791332,717.802069246769,0.823162049055099,0,0,0,0,0,0,1.48121453821659,0,202.777310118079,0,220.540550097823,0,0,0,0,22.2293961495161,1211.41018532217,0,1864.89129217714,9.12603725492954,1424.63813219965,549.974791131914,0.81097386777401
51.1785546541214,0,77.4989350140095,0,33.7169927060604,0,0,0,1.39478886127472,0,0,0,0,0,0,0,49.7341320067644,104.744160741568,1100.37710206211,0,17.1132802665234,0,0,0,0,0,0,0,0,0,0,0,1.2758047580719,0,5.03295254707336,29.7934308052063,4433.02670322359,0,141.604634091258,0.415407836437225,248.37056402117,5.42756028473377,809.576886303723,0,31.7534747421741,2.36900968849659,784.092915728688,1266.09771648049,495.514504343271,7.92337757349014,5.55337001383305,0,0,0,0,0,4.06493428349495,0,2.32015259563923,0,0,0,1.75503169000149,320.921267263591,0,0,0,0,0,0,0,0,0.205727994441986,1.13346874713898,0,15.2713814079762,0,0.700057625770569,22.2293961495161,0,3.01223392784595,717.402322351933,1091.77983415127,18.2014410346746,1008.89093522727,0.902826353907585,15.0133377090096
0,34.9906530976295,0,14.744418874383,0,1.84371244907379,0,0,0,120.037842288613,0,0,0,0,0,0,112.987130396068,244.377830184996,1222.58170434833,132.704261809587,0,445.055255144835,0,148.899575725198,0,1.3726658821106,0,0,0,0,0,0,0,1,0,585.218365028501,0,9235.56108815968,3.06603717803955,94.1104371547699,15.3566896021366,1369.37273871899,12.3906225189567,81.204154714942,0,175.214030832052,0.985832959413528,0.223591059446335,0,250.070373043418,0,0,0,0,0,174.665838956833,0,6.13411624729633,0,0.231680482625961,0,1.74364377558231,1521.21875995398,0.987754970788956,0.867368996143341,0,820.173369675875,0,0,0,81.5002726912498,0,48.4373698532581,0,0,0,264.621815145016,0,1211.41018532217,3.01223392784595,0,0,910.60532297194,2.14402709156275,1030.37400257587,580.982639685273,0
0,0,7.51938679814339,0,0.805297434329987,0,0,0,2.24874176084995,0,0,0,0,0,0,0,4.25421805679798,2.65641510486603,124.238693773746,0,0,0,794.227712869644,0,143.875945672393,0,0,0,2.36875998973846,0,0,0,0,0,264.288168430328,0,1052.91199141741,129.61222410202,7597.60930638015,0,37.1568281948566,1.53583773970604,53.8940984010696,0,2.65619885921478,0,140.585180133581,0,130.825057476759,0.77964174747467,0,0,0,0,226.511040553451,0,0,0,0,0,0,0,0,71.757365077734,0,0,0,1305.35613293946,0,0,0,36.5051177144051,0,0,0,0,0,847.017948806286,0,717.402322351933,0,0,57.1674862802029,35.4505098760128,172.970225483179,0,2.31461590528488
274.898198083043,265.800327554345,247.472484141588,85.5577484592795,65.6097189337015,23.3439045101404,0,0,1077.14332789928,867.850210525095,38.4669945240021,239.853393018246,0,148.978904366493,429.347408056259,15.5423423647881,14012.052750729,7276.16141920537,5404.56698828936,115.639125853777,280.094442725182,653.333995819092,184.608533322811,111.194375321269,516.108974695206,14.2665324360132,41.21798568964,67.2845721244812,0,164.352251410484,0,25.5891699790955,29.0778066217899,484.217535465956,580.355386942625,951.489714741707,764.437853202224,545.895354419947,253.461984664202,150.715909302235,1394.63815714419,2674.03760427237,3909.29605412483,46.9958965331316,18.250862300396,406.812534153461,351.732635766268,1517.40294641256,966.861783616245,1322.12605100125,2.93360230326653,60.4011505097151,0,0,70.6103556752205,232.432008832693,95.1634279489517,353.259208619595,8.25592470169067,33.3772128820419,14.1160989403725,7.36669829487801,546.90164129436,123.230194605887,9.21651637554169,0,0.540871798992157,21.1815106272697,4,0,72.0786088630557,0,624.711173638701,4.46021661162376,24.3580298423767,6.56187856197357,31.3385364413261,20.4464882016182,1864.89129217714,1091.77983415127,910.60532297194,57.1674862802029,0,1194.58505723625,7241.02552847564,165.607663571835,45.2461317777634
0.142349392175674,0,16.2262213081121,0.208146817982197,0.350703820586205,0,0,0,34.7774259001017,0.883498959243298,0,0,0,275.168870806694,0,1,4.44450855255127,1.37777432799339,1.49741448462009,0,0,4,91.3426496982574,0,0,0,0,0,0,0,0,0,0,373.901589184999,1052.33696419001,92.7802801132202,0,693.212718456984,906.625941038132,1.10751429200172,41.9658366143703,30.0146455913782,229.828238978982,0.0855176001787186,0.185931995511055,3.37018170207739,6.72366394102573,1368.23987591267,1.43720832467079,6.99508866667747,0,0,0,0,0,0.121937118470669,0,0.856375306844711,0,0,0,0,1.32620390504599,0.880425706505775,1,0,0,0,0,0,0,0,1.14024076610804,0,0,0,125.058238625526,224.446945309639,9.12603725492954,18.2014410346746,2.14402709156275,35.4505098760128,1194.58505723625,0,279.281930916011,0,0.410981677472591
