0,0,0.00465191287136741,0,0.00526175612002065,0,0,0,0.0476060891164663,0,0,0,0,0,0,0,0,0,0,0,0,0,0,0,0,0,0,0,0,0,0,0,0,0,0,0,0,0,0,0,0,0,0.00251886555340808,0,0,0,0,0,8.52422529690525e-05,0,0,0,0,0,0.00451822676678945,0,0,0,0,0,0,0,0,0,0,0,0,0,0,0,0,0,0,0,0,0,0,0,0,0,0,0,0.000481057343909821,0.000757358093753711,0.00743040347004964,0,0
0,0,0,0,0,0,0,0,0,0.00775542852519101,0,0,0,0,0,0,0,0,0.000299254648626751,0,0,0,0,0,0,0,0,0,0,0,0,0,0,0,0,0,0,0,0,0,0,0.00326851823495015,0,0,0,0,0,0,0,0.000496002276578471,0,0,0,0,0,0.105302558038669,0,0,0,0.00034677356544658,0,0.00455391338568058,0,0,0,0,0.00105917566477591,0,0,0,0,0,0,0,0,0,0,0,0,0,0,0,0.000803544735058778,0,0.0255283156273474,0,0
0.00465191287136741,0,0,0,0.26527426596432,0,0,0,0.0124483754450294,0,0,0,0,0,0,0,0,0,0,0,0,0,0,0,0,0,0,0,0,0,0,0,0,0,0,0,0,0,0,0,0,0,0,0,0,0,0,0,0.00449164740623217,0,0,0,0,0,0,0,0,0,0,0,0,0,0,0,0,0,0,0,0,0,0,0,0,0,0,0,0,0,0,0,0,0,0.00120193259909963,0,0.00755325954024109,0,0.000134342655274361
0,0,0,0,0,0.0749311776703308,0,0,0,0.0138109421844786,0,0,0,0,0,0,0,0,0,0,0,0,0,0,0,0,0,0,0,0,0,0,0,0,0,0,0,0,0,0,0,0,0,0,0,0,0,0,0,0.000693330592795418,0,0,0,0,0,0.0030171342919194,0,0.00802562598893773,0,0.00263223398265967,0,0.00317176919349091,0,0,0,0,0,0,0,0,0,0,0,0,0,0,0,0,0,0,0,0,0.000666128662526898,0,0.000145275402178638,0,0
0.00526175612002065,0,0.26527426596432,0,0,0,0,0,0.0216757700916226,0,0,0,0.000216133300093195,0,0,0,0,0,0,0,0,0,0,0,0,0,0,0,0,0,0,0,0,0,0,0,0.000408092305522792,0,0,0,0,0,0,0,0,0,0,0,0,0,0.0987973605803533,0,0,0,0.0120124014405547,0,0,0,0,0,0,0,0,0,0,0,0,0,0,0,0,0,0,0,0,0,0,0,0,0,0,0,0.00301898579958782,3.33103462382993e-05,0,0,0
0,0,0,0.0749311776703308,0,0,0,0,0,0.0344288039750646,0,0,0,0.000426224810688436,0,0.000848564949156909,0,1.03583944782587e-05,0,0.00624633362638811,0,0,0,0,0,0,0,0,0,0,0,0,0,0,0,0,0,0,0,0,0,0,0,0,0,0,0,0,0,0,0,0.312295497275685,0,0,0,0.0345845944146179,0,0,0,0.000249725205566903,0,0.00710066744755414,0,0,0,0,0,0,0,0,0,0,0,0,0,0,0,0,0,0,0,0,0.0108515153351357,0.000129835969101206,0.000199100786986847,0,0
0,0,0,0,0,0,0,0,0,0,0,0,0,0,0,0,0,0,0,0,0,0,0,0,0,0,0,0,0,0,0,0,0,0,0,0,0.000243050877793356,0,0,0,0,0,0,0,0,0,0,0,0,0,0,0,0.010878407238998,0,0,0,0.00104845099740684,0,0.0181742669336904,0,0,0,0,0,0,0,0,0,0,0,0,0,0,0,0,0,0,0,0,0,0,0,0.00265514018876446,0,0,0,0
0,0,0,0,0,0,0,0,0,0,0,0,0,0,0,0,0,0,0,0.000568973348692447,0,0,0,0,0,0,0,0,0,0,0,0,0,0,0,0,0,0,0,0,0,0,0,0,0,0,0,0,0,0,0,0.163417703957175,0,0.354012205129374,0,0,0,0.00975411303749377,0,0.0641637963235182,0,0,0,0,0,0,0,0,0,0,0,0,0,0,0,0,0,0,0,0,0,0,0.000770613315679061,0.000226015673826156,0,0,0
0.0476060891164663,0,0.0124483754450294,0,0.0216757700916226,0,0,0,0,0,0,0,0,0,0.000940964147557485,0,0,0,0,0,0,0,0,0,0.000620242868427164,0,0,0,0,0,0,0,0,0,0,0,0,0,0,0,0,0,0,0,0,0,0,0,0.000849652227168552,0,0,0,0,0,0.220086236948706,0,0,0,0,0,0,0,0,0,0,0,0,0.000238132456844141,0,0,0,0,0,0,0,0,0,0,0,0,0,0,0.0049095943970734,0.00150902631637745,0,0,0
0,0.00775542852519101,0,0.0138109421844786,0,0.0344288039750646,0,0,0,0,0,0,0,0,0,0,0,0.000147415972889211,0.00116235228609718,0,0,0,0,0.00627152109064763,0,0,0,0,0,0,0,0,0,0,0,0,0,0.00313339765692467,0,0,0,0,0,0,0,0,0,0,0,0.000152961303970351,0,0,0,0,0,0.0341289026891033,0,0,0,0,0,0.0015337062662005,0,0,0,0,0.00230168415588608,0,0,0,0,0,0,0,0,0,0,0,0,0,0.000865722494288545,0,0.0046441157211826,0.0010872401897197,0.0147833958689699,0,0
0,0,0,0,0,0,0,0,0,0,0,0,0.095428459130423,0,0,0,0,0,0,0,0.0177455253400717,0,0,0,0,0,0,0,0,0,0,0,0,0,0,0,0.00043450977729809,0,0.0054261059836455,0,0,0,0,0,0,0,1.44143762997064e-05,0,0,0,0,0,0,0,0,0,0.0343251948664352,0,0.0235124528188095,0,0,0,0,0.0217383814295253,0,0,0,0,0,0,0,0,0,0,0,0,0,0,0,0.000406123191294544,0,0.00619730528669108,0.0117663698922672,0,8.84144430630814e-05,0,0
0,0,0,0,0,0,0,0,0,0,0,0,0,0.136304091946284,0,0,0,0,0,0.0473593240824651,0,0,0,0,0,0,0,0.05098845021852,0,0.00345199734660051,0,0,0,0,0,0.00365567018917903,0,0.0251875988062196,0,0,0,0,0,0,0,0,0,0,0,0,0,0,0,0,0,0,0,0.145058729575547,0,0.267089568755777,0,0,0.015635734971389,0,0,0,0,0,0,0,0.0761464574013814,0,0.0238953421016236,0,0,0,0,0,0.00211638484560957,0,0.0261120010774763,0,0.00338281100972892,0.0135413747307088,0,0,0
0,0,0,0,0.000216133300093195,0,0,0,0,0,0.095428459130423,0,0,0,0,0,0,0,0,0,0,0,0,0,0,0,0,0,0.0504773311178026,0,0,0,0,0,0,0,0,0,0,0,0,0,0,0,0,0,0,0,0,0,0,0,0,0,0,0,0.00587499358933366,0,0.056076892332175,0,0,0,0,0,0,0,0,0,0,0,0,0.0129926690375343,0,0,0,0,0,0,0,0,0,0,0.00380592253478921,0,0,0,0
0,0,0,0,0,0.000426224810688436,0,0,0,0,0,0.136304091946284,0,0,0,0.00406845226464157,0,0,0,0,0,0,0,0,0,0.000217864930164069,0,0,0,0,0,0,0,0,0,0,0,0,0,0,0,0,0,0,0,0,0,0,0,0,0,0.0025631995147107,0,0.000281659733542897,0,0,0,0.0947708772088542,0,0.598346852606646,0,0.00675399847483516,0,0,0,0,0,0,0,0,0.00228068685515732,0,0,0,0,0,0,0,0,0,0,0,0.00292526748328829,0.0133031408684871,0,0,0
0,0,0,0,0,0,0,0,0.000940964147557485,0,0,0,0,0,0,0,0,0,0,0,0,0,0,0,0,0,0,0,0,0,0,0,0,0,0,0,0,0,0,0,0,0,0,0,0,0,0,0,0,0,0.000767459685448557,0,0,0,0.00694172740168919,0,0,0,0,0,0,0,0,0,0,0,0,0,0,0,0,0,0,0,0,0,0,0,0,0,0,0,0.00047121383438016,0,0,0,0
0,0,0,0,0,0.000848564949156909,0,0,0,0,0,0,0,0.00406845226464157,0,0,0,0,0,0,0,0,0,0,0,0,0,0,0,0,0,0,0,0,0,0,0,0,0,0,0,0,0,0,0,0,0,0,0,0,0,0.00082911483111887,0,0,0,0,0,0,0,0.000495997083110791,0,0.162047383365027,0,0,0,0,0,0,0,0,0,0,0,0,0,0,0,0,0,0,0,0,0.00123654834678654,0.000966966809725459,0,0,0
0,0,0,0,0,0,0,0,0,0,0,0,0,0,0,0,0,0.101983183023191,0.0488570551569301,0,0,0,7.7867757840766e-06,0,0.000826842140713237,0,0,0,0,0,0,0,0,0,0,0,0,0,0,0,0.00018988087883264,0.00106757316326995,0.00503517620782965,4.09645350438301e-05,4.20887622326815e-05,0,0,0,0,0,0,0,0,0,0,0,0,0,0,0,0,0,0,0,0,0,0,0,0,0,0,0,0,0,0,0,0,0,4.12863023225318e-05,1.02984108808009e-05,0,0,0.00574221517446089,0,8.73453932162756e-05,0,0.00214676246797437
0,0,0,0,0,1.03583944782587e-05,0,0,0,0.000147415972889211,0,0,0,0,0,0,0.101983183023191,0,0.048536677798803,0,0,0,0,5.02410884807711e-05,0,0,0,0,0,0,0,0,0,0,0,0,0,0,0,8.45299212097646e-06,9.28675412636108e-06,0.000721366330933274,0.000540687759123032,0,0,0,0,0,0,0,0,0,0,0,0,0,0,0,0,0,0,0,0,0,0,0,0,0,0,0,0,0,0,0,0,0,0,0,3.11981207238676e-05,0,0,0,0.00591028095293501,7.20921744888265e-05,0.000188048517746501,0.000387437495296804,0.000238602878360721
0,0.000299254648626751,0,0,0,0,0,0,0,0.00116235228609718,0,0,0,0,0,0,0.0488570551569301,0.048536677798803,0,0,0,0,0,2.94228801147908e-05,0,0,0,0,0,0,0,0,0,0,0,0,0,0,0,0.000241345776419971,0.00156421142203456,0.0980112918899177,0.0700542752009417,0.0514043877141255,0.0117462102601738,4.25914118974745e-05,0,0,0,0,0,0,0,0,0,0,0,0,0,0,0,0,0,0,0,0,0,0,0,0,0,0,0,0,0,0,0,0,0.000539997714845981,6.2515871536328e-05,0,0,0.0210037507902021,0.000159116238051895,0.0785497348441941,0.0457472658142588,0.0176305729229617
0,0,0,0,0,0.00624633362638811,0,0.000568973348692447,0,0,0,0.0473593240824651,0,0,0,0,0,0,0,0,0,0,0,0,0,0,0,0,0,0,0,0,0,0,0,0.0375126248912863,0,0.00263937603500459,0,0,0,0,0,0,0,0,0,0,0,0,0,0.00355829271503744,0,0.00111958704254094,0,0,0,0.0174159212771254,0,0,0,0,0.00709321137107209,0,0,0,0,0,0,0,0,0,0.000153917193529196,0,0,0,0,0,0.0195071574617778,0,0.00941463786730856,0,0.00010496602059766,0,0,0,0
0,0,0,0,0,0,0,0,0,0,0.0177455253400717,0,0,0,0,0,0,0,0,0,0,0,0,0,0,0,0,0,0,0,0.000458867391588359,0,0,0,0,0,0.00398250273678296,0,0.00356257263108909,0,0,0,0,0,0,0,5.02414189348868e-05,0,0,0,0,0,0,0,0,0,0.00116085604186969,0,0,0,0,0,0,0.0102522549560413,0,0,0,0,0,0,0,0,0,0.00907529543908655,0,0,0,0,0,0.0367171368307645,0,0.00759314212608471,0,0,0.000830056396909755,0,0
0,0,0,0,0,0,0,0,0,0,0,0,0,0,0,0,0,0,0,0,0,0,0.167746113904939,0.00116504720481798,0,0,0,0,0,0,0,0,0,0,0,0,0,0.0262236193167536,0.00130287435815267,0,0,0,0,0,0,0,0,0,0,0,0,0,0,0,0,0,0,0,0,0,0,0,0,0,0.15502347180334,0.148166076429925,0.00385445135834281,0,0,0,0.000998241345591456,0,0,0,0,0,0,0,0,0,0.0109758032398271,0,0.0115576088339378,0.0131180323404425,0,0,0
0,0,0,0,0,0,0,0,0,0,0,0,0,0,0,0,7.7867757840766e-06,0,0,0,0,0.167746113904939,0,0,0,0,0.00299256596263595,0,0.00755481526544102,0,0,0,0,0,0,0,0,0,0.0139835833181013,0,0,0,0,0,0,0,0,0,0,0,0,0,0,0,0,0,0,0,0,0,0,0,0,0,7.3631682095087e-05,0.271861630974614,0,0,0,0.037226138240699,0,0.0291569229643458,0,0,0,0,0,0,0,0,0,0.0207187969452981,0.0141848894756789,0.010110807092862,0,0,0
0,0,0,0,0,0,0,0,0,0.00627152109064763,0,0,0,0,0,0,0,5.02410884807711e-05,2.94228801147908e-05,0,0,0.00116504720481798,0,0,0,0,0,0,0,0,0,0,0,0,0,0,0,0.0312634035205962,0,0,0,0,0,0,0,0,0,0,0,0.000854346090961603,0,0,0,0,0,0.0226441341393142,0,0,0,0,0,0.00048697438586176,0,0,0.00037524644348476,0,0.207103713509211,0,0.0117845604174967,0,0,0,0,0,0,0,0,0,0,0,0.0170182813283263,0,7.94380822365874e-05,0,0.00175713158513442,0,0
0,0,0,0,0,0,0,0,0.000620242868427164,0,0,0,0,0,0,0,0.000826842140713237,0,0,0,0,0,0,0,0,0,0,0,0,0,0,0,0,0,0,0,0,0,0.0334131284880228,0,0,0,0,0,0,0,0,0,0.00484094002633932,0,0,0,0,0,0.000697157439995669,0,0,0,0,0,0,0,0,0,0,0,0,0.00110393799931863,0,0,0,0,0,0,0,0,0,0,0,0,0,0.0234547011686029,0.00277588151417921,0,0.00151359148918321,0,0
0,0,0,0,0,0,0,0,0,0,0,0,0,0.000217864930164069,0,0,0,0,0,0,0,0,0,0,0,0,0,0.000145518046338111,0,0,0,0,0,0,0,0,0,0,0,0,0,0,0,0,0,0,0,0,0,0,0,0,0,0,0,0,0,0,0,0,0,0,0,0,0,0,0,0,0.000241138171986677,0,8.27780313557014e-05,0,0,0,0,0,0,0,0,0,0,0,0,0,0,0,0
0,0,0,0,0,0,0,0,0,0,0,0,0,0,0,0,0,0,0,0,0,0,0.00299256596263595,0,0,0,0,0,0,0,0,0,0,0,0,0,0,0,0,0,0,0,0,0,0,0,0,0,0,0,0,0,0,0,0,0,0,0,0,0,0,0,0,0,0,0,0,0,0,0.0341175656116976,0,0,0,0,0,0,0,0,0,0,0,0,0,0,0,0,0
0,0,0,0,0,0,0,0,0,0,0,0.05098845021852,0,0,0,0,0,0,0,0,0,0,0,0,0,0.000145518046338111,0,0,0,0.0859842400046205,0,0,0,0,0,0,0,0,0,0,0,0,0,0,0,0,0,0,0,0,0,0,0,0,0,0,0,0.0422555328510405,0,0.00973235130396916,0,0,0,0,0.0033324177811495,0,0,0,0,0,0.328465474286663,0,0.0431146701271164,0,0,0,0,0,0,0,0,0,0.000544267849761245,0.00013230298585808,0,0,0
0,0,0,0,0,0,0,0,0,0,0,0,0.0504773311178026,0,0,0,0,0,0,0,0,0,0.00755481526544102,0,0,0,0,0,0,0,0.0592481414928739,0,0,0,0,0,0,0,0.00190645475991793,0,0,0,0,0,0,0,0,0,0,0,0,0,0,0,0,0,0,0,0.0195155327486758,0,0,0,0,0,0,0.00306234824227116,0,0,0,0.00980052723656574,0,0.247545751669493,0,0.0326850815380195,0,0,0,0,0,0,0,2.29134765119258e-05,0.00430989283446117,0,0,0,0
0,0,0,0,0,0,0,0,0,0,0,0.00345199734660051,0,0,0,0,0,0,0,0,0,0,0,0,0,0,0,0.0859842400046205,0,0,0,0,0,0,0,0,0,0.00755598627003338,0,0,0,0,0,0,0,0,0,0,0,0,0,0,0,0,0,0,0,0.00193003797329129,0,0,0,0,0,0,0,0,0,0,0,0,0.350523199609003,0,0.062371703210354,0,0,0,0,0,0,0,0.0094411200016304,0,4.30250795707372e-05,0,0,0,0
0,0,0,0,0,0,0,0,0,0,0,0,0,0,0,0,0,0,0,0,0.000458867391588359,0,0,0,0,0,0,0,0.0592481414928739,0,0,0,0,0,0,0,0,0,0,0,0,0,0,0,0,0,0,0,0,0,0,0,0,0,0,0,0,0,0,0,0,0,0,0.000154816669821361,0,0,0,0,0,0,0,0.00782391824600253,0,0.0930783290726707,0,0,0,0,0,0,0,0,0.000109963470573035,0,0,0,0
0,0,0,0,0,0,0,0,0,0,0,0,0,0,0,0,0,0,0,0,0,0,0,0,0,0,0,0,0,0,0,0,1.05872140933342,0.00238940758213699,0.000390029271370718,0.00499257448009446,0.00406916016286784,0,0,0,0,0,0,0,0,0,0,0.136684583079741,0,0,0,0,0,0,0,0,0,0,0,0,0,0,0,0,0,0,0,0,0,0,0,0,0,0,0.544273040238307,0.676384949244974,0,0.0551224249650224,0.0513141327248119,0.0029928003478967,0,0,0.00196242871048552,0,0,0,0
0,0,0,0,0,0,0,0,0,0,0,0,0,0,0,0,0,0,0,0,0,0,0,0,0,0,0,0,0,0,0,1.05872140933342,0,0.00375602822316332,0.0092353218940861,0.0168390426199084,0.0147452161848219,0,0,0,0,0,0,0,0,0,0,0.328308978858752,0,0,0,0,0,0,0,0,0,0,0,0,0,0,0,0,0,0,0,0,0,0,0,0,0,0,1.09265225577021,0.355005013989955,0,0.00100013445010218,0.0258231439237486,0.0065515356410688,0,0,0.00591876083826366,0,0,0,0
0,0,0,0,0,0,0,0,0,0,0,0,0,0,0,0,0,0,0,0,0,0,0,0,0,0,0,0,0,0,0,0.00238940758213699,0.00375602822316332,0,0.222349755575287,0.000215741006932797,0,0.000340857160600129,0.00223698187760496,0,0,0,0.000495129351814244,0,0,0,0,0.0194035479183072,0.000571372787520525,0,0,0,0,0,0,0,0,0,0,0,0,0,0,0,0,0,0,0,0,0,0,0,0,0,0.00211683702331324,0.00190044319767678,0.0599468768996029,0.526837943827651,0.00641668251623735,0.000495861729749746,0.000733732988393313,0.00368518133323022,0.000891240111123471,0,0.0037721802000436,0,0
0,0,0,0,0,0,0,0,0,0,0,0,0,0,0,0,0,0,0,0,0,0,0,0,0,0,0,0,0,0,0,0.000390029271370718,0.0092353218940861,0.222349755575287,0,0,9.34153868001886e-05,0.00211241389167708,0.00652065119180309,0,0,0,0,0,0,0,0,0.0330877760934967,0,0.000387573980611775,0,0,0,0,0,0,0,0,0,0,0,0,0,0,0,0,0,0,0,0,0,0,0,0,0,0.00178239256718386,0.381001329913573,0.0622033675675032,0,0.000147883370829585,0.00982168306033828,0.00945225308176422,0.000953737719526546,0,0,0,0
0,0,0,0,0,0,0,0,0,0,0,0.00365567018917903,0,0,0,0,0,0,0,0.0375126248912863,0,0,0,0,0,0,0,0,0,0,0,0.00499257448009446,0.0168390426199084,0.000215741006932797,0,0,0.188792756828257,0.0196076171078179,0.00301583872965722,0.00755094175078326,7.58555207794129e-05,0,0,0,0,0.000728993418401943,2.9035024950619e-05,0.00259595525649757,4.89998650896481e-05,0.000164692466091328,0,0,0,0,0,0,0,0.00531624001665625,0,0,0,0,0.0312850418700946,0,0,0,0,0,0,0,0,0,0,0,0.0109434631136589,0.00372237451326302,6.55486983305309e-05,0,0.10762241109966,0.025325150023441,0.0218925505343331,0,0.0216025216960204,0.0167793122190031,0.00259130109006467,0,0
0,0,0,0,0.000408092305522792,0,0.000243050877793356,0,0,0,0.00043450977729809,0,0,0,0,0,0,0,0,0,0.00398250273678296,0,0,0,0,0,0,0,0,0,0,0.00406916016286784,0.0147452161848219,0,9.34153868001886e-05,0.188792756828257,0,0,0.0124856548800724,0.00305176660212684,0.00440278417760893,0,0,0,0,1.4257471345975e-05,0.00176615684286106,0.00102659466562096,0.00146062651572981,0.000323708720104279,0,0,0,0,0,0,0,0,0,0,0,0,0,0.0026310956241836,0,0,0,0,0,0,0,0,0,0,0.00489129513043755,0.00484916950370372,0,0,0.0508182019931736,0.159888916317663,0,0.000189437043671524,0.0267969504397514,0.0205570631565213,0.00384487927481963,0,0
0,0,0,0,0,0,0,0,0,0.00313339765692467,0,0.0251875988062196,0,0,0,0,0,0,0,0.00263937603500459,0,0.0262236193167536,0,0.0312634035205962,0,0,0,0,0,0.00755598627003338,0,0,0,0.000340857160600129,0.00211241389167708,0.0196076171078179,0,0,0.0146323096812619,0,0,0,0.00495257771212893,0,0,0,0,0.0161376979228959,0.00192999748397929,0.00389187745412937,0,0,0,0,0,0.00330896995338457,0,0.0467760360769998,0,0,0,0,0.00474276831534069,0,0.0349475009323025,0.000206928027847823,0.0489209699265572,0,0.000112916545226139,0,0,0,0.0260828763681569,0,0,0,3.48395624314435e-05,0.00383230377885106,0.0015991109012115,0,0.119228854272677,0.0169764963414857,0.00162936376815117,6.48224994102427e-05,0.0153371569374002,0,0
0,0,0,0,0,0,0,0,0,0,0.0054261059836455,0,0,0,0,0,0,0,0,0,0.00356257263108909,0.00130287435815267,0.0139835833181013,0,0.0334131284880228,0,0,0,0.00190645475991793,0,0,0,0,0.00223698187760496,0.00652065119180309,0.00301583872965722,0.0124856548800724,0.0146323096812619,0,0,0,0,0.000157186980643903,0,0,0,1.02961753148362e-05,0.004909001648951,0.00182937383119827,0,0,0,0,0,0,0,0,0,0,0,0,0,0,0.00253876018641946,0,0.0035192916810787,0,0.00822002447537259,0,0,0,0.00581722093099743,0,0,0,0,0.00180746778168443,0.00187947207642158,0.000155340297575941,0.0137287781771491,0.00371009326567073,0.0758582104115024,0.00821312282122265,0.000373170634547068,0.00433757939644184,0,0
0,0,0,0,0,0,0,0,0,0,0,0,0,0,0,0,0,8.45299212097646e-06,0.000241345776419971,0,0,0,0,0,0,0,0,0,0,0,0,0,0,0,0,0.00755094175078326,0.00305176660212684,0,0,0,0.00322104478047746,0.0162456024801891,5.43163866757726e-05,0,0,0.158288330116455,0.000579891945248896,0.00148019102893547,2.78493145510793e-05,0.0552832535168081,0,0,0,0,0,0,0,9.78971600657036e-05,0,0,0,0,0.0420969946615219,0,0,0,0,0,0,0,0,0,0.0232735003030704,0,0.000123346653427783,0,0,0,0.0267479427457163,0.00117423420345761,0.00243198224250409,0,0.000392445010013865,0,0.075214264629674,0.00168658148761724,0
0,0,0,0,0,0,0,0,0,0,0,0,0,0,0,0,0.00018988087883264,9.28675412636108e-06,0.00156421142203456,0,0,0,0,0,0,0,0,0,0,0,0,0,0,0,0,7.58555207794129e-05,0.00440278417760893,0,0,0.00322104478047746,0,2.70087688283072e-05,0.0608102089887586,0,0.000419843807638741,4.72996268540999e-05,0.185394964220954,0.00282250247864491,0.0594743325869724,0.0025129353157142,0,0,0,0,0,0,0.000360556287772382,0,0,0,0,0,0,0.0407241380012089,0,0,0,0,0,0,0,0,0,0.0052738747383822,0,2.22977291433487e-05,0,0,0.00127704317053781,0.0142769072944303,0,0.000728006869229916,6.6582704259543e-05,0,0.0572449350808425,0,0
0,0.00326851823495015,0,0,0,0,0,0,0,0,0,0,0,0,0,0,0.00106757316326995,0.000721366330933274,0.0980112918899177,0,0,0,0,0,0,0,0,0,0,0,0,0,0,0,0,0,0,0,0,0.0162456024801891,2.70087688283072e-05,0,0.00882221805782084,0.085566072067819,0,0.0167157105217023,0,2.23231724470445e-05,0,0.00436228202270633,0,0,0,0,0,0,0,0.0141259089090663,0,0,0,0,0.012184178898362,0,0,0,0,0,0,0,0,0,0.0141009607823264,0,0,0,0,0,0.0170357904797125,0,0.00204728051797758,0,0.000761510686480405,0,0.275473088836931,0.159513148974071,0.0011604316483481
0.00251886555340808,0,0,0,0,0,0,0,0,0,0,0,0,0,0,0,0.00503517620782965,0.000540687759123032,0.0700542752009417,0,0,0,0,0,0,0,0,0,0,0,0,0,0,0.000495129351814244,0,0,0,0.00495257771212893,0.000157186980643903,5.43163866757726e-05,0.0608102089887586,0.00882221805782084,0,1.64505824387059e-05,0.0202416378655793,0,0.0215964602884569,0.0185911916592937,0.0271317002338414,0.00850731752931805,0,0,0,0,0,0,0.0084324287385141,0,0,0,0,0,0,0.000125493203775064,0,0,0,0,0,0,0,0,0,0.0145799407229782,0,0,0.000243018807515111,0,0.000116739469104871,0.0172394091641498,0.000429645740531378,0.00240647509390974,0.00352559000739041,0,0.182315959921295,4.83274219295182e-05,0.0700624951735766
0,0,0,0,0,0,0,0,0,0,0,0,0,0,0,0,4.09645350438301e-05,0,0.0514043877141255,0,0,0,0,0,0,0,0,0,0,0,0,0,0,0,0,0,0,0,0,0,0,0.085566072067819,1.64505824387059e-05,0,0,0.0419624045622817,0,0,0,0,0,0,0,0,0,0,0,0,0,0,0,0,3.14575249996943e-05,0,0,0,0,0,0,0,0,0,0,0,0,0,0,0,0.00103920685178876,0,0,0,0.000298372360866034,4.11719777778253e-06,0.056672224564359,0.0389843485037757,0
0,0,0,0,0,0,0,0,0,0,0,0,0,0,0,0,4.20887622326815e-05,0,0.0117462102601738,0,0,0,0,0,0,0,0,0,0,0,0,0,0,0,0,0,0,0,0,0,0.000419843807638741,0,0.0202416378655793,0,0,0,0.00064555203741563,0,0,0,0,0,0,0,0,0,0,0,0,0,0,0,0,0,0,0,0,0,0,0,0,0,0,0,0,0,0,0,0,0.000101005655227124,0,0,0.000180274772649045,0,0.0645475256308069,0,0.00138514627354719
0,0,0,0,0,0,0,0,0,0,0,0,0,0,0,0,0,0,4.25914118974745e-05,0,0,0,0,0,0,0,0,0,0,0,0,0,0,0,0,0.000728993418401943,1.4257471345975e-05,0,0,0.158288330116455,4.72996268540999e-05,0.0167157105217023,0,0.0419624045622817,0,0,2.03651273231503e-05,0,0,0.00104305519484381,0,0,0,0,0,0,0,0,0,0,0,0,0.0470830301907661,0,0,0,0,0,0,0,0,0,0.00080428770558175,0,0,0,0,0,0.00328021977181817,7.86676445161339e-06,2.29464258526801e-05,0,6.86952771653904e-05,0,0.142206289128033,0.000387883291017715,0
0,0,0,0,0,0,0,0,0,0,1.44143762997064e-05,0,0,0,0,0,0,0,0,0,5.02414189348868e-05,0,0,0,0,0,0,0,0,0,0,0,0,0,0,2.9035024950619e-05,0.00176615684286106,0,1.02961753148362e-05,0.000579891945248896,0.185394964220954,0,0.0215964602884569,0,0.00064555203741563,2.03651273231503e-05,0,0,0.000817574137176825,6.68291026372305e-05,0,0,0,0,0,0,0.0013501319010728,0,0,0,0,0,0,0.0236693192129364,0,0,0,0,0,0,0,0,0,0.00265908079024952,0,0,0,0,0.000149560527574664,0.0145007145349274,0,0.000136813875416164,0.00116194408979256,0,0.189996913092735,0,7.99541474251209e-05
0,0,0,0,0,0,0,0,0,0,0,0,0,0,0,0,0,0,0,0,0,0,0,0,0,0,0,0,0,0,0,0.136684583079741,0.328308978858752,0.0194035479183072,0.0330877760934967,0.00259595525649757,0.00102659466562096,0.0161376979228959,0.004909001648951,0.00148019102893547,0.00282250247864491,2.23231724470445e-05,0.0185911916592937,0,0,0,0,0,0.0398885819053628,0.0485739499635654,0,0,0,0,0,0,0,0,0,0,0,0,0,0,1.76799680345886e-05,0.000353022243968831,0,0,0,0,0,0,0.00112109505722786,0.000196090075679299,0.0954873946287862,0.107725470131249,0.198838538654068,0.1837473487719,0.0491872244355857,0.0559094888667831,0.0329933320177005,0.0489501793289721,0.000474713242399041,0,0.0293425197694889,0,0
8.52422529690525e-05,0,0.00449164740623217,0,0,0,0,0,0.000849652227168552,0,0,0,0,0,0,0,0,0,0,0,0,0,0,0,0.00484094002633932,0,0,0,0,0,0,0,0,0.000571372787520525,0,4.89998650896481e-05,0.00146062651572981,0.00192999748397929,0.00182937383119827,2.78493145510793e-05,0.0594743325869724,0,0.0271317002338414,0,0,0,0.000817574137176825,0.0398885819053628,0,0.0225834903350004,0,0,0,0,0.00194447337544252,0,0.00011563218958365,0,0,0,0,0,0,0,0,0.00242681211489966,0,0.0118554068592746,0,0.00470838988439954,0,8.9576013850553e-05,4.55816127234378e-05,0.0270112778977558,0,0.00247020264252539,0.00137237115749198,0,0.000114180016115131,0.0155342103181174,0.00227556896107988,0.0202623952936977,0.000857256795990637,0,0.0870031441023255,0,0
0,0.000496002276578471,0,0.000693330592795418,0,0,0,0,0,0.000152961303970351,0,0,0,0,0,0,0,0,0,0,0,0,0,0.000854346090961603,0,0,0,0,0,0,0,0,0,0,0.000387573980611775,0.000164692466091328,0.000323708720104279,0.00389187745412937,0,0.0552832535168081,0.0025129353157142,0.00436228202270633,0.00850731752931805,0,0,0.00104305519484381,6.68291026372305e-05,0.0485739499635654,0.0225834903350004,0,0,0,0,0,0,0.00200703940554121,0,0.00233408618541181,0,0.000613687746758801,0,0,0,0,0.00196805956371106,9.18091198842352e-06,0.00482412495901337,0,0.000193277796947061,0,3.9327582348583e-05,0,0.00301664011505538,6.60241315711804e-05,0.00118723570192436,0,0.000525196284872929,0,0.0104044318212957,0.00193748470549223,0.00850202833347648,0.000466049020454683,0.000662739140572379,0,0.0475014093577419,1.03431727992909e-05,0
0,0,0,0,0.0987973605803533,0,0,0,0,0,0,0,0,0,0.000767459685448557,0,0,0,0,0,0,0,0,0,0,0,0,0,0,0,0,0,0,0,0,0,0,0,0,0,0,0,0,0,0,0,0,0,0,0,0,0,0,0,0,0,0,0,0,0,0,0,0,0,0,0,0,0,0,0,0,0,0,0,0,0,0,0,0,0,0,0,0.00480052306364033,0,0,0,0
0,0,0,0,0,0.312295497275685,0,0.163417703957175,0,0,0,0,0,0.0025631995147107,0,0.00082911483111887,0,0,0,0.00355829271503744,0,0,0,0,0,0,0,0,0,0,0,0,0,0,0,0,0,0,0,0,0,0,0,0,0,0,0,0,0,0,0,0,0,0,0,0,0,0.00372530348272999,0,0.00218672504041885,0,0.0235195895067032,0,0,0,0,0,0,0,0,0,0,0,0,0,0,0,0,0,0,0,0,0.0255535492345887,9.39192821778057e-05,0,0,0
0,0,0,0,0,0,0.010878407238998,0,0,0,0,0,0,0,0,0,0,0,0,0,0,0,0,0,0,0,0,0,0,0,0,0,0,0,0,0,0,0,0,0,0,0,0,0,0,0,0,0,0,0,0,0,0,0,0,0,0,0,0,0,0,0,0,0,0,0,0,0,0,0,0,0,0,0,0,0,0,0,0,0,0,0,0.00372646687917111,0,0,0,0
0,0,0,0,0,0,0,0.354012205129374,0,0,0,0,0,0.000281659733542897,0,0,0,0,0,0.00111958704254094,0,0,0,0,0,0,0,0,0,0,0,0,0,0,0,0,0,0,0,0,0,0,0,0,0,0,0,0,0,0,0,0,0,0,0,0,0,0,0,0,0,0,0,0,0,0,0,0,0,0,0,0,0,0,0,0,0,0,0,0,0,0,0.00270878712139278,0,0,0,0
0.00451822676678945,0,0,0,0.0120124014405547,0,0,0,0.220086236948706,0,0,0,0,0,0.00694172740168919,0,0,0,0,0,0,0,0,0,0.000697157439995669,0,0,0,0,0,0,0,0,0,0,0,0,0,0,0,0,0,0,0,0,0,0,0,0.00194447337544252,0,0,0,0,0,0,0,0,0,0,0,0,0,0,0,0,0,0,0,0,0,0,0,0,0,0,0,0,0,0,0,0,0,0.00291801069456537,0.000491806454604348,0,0,0
0,0.105302558038669,0,0.0030171342919194,0,0.0345845944146179,0,0,0,0.0341289026891033,0,0,0,0,0,0,0,0,0,0,0,0,0,0.0226441341393142,0,0,0,0,0,0,0,0,0,0,0,0,0,0.00330896995338457,0,0,0,0,0,0,0,0,0,0,0,0.00200703940554121,0,0,0,0,0,0,0,0,0,0,0,0.0288915621256338,0,0,0,0,0.0548730318030204,0,0.003650844222007,0,0,0,0,0,0,0,0,0,0,0,0.00341623636631431,0,0.000603768328410202,6.05215578384257e-06,0.0139120936196381,0,0
0,0,0,0,0,0,0.00104845099740684,0,0,0,0.0343251948664352,0,0.00587499358933366,0,0,0,0,0,0,0,0.00116085604186969,0,0,0,0,0,0,0,0,0,0,0,0,0,0,0,0,0,0,0,0.000360556287772382,0,0.0084324287385141,0,0,0,0.0013501319010728,0,0.00011563218958365,0,0,0,0,0,0,0,0,0,0.0013337356827144,0,0,0,0,0.0228900741222216,0,0,0,0,0,0,0,0.0103941234653634,0,7.68561516614299e-05,0,0,0,0,0,5.73214537907926e-05,0,9.45605444888965e-06,0.00601266404400589,0,0.0243415314656522,0,5.07221827475075e-05
0,0,0,0.00802562598893773,0,0,0,0.00975411303749377,0,0,0,0.145058729575547,0,0.0947708772088542,0,0,0,0,0,0.0174159212771254,0,0,0,0,0,0,0,0.0422555328510405,0,0.00193003797329129,0,0,0,0,0,0.00531624001665625,0,0.0467760360769998,0,9.78971600657036e-05,0,0.0141259089090663,0,0,0,0,0,0,0,0.00233408618541181,0,0.00372530348272999,0,0,0,0,0,0,0,0.083373691081006,0,0.000256651561358012,0.0132021169533793,0,0,0,0,0,0,0,0.0377453436522605,0,0.0414765221626159,0,0,0,0,0,0.00269241646095739,0,0.0193905186132979,0,0.0137189788138783,0.023053104269914,0.0354609484203641,0.000983557134852665,0
0,0,0,0,0,0,0.0181742669336904,0,0,0,0.0235124528188095,0,0.056076892332175,0,0,0,0,0,0,0,0,0,0,0,0,0,0,0,0.0195155327486758,0,0,0,0,0,0,0,0,0,0,0,0,0,0,0,0,0,0,0,0,0,0,0,0,0,0,0,0.0013337356827144,0,0,0,0,0,0,0,0,0,0,0,0,0,0,0.000709762089797123,0,0,0,0,0,0,0,0,0,0,0.00520328052639005,0.000230220681795983,0,0,0
0,0.00034677356544658,0,0.00263223398265967,0,0.000249725205566903,0,0.0641637963235182,0,0,0,0.267089568755777,0,0.598346852606646,0,0.000495997083110791,0,0,0,0,0,0,0,0,0,0,0,0.00973235130396916,0,0,0,0,0,0,0,0,0,0,0,0,0,0,0,0,0,0,0,0,0,0.000613687746758801,0,0.00218672504041885,0,0,0,0,0,0.083373691081006,0,0,0,0.0512107181646664,0,0,0,0,0,0,0,0,0.00945221391884513,0,0,0,0,0,0,0,0,0,0,0,0.0280381597670547,0.0440559128420343,0,0,0
0,0,0,0,0,0,0,0,0,0,0,0,0,0,0,0,0,0,0,0,0,0,0,0,0,0,0,0,0,0,0,0,0,0,0,0,0,0,0,0,0,0,0,0,0,0,0,0,0,0,0,0,0,0,0,0,0,0,0,0,0,0,0,0,0,0,0,0,0,0,0,0,0,0,0,0,0,0,0,0,0,0,0,0,0,0,0
0,0.00455391338568058,0,0.00317176919349091,0,0.00710066744755414,0,0,0,0.0015337062662005,0,0,0,0.00675399847483516,0,0.162047383365027,0,0,0,0,0,0,0,0.00048697438586176,0,0,0,0,0,0,0,0,0,0,0,0,0,0,0,0,0,0,0,0,0,0,0,0,0,0,0,0.0235195895067032,0,0,0,0.0288915621256338,0,0.000256651561358012,0,0.0512107181646664,0,0,0,0,0,0,0.00339646028072788,0,0,0,0,0,0,0,0,0,0,0,0,0,0,0,0.00641152020420053,0.00165001020200522,0,0,0
0,0,0,0,0,0,0,0,0,0,0,0.015635734971389,0,0,0,0,0,0,0,0.00709321137107209,0,0,0,0,0,0,0,0,0,0,0,0,0,0,0,0.0312850418700946,0,0.00474276831534069,0,0.0420969946615219,0,0.012184178898362,0,3.14575249996943e-05,0,0.0470830301907661,0,0,0,0,0,0,0,0,0,0,0,0.0132021169533793,0,0,0,0,0,0,0,0,0,0,0,0,0,0,0.0015357924800518,0,0,0,0,0,0.00665720500644485,0,0.00654660619028976,0,0.00181655962604495,0,0.0311118231873046,0.00276184021602139,0
0,0,0,0,0,0,0,0,0,0,0.0217383814295253,0,0,0,0,0,0,0,0,0,0.0102522549560413,0,0,0,0,0,0,0,0,0,0.000154816669821361,0,0,0,0,0,0.0026310956241836,0,0.00253876018641946,0,0.0407241380012089,0,0.000125493203775064,0,0,0,0.0236693192129364,0,0,0,0,0,0,0,0,0,0.0228900741222216,0,0,0,0,0,0,0,0,0,0,0,0,0,0,0.000132152044971535,0,0.0146195595099351,0,0,0,0,0,0.00621476195074687,0,0.00632472469123374,0,0,0.0260659491265671,0,0
0,0,0,0,0,0,0,0,0,0,0,0,0,0,0,0,0,0,0,0,0,0.15502347180334,7.3631682095087e-05,0.00037524644348476,0,0,0,0.0033324177811495,0,0,0,0,0,0,0,0,0,0.0349475009323025,0,0,0,0,0,0,0,0,0,1.76799680345886e-05,0,0.00196805956371106,0,0,0,0,0,0,0,0,0,0,0,0,0,0,0,0,0,0,6.28148648814785e-06,0,4.4986349085709e-05,0,0,0,0,0,0,0,0,0,0.029327437756687,8.08977079207532e-06,0.0135617157979964,0.00626668809636952,0,0,0
0,0,0,0,0,0,0,0,0,0,0,0,0,0,0,0,0,0,0,0,0,0.148166076429925,0.271861630974614,0,0,0,0,0,0.00306234824227116,0,0,0,0,0,0,0,0,0.000206928027847823,0.0035192916810787,0,0,0,0,0,0,0,0,0.000353022243968831,0.00242681211489966,9.18091198842352e-06,0,0,0,0,0,0,0,0,0,0,0,0,0,0,0,0,0,0,0,2.45356568507691e-05,0,0.0088184426191416,0,0,0,0,3.41777641818227e-05,0,0,0,2.78533843576091e-06,0.00435928727601285,0.0207882385983109,0.0136216187465999,0.00102357574171114,0,0
0,0.00105917566477591,0,0,0,0,0,0,0,0.00230168415588608,0,0,0,0,0,0,0,0,0,0,0,0.00385445135834281,0,0.207103713509211,0,0,0,0,0,0,0,0,0,0,0,0,0,0.0489209699265572,0,0,0,0,0,0,0,0,0,0,0,0.00482412495901337,0,0,0,0,0,0.0548730318030204,0,0,0,0,0,0.00339646028072788,0,0,0,0,0,0,0.0711066874238342,0,9.1952033181871e-05,0,0,0,0,0,0,0,0,0,0.0197215115849357,0,0.000626467958876888,0,0.0146832030008764,0,0
0,0,0,0,0,0,0,0,0.000238132456844141,0,0,0,0,0,0,0,0,0,0,0,0,0,0,0,0.00110393799931863,0,0,0,0,0,0,0,0,0,0,0,0,0,0.00822002447537259,0,0,0,0,0,0,0,0,0,0.0118554068592746,0,0,0,0,0,0,0,0,0,0,0,0,0,0,0,0,0,0,0,0,0.00225993450665229,0,0,0,0,0,0,0,0,0,0,0,0.000853956152497413,0.000470034479816299,0,0.00532883495662533,0,0
0,0,0,0,0,0,0,0,0,0,0,0,0,0,0,0,0,0,0,0,0,0,0,0.0117845604174967,0,0.000241138171986677,0,0,0,0,0,0,0,0,0,0,0,0.000112916545226139,0,0,0,0,0,0,0,0,0,0,0,0.000193277796947061,0,0,0,0,0,0.003650844222007,0,0,0,0,0,0,0,0,6.28148648814785e-06,0,0.0711066874238342,0,0,0,0.0139204416984887,0,0,0,0,0,0,0,0,0,2.97429972968498e-05,0,3.15076125366687e-06,0,0.000209720116053861,0,0
0,0,0,0,0,0,0,0,0,0,0,0,0,0,0,0,0,0,0,0,0,0,0.037226138240699,0,0,0,0.0341175656116976,0,0.00980052723656574,0,0,0,0,0,0,0,0,0,0,0,0,0,0,0,0,0,0,0,0.00470838988439954,0,0,0,0,0,0,0,0,0,0,0,0,0,0,0,0,2.45356568507691e-05,0,0.00225993450665229,0,0,0,0.0106075166586023,0,0,0,0,0,0,0,0,0,0,0,0,0.000133552467736472,0,0
0,0,0,0,0,0,0,0,0,0,0,0.0761464574013814,0,0.00228068685515732,0,0,0,0,0,0,0,0.000998241345591456,0,0,0,8.27780313557014e-05,0,0.328465474286663,0,0.350523199609003,0,0,0,0,0,0,0,0,0,0,0,0,0,0,0,0,0,0,0,3.9327582348583e-05,0,0,0,0,0,0,0,0.0377453436522605,0,0.00945221391884513,0,0,0,0,4.4986349085709e-05,0,9.1952033181871e-05,0,0.0139204416984887,0,0,0,0.0368622745496155,0,0,0,0,0,0,0,0,0,0.000866957534971691,6.65199774665547e-05,0,0,0
0,0,0,0,0,0,0,0,0,0,0,0,0.0129926690375343,0,0,0,0,0,0,0,0,0,0.0291569229643458,0,0,0,0,0,0.247545751669493,0,0.00782391824600253,0,0,0,0,0,0,0,0.00581722093099743,0,0,0,0,0,0,0,0,0,8.9576013850553e-05,0,0,0,0,0,0,0,0.0103941234653634,0,0.000709762089797123,0,0,0,0,0.000132152044971535,0,0.0088184426191416,0,0,0,0.0106075166586023,0,0,0,0.000623363517371142,0,0,0,0,0,0,0,2.54567452427906e-05,0.00481015118510562,0,8.12924469731173e-06,0,0
0,0,0,0,0,0,0,0,0,0,0,0.0238953421016236,0,0,0,0,0,0,0,0.000153917193529196,0,0,0,0,0,0,0,0.0431146701271164,0,0.062371703210354,0,0,0,0,0,0,0,0.0260828763681569,0,0.0232735003030704,0,0.0141009607823264,0,0,0,0.00080428770558175,0,0.00112109505722786,4.55816127234378e-05,0.00301664011505538,0,0,0,0,0,0,0,0.0414765221626159,0,0,0,0,0.0015357924800518,0,0,0,0,0,0,0,0.0368622745496155,0,0,0,0,0,0,0,0.000128247980033357,0,0.0293115469453366,1.89155399688515e-05,0.000708331315821423,0,0.025737189469048,0.00783532799278877,0
0,0,0,0,0,0,0,0,0,0,0,0,0,0,0,0,0,0,0,0,0.00907529543908655,0,0,0,0,0,0,0,0.0326850815380195,0,0.0930783290726707,0,0,0,0,0,0,0,0,0,0.0052738747383822,0,0.0145799407229782,0,0,0,0.00265908079024952,0.000196090075679299,0.0270112778977558,6.60241315711804e-05,0,0,0,0,0,0,7.68561516614299e-05,0,0,0,0,0,0,0.0146195595099351,0,0,0,0,0,0,0,0.000623363517371142,0,0,0,0,0,0,0,0.00064010198750467,1.27521986131381e-05,0.0106738039460238,0.000111037214740621,0,0.0386860835714388,0,0.00150559130651507
0,0,0,0,0,0,0,0,0,0,0,0,0,0,0,0,0,0,0,0,0,0,0,0,0,0,0,0,0,0,0,0.544273040238307,1.09265225577021,0.00211683702331324,0,0.0109434631136589,0.00489129513043755,0,0,0.000123346653427783,0,0,0,0,0,0,0,0.0954873946287862,0,0.00118723570192436,0,0,0,0,0,0,0,0,0,0,0,0,0,0,0,0,0,0,0,0,0,0,0,0,0,0.232608264026174,0.120891014245301,8.99319630013702e-05,0.0250541288189574,0.00187475661407369,0,0.000106007613099936,0.00484143272854256,0,0,0,0
0,0,0,0,0,0,0,0,0,0,0,0,0,0,0,0,0,0,0,0,0,0,0,0,0,0,0,0,0,0,0,0.676384949244974,0.355005013989955,0.00190044319767678,0.00178239256718386,0.00372237451326302,0.00484916950370372,0,0,0,2.22977291433487e-05,0,0,0,0,0,0,0.107725470131249,0.00247020264252539,0,0,0,0,0,0,0,0,0,0,0,0,0,0,0,0,0,0,0,0,0,0,0,0,0,0.232608264026174,0,0,0.0877575120179038,0.00290245585951905,0.00548333342167988,0,0,0.00156486375874914,0,0,0,0
0,0,0,0,0,0,0,0,0,0,0,0,0,0,0,0,0,0,0,0,0,0,0,0,0,0,0,0,0,0,0,0,0,0.0599468768996029,0.381001329913573,6.55486983305309e-05,0,3.48395624314435e-05,0.00180746778168443,0,0,0,0.000243018807515111,0,0,0,0,0.198838538654068,0.00137237115749198,0.000525196284872929,0,0,0,0,0,0,0,0,0,0,0,0,0,0,0,3.41777641818227e-05,0,0,0,0,0,0,0,0,0.120891014245301,0,0,0.124325520004667,0.000385295123749077,3.30514333622527e-05,0.000775790368463082,0.00399689237975896,0.0017827318167204,0,0.000475038351777485,0,0
0,0,0,0,0,0,0,0,0,0,0,0,0,0,0,0,0,0,0,0,0,0,0,0,0,0,0,0,0,0,0,0.0551224249650224,0.00100013445010218,0.526837943827651,0.0622033675675032,0,0,0.00383230377885106,0.00187947207642158,0,0,0,0,0,0,0,0,0.1837473487719,0,0,0,0,0,0,0,0,0,0,0,0,0,0,0,0,0,0,0,0,0,0,0,0,0,0,8.99319630013702e-05,0.0877575120179038,0.124325520004667,0,0.000646743651705081,4.11523542157076e-05,0.0060662852004407,0.00100294710657475,0.00218649129147953,0,0,0,0
0,0,0,0,0,0,0,0,0,0,0,0.00211638484560957,0,0,0,0,4.12863023225318e-05,3.11981207238676e-05,0.000539997714845981,0.0195071574617778,0,0,0,0,0,0,0,0,0,0,0,0.0513141327248119,0.0258231439237486,0.00641668251623735,0,0.10762241109966,0.0508182019931736,0.0015991109012115,0.000155340297575941,0.0267479427457163,0.00127704317053781,0.0170357904797125,0.000116739469104871,0.00103920685178876,0,0.00328021977181817,0.000149560527574664,0.0491872244355857,0.000114180016115131,0.0104044318212957,0,0,0,0,0,0,0,0.00269241646095739,0,0,0,0,0.00665720500644485,0,0,0,0,0,0,0,0,0,0.000128247980033357,0,0.0250541288189574,0.00290245585951905,0.000385295123749077,0.000646743651705081,0,0.0086857859135604,0.000348422808110922,0,0.0410798849673857,0.016222266444249,0.00747597406559099,0.000539448751718534,1.65078294880911e-06
0,0,0,0,0,0,0,0,0,0,0.000406123191294544,0,0,0,0,0,1.02984108808009e-05,0,6.2515871536328e-05,0,0.0367171368307645,0,0,0,0,0,0,0,0,0,0,0.0029928003478967,0.0065515356410688,0.000495861729749746,0.000147883370829585,0.025325150023441,0.159888916317663,0,0.0137287781771491,0.00117423420345761,0.0142769072944303,0,0.0172394091641498,0,0.000101005655227124,7.86676445161339e-06,0.0145007145349274,0.0559094888667831,0.0155342103181174,0.00193748470549223,0,0,0,0,0,0,5.73214537907926e-05,0,0,0,0,0,0,0.00621476195074687,0,0,0,0,0,0,0,0,0,0.00064010198750467,0.00187475661407369,0.00548333342167988,3.30514333622527e-05,4.11523542157076e-05,0.0086857859135604,0,0,0.00124894826762988,0.031382056415186,0.0288310503407085,0.00885263282273441,0,8.14975251602969e-06
0,0,0,0,0,0,0,0,0,0.000865722494288545,0,0.0261120010774763,0,0,0,0,0,0,0,0.00941463786730856,0,0.0109758032398271,0,0.0170182813283263,0,0,0,0,0,0.0094411200016304,0,0,0,0.000733732988393313,0.00982168306033828,0.0218925505343331,0,0.119228854272677,0.00371009326567073,0.00243198224250409,0,0.00204728051797758,0.000429645740531378,0,0,2.29464258526801e-05,0,0.0329933320177005,0.00227556896107988,0.00850202833347648,0,0,0,0,0,0.00341623636631431,0,0.0193905186132979,0,0,0,0,0.00654660619028976,0,0.029327437756687,2.78533843576091e-06,0.0197215115849357,0,2.97429972968498e-05,0,0,0,0.0293115469453366,1.27521986131381e-05,0,0,0.000775790368463082,0.0060662852004407,0.000348422808110922,0,0,0.0110672153858505,0.0105577940945667,0.000126336589279764,0.00862702856047232,0.000598395183864581,0
0,0,0,0,0,0,0,0,0,0,0.00619730528669108,0,0,0,0,0,0,0,0,0,0.00759314212608471,0,0.0207187969452981,0,0.0234547011686029,0,0,0,2.29134765119258e-05,0,0,0,0,0.00368518133323022,0.00945225308176422,0,0.000189437043671524,0.0169764963414857,0.0758582104115024,0,0.000728006869229916,0,0.00240647509390974,0,0,0,0.000136813875416164,0.0489501793289721,0.0202623952936977,0.000466049020454683,0,0,0,0,0,0,9.45605444888965e-06,0,0,0,0,0,0,0.00632472469123374,8.08977079207532e-06,0.00435928727601285,0,0.000853956152497413,0,0,0,2.54567452427906e-05,1.89155399688515e-05,0.0106738039460238,0.000106007613099936,0,0.00399689237975896,0.00100294710657475,0,0.00124894826762988,0.0110672153858505,0,0.00921738645557427,0.000284839948520078,0.0215935262097313,0,5.70765145104399e-05
0.000481057343909821,0.000803544735058778,0.00120193259909963,0.000666128662526898,0.00301898579958782,0.0108515153351357,0.00265514018876446,0.000770613315679061,0.0049095943970734,0.0046441157211826,0.0117663698922672,0.00338281100972892,0.00380592253478921,0.00292526748328829,0.00047121383438016,0.00123654834678654,0.00574221517446089,0.00591028095293501,0.0210037507902021,0.00010496602059766,0,0.0115576088339378,0.0141848894756789,7.94380822365874e-05,0.00277588151417921,0,0,0.000544267849761245,0.00430989283446117,4.30250795707372e-05,0.000109963470573035,0.00196242871048552,0.00591876083826366,0.000891240111123471,0.000953737719526546,0.0216025216960204,0.0267969504397514,0.00162936376815117,0.00821312282122265,0.000392445010013865,6.6582704259543e-05,0.000761510686480405,0.00352559000739041,0.000298372360866034,0.000180274772649045,6.86952771653904e-05,0.00116194408979256,0.000474713242399041,0.000857256795990637,0.000662739140572379,0.00480052306364033,0.0255535492345887,0.00372646687917111,0.00270878712139278,0.00291801069456537,0.000603768328410202,0.00601266404400589,0.0137189788138783,0.00520328052639005,0.0280381597670547,0,0.00641152020420053,0.00181655962604495,0,0.0135617157979964,0.0207882385983109,0.000626467958876888,0.000470034479816299,3.15076125366687e-06,0,0.000866957534971691,0.00481015118510562,0.000708331315821423,0.000111037214740621,0.00484143272854256,0.00156486375874914,0.0017827318167204,0.00218649129147953,0.0410798849673857,0.031382056415186,0.0105577940945667,0.00921738645557427,0,0.0491414421452059,0.0147494129667033,2.52544475227846e-05,0.000426022234677432
0.000757358093753711,0,0,0,3.33103462382993e-05,0.000129835969101206,0,0.000226015673826156,0.00150902631637745,0.0010872401897197,0,0.0135413747307088,0,0.0133031408684871,0,0.000966966809725459,0,7.20921744888265e-05,0.000159116238051895,0,0,0.0131180323404425,0.010110807092862,0,0,0,0,0.00013230298585808,0,0,0,0,0,0,0,0.0167793122190031,0.0205570631565213,6.48224994102427e-05,0.000373170634547068,0,0,0,0,4.11719777778253e-06,0,0,0,0,0,0,0,9.39192821778057e-05,0,0,0.000491806454604348,6.05215578384257e-06,0,0.023053104269914,0.000230220681795983,0.0440559128420343,0,0.00165001020200522,0,0,0.00626668809636952,0.0136216187465999,0,0,0,0,6.65199774665547e-05,0,0,0,0,0,0,0,0.016222266444249,0.0288310503407085,0.000126336589279764,0.000284839948520078,0.0491414421452059,0,0.000769877428024566,0,0
0.00743040347004964,0.0255283156273474,0.00755325954024109,0.000145275402178638,0,0.000199100786986847,0,0,0,0.0147833958689699,8.84144430630814e-05,0,0,0,0,0,8.73453932162756e-05,0.000188048517746501,0.0785497348441941,0,0.000830056396909755,0,0,0.00175713158513442,0.00151359148918321,0,0,0,0,0,0,0,0,0.0037721802000436,0,0.00259130109006467,0.00384487927481963,0.0153371569374002,0.00433757939644184,0.075214264629674,0.0572449350808425,0.275473088836931,0.182315959921295,0.056672224564359,0.0645475256308069,0.142206289128033,0.189996913092735,0.0293425197694889,0.0870031441023255,0.0475014093577419,0,0,0,0,0,0.0139120936196381,0.0243415314656522,0.0354609484203641,0,0,0,0,0.0311118231873046,0.0260659491265671,0,0.00102357574171114,0.0146832030008764,0.00532883495662533,0.000209720116053861,0.000133552467736472,0,8.12924469731173e-06,0.025737189469048,0.0386860835714388,0,0,0.000475038351777485,0,0.00747597406559099,0.00885263282273441,0.00862702856047232,0.0215935262097313,0.0147494129667033,0.000769877428024566,0,0.0749983587886912,0.0632903020180235
0,0,0,0,0,0,0,0,0,0,0,0,0,0,0,0,0,0.000387437495296804,0.0457472658142588,0,0,0,0,0,0,0,0,0,0,0,0,0,0,0,0,0,0,0,0,0.00168658148761724,0,0.159513148974071,4.83274219295182e-05,0.0389843485037757,0,0.000387883291017715,0,0,0,1.03431727992909e-05,0,0,0,0,0,0,0,0.000983557134852665,0,0,0,0,0.00276184021602139,0,0,0,0,0,0,0,0,0,0.00783532799278877,0,0,0,0,0,0.000539448751718534,0,0.000598395183864581,0,2.52544475227846e-05,0,0.0749983587886912,0,0
