0,0,19.541294157505,0,0,0,0,0,20.2578983008862,0,0,0,0,0,0,0,6.92366361618042,0,54.9594398289919,0,1.25403460860252,0,0,0,4.09712344408035,0,0,0,0,0,0,0,0,0,0,0,2.65196101367474,0,26.2875696122646,0,0.503200352191925,0,29.4196500331163,0,0,0,0.733581632375717,4.58424344658852,258.595509648323,0,0,0,0,0,189.685346409678,0,44.7620975375175,0,0,0,1.86693701148033,0,0,3.15648207068443,0,0,0,143.440924063325,0,0,0,24.2129046320915,0,7.56357301771641,0,0,0,0,0,41.2071596905589,0,81.9210714548826,221.823469564319,3.08727765083313,790.131477579474,0,0
0,0,0,117.086264669895,0,0,0,0,0,136.830662593246,0,0,0,0,0,0,0,0,3.91186392307281,0,0,0,0,1.90768156945705,0,0.226356118917465,0,0,0,0,0,0,0,0,0,0.471521019935608,0,22.9796597361565,0,4.64574961364269,0,15.4774074405432,0,0,0,0,0,9.75140175223351,0,223.831562191248,0,0,0,0,0,13.1202286779881,0,0,0,0,0,1.31807854771614,0,0,0,0,31.5011727958918,0,125.164552405477,0,1.9132661819458,0,2.44630283117294,0,0,0,0,0,0.596179142594337,0,0.417387992143631,0,151.244014263153,0,707.675603225827,0,0
19.541294157505,0,0,0,28.73257791996,0,0,0,9.26226916909218,0,0,0,0,0,0,0,0,0,0.538484841585159,0,0,0,0,0,0,0,0,0,0,0,0,0,0,0,0,0,0,0,0.611403524875641,0,0.579189121723175,0,35.7933150157332,0,0,0,0.553715586662292,0,516.089015632868,0,10.4425310790539,0,0,0,76.6462508440018,0,7.70013651251793,0,7.58445143699646,0,12.1322871744633,0,0,0.785523653030396,0,0,0,0,0,0,0,20.6730129867792,0,21.3995928764343,0,0,0,0,0,1.20539141446352,0,1.68667085468769,63.8613116890192,0.144193530082703,315.056667268276,0,0.218771919608116
0,117.086264669895,0,0,0,61.4921951591969,0,0,0,7.53760404884815,0,0.423261016607285,0,0,0,0,0,0.442678362131119,19.370395436883,0,0,0,0,2.39607372879982,0,0,0,0,0,0,0,0,0,0,0,6.20527438819408,0,5.01937448233366,0,18.2481181919575,0,195.287254922092,5.54096164554358,0,0,19.1534744948149,0,4.2762103676796,13.1806748956442,146.072274535894,0,123.843579947948,0,0,0,22.2056968212128,0,8.84150552749634,0,32.3072060644627,0,119.087005913258,3.80276960134506,0,0,0,1.59689056873322,0,0.715789273381233,0,2.21459719538689,0,19.6879878938198,0,0,0,0,0,11.2211622968316,0,11.3132596164942,0,227.583057448268,16.7638023495674,442.393654331565,5.33129873871803,0
0,0,28.73257791996,0,0,0,243.124155879021,0,0,0,0,0,0,0,0,0,0,0,0,0,177.975727036595,0,0,0,0,0,0,0,0,0,0,0,0,0,0,0,0,0,0,0,0.382709443569183,0,21.4871105402708,0,0,0,0.396669968962669,0,1.83792704343796,0,963.156483769417,0,35.3060266375542,0,5.28115803003311,0,9.8273658901453,0,7.56156955659389,0,11.7092713713646,0,0,45.9780018031597,0,0,0,0,0,0,0,2.05839252471924,0,2.33419695496559,0,0,0,0,0,5.21033227443695,0,0.769289717078209,1392.83693404496,0,116.750156074762,0,0
0,0,0,61.4921951591969,0,0,0,80.2591045796871,0,0,0,39.9351726472378,0,7.00990152359009,0,0,0,0,0,0,0,0,0,0,0,0,0,0,0,0,0,0,0,0,0,51.9199640452862,0,0,0,0,0,5.80903169512749,2.66566586494446,0,0,10.0095732808113,0,0.251770496368408,0,0,0,37.6906115412712,0,71.1236163079739,0,0,0,20.9573140740395,0,2.40151524543762,0,2.00864201784134,11.3644623756409,0,0,0,0,0,0,0,0,0,0,0,0,0,0,0,0,0,0,0,1152.27361544967,0,253.134680956602,0,0
0,0,0,0,243.124155879021,0,0,0,0,0,55.7589286863804,0,47.0810239315033,0,0,0,0,0,0,0,0.818303763866425,0,0,0,0,0,0,0,0,0,0,0,0,0,0,0,0,0,0,0,0,0,0,0,0,0,0,0,0,0,156.004723191261,0,1417.27915483713,0,0,0,88.8760116100311,0,2.92397665977478,0,0,0,0,0,0,0,0,0,0,0,0,0,0,0,0,0,0,0,0,0,0,0,284.194959402084,0,0,0,0
0,0,0,0,0,80.2591045796871,0,0,0,0,0,103.272507429123,0,60.6613869667053,0,0,0,0,0,19.9081637859344,0,0,0,0,0,0,0,0,0,0,0,0,0,0,0,0,0,0,0,0,0,0,0,0,0,0,0,0,0,0,0,29.0762469172478,0,989.837744325399,0,0,0,246.940269559622,0,8.35152876377106,0,0,0,0,0,0,0,0,0,0,0,0,0,0,0,0,0,0,0,0,0,0,388.640680074692,0,0,0,0
20.2578983008862,0,9.26226916909218,0,0,0,0,0,0,0,0,0,0,0,119.319446444511,0,79.8689192831516,0,48.4520177841187,0,0,0,0,0,291.261038467288,0,85.028010904789,0,0,0,0,0,0,0,0,0,0,0,12.4985727220774,0,0.202976688742638,0,91.8837492465973,0,0,0,1.69936795532703,0,25.9925023466349,0,0,0,0,0,1160.45295092463,0,49.522568911314,0,0,0,46.2448839247227,0,0,0.733700796961784,0,0,0,192.749275803566,0,105.904201745987,0,133.83206884563,0,46.2020307481289,0,0,0,0,0,7.73265045881271,0,83.6397784203291,174.951238706708,0.604934573173523,411.369002565742,0,3.60706296563148
0,136.830662593246,0,7.53760404884815,0,0,0,0,0,0,0,0,0,0,0,102.751140773296,0.299377858638763,2.46089947223663,15.5099520683289,0,0,0,0,91.0884907692671,0,0.806006133556366,0,0,0,0,0,0,0,0,0,0,0,48.7808687388897,0,3.59099711477757,0,85.1217511445284,0.862883031368256,0,0,0,0,1.33410665392876,0,82.9225763529539,0,0,0,0,0,391.581029966474,0,0,0,0,0,0,0,0,0,0,42.9150710254908,0,0.552431523799896,0,2.2064710855484,0,0.309899836778641,0,0,0,0,0,3.2602750658989,0,4.43210749328136,0,401.285586521029,3.239970728755,179.230589054525,3.44512829184532,0
0,0,0,0,0,0,55.7589286863804,0,0,0,0,0,556.154689475894,0,0,0,0,0,0,0,126.076518073678,0,0,0,0,0,0,0,498.325214207172,0,152.117422699928,0,0,0,0,0,68.3666095733643,0,890.238734513521,0,0,0,0,0,0,0,0,0,0,0,0,0,2.46936601400375,0,0,0,2099.52538898587,0,51.9937173128128,0,0,0,0,0,0,0,0,0,0,0,0,0,0,16.7186788320541,0,0,0,0,0,0,0,27.6261697560549,961.682368546724,0,0,0,0
0,0,0,0.423261016607285,0,39.9351726472378,0,103.272507429123,0,0,0,0,0,1191.45804357529,0,0,0,0,0,0,0,0,0,0,0,0,0,1.62720286846161,0,170.857153266668,0,0,0,0,0,235.856635719538,0,11.9283487796783,0,0,0,0,0,0,0,0,0,0,0,0,0,0.666298091411591,0,2.70764076709747,0,0,0,894.689756765962,0,61.7736238241196,0,0,0.780427545309067,0,0,0,0,0,0,0,8.37941205501556,0,224.411231815815,0,0,0,0,0,0,0,3.75820568203926,0,374.644424587488,0,10.2786973118782,0,0
0,0,0,0,0,0,47.0810239315033,0,0,0,556.154689475894,0,0,0,1,0,0,0,0,0,0,0,0,0,0,0,0,0,58.6924248933792,0,0,0,0,0,0,0,0,0,0,0,0,0,0,0,0,0,0,0,0,0,0,0,0,0,0,0,3.83264422416687,0,1235.94367836416,0,0,0,0,0,0,0,0,0,0,0,0,13.81174659729,0,0,0,0,0,0,0,0,0,0,439.59846124053,211.773815274239,0,0,0
0,0,0,0,0,7.00990152359009,0,60.6613869667053,0,0,0,1191.45804357529,0,0,0,0,0,0,0,0,0,0,0,0,0,0,0,30.3063335418701,0,0,0,0,0,0,0,0,0,0,0,0,0,0,0,0,0,0,0,0,0,0,0,0,0,67.1306159496307,0,0,0,7.68772423267365,0,836.575057387352,0,0,0,0,0,0,0,0,0,0,293.770673930645,0,0,0,0,0,0,0,0,0,0,0,93.9682331085205,0,0,0,0
0,0,0,0,0,0,0,0,119.319446444511,0,0,0,1,0,0,0,8,0,0,0,0,0,0,0,5.10398745536804,0,4.25077396631241,0,0,0,0,0,0,0,0,0,0,0,0,0,0,0,0,0,0,0,0,0,0,0,0,0,0,0,53.7090113610029,0,0,0,0,0,188.326638460159,0,0,0,0,0,0,0,0,16.2122268974781,0,0,0,0,0,0,0,0,0,0,0,0,2.79580676555634,0,0,0,0
0,0,0,0,0,0,0,0,0,102.751140773296,0,0,0,0,0,0,0,0,0,0,0,0,0,22.3219734430313,0,0.345642596483231,0,0,0,0,0,0,0,0,0,0,0,0,0,0,0,0,0,0,0,0,0,0,0,0,0,0,0,0,0,3.17046058177948,0,0,0,0,0,2.77272254228592,0,0,0,0,0,0,0,0,0,0,0,0,0,0,0,0,0,0,0,0,0,0,0,0,0
6.92366361618042,0,0,0,0,0,0,0,79.8689192831516,0.299377858638763,0,0,0,0,8,0,0,11065.4594344199,3498.3526571095,0,3.04853874444962,0,60.3389987945557,0,0,0,35.785129070282,0,0,0,0,0,0,0,0,3.03987492620945,16.7400770559907,3.90456706285477,15.2587653249502,63.3771360069513,7.96562334895134,39.9030294716358,80.2048204988241,0,0,5.39319370687008,39.127211779356,0,0.689881548285484,9.4945220053196,0,0,0,0,0,0,0.210251823067665,0,0,0,0,0,0,31.5098249018192,0,68.1579276025295,0,0,0,27.4391865730286,0,6.89451684802771,0.236185610294342,86.7766248062253,0,0,0,0,29.3226806968451,178.81286534667,10.0075186640024,172.120915032923,16375.299051106,15128.9115023538,38.9710265696049,1.76802016794682,12.3620067760348
0,0,0,0.442678362131119,0,0,0,0,0,2.46089947223663,0,0,0,0,0,0,11065.4594344199,0,3307.95201519877,0,0,7.93815776705742,0,13.4544814825058,0,238.218262165785,0,233.973341226578,0,0,0,0,0,0,0,5.34647522121668,6.96020895242691,2.86860430240631,1.21321678161621,68.6941660270095,0.380579590797424,41.7392414063215,29.2918495759368,0,0,11.9368259310722,11.7568524032831,0,0,12.43823274225,0,0,0,0,0,0,0,0,0,0,0,0,0,5.04008278995752,3.9754458963871,0,0,0,7.64402738213539,0,0,1.69398325681686,0.818891793489456,23.8830379471183,0,0,0,0,54.8504275530577,64.8500150889158,15.185463257134,35.9415857195854,13235.9694375321,7779.62284725904,49.4466249346733,6.74006172269583,1.54192744940519
54.9594398289919,3.91186392307281,0.538484841585159,19.370395436883,0,0,0,0,48.4520177841187,15.5099520683289,0,0,0,0,0,0,3498.3526571095,3307.95201519877,0,0,31.9164074659348,0,0,11.199455499649,0,0,0,0,0,0,0.220554739236832,0,0,0,0,229.822134315968,221.986757270992,85.1948076635599,123.844572760165,1498.50522908568,74.1509775370359,1262.19223858416,887.577777594328,1.26072454452515,5.74447014927864,234.533132016659,398.53064788878,0,4.68030692636967,1223.64104229957,1.16778236627579,0,0,0,0.299627959728241,0,3.46283182501793,0,0.247349962592125,0,0.175854951143265,0,4.42546701431274,317.390278443694,0,0,3.0981435328722,0,0.780994459986687,0,1.32128268480301,20.8489117473364,20.7930511385202,374.174483329058,0,0,0,0,1668.07864847779,2093.27801825851,1074.62973247468,1195.81936205178,3956.36090584844,286.168662793934,1393.89532815665,110.1952586025,142.355462133884
0,0,0,0,0,0,0,19.9081637859344,0,0,0,0,0,0,0,0,0,0,0,0,0,0,0,0,0,0,0,0,0,0,0,0,0,0,0,458.988413929939,0,225.695913851261,0,0,0,0,0,0,0,1.85092648863792,0,0,0,0,0,0,0,0,0,0,0,3,0,0,0,0,679.160613104701,0,0,0,0,0,0,0,0,0,0,0,0,0,0,0,20.2327396869659,0,44.6660387963057,0,71.1302273273468,0,80.5443240106106,0,0
1.25403460860252,0,0,0,177.975727036595,0,0.818303763866425,0,0,0,126.076518073678,0,0,0,0,0,3.04853874444962,0,31.9164074659348,0,0,0,0,0,0,0,0,0,0,0,2.79748928546906,0,0,0,0,0,1243.79834168404,0,920.627032339573,0.372178494930267,0,0,16.5016584023833,0,0,0,329.775214552879,0,0.928288370370865,0,146.518807783723,0,0,0,0,0,111.498038768768,0,0,0,0,0,0,1395.87865535915,0,0,0,0,0,0,0,0.436797931790352,0,67.2194211483002,0,0,0,0,0,187.956947170198,0,697.174096539617,94.21776945889,0.163251385092735,28.3310702815652,0,0
0,0,0,0,0,0,0,0,0,0,0,0,0,0,0,0,0,7.93815776705742,0,0,0,0,73.7005541324615,393.941301614046,0,403.023041397333,0,10.4005250930786,0,0,0,0,0,0,0,0,0,1388.73264656961,0,0,0,0,0,0,0,0,0,0,0,503.237785920501,0,0,0,0,0,0,0,0,0,0,0,0,0,0,6446.03380988538,0,32.3900175392628,0,94.9473514854908,0,0,0,0,0,0,0,0,0,0,0,103.270608186722,0,1265.66587336361,386.150777280331,0,0,0
0,0,0,0,0,0,0,0,0,0,0,0,0,0,0,0,60.3389987945557,0,0,0,0,73.7005541324615,0,0,207.981272280216,0,260.050724744797,0,275.845631927252,0,0,0,0,0,0,0,0,0,421.880516827106,0,0,0,0,0,0,0,0,0,92.8360416889191,0,0,0,0,0,0,0,0,0,0,0,0,0,0,0,0,4087.59225146472,0,3.94800546765327,0,74.2525829970837,0,131.650822669268,0,0,0,0,0,0,0,0,0,43.368411898613,1275.68435060978,771.176340252161,0,0,0
0,1.90768156945705,0,2.39607372879982,0,0,0,0,0,91.0884907692671,0,0,0,0,0,22.3219734430313,0,13.4544814825058,11.199455499649,0,0,393.941301614046,0,0,0,199.906769856811,0,0,0,0,0,0,0,0,0,0,0,160.611259043217,0,1.02336120605469,0,10.0078759342432,0.18830905854702,0,0,0,0,1.28347384929657,0,10.3872679769993,0,0,0,0,0,274.66817253828,0,0,0,0,0,30.8154173642397,0,0,32.0666884183884,0,1120.06736390293,0,206.671626448631,0,0,0,0,0,0,0,0,0,0.268959552049637,0,1.5020564198494,0,245.988335132599,0,44.6734149754047,1.38425195217133,0
4.09712344408035,0,0,0,0,0,0,0,291.261038467288,0,0,0,0,0,5.10398745536804,0,0,0,0,0,0,0,207.981272280216,0,0,0,242.851161271334,0,0,0,0,0,0,0,0,0,0,0,374.660742759705,0,0,0,0.967506945133209,0,0,0,0,2.15990117192268,6.92435538768768,0,0,0,0,0,57.645423963666,0,0,0,0,0,13.3371845781803,0,0,0,0,137.846833109856,0,1064.54687538743,0,363.61240836978,0,0.762245416641235,0,0,0,0,0,0,0,0,0,37.2454405426979,75.320755302906,0,10.8367037773132,0,0
0,0.226356118917465,0,0,0,0,0,0,0,0.806006133556366,0,0,0,0,0,0.345642596483231,0,238.218262165785,0,0,0,403.023041397333,0,199.906769856811,0,0,0,71.7131376564503,0,0,0,0,0,0,0,0,0,53.5735344290733,0,0,0,0,0,0,0,0,0,0,0,3.71161113679409,0,0,0,0,0,2.53435039520264,0,0,0,28.9794915914536,0,63.6859453469515,0,0,74.9627488851547,0,1.22988086938858,0,1650.33001045883,0,35.4554769098759,0,0,0,0,0,0,0,0,0,0,0,28.6651210784912,0,2.92633253335953,0,0
0,0,0,0,0,0,0,0,85.028010904789,0,0,0,0,0,4.25077396631241,0,35.785129070282,0,0,0,0,0,260.050724744797,0,242.851161271334,0,0,0,342.176274359226,0,0,0,0,0,0,0,0,0,0,0,0,0,0,0,0,0,0,0,0,0,0,0,0,0,10.5373043566942,0,0,0,0,0,22.5750971734524,0,0,0,0,10.9303984642029,0,163.357159554958,0,1209.33729283512,0,234.31222319603,0,0,0,0,0,0,0,0,0,0,65.5177135467529,20.0465046167374,0,0,0
0,0,0,0,0,0,0,0,0,0,0,1.62720286846161,0,30.3063335418701,0,0,0,233.973341226578,0,0,0,10.4005250930786,0,0,0,71.7131376564503,0,0,0,254.244155198336,0,0,0,0,0,0,0,10.355103969574,0,0,0,0,0,0,0,0,0,0,0,0,0,0,0,0,0,0,0,0,0,0,0,0,0,0,5.79826980829239,0,0,0,69.3482550978661,0,2590.30408076942,0,8.32267168164253,0,0,0,0,0,0,0,0,0,3,0,0,0,0
0,0,0,0,0,0,0,0,0,0,498.325214207172,0,58.6924248933792,0,0,0,0,0,0,0,0,0,275.845631927252,0,0,0,342.176274359226,0,0,0,462.373989626765,0,0,0,0,0,0,0,38.6164319068193,0,0,0,0,0,0,0,0,0,0,0,0,0,0,0,0,0,0,0,185.137656748295,0,0,0,0,0,0,54.6679276227951,0,0,0,59.4243071377277,0,1870.8211004734,0,27.4192956089973,0,0,0,0,0,0,0,26.9249130934477,230.912972137332,176.01664429903,0,0,0
0,0,0,0,0,0,0,0,0,0,0,170.857153266668,0,0,0,0,0,0,0,0,0,0,0,0,0,0,0,254.244155198336,0,0,0,0,0,0,0,0,0,38.0812986493111,0,0,0,0,0,0,0,0,0,0,0,0,0,0,0,0,0,0,0,109.770273208618,0,0,0,0,0,0,0,0,0,0,0,0,305.245761677623,0,896.040889069438,0,0,0,0,0,0,0,58.1941133439541,0,51.6128482818604,0,0,0,0
0,0,0,0,0,0,0,0,0,0,152.117422699928,0,0,0,0,0,0,0,0.220554739236832,0,2.79748928546906,0,0,0,0,0,0,0,462.373989626765,0,0,0,0,0,0,0,0,0,366.774857595563,0,0,0,0,0,0,0,0,0,0,0,0,0,0,0,0,0,0,0,0,0,0,0,0,1.87991791963577,0,0,0,0,0,0,0,121.300856754184,0,457.539983376861,0,0,0,0,0,0,0,86.4263968616724,430.554115608335,0,0,0,0
0,0,0,0,0,0,0,0,0,0,0,0,0,0,0,0,0,0,0,0,0,0,0,0,0,0,0,0,0,0,0,0,107.928876295686,33.2438552156091,0,677.982604622841,0,0,0,0,0,0,0,0,0,0,0,4991.08427399397,38.4718303978443,0,0,0,0,0,0,0,0,0,0,0,0,0,0,0,0,0,0,0,0,0,0,0,0,0,540.816431261599,24.7097379118204,188.730355471373,0.770196735858917,110.395253688097,17.9427591264248,0,0,87.3161296844482,0,0,0,0
0,0,0,0,0,0,0,0,0,0,0,0,0,0,0,0,0,0,0,0,0,0,0,0,0,0,0,0,0,0,0,107.928876295686,0,2.78210139274597,13.934206277132,0,299.216560423374,0,0,0,0,0,0,0,0,0,0,160.053372204304,7.42900511622429,0,0,0,0,0,0,0,0,0,0,0,0,0,0,0,0,0,0,0,0,0,0,0,0,0,7.04370719194412,360.041708379984,0,17.0596614778042,0,272.306646808982,0,0,0,0,0,0,0
0,0,0,0,0,0,0,0,0,0,0,0,0,0,0,0,0,0,0,0,0,0,0,0,0,0,0,0,0,0,0,33.2438552156091,2.78210139274597,0,1612.99995872378,203.523495048285,0,270.60970556736,0,0,0,0,3.24359777569771,0,0,0,0,9210.40236258507,75.2436149418354,0,0,0,0,0,0,0,0,0,0,0,0,0,0,0,0,0,0,0,0,0,0,0,0,0,34.4796429499984,0,1618.50259980559,333.449768483639,23.4121596515179,0,46.3490705788136,1.86284679174423,1560.85272702575,62.8356949090958,1.55676698684692,0,0
0,0,0,0,0,0,0,0,0,0,0,0,0,0,0,0,0,0,0,0,0,0,0,0,0,0,0,0,0,0,0,0,13.934206277132,1612.99995872378,0,0,575.195314705372,0,143.96354752779,0,0,0,1.49317991733551,0,0,0,0,1837.20535355806,1189.55170875788,0,0,0,0,0,0,0,0,0,0,0,0,0,0,0,0,0,0,0,0,0,0,0,0,0,0,16.014373511076,71.6647583842278,1370.42950488627,0,47.9328505173326,0,370.00254124403,380.790316343307,0,0,0,0
0,0.471521019935608,0,6.20527438819408,0,51.9199640452862,0,0,0,0,0,235.856635719538,0,0,0,0,3.03987492620945,5.34647522121668,229.822134315968,458.988413929939,0,0,0,0,0,0,0,0,0,0,0,677.982604622841,0,203.523495048285,0,0,510.06214928627,1064.09592823684,0,31.4809233024716,0,48.5626848936081,3.68633038550615,0.273363828659058,0,139.991220206022,0.124437652528286,0.585634827613831,3.6822726726532,10.2520935833454,0,0.650155037641525,0,0,0,0.143177062273026,0,58.4103066921234,0,0,0,0,731.661649733782,0,0,0,0,0,0,0,0,0,0.577879294753075,0.692032873630524,464.421540737152,0,59.0944417119026,0,13052.3803198338,28.9788108021021,1218.86019478738,0,1633.81624373049,159.156828790903,304.201258294284,30.3589772135019,0.704033374786377
2.65196101367474,0,0,0,0,0,0,0,0,0,68.3666095733643,0,0,0,0,0,16.7400770559907,6.96020895242691,221.986757270992,0,1243.79834168404,0,0,0,0,0,0,0,0,0,0,0,299.216560423374,0,575.195314705372,510.06214928627,0,0,1392.75174665451,3.0923533514142,8.19163018465042,3.66783940792084,97.2560417130589,0,0,0.151550695300102,266.729120947421,23.9903181493282,2.05486568808556,0.529563009738922,36.613305836916,0,0,0,0.524675011634827,0,236.422454833984,0,3.99875075370073,0,0,0,0,306.432698637247,0,0,0,0,0,0,0,1.00563238561153,0,12.2597533464432,0,103.191054105759,0,13.7330959439278,2.79570025205612,13426.5407997593,0.952862083911896,1966.93264745176,2582.16735605896,229.036672927439,90.5015386939049,0,35.3536059483886
0,22.9796597361565,0,5.01937448233366,0,0,0,0,0,48.7808687388897,0,11.9283487796783,0,0,0,0,3.90456706285477,2.86860430240631,85.1948076635599,225.695913851261,0,1388.73264656961,0,160.611259043217,0,53.5735344290733,0,10.355103969574,0,38.0812986493111,0,0,0,270.60970556736,0,1064.09592823684,0,0,286.256661653519,10.4628158509731,0,75.5128618106246,2.10746129602194,0,0,25.524383045733,0.183141961693764,137.575520902872,0.305831283330917,155.776782214642,0,0.675280153751373,0,0,0,31.6597742438316,0,0.291817098855972,0,0,0,0,1.39920485764742,0,371.003429561853,0,185.89083725214,0,12.3839274644852,0,7.46044299006462,0,92.7389387786388,0,0,0,543.394953727722,0,815.454790018499,1.6346437484026,16123.4789162427,0,3116.59252171218,248.601350307465,212.708516910672,12.0004953593016,0
26.2875696122646,0,0.611403524875641,0,0,0,0,0,12.4985727220774,0,890.238734513521,0,0,0,0,0,15.2587653249502,1.21321678161621,123.844572760165,0,920.627032339573,0,421.880516827106,0,374.660742759705,0,0,0,38.6164319068193,0,366.774857595563,0,0,0,143.96354752779,0,1392.75174665451,286.256661653519,0,0.614210113883018,0.383814692497253,0.939437568187714,95.2626692131162,0,0,0,151.694868400693,418.3516818434,1736.01215058565,0.424056828022003,0,0,0,0,3.30008500814438,0,325.545058235526,0,0,0,0.924617350101471,0,0,227.861655190587,0,509.72047226131,0,241.570475131273,0,59.2824446558952,0,14.7009712159634,0,190.558642864227,0,0,0,31.8454042673111,0.128592625260353,458.500640884042,3.78905773162842,15242.5169445723,3933.2412661463,1485.87641145289,208.60392780602,0,35.0686806365848
0,4.64574961364269,0,18.2481181919575,0,0,0,0,0,3.59099711477757,0,0,0,0,0,0,63.3771360069513,68.6941660270095,1498.50522908568,0,0.372178494930267,0,0,1.02336120605469,0,0,0,0,0,0,0,0,0,0,0,31.4809233024716,3.0923533514142,10.4628158509731,0.614210113883018,0,1.59438934922218,3413.40900969505,39.9807445406914,1.45255148410797,0,245.791661560535,6.07327598333359,97.2422016113997,0,436.76545971632,0,0.26381903886795,0,0,0,0,0.0940333604812622,0,0,0.267939358949661,0,0,6.07930766046047,2.53680014610291,0,0,0.211968421936035,0,0.237928912043571,0,0,0.561415813863277,3.45599991083145,8.49164609611034,0,0,0,0,216.10021135956,12.8599172085524,116.654344342649,10.3347568884492,747.749304048717,45.1300043910742,850.628361023962,114.675495572388,0.634098738431931
0.503200352191925,0,0.579189121723175,0,0.382709443569183,0,0,0,0.202976688742638,0,0,0,0,0,0,0,7.96562334895134,0.380579590797424,74.1509775370359,0,0,0,0,0,0,0,0,0,0,0,0,0,0,0,0,0,8.19163018465042,0,0.383814692497253,1.59438934922218,0,0,532.886791341007,0,1.34771125018597,0,155.487388320267,2.23569305241108,83.0249094516039,0,0.467594385147095,0,0,0,0.588278770446777,0,2.43404083698988,0,1.29753196239471,0,1.86286433041096,0,0,2.08904828131199,0,0,0,0,0,0,0,2.78733795881271,0,36.7057606875896,0,0,0,0,0.553258121013641,101.854711927474,0,108.714414134622,45.2413930296898,2.39101310819387,247.744056589901,0,28.9104288220406
0,15.4774074405432,0,195.287254922092,0,5.80903169512749,0,0,0,85.1217511445284,0,0,0,0,0,0,39.9030294716358,41.7392414063215,1262.19223858416,0,0,0,0,10.0078759342432,0,0,0,0,0,0,0,0,0,0,0,48.5626848936081,3.66783940792084,75.5128618106246,0.939437568187714,3413.40900969505,0,0,169.830813683569,0,0,76.3651373237371,3.37255176901817,44.0418294668198,3.71103551983833,1291.23178382963,0,3.62970238924026,0,0,0,0.217091858386993,0,0.180451959371567,0,0.428868815302849,0,0,7.69030976295471,1.67220851033926,0,0,18.8401151895523,0,12.7883474975824,0,5.95162597298622,0.176445826888084,30.9741797372699,9.39218674600124,0,0,0,0,782.573636449873,15.8304526954889,406.988506764174,10.7527891173959,2059.4024740532,17.6478679478168,1860.48209036142,141.120844319463,0.774605698883533
29.4196500331163,0,35.7933150157332,5.54096164554358,21.4871105402708,2.66566586494446,0,0,91.8837492465973,0.862883031368256,0,0,0,0,0,0,80.2048204988241,29.2918495759368,887.577777594328,0,16.5016584023833,0,0,0.18830905854702,0.967506945133209,0,0,0,0,0,0,0,0,3.24359777569771,1.49317991733551,3.68633038550615,97.2560417130589,2.10746129602194,95.2626692131162,39.9807445406914,532.886791341007,169.830813683569,0,0,82.3030928522348,0.675549671053886,949.822193108499,147.234251588583,639.973909959197,21.1917675584555,19.9629498645663,0,0,0,33.3417851030827,0.416366279125214,102.082539357245,0,15.2852658033371,0,8.90188480913639,0,0,403.346039585769,0,0,0.396874487400055,7.89879252016544,0.27155476808548,0.260724902153015,0,219.206070169806,0.494421035051346,819.366255708039,0,0,0,0,24.5840076059103,2258.4174990803,20.2254653275013,962.570906378329,1921.63562931865,99.166932657361,1927.16417766362,4.70113422721624,348.545616656542
0,0,0,0,0,0,0,0,0,0,0,0,0,0,0,0,0,0,1.26072454452515,0,0,0,0,0,0,0,0,0,0,0,0,0,0,0,0,0.273363828659058,0,0,0,1.45255148410797,0,0,0,0,0,0,0,0,0,0.627011328935623,0,0,0,0,0,0,0,0,0,0,0,0,0,0,0,0,0,0,0,0,0,0,0.306352615356445,0,0,0,0,0,0.987475991249084,0,0.304787129163742,0,0.441098287701607,0,1.0875046402216,0,0
0,0,0,0,0,0,0,0,0,0,0,0,0,0,0,0,0,0,5.74447014927864,0,0,0,0,0,0,0,0,0,0,0,0,0,0,0,0,0,0,0,0,0,1.34771125018597,0,82.3030928522348,0,0,0,0.695300593972206,0,1.16273826360703,0,0,0,0,0,0,0,0,0,0,0,0,0,0,0.150238499045372,0,0,0,0,0,0,0,0,0,0.314881771802902,0,0,0,0,0,2.02404862642288,0.249748006463051,0.375756770372391,2.57028771936893,0,33.1791059523821,0,2.26202082633972
0,0,0,19.1534744948149,0,10.0095732808113,0,0,0,0,0,0,0,0,0,0,5.39319370687008,11.9368259310722,234.533132016659,1.85092648863792,0,0,0,0,0,0,0,0,0,0,0,0,0,0,0,139.991220206022,0.151550695300102,25.524383045733,0,245.791661560535,0,76.3651373237371,0.675549671053886,0,0,0,0.694401144981384,0.16209189593792,11.9770639240742,126.854402035475,0,0,0,0,0,0,0,8.82011477649212,0,0,0,0,1427.32957945764,0,0,0,0,0,0.49377366900444,0,0.209993526339531,0,33.8651439547539,0,0,0,0,0,409.658575825393,4.21374654769897,782.804398588836,2.9391897469759,146.357362046838,4.67619968950748,2017.41957478225,1.0111064016819,0
0.733581632375717,0,0.553715586662292,0,0.396669968962669,0,0,0,1.69936795532703,0,0,0,0,0,0,0,39.127211779356,11.7568524032831,398.53064788878,0,329.775214552879,0,0,0,0,0,0,0,0,0,0,0,0,0,0,0.124437652528286,266.729120947421,0.183141961693764,151.694868400693,6.07327598333359,155.487388320267,3.37255176901817,949.822193108499,0,0.695300593972206,0.694401144981384,0,0,10.4379201084375,5.31770001351833,24.8759656250477,0,0,0,4.31979320943356,0,31.7557293400168,0,7.09002929925919,0,0.667718678712845,0,0,560.685380481184,0,0,0,0,0,0,0,25.0058703199029,0,109.217211782932,0,0,0,0,3.91591887176037,598.309761852026,0.228195786476135,507.227616883814,198.178425550461,16.704753883183,516.620808243752,0.889339447021484,14.3582800850272
4.58424344658852,9.75140175223351,0,4.2762103676796,0,0.251770496368408,0,0,0,1.33410665392876,0,0,0,0,0,0,0,0,0,0,0,0,0,1.28347384929657,2.15990117192268,0,0,0,0,0,0,4991.08427399397,160.053372204304,9210.40236258507,1837.20535355806,0.585634827613831,23.9903181493282,137.575520902872,418.3516818434,97.2422016113997,2.23569305241108,44.0418294668198,147.234251588583,0,0,0.16209189593792,0,0,10086.5244623125,433.611635968089,0,0,0,0,1.00302004814148,0,0.493400827050209,0,0,0,0.885236963629723,0,0,0,0,1.39109700918198,0.524345636367798,8.1078442633152,0.201285064220428,0.296949923038483,0,0,0.370567113161087,0.170644417405128,1398.29074765742,1263.73149415851,1714.697478652,859.277854576707,183.305252432823,1251.78433666378,29.6045830845833,944.189903080463,2650.99022494256,24.1932681798935,407.540098980069,0,0
258.595509648323,0,516.089015632868,13.1806748956442,1.83792704343796,0,0,0,25.9925023466349,0,0,0,0,0,0,0,0.689881548285484,0,4.68030692636967,0,0.928288370370865,0,92.8360416889191,0,6.92435538768768,0,0,0,0,0,0,38.4718303978443,7.42900511622429,75.2436149418354,1189.55170875788,3.6822726726532,2.05486568808556,0.305831283330917,1736.01215058565,0,83.0249094516039,3.71103551983833,639.973909959197,0,1.16273826360703,11.9770639240742,10.4379201084375,10086.5244623125,0,1.62278132140636,15.4046246558428,0,0,0,115.566120743752,0,113.258307315409,0,45.9725355356932,0,238.065917566419,0,0.540586709976196,3.0316773429513,0,184.903583317995,0.489572167396545,9.88167515397072,0,142.737201780081,0,121.949808210135,0,34.2285401970148,1.66230642795563,134.149861961603,19.2298831343651,20.5592341125011,3.14375829696655,428.311521373689,0.172686785459518,710.446434050798,976.29604819417,0.135546073317528,1402.14476484805,0,3.09261597692966
0,223.831562191248,0,146.072274535894,0,0,0,0,0,82.9225763529539,0,0,0,0,0,0,9.4945220053196,12.43823274225,1223.64104229957,0,0,503.237785920501,0,10.3872679769993,0,3.71161113679409,0,0,0,0,0,0,0,0,0,10.2520935833454,0.529563009738922,155.776782214642,0.424056828022003,436.76545971632,0,1291.23178382963,21.1917675584555,0.627011328935623,0,126.854402035475,5.31770001351833,433.611635968089,1.62278132140636,0,0,1.03291925787926,0,0,0,0.210750222206116,0,174.430239185691,0,12.7259783148766,0,57.8009791225195,5.16378459334373,1.07188653945923,135.049350753427,0,15.0638693571091,0,496.301886081696,0,221.911199003458,0,248.79542081058,0.709678322076797,0,0,7.54766464233398,0,137.030708014965,10.4103136360645,31.0291107669473,1.84620156884193,2004.89934937656,6.93893498182297,2686.80242490023,88.8018258064985,0.486430034041405
0,0,10.4425310790539,0,963.156483769417,0,156.004723191261,0,0,0,0,0,0,0,0,0,0,0,1.16778236627579,0,146.518807783723,0,0,0,0,0,0,0,0,0,0,0,0,0,0,0,36.613305836916,0,0,0,0.467594385147095,0,19.9629498645663,0,0,0,24.8759656250477,0,15.4046246558428,0,0,0,115.13612562418,0,0,0,11.0321489721537,0,65.1706837713718,0,95.2418426275253,0,0,204.538255184889,0,0,0,0,0,0,0,0.672380685806274,0,2.9586768001318,0,0,0,0,0,41.9496788978577,0,0.26042315363884,443.025183826685,0,199.782151311636,0,0.78182826936245
0,0,0,123.843579947948,0,37.6906115412712,0,29.0762469172478,0,0,0,0.666298091411591,0,0,0,0,0,0,0,0,0,0,0,0,0,0,0,0,0,0,0,0,0,0,0,0.650155037641525,0,0.675280153751373,0,0.26381903886795,0,3.62970238924026,0,0,0,0,0,0,0,1.03291925787926,0,0,0,205.509764015675,0,0,0,47.1913084685802,0,0,0,36.0416657328606,0,0,0,0,0,0,0,0,0,0,0,0,0,0,0,0,0,0,0.39101879298687,0,4.31130233407021,0,71.6132943928242,0,0
0,0,0,0,35.3060266375542,0,1417.27915483713,0,0,0,2.46936601400375,0,0,0,0,0,0,0,0,0,0,0,0,0,0,0,0,0,0,0,0,0,0,0,0,0,0,0,0,0,0,0,0,0,0,0,0,0,0,0,115.13612562418,0,0,0,0,0,86.0673407912254,0,20.4841021299362,0,0,0,0,0,0,0,0,0,0,0,0,0,0,0,0,0,0,0,0,0,0,0,77.1262880563736,0,0,0,0
0,0,0,0,0,71.1236163079739,0,989.837744325399,0,0,0,2.70764076709747,0,67.1306159496307,0,0,0,0,0,0,0,0,0,0,0,0,0,0,0,0,0,0,0,0,0,0,0,0,0,0,0,0,0,0,0,0,0,0,0,0,0,205.509764015675,0,0,0,0,0,505.841096460819,0,0,0,0,0,0,0,0,0,0,0,0,0,0,0,0,0,0,0,0,0,0,0,0,82.5586193203926,0,0,0,0
189.685346409678,0,76.6462508440018,0,5.28115803003311,0,0,0,1160.45295092463,0,0,0,0,0,53.7090113610029,0,0,0,0.299627959728241,0,0,0,0,0,57.645423963666,0,10.5373043566942,0,0,0,0,0,0,0,0,0,0.524675011634827,0,3.30008500814438,0,0.588278770446777,0,33.3417851030827,0,0,0,4.31979320943356,1.00302004814148,115.566120743752,0,0,0,0,0,0,0,3.41958414018154,0,0,0,169.818697571754,0,0,0.760547056794167,0,0,0,78.778044462204,0,15.3837716728449,0,8.24023543298244,0,3.09282323718071,0,0,0,0,0,0.545973643660545,0.25317794084549,5.02873326092958,41.6509935557842,0,168.399404078722,0,0
0,13.1202286779881,0,22.2056968212128,0,0,0,0,0,391.581029966474,0,0,0,0,0,3.17046058177948,0,0,0,0,0,0,0,274.66817253828,0,2.53435039520264,0,0,0,0,0,0,0,0,0,0.143177062273026,0,31.6597742438316,0,0,0,0.217091858386993,0.416366279125214,0,0,0,0,0,0,0.210750222206116,0,0,0,0,0,0,0,0,0,0,0,0,0,0,0,0,338.754058122635,0,0,0,0,0,0,0,0,0,0,0,0,0,2.9604434221983,0,16.5835067331791,0,24.5658761262894,0,0
44.7620975375175,0,7.70013651251793,0,9.8273658901453,0,88.8760116100311,0,49.522568911314,0,2099.52538898587,0,3.83264422416687,0,0,0,0.210251823067665,0,3.46283182501793,0,111.498038768768,0,0,0,0,0,0,0,0,0,0,0,0,0,0,0,236.422454833984,0,325.545058235526,0.0940333604812622,2.43404083698988,0,102.082539357245,0,0,0,31.7557293400168,0.493400827050209,113.258307315409,0,11.0321489721537,0,86.0673407912254,0,3.41958414018154,0,0,0,609.602261379361,0,13.7206697911024,0,0,617.964044831693,0,0,0,3.83814013004303,0,0,0,374.119704738259,0,538.897394306958,0,0,0,0,0.113169953227043,15.9045856595039,0,9.01246185600758,224.180162735283,0,1284.04967726767,0,0.29063755273819
0,0,0,8.84150552749634,0,20.9573140740395,0,246.940269559622,0,0,0,894.689756765962,0,7.68772423267365,0,0,0,0,0,3,0,0,0,0,0,0,0,0,0,109.770273208618,0,0,0,0,0,58.4103066921234,0,0.291817098855972,0,0,0,0.180451959371567,0,0,0,8.82011477649212,0,0,0,174.430239185691,0,47.1913084685802,0,505.841096460819,0,0,0,0,0,11.359994828701,0,1.07945096492767,149.307991683483,0,0,0,0,0,27.6629842817783,0,270.680253207684,0,628.536335706711,0,0,0,0,0,0,0,8.44779920578003,0,290.738824427128,0,184.339212849736,0,0
0,0,7.58445143699646,0,7.56156955659389,0,2.92397665977478,0,0,0,51.9937173128128,0,1235.94367836416,0,0,0,0,0,0.247349962592125,0,0,0,0,0,0,0,0,0,185.137656748295,0,0,0,0,0,0,0,3.99875075370073,0,0,0,1.29753196239471,0,15.2852658033371,0,0,0,7.09002929925919,0,45.9725355356932,0,65.1706837713718,0,20.4841021299362,0,0,0,609.602261379361,0,0,0,18.2862176001072,0,0,38.0461030006409,0,0,0,0,0,0,0,118.928472802043,0,2.0608746483922,0,0,0,0,0,8.19654813408852,0,0.37078008055687,85.3613211214542,52.9061541557312,174.854769937694,0,0
0,0,0,32.3072060644627,0,2.40151524543762,0,8.35152876377106,0,0,0,61.7736238241196,0,836.575057387352,0,0,0,0,0,0,0,0,0,0,0,28.9794915914536,0,0,0,0,0,0,0,0,0,0,0,0,0,0.267939358949661,0,0.428868815302849,0,0,0,0,0,0,0,12.7259783148766,0,0,0,0,0,0,0,11.359994828701,0,0,0,235.507603019476,0,0,0,0,0,0,338.508066892624,0,53.728467643261,0,0,0,0,0,0,0,0,0,0,0,21.607724070549,0,21.4951805621386,0,0
1.86693701148033,0,12.1322871744633,0,11.7092713713646,0,0,0,46.2448839247227,0,0,0,0,0,188.326638460159,0,0,0,0.175854951143265,0,0,0,0,0,13.3371845781803,0,22.5750971734524,0,0,0,0,0,0,0,0,0,0,0,0.924617350101471,0,1.86286433041096,0,8.90188480913639,0,0,0,0.667718678712845,0.885236963629723,238.065917566419,0,95.2418426275253,0,0,0,169.818697571754,0,13.7206697911024,0,18.2862176001072,0,0,0,0,0.653475731611252,0,0,0,0,0,91.4729622900486,0,17.6275297701359,0,0.921638160943985,0,0,0,0,0,0.805933952331543,0,0.325634673237801,16.3883347734809,0,107.672740399837,0,0
0,1.31807854771614,0,119.087005913258,0,2.00864201784134,0,0,0,0,0,0,0,0,0,2.77272254228592,0,0,0,0,0,0,0,30.8154173642397,0,63.6859453469515,0,0,0,0,0,0,0,0,0,0,0,0,0,0,0,0,0,0,0,0,0,0,0,57.8009791225195,0,36.0416657328606,0,0,0,0,0,1.07945096492767,0,235.507603019476,0,0,0,0,0,0,36.9612946659327,0,269.524468570948,0,5.50941294431686,0,0,0,0,0,0,0,0,0,0,0,0,0,22.1102339625359,0,0
0,0,0,3.80276960134506,0,11.3644623756409,0,0,0,0,0,0.780427545309067,0,0,0,0,0,0,4.42546701431274,679.160613104701,0,0,0,0,0,0,0,0,0,0,0,0,0,0,0,731.661649733782,0,1.39920485764742,0,6.07930766046047,0,7.69030976295471,0,0,0,1427.32957945764,0,0,0.540586709976196,5.16378459334373,0,0,0,0,0,0,0,149.307991683483,0,0,0,0,0,0,0,0,0,0,0,0,0,0,11.404568374157,0,0,0,0,0,275.163199901581,0,528.724987432361,0,124.061984449625,0,745.195764183998,0,0
3.15648207068443,0,0.785523653030396,0,45.9780018031597,0,0,0,0.733700796961784,0,0,0,0,0,0,0,31.5098249018192,5.04008278995752,317.390278443694,0,1395.87865535915,0,0,0,0,0,0,0,0,0,1.87991791963577,0,0,0,0,0,306.432698637247,0,227.861655190587,2.53680014610291,2.08904828131199,1.67220851033926,403.346039585769,0,0.150238499045372,0,560.685380481184,0,3.0316773429513,1.07188653945923,204.538255184889,0,0,0,0.760547056794167,0,617.964044831693,0,38.0461030006409,0,0.653475731611252,0,0,0,0,0,0,0,0,0,0,63.1228675842285,0,621.325015544891,0,0,0,0,4.18361209332943,228.578734964132,1.27645146846771,189.375586695969,180.537162870169,12.2929433807731,500.219270989299,0,6.51376961171627
0,0,0,0,0,0,0,0,0,0,0,0,0,0,0,0,0,3.9754458963871,0,0,0,6446.03380988538,0,32.0666884183884,0,74.9627488851547,0,5.79826980829239,0,0,0,0,0,0,0,0,0,371.003429561853,0,0,0,0,0,0,0,0,0,0,0,135.049350753427,0,0,0,0,0,0,0,0,0,0,0,0,0,0,0,0,28.1227540671825,0,102.632435619831,0,24.5063157230616,0,0,0,0,0,0,0,0,0,12.6344784498215,0,522.139769464731,149.332288682461,0,0,0
0,0,0,0,0,0,0,0,0,0,0,0,0,0,0,0,68.1579276025295,0,0,0,0,0,4087.59225146472,0,137.846833109856,0,10.9303984642029,0,54.6679276227951,0,0,0,0,0,0,0,0,0,509.72047226131,0,0,0,0,0,0,0,0,1.39109700918198,184.903583317995,0,0,0,0,0,0,0,0,0,0,0,0,0,0,0,0,0,0,464.444076567888,0,129.848413228989,0,4.42332255840302,0,0,0,0,0,0,0,0,0,74.2384114712477,458.435294434428,105.770757108927,0,0,0
0,31.5011727958918,0,1.59689056873322,0,0,0,0,0,42.9150710254908,0,0,0,0,0,0,0,0,3.0981435328722,0,0,32.3900175392628,0,1120.06736390293,0,1.22988086938858,0,0,0,0,0,0,0,0,0,0,0,185.89083725214,0,0.211968421936035,0,18.8401151895523,0.396874487400055,0,0,0,0,0.524345636367798,0.489572167396545,15.0638693571091,0,0,0,0,0,338.754058122635,0,0,0,0,0,36.9612946659327,0,0,28.1227540671825,0,0,0,25.1271648555994,0,0,0,0,0,0,0,0,0,1.77640509605408,0,0.600773572921753,0,198.008379280567,0.730728954076767,35.4285617768764,0,0
143.440924063325,0,0,0,0,0,0,0,192.749275803566,0,0,0,0,0,0,0,0,0,0,0,0,0,3.94800546765327,0,1064.54687538743,0,163.357159554958,0,0,0,0,0,0,0,0,0,0,0,241.570475131273,0,0,0,7.89879252016544,0,0,0,0,8.1078442633152,9.88167515397072,0,0,0,0,0,78.778044462204,0,3.83814013004303,0,0,0,0,0,0,0,0,464.444076567888,0,0,0,642.816887944937,0,0,0,0,0,0,0,0,0,0,0,11.0524573028088,347.389361560345,6.00634709000587,59.3001135885715,0,0
0,125.164552405477,0,0.715789273381233,0,0,0,0,0,0.552431523799896,0,0,0,0,0,0,0,7.64402738213539,0.780994459986687,0,0,94.9473514854908,0,206.671626448631,0,1650.33001045883,0,69.3482550978661,0,0,0,0,0,0,0,0,0,12.3839274644852,0,0.237928912043571,0,12.7883474975824,0.27155476808548,0,0,0.49377366900444,0,0.201285064220428,0,496.301886081696,0,0,0,0,0,0,0,27.6629842817783,0,338.508066892624,0,269.524468570948,0,0,102.632435619831,0,25.1271648555994,0,0,0,705.805962175131,0,0,0,0,0,0,0,0,0,0,0,33.6204599589109,0,419.189645603299,0,0
0,0,0,0,0,0,0,0,105.904201745987,0,0,0,0,0,16.2122268974781,0,27.4391865730286,0,0,0,0,0,74.2525829970837,0,363.61240836978,0,1209.33729283512,0,59.4243071377277,0,0,0,0,0,0,0,0,0,59.2824446558952,0,0,0,0.260724902153015,0,0,0,0,0.296949923038483,142.737201780081,0,0,0,0,0,15.3837716728449,0,0,0,0,0,91.4729622900486,0,0,0,0,129.848413228989,0,642.816887944937,0,0,0,57.8992286622524,0,0,0,0,0,0,0,0,0,7.11865669488907,68.3314864337444,0,3.85559666156769,0,0
0,1.9132661819458,0,2.21459719538689,0,0,0,0,0,2.2064710855484,0,8.37941205501556,0,293.770673930645,0,0,0,0,1.32128268480301,0,0,0,0,0,0,35.4554769098759,0,2590.30408076942,0,305.245761677623,0,0,0,0,0,0,0,7.46044299006462,0,0,0,5.95162597298622,0,0,0,0.209993526339531,0,0,0,221.911199003458,0,0,0,0,0,0,0,270.680253207684,0,53.728467643261,0,5.50941294431686,0,0,24.5063157230616,0,0,0,705.805962175131,0,0,0,105.855025961995,0,0,0,0,0,0.292350977659225,0,36.4945469498634,0,90.9326342642307,0,238.692443788052,0.245339393615723,0
24.2129046320915,0,20.6730129867792,0,2.05839252471924,0,0,0,133.83206884563,0,0,0,13.81174659729,0,0,0,6.89451684802771,1.69398325681686,20.8489117473364,0,0.436797931790352,0,131.650822669268,0,0.762245416641235,0,234.31222319603,0,1870.8211004734,0,121.300856754184,0,0,0,0,0,1.00563238561153,0,14.7009712159634,0.561415813863277,2.78733795881271,0.176445826888084,219.206070169806,0,0,0,25.0058703199029,0,121.949808210135,0,0.672380685806274,0,0,0,8.24023543298244,0,374.119704738259,0,118.928472802043,0,17.6275297701359,0,0,63.1228675842285,0,4.42332255840302,0,0,0,57.8992286622524,0,0,0,207.542439207435,0,0,0,0,0,10.0809282511473,1.37226617336273,115.038210630417,563.689904436469,70.3482891172171,939.119949780405,0,10.4704566150904
0,2.44630283117294,0,19.6879878938198,0,0,0,0,0,0.309899836778641,0,224.411231815815,0,0,0,0,0.236185610294342,0.818891793489456,20.7930511385202,0,0,0,0,0,0,0,0,8.32267168164253,0,896.040889069438,0,0,0,0,0,0.577879294753075,0,92.7389387786388,0,3.45599991083145,0,30.9741797372699,0.494421035051346,0.306352615356445,0,33.8651439547539,0,0.370567113161087,0,248.79542081058,0,0,0,0,0,0,0,628.536335706711,0,0,0,0,11.404568374157,0,0,0,0,0,0,0,105.855025961995,0,0,0.180729448795319,0,0,0,0,3.27876975387335,2.5356992483139,223.399573490024,0.453939706087112,79.6539431214333,0.184614062309265,705.301566690207,0.59461535513401,0
7.56357301771641,0,21.3995928764343,0,2.33419695496559,0,0,0,46.2020307481289,0,16.7186788320541,0,0,0,0,0,86.7766248062253,23.8830379471183,374.174483329058,0,67.2194211483002,0,0,0,0,0,0,0,27.4192956089973,0,457.539983376861,0,0,0,0,0.692032873630524,12.2597533464432,0,190.558642864227,8.49164609611034,36.7057606875896,9.39218674600124,819.366255708039,0,0.314881771802902,0,109.217211782932,0.170644417405128,34.2285401970148,0.709678322076797,2.9586768001318,0,0,0,3.09282323718071,0,538.897394306958,0,2.0608746483922,0,0.921638160943985,0,0,621.325015544891,0,0,0,0,0,0,0,207.542439207435,0.180729448795319,0,0,0,0,0,1.37324131280184,166.472884885967,1.50460495054722,190.181093133986,1190.92211647332,17.2348886653781,873.156912170351,0,137.68921007216
0,0,0,0,0,0,0,0,0,0,0,0,0,0,0,0,0,0,0,0,0,0,0,0,0,0,0,0,0,0,0,540.816431261599,7.04370719194412,34.4796429499984,0,464.421540737152,0,0,0,0,0,0,0,0,0,0,0,1398.29074765742,1.66230642795563,0,0,0,0,0,0,0,0,0,0,0,0,0,0,0,0,0,0,0,0,0,0,0,0,0,0,7.21593907475471,138.324274428189,0.18311719596386,16.7110946774483,0.980696469545364,0,0,4.18788886070251,0,0,0,0
0,0,0,0,0,0,0,0,0,0,0,0,0,0,0,0,0,0,0,0,0,0,0,0,0,0,0,0,0,0,0,24.7097379118204,360.041708379984,0,16.014373511076,0,103.191054105759,0,0,0,0,0,0,0,0,0,0,1263.73149415851,134.149861961603,0,0,0,0,0,0,0,0,0,0,0,0,0,0,0,0,0,0,0,0,0,0,0,0,0,7.21593907475471,0,0,44.6035190224648,0,82.543426938355,0,0,0,0,0,0,0
0,0,0,0,0,0,0,0,0,0,0,0,0,0,0,0,0,0,0,0,0,0,0,0,0,0,0,0,0,0,0,188.730355471373,0,1618.50259980559,71.6647583842278,59.0944417119026,0,543.394953727722,0,0,0,0,0,0,0,0,0,1714.697478652,19.2298831343651,7.54766464233398,0,0,0,0,0,0,0,0,0,0,0,0,0,0,0,0,0,0,0,0,0,0,0,0,138.324274428189,0,0,0,0,0,178.624501660466,0,400.05348905921,12.959241271019,0.964661538600922,0,0
0,0,0,0,0,0,0,0,0,0,0,0,0,0,0,0,0,0,0,0,0,0,0,0,0,0,0,0,0,0,0,0.770196735858917,17.0596614778042,333.449768483639,1370.42950488627,0,13.7330959439278,0,31.8454042673111,0,0,0,0,0,0,0,0,859.277854576707,20.5592341125011,0,0,0,0,0,0,0,0,0,0,0,0,0,0,0,0,0,0,0,0,0,0,0,0,0,0.18311719596386,44.6035190224648,0,0,0,15.5650744438171,0,333.844109296799,75.9258489906788,0,0,0,0
