0,37.0719795227051,5.41015463849924,0,0,0,0,0,9.44622711618995,0,22.0570135116577,0,0,0,3.23366745313009,0,29.7439066446744,63.60373878479,20.2360265565955,0,22.7801568773058,0,0,0,0,0,0,0,0,0,0,0,0,0,0,0,0,0,0,58.3173065185547,0,58.2228174209595,13.7069170724778,0,0,47.4052810668945,24.6419729126824,0,6.58502449838341,0,0,0,0,0,7.27218088121509,0,10.5376937211828,0,4.09733834183007,0,3.40371949097206,0,0,23.2992966041136,0,0,0,0,0,0,0,0,0,21.4878004789352,0,0,0,0,65.5908946990967,28.0691286502498,0,24.4803047180176,22.4340521431723,0,11.3620284306191,0,14.6748905181885
37.0719795227051,0,0,4.43983387161087,0,0,0,0,0,4.08476745394202,0,0,0,0,0,3.058369576931,51.1998310089111,0,15.7354278361544,0,0,0,0,0,0,0,0,0,0,0,0,0,0,0,0,0,0,24.342981338501,51.5299663543701,44.5894551277161,0,16.7372527493724,0,0,0,32.4135704040527,51.4370269775391,33.1259613037109,0,6.68057949072236,0,0,0,0,0,4.6732897237255,0,0,0,0,0,0,0,56.9337615966797,0,0,0,0,0,0,0,0,25.9329967498779,0,0,0,0,0,0,61.8863611221313,0,0,14.9813323962939,23.8220062255859,8.67852548956871,0,0
5.41015463849924,0,0,45.517219543457,10.5459630489349,0,0,0,4.622634100914,0,30.0501155853271,0,0,0,0,0,0,0,37.3831067518754,0,30.5809906005859,0,0,0,0,0,0,0,0,0,0,0,0,0,0,0,0,0,0,43.1071569269354,35.1295881560355,65.99036916097,34.6606051466847,0,0,40.8711051940918,20.4099855158064,0,17.032363653183,41.0804138183594,11.0314611037572,0,0,0,4.35613174570931,0,25.2676407231225,0,10.4368515279558,0,5.04929119569284,0,0,28.8092059559292,0,0,0,0,0,0,0,28.6754519144694,0,28.5013067881266,0,0,0,0,50.2293968200684,37.0818091498481,0,33.486457824707,20.4617568453153,0,15.647300896675,0,26.0000743865967
0,4.43983387161087,45.517219543457,0,0,7.9911130807733,0,0,0,8.70402664522971,0,0,0,0,0,6.85950456966053,0,0,43.2239126477923,0,0,0,0,0,0,0,0,0,0,0,0,0,0,0,0,16.743868910748,0,0,0,28.1172560086617,40.0650243759155,27.3888725480078,40.4800974239003,0,0,18.1527461319519,41.435425567627,38.9029066085815,31.5616588905209,22.4602738324801,0,6.99166306030009,0,0,0,9.87838310944407,53.7636585235596,4.39505751927694,0,3.40386777104072,0,5.57808918735691,31.4682680765788,0,0,0,0,0,0,0,0,65.7924423217773,27.3550211588542,0,0,0,0,0,30.194665610272,64.6733322143555,35.2171058654785,0,27.1559819192823,29.4811370849609,19.2605808309712,37.0307487487793,44.159953435262
0,0,10.5459630489349,0,0,0,0,0,3.46690003395081,0,0,0,0,0,0,0,0,0,0,0,3.25580063988181,0,0,0,0,0,0,0,0,0,0,0,0,0,0,0,17.2973748313056,0,0,0,0,0,0,0,0,0,0,0,0,0,5.01377928902121,0,0,0,0,0,20.863415145874,0,6.04638000896999,0,4.74154019355774,0,0,24.5203317006429,0,0,0,0,0,0,0,0,0,32.6640701293945,0,0,0,0,0,0,0,0,4.66853987817934,24.1983521779378,5.57201680403489,0,0
0,0,0,7.9911130807733,0,0,0,4.51259666873563,0,3.5865638256073,0,0,0,0,0,0,0,0,0,2.74943876266479,0,0,0,0,0,0,0,0,0,0,0,0,0,0,0,36.9352226257324,0,0,0,23.014232635498,0,46.7707138061523,0,0,0,0,0,0,0,36.5399131774902,0,4.12577602380741,0,4.95752000808716,0,3.60177206993103,0,5.16025123000145,0,0,0,2.91476846824993,0,0,0,0,0,0,0,0,0,0,0,0,0,0,0,0,30.6119918823242,0,0,0,3.7429505000819,3.24893669287364,27.9694883402656,0,0
0,0,0,0,0,0,0,0,0,0,5.25545269709367,0,3.70896182060242,0,0,0,0,0,0,0,3.9606708586216,0,0,0,0,0,0,0,0,0,0,0,0,0,0,0,0,0,0,0,0,0,0,0,0,0,0,0,0,0,0,0,4.93350366051517,0,0,0,6.09055818256579,0,3.47743492581871,0,0,0,0,0,0,0,0,0,0,0,0,0,0,0,0,0,0,0,0,0,0,0,4.53057258416707,3.07664306958516,0,0,0
0,0,0,0,0,4.51259666873563,0,0,0,0,0,4.97762668848038,0,0,0,0,0,0,0,0,0,0,0,0,0,0,0,0,0,0,0,0,0,0,0,0,0,0,0,0,0,0,0,0,0,0,0,0,0,0,0,6.13867322603862,0,3.47107239648805,0,0,0,6.15358836208275,0,4.43281704187393,0,0,0,0,0,0,0,0,0,0,0,0,0,0,0,0,0,0,0,0,0,0,3.48011233976909,0,0,0,0
9.44622711618995,0,4.622634100914,0,3.46690003395081,0,0,0,0,0,0,0,0,0,4.59800015638272,0,14.4607314078504,37.0151252746582,42.3352241516113,0,0,0,22.8512331644694,0,9.08891436560401,0,9.96512814491026,0,0,0,0,0,0,0,0,0,0,0,8.7899941277504,0,0,0,0,0,0,0,0,0,13.9264635813303,0,0,0,0,0,5.97041515231133,0,13.1973450183868,0,4.38993795492031,0,4.57144718845998,0,0,0,0,0,0,7.53450168005311,0,4.77871294944517,0,0,0,0,0,0,0,0,0,0,0,10.7549172659074,6.4936556398148,4.43378801345825,6.36675908348777,0,0
0,4.08476745394202,0,8.70402664522971,0,3.5865638256073,0,0,0,0,0,0,0,0,0,3.92735471350423,0,2.96080541610718,0,0,0,0,0,5.59418499880824,0,0,0,0,0,0,0,0,0,0,0,0,0,8.5800161387058,56.3420028686523,0,0,32.1139281012795,0,0,0,0,0,0,0,0,0,0,0,0,0,5.2644883126163,0,0,0,0,0,3.77005311062461,0,0,0,0,6.98863261858622,0,0,0,0,0,0,0,0,0,0,0,0,0,8.39311939992082,0,4.66650980095596,26.3425912857056,18.7342671076457,0,0
22.0570135116577,0,30.0501155853271,0,0,0,5.25545269709367,0,0,0,0,0,3.35589372827893,0,0,0,63.9823341369629,0,51.0509262084961,0,4.81225839232336,0,0,0,0,0,0,0,0,0,5.39795202659408,0,0,0,0,0,3.91563562619484,0,4.05092934102774,0,58.971809387207,0,25.1202507019043,0,0,0,11.5450901985168,0,0,0,18.1764260927836,0,4.05118314425151,0,0,0,7.94167713032049,0,3.59622534645928,0,0,0,0,14.71917863016,0,0,0,0,0,0,0,0,0,4.39295002741691,0,0,0,0,0,39.6407591501872,0,4.56039246491023,4.33497837072686,3.79538823428907,18.6972529888153,0,19.7406412760417
0,0,0,0,0,0,0,4.97762668848038,0,0,0,0,0,3.15707121162771,0,0,0,0,0,5.40806940095178,0,0,0,0,0,0,0,3.5631142756978,0,3.04848437839084,0,0,0,0,0,3.6644729648728,0,4.38206600534155,0,0,0,0,0,0,0,0,0,0,0,0,0,0,0,4.91456707228314,0,0,0,6.46261124655346,0,3.18611760240383,0,0,4.70132746403677,0,0,0,0,0,0,0,3.58369541168213,0,8.03585244963566,0,0,0,0,0,4.32872020281278,0,8.44466428069381,0,3.54807422853285,0,14.5973232897317,0,0
0,0,0,0,0,0,3.70896182060242,0,0,0,3.35589372827893,0,0,0,2.93236654334598,0,0,0,0,0,0,0,0,0,0,0,0,0,3.19288864731789,0,0,0,0,0,0,0,0,0,0,0,0,0,0,0,0,0,0,0,0,0,0,0,0,0,0,0,3.03607341221401,0,3.92609684869145,0,0,0,0,0,0,0,0,0,0,0,0,0,0,0,0,0,0,0,0,0,0,0,3.93489824337174,3.14433451132341,0,0,0
0,0,0,0,0,0,0,0,0,0,0,3.15707121162771,0,0,0,0,0,0,0,0,0,0,0,0,0,0,0,0,0,0,0,0,0,0,0,0,0,0,0,0,0,0,0,0,0,0,0,0,0,0,0,0,0,3.96291340481151,0,0,0,0,0,3.24282253816867,0,0,0,0,0,0,0,0,0,0,0,0,0,0,0,0,0,0,0,0,0,0,3.25222857625861,3.80295067169479,0,0,0
3.23366745313009,0,0,0,0,0,0,0,4.59800015638272,0,0,0,2.93236654334598,0,0,0,8.421336306466,0,0,0,0,0,0,0,0,0,3.08963611166356,0,0,0,0,0,0,0,0,0,0,0,0,0,0,0,0,0,0,0,0,0,0,0,0,0,0,0,12.4791512978383,0,0,0,3.67453898489475,0,2.90439276776071,0,0,0,0,0,0,0,0,3.67817433813344,0,0,0,0,0,0,0,0,0,0,0,0,4.05278640797264,0,0,0,0
0,3.058369576931,0,6.85950456966053,0,0,0,0,0,3.92735471350423,0,0,0,0,0,0,0,0,0,0,0,0,0,0,0,0,0,0,0,0,0,0,0,0,0,0,0,0,0,0,0,0,0,0,0,0,0,0,0,0,0,0,0,0,0,4.59683236502167,0,0,0,0,0,2.95212459564209,0,0,0,0,0,0,0,0,0,0,0,0,0,0,0,0,0,0,0,0,3.08301299451345,0,0,0,0
29.7439066446744,51.1998310089111,0,0,0,0,0,0,14.4607314078504,0,63.9823341369629,0,0,0,8.421336306466,0,0,17.5272329600417,26.4881286282086,0,58.7805422002619,0,7.19699192640692,0,12.7862199144848,0,6.03508682048509,0,3.24922924920132,0,0,0,0,0,0,80.6680068969727,0,0,0,68.6060934800368,63.3072799682617,63.2743175867442,48.4624317504547,0,40.1174767812093,62.0905175157773,51.6367562326153,0,0,80.8451843261719,0,0,0,0,0,0,56.1391460755292,0,56.4898414611816,0,18.1952823003133,0,72.6190170288086,59.8728262708692,0,0,0,0,0,6.40175250956887,0,58.3261222839355,64.8371047973633,59.6867412567139,0,0,0,0,78.1626705428929,62.82822862428,73.8633117675781,60.3503678894043,14.1852849144205,8.49370320157852,58.268256903581,42.661792755127,35.4412561509667
63.60373878479,0,0,0,0,0,0,0,37.0151252746582,2.96080541610718,0,0,0,0,0,0,17.5272329600417,0,15.3508834858041,0,0,5.65898054531642,19.3837254842122,5.4902600802359,20.5000995187198,4.7343473611994,31.8873344421387,9.90900039672852,0,0,0,0,0,0,0,0,0,0,0,59.6699179481058,63.017391204834,55.7787034170968,54.4205249439586,0,0,55.8661515712738,59.9073691595168,0,0,0,0,0,0,0,0,0,72.8097305297852,0,0,0,0,0,98.9830627441406,70.0377966073843,5.65455831931188,0,6.07964951917529,0,3.96236314296722,0,0,0,0,71.7324727376302,0,0,0,0,71.9552646818615,76.0500196048192,79.9385070800781,0,8.92224861847646,8.45962745307857,62.3467560520879,0,54.1820855140686
20.2360265565955,15.7354278361544,37.3831067518754,43.2239126477923,0,0,0,0,42.3352241516113,0,51.0509262084961,0,0,0,0,0,26.4881286282086,15.3508834858041,0,0,41.6423374414444,0,27.460786819458,0,37.282377243042,0,30.0144761403402,0,0,0,0,0,0,0,0,61.5504954794179,0,0,59.7747859954834,42.5592075802157,42.7037090673679,25.9893778888228,24.8123842631326,0,16.4296128688714,35.9883086468856,35.298253655137,51.8129125322614,35.7587915721693,36.632201385498,0,0,0,0,0,36.407543182373,44.4906549973921,0,0,0,0,0,43.2765447024641,47.3064456527298,0,0,0,0,0,0,0,38.3008003234863,26.5285065348555,46.8689991406032,0,0,0,0,42.6177530873361,48.1989381422514,33.177824361922,55.0981955277292,15.4251267842628,28.5451830134672,34.670234806394,13.08465569218,21.3968439754191
0,0,0,0,0,2.74943876266479,0,0,0,0,0,5.40806940095178,0,0,0,0,0,0,0,0,0,0,0,0,0,0,0,0,0,0,0,0,0,0,0,5.85631857439876,0,3.66114724221541,0,0,0,0,0,0,0,8.98630246661958,0,0,0,0,0,0,0,0,0,0,0,8.03593080161048,0,0,0,0,3.74140991167429,0,0,0,0,0,0,0,0,0,8.62577949251447,0,0,0,0,0,4.6675789894297,0,7.55154646829117,0,3.98518747091293,2.94615578651428,4.98063428534402,0,0
22.7801568773058,0,30.5809906005859,0,3.25580063988181,0,3.9606708586216,0,0,0,4.81225839232336,0,0,0,0,0,58.7805422002619,0,41.6423374414444,0,0,0,63.544864654541,0,0,0,0,0,0,0,0,0,0,0,0,0,5.27244238385394,0,5.13474729300317,58.375862121582,50.9215354919434,63.8027356465658,20.1401590000499,0,0,0,19.310254573822,0,0,0,2.7286080121994,0,0,0,0,0,7.26231280215445,0,18.9733734130859,0,0,0,0,8.16208726115602,0,0,0,0,0,0,0,0,0,11.9163683414459,0,0,0,0,94.0390701293945,6.4183755274584,0,5.61901673248836,7.73829953663748,24.2724695205688,11.5004219837326,0,21.2410172780355
0,0,0,0,0,0,0,0,0,0,0,0,0,0,0,0,0,5.65898054531642,0,0,0,0,6.87199840286738,5.24081748008728,0,2.7457230091095,0,4.16283817724748,0,0,0,0,0,0,0,0,0,4.52666933909475,7.98236191272736,0,0,0,0,0,0,0,0,0,0,3.97646744651794,0,0,0,0,0,0,0,0,0,0,0,0,0,0,6.09601267792859,7.53032175557954,7.28764986991882,0,0,0,0,0,0,0,0,0,0,0,0,0,6.61980140144056,0,4.38096512673218,4.62867213380011,0,0,0
0,0,0,0,0,0,0,0,22.8512331644694,0,0,0,0,0,0,0,7.19699192640692,19.3837254842122,27.460786819458,0,63.544864654541,6.87199840286738,0,0,3.64572351449089,0,6.05361366686614,0,2.95597338676453,0,0,0,0,0,0,0,0,3.26506152818369,4.35389093309641,0,0,0,0,0,0,0,0,0,4.48593671615191,0,0,0,0,0,0,0,0,0,0,0,0,0,0,0,0,4.86795242490329,0,4.34627536851533,0,0,0,2.99236106872559,0,0,0,0,0,0,0,0,0,4.16926612211077,5.26952838395541,5.99809224846418,0,0,0
0,0,0,0,0,0,0,0,0,5.59418499880824,0,0,0,0,0,0,0,5.4902600802359,0,0,0,5.24081748008728,0,0,0,3.19101702087417,0,0,0,0,0,0,0,0,0,0,0,5.47913515073545,0,0,0,0,0,0,0,0,0,0,0,0,0,0,0,0,0,7.79834650622474,0,0,0,0,0,0,0,0,4.48416119416555,0,4.51229497065415,0,3.03587050711522,0,0,0,0,0,0,0,0,0,0,0,5.35859330155876,0,4.63831767844195,3.37107736924115,2.95676283836365,0,0
0,0,0,0,0,0,0,0,9.08891436560401,0,0,0,0,0,0,0,12.7862199144848,20.5000995187198,37.282377243042,0,0,0,3.64572351449089,0,0,0,5.59514009715706,0,0,0,0,0,0,0,18.129903793335,0,0,0,6.16475469942587,88.0190505981445,0,63.2219734191895,35.8277282714844,0,0,0,60.5663032531738,0,7.45857075203297,0,0,0,0,0,5.13468137513036,0,0,0,0,0,0,0,0,60.84690284729,0,4.56261059583402,0,5.83078122861458,0,5.64210268686403,0,0,0,0,0,0,0,0,74.8783874511719,72.5751124790737,0,8.58351888045792,9.42147316680049,0,9.2778584923063,46.5894241333008,32.4482701619466
0,0,0,0,0,0,0,0,0,0,0,0,0,0,0,0,0,4.7343473611994,0,0,0,2.7457230091095,0,3.19101702087417,0,0,0,0,0,0,0,0,0,0,0,0,0,0,0,0,0,0,0,0,0,0,0,0,0,0,0,0,0,0,0,0,0,0,0,0,0,0,0,0,0,0,3.61895370666797,0,3.80815191971239,0,0,0,0,0,0,0,0,0,0,0,0,0,5.810673560415,0,0,0,0
0,0,0,0,0,0,0,0,9.96512814491026,0,0,0,0,0,3.08963611166356,0,6.03508682048509,31.8873344421387,30.0144761403402,0,0,0,6.05361366686614,0,5.59514009715706,0,0,0,4.43176937103271,0,0,0,0,0,0,0,0,0,0,60.6768112182617,0,68.0335083007812,0,0,0,0,60.7241077423096,0,0,0,0,0,0,0,0,0,0,0,0,0,0,0,0,0,0,0,0,5.80373013019562,0,3.19729858939931,0,0,0,0,0,0,0,0,70.9980697631836,0,0,0,6.06242384534583,8.38125369765542,54.4433994293213,0,0
0,0,0,0,0,0,0,0,0,0,0,3.5631142756978,0,0,0,0,0,9.90900039672852,0,0,0,4.16283817724748,0,0,0,0,0,0,0,3.47477712631226,0,0,0,0,0,0,0,3.92434604296427,0,0,0,0,0,0,0,0,0,0,0,0,0,0,0,0,0,0,0,0,0,0,0,0,0,0,2.90656590461731,0,0,0,3.89184598128001,0,3.23355808258057,0,2.95983672142029,0,0,0,0,0,0,0,2.80317652225494,0,3.54158273865195,3.82136340968865,0,0,0
0,0,0,0,0,0,0,0,0,0,0,0,3.19288864731789,0,0,0,3.24922924920132,0,0,0,0,0,2.95597338676453,0,0,0,4.43176937103271,0,0,0,2.90276181697845,0,0,0,0,0,0,0,4.27472193759421,0,0,0,0,0,0,0,0,0,0,0,0,0,0,0,0,0,0,0,3.00234212373432,0,0,0,0,0,0,0,0,0,0,0,0,3.05821520770521,0,0,0,0,0,0,0,0,0,5.087484686271,3.46319526709043,2.90081238746643,0,0,0
0,0,0,0,0,0,0,0,0,0,0,3.04848437839084,0,0,0,0,0,0,0,0,0,0,0,0,0,0,0,3.47477712631226,0,0,0,0,0,0,0,0,0,3.22481528977702,0,0,0,0,0,0,0,0,0,0,0,0,0,0,0,0,0,0,0,5.84896636009216,0,0,0,0,0,0,0,0,0,0,0,0,6.08807747478616,0,5.14684478605098,0,0,0,0,0,0,0,5.75324562191963,0,2.95787310600281,0,0,0,0
0,0,0,0,0,0,0,0,0,0,5.39795202659408,0,0,0,0,0,0,0,0,0,0,0,0,0,0,0,0,0,2.90276181697845,0,0,0,0,0,0,0,0,0,4.13646546877348,0,0,0,0,0,0,0,0,0,0,0,0,0,0,0,0,0,5.05449236763848,0,0,0,0,0,0,0,0,0,0,0,0,0,0,0,0,5.22041546939006,0,0,0,0,0,0,0,8.87335288524628,3.46028732626062,0,0,0,0
0,0,0,0,0,0,0,0,0,0,0,0,0,0,0,0,0,0,0,0,0,0,0,0,0,0,0,0,0,0,0,0,3.47604631664091,3.22927108563875,0,11.4153226769855,11.0691043081738,0,0,0,16.7764835357666,0,0,0,0,0,0,6.56939206176366,10.0103680437261,5.55153942591435,0,0,0,0,0,0,0,0,0,0,0,0,0,0,0,0,0,0,0,0,0,0,0,0,4.5767721504686,6.5050581526338,3.79667721296612,0,12.7115745427797,18.4532429377238,0,0,3.2592471924381,0,0,0,0
0,0,0,0,0,0,0,0,0,0,0,0,0,0,0,0,0,0,0,0,0,0,0,0,0,0,0,0,0,0,0,3.47604631664091,0,0,3.11369122564793,9.89767456054688,3.42207759806984,0,0,0,0,0,0,0,0,0,0,6.2813266421692,0,0,0,0,0,0,0,0,0,0,0,0,0,0,0,0,0,0,0,0,0,0,0,0,0,0,15.9279297297118,5.7793079758715,0,3.67685514688492,0,12.7347502304336,0,0,3.40723462048031,0,11.8459758758545,0,0
0,0,0,0,0,0,0,0,0,0,0,0,0,0,0,0,0,0,0,0,0,0,0,0,0,0,0,0,0,0,0,3.22927108563875,0,0,5.42472103795385,4.97019193392093,0,4.2762768696516,6.77268444592098,0,0,0,0,0,0,0,0,7.33898266625336,0,0,0,0,0,0,0,0,0,0,0,0,0,0,0,0,0,0,0,0,0,0,0,0,0,0,0,0,4.47346664163196,4.39900576699149,6.48523143927256,0,3.86773339907328,8.56244740662751,6.41728091239929,2.83911871910095,15.7391090393066,0,0
0,0,0,0,0,0,0,0,0,0,0,0,0,0,0,0,0,0,0,0,0,0,0,0,18.129903793335,0,0,0,0,0,0,0,3.11369122564793,5.42472103795385,0,0,3.39764360571975,7.83089898427327,4.58436292453404,0,0,0,0,0,0,0,0,5.17934567222559,3.10817152261734,0,0,0,0,0,25.1413764953613,0,0,0,0,0,0,0,0,0,0,0,0,0,0,0,0,0,0,0,0,3.68969333282223,6.41470238140651,4.23506755223901,0,5.15310686883472,0,5.9788999778637,4.63130915852693,5.42100522789774,3.7929630279541,0,0
0,0,0,16.743868910748,0,36.9352226257324,0,0,0,0,0,3.6644729648728,0,0,0,0,80.6680068969727,0,61.5504954794179,5.85631857439876,0,0,0,0,0,0,0,0,0,0,0,11.4153226769855,9.89767456054688,4.97019193392093,0,0,5.35261074394804,5.3851112215594,6.66611862443184,75.4287750720978,0,49.9874807569716,61.6385714213053,0,0,16.2734627433235,83.9622243245443,9.73385674285889,69.9104080200195,17.1855103786175,0,39.6982269287109,0,0,0,39.0433769226074,0,0,0,0,0,0,4.64924908825925,0,0,0,0,0,0,0,0,0,52.1016616821289,0,8.37038650696094,0,5.19881028957195,0,6.34189352195522,4.4605794873154,7.89570768194481,0,5.84346511224866,6.06938279263767,12.6906339342076,47.191645304362,78.0083885192871
0,0,0,0,17.2973748313056,0,0,0,0,0,3.91563562619484,0,0,0,0,0,0,0,0,0,5.27244238385394,0,0,0,0,0,0,0,0,0,0,11.0691043081738,3.42207759806984,0,3.39764360571975,5.35261074394804,0,7.1212633450826,5.14023239045238,0,12.3891974389553,0,36.7955894470215,0,0,0,0,5.03511195607705,15.3924989700317,0,0,0,0,0,0,0,22.6846586803892,0,0,0,0,0,0,8.83912927497604,0,0,0,0,0,0,0,0,0,0,14.4638553237915,2.85405445098877,0,4.13848961503417,10.392579488587,6.51271089651589,0,6.11445852518833,3.87553993809275,6.83990968700148,16.3467078420851,0,0
0,24.342981338501,0,0,0,0,0,0,0,8.5800161387058,0,4.38206600534155,0,0,0,0,0,0,0,3.66114724221541,0,4.52666933909475,3.26506152818369,5.47913515073545,0,0,0,3.92434604296427,0,3.22481528977702,0,0,0,4.2762768696516,7.83089898427327,5.3851112215594,7.1212633450826,0,7.90751279052234,0,0,17.0093998908997,22.996603012085,0,0,10.6839194297791,0,6.66159392107017,0,5.73810139584215,0,0,0,0,0,12.2891914143282,0,4.1521619038232,0,0,0,0,8.04593408107758,0,8.78132874702773,4.6369354724884,4.45150444467189,0,0,0,3.62419934272766,0,3.1337375482976,0,0,0,5.31145491600037,0,8.05803250762456,0,6.31834942672186,11.7198822968885,7.07756402435512,6.02454330027103,12.1800706249544,0,0
0,51.5299663543701,0,0,0,0,0,0,8.7899941277504,56.3420028686523,4.05092934102774,0,0,0,0,0,0,0,59.7747859954834,0,5.13474729300317,7.98236191272736,4.35389093309641,0,6.16475469942587,0,0,0,4.27472193759421,0,4.13646546877348,0,0,6.77268444592098,4.58436292453404,6.66611862443184,5.14023239045238,7.90751279052234,0,0,0,23.8605251312256,0,0,0,0,0,4.29644057657812,6.52744519672414,45.3309135437012,0,0,0,0,7.64014704128694,0,4.59152796516171,0,0,0,0,0,0,8.1141121784846,0,9.40491365577072,0,6.43644836651721,0,15.415080388387,0,6.94610922677176,0,3.20213633537292,0,0,0,3.31602907180786,7.05335671561105,6.722594754498,21.7763635376353,6.3675075441819,4.66758894735584,4.17288763311348,5.6482458726181,0,0
58.3173065185547,44.5894551277161,43.1071569269354,28.1172560086617,0,23.014232635498,0,0,0,0,0,0,0,0,0,0,68.6060934800368,59.6699179481058,42.5592075802157,0,58.375862121582,0,0,0,88.0190505981445,0,60.6768112182617,0,0,0,0,0,0,0,0,75.4287750720978,0,0,0,0,39.0767340342204,22.167447064682,41.5910497698291,0,46.0214500427246,10.9832853652765,50.2070630776076,51.4435073852539,21.1417866314159,9.07476465281318,0,44.7126601537069,0,0,0,0,66.7479117257254,0,0,0,0,0,9.03389161037949,75.5228930155436,0,0,0,0,0,0,0,0,51.4303871154785,67.5186935424805,0,0,0,0,44.3809389904255,78.1957860310872,50.9054660151402,80.632698059082,40.3470509230896,49.8492250442505,15.0460388594307,25.2578386005602,53.123308552636
0,0,35.1295881560355,40.0650243759155,0,0,0,0,0,0,58.971809387207,0,0,0,0,0,63.3072799682617,63.017391204834,42.7037090673679,0,50.9215354919434,0,0,0,0,0,0,0,0,0,0,16.7764835357666,0,0,0,0,12.3891974389553,0,0,39.0767340342204,0,55.8192717234294,17.2370106706341,0,31.7424516677856,43.0300194422404,9.75338360382919,16.8884522676468,5.09010074306125,15.3477193182641,44.8579998016357,0,0,0,0,0,36.9671226910182,0,40.7566995620728,0,37.9751014709473,0,0,8.25101067173865,0,0,0,0,0,0,0,0,0,52.9058151245117,0,0,0,0,69.6881008148193,5.02138634207928,71.9157943725586,3.23196132094772,40.0590759165147,0,10.4284403337875,0,17.593428519037
58.2228174209595,16.7372527493724,65.99036916097,27.3888725480078,0,46.7707138061523,0,0,0,32.1139281012795,0,0,0,0,0,0,63.2743175867442,55.7787034170968,25.9893778888228,0,63.8027356465658,0,0,0,63.2219734191895,0,68.0335083007812,0,0,0,0,0,0,0,0,49.9874807569716,0,17.0093998908997,23.8605251312256,22.167447064682,55.8192717234294,0,12.0099573474013,0,0,26.1968673960782,59.9455709552765,10.3555603473507,21.620624374836,15.8182734803939,0,47.0720494842529,0,0,0,32.1100286182604,57.0654723427512,13.846475760142,0,0,0,0,20.1518644897305,76.9268598556519,0,0,0,0,0,0,0,0,19.5747282284648,66.6393852233887,0,0,0,0,36.60039025491,74.2450436585702,40.0124446242603,73.0084495544434,17.9206638738267,38.5770694868905,16.2336895890365,13.9047968362704,38.9383171285902
13.7069170724778,0,34.6606051466847,40.4800974239003,0,0,0,0,0,0,25.1202507019043,0,0,0,0,0,48.4624317504547,54.4205249439586,24.8123842631326,0,20.1401590000499,0,0,0,35.8277282714844,0,0,0,0,0,0,0,0,0,0,61.6385714213053,36.7955894470215,22.996603012085,0,41.5910497698291,17.2370106706341,12.0099573474013,0,0,15.9253791999299,43.1508273249087,15.074336477527,6.07465092175042,12.2598827801166,13.5568809827169,51.3595788743761,49.753833770752,0,0,0,0,29.8870036555949,0,39.4270086288452,0,47.6586093902588,0,52.4792747497559,25.8123127782769,0,0,0,0,0,0,0,34.663106918335,40.4321169172014,24.3293011842576,0,0,0,0,54.7796761918776,20.228839489494,60.253376642863,24.4777455763383,18.7999790933531,32.8230597178141,12.1067964517339,14.6095203445071,11.6467747293046
0,0,0,0,0,0,0,0,0,0,0,0,0,0,0,0,0,0,0,0,0,0,0,0,0,0,0,0,0,0,0,0,0,0,0,0,0,0,0,0,0,0,0,0,0,0,0,0,0,0,0,0,0,0,0,0,0,0,0,0,0,0,0,0,0,0,0,0,0,0,0,0,0,0,0,0,0,0,0,0,0,0,0,0,0,0,0
0,0,0,0,0,0,0,0,0,0,0,0,0,0,0,0,40.1174767812093,0,16.4296128688714,0,0,0,0,0,0,0,0,0,0,0,0,0,0,0,0,0,0,0,0,46.0214500427246,31.7424516677856,0,15.9253791999299,0,0,0,11.1061063872443,0,30.4123837153117,0,0,0,0,0,0,0,28.3945484161377,0,0,0,0,0,0,48.5443305969238,0,0,0,0,0,0,0,0,0,0,0,0,0,0,63.5230484008789,33.3002077128789,0,0,11.2165959292445,0,15.2652677109367,0,14.0913712501526
47.4052810668945,32.4135704040527,40.8711051940918,18.1527461319519,0,0,0,0,0,0,0,0,0,0,0,0,62.0905175157773,55.8661515712738,35.9883086468856,8.98630246661958,0,0,0,0,0,0,0,0,0,0,0,0,0,0,0,16.2734627433235,0,10.6839194297791,0,10.9832853652765,43.0300194422404,26.1968673960782,43.1508273249087,0,0,0,50.7645489584725,30.4748497009277,30.2063053448995,17.8836795806885,0,0,0,0,0,0,60.4117797851562,0,0,0,0,26.5271186828613,7.02972964125823,71.7704839070638,0,0,0,0,0,0,0,0,19.4283715416403,53.7248611450195,0,0,0,0,16.7824818310217,73.0254799979074,16.4750494762184,70.9741058349609,39.3802905192573,36.2070045471191,14.7695183115908,27.8845329284668,52.5470672607422
24.6419729126824,51.4370269775391,20.4099855158064,41.435425567627,0,0,0,0,0,0,11.5450901985168,0,0,0,0,0,51.6367562326153,59.9073691595168,35.298253655137,0,19.310254573822,0,0,0,60.5663032531738,0,60.7241077423096,0,0,0,0,0,0,0,0,83.9622243245443,0,0,0,50.2070630776076,9.75338360382919,59.9455709552765,15.074336477527,0,11.1061063872443,50.7645489584725,0,0,24.5080600011916,31.7899996439616,33.2274328867594,0,0,0,0,0,25.6745180743081,0,36.0139303207397,0,0,0,76.7171401977539,10.1507918804615,0,0,0,0,0,0,0,40.6196619669596,64.225399017334,33.9043403038612,0,0,0,0,76.7230443764996,18.5099160724385,81.580587387085,38.8790988240923,37.963497710228,60.6003570556641,22.5594855923526,40.1577123006185,22.7772101246077
0,33.1259613037109,0,38.9029066085815,0,0,0,0,0,0,0,0,0,0,0,0,0,0,51.8129125322614,0,0,0,0,0,0,0,0,0,0,0,0,6.56939206176366,6.2813266421692,7.33898266625336,5.17934567222559,9.73385674285889,5.03511195607705,6.66159392107017,4.29644057657812,51.4435073852539,16.8884522676468,10.3555603473507,6.07465092175042,0,0,30.4748497009277,0,0,6.18441112814458,4.9672903170608,0,56.6893501281738,0,0,0,0,0,0,0,0,0,0,0,0,0,0,0,0,0,0,0,0,0,0,9.15665850060524,5.81664512803706,3.78111433982849,4.51478559528282,7.35289757341952,8.44555935462858,14.4611089969503,6.70040285472906,6.86065508103048,5.32161431158743,6.86279290637543,13.5400972366333,13.278923034668
6.58502449838341,0,17.032363653183,31.5616588905209,0,0,0,0,13.9264635813303,0,0,0,0,0,0,0,0,0,35.7587915721693,0,0,0,4.48593671615191,0,7.45857075203297,0,0,0,0,0,0,10.0103680437261,0,0,3.10817152261734,69.9104080200195,15.3924989700317,0,6.52744519672414,21.1417866314159,5.09010074306125,21.620624374836,12.2598827801166,0,30.4123837153117,30.2063053448995,24.5080600011916,6.18441112814458,0,7.16912089391618,42.4898895263672,43.8057022094727,0,0,12.1559612211568,48.9858512878418,23.6801769068747,0,13.3453452182266,0,16.0409405827522,39.8389358520508,0,48.2855609258016,0,7.04074143575346,0,6.08303517045773,0,7.90785842224703,0,5.71228855483386,47.2463912963867,7.72111028727919,0,4.8859422613274,0,3.16482678055763,62.5115222930908,5.88478074930282,0,6.17713329944671,9.62730639608855,22.0559644699097,7.26870693002994,13.1651346948412,17.2646467269413
0,6.68057949072236,41.0804138183594,22.4602738324801,0,36.5399131774902,0,0,0,0,0,0,0,0,0,0,80.8451843261719,0,36.632201385498,0,0,3.97646744651794,0,0,0,0,0,0,0,0,0,5.55153942591435,0,0,0,17.1855103786175,0,5.73810139584215,45.3309135437012,9.07476465281318,15.3477193182641,15.8182734803939,13.5568809827169,0,0,17.8836795806885,31.7899996439616,4.9672903170608,7.16912089391618,0,0,46.8226673126221,0,0,0,29.5888743400574,52.9083595275879,3.48544204235077,0,0,0,2.73735666275024,30.1061401367188,0,5.46680383626079,0,5.69787120819092,0,3.18730059163324,0,5.19067708101413,0,32.2503638267517,0,0,11.4464373588562,0,0,12.303525531703,80.2597045898438,6.34592761183685,0,13.6621574471467,0,12.4007092980371,10.9437616054828,16.0172777175903
0,0,11.0314611037572,0,5.01377928902121,0,0,0,0,0,18.1764260927836,0,0,0,0,0,0,0,0,0,2.7286080121994,0,0,0,0,0,0,0,0,0,0,0,0,0,0,0,0,0,0,0,44.8579998016357,0,51.3595788743761,0,0,0,33.2274328867594,0,42.4898895263672,0,0,0,0,0,0,0,6.72177269799369,0,5.00742246739019,0,4.37484521701418,0,0,41.6861228942871,0,0,0,0,0,0,0,0,0,39.4101581573486,0,0,0,0,0,0,0,0,8.17979215767424,0,33.884413599968,0,0
0,0,0,6.99166306030009,0,4.12577602380741,0,6.13867322603862,0,0,0,0,0,0,0,0,0,0,0,0,0,0,0,0,0,0,0,0,0,0,0,0,0,0,0,39.6982269287109,0,0,0,44.7126601537069,0,47.0720494842529,49.753833770752,0,0,0,0,56.6893501281738,43.8057022094727,46.8226673126221,0,0,0,3.97345235347748,0,3.57910633087158,66.8014831542969,4.4306428097842,0,3.85674087206523,0,2.90747966766357,0,0,0,0,0,0,0,0,0,0,0,0,0,0,0,0,38.1622180938721,0,0,0,5.67050991701869,0,18.2879645247012,0,0
0,0,0,0,0,0,4.93350366051517,0,0,0,4.05118314425151,0,0,0,0,0,0,0,0,0,0,0,0,0,0,0,0,0,0,0,0,0,0,0,0,0,0,0,0,0,0,0,0,0,0,0,0,0,0,0,0,0,0,0,0,0,5.01621384090847,0,2.88806799479893,0,0,0,0,0,0,0,0,0,0,0,0,0,0,0,0,0,0,0,0,0,0,0,4.46325362768156,3.77322478855357,0,0,0
0,0,0,0,0,4.95752000808716,0,3.47107239648805,0,0,0,4.91456707228314,0,3.96291340481151,0,0,0,0,0,0,0,0,0,0,0,0,0,0,0,0,0,0,0,0,0,0,0,0,0,0,0,0,0,0,0,0,0,0,0,0,0,3.97345235347748,0,0,0,0,0,4.81724338053629,0,2.99466515989865,0,0,0,0,0,0,0,0,0,0,0,0,0,0,0,0,0,0,0,0,0,0,4.45447685718536,0,0,0,0
7.27218088121509,0,4.35613174570931,0,0,0,0,0,5.97041515231133,0,0,0,0,0,12.4791512978383,0,0,0,0,0,0,0,0,0,5.13468137513036,0,0,0,0,0,0,0,0,0,25.1413764953613,0,0,0,7.64014704128694,0,0,0,0,0,0,0,0,0,12.1559612211568,0,0,0,0,0,0,0,16.9539503097534,0,5.5329018274943,0,3.75428490638733,0,0,0,0,0,0,5.94668310721479,0,0,0,0,0,32.8826236724854,0,0,0,0,0,0,0,9.01292095799858,11.9522400654279,0,9.93759678110718,0,0
0,4.6732897237255,0,9.87838310944407,0,3.60177206993103,0,0,0,5.2644883126163,0,0,0,0,0,4.59683236502167,0,0,36.407543182373,0,0,0,0,7.79834650622474,0,0,0,0,0,0,0,0,0,0,0,39.0433769226074,0,12.2891914143282,0,0,0,32.1100286182604,0,0,0,0,0,0,48.9858512878418,29.5888743400574,0,3.57910633087158,0,0,0,0,0,0,0,0,0,2.95281004905701,0,0,0,0,6.59393531424299,0,0,0,0,0,0,0,0,0,0,0,0,0,8.83440446988337,0,17.5029477639632,0,17.7090565457064,0,0
10.5376937211828,0,25.2676407231225,53.7636585235596,20.863415145874,0,6.09055818256579,0,13.1973450183868,0,7.94167713032049,0,3.03607341221401,0,0,0,56.1391460755292,72.8097305297852,44.4906549973921,0,7.26231280215445,0,0,0,0,0,0,0,0,0,5.05449236763848,0,0,0,0,0,22.6846586803892,0,4.59152796516171,66.7479117257254,36.9671226910182,57.0654723427512,29.8870036555949,0,28.3945484161377,60.4117797851562,25.6745180743081,0,23.6801769068747,52.9083595275879,6.72177269799369,66.8014831542969,5.01621384090847,0,16.9539503097534,0,0,0,5.25156639078084,0,6.37626464026315,0,0,13.4732377327841,0,0,0,0,0,0,0,5.03257300795578,0,7.62142429665891,0,0,0,0,81.493834177653,29.8503727844675,0,11.527754343473,15.8166978870119,35.1613600140526,14.1088502192,0,17.9032208432433
0,0,0,4.39505751927694,0,5.16025123000145,0,6.15358836208275,0,0,0,6.46261124655346,0,0,0,0,0,0,0,8.03593080161048,0,0,0,0,0,0,0,0,0,5.84896636009216,0,0,0,0,0,0,0,4.1521619038232,0,0,0,13.846475760142,0,0,0,0,0,0,0,3.48544204235077,0,4.4306428097842,0,4.81724338053629,0,0,0,0,0,4.77733710132263,0,0,7.86776355334691,0,0,0,0,0,0,0,4.72429627418518,0,7.42337082858874,0,0,0,0,0,69.179801940918,0,9.49553698301315,0,9.77245835463206,0,7.47119159253847,0,0
4.09733834183007,0,10.4368515279558,0,6.04638000896999,0,3.47743492581871,0,4.38993795492031,0,3.59622534645928,0,3.92609684869145,0,3.67453898489475,0,56.4898414611816,0,0,0,18.9733734130859,0,0,0,0,0,0,0,3.00234212373432,0,0,0,0,0,0,0,0,0,0,0,40.7566995620728,0,39.4270086288452,0,0,0,36.0139303207397,0,13.3453452182266,0,5.00742246739019,0,2.88806799479893,0,5.5329018274943,0,5.25156639078084,0,0,0,3.99123301506042,0,0,19.5062966907726,0,0,0,0,0,3.09421650568644,0,0,0,32.2854428291321,0,0,0,0,0,34.3173165130615,0,0,5.91387629231741,4.18594602259194,12.2767311541062,0,27.8623676300049
0,0,0,3.40386777104072,0,0,0,4.43281704187393,0,0,0,3.18611760240383,0,3.24282253816867,0,0,0,0,0,0,0,0,0,0,0,0,0,0,0,0,0,0,0,0,0,0,0,0,0,0,0,0,0,0,0,0,0,0,0,0,0,3.85674087206523,0,2.99466515989865,0,0,0,4.77733710132263,0,0,0,0,0,0,0,0,0,0,0,0,3.92716339656285,0,0,0,0,0,0,0,0,0,0,0,4.61528026567747,4.44443931299097,4.54704172302175,0,0
3.40371949097206,0,5.04929119569284,0,4.74154019355774,0,0,0,4.57144718845998,0,0,0,0,0,2.90439276776071,0,18.1952823003133,0,0,0,0,0,0,0,0,0,0,0,0,0,0,0,0,0,0,0,0,0,0,0,37.9751014709473,0,47.6586093902588,0,0,0,0,0,16.0409405827522,0,4.37484521701418,0,0,0,3.75428490638733,0,6.37626464026315,0,3.99123301506042,0,0,0,0,35.1012153625488,0,0,0,0,0,4.94523606300354,0,0,0,0,0,0,0,0,0,34.2888488769531,0,0,2.9708001143054,0,13.5162599610119,0,0
0,0,0,5.57808918735691,0,2.91476846824993,0,0,0,3.77005311062461,0,0,0,0,0,2.95212459564209,0,0,0,0,0,0,0,0,0,0,0,0,0,0,0,0,0,0,0,0,0,0,0,0,0,0,0,0,0,26.5271186828613,0,0,39.8389358520508,2.73735666275024,0,2.90747966766357,0,0,0,2.95281004905701,0,0,0,0,0,0,0,0,0,0,0,0,0,0,0,0,0,0,0,0,0,0,0,0,0,0,6.02834631005923,0,36.0328278541565,0,0
0,0,0,31.4682680765788,0,0,0,0,0,0,0,4.70132746403677,0,0,0,0,72.6190170288086,98.9830627441406,43.2765447024641,3.74140991167429,0,0,0,0,0,0,0,0,0,0,0,0,0,0,0,4.64924908825925,0,8.04593408107758,0,9.03389161037949,0,20.1518644897305,52.4792747497559,0,0,7.02972964125823,76.7171401977539,0,0,30.1061401367188,0,0,0,0,0,0,0,7.86776355334691,0,0,0,0,0,81.8139877319336,0,0,0,0,0,0,0,0,13.8839649581909,74.3549880981445,0,0,0,0,6.29755696177122,82.3568700154622,10.9128960789861,0,10.0705418684443,3.06782805919647,8.42918878674507,0,0
23.2992966041136,56.9337615966797,28.8092059559292,0,24.5203317006429,0,0,0,0,0,14.71917863016,0,0,0,0,0,59.8728262708692,70.0377966073843,47.3064456527298,0,8.16208726115602,0,0,0,60.84690284729,0,0,0,0,0,0,0,0,0,0,0,8.83912927497604,0,8.1141121784846,75.5228930155436,8.25101067173865,76.9268598556519,25.8123127782769,0,48.5443305969238,71.7704839070638,10.1507918804615,0,48.2855609258016,0,41.6861228942871,0,0,0,0,0,13.4732377327841,0,19.5062966907726,0,35.1012153625488,0,81.8139877319336,0,0,0,0,0,0,0,0,21.9692539801964,87.3467559814453,20.1075430003079,0,0,0,0,87.5767822265625,14.4222097927962,0,11.8318472067515,35.5663393611458,37.0997886657715,18.1117973761762,0,23.1306918967854
0,0,0,0,0,0,0,0,0,0,0,0,0,0,0,0,0,5.65455831931188,0,0,0,6.09601267792859,0,4.48416119416555,0,0,0,2.90656590461731,0,0,0,0,0,0,0,0,0,8.78132874702773,0,0,0,0,0,0,0,0,0,0,0,5.46680383626079,0,0,0,0,0,0,0,0,0,0,0,0,0,0,0,0,5.72118991651843,0,5.21818920380527,0,10.4665127793948,0,0,0,0,0,0,0,0,0,9.32613895804274,0,4.36057131733277,5.81102247655827,0,0,0
0,0,0,0,0,0,0,0,0,0,0,0,0,0,0,0,0,0,0,0,0,7.53032175557954,4.86795242490329,0,4.56261059583402,0,0,0,0,0,0,0,0,0,0,0,0,4.6369354724884,9.40491365577072,0,0,0,0,0,0,0,0,0,7.04074143575346,0,0,0,0,0,0,0,0,0,0,0,0,0,0,0,0,0,0,4.84719466952096,0,5.413297247992,0,3.74874865015348,0,0,0,0,0,0,0,0,0,5.49796549196427,6.77479883578184,6.69816176856265,17.6779127120972,0,0
0,0,0,0,0,0,0,0,0,6.98863261858622,0,0,0,0,0,0,0,6.07964951917529,0,0,0,7.28764986991882,0,4.51229497065415,0,3.61895370666797,0,0,0,0,0,0,0,0,0,0,0,4.45150444467189,0,0,0,0,0,0,0,0,0,0,0,5.69787120819092,0,0,0,0,0,6.59393531424299,0,0,0,0,0,0,0,0,5.72118991651843,0,0,0,4.2578963637352,0,0,0,0,0,0,0,0,0,0,0,5.29895141823538,0,6.08303735608404,0,3.05045247077942,0,0
0,0,0,0,0,0,0,0,7.53450168005311,0,0,0,0,0,0,0,0,0,0,0,0,0,4.34627536851533,0,5.83078122861458,0,5.80373013019562,0,0,0,0,0,0,0,0,0,0,0,6.43644836651721,0,0,0,0,0,0,0,0,0,6.08303517045773,0,0,0,0,0,5.94668310721479,0,0,0,0,0,0,0,0,0,0,4.84719466952096,0,0,0,7.71535349440786,0,0,0,0,0,0,0,0,0,0,0,8.95165545676575,3.59563554439348,0,4.59904333178917,0,0
0,0,0,0,0,0,0,0,0,0,0,0,0,0,0,0,0,3.96236314296722,0,0,0,0,0,3.03587050711522,0,3.80815191971239,0,3.89184598128001,0,0,0,0,0,0,0,0,0,0,0,0,0,0,0,0,0,0,0,0,0,3.18730059163324,0,0,0,0,0,0,0,0,0,0,0,0,0,0,5.21818920380527,0,4.2578963637352,0,0,0,5.80031196276347,0,0,0,0,0,0,0,0,0,0,0,0,0,0,0,0
0,0,0,0,0,0,0,0,4.77871294944517,0,0,0,0,0,3.67817433813344,0,6.40175250956887,0,0,0,0,0,0,0,5.64210268686403,0,3.19729858939931,0,0,0,0,0,0,0,0,0,0,0,15.415080388387,0,0,0,0,0,0,0,0,0,7.90785842224703,0,0,0,0,0,0,0,0,0,3.09421650568644,0,4.94523606300354,0,0,0,0,5.413297247992,0,7.71535349440786,0,0,0,2.75084209442139,0,0,0,0,0,0,0,0,0,13.9234622319539,7.01884952835415,0,7.87252960205078,0,0
0,0,0,0,0,0,0,0,0,0,0,3.58369541168213,0,0,0,0,0,0,0,0,0,0,0,0,0,0,0,3.23355808258057,0,6.08807747478616,0,0,0,0,0,0,0,3.62419934272766,0,0,0,0,0,0,0,0,0,0,0,5.19067708101413,0,0,0,0,0,0,0,4.72429627418518,0,3.92716339656285,0,0,0,0,10.4665127793948,0,0,0,5.80031196276347,0,0,0,8.98706557145759,0,0,0,0,0,0,0,7.24975793755654,0,3.18166460060492,3.88767435895391,5.7000849498774,0,0
0,0,28.6754519144694,65.7924423217773,0,0,0,0,0,0,0,0,0,0,0,0,58.3261222839355,0,38.3008003234863,0,0,0,2.99236106872559,0,0,0,0,0,3.05821520770521,0,0,0,0,0,0,0,0,0,6.94610922677176,0,0,0,34.663106918335,0,0,0,40.6196619669596,0,5.71228855483386,0,0,0,0,0,0,0,5.03257300795578,0,0,0,0,0,0,21.9692539801964,0,3.74874865015348,0,0,0,2.75084209442139,0,0,0,4.52073757068531,0,0,0,0,0,41.8958290100098,0,5.68256253790348,10.8091414769491,0,27.4001519680023,0,17.9524803161621
0,25.9329967498779,0,27.3550211588542,0,0,0,0,0,0,0,8.03585244963566,0,0,0,0,64.8371047973633,0,26.5285065348555,8.62577949251447,0,0,0,0,0,0,0,2.95983672142029,0,5.14684478605098,0,0,0,0,0,52.1016616821289,0,3.1337375482976,0,51.4303871154785,0,19.5747282284648,40.4321169172014,0,0,19.4283715416403,64.225399017334,0,47.2463912963867,32.2503638267517,0,0,0,0,0,0,0,7.42337082858874,0,0,0,0,13.8839649581909,87.3467559814453,0,0,0,0,0,0,8.98706557145759,0,0,0,0,0,0,0,56.9029709952218,80.5065422058105,4.47836038346625,0,32.3429678212041,0,5.71693198109291,25.7223405838013,0
21.4878004789352,0,28.5013067881266,0,32.6640701293945,0,0,0,0,0,4.39295002741691,0,0,0,0,0,59.6867412567139,71.7324727376302,46.8689991406032,0,11.9163683414459,0,0,0,0,0,0,0,0,0,5.22041546939006,0,0,0,0,0,0,0,3.20213633537292,67.5186935424805,52.9058151245117,66.6393852233887,24.3293011842576,0,0,53.7248611450195,33.9043403038612,0,7.72111028727919,0,39.4101581573486,0,0,0,32.8826236724854,0,7.62142429665891,0,32.2854428291321,0,0,0,74.3549880981445,20.1075430003079,0,0,0,0,0,0,0,4.52073757068531,0,0,0,0,0,0,72.8570442199707,47.3110116141183,80.2476272583008,4.05661854034162,26.0780408135776,0,13.1004604713337,0,19.4043205672619
0,0,0,0,0,0,0,0,0,0,0,0,0,0,0,0,0,0,0,0,0,0,0,0,0,0,0,0,0,0,0,4.5767721504686,15.9279297297118,0,0,8.37038650696094,14.4638553237915,0,0,0,0,0,0,0,0,0,0,9.15665850060524,0,0,0,0,0,0,0,0,0,0,0,0,0,0,0,0,0,0,0,0,0,0,0,0,0,0,0,19.3568732738495,3.63775752249517,0,6.30396457715223,17.9392750263214,0,0,3.17430264609201,0,0,0,0
0,0,0,0,0,0,0,0,0,0,0,0,0,0,0,0,0,0,0,0,0,0,0,0,0,0,0,0,0,0,0,6.5050581526338,5.7793079758715,0,3.68969333282223,0,2.85405445098877,0,0,0,0,0,0,0,0,0,0,5.81664512803706,4.8859422613274,11.4464373588562,0,0,0,0,0,0,0,0,0,0,0,0,0,0,0,0,0,0,0,0,0,0,0,0,19.3568732738495,0,0,5.27064794183455,24.1254463195801,10.2399029035137,0,0,5.64821243286133,0,0,0,0
0,0,0,0,0,0,0,0,0,0,0,0,0,0,0,0,0,0,0,0,0,0,0,0,0,0,0,0,0,0,0,3.79667721296612,0,4.47346664163196,6.41470238140651,5.19881028957195,0,5.31145491600037,0,0,0,0,0,0,0,0,0,3.78111433982849,0,0,0,0,0,0,0,0,0,0,0,0,0,0,0,0,0,0,0,0,0,0,0,0,0,0,3.63775752249517,0,0,0,4.97316620404693,0,3.05512992540995,0,4.34894203910461,0,0,0,0
0,0,0,0,0,0,0,0,0,0,0,0,0,0,0,0,0,0,0,0,0,0,0,0,0,0,0,0,0,0,0,0,3.67685514688492,4.39900576699149,4.23506755223901,0,4.13848961503417,0,3.31602907180786,0,0,0,0,0,0,0,0,4.51478559528282,3.16482678055763,0,0,0,0,0,0,0,0,0,0,0,0,0,0,0,0,0,0,0,0,0,0,0,0,0,0,5.27064794183455,0,0,0,6.28129208388449,0,6.62123709420363,4.92855858952744,5.78081645965576,0,0,0
65.5908946990967,0,50.2293968200684,30.194665610272,0,30.6119918823242,0,0,0,0,0,4.32872020281278,0,0,0,0,78.1626705428929,71.9552646818615,42.6177530873361,4.6675789894297,94.0390701293945,0,0,0,74.8783874511719,0,70.9980697631836,0,0,0,0,12.7115745427797,0,6.48523143927256,0,6.34189352195522,10.392579488587,8.05803250762456,7.05335671561105,44.3809389904255,69.6881008148193,36.60039025491,54.7796761918776,0,63.5230484008789,16.7824818310217,76.7230443764996,7.35289757341952,62.5115222930908,12.303525531703,0,38.1622180938721,0,0,0,0,81.493834177653,69.179801940918,0,0,0,0,6.29755696177122,87.5767822265625,0,0,0,0,0,0,0,0,56.9029709952218,72.8570442199707,6.30396457715223,24.1254463195801,4.97316620404693,0,0,74.4274898067353,7.11178203560536,83.4035873413086,19.3566160865577,3.31688547134399,24.0601452213271,35.8341373663682,66.6702528560863
28.0691286502498,61.8863611221313,37.0818091498481,64.6733322143555,0,0,0,0,0,0,39.6407591501872,0,0,0,0,0,62.82822862428,76.0500196048192,48.1989381422514,0,6.4183755274584,0,0,0,72.5751124790737,0,0,0,0,0,0,18.4532429377238,12.7347502304336,0,5.15310686883472,4.4605794873154,6.51271089651589,0,6.722594754498,78.1957860310872,5.02138634207928,74.2450436585702,20.228839489494,0,33.3002077128789,73.0254799979074,18.5099160724385,8.44555935462858,5.88478074930282,80.2597045898438,0,0,0,0,0,0,29.8503727844675,0,34.3173165130615,0,34.2888488769531,0,82.3568700154622,14.4222097927962,0,0,0,0,0,0,0,41.8958290100098,80.5065422058105,47.3110116141183,17.9392750263214,10.2399029035137,0,6.28129208388449,74.4274898067353,0,89.3198369344075,6.8296755836694,18.088355386912,22.6667907054608,21.2120345454863,65.16233253479,18.9774238345692
0,0,0,35.2171058654785,0,0,0,0,0,8.39311939992082,0,8.44466428069381,0,0,0,0,73.8633117675781,79.9385070800781,33.177824361922,7.55154646829117,0,6.61980140144056,0,5.35859330155876,0,0,0,2.80317652225494,0,5.75324562191963,0,0,0,3.86773339907328,0,7.89570768194481,0,6.31834942672186,21.7763635376353,50.9054660151402,71.9157943725586,40.0124446242603,60.253376642863,0,0,16.4750494762184,81.580587387085,14.4611089969503,0,6.34592761183685,0,0,0,0,0,8.83440446988337,0,9.49553698301315,0,0,0,0,10.9128960789861,0,9.32613895804274,0,5.29895141823538,0,0,0,7.24975793755654,0,4.47836038346625,80.2476272583008,0,0,3.05512992540995,0,7.11178203560536,89.3198369344075,0,28.9122161865234,12.2113711460274,15.0580464601517,10.6657062845671,22.2205164773124,61.9173736572266
24.4803047180176,0,33.486457824707,0,0,0,0,0,10.7549172659074,0,4.56039246491023,0,0,0,0,0,60.3503678894043,0,55.0981955277292,0,5.61901673248836,0,4.16926612211077,0,8.58351888045792,0,0,0,5.087484686271,0,8.87335288524628,0,0,8.56244740662751,5.9788999778637,0,6.11445852518833,11.7198822968885,6.3675075441819,80.632698059082,3.23196132094772,73.0084495544434,24.4777455763383,0,0,70.9741058349609,38.8790988240923,6.70040285472906,6.17713329944671,0,0,0,0,0,9.01292095799858,0,11.527754343473,0,0,0,0,0,0,11.8318472067515,0,5.49796549196427,0,8.95165545676575,0,13.9234622319539,0,5.68256253790348,0,4.05661854034162,0,0,0,6.62123709420363,83.4035873413086,6.8296755836694,28.9122161865234,0,7.22168158043872,5.88819367327589,15.5341911275508,0,15.8634325861931
