0,0.331231415271759,0.229935093567922,0,0,0,0,0,0.25126571849603,0,0,0,0.258578911423683,0,0.225918093323708,0,0.287179470062256,0.264458775520325,0.232732700804869,0,0,0,0.34813749560943,0,0.346105771920373,0,0,0,0,0,0,0,0,0,0,0,0.260618850588799,0,0.365753472518565,0,0.301431184305864,0.289019644260406,0.300528389613178,0,0,0,0.286582309948771,0.352382087045246,0.302926415947781,0,0,0,0,0,0.209376100311635,0,0,0,0,0,0.26990538348957,0,0,0,0,0.37429179251194,0,0.271608659240507,0,0.328385516861016,0,0.330129848034294,0,0,0,0,0,0,0,0.2714450545609,0,0.342241448457124,0.27137233076412,0,0.326380148857648,0,0.31228358745575
0.331231415271759,0,0,0.168724342591042,0,0,0,0,0,0.203515189312972,0,0,0,0,0,0,0,0.41969515548812,0.247609356848093,0,0,0,0,0.187244187792142,0,0,0,0,0,0,0,0,0,0,0,0.353336603691181,0,0.240141344964504,0.335169245799383,0.419637421766917,0,0.391505384058864,0,0,0,0.381720764935017,0,0.344962328672409,0,0.217808383449553,0,0,0,0,0,0.180968778977791,0,0.26779784491429,0,0.234910908672545,0,0.175779183705648,0.346572948961842,0,0,0,0.171996918235506,0,0.328034967184067,0,0.250251492951065,0,0.373742061621934,0,0,0,0,0,0.384088886961056,0,0.440087091632006,0.345054931938648,0.355050921135328,0,0.262083090258829,0.336187133422265,0
0.229935093567922,0,0,0,0,0,0,0,0.282783627510071,0,0,0,0,0,0,0,0,0,0.271669592708349,0,0,0,0,0,0,0,0,0,0,0,0,0,0,0,0,0,0.215356405079365,0,0,0,0.26892336340327,0.254026651382446,0.26174961567462,0,0,0,0.284674084848828,0.299802099665006,0.256391727283031,0,0,0,0,0,0.200604600010832,0,0.237529220059514,0,0.179379676779111,0,0.207543771300051,0,0,0.30885294675827,0,0,0,0,0,0.323561310768127,0,0.33147369325161,0,0,0,0,0,0,0,0.279157999157906,0,0,0.226630025367076,0,0.236646346463915,0,0
0,0.168724342591042,0,0,0,0.17080764638053,0,0,0,0.161701922970159,0,0,0,0,0,0,0,0.287326484918594,0.275289118289948,0,0,0.334927380084991,0,0.237740576267242,0,0,0,0.311394825577736,0,0.336127310991287,0,0,0,0,0,0.388555824756622,0,0.26580348983407,0,0.382203847169876,0,0.295743990402955,0.271774470806122,0,0,0.301379680633545,0,0,0.286581605672836,0.182970280344246,0,0.170215353369713,0,0,0,0.190834227038754,0,0.230973836353847,0,0.196656785126942,0,0.191298333944473,0.326288998126984,0,0,0,0.283522307872772,0,0,0,0.325833661688699,0,0.34059211648092,0,0,0,0,0,0.361979648470879,0,0.350474879145622,0,0.303599439332118,0.267550619443258,0.219974486993962,0.319815446223531,0
0,0,0,0,0,0,0,0,0.244923926039138,0,0,0,0,0,0.235766711831093,0,0,0,0,0,0,0,0,0,0,0,0,0,0,0,0,0,0,0,0,0,0.195838674902916,0,0,0,0,0,0,0,0,0,0,0,0,0,0.198576194899423,0,0.200185194611549,0,0.221066296100616,0,0,0,0,0,0,0,0,0,0,0,0,0,0,0,0,0,0,0,0,0,0,0,0,0.203891471028328,0,0,0.198039068712801,0,0,0,0
0,0,0,0.17080764638053,0,0,0,0.154876696211951,0,0.159990676989158,0,0,0,0.217007547616959,0,0.17678041028422,0,0,0,0,0,0,0,0,0,0,0,0,0,0,0,0,0,0,0,0,0,0,0,0.240087017416954,0,0.27709758740205,0,0,0,0,0,0,0,0.137495100498199,0,0.182678866322617,0,0.170693080872297,0,0,0,0.194824263453484,0,0.205837711691856,0,0.201118856123308,0,0,0,0,0,0,0,0,0,0,0,0,0,0,0,0,0,0,0,0,0.173611981963569,0.242331344634295,0.232365755630391,0,0
0,0,0,0,0,0,0,0,0,0,0,0,0,0,0,0,0,0,0,0,0,0,0,0,0,0,0,0,0,0,0,0,0,0,0,0,0,0,0,0,0,0,0,0,0,0,0,0,0,0,0,0,0,0,0,0,0.217400305514986,0,0.211931211873889,0,0,0,0,0,0,0,0,0,0,0,0,0,0,0,0,0,0,0,0,0,0,0,0,0,0,0,0
0,0,0,0,0,0.154876696211951,0,0,0,0,0,0.160742112994194,0,0,0,0,0,0,0,0,0,0,0,0,0,0,0,0,0,0,0,0,0,0,0,0,0,0,0,0,0,0,0,0,0,0,0,0,0,0,0,0.181332036852837,0,0.246032320185384,0,0,0,0.196209465463956,0,0,0,0,0,0,0,0,0,0,0,0,0,0,0,0,0,0,0,0,0,0,0,0,0.226508781313896,0,0,0,0
0.25126571849603,0,0.282783627510071,0,0.244923926039138,0,0,0,0,0,0,0,0,0,0.187872605664389,0,0.191134185308502,0,0.271662485114364,0,0,0,0.365784615278244,0,0.276722869974502,0,0.230688365442412,0,0,0,0,0,0,0,0,0,0,0,0.274102963945445,0,0.278230920433998,0.318292230367661,0.316008587436908,0,0,0,0,0.347947768867016,0.365388654669126,0,0,0,0,0,0.171677209536678,0,0,0,0,0,0.208792615681887,0,0,0,0,0,0,0.248760474826696,0,0.289812090896791,0,0.339199811220169,0,0,0,0,0,0,0,0.271961078047752,0.257921874523163,0.256862980962703,0.231251956452459,0.209002593532205,0.342038119867288,0,0.378253756761551
0,0.203515189312972,0,0.161701922970159,0,0.159990676989158,0,0,0,0,0,0,0,0,0,0.197382071964881,0.246662069971745,0.202978385612369,0.24152806520462,0,0,0,0,0.198759730767321,0,0.204346880316734,0,0,0,0,0,0,0,0,0,0,0,0.250272937119007,0,0,0,0.283036114846138,0,0,0,0,0.243850529193878,0,0.311172783374786,0.163605776700107,0,0.134646728634834,0,0,0,0.245421419439673,0,0.339815366481032,0,0.380560100078583,0,0.214483639491456,0.322302599747976,0,0.359884887933731,0,0.199596872472245,0,0,0,0.34851565097387,0,0.334713140502572,0,0,0,0,0,0,0,0.363945698365569,0,0.230097200232866,0.207740383843581,0.291652311600985,0.284399390220642,0
0,0,0,0,0,0,0,0,0,0,0,0,0,0,0,0,0,0,0,0,0.158871598432169,0,0,0,0,0,0,0,0.140121929347515,0,0.197182283798854,0,0,0,0,0,0.199349526315928,0,0.171683341965956,0,0,0,0,0,0,0,0.208368043104808,0,0,0,0,0,0,0,0,0,0.250525772886769,0,0.205109894275665,0,0,0,0,0.189161496103139,0,0,0,0,0,0,0,0.247937202453613,0,0.173730512937674,0,0,0,0,0,0.229653894901276,0,0.165690599576287,0.226744246203452,0,0.186678386603793,0,0
0,0,0,0,0,0,0,0.160742112994194,0,0,0,0,0,0.149274869076908,0,0,0,0,0,0.211638652678348,0,0.418987572193146,0,0,0,0,0,0.346999157624072,0,0.275323332790385,0,0,0,0,0,0,0,0.122009424039641,0,0,0,0.289692799250285,0,0,0,0.268880769610405,0,0,0,0,0,0,0,0,0,0,0,0.233129360092183,0,0.291452447033447,0,0,0.270395522978571,0,0.29992863535881,0,0,0,0,0,0.346879570434491,0,0.321662585156551,0,0,0,0,0,0.33559513092041,0,0,0,0.16681533548094,0,0.237041041254997,0,0
0.258578911423683,0,0,0,0,0,0,0,0,0,0,0,0,0,0.243210110068321,0,0,0,0,0,0,0,0.35697403550148,0,0.360067099332809,0,0.355767925580343,0,0,0,0,0,0,0,0,0,0,0,0,0,0,0,0,0,0,0,0,0,0.280182993412018,0,0,0,0,0,0,0,0.247060641646385,0,0.245564498886084,0,0.299765849250487,0,0,0,0,0.369745649397373,0,0.347036391496658,0,0.32590980285948,0,0.233926807840665,0,0,0,0,0,0,0,0,0,0,0.251460497577985,0,0,0,0
0,0,0,0,0,0.217007547616959,0,0,0,0,0,0.149274869076908,0,0,0,0,0,0,0,0,0,0,0,0,0,0,0,0.23736084997654,0,0,0,0,0,0,0,0,0,0,0,0,0,0,0,0,0,0,0,0,0,0,0,0,0,0.166995674371719,0,0,0,0.368354290723801,0,0.200729054675714,0,0.188376054167747,0,0,0,0,0,0,0,0,0.239567634559447,0,0,0,0,0,0,0,0,0,0,0,0.221820178861712,0.215068449350921,0,0,0
0.225918093323708,0,0,0,0.235766711831093,0,0,0,0.187872605664389,0,0,0,0.243210110068321,0,0,0,0,0,0,0,0,0,0.342064499855042,0,0.341871568789849,0,0.33052559196949,0,0,0,0,0,0,0,0,0,0,0,0,0,0,0,0,0,0,0,0,0,0.289565473794937,0,0,0,0,0,0.295777380466461,0,0,0,0.280224826567027,0,0.230932309572454,0,0,0,0,0.375903904438019,0,0.28838666677475,0,0.339560822443625,0,0.261074841022491,0,0,0,0,0,0,0,0,0,0,0.206796372407361,0,0,0,0
0,0,0,0,0,0.17678041028422,0,0,0,0.197382071964881,0,0,0,0,0,0,0.230667086584227,0.209261660354541,0,0,0,0,0,0,0,0.20592033068339,0,0.197088405489922,0,0,0,0,0,0,0,0,0,0,0,0,0,0,0,0,0,0,0,0,0,0.183049008250237,0,0.191995087265968,0,0,0,0.199740833165694,0,0,0,0,0,0.190813162996445,0,0,0,0,0,0,0.194357208907604,0,0,0,0,0,0,0,0,0,0,0,0,0,0.189665434834285,0.212806555357846,0,0,0
0.287179470062256,0,0,0,0,0,0,0,0.191134185308502,0.246662069971745,0,0,0,0,0,0.230667086584227,0,0.259935899682471,0.321446958894932,0,0,0.271062185366948,0.213330899866728,0.23392664167014,0.205291368067265,0.230546223620574,0.214387983083725,0.260757528245449,0,0,0,0,0,0,0,0.32301377877593,0.341411922465671,0.338837832212448,0.347207913796107,0.332739700336714,0.324731077323824,0.283978993986167,0.300055213581175,0,0.261718213558197,0.31348288932751,0.297630869327707,0,0.349917955525959,0.342202797532082,0,0,0,0,0,0,0,0,0,0,0,0,0.319712736389854,0.288837358355522,0,0,0,0,0,0.281794935464859,0.324154376983643,0,0.340112904707591,0,0,0,0,0,0.333669160134517,0.330369769637264,0.330027624609925,0.355168639481822,0.241797610488937,0.246522521329767,0.31654895139592,0.286355156451464,0.298275253234001
0.264458775520325,0.41969515548812,0,0.287326484918594,0,0,0,0,0,0.202978385612369,0,0,0,0,0,0.209261660354541,0.259935899682471,0,0.288757932395469,0,0,0.223916552554477,0,0.18006491703821,0,0.216675691645988,0,0.229998423995679,0,0.373155295848846,0,0,0,0,0,0.32795579659362,0.335052627520483,0.350122982263565,0.326587620708678,0.340189659085713,0.322967891509716,0.285461168505271,0.293215007086595,0,0,0.33212479538941,0.309085653867663,0,0.337664630971377,0.368197833498319,0,0,0,0,0,0,0,0.306791946291924,0,0,0,0.264597525199254,0.334387785632803,0.301895862817764,0,0,0,0,0.244617875665426,0.2971211373806,0.347257715463638,0,0.367998540112116,0,0,0,0,0,0.34372129779335,0.327196956053376,0.347528536534367,0.343000766796035,0.234159223664757,0.210771519911433,0.308277314265123,0.273895516434563,0.290020432104083
0.232732700804869,0.247609356848093,0.271669592708349,0.275289118289948,0,0,0,0,0.271662485114364,0.24152806520462,0,0,0,0,0,0,0.321446958894932,0.288757932395469,0,0,0,0.30588661134243,0.375595847765605,0.292293249318997,0.280231515566508,0.298703014850616,0,0,0,0.411921560764313,0,0,0,0,0,0.315520339176573,0.351744759389114,0.328731717477585,0.372350187926758,0.318976921179158,0.328051482117876,0.247412512260886,0.286142018101914,0.18262335062027,0.314573124051094,0.314132863466018,0.296236320670053,0,0.387303436848711,0.252033395756935,0,0,0,0,0.267013850311438,0.245182141661644,0,0.295153309901555,0,0,0,0.265836626291275,0.32202670498689,0.294720200807091,0,0,0,0.253230698406696,0,0.315340320269267,0.324246287345886,0.360473215579987,0.324753184481101,0,0,0,0,0,0.326352842726714,0.33564259727585,0.319732166324319,0.391919950392389,0.245294349366487,0.300717226822268,0.303908851290534,0.223711774385763,0.266653821044575
0,0,0,0,0,0,0,0,0,0,0,0.211638652678348,0,0,0,0,0,0,0,0,0,0,0,0,0,0,0,0,0,0.304190964334541,0,0,0,0,0,0.182101225937733,0,0.306756343715256,0,0,0,0,0,0,0,0,0,0,0,0,0,0.180508203804493,0,0,0,0,0,0.190268127189117,0,0,0,0,0.234618796773205,0,0,0,0,0,0,0,0,0,0.331432240532984,0,0,0,0,0,0.230553926693069,0,0.3033077828761,0,0.159344792366028,0.157831251621246,0.205997198820114,0,0
0,0,0,0,0,0,0,0,0,0,0.158871598432169,0,0,0,0,0,0,0,0,0,0,0,0,0,0,0,0,0,0,0,0,0,0,0,0,0,0.248216849035189,0,0.172607665680148,0,0,0,0,0,0,0,0.258297566086688,0,0,0,0,0,0,0,0,0,0.131169512867928,0,0,0,0,0,0,0.213049907277931,0,0,0,0,0,0,0,0,0,0,0,0,0,0,0,0.23490028896115,0,0.193915038787085,0.233128700291087,0,0.229340762981484,0,0
0,0,0,0.334927380084991,0,0,0,0,0,0,0,0.418987572193146,0,0,0,0,0.271062185366948,0.223916552554477,0.30588661134243,0,0,0,0.186137784837255,0.236427173018456,0,0.340035461062609,0,0.267762191965084,0,0,0,0,0,0,0,0,0,0.266558729762484,0,0,0,0.352075988054276,0,0,0,0,0.294959098100662,0,0.349696397781372,0.129770344921521,0,0,0,0,0,0,0,0.376922368418937,0,0.369330188632011,0,0,0.365382798016071,0,0.188592494664692,0.165645599779156,0.209963055253029,0,0.331642798920895,0,0.309739451024492,0,0,0,0,0,0,0,0.342768043279648,0,0.2940420635782,0.23426908483872,0.171853936129835,0.157228856121118,0.371898293495178,0,0
0.34813749560943,0,0,0,0,0,0,0,0.365784615278244,0,0,0,0.35697403550148,0,0.342064499855042,0,0.213330899866728,0,0.375595847765605,0,0,0.186137784837255,0,0,0.26397917329953,0,0.274507017806172,0,0.316436396468253,0,0,0,0,0,0,0,0,0,0.315215584927482,0,0.313273876905441,0,0.351139321923256,0,0,0,0.31855097413063,0,0.35211348169957,0,0,0,0,0,0.395779967308044,0,0.349503229061763,0,0.317764908075333,0,0.353352904319763,0,0,0,0.191369793736018,0.233772374151664,0,0.299609126718113,0,0.395702662376257,0,0.355682709387371,0,0,0,0,0,0,0,0.319457948207855,0,0.327998837627186,0.268521449657897,0.182540951248096,0.354728681051125,0,0
0,0.187244187792142,0,0.237740576267242,0,0,0,0,0,0.198759730767321,0,0,0,0,0,0,0.23392664167014,0.18006491703821,0.292293249318997,0,0,0.236427173018456,0,0,0,0.237930577076398,0,0,0,0,0,0,0,0,0,0,0.313886076211929,0.259471680215799,0,0,0,0.251000046730042,0.325747460126877,0,0,0,0,0.490241987364633,0,0.224920629213254,0,0,0,0,0,0.276248717473613,0,0.323522925376892,0,0,0,0,0,0,0.18411188274622,0,0.206308778294285,0,0.226930062665983,0,0.296417191624641,0,0,0,0,0,0,0,0,0,0.334869307465851,0.452569633722305,0.220851657580036,0.239930998533964,0.204110713482931,0,0
0.346105771920373,0,0,0,0,0,0,0,0.276722869974502,0,0,0,0.360067099332809,0,0.341871568789849,0,0.205291368067265,0,0.280231515566508,0,0,0,0.26397917329953,0,0,0,0.247758306767962,0,0,0,0,0,0,0,0.260366504391034,0,0,0,0.275256761320899,0,0,0,0.326441672888208,0,0,0,0,0.302226681600917,0.342073378562927,0.328762114048004,0,0,0,0,0.200364188370058,0,0,0,0.34091480448842,0,0.267965798782561,0,0,0,0,0.279750003756546,0,0.255352350318873,0,0.343147538198626,0,0,0,0,0,0,0,0,0,0,0,0.304745224645657,0.228342832986798,0,0.378809237399617,0,0.432963758707047
0,0,0,0,0,0,0,0,0,0.204346880316734,0,0,0,0,0,0.20592033068339,0.230546223620574,0.216675691645988,0.298703014850616,0,0,0.340035461062609,0,0.237930577076398,0,0,0,0.263445274616991,0,0,0,0,0,0,0,0,0,0,0,0,0,0,0,0,0,0,0,0,0,0,0,0,0,0,0,0,0,0.417181193828583,0,0.390874440019781,0,0,0,0,0.293934266842329,0,0.263292797406515,0,0.245120532330005,0,0.32029747003275,0,0,0,0,0,0,0,0,0,0,0,0.194236088290133,0.217431903797753,0,0,0
0,0,0,0,0,0,0,0,0.230688365442412,0,0,0,0.355767925580343,0,0.33052559196949,0,0.214387983083725,0,0,0,0,0,0.274507017806172,0,0.247758306767962,0,0,0,0,0,0,0,0,0,0,0,0,0,0.383919894695282,0,0,0,0,0,0,0,0,0,0.277529820799828,0,0,0,0,0,0,0,0,0,0.352214813232422,0,0.265178288391658,0,0,0,0,0.316349016932341,0,0.199660714768188,0,0.296551220463795,0,0,0,0,0,0,0,0,0,0,0,0.375058710575104,0.17191481590271,0,0,0,0
0,0,0,0.311394825577736,0,0,0,0,0,0,0,0.346999157624072,0,0.23736084997654,0,0.197088405489922,0.260757528245449,0.229998423995679,0,0,0,0.267762191965084,0,0,0,0.263445274616991,0,0,0,0.231126246448178,0,0,0,0,0,0,0,0.238633045683736,0,0,0,0.3518426453366,0,0,0,0.331227049231529,0,0,0,0,0,0,0,0,0,0,0,0.386597000118485,0,0.330474359528074,0,0,0.380867208753313,0,0.303757560008497,0,0,0,0.338100334629416,0,0.297618847445778,0,0.255839213081028,0,0,0,0,0,0,0,0.262361085042357,0,0.233628651191448,0.196791390577952,0.378825599948565,0.358191728591919,0
0,0,0,0,0,0,0,0,0,0,0.140121929347515,0,0,0,0,0,0,0,0,0,0,0,0.316436396468253,0,0,0,0,0,0,0,0.231032269454941,0,0,0,0,0,0,0,0.199801910136427,0,0,0,0,0,0,0,0,0,0.343239744504293,0,0,0,0,0,0,0,0,0,0,0,0,0,0,0.316954791545868,0,0,0,0,0,0,0,0.242183871173073,0,0.276016149520874,0,0,0,0,0,0,0,0.209621681419552,0.128779068589211,0,0,0,0
0,0,0,0.336127310991287,0,0,0,0,0,0,0,0.275323332790385,0,0,0,0,0,0.373155295848846,0.411921560764313,0.304190964334541,0,0,0,0,0,0,0,0.231126246448178,0,0,0,0,0,0,0,0,0,0.218309687870279,0,0.279134899377823,0,0.345455445625164,0,0,0,0.296849049627781,0,0,0,0,0,0,0,0,0,0,0,0.343824982516846,0,0,0,0,0.361825889145786,0,0,0,0,0,0,0,0.194718767626163,0,0.285336335468803,0,0,0,0,0,0.332996994256973,0,0.266628069537027,0,0.188418368576095,0,0.385976202108643,0,0
0,0,0,0,0,0,0,0,0,0,0.197182283798854,0,0,0,0,0,0,0,0,0,0,0,0,0,0,0,0,0,0.231032269454941,0,0,0,0,0,0,0,0,0,0.217332141558906,0,0,0,0,0,0,0,0,0,0,0,0,0,0,0,0,0,0.141376670111309,0,0,0,0,0,0,0,0,0,0,0,0,0,0,0.228010907578163,0,0.200058673870834,0,0,0,0,0,0,0,0.263037794932349,0.171053447167982,0,0,0,0
0,0,0,0,0,0,0,0,0,0,0,0,0,0,0,0,0,0,0,0,0,0,0,0,0,0,0,0,0,0,0,0,0.158629703595013,0.299199700761925,0.18386627568139,0.198249096293298,0.311345428228378,0,0,0,0,0,0,0,0,0,0,0.290065975902168,0,0.337196121613185,0,0,0,0,0,0,0,0,0,0,0,0,0,0,0,0,0,0,0,0,0,0,0,0,0.203630575905422,0.183660146845898,0.133495361506939,0.195892409048975,0.263488645557054,0.254622700810432,0,0,0.178258101855006,0,0,0,0
0,0,0,0,0,0,0,0,0,0,0,0,0,0,0,0,0,0,0,0,0,0,0,0,0,0,0,0,0,0,0,0.158629703595013,0,0,0.213128123432398,0.123038195073605,0.186999560230308,0,0,0.474451869726181,0,0,0,0,0,0,0,0.326238466818042,0,0.457017381554065,0,0,0,0,0,0,0,0,0,0,0,0,0,0,0,0,0,0,0,0,0,0,0,0,0.14888092308761,0.196440215639148,0,0.176933102723625,0,0.269043197342117,0,0,0.157537097912378,0,0.447699513572913,0,0
0,0,0,0,0,0,0,0,0,0,0,0,0,0,0,0,0,0,0,0,0,0,0,0,0,0,0,0,0,0,0,0.299199700761925,0,0,0.283314289312034,0.181963640876034,0.179710299146077,0.424937866811569,0.52239056074456,0,0,0,0,0,0,0,0,0.281844935469282,0,0.372850476999149,0,0,0,0,0,0,0,0,0,0,0,0,0,0,0,0,0,0,0,0,0,0,0,0,0.33227794445478,0,0.231579426780456,0.337106026311544,0.22252248787819,0.215831333771348,0.256489553000404,0.652446962132746,0.243775717190067,0.407548716145285,0.375592827796936,0,0
0,0,0,0,0,0,0,0,0,0,0,0,0,0,0,0,0,0,0,0,0,0,0,0,0.260366504391034,0,0,0,0,0,0,0.18386627568139,0.213128123432398,0.283314289312034,0,0,0.220991156517381,0.374339184107689,0.301855961096089,0,0,0,0,0,0,0,0,0.434694725832342,0.371261438256816,0.794037695749697,0,0,0,0,0,0,0,0,0,0,0,0,0,0,0,0,0,0.293124750256538,0,0,0.528024435043335,0,0,0,0,0.20043402214845,0.23314492131273,0.286890639761395,0,0.214892092012913,0.323496256571482,0.29246710279049,0.218300109327614,0.204833522439003,0.532262176275253,0,0
0,0.353336603691181,0,0.388555824756622,0,0,0,0,0,0,0,0,0,0,0,0,0.32301377877593,0.32795579659362,0.315520339176573,0.182101225937733,0,0,0,0,0,0,0,0,0,0,0,0.198249096293298,0.123038195073605,0.181963640876034,0,0,0.163851327473117,0.21595048068017,0.364397972822189,0.350656925141811,0.322338834404945,0.300007272604083,0.308587580919266,0,0,0.273899944733049,0.27505698800087,0.362573185406233,0.325052494804064,0.359131723642349,0,0.199714662300216,0,0,0,0,0,0.214521965100652,0,0.19660010561347,0,0.224421948194504,0.259863272282012,0,0,0,0,0,0,0,0,0,0.338359886407852,0,0.180650621701379,0.209341081976891,0.185814691694821,0,0.240792662895636,0.258913991351922,0.260241399716995,0.310258656740189,0.210724933873455,0.24916974184188,0.237276124348984,0.316563639927793,0
0.260618850588799,0,0.215356405079365,0,0.195838674902916,0,0,0,0,0,0.199349526315928,0,0,0,0,0,0.341411922465671,0.335052627520483,0.351744759389114,0,0.248216849035189,0,0,0.313886076211929,0,0,0,0,0,0,0,0.311345428228378,0.186999560230308,0.179710299146077,0.220991156517381,0.163851327473117,0,0.286061100661755,0.249521933746088,0.365716814994812,0.355664666403424,0.309106141328812,0.306400490753234,0,0.378472149372101,0.312133938074112,0.258453397883369,0.238963378481118,0.326682283690101,0,0,0,0,0,0,0,0,0,0,0,0,0,0,0.267935593608529,0,0,0,0,0,0.346437573432922,0,0,0.348867833614349,0,0,0.225109048779049,0,0.263968962907939,0.196077637161527,0.245819304159234,0.353286176919937,0.256250428025727,0.224331187286177,0.256871571302414,0.277662982806867,0.303028017282486,0.365207021029628
0,0.240141344964504,0,0.26580348983407,0,0,0,0,0,0.250272937119007,0,0.122009424039641,0,0,0,0,0.338837832212448,0.350122982263565,0.328731717477585,0.306756343715256,0,0.266558729762484,0,0.259471680215799,0,0,0,0.238633045683736,0,0.218309687870279,0,0,0,0.424937866811569,0.374339184107689,0.21595048068017,0.286061100661755,0,0.455721445855378,0.374699223041534,0.358272671699524,0.269932988149519,0.289675861597061,0,0,0.271868866030909,0,0.702968988866702,0.33842645585537,0.49389086268669,0,0,0,0,0,0.28283985555172,0,0.177953974055457,0,0,0,0.280043810606003,0.303972012027171,0,0.313908614717196,0,0.323303108300314,0,0.315067073084273,0,0.29446773239693,0,0.226365488565084,0,0,0,0.216825345421539,0.538434426777247,0.265546014477121,0.341832061608632,0.276395576364479,0.580256788033835,0.352474994504734,0.495313220394344,0.279682886367443,0.306404362364513,0
0.365753472518565,0.335169245799383,0,0,0,0,0,0,0.274102963945445,0,0.171683341965956,0,0,0,0,0,0.347207913796107,0.326587620708678,0.372350187926758,0,0.172607665680148,0,0.315215584927482,0,0.275256761320899,0,0.383919894695282,0,0.199801910136427,0,0.217332141558906,0,0,0.52239056074456,0.301855961096089,0.364397972822189,0.249521933746088,0.455721445855378,0,0,0.339424312114716,0,0.317676329706598,0,0,0,0.236633570492268,0.386608914936541,0.372631408334467,0.517570322751999,0,0,0,0,0.234954887804603,0,0.148007978498936,0,0,0,0,0,0,0.201491367530364,0.388517946004868,0.299605382772695,0.454694522278649,0.301449536724474,0.569008350372314,0.352524123021535,0.471935749053955,0.28092533041691,0,0.156405254930472,0,0,0.841263580322266,0.326432853599764,0.342305615544319,0.253084094994651,0.40700697781224,0.26230115452176,0.328123043536317,0.230180539722954,0.277061288583279,0,0.387785464525223
0,0.419637421766917,0,0.382203847169876,0,0.240087017416954,0,0,0,0,0,0,0,0,0,0,0.332739700336714,0.340189659085713,0.318976921179158,0,0,0,0,0,0,0,0,0,0,0.279134899377823,0,0,0.474451869726181,0,0,0.350656925141811,0.365716814994812,0.374699223041534,0,0,0.335511046648026,0.313495388033818,0.310672753236511,0.239701397716999,0,0.332357053903991,0.30229140818119,0.470854085683823,0.362853772938251,0.433408058374315,0,0.213369742035866,0,0,0,0.307687640190125,0,0.269396440298469,0,0.286195332805316,0,0.311486184597015,0.267961273671708,0.333405047655106,0,0,0,0,0,0,0.330078158113692,0,0.317598135575004,0,0,0,0,0,0.315230491461221,0.338002507885297,0.308962922595756,0.325053364038467,0.375946293531218,0.311027604341507,0.308334831793857,0.300692922680677,0.307090759277344
0.301431184305864,0,0.26892336340327,0,0,0,0,0,0.278230920433998,0,0,0,0,0,0,0,0.324731077323824,0.322967891509716,0.328051482117876,0,0,0,0.313273876905441,0,0,0,0,0,0,0,0,0,0,0,0,0.322338834404945,0.355664666403424,0.358272671699524,0.339424312114716,0.335511046648026,0,0.297598664131429,0.306801067483893,0,0,0.301151939413764,0.251911893234013,0.535795524716377,0.298613341921009,0,0,0,0,0,0.269991457462311,0,0,0,0,0,0.250819504261017,0,0.344332953294118,0.294046797813513,0,0,0,0,0,0.295811047156652,0,0,0.343074113130569,0,0,0,0,0,0.339414540459128,0.314263370965697,0.326221404804124,0.348688654695885,0.306201762856145,0.320375525289112,0.29388609631108,0.277385056018829,0.343072963083626
0.289019644260406,0.391505384058864,0.254026651382446,0.295743990402955,0,0.27709758740205,0,0,0.318292230367661,0.283036114846138,0,0.289692799250285,0,0,0,0,0.283978993986167,0.285461168505271,0.247412512260886,0,0,0.352075988054276,0,0.251000046730042,0,0,0,0.3518426453366,0,0.345455445625164,0,0,0,0,0,0.300007272604083,0.309106141328812,0.269932988149519,0,0.313495388033818,0.297598664131429,0,0.273223362686719,0.247127325911271,0,0.344378651559583,0.27750518421332,0.469159252326423,0.324861062069734,0.406053409780184,0,0.262926118075848,0,0,0,0.28999019003986,0,0.322266451128713,0,0.290059722715141,0,0.287341299833673,0.3354221521148,0.249734058976173,0.340881446997325,0,0.279929445762383,0.295229822397232,0.33630707859993,0.298083931207657,0.336144766937034,0,0.334603605959583,0,0,0,0,0,0.333239104750318,0.294053868335836,0.327107001447453,0.300909536225455,0.318119473594384,0.287183442049556,0.301500946124753,0.273308456121073,0.242208391427994
0.300528389613178,0,0.26174961567462,0.271774470806122,0,0,0,0,0.316008587436908,0,0,0,0,0,0,0,0.300055213581175,0.293215007086595,0.286142018101914,0,0,0,0.351139321923256,0.325747460126877,0.326441672888208,0,0,0,0,0,0,0,0,0,0,0.308587580919266,0.306400490753234,0.289675861597061,0.317676329706598,0.310672753236511,0.306801067483893,0.273223362686719,0,0,0,0.29909606810127,0.307474116503681,0.332907487948736,0.339368867518961,0,0,0,0,0,0.268583297621513,0,0,0,0,0,0.287178705135981,0.24800144135952,0.300838738679886,0.338289601969918,0,0.347457349300385,0,0.422641739249229,0,0.321562422522858,0,0.307486336678267,0.322685450315475,0.200810933485627,0,0,0,0,0.30544319663729,0.308774751888685,0.313509077406847,0.340376791026857,0.283759843941619,0.313583152858835,0.303132064020123,0.253675240278244,0.277731964844953
0,0,0,0,0,0,0,0,0,0,0,0,0,0,0,0,0,0,0.18262335062027,0,0,0,0,0,0,0,0,0,0,0,0,0,0,0,0,0,0,0,0,0.239701397716999,0,0.247127325911271,0,0,0,0,0,0,0,0,0,0,0,0,0,0,0,0,0,0,0,0,0,0,0,0,0,0,0,0,0,0,0,0,0,0,0,0,0.300017349421978,0,0.319094479084015,0,0.288623005151749,0,0.275189243257046,0,0
0,0,0,0,0,0,0,0,0,0,0,0,0,0,0,0,0.261718213558197,0,0.314573124051094,0,0,0,0,0,0,0,0,0,0,0,0,0,0,0,0,0,0.378472149372101,0,0,0,0,0,0,0,0,0,0,0,0,0,0,0,0,0,0,0,0,0,0,0,0,0,0,0,0,0,0,0,0,0,0,0,0,0,0,0,0,0,0,0.386350234349569,0,0.349652713537216,0.345686035496848,0,0,0,0
0,0.381720764935017,0,0.301379680633545,0,0,0,0,0,0,0,0.268880769610405,0,0,0,0,0.31348288932751,0.33212479538941,0.314132863466018,0,0,0,0,0,0,0,0,0.331227049231529,0,0.296849049627781,0,0,0,0,0,0.273899944733049,0.312133938074112,0.271868866030909,0,0.332357053903991,0.301151939413764,0.344378651559583,0.29909606810127,0,0,0,0.28807720541954,0,0.33420484761397,0.2644082903862,0,0.190354079008102,0,0,0,0.265791833400726,0,0.280429505135702,0,0.291869096457958,0,0.275814443826675,0.294644040272691,0.309764266014099,0.345440755287806,0,0,0,0,0,0.326943207728235,0,0.29643698837526,0,0,0,0,0,0.281623617119202,0.317042477428913,0.297237225502441,0.327470188339551,0.33653294104825,0.318337522447109,0.380917563037553,0.339152822749955,0.300839337209861
0.286582309948771,0,0.284674084848828,0,0,0,0,0,0,0.243850529193878,0.208368043104808,0,0,0,0,0,0.297630869327707,0.309085653867663,0.296236320670053,0,0.258297566086688,0.294959098100662,0.31855097413063,0,0,0,0,0,0,0,0,0,0,0,0,0.27505698800087,0.258453397883369,0,0.236633570492268,0.30229140818119,0.251911893234013,0.27750518421332,0.307474116503681,0,0,0.28807720541954,0,0,0.303889562662231,0,0,0,0,0,0.277717843651772,0,0,0,0,0,0,0,0.296053200960159,0.259689823123008,0,0,0,0,0,0.317710420915059,0,0.305377781391144,0.372991412878036,0,0,0,0,0,0.329218173027039,0.255219563905162,0.303056838922203,0.259938936299226,0.283463173009482,0.305626459419727,0.271692748296429,0.287501022219658,0.30319773635039
0.352382087045246,0.344962328672409,0.299802099665006,0,0,0,0,0,0.347947768867016,0,0,0,0,0,0,0,0,0,0,0,0,0,0,0.490241987364633,0.302226681600917,0,0,0,0,0,0,0.290065975902168,0.326238466818042,0.281844935469282,0.434694725832342,0.362573185406233,0.238963378481118,0.702968988866702,0.386608914936541,0.470854085683823,0.535795524716377,0.469159252326423,0.332907487948736,0,0,0,0,0,0.480358951479108,0.523252411794888,0,0,0,0,0.29912243783474,0,0,0.364073783159256,0,0,0,0,0.397871345281601,0,0.428577475249767,0,0.50469621270895,0.307761758565903,0.436104029417038,0,0.438578003644943,0,0,0,0.406033848576943,0.334183513814089,0.26233409642391,0.615188042597217,0.407977623743015,0.30333510909956,0.469527252846294,0.568730890821173,0.456027838712515,0.577613957226276,0.493789454886071,0,0.344736576080322
0.302926415947781,0,0.256391727283031,0.286581605672836,0,0,0,0,0.365388654669126,0.311172783374786,0,0,0.280182993412018,0,0.289565473794937,0,0.349917955525959,0.337664630971377,0.387303436848711,0,0,0.349696397781372,0.35211348169957,0,0.342073378562927,0,0.277529820799828,0,0.343239744504293,0,0,0,0,0,0.371261438256816,0.325052494804064,0.326682283690101,0.33842645585537,0.372631408334467,0.362853772938251,0.298613341921009,0.324861062069734,0.339368867518961,0,0,0.33420484761397,0.303889562662231,0.480358951479108,0,0.574558462231767,0,0,0,0,0.243840316662917,0,0.310043108734218,0,0.272599669233445,0,0.24713912587012,0,0,0.308166562386279,0,0.375420248279205,0,0.36969335385271,0,0.341568915458286,0,0.338421334460792,0.33525387942791,0.317887845810888,0.495776959965306,0,0,0.457688046693802,0.347736223822548,0.406056938724713,0.350110340576905,0.342399550917057,0.371685937722853,0.328430306911469,0.353937089729165,0.307210378348827,0.403230326115221
0,0.217808383449553,0,0.182970280344246,0,0.137495100498199,0,0,0,0.163605776700107,0,0,0,0,0,0.183049008250237,0.342202797532082,0.368197833498319,0.252033395756935,0,0,0.129770344921521,0,0.224920629213254,0.328762114048004,0,0,0,0,0,0,0.337196121613185,0.457017381554065,0.372850476999149,0.794037695749697,0.359131723642349,0,0.49389086268669,0.517570322751999,0.433408058374315,0,0.406053409780184,0,0,0,0.2644082903862,0,0.523252411794888,0.574558462231767,0,0,0,0,0,0,0.193235591905458,0,0.308102648571241,0,0.25958255110752,0,0.220534467697144,0.317582204937935,0,0.276149474657499,0,0.267658190607135,0,0.27466349394954,0,0.278899147216953,0,0.368857708844272,0,0.462143122440293,0.314660429954529,0.339111457268397,0.738694863186942,0.371011744880881,0.295885135730108,0.347839469894731,0.618260082478325,0.463548124159596,0.656496703624725,0.410387949192044,0.313632915417353,0
0,0,0,0,0.198576194899423,0,0,0,0,0,0,0,0,0,0,0,0,0,0,0,0,0,0,0,0,0,0,0,0,0,0,0,0,0,0,0,0,0,0,0,0,0,0,0,0,0,0,0,0,0,0,0,0,0,0,0,0,0,0,0,0,0,0,0,0,0,0,0,0,0,0,0,0,0,0,0,0,0,0,0,0,0,0.23309925198555,0,0.154115468263626,0,0
0,0,0,0.170215353369713,0,0.182678866322617,0,0.181332036852837,0,0.134646728634834,0,0,0,0,0,0.191995087265968,0,0,0,0.180508203804493,0,0,0,0,0,0,0,0,0,0,0,0,0,0,0,0.199714662300216,0,0,0,0.213369742035866,0,0.262926118075848,0,0,0,0.190354079008102,0,0,0,0,0,0,0,0.192539814343819,0,0,0,0.178373116999865,0,0.215016901493073,0,0.224072465059385,0.193189439177513,0,0,0,0,0,0,0,0,0,0,0,0,0,0,0,0.206053679188093,0,0.326020389795303,0,0.172311833946504,0.213108864426613,0.22401591230716,0,0
0,0,0,0,0.200185194611549,0,0,0,0,0,0,0,0,0,0,0,0,0,0,0,0,0,0,0,0,0,0,0,0,0,0,0,0,0,0,0,0,0,0,0,0,0,0,0,0,0,0,0,0,0,0,0,0,0,0,0,0.212890284756819,0,0.208386986151986,0,0,0,0,0,0,0,0,0,0,0,0,0,0,0,0,0,0,0,0,0,0,0,0,0,0,0,0
0,0,0,0,0,0.170693080872297,0,0.246032320185384,0,0,0,0,0,0.166995674371719,0,0,0,0,0,0,0,0,0,0,0,0,0,0,0,0,0,0,0,0,0,0,0,0,0,0,0,0,0,0,0,0,0,0,0,0,0,0.192539814343819,0,0,0,0,0,0.220102418628004,0,0,0,0,0,0,0,0,0,0,0,0,0,0,0,0,0,0,0,0,0,0,0,0,0,0,0,0,0
0.209376100311635,0,0.200604600010832,0,0.221066296100616,0,0,0,0.171677209536678,0,0,0,0,0,0.295777380466461,0,0,0,0.267013850311438,0,0,0,0.395779967308044,0,0.200364188370058,0,0,0,0,0,0,0,0,0,0,0,0,0,0.234954887804603,0,0.269991457462311,0,0.268583297621513,0,0,0,0.277717843651772,0.29912243783474,0.243840316662917,0,0,0,0,0,0,0,0,0,0.269266337156296,0,0.235998204169851,0,0,0,0,0,0,0.219788714777678,0,0.331085266435848,0,0,0,0,0,0,0,0,0,0.246190149337053,0,0.232896550986412,0.241954721472202,0,0.227992573616195,0,0.326313994824886
0,0.180968778977791,0,0.190834227038754,0,0,0,0,0,0.245421419439673,0,0,0,0,0,0.199740833165694,0,0,0.245182141661644,0,0,0,0,0.276248717473613,0,0,0,0,0,0,0,0,0,0,0,0,0,0.28283985555172,0,0.307687640190125,0,0.28999019003986,0,0,0,0.265791833400726,0,0,0,0.193235591905458,0,0,0,0,0,0,0,0.340722565849622,0,0,0,0.211699794232845,0,0,0.325368225574493,0,0.25257868813921,0,0.207836598157883,0,0.352228447794914,0,0.314593843051365,0,0,0,0,0,0,0,0.293905399739742,0.33795490860939,0.226668844142785,0.265031009912491,0.231734596081634,0.283733513206244,0
0,0,0.237529220059514,0,0,0,0.217400305514986,0,0,0,0.250525772886769,0,0.247060641646385,0,0,0,0,0,0,0,0.131169512867928,0,0.349503229061763,0,0,0,0,0,0,0,0.141376670111309,0,0,0,0,0,0,0,0.148007978498936,0,0,0,0,0,0,0,0,0,0.310043108734218,0,0,0,0.212890284756819,0,0,0,0,0,0.25290562499028,0,0.269882127642632,0,0,0.161397029344852,0,0.37114155292511,0,0.387992948293686,0,0.260690607923142,0,0.285013138178067,0,0.246125479252675,0,0,0,0,0,0,0,0.138670984316956,0.255484767475174,0,0.2016239567101,0,0
0,0.26779784491429,0,0.230973836353847,0,0.194824263453484,0,0.196209465463956,0,0.339815366481032,0,0.233129360092183,0,0.368354290723801,0,0,0,0.306791946291924,0.295153309901555,0.190268127189117,0,0.376922368418937,0,0.323522925376892,0,0.417181193828583,0,0.386597000118485,0,0.343824982516846,0,0,0,0,0,0.214521965100652,0,0.177953974055457,0,0.269396440298469,0,0.322266451128713,0,0,0,0.280429505135702,0,0.364073783159256,0,0.308102648571241,0,0.178373116999865,0,0.220102418628004,0,0.340722565849622,0,0,0,0.312768748593543,0,0.211157954070303,0.28283013359954,0,0.373440659359882,0,0.323908224701881,0,0.383244410157204,0,0.38177156023056,0,0.352029919544258,0,0,0,0,0,0.230876680463552,0,0.28577189376721,0,0.219711015685912,0.282940511902173,0.344439874767871,0.345555052543298,0
0,0,0.179379676779111,0,0,0,0.211931211873889,0,0,0,0.205109894275665,0,0.245564498886084,0,0.280224826567027,0,0,0,0,0,0,0,0.317764908075333,0,0.34091480448842,0,0.352214813232422,0,0,0,0,0,0,0,0,0,0,0,0,0,0,0,0,0,0,0,0,0,0.272599669233445,0,0,0,0.208386986151986,0,0.269266337156296,0,0.25290562499028,0,0,0,0.25567261167502,0,0,0,0,0.363326092561086,0,0,0,0.285135218986245,0,0.234213837507096,0,0,0,0,0,0,0,0.2436683177948,0,0,0,0,0.163524700018267,0,0
0,0.234910908672545,0,0.196656785126942,0,0.205837711691856,0,0,0,0.380560100078583,0,0.291452447033447,0,0.200729054675714,0,0,0,0,0,0,0,0.369330188632011,0,0,0,0.390874440019781,0,0.330474359528074,0,0,0,0,0,0,0,0.19660010561347,0,0,0,0.286195332805316,0,0.290059722715141,0,0,0,0.291869096457958,0,0,0,0.25958255110752,0,0.215016901493073,0,0,0,0,0,0.312768748593543,0,0,0,0.21566144106063,0.323447383195162,0,0.361080043845707,0,0,0,0.38022764078502,0,0.347351244151109,0,0.324848564534352,0,0,0,0,0,0.292223182320595,0,0.317019025484721,0.318515986204147,0.223373780108016,0.213801926688144,0.302401202713901,0.238907784223557,0
0.26990538348957,0,0.207543771300051,0,0,0,0,0,0.208792615681887,0,0,0,0.299765849250487,0,0.230932309572454,0,0,0,0,0,0,0,0.353352904319763,0,0.267965798782561,0,0.265178288391658,0,0,0,0,0,0,0,0,0,0,0,0,0,0.250819504261017,0,0.287178705135981,0,0,0,0,0,0.24713912587012,0,0,0,0,0,0.235998204169851,0,0.269882127642632,0,0.25567261167502,0,0,0,0,0,0,0.377165416876475,0,0.319945384349142,0,0.30905207107512,0,0.239421711223466,0,0,0,0,0,0,0,0,0,0,0.195439255663327,0,0.180077528208494,0,0
0,0.175779183705648,0,0.191298333944473,0,0.201118856123308,0,0,0,0.214483639491456,0,0,0,0.188376054167747,0,0.190813162996445,0,0.264597525199254,0.265836626291275,0,0,0,0,0,0,0,0,0,0,0,0,0,0,0,0,0.224421948194504,0,0.280043810606003,0,0.311486184597015,0,0.287341299833673,0.24800144135952,0,0,0.275814443826675,0,0,0,0.220534467697144,0,0.224072465059385,0,0,0,0.211699794232845,0,0.211157954070303,0,0.21566144106063,0,0,0,0,0,0,0,0,0,0,0.262289673089981,0,0.329630111654599,0,0,0,0,0,0,0,0.321187158425649,0,0.210045847976417,0.198595051061023,0.275815502825108,0.242673645416896,0
0,0.346572948961842,0,0.326288998126984,0,0,0,0,0,0.322302599747976,0,0.270395522978571,0,0,0,0,0.319712736389854,0.334387785632803,0.32202670498689,0.234618796773205,0,0.365382798016071,0,0,0,0,0,0.380867208753313,0,0.361825889145786,0,0,0,0,0,0.259863272282012,0,0.303972012027171,0,0.267961273671708,0.344332953294118,0.3354221521148,0.300838738679886,0,0,0.294644040272691,0.296053200960159,0.397871345281601,0,0.317582204937935,0,0.193189439177513,0,0,0,0,0,0.28283013359954,0,0.323447383195162,0,0,0,0,0.375248249620199,0,0,0,0,0,0.382181616515673,0,0.364593406734259,0,0,0,0,0,0.251841879182589,0,0.311726811336738,0.35381481051445,0.289676374918201,0.225631736218929,0.320497533397095,0.325085891144616,0.30525304377079
0,0,0.30885294675827,0,0,0,0,0,0,0,0.189161496103139,0,0,0,0,0,0.288837358355522,0.301895862817764,0.294720200807091,0,0.213049907277931,0,0,0,0,0,0,0,0.316954791545868,0,0,0,0,0,0,0,0.267935593608529,0,0.201491367530364,0.333405047655106,0.294046797813513,0.249734058976173,0.338289601969918,0,0,0.309764266014099,0.259689823123008,0,0.308166562386279,0,0,0,0,0,0,0,0.161397029344852,0,0,0,0,0,0,0,0,0,0,0,0,0,0,0,0.298706471920013,0,0,0,0,0,0.316741472482681,0.265881936725507,0.321731925010681,0.249474689774934,0.260839921796894,0.314998457829158,0.304291735147232,0.295967400074005,0.319744423031807
0,0,0,0,0,0,0,0,0,0.359884887933731,0,0.29992863535881,0,0,0,0,0,0,0,0,0,0.188592494664692,0.191369793736018,0.18411188274622,0,0.293934266842329,0,0.303757560008497,0,0,0,0,0,0,0,0,0,0.313908614717196,0.388517946004868,0,0,0.340881446997325,0,0,0,0.345440755287806,0,0.428577475249767,0,0.276149474657499,0,0,0,0,0,0.325368225574493,0,0.373440659359882,0,0.361080043845707,0,0,0.375248249620199,0,0,0,0.244259335056565,0,0.277270187090323,0,0.293676692668289,0,0.369900226593018,0,0,0,0,0,0,0,0.35659684172714,0.493626614411672,0.181322097731461,0.145820259054502,0.366841141994183,0.370055556297302,0
0.37429179251194,0,0,0,0,0,0,0,0,0,0,0,0.369745649397373,0,0.375903904438019,0,0,0,0,0,0,0.165645599779156,0.233772374151664,0,0.279750003756546,0,0.316349016932341,0,0,0,0,0,0,0,0,0,0,0,0.299605382772695,0,0,0,0.347457349300385,0,0,0,0,0,0.375420248279205,0,0,0,0,0,0,0,0.37114155292511,0,0.363326092561086,0,0.377165416876475,0,0,0,0,0,0,0.347197211512059,0,0.408645992051987,0,0.3772196136415,0,0,0,0,0,0,0,0,0,0.325709161962277,0.246215683018619,0.154065387864267,0.369214460253716,0,0
0,0.171996918235506,0,0.283522307872772,0,0,0,0,0,0.199596872472245,0,0,0,0,0,0,0,0,0,0,0,0.209963055253029,0,0.206308778294285,0,0.263292797406515,0,0,0,0,0,0,0,0,0,0,0,0.323303108300314,0.454694522278649,0,0,0.279929445762383,0,0,0,0,0,0.50469621270895,0,0.267658190607135,0,0,0,0,0,0.25257868813921,0,0.323908224701881,0,0,0,0,0,0,0.244259335056565,0,0,0,0.264153389103951,0,0.231487420778121,0,0,0,0,0,0,0,0,0,0.319083292145752,0.511323533455531,0.426255922082444,0,0.26633750065721,0.262187637388706,0
0.271608659240507,0,0,0,0,0,0,0,0.248760474826696,0,0,0,0.347036391496658,0,0.28838666677475,0,0,0,0.253230698406696,0,0,0,0.299609126718113,0,0.255352350318873,0,0.199660714768188,0,0,0,0,0,0,0,0.293124750256538,0,0,0,0.301449536724474,0,0,0.295229822397232,0.422641739249229,0,0,0,0,0.307761758565903,0.36969335385271,0,0,0,0,0,0.219788714777678,0,0.387992948293686,0,0,0,0.319945384349142,0,0,0,0,0.347197211512059,0,0,0,0.364843108846496,0,0.375967081104006,0,0,0,0,0,0,0,0,0,0.323804185241769,0.266623124414892,0,0.386291847744984,0,0.41709004342556
0,0.328034967184067,0,0,0,0,0,0,0,0,0,0,0,0,0,0.194357208907604,0,0.244617875665426,0,0,0,0.331642798920895,0,0.226930062665983,0,0.245120532330005,0,0.338100334629416,0,0,0,0,0,0,0,0,0,0.315067073084273,0.569008350372314,0,0,0.33630707859993,0,0,0,0,0,0.436104029417038,0,0.27466349394954,0,0,0,0,0,0.207836598157883,0,0.383244410157204,0,0.38022764078502,0,0,0,0,0.277270187090323,0,0.264153389103951,0,0,0,0.331505417037341,0,0,0,0,0,0,0,0,0,0.404653870397144,0.502569407224655,0.226783104497811,0.22870734333992,0.378075618296862,0,0
0.328385516861016,0,0.323561310768127,0,0,0,0,0,0.289812090896791,0,0,0,0.32590980285948,0,0.339560822443625,0,0.281794935464859,0.2971211373806,0.315340320269267,0,0,0,0.395702662376257,0,0.343147538198626,0,0.296551220463795,0,0,0,0,0,0,0,0,0,0.346437573432922,0,0.352524123021535,0,0.295811047156652,0.298083931207657,0.321562422522858,0,0,0,0.317710420915059,0,0.341568915458286,0,0,0,0,0,0.331085266435848,0,0.260690607923142,0,0.285135218986245,0,0.30905207107512,0,0,0,0,0.408645992051987,0,0.364843108846496,0,0,0,0.316585560735747,0,0,0,0,0,0,0,0.292186260223389,0,0.417650337730135,0.322812364318154,0,0.339120916164046,0,0.372663110494614
0,0.250251492951065,0,0.325833661688699,0,0,0,0,0,0.34851565097387,0,0.346879570434491,0,0.239567634559447,0,0,0.324154376983643,0.347257715463638,0.324246287345886,0,0,0.309739451024492,0,0.296417191624641,0,0.32029747003275,0,0.297618847445778,0,0.194718767626163,0,0,0,0,0.528024435043335,0,0,0.29446773239693,0.471935749053955,0.330078158113692,0,0.336144766937034,0,0,0,0.326943207728235,0,0.438578003644943,0,0.278899147216953,0,0,0,0,0,0.352228447794914,0,0.38177156023056,0,0.347351244151109,0,0.262289673089981,0.382181616515673,0,0.293676692668289,0,0.231487420778121,0,0.331505417037341,0,0,0,0.282412504648661,0,0,0,0,0,0.351881187695723,0,0.251107865143741,0.486065487066905,0.387723204526272,0.337417356669903,0.365424913299645,0.369124793905323,0
