0,0,0.158946924883386,0,0,0.24922388792038,0,0,0.134095550876123,0,0,0,0,0,0,0,0,0.263594776391983,0.215602645650506,0,0,0,0,0,0,0,0,0,0,0,0,0,0,0,0,0,0,0,0.198428802192211,0.320841372013092,0.274048595862874,0.25605516632398,0.314079564576056,0,0,0.25801582634449,0.266450073570013,0.299469608813524,0.201919729362502,0,0,0,0,0,0.152441032748568,0,0.225474685430527,0,0.192821830511093,0,0,0,0.244314610958099,0,0,0,0,0,0,0,0,0,0.285606145858765,0.276324115016244,0,0,0,0,0.252803891897202,0.291227332005898,0.295406013727188,0.266352101415396,0.212479334613498,0.316081004707437,0.213029770309646,0,0.222257532179356
0,0,0,0.128070532840822,0,0.13965130597353,0,0,0,0.165966400209768,0,0,0,0,0,0.158719792962074,0,0,0.192585229873657,0,0,0,0,0,0,0,0,0,0,0,0,0,0,0,0,0,0,0.196020719077852,0,0.209767557680607,0,0.190945042918126,0,0,0,0,0.294361859560013,0.232952699065208,0,0.162153380128653,0,0,0,0,0,0.179932637838647,0,0.165017182774404,0,0,0,0.176943135104681,0,0,0,0,0.185495203733444,0,0,0,0,0,0.175661314423982,0,0.248354345560074,0,0.194727197289467,0,0,0,0,0.483014971017838,0.180059581930503,0.351176857948303,0.169901078209182,0.145705938339233,0
0.158946924883386,0,0,0,0.199100658297539,0.241539835929871,0,0,0.13770139687559,0,0,0,0,0,0,0,0.256650445982814,0.23640938103199,0.230552614881442,0,0.211406299046108,0,0,0,0,0,0,0,0,0,0,0,0,0,0,0,0.178182154893875,0,0,0.236765930340404,0.247525086735978,0.225889655259939,0.267952203069155,0.222038403153419,0,0.227537742505471,0.215510623744759,0.295328382235854,0.223049495443587,0.256440612354449,0.186181738972664,0,0,0,0.137319304980338,0,0.197003329793612,0.257048666477203,0.220774114131927,0,0,0,0,0.22594103406346,0,0,0,0,0,0,0,0,0,0.260724766446011,0,0,0,0,0.271388918161392,0.230856856793389,0.364720523357391,0.280270294507564,0.257550666014017,0.286875190213323,0.22565716889473,0,0.262591508882386
0,0.128070532840822,0,0,0,0.127537357168538,0,0,0.245626166462898,0.134236927277275,0,0,0,0,0,0,0.209450088441372,0.237592290748249,0.244384757601298,0.176063925027847,0,0,0,0,0,0,0,0,0,0,0,0,0,0.211817279458046,0,0.169834233820438,0.300199449062347,0.212799211343129,0,0.229998416063801,0,0.258880536136503,0.222577154636383,0.247873497505983,0,0.191248428098813,0.244483407586813,0.282233852893114,0.276080369949341,0.198678772209028,0,0,0,0,0,0.121688693761826,0,0.210560702038398,0,0,0,0,0.200509186006255,0.233310423791409,0,0.313576489686966,0,0,0,0,0.261827865242958,0,0.25151259606111,0,0,0,0.228513494133949,0,0.24742784414251,0.228132128715515,0.279666264142309,0.275115206837654,0.219988141425194,0.295801346145925,0.176262749875132,0.22401831941358,0
0,0,0.199100658297539,0,0,0,0.133674575015903,0,0.151199825546321,0,0.139181271195412,0,0,0,0,0,0,0,0,0,0.151673245804287,0,0,0,0,0,0,0,0,0,0,0,0,0,0,0,0.172477177099178,0,0,0,0.222842216491699,0,0.239997376998266,0,0,0,0.222798630595207,0.272174745798111,0.207291378694422,0.237970560789108,0.125662867945653,0,0,0,0.13855674341321,0,0,0,0,0,0,0,0,0.195438648447578,0,0,0,0,0,0,0,0,0,0,0,0,0,0,0,0.183216867261919,0,0,0.223874367773533,0,0.220785998246249,0,0
0.24922388792038,0.13965130597353,0.241539835929871,0.127537357168538,0,0,0,0.200225204731641,0,0.170613949761746,0,0.162171578407288,0,0,0,0.189192760147546,0,0,0.250813792645931,0.201569575551125,0,0,0,0,0,0.224207445979118,0,0,0,0,0,0,0,0,0,0.196309449742822,0,0,0,0.230788942765106,0.244227796792984,0.251839586491905,0,0,0,0.20543393464734,0.2364834745725,0.292570239305496,0,0.243393642482934,0,0.177772085969619,0,0.19008395419671,0,0.164021992395001,0,0.221680894121528,0.226107805967331,0,0,0.179223210159419,0.265968921634122,0,0,0,0,0,0,0,0.242294549942017,0,0.250402556489343,0,0,0,0,0,0.224922141721172,0.314681261777878,0.284967434641562,0,0.146434109716439,0.230811168892043,0.201713766802773,0.209141542514165,0
0,0,0,0,0.133674575015903,0,0,0,0,0,0.179590552631352,0,0.172512203454971,0,0,0,0,0,0,0,0.131059541470475,0,0,0,0,0,0,0,0,0,0,0,0,0,0,0,0,0,0,0,0,0,0,0,0,0,0,0,0,0,0.13836681511667,0,0.163508488214575,0,0,0,0.20934861940997,0,0.180615886029872,0,0,0,0,0.151926355436444,0,0,0,0,0,0,0,0,0,0,0,0,0,0,0,0,0,0,0.174264483981662,0,0,0,0
0,0,0,0,0,0.200225204731641,0,0,0,0,0,0.171131139079195,0,0.15244896709919,0,0,0,0,0,0.137873142532518,0,0,0,0,0,0,0,0,0,0,0,0,0,0,0,0,0,0,0,0,0,0,0,0,0,0,0,0,0,0,0,0,0,0.161174198045679,0,0,0,0.145005351730755,0,0,0,0,0.194354154169559,0,0,0,0,0,0,0,0,0,0,0,0,0,0,0,0,0,0,0,0.161213764010515,0.160822002273617,0,0,0
0.134095550876123,0,0.13770139687559,0.245626166462898,0.151199825546321,0,0,0,0,0,0,0,0,0,0.14364387083436,0,0.17963522059941,0.138861887595233,0.214079670608044,0,0.159136950185424,0,0,0,0.138784317033631,0,0.184209292133649,0,0,0,0,0,0,0,0.21060386672616,0,0.161691208680471,0,0.196797249572618,0.244315888732672,0.249050239270384,0.201469168066978,0.266324947070744,0,0,0.215145215392113,0.195371355329241,0.260946154997155,0.212941553526454,0.321825204151017,0,0,0,0,0.176466049059578,0,0.196936167776585,0,0,0,0.175897658983587,0,0,0.177601335304124,0,0,0,0.152862253514203,0,0,0,0,0,0.243392177753978,0,0.235974967479706,0,0.21297395080328,0,0.223041345043616,0.234577149152756,0.199792677631318,0.17004176440642,0.216066653911884,0.211355268528671,0,0.205916340152423
0,0.165966400209768,0,0.134236927277275,0,0.170613949761746,0,0,0,0,0,0,0,0,0,0.178258787401502,0.167430850011962,0.159904444856303,0.20182924469312,0,0,0.152666580218535,0,0.177280900757865,0,0.173321480494599,0,0,0,0,0,0,0,0,0,0,0,0.250821733229781,0,0.197648391127586,0.269589848816395,0.193380456262579,0,0,0,0.208695515990257,0,0,0,0.161551379142924,0,0.182431206347481,0,0,0,0.178229633811861,0,0.220467425882816,0,0,0,0.172409340973914,0.197271302342415,0,0,0,0.164913771701032,0,0.186771729162761,0,0,0,0.254238118018423,0,0.260132849216461,0,0,0,0.258667935927709,0,0.252730999545101,0.259081929922104,0.179413131734349,0.237218673503296,0.202141974285498,0,0
0,0,0,0,0.139181271195412,0,0.179590552631352,0,0,0,0,0,0.16404941003947,0,0,0,0,0,0,0,0.135770020779648,0,0,0,0,0,0,0,0,0,0.164801380700535,0,0,0,0,0,0.164721965725841,0,0.153311051986447,0,0,0,0,0,0,0,0,0,0,0,0.138212710618973,0,0.218665093183517,0,0,0,0.169819571841899,0,0.1819835719706,0,0,0,0,0.1398926866652,0,0,0,0,0,0,0,0.169750158715507,0,0.14434283658963,0,0,0,0,0,0,0,0.151339673296432,0.147988060373365,0,0,0,0
0,0,0,0,0,0.162171578407288,0,0.171131139079195,0,0,0,0,0,0.165846726266851,0,0,0,0,0,0.142364551708531,0,0,0,0,0,0,0,0.155004328930819,0,0.164387973422178,0,0,0,0,0,0.161125202949094,0,0.167138011428622,0,0,0,0.240096375346184,0,0,0,0.198965892195702,0,0,0,0.287552714347839,0,0,0,0.170808788712046,0,0,0,0.172843404278557,0,0,0,0,0.177804193543005,0,0,0,0,0,0,0,0,0,0.160510848143271,0,0,0,0,0,0.154312959780296,0,0.178607843342013,0,0.150096418278028,0.168824313775353,0.228074736893177,0,0
0,0,0,0,0,0,0.172512203454971,0,0,0,0.16404941003947,0,0,0,0.150155481864821,0,0,0,0,0,0,0,0,0,0,0,0,0,0.193871022048204,0,0,0,0,0,0,0,0,0,0,0,0,0,0,0,0,0,0,0,0,0,0,0,0,0,0,0,0.164342667059924,0,0.188456453658916,0,0.137266876176,0,0,0,0,0,0,0,0,0,0,0.185203257819702,0,0,0,0,0,0,0,0,0,0,0.196521423780287,0.185780260208491,0,0,0
0,0,0,0,0,0,0,0.15244896709919,0,0,0,0.165846726266851,0,0,0,0.155719811151571,0,0,0,0,0,0,0,0,0,0.125368372283199,0,0.124712473154068,0,0,0,0,0,0,0,0,0,0,0,0,0,0,0,0,0,0,0,0,0,0,0,0,0,0,0,0,0,0.152327395635522,0,0.160830763581487,0,0.14064909517765,0,0,0,0,0,0,0,0,0.145377890765667,0,0,0,0,0,0,0,0,0,0,0,0.158239127496096,0.18428445465508,0,0,0
0,0,0,0,0,0,0,0,0.14364387083436,0,0,0,0.150155481864821,0,0,0,0.148293276887699,0.161451630294323,0.170831241423175,0,0,0,0,0,0,0,0.100019978359342,0,0,0,0,0,0,0,0,0,0,0,0,0,0.311927556991577,0,0.182540491223335,0,0,0.201037243008614,0,0,0,0,0,0,0,0,0.151486824728361,0,0,0,0.158590942621231,0,0.176331815922606,0,0,0,0,0,0,0,0,0,0,0,0,0,0,0,0,0,0,0,0,0.287151694297791,0.148713274884619,0,0.233284503221512,0,0
0,0.158719792962074,0,0,0,0.189192760147546,0,0,0,0.178258787401502,0,0,0,0.155719811151571,0,0,0.144290803621213,0.141508875852999,0.162170022726059,0,0,0.142867998944389,0,0.155739185214043,0,0.145517265510101,0,0.119709379971027,0,0,0,0,0,0,0,0,0,0.205080365141233,0,0,0,0,0,0,0,0,0,0,0,0.15686397254467,0,0,0,0,0,0.17478580237763,0,0,0,0.134149948165355,0,0.173044820341769,0,0,0,0,0,0,0.202171009666515,0,0,0,0,0,0,0,0,0,0,0.29481452703476,0.200364574790001,0,0.167177905056236,0,0.217593893408775,0,0
0,0,0.256650445982814,0.209450088441372,0,0,0,0,0.17963522059941,0.167430850011962,0,0,0,0,0.148293276887699,0.144290803621213,0,0.148691116214803,0.275287807776045,0,0,0.182143301703036,0.129147422258501,0.153248294336455,0.164906527847052,0.119287243578583,0.140005613197765,0,0.210656981170177,0,0,0,0,0,0,0,0,0,0.333645701408386,0.265684915126347,0.284600815041499,0.236827242948593,0.235282980192903,0.236812328298887,0,0.259134964509444,0.271141952081999,0.223057627677917,0.283805821090937,0.223670460283756,0,0,0,0,0.18652205914259,0.175105713307858,0,0.261290324585778,0.235348299145699,0,0,0,0.232481401413679,0.286072712979819,0.133697298914194,0,0.251757800579071,0,0,0,0,0,0.294551677609745,0.275113288901354,0,0,0,0,0.295556980907247,0.301651638195294,0.284538676399131,0.324270266986771,0.14344328533762,0.170068397044814,0.279412686375344,0.221058166027069,0.238907878952367
0.263594776391983,0,0.23640938103199,0.237592290748249,0,0,0,0,0.138861887595233,0.159904444856303,0,0,0,0,0.161451630294323,0.141508875852999,0.148691116214803,0,0.299470365751718,0,0,0.131341291778434,0,0.159593897923871,0,0.126920542328123,0,0.117783926427364,0,0,0,0,0,0,0,0.244976446032524,0,0,0.302501142024994,0.267887295050892,0.262065192425488,0.232860494013979,0.224003861232989,0.253964751027524,0,0.259568262558717,0.255571264028549,0,0.256742279976606,0.271543957293034,0,0,0,0,0.120612941682339,0.170329237751889,0,0.264934359118342,0,0,0,0.125561480720838,0.262743960533823,0.248781960118901,0.138366534830408,0,0.173517644405365,0,0.152904206266006,0,0,0,0.286699528332616,0.246203721217487,0,0,0,0,0.309572847750713,0.287446072095952,0.309878298044205,0.295518481407036,0.183140685517884,0.155830828933155,0.269909809497032,0.227125598834111,0.235650967467915
0.215602645650506,0.192585229873657,0.230552614881442,0.244384757601298,0,0.250813792645931,0,0,0.214079670608044,0.20182924469312,0,0,0,0,0.170831241423175,0.162170022726059,0.275287807776045,0.299470365751718,0,0,0.209120333194733,0.248070204896586,0,0.25252263072659,0.135269720107317,0.203758306801319,0.193550040324529,0,0,0,0,0,0,0,0,0,0,0,0.354619145393372,0.312173147375991,0.334329111597734,0.236974437243637,0.233464936398285,0.213923552632332,0,0.316760752966085,0.302174878617128,0.265596677859624,0.293997486050312,0.281376672642572,0,0,0,0,0.21989614367485,0.20397121210893,0.260355554521084,0.316640711530591,0,0,0,0,0.316189631819725,0.310592652124874,0.272298963533507,0,0.224515467882156,0,0,0,0.267682254314423,0,0.336919837693373,0.302593972168717,0,0,0,0,0.390388223342597,0.387698785678432,0.372564170616958,0.389779634733207,0.23155692860156,0.256453682609061,0.349714146337036,0.204513164534085,0.203841779054257
0,0,0,0.176063925027847,0,0.201569575551125,0,0.137873142532518,0,0,0,0.142364551708531,0,0,0,0,0,0,0,0,0,0,0,0,0,0,0,0,0,0,0,0,0,0,0,0.138082407585104,0,0.122439765598181,0,0.204182863235474,0,0,0,0,0,0.161141496716124,0,0,0,0.212779864668846,0,0.215735465288162,0,0.132981500045939,0,0,0,0.154830822783212,0,0,0,0,0.170403391089599,0,0,0,0,0,0,0,0,0,0,0,0,0,0,0,0.155584127998795,0,0.250851397950684,0,0.133310349316013,0.156179323792458,0.178344549260278,0,0
0,0,0.211406299046108,0,0.151673245804287,0,0.131059541470475,0,0.159136950185424,0,0.135770020779648,0,0,0,0,0,0,0,0.209120333194733,0,0,0,0,0,0,0,0,0,0,0,0,0,0,0,0,0,0.152413527742733,0,0.163199256232474,0.235514059662819,0,0,0.260332956910133,0,0,0,0,0.274502247571945,0.216749786399305,0,0.161642526916418,0,0,0,0.1562565356493,0,0.138828387676642,0,0,0,0,0,0,0.172322885997509,0,0,0,0,0,0,0,0,0,0,0,0,0,0,0,0.147439063515192,0,0.186733185860381,0.147795159643316,0,0.172876210591278,0,0
0,0,0,0,0,0,0,0,0,0.152666580218535,0,0,0,0,0,0.142867998944389,0.182143301703036,0.131341291778434,0.248070204896586,0,0,0,0.13572560754878,0.153268948745202,0,0.131987662808927,0,0,0,0,0,0,0,0,0,0,0,0.128197080790806,0,0.244409538805485,0,0.222928886612256,0,0,0,0,0,0,0,0.237261090013716,0,0,0,0,0,0.164724372327328,0,0,0,0,0,0,0.237776145339012,0,0.12593779707229,0,0.141176823526621,0,0.145035851829582,0,0.136360269660751,0,0.281412988901138,0,0,0,0,0,0.338930815458298,0,0.147149383016522,0.531755268573761,0.138081358291701,0.1551379760979,0.258301258087158,0,0
0,0,0,0,0,0,0,0,0,0,0,0,0,0,0,0,0.129147422258501,0,0,0,0,0.13572560754878,0,0,0.170610487661106,0,0.17149354125324,0,0.172194673643484,0,0,0,0,0,0,0,0,0.141332890889416,0.169052046951935,0,0,0,0,0,0,0,0,0.557342410087585,0,0,0,0,0,0,0,0,0,0,0,0,0,0,0,0,0.0918393650225231,0.150446622003377,0,0.143675528258585,0,0,0,0.176144310406276,0,0,0,0,0,0,0,0,0.145834054192926,0.305689819334194,0.149805641221054,0.117663633358272,0.3474101126194,0,0
0,0,0,0,0,0,0,0,0,0.177280900757865,0,0,0,0,0,0.155739185214043,0.153248294336455,0.159593897923871,0.25252263072659,0,0,0.153268948745202,0,0,0,0.177694594350185,0,0,0,0,0,0,0,0,0,0,0,0.187940170443656,0,0.254193320870399,0,0.230811280508836,0.263517528772354,0.25110524892807,0,0.251679390668869,0.24086207151413,0,0,0.241632060706615,0,0,0,0,0,0.231553436815739,0,0.242900535464287,0,0,0,0,0,0,0,0,0.142589507589799,0,0.180384252739104,0,0,0,0.301822632551193,0,0,0,0,0,0.297738934556643,0.287547260522842,0.234460739410801,0.268150329589844,0.165698052052044,0.263224869966507,0.313972505844302,0,0.167240872979164
0,0,0,0,0,0,0,0,0.138784317033631,0,0,0,0,0,0,0,0.164906527847052,0,0.135269720107317,0,0,0,0.170610487661106,0,0,0,0.171419263843979,0,0,0,0,0,0,0,0,0,0,0,0.181536080943779,0,0,0,0.1418701171875,0,0,0,0,0,0,0,0,0,0,0,0,0,0,0,0,0,0,0,0,0,0,0.159307644791799,0,0.164440012314749,0,0,0,0,0,0,0,0,0,0,0,0,0,0.188180771005813,0.151443215356495,0,0.235149219632149,0,0
0,0,0,0,0,0.224207445979118,0,0,0,0.173321480494599,0,0,0,0.125368372283199,0,0.145517265510101,0.119287243578583,0.126920542328123,0.203758306801319,0,0,0.131987662808927,0,0.177694594350185,0,0,0,0.138909122773579,0,0,0,0,0,0,0,0,0,0,0,0.23259811103344,0.287453025579453,0.200882936517398,0.187504589557648,0,0,0,0.214980855584145,0,0,0,0,0,0,0,0,0.175839186035177,0,0,0,0.139194592904477,0,0,0,0,0.114592663943768,0,0.169443283779699,0,0.154753622976509,0,0.160167286946223,0,0,0,0,0,0,0,0,0.35188427567482,0.281915724277496,0.345006614923477,0.144340536616421,0,0,0,0
0,0,0,0,0,0,0,0,0.184209292133649,0,0,0,0,0,0.100019978359342,0,0.140005613197765,0,0.193550040324529,0,0,0,0.17149354125324,0,0.171419263843979,0,0,0,0.156508212288221,0,0,0,0,0,0,0,0,0,0,0,0,0,0,0,0,0,0,0,0,0,0,0,0,0,0.182246635301729,0,0,0,0,0,0,0,0,0,0,0.166445833444595,0,0,0,0.171115571179905,0,0,0,0,0,0,0,0,0,0,0,0,0.132057159241751,0,0,0,0
0,0,0,0,0,0,0,0,0,0,0,0.155004328930819,0,0.124712473154068,0,0.119709379971027,0,0.117783926427364,0,0,0,0,0,0,0,0.138909122773579,0,0,0,0.178724279205004,0,0,0,0,0,0,0,0.17717249194781,0,0,0,0,0,0,0,0,0,0,0,0,0,0,0,0,0,0,0,0.145561034803267,0,0.133997225761414,0,0,0,0,0,0,0,0,0,0,0.155175847174906,0,0.170161329628376,0,0,0,0,0,0,0,0.157051754685549,0,0.161020794573523,0.151584273411168,0,0,0
0,0,0,0,0,0,0,0,0,0,0,0,0.193871022048204,0,0,0,0.210656981170177,0,0,0,0,0,0.172194673643484,0,0,0,0.156508212288221,0,0,0,0,0,0,0,0,0,0,0,0.149791189021878,0,0,0,0,0,0,0,0,0,0,0,0,0,0,0,0,0,0,0,0,0,0,0,0,0,0,0.171616771561917,0,0,0,0.15993252479788,0,0.165034149555302,0,0,0,0,0,0,0,0,0,0.158259516954422,0.204149277130892,0.211254642912287,0,0,0
0,0,0,0,0,0,0,0,0,0,0,0.164387973422178,0,0,0,0,0,0,0,0,0,0,0,0,0,0,0,0.178724279205004,0,0,0,0,0,0,0,0,0,0.138542736464358,0,0,0,0,0,0,0,0,0,0,0,0,0,0,0,0,0,0,0,0.174057496537408,0,0,0,0,0,0,0,0,0,0,0,0,0,0,0.162762082126779,0,0,0,0,0,0,0,0.161474514190435,0,0.157903731724278,0.125630101809899,0,0,0
0,0,0,0,0,0,0,0,0,0,0.164801380700535,0,0,0,0,0,0,0,0,0,0,0,0,0,0,0,0,0,0,0,0,0,0,0,0,0,0,0,0.186435845418734,0,0,0,0,0,0,0,0,0,0,0,0,0,0,0,0,0,0.184855606939111,0,0,0,0,0,0,0,0,0,0,0,0,0,0,0.160577715002,0,0.168552824516402,0,0,0,0,0,0,0,0.175867228143251,0.156570407060476,0,0,0,0
0,0,0,0,0,0,0,0,0,0,0,0,0,0,0,0,0,0,0,0,0,0,0,0,0,0,0,0,0,0,0,0,0.251163534593323,0.267048105597496,0.20619731082728,0.168392521742973,0.600780617372662,0.291195042431355,0,0,0.533494293689728,0,0,0,0,0,0,0.556784471637812,0.6650510430336,0,0,0,0,0,0,0,0,0,0,0,0,0,0,0,0,0,0,0,0,0,0,0,0,0,0.361563621939635,0.196970439644657,0.339551612734795,0,0.196369503357766,0.402739066427404,0,0,0.160086789663802,0,0.26926788687706,0,0
0,0,0,0,0,0,0,0,0,0,0,0,0,0,0,0,0,0,0,0,0,0,0,0,0,0,0,0,0,0,0,0.251163534593323,0,0.408414840698242,0.25956723385531,0.150445057156165,0.154840167555933,0,0,0,0,0,0,0,0,0,0,0.436344473376255,0,0,0,0,0,0,0.252081900835037,0,0,0,0,0,0,0,0,0,0,0,0,0,0,0,0,0,0,0,0.431478046796508,0.20161471957403,0,0.265873294051101,0.16710239648819,0.156474018932405,0,0.259925790131092,0.171104914034313,0,0,0,0
0,0,0,0.211817279458046,0,0,0,0,0,0,0,0,0,0,0,0,0,0,0,0,0,0,0,0,0,0,0,0,0,0,0,0.267048105597496,0.408414840698242,0,0.18021081828193,0.150807374284606,0.374127477407455,0.189653919040041,0.176723146517026,0,0,0.222839877009392,0,0,0,0,0,0.40745317246075,0.336821317672729,0,0,0,0,0,0,0,0,0,0,0,0,0,0,0,0,0,0,0,0,0,0,0,0,0,0.289110339201954,0,0.247122080257893,0.219065683177457,0.249601417656709,0.347492426633835,0.25187378739183,0,0.186212554041828,0.187133781611919,0.25616580247879,0,0
0,0,0,0,0,0,0,0,0.21060386672616,0,0,0,0,0,0,0,0,0,0,0,0,0,0,0,0,0,0,0,0,0,0,0.20619731082728,0.25956723385531,0.18021081828193,0,0,0.140413466697702,0.600281208753586,0.162064870437568,0,0,0,0.215212254060639,0,0,0,0,0.405431375324309,0,0.666201949119568,0,0,0,0,0.233844053642503,0,0,0,0,0,0,0,0,0,0,0,0,0.247801120082537,0,0,0,0,0,0,0.413995644220939,0.32060950600876,0.279019079205615,0.23814170796854,0.481395944952965,0.147766030336275,0.497388276076594,0.209263849187885,0.193915923166385,0,0.249926257133484,0,0.207458034157753
0,0,0,0.169834233820438,0,0.196309449742822,0,0,0,0,0,0.161125202949094,0,0,0,0,0,0.244976446032524,0,0.138082407585104,0,0,0,0,0,0,0,0,0,0,0,0.168392521742973,0.150445057156165,0.150807374284606,0,0,0.168545692985517,0.13379812155149,0,0.192920999867576,0.465814057737589,0.244835531010347,0,0,0,0.155108739080883,0,0.431966845402149,0.409653725856688,0.255509534753816,0,0.240187220275402,0,0,0,0,0,0.161871443417939,0,0,0,0,0.154549646408632,0,0,0,0,0,0,0,0,0,0.266608983278275,0,0.196690071635137,0.149170866580592,0.186015036440533,0,0.166234171464978,0.163843691869129,0.148348629487183,0,0.187593917999685,0.221324690074022,0.194778777021574,0,0
0,0,0.178182154893875,0.300199449062347,0.172477177099178,0,0,0,0.161691208680471,0,0.164721965725841,0,0,0,0,0,0,0,0,0,0.152413527742733,0,0,0,0,0,0,0,0,0,0,0.600780617372662,0.154840167555933,0.374127477407455,0.140413466697702,0.168545692985517,0,0.36020165681839,0.140258330228896,0.222158506512642,0.184844394252725,0,0.283849787712097,0,0,0,0.156867602328752,0.337645722330375,0.271277778105038,0.232974402214351,0.196098975340525,0,0,0,0.166220334172249,0,0.154211576959571,0,0.185332249601682,0,0,0,0,0.162107921776742,0,0,0,0,0,0,0,0,0,0,0.567153070654188,0.155720974290718,0,0.168261207316233,0.167429335744469,0.165354631969023,0,0.15203036635343,0.174517949290486,0.213836066261049,0.197076169224523,0,0
0,0.196020719077852,0,0.212799211343129,0,0,0,0,0,0.250821733229781,0,0.167138011428622,0,0,0,0.205080365141233,0,0,0,0.122439765598181,0,0.128197080790806,0.141332890889416,0.187940170443656,0,0,0,0.17717249194781,0,0.138542736464358,0,0.291195042431355,0,0.189653919040041,0.600281208753586,0.13379812155149,0.36020165681839,0,0.247034196747412,0.284526705741882,0,0.181349117958218,0,0,0,0.26515856385231,0.313888996839523,0.478575149892082,0.700737178325653,0.286419442828212,0,0,0,0,0.473263710737228,0.268636950207028,0,0.173585824221373,0,0,0,0.179467618465424,0.136415784474876,0,0.285115278310308,0.574643991314448,0.253631559595691,0.550209820270538,0,0,0.387810816367467,0,0.165430006571114,0,0.283447952856097,0,0.218621471424156,0.681448832154274,0.14285391761804,0.282533943653107,0.170621942723609,0.622989782175728,0.150867623147854,0.237980850825184,0.265469867917246,0.176631441170519,0
0.198428802192211,0,0,0,0,0,0,0,0.196797249572618,0,0.153311051986447,0,0,0,0,0,0.333645701408386,0.302501142024994,0.354619145393372,0,0.163199256232474,0,0.169052046951935,0,0.181536080943779,0,0,0,0.149791189021878,0,0.186435845418734,0,0,0.176723146517026,0.162064870437568,0,0.140258330228896,0.247034196747412,0,0,0,0.299060314893723,0.248066801826159,0,0,0,0.281337360541026,0.437186154734978,0.195081448035963,0.626761652655521,0,0,0,0,0.212323393204255,0,0.161223852549229,0,0,0,0,0,0,0.167353328701222,0.557552747428417,0.256725214442503,0,0.175839367596542,0,0,0.576854109764099,0.153773090761641,0,0.182230807805988,0,0.281432121992111,0.168869227170944,0.197714186771206,0,0.14468364422837,0.543758009278005,0.192515881770103,0.179639325481215,0.159491926484685,0.412973526545933,0.445038288831711,0.239065596035549
0.320841372013092,0.209767557680607,0.236765930340404,0.229998416063801,0,0.230788942765106,0,0,0.244315888732672,0.197648391127586,0,0,0,0,0,0,0.265684915126347,0.267887295050892,0.312173147375991,0.204182863235474,0.235514059662819,0.244409538805485,0,0.254193320870399,0,0.23259811103344,0,0,0,0,0,0,0,0,0,0.192920999867576,0.222158506512642,0.284526705741882,0,0,0.238528652063438,0.253297569534468,0.260488895492421,0.261656217742711,0,0.209079459396841,0.23588350723105,0.294461145946363,0.264656866038287,0.220682116757131,0,0.222189014156659,0,0,0.224194994568825,0,0.236090544197294,0.25917682173963,0.223138789335887,0,0.229750066995621,0,0.198351062622978,0.211237065494061,0,0,0.250015219052633,0,0,0,0.300125256180763,0,0.255163491859457,0.285016067326069,0,0,0.34303192794323,0,0.243909967658417,0.268999706276438,0.274414889143292,0.286742714398047,0.263037109857096,0.290636710204155,0.266003921588835,0.256518398722013,0.239098330338796
0.274048595862874,0,0.247525086735978,0,0.222842216491699,0.244227796792984,0,0,0.249050239270384,0.269589848816395,0,0,0,0,0.311927556991577,0,0.284600815041499,0.262065192425488,0.334329111597734,0,0,0,0,0,0,0.287453025579453,0,0,0,0,0,0.533494293689728,0,0,0,0.465814057737589,0.184844394252725,0,0,0.238528652063438,0,0.248856312812191,0.260266115258924,0.244842991232872,0,0.233514785766602,0.230100400925169,0.345910180376206,0.218896710343497,0.250622563891941,0,0,0,0,0.260365030831761,0,0.229444246739149,0.268634412437677,0.209217995405197,0,0,0,0.281632483005524,0.262424946194742,0,0,0,0,0,0,0,0,0.286442855542356,0.270855613715119,0.377578437328339,0.175724819302559,0.218571320176125,0,0.312464001955408,0.228206575255161,0.304266192259327,0.298842004129402,0.268565222694009,0.298801158653929,0.270221065182873,0.256759710609913,0.266665637189028
0.25605516632398,0.190945042918126,0.225889655259939,0.258880536136503,0,0.251839586491905,0,0,0.201469168066978,0.193380456262579,0,0.240096375346184,0,0,0,0,0.236827242948593,0.232860494013979,0.236974437243637,0,0,0.222928886612256,0,0.230811280508836,0,0.200882936517398,0,0,0,0,0,0,0,0.222839877009392,0,0.244835531010347,0,0.181349117958218,0.299060314893723,0.253297569534468,0.248856312812191,0,0.19086411024022,0.196388336245551,0,0.256813801029353,0.237919776721765,0.380885272282656,0.296756761995229,0.302675100755505,0,0.243801878144344,0,0,0.217091078559558,0.205624938011169,0,0.316828382004533,0,0,0,0,0.257974639905626,0.238048143684864,0,0,0.217323899269104,0,0,0,0.300157479941845,0,0.289929551359485,0.230286805927753,0.261792203783989,0,0.242434784770012,0,0.249418038309097,0.26184781352142,0.283829603409367,0.291178632866253,0.259745613331591,0.277423697868047,0.271807230046139,0.228956876631476,0.186992755462957
0.314079564576056,0,0.267952203069155,0.222577154636383,0.239997376998266,0,0,0,0.266324947070744,0,0,0,0,0,0.182540491223335,0,0.235282980192903,0.224003861232989,0.233464936398285,0,0.260332956910133,0,0,0.263517528772354,0.1418701171875,0.187504589557648,0,0,0,0,0,0,0,0,0.215212254060639,0,0.283849787712097,0,0.248066801826159,0.260488895492421,0.260266115258924,0.19086411024022,0,0.200816513763534,0,0.250068202614784,0.245292097994851,0.358753946220132,0.309283725755872,0.296929553151131,0,0,0,0,0.282330166913715,0,0.259515175861972,0.254804554794516,0.249338168650866,0,0,0,0.237326458096504,0.256602127242971,0,0,0,0,0,0,0.422902554273605,0,0.259084994473108,0.290429968131122,0,0.223361819982529,0,0.201005095785314,0.289692060727822,0.279167295517659,0.264920734639826,0.306369377997234,0.24056252127069,0.265470303568924,0.298157500249287,0.197650488998209,0.244494643062353
0,0,0.222038403153419,0.247873497505983,0,0,0,0,0,0,0,0,0,0,0,0,0.236812328298887,0.253964751027524,0.213923552632332,0,0,0,0,0.25110524892807,0,0,0,0,0,0,0,0,0,0,0,0,0,0,0,0.261656217742711,0.244842991232872,0.196388336245551,0.200816513763534,0,0,0.267133143544197,0.229465141892433,0,0.31840842962265,0.291818499565125,0,0,0,0,0,0,0,0.246137284315549,0,0,0,0,0.24399893624442,0,0,0,0,0,0,0,0,0,0.25774597376585,0,0,0,0,0,0.274007087603944,0.292147114872932,0.325017516811689,0.223448857665062,0.23962718313155,0.307833770421189,0.256438724660987,0.226605944335461,0
0,0,0,0,0,0,0,0,0,0,0,0,0,0,0,0,0,0,0,0,0,0,0,0,0,0,0,0,0,0,0,0,0,0,0,0,0,0,0,0,0,0,0,0,0,0,0.442191362380981,0,0,0,0,0,0,0,0,0,0,0,0,0,0,0,0,0,0,0,0,0,0,0,0,0,0,0,0,0,0,0,0,0.474493751923243,0,0.500259384512901,0,0,0,0,0
0.25801582634449,0,0.227537742505471,0.191248428098813,0,0.20543393464734,0,0,0.215145215392113,0.208695515990257,0,0.198965892195702,0,0,0.201037243008614,0,0.259134964509444,0.259568262558717,0.316760752966085,0.161141496716124,0,0,0,0.251679390668869,0,0,0,0,0,0,0,0,0,0,0,0.155108739080883,0,0.26515856385231,0,0.209079459396841,0.233514785766602,0.256813801029353,0.250068202614784,0.267133143544197,0,0,0.238657411258176,0.264515762217343,0.253023735740606,0.214364335203486,0,0.254839055813276,0,0,0,0,0.219540670514107,0.23674412980879,0,0,0,0,0.218915209432766,0.226257584989071,0.242194637656212,0,0,0,0,0,0.262173548340797,0,0.254664143707594,0.352393299341202,0.264801770448685,0,0,0,0.226915495460116,0.264967997284497,0.263134807876896,0.307815475897356,0.242895878413144,0.312251601048878,0.233079065926499,0.284456105281909,0
0.266450073570013,0.294361859560013,0.215510623744759,0.244483407586813,0.222798630595207,0.2364834745725,0,0,0.195371355329241,0,0,0,0,0,0,0,0.271141952081999,0.255571264028549,0.302174878617128,0,0,0,0,0.24086207151413,0,0.214980855584145,0,0,0,0,0,0,0,0,0,0,0.156867602328752,0.313888996839523,0.281337360541026,0.23588350723105,0.230100400925169,0.237919776721765,0.245292097994851,0.229465141892433,0.442191362380981,0.238657411258176,0,0.29738121337079,0.225495534037855,0.246840012570222,0.192623198032379,0,0,0,0.198904607445002,0,0.226431922614574,0.271036637517122,0.218131246045232,0,0,0,0.266566529870033,0.2038010293508,0,0,0.25689771771431,0,0,0,0,0,0.292900388610774,0.271928264718989,0,0,0,0,0.282614884525538,0.232034428143132,0.294229429377162,0.289367040857039,0.253921960829864,0.290320599347813,0.239916271622508,0.250315500931306,0.258441539274322
0.299469608813524,0.232952699065208,0.295328382235854,0.282233852893114,0.272174745798111,0.292570239305496,0,0,0.260946154997155,0,0,0,0,0,0,0,0.223057627677917,0,0.265596677859624,0,0.274502247571945,0,0.557342410087585,0,0,0,0,0,0,0,0,0.556784471637812,0.436344473376255,0.40745317246075,0.405431375324309,0.431966845402149,0.337645722330375,0.478575149892082,0.437186154734978,0.294461145946363,0.345910180376206,0.380885272282656,0.358753946220132,0,0,0.264515762217343,0.29738121337079,0,0.357457773053784,0.462616683783704,0,0,0,0,0.25926037323206,0,0.287182460610683,0.312437464793523,0.285258299774594,0,0.304777294397354,0,0,0.269428004821142,0.507319864981315,0.485505285070223,0,0.308855862400242,0,0,0.497174923618635,0,0.326039478182793,0.320374637842178,0.481887287789614,0.381628712644845,0.405126449622445,0.36109276532115,0.467394607844232,0.336119283331388,0.491496635881782,0.497690680666246,0.377274911194853,0.324544042703651,0.396833238191903,0.331491341193517,0.288820619384448
0.201919729362502,0,0.223049495443587,0.276080369949341,0.207291378694422,0,0,0,0.212941553526454,0,0,0,0,0,0,0,0.283805821090937,0.256742279976606,0.293997486050312,0,0.216749786399305,0,0,0,0,0,0,0,0,0,0,0.6650510430336,0,0.336821317672729,0,0.409653725856688,0.271277778105038,0.700737178325653,0.195081448035963,0.264656866038287,0.218896710343497,0.296756761995229,0.309283725755872,0.31840842962265,0,0.253023735740606,0.225495534037855,0.357457773053784,0,0.275694211062632,0.229884564876556,0,0,0,0.247996844624707,0,0.231117307659118,0.271291837096214,0.223289823957852,0,0.260330557823181,0,0,0.225765916208426,0,0,0,0.269880872397196,0,0,0,0,0.335553308327993,0.286375912057387,0.6483177592357,0,0.299790918827057,0.222724229097366,0.263149595922894,0.242553792197953,0.351342161948031,0.201624468686771,0.326204215658122,0.317104355104872,0.291305406558538,0.310354441404343,0.377896326057839
0,0.162153380128653,0.256440612354449,0.198678772209028,0.237970560789108,0.243393642482934,0,0,0.321825204151017,0.161551379142924,0,0.287552714347839,0,0,0,0.15686397254467,0.223670460283756,0.271543957293034,0.281376672642572,0.212779864668846,0,0.237261090013716,0,0.241632060706615,0,0,0,0,0,0,0,0,0,0,0.666201949119568,0.255509534753816,0.232974402214351,0.286419442828212,0.626761652655521,0.220682116757131,0.250622563891941,0.302675100755505,0.296929553151131,0.291818499565125,0,0.214364335203486,0.246840012570222,0.462616683783704,0.275694211062632,0,0,0.245466120541096,0,0,0.37904389500618,0.172102335553903,0.246442543963591,0.282863125258204,0.243054643273354,0,0,0.205387933656227,0.264341740097318,0.224693566560745,0.273228636792092,0.576611479123433,0.244376076785001,0.51755154132843,0.202734480955099,0,0.250298633631589,0,0.27104357576502,0.329482644796371,0,0,0,0.623248195648193,0.186761691930822,0.252928397721714,0.311192623471881,0.619837432754213,0.361174677799359,0.320087956805383,0.291221068443469,0.274382814000814,0
0,0,0.186181738972664,0,0.125662867945653,0,0.13836681511667,0,0,0,0.138212710618973,0,0,0,0,0,0,0,0,0,0.161642526916418,0,0,0,0,0,0,0,0,0,0,0,0,0,0,0,0.196098975340525,0,0,0,0,0,0,0,0,0,0.192623198032379,0,0.229884564876556,0,0,0,0,0,0,0,0.227437155000095,0,0,0,0,0,0,0.229447149654473,0,0,0,0,0,0,0,0,0,0,0,0,0,0,0,0.223311963130017,0,0,0.182567924261093,0,0.260520630305813,0,0
0,0,0,0,0,0.177772085969619,0,0,0,0.182431206347481,0,0,0,0,0,0,0,0,0,0.215735465288162,0,0,0,0,0,0,0,0,0,0,0,0,0,0,0,0.240187220275402,0,0,0,0.222189014156659,0,0.243801878144344,0,0,0,0.254839055813276,0,0,0,0.245466120541096,0,0,0,0,0,0.191771357187203,0,0.221961408853531,0,0,0,0.173862574114041,0.317690892292441,0,0,0,0,0,0,0,0,0,0.259276181459427,0,0,0,0,0,0.237938538193703,0.238631755113602,0.285827686389287,0,0.201174487670263,0,0.248039040565491,0,0
0,0,0,0,0,0,0.163508488214575,0,0,0,0.218665093183517,0,0,0,0,0,0,0,0,0,0,0,0,0,0,0,0,0,0,0,0,0,0,0,0,0,0,0,0,0,0,0,0,0,0,0,0,0,0,0,0,0,0,0,0,0,0,0,0.146850499969262,0,0,0,0,0,0,0,0,0,0,0,0,0,0,0,0,0,0,0,0,0,0,0,0.185329284402542,0.1955183329992,0,0,0
0,0,0,0,0,0.19008395419671,0,0.161174198045679,0,0,0,0.170808788712046,0,0,0,0,0,0,0,0.132981500045939,0,0,0,0,0,0,0,0,0,0,0,0,0,0,0,0,0,0,0,0,0,0,0,0,0,0,0,0,0,0,0,0,0,0,0,0,0,0.181917328168364,0,0,0,0,0.163766001661619,0,0,0,0,0,0,0,0,0,0,0,0,0,0,0,0,0,0,0,0.148770021274686,0,0,0,0
0.152441032748568,0,0.137319304980338,0,0.13855674341321,0,0,0,0.176466049059578,0,0,0,0,0,0.151486824728361,0,0.18652205914259,0.120612941682339,0.21989614367485,0,0.1562565356493,0,0,0,0,0,0.182246635301729,0,0,0,0,0,0.252081900835037,0,0.233844053642503,0,0.166220334172249,0.473263710737228,0.212323393204255,0.224194994568825,0.260365030831761,0.217091078559558,0.282330166913715,0,0,0,0.198904607445002,0.25926037323206,0.247996844624707,0.37904389500618,0,0,0,0,0,0,0,0,0,0,0.198295428910676,0,0,0.188811923066775,0,0,0,0.187310486649856,0,0,0,0,0.229955643415451,0.270904040336609,0,0.24390190243721,0,0.220662415855461,0,0.20033885538578,0.463184678554535,0.216666020713259,0.182054782787768,0.294235597054164,0.174009763387342,0,0.235533818602562
0,0.179932637838647,0,0.121688693761826,0,0.164021992395001,0,0,0,0.178229633811861,0,0,0,0,0,0.17478580237763,0.175105713307858,0.170329237751889,0.20397121210893,0,0,0.164724372327328,0,0.231553436815739,0,0.175839186035177,0,0,0,0,0,0,0,0,0,0,0,0.268636950207028,0,0,0,0.205624938011169,0,0,0,0,0,0,0,0.172102335553903,0,0.191771357187203,0,0,0,0,0,0,0,0,0,0.19312261534353,0,0,0,0,0.183655109530115,0,0.182976640760899,0,0,0,0,0,0,0,0,0,0,0,0.249235202200138,0,0.16776786498068,0.210778162131707,0.241685135662556,0,0
0.225474685430527,0,0.197003329793612,0,0,0,0.20934861940997,0,0.196936167776585,0,0.169819571841899,0,0.164342667059924,0,0,0,0,0,0.260355554521084,0,0.138828387676642,0,0,0,0,0,0,0,0,0,0.184855606939111,0,0,0,0,0,0.154211576959571,0,0.161223852549229,0.236090544197294,0.229444246739149,0,0.259515175861972,0,0,0.219540670514107,0.226431922614574,0.287182460610683,0.231117307659118,0.246442543963591,0.227437155000095,0,0,0,0,0,0,0.243684619665146,0.159071047604084,0,0,0,0,0.223777422604713,0,0,0,0,0,0,0,0,0,0.145393546508706,0,0,0,0,0,0.243956043511769,0,0.177016860700865,0.196021811195134,0.283653348684311,0.23608839024609,0,0
0,0.165017182774404,0.257048666477203,0.210560702038398,0,0.221680894121528,0,0.145005351730755,0,0.220467425882816,0,0.172843404278557,0,0.152327395635522,0,0,0.261290324585778,0.264934359118342,0.316640711530591,0.154830822783212,0,0,0,0.242900535464287,0,0,0,0.145561034803267,0,0.174057496537408,0,0,0,0,0,0.161871443417939,0,0.173585824221373,0,0.25917682173963,0.268634412437677,0.316828382004533,0.254804554794516,0.246137284315549,0,0.23674412980879,0.271036637517122,0.312437464793523,0.271291837096214,0.282863125258204,0,0.221961408853531,0,0.181917328168364,0,0,0.243684619665146,0,0,0,0,0,0.287120061275402,0.243097022175789,0,0,0,0,0,0,0.367072730213404,0,0.279873317066223,0.277864118417104,0.290479809045792,0,0,0,0.25916524168929,0.288528523024391,0.25329868605372,0.315439234177272,0.283197378959266,0.290432310082774,0.260961543479852,0.306112509589274,0.230473905801773
0.192821830511093,0,0.220774114131927,0,0,0.226107805967331,0.180615886029872,0,0,0,0.1819835719706,0,0.188456453658916,0,0.158590942621231,0,0.235348299145699,0,0,0,0,0,0,0,0,0,0,0,0,0,0,0,0,0,0,0,0.185332249601682,0,0,0.223138789335887,0.209217995405197,0,0.249338168650866,0,0,0,0.218131246045232,0.285258299774594,0.223289823957852,0.243054643273354,0,0,0.146850499969262,0,0,0,0.159071047604084,0,0,0,0.158061855513117,0,0,0.262290050940854,0,0,0,0,0,0,0,0,0,0,0,0,0,0,0,0.219051992893219,0,0,0.188590371665733,0.14894900170668,0.23359957032583,0,0
0,0,0,0,0,0,0,0,0,0,0,0,0,0.160830763581487,0,0.134149948165355,0,0,0,0,0,0,0,0,0,0.139194592904477,0,0.133997225761414,0,0,0,0,0,0,0,0,0,0,0,0,0,0,0,0,0,0,0,0,0,0,0,0,0,0,0,0,0,0,0,0,0,0.160615097908747,0,0,0,0,0,0,0,0,0.17613871051715,0,0,0,0,0,0,0,0,0,0,0,0.156260721553537,0.170665337145329,0,0,0
0,0,0,0,0,0,0,0,0.175897658983587,0,0,0,0.137266876176,0,0.176331815922606,0,0,0,0,0,0,0,0,0,0,0,0,0,0,0,0,0,0,0,0,0,0,0,0,0.229750066995621,0,0,0,0,0,0,0,0.304777294397354,0.260330557823181,0,0,0,0,0,0.198295428910676,0,0,0,0.158061855513117,0,0,0,0,0,0,0,0,0,0,0,0,0,0,0,0,0,0,0,0,0,0,0,0.147701177746058,0,0.237279991308848,0,0
0,0.176943135104681,0,0,0,0.179223210159419,0,0,0,0.172409340973914,0,0,0,0.14064909517765,0,0.173044820341769,0,0.125561480720838,0,0,0,0,0,0,0,0,0,0,0,0,0,0,0,0,0,0,0,0.179467618465424,0,0,0,0,0,0,0,0,0,0,0,0.205387933656227,0,0.173862574114041,0,0,0,0.19312261534353,0,0,0,0.160615097908747,0,0,0,0,0,0,0.189351692638899,0,0,0,0,0,0,0,0,0,0,0,0,0,0.194457143545151,0,0.146691243418238,0,0.19891566934727,0,0
0.244314610958099,0,0,0.200509186006255,0,0.265968921634122,0,0.194354154169559,0,0.197271302342415,0,0.177804193543005,0,0,0,0,0.232481401413679,0.262743960533823,0.316189631819725,0.170403391089599,0,0.237776145339012,0,0,0,0,0,0,0,0,0,0,0,0,0,0.154549646408632,0,0.136415784474876,0,0.198351062622978,0.281632483005524,0.257974639905626,0.237326458096504,0.24399893624442,0,0.218915209432766,0.266566529870033,0,0,0.264341740097318,0,0.317690892292441,0,0.163766001661619,0,0,0,0.287120061275402,0,0,0,0,0,0.240005612373352,0,0,0,0,0,0,0.326791852712631,0,0.299470438159,0,0,0,0,0,0.2263739717321,0.269820993145307,0.262634244338374,0,0.163125068841189,0.301862215453928,0.240937529644722,0.25935305505991,0
0,0,0.22594103406346,0.233310423791409,0.195438648447578,0,0.151926355436444,0,0.177601335304124,0,0.1398926866652,0,0,0,0,0,0.286072712979819,0.248781960118901,0.310592652124874,0,0.172322885997509,0,0,0,0,0,0,0,0,0,0,0,0,0,0,0,0.162107921776742,0,0.167353328701222,0.211237065494061,0.262424946194742,0.238048143684864,0.256602127242971,0,0,0.226257584989071,0.2038010293508,0.269428004821142,0.225765916208426,0.224693566560745,0.229447149654473,0,0,0,0.188811923066775,0,0.223777422604713,0.243097022175789,0.262290050940854,0,0,0,0.240005612373352,0,0,0,0,0,0,0,0,0,0.30485674738884,0.217828199440657,0,0,0,0,0.28403352200985,0.228538581165908,0.318123579025269,0.217934855768316,0.211413807455142,0.285374144448879,0.255551129199975,0.26978175342083,0.277385011315346
0,0,0,0,0,0,0,0,0,0,0,0,0,0,0,0,0.133697298914194,0.138366534830408,0.272298963533507,0,0,0.12593779707229,0.0918393650225231,0,0,0.114592663943768,0,0,0,0,0,0,0,0,0,0,0,0.285115278310308,0.557552747428417,0,0,0,0,0,0,0.242194637656212,0,0.507319864981315,0,0.273228636792092,0,0,0,0,0,0,0,0,0,0,0,0,0,0,0,0.513796657323837,0.231922391613634,0.471331775188446,0.215841930097452,0,0.273662872751307,0,0,0,0,0,0,0,0,0,0.305727018070827,0.556760457300004,0.136358222427269,0.152880373429887,0.33725575171411,0,0
0,0,0,0.313576489686966,0,0,0,0,0,0,0,0,0,0,0,0,0,0,0,0,0,0,0.150446622003377,0,0.159307644791799,0,0.166445833444595,0,0.171616771561917,0,0,0,0,0,0,0,0,0.574643991314448,0.256725214442503,0,0,0,0,0,0,0,0,0.485505285070223,0,0.576611479123433,0,0,0,0,0,0,0,0,0,0,0,0,0,0,0.513796657323837,0,0,0.161537880011907,0,0,0.563140451908112,0.152119931578636,0,0,0,0,0,0,0,0,0.56929009159406,0.381046412114545,0.172410786151886,0.127255633109953,0.566429805755615,0,0
0,0.185495203733444,0,0,0,0,0,0,0,0.164913771701032,0,0,0,0,0,0,0.251757800579071,0.173517644405365,0.224515467882156,0,0,0.141176823526621,0,0.142589507589799,0,0.169443283779699,0,0,0,0,0,0,0,0,0,0,0,0.253631559595691,0,0.250015219052633,0,0.217323899269104,0,0,0,0,0.25689771771431,0,0,0.244376076785001,0,0,0,0,0,0.183655109530115,0,0,0,0,0,0.189351692638899,0,0,0.231922391613634,0,0,0,0.226813394072407,0,0.242458721766105,0,0,0,0,0,0,0,0.337643146514893,0,0.231486758441474,0,0.161637455946015,0,0.280168644767307,0,0
0,0,0,0,0,0,0,0,0.152862253514203,0,0,0,0,0,0,0,0,0,0,0,0,0,0.143675528258585,0,0.164440012314749,0,0,0,0,0,0,0,0,0,0.247801120082537,0,0,0.550209820270538,0.175839367596542,0,0,0,0,0,0,0,0,0.308855862400242,0.269880872397196,0.51755154132843,0,0,0,0,0.187310486649856,0,0,0,0,0,0,0,0,0,0.471331775188446,0.161537880011907,0,0,0,0,0,0,0,0,0,0.265767931938171,0,0.232362461941583,0,0,0.504444102446238,0.245618449036892,0.177604809603243,0,0.260441754249826,0,0
0,0,0,0,0,0,0,0,0,0.186771729162761,0,0,0,0,0,0.202171009666515,0,0.152904206266006,0,0,0,0.145035851829582,0,0.180384252739104,0,0.154753622976509,0,0,0,0,0,0,0,0,0,0,0,0,0,0,0,0,0,0,0,0,0,0,0,0.202734480955099,0,0,0,0,0,0.182976640760899,0,0,0,0,0,0,0,0,0.215841930097452,0,0.226813394072407,0,0,0,0.250125486599772,0,0,0,0,0,0,0,0,0,0,0,0.192609859009584,0,0,0,0
