0,0,78.2789658010006,0,6.60072660446167,0,0,0,456.27234852314,0,0,0,0,0,1.15222346782684,0,1.97946415841579,4.37768551707268,42.2159330174327,0,0.295185118913651,0,0,0,29.4286535084248,0,0,0,0,0,0,0,0,0,0,0,0.25327479839325,1.15018144249916,10.6220852583647,1.70935595035553,3.40839922428131,0.780416071414948,245.80883051455,0,0,0,8.39410358667374,2.59036257863045,343.582437649369,0,0.582719802856445,0,0,0,341.027360588312,0,10.921276435256,0,46.6568281501532,0,205.653523921967,0,0,0.3804821819067,0,0,0,3.49467015266418,0,0,0,7.83029662072659,0,13.1282978057861,0,0,0,0,1.64477741718292,3.96481469273567,0,1.3627086430788,170.221815399826,1.69828748703003,698.509919911623,0,0.711902692914009
0,0,0,87.80737221241,0,0,0,0,0,274.906722143292,0,0,0,0,0,0.341631352901459,0,0,32.2754734903574,0,0,0,0,0,0,0,0,0,0,0,0,0,0,0,0,3.30281174182892,0,0.75637298822403,0,51.7107482552528,0,1179.61991430819,0.803357362747192,1.26740622520447,0,35.3948300182819,0,0,0,359.258074343204,0,0,0,0,0,274.29425355792,0,0,0,3.6299142986536,0,85.1610697358847,0,0,0,0,0,0,0,0,0,0,21.3751878887415,0,0,0,0,0,32.4451344609261,0.485031247138977,3.27410988509655,0,251.817211769521,0.338286951184273,594.951031945646,19.0867588669062,0
78.2789658010006,0,0,0,84.7571213543415,0,0,0,57.0074109137058,0,0,0,0.131196454167366,0,12.9956752061844,0,0,0.144585818052292,1.21486520767212,0,0,0,0,0,0,0,0,0,0,0,0,0,0,0,0,0,2.46743884682655,0,0,0,0.692220315337181,0,7.40488241612911,0,0,0,1.46805377304554,0,24.3212695270777,0,61.1461251825094,0,0,0,122.660366401076,0,7.07860596477985,0,15.8043382465839,0,28.5121773928404,0,0,0,0,0,0,0,0,0,0,0.170955941081047,0,0.964871913194656,0,0,0,0,0,5.60058727860451,0,0,55.7382544875145,14.155642002821,101.68343449384,0,0
0,87.80737221241,0,0,0,241.606301099062,0,0,0,54.5897565335035,0,0,0,0,0,0,0,0.198961108922958,8.89007069170475,0,0,0,0,0,0,0,0,0,0,0,0,0,0,0,0,34.8059661984444,8.32995204627514,0,0,65.5173078849912,0,181.490726865828,10.8639892339706,7.77617456018925,0,61.3216447085142,0,9.72917342185974,1.48067750036716,160.081687532365,0,53.3497997522354,0,0,0,401.603310823441,0,5.97139796614647,0,227.808567464352,0,162.765162408352,18.6241099834442,0,0,0,0,0,0,0,0,0,24.5040405541658,0,0,0,0,0,118.077559709549,11.1071153283119,4.90327909588814,0,224.018097728491,134.081872239709,756.220149062574,2.9396393597126,0
6.60072660446167,0,84.7571213543415,0,0,0,44.8021926879883,0,15.4741155356169,0,0.934284627437592,0,0,0,0,0,0,0,7.43235349655151,0,0.254770338535309,0,0,0,0,0,0,0,0,0,0,0,0,0,0,0,13.6770954579115,0,0,0,12.4309482872486,0,13.9617676287889,0,0,0,9.37399080395699,0,26.3611380308867,0,256.423282071948,0,0,0,4.08520305156708,0,144.447742789984,0,32.5407098531723,0,42.1459324061871,0,0,0,0,0,0,0,0,0,0,2.35659170150757,0,5.58066076040268,0,0,0,0,0,4.74963420629501,0,0,692.669453069568,139.905080705881,160.700491838157,0,0
0,0,0,241.606301099062,0,0,0,45.4694712162018,0,0,0,0,0,0,0,11.1344268918037,0,0.977994203567505,0,27.4446134269238,0,0,0,0,0,0,0,0,0,0,0,0,0,0,0,1.58084714412689,0.220840409398079,0,0,4.92497070133686,0,4.68188093602657,0,0,0,0.402888134121895,0,3.41747111082077,0,10.1523560583591,0,486.907106429338,0,24.9508553147316,0,3.34130191802979,0,0,0,0.393569141626358,0,121.237044125795,2.69504274427891,0,0,0,0,0,0,0,0,0,0.754001393914223,0,0,0,0,0,5.60836462676525,0.190602943301201,0.151829108595848,0,275.830162391067,28.3556470870972,61.546381637454,0,0
0,0,0,0,44.8021926879883,0,0,0,0,0,0,0,2.76324570178986,0,0,0,0,0,0,0,0,0,0,0,0,0,0,0,0,0,0,0,0,0,0,0,5.51117311418056,0,0,0,0,0,0,0,0,0,0,0,0,0,12.4673550128937,0,53.8988780975342,0,0,0,8.28207361698151,0,212.485115170479,0,0,0,0,0,0,0,0,0,0,0,0,0,0,0,0,0,0,0,0,17.1353430300951,0,0,7.11685235798359,0,0,0,0
0,0,0,0,0,45.4694712162018,0,0,0,0,0,0,0,15.485335111618,0,0,0,0,0,0,0,0,0,0,0,0,0,0,0,0,0,0,0,0,0,0,0,0,0,0,0,0,0,0,0,0,0,0,0,0,0,30.0725736618042,0,645.902328848839,0,0,0,0,0,338.482850074768,0,75.8622497320175,0,0,0,0,0,0,0,0,0,0,0,0,0,0,0,0,0,0,0,0,0,3,0,0,0
456.27234852314,0,57.0074109137058,0,15.4741155356169,0,0,0,0,0,0,0,0,0,23.4290601611137,0,0.896481469273567,0,29.4087722375989,0,0,0,0,0,5.5245156288147,0,0,0,0,0,0,0,0,0,0,0,0.626757830381393,0,0.665438145399094,0,4.82775923609734,0,63.6796177327633,0,0,0.17251256108284,8.53790001571178,0,64.7298432439566,0,11.17897772789,0,0,0,357.567202195525,0,29.728080779314,0,8.03181983530521,0,234.102395236492,0,0,1.12523092329502,0,0,0,222.392029166222,0,141.582869231701,0,16.9174932688475,0,50.512209430337,0,0,0,0,0,11.3020455613732,0,57.6637634038925,456.765896044672,87.579535394907,114.917973324656,0,16.2659141719341
0,274.906722143292,0,54.5897565335035,0,0,0,0,0,0,0,0,0,0,0,371.90443880856,0,45.0568486452103,2.18083912134171,0,0,0,0,1.28256985545158,0,0,0,0,0,0,0,0,0,0,0,1.08740651607513,0.338482797145844,29.4859331399202,0,2.39450757205486,0,54.1103861480951,0,0.67430704832077,0,3.698825314641,0.185930922627449,0.208925619721413,0,28.9866578280926,0,0,0,0,0,535.918851181865,0,0,0,0,0,278.771853715181,0,0,0,0,37.6777620613575,0,298.554663777351,0,0,0,0.365577086806297,0,0,0,0,0,3.73556242883205,0,18.7453832477331,0,547.644199259579,43.0371600687504,76.4535264521837,0,0
0,0,0,0,0.934284627437592,0,0,0,0,0,0,0,128.784145653248,0,0,0,1.42868682742119,0,6.14891776442528,0,158.259315401316,0,0,0,0,0,0,0,3.08108305931091,0,134.20432344079,0,0,0,0,0,32.4923897832632,0,79.6038315147161,0,0,0,2.43238526582718,0,0,0,9.30833698809147,0,0,0,0,0,43.423824518919,0,0,0,1982.10148331523,0,180.007686376572,0,0,0,0,125.872676506639,0,0,0,0,0,0,0,0,0,131.070359021425,0,0,0,0,2.8250367641449,17.2555494308472,0,0.149820148944855,523.934317320585,0,19.3183472752571,0,2.58240529894829
0,0,0,0,0,0,0,0,0,0,0,0,0,371.787599444389,0,0,0,0,0,172.047572702169,0,0,0,0,0,0,0,0,0,159.292398273945,0,0,0,0,0,111.686255052686,0,513.910711050034,0,0,0,0,0,0,0,0,0,0,0,0,0,0.461171329021454,0,0,0,0,0,1757.68484733999,0,861.277939200401,0,0,129.653215244412,0,0,0,0,0,0,0,3.51461200416088,0,273.009427033365,0,0,0,0,0,49.8179743364453,0,125.153292119503,0,257.439365804195,0,106.759757198393,0,0
0,0,0.131196454167366,0,0,0,2.76324570178986,0,0,0,128.784145653248,0,0,0,94.0683513581753,0,0,0,0,0,0,0,0,0,0,0,0.374041974544525,0,0,0,0.684611201286316,0,0,0,0,0,0,0,0,0,0,0,0,0,0,0,0,0,0,0,0,0,10.5919210910797,0,0,0,21.0202738493681,0,433.17173063755,0,4.69429978728294,0,0,0,0,1.83137378096581,0,0.79142364859581,0,95.1386430561543,0,103.656441777945,0,0,0,0,0,0,0,0,0,0,70.1036901473999,52.4766372740269,0.167182549834251,0,0
0,0,0,0,0,0,0,15.485335111618,0,0,0,371.787599444389,0,0,0,0,0,0,0,0,0,0,0,0,0,0,0,13.4896323680878,0,0,0,0,0,0,0,0,0,0,0,0,0,0,0,0,0,0,0,0,0,0,0,16.7106027603149,0,10.9461016654968,0,0,0,7.14154720306396,0,1018.88017511368,0,178.367320299149,0,0,0,0,0,0,0,0,44.7541561126709,0,0,0,0,0,0,0,0,0,0,0,59.7198162078857,26.6830019950867,0,0,0
1.15222346782684,0,12.9956752061844,0,0,0,0,0,23.4290601611137,0,0,0,94.0683513581753,0,0,0,0,0,4.99420547485352,0,0,0,0,0,0,0,0,0,7.80937051773071,0,0,0,0,0,0,0,0,0,0,0,0,0,6.89722000062466,0,0,0,0.224710389971733,0,4.72505766153336,0,0,0,0,0,0,0,13.5852423608303,0,42.2022951841354,0,245.303272649646,0,0,0,0,0,0,0.898768424987793,0,41.791374027729,0,3.5134924352169,0,2.45935136079788,0,0,0,0,0,0.400859147310257,0,0,22.223095446825,0.454195976257324,24.3053409308195,0,0
0,0.341631352901459,0,0,0,11.1344268918037,0,0,0,371.90443880856,0,0,0,0,0,0,0,0,0,0,0,0,0,0,0,0,0,0,0,0,0,0,0,0,0,0,0,0,0,0,0,0,0,0,0,0,0,0,0,0,0,59.2158578038216,0,0,0,145.237287864089,0,0,0,0,0,44.9555700570345,0,0,0,0,5.2134765535593,0,21.9542401432991,0,0,0,0,0,0,0,0,0,0,0,1.15528036653996,0,68.4327635169029,7.72771501541138,0,0,0
1.97946415841579,0,0,0,0,0,0,0,0.896481469273567,0,1.42868682742119,0,0,0,0,0,0,9569.02804946899,3242.52668084204,0,29.8095384687185,36.3424049913883,1883.1800057441,0,2.4784876704216,0.719350516796112,314.87505710125,0,0,0,0,0,0,0,0,5.71984779834747,30.4404175207019,0,7.54319371283054,54.8036097958684,12.7628221213818,33.078104801476,105.672526761889,6.07175731658936,0.381723999977112,29.2844324707985,150.874898999929,0,27.0735882669687,0.803578615188599,0,0,0,0,0.233783289790154,0,23.3051792681217,0,0.831055536866188,0,0.966378174722195,0,0,52.7301331758499,0.949870109558105,703.579177647829,0,0,0,13.5672383308411,0,1.01971110701561,1.22221994400024,58.5879936218262,0,0,0,0,29.3979251235723,220.134174324572,0,40.139035820961,6790.34627902508,1015.0207900852,157.045814082026,0.68250273168087,47.9409037157893
4.37768551707268,0,0.144585818052292,0.198961108922958,0,0.977994203567505,0,0,0,45.0568486452103,0,0,0,0,0,0,9569.02804946899,0,3312.88090252876,0,2.91336072981358,1237.56311714649,14.1869791597128,0,0,479.108104377985,0,20.19480240345,0,0,0,0,0,0,0,2.89369674026966,6.15640792250633,0,2.14992928504944,60.3467154502869,0.357275515794754,57.6663822233677,16.7000853419304,3.37163138389587,0,37.6289580762386,49.2478796765208,0,2.01117596030235,6.62667855620384,0,0,0,0,0,0,0.548723131418228,0,0,0,0,0,0,7.61081305146217,378.277863532305,3.01176655292511,0,0,0,0,0,0,0,4.13469618558884,0,0,0,0,22.4445809274912,37.0204390883446,0,3.79242187738419,13111.0867262408,629.787135437131,41.5414961874485,3.25334043800831,3.15555119514465
42.2159330174327,32.2754734903574,1.21486520767212,8.89007069170475,7.43235349655151,0,0,0,29.4087722375989,2.18083912134171,6.14891776442528,0,0,0,4.99420547485352,0,3242.52668084204,3312.88090252876,0,0,48.901826813817,0,3.02082706987858,0,0.518847927451134,0.333075046539307,0,0,0,0,0,5.00060638785362,0,1.91517227888107,0,143.282728932798,219.354076988995,2.47557367384434,77.0054920464754,1369.82365716249,121.342288173735,1559.2771460861,453.055575206876,46.6173165142536,11.5523232966661,595.475485123694,1779.49077562988,7.25849255919456,89.3176272287965,83.7866975367069,0.902909219264984,0,0,0,4.95101600885391,1.51777628064156,45.7423291504383,0,10.9780379384756,0,2.13475081324577,0,0,403.085556007922,0.601192861795425,0.195325896143913,0,0,0,0,0,11.3535914123058,26.6157656311989,132.042701795697,1.93880319595337,0,4.45468574762344,0,910.006961926818,1591.05514228344,67.2952145040035,192.767510667443,3220.97512830794,3.50419775396585,1438.7514302358,98.4368181228638,212.896796092391
0,0,0,0,0,27.4446134269238,0,0,0,0,0,172.047572702169,0,0,0,0,0,0,0,0,0,0,0,0,0,0,0,0,0,0,0,0,0,0,0,361.232240021229,0,30.6482533812523,0,0.503505676984787,0,0,0,0,0,282.618592783809,0,0,0,0,0,9.68841332197189,0,0,0,0,0,129.708352029324,0,0,0,0,1743.89846763015,0,0,0,0,0,0,0,0,0,7.39187717437744,0,0,0,0,0,200.27761644125,0,21.2228772938251,0,209.535207241774,0,190.421204417944,0,0
0.295185118913651,0,0,0,0.254770338535309,0,0,0,0,0,158.259315401316,0,0,0,0,0,29.8095384687185,2.91336072981358,48.901826813817,0,0,0,0,0,0,0,0,0,0,0,0,0,0,0,0,0,1222.14853994548,0,222.961622148752,0.430584907531738,7.66686350107193,1.1125767827034,25.2585433870554,0,0,1.17435881495476,80.8267717659473,0,0.590509817004204,0,1.14051645994186,0,0,0,0,0,190.721207380295,0,4.62164303660393,0,0,0,0,1896.51486940682,0,0,0,0,0,0,0,4.04359802603722,0,8.55878838896751,0,0,0,0,0,822.669453971088,0,15.0955963879824,572.975763216615,0,373.692056596279,0,19.1538285315037
0,0,0,0,0,0,0,0,0,0,0,0,0,0,0,0,36.3424049913883,1237.56311714649,0,0,0,0,119.052344858646,841.988097161055,0,514.354674398899,0,72.7543557882309,0,0,0,0,0,0,0,0,0,986.546789765358,0,0,0,0,0,0,0,0,2.46821737289429,0,0,19.8382190465927,0,0,0,0,0,0,0,0,0,0,0,0,0,0,7858.78108088672,0,124.432786226273,0,544.366843685508,0,44.3392563313246,0,0,0,0,0,0,0,0,0,677.94178751111,0,1874.66683736444,188.078529417515,0,0,0
0,0,0,0,0,0,0,0,0,0,0,0,0,0,0,0,1883.1800057441,14.1869791597128,3.02082706987858,0,0,119.052344858646,0,0,123.040891721845,0,336.470681518316,0,179.550614804029,0,0,0,0,0,0,0,0,1.59058523178101,437.941236525774,0,0,0,0.316121488809586,0,0.624957203865051,0,0.136087372899055,0,21.987395375967,0,0,0,0,0,0,0,0.240414589643478,0,0,0,0,0,0,0,0,6008.38008265197,0,8.07696025073528,0,366.460422709584,0,84.3936826735735,0,0,0,0,0,0,0,0,0,327.890559643507,1572.71899852157,90.948468208313,0.782064527273178,0,4.70508098602295
0,0,0,0,0,0,0,0,0,1.28256985545158,0,0,0,0,0,0,0,0,0,0,0,841.988097161055,0,0,0,420.46802431345,0,0,0,0,0,0,0,0,0,0,0,365.055736839771,0,0,0,0,0,0,0,0,0,2.27272546291351,0,8.29977449774742,0,0,0,0,0,8.19531309604645,0,0,0,0,0,1.26545223593712,0,0,380.995457366109,0,541.139592900872,0,88.7381158173084,0,6.4731479883194,0,0,0,0,0,0,0,0,0,300.997634366155,0,55.3363193869591,0,0,0,0
29.4286535084248,0,0,0,0,0,0,0,5.5245156288147,0,0,0,0,0,0,0,2.4784876704216,0,0.518847927451134,0,0,0,123.040891721845,0,0,0,33.4127488136292,0,0,0,0,0,0,0,0,0,0,0,293.643041908741,0,0,0,1.42602142691612,0,0,0,0,1.12155675888062,33.0939359366894,0,0,0,0,0,83.3961142301559,0,0,0,0,0,0,0,0,0,0,161.388503313065,0,493.317901358008,0,897.680600047112,0,0.901679277420044,0,0,0,0,0,0,0,0,0,117.882996201515,22.4700250029564,0,7.33225151896477,0,0
0,0,0,0,0,0,0,0,0,0,0,0,0,0,0,0,0.719350516796112,479.108104377985,0.333075046539307,0,0,514.354674398899,0,420.46802431345,0,0,0,3.81882190704346,0,0,0,0,0,0,0,0,0,0,0,0,0,0,0,0,0,0,0,0,0,0,0,0,0,0,0,0,0,0,0,0,0,0,0,0,186.730265855789,0,542.304134339094,0,50.0393070578575,0,10.3018108606339,0,0,0,0,0,0,0,0,0,0,0,83.2691502571106,0,0,0,0
0,0,0,0,0,0,0,0,0,0,0,0,0.374041974544525,0,0,0,314.87505710125,0,0,0,0,0,336.470681518316,0,33.4127488136292,0,0,0,25.9488392472267,0,0,0,0,0,0,0,0,0,0,0,1.51177561283112,0,0,0,0,0,0,0,0,0,0,0,0,0,0,0,0,0,0,0,0,0,0,0,0,65.3849871754646,0,15.8647446632385,0,485.475772589445,0,3.44369632005692,0,0,0,0,0,0,0,0,0,0,374.005785167217,0,0,0,0
0,0,0,0,0,0,0,0,0,0,0,0,0,13.4896323680878,0,0,0,20.19480240345,0,0,0,72.7543557882309,0,0,0,3.81882190704346,0,0,0,1144.2474141717,0,0,0,0,0,0,0,0,0,0,0,0,0,0,0,0,0,0,0,0,0,0,0,0,0,0,0,0,0,81.0022971630096,0,0,0,0,129.820978820324,0,0,0,0,0,956.210174828768,0,54.5435096621513,0,0,0,0,0,0,0,5,0,100.966729164124,0,0,0,0
0,0,0,0,0,0,0,0,0,0,3.08108305931091,0,0,0,7.80937051773071,0,0,0,0,0,0,0,179.550614804029,0,0,0,25.9488392472267,0,0,0,42.733945697546,0,0,0,0,0,0,0,0,0,0,0,0,0,0,0,0,0,0,0,0,0,0,0,0,0,0,0,2,0,0,0,0,0,0,16.9950537979603,0,0,0,0,0,629.889642104506,0,2.01203227043152,0,0,0,0,0,0,0,0,489.760916769505,23.8553547859192,0,0,0
0,0,0,0,0,0,0,0,0,0,0,159.292398273945,0,0,0,0,0,0,0,0,0,0,0,0,0,0,0,1144.2474141717,0,0,0,0,0,0,0,0,0,337.415429756045,0,0,0,0,0,0,0,0,0,0,0,0,0,0,0,0,0,0,0,16.1259965002537,0,15.2961299419403,0,0,0,0,0,0,0,0,0,0,305.830862939358,0,631.075151503086,0,0,0,0,0,0,0,220.047058224678,0,16.2548388838768,0,0,0,0
0,0,0,0,0,0,0,0,0,0,134.20432344079,0,0.684611201286316,0,0,0,0,0,0,0,0,0,0,0,0,0,0,0,42.733945697546,0,0,0,0,0,0,0,0,0,30.3468916416168,0,0,0,0,0,0,0,0,0,0,0,0,0,0,0,0,0,56.7642020881176,0,0,0,0,0,0,0,0,0,0,0,0,0,0,8.94026780128479,0,333.028129726648,0,0,0,0,0,0,0,0,285.621708214283,10.0317506790161,0,0,0
0,0,0,0,0,0,0,0,0,0,0,0,0,0,0,0,0,0,5.00060638785362,0,0,0,0,0,0,0,0,0,0,0,0,0,466.90932020545,78.363047003746,167.227680414915,842.192221820354,18.3628140836954,0,0,1.25614680349827,1.65550625324249,4.10160864889622,1.27264225482941,0,0,0.789897188544273,0,427.054770022631,5.05241101980209,12.9088923335075,0,0,0,0,0,0,0,0,0,0,0,0,0,0,0,0,0,0,0,0,0,0,0,0,900.475338742137,227.824770569801,148.696377187967,4.17583966255188,239.856471091509,23.3118170797825,0,0,840.744244173169,0,6.16126120090485,0.245104417204857,0
0,0,0,0,0,0,0,0,0,0,0,0,0,0,0,0,0,0,0,0,0,0,0,0,0,0,0,0,0,0,0,466.90932020545,0,25.2184003293514,130.222679197788,94.7409717440605,346.618575036526,0,0,0,4.80566215515137,0,0,0,0,0,0,305.269123882055,9.5078306645155,0,0,0,0,0,0,0,0,0,0,0,0,0,0,0,0,0,0,0,0,0,0,0,0,0,33.8773049116135,1530.22019347548,83.1159627437592,14.9524531066418,0,165.97267562151,0,0,252.385974884033,0,0,0,0
0,0,0,0,0,0,0,0,0,0,0,0,0,0,0,0,0,0,1.91517227888107,0,0,0,0,0,0,0,0,0,0,0,0,78.363047003746,25.2184003293514,0,795.314784646034,254.170932352543,0.630871057510376,204.017159074545,7.92582964897156,0,0,2.28446274995804,10.4462623894215,0,0,0.720224440097809,0,1185.34248767793,0,15.7335113286972,0,0,0,0,0,0,0,0,0,0,0,0,0,0,0,0,0,0,0,0,0,0,0,0,41.5307649374008,0.531129717826843,1298.81561166048,712.266731262207,256.690752968192,0,37.1620920300484,0,461.568303391337,0,4.77129396796227,3.37363928556442,0
0,0,0,0,0,0,0,0,0,0,0,0,0,0,0,0,0,0,0,0,0,0,0,0,0,0,0,0,0,0,0,167.227680414915,130.222679197788,795.314784646034,0,21.699237793684,341.627758234739,5.9773006439209,73.4506593048573,0,13.162873595953,0,1.01102483272552,0,0,0,0,521.275386482477,123.683373898268,0,0,0,0,0,0,0,0,0,0,0,0,0,0,0,0,0,0,0,0,0,0,0,0,0,14.1735615730286,33.4410910010338,32.4502004981041,2065.4077129364,9.13461887836456,250.187839210033,0,55.76682536304,570.939035385847,0,0,0,0
0,3.30281174182892,0,34.8059661984444,0,1.58084714412689,0,0,0,1.08740651607513,0,111.686255052686,0,0,0,0,5.71984779834747,2.89369674026966,143.282728932798,361.232240021229,0,0,0,0,0,0,0,0,0,0,0,842.192221820354,94.7409717440605,254.170932352543,21.699237793684,0,1137.00403766334,1101.70128826797,10.72271707654,47.4506319016218,0.26507493853569,138.843493953347,7.83456139266491,3.0684469640255,0,214.954864710569,2.02742061018944,462.253735393286,3.55877557396889,71.5542131215334,0,0.352492332458496,0,0,0,2.19297051429749,0,0,0,0,0,0,838.116463929415,0.537677526473999,0,0,0,0,0,0,0,0,0.183888673782349,0,427.792368933558,180.731196135283,465.181636638939,0,19595.4571215659,1087.13305981457,1066.92379169166,0,3550.18106083572,223.424498230219,191.264774121344,33.3142152875662,1.74634480476379
0.25327479839325,0,2.46743884682655,8.32995204627514,13.6770954579115,0.220840409398079,5.51117311418056,0,0.626757830381393,0.338482797145844,32.4923897832632,0,0,0,0,0,30.4404175207019,6.15640792250633,219.354076988995,0,1222.14853994548,0,0,0,0,0,0,0,0,0,0,18.3628140836954,346.618575036526,0.630871057510376,341.627758234739,1137.00403766334,0,0,2013.62840668112,4.0859892219305,123.692063823342,1.81559669971466,40.8274764344096,0,7.1421570032835,1.3077283129096,51.0366879105568,118.777701348066,69.3641705587506,1.30028231441975,5.45718900859356,0,1.89547568559647,0,0,2.64393943548203,113.910321459174,0,4.16632840037346,0,0.247144043445587,0,0,446.359273448586,0,0,0,0,0,0,0,0.299025446176529,0,6.65817339718342,0.183010160923004,425.707511335611,0.958643674850464,36.8721556961536,360.238759696484,17881.1490438506,0,1109.38128423691,3828.55753087252,89.9030316323042,372.398985669017,0,34.8563546314836
1.15018144249916,0.75637298822403,0,0,0,0,0,0,0,29.4859331399202,0,513.910711050034,0,0,0,0,0,0,2.47557367384434,30.6482533812523,0,986.546789765358,1.59058523178101,365.055736839771,0,0,0,0,0,337.415429756045,0,0,0,204.017159074545,5.9773006439209,1101.70128826797,0,0,281.748486310244,2.82226049900055,0,3.44635754823685,6.4178072065115,0,0,41.8060583174229,0,1002.96389207244,3.16121438145638,184.44482037425,0,0,0,0,0,105.641357913613,0,69.3907978832722,0,0,0,0.594054520130157,16.7375965416431,0,149.784018546343,0,122.743246331811,0,0,0,0,0,88.2395982146263,0,0,0,96.7223083674908,0,718.872704908252,0,8449.3637605384,1,1333.56304401159,4.24518662691116,63.6414897590876,1.87974804639816,0
10.6220852583647,0,0,0,0,0,0,0,0.665438145399094,0,79.6038315147161,0,0,0,0,0,7.54319371283054,2.14992928504944,77.0054920464754,0,222.961622148752,0,437.941236525774,0,293.643041908741,0,0,0,0,0,30.3468916416168,0,0,7.92582964897156,73.4506593048573,10.72271707654,2013.62840668112,281.748486310244,0,0,2.83625467121601,0,54.6389767676592,0,0,5.07787835597992,119.631878659129,571.039101466537,589.975405916572,0,0,0,0,0,0,0,14.2380930185318,0,0,0,0,0,0,940.319244369864,0,713.652328170836,0,516.053049772978,0,2.84754109382629,0,7.03934679925442,0,66.217822432518,0,0,0,357.240956664085,1.48318767547607,1340.90191029012,0,8729.32260843366,1460.25933774561,193.280522078276,105.046233564615,0,4.08520825207233
1.70935595035553,51.7107482552528,0,65.5173078849912,0,4.92497070133686,0,0,0,2.39450757205486,0,0,0,0,0,0,54.8036097958684,60.3467154502869,1369.82365716249,0.503505676984787,0.430584907531738,0,0,0,0,0,0,0,0,0,0,1.25614680349827,0,0,0,47.4506319016218,4.0859892219305,2.82226049900055,0,0,0.396950498223305,1965.50961123407,91.8913276493549,23.9856941476464,0,965.1387430951,14.4076492264867,3.89386346936226,0,439.124629937112,0,0,0,0,0,9.29767712950706,0,0.230053603649139,0,0,0,0,90.2976858764887,6.4392673522234,0,0,0,0,0,0,0,0.627217471599579,9.10766594111919,1.61780351400375,0.217928066849709,0,2.1600401699543,0,565.653754413128,25.8017080873251,18.4589460939169,1.88371610641479,879.566568441689,11.7892708703876,1323.18875868618,91.8478662222624,0.153343915939331
3.40839922428131,0,0.692220315337181,0,12.4309482872486,0,0,0,4.82775923609734,0,0,0,0,0,0,0,12.7628221213818,0.357275515794754,121.342288173735,0,7.66686350107193,0,0,0,0,0,1.51177561283112,0,0,0,0,1.65550625324249,4.80566215515137,0,13.162873595953,0.26507493853569,123.692063823342,0,2.83625467121601,0.396950498223305,0,4.24640561640263,109.872503943741,0,8.26773831248283,0.13447967171669,200.228091195226,770.348237514496,5109.27688719332,615.728876903653,0.322284698486328,0,0,0,4.52654388546944,0,11.3277583494782,0,12.3337993621826,0,1.31059202551842,0,0,77.0053113028407,0,0,0,0,0,0,0,0.780750900506973,0,5.58129848539829,0,31.0067785829306,0,1.12812419235706,0.160508707165718,2075.07694093138,0,37.9735155552626,92.4151972383261,1.11374747753143,903.529705181718,0,15.4405484944582
0.780416071414948,1179.61991430819,0,181.490726865828,0,4.68188093602657,0,0,0,54.1103861480951,0,0,0,0,0,0,33.078104801476,57.6663822233677,1559.2771460861,0,1.1125767827034,0,0,0,0,0,0,0,0,0,0,4.10160864889622,0,2.28446274995804,0,138.843493953347,1.81559669971466,3.44635754823685,0,1965.50961123407,4.24640561640263,0,704.639186553657,128.083062112331,4.00876039266586,567.965636618435,8.43348356336355,35.9453713148832,3.88341629505157,661.688312649727,0,0.1676135212183,0,0,3.53539633750916,74.590991422534,0,0,0.237711161375046,0,0,0.248158097267151,41.4816761165857,5.83430281281471,0,0,0,0.258574455976486,0,0,0,0,90.7668963298202,1.00122594833374,0.890609383583069,0,2.67188201844692,0,611.155175834894,9.77608356624842,26.0755221992731,5.37821857631207,2096.80224449188,28.8154322728515,3846.09430348128,501.140207111835,0
245.80883051455,0.803357362747192,7.40488241612911,10.8639892339706,13.9617676287889,0,0,0,63.6796177327633,0,2.43238526582718,0,0,0,6.89722000062466,0,105.672526761889,16.7000853419304,453.055575206876,0,25.2585433870554,0,0.316121488809586,0,1.42602142691612,0,0,0,0,0,0,1.27264225482941,0,10.4462623894215,1.01102483272552,7.83456139266491,40.8274764344096,6.4178072065115,54.6389767676592,91.8913276493549,109.872503943741,704.639186553657,0,33.0227042287588,88.5569524988532,28.8998987302184,1366.49943076074,1585.64537981153,2028.09431196004,256.11757530272,6.09592816233635,0,0,0,26.531283184886,7.04776282608509,194.084096044302,0,101.373903915286,0,10.7217898219824,0,0,183.442085504532,0,1.60123771429062,0,37.9011035114527,0,0.619903385639191,0,214.722252115607,1.96850591897964,527.90018081665,0,0,0.382094323635101,0.581907212734222,45.860453762114,421.084935627878,5.32475931942463,68.8385853916407,2570.1378037557,7.023108497262,3911.16803552955,3.90198323130608,848.138549484313
0,1.26740622520447,0,7.77617456018925,0,0,0,0,0,0.67430704832077,0,0,0,0,0,0,6.07175731658936,3.37163138389587,46.6173165142536,0,0,0,0,0,0,0,0,0,0,0,0,0,0,0,0,3.0684469640255,0,0,0,23.9856941476464,0,128.083062112331,33.0227042287588,0,0,12.6779095754027,0,3.01466819643974,0,5.87520413100719,0,0,0,0,0,5.3056532740593,0,0,0,0,0,0,0,0,0,0,0,0,0,0,0,0,0.568129777908325,0,0,0,0,0,23.131148070097,0,3.97625038027763,0,73.4840736985207,3.69990441203117,29.4799888879061,0.985342442989349,0
0,0,0,0,0,0,0,0,0,0,0,0,0,0,0,0,0.381723999977112,0,11.5523232966661,0,0,0,0.624957203865051,0,0,0,0,0,0,0,0,0,0,0,0,0,7.1421570032835,0,0,0,8.26773831248283,4.00876039266586,88.5569524988532,0,0,0.187012732028961,74.8982811495662,0,0,0.454142153263092,0,0,0,0,0,0,0,0,0,0,0,0,0,11.514724932611,0,0,0,0,0,0,0,0,0,0,0,0,0,0,0,32.7959847077727,0,2.1690593957901,8.44474141299725,0,32.7490466833115,0,15.471361592412
0,35.3948300182819,0,61.3216447085142,0,0.402888134121895,0,0,0.17251256108284,3.698825314641,0,0,0,0,0,0,29.2844324707985,37.6289580762386,595.475485123694,282.618592783809,1.17435881495476,0,0,0,0,0,0,0,0,0,0,0.789897188544273,0,0.720224440097809,0,214.954864710569,1.3077283129096,41.8060583174229,5.07787835597992,965.1387430951,0.13447967171669,567.965636618435,28.8998987302184,12.6779095754027,0.187012732028961,0,14.4601855278015,3.97795931994915,0,18.997079052031,0,0,0,0,0,2.6181265860796,0,1.26886546611786,0,0,0,0,1055.48024077713,0.963629335165024,0,0,0,0,0,0,0,0,8.78611268103123,0.718809366226196,0,0,0.237230598926544,0,758.562905102968,20.1405241414905,387.201218567789,2.1544204801321,378.825142383575,6.06973022222519,1456.98366940022,4.78107461333275,0.279491007328033
8.39410358667374,0,1.46805377304554,0,9.37399080395699,0,0,0,8.53790001571178,0.185930922627449,9.30833698809147,0,0,0,0.224710389971733,0,150.874898999929,49.2478796765208,1779.49077562988,0,80.8267717659473,2.46821737289429,0.136087372899055,0,0,0,0,0,0,0,0,0,0,0,0,2.02742061018944,51.0366879105568,0,119.631878659129,14.4076492264867,200.228091195226,8.43348356336355,1366.49943076074,0,74.8982811495662,14.4601855278015,0,0,38.1542911529541,0,2.75629553198814,0,0,0,13.3291044682264,0,136.649212375283,0,20.7946272194386,0,3.78700433671474,0,0,827.875631757081,0,0,0,0,0,0,0,15.0433541983366,0.179786399006844,206.32706899941,0,0,0,0,6.36869889497757,794.919600985944,2.40203377604485,110.853470593691,639.11702901125,1.21331693232059,960.066845320165,0,70.4162702783942
2.59036257863045,0,0,9.72917342185974,0,3.41747111082077,0,0,0,0.208925619721413,0,0,0,0,0,0,0,0,7.25849255919456,0,0,0,0,2.27272546291351,1.12155675888062,0,0,0,0,0,0,427.054770022631,305.269123882055,1185.34248767793,521.275386482477,462.253735393286,118.777701348066,1002.96389207244,571.039101466537,3.89386346936226,770.348237514496,35.9453713148832,1585.64537981153,3.01466819643974,0,3.97795931994915,0,0,3842.76594333351,1803.63842621446,0,0,0,0,0,0.862268000841141,0,0,0,0,0,0,0,1.47532975673676,0,0.582713067531586,0.305003464221954,14.1752514988184,0,0.769758582115173,0,0,0.653886258602142,0,97.0355109870434,66.1994208246469,197.552379831672,430.423388570547,344.46175237,494.867533802986,224.739399820566,16.3468978852034,5257.06730115414,38.9084939211607,1605.545862481,3.70367020368576,0
343.582437649369,0,24.3212695270777,1.48067750036716,26.3611380308867,0,0,0,64.7298432439566,0,0,0,0,0,4.72505766153336,0,27.0735882669687,2.01117596030235,89.3176272287965,0,0.590509817004204,0,21.987395375967,0,33.0939359366894,0,0,0,0,0,0,5.05241101980209,9.5078306645155,0,123.683373898268,3.55877557396889,69.3641705587506,3.16121438145638,589.975405916572,0,5109.27688719332,3.88341629505157,2028.09431196004,0,0,0,38.1542911529541,3842.76594333351,0,1516.70626285672,19.1309657692909,0,0,0,32.8144939690828,2.25223255157471,138.192417293787,0,344.841471977532,0,392.197010599077,0,0,9.46533058583736,0,150.545400634408,0,479.618123427033,0,8.60234358906746,0,73.300063945353,0,126.630152009428,0,107.123986959457,0,83.0940652489662,0.491011425852776,385.807371675968,0.828303873538971,2766.4998152703,1492.18544768542,0,1869.46179544926,0,5.60192270576954
0,359.258074343204,0,160.081687532365,0,10.1523560583591,0,0,0,28.9866578280926,0,0,0,0,0,0,0.803578615188599,6.62667855620384,83.7866975367069,0,0,19.8382190465927,0,8.29977449774742,0,0,0,0,0,0,0,12.9088923335075,0,15.7335113286972,0,71.5542131215334,1.30028231441975,184.44482037425,0,439.124629937112,615.728876903653,661.688312649727,256.11757530272,5.87520413100719,0.454142153263092,18.997079052031,0,1803.63842621446,1516.70626285672,0,0,0.303615152835846,0,0,0,97.3725419938564,0,0.333711206912994,0,0,0,76.9572038650513,0.186451107263565,0,20.8679724037647,0,0,0,195.096106931567,0,9.12428957223892,0,10.3406591713428,0,0,0,9.52352993190289,0,216.691089995205,1.03103375434875,27.8428220301867,0,476.596712514758,23.3234484642744,1739.15343916416,61.055997222662,0
0.582719802856445,0,61.1461251825094,0,256.423282071948,0,12.4673550128937,0,11.17897772789,0,0,0,0,0,0,0,0,0,0.902909219264984,0,1.14051645994186,0,0,0,0,0,0,0,0,0,0,0,0,0,0,0,5.45718900859356,0,0,0,0.322284698486328,0,6.09592816233635,0,0,0,2.75629553198814,0,19.1309657692909,0,0,0,27.0459613800049,0,0,0,103.964201271534,0,41.6531572937965,0,0.358078002929688,0,0,0.428087562322617,0,0,0,0,0,0,0,0,0,0.365073263645172,0,0,0,0,0,7.37664976716042,0,0,172.602088272572,11.2730149924755,61.0086227804422,0,2.61930012702942
0,0,0,53.3497997522354,0,486.907106429338,0,30.0725736618042,0,0,0,0.461171329021454,0,16.7106027603149,0,59.2158578038216,0,0,0,9.68841332197189,0,0,0,0,0,0,0,0,0,0,0,0,0,0,0,0.352492332458496,0,0,0,0,0,0.1676135212183,0,0,0,0,0,0,0,0.303615152835846,0,0,0,53.5630819797516,0,0.496166259050369,0,34.5111809074879,0,11.2083196640015,0,142.917833447456,1.41152814030647,0,0,0,0,0,0,0,0,0,0,0,0,0,0,0,0,0,0,0,0.343886345624924,0,8.08462108671665,0,0
0,0,0,0,0,0,53.8988780975342,0,0,0,43.423824518919,0,10.5919210910797,0,0,0,0,0,0,0,0,0,0,0,0,0,0,0,0,0,0,0,0,0,0,0,1.89547568559647,0,0,0,0,0,0,0,0,0,0,0,0,0,27.0459613800049,0,0,0,0,0,0,0,27.1043774187565,0,0,0,0,0,0,0,0,0,0,0,0,0,0,0,0,0,0,0,0,1.12685193121433,0,0,27.9893955886364,0,0,0,0
0,0,0,0,0,24.9508553147316,0,645.902328848839,0,0,0,0,0,10.9461016654968,0,0,0,0,0,0,0,0,0,0,0,0,0,0,0,0,0,0,0,0,0,0,0,0,0,0,0,0,0,0,0,0,0,0,0,0,0,53.5630819797516,0,0,0,0,0,2.06231105327606,0,71.482221364975,0,205.324922919273,0,0,0,0,0,0,0,0,0,0,0,0,0,0,0,0,0,0,0,0,0,0,0,0,0
341.027360588312,0,122.660366401076,0,4.08520305156708,0,0,0,357.567202195525,0,0,0,0,0,0,0,0.233783289790154,0,4.95101600885391,0,0,0,0,0,83.3961142301559,0,0,0,0,0,0,0,0,0,0,0,0,0,0,0,4.52654388546944,3.53539633750916,26.531283184886,0,0,0,13.3291044682264,0,32.8144939690828,0,0,0,0,0,0,0,7.11345820128918,0,3.21517053246498,0,2.8577646613121,0,0,0,0,0,0,308.512809276581,0,0.787829220294952,0,2.63355651497841,0,17.6088310480118,0,0,0,0,0,3.00485768914223,0,66.5752977132797,113.702417954803,61.3065266013145,151.948125272989,0,1.10741782188416
0,274.29425355792,0,401.603310823441,0,3.34130191802979,0,0,0,535.918851181865,0,0,0,0,0,145.237287864089,0,0,1.51777628064156,0,0,0,0,8.19531309604645,0,0,0,0,0,0,0,0,0,0,0,2.19297051429749,2.64393943548203,105.641357913613,0,9.29767712950706,0,74.590991422534,7.04776282608509,5.3056532740593,0,2.6181265860796,0,0.862268000841141,2.25223255157471,97.3725419938564,0,0.496166259050369,0,0,0,0,0,0,0,0,0,54.4591820240021,0,0,0,0,352.318535491824,0,0,0,0,0,3.45127956569195,0,0,0,0,0,12.1712259054184,0.668274357914925,152.699417218566,0,162.316028565168,4.36140156537294,170.191530391574,0.216853246092796,0
10.921276435256,0,7.07860596477985,0,144.447742789984,0,8.28207361698151,0,29.728080779314,0,1982.10148331523,0,21.0202738493681,0,13.5852423608303,0,23.3051792681217,0.548723131418228,45.7423291504383,0,190.721207380295,0,0.240414589643478,0,0,0,0,0,0,0,56.7642020881176,0,0,0,0,0,113.910321459174,0,14.2380930185318,0,11.3277583494782,0,194.084096044302,0,0,0,136.649212375283,0,138.192417293787,0,103.964201271534,0,0,0,7.11345820128918,0,0,0,850.966845035553,0,151.027630195022,0,0,466.221819467843,0,0,0,0,0,2.19161289930344,0,413.465459018946,0,631.035247847438,0,0,0,0,0,109.934293687344,0,0,351.134738013148,2.93024978041649,674.390235953033,0,5.94458290934563
0,0,0,5.97139796614647,0,0,0,0,0,0,0,1757.68484733999,0,7.14154720306396,0,0,0,0,0,129.708352029324,0,0,0,0,0,0,0,0,0,16.1259965002537,0,0,0,0,0,0,0,69.3907978832722,0,0.230053603649139,0,0,0,0,0,1.26886546611786,0,0,0,0.333711206912994,0,34.5111809074879,0,2.06231105327606,0,0,0,0,0,81.8816196620464,0,4.53443497419357,332.349699288607,0,0,0,0,0,0,0,84.3575049936771,0,373.153835684061,0,0,0,0,0,0.384746104478836,1.18759432435036,0.685913681983948,0,61.8684487342834,0.115492969751358,440.097658246756,0,0
46.6568281501532,0,15.8043382465839,0,32.5407098531723,0,212.485115170479,0,8.03181983530521,0,180.007686376572,0,433.17173063755,0,42.2022951841354,0,0.831055536866188,0,10.9780379384756,0,4.62164303660393,0,0,0,0,0,0,0,2,0,0,0,0,0,0,0,4.16632840037346,0,0,0,12.3337993621826,0.237711161375046,101.373903915286,0,0,0,20.7946272194386,0,344.841471977532,0,41.6531572937965,0,27.1043774187565,0,3.21517053246498,0,850.966845035553,0,0,0,119.660784929991,0,0,16.3123291879892,0,0,0,0,0,48.8852823078632,0,453.800596565008,0,23.2987882643938,0,0,0,0,0,23.6757636368275,0,0,47.3880183175206,4.68528044223785,522.537585429847,0,2.06165638566017
0,3.6299142986536,0,227.808567464352,0,0.393569141626358,0,338.482850074768,0,0,0,861.277939200401,0,1018.88017511368,0,0,0,0,0,0,0,0,0,0,0,0,0,81.0022971630096,0,15.2961299419403,0,0,0,0,0,0,0,0,0,0,0,0,0,0,0,0,0,0,0,0,0,11.2083196640015,0,71.482221364975,0,0,0,81.8816196620464,0,0,0,74.6971567869186,0,0,0,0,0,0,0,0,0,0,0,0,0,0,0,0,0,0,0,0,95.6393845975399,4.17291831970215,125.923077702522,0,0
205.653523921967,0,28.5121773928404,0,42.1459324061871,0,0,0,234.102395236492,0,0,0,4.69429978728294,0,245.303272649646,0,0.966378174722195,0,2.13475081324577,0,0,0,0,0,0,0,0,0,0,0,0,0,0,0,0,0,0.247144043445587,0,0,0,1.31059202551842,0,10.7217898219824,0,0,0,3.78700433671474,0,392.197010599077,0,0.358078002929688,0,0,0,2.8577646613121,0,151.027630195022,0,119.660784929991,0,0,0,0,3.09860727190971,0,0,0,0,0,114.368507921696,0,9.58069920539856,0,6.4787589609623,0,0,0,0,0,7.84460850059986,0,0,15.1128982454538,2.4358913898468,84.8942516744137,0,0.668990880250931
0,85.1610697358847,0,162.765162408352,0,121.237044125795,0,75.8622497320175,0,278.771853715181,0,0,0,178.367320299149,0,44.9555700570345,0,0,0,0,0,0,0,1.26545223593712,0,0,0,0,0,0,0,0,0,0,0,0,0,0.594054520130157,0,0,0,0.248158097267151,0,0,0,0,0,0,0,76.9572038650513,0,142.917833447456,0,205.324922919273,0,54.4591820240021,0,4.53443497419357,0,74.6971567869186,0,0,0,0,0,0,15.5388886332512,0,0.296276569366455,0,0,0,0,0,0,0,0,0,0,0,0.483853369951248,0,16.1306927204132,0.290475994348526,79.8401984423399,0,0
0,0,0,18.6241099834442,0,2.69504274427891,0,0,0,0,0,129.653215244412,0,0,0,0,0,0,0,1743.89846763015,0,0,0,0,0,0,0,0,0,0,0,0,0,0,0,838.116463929415,0,16.7375965416431,0,90.2976858764887,0,41.4816761165857,0,0,0,1055.48024077713,0,0,0,0.186451107263565,0,1.41152814030647,0,0,0,0,0,332.349699288607,0,0,0,0,0,0,0,0,0,0,0,0,0,0,2.05036075413227,0,0,0,0,0,611.375939279795,0,23.1866047233343,0,44.2150717079639,0,1205.2129894048,0,0
0.3804821819067,0,0,0,0,0,0,0,1.12523092329502,0,125.872676506639,0,0,0,0,0,52.7301331758499,7.61081305146217,403.085556007922,0,1896.51486940682,0,0,0,0,0,0,0,0,0,0,0,0,0,0,0.537677526473999,446.359273448586,0,940.319244369864,6.4392673522234,77.0053113028407,5.83430281281471,183.442085504532,0,11.514724932611,0.963629335165024,827.875631757081,1.47532975673676,9.46533058583736,0,0.428087562322617,0,0,0,0,0,466.221819467843,0,16.3123291879892,0,3.09860727190971,0,0,0,0,0,0,0,0,0,0,8.90545679628849,0,232.714661419392,0,0,0,0,4.08336175978184,889.555251307786,0,227.831706948578,432.67917984724,2.37769937515259,386.804859213531,0,35.1335923373699
0,0,0,0,0,0,0,0,0,0,0,0,0,0,0,0,0.949870109558105,378.277863532305,0.601192861795425,0,0,7858.78108088672,0,380.995457366109,0,186.730265855789,0,129.820978820324,0,0,0,0,0,0,0,0,0,149.784018546343,0,0,0,0,0,0,0,0,0,0,0,20.8679724037647,0,0,0,0,0,0,0,0,0,0,0,0,0,0,0,0,172.903604626656,0,229.974876835942,0,106.274698272347,0,0,0,0,0,0,0,0,0,679.248769894242,0,611.920623824,1.96860545873642,0,0,0
0,0,0,0,0,0,0,0,0,0,0,0,1.83137378096581,0,0,0,703.579177647829,3.01176655292511,0.195325896143913,0,0,0,6008.38008265197,0,161.388503313065,0,65.3849871754646,0,16.9950537979603,0,0,0,0,0,0,0,0,0,713.652328170836,0,0,0,1.60123771429062,0,0,0,0,0.582713067531586,150.545400634408,0,0,0,0,0,0,0,0,0,0,0,0,0,0,0,0,0,0,87.6027430146933,0,371.363180577755,0,1053.01880516112,0,0,0,0,0,0,0,0,0,922.55568665266,472.014449685812,6.37723422050476,4.8774971216917,0,0
0,0,0,0,0,0,0,0,0,37.6777620613575,0,0,0,0,0,5.2134765535593,0,0,0,0,0,124.432786226273,0,541.139592900872,0,542.304134339094,0,0,0,0,0,0,0,0,0,0,0,122.743246331811,0,0,0,0,0,0,0,0,0,0.305003464221954,0,0,0,0,0,0,0,352.318535491824,0,0,0,0,0,15.5388886332512,0,0,172.903604626656,0,0,0,334.858249723911,0,9.20687374472618,0,0,0,0,0,0,0,0,0,277.391465857625,0,24.0853184461594,0,4.23053878545761,0,0
3.49467015266418,0,0,0,0,0,0,0,222.392029166222,0,0,0,0.79142364859581,0,0.898768424987793,0,0,0,0,0,0,0,8.07696025073528,0,493.317901358008,0,15.8647446632385,0,0,0,0,0,0,0,0,0,0,0,516.053049772978,0,0,0.258574455976486,37.9011035114527,0,0,0,0,14.1752514988184,479.618123427033,0,0,0,0,0,308.512809276581,0,0,0,0,0,0,0,0,0,0,87.6027430146933,0,0,0,115.319708690047,0,8.61072859168053,0,0,0,0,0,0,0,0,1.14764839410782,477.888035222888,22.5623623728752,0,221.834870070219,0,0
0,0,0,0,0,0,0,0,0,298.554663777351,0,0,0,0,0,21.9542401432991,0,0,0,0,0,544.366843685508,0,88.7381158173084,0,50.0393070578575,0,0,0,0,0,0,0,0,0,0,0,0,0,0,0,0,0,0,0,0,0,0,0,195.096106931567,0,0,0,0,0,0,0,0,0,0,0,0.296276569366455,0,0,229.974876835942,0,334.858249723911,0,0,0,175.016470432281,0,0,0,0,0,0,0,0,0,0,0,56.1145973205566,0,0,0,0
0,0,0,0,0,0,0,0,141.582869231701,0,0,0,95.1386430561543,0,41.791374027729,0,13.5672383308411,0,0,0,0,0,366.460422709584,0,897.680600047112,0,485.475772589445,0,0,0,0,0,0,0,0,0,0,0,2.84754109382629,0,0,0,0.619903385639191,0,0,0,0,0.769758582115173,8.60234358906746,0,0,0,0,0,0.787829220294952,0,2.19161289930344,0,48.8852823078632,0,114.368507921696,0,0,0,0,371.363180577755,0,115.319708690047,0,0,0,505.615649312735,0,0,0,0,0,0,0,0,0,2.63654333353043,163.542446285486,0,32.5183639079332,0,0
0,0,0,0,0,0,0,0,0,0,0,3.51461200416088,0,44.7541561126709,0,0,0,0,0,0,0,44.3392563313246,0,6.4731479883194,0,10.3018108606339,0,956.210174828768,0,305.830862939358,0,0,0,0,0,0,0,0,0,0,0,0,0,0,0,0,0,0,0,9.12428957223892,0,0,0,0,0,0,0,84.3575049936771,0,0,0,0,0,0,106.274698272347,0,9.20687374472618,0,175.016470432281,0,0,0,437.098873332143,0,0,0,0,0,0,0,279.317476451397,0,2.10126495361328,0,193.42438390851,0,0
7.83029662072659,0,0.170955941081047,0,2.35659170150757,0,0,0,16.9174932688475,0,0,0,103.656441777945,0,3.5134924352169,0,1.01971110701561,0,11.3535914123058,0,4.04359802603722,0,84.3936826735735,0,0.901679277420044,0,3.44369632005692,0,629.889642104506,0,8.94026780128479,0,0,0,0,0,0.299025446176529,0,7.03934679925442,0.627217471599579,0.780750900506973,0,214.722252115607,0,0,0,15.0433541983366,0,73.300063945353,0,0,0,0,0,2.63355651497841,0,413.465459018946,0,453.800596565008,0,9.58069920539856,0,0,8.90545679628849,0,1053.01880516112,0,8.61072859168053,0,505.615649312735,0,0,0,255.558980762959,0,0,0,0,0,9.2990875095129,0,275.971007958055,286.040358126163,0,361.345079511404,0,7.6259291768074
0,21.3751878887415,0,24.5040405541658,0,0.754001393914223,0,0,0,0.365577086806297,0,273.009427033365,0,0,0,0,1.22221994400024,0,26.6157656311989,7.39187717437744,0,0,0,0,0,0,0,54.5435096621513,0,631.075151503086,0,0,0,0,0,0.183888673782349,0,88.2395982146263,0,9.10766594111919,0,90.7668963298202,1.96850591897964,0.568129777908325,0,8.78611268103123,0.179786399006844,0.653886258602142,0,10.3406591713428,0,0,0,0,0,3.45127956569195,0,373.153835684061,0,0,0,0,2.05036075413227,0,0,0,0,0,0,0,437.098873332143,0,0,0,0,0,0,0,3.5982274338603,0.744273602962494,154.208495363593,0,36.2826002091169,0.126687824726105,635.265682056546,5.43058726191521,0
