0,0,87.137371391058,0,0,0,0,0,131.92459218204,0,0,0,0,0,0,0,14.017052680254,0.83927646279335,74.3560150563717,0,0,0,0,0,0.372250258922577,0,0,0,0,0,0,0,0,0,0,0,0,0,0,0,39.2850612998009,0,88.7396664768457,0,0,0,18.5250634253025,0,248.897053062916,0,0,0,0,0,38.5495355129242,0,1.15964794158936,0,0,0,131.670335605741,0,0,6.207798153162,0,0,0,4.6005180478096,0,0.376616954803467,0,0,0,0,0,0,0,0,0,92.5026200115681,0,1.03061699867249,193.337913066149,0,282.015974402428,0,0
0,0,0,38.5252490341663,0,0,0,0,0,191.65157777071,0,0,0,0,0,0.544847279787064,0,1.41819679737091,11.946758389473,0,0,0,0,0,0,0,0,0,0,0,0,0,0,0,0,0,0,0.158204138278961,0,9.83108426630497,0,297.265822380781,0,0,0,0.220816493034363,0,0,0,144.919292360544,0,0,0,0,0,213.814903378487,0,53.6920781433582,0,60.1024110466242,0,127.374109759927,0.254004955291748,0,0,0,0,0,0,0,0,0,1.09659300744534,0,0,0,0,0,48.7105151414871,0,2.05807882547379,0,49.0900115221739,0,334.493453249335,1.41439329087734,0
87.137371391058,0,0,49.3825538083911,103.706045240164,0.205898344516754,0,0,41.9914628565311,0,0,0,0,0,0,0,0,0,4.26014093309641,0,0,0,0,0,0,0,0,0,0,0,0,0,0,0,0,0,1.62058228254318,0,0,9.12111365050077,54.3582625538111,14.107223212719,364.770950846374,0,0,4.85552313923836,40.5465466454625,0,115.652128517628,6.59914195537567,305.435155406594,0.961721539497375,0,0,0,0,3.06072793900967,9.16152982413769,4.67667028307915,0,3.13111239671707,0,7.85997778177261,17.5594789013267,0,0,0,0,0,0,0.182153582572937,0,11.5732346251607,0.319874614477158,0,0,0,0,15.5120199024677,54.8015621751547,1.17201408743858,3.58148077130318,25.3724888786674,1.04121033102274,1194.15974163264,0,6.58360198140144
0,38.5252490341663,49.3825538083911,0,2.33831319212914,58.6064594089985,0,0,0,5.05416914820671,0,0,0,3.67887157201767,0,0,0,1.90570399165154,7.37528105080128,0,0,0,0,0,0,0,0,0,0,0,0,0,0,0,0,3.87507703900337,0,0.422795251011848,0,71.1156788915396,2.42608621716499,438.153071880341,5.38911299407482,0,0,16.5917681902647,6.13146579265594,0,0,92.1187732368708,0,286.243072211742,0,0,0,4.36505955457687,14.9812826663256,154.95688714087,0,113.547138661146,0,160.3363147825,8.49049520492554,4.24247862398624,0,0,0,0,0,0,0,0,152.778431281447,0,0,0,0,0,267.847779244184,9.53976581990719,32.5211953818798,0,63.1730773746967,3.28722707927227,1415.70957083255,15.4218230247498,0
0,0,103.706045240164,2.33831319212914,0,0,0,0,0,0,0,0,0,0,0,0,0,0,0,0,4.92945289611816,0,0,0,0,0,0,0,0,0,0,0,0,0,0,0,0,0,0,1.1278323829174,1.51394510269165,0,8.05549730360508,0,0,0,4.87635171413422,0,0,0,57.8939424157143,0,0,0,0,0,0.477867275476456,0,0,0,0,0,0,1.03642275929451,0,0,0,0,0,0,0,0,0,0,0,0,0,0,1.5941675901413,20.1158209145069,0,0,1.3107670545578,0,199.485731720924,0,0
0,0,0.205898344516754,58.6064594089985,0,0,0,0,0,9.2763078212738,0,0,0,0,0,0,0,0,0,135.334533989429,0,0,0,0,0,0,0,0,0,0,0,0,0,0,0,1.96830344200134,0,0,0,0,0,4.63148367404938,0.987057864665985,0,0,0,0.508445918560028,0,0,0,0,33.3543551266193,0,0,0,60.9993970394135,0.336797922849655,9.49352246522903,0,0,0,0,2.47609663009644,0,0,0,0,0,0,0,0,0,0.322409778833389,0,0,0,0,0,4.10848087072372,0,0,0,43.5663741230965,25.8402207493782,380.28047709167,0,0
0,0,0,0,0,0,0,0,0,0,0,0,62.0628788471222,0,0,0,0,0,0,0,124.590426921844,0,0,0,0,0,0,0,0,0,0,0,0,0,0,0,0,0,0,0,0,0,0,0,0,0,0,0,0,0,0,0,0,0,0,0,0,0,55.8563702106476,0,0,0,0,0,0,0,0,0,0,0,0,0,0,0,0,0,0,0,0,0,0,0,0,0,0,0,0
0,0,0,0,0,0,0,0,0,0,0,0,0,0,0,0,0,0,0,18.9180407524109,0,0,0,0,0,0,0,0,0,0,0,0,0,0,0,0,0,0,0,0,0,0,0,0,0,0,0,0,0,0,0,0,0,0,0,0,0,26.6541093587875,0,0,0,0,0,0,0,0,0,0,0,0,0,0,0,0,0,0,0,0,0,0,0,0,0,0,0,0,0
131.92459218204,0,41.9914628565311,0,0,0,0,0,0,0,0,0,0,0,24.660084605217,0,49.4494550526142,0,61.2766599059105,0,0,0,0,0,8.32947388291359,0,0,0,0,0,0,0,0,0,0,0,0,0,40.996710985899,0,2.10163474082947,0,87.6624781042337,0,0,0,0.618749380111694,0,50.927452981472,0,2.2550950050354,0,0,0,356.598062798381,0,1.49656599760056,0,0,0,8.08900031447411,0,0,0,0,0,0,12.7022922933102,0,6.03844636678696,0,0,0,0,0,0,0,0.542559593915939,0,11.8576736152172,0,94.4452579319477,973.384935036302,0,192.923842221498,0,42.7256158292294
0,191.65157777071,0,5.05416914820671,0,9.2763078212738,0,0,0,0,0,0,0,0,0,105.976693511009,0,39.6918889284134,5.40114200115204,0,0,0.206232592463493,0,134.943237498403,0,0,0,0,0,0,0,0,0,0,0,0,0,40.6138380169868,0,1.90530049800873,0,45.4856757372618,0.299153238534927,0,0,0,0,0.574629008769989,0,1.96702167391777,0,1.25576722621918,0,0,0,519.708754882216,0,0.787318468093872,0,0,0,37.0312314927578,0,0.190294086933136,0,0,3.99793231487274,0,0,0,0,0,0,0,0,0,0,0,6.11570626497269,0,96.0141164064407,0,758.533759862185,0,144.428453058004,0,0
0,0,0,0,0,0,0,0,0,0,0,0,145.619735360146,0,0,0,0,0,0,0,1017.19090610743,0,0,0,0,0,0,0,0,0,52.767849445343,0,0,0,0,0,1327.05012685061,0,1140.95718386769,0,0,0,0.162255689501762,0,0,0,1.35114645957947,0,0,0,0,0,0,0,0,0,490.353150546551,0,453.929565370083,0,0,0,0,23.9495577514172,0,0,0,0,0,0,0,0,0,111.357571125031,0,0,0,0,0,33.9717251360416,0,191.280989736319,257.820601701736,0,7.7952446937561,0,0
0,0,0,0,0,0,0,0,0,0,0,0,0,599.969460964203,0,0,0,0,0,624.139873743057,0,0,0,0,0,0,0,244.948180258274,0,7.86737966537476,0,0,0,0,0,792.840170741081,0,1318.59403079748,0,0,0,0,0,0,0,0,0,0,0,0,0,0,0,0,0,0,0,1173.82443928719,0,1093.05048906803,0,0,322.60690009594,0,0,0,0,0,0,0,25.3752862215042,0,5,0,0,0,0,0,59.5606868863106,0,356.992821335793,0,359.377780556679,0,0,0,0
0,0,0,0,0,0,62.0628788471222,0,0,0,145.619735360146,0,0,0,84.4250361919403,0,0,0,0,0,0,0,0,0,0,0,0,0,0,0,36.6905016899109,0,0,0,0,0,0,0,0,0,0,0,0,0,0,0,0,0,0,0,0,0,0,0,0,0,0,0,38.6764624118805,0,44.0745124816895,0,0,0,0,0,0,0,0,0,0,0,0,7.10426950454712,0,0,0,0,0,0,0,0,0,32.0422978401184,0,0,0
0,0,0,3.67887157201767,0,0,0,0,0,0,0,599.969460964203,0,0,0,94.8611600399017,0,0,0,0,0,0,0,0,0,0,0,0,0,0,0,0,0,0,0,0,0,0,0,0,0,0,0,0,0,0,0,0,0,0,0,1.93860600888729,0,0,0,0,0,90.5882465839386,0,80.0032887458801,0,175.845529556274,0,0,0,0,0,0,0,0,0,0,0,0,0,0,0,0,0,0,0,0,5,1,4.55217552185059,0,0
0,0,0,0,0,0,0,0,24.660084605217,0,0,0,84.4250361919403,0,0,0,0,0,0,0,0,0,0,0,0,0,0,0,0,0,0,0,0,0,0,0,0,0,0,0,0,0,0,0,0,0,0,0,0,0,0,0,0,0,37.2791685461998,0,0,0,11.5739641189575,0,27.3957344293594,0,0,0,0,0,0,0,0,0,0,0,0,0,0,0,0,0,0,0,0,0,0,0,0,0,0
0,0.544847279787064,0,0,0,0,0,0,0,105.976693511009,0,0,0,94.8611600399017,0,0,0,0,0,0,0,0,0,0,0,1,0,0,0,0,0,0,0,0,0,0,0,0,0,0,0,0,0,0,0,0,0,0,0,0,0,0,0,0,0,15.7583632916212,0,0,0,0,0,2.85778637230396,0,0,0,0,1.32408487796783,0,0,0,0,0,0,0,0,0,0,0,0,0,0,0,101.394640445709,27.6732895374298,1.17740106582642,0,0
14.017052680254,0,0,0,0,0,0,0,49.4494550526142,0,0,0,0,0,0,0,0,23383.4590063989,5668.08349553496,0,0,10.125747770071,283.053526446223,3.71052414178848,130.864789575338,46.7376210689545,1457.26791647077,0,0,0,0,0,0,0,0,0,0,0,0,59.8986853510141,187.532899491489,49.4098008573055,134.749158158898,0,0,11.4177015274763,39.4000860825181,0,0,0,0,0,0,0,0,0,0,0,0,0,0,0,8.74695195257664,57.0942366272211,0,0,0,0,4.10096395015717,0,0,0,0,0,0,0,0,0,64.4552989453077,185.564945146441,2.11174741387367,1.81429928541183,6830.22193453461,714.515716046095,153.500390574336,1.34850451350212,16.2653905004263
0.83927646279335,1.41819679737091,0,1.90570399165154,0,0,0,0,0,39.6918889284134,0,0,0,0,0,0,23383.4590063989,0,5710.00944329053,0,0,96.2005777359009,14.814959436655,49.8052182495594,20.041272982955,509.817418307066,38.3888693451881,0,0,0,0,0,0,0,0,0,0,0,0,234.318392619491,61.2105515897274,148.712813407183,38.7396136373281,1.80954641103745,0,56.5411479026079,11.7529189884663,0,0,0,0,0,0,0,0,0.480239540338516,0,0,0,0,0,0,36.1763759851456,10.6123347133398,0,0,32.724737226963,0,88.0442042946815,0,0,0,0.46041002869606,0,0,0,0,0,191.199851877987,57.8798889145255,3.78262747824192,0,6046.95408215374,1022.38857910037,146.455903060734,13.1662657111883,5.35832658410072
74.3560150563717,11.946758389473,4.26014093309641,7.37528105080128,0,0,0,0,61.2766599059105,5.40114200115204,0,0,0,0,0,0,5668.08349553496,5710.00944329053,0,0,0,8.2903505563736,1.84765186905861,0,5.67260819673538,21.3252048194408,5.86446167528629,0,0,0,0,0,0,0,0,0,0,0,0,1998.50741376728,1353.42434493452,1227.79803530872,1079.46603097022,22.9264589101076,1.24684359133244,443.286325119436,395.039816237986,0,2.23205636441708,1.33230698108673,0,0,0,0,0,0,1.4893022403121,47.6726974248886,0,0,0,0,241.282226994634,424.290804244578,0,0,1.60240525007248,0,5.61856240034103,0,0,0,25.2585457712412,0,0,0,0,0,2477.26537542045,1868.91043301672,98.058020234108,31.2332400530577,3648.49385560304,2.53925330936909,3231.9681924358,156.805593714118,212.364247277379
0,0,0,0,0,135.334533989429,0,18.9180407524109,0,0,0,624.139873743057,0,0,0,0,0,0,0,0,0,0,0,0,0,0,0,0,0,0,0,0,0,0,0,1047.68734154105,0,69.2720800638199,0,0,0,0,0,0,0,0.482550323009491,0,0,0,0,0,25.7671874165535,0,0,0,0,0,65.0676827430725,0,0,0,0,119.286840185523,0,0,0,0,0,0,0,0,0,0,0,0,0,0,0,101.806933879852,0,0,0,83.4835416078568,0,152.276335895061,0,0
0,0,0,0,4.92945289611816,0,124.590426921844,0,0,0,1017.19090610743,0,0,0,0,0,0,0,0,0,0,0,0,0,0,0,0,0,0,0,0,0,0,0,0,0,789.591747701168,0,171.880828797817,0,1.22084033489227,0,0,0,0,0,4.54425489902496,0,1.30526161193848,0,24.3129512369633,0,19.5262382030487,0,0,0,234.930681616068,0.132832691073418,0,0,0,0,0,584.058533526957,0,0,0,0,0,0,0,0,0,0,0,0,0,0,0,506.387277334929,0,37.151676774025,191.964741080999,0,244.263016492128,0,0
0,0,0,0,0,0,0,0,0,0.206232592463493,0,0,0,0,0,0,10.125747770071,96.2005777359009,8.2903505563736,0,0,0,707.647176921368,42.2542515397072,0,2.81894087791443,0,5,0,0,0,0,0,0,0,0,0,1326.6993252486,0,0.677381098270416,0,0,0,0,0,0,0,27.8408037573099,0,46.7327005565166,0,0,0,0,0,0,0,0,0,0,0,0,0.188979297876358,0,1521.63026754558,53.3098223209381,13.6130899488926,0,0,0,0,0,0,0,0,0,0,0,0,2.13358759880066,491.476581066847,0,484.207768678665,35.4020943641663,2.58390125632286,0,0
0,0,0,0,0,0,0,0,0,0,0,0,0,0,0,0,283.053526446223,14.814959436655,1.84765186905861,0,0,707.647176921368,0,0,59.4946537613869,0,3.94185879826546,0,561.025933504105,0,0,0,0,0,0,0,0,12.3632144927979,907.19924454391,0,0,1.22683215141296,0,0,0,0,0,0,76.5694562792778,0,0,0,0,0,0,0,0,0,0,0,0,0,0,0,9.94095373153687,2113.91362509131,0,79.8548662662506,0,0,0,42.7978434562683,0,0,0,0,0,0,0,0,0,415.408838942647,196.282930955291,26.0903291702271,0,0,0
0,0,0,0,0,0,0,0,0,134.943237498403,0,0,0,0,0,0,3.71052414178848,49.8052182495594,0,0,0,42.2542515397072,0,0,0,2,0,0,0,0,0,0,0,0,0,0,0,407.306874647737,0,0,0,0.852481156587601,0,0,0,0,0,2.45102003216743,0,50.3617893159389,0,0,0,0,0,0.266882002353668,0,0,0,0,0,0,0,0,10.6269462704659,0,152.919661074877,0,0,0,0,0,0,0,0,0,0,0,0,0,187.873522892594,0,62.7630514204502,0,153.400147736073,0,0
0.372250258922577,0,0,0,0,0,0,0,8.32947388291359,0,0,0,0,0,0,0,130.864789575338,20.041272982955,5.67260819673538,0,0,0,59.4946537613869,0,0,0,309.406300008297,0,0,0,0,0,0,0,0,0,0,0,230.16007733345,0,0,0,0.168549418449402,0,0,0,0.245820969343185,0,24.7304400503635,0,0,0,0,0,49.1232461631298,0,0,0,0,0,1.58417475223541,0,0,0,0,33.2974922657013,0,392.106581956148,0,131.916038990021,0,0,0,0,0,0,0,0,0,0,0,3.72967694699764,26.1232964545488,0,142.981979310513,0,0
0,0,0,0,0,0,0,0,0,0,0,0,0,0,0,1,46.7376210689545,509.817418307066,21.3252048194408,0,0,2.81894087791443,0,2,0,0,0,4,0,0,0,0,0,0,0,0,0,0,0,0,0,0,0,0,0,0,0,0,0,0,0,0,0,0,0,0,0,0,0,0,0,0,0,0,0,0,197.303648471832,0,13.8974511623383,0,0,0,0,0,0,0,0,0,0,0,0,0,32.3546679317951,0,0.507296144962311,0,0
0,0,0,0,0,0,0,0,0,0,0,0,0,0,0,0,1457.26791647077,38.3888693451881,5.86446167528629,0,0,0,3.94185879826546,0,309.406300008297,0,0,0,0,0,0,0,0,0,0,0,0,0,0,0,0.235693424940109,0,0,0,0,0,0,0,0,0,0,0,0,0,0,0,0,0,0,0,0,0,0.770101189613342,0,0,0,0,11.3636403083801,0,0,0,0,0,0,0,0,0,0,0,0,0,0,46.479134529829,0,0,0,0
0,0,0,0,0,0,0,0,0,0,0,244.948180258274,0,0,0,0,0,0,0,0,0,5,0,0,0,4,0,0,0,829.902383804321,0,0,0,0,0,0,0,213.17619562149,0,0,0,0,0,0,0,0,0,0,0,0,0,0,0,0,0,0,0,0,0,163.625755786896,0,0,0,0,0,0,0,0,0,0,674.403173089027,0,0.592417776584625,0,0,0,0,0,0,0,0,0,1.11084628105164,0,0,0,0
0,0,0,0,0,0,0,0,0,0,0,0,0,0,0,0,0,0,0,0,0,0,561.025933504105,0,0,0,0,0,0,0,39.7923173904419,0,0,0,0,0,0,0,1.80929720401764,0,0,0,0,0,0,0,0,0,0,0,0,0,0,0,0,0,0,0,0,0,0,0,0,0,0,6.71011662483215,0,0,0,0,0,151.619574069977,0,0,0,0,0,0,0,0,0,0,0,0,0,0,0
0,0,0,0,0,0,0,0,0,0,0,7.86737966537476,0,0,0,0,0,0,0,0,0,0,0,0,0,0,0,829.902383804321,0,0,0,0,0,0,0,0,0,99.0754558444023,0,0,0,0,0,0,0,0,0,0,0,0,0,0,0,0,0,0,0,0,0,0,0,0,0,0,0,0,0,0,0,0,491.822366535664,0,119.308474600315,0,0,0,0,0,0,0,5.19624894857407,0,13.7385358810425,0,0,0,0
0,0,0,0,0,0,0,0,0,0,52.767849445343,0,36.6905016899109,0,0,0,0,0,0,0,0,0,0,0,0,0,0,0,39.7923173904419,0,0,0,0,0,0,0,0,0,0,0,0,0,0,0,0,0,0,0,0,0,0,0,0,0,0,0,0,0,44.0950932502747,0,0,0,0,0,0,0,0,0,0,0,0,0,0,149.59023539722,0,0,0,0,0,0,0,0,37.2656008005142,0,0,0,0
0,0,0,0,0,0,0,0,0,0,0,0,0,0,0,0,0,0,0,0,0,0,0,0,0,0,0,0,0,0,0,0,1474.71726644039,1,0,302.963901042938,55.518180847168,0,0,0,0,0,0,0,0,0,0,967.646540015936,0,1.83633327484131,0,0,0,0,0,0,0,0,0,0,0,0,0,0,0,0,0,0,0,0,0,0,0,0,86.4425039440393,724.787060081959,1.70745208859444,2.00115698575974,395.194059208035,92.9366421699524,0,0,17.4648065567017,0,0,0,0
0,0,0,0,0,0,0,0,0,0,0,0,0,0,0,0,0,0,0,0,0,0,0,0,0,0,0,0,0,0,0,1474.71726644039,0,6.67334094643593,0,35.6550499200821,10,0,0,0,0,0,0,0,0,0,0,2636.04944138229,0,0,0,0,0,0,0,0,0,0,0,0,0,0,0,0,0,0,0,0,0,0,0,0,0,0,25.6745276451111,404.250875726342,23.6360545158386,0,5.37793684005737,241.806411415339,0,0,112.671757936478,0,0,0,0
0,0,0,0,0,0,0,0,0,0,0,0,0,0,0,0,0,0,0,0,0,0,0,0,0,0,0,0,0,0,0,1,6.67334094643593,0,2875.1583070904,386.414555907249,0,204.145356297493,156.965688586235,0,0,0,0,0,0,0,0,1760.60463854671,11.8230255246162,0,0,0,0,0,0,0,0,0,0,0,0,0,0,0,0,0,0,0,0,0,0,0,0,0,0.304326057434082,1.12572610378265,403.61556494236,1615.23292304575,33.3747351169586,0,1387.55384926498,161.824529260397,74.8101204633713,0,0,0,0
0,0,0,0,0,0,0,0,0,0,0,0,0,0,0,0,0,0,0,0,0,0,0,0,0,0,0,0,0,0,0,0,0,2875.1583070904,0,1,663.46157169342,0,99.1802087724209,0,0,0,0,0,0,0,0,4319.71327807009,0,11.5760609209538,0,0,0,0,0,0,0,0,0,0,0,0,0,0,0,0,0,0,0,0,0,0,0,0,0,0,522.126305654645,1071.07034015656,0,15.9456777572632,0,1487.47580315173,54.1328517496586,0,0,0,0
0,0,0,3.87507703900337,0,1.96830344200134,0,0,0,0,0,792.840170741081,0,0,0,0,0,0,0,1047.68734154105,0,0,0,0,0,0,0,0,0,0,0,302.963901042938,35.6550499200821,386.414555907249,1,0,530.925383508205,2204.96295195818,0,7.07976317405701,0,0.15757642686367,0,0,0,19.0031891018152,0,0,0,0.190712109208107,0,0,0,0,0,0,0,464.359003841877,0,0,0,0,2022.30267551541,0,0,0,0,0,0,0,0.157273381948471,0,1.2442432641983,0,420.914438962936,0,173.575837850571,0,3786.87853711843,188.602212816477,98.1295729279518,0,243.774367213249,5.07258987426758,141.082346513867,0,0
0,0,1.62058228254318,0,0,0,0,0,0,0,1327.05012685061,0,0,0,0,0,0,0,0,0,789.591747701168,0,0,0,0,0,0,0,0,0,0,55.518180847168,10,0,663.46157169342,530.925383508205,0,0,2214.39798820019,0,0,0,1.39305426180363,0,0,0,64.8009940385818,0,0,0,0,0,0,0,0,0,375.244667798281,0,0,0,0,0,0,498.847011893988,0,0,0,0,0,0,0,0,0,0,0,17.4921317100525,0,435.441424697638,19.5171182155609,4543.9165366441,0,282.437240123749,253.721093714237,2,171.41866607964,0,0
0,0.158204138278961,0,0.422795251011848,0,0,0,0,0,40.6138380169868,0,1318.59403079748,0,0,0,0,0,0,0,69.2720800638199,0,1326.6993252486,12.3632144927979,407.306874647737,0,0,0,213.17619562149,0,99.0754558444023,0,0,0,204.145356297493,0,2204.96295195818,0,0,105.127203077078,0,0,0.654297471046448,0,0,0,0,0,318.167093962431,0,430.528149172664,0,0,0,0,0,31.4900447577238,0,794.68110960722,0,0,0,0,294.689956396818,0,336.32195135951,0,225.058627575636,0,0,0,71.611524105072,0,4.43208086490631,0,0,0,87.6907367110252,0,1652.56750331819,0,6788.24577924609,174.914033770561,227.173158615828,0.224531054496765,79.3331827670336,3.11897778511047,0
0,0,0,0,0,0,0,0,40.996710985899,0,1140.95718386769,0,0,0,0,0,0,0,0,0,171.880828797817,0,907.19924454391,0,230.16007733345,0,0,0,1.80929720401764,0,0,0,0,156.965688586235,99.1802087724209,0,2214.39798820019,105.127203077078,0,0,0,0,0,0,0,0,0.341812968254089,32.8172895014286,839.338741600513,0,0,0,0,0,128.901606932282,0,733.754573404789,0,0,0,0,0,0,102.45557308197,0,170.827215969563,0,805.615406349301,0,0,0,1.80226981639862,0,0,0,0,0,117.975706413388,0,1032.65828034282,0,6869.53191933036,241.609237119555,0,233.13128477335,0,0
0,9.83108426630497,9.12111365050077,71.1156788915396,1.1278323829174,0,0,0,0,1.90530049800873,0,0,0,0,0,0,59.8986853510141,234.318392619491,1998.50741376728,0,0,0.677381098270416,0,0,0,0,0,0,0,0,0,0,0,0,0,7.07976317405701,0,0,0,0,20.6306022182107,3804.76627766341,5.70392812788486,22.2780217528343,0,193.430840618908,8.23626741021872,3.8493774086237,0,324.038981229067,0,2.39835351705551,0,0,0,0,6.84724686294794,2.04629205167294,0,0,0,0,179.911027550697,5.58194959908724,0,0,0,0,0,0,0,0,9.26887899637222,0,0,0,0,0,840.334692642093,21.3623815625906,12.6829527616501,0,374.106915339828,7.29234005510807,1241.65262044221,171.488581031561,0
39.2850612998009,0,54.3582625538111,2.42608621716499,1.51394510269165,0,0,0,2.10163474082947,0,0,0,0,0,0,0,187.532899491489,61.2105515897274,1353.42434493452,0,1.22084033489227,0,0,0,0,0,0.235693424940109,0,0,0,0,0,0,0,0,0,0,0,0,20.6306022182107,0,6.86801774799824,3007.04907415062,0,11.2603694200516,4.93918594717979,132.261368311942,0,125.501399487257,0,0,0,0,0,0,0,6.04163648188114,1.43613412976265,0,0,0,0,1.33395516872406,328.30134832859,0,0,0,0,0,0,0,0,2.97012085467577,0.410593152046204,0,0,0,0,14.8913031071424,960.196178495884,0.95003978908062,77.5272676497698,353.228880621493,9.47580906748772,1079.49894681573,2.50188568234444,155.114525690675
0,297.265822380781,14.107223212719,438.153071880341,0,4.63148367404938,0,0,0,45.4856757372618,0,0,0,0,0,0,49.4098008573055,148.712813407183,1227.79803530872,0,0,0,1.22683215141296,0.852481156587601,0,0,0,0,0,0,0,0,0,0,0,0.15757642686367,0,0.654297471046448,0,3804.76627766341,6.86801774799824,0,434.126234479249,14.576167345047,0,201.036035053432,2.03241346776485,1.23995101451874,1.16554987430573,681.932062208652,0,5.92679210007191,0,0,0,3.75420670211315,4.27799358218908,250.508893638849,0,0.720141053199768,0,0.400180667638779,551.169751398265,7.83821175992489,0,0,0,0,0,0,0,0,227.808371454477,0,0,0,0,0,1307.56158730388,11.8298124372959,39.5347874611616,0,1832.30732097477,62.7716810852289,4647.15877010673,660.159463301301,0.52638678252697
88.7396664768457,0,364.770950846374,5.38911299407482,8.05549730360508,0.987057864665985,0,0,87.6624781042337,0.299153238534927,0.162255689501762,0,0,0,0,0,134.749158158898,38.7396136373281,1079.46603097022,0,0,0,0,0,0.168549418449402,0,0,0,0,0,0,0,0,0,0,0,1.39305426180363,0,0,5.70392812788486,3007.04907415062,434.126234479249,0,0,33.8192810863256,0.354275763034821,330.809552803636,6.76071882247925,181.592737078667,1.16517007350922,0.171288996934891,0.215221509337425,0,0,0.306197881698608,0,148.289258703589,3.51698184758425,0,0,0,0,0.532691448926926,442.247829563916,0,0,0,0,0,0,0,0,3.1341173350811,13.0051245242357,0,0,0,0,10.3069506138563,1605.85908824205,1.35996520519257,32.8406871110201,2121.38100839406,105.528377532959,4595.13703365624,0,1306.86210228503
0,0,0,0,0,0,0,0,0,0,0,0,0,0,0,0,0,1.80954641103745,22.9264589101076,0,0,0,0,0,0,0,0,0,0,0,0,0,0,0,0,0,0,0,0,22.2780217528343,0,14.576167345047,0,0,0,2.51218374073505,0,0,0,0,0,0,0,0,0,0,0,0,0,0,0,0,4.78650921583176,0,0,0,0,0,0,0,0,0,0,0,0,0,0,0,13.2197282463312,0,0,0,17.937193736434,0,24.2169164568186,3.98553919792175,0
0,0,0,0,0,0,0,0,0,0,0,0,0,0,0,0,0,0,1.24684359133244,0,0,0,0,0,0,0,0,0,0,0,0,0,0,0,0,0,0,0,0,0,11.2603694200516,0,33.8192810863256,0,0,0,0.563609912991524,0,0,0,0,0,0,0,0,0,0,0,0,0,0,0,0,3.76185391843319,0,0,0,0,0,0,0,0,0,0,0,0,0,0,0,5.28746935725212,0,0,110.29894130677,0.68074893951416,53.270438477397,0,0
0,0.220816493034363,4.85552313923836,16.5917681902647,0,0,0,0,0,0,0,0,0,0,0,0,11.4177015274763,56.5411479026079,443.286325119436,0.482550323009491,0,0,0,0,0,0,0,0,0,0,0,0,0,0,0,19.0031891018152,0,0,0,193.430840618908,4.93918594717979,201.036035053432,0.354275763034821,2.51218374073505,0,0,0.256273031234741,0,0,4.84088890254498,0,0.230219289660454,0,0,0,0,3.66618685424328,58.9917475953698,0,0,0,0,1129.29329449683,0.518701747059822,0,0,0,0,0,0,0,0,146.977583967149,0,0,0,0,0,1102.47625695914,2.34832684695721,290.53187033534,0,223.047710984945,17.7549610435963,1194.23423620313,6.09724663197994,0
18.5250634253025,0,40.5465466454625,6.13146579265594,4.87635171413422,0.508445918560028,0,0,0.618749380111694,0,1.35114645957947,0,0,0,0,0,39.4000860825181,11.7529189884663,395.039816237986,0,4.54425489902496,0,0,0,0.245820969343185,0,0,0,0,0,0,0,0,0,0,0,64.8009940385818,0,0.341812968254089,8.23626741021872,132.261368311942,2.03241346776485,330.809552803636,0,0.563609912991524,0.256273031234741,0,0,6.35697968304157,1.13187339901924,0,0.52649399638176,0,0,0,0,12.952756434679,4.00917665660381,0,0,0,0,0.7354456782341,1686.44277521968,0,0,0,0,0,0,0,0,1.88393846154213,0,0,0,0,0,6.77722111344337,1352.26105456799,0.482818692922592,75.7318769395351,135.722499415278,7.98320442438126,800.1461244151,0,5.17869438230991
0,0,0,0,0,0,0,0,0,0.574629008769989,0,0,0,0,0,0,0,0,0,0,0,27.8408037573099,0,2.45102003216743,0,0,0,0,0,0,0,967.646540015936,2636.04944138229,1760.60463854671,4319.71327807009,0,0,318.167093962431,32.8172895014286,3.8493774086237,0,1.23995101451874,6.76071882247925,0,0,0,0,0,3494.07486113906,1595.70297542214,0,0,0,0,0,0,0,0,0,0,0,0,0,0,9.9806747585535,0,17.4185782521963,0,0,0,0,0,0,0,1126.14887449145,1092.00906541944,6.17585000395775,603.257297515869,660.378708794713,1530.93258592486,866.227798610926,446.563098371029,985.494136989117,0,1304.83732946217,0,0
248.897053062916,0,115.652128517628,0,0,0,0,0,50.927452981472,0,0,0,0,0,0,0,0,0,2.23205636441708,0,1.30526161193848,0,76.5694562792778,0,24.7304400503635,0,0,0,0,0,0,0,0,11.8230255246162,0,0,0,0,839.338741600513,0,125.501399487257,1.16554987430573,181.592737078667,0,0,0,6.35697968304157,3494.07486113906,0,536.173139438033,0,0,0,0,33.9538184255362,0,4.66886974871159,0,0,0,10.7592023909092,0,0,1.69007487595081,0,78.1170934140682,0,176.961022093892,0,22.210385710001,0,38.0033500492573,0,6.74830520153046,0,0,0,0,2.19823551177979,287.291565209627,0,831.64772208035,705.60267418623,2.16802944242954,635.020518645644,0,0
0,144.919292360544,6.59914195537567,92.1187732368708,0,0,0,0,0,1.96702167391777,0,0,0,0,0,0,0,0,1.33230698108673,0,0,46.7327005565166,0,50.3617893159389,0,0,0,0,0,0,0,1.83633327484131,0,0,11.5760609209538,0.190712109208107,0,430.528149172664,0,324.038981229067,0,681.932062208652,1.16517007350922,0,0,4.84088890254498,1.13187339901924,1595.70297542214,536.173139438033,0,0,0.319528967142105,0,0,0,28.9075103998184,0.95550200343132,164.956818476319,0,3.76119235157967,0,27.8236991465092,0.431422144174576,0,72.074383020401,0,146.079976052046,0,3.7956819832325,0,19.4779094159603,0,137.460053578019,0,0,0.632170677185059,0,1.91095197200775,251.977271571755,1.23021641373634,284.837397232652,0,1116.04112520814,32.762375742197,1408.64724875242,3.01051020622253,0
0,0,305.435155406594,0,57.8939424157143,0,0,0,2.2550950050354,0,0,0,0,0,0,0,0,0,0,0,24.3129512369633,0,0,0,0,0,0,0,0,0,0,0,0,0,0,0,0,0,0,0,0,0,0.171288996934891,0,0,0,0,0,0,0,0,0,0,0,0,0,157.721352741122,0,29.84776301682,0,120.007106170058,0,0,0,0,0,0,0,0,0,0,0,0,0,0,0,0,0,0,0,0,0,0,0,280.712348848581,0,0
0,0,0.961721539497375,286.243072211742,0,33.3543551266193,0,0,0,1.25576722621918,0,0,0,1.93860600888729,0,0,0,0,0,25.7671874165535,0,0,0,0,0,0,0,0,0,0,0,0,0,0,0,0,0,0,0,2.39835351705551,0,5.92679210007191,0.215221509337425,0,0,0.230219289660454,0.52649399638176,0,0,0.319528967142105,0,0,0,1,0,17.611453473568,0.316482067108154,385.83988596499,0,2.88986177742481,0,0,0,0,0,0,0,0,0,0,0,0,5.25828582048416,0,0,0,0,0,4.88954317569733,0.234295666217804,1.56730458140373,0,16.5003453493118,33.9510773122311,281.434426575899,0,0
0,0,0,0,0,0,0,0,0,0,0,0,0,0,0,0,0,0,0,0,19.5262382030487,0,0,0,0,0,0,0,0,0,0,0,0,0,0,0,0,0,0,0,0,0,0,0,0,0,0,0,0,0,0,0,0,0,0,0,0,0,0,0,0,0,0,0,0,0,0,0,0,0,0,0,0,0,0,0,0,0,0,0,0,0,0,0,0,0,0
0,0,0,0,0,0,0,0,0,0,0,0,0,0,0,0,0,0,0,0,0,0,0,0,0,0,0,0,0,0,0,0,0,0,0,0,0,0,0,0,0,0,0,0,0,0,0,0,0,0,0,1,0,0,0,0,0,135.400844275951,0,0,0,0,0,0,0,0,0,0,0,0,0,0,0,0,0,0,0,0,0,0,0,0,0,0,0,0,0
38.5495355129242,0,0,0,0,0,0,0,356.598062798381,0,0,0,0,0,37.2791685461998,0,0,0,0,0,0,0,0,0,49.1232461631298,0,0,0,0,0,0,0,0,0,0,0,0,0,128.901606932282,0,0,0,0.306197881698608,0,0,0,0,0,33.9538184255362,0,0,0,0,0,0,0,0,0,0,0,160.381415501237,0,0,0,0,0,0,259.77605368197,0,17.8041725456715,0,0,0,0,0,0,0,0.366267144680023,0,0,0,329.812777087092,13.6661157608032,0,49.0670482814312,0,0.6231749355793
0,213.814903378487,0,4.36505955457687,0,60.9993970394135,0,0,0,519.708754882216,0,0,0,0,0,15.7583632916212,0,0.480239540338516,0,0,0,0,0,0.266882002353668,0,0,0,0,0,0,0,0,0,0,0,0,0,31.4900447577238,0,0,0,3.75420670211315,0,0,0,0,0,0,0,28.9075103998184,0,17.611453473568,0,0,0,0,0,0,0,0,0,204.655312404037,0,0,0,0,303.028548836708,0,0,0,0,0,0,0,0,0,0,0,0.246584415435791,0,80.5418744832277,0,17.8570331931114,0,99.3594510257244,0.919076561927795,0
1.15964794158936,0,3.06072793900967,14.9812826663256,0.477867275476456,0.336797922849655,0,0,1.49656599760056,0,490.353150546551,0,0,0,0,0,0,0,1.4893022403121,0,234.930681616068,0,0,0,0,0,0,0,0,0,0,0,0,0,0,0,375.244667798281,0,733.754573404789,6.84724686294794,6.04163648188114,4.27799358218908,148.289258703589,0,0,3.66618685424328,12.952756434679,0,4.66886974871159,0.95550200343132,157.721352741122,0.316482067108154,0,0,0,0,0,3.72559022903442,3.34688034653664,0,0,0,1.26509550213814,297.596565045416,0,0,0,0,0,0,0.150554180145264,0,5.40204807370901,29.8494215011597,0,0,0,0,3.2173435240984,34.6131530702114,3.63594601303339,131.300907582045,113.642567902803,0,774.269555822015,0,3.10801637172699
0,53.6920781433582,9.16152982413769,154.95688714087,0,9.49352246522903,0,26.6541093587875,0,0.787318468093872,0,1173.82443928719,0,90.5882465839386,0,0,0,0,47.6726974248886,65.0676827430725,0.132832691073418,0,0,0,0,0,0,0,0,0,0,0,0,0,0,464.359003841877,0,794.68110960722,0,2.04629205167294,1.43613412976265,250.508893638849,3.51698184758425,0,0,58.9917475953698,4.00917665660381,0,0,164.956818476319,0,385.83988596499,0,135.400844275951,0,0,3.72559022903442,0,0,400.414792016149,0,12.2451428472996,169.291833929718,1.05558249354362,0,0,0,0,0,0,504.267415702343,0,865.18804974854,0,0,0,0,0,24.1686642691493,3.2011886537075,5.75711190700531,0.246295943856239,167.174961581826,1.76089432835579,1295.79368061572,51.0676157027483,0
0,0,4.67667028307915,0,0,0,55.8563702106476,0,0,0,453.929565370083,0,38.6764624118805,0,11.5739641189575,0,0,0,0,0,0,0,0,0,0,0,0,0,0,0,44.0950932502747,0,0,0,0,0,0,0,0,0,0,0,0,0,0,0,0,0,0,0,29.84776301682,0,0,0,0,0,3.34688034653664,0,0,0,53.6564845740795,0,0,0,0,0,0,0,0,0,0,0,0,0,0,0,0,0,0,0,0,0,6.19268208742142,0,0,0,0
0,60.1024110466242,0,113.547138661146,0,0,0,0,0,0,0,1093.05048906803,0,80.0032887458801,0,0,0,0,0,0,0,0,0,0,0,0,0,163.625755786896,0,0,0,0,0,0,0,0,0,0,0,0,0,0.720141053199768,0,0,0,0,0,0,0,3.76119235157967,0,2.88986177742481,0,0,0,0,0,400.414792016149,0,0,0,93.4509759843349,0,0,0,0,0,0,0,0,0,0,0,0,0,0,0,0,0,0,0,0,0,0,20.1485005021095,0,0
131.670335605741,0,3.13111239671707,0,0,0,0,0,8.08900031447411,0,0,0,44.0745124816895,0,27.3957344293594,0,0,0,0,0,0,0,0,0,1.58417475223541,0,0,0,0,0,0,0,0,0,0,0,0,0,0,0,0,0,0,0,0,0,0,0,10.7592023909092,0,120.007106170058,0,0,0,160.381415501237,0,0,0,53.6564845740795,0,0,0,0,0,0,0,0,38.3117271661758,0,18.1724088490009,0,0,0,0,0,0,0,0,0,0,0,0,0,0,4.91336596012115,0,0
0,127.374109759927,0,160.3363147825,0,0,0,0,0,37.0312314927578,0,0,0,175.845529556274,0,2.85778637230396,0,0,0,0,0,0,0,0,0,0,0,0,0,0,0,0,0,0,0,0,0,0,0,0,0,0.400180667638779,0,0,0,0,0,0,0,27.8236991465092,0,0,0,0,0,204.655312404037,0,12.2451428472996,0,93.4509759843349,0,0,0,0,0,0,0,0,9,0,0,0,0,0,0,0,0,0,0,0,0,0,0,0,2.59203977882862,0,0
0,0.254004955291748,7.85997778177261,8.49049520492554,0,2.47609663009644,0,0,0,0,0,322.60690009594,0,0,0,0,8.74695195257664,36.1763759851456,241.282226994634,119.286840185523,0,0.188979297876358,0,0,0,0,0.770101189613342,0,0,0,0,0,0,0,0,2022.30267551541,0,294.689956396818,0,179.911027550697,1.33395516872406,551.169751398265,0.532691448926926,4.78650921583176,0,1129.29329449683,0.7354456782341,0,0,0.431422144174576,0,0,0,0,0,0,1.26509550213814,169.291833929718,0,0,0,0,0,2.02311437577009,0,0,0,0,0,0,0.29611212015152,0,138.006093330681,0,0,0,0,0,1351.61380060017,1.31035067141056,365.776500910521,0,79.7581269443035,0.390505939722061,856.733031056821,1.91215223073959,0.116166785359383
6.207798153162,0,17.5594789013267,4.24247862398624,1.03642275929451,0,0,0,0,0.190294086933136,23.9495577514172,0,0,0,0,0,57.0942366272211,10.6123347133398,424.290804244578,0,584.058533526957,0,0,0,0,0,0,0,0,0,0,0,0,0,0,0,498.847011893988,0,102.45557308197,5.58194959908724,328.30134832859,7.83821175992489,442.247829563916,0,3.76185391843319,0.518701747059822,1686.44277521968,0,1.69007487595081,0,0,0,0,0,0,0,297.596565045416,1.05558249354362,0,0,0,0,2.02311437577009,0,0,0,0,0,0,0,0,0,2.15316797792912,1.758460521698,0,0,0,0,7.35684488713741,1623.2348343879,0.251479268074036,294.216250985861,199.272174172103,1.35044164955616,1700.7980427444,0,6.56384508311749
0,0,0,0,0,0,0,0,0,0,0,0,0,0,0,0,0,0,0,0,0,1521.63026754558,9.94095373153687,10.6269462704659,0,0,0,0,0,0,0,0,0,0,0,0,0,336.32195135951,0,0,0,0,0,0,0,0,0,9.9806747585535,0,72.074383020401,0,0,0,0,0,0,0,0,0,0,0,0,0,0,0,0,102.124793827534,0,287.600963503122,0,136.672695398331,0,0,0,0,0,0,0,0,0,566.874251037836,0,67.4447006881237,2,0.541059255599976,0,0
0,0,0,0,0,0,0,0,0,0,0,0,0,0,0,0,0,0,0,0,0,53.3098223209381,2113.91362509131,0,33.2974922657013,0,0,0,6.71011662483215,0,0,0,0,0,0,0,0,0,170.827215969563,0,0,0,0,0,0,0,0,0,78.1170934140682,0,0,0,0,0,0,0,0,0,0,0,0,0,0,0,0,0,0,37.9548093229532,0,191.355795323849,0,155.834559649229,0,0,0,0,0,0,0,0,0,468.860742598772,0,0,0,0,0
0,0,0,0,0,0,0,0,0,3.99793231487274,0,0,0,0,0,1.32408487796783,0,32.724737226963,1.60240525007248,0,0,13.6130899488926,0,152.919661074877,0,197.303648471832,0,0,0,0,0,0,0,0,0,0,0,225.058627575636,0,0,0,0,0,0,0,0,0,17.4185782521963,0,146.079976052046,0,0,0,0,0,303.028548836708,0,0,0,0,0,0,0,0,102.124793827534,0,0,0,32.8108004629612,0,0,0,0,0,0,0,0,0,0,0,625.041653871536,0,112.847253039479,0,433.737774461508,0,0
4.6005180478096,0,0,0,0,0,0,0,12.7022922933102,0,0,0,0,0,0,0,0,0,0,0,0,0,79.8548662662506,0,392.106581956148,0,11.3636403083801,0,0,0,0,0,0,0,0,0,0,0,805.615406349301,0,0,0,0,0,0,0,0,0,176.961022093892,0,0,0,0,0,259.77605368197,0,0,0,0,0,38.3117271661758,0,0,0,0,37.9548093229532,0,0,0,71.5645779073238,0,0,0,0,0,0,0,0,0,0,0,486.643099650741,2,0,84.4217664301395,0,0
0,0,0,0,0,0,0,0,0,0,0,0,0,0,0,0,4.10096395015717,88.0442042946815,5.61856240034103,0,0,0,0,0,0,13.8974511623383,0,0,0,0,0,0,0,0,0,0,0,0,0,0,0,0,0,0,0,0,0,0,0,3.7956819832325,0,0,0,0,0,0,0,0,0,0,0,9,0,0,287.600963503122,0,32.8108004629612,0,0,0,47.9194003343582,0,0,0,0,0,0,0,0,0,0,0,43.9517937600613,0,0,0,0
0.376616954803467,0,0,0,0,0,0,0,6.03844636678696,0,0,0,0,0,0,0,0,0,0,0,0,0,0,0,131.916038990021,0,0,0,0,0,0,0,0,0,0,0,0,0,0,0,0,0,0,0,0,0,0,0,22.210385710001,0,0,0,0,0,17.8041725456715,0,0,0,0,0,18.1724088490009,0,0,0,0,191.355795323849,0,71.5645779073238,0,0,0,90.9248875230551,0,0,0,0,0,0,0,0,0,0,0,0,1.50138223171234,0,0
0,0,0.182153582572937,0,0,0,0,0,0,0,0,25.3752862215042,0,0,0,0,0,0,0,0,0,0,0,0,0,0,0,674.403173089027,0,491.822366535664,0,0,0,0,0,0.157273381948471,0,71.611524105072,0,0,0,0,0,0,0,0,0,0,0,19.4779094159603,0,0,0,0,0,0,0.150554180145264,504.267415702343,0,0,0,0,0.29611212015152,0,136.672695398331,0,0,0,47.9194003343582,0,0,0,89.5494847297668,0,0,0,0,0,0.155008777976036,0,214.99212539196,0,1.49877421557903,2,41.8265277445316,0,0
0,0,0,0,0,0,0,0,0,0,0,0,0,0,0,0,0,0,0,0,0,0,42.7978434562683,0,0,0,0,0,151.619574069977,0,0,0,0,0,0,0,0,0,1.80226981639862,0,0,0,0,0,0,0,0,0,38.0033500492573,0,0,0,0,0,0,0,0,0,0,0,0,0,0,0,0,155.834559649229,0,0,0,90.9248875230551,0,0,0,49.8489069342613,0,0,0,0,0,0,0,12.8264677524567,3,1,0,0,0
0,1.09659300744534,11.5732346251607,152.778431281447,0,0.322409778833389,0,0,0,0,0,5,0,0,0,0,0,0.46041002869606,25.2585457712412,0,0,0,0,0,0,0,0,0.592417776584625,0,119.308474600315,0,0,0,0,0,1.2442432641983,0,4.43208086490631,0,9.26887899637222,2.97012085467577,227.808371454477,3.1341173350811,0,0,146.977583967149,1.88393846154213,0,0,137.460053578019,0,5.25828582048416,0,0,0,0,5.40204807370901,865.18804974854,0,0,0,0,138.006093330681,2.15316797792912,0,0,0,0,0,0,89.5494847297668,0,0,0,0,0,0,0,41.1186062023044,2.61675973981619,357.977418035269,0.358151659369469,70.6550675332546,1.83140017092228,874.69685959816,28.2050303220749,0
0,0,0.319874614477158,0,0,0,0,0,0,0,111.357571125031,0,7.10426950454712,0,0,0,0,0,0,0,0,0,0,0,0,0,0,0,0,0,149.59023539722,0,0,0,0,0,0,0,0,0,0.410593152046204,0,13.0051245242357,0,0,0,0,0,6.74830520153046,0,0,0,0,0,0,0,29.8494215011597,0,0,0,0,0,0,1.758460521698,0,0,0,0,0,0,0,49.8489069342613,0,0,0,0,0,0,0,0.247581452131271,0,311.736830875278,117.2094835639,0,55.1781993061304,0,3.07108083367348
0,0,0,0,0,0,0,0,0,0,0,0,0,0,0,0,0,0,0,0,0,0,0,0,0,0,0,0,0,0,0,86.4425039440393,25.6745276451111,0.304326057434082,0,420.914438962936,0,0,0,0,0,0,0,0,0,0,0,1126.14887449145,0,0,0,0,0,0,0,0,0,0,0,0,0,0,0,0,0,0,0,0,0,0,0,0,0,0,0,7.47738775610924,476.433347344398,0,300.542462691665,0,0,0,1,0,0,0,0
0,0,0,0,0,0,0,0,0,0,0,0,0,0,0,0,0,0,0,0,0,0,0,0,0,0,0,0,0,0,0,724.787060081959,404.250875726342,1.12572610378265,0,0,17.4921317100525,0,0,0,0,0,0,0,0,0,0,1092.00906541944,0,0.632170677185059,0,0,0,0,0,0,0,0,0,0,0,0,0,0,0,0,0,0,0,0,0,0,0,0,7.47738775610924,0,0,733.863620996475,0,224.590167313814,0,0,256.384106278419,0,0,0,0
0,0,0,0,0,0,0,0,0,0,0,0,0,0,0,0,0,0,0,0,0,0,0,0,0,0,0,0,0,0,0,1.70745208859444,23.6360545158386,403.61556494236,522.126305654645,173.575837850571,0,87.6907367110252,0,0,0,0,0,0,0,0,0,6.17585000395775,0,0,0,0,0,0,0,0,0,0,0,0,0,0,0,0,0,0,0,0,0,0,0,0,0,0,476.433347344398,0,0,244.864791035652,1,0,790.777785331011,0,276.490847945213,0,0,0,0
0,0,0,0,0,0,0,0,0.542559593915939,0,0,0,0,0,0,0,0,0,0,0,0,0,0,0,0,0,0,0,0,0,0,2.00115698575974,0,1615.23292304575,1071.07034015656,0,435.441424697638,0,117.975706413388,0,0,0,0,0,0,0,0,603.257297515869,0,1.91095197200775,0,0,0,0,0.366267144680023,0,0,0,0,0,0,0,0,0,0,0,0,0,0,0,0,0,0,0,0,733.863620996475,244.864791035652,0,0,1219.20041278005,0,722.884478583932,153.494038879871,0,0,0,0
0,48.7105151414871,15.5120199024677,267.847779244184,1.5941675901413,4.10848087072372,0,0,0,6.11570626497269,0,59.5606868863106,0,0,0,0,64.4552989453077,191.199851877987,2477.26537542045,101.806933879852,0,0,0,0,0,0,0,0,0,0,0,395.194059208035,5.37793684005737,33.3747351169586,0,3786.87853711843,19.5171182155609,1652.56750331819,0,840.334692642093,14.8913031071424,1307.56158730388,10.3069506138563,13.2197282463312,0,1102.47625695914,6.77722111344337,660.378708794713,2.19823551177979,251.977271571755,0,4.88954317569733,0,0,0,0.246584415435791,3.2173435240984,24.1686642691493,0,0,0,0,1351.61380060017,7.35684488713741,0,0,0,0,0,0,0.155008777976036,0,41.1186062023044,0,300.542462691665,0,1,0,0,20.332772642374,1121.25591921061,0.629270553588867,723.210436075926,62.9640456289053,1402.74066112936,70.3770552277565,0.285371571779251
92.5026200115681,0,54.8015621751547,9.53976581990719,20.1158209145069,0,0,0,11.8576736152172,0,33.9717251360416,0,0,0,0,0,185.564945146441,57.8798889145255,1868.91043301672,0,506.387277334929,2.13358759880066,0,0,0,0,0,0,0,0,0,92.9366421699524,241.806411415339,0,15.9456777572632,188.602212816477,4543.9165366441,0,1032.65828034282,21.3623815625906,960.196178495884,11.8298124372959,1605.85908824205,0,5.28746935725212,2.34832684695721,1352.26105456799,1530.93258592486,287.291565209627,1.23021641373634,0,0.234295666217804,0,0,0,0,34.6131530702114,3.2011886537075,0,0,0,0,1.31035067141056,1623.2348343879,0,0,0,0,0,0,0,0,2.61675973981619,0.247581452131271,0,224.590167313814,0,1219.20041278005,20.332772642374,0,0.708681106567383,1637.91747842729,910.087946631014,31.9485148414969,1377.64627017081,0,32.1182148009539
0,2.05807882547379,1.17201408743858,32.5211953818798,0,0,0,0,0,96.0141164064407,0,356.992821335793,0,0,0,0,2.11174741387367,3.78262747824192,98.058020234108,0,0,491.476581066847,0,187.873522892594,0,0,0,0,0,5.19624894857407,0,0,0,1387.55384926498,0,98.1295729279518,0,6788.24577924609,0,12.6829527616501,0.95003978908062,39.5347874611616,1.35996520519257,0,0,290.53187033534,0.482818692922592,866.227798610926,0,284.837397232652,0,1.56730458140373,0,0,0,80.5418744832277,3.63594601303339,5.75711190700531,0,0,0,0,365.776500910521,0.251479268074036,566.874251037836,0,625.041653871536,0,0,0,214.99212539196,0,357.977418035269,0,0,0,790.777785331011,0,1121.25591921061,0.708681106567383,0,0,207.578565433621,2.61467757821083,158.464012779295,3.27849784493446,0
1.03061699867249,0,3.58148077130318,0,0,0,0,0,94.4452579319477,0,191.280989736319,0,0,0,0,0,1.81429928541183,0,31.2332400530577,0,37.151676774025,0,415.408838942647,0,3.72967694699764,0,0,0,0,0,0,0,0,161.824529260397,1487.47580315173,0,282.437240123749,174.914033770561,6869.53191933036,0,77.5272676497698,0,32.8406871110201,0,0,0,75.7318769395351,446.563098371029,831.64772208035,0,0,0,0,0,329.812777087092,0,131.300907582045,0.246295943856239,0,0,0,0,0,294.216250985861,0,468.860742598772,0,486.643099650741,0,0,0,12.8264677524567,0.358151659369469,311.736830875278,0,0,0,722.884478583932,0.629270553588867,1637.91747842729,0,0,101.743224859238,0,21.9624539017677,0,13.7039923071861
193.337913066149,49.0900115221739,25.3724888786674,63.1730773746967,1.3107670545578,43.5663741230965,0,0,973.384935036302,758.533759862185,257.820601701736,359.377780556679,0,5,0,101.394640445709,6830.22193453461,6046.95408215374,3648.49385560304,83.4835416078568,191.964741080999,484.207768678665,196.282930955291,62.7630514204502,26.1232964545488,32.3546679317951,46.479134529829,1.11084628105164,0,13.7385358810425,37.2656008005142,17.4648065567017,112.671757936478,74.8101204633713,54.1328517496586,243.774367213249,253.721093714237,227.173158615828,241.609237119555,374.106915339828,353.228880621493,1832.30732097477,2121.38100839406,17.937193736434,110.29894130677,223.047710984945,135.722499415278,985.494136989117,705.60267418623,1116.04112520814,0,16.5003453493118,0,0,13.6661157608032,17.8570331931114,113.642567902803,167.174961581826,6.19268208742142,0,0,0,79.7581269443035,199.272174172103,67.4447006881237,0,112.847253039479,2,43.9517937600613,0,1.49877421557903,3,70.6550675332546,117.2094835639,1,256.384106278419,276.490847945213,153.494038879871,723.210436075926,910.087946631014,207.578565433621,101.743224859238,0,966.220243908465,5040.43680326641,78.8379961252213,213.790917217731
0,0,1.04121033102274,3.28722707927227,0,25.8402207493782,0,0,0,0,0,0,32.0422978401184,1,0,27.6732895374298,714.515716046095,1022.38857910037,2.53925330936909,0,0,35.4020943641663,26.0903291702271,0,0,0,0,0,0,0,0,0,0,0,0,5.07258987426758,2,0.224531054496765,0,7.29234005510807,9.47580906748772,62.7716810852289,105.528377532959,0,0.68074893951416,17.7549610435963,7.98320442438126,0,2.16802944242954,32.762375742197,0,33.9510773122311,0,0,0,0,0,1.76089432835579,0,0,0,0,0.390505939722061,1.35044164955616,2,0,0,0,0,0,2,1,1.83140017092228,0,0,0,0,0,62.9640456289053,31.9485148414969,2.61467757821083,0,966.220243908465,0,204.795139670372,0,0.424188837409019
