0,0,6.47336378442236,0,0,0,0,0,5.1633142440955,0,0,0,0,0,4.43038129806519,0,0,0,0,0,0,0,0,0,0,0,0,0,0,0,0,0,0,0,0,0,0,0,0,0,0,0,21.1222973430858,0,0,0,0,0,6.83342464515782,0,0,0,0,0,4.90223081650273,0,0,0,0,0,3.4798880815506,0,0,0,0,0,0,0,0,0,0,0,0,0,0,0,0,0,0,0,0,0,7.23972677152394,0,7.407836141729,0,0
0,0,0,5.12981303532918,0,0,0,0,0,4.14024188006736,0,0,0,0,0,0,0,0,0,0,0,0,0,0,0,0,0,0,0,0,0,0,0,0,0,0,0,0,0,0,0,16.5302699267209,0,0,0,0,0,0,0,6.19257300683307,0,0,0,0,0,4.52186638032886,0,0,0,0,0,3.43601710455758,0,0,0,0,0,0,0,0,0,0,0,0,0,0,0,0,0,0,0,0,5.1842520609498,0,13.4395717467581,0,0
6.47336378442236,0,0,0,9.58642292022705,0,0,0,7.23922642469406,0,32.7623014450073,0,0,0,0,0,0,0,38.1893696255154,0,0,0,0,0,0,0,0,0,0,0,0,0,0,0,0,0,62.9826835964037,0,74.5449085235596,0,38.3622665405273,0,29.6000819686771,0,0,0,23.1192554127086,0,9.75493571907282,0,7.94796486002334,0,0,0,10.3012797904737,0,25.4726304675959,0,0,0,6.58159804344177,0,0,30.3710265159607,0,0,0,0,0,0,0,0,0,30.833698862824,0,0,0,0,85.2392654418945,44.8935182786757,0,36.5073874430223,21.9010874734205,17.8120265007019,18.3544969976846,0,23.6122240702311
0,5.12981303532918,0,0,0,12.5333175001473,0,0,0,4.32313759326935,0,0,0,0,0,0,0,0,33.7682752609253,0,0,0,0,0,0,0,0,0,0,0,0,0,0,0,0,59.6557149887085,0,0,0,39.0277027803309,0,26.3717534654092,0,20.418420791626,0,18.9297270093645,0,33.5004425048828,0,7.57769136473259,0,8.56781599129716,0,0,0,0,0,25.6386232448898,0,5.40754335759634,0,4.10344590459551,14.048078417778,0,0,0,0,0,0,0,0,0,29.5714704625122,0,0,0,0,0,43.0758124519797,0,35.0664938290914,0,14.2553675044667,22.3914938608805,17.2386633177131,19.7875643990257,0
0,0,9.58642292022705,0,0,0,4.81617029224123,0,3.37506575584412,0,0,0,0,0,0,0,0,0,0,0,5.57718016884544,0,0,0,0,0,0,0,0,0,0,0,0,0,0,0,73.0973429679871,0,0,0,49.0296401977539,0,50.784704208374,0,0,0,35.6787948608398,45.6159973144531,48.3518558078342,0,4.18357414007187,0,4.64699995377484,0,0,0,39.8982354799906,0,5.60193986242468,0,3.78628853956858,0,0,13.0085302829742,0,0,0,0,0,0,0,0,0,40.1715206570096,0,0,0,0,0,58.5843126850743,0,47.4243211746216,15.1572459553773,3.20338006814321,18.6042531815971,0,0
0,0,0,12.5333175001473,0,0,0,0,0,0,0,2.744225025177,0,4.1139614097774,0,5.55196762830019,0,0,0,0,0,0,0,0,0,0,0,0,0,0,0,0,0,0,0,42.5047783851624,0,0,0,51.340428352356,0,43.0060529708862,0,0,0,33.2669296264648,0,44.7514381408691,52.3649444580078,47.3362522954526,0,3.33740982990856,0,0,0,0,0,7.64060819149017,0,4.32105550250492,0,4.79867726785165,17.3094024658203,0,0,0,0,0,0,0,0,0,43.1572042192732,0,0,0,0,0,33.9737786187066,0,50.0145980834961,0,7.97836422920227,6.34444618225098,18.2847216467704,0,0
0,0,0,0,4.81617029224123,0,0,0,0,0,4.56799932613707,0,3.19617466131846,0,0,0,0,0,0,0,6.94895047233218,0,0,0,0,0,0,0,0,0,0,0,0,0,0,0,4.2215518951416,0,0,0,0,0,0,0,0,0,0,0,0,0,6.42314070463181,0,3.81825072668795,0,0,0,4.81207941685404,0,3.89068303324959,0,0,0,0,10.409728753033,0,0,0,0,0,0,0,0,0,0,0,0,0,0,0,3.58774757385254,0,0,4.0871035605669,0,5.73368269205093,0,0
0,0,0,0,0,0,0,0,0,0,0,0,0,3.52259140856126,0,0,0,0,0,9.00350341796875,0,0,0,0,0,0,0,0,0,0,0,0,0,0,0,0,0,0,0,0,0,0,0,0,0,0,0,0,0,0,0,0,0,3.04080484895145,0,0,0,3.79800963401794,0,0,0,0,8.3338995713454,0,0,0,0,0,0,0,0,0,0,0,0,0,0,0,0,0,0,0,4.17911591529846,0,0,0,0
5.1633142440955,0,7.23922642469406,0,3.37506575584412,0,0,0,0,0,0,0,0,0,7.50355895360311,0,12.3626794830783,35.1512550007213,41.3662866353989,0,0,0,27.3976748330253,34.5717010498047,5.33057022094727,0,11.567157305204,0,0,0,0,0,0,0,0,0,67.9639663696289,0,7.3164224859268,0,0,0,8.86760828040895,0,0,0,0,34.8199234008789,9.72166313230991,0,0,0,0,0,6.18033255972624,0,34.5658950805664,0,0,0,2.80139412879944,0,0,45.4635791778564,0,26.2242107391357,0,0,0,7.16166353225708,0,0,0,36.8582592010498,0,0,0,0,0,63.5384407043457,0,14.432879836471,6.75467965502488,3.54507547616959,5.33854550366626,0,26.1107196807861
0,4.14024188006736,0,4.32313759326935,0,0,0,0,0,0,0,0,0,0,0,3.68477949229154,0,0,0,0,0,0,0,5.2646015192333,0,0,0,0,0,0,0,0,0,0,0,0,0,10.1688274984007,0,0,0,7.23316398385453,0,0,0,0,0,0,0,4.82298583250779,0,0,0,0,0,5.7299285979203,0,0,0,0,0,3.15154670238495,0,0,0,0,3.23332010269165,0,0,0,0,0,0,0,0,0,22.0849455163834,0,0,0,17.7684090880097,0,5.13197327922107,5.96830342497144,6.2092565318903,0,0
0,0,32.7623014450073,0,0,0,4.56799932613707,0,0,0,0,0,2.91399357193395,0,0,0,0,0,0,0,6.51180056945698,0,0,0,0,0,0,0,0,0,3.83648170863881,0,0,0,0,0,14.8430982145644,0,5.93184802409644,0,0,0,0,0,0,0,16.088436126709,0,0,0,42.5293846130371,0,4.15493395791125,0,0,0,7.14910520577733,0,3.00126730071174,0,0,0,0,7.82626677708453,0,0,0,0,0,0,0,0,0,4.62762133509135,0,0,0,0,0,3.78039996964591,0,5.14042912210737,5.12846881343472,12.7949577172597,17.737949999896,0,16.3583660125732
0,0,0,0,0,2.744225025177,0,0,0,0,0,0,0,3.01879858970642,0,0,0,0,0,4.3102645923694,0,0,0,0,0,0,0,0,0,5.93571901321411,0,0,0,0,0,2.82948789288921,0,3.48053765447834,0,0,0,0,0,0,0,0,0,0,0,0,0,7.23271322250366,0,3.97336602210999,0,0,0,4.52717007885318,0,3.12770733114791,0,0,8.8580694378925,0,0,0,0,0,0,0,0,0,10.6121837298075,0,0,0,0,0,12.7449537595113,0,4.52083172400792,0,3.17626551219395,0,4.74707408746084,0,0
0,0,0,0,0,0,3.19617466131846,0,0,0,2.91399357193395,0,0,0,0,0,0,0,0,0,0,0,0,0,0,0,0,0,3.07318534169878,0,0,0,0,0,0,0,0,0,0,0,0,0,0,0,0,0,0,0,0,0,0,0,6.12930583953857,0,0,0,3.74893502567125,0,3.10977965023207,0,2.95251798629761,0,0,0,0,0,0,0,0,0,0,0,0,0,0,0,0,0,0,0,0,0,3.72210910916328,3.32059331373735,0,0,0
0,0,0,0,0,4.1139614097774,0,3.52259140856126,0,0,0,3.01879858970642,0,0,0,0,0,0,0,0,0,0,0,0,0,0,0,2.73802328109741,0,0,0,0,0,0,0,0,0,0,0,0,0,0,0,0,0,0,0,0,0,0,0,4.48270952701569,0,0,0,0,0,2.85776580704583,0,3.7787938532622,0,0,0,0,0,0,0,0,0,0,2.83787941932678,0,0,0,0,0,0,0,0,0,0,0,4.85705351829529,2.85203413168589,0,0,0
4.43038129806519,0,0,0,0,0,0,0,7.50355895360311,0,0,0,0,0,0,0,14.1556709286461,39.8847698731856,41.2881203757392,0,0,0,26.5400981903076,37.521520614624,7.38054834471809,0,7.50683854837887,0,2.75105500221252,0,0,0,0,0,0,0,0,0,0,0,0,0,0,0,0,0,0,0,4.44152066625398,0,0,0,0,0,5.13037024946774,0,0,0,0,0,3.74903506472491,0,0,0,0,34.760413646698,0,0,51.6657028198242,0,0,0,0,0,0,0,0,0,84.8460388183594,0,0,0,19.2832088137186,0,0,0,0
0,0,0,0,0,5.55196762830019,0,0,0,3.68477949229154,0,0,0,0,0,0,0,3.45050263404846,0,0,0,0,0,0,0,3.60112690925598,0,0,0,0,0,0,0,0,0,0,0,0,0,0,0,0,0,0,0,0,0,0,0,0,0,5.22304004811226,0,0,0,2.95452606678009,0,0,0,0,0,3.71422705097475,0,0,0,0,0,0,0,0,0,0,0,0,0,0,0,0,0,0,0,0,2.89224131902059,3.01998379651238,0,0,0
0,0,0,0,0,0,0,0,12.3626794830783,0,0,0,0,0,14.1556709286461,0,0,24.5137474660925,21.6462973907295,0,0,31.1203127966987,15.174314892019,35.1810909907023,11.0935875306258,38.9207280965952,9.24798208930276,0,5.47436885717438,0,0,0,0,0,0,72.1133028666178,100.845344543457,0,0,71.906957244873,58.4686431884766,53.0592938127189,44.7674954986572,40.1762208938599,46.3372116088867,39.0795621871948,40.1191568374634,0,0,0,0,0,0,0,0,0,0,0,0,0,28.5557595491409,37.670955657959,0,62.1662693023682,21.1009802084703,21.3727251676952,47.0027198791504,0,51.7377758026123,11.4806414540609,0,0,0,0,0,0,0,0,61.7912992291746,68.3939897537231,83.3592071533203,0,15.3854602351708,0,50.4352488290696,66.2784968289462,36.8080841064453
0,0,0,0,0,0,0,0,35.1512550007213,0,0,0,0,0,39.8847698731856,3.45050263404846,24.5137474660925,0,22.4966135832831,0,0,9.87771533699315,41.5760984420776,13.6053480477752,34.6380342907376,8.41956524225192,45.365442276001,0,0,0,0,0,0,0,0,88.6590270996094,0,0,0,55.7043929466834,72.8770332336426,33.8192222933226,50.9829147338867,40.2643398284912,0,48.8100426991781,53.7544887542725,0,0,53.7159385681152,0,0,0,0,0,0,82.505989074707,0,0,0,45.946044921875,17.7253119680617,69.73841603597,89.2100982666016,7.81122709169082,40.688113117218,21.0433809280396,0,13.0668008602027,0,0,0,0,75.2306976318359,0,0,0,0,63.5327491215297,77.7849188265593,50.2569808959961,0,17.6555087732936,13.9852479828729,52.7479649004729,35.4369899865353,50.2071762084961
0,0,38.1893696255154,33.7682752609253,0,0,0,0,41.3662866353989,0,0,0,0,0,41.2881203757392,0,21.6462973907295,22.4966135832831,0,0,0,45.8273134231567,39.2517566065634,31.6372938156128,25.2855987548828,23.3682897567749,38.1810410817464,0,0,0,0,0,0,0,0,61.3696457712274,68.0160536154723,0,78.5998344421387,38.6080456960473,44.1197796037462,23.6698411708465,24.701318934087,16.6058220674121,24.4266681432724,28.8092458508026,25.5347383042686,0,36.2611351013184,25.1254619598389,99.3847808837891,37.931999206543,0,0,32.9276920318604,0,31.2266690390451,26.9662103324101,0,0,45.7655181884766,19.0031986236572,46.1655038904261,50.6752766811486,38.992983341217,40.273362716039,0,0,24.8884892463684,0,0,0,27.2007494194563,28.7999813851346,0,0,0,0,46.5602083776918,46.8998854888859,33.3212894893193,34.9296880309115,17.4922602745697,44.2761949881529,27.5648976229983,20.0760974025066,24.2813036429701
0,0,0,0,0,0,0,9.00350341796875,0,0,0,4.3102645923694,0,0,0,0,0,0,0,0,0,0,0,0,0,0,0,0,0,0,0,0,0,0,0,6.35796718747992,0,3.32125444071633,0,0,0,0,0,0,0,11.9057559967041,0,0,0,37.9579925537109,0,5.61869230270386,0,10.976409971714,0,0,0,5.76505601696852,0,0,0,0,5.8382207039404,0,0,0,0,0,0,0,0,0,14.0520205368867,0,0,0,0,0,7.56982567023348,0,14.0466264088949,0,10.0491709709167,0,5.93097203558889,0,0
0,0,0,0,5.57718016884544,0,6.94895047233218,0,0,0,6.51180056945698,0,0,0,0,0,0,0,0,0,0,0,0,0,0,0,0,0,0,0,0,0,0,0,0,0,3.16756075541705,0,6.53206765438829,0,0,0,0,0,0,0,9.2817999124527,0,0,0,11.6348284855485,0,8.28943043488723,0,0,0,5.83991155185198,0,0,0,0,0,0,6.88932034927635,0,0,0,0,0,0,0,0,0,5.52105689965762,0,0,0,0,0,8.2398709186592,0,5.23154634860025,4.43179814588456,0,5.51555210405642,0,0
0,0,0,0,0,0,0,0,0,0,0,0,0,0,0,0,31.1203127966987,9.87771533699315,45.8273134231567,0,0,0,0,5.73912648303168,0,7.26789376847502,0,2.96477031707764,0,0,0,0,0,0,0,0,0,9.90396388989908,0,0,0,0,0,0,0,0,0,15.1342380046844,0,10.2467809699831,0,0,0,0,0,0,0,0,0,0,0,0,0,0,5.47680401369667,0,6.91652978383578,0,12.9747932658476,0,8.06287229762358,0,77.7587203979492,0,0,0,0,0,73.1046829223633,0,7.69597315531214,0,7.08617798177061,3.80320954322815,14.9602638244629,63.0912017822266,0
0,0,0,0,0,0,0,0,27.3976748330253,0,0,0,0,0,26.5400981903076,0,15.174314892019,41.5760984420776,39.2517566065634,0,0,0,0,0,6.47567197545008,30.3334712982178,5.27264686614187,0,0,0,0,0,0,0,0,0,0,0,3.95820310711861,0,0,0,0,0,0,0,0,28.3828735351562,9.74878482108421,0,0,0,0,0,0,0,0,0,0,0,0,0,0,0,0,4.24800884208925,0,3.3587791400078,37.2623558044434,6.86505605893977,0,0,0,0,0,0,0,0,0,0,0,7.22272802694984,6.8104331666515,6.33517837524414,17.5553429676936,0,0
0,0,0,0,0,0,0,0,34.5717010498047,5.2646015192333,0,0,0,0,37.521520614624,0,35.1810909907023,13.6053480477752,31.6372938156128,0,0,5.73912648303168,0,0,0,11.7130689144135,0,0,0,0,0,0,0,0,0,0,0,9.23339968656792,0,0,0,0,0,0,0,0,0,0,0,10.9227677890233,0,0,0,0,0,5.99893923427748,0,0,0,0,0,17.9115390777588,0,0,6.19965896239647,0,5.65660841700931,0,9.35309846060617,0,13.2843244921777,0,0,0,0,0,0,0,0,75.5421905517578,9.04092505574226,0,6.91530587925718,0,7.23993967977063,0,0
0,0,0,0,0,0,0,0,5.33057022094727,0,0,0,0,0,7.38054834471809,0,11.0935875306258,34.6380342907376,25.2855987548828,0,0,0,6.47567197545008,0,0,0,4.83284961635416,0,0,0,0,0,0,0,0,0,0,34.7515449523926,5.50042911846205,0,0,0,0,0,0,0,0,23.4592924118042,9.46997551451948,0,0,0,0,0,6.93859435044802,0,0,0,0,0,22.9794769287109,0,0,0,0,4.89255433333548,0,4.70253700646021,0,0,0,0,0,0,0,0,0,0,0,0,0,10.0131683690207,5.8068712173122,0,9.07469362517198,0,0
0,0,0,0,0,0,0,0,0,0,0,0,0,0,0,3.60112690925598,38.9207280965952,8.41956524225192,23.3682897567749,0,0,7.26789376847502,30.3334712982178,11.7130689144135,0,0,0,2.74427425861359,0,0,0,0,0,0,0,0,0,0,0,0,0,0,0,0,0,0,0,0,0,0,0,0,0,0,0,0,0,0,0,0,0,0,0,0,7.58695616040911,0,4.55199673279472,0,6.00401112011501,0,0,0,0,0,0,0,0,0,0,0,0,0,6.84388871307679,0,0,0,0
0,0,0,0,0,0,0,0,11.567157305204,0,0,0,0,0,7.50683854837887,0,9.24798208930276,45.365442276001,38.1810410817464,0,0,0,5.27264686614187,0,4.83284961635416,0,0,0,4.62299970480112,0,0,0,0,0,0,0,0,0,0,0,0,0,0,0,0,0,0,0,0,0,0,0,0,0,0,0,0,0,0,0,0,0,0,0,0,5.77211276265501,0,3.0421743117846,0,4.20683661515657,0,0,0,0,0,0,0,0,0,0,0,0,7.84438426998727,0,0,0,0
0,0,0,0,0,0,0,0,0,0,0,0,0,2.73802328109741,0,0,0,0,0,0,0,2.96477031707764,0,0,0,2.74427425861359,0,0,0,2.96062111210179,0,0,0,0,0,0,0,5.79958343896709,0,0,0,0,0,0,0,0,0,0,0,0,0,0,0,0,0,0,0,0,0,0,0,0,0,0,0,0,0,0,2.78883719444275,0,5.06274265613196,0,3.10911116474553,0,0,0,0,0,0,0,7.14750072360039,0,2.91184425354004,2.73746967315674,0,0,0
0,0,0,0,0,0,0,0,0,0,0,0,3.07318534169878,0,2.75105500221252,0,5.47436885717438,0,0,0,0,0,0,0,0,0,4.62299970480112,0,0,0,2.94605632389293,0,0,0,0,0,0,0,7.00679976775728,0,0,0,0,0,0,0,0,0,0,0,0,0,0,0,0,0,0,0,0,0,0,0,0,0,0,0,0,0,0,7.13672799330491,0,4.45542013339507,0,2.88193875551224,0,0,0,0,0,0,0,5.81792073833699,6.62183835506439,0,0,0,0
0,0,0,0,0,0,0,0,0,0,0,5.93571901321411,0,0,0,0,0,0,0,0,0,0,0,0,0,0,0,2.96062111210179,0,0,0,0,0,0,0,0,0,2.83866262435913,0,0,0,0,0,0,0,0,0,0,0,0,0,0,0,0,0,0,0,0,0,0,0,0,0,0,0,0,0,0,0,0,0,0,6.08213867544207,0,0,0,0,0,0,0,3.31020663001321,0,2.95869779586792,2.95953410322016,0,0,0
0,0,0,0,0,0,0,0,0,0,3.83648170863881,0,0,0,0,0,0,0,0,0,0,0,0,0,0,0,0,0,2.94605632389293,0,0,0,0,0,0,0,0,0,3.88948807163515,0,0,0,0,0,0,0,0,0,0,0,0,0,0,0,0,0,4.67050097465515,0,0,0,0,0,0,0,0,0,0,0,0,0,0,0,0,4.19808601134059,0,0,0,0,0,0,0,5.59946433796602,3.48894137144089,0,0,0,0
0,0,0,0,0,0,0,0,0,0,0,0,0,0,0,0,0,0,0,0,0,0,0,0,0,0,0,0,0,0,0,0,3.85633992858049,4.75542046807029,0,3.85947060510979,0,0,0,0,0,0,0,0,0,0,0,4.22862567392334,0,4.85568483670553,0,0,0,0,0,0,0,0,0,0,0,0,0,0,0,0,0,0,0,0,0,0,0,0,5.15594589119471,6.86955344567605,12.3547573770796,0,6.59207824084549,16.4899106392494,0,0,3.62533114381032,0,0,0,0
0,0,0,0,0,0,0,0,0,0,0,0,0,0,0,0,0,0,0,0,0,0,0,0,0,0,0,0,0,0,0,3.85633992858049,0,0,15.2363464236259,6.27345757484436,3.46355062188773,0,0,16.5079092979431,0,0,0,0,0,0,0,5.34695034166724,6.6290811697642,17.3056103596922,0,0,0,0,0,0,0,0,0,0,0,0,0,0,0,0,0,0,0,0,0,0,0,0,9.31135246488783,5.18836249740696,0,4.78297555655764,13.6946165561676,6.20763783577161,0,0,3.20359873190159,0,0,0,0
0,0,0,0,0,0,0,0,0,0,0,0,0,0,0,0,0,0,0,0,0,0,0,0,0,0,0,0,0,0,0,4.75542046807029,0,0,4.79177364565478,4.75986294084125,0,5.3455798185035,12.4260098934174,0,0,0,0,0,0,0,0,5.6969741763553,19.9091803656684,8.97084899064971,0,0,0,0,0,0,0,0,0,0,0,0,0,0,0,0,0,31.2518844604492,0,0,0,0,0,0,7.2970917224884,0,7.07445055317769,5.19847804849798,6.49044868932861,0,6.03846189643763,23.3963581431996,3.8182603598988,0,17.2309925715129,0,0
0,0,0,0,0,0,0,0,0,0,0,0,0,0,0,0,0,0,0,0,0,0,0,0,0,0,0,0,0,0,0,0,15.2363464236259,4.79177364565478,0,0,3.78986653523359,9.46769332885742,3.96937843886289,0,0,0,0,0,0,0,0,5.56335643955381,8.81823605039845,19.615164649102,0,0,0,0,0,0,0,0,0,0,0,0,0,0,0,0,0,0,0,0,0,0,0,0,0,13.6812556684017,7.3263318696112,4.59796779283721,0,6.44261368159409,15.433762550354,7.87280084039563,4.22389166349168,4.85482851664225,19.0800144295943,0,0
0,0,0,59.6557149887085,0,42.5047783851624,0,0,0,0,0,2.82948789288921,0,0,0,0,72.1133028666178,88.6590270996094,61.3696457712274,6.35796718747992,0,0,0,0,0,0,0,0,0,0,0,3.85947060510979,6.27345757484436,4.75986294084125,0,0,3.55100773815018,10.0989663018705,0,65.7754241943359,0,44.3995428650467,71.6628189086914,46.9218640327454,0,34.9736802818578,0,3.4861722363366,0,17.4901447296143,0,74.6516342163086,0,0,0,0,0,66.7929214477539,0,0,0,0,36.9255351820017,0,0,0,0,0,0,0,0,0,77.2735374450684,0,6.68562318086624,9.34783147363102,9.51745351091508,0,8.93854914267155,4.29219981448518,12.2345353216663,0,6.34965052272453,4.85365916391498,29.3638572026484,41.7608104142986,0
0,0,62.9826835964037,0,73.0973429679871,0,4.2215518951416,0,67.9639663696289,0,14.8430982145644,0,0,0,0,0,100.845344543457,0,68.0160536154723,0,3.16756075541705,0,0,0,0,0,0,0,0,0,0,0,3.46355062188773,0,3.78986653523359,3.55100773815018,0,10.3965479850769,6.21025546105255,0,78.085329691569,0,47.119337623502,0,51.6754951477051,99.2724685668945,37.7956463479504,6.16430570398058,44.8832485675812,0,61.335615606869,0,0,0,74.5711339314779,0,17.8214828507942,0,0,0,0,0,0,26.7725882947677,0,0,0,0,0,0,0,0,0,82.5988845825195,3.79602241516113,9.98227025293836,0,7.23700569506965,3.96174923075905,8.52863062183498,0,10.1341172143033,5.48478632427473,4.78629214708195,36.8535506526094,0,49.4847998747954
0,0,0,0,0,0,0,0,0,10.1688274984007,0,3.48053765447834,0,0,0,0,0,0,0,3.32125444071633,0,9.90396388989908,0,9.23339968656792,34.7515449523926,0,0,5.79958343896709,0,2.83866262435913,0,0,0,5.3455798185035,9.46769332885742,10.0989663018705,10.3965479850769,0,11.0700820419523,0,0,0,22.5688724517822,0,0,12.5990719795227,0,7.23614942251918,24.3915336006566,8.20605163054891,0,0,0,0,0,11.6666053649482,0,4.76722685054497,0,0,0,0,17.4513567233908,0,10.7469696457706,0,11.7735498704408,0,0,0,5.80486146009193,0,2.8071003981999,0,0,0,9.07401815846435,9.75471353530884,11.6892290759656,0,6.93795830831135,21.361627135958,6.19105741166207,0,5.65673285350204,0,0
0,0,74.5449085235596,0,0,0,0,0,7.3164224859268,0,5.93184802409644,0,0,0,0,0,0,0,78.5998344421387,0,6.53206765438829,0,3.95820310711861,0,5.50042911846205,0,0,0,7.00679976775728,0,3.88948807163515,0,0,12.4260098934174,3.96937843886289,0,6.21025546105255,11.0700820419523,0,0,0,0,17.6530174314976,0,0,0,43.0961710611979,13.1308908007409,5.92594092606151,30.7087517885061,0,0,0,0,10.3602470489545,0,10.3461394146697,0,0,0,0,0,0,41.0106873512268,50.1816749572754,5.18665432929993,0,9.06680476802519,0,0,0,7.36556481967852,0,4.72043627500534,0,0,0,4.91758152088487,0,9.26438015924521,0,5.90902400756537,5.78465343906672,5.20103410438255,9.01919689413942,0,54.0681428909302
0,0,0,39.0277027803309,0,51.340428352356,0,0,0,0,0,0,0,0,0,0,71.906957244873,55.7043929466834,38.6080456960473,0,0,0,0,0,0,0,0,0,0,0,0,0,16.5079092979431,0,0,65.7754241943359,0,0,0,0,0,23.6031811056329,60.1110473632813,32.2568196977888,0,25.1594921827316,70.5068054199219,6.46092213117159,0,8.10767341725653,0,51.3274230957031,0,0,86.50048828125,0,0,0,0,0,0,0,38.0614027098606,87.808765411377,0,0,0,0,0,0,0,0,63.2505760192871,0,0,0,0,0,10.9704890161753,80.6353073120117,21.0913267582655,89.5169334411621,37.8510285059611,37.1233111790248,18.6163824507357,19.2459240860409,57.3158721923828
0,0,38.3622665405273,0,49.0296401977539,0,0,0,0,0,0,0,0,0,0,0,58.4686431884766,72.8770332336426,44.1197796037462,0,0,0,0,0,0,0,0,0,0,0,0,0,0,0,0,0,78.085329691569,0,0,0,0,54.2440414428711,23.0291695566341,67.154359181722,26.0401020050049,0,28.8533134460449,12.6863535642624,7.70369599171174,0,50.4353981018066,0,0,0,48.8072776794434,0,36.3217067718506,0,0,0,0,0,0,18.6243994525961,0,0,0,0,0,0,0,0,0,44.6037330627441,0,2.81603527069092,0,0,90.6705576578776,19.6606573244331,0,52.4549077351888,42.1447060012817,50.9175205230713,17.8384240736984,63.6016489664714,17.901134465422
0,16.5302699267209,0,26.3717534654092,0,43.0060529708862,0,0,0,7.23316398385453,0,0,0,0,0,0,53.0592938127189,33.8192222933226,23.6698411708465,0,0,0,0,0,0,0,0,0,0,0,0,0,0,0,0,44.3995428650467,0,0,0,23.6031811056329,54.2440414428711,0,15.1735818631989,21.7385397127696,0,28.0982953198751,54.6718428475516,25.115642275129,37.5767158059513,18.0440879195876,0,41.9603017171224,0,0,0,0,0,17.9719485163249,0,0,0,0,28.2469005493804,64.9215602874756,0,0,0,0,0,0,20.1342742707994,0,17.8264087774384,71.4100198745728,0,0,0,0,25.9915185087412,67.3584551281399,24.1709119964344,39.892053604126,19.1110909946539,30.2547537979236,15.9956984884857,10.5188030814809,46.2989601135254
21.1222973430858,0,29.6000819686771,0,50.784704208374,0,0,0,8.86760828040895,0,0,0,0,0,0,0,44.7674954986572,50.9829147338867,24.701318934087,0,0,0,0,0,0,0,0,0,0,0,0,0,0,0,0,71.6628189086914,47.119337623502,22.5688724517822,17.6530174314976,60.1110473632813,23.0291695566341,15.1735818631989,0,41.7792914708455,26.5747009913127,59.0746180216471,27.536016397698,11.1010138059067,14.9735581874847,0,50.2644211905343,0,0,0,41.0355224033882,0,21.7108490834625,0,0,0,0,0,56.6590042114258,28.416420080269,0,0,0,0,0,0,0,0,0,15.6267590757276,0,0,0,0,72.3107502881218,26.6765416579714,0,25.1053184734777,18.2896516648917,33.9383245415158,15.3737325698793,42.8604858943394,9.3928912492947
0,0,0,20.418420791626,0,0,0,0,0,0,0,0,0,0,0,0,40.1762208938599,40.2643398284912,16.6058220674121,0,0,0,0,0,0,0,0,0,0,0,0,0,0,0,0,46.9218640327454,0,0,0,32.2568196977888,67.154359181722,21.7385397127696,41.7792914708455,0,0,17.9017014154574,0,0,0,22.1444746653239,0,0,0,0,0,0,0,28.8837064107259,0,0,0,0,35.1103225435529,74.199556350708,0,0,0,0,0,0,0,0,21.7030198838976,0,0,0,0,0,31.9495596371544,69.6930933500591,25.8516522457725,67.7998212178548,23.8462539273639,37.3435254096985,20.2579746345679,23.8758870533534,37.4359683990479
0,0,0,0,0,0,0,0,0,0,0,0,0,0,0,0,46.3372116088867,0,24.4266681432724,0,0,0,0,0,0,0,0,0,0,0,0,0,0,0,0,0,51.6754951477051,0,0,0,26.0401020050049,0,26.5747009913127,0,0,65.6999588012695,0,0,0,0,0,0,0,0,0,0,0,0,0,0,0,0,0,35.2785301208496,0,0,0,0,0,0,0,0,0,0,0,0,0,0,98.9067764282227,36.985413869222,0,25.326075553894,0,0,20.0050409573775,0,13.5571460723877
0,0,0,18.9297270093645,0,33.2669296264648,0,0,0,0,0,0,0,0,0,0,39.0795621871948,48.8100426991781,28.8092458508026,11.9057559967041,0,0,0,0,0,0,0,0,0,0,0,0,0,0,0,34.9736802818578,99.2724685668945,12.5990719795227,0,25.1594921827316,0,28.0982953198751,59.0746180216471,17.9017014154574,65.6999588012695,0,50.9425258636475,0,75.7802505493164,27.5782076517741,0,29.5465450286865,0,0,0,0,0,17.6663628578186,0,0,0,0,19.6402791479132,0,0,0,0,0,0,0,30.6501798629761,0,30.0837228775024,0,0,0,0,0,23.224100589113,79.0802230834961,13.1538481776454,0,22.6003134818304,0,18.1697563794094,31.9947837193807,0
0,0,23.1192554127086,0,35.6787948608398,0,0,0,0,0,16.088436126709,0,0,0,0,0,40.1191568374634,53.7544887542725,25.5347383042686,0,9.2817999124527,0,0,0,0,0,0,0,0,0,0,0,0,0,0,0,37.7956463479504,0,43.0961710611979,70.5068054199219,28.8533134460449,54.6718428475516,27.536016397698,0,0,50.9425258636475,0,34.8527167850071,33.9800017144945,27.0297379493713,34.6521249854046,0,0,0,35.2347480773926,0,16.6286720351169,0,0,0,0,0,0,16.583386789367,0,0,0,0,0,0,0,0,71.5713577270508,16.0316460553338,0,0,0,0,76.8746074329723,26.7198218666145,0,15.4206497461899,35.8276045895362,32.5793018341064,18.1368971092803,53.4704647064209,34.8794364929199
0,0,0,33.5004425048828,45.6159973144531,44.7514381408691,0,0,34.8199234008789,0,0,0,0,0,0,0,0,0,0,0,0,15.1342380046844,28.3828735351562,0,23.4592924118042,0,0,0,0,0,0,4.22862567392334,5.34695034166724,5.6969741763553,5.56335643955381,3.4861722363366,6.16430570398058,7.23614942251918,13.1308908007409,6.46092213117159,12.6863535642624,25.115642275129,11.1010138059067,0,0,0,34.8527167850071,0,11.6171432150082,12.195265455765,48.678150177002,0,0,0,39.0519940853119,0,56.4264144897461,0,0,0,0,0,0,0,14.8067474365234,0,14.5124797821045,22.0425857305527,0,0,0,0,0,39.090989112854,6.22704629799496,5.62470828190168,6.04739644902872,7.3320956840988,6.55777092458776,7.07401242284297,8.39656414937733,12.2763788871069,11.8698706661296,42.1382064819336,12.5195391629401,0,16.8037090301514
6.83342464515782,0,9.75493571907282,0,48.3518558078342,52.3649444580078,0,0,9.72166313230991,0,0,0,0,0,4.44152066625398,0,0,0,36.2611351013184,0,0,0,9.74878482108421,0,9.46997551451948,0,0,0,0,0,0,0,6.6290811697642,19.9091803656684,8.81823605039845,0,44.8832485675812,24.3915336006566,5.92594092606151,0,7.70369599171174,37.5767158059513,14.9735581874847,0,0,75.7802505493164,33.9800017144945,11.6171432150082,0,22.9180352333095,51.4352922439575,0,0,0,17.9287881212575,0,47.0483951568604,0,5.00693973127779,0,5.06599285887248,0,0,26.2017008128919,0,3.47934241442717,0,6.44696569809547,0,4.18178650839575,0,3.87491853172715,0,65.4326000213623,0,7.23222671236311,19.3459978699684,7.0592635207706,19.9135780334473,8.63539135969427,27.7131829695268,5.94480060366697,16.3584312914474,31.5732977250043,14.9275758441051,49.6018104553223,31.8270064267245
0,6.19257300683307,0,7.57769136473259,0,47.3362522954526,0,0,0,4.82298583250779,0,0,0,0,0,0,0,53.7159385681152,25.1254619598389,37.9579925537109,0,10.2467809699831,0,10.9227677890233,0,0,0,0,0,0,0,4.85568483670553,17.3056103596922,8.97084899064971,19.615164649102,17.4901447296143,0,8.20605163054891,30.7087517885061,8.10767341725653,0,18.0440879195876,0,22.1444746653239,0,27.5782076517741,27.0297379493713,12.195265455765,22.9180352333095,0,0,47.4602512012829,0,0,0,5.99794933429131,0,14.6539614451237,0,16.4935378758412,0,10.6271047592163,32.5238061384721,0,7.53305623572686,0,7.86485370619213,31.0782279968262,4.98331707528552,0,9.62099508322007,0,23.9427327712377,0,4.66957747936249,16.7417614119393,18.5215544700623,18.3430185317993,6.02138161241776,0,5.35103842939129,26.6650464894385,18.3843883490742,28.6312853332259,12.8427192438349,11.4805807797414,52.2076034545898
0,0,7.94796486002334,0,4.18357414007187,0,6.42314070463181,0,0,0,42.5293846130371,0,0,0,0,0,0,0,99.3847808837891,0,11.6348284855485,0,0,0,0,0,0,0,0,0,0,0,0,0,0,0,61.335615606869,0,0,0,50.4353981018066,0,50.2644211905343,0,0,0,34.6521249854046,48.678150177002,51.4352922439575,0,0,0,3.98713458776474,0,2.80590677261353,0,7.85637016662305,0,4.30367846151895,0,3.99446603347515,0,0,13.8374399928486,0,0,0,0,0,0,0,0,0,42.1342564991542,0,0,0,0,0,56.9842249155045,0,47.5103300562445,25.5481738899693,0,11.0676003794391,0,38.0963449478149
0,0,0,8.56781599129716,0,3.33740982990856,0,0,0,0,0,7.23271322250366,0,4.48270952701569,0,5.22304004811226,0,0,37.931999206543,5.61869230270386,0,0,0,0,0,0,0,0,0,0,0,0,0,0,0,74.6516342163086,0,0,0,51.3274230957031,0,41.9603017171224,0,0,0,29.5465450286865,0,0,0,47.4602512012829,0,0,0,0,0,0,0,6.162734209223,0,4.14971379066,0,4.61649988418402,8.20766990714603,0,0,0,0,0,0,0,0,0,43.0074954562717,0,0,0,0,0,49.5645060539246,0,46.5574264526367,0,4.723881156821,0,11.5313854976134,0,0
0,0,0,0,4.64699995377484,0,3.81825072668795,0,0,0,4.15493395791125,0,6.12930583953857,0,0,0,0,0,0,0,8.28943043488723,0,0,0,0,0,0,0,0,0,0,0,0,0,0,0,0,0,0,0,0,0,0,0,0,0,0,0,0,0,3.98713458776474,0,0,0,0,0,3.82031153859916,0,5.17040872573853,0,0,0,0,10.5218439724134,0,0,0,0,0,0,0,0,0,0,0,0,0,0,0,0,0,0,0,0,5.67853070795536,0,0
0,0,0,0,0,0,0,3.04080484895145,0,0,0,3.97336602210999,0,0,0,0,0,0,0,10.976409971714,0,0,0,0,0,0,0,0,0,0,0,0,0,0,0,0,0,0,0,0,0,0,0,0,0,0,0,0,0,0,0,0,0,0,0,0,0,4.46231244007746,0,0,0,0,10.2632089455922,0,0,0,0,0,0,0,0,0,0,0,0,0,0,0,0,0,0,0,2.95931488275528,0,0,0,0
4.90223081650273,0,10.3012797904737,0,0,0,0,0,6.18033255972624,0,0,0,0,0,5.13037024946774,0,0,0,32.9276920318604,0,0,0,0,0,6.93859435044802,0,0,0,0,0,0,0,0,0,0,0,74.5711339314779,0,10.3602470489545,86.50048828125,48.8072776794434,0,41.0355224033882,0,0,0,35.2347480773926,39.0519940853119,17.9287881212575,0,2.80590677261353,0,0,0,0,0,39.8091160700871,0,4.65033292770386,0,5.48791659548042,0,0,62.1378707885742,0,0,0,7.38976696827127,0,0,0,0,0,41.5489215087891,0,0,0,0,98.2834243774414,54.8689464878392,0,14.5525609320699,15.3498627692461,32.3654819488525,13.8315099674451,64.908821105957,52.1124248504639
0,4.52186638032886,0,0,0,0,0,0,0,5.7299285979203,0,0,0,0,0,2.95452606678009,0,0,0,0,0,0,0,5.99893923427748,0,0,0,0,0,0,0,0,0,0,0,0,0,11.6666053649482,0,0,0,0,0,0,0,0,0,0,0,5.99794933429131,0,0,0,0,0,0,0,0,0,0,0,3.33752591594769,0,0,0,0,6.94938295565614,0,0,0,0,0,0,0,0,0,21.6319035308002,0,0,0,13.5854618786687,0,6.19192547850556,7.78140759468079,6.80393133805348,0,0
0,0,25.4726304675959,0,39.8982354799906,0,4.81207941685404,0,34.5658950805664,0,7.14910520577733,0,3.74893502567125,0,0,0,0,82.505989074707,31.2266690390451,0,5.83991155185198,0,0,0,0,0,0,0,0,0,4.67050097465515,0,0,0,0,0,17.8214828507942,0,10.3461394146697,0,36.3217067718506,0,21.7108490834625,0,0,0,16.6286720351169,56.4264144897461,47.0483951568604,0,7.85637016662305,0,3.82031153859916,0,39.8091160700871,0,0,0,5.08701224505747,0,4.71723920106888,0,0,10.5027828537632,0,0,0,0,0,0,0,3.91149934996729,0,11.5641842270854,0,0,0,0,0,46.4383136616197,0,36.0162398394416,21.5789406213829,34.0943634156828,14.0594256950908,0,19.135998027078
0,0,0,25.6386232448898,0,7.64060819149017,0,3.79800963401794,0,0,0,4.52717007885318,0,2.85776580704583,0,0,0,0,26.9662103324101,5.76505601696852,0,0,0,0,0,0,0,0,0,0,0,0,0,0,0,66.7929214477539,0,4.76722685054497,0,0,0,17.9719485163249,0,28.8837064107259,0,17.6663628578186,0,0,0,14.6539614451237,0,6.162734209223,0,4.46231244007746,0,0,0,0,0,4.96187861502429,0,5.21169185638428,12.7237340876073,0,27.6240891047886,0,28.8948860168457,0,23.9016357421875,0,8.39921593355636,0,8.288620940087,0,0,0,0,0,42.1325652524829,0,28.5413715362549,0,22.5869228612809,40.1223131067613,13.2051269452816,18.3557349502063,0
0,0,0,0,5.60193986242468,0,3.89068303324959,0,0,0,3.00126730071174,0,3.10977965023207,0,0,0,0,0,0,0,0,0,0,0,0,0,0,0,0,0,0,0,0,0,0,0,0,0,0,0,0,0,0,0,0,0,0,0,5.00693973127779,0,4.30367846151895,0,5.17040872573853,0,4.65033292770386,0,5.08701224505747,0,0,0,4.03247802403137,0,0,13.4612522125244,0,0,0,0,0,0,0,3.73330154934445,0,0,0,0,0,0,0,0,0,0,2.99762837995182,3.27288329601288,5.482321248335,0,0
0,0,0,5.40754335759634,0,4.32105550250492,0,0,0,0,0,3.12770733114791,0,3.7787938532622,0,0,0,0,0,0,0,0,0,0,0,0,0,0,0,0,0,0,0,0,0,0,0,0,0,0,0,0,0,0,0,0,0,0,0,16.4935378758412,0,4.14971379066,0,0,0,0,0,4.96187861502429,0,0,0,4.05270450366171,14.4393842697144,0,24.1752161298479,0,21.0728595733643,0,21.5642243260923,0,6.77779732529587,0,0,0,0,0,0,0,39.3604278564453,0,0,0,2.87411623001099,2.85408461093903,9.76532604477622,0,0
3.4798880815506,0,6.58159804344177,0,3.78628853956858,0,0,0,2.80139412879944,0,0,0,2.95251798629761,0,3.74903506472491,0,28.5557595491409,45.946044921875,45.7655181884766,0,0,0,0,0,22.9794769287109,0,0,0,0,0,0,0,0,0,0,0,0,0,0,0,0,0,0,0,0,0,0,0,5.06599285887248,0,3.99446603347515,0,0,0,5.48791659548042,0,4.71723920106888,0,4.03247802403137,0,0,0,0,0,0,0,0,0,0,2.96600794792175,0,0,0,0,0,0,0,0,0,0,0,0,11.9577793824045,2.95281541347504,0,0,0
0,3.43601710455758,0,4.10344590459551,0,4.79867726785165,0,0,0,3.15154670238495,0,0,0,0,0,3.71422705097475,37.670955657959,17.7253119680617,19.0031986236572,0,0,0,0,17.9115390777588,0,0,0,0,0,0,0,0,0,0,0,0,0,0,0,0,0,0,0,0,0,0,0,0,0,10.6271047592163,0,4.61649988418402,0,0,0,3.33752591594769,0,5.21169185638428,0,4.05270450366171,0,0,0,0,0,0,0,0,0,0,0,0,0,0,0,0,0,0,0,0,0,0,7.55953298509121,3.27609270811081,8.77113318443298,0,0
0,0,0,14.048078417778,0,17.3094024658203,0,8.3338995713454,0,0,0,8.8580694378925,0,0,0,0,0,69.73841603597,46.1655038904261,5.8382207039404,0,0,0,0,0,0,0,0,0,0,0,0,0,0,0,36.9255351820017,0,17.4513567233908,0,38.0614027098606,0,28.2469005493804,56.6590042114258,35.1103225435529,0,19.6402791479132,0,0,0,32.5238061384721,0,8.20766990714603,0,10.2632089455922,0,0,0,12.7237340876073,0,14.4393842697144,0,0,0,0,0,0,0,0,0,0,21.7886582704691,0,21.1913582567024,0,0,0,0,0,17.8472770085679,97.9190444946289,16.1966676784051,0,40.5644740731628,48.5048656463623,18.4997314938152,40.4283611774445,0
0,0,30.3710265159607,0,13.0085302829742,0,10.409728753033,0,45.4635791778564,0,7.82626677708453,0,0,0,0,0,62.1662693023682,89.2100982666016,50.6752766811486,0,6.88932034927635,0,0,0,0,0,0,0,0,0,0,0,0,0,0,0,26.7725882947677,0,41.0106873512268,87.808765411377,18.6243994525961,64.9215602874756,28.416420080269,74.199556350708,35.2785301208496,0,16.583386789367,0,26.2017008128919,0,13.8374399928486,0,10.5218439724134,0,62.1378707885742,0,10.5027828537632,0,13.4612522125244,0,0,0,0,0,0,0,0,0,0,0,0,0,0,17.0456864313752,0,0,0,0,93.1230773925781,17.3042754973646,0,16.7332215814242,35.4140575631165,51.4249969482422,18.5897498710917,68.3939819335938,43.3610042425302
0,0,0,0,0,0,0,0,0,0,0,0,0,0,0,0,21.1009802084703,7.81122709169082,38.992983341217,0,0,5.47680401369667,0,6.19965896239647,0,7.58695616040911,0,0,0,0,0,0,0,0,0,0,0,10.7469696457706,50.1816749572754,0,0,0,0,0,0,0,0,14.8067474365234,0,7.53305623572686,0,0,0,0,0,0,0,27.6240891047886,0,24.1752161298479,0,0,0,0,0,24.8681917190552,3.82529827605846,0,4.47018129708337,0,9.46590370378074,0,0,0,0,0,0,0,0,0,6.53168712767639,0,9.35179863870144,0,23.4879651069641,0,0
0,0,0,0,0,0,0,0,26.2242107391357,0,0,0,0,0,34.760413646698,0,21.3727251676952,40.688113117218,40.273362716039,0,0,0,4.24800884208925,0,4.89255433333548,0,5.77211276265501,0,0,0,0,0,0,0,0,0,0,0,5.18665432929993,0,0,0,0,0,0,0,0,0,3.47934241442717,0,0,0,0,0,0,0,0,0,0,0,0,0,0,0,24.8681917190552,0,0,3.3541374314915,0,4.90055355333513,0,3.99710083007812,0,0,0,0,0,0,0,0,0,5.63392199122387,7.29740930387848,0,0,0,0
0,0,0,0,0,0,0,0,0,3.23332010269165,0,0,0,0,0,0,47.0027198791504,21.0433809280396,0,0,0,6.91652978383578,0,5.65660841700931,0,4.55199673279472,0,0,0,0,0,0,0,0,0,0,0,11.7735498704408,0,0,0,0,0,0,0,0,0,14.5124797821045,0,7.86485370619213,0,0,0,0,0,6.94938295565614,0,28.8948860168457,0,21.0728595733643,0,0,0,0,3.82529827605846,0,0,0,4.94822188744477,0,12.9832873801271,0,0,0,0,0,16.5500151316325,0,0,0,6.54434031045779,0,4.73988595604897,0,8.6661870136261,0,0
0,0,0,0,0,0,0,0,0,0,0,0,0,0,0,0,0,0,0,0,0,0,3.3587791400078,0,4.70253700646021,0,3.0421743117846,0,0,0,0,0,0,31.2518844604492,0,0,0,0,9.06680476802519,0,0,0,0,0,0,0,0,22.0425857305527,6.44696569809547,31.0782279968262,0,0,0,0,7.38976696827127,0,0,0,0,0,0,0,0,0,0,3.3541374314915,0,0,0,6.10044527053833,0,0,0,0,0,0,0,0,0,0,0,10.1516610902898,6.72231784099486,0,8.06371501286825,0,0
0,0,0,0,0,0,0,0,0,0,0,0,0,0,51.6657028198242,0,51.7377758026123,13.0668008602027,24.8884892463684,0,0,12.9747932658476,37.2623558044434,9.35309846060617,0,6.00401112011501,0,2.78883719444275,0,0,0,0,0,0,0,0,0,0,0,0,0,0,0,0,0,0,0,0,0,4.98331707528552,0,0,0,0,0,0,0,23.9016357421875,0,21.5642243260923,0,0,0,0,4.47018129708337,0,4.94822188744477,0,0,0,7.27729266918781,0,0,0,0,0,0,0,0,0,0,0,10.3542581359042,0,3.17730736732483,0,0
0,0,0,0,0,0,0,0,7.16166353225708,0,0,0,0,0,0,0,11.4806414540609,0,0,0,0,0,6.86505605893977,0,0,0,4.20683661515657,0,7.13672799330491,0,0,0,0,0,0,0,0,0,0,0,0,0,0,0,0,0,0,0,4.18178650839575,0,0,0,0,0,0,0,0,0,0,0,2.96600794792175,0,0,0,0,4.90055355333513,0,6.10044527053833,0,0,0,4.06082686166915,0,0,0,0,0,0,0,0,0,0,10.8086236476898,0,0,0,0
0,0,0,0,0,0,0,0,0,0,0,0,0,2.83787941932678,0,0,0,0,0,0,0,8.06287229762358,0,13.2843244921777,0,0,0,5.06274265613196,0,0,0,0,0,0,0,0,0,5.80486146009193,0,0,0,20.1342742707994,0,0,0,30.6501798629761,0,0,0,9.62099508322007,0,0,0,0,0,0,0,8.39921593355636,0,6.77779732529587,0,0,21.7886582704691,0,9.46590370378074,0,12.9832873801271,0,7.27729266918781,0,0,0,3.69239422923229,0,0,0,0,0,45.2238566080729,0,6.26545047249113,0,2.85135114192963,3.07733186653682,20.047988319397,24.015064239502,0
0,0,0,0,0,0,0,0,0,0,0,0,0,0,0,0,0,0,0,0,0,0,0,0,0,0,0,0,4.45542013339507,0,0,0,0,0,0,0,0,0,7.36556481967852,0,0,0,0,0,0,0,0,0,3.87491853172715,0,0,0,0,0,0,0,3.91149934996729,0,3.73330154934445,0,0,0,0,0,0,3.99710083007812,0,0,0,4.06082686166915,0,0,0,3.9905372593138,0,0,0,0,0,0,0,4.85282051858173,0,0,0,0,0
0,0,0,29.5714704625122,0,43.1572042192732,0,0,0,0,0,10.6121837298075,0,0,0,0,0,0,27.2007494194563,14.0520205368867,0,77.7587203979492,0,0,0,0,0,3.10911116474553,0,6.08213867544207,0,0,0,0,0,77.2735374450684,0,2.8071003981999,0,63.2505760192871,0,17.8264087774384,0,21.7030198838976,0,30.0837228775024,71.5713577270508,0,0,23.9427327712377,0,43.0074954562717,0,0,0,0,0,8.288620940087,0,0,0,0,21.1913582567024,0,0,0,0,0,0,0,3.69239422923229,0,0,78.3123168945312,0,0,0,0,49.294688552712,80.0136108398438,5.03509967279645,0,21.6440514416065,29.9560186004639,24.3680275290276,19.3791627191071,0
0,0,30.833698862824,0,40.1715206570096,0,0,0,36.8582592010498,0,4.62762133509135,0,0,0,0,0,0,75.2306976318359,28.7999813851346,0,5.52105689965762,0,0,0,0,0,0,0,2.88193875551224,0,4.19808601134059,0,0,0,0,0,82.5988845825195,0,4.72043627500534,0,44.6037330627441,71.4100198745728,15.6267590757276,0,0,0,16.0316460553338,39.090989112854,65.4326000213623,0,42.1342564991542,0,0,0,41.5489215087891,0,11.5641842270854,0,0,0,0,0,0,17.0456864313752,0,0,0,0,0,0,0,3.9905372593138,78.3123168945312,0,0,0,0,0,0,50.1077136993408,0,6.31362635078329,33.4392822287803,38.2201413335027,18.4438841558544,0,18.326716248582
0,0,0,0,0,0,0,0,0,0,0,0,0,0,0,0,0,0,0,0,0,0,0,0,0,0,0,0,0,0,0,5.15594589119471,9.31135246488783,7.2970917224884,0,6.68562318086624,3.79602241516113,0,0,0,0,0,0,0,0,0,0,6.22704629799496,0,4.66957747936249,0,0,0,0,0,0,0,0,0,0,0,0,0,0,0,0,0,0,0,0,0,0,0,0,0,13.1456918274915,5.30028483046203,0,14.9049065416775,14.1038580735525,14.0856068929036,0,5.89565640796315,0,0,0,0
0,0,0,0,0,0,0,0,0,0,0,0,0,0,0,0,0,0,0,0,0,0,0,0,0,0,0,0,0,0,0,6.86955344567605,5.18836249740696,0,13.6812556684017,9.34783147363102,9.98227025293836,0,0,0,2.81603527069092,0,0,0,0,0,0,5.62470828190168,7.23222671236311,16.7417614119393,0,0,0,0,0,0,0,0,0,0,0,0,0,0,0,0,0,0,0,0,0,0,0,0,13.1456918274915,0,0,3.86805079454021,13.5859792523268,8.55313792364577,0,0,4.52972842590572,0,0,0,0
0,0,0,0,0,0,0,0,0,22.0849455163834,0,0,0,0,0,0,0,0,0,0,0,0,0,0,0,0,0,0,0,0,0,12.3547573770796,0,7.07445055317769,7.3263318696112,9.51745351091508,0,9.07401815846435,0,0,0,0,0,0,0,0,0,6.04739644902872,19.3459978699684,18.5215544700623,0,0,0,0,0,21.6319035308002,0,0,0,0,0,0,0,0,0,0,16.5500151316325,0,0,0,0,0,0,0,5.30028483046203,0,0,8.89286408217057,7.39427491049072,0,5.55755465276281,24.5720767974854,5.36856223698016,0,14.9428847753085,0,0
0,0,0,0,0,0,0,0,0,0,0,0,0,0,0,0,0,0,0,0,0,0,0,0,0,0,0,0,0,0,0,0,4.78297555655764,5.19847804849798,4.59796779283721,0,7.23700569506965,9.75471353530884,4.91758152088487,0,0,0,0,0,0,0,0,7.3320956840988,7.0592635207706,18.3430185317993,0,0,0,0,0,0,0,0,0,0,0,0,0,0,0,0,0,0,0,0,0,0,0,0,0,3.86805079454021,8.89286408217057,0,0,5.07600083175881,0,4.33481199765943,3.81533278437222,0,17.5507316589355,0,0
0,0,85.2392654418945,43.0758124519797,0,33.9737786187066,0,0,0,0,0,12.7449537595113,0,0,84.8460388183594,0,61.7912992291746,63.5327491215297,46.5602083776918,7.56982567023348,0,73.1046829223633,0,0,0,0,0,0,0,0,0,6.59207824084549,13.6946165561676,6.49044868932861,0,8.93854914267155,3.96174923075905,11.6892290759656,0,10.9704890161753,90.6705576578776,25.9915185087412,72.3107502881218,31.9495596371544,98.9067764282227,23.224100589113,76.8746074329723,6.55777092458776,19.9135780334473,6.02138161241776,0,49.5645060539246,0,0,98.2834243774414,0,0,42.1325652524829,0,39.3604278564453,0,0,17.8472770085679,93.1230773925781,0,0,0,0,0,0,45.2238566080729,0,49.294688552712,0,14.9049065416775,13.5859792523268,7.39427491049072,0,0,24.1867494216332,12.872938457036,0,13.6657679139913,28.2524303930352,21.7101476633237,26.688070368598,81.4719562530518
0,0,44.8935182786757,0,58.5843126850743,0,3.58774757385254,0,63.5384407043457,0,3.78039996964591,0,0,0,0,0,68.3939897537231,77.7849188265593,46.8998854888859,0,8.2398709186592,0,0,75.5421905517578,0,0,0,0,0,0,0,16.4899106392494,6.20763783577161,0,6.44261368159409,4.29219981448518,8.52863062183498,0,9.26438015924521,80.6353073120117,19.6606573244331,67.3584551281399,26.6765416579714,69.6930933500591,36.985413869222,79.0802230834961,26.7198218666145,7.07401242284297,8.63539135969427,0,56.9842249155045,0,0,0,54.8689464878392,0,46.4383136616197,0,0,0,0,0,97.9190444946289,17.3042754973646,0,0,0,0,0,0,0,0,80.0136108398438,50.1077136993408,14.1038580735525,8.55313792364577,0,5.07600083175881,24.1867494216332,0,90.2795867919922,7.06042131332502,16.1590003271317,31.1427749239165,24.8758715089945,67.236870765686,28.6529998689788
