0,0,0.111481509606043,0,0,0,0,0,0.154073618846921,0,0,0,0,0,0,0,0,0.35214900970459,0.244234896518967,0,0,0,0,0,0.217390149831772,0,0,0,0,0,0,0,0,0,0,0,0,0,0.165774933993816,0,0.315359512964884,0.236016362905502,0.287073108592424,0,0,0,0.202039902408918,0.241779208183289,0.188730885112739,0,0,0,0,0,0.215602140348466,0,0,0,0,0,0.189089804887772,0,0,0.23934551080068,0,0,0,0.225747580480094,0,0,0,0,0,0,0,0,0,0,0,0.310338534034082,0,0,0.141739353966027,0,0.197966046547364,0,0
0,0,0,0.1254661262665,0,0,0,0,0,0.205769544979616,0,0,0,0,0,0,0,0,0.274679955223511,0,0,0,0,0,0,0,0,0,0,0,0,0,0,0,0,0,0,0,0,0.247923985123634,0.376666456460953,0.2537998725162,0.310768753290176,0,0,0.235602989792824,0,0.263672726228833,0,0.160086007958109,0,0,0,0,0,0.214350308909396,0,0.210580549456856,0,0.171717867255211,0,0.200606008230377,0.210186362266541,0,0,0,0.212431957945228,0,0,0,0,0,0.256648613760869,0,0,0,0,0,0.300622426146685,0.283703088760376,0.342489834536206,0.283961236476898,0.176067387076413,0,0.156618493550923,0,0
0.111481509606043,0,0,0,0,0,0,0,0.131128844805062,0,0,0,0,0,0,0,0,0,0.226167570799589,0,0,0,0,0,0.257481376330058,0,0,0,0,0,0,0,0,0,0.288112524719465,0,0,0,0.233376711606979,0,0.228665194692819,0.214352831244469,0.259295570320989,0,0,0,0.20252264291048,0.269085294413335,0.222830568499705,0.218526318669319,0.19752613098725,0,0,0,0,0,0.217393570524805,0,0.181045761288599,0,0,0,0,0.247145175933838,0,0,0,0,0,0,0,0,0,0.270966215626053,0,0,0,0.279192078113556,0.203532204031944,0.234525501956137,0,0.296891742656308,0.246442054913324,0,0.208867321848603,0,0.220801612192934
0,0.1254661262665,0,0,0,0.111275151371956,0,0,0,0.10178054223458,0,0,0,0,0,0,0.249542042613029,0.234473906457424,0.235312730073929,0.144041654964288,0,0,0,0,0,0,0,0,0,0,0,0,0,0,0,0.156969159841537,0,0,0,0.204327329825819,0,0.257159994343917,0,0,0,0.143788777291775,0,0.226963010430336,0.22415145825256,0.197187551297247,0,0,0,0,0,0,0,0.165030646357271,0,0,0,0,0,0,0,0,0,0,0,0,0,0,0.269948470095793,0,0,0,0,0,0.22541813992086,0,0.291040780869397,0,0.161758397166666,0,0.162600207302562,0,0
0,0,0,0,0,0,0,0,0,0,0,0,0,0,0,0,0,0,0,0,0.127422550838296,0,0,0,0,0,0,0,0,0,0,0,0,0,0,0,0,0,0,0,0.179107822477818,0,0,0,0,0,0,0.188793748617172,0.208769336342812,0.159131124615669,0.184109128227359,0,0,0,0,0,0,0,0.232870981097221,0,0,0,0,0.152507330439985,0,0,0,0,0,0,0,0,0,0,0,0,0,0,0,0.138430903355281,0,0,0.165900139723505,0.164554670453072,0.144572817257061,0,0
0,0,0,0.111275151371956,0,0,0,0.166131664283466,0,0.139411598443985,0,0.201614571114381,0,0,0,0.199339729547501,0,0,0.226068332791328,0.153640092378764,0,0,0,0,0,0,0,0,0,0,0,0,0,0,0,0.166144192218781,0,0,0,0.178783991374075,0,0.219961997653757,0,0,0,0.151738266150157,0,0,0.228141476710637,0.178912642327222,0,0.178547703143623,0,0,0,0.181378781795502,0,0.201230145990849,0,0.225404933094978,0,0.21805422433785,0.161010222700903,0,0,0,0,0,0,0,0,0,0,0,0,0,0,0,0.191267484426498,0,0,0,0.169371876913006,0,0.163883498065101,0,0
0,0,0,0,0,0,0,0,0,0,0.186883684168471,0,0.152483951013822,0,0,0,0,0,0,0,0.139561905501745,0,0,0,0,0,0,0,0,0,0,0,0,0,0,0,0,0,0,0,0,0,0,0,0,0,0,0,0,0,0,0,0.199181172080065,0,0,0,0.196474070169709,0,0.154160711914301,0,0,0,0,0.166614055633545,0,0,0,0,0,0,0,0,0,0,0,0,0,0,0,0,0,0,0.159726676596722,0,0,0,0
0,0,0,0,0,0.166131664283466,0,0,0,0,0,0.12902176823165,0,0,0,0,0,0,0,0.11786044900154,0,0,0,0,0,0,0,0,0,0,0,0,0,0,0,0.137429161795548,0,0,0,0,0,0,0,0,0,0,0,0,0,0,0,0.186579172478782,0,0.18099868674919,0,0,0,0.152994945645332,0,0.203800880246692,0,0,0.143082766793668,0,0,0,0,0,0,0,0,0,0,0,0,0,0,0,0.137298613786697,0,0,0,0.166275750403687,0,0.144020469486713,0,0
0.154073618846921,0,0.131128844805062,0,0,0,0,0,0,0,0,0,0,0,0,0,0.246335551142693,0,0,0,0,0,0,0,0.147410703247244,0,0,0,0,0,0,0,0,0,0,0,0,0,0.194857216821421,0,0,0,0.157903158416351,0,0,0,0,0,0.198823273181915,0,0,0,0,0,0.191748410359599,0,0,0,0,0,0.204567402601242,0,0,0.337662547826767,0,0,0,0.227714115822757,0,0,0,0,0,0,0,0,0,0,0,0,0,0.235378025959318,0.172160912227063,0.209948367797411,0.146508472578047,0,0.162114794055621
0,0.205769544979616,0,0.10178054223458,0,0.139411598443985,0,0,0,0,0,0,0,0,0,0.173623327045671,0,0.266034987237718,0,0,0,0,0,0.19642493998011,0,0.184837350791151,0,0,0,0,0,0,0,0,0,0,0,0.242716125647227,0,0,0,0.171011062549508,0,0,0,0,0,0,0,0.192534320987761,0,0,0,0,0,0.218830768786665,0,0,0,0,0,0.166253440999068,0,0,0,0,0.208943128585815,0,0.173477335522572,0,0,0,0,0,0,0,0,0,0,0,0.259339142813642,0,0.208410962151861,0,0.228733974813579,0.142618671059608,0
0,0,0,0,0,0,0.186883684168471,0,0,0,0,0,0.195948472137713,0,0,0,0,0,0,0,0.153077387837869,0,0,0,0,0,0,0,0.235291526853284,0,0.132478549638215,0,0,0,0,0,0.15279262642569,0,0.151051416516096,0,0,0,0,0,0,0,0,0,0,0,0,0,0.155346508163053,0,0,0,0.177007475740138,0,0.18056115303954,0,0,0,0,0.151146309450269,0,0,0,0,0,0,0,0.198059818148613,0,0.154516247180956,0,0,0,0,0,0.14870780765226,0,0.161946395837416,0.1493696601635,0,0.160839052663909,0,0
0,0,0,0,0,0.201614571114381,0,0.12902176823165,0,0,0,0,0,0.168984486000572,0,0,0,0,0,0.141156882745406,0,0,0,0,0,0,0,0.206675166584025,0,0.143811228448775,0,0,0,0,0,0.170785765641459,0,0.180976761626958,0,0,0,0,0,0,0,0,0,0,0,0,0,0.228098543665626,0,0.191926583647728,0,0,0,0.178739928556306,0,0.177637792461222,0,0,0.16780877533696,0,0,0,0,0,0,0,0.199973288509581,0,0.287668120115995,0,0,0,0,0,0.183579918567932,0,0.183794270334287,0,0.169093727090159,0.169757176889107,0.274451225996017,0,0
0,0,0,0,0,0,0.152483951013822,0,0,0,0.195948472137713,0,0,0,0.169744387728932,0,0,0,0,0,0,0,0,0,0,0,0.179364268268858,0,0.199230525642633,0,0,0,0,0,0,0,0,0,0,0,0,0,0,0,0,0,0,0,0,0,0,0,0.15843985373011,0,0,0,0.20229496196935,0,0.183540375831792,0,0.165636605068819,0,0,0,0,0,0,0,0,0,0,0.179297422369321,0,0,0,0,0,0,0,0,0,0,0.188977726336036,0.156041382023921,0,0,0
0,0,0,0,0,0,0,0,0,0,0,0.168984486000572,0,0,0,0.1873170103173,0,0,0,0,0,0,0,0,0,0.172498098015785,0,0.168998807668686,0,0,0,0,0,0,0,0,0,0,0,0,0,0,0,0,0,0,0,0,0,0,0,0,0,0,0,0,0,0.175332943994677,0,0.182849315283377,0,0,0,0,0,0,0,0,0,0,0.177089136093855,0,0,0,0,0,0,0,0,0,0,0,0.201772411751852,0.179004102621389,0,0,0
0,0,0,0,0,0,0,0,0,0,0,0,0.169744387728932,0,0,0,0.131328538060188,0,0,0,0,0,0,0,0,0,0.15205554664135,0,0,0,0,0,0,0,0,0,0,0,0,0,0,0,0,0,0,0,0,0,0,0,0.200791438178318,0,0,0,0,0,0,0,0.177450514393426,0,0.171908869970325,0,0,0,0,0,0,0,0,0,0,0.178740087151527,0,0,0,0,0,0,0,0,0,0,0.157744054627769,0.246686044832071,0,0,0
0,0,0,0,0,0.199339729547501,0,0,0,0.173623327045671,0,0,0,0.1873170103173,0,0,0,0.0982997924089432,0,0,0,0,0,0,0,0,0,0,0,0,0,0,0,0,0,0,0,0,0,0,0,0,0,0,0,0,0,0,0,0,0,0.208199986815453,0,0,0,0.141656972467899,0,0,0,0.170487011472384,0,0.195675743619601,0,0,0,0,0,0,0,0,0,0,0,0,0,0,0,0,0,0,0,0,0.18166147172451,0,0,0,0
0,0,0,0.249542042613029,0,0,0,0,0.246335551142693,0,0,0,0,0,0.131328538060188,0,0,0.170751795958541,0.258826846625368,0,0,0,0.146177135682179,0,0,0,0.118443936667516,0,0.149309837392398,0,0,0,0,0,0,0,0,0,0,0.295038938522339,0.290771291417591,0.248616250636785,0.244308245408794,0,0.307248771190643,0.227573171257973,0.25565033323235,0.253714025020599,0.214345663785934,0,0,0,0,0,0,0,0,0.31531086564064,0,0,0.14963600518448,0,0.310875058174133,0.273498792449633,0,0.148168291896582,0,0,0,0.163650467991829,0,0,0.292759329080582,0.314909130334854,0,0,0,0,0.31630150367043,0.293594404096492,0.325973497451963,0.338905513286591,0.191685840182909,0.161642300008106,0.272739922771087,0.250681329518557,0.245659551450184
0.35214900970459,0,0,0.234473906457424,0,0,0,0,0,0.266034987237718,0,0,0,0,0,0.0982997924089432,0.170751795958541,0,0.244103237055724,0,0,0.169636918294631,0,0,0,0,0,0,0,0,0,0,0,0,0,0,0,0,0,0.277343081931273,0.29482081761727,0.234637811889543,0.243161657299751,0,0.327940783898036,0.293916831413905,0.293392725288868,0,0.254068925976753,0.262194961309433,0,0,0,0,0,0,0,0.277380539612337,0,0,0,0,0,0.285563562404026,0.153793492664893,0,0,0,0,0,0,0,0.329285687726477,0.297292619943619,0,0,0,0,0.313249126973527,0.322915088858589,0.337183830450321,0.37823811173439,0.223098661622892,0.145526990860789,0.28452995333534,0.24069082535602,0.240756160020828
0.244234896518967,0.274679955223511,0.226167570799589,0.235312730073929,0,0.226068332791328,0,0,0,0,0,0,0,0,0,0,0.258826846625368,0.244103237055724,0,0,0,0,0,0,0,0,0,0,0,0,0,0,0,0,0,0,0,0.400338232517242,0,0.273796148238841,0.300947982904523,0.20431656713287,0.210775668550514,0.188450340713773,0.436581389548687,0.285897378074495,0.254181509657252,0.248565156012774,0.227692508604378,0.232436386868358,0,0,0,0,0,0,0.297828763723373,0.282322249513991,0,0,0,0,0.270661655225252,0.271137667268137,0,0,0,0,0,0,0,0,0.324344083875209,0.346194456990172,0,0,0,0,0.311078799485942,0.317512139588406,0.351274762734793,0.429655955785914,0.217828787079722,0.199820056557655,0.301396519993324,0.20540605377979,0.217554159136489
0,0,0,0.144041654964288,0,0.153640092378764,0,0.11786044900154,0,0,0,0.141156882745406,0,0,0,0,0,0,0,0,0,0,0,0,0,0,0,0,0,0,0,0,0,0,0,0.182490967413764,0,0.182109287983395,0,0.162157714366913,0,0.241055279970169,0,0,0,0.164342587192853,0,0,0.198536276817322,0.177176401019096,0,0.184886233827897,0,0,0,0,0,0.156857554869661,0,0,0,0,0.195342636935999,0,0,0,0,0,0,0,0,0,0.28809667027627,0,0,0,0,0,0.182357960184964,0,0.216914982357052,0,0.130441441465885,0,0.158212920666234,0,0
0,0,0,0,0.127422550838296,0,0.139561905501745,0,0,0,0.153077387837869,0,0,0,0,0,0,0,0,0,0,0,0,0,0,0,0,0,0,0,0,0,0,0,0.264072448015213,0,0.165606436129352,0,0.13938836570466,0,0.180793257430196,0,0,0,0,0,0,0.221911749243736,0.204756311244435,0.202015116810799,0.13754056232131,0,0,0,0,0,0.157468415119431,0,0,0,0,0,0,0.162511228334941,0,0,0,0,0,0,0,0,0,0,0,0,0,0.284318029880524,0,0.174400928059245,0,0.14234401877961,0.150403258233967,0,0.161304506239514,0,0
0,0,0,0,0,0,0,0,0,0,0,0,0,0,0,0,0,0.169636918294631,0,0,0,0,0.137140461556123,0.163922542742654,0,0.1846277988874,0,0,0,0,0,0,0,0,0,0,0,0.189014033836133,0,0,0,0,0,0,0,0,0,0.394818961620331,0,0.228997560926927,0,0,0,0,0,0,0,0,0,0,0,0,0,0,0.143488948764033,0.138607635586099,0.190724641933471,0,0.185455621564915,0,0.156509730478992,0,0,0,0,0,0,0,0,0,0.218004313706045,0.181916266679764,0.150831328381015,0.137367017194629,0,0,0
0,0,0,0,0,0,0,0,0,0,0,0,0,0,0,0,0.146177135682179,0,0,0,0,0.137140461556123,0,0,0.143155196440165,0,0.186668011943499,0,0.171428836478541,0,0,0,0,0,0,0,0,0,0.175348785677746,0,0,0,0,0,0,0,0,0.402132481336594,0.188847828995098,0,0,0,0,0,0,0,0,0,0,0,0,0,0,0,0.153130222917643,0.165698669094851,0,0.179518263469019,0,0.190273991694637,0,0.164693564176559,0,0,0,0,0,0,0,0,0,0.212816095892762,0.143130333175396,0.130214737239727,0,0,0
0,0,0,0,0,0,0,0,0,0.19642493998011,0,0,0,0,0,0,0,0,0,0,0,0.163922542742654,0,0,0,0.192198076020411,0,0,0,0,0,0,0,0,0,0,0,0.172080474561208,0,0,0,0.256888371706009,0,0,0,0,0,0.344426560401916,0,0.20415916695758,0,0,0,0,0,0.204199443260829,0,0,0,0,0,0.164797574281693,0,0,0.158061945012638,0,0.182124570811834,0,0.183591412920395,0,0,0,0,0,0,0,0,0,0,0,0.206168885817224,0,0.199378285067852,0,0.251908536379536,0,0
0.217390149831772,0,0.257481376330058,0,0,0,0,0,0.147410703247244,0,0,0,0,0,0,0,0,0,0,0,0,0,0.143155196440165,0,0,0,0.206457279555432,0,0,0,0,0,0,0,0,0,0,0.512490699688594,0.184564733397796,0,0,0.301009654998779,0.210253683229287,0,0,0,0,0.423246333375573,0.264545227587223,0.406213879585266,0,0,0,0,0.209657356142998,0,0.362670391798019,0,0,0,0,0,0,0,0,0.195556489400791,0,0.194771536755809,0,0.219216803887061,0,0,0,0,0,0,0,0.192794762551785,0,0.311457574367523,0,0.237362822085261,0.167760683553694,0,0.185426036463984,0,0.172063062588374
0,0,0,0,0,0,0,0,0,0.184837350791151,0,0,0,0.172498098015785,0,0,0,0,0,0,0,0.1846277988874,0,0.192198076020411,0,0,0,0.167495982470802,0,0,0,0,0,0,0,0,0,0,0,0,0,0,0,0,0,0,0,0,0,0,0,0,0,0,0,0,0,0,0,0,0,0,0,0,0.186464805901051,0,0.18139518002669,0,0.176692964113218,0,0.161604629321532,0,0,0,0,0,0,0,0,0,0,0,0.175669673359257,0,0,0,0
0,0,0,0,0,0,0,0,0,0,0,0,0.179364268268858,0,0.15205554664135,0,0.118443936667516,0,0,0,0,0,0.186668011943499,0,0.206457279555432,0,0,0,0.199871944736538,0,0,0,0,0,0,0,0,0,0,0,0,0,0,0,0,0,0,0,0,0,0,0,0,0,0,0,0,0,0,0,0,0,0,0,0,0.163394088975408,0,0.172925096750259,0,0.190178115840082,0,0.185118208328883,0,0,0,0,0,0,0,0,0,0,0.162436167624864,0,0,0,0
0,0,0,0,0,0,0,0,0,0,0,0.206675166584025,0,0.168998807668686,0,0,0,0,0,0,0,0,0,0,0,0.167495982470802,0,0,0,0.19445884926784,0,0,0,0,0,0,0,0.177692547440529,0,0,0,0,0,0,0,0,0,0,0,0,0,0,0,0,0,0,0,0.208705412546794,0,0,0,0,0,0,0,0,0,0,0.169440344069153,0,0.167450368219051,0,0.187408278063262,0,0,0,0,0,0,0,0,0,0.177879485300065,0.174313257739043,0,0,0
0,0,0,0,0,0,0,0,0,0,0.235291526853284,0,0.199230525642633,0,0,0,0.149309837392398,0,0,0,0,0,0.171428836478541,0,0,0,0.199871944736538,0,0,0,0.203798112475706,0,0,0,0,0,0,0,0.187675966122716,0,0,0,0,0,0,0,0,0,0,0,0,0,0,0,0,0,0.226417910928528,0,0.17954906211658,0,0.168381199240685,0,0,0,0,0.165423512557484,0,0,0,0.189571720108073,0,0.171851406645562,0,0.195749793808128,0,0,0,0,0,0,0,0.188468945771456,0.15437363088131,0.193208582699299,0,0,0
0,0,0,0,0,0,0,0,0,0,0,0.143811228448775,0,0,0,0,0,0,0,0,0,0,0,0,0,0,0,0.19445884926784,0,0,0,0,0,0,0,0,0,0.173514148803318,0,0,0,0,0,0,0,0,0,0,0,0,0,0,0,0,0,0,0,0.150738030672073,0,0,0,0,0,0,0,0,0,0,0,0,0.192413032054901,0,0.17477650392168,0,0,0,0,0,0,0,0.178813854888047,0,0.19369621968742,0.164502440702481,0,0,0
0,0,0,0,0,0,0,0,0,0,0.132478549638215,0,0,0,0,0,0,0,0,0,0,0,0,0,0,0,0,0,0.203798112475706,0,0,0,0,0,0,0,0.142324442664782,0,0.151411687136825,0,0,0,0,0,0,0,0,0,0,0,0,0,0,0,0,0,0.166586292714908,0,0,0,0,0,0,0,0,0,0,0,0,0,0,0.187588584105017,0,0.190750410046692,0,0,0,0,0,0.139770949880282,0,0.176108249697996,0.184377311757117,0,0,0,0
0,0,0,0,0,0,0,0,0,0,0,0,0,0,0,0,0,0,0,0,0,0,0,0,0,0,0,0,0,0,0,0,0.162403277743722,0.244157891363314,0.143783022528109,0.173122334051622,0.129809822514653,0.240598306059837,0,0,0,0,0,0,0,0,0,0.38195334225893,0,0,0,0,0,0,0,0,0,0,0,0,0,0,0,0,0,0,0,0,0,0,0,0,0,0,0.303172363842547,0.282320488701538,0.25198758984842,0.315515453616778,0.318861312581485,0.137277604868779,0.258365988731384,0,0.146990602266718,0,0,0,0
0,0,0,0,0,0,0,0,0,0,0,0,0,0,0,0,0,0,0,0,0,0,0,0,0,0,0,0,0,0,0,0.162403277743722,0,0.155476698685776,0.20925481404577,0.14166692884699,0.161202197774541,0,0.210548728704453,0,0.485634107674871,0,0,0,0,0,0,0.539177056936431,0.596084445714951,0.345104426145554,0,0,0,0,0,0,0,0,0,0,0,0,0,0,0,0,0,0,0,0,0,0,0,0,0.152910516289625,0.311366825256849,0.189496175696452,0.244119974784553,0.221055840452512,0.189449449369052,0,0,0.134077919217256,0,0,0,0
0,0,0,0,0,0,0,0,0,0,0,0,0,0,0,0,0,0,0,0,0,0,0,0,0,0,0,0,0,0,0,0.244157891363314,0.155476698685776,0,0.246331852049466,0.190233997914983,0,0.320265249972758,0.230996802391914,0,0,0,0,0,0,0,0,0.438419237486205,0.69018965959549,0.435487234482059,0,0,0,0,0,0,0,0,0,0,0,0,0,0,0,0,0,0,0,0,0,0,0,0,0.264840384945273,0.294947994007191,0.272233466758318,0.319766771082801,0.197792483983855,0,0.193410509992568,0.369208931922913,0.233203288755919,0.222745733226047,0,0,0
0,0,0.288112524719465,0,0,0,0,0,0,0,0,0,0,0,0,0,0,0,0,0,0.264072448015213,0,0,0,0,0,0,0,0,0,0,0.143783022528109,0.20925481404577,0.246331852049466,0,0,0.204831072346284,0.44126832941357,0.18655033223331,0,0.372966066002846,0,0.388053999705748,0,0,0,0.285432318491595,0.423933165024339,0.38119822810796,0.432823257547029,0,0,0,0,0,0,0.344964742660522,0.333736628293991,0,0,0,0,0,0.339188188314438,0,0,0,0,0,0,0,0,0,0,0.16139390617609,0.24142111973329,0.228137812354037,0.271854329713673,0.353434890508652,0.212838480215385,0.181443280794404,0.158689772444112,0.252609252295308,0.187039023637772,0.335766064593705,0,0
0,0,0,0.156969159841537,0,0.166144192218781,0,0.137429161795548,0,0,0,0.170785765641459,0,0,0,0,0,0,0,0.182490967413764,0,0,0,0,0,0,0,0,0,0,0,0.173122334051622,0.14166692884699,0.190233997914983,0,0,0.151974356248789,0.163615657197715,0.141655729097479,0,0,0,0,0,0,0.118499990552664,0,0.20938648879528,0.218751892447472,0.253055651079525,0,0.182138964533806,0,0,0,0,0,0.166063511880433,0,0,0,0,0.166445874154861,0,0,0,0,0,0,0,0,0,0,0,0.221367818379697,0.141339750826688,0.211307594358031,0,0.183591417392132,0.15345246582692,0.204575747633864,0.158393116460906,0.189679608390024,0.31576179662385,0.145699457653488,0,0
0,0,0,0,0,0,0,0,0,0,0.15279262642569,0,0,0,0,0,0,0,0,0,0.165606436129352,0,0,0,0,0,0,0,0,0,0.142324442664782,0.129809822514653,0.161202197774541,0,0.204831072346284,0.151974356248789,0,0.179253882595471,0.160411459889271,0,0.358570802368616,0,0,0,0,0,0.160975870259559,0.372670969205793,0.50924350656569,0.373354679346085,0,0,0,0,0,0,0.157222232306903,0,0,0,0,0,0,0.175697435913929,0,0,0,0,0,0,0,0,0,0.152017197438649,0.129187349316686,0.148806505677131,0,0.234861086941882,0.143820728071862,0.180499334106667,0,0.183096316358597,0.190881004457716,0.286278344751995,0.165854989475495,0,0
0,0,0,0,0,0,0,0,0,0.242716125647227,0,0.180976761626958,0,0,0,0,0,0,0.400338232517242,0.182109287983395,0,0.189014033836133,0,0.172080474561208,0.512490699688594,0,0,0.177692547440529,0,0.173514148803318,0,0.240598306059837,0,0.320265249972758,0.44126832941357,0.163615657197715,0.179253882595471,0,0.307917280687767,0,0,0.195586204702078,0.45730522274971,0,0,0.207936201244593,0,0.549702893011272,0.650412917137146,0.264282291850039,0,0,0,0,0,0.259046327322721,0,0.17534334431788,0,0,0,0,0.229887554678937,0,0.184192497461788,0.454790830612183,0.210883314939255,0.506486989557743,0,0,0,0,0.167987791628673,0,0,0,0.234808334282466,0.237541268269221,0.197581919625509,0.216257145007451,0.189950217257071,0.184679572780927,0.171879454872804,0.169132108133899,0.253547110816553,0,0.241488665342331
0.165774933993816,0,0.233376711606979,0,0,0,0,0,0.194857216821421,0,0.151051416516096,0,0,0,0,0,0,0,0,0,0.13938836570466,0,0.175348785677746,0,0.184564733397796,0,0,0,0.187675966122716,0,0.151411687136825,0,0.210548728704453,0.230996802391914,0.18655033223331,0.141655729097479,0.160411459889271,0.307917280687767,0,0,0,0.373967427015305,0.180216990849551,0,0,0,0,0.581573191034885,0.240504802440718,0.560776033571788,0,0,0,0,0,0,0.160432814465215,0.320388495922089,0,0,0,0,0,0.146424768958241,0,0.171130367807899,0,0.234416031226272,0,0,0,0.19566928613701,0,0.172232904001675,0,0,0.224651463768061,0.230598545388172,0.131246050447226,0.193545714606686,0.177119507662907,0.200724845004647,0.188225385274247,0.238168736910447,0.314056073834423,0,0.143818020820618
0,0.247923985123634,0,0.204327329825819,0,0.178783991374075,0,0,0,0,0,0,0,0,0,0,0.295038938522339,0.277343081931273,0.273796148238841,0.162157714366913,0,0,0,0,0,0,0,0,0,0,0,0,0,0,0,0,0,0,0,0,0.311130702495575,0.2776710087141,0.222787134349346,0.267744548618793,0,0.157702748243715,0,0.199139862291275,0.235116727650166,0.18490630702083,0,0.180730029940605,0,0,0,0,0,0.209466107655317,0,0,0,0,0.179786577125004,0.274019181728363,0,0,0,0,0,0,0,0,0.272821378804022,0,0,0,0,0,0.236907163065771,0.300649043586519,0.264470637088916,0.309106707572937,0.254091488499215,0.299437433481216,0.23834653717287,0.268632175134761,0.238850377500057
0.315359512964884,0.376666456460953,0.228665194692819,0,0.179107822477818,0,0,0,0,0,0,0,0,0,0,0,0.290771291417591,0.29482081761727,0.300947982904523,0,0.180793257430196,0,0,0,0,0,0,0,0,0,0,0,0.485634107674871,0,0.372966066002846,0,0.358570802368616,0,0,0.311130702495575,0,0.216080905869603,0.253180159598418,0,0.525362979019842,0.235859483480453,0.210857328167051,0.334386809442028,0.245082552461667,0.278649208880527,0.217200830578804,0,0,0,0,0,0.285918697714806,0,0,0,0,0,0.204614475369453,0.267883676590155,0,0,0,0,0,0,0,0,0.230249345302582,0.300725314021111,0,0,0,0.355478516534755,0.315382571721619,0.275418504128642,0.311504513025284,0.310000313652886,0.267675719952305,0,0.244219647038658,0.359011232852936,0.346417480450252
0.236016362905502,0.2537998725162,0.214352831244469,0.257159994343917,0,0.219961997653757,0,0,0,0.171011062549508,0,0,0,0,0,0,0.248616250636785,0.234637811889543,0.20431656713287,0.241055279970169,0,0,0,0.256888371706009,0.301009654998779,0,0,0,0,0,0,0,0,0,0,0,0,0.195586204702078,0.373967427015305,0.2776710087141,0.216080905869603,0,0.184904951237739,0.184619361391434,0.229822151362896,0.256910432130098,0.198843612025181,0.319606068547268,0.233580554525057,0.297554362452716,0,0.199925154447556,0,0,0,0.206588450074196,0.270309209823608,0.300693143360558,0,0,0,0,0.248635818220435,0.24374751928376,0,0,0.251804994849058,0,0,0,0,0,0.295909164967481,0.280649229884148,0,0,0,0,0.269321511877083,0.249205664527125,0.307932608254347,0.353665381669998,0.22282838027197,0,0.25447030159221,0.184494806488051,0.232326284050941
0.287073108592424,0.310768753290176,0.259295570320989,0,0,0,0,0,0.157903158416351,0,0,0,0,0,0,0,0.244308245408794,0.243161657299751,0.210775668550514,0,0,0,0,0,0.210253683229287,0,0,0,0,0,0,0,0,0,0.388053999705748,0,0,0.45730522274971,0.180216990849551,0.222787134349346,0.253180159598418,0.184904951237739,0,0,0.266318649053574,0,0.248353189257818,0.307680508432289,0.331403755963409,0.199290316551924,0,0,0,0,0,0,0.323193255960941,0.241380661725998,0,0,0,0,0.195045277476311,0.28207834414338,0,0,0,0,0,0,0,0,0.270861834287643,0.316180618806761,0,0,0,0,0.251393893225626,0.248350700569382,0.268830341451308,0.348727847291873,0.229381130599666,0,0.305881236925486,0.182524036616087,0.210370259210529
0,0,0,0,0,0,0,0,0,0,0,0,0,0,0,0,0,0,0.188450340713773,0,0,0,0,0,0,0,0,0,0,0,0,0,0,0,0,0,0,0,0,0.267744548618793,0,0.184619361391434,0,0,0,0,0,0,0,0.193136125802994,0,0,0,0,0,0,0,0.308906510472298,0,0,0,0,0,0,0,0,0,0,0,0,0,0,0,0,0,0,0,0,0.310213144421577,0,0.336120184510946,0,0.26729472302923,0,0.252331253838918,0,0
0,0,0,0,0,0,0,0,0,0,0,0,0,0,0,0,0.307248771190643,0.327940783898036,0.436581389548687,0,0,0,0,0,0,0,0,0,0,0,0,0,0,0,0,0,0,0,0,0,0.525362979019842,0.229822151362896,0.266318649053574,0,0,0,0.272765119870504,0,0,0,0,0,0,0,0,0,0.381110846996307,0,0,0,0,0,0,0.30968701839447,0,0,0,0,0,0,0,0,0,0.398194869359334,0,0,0,0,0.366117477416992,0.459521516373283,0,0.503391480280293,0.333475781338555,0,0.457012125655361,0,0
0,0.235602989792824,0,0.143788777291775,0,0.151738266150157,0,0,0,0,0,0,0,0,0,0,0.227573171257973,0.293916831413905,0.285897378074495,0.164342587192853,0,0,0,0,0,0,0,0,0,0,0,0,0,0,0,0.118499990552664,0,0.207936201244593,0,0.157702748243715,0.235859483480453,0.256910432130098,0,0,0,0,0,0.163334965705872,0.221276253461838,0.180957775224339,0,0,0,0,0,0,0,0.200199809557987,0,0,0,0,0.162861370858345,0,0,0,0,0,0,0,0,0,0.230670191874408,0,0,0,0,0,0.208608417475925,0,0.25444180179726,0,0.262638948559761,0,0.180779461915366,0.25576339662075,0
0.202039902408918,0,0.20252264291048,0,0,0,0,0,0,0,0,0,0,0,0,0,0.25565033323235,0.293392725288868,0.254181509657252,0,0,0,0,0,0,0,0,0,0,0,0,0,0,0,0.285432318491595,0,0.160975870259559,0,0,0,0.210857328167051,0.198843612025181,0.248353189257818,0,0.272765119870504,0,0,0.246947480214609,0.207318856581202,0.178278475999832,0,0,0,0,0,0,0.22647034873565,0,0,0,0,0,0,0.251181339838695,0,0,0,0,0,0,0,0,0,0.254694979037008,0,0,0,0.23965215086937,0.29154247045517,0.220009801674181,0,0.337467667011365,0.231817628032175,0,0.232828066354781,0,0.25879367813468
0.241779208183289,0.263672726228833,0.269085294413335,0.226963010430336,0.188793748617172,0,0,0,0,0,0,0,0,0,0,0,0.253714025020599,0,0.248565156012774,0,0.221911749243736,0.394818961620331,0.402132481336594,0.344426560401916,0.423246333375573,0,0,0,0,0,0,0.38195334225893,0.539177056936431,0.438419237486205,0.423933165024339,0.20938648879528,0.372670969205793,0.549702893011272,0.581573191034885,0.199139862291275,0.334386809442028,0.319606068547268,0.307680508432289,0,0,0.163334965705872,0.246947480214609,0,0.35656597809982,0.417395567711294,0,0,0,0,0,0,0.299313455820084,0.300761836079451,0,0,0,0,0.217612624168396,0.285600278377533,0.374403963486354,0.338874648014704,0.363843250455278,0.399841759974758,0,0,0,0,0.28387114405632,0.331249909102917,0.395975264934977,0.378397481734398,0.377037531281772,0.40450905307905,0.374924336239282,0.348664981293537,0.328473139387458,0.479494477078419,0.337115097634857,0.156320594251156,0.363150677728213,0,0.266072142124176
0.188730885112739,0,0.222830568499705,0.22415145825256,0.208769336342812,0.228141476710637,0,0,0.198823273181915,0,0,0,0,0,0,0,0.214345663785934,0.254068925976753,0.227692508604378,0.198536276817322,0.204756311244435,0,0.188847828995098,0,0.264545227587223,0,0,0,0,0,0,0,0.596084445714951,0.69018965959549,0.38119822810796,0.218751892447472,0.50924350656569,0.650412917137146,0.240504802440718,0.235116727650166,0.245082552461667,0.233580554525057,0.331403755963409,0,0,0.221276253461838,0.207318856581202,0.35656597809982,0,0.227552828368019,0.20256440838178,0,0,0,0.211266509257257,0,0.334089373548826,0.231047044907297,0.245989710092545,0,0,0,0.225125884016355,0.265968497012563,0,0.22845584154129,0,0.243387134978548,0.279346108436584,0,0,0.15006581445535,0.271199524402618,0.197507696598768,0,0.497398649652799,0,0.365819099384385,0.275725066661835,0.340801998805427,0.283204346895218,0.192619588822126,0.286109673092368,0,0.270007568979896,0.225474432110786,0.284240335226059
0,0.160086007958109,0.218526318669319,0.197187551297247,0.159131124615669,0.178912642327222,0,0,0,0.192534320987761,0,0,0,0,0,0,0,0.262194961309433,0.232436386868358,0.177176401019096,0.202015116810799,0.228997560926927,0,0.20415916695758,0.406213879585266,0,0,0,0,0,0,0,0.345104426145554,0.435487234482059,0.432823257547029,0.253055651079525,0.373354679346085,0.264282291850039,0.560776033571788,0.18490630702083,0.278649208880527,0.297554362452716,0.199290316551924,0.193136125802994,0,0.180957775224339,0.178278475999832,0.417395567711294,0.227552828368019,0,0,0.173016215364138,0,0,0,0.280385768041015,0,0.231509818343455,0,0.174916246107646,0,0.193311126857269,0.187460830557012,0,0.228589494882995,0,0.229791866041653,0.397926330566406,0.232309846102067,0,0.186083137341168,0,0.267773296729273,0,0.316249488956398,0,0.401629766313041,0.394000291824341,0.279668177405272,0.317487849580671,0.3229148917086,0.459224015474319,0.304984067693759,0,0.266358648865766,0.305863916873932,0
0,0,0.19752613098725,0,0.184109128227359,0,0,0,0,0,0,0,0,0,0.200791438178318,0,0,0,0,0,0.13754056232131,0,0,0,0,0,0,0,0,0,0,0,0,0,0,0,0,0,0,0,0.217200830578804,0,0,0,0,0,0,0,0.20256440838178,0,0,0,0,0,0,0,0.20791107416153,0,0.210644389192263,0,0.200293420669959,0,0,0.176236362701439,0,0,0,0,0,0,0,0,0,0,0,0,0,0,0,0,0,0,0,0,0.190892808587048,0,0
0,0,0,0,0,0.178547703143623,0,0.186579172478782,0,0,0,0.228098543665626,0,0,0,0.208199986815453,0,0,0,0.184886233827897,0,0,0,0,0,0,0,0,0,0,0,0,0,0,0,0.182138964533806,0,0,0,0.180730029940605,0,0.199925154447556,0,0,0,0,0,0,0,0.173016215364138,0,0,0,0,0,0,0,0.205121172325952,0,0,0,0.188722744584084,0.249628134290962,0,0,0,0,0,0,0,0,0,0,0,0,0,0,0,0.208752736449242,0,0,0,0.182565987998979,0,0.243860976788604,0,0
0,0,0,0,0,0,0.199181172080065,0,0,0,0.155346508163053,0,0.15843985373011,0,0,0,0,0,0,0,0,0,0,0,0,0,0,0,0,0,0,0,0,0,0,0,0,0,0,0,0,0,0,0,0,0,0,0,0,0,0,0,0,0,0,0,0.187653681001078,0,0.210363775491714,0,0,0,0,0,0,0,0,0,0,0,0,0,0,0,0,0,0,0,0,0,0,0,0.195916257798672,0,0,0,0
0,0,0,0,0,0,0,0.18099868674919,0,0,0,0.191926583647728,0,0,0,0,0,0,0,0,0,0,0,0,0,0,0,0,0,0,0,0,0,0,0,0,0,0,0,0,0,0,0,0,0,0,0,0,0,0,0,0,0,0,0,0,0,0,0,0,0,0,0,0,0,0,0,0,0,0,0,0,0,0,0,0,0,0,0,0,0,0,0.180689824478967,0,0,0,0
0.215602140348466,0,0,0,0,0,0,0,0.191748410359599,0,0,0,0,0,0,0,0,0,0,0,0,0,0,0,0.209657356142998,0,0,0,0,0,0,0,0,0,0,0,0,0,0,0,0,0,0,0,0,0,0,0,0.211266509257257,0,0,0,0,0,0,0,0,0,0,0,0.190936507295362,0,0,0,0,0,0,0.234857669524979,0,0,0,0,0,0,0,0,0,0,0,0,0,0,0.159850559631983,0,0,0,0
0,0.214350308909396,0,0,0,0.181378781795502,0,0,0,0.218830768786665,0,0,0,0,0,0.141656972467899,0,0,0,0,0,0,0,0.204199443260829,0,0,0,0,0,0,0,0,0,0,0,0,0,0.259046327322721,0,0,0,0.206588450074196,0,0,0,0,0,0,0,0.280385768041015,0,0,0,0,0,0,0,0,0,0,0,0.211905389202861,0,0,0,0,0.21354617652568,0,0.21081255376339,0,0,0,0,0,0,0,0,0,0,0,0.251532622898112,0,0.201308784677702,0,0.231874842358672,0.179421953856945,0
0,0,0.217393570524805,0,0,0,0.196474070169709,0,0,0,0.177007475740138,0,0.20229496196935,0,0,0,0,0,0.297828763723373,0,0.157468415119431,0,0,0,0.362670391798019,0,0,0,0.226417910928528,0,0.166586292714908,0,0,0,0.344964742660522,0,0.157222232306903,0,0.160432814465215,0,0.285918697714806,0.270309209823608,0.323193255960941,0,0.381110846996307,0,0.22647034873565,0.299313455820084,0.334089373548826,0,0.20791107416153,0,0.187653681001078,0,0,0,0,0,0.199909240007401,0,0,0,0,0.282285787006642,0,0,0,0,0,0,0,0,0,0.271028238951139,0,0,0,0,0,0.205312355176399,0,0.162274248324908,0.181717242465506,0,0.277563937263102,0,0.291500189790019
0,0.210580549456856,0,0.165030646357271,0,0.201230145990849,0,0.152994945645332,0,0,0,0.178739928556306,0,0.175332943994677,0,0,0.31531086564064,0.277380539612337,0.282322249513991,0.156857554869661,0,0,0,0,0,0,0,0.208705412546794,0,0.150738030672073,0,0,0,0,0.333736628293991,0.166063511880433,0,0.17534334431788,0.320388495922089,0.209466107655317,0,0.300693143360558,0.241380661725998,0.308906510472298,0,0.200199809557987,0,0.300761836079451,0.231047044907297,0.231509818343455,0,0.205121172325952,0,0,0,0,0,0,0,0.158009375173312,0,0,0.247933431614706,0,0,0,0,0.316363602876663,0,0,0,0,0.281727947539606,0,0,0,0.253572076559067,0,0.254664488947182,0.259039670228958,0.183999243207361,0,0.173138238623728,0.158630073070526,0.266284622942709,0.3068902837794,0
0,0,0.181045761288599,0,0.232870981097221,0,0.154160711914301,0,0,0,0.18056115303954,0,0.183540375831792,0,0.177450514393426,0,0,0,0,0,0,0,0,0,0,0,0,0,0.17954906211658,0,0,0,0,0,0,0,0,0,0,0,0,0,0,0,0,0,0,0,0.245989710092545,0,0.210644389192263,0,0.210363775491714,0,0,0,0.199909240007401,0,0,0,0.200811964850272,0,0,0.203702598810196,0,0,0,0,0,0,0,0.173491150140762,0,0,0,0,0,0.266024261713028,0,0,0,0,0.177516384110335,0.181492852216417,0.209295180191596,0,0
0,0.171717867255211,0,0,0,0.225404933094978,0,0.203800880246692,0,0,0,0.177637792461222,0,0.182849315283377,0,0.170487011472384,0,0,0,0,0,0,0,0,0,0,0,0,0,0,0,0,0,0,0,0,0,0,0,0,0,0,0,0,0,0,0,0,0,0.174916246107646,0,0,0,0,0,0,0,0.158009375173312,0,0,0,0.225208640098572,0,0,0,0,0,0,0,0,0,0,0,0,0,0,0,0,0,0,0,0,0.178864573663281,0.200169670912955,0.211956024169922,0,0
0.189089804887772,0,0,0,0,0,0,0,0.204567402601242,0,0,0,0.165636605068819,0,0.171908869970325,0,0.14963600518448,0,0,0,0,0,0,0,0,0,0,0,0.168381199240685,0,0,0,0,0,0,0,0,0,0,0,0,0,0,0,0,0,0,0,0,0,0.200293420669959,0,0,0,0.190936507295362,0,0,0,0.200811964850272,0,0,0,0,0,0,0,0,0.227550824483236,0,0,0,0.176325559616089,0,0,0,0,0,0,0,0,0,0,0.179264563839046,0.305162885785103,0,0,0
0,0.200606008230377,0,0,0,0.21805422433785,0,0,0,0.166253440999068,0,0,0,0,0,0.195675743619601,0,0,0,0,0,0,0,0.164797574281693,0,0,0,0,0,0,0,0,0,0,0,0,0,0,0,0,0,0,0,0,0,0,0,0,0,0.193311126857269,0,0.188722744584084,0,0,0,0.211905389202861,0,0,0,0.225208640098572,0,0,0,0,0,0,0.216905905227912,0,0,0,0,0,0,0,0,0,0,0,0,0,0.186102852225304,0,0.200570280353228,0,0.213855003609377,0,0
0,0.210186362266541,0,0,0,0.161010222700903,0,0.143082766793668,0,0,0,0.16780877533696,0,0,0,0,0.310875058174133,0,0.270661655225252,0.195342636935999,0,0,0,0,0,0,0,0,0,0,0,0,0,0,0,0.166445874154861,0,0.229887554678937,0,0.179786577125004,0.204614475369453,0.248635818220435,0.195045277476311,0,0,0.162861370858345,0,0.217612624168396,0.225125884016355,0.187460830557012,0,0.249628134290962,0,0,0,0,0,0.247933431614706,0,0,0,0,0,0,0,0,0,0,0,0,0,0,0.291217992848613,0,0,0,0,0,0.208300475502978,0.319416016340256,0.288185091764946,0,0.144365137031713,0,0.202691094469066,0.246288952231407,0
0.23934551080068,0,0.247145175933838,0,0.152507330439985,0,0.166614055633545,0,0.337662547826767,0,0.151146309450269,0,0,0,0,0,0.273498792449633,0.285563562404026,0.271137667268137,0,0.162511228334941,0,0,0,0,0,0,0,0,0,0,0,0,0,0.339188188314438,0,0.175697435913929,0,0.146424768958241,0.274019181728363,0.267883676590155,0.24374751928376,0.28207834414338,0,0.30968701839447,0,0.251181339838695,0.285600278377533,0.265968497012563,0,0.176236362701439,0,0,0,0,0,0.282285787006642,0,0.203702598810196,0,0,0,0,0,0,0,0,0,0,0,0,0,0,0.338002066222989,0,0,0,0,0.278994354334745,0.214869344279804,0.31495763361454,0.285005711061968,0.233708023439721,0,0.271073523821604,0.229038916528225,0.251059075196584
0,0,0,0,0,0,0,0,0,0,0,0,0,0,0,0,0,0.153793492664893,0,0,0,0.143488948764033,0.153130222917643,0.158061945012638,0,0.186464805901051,0,0,0,0,0,0,0,0,0,0,0,0.184192497461788,0,0,0,0,0,0,0,0,0,0.374403963486354,0,0.228589494882995,0,0,0,0,0,0,0,0,0,0,0,0,0,0,0,0,0.201214563778856,0.449705094099045,0.211034405562613,0,0.183054596185684,0,0,0,0,0,0,0,0,0,0.227231707279362,0,0.151607435712249,0.122549458899919,0,0,0
0,0,0,0,0,0,0,0,0,0,0,0,0,0,0,0,0.148168291896582,0,0,0,0,0.138607635586099,0.165698669094851,0,0.195556489400791,0,0.163394088975408,0,0.165423512557484,0,0,0,0,0,0,0,0,0.454790830612183,0.171130367807899,0,0,0,0,0,0,0,0,0.338874648014704,0.22845584154129,0,0,0,0,0,0,0,0,0,0,0,0,0,0,0,0,0,0,0.224158787005951,0,0.193465336509373,0,0.157214147123423,0,0,0,0,0,0,0,0,0,0.19178433906587,0.147362116432778,0.131801332996199,0,0,0
0,0.212431957945228,0,0,0,0,0,0,0,0.208943128585815,0,0,0,0,0,0,0,0,0,0,0,0.190724641933471,0,0.182124570811834,0,0.18139518002669,0,0,0,0,0,0,0,0,0,0,0,0.210883314939255,0,0,0,0.251804994849058,0,0,0,0,0,0.363843250455278,0,0.229791866041653,0,0,0,0,0,0.21354617652568,0,0,0,0,0,0.216905905227912,0,0,0.201214563778856,0,0,0.3205686211586,0.194549257782027,0,0,0,0,0,0,0,0.246657893061638,0,0,0,0.27734302025679,0,0.207950332843787,0,0.309290883457585,0,0
0.225747580480094,0,0,0,0,0,0,0,0.227714115822757,0,0,0,0,0,0,0,0,0,0,0,0,0,0.179518263469019,0,0.194771536755809,0,0.172925096750259,0,0,0,0,0,0,0,0,0,0,0.506486989557743,0.234416031226272,0,0,0,0,0,0,0,0,0.399841759974758,0.243387134978548,0.397926330566406,0,0,0,0,0.234857669524979,0,0,0.316363602876663,0,0,0.227550824483236,0,0,0,0.449705094099045,0.224158787005951,0.3205686211586,0,0,0,0,0,0,0,0,0,0,0,0,0,0,0.314875167099313,0.196483400464058,0,0.2205145886763,0,0
0,0,0,0,0,0,0,0,0,0.173477335522572,0,0,0,0,0,0,0,0,0,0,0,0.185455621564915,0,0.183591412920395,0,0.176692964113218,0,0.169440344069153,0,0,0,0,0,0,0,0,0,0,0,0,0,0,0,0,0,0,0,0,0.279346108436584,0.232309846102067,0,0,0,0,0,0.21081255376339,0,0,0,0,0,0,0,0,0.211034405562613,0,0.194549257782027,0,0,0,0.235266098250915,0,0,0,0,0,0,0,0,0,0,0,0.160448054472605,0,0.216504300146733,0,0
0,0,0,0,0,0,0,0,0,0,0,0,0,0,0,0,0.163650467991829,0,0,0,0,0,0.190273991694637,0,0.219216803887061,0,0.190178115840082,0,0.189571720108073,0,0,0,0,0,0,0,0,0,0,0,0,0,0,0,0,0,0,0,0,0,0,0,0,0,0,0,0,0,0,0,0,0,0,0,0,0.193465336509373,0,0,0,0,0,0,0,0,0,0,0,0,0,0,0,0,0.186602523342245,0,0,0,0
0,0,0,0,0,0,0,0,0,0,0,0.199973288509581,0,0.177089136093855,0,0,0,0,0,0,0,0.156509730478992,0,0,0,0.161604629321532,0,0.167450368219051,0,0.192413032054901,0,0,0,0,0,0,0,0,0,0,0,0,0,0,0,0,0,0,0,0.186083137341168,0,0,0,0,0,0,0,0,0,0,0,0,0,0,0.183054596185684,0,0,0,0.235266098250915,0,0,0,0,0,0,0,0,0,0,0,0.195620693904589,0,0.184087280610393,0.160316631396612,0,0,0
0,0,0,0,0,0,0,0,0,0,0.198059818148613,0,0.179297422369321,0,0.178740087151527,0,0,0,0,0,0,0,0.164693564176559,0,0,0,0.185118208328883,0,0.171851406645562,0,0.187588584105017,0,0,0,0,0,0,0,0.19566928613701,0,0,0,0,0,0,0,0,0,0.15006581445535,0,0,0,0,0,0,0,0,0,0.173491150140762,0,0.176325559616089,0,0,0,0,0.157214147123423,0,0,0,0,0,0,0,0.157230429207125,0,0,0,0,0,0,0,0.196698088620888,0.187232678469557,0.168297967085472,0,0,0
0,0.256648613760869,0,0.269948470095793,0,0,0,0,0,0,0,0.287668120115995,0,0,0,0,0.292759329080582,0.329285687726477,0.324344083875209,0.28809667027627,0,0,0,0,0,0,0,0.187408278063262,0,0.17477650392168,0,0,0,0,0,0,0,0.167987791628673,0,0.272821378804022,0.230249345302582,0.295909164967481,0.270861834287643,0,0,0.230670191874408,0,0.28387114405632,0.271199524402618,0.267773296729273,0,0,0,0,0,0,0,0.281727947539606,0,0,0,0,0.291217992848613,0,0,0,0,0,0,0,0,0,0,0,0,0,0,0,0.264568240603521,0.297721320390701,0.208043842425559,0,0.23041382013412,0.161399215459824,0.333814593193183,0.32658550112563,0
0,0,0.270966215626053,0,0,0,0,0,0,0,0.154516247180956,0,0,0,0,0,0.314909130334854,0.297292619943619,0.346194456990172,0,0,0,0,0,0,0,0,0,0.195749793808128,0,0.190750410046692,0,0,0,0,0,0.152017197438649,0,0.172232904001675,0,0.300725314021111,0.280649229884148,0.316180618806761,0,0.398194869359334,0,0.254694979037008,0.331249909102917,0.197507696598768,0,0,0,0,0,0,0,0.271028238951139,0,0,0,0,0,0,0.338002066222989,0,0,0,0,0,0,0,0.157230429207125,0,0,0,0,0,0,0,0.256841938522525,0,0.172211961038695,0.223126783652648,0,0.335222134597734,0,0.329949422350413
0,0,0,0,0,0,0,0,0,0,0,0,0,0,0,0,0,0,0,0,0,0,0,0,0,0,0,0,0,0,0,0.303172363842547,0.152910516289625,0.264840384945273,0.16139390617609,0.221367818379697,0.129187349316686,0,0,0,0,0,0,0,0,0,0,0.395975264934977,0,0.316249488956398,0,0,0,0,0,0,0,0,0,0,0,0,0,0,0,0,0,0,0,0,0,0,0,0,0,0.226758459288823,0.257248716349276,0.321988375236591,0.326546012672936,0.141381473342578,0.244601264595985,0,0.138141136124449,0,0.228376805782318,0,0
0,0,0,0,0,0,0,0,0,0,0,0,0,0,0,0,0,0,0,0,0,0,0,0,0,0,0,0,0,0,0,0.282320488701538,0.311366825256849,0.294947994007191,0.24142111973329,0.141339750826688,0.148806505677131,0,0,0,0,0,0,0,0,0,0,0.378397481734398,0.497398649652799,0,0,0,0,0,0,0,0,0,0,0,0,0,0,0,0,0,0,0,0,0,0,0,0,0,0.226758459288823,0,0.302375744779905,0.303151888957643,0.261260067423185,0.290951052751508,0,0,0.158815283688807,0,0,0,0
0,0,0,0,0,0,0,0,0,0,0,0,0,0,0,0,0,0,0,0,0,0,0,0,0,0,0,0,0,0,0,0.25198758984842,0.189496175696452,0.272233466758318,0.228137812354037,0.211307594358031,0,0.234808334282466,0.224651463768061,0,0,0,0,0,0,0,0,0.377037531281772,0,0.401629766313041,0,0,0,0,0,0,0,0.253572076559067,0,0,0,0,0,0,0,0,0.246657893061638,0,0,0,0,0,0,0,0.257248716349276,0.302375744779905,0,0.337423811698782,0.257785723709218,0,0.255004545517057,0,0.20850630162523,0.198874856034915,0.380726044997573,0,0
0,0,0.279192078113556,0,0,0,0,0,0,0,0,0,0,0,0,0,0,0,0,0,0.284318029880524,0,0,0,0.192794762551785,0,0,0,0,0,0,0.315515453616778,0.244119974784553,0.319766771082801,0.271854329713673,0,0.234861086941882,0.237541268269221,0.230598545388172,0,0.355478516534755,0,0,0,0,0,0.23965215086937,0.40450905307905,0.365819099384385,0.394000291824341,0,0,0,0,0,0,0,0,0.266024261713028,0,0,0,0,0,0,0,0,0,0,0,0,0,0,0,0.321988375236591,0.303151888957643,0.337423811698782,0,0,0.237704567838482,0.203445937484503,0.20130191805462,0.242205051224936,0,0.288821171630513,0,0
0,0.300622426146685,0.203532204031944,0.22541813992086,0,0.191267484426498,0,0.137298613786697,0,0,0,0.183579918567932,0,0,0,0,0.31630150367043,0.313249126973527,0.311078799485942,0.182357960184964,0,0,0,0,0,0,0,0,0,0,0,0.318861312581485,0.221055840452512,0.197792483983855,0.353434890508652,0.183591417392132,0.143820728071862,0.197581919625509,0.131246050447226,0.236907163065771,0.315382571721619,0.269321511877083,0.251393893225626,0.310213144421577,0.366117477416992,0.208608417475925,0.29154247045517,0.374924336239282,0.275725066661835,0.279668177405272,0,0.208752736449242,0,0,0,0,0,0.254664488947182,0,0,0,0,0.208300475502978,0.278994354334745,0,0,0,0,0,0,0,0,0.264568240603521,0,0.326546012672936,0.261260067423185,0.257785723709218,0,0,0.311533584624906,0.255280554018989,0.21225514113903,0.194601297170077,0.198650977749755,0.289833392935458,0.294024631700998,0.259763157202138
