0,0,0.0152809507182006,0,0.00198353499385546,0,0,0,0.0847785584736128,0,0,0,0,0,0,0,0,7.54773651764307e-06,0.00121475674948702,0,0,0,0,0,0,0,0,0,0,0,0,0,0,0,0,0,0,0,1.27040388435114e-05,0,4.09986818998842e-05,0,0.00542633547697516,0,0,0,1.64660841553799e-05,0,0.00878981384341729,4.12317023191968e-05,0.000103925439929892,0,0,0,0.0571014321479419,0,0,0,0,0,0.00257388247556049,0,0,0,0,0,0,0.000717559488814393,0,0,0,0,0,3.27421147745532e-05,0,0,0,0,0,2.61124357937543e-05,0,2.8305367173213e-06,0.0008710358665436,2.45136108732204e-06,0.0228393253967875,0,0.0015431931390021
0,0,0,0.00475308473268287,0,0.00340972267735806,0,0,0,0.0399912613679812,0,0,0,0,0,0.00245823140958355,0,5.67079574824011e-05,0.000718090131066279,6.0784161609489e-05,0,0,0,0.000561721877844285,3.54124343776466e-05,0,0,0,0,0,0,0,0,0,0.000123415168342981,0,0,0.000947766670392591,0.000109514235062069,0.000113821872610166,0,0.0138021313649513,0,0,0,0.0013458735549005,0,0.00105123811299696,2.38169131043039e-05,0.0415009257584015,0,0,0,0,6.68287590939887e-05,0.083126976568537,0,0.00149924306679215,0,0.00148235772749654,0,0.064032742711534,0.00145528211110471,0,0,0,0.00179778980800856,0,0,0,0,0,0.000931633909068096,0,0,0,0,0,0.000309535474575524,0,9.48666609279341e-05,7.19693064945187e-06,0.000782323896860321,0,0.0258863826218394,0,0
0.0152809507182006,0,0,0,0.0464522281387282,0,0,0,0.0370086258111152,0,0,0,0,0,0,0,4.10904457689542e-06,0,4.95707208070999e-05,0,0,0,0,0,0,0,0,0,0,0,0,0,0,0,0,0,0,0,0,0,0.000140475383643597,0,0.00186686051544764,0,0,0,0.000853008520185886,0,0.00196871831540401,0,0.0287306139652453,0,0,0,0.0541174319226909,0,0,0,0,0,0,0,0,0,0,0,0,0,0,0,0,0,0,0.00109938681590912,0,0,0,0,0,9.89708622172773e-05,0,1.84970774952697e-05,0.000334378865734163,3.26082994479782e-06,0.0155758465035179,0,0.00120418881687574
0,0.00475308473268287,0,0,0,0.0304251434618052,0,0,0,0,0,0,0,0,0,0,0,3.82598609165534e-05,9.75096282367797e-05,0.000453311787358415,0,0,0,0,5.41981254203647e-05,0,0,0,0,0,0,0,0,0,0,0,0,0,8.75062607101596e-06,0.000408754837563007,0,0.00612949598943596,0,0,0,0.0017680093139585,0,0,0,0.00129714593695836,0,0.00823046168572671,0,0,0,0.00821825846069183,0,0.00411041426996969,0,0.0147634589384018,0,0.0495572322988793,0.00266582529555373,0,0,0,0,0,0,0,0,0,0.00112335853768002,0,0,0,0,0,4.39800030010221e-05,0,4.29139221721412e-05,0,0.000203918793371832,0,0.00854505678975231,0.002046612114047,0
0.00198353499385546,0,0.0464522281387282,0,0,0,0,0,0.0139647139495881,0,0,0,0,0,0,0,0,0,0,0,0,0,0,0,0,0,0,0,0,0,0,0,0,0,0,0,0,0,0,0,0,0,0.000196858681719668,0,0,0,0,0,0,0,0.030518419841554,0,0.00266555964954658,0,0.00645201991520148,0,0.00365434914748677,0,0.00272703003736881,0,0,0,0,0.000139837966553036,0,0,0,0,0,0,0,0,0,0,0,0,0,0,0,0,0,0,0.000736084347206171,1.63863859272878e-05,0.00398519732345197,0,0
0,0.00340972267735806,0,0.0304251434618052,0,0,0,0.0152511837002559,0,0.0180751959783434,0,0.00160721191059054,0,0,0,0,0,0,0,0.0020024526830814,0,0,0,0,0,0,0,0,0,0,0,0,0,0,0,0.0028569145771687,0,0,0,0,0,0.000314812915273013,0,0,0,0.000154728440440934,0,0,0,0.000945901175367646,0,0.0298591192764801,0,0.0672298384975425,0,0.0300507322993086,0,0.00472248619783611,0,0.000112897740220178,0,0.00179353986877817,0.000355771580308603,0,0,0,0,0,0,0,0,0,0.00029200958384889,0,0,0,0,0,0.000173070161931372,0,5.68909552103815e-06,0,0.000771620972027804,0,0.00957866204227768,0,0
0,0,0,0,0,0,0,0,0,0,0.0124825216685479,0,0.00227468094889558,0,0,0,0,0,0,0,0,0,0,0,0,0,0,0,0,0,0,0,0,0,0,0,0.000252465119859649,0,0,0,0,0,0,0,0,0,0,0,0,0,0,0,0.0128879171565381,0,0,0,0.02797584156887,0,0.0202560717433904,0,0,0,0,0,0,0,0,0,0,0,0,0,0,0,0,0,0,0,0,4.2599945488081e-05,0,0,0.00182865590736662,0,0,0,0
0,0,0,0,0,0.0152511837002559,0,0,0,0,0,0.00969601368839186,0,0.0121537300141189,0,0,0,0,0,0.020486230982042,0,0,0,0,0,0,0,0,0,0,0,0,0,0,0,0,0,0,0,0,0,0,0,0,0,0,0,0,0,0,0,0.0331448028650755,0,0.114488897085039,0,0,0,0.0147829861957778,0,0.0102995697152335,0,0,0.000218494743985807,0,0,0,0,0,0,0,0,0,0,0,0,0,0,0,0,0,0,0,0.00315836780527231,0.00155990368571139,0,0,0
0.0847785584736128,0,0.0370086258111152,0,0.0139647139495881,0,0,0,0,0,0,0,0,0,0.004757183302562,0,0.0010559696912442,0,0.00295133485040446,0,0,0,0,0,0.0231617894694782,0,0.00883154907909578,0,0,0,0,0,0,0,9.29457077882912e-05,0,0,0,0.0014871392776651,0,0,1.40361090298165e-05,0.00664543722320555,0,0,0,0.00046550081725184,7.731482661609e-05,0.00188576405771546,8.72528500881836e-05,0.00157237628146257,0,0,0,0.217846824294063,0,0,0,0,0,0.00239450157793617,0,0,0,0,0,0,0.00931438918735312,0,0.00273541785372701,0,0,0,0.000138952693613566,0,0,0,0,0,1.57292948214439e-05,0,4.6722321511374e-05,0.00572572993213152,0.000461236843431163,0.00962584456976079,0,0.00334723358602096
0,0.0399912613679812,0,0,0,0.0180751959783434,0,0,0,0,0,0,0,3.45099625164583e-05,0,0.0395927999497104,0,0.000855809366777663,6.43696701228547e-05,0,0,0,0,0,0,0,0,0,0,0,0,0,0,0,0,0,0,0.000351924505525142,0,0.000272825156509365,0,0.00529521839311194,0,0,0,0,0,0,0,0.00485144716136884,0,0.00779265218768285,0,0,0,0.132605313541397,0,0.00042145009620995,0,0.00288419065646649,0,0.120273699694328,0.000441547391589213,0,0,0,0.0346618165889614,0,0.00971985800162903,0,0,0,0.000856089728324683,0,0,0,0,0,2.7370707636251e-05,0,0.000103534932933547,0,0.0026482259151116,0.000905488403726349,0.00226662376831274,0.00129375500931519,0
0,0,0,0,0,0,0.0124825216685479,0,0,0,0,0,0.0222618491850426,0,0,0,0,0,0,0,0.088008562791468,0,0,0,0,0,0,0,0.0025126517801455,0,0.0387420716477971,0,0,0,0,0,0.00262018275893802,0,0.0146837113098487,0,0,0,0,0,0,0,0,0,0,0,0,0,0,0,0,0,0.18782723553586,0,0.006347267887742,0,0,0,0,0.0368101916556804,0,0,0,0,0,0,0,0.0189976646380615,0,0.0333854457795586,0,0,0,0,0,0.00112135278323535,0,0.0017641243016076,0.00333072891763352,4.81732387381254e-05,0.00205753815375319,0,0
0,0,0,0,0,0.00160721191059054,0,0.00969601368839186,0,0,0,0,0,0.112355639895324,0,0,0,6.10562726731999e-06,1.43299725968169e-05,0.12409281575875,0,0,0,0,0,0,0,0.00725226697680907,0,0.0194294434484532,0,0,0,0,0,0.00239048178772818,0,0.0375155824402957,0,0,0,6.20587651222246e-05,2.04976364671749e-05,0,0,0.000318840977881939,0,0,0,0,0,9.67413567928392e-05,0,0.00921387263459113,0,0,0,0.194803095834032,0,0.041926302110633,0,0,0.0183705478129373,0,0,0,0,0,0,0,0,0,0.0198390528424506,0,0,0,0,0,0.00127301164556303,0,0.0285983463830839,0,0.0113351686275213,0.0136783013678131,0.000302691917293833,0.000139105221709725,0
0,0,0,0,0,0,0.00227468094889558,0,0,0,0.0222618491850426,0,0,0,0.00912184038727851,0,0,0,0,0,0,0,0,0,0,0,0,0,0.00170743239591121,0,0,0,0,0,0,0,0,0,0,0,0,0,0,0,0,0,0,0,0,0,0,0,0,0,0,0,0.0264385657550013,0,0.18631719768387,0,0.0287194495004069,0,0,0,0,0,0,0,0,0.00388214971052801,0,0.00608770063198465,0,0,0,0,0,0,0,0,0,0,0.00624596665345971,0.00271455316715683,0,0,0
0,0,0,0,0,0,0,0.0121537300141189,0,3.45099625164583e-05,0,0.112355639895324,0,0,0,0.00354010789985189,0,0,0,0,0,0,0,0,0,7.41091526537761e-05,0,0.00680134851664418,0,0.00568070159069539,0,0,0,0,0,0,0,0,0,0,0,0,0,0,0,0,0,0,0,0,0,0,0,0.00223279578564849,0,0,0,0.07017225102069,0,0.0817174432984787,0,0.0131803458368202,0,0,0,0,0,0,0,0,0.00210614048186874,0,0.00143873957782551,0,0,0,0,0,0,0,0,0,0.0100439282676863,0.0225209042515144,0,0,0
0,0,0,0,0,0,0,0,0.004757183302562,0,0,0,0.00912184038727851,0,0,0,0.00115453986252277,0,0,0,0,0,0,0,0,0,0.00197709141751337,0,0.000504406093303975,0,0,0,0,0,0,0,0,0,0,0,0,0,0,0,0,0,0,0,0,0,0,0,0,0,0.0109421501677167,0,0,0,0,0,0.0323770698913929,0,0,0,0,0,0,0,0,0.0123939715171956,0,7.75524458731525e-05,0,0,0,0,0,0,0,0,0,0,0.000891906484152245,0.000570789217459886,0,0,0
0,0.00245823140958355,0,0,0,0,0,0,0,0.0395927999497104,0,0,0,0.00354010789985189,0,0,0,0.00224350213577298,0,0,0,1.81817326620217e-05,0,0.00902807599006464,0,0.0569131475168805,0,0.000221649392871232,0,0,0,0,0,0,0,0,0,0,0,0,0,0,0,0,0,0,0,0,0,0.00106768745891203,0,0,0,0,0,0.0154872895238633,0,0,0,0.0142310373199215,0,0.231090025813943,0,0,0,0,0,0,0.0415423822823296,0,0,0,0,0,0,0,0,0,0,0,0,0,0.000543893557547703,7.48170881580734e-05,0,0,0
0,0,4.10904457689542e-06,0,0,0,0,0,0.0010559696912442,0,0,0,0,0,0.00115453986252277,0,0,0.124828099432944,0.0589957169615677,0,0,0.000245556530318164,0.00150391334246112,0.000366235823014605,0.0055592949420711,0,0.0508958261590748,0,0.000566330142267546,0,0,0,0,0,0,0,0,0,0,0.000754040436036407,0.00144609710294534,0.000732514626816008,0.00283774552158666,0,0,0.00149586622611181,0.00261301736660131,0,4.48040616437995e-06,3.7867331615396e-06,0,0,0,0,0,0,0,1.27791811944413e-05,0,0,0.00314921446104088,0,0.000121038825563555,0.000400257990250727,0,1.39824285410794e-05,0,7.3680303657396e-05,0,0.00607657745299619,0,0,1.88246316434296e-05,0.000106828702510035,0,0,0,0,0.000340526292851001,0.000417231346834971,9.0402466467971e-06,6.11798733526579e-05,0.00652976451028919,0,0.00423815508303561,2.56913839678139e-05,0.000384200122144287
7.54773651764307e-06,5.67079574824011e-05,0,3.82598609165534e-05,0,0,0,0,0,0.000855809366777663,0,6.10562726731999e-06,0,0,0,0.00224350213577298,0.124828099432944,0,0.0918249757341496,0,0,0.00205494855292957,0,0.00141908237176455,0,0.0186504369577902,0,0.000656470957329108,0,0,0,0,0,0,0,0,0,0,0,0.00403943933393112,0.00146832675751322,0.0045504782051313,0.00211252848223353,0,0,0.00570748772886029,0.00176755624633962,0,0,0,0,0,0,0,0,0.000366138744047916,0,0.00031187768342818,0,2.93046734679549e-06,0,0.00422809895288922,0.00102574223188754,0.000261827039156284,7.90242521291469e-06,0,0,0,0.0129438419071833,0,0.00216913037143576,0,0.000384789767630014,4.20462142190877e-05,0,0,0,0,0.00219467955914078,0.000277232057318044,0.000218186520274956,3.04154090135545e-05,0.0130846816532873,0.00197885708114666,0.0101439053269513,0.000176556305198176,0.000174832296749987
0.00121475674948702,0.000718090131066279,4.95707208070999e-05,9.75096282367797e-05,0,0,0,0,0.00295133485040446,6.43696701228547e-05,0,1.43299725968169e-05,0,0,0,0,0.0589957169615677,0.0918249757341496,0,0.000115984279312496,0,0.000100188815151708,0,0.000100052776894828,0,0,0,0,0,0,0,0,0,0,0,0,0,1.4443425731326e-05,2.19952703256731e-05,0.00912207181080022,0.010000311289546,0.0112938386833266,0.0272127847377194,0,0,0.0250977675092872,0.0258077604064064,0,0.000126581269711004,6.3686202875007e-05,0,9.31519531673371e-05,0,0,0.000170189602711895,0,6.30053332189998e-05,0.00103726796699138,0,0,0,0,0.00346142121976576,0.00311761217130512,0,0,0,0,0,0,0,0,0.00170656076854292,0.00508658390524896,0,0,0,0,0.00511481256254027,0.00356057542913862,0.000440674884764833,0.00071436118661031,0.0151244687978746,0,0.0806577924714241,0.00128283393558816,0.00415688495125204
0,6.0784161609489e-05,0,0.000453311787358415,0,0.0020024526830814,0,0.020486230982042,0,0,0,0.12409281575875,0,0,0,0,0,0,0.000115984279312496,0,0,0,0,0,0,0,0,0,0,0,0,0,0,0,0,0.014024129775633,0,0.011301992713895,0,0.000543976509577632,0,0,0,0,0,0.000776084257011599,0,0,0,0,0,0,0,0.00327176960359314,0,0,0,0.060541294135072,0,0,0,0,0.0860027309970127,0,0,0,0,0,0,0,0,0,0.00236603055678563,0,0,0,0,0,0.0021463331273408,0,0.00536891271770197,0,0.00219806994182263,8.27790218500975e-06,0.000425085853926747,0,0
0,0,0,0,0,0,0,0,0,0,0.088008562791468,0,0,0,0,0,0,0,0,0,0,0,0,0,0,0,0,0,0,0,0,0,0,0,0,0,0.00923990576920316,0,0.00804104770076661,0,0,0,0,0,0,0,0,0,0,0,0.0003404658675496,0,0,0,0,0,0.0153259918736905,0,0,0,0,0,0,0.136327412077399,0,0,0,0,0,0,0,0,0,4.01828859407996e-05,0,0,0,0,0,0.00186196699239738,0,6.02237369386189e-05,0.000889175034992927,0,0.00255613798938782,0,0
0,0,0,0,0,0,0,0,0,0,0,0,0,0,0,1.81817326620217e-05,0.000245556530318164,0.00205494855292957,0.000100188815151708,0,0,0,0.0828033594195044,0.00932626624793478,3.61211082740703e-05,0.00931644981578243,0,0.00425388747247956,0,0,0,0,0,0,0,0,0,0.0238070367147492,0.0016592252122162,0,0,2.04163339999987e-06,0,0,0,0,0,0,0,0.0054545875669105,0,0,0,0,0,0,0,0,0,0,0,0,0,0,0.406378049210365,0.0144515551036983,0.0277552361027986,0,0.00534487299558256,0,0.00332160450522166,0,0,0,0,0,0.000231678929493394,3.69566249899659e-05,0,0,0.0153509774613057,0.000251518273826026,0.0143682850317333,0.0107627437272028,5.4294812800669e-05,0,0
0,0,0,0,0,0,0,0,0,0,0,0,0,0,0,0,0.00150391334246112,0,0,0,0,0.0828033594195044,0,0,0.0138479645633118,0,0.0169144478328886,0,0.0112930342342787,0,0,0,0,0,0,0,0,0.00145261057277989,0.0188310824523875,0,0,0,0,0,0,0,0,5.64201395906222e-05,0,0,0,0,0,0,0,0,0,0,0,0,0,0,0,0,0.011680243959149,0.26002138379651,0,0.0027068705880138,0,0.000896577836688181,0,0.000707220439248354,0,0,0,0,0,0.00016687286045454,0,0,1.46502665083159e-05,0.009730531084056,0.0142288919793984,0.00825365285463433,0,0,0
0,0.000561721877844285,0,0,0,0,0,0,0,0,0,0,0,0,0,0.00902807599006464,0.000366235823014605,0.00141908237176455,0.000100052776894828,0,0,0.00932626624793478,0,0,0,0.0318995387836394,0,0,0,0,0,0,0,0,0,0,0,0.00628896820196271,1.94994770214056e-05,0,1.90309315500946e-05,0,0,0,0,0,1.96799912885435e-05,0,0,0.0153915139936937,0,0,0,0,0,0.0101953691293645,0,0,0,0,0,0.00552426346079042,0,0,0.00397829958997747,0,0.12446089689196,0,0.104176203157619,0,0.0013577082035516,0,0,0,0,0,0.000261333570294944,0,1.4667419183412e-06,0,0.00204594120433473,0,0.000948437954340372,0,0.000486584221351598,0,0
0,3.54124343776466e-05,0,5.41981254203647e-05,0,0,0,0,0.0231617894694782,0,0,0,0,0,0,0,0.0055592949420711,0,0,0,0,3.61211082740703e-05,0.0138479645633118,0,0,0,0.0386499230369682,0,0,0,0,0,0,0,0,0,0,4.42554746793965e-06,0.0155095535637258,0,0,0.000114590724282383,0.000392759784726703,0,0,0,0,0.000623500719055709,0.000359581612842768,0.000662058555831382,0,0,0,0,0.00647507473438353,0,0,1.88439611201766e-05,0,0,0,0,0,0,0,0.0336850455895803,0,0.45067028354657,0,0.000465285225553523,0,0,0.00011365219786146,0,0,0,0,0.0016157070657955,0,0,0.00010355878164103,0.00791953844299643,0.00534708463808952,1.09147824263623e-05,0.000518173165475002,0,0
0,0,0,0,0,0,0,0,0,0,0,0,0,7.41091526537761e-05,0,0.0569131475168805,0,0.0186504369577902,0,0,0,0.00931644981578243,0,0.0318995387836394,0,0,0,0.00783467386169084,0,0,0,0,0,0,0,0,0,0,0,0,0,0,0,0,0,0,0,0,0,0,0,0,0,0,0,0,0,0,0,0,0,0.0103553462834972,0,0,0.007673396023744,0,0.064886862504423,0,0.429283433094458,0,0.00426473843238344,0,0,0,0,0,0,0,0,0,0,0,0.00295858869171479,0.000125819528725337,0,0,0
0,0,0,0,0,0,0,0,0.00883154907909578,0,0,0,0,0,0.00197709141751337,0,0.0508958261590748,0,0,0,0,0,0.0169144478328886,0,0.0386499230369682,0,0,0,0.00547195738202835,0,0,0,0,0,0,0,0,0,0,0,0,0,0,0,0,0,0,0,0,0,0,0,0,0,0,0,0,0,0,0,0.00219685326838942,0,0,0,0,0.0269012450471559,0,0.27516719699224,0,0.0733832186063753,0,0.00128393627917767,0,0,0,0,0,0,0,0,0,0,0.000924469768068552,0,0,0,0
0,0,0,0,0,0,0,0,0,0,0,0.00725226697680907,0,0.00680134851664418,0,0.000221649392871232,0,0.000656470957329108,0,0,0,0.00425388747247956,0,0,0,0.00783467386169084,0,0,0,0.0486097401414751,0,0,0,0,0,0,0,0.00377388920827555,0,0,0,0,0,0,0,0,0,0,0,0,0,0,0,0,0,0,0,0.0169574718793422,0,0.00507301064607601,0,0,0,0,0.00153302208282719,0,0,0,0.0156453707293803,0,0.421790686393083,0,0.0570405648067949,0,0,0,0,0,0,0,0.00300251058052207,0,0.00426578032383113,0.0179855542856708,0,0,0
0,0,0,0,0,0,0,0,0,0,0.0025126517801455,0,0.00170743239591121,0,0.000504406093303975,0,0.000566330142267546,0,0,0,0,0,0.0112930342342787,0,0,0,0.00547195738202835,0,0,0,0.0205571080828785,0,0,0,0,0,0,0,0,0,0,0,0,0,0,0,0,0,0,0,0,0,0,0,0,0,0.00432482779047902,0,0.00364810922643017,0,0.00458934158784165,0,0,0,0,0.0049429462816978,0,0,0,0.0305787576814137,0,0.157808644194782,0,0.014414033374935,0,0,0,0,0,0,0,1.57807116920594e-05,0.000705158162370841,8.94922153011346e-05,0,0,0
0,0,0,0,0,0,0,0,0,0,0,0.0194294434484532,0,0.00568070159069539,0,0,0,0,0,0,0,0,0,0,0,0,0,0.0486097401414751,0,0,0,0,0,0,0,0,0,0.0109117826689181,0,0,0,0,0,0,0,0,0,0,0,0,0,0,0,0,0,0,0,0.0161376338640483,0,0.000149677750369392,0,0,0,0,0,0,0,0,0,0,0.00100743205316981,0,0.222921874157821,0,0,0,0,0,0,0,0.00216717360961936,0,0.000953070645183481,0.000409156991776869,0,0,0
0,0,0,0,0,0,0,0,0,0,0.0387420716477971,0,0,0,0,0,0,0,0,0,0,0,0,0,0,0,0,0,0.0205571080828785,0,0,0,0,0,0,0,0,0,0.00652130625538029,0,0,0,0,0,0,0,0,0,0,0,0,0,0,0,0,0,0.0020892950704865,0,0,0,0,0,0,0,0,0,0,0,0,0,0,0.0142121358243691,0,0.165202341884907,0,0,0,0,0,0,0,0.00392490363390461,1.7150732517976e-05,0,0,0,0
0,0,0,0,0,0,0,0,0,0,0,0,0,0,0,0,0,0,0,0,0,0,0,0,0,0,0,0,0,0,0,0,0.32725988991582,0.0283235110099097,0.000274583152698043,0.00851805677400939,0.00214147761617127,0,0,0,0,0,0,0,0,0,0,0.19445852472273,0.000180272066559605,0.000225816338630282,0,0,0,0,0,0,0,0,0,0,0,0,0,0,0,0,0,0,0,0,0,0,0,0,0.0945360445419361,0.151360817027621,0.0079369536915038,0.000516777695367612,0.00250041933293239,0.00129234566197377,0,0,0.000877331760768907,0,0,0,0
0,0,0,0,0,0,0,0,0,0,0,0,0,0,0,0,0,0,0,0,0,0,0,0,0,0,0,0,0,0,0,0.32725988991582,0,0.0128405918247368,0.0286042113879735,0.00260261654640175,0.00814945800775561,0,0,0,0,0,0,0,0,0,0,0.106054788130931,0,0,0,0,0,0,0,0,0,0,0,0,0,0,0,0,0,0,0,0,0,0,0,0,0,0,0.162152706377553,0.209519780214972,0.00460515817115953,0.0194912721096298,0.00068135396434369,0.00742920175946208,0,0,0.000375582167052228,0,0,0,0
0,0,0,0,0,0,0,0,0,0,0,0,0,0,0,0,0,0,0,0,0,0,0,0,0,0,0,0,0,0,0,0.0283235110099097,0.0128405918247368,0,0.246102218997258,0.00639784552616678,2.14346586459042e-05,0.00206348023228978,0.000761593698001014,0,0,0,0,0,0,0,0,0.118221837743853,0.000108493855113675,0.000207249092491849,0,0,0,0,0,4.20035394641752e-05,0,0,0,0,0,0,0,0,0,0,3.64171699396498e-05,0,0,0,0,0,0,0,0.0185017823568485,0.000991514689766337,0.569652851924435,0.0742111431788709,0.00519881571257063,6.24544744812542e-06,0.00634512304713609,0.000438530751538293,0.00227780168497901,0.000372044288854342,0,0,0
0,0.000123415168342981,0,0,0,0,0,0,9.29457077882912e-05,0,0,0,0,0,0,0,0,0,0,0,0,0,0,0,0,0,0,0,0,0,0,0.000274583152698043,0.0286042113879735,0.246102218997258,0,0,0.0127694262165016,0.007399468620336,0.0161838856843018,0,0,0.00011922139903269,1.35876346861249e-05,0,0,0,0,0.150635037785911,0.00515865434508433,0.0111036440154915,0,0,0,0,0,0,0,0,0,0,0,0,0,0,0,4.71453978414067e-05,0,0,0,0,0,0,0.000967403150365776,0.000363366453398482,0.00463350845321132,0.0277129473575945,0.218754949398504,0.239058278517607,0,0.00200200978303711,0.00914553132963749,0.0098876227948863,0.00457241368042588,0.000366188825184988,0.000424299877747661,0,0
0,0,0,0,0,0.0028569145771687,0,0,0,0,0,0.00239048178772818,0,0,0,0,0,0,0,0.014024129775633,0,0,0,0,0,0,0,0,0,0,0,0.00851805677400939,0.00260261654640175,0.00639784552616678,0,0,0.0181451031585286,0.0152697623642955,0.00127415080334718,0.000295163243464583,0,0,0,0,0,0,0,0.00174162748023466,0,0,0,0,0,0,0,0,0,0.000891579548432118,0,0,0,0,0.00787915855848599,0,0,0,0,0,0,0,0,0,0,0,0.00803511030318158,0.000664620615055197,0.0131260326294853,0,0.197618080298833,0.00818804857221072,0.00265644724334734,0,0.028937529168963,0.0142853319733283,0.000745154661023619,0,0
0,0,0,0,0,0,0.000252465119859649,0,0,0,0.00262018275893802,0,0,0,0,0,0,0,0,0,0.00923990576920316,0,0,0,0,0,0,0,0,0,0,0.00214147761617127,0.00814945800775561,2.14346586459042e-05,0.0127694262165016,0.0181451031585286,0,0.000393166135259701,0.0301648996271504,5.44686684342047e-05,0.00033780129972846,0,0,0,0,0,5.71285572842239e-05,0.00311580743711184,0,0,0.000142556184188789,0,0,0,0,0,0.00467133128046689,0,0,0,0,0,0,0.0316439368782424,0,0,0,0,0,0,0,0,0,0,0.00274688229855515,0.0192875293513522,0.000252255735782801,0.00643200698231749,0.0108692086761339,0.156949681928416,0,0.00469266199419856,0.0154847849029083,0.00361149748578493,0.00172742894717401,0,0
0,0.000947766670392591,0,0,0,0,0,0,0,0.000351924505525142,0,0.0375155824402957,0,0,0,0,0,0,1.4443425731326e-05,0.011301992713895,0,0.0238070367147492,0.00145261057277989,0.00628896820196271,4.42554746793965e-06,0,0,0.00377388920827555,0,0.0109117826689181,0,0,0,0.00206348023228978,0.007399468620336,0.0152697623642955,0.000393166135259701,0,0.00623208248824084,0,0,0.0018510584068111,0,0,0,0.000332531229992149,0,0.0154352754489667,4.9819612072312e-06,0.0170057469589681,0,0,0,0,0,0.000633349132941705,0,0.016181045677305,0,0,0,1.37224423866411e-05,0.00288216359958197,0,0.00336215196859386,0.00158320266730138,0.00636865941954522,2.64168390708294e-05,0,0,0.00236179205078674,0,0.0051594251688688,0,0,0,0.00318958793196416,0.0002527312102478,0.00767937906090158,0,0.240627572141217,0.000822936211399945,0.0118896377436153,0.0132768491040366,0.00530742895493627,0,0
1.27040388435114e-05,0.000109514235062069,0,8.75062607101596e-06,0,0,0,0,0.0014871392776651,0,0.0146837113098487,0,0,0,0,0,0,0,2.19952703256731e-05,0,0.00804104770076661,0.0016592252122162,0.0188310824523875,1.94994770214056e-05,0.0155095535637258,0,0,0,0,0,0.00652130625538029,0,0,0.000761593698001014,0.0161838856843018,0.00127415080334718,0.0301648996271504,0.00623208248824084,0,0,0,0.000568213855522612,0.000731824389380586,0,0,0,6.95296291687461e-06,0.0219566514239758,0.00073777690504813,0.00337236833456916,0,0,0,0,0.000402395591852152,2.30633924934128e-05,0.0191786182361902,5.93867442902915e-06,0,0,0,0,1.72419583045256e-05,0.00602845449103941,0.000215244514435212,0.0131365848228797,0,0.00473063619849544,0,0,0,2.05347241717391e-05,0.000136720290393044,0.00454645093582991,0,0,0.00094179689584744,0.0108829024279979,0.000328123991607665,0.00800391420140681,0.00318686472677718,0.197032083519577,0.010683861479911,0.00111898976742029,0.00303213707236188,0,0
0,0.000113821872610166,0,0.000408754837563007,0,0,0,0,0,0.000272825156509365,0,0,0,0,0,0,0.000754040436036407,0.00403943933393112,0.00912207181080022,0.000543976509577632,0,0,0,0,0,0,0,0,0,0,0,0,0,0,0,0.000295163243464583,5.44686684342047e-05,0,0,0,6.43633769683268e-05,0.0229805953722066,0.000367762615561627,0,0,0.0691595280687315,0.000183890553026521,0.00477591600048405,5.92601271723105e-05,0.0241264966891689,0,0,0,0,0,0,0,0.00125984644532482,0,1.89975452260069e-05,0,0,0.0262022204917983,0,0,0,0,0,0,0,0,0,0.00193228904495893,0,0,0,0,0,0.0123117137175744,0,0.000192310790099064,0,0.00127928439760652,0,0.0634391329792954,0.00323003242515163,2.13050168432422e-05
4.09986818998842e-05,0,0.000140475383643597,0,0,0,0,0,0,0,0,0,0,0,0,0,0.00144609710294534,0.00146832675751322,0.010000311289546,0,0,0,0,1.90309315500946e-05,0,0,0,0,0,0,0,0,0,0,0,0,0.00033780129972846,0,0,6.43633769683268e-05,0,0.000129339791837519,0.0195369621718733,0,6.17808694681949e-05,0.000476881681184766,0.0379642722875211,0.000885637259108004,0.00813823933692189,0,0,0,0,0,0,0,0,0,0,0,0,0,0,0.0148304586072044,0,0,0,0,0,0,0,0,0,0.00124779423765956,0,0,0,0,7.44202384076824e-06,0.00905672785301663,0,3.04860402880968e-05,0.000865605751503252,0,0.028595179942417,0,0.00119821907830572
0,0.0138021313649513,0,0.00612949598943596,0,0.000314812915273013,0,0,1.40361090298165e-05,0.00529521839311194,0,6.20587651222246e-05,0,0,0,0,0.000732514626816008,0.0045504782051313,0.0112938386833266,0,0,2.04163339999987e-06,0,0,0.000114590724282383,0,0,0,0,0,0,0,0,0,0.00011922139903269,0,0,0.0018510584068111,0.000568213855522612,0.0229805953722066,0.000129339791837519,0,0.0127235481799918,0.000138707485114792,0,0.0128967005660659,0.000399146746704381,0.000476314556341132,4.38496616629032e-05,0.0185513555951051,0,5.48313438287541e-05,0,0,8.17983163904209e-05,0.00367707760613814,0,0.0401639225249901,0,0.000461485284430533,0,0.000718554897003969,0.020934619612525,5.54060320026417e-05,0,0,0,0.000140246328539441,0,0,0.000248099519741554,5.2352554316599e-05,0.0294829833060086,6.30391423429659e-05,0,0,0,0,0.0130374995340496,1.36612577183865e-05,0.00178567692223748,0.000122273712061603,0.00417548857978621,1.17115767297116e-05,0.089373373112438,0.0126397653320228,8.53222607259223e-05
0.00542633547697516,0,0.00186686051544764,0,0.000196858681719668,0,0,0,0.00664543722320555,0,0,2.04976364671749e-05,0,0,0,0,0.00283774552158666,0.00211252848223353,0.0272127847377194,0,0,0,0,0,0.000392759784726703,0,0,0,0,0,0,0,0,0,1.35876346861249e-05,0,0,0,0.000731824389380586,0.000367762615561627,0.0195369621718733,0.0127235481799918,0,0,8.95239393597883e-05,0.000484410196167689,0.0183413911075466,0.000107583928057931,0.0122516264559923,1.27348487055905e-05,0,0,0,0,0.000611763202060781,0,0.000794997597043037,0,0,0,0,0,0.000243476886070478,0.00871122717611241,0,0,0,0.000351306319009934,0,0,0,0.000415548120977137,1.89768982087196e-05,0.0375215744898794,0,0,0,0,7.49946552429759e-05,0.00845663245851167,6.77360364524002e-06,0.000967237509645858,0.00506541452541862,3.25814021659182e-06,0.105026472639769,0,0.0175671603360817
0,0,0,0,0,0,0,0,0,0,0,0,0,0,0,0,0,0,0,0,0,0,0,0,0,0,0,0,0,0,0,0,0,0,0,0,0,0,0,0,0,0.000138707485114792,0,0,0,0,0,0,0,0,0,0,0,0,0,0,0,0,0,0,0,0,0,0,0,0,0,0,0,0,0,0,0,0,0,0,0,0,0,0,0,0,0,0,0,0,0
0,0,0,0,0,0,0,0,0,0,0,0,0,0,0,0,0,0,0,0,0,0,0,0,0,0,0,0,0,0,0,0,0,0,0,0,0,0,0,0,6.17808694681949e-05,0,8.95239393597883e-05,0,0,0,0,0,0,0,0,0,0,0,0,0,0,0,0,0,0,0,0,0,0,0,0,0,0,0,0,0,0,0,0,0,0,0,0,0,0,0,0,0,0,0,0
0,0.0013458735549005,0,0.0017680093139585,0,0.000154728440440934,0,0,0,0,0,0.000318840977881939,0,0,0,0,0.00149586622611181,0.00570748772886029,0.0250977675092872,0.000776084257011599,0,0,0,0,0,0,0,0,0,0,0,0,0,0,0,0,0,0.000332531229992149,0,0.0691595280687315,0.000476881681184766,0.0128967005660659,0.000484410196167689,0,0,0,0.000642589316599587,0,0,0.000273745407631024,0,0.000613022363304023,0,0,0,0.000105580097880241,0,0.00110714909731502,0,0,0,0.000201277058495351,0.0479549981491698,2.09144648107113e-05,0,0,0,0,0,0,0,0,0.00104748366190693,0.00012572182071946,0,0,0,0,0.0153444271062166,2.08050106771049e-05,0.00151940699914964,1.16413512250318e-05,0.00115899779181393,0,0.0325839849916,3.27621191138331e-05,0
1.64660841553799e-05,0,0.000853008520185886,0,0,0,0,0,0.00046550081725184,0,0,0,0,0,0,0,0.00261301736660131,0.00176755624633962,0.0258077604064064,0,0,0,0,1.96799912885435e-05,0,0,0,0,0,0,0,0,0,0,0,0,5.71285572842239e-05,0,6.95296291687461e-06,0.000183890553026521,0.0379642722875211,0.000399146746704381,0.0183413911075466,0,0,0.000642589316599587,0,0,0.000260851486449099,0,0,0,0,0,5.36715565572744e-05,0,0,0,0,0,0,0,0,0.056151976076906,0,0,0,0,0,0,0,0,1.83652592888123e-05,0.00177514470406163,0,0,0,0,0.000100732809862246,0.0157256987882996,0,0.00156504727329565,0.000967630785676252,0,0.0435635428523097,0,0.00145963371510986
0,0.00105123811299696,0,0,0,0,0,0,7.731482661609e-05,0,0,0,0,0,0,0,0,0,0,0,0,0,5.64201395906222e-05,0,0.000623500719055709,0,0,0,0,0,0,0.19445852472273,0.106054788130931,0.118221837743853,0.150635037785911,0.00174162748023466,0.00311580743711184,0.0154352754489667,0.0219566514239758,0.00477591600048405,0.000885637259108004,0.000476314556341132,0.000107583928057931,0,0,0,0,0,0.0506884139126007,0.17774081579229,0,0,0,0,2.80280800910911e-05,9.83448722701005e-05,0,2.57534501017464e-05,0,0,0,4.11491052970366e-05,0,0,0,0.000239708911841012,5.46893818209951e-05,0.000764202058640793,0,0,0,0,0.001089265126516,8.20101677428946e-05,0.0699619180097777,0.0456799418788652,0.019858720453552,0.0195544248368024,0.00256105593442068,0.0036712918342768,0.00495398215227541,0.00657278847972642,0.00629080399168412,1.29240782444658e-05,0.00786478888487373,0,0
0.00878981384341729,2.38169131043039e-05,0.00196871831540401,0,0,0,0,0,0.00188576405771546,0,0,0,0,0,0,0,4.48040616437995e-06,0,0.000126581269711004,0,0,0,0,0,0.000359581612842768,0,0,0,0,0,0,0.000180272066559605,0,0.000108493855113675,0.00515865434508433,0,0,4.9819612072312e-06,0.00073777690504813,5.92601271723105e-05,0.00813823933692189,4.38496616629032e-05,0.0122516264559923,0,0,0,0.000260851486449099,0.0506884139126007,0,0.0533120911421976,0,0,0,0,0.00216832726919628,0,0,0,0,0,0.00371867584480766,0,0,2.00955954055774e-05,0,0.000352857830482067,0,0.00379417564288875,0,0.000895590578504628,0,0.00362215346361287,2.48081555975164e-05,0.0185471261107644,0,0.00018277314937204,0,0.00103883395460336,0,4.15468301592108e-05,0.000122095172474345,0.0135007144015783,0.002595927425878,0,0.0216994739519446,0,2.21619847772248e-05
4.12317023191968e-05,0.0415009257584015,0,0.00129714593695836,0,0.000945901175367646,0,0,8.72528500881836e-05,0.00485144716136884,0,0,0,0,0,0.00106768745891203,3.7867331615396e-06,0,6.3686202875007e-05,0,0,0.0054545875669105,0,0.0153915139936937,0.000662058555831382,0,0,0,0,0,0,0.000225816338630282,0,0.000207249092491849,0.0111036440154915,0,0,0.0170057469589681,0.00337236833456916,0.0241264966891689,0,0.0185513555951051,1.27348487055905e-05,0,0,0.000273745407631024,0,0.17774081579229,0.0533120911421976,0,0,0,0,0,6.49737979269266e-05,0.0125915895011674,0,0.00159307104653261,0,0.00455488956367289,0,0.0274031507347365,0.000127249413669385,0,0.00308223087028525,4.61753677183203e-05,0.0158400706473272,0.000320431398799872,0.00814439254045025,0,0.0197916130728948,0,0.00238607602149652,0,7.07932022734367e-05,0,0,0.000723332294766718,0.000999460006614916,0,0.00742044343218925,0.00119757954694716,0.0059050278571341,0,0.0311233865769109,1.71849083505995e-05,0
0.000103925439929892,0,0.0287306139652453,0,0.030518419841554,0,0,0,0.00157237628146257,0,0,0,0,0,0,0,0,0,0,0,0.0003404658675496,0,0,0,0,0,0,0,0,0,0,0,0,0,0,0,0.000142556184188789,0,0,0,0,0,0,0,0,0,0,0,0,0,0,0,0,0,0.00212155881953304,0,0.0137791785542778,0,0.00538348625406092,0,0.00266058757519714,0,0,0.00133734798115953,0,0,0,0,0,0,0,0,0,0,0,0,0,0,0,0,0,0,0.000548389003306213,0,0.000121980556299751,0,0
0,0,0,0.00823046168572671,0,0.0298591192764801,0,0.0331448028650755,0,0.00779265218768285,0,9.67413567928392e-05,0,0,0,0,0,0,9.31519531673371e-05,0,0,0,0,0,0,0,0,0,0,0,0,0,0,0,0,0,0,0,0,0,0,5.48313438287541e-05,0,0,0,0.000613022363304023,0,0,0,0,0,0,0,0.0154351965881942,0,0.00730714004050048,0,0.0180057800591051,0,0.000498085513053285,0,0.00130010026241215,0.000548930100657103,0,0,0,0,0,0,0,0,0,0.000434494572661015,0,0,0,0,0,2.12449403333626e-05,0,0,0,6.88094350594099e-05,0,0.00326815245834826,0,0
0,0,0,0,0.00266555964954658,0,0.0128879171565381,0,0,0,0,0,0,0,0,0,0,0,0,0,0,0,0,0,0,0,0,0,0,0,0,0,0,0,0,0,0,0,0,0,0,0,0,0,0,0,0,0,0,0,0,0,0,0,0,0,0.0137446278502081,0,0.0114902025171871,0,0,0,0,0,0,0,0,0,0,0,0,0,0,0,0,0,0,0,0,0,0,0,0.000302342741216601,0,0,0,0
0,0,0,0,0,0.0672298384975425,0,0.114488897085039,0,0,0,0.00921387263459113,0,0.00223279578564849,0,0,0,0,0,0.00327176960359314,0,0,0,0,0,0,0,0,0,0,0,0,0,0,0,0,0,0,0,0,0,0,0,0,0,0,0,0,0,0,0,0.0154351965881942,0,0,0,0,0,0.0356355085684196,0,0,0,0,0.000197453952998604,0,0,0,0,0,0,0,0,0,0,0,0,0,0,0,0,0,0,0,0.00165114216954857,0.000413244589233458,0,0,0
0.0571014321479419,6.68287590939887e-05,0.0541174319226909,0,0.00645201991520148,0,0,0,0.217846824294063,0,0,0,0,0,0.0109421501677167,0,0,0,0.000170189602711895,0,0,0,0,0,0.00647507473438353,0,0,0,0,0,0,0,0,0,0,0,0,0,0.000402395591852152,0,0,8.17983163904209e-05,0.000611763202060781,0,0,0,5.36715565572744e-05,2.80280800910911e-05,0.00216832726919628,6.49737979269266e-05,0.00212155881953304,0,0,0,0,0,0.000774594253918161,0,0.000586078346962838,0,0.012535488972678,0,0,0,0,0,0,0.0849359310859524,0,0.00055191666884798,0,0,0,8.90007364470246e-05,0,0,0,0,0,2.47592232103313e-06,0,0.000129753818847489,0.00105020242750769,4.51596174230948e-05,0.00372197923310811,0,0.000140810465537459
0,0.083126976568537,0,0.00821825846069183,0,0.0300507322993086,0,0,0,0.132605313541397,0,0,0,0,0,0.0154872895238633,0,0.000366138744047916,0,0,0,0,0,0.0101953691293645,0,0,0,0,0,0,0,0,0,4.20035394641752e-05,0,0,0,0.000633349132941705,2.30633924934128e-05,0,0,0.00367707760613814,0,0,0,0.000105580097880241,0,9.83448722701005e-05,0,0.0125915895011674,0,0.00730714004050048,0,0,0,0,0,0.000509260693333133,0,0.00612154727308129,0,0.162235427815962,6.1568100132625e-05,0,0,0,0.0188940905445557,0,0.00605265233291669,0,0,0,6.875482933201e-05,0,0,0,2.83915934262652e-05,0,3.67464881715813e-05,0,0.000347081418337819,0,0.00101485673107672,0,0.00530912540878116,0,0
0,0,0,0,0.00365434914748677,0,0.02797584156887,0,0,0,0.18782723553586,0,0.0264385657550013,0,0,0,0,0,6.30053332189998e-05,0,0.0153259918736905,0,0,0,0,0,0,0,0.00432482779047902,0,0.0020892950704865,0,0,0,0,0,0.00467133128046689,0,0.0191786182361902,0,0,0,0.000794997597043037,0,0,0,0,0,0,0,0.0137791785542778,0,0.0137446278502081,0,0.000774594253918161,0,0,0,0.0105547652046843,0,0.000282361745278884,0,0,0.0109687222626083,0,0,0,0,0,0,0,0.00753639195007494,0,0.041040616118121,0,0,0,0,0,0.00104524757194279,0,0.000362984505823808,0.00358102988523562,5.4439246948842e-06,0.0050873868158767,0,0
0,0.00149924306679215,0,0.00411041426996969,0,0.00472248619783611,0,0.0147829861957778,0,0.00042145009620995,0,0.194803095834032,0,0.07017225102069,0,0,1.27791811944413e-05,0.00031187768342818,0.00103726796699138,0.060541294135072,0,0,0,0,1.88439611201766e-05,0,0,0.0169574718793422,0,0.0161376338640483,0,0,0,0,0,0.000891579548432118,0,0.016181045677305,5.93867442902915e-06,0.00125984644532482,0,0.0401639225249901,0,0,0,0.00110714909731502,0,2.57534501017464e-05,0,0.00159307104653261,0,0.0180057800591051,0,0.0356355085684196,0,0.000509260693333133,0,0,0,0.0344817295031105,0,0.00196759815462892,0.0517895727152069,0,0,0,0,0,0,0,0.00520774293722112,0,0.104861547873658,3.13219563414062e-05,0,0,0,0,0.000300943976512228,0,0.00507555163343945,0,0.00692762011533542,0.00188638893365592,0.0228985467434314,0.00223480367411792,0
0,0,0,0,0.00272703003736881,0,0.0202560717433904,0,0,0,0.006347267887742,0,0.18631719768387,0,0,0,0,0,0,0,0,0,0,0,0,0,0,0,0.00364810922643017,0,0,0,0,0,0,0,0,0,0,0,0,0,0,0,0,0,0,0,0,0,0.00538348625406092,0,0.0114902025171871,0,0.000586078346962838,0,0.0105547652046843,0,0,0,0,0,0,0,0,0,0,0,0,0,0,0.000766015537664313,0,0,0,0,0,0,0,0,0,0,0.00336395823405897,0.000721091980746591,5.29659553089056e-05,0,0
0,0.00148235772749654,0,0.0147634589384018,0,0.000112897740220178,0,0.0102995697152335,0,0.00288419065646649,0,0.041926302110633,0,0.0817174432984787,0,0.0142310373199215,0,2.93046734679549e-06,0,0,0,0,0,0,0,0,0,0.00507301064607601,0,0.000149677750369392,0,0,0,0,0,0,0,0,0,1.89975452260069e-05,0,0.000461485284430533,0,0,0,0,0,0,0,0.00455488956367289,0,0.000498085513053285,0,0,0,0.00612154727308129,0,0.0344817295031105,0,0,0,0.016810716577948,4.90217114488406e-05,0,0,0,0,0,0,0,0.0229466747171964,0,0.00264458442310524,0,0,0,0,0,0,0,0,0,0.00483601403709165,0.00350881314151385,0.0015075131341081,2.36434164191475e-05,0
0.00257388247556049,0,0,0,0,0,0,0,0.00239450157793617,0,0,0,0.0287194495004069,0,0.0323770698913929,0,0.00314921446104088,0,0,0,0,0,0,0,0,0,0.00219685326838942,0,0.00458934158784165,0,0,0,0,0,0,0,0,0,0,0,0,0,0,0,0,0,0,0,0.00371867584480766,0,0.00266058757519714,0,0,0,0.012535488972678,0,0.000282361745278884,0,0,0,0,0,0,0,0,0,0,6.82178846998002e-05,0,0.00554389350970098,0,0.0018343317762667,0,0,0,0,0,0,0,0,0,0,0.00213301863136562,9.63225871258833e-05,7.34295506589497e-05,0,0
0,0.064032742711534,0,0.0495572322988793,0,0.00179353986877817,0,0,0,0.120273699694328,0,0,0,0.0131803458368202,0,0.231090025813943,0,0.00422809895288922,0,0,0,0,0,0.00552426346079042,0,0.0103553462834972,0,0,0,0,0,0,0,0,0,0,0,1.37224423866411e-05,0,0,0,0.000718554897003969,0,0,0,0.000201277058495351,0,4.11491052970366e-05,0,0.0274031507347365,0,0.00130010026241215,0,0,0,0.162235427815962,0,0.00196759815462892,0,0.016810716577948,0,0,0.00024189504750771,0,0,0,0.0172114068380388,0,0.0138515455642133,0,0,0,0,0,0,0,0,0,1.01766018321562e-05,0,1.04550785736244e-05,0,0.000221300919564034,0,0.00266979269039495,0.000804472890105254,0
0,0.00145528211110471,0,0.00266582529555373,0,0.000355771580308603,0,0.000218494743985807,0,0.000441547391589213,0,0.0183705478129373,0,0,0,0,0.000121038825563555,0.00102574223188754,0.00346142121976576,0.0860027309970127,0,0,0,0,0,0,0,0,0,0,0,0,0,0,0,0.00787915855848599,0,0.00288216359958197,1.72419583045256e-05,0.0262022204917983,0,0.020934619612525,0.000243476886070478,0,0,0.0479549981491698,0,0,0,0.000127249413669385,0,0.000548930100657103,0,0.000197453952998604,0,6.1568100132625e-05,0,0.0517895727152069,0,4.90217114488406e-05,0,0.00024189504750771,0,0,0,0,0,0,0,0,0.000140690378130744,0,0.0274406718099515,0,0,0,0,0,0.0111303369677261,0,0.00608605570105004,0,0.00286985231024172,0,0.023268570128679,0.00510670199964985,0
0,0,0,0,0.000139837966553036,0,0,0,0,0,0.0368101916556804,0,0,0,0,0,0.000400257990250727,0.000261827039156284,0.00311761217130512,0,0.136327412077399,0,0,0,0,0,0,0,0,0,0,0,0,0,0,0,0.0316439368782424,0,0.00602845449103941,0,0.0148304586072044,5.54060320026417e-05,0.00871122717611241,0,0,2.09144648107113e-05,0.056151976076906,0,2.00955954055774e-05,0,0.00133734798115953,0,0,0,0,0,0.0109687222626083,0,0,0,0,0,0,0,0,0,0,0,0,0,0,0,0,0.00226114011174956,0,0,0,0,0,0.00800116688837454,0,0.0033651585740967,0.00325199137390833,0,0.0527619504163878,0,0
0,0,0,0,0,0,0,0,0,0,0,0,0,0,0,0,0,7.90242521291469e-06,0,0,0,0.406378049210365,0.011680243959149,0.00397829958997747,0,0.007673396023744,0,0.00153302208282719,0,0,0,0,0,0,0,0,0,0.00336215196859386,0.000215244514435212,0,0,0,0,0,0,0,0,0,0,0.00308223087028525,0,0,0,0,0,0,0,0,0,0,0,0,0,0,0,0.00105872533212461,0.0112093339745107,0,0.0079501384066984,0,0.00585960439160326,0,0,0,0,0,8.41368087313338e-05,0,0,0,0.00327308087302276,0,0.00596053700372801,0.00545501907695039,0,0,0
0,0,0,0,0,0,0,0,0,0,0,0,0,0,0,0,1.39824285410794e-05,0,0,0,0,0.0144515551036983,0.26002138379651,0,0.0336850455895803,0,0.0269012450471559,0,0.0049429462816978,0,0,0,0,0,4.71453978414067e-05,0,0,0.00158320266730138,0.0131365848228797,0,0,0,0,0,0,0,0,0.000239708911841012,0.000352857830482067,4.61753677183203e-05,0,0,0,0,0,0,0,0,0,0,0,0,0,0,0.00105872533212461,0,0,0.00935305378159976,0,0.00435809754205959,0,0.000723129071232444,0,0,0,0,0,0.000262100847917801,0,0,7.35437015356983e-05,0.00454720421621994,0.00549079489342795,0.00306273641911842,1.77118399891261e-05,0,0
0,0.00179778980800856,0,0,0,0,0,0,0,0.0346618165889614,0,0,0,0,0,0,0,0,0,0,0,0.0277552361027986,0,0.12446089689196,0,0.064886862504423,0,0,0,0,0,0,0,3.64171699396498e-05,0,0,0,0.00636865941954522,0,0,0,0,0,0,0,0,0,5.46893818209951e-05,0,0.0158400706473272,0,0,0,0,0,0.0188940905445557,0,0,0,0,0,0.0172114068380388,0,0,0.0112093339745107,0,0,0,0.15099260906349,0,0.00421486775327673,0,0,0,0,0,0.00019508493941664,0,0,0,0.00598337148218941,1.87308506590616e-05,0.000787525354487322,0,0.00267904803383887,0,0
0.000717559488814393,0,0,0,0,0,0,0,0.00931438918735312,0,0,0,0,0,0,0,7.3680303657396e-05,0,0,0,0,0,0.0027068705880138,0,0.45067028354657,0,0.27516719699224,0,0,0,0,0,0,0,0,0,0,2.64168390708294e-05,0.00473063619849544,0,0,0.000140246328539441,0.000351306319009934,0,0,0,0,0.000764202058640793,0.00379417564288875,0.000320431398799872,0,0,0,0,0.0849359310859524,0,0,0,0,0,6.82178846998002e-05,0,0,0,0,0.00935305378159976,0,0,0,0.00341715240452809,0,0,4.62686673135275e-05,0,0,0,0,0.000833910785603486,0,0,5.6759272361942e-05,0.00417598292791056,0.00295667869190617,2.29372567973737e-05,0.00058735314282234,0,0
0,0,0,0,0,0,0,0,0,0.00971985800162903,0,0,0,0,0,0.0415423822823296,0,0.0129438419071833,0,0,0,0.00534487299558256,0,0.104176203157619,0,0.429283433094458,0,0.0156453707293803,0,0,0,0,0,0,0,0,0,0,0,0,0,0,0,0,0,0,0,0,0,0.00814439254045025,0,0,0,0,0,0.00605265233291669,0,0,0,0,0,0.0138515455642133,0,0,0.0079501384066984,0,0.15099260906349,0,0,0,0.016207609170458,0,0,0,0,0,0,0,0,0,0,0,0.00109415340651729,0.000282749003370091,0.00065421510116134,0,0
0,0,0,0,0,0,0,0,0.00273541785372701,0,0,0,0.00388214971052801,0,0.0123939715171956,0,0.00607657745299619,0,0,0,0,0,0.000896577836688181,0,0.000465285225553523,0,0.0733832186063753,0,0.0305787576814137,0,0,0,0,0,0,0,0,0,0,0,0,0,0,0,0,0,0,0,0.000895590578504628,0,0,0,0,0,0.00055191666884798,0,0,0,0,0,0.00554389350970098,0,0,0,0,0.00435809754205959,0,0.00341715240452809,0,0,0,0.000752362568876031,0,0,0,0,0,0,0,0,0,0,0.00103276462954709,0,0,0,0
