0,0,95.2570807039738,0,0,0,0,0,44.8520569205284,0,0,0,0,0,0,0,0.710277229547501,0,66.6229789555073,0,0,0,0,0,5.89169637858868,0,0,0,0,0,0,0,0,0,0,0,9.72219169139862,0,10.9084726721048,0,22.7270196974277,0,68.197842925787,0,2.17352974414825,1.38673257827759,40.3217509686947,0,150.699139222503,0,0,0,0,0,72.5141469091177,0,1.3624551743269,0,0,0,21.5444396734238,0,0,0,0,0,0,10.2030497044325,0,0,0,0,0,0,0,0,0,0,0,48.9298655241728,0,19.7936711758375,64.8748976588249,0,351.684039518237,0,4.24603456258774
0,0,0,86.4980428218842,0,0.566315114498138,0,0,0,61.8919250816107,0,0,0,0,0,0,1.01081277430058,0,47.6993120312691,6.70242741703987,0,0,0,30.2883516997099,0,0,0,0,0,0,0,0,0,0,0,15.1830036193132,0,39.6941417902708,0,1.06260371208191,0,71.688345760107,0,0,0,122.147044405341,0.229753851890564,0,0,469.800888538361,0,0,0,0,0,178.343022316694,0,7.14988070726395,0,1.41218906641006,0,4.97567531466484,22.3558135330677,0,0,0,92.7640695571899,0,19.5354494452477,0,19.7436962425709,0,4.21060368418694,0,0,0,0,0,139.371804818511,0,51.2743918448687,0,43.4307773113251,7.19369871914387,572.759304225445,0.362235277891159,0
95.2570807039738,0,0,0,145.629325211048,0,0,0,32.8907555639744,0,0,0,0,0,0,0,0,0,0.719455122947693,0,1.98126685619354,0,0,0,0.304378747940063,0,0,0,0.258632779121399,0,0,0,0,0,0,0,0,0,1.41050557792187,0,0.446412742137909,0,52.6661473065615,0,0,0,25.1563756018877,0,27.1449312269688,0,119.104040443897,0,0,0,222.247020930052,0,1.4316121339798,0,81.721353083849,0,60.6056957840919,0,0,0,0,0.261801034212112,0,1.06901258230209,0,0.416536331176758,0,4.50937032699585,0,0.327428638935089,0,0,0,0,0,0,0,0.880775988101959,196.062751740217,0.233890309929848,307.044938787818,0,17.1228309571743
0,86.4980428218842,0,0,0,556.476372659206,0,0,0,264.373380228877,0,0,0,0,0,0,0,0,0.153672233223915,10.2849339842796,0,0,0,6.21545881032944,0,0,0,0,0,0,0,0,0,0,0,12.1582154333591,0,5.13469249010086,0,0,0,47.0110167264938,0,0,0,12.9078378230333,0,0,0,131.067390307784,0,120.367825046182,0,0,0,328.927571758628,0,4.91810889542103,0,0,0,6.64239138364792,3.87895318865776,0,0.193420544266701,0,19.7311729639769,0,1.99207228422165,0,27.1840623021126,0,4.56309051811695,0,0,0,0,0,3.91608399152756,0,4.04240883886814,0,344.114896014333,2.36305499076843,271.572978854179,0,0
0,0,145.629325211048,0,0,0,26.9715147912502,0,4.29427996277809,0,0,0,2,0,0,0,0,0,0,0,179.380336552858,0,0,0,0,0,0,0,0,0,0,0,0,0,0,0,0,0,0,0,0,0,5.21923403441906,0,0,0,0.341746121644974,0,0,0,307.748877719045,0,2.49678391218185,0,7.05809885263443,0,3.96567744016647,0,0,0,0.275504976511002,0,0,30.9611968398094,0,0.216099485754967,0,0,0,0,0,1.06539559364319,0,0.2499148696661,0,0,0,0,0,0,0,0,351.865728318691,0,551.694328814745,0,0.771556556224823
0,0.566315114498138,0,556.476372659206,0,0,0,0,0,110.768895089626,0,4.17870423197746,0,0,0,0,0,0,0,7.96083930134773,0,0,0,0,0,0,0,0,0,0,0,0,0,0,0,44.6357569098473,0,0,0,0,0,0.259618133306503,0,0,0,0.372703522443771,0,0,0,11.5031149983406,0,355.875725805759,0,0,0,6.93125581741333,0,4.04232452809811,0,4.83784294128418,0,0,0,0,0,0,0,0,0.818393409252167,0,0.790575578808784,0,0.203140094876289,0,0,0,0,0,0,0,0,0,306.150729864836,0,111.681409135461,0,0
0,0,0,0,26.9715147912502,0,0,0,0,0,56.126796245575,0,0,0,0,0,0,0,0,0,0,0,0,0,0,0,0,0,0,0,0,0,0,0,0,0,0,0,0,0,0,0,0,0,0,0,0,0,0,0,28.505754083395,0,213.066223084927,0,0,0,18.2349748313427,0,0,0,0,0,0,0,0,0,0,0,0,0,0,0,0,0,0,0,0,0,0,0,0,0,0,0,0,0,0
0,0,0,0,0,0,0,0,0,0,0,0,0,0,0,0,0,0,0,0,0,0,0,0,0,0,0,0,0,0,0,0,0,0,0,0,0,0,0,0,0,0,0,0,0,0,0,0,0,0,0,15.9921881556511,0,77.1048109531403,0,0,0,0,0,0,0,0,0,0,0,0,0,0,0,0,0,0,0,0,0,0,0,0,0,0,0,0,0,0,0,0,0
44.8520569205284,0,32.8907555639744,0,4.29427996277809,0,0,0,0,0,0,0,0,0,96.9825397729874,0,0,0,0,0,0,0,0,0,142.763055831194,0,9.32136344909668,0,0,0,0,0,0,0,0,0,0,0,13.7300859093666,0,0,0,46.2092895209789,0,0.53976172208786,0,0,0,30.1912916600704,0,17.5233110189438,0,0,0,698.48022133112,0,0.908482730388641,0,0,0,52.4923900365829,0,0,0,0,0,0,18.1703556776047,0,64.6299798488617,0,0,0,0,0,0,0,0,0,0,0,10.8772164285183,263.289397075772,0.225854724645615,85.7702870965004,0,6.90257972478867
0,61.8919250816107,0,264.373380228877,0,110.768895089626,0,0,0,0,0,0,0,0,0,152.046310588717,0,2.99033498764038,0.180115833878517,0.309430032968521,0,0,0,220.278847202659,0,44.9904644787312,0,0,0,0,0,0,0,0,0,0,0,20.7770065665245,0,0,0,57.4044986218214,0,0,0,0.622627973556519,0,0,0,49.8896817713976,0,23.5438443422318,0,0,0,635.764186620712,0,0,0,0,0,90.5657280385494,0,0,0,0,52.3449720740318,0,3.06584152579308,0,5.87887075543404,0,0,0,0,0,0,0,0,0,1.64542216062546,0,356.150459051132,4.75085577368736,76.878240019083,0,0
0,0,0,0,0,0,56.126796245575,0,0,0,0,0,0,0,0,0,0,0,0,0,793.131011426449,0,0,0,0,0,0,0,0,0,131.676056653261,0,0,0,0,0,250.580586731434,0,159.913955569267,0,0,0,0,0,0,0,0,0,0,0,0,0,49.6759506762028,0,0,0,2247.24218212068,0,3.16092276573181,0,0,0,0,188.613153636456,0,0,0,0,0,0,0,0,0,52.1275999099016,0,0,0,0,0,1.19815731048584,0,0,400.010221749544,0,0.958686590194702,0,0
0,0,0,0,0,4.17870423197746,0,0,0,0,0,0,0,89.9896661937237,0,0,0,0,0,192.22183021903,0,0,0,0,0,0,0,0.776598870754242,0,207.975085273385,0,0,0,0,0,2.31152358651161,0,33.8572698235512,0,0,0,0,0,0,0,0,0,0,0,0,0,40.3105007112026,0,2,0,0,0,1576.40402750671,0,30.8972615301609,0,0,4.70725940167904,0,0,0,0,0,0,0,4.4740181863308,0,274.453396469355,0,0,0,0,0,0,0,0,0,76.4874791204929,0,0,0,0
0,0,0,0,2,0,0,0,0,0,0,0,0,0,0.934253394603729,0,0,0,0,0,0,0,0,0,0,0,0.48668709397316,0,57.4727834761143,0,0,0,0,0,0,0,0,0,0,0,0,0,0,0,0,0,0,0,0,0,0,0,1,0,0,0,0,0,392.609602659941,0,1.18964487314224,0,0,0,0,0,0,0,0,0,0,27.1883962154388,0,0,0,0,0,0,0,0,0,0,1,0,0,0,0
0,0,0,0,0,0,0,0,0,0,0,89.9896661937237,0,0,0,72.9092925041914,0,0,0,0,0,0.610634207725525,0,0,0,72.232283577323,0,11.0200991928577,0,35.9113812446594,0,0,0,0,0,0,0,0,0,0,0,0,0,0,0,0,0,0,0,1.9269070327282,0,0,0,0,0,0,0,31.8942825496197,0,340.527710288763,0,28.0433083325624,0,0,0.216141313314438,0,0,0,107.282127678394,0,115.909853041172,0,1.41272869706154,0,0,0,0,0,0,0,0,0,34.4707809686661,0,0,0,0
0,0,0,0,0,0,0,0,96.9825397729874,0,0,0,0.934253394603729,0,0,0,49.4031410217285,0,0,0,0,0,0,0,0,0,0.955303251743317,0,0,0,0,0,0,0,0,0,0,0,0,0,0,0,0,0,0,0,0,0,2.27519488334656,0,0,0,0,0,38.0363032519817,0,0,0,8.73434671759605,0,124.774189710617,0,0,0,0,0,0,0,0,50.6537523269653,0,0,0,0,0,0,0,0,0,0,0,0,14.1261138916016,0,0,0,0
0,0,0,0,0,0,0,0,0,152.046310588717,0,0,0,72.9092925041914,0,0,0,0,0,0,0,0,0,1.95916378498077,0,9.24511410295963,0,0,0,0,0,0,0,0,0,0,0,0,0,0,0,0,0,0,0,0,0,0,0,0,0,0,0,0,0,37.0526995658875,0,0,0,28.0094026327133,0,68.2372708022594,0,0,0,0,0,0,13.4989237338305,0,0,0,0,0,0,0,0,0,0,0,0,0,0,0,0,0,0
0.710277229547501,1.01081277430058,0,0,0,0,0,0,0,0,0,0,0,0,49.4031410217285,0,0,8723.89554283023,4965.72602176666,0,0,0,167.737348467112,0,48.7350124120712,0,165.126602351665,0,0,0,0,0,0,0,0,0.244875967502594,0,0,0,0,0,1.08343812823296,1.44722181558609,0.593932569026947,0.975807875394821,1.52546937763691,0.233067020773888,0,0,0,0,0,0,0,0,0,0,0,0,0,0,0,1.62813445925713,0,0,141.437577426434,0,0,0,6.2044922709465,0,0,0,0,0,0,0,0,10.1827015578747,1.07234811782837,0,0,15146.0550429225,10771.4327516407,9.87135681509972,0,0.307649463415146
0,0,0,0,0,0,0,0,0,2.99033498764038,0,0,0,0,0,0,8723.89554283023,0,4590.64060422778,0,0,170.264344185591,0,17.5159336328506,0,282.34049744904,0,48.9871553778648,0,0,0,0,0,0,0,0,0,0,0,0,0,0,0.568784892559052,0,0,0,0,0,0,0,0,0,0,0,0,1.79025942087173,0,0,0,0,0,0,0.362269341945648,0,13.48108959198,0,0,0,37.8903153538704,0,5.0209356546402,0,0,0,0,0,0,0,0,0,0,0,18466.7011775821,8863.92949306965,0,0,0
66.6229789555073,47.6993120312691,0.719455122947693,0.153672233223915,0,0,0,0,0,0.180115833878517,0,0,0,0,0,0,4965.72602176666,4590.64060422778,0,39.6218940317631,0,0,0,0.245715379714966,0,0,0,0,0,0,0,0,0,0,0,221.683889463544,150.592408463359,247.551262959838,19.8095594644547,117.776627592742,179.016512811184,1930.94717356563,1092.98863978684,187.254648149014,1160.93798424304,1116.93288806826,746.34718182683,0,6.53133399784565,25.7227185219526,0,0,0,0,0,4.18661260604858,0,0,0,0,0,0,196.650499343872,0.605782389640808,0,0,0,0,0,0.662717998027802,16.473847925663,1.15841916203499,11.8208550140262,0.616637468338013,0,0,0,0,1055.46440473199,244.724313408136,432.000236101449,120.299049541354,11196.6802705675,521.445441514254,3021.84545461088,335.905590385199,229.56782130897
0,6.70242741703987,0,10.2849339842796,0,7.96083930134773,0,0,0,0.309430032968521,0,192.22183021903,0,0,0,0,0,0,39.6218940317631,0,0,0,0,0,0,0,0,0,0,0,0,0,0,0,0,1007.52997487038,0,244.437139347196,0,0,0,3.04425510764122,0,1.84366416931152,0,94.5695351436734,0,0,0,0.216324105858803,0,18.6886840462685,0,1.98843222856522,0,0,0,3.70851799845695,0,0,0,0,1167.91844031215,0,0,0,0,0,0,0,0,0,5.23960721492767,0,0,0,0,0,247.000476449728,0,35.1863561570644,0,226.387222647667,28.104640007019,206.692688837647,0.374991685152054,0
0,0,1.98126685619354,0,179.380336552858,0,0,0,0,0,793.131011426449,0,0,0,0,0,0,0,0,0,0,0,0,0,0,0,0,0,0,0,0,0,0,0,0,0,386.090246900916,0,158.85622882843,0,0,0,1.3285881280899,0,0,0,47.1686140298843,0,0,0,1.44734299182892,0,0,0,0,0,107.987751841545,0,0,0,0,0,0,751.84793497622,0,0,0,0,0,0,0,0.682152107357979,0,2.49551391601562,0,0,0,0,0,78.2994207441807,0,0.524558961391449,75.6636627912521,0,56.5655492544174,0,0.730283677577972
0,0,0,0,0,0,0,0,0,0,0,0,0,0.610634207725525,0,0,0,170.264344185591,0,0,0,0,20.03839802742,197.649132937193,0,90.7582296878099,0,64.467560172081,0,0,0,0,0,0,0,0,0,850.598967701197,0,0,0,0,0,0,0,0,0,0,0,668.243032321334,0,0,0,0,0,0,0,0,0,0,0,0,0,0,5029.80874703825,0,61.4226907193661,0,288.115027919412,0,60.8507803827524,0,0,0,0,0,0,0,0,0,252.820089966059,0,911.494714140892,841.913868904114,0.529832527041435,0,0
0,0,0,0,0,0,0,0,0,0,0,0,0,0,0,0,167.737348467112,0,0,0,0,20.03839802742,0,0,230.263117998838,0,60.8482154607773,0,34.8366347551346,0,0,0,0,0,0,0,0,0,715.185815230012,0,0,0,2.6915887594223,0,0,0,2.84749791026115,0,163.611911326647,0,0,0,0,0,0,0,29.0317281186581,0,2.16887238621712,0,0,0,0,0,0,5284.24491654336,0,81.9214862883091,0,268.740713387728,0,109.195149600506,0,1.47497889399529,0,0,0,0,0,0.58465139567852,0,147.239583924413,734.368637561798,58.5466288328171,22.7332296967506,0,0
0,30.2883516997099,0,6.21545881032944,0,0,0,0,0,220.278847202659,0,0,0,0,0,1.95916378498077,0,17.5159336328506,0.245715379714966,0,0,197.649132937193,0,0,0,119.547160327435,0,0,0,0,0,0,0,0,0,0,0,183.564193785191,0,0,0,11.5925413072109,0,0,0,0,0,0,0,94.1741219460964,0,0,0,0,0,102.761050924659,0,0,0,0,0,0,1.19316959381104,0,63.7251500785351,0,622.679346323013,0,22.1917411386967,0,9.28185039758682,0,0,0,0,0,0,0,0,0,202.299003839493,0,270.408275902271,4.57102012634277,20.2933255881071,0,0
5.89169637858868,0,0.304378747940063,0,0,0,0,0,142.763055831194,0,0,0,0,0,0,0,48.7350124120712,0,0,0,0,0,230.263117998838,0,0,0,121.973245799541,0,0,0,0,0,0,0,0,0,0,0,122.014499649405,0,0,0,0,0,0,0,0.31899493932724,0,6.37923076748848,0,0,0,0,0,353.002383649349,0,0.406431704759598,0,0,0,0,0,0,0,0,49.192899286747,0,704.183383211493,0,195.134976714849,0,0,0,0,0,0,0,0,0,0,0,21.666417747736,270.845477983356,1,9.36267651617527,0,0
0,0,0,0,0,0,0,0,0,44.9904644787312,0,0,0,72.232283577323,0,9.24511410295963,0,282.34049744904,0,0,0,90.7582296878099,0,119.547160327435,0,0,0,33.1726955026388,0,0,0,0,0,0,0,0,0,1.71656677126884,0,0,0,0,0,0,0,0,0,0,0,12.7651353776455,0,0,0,0,0,12.1851935088634,0,1.76877838373184,0,41.3197555541992,0,11.5391442030668,0,0,19.4570524990559,0,5.78729572892189,0,738.279988870025,0,127.567532032728,0,0,0,0,0,0,0,0,0,0.599218189716339,0,107.141442850232,0.660127401351929,0,0,0
0,0,0,0,0,0,0,0,9.32136344909668,0,0,0,0.48668709397316,0,0.955303251743317,0,165.126602351665,0,0,0,0,0,60.8482154607773,0,121.973245799541,0,0,0,202.070665359497,0,0,0,0,0,0,0,0,0,0.720150709152222,0,0,0,0,0,0,0,0.373668849468231,0,0.899977564811707,0,0,0,0,0,23.6447531580925,0,12.4622795581818,0,0.750057518482208,0,0.845929503440857,0,0,0,0,11.1161686778069,0,41.7677389979362,0,854.508837834001,0,134.873819902539,0,0,0,0,0,0,0,0,0,0,86.1599558889866,0,4.25859469175339,0,0
0,0,0,0,0,0,0,0,0,0,0,0.776598870754242,0,11.0200991928577,0,0,0,48.9871553778648,0,0,0,64.467560172081,0,0,0,33.1726955026388,0,0,0,157.388858422637,0,0,0,0,0,0,0,0.362264722585678,0,0,0,0,0,0,0,0.186415374279022,0,0,0,5.59428183734417,0,0,0,0,0,0,0,0,0,3.94748955965042,0,1.23954066634178,0,0,6.50562861561775,0,0.968486070632935,0,19.8800434470177,0,2028.79117187858,0,45.0229455381632,0,0,0,0,0,0,0,0.497198879718781,0,220.540783688426,171.154566884041,1.0033520758152,0,0
0,0,0.258632779121399,0,0,0,0,0,0,0,0,0,57.4727834761143,0,0,0,0,0,0,0,0,0,34.8366347551346,0,0,0,202.070665359497,0,0,0,129.871420606971,0,0,0,0,0,0,0,179.010934770107,0,0.321382492780685,0,0,0,0,0,0.197640359401703,0,0,0,0,0,0,0,0,0,14.8239926099777,0,12.7877482175827,0,0,0,0,0,0,56.9267830401659,0,0,0,180.539420470595,0,1142.20001003146,0,42.0966373383999,0,0,0,0,0,0,0,29.6316769421101,67.0862359851599,0,4.36794266104698,0,0
0,0,0,0,0,0,0,0,0,0,0,207.975085273385,0,35.9113812446594,0,0,0,0,0,0,0,0,0,0,0,0,0,157.388858422637,0,0,0,0,0,0,0,0,0,39.1412255167961,0,0,0,0,0,0,0,0,0,0,0,0,0,0,0,0,0,0,0,59.1341171264648,0,0,0,0,0,0,0,0,0,0,0,0,33.0105807483196,0,536.652952373028,0,0,0,0,0,0,0,2.3290776014328,0,66.7068889588118,0,0,0,0
0,0,0,0,0,0,0,0,0,0,131.676056653261,0,0,0,0,0,0,0,0,0,0,0,0,0,0,0,0,0,129.871420606971,0,0,0,0,0,0,0,0,0,192.680321097374,0,0,0,0,0,0,0,0,0,0,0,0,0,0,0,0,0,97.5183857381344,0,0,0,0,0,0,0,0,0,0,0,0,0,0,288.291477769613,0,237.376889318228,0,0,0,0,0,0,0,0,4.82391959428787,0,0,0,0
0,0,0,0,0,0,0,0,0,0,0,0,0,0,0,0,0,0,0,0,0,0,0,0,0,0,0,0,0,0,0,0,80.5681787133217,27.7880473136902,0,461.461337506771,2.52329540252686,0,0,0,0,0,0,0,0,0,0,624.298818483949,0,2.83257120847702,0,0,0,0,0,0,0,0,0,0,0,0,0,0,0,0,0,0,0,0,0,0,0,0,722.390707790852,94.8842031955719,20.3204161524773,0,96.4878117442131,0,0,0,35.9784005880356,0,0,0,0
0,0,0,0,0,0,0,0,0,0,0,0,0,0,0,0,0,0,0,0,0,0,0,0,0,0,0,0,0,0,0,80.5681787133217,0,26.8810415267944,0.721992611885071,0,590.306162297726,0,0,0,0,0,0,0,0,0,0,2099.80163574219,2.12830185890198,0,0,0,0,0,0,0,0,0,0,0,0,0,0,0,0,0,0,0,0,0,0,0,0,0,0,491.623571962118,0,0,0,183.670931264758,0,0,147.646790146828,0,0,0,0
0,0,0,0,0,0,0,0,0,0,0,0,0,0,0,0,0,0,0,0,0,0,0,0,0,0,0,0,0,0,0,27.7880473136902,26.8810415267944,0,77.1448463797569,253.803997784853,6.01459538936615,125.593332767487,0,0,0,0,0,0,0,0,0,202.545079499483,0,5.21111047267914,0,0,0,0,0,0,0,0,0,0,0,0,0,0,0,0,0,0,0,0,0,0,0,0,126.507820725441,0,1112.08647972345,8.6158686876297,6.13637256622314,0,250.459011018276,2.03652739524841,84.7672454714775,0,0,0,0
0,0,0,0,0,0,0,0,0,0,0,0,0,0,0,0,0,0,0,0,0,0,0,0,0,0,0,0,0,0,0,0,0.721992611885071,77.1448463797569,0,0,366.493988245726,0,136.707924768329,0,0,0,1.88541954755783,0,2.17392963171005,0,0.506468892097473,407.20120126009,0,0,0,0,0,0,0,0,0,0,0,0,0,0,0,0,0,0,0,0,0,0,0,0,0,0,0,87.7219638824463,105.061941385269,1412.0312102437,0,297.586436122656,0,365.335465222597,344.536770612001,0,1.09946441650391,0,0
0,15.1830036193132,0,12.1582154333591,0,44.6357569098473,0,0,0,0,0,2.31152358651161,0,0,0,0,0.244875967502594,0,221.683889463544,1007.52997487038,0,0,0,0,0,0,0,0,0,0,0,461.461337506771,0,253.803997784853,0,0,122.524564862251,1541.48638767004,0,6.66206988692284,0,89.6445215046406,0,22.8598838448524,0,227.643097132444,0.186412289738655,165.634429365396,0,435.571883194149,0,0.551118969917297,0,0,0,0,0,0.248435065150261,0,0,0,0,799.650802068412,0,0,0,0,0,0,0,0,0,0.266822010278702,0,261.255250304937,0,26.2338410913944,0,13006.8041946217,64.8489596545696,1282.49410763383,0,790.62841399014,176.574553027749,363.865349017084,51.7434193193913,0
9.72219169139862,0,0,0,0,0,0,0,0,0,250.580586731434,0,0,0,0,0,0,0,150.592408463359,0,386.090246900916,0,0,0,0,0,0,0,0,0,0,2.52329540252686,590.306162297726,6.01459538936615,366.493988245726,122.524564862251,0,0,2024.3106226474,0,82.8373111113906,0,107.587866485119,0,75.701449662447,0,675.759916484356,104.388446226716,49.3791204988956,0,0,0,0,0,0,0,50.8080322742462,0,0,0,0,0,0,538.539762213826,0,0,0,0,0,0,0,1.2240709066391,0,0,0,581.338443174958,0,250.736608579755,99.4855697154999,21034.0630996153,0,1520.47729988396,2164.20119819045,13.0236277580261,260.185772001743,0,40.736578643322
0,39.6941417902708,0,5.13469249010086,0,0,0,0,0,20.7770065665245,0,33.8572698235512,0,0,0,0,0,0,247.551262959838,244.437139347196,0,850.598967701197,0,183.564193785191,0,1.71656677126884,0,0.362264722585678,0,39.1412255167961,0,0,0,125.593332767487,0,1541.48638767004,0,0,0.697441518306732,4.81411799788475,0,88.6914010792971,0,18.0189709961414,0,159.170568138361,0,72.8248628675938,0,677.768010661006,0,0,0,0,0,6.96354514360428,0,22.2984793782234,0,0,0,0,602.558362901211,0,125.991238638759,0,61.4729138612747,0,9.91620045900345,0,14.4556441158056,0,1,0,0,0,60.9352378547192,0,509.615586310625,0,14162.8929317445,0,1101.0891468972,133.65672300756,366.363409474492,78.4315743893385,0
10.9084726721048,0,1.41050557792187,0,0,0,0,0,13.7300859093666,0,159.913955569267,0,0,0,0,0,0,0,19.8095594644547,0,158.85622882843,0,715.185815230012,0,122.014499649405,0,0.720150709152222,0,179.010934770107,0,192.680321097374,0,0,0,136.707924768329,0,2024.3106226474,0.697441518306732,0,0,33.5076019912958,0,53.7217406332493,0,12.0752867460251,0,90.5917978137732,39.4000524282455,525.591553792357,0,0,0,0,0,0.721261441707611,0,141.492502897978,0,0,0,0,0,0,185.885979682207,0,154.008443176746,0,136.166624322534,0,10.5129270255566,0,24.2965023815632,0,203.440087795258,0,0,0,124.222486048937,0,743.921828016639,0,11957.6300564408,1256.5055296272,123.240096032619,228.74433606863,0,14.5485282540321
0,1.06260371208191,0,0,0,0,0,0,0,0,0,0,0,0,0,0,0,0,117.776627592742,0,0,0,0,0,0,0,0,0,0,0,0,0,0,0,0,6.66206988692284,0,4.81411799788475,0,0,0,552.725513324142,0.913338303565979,22.4029354453087,0.173504933714867,203.753483444452,0.142498776316643,13.9040880203247,0,509.87156444788,0,0,0,0,0,0,0,0,0,0,0,0,99.3479015380144,0,0,0,0,0,0,0,0,0,1.65680527687073,0,0,0,0,0,969.746109865606,0,5.70201958715916,0,24.0553563982248,1.0627064704895,743.879501834512,25.5425515323877,0
22.7270196974277,0,0.446412742137909,0,0,0,0,0,0,0,0,0,0,0,0,0,0,0,179.016512811184,0,0,0,0,0,0,0,0,0,0.321382492780685,0,0,0,0,0,0,0,82.8373111113906,0,33.5076019912958,0,0,0,1221.99359503388,0,237.51282350719,0,1602.41265808046,10.486684024334,289.169089794159,0,0,0,0,0,0,0,0.856883615255356,0,0,0,0,0,0,151.682241663337,0,0.662746325135231,0,0,0,0.756799608469009,0,11.3590174019337,0,4.53875358402729,0,0,0,0,0,934.527147188783,0,98.5141627788544,27.4488914161921,0,2850.0991396606,0,100.038525030017
0,71.688345760107,0,47.0110167264938,0,0.259618133306503,0,0,0,57.4044986218214,0,0,0,0,0,0,1.08343812823296,0,1930.94717356563,3.04425510764122,0,0,0,11.5925413072109,0,0,0,0,0,0,0,0,0,0,0,89.6445215046406,0,88.6914010792971,0,552.725513324142,0,0,119.721104890108,181.304507151246,0,1564.3513905704,0,2.75548034906387,0,557.987048462033,0,0,0,0,0,44.4216430336237,0,23.290994413197,0,2.30572937428951,0,0,432.003947734833,0,0.44851465523243,0,2.18135476112366,0,18.8679358661175,0,119.336821965873,0,44.5155434608459,0,0,0,0,0,885.177720934153,0,163.069763071835,0,3005.8556041643,70.0421980842948,3428.90251144767,364.261861175299,0
68.197842925787,0,52.6661473065615,0,5.21923403441906,0,0,0,46.2092895209789,0,0,0,0,0,0,0,1.44722181558609,0.568784892559052,1092.98863978684,0,1.3285881280899,0,2.6915887594223,0,0,0,0,0,0,0,0,0,0,0,1.88541954755783,0,107.587866485119,0,53.7217406332493,0.913338303565979,1221.99359503388,119.721104890108,0,0,778.105099320412,1.67929802834988,761.191228091717,54.6686297953129,253.899167284369,0,2.84264343976974,0,0,0,0,0,59.2237067967653,0,0,0,1.69203665852547,0,0.227662771940231,9.22618892788887,0,2.10157643258572,0,0,0,3.74578547477722,0,102.274703964591,0,108.230200171471,0,0,0,0,0.511877745389938,535.480351507664,0,212.816313445568,1909.70993082225,4.71797665953636,6802.36587025225,0.660619854927063,2041.15079042315
0,0,0,0,0,0,0,0,0,0,0,0,0,0,0,0,0.593932569026947,0,187.254648149014,1.84366416931152,0,0,0,0,0,0,0,0,0,0,0,0,0,0,0,22.8598838448524,0,18.0189709961414,0,22.4029354453087,0,181.304507151246,0,0,1.70161056518555,66.6551934927702,0,0,0,0,0,0,0,0,0,0,0,0,0,0,0,0,22.0767281651497,0,0,0,0,0,0,0,0,0,0,0,0,0,0,0,156.71441975981,0,24.248821541667,0,74.4766084104776,1.40064089000225,295.109908953309,15.381441667676,0
2.17352974414825,0,0,0,0,0,0,0,0.53976172208786,0,0,0,0,0,0,0,0.975807875394821,0,1160.93798424304,0,0,0,0,0,0,0,0,0,0,0,0,0,0,0,2.17392963171005,0,75.701449662447,0,12.0752867460251,0.173504933714867,237.51282350719,0,778.105099320412,1.70161056518555,0,3.39376521110535,219.85985481739,0,4.41756841540337,0,0,0,0,0,0,0,0,0,0,0,0,0,0,0,0,0,0,0,0,0,0,0,0,0,0,0,0,0,0.833361983299255,195.490477830172,0.303490787744522,46.5178248286247,86.9760967642069,0.780574023723602,1099.52699375153,0,49.1111796349287
1.38673257827759,122.147044405341,0,12.9078378230333,0,0.372703522443771,0,0,0,0.622627973556519,0,0,0,0,0,0,1.52546937763691,0,1116.93288806826,94.5695351436734,0,0,0,0,0,0,0,0.186415374279022,0,0,0,0,0,0,0,227.643097132444,0,159.170568138361,0,203.753483444452,0,1564.3513905704,1.67929802834988,66.6551934927702,3.39376521110535,0,0.678937643766403,0,0,38.906395547092,0,0,0,0,0,0,0,4.0002689063549,0,0,0,0,2214.13530240208,0,0,0,0,0,1.06287080049515,0,19.3981219083071,0,20.5088829100132,0,0,0,0,0,1461.04793811589,0.171997532248497,155.703532412648,0.29714173078537,245.547650188208,35.168421536684,1610.20227000117,12.2488622069359,0.503761768341064
40.3217509686947,0.229753851890564,25.1563756018877,0,0.341746121644974,0,0,0,0,0,0,0,0,0,0,0,0.233067020773888,0,746.34718182683,0,47.1686140298843,0,2.84749791026115,0,0.31899493932724,0,0.373668849468231,0,0.197640359401703,0,0,0,0,0,0.506468892097473,0.186412289738655,675.759916484356,0,90.5917978137732,0.142498776316643,1602.41265808046,0,761.191228091717,0,219.85985481739,0.678937643766403,0,0,13.3673035949469,0,4.01766347885132,0,0,0,0,0,10.5455058813095,0,0,0,0,0,0.751195192337036,1468.72762402892,0,9.70403747260571,0,0,0,3.3234336078167,0,114.252659119666,0,41.6782160326838,0,0,0,0,1.37791548669338,3608.92306050658,0,374.14105643332,217.256875321269,3.83933764696121,3046.32404244691,0,13.0233592242002
0,0,0,0,0,0,0,0,0,0,0,0,0,0,0,0,0,0,0,0,0,0,0,0,0,0,0,0,0,0,0,624.298818483949,2099.80163574219,202.545079499483,407.20120126009,165.634429365396,104.388446226716,72.8248628675938,39.4000524282455,13.9040880203247,10.486684024334,2.75548034906387,54.6686297953129,0,0,0,0,0,1432.78141978383,2953.90821549296,0,0,0,0,0,0,0,0,0,0,0,0,0,0,0,0,0,0,0,0,0,0,0,0,292.761256948113,1311.91923455894,230.259148716927,138.180722653866,573.192951947451,1206.34935979545,182.819256350398,364.254239052534,3676.9675527513,0,634.371491342783,0,0
150.699139222503,0,27.1449312269688,0,0,0,0,0,30.1912916600704,0,0,0,0,0,2.27519488334656,0,0,0,6.53133399784565,0,0,0,163.611911326647,0,6.37923076748848,0,0.899977564811707,0,0,0,0,0,2.12830185890198,0,0,0,49.3791204988956,0,525.591553792357,0,289.169089794159,0,253.899167284369,0,4.41756841540337,0,13.3673035949469,1432.78141978383,0,43.4620001316071,4.38562405109406,0,0,0,45.2038909643888,0,22.75118252635,0,6.82331326603889,0,112.584394067526,0,0,2.78307749330997,0,342.647306188941,0,18.6749738156796,0,58.3030329346657,0,683.58855971694,0,203.632273823023,0,30.131406724453,0,6.98741972446442,0,348.742786929011,0,795.956096962094,1063.91145278513,0.240036651492119,864.195467829704,0,26.001914575696
0,469.800888538361,0,131.067390307784,0,11.5031149983406,0,0,0,49.8896817713976,0,0,0,1.9269070327282,0,0,0,0,25.7227185219526,0.216324105858803,0,668.243032321334,0,94.1741219460964,0,12.7651353776455,0,5.59428183734417,0,0,0,2.83257120847702,0,5.21111047267914,0,435.571883194149,0,677.768010661006,0,509.87156444788,0,557.987048462033,0,0,0,38.906395547092,0,2953.90821549296,43.4620001316071,0,0,0,0,0,0,64.1888108551502,0,103.168100640178,0,58.2433833777905,0,141.023825913668,74.9432039856911,0,281.147165745497,0,69.5213440209627,0,528.866725623608,0,440.592095032334,0,74.102281332016,0,8.239039093256,0,9.34163933992386,0,2169.90511969477,0,1312.63856594265,0,2682.51988609135,2.74783331155777,2221.23054994643,9.18082243204117,0
0,0,119.104040443897,0,307.748877719045,0,28.505754083395,0,17.5233110189438,0,0,0,0,0,0,0,0,0,0,0,1.44734299182892,0,0,0,0,0,0,0,0,0,0,0,0,0,0,0,0,0,0,0,0,0,2.84264343976974,0,0,0,4.01766347885132,0,4.38562405109406,0,0,0,22.925783097744,0,17.0702853500843,0,1.73787951469421,0,18.3903793096542,0,76.0801654756069,0,0,0,0,0,0,0,0,0,0,0,0,0,0,0,0,0,0,0,0,0,141.931916534901,0,252.390138641,0,0
0,0,0,120.367825046182,0,355.875725805759,0,15.9921881556511,0,23.5438443422318,0,40.3105007112026,0,0,0,0,0,0,0,18.6886840462685,0,0,0,0,0,0,0,0,0,0,0,0,0,0,0,0.551118969917297,0,0,0,0,0,0,0,0,0,0,0,0,0,0,0,0,0,57.5064104795456,0,3.40574514865875,0,263.070066809654,0,195.801259785891,0,0,5.51587176322937,0,0,0,0,0,0,0,0,0,0,0,0,0,0,0,0,0,0,0,370.417494237423,0,38.9197167158127,0,0
0,0,0,0,2.49678391218185,0,213.066223084927,0,0,0,49.6759506762028,0,1,0,0,0,0,0,0,0,0,0,0,0,0,0,0,0,0,0,0,0,0,0,0,0,0,0,0,0,0,0,0,0,0,0,0,0,0,0,22.925783097744,0,0,0,0,0,144.415838420391,0,0,0,0,0,0,0,0,0,0,0,0,0,0,0,0,0,0,0,0,0,0,0,0,0,34.2318181991577,0,0,0,0
0,0,0,0,0,0,0,77.1048109531403,0,0,0,2,0,0,0,0,0,0,0,1.98843222856522,0,0,0,0,0,0,0,0,0,0,0,0,0,0,0,0,0,0,0,0,0,0,0,0,0,0,0,0,0,0,0,57.5064104795456,0,0,0,0,0,0,0,0,0,0,0,0,0,0,0,0,0,0,0,0,0,0,0,0,0,0,0,0,0,0,0.99003678560257,0,0,0,0
72.5141469091177,0,222.247020930052,0,7.05809885263443,0,0,0,698.48022133112,0,0,0,0,0,38.0363032519817,0,0,0,0,0,0,0,0,0,353.002383649349,0,23.6447531580925,0,0,0,0,0,0,0,0,0,0,0,0.721261441707611,0,0,0,0,0,0,0,0,0,45.2038909643888,0,17.0702853500843,0,0,0,0,0,0,0,0,0,115.261717528105,0,0,0,0,0,0,258.452290013433,0,1.64847633242607,0,0,0,0,0,0,0,0,0,0,0,0.500922024250031,5.27112674713135,0,2.91798895597458,0,0
0,178.343022316694,0,328.927571758628,0,6.93125581741333,0,0,0,635.764186620712,0,0,0,0,0,37.0526995658875,0,1.79025942087173,4.18661260604858,0,0,0,0,102.761050924659,0,12.1851935088634,0,0,0,0,0,0,0,0,0,0,0,6.96354514360428,0,0,0,44.4216430336237,0,0,0,0,0,0,0,64.1888108551502,0,3.40574514865875,0,0,0,0,0,0,0,0,0,64.5203596651554,0,0,0,0,105.50815308094,0,6.79456958174706,0,0,0,0,0,0,0,0,0,0,0,1.64699831604958,0,60.4157271683216,15.0526864975691,94.8778225630522,2.46720695495605,0
1.3624551743269,0,1.4316121339798,0,3.96567744016647,0,18.2349748313427,0,0.908482730388641,0,2247.24218212068,0,0,0,0,0,0,0,0,0,107.987751841545,0,29.0317281186581,0,0.406431704759598,0,12.4622795581818,0,14.8239926099777,0,97.5183857381344,0,0,0,0,0,50.8080322742462,0,141.492502897978,0,0.856883615255356,0,59.2237067967653,0,0,0,10.5455058813095,0,22.75118252635,0,1.73787951469421,0,144.415838420391,0,0,0,0,0,225.997372195125,0,1.88946396112442,0,0,48.7365819066763,0,36.3040577173233,0,0,0,197.241181820631,0,534.876120053232,0,496.069279260933,0,0,0,0,0,5.38303932547569,0,42.535945802927,178.644561618567,0,501.574816659093,0,22.719673037529
0,7.14988070726395,0,4.91810889542103,0,4.04232452809811,0,0,0,0,0,1576.40402750671,0,31.8942825496197,0,0,0,0,0,3.70851799845695,0,0,0,0,0,1.76877838373184,0,0,0,59.1341171264648,0,0,0,0,0,0.248435065150261,0,22.2984793782234,0,0,0,23.290994413197,0,0,0,4.0002689063549,0,0,0,103.168100640178,0,263.070066809654,0,0,0,0,0,0,0,167.370660841465,0,20.1850073933601,61.7491959035397,0,0,0,0,0,40.4706389904022,0,330.043666765094,0,149.579939618707,0,0,0,0,0,1.12410572171211,0,4.95712794363499,0,47.2093401700258,0,246.217397600412,0,0
0,0,81.721353083849,0,0,0,0,0,0,0,3.16092276573181,0,392.609602659941,0,8.73434671759605,0,0,0,0,0,0,0,2.16887238621712,0,0,0,0.750057518482208,0,12.7877482175827,0,0,0,0,0,0,0,0,0,0,0,0,0,0,0,0,0,0,0,6.82331326603889,0,18.3903793096542,0,0,0,0,0,225.997372195125,0,0,0,34.4547191858292,0,0,0,0,0.391535937786102,0,0,0,31.0322692394257,0,202.744932621717,0,0,0,0,0,0,0,0,0,0,0,0,9.44867768883705,0,0
0,1.41218906641006,0,0,0,4.83784294128418,0,0,0,0,0,30.8972615301609,0,340.527710288763,0,28.0094026327133,0,0,0,0,0,0,0,0,0,41.3197555541992,0,3.94748955965042,0,0,0,0,0,0,0,0,0,0,0,0,0,2.30572937428951,0,0,0,0,0,0,0,58.2433833777905,0,195.801259785891,0,0,0,0,0,167.370660841465,0,0,0,71.8633970469236,1.20598982274532,0,0.204639956355095,0,0,0,188.540636882186,0,151.904086947441,0,0,0,0,0,0,0,0,0,0,0,0.307215571403503,0,24.9812000840902,0,0
21.5444396734238,0,60.6056957840919,0,0.275504976511002,0,0,0,52.4923900365829,0,0,0,1.18964487314224,0,124.774189710617,0,0,0,0,0,0,0,0,0,0,0,0.845929503440857,0,0,0,0,0,0,0,0,0,0,0,0,0,0,0,1.69203665852547,0,0,0,0,0,112.584394067526,0,76.0801654756069,0,0,0,115.261717528105,0,1.88946396112442,0,34.4547191858292,0,0,0,0,0,0,0,0,0,0,159.37101483345,0,51.6318436264992,0,0,0,0,0,0,0,0,0,0,7.50315085053444,0,22.739280372858,0,0
0,4.97567531466484,0,6.64239138364792,0,0,0,0,0,90.5657280385494,0,0,0,28.0433083325624,0,68.2372708022594,0,0,0,0,0,0,0,0,0,11.5391442030668,0,1.23954066634178,0,0,0,0,0,0,0,0,0,0,0,0,0,0,0,0,0,0,0,0,0,141.023825913668,0,0,0,0,0,64.5203596651554,0,20.1850073933601,0,71.8633970469236,0,0,0,0,0,0,0,0,136.655213296413,0,26.6170996725559,0,0,0,0,0,0,0,0,0,0,0,0,0,13.743247538805,0,0
0,22.3558135330677,0,3.87895318865776,0,0,0,0,0,0,0,4.70725940167904,0,0,0,0,1.62813445925713,0.362269341945648,196.650499343872,1167.91844031215,0,0,0,1.19316959381104,0,0,0,0,0,0,0,0,0,0,0,799.650802068412,0,602.558362901211,0,99.3479015380144,0,432.003947734833,0.227662771940231,22.0767281651497,0,2214.13530240208,0.751195192337036,0,0,74.9432039856911,0,5.51587176322937,0,0,0,0,0,61.7491959035397,0,1.20598982274532,0,0,0,0,0.559548392891884,0,0,0,8.99591928720474,0,86.8485810905695,0,158.933897718787,0,0,0,0,0,1129.78026430309,0.315091639757156,176.656186074018,0,238.448916248977,0,1959.90068557858,12.1152957081795,0
0,0,0,0,30.9611968398094,0,0,0,0,0,188.613153636456,0,0,0,0,0,0,0,0.605782389640808,0,751.84793497622,0,0,0,0,0,0,0,0,0,0,0,0,0,0,0,538.539762213826,0,185.885979682207,0,151.682241663337,0,9.22618892788887,0,0,0,1468.72762402892,0,2.78307749330997,0,0,0,0,0,0,0,48.7365819066763,0,0,0,0,0,0,0,0,3.78309201449156,0,0.399726539850235,0,6.12947148084641,0,71.3080182000995,0,26.4236678779125,0,0,0,0,0,2137.99840068817,0,128.832762569189,177.391319453716,0,787.374204024673,0,2.95872014760971
0,0,0,0.193420544266701,0,0,0,0,0,0,0,0,0,0.216141313314438,0,0,0,13.48108959198,0,0,0,5029.80874703825,0,63.7251500785351,0,19.4570524990559,0,6.50562861561775,0,0,0,0,0,0,0,0,0,125.991238638759,0,0,0,0.44851465523243,0,0,0,0,0,0,0,281.147165745497,0,0,0,0,0,0,0,0,0,0.204639956355095,0,0,0.559548392891884,0,0,0,104.30589851737,0,511.487617045641,0,154.670222446322,0,0,0,0,0,0,0,0,0,79.7832378000021,0,337.413004338741,141.917752921581,2.10599508881569,0,0
0,0,0.261801034212112,0,0.216099485754967,0,0,0,0,0,0,0,0,0,0,0,141.437577426434,0,0,0,0,0,5284.24491654336,0,49.192899286747,0,11.1161686778069,0,56.9267830401659,0,0,0,0,0,0,0,0,0,154.008443176746,0,0.662746325135231,0,2.10157643258572,0,0,0,9.70403747260571,0,342.647306188941,0,0,0,0,0,0,0,36.3040577173233,0,0.391535937786102,0,0,0,0,3.78309201449156,0,0,0,35.9786722958088,0,522.193171322346,0,929.798117339611,0,19.2134311795235,0,0,0,0,0,2.61249402910471,0,194.35272115469,156.301678597927,0,94.2559859156609,0,0
0,92.7640695571899,0,19.7311729639769,0,0,0,0,0,52.3449720740318,0,0,0,0,0,0,0,0,0,0,0,61.4226907193661,0,622.679346323013,0,5.78729572892189,0,0.968486070632935,0,0,0,0,0,0,0,0,0,61.4729138612747,0,0,0,2.18135476112366,0,0,0,0,0,0,0,69.5213440209627,0,0,0,0,0,105.50815308094,0,0,0,0,0,0,0,0,104.30589851737,0,0,0,29.9821932911873,0,38.0876007825136,0,0,0,0,0,0,0,0,0,34.5404891967773,0,111.439144983888,3.80781376361847,27.2491293251514,0,0
10.2030497044325,0,1.06901258230209,0,0,0,0,0,18.1703556776047,0,0,0,0,0,0,0,0,0,0,0,0,0,81.9214862883091,0,704.183383211493,0,41.7677389979362,0,0,0,0,0,0,0,0,0,0,0,136.166624322534,0,0,0,0,0,0,0,0,0,18.6749738156796,0,0,0,0,0,258.452290013433,0,0,0,0,0,0,0,0,0.399726539850235,0,35.9786722958088,0,0,0,89.2661267966032,0,0,0,0,0,0,0,0,0,0,0,14.8929493427277,44.3921930342913,0,11.6125529706478,0,0
0,19.5354494452477,0,1.99207228422165,0,0.818393409252167,0,0,0,3.06584152579308,0,0,0,107.282127678394,0,13.4989237338305,0,37.8903153538704,0,0,0,288.115027919412,0,22.1917411386967,0,738.279988870025,0,19.8800434470177,0,0,0,0,0,0,0,0,0,9.91620045900345,0,0,0,18.8679358661175,0,0,0,1.06287080049515,0,0,0,528.866725623608,0,0,0,0,0,6.79456958174706,0,40.4706389904022,0,188.540636882186,0,136.655213296413,8.99591928720474,0,511.487617045641,0,29.9821932911873,0,0,0,523.417081594467,0,0,0,0,0,0,0,0.374439939856529,0,15.8955339342356,0,12.1509277522564,3.70674511790276,36.3391804397106,0,0
0,0,0.416536331176758,0,0,0,0,0,64.6299798488617,0,0,0,0,0,50.6537523269653,0,6.2044922709465,0,0.662717998027802,0,0,0,268.740713387728,0,195.134976714849,0,854.508837834001,0,180.539420470595,0,0,0,0,0,0,0,0,0,10.5129270255566,0,0.756799608469009,0,3.74578547477722,0,0,0,3.3234336078167,0,58.3030329346657,0,0,0,0,0,1.64847633242607,0,197.241181820631,0,31.0322692394257,0,159.37101483345,0,0,6.12947148084641,0,522.193171322346,0,89.2661267966032,0,0,0,805.862669274211,0,0.620956242084503,0,0,0,0,0,3.58281660079956,0,0,57.1852324604988,0,87.9863636940718,0,2.77290785312653
0,19.7436962425709,0,27.1840623021126,0,0.790575578808784,0,0,0,5.87887075543404,0,4.4740181863308,0,115.909853041172,0,0,0,5.0209356546402,16.473847925663,0,0,60.8507803827524,0,9.28185039758682,0,127.567532032728,0,2028.79117187858,0,33.0105807483196,0,0,0,0,0,0,0,14.4556441158056,0,0,0,119.336821965873,0,0,0,19.3981219083071,0,0,0,440.592095032334,0,0,0,0,0,0,0,330.043666765094,0,151.904086947441,0,26.6170996725559,86.8485810905695,0,154.670222446322,0,38.0876007825136,0,523.417081594467,0,0,0,98.9916472733021,0,0,0,0,0,3.78829672932625,0,86.7897543609142,0,195.778527244925,6.31916290521622,494.156433314085,1.66686484217644,0
0,0,4.50937032699585,0,1.06539559364319,0,0,0,0,0,0,0,27.1883962154388,0,0,0,0,0,1.15841916203499,0,0.682152107357979,0,109.195149600506,0,0,0,134.873819902539,0,1142.20001003146,0,288.291477769613,0,0,0,0,0,1.2240709066391,0,24.2965023815632,0,11.3590174019337,0,102.274703964591,0,0,0,114.252659119666,0,683.58855971694,0,0,0,0,0,0,0,534.876120053232,0,202.744932621717,0,51.6318436264992,0,0,71.3080182000995,0,929.798117339611,0,0,0,805.862669274211,0,0,0,638.344892024994,0,0,0,0,0,36.245239160955,0,171.845727473497,16.5759131014347,0,1073.49915959686,0,25.6807652264833
0,4.21060368418694,0,4.56309051811695,0,0.203140094876289,0,0,0,0,0,274.453396469355,0,1.41272869706154,0,0,0,0,11.8208550140262,5.23960721492767,0,0,0,0,0,0,0,45.0229455381632,0,536.652952373028,0,0,0,0,0,0.266822010278702,0,1,0,1.65680527687073,0,44.5155434608459,0,0,0,20.5088829100132,0,0,0,74.102281332016,0,0,0,0,0,0,0,149.579939618707,0,0,0,0,158.933897718787,0,0,0,0,0,0,0,98.9916472733021,0,0,0,0,0,0,0,6.14939822256565,0,56.0381989479065,0,95.0659632533789,1.07270082831383,396.811003282666,1.26388502120972,0
0,0,0.327428638935089,0,0.2499148696661,0,0,0,0,0,52.1275999099016,0,0,0,0,0,0,0,0.616637468338013,0,2.49551391601562,0,1.47497889399529,0,0,0,0,0,42.0966373383999,0,237.376889318228,0,0,0,0,0,0,0,203.440087795258,0,4.53875358402729,0,108.230200171471,0,0,0,41.6782160326838,0,203.632273823023,0,0,0,0,0,0,0,496.069279260933,0,0,0,0,0,0,26.4236678779125,0,19.2134311795235,0,0,0,0.620956242084503,0,638.344892024994,0,0,0,0,0,0,0,7.60677564144135,0,122.053266257048,20.3710031956434,0,920.721854269505,0,4.88312339782715
0,0,0,0,0,0,0,0,0,0,0,0,0,0,0,0,0,0,0,0,0,0,0,0,0,0,0,0,0,0,0,722.390707790852,0,126.507820725441,0,261.255250304937,0,0,0,0,0,0,0,0,0,0,0,292.761256948113,0,8.239039093256,0,0,0,0,0,0,0,0,0,0,0,0,0,0,0,0,0,0,0,0,0,0,0,0,0,0,274.424001917243,0,291.256523281336,0,0,0,56.5548053383827,0,0,0,0
0,0,0,0,0,0,0,0,0,0,0,0,0,0,0,0,0,0,0,0,0,0,0,0,0,0,0,0,0,0,0,94.8842031955719,491.623571962118,0,87.7219638824463,0,581.338443174958,0,0,0,0,0,0,0,0,0,0,1311.91923455894,30.131406724453,0,0,0,0,0,0,0,0,0,0,0,0,0,0,0,0,0,0,0,0,0,0,0,0,0,0,0,0,17.7548470497131,0,166.317466199398,0,0,268.290092766285,0,0,0,0
0,0,0,0,0,0,0,0,0,0,0,0,0,0,0,0,0,0,0,0,0,0,0,0,0,0,0,0,0,0,0,20.3204161524773,0,1112.08647972345,105.061941385269,26.2338410913944,0,60.9352378547192,0,0,0,0,0,0,0,0,0,230.259148716927,0,9.34163933992386,0,0,0,0,0,0,0,0,0,0,0,0,0,0,0,0,0,0,0,0,0,0,0,0,274.424001917243,0,0,0,57.8207142353058,0,545.652110517025,0,58.8955299854279,0,0,0,0
0,0,0,0,0,0,0,0,0,0,0,0,0,0,0,0,0,0,0,0,0,0,0,0,0,0,0,0,0,0,0,0,0,8.6158686876297,1412.0312102437,0,250.736608579755,0,124.222486048937,0,0,0,0,0,0,0,0,138.180722653866,6.98741972446442,0,0,0,0,0,0,0,0,0,0,0,0,0,0,0,0,0,0,0,0,0,0,0,0,0,0,17.7548470497131,0,0,0,251.832455694675,0,645.788632616401,155.414853185415,0,0,0,0
0,139.371804818511,0,3.91608399152756,0,0,0,0,0,0,0,0,0,0,0,0,10.1827015578747,0,1055.46440473199,247.000476449728,0,0,0,0,0,0,0,0,0,0,0,96.4878117442131,0,6.13637256622314,0,13006.8041946217,99.4855697154999,509.615586310625,0,969.746109865606,0,885.177720934153,0.511877745389938,156.71441975981,0.833361983299255,1461.04793811589,1.37791548669338,573.192951947451,0,2169.90511969477,0,0,0,0,0,0,0,1.12410572171211,0,0,0,0,1129.78026430309,0,0,0,0,0,0.374439939856529,0,3.78829672932625,0,6.14939822256565,0,291.256523281336,0,57.8207142353058,0,0,0,326.185511991382,0,498.917841874063,43.7002341225743,907.652718745172,100.008122563362,0.177980095148087
48.9298655241728,0,0,0,0,0,0,0,0,0,1.19815731048584,0,0,0,0,0,1.07234811782837,0,244.724313408136,0,78.2994207441807,0,0.58465139567852,0,0,0,0,0,0,0,0,0,183.670931264758,0,297.586436122656,64.8489596545696,21034.0630996153,0,743.921828016639,0,934.527147188783,0,535.480351507664,0,195.490477830172,0.171997532248497,3608.92306050658,1206.34935979545,348.742786929011,0,0,0,0,0,0,0,5.38303932547569,0,0,0,0,0,0.315091639757156,2137.99840068817,0,2.61249402910471,0,0,0,3.58281660079956,0,36.245239160955,0,7.60677564144135,0,166.317466199398,0,251.832455694675,0,0,0,1521.10970701277,731.457757845521,19.5051140785217,1111.55900220573,0,64.8669793754816
0,51.2743918448687,0,4.04240883886814,0,0,0,0,0,1.64542216062546,0,0,0,0,0,0,0,0,432.000236101449,35.1863561570644,0,252.820089966059,0,202.299003839493,0,0.599218189716339,0,0.497198879718781,0,2.3290776014328,0,0,0,250.459011018276,0,1282.49410763383,0,14162.8929317445,0,5.70201958715916,0,163.069763071835,0,24.248821541667,0.303490787744522,155.703532412648,0,182.819256350398,0,1312.63856594265,0,0,0,0,0,1.64699831604958,0,4.95712794363499,0,0,0,0,176.656186074018,0,79.7832378000021,0,34.5404891967773,0,15.8955339342356,0,86.7897543609142,0,56.0381989479065,0,0,0,545.652110517025,0,326.185511991382,0,0,0.39478000998497,648.295261844993,46.1612016707659,722.618290990591,157.531120225787,0
19.7936711758375,0,0.880775988101959,0,0,0,0,0,10.8772164285183,0,0,0,0,0,0,0,0,0,120.299049541354,0,0.524558961391449,0,147.239583924413,0,21.666417747736,0,0,0,29.6316769421101,0,0,0,0,2.03652739524841,365.335465222597,0,1520.47729988396,0,11957.6300564408,0,98.5141627788544,0,212.816313445568,0,46.5178248286247,0.29714173078537,374.14105643332,364.254239052534,795.956096962094,0,0,0,0,0,0.500922024250031,0,42.535945802927,0,0,0,0,0,0,128.832762569189,0,194.35272115469,0,14.8929493427277,0,0,0,171.845727473497,0,122.053266257048,0,0,0,645.788632616401,0,1521.10970701277,0.39478000998497,0,360.679540261626,33.5479038357735,1087.43568129092,0,88.423953294754
