0,0,0.0332353715456798,0,0,0,0,0,0.0674437498936453,0.000108138126003398,0,0,0,0,0,0,0,4.49327632717534e-05,0.000820048229384348,0,0,0,0,0,0,0,0,0,0,0,0,0,0,0,0,0,0,0.000108774990825083,0,0,0.00103962035503488,9.94352539838826e-05,0.00698502422146015,0,0,0,0.00386654429083012,0.000371163069531739,0.00666421550126632,0.000250637626440731,0,0,0,0,0.0429953567827346,0,0,0,0,0,0.02545611531771,0,0,9.63452553839981e-05,0,0,0,0,0,0,0,0,0,0,0,0,0,0,4.60944519242268e-06,0.00169761398010274,0,1.83529002163442e-05,0.00044607398399015,0,0.00908330712955033,0,7.02154485531315e-05
0,0,0,0.0239442365524054,0,0.00245496879132512,0,0,0,0.0444864250335919,0,0,0,0,0,0.00495920508886997,3.74788608899844e-05,6.09765869795368e-06,0.000971588166134621,0,0,0,0,0,0,0,0,0,0,0,0,0,0,0,0,1.3527008223187e-05,0,0,0,0.000988374248315823,0,0.017510710827757,0.000260406469793799,0,0,0.000827604590387814,3.34067657933577e-05,0,0.000287824097984991,0.0160679849038635,0,0,0,0,0,0.0267604574775977,0,1.25950727896577e-05,0,0,0,0.0581335596841277,0,0,0,0,0.000445351105288822,0,0.000288282212949727,0,0,0,0,0,0,0,0,0,0.000407899504096677,0,9.45990624350911e-06,0,0.000992765638972374,1.08445769564343e-05,0.00463283343216318,0.00472311463606684,0
0.0332353715456798,0,0,0,0.0261310002341316,0,0,0,0.0253761201547284,0,0,0,0,0,0,0,2.65083884180056e-05,1.88156430662697e-05,0.000520076765989402,0,0,0,0,0,0,0,0,0,0,0,0,0,0,0,0,0,0,1.17711062745203e-05,0,1.02256502990301e-05,0.00251449404982285,5.72468553040083e-05,0.00998639165881638,0,0,0,0.00427115061661495,0.000741992405960969,0.00399804858290095,0,0.0188116068867121,0,0,0,0.0429555225234632,0,0.00418811367330109,0,0.0055916248586909,0,0.00145726686365011,0,0,0.000903089213503136,0,0,0,0,0,0,0,0,1.35161734541307e-05,0.00191194826916851,0,0,0,0,9.93112970686254e-07,0.000451820670708194,0,0.0001126454605959,0.000695084390523437,1.00730530233149e-05,0.0147385392803814,0.000402965780891943,0.00454574353500087
0,0.0239442365524054,0,0,0,0.00807790019029847,0,0,0,0.0113727390049579,0,0,0,0,0,0,0,3.77534381911123e-06,6.48985934964758e-05,0.000717199772954314,0,0,0,0,0,0,0,0,0,0,0,0,0,0,0,0.000141310476151695,1.65296313802064e-06,0,0,0.000698554522728228,8.76914653350809e-06,0.00446273243557671,0.00012956764475752,0,0,0.000649838317474184,0,0.000201008598494036,0.000214657743677818,0.00109487580988588,0,0.00410120475993554,0,0,0,0.0588772576061884,0,0.0104325862302276,0,0.00146617463855578,0,0.000568475597110429,0.00055098953994033,0,0,0,0,0,0,0,0,0,0.000688078200544094,0,0,0,0,0,0.000238834419602627,1.28960087518378e-06,7.52172768811394e-05,0,0.00122619246813063,6.39092166149091e-05,0.022337699392654,0.000306133588528351,0
0,0,0.0261310002341316,0,0,0,0.000256049718165852,0,0.00316250080739424,0,3.60071664191634e-05,0,0,0,0.0115320217622722,0,8.1911402991852e-06,1.5096138353264e-05,0.000535445614593047,5.41064551042953e-05,0.0175699889267677,0,0,0,0,0,0,0,0,0,0,0,0,0,0,0,1.70194843878797e-05,9.90802881869395e-06,0,0,0.00174457384427448,0,0.00324565595707119,0,0,0,0.000800946842160707,0.00046627637756429,0.0014955294674441,5.02127949133427e-05,0.0604224811440548,0,0.00157272883993653,0,0,0,0.000674986873049781,0,0,0,0,0,0,7.94898676732608e-05,0,0,0,0,0,0,0,0,0,0.000297292938380753,0,0,0,0,0,3.34970074462202e-05,0,6.88752090668564e-06,0.00165324546718534,1.73097987216128e-05,0.00821140078553111,0,0.000937486648627459
0,0.00245496879132512,0,0.00807790019029847,0,0,0,0.00476638167261023,0,0.013056548351486,0,0,0,0,0,0.00835182323356235,0,0,0,0.0174036880576847,0,0,0,0,0,0,0,0,0,0,0,0,0,0,0,0.000180965090999138,0,0,0,0,0,0.000101981207236667,4.77099762825027e-05,0,0,1.78916026938726e-05,0,2.43525621108638e-05,0,0.000164178898397469,0,0.0174755660047602,0,0.000373013469223214,0,0.000798317501905443,0,0.00026601774348574,0,4.09682675954585e-05,0,0.00405031755698679,0.000319908908813915,0,0,0,0,0,0,0,0,0,0,0,0,0,0,0,0.00033100848428299,0,0,0,0.00861432306705089,5.84058520062853e-05,0.00181374469269361,0.000212268252154115,0
0,0,0,0,0.000256049718165852,0,0,0,0,0,0.00109110431946448,0,0,0,0,0,0,0,0,0,0.00234895364755532,0,0,0,0,0,0,0,0,0,0,0,0,0,0,0,6.79897335498334e-06,0,0,0,0,0,1.43155077482212e-05,0,0,0,0,0,0,0,0.000571165343774091,0,0.0255795788527918,0,0,0,0.00656498114320129,0,0,0,0,0,0,0.000144808223610524,0,0,0,0,0,0,0,0,0,0,0,0,0,0,0,0,0,0,0.000183232346079807,0.000186296694034574,2.80761025554853e-05,0,0
0,0,0,0,0,0.00476638167261023,0,0,0,0,0,0.0172740918931625,0,0.00509232056605477,0,0,0,0,0,0,0,0,0,0,0,0,0,0,0,0,0,0,0,0,0,0,0,0,0,0,0,0,0,0,0,0,0,0,0,0,0,0,0,0.0244925734350632,0,0,0,0.00304504660102809,0,0.00110784129902907,0,0,0,0,0,0,0,0,0,0,0,0,0,0,0,0,0,0,0,0,0,0,0.000442589540946512,0,0,0,0
0.0674437498936453,0,0.0253761201547284,0,0.00316250080739424,0,0,0,0,0,0,0,0,0,0.0322419828588584,0,0.000121893681356473,0,0,0,0,0,0,0,0.00226011022317104,0,0.000395691225227843,0,0,0,0,0,0,0,0,0,0,4.11665943952639e-06,0.00173961388446335,0,0.000177759508231856,6.66522957861859e-05,0.00672888278620838,0,0,0,0.000171774130953717,5.46953669067485e-05,0.00294282034711064,7.97895156963706e-06,0,0,0,0,0.0310161990941971,0,0,0,0,0,0.0224006041772561,0,0,0,0,0,0,0.00071162180304642,0,0.000506344928498714,0,0,0,0,0,0,0,0,0,5.47076429356412e-05,0,0.000643165415909595,0.00367676358370744,0.000778288899084515,0.00880094507954277,0,0
0.000108138126003398,0.0444864250335919,0,0.0113727390049579,0,0.013056548351486,0,0,0,0,0,0,0,0,0,0.0441818170437716,0,0.00012506690409991,0.000542773136573635,0,0,0,0,0.00609823556546622,0,0.00274011334082413,0,0,0,0,0,0,0,0,0,0,0,0.00171266000827165,0,0,0,0.00275112691644017,6.62139227681943e-05,0,0,0,0,0,7.69167855364978e-05,0.00677154418131938,0,0.00136690673835243,0,0,0,0.166209029679622,0,4.11850519116548e-05,0,0,0,0.0102845280102302,1.87790914170701e-05,0,0,0,0.00697853911318291,0,0,0,0,0,1.29399930841531e-05,0,0,0,3.54647738901458e-05,0,0,0,0.000632554266003921,0,0.00599179658193015,0.000510758618615488,0.0090480552122047,0.000125337976293771,0
0,0,0,0,3.60071664191634e-05,0,0.00109110431946448,0,0,0,0,0,0.0191142132490319,0,0,0,0,0,0,0,0.0368762829175239,0,0,0,0,0,0,0,0.00738865359467764,0,0.000210402597130184,0,0,0,0,0,0.00058122600541014,0,0.0174434605152564,0,0,0,0,0,0,0,0,0,0,0,0,0,0,0,0,0,0.0685346632990243,0,0.0275278653384181,0,0,0,0,0.0179647482075353,0,0,0,0,0,0,0,0.0113480920304212,0,0.000164881675413747,0,0,0,0,0,0.000151780114755171,0,0.0012242355578504,0.00153829116772568,2.16033409049761e-05,0,0,0
0,0,0,0,0,0,0,0.0172740918931625,0,0,0,0,0,0.101599900988156,0,0,0,0,0,0.0138143211406495,0,0,0,0,0,0,0,0.000152383935162267,0,0.0281588071985727,0,0,0,0,0,0.00187894202590971,0,0.0144010935279038,0,0,0,0,0,0,0,0,0,0,0,0,0,0,0,0.00923726088267082,0,0,0,0.102445816004299,0,0.00524297726177918,0,0,0.0178999601436398,0,0,0,0,0,0,0,0,0,0.0233180376635972,0,0,0,0,0,0.000571692180185503,0,0.0017541559084617,0,0.00372930116916346,7.78550540139705e-05,0.000107204375306777,0,0
0,0,0,0,0,0,0,0,0,0,0.0191142132490319,0,0,0,0.0240756513082779,0,0,0,0,0,0,0,0,0,0,0,0,0,0.00168055043397615,0,0,0,0,0,0,0,0,0,0,0,0,0,0,0,0,0,0,0,0,0,0,0,0,0,0,0,0.0185996904675814,0,0.0158777726387235,0,0.000503430659827109,0,0,0,0,0,0,0,0,0,0,0,0,0,0,0,0,0,0,0,0,0,0.00209776937200757,0.000541177511863454,0,0,0
0,0,0,0,0,0,0,0.00509232056605477,0,0,0,0.101599900988156,0,0,0,0.00912180837411605,0,0,0,0,0,0,0,0,0,0,0,0.00320958211282092,0,0.0129397139802606,0,0,0,0,0,0,0,0,0,0,0,0,0,0,0,0,0,0,0,0,0,0,0,0.000760827189691825,0,0,0,0.0571236608121284,0,0.124814505654753,0,0.0960502201627127,0,0,0,0,0,0,0,0,0.000593570197381794,0,0,0,0,0,0,0,0,0,0,0,0.002049862148457,0.00115903511635021,0,0,0
0,0,0,0,0.0115320217622722,0,0,0,0.0322419828588584,0,0,0,0.0240756513082779,0,0,0,0.00158555141479559,0,0,0,0,0,0,0,0,0,0.00171533428947601,0,0,0,0,0,0,0,0,0,0,0,0,0,0,0,0,0,0,0,0,0,0,0,0.0100450761240182,0,0,0,0.0125010935971741,0,0,0,0.00741422562593909,0,0.00700098315769748,0,0,0,0,0,0,0,0,0.000401097198553968,0,0,0,0,0,0,0,0,0,0,0,0,4.09095499151846e-05,1.15825196189689e-05,0,0,0
0,0.00495920508886997,0,0,0,0.00835182323356235,0,0,0,0.0441818170437716,0,0,0,0.00912180837411605,0,0,0,0.00181350430363095,0,0,0,0,0,0.0158983926837858,0,0.0020970657272414,0,0,0,0,0,0,0,0,0,0,0,0,0,0,0,0,0,0,0,0,0,0,0,3.29798159247119e-05,0,0.00101052941424514,0,0,0,0.122028658680481,0,0,0,0.00337721779207592,0,0.0597840451176064,0,0,0,0,0.0104300156367809,0,0.0179290789798504,0,0,0,0,0,0,0,0,0,0,0,0,0,0.00148964485623414,0.000442128076310089,3.15638982544641e-05,0,0
0,3.74788608899844e-05,2.65083884180056e-05,0,8.1911402991852e-06,0,0,0,0.000121893681356473,0,0,0,0,0,0.00158555141479559,0,0,0.153718965498077,0.0747714954023602,0,0,0,0.0061244902358927,0,0.00137847222919825,0,0.0256657669416083,0,0.0017102548580816,0,0,0,0,0,0,0,0,0,0,0.0020350182451239,0.000957511639286536,0.00133328043512621,0.00229039724493061,0,0,0.000482462480902707,0.00255717403715142,0,4.83850891452127e-06,2.97845136176931e-05,2.34673226055541e-05,0,0,0,6.54730813629753e-05,0,0.000100538130885316,7.88406455546811e-05,0,0,0,0,8.51930354760192e-05,0.000227788054037178,0,0.00106869384914366,0,0.00292045802759669,0,0.0019171526694577,0,0,9.34003414434355e-05,1.1431305106618e-05,0,0,0,0,0.00114352638207008,0.0010446679765115,0.000192447216123165,8.93505954263691e-05,0.0190708819731947,0.00013149649718714,0.00584791361515319,0.000337577346112636,0.000567470805614178
4.49327632717534e-05,6.09765869795368e-06,1.88156430662697e-05,3.77534381911123e-06,1.5096138353264e-05,0,0,0,0,0.00012506690409991,0,0,0,0,0,0.00181350430363095,0.153718965498077,0,0.0739708423680281,0,0,0.00976015422914679,0,0.00182755821206906,0,0.00819987535807051,0,0,0,0,0,0,0,0,0,0,0,0,0,0.00202436206105334,0.000334830159365243,0.0017911961210329,0.000389261663981103,0,0,0.000376669368909873,0.00136118136632521,0,8.6073494974234e-06,5.182406301414e-05,0,0,0,0,0,0,7.5184537424566e-06,0.000191309571039091,0,2.7361358810807e-06,0,0.00478411606099211,9.34062563428816e-05,1.72839671240147e-05,0.00224711789407459,0,8.42111898499007e-05,0,0.0211316751759978,0,0,0,0.000189710499178753,4.64421901878709e-06,0,0,0,0,0.0012194963105785,0.000348208519394025,0.00033880564291636,1.19884565409061e-06,0.026310432550339,0.0020675225361564,0.00346296785472729,0.000438141647028974,4.27900280274569e-05
0.000820048229384348,0.000971588166134621,0.000520076765989402,6.48985934964758e-05,0.000535445614593047,0,0,0,0,0.000542773136573635,0,0,0,0,0,0,0.0747714954023602,0.0739708423680281,0,6.87646155398319e-06,0,0,0,0,0,0,0,0,0,0,0,0,0,0,0,1.39512571088971e-06,0,6.32899420493853e-06,0,0.0213128247221028,0.00918737197772267,0.0199688721224127,0.0161690821751422,0,0,0.00380036342589686,0.0320784364537907,0,0.000167219706790259,0.000392347972517694,4.73157223552785e-05,0,0,0,0,0.000229022528208802,0.0017490707922573,0.00244247809239864,1.94590922184099e-05,0,0,0,0.00114952485601756,0.000928533980001262,0,0,0,0,0,0,0,0,0.00299185331395943,0.00119592319360188,0,0,0,0,0.00929910287042257,0.0066448555325837,0.00310114327018673,0.000966891640795518,0.0147036624891347,4.73787502174317e-05,0.0527692942365246,0.00962650803899923,0.00466257819092647
0,0,0,0.000717199772954314,5.41064551042953e-05,0.0174036880576847,0,0,0,0,0,0.0138143211406495,0,0,0,0,0,0,6.87646155398319e-06,0,0,0,0,0,0,0,0,0,0,0.000608996287703507,0,0,0,0,0,0.0170722274759643,0,0.0135256006939755,0,0.000109185282765483,0,0.000724988554133989,0.000106754470384339,0,0,3.13812239711746e-05,0,0.000231045973754679,0,0.00018127118945948,0,0.00580998900483106,0,0,0,0,0,0.00219477437068269,0,0,0,0,0.152376719891075,0,0,0,0,0,0,0,0,0,0.000452441000771393,0,0,0,0,0,0.00401751500479285,0,0.00139940029616201,0,0.00132946085621871,0.000162531691508785,0.00386231183106675,0,0
0,0,0,0,0.0175699889267677,0,0.00234895364755532,0,0,0,0.0368762829175239,0,0,0,0,0,0,0,0,0,0,0,0,0,0,0,0,0,0,0,0,0,0,0,0,0,0.0352174034205647,0,0.00446180361623548,0,0.000427688449063339,0,0.000145371869004409,0,0,0,0,6.24947226416451e-05,0.000588983464011925,0,0.0193661869173398,0,0.00183403191357976,0,0,0,0.00971781182937709,0,0,0,0,0,0,0.0315311509989827,0,0,0,0,0,0,0,0,0,1.37075496068177e-05,0,0,0,0,0,0.0036535892557309,0,0.000147166945650289,0.0023523623540457,0.000422327162924353,0.00350235035793305,0,2.12101361115116e-05
0,0,0,0,0,0,0,0,0,0,0,0,0,0,0,0,0,0.00976015422914679,0,0,0,0,0.0197677578558989,0.00572638993367303,0,0.00489218005167084,0,0.0143377359354897,0,0,0,0,0,0,0,0,0,0.0172943879477517,0,0,0,0,0,0,0,0,0,0,0,0.000752452627587533,0,0,0,0,0,0,0,0,0,0,0,0,0,0,0.11343437370899,0.00125084826303867,0.00900851879428469,0,0.00242863247957265,0,0.00748783582432857,0,0,0,0,0,0,0,0,0,0.0139218771019101,0,0.00874667327986966,0.00178916039280703,0,0,0
0,0,0,0,0,0,0,0,0,0,0,0,0,0,0,0,0.0061244902358927,0,0,0,0,0.0197677578558989,0,0,0.0117468184509911,0,0.00772803147236653,0,0.000668784776767593,0,0,0,0,0,0,0,0,0.00149709833975074,0.0146261080887357,0,0,0,0,0,0,0,0,2.88680951349829e-05,0.00235566275755703,4.76409171079882e-06,0,0,0,0,0,0,0,0,0,0,0,0,0,0,0.00339141645335602,0.147062711475766,0,0.00664307029635476,0,0.0021705882791696,0,0.00452124227675904,0,0,0,0,0,0,0,0,0.000250582698872434,0.00560842867356008,0.0147188414596053,0.000956091274577072,0.000293463233442203,0,0
0,0,0,0,0,0,0,0,0,0.00609823556546622,0,0,0,0,0,0.0158983926837858,0,0.00182755821206906,0,0,0,0.00572638993367303,0,0,0,0.141192405190572,0,0,0,0,0,0,0,0,0,0,0,0.00639283862524999,0,0,0,4.11650742103702e-05,4.16638146297126e-05,0,0,0,0,0,0,0.0142003182240966,0,0,0,0,0,0.00144190466080773,0,0,0,0,0,0,0,0,0.00385183229758176,0,0.210319803495427,0,0.000436049547151854,0,0,0,0,0,0,0,0,0,0,0,0.00277692164749632,0,0.000507802753332576,0,0.00251181019864152,0,0
0,0,0,0,0,0,0,0,0.00226011022317104,0,0,0,0,0,0,0,0.00137847222919825,0,0,0,0,0,0.0117468184509911,0,0,0,0.0621644412005143,0,0,0,0,0,0,0,0,0,0,0,0.013106769521326,0,0,0,0,0,0,0,0,0,0.00766087646016995,0,0,0,0,0,0.0273263737604165,0,0,0,0,0,0,0,0,0,0,0.00254777770867958,0,0.0812030008145899,0,0.00625099536669028,0,0,0,0,0,0,0,0,0,0,0,0.00125007742387645,0.00149962102962367,0,0.00358398578992444,0,0
0,0,0,0,0,0,0,0,0,0.00274011334082413,0,0,0,0,0,0.0020970657272414,0,0.00819987535807051,0,0,0,0.00489218005167084,0,0.141192405190572,0,0,0,0.00276236303906622,0,0,0,0,0,0,0,0,0,0,0,0,0,0,0,0,0,0,0,0,0,0,0,0,0,0,0,0.00109373772960898,0,0,0,0,0,0,0,0,0.0152953019045996,0,0.213947226403482,0,0.0909446859491422,0,5.30526072737066e-05,0,0,0,0,0,0,0,0,0,0,0,0.000523924372689639,0,0,0,0
0,0,0,0,0,0,0,0,0.000395691225227843,0,0,0,0,0,0.00171533428947601,0,0.0256657669416083,0,0,0,0,0,0.00772803147236653,0,0.0621644412005143,0,0,0,0.00836070889115435,0,0,0,0,0,0,0,0,0,0,0,0,0,0,0,0,0,0,0,0,0,0,0,0,0,0.00514493495109084,0,0,0,0,0,0,0,0,0,0,0.00543552358982935,0,0.0762484935105388,0,0.103682744051758,0,0.00176338883384453,0,0,0,0,0,0,0,0,0,0,0.000698179058904768,0,0,0,0
0,0,0,0,0,0,0,0,0,0,0,0.000152383935162267,0,0.00320958211282092,0,0,0,0,0,0,0,0.0143377359354897,0,0,0,0.00276236303906622,0,0,0,0.0364810223666134,0,0,0,0,0,0,0,0.00109690680710817,0,0,0,0,0,0,0,0,0,0,0,0,0,0,0,0,0,0,0,0.00218662926657474,0,0.00744406952646024,0,0,0,0,0.00223449735718377,0,0,0,0.0676276521234557,0,0.178443038539996,0,0.0155614914631823,0,0,0,0,0,0,0,0.000862641348734489,0,0.000621847456190139,5.54316056877724e-06,0,0,0
0,0,0,0,0,0,0,0,0,0,0.00738865359467764,0,0.00168055043397615,0,0,0,0.0017102548580816,0,0,0,0,0,0.000668784776767593,0,0,0,0.00836070889115435,0,0,0,0.0531950334034726,0,0,0,0,0,0,0,0.00650001257238361,0,0,0,0,0,0,0,0,0,0,0,0,0,0,0,0,0,0.00100254374265585,0,0.000358822872632973,0,0,0,0,0,0,0.00128022808438097,0,0,0,0.000318415613298213,0,0.0707347256749998,0,0.0408700997149672,0,0,0,0,0,0,0,0.00243565087462746,0.000489391807507883,7.61875319893867e-05,0,0,0
0,0,0,0,0,0,0,0,0,0,0,0.0281588071985727,0,0.0129397139802606,0,0,0,0,0,0.000608996287703507,0,0,0,0,0,0,0,0.0364810223666134,0,0,0,0,0,0,0,0,0,0.02609337405633,0,0,0,0,0,0,0,0,0,0,0,0,0,0,0,0,0,0,0,0.00878399427015085,0,0.000770706660012916,0,0,0,0,0,0,0,0,0,0,0.0158829244276992,0,0.13257553391303,0,0,0,0,0,0,0,0.00537051720686249,0,0.00186294961006051,0,0,0,0
0,0,0,0,0,0,0,0,0,0,0.000210402597130184,0,0,0,0,0,0,0,0,0,0,0,0,0,0,0,0,0,0.0531950334034726,0,0,0,0,0,0,0,0,0,0.0057988303496424,0,0,0,0,0,0,0,0,0,0,0,0,0,0,0,0,0,9.13489795672201e-05,0,0,0,0,0,0,0,0,0,0,0,0,0,0,0.00894397938412727,0,0.0699185715864789,0,0,0,0,0,0,0,0.000271128262979765,0.00104613659694978,0,0,0,0
0,0,0,0,0,0,0,0,0,0,0,0,0,0,0,0,0,0,0,0,0,0,0,0,0,0,0,0,0,0,0,0,0.1548186172162,0.00277251976506794,0.000335225513686534,0.0106781240051057,0.000281208057837589,0,0,0,0,0,0,0,0,0,0,0.0896412014083367,0.00171224221149679,0.000262669128891835,0,0,0,0,0,0,0,0,0,0,0,0,0,0,0,0,0,0,0,0,0,0,0,0,0.158973908934647,0.153688868030158,0,0.000577294101841356,0.00872841938215463,0.000389396525852826,0,0,0.00181630105566424,0,0,0,0
0,0,0,0,0,0,0,0,0,0,0,0,0,0,0,0,0,0,0,0,0,0,0,0,0,0,0,0,0,0,0,0.1548186172162,0,0.00505663262259157,0.0118206998369532,0.000611668780968144,0.0048482055296479,0,0,0,0,0,0,0,0,0,0,0.0613826731982709,0,0,0,0,0,0,0,0,0,0,0,0,0,0,0,0,0,0,0,0,0,0,0,0,0,0,0.0428344498684182,0.253271714089394,0,0.000247238704519037,0.000162441691976475,0.00499786044093231,0,0,0.00209440958221797,0,0,0,0
0,0,0,0,0,0,0,0,0,0,0,0,0,0,0,0,0,0,0,0,0,0,0,0,0,0,0,0,0,0,0,0.00277251976506794,0.00505663262259157,0,0.370858245686792,0.0173814845779696,0,0.00124402490421086,0.00405078691705879,0,0,0,4.79047862834875e-05,0,0,0,0,0.245256396890912,0.00195832414492448,3.61040518826617e-05,0,0,0,0,0,0,0,0,0,0,0,0,0,0,0,0,0,0,0,0,0,0,0,0,0.00122292104264402,0.00304746323289091,0.178214379333702,0.0895599629361084,0.00332599993056806,0,0.00189446246982483,0.000205190089959579,0.00273458407120244,1.27105277373185e-05,0.000272862041257383,0,0
0,0,0,0,0,0,0,0,0,0,0,0,0,0,0,0,0,0,0,0,0,0,0,0,0,0,0,0,0,0,0,0.000335225513686534,0.0118206998369532,0.370858245686792,0,0,0.00710827468046813,0,0.00179119537789391,0,0,0,0,0,0,0,0,0.20212215021487,0.000278306476594143,0,0,0,0,0,0,0,0,0,0,0,0,0,0,0,0,0,0,0,0,0,0,0,0,0,0,0.00870840813510585,0.13674453656157,0.190441894322717,0,0.00122526709722743,0,0.00116421252122718,0.00211735368640794,0,0,0,0
0,1.3527008223187e-05,0,0.000141310476151695,0,0.000180965090999138,0,0,0,0,0,0.00187894202590971,0,0,0,0,0,0,1.39512571088971e-06,0.0170722274759643,0,0,0,0,0,0,0,0,0,0,0,0.0106781240051057,0.000611668780968144,0.0173814845779696,0,0,0.012869087570542,0.0173594292547599,0.000505083665947206,0.000113662161780142,4.10509759921982e-06,0.000125721812164639,2.05475915519933e-05,0,0,0.000788861580902296,0,0.000610524139419588,0.000265372645754419,0.000292505177166635,0,6.30660289066987e-05,0,0,0,0,0,4.0391252485691e-05,0,0,0,0,0.0173425841054374,0,0,0,0,0,0,0,0,0,1.87646544465586e-06,0,0.00683871620390068,0.000115688176074779,0.0044741510076277,0,0.113666492345358,0.00487743597774735,0.00111055488315518,0,0.0151462216190701,0.00349002852995304,0.00413701273320198,0,0
0,0,0,1.65296313802064e-06,1.70194843878797e-05,0,6.79897335498334e-06,0,0,0,0.00058122600541014,0,0,0,0,0,0,0,0,0,0.0352174034205647,0,0,0,0,0,0,0,0,0,0,0.000281208057837589,0.0048482055296479,0,0.00710827468046813,0.012869087570542,0,0,0.014782374944292,0,0.000218027456160544,2.41525467083856e-05,6.25987265163015e-05,0,0,4.26716372165122e-06,0.000207963167380664,0.000492326120043194,0.000623289568524026,3.24451589434136e-06,2.31852355399314e-05,0,1.77318213377543e-05,0,0,0,0.00148148557664043,0,0,0,0,0,0,0.00627369351594195,0,0,0,0,0,0,0,0,0,0,0.000280184015305342,0.0030370762706552,0,0.00186747385099093,0.0010815418037035,0.0833320357029507,0,0.00153908803757503,0.0136414487205289,0.0092099173685031,0.00134329656092689,0,0
0.000108774990825083,0,1.17711062745203e-05,0,9.90802881869395e-06,0,0,0,4.11665943952639e-06,0.00171266000827165,0,0.0144010935279038,0,0,0,0,0,0,6.32899420493853e-06,0.0135256006939755,0,0.0172943879477517,0.00149709833975074,0.00639283862524999,0,0,0,0.00109690680710817,0,0.02609337405633,0,0,0,0.00124402490421086,0,0.0173594292547599,0,0,0.00774525470367214,0,0,4.54067465450396e-05,9.9630357303079e-05,0,0,0,0,0.00343821947601177,8.95167298873989e-05,0.00934591869113782,0,0,0,0,0,0.000419265769390367,0,0.00217163918497072,0,0,0,0,0.00292752736958734,0,0.00253584886157646,2.74713798853613e-05,0.00496081219522768,0,0,0,0,0,0.00323357476174457,0,0,0,0.00119814008948529,0,0.00603394461786869,0,0.14050159832677,2.66035276581533e-05,0.00767447423104586,0.000203759724905499,0.00127794207409679,0,0
0,0,0,0,0,0,0,0,0.00173961388446335,0,0.0174434605152564,0,0,0,0,0,0,0,0,0,0.00446180361623548,0,0.0146261080887357,0,0.013106769521326,0,0,0,0.00650001257238361,0,0.0057988303496424,0,0,0.00405078691705879,0.00179119537789391,0.000505083665947206,0.014782374944292,0.00774525470367214,0,0,0,3.06891016279838e-06,8.66488006162721e-05,0,0,0,0,0.0151502587438153,0.012621918311434,4.61490989882349e-05,0,0,0,0,0.00157585490662458,0,0.00993316493577047,0,0,0,0,0,0,0.000155804279758057,0,0.00381189683344012,0,0.00901680159100265,0,0,0,0.000463497606658937,0,0.000696367731129687,0,0,0.00304556421508549,0.00320411221022527,0,0.00834007572797511,0.000785973282635326,0.13148131836871,0.00771321640086745,0.000296859056161835,0.00173265525326116,0,0
0,0.000988374248315823,1.02256502990301e-05,0.000698554522728228,0,0,0,0,0,0,0,0,0,0,0,0,0.0020350182451239,0.00202436206105334,0.0213128247221028,0.000109185282765483,0,0,0,0,0,0,0,0,0,0,0,0,0,0,0,0.000113662161780142,0,0,0,0,0.000442661623652036,0.0365391173079845,0.000707163587134495,0,0,0.0115045727790895,0.00150360928226891,0.000345400065557991,1.16275662091722e-05,0.0163809326145443,0,0,0,0,0,2.78471014434039e-05,6.45026950267698e-06,0.00357384114578488,0,0,0,0,0.0228338888408229,9.69182242826626e-05,0,0,0,0,0,0,0,0,0.00410067756688264,1.28567538176375e-05,0,0,0,0,0.00532207314909729,0.000264708731959023,0.000192915877880687,3.7632765906386e-05,0.00168624696543412,0.000183465806978107,0.0628499682995512,0.0106856666463385,0.000134679711865367
0.00103962035503488,0,0.00251449404982285,8.76914653350809e-06,0.00174457384427448,0,0,0,0.000177759508231856,0,0,0,0,0,0,0,0.000957511639286536,0.000334830159365243,0.00918737197772267,0,0.000427688449063339,0,0,0,0,0,0,0,0,0,0,0,0,0,0,4.10509759921982e-06,0.000218027456160544,0,0,0.000442661623652036,0,0.00035844958863634,0.0205183305263535,0,0,4.48935256379256e-05,0.0371897230494598,0.00107762768973229,0.00893824364787514,3.18159887088346e-05,0.000897784335262811,0,3.49230210477036e-05,0,0,0,0.00055082950159549,2.70623211977705e-05,7.70816177570873e-05,0,1.79925959875593e-05,0,0,0.0325686649132624,0,0,0,0,0,0,0,0,2.33457327965772e-05,0.0031926642119932,0,5.89714645131769e-05,0,0,5.84712274891952e-05,0.0125384707239719,1.88215358158315e-05,0.000116006599192972,0.000620672893131077,5.79740432267784e-05,0.0504203090014574,0.000113040200308801,0.00816110563887077
9.94352539838826e-05,0.017510710827757,5.72468553040083e-05,0.00446273243557671,0,0.000101981207236667,0,0,6.66522957861859e-05,0.00275112691644017,0,0,0,0,0,0,0.00133328043512621,0.0017911961210329,0.0199688721224127,0.000724988554133989,0,0,0,4.11650742103702e-05,0,0,0,0,0,0,0,0,0,0,0,0.000125721812164639,2.41525467083856e-05,4.54067465450396e-05,3.06891016279838e-06,0.0365391173079845,0.00035844958863634,0,0.00918305119179499,0,0,0.00282418852171439,0.00123768068102254,0.000304635120066327,0.00100075869076879,0.00399389170587554,1.06476775559315e-05,1.80065915593691e-05,0,0,0,0.0023564712204244,5.33019298458605e-05,0.0390929890695002,0,4.62755712249603e-05,0,1.83461800276277e-05,0.00528774546920778,8.72586278820677e-05,0,0,0,0,0,0,0,0,0.0116542720547588,0,0,0,0,0,0.00547650627346049,0.000217057583440952,0.000876202000446867,2.04630696848033e-05,0.00333825756044357,0.000401221432207431,0.088015247719443,0.0300111305177787,0.000392034269099978
0.00698502422146015,0.000260406469793799,0.00998639165881638,0.00012956764475752,0.00324565595707119,4.77099762825027e-05,1.43155077482212e-05,0,0.00672888278620838,6.62139227681943e-05,0,0,0,0,0,0,0.00229039724493061,0.000389261663981103,0.0161690821751422,0.000106754470384339,0.000145371869004409,0,0,4.16638146297126e-05,0,0,0,0,0,0,0,0,0,4.79047862834875e-05,0,2.05475915519933e-05,6.25987265163015e-05,9.9630357303079e-05,8.66488006162721e-05,0.000707163587134495,0.0205183305263535,0.00918305119179499,0,0,4.5760057396051e-05,0.00049924290324124,0.0240318507875446,0.00130555179228625,0.00921336697494033,0.00187805504640331,0.00070392211911713,0,0,0,7.35299038557985e-05,0,0.024724439957212,9.90486580581114e-05,0.000245957630039132,0,0,0,2.63644310458833e-05,0.00249898027485785,0,0,0,0,0,0,0,0,0.000211881917792072,0.0164176214732778,0,0,0,0,0.000224892505583638,0.00520953804633473,4.70272198136792e-05,0.000469397664115637,0.00372269360895428,0.000526721157879606,0.0995518337353966,0.000663242001084121,0.0466378049905599
0,0,0,0,0,0,0,0,0,0,0,0,0,0,0,0,0,0,0,0,0,0,0,0,0,0,0,0,0,0,0,0,0,0,0,0,0,0,0,0,0,0,0,0,0,0,0,0,0,0,0,0,0,0,0,0,0,0,0,0,0,0,0,0,0,0,0,0,0,0,0,0,0,0,0,0,0,0,1.04936151347598e-06,0,0,0,0,0,4.26934479742683e-06,0,0
0,0,0,0,0,0,0,0,0,0,0,0,0,0,0,0,0,0,0,0,0,0,0,0,0,0,0,0,0,0,0,0,0,0,0,0,0,0,0,0,0,0,4.5760057396051e-05,0,0,0,3.52417479729391e-05,0,0,0,0,0,0,0,0,0,0,0,0,0,0,0,0,0,0,0,0,0,0,0,0,0,0,0,0,0,0,0,0,0,0,0,0,0,1.23975339777299e-05,0,0
0,0.000827604590387814,0,0.000649838317474184,0,1.78916026938726e-05,0,0,0,0,0,0,0,0,0,0,0.000482462480902707,0.000376669368909873,0.00380036342589686,3.13812239711746e-05,0,0,0,0,0,0,0,0,0,0,0,0,0,0,0,0.000788861580902296,4.26716372165122e-06,0,0,0.0115045727790895,4.48935256379256e-05,0.00282418852171439,0.00049924290324124,0,0,0,0.0001542465904687,0.000715763680764143,0.00106667772747759,0.00186304045784913,0,0,0,0,0,0,7.18326355478088e-05,0.00044224801594141,0,7.22025967993012e-06,0,0,0.035760566746138,4.5355095268245e-06,0,0,0,0,0,0,0,0,0.000118778389454232,0,1.28160557987271e-05,0,0,0,0.00643987278437721,3.89954772438224e-05,0.00311490081080583,0,0.000464440360112262,0.000130287455747963,0.0196061975288127,0.000249419901887426,0
0.00386654429083012,3.34067657933577e-05,0.00427115061661495,0,0.000800946842160707,0,0,0,0.000171774130953717,0,0,0,0,0,0,0,0.00255717403715142,0.00136118136632521,0.0320784364537907,0,0,0,0,0,0,0,0,0,0,0,0,0,0,0,0,0,0.000207963167380664,0,0,0.00150360928226891,0.0371897230494598,0.00123768068102254,0.0240318507875446,0,3.52417479729391e-05,0.0001542465904687,0,0.000629676118917921,0.00202421243207361,7.83456718585771e-05,0.000136778783854536,0,0,0,0,0,0.00082792769612211,1.99902892116715e-05,6.80322098804914e-06,1.31735431404661e-05,0,0,5.33378041372555e-05,0.0462883540911364,0,0,0,0,0,0,0,0,2.85624658058328e-05,0.00027942168108445,0,0,0,0,0.000248193241454243,0.0114959333342737,1.09131052378776e-05,0.00226838579011206,0.00274579238759056,0.00016234687011379,0.0343068183931224,0.000246834585984081,0.000539151721256432
0.000371163069531739,0,0.000741992405960969,0.000201008598494036,0.00046627637756429,2.43525621108638e-05,0,0,5.46953669067485e-05,0,0,0,0,0,0,0,0,0,0,0.000231045973754679,6.24947226416451e-05,0,2.88680951349829e-05,0,0,0,0,0,0,0,0,0.0896412014083367,0.0613826731982709,0.245256396890912,0.20212215021487,0.000610524139419588,0.000492326120043194,0.00343821947601177,0.0151502587438153,0.000345400065557991,0.00107762768973229,0.000304635120066327,0.00130555179228625,0,0,0.000715763680764143,0.000629676118917921,0,0.113739913473554,0.0315392959476004,0.000515167688233628,0,0,0,0,0,4.3121104117108e-05,5.03172975945078e-05,0,0,0,0,0,1.45110837501071e-05,0,0,0,0,0,0,0,0,0,0,0.449081901757243,0.295216685159335,0.0139699952412198,0.0292237945602326,0.00116314837422262,0.00374682791169735,0.000184399430947747,1.24908949373644e-05,0.00480998347109349,1.30341236396459e-05,0.0263874699532017,0,0
0.00666421550126632,0.000287824097984991,0.00399804858290095,0.000214657743677818,0.0014955294674441,0,0,0,0.00294282034711064,7.69167855364978e-05,0,0,0,0,0,0,4.83850891452127e-06,8.6073494974234e-06,0.000167219706790259,0,0.000588983464011925,0,0.00235566275755703,0,0.00766087646016995,0,0,0,0,0,0,0.00171224221149679,0,0.00195832414492448,0.000278306476594143,0.000265372645754419,0.000623289568524026,8.95167298873989e-05,0.012621918311434,1.16275662091722e-05,0.00893824364787514,0.00100075869076879,0.00921336697494033,0,0,0.00106667772747759,0.00202421243207361,0.113739913473554,0,0.012291804289404,0.000744984773766938,0,9.37668451785915e-05,0,0.000773659685827345,0,7.33002277114907e-05,3.0847935707126e-05,9.47371795448273e-05,1.81583534904044e-05,0.000279456569239662,0,0,0.000297111885905891,0,0.00526009863878205,0,0.010459977848024,0,0.00704924987774526,0,0.00742251251827352,0,3.76772148011202e-05,0.00350942124864905,3.4764910527391e-05,9.73486282303271e-05,0.000487848613997185,4.84845887179074e-06,0.00137511645687221,4.65300320772908e-05,0.00592448339975884,0.00273817825336659,0.000101534482566076,0.0194802321993211,0,0
0.000250637626440731,0.0160679849038635,0,0.00109487580988588,5.02127949133427e-05,0.000164178898397469,0,0,7.97895156963706e-06,0.00677154418131938,0,0,0,0,0,3.29798159247119e-05,2.97845136176931e-05,5.182406301414e-05,0.000392347972517694,0.00018127118945948,0,0.000752452627587533,4.76409171079882e-06,0.0142003182240966,0,0,0,0,0,0,0,0.000262669128891835,0,3.61040518826617e-05,0,0.000292505177166635,3.24451589434136e-06,0.00934591869113782,4.61490989882349e-05,0.0163809326145443,3.18159887088346e-05,0.00399389170587554,0.00187805504640331,0,0,0.00186304045784913,7.83456718585771e-05,0.0315392959476004,0.012291804289404,0,0,2.24690041088055e-05,0,0,0,0.00208818038491651,0,0.000495560202639798,0,3.17746968414067e-05,0,0.000105832072067328,1.01555340734078e-05,0,0.0017451583609436,0,0.0118523622729232,0,0.00438259855329138,0,1.78901149316211e-05,0,0.000982165957737367,0,0.000258089352420697,0,1.91139158130292e-05,4.74860477986841e-05,0.00205222281652576,5.95602721677753e-06,0.00574258109430152,1.31751862575159e-05,0.00280886407628732,0.000113654025978356,0.0206735465176051,0.000284839551954137,1.74200410759689e-05
0,0,0.0188116068867121,0,0.0604224811440548,0,0.000571165343774091,0,0,0,0,0,0,0,0.0100450761240182,0,2.34673226055541e-05,0,4.73157223552785e-05,0,0.0193661869173398,0,0,0,0,0,0,0,0,0,0,0,0,0,0,0,2.31852355399314e-05,0,0,0,0.000897784335262811,1.06476775559315e-05,0.00070392211911713,0,0,0,0.000136778783854536,0.000515167688233628,0.000744984773766938,0,0,0,0.000910410833542184,0,0.000458926107967272,0,0.00546893797398629,0,4.66975343897927e-05,0,0,0,0,0.000151089251319683,0,0,0,0,0,0,0,0,0,4.41175689524869e-05,0,0,0,0,0,5.71411452456814e-06,0,3.76383776744374e-06,0.00121353906427069,2.2473486608067e-05,0.00593275009819188,0,0
0,0,0,0.00410120475993554,0,0.0174755660047602,0,0,0,0.00136690673835243,0,0,0,0,0,0.00101052941424514,0,0,0,0.00580998900483106,0,0,0,0,0,0,0,0,0,0,0,0,0,0,0,6.30660289066987e-05,0,0,0,0,0,1.80065915593691e-05,0,0,0,0,0,0,0,2.24690041088055e-05,0,0,0,0.0101290111983,0,9.51856391796513e-05,0,0.000335084461608889,0,0,0,0.00144188764645128,0.00104038346428925,0,0,0,0,0,0,0,0,0,0,0,0,0,0,0,0.000220355379650381,0,0,0,0.00159922558975928,3.42718850835336e-05,0.00102489858054492,0,0
0,0,0,0,0.00157272883993653,0,0.0255795788527918,0,0,0,0,0,0,0,0,0,0,0,0,0,0.00183403191357976,0,0,0,0,0,0,0,0,0,0,0,0,0,0,0,1.77318213377543e-05,0,0,0,3.49230210477036e-05,0,0,0,0,0,0,0,9.37668451785915e-05,0,0.000910410833542184,0,0,0,0,0,0.00828061808160957,0,0,0,0,0,0,0,0,0,0,0,0,0,0,0,0,0,0,0,0,0,0,0,0,0,0.000111055221399978,0.00022599520443547,0.000217878537060116,0,0
0,0,0,0,0,0.000373013469223214,0,0.0244925734350632,0,0,0,0.00923726088267082,0,0.000760827189691825,0,0,0,0,0,0,0,0,0,0,0,0,0,0,0,0,0,0,0,0,0,0,0,0,0,0,0,0,0,0,0,0,0,0,0,0,0,0.0101290111983,0,0,0,0,0,0.000248988655961908,0,0,0,0,0,0,0,0,0,0,0,0,0,0,0,0,0,0,0,0,0,0,0,0,0.000260539855429565,0,0,0,0
0.0429953567827346,0,0.0429555225234632,0,0,0,0,0,0.0310161990941971,0,0,0,0,0,0.0125010935971741,0,6.54730813629753e-05,0,0,0,0,0,0,0,0.0273263737604165,0,0.00514493495109084,0,0,0,0,0,0,0,0,0,0,0,0.00157585490662458,0,0,0,7.35299038557985e-05,0,0,0,0,0,0.000773659685827345,0,0.000458926107967272,0,0,0,0,0,0,0,0,0,0.0405628801841213,0,0,0,0,0,0,0.0315655332775226,0,0,0,0,0,0,0,0,0,0,0,0,0,0.00356801837741737,5.15990258416101e-05,0,0.000288135777785282,0,0
0,0.0267604574775977,0,0.0588772576061884,0,0.000798317501905443,0,0,0,0.166209029679622,0,0,0,0,0,0.122028658680481,0,0,0.000229022528208802,0,0,0,0,0.00144190466080773,0,0.00109373772960898,0,0,0,0,0,0,0,0,0,0,0,0.000419265769390367,0,2.78471014434039e-05,0,0.0023564712204244,0,0,0,0,0,0,0,0.00208818038491651,0,9.51856391796513e-05,0,0,0,0,0,0.000404830231508712,0,0,0,0.050721117927633,0.000195388072512728,0,0,0,0.0406011811651844,0,0,0,0,0,0.000337135079071564,0,0,0,3.24553812659583e-05,0,0,0,0.000665384439983243,0,0.000484281681731135,6.75311464522281e-05,0.00903991940186638,0.000250232326968539,0
0,0,0.00418811367330109,0,0.000674986873049781,0,0.00656498114320129,0,0,0,0.0685346632990243,0,0.0185996904675814,0,0,0,0.000100538130885316,7.5184537424566e-06,0.0017490707922573,0,0.00971781182937709,0,0,0,0,0,0,0,0.00100254374265585,0,9.13489795672201e-05,0,0,0,0,0,0.00148148557664043,0,0.00993316493577047,6.45026950267698e-06,0.00055082950159549,5.33019298458605e-05,0.024724439957212,0,0,7.18326355478088e-05,0.00082792769612211,4.3121104117108e-05,7.33002277114907e-05,0,0.00546893797398629,0,0.00828061808160957,0,0,0,0,1.54721834736814e-05,0.00263481770029708,0,0,0,0,0.012067403126917,0,0,0,0,0,0,0,0.00152619273762006,0,0.0149402410640184,0,0,0,0,8.32954318145417e-06,9.04883020925846e-05,1.23013899232467e-05,0.000370346310078918,0.00302415660052606,0.000196163765855425,0.0247490977249373,1.50643272626809e-05,0.0095184126717122
0,1.25950727896577e-05,0,0.0104325862302276,0,0.00026601774348574,0,0.00304504660102809,0,4.11850519116548e-05,0,0.102445816004299,0,0.0571236608121284,0,0,7.88406455546811e-05,0.000191309571039091,0.00244247809239864,0.00219477437068269,0,0,0,0,0,0,0,0.00218662926657474,0,0.00878399427015085,0,0,0,0,0,4.0391252485691e-05,0,0.00217163918497072,0,0.00357384114578488,2.70623211977705e-05,0.0390929890695002,9.90486580581114e-05,0,0,0.00044224801594141,1.99902892116715e-05,5.03172975945078e-05,3.0847935707126e-05,0.000495560202639798,0,0.000335084461608889,0,0.000248988655961908,0,0.000404830231508712,1.54721834736814e-05,0,0,0.000323731394937507,0,0,0.00750844941352557,0,0,0,0,0,0,0,0,0,0.0476937130591256,0,0,0,0,0,0.000449061349787007,1.85957157588037e-05,0.000150840312930625,0,0.000573079781129735,5.58178931114069e-05,0.0285474084910226,0.00570925505520697,0
0,0,0.0055916248586909,0,0,0,0,0,0,0,0.0275278653384181,0,0.0158777726387235,0,0.00741422562593909,0,0,0,1.94590922184099e-05,0,0,0,0,0,0,0,0,0,0.000358822872632973,0,0,0,0,0,0,0,0,0,0,0,7.70816177570873e-05,0,0.000245957630039132,0,0,0,6.80322098804914e-06,0,9.47371795448273e-05,0,4.66975343897927e-05,0,0,0,0,0,0.00263481770029708,0,0,0,0.00262514546034396,0,0,7.99989522220893e-06,0,0,0,0,0,0,0,0,0,2.94620393662026e-05,0,0,0,0,1.11179974970823e-06,8.90976903454081e-06,0,0,0.00171361188163549,0.000999631596580026,0.000484923920504335,0,0.000104121675128426
0,0,0,0.00146617463855578,0,4.09682675954585e-05,0,0.00110784129902907,0,0,0,0.00524297726177918,0,0.124814505654753,0,0.00337721779207592,0,2.7361358810807e-06,0,0,0,0,0,0,0,0,0,0.00744406952646024,0,0.000770706660012916,0,0,0,0,0,0,0,0,0,0,0,4.62755712249603e-05,0,0,0,7.22025967993012e-06,1.31735431404661e-05,0,1.81583534904044e-05,3.17746968414067e-05,0,0,0,0,0,0,0,0.000323731394937507,0,0,0,0.0125337924613313,7.17035818556305e-06,0,0,0,0,0,0,0,0.00303492068464594,0,8.18149506781894e-06,0,0,0,0,0,3.67841784822229e-06,0,2.33911537400421e-06,0,0.00153655104210785,0.00209042591450793,0.00021015839740304,1.06037470901346e-05,0
0.02545611531771,0,0.00145726686365011,0,0,0,0,0,0.0224006041772561,0,0,0,0.000503430659827109,0,0.00700098315769748,0,0,0,0,0,0,0,0,0,0,0,0,0,0,0,0,0,0,0,0,0,0,0,0,0,1.79925959875593e-05,0,0,0,0,0,0,0,0.000279456569239662,0,0,0,0,0,0.0405628801841213,0,0,0,0.00262514546034396,0,0,0,0,0,0,0,0,0.000433615995180416,0,0,0,0,0,0,0,0,0,0,0,0,0,0,0.00013095752739856,0,0.000100032047733769,0,0
0,0.0581335596841277,0,0.000568475597110429,0,0.00405031755698679,0,0,0,0.0102845280102302,0,0,0,0.0960502201627127,0,0.0597840451176064,0,0.00478411606099211,0,0,0,0,0,0,0,0,0,0,0,0,0,0,0,0,0,0,0,0,0,0,0,1.83461800276277e-05,0,0,0,0,0,0,0,0.000105832072067328,0,0.00144188764645128,0,0,0,0.050721117927633,0,0,0,0.0125337924613313,0,0,0,0,0,0,0.00158563244639078,0,0.00175355153716212,0,0,0,0,0,0,0,0,0,0,0,0,0,0.000963591000199781,0.000146671652326854,0.000277778696733161,0,0
0,0,0,0.00055098953994033,0,0.000319908908813915,0,0,0,1.87790914170701e-05,0,0.0178999601436398,0,0,0,0,8.51930354760192e-05,9.34062563428816e-05,0.00114952485601756,0.152376719891075,0,0,0,0,0,0,0,0,0,0,0,0,0,0,0,0.0173425841054374,0,0.00292752736958734,0,0.0228338888408229,0,0.00528774546920778,2.63644310458833e-05,0,0,0.035760566746138,5.33378041372555e-05,0,0,1.01555340734078e-05,0,0.00104038346428925,0,0,0,0.000195388072512728,0,0.00750844941352557,0,7.17035818556305e-06,0,0,0,0,0,0,0,0,0,0,0,0,0.0026910157433979,0,0,0,0,0,0.0113956476254042,1.24703733168609e-06,0.00679161617386119,0,0.00160845074053579,2.72236690937161e-05,0.0127184008547296,0.000263835825476612,0
9.63452553839981e-05,0,0.000903089213503136,0,7.94898676732608e-05,0,0.000144808223610524,0,0,0,0.0179647482075353,0,0,0,0,0,0.000227788054037178,1.72839671240147e-05,0.000928533980001262,0,0.0315311509989827,0,0,0,0,0,0,0,0,0,0,0,0,0,0,0,0.00627369351594195,0,0.000155804279758057,9.69182242826626e-05,0.0325686649132624,8.72586278820677e-05,0.00249898027485785,0,0,4.5355095268245e-06,0.0462883540911364,1.45110837501071e-05,0.000297111885905891,0,0.000151089251319683,0,0,0,0,0,0.012067403126917,0,7.99989522220893e-06,0,0,0,0,0,0,0,0,0,0,0,0,0,0,0.001002463757187,0,0,0,0,1.58551330881209e-05,0.00802250601510325,0,0.00266560468059846,0.00148854101218441,0.000158332677799682,0.0140366769217685,0,0.000469797342136018
0,0,0,0,0,0,0,0,0,0,0,0,0,0,0,0,0,0.00224711789407459,0,0,0,0.11343437370899,0.00339141645335602,0.00385183229758176,0,0.0152953019045996,0,0.00223449735718377,0,0,0,0,0,0,0,0,0,0.00253584886157646,0,0,0,0,0,0,0,0,0,0,0,0.0017451583609436,0,0,0,0,0,0,0,0,0,0,0,0,0,0,0,3.19577877480534e-05,0.0158429193070025,0,3.65086850804067e-05,0,0.00123101240661605,0,0,0,0,0,0,0,0,0,0.00263848758100675,0,0.00253067510510073,8.82236634058024e-05,0,0,0
0,0,0,0,0,0,0,0,0,0,0,0,0,0,0,0,0.00106869384914366,0,0,0,0,0.00125084826303867,0.147062711475766,0,0.00254777770867958,0,0.00543552358982935,0,0.00128022808438097,0,0,0,0,0,0,0,0,2.74713798853613e-05,0.00381189683344012,0,0,0,0,0,0,0,0,0,0.00526009863878205,0,0,0,0,0,0,0,0,0,0,0,0,0,0,0,3.19577877480534e-05,0,0,0.00492550954273331,0,0.00281321157795815,0,0.00538428382091696,0,0,0,0,0,0,0,0,0,0.000764331292728657,0.00490399373578849,7.30469086362572e-06,0.000320485580894913,0,0
0,0.000445351105288822,0,0,0,0,0,0,0,0.00697853911318291,0,0,0,0,0,0.0104300156367809,0,8.42111898499007e-05,0,0,0,0.00900851879428469,0,0.210319803495427,0,0.213947226403482,0,0,0,0,0,0,0,0,0,0,0,0.00496081219522768,0,0,0,0,0,0,0,0,0,0,0,0.0118523622729232,0,0,0,0,0,0.0406011811651844,0,0,0,0,0,0.00158563244639078,0,0,0.0158429193070025,0,0,0,0.00627847421907974,0,0,0,0,0,0,0,2.67639285443191e-05,0,0,0,0.00780216238050009,0,0.000487849283329675,0,0.00550707298569897,0,0
0,0,0,0,0,0,0,0,0.00071162180304642,0,0,0,0,0,0,0,0.00292045802759669,0,0,0,0,0,0.00664307029635476,0,0.0812030008145899,0,0.0762484935105388,0,0,0,0,0,0,0,0,0,0,0,0.00901680159100265,0,0,0,0,0,0,0,0,0,0.010459977848024,0,0,0,0,0,0.0315655332775226,0,0,0,0,0,0.000433615995180416,0,0,0,0,0.00492550954273331,0,0,0,0.0206687138754371,0,9.94261892124787e-05,0,0,0,0,0,0,0,0,0,0.00171704999813571,0.000578382955203228,0,0.00983087566118148,0,0
