0,0,104.478990733624,0,0,0,0,0,47.4117339849472,0,0,0,0,0,22.7807313799858,0,0,0,4.88782334327698,0,0,0,0,0,0,0,0,0,0,0,0,0,0,0,0,0,0,0,0,0,0,0,3.8322931304574,0,0,0,0,23.6542080938816,39.7635093033314,0,0,0,0,0,0.675172507762909,0,0.324389159679413,0,0,0,2.29386639595032,0,0,0,0,0,0,0,0,0,0,0,0,0,0,0,0,0,0,0,0,0,401.494433321059,0,36.435796007514,0,0
0,0,0,48.6444371789694,0,0,0,0,0,349.782135665417,0,0,0,0,0,0,0,0,22.7294811755419,0,0,0,0,0,0,0,0,0,0,0,0,0,0,0,0,0,0,2.38208626955748,0,0,0,77.2954595461488,0,0,0,0,0,0,0,31.8812328577042,0,0,0,0,0,170.299250409007,0,0,0,0,0,0,0,0,0,0,0,0,0,0,0,0,0,0,0,0,0,0,0,0,0,0,110.714816376567,0,124.918419837952,0,0
104.478990733624,0,0,0,2.29455518722534,0,0,0,107.543395161629,0,0,0,0,0,0,0,0,0,0,0,0,0,0,0,0,0,0,0,0,0,0,0,0,0,0,0,0,0,0,0,0,0,14.1985309869051,0,0,0,0,0,123.198212176561,0,0,0,0,0,66.9721525907516,0,0,0,0,0,0,0,0,0,0,0,0,0,0,0,0,0,0,0,0,0,0,0,0,0,0,0,18.7601894587278,0,811.849747240543,0,0
0,48.6444371789694,0,0,0,329.367112606764,0,0,0,172.918475061655,0,2.69641038775444,0,0,0,0,0,0,0,0.286500722169876,0,0,0,0,0,0,0,0,0,0,0,0,0,0,0,0,0,8.36668445914984,0,0,0,159.445171833038,0,0,0,477.580704391003,0,0,0,7.61801870167255,0,0,0,0,0,139.168761789799,0,0.692013442516327,0,0,0,0,0,0,0,0,0,0,0,0,0,0,0.250283867120743,0,0,0,0,0,0,0,1.16919547319412,0,69.1815812811255,4.32083511352539,347.541822873056,0,0
0,0,2.29455518722534,0,0,0,0,0,0,0,0,0,0,0,0,0,0,0,0,0,0,0,0,0,0,0,0,0,0,0,0,0,0,0,0,0,0,0,0,0,0,0,0,0,0,0,0,0,0,0,0,0,0,0,0,0,0,0,90.8726878166199,0,0,0,0,0,0,0,0,0,0,0,0,0,0,0,0,0,0,0,0,0,0,0,0,0,0,0,0
0,0,0,329.367112606764,0,0,0,60.6771101951599,0,96.334902971983,0,0,0,28.2213937044144,0,51.3982018232346,0,0,0,0.964098811149597,0,0,0,0,0,0,0,0,0,0,0,0,0,0,0,1.35123436152935,0,0,0,0,0,0,0,0,0,153.859867632389,0,0,0,0,0,1297.36975377798,0,0,0,0,0,3.40094029903412,0,11.9756634831429,0,6.5638484954834,0.243071720004082,0,0,0,0,0,0,0,0,0,0,0,0,0,0,0,0,0,0,0,946.729721933603,6.3867015838623,354.016715735197,0,0
0,0,0,0,0,0,0,0,0,0,0,0,0,0,0,0,0,0,0,0,0,0,0,0,0,0,0,0,0,0,0,0,0,0,0,0,0,0,0,0,0,0,0,0,0,0,0,0,0,0,0,0,0,0,0,0,0,0,0,0,0,0,0,0,0,0,0,0,0,0,0,0,0,0,0,0,0,0,0,0,0,0,20.0086123943329,0,0,0,0
0,0,0,0,0,60.6771101951599,0,0,0,0,0,0,0,82.3616598844528,0,1.12064576148987,0,0,0,0,0,0,0,0,0,0,0,0,0,0,0,0,0,0,0,0,0,0,0,0,0,0,0,0,0,0,0,0,0,0,0,16.2774167656898,0,67.305745780468,0,0,0,0,0,40.8954567909241,0,0,0,0,0,0,0,0,0,0,0,0,0,0,0,0,0,0,0,0,0,0,101.663363575935,0,0,0,0
47.4117339849472,0,107.543395161629,0,0,0,0,0,0,0,0,0,0,0,14.3681137561798,0,631.998021349311,25.096656024456,13.4569575488567,0,0,0,0,0,0,0,0,0,0,0,0,0,0,0,21.1015769690275,0,0,0,91.251229390502,0,0,0,3.15051363408566,0,0,0,0,167.003930836916,3.07404160499573,0,0,0,0,0,462.288636550307,0,0,0,0,0,0,0,0,0,0,0,0,0,0,0,0,0,0,0.19185982644558,0,0,0,1.08999209105968,0,0,0,70.3594044297934,632.663573637605,237.871538996696,2.74643820524216,0,0.452545046806335
0,349.782135665417,0,172.918475061655,0,96.334902971983,0,0,0,0,0,0,0,0,0,67.8140357583761,0.263773143291473,1018.11329697073,34.0836299657822,0.941025972366333,0,60.7389980852604,0,90.8502989932895,0,244.737216487527,0,0,0,0,0,0,0,0,0,0,0,16.4981491267681,0,0,0,128.030708312988,0,0,0,18.482344686985,0,0,0,14.4929930120707,0,0,0,0,0,418.462812125683,0,0,0,0,0,42.8612839281559,0,0,3.49911606311798,0,20.0294471383095,0,14.2927864044905,0,0,0,0,0,0,0,0,0,0,0,2.16897612810135,0,693.239251464605,3.3473271727562,196.937960512936,0.598627030849457,0
0,0,0,0,0,0,0,0,0,0,0,0,48.2100205421448,0,0,0,0,0,0,0,22.4445874094963,0,0,0,0,0,0,0,0,0,49.5780192613602,0,0,0,0,0,5,0,406.153157711029,0,0,0,0,0,0,0,0,0,0,0,0,0,0,0,0,0,631.275772988796,0,0,0,0,0,0,6.06122280657291,0,0,0,0,0,0,0,0,0,274.803341984749,0,0,0,0,0,0,0,0,170.160985946655,0,0,0,0
0,0,0,2.69641038775444,0,0,0,0,0,0,0,0,0,17.4983712434769,0,0,0,18.7668564468622,54.7776851505041,51.0397363752127,0,0,0,0.460717529058456,0,0,0,19.3385861366987,0,70.9542636275291,0,0,0,0,0,129.836607515812,0,226.655831068754,0,0,0,41.6357038766146,0,25.440337896347,0,267.346085593104,0,0,0,0.273455858230591,0,0,0,0,0,0,0,364.962079524994,0,9.61382085084915,0,0,77.1057232767344,0,4.77744497358799,0,0.311419129371643,0,0,0,87.185519836843,0,191.916713625193,0,0,0,0,0,0,0,123.328255660832,0,74.4787721633911,0,42.8972877413034,0.243534490466118,0
0,0,0,0,0,0,0,0,0,0,48.2100205421448,0,0,0,0,0,0,0,0,0,0,0,0,0,0,0,0,0,0,0,0,0,0,0,0,0,0,0,0,0,0,0,0,0,0,0,0,0,0,0,0,0,90.7429333925247,0,0,0,0,0,73.3829845786095,0,0,0,0,0,0,0,0,0,0,0,0,0,0,0,0,0,0,0,0,0,0,0,48.5121273994446,0,0,0,0
0,0,0,0,0,28.2213937044144,0,82.3616598844528,0,0,0,17.4983712434769,0,0,0,48.9623340964317,0,29.7601350843906,0,0,0,0,0,0,0,0.973294794559479,0,42.3061778247356,0,0,0,0,0,0,0,0,0,0,0,0,0,0,0,0,0,0,0,0,0,0,0,5.3926055431366,0,0,0,0,0,3.46481195092201,0,435.059933185577,0,0,0,0,0,0,0,0,0,0,0,0,0,0,0,0,0,0,0,0,0,0,195.869462609291,10.5401395857334,0,0,0
22.7807313799858,0,0,0,0,0,0,0,14.3681137561798,0,0,0,0,0,0,0,75.3234815001488,0.316742479801178,0.412682741880417,0,0,0,0,0,0,0,0.694455087184906,0,0,0,0,0,0,0,0,0,0,0,0,0,0,0,2.56314040720463,0,0,0,0,17.3279378935695,9.03314425051212,0,0,0,0,0,0,0,0,0,0,0,103.807614326477,0,0,0,0,0,0,0,0,0,0,0,0,0,0,0,0,0,0,0,0,0,108.334213711321,0,0,0,0
0,0,0,0,0,51.3982018232346,0,1.12064576148987,0,67.8140357583761,0,0,0,48.9623340964317,0,0,0,542.250226631761,0,0,0,3.99725270271301,0,2.0673323571682,0,259.404549568892,0,0,0,0,0,0,0,0,0,0,0,0,0,0,0,0.143509045243263,0,0,0,0,0,0,0,0,0,66.1493487358093,0,0,0,13.3208104074001,0,0,0,52.9103581905365,0,313.530133038759,0,0,0.788038015365601,0,0,0,45.8292964249849,0,0,0,0,0,0,0,0,0,0,0,0,0,646.455640926957,21.3258280754089,0,0,0
0,0,0,0,0,0,0,0,631.998021349311,0.263773143291473,0,0,0,0,75.3234815001488,0,0,11271.3961996585,3034.60481501371,0,1.6195005774498,5.26696249842644,3.22186815738678,0,0,0,222.750974163413,0,0,0,0,0,0,0,0,0,0,0,0,0,0,7.64366406202316,193.517871379852,0,6.01504056155682,0,4.07846993207932,0,22.8695791810751,0,0,0,0,0,56.9316348731518,0,0,0,0,0,0,0,0,18.2166390419006,0.403679430484772,0,0,0,0,0,0,0,0,57.4045644849539,0,0,0,0,0,0,0,396.847695447505,8561.04750922322,751.45888748765,425.882217019796,0,42.3730319738388
0,0,0,0,0,0,0,0,25.096656024456,1018.11329697073,0,18.7668564468622,0,29.7601350843906,0.316742479801178,542.250226631761,11271.3961996585,0,4750.2327041924,1.6778726875782,0,1306.44692496955,0,462.307185679674,0,2432.19730992615,0,216.345271229744,0,1.26454126834869,0,0,0,0,0,0,0,48.1083516925573,0,0,0,841.378542840481,14.7772282063961,102.993798062205,0.582335352897644,0,0.187075555324554,0,0.650069117546082,0,0,0,0,0,3.50654363632202,95.9563215374947,0,16.3548367470503,0,0,0,103.10094037652,7.78625025600195,0,68.6554275751114,0,70.7536301314831,0,110.648734211922,0,3.72126497328281,0,22.5302217900753,0,0,0,0,0,0,0,102.417055942118,6.92340569198132,16672.7354250625,2218.70289188623,290.112169519067,71.0774182677269,19.6489414274693
4.88782334327698,22.7294811755419,0,0,0,0,0,0,13.4569575488567,34.0836299657822,0,54.7776851505041,0,0,0.412682741880417,0,3034.60481501371,4750.2327041924,0,14.072392821312,4.79832035303116,3.57282921671867,0,2.48578709363937,0,20.6256095767021,0,0,0,2.41280992329121,0,0,0,0,0,0,0,94.8419211506844,0,0,0,1957.92508719116,1525.21256914735,1902.58479371667,179.944292962551,12.705981194973,98.5331747829914,0,21.5379425436258,1.80702102184296,0,0,0,0,0,0.39646252989769,0,52.5872775316238,0,0,0,0,35.017388522625,68.3907467573881,5.00921477377415,0,0.786231994628906,0,0,0,7.13890662789345,0,76.8877079188824,76.7406006604433,0,0,0,0,0,0,177.149034321308,601.024567611516,2731.90177182853,2.83991727232933,4963.76323034614,263.027444116771,548.603692032397
0,0,0,0.286500722169876,0,0.964098811149597,0,0,0,0.941025972366333,0,51.0397363752127,0,0,0,0,0,1.6778726875782,14.072392821312,0,0,0,0,0,0,0,0,0,0,0,0,0,0,0,0,289.938597798347,0,110.80039934814,0,0,0,7.20382483303547,0,12.9000153839588,0,131.787803716958,0,0,0,0,0,0,0,0,0,0,0,155.996569007635,0,0,0,0,611.142855376005,0,1.14857813715935,0,0,0,0,0,2.97100543230772,0,40.6262643486261,0,0,0,0,0,69.2355074584484,0,78.250863827765,0,324.286900103092,0,66.6573032438755,0,0
0,0,0,0,0,0,0,0,0,0,22.4445874094963,0,0,0,0,0,1.6195005774498,0,4.79832035303116,0,0,0,0,0,0,0,0,0,0,0,0,0,0,0,0,0,866.986362293363,0,29.8631086423993,0,3.51361453533173,0,18.9526565372944,0,0,0,1287.30790878832,0,0,0,0,0,0,0,0,0,319.119887590408,0,0.589759886264801,0,0,0,0,2829.9735481441,0,0,0,0,0,0,0,0,0,18.4776209890842,0,0,0,0,0,587.990979515016,0,646.949840314686,251.29922889173,0,94.2312686443329,0,2.0439338684082
0,0,0,0,0,0,0,0,0,60.7389980852604,0,0,0,0,0,3.99725270271301,5.26696249842644,1306.44692496955,3.57282921671867,0,0,0,41.5652136206627,0.507596254348755,0,152.525401741266,0,44.848217472434,0,0,0,0,0,0,0,0,0,376.348881214857,0,0,0,0.171199947595596,0,0,0,0,0,0,0,0,0,0,0,0,0,0.142951101064682,0,28.7931309044361,0,0,0,0,0,0,1906.10312566161,0,3.62175476551056,0,1.27527391910553,0,226.51237885654,0,6.2725734859705,0,0,0,0,0,0,0,18.3299071490765,0,506.167746394873,0,0,0,0
0,0,0,0,0,0,0,0,0,0,0,0,0,0,0,0,3.22186815738678,0,0,0,0,41.5652136206627,0,0,30.7378890663385,0,1.65760791301727,0,19.7369309067726,0,0,0,0,0,0,0,0,0,901.611907422543,0,0,0,0,0,0,0,0,128.701174989343,155.61082740128,0,0,0,0,0,0,0,0,0,0,0,0,0,0,0,4.86093652248383,1140.45287486911,0,83.9953622967005,0,0,0,33.645636677742,0,0,0,0,0,104.536480173469,0,0,0,756.159056484699,214.311738863587,112.466377496719,0,0,0
0,0,0,0,0,0,0,0,0,90.8502989932895,0,0.460717529058456,0,0,0,2.0673323571682,0,462.307185679674,2.48578709363937,0,0,0.507596254348755,0,0,0,57.3569241166115,0,0,0,0,0,0,0,0,0,0,0,55.4016894698143,0,0,0,0,0,0.26008403301239,0,0,0,0,0,0,0,0,0,0,0,0,0,1.22354552149773,0,0,0,0,0,0,3.82065409421921,0,151.604597449303,0,9.71837961673737,0,68.9014629721642,0,0,0,0,0,0,0,0,0,0,0,572.220606818795,0,0,0,0
0,0,0,0,0,0,0,0,0,0,0,0,0,0,0,0,0,0,0,0,0,0,30.7378890663385,0,0,0,0,0,0,0,0,0,0,0,0,0,0,0,0,0,0,0,0,0,0,0,0,15.7630605697632,0,0,0,0,0,0,0,0,0,0,0,0,0,0,0,0,0,1.24614462256432,0,2,0,0,0,0,0,0,0,0,0,0,0,0,0,0,0,0,0,0,0
0,0,0,0,0,0,0,0,0,244.737216487527,0,0,0,0.973294794559479,0,259.404549568892,0,2432.19730992615,20.6256095767021,0,0,152.525401741266,0,57.3569241166115,0,0,0,73.1574701070786,0,0,0,0,0,0,0,0,0,0,0,0,0,0,0,0,0,0,0,0,0,0,0,0,0,0,0,9.90060806274414,0,0,0,0,0,41.1098498255014,0,0,11.5758460760117,0,16.3249995708466,0,188.2048856318,0,0.164193764328957,0,1.40378999710083,0,0,0,0,0,0,0,0.89963673055172,0,943.995262756944,0,4.76148104667664,0,0
0,0,0,0,0,0,0,0,0,0,0,0,0,0,0.694455087184906,0,222.750974163413,0,0,0,0,0,1.65760791301727,0,0,0,0,0,0,0,0,0,0,0,0,0,0,0,0,0,0,0,0,0,0,0,0,0,0,0,0,0,0,0,0,0,0,0,0,0,0,0,0,0,0,0,0,0,0,0,0,0,0,0,0,0,0,0,0,0,0,0.70054817199707,18.8066473156214,0,0,0,0
0,0,0,0,0,0,0,0,0,0,0,19.3385861366987,0,42.3061778247356,0,0,0,216.345271229744,0,0,0,44.848217472434,0,0,0,73.1574701070786,0,0,0,0,0,0,0,0,0,0,0,0,0,0,0,0,0,0,0,1.86605086922646,0,0,0,0,0,0,0,0,0,0,0,82.0481128692627,0,0,0,0,1.11519035696983,0,126.713390350342,0,0,0,1.48779374361038,0,236.455851763487,0,50.1369258612394,0,0,0,0,0,0,0,0,0,229.096241265535,56.1913987398148,0,0,0
0,0,0,0,0,0,0,0,0,0,0,0,0,0,0,0,0,0,0,0,0,0,19.7369309067726,0,0,0,0,0,0,0,0,0,0,0,0,0,0,0,0,0,0,0,0,0,0,0,0,0,0,0,0,0,0,0,0,0,0,0,0,0,0,0,0,0,0,0,0,0,0,0,0,0,0,0,0,0,0,0,0,0,0,0,9.98808622360229,0,0,0,0
0,0,0,0,0,0,0,0,0,0,0,70.9542636275291,0,0,0,0,0,1.26454126834869,2.41280992329121,0,0,0,0,0,0,0,0,0,0,0,0,0,0,0,0,0,0,0,0,0,0,0.24745000898838,0,0,0,15.4139428436756,0,0,0,0,0,0,0,0,0,0,0,56.0215581357479,0,0,0,0,0.56022210419178,0,0,0,0,0,0,0,2.85742817819118,0,185.606529712677,0,0,0,0,0,0,0,0.999494194984436,0,0,0,3.47004003822803,0,0
0,0,0,0,0,0,0,0,0,0,49.5780192613602,0,0,0,0,0,0,0,0,0,0,0,0,0,0,0,0,0,0,0,0,0,0,0,0,0,0,0,47.6334764957428,0,0,0,0,0,0,0,0,0,0,0,0,0,0,0,0,0,3.6931380033493,0,0,0,0,0,0,0,0,0,0,0,0,0,0,0,0,18.0116412639618,0,0,0,0,0,0,0,0,0,0,0,0,0
0,0,0,0,0,0,0,0,0,0,0,0,0,0,0,0,0,0,0,0,0,0,0,0,0,0,0,0,0,0,0,0,992.889608055353,272.959778741002,4.37552344799042,429.178247272968,10.4325144886971,0,0,461.186142906547,536.325923249125,0,0,0,0,0.934678733348846,0,489.238672763109,23.9209285080433,185.90948112309,0,0,0,0,0,0,0,0,0,0,0,0,0,2.09132552146912,0,0,0,0,0,0,0,0,0,0,4156.64108841121,282.829349830747,396.868080273271,2.92489457130432,635.152340590954,387.217118725181,0,0,268.42778635025,0,63.1453862190247,0,0
0,0,0,0,0,0,0,0,0,0,0,0,0,0,0,0,0,0,0,0,0,0,0,0,0,0,0,0,0,0,0,992.889608055353,0,4.36867615580559,15.7758038640022,38.0574564188719,4,0,0,0,712.042496480048,0,0,0,0,0,0,834.782188668847,316.224481880665,0,0,0,0,0,0,0,0,0,0,0,0,0,0,28.7103218436241,0,0,0,0,0,0,0,0,0,0,575.667802363634,191.905020862818,0,15.1137585639954,1.15423727035522,306.686664551497,0,0,55.4331062138081,0,0,0,0
0,0,0,0,0,0,0,0,0,0,0,0,0,0,0,0,0,0,0,0,0,0,0,0,0,0,0,0,0,0,0,272.959778741002,4.36867615580559,0,414.644431561232,482.704004958272,1.48588991165161,17.0370798707008,0,0,0,0,0,0,0,0,0,781.650683194399,0,23.0536641329527,0,0,0,0,0,0,0,0,0,0,0,0,0,0,0,0,0,0,0,0,0,0,0,0,91.6536913663149,0,1339.76646313071,167.870719149709,349.169096663594,0,131.20320045948,0,152.363115012646,0,0.569139540195465,0,0
0,0,0,0,0,0,0,0,21.1015769690275,0,0,0,0,0,0,0,0,0,0,0,0,0,0,0,0,0,0,0,0,0,0,4.37552344799042,15.7758038640022,414.644431561232,0,0,422.129081919789,0,14.3030831068754,0,0,0,0,0,0,0,0,3353.929781124,18.2831016033888,2.05904746055603,0,0,0,0,10.0321408212185,0,0,0,0,0,0,0,0,0,0,0,0,0,0,0,0,0,0,0,0,101.804679781199,32.6042156517506,2664.88288456202,0,785.606010690331,0,43.1895640343428,246.339513778687,0,0,0,0
0,0,0,0,0,1.35123436152935,0,0,0,0,0,129.836607515812,0,0,0,0,0,0,0,289.938597798347,0,0,0,0,0,0,0,0,0,0,0,429.178247272968,38.0574564188719,482.704004958272,0,0,102.837961450219,97.6026773005724,0,17.0099771767855,29.0572495311499,0,0,0,0,166.801040485501,0,104.891909211874,12.3326500654221,2.21921157836914,0,0,0,0,0,0,0,0,0,0,0,0,186.947036921978,2.23796418309212,0,0,0,0,0,0,0,0,0,0,186.424265354872,34.6423762738705,41.7089055478573,0,12222.9552525952,168.79459849745,0,0,2297.55729371309,33.824643611908,141.235035806894,0,0
0,0,0,0,0,0,0,0,0,0,5,0,0,0,0,0,0,0,0,0,866.986362293363,0,0,0,0,0,0,0,0,0,0,10.4325144886971,4,1.48588991165161,422.129081919789,102.837961450219,0,0,1391.91864867508,0,85.1654568016529,0,0,0,0,75.7964859306812,177.449945166707,85.8819677829742,17.0604291260242,0,0,0,0,0,0,0,0,0,0,0,0,0,0,535.425833873451,0,0,0,0,0,0,0,0,0,0,43.4181425720453,0,0,12.1213076114655,3.84592667222023,10610.1688505262,0,942.427267536521,1118.22641031444,51.3927708566189,257.135026425123,0,0
0,2.38208626955748,0,8.36668445914984,0,0,0,0,0,16.4981491267681,0,226.655831068754,0,0,0,0,0,48.1083516925573,94.8419211506844,110.80039934814,0,376.348881214857,0,55.4016894698143,0,0,0,0,0,0,0,0,0,17.0370798707008,0,97.6026773005724,0,0,18.0428551435471,0,0,107.205143034458,0,20.9654113650322,0,270.997481316328,0,38.8970881104469,0,65.8340585082769,0,0,0,0,0,5.15859509259462,0,24.196066275239,0,0,0,0,27.5048542767763,0,163.061608552933,0,21.7707504034042,0,0,0,60.8693281412125,0,4.46935899555683,0,0,0,23.6806048154831,0,72.1803461909294,0,1766.26568053663,0,567.852033078671,0,65.4037671536207,0,0
0,0,0,0,0,0,0,0,91.251229390502,0,406.153157711029,0,0,0,0,0,0,0,0,0,29.8631086423993,0,901.611907422543,0,0,0,0,0,0,0,47.6334764957428,0,0,0,14.3030831068754,0,1391.91864867508,18.0428551435471,0,0,0,0,0,0,0,0,3.38709814846516,488.474792212248,132.452097594738,0,0,0,0,0,121.466847158968,0,73.9649799466133,0,0,0,2.04218506813049,0,0,44.6908073052764,0,136.292951002717,0,2,0,0,0,9.04267980158329,0,17.9376729428768,0,0,0,283.073419585824,0,206.432669639587,0,4282.52301838994,949.94072766602,24.0496057569981,1.0420156121254,0,0
0,0,0,0,0,0,0,0,0,0,0,0,0,0,0,0,0,0,0,0,0,0,0,0,0,0,0,0,0,0,0,461.186142906547,0,0,0,17.0099771767855,0,0,0,0,0,1009.67532852292,0,0,0,2967.04097130895,0,908.859620094299,0,1945.91995167732,0,0,0,0,0,0,0,0,0,0,0,0,16.3022914528847,0,0,0,0,0,0,0,0,0,0,0,879.513556495309,0,2.85903589427471,0,6530.46079598367,0,0,0,48.1231510043144,0,6879.23775455356,7.50872653722763,0
0,0,0,0,0,0,0,0,0,0,0,0,0,0,0,0,0,0,0,0,3.51361453533173,0,0,0,0,0,0,0,0,0,0,536.325923249125,712.042496480048,0,0,29.0572495311499,85.1654568016529,0,0,0,0,0,121.194852292538,0,0,1.04488945007324,528.983160316944,1738.0172509104,964.592911228538,0,0,0,0,0,0,0,0,0,0,0,0,0,0,1636.33905388415,0,0,0,0,0,0,0,0,0,0,1011.21649070829,214.855358451605,0,1.1984688937664,0,3274.39201526344,0,349.740732833743,221.222891047597,0,1627.13155052066,0,0
0,77.2954595461488,0,159.445171833038,0,0,0,0,0,128.030708312988,0,41.6357038766146,0,0,0,0.143509045243263,7.64366406202316,841.378542840481,1957.92508719116,7.20382483303547,0,0.171199947595596,0,0,0,0,0,0,0,0.24745000898838,0,0,0,0,0,0,0,107.205143034458,0,1009.67532852292,0,0,464.859495922923,183.555785387754,0,405.985006988049,0,146.779267787933,0,579.303176447749,0,0,0,0,0,56.522367104888,0,86.0518877953291,0,0,0,0,368.698199078441,2.78750824928284,1.12319292128086,0,0,0,0,0,7.37565027177334,0,91.5081399083138,1.18321621417999,0,0,0,0,315.842531636357,0,353.397329166532,0,1002.76050490141,0.659119978547096,7508.4567931518,510.538819983602,4.30860187113285
3.8322931304574,0,14.1985309869051,0,0,0,0,0,3.15051363408566,0,0,0,0,0,2.56314040720463,0,193.517871379852,14.7772282063961,1525.21256914735,0,18.9526565372944,0,0,0,0,0,0,0,0,0,0,0,0,0,0,0,0,0,0,0,121.194852292538,464.859495922923,0,0,14.3877874910831,0,414.597075335681,58.8309902101755,121.179975949228,0,0,0,0,0,7.45848077535629,0,7.22025838494301,0,0,0,6.10389428585768,0,0,212.185014396906,0,0,0,0,0,0,0,0,0,83.9857612252235,0,0,0,0,0,22.9330997169018,0,386.972696833313,1146.39880479127,26.5437074303627,8123.7508912459,8.21807162463665,251.181184113026
0,0,0,0,0,0,0,0,0,0,0,25.440337896347,0,0,0,0,0,102.993798062205,1902.58479371667,12.9000153839588,0,0,0,0.26008403301239,0,0,0,0,0,0,0,0,0,0,0,0,0,20.9654113650322,0,0,0,183.555785387754,0,0,0,0,0,0,0,0,0,0,0,0,0,0,0,50.5314593017101,0,0,0,0,32.4114944636822,1.13902986049652,1.06178636848927,0,0,0,0,0,5.37491479516029,0,36.7209798395634,0,0,0,0,0,0,0,49.4899008721113,0,43.4238293915987,0,327.202461659908,11.3300473690033,0
0,0,0,0,0,0,0,0,0,0,0,0,0,0,0,0,6.01504056155682,0.582335352897644,179.944292962551,0,0,0,0,0,0,0,0,0,0,0,0,0,0,0,0,0,0,0,0,0,0,0,14.3877874910831,0,0,0,29.7869844436646,0,0,0,0,0,0,0,0,0,0,0,0,0,0,0,0,4.91523218154907,0,0,0,0,0,0,0,0,0,0,0,0,0,0,0,0,0,0,5.54364424943924,0,104.89584338665,0,10.1916793882847
0,0,0,477.580704391003,0,153.859867632389,0,0,0,18.482344686985,0,267.346085593104,0,0,0,0,0,0,12.705981194973,131.787803716958,0,0,0,0,0,0,0,1.86605086922646,0,15.4139428436756,0,0.934678733348846,0,0,0,166.801040485501,75.7964859306812,270.997481316328,0,2967.04097130895,1.04488945007324,405.985006988049,0,0,0,0,0,12.7929553687572,0,44.8119630366564,0,0,0,0,0,17.0523934960365,0,199.488922759891,0,0,0,0,1118.54695636034,0,7.65239711105824,0,0,0,0,0,39.811065427959,0,195.909890070558,0,34.0497799068689,0,0,0,1249.74096035957,58.1465543806553,325.335991621017,0,308.054697528481,6.37191191315651,5424.41261298209,0,0
0,0,0,0,0,0,0,0,0,0,0,0,0,0,0,0,4.07846993207932,0.187075555324554,98.5331747829914,0,1287.30790878832,0,0,0,0,0,0,0,0,0,0,0,0,0,0,0,177.449945166707,0,3.38709814846516,0,528.983160316944,0,414.597075335681,0,29.7869844436646,0,0,34.4742776751518,414.82526845485,0,0,0,0,0,0,0,0,0,0,0,0,0,0,4971.35733748972,0,0,0,0,0,0,0,0,0,55.523013189435,0,0,0,0,0,1731.77543950081,0,379.364276871085,141.065937146544,0,6217.37459410727,0,34.6375973373652
23.6542080938816,0,0,0,0,0,0,0,167.003930836916,0,0,0,0,0,17.3279378935695,0,0,0,0,0,0,0,128.701174989343,0,15.7630605697632,0,0,0,0,0,0,489.238672763109,834.782188668847,781.650683194399,3353.929781124,104.891909211874,85.8819677829742,38.8970881104469,488.474792212248,908.859620094299,1738.0172509104,146.779267787933,58.8309902101755,0,0,12.7929553687572,34.4742776751518,0,1637.70752766728,3019.16007649899,0,0,0,0,236.679871596396,0,2.1592204272747,0,0,0,45.2945872321725,0,1.91673520207405,100.727743655443,0,44.6194303780794,0,20.7344365119934,0,0,0,0,0,0,1336.85191346705,29.940952822566,1173.69111743569,876.462766855955,97.0632037073374,479.334810942411,8.81201967597008,94.2131593376398,651.816797465086,0,484.19751304388,0,23.9846937954426
39.7635093033314,0,123.198212176561,0,0,0,0,0,3.07404160499573,0,0,0,0,0,9.03314425051212,0,22.8695791810751,0.650069117546082,21.5379425436258,0,0,0,155.61082740128,0,0,0,0,0,0,0,0,23.9209285080433,316.224481880665,0,18.2831016033888,12.3326500654221,17.0604291260242,0,132.452097594738,0,964.592911228538,0,121.179975949228,0,0,0,414.82526845485,1637.70752766728,0,0,0,0,0,0,0.804994754493237,0,26.3768923133612,0,0,0,8.45872574299574,0,0,84.2449503839016,0,158.37156163156,0,5.47741234302521,0,32.1826663613319,0,490.66886985302,0,81.4822630435228,296.64015468955,54.4223686307669,0,143.740454882383,0,1010.82782079279,0,318.411133334041,192.276351951063,0,2320.50396088511,0,9.499541208148
0,31.8812328577042,0,7.61801870167255,0,0,0,0,0,14.4929930120707,0,0.273455858230591,0,0,0,0,0,0,1.80702102184296,0,0,0,0,0,0,0,0,0,0,0,0,185.90948112309,0,23.0536641329527,2.05904746055603,2.21921157836914,0,65.8340585082769,0,1945.91995167732,0,579.303176447749,0,0,0,44.8119630366564,0,3019.16007649899,0,0,0,0,0,0,0,7.29729551076889,0,1.88799014687538,0,0,0,0,0.275032460689545,0,26.2947832196951,0,0,0,0,0,26.9927356392145,0,0,0,362.181458622217,0,127.642296761274,0,128.183723449707,0,1373.78878113627,0,371.365649282932,0,1680.78982031345,0,0
0,0,0,0,0,0,0,0,0,0,0,0,0,0,0,0,0,0,0,0,0,0,0,0,0,0,0,0,0,0,0,0,0,0,0,0,0,0,0,0,0,0,0,0,0,0,0,0,0,0,0,0,0,0,7.66546559333801,0,0,0,44.1767029762268,0,0,0,0,0,0,0,0,0,0,0,0,0,0,0,0,0,0,0,0,0,0,0,0,0,0,0,0
0,0,0,0,0,1297.36975377798,0,16.2774167656898,0,0,0,0,0,5.3926055431366,0,66.1493487358093,0,0,0,0,0,0,0,0,0,0,0,0,0,0,0,0,0,0,0,0,0,0,0,0,0,0,0,0,0,0,0,0,0,0,0,0,0,5,0,0,0,69.6577753126621,0,15.3169446587563,0,38.872328042984,0,0,0,0,0,0,0,0,0,0,0,0,0,0,0,0,0,0,0,0,32.060878276825,0,0,0,0
0,0,0,0,0,0,0,0,0,0,0,0,90.7429333925247,0,0,0,0,0,0,0,0,0,0,0,0,0,0,0,0,0,0,0,0,0,0,0,0,0,0,0,0,0,0,0,0,0,0,0,0,0,0,0,0,0,0,0,0,0,1.83376687765121,0,0,0,0,0,0,0,0,0,0,0,0,0,0,0,0,0,0,0,0,0,0,0,0,0,0,0,0
0,0,0,0,0,0,0,67.305745780468,0,0,0,0,0,0,0,0,0,0,0,0,0,0,0,0,0,0,0,0,0,0,0,0,0,0,0,0,0,0,0,0,0,0,0,0,0,0,0,0,0,0,0,5,0,0,0,0,0,0,0,0,0,0,0,0,0,0,0,0,0,0,0,0,0,0,0,0,0,0,0,0,0,0,0,0,0,0,0
0.675172507762909,0,66.9721525907516,0,0,0,0,0,462.288636550307,0,0,0,0,0,0,0,56.9316348731518,3.50654363632202,0,0,0,0,0,0,0,0,0,0,0,0,0,0,0,0,10.0321408212185,0,0,0,121.466847158968,0,0,0,7.45848077535629,0,0,0,0,236.679871596396,0.804994754493237,0,7.66546559333801,0,0,0,0,0,0,0,0,0,0.466344267129898,0,0,0,0,0,0,0,0,0,0,0,0,0,0,0,0,1.09629242122173,0,0,0,105.018964201212,112.524931848049,0,0,0,0
0,170.299250409007,0,139.168761789799,0,0,0,0,0,418.462812125683,0,0,0,0,0,13.3208104074001,0,95.9563215374947,0.39646252989769,0,0,0.142951101064682,0,0,0,9.90060806274414,0,0,0,0,0,0,0,0,0,0,0,5.15859509259462,0,0,0,56.522367104888,0,0,0,17.0523934960365,0,0,0,7.29729551076889,0,0,0,0,0,0,0,0,0,0,0,46.4418179541826,0,0,0.28540375828743,0,0,0,2.09497547149658,0,0,0,0,0,0,0,0,0,0,0,0,0,150.616019926965,0,106.754903316498,0,0
0.324389159679413,0,0,0,0,0,0,0,0,0,631.275772988796,0,0,0,0,0,0,0,0,0,319.119887590408,0,0,0,0,0,0,0,0,0,3.6931380033493,0,0,0,0,0,0,0,73.9649799466133,0,0,0,7.22025838494301,0,0,0,0,2.1592204272747,26.3768923133612,0,0,0,0,0,0,0,0,0,106.724404618144,0,0,0,0,665.05763655901,0,0,0,0,0,0,0,352.523832812905,0,282.062033995986,0,0,0,0,0,0,0,196.761809647083,71.2607458382845,0,666.807523429394,0,0
0,0,0,0.692013442516327,0,3.40094029903412,0,0,0,0,0,364.962079524994,0,3.46481195092201,0,0,0,16.3548367470503,52.5872775316238,155.996569007635,0,28.7931309044361,0,1.22354552149773,0,0,0,82.0481128692627,0,56.0215581357479,0,0,0,0,0,0,0,24.196066275239,0,0,0,86.0518877953291,0,50.5314593017101,0,199.488922759891,0,0,0,1.88799014687538,0,69.6577753126621,0,0,0,0,0,0,0,13.4593031108379,0,0,928.823955081403,0,98.6365870982409,0,14.351821988821,0,0.54940490424633,0,931.802304141223,0,263.140203952789,0,0,0,0,0,0,0,94.9128165692091,0,5.98896877467632,0,213.441677361727,0,0
0,0,0,0,90.8726878166199,0,0,0,0,0,0,0,73.3829845786095,0,0,0,0,0,0,0,0.589759886264801,0,0,0,0,0,0,0,0,0,0,0,0,0,0,0,0,0,0,0,0,0,0,0,0,0,0,0,0,0,44.1767029762268,0,1.83376687765121,0,0,0,106.724404618144,0,0,0,2.12526631355286,0,0,11.035928606987,0,0,0,0,0,17.9564647972584,0,178.701494693756,0,0,0,0,0,0,0,0,0,0,0,0,11.428314268589,0,0
0,0,0,0,0,11.9756634831429,0,40.8954567909241,0,0,0,9.61382085084915,0,435.059933185577,0,52.9103581905365,0,0,0,0,0,0,0,0,0,0,0,0,0,0,0,0,0,0,0,0,0,0,0,0,0,0,0,0,0,0,0,0,0,0,0,15.3169446587563,0,0,0,0,0,13.4593031108379,0,0,0,0,0,0,0,0,0,0,0.212497398257256,0,14.0221468508244,0,0,0,0,0,0,0,0,0,0,0,9.08818197250366,0,0,0,0
2.29386639595032,0,0,0,0,0,0,0,0,0,0,0,0,0,103.807614326477,0,0,0,0,0,0,0,0,0,0,0,0,0,0,0,0,0,0,0,0,0,0,0,2.04218506813049,0,0,0,6.10389428585768,0,0,0,0,45.2945872321725,8.45872574299574,0,0,0,0,0,0.466344267129898,0,0,0,2.12526631355286,0,0,0,0,0,0,0,0,0,0,0,0,0,0,0,0,0,0,0,0,0,0,1.40757942199707,37.7095104083419,0,0,0,0
0,0,0,0,0,6.5638484954834,0,0,0,42.8612839281559,0,0,0,0,0,313.530133038759,0,103.10094037652,0,0,0,0,0,0,0,41.1098498255014,0,0,0,0,0,0,0,0,0,0,0,0,0,0,0,0,0,0,0,0,0,0,0,0,0,38.872328042984,0,0,0,46.4418179541826,0,0,0,0,0,0,0,0,0,0,0,0,20.4019050598145,0,0,0,0,0,0,0,0,0,0,0,0,0,73.8742601126432,0,0,0,0
0,0,0,0,0,0.243071720004082,0,0,0,0,0,77.1057232767344,0,0,0,0,0,7.78625025600195,35.017388522625,611.142855376005,0,0,0,0,0,0,0,1.11519035696983,0,0.56022210419178,0,0,0,0,0,186.947036921978,0,27.5048542767763,0,16.3022914528847,0,368.698199078441,0,32.4114944636822,0,1118.54695636034,0,1.91673520207405,0,0.275032460689545,0,0,0,0,0,0,0,928.823955081403,0,0,0,0,0,0,3.55339182913303,0,0,0,0,0,27.537846788764,0,125.275927886367,0,1.46557751297951,0,0,0,145.122560381889,0,133.819584943354,0,160.030754894018,4.56462669372559,492.660637594759,0,0
0,0,0,0,0,0,0,0,0,0,6.06122280657291,0,0,0,0,0,18.2166390419006,0,68.3907467573881,0,2829.9735481441,0,0,0,0,0,0,0,0,0,0,2.09132552146912,28.7103218436241,0,0,2.23796418309212,535.425833873451,0,44.6908073052764,0,1636.33905388415,2.78750824928284,212.185014396906,1.13902986049652,4.91523218154907,0,4971.35733748972,100.727743655443,84.2449503839016,0,0,0,0,0,0,0,665.05763655901,0,11.035928606987,0,0,0,0,0,0,0,0,0,0,0,0,0,0,122.244720995426,46.8398063480854,10.603033810854,0,0,0,1026.54314757884,0,1151.77462345362,252.722295820713,0,1827.91699193418,0,27.1960635185242
0,0,0,0,0,0,0,0,0,3.49911606311798,0,4.77744497358799,0,0,0,0.788038015365601,0.403679430484772,68.6554275751114,5.00921477377415,1.14857813715935,0,1906.10312566161,4.86093652248383,3.82065409421921,0,11.5758460760117,0,126.713390350342,0,0,0,0,0,0,0,0,0,163.061608552933,0,0,0,1.12319292128086,0,1.06178636848927,0,7.65239711105824,0,0,0,26.2947832196951,0,0,0,0,0,0.28540375828743,0,98.6365870982409,0,0,0,0,3.55339182913303,0,0,0,0,0,0,0,441.721535950899,0,35.5733795389533,0,0,0,0,0,0,0,329.104505628347,0,88.9647549986839,0,4.15617284178734,0,0
0,0,0,0,0,0,0,0,0,0,0,0,0,0,0,0,0,0,0,0,0,0,1140.45287486911,0,1.24614462256432,0,0,0,0,0,0,0,0,0,0,0,0,0,136.292951002717,0,0,0,0,0,0,0,0,44.6194303780794,158.37156163156,0,0,0,0,0,0,0,0,0,0,0,0,0,0,0,0,0,0,257.783979192376,0,1.57668840885162,0,1.08954477310181,0,0.797344565391541,0,0,0,0,0,0,0,87.3659658581018,51.9434120953083,0,0,0,0
0,0,0,0,0,0,0,0,0,20.0294471383095,0,0.311419129371643,0,0,0,0,0,70.7536301314831,0.786231994628906,0,0,3.62175476551056,0,151.604597449303,0,16.3249995708466,0,0,0,0,0,0,0,0,0,0,0,21.7707504034042,0,0,0,0,0,0,0,0,0,0,0,0,0,0,0,0,0,0,0,14.351821988821,0,0,0,0,0,0,0,0,0,0,13.191166639328,0,52.5298477262259,0,0.236240237951279,0,0,0,0,0,0,0,0,0,68.6312833428383,0,0,0,0
0,0,0,0,0,0,0,0,0,0,0,0,0,0,0,0,0,0,0,0,0,0,83.9953622967005,0,2,0,0,0,0,0,0,0,0,0,0,0,0,0,2,0,0,0,0,0,0,0,0,20.7344365119934,5.47741234302521,0,0,0,0,0,0,0,0,0,0,0,0,0,0,0,0,257.783979192376,0,0,0,233.04502928257,0,116.529574885964,0,0,0,0,0,0,0,0,0,0,2,0,0,0,0
0,0,0,0,0,0,0,0,0,14.2927864044905,0,0,0,0,0,45.8292964249849,0,110.648734211922,0,0,0,1.27527391910553,0,9.71837961673737,0,188.2048856318,0,1.48779374361038,0,0,0,0,0,0,0,0,0,0,0,0,0,0,0,0,0,0,0,0,0,0,0,0,0,0,0,2.09497547149658,0,0.54940490424633,0,0.212497398257256,0,20.4019050598145,0,0,0,0,13.191166639328,0,0,0,16.2982735335827,0,0,0,0,0,0,0,0,0,0,0,108.547855436802,0,0,0,0
0,0,0,0,0,0,0,0,0,0,0,0,0,0,0,0,0,0,0,0,0,0,0,0,0,0,0,0,0,0,0,0,0,0,0,0,0,0,0,0,0,0,0,0,0,0,0,0,32.1826663613319,0,0,0,0,0,0,0,0,0,17.9564647972584,0,0,0,0,0,0,1.57668840885162,0,233.04502928257,0,0,0,438.774595707655,0,0,0,0,0,0,0,0,0,0,0,0,0,0,0
0,0,0,0,0,0,0,0,0,0,0,87.185519836843,0,0,0,0,0,3.72126497328281,7.13890662789345,2.97100543230772,0,226.51237885654,0,68.9014629721642,0,0.164193764328957,0,236.455851763487,0,2.85742817819118,0,0,0,0,0,0,0,60.8693281412125,0,0,0,7.37565027177334,0,5.37491479516029,0,39.811065427959,0,0,0,26.9927356392145,0,0,0,0,0,0,0,931.802304141223,0,14.0221468508244,0,0,27.537846788764,0,441.721535950899,0,52.5298477262259,0,16.2982735335827,0,0,0,412.91441501677,0,0,0,0,0,0,0,24.230537340045,0,2.43371725082397,0,35.4260654300451,0,0
0,0,0,0,0,0,0,0,0,0,0,0,0,0,0,0,0,0,0,0,0,0,33.645636677742,0,0,0,0,0,0,0,0,0,0,0,0,0,0,0,9.04267980158329,0,0,0,0,0,0,0,0,0,490.66886985302,0,0,0,0,0,0,0,352.523832812905,0,178.701494693756,0,0,0,0,0,0,1.08954477310181,0,116.529574885964,0,438.774595707655,0,0,0,34.9974770843983,0,0,0,0,0,0,0,33.0762121528387,0,0,62.0926504433155,0,0
0,0,0,0.250283867120743,0,0,0,0,0,0,0,191.916713625193,0,0,0,0,0,22.5302217900753,76.8877079188824,40.6262643486261,0,6.2725734859705,0,0,0,1.40378999710083,0,50.1369258612394,0,185.606529712677,0,0,0,0,0,0,0,4.46935899555683,0,0,0,91.5081399083138,0,36.7209798395634,0,195.909890070558,0,0,0,0,0,0,0,0,0,0,0,263.140203952789,0,0,0,0,125.275927886367,0,35.5733795389533,0,0.236240237951279,0,0,0,412.91441501677,0,0,0,0,0,0,0,0,0,247.101225428283,0,17.6281889379025,0,123.431043833494,0,0
0,0,0,0,0,0,0,0,0.19185982644558,0,274.803341984749,0,0,0,0,0,57.4045644849539,0,76.7406006604433,0,18.4776209890842,0,0,0,0,0,0,0,0,0,18.0116412639618,0,0,0,0,0,0,0,17.9376729428768,0,0,1.18321621417999,83.9857612252235,0,0,0,55.523013189435,0,81.4822630435228,0,0,0,0,0,0,0,282.062033995986,0,0,0,0,0,0,122.244720995426,0,0.797344565391541,0,0,0,0,0,34.9974770843983,0,0,0,0,0,0,0,0,0,1405.50874297321,55.0487327128649,0,2073.54967003316,0,29.8033300340176
0,0,0,0,0,0,0,0,0,0,0,0,0,0,0,0,0,0,0,0,0,0,0,0,0,0,0,0,0,0,0,4156.64108841121,575.667802363634,91.6536913663149,0,186.424265354872,43.4181425720453,0,0,879.513556495309,1011.21649070829,0,0,0,0,34.0497799068689,0,1336.85191346705,296.64015468955,362.181458622217,0,0,0,0,0,0,0,0,0,0,0,0,1.46557751297951,46.8398063480854,0,0,0,0,0,0,0,0,0,0,0,120.537794277072,617.553067341447,0,709.886672124267,813.412599876523,0,0,186.830955862999,0,14.6001993715763,0,0
0,0,0,0,0,0,0,0,0,0,0,0,0,0,0,0,0,0,0,0,0,0,0,0,0,0,0,0,0,0,0,282.829349830747,191.905020862818,0,101.804679781199,34.6423762738705,0,0,0,0,214.855358451605,0,0,0,0,0,0,29.940952822566,54.4223686307669,0,0,0,0,0,0,0,0,0,0,0,0,0,0,10.603033810854,0,0,0,0,0,0,0,0,0,0,120.537794277072,0,0,407.371397122741,0,759.102147549391,0,0,38.5328492224216,0,0,0,0
0,0,0,0,0,0,0,0,0,0,0,0,0,0,0,0,0,0,0,0,0,0,0,0,0,0,0,0,0,0,0,396.868080273271,0,1339.76646313071,32.6042156517506,41.7089055478573,0,23.6806048154831,0,2.85903589427471,0,0,0,0,0,0,0,1173.69111743569,0,127.642296761274,0,0,0,0,0,0,0,0,0,0,0,0,0,0,0,0,0,0,0,0,0,0,0,0,617.553067341447,0,0,2.58650404214859,173.311680480838,0,458.221731454134,0,66.693728774786,0,0,0,0
0,0,0,0,0,0,0,0,1.08999209105968,0,0,0,0,0,0,0,0,0,0,0,0,0,104.536480173469,0,0,0,0,0,0,0,0,2.92489457130432,15.1137585639954,167.870719149709,2664.88288456202,0,12.1213076114655,0,283.073419585824,0,1.1984688937664,0,0,0,0,0,0,876.462766855955,143.740454882383,0,0,0,0,0,1.09629242122173,0,0,0,0,0,0,0,0,0,0,0,0,0,0,0,0,0,0,0,0,407.371397122741,2.58650404214859,0,0,313.414907738566,0,713.390076249838,383.928391188383,0,8.75850558280945,0,0
0,0,0,0,0,0,0,0,0,0,0,0,0,0,0,0,0,0,0,69.2355074584484,0,0,0,0,0,0,0,0,0,0,0,635.152340590954,1.15423727035522,349.169096663594,0,12222.9552525952,3.84592667222023,72.1803461909294,0,6530.46079598367,0,315.842531636357,0,0,0,1249.74096035957,0,97.0632037073374,0,128.183723449707,0,0,0,0,0,0,0,0,0,0,0,0,145.122560381889,0,0,0,0,0,0,0,0,0,0,0,709.886672124267,0,173.311680480838,0,0,3.60937133431435,451.380988389254,0,383.64783243835,0,2552.48969975114,6.00921094417572,0
0,0,0,0,0,0,0,0,0,0,0,0,0,0,0,0,0,0,0,0,587.990979515016,0,0,0,0,0,0,0,0,0,0,387.217118725181,306.686664551497,0,785.606010690331,168.79459849745,10610.1688505262,0,206.432669639587,0,3274.39201526344,0,22.9330997169018,0,0,58.1465543806553,1731.77543950081,479.334810942411,1010.82782079279,0,0,0,0,0,0,0,0,0,0,0,0,0,0,1026.54314757884,0,0,0,0,0,0,0,0,0,0,813.412599876523,759.102147549391,0,313.414907738566,3.60937133431435,0,0,1038.23347768188,561.203347101808,0,4489.52151282132,0,1.69065260887146
0,0,0,1.16919547319412,0,0,0,0,0,2.16897612810135,0,123.328255660832,0,0,0,0,0,102.417055942118,177.149034321308,78.250863827765,0,18.3299071490765,0,0,0,0.89963673055172,0,0,0,0.999494194984436,0,0,0,131.20320045948,0,0,0,1766.26568053663,0,0,0,353.397329166532,0,49.4899008721113,0,325.335991621017,0,8.81201967597008,0,1373.78878113627,0,0,0,0,0,0,0,94.9128165692091,0,0,0,0,133.819584943354,0,329.104505628347,0,0,0,0,0,24.230537340045,0,247.101225428283,0,0,0,458.221731454134,0,451.380988389254,0,0,0,125.404933735728,0,215.012477517128,0,0
0,0,0,0,0,0,0,0,70.3594044297934,0,0,0,0,0,0,0,396.847695447505,6.92340569198132,601.024567611516,0,646.949840314686,0,756.159056484699,0,0,0,0.70054817199707,0,0,0,0,0,0,0,43.1895640343428,0,942.427267536521,0,4282.52301838994,0,349.740732833743,0,386.972696833313,0,0,0,379.364276871085,94.2131593376398,318.411133334041,0,0,0,0,0,105.018964201212,0,196.761809647083,0,0,0,1.40757942199707,0,0,1151.77462345362,0,87.3659658581018,0,0,0,0,0,33.0762121528387,0,1405.50874297321,0,0,0,713.390076249838,0,1038.23347768188,0,0,757.250369586051,65.7572650164366,1178.25082261115,1.4023904800415,35.4994753599167
401.494433321059,110.714816376567,18.7601894587278,69.1815812811255,0,946.729721933603,20.0086123943329,101.663363575935,632.663573637605,693.239251464605,170.160985946655,74.4787721633911,48.5121273994446,195.869462609291,108.334213711321,646.455640926957,8561.04750922322,16672.7354250625,2731.90177182853,324.286900103092,251.29922889173,506.167746394873,214.311738863587,572.220606818795,0,943.995262756944,18.8066473156214,229.096241265535,9.98808622360229,0,0,268.42778635025,55.4331062138081,152.363115012646,246.339513778687,2297.55729371309,1118.22641031444,567.852033078671,949.94072766602,48.1231510043144,221.222891047597,1002.76050490141,1146.39880479127,43.4238293915987,5.54364424943924,308.054697528481,141.065937146544,651.816797465086,192.276351951063,371.365649282932,0,32.060878276825,0,0,112.524931848049,150.616019926965,71.2607458382845,5.98896877467632,0,9.08818197250366,37.7095104083419,73.8742601126432,160.030754894018,252.722295820713,88.9647549986839,51.9434120953083,68.6312833428383,2,108.547855436802,0,2.43371725082397,0,17.6281889379025,55.0487327128649,186.830955862999,38.5328492224216,66.693728774786,383.928391188383,383.64783243835,561.203347101808,125.404933735728,757.250369586051,0,3070.20342940092,4450.33646196872,16.8008748739958,129.960856556892
0,0,0,4.32083511352539,0,6.3867015838623,0,0,237.871538996696,3.3473271727562,0,0,0,10.5401395857334,0,21.3258280754089,751.45888748765,2218.70289188623,2.83991727232933,0,0,0,112.466377496719,0,0,0,0,56.1913987398148,0,0,0,0,0,0,0,33.824643611908,51.3927708566189,0,24.0496057569981,0,0,0.659119978547096,26.5437074303627,0,0,6.37191191315651,0,0,0,0,0,0,0,0,0,0,0,0,0,0,0,0,4.56462669372559,0,0,0,0,0,0,0,0,0,0,0,0,0,0,0,0,0,0,65.7572650164366,3070.20342940092,0,50.3166345655918,0,6.29951617121696
36.435796007514,124.918419837952,811.849747240543,347.541822873056,0,354.016715735197,0,0,2.74643820524216,196.937960512936,0,42.8972877413034,0,0,0,0,425.882217019796,290.112169519067,4963.76323034614,66.6573032438755,94.2312686443329,0,0,0,0,4.76148104667664,0,0,0,3.47004003822803,0,63.1453862190247,0,0.569139540195465,0,141.235035806894,257.135026425123,65.4037671536207,1.0420156121254,6879.23775455356,1627.13155052066,7508.4567931518,8123.7508912459,327.202461659908,104.89584338665,5424.41261298209,6217.37459410727,484.19751304388,2320.50396088511,1680.78982031345,0,0,0,0,0,106.754903316498,666.807523429394,213.441677361727,11.428314268589,0,0,0,492.660637594759,1827.91699193418,4.15617284178734,0,0,0,0,0,35.4260654300451,62.0926504433155,123.431043833494,2073.54967003316,14.6001993715763,0,0,8.75850558280945,2552.48969975114,4489.52151282132,215.012477517128,1178.25082261115,4450.33646196872,50.3166345655918,0,131.200780272484,1653.06011696905
0,0,0,0,0,0,0,0,0,0.598627030849457,0,0.243534490466118,0,0,0,0,0,71.0774182677269,263.027444116771,0,0,0,0,0,0,0,0,0,0,0,0,0,0,0,0,0,0,0,0,7.50872653722763,0,510.538819983602,8.21807162463665,11.3300473690033,0,0,0,0,0,0,0,0,0,0,0,0,0,0,0,0,0,0,0,0,0,0,0,0,0,0,0,0,0,0,0,0,0,0,6.00921094417572,0,0,1.4023904800415,16.8008748739958,0,131.200780272484,0,5.49022075533867
0,0,0,0,0,0,0,0,0.452545046806335,0,0,0,0,0,0,0,42.3730319738388,19.6489414274693,548.603692032397,0,2.0439338684082,0,0,0,0,0,0,0,0,0,0,0,0,0,0,0,0,0,0,0,0,4.30860187113285,251.181184113026,0,10.1916793882847,0,34.6375973373652,23.9846937954426,9.499541208148,0,0,0,0,0,0,0,0,0,0,0,0,0,0,27.1960635185242,0,0,0,0,0,0,0,0,0,29.8033300340176,0,0,0,0,0,1.69065260887146,0,35.4994753599167,129.960856556892,6.29951617121696,1653.06011696905,5.49022075533867,0
