0,0,5.61043914362916,0,12.3041067782201,0,0,0,6.66891500600179,0,0,0,0,0,0,0,30.900562286377,0,6.63080525398254,0,0,0,0,0,0,0,0,0,0,0,0,0,0,0,0,0,0,0,60.2703399658203,0,0,0,24.4737066087269,0,0,0,0,35.6961826911339,3.87508321138402,0,14.3222158605402,0,0,0,8.1355981866775,0,22.8122711181641,0,0,0,5.6887727578481,0,0,16.2666873931885,0,0,0,0,0,0,0,0,0,0,0,0,0,0,0,0,0,0,7.83419806024303,26.6646041870117,10.8050382837737,0,6.53878021240234
0,0,0,3.12231625182719,0,6.6910883585612,0,0,0,4.80628813297377,0,0,0,0,0,0,0,0,9.15598964691162,0,0,0,0,22.1686944961548,0,0,0,0,0,0,0,0,0,0,0,63.4306449890137,0,21.343297958374,0,0,0,27.1861791014671,0,0,0,0,0,0,0,7.58893889539382,0,0,0,0,0,4.68316223576804,0,8.35094946957706,0,7.93382128477097,0,4.78108480241564,0,0,0,0,4.8351596146822,0,0,0,0,0,0,0,0,0,0,0,42.0171096801758,0,0,0,10.0965121071618,0,16.2380770842234,0,0
5.61043914362916,0,0,0,5.49741802765773,0,0,0,4.60232571760813,0,0,0,0,0,0,0,0,0,0,0,0,0,0,0,0,0,0,0,0,0,0,0,0,0,0,0,0,0,0,0,0,63.0151100158691,32.0063791275024,0,0,0,11.3393709094901,55.5386098225911,16.9717861343833,0,5.99182760715485,0,0,0,2.78423869609833,0,6.96160830150951,0,0,0,3.17229580879211,0,0,28.2499599456787,0,0,0,0,0,0,0,32.1387529373169,0,33.7415402730306,0,0,0,0,0,43.9717998504639,0,46.1750774383545,4.7680676677559,3.79748153686523,9.78791966805091,0,0
0,3.12231625182719,0,0,0,9.17201183487972,0,0,0,6.96268983987662,0,0,0,0,0,0,0,0,40.6821975708008,0,0,0,0,0,0,0,0,0,0,0,0,0,0,0,0,0,0,0,0,34.7049617767334,0,30.3365344456264,0,36.0117950439453,0,19.1439583587646,0,0,0,4.91323945440095,0,6.90832391491643,0,0,0,5.33559174764724,0,6.52325679402833,0,7.25326633453369,0,7.87439237322126,31.6014790534973,0,0,0,0,0,0,0,34.0550848642985,0,30.161479473114,0,0,0,0,0,37.7570781707764,0,48.7080726623535,0,8.55397830920273,33.372341632843,5.76435561217959,18.3243064880371,0
12.3041067782201,0,5.49741802765773,0,0,0,4.94642043725038,0,11.4204565750925,0,0,0,0,0,0,0,0,0,65.6182174682617,0,2.73803234100342,0,0,0,0,0,0,0,0,0,0,0,0,0,0,0,46.8948965072632,0,74.1571655273438,0,34.9636352856954,0,46.54092205272,0,0,63.6257934570312,22.7927686309814,0,44.8042152806332,0,4.38432560899319,0,4.2212986946106,0,5.05354265733199,0,24.2513772249222,0,4.57170896870749,0,0,0,0,8.09487068291866,0,0,0,0,0,0,0,66.4805717468262,0,57.0955759684245,0,0,0,0,0,57.5012505849202,0,57.2298774719238,5.34423442326094,0,9.51078979955243,0,0
0,6.6910883585612,0,9.17201183487972,0,0,0,2.85388743877411,0,3.36243085767709,0,0,0,0,0,4.16854581236839,0,102.551300048828,66.6724853515625,3.23493820428848,0,0,0,0,0,0,0,0,0,0,0,0,0,0,0,30.9801182746887,0,77.4302139282227,0,48.4847668965658,0,42.3095522159483,0,0,0,21.2224975231082,0,0,0,41.7943074362619,0,3.64209844735251,0,2.95606768131256,0,3.13032227470761,0,11.5203471183777,0,0,0,4.25169370855604,6.83618928864079,0,0,0,0,0,60.145092010498,0,41.2671842575073,0,41.632563273112,0,0,0,0,0,63.0144459406535,0,46.9944178263346,0,3.97806451453103,39.1660306453705,12.6610465080115,35.2828788757324,0
0,0,0,0,4.94642043725038,0,0,0,0,0,4.04341912269592,0,0,0,0,0,0,0,0,0,2.82394686341286,0,0,0,0,0,0,0,0,0,0,0,0,0,0,0,0,0,0,0,0,0,0,0,0,0,0,0,0,0,4.47909140586853,0,3.01798175139861,0,0,0,5.47957944869995,0,4.15915192166964,0,0,0,0,0,0,0,0,0,0,0,0,0,0,0,0,0,0,0,0,0,0,0,3.86737131096466,0,0,0,0
0,0,0,0,0,2.85388743877411,0,0,0,0,0,0,0,0,0,0,0,0,0,0,0,0,0,0,0,0,0,0,0,0,0,0,0,0,0,0,0,0,0,0,0,0,0,0,0,0,0,0,0,0,0,2.81172434488932,0,3.37569734500005,0,0,0,0,0,0,0,0,0,0,0,0,0,0,0,0,0,0,0,0,0,0,0,0,0,0,0,0,2.88110971450806,0,0,0,0
6.66891500600179,0,4.60232571760813,0,11.4204565750925,0,0,0,0,92.2701644897461,0,0,0,0,13.8372364044189,0,22.0490900137958,48.1654693447814,31.427584868211,0,0,0,0,0,4.8429570879255,0,29.3195877075195,0,0,0,0,0,0,0,0,0,121.666374206543,161.867904663086,8.86280490747139,0,0,0,5.26827955245972,0,0,0,13.0650961615823,0,9.01903629302979,0,13.8394737243652,0,0,0,7.02879193638052,0,0,0,0,0,8.65379281477495,0,0,0,0,0,0,4.97466948157863,0,0,0,0,0,37.7500762939453,0,0,0,0,0,0,0,6.18973088434764,8.56259720687158,37.8971862792969,4.45146162807941,0,6.23603828748067
0,4.80628813297377,0,6.96268983987662,0,3.36243085767709,0,0,92.2701644897461,0,0,0,0,0,0,3.48045448253029,42.3643176594719,21.9036486987904,37.721310933431,0,0,0,0,8.87687305794206,0,2.94637527022251,0,0,0,0,0,0,0,0,0,0,0,9.53575118193551,0,0,0,10.9581280390422,0,0,0,29.9612134297689,0,0,0,0,0,0,0,0,0,5.92468176619407,0,26.7372303009033,0,0,0,10.6471511934485,0,0,0,0,5.77347560455463,0,3.44810103707843,0,0,0,0,0,0,0,0,0,0,0,7.75038083861856,0,8.36035339467991,8.46238509813944,15.6972647554734,7.52312141656876,0
0,0,0,0,0,0,4.04341912269592,0,0,0,0,0,0,0,0,0,0,0,0,0,3.26392143195098,0,0,0,0,0,0,0,2.92111754850908,0,2.89862877792782,0,0,0,0,0,2.83224153518677,0,3.88449253095105,0,0,0,0,0,0,0,16.1513767242432,0,0,0,0,0,0,0,0,0,5.05031921964815,0,14.2587831020355,0,0,0,0,4.04772705851861,0,0,0,0,0,0,0,7.48964098930359,0,5.98061903591814,0,0,0,0,0,3.12985064586004,0,0,2.99130695744565,0,0,0,0
0,0,0,0,0,0,0,0,0,0,0,0,0,0,0,0,0,0,0,2.96758883357048,0,0,0,0,0,0,0,3.93262100900923,0,3.98812665994298,0,0,0,0,0,0,0,5.33171599251883,0,0,0,0,0,0,0,0,0,0,0,0,0,0,0,2.84583580493927,0,0,0,3.98673930170581,0,3.01118525862694,0,0,11.3872709274292,0,0,0,0,0,0,0,2.87904090881348,0,3.66404013317752,0,0,0,0,0,0,0,5.84818502033458,0,3.5766057621349,0,0,0,0
0,0,0,0,0,0,0,0,0,0,0,0,0,0,0,0,0,0,0,0,0,0,0,0,0,0,0,0,0,0,0,0,0,0,0,0,0,0,0,0,0,0,0,0,0,0,0,0,0,0,0,0,0,0,0,0,0,0,3.20717685872858,0,0,0,0,0,0,0,0,0,0,0,0,3.80307054519653,0,0,0,0,0,0,0,0,0,0,2.96705055236816,0,0,0,0
0,0,0,0,0,0,0,0,0,0,0,0,0,0,0,0,0,0,0,0,0,0,0,0,0,0,0,10.6712702910105,0,0,0,0,0,0,0,0,0,0,0,0,0,0,0,0,0,0,0,0,0,0,0,0,0,0,0,0,0,0,0,3.97074684024563,0,0,0,0,0,0,0,0,9.31718383851599,0,8.09691349866158,0,0,0,0,0,0,0,0,0,0,0,0,0,0,0,0
0,0,0,0,0,0,0,0,13.8372364044189,0,0,0,0,0,0,0,12.3877485341804,47.1595896670693,45.0196117401123,0,0,0,0,0,0,0,4.43282019390779,0,0,0,0,0,0,0,0,0,0,0,0,0,0,0,0,0,0,0,0,0,0,0,0,0,0,0,0,0,0,0,0,0,5.19378967907118,0,114.572120666504,0,0,0,0,0,0,3.15958619117737,0,0,0,0,0,0,0,0,0,0,0,0,8.49758326563429,9.50819880874069,0,0,0
0,0,0,0,0,4.16854581236839,0,0,0,3.48045448253029,0,0,0,0,0,0,45.4867834363665,20.9145702716501,29.4453830718994,0,0,0,0,5.53007674217224,0,0,0,0,0,0,0,0,0,0,0,0,0,0,0,0,0,0,0,0,0,0,0,0,0,0,0,2.78706979751587,0,0,0,11.6418828656597,0,0,0,0,0,2.95150632858276,0,0,0,0,5.26980304718018,0,0,0,0,0,78.1430511474609,0,0,0,0,0,90.8083648681641,0,0,0,8.38540673742489,8.68841715001348,0,0,0
30.900562286377,0,0,0,0,0,0,0,22.0490900137958,42.3643176594719,0,0,0,0,12.3877485341804,45.4867834363665,0,23.2959443590203,22.0981004128996,0,0,0,4.74431402958247,43.4484465122223,0,0,6.51498701943824,0,0,0,0,0,0,0,0,102.433377316124,87.192772547404,108.053281610662,93.2484417350925,78.4156782627106,63.0568433489118,65.0338843850528,47.3468323128947,0,38.5764045715332,71.3048577144228,61.1015462875366,0,63.7858448028564,0,0,0,0,0,19.5446804364522,0,0,69.1042251586914,0,0,17.9688844392377,0,88.5636267662048,70.6604080200195,0,3.82161674499512,0,0,0,9.40644677480062,88.1750564575195,56.1858444213867,81.8579330444336,62.0959363191024,0,0,0,0,85.3093619531439,75.6607443558542,82.7078484244969,70.2276457697967,18.1776106643985,16.2533948878988,60.574479758334,60.1365687052409,44.0813823026769
0,0,0,0,0,102.551300048828,0,0,48.1654693447814,21.9036486987904,0,0,0,0,47.1595896670693,20.9145702716501,23.2959443590203,0,22.2543520090803,0,0,4.69080529348487,0,11.4970461262597,0,5.24623866257844,37.3307228088379,0,0,0,0,0,0,0,0,96.7433081309001,107.022039140974,95.1477741241455,111.17827911377,78.7646186046111,76.7411532682531,55.8350055379079,62.0651259512272,50.5187072753906,0,68.2321563854552,72.1378043038504,0,86.0589345296224,0,0,0,0,0,0,0,0,76.0249404907227,0,0,42.5761057535807,32.8992691040039,83.9286750157674,82.0892868041992,0,0,0,0,4.53981278340022,0,48.3071165084839,0,75.19031940807,82.6250686645508,0,0,0,0,84.0837554703216,88.8527862306625,75.4166973576401,88.0217252458845,17.6330919333555,14.0383331229754,71.4357892123136,50.7212239479532,61.9682529449463
6.63080525398254,9.15598964691162,0,40.6821975708008,65.6182174682617,66.6724853515625,0,0,31.427584868211,37.721310933431,0,0,0,0,45.0196117401123,29.4453830718994,22.0981004128996,22.2543520090803,0,0,0,56.8284072875977,0,36.6949659983317,0,82.8001327514648,0,0,0,0,0,0,0,0,0,67.0918581137665,68.0110554349595,64.9408212808462,70.7769369526482,49.2930357302389,45.1069352235219,29.4939485048663,22.0780006970331,17.4131364027659,14.4054391475824,41.9500551756775,45.7081266784668,45.2612495422363,45.2095550850256,27.968358039856,0,0,0,0,0,0,58.4553277151925,36.4900363575329,0,0,23.8105049133301,0,52.7351866905842,53.2707143511091,59.7619075775146,0,0,0,49.0354499816895,0,38.7565395130831,42.0205861871893,35.436273687357,43.5382513062567,0,0,0,0,55.0297055303803,55.0816271241153,43.8478242584972,48.491463512041,14.704453557289,24.4212632195493,32.0013850072862,25.578367603302,23.3671805262566
0,0,0,0,0,3.23493820428848,0,0,0,0,0,2.96758883357048,0,0,0,0,0,0,0,0,0,0,0,0,0,0,0,0,0,0,0,0,0,0,0,7.07403502841987,0,12.145349650634,0,0,0,38.9748682975769,0,0,0,25.5529691378276,0,0,0,0,0,0,0,0,0,0,0,4.07888667514691,0,0,0,0,6.14044885915525,0,0,0,0,0,0,0,54.3839645385742,0,15.1348838245167,0,0,0,0,0,7.42686927010413,0,13.1788670971538,0,5.033341767444,0,15.9534310698509,0,0
0,0,0,0,2.73803234100342,0,2.82394686341286,0,0,0,3.26392143195098,0,0,0,0,0,0,0,0,0,0,0,0,0,0,0,0,0,0,0,0,0,0,0,0,0,7.57795781559414,0,5.59866011142731,0,0,0,24.1747531890869,0,0,0,14.740181330088,0,0,0,2.73875490824381,0,2.9498664855957,0,0,0,4.19190241326359,0,16.5411520004272,0,0,0,0,4.46470632336356,0,0,0,0,0,0,0,0,0,44.5986433029175,0,0,0,0,0,7.35002814646017,0,16.9496327175034,4.00018396261262,5.47530031204224,19.644364629473,0,0
0,0,0,0,0,0,0,0,0,0,0,0,0,0,0,0,0,4.69080529348487,56.8284072875977,0,0,0,4.44405674934387,6.64558318869708,0,6.75785308135183,0,3.62463603019714,0,0,0,0,0,0,0,0,0,6.76102628353664,0,0,0,45.3271289401584,0,0,0,59.0802993774414,0,22.6861305236816,0,6.3436214095967,0,0,0,0,0,0,0,36.9228732681274,0,33.4596963246663,0,0,50.0592720277848,0,5.31105509493825,0,5.59662351574931,0,12.168667970603,0,12.1152274406673,0,0,0,0,0,0,0,80.9728374481201,0,5.81156932477499,0,5.04992048226978,3.49198382609599,28.3920503139496,48.5001106262207,0
0,0,0,0,0,0,0,0,0,0,0,0,0,0,0,0,4.74431402958247,0,0,0,0,4.44405674934387,0,0,5.26222124133077,0,4.26643050633944,0,3.3622846728877,0,0,0,0,0,0,0,0,0,5.7067376046093,0,0,0,24.401195526123,0,0,0,0,23.7737073898315,5.32675101270481,0,0,0,0,0,0,0,26.2696240743001,0,0,0,0,0,0,0,0,4.86298738425438,0,9.21565131187439,0,9.99166806222773,0,9.73154393724493,0,0,0,0,0,0,0,0,0,5.3033043092361,4.2338831449744,3.69808093458414,19.1693000793457,0,0
0,22.1686944961548,0,0,0,0,0,0,0,8.87687305794206,0,0,0,0,0,5.53007674217224,43.4484465122223,11.4970461262597,36.6949659983317,0,0,6.64558318869708,0,0,0,4.36620856273199,0,0,0,0,0,0,0,0,0,0,0,6.87957824339238,0,55.5340423583984,0,11.0614575147629,0,0,0,30.1461561249524,0,17.1042404174805,0,0,0,0,0,0,0,5.14475265741348,0,19.9930007457733,0,16.6073023796082,0,7.59378144145012,0,0,7.04746682747551,0,4.21186753823338,0,5.27727720609479,0,12.021577612559,0,0,0,0,0,0,0,0,0,9.14209548102485,0,9.26798101637861,32.5649032592773,23.083998655344,9.79234986556204,0
0,0,0,0,0,0,0,0,4.8429570879255,0,0,0,0,0,0,0,0,0,0,0,0,0,5.26222124133077,0,0,0,3.40912522088497,0,0,0,0,0,0,0,0,0,0,0,6.90771634026992,0,0,0,0,0,0,0,0,0,0,0,0,0,0,0,5.03837601762069,0,0,0,0,0,0,0,0,0,0,5.6843594354156,0,5.71907525885585,0,3.51440048962831,0,0,0,0,0,0,0,0,0,0,0,9.11540424798977,3.13639642603727,0,6.53371429443359,0,0
0,0,0,0,0,0,0,0,0,2.94637527022251,0,0,0,0,0,0,0,5.24623866257844,82.8001327514648,0,0,6.75785308135183,0,4.36620856273199,0,0,0,3.58514334026136,0,0,0,0,0,0,0,0,0,0,0,0,0,29.1682243347168,0,0,0,0,0,0,0,0,0,0,0,0,0,0,0,26.4814741346571,0,21.4995946884155,0,5.24382509125604,41.1674159367879,0,8.21670361359914,0,5.79713530540466,0,4.81077670243118,0,10.2757851600647,0,0,0,0,0,0,0,0,0,0,0,5.02141676392666,17.3052229881287,29.1625652313232,0,0
0,0,0,0,0,0,0,0,29.3195877075195,0,0,0,0,0,4.43282019390779,0,6.51498701943824,37.3307228088379,0,0,0,0,4.26643050633944,0,3.40912522088497,0,0,0,4.01990541422142,0,0,0,0,0,0,0,0,0,0,0,0,0,0,0,0,0,0,0,0,0,0,0,0,0,3.6450545668602,0,0,0,21.4527168273926,0,2.77719608942668,0,0,0,0,5.64250859347257,0,4.25443077938897,0,8.22306984948596,0,14.9004686242443,0,0,0,0,0,0,0,0,0,15.4159870147705,6.01626984278361,19.416580359141,0,0,0
0,0,0,0,0,0,0,0,0,0,0,3.93262100900923,0,10.6712702910105,0,0,0,0,0,0,0,3.62463603019714,0,0,0,3.58514334026136,0,0,0,6.54335950541606,0,0,0,0,0,0,0,3.05272331833839,0,0,0,0,0,0,0,0,0,0,0,0,0,0,0,0,0,0,0,7.1754809319973,0,0,0,0,0,0,3.34597149307345,0,0,0,3.69445795626254,0,6.39903629039361,0,8.72587152376567,0,0,0,0,0,0,0,0,0,4.39564700503098,0,0,0,0
0,0,0,0,0,0,0,0,0,0,2.92111754850908,0,0,0,0,0,0,0,0,0,0,0,3.3622846728877,0,0,0,4.01990541422142,0,0,0,3.65541838197147,0,0,0,0,0,0,0,5.63593745231628,0,0,0,0,0,0,0,0,0,0,0,0,0,0,0,0,0,0,0,0,0,0,0,0,0,0,2.88238255182902,0,0,0,3.63039380853826,0,4.55130452220723,0,4.71137036596026,0,0,0,0,0,0,0,0,3.58469533920288,0,0,0,0
0,0,0,0,0,0,0,0,0,0,0,3.98812665994298,0,0,0,0,0,0,0,0,0,0,0,0,0,0,0,6.54335950541606,0,0,0,0,0,0,0,0,0,4.63296727126753,0,0,0,0,0,0,0,0,0,0,0,0,0,0,0,0,0,0,0,2.99928859301976,0,0,0,0,0,0,0,0,0,0,0,0,8.45085604985555,0,4.23838912477299,0,0,0,0,0,0,0,5.40797964965596,0,5.29576854272322,0,0,0,0
0,0,0,0,0,0,0,0,0,0,2.89862877792782,0,0,0,0,0,0,0,0,0,0,0,0,0,0,0,0,0,3.65541838197147,0,0,0,0,0,0,0,0,0,5.36913619041443,0,0,0,0,0,0,0,0,0,0,0,0,0,0,0,0,0,2.95529246330261,0,0,0,0,0,0,0,0,0,0,0,0,0,0,6.57537610249748,0,4.98621618747711,0,0,0,0,0,0,0,0,0,0,0,0,0
0,0,0,0,0,0,0,0,0,0,0,0,0,0,0,0,0,0,0,0,0,0,0,0,0,0,0,0,0,0,0,0,6.05415391332501,3.47242760658264,0,3.18140984464575,0,0,0,0,0,0,0,0,0,0,0,5.49831425423151,6.73624324798584,0,0,0,0,0,0,0,0,0,0,0,0,0,0,0,0,0,0,0,0,0,0,0,0,0,5.08708938410284,11.4271224141121,6.38713966403996,0,7.03553495743523,15.034200668335,0,0,4.66542664455502,0,0,0,0
0,0,0,0,0,0,0,0,0,0,0,0,0,0,0,0,0,0,0,0,0,0,0,0,0,0,0,0,0,0,0,6.05415391332501,0,13.3697446187337,4.74085305141953,0,3.76768188061921,0,0,0,0,0,0,0,0,0,0,6.85660274808817,0,0,0,0,0,0,0,0,0,0,0,0,0,0,0,0,0,0,0,0,0,0,0,0,0,0,7.96664614611885,6.61043975665107,16.0040575663249,8.11398217524632,12.814008895665,6.76891690918377,0,0,4.69873988073926,0,0,0,0
0,0,0,0,0,0,0,0,0,0,0,0,0,0,0,0,0,0,0,0,0,0,0,0,0,0,0,0,0,0,0,3.47242760658264,13.3697446187337,0,4.70394497364759,3.18419603521279,0,4.13519714450278,6.77998051047325,0,0,0,0,0,0,0,0,5.54969260972165,0,8.06823274824354,0,0,0,0,0,0,0,0,0,0,0,0,0,0,0,0,0,0,0,0,0,0,0,0,4.94244416554769,0,5.0997957090823,13.0084236816124,3.51684990125833,0,7.18340015070779,0,6.11394131901752,0,0,0,0
0,0,0,0,0,0,0,0,0,0,0,0,0,0,0,0,0,0,0,0,0,0,0,0,0,0,0,0,0,0,0,0,4.74085305141953,4.70394497364759,0,0,5.31824731769778,0,5.55215563272175,0,0,0,7.02396464347839,0,0,0,0,6.57255204259082,7.56951546669006,0,0,0,0,0,0,0,0,0,0,0,0,0,0,0,0,0,0,0,0,0,0,0,0,0,0,4.4991564915098,12.0340813398361,4.39696353081658,0,7.1174245856025,0,5.82093832531913,4.05757825473033,3.89872848987579,4.63920292854309,0,0
0,63.4306449890137,0,0,0,30.9801182746887,0,0,0,0,0,0,0,0,0,0,102.433377316124,96.7433081309001,67.0918581137665,7.07403502841987,0,0,0,0,0,0,0,0,0,0,0,3.18140984464575,0,3.18419603521279,0,0,0,11.5198069491967,119.144962310791,76.1749980449677,93.720458984375,55.8764933506256,94.3583793640137,50.6254013061523,72.4823379516602,42.1818241225396,70.6929473876953,28.4053217569987,0,38.7293786441579,0,0,0,0,0,0,0,64.0027313232422,0,0,0,0,17.6701699693766,105.658538818359,0,0,0,0,0,0,63.6339842478434,0,79.1432683732775,0,6.42787837485472,0,4.84799229848635,0,8.20153234602433,125.384095412034,15.2438450169392,116.959272766113,11.3799826455404,27.7564653741552,49.5633000382497,48.1716688640082,108.6139793396
0,0,0,0,46.8948965072632,0,0,0,121.666374206543,0,2.83224153518677,0,0,0,0,0,87.192772547404,107.022039140974,68.0110554349595,0,7.57795781559414,0,0,0,0,0,0,0,0,0,0,0,3.76768188061921,0,5.31824731769778,0,0,0,10.3218292643249,0,69.2842402891679,86.1169204711914,50.7134853538714,0,52.232333946228,107.429631551107,39.0702109453078,16.2204831296747,41.4269563763641,0,62.8947448730469,0,0,0,0,0,61.7754383087158,0,70.270263671875,0,0,0,106.596244812012,33.6427798455523,0,0,0,0,0,0,0,78.2416076660156,0,71.7129902309842,0,6.74316275119781,0,6.58489508176152,104.891159751199,6.75517107526441,0,14.6288593423909,11.8032436429901,93.151159286499,47.2320244059418,0,44.347896086864
0,21.343297958374,0,0,0,77.4302139282227,0,0,161.867904663086,9.53575118193551,0,5.33171599251883,0,0,0,0,108.053281610662,95.1477741241455,64.9408212808462,12.145349650634,0,6.76102628353664,0,6.87957824339238,0,0,0,3.05272331833839,0,4.63296727126753,0,0,0,4.13519714450278,0,11.5198069491967,0,0,13.2087471008301,82.9794790479872,77.250244140625,43.2661248094895,70.1325192451477,53.037243270874,64.675163269043,46.174001719362,113.901580810547,7.98470134607499,0,13.7167999630883,0,0,0,0,0,9.61127959628132,0,30.6041322435652,0,0,0,0,12.1347584316556,0,12.3653035202602,0,10.6076130403922,0,6.27329590756406,0,4.04649955549358,0,29.4186004002889,132.081176757812,0,0,3.18703512711958,0,22.6193080354436,128.250495910645,7.37229032802328,123.432708740234,9.17811424355438,12.8555349281856,25.8236097663427,35.3515398637304,0
60.2703399658203,0,0,0,74.1571655273438,0,0,0,8.86280490747139,0,3.88449253095105,0,0,0,0,0,93.2484417350925,111.17827911377,70.7769369526482,0,5.59866011142731,0,5.7067376046093,0,6.90771634026992,0,0,0,5.63593745231628,0,5.36913619041443,0,0,6.77998051047325,5.55215563272175,119.144962310791,10.3218292643249,13.2087471008301,0,109.170621236165,79.4979158129011,86.4448992411296,32.7934805856718,67.2438659667969,54.023748723472,105.428395589193,48.5029613073148,6.72356880304914,8.90016513498722,76.0533599853516,0,0,0,0,12.5927425285555,0,15.7367691993713,0,0,0,0,0,134.809226989746,37.0340820180045,0,7.7965376222427,0,7.10086591670055,0,10.1580951448897,0,54.985667069753,122.656322479248,36.1450327237447,0,0,0,8.65936218913888,110.012154473199,26.3284912901133,63.8071374893188,7.63719553686594,14.1794862283515,32.5339175099177,29.3846158310953,0,35.3539545246374
0,0,0,34.7049617767334,0,48.4847668965658,0,0,0,0,0,0,0,0,0,0,78.4156782627106,78.7646186046111,49.2930357302389,0,0,0,0,55.5340423583984,0,0,0,0,0,0,0,0,0,0,0,76.1749980449677,0,82.9794790479872,109.170621236165,0,63.9851303100586,22.0892934825092,58.2950681686401,31.5333461761475,38.3946156935258,15.4923782483777,59.6994514465332,5.75534003121512,78.2888870239258,7.84878416443349,0,55.4011402130127,0,0,0,0,0,53.678563117981,0,41.2529449462891,0,0,26.0989358149077,0,0,0,0,0,56.9326667785645,0,57.8129897117615,0,52.9688840593611,138.473907470703,0,0,0,0,29.1701100192727,84.4883066813151,51.9857359036155,103.137819671631,48.7651095805821,72.6016883850098,15.9897696633462,52.4745099899617,75.5027465820312
0,0,0,0,34.9636352856954,0,0,0,0,0,0,0,0,0,0,0,63.0568433489118,76.7411532682531,45.1069352235219,0,0,0,0,0,0,0,0,0,0,0,0,0,0,0,0,93.720458984375,69.2842402891679,77.250244140625,79.4979158129011,63.9851303100586,0,50.655265768369,20.4581112,0,32.4337238311768,67.9770512580872,14.658417438356,28.4014164379665,10.8992718185304,17.3785116590303,0,0,0,0,0,0,40.1603172008808,0,0,0,0,0,73.4266738891602,23.0989364529704,0,0,0,0,0,0,0,55.2530236244202,108.62882232666,56.055383682251,0,0,0,0,87.321589931365,14.4996584626168,70.5686340332031,58.7582981469584,45.9754263662093,68.7460960056471,14.2297435347397,59.436024983724,33.2687897580735
0,27.1861791014671,63.0151100158691,30.3365344456264,0,42.3095522159483,0,0,0,10.9581280390422,0,0,0,0,0,0,65.0338843850528,55.8350055379079,29.4939485048663,38.9748682975769,0,45.3271289401584,0,11.0614575147629,0,29.1682243347168,0,0,0,0,0,0,0,0,0,55.8764933506256,86.1169204711914,43.2661248094895,86.4448992411296,22.0892934825092,50.655265768369,0,18.6469415716636,19.3307256698608,20.8345193862915,30.5163836271171,36.8110790252686,8.15663713713487,41.5511827468872,10.2022050335677,0,41.7202924092611,0,0,0,0,0,19.5834955781064,0,23.3899514334542,0,0,26.8951952474651,0,50.2929944125089,0,8.37856750488281,0,34.0218720436096,0,22.2359233828757,0,19.9910793004867,69.4886245727539,0,0,0,0,31.6380255056707,60.0062520503998,33.741535990664,68.5637800428602,19.8511474476793,57.9523950240191,17.6707141343342,15.3063201463682,29.5355987548828
24.4737066087269,0,32.0063791275024,0,46.54092205272,0,0,0,5.26827955245972,0,0,0,0,0,0,0,47.3468323128947,62.0651259512272,22.0780006970331,0,24.1747531890869,0,24.401195526123,0,0,0,0,0,0,0,0,0,0,0,7.02396464347839,94.3583793640137,50.7134853538714,70.1325192451477,32.7934805856718,58.2950681686401,20.4581112,18.6469415716636,0,0,17.0647820317468,51.5212039080533,26.7141189229751,8.7623342150658,14.7516965213246,0,43.0808753967285,0,0,0,0,0,24.2862106018666,0,0,0,0,0,68.5653508504232,23.1414545476437,0,0,0,0,0,0,0,24.7281820827456,66.7693586349487,27.0901093810153,0,0,0,0,62.944145829337,28.6346248548447,64.7238965715681,32.0541406810817,15.8342842763473,55.0694135097747,16.6967827115178,37.5937207539876,12.3234381830856
0,0,0,36.0117950439453,0,0,0,0,0,0,0,0,0,0,0,0,0,50.5187072753906,17.4131364027659,0,0,0,0,0,0,0,0,0,0,0,0,0,0,0,0,50.6254013061523,0,53.037243270874,67.2438659667969,31.5333461761475,0,19.3307256698608,0,0,0,29.4573778311412,0,0,0,0,0,0,0,0,0,0,0,54.5664482116699,0,0,0,0,36.0336899227566,0,0,0,0,0,0,0,0,0,26.5732221603394,0,0,0,0,0,40.6735973358154,61.4736175537109,37.1667351722717,58.707893371582,40.9255847036839,0,9.01376276600118,0,0
0,0,0,0,0,0,0,0,0,0,0,0,0,0,0,0,38.5764045715332,0,14.4054391475824,0,0,0,0,0,0,0,0,0,0,0,0,0,0,0,0,72.4823379516602,52.232333946228,64.675163269043,54.023748723472,38.3946156935258,32.4337238311768,20.8345193862915,17.0647820317468,0,0,30.5753953116281,27.9530347188314,0,28.6605801582336,0,0,0,0,0,0,0,23.5530586242676,0,0,0,0,0,39.9167098999023,0,0,0,0,0,0,0,0,30.5174997769869,53.7349090576172,27.7892968389723,0,0,0,0,48.8025135464138,43.572984616781,51.5455436706543,36.0999664465586,22.0273120620034,42.8812236785889,26.2246611173763,0,17.67342710495
0,0,0,19.1439583587646,63.6257934570312,21.2224975231082,0,0,0,29.9612134297689,0,0,0,0,0,0,71.3048577144228,68.2321563854552,41.9500551756775,25.5529691378276,0,59.0802993774414,0,30.1461561249524,0,0,0,0,0,0,0,0,0,0,0,42.1818241225396,107.429631551107,46.174001719362,105.428395589193,15.4923782483777,67.9770512580872,30.5163836271171,51.5212039080533,29.4573778311412,30.5753953116281,0,59.514227549235,33.7888965606689,103.502919514974,22.1826510878577,0,20.835334257646,0,0,0,0,0,25.8502937915713,0,24.1613426208496,0,0,11.1938617850949,0,54.2376365661621,0,28.2888088226318,0,46.4072827657064,0,34.0364956437496,0,32.2486948104725,0,0,0,0,0,27.851801604103,81.8091008221662,36.9484011383151,76.4501014709473,35.3184831771658,66.0066049942603,19.2460171221988,29.6869350335537,60.0157699584961
0,0,11.3393709094901,0,22.7927686309814,0,0,0,13.0650961615823,0,16.1513767242432,0,0,0,0,0,61.1015462875366,72.1378043038504,45.7081266784668,0,14.740181330088,0,0,0,0,0,0,0,0,0,0,0,0,0,0,70.6929473876953,39.0702109453078,113.901580810547,48.5029613073148,59.6994514465332,14.658417438356,36.8110790252686,26.7141189229751,0,27.9530347188314,59.514227549235,0,47.2337642669678,28.6628668127507,24.4021146947687,18.4413986206055,0,0,0,0,0,20.7379296582616,0,22.1172218322754,0,0,0,74.6518859863281,12.5177493643132,0,0,0,0,0,0,56.8083190917969,32.7743037873833,0,29.986119481854,0,0,0,0,72.1645267486572,28.138309736706,69.2807464599609,36.5439183132582,26.0761656787298,48.3969798405965,17.8283307458337,35.7977714538574,20.6286030819542
35.6961826911339,0,55.5386098225911,0,0,0,0,0,0,0,0,0,0,0,0,0,0,0,45.2612495422363,0,0,22.6861305236816,23.7737073898315,17.1042404174805,0,0,0,0,0,0,0,5.49831425423151,6.85660274808817,5.54969260972165,6.57255204259082,28.4053217569987,16.2204831296747,7.98470134607499,6.72356880304914,5.75534003121512,28.4014164379665,8.15663713713487,8.7623342150658,0,0,33.7888965606689,47.2337642669678,0,7.20863842866159,6.57383254019346,0,0,0,0,0,0,0,41.6095733642578,0,0,0,0,51.0158157348633,0,33.9575382868449,0,22.5543710708618,0,0,0,0,67.9974212646484,0,0,11.4043422170155,10.1938212632764,6.4341701806936,7.36300939883516,7.31723739873103,13.6489180378292,11.0447219942703,10.6230789780617,6.83776567406639,3.87417720045362,13.3196397805323,0,33.3474837272398
3.87508321138402,0,16.9717861343833,0,44.8042152806332,0,0,0,9.01903629302979,0,0,0,0,0,0,0,63.7858448028564,86.0589345296224,45.2095550850256,0,0,0,5.32675101270481,0,0,0,0,0,0,0,0,6.73624324798584,0,0,7.56951546669006,0,41.4269563763641,0,8.90016513498722,78.2888870239258,10.8992718185304,41.5511827468872,14.7516965213246,0,28.6605801582336,103.502919514974,28.6628668127507,7.20863842866159,0,4.58520370560723,35.4933894361768,0,0,0,6.11794406175613,0,44.4254369199276,0,0,0,3.81437683105469,0,0,35.338929589115,0,6.43403855243603,0,0,0,4.07668730054583,0,17.2585770343401,0,35.1264021265096,0,9.26919972896576,0,11.9392862319946,82.7155303955078,24.9866784220875,0,13.8086119506533,24.5177619907966,68.7718814503063,12.3592755639553,78.7327213287354,22.1718501321201
0,7.58893889539382,0,4.91323945440095,0,41.7943074362619,0,0,0,0,0,0,0,0,0,0,0,0,27.968358039856,0,0,6.3436214095967,0,0,0,0,0,0,0,0,0,0,0,8.06823274824354,0,38.7293786441579,0,13.7167999630883,76.0533599853516,7.84878416443349,17.3785116590303,10.2022050335677,0,0,0,22.1826510878577,24.4021146947687,6.57383254019346,4.58520370560723,0,0,0,0,0,0,0,0,15.7015163898468,0,4.82425158023834,0,4.22283983230591,36.1784802845546,39.3100051879883,7.86893789344859,0,4.23047161102295,0,3.60582348204007,0,7.28591739613077,0,7.20294117420278,61.5420970916748,24.3610048294067,0,12.7176995277405,0,10.891752758739,20.977627158165,6.93317371434252,0,18.3769285810405,0,12.2135673011862,31.9864220619202,0
14.3222158605402,0,5.99182760715485,0,4.38432560899319,0,4.47909140586853,0,13.8394737243652,0,0,0,0,0,0,0,0,0,0,0,2.73875490824381,0,0,0,0,0,0,0,0,0,0,0,0,0,0,0,62.8947448730469,0,0,0,0,0,43.0808753967285,0,0,0,18.4413986206055,0,35.4933894361768,0,0,0,3.21434787801794,0,4.01266390936715,0,4.51183530213176,0,0,0,0,0,0,5.11900043487549,0,0,0,0,0,0,0,0,0,40.7111473083496,0,0,0,0,0,60.5284881591797,0,0,11.1000225543976,0,7.18314246208437,0,0
0,0,0,6.90832391491643,0,3.64209844735251,0,2.81172434488932,0,0,0,0,0,0,0,2.78706979751587,0,0,0,0,0,0,0,0,0,0,0,0,0,0,0,0,0,0,0,0,0,0,0,55.4011402130127,0,41.7202924092611,0,0,0,20.835334257646,0,0,0,0,0,0,0,0,0,0,0,3.47634787284411,0,4.2297739982605,0,3.18327005704244,7.16786985561765,0,0,0,0,0,0,0,0,0,0,0,0,0,0,0,0,0,73.894416809082,0,3.98771376079983,0,6.04090279400349,0,0
0,0,0,0,4.2212986946106,0,3.01798175139861,0,0,0,0,0,0,0,0,0,0,0,0,0,2.9498664855957,0,0,0,0,0,0,0,0,0,0,0,0,0,0,0,0,0,0,0,0,0,0,0,0,0,0,0,0,0,3.21434787801794,0,0,0,0,0,0,0,3.88090018963251,0,0,0,0,0,0,0,0,0,0,0,0,0,0,0,0,0,0,0,0,0,0,0,3.90188539028168,0,0,0,0
0,0,0,0,0,2.95606768131256,0,3.37569734500005,0,0,0,2.84583580493927,0,0,0,0,0,0,0,0,0,0,0,0,0,0,0,0,0,0,0,0,0,0,0,0,0,0,0,0,0,0,0,0,0,0,0,0,0,0,0,0,0,0,0,0,0,3.71320871512095,0,0,0,0,0,0,0,0,0,0,0,0,0,0,0,0,0,0,0,0,0,0,0,0,0,0,0,0,0
8.1355981866775,0,2.78423869609833,0,5.05354265733199,0,0,0,7.02879193638052,0,0,0,0,0,0,0,19.5446804364522,0,0,0,0,0,0,0,5.03837601762069,0,3.6450545668602,0,0,0,0,0,0,0,0,0,0,0,12.5927425285555,0,0,0,0,0,0,0,0,0,6.11794406175613,0,4.01266390936715,0,0,0,0,0,6.01694031556447,0,0,0,13.489852809906,0,0,0,0,0,0,3.90692440875165,0,0,0,0,0,0,0,0,0,0,0,0,0,7.23828476164347,12.6356395399848,0,12.0226631164551,0,0
0,4.68316223576804,0,5.33559174764724,0,3.13032227470761,0,0,0,5.92468176619407,0,0,0,0,0,11.6418828656597,0,0,0,0,0,0,0,5.14475265741348,0,0,0,0,0,0,0,0,0,0,0,0,0,9.61127959628132,0,0,0,0,0,0,0,0,0,0,0,0,0,0,0,0,0,0,0,0,0,0,0,6.29307160252019,0,0,0,0,4.46763291776893,0,0,0,0,0,0,0,0,0,0,0,0,0,6.45298112571509,0,8.38996711854012,0,21.1954970359802,0,0
22.8122711181641,0,6.96160830150951,0,24.2513772249222,0,5.47957944869995,0,0,0,5.05031921964815,0,0,0,0,0,0,0,58.4553277151925,0,4.19190241326359,0,26.2696240743001,0,0,0,0,0,0,0,2.95529246330261,0,0,0,0,0,61.7754383087158,0,15.7367691993713,0,40.1603172008808,0,24.2862106018666,0,23.5530586242676,0,20.7379296582616,0,44.4254369199276,0,4.51183530213176,0,0,0,6.01694031556447,0,0,0,6.95657486273042,0,4.05153180162112,0,0,8.89339530793559,0,0,0,0,0,11.718076978411,0,6.66925715605418,0,7.00764499212566,0,0,0,0,0,44.1960162458749,0,22.4019316547322,29.9698967808171,86.9731788635254,15.5052826593418,0,19.2501527786255
0,8.35094946957706,0,6.52325679402833,0,11.5203471183777,0,0,0,26.7372303009033,0,3.98673930170581,0,0,0,0,69.1042251586914,76.0249404907227,36.4900363575329,4.07888667514691,0,36.9228732681274,0,19.9930007457733,0,26.4814741346571,0,7.1754809319973,0,2.99928859301976,0,0,0,0,0,64.0027313232422,0,30.6041322435652,0,53.678563117981,0,19.5834955781064,0,54.5664482116699,0,25.8502937915713,0,41.6095733642578,0,15.7015163898468,0,3.47634787284411,0,3.71320871512095,0,0,0,0,0,6.62860510360847,0,5.65924777767875,10.50764999305,0,36.6669476826986,0,28.2613792419434,0,20.7365066986384,0,10.404107022121,0,5.97167622929528,0,0,0,0,0,48.1520257837632,0,10.8872828382127,0,26.04272473345,0,14.7230470626069,19.1860228947231,0
0,0,0,0,4.57170896870749,0,4.15915192166964,0,0,0,14.2587831020355,0,3.20717685872858,0,0,0,0,0,0,0,16.5411520004272,0,0,0,0,0,21.4527168273926,0,0,0,0,0,0,0,0,0,70.270263671875,0,0,0,0,0,0,0,0,0,22.1172218322754,0,0,0,0,0,3.88090018963251,0,0,0,6.95657486273042,0,0,0,2.88745800654093,0,0,21.8466593424479,0,0,0,0,0,10.4304074157368,0,4.20934251326102,0,0,0,0,0,0,0,48.8224571228027,0,0,0,0,0,0,0
0,7.93382128477097,0,7.25326633453369,0,0,0,0,0,0,0,3.01118525862694,0,3.97074684024563,0,0,0,0,0,0,0,33.4596963246663,0,16.6073023796082,0,21.4995946884155,0,0,0,0,0,0,0,0,0,0,0,0,0,41.2529449462891,0,23.3899514334542,0,0,0,24.1613426208496,0,0,0,4.82425158023834,0,4.2297739982605,0,0,0,0,0,6.62860510360847,0,0,0,4.02148319757902,17.6010727515587,0,31.5846816353176,0,19.5580081939697,0,9.12080316347198,0,4.74578840290001,0,0,0,0,0,0,0,44.1247282028198,0,0,0,33.147611618042,0,11.3415156076121,0,0
5.6887727578481,0,3.17229580879211,0,0,0,0,0,8.65379281477495,0,0,0,0,0,5.19378967907118,0,17.9688844392377,42.5761057535807,23.8105049133301,0,0,0,0,0,0,0,2.77719608942668,0,0,0,0,0,0,0,0,0,0,0,0,0,0,0,0,0,0,0,0,0,3.81437683105469,0,0,0,0,0,13.489852809906,0,4.05153180162112,0,2.88745800654093,0,0,0,0,0,0,0,0,6.80161170959473,0,3.02152583473607,0,0,0,0,0,0,0,0,0,0,0,0,13.0777707869007,10.0187772750854,10.4058485031128,0,0
0,4.78108480241564,0,7.87439237322126,0,4.25169370855604,0,0,0,10.6471511934485,0,0,0,0,0,2.95150632858276,0,32.8992691040039,0,0,0,0,0,7.59378144145012,0,5.24382509125604,0,0,0,0,0,0,0,0,0,0,0,0,0,0,0,0,0,0,0,0,0,0,0,4.22283983230591,0,3.18327005704244,0,0,0,6.29307160252019,0,5.65924777767875,0,4.02148319757902,0,0,0,0,0,0,8.08827480903039,0,4.17964276872151,0,3.58300864696503,0,0,0,0,0,0,0,0,0,0,0,12.658101717631,7.22763236363729,10.6035227179527,0,0
0,0,0,31.6014790534973,0,6.83618928864079,0,0,0,0,0,11.3872709274292,0,0,114.572120666504,0,88.5636267662048,83.9286750157674,52.7351866905842,6.14044885915525,0,50.0592720277848,0,0,0,41.1674159367879,0,0,0,0,0,0,0,0,0,17.6701699693766,106.596244812012,12.1347584316556,134.809226989746,26.0989358149077,73.4266738891602,26.8951952474651,68.5653508504232,36.0336899227566,39.9167098999023,11.1938617850949,74.6518859863281,51.0158157348633,0,36.1784802845546,0,7.16786985561765,0,0,0,0,0,10.50764999305,0,17.6010727515587,0,0,0,0,48.2259654509716,0,0,0,35.4038875323384,0,23.1228669739435,0,16.9998187725161,0,0,0,0,0,14.6706538118292,102.633178075155,17.2271162181661,92.3537979125977,27.380873034334,76.7298347685072,21.2550674405758,25.43253363985,68.7403844197591
16.2666873931885,0,28.2499599456787,0,8.09487068291866,0,0,0,0,0,4.04772705851861,0,0,0,0,0,70.6604080200195,82.0892868041992,53.2707143511091,0,4.46470632336356,0,0,0,0,0,0,0,0,0,0,0,0,0,0,105.658538818359,33.6427798455523,0,37.0340820180045,0,23.0989364529704,0,23.1414545476437,0,0,0,12.5177493643132,0,35.338929589115,39.3100051879883,5.11900043487549,0,0,0,0,0,8.89339530793559,0,21.8466593424479,0,0,0,0,0,0,0,0,0,0,0,0,26.1242573832122,0,16.7530163105376,0,0,0,0,0,19.2164870915674,0,15.4034462201042,10.2615968942086,24.7082363128662,12.8027056034613,0,18.516645217764
0,0,0,0,0,0,0,0,0,0,0,0,0,0,0,0,0,0,59.7619075775146,0,0,5.31105509493825,0,7.04746682747551,0,8.21670361359914,0,3.34597149307345,0,0,0,0,0,0,0,0,0,12.3653035202602,0,0,0,50.2929944125089,0,0,0,54.2376365661621,0,33.9575382868449,0,7.86893789344859,0,0,0,0,0,0,0,36.6669476826986,0,31.5846816353176,0,0,48.2259654509716,0,0,0,5.4805661276275,0,11.2696656665651,0,7.96695466900091,0,0,0,0,0,0,0,0,0,8.98782022579296,0,4.2249943382886,3.29923180076811,48.9102452018044,0,0
0,0,0,0,0,0,0,0,0,0,0,0,0,0,0,0,3.82161674499512,0,0,0,0,0,4.86298738425438,0,5.6843594354156,0,5.64250859347257,0,2.88238255182902,0,0,0,0,0,0,0,0,0,7.7965376222427,0,0,0,0,0,0,0,0,0,6.43403855243603,0,0,0,0,0,0,0,0,0,0,0,0,0,0,0,0,0,0,9.29836260887884,0,9.19978330201573,0,6.53406392250742,0,0,0,0,0,0,0,0,0,8.03954592450705,4.32017849008721,3.83124056700114,0,0,0
0,4.8351596146822,0,0,0,0,0,0,0,5.77347560455463,0,0,0,0,0,5.26980304718018,0,0,0,0,0,5.59662351574931,0,4.21186753823338,0,5.79713530540466,0,0,0,0,0,0,0,0,0,0,0,10.6076130403922,0,0,0,8.37856750488281,0,0,0,28.2888088226318,0,22.5543710708618,0,4.23047161102295,0,0,0,0,0,4.46763291776893,0,28.2613792419434,0,19.5580081939697,0,8.08827480903039,0,0,5.4805661276275,0,0,0,5.84958670356057,0,5.25237936973572,0,25.9003314971924,0,0,0,0,0,0,0,9.39453635273209,0,6.70308067017243,26.8510227203369,9.31682433022393,8.84939161936442,0
0,0,0,0,0,0,0,0,4.97466948157863,0,0,0,0,0,0,0,0,0,0,0,0,0,9.21565131187439,0,5.71907525885585,0,4.25443077938897,0,0,0,0,0,0,0,0,0,0,0,7.10086591670055,0,0,0,0,0,0,0,0,0,0,0,0,0,0,0,3.90692440875165,0,0,0,0,0,6.80161170959473,0,0,0,0,9.29836260887884,0,0,0,5.84531939029694,0,0,0,0,0,0,0,0,0,0,0,8.12132640957378,3.38426566123962,0,4.57665730755905,0,0
0,0,0,0,0,60.145092010498,0,0,0,3.44810103707843,0,0,0,9.31718383851599,0,0,0,4.53981278340022,49.0354499816895,0,0,12.168667970603,0,5.27727720609479,0,4.81077670243118,0,3.69445795626254,0,0,0,0,0,0,0,0,0,6.27329590756406,0,56.9326667785645,0,34.0218720436096,0,0,0,46.4072827657064,0,0,0,3.60582348204007,0,0,0,0,0,0,0,20.7365066986384,0,9.12080316347198,0,4.17964276872151,35.4038875323384,0,11.2696656665651,0,5.84958670356057,0,0,0,8.87006023076023,0,37.8217849731445,0,0,0,0,0,62.0496448940701,0,6.57581203324454,0,15.5531383417547,8.66708087921143,35.1997163996977,37.6363906860352,0
0,0,0,0,0,0,0,0,0,0,0,0,0,0,3.15958619117737,0,9.40644677480062,0,0,0,0,0,9.99166806222773,0,3.51440048962831,0,8.22306984948596,0,3.63039380853826,0,0,0,0,0,0,0,0,0,10.1580951448897,0,0,0,0,0,0,0,0,0,4.07668730054583,0,0,0,0,0,0,0,11.718076978411,0,10.4304074157368,0,3.02152583473607,0,0,0,0,9.19978330201573,0,5.84531939029694,0,0,0,6.91027653650804,0,0,0,0,0,0,0,0,0,16.2459966341654,3.59218418598175,0,0,0,0
0,0,0,34.0550848642985,0,41.2671842575073,0,0,0,0,0,2.87904090881348,0,8.09691349866158,0,0,88.1750564575195,48.3071165084839,38.7565395130831,54.3839645385742,0,12.1152274406673,0,12.021577612559,0,10.2757851600647,0,6.39903629039361,0,8.45085604985555,0,0,0,0,0,63.6339842478434,0,4.04649955549358,0,57.8129897117615,0,22.2359233828757,0,0,0,34.0364956437496,56.8083190917969,0,0,7.28591739613077,0,0,0,0,0,0,0,10.404107022121,0,4.74578840290001,0,3.58300864696503,23.1228669739435,0,7.96695466900091,0,5.25237936973572,0,8.87006023076023,0,0,0,6.42386718363489,0,0,0,0,0,55.1956210889314,0,11.8475582036105,0,27.7557118524072,62.1404373168945,25.6694367189797,24.014905734938,0
0,0,32.1387529373169,0,66.4805717468262,0,0,0,0,0,7.48964098930359,0,3.80307054519653,0,0,0,56.1858444213867,0,42.0205861871893,0,0,0,9.73154393724493,0,0,0,14.9004686242443,0,4.55130452220723,0,6.57537610249748,0,0,0,0,0,78.2416076660156,0,54.985667069753,0,55.2530236244202,0,24.7281820827456,0,30.5174997769869,0,32.7743037873833,67.9974212646484,17.2585770343401,0,0,0,0,0,0,0,6.66925715605418,0,4.20934251326102,0,0,0,0,26.1242573832122,0,6.53406392250742,0,0,0,6.91027653650804,0,0,0,4.87872377463749,0,0,0,0,0,57.4744981384277,0,12.2029881954193,36.6391835391521,64.2718620300293,14.7136680410508,0,25.5606129124479
0,0,0,30.161479473114,0,41.632563273112,0,0,0,0,0,3.66404013317752,0,0,0,78.1430511474609,81.8579330444336,75.19031940807,35.436273687357,15.1348838245167,0,0,0,0,0,0,0,8.72587152376567,0,4.23838912477299,0,0,0,0,0,79.1432683732775,0,29.4186004002889,122.656322479248,52.9688840593611,108.62882232666,19.9910793004867,66.7693586349487,26.5732221603394,53.7349090576172,32.2486948104725,0,0,0,7.20294117420278,0,0,0,0,0,0,0,5.97167622929528,0,0,0,0,16.9998187725161,0,0,0,25.9003314971924,0,37.8217849731445,0,6.42386718363489,0,0,0,0,0,0,0,56.8577970315141,91.9969272613525,8.036585942469,135.558090209961,38.1011085870131,52.2466339111328,26.9350731336194,23.6187753849512,0
0,0,33.7415402730306,0,57.0955759684245,0,0,0,37.7500762939453,0,5.98061903591814,0,0,0,0,0,62.0959363191024,82.6250686645508,43.5382513062567,0,44.5986433029175,0,0,0,0,0,0,0,4.71137036596026,0,4.98621618747711,0,0,0,0,0,71.7129902309842,132.081176757812,36.1450327237447,138.473907470703,56.055383682251,69.4886245727539,27.0901093810153,0,27.7892968389723,0,29.986119481854,0,35.1264021265096,61.5420970916748,40.7111473083496,0,0,0,0,0,7.00764499212566,0,0,0,0,0,0,16.7530163105376,0,0,0,0,0,0,0,4.87872377463749,0,0,0,0,0,0,96.995475769043,56.5242872097222,0,13.1990301844838,53.731975885538,73.601449099454,25.961509313968,0,23.1435374729875
0,0,0,0,0,0,0,0,0,0,0,0,0,0,0,0,0,0,0,0,0,0,0,0,0,0,0,0,0,0,0,5.08708938410284,7.96664614611885,4.94244416554769,0,6.42787837485472,0,0,0,0,0,0,0,0,0,0,0,11.4043422170155,0,24.3610048294067,0,0,0,0,0,0,0,0,0,0,0,0,0,0,0,0,0,0,0,0,0,0,0,0,0,14.3578452467918,9.88571287290408,0,7.36975496639715,20.1742286682129,0,0,6.27486559374858,0,0,0,0
0,0,0,0,0,0,0,0,0,0,0,0,0,0,0,0,0,0,0,0,0,0,0,0,0,0,0,0,0,0,0,11.4271224141121,6.61043975665107,0,4.4991564915098,0,6.74316275119781,0,0,0,0,0,0,0,0,0,0,10.1938212632764,9.26919972896576,0,0,0,0,0,0,0,0,0,0,0,0,0,0,0,0,0,0,0,0,0,0,0,0,0,14.3578452467918,0,14.7026357650757,12.0698222531213,18.3489930343628,7.43335821334418,0,0,6.47667751912996,0,0,0,0
0,0,0,0,0,0,0,0,0,0,0,0,0,0,0,0,0,0,0,0,0,0,0,0,0,0,0,0,0,0,0,6.38713966403996,16.0040575663249,5.0997957090823,12.0340813398361,4.84799229848635,0,3.18703512711958,0,0,0,0,0,0,0,0,0,6.4341701806936,0,12.7176995277405,0,0,0,0,0,0,0,0,0,0,0,0,0,0,0,0,0,0,0,0,0,0,0,0,9.88571287290408,14.7026357650757,0,18.3486080169678,6.90769234281598,0,5.58654275289396,0,8.62967902753088,0,0,0,0
0,0,0,0,0,0,0,0,0,0,0,0,0,0,0,0,0,0,0,0,0,0,0,0,0,0,0,0,0,0,0,0,8.11398217524632,13.0084236816124,4.39696353081658,0,6.58489508176152,0,8.65936218913888,0,0,0,0,0,0,0,0,7.36300939883516,11.9392862319946,0,0,0,0,0,0,0,0,0,0,0,0,0,0,0,0,0,0,0,0,0,0,0,0,0,0,12.0698222531213,18.3486080169678,0,0,8.01409297971164,0,6.25206769408518,9.0541927950111,0,0,0,0
