0,0,0.190296230934807,0,0.19248921237886,0,0,0,0.202352212707185,0,0,0,0,0,0.204925840454442,0,0,0,0.266280585035357,0,0,0,0,0,0,0,0,0,0,0,0,0,0,0,0,0,0,0,0.2784559322255,0,0.235040530562401,0,0.260747478620426,0,0.421382486820221,0,0.358472168445587,0.32348744571209,0.184333217379408,0.404066562652588,0.16322885453701,0,0,0,0.209415164365641,0,0.256941764354706,0,0.196374781429768,0,0.212108365979522,0,0,0,0,0,0,0,0,0,0,0,0,0.262570045888424,0,0,0,0,0,0.432761870324612,0,0.301318618835825,0.211712820402419,0.221754373314459,0.298700890587825,0,0.260610452128781
0,0,0,0.190598526548955,0,0.236496481221992,0,0,0,0.198134308134284,0,0,0,0,0,0.227174986686025,0,0,0.473624840378761,0,0,0,0,0,0,0,0,0,0,0,0,0,0,0,0,0,0,0.284636906215123,0,0,0,0.264526596306858,0,0,0,0,0,0,0,0.201518602253415,0,0.242958212892214,0,0,0,0.201768712120486,0,0,0,0.266489252143977,0,0.246503023382515,0,0,0,0,0.307161767374385,0,0,0,0,0,0,0,0,0,0,0,0.454675586687194,0,0.30171737447381,0,0.277164105091193,0.193923026323318,0.277878335993513,0.249504171311855,0
0.190296230934807,0,0,0,0.178444617137659,0,0,0,0.161219425989005,0,0,0,0,0,0,0,0,0,0.198651748895645,0,0,0,0,0,0,0,0,0,0,0,0,0,0,0,0,0,0,0,0,0,0,0,0,0,0,0,0,0,0.224055592554496,0,0.180574004848798,0,0,0,0.177375685766924,0,0.306117185744746,0,0.280857954870214,0,0.191524766958677,0,0,0,0,0,0,0,0,0,0,0,0,0,0,0,0,0,0,0,0,0,0.181718972446716,0.192221310876665,0.254120395216789,0,0
0,0.190598526548955,0,0,0,0,0,0,0,0.17037092453363,0,0,0,0,0,0,0,0,0,0,0,0,0,0,0,0,0,0,0,0,0,0,0,0,0,0,0,0,0,0,0,0.240502089262009,0,0,0,0,0,0,0,0.186515717794096,0,0,0,0,0,0.169801170825958,0,0.16656035502426,0,0,0,0.163919249176979,0,0,0,0,0,0,0,0,0,0,0,0,0,0,0,0,0,0,0,0,0.211131769836995,0,0.176834067025929,0,0
0.19248921237886,0,0.178444617137659,0,0,0,0,0,0.216612705650429,0,0,0,0,0,0,0,0,0,0,0,0.190983296102948,0,0,0,0,0,0,0,0,0,0,0,0,0,0,0,0.14577302634716,0,0,0,0,0,0,0,0,0,0,0,0.190951345407444,0,0.211230699883818,0,0.218377701938152,0,0.184545640446986,0,0.237512123584747,0,0.1826092004776,0,0,0,0,0.263479194197899,0,0,0,0,0,0,0,0,0,0,0,0,0,0,0,0,0,0,0.193333075314577,0.219900162011234,0.145449712850592,0,0
0,0.236496481221992,0,0,0,0,0,0,0,0.222573891726892,0,0,0,0,0,0,0,0,0,0,0,0,0,0,0,0,0,0,0,0,0,0,0,0,0,0,0,0,0,0,0,0,0,0,0,0,0,0,0,0.225529085596402,0,0.231086682528257,0,0,0,0.236720253889625,0,0,0,0,0,0.223961669865043,0,0,0,0,0,0,0,0,0,0,0,0,0,0,0,0,0,0,0,0,0.177875086665154,0.208574596792459,0,0,0
0,0,0,0,0,0,0,0,0,0,0,0,0.238302871584892,0,0,0,0,0,0,0,0,0,0,0,0,0,0,0,0,0,0,0,0,0,0,0,0,0,0,0,0,0,0,0,0,0,0,0,0,0,0,0,0,0,0,0,0,0,0,0,0,0,0,0,0,0,0,0,0,0,0,0,0,0,0,0,0,0,0,0,0,0,0,0.256251582898289,0,0,0
0,0,0,0,0,0,0,0,0,0,0,0,0,0,0,0,0,0,0,0,0,0,0,0,0,0,0,0,0,0,0,0,0,0,0,0,0,0,0,0,0,0,0,0,0,0,0,0,0,0,0,0,0,0,0,0,0,0,0,0,0,0,0,0,0,0,0,0,0,0,0,0,0,0,0,0,0,0,0,0,0,0,0,0,0,0,0
0.202352212707185,0,0.161219425989005,0,0.216612705650429,0,0,0,0,0,0,0,0,0,0,0,0.23048832538453,0,0.210408827733426,0,0,0,0,0,0.216108883420626,0,0,0,0,0,0,0,0,0,0,0,0,0,0.263728240448142,0,0,0,0.191788801620173,0,0,0,0,0.331970435731551,0.234069562032203,0,0.182176327332854,0,0,0,0.273295907153553,0,0,0,0,0,0.207364619150758,0,0,0,0,0,0,0.336233884096146,0,0,0,0,0,0,0,0,0,0,0,0,0,0.297483377054486,0.22119212873342,0.225193730383008,0.23942596620092,0,0.177903478344282
0,0.198134308134284,0,0.17037092453363,0,0.222573891726892,0,0,0,0,0,0,0,0.236224183440208,0,0.218333508791747,0,0.27669668165238,0,0,0,0,0,0.239054304361343,0,0.261508442069355,0,0,0,0,0,0,0,0,0,0,0,0.293353781104088,0,0,0,0.248680984432047,0,0,0,0,0,0,0,0.219779739611679,0,0.223152980208397,0,0,0,0.196879905119517,0,0,0,0.244891153275967,0,0.225495176202447,0,0,0,0,0,0,0.249577112958349,0,0,0,0,0,0,0,0,0,0,0,0.299466237425804,0,0.205311141028756,0.234257232434471,0.229324607622056,0,0
0,0,0,0,0,0,0,0,0,0,0,0,0.222589518536221,0,0,0,0,0,0,0,0,0,0,0,0,0,0,0,0,0,0,0,0,0,0,0,0.217998217133915,0,0.204749428997926,0,0,0,0,0,0,0,0,0,0,0,0,0,0,0,0,0,0.226924385254582,0,0,0,0,0,0,0.205623678863049,0,0,0,0,0,0,0,0,0,0,0,0,0,0,0,0.223028561269695,0,0.188048479057127,0.156689095497131,0.243435919284821,0,0,0
0,0,0,0,0,0,0,0,0,0,0,0,0,0.240828553607704,0,0,0,0,0,0.17189897703273,0,0,0,0,0,0,0,0,0,0.395781940647534,0,0,0,0,0,0,0,0.221668633278501,0,0,0,0,0,0,0,0,0,0,0,0,0,0,0,0,0,0,0,0.235336508991113,0,0.223947738607725,0,0,0.194889393235956,0,0,0,0,0,0,0,0,0,0.272099182461247,0,0,0,0,0,0,0,0.232301800304654,0,0.203722787437635,0.394774595541613,0,0,0
0,0,0,0,0,0,0.238302871584892,0,0,0,0.222589518536221,0,0,0,0,0,0,0,0,0,0,0,0,0,0,0,0,0,0,0,0,0,0,0,0,0,0,0,0,0,0,0,0,0,0,0,0,0,0,0,0,0,0,0,0,0,0,0,0.293674891148138,0,0,0,0,0,0,0,0,0,0,0,0,0,0,0,0,0,0,0,0,0,0,0,0.220475493813865,0.326290468922193,0,0,0
0,0,0,0,0,0,0,0,0,0.236224183440208,0,0.240828553607704,0,0,0,0.226075140678364,0,0,0,0,0,0,0,0,0,0,0,0,0,0.245293486863375,0,0,0,0,0,0,0,0,0,0,0,0,0,0,0,0,0,0,0,0,0,0,0,0,0,0,0,0.263581230340147,0,0.246237729099535,0,0.223353034977255,0,0,0,0,0,0,0,0,0,0,0.257575555427654,0,0,0,0,0,0,0,0,0,0.267343604869463,0.28186631147526,0,0,0
0.204925840454442,0,0,0,0,0,0,0,0,0,0,0,0,0,0,0,0,0,0,0,0,0,0,0,0,0,0,0,0,0,0,0,0,0,0,0,0,0,0,0,0,0,0,0,0,0,0,0,0,0,0,0,0,0,0.23002411356094,0,0,0,0,0,0.25009401827011,0,0,0,0,0,0,0,0,0,0,0,0,0,0,0,0,0,0,0,0,0.334215700626373,0.183077946305275,0.190586537122726,0,0,0
0,0.227174986686025,0,0,0,0,0,0,0,0.218333508791747,0,0,0,0.226075140678364,0,0,0,0.253061215082804,0,0,0,0,0,0,0,0,0,0,0,0,0,0,0,0,0,0,0,0,0,0,0,0,0,0,0,0,0,0,0,0,0,0,0,0,0,0.216457030796385,0,0,0,0.213092913625367,0,0.216815643012524,0,0,0,0,0,0,0,0,0,0,0,0,0,0,0,0,0,0,0,0,0.192230154798041,0.245041525803736,0,0,0
0,0,0,0,0,0,0,0,0.23048832538453,0,0,0,0,0,0,0,0,0.1731328578097,0.180718902793657,0,0,0.188281929806659,0.204917677028637,0,0.152723786585471,0,0.204495571969316,0,0,0,0,0,0,0,0,0,0,0,0,0,0,0,0.213538855314255,0,0,0,0,0,0,0,0,0,0,0,0,0,0,0,0,0,0,0,0,0,0,0.219439581095778,0,0,0,0.212063814465851,0,0,0,0,0,0,0,0,0,0.441683083772659,0,0,0.166391658931198,0.221492125736594,0.305569277041488,0,0.185598824173212
0,0,0,0,0,0,0,0,0,0.27669668165238,0,0,0,0,0,0.253061215082804,0.1731328578097,0,0.217776736583985,0,0,0.204159615074022,0,0.214277811268895,0,0.230754703621205,0,0,0,0,0,0,0,0,0,0,0,0,0,0,0,0,0,0,0,0,0,0,0,0,0,0,0,0,0,0,0,0,0,0,0,0.245956023037434,0,0,0.21120900012456,0,0.208046685159206,0,0.235846846305651,0,0,0,0,0,0,0,0,0,0,0,0,0,0.199109658743915,0.239474137317917,0,0,0
0.266280585035357,0.473624840378761,0.198651748895645,0,0,0,0,0,0.210408827733426,0,0,0,0,0,0,0,0.180718902793657,0.217776736583985,0,0,0,0,0,0,0,0,0,0,0,0,0,0,0,0,0,0,0,0,0.232804340620836,0.349049962759018,0.488071352243423,0.166684304355759,0.200116248708733,0.213403975490885,0.307951696564627,0.362669139107068,0.440250103087986,0,0.218773925676942,0,0,0,0,0,0.2303861156106,0,0,0.279101796448231,0,0,0,0,0.417400111754735,0,0,0,0,0,0,0,0,0,0.270834475755692,0,0,0,0,0,0.39465680809797,0.455736532991315,0.376452967314653,0.362296028931936,0.19028792643371,0.192744198683146,0.287617888548397,0.1787210842213,0.210760644396189
0,0,0,0,0,0,0,0,0,0,0,0.17189897703273,0,0,0,0,0,0,0,0,0,0,0,0,0,0,0,0,0,0,0,0,0,0,0,0.216031644132829,0,0.177736973162831,0,0,0,0,0,0,0,0,0,0,0,0,0,0,0,0,0,0,0,0.182899010466768,0,0,0,0,0,0,0,0,0,0,0,0,0,0,0,0,0,0,0,0,0.248618721786796,0,0.170649245695064,0,0.187203399837017,0,0,0,0
0,0,0,0,0.190983296102948,0,0,0,0,0,0,0,0,0,0,0,0,0,0,0,0,0,0,0,0,0,0,0,0,0,0,0,0,0,0,0,0.211567885279655,0,0,0,0,0,0,0,0,0,0,0,0,0,0.230153475403786,0,0,0,0,0,0,0,0,0,0,0,0,0.212973827213952,0,0,0,0,0,0,0,0,0,0,0,0,0,0,0,0.219960261757175,0,0,0,0,0.148985562846065,0,0
0,0,0,0,0,0,0,0,0,0,0,0,0,0,0,0,0.188281929806659,0.204159615074022,0,0,0,0,0.25317320428364,0.233262673020363,0,0.238581133280265,0,0.155412851690172,0,0,0,0,0,0,0,0,0,0.21258371248145,0,0,0,0,0,0,0,0,0,0,0,0.145132027506348,0,0,0,0,0,0,0,0,0,0,0,0,0,0,0.234515359473294,0.272727304271289,0,0,0.259737011944425,0,0.210773107680407,0,0,0,0,0,0,0,0,0,0.205703199567766,0,0.233830401540266,0.274715918662105,0,0,0
0,0,0,0,0,0,0,0,0,0,0,0,0,0,0,0,0.204917677028637,0,0,0,0,0.25317320428364,0,0,0.216328105274236,0,0.247164545007623,0,0,0,0,0,0,0,0,0,0,0.265357095518816,0.258158112676616,0,0,0,0,0,0,0,0,0,0.205716826698997,0,0,0,0,0,0,0,0,0,0,0,0,0,0,0,0.258655952646377,0.22097176503379,0,0.212903291379151,0,0.240836987892787,0,0.224042629202207,0,0,0,0,0,0,0,0,0.232899816409312,0.281863458251348,0.231722228312791,0.285752688294677,0,0,0
0,0,0,0,0,0,0,0,0,0.239054304361343,0,0,0,0,0,0,0,0.214277811268895,0,0,0,0.233262673020363,0,0,0,0.267875372697521,0,0,0,0,0,0,0,0,0,0,0,0.20807399706407,0,0,0,0,0,0,0,0,0,0,0,0,0,0,0,0,0,0.274462049120459,0,0,0,0,0,0,0,0,0.210936824153913,0,0.283807040276852,0,0.294148490114032,0,0,0,0,0,0,0,0,0,0,0,0.200612705234321,0,0.243303149544033,0,0.22256411674122,0,0
0,0,0,0,0,0,0,0,0.216108883420626,0,0,0,0,0,0,0,0.152723786585471,0,0,0,0,0,0.216328105274236,0,0,0,0.180668324232101,0,0.158405317366123,0,0,0,0,0,0,0,0,0,0.197995690676999,0,0,0,0,0,0,0,0,0,0.220127393092428,0,0,0,0,0,0.228592938184738,0,0,0,0,0,0,0,0,0,0,0.206466797325346,0,0.251467206526415,0,0,0,0,0,0,0,0,0,0,0,0,0,0.230632936501467,0.227099204878155,0,0.263957291841507,0,0
0,0,0,0,0,0,0,0,0,0.261508442069355,0,0,0,0,0,0,0,0.230754703621205,0,0,0,0.238581133280265,0,0.267875372697521,0,0,0,0,0,0,0,0,0,0,0,0,0,0,0,0,0,0,0,0,0,0,0,0,0,0,0,0,0,0,0,0.284777640345249,0,0,0,0,0,0,0,0,0.260933576123073,0,0.299594996389279,0,0.268290242552757,0,0,0,0,0,0,0,0,0,0,0,0,0,0.241668931757037,0.276712148827176,0,0,0
0,0,0,0,0,0,0,0,0,0,0,0,0,0,0,0,0.204495571969316,0,0,0,0,0,0.247164545007623,0,0.180668324232101,0,0,0,0.249587109368859,0,0,0,0,0,0,0,0,0,0,0,0,0,0,0,0,0,0,0,0,0,0,0,0,0,0.215337231755257,0,0,0,0,0,0,0,0,0,0,0.270478830229279,0,0.239563181996346,0,0.235087593165245,0,0,0,0,0,0,0,0,0,0,0,0,0.225169044657195,0.250874084131471,0,0,0
0,0,0,0,0,0,0,0,0,0,0,0,0,0,0,0,0,0,0,0,0,0.155412851690172,0,0,0,0,0,0,0,0.251278986431914,0,0,0,0,0,0,0,0.201030270657807,0,0,0,0,0,0,0,0,0,0,0,0.136942024777333,0,0,0,0,0,0,0,0.274614173433055,0,0,0,0,0,0,0.256078609069319,0,0,0,0,0,0.268709522310146,0,0.257992282055332,0,0,0,0,0,0,0,0.180469733687629,0,0.270472189509555,0.28887184204626,0,0,0
0,0,0,0,0,0,0,0,0,0,0,0,0,0,0,0,0,0,0,0,0,0,0,0,0.158405317366123,0,0.249587109368859,0,0,0,0.298353363573551,0,0,0,0,0,0,0,0.266619846224785,0,0,0,0,0,0,0,0,0,0.179428095880308,0,0,0,0,0,0,0,0,0,0,0,0,0,0,0,0,0.211466059088707,0,0.156610913574696,0,0.218872262476796,0,0.218338071449392,0,0.30494087010622,0,0,0,0,0,0,0,0.26561711371474,0.179154201523112,0,0,0,0
0,0,0,0,0,0,0,0,0,0,0,0.395781940647534,0,0.245293486863375,0,0,0,0,0,0,0,0,0,0,0,0,0,0.251278986431914,0,0,0,0,0,0,0,0,0,0.245641031567504,0,0,0,0,0,0,0,0,0,0,0,0,0,0,0,0,0,0,0,0.269081016381582,0,0,0,0,0,0,0,0,0,0,0,0,0.236889793333553,0,0.230379448495281,0,0,0,0,0,0,0,0.239432330290312,0,0.258204799246144,0.258449273095244,0,0,0
0,0,0,0,0,0,0,0,0,0,0,0,0,0,0,0,0,0,0,0,0,0,0,0,0,0,0,0,0.298353363573551,0,0,0,0,0,0,0,0,0,0.245775118031923,0,0,0,0,0,0,0,0,0,0,0,0,0,0,0,0,0,0,0,0,0,0,0,0,0,0,0,0,0,0,0,0,0.23481555779775,0,0.270673961593555,0,0,0,0,0,0,0,0.24236562770883,0,0,0,0,0
0,0,0,0,0,0,0,0,0,0,0,0,0,0,0,0,0,0,0,0,0,0,0,0,0,0,0,0,0,0,0,0,0.39013243263418,0,0,0.138396887574345,0.232829212155352,0,0,0,0,0,0,0,0,0,0,0.518247354030609,0,0,0,0,0,0,0,0,0,0,0,0,0,0,0,0,0,0,0,0,0,0,0,0,0,0,0.367285509984339,0.353827470466495,0,0,0.218185194331396,0.458534496171134,0,0,0,0,0,0,0
0,0,0,0,0,0,0,0,0,0,0,0,0,0,0,0,0,0,0,0,0,0,0,0,0,0,0,0,0,0,0,0.39013243263418,0,0,0,0.59843679478294,0.136410981416702,0,0,0,0,0,0,0,0,0,0,0.552855457409774,0,0,0,0,0,0,0,0,0,0,0,0,0,0,0,0,0,0,0,0,0,0,0,0,0,0,0.302300145300172,0.441711928914575,0,0.429378654275622,0.232478785342064,0.609186210874784,0,0,0,0,0,0,0
0,0,0,0,0,0,0,0,0,0,0,0,0,0,0,0,0,0,0,0,0,0,0,0,0,0,0,0,0,0,0,0,0,0,0.308725410643517,0.226129193516339,0,0.264087196007819,0.27900640210209,0,0,0,0,0,0,0,0,0.391467190661534,0,0,0,0,0,0,0,0,0,0,0,0,0,0,0,0,0,0,0,0,0,0,0,0,0,0,0,0,0.275053971129787,0.272653673043919,0.203949004351853,0,0.404403808897268,0.342268835665401,0.185286462653515,0,0,0,0
0,0,0,0,0,0,0,0,0,0,0,0,0,0,0,0,0,0,0,0,0,0,0,0,0,0,0,0,0,0,0,0,0,0.308725410643517,0,0,0.200895724886573,0.301251713073615,0.202593639492989,0,0,0,0,0,0,0,0,0.521546956202755,0,0.607914626598358,0,0,0,0,0,0,0,0,0,0,0,0,0,0,0,0,0,0,0,0,0,0,0,0,0,0,0.316497086594182,0.424281895829889,0,0.209491387531324,0.364033851653907,0.500543080101507,0.196208622238098,0,0,0,0
0,0,0,0,0,0,0,0,0,0,0,0,0,0,0,0,0,0,0,0.216031644132829,0,0,0,0,0,0,0,0,0,0,0,0.138396887574345,0.59843679478294,0.226129193516339,0,0,0.355638058382158,0.152000769936501,0.140488173812628,0.286425585799579,0,0,0,0,0,0.179507498230253,0,0.586716899796138,0,0.305949176351229,0,0,0,0,0,0,0,0.1595146159331,0,0,0,0,0.194454324742158,0,0,0,0,0,0,0,0,0,0,0,0,0.492135658860207,0,0,0.194270939837711,0.24277967706169,0.152702209479051,0,0.219787786358591,0.290762560449023,0.26284758041425,0,0
0,0,0,0,0.14577302634716,0,0,0,0,0,0.217998217133915,0,0,0,0,0,0,0,0,0,0.211567885279655,0,0,0,0,0,0,0,0,0,0,0.232829212155352,0.136410981416702,0,0.200895724886573,0.355638058382158,0,0,0.16274380506765,0,0.265903756022453,0,0,0,0,0,0.217405034945561,0.589168622723368,0,0.268566712737083,0,0,0,0,0,0,0,0,0,0,0,0,0,0.196051140041912,0,0,0,0,0,0,0,0,0,0,0.194611057639122,0.642815013726552,0,0.212158740793957,0.232354949467601,0.198352812072333,0,0.206327755854338,0.193533697001141,0.287800551419448,0.225947079913957,0,0
0,0.284636906215123,0,0,0,0,0,0,0,0.293353781104088,0,0.221668633278501,0,0,0,0,0,0,0,0.177736973162831,0,0.21258371248145,0.265357095518816,0.20807399706407,0,0,0,0.201030270657807,0,0.245641031567504,0,0,0,0.264087196007819,0.301251713073615,0.152000769936501,0,0,0.265354082014386,0,0,0.325044462457299,0,0,0,0,0,0.48841001575484,0,0.257897730888301,0,0,0,0,0,0.29269595493873,0,0.196429827634942,0,0,0,0,0.196122978627682,0,0.215851221549309,0.270993181602742,0.256615911288695,0,0,0,0.228460967639424,0,0.213627236836319,0,0,0,0.261981748231114,0.538140565156937,0.183648225333956,0,0.217361657656284,0.30131565357248,0.208481759896966,0.277826408394289,0.350866205674454,0,0
0.2784559322255,0,0,0,0,0,0,0,0.263728240448142,0,0.204749428997926,0,0,0,0,0,0,0,0.232804340620836,0,0,0,0.258158112676616,0,0.197995690676999,0,0,0,0.266619846224785,0,0.245775118031923,0,0,0.27900640210209,0.202593639492989,0.140488173812628,0.16274380506765,0.265354082014386,0,0,0,0,0.240369337880723,0,0,0,0,0.45442441245502,0.221997012604978,0.464884037772814,0,0,0,0,0.303937117213553,0,0.174370469791549,0,0,0,0,0,0,0,0,0.249758859155686,0,0.208808435457093,0,0,0,0.177863882854581,0,0,0,0,0.218965717307899,0.218924013276895,0,0.175660895532928,0.26705823782658,0.265215256364081,0.233158871326095,0.271480633998695,0.276024831812593,0,0.216090472520522
0,0,0,0,0,0,0,0,0,0,0,0,0,0,0,0,0,0,0.349049962759018,0,0,0,0,0,0,0,0,0,0,0,0,0,0,0,0,0.286425585799579,0,0,0,0,0,0.352309448589193,0,0.403845160339887,0,0.240164677610102,0,0,0,0.232723289038986,0,0,0,0,0,0,0,0,0,0,0,0,0,0,0,0,0,0,0,0,0,0,0,0,0,0,0,0,0.204006924277863,0,0.197247975906789,0,0.314783982001245,0,0.286646367405162,0.357748776674271,0
0.235040530562401,0,0,0,0,0,0,0,0,0,0,0,0,0,0,0,0,0,0.488071352243423,0,0,0,0,0,0,0,0,0,0,0,0,0,0,0,0,0,0.265903756022453,0,0,0,0,0,0.37166826203171,0,0.475910529494286,0,0.339508086258982,0.180993660023579,0.205838127195697,0,0,0,0,0,0,0,0,0,0,0,0,0,0,0,0,0,0,0,0,0,0,0,0,0.233324456250384,0,0,0,0,0,0.325397366389113,0,0.215449986048043,0,0,0.28859006140037,0,0.461347416043282
0,0.264526596306858,0,0.240502089262009,0,0,0,0,0,0.248680984432047,0,0,0,0,0,0,0,0,0.166684304355759,0,0,0,0,0,0,0,0,0,0,0,0,0,0,0,0,0,0,0.325044462457299,0,0.352309448589193,0,0,0,0.198749888792384,0,0.282918498273424,0,0.430561853306634,0,0.380904250488376,0,0,0,0,0,0.305453776473972,0,0.303469289447132,0,0,0,0,0.428704351186752,0,0,0,0,0,0,0,0,0,0.281121553115125,0,0,0,0,0,0.373895355833417,0,0.353034383012757,0,0.204443469582187,0,0.300800243744403,0.21672333151376,0
0.260747478620426,0,0,0,0,0,0,0,0.191788801620173,0,0,0,0,0,0,0,0.213538855314255,0,0.200116248708733,0,0,0,0,0,0,0,0,0,0,0,0,0,0,0,0,0,0,0,0.240369337880723,0,0.37166826203171,0,0,0,0.441082723849402,0,0.451497219502926,0.314937561750412,0.244175145555594,0.389332454938155,0,0,0,0,0.231332197785378,0,0,0,0,0,0,0,0,0,0,0,0,0,0,0,0,0,0,0.247509151697159,0,0,0,0,0,0.402367125136985,0,0.250805746333129,0.235287521763852,0,0.306494379097522,0,0.31046744199887
0,0,0,0,0,0,0,0,0,0,0,0,0,0,0,0,0,0,0.213403975490885,0,0,0,0,0,0,0,0,0,0,0,0,0,0,0,0,0,0,0,0,0.403845160339887,0,0.198749888792384,0,0,0,0.332446765089244,0,0,0,0,0,0,0,0,0,0,0,0,0,0,0,0,0.459804028272629,0,0,0,0,0,0,0,0,0,0,0,0,0,0,0,0.412631490297018,0,0.436092291255387,0,0.201682964922155,0,0.288958646544472,0,0
0.421382486820221,0,0,0,0,0,0,0,0,0,0,0,0,0,0,0,0,0,0.307951696564627,0,0,0,0,0,0,0,0,0,0,0,0,0,0,0,0,0,0,0,0,0,0.475910529494286,0,0.441082723849402,0,0,0,0.445853890953483,0,0,0,0,0,0,0,0,0,0,0,0,0,0,0,0,0,0,0,0,0,0,0,0,0,0,0,0,0,0,0,0,0.467852143225846,0,0.424950574125562,0.311337748335467,0,0.249680621459227,0,0.436663013238173
0,0,0,0,0,0,0,0,0,0,0,0,0,0,0,0,0,0,0.362669139107068,0,0,0,0,0,0,0,0,0,0,0,0,0,0,0,0,0.179507498230253,0,0,0,0.240164677610102,0,0.282918498273424,0,0.332446765089244,0,0,0,0,0,0.263433088002534,0,0,0,0,0,0,0,0,0,0,0,0,0.376493939863784,0,0,0,0,0,0,0,0,0,0,0,0,0,0,0,0.365860396375259,0,0.423350811004639,0,0.304715962589153,0,0.275138006262157,0,0
0.358472168445587,0,0,0,0,0,0,0,0,0,0,0,0,0,0,0,0,0,0.440250103087986,0,0,0,0,0,0,0,0,0,0,0,0,0,0,0,0,0,0.217405034945561,0,0,0,0.339508086258982,0,0.451497219502926,0,0.445853890953483,0,0,0,0,0,0,0,0,0,0,0,0,0,0,0,0,0,0,0.248187810182571,0,0,0,0,0,0,0,0,0,0,0,0,0,0,0,0.337279988862678,0,0.333912655711174,0.336706776155934,0,0.319215096489925,0,0
0.32348744571209,0,0,0,0,0,0,0,0.331970435731551,0,0,0,0,0,0,0,0,0,0,0,0,0,0,0,0,0,0,0,0,0,0,0.518247354030609,0.552855457409774,0.391467190661534,0.521546956202755,0.586716899796138,0.589168622723368,0.48841001575484,0.45442441245502,0,0.180993660023579,0.430561853306634,0.314937561750412,0,0,0,0,0,0.32282981354473,0.392905972861304,0,0,0,0,0.372726166434586,0,0,0,0,0,0.330745324492455,0,0,0,0,0.401122929359024,0.336735606193542,0.402362883608374,0,0,0,0.313677169125656,0,0,0.416093448050936,0.215256720381831,0.428252660110829,0.450234965559314,0.336657223585055,0.267658699735215,0.47976758744671,0.473260276161385,0.245370098485275,0,0.472112572755318,0,0
0.184333217379408,0,0.224055592554496,0,0.190951345407444,0,0,0,0.234069562032203,0,0,0,0,0,0,0,0,0,0.218773925676942,0,0,0,0.205716826698997,0,0.220127393092428,0,0,0,0.179428095880308,0,0,0,0,0,0,0,0,0,0.221997012604978,0,0.205838127195697,0,0.244175145555594,0,0,0,0,0.32282981354473,0,0.293994043635417,0,0,0,0,0.231763340566801,0,0.259490877716853,0,0.263663367300794,0,0.262191890793688,0,0,0,0,0.347894580625906,0,0.331527820000282,0,0,0,0.22581047268517,0,0.227972438317482,0,0.202692710927555,0,0.172897358735402,0,0.190285122909254,0,0.23132906460574,0.276625423537399,0.198476831118266,0.251838322175131,0,0.307651470104853
0.404066562652588,0.201518602253415,0,0.186515717794096,0,0.225529085596402,0,0,0,0.219779739611679,0,0,0,0,0,0,0,0,0,0,0,0.145132027506348,0,0,0,0,0,0.136942024777333,0,0,0,0,0,0,0.607914626598358,0.305949176351229,0.268566712737083,0.257897730888301,0.464884037772814,0.232723289038986,0,0.380904250488376,0.389332454938155,0,0,0.263433088002534,0,0.392905972861304,0.293994043635417,0,0,0,0,0,0,0.230655514609975,0,0,0,0,0,0.199029371142387,0,0,0.199730360673534,0,0.178243771195412,0,0,0,0.16276565939188,0,0.214442947008311,0,0,0,0,0.628940343856812,0.272540343279886,0,0.18114952975306,0.473968600233396,0.333414850418679,0,0.328035547341194,0,0
0.16322885453701,0,0.180574004848798,0,0.211230699883818,0,0,0,0.182176327332854,0,0,0,0,0,0,0,0,0,0,0,0.230153475403786,0,0,0,0,0,0,0,0,0,0,0,0,0,0,0,0,0,0,0,0,0,0,0,0,0,0,0,0,0,0,0,0,0,0.164508855080645,0,0.219725049142517,0,0.189849588785086,0,0.163194090127945,0,0,0.245486429028779,0,0,0,0,0,0,0,0,0,0,0,0,0,0,0,0,0,0,0.193239422085193,0.17117303237319,0.23680705469374,0,0
0,0.242958212892214,0,0,0,0.231086682528257,0,0,0,0.223152980208397,0,0,0,0,0,0,0,0,0,0,0,0,0,0,0,0,0,0,0,0,0,0,0,0,0,0,0,0,0,0,0,0,0,0,0,0,0,0,0,0,0,0,0,0,0,0.228477887809277,0,0,0,0,0,0,0,0,0,0,0,0,0,0,0,0,0,0,0,0,0,0,0,0,0,0,0.197595769929331,0,0,0,0
0,0,0,0,0.218377701938152,0,0,0,0,0,0,0,0,0,0,0,0,0,0,0,0,0,0,0,0,0,0,0,0,0,0,0,0,0,0,0,0,0,0,0,0,0,0,0,0,0,0,0,0,0,0,0,0,0,0,0,0,0,0,0,0,0,0,0,0,0,0,0,0,0,0,0,0,0,0,0,0,0,0,0,0,0,0,0.237383473377961,0,0,0
0,0,0,0,0,0,0,0,0,0,0,0,0,0,0,0,0,0,0,0,0,0,0,0,0,0,0,0,0,0,0,0,0,0,0,0,0,0,0,0,0,0,0,0,0,0,0,0,0,0,0,0,0,0,0,0,0,0,0,0,0,0,0,0,0,0,0,0,0,0,0,0,0,0,0,0,0,0,0,0,0,0,0.230875279415737,0,0,0,0
0.209415164365641,0,0.177375685766924,0,0.184545640446986,0,0,0,0.273295907153553,0,0,0,0,0,0.23002411356094,0,0,0,0.2303861156106,0,0,0,0,0,0.228592938184738,0,0.215337231755257,0,0,0,0,0,0,0,0,0,0,0,0.303937117213553,0,0,0,0.231332197785378,0,0,0,0,0.372726166434586,0.231763340566801,0,0.164508855080645,0,0,0,0,0,0.195334859772357,0,0.174161442380021,0,0.200236871121401,0,0,0,0,0,0,0.312576156396132,0,0,0,0,0,0,0,0,0,0,0,0,0,0.327579969738496,0.256841057454277,0.224047101140022,0.305482301792731,0,0.227451577782631
0,0.201768712120486,0,0.169801170825958,0,0.236720253889625,0,0,0,0.196879905119517,0,0,0,0,0,0.216457030796385,0,0,0,0,0,0,0,0.274462049120459,0,0.284777640345249,0,0,0,0,0,0,0,0,0,0,0,0.29269595493873,0,0,0,0.305453776473972,0,0,0,0,0,0,0,0.230655514609975,0,0.228477887809277,0,0,0,0,0,0,0,0.274483734853697,0,0.245993178485723,0,0,0,0,0.3258101895,0,0.28024080521182,0,0,0,0,0,0,0,0,0,0,0,0.312442380648393,0,0.177404561809673,0.189708652055782,0.297823181941798,0,0
0.256941764354706,0,0.306117185744746,0,0.237512123584747,0,0,0,0,0,0.226924385254582,0,0,0,0,0,0,0,0,0,0,0,0,0,0,0,0,0,0,0,0,0,0,0,0,0,0,0,0.174370469791549,0,0,0,0,0,0,0,0,0,0.259490877716853,0,0.219725049142517,0,0,0,0.195334859772357,0,0,0,0.222950605869293,0,0.251725788502132,0,0,0.278707088517749,0,0,0,0,0,0,0,0,0,0,0,0,0,0,0,0,0,0.186967740456263,0.143464926896351,0,0.295080019819087,0,0
0,0,0,0.16656035502426,0,0,0,0,0,0,0,0.235336508991113,0,0.263581230340147,0,0,0,0,0.279101796448231,0.182899010466768,0,0,0,0,0,0,0,0.274614173433055,0,0.269081016381582,0,0,0,0,0,0.1595146159331,0,0.196429827634942,0,0,0,0.303469289447132,0,0,0,0,0,0,0,0,0,0,0,0,0,0,0,0,0,0.255692415512525,0,0,0.374979712963104,0,0,0,0,0,0,0,0,0,0.352640061215921,0,0,0,0,0,0.167513110807964,0,0.2212493895001,0,0.212684584988488,0.22890901684761,0.36005014528219,0.317587332992718,0
0.196374781429768,0,0.280857954870214,0,0.1826092004776,0,0,0,0,0,0,0,0.293674891148138,0,0,0,0,0,0,0,0,0,0,0,0,0,0,0,0,0,0,0,0,0,0,0,0,0,0,0,0,0,0,0,0,0,0,0,0.263663367300794,0,0.189849588785086,0,0,0,0.174161442380021,0,0.222950605869293,0,0,0,0.23564111334937,0,0,0,0,0,0,0,0,0,0,0,0,0,0,0,0,0,0,0,0,0.264942228794098,0.25654666481623,0.313935705348293,0.300623891189116,0,0
0,0.266489252143977,0,0,0,0,0,0,0,0.244891153275967,0,0.223947738607725,0,0.246237729099535,0,0.213092913625367,0,0,0,0,0,0,0,0,0,0,0,0,0,0,0,0,0,0,0,0,0,0,0,0,0,0,0,0,0,0,0,0,0,0,0,0,0,0,0,0.274483734853697,0,0.255692415512525,0,0,0,0.215678892036279,0,0,0,0,0,0,0,0,0,0,0.240596309304237,0,0,0,0,0,0,0,0,0,0.241691832927718,0.291324484045208,0,0,0
0.212108365979522,0,0.191524766958677,0,0,0,0,0,0.207364619150758,0,0,0,0,0,0.25009401827011,0,0,0,0,0,0,0,0,0,0,0,0,0,0,0,0,0,0,0,0,0,0,0,0,0,0,0,0,0,0,0,0,0.330745324492455,0.262191890793688,0,0.163194090127945,0,0,0,0.200236871121401,0,0.251725788502132,0,0.23564111334937,0,0,0,0,0,0,0,0,0,0,0,0,0,0,0,0,0,0,0,0,0,0,0.303486142839704,0.283873684131182,0,0.256100836396217,0,0
0,0.246503023382515,0,0.163919249176979,0,0.223961669865043,0,0,0,0.225495176202447,0,0,0,0.223353034977255,0,0.216815643012524,0,0.245956023037434,0,0,0,0,0,0,0,0,0,0,0,0,0,0,0,0,0,0,0,0,0,0,0,0,0,0,0,0,0,0,0,0.199029371142387,0,0,0,0,0,0.245993178485723,0,0,0,0.215678892036279,0,0,0,0,0,0,0,0,0,0,0,0,0,0,0,0,0,0,0,0,0,0,0.229595696857802,0.239981482629499,0,0,0
0,0,0,0,0,0,0,0,0,0,0,0.194889393235956,0,0,0,0,0,0,0.417400111754735,0,0,0,0,0,0,0,0,0,0,0,0,0,0,0,0,0.194454324742158,0,0.196122978627682,0,0,0,0.428704351186752,0,0.459804028272629,0,0.376493939863784,0,0,0,0,0,0,0,0,0,0,0,0.374979712963104,0,0,0,0,0,0,0,0,0,0,0,0,0,0,0.425196917142187,0,0,0,0,0,0.212702372348776,0,0.354319876432419,0,0,0,0.400199167306225,0.335593700408936,0
0,0,0,0,0.263479194197899,0,0,0,0,0,0.205623678863049,0,0,0,0,0,0,0,0,0,0.212973827213952,0,0,0,0,0,0,0,0,0,0,0,0,0,0,0,0.196051140041912,0,0,0,0,0,0,0,0,0,0.248187810182571,0,0,0,0.245486429028779,0,0,0,0,0,0.278707088517749,0,0,0,0,0,0,0,0,0,0,0,0,0,0,0,0,0,0,0,0,0,0,0.187983484086344,0,0.333681417363031,0,0,0.327449814856998,0,0
0,0,0,0,0,0,0,0,0,0,0,0,0,0,0,0,0,0.21120900012456,0,0,0,0.234515359473294,0.258655952646377,0.210936824153913,0,0.260933576123073,0,0.256078609069319,0,0,0,0,0,0,0,0,0,0.215851221549309,0,0,0,0,0,0,0,0,0,0,0,0.199730360673534,0,0,0,0,0,0,0,0,0,0,0,0,0,0,0,0.283209360308117,0,0,0.277935389961515,0,0.260077341626852,0,0,0,0,0,0,0,0,0,0.199193949440876,0,0.247616975937163,0.25848849672972,0,0,0
0,0,0,0,0,0,0,0,0,0,0,0,0,0,0,0,0.219439581095778,0,0,0,0,0.272727304271289,0.22097176503379,0,0.206466797325346,0,0.270478830229279,0,0.211466059088707,0,0,0,0,0,0,0,0,0.270993181602742,0.249758859155686,0,0,0,0,0,0,0,0,0.401122929359024,0.347894580625906,0,0,0,0,0,0,0,0,0,0,0,0,0,0,0,0.283209360308117,0,0,0.252346427525793,0,0.249913016224609,0,0.178257214499044,0,0,0,0,0,0,0,0,0.255275300145149,0.263892858641015,0.232053107690954,0.272302414157062,0.363416076770851,0,0
0,0.307161767374385,0,0,0,0,0,0,0,0,0,0,0,0,0,0,0,0.208046685159206,0,0,0,0,0,0.283807040276852,0,0.299594996389279,0,0,0,0,0,0,0,0,0,0,0,0.256615911288695,0,0,0,0,0,0,0,0,0,0.336735606193542,0,0.178243771195412,0,0,0,0,0,0.3258101895,0,0,0,0,0,0,0,0,0,0,0,0,0.298280332592272,0,0.179393976926804,0,0,0,0,0,0,0,0,0,0.247423142837964,0,0.232708259471817,0,0.268878624982426,0,0
0,0,0,0,0,0,0,0,0.336233884096146,0,0,0,0,0,0,0,0,0,0,0,0,0,0.212903291379151,0,0.251467206526415,0,0.239563181996346,0,0.156610913574696,0,0,0,0,0,0,0,0,0,0.208808435457093,0,0,0,0,0,0,0,0,0.402362883608374,0.331527820000282,0,0,0,0,0,0.312576156396132,0,0,0,0,0,0,0,0,0,0,0.252346427525793,0,0,0,0,0,0.165494412183762,0,0,0,0,0,0,0,0,0,0.264888665285604,0.262885889104251,0,0.354711733606397,0,0
0,0,0,0,0,0,0,0,0,0.249577112958349,0,0,0,0,0,0,0,0.235846846305651,0,0,0,0.259737011944425,0,0.294148490114032,0,0.268290242552757,0,0,0,0,0,0,0,0,0,0,0,0,0,0,0,0,0,0,0,0,0,0,0,0,0,0,0,0,0,0.28024080521182,0,0,0,0,0,0,0,0,0.277935389961515,0,0.298280332592272,0,0,0,0,0,0,0,0,0,0,0,0,0,0,0,0.26369889270019,0.25591524814566,0,0,0
0,0,0,0,0,0,0,0,0,0,0,0,0,0,0,0,0.212063814465851,0,0,0,0,0,0.240836987892787,0,0,0,0.235087593165245,0,0.218872262476796,0,0,0,0,0,0,0,0,0,0,0,0,0,0,0,0,0,0,0,0,0,0,0,0,0,0,0,0,0,0,0,0,0,0,0,0,0.249913016224609,0,0,0,0,0,0.187776529175394,0,0,0,0,0,0,0,0,0,0,0.212468635850367,0,0,0,0
0,0,0,0,0,0,0,0,0,0,0,0,0,0,0,0,0,0,0,0,0,0.210773107680407,0,0,0,0,0,0.268709522310146,0,0.236889793333553,0,0,0,0,0,0,0,0.228460967639424,0,0,0,0,0,0,0,0,0,0,0,0.16276565939188,0,0,0,0,0,0,0,0,0,0,0,0,0,0,0.260077341626852,0,0.179393976926804,0,0,0,0,0,0.23379601602969,0,0,0,0,0,0,0,0.238902697159398,0,0.277014072320258,0.295045405870008,0,0,0
0,0,0,0,0,0,0,0,0,0,0,0,0,0,0,0,0,0,0,0,0,0,0.224042629202207,0,0,0,0,0,0.218338071449392,0,0.23481555779775,0,0,0,0,0,0,0,0.177863882854581,0,0,0,0,0,0,0,0,0.313677169125656,0.22581047268517,0,0,0,0,0,0,0,0,0,0,0,0,0,0,0,0,0.178257214499044,0,0.165494412183762,0,0.187776529175394,0,0,0,0.282226810852687,0,0,0,0,0,0,0,0.262928335169951,0.199167454171337,0,0,0,0
0,0,0,0,0,0,0,0,0,0,0,0.272099182461247,0,0.257575555427654,0,0,0,0,0.270834475755692,0,0,0,0,0,0,0,0,0.257992282055332,0,0.230379448495281,0,0,0,0,0,0,0,0.213627236836319,0,0,0,0.281121553115125,0,0,0,0,0,0,0,0.214442947008311,0,0,0,0,0,0,0,0.352640061215921,0,0.240596309304237,0,0,0.425196917142187,0,0,0,0,0,0,0,0.23379601602969,0,0,0,0,0,0,0,0,0,0.22733849882507,0,0.23278803108395,0.226777493953705,0.3013851880142,0.319061321871621,0
0.262570045888424,0,0,0,0,0,0,0,0,0,0,0,0,0,0,0,0,0,0,0,0,0,0,0,0,0,0,0,0.30494087010622,0,0.270673961593555,0,0,0,0,0,0,0,0,0,0.233324456250384,0,0.247509151697159,0,0,0,0,0,0.227972438317482,0,0,0,0,0,0,0,0,0,0,0,0,0,0,0,0,0,0,0,0,0,0,0.282226810852687,0,0,0,0,0,0,0,0,0,0.294640567889259,0,0,0.27437610453879,0,0
0,0,0,0,0,0,0,0,0,0,0,0,0,0,0,0,0,0,0,0,0,0,0,0,0,0,0,0,0,0,0,0.367285509984339,0.302300145300172,0,0,0,0.194611057639122,0,0,0,0,0,0,0,0,0,0,0.416093448050936,0,0,0,0,0,0,0,0,0,0,0,0,0,0,0,0,0,0,0,0,0,0,0,0,0,0,0,0.269874270591471,0,0,0.404072523117065,0,0,0,0.219499645961655,0,0,0,0
0,0,0,0,0,0,0,0,0,0,0,0,0,0,0,0,0,0,0,0,0,0,0,0,0,0,0,0,0,0,0,0.353827470466495,0.441711928914575,0,0,0.492135658860207,0.642815013726552,0,0,0,0,0,0,0,0,0,0,0.215256720381831,0.202692710927555,0,0,0,0,0,0,0,0,0,0,0,0,0,0,0,0,0,0,0,0,0,0,0,0,0,0.269874270591471,0,0,0.416783695635588,0,0.195405800594017,0,0.194827429950237,0,0,0,0,0
0,0,0,0,0,0,0,0,0,0,0,0,0,0,0,0,0,0,0,0,0,0,0,0,0,0,0,0,0,0,0,0,0,0.275053971129787,0.316497086594182,0,0,0.261981748231114,0.218965717307899,0,0,0,0,0,0,0,0,0.428252660110829,0,0,0,0,0,0,0,0,0,0,0,0,0,0,0,0,0,0,0,0,0,0,0,0,0,0,0,0,0,0.262689103545814,0,0,0.327089949600569,0.273912462804999,0.209671380343261,0,0,0,0
0,0,0,0,0,0,0,0,0,0,0,0,0,0,0,0,0,0,0,0,0,0,0,0,0,0,0,0,0,0,0,0,0.429378654275622,0.272653673043919,0.424281895829889,0,0.212158740793957,0.538140565156937,0.218924013276895,0,0,0,0,0,0,0,0,0.450234965559314,0.172897358735402,0.628940343856812,0,0,0,0,0,0,0,0,0,0,0,0,0,0,0,0,0,0,0,0,0,0,0,0,0,0.416783695635588,0.262689103545814,0,0,0.210193458795547,0.400303972692325,0.353551527125794,0.206653548577397,0,0,0,0
0,0.454675586687194,0,0,0,0,0,0,0,0,0,0,0,0,0,0,0,0,0.39465680809797,0.248618721786796,0,0,0,0,0,0,0,0,0,0,0,0.218185194331396,0.232478785342064,0.203949004351853,0,0.194270939837711,0.232354949467601,0.183648225333956,0,0.204006924277863,0,0.373895355833417,0,0.412631490297018,0,0.365860396375259,0,0.336657223585055,0,0.272540343279886,0,0,0,0,0,0,0,0.167513110807964,0,0,0,0,0.212702372348776,0,0,0,0,0,0,0,0,0,0,0,0.404072523117065,0,0,0,0,0.203070075999872,0.361488444365074,0,0.211558352292507,0.276815603231826,0.430008234761817,0.395333512127399,0
0.432761870324612,0,0,0,0,0,0,0,0,0,0.223028561269695,0,0,0,0,0,0.441683083772659,0,0.455736532991315,0,0.219960261757175,0,0,0,0,0,0,0,0,0,0,0.458534496171134,0.609186210874784,0,0.209491387531324,0.24277967706169,0.198352812072333,0,0.175660895532928,0,0.325397366389113,0,0.402367125136985,0,0.467852143225846,0,0.337279988862678,0.267658699735215,0.190285122909254,0,0,0,0,0,0,0,0,0,0,0,0,0,0,0.187983484086344,0,0,0,0,0,0,0,0,0,0,0,0.195405800594017,0,0.210193458795547,0.203070075999872,0,0,0.139645132696492,0.223281737376539,0.242690761732708,0.378443319132512,0,0.412814615666866
0,0.30171737447381,0,0,0,0,0,0,0,0.299466237425804,0,0.232301800304654,0,0,0,0,0,0,0.376452967314653,0.170649245695064,0,0.205703199567766,0.232899816409312,0.200612705234321,0,0,0,0.180469733687629,0,0.239432330290312,0,0,0,0.404403808897268,0.364033851653907,0.152702209479051,0,0.217361657656284,0.26705823782658,0.197247975906789,0,0.353034383012757,0,0.436092291255387,0,0.423350811004639,0,0.47976758744671,0,0.18114952975306,0,0,0,0,0,0.312442380648393,0,0.2212493895001,0,0,0,0,0.354319876432419,0,0.199193949440876,0.255275300145149,0.247423142837964,0,0,0,0.238902697159398,0,0.22733849882507,0,0,0,0.327089949600569,0.400303972692325,0.361488444365074,0,0,0.370020674077965,0.200543844223094,0.250748906120822,0.38126293517538,0.398492582361488,0
0.301318618835825,0,0,0,0,0,0,0,0.297483377054486,0,0.188048479057127,0,0,0,0.334215700626373,0,0,0,0.362296028931936,0,0,0,0.281863458251348,0,0.230632936501467,0,0,0,0.26561711371474,0,0.24236562770883,0,0,0.342268835665401,0.500543080101507,0,0.206327755854338,0.30131565357248,0.265215256364081,0,0.215449986048043,0,0.250805746333129,0,0.424950574125562,0,0.333912655711174,0.473260276161385,0.23132906460574,0.473968600233396,0,0,0,0,0.327579969738496,0,0.186967740456263,0,0.264942228794098,0,0.303486142839704,0,0,0.333681417363031,0,0.263892858641015,0,0.264888665285604,0,0,0,0.262928335169951,0,0.294640567889259,0,0.194827429950237,0.273912462804999,0.353551527125794,0,0.139645132696492,0.370020674077965,0,0.235809491962437,0.263436157199403,0.310268297561791,0,0.239432069714423
0.211712820402419,0.277164105091193,0.181718972446716,0.211131769836995,0.193333075314577,0.177875086665154,0,0,0.22119212873342,0.205311141028756,0.156689095497131,0.203722787437635,0.220475493813865,0.267343604869463,0.183077946305275,0.192230154798041,0.166391658931198,0.199109658743915,0.19028792643371,0.187203399837017,0,0.233830401540266,0.231722228312791,0.243303149544033,0.227099204878155,0.241668931757037,0.225169044657195,0.270472189509555,0.179154201523112,0.258204799246144,0,0,0,0.185286462653515,0.196208622238098,0.219787786358591,0.193533697001141,0.208481759896966,0.233158871326095,0.314783982001245,0,0.204443469582187,0.235287521763852,0.201682964922155,0.311337748335467,0.304715962589153,0.336706776155934,0.245370098485275,0.276625423537399,0.333414850418679,0.193239422085193,0.197595769929331,0,0.230875279415737,0.256841057454277,0.177404561809673,0.143464926896351,0.212684584988488,0.25654666481623,0.241691832927718,0.283873684131182,0.229595696857802,0,0,0.247616975937163,0.232053107690954,0.232708259471817,0.262885889104251,0.26369889270019,0.212468635850367,0.277014072320258,0.199167454171337,0.23278803108395,0,0.219499645961655,0,0.209671380343261,0.206653548577397,0.211558352292507,0.223281737376539,0.200543844223094,0.235809491962437,0,0.251946824776252,0.262491045348264,0.200935797599543,0.204954740603765
0.221754373314459,0.193923026323318,0.192221310876665,0,0.219900162011234,0.208574596792459,0.256251582898289,0,0.225193730383008,0.234257232434471,0.243435919284821,0.394774595541613,0.326290468922193,0.28186631147526,0.190586537122726,0.245041525803736,0.221492125736594,0.239474137317917,0.192744198683146,0,0,0.274715918662105,0.285752688294677,0,0,0.276712148827176,0.250874084131471,0.28887184204626,0,0.258449273095244,0,0,0,0,0,0.290762560449023,0.287800551419448,0.277826408394289,0.271480633998695,0,0,0,0,0,0,0,0,0,0.198476831118266,0,0.17117303237319,0,0.237383473377961,0,0.224047101140022,0.189708652055782,0,0.22890901684761,0.313935705348293,0.291324484045208,0,0.239981482629499,0,0,0.25848849672972,0.272302414157062,0,0,0.25591524814566,0,0.295045405870008,0,0.226777493953705,0,0,0,0,0,0.276815603231826,0.242690761732708,0.250748906120822,0.263436157199403,0.251946824776252,0,0.232567782203356,0,0
0.298700890587825,0.277878335993513,0.254120395216789,0.176834067025929,0.145449712850592,0,0,0,0.23942596620092,0.229324607622056,0,0,0,0,0,0,0.305569277041488,0,0.287617888548397,0,0.148985562846065,0,0,0.22256411674122,0.263957291841507,0,0,0,0,0,0,0,0,0,0,0.26284758041425,0.225947079913957,0.350866205674454,0.276024831812593,0.286646367405162,0.28859006140037,0.300800243744403,0.306494379097522,0.288958646544472,0.249680621459227,0.275138006262157,0.319215096489925,0.472112572755318,0.251838322175131,0.328035547341194,0.23680705469374,0,0,0,0.305482301792731,0.297823181941798,0.295080019819087,0.36005014528219,0.300623891189116,0,0.256100836396217,0,0.400199167306225,0.327449814856998,0,0.363416076770851,0.268878624982426,0.354711733606397,0,0,0,0,0.3013851880142,0.27437610453879,0,0,0,0,0.430008234761817,0.378443319132512,0.38126293517538,0.310268297561791,0.262491045348264,0.232567782203356,0,0.26693862488215,0.297320389469345
0,0.249504171311855,0,0,0,0,0,0,0,0,0,0,0,0,0,0,0,0,0.1787210842213,0,0,0,0,0,0,0,0,0,0,0,0,0,0,0,0,0,0,0,0,0.357748776674271,0,0.21672333151376,0,0,0,0,0,0,0,0,0,0,0,0,0,0,0,0.317587332992718,0,0,0,0,0.335593700408936,0,0,0,0,0,0,0,0,0,0.319061321871621,0,0,0,0,0,0.395333512127399,0,0.398492582361488,0,0.200935797599543,0,0.26693862488215,0,0
0.260610452128781,0,0,0,0,0,0,0,0.177903478344282,0,0,0,0,0,0,0,0.185598824173212,0,0.210760644396189,0,0,0,0,0,0,0,0,0,0,0,0,0,0,0,0,0,0,0,0.216090472520522,0,0.461347416043282,0,0.31046744199887,0,0.436663013238173,0,0,0,0.307651470104853,0,0,0,0,0,0.227451577782631,0,0,0,0,0,0,0,0,0,0,0,0,0,0,0,0,0,0,0,0,0,0,0,0,0.412814615666866,0,0.239432069714423,0.204954740603765,0,0.297320389469345,0,0
