0,0,0.206880240755923,0.230560764670372,0,0,0,0,0.28319857308813,0,0,0,0,0,0.211402969227897,0,0.344386458396912,0,0.32065491066072,0,0,0,0,0,0.337716772464605,0,0,0,0,0,0,0,0,0,0,0,0.437520980834961,0,0.313618597354782,0,0.381150563423698,0.298711314797401,0.35527329724314,0,0,0.272927731275558,0.340452916747281,0,0.300546599964125,0,0,0,0,0,0.228795899350322,0,0.29878908124837,0,0.21694361099175,0,0.198114045341558,0,0,0.355757164103644,0,0,0,0.308212303246061,0,0,0,0.301591756939888,0,0.315790556276901,0,0,0,0,0,0.393354256927225,0,0.391750307300606,0.22340072344013,0,0.364629439895314,0,0
0,0,0,0.156973697524955,0,0.114585585214875,0,0,0,0.201589938935005,0,0,0,0,0,0.220173081843292,0.263105355203152,0.329232660206881,0.356405942780631,0,0,0,0,0.298709741452845,0,0,0,0,0,0,0,0,0,0,0,0.367852130106517,0,0.317167299435191,0.479696720838547,0.391980877017031,0.298507452011108,0.376586731026848,0,0,0,0.301904832591106,0.272194176912308,0.366244581341743,0,0.254226966037892,0,0,0,0,0,0.156475881161957,0,0.26216387351354,0,0.298530985911687,0,0.2297630373252,0.316289473076661,0,0,0,0.29960223659873,0,0,0,0.301477121895757,0,0.335403980183126,0,0,0,0,0,0.379404524596883,0,0.419401249123944,0.428938359022141,0.278017591249118,0,0.358979127853744,0.287357226014137,0
0.206880240755923,0,0,0.21928559243679,0.158973531904577,0,0,0,0.14670178713277,0,0,0,0,0,0.22717596590519,0,0.250691488385201,0.262342423200607,0.255712070635387,0,0.185308741671698,0,0,0,0.254517803589503,0,0,0,0,0,0,0,0,0,0,0.20476707816124,0.25806200876832,0,0.269139915704727,0.248314768075943,0.249127234473373,0.27667104962625,0.274131021756972,0,0,0,0.259780929630039,0.329760227133246,0.204771704281008,0.24484923183918,0.190409407019615,0,0,0,0.195344581876112,0,0.274765807649364,0,0.231033556875499,0,0.214171404856782,0.21633118391037,0,0.270720967650414,0,0,0,0,0,0,0,0,0,0.315752565860748,0,0,0,0,0,0.287786080078645,0,0.321750900575093,0.241506901701476,0.19730806350708,0.219309313542987,0.304480791091919,0.264818135648966
0.230560764670372,0.156973697524955,0.21928559243679,0,0,0.189229184217685,0,0,0,0.242560888195897,0,0,0,0,0,0,0.276677191257477,0.256259196183898,0.255971316780363,0.336000929985728,0,0,0,0.230514727532864,0,0,0,0,0,0,0,0,0,0,0,0.281842076219618,0,0.235047688707709,0,0.291258270923908,0.235436871647835,0.272533245614649,0.277841031551361,0,0,0.236792589160236,0.288914561271667,0,0,0.211822338656062,0,0.26428386894986,0,0,0,0.177745639298643,0,0.294086295949376,0,0.251200624665276,0,0.212524932158893,0.376121954785453,0,0,0,0,0,0,0,0.282917545998798,0,0.315982137000963,0,0,0,0,0,0.310698653007076,0,0.371136065040316,0,0.247570297036852,0,0.265983892605994,0.269185442816127,0
0,0,0.158973531904577,0,0,0,0,0,0.129381443063418,0,0,0,0,0,0,0,0,0,0,0,0.17177747686704,0,0,0,0,0,0,0,0,0,0,0,0,0,0,0,0.194747798144817,0,0,0,0,0,0.23649178147316,0,0,0,0,0,0,0,0.174195309728384,0,0,0,0.192050588982446,0,0,0,0.218245912875448,0,0.21519790093104,0,0,0,0,0,0,0,0,0,0,0,0.266478389501572,0,0,0,0,0,0,0,0,0,0.204476698086812,0.167332624395688,0.169105628325093,0,0.267701029777527
0,0.114585585214875,0,0.189229184217685,0,0,0,0,0,0.143731193927427,0,0.149071386974791,0,0,0,0,0,0,0.283348262310028,0.169994391281815,0,0,0,0,0,0,0,0,0,0,0,0,0,0,0,0.162388460710645,0,0,0,0,0,0.250390958327513,0,0,0,0,0,0,0,0.156720913946629,0,0.137581989488431,0,0,0,0.161553698991026,0,0.154195417960485,0,0,0,0.204128876328468,0.169028300791979,0,0,0,0,0,0,0,0,0,0,0,0,0,0,0,0.20202673971653,0,0,0,0.157948562883743,0,0.210379782650206,0,0
0,0,0,0,0,0,0,0,0,0,0,0,0,0,0,0,0,0,0,0,0,0,0,0,0,0,0,0,0,0,0,0,0,0,0,0,0,0,0,0,0,0,0,0,0,0,0,0,0,0,0,0,0,0,0,0,0,0,0,0,0,0,0,0,0,0,0,0,0,0,0,0,0,0,0,0,0,0,0,0,0,0,0,0,0,0,0
0,0,0,0,0,0,0,0,0,0,0,0,0,0,0,0,0,0,0,0,0,0,0,0,0,0,0,0,0,0,0,0,0,0,0,0,0,0,0,0,0,0,0,0,0,0,0,0,0,0,0,0,0,0.167152626812458,0,0,0,0,0,0,0,0,0,0,0,0,0,0,0,0,0,0,0,0,0,0,0,0,0,0,0,0,0,0,0,0,0
0.28319857308813,0,0.14670178713277,0,0.129381443063418,0,0,0,0,0,0,0,0,0,0.176037458544092,0,0.163107667118311,0,0.228424006700516,0,0,0,0,0,0.207580708478596,0,0.184496987807123,0,0,0,0,0,0,0,0,0,0,0,0.215353169374996,0,0.266249245175949,0,0.279516645279285,0,0,0,0.290491981431842,0,0.287936189108425,0,0,0,0,0,0.170806800364517,0,0.304673299193382,0,0,0,0.180020236003567,0,0,0,0,0,0,0.181763452291489,0,0.185142336620225,0,0.316919287045797,0,0.341781630801658,0,0,0,0,0,0.318916708230972,0,0.209788135119847,0.252113446939823,0.160793162882328,0.297683846777262,0,0
0,0.201589938935005,0,0.242560888195897,0,0.143731193927427,0,0,0,0,0,0,0,0,0,0.196958772131421,0.254738613963127,0.280580103397369,0.301117449998856,0,0,0,0,0.195841106297696,0,0,0,0,0,0,0,0,0,0,0,0,0,0.18003346295126,0,0.262303531169891,0,0.273127067021348,0,0,0,0.290704184770584,0,0.352557152509689,0,0.279778935136678,0,0,0,0,0,0.170391858155097,0,0.295033874206765,0,0.290435239672661,0,0.199602685168258,0.287343891682448,0,0,0,0.155945050881969,0,0,0,0.318032608145759,0,0.328720780887774,0,0,0,0,0,0.315301716327667,0,0.181201936144914,0,0.205952792924164,0.200852360287048,0.262979486792148,0.274601942726544,0
0,0,0,0,0,0,0,0,0,0,0,0,0,0,0,0,0,0,0,0,0.130873415802346,0,0,0,0,0,0,0,0,0,0.179371925240213,0,0,0,0,0,0.173232420186722,0,0.134787951003421,0,0,0,0,0,0,0,0,0,0,0,0,0,0,0,0,0,0.182819707643318,0,0.151719399268114,0,0,0,0,0,0,0,0,0,0,0,0,0.127229899168015,0,0.202652148754146,0,0,0,0,0,0,0,0,0.150091260452481,0.144213698307673,0.19957460463047,0,0
0,0,0,0,0,0.149071386974791,0,0,0,0,0,0,0,0.13476702621626,0,0,0,0,0,0.159383032692536,0,0,0,0,0,0,0,0,0,0.185523279163302,0,0,0,0,0,0.119595377777631,0,0.14100663344644,0,0,0,0,0,0,0,0,0,0,0,0,0,0.161021891694802,0,0,0,0.166741542518139,0,0.160952268844329,0,0.145428363746615,0,0,0.162280957165517,0,0,0,0,0,0,0,0,0,0.173963838909075,0,0,0,0,0,0,0,0.137642431383332,0,0.124287739831519,0,0.189040879408518,0,0
0,0,0,0,0,0,0,0,0,0,0,0,0,0,0.198348983147434,0,0,0,0,0,0,0,0,0,0,0,0,0,0,0,0,0,0,0,0,0,0,0,0,0,0,0,0,0,0,0,0,0,0.267634524353619,0,0,0,0,0,0,0,0.163916527048538,0,0.152209956452722,0,0.24442465188577,0,0,0,0,0,0,0,0,0,0,0.12959798052907,0,0,0,0,0,0,0,0,0,0,0.133685979626927,0.205721037728446,0,0,0
0,0,0,0,0,0,0,0,0,0,0,0.13476702621626,0,0,0,0,0,0,0,0,0,0,0,0,0,0,0,0.137549281502381,0,0,0,0,0,0,0,0,0,0,0,0,0,0,0,0,0,0,0,0,0,0,0,0,0,0,0,0,0,0.125493882518066,0,0.146839720616841,0,0.185073971074853,0,0,0,0,0,0,0,0,0.168503784216367,0,0,0,0,0,0,0,0,0,0,0,0.158318417146802,0.21321136256059,0,0,0
0.211402969227897,0,0.22717596590519,0,0,0,0,0,0.176037458544092,0,0,0,0.198348983147434,0,0,0,0,0,0,0,0,0,0,0,0.165413274119298,0,0.176758961545097,0,0,0,0,0,0,0,0,0,0,0,0,0,0,0,0.272811139002442,0,0,0,0,0,0.245265723159998,0,0,0,0,0,0.224074567357699,0,0,0,0.195507657642548,0,0.226386180174523,0,0,0,0,0,0,0.159665510058403,0,0.16139978915453,0,0.248317554593086,0,0.288037918508053,0,0,0,0,0,0,0,0,0.157142397903261,0.192793115973473,0.285079273738359,0,0
0,0.220173081843292,0,0,0,0,0,0,0,0.196958772131421,0,0,0,0,0,0,0,0.124138487683189,0,0,0,0,0,0.297079294919968,0,0,0,0,0,0,0,0,0,0,0,0,0,0,0,0,0,0.300673371620393,0,0,0,0,0,0,0,0.238915723950967,0,0,0,0,0,0.190118230706037,0,0,0,0.204067397117615,0,0.190698353775131,0,0,0,0,0,0,0,0,0,0,0.283133655786514,0,0,0,0,0,0,0,0,0,0.15587691962719,0,0.274886944427572,0,0
0.344386458396912,0.263105355203152,0.250691488385201,0.276677191257477,0,0,0,0,0.163107667118311,0.254738613963127,0,0,0,0,0,0,0,0.164413996141999,0.25574746645922,0,0,0,0.137239793241024,0,0,0,0.151109783599774,0,0.160592741519213,0,0,0,0,0,0,0.309859126806259,0.336994338035583,0.347862777384845,0.30972742040952,0.296011959417508,0.293792314318768,0.241191588688728,0.251151960257249,0.234067559242249,0,0.294778869895453,0.287572924516706,0,0.320274962112308,0.297274842858315,0,0,0,0,0,0.232933799425761,0,0,0,0,0.272784441709518,0,0.306408375501633,0.286185929551721,0,0,0,0,0,0,0.257436439394951,0,0.289275602967131,0.323659499486287,0,0,0,0,0.328221310149221,0.327996574023591,0.341928745132117,0.334820114719081,0.173871739295577,0.153542400055654,0.302686342092572,0.23889154361354,0.234136033058166
0,0.329232660206881,0.262342423200607,0.256259196183898,0,0,0,0,0,0.280580103397369,0,0,0,0,0,0.124138487683189,0.164413996141999,0,0.291106593680272,0.353333353996277,0,0,0,0.269276648759842,0,0.133996531367302,0,0,0,0,0,0,0,0,0,0.32298727739941,0.296193361282349,0.374666408402845,0.279415845870972,0.293063487959643,0.303007882765748,0.245794628917331,0.244005664047741,0.249057903885841,0,0.28816442663898,0.286930099405624,0,0.355827257037163,0.25808150795373,0,0,0,0,0,0.275257468223572,0,0.29981005191803,0,0,0,0.270418703556061,0.292405354976654,0.278333857655525,0,0,0,0,0,0,0.323256506161256,0,0.314337575124751,0.312564561764399,0,0,0,0,0.338021230140178,0.326845931758483,0.356781155073724,0.326346436878303,0.205089330908202,0.130694184980967,0.305119504773225,0.235827753177056,0
0.32065491066072,0.356405942780631,0.255712070635387,0.255971316780363,0,0.283348262310028,0,0,0.228424006700516,0.301117449998856,0,0,0,0,0,0,0.25574746645922,0.291106593680272,0,0.439964331686497,0,0,0,0,0,0,0,0,0,0,0,0,0,0,0,0.390122813483079,0.400689601898193,0.416868200737559,0.370866937562823,0.313134842833807,0.331384163445387,0.212793608250642,0.219289367481814,0.203287225961685,0,0.304539711624601,0.311609514966596,0.284779498974482,0.329361384752953,0.269103962708922,0,0,0,0,0,0.24628422409296,0.281397521495819,0.322816498875618,0.273712068796158,0,0.262211352586746,0.251954041421413,0.34243997694954,0.303264609521086,0,0,0.262487575411797,0,0,0,0.330804678447106,0,0.356889380125067,0.328762804176293,0,0,0,0,0.382051258801004,0.378586815512208,0.399706795489867,0.368444791729648,0.233036156453218,0.21048142015934,0.32623745927151,0.223247911109299,0.197681317726771
0,0,0,0.336000929985728,0,0.169994391281815,0,0,0,0,0,0.159383032692536,0,0,0,0,0,0.353333353996277,0.439964331686497,0,0,0,0,0,0,0,0,0,0,0,0,0,0,0,0,0.197905168083293,0,0.181563633151798,0,0.300960808992386,0,0.286058922608693,0,0,0,0.292589887342554,0,0,0,0,0,0.281438972387049,0,0,0,0.210637822747231,0,0.245929417408564,0,0.313550146420797,0,0.271739070614179,0.217399588644828,0,0,0,0,0,0,0,0.265968263149261,0,0.291445349653562,0,0,0,0,0,0.22130371693601,0,0.206091915613495,0,0.165773761053543,0,0.396439175921691,0,0
0,0,0.185308741671698,0,0.17177747686704,0,0,0,0,0,0.130873415802346,0,0,0,0,0,0,0,0,0,0,0,0,0,0,0,0,0,0,0,0,0,0,0,0,0,0.2084373455803,0,0.19147136134486,0,0,0,0.241861313581467,0,0,0,0.269720155745745,0,0,0,0.190628216347911,0,0,0,0.199130872433836,0,0.166802984304153,0,0.270660303533077,0,0.271012937029203,0,0,0.193799879421426,0,0,0,0,0,0,0,0,0,0,0,0,0,0,0,0.238984258242056,0,0.253315601190296,0.168887925393572,0,0.233361444966017,0,0
0,0,0,0,0,0,0,0,0,0,0,0,0,0,0,0,0,0,0,0,0,0,0.127744981236216,0.15028273290585,0,0.175423578742672,0,0.115444008260965,0,0,0,0,0,0,0,0,0,0.193298022359447,0,0,0,0,0,0,0,0,0,0,0,0.196673357092282,0,0,0,0,0,0,0,0,0,0,0,0,0,0,0.20149152650265,0,0.11522650718689,0,0.180733274928359,0,0.375777977208296,0,0,0,0,0,0,0,0,0,0.234458796587991,0,0.130850805932621,0.105950855573981,0,0,0
0,0,0,0,0,0,0,0,0,0,0,0,0,0,0,0,0.137239793241024,0,0,0,0,0.127744981236216,0,0,0.177962182397113,0,0.172828876098151,0,0.122257180511951,0,0,0,0,0,0,0,0,0,0.27833931633812,0,0,0,0,0,0,0,0,0,0,0,0,0,0,0,0,0,0,0,0,0,0,0,0,0,0.116889223456383,0.209292516582757,0,0.165087646725824,0,0.167174060429846,0,0,0,0,0,0,0,0,0,0,0,0.33729232247356,0.155769141930296,0.117061470712134,0,0,0
0,0.298709741452845,0,0.230514727532864,0,0,0,0,0,0.195841106297696,0,0,0,0,0,0.297079294919968,0,0.269276648759842,0,0,0,0.15028273290585,0,0,0,0.192603607972463,0,0,0,0,0,0,0,0,0,0,0,0.198346014013727,0,0,0,0.228415288031101,0,0,0,0,0,0,0,0.275154254421955,0,0,0,0,0,0.159251376986504,0,0.317351326346397,0,0,0,0.252378352284431,0.297692075371742,0,0.194564536213875,0,0.258974101901439,0,0.20592361362651,0,0.323612749576569,0,0.327883154153824,0,0,0,0,0,0,0,0.248800630108247,0,0.131547447389517,0.154167473316193,0.262641108554343,0,0
0.337716772464605,0,0.254517803589503,0,0,0,0,0,0.207580708478596,0,0,0,0,0,0.165413274119298,0,0,0,0,0,0,0,0.177962182397113,0,0,0,0.152904501893151,0,0,0,0,0,0,0,0,0,0,0.429616332054138,0.209209334618632,0,0,0,0.198273006826639,0,0,0,0,0.275327503681183,0.211039427253935,0,0,0,0,0,0.178738096940585,0,0,0,0,0,0.16926349912371,0,0,0,0,0.168641179572535,0,0.210922835042488,0,0.158437971284273,0,0.321087032556534,0,0,0,0,0,0,0,0,0,0.226585370540619,0.223816244736498,0,0.269880900469919,0,0
0,0,0,0,0,0,0,0,0,0,0,0,0,0,0,0,0,0.133996531367302,0,0,0,0.175423578742672,0,0.192603607972463,0,0,0,0.130382299423218,0,0,0,0,0,0,0,0,0,0,0,0,0,0,0,0,0,0,0,0,0,0,0,0,0,0,0,0,0,0,0,0,0,0.209714017930578,0,0,0.194186985492706,0,0.232226627348345,0,0.174761472394947,0,0.153929190503226,0,0,0,0,0,0,0,0,0,0,0,0.15894683599472,0,0,0,0
0,0,0,0,0,0,0,0,0.184496987807123,0,0,0,0,0,0.176758961545097,0,0.151109783599774,0,0,0,0,0,0.172828876098151,0,0.152904501893151,0,0,0,0.142358786837999,0,0,0,0,0,0,0,0,0,0,0,0,0,0,0,0,0,0,0,0,0,0,0,0,0,0,0,0,0,0,0,0.169635355472565,0,0,0,0,0,0,0,0,0.161622909790331,0,0,0,0,0,0,0,0,0,0,0,0,0.139286416769028,0,0,0,0
0,0,0,0,0,0,0,0,0,0,0,0,0,0.137549281502381,0,0,0,0,0,0,0,0.115444008260965,0,0,0,0.130382299423218,0,0,0,0.188962378849586,0,0,0,0,0,0,0,0,0,0,0,0,0,0,0,0,0,0,0,0,0,0,0,0,0,0,0,0,0,0.149470247328281,0,0,0,0,0,0,0,0,0,0,0.199077397223237,0,0,0,0,0,0,0,0,0,0,0,0.147528055089491,0.147034326568246,0,0,0
0,0,0,0,0,0,0,0,0,0,0,0,0,0,0,0,0.160592741519213,0,0,0,0,0,0.122257180511951,0,0,0,0.142358786837999,0,0,0,0.143712803903149,0,0,0,0,0,0,0,0.13013256713748,0,0,0,0,0,0,0,0,0,0,0,0,0,0,0,0,0,0,0,0.15283165872097,0,0,0,0,0,0,0.125903639569879,0,0,0,0,0,0.150790879782741,0,0.155720154444377,0,0,0,0,0,0,0,0.143551597992579,0.135260743613558,0.134346589911729,0,0,0
0,0,0,0,0,0,0,0,0,0,0,0.185523279163302,0,0,0,0,0,0,0,0,0,0,0,0,0,0,0,0.188962378849586,0,0,0,0,0,0,0,0,0,0.123251311396333,0,0,0,0,0,0,0,0,0,0,0,0,0,0,0,0,0,0,0,0.154112183397085,0,0,0,0,0,0,0,0,0,0,0,0,0,0,0.145962668919688,0,0,0,0,0,0,0,0,0,0.119748754426837,0,0,0,0
0,0,0,0,0,0,0,0,0,0,0.179371925240213,0,0,0,0,0,0,0,0,0,0,0,0,0,0,0,0,0,0.143712803903149,0,0,0,0,0,0,0,0,0,0.162721174500333,0,0,0,0,0,0,0,0,0,0,0,0,0,0,0,0,0,0.124402865767479,0,0,0,0,0,0,0,0,0,0,0,0,0,0,0.131982998751058,0,0.150446205837837,0,0,0,0,0,0,0,0.184523837846153,0.145962934455146,0,0,0,0
0,0,0,0,0,0,0,0,0,0,0,0,0,0,0,0,0,0,0,0,0,0,0,0,0,0,0,0,0,0,0,0,0.153241369128227,0.330383511053191,0,0.270497643876643,0.146366712091298,0,0,0.334608793258667,0,0,0,0,0,0,0,0.299163409379298,0.398626029491425,0.425504714250565,0,0,0,0,0,0,0,0,0,0,0,0,0,0,0,0,0,0,0,0,0,0,0,0,0.181109149526673,0.158172739075648,0.138034054388603,0,0.273130497280157,0.319217501829068,0,0,0.170743958926515,0,0.429167024294535,0,0
0,0,0,0,0,0,0,0,0,0,0,0,0,0,0,0,0,0,0,0,0,0,0,0,0,0,0,0,0,0,0,0.153241369128227,0,0,0,0.227455265820026,0.164273635126077,0,0,0,0,0,0,0,0,0,0,0.225131878554821,0,0,0,0,0,0,0,0,0,0,0,0,0,0,0,0,0,0,0,0,0,0,0,0,0,0,0.14887847589242,0.163071839494884,0,0.134784998993079,0,0.27059040037838,0,0,0.143934833705425,0,0,0,0
0,0,0,0,0,0,0,0,0,0,0,0,0,0,0,0,0,0,0,0,0,0,0,0,0,0,0,0,0,0,0,0.330383511053191,0,0,0.145284523140557,0.205273141121042,0,0.222925625547119,0,0,0,0,0,0,0,0,0,0.318676448078557,0,0.321058971186479,0,0,0,0,0,0,0,0,0,0,0,0,0,0,0,0,0,0,0,0,0,0,0,0,0,0,0.166564823200379,0.181113799604086,0.301141857273049,0,0.264298549542824,0.299051722884178,0.164128589406004,0.148250326514244,0.472289830446243,0,0
0,0,0,0,0,0,0,0,0,0,0,0,0,0,0,0,0,0,0,0,0,0,0,0,0,0,0,0,0,0,0,0,0,0.145284523140557,0,0,0.130467744140895,0.15705506876111,0.176986044382348,0,0,0.519594475626945,0,0,0,0,0,0.400620760974284,0.40310537815094,0.564952924847603,0,0,0,0,0,0,0,0,0,0,0,0,0,0,0,0,0,0,0,0,0,0,0,0,0,0,0.148744529916667,0.205793018105686,0,0.274596691131592,0,0.296317955564994,0.193101072512197,0.286641269922256,0.551825886964798,0,0
0,0.367852130106517,0.20476707816124,0.281842076219618,0,0.162388460710645,0,0,0,0,0,0.119595377777631,0,0,0,0,0.309859126806259,0.32298727739941,0.390122813483079,0.197905168083293,0,0,0,0,0,0,0,0,0,0,0,0.270497643876643,0.227455265820026,0.205273141121042,0,0,0.205316764388697,0.208006722370188,0.16407868762811,0.360278606414795,0.231863861903548,0.244347326329042,0.296646773815155,0,0,0.275588711141914,0.318377539515495,0.334367988550145,0.257340610027313,0.229201227426529,0,0.24197612142279,0,0,0,0.200591792662938,0.206935614347458,0.17603278230073,0,0.278972057359559,0,0.2157728550109,0.217877726676958,0,0,0,0,0,0,0,0,0,0.289414910370843,0,0.129184841612975,0.351393930613995,0.169002971296961,0,0.236028932701046,0.200497298994719,0.235041850334257,0.308174103498459,0.170188622973225,0.164185887935464,0.26586897602617,0.235081199556589,0
0.437520980834961,0,0.25806200876832,0,0.194747798144817,0,0,0,0,0,0.173232420186722,0,0,0,0,0,0.336994338035583,0.296193361282349,0.400689601898193,0,0.2084373455803,0,0,0,0,0,0,0,0,0,0,0.146366712091298,0.164273635126077,0,0.130467744140895,0.205316764388697,0,0,0.223871979463503,0,0.271829787109579,0,0.291591099079917,0,0,0,0.291033588625767,0.322368374013382,0.296740541855494,0.338818520307541,0.226744475109237,0,0,0,0.201655195405086,0,0.162818611156745,0,0.245138285191436,0,0.233986830839547,0,0,0.210249872643821,0,0,0,0,0,0,0,0,0,0,0,0.202408339555671,0,0.188356857092781,0.280508221798829,0.235997442083798,0,0.240192787910865,0.178164736533121,0.158380912013758,0.240074470722013,0,0
0,0.317167299435191,0,0.235047688707709,0,0,0,0,0,0.18003346295126,0,0.14100663344644,0,0,0,0,0.347862777384845,0.374666408402845,0.416868200737559,0.181563633151798,0,0.193298022359447,0,0.198346014013727,0.429616332054138,0,0,0,0,0.123251311396333,0,0,0,0.222925625547119,0.15705506876111,0.208006722370188,0,0,0.522769553016643,0.355671222011248,0.303805530071259,0.294446891846777,0,0,0,0.284192219547281,0.337333984673023,0.678265347362992,0,0.291772172100259,0,0,0,0,0,0.175945200957358,0,0.158585437831465,0,0,0,0.285632795757718,0.26551772433833,0,0.23278021970216,0,0.192214925608207,0.397942135731379,0.245999336242676,0,0.321579942364752,0,0.213529990174653,0,0,0,0.170726428856142,0.16873836517334,0.247146686743222,0.36453939974308,0.250764702325527,0.606115789711475,0.357851982265932,0.158192615096386,0.3126815130555,0.244540885090828,0
0.313618597354782,0.479696720838547,0.269139915704727,0,0,0,0,0,0.215353169374996,0,0.134787951003421,0,0,0,0,0,0.30972742040952,0.279415845870972,0.370866937562823,0,0.19147136134486,0,0.27833931633812,0,0.209209334618632,0,0,0,0.13013256713748,0,0.162721174500333,0,0,0,0.176986044382348,0.16407868762811,0.223871979463503,0.522769553016643,0,0,0.285118383169174,0.366059243679047,0.306621770891878,0,0,0,0.297558660420139,0.620489877293405,0.282599065984998,0.482442140579224,0,0,0,0,0.185667618914367,0,0.130999932006786,0,0,0,0.241591925422351,0,0,0.233004182605625,0,0.290589363671459,0.413221191975378,0.218229631984487,0,0,0,0.150309054447072,0,0.139971471575967,0,0,0,0.240197833008272,0,0.27308224353081,0.555190551699254,0.219095035771964,0.355690218968801,0,0.320027200617487,0.348087996244431,0
0,0.391980877017031,0.248314768075943,0.291258270923908,0,0,0,0,0,0.262303531169891,0,0,0,0,0,0,0.296011959417508,0.293063487959643,0.313134842833807,0.300960808992386,0,0,0,0,0,0,0,0,0,0,0,0.334608793258667,0,0,0,0.360278606414795,0,0.355671222011248,0,0,0.312077192323548,0.275076872478945,0.263427438007461,0.284329718863121,0,0.302661539883249,0.297679862071728,0.457181667013722,0.491144259061132,0.511983404002148,0,0,0,0,0,0.269676553515288,0,0.297910413571766,0,0,0.247615680098534,0.266796333094438,0.294640904953403,0,0,0,0,0,0,0,0.308002203702927,0,0.314833601783304,0.337738543748856,0,0,0,0,0.274363336963985,0.317037481069565,0.345378506855637,0.321788853406906,0.311119749227916,0,0.287228014578871,0.274934242400578,0
0.381150563423698,0.298507452011108,0.249127234473373,0.235436871647835,0,0,0,0,0.266249245175949,0,0,0,0,0,0,0,0.293792314318768,0.303007882765748,0.331384163445387,0,0,0,0,0,0,0,0,0,0,0,0,0,0,0,0,0.231863861903548,0.271829787109579,0.303805530071259,0.285118383169174,0.312077192323548,0,0.288474827176995,0.264723771060855,0,0,0.309228625562456,0.270736864632484,0.375767630125795,0.300804435578455,0.365866214036942,0,0,0,0,0.261886820197105,0,0.297231018543243,0,0.262733370065689,0,0.248698780934016,0,0,0.262241115172704,0,0,0,0,0,0,0,0.276567801833153,0.293675929307938,0.308406943827867,0,0,0,0,0.262990594558094,0.321202882918437,0.338160555809736,0.300455450797252,0.313842216541308,0,0.235253403679683,0,0.244365026845652
0.298711314797401,0.376586731026848,0.27667104962625,0.272533245614649,0,0.250390958327513,0,0,0,0.273127067021348,0,0,0,0,0,0.300673371620393,0.241191588688728,0.245794628917331,0.212793608250642,0.286058922608693,0,0,0,0.228415288031101,0,0,0,0,0,0,0,0,0,0,0.519594475626945,0.244347326329042,0,0.294446891846777,0.366059243679047,0.275076872478945,0.288474827176995,0,0.266837640186129,0.216190022598837,0,0.309770340986142,0.257959178902886,0.50709965419191,0.443565548583865,0.384989952959278,0,0.218083019439991,0,0,0.263416156172752,0.260381010722929,0,0.307196758046055,0.263070002198219,0.281267535872757,0.264734516541163,0.305392133746265,0.320834497723983,0.275952398777008,0,0,0.260730810311376,0,0.31236457824707,0,0.321278797306177,0,0.326684290450403,0.298768326640129,0,0,0,0,0.27870016811432,0.292648234094183,0.313331874543863,0.315185856360656,0.29149747481551,0.234327211976051,0.302337905037837,0.283585907392583,0
0.35527329724314,0,0.274131021756972,0.277841031551361,0.23649178147316,0,0,0,0.279516645279285,0,0,0,0,0,0.272811139002442,0,0.251151960257249,0.244005664047741,0.219289367481814,0,0.241861313581467,0,0,0,0.198273006826639,0,0,0,0,0,0,0,0,0,0,0.296646773815155,0.291591099079917,0,0.306621770891878,0.263427438007461,0.264723771060855,0.266837640186129,0,0,0,0.266577980481088,0.28675058634153,0.477116661490494,0.369827531899851,0.448561428975658,0.22165110707283,0,0,0,0.261568554879531,0.233835135897001,0.301224430544036,0,0.257950362982228,0,0.269517828467978,0.233567029237747,0.291624292731285,0.271964938538112,0,0,0,0.27302348613739,0,0,0,0.314286736384878,0.268718654289842,0.332245572410319,0,0,0,0,0.293986720534471,0.303678119271916,0.285707274079323,0.321396836435557,0.2844541079288,0.181889357475134,0.30431477474979,0.345726584394773,0.320858678901973
0,0,0,0,0,0,0,0,0,0,0,0,0,0,0,0,0.234067559242249,0.249057903885841,0.203287225961685,0,0,0,0,0,0,0,0,0,0,0,0,0,0,0,0,0,0,0,0,0.284329718863121,0,0.216190022598837,0,0,0,0.332291344615901,0,0,0,0,0,0,0,0,0,0,0,0,0,0,0,0,0.307137221097946,0,0,0,0,0,0,0,0,0,0,0,0,0,0,0,0.326542291641235,0,0.343871206045151,0,0.237731818109751,0,0.284982229130609,0.215617325156927,0
0,0,0,0,0,0,0,0,0,0,0,0,0,0,0,0,0,0,0,0,0,0,0,0,0,0,0,0,0,0,0,0,0,0,0,0,0,0,0,0,0,0,0,0,0,0,0,0,0,0,0,0,0,0,0,0,0,0,0,0,0,0,0,0,0,0,0,0,0,0,0,0,0,0,0,0,0,0,0,0,0,0,0,0,0,0,0
0.272927731275558,0.301904832591106,0,0.236792589160236,0,0,0,0,0,0.290704184770584,0,0,0,0,0,0,0.294778869895453,0.28816442663898,0.304539711624601,0.292589887342554,0,0,0,0,0,0,0,0,0,0,0,0,0,0,0,0.275588711141914,0,0.284192219547281,0,0.302661539883249,0.309228625562456,0.309770340986142,0.266577980481088,0.332291344615901,0,0,0.29956072442075,0,0,0.224924355873774,0,0,0,0,0,0.217898347863445,0,0.261153937191577,0,0.265854187309742,0.273393303155899,0.218322724724809,0.277781747791263,0.297918409109116,0,0,0,0,0,0,0.282490383614512,0,0.287370773455868,0.284725626309713,0,0,0,0,0.289682027823374,0.325662010594418,0.292511113550011,0.31746850588492,0.298462217181015,0.294998437166214,0.296810083830135,0.279663298680232,0
0.340452916747281,0.272194176912308,0.259780929630039,0.288914561271667,0,0,0,0,0.290491981431842,0,0,0,0,0,0,0,0.287572924516706,0.286930099405624,0.311609514966596,0,0.269720155745745,0,0,0,0,0,0,0,0,0,0,0,0,0,0,0.318377539515495,0.291033588625767,0.337333984673023,0.297558660420139,0.297679862071728,0.270736864632484,0.257959178902886,0.28675058634153,0,0,0.29956072442075,0,0.306162244998492,0.251684644410753,0.263746201992035,0,0,0,0,0.2483111258064,0.268726855516434,0.274785901109378,0,0.237281680107117,0,0.239189904928207,0.211586698889732,0.289419025182724,0.253953110528063,0,0,0,0,0,0,0.285570740699768,0.275069028139114,0.271079951098987,0.290134586978192,0,0,0,0,0.329970271963822,0.271188415158196,0.312933364196828,0.323445320002935,0.287793133909276,0,0.266322040102111,0.269090577960014,0.253743301145732
0,0.366244581341743,0.329760227133246,0,0,0,0,0,0,0.352557152509689,0,0,0,0,0,0,0,0,0.284779498974482,0,0,0,0,0,0.275327503681183,0,0,0,0,0,0,0.299163409379298,0.225131878554821,0.318676448078557,0.400620760974284,0.334367988550145,0.322368374013382,0.678265347362992,0.620489877293405,0.457181667013722,0.375767630125795,0.50709965419191,0.477116661490494,0,0,0,0.306162244998492,0,0.412499764185009,0.483737461557492,0,0,0,0,0.305142648518085,0,0.267893999814987,0,0,0,0.295602745480008,0,0,0,0,0,0.388617023825645,0.331202745437622,0,0,0,0,0,0,0.317714607842218,0.298834312664562,0.186611415870885,0.444077938135746,0.353613892093647,0.351729676438564,0.578038944542408,0.696144019329877,0.532770261033831,0.245044037699699,0.514456759235291,0.461964190006256,0.479988157749176
0.300546599964125,0,0.204771704281008,0,0,0,0,0,0.287936189108425,0,0,0,0.267634524353619,0,0.245265723159998,0,0.320274962112308,0.355827257037163,0.329361384752953,0,0,0,0,0,0.211039427253935,0,0,0,0,0,0,0.398626029491425,0,0,0.40310537815094,0.257340610027313,0.296740541855494,0,0.282599065984998,0.491144259061132,0.300804435578455,0.443565548583865,0.369827531899851,0,0,0,0.251684644410753,0.412499764185009,0,0.441665648054999,0,0,0,0,0.328929614807878,0,0.282000139355659,0,0.253896078183537,0,0.261174724263339,0,0,0.277567132065694,0,0,0,0.277910480896632,0,0.347685363803591,0,0.302618771791458,0,0.309308876593908,0,0.395029498264194,0,0,0.339682951569557,0.329703187225042,0,0.271950698457658,0.430692200143755,0,0.414515954993173,0,0.371275141835213
0,0.254226966037892,0.24484923183918,0.211822338656062,0,0.156720913946629,0,0,0,0.279778935136678,0,0,0,0,0,0.238915723950967,0.297274842858315,0.25808150795373,0.269103962708922,0,0,0.196673357092282,0,0.275154254421955,0,0,0,0,0,0,0,0.425504714250565,0,0.321058971186479,0.564952924847603,0.229201227426529,0.338818520307541,0.291772172100259,0.482442140579224,0.511983404002148,0.365866214036942,0.384989952959278,0.448561428975658,0,0,0.224924355873774,0.263746201992035,0.483737461557492,0.441665648054999,0,0,0.200016863644123,0,0,0,0.211673427687352,0,0.280624774509463,0,0.2990541717348,0,0.265087367910327,0.278246084397489,0,0.202072229777784,0,0.201192021369934,0,0.252212736948964,0,0.288394180112991,0,0.319704820606552,0,0,0.341749598582586,0,0,0.317165526808525,0,0.326968334813034,0,0.474055018107918,0,0.408606189538517,0.310487313462155,0
0,0,0.190409407019615,0,0.174195309728384,0,0,0,0,0,0,0,0,0,0,0,0,0,0,0,0.190628216347911,0,0,0,0,0,0,0,0,0,0,0,0,0,0,0,0.226744475109237,0,0,0,0,0,0.22165110707283,0,0,0,0,0,0,0,0,0,0,0,0.159843042492867,0,0.196982856182491,0,0.205695226788521,0,0,0,0,0.195223186910152,0,0,0,0,0,0,0,0,0,0,0,0,0,0,0,0.241251373456584,0,0,0.213790710104836,0,0.217758524607528,0,0
0,0,0,0.26428386894986,0,0.137581989488431,0,0,0,0,0,0.161021891694802,0,0,0,0,0,0,0,0.281438972387049,0,0,0,0,0,0,0,0,0,0,0,0,0,0,0,0.24197612142279,0,0,0,0,0,0.218083019439991,0,0,0,0,0,0,0,0.200016863644123,0,0,0,0,0,0.113946959376335,0,0.211501514166594,0,0.26413668692112,0,0,0.234401724735896,0,0,0,0,0,0,0,0.268478542566299,0,0,0,0,0,0,0,0.259003704428673,0,0,0,0.209332400294537,0,0.236399215439822,0.213657364249229,0
0,0,0,0,0,0,0,0,0,0,0,0,0,0,0,0,0,0,0,0,0,0,0,0,0,0,0,0,0,0,0,0,0,0,0,0,0,0,0,0,0,0,0,0,0,0,0,0,0,0,0,0,0,0,0,0,0.159344816437134,0,0,0,0,0,0,0,0,0,0,0,0,0,0,0,0,0,0,0,0,0,0,0,0,0,0,0,0,0,0
0,0,0,0,0,0,0,0.167152626812458,0,0,0,0,0,0,0,0,0,0,0,0,0,0,0,0,0,0,0,0,0,0,0,0,0,0,0,0,0,0,0,0,0,0,0,0,0,0,0,0,0,0,0,0,0,0,0,0,0,0.154124143533409,0,0,0,0,0,0,0,0,0,0,0,0,0,0,0,0,0,0,0,0,0,0,0,0,0,0,0,0,0
0.228795899350322,0,0.195344581876112,0,0.192050588982446,0,0,0,0.170806800364517,0,0,0,0,0,0.224074567357699,0,0,0,0,0,0.199130872433836,0,0,0,0.178738096940585,0,0,0,0,0,0,0,0,0,0,0,0.201655195405086,0,0.185667618914367,0,0.261886820197105,0.263416156172752,0.261568554879531,0,0,0,0.2483111258064,0.305142648518085,0.328929614807878,0,0.159843042492867,0,0,0,0,0,0.236019343137741,0,0,0,0.207902236896403,0,0,0.197277989983559,0,0,0,0.168487179454323,0,0,0,0.297462970018387,0,0.298289722204208,0,0,0,0,0,0.211492858827114,0.360578805208206,0.182700571934542,0.244609121366801,0.188801012933254,0.234309349910301,0,0
0,0.156475881161957,0,0.177745639298643,0,0.161553698991026,0,0,0,0.170391858155097,0,0.166741542518139,0,0,0,0.190118230706037,0.232933799425761,0.275257468223572,0.24628422409296,0.210637822747231,0,0,0,0.159251376986504,0,0,0,0,0,0,0,0,0,0,0,0.200591792662938,0,0.175945200957358,0,0.269676553515288,0,0.260381010722929,0.233835135897001,0,0,0.217898347863445,0.268726855516434,0,0,0.211673427687352,0,0.113946959376335,0,0,0,0,0,0.242729097604752,0,0,0,0.268086932599545,0.220859524607658,0,0,0,0.137496075984361,0,0,0,0.264518337945143,0,0.27851022084554,0,0,0,0,0,0.234105791648229,0,0.154693911765136,0,0.19608960964463,0.186982462448733,0.230037407686071,0.237691903486848,0
0.29878908124837,0,0.274765807649364,0,0,0,0,0,0.304673299193382,0,0.182819707643318,0,0.163916527048538,0,0,0,0,0,0.281397521495819,0,0.166802984304153,0,0,0,0,0,0,0,0,0,0.124402865767479,0,0,0,0,0.206935614347458,0.162818611156745,0,0.130999932006786,0,0.297231018543243,0,0.301224430544036,0,0,0,0.274785901109378,0.267893999814987,0.282000139355659,0,0.196982856182491,0,0.159344816437134,0,0.236019343137741,0,0,0,0.246820578224038,0,0.287121057510376,0,0,0.252263846258449,0,0,0,0,0,0,0,0.369795002575432,0,0.223776634615059,0,0,0,0,0,0.301954402100472,0,0,0.164477178540962,0,0.336332392871283,0,0
0,0.26216387351354,0,0.294086295949376,0,0.154195417960485,0,0,0,0.295033874206765,0,0.160952268844329,0,0.125493882518066,0,0,0,0.29981005191803,0.322816498875618,0.245929417408564,0,0,0,0.317351326346397,0,0,0,0,0,0.154112183397085,0,0,0,0,0,0.17603278230073,0,0.158585437831465,0,0.297910413571766,0,0.307196758046055,0,0,0,0.261153937191577,0,0,0,0.280624774509463,0,0.211501514166594,0,0.154124143533409,0,0.242729097604752,0,0,0,0.260809120873403,0,0.241926552106937,0.247885121933439,0,0,0,0.298010766506195,0,0.249554082751274,0,0.312008670969586,0,0.291990224794769,0,0,0,0,0,0.318836428321801,0,0.176668081432581,0,0.23397707570568,0,0.276763072070857,0.299889986004148,0
0.21694361099175,0,0.231033556875499,0,0.218245912875448,0,0,0,0,0,0.151719399268114,0,0.152209956452722,0,0.195507657642548,0,0,0,0.273712068796158,0,0.270660303533077,0,0,0,0,0,0,0,0.15283165872097,0,0,0,0,0,0,0,0.245138285191436,0,0,0,0.262733370065689,0.263070002198219,0.257950362982228,0,0,0,0.237281680107117,0,0.253896078183537,0,0.205695226788521,0,0,0,0,0,0.246820578224038,0,0,0,0.258433697479112,0,0,0.283650541847402,0,0,0,0,0,0,0,0,0,0,0,0,0,0,0,0.26729980957779,0.296643853187561,0,0.223864621277583,0.232794806361198,0.275972318694107,0.234577640891075,0
0,0.298530985911687,0,0.251200624665276,0,0,0,0,0,0.290435239672661,0,0.145428363746615,0,0.146839720616841,0,0.204067397117615,0,0,0,0.313550146420797,0,0,0,0,0,0,0,0.149470247328281,0,0,0,0,0,0,0,0.278972057359559,0,0,0,0,0,0.281267535872757,0,0,0,0.265854187309742,0,0,0,0.2990541717348,0,0.26413668692112,0,0,0,0,0,0.260809120873403,0,0,0,0.199627726393587,0.268805843725633,0,0,0,0,0,0.262416486938794,0,0.314838649907915,0,0.338675748794637,0,0,0,0,0,0.301447344176909,0,0.357640296220779,0,0.247478253566302,0,0.268537210599746,0,0
0.198114045341558,0,0.214171404856782,0,0.21519790093104,0,0,0,0.180020236003567,0,0,0,0.24442465188577,0,0.226386180174523,0,0.272784441709518,0,0.262211352586746,0,0.271012937029203,0,0,0,0.16926349912371,0,0.169635355472565,0,0,0,0,0,0,0,0,0,0.233986830839547,0,0.241591925422351,0.247615680098534,0.248698780934016,0.264734516541163,0.269517828467978,0,0,0.273393303155899,0.239189904928207,0.295602745480008,0.261174724263339,0,0,0,0,0,0.207902236896403,0,0.287121057510376,0,0.258433697479112,0,0,0,0,0.254229310899973,0,0,0,0.170916280494286,0,0.190753089126788,0,0,0,0.277149086859491,0,0,0,0,0.314735323190689,0.249529636529989,0,0.303194727586663,0.226178886953759,0.235570967197418,0.273526534722134,0,0.254886753857136
0,0.2297630373252,0.21633118391037,0.212524932158893,0,0.204128876328468,0,0,0,0.199602685168258,0,0,0,0.185073971074853,0,0.190698353775131,0,0.270418703556061,0.251954041421413,0.271739070614179,0,0,0,0.252378352284431,0,0.209714017930578,0,0,0,0,0,0,0,0,0,0.2157728550109,0,0.285632795757718,0,0.266796333094438,0,0.305392133746265,0.233567029237747,0,0,0.218322724724809,0.211586698889732,0,0,0.265087367910327,0,0,0,0,0,0.268086932599545,0,0.241926552106937,0,0.199627726393587,0,0,0,0,0,0,0,0,0.202742025166928,0,0.305398205579337,0,0.327809593763696,0,0,0,0,0,0.269998870324343,0,0.320599174634977,0,0.202437320458038,0,0.258895381499838,0.246388524770737,0
0,0.316289473076661,0,0.376121954785453,0,0.169028300791979,0,0,0,0.287343891682448,0,0.162280957165517,0,0,0,0,0.306408375501633,0.292405354976654,0.34243997694954,0.217399588644828,0,0,0,0.297692075371742,0,0,0,0,0,0,0,0,0,0,0,0.217877726676958,0,0.26551772433833,0,0.294640904953403,0,0.320834497723983,0.291624292731285,0.307137221097946,0,0.277781747791263,0.289419025182724,0,0,0.278246084397489,0,0.234401724735896,0,0,0,0.220859524607658,0,0.247885121933439,0,0.268805843725633,0,0,0,0,0,0,0,0,0,0,0.294672129897489,0,0.322759993228258,0,0,0,0,0,0.262163246162685,0,0.314000585148316,0.348441332578659,0.256398502737284,0,0.335921397323631,0.279755393664042,0
0.355757164103644,0,0.270720967650414,0,0,0,0,0,0,0,0,0,0,0,0,0,0.286185929551721,0.278333857655525,0.303264609521086,0,0.193799879421426,0,0,0,0,0,0,0,0,0,0,0,0,0,0,0,0.210249872643821,0,0.233004182605625,0,0.262241115172704,0.275952398777008,0.271964938538112,0,0,0.297918409109116,0.253953110528063,0,0.277567132065694,0,0.195223186910152,0,0,0,0.197277989983559,0,0.252263846258449,0,0.283650541847402,0,0.254229310899973,0,0,0,0,0,0,0,0,0,0,0,0.244730353355408,0.247463931346081,0,0,0,0,0,0.261386231831796,0,0.307242094756523,0.223694936317556,0,0.285279435505246,0,0.250211656093597
0,0,0,0,0,0,0,0,0,0,0,0,0,0,0,0,0,0,0,0,0,0.20149152650265,0.116889223456383,0.194564536213875,0,0.194186985492706,0,0,0,0,0,0,0,0,0,0,0,0.23278021970216,0,0,0,0,0,0,0,0,0,0,0,0.202072229777784,0,0,0,0,0,0,0,0,0,0,0,0,0,0,0,0,0.171853013250024,0,0.25234480202198,0,0.318283963304799,0,0,0,0,0,0,0,0,0,0.290372827197345,0,0.144302136417645,0.108908347785473,0,0,0
0,0,0,0,0,0,0,0,0,0,0,0,0,0,0,0,0,0,0,0,0,0,0.209292516582757,0,0.168641179572535,0,0,0,0.125903639569879,0,0,0,0,0,0,0,0,0,0.290589363671459,0,0,0,0,0,0,0,0,0,0,0,0,0,0,0,0,0,0,0,0,0,0,0,0,0,0,0,0,0.222813083430663,0,0,0,0,0,0,0,0,0,0,0,0,0.581598997116089,0.392949995685773,0.22083726627262,0.117954249680042,0,0,0
0,0.29960223659873,0,0,0,0,0,0,0,0.155945050881969,0,0,0,0,0,0,0,0,0.262487575411797,0,0,0.11522650718689,0,0.258974101901439,0,0.232226627348345,0,0,0,0,0,0,0,0,0,0,0,0.192214925608207,0.413221191975378,0,0,0.260730810311376,0,0,0,0,0,0.388617023825645,0,0.201192021369934,0,0,0,0,0,0.137496075984361,0,0.298010766506195,0,0,0,0,0,0,0.171853013250024,0,0,0.347585797309875,0.290803092497366,0,0,0,0,0,0,0,0,0,0,0,0.184380466026245,0.448235642164946,0.282883548736572,0,0.195979941618669,0,0
0.308212303246061,0,0,0,0,0,0,0,0.181763452291489,0,0,0,0,0,0.159665510058403,0,0,0,0,0,0,0,0.165087646725824,0,0.210922835042488,0,0,0,0,0,0,0,0,0,0,0,0,0.397942135731379,0.218229631984487,0,0,0,0.27302348613739,0,0,0,0,0.331202745437622,0.277910480896632,0,0,0,0,0,0.168487179454323,0,0,0,0,0,0.170916280494286,0,0,0,0,0.222813083430663,0.347585797309875,0,0,0.191269569098949,0,0,0,0,0,0,0,0,0,0,0.486740291118622,0.230589138877809,0.230488741386483,0,0.221418113587145,0,0
0,0,0,0,0,0,0,0,0,0,0,0,0,0,0,0,0,0,0,0,0,0.180733274928359,0,0.20592361362651,0,0.174761472394947,0,0,0,0,0,0,0,0,0,0,0,0.245999336242676,0,0,0,0.31236457824707,0,0,0,0,0,0,0,0.252212736948964,0,0,0,0,0,0,0,0.249554082751274,0,0.262416486938794,0,0.202742025166928,0,0,0.25234480202198,0,0.290803092497366,0,0,0,0.248960876103603,0,0.349468268454075,0,0,0,0,0,0,0,0.276908875908703,0,0.160532244614192,0,0.226205017227326,0,0
0,0,0,0,0,0,0,0,0.185142336620225,0,0,0,0,0,0.16139978915453,0,0,0,0,0,0,0,0.167174060429846,0,0.158437971284273,0,0.161622909790331,0,0,0,0,0,0,0,0,0,0,0,0,0,0,0,0,0,0,0,0,0,0.347685363803591,0,0,0,0,0,0,0,0,0,0,0,0.190753089126788,0,0,0,0,0,0,0.191269569098949,0,0,0,0,0,0,0,0,0,0,0,0,0,0,0.141118049621582,0,0.310692144316785,0,0
0,0.301477121895757,0,0.282917545998798,0,0,0,0,0,0.318032608145759,0,0,0,0.168503784216367,0,0,0.257436439394951,0.323256506161256,0.330804678447106,0.265968263149261,0,0.375777977208296,0,0.323612749576569,0,0.153929190503226,0,0.199077397223237,0,0,0,0,0,0,0,0,0,0.321579942364752,0,0.308002203702927,0,0.321278797306177,0,0,0,0.282490383614512,0.285570740699768,0,0,0.288394180112991,0,0.268478542566299,0,0,0,0.264518337945143,0,0.312008670969586,0,0.314838649907915,0,0.305398205579337,0.294672129897489,0,0.318283963304799,0,0,0,0.248960876103603,0,0,0,0.360883720369147,0,0,0,0,0,0.305379867553711,0,0.32091321867819,0,0.327102996721551,0,0.299727742730072,0.333401815593243,0
0.301591756939888,0,0,0,0,0,0,0,0.316919287045797,0,0.127229899168015,0,0.12959798052907,0,0.248317554593086,0,0,0,0,0,0,0,0,0,0.321087032556534,0,0,0,0.150790879782741,0,0.131982998751058,0,0,0,0,0,0,0,0.150309054447072,0,0.276567801833153,0,0.314286736384878,0,0,0,0.275069028139114,0,0.302618771791458,0,0,0,0,0,0.297462970018387,0,0.369795002575432,0,0,0,0,0,0,0,0,0,0,0,0,0,0,0,0,0.330541484057903,0,0,0,0,0,0,0,0.211492160263793,0.265002953819931,0,0.357282651142335,0,0
0,0.335403980183126,0,0.315982137000963,0.266478389501572,0,0,0,0,0.328720780887774,0,0.173963838909075,0,0,0,0.283133655786514,0.289275602967131,0.314337575124751,0.356889380125067,0.291445349653562,0,0,0,0.327883154153824,0,0,0,0,0,0.145962668919688,0,0,0,0,0,0.289414910370843,0,0.213529990174653,0,0.314833601783304,0.293675929307938,0.326684290450403,0.268718654289842,0,0,0.287370773455868,0.271079951098987,0,0,0.319704820606552,0,0,0,0,0,0.27851022084554,0,0.291990224794769,0,0.338675748794637,0,0.327809593763696,0.322759993228258,0.244730353355408,0,0,0,0,0.349468268454075,0,0.360883720369147,0,0,0.304469287395477,0,0,0,0,0.289807266572066,0.328580403327942,0.316667117915311,0.318949051201344,0.356922954664055,0,0.325941777545994,0.358634330656217,0
0.315790556276901,0,0.315752565860748,0,0,0,0,0,0.341781630801658,0,0.202652148754146,0,0,0,0.288037918508053,0,0.323659499486287,0.312564561764399,0.328762804176293,0,0,0,0,0,0,0,0,0,0.155720154444377,0,0.150446205837837,0,0,0,0,0,0,0,0.139971471575967,0.337738543748856,0.308406943827867,0.298768326640129,0.332245572410319,0,0,0.284725626309713,0.290134586978192,0,0.309308876593908,0,0,0,0,0,0.298289722204208,0,0.223776634615059,0,0,0,0.277149086859491,0,0,0.247463931346081,0,0,0,0,0,0,0,0.330541484057903,0.304469287395477,0,0,0,0,0,0,0.307420714543416,0.37126550078392,0.191056530750349,0.369601023490899,0,0.356120485559089,0,0.398353345692158
0,0,0,0,0,0,0,0,0,0,0,0,0,0,0,0,0,0,0,0,0,0,0,0,0,0,0,0,0,0,0,0.181109149526673,0.14887847589242,0,0,0.129184841612975,0,0,0,0,0,0,0,0,0,0,0,0.317714607842218,0,0,0,0,0,0,0,0,0,0,0,0,0,0,0,0,0,0,0,0,0,0,0,0,0,0,0,0.164156685311061,0.150190651416779,0,0.196692223350207,0.311391083178697,0,0,0.136954800914163,0,0,0,0
