0,0,0.241269734772769,0,0,0,0,0,0.311482517143427,0,0,0,0,0,0.287726515105792,0,0.288416590955522,0.318152785301208,0.281134649490317,0,0,0,0,0,0.328859500586987,0,0,0,0,0,0,0,0,0,0,0,0.394809030253312,0,0.329479503788446,0.35795071721077,0.473140221834183,0.432277584075928,0.371387030005787,0,0,0.332023799419403,0.354640830308199,0.388945449143648,0.311169850607884,0,0,0,0,0,0.30442966671882,0,0,0,0.280849665403366,0,0.29809180321972,0,0,0.435444325208664,0,0,0,0.284612921015783,0,0.244184831778208,0,0.329502287010352,0.39760223031044,0.430908838143716,0,0,0,0,0.41717866063118,0.421939099734684,0,0.336383393944654,0.368246013949434,0.361652597784996,0.387342843718967,0.383101731538773,0.419665038585663
0,0,0,0.254865422844887,0,0,0,0,0,0.251428343671024,0,0,0,0,0,0.239890012476179,0.346048474311829,0.341877673353468,0.295307344086816,0,0,0,0,0.311318804438298,0,0.241568222641945,0,0,0,0,0,0,0,0,0,0.477866470813751,0,0.360872326528325,0.436115264892578,0.384509453406701,0.410293512046337,0.409430277795952,0.337695881724358,0,0,0.341402906179428,0.352648213505745,0.484562188386917,0.409594476222992,0.315041916043151,0,0,0,0,0,0.234238523651253,0,0.389378468195597,0,0,0,0.267959689590293,0.348299354314804,0,0,0,0.274266851747908,0,0.286045034016882,0,0.32972115278244,0,0.390058989326159,0,0,0,0,0,0.444367008805275,0.400500600536664,0.48184321956201,0,0.250673472579849,0,0.381943914553393,0.297617435455322,0
0.241269734772769,0,0,0,0.144609782982756,0,0,0,0.231825149485043,0,0,0,0,0,0,0,0.296449989080429,0.288076847791672,0.341278970241547,0,0.180769801139832,0,0,0,0,0,0,0,0,0,0,0,0,0,0,0,0.37505516409874,0,0.33746359248956,0,0.403336693843206,0.344945996999741,0.307364311483171,0,0,0.370358049869537,0.299329443772634,0,0.304106771772684,0,0.235271880669253,0,0,0,0.200400233268738,0,0.262772383434432,0,0.268048056784798,0,0.229733926839516,0,0,0.213313786312938,0,0,0,0,0,0,0,0.31496773660183,0,0.335572229077419,0,0,0,0,0,0.3402099609375,0,0.343359864570878,0.272454361657839,0,0.26386870846555,0,0
0,0.254865422844887,0,0,0,0.235209666374253,0,0,0,0.206731332838535,0,0,0,0,0,0,0.30803370475769,0.303869766848428,0.306215381622314,0,0,0,0,0,0,0,0,0,0,0,0,0,0,0,0,0.308437371626496,0,0.424612035353978,0,0.277303135243513,0.390838533639908,0.305175526215018,0.315809220075607,0,0,0.282443100241599,0,0,0.301842838525772,0.256643269065913,0,0.221667650180894,0,0,0,0.235857067199854,0,0.342344045187488,0,0.228814723094304,0,0.234865956446704,0.302494839980052,0,0,0,0,0,0.308197751641273,0,0,0,0.384379278280233,0,0,0,0,0,0.253090446848038,0.355995267629623,0.377688412155424,0,0.282875969195042,0,0.295432780604956,0.314703889191151,0
0,0,0.144609782982756,0,0,0,0.169694914349488,0,0.201159912642542,0,0,0,0.171115113842872,0,0.174858551472425,0,0,0,0,0,0.111306407023221,0,0,0,0,0,0,0,0,0,0,0,0,0,0,0,0,0,0,0,0,0,0.272186100482941,0,0,0,0,0,0,0,0.230645464579233,0,0.175173704414383,0,0.225673444176975,0,0.243468056832041,0,0.250231054359979,0,0.249541506563362,0,0,0.163065258945738,0,0,0,0,0,0,0,0,0,0,0,0,0,0,0,0,0,0,0.177244302235256,0.177255337834358,0.147308205418727,0,0
0,0,0,0.235209666374253,0,0,0,0.21995659271876,0,0,0,0,0,0,0,0,0,0,0,0.170699532330036,0,0,0,0,0,0,0,0,0,0,0,0,0,0,0,0.204450885454814,0,0,0,0,0,0.269145205616951,0,0,0,0.296739786863327,0,0,0,0,0,0.240931381268063,0,0.180406146645546,0,0,0,0.262739425897598,0,0.273387124141057,0,0.131714568513891,0.204202417816435,0,0,0,0,0,0,0,0,0,0,0,0,0,0,0,0.236297743073825,0,0.32144758105278,0,0.188047977180585,0.17492838940542,0.245585856112567,0,0
0,0,0,0,0.169694914349488,0,0,0,0,0,0.227275041693991,0,0.154979476572147,0,0,0,0,0,0,0,0.150033831596375,0,0,0,0,0,0,0,0,0,0,0,0,0,0,0,0,0,0,0,0,0,0,0,0,0,0,0,0,0,0.21178768905475,0,0.179879332013825,0,0,0,0.240159678876091,0,0.181067009236705,0,0,0,0,0,0,0,0,0,0,0,0,0,0,0,0,0,0,0,0,0,0,0,0.185157738601734,0.222211305052042,0,0,0
0,0,0,0,0,0.21995659271876,0,0,0,0,0,0.211979218400442,0,0.196368402242661,0,0,0,0,0,0,0,0,0,0,0,0,0,0,0,0,0,0,0,0,0,0.104538455605507,0,0,0,0,0,0,0,0,0,0,0,0,0,0,0,0.221841447776364,0,0.21745789374383,0,0,0,0.169020348316745,0,0.192713571091493,0,0,0,0,0,0,0,0,0,0,0,0,0,0,0,0,0,0,0,0,0,0,0.160217832130177,0.191387554719335,0,0,0
0.311482517143427,0,0.231825149485043,0,0.201159912642542,0,0,0,0,0,0,0,0,0,0.195158798752293,0,0.278169690176498,0.303364199068811,0.297336368063062,0,0,0,0,0,0.332564556549606,0,0.330942719526913,0,0,0,0,0,0,0,0,0,0.451980084180832,0,0.33881613612175,0,0.540990650653839,0.287568767865499,0.32949395219867,0,0,0.333925724029541,0.269509128398365,0.335788279771805,0.299063845656135,0,0.228637620806694,0,0,0,0.219910153379387,0,0,0,0,0,0.197852007216877,0,0,0,0,0,0,0.253824093431797,0,0,0,0,0,0.380799151957035,0,0,0,0,0.384610195954641,0.459218436479569,0,0.312855407808508,0.208814529194073,0.182681525356314,0.350554445090721,0,0.402792885899544
0,0.251428343671024,0,0.206731332838535,0,0,0,0,0,0,0,0,0,0,0,0.175698766157483,0,0.207037734742067,0,0,0,0,0,0.265694952282039,0,0,0,0,0,0,0,0,0,0,0,0.39561727643013,0,0.370865869522095,0,0.321171143225261,0,0.358847505294941,0,0,0,0.315440704425176,0,0,0,0.269084416887387,0,0.185413308441639,0,0,0,0.219556570409387,0,0.412937618792057,0,0,0,0.166273989478747,0,0,0,0,0.253580011959587,0,0,0,0.377130076289177,0,0.40072426199913,0,0,0,0,0,0.345051662789451,0.379991561174393,0.303757637739182,0,0.229548980016507,0.202921155941757,0.381073981523514,0,0
0,0,0,0,0,0,0.227275041693991,0,0,0,0,0,0.20515700802207,0,0,0,0.376368328928947,0.373728722333908,0.371417135000229,0,0.176193899481125,0,0,0,0,0,0,0,0,0,0.159001180636031,0,0,0,0,0,0.151169688202614,0,0.182911662371338,0,0,0,0.389369356632233,0,0,0,0.309380888938904,0,0.326763331890106,0,0,0,0.22122043184936,0,0,0,0.179033868233056,0,0.203165486454964,0,0,0,0,0.303553256041863,0,0,0,0,0,0,0,0,0,0.190689631418823,0,0,0,0,0,0.356064885854721,0,0.285630737741788,0.195382479885849,0,0.294956277717244,0,0.385610550642014
0,0,0,0,0,0,0,0.211979218400442,0,0,0,0,0,0.179695226252079,0,0,0,0,0,0.137088406192243,0,0,0,0,0,0,0,0,0,0.153551387074201,0,0,0,0,0,0.153179791810051,0,0.159050184488296,0,0,0,0.31210133433342,0,0,0,0,0,0,0,0,0,0.247833669185638,0,0.180166647352021,0,0,0,0.177882708841416,0,0,0,0,0.216836370882534,0,0,0,0,0,0,0,0,0,0.19161536732328,0,0,0,0,0,0.169913250952959,0,0.23357139314924,0,0.130531878676265,0,0.262291397899389,0,0
0,0,0,0,0.171115113842872,0,0.154979476572147,0,0,0,0.20515700802207,0,0,0,0.214849438145757,0,0,0,0,0,0,0,0,0,0,0,0,0,0,0,0,0,0,0,0,0,0,0,0,0,0,0,0.334785729646683,0,0,0,0,0,0.276829087734222,0,0.16488276515156,0,0.151787265570778,0,0,0,0.242386549711227,0,0.163574199985575,0,0.257747004119058,0,0,0,0,0,0,0,0,0,0,0,0,0,0,0,0,0,0,0,0,0,0.161786277352248,0.239982142311628,0.303487032651901,0,0
0,0,0,0,0,0,0,0.196368402242661,0,0,0,0.179695226252079,0,0,0,0.232878510849279,0,0,0,0,0,0,0,0,0,0.256613843334027,0,0.132687090650985,0,0,0,0,0,0,0,0,0,0,0,0,0,0,0,0,0,0,0,0,0,0,0,0,0,0,0,0,0,0.323393899202347,0,0.177538315506011,0,0.205807756260037,0,0,0,0,0,0,0,0,0.243762594248567,0,0,0,0,0,0,0,0,0,0,0,0.194776295556276,0.258998203186356,0,0,0
0.287726515105792,0,0,0,0.174858551472425,0,0,0,0.195158798752293,0,0,0,0.214849438145757,0,0,0,0.184210522100329,0,0.399715185165405,0,0,0,0,0,0,0,0,0,0,0,0,0,0,0,0,0,0,0,0,0,0,0,0.340188592672348,0,0,0,0,0,0.280710120995839,0,0.183414079926231,0,0.150672748684883,0,0.375388324260712,0,0,0,0.170515120960772,0,0.202178248232704,0,0,0,0,0.321326494216919,0,0,0,0,0,0.293233744800091,0,0,0,0,0,0,0,0,0,0,0.157958092973926,0.199137036049483,0.325972498817877,0,0
0,0.239890012476179,0,0,0,0,0,0,0,0.175698766157483,0,0,0,0.232878510849279,0,0,0,0.23486846256746,0,0,0,0,0,0.209631271660328,0,0.253172590921485,0,0.231852766540315,0,0,0,0,0,0,0,0,0,0,0,0,0,0,0,0,0,0,0,0,0,0.221555799245834,0,0.229670807719231,0,0,0,0.180943176396622,0,0,0,0.175793015531131,0,0.162725376357012,0,0,0,0,0,0,0,0,0,0,0,0,0,0,0,0,0,0,0,0,0.212122144219889,0.216371217860451,0,0,0
0.288416590955522,0.346048474311829,0.296449989080429,0.30803370475769,0,0,0,0,0.278169690176498,0,0.376368328928947,0,0,0,0.184210522100329,0,0,0.288275113413932,0.312349127407603,0.372453421354294,0,0,0.219269804201508,0.282527878880501,0.197429662827893,0.286852654702259,0.191377756084494,0,0.119561883310477,0,0,0,0,0,0,0.355919577181339,0.381390138584025,0.339598804712296,0.386971807479858,0.347751603169101,0.404339984434993,0.305409594810099,0.333453952586612,0,0,0.325296001983624,0.320337457730707,0.376626074314117,0.384181374853308,0.364760302007198,0,0,0,0,0,0,0,0.30828466018041,0,0,0.275711983442307,0,0.293102830648422,0.308590282996496,0,0.225567183956023,0,0.198841815782182,0.287692627081504,0.240736168622971,0,0,0.353261293967565,0.372366072500453,0,0,0,0,0.367672677054727,0.396373610083873,0.359688684795842,0.412451980872588,0.261065519788165,0.20532103393025,0.355435722640582,0.30899922715293,0.310979583505857
0.318152785301208,0.341877673353468,0.288076847791672,0.303869766848428,0,0,0,0,0.303364199068811,0.207037734742067,0.373728722333908,0,0,0,0,0.23486846256746,0.288275113413932,0,0.332360584790825,0.325751543045044,0,0.293531590762238,0,0.262800153125735,0.269489119259211,0.258331053738111,0.253120988607407,0.146747297965563,0,0,0,0,0,0,0,0.38905102511247,0.376396489994867,0.347486227750778,0.40001783768336,0.337051342185362,0.382834676552463,0.300699249712815,0.324154585279444,0.296111404895782,0,0.327208105009049,0.324187692949327,0.388345435261726,0.360771748682727,0.338178867101669,0,0,0,0,0,0.263925736149152,0,0.317448177507945,0,0,0,0.26097062677145,0.325782300904393,0.336367304126422,0.336908314625422,0,0.2938438753287,0.23617481191953,0.226810562941763,0,0.173821413091251,0.328834667801857,0.356391196972445,0.342586155980825,0,0,0,0,0.365340195955571,0.378903244162949,0.355536800110713,0.384876104015293,0.280105669955669,0.238206271654758,0.338924757951165,0.298867445504456,0.306961532046155
0.281134649490317,0.295307344086816,0.341278970241547,0.306215381622314,0,0,0,0,0.297336368063062,0,0.371417135000229,0,0,0,0.399715185165405,0,0.312349127407603,0.332360584790825,0,0.546311020851135,0,0,0,0,0,0.266468092799187,0,0,0,0,0,0,0,0,0,0.402228178326474,0.412769633790721,0.412073033196586,0.388400070667267,0.365900222816557,0.447990382256321,0.296914631171192,0.365147940917975,0.41804367479156,0.267731875181198,0.342319297433346,0.365386220999656,0.423718820015589,0.408127800854918,0.360480361751148,0,0,0,0,0.302753210067749,0.291370719671249,0,0.368099995561548,0,0.310265392065048,0.285685867071152,0,0.375652583241463,0.340716669159214,0,0,0.351662695407867,0,0.29625791311264,0,0.326637715101242,0,0.400568349205929,0.397073450365237,0,0,0,0,0.404245382901812,0.436424743984976,0.427843825038402,0.440875644585408,0.291036679368163,0.32846145093441,0.386482570743696,0.296018817640365,0.322984730268454
0,0,0,0,0,0.170699532330036,0,0,0,0,0,0.137088406192243,0,0,0,0,0.372453421354294,0.325751543045044,0.546311020851135,0,0,0,0,0,0,0,0,0,0,0,0,0,0,0,0,0.215276854233816,0,0.228409794004674,0,0.367341071367264,0,0.271962851285934,0,0,0,0.293250832046177,0,0,0,0,0,0,0,0,0,0,0,0.18792095473584,0,0,0,0,0.192706524565618,0,0,0,0,0,0,0,0,0,0.249626655131578,0,0,0,0,0,0.270788410214878,0,0.268006460255935,0,0.134814147204161,0,0.258510094384352,0,0
0,0,0.180769801139832,0,0.111306407023221,0,0.150033831596375,0,0,0,0.176193899481125,0,0,0,0,0,0,0,0,0,0,0,0,0,0,0,0,0,0,0,0,0,0,0,0,0,0.248203698151794,0,0.268389290002421,0,0.408275607559416,0,0.364018360773722,0,0,0,0.305727301372422,0,0.269928604364395,0,0.141584181785583,0,0.184729297071287,0,0,0,0.192076607189707,0,0,0,0,0,0,0.267841937621846,0,0,0,0,0,0,0,0,0,0,0,0,0,0,0,0.295316404680167,0,0.331790930224639,0.212947281644396,0.164283141493797,0.344994825375552,0,0
0,0,0,0,0,0,0,0,0,0,0,0,0,0,0,0,0,0.293531590762238,0,0,0,0,0.192877866356353,0.267644960946106,0,0.275819778276199,0,0.179104397597115,0,0,0,0,0,0.165896806120872,0.264993061621984,0,0,0.199083011430973,0.278385496314834,0,0,0,0,0,0,0,0,0,0,0.235054961005722,0,0,0,0,0,0,0,0,0,0,0,0,0,0,0.195945072927375,0.198415212171233,0.265390786732877,0,0.214422534335647,0,0.219601265271194,0,0,0,0,0,0,0.233133986592293,0,0,0.235735757502427,0.230853575624918,0.189302484294626,0.185612057034786,0,0,0
0,0,0,0,0,0,0,0,0,0,0,0,0,0,0,0,0.219269804201508,0,0,0,0,0.192877866356353,0,0,0.326693165766534,0,0.245154826641083,0,0.165512682738328,0,0,0,0,0,0,0,0,0,0.250134447800328,0,0,0,0,0,0,0,0,0,0.293248375405127,0,0,0,0,0,0,0,0,0,0,0,0,0,0,0,0.187019478564507,0.205267581878058,0,0.261638636663283,0,0.263282358646393,0,0.159407945685699,0,0,0,0,0,0,0,0,0,0.238814453184605,0.215499038940098,0.264156409830219,0,0,0
0,0.311318804438298,0,0,0,0,0,0,0,0.265694952282039,0,0,0,0,0,0.209631271660328,0.282527878880501,0.262800153125735,0,0,0,0.267644960946106,0,0,0,0.263877780229736,0,0,0,0,0,0,0,0,0,0,0,0.281078880038159,0,0,0,0.354068173811986,0,0,0,0,0,0,0,0.310822113387046,0,0,0,0,0,0.299014335498214,0,0,0,0,0,0.191652350127697,0,0,0.287952482809116,0,0.306991303814177,0,0.280203021905372,0,0,0,0,0,0,0,0,0,0,0,0.40226539070766,0,0.273841834795757,0.268458688259125,0.368039100334562,0,0
0.328859500586987,0,0,0,0,0,0,0,0.332564556549606,0,0,0,0,0,0,0,0.197429662827893,0.269489119259211,0,0,0,0,0.326693165766534,0,0,0,0.25470137213301,0,0,0,0,0,0,0,0,0,0,0,0.337613286950917,0,0,0,0.343871265649796,0,0,0,0,0.363941957553228,0.254869295284152,0,0,0,0,0,0.298650182106278,0,0,0,0,0,0.381520569324493,0,0,0,0,0.307708591222763,0,0.287177500376629,0,0.263277198054961,0,0.303792521357536,0,0,0,0,0,0,0,0,0,0.419090521171224,0.286877909433965,0.401754036545753,0.300962420646101,0,0
0,0.241568222641945,0,0,0,0,0,0,0,0,0,0,0,0.256613843334027,0,0.253172590921485,0.286852654702259,0.258331053738111,0.266468092799187,0,0,0.275819778276199,0,0.263877780229736,0,0,0,0.230368087321152,0,0,0,0,0,0,0,0,0,0,0,0,0,0,0,0,0,0,0,0,0,0,0,0,0,0,0,0,0,0,0,0,0,0.308482133748907,0,0,0.265831197907285,0,0.268453384295178,0,0.237768601522938,0,0.297958354155223,0,0,0,0,0,0,0,0,0,0,0,0.22391484358481,0.242866173386574,0,0,0
0,0,0,0,0,0,0,0,0.330942719526913,0,0,0,0,0,0,0,0.191377756084494,0.253120988607407,0,0,0,0,0.245154826641083,0,0.25470137213301,0,0,0,0.164723611747225,0,0,0,0,0,0,0,0,0,0,0,0,0,0,0,0,0,0,0,0,0,0,0,0,0,0.304913654923439,0,0,0,0.269194781780243,0,0.247757248580456,0,0,0,0,0.324799168109894,0,0.276197829724927,0,0.248272982437208,0,0.243985995650291,0,0,0,0,0,0,0,0,0,0,0.243304624476216,0,0,0,0
0,0,0,0,0,0,0,0,0,0,0,0,0,0.132687090650985,0,0.231852766540315,0,0.146747297965563,0,0,0,0.179104397597115,0,0,0,0.230368087321152,0,0,0,0.189925988109744,0,0,0,0,0,0,0,0.137637872787484,0,0,0,0,0,0,0,0,0,0,0,0,0,0,0,0,0,0,0,0,0,0.139998829017763,0,0,0,0,0.106062135845423,0,0,0,0.267297842923333,0,0.221561273952777,0,0,0,0,0,0,0,0,0,0,0,0.18050528433919,0.191447302699089,0,0,0
0,0,0,0,0,0,0,0,0,0,0,0,0,0,0,0,0.119561883310477,0,0,0,0,0,0.165512682738328,0,0,0,0.164723611747225,0,0,0,0.195749497041106,0,0,0,0,0,0,0,0.151829015765641,0,0,0,0,0,0,0,0,0,0,0,0,0,0,0,0,0,0,0,0,0,0,0,0,0,0,0.145427195166769,0,0,0,0,0,0.216215263685537,0,0.192786904481741,0,0,0,0,0,0,0,0,0.163380320701334,0,0,0,0
0,0,0,0,0,0,0,0,0,0,0,0.153551387074201,0,0,0,0,0,0,0,0,0,0,0,0,0,0,0,0.189925988109744,0,0,0,0,0,0,0,0,0,0.157637226686814,0,0,0,0,0,0,0,0,0,0,0,0,0,0,0,0,0,0,0,0.21356506049633,0,0,0,0,0,0,0,0,0,0,0,0,0,0,0.184348780376773,0,0,0,0,0,0,0,0.161512458655569,0,0.137687397874751,0,0,0,0
0,0,0,0,0,0,0,0,0,0,0.159001180636031,0,0,0,0,0,0,0,0,0,0,0,0,0,0,0,0,0,0.195749497041106,0,0,0,0,0,0,0,0,0,0.184002618190538,0,0,0,0,0,0,0,0,0,0,0,0,0,0,0,0,0,0.259360598505668,0,0,0,0,0,0,0,0,0,0,0,0,0,0,0.227644507360609,0,0.176579830145848,0,0,0,0,0,0,0,0.200413000708258,0.160020090440909,0,0,0,0
0,0,0,0,0,0,0,0,0,0,0,0,0,0,0,0,0,0,0,0,0,0,0,0,0,0,0,0,0,0,0,0,0.23448056994753,0.312619304750115,0.288129415315918,0.193846475679105,0.186048656702042,0,0,0,0,0.490572452545166,0,0,0,0,0,0.445253480398269,0.453672607804274,0.571753011809455,0,0,0,0,0,0,0,0,0,0,0,0,0,0,0,0,0,0,0,0,0,0,0,0,0.238116364954162,0.330176395186332,0.393195398151875,0.388514746407993,0.29943193660842,0.388996773041212,0,0,0.226555613204652,0,0.566660654717597,0,0
0,0,0,0,0,0,0,0,0,0,0,0,0,0,0,0,0,0,0,0,0,0,0,0,0,0,0,0,0,0,0,0.23448056994753,0,0.428803160786629,0.444589605418647,0.164797372288174,0.288833349006962,0,0,0,0,0,0,0,0,0,0,0.301863786416356,0.47035378995149,0,0,0,0,0,0,0,0,0,0,0,0,0,0,0,0,0,0,0,0,0,0,0,0,0,0.20666245277971,0.311207722862337,0,0.450649519462183,0.169047732320097,0.231934208258063,0,0,0.224428184558459,0,0,0,0
0,0,0,0,0,0,0,0,0,0,0,0,0,0,0,0,0,0,0,0,0,0.165896806120872,0,0,0,0,0,0,0,0,0,0.312619304750115,0.428803160786629,0,0.496524334956539,0.273904608803515,0.471177153289318,0.301235680329049,0.380599103506329,0,0,0.483243884784835,0,0,0,0.370621234178543,0,0.519906000627412,0.498609095811844,0.601411213149052,0,0,0,0,0,0,0,0,0,0,0,0,0,0,0,0,0,0,0,0,0,0,0,0,0.305395517012347,0.415875762701035,0.415387994073287,0.494303031969144,0.408877541621526,0,0.448744300104346,0.463315844535828,0.385018677970143,0.23085793107748,0.5075873285532,0,0
0,0,0,0,0,0,0,0,0,0,0,0,0,0,0,0,0,0,0,0,0,0.264993061621984,0,0,0,0,0,0,0,0,0,0.288129415315918,0.444589605418647,0.496524334956539,0,0.416693359613419,0.440318454296894,0.277819963329929,0.364743994345951,0,0,0,0,0,0,0,0,0.541442742332434,0.523997951831136,0.522238736802881,0,0,0,0,0,0,0,0,0,0,0,0,0,0,0,0,0,0,0,0,0,0,0,0,0.321224143107732,0.437358591231433,0.464754633286438,0.478283089721972,0.431633055210114,0.395806992386884,0.326246557922303,0.419600018944699,0.427002392236405,0.193360754034736,0.49494144320488,0,0
0,0.477866470813751,0,0.308437371626496,0,0.204450885454814,0,0.104538455605507,0,0.39561727643013,0,0.153179791810051,0,0,0,0,0.355919577181339,0.38905102511247,0.402228178326474,0.215276854233816,0,0,0,0,0,0,0,0,0,0,0,0.193846475679105,0.164797372288174,0.273904608803515,0.416693359613419,0,0.16024382921144,0.16273230793867,0,0.416007118967344,0,0.403437315790277,0.390059888362885,0.546364068984985,0,0.34121478160659,0,0.371267856457713,0.322536247117179,0.508011233238947,0,0.243037548330095,0,0,0,0.356055319309235,0,0.404064903656642,0,0,0,0,0.251880787074838,0,0,0,0,0,0,0,0,0,0.437334537506104,0,0.230897031804138,0,0.417536513632154,0.40863960981369,0.231309802293607,0.163263866555191,0.213622638002368,0.416355162858963,0.174194029631078,0.232179650914524,0.398930893811796,0.390170276165009,0.367215096950531
0.394809030253312,0,0.37505516409874,0,0,0,0,0,0.451980084180832,0,0.151169688202614,0,0,0,0,0,0.381390138584025,0.376396489994867,0.412769633790721,0,0.248203698151794,0,0,0,0,0,0,0,0,0,0,0.186048656702042,0.288833349006962,0.471177153289318,0.440318454296894,0.16024382921144,0,0,0.220308019680695,0.422273427248001,0.378385456952643,0.38020795583725,0.388056555227058,0,0,0.376534692943096,0.303263802154391,0.382118141617287,0.289141911658503,0,0.241140112280846,0,0,0,0,0,0.217613695189357,0,0,0,0.291641175746918,0,0,0.265644943818974,0,0,0,0,0,0,0,0.34569517771403,0,0.314234354279258,0.147524796426296,0.198606962803751,0.350438684225082,0.425794771458949,0.204455979168415,0.232295142777694,0.378419950604439,0.314267946686232,0.209055346036025,0.205281072676218,0.303003870816508,0,0.43940585694815
0,0.360872326528325,0,0.424612035353978,0,0,0,0,0,0.370865869522095,0,0.159050184488296,0,0,0,0,0.339598804712296,0.347486227750778,0.412073033196586,0.228409794004674,0,0.199083011430973,0,0.281078880038159,0,0,0,0.137637872787484,0,0.157637226686814,0,0,0,0.301235680329049,0.277819963329929,0.16273230793867,0,0,0.295074943418317,0.394740208983421,0,0.355369269321947,0.345677524805069,0,0,0.378161538279418,0,0.596987091877112,0,0.347300799199815,0,0,0,0,0,0.348153116305669,0,0.147469193517388,0,0.403812572360039,0,0.41724368929863,0.247038889012925,0,0.194273059843725,0,0.275138813607833,0,0.340799887975057,0,0.128889797905157,0,0.162897128938583,0,0,0,0.388510996991015,0.278193068504334,0.211386381982231,0.396267741918564,0.285263499630484,0.324509252913919,0.272636658427943,0.511047327295453,0.420113783240318,0,0
0.329479503788446,0.436115264892578,0.33746359248956,0,0,0,0,0,0.33881613612175,0,0.182911662371338,0,0,0,0,0,0.386971807479858,0.40001783768336,0.388400070667267,0,0.268389290002421,0.278385496314834,0.250134447800328,0,0.337613286950917,0,0,0,0.151829015765641,0,0.184002618190538,0,0,0.380599103506329,0.364743994345951,0,0.220308019680695,0.295074943418317,0,0.432348370552063,0.351326112945875,0.437112281098962,0.376297508885047,0,0,0,0.323382571998951,0.565030532232164,0.277724204584956,0.525324881076813,0,0,0,0,0.31710902175733,0,0.180093874230941,0,0,0,0.404867023229599,0,0,0.300904252788512,0,0.225223058817199,0,0.313023368795128,0,0,0,0.205907922652033,0,0.222040246802348,0,0,0.392443505690453,0.430022375628661,0.423128008842468,0.223483178242043,0.332594887532803,0.252531078456682,0.286904063252933,0.370121907332156,0.353785246574119,0,0.459621921181679
0.35795071721077,0.384509453406701,0,0.277303135243513,0,0,0,0,0,0.321171143225261,0,0,0,0,0,0,0.347751603169101,0.337051342185362,0.365900222816557,0.367341071367264,0,0,0,0,0,0,0,0,0,0,0,0,0,0,0,0.416007118967344,0.422273427248001,0.394740208983421,0.432348370552063,0,0.417631613356726,0.379582572885727,0.343995886092836,0.554468122395602,0,0.305361069577036,0.360880088475015,0.444809089104335,0.374840163267576,0.295985755082723,0,0.219752629597982,0,0,0,0.310956448316574,0,0.328306445608968,0,0.301921755075455,0,0.299832284450531,0.328711101267901,0.38545286655426,0,0,0,0,0.286395102739334,0,0.357032984495163,0,0.368592343547127,0.359006553888321,0,0,0,0,0.404736043427923,0.416423347261217,0.422534544103675,0.412288414362149,0.358136029719094,0.325818727413813,0.377795831841928,0.347636071379696,0.341435943047206
0.473140221834183,0.410293512046337,0.403336693843206,0.390838533639908,0,0,0,0,0.540990650653839,0,0,0,0,0,0,0,0.404339984434993,0.382834676552463,0.447990382256321,0,0.408275607559416,0,0,0,0,0,0,0,0,0,0,0,0,0,0,0,0.378385456952643,0,0.351326112945875,0.417631613356726,0,0.395965510088464,0.447490178466845,0,0.420490579472648,0.397632772272283,0.331766544286347,0.557494303710024,0.577348581644205,0.541362956166267,0,0,0,0,0.271178245544434,0,0,0.397067874670029,0,0,0,0,0,0.355084611352269,0,0,0,0,0,0,0,0,0.415276688337326,0.410193974321539,0,0,0,0,0.439942259537546,0.301092990322795,0.434666382414954,0.475491899203082,0.422281578318485,0,0.42777302206556,0.355562955141068,0.568566967941232
0.432277584075928,0.409430277795952,0.344945996999741,0.305175526215018,0,0.269145205616951,0,0,0.287568767865499,0.358847505294941,0,0.31210133433342,0,0,0,0,0.305409594810099,0.300699249712815,0.296914631171192,0.271962851285934,0,0,0,0.354068173811986,0,0,0,0,0,0,0,0.490572452545166,0,0.483243884784835,0,0.403437315790277,0.38020795583725,0.355369269321947,0.437112281098962,0.379582572885727,0.395965510088464,0,0.274452419987676,0.296824713548024,0.213033586740494,0.342842853455033,0.329605680704117,0.595454467726605,0.503429204722246,0.404502681581323,0,0.290655279159546,0,0,0.408714145421982,0.339546684133873,0,0.414023488961362,0,0.426834344863892,0,0.426621862443171,0.33611147169923,0.273023784160614,0,0,0.381606111700615,0.438906833529472,0.396220418422118,0,0.402801296710968,0,0.383043130327946,0.358386091887951,0,0,0,0,0.388261665678825,0.384350448846817,0.370466391692256,0.398039835194747,0.381756133473574,0.457303780961681,0.369672307162063,0.298671015987953,0.290524010305051
0.371387030005787,0.337695881724358,0.307364311483171,0.315809220075607,0.272186100482941,0,0,0,0.32949395219867,0,0.389369356632233,0,0.334785729646683,0,0.340188592672348,0,0.333453952586612,0.324154585279444,0.365147940917975,0,0.364018360773722,0,0,0,0.343871265649796,0,0,0,0,0,0,0,0,0,0,0.390059888362885,0.388056555227058,0.345677524805069,0.376297508885047,0.343995886092836,0.447490178466845,0.274452419987676,0,0.31284311413765,0.260170876062833,0.324589965278155,0.388341705862107,0.514306770718616,0.41334214255884,0.403068298643286,0,0,0,0,0.33144478752928,0,0.320953607559204,0.372518164770944,0.350758045911789,0,0.31065516689649,0.329331547021866,0.320625682671865,0.410826367962641,0,0.335704326629639,0,0.324069449678063,0,0,0,0.347557556170684,0.39726309613748,0.402348496323258,0,0,0,0,0.370509072557672,0.455570846428408,0.389734141031901,0.45418893285962,0.343025627870683,0.290906876325607,0.371705553543306,0.338319177810962,0.357433539547332
0,0,0,0,0,0,0,0,0,0,0,0,0,0,0,0,0,0.296111404895782,0.41804367479156,0,0,0,0,0,0,0,0,0,0,0,0,0,0,0,0,0.546364068984985,0,0,0,0.554468122395602,0,0.296824713548024,0.31284311413765,0,0,0.491095840930939,0,0.612284421920776,0,0,0,0,0,0,0,0,0,0.375628560781479,0,0,0,0,0.635744452476501,0,0,0,0,0,0,0,0,0,0,0,0,0,0,0,0.568127108116945,0,0.608612835407257,0,0.416258106629054,0,0.558324162449156,0,0
0,0,0,0,0,0,0,0,0,0,0,0,0,0,0,0,0,0,0.267731875181198,0,0,0,0,0,0,0,0,0,0,0,0,0,0,0,0,0,0,0,0,0,0.420490579472648,0.213033586740494,0.260170876062833,0,0,0,0.376719691536643,0,0,0,0,0,0,0,0,0,0,0,0,0,0,0,0,0,0,0,0,0,0,0,0,0,0,0,0,0,0,0,0.318375885486603,0.399329394102097,0,0,0.26606969833374,0,0.394209280610085,0,0.354975014925003
0.332023799419403,0.341402906179428,0.370358049869537,0.282443100241599,0,0.296739786863327,0,0,0.333925724029541,0.315440704425176,0,0,0,0,0,0,0.325296001983624,0.327208105009049,0.342319297433346,0.293250832046177,0,0,0,0,0,0,0,0,0,0,0,0,0,0.370621234178543,0,0.34121478160659,0.376534692943096,0.378161538279418,0,0.305361069577036,0.397632772272283,0.342842853455033,0.324589965278155,0.491095840930939,0,0,0.35567160413183,0.441360104084015,0.367751808393569,0.36129734069109,0,0.229296080768108,0,0,0,0,0,0.332803240045905,0,0.287796056270599,0,0.305342574914296,0.296933106608099,0.326020097732544,0,0,0,0,0,0,0.342326879501343,0,0.365666775371541,0,0,0,0,0,0.294196146258606,0.407025212921747,0.417297580426461,0.407531709382028,0.333677008459272,0.302470952272415,0.308990341948875,0.32299126421704,0.327609167857604
0.354640830308199,0.352648213505745,0.299329443772634,0,0,0,0,0,0.269509128398365,0,0.309380888938904,0,0,0,0,0,0.320337457730707,0.324187692949327,0.365386220999656,0,0.305727301372422,0,0,0,0,0,0,0,0,0,0,0,0,0,0,0,0.303263802154391,0,0.323382571998951,0.360880088475015,0.331766544286347,0.329605680704117,0.388341705862107,0,0.376719691536643,0.35567160413183,0,0,0.341352306435563,0,0.307277679443359,0,0,0,0.251303544640541,0.360525161027908,0,0.32414436340332,0.255340218544006,0,0.265620670715968,0,0,0.316021561597526,0,0,0,0,0,0,0,0.330001398921013,0.351209685206413,0.311936811329081,0,0,0,0,0.37693880711283,0.300509283405062,0.347341150045395,0.36981012108098,0.327707355398112,0,0.356448970134025,0.288746014237404,0.364159071292633
0.388945449143648,0.484562188386917,0,0,0,0,0,0,0.335788279771805,0,0,0,0,0,0,0,0.376626074314117,0.388345435261726,0.423718820015589,0,0,0,0,0,0.363941957553228,0,0,0,0,0,0,0.445253480398269,0.301863786416356,0.519906000627412,0.541442742332434,0.371267856457713,0.382118141617287,0.596987091877112,0.565030532232164,0.444809089104335,0.557494303710024,0.595454467726605,0.514306770718616,0.612284421920776,0,0.441360104084015,0,0,0.573812391501135,0.610260035861729,0,0,0,0,0.390888899564743,0,0,0,0,0,0,0,0,0,0,0,0,0.346520473559697,0,0,0,0,0.375995606184006,0,0.379646018877918,0.285301227698173,0.498654976026299,0.461430575755344,0.404332942380233,0.322210990204658,0.383998085673039,0.387590133292334,0.551810122048371,0.397462904453278,0.599801041501941,0.450707107782364,0.551717549562454
0.311169850607884,0.409594476222992,0.304106771772684,0.301842838525772,0,0,0,0,0.299063845656135,0,0.326763331890106,0,0.276829087734222,0,0.280710120995839,0,0.384181374853308,0.360771748682727,0.408127800854918,0,0.269928604364395,0,0.293248375405127,0,0.254869295284152,0,0,0,0,0,0,0.453672607804274,0.47035378995149,0.498609095811844,0.523997951831136,0.322536247117179,0.289141911658503,0,0.277724204584956,0.374840163267576,0.577348581644205,0.503429204722246,0.41334214255884,0,0,0.367751808393569,0.341352306435563,0.573812391501135,0,0.634097642418164,0.229624584317207,0,0,0,0.273367840892229,0,0.303808250597545,0,0.27752195337376,0,0.255701287175928,0,0.340636610984802,0.360476659011033,0,0.340093193082285,0,0.269905452926954,0,0.303851149451565,0,0.343958845548332,0.412497758865356,0.35527331188873,0.300181329250336,0.349280138810476,0.484034866094589,0.370353534817696,0.412599316665104,0.420520933852954,0.406097233295441,0.310657901408561,0.443795986309319,0,0.414482421468561,0.404165645440419,0.514988875966899
0,0.315041916043151,0,0.256643269065913,0,0,0,0,0,0.269084416887387,0,0,0,0,0,0.221555799245834,0.364760302007198,0.338178867101669,0.360480361751148,0,0,0.235054961005722,0,0.310822113387046,0,0,0,0,0,0,0,0.571753011809455,0,0.601411213149052,0.522238736802881,0.508011233238947,0,0.347300799199815,0.525324881076813,0.295985755082723,0.541362956166267,0.404502681581323,0.403068298643286,0,0,0.36129734069109,0,0.610260035861729,0.634097642418164,0,0,0,0,0,0,0.304421575675751,0,0.389044817025063,0,0.336782986919085,0,0.317428608405955,0.38913644105196,0,0.264118229493688,0,0.292172814451032,0,0.259663162418225,0,0.273343615233898,0,0.33717616711344,0,0.529474544525147,0,0.666050866246223,0.500312477350235,0.355249113324335,0,0.313488465860197,0.526290595531464,0.493982378931626,0.307184994220734,0.360315281373914,0.316707878477044,0.285120621323586
0,0,0.235271880669253,0,0.230645464579233,0,0.21178768905475,0,0.228637620806694,0,0,0,0.16488276515156,0,0.183414079926231,0,0,0,0,0,0.141584181785583,0,0,0,0,0,0,0,0,0,0,0,0,0,0,0,0.241140112280846,0,0,0,0,0,0,0,0,0,0.307277679443359,0,0.229624584317207,0,0,0,0.149059559623508,0,0.220564579325063,0,0.239231513369651,0,0.236498080041944,0,0.22654233157902,0,0,0.141768164104886,0,0,0,0,0,0,0,0,0,0,0,0,0,0,0,0,0,0,0.205299595483332,0.161219222471118,0.232691758514746,0,0
0,0,0,0.221667650180894,0,0.240931381268063,0,0.221841447776364,0,0.185413308441639,0,0.247833669185638,0,0,0,0.229670807719231,0,0,0,0,0,0,0,0,0,0,0,0,0,0,0,0,0,0,0,0.243037548330095,0,0,0,0.219752629597982,0,0.290655279159546,0,0,0,0.229296080768108,0,0,0,0,0,0,0,0.247775663932165,0,0,0,0.244477836453185,0,0.255489844700386,0,0.137124121499558,0.191437810659409,0,0,0,0,0,0,0,0,0,0,0,0,0,0,0,0.237306762448291,0,0,0,0.169223922063705,0.195007469663595,0.243493956170584,0,0
0,0,0,0,0.175173704414383,0,0.179879332013825,0,0,0,0.22122043184936,0,0.151787265570778,0,0.150672748684883,0,0,0,0,0,0.184729297071287,0,0,0,0,0,0,0,0,0,0,0,0,0,0,0,0,0,0,0,0,0,0,0,0,0,0,0,0,0,0.149059559623508,0,0,0,0,0,0.219078503473535,0,0.159951683209867,0,0,0,0,0.193523966769377,0,0,0,0,0,0,0,0,0,0,0,0,0,0,0,0,0,0,0.148888122704294,0.148208171702348,0,0,0
0,0,0,0,0,0.180406146645546,0,0.21745789374383,0,0,0,0.180166647352021,0,0,0,0,0,0,0,0,0,0,0,0,0,0,0,0,0,0,0,0,0,0,0,0,0,0,0,0,0,0,0,0,0,0,0,0,0,0,0,0.247775663932165,0,0,0,0,0,0.214437385668626,0,0.193171017699771,0,0,0,0,0,0,0,0,0,0,0,0,0,0,0,0,0,0,0,0,0,0,0.173619114412148,0.189591660031251,0,0,0
0.30442966671882,0,0.200400233268738,0,0.225673444176975,0,0,0,0.219910153379387,0,0,0,0,0,0.375388324260712,0,0,0,0.302753210067749,0,0,0,0,0,0.298650182106278,0,0.304913654923439,0,0,0,0,0,0,0,0,0,0,0,0.31710902175733,0,0.271178245544434,0.408714145421982,0.33144478752928,0,0,0,0.251303544640541,0.390888899564743,0.273367840892229,0,0.220564579325063,0,0,0,0,0,0.217308444281419,0,0.356265157461166,0,0.249431756138802,0,0,0.246431268751621,0,0,0,0.274002400040627,0,0,0,0,0,0.270237574974696,0,0,0,0,0,0,0.373668074607849,0.307437897631616,0.280303633132858,0,0.29864698067888,0,0.278728067874908
0,0.234238523651253,0,0.235857067199854,0,0,0,0,0,0.219556570409387,0,0,0,0,0,0.180943176396622,0,0.263925736149152,0.291370719671249,0,0,0,0,0.299014335498214,0,0,0,0,0,0,0,0,0,0,0,0.356055319309235,0,0.348153116305669,0,0.310956448316574,0,0.339546684133873,0,0,0,0,0.360525161027908,0,0,0.304421575675751,0,0,0,0,0,0,0,0.380848243832588,0,0,0,0.157573625997261,0,0,0,0,0.236615962452359,0,0.382781535387039,0,0.358018934726715,0,0.370272025465965,0,0,0,0,0,0.32038539648056,0,0,0,0.325087179105712,0.221724428236485,0.357990560642744,0,0
0,0,0.262772383434432,0,0.243468056832041,0,0.240159678876091,0,0,0,0.179033868233056,0,0.242386549711227,0,0,0,0,0,0,0,0.192076607189707,0,0,0,0,0,0,0,0,0,0.259360598505668,0,0,0,0,0,0.217613695189357,0,0.180093874230941,0,0,0,0.320953607559204,0,0,0,0,0,0.303808250597545,0,0.239231513369651,0,0.219078503473535,0,0.217308444281419,0,0,0,0.243617508545214,0,0.256769144359757,0,0,0.263621950166599,0,0,0,0,0,0,0,0.308575420490196,0,0.21383635123461,0,0,0,0,0,0.377686001360416,0,0.260816941658656,0.181712382856537,0,0.294311563227628,0,0
0,0.389378468195597,0,0.342344045187488,0,0.262739425897598,0,0.169020348316745,0,0.412937618792057,0,0.177882708841416,0,0.323393899202347,0,0,0.30828466018041,0.317448177507945,0.368099995561548,0.18792095473584,0,0,0,0,0,0,0,0,0,0.21356506049633,0,0,0,0,0,0.404064903656642,0,0.147469193517388,0,0.328306445608968,0.397067874670029,0.414023488961362,0.372518164770944,0.375628560781479,0,0.332803240045905,0.32414436340332,0,0,0.389044817025063,0,0.244477836453185,0,0.214437385668626,0,0.380848243832588,0,0,0,0.303775825810091,0,0.342769395221363,0.240213927048356,0,0,0,0,0,0.318247824907303,0,0.39607064010667,0,0.285038512885462,0,0,0,0,0,0.316212434377243,0.403276473283768,0.343622326850891,0,0.281371860437469,0,0.339313585813377,0.434759655169078,0
0.280849665403366,0,0.268048056784798,0,0.250231054359979,0,0.181067009236705,0,0,0,0.203165486454964,0,0.163574199985575,0,0.170515120960772,0,0,0,0,0,0,0,0,0,0,0,0.269194781780243,0,0,0,0,0,0,0,0,0,0,0,0,0,0,0,0.350758045911789,0,0,0,0.255340218544006,0,0.27752195337376,0,0.236498080041944,0,0.159951683209867,0,0.356265157461166,0,0.243617508545214,0,0,0,0.272691264117168,0,0,0,0,0,0,0,0,0.328161684009764,0,0.338916089724411,0,0,0,0,0,0,0,0,0,0,0.229023054242134,0.231075033545494,0.263843689836673,0,0
0,0,0,0.228814723094304,0,0.273387124141057,0,0.192713571091493,0,0,0,0,0,0.177538315506011,0,0.175793015531131,0,0,0.310265392065048,0,0,0,0,0,0,0,0,0.139998829017763,0,0,0,0,0,0,0,0,0,0.403812572360039,0,0.301921755075455,0,0.426834344863892,0,0,0,0.287796056270599,0,0,0,0.336782986919085,0,0.255489844700386,0,0.193171017699771,0,0,0,0.303775825810091,0,0,0,0.321433116164472,0,0,0,0,0,0,0.370978206396103,0,0.291880484768435,0,0.366921722888947,0,0,0,0,0,0.288399289051692,0,0,0,0.17447670150016,0.274325751832553,0.354966805699994,0,0
0.29809180321972,0,0.229733926839516,0,0.249541506563362,0,0,0,0.197852007216877,0,0,0,0.257747004119058,0,0.202178248232704,0,0.275711983442307,0,0.285685867071152,0,0,0,0,0,0.381520569324493,0,0.247757248580456,0,0,0,0,0,0,0,0,0,0.291641175746918,0,0.404867023229599,0,0,0,0.31065516689649,0,0,0,0.265620670715968,0,0.255701287175928,0,0.22654233157902,0,0,0,0.249431756138802,0,0.256769144359757,0,0.272691264117168,0,0,0,0,0.184688821434975,0,0,0,0,0,0.264929470134108,0,0.301287780306777,0,0.291455134749413,0,0,0,0,0,0.312401364247004,0,0.308286041021347,0.205891040044946,0.176834218632216,0.276675005052604,0,0
0,0.267959689590293,0,0.234865956446704,0,0.131714568513891,0,0,0,0.166273989478747,0,0,0,0.205807756260037,0,0.162725376357012,0,0.26097062677145,0,0,0,0,0,0.191652350127697,0,0.308482133748907,0,0,0,0,0,0,0,0,0,0,0,0.41724368929863,0,0.299832284450531,0,0.426621862443171,0.329331547021866,0,0,0.305342574914296,0,0,0,0.317428608405955,0,0.137124121499558,0,0,0,0.157573625997261,0,0.342769395221363,0,0.321433116164472,0,0,0.32363748550415,0,0,0,0.288844509766652,0,0.290737272799015,0,0.351220361888409,0,0.370153849944472,0,0,0,0,0,0.353541374206543,0,0.347484290599823,0,0.207002015959006,0.276604193098405,0.353144759791238,0.311983615159988,0
0,0.348299354314804,0,0.302494839980052,0,0.204202417816435,0,0,0,0,0,0.216836370882534,0,0,0,0,0.293102830648422,0.325782300904393,0.375652583241463,0.192706524565618,0,0,0,0,0,0,0,0,0,0,0,0,0,0,0,0.251880787074838,0,0.247038889012925,0,0.328711101267901,0,0.33611147169923,0.320625682671865,0.635744452476501,0,0.296933106608099,0,0,0.340636610984802,0.38913644105196,0,0.191437810659409,0,0,0,0,0,0.240213927048356,0,0,0,0.32363748550415,0,0,0,0,0,0,0,0,0.322784930467606,0,0.302657545727937,0,0,0,0,0,0.291174188635535,0.371902734041214,0.39978528055043,0,0.214627422853022,0.158204097832952,0.295724265684385,0.3396864036719,0.299458235502243
0.435444325208664,0,0.213313786312938,0,0.163065258945738,0,0,0,0,0,0.303553256041863,0,0,0,0,0,0.308590282996496,0.336367304126422,0.340716669159214,0,0.267841937621846,0,0,0,0,0,0,0,0,0,0,0,0,0,0,0,0.265644943818974,0,0.300904252788512,0.38545286655426,0.355084611352269,0.273023784160614,0.410826367962641,0,0,0.326020097732544,0.316021561597526,0,0.360476659011033,0,0.141768164104886,0,0.193523966769377,0,0.246431268751621,0,0.263621950166599,0,0,0,0.184688821434975,0,0,0,0,0,0,0,0,0,0,0.352861265341441,0.346398949623108,0.283765723307927,0,0,0,0,0,0.336261219125126,0,0.393664163974907,0.287794985723766,0,0.355881306012311,0,0.339385539293289
0,0,0,0,0,0,0,0,0,0,0,0,0,0,0,0,0,0.336908314625422,0,0,0,0.195945072927375,0.187019478564507,0.287952482809116,0,0.265831197907285,0,0.106062135845423,0,0,0,0,0,0,0,0,0,0.194273059843725,0,0,0,0,0,0,0,0,0,0,0,0.264118229493688,0,0,0,0,0,0,0,0,0,0,0,0,0,0,0,0.191892693440119,0.311680813910256,0,0.204457604759176,0,0.294431381670613,0,0,0,0,0,0,0,0,0,0.221563341990534,0,0.176016193919612,0,0,0,0
0,0,0,0,0,0,0,0,0,0,0,0,0,0,0.321326494216919,0,0.225567183956023,0,0,0,0,0.198415212171233,0.205267581878058,0,0.307708591222763,0,0.324799168109894,0,0.145427195166769,0,0,0,0,0,0,0,0,0,0.225223058817199,0,0,0,0.335704326629639,0,0,0,0,0,0.340093193082285,0,0,0,0,0,0,0,0,0,0,0,0,0,0,0,0.191892693440119,0,0,0.296402893185616,0,0.342080663560944,0,0.243680892095192,0,0,0,0,0,0,0,0,0,0.334619941843792,0.234210911484075,0.243610722449007,0,0,0
0,0.274266851747908,0,0,0,0,0,0,0,0.253580011959587,0,0,0,0,0,0,0,0.2938438753287,0.351662695407867,0,0,0.265390786732877,0,0.306991303814177,0,0.268453384295178,0,0,0,0,0,0,0,0,0,0,0,0.275138813607833,0,0,0,0.381606111700615,0,0,0,0,0,0,0,0.292172814451032,0,0,0,0,0,0.236615962452359,0,0,0,0,0,0.288844509766652,0,0,0.311680813910256,0,0,0,0.251883942986009,0,0.261075610392972,0,0,0,0,0,0,0,0,0,0.437521929967306,0,0.277749086692396,0.290350377559662,0.372790102692817,0,0
0.284612921015783,0,0,0,0,0,0,0,0.253824093431797,0,0,0,0,0,0,0,0.198841815782182,0.23617481191953,0,0,0,0,0.261638636663283,0,0.287177500376629,0,0.276197829724927,0,0,0,0,0,0,0,0,0,0,0,0.313023368795128,0,0,0.438906833529472,0.324069449678063,0,0,0,0,0.346520473559697,0.269905452926954,0,0,0,0,0,0.274002400040627,0,0,0,0,0,0,0,0,0,0,0.296402893185616,0,0,0,0.276475600898266,0,0.293177932500839,0,0,0,0,0,0,0,0,0,0.38497579785034,0.296298297063986,0.388377845287323,0.307112130092124,0,0
0,0.286045034016882,0,0.308197751641273,0,0,0,0,0,0,0,0,0,0,0,0,0.287692627081504,0.226810562941763,0.29625791311264,0,0,0.214422534335647,0,0.280203021905372,0,0.237768601522938,0,0.267297842923333,0,0,0,0,0,0,0,0,0,0.340799887975057,0,0.286395102739334,0,0.396220418422118,0,0,0,0,0,0,0,0.259663162418225,0,0,0,0,0,0.382781535387039,0,0.318247824907303,0,0.370978206396103,0,0.290737272799015,0,0,0.204457604759176,0,0.251883942986009,0,0,0,0.275806135619464,0,0.381230302155018,0,0,0,0,0,0.365597248077393,0,0.350912883877754,0,0.242606776894308,0,0.308859051401551,0,0
0.244184831778208,0,0,0,0,0,0,0,0,0,0,0,0,0,0,0,0.240736168622971,0,0,0,0,0,0.263282358646393,0,0.263277198054961,0,0.248272982437208,0,0,0,0,0,0,0,0,0,0,0,0,0,0,0,0,0,0,0,0,0,0.303851149451565,0,0,0,0,0,0,0,0,0,0.328161684009764,0,0.264929470134108,0,0,0,0,0.342080663560944,0,0.276475600898266,0,0,0,0.285623832457307,0,0,0,0,0,0,0,0,0,0,0.289853210250537,0,0,0,0
