0,0,8.56446667625791,0,9.36720447540283,0,0,0,4.83218920339946,0,0,0,0,0,4.20478833875348,0,0,0,8.72712039047817,0,0,0,0,0,0,0,0,0,0,0,0,0,0,0,0,0,34.2658704121908,42.5808925628662,0,0,28.2830884833085,0,18.5806335972869,0,0,0,25.0520251880993,45.3978424072266,4.90111943587711,48.6875286102295,7.1535849571228,0,0,0,5.86266909712586,0,0,0,0,0,4.32309073172275,0,0,19.4313186645508,0,0,0,0,0,0,0,0,0,26.5462519327799,0,0,0,0,0,31.0040579099913,59.5028686523438,28.4153034210205,9.09306792177764,0,15.7615999571189,0,13.0589647156852
0,0,0,6.3346724326794,0,0,0,0,0,4.87072814436792,0,0,0,0,0,0,0,61.1242446899414,11.3066716384888,0,0,0,0,0,0,0,0,0,0,0,0,0,0,0,0,0,0,0,60.2553958892822,36.9858836668083,0,20.0633643015602,62.5812469482422,0,0,16.2488969167074,0,0,57.1489524841309,4.3760860294639,0,0,0,0,0,4.93645563023065,0,29.8210235238075,0,0,0,3.32106991914602,29.1219421227773,0,0,0,3.56944513320923,0,0,0,0,0,29.1925595283508,0,0,0,0,0,29.7479754402524,0,26.9620381991069,55.8085784912109,9.96124549724359,30.0448201497396,13.2624245952157,15.9120979309082,46.9402236938477
8.56446667625791,0,0,0,7.4593808879591,0,0,0,5.50705848623205,0,0,0,0,0,0,0,0,0,25.8058344296047,0,0,0,0,0,0,0,0,0,0,0,0,0,0,0,0,0,11.5681238174438,0,0,0,32.2413690355089,0,24.2606439003912,0,0,0,22.4589057922363,0,6.13688731900716,35.831958770752,6.57807054179055,0,0,0,5.88326350680127,0,14.5547003746033,0,4.16696577601963,0,4.67592239379883,0,0,18.8637210300991,0,0,0,0,0,0,0,27.3338890075684,0,29.0050121545792,0,55.4421272277832,0,0,0,33.0231196615431,0,41.1171488080706,8.44189895156526,0,10.6438058531502,0,16.0550827741623
0,6.3346724326794,0,0,0,8.29229830265045,0,0,0,15.5009400844574,0,0,0,0,0,0,0,53.2705307006836,45.4422875279966,12.6886948176793,0,0,0,0,0,0,0,0,0,0,0,0,0,0,0,0,0,60.1165885925293,61.870267868042,39.3963689506054,0,23.5051455432549,49.7418930053711,0,0,25.429669880867,106.227294921875,39.5993809170193,60.5678901672363,21.9943173810945,0,6.34287485775057,0,0,0,5.49785876274109,0,16.8323142397756,0,4.18404602637658,0,3.91855466365814,31.5111860911051,0,0,0,0,0,0,0,0,0,29.1824536945509,0,0,0,0,0,40.6429831641061,78.5879402160645,0,64.8143920898438,23.1080576219256,0,14.7435117829455,17.0552844499287,0
9.36720447540283,0,7.4593808879591,0,0,0,4.64275752007961,0,8.66846635283493,0,0,0,3.38359117507935,0,3.44145401954651,0,0,0,0,0,8.27525985839704,0,0,0,0,0,0,0,0,0,0,0,0,0,0,0,17.5439725012149,0,0,0,54.9771753038679,0,37.281015141805,0,41.1708221435547,0,47.7196083068848,49.7374629974365,47.3578474862235,37.8990955352783,4.41887273456418,0,4.01484589244044,0,6.17552207616659,0,14.9889496326447,0,0,0,5.08095255162981,0,0,8.12963430401014,0,0,0,0,0,0,0,0,0,43.1373023986816,0,0,0,0,0,21.6374139547348,0,0,4.82176078118416,3.49914028427818,14.9265631824685,0,27.7623302823021
0,0,0,8.29229830265045,0,0,0,2.75209164619446,0,4.06411702292306,0,5.73171513080597,0,0,0,0,67.9764938354492,0,56.1085262298584,4.95605549223777,0,0,0,0,0,0,0,0,0,0,0,0,0,0,0,0,0,0,0,41.119197845459,0,44.3671607971191,44.0341682434082,0,0,27.2885885238647,0,39.1659965515137,0,47.8752681732178,0,3.38980696693299,0,2.88611507415771,0,0,0,4.76705265045166,0,0,0,0,6.75782677435106,0,0,0,77.9300384521484,0,0,0,0,0,0,0,0,0,0,0,67.7126312255859,0,0,0,4.15447915684093,0,10.832145103627,27.4143714904785,0
0,0,0,0,4.64275752007961,0,0,0,0,0,5.20385764090995,0,3.91928386688232,0,0,0,0,0,0,0,3.45179474100153,0,0,0,0,0,0,0,0,0,0,0,0,0,0,0,0,0,0,0,0,0,0,0,0,0,0,0,0,0,4.69048634883577,0,3.93250325540953,0,0,0,5.87890803624713,0,4.53748178482056,0,0,0,0,4.61374780866835,0,0,0,0,0,0,0,0,0,0,0,0,0,0,0,0,0,0,3.20596086113147,4.30860386103609,0,0,0
0,0,0,0,0,2.75209164619446,0,0,0,0,0,2.95656216144562,0,3.93067515980114,0,0,0,0,0,9.30172348022461,0,0,0,0,0,0,0,0,0,0,0,0,0,0,0,0,0,0,0,0,0,0,0,0,0,0,0,0,0,0,0,4.62930849257936,0,4.33322787239951,0,0,0,8.40805469085055,0,3.47843787118132,0,0,0,0,0,0,0,0,0,0,0,0,0,0,0,0,0,0,0,0,0,0,4.10435052631188,6.28589555952284,0,0,0
4.83218920339946,0,5.50705848623205,0,8.66846635283493,0,0,0,0,0,0,0,0,0,3.96209390861232,0,11.4474886102775,36.0090724097358,46.6663475036621,0,0,0,0,0,6.47148886970852,0,4.93359847068787,0,0,0,0,0,0,0,0,0,22.5630722045898,0,5.3893790363726,0,45.6674372355143,0,23.4221005585135,0,0,0,25.9071025848389,0,6.29575719574625,50.3947982788086,9.25871658325195,0,0,0,6.31393958236826,0,0,0,7.31962537765503,0,4.72218932809129,0,0,15.3187325795492,0,0,0,4.16549599170685,0,4.72611017305343,0,0,0,0,0,0,0,0,0,35.9451127052307,0,8.29308435450429,4.85790014007568,8.28165889878309,8.02714153370225,0,19.0407531261444
0,4.87072814436792,0,15.5009400844574,0,4.06411702292306,0,0,0,0,0,0,0,0,0,5.6158237784042,35.8411844798497,14.4555529201923,40.2562408447266,0,0,0,0,7.93309770226479,0,17.0297112464905,36.0697860717773,0,0,0,0,0,0,0,0,0,0,10.8283227706442,46.7836055755615,56.6639242172241,0,25.5361117446233,51.1638387044271,0,0,82.9054737091064,0,44.0414428710938,48.0651359558105,5.44647152083261,0,0,0,0,0,5.17866435436755,0,0,0,0,0,7.10889470286486,17.5262565612793,0,0,0,7.68453709461859,0,6.08675943480598,0,0,0,0,0,0,0,0,0,0,0,16.3169808412168,51.8950614929199,5.91519020576587,6.44302379890628,10.2880363836884,5.45603200367519,0
0,0,0,0,0,0,5.20385764090995,0,0,0,0,0,3.10501261724942,0,0,0,0,0,0,0,4.28124334014025,0,0,0,0,0,0,0,2.96392982139766,0,3.82374366124471,0,0,0,0,0,3.48071085099251,0,3.75188458461342,0,0,0,0,0,0,0,0,0,0,0,0,0,4.88185461506699,0,0,0,3.98319081446265,0,3.5322711502711,0,0,0,0,4.1544207062851,0,0,0,0,0,0,0,3.09021141601883,0,4.216637134552,0,0,0,0,0,4.67620176842374,0,4.79321552693159,3.14087485850898,3.01738857030869,6.947829246521,0,0
0,0,0,0,0,5.73171513080597,0,2.95656216144562,0,0,0,0,0,2.96569707442303,0,0,0,0,0,4.17517636746776,0,0,0,0,0,0,0,0,0,3.28800282478333,0,0,0,0,0,3.20258631058681,0,3.46034317662783,0,0,0,0,0,0,0,0,0,0,0,0,0,3.69800572395325,0,3.48968094587326,0,0,0,4.52829057715965,0,3.4591143144906,0,0,5.64516660826547,0,0,0,0,0,0,0,0,0,3.04132965632847,0,0,0,0,0,4.30353716106126,0,3.76718078785061,0,3.29436706733704,2.96776069452365,3.31193477766854,0,0
0,0,0,0,3.38359117507935,0,3.91928386688232,0,0,0,3.10501261724942,0,0,0,3.97632790784367,0,0,0,0,0,0,0,0,0,0,0,0,0,3.7417015245516,0,2.98068296909332,0,0,0,0,0,0,0,0,0,0,0,0,0,0,0,0,0,0,0,3.42189022898674,0,8.00008487701416,0,0,0,3.34549504204382,0,3.37038704640617,0,2.90569825172424,0,0,0,0,0,0,0,0,0,0,3.5841304063797,0,0,0,0,0,0,0,0,0,0,3.43678753548547,3.28342817457099,0,0,0
0,0,0,0,0,0,0,3.93067515980114,0,0,0,2.96569707442303,0,0,0,4.2891384334099,0,0,0,0,0,0,0,0,0,0,0,3.23036307554979,0,0,0,0,0,0,0,0,0,0,0,0,0,0,0,0,0,0,0,0,0,0,0,0,0,0,0,0,0,3.05442452430725,0,3.8827404058061,0,3.63151484727859,0,0,0,0,0,0,0,0,6.84232887625694,0,0,0,0,0,0,0,0,0,0,0,3.79791694323222,3.41492267755362,0,0,0
4.20478833875348,0,0,0,3.44145401954651,0,0,0,3.96209390861232,0,0,0,3.97632790784367,0,0,0,6.11905464486799,36.0567646026611,20.4454555511475,0,0,0,0,0,0,0,5.95075492064158,0,0,0,0,0,0,0,0,0,0,0,0,50.3516311645508,57.1213086446126,0,34.5646514892578,0,0,0,44.6735694885254,0,0,0,7.58703645070394,0,0,0,3.68005041588073,0,0,0,3.57223933885077,0,3.8817616543269,0,0,0,0,0,0,0,0,6.72961923054286,0,0,0,0,0,0,0,0,0,64.4264785766602,0,0,4.29558308523705,3.8895721652291,45.012583732605,0,30.0135726928711
0,0,0,0,0,0,0,0,0,5.6158237784042,0,0,0,4.2891384334099,0,0,26.0768251419067,5.71140507070145,0,0,0,0,0,0,0,3.82844638824463,0,2.95076060295105,0,0,0,0,0,0,0,0,0,0,0,0,0,0,0,0,0,0,0,0,0,8.97065194447835,0,0,0,0,0,6.67991079866801,0,0,0,5.13019627928734,0,4.57398591906669,0,0,0,0,0,0,4.29352884822422,0,0,0,0,0,0,0,0,0,0,0,0,0,4.63658761195695,6.47260010017539,0,0,0
0,0,0,0,0,67.9764938354492,0,0,11.4474886102775,35.8411844798497,0,0,0,0,6.11905464486799,26.0768251419067,0,18.4405189854105,17.1210650158311,0,0,25.7848518773129,8.27922569830483,22.1738676808097,6.24023159653025,27.9596264222089,6.74872675701506,0,2.73390245437622,0,0,0,0,0,0,0,0,0,0,71.6585102940465,59.668770676139,63.9340604654948,50.4810402765439,0,41.4902610778809,57.983995036075,56.9144244896349,0,58.2473859786987,79.8943710327148,0,0,0,0,70.7630109786987,0,48.8104228973389,0,0,0,4.86020840207736,29.6380796432495,73.3717502593994,73.7952089309692,0,7.58322668075562,22.9599647521973,3.83641760907275,0,7.4539638984771,0,0,73.7551116943359,56.6210821351009,0,0,0,76.8218460083008,75.5546930597184,62.9812631675665,75.1648590087891,59.9559195669074,14.2211091613473,7.56475739735044,57.0276520130246,58.5818672180176,43.8328813469928
0,61.1242446899414,0,53.2705307006836,0,0,0,0,36.0090724097358,14.4555529201923,0,0,0,0,36.0567646026611,5.71140507070145,18.4405189854105,0,17.8698513377616,0,0,4.98915864590958,20.3377136290073,8.55224238207603,19.2086835861206,6.30693342319872,32.1714599833769,3.07138923236302,0,0,0,0,0,0,0,0,0,0,89.498420715332,62.126794693787,70.4675824410575,53.3660175640121,62.9299444232071,0,48.3888282775879,53.5816106684068,63.7907155210322,0,81.5488014221191,73.6278266906738,0,0,0,0,31.5716743469238,8.85444068908691,0,71.1735536911908,0,0,0,8.53144299258357,64.2655608078529,74.8962516784668,0,0,7.11697931443491,0,6.33187682237198,32.6021919250488,0,0,67.4471778869629,72.7604522705078,0,0,0,0,64.0203921000163,72.9549421957873,65.1625796231357,69.2932165781657,12.6597974026269,7.08100011246041,61.1334740929306,43.1091131913035,63.9290506574843
8.72712039047817,11.3066716384888,25.8058344296047,45.4422875279966,0,56.1085262298584,0,0,46.6663475036621,40.2562408447266,0,0,0,0,20.4454555511475,0,17.1210650158311,17.8698513377616,0,38.8588225046794,0,34.0711772918701,84.7431259155273,37.2400088677039,0,21.2743711471558,26.9833629005834,0,0,0,0,0,0,0,0,0,0,0,0,41.3803129687262,45.9366160672024,34.2297655557975,37.5417794003289,0,10.9878598451614,30.6085468719321,40.2125878307029,57.2655730247498,61.6266477338729,53.1763038074269,92.9403266906738,53.3855247497559,0,0,0,72.6206130981445,39.9084731510707,31.6382055656583,0,0,0,14.5337333679199,45.8800271702104,51.4306809472256,0,0,0,0,0,0,0,0,29.170123561932,42.8328483142154,0,0,0,76.8751449584961,42.6272807416627,48.189255613314,37.7223275373822,45.8811580691348,14.5262620967367,12.2704357378411,36.812233812705,17.3424211373463,31.5757300875208
0,0,0,12.6886948176793,0,4.95605549223777,0,9.30172348022461,0,0,0,4.17517636746776,0,0,0,0,0,0,38.8588225046794,0,0,0,0,0,0,0,0,0,0,0,0,0,0,0,0,5.09725590690478,29.3084630966187,4.98501423689035,0,42.2945394515991,0,35.043333530426,41.5345306396484,0,0,6.74098873138428,0,38.406158100475,37.2888347080776,36.8135471343994,0,3.80275249481201,0,0,0,0,0,27.3681399822235,0,0,0,0,4.85878268755399,0,0,0,0,0,0,0,0,0,45.4830741882324,0,0,0,0,0,5.85035651982923,0,12.3122383117676,0,14.1129356652749,25.2304985258314,9.95718510334308,26.4784027099609,0
0,0,0,0,8.27525985839704,0,3.45179474100153,0,0,0,4.28124334014025,0,0,0,0,0,0,0,0,0,0,0,0,0,0,0,0,0,0,0,0,0,0,0,0,0,4.40760137403462,0,4.88629916736058,0,0,0,0,0,0,0,0,0,0,0,8.19210874067771,0,5.642845085689,0,13.4370996952057,0,4.99824919456091,0,0,0,0,0,0,5.03781987853854,0,0,0,0,0,0,0,0,0,0,0,0,0,0,0,5.32759846871098,0,4.10480773638165,4.11572489425607,26.6086988449097,7.11259894711631,0,0
0,0,0,0,0,0,0,0,0,0,0,0,0,0,0,0,25.7848518773129,4.98915864590958,34.0711772918701,0,0,0,3.36069791346976,5.7523762976251,0,3.92315525668008,0,0,0,0,0,0,0,0,0,0,0,4.31640121657237,0,71.4629745483398,0,78.1265563964844,55.9901504516602,0,0,0,0,27.4846477508545,59.6182098388672,6.36354329275048,0,0,0,0,0,0,0,0,0,0,0,0,0,0,3.90754412625558,2.95760939739369,4.38955435098386,0,8.17601295312246,0,11.4826765060425,0,0,0,0,0,0,0,0,0,8.41406797739687,0,5.40956512737919,3.59785527188972,64.8798904418945,0,0
0,0,0,0,0,0,0,0,0,0,0,0,0,0,0,0,8.27922569830483,20.3377136290073,84.7431259155273,0,0,3.36069791346976,0,0,4.83198837091013,0,5.93970110416412,0,3.20482321561238,0,0,0,0,0,0,0,0,43.806770324707,4.9161583074974,0,0,0,54.1698684692383,0,0,0,61.3826560974121,0,5.80547696100154,45.8517646789551,0,0,0,0,0,0,0,0,0,0,0,0,0,0,0,4.01018108845618,0,6.76718371623271,0,0,0,7.2763555417419,0,0,0,0,0,0,0,0,0,5.72432304459278,4.92008227047605,3.26827210712122,42.8728968302409,0,0
0,0,0,0,0,0,0,0,0,7.93309770226479,0,0,0,0,0,0,22.1738676808097,8.55224238207603,37.2400088677039,0,0,5.7523762976251,0,0,21.9106311798096,3.41799893644121,26.4442415237427,0,0,0,0,0,0,0,0,0,0,9.09443420668443,36.0256690979004,0,74.4829279581706,4.70323514938354,60.8624038696289,0,0,0,66.9261779785156,0,0,0,0,0,0,0,0,4.12580968365811,0,0,0,0,0,0,0,0,8.1413271139408,0,4.48265557314024,0,6.58678671311248,0,0,0,0,0,0,0,0,0,0,0,10.0374990017383,42.170955657959,8.144392424811,31.5433073043823,7.4496788865044,0,0
0,0,0,0,0,0,0,0,6.47148886970852,0,0,0,0,0,0,0,6.24023159653025,19.2086835861206,0,0,0,0,4.83198837091013,21.9106311798096,0,0,4.33164171079048,0,0,0,0,0,0,0,0,0,0,37.5166511535645,4.70132211086362,0,0,0,19.6898884773254,0,0,0,0,0,0,0,0,0,0,0,3.72840535640717,0,0,0,0,0,20.8207492828369,0,0,0,0,4.50639031791687,0,3.74259999761942,0,3.80790149799272,0,0,0,0,0,0,0,0,0,0,0,6.30387182706415,4.17587595207747,0,3.37495028972626,0,0
0,0,0,0,0,0,0,0,0,17.0297112464905,0,0,0,0,0,3.82844638824463,27.9596264222089,6.30693342319872,21.2743711471558,0,0,3.92315525668008,0,3.41799893644121,0,0,0,2.87229212125142,0,0,0,0,0,0,0,0,0,0,0,0,0,0,0,0,0,0,0,0,0,0,0,0,0,0,0,0,0,0,0,3.03563475608826,0,2.74686050415039,0,0,3.11860877275467,0,3.35853618575681,0,3.8496418524862,0,0,0,0,0,0,0,0,0,0,0,0,0,6.14903509120146,5.92640022609545,0,0,0
0,0,0,0,0,0,0,0,4.93359847068787,36.0697860717773,0,0,0,0,5.95075492064158,0,6.74872675701506,32.1714599833769,26.9833629005834,0,0,0,5.93970110416412,26.4442415237427,4.33164171079048,0,0,0,3.70096832625428,0,0,0,0,0,0,0,0,0,0,0,53.2999153137207,0,41.7753575642904,0,0,0,44.0510196685791,0,0,0,0,0,0,0,4.05281768983869,0,0,0,3.6527556180954,0,0,0,0,0,0,0,0,2.74528312683105,0,4.27939307992009,0,4.13940378167163,0,58.8083000183105,0,0,0,0,64.2493438720703,56.8846687316895,0,56.651985168457,8.8876460181143,9.85507994431716,48.6047286987305,0,67.3198165893555
0,0,0,0,0,0,0,0,0,0,0,0,0,3.23036307554979,0,2.95076060295105,0,3.07138923236302,0,0,0,0,0,0,0,2.87229212125142,0,0,0,3.24886351587749,0,0,0,0,0,0,0,2.94391952186334,0,0,0,0,0,0,0,0,0,0,0,0,0,0,0,0,0,0,0,3.3386913467856,0,5.10053263444167,0,0,0,0,3.56644179717354,0,0,0,0,0,4.40391816415819,0,6.10997248868473,0,0,0,0,0,0,0,0,0,3.243241950133,3.20134885311127,0,0,0
0,0,0,0,0,0,0,0,0,0,2.96392982139766,0,3.7417015245516,0,0,0,2.73390245437622,0,0,0,0,0,3.20482321561238,0,0,0,3.70096832625428,0,0,0,2.89633648291878,0,0,0,0,0,0,0,3.15904536247253,0,0,0,0,0,0,0,0,0,0,0,0,0,0,0,0,0,8.28171265125275,0,3.34367534584469,0,0,0,0,0,0,3.44728382428487,0,0,0,3.03205733182954,0,3.45042217528109,0,4.90572934937709,0,0,0,0,0,0,0,0,3.54414548779943,3.51319047673543,0,0,0
0,0,0,0,0,0,0,0,0,0,0,3.28800282478333,0,0,0,0,0,0,0,0,0,0,0,0,0,0,0,3.24886351587749,0,0,0,0,0,0,0,0,0,3.29661215706934,0,0,0,0,0,0,0,0,0,0,0,0,0,0,0,0,0,0,0,3.81035184860229,0,0,0,0,0,0,0,0,0,0,0,0,3.68963044477264,0,6.1234123261268,0,0,0,0,0,0,0,4.15185860792796,0,3.00004933072233,2.9976836681366,0,0,0
0,0,0,0,0,0,0,0,0,0,3.82374366124471,0,2.98068296909332,0,0,0,0,0,0,0,0,0,0,0,0,0,0,0,2.89633648291878,0,0,0,0,0,0,0,0,0,3.31525470249688,0,0,0,0,0,0,0,0,0,0,0,0,0,0,0,0,0,3.82812509536743,0,0,0,0,0,0,0,0,0,0,0,0,0,0,3.27138704203424,0,4.14050731786375,0,0,0,0,0,0,0,3.21766190230846,0,2.84314996004105,0,0,0
0,0,0,0,0,0,0,0,0,0,0,0,0,0,0,0,0,0,0,0,0,0,0,0,0,0,0,0,0,0,0,0,4.15878253829521,6.19121230895549,16.9762406349182,9.40951941962595,4.50800727620537,0,0,0,0,0,25.4236755371094,0,0,0,0,6.60727960480327,19.583948135376,3.97051911354065,0,0,0,0,0,0,0,0,0,0,0,0,0,0,0,0,0,0,0,0,0,0,0,0,8.67897191295932,8.44692891184618,4.5423003744196,17.237193107605,5.66696143326544,7.58268938301513,0,0,4.36004976968507,0,12.5906686782837,0,0
0,0,0,0,0,0,0,0,0,0,0,0,0,0,0,0,0,0,0,0,0,0,0,0,0,0,0,0,0,0,0,4.15878253829521,0,5.27116413116455,6.56022950640896,8.588130235672,3.07170244293698,0,0,0,0,0,0,0,0,0,52.707878112793,8.18825140881594,5.93161046504974,13.3535034656525,0,0,0,0,0,0,0,0,0,0,0,0,0,0,0,0,0,0,0,0,0,0,0,0,4.4127048499046,6.04812451563776,7.10365470250448,4.87915791635928,23.589743750436,8.96983188906343,0,0,5.5965187890189,0,52.8469867706299,0,0
0,0,0,0,0,0,0,0,0,0,0,0,0,0,0,0,0,0,0,0,0,0,0,0,0,0,0,0,0,0,0,6.19121230895549,5.27116413116455,0,3.95108978759061,13.2263215382894,0,3.24798246476908,3.18467712221724,0,0,0,0,0,0,0,0,5.04896812924864,29.8027105331421,0,0,0,0,0,0,0,0,0,0,0,0,0,0,0,0,0,0,0,0,0,0,0,0,0,15.3551653145122,7.17285084724426,3.52643310239189,4.79461142328941,19.9432961791754,0,4.4375051437742,3.16167010387904,6.25169441345576,0,22.5796556472778,0,0
0,0,0,0,0,0,0,0,0,0,0,0,0,0,0,0,0,0,0,0,0,0,0,0,0,0,0,0,0,0,0,16.9762406349182,6.56022950640896,3.95108978759061,0,0,2.95525842322443,3.75850675635868,3.36553351292435,0,0,0,8.77222100171176,0,0,0,50.5977096557617,6.60235029627412,13.2319152832031,29.0208549499512,0,0,0,0,0,0,0,0,0,0,0,0,0,0,0,0,0,0,0,0,0,0,0,0,11.6030038197835,16.0104913711548,4.1897992515564,3.5836608377833,0,32.0130045694463,4.40574473019304,3.80777231150982,3.72205212174651,2.83725929260254,9.77812721615746,0,0
0,0,0,0,0,0,0,0,0,0,0,3.20258631058681,0,0,0,0,0,0,0,5.09725590690478,0,0,0,0,0,0,0,0,0,0,0,9.40951941962595,8.588130235672,13.2263215382894,0,0,4.09694075660889,4.67930925144799,0,15.0160865982374,0,28.0568580627441,0,0,0,13.9572565338828,0,7.81263144108472,22.0021045684814,20.5926578770513,0,0,0,0,0,0,0,3.89592950571151,0,0,0,0,6.52356109898508,0,0,0,0,0,0,0,0,0,0,0,18.4405869139901,9.67731509889875,14.688186781747,0,5.13906350406095,6.84048538995021,7.62824614451127,0,6.21848798375178,6.54365593829925,16.3562376930796,0,0
34.2658704121908,0,11.5681238174438,0,17.5439725012149,0,0,0,22.5630722045898,0,3.48071085099251,0,0,0,0,0,0,0,0,29.3084630966187,4.40760137403462,0,0,0,0,0,0,0,0,0,0,4.50800727620537,3.07170244293698,0,2.95525842322443,4.09694075660889,0,0,4.18828636436426,17.6644859313965,25.6033363342285,31.9310569763184,24.2188393274943,0,0,0,29.9454510552543,6.40168838631617,13.7322100709986,16.132397390181,21.5937006076177,0,0,0,19.2946590696062,0,4.37173873742421,0,0,0,0,0,28.1690196990967,9.25155333608372,0,0,0,0,0,0,0,0,0,0,5.41065760895058,4.54374167037337,0,4.46393269792609,3.63046957096671,5.75576601588682,3.68221654210772,7.43044936287531,5.31783121167639,4.66514315864827,18.0131529266619,0,22.4930744171143
42.5808925628662,0,0,60.1165885925293,0,0,0,0,0,10.8283227706442,0,3.46034317662783,0,0,0,0,0,0,0,4.98501423689035,0,4.31640121657237,43.806770324707,9.09443420668443,37.5166511535645,0,0,2.94391952186334,0,3.29661215706934,0,0,0,3.24798246476908,3.75850675635868,4.67930925144799,0,0,12.9880337464724,44.9352359771729,0,20.5376176550275,28.883574913288,0,0,10.7217632293701,0,7.80882172485707,37.3586901175876,7.73495515777679,0,0,0,0,44.678825378418,12.1513529104345,0,4.46597720949613,0,0,0,0,14.8408477047215,0,6.57857965462374,44.2546653747559,6.54263673449906,37.5510864257812,0,0,0,0,4.11746646966728,0,0,0,4.73478856453529,4.77482162124809,8.79170542989458,0,4.5842087393453,6.07169922383626,8.46243938553653,8.98356219329054,20.4070593973729,6.39077573664048,0
0,60.2553958892822,0,61.870267868042,0,0,0,0,5.3893790363726,46.7836055755615,3.75188458461342,0,0,0,0,0,0,89.498420715332,0,0,4.88629916736058,0,4.9161583074974,36.0256690979004,4.70132211086362,0,0,0,3.15904536247253,0,3.31525470249688,0,0,3.18467712221724,3.36553351292435,0,4.18828636436426,12.9880337464724,0,0,65.5421810150146,45.0985856056213,21.9857283238165,0,0,0,11.1393785476685,8.60332738905025,8.19426748645267,37.7161798159281,0,0,0,0,4.35916670607455,0,4.46911875213065,0,0,0,0,0,0,7.23120974672252,51.1581242879232,6.52089267251379,40.9788284301758,5.14377896668333,0,0,0,3.3498621633851,0,3.18306693905278,0,0,0,3.47834671111334,0,5.64913312449468,6.96899357772455,5.00937862317873,9.2706220075174,7.89721969062207,32.5950600895661,0,0
0,36.9858836668083,0,39.3963689506054,0,41.119197845459,0,0,0,56.6639242172241,0,0,0,0,50.3516311645508,0,71.6585102940465,62.126794693787,41.3803129687262,42.2945394515991,0,71.4629745483398,0,0,0,0,0,0,0,0,0,0,0,0,0,15.0160865982374,17.6644859313965,44.9352359771729,0,0,83.7695147196452,21.0817187776747,63.5444051538195,0,0,17.8074087629814,75.0192357113487,13.012788180095,36.5556197166443,11.2218264182711,0,43.6120705604553,0,0,0,0,0,43.6917890718538,0,35.7895698547363,0,0,14.4870668833529,86.5338306427002,0,0,53.5790367126465,0,0,0,0,0,44.1153017646908,0,28.742951075236,0,0,0,22.0197623427064,74.8138942956924,48.5664927482605,86.8054207695855,39.220952177745,60.3033771514893,18.4058479690843,20.5360193458392,63.9910687037877
28.2830884833085,0,32.2413690355089,0,54.9771753038679,0,0,0,45.6674372355143,0,0,0,0,0,57.1213086446126,0,59.668770676139,70.4675824410575,45.9366160672024,0,0,0,0,74.4829279581706,0,0,53.2999153137207,0,0,0,0,0,0,0,0,0,25.6033363342285,0,65.5421810150146,83.7695147196452,0,75.141888724433,23.7177725546659,0,26.084755820197,77.4077652379086,14.8152379946468,16.7964226195687,14.4933136496051,0,41.1135800679525,0,0,0,0,0,45.1770556640625,86.6908122471401,0,0,58.0734252929688,0,98.3129755655925,14.216553940862,0,0,0,0,0,0,0,0,96.3597590128581,40.4499194178749,0,0,0,31.3955364227295,81.3453948918511,14.7479145085283,82.1639022827148,36.3854089971666,45.3050685034364,69.4877009391785,25.3331659856657,64.8491012573242,21.2874956873363
0,20.0633643015602,0,23.5051455432549,0,44.3671607971191,0,0,0,25.5361117446233,0,0,0,0,0,0,63.9340604654948,53.3660175640121,34.2297655557975,35.043333530426,0,78.1265563964844,0,4.70323514938354,0,0,0,0,0,0,0,0,0,0,0,28.0568580627441,31.9310569763184,20.5376176550275,45.0985856056213,21.0817187776747,75.141888724433,0,17.4202660706293,0,0,33.1302831487341,72.8266822269985,27.2288567527892,35.9301188257005,21.295755859661,0,42.5637204170227,0,0,0,46.2719573974609,0,19.6240984757168,0,22.477332201871,0,0,26.1869317602099,0,0,0,38.3367267608643,50.1989593505859,0,0,0,0,22.8690856358503,63.2669715881348,0,0,0,20.6151695251465,27.0330121009725,74.629789352417,29.4745478011333,65.3105511665344,23.1872376339904,42.4366058349609,19.8215036716687,15.1253839625167,47.5714152753353
18.5806335972869,62.5812469482422,24.2606439003912,49.7418930053711,37.281015141805,44.0341682434082,0,0,23.4221005585135,51.1638387044271,0,0,0,0,34.5646514892578,0,50.4810402765439,62.9299444232071,37.5417794003289,41.5345306396484,0,55.9901504516602,54.1698684692383,60.8624038696289,19.6898884773254,0,41.7753575642904,0,0,0,0,25.4236755371094,0,0,8.77222100171176,0,24.2188393274943,28.883574913288,21.9857283238165,63.5444051538195,23.7177725546659,17.4202660706293,0,0,17.5321680969662,55.1788452693394,25.1150397535598,10.7215509375265,17.3512489725015,24.0690468483907,35.9447091111859,61.2158711751302,0,0,30.8217222483262,0,23.4637736407193,53.9969882965088,20.7388553619385,0,29.6491863853053,0,67.7269494798448,29.1654647431723,0,31.8406991958618,49.6995868682861,26.9896012714931,0,0,0,20.6320316450936,72.9428437550863,16.7259181059058,0,0,0,15.3025901534341,73.1705116945155,26.6772319829326,42.4717930385045,27.4880851264312,24.0143153381436,27.3755207795363,19.1561482765617,56.7891829808553,11.3722927491677
0,0,0,0,0,0,0,0,0,0,0,0,0,0,0,0,0,0,0,0,0,0,0,0,0,0,0,0,0,0,0,0,0,0,0,0,0,0,0,0,0,0,0,0,0,0,0,0,0,0,0,0,0,0,0,0,0,0,0,0,0,0,0,0,0,0,0,0,0,0,0,0,0,0,0,0,0,0,0,0,0,0,0,0,0,0,0
0,0,0,0,41.1708221435547,0,0,0,0,0,0,0,0,0,0,0,41.4902610778809,48.3888282775879,10.9878598451614,0,0,0,0,0,0,0,0,0,0,0,0,0,0,0,0,0,0,0,0,0,26.084755820197,0,17.5321680969662,0,0,0,21.6473471136654,0,0,0,0,0,0,0,0,0,0,0,0,0,0,0,0,0,0,0,0,0,0,0,0,0,0,0,0,0,0,0,0,33.6700527667999,0,43.1336517333984,0,0,17.788921209482,0,23.2234935760498
0,16.2488969167074,0,25.429669880867,0,27.2885885238647,0,0,0,82.9054737091064,0,0,0,0,0,0,57.983995036075,53.5816106684068,30.6085468719321,6.74098873138428,0,0,0,0,0,0,0,0,0,0,0,0,0,0,0,13.9572565338828,0,10.7217632293701,0,17.8074087629814,77.4077652379086,33.1302831487341,55.1788452693394,0,0,0,68.025949205671,36.8046583092731,34.6122997999191,34.7661329974299,0,44.8233547210693,0,0,0,0,0,31.534006217188,0,0,0,0,11.7273383009752,75.3784408569336,0,0,0,0,0,0,0,0,34.6661751848279,75.014274597168,0,0,0,0,18.7415831843103,79.66237449646,20.1560687285203,67.4685646057129,28.4884294284778,64.8349761962891,22.0348810484927,36.3953520911081,52.2231674194336
25.0520251880993,0,22.4589057922363,106.227294921875,47.7196083068848,0,0,0,25.9071025848389,0,0,0,0,0,44.6735694885254,0,56.9144244896349,63.7907155210322,40.2125878307029,0,0,0,61.3826560974121,66.9261779785156,0,0,44.0510196685791,0,0,0,0,0,52.707878112793,0,50.5977096557617,0,29.9454510552543,0,11.1393785476685,75.0192357113487,14.8152379946468,72.8266822269985,25.1150397535598,0,21.6473471136654,68.025949205671,0,42.9483501209932,37.935225632017,37.4896308898926,48.4634958902995,0,0,0,60.7272567749023,0,34.7898029708862,85.09055519104,0,0,0,0,76.5195574079241,16.204603771745,0,0,0,0,0,0,0,0,67.085319519043,44.2393328493292,0,55.4784240722656,0,46.4515056610107,73.5910661360797,20.7093009011515,0,25.6739930590428,37.9405486527033,69.7803001403809,26.6676042772151,0,40.0886824925741
45.3978424072266,0,0,39.5993809170193,49.7374629974365,39.1659965515137,0,0,0,44.0414428710938,0,0,0,0,0,0,0,0,57.2655730247498,38.406158100475,0,27.4846477508545,0,0,0,0,0,0,0,0,0,6.60727960480327,8.18825140881594,5.04896812924864,6.60235029627412,7.81263144108472,6.40168838631617,7.80882172485707,8.60332738905025,13.012788180095,16.7964226195687,27.2288567527892,10.7215509375265,0,0,36.8046583092731,42.9483501209932,0,10.0406368174235,8.86552574556259,51.6369590759277,0,0,0,0,0,0,49.8833599090576,0,0,0,0,47.7103424072266,44.097838083903,43.4502258300781,27.8856430053711,24.3300170898438,0,0,0,0,0,49.9971656799316,0,6.58573380572266,6.86756936753832,3.7918787627787,5.8404054017176,6.73053126349367,6.00837090349405,18.3074660533812,17.2227292618194,9.91728933953438,6.94390205205497,16.8790395392658,50.7395305633545,0
4.90111943587711,57.1489524841309,6.13688731900716,60.5678901672363,47.3578474862235,0,0,0,6.29575719574625,48.0651359558105,0,0,0,0,0,0,58.2473859786987,81.5488014221191,61.6266477338729,37.2888347080776,0,59.6182098388672,5.80547696100154,0,0,0,0,0,0,0,0,19.583948135376,5.93161046504974,29.8027105331421,13.2319152832031,22.0021045684814,13.7322100709986,37.3586901175876,8.19426748645267,36.5556197166443,14.4933136496051,35.9301188257005,17.3512489725015,0,0,34.6122997999191,37.935225632017,10.0406368174235,0,22.7447441453934,43.595484495163,41.2244440714518,0,0,6.48166472315788,0,25.353814860185,50.912393951416,0,0,24.2761859893799,0,50.7222061157227,34.736435646481,0,4.99794434977102,51.5184183120728,7.44786167144775,0,0,0,5.46443216502666,51.2572145462036,10.9209522860391,0,9.11975501477718,0,12.4472420956637,34.2240340974596,15.1762236926515,42.3395056588309,6.31825429913651,20.5323961137297,18.0493632271176,21.1531679085023,42.0162289937337,24.5756193569728
48.6875286102295,4.3760860294639,35.831958770752,21.9943173810945,37.8990955352783,47.8752681732178,0,0,50.3947982788086,5.44647152083261,0,0,0,0,0,8.97065194447835,79.8943710327148,73.6278266906738,53.1763038074269,36.8135471343994,0,6.36354329275048,45.8517646789551,0,0,0,0,0,0,0,0,3.97051911354065,13.3535034656525,0,29.0208549499512,20.5926578770513,16.132397390181,7.73495515777679,37.7161798159281,11.2218264182711,0,21.295755859661,24.0690468483907,0,0,34.7661329974299,37.4896308898926,8.86552574556259,22.7447441453934,0,41.1994342803955,40.6597247123718,0,0,47.9560222625732,6.17221576483675,0,25.0444587360729,0,9.34000408649445,0,3.49017692867078,34.313258296565,39.2818997701009,5.16419998640528,52.9850120544434,3.15320600782122,45.013427734375,3.16263115406036,0,3.2670059800148,0,10.2243879018392,53.3340320587158,8.45302867889404,16.7460205414716,0,19.8275661468506,10.7722944892238,17.3168834686279,7.32509981058899,40.6209953625997,16.1292095404273,12.6697367154635,15.3292981091668,35.160007538334,38.5771179199219
7.1535849571228,0,6.57807054179055,0,4.41887273456418,0,4.69048634883577,0,9.25871658325195,0,0,0,3.42189022898674,0,7.58703645070394,0,0,0,92.9403266906738,0,8.19210874067771,0,0,0,0,0,0,0,0,0,0,0,0,0,0,0,21.5937006076177,0,0,0,41.1135800679525,0,35.9447091111859,0,0,0,48.4634958902995,51.6369590759277,43.595484495163,41.1994342803955,0,0,3.77523806814611,0,4.19719085326562,0,4.70653066039085,0,0,0,5.31702328811992,0,0,8.71578173596284,0,0,0,0,0,0,0,34.0059375762939,0,43.1264008742112,0,0,0,0,0,26.0301348778509,0,0,8.02780588325637,3.6842239336534,12.0098314938906,0,28.9151826222738
0,0,0,6.34287485775057,0,3.38980696693299,0,4.62930849257936,0,0,0,3.69800572395325,0,0,0,0,0,0,53.3855247497559,3.80275249481201,0,0,0,0,0,0,0,0,0,0,0,0,0,0,0,0,0,0,0,43.6120705604553,0,42.5637204170227,61.2158711751302,0,0,44.8233547210693,0,0,41.2244440714518,40.6597247123718,0,0,0,3.15631105397877,0,0,0,11.4103277259403,0,2.82884097099304,0,0,0,0,0,0,0,0,0,0,0,0,36.0878740946452,0,0,0,0,0,55.6064465840658,0,0,0,4.45704310321808,7.29317728678385,12.0159668082922,25.7188930511475,0
0,0,0,0,4.01484589244044,0,3.93250325540953,0,0,0,4.88185461506699,0,8.00008487701416,0,0,0,0,0,0,0,5.642845085689,0,0,0,0,0,0,0,0,0,0,0,0,0,0,0,0,0,0,0,0,0,0,0,0,0,0,0,0,0,3.77523806814611,0,0,0,0,0,5.24785316901478,0,9.4909086227417,0,0,0,0,6.59872279343782,0,0,0,0,0,0,0,0,0,0,0,0,0,0,0,0,0,0,4.29064498228185,3.27376205270941,0,0,0
0,0,0,0,0,2.88611507415771,0,4.33322787239951,0,0,0,3.48968094587326,0,0,0,0,0,0,0,0,0,0,0,0,0,0,0,0,0,0,0,0,0,0,0,0,0,0,0,0,0,0,0,0,0,0,0,0,0,0,0,3.15631105397877,0,0,0,0,0,5.78575094924198,0,4.69097874561946,0,0,0,0,0,0,0,0,0,0,0,0,0,0,0,0,0,0,0,0,0,0,4.78888241641493,7.06683087348938,0,0,0
5.86266909712586,0,5.88326350680127,0,6.17552207616659,0,0,0,6.31393958236826,0,0,0,0,0,3.68005041588073,0,70.7630109786987,31.5716743469238,0,0,13.4370996952057,0,0,0,3.72840535640717,0,4.05281768983869,0,0,0,0,0,0,0,0,0,19.2946590696062,44.678825378418,4.35916670607455,0,0,0,30.8217222483262,0,0,0,60.7272567749023,0,6.48166472315788,47.9560222625732,4.19719085326562,0,0,0,0,0,33.2933540344238,0,6.76645183563232,0,4.68473944348325,0,0,12.3303356032441,0,0,0,3.59525891576495,0,4.74947416138005,0,0,0,36.6840419769287,0,0,0,0,0,16.8376636505127,0,5.77360496135044,7.98429581723028,13.7408316612244,12.614862584509,0,23.6978975183824
0,4.93645563023065,0,5.49785876274109,0,0,0,0,0,5.17866435436755,0,0,0,0,0,6.67991079866801,0,8.85444068908691,72.6206130981445,0,0,0,0,4.12580968365811,0,0,0,0,0,0,0,0,0,0,0,0,0,12.1513529104345,0,0,0,46.2719573974609,0,0,0,0,0,0,0,6.17221576483675,0,0,0,0,0,0,0,0,0,0,0,5.98935998285983,0,0,0,0,6.03622796253068,0,0,0,0,0,0,0,0,0,0,0,0,0,13.889575007416,0,7.36078224790857,11.5568041801453,4.23178730392456,0,0
0,0,14.5547003746033,0,14.9889496326447,0,5.87890803624713,0,0,0,3.98319081446265,0,3.34549504204382,0,0,0,48.8104228973389,0,39.9084731510707,0,4.99824919456091,0,0,0,0,0,0,0,8.28171265125275,0,3.82812509536743,0,0,0,0,0,4.37173873742421,0,4.46911875213065,0,45.1770556640625,0,23.4637736407193,0,0,0,34.7898029708862,0,25.353814860185,0,4.70653066039085,0,5.24785316901478,0,33.2933540344238,0,0,0,3.54730870348684,0,4.42463040351868,0,0,4.80813687670024,0,0,0,0,0,0,0,4.22615321611954,0,13.7477413976894,0,0,0,0,0,9.51849934409876,0,5.65230436886058,6.72052425159146,2.9690835311495,6.99636686966132,0,15.5509367287159
0,29.8210235238075,0,16.8323142397756,0,4.76705265045166,0,8.40805469085055,0,0,0,4.52829057715965,0,3.05442452430725,0,0,0,71.1735536911908,31.6382055656583,27.3681399822235,0,0,0,0,0,0,0,3.3386913467856,0,3.81035184860229,0,0,0,0,0,3.89592950571151,0,4.46597720949613,0,43.6917890718538,86.6908122471401,19.6240984757168,53.9969882965088,0,0,31.534006217188,85.09055519104,49.8833599090576,50.912393951416,25.0444587360729,0,11.4103277259403,0,5.78575094924198,0,0,0,0,0,4.77528198921319,0,0,12.9325789339716,0,0,0,0,0,0,0,4.21123933792114,0,6.47471188123938,0,0,0,0,0,26.8940422914724,109.696788787842,6.2444507495777,0,13.8783982168028,4.97169263466545,11.4747940407474,16.2878589987755,0
0,0,4.16696577601963,0,0,0,4.53748178482056,0,7.31962537765503,0,3.5322711502711,0,3.37038704640617,0,3.57223933885077,0,0,0,0,0,0,0,0,0,0,0,3.6527556180954,0,3.34367534584469,0,0,0,0,0,0,0,0,0,0,0,0,0,20.7388553619385,0,0,0,0,0,0,0,0,0,9.4909086227417,0,6.76645183563232,0,3.54730870348684,0,0,0,3.9552402973175,0,0,24.4535026550293,0,0,0,0,0,0,0,3.37975891431173,0,0,0,0,0,0,0,0,0,0,3.949564791373,3.73058965109816,6.12725569118153,0,0
0,0,0,4.18404602637658,0,0,0,3.47843787118132,0,0,0,3.4591143144906,0,3.8827404058061,0,5.13019627928734,0,0,0,0,0,0,0,0,0,3.03563475608826,0,5.10053263444167,0,0,0,0,0,0,0,0,0,0,0,35.7895698547363,0,22.477332201871,0,0,0,0,0,0,0,9.34000408649445,0,2.82884097099304,0,4.69097874561946,0,0,0,4.77528198921319,0,0,0,4.34108880810116,0,0,0,0,0,0,0,0,4.96545989211328,0,21.4365181922913,0,0,0,0,0,0,0,0,0,4.46299759951962,4.05450142899605,7.24917965392544,27.0914058685303,0
4.32309073172275,0,4.67592239379883,0,5.08095255162981,0,0,0,4.72218932809129,0,0,0,2.90569825172424,0,3.8817616543269,0,4.86020840207736,0,0,0,0,0,0,0,20.8207492828369,0,0,0,0,0,0,0,0,0,0,0,0,0,0,0,58.0734252929688,0,29.6491863853053,0,0,0,0,0,24.2761859893799,0,5.31702328811992,0,0,0,4.68473944348325,0,4.42463040351868,0,3.9552402973175,0,0,0,0,22.7009716033936,0,0,0,6.11522483825684,0,0,0,0,0,0,0,0,0,0,0,0,0,0,3.40038827625481,2.74476218223572,14.4402600669861,0,23.7651767730713
0,3.32106991914602,0,3.91855466365814,0,0,0,0,0,7.10889470286486,0,0,0,3.63151484727859,0,4.57398591906669,29.6380796432495,8.53144299258357,14.5337333679199,0,0,0,0,0,0,2.74686050415039,0,0,0,0,0,0,0,0,0,0,0,0,0,0,0,0,0,0,0,0,0,0,0,3.49017692867078,0,0,0,0,0,5.98935998285983,0,0,0,4.34108880810116,0,0,0,0,0,0,0,0,0,0,0,0,0,0,0,0,0,0,0,0,0,0,5.61010038099791,0,0,0,0
0,29.1219421227773,0,31.5111860911051,0,6.75782677435106,0,0,0,17.5262565612793,0,5.64516660826547,0,0,0,0,73.3717502593994,64.2655608078529,45.8800271702104,4.85878268755399,0,0,0,0,0,0,0,0,0,0,0,0,0,0,0,6.52356109898508,28.1690196990967,14.8408477047215,0,14.4870668833529,98.3129755655925,26.1869317602099,67.7269494798448,0,0,11.7273383009752,76.5195574079241,47.7103424072266,50.7222061157227,34.313258296565,0,0,0,0,0,0,0,12.9325789339716,0,0,0,0,0,47.8726272583008,0,0,0,0,0,0,0,0,20.6359040668045,0,0,0,0,0,7.23825572082454,77.8015026092529,16.570582504032,87.8094635009766,29.7546835260943,26.4877974861547,14.4885829969564,23.6602828285911,0
19.4313186645508,0,18.8637210300991,0,8.12963430401014,0,4.61374780866835,0,15.3187325795492,0,4.1544207062851,0,0,0,0,0,73.7952089309692,74.8962516784668,51.4306809472256,0,5.03781987853854,0,0,0,0,0,0,0,0,0,0,0,0,0,0,0,9.25155333608372,0,7.23120974672252,86.5338306427002,14.216553940862,0,29.1654647431723,0,0,75.3784408569336,16.204603771745,44.097838083903,34.736435646481,39.2818997701009,8.71578173596284,0,6.59872279343782,0,12.3303356032441,0,4.80813687670024,0,24.4535026550293,0,22.7009716033936,0,47.8726272583008,0,0,0,0,0,0,0,0,0,0,46.757822733659,0,0,0,56.9825668334961,38.0181865692139,10.830814789591,0,7.39893372309676,13.4446759957534,25.3469282038072,12.1109414557773,0,12.4860531943185
0,0,0,0,0,0,0,0,0,0,0,0,0,0,0,0,0,0,0,0,0,3.90754412625558,0,8.1413271139408,0,3.11860877275467,0,3.56644179717354,0,0,0,0,0,0,0,0,0,6.57857965462374,51.1581242879232,0,0,0,0,0,0,0,0,43.4502258300781,0,5.16419998640528,0,0,0,0,0,0,0,0,0,0,0,0,0,0,0,0,5.17530599443039,0,6.02951722257719,0,6.70436849301321,0,0,0,0,0,0,0,0,0,6.25815538412032,50.4231643676758,5.43446313210253,3.84887646451408,21.9895296096802,0,0
0,0,0,0,0,0,0,0,0,0,0,0,0,0,0,0,7.58322668075562,0,0,0,0,2.95760939739369,4.01018108845618,0,4.50639031791687,0,0,0,3.44728382428487,0,0,0,0,0,0,0,0,44.2546653747559,6.52089267251379,0,0,0,31.8406991958618,0,0,0,0,27.8856430053711,4.99794434977102,52.9850120544434,0,0,0,0,0,0,0,0,0,0,0,0,0,0,0,0,0,6.05789241130218,0,0,0,6.3216540105272,0,0,0,0,0,0,0,0,49.1807479858398,6.43752360343933,3.89748045017845,3.35355475237361,0,0,0
0,3.56944513320923,0,0,0,77.9300384521484,0,0,0,7.68453709461859,0,0,0,0,0,0,22.9599647521973,7.11697931443491,0,0,0,4.38955435098386,0,4.48265557314024,0,3.35853618575681,0,0,0,0,0,0,0,0,0,0,0,6.54263673449906,40.9788284301758,53.5790367126465,0,38.3367267608643,49.6995868682861,0,0,0,0,24.3300170898438,51.5184183120728,3.15320600782122,0,0,0,0,0,6.03622796253068,0,0,0,0,0,0,0,0,5.17530599443039,0,0,0,6.13849324085673,0,7.53281798362732,0,0,0,0,0,0,0,0,0,10.8176386653425,36.8383026123047,7.25783681739932,22.2607326507568,7.52467861978134,0,0
0,0,0,0,0,0,0,0,4.16549599170685,0,0,0,0,0,0,0,3.83641760907275,0,0,0,0,0,6.76718371623271,0,3.74259999761942,0,2.74528312683105,0,0,0,0,0,0,0,0,0,0,37.5510864257812,5.14377896668333,0,0,50.1989593505859,26.9896012714931,0,0,0,0,0,7.44786167144775,45.013427734375,0,0,0,0,3.59525891576495,0,0,0,0,0,6.11522483825684,0,0,0,0,6.05789241130218,0,0,0,4.21243349963395,0,0,0,0,0,0,0,0,0,0,42.8567848205566,5.49353010287112,4.64143686497693,28.1950054168701,15.7671295404434,0,0
0,0,0,0,0,0,0,0,0,6.08675943480598,0,0,0,0,0,4.29352884822422,0,6.33187682237198,0,0,0,8.17601295312246,0,6.58678671311248,0,3.8496418524862,0,0,0,0,0,0,0,0,0,0,0,0,0,0,0,0,0,0,0,0,0,0,0,3.16263115406036,0,0,0,0,0,0,0,0,0,0,0,0,0,0,6.02951722257719,0,6.13849324085673,0,0,0,3.94016835737335,0,0,0,0,0,0,0,0,0,0,0,6.75875561845069,4.58463708092185,0,0,0
0,0,0,0,0,0,0,0,4.72611017305343,0,0,0,0,0,6.72961923054286,0,7.4539638984771,32.6021919250488,0,0,0,0,0,0,3.80790149799272,0,4.27939307992009,0,3.03205733182954,0,0,0,0,0,0,0,0,0,0,0,0,0,0,0,0,0,0,0,0,0,0,0,0,0,4.74947416138005,0,0,0,0,0,0,0,0,0,0,0,0,4.21243349963395,0,0,0,3.48482084274292,0,0,0,0,0,0,0,0,0,0,7.06560051176283,0,0,0,0
0,0,0,0,0,0,0,0,0,0,0,0,0,6.84232887625694,0,0,0,0,0,0,0,11.4826765060425,0,0,0,0,0,4.40391816415819,0,3.68963044477264,0,0,0,0,0,0,0,0,0,0,0,0,0,0,0,0,0,0,0,3.2670059800148,0,0,0,0,0,0,0,4.21123933792114,0,4.96545989211328,0,0,0,0,6.70436849301321,0,7.53281798362732,0,3.94016835737335,0,0,0,4.18633068072331,0,0,0,0,0,0,0,3.34637176229599,0,4.12461799383163,4.07546788067013,0,0,0
0,0,27.3338890075684,0,0,0,0,0,0,0,3.09021141601883,0,3.5841304063797,0,0,0,0,0,0,0,0,0,7.2763555417419,0,0,0,4.13940378167163,0,3.45042217528109,0,3.27138704203424,0,0,0,0,0,0,0,3.3498621633851,0,0,0,20.6320316450936,0,0,0,0,0,5.46443216502666,0,34.0059375762939,0,0,0,0,0,4.22615321611954,0,3.37975891431173,0,0,0,0,0,0,6.3216540105272,0,0,0,3.48482084274292,0,0,0,8.20937722921371,0,0,0,0,0,0,0,4.77384456681989,3.52565372642935,3.45150756310014,8.74899606202778,0,0
0,29.1925595283508,0,29.1824536945509,0,0,0,0,0,0,0,3.04132965632847,0,0,0,0,73.7551116943359,67.4471778869629,29.170123561932,45.4830741882324,0,0,0,0,0,0,0,6.10997248868473,0,6.1234123261268,0,0,0,0,0,0,0,4.11746646966728,0,44.1153017646908,96.3597590128581,22.8690856358503,72.9428437550863,0,0,34.6661751848279,67.085319519043,49.9971656799316,51.2572145462036,10.2243879018392,0,36.0878740946452,0,0,0,0,0,6.47471188123938,0,21.4365181922913,0,0,20.6359040668045,0,0,0,0,0,0,0,4.18633068072331,0,0,0,0,0,0,0,49.9122677464639,77.0515365600586,4.27728866694266,71.4356002807617,20.0402290274244,3.17768501161455,15.9526536721354,19.6871173999928,73.3863010406494
26.5462519327799,0,29.0050121545792,0,43.1373023986816,0,0,0,0,0,4.216637134552,0,0,0,0,0,56.6210821351009,72.7604522705078,42.8328483142154,0,0,0,0,0,0,0,58.8083000183105,0,4.90572934937709,0,4.14050731786375,0,0,0,0,0,0,0,3.18306693905278,0,40.4499194178749,63.2669715881348,16.7259181059058,0,0,75.014274597168,44.2393328493292,0,10.9209522860391,53.3340320587158,43.1264008742112,0,0,0,36.6840419769287,0,13.7477413976894,0,0,0,0,0,0,46.757822733659,0,0,0,0,0,0,0,8.20937722921371,0,0,0,0,0,0,81.5457305908203,46.1019615650177,0,8.31294918592487,30.8180650333613,43.1667959690094,13.0012384036179,51.2893562316895,17.634878022792
