0,0,0.0050322700116689,0,0,0,0,0,0.0692128487787065,0,0,0,0,0,0.031970614775578,0,6.72784170972769e-05,0,0.000516568411387003,0,0,0,0,0,0,0,0,0,0,0,0,0,0,0,0,0,0,0,0,0,0,0,0.00149871709537822,0,0,0,0,4.10439614481955e-05,0.0327904099820016,0,0,0,0,0,0.0145465455961688,0,0.00126027129366604,0,0,0,0.0665159559065466,0,0,0,0,0,0,0,0,0.00341214591093617,0,0,0,0,0,0,0,0,0,3.67371939735459e-05,0,0,0.000447699911614428,0,0.00624295200947669,0,0.00020537476683069
0,0,0,0.0589818888455184,0,0,0,0,0,0.0800623715916773,0,0,0,0,0,0.00286846470725732,1.48472499506643e-05,0,0.000262543783088143,0,0,0,0,0.00114178806320257,0,0.00139942219071503,0,0,0,0,0,0,0,0,0,0,0,0,0,0,0,0.0137700972835145,0,0,0,0,1.50812262021747e-05,0,0,0.0157602188541659,0,0,0,0,0,0.0602543400083544,0,0.00356989978436487,0,0.000109015353793892,0,0.0134134015551535,0,0,0,0,0.00227265521340024,0,0.000184474597455403,0,0.000163287119270376,0,0,0,0,0,0,0,0.000120866377712643,0,0,2.0773675162104e-06,0.000750299027011291,0,0.00428056249640925,0.00080120469426203,0
0.0050322700116689,0,0,0,0,0,0,0,0.00628328097484808,0,0,0,0,0,0,0,0,0,5.19469390502267e-05,0,0,0,0,0,0,0,0,0,0,0,0,0,0,0,2.11443215120226e-05,0,4.30431573610262e-05,0,0,2.07351095598363e-05,0.000810005807003223,0,0.00150879636282093,0,0,0,0.00137485230975416,0.000617143891732133,0.00436846337274397,0,0.000294487140906264,0,0,0,0,0,0.0111515342452557,0,0.00532365090044059,0,0.00107650817143147,0,0,0,0,0,0,0,0,0,0,0,0,0.000121872579339072,0,3.31287439881158e-05,0,0.000127230987440835,0,2.27224812334814e-06,0,4.00852669783927e-06,0.000341388705818256,0,0.013577414768394,0,0.00111168271680451
0,0.0589818888455184,0,0,0,0.0382257482307406,0,0,0,0.00704002506115204,0,0,0,0.000270234287455384,0,0,2.70159243636401e-05,1.10211443516521e-05,0.000815914406925859,2.45541034100407e-05,0.000166254291324882,0,0,0,0,0,0,0,0,0,0,2.52372271656726e-05,0,0,0,7.6827692851085e-05,0,0,0,0.00460866032255098,0.000299069388695694,0.00737694041878788,6.25113496866498e-05,0,0,0.014339390972921,0,0.000304047522388982,0.000365972610587443,0.0177881678014928,0,0.0350816615072777,0,0,0,0.0124884987181163,0,0.0013952820724032,0,0.0030877978979989,0,0,0.0013945846855388,0,0,0,0,0,0,0,0,0,0,0,0,0,1.84543236693946e-05,0,0.000917630593410198,3.6280689093076e-05,0,1.66186575654216e-05,0.000793019946070552,0,0.0327397890236154,0.00110412287340581,0
0,0,0,0,0,0,0.000392395139251725,0,0.000198129971343591,0,0,0,0.00801842280643307,0,0,0,3.83616944084624e-06,0,0.000116089753418331,0,0.00708114691927934,0,0,0,0,0,0,0,0,0,0,0,0,0,0,0,0.000107801582753937,0,0,4.56039374099318e-05,0.00349949693803432,0,0.000964893836867759,0,0,0,1.60175298914217e-05,0.000971796320323812,0.00473286463076244,4.76196487416457e-05,0.357429896161823,0,0,0,0.0019893094632987,0,0,0,0.0168492416134452,0,0,0,0,0.00616247572375194,0,0,0,0,0,0,0,0,0,0,0,2.16836488375321e-05,0,7.18412784277492e-05,0,4.31696702366236e-05,0,0,0.00086843976868331,0,0.00624487162534736,0,0
0,0,0,0.0382257482307406,0,0,0,0.00156886241872937,0,0.000180071957223535,0,0.000841146102506185,0,0.005135980558158,0,0,1.64130508183925e-05,0,0.000106046892599677,0.0136934703894568,0,0,0,0,0,0,0,0,0,0,0,0,0,0,0,1.28889671536976e-05,0,0,0,0.00033178124971966,0,0.000471843049293048,0.000150423305685564,0,0,0.0011033159495091,0,0,2.79988122133192e-05,0.00136441237009941,0,0.0534664110886291,0,0.0113824824437048,0,0,0,0,0,0.000398535624428605,0,0.00534364375592906,0.00306014657574534,0,0,0,0,0,0,0,0,0,0,0,0,0,0,0,7.90999456847781e-05,0,0,0,0.0114212709588785,8.14971911004218e-06,0.00539627061945593,0,0
0,0,0,0,0.000392395139251725,0,0,0,0,0,0.00366752897281927,0,0.00543584089544099,0,0,0,0,0,0,0,0.00178722481030763,0,0,0,0,0,0,0,0,0,0,0,0,0,0,0,0,0,0,0,0,0,0,0,0,0,0,0,0,0,0.0336735677421011,0,0.012527624480336,0,0,0,0,0,0,0,0,0,0,0,0,0,0,0,0,0,0,0,0,0,0,0,0,0,0,0,0,0,0.000742286062549746,0,0,0,0
0,0,0,0,0,0.00156886241872937,0,0,0,0,0,0.00378625012938718,0,0.000683308813055521,0,0,0,0,0,0.0364561531433466,0,0,0,0,0,0,0,0,0,0,0,0,0,0,0,0,0,0,0,0,0,0,0,0,0,0,0,0,0,0,0,0.000978723879994356,0,0.219219014149045,0,0,0,0.000379076409927237,0,0.0115894487890227,0,0,0.0132052061169212,0,0,0,0,0,0,0,0,0,0,0,0,0,0,0,0,0,0,0,0.00629476954965783,8.9844982113997e-05,0,0,0
0.0692128487787065,0,0.00628328097484808,0,0.000198129971343591,0,0,0,0,0,0,0,0.000163602972343602,0,0.0309885114773868,0,0.000139354092316766,0,0,0,0,0,0,0,0.00957266586417122,0,0,0,0,0,0,0,0,0,0,0,0,0,0.00664302209507344,0,0,0,0.000471810596605576,0,0,0,0,0,0.00416960092224333,0,0.000647845826968307,0,0,0,0.0826191427124445,0,0,0,0,0,0.0240952844059866,0,0,0,0,0,0,0.000159385272414424,0,0,0,0,0,0,0,0,0,0.00406470969859656,0,0,0,0.00157083770948512,0.00353020620537213,6.55645271763206e-06,0.00183240110528631,0,0.00134687248835145
0,0.0800623715916773,0,0.00704002506115204,0,0.000180071957223535,0,0,0,0,0,0,0,0,0,0.0385794301705062,0,0,0,0,0,0,0,0.0206260431229445,0,0.0012733039838327,0,0,0,0,0,0,0,0.000156691653926642,0,0,0,0.00200728358498576,0,0,0,0.000608987845763746,0,0,0,1.56843830888907e-05,0,0,0,0.000700504486681593,0,0,0,0,0,0.187214932325213,0,0.000359698195592912,0,0,0,0.0454970328583898,0,0,0,0,0.0186979616772047,0,0,0,0,0,0,0,0,0,0.000555906984442861,0,9.56980331348151e-06,0,0.00154191584542997,0,0.00570171569624446,0.00226146189271044,0.00568337916122595,0.000998181379284769,0
0,0,0,0,0,0,0.00366752897281927,0,0,0,0,0,0.0383069152976854,0,0,0,0,0,0,0,0.0519968791041543,0,0,0,0,0,0,0,0.00487766483340497,0,0.00231121563822708,0,0,0,0,0,0.000226873885507796,0,0.00864930989792822,0,0,0,0,0,0,0,0,0,0,0,0.000462554476863641,0,0,0,0,0,0.190588344068907,0,0.000916218462270497,0,0,0,0,0.0614379661646004,0,0,0,0,0,0,0,0,0,0.00333628589000562,0,0,0,0,0,0,0,0.00826039016462516,0.00232447912090286,0,0,0,0
0,0,0,0,0,0.000841146102506185,0,0.00378625012938718,0,0,0,0,0,0.196016053659337,0,0,0,0,0,0.126913874181907,0,0,0,0,0,0,0,0.0368128328785693,0,0.0248458672154598,0,0,0,0,0,0.00262458530915896,0,0.0437385180786973,0,0,0,0,0,0,0,9.98813401339857e-05,0,0,0,0,0,0.00504540742307648,0,0.0236977398508408,0,0,0,0.240818991953326,0,0.0166372135155888,0,0,0.0658710714287878,0,0,0,0,0,0,0,0.00152859485882166,0,0.00401499045738561,0,0,0,0,0,6.99142861143577e-05,0,0.0387118395854688,0,0.00613619527185871,0.00187600197958552,0,0,0
0,0,0,0,0.00801842280643307,0,0.00543584089544099,0,0.000163602972343602,0,0.0383069152976854,0,0,0,0.0585877608637638,0,0,0,0,0,0,0,0,0,0,0,0.00354175049251722,0,0.000509328131306601,0,0,0,0,0,0,0,0,0,0,0,0,0,0,0,0,0,0,0,0,0,0.0122124819418795,0,0,0,0,0,0.0736117026389345,0,0.126589502945731,0,0.0111458741803318,0,0,0,0,0,0,0,0,0.00125959090324346,0,0.00197108701730169,0,0,0,0,0,0,0,0,0,0,0.0022368776809399,0.00160800623929557,0,0,0
0,0,0,0.000270234287455384,0,0.005135980558158,0,0.000683308813055521,0,0,0,0.196016053659337,0,0,0,0.0452426946368931,0,0,0,0,0,0,0,0,0,0,0,0.000295050529530272,0,0.00579432603849526,0,0,0,0,0,0,0,0,0,0,0,0,0,0,0,0,0,0,0,0,0,0.0204540733223765,0,0,0,0,0,0.102814997841934,0,0.113502878329011,0,0.101736676452497,0,0,0,0,0,0,0,0,0,0,0,0,0,0,0,0,0,0,0,0,0.00464307800953313,0.00120767449879696,0,0,0
0.031970614775578,0,0,0,0,0,0,0,0.0309885114773868,0,0,0,0.0585877608637638,0,0,0,0.000622831929103035,0,0,0,0,0,0,0,0,0,0,0,0,0,0,0,0,0,0,0,0,0,0,0,0,0,0,0,0,0,0,0,0,0,0.00842351105842994,0,0,0,0.173618689848779,0,0,0,0.0275031143211724,0,0.152074632397435,0,0,0,0,0,0,0,0,0.00200533801497371,0,0,0,0,0,0,0,0,0,0,0,0,0.0017350789644594,0,0,0,0
0,0.00286846470725732,0,0,0,0,0,0,0,0.0385794301705062,0,0,0,0.0452426946368931,0,0,0,0,0,0,0,0,0,0.0346716560490945,0,0.00262146088855921,0,0,0,0,0,0,0,0,0,0,0,0,0,0,0,0,0,0,0,0,0,0,0,0.00295066037882661,0,0.0134068453574293,0,0,0,0.0605893058569697,0,0,0,0.0103720340025718,0,0.0625386701810438,0,0,0,0,0.020937905878874,0,0.00902541066003813,0,0,0,0,0,0,0,0,0,0,0,0,0,0.00100306785014645,5.38241299484956e-05,0,0,0
6.72784170972769e-05,1.48472499506643e-05,0,2.70159243636401e-05,3.83616944084624e-06,1.64130508183925e-05,0,0,0.000139354092316766,0,0,0,0,0,0.000622831929103035,0,0,0.200991437718383,0.110487419318988,0,0,0,2.02390207784528e-05,0,0.00048644182040475,0,0.000309886531644706,0,0,0,0,0,0,0,0,0,0,0,0,0.00274580506474304,0.00395023512988739,0.000323800689295807,0.00247791307745082,0,0.000567940710033563,0.000679507267023989,0.000719327412573511,4.6845639053144e-05,9.29549273713133e-06,1.76569496711438e-05,0,0,0,0,0,3.07185921797643e-05,2.28970560024812e-05,0,0,0,0,0,8.79005960323461e-05,0.000201115783150156,0,0,0,0,0,6.19712251730478e-05,0,0,0,7.17917053968877e-05,0,0,0,0,0.000873353516879723,0.00189238415132866,0,0.000322962761670867,0.0168291632759174,0.000518284745275381,0.00682293491662723,9.00946714849169e-05,0.000279831188689244
0,0,0,1.10211443516521e-05,0,0,0,0,0,0,0,0,0,0,0,0,0.200991437718383,0,0.0909997442130207,0,0,0.000169690769781068,0,0.000372813430876451,0,0.00572431287831815,0,0.000182749102039462,0,0,0,0,0,0,0,0,0,0,0,0.00131029725866125,0.000948961156724326,0.000454923689267856,0.000441103032800907,0,0.000362192601618679,0.000545589160124371,0.000180628911383009,0,0,5.53141294204739e-06,4.91754856321654e-05,0,0,0,0,0,0,1.53725840097766e-05,0,0,0,0.0011831986059983,0.000101888242962253,7.81220386492775e-05,2.23723743628113e-05,0,0,0,0.0280742303345926,0,0,0,0,5.00809674670172e-06,0,0,0,0,0.000508923978234859,0.000629442452407371,0,2.55180378226855e-05,0.0167129750498692,0.00595667838457939,0.00315277196843786,1.03204198666435e-05,4.07706303974236e-05
0.000516568411387003,0.000262543783088143,5.19469390502267e-05,0.000815914406925859,0.000116089753418331,0.000106046892599677,0,0,0,0,0,0,0,0,0,0,0.110487419318988,0.0909997442130207,0,6.65229082649776e-05,0,0,0,0,0,0,0,0,0,0,0,0,0,0,0,0,0,0,0,0.0349459458421119,0.0292349967105507,0.0236880472550034,0.0264417071508578,0.00461731462524115,0.00317530782987627,0.00998905347495411,0.00589992767305465,0.000314750034831973,0.000443125487558925,0.000386987511776161,5.44609307076609e-06,0,0,0,0,0,0.000392369257328863,0.000998710071380265,7.0565054669468e-06,0,0,0,0.00249801783765671,0.00207151144796613,0,0,0,0,0,0,0,0,0,0.00115196471953619,0,0,0,5.68217330018428e-06,0.01027940220173,0.0111785469941162,0,0.00179666853751512,0.0170675402982259,3.47992511026021e-05,0.0882053246965678,0.00672474476465477,0.00498663638730259
0,0,0,2.45541034100407e-05,0,0.0136934703894568,0,0.0364561531433466,0,0,0,0.126913874181907,0,0,0,0,0,0,6.65229082649776e-05,0,0,0,0,0,0,0,0,0,0,0,0,0,0,0,0,0.0384608810372018,0,0.00507090276003114,0,0.000175425511047853,0,0.000476476105685153,0.000100852910320184,0,0,0.000220662066018128,0,3.40878879451527e-05,1.61694324453091e-05,0.000900243360438096,0,0.000279073522393741,0,0,0,0,0,0.00569143343933809,0,0,0,0,0.143157057445797,0,0,0,0,0,0,0,0,0,0,0,0,0,0,0,0.0191199528761886,0,0.00209851314339442,0,0.00262027054719618,1.06115102322636e-05,0.00515402315878639,0,0
0,0,0,0.000166254291324882,0.00708114691927934,0,0.00178722481030763,0,0,0,0.0519968791041543,0,0,0,0,0,0,0,0,0,0,0,0,0,0,0,0,0,0,0,0,0,0,0,2.99314652864085e-05,0,0.0163355825278913,0,0.00550682049922894,0.000191798618722779,0.00460031094052906,0,0.000483130646011765,0,0,5.68550495035438e-05,0.000165650251135683,0.00152051607454717,0.00690495710308711,0.000242024965825295,0.026020775985231,0,0,0,0,0,0.00181043127056684,0,0,0,0,0,0,0.0389729715270655,0,0,0,0,0,0,0,0,0,0,0,1.95231369673179e-05,0,0.000260341815980195,0,0.0345963937133235,0,0.0071702179767998,0.00226178398685466,0,0.00455349375186502,0,0
0,0,0,0,0,0,0,0,0,0,0,0,0,0,0,0,0,0.000169690769781068,0,0,0,0,0.0492223717873728,0.00242478030199767,0,0.00496595949597496,0,0.010412881290498,0,0,0,0,0,0,0,0,0,0.023316794085304,0.00104832112638729,0,0,0,0,0,0,0,0,0,0,0.003430264411575,0,0,0,0,0,0,0,0,0,0,0,0,0,0,0.246021191031327,0.00248731503455525,0.0015964801352563,0,0.013396716632036,0,0.00691425818350072,0,0,0,0,0,0,0,0,0,0.0192956186785893,0,0.00883133227961929,0.00327711045910498,4.11788177232371e-05,0,0
0,0,0,0,0,0,0,0,0,0,0,0,0,0,0,0,2.02390207784528e-05,0,0,0,0,0.0492223717873728,0,0,0.00850004334079337,0,0.00107816305118554,0,0.0139753499339973,0,0,0,0,0,0,0,0,0.000391233555924476,0.01503648442111,0,0,0,0,0,0,0,0,0,0.000102741146601487,0,0,0,0,0,0,0,0,0,0,0,0,0,0,0,0.00626709818835089,0.223218924940075,0,0.0136942969239856,0,0.00393137500351419,0,0.0069630422521846,0,0,0,0,0,0,0,0,4.28240516717111e-05,0.0108160909589925,0.0102323937935807,3.26150520270473e-05,0,0,0
0,0.00114178806320257,0,0,0,0,0,0,0,0.0206260431229445,0,0,0,0,0,0.0346716560490945,0,0.000372813430876451,0,0,0,0.00242478030199767,0,0,0,0.0424628146563821,0,0,0,0,0,0,0,0,0,0,0,0.000740551177212164,0,0,0,1.84837016550523e-05,0,0,0,0,0,0,0,0.00548788933773047,0,0,0,0,0,0.0723928387959695,0,0,0,0,0,0.00207396893660103,0,0,0.000150154316143366,0,0.300034898728347,0,0.116625564735821,0,0,0,0,0,0,0,0,0,0,0,0.000512568094650827,0,0.00233389664084853,0,0.000551830592111632,0,0
0,0,0,0,0,0,0,0,0.00957266586417122,0,0,0,0,0,0,0,0.00048644182040475,0,0,0,0,0,0.00850004334079337,0,0,0,0.0361017196696233,0,0,0,0,0,0,0,0,0,0,0,0.000835986758755609,0,0,0,0,0,0,0,0,0,0.0058908826520576,0,0,0,0,0,0.00193673397560828,0,0,0,0,0,0,0,0,0,0,0.00124239322270137,0,0.61165806176855,0,0.000841945023561448,0,0,0,0,0,0,0,0,0,0,0,0.000148423352475632,0.00198942257990479,0,0.00814859052192067,0,0
0,0.00139942219071503,0,0,0,0,0,0,0,0.0012733039838327,0,0,0,0,0,0.00262146088855921,0,0.00572431287831815,0,0,0,0.00496595949597496,0,0.0424628146563821,0,0,0,0.0334258659036817,0,0,0,0,0,0,0,0,0,0,0,0,0,0,0,0,0,0,0,0,0,0,0,0,0,0,0,0.00206445945995509,0,0,0,0,0,0.00100243428284709,0,0,0.00161379004017562,0,0.0533988207703985,0,0.264937293886573,0,0.0173079237015529,0,0,0,0,0,0,0,0,0,0,0,0.000795158487318808,0,0.000152994115392477,0,0
0,0,0,0,0,0,0,0,0,0,0,0,0.00354175049251722,0,0,0,0.000309886531644706,0,0,0,0,0,0.00107816305118554,0,0.0361017196696233,0,0,0,0,0,0,0,0,0,0,0,0,0,0,0,0,0,0,0,0,0,0,0,0,0,0,0,0,0,0.00117267668247223,0,0,0,0.00204286869832216,0,0.000713996293392416,0,0,0,0,0.00121102422664285,0,0.054711252774479,0,0.151015570063466,0,0.00102627930486232,0,0,0,0,0,0,0,0,0,0,0.000648397884737565,0,0,0,0
0,0,0,0,0,0,0,0,0,0,0,0.0368128328785693,0,0.000295050529530272,0,0,0,0.000182749102039462,0,0,0,0.010412881290498,0,0,0,0.0334258659036817,0,0,0,0.115744784173754,0,0,0,0,0,0,0,0.00168901693562137,0,0,0,0,0,0,0,0,0,0,0,0,0,0,0,0,0,0,0,0.017847320059168,0,0.0151605371674816,0,0,0,0,0,0,0,0,0.00885661922443953,0,0.312762430011185,0,0.0475405981337862,0,0,0,0,0,0,0,0.00347590495511796,0,0.00349868470552609,0.00174772430251257,0,0,0
0,0,0,0,0,0,0,0,0,0,0.00487766483340497,0,0.000509328131306601,0,0,0,0,0,0,0,0,0,0.0139753499339973,0,0,0,0,0,0,0,0.048999417616415,0,0,0,0,0,0,0,0.0030796711624644,0,0,0,0,0,0,0,0,0,0,0,0,0,0,0,0,0,0.00639763327941805,0,0.00369907135250559,0,0,0,0,0,0,0.0187016245772062,0,0,0,0.00306328993669913,0,0.187547617738331,0,0.0449158332708746,0,0,0,0,0,0,0,0.00595301598479647,0.0038851668117586,0.00100570832635821,0,0,0
0,0,0,0,0,0,0,0,0,0,0,0.0248458672154598,0,0.00579432603849526,0,0,0,0,0,0,0,0,0,0,0,0,0,0.115744784173754,0,0,0,0,0,0,0,0,0,0.00922127607055924,0,0,0,0,0,0,0,0,0,0,0,0,0,0,0,0,0,0,0,0.0149952955008792,0,0,0,0,0,0,0,0,0,0,0,0,0.0671593418336645,0,0.223914933495064,0,0,0,0,0,0,0,0.000337245296640861,0,0.00212564680031969,0.000658746229947061,0,0,0
0,0,0,0,0,0,0,0,0,0,0.00231121563822708,0,0,0,0,0,0,0,0,0,0,0,0,0,0,0,0,0,0.048999417616415,0,0,0,0,0,0,0,0,0,0.0072276615908133,0,0,0,0,0,0,0,0,0,0,0,0,0,0,0,0,0,0.00566830325834156,0,0,0,0,0,0,0,0,0,0,0,0,0,0,0,0,0.132117920243699,0,0,0,0,0,0,0,0.0049663454001133,0.00162579758349648,1.46244687983676e-05,0,0,0
0,0,0,2.52372271656726e-05,0,0,0,0,0,0,0,0,0,0,0,0,0,0,0,0,0,0,0,0,0,0,0,0,0,0,0,0,0.205527661886841,0.00602724712290145,0.00130635814974032,0.0121067126020334,0.000854027770838657,0,0,0,0,0,0,0,0,0,0,0.0837961986860964,0,0.000757704373523092,0,0,0,0,0,0,0,0,0,0,0,0,0,0,0,0,0,0,0,0,0,0,0,0,0.278188754951022,0.16248807431021,0.00336487068436948,0.00738292193519898,0.0227718036530922,0.0020636568742891,0,0,0.00360055368128998,0,9.08351293530275e-06,0,0
0,0,0,0,0,0,0,0,0,0,0,0,0,0,0,0,0,0,0,0,0,0,0,0,0,0,0,0,0,0,0,0.205527661886841,0,0.000818382065775041,0.00536035258147676,0.000708335838491836,0.0153605230149821,0,0,0,0,0,0,0,0,0,4.5696914344496e-05,0.0186342472444394,9.34219758226849e-05,0,0,0,0,0,0,0,1.03475024782929e-05,0,0,0,0,0,0,1.09701393466937e-05,0,0,0,0,0,0,0,0,0,0,0.196151779511177,0.59767363567101,0.000457546653823175,0.0212338835366178,2.53765983652663e-05,0.0277578852028757,0,0,0.00124075484987459,0,1.71806854392996e-05,0,0
0,0,0,0,0,0,0,0,0,0.000156691653926642,0,0,0,0,0,0,0,0,0,0,0,0,0,0,0,0,0,0,0,0,0,0.00602724712290145,0.000818382065775041,0,0.246730388243821,0.0139233272871989,2.7311853002631e-06,0.00380443550179415,0.000443285542204342,5.17581340008151e-05,0,0.000517984250593884,0,0,0,3.76610994771561e-05,0,0.296595287866635,1.73297690000353e-05,0.00981783726508985,0,0,0,0,0,4.88673610771423e-05,0,2.96462851866563e-05,0,0,0,0,0,0,0,0,0,0,0,0,0,0,0,0,0,0.00474358528416724,0.634659629431287,0.119901548153055,0.0124387124155897,0,0.00596905000053526,0,0.00316351975824592,0,0.000449520227055779,0,0
0,0,2.11443215120226e-05,0,0,0,0,0,0,0,0,0,0,0,0,0,0,0,0,0,2.99314652864085e-05,0,0,0,0,0,0,0,0,0,0,0.00130635814974032,0.00536035258147676,0.246730388243821,0,0,0.00499177535037738,0.0115062086683492,0.00243395581331513,0,0.000185289255711552,0.000122276796617616,0.00138021286323056,0,0,0,3.69397571055136e-05,0.332208066466643,0.00830822510516929,0.002750303701457,2.3404390728449e-05,0,0,0,0,0,9.80896811774167e-05,0,0,0,0,0,0,5.0197192951336e-05,0,0,0,0,0,0,0,0,0,0,0.000343228052454835,0.00048278661996083,0.115603244822355,0.122855609463536,0,0.00351665091314539,0.00222976641475206,0.00250003770571857,0.00726671893127162,0,0.00243532057207374,0,0
0,0,0,7.6827692851085e-05,0,1.28889671536976e-05,0,0,0,0,0,0.00262458530915896,0,0,0,0,0,0,0,0.0384608810372018,0,0,0,0,0,0,0,0,0,0,0,0.0121067126020334,0.000708335838491836,0.0139233272871989,0,0,0.0400366973474891,0.0292316579801649,6.88264606192677e-05,0.000225405560722495,0,1.43100187673251e-05,5.66219592953884e-05,0,0,0.00134226957098855,0,0.00175290861822292,0.000653775137063973,0.00158318429874453,0,0,0,0,0,0,0,0.00184708208739354,0,0,0,0,0.0182454061811149,0,0,0,0,0,0,0,0,0,0,0,0.00544205926816295,0.000822778471100203,0.00136593391871096,0,0.193950387342783,0.0174824366575563,0.00798925209575811,0,0.027289274469396,0.00705504480758865,0.00127622846646923,0,0
0,0,4.30431573610262e-05,0,0.000107801582753937,0,0,0,0,0,0.000226873885507796,0,0,0,0,0,0,0,0,0,0.0163355825278913,0,0,0,0,0,0,0,0,0,0,0.000854027770838657,0.0153605230149821,2.7311853002631e-06,0.00499177535037738,0.0400366973474891,0,0,0.0406424193037326,1.96619354900691e-05,3.61552169308249e-05,0,0.000170993311126196,0,0,0,0.000107570128042776,0.00104822137828052,0.00178689693280692,0.000603860198372318,5.7871877780972e-05,0,0,0,0,0,5.02567063367858e-05,0,1.58470582131629e-06,0,0,0,0,0.00412833864440191,0,0,0,0,0,0,0,0,0,0,0.000870633070194207,0.00242613453805662,0,0.000208258357235188,0.00710089146525721,0.152246594140678,0,0.0166692021849481,0.0340224107622836,0.00799407708658372,0.00236639574168432,0,3.14261333947684e-06
0,0,0,0,0,0,0,0,0,0.00200728358498576,0,0.0437385180786973,0,0,0,0,0,0,0,0.00507090276003114,0,0.023316794085304,0.000391233555924476,0.000740551177212164,0,0,0,0.00168901693562137,0,0.00922127607055924,0,0,0,0.00380443550179415,0.0115062086683492,0.0292316579801649,0,0,0.00357581643069436,0,0,0,0,0,0,0,0,0.00120582947551225,0,0.0265969247455822,0,0,0,0,0,0.00182816406743835,0,0.00428491483882926,0,0,0,4.78980079418218e-06,0.00706208630974684,0,0.00283567537231261,0,0.00182855680903864,0,0,0,0.00210150074901977,0,0.00515327399507287,0,0,0,0.00519590727905698,0.00339472364766218,0.00763075239048922,0,0.167642966477323,0,0.0136202512047909,0.00494429421901737,0.00224636605321712,0,0
0,0,0,0,0,0,0,0,0.00664302209507344,0,0.00864930989792822,0,0,0,0,0,0,0,0,0,0.00550682049922894,0.00104832112638729,0.01503648442111,0,0.000835986758755609,0,0,0,0.0030796711624644,0,0.0072276615908133,0,0,0.000443285542204342,0.00243395581331513,6.88264606192677e-05,0.0406424193037326,0.00357581643069436,0,0,0,0.000383945070633197,0.000208743310916337,0,0,0,0,0.00750520550931135,0.00868863993947554,0,0,0,0,0,0.00221801513906882,0,0.00110852618099753,0,0,0,0,0,0,2.27230055454386e-05,0.000481259916967759,0.00662118764414376,0,0.0022261663138097,0,0,0,0,0,0.00154388172142241,0,0,0.000328335642886632,0.0101343479961653,0,0.00929945539173326,0.00566700014459967,0.174138857300695,0.0145291696896686,0.00972008493662916,0.00174966459714898,0,0
0,0,2.07351095598363e-05,0.00460866032255098,4.56039374099318e-05,0.00033178124971966,0,0,0,0,0,0,0,0,0,0,0.00274580506474304,0.00131029725866125,0.0349459458421119,0.000175425511047853,0.000191798618722779,0,0,0,0,0,0,0,0,0,0,0,0,5.17581340008151e-05,0,0.000225405560722495,1.96619354900691e-05,0,0,0,0.0054565014679577,0.0739920196422282,0.000914167745928138,0.000328665320014758,0.00018458895214698,0.035373941025243,0.00150942465851552,0.00578472601349903,0.00214191551403204,0.0809344349110946,0.000102387908498735,0.0002980728551394,0,0,0,0,2.47662743775535e-05,0.000955626083366723,1.94948764242323e-05,0,0,0,0.0278407978981005,9.78689815491587e-05,0,0,0,0,0,0,0,0,0,9.26860008908909e-05,0.000161414029823287,0.000153954147964396,0,0,0.0142062291861741,0.00025338080912412,0,3.23823576312815e-05,0.0011949177542594,3.07285336785239e-06,0.0810479955888217,0.00611148712196552,0
0,0,0.000810005807003223,0.000299069388695694,0.00349949693803432,0,0,0,0,0,0,0,0,0,0,0,0.00395023512988739,0.000948961156724326,0.0292349967105507,0,0.00460031094052906,0,0,0,0,0,0,0,0,0,0,0,0,0,0.000185289255711552,0,3.61552169308249e-05,0,0,0.0054565014679577,0,0.000320041198159785,0.0473839260904846,0,0.00521389860421119,0.00128908843483775,0.0260165964810475,0.00355219995064146,0.027013128584855,0.0001617127331511,0.00174892398703186,0,0,0,0,0,0.00167854923958065,0,0.000271361061037967,0,0,0,0.000112901840524398,0.0343195159774457,0,0,0,0,0,0,0,0,0,0.000681087784259897,0,0,0,0.000100512916295824,0.000314720263933004,0.0195544227749584,0,0.000547946455874733,0.00145876704830193,8.14971593405789e-06,0.0572302162233522,0.000286156747401014,0.00849524634483292
0,0.0137700972835145,0,0.00737694041878788,0,0.000471843049293048,0,0,0,0.000608987845763746,0,0,0,0,0,0,0.000323800689295807,0.000454923689267856,0.0236880472550034,0.000476476105685153,0,0,0,1.84837016550523e-05,0,0,0,0,0,0,0,0,0,0.000517984250593884,0.000122276796617616,1.43100187673251e-05,0,0,0.000383945070633197,0.0739920196422282,0.000320041198159785,0,0.0128806493605804,0,1.74506408367999e-05,0.0066141483550114,0.000154364549139719,0.00997466039241468,3.36696942869706e-05,0.030969499331865,0,0.000133118363629739,0,0,0,1.35514906781384e-05,0,0.0203458146979793,0,8.85463480901144e-06,0,0,0.00539628495775679,0,0,0,4.99764191888863e-05,0,0,0,0,0,9.58060860789503e-05,0,0,0,0,0,0.00722355830696069,8.350166627529e-05,0,1.40094428922077e-05,0.00481429350417734,0.000175328264008989,0.130252453467195,0.114178842139079,0
0.00149871709537822,0,0.00150879636282093,6.25113496866498e-05,0.000964893836867759,0.000150423305685564,0,0,0.000471810596605576,0,0,0,0,0,0,0,0.00247791307745082,0.000441103032800907,0.0264417071508578,0.000100852910320184,0.000483130646011765,0,0,0,0,0,0,0,0,0,0,0,0,0,0.00138021286323056,5.66219592953884e-05,0.000170993311126196,0,0.000208743310916337,0.000914167745928138,0.0473839260904846,0.0128806493605804,0,0,0.000298206974892871,0.000276259550572979,0.00504735165777039,0.0265086456350485,0.0134632375184233,0.000737086912996007,0.00031335986038823,0,0,0,0,0,0.00539691192284648,7.13909256138019e-06,0.0001792713892251,0,0,0,4.79376396195322e-05,0.00640230856486024,0,0,0,0,0,0,0,0,0,0.0146886272161795,0,0,0,0.00205958783794937,0.000147523484457391,0.0138005102468795,0,0.00505044937235526,0.00301857746363379,9.81159929736556e-06,0.111670589461045,0.00101372421159509,0.0793107830797657
0,0,0,0,0,0,0,0,0,0,0,0,0,0,0,0,0,0,0.00461731462524115,0,0,0,0,0,0,0,0,0,0,0,0,0,0,0,0,0,0,0,0,0.000328665320014758,0,0,0,0,0,0.00019437503377741,0,0,0,0,0,0,0,0,0,0,0,0.000700954595268978,0,0,0,0,0.000764043721038485,0,0,0,0,0,0,0,0,0,0,0,0,0,0,0,0.000141294944041382,0,0,0,0,0,0.00386657724267413,0,0
0,0,0,0,0,0,0,0,0,0,0,0,0,0,0,0,0.000567940710033563,0.000362192601618679,0.00317530782987627,0,0,0,0,0,0,0,0,0,0,0,0,0,0,0,0,0,0,0,0,0.00018458895214698,0.00521389860421119,1.74506408367999e-05,0.000298206974892871,0,0,2.26915331207334e-05,0.000322635839023512,0,0,0,0,0,0,0,0,0,0.00011872576963651,0,0,0,0,0,0,2.4332473084318e-05,0,0,0,0,0,0,0,0,0,0.000621387359283434,0,0,0,0,1.53573548731519e-05,0.000326331765845452,0,0.000209583014874712,4.42031476723634e-05,0,0.00469549803751546,0,0
0,0,0,0.014339390972921,0,0.0011033159495091,0,0,0,1.56843830888907e-05,0,9.98813401339857e-05,0,0,0,0,0.000679507267023989,0.000545589160124371,0.00998905347495411,0.000220662066018128,5.68550495035438e-05,0,0,0,0,0,0,0,0,0,0,0,0,3.76610994771561e-05,0,0.00134226957098855,0,0,0,0.035373941025243,0.00128908843483775,0.0066141483550114,0.000276259550572979,0.00019437503377741,2.26915331207334e-05,0,2.99853729027957e-05,0.00254113661358885,0.000454065983709538,0.0122995453726549,1.22947244208609e-05,0.000397782506988575,0,0,0,0.000420297206614995,9.16067598681755e-06,0.001958187684853,0,0.000123654100216455,0,0,0.09153018508564,3.78308731732054e-05,0,0,0,0,0,0,0,0,0,0,0,2.14512048346846e-05,5.56985359942674e-05,0,0.00975747612523619,0.000276537803445322,0,3.01320589911198e-05,0.000250610171849341,0,0.0369400809290428,0.000132372838800504,0
0,1.50812262021747e-05,0.00137485230975416,0,1.60175298914217e-05,0,0,0,0,0,0,0,0,0,0,0,0.000719327412573511,0.000180628911383009,0.00589992767305465,0,0.000165650251135683,0,0,0,0,0,0,0,0,0,0,0,4.5696914344496e-05,0,3.69397571055136e-05,0,0.000107570128042776,0,0,0.00150942465851552,0.0260165964810475,0.000154364549139719,0.00504735165777039,0,0.000322635839023512,2.99853729027957e-05,0,0.000613692855806946,0.00310813255605939,3.73667449704647e-05,7.93528359959977e-05,0,0,0,0,0,0.000598403687797283,0,0.000446312329510608,0,0,0,1.72064195884494e-05,0.0242760162854426,0,0,0,0,0,0,0,0,0,0.000169587223284671,0,0,0,0.000297593974462965,5.11211965945722e-05,0.00505139894548228,0,0.000596592495097105,0.00050864703502198,0,0.020484005617579,5.96051112069064e-05,0.0002029833327259
4.10439614481955e-05,0,0.000617143891732133,0.000304047522388982,0.000971796320323812,0,0,0,0,0,0,0,0,0,0,0,4.6845639053144e-05,0,0.000314750034831973,3.40878879451527e-05,0.00152051607454717,0,0,0,0,0,0,0,0,0,0,0.0837961986860964,0.0186342472444394,0.296595287866635,0.332208066466643,0.00175290861822292,0.00104822137828052,0.00120582947551225,0.00750520550931135,0.00578472601349903,0.00355219995064146,0.00997466039241468,0.0265086456350485,0,0,0.00254113661358885,0.000613692855806946,0,0.0309437470776784,0.084013088618317,0.000277921719172615,2.26079513645761e-05,0,0,0,0,0.000422554430534729,0,1.01056124346688e-05,0,0,0,6.50867626390036e-05,0.000471404102844325,0,0,0,0,0,0,0,0,0,1.76340672379855e-05,0.306991689895837,0.2790136488932,0.0812937165854076,0.177658083242727,0.00962088169901277,0.00536891623059813,3.7087097327176e-05,3.50152747109916e-05,0.00434778069709174,1.81159172559296e-05,0.0396279876944592,8.54147305598073e-05,0.000119029263521774
0.0327904099820016,0,0.00436846337274397,0.000365972610587443,0.00473286463076244,2.79988122133192e-05,0,0,0.00416960092224333,0,0,0,0,0,0,0,9.29549273713133e-06,0,0.000443125487558925,1.61694324453091e-05,0.00690495710308711,0,0.000102741146601487,0,0.0058908826520576,0,0,0,0,0,0,0,9.34219758226849e-05,1.73297690000353e-05,0.00830822510516929,0.000653775137063973,0.00178689693280692,0,0.00868863993947554,0.00214191551403204,0.027013128584855,3.36696942869706e-05,0.0134632375184233,0,0,0.000454065983709538,0.00310813255605939,0.0309437470776784,0,0.00563044685524028,0.00236855115490344,0,0,0,0.00361115496676784,0,0.00337258939824768,0,0.000335863705766068,0,0.00701433294835211,0,2.48000855789382e-05,0.00409505313182202,0,0.0065347099262956,0,0.0121724237599401,0,5.81058153417191e-05,0,0,0,0.00145223980596883,2.33036170032212e-05,0.000333225797556933,0,0.00727653568900456,0.000139338328619829,0.00527260017157514,0,0.0115059275665517,0.000704883879718689,8.57424345917455e-06,0.0473145868667068,0,0.000156393983729456
0,0.0157602188541659,0,0.0177881678014928,4.76196487416457e-05,0.00136441237009941,0,0,0,0.000700504486681593,0,0,0,0,0,0.00295066037882661,1.76569496711438e-05,5.53141294204739e-06,0.000386987511776161,0.000900243360438096,0.000242024965825295,0.003430264411575,0,0.00548788933773047,0,0,0,0,0,0,0,0.000757704373523092,0,0.00981783726508985,0.002750303701457,0.00158318429874453,0.000603860198372318,0.0265969247455822,0,0.0809344349110946,0.0001617127331511,0.030969499331865,0.000737086912996007,0,0,0.0122995453726549,3.73667449704647e-05,0.084013088618317,0.00563044685524028,0,0,0.000381122366477696,0,0,0,0.00245026359506733,4.13041687277855e-05,0.000944435499380898,0,0.00146959426172804,0,0.00557255763082589,0.00213144781551529,0,0.0026644076281077,0,0.0174204398571478,0,0.000562544769678092,0,0.0119248585820245,0,0.00123082875923608,0,0.00216097641018987,0,0.000464088550492191,0.000244062394131328,0.0094428863547308,4.77025343422215e-05,0.0244443170301973,0,0.0010857292148563,4.03926206070065e-05,0.0715476995752461,0.000344460205525616,0
0,0,0.000294487140906264,0,0.357429896161823,0,0.0336735677421011,0,0.000647845826968307,0,0.000462554476863641,0,0.0122124819418795,0,0.00842351105842994,0,0,4.91754856321654e-05,5.44609307076609e-06,0,0.026020775985231,0,0,0,0,0,0,0,0,0,0,0,0,0,2.3404390728449e-05,0,5.7871877780972e-05,0,0,0.000102387908498735,0.00174892398703186,0,0.00031335986038823,0,0,1.22947244208609e-05,7.93528359959977e-05,0.000277921719172615,0.00236855115490344,0,0,0,0,0,0,0,0.000145294583843673,0,0.00869063453879329,0,0,0,0,0.0078751952957102,0,0,0,0,0,0,0,0,0,0,0,0,0,0,0,1.17362773210451e-05,0,0,0.000484732740524932,0,0.00565746893895711,0,0
0,0,0,0.0350816615072777,0,0.0534664110886291,0,0.000978723879994356,0,0,0,0.00504540742307648,0,0.0204540733223765,0,0.0134068453574293,0,0,0,0.000279073522393741,0,0,0,0,0,0,0,0,0,0,0,0,0,0,0,0,0,0,0,0.0002980728551394,0,0.000133118363629739,0,0,0,0.000397782506988575,0,2.26079513645761e-05,0,0.000381122366477696,0,0,0,0.00228604964291913,0,0,0,0.00257547325368173,0,0.000454019825947599,0,0.0165941592365797,8.30839506651276e-05,0,0,0,0,0,0,0,0,0,0,0,0,0,0,0,5.10915189557349e-05,0,0,0,0.00264598061789802,0,0.00150296967200257,0,0
0,0,0,0,0,0,0.012527624480336,0,0,0,0,0,0,0,0,0,0,0,0,0,0,0,0,0,0,0,0,0,0,0,0,0,0,0,0,0,0,0,0,0,0,0,0,0,0,0,0,0,0,0,0,0,0,0,0,0,0.00958800739288538,0,0,0,0,0,0,0,0,0,0,0,0,0,0,0,0,0,0,0,0,0,0,0,0,0,7.35914891265566e-05,0,0,0,0
0,0,0,0,0,0.0113824824437048,0,0.219219014149045,0,0,0,0.0236977398508408,0,0,0,0,0,0,0,0,0,0,0,0,0,0,0,0,0,0,0,0,0,0,0,0,0,0,0,0,0,0,0,0,0,0,0,0,0,0,0,0.00228604964291913,0,0,0,0,0,0.0530897483437841,0,0,0,0,0,0,0,0,0,0,0,0,0,0,0,0,0,0,0,0,0,0,0,0,0.00320842682888613,0,0,0,0
0.0145465455961688,0,0,0,0.0019893094632987,0,0,0,0.0826191427124445,0,0,0,0,0,0.173618689848779,0,0,0,0,0,0,0,0,0,0.00193673397560828,0,0.00117267668247223,0,0,0,0,0,0,0,0,0,0,0,0.00221801513906882,0,0,0,0,0,0,0,0,0,0.00361115496676784,0,0,0,0,0,0,0,0.000107556281850002,0,0,0,0.0374496727431557,0,0,0,0,0,0,0.000551866089703399,0,0.000925702166662434,0,0,0,0,0,0,0,0.00368338839415153,0,0,0,0.00321453776704693,0.000310994402620199,0,0.00121713308519588,0,0
0,0.0602543400083544,0,0.0124884987181163,0,0,0,0,0,0.187214932325213,0,0,0,0,0,0.0605893058569697,3.07185921797643e-05,0,0,0,0,0,0,0.0723928387959695,0,0.00206445945995509,0,0,0,0,0,0,0,4.88673610771423e-05,0,0,0,0.00182816406743835,0,0,0,1.35514906781384e-05,0,0,0,0.000420297206614995,0,0,0,0.00245026359506733,0,0,0,0,0,0,0,0.000799806970289029,0,0.000361165198486749,0,0.0743936271195363,0,0,0,0,0.0902675360054285,0,0.000260223563043338,0,0.000396849096787415,0,0,0,0,0,0.000405047359744958,0,2.17572444363618e-05,0,0.00396045842744521,0,0.000820649374457438,5.40097299507798e-05,0.0019468881164772,0,0
0.00126027129366604,0,0.0111515342452557,0,0,0,0,0,0,0,0.190588344068907,0,0.0736117026389345,0,0,0,2.28970560024812e-05,0,0.000392369257328863,0,0.00181043127056684,0,0,0,0,0,0,0,0.00639763327941805,0,0.00566830325834156,0,1.03475024782929e-05,0,9.80896811774167e-05,0,5.02567063367858e-05,0,0.00110852618099753,2.47662743775535e-05,0.00167854923958065,0,0.00539691192284648,0,0.00011872576963651,9.16067598681755e-06,0.000598403687797283,0.000422554430534729,0.00337258939824768,4.13041687277855e-05,0.000145294583843673,0,0.00958800739288538,0,0.000107556281850002,0,0,0,0.00280903861062043,0,0.00214078410058413,0,0,0.00640513123144225,0,0,0,0,0,0,0,0,0,0.0108560949005131,0,1.71344847900825e-05,0,1.85222808546806e-05,2.01769249924548e-06,4.48864599625003e-05,0,0.00137227052197921,0.0013519080007529,0,0.0383620456630554,0,0.0019227831354107
0,0.00356989978436487,0,0.0013952820724032,0,0,0,0.000379076409927237,0,0.000359698195592912,0,0.240818991953326,0,0.102814997841934,0,0,0,1.53725840097766e-05,0.000998710071380265,0.00569143343933809,0,0,0,0,0,0,0,0.017847320059168,0,0.0149952955008792,0,0,0,2.96462851866563e-05,0,0.00184708208739354,0,0.00428491483882926,0,0.000955626083366723,0,0.0203458146979793,7.13909256138019e-06,0.000700954595268978,0,0.001958187684853,0,0,0,0.000944435499380898,0,0.00257547325368173,0,0.0530897483437841,0,0.000799806970289029,0,0,0,0.00310144203771363,0,0.000563667842621914,0.0345662942497465,0,0,0,0,0,0,0,0.00451128230994137,0,0.0170700012277707,0,0,0,0,0,9.57558777920872e-05,8.41617858434547e-06,0.00436413736268421,0,0.00552202878847935,0.00154554304736347,0.05635027604238,0.00356569151803934,0
0,0,0.00532365090044059,0,0.0168492416134452,0,0,0,0,0,0.000916218462270497,0,0.126589502945731,0,0.0275031143211724,0,0,0,7.0565054669468e-06,0,0,0,0,0,0,0,0.00204286869832216,0,0.00369907135250559,0,0,0,0,0,0,0,1.58470582131629e-06,0,0,1.94948764242323e-05,0.000271361061037967,0,0.0001792713892251,0,0,0,0.000446312329510608,1.01056124346688e-05,0.000335863705766068,0,0.00869063453879329,0,0,0,0,0,0.00280903861062043,0,0,0,0.0123537546625933,0,0,0,0,0,0,0,0,0,0,0,0,0,0,0,0,0,0,0,0,0,0.000678466032606762,0.000659472333279351,0.000801701589437223,0,2.49194199835618e-05
0,0.000109015353793892,0,0.0030877978979989,0,0.000398535624428605,0,0.0115894487890227,0,0,0,0.0166372135155888,0,0.113502878329011,0,0.0103720340025718,0,0,0,0,0,0,0,0,0,0,0,0.0151605371674816,0,0,0,0,0,0,0,0,0,0,0,0,0,8.85463480901144e-06,0,0,0,0.000123654100216455,0,0,0,0.00146959426172804,0,0.000454019825947599,0,0,0,0.000361165198486749,0,0.00310144203771363,0,0,0,0.0118642743165184,0,0,0,0,0,0,0,0,0,0,0,0,0,0,0,0,1.26857612047923e-05,0,0,0,0.00765364089941851,0.0028300401212476,0.000144465223634937,0,0
0.0665159559065466,0,0.00107650817143147,0,0,0,0,0,0.0240952844059866,0,0,0,0.0111458741803318,0,0.152074632397435,0,0,0,0,0,0,0,0,0,0,0,0.000713996293392416,0,0,0,0,0,0,0,0,0,0,0,0,0,0,0,0,0,0,0,0,0,0.00701433294835211,0,0,0,0,0,0.0374496727431557,0,0.00214078410058413,0,0.0123537546625933,0,0,0,0,0,0,0,0,0,0,0.000788406542905851,0,0,0,0,0,0,0,0,0,0,0,0,0.00164488810406199,0,0.000353252704765024,0,0
0,0.0134134015551535,0,0,0,0.00534364375592906,0,0,0,0.0454970328583898,0,0,0,0.101736676452497,0,0.0625386701810438,0,0.0011831986059983,0,0,0,0,0,0.00207396893660103,0,0.00100243428284709,0,0,0,0,0,0,0,0,0,0,0,4.78980079418218e-06,0,0,0,0,0,0,0,0,0,0,0,0.00557255763082589,0,0.0165941592365797,0,0,0,0.0743936271195363,0,0.000563667842621914,0,0.0118642743165184,0,0,0,0,0,0,0.00624661056945103,0,0,0,0,0,0,0,0,0,0,0,0,0,0,0,0.00189125273422269,0.00246009362977102,0,0,0
0,0,0,0.0013945846855388,0,0.00306014657574534,0,0.0132052061169212,0,0,0,0.0658710714287878,0,0,0,0,8.79005960323461e-05,0.000101888242962253,0.00249801783765671,0.143157057445797,0,0,0,0,0,0,0,0,0,0,0,0,0,0,0,0.0182454061811149,0,0.00706208630974684,0,0.0278407978981005,0.000112901840524398,0.00539628495775679,4.79376396195322e-05,0.000764043721038485,0,0.09153018508564,1.72064195884494e-05,6.50867626390036e-05,2.48000855789382e-05,0.00213144781551529,0,8.30839506651276e-05,0,0,0,0,0,0.0345662942497465,0,0,0,0,0,0,0,0,0,0,0,0,0,0,0,0,0,0,0,0,0.0244005589171483,1.38465651577566e-05,0.00162464203039127,0,0.00155052989298495,9.50618087947123e-06,0.0471601997130194,0.000975869069522781,0
0,0,0,0,0.00616247572375194,0,0,0,0,0,0.0614379661646004,0,0,0,0,0,0.000201115783150156,7.81220386492775e-05,0.00207151144796613,0,0.0389729715270655,0,0,0,0,0,0,0,0,0,0,0,1.09701393466937e-05,0,5.0197192951336e-05,0,0.00412833864440191,0,2.27230055454386e-05,9.78689815491587e-05,0.0343195159774457,0,0.00640230856486024,0,2.4332473084318e-05,3.78308731732054e-05,0.0242760162854426,0.000471404102844325,0.00409505313182202,0,0.0078751952957102,0,0,0,0,0,0.00640513123144225,0,0,0,0,0,0,0,0,0,0,0,0,0,0,0,0,0.00306160982171389,0,0,0,1.07393435371406e-05,5.76196293663057e-06,0.0209385196191668,0,0.0046709256794005,0.00177982401465136,0,0.0344433294101179,0,0
0,0,0,0,0,0,0,0,0,0,0,0,0,0,0,0,0,2.23723743628113e-05,0,0,0,0.246021191031327,0.00626709818835089,0.000150154316143366,0,0.00161379004017562,0,0,0,0,0,0,0,0,0,0,0,0.00283567537231261,0.000481259916967759,0,0,0,0,0,0,0,0,0,0,0.0026644076281077,0,0,0,0,0,0,0,0,0,0,0,0,0,0,0,0.000142581821873437,3.14191450513145e-05,0,0.000507656354596216,0,0.000150843488431092,0,0,0,0,0,0,0,0,0,0.00419073902771417,0,0.00450556798601457,0.000232098790697886,1.20267300879962e-05,0,0
0,0,0,0,0,0,0,0,0,0,0,0,0,0,0,0,0,0,0,0,0,0.00248731503455525,0.223218924940075,0,0.00124239322270137,0,0.00121102422664285,0,0.0187016245772062,0,0,0,0,0,0,0,0,0,0.00662118764414376,0,0,0,0,0,0,0,0,0,0.0065347099262956,0,0,0,0,0,0,0,0,0,0,0,0,0,0,0,0.000142581821873437,0,0,0.0069060533040712,0,0.00711023388380667,0,0.00628726760719058,0,0,0,0,0,0,0,0,0,0.00115340870733124,0.00372451362459189,0,0,0,0
0,0.00227265521340024,0,0,0,0,0,0,0,0.0186979616772047,0,0,0,0,0,0.020937905878874,0,0,0,0,0,0.0015964801352563,0,0.300034898728347,0,0.0533988207703985,0,0,0,0,0,0,0,0,0,0,0,0.00182855680903864,0,0,0,4.99764191888863e-05,0,0,0,0,0,0,0,0.0174204398571478,0,0,0,0,0,0.0902675360054285,0,0,0,0,0,0.00624661056945103,0,0,3.14191450513145e-05,0,0,0,0.103459820330459,0,0.000848126419737332,0,0,0,0,0,0,0,0,0,0.00430510442177696,0,0.00226802994593562,0,0.00262868109657215,0,0
0,0,0,0,0,0,0,0,0.000159385272414424,0,0,0,0,0,0,0,0,0,0,0,0,0,0.0136942969239856,0,0.61165806176855,0,0.054711252774479,0,0,0,0,0,0,0,0,0,0,0,0.0022261663138097,0,0,0,0,0,0,0,0,0,0.0121724237599401,0,0,0,0,0,0.000551866089703399,0,0,0,0,0,0,0,0,0,0,0.0069060533040712,0,0,0,0.00854496417956867,0,0,0,0,0,0,0,0.000746617824206193,0,0,0,0.00353241506479125,6.59577435033494e-05,0,0.00240836626436548,0,0
0,0.000184474597455403,0,0,0,0,0,0,0,0,0,0,0,0,0,0.00902541066003813,0,0.0280742303345926,0,0,0,0.013396716632036,0,0.116625564735821,0,0.264937293886573,0,0.00885661922443953,0,0,0,0,0,0,0,0,0,0,0,0,0,0,0,0,0,0,0,0,0,0.000562544769678092,0,0,0,0,0,0.000260223563043338,0,0,0,0,0,0,0,0,0.000507656354596216,0,0.103459820330459,0,0,0,0.00115541082492688,0,0,0,0,0,0,0,0,0,0,0,0.0016653650576724,0.000174378048422321,8.91195635082705e-06,0,0
0.00341214591093617,0,0,0,0,0,0,0,0,0,0,0,0.00125959090324346,0,0.00200533801497371,0,6.19712251730478e-05,0,0,0,0,0,0.00393137500351419,0,0.000841945023561448,0,0.151015570063466,0,0.00306328993669913,0,0,0,0,0,0,0,0,0,0,0,0,0,0,0,0,0,0,0,5.81058153417191e-05,0,0,0,0,0,0.000925702166662434,0,0,0,0,0,0.000788406542905851,0,0,0,0,0.00711023388380667,0,0.00854496417956867,0,0,0,0.000155817848281004,0,0,0,0,0,0,0,0,0,0,0.000141724722065251,0,3.40720125453419e-05,0,0
