0,0,0.197488191475471,0.313678354024887,0.151097387075424,0,0,0,0.194071514770771,0,0,0,0,0,0.195159738262494,0,0,0.336704780658086,0.278073350407861,0,0,0,0,0,0,0,0,0,0,0,0,0,0,0,0,0,0.370326960086823,0,0,0,0.44241255734648,0.289813160896301,0.36332896842378,0,0,0.300322771072388,0.26476976275444,0,0.188039898082162,0.356355577707291,0,0,0,0,0.162437684834003,0,0.240574717521667,0,0.272568078041077,0,0.211040505659547,0,0.321004956960678,0,0,0,0,0,0,0,0,0,0,0,0,0,0,0,0.342326998710632,0.402901119964067,0,0,0.287514115917055,0,0.30213061641652,0,0.273536945516999
0,0,0,0.181312941946089,0,0,0,0,0,0.205097736396755,0,0,0,0.242444679141045,0,0.220609201174794,0.309711118539174,0.333968631923199,0.283637078952145,0,0,0,0,0,0,0,0,0,0,0,0,0,0,0,0,0.421361956426076,0,0,0,0.514984622597694,0,0.404312272649576,0.312885850667953,0,0,0.266506531834602,0.376438021659851,0,0,0.207931204823796,0,0,0,0,0,0.172084977339815,0,0.307580722762006,0,0.26701663367534,0,0.223343167275476,0.437645507209441,0.328638444344203,0,0,0,0,0,0,0,0,0.380669186512629,0,0,0,0,0,0.422728301606316,0.390316659753973,0.465391905180046,0,0.319967047461579,0,0.338968197821485,0.358467514577665,0
0.197488191475471,0,0,0.259113639593124,0.185586961494251,0,0,0,0.235101358535198,0,0,0,0,0,0,0,0.263484966009855,0.277656324207783,0.259442442229816,0,0.323802918195724,0,0,0,0,0,0,0,0,0,0,0,0,0,0,0.1750208735466,0.250850207694284,0,0,0,0.311570427957035,0.349462792277336,0.288627171676845,0,0,0,0.222446565826734,0.371703108151754,0.189534449577332,0.315002843737602,0.217524189585527,0,0,0,0.153302725227106,0,0.27866743132472,0,0.259701521373263,0,0.228757262678075,0,0,0.256737013657888,0,0,0,0,0,0,0,0,0,0,0,0,0,0,0.285360544919968,0.258049175597546,0,0,0.277611634833372,0.185667902231216,0.271077447481555,0,0.268230145638303
0.313678354024887,0.181312941946089,0.259113639593124,0,0,0.208292174220875,0,0,0,0.221057188746176,0,0,0,0,0,0.202723726630211,0.272533971816301,0,0.243634283906076,0.18676499907787,0,0,0,0,0,0,0,0,0,0,0,0,0,0,0,0.190766651183367,0,0,0,0.206476524472237,0.305053740739822,0.287016944357412,0.296517464924942,0,0,0.22526198752383,0.269834553201993,0,0.328606575727463,0.224509075238574,0,0.23735868836865,0,0,0,0.155597973068555,0,0.291993546143042,0,0.294210404157639,0,0.213400671977227,0.239370325767754,0.281876623630524,0,0,0,0,0,0,0,0,0.313621858998043,0,0,0,0,0,0.240076273041112,0.311467071374257,0.295654278993607,0,0.239157815333656,0.182188554770417,0.247797588371493,0.274408109093967,0.28918069601059
0.151097387075424,0,0.185586961494251,0,0,0,0,0,0.169946997003122,0,0,0,0,0,0.21982614248991,0,0,0,0.237848117947578,0,0.192452004461577,0,0,0,0,0,0,0,0,0,0,0,0,0,0,0,0.210711272699492,0,0,0,0,0.302097167287554,0.278290593286151,0,0,0,0,0,0.296863161027431,0,0.205361943071087,0,0,0,0.154742158949375,0,0.21075980594525,0,0,0,0.214420915063885,0,0,0.223131850361824,0,0,0,0,0,0,0,0,0,0,0,0,0,0,0,0.242229998111725,0,0,0.183026718011001,0.23470802755838,0.237180369240897,0,0.31191148608923
0,0,0,0.208292174220875,0,0,0,0.196651730420334,0,0,0,0,0,0,0,0.172215166687965,0,0,0.231347791850567,0,0,0,0,0,0,0,0,0,0,0,0,0,0,0,0,0.18157733976841,0,0,0,0.206325054168701,0,0.257156655937433,0.232610359787941,0,0,0.218169860541821,0,0,0,0.215889245271683,0,0.214847426068398,0,0.149501685123399,0,0,0,0.182153940200806,0,0.231784595684572,0,0.184887304902077,0,0,0,0,0,0,0,0,0,0,0.28421825170517,0,0,0,0,0,0.203920155763626,0,0,0,0.184763217561467,0.18955292424394,0.205689938905094,0.259619392454624,0
0,0,0,0,0,0,0,0,0,0,0.246532628482038,0,0.173641979694366,0,0,0,0,0,0,0,0,0,0,0,0,0,0,0,0,0,0,0,0,0,0,0,0,0,0,0,0,0,0,0,0,0,0,0,0,0,0,0,0.161953853635952,0,0,0,0.239887740553879,0,0.168763902783394,0,0,0,0,0,0,0,0,0,0,0,0,0,0,0,0,0,0,0,0,0,0,0,0.155098723868529,0.156992718577385,0,0,0
0,0,0,0,0,0.196651730420334,0,0,0,0,0,0,0,0.163942745886743,0,0,0,0,0,0,0,0,0,0,0,0,0,0,0,0,0,0,0,0,0,0.210164785385132,0,0,0,0,0,0,0,0,0,0,0,0,0,0,0,0.195780532956123,0,0.214486986963135,0,0,0,0.193964873254299,0,0.237954106926918,0,0,0,0,0,0,0,0,0,0,0,0,0,0,0,0,0,0,0.198164321482182,0,0,0,0.133434009822932,0,0,0,0
0.194071514770771,0,0.235101358535198,0,0.169946997003122,0,0,0,0,0,0,0,0,0,0.168528488209081,0,0.172767016342131,0.162882715463638,0,0,0,0,0,0,0.193871892988682,0,0,0,0,0,0,0,0,0,0,0,0,0,0.158940359040071,0,0,0.351570099592209,0.239890649426179,0,0,0,0,0,0.188763227366226,0,0.192118972539902,0,0,0,0.205268271267414,0,0,0,0,0,0.21072824053394,0,0,0,0,0,0,0.323491722345352,0,0.144161184628805,0,0,0,0,0,0,0,0,0,0.319855079054832,0,0.312034217750325,0.206612051496656,0.269616166077091,0.229864598313967,0,0.260729069736871
0,0.205097736396755,0,0.221057188746176,0,0,0,0,0,0,0,0,0,0,0,0.18635774042803,0.20590471795627,0.202751595563818,0.221040145390564,0,0,0,0,0.14672277867794,0,0.221286019682884,0,0,0,0,0,0,0,0,0,0,0,0.19134432734812,0,0,0,0.256493579773676,0.293459246555964,0,0.313948780298233,0,0.320059984922409,0,0.277613282203674,0.251722467131913,0,0.23448683321476,0,0,0,0.207069738867118,0,0.3234550456206,0,0,0,0.213189897537231,0.297976106405258,0,0,0,0.262753784656525,0,0,0,0,0,0,0,0,0,0,0,0.261906981468201,0,0.21096655279398,0,0.228445134414352,0.241778858905693,0.222309987459864,0.257321129242579,0.307156682014465
0,0,0,0,0,0,0.246532628482038,0,0,0,0,0,0,0,0,0,0,0,0,0,0.143475224701767,0,0,0,0,0,0,0,0,0,0,0,0,0,0,0,0.128827261770594,0,0.148022936458917,0,0,0,0,0,0,0,0,0,0,0,0,0,0.260432969640802,0,0,0,0.204570574345107,0,0.161987241305096,0,0,0,0,0.21400984299594,0,0,0,0,0,0,0,0,0,0,0,0,0,0,0,0.171703731020292,0,0.158691367932728,0.154683557152748,0.156005423516035,0,0,0
0,0,0,0,0,0,0,0,0,0,0,0,0,0.168211032743791,0,0,0,0,0,0.16803162602772,0,0,0,0,0,0,0,0.176945486239025,0,0,0,0,0,0,0,0.175165559884494,0,0.157464265727118,0,0,0,0,0,0,0,0.269232362508774,0,0,0,0,0,0.166102080433457,0,0,0,0,0,0.218052578226258,0,0.175970124626018,0,0,0.161224460229278,0,0,0,0,0,0,0,0.176384770659485,0,0.213475642737999,0,0,0,0,0,0.262582406009498,0,0.152292585188753,0,0.162437620780298,0.15485767275095,0,0,0
0,0,0,0,0,0,0.173641979694366,0,0,0,0,0,0,0,0.21797739529306,0,0,0,0,0,0,0,0,0,0,0,0,0,0,0,0,0,0,0,0,0,0,0,0,0,0,0,0,0,0,0,0,0,0,0,0,0,0,0,0,0,0,0,0.164857637377516,0,0.231998429998108,0,0,0,0,0,0,0,0,0,0,0.16043156683445,0,0,0,0,0,0,0,0,0,0,0.205406414514238,0.196705374866724,0,0,0
0,0.242444679141045,0,0,0,0,0,0.163942745886743,0,0,0,0.168211032743791,0,0,0,0.232345635692279,0,0,0,0,0,0,0,0,0,0,0,0,0,0,0,0,0,0,0,0,0,0,0,0,0,0,0,0,0,0,0,0,0,0,0,0,0,0,0,0,0,0.203316205314228,0,0.180379888175503,0,0.234742978215218,0,0,0,0,0,0,0.140371799468994,0,0,0,0,0,0,0,0,0,0,0,0,0,0.165820456025275,0.16690304882337,0,0,0
0.195159738262494,0,0,0,0.21982614248991,0,0,0,0.168528488209081,0,0,0,0.21797739529306,0,0,0,0.125884645033714,0.279262661933899,0,0,0,0,0,0,0,0,0,0,0,0,0,0,0,0,0,0,0,0,0,0,0,0,0.267647894946012,0,0,0,0,0,0,0,0.2152319252491,0,0,0,0.221984594594687,0,0,0,0.200106593018228,0,0.209350146458183,0,0,0,0,0,0,0,0,0,0,0,0,0,0,0,0,0,0,0,0,0,0.209112716307036,0.178184449672699,0.228587386283008,0,0
0,0.220609201174794,0,0.202723726630211,0,0.172215166687965,0,0,0,0.18635774042803,0,0,0,0.232345635692279,0,0,0,0.122920866516776,0.258536279201508,0,0,0,0,0.234127136213439,0,0.157856598496437,0,0,0,0,0,0,0,0,0,0,0,0,0,0,0,0.330042680556124,0,0,0,0,0,0,0,0.180084753781557,0,0,0,0,0,0.272113409095001,0,0.246168265740077,0,0.249356418213946,0,0.213487913422551,0,0,0,0,0.251855680843194,0,0.246130233009656,0,0,0,0,0,0,0,0,0,0,0,0,0,0.162075064729813,0.191234240242353,0.252520080804825,0,0
0,0.309711118539174,0.263484966009855,0.272533971816301,0,0,0,0,0.172767016342131,0.20590471795627,0,0,0,0,0.125884645033714,0,0,0.217180339159328,0.283818270899244,0,0,0.207921161781996,0.14603958866204,0.21595986698355,0.167264405711992,0.241221450907843,0.152438384302343,0,0.105974890291691,0,0,0,0,0,0,0.362395801714488,0,0,0,0.344515564044317,0.354635127385457,0.299740088482698,0.278704494947479,0,0.297869101166725,0.333208729655056,0.326667182975345,0,0.298440217971802,0,0,0.292528301477432,0,0,0,0,0.26525753736496,0.262150973081589,0,0,0.222195833921432,0,0.34134549498558,0.322611280850002,0.162069168160943,0.1544372013637,0.260535125434399,0.170449038769336,0.287186567599957,0.159100364923008,0,0,0,0,0,0,0,0,0.349557730658301,0.342037624201259,0.402745336294174,0,0.215504132626599,0.190920546601306,0.321325569836931,0.297534853219986,0.264371906717618
0.336704780658086,0.333968631923199,0.277656324207783,0,0,0,0,0,0.162882715463638,0.202751595563818,0,0,0,0,0.279262661933899,0.122920866516776,0.217180339159328,0,0.286621767618741,0,0,0.148109706172376,0.267706025391817,0.184244111529097,0.185841549489949,0.156739954414635,0.283391306245769,0.273637559152011,0,0,0,0,0,0,0,0.362614061683416,0.374113664031029,0,0,0.337218864875681,0.372836531533135,0.280871397064578,0.276790075749159,0.250386789441109,0,0.322523743826516,0.341150598866599,0,0,0,0,0,0,0,0,0,0,0.28208389878273,0,0,0,0,0.316668477654457,0.337291096838621,0.170587235773113,0.342576056718826,0.178961830304527,0.192593902349472,0.157308433632382,0.324042056997617,0.168333947658539,0,0,0,0,0,0,0,0.336472850683686,0.358415079597504,0.377385199069977,0,0.190350253272432,0.180908020527774,0.325857967535655,0.277846068143845,0.255453780293465
0.278073350407861,0.283637078952145,0.259442442229816,0.243634283906076,0.237848117947578,0.231347791850567,0,0,0,0.221040145390564,0,0,0,0,0,0.258536279201508,0.283818270899244,0.286621767618741,0,0,0,0.263598035040655,0.319171319405238,0.244153058156371,0.218270120024681,0.284353803992271,0.299648599653709,0,0,0,0,0,0,0,0,0.398211635582681,0.38868565151566,0.413279682397842,0,0.339162120975337,0.374798218272333,0.233528437531228,0.230217005204108,0.199474056372206,0.206314141551654,0.325398914815404,0.325382939739034,0.420049905776978,0.332604123787446,0.304284042368333,0.23489873111248,0.240320970614751,0,0,0,0,0.235191538929939,0.381899393133579,0.353454381227493,0,0.329440772533417,0.229767389595509,0.341729548658643,0.330933896656875,0.280761117736499,0.218506708741188,0.290922870238622,0.202027589082718,0,0.217242658138275,0,0,0.365314504679512,0,0,0,0,0,0.359000722600982,0.353711794610276,0.444595622745427,0,0.226615539010887,0.259325092323392,0.356580375039168,0.235653463698111,0.212394810285691
0,0,0,0.18676499907787,0,0,0,0,0,0,0,0.16803162602772,0,0,0,0,0,0,0,0,0,0,0,0,0,0,0,0,0,0,0,0,0,0,0,0.18032642902546,0,0.148179896268994,0,0,0,0.243680457274119,0,0,0,0.30842062830925,0,0,0,0.178900375962257,0,0,0,0,0,0,0,0.224490994587541,0,0,0,0,0.193299150931987,0,0,0,0,0,0,0,0,0,0,0,0,0,0,0,0.214200101408762,0,0.269037495056788,0,0.179288970629969,0,0.323111924755422,0,0
0,0,0.323802918195724,0,0.192452004461577,0,0,0,0,0,0.143475224701767,0,0,0,0,0,0,0,0,0,0,0,0,0,0,0,0,0,0,0,0,0,0,0,0,0,0.212095927576488,0,0.179423477500677,0,0,0,0.325571447610855,0,0,0,0,0,0,0,0.196886920731915,0,0,0,0,0,0.15428989938351,0,0,0,0,0,0,0.195725044779939,0,0,0,0,0,0,0,0,0,0,0,0,0,0,0,0.237200445293084,0,0,0.222894378266362,0,0.372548978077248,0,0
0,0,0,0,0,0,0,0,0,0,0,0,0,0,0,0,0.207921161781996,0.148109706172376,0.263598035040655,0,0,0,0.141856984603544,0.192876947128167,0,0.135490564256907,0.137956336140633,0.154497600160539,0,0,0,0,0,0,0,0,0,0.183648767664373,0.124512079052436,0,0,0,0,0,0,0,0,0,0,0.285811605638471,0,0,0,0,0,0,0,0,0,0,0,0,0,0,0.198389011680546,0,0.207020875856732,0,0.184239892879637,0,0.192619433139896,0,0,0,0,0,0,0,0.263953119516373,0.357716500759125,0.233595184019437,0,0.148442464204092,0.127946574389935,0.268369909375906,0,0
0,0,0,0,0,0,0,0,0,0,0,0,0,0,0,0,0.14603958866204,0.267706025391817,0.319171319405238,0,0,0.141856984603544,0,0,0.163744146972895,0,0.158925806702901,0,0.115691222250462,0,0,0,0,0,0,0,0,0.174463801085949,0.172941673357009,0,0,0,0,0,0,0,0,0,0.274212171213102,0,0,0,0,0,0,0,0,0,0,0,0,0,0,0,0.128689675778151,0.223128066894786,0,0.205214002957711,0,0.159222801348993,0,0.250782142877579,0,0,0,0,0,0,0.321815341711044,0.333083063364029,0,0.152947493286011,0.130222386095867,0.135099219015011,0.335951149463654,0,0
0,0,0,0,0,0,0,0,0,0.14672277867794,0,0,0,0,0,0.234127136213439,0.21595986698355,0.184244111529097,0.244153058156371,0,0,0.192876947128167,0,0,0.141580045223236,0.184101812541485,0,0,0,0,0,0,0,0.291162997484207,0,0,0,0.148199904125579,0,0,0,0,0,0,0,0.303553223609924,0,0,0,0.203223107289523,0,0,0,0,0,0.231190738196556,0,0.308920621871948,0,0,0,0.242681165225804,0,0,0.227244857284758,0,0.21455642503446,0,0.208904734945723,0,0.260859994424714,0,0,0,0,0,0.300813231203291,0,0.286875635385513,0.29847252368927,0.180804433557095,0,0.179749572465957,0,0.203323825936893,0,0
0,0,0,0,0,0,0,0,0.193871892988682,0,0,0,0,0,0,0,0.167264405711992,0.185841549489949,0.218270120024681,0,0,0,0.163744146972895,0.141580045223236,0,0.173528909683228,0.171426961488194,0,0,0,0,0,0,0,0,0,0.320725530385971,0,0.176937320447983,0,0,0,0,0,0,0,0,0,0.249287273833361,0,0,0,0,0,0.198312881318006,0,0,0,0,0,0,0,0,0.315642565488815,0,0.192864086607407,0,0.198374584493205,0,0,0,0.296739260355632,0,0,0,0,0,0,0,0,0,0.210101071755039,0.153961845806667,0,0.281934677490166,0,0
0,0,0,0,0,0,0,0,0,0.221286019682884,0,0,0,0,0,0.157856598496437,0.241221450907843,0.156739954414635,0.284353803992271,0,0,0.135490564256907,0,0.184101812541485,0.173528909683228,0,0,0.176988669186831,0,0,0,0,0,0,0,0,0,0,0,0,0.389808416366577,0,0,0,0,0.345615744590759,0,0,0,0,0,0,0,0,0,0,0,0,0,0,0,0,0,0.309782713651657,0.141943216323853,0,0.208020004533952,0,0.172297559441275,0,0,0,0,0,0,0,0,0,0,0.362117360035578,0,0,0.171173788040536,0.169299735273084,0,0,0
0,0,0,0,0,0,0,0,0,0,0,0,0,0,0,0,0.152438384302343,0.283391306245769,0.299648599653709,0,0,0.137956336140633,0.158925806702901,0,0.171426961488194,0,0,0,0,0,0,0,0,0,0,0,0,0,0,0,0,0,0,0,0,0.346179087956746,0.365965843200684,0,0,0,0,0,0,0,0.21821270386378,0,0,0,0,0,0,0,0,0.31379172205925,0.152134954929352,0.168195009717475,0.268448680639267,0.180259233429318,0,0.159595136878206,0,0,0,0,0,0,0,0,0.31649186834693,0.316155724227428,0,0,0.164572529370171,0,0,0.267817467451096,0
0,0,0,0,0,0,0,0,0,0,0,0.176945486239025,0,0,0,0,0,0.273637559152011,0,0,0,0.154497600160539,0,0,0,0.176988669186831,0,0,0,0.143924420015721,0,0,0,0,0,0,0,0.142432975769043,0,0,0,0,0,0,0,0,0,0,0,0,0,0,0,0,0,0,0,0,0,0,0,0.152607515454292,0,0,0.158444066345692,0,0,0,0.172257941757512,0,0.178421420875563,0,0.167509576622045,0,0,0,0,0,0,0,0.179909318685532,0,0.276113022888839,0.20327092517506,0,0,0
0,0,0,0,0,0,0,0,0,0,0,0,0,0,0,0,0.105974890291691,0,0,0,0,0,0.115691222250462,0,0,0,0,0,0,0,0.13607064806498,0,0,0,0,0,0,0,0.173084321267465,0,0,0,0,0,0,0,0,0,0,0,0,0,0,0,0,0,0,0,0,0,0,0,0,0,0,0.192523371290278,0,0,0,0,0,0.183513334257595,0,0.207567438483238,0,0,0,0,0,0,0,0.171727627515793,0.131009693257511,0,0,0,0
0,0,0,0,0,0,0,0,0,0,0,0,0,0,0,0,0,0,0,0,0,0,0,0,0,0,0,0.143924420015721,0,0,0,0,0,0,0,0,0,0.179209310561419,0,0,0,0,0,0,0,0,0,0,0,0,0,0,0,0,0,0,0,0.220460555826624,0,0,0,0,0,0,0,0,0,0,0,0,0.132723725355062,0,0.205956846810178,0,0,0,0,0,0,0,0.185177025042082,0,0.210343554902535,0,0,0,0
0,0,0,0,0,0,0,0,0,0,0,0,0,0,0,0,0,0,0,0,0,0,0,0,0,0,0,0,0.13607064806498,0,0,0,0,0,0,0,0,0,0.146845494707425,0,0,0,0,0,0,0,0,0,0,0,0,0,0,0,0,0,0,0,0,0,0,0,0,0,0,0,0,0,0,0,0,0,0,0.20516952413779,0,0,0,0,0,0,0,0.196280258893967,0.151925846934319,0,0,0,0
0,0,0,0,0,0,0,0,0,0,0,0,0,0,0,0,0,0,0,0,0,0,0,0,0,0,0,0,0,0,0,0,0.157340902976597,0.280658309584233,0.171485554426908,0.19447434939858,0.132486566901207,0,0,0.398872204326295,0,0,0,0,0,0,0,0.341472027034954,0,0.380939991428302,0,0,0,0,0,0,0,0,0,0,0,0,0,0,0,0,0,0,0,0,0,0,0,0,0.178849392466296,0.173581374188264,0.283358893159664,0,0.246632183057037,0,0,0,0.179482449646011,0,0,0,0
0,0,0,0,0,0,0,0,0,0,0,0,0,0,0,0,0,0,0,0,0,0,0,0,0,0,0,0,0,0,0,0.157340902976597,0,0,0,0.22079380429708,0.217163423719132,0,0,0,0.379295349121094,0,0,0,0,0,0,0.256124686890091,0.366195831980024,0,0,0,0,0,0,0,0,0,0,0,0,0,0,0,0,0,0,0,0,0,0,0,0,0,0.177830653934871,0.206008244132131,0,0.365501463413239,0,0.23300351834422,0,0,0.135622237216343,0,0.406653076410294,0,0
0,0,0,0,0,0,0,0,0,0,0,0,0,0,0,0,0,0,0,0,0,0,0,0.291162997484207,0,0,0,0,0,0,0,0.280658309584233,0,0,0.175987437080878,0.185339129789442,0.10218583792448,0.246869893177696,0,0,0,0,0,0,0,0,0,0.243108573261844,0,0.283515453338623,0,0,0,0,0,0,0,0,0,0,0,0,0,0,0,0,0,0,0,0,0,0,0,0,0.337715702007214,0,0.253852628223315,0.174290637832043,0.186365712820212,0,0.356710650045104,0.277061581611633,0.181773521068717,0.22085402533412,0,0,0
0,0,0,0,0,0,0,0,0,0,0,0,0,0,0,0,0,0,0,0,0,0,0,0,0,0,0,0,0,0,0,0.171485554426908,0,0.175987437080878,0,0,0.191962832869949,0,0.267633522745712,0,0,0,0,0,0,0,0,0.357237642398386,0,0.411675058305264,0,0,0,0,0,0,0,0,0,0,0,0,0,0,0,0,0,0,0,0,0,0,0,0,0.14797274209559,0.291997265070677,0.181764935105365,0.241755193438994,0,0.228586629098733,0,0.329349069347169,0.21575927798466,0.255369015038013,0,0,0
0,0.421361956426076,0.1750208735466,0.190766651183367,0,0.18157733976841,0,0.210164785385132,0,0,0,0.175165559884494,0,0,0,0,0.362395801714488,0.362614061683416,0.398211635582681,0.18032642902546,0,0,0,0,0,0,0,0,0,0,0,0.19447434939858,0.22079380429708,0.185339129789442,0,0,0.186359933802537,0.197721931119299,0,0.328175168048154,0.330077767372131,0.325167666958726,0,0.323909590641658,0,0.313362492980169,0,0.342803903783743,0,0.28715786687804,0,0.180375218391418,0,0,0,0,0,0.236711699348777,0,0.241155847907066,0,0,0.198345250358521,0.410753309726715,0,0,0,0,0,0,0.266906209290028,0,0.297400674649647,0,0.226593643426895,0.282523304224014,0.188886124615923,0.242309138178825,0.234775296550031,0.194226358409809,0.212043624824147,0.235479354858398,0.202219003386137,0.156125661272269,0.282851421842714,0.348327053220648,0
0.370326960086823,0,0.250850207694284,0,0.210711272699492,0,0,0,0,0,0.128827261770594,0,0,0,0,0,0,0.374113664031029,0.38868565151566,0,0.212095927576488,0,0,0,0.320725530385971,0,0,0,0,0,0,0.132486566901207,0.217163423719132,0.10218583792448,0.191962832869949,0.186359933802537,0,0.171025882874216,0.209191468065983,0,0.350853309035301,0,0.310064061135054,0,0.323885142803192,0.402683208386103,0.332549301583967,0.347681764308913,0.311416612159122,0.224176128705343,0.219399444758892,0,0,0,0,0,0.175666350172833,0,0.239800706505775,0,0,0,0.409837692975998,0.207810575471205,0,0,0,0,0,0,0,0,0,0,0.131122042025839,0.329237467115497,0.242243388487447,0.200768398696478,0.237291600438034,0.245818679923153,0,0.224769472193907,0.188497001171755,0.176257790199348,0.254370797896872,0,0.307137079536915
0,0,0,0,0,0,0,0,0,0.19134432734812,0,0.157464265727118,0,0,0,0,0,0,0.413279682397842,0.148179896268994,0,0.183648767664373,0.174463801085949,0.148199904125579,0,0,0,0.142432975769043,0,0.179209310561419,0,0,0,0.246869893177696,0,0.197721931119299,0.171025882874216,0,0.163418414136071,0,0,0,0,0,0,0,0,0.26418862257685,0,0.399554846460348,0,0,0,0,0,0.236612606163762,0,0.166560890877212,0,0,0,0,0.176381369316301,0,0.271433691671958,0,0.246894842486616,0,0,0,0.249488943815231,0,0.175494032435947,0,0,0,0.249676471615968,0.198677651584148,0.244638628981019,0,0.228615313974333,0.203162078346525,0.187308934885038,0.222501986916514,0.278782310013501,0,0
0,0,0,0,0,0,0,0,0.158940359040071,0,0.148022936458917,0,0,0,0,0,0,0,0,0,0.179423477500677,0.124512079052436,0.172941673357009,0,0.176937320447983,0,0,0,0.173084321267465,0,0.146845494707425,0,0,0,0.267633522745712,0,0.209191468065983,0.163418414136071,0,0,0,0,0.159722188753741,0,0,0,0,0.264264088286006,0.304992088128494,0,0,0,0,0,0.25953686340656,0,0.158717078150837,0,0,0,0,0,0,0.166813127696514,0.129258027130907,0.217003728170971,0,0.277992764732752,0,0,0,0.255987829609549,0,0.17661389708519,0,0,0.316336825489998,0.246547637026637,0,0.238081001956399,0.170940616944184,0.225242766655663,0.189321601818945,0.155702618261178,0.25667106719578,0,0
0,0.514984622597694,0,0.206476524472237,0,0.206325054168701,0,0,0,0,0,0,0,0,0,0,0.344515564044317,0.337218864875681,0.339162120975337,0,0,0,0,0,0,0,0,0,0,0,0,0.398872204326295,0,0,0,0.328175168048154,0,0,0,0,0.401763767004013,0.292163077677574,0.283207505941391,0.325028225034475,0,0.335717433889707,0.394595772027969,0.429358205286681,0.446999660527059,0.459360605166177,0,0.212828442454338,0,0,0,0,0,0.31184421479702,0,0,0,0.197000578045845,0.279320882397448,0,0,0,0,0,0,0,0,0,0,0,0,0,0,0,0.318989712852662,0.358272135257721,0.367025822401047,0,0.31946665936328,0.332467973232269,0.283616441588706,0.294884503651888,0.298467725515366
0.44241255734648,0,0.311570427957035,0.305053740739822,0,0,0,0,0,0,0,0,0,0,0,0,0.354635127385457,0.372836531533135,0.374798218272333,0,0,0,0,0,0,0.389808416366577,0,0,0,0,0,0,0.379295349121094,0,0,0.330077767372131,0.350853309035301,0,0,0.401763767004013,0,0.340071953833103,0.27687193303103,0,0.301060943018406,0.396001246240404,0.31704640021691,0.422727482372455,0.386646675882271,0.420099308093389,0,0,0,0,0,0,0.325673520565033,0,0,0,0,0,0.416325996319453,0.23849859021436,0,0,0,0,0,0,0,0,0,0,0,0.38477099686861,0,0,0.388322644763523,0.263120723164452,0,0,0.372632376510989,0.342450390259425,0.270339754003575,0,0.320529104396701
0.289813160896301,0.404312272649576,0.349462792277336,0.287016944357412,0.302097167287554,0.257156655937433,0,0,0.351570099592209,0.256493579773676,0,0,0,0,0,0.330042680556124,0.299740088482698,0.280871397064578,0.233528437531228,0.243680457274119,0,0,0,0,0,0,0,0,0,0,0,0,0,0,0,0.325167666958726,0,0,0,0.292163077677574,0.340071953833103,0,0.285641730373556,0.220302817697572,0.3045634329319,0.336159470533832,0.331488467752934,0.374583016034592,0.401133269899421,0.352668930830669,0.319243371486664,0.256694376468658,0,0,0,0.269234984917076,0,0.335143812147416,0,0.377252968497898,0,0.354238866593844,0.326708307175953,0.335002034902573,0,0,0.244000613689423,0,0,0,0.347950117928641,0,0.333879060042438,0,0,0,0,0,0.313152474354695,0.312436193227768,0.429132005860729,0,0.316120014174439,0.31776362657547,0.32139551868583,0.24542714998126,0.323197767138481
0.36332896842378,0.312885850667953,0.288627171676845,0.296517464924942,0.278290593286151,0.232610359787941,0,0,0.239890649426179,0.293459246555964,0,0,0,0,0.267647894946012,0,0.278704494947479,0.276790075749159,0.230217005204108,0,0.325571447610855,0,0,0,0,0,0,0,0,0,0,0,0,0,0,0,0.310064061135054,0,0.159722188753741,0.283207505941391,0.27687193303103,0.285641730373556,0,0.253734081983566,0.217102697491646,0.314791172742844,0.264473702656952,0.378788016360215,0.354079632358878,0.330184386899838,0.282507718485944,0,0,0,0.183989003300667,0.284058898687363,0.371317880212912,0.303019851446152,0.376978573750476,0,0.349770666412685,0,0.307831600308418,0.300417626270584,0,0,0,0,0,0,0,0,0,0,0,0,0,0,0.316818843285243,0.28430417203951,0,0,0.33627682475053,0.251245375722647,0.332121202106536,0.297333627939224,0.247207109514506
0,0,0,0,0,0,0,0,0,0,0,0,0,0,0,0,0,0.250386789441109,0.199474056372206,0,0,0,0,0,0,0,0,0,0,0,0,0,0,0,0,0.323909590641658,0,0,0,0.325028225034475,0,0.220302817697572,0.253734081983566,0,0,0.341010146296543,0,0,0,0.243050515651703,0,0,0,0,0,0,0,0.285474384824435,0,0,0,0.221153318881989,0.337684246531704,0.308037638664246,0,0,0,0,0,0,0,0,0,0,0,0,0,0,0.335838934330091,0,0,0,0.211139920960974,0,0.214024647183362,0.237471154994435,0
0,0,0,0,0,0,0,0,0,0.313948780298233,0,0,0,0,0,0,0.297869101166725,0,0.206314141551654,0,0,0,0,0,0,0,0,0,0,0,0,0,0,0,0,0,0.323885142803192,0,0,0,0.301060943018406,0.3045634329319,0.217102697491646,0,0,0,0.250703684985638,0,0.37554332613945,0.308898791670799,0,0,0,0,0,0,0,0,0,0,0,0,0,0.309660005263793,0,0,0,0,0,0,0,0,0,0,0,0,0,0,0.367375493049622,0.318164414641532,0,0,0.21228335957442,0,0.235786066554925,0.288585692644119,0.200615122914314
0.300322771072388,0.266506531834602,0,0.22526198752383,0,0.218169860541821,0,0,0,0,0,0.269232362508774,0,0,0,0,0.333208729655056,0.322523743826516,0.325398914815404,0.30842062830925,0,0,0,0.303553223609924,0,0.345615744590759,0.346179087956746,0,0,0,0,0,0,0,0,0.313362492980169,0.402683208386103,0,0,0.335717433889707,0.396001246240404,0.336159470533832,0.314791172742844,0.341010146296543,0,0,0.363774724801381,0,0.286936432123184,0.232205285557679,0,0.226508557796478,0,0,0,0,0,0.268303708563397,0,0.281158812344074,0,0,0.299787873322361,0.35959251999855,0.374152362346649,0,0,0,0,0,0.279412668943405,0,0.283566545783065,0,0,0,0,0,0.284264285448238,0.376240557432175,0.325337429974035,0,0.310864702019156,0.323186576366425,0.327193691769634,0.297692206852576,0
0.26476976275444,0.376438021659851,0.222446565826734,0.269834553201993,0,0,0,0,0,0.320059984922409,0,0,0,0,0,0,0.326667182975345,0.341150598866599,0.325382939739034,0,0,0,0,0,0,0,0.365965843200684,0,0,0,0,0,0,0,0,0,0.332549301583967,0,0,0.394595772027969,0.31704640021691,0.331488467752934,0.264473702656952,0,0.250703684985638,0.363774724801381,0,0,0.272097046176593,0,0,0,0,0,0,0,0.279372346401215,0,0,0,0,0,0.35712231695652,0.292528060885587,0,0,0,0,0,0,0,0,0,0,0,0,0,0,0.365880835514802,0.311295149299651,0,0,0.299396832495235,0.330584347248077,0.301237777707299,0.343008935451508,0.281962804496288
0,0,0.371703108151754,0,0,0,0,0,0,0,0,0,0,0,0,0,0,0,0.420049905776978,0,0,0,0,0,0,0,0,0,0,0,0,0.341472027034954,0.256124686890091,0.243108573261844,0.357237642398386,0.342803903783743,0.347681764308913,0.26418862257685,0.264264088286006,0.429358205286681,0.422727482372455,0.374583016034592,0.378788016360215,0,0,0,0,0,0.478759538476207,0.507579211668854,0.305245220661163,0,0,0,0,0,0.318721532821655,0,0,0,0,0,0,0,0,0,0,0,0,0,0,0,0,0,0.270464901499829,0.365656587899777,0.243496539189636,0.364700470421765,0.324557390932268,0.359954995626116,0.277935265921629,0.365936841315298,0.528324714922037,0.36120131611824,0.409046925309099,0,0.453788250684738
0.188039898082162,0,0.189534449577332,0.328606575727463,0.296863161027431,0,0,0,0.188763227366226,0.277613282203674,0,0,0,0,0,0,0.298440217971802,0,0.332604123787446,0,0,0,0.274212171213102,0,0.249287273833361,0,0,0,0,0,0,0,0.366195831980024,0,0,0,0.311416612159122,0,0.304992088128494,0.446999660527059,0.386646675882271,0.401133269899421,0.354079632358878,0,0.37554332613945,0.286936432123184,0.272097046176593,0.478759538476207,0,0.42648652447577,0.251849874854088,0,0,0,0.180125959217548,0,0.322406590836389,0,0.318935126947065,0,0.257563689001608,0,0,0.252742663025856,0,0.295727431774139,0,0.268557162618781,0,0.240302743183242,0,0.243205884415092,0.324019551277161,0.288866296842478,0,0.456123575568199,0,0,0,0.34980878378678,0,0.310728285081902,0.393445892107937,0,0.369089992811037,0,0.315886568093934
0.356355577707291,0.207931204823796,0.315002843737602,0.224509075238574,0,0.215889245271683,0,0,0,0.251722467131913,0,0,0,0,0,0.180084753781557,0,0,0.304284042368333,0.178900375962257,0,0.285811605638471,0,0.203223107289523,0,0,0,0,0,0,0,0.380939991428302,0,0.283515453338623,0.411675058305264,0.28715786687804,0.224176128705343,0.399554846460348,0,0.459360605166177,0.420099308093389,0.352668930830669,0.330184386899838,0.243050515651703,0.308898791670799,0.232205285557679,0,0.507579211668854,0.42648652447577,0,0,0.221436515450478,0,0,0,0.216018404673647,0,0.318535892608387,0,0.310235261917114,0,0.230956303713909,0.284382882599647,0.312372907996178,0.301855013903343,0,0.249268093806447,0,0.207985560481365,0,0.238743004634192,0,0.283951441651767,0,0.290220384695092,0.470125734806061,0.319275435648466,0,0.349133036915509,0.312544107437134,0.418552056527138,0,0.443133643322599,0,0.385122793369574,0.302212475745146,0.320262461900711
0,0,0.217524189585527,0,0.205361943071087,0,0,0,0.192118972539902,0,0,0,0,0,0.2152319252491,0,0,0,0.23489873111248,0,0.196886920731915,0,0,0,0,0,0,0,0,0,0,0,0,0,0,0,0.219399444758892,0,0,0,0,0.319243371486664,0.282507718485944,0,0,0,0,0.305245220661163,0.251849874854088,0,0,0,0,0,0,0,0.254754446089143,0,0.274297471805877,0,0.194157532850901,0,0,0.201307397662548,0,0,0,0,0,0,0,0,0,0,0,0,0,0,0,0.28409672776858,0,0,0.175606069252952,0.20347668727239,0.220345702442678,0,0
0,0,0,0.23735868836865,0,0.214847426068398,0,0.195780532956123,0,0.23448683321476,0,0.166102080433457,0,0,0,0,0.292528301477432,0,0.240320970614751,0,0,0,0,0,0,0,0,0,0,0,0,0,0,0,0,0.180375218391418,0,0,0,0.212828442454338,0,0.256694376468658,0,0,0,0.226508557796478,0,0,0,0.221436515450478,0,0,0,0.206390985598167,0,0,0,0.246858554180735,0,0.239355348810858,0,0.218438992566533,0.255188226699829,0,0,0,0,0,0,0,0,0,0,0,0,0,0,0,0.289799228310585,0,0,0,0.198979409612142,0.184890134730072,0.235377827993018,0,0
0,0,0,0,0,0,0.161953853635952,0,0,0,0.260432969640802,0,0,0,0,0,0,0,0,0,0,0,0,0,0,0,0,0,0,0,0,0,0,0,0,0,0,0,0,0,0,0,0,0,0,0,0,0,0,0,0,0,0,0,0,0,0.24796634950699,0,0,0,0,0,0,0,0,0,0,0,0,0,0,0,0,0,0,0,0,0,0,0,0,0,0.197920466462771,0,0,0,0
0,0,0,0,0,0.149501685123399,0,0.214486986963135,0,0,0,0,0,0,0,0,0,0,0,0,0,0,0,0,0,0,0,0,0,0,0,0,0,0,0,0,0,0,0,0,0,0,0,0,0,0,0,0,0,0,0,0.206390985598167,0,0,0,0,0,0.173334861929352,0,0,0,0,0,0,0,0,0,0,0,0,0,0,0,0,0,0,0,0,0,0,0,0,0,0,0,0,0
0.162437684834003,0,0.153302725227106,0,0.154742158949375,0,0,0,0.205268271267414,0,0,0,0,0,0.221984594594687,0,0,0,0,0,0,0,0,0,0.198312881318006,0,0.21821270386378,0,0,0,0,0,0,0,0,0,0,0,0.25953686340656,0,0,0,0.183989003300667,0,0,0,0,0,0.180125959217548,0,0,0,0,0,0,0,0,0,0,0,0.227184169440775,0,0,0,0,0,0,0.269484504960574,0,0.225249540238153,0,0,0,0,0,0,0,0,0,0,0,0.334078333833638,0.206196827775657,0.259613513946533,0.195019116455858,0,0
0,0.172084977339815,0,0.155597973068555,0,0,0,0,0,0.207069738867118,0,0,0,0,0,0.272113409095001,0,0,0,0,0,0,0,0.231190738196556,0,0,0,0,0,0,0,0,0,0,0,0,0,0.236612606163762,0,0,0,0.269234984917076,0.284058898687363,0,0,0,0,0,0,0.216018404673647,0,0,0,0,0,0,0,0,0,0,0,0.25983439671342,0,0,0,0,0.302486016697722,0,0.24628921598196,0,0,0,0,0,0,0,0,0,0,0,0.265408972429263,0,0.266317372972315,0,0.204611350121277,0,0
0.240574717521667,0,0.27866743132472,0,0.21075980594525,0,0.239887740553879,0,0,0,0.204570574345107,0,0,0,0,0,0.26525753736496,0,0.235191538929939,0,0.15428989938351,0,0,0,0,0,0,0,0,0,0,0,0,0,0,0,0.175666350172833,0,0.158717078150837,0,0.325673520565033,0,0.371317880212912,0,0,0,0.279372346401215,0.318721532821655,0.322406590836389,0,0.254754446089143,0,0.24796634950699,0,0,0,0,0,0.26659248384865,0,0.259075578682277,0,0,0.273251865845903,0,0,0,0,0,0,0,0,0,0.275755177651133,0,0,0,0,0,0.260418094759402,0,0.170363831732954,0.168788473325214,0.155146848410368,0.313021384325682,0,0.354107856065377
0,0.307580722762006,0,0.291993546143042,0,0.182153940200806,0,0.193964873254299,0,0.3234550456206,0,0.218052578226258,0,0.203316205314228,0,0.246168265740077,0.262150973081589,0.28208389878273,0.381899393133579,0.224490994587541,0,0,0,0.308920621871948,0,0,0,0,0,0.220460555826624,0,0,0,0,0,0.236711699348777,0,0.166560890877212,0,0.31184421479702,0,0.335143812147416,0.303019851446152,0.285474384824435,0,0.268303708563397,0,0,0,0.318535892608387,0,0.246858554180735,0,0.173334861929352,0,0,0,0,0,0.268452760538245,0,0.253748550536526,0.286608224052986,0,0.282284915447235,0,0.307266265153885,0,0.334361235732618,0,0.371232946773609,0,0.332701534032822,0,0,0,0,0,0.275081851109996,0.317882508039474,0.257615576684475,0,0.285880947893492,0.155572508772214,0.354198586440034,0.354759420050639,0
0.272568078041077,0,0.259701521373263,0,0,0,0.168763902783394,0,0,0,0.161987241305096,0,0.164857637377516,0,0.200106593018228,0,0,0,0.353454381227493,0,0,0,0,0,0,0,0,0,0,0,0,0,0,0,0,0,0.239800706505775,0,0,0,0,0,0.376978573750476,0,0,0,0,0,0.318935126947065,0,0.274297471805877,0,0,0,0,0,0.26659248384865,0,0,0,0.227722798602297,0,0,0.267012298107147,0,0,0,0,0,0,0,0.15660574393613,0,0,0,0,0,0,0,0.25917392543384,0,0,0.204270220635568,0.185058049857616,0.305554661078978,0,0.354308351874352
0,0.26701663367534,0,0.294210404157639,0,0.231784595684572,0,0.237954106926918,0,0,0,0.175970124626018,0,0.180379888175503,0,0.249356418213946,0,0,0,0,0,0,0,0,0,0,0,0,0,0,0,0,0,0,0,0.241155847907066,0,0,0,0,0,0.377252968497898,0,0,0,0.281158812344074,0,0,0,0.310235261917114,0,0.239355348810858,0,0,0,0,0,0.268452760538245,0,0,0,0.325231647131772,0.271273732185364,0,0,0,0.304041348397732,0,0.32820894501426,0,0.39009269656137,0,0,0,0,0,0,0,0,0,0,0,0.189450522263845,0.172653758884373,0.305023768724039,0.353991240262985,0
0.211040505659547,0,0.228757262678075,0,0.214420915063885,0,0,0,0.21072824053394,0,0,0,0.231998429998108,0,0.209350146458183,0,0.222195833921432,0,0.329440772533417,0,0,0,0,0,0,0,0,0,0,0,0,0,0,0,0,0,0,0,0,0,0,0,0.349770666412685,0,0,0,0,0,0.257563689001608,0,0.194157532850901,0,0,0,0.227184169440775,0,0.259075578682277,0,0.227722798602297,0,0,0,0,0,0,0,0,0,0,0,0,0,0,0,0,0,0,0,0,0.270708938439687,0,0,0.205501854528874,0,0.26527381211939,0,0.347519058734179
0,0.223343167275476,0,0.213400671977227,0,0.184887304902077,0,0,0,0.213189897537231,0,0,0,0.234742978215218,0,0.213487913422551,0,0,0.229767389595509,0,0,0,0,0.242681165225804,0,0,0,0.152607515454292,0,0,0,0,0,0,0,0,0,0,0,0.197000578045845,0,0.354238866593844,0,0.221153318881989,0,0,0,0,0,0.230956303713909,0,0.218438992566533,0,0,0,0.25983439671342,0,0.253748550536526,0,0.325231647131772,0,0,0,0,0,0,0.24977329779755,0,0.241688378155231,0,0,0,0,0,0,0,0,0,0.306007757782936,0,0,0,0.179048398323357,0.210557076334953,0.26921783125956,0,0
0.321004956960678,0.437645507209441,0,0.239370325767754,0,0,0,0,0,0.297976106405258,0,0.161224460229278,0,0,0,0,0.34134549498558,0.316668477654457,0.341729548658643,0.193299150931987,0,0,0,0,0,0,0,0,0,0,0,0,0,0,0,0.198345250358521,0.409837692975998,0.176381369316301,0,0.279320882397448,0.416325996319453,0.326708307175953,0.307831600308418,0.337684246531704,0,0.299787873322361,0.35712231695652,0,0,0.284382882599647,0,0.255188226699829,0,0,0,0,0,0.286608224052986,0,0.271273732185364,0,0,0,0.357650637626648,0,0,0,0,0,0,0.304416081735066,0,0.345422706794273,0,0,0,0,0,0.259312279087872,0.337508827447891,0.326762823324625,0,0.246518338060046,0,0.324743070339421,0.332000968002138,0
0,0.328638444344203,0.256737013657888,0.281876623630524,0.223131850361824,0,0,0,0,0,0.21400984299594,0,0,0,0,0,0.322611280850002,0.337291096838621,0.330933896656875,0,0.195725044779939,0,0,0,0.315642565488815,0.309782713651657,0.31379172205925,0,0,0,0,0,0,0,0,0.410753309726715,0.207810575471205,0,0.166813127696514,0,0.23849859021436,0.335002034902573,0.300417626270584,0.308037638664246,0.309660005263793,0.35959251999855,0.292528060885587,0,0.252742663025856,0.312372907996178,0.201307397662548,0,0,0,0,0,0.273251865845903,0,0.267012298107147,0,0,0,0.357650637626648,0,0,0,0,0,0.339548110961914,0,0,0,0,0,0,0,0,0,0.360518985016401,0.263201646491074,0,0,0.278328020917414,0.276195704936981,0.29495255021257,0,0.324703733126322
0,0,0,0,0,0,0,0,0,0,0,0,0,0,0,0,0.162069168160943,0.170587235773113,0.280761117736499,0,0,0.198389011680546,0.128689675778151,0.227244857284758,0,0.141943216323853,0.152134954929352,0.158444066345692,0,0,0,0,0,0,0,0,0,0.271433691671958,0.129258027130907,0,0,0,0,0,0,0.374152362346649,0,0,0,0.301855013903343,0,0,0,0,0,0,0,0.282284915447235,0,0,0,0,0,0,0,0.135532338917255,0.260185727457139,0,0.290432376020095,0,0.216835305183947,0,0,0,0,0,0,0,0.351128250360489,0.374898850917816,0.31886947326741,0,0.173772175293351,0.192347675561905,0.287079386851367,0,0
0,0,0,0,0,0,0,0,0,0,0,0,0,0,0,0,0.1544372013637,0.342576056718826,0.218506708741188,0,0,0,0.223128066894786,0,0.192864086607407,0,0.168195009717475,0,0.192523371290278,0,0,0,0,0,0,0,0,0,0.217003728170971,0,0,0,0,0,0,0,0,0,0.295727431774139,0,0,0,0,0,0,0,0,0,0,0,0,0,0,0,0.135532338917255,0,0,0.230557491767754,0,0.18404595553875,0,0.220184653997421,0,0,0,0,0,0,0,0,0,0.24653417761981,0.17487659615775,0,0,0,0
0,0,0,0,0,0,0,0,0,0.262753784656525,0,0,0,0,0,0.251855680843194,0.260535125434399,0.178961830304527,0.290922870238622,0,0,0.207020875856732,0,0.21455642503446,0,0.208020004533952,0.268448680639267,0,0,0,0,0,0,0,0,0,0,0.246894842486616,0,0,0,0.244000613689423,0,0,0,0,0,0,0,0.249268093806447,0,0,0,0,0,0.302486016697722,0,0.307266265153885,0,0.304041348397732,0,0.24977329779755,0,0,0.260185727457139,0,0,0,0.299585503469657,0,0.303023491151534,0,0,0,0,0,0,0,0.302249044179916,0,0.294887709064004,0,0.20129853243508,0,0.246992744047378,0,0
0,0,0,0,0,0,0,0,0.323491722345352,0,0,0,0,0,0,0,0.170449038769336,0.192593902349472,0.202027589082718,0,0,0,0.205214002957711,0,0.198374584493205,0,0.180259233429318,0,0,0,0,0,0,0,0,0,0,0,0.277992764732752,0,0,0,0,0,0,0,0,0,0.268557162618781,0,0,0,0,0,0.269484504960574,0,0,0,0,0,0,0,0,0,0,0.230557491767754,0,0,0,0.220270328571863,0,0.388550984086814,0,0,0,0,0,0,0,0,0,0.318745088003838,0.171192030821528,0,0.283403302942003,0,0
0,0,0,0,0,0,0,0,0,0,0,0,0,0.140371799468994,0,0.246130233009656,0.287186567599957,0.157308433632382,0,0,0,0.184239892879637,0,0.208904734945723,0,0.172297559441275,0,0.172257941757512,0,0,0,0,0,0,0,0,0,0,0,0,0,0,0,0,0,0,0,0,0,0.207985560481365,0,0,0,0,0,0.24628921598196,0,0.334361235732618,0,0.32820894501426,0,0.241688378155231,0,0.339548110961914,0.290432376020095,0,0.299585503469657,0,0,0,0.295154972955095,0,0,0,0,0,0,0,0,0.354756981134415,0,0,0.162147276799813,0.162037073075771,0,0,0
0,0,0,0,0,0,0,0,0.144161184628805,0,0,0,0,0,0,0,0.159100364923008,0.324042056997617,0.217242658138275,0,0,0,0.159222801348993,0,0,0,0.159595136878206,0,0,0,0,0,0,0,0,0,0,0,0,0,0,0,0,0,0,0,0,0,0.240302743183242,0,0,0,0,0,0.225249540238153,0,0,0,0,0,0,0,0,0,0,0.18404595553875,0,0.220270328571863,0,0,0,0.33952274956521,0,0,0,0,0,0,0,0,0,0,0.159008123146163,0,0,0,0
0,0,0,0,0,0,0,0,0,0,0,0.176384770659485,0,0,0,0,0,0.168333947658539,0,0,0,0.192619433139896,0,0.260859994424714,0,0,0,0.178421420875563,0,0.132723725355062,0,0,0,0,0,0.266906209290028,0,0.249488943815231,0,0,0,0.347950117928641,0,0,0,0.279412668943405,0,0,0,0.238743004634192,0,0,0,0,0,0,0,0.371232946773609,0,0.39009269656137,0,0,0.304416081735066,0,0.216835305183947,0,0.303023491151534,0,0.295154972955095,0,0,0,0.239702793459098,0,0,0,0,0,0.278784686326981,0,0.246146915560095,0,0.181588518832411,0.193482434749603,0.362867686483595,0,0
0,0,0,0,0,0,0,0,0,0,0,0,0.16043156683445,0,0,0,0,0,0,0,0,0,0.250782142877579,0,0.296739260355632,0,0,0,0.183513334257595,0,0,0,0,0,0,0,0,0,0.255987829609549,0,0,0,0,0,0,0,0,0,0.243205884415092,0,0,0,0,0,0,0,0,0,0.15660574393613,0,0,0,0,0,0,0.220184653997421,0,0.388550984086814,0,0.33952274956521,0,0,0,0.213001411959264,0,0,0,0,0,0,0,0.260959981821494,0.151670646809396,0,0,0,0
0,0.380669186512629,0,0.313621858998043,0,0.28421825170517,0,0,0,0,0,0.213475642737999,0,0,0,0,0,0,0.365314504679512,0,0,0,0,0,0,0,0,0.167509576622045,0,0.205956846810178,0,0,0,0,0,0.297400674649647,0,0.175494032435947,0,0,0,0.333879060042438,0,0,0,0.283566545783065,0,0,0.324019551277161,0.283951441651767,0,0,0,0,0,0,0,0.332701534032822,0,0,0,0,0.345422706794273,0,0,0,0,0,0,0,0.239702793459098,0,0,0,0,0,0,0,0.283116519294287,0,0.241324645845831,0,0.273203299330373,0,0.397621313225379,0.393804752826691,0
0,0,0,0,0,0,0,0,0,0,0,0,0,0,0,0,0,0,0,0,0,0,0,0,0,0,0,0,0.207567438483238,0,0.20516952413779,0,0,0,0,0,0,0,0.17661389708519,0,0,0,0,0,0,0,0,0,0.288866296842478,0,0,0,0,0,0,0,0.275755177651133,0,0,0,0,0,0,0,0,0,0,0,0,0,0,0.213001411959264,0,0,0,0,0,0,0,0,0,0.283330805414767,0,0,0.274974480271339,0,0
0,0,0,0,0,0,0,0,0,0,0,0,0,0,0,0,0,0,0,0,0,0,0,0,0,0,0,0,0,0,0,0.178849392466296,0.177830653934871,0.337715702007214,0.14797274209559,0.226593643426895,0.131122042025839,0,0,0,0,0,0,0,0,0,0,0.270464901499829,0,0.290220384695092,0,0,0,0,0,0,0,0,0,0,0,0,0,0,0,0,0,0,0,0,0,0,0,0,0,0,0.288155393022396,0,0.223994589083082,0,0,0,0.165358480662931,0,0,0,0
0,0,0,0,0,0,0,0,0,0,0,0,0,0,0,0,0,0,0,0,0,0,0,0,0,0,0,0,0,0,0,0.173581374188264,0.206008244132131,0,0.291997265070677,0.282523304224014,0.329237467115497,0,0,0,0.38477099686861,0,0,0,0,0,0,0.365656587899777,0.456123575568199,0.470125734806061,0,0,0,0,0,0,0,0,0,0,0,0,0,0,0,0,0,0,0,0,0,0,0,0,0,0,0,0.363382212721739,0.301007390022278,0.278024466352516,0,0,0.16856408233826,0,0.481635063886642,0,0
