0,0,2.74725937843323,0,0,0,0,0,4.31398212074474,0,0,0,0,0,0,0,0,0,0,0,0,0,0,0,0,0,0,0,0,0,0,0,0,0,0,0,0,0,0,0,0,0,3.38495809691293,0,0,0,9.8198752176194,0,3.20806403920568,0,0,0,0,0,3.92229853357588,0,0,0,0,0,0,0,0,25.7969589233398,0,0,0,0,0,0,0,0,0,0,0,0,0,0,0,0,0,0,3.28346362012498,0,7.62067484269377,0,4.01961867014567
0,0,0,3.51434653335147,0,0,0,0,0,5.09235765019508,0,31.6113586425781,0,0,0,0,0,0,0,0,0,0,0,11.6164728005727,0,0,0,0,0,32.093448638916,0,0,0,0,0,0,0,13.4565084775289,0,0,0,21.8619932734638,0,6.76634979248047,0,13.6731214523315,0,0,0,7.47118084472522,0,0,0,0,0,4.60256173569932,0,26.1335451226485,0,0,0,0,28.1960344314575,0,0,0,12.0537547563252,0,0,0,0,0,29.3194200154897,0,0,0,0,0,36.7047280912046,0,21.7383461846246,0,5.25905723075072,0,8.83950287301019,12.8598251342773,0
2.74725937843323,0,0,0,4.02180924253949,0,0,0,5.23715288639069,0,26.0152406447973,0,0,0,0,0,0,0,27.1069571971893,0,23.8194446563721,0,0,0,0,0,0,0,0,0,0,0,0,0,0,0,0,0,29.9400310516357,0,30.5653981102837,37.7618980407715,27.5016137420154,0,0,0,7.3105102517666,40.616370900472,30.3558370772096,35.7713866869609,3.67112094622392,0,0,0,6.86789917945862,0,5.69725146828866,0,0,0,0,0,0,10.9041498526931,0,0,0,0,0,0,0,0,0,0,0,0,0,45.5803756713867,0,35.9503326790006,0,31.381199836731,28.0365217933505,28.3893684387207,8.83475649734535,0,29.1872262954712
0,3.51434653335147,0,0,0,0,0,0,0,0,0,0,0,0,0,0,0,0,0,0,0,0,0,0,0,0,0,0,0,0,0,0,0,0,0,0,0,0,0,38.6768221855164,0,25.7609871758355,0,0,0,8.01978311538696,0,0,0,15.7486456407083,0,0,0,0,0,0,0,3.70271174221823,0,0,0,0,38.7770233154297,0,0,0,0,0,0,0,0,0,27.4665692647298,0,0,0,0,0,38.4851570129395,0,33.9886786142985,0,17.3582485276599,0,7.31132657413553,0,0
0,0,4.02180924253949,0,0,0,0,0,0,0,0,0,0,0,0,0,0,0,0,0,0,0,0,0,0,0,0,0,0,0,0,0,0,0,0,0,0,0,0,0,0,0,37.268123626709,0,0,0,0,48.4605178833008,41.8513231277466,42.5483207702637,3.04529090225697,0,0,0,0,0,2.91230844629222,0,0,0,0,0,0,9.6848840713501,0,0,0,0,0,0,0,0,0,0,0,0,0,0,0,0,0,0,10.4789375066757,0,6.63273425486376,0,0
0,0,0,0,0,0,0,0,0,0,0,0,0,0,0,0,0,0,0,0,0,0,0,0,0,0,0,0,0,0,0,0,0,0,0,0,0,0,0,0,0,0,0,0,0,0,0,0,0,0,0,2.73811638355255,0,0,0,0,0,0,0,0,0,0,0,0,0,0,0,0,0,0,0,0,0,0,0,0,0,0,0,0,0,0,0,0,0,0,0
0,0,0,0,0,0,0,0,0,0,4.47533244245193,0,0,0,0,0,0,0,0,0,0,0,0,0,0,0,0,0,0,0,0,0,0,0,0,0,0,0,0,0,0,0,0,0,0,0,0,0,0,0,0,0,2.9583477973938,0,0,0,0,0,2.81448252995809,0,0,0,0,0,0,0,0,0,0,0,0,0,0,0,0,0,0,0,0,0,0,0,0,0,0,0,0
0,0,0,0,0,0,0,0,0,0,0,0,0,0,0,0,0,0,0,0,0,0,0,0,0,0,0,0,0,0,0,0,0,0,0,0,0,0,0,0,0,0,0,0,0,0,0,0,0,0,0,0,0,0,0,0,0,0,0,0,0,0,0,0,0,0,0,0,0,0,0,0,0,0,0,0,0,0,0,0,0,0,0,0,0,0,0
4.31398212074474,0,5.23715288639069,0,0,0,0,0,0,0,0,0,0,0,4.5712924344199,0,7.77985213590011,39.2380905151367,11.5522427558899,0,0,64.0282897949219,21.5475491168452,27.5399341583252,6.91813747286797,0,12.2083562795932,0,0,0,0,0,0,0,0,0,0,0,7.0335183728825,0,65.542839050293,0,4.20664819081624,0,0,0,18.8882160186768,45.5036678314209,40.450427868787,41.1884986029731,0,0,0,0,5.03191742712385,0,0,0,0,0,3.6547508800731,0,0,22.1720561981201,0,24.8558704853058,0,5.25767975017942,0,14.9393868923187,0,0,0,0,0,0,0,0,0,0,0,0,7.78173073050902,0,6.7956091475299,0,0
0,5.09235765019508,0,0,0,0,0,0,0,0,0,0,0,0,0,3.42666251548735,40.9733908441332,12.4200542037058,35.5995868047078,0,0,25.2935054979826,39.6778877258301,13.6469923356902,30.8713293075562,11.0067036789908,0,0,0,0,0,0,0,0,0,0,0,8.39803857803345,0,0,0,0,0,0,62.3409080505371,0,0,0,0,14.0183065414429,0,0,0,0,0,5.32823745003582,0,0,0,0,0,3.492253071553,0,0,29.1258118152618,0,11.3281646746176,31.0886497497559,20.1780558904012,0,0,0,0,0,0,0,0,0,0,93.7219581604004,7.01929228782654,0,12.7933598536132,26.4511094093323,4.28595174336043,0,0
0,0,26.0152406447973,0,0,0,4.47533244245193,0,0,0,0,0,0,0,0,0,58.3021670750209,0,40.6620856693813,0,3.91807660473957,0,0,0,0,0,0,0,0,0,0,0,0,0,0,0,4.12958205236148,0,4.53743112618211,0,48.1531589214618,0,19.5177253123817,0,20.5673405682599,0,11.0322791980893,53.6614354451497,46.5813272857666,50.5307087145354,0,0,0,0,0,0,3.52465682096415,0,0,0,0,0,0,8.89614420999085,0,0,0,0,0,0,0,0,0,11.9916393756866,0,0,0,0,76.773307800293,46.208896533863,0,28.6464799880981,11.9304951140291,0,17.2784095304768,0,17.5891474566162
0,31.6113586425781,0,0,0,0,0,0,0,0,0,0,0,3.11364780952191,0,0,0,0,45.0925598144531,3.62036253442827,0,0,0,0,0,0,0,2.95135942372409,0,10.8405756344749,0,0,0,0,0,4.15879242650924,0,4.23688717229929,0,0,0,33.3198337554932,0,0,0,0,0,0,0,28.8734092712402,0,0,0,0,0,0,0,6.24883510599132,0,2.96279811859131,0,0,11.7327939972623,0,0,0,0,0,0,0,0,0,9.84355282783508,0,0,0,0,0,4.49903938668406,0,4.38011218855778,0,6.00380050563396,2.88673949241638,27.5556602478027,19.7142845789591,0
0,0,0,0,0,0,0,0,0,0,0,0,0,0,3.27523543776535,0,0,0,0,0,0,0,0,0,0,0,0,0,0,0,0,0,0,0,0,0,0,0,0,0,0,0,0,0,0,0,0,0,0,0,0,0,0,0,0,0,0,0,3.17443709864336,0,0,0,0,0,0,0,0,0,0,0,0,0,0,0,0,0,0,0,0,0,0,0,3.02390044076102,0,0,0,0
0,0,0,0,0,0,0,0,0,0,0,3.11364780952191,0,0,0,2.74613809585571,0,0,0,0,0,0,0,0,0,0,0,0,0,0,0,0,0,0,0,0,0,0,0,0,0,0,0,0,0,0,0,0,0,0,0,0,0,0,0,0,0,2.9561915397644,0,2.99007315635681,0,0,0,0,0,0,0,0,5.49755477905273,0,0,0,0,0,0,0,0,0,0,0,0,0,3.00705732797322,3.03084943408058,0,0,0
0,0,0,0,0,0,0,0,4.5712924344199,0,0,0,3.27523543776535,0,0,0,5.02812190750577,59.2621040344238,16.5684566497803,0,0,0,21.565100291196,41.1101150512695,16.328950919603,0,7.38239707785138,0,0,0,0,0,0,0,0,0,0,0,0,0,0,0,38.5217933654785,0,0,0,0,0,0,0,0,0,0,0,0,0,0,0,0,0,3.00180112520854,0,0,0,0,21.1595312754313,0,14.2806664246779,0,8.82621497538552,0,0,0,0,0,0,0,0,0,0,0,0,14.2747557564537,0,0,39.0241165161133,0
0,0,0,0,0,0,0,0,0,3.42666251548735,0,0,0,2.74613809585571,0,0,0,6.13051855077549,0,0,0,22.1519587635994,0,8.18171994686127,0,4.51621584138092,0,0,0,0,0,0,0,0,0,0,0,0,0,0,0,0,0,0,0,0,0,0,0,0,0,0,0,0,0,3.63420712682936,0,0,0,3.59031409025192,0,3.13976340691249,0,0,16.5561447143555,0,11.1709032058716,0,4.83277207515279,0,0,0,0,0,0,0,0,0,0,0,0,0,7.93938594095169,0,0,0,0
0,0,0,0,0,0,0,0,7.77985213590011,40.9733908441332,58.3021670750209,0,0,0,5.02812190750577,0,0,18.8517909694733,21.2980754808682,0,54.0745515823364,33.6950273831685,15.5302632384291,33.9169763133513,17.9488231453363,39.8119621276855,8.51666485714378,0,0,0,0,0,0,0,0,80.1025390625,97.6381683349609,0,0,66.4466590881348,58.2099181924547,47.2759122745965,36.1615853774418,42.5190315246582,41.1008857727051,0,54.3829803466797,0,50.5215543111165,0,0,0,0,0,11.2318945858214,0,39.5109100341797,0,0,0,4.97992278721707,0,75.224829143948,62.7960205078125,30.8601688905196,20.5379635606493,43.3189002990723,18.2804336058788,33.6776390075684,10.2148872652258,0,0,0,0,0,0,0,0,69.6105772380171,60.4920344415299,67.3639139028696,57.9533117193925,16.7055911503755,14.3830612835726,50.2386746199235,44.0040650367737,41.4041340086195
0,0,0,0,0,0,0,0,39.2380905151367,12.4200542037058,0,0,0,0,59.2621040344238,6.13051855077549,18.8517909694733,0,21.9243748225607,0,0,16.7942256050691,35.1323262663449,20.0167015426478,34.2197622092994,8.68198338109831,40.5931558107075,3.14763402938843,0,0,0,0,0,0,0,0,0,62.5018768310547,0,66.1547762552897,76.9990535736084,41.5333032343123,55.045236023379,45.1831404368083,41.4170745213827,0,0,0,62.9966773986816,0,0,0,0,0,0,0,0,0,0,0,0,4.21232803662618,73.756315612793,0,18.2159936980768,33.4065442907399,15.4408984727497,45.8739616394043,9.5046563746178,30.1142471313477,0,0,63.1686248779297,0,0,0,0,0,69.3488108930917,78.7532428394664,67.9654762514176,69.178820292155,17.1606309343256,18.9630632743691,55.9977823540016,42.8170907020569,69.0887931823731
0,0,27.1069571971893,0,0,0,0,0,11.5522427558899,35.5995868047078,40.6620856693813,45.0925598144531,0,0,16.5684566497803,0,21.2980754808682,21.9243748225607,0,0,44.3794053021599,39.2476297787258,30.5513351169633,32.5414046049118,26.2006079937731,48.3144779205322,24.9185512224833,0,0,60.3749732971191,0,0,0,0,0,46.4588440789117,72.0403022766113,50.9309368133545,39.6177161534627,47.7640494178323,46.3061699573977,24.9927770232562,25.8232102880105,20.094990346946,15.5918188365852,0,0,33.6881446838379,42.4823596954346,44.6742348670959,0,0,0,0,0,0,40.8286374409994,36.2535127003988,0,0,0,0,51.7767924534456,48.0348422241211,38.8227755228678,31.0269435776605,33.9584398269653,27.4956499099731,51.7949523925781,20.4345481055123,0,0,48.299100112915,45.5542316436768,0,0,0,0,50.0302699318811,49.7244875453572,43.940186901369,47.9520402140432,17.8628267636705,29.9932557514736,24.7339526040543,26.0023647170318,28.6159482473855
0,0,0,0,0,0,0,0,0,0,0,3.62036253442827,0,0,0,0,0,0,0,0,0,0,0,0,0,0,0,0,0,4.27324668566386,0,0,0,0,0,8.35718037693213,0,4.7410275449035,0,0,0,18.3687791824341,0,0,0,14.7050439289638,0,0,0,52.3377151489258,0,0,0,0,0,0,0,6.09967627630404,0,0,0,0,4.98085351832001,0,0,0,0,0,0,0,0,0,9.14120337853372,0,0,0,0,0,10.7352877391882,0,12.8584537964936,0,5.98167633542828,0,25.3078788121541,0,0
0,0,23.8194446563721,0,0,0,0,0,0,0,3.91807660473957,0,0,0,0,0,54.0745515823364,0,44.3794053021599,0,0,0,100.88240814209,0,0,0,0,0,0,0,0,0,0,0,0,0,3.01980315245051,0,3.67100381392699,0,39.9107631336559,71.1175842285156,16.754158564694,0,20.3666475130164,0,9.24314214329661,50.5427525838216,38.3573231861509,47.4888198158958,0,0,0,0,0,0,4.29279617382132,0,0,0,0,0,0,6.26157280513355,0,0,0,0,0,0,0,0,0,12.6521615982056,0,0,0,0,0,8.67419361470261,0,3.64687277873357,10.8304891278562,37.6784400939941,13.5249183626292,0,16.4767127908552
0,0,0,0,0,0,0,0,64.0282897949219,25.2935054979826,0,0,0,0,0,22.1519587635994,33.6950273831685,16.7942256050691,39.2476297787258,0,0,0,5.79687258559214,9.09633867161945,33.6570710606045,8.80993944555907,44.5015665690104,4.21357969034498,0,0,0,0,0,0,0,0,0,4.34620939305927,0,0,0,59.0195236206055,67.4525203704834,0,0,0,0,0,0,4.57251009074124,0,0,0,0,0,0,0,0,0,0,0,25.2330652872721,84.2643508911133,0,4.2271934260864,11.0777224699656,6.92666245609967,24.2484722137451,7.39497563559061,0,4.60372007369995,0,0,0,0,0,0,0,0,100.178827921549,4.70948264740977,0,12.954634583116,4.4797913868797,0,0,0
0,0,0,0,0,0,0,0,21.5475491168452,39.6778877258301,0,0,0,0,21.565100291196,0,15.5302632384291,35.1323262663449,30.5513351169633,0,100.88240814209,5.79687258559214,0,31.9537643349689,10.0117183079991,29.175674756368,9.40531164441029,0,4.44171736921583,0,0,0,0,0,0,0,0,3.2407681124551,4.10423242817186,0,83.2857036590576,59.3757158915202,68.1217613220215,0,47.9144477844238,0,0,0,4.10658617826839,0,0,0,0,0,0,0,0,0,0,0,21.2320582866669,0,85.1329116821289,0,10.1213399410248,4.70658129713329,0,9.23755643869701,0,8.84584751679602,0,3.55666983127594,0,0,0,0,0,0,81.3540448789243,84.9838684082031,49.1855874061584,4.06057919150796,16.1814891525337,7.08321852426271,59.8908987045288,53.4884223937988,0
0,11.6164728005727,0,0,0,0,0,0,27.5399341583252,13.6469923356902,0,0,0,0,41.1101150512695,8.18171994686127,33.9169763133513,20.0167015426478,32.5414046049118,0,0,9.09633867161945,31.9537643349689,0,19.3559412776299,11.8800157467524,35.3347511291504,0,0,0,0,0,0,0,0,0,0,3.91226294690912,0,0,0,0,63.1973285675049,0,0,0,0,0,0,7.8187575340271,0,0,0,0,0,4.25721637522453,0,0,0,0,0,0,0,0,5.92165120044439,45.1843295097351,4.1608248340602,29.0646033287048,12.0326533275738,38.0596542358398,0,0,0,0,0,0,21.520975112915,0,77.7578277587891,94.3969650268555,10.0307385025168,0,12.2729606309657,14.0277189307743,5.32978955182162,0,0
0,0,0,0,0,0,0,0,6.91813747286797,30.8713293075562,0,0,0,0,16.328950919603,0,17.9488231453363,34.2197622092994,26.2006079937731,0,0,33.6570710606045,10.0117183079991,19.3559412776299,0,33.0996150970459,6.84496643901002,0,0,0,0,0,0,0,0,0,0,0,5.33868718619394,72.3319244384766,0,0,0,0,0,0,0,0,0,0,0,0,0,0,5.5537141919136,0,0,0,0,0,15.1846048706456,0,0,0,38.4208221435547,7.09683643454438,24.4347515106201,4.20759720222773,52.4759216308594,7.70227403640747,0,0,0,0,0,0,0,0,78.3050354003906,74.7599830627441,0,0,12.0752112777866,7.48976812579415,0,0,0
0,0,0,0,0,0,0,0,0,11.0067036789908,0,0,0,0,0,4.51621584138092,39.8119621276855,8.68198338109831,48.3144779205322,0,0,8.80993944555907,29.175674756368,11.8800157467524,33.0996150970459,0,0,3.01826858520508,0,0,0,0,0,0,0,0,0,0,0,0,0,0,0,0,0,0,0,0,0,0,0,0,0,0,0,12.1809682846069,0,0,0,0,0,5.45262143922889,0,0,7.64547668533495,30.3270606994629,10.0961691765558,0,4.81704181545186,0,0,0,0,0,0,0,0,0,0,0,0,0,12.8779906388287,23.9279582977295,0,0,0
0,0,0,0,0,0,0,0,12.2083562795932,0,0,0,0,0,7.38239707785138,0,8.51666485714378,40.5931558107075,24.9185512224833,0,0,44.5015665690104,9.40531164441029,35.3347511291504,6.84496643901002,0,0,0,4.29031006268093,0,0,0,0,0,0,0,0,0,0,0,0,0,39.0031814575195,0,0,0,0,0,0,0,0,0,0,0,0,0,0,0,0,0,7.60480142464428,0,79.510383605957,0,0,8.85641775621432,0,4.5656050323841,0,4.21163391561059,0,0,0,0,0,0,0,0,76.477481842041,0,0,0,14.6278886332335,22.8906566074916,58.543628692627,0,0
0,0,0,0,0,0,0,0,0,0,0,2.95135942372409,0,0,0,0,0,3.14763402938843,0,0,0,4.21357969034498,0,0,0,3.01826858520508,0,0,0,2.85689089411781,0,0,0,0,0,0,0,0,0,0,0,0,0,0,0,0,0,0,0,0,0,0,0,0,0,0,0,0,0,0,0,0,0,0,4.26205363621314,0,0,0,3.0149046421051,0,2.95059609972815,0,0,0,0,0,0,0,0,0,0,0,3.11844003200531,2.9638729095459,0,0,0
0,0,0,0,0,0,0,0,0,0,0,0,0,0,0,0,0,0,0,0,0,0,4.44171736921583,0,0,0,4.29031006268093,0,0,0,0,0,0,0,0,0,0,0,0,0,0,0,0,0,0,0,0,0,0,0,0,0,0,0,0,0,0,0,0,0,0,0,0,0,0,3.27936406135559,0,0,0,2.85494446754456,0,3.14533668756485,0,0,0,0,0,0,0,0,0,0,2.96284792158339,0,0,0,0
0,32.093448638916,0,0,0,0,0,0,0,0,0,10.8405756344749,0,0,0,0,0,0,60.3749732971191,4.27324668566386,0,0,0,0,0,0,0,2.85689089411781,0,0,0,0,0,0,0,0,0,4.32386494818188,0,0,0,20.438040415446,0,0,0,0,0,0,0,29.2244558334351,0,0,0,0,0,0,0,10.9263646919993,0,0,0,0,15.6274122569872,0,0,0,0,0,0,0,2.74240946769714,0,6.02820949382831,0,0,0,0,0,0,0,0,0,6.93535339541552,19.0267314910889,0,22.517032623291,0
0,0,0,0,0,0,0,0,0,0,0,0,0,0,0,0,0,0,0,0,0,0,0,0,0,0,0,0,0,0,0,0,0,0,0,0,0,0,3.2519553899765,0,46.7839374542236,0,20.5591849158792,0,22.2428073883057,0,0,0,0,0,0,0,0,0,0,0,0,0,0,0,0,0,0,0,0,0,0,0,0,0,0,0,0,3.04240117073059,0,0,0,0,0,0,0,7.21660908170649,54.7554550170898,0,6.24878535270691,0,16.3367783069611
0,0,0,0,0,0,0,0,0,0,0,0,0,0,0,0,0,0,0,0,0,0,0,0,0,0,0,0,0,0,0,0,4.71487034315934,3.77758148110029,4.07000953356425,3.40439089399869,14.2661586284637,0,0,3.68319392204285,0,0,0,0,0,0,0,4.20794256074088,0,7.27472108602524,0,0,0,0,0,0,0,0,0,0,0,0,0,0,0,0,0,0,0,0,0,0,0,0,5.37477462786134,5.11149998895483,7.64757001017504,6.0357567215788,6.24054894343534,0,15.0110912322998,0,3.61998247826236,0,0,0,0
0,0,0,0,0,0,0,0,0,0,0,0,0,0,0,0,0,0,0,0,0,0,0,0,0,0,0,0,0,0,0,4.71487034315934,0,6.79923973764692,5.05653014415648,3.06099486351013,5.60583343017508,0,0,0,19.3332672119141,0,0,0,0,0,0,4.8191793299334,19.4126350590002,0,0,0,0,0,0,0,0,0,0,0,0,0,0,0,0,0,0,0,0,0,0,0,0,0,6.66517379287088,5.86813153964895,9.63034866877965,7.59042103037387,14.6493276302631,9.96239662461165,0,25.9652353922526,4.6278789696122,0,31.4962515830994,0,0
0,0,0,0,0,0,0,0,0,0,0,0,0,0,0,0,0,0,0,0,0,0,0,0,0,0,0,0,0,0,0,3.77758148110029,6.79923973764692,0,5.20306353374969,3.29634081562863,12.091964948745,5.41976623535156,14.4774147033691,0,0,18.6755735079447,0,0,0,0,0,6.86855297703009,16.8648932774862,9.88056306261569,0,0,0,0,0,0,0,0,0,0,0,0,0,0,0,0,0,0,0,0,0,0,0,0,4.58768556722954,4.0414318524155,5.45536445596327,6.21135808808978,5.545538560187,13.3431797461076,8.13621699011255,14.1541889293774,3.65654534701533,0,16.8090394524967,0,0
0,0,0,0,0,0,0,0,0,0,0,0,0,0,0,0,0,0,0,0,0,0,0,0,0,0,0,0,0,0,0,4.07000953356425,5.05653014415648,5.20306353374969,0,0,4.3662221090554,12.0511713027954,6.00665240163927,0,0,0,15.7692265510559,0,0,0,0,5.99484336570619,12.7706275063968,0,0,0,0,0,0,0,0,0,0,0,0,0,0,0,0,0,0,0,0,0,0,0,0,0,11.5630431175232,3.97147394389641,6.69274118331474,5.4070940540336,12.7371763189634,4.74069690564374,15.8309757709503,7.33962387792409,3.90316454593187,3.39927812417348,27.1722037430966,0,0
0,0,0,0,0,0,0,0,0,0,0,4.15879242650924,0,0,0,0,80.1025390625,0,46.4588440789117,8.35718037693213,0,0,0,0,0,0,0,0,0,0,0,3.40439089399869,3.06099486351013,3.29634081562863,0,0,5.35557507936444,4.28606816515002,0,10.74060977589,0,35.9586183929443,0,33.5449536641439,0,14.5707569624248,0,3.26178635869707,0,60.0505608951344,0,0,0,0,0,0,0,26.1934523991176,0,0,0,0,15.1940592114742,0,0,0,0,0,0,0,0,0,41.7325172424316,0,18.4509768119225,0,3.59038464950793,0,6.42439960782505,19.8930658102036,4.47202810219356,0,5.38177472764472,6.13769289395777,20.0431389614388,33.7133325576782,0
0,0,0,0,0,0,0,0,0,0,4.12958205236148,0,0,0,0,0,97.6381683349609,0,72.0403022766113,0,3.01980315245051,0,0,0,0,0,0,0,0,0,0,14.2661586284637,5.60583343017508,12.091964948745,4.3662221090554,5.35557507936444,0,0,4.96019051731199,6.7514820098877,67.6901168823242,82.8726806640625,45.7552511427138,0,41.790991973877,0,22.6707856357098,5.50033281551852,59.9115943908691,5.10273808304982,0,0,0,0,0,0,0,0,0,0,0,0,0,7.42858969002235,0,0,0,0,0,0,0,0,0,0,14.3733628590902,5.95271104133547,15.2341492970785,6.6631340172983,5.65911689698696,6.70398841220928,0,4.5156146919871,6.39343457991958,7.30319690622626,8.28643417058501,0,52.2119636535645
0,13.4565084775289,0,0,0,0,0,0,0,8.39803857803345,0,4.23688717229929,0,0,0,0,0,62.5018768310547,50.9309368133545,4.7410275449035,0,4.34620939305927,3.2407681124551,3.91226294690912,0,0,0,0,0,4.32386494818188,0,0,0,5.41976623535156,12.0511713027954,4.28606816515002,0,0,3.08478961545368,50.9922828674316,0,9.63654035329819,0,0,0,0,0,7.63138564427694,0,6.76024362454399,0,0,0,0,0,7.07977833066668,0,27.6858930587769,0,0,0,0,14.4930907381259,0,5.86800568777582,0,5.68775815963745,0,0,0,2.82398819923401,0,0,0,0,0,7.22667599680874,0,5.17649117274264,0,5.03988589508839,4.08843485305184,4.36771811108692,4.84928179442228,7.5140307217301,20.1720994313558,0
0,0,29.9400310516357,0,0,0,0,0,7.0335183728825,0,4.53743112618211,0,0,0,0,0,0,0,39.6177161534627,0,3.67100381392699,0,4.10423242817186,0,5.33868718619394,0,0,0,0,0,3.2519553899765,0,0,14.4774147033691,6.00665240163927,0,4.96019051731199,3.08478961545368,0,0,39.2228336334229,0,9.27867808119621,0,22.2739974975586,0,12.4771971148114,5.59020544105852,6.66885634850372,0,0,0,0,0,0,0,3.87988705788889,0,0,0,0,0,0,10.2294527267923,0,4.51881530920664,0,4.00650992176749,0,0,0,0,0,2.85752763066973,0,0,0,6.86773456591312,0,9.36442623525052,2.95150073369344,5.65575543138802,4.02455279938933,5.68893232451024,8.33662080764771,0,18.2858957534141
0,0,0,38.6768221855164,0,0,0,0,0,0,0,0,0,0,0,0,66.4466590881348,66.1547762552897,47.7640494178323,0,0,0,0,0,72.3319244384766,0,0,0,0,0,0,3.68319392204285,0,0,0,10.74060977589,6.7514820098877,50.9922828674316,0,0,82.4307556152344,20.6597380629248,57.5244448735164,0,0,11.1903648694356,0,2.94389233986537,0,4.43145523628796,0,0,0,0,0,0,0,40.2352998153023,0,0,0,0,28.1118861516317,0,0,0,0,0,0,0,0,0,52.4664717281566,0,0,0,0,0,8.0674653508836,81.5155639648438,15.341079048572,0,32.6181793240295,0,10.7706421485498,30.0860429491316,0
0,0,30.5653981102837,0,0,0,0,0,65.542839050293,0,48.1531589214618,0,0,0,0,0,58.2099181924547,76.9990535736084,46.3061699573977,0,39.9107631336559,0,83.2857036590576,0,0,0,0,0,0,0,46.7839374542236,0,19.3332672119141,0,0,0,67.6901168823242,0,39.2228336334229,82.4307556152344,0,57.8033285632576,19.9418760272914,74.6283353169759,27.3513609079214,0,17.5915553407236,20.6603690101987,14.5281852260593,50.0262641906738,0,0,0,0,0,0,22.8456115722656,79.4643859863281,0,0,0,0,85.0518218994141,15.5370521315463,0,109.943260192871,0,0,0,0,0,0,0,8.43022650938768,0,0,0,0,83.7610480209877,19.8475571025058,82.41849379106,7.08927094412712,41.876973301792,0,16.7257455372273,55.3685887654622,16.4586760740794
0,21.8619932734638,37.7618980407715,25.7609871758355,0,0,0,0,0,0,0,33.3198337554932,0,0,0,0,47.2759122745965,41.5333032343123,24.9927770232562,18.3687791824341,71.1175842285156,59.0195236206055,59.3757158915202,0,0,0,0,0,0,20.438040415446,0,0,0,18.6755735079447,0,35.9586183929443,82.8726806640625,9.63654035329819,0,20.6597380629248,57.8033285632576,0,17.35556642299,12.0366946769797,43.6234092712402,20.8786168507167,0,8.58874463375052,13.5478968024254,11.6113328596441,0,0,0,0,0,0,0,15.5294989981022,0,0,0,0,22.1024605646258,68.6499220530192,0,86.5908432006836,0,0,0,0,0,0,15.1653556640159,57.4086074829102,0,0,19.200545164255,0,26.6886079210094,59.8826634442365,21.1578094860394,55.4897855122884,16.1899744863804,0,10.2106405932772,9.87739117166495,37.5345815022786
3.38495809691293,0,27.5016137420154,0,37.268123626709,0,0,0,4.20664819081624,0,19.5177253123817,0,0,0,38.5217933654785,0,36.1615853774418,55.045236023379,25.8232102880105,0,16.754158564694,67.4525203704834,68.1217613220215,63.1973285675049,0,0,39.0031814575195,0,0,0,20.5591849158792,0,0,0,15.7692265510559,0,45.7552511427138,0,9.27867808119621,57.5244448735164,19.9418760272914,17.35556642299,0,31.0825245539347,15.0820947434138,0,19.5844391604376,9.56999276824619,9.11719146162149,34.2954330046972,0,0,0,0,5.02271057310559,0,12.4461518757756,59.1453552246094,0,0,0,0,61.7585082420936,15.5213377712557,0,0,34.1535682678223,0,0,0,0,0,61.9903144836426,14.678130281823,0,0,77.1644592285156,16.282554852454,62.1057376585145,23.2177917808246,59.7277902545351,19.6565784880577,17.7006228176825,41.1385337284633,12.225657884265,37.0155997452912,7.10060961410726
0,6.76634979248047,0,0,0,0,0,0,0,0,0,0,0,0,0,0,42.5190315246582,45.1831404368083,20.094990346946,0,0,0,0,0,0,0,0,0,0,0,0,0,0,0,0,33.5449536641439,0,0,0,0,74.6283353169759,12.0366946769797,31.0825245539347,0,27.786750793457,0,0,0,18.0319557189941,21.5368061065674,0,0,0,0,0,0,0,0,0,0,0,0,0,57.5632057189941,0,0,0,0,0,0,0,0,22.1705853598458,0,0,0,0,0,31.3140687294377,60.5200386047363,24.8578726180056,0,15.2467761137714,0,5.86495068977619,7.99232157071431,0
0,0,0,0,0,0,0,0,0,62.3409080505371,20.5673405682599,0,0,0,0,0,41.1008857727051,41.4170745213827,15.5918188365852,0,20.3666475130164,0,47.9144477844238,0,0,0,0,0,0,0,22.2428073883057,0,0,0,0,0,41.790991973877,0,22.2739974975586,0,27.3513609079214,43.6234092712402,15.0820947434138,27.786750793457,0,0,0,0,21.2407786051432,17.8916053771973,0,0,0,0,0,0,20.0156927108765,0,0,0,0,0,59.4203014373779,23.5485420227051,0,0,0,0,0,0,0,0,0,0,0,0,0,0,59.6777489980062,30.6926390018229,53.4741725921631,25.9603745778402,30.2193289217742,62.3411445617676,20.9922101144437,35.9457893371582,33.7630481719971
0,13.6731214523315,0,8.01978311538696,0,0,0,0,0,0,0,0,0,0,0,0,0,0,0,14.7050439289638,0,0,0,0,0,0,0,0,0,0,0,0,0,0,0,14.5707569624248,0,0,0,11.1903648694356,0,20.8786168507167,0,0,0,0,0,0,0,25.4457504361175,0,0,0,0,0,0,0,16.7842469399336,0,0,0,0,8.23093466806208,0,0,0,0,0,0,0,0,0,28.3226346278536,0,0,0,0,0,25.2253964742025,0,29.3484121322632,0,14.505305759112,0,9.56026924357695,0,0
9.8198752176194,0,7.3105102517666,0,0,0,0,0,18.8882160186768,0,11.0322791980893,0,0,0,0,0,54.3829803466797,0,0,0,9.24314214329661,0,0,0,0,0,0,0,0,0,0,0,0,0,0,0,22.6707856357098,0,12.4771971148114,0,17.5915553407236,0,19.5844391604376,0,0,0,0,34.3818579673767,32.0305959011646,33.2063929092052,0,0,0,0,0,0,10.7529100332045,0,0,0,0,0,0,10.5320421563728,0,0,0,0,0,0,0,0,0,27.167121887207,0,0,0,0,0,13.0794681484927,0,14.8701722518257,23.7511454307185,35.044241587321,12.8760091314552,0,18.9717641977163
0,0,40.616370900472,0,48.4605178833008,0,0,0,45.5036678314209,0,53.6614354451497,0,0,0,0,0,0,0,33.6881446838379,0,50.5427525838216,0,0,0,0,0,0,0,0,0,0,4.20794256074088,4.8191793299334,6.86855297703009,5.99484336570619,3.26178635869707,5.50033281551852,7.63138564427694,5.59020544105852,2.94389233986537,20.6603690101987,8.58874463375052,9.56999276824619,0,0,0,34.3818579673767,0,10.971639007929,10.1007828178939,0,0,0,0,0,0,0,47.4074198404948,0,0,0,0,37.4661674499512,45.660993031093,0,0,0,0,0,0,0,0,34.7565717697144,0,12.2831698932395,5.48858960151357,10.0798571416264,9.66451683772546,7.17168119403337,8.22227270995202,9.16414050176634,7.74680787390405,8.55705789069295,3.40417436453012,12.0342144073959,0,0
3.20806403920568,0,30.3558370772096,0,41.8513231277466,0,0,0,40.450427868787,0,46.5813272857666,0,0,0,0,0,50.5215543111165,62.9966773986816,42.4823596954346,0,38.3573231861509,0,4.10658617826839,0,0,0,0,0,0,0,0,0,19.4126350590002,16.8648932774862,12.7706275063968,0,59.9115943908691,0,6.66885634850372,0,14.5281852260593,13.5478968024254,9.11719146162149,18.0319557189941,21.2407786051432,0,32.0305959011646,10.971639007929,0,5.23166780612048,0,0,0,0,0,0,17.3659525079242,0,0,0,0,0,0,33.6322164619178,0,2.87286615371704,0,2.9426212310791,0,0,0,0,0,8.37454225800254,0,0,0,6.15476110611839,0,15.6353609374732,0,5.91896953340775,11.101180192822,29.2602500915527,8.53120086612701,0,27.4002838134766
0,7.47118084472522,35.7713866869609,15.7486456407083,42.5483207702637,0,0,0,41.1884986029731,14.0183065414429,50.5307087145354,28.8734092712402,0,0,0,0,0,0,44.6742348670959,52.3377151489258,47.4888198158958,4.57251009074124,0,7.8187575340271,0,0,0,0,0,29.2244558334351,0,7.27472108602524,0,9.88056306261569,0,60.0505608951344,5.10273808304982,6.76024362454399,0,4.43145523628796,50.0262641906738,11.6113328596441,34.2954330046972,21.5368061065674,17.8916053771973,25.4457504361175,33.2063929092052,10.1007828178939,5.23166780612048,0,0,0,0,0,0,6.54633378982544,52.9967670440674,25.5143829545379,0,0,0,3.24689953902672,33.2490152572763,41.3979135499383,2.95303106307983,0,2.9482892036438,0,0,0,2.74192094802856,0,17.1480737506366,0,11.5158548122499,0,8.6078100890036,22.3652315139771,13.9626875288632,59.4163099218298,7.0427305005218,53.0170249938965,20.6026843048551,28.8433475494385,10.7779449982681,26.3994426727295,53.684196472168
0,0,3.67112094622392,0,3.04529090225697,0,0,0,0,0,0,0,0,0,0,0,0,0,0,0,0,0,0,0,0,0,0,0,0,0,0,0,0,0,0,0,0,0,0,0,0,0,0,0,0,0,0,0,0,0,0,0,0,0,0,0,2.73947580655416,0,0,0,0,0,0,0,0,0,0,0,0,0,0,0,0,0,0,0,0,0,0,0,0,0,3.23738194019236,0,4.36092328429222,0,0
0,0,0,0,0,2.73811638355255,0,0,0,0,0,0,0,0,0,0,0,0,0,0,0,0,0,0,0,0,0,0,0,0,0,0,0,0,0,0,0,0,0,0,0,0,0,0,0,0,0,0,0,0,0,0,0,0,0,0,0,0,0,0,0,0,0,0,0,0,0,0,0,0,0,0,0,0,0,0,0,0,0,0,0,0,0,0,0,0,0
0,0,0,0,0,0,2.9583477973938,0,0,0,0,0,0,0,0,0,0,0,0,0,0,0,0,0,0,0,0,0,0,0,0,0,0,0,0,0,0,0,0,0,0,0,0,0,0,0,0,0,0,0,0,0,0,0,0,0,0,0,2.89315774861504,0,0,0,0,0,0,0,0,0,0,0,0,0,0,0,0,0,0,0,0,0,0,0,0,0,0,0,0
0,0,0,0,0,0,0,0,0,0,0,0,0,0,0,0,0,0,0,0,0,0,0,0,0,0,0,0,0,0,0,0,0,0,0,0,0,0,0,0,0,0,0,0,0,0,0,0,0,0,0,0,0,0,0,0,0,0,0,0,0,0,0,0,0,0,0,0,0,0,0,0,0,0,0,0,0,0,0,0,0,0,0,0,0,0,0
3.92229853357588,0,6.86789917945862,0,0,0,0,0,5.03191742712385,0,0,0,0,0,0,0,11.2318945858214,0,0,0,0,0,0,0,5.5537141919136,0,0,0,0,0,0,0,0,0,0,0,0,0,0,0,0,0,5.02271057310559,0,0,0,0,0,0,0,0,0,0,0,0,0,0,0,0,0,0,0,0,0,0,0,0,4.60220184326172,0,0,0,0,0,0,0,0,0,0,0,0,0,0,5.43407406618721,0,6.5616962313652,0,0
0,4.60256173569932,0,0,0,0,0,0,0,5.32823745003582,0,0,0,0,0,3.63420712682936,0,0,0,0,0,0,0,4.25721637522453,0,12.1809682846069,0,0,0,0,0,0,0,0,0,0,0,7.07977833066668,0,0,0,0,0,0,0,0,0,0,0,6.54633378982544,0,0,0,0,0,0,0,0,0,0,0,3.46458120644093,0,0,0,0,6.87236474241529,0,0,0,0,0,0,0,0,0,0,0,0,0,7.88377298806843,0,6.12957801818848,0,4.69900710242135,0,0
0,0,5.69725146828866,0,2.91230844629222,0,0,0,0,0,3.52465682096415,0,0,0,0,0,39.5109100341797,0,40.8286374409994,0,4.29279617382132,0,0,0,0,0,0,0,0,0,0,0,0,0,0,0,0,0,3.87988705788889,0,22.8456115722656,0,12.4461518757756,0,20.0156927108765,0,10.7529100332045,0,17.3659525079242,52.9967670440674,2.73947580655416,0,0,0,0,0,0,0,0,0,0,0,0,7.62241035200364,0,0,0,0,0,0,0,0,0,4.15724466998002,0,0,0,0,76.7037773132324,47.0042629241943,0,0,34.7835901204277,37.0485420227051,5.9636020008742,0,15.9115211086712
0,26.1335451226485,0,3.70271174221823,0,0,0,0,0,0,0,6.24883510599132,0,2.9561915397644,0,0,0,0,36.2535127003988,6.09967627630404,0,0,0,0,0,0,0,0,0,10.9263646919993,0,0,0,0,0,26.1934523991176,0,27.6858930587769,0,40.2352998153023,79.4643859863281,15.5294989981022,59.1453552246094,0,0,16.7842469399336,0,47.4074198404948,0,25.5143829545379,0,0,0,0,0,0,0,0,0,4.43302476746695,0,3.57500632107258,9.5782331972344,0,0,0,0,0,0,0,4.7231715520223,0,11.6603324141473,0,0,0,0,0,45.8480631510417,0,19.1618828905953,0,16.692862054049,3.11250799894333,19.5981001340601,16.5114723455126,0
0,0,0,0,0,0,2.81448252995809,0,0,0,0,0,3.17443709864336,0,0,0,0,0,0,0,0,0,0,0,0,0,0,0,0,0,0,0,0,0,0,0,0,0,0,0,0,0,0,0,0,0,0,0,0,0,0,0,2.89315774861504,0,0,0,0,0,0,0,2.88969802856445,0,0,0,0,0,0,0,0,0,0,0,0,0,0,0,0,0,0,0,0,0,4.56111952236721,0,0,0,0
0,0,0,0,0,0,0,0,0,0,0,2.96279811859131,0,2.99007315635681,0,3.59031409025192,0,0,0,0,0,0,0,0,0,0,0,0,0,0,0,0,0,0,0,0,0,0,0,0,0,0,0,0,0,0,0,0,0,0,0,0,0,0,0,0,0,4.43302476746695,0,0,0,0,0,0,0,0,0,0,0,0,3.16130076004909,0,0,0,0,0,0,0,0,0,0,0,0,0,0,0,0
0,0,0,0,0,0,0,0,3.6547508800731,0,0,0,0,0,3.00180112520854,0,4.97992278721707,0,0,0,0,0,21.2320582866669,0,15.1846048706456,0,7.60480142464428,0,0,0,0,0,0,0,0,0,0,0,0,0,0,0,0,0,0,0,0,0,0,0,0,0,0,0,0,0,0,0,2.88969802856445,0,0,0,0,0,0,24.1537001132965,0,16.8527380824089,0,6.53691286336485,0,0,0,0,0,0,0,0,0,0,0,0,18.6212668418884,0,0,0,0
0,0,0,0,0,0,0,0,0,3.492253071553,0,0,0,0,0,3.13976340691249,0,4.21232803662618,0,0,0,25.2330652872721,0,0,0,5.45262143922889,0,0,0,0,0,0,0,0,0,0,0,0,0,0,0,0,0,0,0,0,0,0,0,3.24689953902672,0,0,0,0,0,3.46458120644093,0,3.57500632107258,0,0,0,0,0,0,0,0,0,0,3.82720252037048,0,0,0,0,0,0,0,0,0,0,0,0,0,3.76052914495054,0,0,0,0
0,28.1960344314575,0,38.7770233154297,0,0,0,0,0,0,0,11.7327939972623,0,0,0,0,75.224829143948,73.756315612793,51.7767924534456,4.98085351832001,0,84.2643508911133,85.1329116821289,0,0,0,79.510383605957,0,0,15.6274122569872,0,0,0,0,0,15.1940592114742,0,14.4930907381259,0,28.1118861516317,85.0518218994141,22.1024605646258,61.7585082420936,0,59.4203014373779,8.23093466806208,0,37.4661674499512,0,33.2490152572763,0,0,0,0,0,0,0,9.5782331972344,0,0,0,0,0,0,0,113.645889282227,0,0,0,0,0,0,14.9283942569292,0,0,0,0,0,13.2013348555125,84.6113667207606,16.3379976581263,0,23.7867116802617,0,16.2158843936185,42.1235379305753,0
25.7969589233398,0,10.9041498526931,0,9.6848840713501,0,0,0,22.1720561981201,0,8.89614420999085,0,0,0,0,0,62.7960205078125,0,48.0348422241211,0,6.26157280513355,0,0,0,0,0,0,0,0,0,0,0,0,0,0,0,7.42858969002235,0,10.2294527267923,0,15.5370521315463,68.6499220530192,15.5213377712557,57.5632057189941,23.5485420227051,0,10.5320421563728,45.660993031093,33.6322164619178,41.3979135499383,0,0,0,0,0,0,7.62241035200364,0,0,0,0,0,0,0,0,0,0,0,0,0,0,0,0,10.8859736736004,0,0,0,0,80.5417976379395,10.775752193312,0,12.8943874154772,25.2576150060937,37.0436159769694,13.182270034748,63.8455963134766,16.8271299347733
0,0,0,0,0,0,0,0,0,29.1258118152618,0,0,0,0,0,16.5561447143555,30.8601688905196,18.2159936980768,38.8227755228678,0,0,4.2271934260864,10.1213399410248,5.92165120044439,38.4208221435547,7.64547668533495,0,4.26205363621314,0,0,0,0,0,0,0,0,0,5.86800568777582,0,0,0,0,0,0,0,0,0,0,0,2.95303106307983,0,0,0,0,0,0,0,0,0,0,0,0,0,0,0,30.3071117401123,8.03685161802504,0,8.2746622765859,0,5.00493132736948,0,0,0,0,0,0,0,0,0,5.23912612740181,0,11.7132585555051,6.51574746237861,0,0,0
0,0,0,0,0,0,0,0,24.8558704853058,0,0,0,0,0,21.1595312754313,0,20.5379635606493,33.4065442907399,31.0269435776605,0,0,11.0777224699656,4.70658129713329,45.1843295097351,7.09683643454438,30.3270606994629,8.85641775621432,0,3.27936406135559,0,0,0,0,0,0,0,0,0,4.51881530920664,0,109.943260192871,86.5908432006836,0,0,0,0,0,0,2.87286615371704,0,0,0,0,0,0,0,0,0,0,0,24.1537001132965,0,113.645889282227,0,30.3071117401123,0,0,8.94008786219528,0,9.36613147126304,0,3.55511169433594,0,0,0,0,0,0,85.1129913330078,0,0,3.86055051549896,15.8491825133631,22.8654104868571,0,0,0
0,12.0537547563252,0,0,0,0,0,0,0,11.3281646746176,0,0,0,0,0,11.1709032058716,43.3189002990723,15.4408984727497,33.9584398269653,0,0,6.92666245609967,0,4.1608248340602,24.4347515106201,10.0961691765558,0,0,0,0,0,0,0,0,0,0,0,5.68775815963745,0,0,0,0,34.1535682678223,0,0,0,0,0,0,2.9482892036438,0,0,0,0,0,6.87236474241529,0,0,0,0,0,0,0,0,8.03685161802504,0,0,0,12.0613715052605,0,0,0,0,0,0,0,0,0,74.6876373291016,0,11.5033538558266,0,12.1315508749252,16.1846423149109,2.94417762756348,0,0
0,0,0,0,0,0,0,0,5.25767975017942,31.0886497497559,0,0,0,0,14.2806664246779,0,18.2804336058788,45.8739616394043,27.4956499099731,0,0,24.2484722137451,9.23755643869701,29.0646033287048,4.20759720222773,0,4.5656050323841,0,0,0,0,0,0,0,0,0,0,0,4.00650992176749,0,0,0,0,0,0,0,0,0,2.9426212310791,0,0,0,0,0,4.60220184326172,0,0,0,0,0,16.8527380824089,0,0,0,0,8.94008786219528,0,0,0,8.19714537659132,0,0,0,0,0,0,0,0,0,0,0,2.84470474720001,10.722896803846,51.7982292175293,2.73231840133667,0,0
0,0,0,0,0,0,0,0,0,20.1780558904012,0,0,0,5.49755477905273,0,4.83277207515279,33.6776390075684,9.5046563746178,51.7949523925781,0,0,7.39497563559061,0,12.0326533275738,52.4759216308594,4.81704181545186,0,3.0149046421051,0,0,0,0,0,0,0,0,0,0,0,0,0,0,0,0,0,0,0,0,0,0,0,0,0,0,0,0,0,0,0,0,0,3.82720252037048,0,0,8.2746622765859,0,12.0613715052605,0,0,0,0,0,0,0,0,0,0,0,0,0,0,0,15.5935357889735,19.8218154907227,0,0,0
0,0,0,0,0,0,0,0,14.9393868923187,0,0,0,0,0,8.82621497538552,0,10.2148872652258,30.1142471313477,20.4345481055123,0,0,0,8.84584751679602,38.0596542358398,7.70227403640747,0,4.21163391561059,0,2.85494446754456,0,0,0,0,0,0,0,0,0,0,0,0,0,0,0,0,0,0,0,0,0,0,0,0,0,0,0,0,0,0,0,6.53691286336485,0,0,0,0,9.36613147126304,0,8.19714537659132,0,0,0,3.93756258258453,0,0,0,0,0,0,68.0989379882812,0,0,0,11.664077671329,0,0,0,0
0,0,0,0,0,0,0,0,0,0,0,0,0,0,0,0,0,0,0,0,0,4.60372007369995,0,0,0,0,0,2.95059609972815,0,2.74240946769714,0,0,0,0,0,0,0,2.82398819923401,0,0,0,0,0,0,0,0,0,0,0,2.74192094802856,0,0,0,0,0,0,0,4.7231715520223,0,3.16130076004909,0,0,0,0,5.00493132736948,0,0,0,0,0,0,0,3.35586194903762,0,0,0,0,0,0,0,3.63880695417089,0,3.53919625282288,0,0,0,0
0,0,0,0,0,0,0,0,0,0,0,0,0,0,0,0,0,0,0,0,0,0,3.55666983127594,0,0,0,0,0,3.14533668756485,0,0,0,0,0,0,0,0,0,0,0,0,0,0,0,0,0,0,0,0,0,0,0,0,0,0,0,0,0,0,0,0,0,0,0,0,3.55511169433594,0,0,0,3.93756258258453,0,0,0,0,0,0,0,0,0,0,0,0,0,0,0,0,0
0,29.3194200154897,0,27.4665692647298,0,0,0,0,0,0,0,9.84355282783508,0,0,0,0,0,63.1686248779297,48.299100112915,9.14120337853372,0,0,0,0,0,0,0,0,0,6.02820949382831,0,0,0,0,0,41.7325172424316,0,0,0,52.4664717281566,0,15.1653556640159,61.9903144836426,22.1705853598458,0,28.3226346278536,0,34.7565717697144,0,17.1480737506366,0,0,0,0,0,0,0,11.6603324141473,0,0,0,0,14.9283942569292,0,0,0,0,0,0,0,3.35586194903762,0,0,0,0,0,29.663556098938,0,51.0870668747846,79.5500335693359,4.66845054889878,0,37.3223432758275,18.3753242492676,15.9402497800068,19.4802263035038,0
0,0,0,0,0,0,0,0,0,0,11.9916393756866,0,0,0,0,0,0,0,45.5542316436768,0,12.6521615982056,0,0,0,0,0,0,0,0,0,3.04240117073059,0,0,0,0,0,0,0,2.85752763066973,0,8.43022650938768,57.4086074829102,14.678130281823,0,0,0,27.167121887207,0,8.37454225800254,0,0,0,0,0,0,0,4.15724466998002,0,0,0,0,0,0,10.8859736736004,0,0,0,0,0,0,0,0,0,0,0,0,0,0,0,0,0,4.23235905404184,38.0703887939453,0,4.1554265251684,0,16.8943491849032
0,0,0,0,0,0,0,0,0,0,0,0,0,0,0,0,0,0,0,0,0,0,0,0,0,0,0,0,0,0,0,5.37477462786134,6.66517379287088,4.58768556722954,11.5630431175232,18.4509768119225,14.3733628590902,0,0,0,0,0,0,0,0,0,0,12.2831698932395,0,11.5158548122499,0,0,0,0,0,0,0,0,0,0,0,0,0,0,0,0,0,0,0,0,0,0,0,0,0,8.26634982654027,5.06803906985692,9.75034208297729,7.64811576191896,18.4363911946615,8.74760770797729,0,5.37753327562427,0,0,0,0
0,0,0,0,0,0,0,0,0,0,0,0,0,0,0,0,0,0,0,0,0,0,0,0,0,0,0,0,0,0,0,5.11149998895483,5.86813153964895,4.0414318524155,3.97147394389641,0,5.95271104133547,0,0,0,0,0,0,0,0,0,0,5.48858960151357,0,0,0,0,0,0,0,0,0,0,0,0,0,0,0,0,0,0,0,0,0,0,0,0,0,0,8.26634982654027,0,8.96845674514771,4.05801019911863,15.6051563686795,4.26898598670959,0,0,5.35974230181496,0,0,0,0
0,0,0,0,0,0,0,0,0,0,0,0,0,0,0,0,0,0,0,0,0,0,0,21.520975112915,0,0,0,0,0,0,0,7.64757001017504,9.63034866877965,5.45536445596327,6.69274118331474,3.59038464950793,15.2341492970785,7.22667599680874,0,0,0,19.200545164255,77.1644592285156,0,0,0,0,10.0798571416264,0,8.6078100890036,0,0,0,0,0,0,0,0,0,0,0,0,0,0,0,0,0,0,0,0,0,0,29.663556098938,0,5.06803906985692,8.96845674514771,0,9.49062988091083,5.90637827623374,0,6.22315987804,14.8508278762593,6.1923702790187,0,18.695547347845,0,0
0,0,45.5803756713867,0,0,0,0,0,0,0,0,0,0,0,0,0,0,0,0,0,0,0,0,0,0,0,0,0,0,0,0,6.0357567215788,7.59042103037387,6.21135808808978,5.4070940540336,0,6.6631340172983,0,6.86773456591312,0,0,0,16.282554852454,0,0,0,0,9.66451683772546,6.15476110611839,22.3652315139771,0,0,0,0,0,0,0,0,0,0,0,0,0,0,0,0,0,0,0,0,0,0,0,0,9.75034208297729,4.05801019911863,9.49062988091083,0,13.895938613198,4.61169316951168,0,7.91168715947852,8.44883421196866,0,11.6545762022336,0,0
0,36.7047280912046,0,38.4851570129395,0,0,0,0,0,0,76.773307800293,4.49903938668406,0,0,0,0,69.6105772380171,69.3488108930917,50.0302699318811,10.7352877391882,0,0,81.3540448789243,77.7578277587891,78.3050354003906,0,76.477481842041,0,0,0,0,6.24054894343534,14.6493276302631,5.545538560187,12.7371763189634,6.42439960782505,5.65911689698696,5.17649117274264,0,8.0674653508836,83.7610480209877,26.6886079210094,62.1057376585145,31.3140687294377,59.6777489980062,25.2253964742025,0,7.17168119403337,0,13.9626875288632,0,0,0,0,0,0,76.7037773132324,45.8480631510417,0,0,0,0,13.2013348555125,80.5417976379395,0,85.1129913330078,74.6876373291016,0,0,68.0989379882812,0,0,51.0870668747846,0,7.64811576191896,15.6051563686795,5.90637827623374,13.895938613198,0,88.5098346695589,14.2547153046894,97.2191757202148,18.5762943986948,12.1897673352066,19.1032828179742,25.0790668081612,68.4053683810764
0,0,35.9503326790006,0,0,0,0,0,0,93.7219581604004,46.208896533863,0,0,0,0,0,60.4920344415299,78.7532428394664,49.7244875453572,0,8.67419361470261,100.178827921549,84.9838684082031,94.3969650268555,74.7599830627441,0,0,0,0,0,0,0,9.96239662461165,13.3431797461076,4.74069690564374,19.8930658102036,6.70398841220928,0,9.36442623525052,81.5155639648438,19.8475571025058,59.8826634442365,23.2177917808246,60.5200386047363,30.6926390018229,0,13.0794681484927,8.22227270995202,15.6353609374732,59.4163099218298,0,0,0,0,0,0,47.0042629241943,0,0,0,0,0,84.6113667207606,10.775752193312,0,0,0,0,0,0,0,0,79.5500335693359,0,18.4363911946615,4.26898598670959,0,4.61169316951168,88.5098346695589,0,81.1967342083271,11.5198914549853,19.2561687534899,13.2341162879565,19.1718968978491,60.9029019263483,22.3348940573937
0,21.7383461846246,0,33.9886786142985,0,0,0,0,0,7.01929228782654,0,4.38011218855778,0,0,0,0,67.3639139028696,67.9654762514176,43.940186901369,12.8584537964936,0,4.70948264740977,49.1855874061584,10.0307385025168,0,0,0,0,0,0,0,15.0110912322998,0,8.13621699011255,15.8309757709503,4.47202810219356,0,5.03988589508839,2.95150073369344,15.341079048572,82.41849379106,21.1578094860394,59.7277902545351,24.8578726180056,53.4741725921631,29.3484121322632,0,9.16414050176634,0,7.0427305005218,0,0,0,0,0,7.88377298806843,0,19.1618828905953,0,0,0,0,16.3379976581263,0,5.23912612740181,0,11.5033538558266,0,0,0,3.63880695417089,0,4.66845054889878,0,8.74760770797729,0,6.22315987804,0,14.2547153046894,81.1967342083271,0,52.6363635063171,15.2559590694581,4.4743003478417,12.7939009542092,21.5732702931328,0
0,0,31.381199836731,0,0,0,0,0,0,0,28.6464799880981,0,0,0,0,0,57.9533117193925,69.178820292155,47.9520402140432,0,3.64687277873357,0,4.06057919150796,0,0,0,0,0,0,0,7.21660908170649,0,25.9652353922526,14.1541889293774,7.33962387792409,0,4.5156146919871,4.08843485305184,5.65575543138802,0,7.08927094412712,55.4897855122884,19.6565784880577,0,25.9603745778402,0,14.8701722518257,7.74680787390405,5.91896953340775,53.0170249938965,0,0,0,0,0,0,0,0,0,0,0,0,0,12.8943874154772,0,3.86055051549896,0,2.84470474720001,0,0,0,0,0,4.23235905404184,0,0,14.8508278762593,7.91168715947852,97.2191757202148,11.5198914549853,52.6363635063171,0,6.96427443604064,3.60328257083893,7.24083553894491,0,16.7891787263251
