0,0,6.27168810935247,0,0,0,0,0,5.20267310142517,0,0,0,0,0,0,0,9.01044368743896,0,9.04301247229943,0,26.825439453125,0,0,0,30.2656516444926,0,0,0,0,0,0,0,0,0,0,0,0,0,28.9513187768324,0,0,0,28.5960909525553,0,0,0,0,31.1168513298035,5.25178928651671,0,0,0,0,0,6.15845400946481,0,5.04304933547974,0,5.67122920354207,0,6.74196397341215,0,0,24.775266011556,0,0,0,31.8942088419848,0,32.9989686106691,0,0,0,27.4326610565186,0,0,0,0,0,0,0,36.57066822052,16.0274834251404,0,29.3197481513023,0,21.1192111968994
0,0,0,3.66834221482277,0,0,0,0,0,4.66940166751544,0,0,0,0,0,0,0,0,8.21776098012924,0,0,43.0939706166585,0,27.3943303880237,0,0,0,0,0,0,0,0,0,0,0,0,0,32.9591188296466,0,0,0,28.2784217834473,0,0,0,0,0,33.2291150704408,0,7.82514459630276,0,0,0,0,0,9.56305660846385,0,0,0,4.10925626754761,0,4.57872140495865,0,0,48.1150646209717,0,25.8614268302917,0,11.6286051706834,0,0,0,0,0,0,0,0,0,0,0,42.7421491871709,0,21.6064569774796,0,13.1511650067319,0,0
6.27168810935247,0,0,0,6.27801377432687,0,0,0,5.77824990292813,0,0,0,0,0,0,0,52.0480155944824,0,42.4430633121067,0,32.6715412139893,0,0,0,41.6128768920898,0,0,0,0,0,0,0,0,0,0,0,0,0,36.8151874542236,0,0,0,34.5193977737427,0,0,0,8.90457772886431,40.9465929667155,8.24801049707256,0,7.49314064704455,0,0,0,5.55685797058234,0,22.0230154395103,0,7.24898912740308,0,4.42327270254625,0,0,17.9935977458954,0,0,0,38.7035001118978,0,0,0,0,0,34.9537358650794,0,0,0,0,0,0,0,47.2266877118279,33.4186110496521,0,9.67535008953399,0,0
0,3.66834221482277,0,0,0,3.84062542915344,0,0,0,4.3937478292556,0,0,0,0,0,4.06688942228045,0,70.3334045410156,35.4593086242676,7.60558803876241,0,0,0,37.5420017242432,0,0,0,0,0,0,0,0,0,0,0,0,0,45.9006118774414,0,0,0,32.8372105084933,0,0,0,9.64525953928629,0,41.7776006062826,0,9.75241208261298,0,3.16721796989441,0,0,0,7.78470084843812,0,14.1370275020599,0,3.07450750895909,0,3.43660364121747,10.8583520650864,0,0,0,35.3425941467285,0,0,0,35.151814869472,0,31.6132308959961,0,0,0,0,0,0,0,36.2518698952415,0,31.5476369426168,0,6.27869544743064,28.4532165527344,0
0,0,6.27801377432687,0,0,0,2.90248399972916,0,0,0,0,0,2.96079349517822,0,0,0,0,0,0,0,0,0,0,0,0,0,0,0,0,0,0,0,0,0,0,0,0,0,0,0,0,0,0,0,0,0,0,0,0,0,4.81606798737374,0,4.8909680616288,0,3.66566653961831,0,4.12743020057678,0,4.85679225263924,0,4.45073395508986,0,0,9.29224538803101,0,0,0,0,0,0,0,0,0,47.2435607910156,0,0,0,0,0,0,0,0,2.95805501937866,0,6.40627113935795,0,0
0,0,0,3.84062542915344,0,0,0,0,0,0,0,0,0,0,0,0,0,0,0,3.32916474342346,0,0,0,0,0,0,0,0,0,0,0,0,0,0,0,0,0,0,0,0,0,0,0,0,0,0,0,0,0,0,0,0,0,0,0,0,0,0,0,0,0,0,6.62744426727295,0,0,0,0,0,0,0,0,0,0,0,0,0,0,0,0,0,0,0,4.01506328582764,0,3.62249047756195,0,0
0,0,0,0,2.90248399972916,0,0,0,0,0,3.89026165008545,0,3.17231893539429,0,0,0,0,0,0,0,0,0,0,0,0,0,0,0,0,0,0,0,0,0,0,0,0,0,0,0,0,0,0,0,0,0,0,0,0,0,0,0,3.01240462134866,0,0,0,7.00888822030048,0,6.98047821245332,0,0,0,0,0,0,0,0,0,0,0,0,0,0,0,0,0,0,0,0,0,0,0,2.85978168911404,0,0,0,0
0,0,0,0,0,0,0,0,0,0,0,0,0,0,0,0,0,0,0,0,0,0,0,0,0,0,0,0,0,0,0,0,0,0,0,0,0,0,0,0,0,0,0,0,0,0,0,0,0,0,0,0,0,0,0,0,0,3.78601861000061,0,0,0,0,0,0,0,0,0,0,0,0,0,0,0,0,0,0,0,0,0,0,0,0,0,0,0,0,0
5.20267310142517,0,5.77824990292813,0,0,0,0,0,0,0,0,0,0,0,0,0,25.8952360153198,0,0,0,0,0,0,0,25.4103081126413,0,26.6771554946899,0,0,0,0,0,0,0,0,0,0,0,30.5572328567505,0,0,0,0,0,0,0,11.8079462051392,0,18.9211590971266,0,0,0,0,0,6.0109898552062,0,0,0,0,0,17.5201443731785,0,0,0,0,0,0,30.6246993189823,0,30.3867318471273,0,0,0,0,0,0,0,0,0,0,0,32.2614983320236,5.11181995603773,0,26.9543625116348,0,0
0,4.66940166751544,0,4.3937478292556,0,0,0,0,0,0,0,0,0,0,0,12.0132583975792,0,0,0,0,0,44.7571053938432,0,31.0822329711914,0,0,0,0,0,0,0,0,0,0,0,0,0,40.7211018169627,0,0,0,0,0,0,0,0,0,39.3018594551086,0,26.0776955286662,0,0,0,0,0,8.32676109695133,0,0,0,0,0,13.901845368472,0,0,49.9668829441071,0,30.4391045777694,0,31.4212223688761,0,60.8115119934082,0,0,0,0,0,0,0,0,0,43.0494174273366,0,21.6650411932092,0,31.1608001164028,0,0
0,0,0,0,0,0,3.89026165008545,0,0,0,0,0,5.16121837793491,0,0,0,0,0,0,0,4.16812506965969,0,0,0,0,0,0,0,3.35548678040504,0,7.82476370850789,0,0,0,0,0,0,0,3.79490043397556,0,0,0,0,0,0,0,0,0,0,0,0,0,3.90429563955827,0,0,0,5.09627302743647,0,5.03840050549634,0,0,0,0,13.0244860649109,0,0,0,0,0,0,0,15.7442045211792,0,8.89156762710134,0,0,0,0,0,0,0,11.882599463408,3.72013357270089,0,0,0,0
0,0,0,0,0,0,0,0,0,0,0,0,0,3.05797340976658,0,0,0,0,0,3.13230950845049,0,0,0,0,0,0,0,0,0,4.55210404869512,0,0,0,0,0,0,0,4.19184401210418,0,0,0,0,0,0,0,0,0,0,0,0,0,0,0,0,0,0,0,4.17075500455696,0,3.22975208503859,0,0,3.50064834981862,0,0,0,0,0,0,0,2.92022642336394,0,5.08293927126917,0,0,0,0,0,0,0,4.80141212145487,0,2.97808317704634,0,2.74526143074036,0,0
0,0,0,0,2.96079349517822,0,3.17231893539429,0,0,0,5.16121837793491,0,0,0,3.01830129623413,0,0,0,0,0,0,0,0,0,0,0,0,0,4.05650785758341,0,0,0,0,0,0,0,0,0,0,0,0,0,0,0,0,0,0,0,0,0,0,0,0,0,0,0,4.72540908881596,0,4.90692838177209,0,5.23683400948842,0,0,0,0,0,0,0,0,0,0,5.37099854151408,0,0,0,0,0,0,0,0,0,0,3.05646867979141,0,0,0,0
0,0,0,0,0,0,0,0,0,0,0,3.05797340976658,0,0,0,0,0,0,0,0,0,0,0,0,0,0,0,3.17793473542905,0,0,0,0,0,0,0,0,0,0,0,0,0,0,0,0,0,0,0,0,0,0,0,0,0,0,0,0,0,0,0,3.64518877332525,0,0,0,0,0,0,0,0,0,0,3.48804111857163,0,0,0,0,0,0,0,0,0,0,0,2.79525506496429,3.17046928405762,0,0,0
0,0,0,0,0,0,0,0,0,0,0,0,3.01830129623413,0,0,0,18.204330626656,0,20.5954494476318,0,0,0,0,0,0,0,0,0,0,0,0,0,0,0,0,0,0,0,0,0,0,0,0,0,0,0,0,0,0,0,0,0,0,0,0,0,0,0,3.34916344285011,0,3.25541565577189,0,0,0,0,0,0,0,0,0,0,0,0,0,0,0,0,0,0,0,0,0,0,0,43.3390083312988,0,32.5689926147461
0,0,0,4.06688942228045,0,0,0,0,0,12.0132583975792,0,0,0,0,0,0,0,0,0,0,0,54.174690246582,0,14.6053426265717,0,4.22035980224609,0,4.51341962814331,0,0,0,0,0,0,0,0,0,48.8015492757161,0,0,0,0,0,0,0,0,0,53.3842468261719,0,0,0,0,0,0,0,8.23455451085017,0,0,0,2.95694851875305,0,3.4487645816803,0,0,59.03777440389,0,36.5101089477539,0,27.7114181518555,0,3.25078215201696,0,0,0,0,0,0,0,0,0,48.9441267649333,0,3.60057687759399,0,0,0,0
9.01044368743896,0,52.0480155944824,0,0,0,0,0,25.8952360153198,0,0,0,0,0,18.204330626656,0,0,10.2709432550655,24.1224847808346,0,50.0094347000122,0,0,0,0,0,4.87754810940136,0,0,0,0,0,0,0,0,0,0,0,72.8845901489258,0,0,43.4908400944301,37.9761429731177,45.5365856715611,39.350968170166,47.3873481750488,0,0,55.6880913972855,0,0,0,0,0,0,0,66.5896091461182,0,0,0,0,0,0,46.2671895910192,0,0,0,0,0,0,64.2255172729492,53.3506603240967,0,49.6617341648449,0,0,0,0,0,0,65.9190470377604,63.5009206136068,12.8272053759832,36.219633380572,44.2207327268721,47.9343352847629,35.6541266264739
0,0,0,70.3334045410156,0,0,0,0,0,0,0,0,0,0,0,0,10.2709432550655,0,25.7985356368409,0,82.0508270263672,0,0,0,0,11.7283563613892,0,0,0,0,0,0,0,0,0,0,0,0,0,0,0,43.9462892077924,47.0741249385633,43.9604822968783,54.0444202423096,48.7950354439872,0,0,71.0489730834961,56.895321160032,0,0,0,0,0,0,0,58.9939031600952,0,0,0,0,41.0046844482422,78.4122848510742,0,0,0,0,0,0,57.8883633931478,0,56.4125181988972,0,0,0,0,0,75.4811935424805,0,61.9060194685652,90.4540557861328,13.7396634270546,6.28681587592078,49.5033325828849,44.3127425396081,49.2245418003627
9.04301247229943,8.21776098012924,42.4430633121067,35.4593086242676,0,0,0,0,0,0,0,0,0,0,20.5954494476318,0,24.1224847808346,25.7985356368409,0,0,40.1132786160424,0,0,0,0,0,0,0,0,0,0,0,0,0,0,0,0,0,45.5515747070312,46.9440307617188,0,16.7103106819856,19.9799590709869,23.1369298730464,19.9703538367728,29.5585949109948,31.7266368865967,0,41.5675837083296,37.9426768280211,0,0,0,0,0,0,39.4539578755697,29.6140930175781,61.1135635375977,0,59.2324924468994,0,44.4360275268555,38.1611423068576,45.8129043579102,0,0,0,0,0,40.4937292181927,0,36.7199152881659,41.1978037427043,0,0,0,0,0,28.386754989624,40.9334133115865,51.8435659910503,15.5468511805658,42.7056906563895,25.0935586642679,19.5696240021878,20.1308504723622
0,0,0,7.60558803876241,0,3.32916474342346,0,0,0,0,0,3.13230950845049,0,0,0,0,0,0,0,0,0,0,0,0,0,0,0,0,0,0,0,0,0,0,0,3.73139037059832,0,4.17959138353666,0,16.6513936179025,0,0,0,0,0,15.4092750549316,0,0,0,0,0,0,0,0,0,0,0,6.01513803005219,0,0,0,0,5.95641695065932,0,0,0,0,0,0,0,0,0,9.2801616191864,0,0,0,0,0,16.3366957796298,0,5.64486292582839,0,4.78834343873538,2.74843168258667,9.05977920485847,0,0
26.825439453125,0,32.6715412139893,0,0,0,0,0,0,0,4.16812506965969,0,0,0,0,0,50.0094347000122,82.0508270263672,40.1132786160424,0,0,0,0,0,0,0,0,0,0,0,0,0,0,0,0,0,4.71089590197309,0,3.23629476626714,0,0,0,26.3247751756148,0,30.1710166931152,0,22.0784886025671,0,0,0,0,0,0,0,0,0,6.94053462195018,0,0,0,37.8589248657227,0,0,8.51039176959536,0,0,0,0,0,0,0,0,0,11.0690727806091,0,0,0,0,0,6.29866933431782,0,25.8552041734968,15.2040189198085,0,8.77106705349936,0,19.2623870372772
0,43.0939706166585,0,0,0,0,0,0,0,44.7571053938432,0,0,0,0,0,54.174690246582,0,0,0,0,0,0,3.44485606930473,5.61615678987333,0,7.33025368644957,0,6.85293307532085,0,0,0,0,0,0,0,0,0,7.1352420004461,0,0,0,0,0,0,0,0,0,20.01340508461,0,11.3639425175099,0,0,0,0,0,38.7365290697883,0,0,0,0,0,52.0842974813361,0,0,4.44624445033468,0,6.28654996943405,0,7.05472936546066,0,6.69277791617052,0,18.1489992141724,0,0,0,0,0,0,0,8.73422022186108,0,4.38157919716479,4.14960757891337,41.247127532959,0,0
0,0,0,0,0,0,0,0,0,0,0,0,0,0,0,0,0,0,0,0,0,3.44485606930473,0,0,0,0,3.49067196846008,0,3.2473229057384,0,0,0,0,0,0,0,0,0,5.94351014179161,0,0,0,0,0,0,0,0,0,5.92064356803894,0,0,0,0,0,0,0,0,0,0,0,0,0,0,0,0,4.66680379695287,0,0,0,5.70119833555378,0,3.96603267931091,0,0,0,0,0,0,0,0,0,6.77186953940359,3.51348711990175,2.97900475925869,0,0,0
0,27.3943303880237,0,37.5420017242432,0,0,0,0,0,31.0822329711914,0,0,0,0,0,14.6053426265717,0,0,0,0,0,5.61615678987333,0,0,0,4.23529678583145,0,0,0,0,0,0,0,0,0,0,0,8.22484576074701,0,0,0,0,0,0,0,0,0,23.6916809082031,0,26.7091735800107,0,0,0,0,0,22.5929775606251,0,0,0,0,0,28.460806169008,0,0,6.93246802488963,0,3.81749976185006,0,3.78518369197845,0,0,0,0,0,0,0,0,0,0,0,19.7631812095642,0,13.8949953317642,0,0,0,0
30.2656516444926,0,41.6128768920898,0,0,0,0,0,25.4103081126413,0,0,0,0,0,0,0,0,0,0,0,0,0,0,0,0,0,3.0279438495636,0,0,0,0,0,0,0,0,0,0,0,4.19871014707229,0,0,0,0,0,0,0,0,0,0,0,0,0,0,0,32.7389339447021,0,0,0,40.5182393391927,0,22.758974287245,0,0,0,0,0,0,6.53928556399686,0,9.56617524226507,0,0,0,0,0,0,0,0,0,0,0,6.44576534628868,5.69129014015198,0,0,0,0
0,0,0,0,0,0,0,0,0,0,0,0,0,0,0,4.22035980224609,0,11.7283563613892,0,0,0,7.33025368644957,0,4.23529678583145,0,0,0,4.11103059500456,0,0,0,0,0,0,0,0,0,0,0,0,0,0,0,0,0,0,0,0,0,34.8795776367188,0,0,0,0,0,25.3289546966553,0,0,0,8.61789456341002,0,5.69683802127838,0,0,6.09768518551867,0,4.00719738006592,0,4.5547807261153,0,5.06562577468762,0,0,0,0,0,0,0,0,0,0,0,4.79280977589743,0,0,0,0
0,0,0,0,0,0,0,0,26.6771554946899,0,0,0,0,0,0,0,4.87754810940136,0,0,0,0,0,3.49067196846008,0,3.0279438495636,0,0,0,5.70412718702894,0,0,0,0,0,0,0,0,0,0,0,0,0,0,0,0,0,0,0,0,0,0,0,0,0,0,0,0,0,9.45058536529541,0,12.333839008885,0,0,0,0,4.59413392543793,0,0,0,5.31128291898646,0,6.0766062646542,0,0,0,0,0,0,0,0,0,0,0,0,0,0,0
0,0,0,0,0,0,0,0,0,0,0,0,0,3.17793473542905,0,4.51341962814331,0,0,0,0,0,6.85293307532085,0,0,0,4.11103059500456,0,0,0,3.18828501398601,0,0,0,0,0,0,0,3.8683643961606,0,0,0,0,0,0,0,0,0,0,0,0,0,0,0,0,0,0,0,0,0,5.25722922086716,0,3.75010472536087,0,0,6.41402917774394,0,0,0,6.27907330724928,0,5.02761896738149,0,8.33192519346873,0,0,0,0,0,0,0,4.51091132916902,0,3.91001462936401,3.38529499371847,0,0,0
0,0,0,0,0,0,0,0,0,0,3.35548678040504,0,4.05650785758341,0,0,0,0,0,0,0,0,0,3.2473229057384,0,0,0,5.70412718702894,0,0,0,6.4056528004862,0,0,0,0,0,0,0,7.01535534432956,0,0,0,0,0,0,0,0,0,0,0,0,0,0,0,0,0,0,0,6.10971243701764,0,0,0,0,0,0,4.09885613392975,0,0,0,5.82149457304101,0,5.66651012464542,0,6.75890207290649,0,0,0,0,0,0,0,9.47032178850735,5.91626566648483,0,0,0,0
0,0,0,0,0,0,0,0,0,0,0,4.55210404869512,0,0,0,0,0,0,0,0,0,0,0,0,0,0,0,3.18828501398601,0,0,0,0,0,0,0,0,0,3.99345200591617,0,0,0,0,0,0,0,0,0,0,0,0,0,0,0,0,0,0,0,5.78853444049233,0,0,0,0,0,0,0,0,0,0,0,0,4.26963422258021,0,5.08990000428332,0,0,0,0,0,0,0,14.3453683853149,0,3.43876922130585,0,0,0,0
0,0,0,0,0,0,0,0,0,0,7.82476370850789,0,0,0,0,0,0,0,0,0,0,0,0,0,0,0,0,0,6.4056528004862,0,0,0,0,0,0,0,0,0,3.69014237017156,0,0,0,0,0,0,0,0,0,0,0,0,0,0,0,0,0,11.390611774043,0,0,0,0,0,0,0,0,0,0,0,0,0,0,11.2477918722413,0,5.11848791537755,0,0,0,0,0,0,0,7.64325781144958,13.6986970901489,0,0,0,0
0,0,0,0,0,0,0,0,0,0,0,0,0,0,0,0,0,0,0,0,0,0,0,0,0,0,0,0,0,0,0,0,6.91117479739251,6.66249102040341,0,3.900239048333,4.95095700484056,0,0,18.9433055877686,23.7453762054443,0,0,0,0,0,0,9.13198440114006,19.4548472510444,7.95972585678101,0,0,0,0,0,0,0,0,0,0,0,0,0,0,0,0,0,0,0,0,0,0,0,0,4.81408575052544,11.9059608645459,6.7423431634903,0,8.3618467330043,20.3789125133205,0,0,3.1797369395461,0,0,0,0
0,0,0,0,0,0,0,0,0,0,0,0,0,0,0,0,0,0,0,0,0,0,0,0,0,0,0,0,0,0,0,6.91117479739251,0,4.64742279052734,5.29334931373596,30.0990772247314,4.13815827118723,0,0,29.7740485668182,12.1355791091919,0,0,0,0,0,30.8876198359898,5.66160366589476,6.5308904431083,0,0,0,0,0,0,0,0,0,0,0,0,0,0,0,0,0,0,0,0,0,0,0,0,0,10.9387473779566,5.04327419654344,0,4.59937776303759,23.4108999621484,15.8981689870358,0,0,4.22526585019153,0,33.2990527682834,0,0
0,0,0,0,0,0,0,0,0,0,0,0,0,0,0,0,0,0,0,0,0,0,0,0,0,0,0,0,0,0,0,6.66249102040341,4.64742279052734,0,4.2430720762773,3.2683459822004,2.81387996673584,4.06975667686253,15.0244183540344,0,0,0,0,0,0,0,0,6.113266209058,0,0,0,0,0,0,0,0,0,0,0,0,0,0,0,0,0,0,0,0,0,0,0,0,0,0,7.24559092521667,0,5.11675764167186,5.24316349321482,5.63437764265741,0,4.26451841045371,18.4535751342773,4.03829176449081,5.02053092002869,0,0,0
0,0,0,0,0,0,0,0,0,0,0,0,0,0,0,0,0,0,0,0,0,0,0,0,0,0,0,0,0,0,0,0,5.29334931373596,4.2430720762773,0,0,3.35702654567815,0,4.57704362212395,0,0,0,0,0,0,0,0,4.18267375154513,6.67003397508101,0,0,0,0,0,0,0,0,0,0,0,0,0,0,0,0,0,0,0,0,0,0,0,0,0,0,6.72415007814004,4.22566231091817,5.02298311119314,0,10.5740319452946,0,4.8574280516153,3.95305767729263,3.35883331298828,0,0,0
0,0,0,0,0,0,0,0,0,0,0,0,0,0,0,0,0,0,0,3.73139037059832,0,0,0,0,0,0,0,0,0,0,0,3.900239048333,30.0990772247314,3.2683459822004,0,0,3.75697594288132,5.38355612191116,0,11.725603221013,24.770960608194,29.6975698471069,0,0,0,12.7736737410832,0,5.63094247801829,21.3867225102016,6.96130514144897,0,0,0,0,0,0,0,0,0,0,0,0,11.3340099813995,0,0,0,0,0,0,0,0,0,0,0,12.1818414264255,38.1221618652344,7.5866170423731,0,5.24960042549974,27.1262475013733,6.40149006540512,0,4.48331105427479,5.39526796340942,24.6760577108802,0,0
0,0,0,0,0,0,0,0,0,0,0,0,0,0,0,0,0,0,0,0,4.71089590197309,0,0,0,0,0,0,0,0,0,0,4.95095700484056,4.13815827118723,2.81387996673584,3.35702654567815,3.75697594288132,0,0,6.65584208711974,0,35.2291116714478,0,0,0,0,0,5.04814767837524,24.4483532905579,29.1634011268616,0,0,0,0,0,0,0,0,0,0,0,0,0,0,4.69903737306595,0,0,0,0,0,0,0,0,0,0,0,3.13497285739235,0,3.46319847003273,20.7206227779388,5.86679576775081,0,5.88820389319194,4.57420042714369,4.40069806717691,17.9195653051138,0,0
0,32.9591188296466,0,45.9006118774414,0,0,0,0,0,40.7211018169627,0,4.19184401210418,0,0,0,48.8015492757161,0,0,0,4.17959138353666,0,7.1352420004461,0,8.22484576074701,0,0,0,3.8683643961606,0,3.99345200591617,0,0,0,4.06975667686253,0,5.38355612191116,0,0,5.35579116642475,0,0,33.0077962875366,0,0,0,0,0,8.75328732167046,0,12.5743793807663,0,0,0,0,0,33.6928209630454,0,5.09967893362045,0,0,0,49.4131590788029,6.07924556732178,0,11.6617827010386,0,7.32237584181506,0,0,0,5.8572851636193,0,3.84698450298605,0,0,0,5.22941962404454,0,7.232141547296,0,5.87319017950299,18.9707961082458,6.13233943193792,6.6657556313012,16.1327575488263,0,0
28.9513187768324,0,36.8151874542236,0,0,0,0,0,30.5572328567505,0,3.79490043397556,0,0,0,0,0,72.8845901489258,0,45.5515747070312,0,3.23629476626714,0,5.94351014179161,0,4.19871014707229,0,0,0,7.01535534432956,0,3.69014237017156,0,0,15.0244183540344,4.57704362212395,0,6.65584208711974,5.35579116642475,0,0,0,0,35.9346394538879,0,0,0,34.2589797973633,8.44025166598462,11.38030733381,0,0,0,0,0,39.0011340054599,0,5.7677479801756,0,38.0373051961263,0,40.8923263549805,0,0,45.2563781738281,0,6.58762966253966,0,5.84582712966434,0,0,0,16.6503825409468,0,5.45689231626103,0,0,0,4.03294605468882,0,8.17309940827859,0,5.76314213881971,5.24553597640673,5.87940073013306,24.8571499415806,0,0
0,0,0,0,0,0,0,0,0,0,0,0,0,0,0,0,0,0,46.9440307617188,16.6513936179025,0,0,0,0,0,0,0,0,0,0,0,18.9433055877686,29.7740485668182,0,0,11.725603221013,0,0,0,0,27.0304932483407,15.0437688510328,0,25.865327835083,0,10.3440949355855,33.3129890666289,23.2309238292553,22.5873805575901,6.99293742670479,0,0,0,0,0,0,0,0,0,0,0,0,14.4929317552216,0,0,0,0,0,0,0,0,0,0,0,27.0235631942749,32.9964431126912,0,0,7.88014420532727,32.6245955105486,3.10910899822529,0,17.4969574610392,0,8.42519164921575,0,0
0,0,0,0,0,0,0,0,0,0,0,0,0,0,0,0,0,0,0,0,0,0,0,0,0,0,0,0,0,0,0,23.7453762054443,12.1355791091919,0,0,24.770960608194,35.2291116714478,0,0,27.0304932483407,0,0,9.12611007356977,0,0,31.8855804443359,9.45801088875828,16.9228366562814,13.8056047644781,21.3460430555706,0,0,0,0,0,0,0,0,0,0,0,0,42.6058044433594,5.31929888250306,0,0,0,0,0,0,0,0,0,0,26.4165621257964,20.7396489779154,0,0,26.0828664657917,5.53028333829253,0,0,39.3481025695801,0,7.24952014528972,0,0
0,28.2784217834473,0,32.8372105084933,0,0,0,0,0,0,0,0,0,0,0,0,43.4908400944301,43.9462892077924,16.7103106819856,0,0,0,0,0,0,0,0,0,0,0,0,0,0,0,0,29.6975698471069,0,33.0077962875366,0,15.0437688510328,0,0,9.80384535287556,15.9846466174854,27.6934604644775,15.7437333034771,0,6.12187547683716,0,12.7183961425691,0,0,0,0,0,0,0,23.3996732676471,0,0,0,42.8993606567383,26.5716618061066,0,44.4151840209961,0,0,0,40.24591700236,0,26.8905025810324,0,22.3355025906935,0,0,0,0,0,20.2056450427662,0,24.2291124280528,0,11.5351829010565,35.5960350036621,9.93477963319062,8.06737194933006,31.3625755310059
28.5960909525553,0,34.5193977737427,0,0,0,0,0,0,0,0,0,0,0,0,0,37.9761429731177,47.0741249385633,19.9799590709869,0,26.3247751756148,0,0,0,0,0,0,0,0,0,0,0,0,0,0,0,0,0,35.9346394538879,0,9.12611007356977,9.80384535287556,0,19.6412487983704,9.05794557479963,23.2979205938486,10.1396849730185,4.84979547828924,10.1849516459155,0,41.361026763916,0,0,0,40.1759407043457,0,31.4174362182617,0,36.8768717447917,0,41.1359451293945,0,0,26.5403380510284,0,0,0,0,0,0,0,28.8290607227999,43.9733848571777,20.3400259372094,0,23.2405033111572,0,44.0233001708984,0,14.6712675795043,0,35.2104289388082,18.403182332428,28.1492935738912,10.1320482195653,37.779613494873,8.18472664233228
0,0,0,0,0,0,0,0,0,0,0,0,0,0,0,0,45.5365856715611,43.9604822968783,23.1369298730464,0,0,0,0,0,0,0,0,0,0,0,0,0,0,0,0,0,0,0,0,25.865327835083,0,15.9846466174854,19.6412487983704,0,11.853687842687,7.57198677264469,0,0,0,40.944021497454,0,0,0,0,0,0,0,0,0,0,0,0,0,0,0,0,0,0,0,0,0,0,29.7082658495222,0,0,0,0,0,0,0,41.3322381973267,0,20.7983240471185,20.9081557273865,11.9614374315812,16.4398020275852,16.4156875610352
0,0,0,0,0,0,0,0,0,0,0,0,0,0,0,0,39.350968170166,54.0444202423096,19.9703538367728,0,30.1710166931152,0,0,0,0,0,0,0,0,0,0,0,0,0,0,0,0,0,0,0,0,27.6934604644775,9.05794557479963,11.853687842687,0,20.3655783335368,2.95357131958008,0,0,44.5701484680176,0,0,0,0,0,0,0,0,0,0,0,0,0,0,0,0,0,0,0,0,0,0,0,28.8242210388184,0,0,0,0,0,0,0,43.9163818359375,20.5006416638692,17.2859955363803,11.5195898580122,28.294454574585,17.617554460253
0,0,0,9.64525953928629,0,0,0,0,0,0,0,0,0,0,0,0,47.3873481750488,48.7950354439872,29.5585949109948,15.4092750549316,0,0,0,0,0,0,0,0,0,0,0,0,0,0,0,12.7736737410832,0,0,0,10.3440949355855,31.8855804443359,15.7437333034771,23.2979205938486,7.57198677264469,20.3655783335368,0,23.817575230318,0,0,21.238228030124,0,0,0,0,0,0,0,20.3757305145264,0,0,0,0,7.69972683079151,0,0,0,0,0,0,0,31.6161414555141,0,24.1301223506098,0,0,32.6906318664551,0,0,14.3755757691988,40.0648803710938,28.5467719045179,0,20.9459431940916,18.266773223877,7.89997900619841,18.8737680276235,42.9103393554688
0,0,8.90457772886431,0,0,0,0,0,11.8079462051392,0,0,0,0,0,0,0,0,0,31.7266368865967,0,22.0784886025671,0,0,0,0,0,0,0,0,0,0,0,30.8876198359898,0,0,0,5.04814767837524,0,34.2589797973633,33.3129890666289,9.45801088875828,0,10.1396849730185,0,2.95357131958008,23.817575230318,0,30.1100591932024,24.2155360163383,0,20.9243743419647,0,0,0,15.8148695627848,0,21.5035808527911,0,17.1605847676595,0,14.6189578663219,0,0,8.20547598653072,0,0,0,0,0,0,0,0,0,27.4362554862851,44.6917864481608,24.9003500938416,0,0,34.0280604362488,9.81889002961358,0,37.6323942806631,18.4514052375289,0,8.78375068910157,0,0
31.1168513298035,33.2291150704408,40.9465929667155,41.7776006062826,0,0,0,0,0,39.3018594551086,0,0,0,0,0,53.3842468261719,0,0,0,0,0,20.01340508461,0,23.6916809082031,0,0,0,0,0,0,0,9.13198440114006,5.66160366589476,6.113266209058,4.18267375154513,5.63094247801829,24.4483532905579,8.75328732167046,8.44025166598462,23.2309238292553,16.9228366562814,6.12187547683716,4.84979547828924,0,0,0,30.1100591932024,0,10.957540692458,10.0126167635286,0,0,0,0,39.1286239624023,33.7303877084152,0,0,0,0,0,47.8143495559692,0,0,24.590831211635,0,20.7774211883545,0,0,0,0,0,0,0,14.9859554762239,10.9562039798546,6.99822980651902,7.40232900840629,14.4123140944543,10.3593594785707,9.28974493344625,8.48131384168352,8.19608587131905,6.96687650680542,17.5675126973253,0,0
5.25178928651671,0,8.24801049707256,0,0,0,0,0,18.9211590971266,0,0,0,0,0,0,0,55.6880913972855,71.0489730834961,41.5675837083296,0,0,0,5.92064356803894,0,0,0,0,0,0,0,0,19.4548472510444,6.5308904431083,0,6.67003397508101,21.3867225102016,29.1634011268616,0,11.38030733381,22.5873805575901,13.8056047644781,0,10.1849516459155,0,0,0,24.2155360163383,10.957540692458,0,19.7874690361743,0,0,0,0,8.98773527145386,0,10.6061445007453,0,10.6242778603993,0,7.90272707688181,0,0,29.9030609130859,0,6.56889154560822,0,8.48867146174113,0,7.11316253646972,0,7.39395586408365,0,11.1289667225721,21.4850371990098,5.60726586977641,0,3.5232205757728,24.6592396621704,5.86235116459713,0,14.8862768676459,13.9081950146038,0,15.4835742778447,0,31.8869190216064
0,7.82514459630276,0,9.75241208261298,0,0,0,0,0,26.0776955286662,0,0,0,0,0,0,0,56.895321160032,37.9426768280211,0,0,11.3639425175099,0,26.7091735800107,0,34.8795776367188,0,0,0,0,0,7.95972585678101,0,0,0,6.96130514144897,0,12.5743793807663,0,6.99293742670479,21.3460430555706,12.7183961425691,0,40.944021497454,44.5701484680176,21.238228030124,0,10.0126167635286,19.7874690361743,0,0,0,0,0,0,16.4597179889679,0,6.68243492255777,0,6.01812842194463,0,5.59051360819075,12.3385828988893,0,8.58010665137505,0,19.7090676171439,0,9.17653364252734,0,6.55233398502963,0,9.69885695921747,0,18.562292098999,23.4483308792114,4.82858800888062,0,5.20804873840276,26.8770725250244,7.32233198352326,0,20.3113445959906,0,10.8602193335952,24.1544888145045,0
0,0,7.49314064704455,0,4.81606798737374,0,0,0,0,0,0,0,0,0,0,0,0,0,0,0,0,0,0,0,0,0,0,0,0,0,0,0,0,0,0,0,0,0,0,0,0,0,41.361026763916,0,0,0,20.9243743419647,0,0,0,0,0,4.24336089203689,0,3.98677403586251,0,4.56949942572075,0,4.28734990572318,0,5.17142613445009,0,0,10.1976503972654,0,0,0,0,0,0,0,0,0,38.225777943929,0,0,0,0,0,0,0,54.2853622436523,12.1566639476352,0,8.73224676386003,0,0
0,0,0,3.16721796989441,0,0,0,0,0,0,0,0,0,0,0,0,0,0,0,0,0,0,0,0,0,0,0,0,0,0,0,0,0,0,0,0,0,0,0,0,0,0,0,0,0,0,0,0,0,0,0,0,0,0,0,0,0,3.55357242955102,0,0,0,0,0,0,0,0,0,0,0,0,0,0,0,0,0,0,0,0,0,0,0,0,0,0,0,0,0
0,0,0,0,4.8909680616288,0,3.01240462134866,0,0,0,3.90429563955827,0,0,0,0,0,0,0,0,0,0,0,0,0,0,0,0,0,0,0,0,0,0,0,0,0,0,0,0,0,0,0,0,0,0,0,0,0,0,0,4.24336089203689,0,0,0,0,0,4.85329318172384,0,5.98451225040028,0,0,0,0,0,0,0,0,0,0,0,0,0,0,0,0,0,0,0,0,0,0,0,2.74668725331624,0,0,0,0
0,0,0,0,0,0,0,0,0,0,0,0,0,0,0,0,0,0,0,0,0,0,0,0,0,0,0,0,0,0,0,0,0,0,0,0,0,0,0,0,0,0,0,0,0,0,0,0,0,0,0,0,0,0,0,0,0,3.39663073595832,0,0,0,0,0,0,0,0,0,0,0,0,0,0,0,0,0,0,0,0,0,0,0,0,0,0,0,0,0
6.15845400946481,0,5.55685797058234,0,3.66566653961831,0,0,0,6.0109898552062,0,0,0,0,0,0,0,0,0,0,0,0,0,0,0,32.7389339447021,0,0,0,0,0,0,0,0,0,0,0,0,0,39.0011340054599,0,0,0,40.1759407043457,0,0,0,15.8148695627848,39.1286239624023,8.98773527145386,0,3.98677403586251,0,0,0,0,0,0,0,5.68821675436837,0,4.76573206318749,0,0,0,0,0,0,35.2132264250642,0,38.5998611450195,0,0,0,0,0,0,0,0,0,0,0,39.3517493293399,41.667059580485,0,12.2218083528372,0,0
0,9.56305660846385,0,7.78470084843812,0,0,0,0,0,8.32676109695133,0,0,0,0,0,8.23455451085017,0,0,0,0,0,38.7365290697883,0,22.5929775606251,0,25.3289546966553,0,0,0,0,0,0,0,0,0,0,0,33.6928209630454,0,0,0,0,0,0,0,0,0,33.7303877084152,0,16.4597179889679,0,0,0,0,0,0,0,0,0,0,0,16.1277027013509,0,0,44.4343181610107,0,21.3392125726333,0,20.4648452334934,0,0,0,0,0,0,0,0,0,0,0,41.7023628459257,0,36.0451752798898,0,20.6178653328507,0,0
5.04304933547974,0,22.0230154395103,0,4.12743020057678,0,7.00888822030048,0,0,0,5.09627302743647,0,4.72540908881596,0,0,0,66.5896091461182,0,39.4539578755697,0,6.94053462195018,0,0,0,0,0,0,0,0,0,11.390611774043,0,0,0,0,0,0,0,5.7677479801756,0,0,0,31.4174362182617,0,0,0,21.5035808527911,0,10.6061445007453,0,4.56949942572075,0,4.85329318172384,0,0,0,0,0,5.27560653324638,0,6.43591963011643,0,0,12.1075159021326,0,0,0,0,0,9.54495451185438,0,7.34570796994012,0,8.85007336361546,0,0,0,0,0,0,0,20.3578772240033,10.4113603083293,0,6.7017771357276,0,0
0,0,0,14.1370275020599,0,0,0,3.78601861000061,0,0,0,4.17075500455696,0,0,0,0,0,58.9939031600952,29.6140930175781,6.01513803005219,0,0,0,0,0,0,0,0,0,5.78853444049233,0,0,0,0,0,0,0,5.09967893362045,0,0,0,23.3996732676471,0,0,0,20.3757305145264,0,0,0,6.68243492255777,0,3.55357242955102,0,3.39663073595832,0,0,0,0,0,4.95879093908893,0,4.26323613714665,5.85434250454378,0,32.219123840332,0,0,0,10.8955683618222,0,10.4760120646322,0,7.27183732739744,0,0,0,0,0,0,0,13.3967452812874,0,29.8489500681559,0,5.85970968448597,0,0
5.67122920354207,0,7.24898912740308,0,4.85679225263924,0,6.98047821245332,0,0,0,5.03840050549634,0,4.90692838177209,0,3.34916344285011,0,0,0,61.1135635375977,0,0,0,0,0,40.5182393391927,0,9.45058536529541,0,6.10971243701764,0,0,0,0,0,0,0,0,0,38.0373051961263,0,0,0,36.8768717447917,0,0,0,17.1605847676595,0,10.6242778603993,0,4.28734990572318,0,5.98451225040028,0,5.68821675436837,0,5.27560653324638,0,0,0,5.79179413952687,0,0,8.76435234235681,0,0,0,40.8464317321777,0,6.9135144537454,0,6.8726393411112,0,0,0,0,0,0,0,0,0,32.2836833530002,26.7701365740403,0,8.83359253071398,0,32.1386184692383
0,4.10925626754761,0,3.07450750895909,0,0,0,0,0,0,0,3.22975208503859,0,3.64518877332525,0,2.95694851875305,0,0,0,0,0,0,0,0,0,8.61789456341002,0,5.25722922086716,0,0,0,0,0,0,0,0,0,0,0,0,0,0,0,0,0,0,0,0,0,6.01812842194463,0,0,0,0,0,0,0,4.95879093908893,0,0,0,4.93127354083022,8.31792123615742,0,0,0,0,0,9.66208008494243,0,6.21547448914102,0,0,0,0,0,0,0,0,0,0,0,3.12517742927258,2.95751023292542,8.77906263408376,0,0
6.74196397341215,0,4.42327270254625,0,4.45073395508986,0,0,0,17.5201443731785,0,0,0,5.23683400948842,0,3.25541565577189,0,0,0,59.2324924468994,0,37.8589248657227,0,0,0,22.758974287245,0,12.333839008885,0,0,0,0,0,0,0,0,0,0,0,40.8923263549805,0,0,0,41.1359451293945,0,0,0,14.6189578663219,0,7.90272707688181,0,5.17142613445009,0,0,0,4.76573206318749,0,6.43591963011643,0,5.79179413952687,0,0,0,0,0,0,0,0,32.1719856262207,0,8.90958154859563,0,6.50020576406408,0,40.5719960530599,0,0,0,0,0,0,0,39.8503693667325,50.8454246520996,0,13.3972518426658,0,0
0,4.57872140495865,0,3.43660364121747,0,0,0,0,0,13.901845368472,0,0,0,0,0,3.4487645816803,0,0,0,0,0,52.0842974813361,0,28.460806169008,0,5.69683802127838,0,3.75010472536087,0,0,0,0,0,0,0,0,0,49.4131590788029,0,0,0,42.8993606567383,0,0,0,0,0,47.8143495559692,0,5.59051360819075,0,0,0,0,0,16.1277027013509,0,4.26323613714665,0,4.93127354083022,0,0,7.36418655940465,0,54.6868762969971,0,34.1604661312368,0,6.34123739430324,0,3.58071876896752,0,0,0,0,0,0,0,0,0,51.7165726611489,0,30.4344194754958,0,9.61010518149724,0,0
0,0,0,10.8583520650864,0,6.62744426727295,0,0,0,0,0,3.50064834981862,0,0,0,0,0,41.0046844482422,44.4360275268555,5.95641695065932,0,0,0,0,0,0,0,0,0,0,0,0,0,0,0,11.3340099813995,0,6.07924556732178,0,14.4929317552216,42.6058044433594,26.5716618061066,0,0,0,7.69972683079151,0,0,0,12.3385828988893,0,0,0,0,0,0,0,5.85434250454378,0,8.31792123615742,0,7.36418655940465,0,0,0,0,0,0,0,0,20.987561861674,0,13.7321574460892,0,0,0,0,0,13.6107630301019,0,17.6981204726992,0,16.1666663763474,0,7.16093813686402,0,0
24.775266011556,0,17.9935977458954,0,9.29224538803101,0,0,0,0,0,13.0244860649109,0,0,0,0,0,46.2671895910192,78.4122848510742,38.1611423068576,0,8.51039176959536,0,0,0,0,0,0,0,0,0,0,0,0,0,0,0,4.69903737306595,0,45.2563781738281,0,5.31929888250306,0,26.5403380510284,0,0,0,8.20547598653072,0,29.9030609130859,0,10.1976503972654,0,0,0,0,0,12.1075159021326,0,8.76435234235681,0,0,0,0,0,0,0,0,0,0,0,0,0,0,23.0374993367411,0,0,0,0,0,6.74522502003611,0,30.4312808973372,19.9530422517232,0,10.6187511996361,0,20.016109585762
0,48.1150646209717,0,0,0,0,0,0,0,49.9668829441071,0,0,0,0,0,59.03777440389,0,0,45.8129043579102,0,0,4.44624445033468,0,6.93246802488963,0,6.09768518551867,0,6.41402917774394,0,0,0,0,0,0,0,0,0,11.6617827010386,0,0,0,44.4151840209961,0,0,0,0,0,24.590831211635,0,8.58010665137505,0,0,0,0,0,44.4343181610107,0,32.219123840332,0,0,0,54.6868762969971,0,0,0,0,6.66360125149766,0,7.32214284503654,0,6.31869288272416,0,18.2362809753418,0,0,0,0,0,0,0,7.73339597927032,0,7.06830208407247,9.08147202219282,34.2489833831787,0,0
0,0,0,0,0,0,0,0,0,0,0,0,0,0,0,0,0,0,0,0,0,0,4.66680379695287,0,0,0,4.59413392543793,0,4.09885613392975,0,0,0,0,0,0,0,0,0,6.58762966253966,0,0,0,0,0,0,0,0,0,6.56889154560822,0,0,0,0,0,0,0,0,0,0,0,0,0,0,0,0,0,0,0,0,4.75376260919902,0,5.53568770801812,0,29.0791549682617,0,0,0,0,0,0,0,8.02797689788874,4.56384833105679,2.90657430887222,0,0,0
0,25.8614268302917,0,35.3425941467285,0,0,0,0,0,30.4391045777694,0,0,0,0,0,36.5101089477539,0,0,0,0,0,6.28654996943405,0,3.81749976185006,0,4.00719738006592,0,0,0,0,0,0,0,0,0,0,0,7.32237584181506,0,0,0,0,0,0,0,0,0,20.7774211883545,0,19.7090676171439,0,0,0,0,0,21.3392125726333,0,0,0,0,0,34.1604661312368,0,0,6.66360125149766,0,0,0,3.91872488744188,0,5.91438865661621,0,0,0,0,0,0,0,0,0,17.8040457069874,0,27.3358993530273,0,0,0,0
31.8942088419848,0,38.7035001118978,0,0,0,0,0,30.6246993189823,0,0,0,0,0,0,0,0,0,0,0,0,0,0,0,6.53928556399686,0,0,0,0,0,0,0,0,0,0,0,0,0,5.84582712966434,0,0,0,0,0,0,0,0,0,8.48867146174113,0,0,0,0,0,35.2132264250642,0,0,0,40.8464317321777,0,32.1719856262207,0,0,0,0,0,0,0,0,7.91559471543302,0,0,0,0,0,0,0,0,0,0,0,6.35840593886912,13.9089648173406,0,12.1212959289551,0,0
0,11.6286051706834,0,0,0,0,0,0,0,31.4212223688761,0,0,0,0,0,27.7114181518555,0,0,0,0,0,7.05472936546066,0,3.78518369197845,0,4.5547807261153,0,6.27907330724928,0,0,0,0,0,0,0,0,0,0,0,0,0,40.24591700236,0,0,0,0,0,0,0,9.17653364252734,0,0,0,0,0,20.4648452334934,0,10.8955683618222,0,9.66208008494243,0,6.34123739430324,0,0,7.32214284503654,0,3.91872488744188,0,0,0,6.77807877888389,0,0,0,0,0,0,0,0,0,0,0,25.2146298885345,0,12.9466201978571,0,0
32.9989686106691,0,0,0,0,0,0,0,30.3867318471273,0,0,0,0,0,0,0,0,0,0,0,0,0,5.70119833555378,0,9.56617524226507,0,5.31128291898646,0,5.82149457304101,0,0,0,0,0,0,0,0,0,0,0,0,0,0,0,0,0,0,0,7.11316253646972,0,0,0,0,0,38.5998611450195,0,9.54495451185438,0,6.9135144537454,0,8.90958154859563,0,0,0,0,4.75376260919902,0,7.91559471543302,0,0,0,5.55944203774906,0,0,0,0,0,0,0,0,0,0,0,0,7.75120646813337,0,0
0,0,0,35.151814869472,0,0,0,0,0,60.8115119934082,0,2.92022642336394,0,3.48804111857163,0,3.25078215201696,64.2255172729492,57.8883633931478,40.4937292181927,0,0,6.69277791617052,0,0,0,5.06562577468762,0,5.02761896738149,0,4.26963422258021,0,0,0,0,0,0,0,5.8572851636193,0,0,0,26.8905025810324,0,0,0,31.6161414555141,0,0,0,6.55233398502963,0,0,0,0,0,0,0,10.4760120646322,0,6.21547448914102,0,3.58071876896752,20.987561861674,0,6.31869288272416,0,5.91438865661621,0,6.77807877888389,0,0,0,6.88987296212468,0,0,0,0,0,0,0,5.04575789899144,0,26.4047439725775,3.69616265296936,16.1778751404158,25.9769916534424,0
0,0,0,0,0,0,0,0,0,0,15.7442045211792,0,5.37099854151408,0,0,0,53.3506603240967,0,0,0,0,0,3.96603267931091,0,0,0,6.0766062646542,0,5.66651012464542,0,11.2477918722413,0,0,0,0,0,0,0,16.6503825409468,0,0,0,28.8290607227999,0,0,0,0,0,7.39395586408365,0,0,0,0,0,0,0,7.34570796994012,0,6.8726393411112,0,6.50020576406408,0,0,0,0,5.53568770801812,0,0,0,5.55944203774906,0,0,0,5.9758377655812,0,0,0,0,0,0,0,11.3378514369387,14.5630863961719,0,7.30323958533151,0,0
0,0,0,31.6132308959961,0,0,0,0,0,0,0,5.08293927126917,0,0,0,0,0,56.4125181988972,36.7199152881659,9.2801616191864,0,18.1489992141724,0,0,0,0,0,8.33192519346873,0,5.08990000428332,0,0,0,0,0,0,0,3.84698450298605,0,0,0,22.3355025906935,43.9733848571777,29.7082658495222,0,24.1301223506098,0,0,0,9.69885695921747,0,0,0,0,0,0,0,7.27183732739744,0,0,0,0,13.7321574460892,0,18.2362809753418,0,0,0,0,0,6.88987296212468,0,0,0,0,0,0,0,0,0,7.94929920428727,0,28.7643524983834,0,16.9479519654723,25.9667302408526,0
27.4326610565186,0,34.9537358650794,0,47.2435607910156,0,0,0,0,0,8.89156762710134,0,0,0,0,0,49.6617341648449,0,41.1978037427043,0,11.0690727806091,0,0,0,0,0,0,0,6.75890207290649,0,5.11848791537755,0,0,0,0,0,0,0,5.45689231626103,0,0,0,20.3400259372094,0,28.8242210388184,0,27.4362554862851,0,11.1289667225721,0,38.225777943929,0,0,0,0,0,8.85007336361546,0,0,0,40.5719960530599,0,0,23.0374993367411,0,29.0791549682617,0,0,0,0,0,5.9758377655812,0,0,0,0,0,0,0,0,0,10.2492863339468,31.9754363069796,0,16.1133162073791,0,23.5029196739197
0,0,0,0,0,0,0,0,0,0,0,0,0,0,0,0,0,0,0,0,0,0,0,0,0,0,0,0,0,0,0,4.81408575052544,10.9387473779566,7.24559092521667,0,12.1818414264255,0,0,0,27.0235631942749,26.4165621257964,0,0,0,0,0,44.6917864481608,14.9859554762239,21.4850371990098,18.562292098999,0,0,0,0,0,0,0,0,0,0,0,0,0,0,0,0,0,0,0,0,0,0,0,0,0,16.4763819012823,5.17860166507739,0,5.44204939501093,26.4403377706848,0,0,4.32509482990612,0,24.670990562439,0,0
0,0,0,0,0,0,0,0,0,0,0,0,0,0,0,0,0,0,0,0,0,0,0,0,0,0,0,0,0,0,0,11.9059608645459,5.04327419654344,0,6.72415007814004,38.1221618652344,3.13497285739235,0,0,32.9964431126912,20.7396489779154,0,23.2405033111572,0,0,32.6906318664551,24.9003500938416,10.9562039798546,5.60726586977641,23.4483308792114,0,0,0,0,0,0,0,0,0,0,0,0,0,0,0,0,0,0,0,0,0,0,0,0,16.4763819012823,0,0,6.7430434763345,24.7126601397234,6.33306892845038,0,0,7.92819231556308,0,29.4295590365375,0,0
0,0,0,0,0,0,0,0,0,0,0,0,0,0,0,0,0,0,0,0,0,0,0,0,0,0,0,0,0,0,0,6.7423431634903,0,5.11675764167186,4.22566231091817,7.5866170423731,0,5.22941962404454,0,0,0,0,0,0,0,0,0,6.99822980651902,0,4.82858800888062,0,0,0,0,0,0,0,0,0,0,0,0,0,0,0,0,0,0,0,0,0,0,0,0,5.17860166507739,0,0,4.63107109069824,5.70425337612039,0,4.57527213958373,0,5.59066461381458,5.42797325786791,0,0,0
0,0,0,0,0,0,0,0,0,0,0,0,0,0,0,0,0,0,0,0,0,0,0,0,0,0,0,0,0,0,0,0,4.59937776303759,5.24316349321482,5.02298311119314,0,3.46319847003273,0,4.03294605468882,0,0,0,44.0233001708984,0,0,0,0,7.40232900840629,3.5232205757728,0,0,0,0,0,0,0,0,0,0,0,0,0,0,0,0,0,0,0,0,0,0,0,0,0,0,6.7430434763345,4.63107109069824,0,0,4.64628612917233,0,4.8972796093243,6.70550881707391,0,47.6792678833008,0,0
0,0,0,0,0,0,0,0,0,0,0,0,0,0,0,0,0,75.4811935424805,0,16.3366957796298,0,0,0,0,0,0,0,0,0,0,0,8.3618467330043,23.4108999621484,5.63437764265741,0,5.24960042549974,20.7206227779388,7.232141547296,0,7.88014420532727,26.0828664657917,20.2056450427662,0,0,0,14.3755757691988,34.0280604362488,14.4123140944543,24.6592396621704,5.20804873840276,0,0,0,0,0,0,0,0,0,0,0,0,13.6107630301019,0,0,0,0,0,0,0,0,0,0,0,5.44204939501093,24.7126601397234,5.70425337612039,0,0,28.4858276144284,5.82599251352973,0,6.84838919996101,0,11.5338883682521,0,0
0,0,0,0,0,0,0,0,0,0,0,0,0,0,0,0,0,0,28.386754989624,0,6.29866933431782,0,0,0,0,0,0,0,0,0,0,20.3789125133205,15.8981689870358,0,10.5740319452946,27.1262475013733,5.86679576775081,0,8.17309940827859,32.6245955105486,5.53028333829253,0,14.6712675795043,0,0,40.0648803710938,9.81889002961358,10.3593594785707,5.86235116459713,26.8770725250244,0,0,0,0,0,0,0,0,0,0,0,0,0,6.74522502003611,0,0,0,0,0,0,0,0,0,0,26.4403377706848,6.33306892845038,0,4.64628612917233,28.4858276144284,0,0,5.58634779888768,8.59579643247821,49.7326431274414,10.8393697177964,0,0
0,42.7421491871709,0,36.2518698952415,0,0,0,0,0,43.0494174273366,0,4.80141212145487,0,0,0,48.9441267649333,65.9190470377604,61.9060194685652,40.9334133115865,5.64486292582839,0,8.73422022186108,0,19.7631812095642,0,0,0,4.51091132916902,0,14.3453683853149,0,0,0,4.26451841045371,0,6.40149006540512,0,5.87319017950299,0,3.10910899822529,0,24.2291124280528,0,41.3322381973267,0,28.5467719045179,0,9.28974493344625,0,7.32233198352326,0,0,0,0,0,41.7023628459257,0,13.3967452812874,0,0,0,51.7165726611489,17.6981204726992,0,7.73339597927032,0,17.8040457069874,0,0,0,5.04575789899144,0,7.94929920428727,0,0,0,4.57527213958373,0,5.82599251352973,0,0,18.0494270324707,10.5008677269823,6.65752177497968,20.3749488894945,28.471196101262,0
36.57066822052,0,47.2266877118279,0,0,0,0,0,32.2614983320236,0,11.882599463408,0,0,0,0,0,63.5009206136068,90.4540557861328,51.8435659910503,0,25.8552041734968,0,6.77186953940359,0,6.44576534628868,0,0,0,9.47032178850735,0,7.64325781144958,0,0,18.4535751342773,4.8574280516153,0,5.88820389319194,18.9707961082458,5.76314213881971,0,0,0,35.2104289388082,0,43.9163818359375,0,37.6323942806631,8.48131384168352,14.8862768676459,0,54.2853622436523,0,0,0,39.3517493293399,0,20.3578772240033,0,32.2836833530002,0,39.8503693667325,0,0,30.4312808973372,0,8.02797689788874,0,6.35840593886912,0,0,0,11.3378514369387,0,10.2492863339468,0,0,0,4.8972796093243,0,5.58634779888768,18.0494270324707,0,11.7208539995608,5.3057553768158,28.7100874590495,124.225036621094,37.7430887676421
16.0274834251404,21.6064569774796,33.4186110496521,31.5476369426168,2.95805501937866,4.01506328582764,2.85978168911404,0,5.11181995603773,21.6650411932092,3.72013357270089,2.97808317704634,3.05646867979141,2.79525506496429,0,3.60057687759399,12.8272053759832,13.7396634270546,15.5468511805658,4.78834343873538,15.2040189198085,4.38157919716479,3.51348711990175,13.8949953317642,5.69129014015198,4.79280977589743,0,3.91001462936401,5.91626566648483,3.43876922130585,13.6986970901489,3.1797369395461,4.22526585019153,4.03829176449081,3.95305767729263,4.48331105427479,4.57420042714369,6.13233943193792,5.24553597640673,17.4969574610392,39.3481025695801,11.5351829010565,18.403182332428,20.7983240471185,20.5006416638692,20.9459431940916,18.4514052375289,8.19608587131905,13.9081950146038,20.3113445959906,12.1566639476352,0,2.74668725331624,0,41.667059580485,36.0451752798898,10.4113603083293,29.8489500681559,26.7701365740403,3.12517742927258,50.8454246520996,30.4344194754958,16.1666663763474,19.9530422517232,7.06830208407247,4.56384833105679,27.3358993530273,13.9089648173406,25.2146298885345,0,26.4047439725775,14.5630863961719,28.7643524983834,31.9754363069796,4.32509482990612,7.92819231556308,5.59066461381458,6.70550881707391,6.84838919996101,8.59579643247821,10.5008677269823,11.7208539995608,0,7.3994979296999,21.166156818015,21.0934963226318,25.6066626299982
0,0,0,0,0,0,0,0,0,0,0,0,0,3.17046928405762,0,0,36.219633380572,6.28681587592078,42.7056906563895,2.74843168258667,0,4.14960757891337,2.97900475925869,0,0,0,0,3.38529499371847,0,0,0,0,0,5.02053092002869,3.35883331298828,5.39526796340942,4.40069806717691,6.6657556313012,5.87940073013306,0,0,35.5960350036621,28.1492935738912,20.9081557273865,17.2859955363803,18.266773223877,0,6.96687650680542,0,0,0,0,0,0,0,0,0,0,0,2.95751023292542,0,0,0,0,9.08147202219282,2.90657430887222,0,0,0,0,3.69616265296936,0,0,0,0,0,5.42797325786791,0,0,49.7326431274414,6.65752177497968,5.3057553768158,7.3994979296999,0,14.1983830196651,0,35.0651378631592
