0,0,10.7866044044495,0,0,0,0,0,260.006433457136,0,0,0,0,0,0,0,2.11090060323477,0.15675775706768,13.5458581745625,0,0,0,0,0,3.91771739721298,0,0,0,0,0,0,0,0,0,0,0,0,0,8.30027043819427,0,0,0.1411442309618,16.5094809234142,0,0,0,0,0,32.7948151826859,0,2.15978693962097,0,0,0,172.131298065186,0,0.243635684251785,0,0,0,13.6568218767643,0,0,0,0,0,0,0,0,0,0,0,0,0,0,0,0,0,0,0,0,0,12.9424492269754,0,566.246591687202,0,0
0,0,0,97.4823847413063,0,0,0,0,0,576.139180615544,0,0,0,0,0,0,0,0,9.54207767546177,0,0,0,0,0.459329038858414,0,0,0,0,0,0,0,0,0,0,0,0,0,0,0,0,0,186.089672982693,0,0,0,0,2.50111463665962,0,0,252.99530659616,0,1.4194905012846,0,0,0,846.609992489219,0,0,0,0,0,0,0,0,0,0,0,0,0,0,0,0,0,0,0,0,0,0,0.326777189970016,0,0,0,254.298767283559,1.22192084789276,120.55198032409,5.89898228645325,0
10.7866044044495,0,0,0,2.34550595283508,0,1.45168250799179,0,34.7188014388084,0,0,0,0,0,0,0,0.389128252863884,0,23.547331482172,0,4.98126326501369,0,0,0,0,0,0,0,0,0,0,0,0,0,0,0,1.06288859248161,0,11.8976178914309,0.858293056488037,11.5262703672051,0,78.0409658625722,0,0,0,12.6079853326082,0,70.6083265021443,0,213.088322252035,0,0,0,101.628608047962,0,38.8531280532479,0,11.3347189277411,0,3.57720032334328,0,0,13.2446113675833,0,0,0,0.139994829893112,0,0,0,0,0,4.11123296618462,0,0,0,0,0.984932661056519,13.2028948441148,0,7.38897424936295,120.872454747558,0.233936443924904,320.635253489017,0,8.41866686940193
0,97.4823847413063,0,0,0,177.91697755456,0,0,0,81.18983758986,0,0,0,0,0,0,0.203204929828644,0,7.54654549062252,0,0,0,0,0,0,0,0,0,0,0,0,0,0,0,0,1.20390000939369,0.235335551202297,0.242030665278435,0,11.2136437445879,0,271.326911777258,3.21580290794373,0,0,5.01044869422913,0.572174966335297,1.89683022350073,0.611672967672348,112.370023056865,0,572.083603322506,0,0,0,0,0,29.9151433557272,0,0,0,2.0128732919693,3.96535538136959,0,0,0,0,0,0,0,0,0,12.0103409439325,0,0,0,0,0,7.25634923577309,0.315177485346794,5.13385352492332,0,108.295588836074,0.830365493893623,413.03234205395,4.22486588358879,0
0,0,2.34550595283508,0,0,0,41.4776452183723,0,0,0,0,0,0,0,0,0,0,0,4.56725597381592,0,6.48327240347862,0,0,0,0,0,0,0,0,0,0,0,0,0,0,0,10.4631527662277,0,0,0,4.52165038883686,0,17.2534434497356,0,0,4.9764666557312,0,0,2.11966943740845,0,51.8527911603451,0,0,0,0,0,34.4135809242725,0,22.2402611970901,0,2,0,0,4.39172023534775,0,0,0,0,0,0,0,0,0,0,0,0,0,0,0,4.15219259262085,0,0,32.3058077096939,0,133.340504720807,0,0.712189555168152
0,0,0,177.91697755456,0,0,0,0,0,177.321768805385,0,0,0,0,0,31.6397386491299,0,0,0,70.4197335243225,0,0,0,0,0,0,0,0,0,0,0,0,0,0,0,0,0,0,0,0,0,3.54557704925537,0,0,0,0,0,1.24190247058868,0,8.34065651893616,0,308.216801434755,0,1.56552022695541,0,17.3680978119373,0,2.42732053995132,0,0,0,0,0,0,0,0,0,0,0,0,0,0,0.593601882457733,0,0,0,0,0,0,0,0,0,462.13239261508,2.37106776237488,138.858249723911,0,0
0,0,1.45168250799179,0,41.4776452183723,0,0,0,0,0,0,0,80.6453268527985,0,0,0,0,0,0,0,0,0,0,0,0,0,0,0,0,0,0,0,0,0,0,0,0,0,0,0,0,0,0,0,0,0,0,0,0,0,1.33153975009918,0,241.114591658115,0,0,0,7.55877456068993,0,174.815601438284,0,0,0,0,0,0,0,0,0,0,0,0,0,0,0,0,0,0,0,0,0,0,0,611.043635845184,140.433044612408,11.9399865269661,0,0.246617689728737
0,0,0,0,0,0,0,0,0,0,0,30.5161957144737,0,0,0,0,0,0,0,0,0,0,0,0,0,0,0,0,0,0,0,0,0,0,0,0,0,0,0,0,0,0,0,0,0,0,0,0,0,0,0,74.8568501472473,0,193.814716726542,0,0,0,200.202720046043,0,0,0,0,0,0,0,0,0,0,0,0,0,0,0,0,0,0,0,0,0,0,0,0,152.968001127243,0,0,0,0
260.006433457136,0,34.7188014388084,0,0,0,0,0,0,0,0,0,0,0,37.6144062876701,0,16.4335399270058,0,0.814616531133652,0,0,0,2.27123326063156,0,234.475537464023,0,0,0,0,0,0,0,0,0,0,0,0,0,123.026236116886,0,0,0,2.88319900631905,0,0,0,0,0,11.9367168694735,0,0,0,0,0,810.867244631052,0,0,0,0,0,290.316877692938,0,0,0,0,0,0,80.3540939986706,0,45.2978873252869,0,0,0,0,0,0,0,0,0,0,0,16.1774741709232,1274.17109879851,5.07058328390121,362.863109216094,0,0
0,576.139180615544,0,81.18983758986,0,177.321768805385,0,0,0,0,0,0,0,0,0,13.6888879537582,0,0,3.71156135201454,0,0,0,0,52.9266335070133,0,0,0,0,0,0,0,0,0,0,0,0,0,251.42163297534,0,0,0,18.2617049515247,0,0,0,0,0,0,0,25.9663503170013,0,4.90243953466415,0,0,0,753.6445171386,0,0,0,0,0,0,0,0,0,0,32.5701929032803,0,0,0,0,0,0,0,0,0,0,0,0,0,130.374439075589,0,1252.90332368016,2.91404628753662,62.5581692904234,0,0
0,0,0,0,0,0,0,0,0,0,0,0,778.53820541501,0,0,0,0,0,0,0,683.875240236521,0,0,0,0,0,0,0,14.3293896913528,0,48.3996196985245,0,0,0,0,0,310.190107397735,0,1043.31813521683,0,0,0,0,0,0,0,0.122213281691074,0,0,0,0,0,0,0,0,0,1508.98795274645,0,1367.70714986324,0,0,0,0,117.288464620709,0,0,0,0,0,0,0,98.4856667220592,0,18.5990152359009,0,0,0,0,0,148.563128508627,0,171.191008552909,171.531609326601,0,0,0,0
0,0,0,0,0,0,0,30.5161957144737,0,0,0,0,0,849.67776581645,0,0,0,0,0,83.547200024128,0,0,0,0,0,0,0,40.7362589836121,0,43.3609495013952,0,0,0,0,0,402.317240327597,0,746.233213156462,0,0,0,0,0,0,0,2.77700358629227,0,0,0,0,0,0,0,55.589167714119,0,0,0,1580.73036672175,0,43.6904926896095,0,0,262.197223007679,0,0,0,0,0,0,0,0,0,30.7082537263632,0,0,0,0,0,132.640391349792,0,121.807639077306,0,197.551536470652,0,11.9451357871294,0,0
0,0,0,0,0,0,80.6453268527985,0,0,0,778.53820541501,0,0,0,12.7979423999786,0,0,0,0,0,0,0,0,0,0,0,0,0,0,0,0,0,0,0,0,0,0,0,0,0,0,0,0,0,0,0,0,0,0,0,0,0,9.70295238494873,0,0,0,54.94069185853,0,416.338958352804,0,1,0,0,0,0,0,0,0,0,0,0,0,0,0,0,0,0,0,0,0,0,0,667.036834210157,650.447098135948,0,0,0
0,0,0,0,0,0,0,0,0,0,0,849.67776581645,0,0,0,130.567075252533,0,0,0,0,0,0,0,0,0,0,0,1.65807977318764,0,7.84509479999542,0,0,0,0,0,0,0,0,0,0,0,0,0,0,0,0,0,0,0,0,0,0,0,0,0,0,0,263.187897741795,0,1276.82520142198,0,113.377378255129,0,0,0,0,0,0,0,0,0,0,0,0,0,0,0,0,0,0,0,0,235.358833312988,0,0,0,0
0,0,0,0,0,0,0,0,37.6144062876701,0,0,0,12.7979423999786,0,0,0,10.9352140426636,0,0,0,0,0,0,0,0,0,11.3227097988129,0,0,0,0,0,0,0,0,0,0,0,0,0,0,0,0,0,0,0,0,0,0,0,0,0,0,0,24.8608460426331,0,0,0,0.561189949512482,0,322.555980175734,0,0,0,0,0,0,0,0,48.0892516374588,0,0,0,0,0,0,0,0,0,0,0,0,738.88868072629,120.258474141359,0,0,0
0,0,0,0,0,31.6397386491299,0,0,0,13.6888879537582,0,0,0,130.567075252533,0,0,0,21.0153055042028,0,0,0,0,0,0,0,0,0,0,0,0,0,0,0,0,0,0,0,0,0,0,0,0,0,0,0,0,0,0,0,0,0,0.726503252983093,0,0,0,494.495800971985,0,0,0,3.92740178108215,0,97.5784655213356,0,0,0,0,0,0,0,0,0,0,0,0,0,0,0,0,0,0,0,0,213.100977063179,55.8042154312134,0,0,0
2.11090060323477,0,0.389128252863884,0.203204929828644,0,0,0,0,16.4335399270058,0,0,0,0,0,10.9352140426636,0,0,11800.1105496883,2808.35416959971,0,1.91713094711304,1.71458685398102,927.726517260075,0,97.0105986297131,0,1414.43128859997,0,97.580944955349,0,0,0,0,0,0,0,3.42872962355614,0,0,98.4610710889101,21.6859055906534,65.5408716350794,36.8251497969031,3.97491997480392,0.684009045362473,4.08480988442898,87.992173910141,0,3.12942703068256,0,0,0,0,0,0,0,3.36469709873199,0,0,0,0,0,0,33.9798364713788,0,0,0,23.2054069042206,0,83.7834079265594,0,11.7562897801399,0,1.65484116971493,0,0,0,0,76.3155541568995,150.372026674449,1.4693683385849,13.7397255599499,7518.22702045739,1397.79021629691,134.793177641928,13.0720392167568,16.8232306838036
0.15675775706768,0,0,0,0,0,0,0,0,0,0,0,0,0,0,21.0153055042028,11800.1105496883,0,4085.03533608466,0,0.934431314468384,633.454749137163,0,149.526953101158,0,453.550824970007,0,0,0,0,0,0,0,0,0,0,0,0,0.863576889038086,60.3457191884518,16.6325466781855,37.9955656379461,16.649793535471,7.38781824707985,0.748080760240555,7.18539534509182,31.3712624907494,0,0,0.214541241526604,0,0,0,0,0,0,3.6890714019537,0,0,0,0,0,0,19.4281417578459,44.2474304735661,0,1.01771521568298,0,0,0,0,0,0,0.23039136826992,0,0,0,0,37.1889865249395,94.6222741380334,2.0991228222847,14.7349728941917,8231.45435063541,871.608672216535,72.4181029647589,2.51216757297516,3.73270039260387
13.5458581745625,9.54207767546177,23.547331482172,7.54654549062252,4.56725597381592,0,0,0,0.814616531133652,3.71156135201454,0,0,0,0,0,0,2808.35416959971,4085.03533608466,0,0,4.13020507991314,0,0,0,0,0,0,0,0,0,0,0,0,0.265039563179016,0,1.33521687984467,5.74792143702507,0.366354584693909,5.04102078080177,1685.48969952762,275.409345269203,1917.44104585052,499.755394041538,96.0557552725077,11.5993224531412,142.057615399361,931.982442334294,2.45863150060177,19.9550399035215,21.2332931607962,0,1.0587872415781,0,0,0,0,57.2574370875955,44.3174219280481,0.622711777687073,0,0,0,4.65085791051388,359.320495702326,0,0,0.70467646420002,0,0,0,0,0,23.4052498936653,19.6881552487612,0,0,0,0,862.953131221235,1244.12911311537,68.8303597867489,74.453742288053,2550.48530145735,3.86896544694901,2574.20245732367,417.12917060405,133.561274409294
0,0,0,0,0,70.4197335243225,0,0,0,0,0,83.547200024128,0,0,0,0,0,0,0,0,0,0,0,0,0,0,0,0,0,0,0,0,0,0,0,623.024746924639,0,126.722485020757,0,0,0,0,0,0,0,8.7533311098814,0,0,0,0,0,0,0,0,0,0,0,0,0,0,0,0,1948.42552095652,0,0,0,0,0,0,0,0,0,0,0,0,0,0,0,114.701166018844,0,20.7122496217489,0,50.5269668251276,2.34954383969307,30.2213900238276,0,0
0,0,4.98126326501369,0,6.48327240347862,0,0,0,0,0,683.875240236521,0,0,0,0,0,1.91713094711304,0.934431314468384,4.13020507991314,0,0,0,0,0,0,0,0,0,0,0,0,0,0,0,0,0,1481.17266380787,0,124.871106803417,0,0.384025394916534,0,3.04109598696232,0,0.213357761502266,0,35.8873619288206,0,0,0,13.244795396924,0,0,0,0,0,195.754596009851,0,0,0,0,0,0,1446.66921979934,0,0,0,0,0,0,0,0,0,0,0,0,0,0,0,316.518257297575,0,175.983057290316,366.814610555768,1.41902182996273,84.6445526331663,0,3.99784001708031
0,0,0,0,0,0,0,0,0,0,0,0,0,0,0,0,1.71458685398102,633.454749137163,0,0,0,0,659.754212796688,17.5923039615154,0,195.897993832827,0,163.274403095245,0,0,0,0,0,0,0,0,0,1084.79315839708,0,0,0,0,0,0,0,0,0,0,0,127.994178622961,0,0,0,0,0,0,0,0,0,0,0,0,0,0,6448.40862218291,31.6290107965469,56.7921423912048,0,0,0,33.9238896369934,0,0,0,0,0,0,0,0,0,454.649237900972,0,1602.19387510419,201.064102709293,0,0,0
0,0,0,0,0,0,0,0,2.27123326063156,0,0,0,0,0,0,0,927.726517260075,0,0,0,0,659.754212796688,0,0,161.519663155079,0,19.1499793231487,0,29.5188425183296,0,0,0,0,0,0,0,0,28.8376402258873,659.469434827566,0,0,0,0.181094631552696,0,0,0,0,0.908663958311081,31.5797811299562,0,0,0,0,0,0.489055752754211,0,0,0,0,0,0,0,0,0,3,6235.9751316011,0,120.040671318769,0,50.936166241765,0,17.868568867445,0,0,0,0,0,0,0,0,19.2933422923088,629.669970974326,983.395115092397,444.057346045971,1.89805948734283,0,0
0,0.459329038858414,0,0,0,0,0,0,0,52.9266335070133,0,0,0,0,0,0,0,149.526953101158,0,0,0,17.5923039615154,0,0,0,5.38623261451721,0,0,0,0,0,0,0,0,0,0,0,672.477109700441,0,0,0,0,0.648144900798798,0,0,0,0,4.88772857189178,0,1.26833248138428,0,0,0,0,0,48.1017182171345,0,0,0,0,0,0,0,0,225.357489019632,0,219.004162549973,0,32.4121163487434,0,0,0,0,0,0,0,0,0,0,0,323.56341072917,0,179.473952934146,0,1.5203258395195,0,0
3.91771739721298,0,0,0,0,0,0,0,234.475537464023,0,0,0,0,0,0,0,97.0105986297131,0,0,0,0,0,161.519663155079,0,0,0,384.693848460913,0,0,0,0,0,0,0,0,0,0,0,795.345377385616,0,0,0,4.61310796439648,0,0,0,0,12.9708946794271,336.010100886226,0,0,0,0,0,38.6512822806835,0,0,0,0,0,0,0,0,0,0,8.53113988041878,0,236.666285812855,0,614.305530205369,0,0,0,0,0,0,0,0,0,0,0,168.719878926873,300.981840968132,0,55.1216615736485,0,0
0,0,0,0,0,0,0,0,0,0,0,0,0,0,0,0,0,453.550824970007,0,0,0,195.897993832827,0,5.38623261451721,0,0,0,38.807155251503,0,0,0,0,0,0,0,0,0,0,0,0,0,0,0,0,0,0,0,0,0,0,0,0,0,0,0,0,0,0,0,2.2318360209465,0,0,0,0,96.5074144899845,0,420.823214232922,0,130.088285565376,0,0,0,0,0,0,0,0,0,0,0,0,0,73.1213521510363,0,0,0,0
0,0,0,0,0,0,0,0,0,0,0,0,0,0,11.3227097988129,0,1414.43128859997,0,0,0,0,0,19.1499793231487,0,384.693848460913,0,0,0,25.5414078235626,0,0,0,0,0,0,0,0,0,0,0,0,0,0,0,0,0,0,0,0,0,0,0,0,0,0,0,0,0,0,0,0,0,0,0,0,0,0,59.931252092123,0,271.279232770205,0,55.4934403896332,0,0,0,0,0,0,0,0,0,0,114.004262536764,0,0,0,0
0,0,0,0,0,0,0,0,0,0,0,40.7362589836121,0,1.65807977318764,0,0,0,0,0,0,0,163.274403095245,0,0,0,38.807155251503,0,0,0,120.333606302738,0,0,0,0,0,0,0,0,0,0,0,0,0,0,0,0,0,0,0,0,0,0,0,0,0,0,0,130.129560112953,0,118.519903287292,0,3.71524298191071,0,0,32.779895067215,0,0,0,61.9971081018448,0,848.603485733271,0,109.926111161709,0,0,0,0,0,0,0,88.4076618552208,0,7.9504414498806,0,0,0,0
0,0,0,0,0,0,0,0,0,0,14.3293896913528,0,0,0,0,0,97.580944955349,0,0,0,0,0,29.5188425183296,0,0,0,25.5414078235626,0,0,0,1063.2869669497,0,0,0,0,0,0,0,167.673261284828,0,0,0,0,0,0,0,0,0,0,0,0,0,0,0,0,0,0,0,1,0,0,0,0,0,0,15.0135040283203,0,0,0,1,0,1019.28350450099,0,69.7494501471519,0,0,0,0,0,0,0,6.81252184510231,95.0629268884659,206.211528301239,0,0,0
0,0,0,0,0,0,0,0,0,0,0,43.3609495013952,0,7.84509479999542,0,0,0,0,0,0,0,0,0,0,0,0,0,120.333606302738,0,0,0,0,0,0,0,0,0,3.65495121479034,0,0,0,0,0,0,0,0,0,0,0,0,0,0,0,0,0,0,0,2.61320123076439,0,0,0,0,0,0,0,0,0,0,0,0,3.42965704202652,0,341.407909139991,0,0,0,0,0,0,0,158.778413251042,0,2.61801445484161,0,0,0,0
0,0,0,0,0,0,0,0,0,0,48.3996196985245,0,0,0,0,0,0,0,0,0,0,0,0,0,0,0,0,0,1063.2869669497,0,0,0,0,0,0,0,0,0,292.067668676376,0,0,0,0,0,0,0,0,0,0,0,0,0,0,0,0,0,0,0,0,0,0,0,0,0,0,0,0,0,0,0,0,894.436034202576,0,551.215501368046,0,0,0,0,0,0,0,26.3505212962627,126.236982047558,117.652389138937,0,0,0
0,0,0,0,0,0,0,0,0,0,0,0,0,0,0,0,0,0,0,0,0,0,0,0,0,0,0,0,0,0,0,0,1540.27319437265,49.0967811644077,12.6875937879086,1189.76091697067,499.890068948269,0,0,0,31.9511862397194,0,0,0,0,0,0,6355.80668599904,19.6139731705189,0,0,0,0,0,0,0,0,0,0,0,0,0,0,0,0,0,0,0,0,0,0,0,0,0,286.958719268441,1030.57356154919,136.440752267838,9.51204538345337,459.319377325475,395.937787979841,0,0,379.083116620779,0,0,0,0
0,0,0,0,0,0,0,0,0,0,0,0,0,0,0,0,0,0,0,0,0,0,0,0,0,0,0,0,0,0,0,1540.27319437265,0,13.1214978694916,9.41061800718307,22.5839029848576,359.656148821115,0,0,0,0,0,0,0,0,0,0,291.908547371626,36.5651841163635,0,0,0,0,0,0,0,0,0,0,0,0,0,0,0,0,0,0,0,0,0,0,0,0,0,20.3508954942226,704.762984186411,0,0.448918551206589,0,686.959096074104,0,0,63.8066710829735,0,0,0,0
0,0,0,0,0,0,0,0,0,0,0,0,0,0,0,0,0,0,0.265039563179016,0,0,0,0,0,0,0,0,0,0,0,0,49.0967811644077,13.1214978694916,0,2053.3123318702,1149.85052075982,0,136.94534355402,142.603513598442,0,0,1.72830465435982,7.71282425522804,0,0,0,0,2485.28429509699,24.9941616356373,1.13078388571739,0,0,0,0,0,0,0,0,0,0,0,0,0,0,0,0,0,0,0,0,0,0,0,0,26.5000528097153,21.3300502896309,814.771958425641,1009.24549305439,604.655078351498,0,78.2370545268059,357.404360979795,776.143608361483,0,7.53264170885086,0,0
0,0,0,0,0,0,0,0,0,0,0,0,0,0,0,0,0,0,0,0,0,0,0,0,0,0,0,0,0,0,0,12.6875937879086,9.41061800718307,2053.3123318702,0,326.648119658232,149.932760417461,10.3379238247871,93.3754870295525,0,0,0,0,0,0,0,0,1100.82609333098,0,0,0,0,0,0,0,0,0,0,0,0,0,0,0,0,0,0,0,0,0,0,0,0,0,0,0,0,115.988453298807,2127.69760657847,30.2625378966331,710.58983451128,0,407.306006222963,164.48523786664,0,0,0,0
0,0,0,1.20390000939369,0,0,0,0,0,0,0,402.317240327597,0,0,0,0,0,0,1.33521687984467,623.024746924639,0,0,0,0,0,0,0,0,0,0,0,1189.76091697067,22.5839029848576,1149.85052075982,326.648119658232,0,2526.20998039842,1791.0238275826,149.051962584257,2.13365127146244,0,1.330422103405,0,0,0,38.0547119304538,0.127625718712807,138.658590272069,0.62288635969162,2.3745142519474,0,0,0,0,0,0,0.267581313848495,9.26650434732437,0,0,0,0,1674.64369280636,0,0,0,0,0,0,0,0,0,0,0,780.229831017554,147.217114180326,1370.68421714008,0,18253.6218504235,2340.47981739044,301.000220105052,1.8288722038269,3963.43767639995,727.828696042299,216.268323525786,0,0
0,0,1.06288859248161,0.235335551202297,10.4631527662277,0,0,0,0,0,310.190107397735,0,0,0,0,0,3.42872962355614,0,5.74792143702507,0,1481.17266380787,0,0,0,0,0,0,0,0,0,0,499.890068948269,359.656148821115,0,149.932760417461,2526.20998039842,0,11.401258289814,3043.18572556227,0,56.1972391754389,0,9.30831208080053,0,0.17916813492775,0,42.3776006922126,66.0375173985958,62.999528169632,0.243354186415672,3.21547125279903,0,2.271160364151,0,0,0,596.954405277967,0.109194695949554,0,0,0,0,0,526.109020456672,0,0,0,0,0,0,0,0,0,0,2.0431861281395,436.101477280259,0,138.26431325078,313.099908530712,16668.6547638476,0,1264.29453656077,3345.89870369434,2545.40580036491,157.265363812447,0,1.10541631281376
0,0,0,0.242030665278435,0,0,0,0,0,251.42163297534,0,746.233213156462,0,0,0,0,0,0,0.366354584693909,126.722485020757,0,1084.79315839708,28.8376402258873,672.477109700441,0,0,0,0,0,3.65495121479034,0,0,0,136.94534355402,10.3379238247871,1791.0238275826,11.401258289814,0,460.281227111816,1.54970851540565,0,22.0355603396893,17.9358613044024,0,0,25.1760699301958,0.255286335945129,1507.44954577088,1.31740292906761,65.3645016998053,0,0,0,0,0,56.1158151626587,0,165.721217602491,0,0,0,0,195.918520919979,0,354.241186663508,5.02373158931732,522.268572300673,0,0,0,0,0,0,0,0,0,246.888334304094,0,1176.22198738903,0,9037.46726693213,419.357333809137,2957.59099823236,196.582421004772,88.7298816591501,1.10817518830299,0
8.30027043819427,0,11.8976178914309,0,0,0,0,0,123.026236116886,0,1043.31813521683,0,0,0,0,0,0,0.863576889038086,5.04102078080177,0,124.871106803417,0,659.469434827566,0,795.345377385616,0,0,0,167.673261284828,0,292.067668676376,0,0,142.603513598442,93.3754870295525,149.051962584257,3043.18572556227,460.281227111816,0,0,0,0.305010825395584,21.7509420365095,0.317477703094482,0,0,21.7995728999376,1505.12656614184,959.091699853539,0,0.450458973646164,0,0,0,152.641224071383,0,229.538389801979,0,0.221127972006798,0,0,0,0,186.979640305042,0,216.199085697532,0,486.602199986577,0,4.32052755355835,0,60.7587884217501,0,102.077448606491,0,0,0,208.040144592524,102.719505853951,1247.92218777537,40.9321283102036,13631.5613374785,2415.36094538122,241.980228126049,172.370410449803,0,11.8519668132067
0,0,0.858293056488037,11.2136437445879,0,0,0,0,0,0,0,0,0,0,0,0,98.4610710889101,60.3457191884518,1685.48969952762,0,0,0,0,0,0,0,0,0,0,0,0,0,0,0,0,2.13365127146244,0,1.54970851540565,0,0,12.5079569369555,3381.33726646006,39.8913944810629,211.052416861057,0.135094448924065,816.420491702855,86.3928158134222,5.13413349539042,0.861164093017578,345.380308896303,0,0.178781151771545,0,0,0,0,1.93771371245384,7.02664938569069,0,0,0,0,25.688947468996,7.5809922888875,0.197130873799324,0,0.581091538071632,0,0,0,0,0,0.915044158697128,0.202686667442322,0,0,0,0,232.549999728799,42.7601749077439,24.5683783590794,1.6012649089098,466.953511416912,0.58295401930809,2447.58867110312,318.900488108397,5.06475926935673
0,0,11.5262703672051,0,4.52165038883686,0,0,0,0,0,0,0,0,0,0,0,21.6859055906534,16.6325466781855,275.409345269203,0,0.384025394916534,0,0,0,0,0,0,0,0,0,0,31.9511862397194,0,0,0,0,56.1972391754389,0,0,12.5079569369555,0,9.24734456837177,440.448429450393,0,8.53509111702442,19.8058328703046,267.816223375499,1362.46433019638,1540.30155208707,0.25311753153801,13.8944599255919,0,0,0,0,0,32.3220654800534,0,0,0,0,0,0,117.789367765188,0,0,0,0.365861117839813,0,0,0,0,0.898701041936874,17.1278425604105,0,5.49694520235062,0,0,1.51786786317825,1661.43750755489,0,13.3276530504227,134.347651995718,4.06283454596996,786.328882493079,0.499622866511345,167.464999318123
0.1411442309618,186.089672982693,0,271.326911777258,0,3.54557704925537,0,0,0,18.2617049515247,0,0,0,0,0,0,65.5408716350794,37.9955656379461,1917.44104585052,0,0,0,0,0,0,0,0,0,0,0,0,0,0,1.72830465435982,0,1.330422103405,0,22.0355603396893,0.305010825395584,3381.33726646006,9.24734456837177,0,526.842375561595,78.6483699828386,1.54675340652466,367.629645898938,36.9036597013474,190.712010636926,5.31594085693359,603.712525948882,0,33.0015671104193,0,0,0,0,2.80174309015274,36.999910980463,0,0,0,0,84.5341486781836,6.12570576369762,4.5551180690527,0,11.2382401525974,0,0,0,0,0,24.6585727035999,0,0,0,0,0,470.969356358051,38.5672449022532,20.932768702507,0.992551296949387,1582.10410913825,2.36540725082159,3872.12249430269,523.671723909676,10.4124732986093
16.5094809234142,0,78.0409658625722,3.21580290794373,17.2534434497356,0,0,0,2.88319900631905,0,0,0,0,0,0,0,36.8251497969031,16.649793535471,499.755394041538,0,3.04109598696232,0,0.181094631552696,0.648144900798798,4.61310796439648,0,0,0,0,0,0,0,0,7.71282425522804,0,0,9.30831208080053,17.9358613044024,21.7509420365095,39.8913944810629,440.448429450393,526.842375561595,0,5.90732555091381,35.4820430055261,15.9286132901907,974.733409784734,160.878499284387,453.778678543866,12.7888606712222,22.8604387193918,0,0,0,0.219564646482468,0,1257.06748065352,0,4.25734132528305,0,0,0,0,362.351329870522,1.86943151056767,4.48488304018974,13.4663606137037,25.363212749362,0,1.07017327845097,0,2.49414452910423,0,264.746096372604,0,0,0,0,10.847102753818,1534.15839096904,1.76685105264187,42.0339171737432,1337.64736613631,6.84119954705238,3381.53462318331,5.04033822566271,650.718554213643
0,0,0,0,0,0,0,0,0,0,0,0,0,0,0,0,3.97491997480392,7.38781824707985,96.0557552725077,0,0,0,0,0,0,0,0,0,0,0,0,0,0,0,0,0,0,0,0.317477703094482,211.052416861057,0,78.6483699828386,5.90732555091381,0,0,32.1032996922731,6.31614682078362,0.981714710593224,0,2.95274156332016,0,0,0,0,0,0,0.446146577596664,1.62412938475609,0,0,0,0,0,0.119672484695911,0,0,0.357323378324509,0,0,0,0,0,1.30537244677544,0,0,0,0,0,71.057780444622,1.51748657226562,4.79444037377834,0.64030684530735,56.953933775425,0,124.146394297481,14.2096520364285,2.13580469787121
0,0,0,0,0,0,0,0,0,0,0,0,0,0,0,0,0.684009045362473,0.748080760240555,11.5993224531412,0,0.213357761502266,0,0,0,0,0,0,0,0,0,0,0,0,0,0,0,0.17916813492775,0,0,0.135094448924065,8.53509111702442,1.54675340652466,35.4820430055261,0,0,0,30.9914545714855,0,0.158813014626503,0,0,0,0,0,0,0,0.210705354809761,0,0,0,0,0,0,9.29997915029526,0,0,0,0,0,0,0,0,0,0,0,0,0,0,1.10137452185154,40.2552325278521,0,2.66369324922562,43.521680533886,0,127.043593242764,0,6.75946864485741
0,0,0,5.01044869422913,4.9764666557312,0,0,0,0,0,0,2.77700358629227,0,0,0,0,4.08480988442898,7.18539534509182,142.057615399361,8.7533311098814,0,0,0,0,0,0,0,0,0,0,0,0,0,0,0,38.0547119304538,0,25.1760699301958,0,816.420491702855,19.8058328703046,367.629645898938,15.9286132901907,32.1032996922731,0,0,95.8720379173756,7.70031177252531,1.60340619832277,50.2892034798861,1.76458477973938,0,0,0,0,0,4.10918805003166,3.83139687776566,0,0,0,0,962.193351343274,0.530336908996105,0,0,0,0,0,0,0,0,1.79686433076859,0,0,0,0,0,1886.14381047338,8.48830758780241,654.685597099364,0.203315660357475,112.978103764355,1.41428807377815,1721.91150655597,17.4119177162647,0
0,2.50111463665962,12.6079853326082,0.572174966335297,0,0,0,0,0,0,0.122213281691074,0,0,0,0,0,87.992173910141,31.3712624907494,931.982442334294,0,35.8873619288206,0,0,0,0,0,0,0,0,0,0,0,0,0,0,0.127625718712807,42.3776006922126,0.255286335945129,21.7995728999376,86.3928158134222,267.816223375499,36.9036597013474,974.733409784734,6.31614682078362,30.9914545714855,95.8720379173756,0,2.37158489972353,26.3464583903551,8.45356456935406,11.0050637722015,0,0,0,0,0,138.322439350188,0,0.550391972064972,0,0,0,0.146809950470924,1771.15293129534,0.182019650936127,0,0.685213148593903,0,0,0,0,0,0,16.1919056922197,0,0,0,0,30.8839101791382,1836.69403282553,2.77043487131596,328.471708655357,308.996738761663,2.89059133827686,1364.33602511883,4.89026482403278,57.2626990452409
0,0,0,1.89683022350073,0,1.24190247058868,0,0,0,0,0,0,0,0,0,0,0,0,2.45863150060177,0,0,0,0.908663958311081,4.88772857189178,12.9708946794271,0,0,0,0,0,0,6355.80668599904,291.908547371626,2485.28429509699,1100.82609333098,138.658590272069,66.0375173985958,1507.44954577088,1505.12656614184,5.13413349539042,1362.46433019638,190.712010636926,160.878499284387,0.981714710593224,0,7.70031177252531,2.37158489972353,0,5392.37800513208,731.758827149868,0,0,0,0,10.6116981506348,0,0.245241321623325,1.02272389084101,0,0,0,0,0.219698637723923,0,14.1173738539219,14.2190392315388,32.2255786955357,58.8146322965622,0,6.34095790982246,0,0,0.120100125670433,0,477.222667425871,1204.16494600475,78.7878592312336,103.291777700186,676.258678622544,1555.50553009659,16.7388483285904,3.99860864877701,2450.99391670525,0,854.321708597243,5.62116214632988,0.990698307752609
32.7948151826859,0,70.6083265021443,0.611672967672348,2.11966943740845,0,0,0,11.9367168694735,0,0,0,0,0,0,0,3.12942703068256,0,19.9550399035215,0,0,0,31.5797811299562,0,336.010100886226,0,0,0,0,0,0,19.6139731705189,36.5651841163635,24.9941616356373,0,0.62288635969162,62.999528169632,1.31740292906761,959.091699853539,0.861164093017578,1540.30155208707,5.31594085693359,453.778678543866,0,0.158813014626503,1.60340619832277,26.3464583903551,5392.37800513208,0,108.623348295689,12.1355918347836,0,0,0,3.91530080139637,0,25.1746998354793,0,1.63671381771564,0,44.1350713074207,0,0,5.81402722746134,0,139.358607023954,0,270.824993908405,0,20.1909555643797,0,3.43486641347408,0,10.9562778919935,0,6.41565704345703,0,0,2.37878803908825,449.55645968765,0.181820221245289,273.89205057919,1187.61984740198,0.841721072793007,852.180639274418,0,0.505927935242653
0,252.99530659616,0,112.370023056865,0,8.34065651893616,0,0,0,25.9663503170013,0,0,0,0,0,0,0,0.214541241526604,21.2332931607962,0,0,127.994178622961,0,1.26833248138428,0,0,0,0,0,0,0,0,0,1.13078388571739,0,2.3745142519474,0.243354186415672,65.3645016998053,0,345.380308896303,0.25311753153801,603.712525948882,12.7888606712222,2.95274156332016,0,50.2892034798861,8.45356456935406,731.758827149868,108.623348295689,0,0,12.0060967803001,0,0,0,1.28558444976807,0,3.02731301635504,0,0,0,0,1.22849261760712,0,36.6329033225775,0,5.29998353123665,0,0,0,0,0,0.913495481014252,0,0,0,22.2061400413513,0,321.189581222832,0.756510674953461,0.185859993100166,0,247.449803866446,0,549.910809077322,31.7946439534426,0
2.15978693962097,0,213.088322252035,0,51.8527911603451,0,1.33153975009918,0,0,0,0,0,0,0,0,0,0,0,0,0,13.244795396924,0,0,0,0,0,0,0,0,0,0,0,0,0,0,0,3.21547125279903,0,0.450458973646164,0,13.8944599255919,0,22.8604387193918,0,0,1.76458477973938,11.0050637722015,0,12.1355918347836,0,0,0,79.3593870401382,0,0,0,286.796343296766,0,22.6194169223309,0,4.46358740329742,0,0,36.3654047250748,0,0,0,0,0,0,0,0,0,1.68351680040359,0,0,0,0,0,9.44025312364101,0,4.10683254897594,24.7248844727874,0.441108658909798,398.428011000156,0,1.71020771563053
0,1.4194905012846,0,572.083603322506,0,308.216801434755,0,74.8568501472473,0,4.90243953466415,0,0,0,0,0,0.726503252983093,0,0,1.0587872415781,0,0,0,0,0,0,0,0,0,0,0,0,0,0,0,0,0,0,0,0,0.178781151771545,0,33.0015671104193,0,0,0,0,0,0,0,12.0060967803001,0,0,0,3.05001693964005,0,38.957596540451,0,14.75902377069,0,24.0238311290741,0,23.9913263618946,0,0,0,0,0,0,0,0,0,0,0,0,0,0,0,0,1.22117137908936,0,0,0,95.27022382617,0,26.42748016119,1.47146484255791,0
0,0,0,0,0,0,241.114591658115,0,0,0,0,0,9.70295238494873,0,0,0,0,0,0,0,0,0,0,0,0,0,0,0,0,0,0,0,0,0,0,0,2.271160364151,0,0,0,0,0,0,0,0,0,0,0,0,0,79.3593870401382,0,0,0,0,0,22.4322291612625,0,6.67969036102295,0,0,0,0,0,0,0,0,0,0,0,0,0,0,0,0,0,0,0,0,0,0,0,4.5104832649231,0,0,0,0
0,0,0,0,0,1.56552022695541,0,193.814716726542,0,0,0,55.589167714119,0,0,0,0,0,0,0,0,0,0,0,0,0,0,0,0,0,0,0,0,0,0,0,0,0,0,0,0,0,0,0,0,0,0,0,0,0,0,0,3.05001693964005,0,0,0,0,0,3.21242046356201,0,0,0,0,0,0,0,0,0,0,0,0,0,0,0,0,0,0,0,0,0,0,0,0,0,0,0,0,0
172.131298065186,0,101.628608047962,0,0,0,0,0,810.867244631052,0,0,0,0,0,24.8608460426331,0,0,0,0,0,0,0,0.489055752754211,0,38.6512822806835,0,0,0,0,0,0,0,0,0,0,0,0,0,152.641224071383,0,0,0,0.219564646482468,0,0,0,0,10.6116981506348,3.91530080139637,0,0,0,0,0,0,0,0,0,0,0,352.687494769692,0,0,0,0,0.354880899190903,0,60.5224304646254,0,2.33168080449104,0,0,0,0,0,0,0,0,0,0,0,270.727365121245,237.025481209159,0,147.54704117775,0,0
0,846.609992489219,0,0,0,17.3680978119373,0,0,0,753.6445171386,0,0,0,0,0,494.495800971985,0,0,0,0,0,0,0,48.1017182171345,0,0,0,0,0,0,0,0,0,0,0,0,0,56.1158151626587,0,0,0,0,0,0,0,0,0,0,0,1.28558444976807,0,38.957596540451,0,0,0,0,0,0,0,0,0,3.06084060668945,0,0,0,0,92.5948672443628,0,0,0,0,0,0,0,0,0,0,0,0,0,54.7928846925497,0,70.2243476957083,0,20.4530853033066,0,0
0.243635684251785,0,38.8531280532479,0,34.4135809242725,0,7.55877456068993,0,0,0,1508.98795274645,0,54.94069185853,0,0,0,3.36469709873199,3.6890714019537,57.2574370875955,0,195.754596009851,0,0,0,0,0,0,0,0,0,0,0,0,0,0,0.267581313848495,596.954405277967,0,229.538389801979,1.93771371245384,32.3220654800534,2.80174309015274,1257.06748065352,0.446146577596664,0.210705354809761,4.10918805003166,138.322439350188,0.245241321623325,25.1746998354793,0,286.796343296766,0,22.4322291612625,0,0,0,0,0,255.071573704481,0,2.3264849036932,0,0,907.310457751155,0,0,0,0,0,0,0,180.048839911819,0.314475685358047,184.443500369787,0,0,0,0,2.3595414608717,145.808319918811,0,24.2805972099304,794.234310775995,27.19066208601,1636.48394353688,0,245.266641527414
0,0,0,29.9151433557272,0,2.42732053995132,0,200.202720046043,0,0,0,1580.73036672175,0,263.187897741795,0,0,0,0,44.3174219280481,0,0,0,0,0,0,0,0,130.129560112953,0,2.61320123076439,0,0,0,0,0,9.26650434732437,0.109194695949554,165.721217602491,0,7.02664938569069,0,36.999910980463,0,1.62412938475609,0,3.83139687776566,0,1.02272389084101,0,3.02731301635504,0,14.75902377069,0,3.21242046356201,0,0,0,0,0,1,0,0,129.245009452105,2.45259216427803,0,0,0.179320752620697,0,0,0,0.252209275960922,0,112.813138321042,0,0,0,0,0,3.67575358599424,0,25.5443404912949,1.04101634025574,83.9505265280604,0,202.234606027603,3.58121238648891,0
0,0,11.3347189277411,0,22.2402611970901,0,174.815601438284,0,0,0,1367.70714986324,0,416.338958352804,0,0.561189949512482,0,0,0,0.622711777687073,0,0,0,0,0,0,0,0,0,1,0,0,0,0,0,0,0,0,0,0.221127972006798,0,0,0,4.25734132528305,0,0,0,0.550391972064972,0,1.63671381771564,0,22.6194169223309,0,6.67969036102295,0,0,0,255.071573704481,0,0,0,40.9190577864647,0,0,0.621607810258865,0,0,0,0,0,0,0,0,0,0,0,0,0,0,0,0.849136397242546,0,0.140348821878433,403.696919813752,114.827525883913,15.1080880612135,0,0
0,0,0,0,0,0,0,0,0,0,0,43.6904926896095,0,1276.82520142198,0,3.92740178108215,0,0,0,0,0,0,0,0,0,2.2318360209465,0,118.519903287292,0,0,0,0,0,0,0,0,0,0,0,0,0,0,0,0,0,0,0,0,0,0,0,24.0238311290741,0,0,0,0,0,1,0,0,0,68.5294599235058,0,0,0,0,0,0,0,0,0,0,0,0,0,0,0,0,0,0,0,0,156.387669980526,0,0,0,0
13.6568218767643,0,3.57720032334328,0,2,0,0,0,290.316877692938,0,0,0,1,0,322.555980175734,0,0,0,0,0,0,0,0,0,0,0,0,0,0,0,0,0,0,0,0,0,0,0,0,0,0,0,0,0,0,0,0,0,44.1350713074207,0,4.46358740329742,0,0,0,352.687494769692,0,2.3264849036932,0,40.9190577864647,0,0,0,0,0,0,0,0,17.9843991994858,0,86.4778156280518,0,0.516241565346718,0,0.963464751839638,0,0,0,0,0,0,0,0,336.684246152639,20.4164393544197,18.1911626309156,0,0
0,0,0,2.0128732919693,0,0,0,0,0,0,0,0,0,113.377378255129,0,97.5784655213356,0,0,0,0,0,0,0,0,0,0,0,3.71524298191071,0,0,0,0,0,0,0,0,0,0,0,0,0,0,0,0,0,0,0,0,0,0,0,23.9913263618946,0,0,0,3.06084060668945,0,0,0,68.5294599235058,0,0,0,0,0,0,0,0,0,0,0,0,0,0,0,0,0,0,0,0,0,0,118.825684547424,0,0,0,0
0,0,0,3.96535538136959,0,0,0,0,0,0,0,262.197223007679,0,0,0,0,0,0,4.65085791051388,1948.42552095652,0,0,0,0,0,0,0,0,0,0,0,0,0,0,0,1674.64369280636,0,195.918520919979,0,25.688947468996,0,84.5341486781836,0,0,0,962.193351343274,0.146809950470924,0.219698637723923,0,1.22849261760712,0,0,0,0,0,0,0,129.245009452105,0,0,0,0,0,0,0,0,0,0,0,0,0,0,0,0,0,0,0,0,1862.30506593734,0,140.761771783233,0.59791088104248,8.40257054567337,0,757.460786014795,1.6921791434288,0
0,0,13.2446113675833,0,4.39172023534775,0,0,0,0,0,117.288464620709,0,0,0,0,0,33.9798364713788,19.4281417578459,359.320495702326,0,1446.66921979934,0,0,0,0,0,0,0,0,0,0,0,0,0,0,0,526.109020456672,0,186.979640305042,7.5809922888875,117.789367765188,6.12570576369762,362.351329870522,0.119672484695911,9.29997915029526,0.530336908996105,1771.15293129534,0,5.81402722746134,0,36.3654047250748,0,0,0,0,0,907.310457751155,2.45259216427803,0.621607810258865,0,0,0,0,0,0,0,0,0,0,0,0,0,0,17.3377704173326,0,0,0,0,12.2549684941769,2066.06843774766,1.19245314598083,685.791740223765,764.956872612238,1.84274265170097,745.26549039036,0.668955758213997,32.2477325424552
0,0,0,0,0,0,0,0,0,0,0,0,0,0,0,0,0,44.2474304735661,0,0,0,6448.40862218291,3,225.357489019632,0,96.5074144899845,0,32.779895067215,0,0,0,0,0,0,0,0,0,354.241186663508,0,0.197130873799324,0,4.5551180690527,1.86943151056767,0,0,0,0.182019650936127,14.1173738539219,0,36.6329033225775,0,0,0,0,0,0,0,0,0,0,0,0,0,0,0,0,372.787572264671,0,0,0,17.362152338028,0,0,0,0,0,0,0,0,0,686.953875616193,0,319.479070529342,14.9884024709463,8.06108675897121,0,0
0,0,0,0,0,0,0,0,0,0,0,0,0,0,0,0,0,0,0,0,0,31.6290107965469,6235.9751316011,0,8.53113988041878,0,0,0,15.0135040283203,0,0,0,0,0,0,0,0,5.02373158931732,216.199085697532,0,0,0,4.48488304018974,0,0,0,0,14.2190392315388,139.358607023954,0,0,0,0,0,0.354880899190903,0,0,0,0,0,0,0,0,0,0,0,0,136.078395396471,0,365.308117732406,0,58.510519862175,0,0,0,0,0,0,0,0,3.87328362464905,404.580204620957,139.009983986616,0,25.0529391616583,0,0
0,0,0,0,0,0,0,0,0,32.5701929032803,0,0,0,0,0,0,0,1.01771521568298,0.70467646420002,0,0,56.7921423912048,0,219.004162549973,0,420.823214232922,0,0,0,0,0,0,0,0,0,0,0,522.268572300673,0,0.581091538071632,0,11.2382401525974,13.4663606137037,0.357323378324509,0,0,0.685213148593903,32.2255786955357,0,5.29998353123665,0,0,0,0,0,92.5948672443628,0,0.179320752620697,0,0,0,0,0,0,372.787572264671,0,0,0,600.252246379852,0,0,0,0,0,0,0,0,0,0.136702179908752,0,211.552211076021,0,138.868233144283,1.69101774692535,16.4815644770861,1.51417711377144,0
0,0,0.139994829893112,0,0,0,0,0,80.3540939986706,0,0,0,0,0,0,0,23.2054069042206,0,0,0,0,0,120.040671318769,0,236.666285812855,0,59.931252092123,0,0,0,0,0,0,0,0,0,0,0,486.602199986577,0,0.365861117839813,0,25.363212749362,0,0,0,0,58.8146322965622,270.824993908405,0,0,0,0,0,60.5224304646254,0,0,0,0,0,17.9843991994858,0,0,0,0,136.078395396471,0,0,0,231.685062512755,0,3.88126212358475,0,0,0,0,0,0,0,0,0,141.535076916218,285.081745326519,1.07149547338486,216.714509740472,0,0
0,0,0,0,0,0,0,0,0,0,0,0,0,0,0,0,0,0,0,0,0,0,0,32.4121163487434,0,130.088285565376,0,61.9971081018448,0,0,0,0,0,0,0,0,0,0,0,0,0,0,0,0,0,0,0,0,0,0,0,0,0,0,0,0,0,0,0,0,0,0,0,0,0,0,600.252246379852,0,0,0,0,0,0,0,0,0,0,0,0,0,0,0,15.3944010138512,0,0,0,0
0,0,0,0,0,0,0,0,45.2978873252869,0,0,0,0,0,48.0892516374588,0,83.7834079265594,0,0,0,0,0,50.936166241765,0,614.305530205369,0,271.279232770205,0,1,0,0,0,0,0,0,0,0,0,4.32052755355835,0,0,0,1.07017327845097,0,0,0,0,6.34095790982246,20.1909555643797,0,0,0,0,0,2.33168080449104,0,0,0,0,0,86.4778156280518,0,0,0,0,365.308117732406,0,231.685062512755,0,0,0,1.20111787319183,0,0,0,0,0,0,0,0,0,0,19.5226998031139,0,16.7368500232697,0,0
0,0,0,0,0,0,0,0,0,0,0,0,0,0,0,0,0,0,0,0,0,33.9238896369934,0,0,0,0,0,848.603485733271,0,3.42965704202652,0,0,0,0,0,0,0,0,0,0,0,0,0,0,0,0,0,0,0,0,0,0,0,0,0,0,0,0.252209275960922,0,0,0,0,0,0,17.362152338028,0,0,0,0,0,0,0,79.9155565500259,0,0,0,0,0,0,0,67.6707334518433,0,2.74633502960205,0,0,0,0
0,0,0,0,0,0,0,0,0,0,98.4856667220592,0,0,0,0,0,11.7562897801399,0,0,0,0,0,17.868568867445,0,0,0,55.4934403896332,0,1019.28350450099,0,894.436034202576,0,0,0,0,0,0,0,60.7587884217501,0,0,0,2.49414452910423,0,0,0,0,0,3.43486641347408,0,0,0,0,0,0,0,180.048839911819,0,0,0,0.516241565346718,0,0,0,0,58.510519862175,0,3.88126212358475,0,1.20111787319183,0,0,0,31.5428793728352,0,0,0,0,0,0,0,160.079464405775,240.248686105013,4.2972674369812,7.22307442128658,0,0
0,0,0,12.0103409439325,0,0.593601882457733,0,0,0,0,0,30.7082537263632,0,0,0,0,0,0,23.4052498936653,0,0,0,0,0,0,0,0,109.926111161709,0,341.407909139991,0,0,0,0,0,0,0,0,0,0.915044158697128,0.898701041936874,24.6585727035999,0,1.30537244677544,0,1.79686433076859,0,0.120100125670433,0,0.913495481014252,0,0,0,0,0,0,0.314475685358047,112.813138321042,0,0,0,0,0,0,0,0,0,0,0,0,79.9155565500259,0,0,0,0,0,0,0,0.344965279102325,0,183.979701370001,0,4.64239246398211,0,44.0733208954334,10.2305069863796,0
0,0,4.11123296618462,0,0,0,0,0,0,0,18.5990152359009,0,0,0,0,0,1.65484116971493,0.23039136826992,19.6881552487612,0,0,0,0,0,0,0,0,0,69.7494501471519,0,551.215501368046,0,0,0,0,0,0,0,102.077448606491,0.202686667442322,17.1278425604105,0,264.746096372604,0,0,0,16.1919056922197,0,10.9562778919935,0,1.68351680040359,0,0,0,0,0,184.443500369787,0,0,0,0.963464751839638,0,0,17.3377704173326,0,0,0,0,0,0,0,31.5428793728352,0,0,0,0,0,0,0.169101268053055,15.5924985557795,0,66.2258359789848,160.71606990695,6.71456977725029,178.313009992242,0,76.3708680272102
0,0,0,0,0,0,0,0,0,0,0,0,0,0,0,0,0,0,0,0,0,0,0,0,0,0,0,0,0,0,0,286.958719268441,20.3508954942226,26.5000528097153,0,780.229831017554,2.0431861281395,0,0,0,0,0,0,0,0,0,0,477.222667425871,0,0,0,0,0,0,0,0,0,0,0,0,0,0,0,0,0,0,0,0,0,0,0,0,0,0,0,11.6988620758057,128.55902493,0,489.956948235631,0,0,0,242.934942752123,0,0,0,0
0,0,0,0,0,0,0,0,0,0,0,0,0,0,0,0,0,0,0,0,0,0,0,0,0,0,0,0,0,0,0,1030.57356154919,704.762984186411,21.3300502896309,0,147.217114180326,436.101477280259,0,0,0,5.49694520235062,0,0,0,0,0,0,1204.16494600475,6.41565704345703,0,0,0,0,0,0,0,0,0,0,0,0,0,0,0,0,0,0,0,0,0,0,0,0,0,11.6988620758057,0,0,19.6562987267971,0,820.306435488164,0,0,45.7814774215221,0,0,0,0
0,0,0,0,0,0,0,0,0,0,0,0,0,0,0,0,0,0,0,0,0,0,0,0,0,0,0,0,0,0,0,136.440752267838,0,814.771958425641,115.988453298807,1370.68421714008,0,246.888334304094,0,0,0,0,0,0,0,0,0,78.7878592312336,0,22.2061400413513,0,0,0,0,0,0,0,0,0,0,0,0,0,0,0,0,0,0,0,0,0,0,0,0,128.55902493,0,0,91.3415871858597,839.657140374184,0,647.77643750608,0,84.3475110828876,0,0,0,0
0,0,0,0,0,0,0,0,0,0,0,0,0,0,0,0,0,0,0,0,0,0,0,0,0,0,0,0,0,0,0,9.51204538345337,0.448918551206589,1009.24549305439,2127.69760657847,0,138.26431325078,0,208.040144592524,0,0,0,0,0,0,0,0,103.291777700186,0,0,0,0,0,0,0,0,0,0,0,0,0,0,0,0,0,0,0,0,0,0,0,0,0,0,0,19.6562987267971,91.3415871858597,0,0,251.701877683401,0,589.868010208011,41.1424035876989,0,0,0,0
0,0.326777189970016,0.984932661056519,7.25634923577309,0,0,0,0,0,0,0,132.640391349792,0,0,0,0,76.3155541568995,37.1889865249395,862.953131221235,114.701166018844,0,0,0,0,0,0,0,0,0,0,0,459.319377325475,0,604.655078351498,30.2625378966331,18253.6218504235,313.099908530712,1176.22198738903,102.719505853951,232.549999728799,1.51786786317825,470.969356358051,10.847102753818,71.057780444622,1.10137452185154,1886.14381047338,30.8839101791382,676.258678622544,2.37878803908825,321.189581222832,0,1.22117137908936,0,0,0,0,2.3595414608717,3.67575358599424,0,0,0,0,1862.30506593734,12.2549684941769,0,0,0.136702179908752,0,0,0,0,0,0.344965279102325,0.169101268053055,489.956948235631,0,839.657140374184,0,0,39.7899106144905,1169.71479739249,1.98284162580967,2140.47360108793,333.087724298239,1093.43516725302,114.302138917148,4.47146062552929
0,0,13.2028948441148,0.315177485346794,4.15219259262085,0,0,0,0,0,148.563128508627,0,0,0,0,0,150.372026674449,94.6222741380334,1244.12911311537,0,316.518257297575,0,0,0,0,0,0,0,0,0,0,395.937787979841,686.959096074104,0,710.58983451128,2340.47981739044,16668.6547638476,0,1247.92218777537,42.7601749077439,1661.43750755489,38.5672449022532,1534.15839096904,1.51748657226562,40.2552325278521,8.48830758780241,1836.69403282553,1555.50553009659,449.55645968765,0.756510674953461,9.44025312364101,0,0,0,0,0,145.808319918811,0,0.849136397242546,0,0,0,0,2066.06843774766,0,0,0,0,0,0,0,0,0,15.5924985557795,0,820.306435488164,0,251.701877683401,39.7899106144905,0,1.34109345078468,1994.01527296007,3971.95964495838,822.371915355325,1197.86946032196,0.720955222845078,232.432122610509
0,0,0,5.13385352492332,0,0,0,0,0,130.374439075589,0,121.807639077306,0,0,0,0,1.4693683385849,2.0991228222847,68.8303597867489,20.7122496217489,0,454.649237900972,19.2933422923088,323.56341072917,0,0,0,88.4076618552208,0,158.778413251042,0,0,0,78.2370545268059,0,301.000220105052,0,9037.46726693213,40.9321283102036,24.5683783590794,0,20.932768702507,1.76685105264187,4.79444037377834,0,654.685597099364,2.77043487131596,16.7388483285904,0.181820221245289,0.185859993100166,0,0,0,0,0,54.7928846925497,0,25.5443404912949,0,0,0,0,140.761771783233,1.19245314598083,686.953875616193,3.87328362464905,211.552211076021,0,0,0,67.6707334518433,0,183.979701370001,0,0,0,647.77643750608,0,1169.71479739249,1.34109345078468,0,0,517.202385038137,3.34547632932663,256.900311440229,2.96162144839764,0
