0,0,0.0144929247986037,0,0.000393398489749383,0,0,0,0.0186491715097905,0,0,0,0,0,0,0,5.99849671943339e-06,2.45902912709322e-05,0.00253478303373584,0,0,0,0,0,0,0,0,0,0,0,0,0,0,0,0,0,1.09597091023991e-05,0,8.72668811890197e-06,0,0.000888016189728926,0,0.0103378254111672,0,0,5.0360208493696e-05,0.000102207080850623,0,0.0042669191981178,2.0424608235029e-05,0,0,0,0,0.00805447411125211,0,0.00102278769195145,0,0.00270313012874698,0,0.00695679622234461,0,1.3804594000032e-05,0,0,0,0,9.60783113260616e-05,0,0,0,0,0,0.00350111980928416,0,0,0,0,0,0.000309215962304152,0,0.000359593546673553,0.000351186879215895,0,0.0136058328824903,0,0.000141325464498317
0,0,0,0.00345302041152244,0,0.00216361004551331,0,0,0,0.0162174503084329,0,0,0,0,0,0,0,7.65199067633427e-06,0.000848169429433186,0,0,0,0,0,0,0,0,0,0,0,0,0,0,0,0,2.74551234189917e-06,0,0,0,0.000143541045262883,0,0.0239962728194832,0,0,0,4.65471850551276e-05,3.70548831732029e-05,0,0,0.0251465670665326,0,0,0,0,0,0.00191883595085298,0,0.000680328012673409,0,0.000899392917141495,0,0.00575440600789873,4.09557227093417e-05,0,0,0,0,0,0,0,6.98022363616489e-05,0,0.000802810063303989,0,0,0,0,0,5.67623140114877e-05,4.59204919762692e-06,3.67931008610906e-05,0,0.00029376447446597,0,0.0143290353582505,0.00519396821189459,0
0.0144929247986037,0,0,0.00176335720021631,0.0399226694611303,0,0,0,0.0104089746608348,0,0,0,0,0,0,0,0,0,0.000587227596493764,0,0,0,0,0,0,0,0,0,0,0,0,0,0,0,0,1.32127096200713e-05,0.000251295533471173,0,0,0,0.000634806503173429,5.52355826071252e-05,0.00684116572002197,0,0,0,0.000342974526455283,0.000314091860622061,0.0108421288827881,0.000781831146801216,0.0442341915166013,0.000534245798957142,0,0,0.00524933829225619,3.81383354416342e-05,0.00630789623994641,9.98040603950165e-05,0.00258534260413739,8.66783672129334e-05,0.000588759582493409,0,0,0.000105004377883289,0,0,0,0,0,0,0,0,0.0001562072066064,0.00502988008476485,0,0,0,0,8.7848226013903e-07,0.000213001221962787,0,3.34434006470153e-05,0.000492153105096279,0,0.017871114482559,0,0.00571766207267301
0,0.00345302041152244,0.00176335720021631,0,3.09222436747348e-05,0.0250338858680218,0,0,0,0.00836534811132128,0,0,0,0,0,0,6.37270258959915e-05,4.40982124576717e-06,0.000244461546936955,0.0001268881777676,0,0,0,0,0,0,0,0,0,0,0,0,0,0,0,0.000133241691898557,1.59263332770326e-06,0,0,0.00146917776598123,0.000536651171845504,0.00496440386305477,7.10429830015734e-05,7.42409470906764e-05,0,0.000356224868654683,0.000590194208310257,0,8.30375695026162e-05,0.0126927508353922,0,0.0687241076304226,0,0,0,0.00257090209204148,4.06071859659062e-05,0.00478724045488646,0,0.0127871817453438,0,0.0183281717049717,9.12039746507961e-05,1.53007986770492e-05,0,0,0,0,0,0,0.000214116759447538,0,0.00822047768040848,0.000150967795028028,0,0,0,0,0.000312736864408906,0.000123510172163598,0.000216901321641211,2.13875772002621e-06,0.000698486842587239,0,0.0150512363109583,0.00314706777379154,0
0.000393398489749383,0,0.0399226694611303,3.09222436747348e-05,0,0,0,0,0.000707826876297431,0,0,0,0,0,0.00633516246647084,0,0,0,0,0,0.00542105731939223,0,0,0,0,0,0,0,0,0,0,0,0,0,0,0,8.78538420555694e-06,0,0,0,0.000124764759353546,0,0.00114874476850504,0,0,0,0.000194400018688142,0,0.000272768115695501,0.00011693837917417,0.0510311931108791,0,0,0,8.36345584214609e-05,0,0.000203127492437643,0,0,0,0.000283138221455509,0,0,0.00429546398171949,0,0,0,0,0,0,0,0,0,0,0,0,0,0,0,0.000190039527453242,0,0,0.000129074223172124,0,0.00202222989465459,0,0.000687261076728965
0,0.00216361004551331,0,0.0250338858680218,0,0,0,0,0,0.00746458496790183,0,0,0,0,0,0,0,0,0,0.00107957093601757,0,0,0,0,0,0,0,0,0,0,0,0,0,0,0,1.29836423077487e-05,0,0,0,0,0,0.000550645464868053,0,0,0,0,0.000217593401610218,0,0,0.000345196995849505,0,0.0809434369194897,0,0,0,0,0,0.000316071509322855,0,0.000418483782699874,0,0.00372442017794656,6.07198383055802e-05,0,0,0,0,0,0,0,0,0,0.000623507934411015,0,0,0,0,0,0.000104722010927781,0,1.24051103365377e-05,0,0.000418609708689333,0,0.00887843175663764,0,0
0,0,0,0,0,0,0,0,0,0,0,0,0,0,0,0,0,0,0,0,0.00063666560244661,0,0,0,0,0,0,0,0,0,0,0,0,0,0,0,0.000464376539566358,0,0,0,0,0,0,0,0,0,0,0,0,0,0.00385160908412494,0,0.0861972692015601,0,0,0,0.00121527070783801,0,0.0017642123697658,0,0,0,0,0.000168786425614555,0,0,0,0,0,0,0,0,0,0,0,0,0,0,0,0.000209168376865951,0,0,0.000221338304082378,0,0,0,0
0,0,0,0,0,0,0,0,0,0,0,0,0,0,0,0,0,0,0,0.000491038554173429,0,0,0,0,0,0,0,0,0,0,0,0,0,0,0,0,0,0,0,0,0,0,0,0,0,0,0,0,0,0,0,0.00198133423770512,0,0.00353687120288611,0,0,0,0.0193890480982543,0,0.00413809064475397,0,0,0.000174361544674229,0,0,0,0,0,0,0,0,0,0,0,0,0,0,0,0,0,0,0,1.29795325847226e-05,0,0,0,0
0.0186491715097905,0,0.0104089746608348,0,0.000707826876297431,0,0,0,0,0,0,0,0,0,0.0200048606589551,0,0.00267760564891982,7.92753221028654e-05,0.000387284233948529,0,0,0,0,0,0.00188590735414538,0,0.00674743581551828,0,0,0,0,0,0,0,0,0,0,0,0.000598052141728875,0,0,0,0.00192750724000606,0,0,0,0,0,0.00415351450708116,0,0.00113344072013963,0,0,0,0.0905308561300191,0,0,0,2.36911858965688e-05,0,0.0568820564247025,0,0,0,0,0,0,0.00238663977403141,0,0,0,0,0,0.000534357291411395,0,0,0,0,0,0,0,0,0.000515406246869624,0,0.00207367231515516,0,0.0004476832327926
0,0.0162174503084329,0,0.00836534811132128,0,0.00746458496790183,0,0,0,0,0,0,0,0,0,0.0785632443138633,0,0.000758371679989316,0.00010618038086075,0,0,1.74151050347337e-05,0,0.0211475395231387,0,0.00638997200952228,0,0,0,0,0,0,0,0,0,0,0,0.000612933149392453,0,0,3.85994943914746e-05,0.00285441955436333,0,0,0,1.1175314715724e-05,0,0,0,0.00111103753854005,0,0.0252487604975836,0,0,0,0.130112027942826,0,0,0,0.000507274464745307,0,0.0602948720821438,0,0,0,0,0.00877883048905806,0,0.0102736635454156,0,1.27025284859758e-05,0,4.95238021867462e-05,0,0,0,0,0,8.87647778537499e-06,2.30998523629923e-05,0.000329873606444423,0,0.00141517639125668,0,0.00197298606256992,0.00109574864638153,0
0,0,0,0,0,0,0,0,0,0,0,0,0.0101974300756805,0,0,0,0,0,0,0,0.0401292234211321,0,0,0,0,0,0,0,0,0,0.00223543293265348,0,0,0,0,0,0.00125426271100504,0,0.0140789378582749,0,0,0,0,0,0,0,0,0,0,0,2.95775084364228e-05,0,0,0,0,0,0.121078050866942,0,0.012965952743032,0,0,0,0,0.0171653088475507,0,0,0,0,0,0,0,0.00358847057574844,0,0.00247689347688781,0,0,0,0,0,0.000284039856375756,0,0.00198478684899095,0.00056287843087889,0,0,0,0
0,0,0,0,0,0,0,0,0,0,0,0,0,0.00315421338713717,0,0,0,0,0,0.022694132060506,0,0,0,0,0,0,0,8.31065190141089e-05,0,0.0013910979563053,0,0,0,0,0,0.00252760551070398,0,0.00443291917787986,0,0,0,0,0,0,0,0,0,0,0,0,0,0.000675115482969618,0,0,0,0,0,0.0961413321391844,0,0.0178180728787741,0,0,0.00937531925851945,0,0,0,0,0,0,0,0.00386209473942628,0,0.00902079307663814,0,0,0,0,0,0.000397579449916513,0,0.000109505502625444,0,0.000354281324786098,0,0.000777110351896653,0,0
0,0,0,0,0,0,0,0,0,0,0.0101974300756805,0,0,0,0,0,0,0,0,0,0,0,0,0,0,0,0,0,0,0,0,0,0,0,0,0,0,0,0,0,0,0,0,0,0,0,0,0,0,0,0,0,0,0,0,0,0.00420605830272994,0,0.0168231632415168,0,0,0,0,0,0,0,0,0,0,0,0,0.000985378522260754,0,0,0,0,0,0,0,0,0,0,0.000284425516865067,0,0,0,0
0,0,0,0,0,0,0,0,0,0,0,0.00315421338713717,0,0,0,0,0,0,0,0,0,0,0,0,0,0,0,0,0,0,0,0,0,0,0,0,0,0,0,0,0,0,0,0,0,0,0,0,0,0,0,0,0,0,0,0,0,0,0,0.0886112428872584,0,0,0,0,0,0,0,0,0,0,0.000214414446653107,0,0,0,0,0,0,0,0,0,0,0,0.000217464689537134,2.87182276679232e-05,0,0,0
0,0,0,0,0.00633516246647084,0,0,0,0.0200048606589551,0,0,0,0,0,0,0,0,0,0,0,0,0,0,0,0,0,0.000480919461397222,0,0,0,0,0,0,0,0,0,0,0,0,0,0,0,0,0,0,0,0,0,0,0,0.0055652958533381,0,0,0,0.00920653568832967,0,0,0,6.12478661749173e-05,0,0.0399121367514069,0,0,0,0,0,0,0,0,0,0,0,0,0,0,0,0,0,0,0,0,0,0.000301181653039331,0.000343288256765166,0,0,0
0,0,0,0,0,0,0,0,0,0.0785632443138633,0,0,0,0,0,0,0,0,0,0,0,0,0,0,0,0,0,0,0,0,0,0,0,0,0,0,0,0,0,0,0,0,0,0,0,0,0,0,0,0,0,0,0,0,0,0.0211756665625314,0,0,0,5.80293755284885e-05,0,0.00970727843587528,0,0,0,0,0,0,0,0,0,0,0,0,0,0,0,0,0,0,0,0,0.000550998272809635,4.25179123377147e-05,0,0,0
5.99849671943339e-06,0,0,6.37270258959915e-05,0,0,0,0,0.00267760564891982,0,0,0,0,0,0,0,0,0.179736056514515,0.060104711858187,0,0,0,0.000181916335174602,0,2.11526250485756e-05,0,0.00149994858839652,0,0,0,0,0,0,1.16086562486984e-05,0,1.74692377494214e-05,7.30638495570352e-05,0,0,0.000893470271391266,0.000943139026929759,0.000745368274823457,0.000939419132999085,7.70364641113899e-06,5.66751583169792e-05,0.00069434303801458,0.000992285255361564,3.69695784260054e-05,0,0.000168982892921881,3.8756742684234e-05,4.35025255780591e-06,0,0,1.14744896939772e-05,4.16410181944063e-05,3.66690756720595e-05,3.38325366691569e-05,0,0,0,3.33973195899054e-05,0.000456051921865069,0,0,0,0,0,0,0.00101177522916314,8.2472831525477e-06,0,0.000607685150255039,0.000342691463779719,0,0,0,0,0.000729859674261608,0.000787566504203637,0.000210115175337279,0.000192119763547564,0.0301426532497368,0.000835830372606512,0.00329414385280568,0.000381158609567112,0.000561606431527078
2.45902912709322e-05,7.65199067633427e-06,0,4.40982124576717e-06,0,0,0,0,7.92753221028654e-05,0.000758371679989316,0,0,0,0,0,0,0.179736056514515,0,0.0513930972872205,0,0,0.000146101038475934,0,0.00262930302937083,0,0.000124659041496827,3.61830972596769e-05,0,0,0,0,0,0,0,0,9.35270364839617e-06,0,0,0,0.00104155204042716,0.000628034172459562,0.00148572056104419,0.000383915273500917,2.65816715855176e-05,0,0.000592766917278567,0.000413911834403772,0,1.08558224296536e-05,0.000206597228283299,0,2.63984628479867e-05,0,0,0,0,6.45545039963593e-06,7.9983705430617e-05,0,0,0,0,0.000464675338111317,1.19885271043587e-05,0.000506573168627019,0,6.93101145251376e-05,0,8.0483150599706e-05,0,0,0,0.00082103764479525,0.00022966046669762,0,0,0,0,0.000591165922195588,0.000271721570523307,0.00014372447170249,6.79990351323163e-05,0.0178813206996119,0.000449342969319829,0.00207903562385268,0.000748582217167649,0.00015954586380936
0.00253478303373584,0.000848169429433186,0.000587227596493764,0.000244461546936955,0,0,0,0,0.000387284233948529,0.00010618038086075,0,0,0,0,0,0,0.060104711858187,0.0513930972872205,0,0,0,0,6.25592343021621e-05,0,0,0,0,0,0,0,0,0,0,0.00015936090518523,0,0.000144025373428078,0.000565243347401354,2.56231819834056e-05,7.80755796326958e-06,0.0227382142042422,0.0210147904635792,0.0271979732754665,0.0202435928711539,0.000968679519262683,0.00152796053072932,0.011940029245268,0.0173966450152372,0.000380050231856103,0.000528592336928762,0.00174681714694775,0,0.000101135789492417,0,0,0,0,0.000800274132023689,0.000388365064438343,4.2806736434757e-05,6.03621690197561e-05,0,1.64258176561017e-05,0.0050913804045786,0.000505762015743521,0,0,0,0,0,0,3.52623308773025e-05,0,0.0067063031677673,0.0077693957460659,0,0.000147562389534808,7.28650094828595e-05,9.04852537987715e-05,0.0108144598539585,0.0109070093953681,0.00262961418317665,0.00135844289037782,0.0130046614522489,0,0.0378222778190163,0.0155482140025734,0.0124439564252743
0,0,0,0.0001268881777676,0,0.00107957093601757,0,0.000491038554173429,0,0,0,0.022694132060506,0,0,0,0,0,0,0,0,0,0,0,0,0,0,0,0,0,0,0,0,0,0,0,0.00309140399649137,0,0.00206774639673503,0,0,0,0,0,0,0,0.000134482618844114,0,0,0,0,0,0,0,0,0,0,0,0.00231028943210852,0,0,0,0,0.0470578740244302,0,0,0,0,0,0,0,0,0,0,0,0,0,0,0,0.00151739012432185,0,0,0,0.000450625889949625,0,0.00679607206332151,0,0
0,0,0,0,0.00542105731939223,0,0.00063666560244661,0,0,0,0.0401292234211321,0,0,0,0,0,0,0,0,0,0,0,0,0,0,0,0,0,0,0,0,0,0,0,0,0,0.0154901979439665,0,0.0044654267481324,0,0,0,0,0,0,0,4.9121873261363e-05,0,0,0,0.00182840082556118,0,0,0,0,0,0.011527836018151,0,0,0,0,0,0,0.083196495530449,0,0,0,0,0,0,0,0,0,0,0,0,0,0,0,0.00368405088320829,0,2.04816785540578e-05,0.000172667387304662,0,0.000287065118166822,0,0
0,0,0,0,0,0,0,0,0,1.74151050347337e-05,0,0,0,0,0,0,0,0.000146101038475934,0,0,0,0,0.000380645403283465,0.00112543505501386,0,0,0,0.00034678194078378,0,0,0,0,0,0,0,0,0,0.0199744399754168,0,0,0,0,0,0,0,0,0,0.000653688390325483,0,0.00363253682186955,0,0,0,0,0,8.43631667072185e-05,0,0,0,0,0,0,0,0,0.0577814845614527,2.62214271060657e-05,0.00470243601937964,0,0.000226619200934759,0,0.000525929102726657,0,0,0,0,0,0,0,0,0,0.00718025879798212,0,0.000655185678760873,0,5.0085090791312e-06,0,0
0,0,0,0,0,0,0,0,0,0,0,0,0,0,0,0,0.000181916335174602,0,6.25592343021621e-05,0,0,0.000380645403283465,0,0,0.000680890488011708,0,4.84488149574156e-05,0,3.28682472172659e-05,0,0,0,0,0,0,0,0,0,0.0106419581038777,0,0,0,0,0,0,0,0,0,0.0019851629509622,0,0,0,0,0,0,0,0,0,0,0,0,0,0,0,0,0.0561482653912139,0,0.000381780156115404,0,0.00361556551852939,0,8.08394361229148e-05,0,0,0,0,0,0,0,0,0,0.00272027205366614,0.000103618485722677,0,4.67699282418972e-05,0,0
0,0,0,0,0,0,0,0,0,0.0211475395231387,0,0,0,0,0,0,0,0.00262930302937083,0,0,0,0.00112543505501386,0,0,0,0.0282672581397071,0,0,0,0,0,0,0,0,0,0,0,0.00516789170239489,0,0,0,0,0,0,0,0,0,0,0,7.12256795041741e-05,0,0,0,0,0,0.0261780094367784,0,0,0,0,0,0,0,0,0.000839174105784928,0,0.128040234168256,0,0.0379978284315303,0,0,0,0,0,0,0,0,0,0,0,0.00400633956472085,0,0.000453378569961996,0,0.00034509476030085,0,0
0,0,0,0,0,0,0,0,0.00188590735414538,0,0,0,0,0,0,0,2.11526250485756e-05,0,0,0,0,0,0.000680890488011708,0,0,0,0.00909038100646878,0,0,0,0,0,0,0,0,0,0,0,0.00929142709424573,0,0,0,0.00041038251319711,0,0,0,0,5.79469958521366e-05,0.000410346701120064,0,0,0,0,0,0.0586658209817055,0,0,0,0,0,0,0,0,0,0,0.00105392528267079,0,0.116160574085225,0,0.0195982509154298,0,0,0,0,0,0,0,0,0,0,0,0.00373827588933513,5.57291038695725e-05,0,0.00120560586989521,0,0
0,0,0,0,0,0,0,0,0,0.00638997200952228,0,0,0,0,0,0,0,0.000124659041496827,0,0,0,0,0,0.0282672581397071,0,0,0,0.000333858966150655,0,0,0,0,0,0,0,0,0,0,0,0,0,0,0,0,0,0,0,0,0,0,0,0,0,0,0,0,0,0,0,6.17875120951794e-05,0,0,0,0,1.40301014936864e-05,0,0.00124762178517549,0,0.00623122224057463,0,0,0,0,0,0,0,0,0,0,0,0,0,7.80793523148316e-06,0,0,0,0
0,0,0,0,0,0,0,0,0.00674743581551828,0,0,0,0,0,0.000480919461397222,0,0.00149994858839652,3.61830972596769e-05,0,0,0,0,4.84488149574156e-05,0,0.00909038100646878,0,0,0,0.00247181031937011,0,0,0,0,0,0,0,0,0,0,0,0,0,0,0,0,0,0,0,0,0,0,0,0,0,0.00193190891877255,0,0,0,0,0,0,0,0,0,0,0.00292464916307378,0,0,0,0.00445090774776988,0,4.32829867669755e-05,0,0,0,0,0,0,0,0,0,0,2.80634972525795e-05,0,0,0,0
0,0,0,0,0,0,0,0,0,0,0,8.31065190141089e-05,0,0,0,0,0,0,0,0,0,0.00034678194078378,0,0,0,0.000333858966150655,0,0,0,0.00205762500198464,0,0,0,0,0,0,0,0.000717567301837608,0,0,0,0,0,0,0,0,0,0,0,0,0,0,0,0,0,0,0,0,0,0.00286921060776589,0,0,0,0,0.000477670433760093,0,0,0,0.000198418703009263,0,0.0508986075139248,0,0,0,0,0,0,0,0,0,0.000652363608473058,0,0.000420876110015802,0,0,0,0
0,0,0,0,0,0,0,0,0,0,0,0,0,0,0,0,0,0,0,0,0,0,3.28682472172659e-05,0,0,0,0.00247181031937011,0,0,0,0.00292845136385986,0,0,0,0,0,0,0,0.00010839830479548,0,0,0,0,0,0,0,0,0,0,0,0,0,0,0,0,0,0,0,0.000115658192953561,0,0,0,0,0,0,0,0,0,0,0.00350270454882209,0,0.0101528705776049,0,0.00292664309573815,0,0,0,0,0,0,0,0.000121381219710875,0.000202759788219184,1.83016948489009e-05,0,0,0
0,0,0,0,0,0,0,0,0,0,0,0.0013910979563053,0,0,0,0,0,0,0,0,0,0,0,0,0,0,0,0.00205762500198464,0,0,0,0,0,0,0,0,0,0.00120205630401061,0,0,0,0,0,0,0,0,0,0,0,0,0,0,0,0,0,0,0,0.00130111996436869,0,0,0,0,0,0,0,0,0,0,0,0,0.00800100932423498,0,0.0446667479343181,0,0,0,0,0,0,0,1.53979683719817e-05,0,5.63159517928821e-05,0,0,0,0
0,0,0,0,0,0,0,0,0,0,0.00223543293265348,0,0,0,0,0,0,0,0,0,0,0,0,0,0,0,0,0,0.00292845136385986,0,0,0,0,0,0,0,0,0,0.000653951992564569,0,0,0,0,0,0,0,0,0,0,0,0,0,0,0,0,0,0.00046306348983581,0,0,0,0,0,0,0,0,0,0,0,0,0,0,0.0032618910705699,0,0.0300416049970006,0,0,0,0,0,0,0,0.000253927561131552,3.02942684171428e-05,0,0,0,0
0,0,0,0,0,0,0,0,0,0,0,0,0,0,0,0,0,0,0,0,0,0,0,0,0,0,0,0,0,0,0,0,0,0.00548540734768527,0,0.00370444040632402,0,0,0,0,0,0,0,0,0,0,0,0.0526347429610168,0,4.93696171487764e-05,0,0,0,0,0,0,0,0,0,0,0,0,0,0,0,0,0,0,0,0,0,0,0,0,0.0522602340251689,0,0.00821499069463344,0,0.000973891135820054,2.24108622229194e-05,0,0,0.000112291152558474,0,0,0,0
0,0,0,0,0,0,0,0,0,0,0,0,0,0,0,0,0,0,0,0,0,0,0,0,0,0,0,0,0,0,0,0,0,0,0.00076095304628137,0,0.00434397051132355,0,0,0,0,0,0,0,0,0,1.376364429693e-05,0.0211334325428517,0.00041067496581462,0,0,0,0,0,0,0,0,0,0,0,0,0,0,0,0,0,0,0,0,0,0,0,0,0,0,0.146030427948724,0,0.00229357831529588,0,0.00157488459296021,0,5.23145266351568e-06,0.000517435405202433,0,0,0,0
0,0,0,0,0,0,0,0,0,0,0,0,0,0,0,0,1.16086562486984e-05,0,0.00015936090518523,0,0,0,0,0,0,0,0,0,0,0,0,0.00548540734768527,0,0,0.000370614663822065,0.00266323731524861,0,0.00374164265078218,0,0,0,4.17446289233555e-05,0,0,0,0,0,0.02533331293813,0,0.00550529883852222,0,0,0,0,0,0,0,0,0,1.42575380417144e-05,0,0,0,0,0,0,0,0,0,0,0,0,0,0,0.00482573172028345,0,0.141221294855231,0.0011988410886839,0.00106160065186229,0,0.0040736944733492,0,0.000145824413117583,0,0,0,0
0,0,0,0,0,0,0,0,0,0,0,0,0,0,0,0,0,0,0,0,0,0,0,0,0,0,0,0,0,0,0,0,0.00076095304628137,0.000370614663822065,0,0,0.00182512581263024,0,0.000107840772569213,0,0,0,0,0,0,0,0,0.0215876495799571,0,0,0,0,0,0,0,0,0,0,0,0,0,0,0,0,0,0,0,0,0,0,0,0,0,0,0,0.0164297975498764,0,0.108278067977397,0,0.000839803845885176,0,0.000242867907290295,0.000135139856025823,0,0,0,0
0,2.74551234189917e-06,1.32127096200713e-05,0.000133241691898557,0,1.29836423077487e-05,0,0,0,0,0,0.00252760551070398,0,0,0,0,1.74692377494214e-05,9.35270364839617e-06,0.000144025373428078,0.00309140399649137,0,0,0,0,0,0,0,0,0,0,0,0.00370444040632402,0,0.00266323731524861,0,0,0.00380781339863792,0.0109750657780741,0,3.62403011195205e-05,1.37998570232089e-06,6.2499916331925e-05,0,3.61597680728561e-06,0,0.000138334356346999,4.34960979724564e-06,0.00310978878751143,0,0.00032303537253134,0,3.98287153098727e-06,0,0,0,0,0,0.00123907062951275,0,0,0,0,0.00992666410654528,0,0,0,0,0,0,0,0,0,4.3322862671413e-05,0,0.00305949630393704,0,0.00280430423368181,0,0.0740221350232502,0.000891495584940012,0.00430327255867522,0,0.00346046960545943,0.000273775703601305,0.00032987487336095,2.7515176248809e-05,0
1.09597091023991e-05,0,0.000251295533471173,1.59263332770326e-06,8.78538420555694e-06,0,0.000464376539566358,0,0,0,0.00125426271100504,0,0,0,0,0,7.30638495570352e-05,0,0.000565243347401354,0,0.0154901979439665,0,0,0,0,0,0,0,0,0,0,0,0.00434397051132355,0,0.00182512581263024,0.00380781339863792,0,0,0.00674772196991343,0,8.48578767634995e-05,0,0.000383379779210464,0,6.26731216880804e-05,4.76815490194266e-06,0.000593311711581253,0.00175604012316124,0.000647145119629912,1.18023772592361e-06,1.76806171599236e-05,7.60179150543182e-06,0,0,0,0,2.59732022918257e-05,0,0,0,0,0,1.07038947017729e-05,0.0141390644983394,0,0,0,0,0,0,0,0,2.37636011737972e-05,2.88045473058755e-05,0,0.00685347528740635,0,0.00839607781667038,0.0025564968926753,0.0847632524540527,2.4210549076266e-06,0.00152665432479021,0.00383670426105135,9.78127853200686e-06,0.00236685141792945,0,1.50252115209751e-05
0,0,0,0,0,0,0,0,0,0.000612933149392453,0,0.00443291917787986,0,0,0,0,0,0,2.56231819834056e-05,0.00206774639673503,0,0.0199744399754168,0,0.00516789170239489,0,0,0,0.000717567301837608,0,0.00120205630401061,0,0,0,0.00374164265078218,0,0.0109750657780741,0,0,0.000542129221031555,0,0,7.20412953573872e-05,0,0,0,5.98313850828821e-05,0,0.00770566205842143,0,0.00462745509623117,0,0,0,0,0,0.000456582384268932,0,0.00562956142286817,0,0,0,0,0.00289135227899811,0,0.00838734935413987,0,0.00924872500108747,0,0,0,0.000568472935009968,0,0.00159070222911676,0,0,0,0.000614394582882604,0,0.003428909720582,0,0.0643437171748368,7.87277622293914e-06,0.00212814423693712,0,0.000231927266710597,0,0
8.72668811890197e-06,0,0,0,0,0,0,0,0.000598052141728875,0,0.0140789378582749,0,0,0,0,0,0,0,7.80755796326958e-06,0,0.0044654267481324,0,0.0106419581038777,0,0.00929142709424573,0,0,0,0.00010839830479548,0,0.000653951992564569,0,0,0,0.000107840772569213,0,0.00674772196991343,0.000542129221031555,0,0,0,0,0.000163630077285682,0,0,0,7.0563684358989e-05,0.00604833760279062,0.00636917097596468,0,0,0,0,0,8.29446354497822e-05,0,0.00700150984102322,0,0,0,0,0,0,0.000946809650629276,0,0.00563175652844707,0,0.00975850967418511,0,0.000231814047947486,0,0.000527559096929152,0,2.76184459123117e-05,0,2.38426058655843e-05,0,0.000161520611563742,0,0.0045166094096078,0,0.0733688952757395,0.0013015961889943,0,0.00309436677855152,0,0
0,0.000143541045262883,0,0.00146917776598123,0,0,0,0,0,0,0,0,0,0,0,0,0.000893470271391266,0.00104155204042716,0.0227382142042422,0,0,0,0,0,0,0,0,0,0,0,0,0,0,0,0,3.62403011195205e-05,0,0,0,0,0.000599132290399895,0.0733154770376521,0.000148239381786029,0.00370581678770281,0,0.0115914225213027,0.000646367923770162,0.00240880425427915,0.00234412284870208,0.032347353794824,0,0.000621959576488357,0,0,0,0,0,0.000180548512036885,0,0.000100472772511813,0,0,0.014801053078209,6.45197119355221e-05,0,0,0,0,0,0,0,0,0.000893577518877526,9.43868111599217e-05,0,0,0,0,0.00318045043960812,0.000174010194913015,0.000338110092349217,1.00695501667992e-05,0.000467431166564458,0,0.0299371718075475,0.0165113329544409,1.68710162463254e-05
0.000888016189728926,0,0.000634806503173429,0.000536651171845504,0.000124764759353546,0,0,0,0,3.85994943914746e-05,0,0,0,0,0,0,0.000943139026929759,0.000628034172459562,0.0210147904635792,0,0,0,0,0,0,0,0,0,0,0,0,0,0,0,0,1.37998570232089e-06,8.48578767634995e-05,0,0,0.000599132290399895,0,0.000430923719747707,0.0400719445312738,0,0.00530266491092662,0.00034840258706494,0.0195574028706655,0.000174525688387935,0.0312811273574271,0.00123924388596432,0,0.000233719559245419,0,0,0,0,0.000444868183310475,8.10334215031305e-06,0,9.50496636204542e-06,0,0,0.000290420212297287,0.0063214374525672,0,0,0,0,0,0,0,0,5.87532443622871e-05,0.00228175878175444,0,0,0,0,7.02148833109555e-05,0.00491950967591352,4.66134104857245e-05,0.000285720640243309,0.000775752903555684,0,0.0440185276321589,0.000205687871508505,0.0149690083412647
0,0.0239962728194832,5.52355826071252e-05,0.00496440386305477,0,0.000550645464868053,0,0,0,0.00285441955436333,0,0,0,0,0,0,0.000745368274823457,0.00148572056104419,0.0271979732754665,0,0,0,0,0,0,0,0,0,0,0,0,0,0,4.17446289233555e-05,0,6.2499916331925e-05,0,7.20412953573872e-05,0,0.0733154770376521,0.000430923719747707,0,0.00345322913349552,0.00507068475946883,0,0.00588608025271257,0.000423295894174577,0.000456553223606058,0,0.0323391691252783,0,0.00174638149531419,0,0,0,8.92677749776791e-05,1.55313752882991e-05,0.00254474668255039,0,0.00176142485961269,0,0.00140459871106307,0.0175498918666861,0,4.53365240750902e-06,0,0.000261571233702982,0,0,0,0.000627394030263969,0,0.0153738331073588,0.000118277256992765,0,0,7.27296836937133e-05,0,0.00679392330438506,7.59911168553833e-05,0.000550614513857331,0,0.00727377252572979,0,0.0609221785433744,0.0642900520897048,4.09074672287389e-05
0.0103378254111672,0,0.00684116572002197,7.10429830015734e-05,0.00114874476850504,0,0,0,0.00192750724000606,0,0,0,0,0,0,0,0.000939419132999085,0.000383915273500917,0.0202435928711539,0,0,0,0,0,0.00041038251319711,0,0,0,0,0,0,0,0,0,0,0,0.000383379779210464,0,0.000163630077285682,0.000148239381786029,0.0400719445312738,0.00345322913349552,0,0,0.00332310434555743,0,0.00809140330987301,0.000807939579045593,0.0140311652587531,8.7916281140895e-05,0.000189443046922612,0,0,0,0.000204864592729007,0,0.00289109562156793,5.42887504332705e-06,0.00109188119953927,0,0.000531939628398098,0,2.89677301005875e-05,0.00280629994687085,0,0,0,0.00188671131550347,0,0.000110479680212397,0,0,1.6370027109805e-05,0.0249199642940157,0,2.25237227018007e-05,0,0.000116912362857848,3.37558671583836e-05,0.00767053368617922,7.0819063091648e-06,0.000376311682200395,0.00645414955285033,0,0.086019265521994,3.33124182374099e-05,0.0586745663765511
0,0,0,7.42409470906764e-05,0,0,0,0,0,0,0,0,0,0,0,0,7.70364641113899e-06,2.65816715855176e-05,0.000968679519262683,0,0,0,0,0,0,0,0,0,0,0,0,0,0,0,0,3.61597680728561e-06,0,0,0,0.00370581678770281,0,0.00507068475946883,0,0,0,0.000652871927196101,2.53947145030199e-05,0,0,0.000180134159735535,0,0,0,0,0,0,0,2.77106281638094e-05,0,0,0,0,0.000150712298519359,0,0,0,0,0,0,0,0,0,0.00030161297861292,0,0,0,0,0,0.000350687263603317,0,3.25326692732137e-05,0,5.38289706586118e-05,0,0.00206563736079301,0.00610523499836876,0
0,0,0,0,0,0,0,0,0,0,0,0,0,0,0,0,5.66751583169792e-05,0,0.00152796053072932,0,0,0,0,0,0,0,0,0,0,0,0,0,0,0,0,0,6.26731216880804e-05,0,0,0,0.00530266491092662,0,0.00332310434555743,0,0,0,0.00301218711798404,0,6.45372435515972e-05,0,0,0,0,0,0,0,1.80000543416186e-05,0,0,0,0,0,0,0.000120752796972545,0,0,0,0,0,0,0,0,0,0.00127637849940812,0,0,0,0,8.14976492633066e-06,0.000918534538226309,0,6.08053889533533e-05,0.000365333124330856,0,0.00295580669588784,0.000111633847856106,0.00349214077026422
5.0360208493696e-05,4.65471850551276e-05,0,0.000356224868654683,0,0,0,0,0,1.1175314715724e-05,0,0,0,0,0,0,0.00069434303801458,0.000592766917278567,0.011940029245268,0.000134482618844114,0,0,0,0,0,0,0,0,0,0,0,0,0,0,0,0.000138334356346999,4.76815490194266e-06,5.98313850828821e-05,0,0.0115914225213027,0.00034840258706494,0.00588608025271257,0,0.000652871927196101,0,0,0.000387331635638581,0.000166404923563439,0,0.0012433288111085,0,0,0,0,0,0,7.29855516529839e-05,0.00165192405466029,0,0,0,1.22659793135652e-05,0.0804845906224672,0,0,0,0,0,0,0,5.06688165758512e-05,0,0.00651684309616893,1.67393637184876e-05,0,0,2.95268163193326e-05,0,0.00939938652503585,9.67586051364539e-05,0.00952464729385718,5.02785206330135e-06,0.000404814806576612,0,0.0192908463778379,0.00178041319270236,0
0.000102207080850623,3.70548831732029e-05,0.000342974526455283,0.000590194208310257,0.000194400018688142,0.000217593401610218,0,0,0,0,0,0,0,0,0,0,0.000992285255361564,0.000413911834403772,0.0173966450152372,0,4.9121873261363e-05,0,0,0,0,0,0,0,0,0,0,0,1.376364429693e-05,0,0,4.34960979724564e-06,0.000593311711581253,0,7.0563684358989e-05,0.000646367923770162,0.0195574028706655,0.000423295894174577,0.00809140330987301,2.53947145030199e-05,0.00301218711798404,0.000387331635638581,0,0.000128979649906829,0.000197361265497284,9.54712049850684e-05,0,0.000268014517440845,0,0,0,0,0.000868629254986774,0.000159736785384297,0,5.4462300263493e-06,0,0,3.84517705281892e-05,0.105118530909022,0,0,0,0,0,0,3.38061730515537e-05,0,0.000163256806081016,0.00294666813918069,0,0,0,0,0.000227616546104076,0.0123219315694147,1.04629792087123e-05,0.00383481944357319,0.000827917738549355,0,0.0302431018059281,0.000175634978409051,0.000626898462180029
0,0,0.000314091860622061,0,0,0,0,0,0,0,0,0,0,0,0,0,3.69695784260054e-05,0,0.000380050231856103,0,0,0.000653688390325483,0,0,5.79469958521366e-05,0,0,0,0,0,0,0.0526347429610168,0.0211334325428517,0.02533331293813,0.0215876495799571,0.00310978878751143,0.00175604012316124,0.00770566205842143,0.00604833760279062,0.00240880425427915,0.000174525688387935,0.000456553223606058,0.000807939579045593,0,0,0.000166404923563439,0.000128979649906829,0,0.116010896750846,0.128580312260843,0,1.70434685535482e-05,0,0,0,0,0,0,0,0,0,0,8.4887631907168e-05,0,0.000327696656479946,0,0,5.46611698161383e-05,0,6.79790890792905e-05,0,0,5.7632785864833e-05,1.83309586291628e-05,0.0144699079229329,0.080712846411857,0.022114125184574,0.0123432707521314,0.00914479924656612,0.0168775405560511,0.0152588346701232,0.00582774991826074,0.0126726718714263,0,0.0435844106808865,1.4206900020978e-05,0
0.0042669191981178,0,0.0108421288827881,8.30375695026162e-05,0.000272768115695501,0,0,0,0.00415351450708116,0,0,0,0,0,0,0,0,1.08558224296536e-05,0.000528592336928762,0,0,0,0.0019851629509622,0,0.000410346701120064,0,0,0,0,0,0,0,0.00041067496581462,0,0,0,0.000647145119629912,0,0.00636917097596468,0.00234412284870208,0.0312811273574271,0,0.0140311652587531,0,6.45372435515972e-05,0,0.000197361265497284,0.116010896750846,0,0.0153818853216132,3.56488771747384e-05,0,0,0,0.00028975601787831,0,0.00299615229196049,0,0.00156745979215157,0,0.000475214340713046,0,0,1.52764136607819e-05,0,0.00403059859147119,0,0.00294953548526924,0,0.00156326307905727,0,0.00381635951935133,8.70341786822736e-05,0.0222371772006155,0,0.00180014229594991,0,0.00116180745103042,0,0.00272158779976401,0,0.00582119974868947,0.00593518323957881,0,0.0834997948579065,0,0.00134470902337004
2.0424608235029e-05,0.0251465670665326,0.000781831146801216,0.0126927508353922,0.00011693837917417,0.000345196995849505,0,0,0,0.00111103753854005,0,0,0,0,0,0,0.000168982892921881,0.000206597228283299,0.00174681714694775,0,0,0.00363253682186955,0,7.12256795041741e-05,0,0,0,0,0,0,0,4.93696171487764e-05,0,0.00550529883852222,0,0.00032303537253134,1.18023772592361e-06,0.00462745509623117,0,0.032347353794824,0.00123924388596432,0.0323391691252783,8.7916281140895e-05,0.000180134159735535,0,0.0012433288111085,9.54712049850684e-05,0.128580312260843,0.0153818853216132,0,0,0.00321183900410191,0,0,0,0.00228276920383982,7.52525694311997e-06,0.00867841255483134,0,0.00606793024902522,0,0.00469177610029271,0.000803362274782511,0,0.00493010807897012,0,0.00372610074640949,0,0.00713981932125161,0,0.0170960307314471,0,0.0197812932071726,0.000120737175880523,0.000296013668315334,0,0.000568371665674046,0,0.00454455669515804,6.00013353033905e-05,0.00631548351363501,5.11162168322248e-05,0.00431042118207906,0,0.0618166508062056,0.0085232931388348,0
0,0,0.0442341915166013,0,0.0510311931108791,0,0.00385160908412494,0,0.00113344072013963,0,2.95775084364228e-05,0,0,0,0.0055652958533381,0,3.8756742684234e-05,0,0,0,0.00182840082556118,0,0,0,0,0,0,0,0,0,0,0,0,0,0,0,1.76806171599236e-05,0,0,0,0,0,0.000189443046922612,0,0,0,0,0,3.56488771747384e-05,0,0,0,0.00338737919851564,0,0.000230293553807458,0,0.00389367495796355,0,0.00398868478318202,0,0.0334799098173547,0.00017648221060463,0,0.00259401521923056,0,0,0,0,0,0,0,0,0,0.000931914709635627,0,0,0,0,0,4.03430358877175e-06,0,1.89146500923637e-05,0.000932001222655079,0,0.0037925456636976,0,0
0,0,0.000534245798957142,0.0687241076304226,0,0.0809434369194897,0,0.00198133423770512,0,0.0252487604975836,0,0.000675115482969618,0,0,0,0,4.35025255780591e-06,2.63984628479867e-05,0.000101135789492417,0,0,0,0,0,0,0,0,0,0,0,0,0,0,0,0,3.98287153098727e-06,7.60179150543182e-06,0,0,0.000621959576488357,0.000233719559245419,0.00174638149531419,0,0,0,0,0.000268014517440845,1.70434685535482e-05,0,0.00321183900410191,0,0,0,0,0,0.00449051137581398,4.4216279820075e-05,0.0133774428736204,0,0.00435701411962923,0,0.0120855986621994,1.48687453776618e-05,1.67411206840658e-05,0,0,0,0,0,0,5.17860329376403e-05,0,0.00671234294389673,0,0,0,0,0,0.000174229284150563,5.79572825114858e-05,0.000427549938211536,1.78680652024435e-05,0.000501771262708515,0,0.00434463350443788,0.00157196145527276,0
0,0,0,0,0,0,0.0861972692015601,0,0,0,0,0,0,0,0,0,0,0,0,0,0,0,0,0,0,0,0,0,0,0,0,0,0,0,0,0,0,0,0,0,0,0,0,0,0,0,0,0,0,0,0.00338737919851564,0,0,0,0,0,0.0318323802385938,0,0.0102620731616094,0,0,0,0,0.000817990580078754,0,0,0,0,0,0,0,0,0,0,0,0,0,0,0,0,0,0,2.32434851532245e-05,0,0,0,0
0,0,0,0,0,0,0,0.00353687120288611,0,0,0,0,0,0,0,0,0,0,0,0,0,0,0,0,0,0,0,0,0,0,0,0,0,0,0,0,0,0,0,0,0,0,0,0,0,0,0,0,0,0,0,0,0,0,0,0,0,0.018396130708368,0,0.00317855828073187,0,0,0.000672444570963527,0,0,0,0,0,0,0,0,0,0,0,0,0,0,0,0,0,0,0,6.2917641286703e-06,0,0,0,0
0.00805447411125211,0,0.00524933829225619,0,8.36345584214609e-05,0,0,0,0.0905308561300191,0,0,0,0,0,0.00920653568832967,0,1.14744896939772e-05,0,0,0,0,0,0,0,0.0586658209817055,0,0.00193190891877255,0,0,0,0,0,0,0,0,0,0,0,8.29446354497822e-05,0,0,0,0.000204864592729007,0,0,0,0,0,0.00028975601787831,0,0.000230293553807458,0,0,0,0,0,8.16673616485433e-05,0,0,0,0.0855483577635432,0,0,0,0,0,0,0.0733133848872908,0,0,0,0,0,0,0,0,0,0,0,0,0,0.000117722006342882,1.25016595088218e-05,0,0.00201707820128954,0,0
0,0.00191883595085298,3.81383354416342e-05,0.00257090209204148,0,0,0,0,0,0.130112027942826,0,0,0,0,0,0.0211756665625314,4.16410181944063e-05,0,0,0,0,8.43631667072185e-05,0,0.0261780094367784,0,0,0,0,0,0,0,0,0,0,0,0,0,0.000456582384268932,0,0,0,8.92677749776791e-05,0,0,0,0,0,0,0,0.00228276920383982,0,0.00449051137581398,0,0,0,0,0,8.71323542709166e-05,0,0.000181149115597502,0,0.0703849077854569,0,0,1.66442381350574e-05,0,0.0502780298463484,0,0,0,0,0,0,0,0,0,0,0,0,0,0.00434922083472647,0,1.55516830135603e-05,0,0.000195582021162406,0,0
0.00102278769195145,0,0.00630789623994641,4.06071859659062e-05,0.000203127492437643,0,0.00121527070783801,0,0,0,0.121078050866942,0,0.00420605830272994,0,0,0,3.66690756720595e-05,6.45545039963593e-06,0.000800274132023689,0,0.011527836018151,0,0,0,0,0,0,0,0,0,0.00046306348983581,0,0,0,0,0,2.59732022918257e-05,0,0.00700150984102322,0,0.000444868183310475,1.55313752882991e-05,0.00289109562156793,0,1.80000543416186e-05,7.29855516529839e-05,0.000868629254986774,0,0.00299615229196049,7.52525694311997e-06,0.00389367495796355,4.4216279820075e-05,0.0318323802385938,0,8.16673616485433e-05,0,0,7.33981251597841e-06,0.0217485216892323,0,0.00166747388904031,0,0,0.0164215059263259,0,0,0,0,0,0,0,0.000963733368184589,0,0.0144340304802523,0,0,0,0,0,9.65353748235829e-05,0,0.000179831707285316,0.000453703372944884,0,0.0128058172549201,0.000172993834094311,0.00147274008186535
0,0.000680328012673409,9.98040603950165e-05,0.00478724045488646,0,0.000316071509322855,0,0.0193890480982543,0,0,0,0.0961413321391844,0,0,0,0,3.38325366691569e-05,7.9983705430617e-05,0.000388365064438343,0.00231028943210852,0,0,0,0,0,0,0,0,0,0.00130111996436869,0,0,0,0,0,0.00123907062951275,0,0.00562956142286817,0,0.000180548512036885,8.10334215031305e-06,0.00254474668255039,5.42887504332705e-06,2.77106281638094e-05,0,0.00165192405466029,0.000159736785384297,0,0,0.00867841255483134,0,0.0133774428736204,0,0.018396130708368,0,8.71323542709166e-05,7.33981251597841e-06,0,0,0.00578998156916248,0,0.00150102508146107,0.0215240975023874,0,0,0,0,0,0,0,0.00134398344919642,0,0.0517679237386085,2.07397656121254e-05,0,0,0,0,0.00023997378451786,3.85556788078609e-05,2.37127247696723e-05,4.0344961466992e-06,0.000293714609318644,0,0.0119147122009944,0.00029703325317176,0
0.00270313012874698,0,0.00258534260413739,0,0,0,0.0017642123697658,0,2.36911858965688e-05,0,0.012965952743032,0,0.0168231632415168,0,6.12478661749173e-05,0,0,0,4.2806736434757e-05,0,0,0,0,0,0,0,0,0,0.000115658192953561,0,0,0,0,0,0,0,0,0,0,0,0,0,0.00109188119953927,0,0,0,0,0,0.00156745979215157,0,0.00398868478318202,0,0.0102620731616094,0,0,0,0.0217485216892323,0,0,0,0.0156179431571538,0,0,0,0,0,0,0,0,0,0,0,0,8.07461300061419e-05,0,0,0,0,0,0,0,0,0.000123108076466969,0,0.00296269237291256,0,0.000169795895563676
0,0.000899392917141495,8.66783672129334e-05,0.0127871817453438,0,0.000418483782699874,0,0.00413809064475397,0,0.000507274464745307,0,0.0178180728787741,0,0.0886112428872584,0,5.80293755284885e-05,0,0,6.03621690197561e-05,0,0,0,0,0,0,6.17875120951794e-05,0,0.00286921060776589,0,0,0,0,0,1.42575380417144e-05,0,0,0,0,0,0.000100472772511813,9.50496636204542e-06,0.00176142485961269,0,0,0,0,5.4462300263493e-06,0,0,0.00606793024902522,0,0.00435701411962923,0,0.00317855828073187,0,0.000181149115597502,0,0.00578998156916248,0,0,0,0.0107428913124971,0,0,0,0,0,0,0.000455041074134951,0,5.09047225653037e-05,0,0.00171267270116809,0,0,0,0,0,0.000110513342861148,1.98559479418496e-05,4.48821166625295e-05,0,0.00014093857582891,0,0.00207783476001183,0.000672754312936441,0
0.00695679622234461,0,0.000588759582493409,0,0.000283138221455509,0,0,0,0.0568820564247025,0,0,0,0,0,0.0399121367514069,0,0,0,0,0,0,0,0,0,0,0,0,0,0,0,0,0,0,0,0,0,0,0,0,0,0,0,0.000531939628398098,0,0,0,0,0,0.000475214340713046,0,0.0334799098173547,0,0,0,0.0855483577635432,0,0.00166747388904031,0,0.0156179431571538,0,0,0,0,0,0,0,0,0,0,0,0,0,0,0.000230057804343686,0,0,0,0,0,0,0,0,1.83201392495627e-05,0.000107784996671507,0.000696203720299886,0,0.000266624975146082
0,0.00575440600789873,0,0.0183281717049717,0,0.00372442017794656,0,0,0,0.0602948720821438,0,0,0,0,0,0.00970727843587528,3.33973195899054e-05,0,1.64258176561017e-05,0,0,0,0,0,0,0,0,0,0,0,0,0,0,0,0,0,0,0,0,0,0,0.00140459871106307,0,0,0,1.22659793135652e-05,0,0,0,0.00469177610029271,0.00017648221060463,0.0120855986621994,0,0,0,0.0703849077854569,0,0.00150102508146107,0,0.0107428913124971,0,0,2.32506509561976e-05,0,0,0,0.000216808794840127,0,0.00356268026849754,0,0.000248953492595885,0,0.00359624121569936,0,0,0,0,0,0,1.14153128948053e-06,2.76570821894687e-05,0,0.000103323380850087,0,0.00104262650471296,0.00146952907710288,0
1.3804594000032e-05,4.09557227093417e-05,0,9.12039746507961e-05,0,6.07198383055802e-05,0,0.000174361544674229,0,0,0,0.00937531925851945,0,0,0,0,0.000456051921865069,0.000464675338111317,0.0050913804045786,0.0470578740244302,0,0,0,0,0,0,0,0,0,0,0,0,0,0,0,0.00992666410654528,1.07038947017729e-05,0.00289135227899811,0,0.014801053078209,0.000290420212297287,0.0175498918666861,2.89677301005875e-05,0.000150712298519359,0,0.0804845906224672,3.84517705281892e-05,8.4887631907168e-05,0,0.000803362274782511,0,1.48687453776618e-05,0,0.000672444570963527,0,0,0,0.0215240975023874,0,0,0,2.32506509561976e-05,0,0,0,0,0,0,0,0,8.11528889889217e-05,0,0.0205189371069864,4.29858625455255e-05,0,0,0,0,0.0145203122756459,3.5548867955546e-05,0.0078274894457436,3.22241156833133e-06,0.000746303982973419,0,0.0297934199199925,5.16976428406243e-05,1.19326559291661e-05
0,0,0.000105004377883289,1.53007986770492e-05,0.00429546398171949,0,0.000168786425614555,0,0,0,0.0171653088475507,0,0,0,0,0,0,1.19885271043587e-05,0.000505762015743521,0,0.083196495530449,0,0,0,0,0,0,0,0,0,0,0,0,0,0,0,0.0141390644983394,0,0.000946809650629276,6.45197119355221e-05,0.0063214374525672,0,0.00280629994687085,0,0.000120752796972545,0,0.105118530909022,0,1.52764136607819e-05,0,0.00259401521923056,1.67411206840658e-05,0.000817990580078754,0,0,0,0.0164215059263259,0,0,0,0,0,0,0,0,0,0,0,0,0,0,0,7.99765709554236e-05,0.00445996759635176,0,0,0,0,1.46654834617344e-06,0.0129337010661279,0,0.00561993620552093,0.00038528364781947,0,0.0291751662331584,0,0
0,0,0,0,0,0,0,0,0,0,0,0,0,0,0,0,0,0.000506573168627019,0,0,0,0.0577814845614527,0,0.000839174105784928,0,1.40301014936864e-05,0,0.000477670433760093,0,0,0,0,0,0,0,0,0,0.00838734935413987,0,0,0,4.53365240750902e-06,0,0,0,0,0,0.000327696656479946,0,0.00493010807897012,0,0,0,0,0,1.66442381350574e-05,0,0,0,0,0,0,0,0,0,0,0.0115851073845964,0,0.007916934685802,0,0.00259888146599534,0,0,0,0,0,0,0,0,0,0.00365623214498876,0,0.00066163545655028,0,0.000175062267660604,0,0
0,0,0,0,0,0,0,0,0,0,0,0,0,0,0,0,0,0,0,0,0,2.62214271060657e-05,0.0561482653912139,0,0.00105392528267079,0,0.00292464916307378,0,0,0,0,0,0,0,0,0,0,0,0.00563175652844707,0,0,0,0,0,0,0,0,0,0.00403059859147119,0,0,0,0,0,0,0,0,0,0,0,0,0,0,0,0,0,0,0.00199928124173675,0,0.00440723596451809,0,1.47856966192057e-05,0,0,0,0,0,0,0,0,0,0.00572425551043811,8.46057802034211e-06,0,0,0,0
0,0,0,0,0,0,0,0,0,0.00877883048905806,0,0,0,0,0,0,0,6.93101145251376e-05,0,0,0,0.00470243601937964,0,0.128040234168256,0,0.00124762178517549,0,0,0,0,0,0,0,0,0,0,0,0.00924872500108747,0,0,0,0.000261571233702982,0,0,0,0,0,0,0,0.00372610074640949,0,0,0,0,0,0.0502780298463484,0,0,0,0,0,0.000216808794840127,0,0,0.0115851073845964,0,0,0,0.0291465437792457,0,0.000792224543505233,0,0,0,0,0,0,0,0,0,0.0189059860340102,0,0.000210783762956601,0,0.00741934652527633,0,0
9.60783113260616e-05,0,0,0,0,0,0,0,0.00238663977403141,0,0,0,0,0,0,0,0,0,0,0,0,0,0.000381780156115404,0,0.116160574085225,0,0,0,0,0,0,0,0,0,0,0,0,0,0.00975850967418511,0,0,0,0.00188671131550347,0,0,0,0,5.46611698161383e-05,0.00294953548526924,0,0,0,0,0,0.0733133848872908,0,0,0,0,0,0,0,0,0,0,0.00199928124173675,0,0,0,0.0299225678452527,0,0,0,0,0,0,0,0,0,0,0,0.00924748987226159,0.000124231706813958,0,0.0115542935130321,0,0
0,0,0,0,0,0,0,0,0,0.0102736635454156,0,0,0,0,0,0,0,8.0483150599706e-05,0,0,0,0.000226619200934759,0,0.0379978284315303,0,0.00623122224057463,0,0.000198418703009263,0,0,0,0,0,0,0,0,0,0,0,0,0,0,0,0,0,0,0,0,0,0.00713981932125161,0,0,0,0,0,0,0,0,0,0.000455041074134951,0,0.00356268026849754,0,0,0.007916934685802,0,0.0291465437792457,0,0,0,0.0114082961970434,0,0,0,0,0,0,0,0,0,0,0,2.85202188734088e-05,0,0,0,0
