0,0,0.0166136077187542,0,0,0,0,0,0.0610254918367911,0,0,0,0,0,0,0,9.72726215085454e-05,0,0.00148854488442376,0,0,0,0,0,0,0,0,0,0,0,0,0,0,0,0,0,0.000114126143665205,0,1.59400800358243e-05,0,8.71645081313606e-05,0,0.00335784120069007,0,0,0,0,0,0.0104334948312608,0,0,0,0,0,0.0183005367898923,0,3.88429569713972e-05,0,0,0,0.00761194848126598,0,0,0,0,0,0,0,0,0,0,0,0,0.000118607180606616,0,0,0,0,2.22422241172608e-06,0.000178402258069091,0,6.62505924402553e-05,0.00021538846487661,0,0.00960697583701747,0,0
0,0,0,0.0336714768318418,0,0.000316996726185497,0,0,0,0.0382770491977337,0,0,0,0,0,0,0,0,0,0,0,0,0,0.00485536645013886,0,0,0,0,0,0,0,0,0,0,0,0,0,1.58230489670087e-05,0,0,0,0.00123518120217184,0,0,0,0,0,0,0,0.0197272163569895,0,0,0,0,0,0.0431849667185055,0,0,0,0,0,6.82595689898563e-05,0,0,0,0,0.00123292634556801,0,0,0,0,0,0,0,0,0,0,0,0,0,0,0,0.000280507645358319,0,0.0106295385685001,0,0
0.0166136077187542,0,0,0,0.00412560709637824,0,0,0,0.047031531644932,0,0,0,0,0,0,0,0,0,8.93380156350397e-05,0,0,0,0,0,0,0,0,0,0,0,0,0,0,0,0,0,0,0,5.1250976025128e-06,0,0.00184973018186619,0,0.00569153413703926,0,0.000152132506266044,0,0.00108014058737589,0,0.0151346534650349,0,0.00450055234155582,0,0,0,0.0123450006789977,0,0.000708805404366116,0,0.00055856153569298,0,0.000984829695734841,0,0,0,0,0,0,0,0,0,0,0.000343994679237257,0,0.00450178903523074,0,0,0,0,0,1.7248890173568e-05,0,0.000126221988969435,7.96552863133134e-05,2.1083045050167e-05,0.00469610829503475,0,0.00621929642832926
0,0.0336714768318418,0,0,0,0.021385816388792,0,0,0,0.0142484585771515,0,0,0,0,0,0,0,0,0.000741234187852478,0,0,0,0,0,0,0,0,0,0,0,0,0,0,0,0,1.57525573038967e-05,0,0,0,0.000621559977022151,0,0.00555325066110733,2.70511255183213e-05,0.00138509136420282,0,0.000592742252546476,0,0.000849467337780059,0.0105006936546513,0.00514313306273163,0,0.00921185199033761,0,0,0,0.0293650049482266,0,0.00114669759671984,0,0.000154894723325048,0,0,0.000197724848747935,0,8.55562193832911e-06,0,0,0,0,0,2.90391462543609e-05,0,0.0057981845642253,8.21763923924135e-05,0.000186124129374528,0,0,0,0.000105362917843629,0,0.000156674585426465,0,0.000365682968231971,0,0.0139308224675626,0.00362691110486649,0
0,0,0.00412560709637824,0,0,0,0,0,0.00247213548406035,0,0,0,0,0,0,0,0,0,9.20806334747561e-05,0,8.50672708372043e-05,0,0,0,0,0,0,0,0,0,0,0,0,0,0,0,0,0,0,0,0.00123734322579837,0,0.0005490598840133,0,0,0,0.000458415275207364,0,0.00125678402465442,0,0.0281793485254934,0,0.00226467930366296,0,0,0,0.00201299309962871,0,0.00497293659393628,0,0.00358508731536529,0,0,0.000380461421537464,0,0,0,0,0,0,0,0,0,0.000113627170987368,0,0,0,0,0,1.63442153655152e-05,0,0,3.89025053039692e-06,0,0.00208881939040816,0,6.57641535739386e-05
0,0.000316996726185497,0,0.021385816388792,0,0,0,0.0142438214437096,0,0.00957114499359828,0,7.46866282033505e-05,0,0.00812715138406313,0,0.00400833175242732,0,0,0,0.0034766438470305,0,0,0,0,0,0,0,0,0,0,0,0,0,0,0,0,0,0,0,0,0,0.000225994820288887,0,0,0,0.000975608541772912,0,0,0.00137505555601557,0.000551980243884803,0,0.0733049264683987,0,0,0,0.0030504578829757,0,0.000545951789860768,0,0.00439704192190183,0,0.000156568028614856,0.00482509089295012,0,0,0,0,0,0,0,0,0,0.000587955133579984,0,0,0,0,0,5.81787649568539e-06,0,2.10156051142967e-05,0,0.00208108361723624,0,0.00482657648543872,0,0
0,0,0,0,0,0,0,0,0,0,0.000117492842594158,0,0,0,0,0,0,0,0,0,0,0,0,0,0,0,0,0,0,0,0,0,0,0,0,0,3.21656119540862e-05,0,0,0,0,0,0,0,0,0,0,0,0,0,0.000397187965773229,0,0.0327671031877539,0,0,0,0.00563678723056214,0,0,0,0,0,0,0,0,0,0,0,0,0,0,0,0,0,0,0,0,0,0,4.25448146436415e-05,0,0,0.000283419722391925,0,0,0,0
0,0,0,0,0,0.0142438214437096,0,0,0,0,0,0.000439618545108087,0,0,0,0,0,0,0,0.00279850186548484,0,0,0,0,0,0,0,0,0,0,0,0,0,0,0,9.71756477393044e-06,0,0,0,0,0,0,0,0,0,0,0,0,0,0,0,4.04436688436448e-05,0,0.0308799604919987,0,0,0,0.0101960232013115,0,0,0,0,0.00306524413972582,0,0,0,0,0,0,0,0,0,0,0,0,0,0,0,0,0,0,0,0.000235883779367312,0,3.82820887476999e-05,0,0
0.0610254918367911,0,0.047031531644932,0,0.00247213548406035,0,0,0,0,0,0,0,0,0,0.00329588777999212,0,2.23764030693069e-05,0,0,0,0,0,0,0,0.00113294812278862,0,0,0,0,0,0,0,0,0,0,0,0,0,0.00109416740465843,0,0,0,0.000988999106072228,0,0,0,0,0,0.00302889254934717,0,0,0,0,0,0.144825814538389,0,0,0,0,0,0.0182880271643836,0,0,0,0,0,0,0.013801498441483,0,0.0111493018081472,0,1.27824224866312e-05,0,0,0,0,0,0,0,0,0,0.000330559169246255,0.000232584080619162,0,0.00274267263645786,0,0
0,0.0382770491977337,0,0.0142484585771515,0,0.00957114499359828,0,0,0,0,0,0,0,0,0,0.0131650178685365,4.06658979795564e-06,0.000139091739249785,0,0,0,4.65205931999717e-06,0,0.00360651083351606,0,0.0005162511514719,0,0,0,0,0,0,0,5.62861736251607e-05,0,0,0,0.00185263546961694,0,0,0,0.00190315080552184,0,0,0,0,0,0,0,0.000906427757151666,0,0,0,0,0,0.137118189557106,0,0,0,0,0,0.000340382036771997,0,0,0,0,0.00151816077987556,0,0,0,0,0,0,0,0,0,0,0,0,0,8.60724183487514e-05,0,0.0024951051800727,0,0.00318649918950506,0,0
0,0,0,0,0,0,0.000117492842594158,0,0,0,0,0,0.00198075604695588,0,0,0,3.46714653116627e-06,0,0.000234686313908562,0,0.0023990131140428,0,0,0,0,0,0,0,0,0,0.000689937647954538,0,0,0,0,0,0.000334908500223229,0,0.00737491067466372,0,3.01003752786786e-05,0,0.000454847720390288,0,2.25003291296757e-05,0,6.65084050753426e-05,0,8.92802153623422e-05,0,0,0,0,0,0,0,0.105314702963318,0,0.00524204271283464,0,0,0,0,0.00219773778926881,0,0,0,0,0,0,0,1.6868268242062e-05,0,0.00035137708143723,0,0,0,0,0,8.90470773774726e-05,0,0.0019647281152331,0.00193747174701996,4.6436293003314e-06,0.000223045607745089,0,0.000881577439297166
0,0,0,0,0,7.46866282033505e-05,0,0.000439618545108087,0,0,0,0,0,0,0,0,0,0,0,0.0119713239328182,0,0,0,0,0,0,0,0,0,0.00186740386002633,0,0,0,0,0,0.00257138400015788,0,0.00480336004911527,0,0,0,5.35094056258976e-05,0,0,0,0.000264233404430656,0,0,0,3.31108631392426e-05,0,0,0,0,0,0,0,0.0421093448312609,0,0,0,0,0.000438403608822616,0,0,0,0,0,0,0,0,0,0.0106782451415075,0,0,0,0,0,0.000242760059437527,0,0.00127531060585027,0,0.00338375046692035,1.99553224975543e-05,0.00115645396899367,6.87343404062041e-05,0
0,0,0,0,0,0,0,0,0,0,0.00198075604695588,0,0,0,0.000515579069496578,0,0,0,0,0,0,0,0,0,0,0,0,0,4.32928536611143e-05,0,0,0,0,0,0,0,0,0,0,0,0,0,0,0,0,0,0,0,0,0,0,0,0,0,0,0,0,0,0.00633981992194438,0,0.000624841029706403,0,0,0,0,0,0,0,0,0,0,4.95650674565695e-05,0,0,0,0,0,0,0,0,0,0,2.59826417363507e-05,0,0,0,0
0,0,0,0,0,0.00812715138406313,0,0,0,0,0,0,0,0,0,0.000109270894779262,0,0,0,0,0,0,0,0,0,0,0,0,0,0,0,0,0,0,0,0,0,0,0,0,0,0,0,0,0,0,0,0,0,0,0,0.00434752604685017,0,0,0,0,0,0,0,0.00209445711331918,0,0.00156412684345015,0,0,0,0,0,0,0,0,6.13448785190113e-05,0,0,0,0,0,0,0,0,0,0,0,0,0,0,0,0
0,0,0,0,0,0,0,0,0.00329588777999212,0,0,0,0.000515579069496578,0,0,0,0,0,0,0,0,0,0,0,0,0,0,0,0,0,0,0,0,0,0,0,0,0,0,0,0,0,0,0,0,0,0,0,0,0,0,0,0,0,0.00267487091354551,0,0,0,0.00169676753000471,0,0.00843184606236266,0,0,0,0,0,0,0,0,0.003253964662013,0,0,0,0,0,0,0,0,0,0,0,0,0,0,0,0,0
0,0,0,0,0,0.00400833175242732,0,0,0,0.0131650178685365,0,0,0,0.000109270894779262,0,0,2.53955093523885e-05,0.00363843205114742,0.000149066244575059,0,0,0,0,0,0,0.00223671265660542,0,0,0,0,0,0,0,0,0,0,0,0,0,0,0,0,0,0,0,0,0,0,0,0,0,0.000878833214111056,0,0,0,0.00040587180763119,0,0,0,0.00194037119511075,0,0.000930512229206044,0,0,0,0,0,0,0,0,0,0,0,0,0,0,0,0,0,0,0,0,0.0009414255082568,0,0,0,0
9.72726215085454e-05,0,0,0,0,0,0,0,2.23764030693069e-05,4.06658979795564e-06,3.46714653116627e-06,0,0,0,0,2.53955093523885e-05,0,0.102698228988763,0.0619361133098966,0,0,0,0.00699060571997217,0,0.00031963315295877,4.90566900922416e-05,0.0011910272256484,0,0,0,0,0,0,0,0,7.26689595365288e-05,0.000111961510374878,0,5.95721933450442e-05,3.25968632589783e-05,5.54230188473799e-05,0.000317676245093782,0.000365232879190533,3.15832931879306e-06,7.48695936089714e-05,8.83083834596106e-05,6.71964510935697e-05,4.04736461756721e-05,0,9.27397843568275e-05,0,0,0,0,0,0,1.08330422798852e-05,3.54978233382851e-06,2.34315635140327e-05,0,0,0,0,0.000176698546199489,0,0,0,0.000121703139101889,0,0,0,0,3.01667192437924e-05,3.71988257515266e-05,3.55665174387855e-05,0,2.61207118906931e-05,0,0.000642165514307848,0.000384442294502191,1.2228685364178e-06,0.000132607023131635,0.0255143877744209,0.00146954551450239,0.00046371923771333,3.8631047802779e-05,0.000125686735605453
0,0,0,0,0,0,0,0,0,0.000139091739249785,0,0,0,0,0,0.00363843205114742,0.102698228988763,0,0.0683899154548448,0,5.46907949897804e-05,0.00521631359142024,0.000185946928651488,0.000634565284394974,0,0.015288491819555,0,0.00129859703602966,0,0,0,0,0,0,0,1.03720613111929e-05,9.87791814375069e-05,0,1.60601116221861e-05,2.90122800341162e-06,3.74891916543791e-05,9.92329270193294e-05,0.000217565410199287,3.12927657415663e-06,5.76279765972262e-05,4.31708101753621e-05,8.17021803628212e-05,0,0,4.38468846117813e-05,0,0,0,0,0,0,0,3.85793995503152e-06,2.36184546334038e-06,0,0,0,1.34230650572463e-05,1.73897660514348e-05,0.000878495157496115,0,5.3694074226903e-05,0,0.000147177863356206,0,0,6.92263213678722e-06,4.58183363677103e-06,3.44381666446786e-05,0,0,0,0,0.000112325032372203,0.000231273733263511,0,7.01508626623876e-05,0.0355527058612993,0.00116198821141255,0.000185259651643557,0,8.89815881983245e-05
0.00148854488442376,0,8.93380156350397e-05,0.000741234187852478,9.20806334747561e-05,0,0,0,0,0,0.000234686313908562,0,0,0,0,0.000149066244575059,0.0619361133098966,0.0683899154548448,0,0,0.000887221045601424,4.10793062568599e-05,5.79936576826155e-05,0,0,0.000458755759661238,1.02680413534135e-05,0,0,0,0,5.45369551222981e-05,0,0,0,0.00210116333457058,0.00428088291282524,8.66152199669205e-05,0.00121831938219906,0.0145570627248634,0.00200921947400619,0.0323590200924805,0.0288465161036002,0.00109518156180571,0.00988545401011671,0.00129849819539115,0.01104963887899,0.000519409839185343,0.000490652969636043,0.00696295220142092,7.27094635369484e-05,4.57348197302476e-05,0,0,0,0,0.00265630430488049,0.000222593357037768,0.000250477512278184,0,0,0,0.000501492420620964,0.00491404492147834,0,0,0,0,0,0,0,0.000266397365159362,0.00285696947293019,0.00394330922557827,0.00523799815800453,0,0.00154238044986842,0,0.0169659500340502,0.0133168198442381,0.00022667183913317,0.00449205758770984,0.0153444894340527,0.000415515963624531,0.0375053523275581,0.00166047276793544,0.0126227083431715
0,0,0,0,0,0.0034766438470305,0,0.00279850186548484,0,0,0,0.0119713239328182,0,0,0,0,0,0,0,0,0,0,0,0,0,0,0,0,0,0,0,0,0,0,0,0.00226129283372197,0,0.00164592386322991,0,0.00106782836250307,0,0.000290720699196767,0,0,0,0.00935396282871889,0,0,0,0.000206501628774992,0,0,0,0,0,0,0,0.00496834915653335,0,0,0,0,0.0421558080846981,0,4.41282446914296e-05,0,0,0,0,0,0.000258570737322109,0,0.00628222347052957,0,0,0,0,0,0.00141278378287399,0,0.00247726060389975,0,0.00216895397008848,0,0.0112922964502266,0,0
0,0,0,0,8.50672708372043e-05,0,0,0,0,0,0.0023990131140428,0,0,0,0,0,0,5.46907949897804e-05,0.000887221045601424,0,0,0,0,0,0,0,0,0,0,0,0,0,0,0,0,0,0.00637911647348591,0,0.00418708746438969,0.000145285682595008,0.00250408869735387,3.72686918690031e-05,0.00088120497073493,0,0.000326217166531579,0,0.00027938578401332,0.000606929165745488,0.0019065305900163,0,0.00695838124592041,0,0.00131873541283359,0,0,0,0.0323188633104439,0,0.000148173070734871,0,0,0,0,0.0487244567129214,0,0,0,0,0,0,0,0.00108740992068341,0,0.0122446071300067,0,0,0,0,7.04672805039707e-06,0.00811367524461708,2.00018432336378e-06,0.00499605579687939,0.00071912091581423,0,0.000717327022139044,0,0.00171902039538141
0,0,0,0,0,0,0,0,0,4.65205931999717e-06,0,0,0,0,0,0,0,0.00521631359142024,4.10793062568599e-05,0,0,0,0.000512182850749952,0.00362493386248733,0,0.00219592155074145,0,0.00130416774873025,0,0,0,0,0,0,0,0,0,0.00798564116002884,0,0,0,0,0,0,0,1.10883686912765e-05,0,0.000180286064317573,0,0.00432867410961743,0,0,0,0,0,1.0854818327766e-05,0,0.00025780378726488,0,0,0,0,0.000147464849315505,0,0.0674202584038023,0.000193978037409825,0.00145078802340876,0,0.000405143173166274,0,0.000365877708366114,0,1.92082841689012e-05,0,0,0,0,0,9.90192127626711e-07,0,0.00438009195920655,0,0.00309272949802032,5.01371232530801e-06,0.00120122616255907,1.87555901639863e-05,0
0,0,0,0,0,0,0,0,0,0,0,0,0,0,0,0,0.00699060571997217,0.000185946928651488,5.79936576826155e-05,0,0,0.000512182850749952,0,0,0.00323510201740747,0,0.00261230997351458,0,8.44296857033635e-05,0,0,0,0,0,0,0,0,0,0.00380540399865084,0,0,0,0,0,0,0,0,0,0.00238428547125888,0,0,0,0,0,0,0,0,0,0,0,0,0,0,0,0,0.0651984563755426,0,0.0016369961716566,0,0.000670587661859279,0,3.48635053688186e-05,0,0,0,0,0,0,6.04090506267402e-06,0,0,0.00316822910827532,0.00136048482825357,8.02837250958122e-06,5.28221593963727e-06,0,0
0,0.00485536645013886,0,0,0,0,0,0,0,0.00360651083351606,0,0,0,0,0,0,0,0.000634565284394974,0,0,0,0.00362493386248733,0,0,0,0.0101723303708653,0,0,0,0,0,0,0,0,0,0,0,0.00109246045366224,0,0,0,2.2635341826268e-05,0,0,0,0,0,0,0,0.0126288904323238,0,0,0,0,0,0.00939671442968562,0,0.000875606368682796,0,0,0,0,0.000106234896783344,0,0.00167009165435883,0,0.130971922730116,0,0.0044299063280354,0,0.00127376641918321,0,0,0,0,0,0,0,0,0,0.000273765700586411,0,0.00260671265466688,0,0.00414924927906396,0,0
0,0,0,0,0,0,0,0,0.00113294812278862,0,0,0,0,0,0,0,0.00031963315295877,0,0,0,0,0,0.00323510201740747,0,0,0,0.0298153739718309,0,0,0,0,0,0,0,0,0,0,0,0.00285147495868047,0,0,0,0,0,0,0,0,0,0.00231679166764587,0,0,0,0,0,0.0073069652677855,0,0,0,0,0,0,0,0,0,0,0.00160244914591474,0,0.103941849505822,0,0.0136190803242958,0,0,0,0,0,0,0,0,0,0,0,0.00155121623531828,0.000284458806914429,0,0.00263717078959958,0,0
0,0,0,0,0,0,0,0,0,0.0005162511514719,0,0,0,0,0,0.00223671265660542,4.90566900922416e-05,0.015288491819555,0.000458755759661238,0,0,0.00219592155074145,0,0.0101723303708653,0,0,0,5.55864353373181e-05,0,0,0,0,0,0,0,0,0,0,0,0,0,0,0,0,0,0,0,0,0,0,0,0,0,0,0,0,0,0,0,0,0,0.000183678907076238,0,0,0.000111080255010165,0,0.0160440173022259,0,0.0271084957844581,0,0.000269826825793645,0,0,0,0,0,0,0,0,0,0,0,0.00176374347853735,0,0,0,0
0,0,0,0,0,0,0,0,0,0,0,0,0,0,0,0,0.0011910272256484,0,1.02680413534135e-05,0,0,0,0.00261230997351458,0,0.0298153739718309,0,0,0,0,0,0,0,0,0,0,0,0,0,0,0,0,0,0,0,0,0,0,0,0,0,0,0,0,0,6.73674604070367e-05,0,0,0,0,0,0.000185996074730298,0,0,0,0,0.000874872972007341,0,0.0130961425775012,0,0.0137924232689315,0,4.54255653867383e-05,0,0,0,0,0,0,0,0,0,0,1.4043155419311e-05,0,0,0,0
0,0,0,0,0,0,0,0,0,0,0,0,0,0,0,0,0,0.00129859703602966,0,0,0,0.00130416774873025,0,0,0,5.55864353373181e-05,0,0,0,0.00455363967168059,0,0,0,0,0,0,0,0.000713938822744661,0,0,0,0,0,0,0,0,0,0,0,0,0,0,0,0,0,0,0,0,0,0,0,0,0,0,0.00122970164386817,0,0,0,0.000940544392250687,0,0.00749581662740451,0,0.000113771228330386,0,0,0,0,0,0,0,0.00118599731330395,0,0.000423624468278098,0,0,0,0
0,0,0,0,0,0,0,0,0,0,0,0,4.32928536611143e-05,0,0,0,0,0,0,0,0,0,8.44296857033635e-05,0,0,0,0,0,0,0,0.000461091813134204,0,0,0,0,0,0,0,1.60462491876189e-05,0,0,0,0,0,0,0,0,0,0,0,0,0,0,0,0,0,0,0,0,0,0,0,0,0,0,8.87171232865584e-05,0,0,0,7.23839031853374e-05,0,0.0115132313807233,0,9.60129310015837e-05,0,0,0,0,0,0,0,0.000242074231465747,1.05183064700958e-05,0,0,0,0
0,0,0,0,0,0,0,0,0,0,0,0.00186740386002633,0,0,0,0,0,0,0,0,0,0,0,0,0,0,0,0.00455363967168059,0,0,0,0,0,0,0,0,0,0.0018332057345285,0,0,0,8.05735788679818e-05,0,0,0,0.000216089985320556,0,0,0,0,0,0,0,0,0,0,0,4.54947621693921e-05,0,0,0,0,0,0,0,0,0,0,0,0,0,0,0.0332668199904258,0,0,0,0,0,0,0,0.00130227308484937,0,0.000213369864139203,0,0,0,0
0,0,0,0,0,0,0,0,0,0,0.000689937647954538,0,0,0,0,0,0,0,0,0,0,0,0,0,0,0,0,0,0.000461091813134204,0,0,0,0,0,0,0,0,0,0.000666454944448494,0,0,0,0,0,0,0,0,0,0,0,0,0,0,0,0,0,6.86183299840274e-05,0,0,0,0,0,0,0,0,0,0,0,0,0,0,0.000998129414601058,0,0.0141859304469141,0,0,0,0,0,0,0,1.46741502028305e-05,0.000268165326684675,0,0,0,0
0,0,0,0,0,0,0,0,0,0,0,0,0,0,0,0,0,0,5.45369551222981e-05,0,0,0,0,0,0,0,0,0,0,0,0,0,0.103134528430597,0.0221874993513962,0.000164599788326442,0.00954769027291628,0.000600558450379839,0,0,0,0.000391002989726441,0,0,0,0,1.42361801708106e-05,0,0.130977300432817,0.00773984339844698,0.00242365341702667,0,0,0,0,0,0,0,0,0,0,0,0,0,0,0,0,0,0,0,0,0,0,0,0,0.156853833151633,0.0387476042946439,0.0320328071733288,0,0.00240460713449511,0.00163011249975633,7.47451978597982e-06,0,0.00201184524713167,0,0.00121106388633955,0,0
0,0,0,0,0,0,0,0,0,0,0,0,0,0,0,0,0,0,0,0,0,0,0,0,0,0,0,0,0,0,0,0.103134528430597,0,0.000478171273491764,0.00142920612335636,0,0.000122247457564021,0,0,0,0.000196950109275746,0,0,0,0,0,0,0.0291933117081632,0.00141698751352806,0,0,0,0,0,0,0,0,0,0,0,0,0,0,0,0,0,0,0,0,0,0,0,0,0,0.106777272502618,0.0490452743997802,0.000221089513249002,0.00184839742978698,0,0.0101395057426867,0,0,0.00170896617206262,0,0,0,0
0,0,0,0,0,0,0,0,0,5.62861736251607e-05,0,0,0,0,0,0,0,0,0,0,0,0,0,0,0,0,0,0,0,0,0,0.0221874993513962,0.000478171273491764,0,0.055855846455884,0.00193317373292671,0.000510617241770213,0.00319545267639176,0.000126174838592329,0.000204651871385672,0.000260834568434865,0,0,0,0,9.68569574468364e-05,0,0.243989587155151,0.00344667341913482,0.00109449991719756,0,0,0,0,0,0,0,0,0,0,0,0,0,0,0,0,0,0,0,0,0,0,1.02906009496371e-05,0,0.00367835227912602,5.55671475070919e-05,0.166482031599698,0.00817039886772742,0.000800167257450777,7.72991442715387e-05,0.0019410767868688,0,0.00313700100719682,0,0.00420680088486753,0,0
0,0,0,0,0,0,0,0,0,0,0,0,0,0,0,0,0,0,0,0,0,0,0,0,0,0,0,0,0,0,0,0.000164599788326442,0.00142920612335636,0.055855846455884,0,3.63723957896893e-06,0.000279238559398153,0,0.000448338044490215,0,0,0,5.20278997922161e-05,0,0,0,0,0.0619310147160408,0.00346456619900934,0,0,0,0,0,0,0,0,0,0,0,0,0,0,0,0,0,0,0,0,0,0,0,0,0,0,0.00121507255355364,0.0206646812858233,0.0939426303086355,8.14498526095368e-05,0.00212200711703554,0,0.00482148563081782,0.000541878438299552,0,7.51757169784699e-05,0,0
0,0,0,1.57525573038967e-05,0,0,0,9.71756477393044e-06,0,0,0,0.00257138400015788,0,0,0,0,7.26689595365288e-05,1.03720613111929e-05,0.00210116333457058,0.00226129283372197,0,0,0,0,0,0,0,0,0,0,0,0.00954769027291628,0,0.00193317373292671,3.63723957896893e-06,0,0.000276931607030632,0.00998248623614257,4.28806051655765e-05,0.000518638350724158,1.45403487813959e-05,0.00115275977165854,1.87761177946715e-05,0,0,0.00300250802312631,0,0.00578075930333907,0.000167143458010068,0.000232249695449796,0,0,0,0,0,0,1.37211549662462e-05,5.71282016781099e-05,0,0,0,0,0.0041608111695058,2.97321049514283e-06,0,0,0,0,0,0,0,1.14276618397392e-06,1.11995139098696e-05,5.13091685880058e-06,0.00375532520763248,0,0.00159835762789094,0,0.120621488353884,0.000693432203180619,0.00149679307606736,1.9854896540292e-06,0.00835621102809225,0.000386001569971088,0.000926983252818731,1.59595506802378e-05,3.04991374607005e-06
0.000114126143665205,0,0,0,0,0,3.21656119540862e-05,0,0,0,0.000334908500223229,0,0,0,0,0,0.000111961510374878,9.87791814375069e-05,0.00428088291282524,0,0.00637911647348591,0,0,0,0,0,0,0,0,0,0,0.000600558450379839,0.000122247457564021,0.000510617241770213,0.000279238559398153,0.000276931607030632,0,7.56379676290032e-06,0.0145220115797057,0,0.00115921754026713,1.32490842619831e-05,0.00281889069407711,0,0.000204036223606208,1.328751965652e-06,0.000756747374058991,1.29452662725665e-06,0.00029162799500539,1.80600250481577e-05,2.40461615663292e-06,0,0,0,0,0,0.00268159852542835,0,1.68219844886016e-05,0,0,0,0,0.00886102031214283,0,0,0,0,0,0,0,0.000175253253470346,0,0.000533916348150953,6.83290618411091e-05,5.2388036861749e-05,0.00161382157927617,2.98226248389476e-06,0.000174998437837068,0.0969082477634445,0,0.00478780276136667,0.0131575461880999,0.0018165809640222,0.00171154358476268,0,0.000799157914937289
0,1.58230489670087e-05,0,0,0,0,0,0,0,0.00185263546961694,0,0.00480336004911527,0,0,0,0,0,0,8.66152199669205e-05,0.00164592386322991,0,0.00798564116002884,0,0.00109246045366224,0,0,0,0.000713938822744661,0,0.0018332057345285,0,0,0,0.00319545267639176,0,0.00998248623614257,7.56379676290032e-06,0,3.51218900449001e-05,0,0,0.000105572930705275,0,2.72243348509433e-05,0,0.000472745445913686,0,0.007862953683533,1.72732041631235e-05,0.00203608042344211,0,0,0,0,0,0.000799069837307308,0,5.29654092685869e-05,0,0,0,0,2.92771798156735e-05,0,0.00378428442124742,0,0.00215229754436214,0,0,0,2.41360918813784e-05,0,0.000508242129249462,0,0,0,0.00594647930511696,0,0.000670596670382382,0,0.0494709846245802,0,0.00328449265459495,0,0.00166652057073706,0,0
1.59400800358243e-05,0,5.1250976025128e-06,0,0,0,0,0,0.00109416740465843,0,0.00737491067466372,0,0,0,0,0,5.95721933450442e-05,1.60601116221861e-05,0.00121831938219906,0,0.00418708746438969,0,0.00380540399865084,0,0.00285147495868047,0,0,0,1.60462491876189e-05,0,0.000666454944448494,0,0,0.000126174838592329,0.000448338044490215,4.28806051655765e-05,0.0145220115797057,3.51218900449001e-05,0,2.358133726807e-05,0.000137861814184302,0,0.00127942202135134,0,6.06800469177014e-05,1.16757266780034e-05,0.000235820264126067,0.00664077789816396,0.00324131138037432,0,0,0,0,0,0.00231298949093972,0,0.00224966028689704,0,4.86411995548851e-06,0,0,0,0,0.00383381078687104,0,0.00258827567969624,0,0.00217581970390344,0,0,0,2.41239751760988e-05,0,0.000119379783566382,0,0,0.000233448323358141,0.000365705052525507,1.90199985348578e-05,0.00545115167460429,0,0.0667463835031328,0.0042751015049577,0.000663660585311835,0.0041023952409962,0,0.000998278034453486
0,0,0,0.000621559977022151,0,0,0,0,0,0,0,0,0,0,0,0,3.25968632589783e-05,2.90122800341162e-06,0.0145570627248634,0.00106782836250307,0.000145285682595008,0,0,0,0,0,0,0,0,0,0,0,0,0.000204651871385672,0,0.000518638350724158,0,0,2.358133726807e-05,0,0,0.0333336773232035,0.000509050880566887,0.000217935796204861,0,0.0690733686037579,1.89723952977871e-05,0.000525689502135544,0.000735198311841961,0.00879917515946299,0,0,0,0,0,0,0,8.64104924224915e-06,0,0,0,0,0.0155425452251522,9.62572494594559e-06,0,0,0,0,0,0,0,1.50590430055095e-05,3.39934499976049e-05,0,0.00136991459762934,0,8.19910036714664e-05,0,0.00500531090618254,3.94536727525436e-05,0,2.39261864470948e-06,0.000279514984451019,6.24017930256696e-06,0.00701821734686846,0.00629248014387964,0.000335272784977511
8.71645081313606e-05,0,0.00184973018186619,0,0.00123734322579837,0,0,0,0,0,3.01003752786786e-05,0,0,0,0,0,5.54230188473799e-05,3.74891916543791e-05,0.00200921947400619,0,0.00250408869735387,0,0,0,0,0,0,0,0,0,0,0.000391002989726441,0.000196950109275746,0.000260834568434865,0,1.45403487813959e-05,0.00115921754026713,0,0.000137861814184302,0,0,0,0.00558027467287764,0,0.000122689091506811,0,0.000753639248416702,0.00959701591442402,0.0308575721516421,0,0.00267947565784448,0,0,0,0,0,0.00408064432166044,0,0.00240411841855133,0,0,0,0,0.0108117343263033,0,0,0,0,0,0,0,0.000293619882449365,0,0.00144992856366165,0.000742596145125336,0,2.88254442589453e-05,0,2.24494721011238e-05,0.00490959732017038,0,0.000429213257432262,0.000278193199538756,0,0.0126870843843408,0,0.00890024686796212
0,0.00123518120217184,0,0.00555325066110733,0,0.000225994820288887,0,0,0,0.00190315080552184,0,5.35094056258976e-05,0,0,0,0,0.000317676245093782,9.92329270193294e-05,0.0323590200924805,0.000290720699196767,3.72686918690031e-05,0,0,2.2635341826268e-05,0,0,0,0,0,8.05735788679818e-05,0,0,0,0,0,0.00115275977165854,1.32490842619831e-05,0.000105572930705275,0,0.0333336773232035,0,0,0.0117135065726123,0.00391704961303315,0,0.00593370011003792,0.000143255233595726,0.0120093260107876,0.000637629201936767,0.0433927481199679,0,4.89648621168856e-05,0,0,0,5.09889209708569e-05,1.7401387762087e-05,0.00178997881270707,0,0,0,0,0.0162032652948837,0,4.98753925658988e-05,0,0,0,0,0,0.000543671872563677,0,0.0244438605259304,2.07736110277301e-05,0.00534602732285883,0,0.0017875631020538,0,0.0152116762701432,0.000109877298654493,0.000756746828678849,6.24732368450028e-05,0.00764945849343584,9.34872110000722e-05,0.11096103989652,0.0282602657593854,5.55061075227563e-05
0.00335784120069007,0,0.00569153413703926,2.70511255183213e-05,0.0005490598840133,0,0,0,0.000988999106072228,0,0.000454847720390288,0,0,0,0,0,0.000365232879190533,0.000217565410199287,0.0288465161036002,0,0.00088120497073493,0,0,0,0,0,0,0,0,0,0,0,0,0,5.20278997922161e-05,1.87761177946715e-05,0.00281889069407711,0,0.00127942202135134,0.000509050880566887,0.00558027467287764,0.0117135065726123,0,0,0.0159903683252261,0,0.01561544673449,0.00355831212994235,0.0245470083545372,0.000956682699390282,0.000364433627667869,0,0,0,0.000885463994468754,0,0.0133612672078325,0,0.00169836039006448,0,0,0,0,0.00924105542594958,0,0,0,0,0,0,0,0.00303129346865208,0.00013299372120489,0.0389024162674188,8.05100516824879e-05,0,0,0,0.000371626122513981,0.0152750237446565,0,0.00350626043598539,0.00383831146253852,1.36180381095229e-05,0.118958250694384,0.000310958911983967,0.112929432503909
0,0,0,0.00138509136420282,0,0,0,0,0,0,0,0,0,0,0,0,3.15832931879306e-06,3.12927657415663e-06,0.00109518156180571,0,0,0,0,0,0,0,0,0,0,0,0,0,0,0,0,0,0,2.72243348509433e-05,0,0.000217935796204861,0,0.00391704961303315,0,0,0,0.000139301779521575,0,0,0,0.000461427877070518,0,0,0,0,0,0,0,4.93607482401097e-05,0,0,0,0,0.000532175648115731,0,0,0,0,0,0,0,0,0,0.00192873131331264,0,0.000750196806881334,0,0.00101393861051798,0,0.00011308274055671,0,7.96084984075319e-05,0,4.51370961015489e-06,0,0.00257397126902378,0.00166528339244964,0
0,0,0.000152132506266044,0,0,0,0,0,0,0,2.25003291296757e-05,0,0,0,0,0,7.48695936089714e-05,5.76279765972262e-05,0.00988545401011671,0,0.000326217166531579,0,0,0,0,0,0,0,0,0,0,0,0,0,0,0,0.000204036223606208,0,6.06800469177014e-05,0,0.000122689091506811,0,0.0159903683252261,0,0,0,0.0039007437046235,0,0,0,0.000204435652441269,0,0,0,0,0,0.000441094328451299,0,0.000402806983598906,0,0,0,0,0.000463549912048438,0,0,0,0,0,0,0,1.73951587666516e-05,0,0.00126404246568198,0,0,0,0,6.07151043680611e-05,0.000894418951585585,0,0.000417422849656599,0.000115442382433522,1.63983033596695e-06,0.0087453941660527,0,0.00971897320039435
0,0,0,0.000592742252546476,0,0.000975608541772912,0,0,0,0,0,0.000264233404430656,0,0,0,0,8.83083834596106e-05,4.31708101753621e-05,0.00129849819539115,0.00935396282871889,0,1.10883686912765e-05,0,0,0,0,0,0,0,0.000216089985320556,0,1.42361801708106e-05,0,9.68569574468364e-05,0,0.00300250802312631,1.328751965652e-06,0.000472745445913686,1.16757266780034e-05,0.0690733686037579,0,0.00593370011003792,0,0.000139301779521575,0,0,4.57155725222725e-05,0.00184109708450265,0.0061046371651061,0.00310857647618572,0,6.35255495222359e-05,0,0,0,0,0,0.00335743007663059,0,0,0,0,0.0457962985118497,1.03687958516773e-05,4.96609353186679e-05,0,0,0,0,0,0.000292514746681591,0,0.0182699544059949,6.51662966035603e-06,0.0025484414551968,0,0.00188174597776812,0,0.0253170557237934,1.33928172726505e-05,0.00144208310818215,0,0.000655607982487675,4.94114850817699e-05,0.0455246955016463,0.000849343260985077,0
0,0,0.00108014058737589,0,0.000458415275207364,0,0,0,0,0,6.65084050753426e-05,0,0,0,0,0,6.71964510935697e-05,8.17021803628212e-05,0.01104963887899,0,0.00027938578401332,0,0,0,0,0,0,0,0,0,0,0,0,0,0,0,0.000756747374058991,0,0.000235820264126067,1.89723952977871e-05,0.000753639248416702,0.000143255233595726,0.01561544673449,0,0.0039007437046235,4.57155725222725e-05,0,0,0.00212195423610877,0,0.00179935997533122,0,0,0,0,0,0.00415751063764361,0,0.00168603777605142,0,0,0,1.23106858391554e-05,0.0121623546872332,0,0,0,0,0,0,0,0.000261428814088531,0,0.00344220166979309,0,0,0,0,0.000132441056012409,0.0034602327463222,0,0.00120160608898808,0.000687665531149944,0,0.0167954689526868,0,0.00339862993991734
0,0,0,0.000849467337780059,0,0,0,0,0,0,0,0,0,0,0,0,4.04736461756721e-05,0,0.000519409839185343,0,0.000606929165745488,0.000180286064317573,0,0,0,0,0,0,0,0,0,0.130977300432817,0.0291933117081632,0.243989587155151,0.0619310147160408,0.00578075930333907,1.29452662725665e-06,0.007862953683533,0.00664077789816396,0.000525689502135544,0.00959701591442402,0.0120093260107876,0.00355831212994235,0,0,0.00184109708450265,0,0,0.190327650882156,0.0483073071526033,4.76999616719331e-05,0,0,0,0,0,3.85708451673556e-05,0.000158496846213549,4.0812291772388e-05,0,0,0,0.00109868668963093,0.000848508466471553,0.000592373976798385,0,0,0,0,0,0,0,0.000502674429967981,2.1648252359183e-05,0.214138704144519,0.0130295461704154,0.0281509032461248,0.00453382705478579,0.00979156150862419,0.0475660723508383,0.0121261772872025,0.00410990406283901,0.00940178591730694,2.04131875244625e-06,0.0249029540344606,0,0
0.0104334948312608,0,0.0151346534650349,0.0105006936546513,0.00125678402465442,0.00137505555601557,0,0,0.00302889254934717,0,8.92802153623422e-05,0,0,0,0,0,0,0,0.000490652969636043,0,0.0019065305900163,0,0.00238428547125888,0,0.00231679166764587,0,0,0,0,0,0,0.00773984339844698,0.00141698751352806,0.00344667341913482,0.00346456619900934,0.000167143458010068,0.00029162799500539,1.72732041631235e-05,0.00324131138037432,0.000735198311841961,0.0308575721516421,0.000637629201936767,0.0245470083545372,0,0,0.0061046371651061,0.00212195423610877,0.190327650882156,0,0.000718884332667407,0.00235683669786775,0,0,0,0.00411733907926778,0,0.00396730364327894,0.000354462035583392,0.00556473230019365,0,0.00654932387878546,0,0.000212944226204956,0.00199318456646974,0,0.00207520422912677,0,0.0165219582314551,0,0.000832967286133951,0,0.00210563521343671,0.00043936571400879,0.00185162576208521,0.0123578720584947,0.000394248968850161,0.000517100388073232,2.21644055476522e-05,0.000468351182766919,0.0212609897138431,4.54572108217926e-05,0.0199052723673814,0.00275850533480097,0,0.0361809930214929,0.000242543930079988,0.000152037601772447
0,0.0197272163569895,0,0.00514313306273163,0,0.000551980243884803,0,0,0,0.000906427757151666,0,3.31108631392426e-05,0,0,0,0,9.27397843568275e-05,4.38468846117813e-05,0.00696295220142092,0.000206501628774992,0,0.00432867410961743,0,0.0126288904323238,0,0,0,0,0,0,0,0.00242365341702667,0,0.00109449991719756,0,0.000232249695449796,1.80600250481577e-05,0.00203608042344211,0,0.00879917515946299,0,0.0433927481199679,0.000956682699390282,0.000461427877070518,0,0.00310857647618572,0,0.0483073071526033,0.000718884332667407,0,0,1.99333871090763e-05,0,0,0,3.97796535011262e-05,0,0.0118888234288182,0,0,0,0,0.00410002771117764,0,0.017385832844401,0,0.00746648662996284,0,0.00103164094900061,0,0.0118269806433715,0,0.00924711427845914,8.96553744614845e-05,0.00362676597948202,0,0.00207966505149293,0,0.00731999578343225,3.35847976936626e-05,0.00366724641222289,0,0.00146643041947917,0,0.0411972299107283,0.000334564451959901,0
0,0,0.00450055234155582,0,0.0281793485254934,0,0.000397187965773229,0,0,0,0,0,0,0,0,0,0,0,7.27094635369484e-05,0,0.00695838124592041,0,0,0,0,0,0,0,0,0,0,0,0,0,0,0,2.40461615663292e-06,0,0,0,0.00267947565784448,0,0.000364433627667869,0,0.000204435652441269,0,0.00179935997533122,4.76999616719331e-05,0.00235683669786775,0,0,0,0.0136242114833457,0,0,0,0.0163818638974475,0,0.00788489243399598,0,0.0246226033362317,0,0,0.00179976057547349,0,0,0,0,0,0,0,6.73979400074736e-05,0,0.000336575063448374,0,0,0,0,2.79361462115644e-06,7.52013237366576e-05,0,4.25246772380039e-06,1.40193901658525e-05,0,0.00679528681798711,0,0.000282812480076599
0,0,0,0.00921185199033761,0,0.0733049264683987,0,4.04436688436448e-05,0,0,0,0,0,0.00434752604685017,0,0.000878833214111056,0,0,4.57348197302476e-05,0,0,0,0,0,0,0,0,0,0,0,0,0,0,0,0,0,0,0,0,0,0,4.89648621168856e-05,0,0,0,6.35255495222359e-05,0,0,0,1.99333871090763e-05,0,0,0,0,0,0,0,0,0,0.00142528582331172,0,0.00323887214890916,2.18799374000157e-05,0,0,0,0,0,0,0,0,0,0,0,0,0,0,0,0,0,0,0,0.000121044011751548,0,8.16968660159208e-05,6.53967439806437e-05,0
0,0,0,0,0.00226467930366296,0,0.0327671031877539,0,0,0,0,0,0,0,0,0,0,0,0,0,0.00131873541283359,0,0,0,0,0,0,0,0,0,0,0,0,0,0,0,0,0,0,0,0,0,0,0,0,0,0,0,0,0,0.0136242114833457,0,0,0,0,0,0.0130386593190112,0,0.00021525138163315,0,0,0,0,8.66172781645862e-05,0,0,0,0,0,0,0,0,0,0,0,0,0,0,0,1.72025473700802e-06,0,0,9.41825584928754e-05,0,0,0,0
0,0,0,0,0,0,0,0.0308799604919987,0,0,0,0,0,0,0,0,0,0,0,0,0,0,0,0,0,0,0,0,0,0,0,0,0,0,0,0,0,0,0,0,0,0,0,0,0,0,0,0,0,0,0,0,0,0,0,0,0,0,0,0,0,0,0,0,0,0,0,0,0,0,0,0,0,0,0,0,0,0,0,0,0,0,1.44749070937296e-05,0,0,0,0
0.0183005367898923,0,0.0123450006789977,0,0,0,0,0,0.144825814538389,0,0,0,0,0,0.00267487091354551,0,0,0,0,0,0,0,0,0,0.0073069652677855,0,6.73674604070367e-05,0,0,0,0,0,0,0,0,0,0,0,0.00231298949093972,0,0,0,0.000885463994468754,0,0,0,0,0,0.00411733907926778,0,0,0,0,0,0,0,0,0,0,0,0.0887085192162058,0,0,0,0,0,0,0.129371263706605,0,0.0146654122663002,0,0,0,0,0,0,0,0,0,0,0,0.00196564365411067,0.000135491678104218,0,0.000856611038321099,0,0
0,0.0431849667185055,0,0.0293650049482266,0,0.0030504578829757,0,0,0,0.137118189557106,0,0,0,0,0,0.00040587180763119,0,0,0,0,0,1.0854818327766e-05,0,0.00939671442968562,0,0,0,0,0,0,0,0,0,0,0,0,0,0.000799069837307308,0,0,0,5.09889209708569e-05,0,0,0,0,0,0,0,3.97796535011262e-05,0,0,0,0,0,0,0,0,0,0,0,0,0,0,9.21930919582821e-06,0,0.00382811586532017,0,0,0,0,0,0,0,0,0,0,0,0,0,0.000409359756464719,0,0.000321199850179985,0,0.000774125089699699,0,0
3.88429569713972e-05,0,0.000708805404366116,0,0.00201299309962871,0,0.00563678723056214,0,0,0,0.105314702963318,0,0,0,0,0,1.08330422798852e-05,0,0.00265630430488049,0,0.0323188633104439,0,0,0,0,0,0,0,0,0,6.86183299840274e-05,0,0,0,0,1.37211549662462e-05,0.00268159852542835,0,0.00224966028689704,0,0.00408064432166044,1.7401387762087e-05,0.0133612672078325,0,0.000441094328451299,0,0.00415751063764361,3.85708451673556e-05,0.00396730364327894,0,0.0163818638974475,0,0.0130386593190112,0,0,0,0,0,0.029448085720917,0,0.000101325695517576,0,0,0.0391777470069649,0,0,0,0,0,0,0,0.0394805612913333,1.24445152029407e-05,0.0498571988404587,0,0,0,0,4.01997855435737e-05,0.00194160609537968,0,0.00149073533000116,0.00116812060272365,1.01629763794511e-05,0.0220402695141649,0,0.00784487225349779
0,0,0,0.00114669759671984,0,0.000545951789860768,0,0.0101960232013115,0,0,0,0.0421093448312609,0,0,0,0,3.54978233382851e-06,3.85793995503152e-06,0.000222593357037768,0.00496834915653335,0,0.00025780378726488,0,0.000875606368682796,0,0,0,0,0,4.54947621693921e-05,0,0,0,0,0,5.71282016781099e-05,0,5.29654092685869e-05,0,8.64104924224915e-06,0,0.00178997881270707,0,4.93607482401097e-05,0,0.00335743007663059,0,0.000158496846213549,0.000354462035583392,0.0118888234288182,0,0,0,0,0,0,0,0,0,0,0,0,0.0156655065347269,0,0.00141743013341981,0,0.000673493338675664,0,5.46335372511439e-05,0,0.005206572752415,0,0.019704828380095,0,0,0,0,0,5.20508937126031e-05,0,0.000488734165138318,0,0.000276203733608991,0,0.00972986791367051,0.000117046530464788,0
0,0,0.00055856153569298,0,0.00497293659393628,0,0,0,0,0,0.00524204271283464,0,0.00633981992194438,0,0.00169676753000471,0,2.34315635140327e-05,2.36184546334038e-06,0.000250477512278184,0,0.000148173070734871,0,0,0,0,0,0,0,0,0,0,0,0,0,0,0,1.68219844886016e-05,0,4.86411995548851e-06,0,0.00240411841855133,0,0.00169836039006448,0,0.000402806983598906,0,0.00168603777605142,4.0812291772388e-05,0.00556473230019365,0,0.00788489243399598,0,0.00021525138163315,0,0,0,0.029448085720917,0,0,0,0.01009030380482,0,0,0.00134590410826573,0,0,0,0,0,0.00331725837982852,0,0.0123681999023295,5.44836259326891e-05,0.00141188707388872,0,0,0,0,2.78981848832042e-05,7.67564571904541e-05,1.0814787365916e-05,1.95883620958386e-05,3.61757468238212e-05,0,0.00416880521280995,0,0.000323666184970074
0,0,0,0.000154894723325048,0,0.00439704192190183,0,0,0,0,0,0,0,0.00209445711331918,0,0.00194037119511075,0,0,0,0,0,0,0,0,0,0,0,0,0,0,0,0,0,0,0,0,0,0,0,0,0,0,0,0,0,0,0,0,0,0,0,0.00142528582331172,0,0,0,0,0,0,0,0,0,0.00660851159255294,0,0,0,0,0,0,0.000651000783168645,0,0.00215208071609492,0,0,0,0,0,0,0,0,0,0,0,2.6264208491001e-05,0,0,0,0
0.00761194848126598,0,0.000984829695734841,0,0.00358508731536529,0,0,0,0.0182880271643836,0,0,0,0.000624841029706403,0,0.00843184606236266,0,0,0,0,0,0,0,0,0,0,0,0.000185996074730298,0,0,0,0,0,0,0,0,0,0,0,0,0,0,0,0,0,0,0,0,0,0.00654932387878546,0,0.0246226033362317,0,0,0,0.0887085192162058,0,0.000101325695517576,0,0.01009030380482,0,0,0,0,0,0,0,0,0.00323512809093125,0,0.0149266500578071,0,0.000886810093472133,0,0,0,0,0,0,0,0,0,0,0,0,0.000180325804078776,0,0
0,6.82595689898563e-05,0,0,0,0.000156568028614856,0,0,0,0.000340382036771997,0,0,0,0.00156412684345015,0,0.000930512229206044,0,0,0,0,0,0,0,0,0,0.000183678907076238,0,0,0,0,0,0,0,0,0,0,0,0,0,0,0,0,0,0,0,0,0,0,0,0,0,0.00323887214890916,0,0,0,0,0,0,0,0.00660851159255294,0,0,0,0,0,0,0,0,0.00147906037762957,0,0.00568598536873055,0,0,0,0,0,0,0,0,0,0,0,8.54593514713014e-05,0,0,0,0
0,0,0,0.000197724848747935,0,0.00482509089295012,0,0.00306524413972582,0,0,0,0.000438403608822616,0,0,0,0,0,1.34230650572463e-05,0.000501492420620964,0.0421558080846981,0,0.000147464849315505,0,0.000106234896783344,0,0,0,0,0,0,0,0,0,0,0,0.0041608111695058,0,2.92771798156735e-05,0,0.0155425452251522,0,0.0162032652948837,0,0.000532175648115731,0,0.0457962985118497,1.23106858391554e-05,0.00109868668963093,0.000212944226204956,0.00410002771117764,0,2.18799374000157e-05,0,0,0,0,0,0.0156655065347269,0,0,0,0,0,0,0.000774258026389172,0,4.41950814633907e-05,0,0,0,0.00280861604526025,0,0.0127337951899624,0,2.60846704380822e-05,0,1.90501123855671e-05,0,0.012848598360253,4.65436637840308e-06,0.00105925315074719,0,0.00125615573175201,3.90674382085085e-06,0.0209994787073002,0.00366803025780866,0
0,0,0,0,0.000380461421537464,0,0,0,0,0,0.00219773778926881,0,0,0,0,0,0.000176698546199489,1.73897660514348e-05,0.00491404492147834,0,0.0487244567129214,0,0,0,0,0,0,0,0,0,0,0,0,0,0,2.97321049514283e-06,0.00886102031214283,0,0.00383381078687104,9.62572494594559e-06,0.0108117343263033,0,0.00924105542594958,0,0.000463549912048438,1.03687958516773e-05,0.0121623546872332,0.000848508466471553,0.00199318456646974,0,0.00179976057547349,0,8.66172781645862e-05,0,0,0,0.0391777470069649,0,0.00134590410826573,0,0,0,0,0,0,0,0,0,0,0,0,0.00138584010923284,0,0.00767355380588348,3.93496039315933e-05,0,0,0,3.91604849897748e-05,0.00940217810975036,0,0.00695269190557544,0.000399191038685482,6.03391042987482e-06,0.00877477186181028,0,0.000694908285298724
0,0,0,8.55562193832911e-06,0,0,0,0,0,0,0,0,0,0,0,0,0,0.000878495157496115,0,4.41282446914296e-05,0,0.0674202584038023,0,0.00167009165435883,0,0.000111080255010165,0,0.00122970164386817,0,0,0,0,0,0,0,0,0,0.00378428442124742,0,0,0,4.98753925658988e-05,0,0,0,4.96609353186679e-05,0,0.000592373976798385,0,0.017385832844401,0,0,0,0,0,9.21930919582821e-06,0,0.00141743013341981,0,0,0,0,0.000774258026389172,0,0,0,0.00738608678837388,0,0.000730267600810206,0,0.00447678802015553,0,0.00040988683976067,0,0,0,0,0,0,0,0.0109231575547551,0,0.000180405541880454,0,0.0016198045083632,0,0
0,0,0,0,0,0,0,0,0,0,0,0,0,0,0,0,0,0,0,0,0,0.000193978037409825,0.0651984563755426,0,0.00160244914591474,0,0.000874872972007341,0,8.87171232865584e-05,0,0,0,0,0,0,0,0,0,0.00258827567969624,0,0,0,0,0,0,0,0,0,0.00207520422912677,0,0,0,0,0,0,0,0,0,0,0,0,0,0,0,0,0,0,0.00820230256296513,0,0.0109826957734209,0,0.000290191852244248,0,0,0,0,0,0,0,0,0,0.00932799568950748,0.000328815779446994,0.00019091037999466,2.65196217503987e-05,0,0
0,0.00123292634556801,0,0,0,0,0,0,0,0.00151816077987556,0,0,0,0,0,0,0,5.3694074226903e-05,0,0,0,0.00145078802340876,0,0.130971922730116,0,0.0160440173022259,0,0,0,0,0,0,0,0,0,0,0,0.00215229754436214,0,0,0,0,0,0,0,0,0,0,0,0.00746648662996284,0,0,0,0,0,0.00382811586532017,0,0.000673493338675664,0,0,0,0,4.41950814633907e-05,0,0.00738608678837388,0,0,0,0.0155015662421071,0,0.00210274748295939,0,0,0,0,0,5.17731987909643e-05,0,0,0,0.00133989859029115,0,0.000422005917730951,0,0.00461966211045003,0,0
0,0,0,0,0,0,0,0,0.013801498441483,0,0,0,0,0,0,0,0.000121703139101889,0,0,0,0,0,0.0016369961716566,0,0.103941849505822,0,0.0130961425775012,0,0,0,0,0,0,0,0,0,0,0,0.00217581970390344,0,0,0,0,0,0,0,0,0,0.0165219582314551,0,0,0,0,0,0.129371263706605,0,0,0,0,0,0.00323512809093125,0,0,0,0,0.00820230256296513,0,0,0,0.0587440420557924,0,0.000263419841215466,0,0,0,0,0,0,0,0,0,0.00509744250381056,0.000162234957585677,0,0.00489902645172435,0,0
