0,0,3.99698543548584,0,0,0,0,0,20.0563650131226,0,0,0,0,0,0,0,27.7288084030151,35.158000310262,10.2838323680978,0,25.3433704376221,0,0,0,0,0,0,0,0,0,0,0,0,0,0,0,0,0,33.9255638122559,0,0,0,21.6301374545043,0,0,34.787281036377,18.7954447052696,61.7272453308105,8.06920012831688,0,0,0,0,0,14.1463409042358,0,26.0243687099881,0,9.26574620333585,0,14.2112900935687,0,0,0,0,0,0,0,0,0,0,0,0,29.9888378490101,0,0,0,0,0,0,0,33.52099609375,5.88483927726746,0,15.4766115454527,0,0
0,0,0,3.00826835632324,0,0,0,0,0,3.48906046693975,0,0,0,0,0,0,0,0,0,0,0,0,0,0,0,0,0,0,0,0,0,0,0,0,0,0,0,0,0,0,0,25.5491776301943,0,0,0,0,0,0,0,6.93404842677869,0,0,0,0,0,3.36375049902843,0,0,0,0,0,0,0,0,0,0,0,0,0,0,0,0,0,0,0,0,0,0,0,0,28.220666885376,0,0,0,27.3754081726074,0,0
3.99698543548584,0,0,0,3.37442533175151,0,0,0,3.43930490200336,0,24.9763317108154,0,0,0,0,0,31.519287109375,0,10.7999769088834,0,26.1164704236117,0,0,0,0,0,0,0,0,0,0,0,0,0,0,0,0,0,0,0,0,0,33.0926063656807,0,0,0,15.1676991780599,0,4.31979431825526,0,3.59247599329267,0,0,0,5.24131770928701,0,16.1262606544928,0,4.0288005875003,0,3.32520796702458,0,0,22.9720080239432,0,0,0,0,0,0,0,46.3666915893555,0,32.2086524963379,0,0,0,0,0,0,0,42.5769514196059,6.64503424282534,0,7.51267641845882,0,29.1078834533691
0,3.00826835632324,0,0,0,3.17524528503418,0,0,0,0,0,0,0,0,0,0,0,0,29.7670950889587,0,0,0,0,0,0,0,0,0,0,0,0,0,0,0,0,0,0,0,0,0,0,29.781613813072,0,25.0291767120361,0,7.45179977416992,0,0,0,5.84752518159372,0,0,0,0,0,4.091766224021,0,6.0618348035881,0,3.79194655662928,0,4.03449546830696,5.22741286507968,0,0,0,0,0,0,0,0,0,32.7200883229574,0,0,0,0,0,0,0,35.0764547983805,0,8.15444253757596,21.9921340942383,7.46436060641402,20.3226947784424,0
0,0,3.37442533175151,0,0,0,3.03838806152344,0,3.1679801940918,0,0,0,0,0,0,0,0,0,0,0,3.61259538833409,0,0,0,0,0,0,0,0,0,0,0,0,0,0,0,0,0,0,0,0,0,0,0,0,0,0,0,0,0,3.09510167952507,0,0,0,3.10179634094238,0,0,0,0,0,0,0,0,2.74020421504974,0,0,0,0,0,0,0,0,0,0,0,0,0,0,0,0,0,0,3.50287647099839,0,3.21556695437027,0,0
0,0,0,3.17524528503418,0,0,0,3.29218695163727,0,0,0,0,0,0,0,2.91549444198608,0,0,0,3.82433468021759,0,0,0,0,0,0,0,0,0,0,0,0,0,0,0,9.30822324752808,0,0,0,0,0,0,0,0,0,0,0,0,0,0,0,3.07540146261454,0,0,0,2.78693698247274,0,5.04192876815796,0,6.75925350189209,0,4.29871686299642,4.95306961593174,0,0,0,0,0,0,0,0,0,0,0,0,0,0,0,6.21058875864202,0,0,0,3.50547525567828,3.10515554745992,2.95093011856079,0,0
0,0,0,0,3.03838806152344,0,0,0,0,0,4.18325471336191,0,0,0,0,0,0,0,0,0,0,0,0,0,0,0,0,0,0,0,0,0,0,0,0,0,3.42806971073151,0,0,0,0,0,0,0,0,0,0,0,0,0,5.22415637969971,0,3.48005502192735,0,0,0,4.0732502256121,0,4.20418159166972,0,0,0,0,0,0,0,0,0,0,0,0,0,0,0,0,0,0,0,0,3.56662679672241,0,0,3.16881227493286,0,0,0,0
0,0,0,0,0,3.29218695163727,0,0,0,0,0,3.57188659906387,0,3.12053265571594,0,0,0,0,0,0,0,0,0,0,0,0,0,0,0,0,0,0,0,0,0,2.96152210235596,0,0,0,0,0,0,0,0,0,0,0,0,0,0,0,4.22707283496857,0,3.32693772923713,0,0,0,4.83508959829498,0,4.656284110736,0,0,10.3045424981551,0,0,0,0,0,0,0,0,0,0,0,0,0,0,0,0,0,0,0,0,0,9.59051322937012,0,0
20.0563650131226,0,3.43930490200336,0,3.1679801940918,0,0,0,0,0,0,0,0,0,3.21994335651398,0,14.0337565696991,22.6441993713379,0,0,0,0,0,0,16.7933712005615,0,0,0,0,0,0,0,0,0,0,0,0,0,0,0,0,0,32.7157106399536,0,0,0,0,0,0,0,0,0,0,0,4.38501370566232,0,0,0,0,0,5.1480721708328,0,0,0,0,0,0,0,0,0,0,0,0,0,0,0,0,0,0,0,0,0,9.42989070014616,4.41678279922122,0,0,35.3948364257812
0,3.48906046693975,0,0,0,0,0,0,0,0,0,0,0,0,0,7.98702145294404,0,0,0,0,0,0,0,0,0,0,0,0,0,0,0,0,0,0,0,0,0,0,0,0,0,38.8308372497559,0,0,0,0,0,0,0,9.03173232078552,0,0,0,0,0,4.44533385336399,0,0,0,0,0,7.60420848177625,0,0,0,0,0,0,0,0,0,0,0,0,0,0,0,0,0,0,0,0,5.7190957700505,6.59233999252319,0,0,0
0,0,24.9763317108154,0,0,0,4.18325471336191,0,0,0,0,0,2.99556122507368,0,0,0,38.5924644470215,0,31.0323505401611,0,5.13544421195984,0,0,0,0,0,0,0,0,0,9.41783120693305,0,0,0,0,0,4.1773158816968,0,4.44888508528081,0,0,0,18.8170604705811,0,0,0,15.0956941604614,0,18.2731189727783,0,5.87618104219437,0,4.89794955650965,0,0,0,5.6722510331315,0,3.38116763035456,0,0,0,0,12.3876481780523,0,0,0,0,0,0,0,0,0,5.135944246708,0,0,0,0,0,10.9036735057831,0,6.20634940775429,5.48581360232445,0,17.333404302597,0,0
0,0,0,0,0,0,0,3.57188659906387,0,0,0,0,0,3.08493549700277,0,0,0,0,0,7.33947505111508,0,0,0,0,0,0,0,2.88949060440063,0,4.84030113988003,0,0,0,0,0,3.45583794193883,0,8.40415114067171,0,0,0,0,0,0,0,9.75521210261754,0,0,0,0,0,0,0,5.23356653028919,0,0,0,4.96292480570192,0,3.14560904105504,0,0,7.45683997530278,0,0,0,0,0,0,0,20.7105856808749,0,7.79384531937612,0,0,0,0,0,0,0,13.5706018952762,0,5.31244560401199,0,9.66277467636835,0,0
0,0,0,0,0,0,0,0,0,0,2.99556122507368,0,0,0,0,0,0,0,0,0,0,0,0,0,0,0,0,0,0,0,0,0,0,0,0,0,0,0,0,0,0,0,0,0,0,0,0,0,0,0,0,0,0,0,0,0,5.12695392485588,0,3.71212128669985,0,0,0,0,0,0,0,0,0,0,0,0,0,0,0,0,0,0,0,0,0,0,0,3.92346869065211,2.98926631142111,0,0,0
0,0,0,0,0,0,0,3.12053265571594,0,0,0,3.08493549700277,0,0,0,0,0,0,0,0,0,0,0,0,0,0,0,3.06459200382233,0,2.85047769546509,0,0,0,0,0,0,0,0,0,0,0,0,0,0,0,0,0,0,0,0,0,0,0,0,0,0,0,3.10418039560318,0,3.71450492790767,0,3.81761884689331,0,0,0,0,0,0,0,0,3.02676342593299,0,0,0,0,0,0,0,0,0,0,0,3.0573542561642,3.53908701503978,0,0,0
0,0,0,0,0,0,0,0,3.21994335651398,0,0,0,0,0,0,0,10.2701139551528,23.1961015065511,0,0,0,0,0,0,0,0,0,0,0,0,0,0,0,0,0,0,0,0,0,0,0,0,36.936408996582,0,0,0,0,0,0,0,0,0,0,0,3.92571107546488,0,0,0,0,0,3.29815392416032,0,0,0,0,0,0,0,0,0,0,0,0,0,0,0,0,0,0,0,0,0,11.8019478446559,2.85188610553741,0,0,0
0,0,0,0,0,2.91549444198608,0,0,0,7.98702145294404,0,0,0,0,0,0,0,0,0,0,0,0,0,0,0,0,0,0,0,0,0,0,0,0,0,0,0,0,0,0,0,0,0,0,0,0,0,0,0,0,0,3.13290004072518,0,0,0,9.95838293662438,0,0,0,3.38912868499756,0,5.83493644396464,0,0,0,0,0,0,0,0,0,0,0,0,0,0,0,0,0,0,0,0,0,0,0,0,0
27.7288084030151,0,31.519287109375,0,0,0,0,0,14.0337565696991,0,38.5924644470215,0,0,0,10.2701139551528,0,0,14.9948365058431,17.9235824195572,0,38.7612115074607,0,5.38800005614758,24.5619886943272,11.9935685448025,0,5.72775243749522,0,4.0353931983312,0,0,0,0,0,0,0,0,0,0,0,0,44.5843703406198,29.8574221324658,40.0521829363326,33.7571491185766,44.8392413047052,37.2173602387712,80.7592163085938,28.7637031078339,0,0,0,0,0,11.4104803085327,0,36.7957801818848,54.3786153793335,0,0,10.5553283691406,0,0,43.7983856201172,0,26.3556377092997,11.862460454305,0,66.6888809204102,7.69948067570364,0,0,62.300594329834,46.1192106246948,0,0,0,0,0,0,74.911122639974,55.8171491622925,11.4811657982095,46.7032189369202,38.2120675703066,43.6659326993502,28.8771339194903
35.158000310262,0,0,0,0,0,0,0,22.6441993713379,0,0,0,0,0,23.1961015065511,0,14.9948365058431,0,15.9527312744292,0,0,3.59604252974192,0,8.99922076633998,0,8.47493028726202,39.7656675974528,0,0,0,0,0,0,0,0,0,0,43.0172724723816,0,0,0,36.4195046470569,36.5765857696533,31.0749431858218,43.9721641540527,34.9317913415297,43.3344975224248,0,35.2528495788574,26.8289985656738,0,0,0,0,0,0,0,50.3551640828451,0,0,0,51.5881958007812,0,0,3.31523257143357,0,15.5933941364288,0,8.19298425490546,48.5885829925537,0,0,49.5877919197083,87.619873046875,0,0,0,0,61.6435565948486,0,52.672957499822,0,8.99544220955799,5.67890526818447,39.2261631407561,34.1315609257797,42.7883160909017
10.2838323680978,0,10.7999769088834,29.7670950889587,0,0,0,0,0,0,31.0323505401611,0,0,0,0,0,17.9235824195572,15.9527312744292,0,42.5892601013184,37.9760429382324,0,0,16.2282838821411,0,30.6231956481934,29.9342842102051,0,0,0,37.2804260253906,0,0,0,0,0,0,37.5422732035319,33.9169082641602,33.5125389099121,0,15.5610045600091,21.9722756753057,16.3236213976592,21.362166670029,20.0711110742566,26.9323238927567,0,10.824012363849,23.3553016583125,0,0,0,0,27.4279317855835,0,35.3676015114298,29.13138324336,0,31.7121176719666,0,35.2955924987793,35.4962535858154,33.8031368255615,0,58.388240814209,0,0,27.228589630127,26.3481699625651,0,0,35.9174322814941,40.691678518998,0,0,0,0,0,0,39.2145591690427,50.9138450622559,16.9607670714882,43.1096006824124,22.090493708952,17.1692755732738,24.4215007394047
0,0,0,0,0,3.82433468021759,0,0,0,0,0,7.33947505111508,0,0,0,0,0,0,42.5892601013184,0,0,0,0,0,0,0,0,0,0,0,0,0,0,0,0,7.45550278970909,0,5.79499031262225,0,0,0,0,0,0,0,7.44880177424504,0,0,0,0,0,4.56083160465203,0,0,0,0,0,5.40245882786103,0,0,0,0,5.43929034551312,0,0,0,0,0,0,0,0,0,6.59595616658529,0,0,0,0,0,7.89431754689245,0,13.4974302564348,0,11.3120808260781,20.5543003082275,5.92847002744675,0,0
25.3433704376221,0,26.1164704236117,0,3.61259538833409,0,0,0,0,0,5.13544421195984,0,0,0,0,0,38.7612115074607,0,37.9760429382324,0,0,0,0,0,0,0,0,0,0,0,0,0,0,0,0,0,6.21297209807352,0,10.2034006118774,0,0,0,23.7389463697161,0,0,0,15.1390145526213,0,23.150323232015,0,5.0634270424313,0,5.84743986306367,0,29.2199211120605,0,4.63159674374177,0,6.09414005279541,0,29.9281525611877,0,0,7.24409543080168,0,0,0,0,0,0,0,0,0,6.17268713882991,0,0,0,0,0,9.87972142513405,0,0,6.2905572940953,0,13.2127295559373,0,15.2346506118774
0,0,0,0,0,0,0,0,0,0,0,0,0,0,0,0,0,3.59604252974192,0,0,0,0,3.17258542776108,3.29585242155686,0,0,0,3.59641824449812,0,0,0,0,0,0,0,0,0,3.76932015387635,3.79149027466774,0,0,0,0,0,0,0,0,0,0,3.90173826921706,0,0,0,0,0,0,0,0,0,0,0,0,0,0,5.12271045937985,0,2.89143588326194,0,0,0,6.59018381436666,0,0,0,0,0,0,0,0,0,5.40988235511577,3.48565518856049,4.07595562769307,0,0,0,0
0,0,0,0,0,0,0,0,0,0,0,0,0,0,0,0,5.38800005614758,0,0,0,0,3.17258542776108,0,0,3.64895477193467,0,0,0,3.22785592079163,0,0,0,0,0,0,0,0,4.85323762893677,6.70076656904192,0,0,0,21.0769367218018,0,0,0,0,19.0369510650635,15.9492484728495,0,0,0,0,0,0,0,0,0,0,0,0,0,0,0,0,4.17806132768079,0,5.93828821182251,0,2.98061878340585,0,4.32451057076454,0,0,0,0,0,0,0,0,0,5.30108104607998,10.7430140972137,0,18.1573796590169,0,0
0,0,0,0,0,0,0,0,0,0,0,0,0,0,0,0,24.5619886943272,8.99922076633998,16.2282838821411,0,0,3.29585242155686,0,0,0,6.9640417098999,0,0,0,0,0,0,0,0,0,0,0,5.45764787758098,0,0,0,14.1379642486572,0,0,0,0,0,0,0,0,0,0,0,0,0,0,0,0,0,0,0,0,0,0,3.75017436934106,0,4.15039480691669,0,4.57661294937134,0,0,0,0,0,0,0,0,0,0,0,3.2958108054267,0,6.39870845088522,0,9.88442019206374,0,0
0,0,0,0,0,0,0,0,16.7933712005615,0,0,0,0,0,0,0,11.9935685448025,0,0,0,0,0,3.64895477193467,0,0,0,2.74263334274292,0,0,0,0,0,0,0,0,0,0,0,13.6360833644867,0,0,0,20.5244023409757,0,0,0,0,19.6845188617706,10.6592041838403,0,0,0,0,0,0,0,0,0,0,0,0,0,0,0,0,0,0,4.27155464887619,0,2.78533926010132,0,0,0,0,0,0,0,0,0,0,0,8.06878407796224,19.0638125492976,27.8143787384033,17.5581371486187,0,0
0,0,0,0,0,0,0,0,0,0,0,0,0,0,0,0,0,8.47493028726202,30.6231956481934,0,0,0,0,6.9640417098999,0,0,0,0,0,0,0,0,0,0,0,0,0,0,0,0,0,0,0,0,0,0,0,0,0,3.57118511199951,0,0,0,0,0,0,0,0,0,11.455997467041,0,9.56676912307739,0,0,0,0,3.53442490542376,0,4.50651135248474,0,0,0,0,0,0,0,0,0,0,0,0,0,4.3536319732666,0,0,0,0
0,0,0,0,0,0,0,0,0,0,0,0,0,0,0,0,5.72775243749522,39.7656675974528,29.9342842102051,0,0,0,0,0,2.74263334274292,0,0,0,3.93970108032227,0,0,0,0,0,0,0,0,0,0,0,0,0,0,0,0,0,0,0,0,0,0,0,0,0,0,0,0,0,0,0,3.59333968162537,0,0,0,0,0,0,5.69577836990356,0,3.61721420288086,0,2.94895849508398,0,0,0,0,0,0,0,0,0,0,4.7678256545748,0,0,0,0
0,0,0,0,0,0,0,0,0,0,0,2.88949060440063,0,3.06459200382233,0,0,0,0,0,0,0,3.59641824449812,0,0,0,0,0,0,0,3.04512704821194,0,0,0,0,0,0,0,3.9445054769516,0,0,0,0,0,0,0,0,0,0,0,0,0,0,0,0,0,0,0,0,0,2.74400687217712,0,0,0,0,0,0,0,0,2.7975287437439,0,3.90760932657454,0,3.85873215338763,0,0,0,0,0,0,0,4.85059185028076,0,0,0,0,0,0
0,0,0,0,0,0,0,0,0,0,0,0,0,0,0,0,4.0353931983312,0,0,0,0,0,3.22785592079163,0,0,0,3.93970108032227,0,0,0,2.87700335184733,0,0,0,0,0,0,0,3.63363041877747,0,0,0,0,0,0,0,0,0,0,0,0,0,0,0,0,0,0,0,3.75482094287872,0,0,0,0,0,0,2.96013212203979,0,0,0,0,0,3.43532436895722,0,4.11751765363357,0,0,0,0,0,0,0,2.93326527619165,3.17302172524588,0,0,0,0
0,0,0,0,0,0,0,0,0,0,0,4.84030113988003,0,2.85047769546509,0,0,0,0,0,0,0,0,0,0,0,0,0,3.04512704821194,0,0,0,0,0,0,0,0,0,3.46245383310922,0,0,0,0,0,0,0,0,0,0,0,0,0,0,0,0,0,0,0,3.94578456636613,0,0,0,0,23.9161462783813,0,0,0,0,0,0,0,0,0,4.10465576792548,0,0,0,0,0,0,0,3.91259990798102,0,2.94846868515015,0,27.9235897064209,0,0
0,0,0,0,0,0,0,0,0,0,9.41783120693305,0,0,0,0,0,0,0,37.2804260253906,0,0,0,0,0,0,0,0,0,2.87700335184733,0,0,0,0,0,0,0,0,0,3.83749688056207,0,0,0,31.9437046051025,0,0,0,24.3833179473877,0,0,0,0,0,0,0,0,0,8.36537242490192,0,0,0,0,0,0,21.4608933925629,0,0,0,0,0,0,0,2.75185608863831,0,4.44398551376966,0,0,0,0,0,0,0,4.63936950479235,5.80036564306779,0,25.5133972167969,0,20.408618927002
0,0,0,0,0,0,0,0,0,0,0,0,0,0,0,0,0,0,0,0,0,0,0,0,0,0,0,0,0,0,0,0,3.56578099446666,5.80246692521232,0,6.84579056690337,5.54395530253281,0,0,0,0,0,0,0,0,27.1985359191895,0,4.76023674347624,14.1167007895077,0,0,0,0,0,0,0,0,0,0,0,0,0,21.3374176025391,0,0,0,0,0,0,0,0,0,0,0,5.20254230650405,4.56394347206491,5.97714384899864,3.89622837305069,7.71454999163037,16.5583366392073,0,0,3.8262397529435,0,5.56467390060425,0,0
0,0,0,0,0,0,0,0,0,0,0,0,0,0,0,0,0,0,0,0,0,0,0,0,0,0,0,0,0,0,0,3.56578099446666,0,0,7.93355940410069,6.2360053062439,3.52463844885309,0,0,0,0,0,0,0,0,0,0,4.1277602996145,0,0,0,0,0,0,0,0,0,0,0,0,0,0,0,0,0,0,0,0,0,0,0,0,0,0,4.04088463102068,4.32553568980511,0,5.51270491736276,31.6737365722656,7.93403439953823,0,0,4.60326691107316,0,0,0,0
0,0,0,0,0,0,0,0,0,0,0,0,0,0,0,0,0,0,0,0,0,0,0,0,0,0,0,0,0,0,0,5.80246692521232,0,0,4.96806374102912,4.90133056640625,0,3.93075355268874,20.0155929218639,0,0,6.31142473220825,30.9017567634583,0,0,0,0,5.85538611888886,20.043529510498,0,0,0,0,0,0,0,52.6043650309245,0,0,0,0,0,0,0,0,0,0,0,0,0,0,37.22576268514,0,39.2264680862427,5.33243405928306,4.11925029754639,4.85811133903247,3.99960196736764,5.53601283497281,0,3.83511669265813,30.5168802261353,6.28392276589729,0,17.4558675289154,0,0
0,0,0,0,0,0,0,0,0,0,0,0,0,0,0,0,0,0,0,0,0,0,0,0,0,0,0,0,0,0,0,0,7.93355940410069,4.96806374102912,0,0,3.60193997885123,15.1736764907837,4.17515533535663,0,0,0,0,0,0,0,0,6.10732613812087,12.2110280990601,0,0,0,0,0,0,0,36.4086112976074,0,32.4266395568848,0,0,0,0,0,0,0,0,0,0,0,0,22.5540500640869,0,22.0703401565552,0,7.81005776405334,4.63518465820112,6.65963076009628,15.6040496826172,8.12260788551399,0,5.39650998796736,4.79269024481376,3.4362617790699,18.9921684265137,0,0
0,0,0,0,0,9.30822324752808,0,2.96152210235596,0,0,0,3.45583794193883,0,0,0,0,0,0,0,7.45550278970909,0,0,0,0,0,0,0,0,0,0,0,6.84579056690337,6.2360053062439,4.90133056640625,0,0,10.1268642080202,4.66933514670859,0,0,0,0,0,0,0,3.24397413432598,0,0,8.66863110486199,10.102038541116,0,0,0,0,0,0,0,4.06575476422029,0,0,0,0,8.51468264222145,48.5260740915934,0,0,0,0,0,0,0,0,0,0,10.644906758283,0,4.46625194726167,0,5.75934654344725,22.5597371428725,10.1166032398448,0,4.61190893534893,4.62904360369716,7.99414996329896,0,0
0,0,0,0,0,0,3.42806971073151,0,0,0,4.1773158816968,0,0,0,0,0,0,0,0,0,6.21297209807352,0,0,0,0,0,0,0,0,0,0,5.54395530253281,3.52463844885309,0,3.60193997885123,10.1268642080202,0,0,5.85526970558502,0,8.34843266528586,0,0,0,0,0,9.98841339747111,18.4745192527771,11.2009702422402,10.5488149642944,0,0,0,0,0,0,8.85407406943185,0,11.5889320373535,0,0,0,0,5.71093852647388,0,0,0,0,0,0,0,0,0,0,4.55083990097046,10.2389015017831,0,6.66358697063783,19.6363205898042,5.68908142750898,0,6.20423389782612,4.24602700827566,6.04628681733487,5.34006188800949,0,0
0,0,0,0,0,0,0,0,0,0,0,8.40415114067171,0,0,0,0,0,43.0172724723816,37.5422732035319,5.79499031262225,0,3.76932015387635,4.85323762893677,5.45764787758098,0,0,0,3.9445054769516,0,3.46245383310922,0,0,0,3.93075355268874,15.1736764907837,4.66933514670859,0,0,7.83124434709549,0,0,13.3640958070755,18.4609613418579,0,0,17.1521442958287,0,6.18016314479802,31.6127033233643,7.15225366820176,0,0,0,0,0,0,0,17.9558454845729,0,0,0,0,15.9224545214627,0,4.5179988790731,0,8.36190364360809,0,0,0,14.5771161817735,0,17.0784566983944,0,0,0,9.50641789890471,0,6.95112205716025,0,5.65452808523049,7.19113400247362,5.81331744677422,5.59463426045009,8.42339564979328,0,0
33.9255638122559,0,0,0,0,0,0,0,0,0,4.44888508528081,0,0,0,0,0,0,0,33.9169082641602,0,10.2034006118774,3.79149027466774,6.70076656904192,0,13.6360833644867,0,0,0,3.63363041877747,0,3.83749688056207,0,0,20.0155929218639,4.17515533535663,0,5.85526970558502,7.83124434709549,0,0,0,0,17.4364230950673,0,0,0,25.0181922912598,9.79723502564848,15.8728621747313,23.6894809177944,0,0,0,0,0,0,7.25397969563802,0,0,0,0,0,0,24.0277603149414,0,5.43787146874987,0,17.8383190896776,0,0,0,21.9968670209249,0,9.49864789924106,0,0,0,8.05042482746972,0,7.42718458982149,3.03743877410889,5.79207293515328,6.45248326377816,7.36132311820984,13.5249449129288,0,13.6473293304443
0,0,0,0,0,0,0,0,0,0,0,0,0,0,0,0,0,0,33.5125389099121,0,0,0,0,0,0,0,0,0,0,0,0,0,0,0,0,0,0,0,0,0,0,9.30966200349147,0,0,0,5.61399684149396,22.1043148040771,6.39669307072957,10.7794704437256,5.78981558644042,0,0,0,0,0,0,0,0,0,0,0,0,3.99770004603457,0,0,0,0,0,0,0,0,0,0,0,0,0,0,0,6.75248578900383,0,0,0,0,0,5.8306979128049,18.4389216105143,0
0,0,0,0,0,0,0,0,0,0,0,0,0,0,0,0,0,0,0,0,0,0,0,0,0,0,0,0,0,0,0,0,0,0,0,0,8.34843266528586,0,0,0,0,0,10.1137735785977,0,0,13.6222491661708,5.45858300388459,3.89265831648293,6.97515567010449,7.71166455745697,0,0,0,0,0,0,0,0,0,0,0,0,0,4.66614933093269,0,0,0,0,0,0,0,0,0,0,0,3.72789812088013,0,0,19.1405963897705,7.99874703426681,0,0,7.68347535309968,0,6.50815295919234,0,0
0,25.5491776301943,0,29.781613813072,0,0,0,0,0,38.8308372497559,0,0,0,0,0,0,44.5843703406198,36.4195046470569,15.5610045600091,0,0,0,0,14.1379642486572,0,0,0,0,0,0,0,0,0,6.31142473220825,0,0,0,13.3640958070755,0,9.30966200349147,0,0,5.70324284595679,9.24120523054389,0,11.3009762104521,98.5725555419922,5.29831738357084,19.1467294692993,21.6169502212681,0,0,0,0,0,0,0,26.447405793782,0,29.4005996491098,0,34.0050425390054,27.7214283943176,0,0,0,15.9491599321365,0,0,0,0,0,16.0880507041108,0,30.6067600250244,0,5.64334103039333,0,11.2319275856018,0,20.2459104271133,0,12.0986453297394,15.4942490770703,10.2677420979971,6.64005849278217,46.5671005249023
21.6301374545043,0,33.0926063656807,0,0,0,0,0,32.7157106399536,0,18.8170604705811,0,0,0,36.936408996582,0,29.8574221324658,36.5765857696533,21.9722756753057,0,23.7389463697161,0,21.0769367218018,0,20.5244023409757,0,0,0,0,0,31.9437046051025,0,0,30.9017567634583,0,0,0,18.4609613418579,17.4364230950673,0,10.1137735785977,5.70324284595679,0,40.9799098968506,9.87998702666339,47.7948179244995,13.9943077256603,9.25706207752228,15.3045972299358,14.4001795161854,0,0,0,0,29.6485802499872,0,28.0354913971317,0,28.2934005374,0,27.9399356842041,0,0,25.6733683347702,0,39.2901258468628,0,18.1934565353394,0,20.0635108947754,0,27.1025686437433,0,23.2987160001482,0,0,18.8177406311035,0,0,14.1149852029208,15.9579401016235,22.4901522085071,7.17846077065255,7.04282546415925,11.8367843841577,55.4486618041992,8.09909932625079
0,0,0,25.0291767120361,0,0,0,0,0,0,0,0,0,0,0,0,40.0521829363326,31.0749431858218,16.3236213976592,0,0,0,0,0,0,0,0,0,0,0,0,0,0,0,0,0,0,0,0,0,0,9.24120523054389,40.9799098968506,0,37.1361446380615,10.9798569187285,40.9345111846924,0,0,0,0,0,0,0,0,0,0,26.0476951599121,0,0,0,0,0,0,0,0,0,0,0,0,0,0,27.1724864959717,0,0,0,0,0,0,0,32.5348735385471,0,20.2309384845918,32.4245185852051,12.3734191237366,10.7712748561587,51.8106778462728
0,0,0,0,0,0,0,0,0,0,0,0,0,0,0,0,33.7571491185766,43.9721641540527,21.362166670029,0,0,0,0,0,0,0,0,0,0,0,0,0,0,0,0,0,0,0,0,0,0,0,9.87998702666339,37.1361446380615,0,45.8495750427246,16.0763364397961,0,0,0,0,0,0,0,0,0,0,0,0,0,0,0,0,0,0,0,0,0,0,0,0,0,0,22.3946828842163,0,0,0,0,0,0,0,0,18.6403481717595,24.6936849594116,10.0096770908719,53.8638521830241,16.180567085743
34.787281036377,0,0,7.45179977416992,0,0,0,0,0,0,0,9.75521210261754,0,0,0,0,44.8392413047052,34.9317913415297,20.0711110742566,7.44880177424504,0,0,0,0,0,0,0,0,0,0,0,27.1985359191895,0,0,0,3.24397413432598,0,17.1521442958287,0,5.61399684149396,13.6222491661708,11.3009762104521,47.7948179244995,10.9798569187285,45.8495750427246,0,24.9213884353638,26.5318151869864,0,12.0128406343006,0,0,0,0,0,0,0,25.7704431360418,0,0,0,0,7.67213044829317,0,0,0,0,0,0,0,0,0,22.5755999606589,66.4767150878906,24.8056999206543,0,0,0,6.49934574158606,31.5131848653158,23.1904926192894,0,18.2020915638317,32.8210391998291,8.2714443422997,19.3889981508255,42.9761753082275
18.7954447052696,0,15.1676991780599,0,0,0,0,0,0,0,15.0956941604614,0,0,0,0,0,37.2173602387712,43.3344975224248,26.9323238927567,0,15.1390145526213,0,0,0,0,0,0,0,0,0,24.3833179473877,0,0,0,0,0,9.98841339747111,0,25.0181922912598,22.1043148040771,5.45858300388459,98.5725555419922,13.9943077256603,40.9345111846924,16.0763364397961,24.9213884353638,0,29.3584667841593,13.1292779878263,24.3023948669434,0,0,0,0,0,0,18.4021834998295,0,0,0,17.0719356536865,0,0,6.69538055266006,0,0,0,0,0,48.2413749694824,0,0,54.868034362793,21.9301718252676,0,0,0,0,28.63450050354,8.87939378646168,0,23.8067932128906,21.2985457868287,24.7506542205811,6.69885056973809,57.0185356140137,19.8122167166542
61.7272453308105,0,0,0,0,0,0,0,0,0,0,0,0,0,0,0,80.7592163085938,0,0,0,0,0,19.0369510650635,0,19.6845188617706,0,0,0,0,0,0,4.76023674347624,4.1277602996145,5.85538611888886,6.10732613812087,0,18.4745192527771,6.18016314479802,9.79723502564848,6.39669307072957,3.89265831648293,5.29831738357084,9.25706207752228,0,0,26.5318151869864,29.3584667841593,0,5.40119477599888,5.55342978702079,0,0,0,0,0,0,43.3551522890727,0,43.5789384841919,0,0,0,20.7992162704468,31.6267604827881,0,17.0670490264893,0,19.8917440573374,0,0,0,29.6003357478551,0,29.6839504241943,6.93716713793105,6.08284771216692,7.26169810487281,5.55514588560559,10.7675432512447,10.9937764311688,7.16623016811152,10.6104982456936,5.90759643201258,6.92088684505886,9.11616589112228,0,0
8.06920012831688,0,4.31979431825526,0,0,0,0,0,0,0,18.2731189727783,0,0,0,0,0,28.7637031078339,35.2528495788574,10.824012363849,0,23.150323232015,0,15.9492484728495,0,10.6592041838403,0,0,0,0,0,0,14.1167007895077,0,20.043529510498,12.2110280990601,8.66863110486199,11.2009702422402,31.6127033233643,15.8728621747313,10.7794704437256,6.97515567010449,19.1467294692993,15.3045972299358,0,0,0,13.1292779878263,5.40119477599888,0,7.89266837827417,0,0,0,0,27.5808817545573,0,24.4171566482513,0,21.0481411315299,0,7.83333137432734,0,0,24.541405359904,0,23.1118116378784,0,5.2660538735597,0,5.31682919678481,0,12.00203797014,0,16.4553354240599,15.3006016991355,4.58323624468686,15.9946883808483,4.93942713737488,18.8876444666009,7.46718500176794,0,13.7103448327203,7.56766965238935,16.1526455879211,9.18248733942418,0,16.6253128051758
0,6.93404842677869,0,5.84752518159372,0,0,0,0,0,9.03173232078552,0,0,0,0,0,0,0,26.8289985656738,23.3553016583125,0,0,3.90173826921706,0,0,0,3.57118511199951,0,0,0,0,0,0,0,0,0,10.102038541116,10.5488149642944,7.15225366820176,23.6894809177944,5.78981558644042,7.71166455745697,21.6169502212681,14.4001795161854,0,0,12.0128406343006,24.3023948669434,5.55342978702079,7.89266837827417,0,0,0,0,0,0,7.23882967775518,0,16.5750863285704,0,16.3268849993111,0,16.7163438666951,23.2680100032261,0,6.36107116921187,0,10.366067215016,0,5.35627871894185,0,7.8915910921024,0,14.5729903044524,0,8.04711517360475,11.3439608944787,7.79693339421199,0,8.71558974968581,16.3256275452763,9.55448369909735,0,9.8234923464704,17.9637140860924,9.05617831449048,0,0
0,0,3.59247599329267,0,3.09510167952507,0,5.22415637969971,0,0,0,5.87618104219437,0,0,0,0,0,0,0,0,0,5.0634270424313,0,0,0,0,0,0,0,0,0,0,0,0,0,0,0,0,0,0,0,0,0,0,0,0,0,0,0,0,0,0,0,0,0,0,0,3.27740888595581,0,2.90882860530506,0,2.89131201505661,0,0,4.77455395857493,0,0,0,0,0,0,0,0,0,0,0,0,0,0,0,0,0,0,5.36920353423717,0,4.44620510935783,0,0
0,0,0,0,0,3.07540146261454,0,4.22707283496857,0,0,0,0,0,0,0,3.13290004072518,0,0,0,4.56083160465203,0,0,0,0,0,0,0,0,0,0,0,0,0,0,0,0,0,0,0,0,0,0,0,0,0,0,0,0,0,0,0,0,0,3.89291683832804,0,0,0,5.33954061995019,0,5.17117256653018,0,4.5232816016674,6.27325620526582,0,0,0,0,0,0,0,0,0,0,0,0,0,0,0,0,0,0,0,2.95829338497586,3.19696973985241,5.05542702674866,0,0
0,0,0,0,0,0,3.48005502192735,0,0,0,4.89794955650965,0,0,0,0,0,0,0,0,0,5.84743986306367,0,0,0,0,0,0,0,0,0,0,0,0,0,0,0,0,0,0,0,0,0,0,0,0,0,0,0,0,0,0,0,0,0,0,0,3.86696405787217,0,0,0,0,0,0,5.94011103189909,0,0,0,0,0,0,0,0,0,0,0,0,0,0,0,0,0,0,3.40215334747777,0,0,0,0
0,0,0,0,0,0,0,3.32693772923713,0,0,0,5.23356653028919,0,0,0,0,0,0,0,0,0,0,0,0,0,0,0,0,0,0,0,0,0,0,0,0,0,0,0,0,0,0,0,0,0,0,0,0,0,0,0,3.89291683832804,0,0,0,0,0,5.31118095434945,0,5.1614967367463,0,0,9.99840894530091,0,0,0,0,0,0,0,0,0,0,0,0,0,0,0,0,0,0,0,3.59945440292358,0,8.64062881469727,0,0
14.1463409042358,0,5.24131770928701,0,3.10179634094238,0,0,0,4.38501370566232,0,0,0,0,0,3.92571107546488,0,11.4104803085327,0,27.4279317855835,0,29.2199211120605,0,0,0,0,0,0,0,0,0,0,0,0,0,0,0,0,0,0,0,0,0,29.6485802499872,0,0,0,0,0,27.5808817545573,0,0,0,0,0,0,0,27.5182666778564,0,0,0,7.24025075108397,0,0,30.9731979370117,0,0,0,0,0,25.11110496521,0,0,0,35.9188690185547,0,0,0,0,0,0,0,38.6524658203125,13.7144795788659,4.7416410446167,13.1872683186685,0,29.3434638977051
0,3.36375049902843,0,4.091766224021,0,2.78693698247274,0,0,0,4.44533385336399,0,0,0,0,0,9.95838293662438,0,0,0,0,0,0,0,0,0,0,0,0,0,0,0,0,0,0,0,0,0,0,0,0,0,0,0,0,0,0,0,0,0,7.23882967775518,0,0,0,0,0,0,0,0,0,0,0,10.9209564685822,0,0,0,0,0,0,0,0,0,0,0,0,0,0,0,0,0,0,0,0,8.07978463172913,0,0,0,0
26.0243687099881,0,16.1262606544928,0,0,0,4.0732502256121,0,0,0,5.6722510331315,0,5.12695392485588,0,0,0,36.7957801818848,0,35.3676015114298,0,4.63159674374177,0,0,0,0,0,0,0,0,0,8.36537242490192,0,0,52.6043650309245,36.4086112976074,0,8.85407406943185,0,7.25397969563802,0,0,0,28.0354913971317,0,0,0,18.4021834998295,43.3551522890727,24.4171566482513,0,3.27740888595581,0,3.86696405787217,0,27.5182666778564,0,0,0,4.49283330403788,0,13.7554793887668,0,0,6.73603949796045,0,23.9954752811166,0,0,0,18.0230151494344,0,10.857867624981,0,7.77658372967713,0,0,0,0,0,10.7361189524333,0,23.1772403072893,10.2831592408917,48.7264728546143,9.55394246411878,0,17.4716871976852
0,0,0,6.0618348035881,0,5.04192876815796,0,4.83508959829498,0,0,0,4.96292480570192,0,3.10418039560318,0,0,54.3786153793335,50.3551640828451,29.13138324336,5.40245882786103,0,0,0,0,0,0,0,0,0,3.94578456636613,0,0,0,0,0,4.06575476422029,0,17.9558454845729,0,0,0,26.447405793782,0,26.0476951599121,0,25.7704431360418,0,0,0,16.5750863285704,0,5.33954061995019,0,5.31118095434945,0,0,0,0,0,6.10240688337111,0,22.4469726085663,6.2789049788923,0,0,0,0,0,17.4479258060455,0,12.7891525181081,0,6.43086262807097,0,0,0,30.0231609344482,0,0,0,17.8224183243312,0,11.8300641440274,0,8.1956885567374,16.1981571061271,0
9.26574620333585,0,4.0288005875003,0,0,0,4.20418159166972,0,0,0,3.38116763035456,0,3.71212128669985,0,0,0,0,0,0,0,6.09414005279541,0,0,0,0,0,0,0,3.75482094287872,0,0,0,0,0,32.4266395568848,0,11.5889320373535,0,0,0,0,0,28.2934005374,0,0,0,0,43.5789384841919,21.0481411315299,0,2.90882860530506,0,0,0,0,0,4.49283330403788,0,0,0,6.07393571166992,0,0,5.50187385082245,0,0,0,0,0,12.6478510094385,0,8.43761637915094,0,16.4404818064546,0,0,0,0,0,0,0,26.9284818988957,9.94524296847257,3.37219976621961,9.60731242273165,0,0
0,0,0,3.79194655662928,0,6.75925350189209,0,4.656284110736,0,0,0,3.14560904105504,0,3.71450492790767,0,3.38912868499756,0,0,31.7121176719666,0,0,0,0,0,0,11.455997467041,0,2.74400687217712,0,0,0,0,0,0,0,0,0,0,0,0,0,29.4005996491098,0,0,0,0,0,0,0,16.3268849993111,0,5.17117256653018,0,5.1614967367463,0,0,0,6.10240688337111,0,0,0,4.09460020269959,15.8670739173889,0,0,0,17.2856559753418,0,7.24040180063471,0,6.63453166641257,0,10.6824447024952,0,0,0,29.5931873321533,0,0,0,25.8943908309937,0,35.426197052002,0,13.1603873537784,0,0
14.2112900935687,0,3.32520796702458,0,0,0,0,0,5.1480721708328,0,0,0,0,0,3.29815392416032,0,10.5553283691406,0,0,0,29.9281525611877,0,0,0,0,0,3.59333968162537,0,0,0,0,0,0,0,0,0,0,0,0,0,0,0,27.9399356842041,0,0,0,17.0719356536865,0,7.83333137432734,0,2.89131201505661,0,0,0,7.24025075108397,0,13.7554793887668,0,6.07393571166992,0,0,0,0,24.624792098999,0,56.8643760681152,0,0,0,3.2334547996521,0,7.98034615516663,0,30.4314122200012,0,0,0,0,0,0,0,0,16.8064236342907,2.75180315971375,9.16602219405927,0,0
0,0,0,4.03449546830696,0,4.29871686299642,0,0,0,7.60420848177625,0,0,0,3.81761884689331,0,5.83493644396464,0,51.5881958007812,35.2955924987793,0,0,0,0,0,0,9.56676912307739,0,0,0,0,0,0,0,0,0,0,0,0,0,0,0,34.0050425390054,0,0,0,0,0,0,0,16.7163438666951,0,4.5232816016674,0,0,0,10.9209564685822,0,22.4469726085663,0,4.09460020269959,0,0,31.7359981536865,0,0,0,17.5310802459717,0,7.07605958907835,0,4.35943764448166,0,16.1243510444959,0,0,0,0,0,0,0,27.3992212706921,0,8.90072623166171,9.49912214279175,14.2066539209623,28.4622707366943,0
0,0,0,5.22741286507968,0,4.95306961593174,0,10.3045424981551,0,0,0,7.45683997530278,0,0,0,0,0,0,35.4962535858154,5.43929034551312,0,0,0,0,0,0,0,0,0,23.9161462783813,0,21.3374176025391,0,0,0,8.51468264222145,0,15.9224545214627,0,3.99770004603457,0,27.7214283943176,0,0,0,7.67213044829317,0,20.7992162704468,0,23.2680100032261,0,6.27325620526582,0,9.99840894530091,0,0,0,6.2789049788923,0,15.8670739173889,0,31.7359981536865,0,0,0,0,0,0,0,0,21.9228009700775,0,18.9520452749283,0,16.9198329925537,0,0,0,8.07000414399137,0,23.7001255052695,0,14.7979804515839,20.9971234457833,12.7329069278756,0,0
0,0,22.9720080239432,0,2.74020421504974,0,0,0,0,0,12.3876481780523,0,0,0,0,0,43.7983856201172,0,33.8031368255615,0,7.24409543080168,0,0,0,0,0,0,0,0,0,21.4608933925629,0,0,0,0,48.5260740915934,5.71093852647388,0,24.0277603149414,0,4.66614933093269,0,25.6733683347702,0,0,0,6.69538055266006,31.6267604827881,24.541405359904,0,4.77455395857493,0,5.94011103189909,0,30.9731979370117,0,6.73603949796045,0,5.50187385082245,0,24.624792098999,0,0,0,0,46.6069564819336,0,0,0,0,0,20.1018630981445,0,21.8641495091575,0,0,0,0,43.6411193154075,6.69924664306554,0,27.047807186842,9.47474575864858,0,10.9628724064146,0,24.489182472229
0,0,0,0,0,0,0,0,0,0,0,0,0,0,0,0,0,3.31523257143357,0,0,0,5.12271045937985,0,3.75017436934106,0,0,0,0,0,0,0,0,0,0,0,0,0,4.5179988790731,0,0,0,0,0,0,0,0,0,0,0,6.36107116921187,0,0,0,0,0,0,0,0,0,0,0,0,0,0,0,0,3.18615013360977,0,0,0,4.67517627202548,0,0,0,0,0,0,0,0,0,3.17371838047819,0,4.1349303082722,0,0,0,0
0,0,0,0,0,0,0,0,0,0,0,0,0,0,0,0,26.3556377092997,0,58.388240814209,0,0,0,4.17806132768079,0,0,0,0,0,2.96013212203979,0,0,0,0,0,0,0,0,0,5.43787146874987,0,0,0,39.2901258468628,0,0,0,0,17.0670490264893,23.1118116378784,0,0,0,0,0,0,0,23.9954752811166,0,0,0,56.8643760681152,0,0,46.6069564819336,0,0,0,3.08229231834412,0,3.43286908252819,0,4.48272681068169,0,18.6574763552102,0,0,0,0,0,0,0,5.67141173041274,7.8899915078107,0,36.0189453271719,0,43.0221252441406
0,0,0,0,0,0,0,0,0,0,0,0,0,0,0,0,11.862460454305,15.5933941364288,0,0,0,2.89143588326194,0,4.15039480691669,0,3.53442490542376,0,0,0,0,0,0,0,0,0,0,0,8.36190364360809,0,0,0,15.9491599321365,0,0,0,0,0,0,0,10.366067215016,0,0,0,0,0,0,0,0,0,17.2856559753418,0,17.5310802459717,0,0,3.18615013360977,0,0,0,4.42197459477645,0,3.78345084190369,0,0,0,0,0,0,0,0,0,6.00499296188354,0,7.13609773441426,0,9.98217104401505,0,0
0,0,0,0,0,0,0,0,0,0,0,0,0,0,0,0,0,0,0,0,0,0,5.93828821182251,0,4.27155464887619,0,5.69577836990356,0,0,0,0,0,0,0,0,0,0,0,17.8383190896776,0,0,0,18.1934565353394,0,0,0,0,19.8917440573374,5.2660538735597,0,0,0,0,0,0,0,0,0,0,0,0,0,0,0,0,3.08229231834412,0,0,0,4.09821948475308,0,8.72583749559191,0,0,0,0,0,0,0,0,0,0,21.9162990025112,0,17.2127585555568,0,0
0,0,0,0,0,0,0,0,0,0,0,0,0,0,0,0,66.6888809204102,8.19298425490546,27.228589630127,0,0,0,0,4.57661294937134,0,4.50651135248474,0,2.7975287437439,0,0,0,0,0,0,0,0,0,0,0,0,0,0,0,0,0,0,0,0,0,5.35627871894185,0,0,0,0,0,0,0,17.4479258060455,0,7.24040180063471,0,7.07605958907835,0,0,0,0,4.42197459477645,0,0,0,4.1097192729928,0,62.7952690124512,0,0,0,0,0,0,0,20.5021667480469,0,5.53363213539123,0,2.72177791595459,0,0
0,0,0,0,0,0,0,0,0,0,0,0,0,0,0,0,7.69948067570364,48.5885829925537,26.3481699625651,0,0,0,2.98061878340585,0,2.78533926010132,0,3.61721420288086,0,0,0,0,0,0,0,0,0,0,0,0,0,0,0,20.0635108947754,0,0,0,48.2413749694824,0,5.31682919678481,0,0,0,0,0,25.11110496521,0,18.0230151494344,0,12.6478510094385,0,3.2334547996521,0,0,0,0,3.43286908252819,0,4.09821948475308,0,0,0,6.27781083240165,0,0,0,0,0,0,0,0,0,23.0459623336792,9.73810966198261,0,10.9950011571248,0,0
0,0,0,0,0,0,0,0,0,0,0,20.7105856808749,0,3.02676342593299,0,0,0,0,0,0,0,6.59018381436666,0,0,0,0,0,3.90760932657454,0,0,0,0,0,0,0,0,0,14.5771161817735,0,0,0,0,0,0,0,0,0,0,0,7.8915910921024,0,0,0,0,0,0,0,12.7891525181081,0,6.63453166641257,0,4.35943764448166,21.9228009700775,0,4.67517627202548,0,3.78345084190369,0,4.1097192729928,0,0,0,7.33973177071331,0,0,0,0,0,0,0,6.03955561464483,0,0,0,14.9524843370592,0,0
0,0,46.3666915893555,0,0,0,0,0,0,0,0,0,0,0,0,0,0,0,0,0,0,0,4.32451057076454,0,0,0,2.94895849508398,0,3.43532436895722,0,2.75185608863831,0,0,37.22576268514,22.5540500640869,0,0,0,21.9968670209249,0,0,0,27.1025686437433,0,0,0,0,29.6003357478551,12.00203797014,0,0,0,0,0,0,0,10.857867624981,0,8.43761637915094,0,7.98034615516663,0,0,20.1018630981445,0,4.48272681068169,0,8.72583749559191,0,6.27781083240165,0,0,0,7.64024306177602,0,0,0,19.9387016296387,0,0,0,12.5492634115548,27.3947173770593,29.861852645874,14.651280628228,0,31.8762950897217
0,0,0,32.7200883229574,0,0,0,0,0,0,0,7.79384531937612,0,0,0,0,62.300594329834,49.5877919197083,35.9174322814941,6.59595616658529,0,0,0,0,0,0,0,3.85873215338763,0,4.10465576792548,0,0,0,0,0,0,0,17.0784566983944,0,0,0,16.0880507041108,0,27.1724864959717,0,22.5755999606589,54.868034362793,0,0,14.5729903044524,0,0,0,0,0,0,0,6.43086262807097,0,10.6824447024952,0,16.1243510444959,18.9520452749283,0,0,0,0,0,62.7952690124512,0,7.33973177071331,0,0,0,0,0,19.8081871032715,0,0,0,9.03513767277821,0,39.934847247216,48.9963645935059,11.8679809542263,14.4428114209856,0
29.9888378490101,0,32.2086524963379,0,0,0,0,0,0,0,5.135944246708,0,0,0,0,0,46.1192106246948,87.619873046875,40.691678518998,0,6.17268713882991,0,0,0,0,0,0,0,4.11751765363357,0,4.44398551376966,0,0,39.2264680862427,22.0703401565552,0,0,0,9.49864789924106,0,0,0,23.2987160001482,0,22.3946828842163,66.4767150878906,21.9301718252676,29.6839504241943,16.4553354240599,0,0,0,0,0,35.9188690185547,0,7.77658372967713,0,16.4404818064546,0,30.4314122200012,0,0,21.8641495091575,0,18.6574763552102,0,0,0,0,0,7.64024306177602,0,0,0,0,0,0,0,0,0,11.217009198884,34.1013195665577,32.8296279907227,13.5684216901731,0,16.0670415126916
0,0,0,0,0,0,0,0,0,0,0,0,0,0,0,0,0,0,0,0,0,0,0,0,0,0,0,0,0,0,0,5.20254230650405,4.04088463102068,5.33243405928306,0,10.644906758283,4.55083990097046,0,0,0,0,30.6067600250244,0,0,0,24.8056999206543,0,6.93716713793105,15.3006016991355,8.04711517360475,0,0,0,0,0,0,0,0,0,0,0,0,16.9198329925537,0,0,0,0,0,0,0,0,0,0,0,0,17.0253989836749,5.02787205151149,0,7.07401580937946,23.6391323785229,0,0,4.78384289616033,0,10.5494954067728,0,0
0,0,0,0,0,0,0,0,0,0,0,0,0,0,0,0,0,0,0,0,0,0,0,0,0,0,0,0,0,0,0,4.56394347206491,4.32553568980511,4.11925029754639,7.81005776405334,0,10.2389015017831,0,0,0,3.72789812088013,0,0,0,0,0,0,6.08284771216692,4.58323624468686,11.3439608944787,0,0,0,0,0,0,0,0,0,0,0,0,0,0,0,0,0,0,0,0,0,0,0,0,17.0253989836749,0,0,7.58791642066498,26.5448540174044,7.14920068436442,0,0,3.80310838969786,0,0,0,0
0,0,0,0,0,0,0,0,0,0,0,0,0,0,0,0,0,0,0,0,0,0,0,0,0,0,0,0,0,0,0,5.97714384899864,0,4.85811133903247,4.63518465820112,4.46625194726167,0,9.50641789890471,0,0,0,5.64334103039333,18.8177406311035,0,0,0,0,7.26169810487281,15.9946883808483,7.79693339421199,0,0,0,0,0,0,0,30.0231609344482,0,29.5931873321533,0,0,0,0,0,0,0,0,0,0,0,0,19.8081871032715,0,5.02787205151149,0,0,7.09383808333298,3.38410431405772,0,9.3629203149501,0,7.85107325332265,0,14.2745316596258,0,0
0,0,0,0,0,0,0,0,0,0,0,0,0,0,0,0,0,0,0,0,0,0,0,0,0,0,0,0,0,0,0,3.89622837305069,5.51270491736276,3.99960196736764,6.65963076009628,0,6.66358697063783,0,8.05042482746972,0,0,0,0,0,0,0,0,5.55514588560559,4.93942713737488,0,0,0,0,0,0,0,0,0,0,0,0,0,0,0,0,0,0,0,0,0,0,19.9387016296387,0,0,0,7.58791642066498,7.09383808333298,0,18.9472846984863,9.14039963703611,0,5.39053892666899,4.73705560189706,0,0,0,0
0,0,0,0,0,6.21058875864202,0,0,0,0,0,0,0,0,0,0,0,61.6435565948486,0,7.89431754689245,0,0,0,0,0,0,0,0,0,0,0,7.71454999163037,31.6737365722656,5.53601283497281,15.6040496826172,5.75934654344725,19.6363205898042,6.95112205716025,0,6.75248578900383,19.1405963897705,11.2319275856018,0,0,0,6.49934574158606,28.63450050354,10.7675432512447,18.8876444666009,8.71558974968581,0,0,0,0,0,0,0,0,0,0,0,0,8.07000414399137,43.6411193154075,0,0,0,0,0,0,0,0,0,0,7.07401580937946,26.5448540174044,3.38410431405772,18.9472846984863,0,27.9718192427776,6.62809015910634,0,6.8218519085332,7.17833862134388,7.25762284984706,0,0
0,0,0,0,0,0,3.56662679672241,0,0,0,10.9036735057831,0,0,0,0,0,0,0,0,0,9.87972142513405,0,0,0,0,0,0,0,0,0,0,16.5583366392073,7.93403439953823,0,8.12260788551399,22.5597371428725,5.68908142750898,0,7.42718458982149,0,7.99874703426681,0,14.1149852029208,0,0,31.5131848653158,8.87939378646168,10.9937764311688,7.46718500176794,16.3256275452763,0,0,0,0,0,0,10.7361189524333,0,0,0,0,0,0,6.69924664306554,0,0,0,0,0,0,0,0,0,0,23.6391323785229,7.14920068436442,0,9.14039963703611,27.9718192427776,0,0,6.40595770945048,6.23820774059023,10.890659699293,9.94984269432597,0,0
0,28.220666885376,0,35.0764547983805,0,0,0,0,0,0,0,13.5706018952762,0,0,0,0,74.911122639974,52.672957499822,39.2145591690427,13.4974302564348,0,5.40988235511577,0,3.2958108054267,0,0,0,4.85059185028076,0,3.91259990798102,0,0,0,3.83511669265813,0,10.1166032398448,0,5.65452808523049,3.03743877410889,0,0,20.2459104271133,15.9579401016235,32.5348735385471,0,23.1904926192894,0,7.16623016811152,0,9.55448369909735,0,0,0,0,0,0,0,17.8224183243312,0,25.8943908309937,0,27.3992212706921,23.7001255052695,0,3.17371838047819,0,6.00499296188354,0,20.5021667480469,0,6.03955561464483,0,9.03513767277821,0,0,0,9.3629203149501,0,6.62809015910634,0,0,3.16040897369385,12.8564835502551,50.7955417633057,16.8570290169611,20.1512551307678,0
33.52099609375,0,42.5769514196059,0,0,0,0,0,0,0,6.20634940775429,0,0,0,0,0,55.8171491622925,0,50.9138450622559,0,0,3.48565518856049,5.30108104607998,0,8.06878407796224,0,0,0,2.93326527619165,0,4.63936950479235,0,0,30.5168802261353,5.39650998796736,0,6.20423389782612,7.19113400247362,5.79207293515328,0,0,0,22.4901522085071,0,0,0,23.8067932128906,10.6104982456936,13.7103448327203,0,0,0,0,0,38.6524658203125,0,23.1772403072893,0,26.9284818988957,0,0,0,0,27.047807186842,0,5.67141173041274,0,0,0,23.0459623336792,0,12.5492634115548,0,11.217009198884,0,0,0,5.39053892666899,0,6.40595770945048,3.16040897369385,0,12.5749400480717,11.3254444334242,19.9990579292123,0,30.1958397456578
5.88483927726746,0,6.64503424282534,8.15444253757596,3.50287647099839,3.50547525567828,3.16881227493286,0,9.42989070014616,5.7190957700505,5.48581360232445,5.31244560401199,3.92346869065211,3.0573542561642,11.8019478446559,0,11.4811657982095,8.99544220955799,16.9607670714882,11.3120808260781,6.2905572940953,4.07595562769307,10.7430140972137,6.39870845088522,19.0638125492976,4.3536319732666,4.7678256545748,0,3.17302172524588,2.94846868515015,5.80036564306779,3.8262397529435,4.60326691107316,6.28392276589729,4.79269024481376,4.61190893534893,4.24602700827566,5.81331744677422,6.45248326377816,0,7.68347535309968,12.0986453297394,7.17846077065255,20.2309384845918,18.6403481717595,18.2020915638317,21.2985457868287,5.90759643201258,7.56766965238935,9.8234923464704,5.36920353423717,2.95829338497586,3.40215334747777,3.59945440292358,13.7144795788659,8.07978463172913,10.2831592408917,11.8300641440274,9.94524296847257,35.426197052002,16.8064236342907,8.90072623166171,14.7979804515839,9.47474575864858,4.1349303082722,7.8899915078107,7.13609773441426,21.9162990025112,5.53363213539123,9.73810966198261,0,27.3947173770593,39.934847247216,34.1013195665577,4.78384289616033,3.80310838969786,7.85107325332265,4.73705560189706,6.8218519085332,6.23820774059023,12.8564835502551,12.5749400480717,0,5.00628707651136,13.4772021388767,25.9896094004313,28.0717492872669
