0,0,0.00735329754684363,0,0,0,0,0,0.0244723772768513,0,0,0,0,0,0,0,0,0,0.0011703500903577,0,0,0,0,0,0,0,0,0,0,0,0,0,0,0,0,0,6.15904109063948e-06,0,0,0,0.0018471966202268,0,0.000891278106544796,0,0,1.90990594112217e-05,0.00306977571643342,4.9577737463169e-05,0.00206398516843032,0,0,0,0,0,0.0182468279000936,0,0,0,0,0,0,0,0,0,0,0,0,0,0,0,0,0,0,7.38655209551824e-05,0,0,0,0,0,0.000168757016337262,0,0,0.000129649883173277,0,0.0099645389550797,0,0.000577155367377943
0,0,0,0.0128757073694918,0,0,0,0,0,0.0799867265532517,0,0,0,0,0,0.0134742437505264,3.66834884751434e-06,3.12412882600319e-05,0.00090948375458655,0,0,3.38349566987743e-05,0,0.00156590884994374,0,0,0,0,0,0,0,0,0,0,0,1.8138771021704e-05,0,0.000387015130450347,6.12453816500218e-06,0.000662890660480522,0,0.0105457268522501,8.17442810069742e-06,8.51694648409257e-05,0,0.00329133981726963,0,0.000631850662701918,0.000135724806144063,0.0605576311051605,0,0,0,0,0,0.0477081679000185,0,0.000551520194374523,0,0.000491830647343651,0,0.00354810105198997,0.000685114960638284,0,6.45607259097216e-05,0,0.00399203376062228,0,0.00329596028961896,0,0.00119617084960466,0,0.00349713898629923,0,0,0,0,0,0.000510880089916864,0,0.000537897747730747,0,0.00142263206903852,0,0.0424583191601376,0.000423094653820164,0
0.00735329754684363,0,0,0,0.0233027672338216,0,0,0,0.062393491347939,0,0,0,0,0,0,0,3.04465743080951e-06,0,1.61706941027693e-05,0,0,0,0,0,0,0,0,0,0,0,0,0,0,0,0,0,0.000114073161354936,0,2.25545312912694e-05,0,0.000734970044232985,1.28721280680125e-05,0.00282522810709495,0,0,0,0.000339300254631801,0.000195168673747833,0.00950948054402695,0.000173225032718556,0.00230976416377478,0,0,0,0.0362219111569461,0,0.00254847582340942,0,0.00606572662332013,0,0.0126347222264124,0,0,0.00018952343709763,0,0,0,0,0,0,0,2.89207935307528e-05,0,0.00765513887009427,0,0,0,0,0,0.000129205215836623,0,0.000228994686536794,0.000834048712014931,5.7899534950151e-06,0.00803563471366079,0,0.00104054690948672
0,0.0128757073694918,0,0,0,0,0,0,0,0.00552640924301697,0,0,0,0,0,0.0195891587014279,1.58268879500372e-05,0,4.35761942011196e-05,0.00150324405135449,0,5.04337787819812e-06,0,0,0,0,0,0,0,0,0,0,0,0,0,0.000199823222876022,0,3.6134370854732e-06,0,0.00231603855150463,0,0.00264178610544153,0,0,0,0.000593199261625679,0,1.9378641018465e-05,0,0.0228211658372062,0,0.00032431674878618,0,0,0,0.00617855239037584,0,0.00193566367842692,0,0.00203579237347497,0,0.042549628843901,0.000727879461991691,0,0,0,0,0,0,0,1.99732636899481e-05,0,0.000240935678504773,0,0,0,0,0,0.000386882250381505,0,2.61259058880389e-05,0,0.000356870001746853,0,0.00719585811594156,0,0
0,0,0.0233027672338216,0,0,0,0.0063572975576985,0,0.0165681329684767,0,0,0,0,0,0.00353683716866662,0,0,0,4.27010477628401e-05,0,0.00710025683423392,0,0,0,0,0,0,0,0,0,0,0,0,0,0,0,2.91101743044158e-05,0,0,0,0.000127065956523969,0,0.00103357753752968,0,0,0,2.24028982213588e-05,0,0.000731189581662088,6.65592313771292e-05,0.131810702861949,0,0.00303324198879929,0,0.00576782718850762,0,0.000231308124115688,0,4.91295954551183e-05,0,0.0168828538651921,0,0,0.00214982814836556,0,0,0,0,0,0,0,0,0,0.000214427408755479,0,0,0,0,0,0,0,2.76748584128884e-06,0.00065841587555585,0,0.00255319737471199,0,8.76894044162151e-05
0,0,0,0,0,0,0,0,0,0.0106135568263405,0,0,0,0,0,0.00736581446896442,0,0,0,0.000565349695019705,0,0,0,0,0,0,0,0,0,0,0,0,0,0,0,1.25260049725793e-05,0,0,0,0,0,0,0,0,0,0,0,0,0,0,0,0.0352550741951817,0,0.00107222290232516,0,0,0,0.000621381139754955,0,0.0041288972981012,0,0.0336750419996881,0,0,0,0,0,0,0,0,0,0,0,0,0,0,0,0,0,0,0,0,0.000838854120874572,0,0,0,0
0,0,0,0,0.0063572975576985,0,0,0,0,0,0.00526102033827526,0,0.00338333430540888,0,0,0,0,0,0,0,0,0,0,0,0,0,0,0,0,0,0,0,0,0,0,0,0,0,0,0,0,0,0,0,0,0,0,0,0,0,0.0251711932210212,0,0.105299606141145,0,0,0,0.000124161239541556,0,0,0,0,0,0,0,0,0,0,0,0,0,0,0,0,0,0,0,0,0,0,7.74045789782849e-05,0,0,0.00019895466222734,0,0,0,0
0,0,0,0,0,0,0,0,0,0,0,0,0,0,0,0,0,0,0,0,0,0,0,0,0,0,0,0,0,0,0,0,0,0,0,0.000154408925582182,0,0,0,0,0,0,0,0,0,0,0,0,0,0,0,0,0,0.0697111058094304,0,0,0,0.00110359089190291,0,0.000340376654049294,0,0,0,0,0,0,0,0,0,0,0,0,0,0,0,0,0,0,0,0,0,0,5.30931056779102e-05,0,0,0,0
0.0244723772768513,0,0.062393491347939,0,0.0165681329684767,0,0,0,0,0,0,0,0,0,0.00253890542136118,0,0,0,0,0,0,0,0,0,0.00358046387534569,0,0,0,0,0,0,0,0,0,0,0,0,3.281209531649e-06,0.000945724691818864,0,1.72913362277206e-05,0,0.000712427397496961,0,0,0,1.90236872283692e-05,0.000110144744596541,0.00213138248272899,4.27882988592249e-05,0.000240468451054846,0,0,0,0.0433291474655394,0,0,0,0,0,0.00620433595916008,0,0,0,0,0,0,0.00709047163269924,0,0.00108832672801363,0,0,0,0,0,0,0,0,0,0,7.67398277465948e-06,1.83008284454701e-05,0.00171966126565004,0,0.00674856860141052,0,0
0,0.0799867265532517,0,0.00552640924301697,0,0.0106135568263405,0,0,0,0,0,0,0,0,0,0.0213347766856931,6.67693350680105e-06,0.000999372610985825,0.000140968415547876,0,0,4.39737291838686e-05,0,0.0275107001405001,0,0.000287818770766668,0,0,0,0,0,0,0,0,0,0,0,0.00033354969512746,0,0.000428132173648671,0,0.00649532948611036,0,6.84187467438202e-05,0,0.000411458926671232,0,0.000193538103102885,0,0.0156992827103113,0,0,0,0,0,0.0293304704943426,0,0.000295556595319955,0,0.000104871065255862,0,0.0175020289192625,0.000320298504398541,0,0,0,0.010650190520532,0,0,0,0.000730569787987126,0,0.00173285646369366,0,0,0,0,0,2.27257827579194e-05,0,0.00091043973676285,0,0.00364915202150076,0.000211706816129458,0.00456969069497375,0,0
0,0,0,0,0,0,0.00526102033827526,0,0,0,0,0,0.00473907369240558,0,0,0,0,0,0,0,0.0511266083257085,0,0,0,0,0,0,0,0.00461637083573772,0,0.0101418445035268,0,0,0,0,0,0.00454976276910505,0,0.029273610732957,0,0,0,0,0,0,0,1.68857254434604e-05,0,0,0,0,0,0.00240868316132634,0,0,0,0.107459390859858,0,0.000285802591477622,0,0,0,0,0.0185385510940463,0,0,0,0,0,0,0,0.000363293632748574,0,0.0125843379356787,0,0,0,0,0,0,0,0.00108711876161778,0.00127426895159425,0,0,0,0
0,0,0,0,0,0,0,0,0,0,0,0,0,0.0150528924504663,0,0,0,0,0,0.00883882040183312,0,0,0,0,0,0,0,0.00332999223294752,0,0.00123315853415526,0,0,0,0,0,0.0020287930456787,0,0.00480092193774762,0,0,0,0,0,0,0,0,0,0,0,0,0,0,0,0.000183620564698057,0,0,0,0.181589269700205,0,0.00552911404552914,0,0,0.000527748569253386,0,0,0,0,0,0,0,0.0019129396831322,0,0.0122402305117382,0,0,0,0,0,0.000150983425865168,0,0.000832299498768528,0,0.00321482892187773,3.78000642422142e-05,0,0,0
0,0,0,0,0,0,0.00338333430540888,0,0,0,0.00473907369240558,0,0,0,0.000380988589893683,0,0,0,0,0,0,0,0,0,0,0,0.00281667951476968,0,0,0,0,0,0,0,0,0,0,0,0,0,0,0,0,0,0,0,0,0,0,0,0,0,0,0,0,0,0.00340494053405129,0,0.0158418516933298,0,0.000763577396677257,0,0,0,0,0,0,0,0,0,0,0.000364835769379321,0,0,0,0,0,0,0,0,0,0,0.000257498309208435,0,0,0,0
0,0,0,0,0,0,0,0,0,0,0,0.0150528924504663,0,0,0,0.0100527381938949,0,0,0,0,0,0,0,0,0,0,0,0.000598404294466002,0,3.25575170244748e-05,0,0,0,0,0,0,0,0,0,0,0,0,0,0,0,0,0,0,0,0.000563420842044637,0,0,0,0,0,0,0,0.00542212624598907,0,0.0492671002663948,0,0.00794368004743546,0,0,0,0,0,0,9.03069974313997e-05,0,0.000266421996703398,0,0,0,0,0,0,0,0,0,0,0,0.000610807924099576,0.00038810917521275,0,0,0
0,0,0,0,0.00353683716866662,0,0,0,0.00253890542136118,0,0,0,0.000380988589893683,0,0,0,0.000253326358954075,0,0,0,0,0,0,0,0,0,0.00374669083550563,0,0,0,0,0,0,0,0,0,0,0,0,0,0,0,0,0,0,0,0,0,0,0,0.00292303764539117,0,0,0,0,0,0,0,0.00233234817827925,0,0.0113929360276902,0,0,0,0,0,0,0,0,0.00175973024866494,0,0,0,0,0,0,0,0,0,0,0,0,6.00808426724631e-06,5.91583059982027e-05,0,0,0
0,0.0134742437505264,0,0.0195891587014279,0,0.00736581446896442,0,0,0,0.0213347766856931,0,0,0,0.0100527381938949,0,0,0,0.000188560957253458,4.70742393939907e-05,9.52595720616345e-05,0,0,0,0.00982372884167005,0,0.000635678107656947,0,0,0,0,0,0,0,0,0,6.10290325533778e-06,0,0,0,0.000529029880370508,0,0.000254853878128776,0,0,0,4.09374159220115e-05,0,0,0,0.000857086526061789,0,0.000976417431158109,0,0,0,0.000659202216064358,0,0,0,0.00223489146373024,0,0.0588041789202926,4.57004681554563e-05,0,0,0,0,0,0.00080193805267002,0,0,0,0,0,0,0,0,0,3.7481705523672e-05,1.61396642522079e-06,0,0,0.000849171569309572,0,0.000730054949386604,0,0
0,3.66834884751434e-06,3.04465743080951e-06,1.58268879500372e-05,0,0,0,0,0,6.67693350680105e-06,0,0,0,0,0.000253326358954075,0,0,0.105256383914545,0.0498107191560685,0,0,0.000587459195972299,0.00954780112580159,0,0.000794614140174711,0,0.0169522909190359,0,0.000368388532658835,0,0,0,0,0,0,3.97098003534178e-06,0.000135997532051372,5.36933017693806e-06,2.21720556978447e-05,4.58297427837888e-05,0.00311256225058738,0.000524809136359184,0.00144764482317097,8.55923661967708e-05,5.74193010070671e-05,0.00052479926771077,0.00142509719210974,6.08464556988808e-06,0.000170993879039429,8.50248338359408e-06,0,0,0,0,0,0,5.77087400427428e-06,0,0,0,0,0,0.000566983770832264,2.46336485195389e-05,7.17279154966973e-05,0.00206202113639936,0,4.51891075942254e-05,0,0.00334404913228874,2.46214674082701e-06,0,0.000106626592579101,0.00014032803896806,0,0,0,2.42341508233604e-05,0.000280165990971812,0.000871203430369598,0.000157527783826343,0.000341573237569163,0.0282434168434354,0.0132923484673281,0.00166428663140382,0.00012337380362493,0.000701476546855696
0,3.12412882600319e-05,0,0,0,0,0,0,0,0.000999372610985825,0,0,0,0,0,0.000188560957253458,0.105256383914545,0,0.0308036113539563,1.47728632096658e-05,0,0.00518207853026898,0.000141708755374492,0.000127378741231177,3.43521100583549e-05,0.00649993223940572,0.000165468438719245,0,0,0,0,0,0,0,0,2.04114696656305e-05,2.77053978861876e-05,2.61426649525877e-05,1.21161668285378e-06,0.000103506252688292,0.000984162392776401,0.000936653145726308,0.000379881585022852,0.000193480084824712,0,0.000457652410151809,0.000528114619986992,0,8.86844689435374e-05,9.0392291467213e-05,0,0,0,0,0,0,0,0,0,0,0,0,0.000497555096650245,2.86321580294335e-05,0.00276314053117004,3.14964529799164e-05,0,0,0.00295609560872534,1.23341089591682e-05,4.31770971654507e-06,0,4.48669184251213e-05,5.94179169801506e-06,0,0,0,0,0.000436221399034501,0.000199937813268461,0.000244378086334493,7.72403044288189e-05,0.0234676404291535,0.00148105314883685,0.00103823365693239,0.000197209148224991,0.000131208173159059
0.0011703500903577,0.00090948375458655,1.61706941027693e-05,4.35761942011196e-05,4.27010477628401e-05,0,0,0,0,0.000140968415547876,0,0,0,0,0,4.70742393939907e-05,0.0498107191560685,0.0308036113539563,0,0.000193063759887637,0,0.000146766623495134,9.43836412180374e-05,0,0,0,0.000122936966246989,0,0,0,0,0,0,2.49066225994736e-05,0,0.000252781551549069,0.000702508253626961,0.000168421423488629,7.54015587549567e-05,0.00201544671783524,0.0259819228007641,0.0176955588514067,0.010816395336973,0.00241709681027437,0.00216803269077476,0.0161086536413361,0.013958700423819,0.000172542848122616,0.00182326808528434,0.00165267880395677,0,0,0,0,0,1.32876024695718e-05,1.54133174501942e-05,0,0.000130443984245196,0,0.000105317097774445,0,0.0101690549799999,0.000543506475763701,6.77433784797082e-06,0,0,0,0,0,0.000177165986878578,0,0.00160420620228641,0.00122519732218712,0,0,4.88781905414407e-05,5.50754534351619e-05,0.00560440039770306,0.00468770545179943,0.00335953793420903,0.00202894628177225,0.0139095668090568,1.95105227989372e-06,0.0212605716000567,0.00362191522255789,0.00418538738360401
0,0,0,0.00150324405135449,0,0.000565349695019705,0,0,0,0,0,0.00883882040183312,0,0,0,9.52595720616345e-05,0,1.47728632096658e-05,0.000193063759887637,0,0,0,0,0,0,0,0,0,0,0,0,0,0,0,0,0.0130764145527134,0,0.00383756346509668,0,0,0,0.00041425426531582,0,6.22638767214722e-05,0,0.000310135779180831,0,0,0,0,0,0,0,4.39341482481089e-05,0,0,0,0.00712929069541877,0,5.35458391690766e-05,0,0.000345335559535507,0.133355249263908,0,0,0,0,0,0,0,0,0,0.006394039590165,0,0,0,0,0,0.00563793043368401,0,0.00540953235512389,0,0.00157018118512174,0,0.00336005469234105,0,0
0,0,0,0,0.00710025683423392,0,0,0,0,0,0.0511266083257085,0,0,0,0,0,0,0,0,0,0,0,0,0,0,0,0,0,0,0,0,0,0,0,0,0,0.00837858595379165,0,0.00265278319294958,0,0,0,8.64089766918711e-05,0,0,0,0.00169135628190084,0.000104156494445815,0,0,0.0089024077180774,0,0,0,0,0,0.000949116841222418,0,0,0,0,0,0,0.183513988326588,0,0,0,0,0,0,0,0,0,0.00027781906140309,0,0,0,0,0,0.00303771191226054,0,0.000292259121335081,0.000897862915714873,0,0.000228436638495816,0,0
0,3.38349566987743e-05,0,5.04337787819812e-06,0,0,0,0,0,4.39737291838686e-05,0,0,0,0,0,0,0.000587459195972299,0.00518207853026898,0.000146766623495134,0,0,0,0.00805231253160255,0.00415000240492583,0,0.00159555692391541,0,0.00301436606252718,0,0,0,0,0,0,0,0,0,0.0080305697277136,0,0,0,6.82164665879666e-05,0,0,0,3.32829032864408e-06,0,0,0,0.00262048080836265,0,0,0,0,0,0,0,0.000116534056569155,0,0,0,3.31480672706467e-05,1.58620396179224e-05,0,0.129685413389075,0,0.00184641809213128,0,0.00175135421655595,0,0.00231679883699407,0,2.91744380678561e-05,0,0,0,0,0,0,0,0.00495734704970621,0,0.00917812254318773,0.00526946112863328,7.11776562490592e-05,0,0
0,0,0,0,0,0,0,0,0,0,0,0,0,0,0,0,0.00954780112580159,0.000141708755374492,9.43836412180374e-05,0,0,0.00805231253160255,0,0,0.00340622246762052,0,0.00369668385080268,0,0.003641440482932,0,0,0,0,0,0,0,0,0,0.011596013773763,0,0,0,0,0,0,0,0,0,0.000540020008661725,0,0,0,0,0,0,0,0,0,0,0,0,0,0,0,0.000761761558625665,0.227644303272715,0,0.00570760935649397,0,0.00208896405067541,0,0.0026195106206851,0,0,0,0,0,0,5.24587063179932e-06,0,0,0.0070461681848372,0.00985023628655945,0.00135117416983119,0,0,7.82747330168877e-06
0,0.00156590884994374,0,0,0,0,0,0,0,0.0275107001405001,0,0,0,0,0,0.00982372884167005,0,0.000127378741231177,0,0,0,0.00415000240492583,0,0,0,0.0417734859913315,0,0,0,0,0,0,0,0,0,0,0,0.00521412437409375,3.65359680356206e-06,0,0,0,0,0,0,1.29486871346602e-05,0,1.71189447298302e-05,0,0.000907313880116351,0,0,0,0,0,0.00134514505380117,0,0,0,7.28406865892813e-05,0,0.000466737235790155,5.85390126744625e-05,0,0.017310692303546,0,0.0750679519374392,0,0.0603599340235712,0,0.000134197201970059,0,0,0,0,0,0,0,0,0,0.00205598725870107,0,0.00101847923564116,0,0.000335724306413604,0,0
0,0,0,0,0,0,0,0,0.00358046387534569,0,0,0,0,0,0,0,0.000794614140174711,3.43521100583549e-05,0,0,0,0,0.00340622246762052,0,0,0,0.0102101558219582,0,0,0,0,0,0,0,0,0,0,5.90856862853721e-06,0.00430502994124313,0,0,0,6.56720049117917e-05,0,0,0,0,7.19603759247456e-05,0.0237942826425886,0,0,0,0,0,0.00702959882927452,0,0,0,0,0,0,0,0,0,0,0.00346613154387725,0,0.0884800592644887,0,0.107038989942606,0,0.000570977012356826,0,0,0,0,0,0,0,0,0,0.00544252725099077,0.00053527739275071,0,0.00132767494241591,0,0
0,0,0,0,0,0,0,0,0,0.000287818770766668,0,0,0,0,0,0.000635678107656947,0,0.00649993223940572,0,0,0,0.00159555692391541,0,0.0417734859913315,0,0,0,0.015016508686395,0,0,0,0,0,0,0,0,0,0,0,0,0,0,0,0,0,0,0,0,0,0,0,0,0,0,0,0,0,0,0,0,0,0,0,0,0.00505681227418173,0,0.000720799310148373,0,0.0351545713904166,0,0.000230620892730828,0,0,0,0,0,0,0,0,0,0,0,0.000680664733496508,0,1.74769077052831e-05,0,0
0,0,0,0,0,0,0,0,0,0,0,0,0.00281667951476968,0,0.00374669083550563,0,0.0169522909190359,0.000165468438719245,0.000122936966246989,0,0,0,0.00369668385080268,0,0.0102101558219582,0,0,0,0.0141511648671948,0,0,0,0,0,0,0,0,0,0,0,0,0,0,0,0,0,0,0,0,0,0,0,0,0,0,0,0,0,0.0124270223357472,0,0,0,0,0,0,0.00398640775115622,0,0.0047765869991761,0,0.0371737255114103,0,0.0021991667461815,0,0,0,0,0,0,0,0,0,0,0.000647191006049654,0,0,0,0
0,0,0,0,0,0,0,0,0,0,0,0.00332999223294752,0,0.000598404294466002,0,0,0,0,0,0,0,0.00301436606252718,0,0,0,0.015016508686395,0,0,0,0.0189868172030486,0,0,0,0,0,0,0,0.00152844349462149,0,0,0,0,0,0,0,0,0,0,0,0,0,0,0,0,0,0,0,0.000851068841871977,0,0.00119021532488303,0,0,0,0,0.00506068364307735,0,0,0,0.00229425062434018,0,0.0514768548781736,0,0.00863520164831316,0,0,0,0,0,0,0,0.000284888353326415,0,0.00160060213432577,0.000266206606121208,0,0,0
0,0,0,0,0,0,0,0,0,0,0.00461637083573772,0,0,0,0,0,0.000368388532658835,0,0,0,0,0,0.003641440482932,0,0,0,0.0141511648671948,0,0,0,0.00603312393442137,0,0,0,0,0,0,0,0.000536759955098903,0,0,0,0,0,0,0,0,0,0,0,0,0,0,0,0,0,0.000279298794186388,0,0.0010445225265421,0,0,0,0,0,0,0.00427349943571912,0,0,0,8.94669271887076e-05,0,0.0436402195727129,0,0.0157949454246582,0,0,0,0,0,0,0,0.00237330741371054,0.000415668604625617,0.000250581662880763,0,0,0
0,0,0,0,0,0,0,0,0,0,0,0.00123315853415526,0,3.25575170244748e-05,0,0,0,0,0,0,0,0,0,0,0,0,0,0.0189868172030486,0,0,0,0,0,0,0,0,0,0.00463449335244679,0,0,0,0,0,0,0,0,0,0,0,0,0,0,0,0,0,0,0,0.0025424747098859,0,1.96501772650663e-05,0,0,0,0,0,0,0,0,0,0,0.0072467469635993,0,0.0662942450720484,0,0,0,0,0,0,0,0.00205980167093163,0,0.000472898056096717,1.17002910361319e-05,0,0,0
0,0,0,0,0,0,0,0,0,0,0.0101418445035268,0,0,0,0,0,0,0,0,0,0,0,0,0,0,0,0,0,0.00603312393442137,0,0,0,0,0,0,0,0,0,0.00466991134809193,0,0,0,0,0,0,0,0,0,0,0,0,0,0,0,0,0,0.00216919752488988,0,0,0,0,0,0,0,0,0,0,0,0,0,0,0.000493330577737405,0,0.0446692191261242,0,0,0,0,0,0,0,0.00542795334248328,0.000501685177877354,6.11916448178818e-06,0,0,0
0,0,0,0,0,0,0,0,0,0,0,0,0,0,0,0,0,0,0,0,0,0,0,0,0,0,0,0,0,0,0,0,0.0103305087174203,0.00170254838146123,0.00357216966869686,0.0022900886932877,0.000969127270179828,0,0,0.000180689090873663,0,0,0,0,0,0,0,0.0171235745508987,0,0.00120435439743492,0,0,0,0,0,0,0,0,0,0,0,0,0,0,0,0,0,0,0,0,0,0,0,0,0.10004535451911,0,0.0104577399943717,0,0.00268693098477486,0.000184350969293451,0,0,0.000505321844715224,0,0,0,0
0,0,0,0,0,0,0,0,0,0,0,0,0,0,0,0,0,0,0,0,0,0,0,0,0,0,0,0,0,0,0,0.0103305087174203,0,0,0.00669163109136906,1.14206095531699e-05,0.017045314684009,0,0,0.0146709868237465,0,0,0,0,0,0,0,0.0701150703596067,0.000895790546795231,0.0159765504771662,0,0,0,0,0,0,0,0,0,0,0,0,0,0,0,0,0,0,0,0,0,0,0,0,0,0.142090974037882,0,0.000335994160909186,0.000146591429321495,0.00473141609259603,0,0,0.00179280673457625,0,0.000249737190713634,0,0
0,0,0,0,0,0,0,0,0,0,0,0,0,0,0,0,0,0,2.49066225994736e-05,0,0,0,0,0,0,0,0,0,0,0,0,0.00170254838146123,0,0,0.0098574186203986,0.00768465261996447,0,0.00190421128033657,0,0.00162389803471395,0,0,0,0,0,0,0,0.0863539338208292,0,0.00240470031863096,0,0,0,0,0,0,0,0,0,0,0,0,0,0,0,0,0,0,0,0,0,0,0,0,0.000424061524976998,0,0.163812045488074,0.0181528275612739,0.00224478075089944,0,0.00102060293991114,0,0.000498246390333961,0,0,3.10321117420337e-05,0
0,0,0,0,0,0,0,0,0,0,0,0,0,0,0,0,0,0,0,0,0,0,0,0,0,0,0,0,0,0,0,0.00357216966869686,0.00669163109136906,0.0098574186203986,0,0,0.0129232873900517,0,0.00397665833031155,0,0,0,0,0,0,0,0,0.173560398600105,0.000662438757757233,0.000255717919360608,0,0,0,0,0,0,0,0,0,0,0,0,0,0,0,0,0,0,0,0,0,0,0,0,0,0.00768428339141169,0.0109477161377938,0.14178621711605,0,0.00146673997427273,0,0.00442555815489769,0.00168851142931359,0,7.04593380058179e-05,0,0
0,1.8138771021704e-05,0,0.000199823222876022,0,1.25260049725793e-05,0,0.000154408925582182,0,0,0,0.0020287930456787,0,0,0,6.10290325533778e-06,3.97098003534178e-06,2.04114696656305e-05,0.000252781551549069,0.0130764145527134,0,0,0,0,0,0,0,0,0,0,0,0.0022900886932877,1.14206095531699e-05,0.00768465261996447,0,0,0.00640717261718445,0.0156802575936046,0.00101609174514874,0.000149992876956952,0,0.000973718461742436,1.40831755289113e-06,3.91186121316291e-05,0,0.000684616792969867,0,0.00260468782141381,0,0.000336039767245571,0,6.70087540922612e-06,0,0.000236527018183675,0,0,0,0.00100667288239116,0,0.000130699513353608,0,0.000136282749325429,0.00797996007110422,0,0,0,0,0,0,0,0,0,7.79033536260927e-06,0,0.00287052072759337,3.13351475940032e-05,0.00988233509021851,0,0.132935184364468,0.0021079528290688,0.0183897875970833,3.00829322511706e-05,0.0160260140614261,0.00811855462520584,0.00125614129161687,0.000155125737102886,0
6.15904109063948e-06,0,0.000114073161354936,0,2.91101743044158e-05,0,0,0,0,0,0.00454976276910505,0,0,0,0,0,0.000135997532051372,2.77053978861876e-05,0.000702508253626961,0,0.00837858595379165,0,0,0,0,0,0,0,0,0,0,0.000969127270179828,0.017045314684009,0,0.0129232873900517,0.00640717261718445,0,0.000187495978128376,0.0197120651645898,7.18995182759862e-06,0.000200490248700324,5.70061781524928e-06,0.000697719513576295,0,9.27528195004494e-05,1.92968591967989e-05,0.0020305963935901,0.00283808817369943,0.000415134065858676,0.00063166006860068,0.000571995616136949,0,0,0,0,0,0.000115467327503967,0,9.79720759711543e-05,0,7.01873464753139e-06,0,1.45344218526185e-06,0.00973277007465423,0,0,0,0,0,0,0,0,0,3.49407094069619e-05,3.37484765463851e-05,0.0105908369559569,0,0.0112186889881943,0.00311659866432932,0.163041969178996,0,0.00535317039125373,0.0229051223174713,0.00476033639653517,0.00291381394800977,9.94031686125593e-06,0.000591220577898379
0,0.000387015130450347,0,3.6134370854732e-06,0,0,0,0,3.281209531649e-06,0.00033354969512746,0,0.00480092193774762,0,0,0,0,5.36933017693806e-06,2.61426649525877e-05,0.000168421423488629,0.00383756346509668,0,0.0080305697277136,0,0.00521412437409375,5.90856862853721e-06,0,0,0.00152844349462149,0,0.00463449335244679,0,0,0,0.00190421128033657,0,0.0156802575936046,0.000187495978128376,0,0.00170271712769572,2.46835843661974e-06,0,0.000575490204754512,0,8.28103333281672e-06,0,0.000263604567117691,0,0.00535732218030443,4.3397452111295e-05,0.00338290547160264,0,0,0,0,0,0.000276086761490068,0,0.00460788825300618,0,5.57139505089977e-06,0,0,0.00719099887042097,0,0.00740659132751844,0,0.00739568124384197,6.36912255589725e-06,3.81957243110463e-05,0,0.000838969198149144,0,0.0133022272424303,0,0,0,0.00573276944266971,0,0.00737420757626142,2.7354803956276e-06,0.138482150020098,0.000474097968020094,0.00461539857623261,0.00074790582116461,0.000786840716428749,5.0038132463154e-05,0
0,6.12453816500218e-06,2.25545312912694e-05,0,0,0,0,0,0.000945724691818864,0,0.029273610732957,0,0,0,0,0,2.21720556978447e-05,1.21161668285378e-06,7.54015587549567e-05,0,0.00265278319294958,0,0.011596013773763,3.65359680356206e-06,0.00430502994124313,0,0,0,0.000536759955098903,0,0.00466991134809193,0,0,0,0.00397665833031155,0.00101609174514874,0.0197120651645898,0.00170271712769572,0,0,3.74178278126496e-05,0,0.000340892368884259,0,1.78002019308233e-05,2.81073988882979e-06,0.000577732622363435,0.011134986657459,0.00482313373794324,0,0,0,0,0,0.00101388691207233,0,0.00352467542983748,0,0,0,0,0,0,0.00246360695571361,0,0.00613582958668258,0,0.00226167999073847,0,0,0,0.000310219181500112,0,0.000341482301388035,0,0,0,0.00212552636401488,8.26917353174809e-07,0.0108816766018185,7.1142522268529e-05,0.130710490538002,0.00734160384613755,4.49589854884116e-05,0.00202025792341123,0,0.000126616209830651
0,0.000662890660480522,0,0.00231603855150463,0,0,0,0,0,0.000428132173648671,0,0,0,0,0,0.000529029880370508,4.58297427837888e-05,0.000103506252688292,0.00201544671783524,0,0,0,0,0,0,0,0,0,0,0,0,0.000180689090873663,0.0146709868237465,0.00162389803471395,0,0.000149992876956952,7.18995182759862e-06,2.46835843661974e-06,0,0,2.79903193243245e-05,0.0152262326440986,0,0.000380443069544173,0,0.00219254737067319,0,0.0550014191599413,0.00377617261040363,0.0901464872625166,0,0,0,0,0,7.26038973013106e-05,0,0.000430377026459713,0,8.01045901721842e-05,0,0.00188842865538712,0.0018633488596768,0,0,0,0,0,0,0,6.42733867432853e-06,0,0.000228756744044416,0,0,0.0240088995463815,0.000273730798860966,0,0.00873950724948063,2.84008532009035e-05,0.000224126206794603,1.66715722520489e-05,0.000513967490910407,0,0.00792058906761988,0.00383504547169956,0
0.0018471966202268,0,0.000734970044232985,0,0.000127065956523969,0,0,0,1.72913362277206e-05,0,0,0,0,0,0,0,0.00311256225058738,0.000984162392776401,0.0259819228007641,0,0,0,0,0,0,0,0,0,0,0,0,0,0,0,0,0,0.000200490248700324,0,3.74178278126496e-05,2.79903193243245e-05,0,0.000634990632092053,0.120301862083536,0.00022572788965219,0.00183206518429663,0.000995280452358603,0.062981015478913,0,0.0175937811160997,1.95673987900347e-05,4.65530704826067e-05,0,0,0,9.14997273654579e-05,0,0.000268584867324617,0,0.000117651008445395,0,3.64982945285069e-05,0,0.000580750141713506,0.00766784546479579,0,0,0,0,0,0,0,0,0,0.00354112687827292,0,0,0,0,8.4064275530003e-05,0.00650025005677326,6.99884836674881e-05,0.000865338541767496,0.00165675752673344,7.92806298408034e-07,0.0388929353239318,0,0.014641071461016
0,0.0105457268522501,1.28721280680125e-05,0.00264178610544153,0,0,0,0,0,0.00649532948611036,0,0,0,0,0,0.000254853878128776,0.000524809136359184,0.000936653145726308,0.0176955588514067,0.00041425426531582,0,6.82164665879666e-05,0,0,0,0,0,0,0,0,0,0,0,0,0,0.000973718461742436,5.70061781524928e-06,0.000575490204754512,0,0.0152262326440986,0.000634990632092053,0,0.0141745261318852,0.00579611794414396,0,0.0429536360690447,0.000277066852983593,0.00351417607919652,0.000294847058485878,0.0256871554927434,0,0,0,0,0,0.000812816021215139,0,0.000866754632813242,0,0.000139708644075408,0,0.000664994874308333,0.0290971294460971,0,9.17187315756181e-06,0,0.000110118933085605,0,1.58288530200407e-05,0,0.00161002893995836,0,0.0114226476105167,8.41311485622249e-05,0,0,3.58072877102721e-05,0,0.0155197689217431,0.000104023748687366,0.0133366000327799,1.40988078699263e-05,0.00702273835149648,4.67016082931001e-06,0.0343860740003103,0.0244721168780251,7.9286875068751e-05
0.000891278106544796,8.17442810069742e-06,0.00282522810709495,0,0.00103357753752968,0,0,0,0.000712427397496961,0,0,0,0,0,0,0,0.00144764482317097,0.000379881585022852,0.010816395336973,0,8.64089766918711e-05,0,0,0,6.56720049117917e-05,0,0,0,0,0,0,0,0,0,0,1.40831755289113e-06,0.000697719513576295,0,0.000340892368884259,0,0.120301862083536,0.0141745261318852,0,1.26882630032104e-05,0.000369286895793832,0.000132256522781693,0.0133543286250641,0.000197122458356732,0.00588879749714081,7.78888667610019e-05,0.000103729241940032,0,0,0,0.000553766267441113,0,0.00613440328585561,0,0.000496280019486621,0,0.000138088066178771,0,9.94132620745361e-05,0.000947346923370894,0,0,0,1.42526695261248e-05,0,0,0,0.000692542193867581,9.87892619970656e-06,0.0430814496054561,0,0,0,0.000111914833667824,2.52932352957734e-05,0.00693108962669412,0,0.00268766588024519,0.00496490534997924,6.29397360585424e-06,0.0711986522807685,0.000222365125369578,0.044757810491873
0,8.51694648409257e-05,0,0,0,0,0,0,0,6.84187467438202e-05,0,0,0,0,0,0,8.55923661967708e-05,0.000193480084824712,0.00241709681027437,6.22638767214722e-05,0,0,0,0,0,0,0,0,0,0,0,0,0,0,0,3.91186121316291e-05,0,8.28103333281672e-06,0,0.000380443069544173,0.00022572788965219,0.00579611794414396,1.26882630032104e-05,0,0,0.00381051626874046,0,4.23006909228715e-05,0,0.000170683194928118,0,0,0,0,0,0.000101862947656818,0,0,0,0,0,0,0.00249988320392997,0,0,0,0,0,0,0,0,0,0.000105729255761507,0,0,0,0,0,0.000646827040845852,0,0.000238947841027688,0,0.000284605786847212,0,0.00302480741440983,0.00202596729970518,0
0,0,0,0,0,0,0,0,0,0,0,0,0,0,0,0,5.74193010070671e-05,0,0.00216803269077476,0,0,0,0,0,0,0,0,0,0,0,0,0,0,0,0,0,9.27528195004494e-05,0,1.78002019308233e-05,0,0.00183206518429663,0,0.000369286895793832,0,0,0,0.000775151688241384,0,0.000132362813009418,0,0,0,0,0,0,0,0,0,0,0,0,0,0,0,0,0,0,0,0,0,0,0,0,0.000129445473072351,0,0,0,0,1.40123631804769e-05,0.000293812861524444,0,0.000141650060969852,3.0227000591894e-05,0,0.00214281438330742,0,0.00122370887330311
1.90990594112217e-05,0.00329133981726963,0,0.000593199261625679,0,0,0,0,0,0.000411458926671232,0,0,0,0,0,4.09374159220115e-05,0.00052479926771077,0.000457652410151809,0.0161086536413361,0.000310135779180831,0,3.32829032864408e-06,0,1.29486871346602e-05,0,0,0,0,0,0,0,0,0,0,0,0.000684616792969867,1.92968591967989e-05,0.000263604567117691,2.81073988882979e-06,0.00219254737067319,0.000995280452358603,0.0429536360690447,0.000132256522781693,0.00381051626874046,0,0,0.000318172546893116,0,0,0.00222006265724344,0,0,0,0,0,9.50872641069459e-06,0,1.84177385993814e-05,0,0,0,0.000301032505174413,0.0207349288712199,0,2.18974834207273e-05,0,0,0,0,0,0.000285429422574022,0,0.003115055740512,0,0,0,0,0,0.00843151824814316,7.73507415215025e-05,0.00366772495928231,3.07508653607302e-06,0.000927736831844065,0,0.0166194727136788,0.00133970594770216,5.06102346592588e-05
0.00306977571643342,0,0.000339300254631801,0,2.24028982213588e-05,0,0,0,1.90236872283692e-05,0,1.68857254434604e-05,0,0,0,0,0,0.00142509719210974,0.000528114619986992,0.013958700423819,0,0.00169135628190084,0,0,0,0,0,0,0,0,0,0,0,0,0,0,0,0.0020305963935901,0,0.000577732622363435,0,0.062981015478913,0.000277066852983593,0.0133543286250641,0,0.000775151688241384,0.000318172546893116,0,0.000104011749519347,0.00249794578982756,1.04646634824874e-05,0,0,0,0,2.13947800152157e-05,0,0.00233129511289876,0,5.29357249972014e-05,0,0,0,3.78739780788927e-05,0.102570295671655,0,0,0,0,0,0,0,1.4913506435858e-05,0,0.0136168248137406,0,0,0,3.78197690556082e-05,6.44697729521855e-05,0.0185218194076041,1.75382504675916e-05,0.00901616893270703,0.00112446667078529,8.16074677926807e-07,0.0211613544089061,1.38386951663318e-05,0.00250540141218966
4.9577737463169e-05,0.000631850662701918,0.000195168673747833,1.9378641018465e-05,0,0,0,0,0.000110144744596541,0.000193538103102885,0,0,0,0,0,0,6.08464556988808e-06,0,0.000172542848122616,0,0.000104156494445815,0,0,1.71189447298302e-05,7.19603759247456e-05,0,0,0,0,0,0,0.0171235745508987,0.0701150703596067,0.0863539338208292,0.173560398600105,0.00260468782141381,0.00283808817369943,0.00535732218030443,0.011134986657459,0.0550014191599413,0,0.00351417607919652,0.000197122458356732,4.23006909228715e-05,0,0,0.000104011749519347,0,0.0667413953119709,0.177836100476267,0,0,0,0,0,2.69257346705426e-05,0,0,1.17187742682374e-05,0,0.000132033272481735,3.47054632065852e-05,0,0,0,0,0,0.000355101683676677,0,0,0,0,0,0,0.00480075562306912,0.168935911251625,0.0976641849279923,0.0342375497248929,0.0124542681380398,0.00363567949258282,0.0309376486310186,0.0186226450629029,0.00624242396196491,0,0.0200824151547243,0,0.000123033788575848
0.00206398516843032,0.000135724806144063,0.00950948054402695,0,0.000731189581662088,0,0,0,0.00213138248272899,0,0,0,0,0,0,0,0.000170993879039429,8.86844689435374e-05,0.00182326808528434,0,0,0,0.000540020008661725,0,0.0237942826425886,0,0,0,0,0,0,0,0.000895790546795231,0,0.000662438757757233,0,0.000415134065858676,4.3397452111295e-05,0.00482313373794324,0.00377617261040363,0.0175937811160997,0.000294847058485878,0.00588879749714081,0,0.000132362813009418,0,0.00249794578982756,0.0667413953119709,0,0.00170146811893446,0,0,0,0,0.00174885766132463,0,0.00404707144998166,0,0.00134680483000185,0,0.00117179247680838,0,0,1.04783965770633e-05,0,0.00187241126102616,0,0.0151905832180492,1.45956840260702e-05,3.66624379382486e-05,0,0.000988472635213228,0,0.0022292584386658,0,0.000719019914419122,0,0.00691413438449136,4.20283074148575e-05,0.00212872415685201,3.11471965544965e-05,0.0211321967961062,0.0008410116841076,0,0.0224046778115034,0,0.00373781752577734
0,0.0605576311051605,0.000173225032718556,0.0228211658372062,6.65592313771292e-05,0,0,0,4.27882988592249e-05,0.0156992827103113,0,0,0,0.000563420842044637,0,0.000857086526061789,8.50248338359408e-06,9.0392291467213e-05,0.00165267880395677,0,0,0.00262048080836265,0,0.000907313880116351,0,0,0,0,0,0,0,0.00120435439743492,0.0159765504771662,0.00240470031863096,0.000255717919360608,0.000336039767245571,0.00063166006860068,0.00338290547160264,0,0.0901464872625166,1.95673987900347e-05,0.0256871554927434,7.78888667610019e-05,0.000170683194928118,0,0.00222006265724344,1.04646634824874e-05,0.177836100476267,0.00170146811893446,0,0,0,0,0,0,0.0034911593454747,0,0.0120105257662685,1.1747103765701e-05,0.025724008575919,0.000155238271402939,0.0112842031039006,0.00408236399107544,0,0.00495295697783168,0,0.00103655076169299,0,0.0111621187598651,0,0.0252337711231056,0,0.0087853238711822,0,0.000561268149817091,0.0257401804771477,0.0033833031018295,0,0.00676977990935887,0.000434581813755797,0.0168326088785351,3.48219109682951e-06,0.00388118230917905,0,0.04084312408078,0.001450807897993,0
0,0,0.00230976416377478,0,0.131810702861949,0,0.0251711932210212,0,0.000240468451054846,0,0,0,0,0,0.00292303764539117,0,0,0,0,0,0.0089024077180774,0,0,0,0,0,0,0,0,0,0,0,0,0,0,0,0.000571995616136949,0,0,0,4.65530704826067e-05,0,0.000103729241940032,0,0,0,0,0,0,0,0,0,0.0178945577974241,0,0.0027018828117608,0,0.0122467104579166,0,0.000646354351266514,0,0.0323101523881072,0,0,0.00717316515535886,0,0,0,0,0,0,0,0,0,0,0,0,0,0,0,0.00111408650660941,0,0,0.000850918481132321,0,0.00929236221563272,0,0
0,0,0,0.00032431674878618,0,0.0352550741951817,0,0,0,0,0,0,0,0,0,0.000976417431158109,0,0,0,0,0,0,0,0,0,0,0,0,0,0,0,0,0,0,0,6.70087540922612e-06,0,0,0,0,0,0,0,0,0,0,0,0,0,0,0,0,0,0.017461311074469,0,0,0,0,0,0.00529460306311503,0,0.0224451993068112,0,0,0,0,0,0,0,0,0,0,0,0,0,0,0,0,0,0,0,0,0.000334406807733891,0,0,0,0
0,0,0,0,0.00303324198879929,0,0.105299606141145,0,0,0,0.00240868316132634,0,0,0,0,0,0,0,0,0,0,0,0,0,0,0,0,0,0,0,0,0,0,0,0,0,0,0,0,0,0,0,0,0,0,0,0,0,0,0,0.0178945577974241,0,0,0,0,0,0.0473080968577495,0,0.00484550523660585,0,0,0,0,0,0,0,0,0,0,0,0,0,0,0,0,0,0,0,0,0,0,0,0.000211114583415691,0,0,0,0
0,0,0,0,0,0.00107222290232516,0,0.0697111058094304,0,0,0,0.000183620564698057,0,0,0,0,0,0,0,4.39341482481089e-05,0,0,0,0,0,0,0,0,0,0,0,0,0,0,0,0.000236527018183675,0,0,0,0,0,0,0,0,0,0,0,0,0,0,0,0.017461311074469,0,0,0,0,0,0,0,0,0,0,0,0,0,0,0,0,0,0,0,0,0,0,0,0,0,0,0,0,0,0,9.29875329000961e-05,0,0,0,0
0.0182468279000936,0,0.0362219111569461,0,0.00576782718850762,0,0,0,0.0433291474655394,0,0,0,0,0,0,0,0,0,0,0,0,0,0,0,0.00702959882927452,0,0,0,0,0,0,0,0,0,0,0,0,0,0.00101388691207233,0,9.14997273654579e-05,0,0.000553766267441113,0,0,0,2.13947800152157e-05,0,0.00174885766132463,0,0.0027018828117608,0,0,0,0,0,0,0,0,0,0.0160488182212107,0,0,0,0,0,0,0.00750336537142537,0,0,0,0,0,0.000339678309038916,0,0,0,0,0,0,0,5.04602332071353e-05,0.000234408422893499,0,0.00338560928433243,0,0
0,0.0477081679000185,0,0.00617855239037584,0,0,0,0,0,0.0293304704943426,0,0,0,0,0,0.000659202216064358,0,0,1.32876024695718e-05,0,0,0,0,0.00134514505380117,0,0,0,0,0,0,0,0,0,0,0,0,0,0.000276086761490068,0,7.26038973013106e-05,0,0.000812816021215139,0,0.000101862947656818,0,9.50872641069459e-06,0,2.69257346705426e-05,0,0.0034911593454747,0,0,0,0,0,0,0,0.000105367335315198,0,7.59035679975539e-05,0,0.000447951208782105,6.33867360107761e-05,0,0,0,0.027089196915373,0,0,0,0,0,0,0,0,0,0,0,0,0,0.000144573151656498,0,7.66623785838161e-05,0,0.000917164804062273,0,0
0,0,0.00254847582340942,0,0.000231308124115688,0,0.000124161239541556,0,0,0,0.107459390859858,0,0.00340494053405129,0,0,0,5.77087400427428e-06,0,1.54133174501942e-05,0,0.000949116841222418,0,0,0,0,0,0,0,0.000279298794186388,0,0.00216919752488988,0,0,0,0,0,0.000115467327503967,0,0.00352467542983748,0,0.000268584867324617,0,0.00613440328585561,0,0,0,0.00233129511289876,0,0.00404707144998166,0,0.0122467104579166,0,0.0473080968577495,0,0,0,0,0,0.0172702056535127,0,0.00218824429843164,0,0,0.0211721399412564,0,0,0,0,0,0,0,0.0130937695047897,0,0.0560841554710538,0,0,0,0,5.93952518943572e-06,0.000920916182090855,0,0.00052666130337431,0.000222532438634356,0,0.0445501385299414,0,0.000354990284469911
0,0.000551520194374523,0,0.00193566367842692,0,0.000621381139754955,0,0.00110359089190291,0,0.000295556595319955,0,0.181589269700205,0,0.00542212624598907,0,0,0,0,0,0.00712929069541877,0,0.000116534056569155,0,0,0,0,0,0.000851068841871977,0,0.0025424747098859,0,0,0,0,0,0.00100667288239116,0,0.00460788825300618,0,0.000430377026459713,0,0.000866754632813242,0,0,0,1.84177385993814e-05,0,0,0,0.0120105257662685,0,0,0,0,0,0.000105367335315198,0,0,0,0.0150646821684536,0,0.0018748250567472,0.0142334732070658,0,0.00022945092775213,0,0,0,0.00169599712826472,0,0.0163389415463756,0,0.0369013405938766,0,0,0,0,0,0.000580438517599396,0,0.002318473654861,0,0.00114569912651857,0,0.00922747771016784,0,0
0,0,0.00606572662332013,0,4.91295954551183e-05,0,0,0,0,0,0.000285802591477622,0,0.0158418516933298,0,0.00233234817827925,0,0,0,0.000130443984245196,0,0,0,0,0,0,0,0.0124270223357472,0,0.0010445225265421,0,0,0,0,0,0,0,9.79720759711543e-05,0,0,0,0.000117651008445395,0,0.000496280019486621,0,0,0,5.29357249972014e-05,1.17187742682374e-05,0.00134680483000185,1.1747103765701e-05,0.000646354351266514,0,0.00484550523660585,0,0,0,0.0172702056535127,0,0,0,0.00684224865197059,0,0,0.00011094726564673,0,0,0,0,0,0.00033205255351396,0,0.00461974402166947,0,0.000511885369519616,0,0,0,0,2.14424961844741e-05,0.000250077979105664,0,1.80012778807249e-06,0.000167983586249233,0,0.00660137907043116,0,4.48166158823282e-05
0,0.000491830647343651,0,0.00203579237347497,0,0.0041288972981012,0,0.000340376654049294,0,0.000104871065255862,0,0.00552911404552914,0,0.0492671002663948,0,0.00223489146373024,0,0,0,5.35458391690766e-05,0,0,0,7.28406865892813e-05,0,0,0,0.00119021532488303,0,1.96501772650663e-05,0,0,0,0,0,0.000130699513353608,0,5.57139505089977e-06,0,8.01045901721842e-05,0,0.000139708644075408,0,0,0,0,0,0,0,0.025724008575919,0,0.00529460306311503,0,0,0,7.59035679975539e-05,0,0.0150646821684536,0,0,0,0.00881674610913784,0.000157893896453357,0,0.000247562697801297,0,3.17545171607907e-05,0,0.00816786793495796,0,0.00718705808792078,0,0.000293577834843491,0,0,0,0,0,6.16878780410707e-05,0,0,0,0.000404670290241959,0,0.000818337043215073,0,0
0,0,0.0126347222264124,0,0.0168828538651921,0,0,0,0.00620433595916008,0,0,0,0.000763577396677257,0,0.0113929360276902,0,0,0,0.000105317097774445,0,0,0,0,0,0,0,0,0,0,0,0,0,0,0,0,0,7.01873464753139e-06,0,0,0,3.64982945285069e-05,0,0.000138088066178771,0,0,0,0,0.000132033272481735,0.00117179247680838,0.000155238271402939,0.0323101523881072,0,0,0,0.0160488182212107,0,0.00218824429843164,0,0.00684224865197059,0,0,0,0,0,0,0,0,0,0,0.00103961042522426,0,0.000108802371226422,0,2.3885433181359e-05,0,0,0,0,0,1.12996145799596e-05,0,8.23173632906416e-06,0.000204400264466703,3.74653506434713e-05,0.000595085546540154,0,4.68002642714169e-05
0,0.00354810105198997,0,0.042549628843901,0,0.0336750419996881,0,0,0,0.0175020289192625,0,0,0,0.00794368004743546,0,0.0588041789202926,0,0,0,0.000345335559535507,0,3.31480672706467e-05,0,0.000466737235790155,0,0,0,0,0,0,0,0,0,0,0,0.000136282749325429,0,0,0,0.00188842865538712,0,0.000664994874308333,0,0,0,0.000301032505174413,0,3.47054632065852e-05,0,0.0112842031039006,0,0.0224451993068112,0,0,0,0.000447951208782105,0,0.0018748250567472,0,0.00881674610913784,0,0,0.000620017747450111,0,0.000198036971703153,0,0.000133244290091712,0,0.0180856357194518,0,0.000901620586327726,0,4.0968648108413e-05,0,0,0,0,0,0.000241008397588451,0,9.89654373864343e-06,0,0.000250020632811754,0,0.00391342465653836,0,0
0,0.000685114960638284,0,0.000727879461991691,0,0,0,0,0,0.000320298504398541,0,0.000527748569253386,0,0,0,4.57004681554563e-05,0.000566983770832264,0.000497555096650245,0.0101690549799999,0.133355249263908,0,1.58620396179224e-05,0,5.85390126744625e-05,0,0,0,0,0,0,0,0,0,0,0,0.00797996007110422,1.45344218526185e-06,0.00719099887042097,0,0.0018633488596768,0.000580750141713506,0.0290971294460971,9.94132620745361e-05,0.00249988320392997,0,0.0207349288712199,3.78739780788927e-05,0,0,0.00408236399107544,0,0,0,0,0,6.33867360107761e-05,0,0.0142334732070658,0,0.000157893896453357,0,0.000620017747450111,0,0,2.38798343079293e-05,0,0,0,0,0,0.00134504620515177,0,0.0249580561618088,0,0,0,0,0,0.0122573903615912,4.15109428542981e-05,0.0171066472726856,3.75035049811274e-05,0.00183371721430111,0,0.0225985002776334,0.00125227667952636,0
0,0,0.00018952343709763,0,0.00214982814836556,0,0,0,0,0,0.0185385510940463,0,0,0,0,0,2.46336485195389e-05,2.86321580294335e-05,0.000543506475763701,0,0.183513988326588,0,0,0,0,0,0,0,0,0,0,0,0,0,0,0,0.00973277007465423,0,0.00246360695571361,0,0.00766784546479579,0,0.000947346923370894,0,0,0,0.102570295671655,0,1.04783965770633e-05,0,0.00717316515535886,0,0,0,0,0,0.0211721399412564,0,0.00011094726564673,0,0,0,0,0,0,0,0,0,0,0,0,7.15794032214164e-05,0,0.0193383431553307,0,0,0,0,0,0.0136462991551924,0,0.00591943783973777,0.000884172153993459,0,0.0159498099222139,0,0.000508914293548099
