0,0,4.73199741045634,0,0,0,0,0,4.04691631529066,0,23.0546297916146,0,0,0,0,0,26.9679907560349,0,11.9276550072496,0,23.8585810550424,0,0,0,0,0,0,0,0,0,0,0,0,0,0,0,0,49.3706067403158,0,0,30.2547480265299,0,19.7424425942557,0,30.0749206542969,0,30.2513332366943,35.9702266057332,3.35609813729922,51.4817390441895,29.672550201416,0,0,0,3.37178072080774,0,21.7491915409382,0,0,0,4.31053470524117,0,0,25.1765140692393,0,0,0,0,0,4.87619878564562,0,0,0,0,0,0,0,0,0,34.2111077934805,0,28.0791947046916,11.4313518443665,0,22.5959228680414,0,32.2069898181491
0,0,0,4.63413326880511,0,0,0,0,0,4.18132869005203,0,0,0,0,0,6.05842268466949,0,0,6.07406955498915,0,0,0,0,0,0,0,0,0,0,0,0,0,0,0,0,35.6241556803385,0,0,0,0,0,24.8238723075996,46.9317906697591,8.41845798492432,0,0,0,43.2572402954102,0,9.22684630195664,0,0,0,0,0,3.54673678015694,0,27.5703366597493,0,0,0,4.13904828894628,0,0,0,0,0,0,0,0,0,0,28.0622335161482,0,0,0,0,0,50.0915794372559,0,35.030740737915,0,29.5102035522461,0,17.2000223398209,28.092246055603,0
4.73199741045634,0,0,0,14.4955232620239,0,0,0,5.14437592029572,0,24.8600769042969,0,0,0,0,0,0,0,12.71191103799,0,26.3303407033284,0,0,0,0,0,0,0,0,0,0,0,0,0,0,0,33.2913360595703,59.7347297668457,0,43.3937377929688,40.5530424118042,0,25.5368383271354,0,0,0,49.7549591064453,44.7408986091614,36.347176194191,37.8254108428955,10.4118021084712,0,0,0,6.5389289855957,0,22.9330169085799,0,6.2257797647925,0,7.10815906524658,0,0,29.6742997169495,0,0,0,0,0,0,0,0,0,0,0,0,0,0,0,37.563600730896,0,30.3895378112793,11.9123292047371,27.0438032150269,17.174557423503,0,18.0025279786852
0,4.63413326880511,0,0,0,4.23470067977905,0,0,0,6.88658816997822,0,0,0,0,0,0,0,0,39.8584361076355,0,0,0,0,0,0,0,0,0,0,0,0,0,0,56.8855028152466,0,32.7355414345151,46.4911518096924,0,0,44.6680355072021,0,30.2673975197045,43.6372089385986,36.204231262207,0,46.5574929373605,0,38.5270976442279,40.1630353927612,17.8029660621135,0,0,0,0,0,5.05961789351243,0,16.2838311259811,0,3.80234687611208,0,5.64167433230238,42.9203804334005,0,0,0,0,0,0,0,0,0,29.2802707884047,0,0,0,58.7413101196289,0,48.8323229196909,43.8551845550537,41.1839336048473,0,28.3428434265984,0,21.8340685856249,33.728401184082,0
0,0,14.4955232620239,0,0,0,3.24395994237951,0,3.48480027914047,0,0,0,0,0,3.38202291727066,0,0,0,0,0,8.50787700692268,0,0,0,0,0,0,0,0,0,0,0,0,0,0,0,15.3679776539405,0,0,0,45.0914211273193,0,45.0837860107422,0,0,0,46.9583892822266,44.4704093933105,45.3068368911743,47.5150451660156,4.42904912443324,0,2.88593992590904,0,0,0,0,0,8.88986134690207,0,0,0,0,8.89076360352605,0,0,0,0,0,0,0,0,0,0,0,0,0,0,0,17.0274546780717,0,0,6.60310697182365,40.8136215209961,17.8291548529824,0,0
0,0,0,4.23470067977905,0,0,0,0,0,0,0,0,0,0,0,0,0,0,0,0,0,0,0,0,0,0,0,0,0,0,0,0,0,0,0,0,0,0,0,0,0,0,0,0,0,0,0,0,0,0,0,3.55715359960284,0,2.82591052055359,0,0,0,0,0,0,0,0,0,0,0,0,0,0,0,0,0,0,0,0,0,0,0,0,0,0,0,0,8.00575335820516,0,38.685601234436,0,0
0,0,0,0,3.24395994237951,0,0,0,0,0,4.21659145147904,0,0,0,0,0,0,0,0,0,0,0,0,0,0,0,0,0,0,0,0,0,0,0,0,0,0,0,0,0,0,0,0,0,0,0,0,0,0,0,2.94351315498352,0,2.95373804690474,0,0,0,4.43380899782534,0,3.58794462680817,0,0,0,0,0,0,0,0,0,0,0,0,0,0,0,0,0,0,0,0,0,0,0,3.30008559674025,0,0,0,0
0,0,0,0,0,0,0,0,0,0,0,0,0,4.41994666498761,0,0,0,0,0,0,0,0,0,0,0,0,0,0,0,0,0,0,0,0,0,0,0,0,0,0,0,0,0,0,0,0,0,0,0,0,0,0,0,3.25824431578318,0,0,0,3.6913063651637,0,4.33724230986375,0,0,0,0,0,0,0,0,0,0,0,0,0,0,0,0,0,0,0,0,0,0,4.71500755491711,0,0,0,0
4.04691631529066,0,5.14437592029572,0,3.48480027914047,0,0,0,0,0,0,0,0,0,3.50575001080831,0,13.7380617722439,48.2304875850677,28.3590536117554,0,0,0,21.2661645195701,0,7.04773525371673,0,13.2200463612874,0,0,0,0,0,0,0,0,0,0,0,4.921880493666,0,0,0,0,0,0,0,0,0,6.73873104854506,0,0,0,0,0,3.98628407147208,0,0,0,0,0,3.34643434733152,0,0,0,0,17.8098252948962,0,10.5372150421143,0,9.90114607810974,0,0,0,0,0,0,0,0,0,39.8147811889648,0,4.05029188262092,5.53287748977081,3.38791704177856,4.90987740961973,0,0
0,4.18132869005203,0,6.88658816997822,0,0,0,0,0,0,0,0,0,0,0,0,0,8.67220020294189,0,0,0,0,0,7.13659969243136,0,0,0,0,0,0,0,0,0,0,0,32.8388916651408,0,4.69640647398459,0,0,0,66.3480472564697,0,0,0,0,0,44.0953102111816,0,47.7143669128418,0,0,0,0,0,4.94035159685335,0,0,0,0,0,0,16.2767295837402,0,0,0,6.20038321553444,0,0,0,0,0,0,0,0,0,0,0,0,0,6.94808533114772,0,4.3844215340998,3.29558309912682,13.2382579740272,0,0
23.0546297916146,0,24.8600769042969,0,0,0,4.21659145147904,0,0,0,0,0,3.33891500597415,0,0,0,51.9064760710064,67.589173634847,43.0341841753791,0,3.8574114074707,0,0,0,0,0,0,0,0,0,0,0,0,0,0,70.4057032267253,8.72542792161306,0,3.67176149845123,0,54.0238122940063,50.6711654663086,29.2955942664828,0,0,0,20.7233514149984,0,48.2153506278992,55.4206275939941,33.7211818695068,0,3.36369715631008,0,0,0,6.61226987431994,0,3.46527537415105,0,0,0,73.0033187866211,10.1834147707673,0,0,0,0,0,0,0,0,0,0,0,0,0,0,83.66153271993,42.0492493920292,0,0,16.987909342234,0,40.5185507083761,55.4703750610352,22.7885852007522
0,0,0,0,0,0,0,0,0,0,0,0,0,0,0,0,0,0,0,3.32432033902123,0,0,0,0,0,0,0,0,0,8.03949644897557,0,0,0,0,0,3.48109650611877,0,5.89838048653169,0,0,0,0,0,0,0,0,0,0,0,0,0,0,0,0,0,0,0,8.31049421416037,0,2.74528241157532,0,0,0,0,0,0,0,0,0,0,2.74619770050049,0,12.6791232391527,0,0,0,0,0,16.5744314723545,0,18.6164065307041,0,3.00828093787034,0,0,0,0
0,0,0,0,0,0,0,0,0,0,3.33891500597415,0,0,0,2.8428696669065,0,24.0710978507996,0,0,0,0,0,0,0,0,0,0,0,0,0,0,0,0,0,0,0,0,0,0,0,0,0,0,0,0,0,0,0,0,0,0,0,0,0,0,0,0,0,3.33102989196777,0,2.87742331292894,0,0,0,0,0,0,0,0,0,0,0,0,0,0,0,0,0,0,0,0,0,3.17188453674316,4.44342294335365,0,0,0
0,0,0,0,0,0,0,4.41994666498761,0,0,0,0,0,0,0,2.73595857620239,0,0,0,0,0,0,0,0,0,0,0,0,0,0,0,0,0,0,0,0,0,0,0,0,0,0,0,0,0,0,0,0,0,0,0,0,0,0,0,0,0,0,0,3.11161257355076,0,3.12714138031006,0,0,0,0,0,0,0,0,0,0,0,0,0,0,0,0,0,0,0,0,5.42774756749471,0,0,0,0
0,0,0,0,3.38202291727066,0,0,0,3.50575001080831,0,0,0,2.8428696669065,0,0,0,12.2170111395449,48.4948984781901,51.2051334381104,0,0,0,23.6314539644453,0,26.4352970123291,0,8.19690389705427,0,9.34088039398193,0,0,0,0,0,0,0,0,0,0,0,0,0,0,0,0,0,0,0,0,0,0,0,0,0,4.17005971965627,0,0,0,2.88594277699788,0,3.42669402228461,0,0,0,0,30.5972366333008,0,0,0,6.30889111757278,0,0,0,0,0,0,0,0,0,0,0,0,7.43440815952958,4.04676234722137,0,0,0
0,6.05842268466949,0,0,0,0,0,0,0,0,0,0,0,2.73595857620239,0,0,0,0,0,0,0,0,0,0,0,0,0,0,0,0,0,0,0,0,0,0,0,0,0,0,0,0,0,0,0,0,0,0,0,0,0,0,0,0,0,10.9183402515593,0,0,0,0,0,3.84734895474771,0,0,0,0,0,0,0,0,0,0,0,0,0,0,0,0,0,0,0,0,0,0,0,0,0
26.9679907560349,0,0,0,0,0,0,0,13.7380617722439,0,51.9064760710064,0,24.0710978507996,0,12.2170111395449,0,0,19.8626786497103,22.9862769484023,0,54.9625295639038,48.0226449966431,11.7859022814821,16.7601232528687,14.5168268891268,18.9505701065063,8.33656349235663,0,6.3676778219514,0,0,0,0,0,0,72.038948059082,0,0,0,87.2581520080566,60.3774777165166,66.3702308036186,54.050912590914,0,52.9112358093262,80.0650393168132,53.0388422341182,0,0,53.342845916748,0,0,0,0,0,0,50.1963178461248,64.3922271728516,35.5829620361328,0,6.54974106410602,0,87.2014528910319,57.870316354852,0,13.6493322408243,0,11.1661450212652,49.1445999145508,10.9943024924421,0,0,66.2423263549805,0,0,0,0,0,77.9254766341743,64.5728337639257,80.9705317570613,60.6518249511719,13.8917970443092,10.6187501022781,57.3274250495725,60.7587323869978,45.1633150519394
0,0,0,0,0,0,0,0,48.2304875850677,8.67220020294189,67.589173634847,0,0,0,48.4948984781901,0,19.8626786497103,0,18.9887021831263,0,74.730837504069,8.28105628208516,35.7467502036565,6.46915090943242,46.8193340301514,5.91159261872894,54.6967353820801,0,0,0,0,0,0,0,0,97.5238342285156,0,0,0,65.5620793794331,73.3121106284005,51.7869736353556,63.142166006154,0,0,66.1786181131999,69.4958487290602,117.614059448242,0,71.1579132080078,0,0,0,0,0,0,69.5541571044922,0,0,0,0,0,74.3273963928223,70.7157452901204,5.7723527779946,59.4866797129313,0,19.0399188995361,5.7467652132262,0,0,0,70.8893801371257,0,0,0,0,0,70.6728969573975,75.3904074584546,64.6391286849976,79.3092041015625,10.0646554515568,7.61331708090646,64.9746163368225,42.2204434244256,63.1044818878174
11.9276550072496,6.07406955498915,12.71191103799,39.8584361076355,0,0,0,0,28.3590536117554,0,43.0341841753791,0,0,0,51.2051334381104,0,22.9862769484023,18.9887021831263,0,0,43.6160878253584,31.8478682835897,39.662371105618,0,37.1006207899614,0,44.0184364318848,0,0,0,0,0,0,0,0,55.3847050173529,54.6586513519287,62.3469587961833,0,39.0305474308821,41.0970728231031,23.4477742419642,30.5838346481323,11.4491903821191,23.5958479831093,40.9915260704615,32.0413603279807,54.3499568058894,12.2150183215584,40.4493837843846,52.1761894226074,0,0,0,0,0,42.0572388336438,26.0799158818974,44.9581489562988,0,0,55.2107162475586,45.4698667124698,44.2490107835229,0,48.2098627090454,0,31.3928680419922,0,40.8860374450684,0,0,27.0127474207456,40.0683975219727,0,0,0,0,45.2107701167289,48.8298776257042,37.0838234421151,48.1066643595695,15.5433108866071,33.738018989563,33.0671984497648,20.3770394462386,30.9068465748349
0,0,0,0,0,0,0,0,0,0,0,3.32432033902123,0,0,0,0,0,0,0,0,0,0,0,0,0,0,0,0,0,0,0,0,0,0,0,3.26614557033632,0,3.23657496770223,0,44.0163879394531,0,0,0,0,0,44.701042175293,0,39.0165519714355,38.3990592956543,0,0,0,0,0,0,0,0,4.44324517250061,0,0,0,0,3.46925026976217,0,0,0,0,0,0,0,0,0,0,0,0,0,0,0,3.93838638376307,0,8.23125871022542,0,3.70674485449465,0,11.4123255809148,0,0
23.8585810550424,0,26.3303407033284,0,8.50787700692268,0,0,0,0,0,3.8574114074707,0,0,0,0,0,54.9625295639038,74.730837504069,43.6160878253584,0,0,0,0,0,0,0,0,0,0,0,0,0,0,0,0,0,4.42814332118873,0,4.15340200337497,60.5420722961426,52.9231391906738,60.299619947161,31.923557648292,0,0,63.7793922424316,19.1532935879447,55.927903175354,43.0176863670349,0,9.5314909945289,0,5.25451026139436,0,0,0,20.2354085712291,0,0,0,0,0,79.1756210327148,7.56166645640825,0,0,0,0,0,0,0,0,0,0,0,0,0,0,90.910514831543,14.4853757064918,0,5.83059815356606,16.402172568704,44.6246166229248,30.5594694520545,59.3622741699219,25.1949295770554
0,0,0,0,0,0,0,0,0,0,0,0,0,0,0,0,48.0226449966431,8.28105628208516,31.8478682835897,0,0,0,4.04584372631637,5.61658520915292,0,5.79406301226566,0,2.92760789394379,0,0,0,0,0,0,0,0,0,4.8060376317117,8.14413742585616,0,0,0,37.6359875996908,0,0,0,0,21.7550523064353,0,4.76004981119698,0,0,0,0,0,0,0,0,0,0,0,0,0,0,5.62600187849689,5.74817852973938,4.50400221975226,0,5.87479524676864,0,0,0,0,0,0,0,0,0,0,88.4591217041016,8.97398300511776,0,4.84748128696586,3.97992627693312,35.1530227661133,0,0
0,0,0,0,0,0,0,0,21.2661645195701,0,0,0,0,0,23.6314539644453,0,11.7859022814821,35.7467502036565,39.662371105618,0,0,4.04584372631637,0,0,8.23079723182478,0,9.80808470376487,0,3.90027936108141,0,0,0,0,0,0,0,0,6.62282562255859,5.50835228654054,90.1482009887695,77.7823753356934,0,60.1486879984538,0,0,80.3091888427734,64.6005859375,0,7.08202465555885,0,0,0,0,0,0,0,59.9436950683594,0,0,0,23.1204151153564,0,0,67.8193511962891,0,4.55244541903206,0,20.5485687255859,0,11.3732742071152,0,3.6566854317983,0,0,0,0,0,0,89.8402938842773,79.8205581665039,0,6.0473275085805,8.66900530616108,5.31478031904982,62.2424964904785,0,0
0,0,0,0,0,0,0,0,0,7.13659969243136,0,0,0,0,0,0,16.7601232528687,6.46915090943242,0,0,0,5.61658520915292,0,0,0,2.82426285743713,0,0,0,0,0,0,0,0,0,0,0,4.74637604478403,0,0,0,0,0,0,0,0,0,0,0,3.03588108813509,0,0,0,0,0,4.32245259625571,0,0,0,0,0,0,0,0,4.38904785037898,0,3.9681312996336,0,0,0,0,0,0,0,0,0,0,0,0,0,5.8400098100726,0,4.69810796709894,0,0,0,0
0,0,0,0,0,0,0,0,7.04773525371673,0,0,0,0,0,26.4352970123291,0,14.5168268891268,46.8193340301514,37.1006207899614,0,0,0,8.23079723182478,0,0,0,11.9230105082194,0,0,0,0,0,0,0,0,0,0,0,5.19010261853536,0,0,91.491813659668,0,0,0,0,0,0,5.62629006364766,0,0,0,0,0,3.84408579153173,0,0,0,0,0,0,0,80.0762939453125,0,0,9.15972078222977,0,3.89346419561288,0,3.903875041008,0,0,0,0,0,0,0,0,0,0,0,3.86024760713383,5.35542825214024,0,6.65313991256382,0,0
0,0,0,0,0,0,0,0,0,0,0,0,0,0,0,0,18.9505701065063,5.91159261872894,0,0,0,5.79406301226566,0,2.82426285743713,0,0,0,0,0,0,0,0,0,0,0,0,0,0,0,0,0,0,0,0,0,0,0,0,0,0,0,0,0,0,0,3.80676603317261,0,0,0,0,0,0,0,0,5.42565863560408,0,0,0,4.8068860322237,0,0,0,0,0,0,0,0,0,0,0,0,0,6.6497778685487,22.3804931640625,0,0,0
0,0,0,0,0,0,0,0,13.2200463612874,0,0,0,0,0,8.19690389705427,0,8.33656349235663,54.6967353820801,44.0184364318848,0,0,0,9.80808470376487,0,11.9230105082194,0,0,0,3.41031509505378,0,0,0,0,0,0,0,0,0,0,0,0,0,0,0,0,0,0,0,0,0,0,0,0,0,0,0,0,0,0,0,0,0,0,0,0,10.272471887256,0,0,0,4.08645098297684,0,0,0,0,0,0,0,0,0,0,0,0,5.77042750297989,0,0,0,0
0,0,0,0,0,0,0,0,0,0,0,0,0,0,0,0,0,0,0,0,0,2.92760789394379,0,0,0,0,0,0,0,2.87710928916931,0,0,0,0,0,0,0,0,0,0,0,0,0,0,0,0,0,0,0,0,0,0,0,0,0,0,0,0,0,0,0,0,0,0,2.96419548988342,0,0,0,2.95714616775513,0,4.55312196628467,0,5.28343754703716,0,0,0,0,0,0,0,8.59139366149902,0,2.89230044682821,0,0,0,0
0,0,0,0,0,0,0,0,0,0,0,0,0,0,9.34088039398193,0,6.3676778219514,0,0,0,0,0,3.90027936108141,0,0,0,3.41031509505378,0,0,0,0,0,0,0,0,0,0,0,2.87997856140137,0,0,0,0,0,0,0,0,0,0,0,0,0,0,0,0,0,0,0,0,0,0,0,0,0,0,10.3715726852417,0,0,0,0,0,3.96471401932952,0,0,0,0,0,0,0,0,0,3.75429647950565,3.74092862329313,2.8198561668396,0,0,0
0,0,0,0,0,0,0,0,0,0,0,8.03949644897557,0,0,0,0,0,0,0,0,0,0,0,0,0,0,0,2.87710928916931,0,0,0,0,0,0,0,0,0,3.11624058854991,0,0,0,0,0,0,0,0,0,0,0,0,0,0,0,0,0,0,0,13.1409363070531,0,0,0,0,0,0,0,0,0,0,0,0,0,0,4.82184951318139,0,0,0,0,0,0,0,6.95147438778038,0,0,0,0,0,0
0,0,0,0,0,0,0,0,0,0,0,0,0,0,0,0,0,0,0,0,0,0,0,0,0,0,0,0,0,0,0,0,0,0,0,0,0,0,3.28403031826019,0,0,0,0,0,0,0,0,0,0,0,0,0,0,0,0,0,0,0,0,0,0,0,0,0,0,0,0,0,0,0,0,0,0,2.97786411117105,0,0,0,0,0,0,0,0,3.43166685971347,0,0,0,0
0,0,0,0,0,0,0,0,0,0,0,0,0,0,0,0,0,0,0,0,0,0,0,0,0,0,0,0,0,0,0,0,4.79824605359826,3.06998043060303,6.74723656972249,3.47076293948579,10.5105862617493,0,0,7.99693775177002,18.5452963511149,0,26.244421005249,0,0,0,0,5.71118719935211,15.9936093389988,9.69185709953308,0,0,0,0,0,0,0,0,0,0,0,0,0,0,0,0,0,0,0,0,0,0,0,0,4.43269459831434,7.68001292791511,0,5.67950149302213,4.21424897752919,13.3666633011459,0,0,3.54948090298385,0,0,0,0
0,0,0,0,0,0,0,0,0,0,0,0,0,0,0,0,0,0,0,0,0,0,0,0,0,0,0,0,0,0,0,4.79824605359826,0,8.44886960983276,4.91809030373891,3.85286445776622,7.83616994386134,0,0,0,0,0,0,0,0,0,0,5.32561150668218,6.08929467201233,0,0,0,0,0,0,0,0,0,0,0,0,0,0,0,0,0,0,0,0,0,0,0,0,0,5.33290273041561,4.90853937263789,13.1431390047073,7.78794248424359,4.94968178597364,6.51675584793933,0,0,3.56636886223121,0,0,0,0
0,0,0,56.8855028152466,0,0,0,0,0,0,0,0,0,0,0,0,0,0,0,0,0,0,0,0,0,0,0,0,0,0,0,3.06998043060303,8.44886960983276,0,4.70406473177414,3.31892620993523,3.04454183578491,5.82304720555322,9.5756071330186,34.981071472168,23.4913734767748,49.6788421630859,18.0932050373243,0,0,48.4580001831055,0,6.60471300933142,18.5042268628997,13.1671949643683,0,0,0,0,0,0,0,0,0,0,0,64.0969467163086,51.6143836975098,0,22.344259262085,0,0,0,0,0,0,0,0,0,10.8374446233114,5.48048652604569,4.87107124958603,4.65785567404341,6.45461729083742,23.33717918396,6.29715007699471,17.975291797093,8.08784793957625,6.89295332403068,14.3043585474796,0,0
0,0,0,0,0,0,0,0,0,0,0,0,0,0,0,0,0,0,0,0,0,0,0,0,0,0,0,0,0,0,0,6.74723656972249,4.91809030373891,4.70406473177414,0,17.8798007965088,3.05805048862649,0,5.11933216639642,0,0,0,9.46413516998291,0,0,0,0,4.76229563537909,7.25954571564992,0,0,0,0,0,0,0,0,0,0,0,0,0,0,0,0,0,0,0,0,0,0,0,0,0,12.1917657852173,5.66852107099307,7.00404911854594,3.88685297779593,16.0780148506165,3.64410304645949,0,9.75175019159709,4.66769902291505,6.60913181304932,5.24595212936401,0,0
0,35.6241556803385,0,32.7355414345151,0,0,0,0,0,32.8388916651408,70.4057032267253,3.48109650611877,0,0,0,0,72.038948059082,97.5238342285156,55.3847050173529,3.26614557033632,0,0,0,0,0,0,0,0,0,0,0,3.47076293948579,3.85286445776622,3.31892620993523,17.8798007965088,0,4.28078295465122,7.08498431605234,5.36061284930207,18.8251006126404,83.5708541870117,41.141451657303,41.3465315011831,46.6636070251465,0,25.8494742206324,69.6743192672729,10.4522028899774,0,31.680977120119,0,0,0,0,0,42.8314247131348,0,13.0373777685494,0,0,0,39.2019830703735,8.07456812121958,0,0,0,0,0,0,0,0,0,42.4812313426625,0,6.26781247007219,5.06607733525728,6.28321697410017,0,6.39177596111483,8.43463551919539,12.1559615773752,0,5.77787821109478,6.2374204404699,20.7216799972313,44.1526508331299,68.686637878418
0,0,33.2913360595703,46.4911518096924,15.3679776539405,0,0,0,0,0,8.72542792161306,0,0,0,0,0,0,0,54.6586513519287,0,4.42814332118873,0,0,0,0,0,0,0,0,0,0,10.5105862617493,7.83616994386134,3.04454183578491,3.05805048862649,4.28078295465122,0,0,5.62963828498695,0,62.190357208252,0,36.4939780696746,0,0,0,22.6559636433919,6.30669018242864,12.1153101554284,0,23.9640606754231,0,0,0,0,0,23.7186474637287,0,0,0,0,0,28.5938110351562,14.2908029669807,0,0,0,0,0,0,0,0,110.628929138184,0,16.2690334822002,10.9970142872193,0,3.99858065084978,5.69480772912502,5.53886150328634,0,6.86362537501872,4.64444602094211,4.99725108530301,17.6005179946487,0,44.4098892211914
49.3706067403158,0,59.7347297668457,0,0,0,0,0,0,4.69640647398459,0,5.89838048653169,0,0,0,0,0,0,62.3469587961833,3.23657496770223,0,4.8060376317117,6.62282562255859,4.74637604478403,0,0,0,0,0,3.11624058854991,0,0,0,5.82304720555322,0,7.08498431605234,0,0,7.22502039535136,0,0,38.872979482015,22.2541599834667,0,0,44.2230918884277,0,7.82510889949718,36.0525118509928,6.1612310442206,0,0,0,0,0,6.80146408081055,0,5.84689093317304,0,0,0,0,37.7415569850377,0,7.75157478894943,0,4.41712531145068,0,0,0,0,0,4.02769176644015,0,0,0,4.61732387344042,0,9.79442377305956,0,5.77937030808004,5.38443733172812,5.73902954302453,3.92627209294451,13.23900346368,41.1622772216797,0
0,0,0,0,0,0,0,0,4.921880493666,0,3.67176149845123,0,0,0,0,0,0,0,0,0,4.15340200337497,8.14413742585616,5.50835228654054,0,5.19010261853536,0,0,0,2.87997856140137,0,3.28403031826019,0,0,9.5756071330186,5.11933216639642,5.36061284930207,5.62963828498695,7.22502039535136,0,0,0,0,6.9467329227761,0,0,0,0,5.74194328344301,6.41085719006697,0,0,0,0,0,5.75419226480187,0,3.81780028761479,0,0,0,0,0,0,0,0,6.11615646362305,0,5.30438320867477,0,0,0,2.85988819599152,0,0,0,0,0,5.49179910197116,8.8875659942627,6.08622264367416,9.79294257233108,5.05964489020262,5.39288798900533,6.22714377626961,5.27945210703281,0,0
0,0,43.3937377929688,44.6680355072021,0,0,0,0,0,0,0,0,0,0,0,0,87.2581520080566,65.5620793794331,39.0305474308821,44.0163879394531,60.5420722961426,0,90.1482009887695,0,0,0,0,0,0,0,0,7.99693775177002,0,34.981071472168,0,18.8251006126404,0,0,0,0,67.7888894081116,19.4545133172929,47.0137763977051,37.282954788208,0,27.8086156025054,43.0393009185791,6.08554073411469,20.9446458816528,10.684448450952,0,0,0,0,0,0,66.0011431376139,40.3688545227051,0,0,0,56.1714350382487,15.2476147766641,0,0,0,0,0,0,0,0,0,54.1507355083119,0,7.57691043073481,0,0,0,8.26925548862204,71.2238285064697,61.4031824384417,0,37.0444497096388,0,11.8397499431368,25.4729103682176,56.9613831837972
30.2547480265299,0,40.5530424118042,0,45.0914211273193,0,0,0,0,0,54.0238122940063,0,0,0,0,0,60.3774777165166,73.3121106284005,41.0970728231031,0,52.9231391906738,0,77.7823753356934,0,0,0,0,0,0,0,0,18.5452963511149,0,23.4913734767748,0,83.5708541870117,62.190357208252,0,0,67.7888894081116,0,49.2020254424124,18.8744250766198,0,21.8183155811479,70.4576425552368,15.2104190106423,12.6062614814095,7.63012693497549,72.6534214019775,47.6733161078559,0,0,0,0,0,44.3706926635549,75.7324752807617,48.8623428344727,0,0,0,86.0780563354492,42.2581865411056,0,76.6410064697266,0,0,0,0,0,0,80.0807876586914,14.2912249830034,20.5799150466919,4.65510702133179,22.5950351556142,0,83.9608632137901,13.7383833868684,0,0,37.4501989936829,28.8273849487305,12.6868806078117,58.8557879130046,25.2397505257481
0,24.8238723075996,0,30.2673975197045,0,0,0,0,0,66.3480472564697,50.6711654663086,0,0,0,0,0,66.3702308036186,51.7869736353556,23.4477742419642,0,60.299619947161,0,0,0,91.491813659668,0,0,0,0,0,0,0,0,49.6788421630859,0,41.141451657303,0,38.872979482015,0,19.4545133172929,49.2020254424124,0,12.2163309625499,16.695249526397,28.3951644897461,25.2427384568173,37.0739349952111,16.3666771186295,0,15.208261946845,0,0,0,0,0,0,56.6488248825073,21.0215590019125,0,0,0,38.0691796471091,28.630710543119,59.5553332737514,0,0,0,0,0,0,0,0,18.1766558484254,0,0,0,13.4127533435822,0,26.2069445031019,61.7206287384033,31.5573815977251,61.250316619873,15.0888705007818,0,16.8114559437571,18.8707164502326,52.6072845458984
19.7424425942557,46.9317906697591,25.5368383271354,43.6372089385986,45.0837860107422,0,0,0,0,0,29.2955942664828,0,0,0,0,0,54.050912590914,63.142166006154,30.5838346481323,0,31.923557648292,37.6359875996908,60.1486879984538,0,0,0,0,0,0,0,0,26.244421005249,0,18.0932050373243,9.46413516998291,41.3465315011831,36.4939780696746,22.2541599834667,6.9467329227761,47.0137763977051,18.8744250766198,12.2163309625499,0,0,8.47684761047363,31.7576401398914,12.0170532557888,10.3584291991307,8.99635969020219,61.7094513575236,52.7793712615967,0,0,0,0,0,18.6921801823038,57.9091272354126,51.7706298828125,0,0,0,47.4288492202759,33.087081427526,0,0,0,0,0,35.2412757873535,0,0,53.1380639076233,16.4410410429302,27.0924987792969,0,26.9668146769206,0,57.9788458233788,25.991535133088,46.983157602946,33.3028644834246,12.9073381826422,40.5549388461643,12.6341310459404,30.1131769068101,12.447674124142
0,8.41845798492432,0,36.204231262207,0,0,0,0,0,0,0,0,0,0,0,0,0,0,11.4491903821191,0,0,0,0,0,0,0,0,0,0,0,0,0,0,0,0,46.6636070251465,0,0,0,37.282954788208,0,16.695249526397,0,0,0,40.3121109008789,0,30.387020111084,0,56.7341270446777,0,0,0,0,0,0,0,19.3724044799805,0,0,0,0,0,0,0,0,0,0,0,0,0,0,19.7139099968804,0,0,0,0,0,36.8027556550269,64.2997919718425,25.4996923363727,0,15.5940770124778,0,21.2092527782216,0,0
30.0749206542969,0,0,0,0,0,0,0,0,0,0,0,0,0,0,0,52.9112358093262,0,23.5958479831093,0,0,0,0,0,0,0,0,0,0,0,0,0,0,0,0,0,0,0,0,0,21.8183155811479,28.3951644897461,8.47684761047363,0,0,34.9212799072266,14.6505934170314,0,31.3260250091553,0,0,0,0,0,0,0,32.6439514160156,0,0,0,0,0,0,29.7363956451416,0,0,0,0,0,0,0,0,0,0,0,0,0,0,41.8659105300903,32.050375509118,62.4192733764648,0,8.86560279747535,0,11.2119587332129,33.4485015869141,24.0186316172282
0,0,0,46.5574929373605,0,0,0,0,0,0,0,0,0,0,0,0,80.0650393168132,66.1786181131999,40.9915260704615,44.701042175293,63.7793922424316,0,80.3091888427734,0,0,0,0,0,0,0,0,0,0,48.4580001831055,0,25.8494742206324,0,44.2230918884277,0,27.8086156025054,70.4576425552368,25.2427384568173,31.7576401398914,40.3121109008789,34.9212799072266,0,61.813591003418,36.9602505820138,0,24.5175179004669,0,0,0,0,0,0,79.1478118896484,15.5201544761658,0,0,0,0,7.66491112427467,0,0,0,0,0,0,0,0,0,19.9767266306384,0,0,0,49.9957580566406,0,23.4863141014216,79.0205977590461,23.2940481520895,94.2040786743164,28.5302888487472,0,17.2831491362688,43.1610141381985,75.0931104024251
30.2513332366943,0,49.7549591064453,0,46.9583892822266,0,0,0,0,0,20.7233514149984,0,0,0,0,0,53.0388422341182,69.4958487290602,32.0413603279807,0,19.1532935879447,0,64.6005859375,0,0,0,0,0,0,0,0,0,0,0,0,69.6743192672729,22.6559636433919,0,0,43.0393009185791,15.2104190106423,37.0739349952111,12.0170532557888,0,14.6505934170314,61.813591003418,0,0,43.4713220596313,0,0,0,0,0,0,0,40.9125577880115,0,35.149055480957,0,0,0,58.411693572998,9.26301403921478,0,0,0,0,0,0,0,0,58.169397354126,0,0,0,0,0,67.5684598839801,18.5392183992503,80.3244285583496,10.3916788697243,35.1317962148915,0,14.3918955430957,50.5057239532471,28.4855159310734
35.9702266057332,43.2572402954102,44.7408986091614,38.5270976442279,44.4704093933105,0,0,0,0,44.0953102111816,0,0,0,0,0,0,0,117.614059448242,54.3499568058894,39.0165519714355,55.927903175354,21.7550523064353,0,0,0,0,0,0,0,0,0,5.71118719935211,5.32561150668218,6.60471300933142,4.76229563537909,10.4522028899774,6.30669018242864,7.82510889949718,5.74194328344301,6.08554073411469,12.6062614814095,16.3666771186295,10.3584291991307,30.387020111084,0,36.9602505820138,0,0,7.62610963473474,8.71067678215759,49.4776735305786,0,0,0,0,0,55.066831404163,40.3134676615397,0,0,0,42.100025177002,39.6183867454529,42.7110696939322,26.9508317311605,0,21.8652820587158,0,0,0,0,0,25.9543620347977,0,6.10733032580299,6.18149680341976,7.41600153260513,5.13742936379982,6.8369596759205,7.56289468489536,12.1071530907085,6.78004936271945,8.79998385323786,6.6056764125824,10.292297566161,41.6798057556152,47.6285692850749
3.35609813729922,0,36.347176194191,40.1630353927612,45.3068368911743,0,0,0,6.73873104854506,0,48.2153506278992,0,0,0,0,0,0,0,12.2150183215584,38.3990592956543,43.0176863670349,0,7.08202465555885,0,5.62629006364766,0,0,0,0,0,0,15.9936093389988,6.08929467201233,18.5042268628997,7.25954571564992,0,12.1153101554284,36.0525118509928,6.41085719006697,20.9446458816528,7.63012693497549,0,8.99635969020219,0,31.3260250091553,0,43.4713220596313,7.62610963473474,0,7.9402915318807,47.6593715472099,0,0,0,3.60350225944268,0,49.0699345501986,0,40.2617111206055,0,0,42.095272064209,35.9257354736328,44.8027391786929,0,6.10046008206153,0,4.99845063686371,0,3.56576099179008,0,0,0,0,17.7847316669968,3.99624180793762,19.2879455680521,2.99163523087135,28.5193020502726,9.90113973099252,0,6.06339912486538,16.5174862574872,26.3741560849276,8.48608268692218,0,28.3010230064392
51.4817390441895,9.22684630195664,37.8254108428955,17.8029660621135,47.5150451660156,0,0,0,0,47.7143669128418,55.4206275939941,0,0,0,0,0,53.342845916748,71.1579132080078,40.4493837843846,0,0,4.76004981119698,0,3.03588108813509,0,0,0,0,0,0,0,9.69185709953308,0,13.1671949643683,0,31.680977120119,0,6.1612310442206,0,10.684448450952,72.6534214019775,15.208261946845,61.7094513575236,56.7341270446777,0,24.5175179004669,0,8.71067678215759,7.9402915318807,0,47.9367782592773,0,0,0,0,29.191380739212,55.0893756866455,15.6490016234548,0,3.1683961147587,0,20.9203116408849,31.2251789089706,40.3975973129272,4.10670420771739,0,3.27256432000329,0,4.33765182928606,0,4.28026042521839,0,23.9893253395858,0,8.97953979174296,0,10.0706973001027,0,16.2598619059832,64.4118249075753,14.8954997032018,0,24.5963458111856,33.5094261169434,12.7236060474515,26.9361443400383,52.6406021118164
29.672550201416,0,10.4118021084712,0,4.42904912443324,0,2.94351315498352,0,0,0,33.7211818695068,0,0,0,0,0,0,0,52.1761894226074,0,9.5314909945289,0,0,0,0,0,0,0,0,0,0,0,0,0,0,0,23.9640606754231,0,0,0,47.6733161078559,0,52.7793712615967,0,0,0,0,49.4776735305786,47.6593715472099,47.9367782592773,0,0,0,0,0,0,5.94590655108321,0,6.34903910413701,0,3.51240205764771,0,0,12.2146225984546,0,0,0,0,0,0,0,0,0,0,0,0,0,0,48.3089294433594,24.8662224127868,0,0,12.1571263576905,39.4435844421387,19.0378975893908,0,34.6853103637695
0,0,0,0,0,3.55715359960284,0,0,0,0,0,0,0,0,0,0,0,0,0,0,0,0,0,0,0,0,0,0,0,0,0,0,0,0,0,0,0,0,0,0,0,0,0,0,0,0,0,0,0,0,0,0,0,0,0,0,0,0,0,0,0,0,0,0,0,0,0,0,0,0,0,0,0,0,0,0,0,0,0,0,0,0,2.74412512779236,0,11.2712958653768,0,0
0,0,0,0,2.88593992590904,0,2.95373804690474,0,0,0,3.36369715631008,0,0,0,0,0,0,0,0,0,5.25451026139436,0,0,0,0,0,0,0,0,0,0,0,0,0,0,0,0,0,0,0,0,0,0,0,0,0,0,0,0,0,0,0,0,0,0,0,3.12160778045654,0,0,0,0,0,0,11.2774845229255,0,0,0,0,0,0,0,0,0,0,0,0,0,0,0,0,0,0,3.30207804952349,0,0,0,0
0,0,0,0,0,2.82591052055359,0,3.25824431578318,0,0,0,0,0,0,0,0,0,0,0,0,0,0,0,0,0,0,0,0,0,0,0,0,0,0,0,0,0,0,0,0,0,0,0,0,0,0,0,0,0,0,0,0,0,0,0,0,0,3.50093944327345,0,0,0,0,0,0,0,0,0,0,0,0,0,0,0,0,0,0,0,0,0,0,0,0,2.74973154067993,0,0,0,0
3.37178072080774,0,6.5389289855957,0,0,0,0,0,3.98628407147208,0,0,0,0,0,4.17005971965627,0,0,0,0,0,0,0,0,0,3.84408579153173,0,0,0,0,0,0,0,0,0,0,0,0,0,5.75419226480187,0,0,0,0,0,0,0,0,0,3.60350225944268,0,0,0,0,0,0,0,0,0,0,0,7.33543455187078,0,0,0,0,0,0,10.3521413803101,0,4.64711770913036,0,0,0,0,0,0,0,0,0,0,0,6.16028908483996,5.09955736306997,3.15930342674255,6.03354167476777,0,0
0,3.54673678015694,0,5.05961789351243,0,0,0,0,0,4.94035159685335,0,0,0,0,0,10.9183402515593,0,0,0,0,0,0,0,4.32245259625571,0,3.80676603317261,0,0,0,0,0,0,0,0,0,42.8314247131348,0,6.80146408081055,0,0,0,0,0,0,0,0,0,0,0,29.191380739212,0,0,0,0,0,0,0,0,0,0,0,8.85519156512424,0,0,0,0,4.04343428760767,0,0,0,0,0,0,0,0,0,0,0,48.230785369873,0,6.67697069644928,0,5.79260191550622,0,9.61964314474779,0,0
21.7491915409382,0,22.9330169085799,0,0,0,4.43380899782534,0,0,0,6.61226987431994,0,0,0,0,0,50.1963178461248,69.5541571044922,42.0572388336438,0,20.2354085712291,0,59.9436950683594,0,0,0,0,0,0,0,0,0,0,0,0,0,23.7186474637287,0,3.81780028761479,66.0011431376139,44.3706926635549,56.6488248825073,18.6921801823038,0,32.6439514160156,79.1478118896484,40.9125577880115,55.066831404163,49.0699345501986,55.0893756866455,5.94590655108321,0,3.12160778045654,0,0,0,0,0,16.0944208304087,0,2.74688251813253,0,94.6982269287109,14.3290402416344,0,0,0,0,0,0,0,2.71097493171692,0,8.31858760075188,0,0,0,0,82.205073038737,42.8280837178882,77.809326171875,35.2847212011164,25.298907647785,39.9413108825684,15.6472670500086,68.6562871932983,18.808812503581
0,27.5703366597493,0,16.2838311259811,0,0,0,3.6913063651637,0,0,0,8.31049421416037,0,0,0,0,64.3922271728516,0,26.0799158818974,4.44324517250061,0,0,0,0,0,0,0,0,0,13.1409363070531,0,0,0,0,0,13.0373777685494,0,5.84689093317304,0,40.3688545227051,75.7324752807617,21.0215590019125,57.9091272354126,19.3724044799805,0,15.5201544761658,0,40.3134676615397,0,15.6490016234548,0,0,0,3.50093944327345,0,0,0,0,0,3.65813835536208,0,34.7903594970703,12.8853216908195,0,0,0,0,0,0,0,3.77216557094029,0,8.17060649893803,0,0,0,0,0,20.9308942273177,78.7112884521484,18.2226038177106,0,25.0296037939728,0,9.20809567249035,19.4511006095193,0
0,0,6.2257797647925,0,8.88986134690207,0,3.58794462680817,0,0,0,3.46527537415105,0,3.33102989196777,0,2.88594277699788,0,35.5829620361328,0,44.9581489562988,0,0,0,0,0,0,0,0,0,0,0,0,0,0,0,0,0,0,0,0,0,48.8623428344727,0,51.7706298828125,0,0,0,35.149055480957,0,40.2617111206055,0,6.34903910413701,0,0,0,0,0,16.0944208304087,0,0,0,3.88976474054929,0,0,0,0,0,0,0,0,0,0,0,0,0,0,0,0,0,0,48.8187351226807,0,0,31.287294348081,0,28.0337224536472,0,0
0,0,0,3.80234687611208,0,0,0,4.33724230986375,0,0,0,2.74528241157532,0,3.11161257355076,0,0,0,0,0,0,0,0,0,0,0,0,0,0,0,0,0,0,0,0,0,0,0,0,0,0,0,0,0,0,0,0,0,0,0,3.1683961147587,0,0,0,0,0,0,0,3.65813835536208,0,0,0,3.01703131198883,0,0,0,0,0,0,0,0,3.28006477832794,0,4.07054350293916,0,0,0,0,0,0,0,0,0,13.835606098175,0,6.44815587538939,0,0
4.31053470524117,0,7.10815906524658,0,0,0,0,0,3.34643434733152,0,0,0,2.87742331292894,0,3.42669402228461,0,6.54974106410602,0,0,0,0,0,23.1204151153564,0,0,0,0,0,0,0,0,0,0,0,0,0,0,0,0,0,0,0,0,0,0,0,0,0,0,0,3.51240205764771,0,0,0,7.33543455187078,0,2.74688251813253,0,3.88976474054929,0,0,0,0,0,0,0,0,0,0,0,0,0,0,0,0,0,0,0,0,0,0,0,3.51712376421148,0,9.71117401123047,0,0
0,4.13904828894628,0,5.64167433230238,0,0,0,0,0,0,0,0,0,3.12714138031006,0,3.84734895474771,0,0,55.2107162475586,0,0,0,0,0,0,0,0,0,0,0,0,0,0,64.0969467163086,0,39.2019830703735,0,0,0,56.1714350382487,0,38.0691796471091,0,0,0,0,0,42.100025177002,42.095272064209,20.9203116408849,0,0,0,0,0,8.85519156512424,0,34.7903594970703,0,3.01703131198883,0,0,49.7513523101807,0,0,0,0,0,0,0,0,0,35.8783073425293,0,0,0,0,0,50.6863269805908,0,0,0,37.1071294004267,0,12.5555675258375,0,0
0,0,0,42.9203804334005,0,0,0,0,0,16.2767295837402,73.0033187866211,0,0,0,0,0,87.2014528910319,74.3273963928223,45.4698667124698,3.46925026976217,79.1756210327148,0,0,0,80.0762939453125,0,0,0,0,0,0,0,0,51.6143836975098,0,8.07456812121958,28.5938110351562,37.7415569850377,0,15.2476147766641,86.0780563354492,28.630710543119,47.4288492202759,0,0,7.66491112427467,58.411693572998,39.6183867454529,35.9257354736328,31.2251789089706,0,0,0,0,0,0,94.6982269287109,12.8853216908195,0,0,0,49.7513523101807,0,69.4227409362793,0,0,0,0,0,0,0,0,19.6251926069776,0,0,0,0,0,13.7503953331435,68.6909073193868,14.4838626377414,0,17.3586484147507,0,11.4242452072403,52.0442986488342,0
25.1765140692393,0,29.6742997169495,0,8.89076360352605,0,0,0,0,0,10.1834147707673,0,0,0,0,0,57.870316354852,70.7157452901204,44.2490107835229,0,7.56166645640825,0,67.8193511962891,0,0,0,0,0,0,0,0,0,0,0,0,0,14.2908029669807,0,0,0,42.2581865411056,59.5553332737514,33.087081427526,0,29.7363956451416,0,9.26301403921478,42.7110696939322,44.8027391786929,40.3975973129272,12.2146225984546,0,11.2774845229255,0,0,0,14.3290402416344,0,0,0,0,0,69.4227409362793,0,0,0,0,0,0,0,0,0,0,50.2143058776855,0,0,0,0,60.4188652038574,12.1506293032562,73.6342468261719,14.3989438670022,12.799031650666,47.1395683288574,11.4082561157177,0,23.8023522156935
0,0,0,0,0,0,0,0,0,0,0,0,0,0,0,0,0,5.7723527779946,0,0,0,5.62600187849689,0,4.38904785037898,0,5.42565863560408,0,2.96419548988342,0,0,0,0,0,22.344259262085,0,0,0,7.75157478894943,0,0,0,0,0,0,0,0,0,26.9508317311605,0,4.10670420771739,0,0,0,0,0,0,0,0,0,0,0,0,0,0,0,0,6.51422386964162,0,9.49752235412598,0,0,0,0,0,0,0,0,0,0,0,15.5484781911499,0,5.01232766891274,3.95611456693229,0,0,0
0,0,0,0,0,0,0,0,17.8098252948962,0,0,0,0,0,30.5972366333008,0,13.6493322408243,59.4866797129313,48.2098627090454,0,0,5.74817852973938,4.55244541903206,0,9.15972078222977,0,10.272471887256,0,10.3715726852417,0,0,0,0,0,0,0,0,0,6.11615646362305,0,76.6410064697266,0,0,0,0,0,0,0,6.10046008206153,0,0,0,0,0,0,0,0,0,0,0,0,0,0,0,0,0,0,0,0,7.88053045272827,0,3.08993721008301,0,0,0,0,0,0,0,0,0,6.61004366126715,11.3043963760736,5.03445794468834,16.5894165039062,0,0
0,0,0,0,0,0,0,0,0,6.20038321553444,0,0,0,0,0,0,0,0,0,0,0,4.50400221975226,0,3.9681312996336,0,0,0,0,0,0,0,0,0,0,0,0,0,4.41712531145068,0,0,0,0,0,0,0,0,0,21.8652820587158,0,3.27256432000329,0,0,0,0,0,4.04343428760767,0,0,0,0,0,0,0,0,6.51422386964162,0,0,0,3.3512303860564,0,0,0,0,0,0,0,19.6134376525879,0,0,0,4.66962104360905,0,4.0950204962391,0,3.86776983581091,0,0
0,0,0,0,0,0,0,0,10.5372150421143,0,0,0,0,0,0,0,11.1661450212652,19.0399188995361,31.3928680419922,0,0,0,20.5485687255859,0,3.89346419561288,0,0,0,0,0,0,0,0,0,0,0,0,0,5.30438320867477,0,0,0,0,0,0,0,0,0,4.99845063686371,0,0,0,0,0,10.3521413803101,0,0,0,0,0,0,0,0,0,0,0,0,0,0,3.78514757156372,0,0,0,0,0,0,0,0,91.6386871337891,0,0,4.03118512365553,5.27396403418647,8.47640323638916,4.64561724662781,0,0
0,0,0,0,0,0,0,0,0,0,0,0,0,0,0,0,49.1445999145508,5.7467652132262,0,0,0,5.87479524676864,0,0,0,4.8068860322237,0,2.95714616775513,0,0,0,0,0,0,0,0,0,0,0,0,0,0,0,0,0,0,0,0,0,4.33765182928606,0,0,0,0,0,0,0,0,0,0,0,0,0,0,9.49752235412598,0,3.3512303860564,0,0,0,4.08698046908659,0,0,0,0,0,0,0,0,0,0,0,16.2615648269653,21.9546051025391,0,0,0
4.87619878564562,0,0,0,0,0,0,0,9.90114607810974,0,0,0,0,0,6.30889111757278,0,10.9943024924421,0,40.8860374450684,0,0,0,11.3732742071152,0,3.903875041008,0,4.08645098297684,0,0,0,0,0,0,0,0,0,0,0,0,0,0,0,35.2412757873535,0,0,0,0,0,3.56576099179008,0,0,0,0,0,4.64711770913036,0,0,0,0,0,0,0,0,0,0,7.88053045272827,0,3.78514757156372,0,0,0,0,0,0,0,0,0,0,72.7547149658203,0,0,0,7.05348196093525,0,4.50187516404736,0,0
0,0,0,0,0,0,0,0,0,0,0,2.74619770050049,0,0,0,0,0,0,0,0,0,0,0,0,0,0,0,4.55312196628467,0,0,0,0,0,0,0,0,0,0,0,0,0,0,0,0,0,0,0,0,0,4.28026042521839,0,0,0,0,0,0,0,3.77216557094029,0,3.28006477832794,0,0,0,0,0,0,0,0,4.08698046908659,0,0,0,3.85051394132228,0,0,0,0,0,0,0,5.04253002007802,0,0,0,0,0,0
0,0,0,0,0,0,0,0,0,0,0,0,0,0,0,0,0,0,0,0,0,0,3.6566854317983,0,0,0,0,0,3.96471401932952,0,0,0,0,0,0,0,0,0,2.85988819599152,0,0,0,0,0,0,0,0,0,0,0,0,0,0,0,0,0,2.71097493171692,0,0,0,0,0,0,0,0,3.08993721008301,0,0,0,0,0,0,0,4.01109811994765,0,0,0,0,0,0,0,3.90504954755306,3.48916757106781,0,0,0,0
0,28.0622335161482,0,29.2802707884047,0,0,0,0,0,0,0,12.6791232391527,0,0,0,0,66.2423263549805,70.8893801371257,27.0127474207456,0,0,0,0,0,0,0,0,5.28343754703716,0,4.82184951318139,0,0,0,0,0,42.4812313426625,110.628929138184,4.02769176644015,0,54.1507355083119,80.0807876586914,18.1766558484254,53.1380639076233,19.7139099968804,0,19.9767266306384,58.169397354126,25.9543620347977,0,23.9893253395858,0,0,0,0,0,0,0,8.17060649893803,0,4.07054350293916,0,35.8783073425293,19.6251926069776,0,0,0,0,0,0,0,3.85051394132228,0,0,0,0,0,0,0,55.2835343967785,86.352040608724,5.36405716997332,0,26.4734885702742,0,15.8305117440461,22.842397909898,78.7958755493164
0,0,0,0,0,0,0,0,0,0,0,0,0,0,0,0,0,0,40.0683975219727,0,0,0,0,0,0,0,0,0,0,0,2.97786411117105,0,0,0,0,0,0,0,0,0,14.2912249830034,0,16.4410410429302,0,0,0,0,0,0,0,0,0,0,0,0,0,8.31858760075188,0,0,0,0,0,0,50.2143058776855,0,0,0,0,0,0,0,4.01109811994765,0,0,0,0,0,0,0,38.7238909403483,0,0,5.32051768510238,0,7.47332257524182,0,20.1099875450134
0,0,0,0,0,0,0,0,0,0,0,0,0,0,0,0,0,0,0,0,0,0,0,0,0,0,0,0,0,0,0,4.43269459831434,5.33290273041561,10.8374446233114,12.1917657852173,6.26781247007219,16.2690334822002,0,0,7.57691043073481,20.5799150466919,0,27.0924987792969,0,0,0,0,6.10733032580299,17.7847316669968,8.97953979174296,0,0,0,0,0,0,0,0,0,0,0,0,0,0,0,0,0,0,0,0,0,0,0,0,0,12.8348698456417,4.6459174156189,10.2954563140869,11.9560251046138,16.1647433638573,0,0,5.04662607540082,0,10.4907054901123,0,0
0,0,0,0,0,0,0,0,0,0,0,0,0,0,0,0,0,0,0,0,0,0,0,0,0,0,0,0,0,0,0,7.68001292791511,4.90853937263789,5.48048652604569,5.66852107099307,5.06607733525728,10.9970142872193,0,0,0,4.65510702133179,0,0,0,0,0,0,6.18149680341976,3.99624180793762,0,0,0,0,0,0,0,0,0,0,0,0,0,0,0,0,0,0,0,0,0,0,0,0,0,12.8348698456417,0,9.45570945739746,7.00177912035985,15.2161332693967,7.89353516121439,0,0,5.42667268864487,0,0,0,0
0,0,0,58.7413101196289,0,0,0,0,0,0,0,0,0,0,0,0,0,0,0,0,0,0,0,0,0,0,0,0,0,0,0,0,13.1431390047073,4.87107124958603,7.00404911854594,6.28321697410017,0,4.61732387344042,0,0,22.5950351556142,13.4127533435822,26.9668146769206,0,0,49.9957580566406,0,7.41600153260513,19.2879455680521,10.0706973001027,0,0,0,0,0,0,0,0,0,0,0,0,0,0,0,0,19.6134376525879,0,0,0,0,0,0,0,4.6459174156189,9.45570945739746,0,8.22821813821793,6.93207055336291,0,5.31563609179142,0,5.40747246918855,6.25841388702393,16.0962300241729,0,0
0,0,0,0,0,0,0,0,0,0,0,0,0,0,0,0,0,0,0,0,0,0,0,0,0,0,0,0,0,0,0,5.67950149302213,7.78794248424359,4.65785567404341,3.88685297779593,0,3.99858065084978,0,5.49179910197116,0,0,0,0,0,0,0,0,5.13742936379982,2.99163523087135,0,0,0,0,0,0,0,0,0,0,0,0,0,0,0,0,0,0,0,0,0,0,0,0,0,10.2954563140869,7.00177912035985,8.22821813821793,0,22.5355644226074,6.35118626710364,0,4.90528876080232,4.19620022950349,0,0,0,0
0,50.0915794372559,0,48.8323229196909,0,0,0,0,0,0,83.66153271993,16.5744314723545,0,0,0,0,77.9254766341743,70.6728969573975,45.2107701167289,3.93838638376307,90.910514831543,0,89.8402938842773,0,0,0,0,0,0,0,0,4.21424897752919,4.94968178597364,6.45461729083742,16.0780148506165,6.39177596111483,5.69480772912502,9.79442377305956,8.8875659942627,8.26925548862204,83.9608632137901,26.2069445031019,57.9788458233788,36.8027556550269,41.8659105300903,23.4863141014216,67.5684598839801,6.8369596759205,28.5193020502726,16.2598619059832,48.3089294433594,0,0,0,0,48.230785369873,82.205073038737,20.9308942273177,0,0,0,50.6863269805908,13.7503953331435,60.4188652038574,0,0,0,91.6386871337891,0,72.7547149658203,0,0,55.2835343967785,0,11.9560251046138,15.2161332693967,6.93207055336291,22.5355644226074,0,62.90810970251,10.0398376834296,97.4820861816406,18.0719176093252,3.7481822885316,27.3086535621063,30.6750168983084,69.8183561052595
34.2111077934805,0,37.563600730896,43.8551845550537,17.0274546780717,0,0,0,39.8147811889648,0,42.0492493920292,0,0,0,0,0,64.5728337639257,75.3904074584546,48.8298776257042,0,14.4853757064918,88.4591217041016,79.8205581665039,0,0,0,0,0,0,0,0,13.3666633011459,6.51675584793933,23.33717918396,3.64410304645949,8.43463551919539,5.53886150328634,0,6.08622264367416,71.2238285064697,13.7383833868684,61.7206287384033,25.991535133088,64.2997919718425,32.050375509118,79.0205977590461,18.5392183992503,7.56289468489536,9.90113973099252,64.4118249075753,24.8662224127868,0,0,0,0,0,42.8280837178882,78.7112884521484,48.8187351226807,0,0,0,68.6909073193868,12.1506293032562,0,0,0,0,0,0,0,0,86.352040608724,38.7238909403483,16.1647433638573,7.89353516121439,0,6.35118626710364,62.90810970251,0,87.5032676247989,6.00995895950072,17.8877612178155,10.6974718558818,22.6014197258763,67.9426085430643,29.4566293785475
