0,5.99062008376614e-05,0.0500986070336619,0,0.000777362628046941,0,0,0,0.13217357869393,0,0,0,0.000176440745506904,0,0.0086194042728446,0,0.000355429929142223,1.95811159655761e-05,0.0111600670912245,0,0.00202821707689058,0,0,0,0.00064985699894177,0,0,0,0,0,0,0,0,0,0,0,3.27729406494094e-05,0,0.000289391565692889,0.000247756619717273,0.000972096130063354,0,0.0274065553146905,0,0,0,0.00428735263521601,0,0.0216804712418426,0,0,0,0,0,0.110111662635378,0,0.00274042816640962,0,0.00282768096434065,0,0.105951480513384,0,0,0.011552573211875,0,0,0,0,0,0,0,3.62682795292471e-05,0,0.00145601090854059,0,0,0,0,0,0.00171886991772814,0,0.000382722402780408,0.00113216809822008,1.44489224708107e-05,0.01803083902363,0.000440492762570882,0.000556364077835805
5.99062008376614e-05,0,0,0.011266117214755,0,0.000249179449646947,0,0,0,0.0448763650028263,0,0,0,0,0,0,2.13676161338325e-05,0.000171956915278722,0.00656904789155141,0,0,0,0,9.85992153153584e-05,0,0,0,0,0,0,0,0,0,0,0,1.24771212302423e-05,0,0,0,0.00384190062055564,0,0.0238520504474931,8.58768629534521e-06,0.000477456968263713,0,0,3.54539848933465e-05,0,0,0.010405755664972,0,0.000136208703090669,0,0,0,0.111045891099544,0,0.0015644060663259,0,3.40325852797808e-05,0,0.005083517340582,0,0,0,0,0,0,0,0,0,0,8.08894899295698e-05,0,0,0,0,0,0.000270588122036626,2.03346163780743e-05,5.00880979190458e-05,0,0.000841166561963413,0,0.00718302054993798,0.000262122844233572,0
0.0500986070336619,0,0,0,0.0722867785833392,0,0,0,0.0321992059815123,0,0,0,2.21588689908376e-05,0,0.000369308429647001,0,0,0,6.08381956614264e-05,0,0.000195324476279662,0,0,0,0,0,0,0,0,0,0,0,0,0,0,0,0.000196583559640865,0,3.3933064154351e-06,0,0.0022980332257651,1.40504386853942e-05,0.00539161858915023,0,0.000464558002857627,0,0.000664078147834182,0,0.0279561774895391,0,0.0272706121399972,0,0,0,0.0786025942747564,0,0.00584619877010799,0,0.000628625549629362,0,0.0172196477930407,0,0,0.00081545864836122,0,0,0,0,0,0,0,7.20840559634984e-05,0,0.0012344697211686,0,0,0,0,0,7.96020087083016e-05,0,0,0.000921150430932075,0.00016638594256504,0.00602082416701128,0,0.000727846708457841
0,0.011266117214755,0,0,0,0.0284535355974583,0,0,0,0.0262462375638234,0,0,0,0,0,0.0178878068066608,0,0,0.000273048645332412,0,0,0,0,3.87947345396548e-05,0,0,0,0,0,0,0,0,0,0,0,0,0,0,0,0.000338982893674969,0,0.0105709702005564,0.000106409022565243,0,0,0,0,0,0,0.0112675043334017,0,0.0361882452787208,0,0,0,0.107414617339525,0,0.00686252212862718,0,0.00208004856306133,0,0.0656083014972554,8.16460492539202e-05,0,0,0,0,0,0,0,0,0,0.00083522437539043,0,0,0,0,0,9.76610083784624e-07,0,1.77692745985927e-05,0,0.00106283806615793,3.89733280636387e-06,0.00740448672481134,0.0038779869528662,0
0.000777362628046941,0,0.0722867785833392,0,0,0,0.0190522892395683,0,0.00441425136173336,0,0,0,0,0,0.000434745815431333,0,0,0,7.45171657829974e-06,0,0,0,0,0,0,0,0,0,0,0,0,0,0,0,0,0,0.00010579088260404,0,0,0,0.00025443513781308,0,0.00160176000046153,0,0,0,0.000270475706708615,0,0.00206465725662975,0,0.091635190780616,0,0.018375127404458,0,0,0,0.00482213999154356,0,0.00102421949943174,0,0.0253210001105928,0,0,0,0,0,0,0,0,0,0,0,0,0.00013190798503878,0,0,0,0,0,0.000245773939524391,0,0,0.00392278368775087,0.000494901838304049,0.00193775674796007,0,0
0,0.000249179449646947,0,0.0284535355974583,0,0,0,0,0,0.0139327797910987,0,0,0,0,0,0.0327061796593829,0,0,8.07910946998714e-06,0,0,0,0,0,0,0,0,0,0,0,0,0,0,0,0,0.000203663900947379,0,0,0,0,0,0.000313120203104165,0,0,0,0,0,0.000478938827451085,0,0.000456957063597885,0,0.0757954873472814,0,0.0018771794369185,0,0.00291450352134342,0,0.000215331084100346,0,0,0,0.0075423023775682,0,0,0,0,0,0,0,0,0,0,0,0,0,0,0,0,6.1463633253946e-05,0,0,0,0.00390236055261371,0.00125876636924468,0.00350254390568686,3.52921593065412e-05,0
0,0,0,0,0.0190522892395683,0,0,0,0,0,0,0,0,0,0,0,0,0,0,0,0,0,0,0,0,0,0,0,0,0,0,0,0,0,0,0,0,0,0,0,0,0,0,0,0,0,0,0,0,0,0.0759406900543236,0,0.0512363004602313,0,0,0,0,0,0.00174645133559911,0,0,0,0,0,0,0,0,0,0,0,0,0,0,0,0,0,0,0,0,0,0,0,0.000518071633261039,0,0,0,0
0,0,0,0,0,0,0,0,0,0,0,0.00144311599708978,0,0.00322075017354369,0,0,0,0,0,0.000396238808835209,0,0,0,0,0,0,0,0,0,0,0,0,0,0,0,0,0,0,0,0,0,0,0,0,0,0,0,0,0,0,0,0.0130462495991056,0,0.0390635528946482,0,0,0,0.00224955019689593,0,0,0,0,0.00170672085964829,0,0,0,0,0,0,0,0,0,0,0,0,0,0,0,0,0,0,0,0.00019768247058705,8.89408145200504e-05,0,0,0
0.13217357869393,0,0.0321992059815123,0,0.00441425136173336,0,0,0,0,0,0,0,0.00039500719757382,0,0.0371722249802427,0,0.000627739537947619,4.99913251484248e-05,0.000655564479589805,0,5.98774745244881e-05,0,0,0,0.0296724129770616,0,0.000157378246219518,0,0,0,0,0,0,0,0,0,0,0,0.000118273077967231,0,0.000178329072885672,0,0.00948711903067002,0,0,1.87215917088175e-05,0.000246913024974966,0,0.00434974875665845,0,0.00371079272950332,0,0,0,0.110412117799151,0,0.00332116344229793,0,0.00228178041688721,0,0.0638823394376051,0,0,0.000170968486897451,0,0,0,0.0135057824547451,0,0.00816866074612908,0,0.000104953039480749,0,0.000430562088436211,0,0,0,0,0,5.28526834460239e-05,0,0.000195805843269086,0.0039445811047059,0.00053756166648703,0.00772573504496753,0,0.00051625269196547
0,0.0448763650028263,0,0.0262462375638234,0,0.0139327797910987,0,0,0,0,0,0,0,0,0,0.0587856964577837,0,0.00350193675428615,2.2828057482474e-05,0,0,0,0,0.000628040635916198,0,0.002731710086462,0,0,0,0,0,0,0,0,0,1.25496826462467e-06,0,2.19386165154944e-05,0,7.71441149979625e-05,0,0.0022188907292606,0,3.67675714335949e-05,0,0,0,0,0,0.00138089945739368,0,0.0173845467734336,0,0,0,0.10793894002213,0,0.000129620499787548,0,0,0,0.064089393307171,0,0,0,0,9.50853509615237e-05,0,0.00344873481870442,0,0,0,0,0,0,0,0,0,1.36726155385758e-06,0,0.00011975482727413,0,0.0046265413176457,0.00261896866661319,0.00266950878209074,0.00177117150513226,0
0,0,0,0,0,0,0,0,0,0,0,0,0.0079572713851891,0,0,0,0,0,0,0,0.0131140068806033,0,0,0,0,0,0,0,0,0,0.00546769329431103,0,0,0,0,0,5.00018643977869e-05,0,0.000371071751905585,0,0,0,0,0,0,0,0,0,0,0,0,0,0,0,0,0,0.0678248376904134,0,0.0106923573171837,0,0,0,0,0.00298043729174206,0,0,0,0,0,0,0,0,0,0,0,0,0,0,0,0,0,0,0.00070095279399888,0,0,0,0
0,0,0,0,0,0,0,0.00144311599708978,0,0,0,0,0,0.0135694933228269,0,0,0,0,0,0.000808573663113148,0,0,0,0,0,0,0,0,0,0.000710298712298414,0,0,0,0,0,0.000585901876097448,0,0.00056655015310996,0,0,0,0,0,0,0,0,0,0,0,0,0,0,0,0.000210238827184205,0,0,0,0.0650455767586462,0,0.00152252408567195,0,0,0.00972184372610758,0,0,0,0,0,0,0,0,0,0.0105005567833178,0,0,0,0,0,0.000141907869333886,0,0.00106194803805968,0,0.00071759077311852,0,0,0,0
0.000176440745506904,0,2.21588689908376e-05,0,0,0,0,0,0.00039500719757382,0,0.0079572713851891,0,0,0,0.00581967666885142,0,0,0,0,0,0,0,0,0,0,0,0,0,0,0,0,0,0,0,0,0,0,0,0,0,3.16680628660094e-05,0,0.000185000155119882,0,0,0,0,0,0.00184659608960049,0,0,0,0,0,0,0,0.0119133084822995,0,0.0328175744800148,0,0.000907156744376279,0,0,3.81811051471809e-05,0,0,0,0,0,0,0,0,0,0,0,0,0,0,0,0,0,0,0.000263104921909707,1.03823022072902e-05,0.000358096062774364,0,0
0,0,0,0,0,0,0,0.00322075017354369,0,0,0,0.0135694933228269,0,0,0,0.0160164298921165,0,0,0,0,0,0,0,0,0,0,0,0.00140948748533797,0,0,0,0,0,0,0,0,0,0,0,0,0,0,0,0,0,0,0,0,0,0,0,0,0,0,0,0,0,0.000741875447449025,0,0.0107071769634567,0,0.0046471143385671,0,0,0,0,0,0,0,0,0,0,0,0,0,0,0,0,0,0,0,0,0.00132508933966411,0.00146855886975417,0,0,0
0.0086194042728446,0,0.000369308429647001,0,0.000434745815431333,0,0,0,0.0371722249802427,0,0,0,0.00581967666885142,0,0,0,0.000406933045932052,0,0,0,2.17249206180685e-05,0,0,0,0.00017697282225231,0,0.000698193138493552,0,0,0,0,0,0,0,0,0,1.82335207742049e-06,0,0,0,0.00012009416076588,0,0.00213348535586398,0,0,0,2.88368428243819e-05,0,0.0053669318595313,0,0.000396702481076081,0,0,0,0.00933733475280459,0,0.00407889240452501,0,0.00494400969354241,0,0.0492057694826891,0,0,7.04710285943292e-05,0,0,0,0,0,0.00172015057699626,0,0,0,0,0,0,0,0,0,2.60240197277921e-06,0,0,0.00058007628345974,8.52839802870444e-06,0.00146289652942169,0,0
0,0,0,0.0178878068066608,0,0.0327061796593829,0,0,0,0.0587856964577837,0,0,0,0.0160164298921165,0,0,0,0.00088472293048069,0,0,0,0,0,0,0,0,0,0,0,0,0,0,0,0,0,0,0,0,0,0,0,1.90067126433993e-05,0,0,0,0,0,0,0,0,0,0.00420478089043046,0,0,0,0.00228502793678175,0,0.000127362982737624,0,0.0157054657558657,0,0.0509273706567302,0,0,0,0,0,0,0.00076379446589616,0,0,0,0,0,0,0,0,0,0,0,0,0,0.00227870813337423,0.00280607331689198,2.73794249583897e-05,0,0
0.000355429929142223,2.13676161338325e-05,0,0,0,0,0,0,0.000627739537947619,0,0,0,0,0,0.000406933045932052,0,0,0.113216093674453,0.0877741867116368,0,2.47908394716692e-05,0,0.000748846044205373,0,0.000841215100667602,0,0.00259769566377784,0,0,0,0,0,0,0,0,0,8.88303084417558e-07,0,2.3524498403685e-05,0.000415779142252003,9.55156681814624e-06,6.17407886656174e-05,0.000219390044189008,0,2.26800783803159e-05,9.73516474644541e-05,0.000102193083117837,0,0,0,0,0,0,0,0,0,9.8179843685221e-06,0,0,0,0,0,0,0.0004689285359584,0,0.000433437089303998,0,0,0,0.000623991311029043,0,0,0,0,0,0,0,0,6.08627603437312e-05,0.000253315084387708,0,2.27400422450542e-05,0.017968133990023,0.00089575786862686,0.000636810150289368,9.87606889020607e-06,0.000195255360060236
1.95811159655761e-05,0.000171956915278722,0,0,0,0,0,0,4.99913251484248e-05,0.00350193675428615,0,0,0,0,0,0.00088472293048069,0.113216093674453,0,0.0593629837817613,0,5.23560266259878e-06,0.000177973546124336,0,0.00497177939650566,0,0.00559664630152743,0,0,0,0,0,0,0,0,0,2.20451500218133e-05,7.6921780167587e-07,0,3.05186807980005e-06,0.00201378906161251,1.96045631106717e-06,0.000355113586357914,0.000101716445647692,2.38662233418243e-05,0,0.000213783903895161,0.000243319090189998,0,0,7.47979276644731e-06,0,0,0,0,0,0.00158807008694125,0,0,0,0,0,6.01893077623338e-05,0,0.000690549052589293,0,0,1.2529073493782e-05,0,1.72242089819582e-05,0,0,0,0,9.72192375837857e-06,0,0,0,0,0.000289953023066568,0.000126749836101213,0,5.83790392650566e-06,0.0336923606015921,0.0149769799066832,0.00124450489753999,0.000180379551966837,9.19567042805261e-05
0.0111600670912245,0.00656904789155141,6.08381956614264e-05,0.000273048645332412,7.45171657829974e-06,8.07910946998714e-06,0,0,0.000655564479589805,2.2828057482474e-05,0,0,0,0,0,0,0.0877741867116368,0.0593629837817613,0,0,0.000525983773322521,0,0,6.20986772608494e-05,0,0,0,0,0,0,0,0,0,0,0,0.000309917333073339,4.36860929885158e-05,0,4.24522064081148e-05,0.0645618452255278,0.00214327082670757,0.0328105143336562,0.0130222486382953,0.00467373554867215,0.000151960699342723,0.0103354710835077,0.00938992756595413,0,0.00113285406067958,0.000698025220889124,0,0,0,0,0,8.38906876493715e-05,9.45480460722252e-05,0.00171805172115311,0,0,0,3.44753548450728e-05,0.000238124906416271,0.0224507861652731,0,0,0,0,0,0,0,0,0.00035470734957771,0.000920494596346666,0,0,0,0,0.00642887043725019,0.00882009212741161,0.000322650246756176,0.000325714913005855,0.0304711279403873,0.000522915841880656,0.0448141076001268,0.0198561657422204,0.00587940163127731
0,0,0,0,0,0,0,0.000396238808835209,0,0,0,0.000808573663113148,0,0,0,0,0,0,0,0,0,0,0,0,0,0,0,0,0,0,0,0,0,0,0,0.00227933822348727,0,0.000550272903194016,0,0,0,0,0,0,0,0,0,0,0,0.000126554140572242,0,0,0,0,0,0,0,0.000190730957913721,0,0,0,0,0.102922726228019,0,0,0,0,0,0,0,0,0,0,0,0,0,0,0,0.00324071759872761,0,0,0,0.000110279692110557,0,0.0021449680391538,0,0
0.00202821707689058,0,0.000195324476279662,0,0,0,0,0,5.98774745244881e-05,0,0.0131140068806033,0,0,0,2.17249206180685e-05,0,2.47908394716692e-05,5.23560266259878e-06,0.000525983773322521,0,0,0,0,0,0,0,0,0,0,0,0,0,0,0,0,0,0.0120330436209777,0,0.00686605152793268,0,0,0,0.000316727251247777,0,0,0,0.0048378633338758,0,0.000143308671116154,0,4.48009697393234e-05,0,0,0,0,0,0.0057978101797829,0,3.97068546080408e-05,0,0.000132237236785451,0,0,0.103262639608535,0,0,0,0,0,0,0,0,0,0,0,0,0,0,0,0.00434258414826599,0,0.00209315260576598,0.00256760508171348,9.83385465091894e-07,0.0156525437254575,0,0.000201225133107959
0,0,0,0,0,0,0,0,0,0,0,0,0,0,0,0,0,0.000177973546124336,0,0,0,0,0.000692539574122951,0.00121446179617427,0,0.000404779598303375,0,0.00114597814635838,0,0,0,0,0,0,0,0,0,0.00586481105021523,0,0,0,0,0,0,0,0,0,0,0,0.000770998115374195,0,0,0,0,0,0,0,0,0,0,0,0,0,0,0.0520838071786907,0,0.00143182303853287,0,0.000102002879989182,0,9.17478698601241e-05,0,0,0,0,0,0,0,0,0,0.00126722962444897,0,0.00187445966785178,0.0019609764465241,0,0,0
0,0,0,0,0,0,0,0,0,0,0,0,0,0,0,0,0.000748846044205373,0,0,0,0,0.000692539574122951,0,0,0.00587026553178057,0,0.00932831267737739,0,0.000538935620368425,0,0,0,0,0,0,0,0,0,0.00549180203522866,0,0,0,0,0,0,0,0,0,0.000217623384177911,0,0,0,0,0,0,0,0,0,0,0,0,0,0,0,0,0.0479214325337313,0,0.00531357093659167,0,0.00873008532294005,0,5.10381378451635e-05,0,0,0,0,0,0,0,0,0,0.00257364778225186,0.000828066920084075,9.55658673104784e-05,0,0,0
0,9.85992153153584e-05,0,3.87947345396548e-05,0,0,0,0,0,0.000628040635916198,0,0,0,0,0,0,0,0.00497177939650566,6.20986772608494e-05,0,0,0.00121446179617427,0,0,0,0.0230545950562541,0,0,0,0,0,0,0,0,0,0,0,0.00436021777726823,0,0,0,0.000270206198052397,0,0,0,0,0,0,0,0,0,0,0,0,0,0.0222216164915675,0,0,0,0,0,0.000514389143944999,0,0,0.0019383964705818,0,0.108617424316533,0,0.0763902799198484,0,0,0,0,0,0,0,0,0,0,0,0.00149038523236359,0,0.001067335787238,0,0.00167566735687641,0,0
0.00064985699894177,0,0,0,0,0,0,0,0.0296724129770616,0,0,0,0,0,0.00017697282225231,0,0.000841215100667602,0,0,0,0,0,0.00587026553178057,0,0,0,0.0221712123014556,0,0,0,0,0,0,0,0,0,0,0,0.00477537643994674,0,0,0,0,0,0,0,0,0,8.20157030306094e-05,0,0,0,0,0,0.061126897103525,0,0,0,0,0,0.0005323923677414,0,0,0,0,0.00200212634757527,0,0.0283003466391698,0,0.018043105916828,0,0,0,0,0,0,0,0,0,0,0,0.0015784435807683,0.00036016484791567,0,0.000255697253255613,0,0
0,0,0,0,0,0,0,0,0,0.002731710086462,0,0,0,0,0,0,0,0.00559664630152743,0,0,0,0.000404779598303375,0,0.0230545950562541,0,0,0,0.00485477087464937,0,0,0,0,0,0,0,0,0,0,0,0,0,0,0,0,0,0,0,0,0,0,0,0,0,0,0,0.000773015134884585,0,0,0,0,0,0.00209245063461956,0,0,0.000182882849847244,0,0.0020586440319516,0,0.0283007370531909,0,0,0,0,0,0,0,0,0,0,0,0,0,0.000356073921243268,1.11607442035311e-05,0,0,0
0,0,0,0,0,0,0,0,0.000157378246219518,0,0,0,0,0,0.000698193138493552,0,0.00259769566377784,0,0,0,0,0,0.00932831267737739,0,0.0221712123014556,0,0,0,0.00507112526519358,0,0,0,0,0,0,0,0,0,0,0,0,0,0,0,0,0,0,0,0,0,0,0,0,0,0,0,0,0,0,0,0.000712967740276235,0,0,0,0,0.00160353732951481,0,0,0,0.124298680521699,0,0.0248986369074426,0,0,0,0,0,0,0,0,0,0,0.000746140023451285,0,0,0,0
0,0,0,0,0,0,0,0,0,0,0,0,0,0.00140948748533797,0,0,0,0,0,0,0,0.00114597814635838,0,0,0,0.00485477087464937,0,0,0,0.0328975571864429,0,0,0,0,0,0,0,2.39940491155721e-05,0,0,0,0,0,0,0,0,0,0,0,0,0,0,0,0,0,0,0,0,0,0,0,0,0,0,0.000660124030029835,0,0,0,0,0,0.0326544914923266,0,0.0206716267769053,0,0,0,0,0,0,0,1.61615053696356e-05,0,0.000354875697032904,2.76737861237882e-05,0,0,0
0,0,0,0,0,0,0,0,0,0,0,0,0,0,0,0,0,0,0,0,0,0,0.000538935620368425,0,0,0,0.00507112526519358,0,0,0,5.13044142280705e-05,0,0,0,0,0,0,0,0.000713185270704565,0,0,0,0,0,0,0,0,1.26964732033007e-05,0.000131055740884588,0,0,0,0,0,0,0,0,0,0,0,0,0,0,0,0,0.000292663183226678,0,0,0,0.00481336367483968,0,0.0113833453019845,0,0,0,0,0,0,0,0,0,0.00129681602291937,6.18551060007209e-05,0,0,0,0
0,0,0,0,0,0,0,0,0,0,0,0.000710298712298414,0,0,0,0,0,0,0,0,0,0,0,0,0,0,0,0.0328975571864429,0,0,0,0,0,0,0,0,0,0.00160206169919286,0,0,0,0,0,0,0,0,0,0,0,0,0,0,0,0,0,0,0,0.000382273950128676,0,0,0,0,0,0,0,0,0,0,0,0,0.00288766091306596,0,0.0475655856394454,0,0,0,0,0,0,0,0.000309796342370601,0,2.77662056035821e-05,0,0,0,0
0,0,0,0,0,0,0,0,0,0,0.00546769329431103,0,0,0,0,0,0,0,0,0,0,0,0,0,0,0,0,0,5.13044142280705e-05,0,0,0,0,0,0,0,0,0,0.000394614532752453,0,0,0,0,0,0,0,0,0,0,0,0,0,0,0,0,0,0.0039854539209808,0,0,0,0,0,0,0,0,0,0,0,0,0,0,0,0,0.00467982419280932,0,0,0,0,0,0,0,1.13751363562835e-05,0,0,0,0,0
0,0,0,0,0,0,0,0,0,0,0,0,0,0,0,0,0,0,0,0,0,0,0,0,0,0,0,0,0,0,0,0,0.000991591431909557,0.00471953076246192,0,0.000947373023837846,0,0,0,0,0,0,0,0,0,0,0,0.0595063626854868,0,0,0,0,0,0,0,0,0,0,0,0,0,0,0,0,0,0,0,0,0,0,0,0,0,0,0.279477752678834,0,0.00538284674319524,0,0.000442442014529531,0,0,0,0.00187553602542743,0,0,0,0
0,0,0,0,0,0,0,0,0,0,0,0,0,0,0,0,0,0,0,0,0,0,0,0,0,0,0,0,0,0,0,0.000991591431909557,0,0,0,0,0.00143113413740846,0,0,0,2.16847716954805e-05,0,0,0,0,0,0,0.0282401884843028,0.000885720167604819,0,0,0,0,0,0,0,0,0,0,0,0,0,0,0,0,0,0,0,0,0,0,0,0,0,0,0.0504968859724423,0,0,0,0.00213079402846367,0,0,0.000449927780542523,0,0,0,0
0,0,0,0,0,0,0,0,0,0,0,0,0,0,0,0,0,0,0,0,0,0,0,0,0,0,0,0,0,0,0,0.00471953076246192,0,0,0.0413363964437522,0.00161686249896225,0,0.00498028727706002,9.13883436928979e-05,0,0,0,0.00059151385733129,0,0,0,0,0.0679151722314689,0.000133635704669869,0.000864191792102157,0,0,0,0,0,0,0,0,0,0,0,0,0,0,0,0,0,0,0,0,0,0,0,0,0.00161450483135645,0,0.154575321652293,0.0470464091801498,0.000112764258428162,0,0.00963141452865129,0,0.00134750348139736,0.000617678169429924,0.00107772515819065,0,0
0,0,0,0,0,0,0,0,0,0,0,0,0,0,0,0,0,0,0,0,0,0,0,0,0,0,0,0,0,0,0,0,0,0.0413363964437522,0,4.9411035379945e-05,0.000195623876436481,0,0.000274393496735068,0,0,0,0,0,0,0,0,0.0436373990266249,0.00233593548563645,0,0,0,0,0,0,0,0,0,0,0,0,0,0,0,0,0,0,0,0,0,0,0,0,0,0,0,0.00622423702076328,0.141909137776885,0,0.000505897026207517,0,0.00520971460462512,0.000933318191097019,0.00035154171751525,5.79262089107967e-05,0,0
0,1.24771212302423e-05,0,0,0,0.000203663900947379,0,0,0,1.25496826462467e-06,0,0.000585901876097448,0,0,0,0,0,2.20451500218133e-05,0.000309917333073339,0.00227933822348727,0,0,0,0,0,0,0,0,0,0,0,0.000947373023837846,0,0.00161686249896225,4.9411035379945e-05,0,0.00210564590840748,0.00615383141549101,0,0.000186714812390842,0,2.64678481064492e-05,0,0,0,0.000523732121560057,0,0.000744547822515039,1.46758542803483e-05,2.66942702514633e-05,0,0.000248365881692972,0,0,0,0,0,1.01055337457802e-05,0,0,0,0,0.00453041560343386,0,0,0,0,0,0,0,0,0,0,0,0.00286110172925277,0,0.00162344487181256,0,0.0647890914068456,0.000388121396432595,0.00169925492186213,0,0.00156611594201533,0,0.00167112976671961,5.09018329793821e-05,0
3.27729406494094e-05,0,0.000196583559640865,0,0.00010579088260404,0,0,0,0,0,5.00018643977869e-05,0,0,0,1.82335207742049e-06,0,8.88303084417558e-07,7.6921780167587e-07,4.36860929885158e-05,0,0.0120330436209777,0,0,0,0,0,0,0,0,0,0,0,0.00143113413740846,0,0.000195623876436481,0.00210564590840748,0,0,0.00339258466371677,0,0.000123426038029194,9.61234093266276e-07,2.66887358256402e-05,0,0,0,1.92528564993061e-05,0.000191243162794882,3.66265267042038e-05,0,1.4838400969759e-05,0,0,0,0,0,4.69339452488181e-05,0,1.54762023366173e-06,0,2.54117529495303e-05,0,0,0.0124039805155039,0,0,0,0,0,0,0,0,0,1.41753817997956e-06,0,0.00314564379773434,0,0.00182446732543486,0.000154731387100299,0.0366621119980657,0,0.00422904719421888,0.00293381723920879,0,0.00168215446896264,0,1.23130461674955e-05
0,0,0,0,0,0,0,0,0,2.19386165154944e-05,0,0.00056655015310996,0,0,0,0,0,0,0,0.000550272903194016,0,0.00586481105021523,0,0.00436021777726823,0,0,0,2.39940491155721e-05,0,0.00160206169919286,0,0,0,0.00498028727706002,0,0.00615383141549101,0,0,7.88386373642425e-05,0,0,8.38776741135739e-06,0,0,0,0,0,0.000253505464667065,0,0.00704185599389533,0,0,0,0,0,0.000753578189355233,0,7.593525311499e-05,0,0,0,0,1.44572105554505e-05,0,0.0032617452264442,0,0.00722084890694745,0,0,0,0,0,0.000203118653969439,0,0,0,0.000667697593481892,0,0.00629346481861106,0,0.0730671039763645,7.23126972996641e-05,0.00075551586787305,0.000364854747138428,0.0014601994632692,0,0
0.000289391565692889,0,3.3933064154351e-06,0,0,0,0,0,0.000118273077967231,0,0.000371071751905585,0,0,0,0,0,2.3524498403685e-05,3.05186807980005e-06,4.24522064081148e-05,0,0.00686605152793268,0,0.00549180203522866,0,0.00477537643994674,0,0,0,0.000713185270704565,0,0.000394614532752453,0,0,9.13883436928979e-05,0.000274393496735068,0,0.00339258466371677,7.88386373642425e-05,0,0,0,0,0.000108348923563927,0,0,0,0.000425421066785488,0.00546789073052808,0.00761274275327571,0,0,0,0,0,0.000354914213656733,0,0.000112586098307469,0,0,0,0,0,0,0.0037893336899209,0,0.000956529879588608,0,0.0154888195265282,0,0,0,0.000279181091183903,0,1.0223072770652e-05,0,0,0,0.00267796144904586,0,0.00249517552285656,0,0.0843189277415505,0.00264185872929585,0.000571739509345453,0.000678188213615114,0,0
0.000247756619717273,0.00384190062055564,0,0.000338982893674969,0,0,0,0,0,7.71441149979625e-05,0,0,0,0,0,0,0.000415779142252003,0.00201378906161251,0.0645618452255278,0,0,0,0,0,0,0,0,0,0,0,0,0,0,0,0,0.000186714812390842,0,0,0,0,0,0.14081817168243,0.000392157481045358,0.0277351823274059,0,0.0297790454215217,0.000115615731316164,0,0,0.0105874201725332,0,0,0,0,0,0,0,0.00157620244908517,0,0,0,0,0.00812996588266963,0.000535155211620818,0,0,0,0,0,0,0,0,0.000267281538302186,0,0,0,0,0,0.00891599727091997,0.000125844597625394,0.000205020897123134,2.83791277446442e-06,0.00142564931113262,1.34572015938108e-05,0.0488526164026844,0.042709111980504,5.55784016260685e-05
0.000972096130063354,0,0.0022980332257651,0,0.00025443513781308,0,0,0,0.000178329072885672,0,0,0,3.16680628660094e-05,0,0.00012009416076588,0,9.55156681814624e-06,1.96045631106717e-06,0.00214327082670757,0,0,0,0,0,0,0,0,0,0,0,0,0,2.16847716954805e-05,0,0,0,0.000123426038029194,0,0,0,0,0,0.0105870699473439,0,0,0,0.000149538064644089,0.0282387031816257,0.226099788142731,9.99192604675282e-05,0.000706797563054129,0,0,0,0,0,0.000265826231034591,0,0.000253188911772702,0,0.000503312633408307,0,0,0.00547230684722088,0,0,0,0,0,0,0,6.63374457678741e-06,0,0.000160923963417177,0,0,0,0,0,0.0133533042905974,0,5.23057665805477e-05,0.000525484728879197,5.43117505677883e-06,0.0303045558407316,0,0.00230085562994403
0,0.0238520504474931,1.40504386853942e-05,0.0105709702005564,0,0.000313120203104165,0,0,0,0.0022188907292606,0,0,0,0,0,1.90067126433993e-05,6.17407886656174e-05,0.000355113586357914,0.0328105143336562,0,0,0,0,0.000270206198052397,0,0,0,0,0,0,0,0,0,0,0,2.64678481064492e-05,9.61234093266276e-07,8.38776741135739e-06,0,0.14081817168243,0,0,0.0032623144592588,0.012915755078967,0,0.00740413024850772,3.46771009997138e-05,0.00135908363330112,0.000106487981214047,0.0196521315151797,0,6.63873654999622e-05,0,0,0,0.00198090308874527,0,0.00936571046396037,0,8.41214866036127e-05,0,0.00364242142876805,0.000865737618113054,0.00011390414804472,0,0,7.0203823270885e-05,0,0,0,0,0,0.000745008014240635,0,0,0,0,0,0.00265895756715921,3.650678731472e-05,5.39608735419737e-05,0,0.00680057469167542,5.8068583300331e-05,0.0989330924920839,0.0743219452347264,0.000348551242626451
0.0274065553146905,8.58768629534521e-06,0.00539161858915023,0.000106409022565243,0.00160176000046153,0,0,0,0.00948711903067002,0,0,0,0.000185000155119882,0,0.00213348535586398,0,0.000219390044189008,0.000101716445647692,0.0130222486382953,0,0.000316727251247777,0,0,0,0,0,0,0,0,0,0,0,0,0.00059151385733129,0,0,2.66887358256402e-05,0,0.000108348923563927,0.000392157481045358,0.0105870699473439,0.0032623144592588,0,1.21949749601102e-05,0.000765032135939405,3.24167404257622e-06,0.0338277924824546,0.0156251894898726,0.0253708239729921,0.000589117916034566,0.000241434273506892,0,0,0,0.00178122758930009,0,0.00433603174349507,3.99129024054397e-05,0.00175783703651036,0,0.0174834574199355,0,1.1009178709206e-05,0.0258056365885235,0,0,0,0,0,0,0,7.10518921335258e-05,0,0.0100730204458784,0,0,0.000363923274574403,0,2.89209977407703e-05,0.00948264010678034,0,6.15996195151307e-05,0.00796888453688884,0.000194786237862882,0.0962163821344716,0.000285057414062346,0.0709512110788072
0,0.000477456968263713,0,0,0,0,0,0,0,3.67675714335949e-05,0,0,0,0,0,0,0,2.38662233418243e-05,0.00467373554867215,0,0,0,0,0,0,0,0,0,0,0,0,0,0,0,0,0,0,0,0,0.0277351823274059,0,0.012915755078967,1.21949749601102e-05,0,0,0.00161022728664641,3.76916460077658e-05,0,0,0.000475556958172743,0,0,0,0,0,0,0,0.000444957000304675,0,0,0,0,0.000107044489157623,0.000109112446424979,0,0,0,0,0,0,0,0,9.84324055178171e-05,0,0,0,0,0,0.000432222645302579,3.03711252889325e-06,1.15316217095475e-05,0,0.000465657416065316,0,0.00333063395743769,0.0212579445675726,0
0,0,0.000464558002857627,0,0,0,0,0,0,0,0,0,0,0,0,0,2.26800783803159e-05,0,0.000151960699342723,0,0,0,0,0,0,0,0,0,0,0,0,0,0,0,0,0,0,0,0,0,0,0,0.000765032135939405,0,0,0,0.00104128065886766,0,0,0,7.9782394327833e-05,0,0,0,0,0,1.54499371249659e-05,0,0,0,9.86864031854925e-05,0,0,0.000868619079890564,0,0,0,0,0,0,0,0,0,0,0,0,0,0,0,7.50861933132856e-05,0,0,4.70033376635091e-05,0,0.000233409947465472,0,0
0,0,0,0,0,0,0,0,1.87215917088175e-05,0,0,0,0,0,0,0,9.73516474644541e-05,0.000213783903895161,0.0103354710835077,0,0,0,0,0,0,0,0,0,0,0,0,0,0,0,0,0.000523732121560057,0,0,0,0.0297790454215217,0,0.00740413024850772,3.24167404257622e-06,0.00161022728664641,0,0,0,0,0,3.12089487523988e-05,0,0,0,0,0,0,0,0.000789509174402558,0,0,0,0,0.0506434179187644,0,0,0,0,0,0,0,0,0,7.73903310147088e-06,0,0,0,0,0,0.00706376561604361,0,0.00362280864452583,0,0.000196646235984491,0,0.0316833313103853,0.000140140990249958,0
0.00428735263521601,3.54539848933465e-05,0.000664078147834182,0,0.000270475706708615,0,0,0,0.000246913024974966,0,0,0,0,0,2.88368428243819e-05,0,0.000102193083117837,0.000243319090189998,0.00938992756595413,0,0.0048378633338758,0,0,0,0,0,0,0,0,0,0,0,0,0,0,0,1.92528564993061e-05,0,0.000425421066785488,0.000115615731316164,0.000149538064644089,3.46771009997138e-05,0.0338277924824546,3.76916460077658e-05,0.00104128065886766,0,0,0,0.00117013730666847,0,4.67282192443024e-05,0,0,0,3.48439615859312e-05,0,0.000194227057028831,0,0.000106238422575157,0,0.000167085476122376,0,0,0.0483178705183476,0,0,0,0,0,0,0,0,0,0.000769316373413026,0,0,0,0,2.98220824344107e-05,0.00312658579070932,0,0.000249419738202393,0.000902621469682023,2.66734689571778e-05,0.00967701952344071,0,0.00097094294012615
0,0,0,0,0,0.000478938827451085,0,0,0,0,0,0,0,0,0,0,0,0,0,0,0,0,0,0,0,0,0,0,1.26964732033007e-05,0,0,0.0595063626854868,0.0282401884843028,0.0679151722314689,0.0436373990266249,0.000744547822515039,0.000191243162794882,0.000253505464667065,0.00546789073052808,0,0.0282387031816257,0.00135908363330112,0.0156251894898726,0,0,0,0,0,0.312215319629115,0.0465534040005643,0,0,0,0,0,0,0,0,0,0,0,0,5.33771621001025e-06,0,0,0,0,0,0,0,0,5.05886371583608e-05,0,0,0.131849146483438,0.00592334360052128,0.0210206101732551,0.00789358550792829,0.00085038978989997,4.62282998363631e-06,0.00208696245972022,0.00332767310760135,0.0140273150191744,0.0022984824478621,0.0298509933692425,0,0.000990883546219682
0.0216804712418426,0,0.0279561774895391,0,0.00206465725662975,0,0,0,0.00434974875665845,0,0,0,0.00184659608960049,0,0.0053669318595313,0,0,0,0.00113285406067958,0,0.000143308671116154,0,0.000217623384177911,0,8.20157030306094e-05,0,0,0,0.000131055740884588,0,0,0,0.000885720167604819,0.000133635704669869,0.00233593548563645,1.46758542803483e-05,3.66265267042038e-05,0,0.00761274275327571,0,0.226099788142731,0.000106487981214047,0.0253708239729921,0,0,0,0.00117013730666847,0.312215319629115,0,0.0416614345594262,0.000913754616342549,0,0,0,0.000938890690560478,0,0.00275522705799265,0,0.00250913102015814,0,0.00916633997667254,0,0,0.00146441885249352,0,0.00148208494546775,0,0,0,0.00168298873158952,0,0.00726706308122322,0,0.0172132503882958,0,0,0,0.00829104543225545,0.000385636325020246,0.00393001134673705,0,0.00623873241623669,0.00528860408176241,8.50815899667109e-05,0.0350523799379642,0,4.29074878889582e-05
0,0.010405755664972,0,0.0112675043334017,0,0.000456957063597885,0,0,0,0.00138089945739368,0,0,0,0,0,0,0,7.47979276644731e-06,0.000698025220889124,0.000126554140572242,0,0.000770998115374195,0,0,0,0,0,0,0,0,0,0,0,0.000864191792102157,0,2.66942702514633e-05,0,0.00704185599389533,0,0.0105874201725332,9.99192604675282e-05,0.0196521315151797,0.000589117916034566,0.000475556958172743,0,3.12089487523988e-05,0,0.0465534040005643,0.0416614345594262,0,0,0,0,0,0,0.00528331626239639,0,0.00145335247972213,0,0.000216550877632422,0,0.00666994794682372,3.47086577702206e-05,0,0.00172186775100407,0,0.0059028318726,0,0.00523869617836367,0,0.000415349412309111,0,0.00633804077824622,0,0,0,8.76322708227018e-05,0,0.000476281913002413,1.00363378178127e-05,0.00554097592305154,0,0.00298702243170495,1.80138534516902e-05,0.0273115613110786,0.00196530384291235,0.000190751974263613
0,0,0.0272706121399972,0,0.091635190780616,0,0.0759406900543236,0,0.00371079272950332,0,0,0,0,0,0.000396702481076081,0,0,0,0,0,4.48009697393234e-05,0,0,0,0,0,0,0,0,0,0,0,0,0,0,0,1.4838400969759e-05,0,0,0,0.000706797563054129,0,0.000241434273506892,0,7.9782394327833e-05,0,4.67282192443024e-05,0,0.000913754616342549,0,0,0,0.00589214907944634,0,0,0,0.0119954706797747,0,0.00465442553677425,0,0.0216907781472304,0,0,0,0,0,0,0,0,0,0,0,0,0,0,0,0,0,0,9.56243826118877e-07,0,0,0.00050612463320474,3.42944931610345e-05,0.00217087219588932,0,0
0,0.000136208703090669,0,0.0361882452787208,0,0.0757954873472814,0,0.0130462495991056,0,0.0173845467734336,0,0,0,0,0,0.00420478089043046,0,0,0,0,0,0,0,0,0,0,0,0,0,0,0,0,0,0,0,0.000248365881692972,0,0,0,0,0,6.63873654999622e-05,0,0,0,0,0,0,0,0,0,0,0,0.00653522304911151,0,0.00267089105025079,0,0.0114334046367132,0,0.00240464459623422,0,0.0136742422000618,0,0,0,0,0,0,0,0,0,0,0,0,0,0,0,0,0.000167588877349916,0,0,0,0.00286644534631451,0.0001908149223638,0.00669795426300032,0,0
0,0,0,0,0.018375127404458,0,0.0512363004602313,0,0,0,0,0,0,0,0,0,0,0,0,0,0,0,0,0,0,0,0,0,0,0,0,0,0,0,0,0,0,0,0,0,0,0,0,0,0,0,0,0,0,0,0.00589214907944634,0,0,0,0,0,0,0,0,0,0,0,0,0,0,0,0,0,0,0,0,0,0,0,0,0,0,0,0,0,0,0,0.000227202676976948,0,0,0,0
0,0,0,0,0,0.0018771794369185,0,0.0390635528946482,0,0,0,0.000210238827184205,0,0,0,0,0,0,0,0,0,0,0,0,0,0,0,0,0,0,0,0,0,0,0,0,0,0,0,0,0,0,0,0,0,0,0,0,0,0,0,0.00653522304911151,0,0,0,0,0,0.0296049670086002,0,0,0,0,0.000120082887719814,0,0,0,0,0,0,0,0,0,0,0,0,0,0,0,0,0,0,0,0.00032504875875332,0,0,0,0
0.110111662635378,0,0.0786025942747564,0,0,0,0,0,0.110412117799151,0,0,0,0,0,0.00933733475280459,0,0,0,0,0,0,0,0,0,0.061126897103525,0,0,0,0,0,0,0,0,0,0,0,0,0,0.000354914213656733,0,0,0,0.00178122758930009,0,0,0,3.48439615859312e-05,0,0.000938890690560478,0,0,0,0,0,0,0,0.000223649661423835,0,0.000377681181412308,0,0.0236045175034517,0,0,0,0,0,0,0.0200775843458187,0,0.00115867474490688,0,0,0,0,0,0,0,0,0,5.12404615810537e-06,0,0.000632454947844445,0.00105623854634824,2.01941892238312e-05,0.000938706970855202,0,0
0,0.111045891099544,0,0.107414617339525,0,0.00291450352134342,0,0,0,0.10793894002213,0,0,0,0,0,0.00228502793678175,0,0.00158807008694125,8.38906876493715e-05,0,0,0,0,0.0222216164915675,0,0.000773015134884585,0,0,0,0,0,0,0,0,0,0,0,0.000753578189355233,0,0,0,0.00198090308874527,0,0,0,0,0,0,0,0.00528331626239639,0,0.00267089105025079,0,0,0,0,0,0.0014266502672696,0,0,0,0.0872684239047863,0,0,0,0,0.0530162027721905,0,0,0,0,0,0,0,0,0,0,0,0,0,0.00385489054061475,0,0.000764825806852203,1.72289711487332e-05,0.00618136874432411,0.000336117776077896,0
0.00274042816640962,0,0.00584619877010799,0,0.00482213999154356,0,0,0,0.00332116344229793,0,0.0678248376904134,0,0.0119133084822995,0,0.00407889240452501,0,9.8179843685221e-06,0,9.45480460722252e-05,0,0.0057978101797829,0,0,0,0,0,0,0,0,0,0.0039854539209808,0,0,0,0,0,4.69339452488181e-05,0,0.000112586098307469,0,0.000265826231034591,0,0.00433603174349507,0,1.54499371249659e-05,0,0.000194227057028831,0,0.00275522705799265,0,0.0119954706797747,0,0,0,0.000223649661423835,0,0,0,0.0326055415296077,0,0.0191411943614852,0,0,0.0188189158366041,0,0,0,0,0,0,0,0.00579989563851996,0,0.00137177015640631,0,0,0,0,0,3.24891262899114e-05,0,0,0.000541827352867078,4.9074500781776e-05,0.0144612861125199,0,0.000989968544655513
0,0.0015644060663259,0,0.00686252212862718,0,0.000215331084100346,0,0.00224955019689593,0,0.000129620499787548,0,0.0650455767586462,0,0.000741875447449025,0,0.000127362982737624,0,0,0.00171805172115311,0.000190730957913721,0,0,0,0,0,0,0,0,0,0.000382273950128676,0,0,0,0,0,1.01055337457802e-05,0,7.593525311499e-05,0,0.00157620244908517,0,0.00936571046396037,3.99129024054397e-05,0.000444957000304675,0,0.000789509174402558,0,0,0,0.00145335247972213,0,0.0114334046367132,0,0.0296049670086002,0,0.0014266502672696,0,0,0,0.0135581986015893,0,0.00203735990870917,0.00775765824528548,0,0,0,0,0,0,0,0.00281001241444293,0,0.0138859787385879,0,0,0,0,0,0.000275323283975822,1.42338572463151e-06,0,0,0.00072947262060944,6.25212564820206e-07,0.0251119379383062,0.00167935811479239,0
0.00282768096434065,0,0.000628625549629362,0,0.00102421949943174,0,0.00174645133559911,0,0.00228178041688721,0,0.0106923573171837,0,0.0328175744800148,0,0.00494400969354241,0,0,0,0,0,3.97068546080408e-05,0,0,0,0,0,0,0,0,0,0,0,0,0,0,0,1.54762023366173e-06,0,0,0,0.000253188911772702,0,0.00175783703651036,0,0,0,0.000106238422575157,0,0.00250913102015814,0,0.00465442553677425,0,0,0,0.000377681181412308,0,0.0326055415296077,0,0,0,0.00663363844537518,0,0,0.000356843476914897,0,0,0,0,0,0,0,0.00281703607890754,0,3.49730836508022e-05,0,0,0,0,0,9.03090608909821e-06,0,0,0.000284813037945072,2.28429388124503e-05,0.00401137852768004,0,6.75864254038152e-05
0,3.40325852797808e-05,0,0.00208004856306133,0,0,0,0,0,0,0,0.00152252408567195,0,0.0107071769634567,0,0.0157054657558657,0,0,0,0,0,0,0,0,0,0,0,0,0,0,0,0,0,0,0,0,0,0,0,0,0,8.41214866036127e-05,0,0,0,0,0,0,0,0.000216550877632422,0,0.00240464459623422,0,0,0,0,0,0.0135581986015893,0,0,0,0.00404308907634513,0,0,0,0,0,0,0.00157126781731701,0,0.0255086954126449,0,0,0,0,0,0,0,0,0,0,0,0.000720552480827461,0.0001354075627412,0.000389945158285034,0,0
0.105951480513384,0,0.0172196477930407,0,0.0253210001105928,0,0,0,0.0638823394376051,0,0,0,0.000907156744376279,0,0.0492057694826891,0,0,0,0,0,0.000132237236785451,0,0,0,0.0005323923677414,0,0.000712967740276235,0,0,0,0,0,0,0,0,0,2.54117529495303e-05,0,0,0,0.000503312633408307,0,0.0174834574199355,0,9.86864031854925e-05,0,0.000167085476122376,0,0.00916633997667254,0,0.0216907781472304,0,0,0,0.0236045175034517,0,0.0191411943614852,0,0.00663363844537518,0,0,0,0,0.000687288551858311,0,0,0,0.00989166792812337,0,0.000262972584068909,0,0,0,0.00015037777184225,0,0,0,0,0,2.20765426111513e-05,0,0,0.000458718489138783,3.72398902674725e-05,0.0116706181858311,0,0.000299882183772578
0,0.005083517340582,0,0.0656083014972554,0,0.0075423023775682,0,0,0,0.064089393307171,0,0,0,0.0046471143385671,0,0.0509273706567302,0,6.01893077623338e-05,3.44753548450728e-05,0,0,0,0,0.000514389143944999,0,0.00209245063461956,0,0,0,0,0,0,0,0,0,0,0,0,0,0,0,0.00364242142876805,0,0,0,0,0,0,0,0.00666994794682372,0,0.0136742422000618,0,0,0,0.0872684239047863,0,0.00203735990870917,0,0.00404308907634513,0,0,0,0,0,0,0,0,0.00111162261335351,0,0.0017538154458788,0,0.000193070980348521,0,0,0,0,0,8.93985332157152e-06,0,0,0,0.00146042364682673,0.000857505586821174,0.00326053628469577,0.000165689809236189,0
0,0,0,8.16460492539202e-05,0,0,0,0.00170672085964829,0,0,0,0.00972184372610758,0,0,0,0,0,0,0.000238124906416271,0.102922726228019,0,0,0,0,0,0,0,0,0,0,0,0,0,0,0,0.00453041560343386,0,1.44572105554505e-05,0,0.00812996588266963,0,0.000865737618113054,1.1009178709206e-05,0.000107044489157623,0,0.0506434179187644,0,5.33771621001025e-06,0,3.47086577702206e-05,0,0,0,0.000120082887719814,0,0,0,0.00775765824528548,0,0,0,0,0,0,0,0,0,0,0,0,0,0,0.000172124915936041,0,0,0,0,0,0.0111664469698627,0,0.0011240198496068,0,0.000105706210187065,0,0.0197751193365262,0,0
0.011552573211875,0,0.00081545864836122,0,0,0,0,0,0.000170968486897451,0,0.00298043729174206,0,3.81811051471809e-05,0,7.04710285943292e-05,0,0.0004689285359584,0.000690549052589293,0.0224507861652731,0,0.103262639608535,0,0,0,0,0,0,0,0,0,0,0,0,0,0,0,0.0124039805155039,0,0.0037893336899209,0.000535155211620818,0.00547230684722088,0.00011390414804472,0.0258056365885235,0.000109112446424979,0.000868619079890564,0,0.0483178705183476,0,0.00146441885249352,0,0,0,0,0,0,0,0.0188189158366041,0,0.000356843476914897,0,0.000687288551858311,0,0,0,0,0,0,0,0,0,0,2.5914233463545e-05,0,0.00812182767309597,0,0,0,0,1.09450676424755e-05,0.0110198736338744,0,0.00601028807717746,0.00263079020196952,4.70333915195793e-05,0.0413857236955118,0,0.00463499257320472
0,0,0,0,0,0,0,0,0,0,0,0,0,0,0,0,0,0,0,0,0,0.0520838071786907,0,0.0019383964705818,0,0.000182882849847244,0,0.000660124030029835,0,0,0,0,0,0,0,0,0,0.0032617452264442,0,0,0,0,0,0,0,0,0,0,0,0.00172186775100407,0,0,0,0,0,0,0,0,0,0,0,0,0,0,0,0,0.00442315750559647,0,0.00118947871276969,0,0.00815590549807448,0,0,0,0,0,0,0,0,0,0.00283234048720445,0,0.000350996613251854,2.20394871928995e-05,0,0,0
0,0,0,0,0,0,0,0,0,0,0,0,0,0,0,0,0.000433437089303998,0,0,0,0,0,0.0479214325337313,0,0.00200212634757527,0,0.00160353732951481,0,0.000292663183226678,0,0,0,0,0,0,0,0,0,0.000956529879588608,0,0,0,0,0,0,0,0,0,0.00148208494546775,0,0,0,0,0,0,0,0,0,0,0,0,0,0,0,0,0,0,0.00258537101700106,0,0.00172344494526675,0,0.000242171023729615,0,0,0,0,0,0,0,0,0,0.000250650745937851,5.07319051778636e-05,0,0,0,0
0,0,0,0,0,0,0,0,0,9.50853509615237e-05,0,0,0,0,0,0,0,1.2529073493782e-05,0,0,0,0.00143182303853287,0,0.108617424316533,0,0.0020586440319516,0,0,0,0,0,0,0,0,0,0,0,0.00722084890694745,0,0,0,7.0203823270885e-05,0,0,0,0,0,0,0,0.0059028318726,0,0,0,0,0,0.0530162027721905,0,0,0,0,0,0,0,0,0.00442315750559647,0,0,0,0.0264829392494399,0,0.000881687761319508,0,0,0,0,0,0,0,0,0,0.0139029838659618,0,0.000391251353064218,0,0.00566838616032979,0,0
0,0,0,0,0,0,0,0,0.0135057824547451,0,0,0,0,0,0,0,0,0,0,0,0,0,0.00531357093659167,0,0.0283003466391698,0,0,0,0,0,0,0,0,0,0,0,0,0,0.0154888195265282,0,0,0,0,0,0,0,0,0,0,0,0,0,0,0,0.0200775843458187,0,0,0,0,0,0.00989166792812337,0,0,0,0,0.00258537101700106,0,0,0,0.0235582039822852,0,0,0,0,0,0,0,0,0,0,0,0.00781861105707215,4.63417105533356e-05,0,0.0034024725698844,0,0
0,0,0,0,0,0,0,0,0,0.00344873481870442,0,0,0,0,0,0.00076379446589616,0,1.72242089819582e-05,0,0,0,0.000102002879989182,0,0.0763902799198484,0,0.0283007370531909,0,0,0,0,0,0,0,0,0,0,0,0,0,0,0,0,0,0,0,0,0,0,0,0.00523869617836367,0,0,0,0,0,0,0,0,0,0.00157126781731701,0,0.00111162261335351,0,0,0.00118947871276969,0,0.0264829392494399,0,0,0,0.008117431211869,0,0,0,0,0,0,0,0,0,0,0,0.000346336786327697,0,0,0,0
0,0,0,0,0,0,0,0,0.00816866074612908,0,0,0,0,0,0.00172015057699626,0,0.000623991311029043,0,0,0,0,0,0.00873008532294005,0,0.018043105916828,0,0.124298680521699,0,0.00481336367483968,0,0,0,0,0,0,0,0,0,0,0,0,0,0,0,0,0,0,0,0.00168298873158952,0,0,0,0,0,0.00115867474490688,0,0,0,0,0,0.000262972584068909,0,0,0,0,0.00172344494526675,0,0.0235582039822852,0,0,0,0.0181446214744152,0,0,0,0,0,0,0,0,0,0,2.74340963814246e-05,0,0,0,0
0,0,0,0,0,0,0,0,0,0,0,0,0,0,0,0,0,0,0,0,0,9.17478698601241e-05,0,0,0,0,0,0.0326544914923266,0,0.00288766091306596,0,0,0,0,0,0,0,0,0,0,0,0,0,0,0,0,0,0,0,0.000415349412309111,0,0,0,0,0,0,0,0.00281001241444293,0,0.0255086954126449,0,0.0017538154458788,0,0,0.00815590549807448,0,0.000881687761319508,0,0.008117431211869,0,0,0,0.000392077331358275,0,0,0,0,0,0,0,0.00242203081365155,0,0,0,0,0,0
3.62682795292471e-05,0,7.20840559634984e-05,0,0,0,0,0,0.000104953039480749,0,0,0,0,0,0,0,0,0,0,0,0,0,5.10381378451635e-05,0,0,0,0.0248986369074426,0,0.0113833453019845,0,0,0,0,0,0,0,0,0,0.000279181091183903,0,6.63374457678741e-06,0,7.10518921335258e-05,0,0,0,0,5.05886371583608e-05,0.00726706308122322,0,0,0,0,0,0,0,0.00579989563851996,0,0.00281703607890754,0,0,0,0,2.5914233463545e-05,0,0.000242171023729615,0,0,0,0.0181446214744152,0,0,0,0.011545808045595,0,0,0,0,0,0,0,0.00234195148988909,3.35930182472026e-05,0,0.00396830508838754,0,0
0,8.08894899295698e-05,0,0.00083522437539043,0,0,0,0,0,0,0,0.0105005567833178,0,0,0,0,0,0,0.00035470734957771,0,0,0,0,0,0,0,0,0.0206716267769053,0,0.0475655856394454,0,0,0,0,0,0,0,0.000203118653969439,0,0.000267281538302186,0,0.000745008014240635,0,9.84324055178171e-05,0,7.73903310147088e-06,0,0,0,0.00633804077824622,0,0,0,0,0,0,0,0.0138859787385879,0,0,0,0.000193070980348521,0.000172124915936041,0,0,0,0,0,0,0,0.000392077331358275,0,0,0,0,0,0,0,8.91602268573435e-06,0,5.27261833333745e-05,0,7.82298963198204e-05,0,0.00240156613734462,0.000248920374278785,0
