0,0,0.162424600372712,0,0,0,0,0,0.132973323225975,0,0,0,0,0,0,0,0.399866948525111,0.283506721258163,0.328029000977857,0,0,0,0,0,0.232803747057915,0,0,0,0,0,0,0,0,0,0,0,0,0.33137035369873,0,0,0,0,0.297243911644508,0,0,0.321163237094879,0.313872396349907,0.327364643414815,0.177675761282444,0,0,0,0,0,0.165891890130613,0,0.280258119106293,0,0.173656601172227,0,0.169570340829737,0,0,0,0,0,0,0.263159960508347,0,0,0,0,0,0,0,0,0,0,0.360389858484268,0.36193657318751,0,0,0.275502292866554,0,0.237870212115837,0,0
0,0,0,0,0,0,0,0,0,0.134632298101981,0,0,0,0,0,0.132977530360222,0,0,0.251261740922928,0,0,0,0,0.128582864999771,0,0,0,0,0,0,0,0,0,0,0,0,0,0,0.279551059007645,0.325594946742058,0,0.35124560193329,0,0.314880847930908,0,0.317029674847921,0,0,0,0.216768428186576,0,0,0,0,0,0.150756488500655,0,0.263248890638351,0,0,0,0.141256028504083,0.289989680051804,0,0,0,0.244867953161399,0,0,0,0,0,0.339015038684011,0,0,0,0,0,0.370427053708297,0,0,0,0.156917902762475,0,0.231558551008885,0,0
0.162424600372712,0,0,0,0,0,0,0,0.128136038780212,0,0,0,0,0,0,0,0.281034827232361,0.267952978610992,0.268412594993909,0,0,0,0,0,0,0,0,0,0,0,0,0,0,0,0,0,0,0,0,0,0.251161128282547,0,0.282333842095207,0,0,0,0.221672902504603,0.283494979143143,0.191241923857618,0,0.206993569729521,0,0,0,0.1807681620121,0,0.261693879961967,0,0.234203666113736,0,0.237117116649946,0,0,0.231687078873316,0,0,0,0,0,0,0,0,0,0,0,0,0,0.298646777868271,0,0.257919646054506,0,0,0.278525157065331,0,0.195765990206576,0,0.240789217253526
0,0,0,0,0,0.139213847712829,0,0,0,0,0,0,0,0,0,0,0,0,0.248569160699844,0.262999624013901,0,0,0,0,0,0,0,0,0,0,0,0,0,0,0,0.219207353393237,0,0,0,0.285414417584737,0,0.244173427569796,0,0,0,0,0,0.302226811647415,0,0.174987200233671,0,0.264136230780019,0,0,0,0,0,0.240229072943916,0,0.22461416558465,0,0.188895297050476,0.402021417834542,0,0,0,0,0,0,0,0,0,0.268796260419645,0,0,0,0,0,0.291335321285508,0,0.31540758907795,0,0.228833520448351,0.207291722297668,0.257833464640905,0.242134753200743,0
0,0,0,0,0,0,0.178312565018604,0,0.175437504594976,0,0,0,0.159061044454575,0,0,0,0,0,0,0,0,0,0,0,0,0,0,0,0,0,0,0,0,0,0,0,0,0,0,0,0,0,0.267022962016719,0,0,0,0.183090448379517,0.309778958559036,0,0,0.170983717636724,0,0,0,0.127944345275561,0,0.224603828091126,0,0,0,0,0,0,0.215736376338227,0,0,0,0,0,0,0,0,0,0,0,0,0,0,0,0.236696608364582,0,0,0.175709724116546,0.388076633214951,0.213791383547826,0,0.246845915913582
0,0,0,0.139213847712829,0,0,0,0.161585703492165,0,0,0,0,0,0,0,0.224840639159083,0,0,0,0.175505231793334,0,0,0,0,0,0,0,0,0,0,0,0,0,0,0,0.198967534303665,0,0,0,0,0,0.234270319342613,0,0,0,0,0,0.292586430907249,0,0.240073347464204,0,0.156617597115378,0,0,0,0,0,0,0,0,0,0.212559756178122,0.192107334733009,0,0,0,0,0,0,0,0,0,0,0,0,0,0,0,0.237148329615593,0,0,0,0.181418398729942,0.23918601367847,0.170162324063681,0,0
0,0,0,0,0.178312565018604,0,0,0,0,0,0,0,0.193108629849222,0,0,0,0,0,0,0,0,0,0,0,0,0,0,0,0,0,0,0,0,0,0,0,0,0,0,0,0,0,0,0,0,0,0,0,0,0,0.145200135807196,0,0.165166079998016,0,0,0,0.171907848470351,0,0.161694198846817,0,0,0,0,0,0,0,0,0,0,0,0,0,0,0,0,0,0,0,0,0,0,0,0.211287571952261,0.187989468375842,0.139224448800087,0,0
0,0,0,0,0,0.161585703492165,0,0,0,0,0,0.100807700306177,0,0.22855951433832,0,0,0,0,0,0.130488528341977,0,0,0,0,0,0,0,0,0,0,0,0,0,0,0,0,0,0,0,0,0,0,0,0,0,0,0,0,0,0,0,0.192440850829536,0,0.169800418887154,0,0,0,0.161523502805959,0,0.168705868771521,0,0,0,0,0,0,0,0,0,0,0,0,0,0,0,0,0,0,0,0,0,0,0.226371681807857,0.234516926787116,0,0,0
0.132973323225975,0,0.128136038780212,0,0.175437504594976,0,0,0,0,0,0,0,0,0,0.182535457114379,0,0,0,0.21112933754921,0,0,0,0,0,0.22655733525753,0,0.171679109334946,0,0,0,0,0,0,0,0.242012552917004,0,0,0,0.203132642973815,0,0,0,0.278362906404904,0,0,0,0,0,0,0,0,0,0,0,0.222768603272948,0,0.35317208369573,0,0,0,0.166548158973455,0,0,0,0,0,0,0.260422582653436,0,0.175139449122879,0,0,0,0,0,0,0,0.254623705148697,0,0,0,0.237284059590059,0.196985465542934,0.243745481967926,0.208908242940903,0,0.307782828807831
0,0.134632298101981,0,0,0,0,0,0,0,0,0,0,0,0,0,0.180496520322302,0,0,0,0,0,0,0,0.153201570632039,0,0,0,0,0,0,0,0,0,0.234468913740582,0,0,0,0.192580858245492,0.295805931091309,0,0,0.240091240654389,0,0,0,0,0,0.325257077813148,0,0,0,0,0,0,0,0.219198771776503,0,0,0,0,0,0.17683612874576,0,0,0,0,0.233450242898602,0,0,0,0,0,0,0,0,0,0.239110325658044,0,0,0,0.253820066753122,0,0.167591321485948,0.174527055729519,0.160652934272702,0,0
0,0,0,0,0,0,0,0,0,0,0,0,0.163943511716435,0,0,0,0,0,0,0,0.147416733709222,0,0,0,0,0,0,0,0.161919211347898,0,0,0,0,0,0,0,0.175849963666488,0,0.147500169960161,0,0,0,0,0,0,0,0,0,0,0,0,0,0,0,0,0,0.204566604478273,0,0.15731967261268,0,0,0,0,0.143974616394176,0,0,0,0,0,0,0,0.180831084648768,0,0.194186230003834,0,0,0,0,0,0.167152111019407,0,0.160731974103109,0.16563805194796,0.194143354892731,0.246498097976049,0,0
0,0,0,0,0,0,0,0.100807700306177,0,0,0,0,0,0.161376774357415,0,0,0,0,0,0.160173526282112,0,0,0,0,0,0,0,0.158920527859168,0,0,0,0,0,0,0,0.136780276695223,0,0.143963784317751,0,0,0,0,0,0,0,0,0,0,0,0,0,0,0,0.200484223663807,0,0,0,0.188834205155628,0,0.163988406690516,0,0,0.156436995349147,0,0,0,0,0,0,0,0.161057146695944,0,0.153822325847366,0,0,0,0,0,0.173581857726259,0,0.142214825388885,0,0.145632470997287,0.153378278017044,0.205515821774801,0,0
0,0,0,0,0.159061044454575,0,0.193108629849222,0,0,0,0.163943511716435,0,0,0,0.180889548290344,0,0,0,0,0,0,0,0,0,0,0,0,0,0,0,0,0,0,0,0,0,0,0,0,0,0,0,0,0,0,0,0,0,0,0,0,0,0,0,0,0,0.16634975373745,0,0.167141660963173,0,0.197801202535629,0,0,0,0,0,0,0,0,0,0,0,0,0,0,0,0,0,0,0,0,0,0.193210141420871,0.229833403813222,0,0,0
0,0,0,0,0,0,0,0.22855951433832,0,0,0,0.161376774357415,0,0,0,0.190215885639191,0,0,0,0,0,0,0,0,0,0,0,0.183668341901567,0,0,0,0,0,0,0,0,0,0,0,0,0,0,0,0,0,0,0,0,0,0,0,0,0,0.184357762336731,0,0,0,0.164269417217097,0,0.181173351197021,0,0.167316095080487,0,0,0,0,0,0,0,0,0.190325521677732,0,0,0,0,0,0,0,0,0,0,0,0.175878727627106,0.231095862450059,0,0,0
0,0,0,0,0,0,0,0,0.182535457114379,0,0,0,0.180889548290344,0,0,0,0,0,0,0,0,0,0,0,0,0,0.158497775594393,0,0,0,0,0,0,0,0,0,0,0,0,0,0,0,0,0,0,0,0,0,0,0,0,0,0,0,0.199345245957375,0,0,0,0.220425358512899,0,0.212623904304845,0,0,0,0,0,0,0,0,0.167820653745106,0,0.151234284043312,0,0,0,0,0,0,0,0,0,0,0.206018926067786,0.192122980952263,0,0,0
0,0.132977530360222,0,0,0,0.224840639159083,0,0,0,0.180496520322302,0,0,0,0.190215885639191,0,0,0,0.161363691091537,0,0,0,0,0,0,0,0,0,0,0,0,0,0,0,0,0,0,0,0,0,0,0,0,0,0,0,0,0,0,0,0,0,0,0,0,0,0.223455155640841,0,0,0,0,0,0.128868895272414,0,0,0,0,0.212772444316319,0,0,0,0,0,0,0,0,0,0,0,0,0,0,0,0.185777165430868,0.233343521133065,0,0,0
0.399866948525111,0,0.281034827232361,0,0,0,0,0,0,0,0,0,0,0,0,0,0,0.180272565879878,0.326121501593605,0,0,0.139315193699252,0.129250385866659,0.153857310116291,0.154039523282716,0.145838590533431,0.131091274075005,0,0,0,0,0,0,0,0,0,0,0,0,0.305583513396628,0.325338463349776,0.282963312209346,0.267714634173266,0.320243626832962,0.288167843764479,0.33031018470463,0.32856033849962,0,0,0,0,0,0,0,0,0,0.261826788385709,0.279201030731201,0,0,0,0,0.288722664117813,0.338332345088323,0.155356966786914,0.136991700364484,0,0.15141106814146,0.145890478789806,0.133442493298879,0,0,0.343760050833225,0,0,0,0,0,0.338731542825699,0.345231553273542,0.364238888025284,0,0.180272245842019,0.15286458978963,0.31719560312448,0.280572695864571,0.266618426849124
0.283506721258163,0,0.267952978610992,0,0,0,0,0,0,0,0,0,0,0,0,0.161363691091537,0.180272565879878,0,0.304917161763155,0,0,0.135958222448094,0.154406841471791,0.158485719522363,0.155373387716033,0.140262749696032,0.144936790538801,0,0,0,0,0,0,0,0,0.342534512281418,0,0,0,0.309635593804694,0.350469256192446,0.274412908568615,0.254434536585863,0.317077298959096,0.282726312677066,0.312391380469004,0.321267706342041,0,0,0.275782038768133,0,0,0,0,0,0,0.287348414460818,0.300449505448341,0,0,0,0,0.298240075508753,0,0.137523311267205,0.14993221561114,0.172806024551392,0.15544060085501,0.159620511910466,0.300931692123413,0,0,0.320014595985413,0,0,0,0,0,0.327507449047906,0.342233677876407,0,0,0.162900078843292,0.16328010904558,0.31644353961205,0.282310888585117,0.253889204727279
0.328029000977857,0.251261740922928,0.268412594993909,0.248569160699844,0,0,0,0,0.21112933754921,0,0,0,0,0,0,0,0.326121501593605,0.304917161763155,0,0,0,0.211985756953557,0.229147953646524,0.224121403694153,0.212605580687523,0,0.238655353585879,0,0,0,0,0,0,0,0,0.343467131257057,0,0,0,0.338201932690221,0.338359562749685,0.245874991955039,0.216102815978767,0.364603110722133,0.27847672339486,0.342203789362402,0.338480180901159,0.29309478700161,0.290919840335846,0.249619890814242,0.272032290697098,0,0,0,0,0,0.31061038199593,0.32414419363652,0,0,0,0,0.305704221934886,0.326437779835292,0,0,0,0.198158770799637,0,0.308674648404121,0,0,0.327670838444605,0.345129251480103,0,0,0,0,0.369845920013011,0.355949811502549,0.449429235176036,0,0.24914647769939,0.223621005813281,0.334190773464785,0.249057642674721,0.216482045155176
0,0,0,0.262999624013901,0,0.175505231793334,0,0.130488528341977,0,0,0,0.160173526282112,0,0,0,0,0,0,0,0,0,0,0,0,0,0,0,0,0,0,0,0,0,0,0,0.154467335516247,0,0.150522069120016,0,0,0,0,0,0,0,0,0,0,0,0.229496195912361,0,0.177210276325544,0,0.139913231134415,0,0,0,0.245649150439671,0,0,0,0,0.157559425124893,0,0,0,0,0,0,0,0,0,0,0,0,0,0,0,0.192657890240494,0,0.122027687728405,0,0.158351017277182,0.177855807542801,0.205654414133592,0,0
0,0,0,0,0,0,0,0,0,0,0.147416733709222,0,0,0,0,0,0,0,0,0,0,0,0,0,0,0,0,0,0,0,0,0,0,0,0,0,0.160833146230966,0,0.150911197066307,0,0,0,0,0,0,0,0.27499395608902,0.280693769454956,0.198311194777489,0,0.182989587783813,0,0,0,0,0,0.145994737868854,0,0.243486538529396,0,0,0,0,0.186426342177675,0,0,0,0,0,0,0,0,0,0,0,0,0,0,0,0.183999447421272,0,0.140672995990155,0.163949605077505,0.202580591042837,0.227461499585347,0,0
0,0,0,0,0,0,0,0,0,0,0,0,0,0,0,0,0.139315193699252,0.135958222448094,0.211985756953557,0,0,0,0.125158540762154,0.130020273356315,0.168317511677742,0.137078622089965,0.132297366857529,0.141900773111143,0,0,0,0,0,0,0,0,0,0.2693133069424,0,0,0,0,0.39791139960289,0,0,0,0,0,0,0.295798045716115,0,0,0,0,0,0,0,0,0,0,0,0,0,0,0.211198650404338,0.134185443547639,0.208555326169851,0,0.195192385956926,0,0.214837481578191,0,0,0,0,0,0,0,0,0,0.332164824436884,0,0.150784715646199,0.138512424113254,0.251164227724075,0,0
0,0,0,0,0,0,0,0,0,0,0,0,0,0,0,0,0.129250385866659,0.154406841471791,0.229147953646524,0,0,0.125158540762154,0,0,0.194807535214793,0.148719325661659,0.152904943065353,0,0.183677918777086,0,0,0,0,0,0,0,0,0.111666726569335,0.198774480218716,0,0,0.26201319694519,0.215521551668644,0,0,0,0.254288539290428,0,0.20016001158231,0,0,0,0,0,0,0,0,0,0,0,0,0,0,0.282170712947845,0,0.192069322621193,0,0.243800966276063,0,0.162830733054993,0,0.165628477931023,0,0,0,0,0,0,0,0,0,0.230889578221253,0.149227558400452,0.140771583125398,0.234158039093018,0,0.228802546858788
0,0.128582864999771,0,0,0,0,0,0,0,0.153201570632039,0,0,0,0,0,0,0.153857310116291,0.158485719522363,0.224121403694153,0,0,0.130020273356315,0,0,0.149120055139065,0.180636862677241,0,0,0,0,0,0,0,0.24880654613177,0,0,0,0.278533489845785,0.540057182312012,0,0,0,0,0,0,0,0.312020003795624,0.505190074443817,0.409976303577423,0.319813307487603,0,0,0,0,0,0.158815164978688,0,0,0,0,0,0,0,0,0.194123172728749,0,0.201779824307936,0.153633192181587,0.183647368589173,0,0,0,0,0,0,0,0.231846920081547,0,0,0,0.241390128569169,0,0.15316363730671,0.136539936065674,0.314837512249748,0,0.198242545127869
0.232803747057915,0,0,0,0,0,0,0,0.22655733525753,0,0,0,0,0,0,0,0.154039523282716,0.155373387716033,0.212605580687523,0,0,0.168317511677742,0.194807535214793,0.149120055139065,0,0.146290436387062,0.174854511007046,0,0,0,0,0,0,0,0,0,0,0.393837600946426,0.207973064858871,0,0,0.287784159183502,0.293512098491192,0,0,0,0,0.346322655677795,0.267738480326977,0,0,0,0,0,0.287179650779328,0,0,0,0,0,0.265180170536041,0,0,0,0,0.193923722790635,0,0.201227998258862,0,0.176943390646525,0,0,0,0,0,0,0,0.276473760604858,0.3067986369133,0.22469924390316,0,0.207846673963657,0.140012647403349,0.126267194747925,0.267467838335544,0,0
0,0,0,0,0,0,0,0,0,0,0,0,0,0,0,0,0.145838590533431,0.140262749696032,0,0,0,0.137078622089965,0.148719325661659,0.180636862677241,0.146290436387062,0,0,0.153445740044117,0,0,0,0,0,0,0,0,0,0,0,0,0,0,0.18046148121357,0,0,0,0,0,0,0,0,0,0,0,0,0,0,0,0,0,0,0,0,0,0.165294274687767,0.134447351098061,0.210950933396816,0.139450177550316,0.185895642973112,0,0.18902714872983,0,0,0,0,0,0,0,0,0,0,0,0.150809224812115,0.158899989995089,0,0,0
0,0,0,0,0,0,0,0,0.171679109334946,0,0,0,0,0,0.158497775594393,0,0.131091274075005,0.144936790538801,0.238655353585879,0,0,0.132297366857529,0.152904943065353,0,0.174854511007046,0,0,0,0.176082495035547,0,0,0,0,0,0,0,0,0,0,0,0,0,0,0,0,0,0,0,0,0,0,0,0,0,0.184672504663467,0,0,0,0,0,0,0,0,0,0,0.171789929270744,0,0.184740254575489,0,0.166171385542206,0,0.184554532170296,0,0,0,0,0,0,0,0,0,0,0.121775748336919,0,0,0,0.187799409031868
0,0,0,0,0,0,0,0,0,0,0,0.158920527859168,0,0.183668341901567,0,0,0,0,0,0,0,0.141900773111143,0,0,0,0.153445740044117,0,0,0,0.170312682190886,0,0,0,0,0,0,0,0.146503880620003,0,0,0,0,0,0,0,0,0,0,0,0,0,0,0,0,0,0,0,0,0,0.183153557023783,0,0,0,0,0.18294439444395,0,0,0,0.152213799911486,0,0.176369978977788,0,0.184152629636319,0,0,0,0,0,0,0,0.175861966278818,0,0.173008911635565,0.161326365545392,0,0,0
0,0,0,0,0,0,0,0,0,0,0.161919211347898,0,0,0,0,0,0,0,0,0,0,0,0.183677918777086,0,0,0,0.176082495035547,0,0,0,0.164085368905216,0,0,0,0,0,0,0,0.160962192828839,0,0,0,0,0,0,0,0,0,0,0,0,0,0,0,0,0,0,0,0.195650681853294,0,0,0,0,0,0,0.222339114927231,0,0,0,0.146077266335487,0,0.18166792533213,0,0.171534972472323,0,0,0,0,0,0,0,0.159263208116356,0.150185704231262,0.159012749791145,0,0,0
0,0,0,0,0,0,0,0,0,0,0,0,0,0,0,0,0,0,0,0,0,0,0,0,0,0,0,0.170312682190886,0,0,0,0,0,0,0,0,0,0.154447628584291,0,0,0,0,0,0,0,0,0,0,0,0,0,0,0,0,0,0,0,0,0,0,0,0,0,0,0,0,0,0,0,0,0.15589346316146,0,0.155193289243064,0,0,0,0,0,0,0,0.17520599615048,0,0,0,0,0,0
0,0,0,0,0,0,0,0,0,0,0,0,0,0,0,0,0,0,0,0,0,0,0,0,0,0,0,0,0.164085368905216,0,0,0,0,0,0,0,0,0,0.158788381249837,0,0,0,0,0,0,0,0,0,0,0,0,0,0,0,0,0,0,0,0,0,0,0,0,0,0,0,0,0,0,0,0,0,0,0.182913090641561,0,0,0,0,0,0,0,0.186244571933875,0.151330065727234,0,0,0,0
0,0,0,0,0,0,0,0,0,0,0,0,0,0,0,0,0,0,0,0,0,0,0,0,0,0,0,0,0,0,0,0,0.157015792873441,0.194480946118181,0.151245771010229,0.169325849877333,0.14398854970932,0,0,0,0,0,0,0,0,0,0,0.332964605628441,0,0.44660420740237,0,0,0,0,0,0,0,0,0,0,0,0,0,0,0,0,0,0,0,0,0,0,0,0,0.182068604348081,0.159224196693257,0,0.153851879330782,0.251154841001003,0.141615213205417,0,0,0.180754866665122,0,0.415627360343933,0,0
0,0,0,0,0,0,0,0,0,0,0,0,0,0,0,0,0,0,0,0,0,0,0,0,0,0,0,0,0,0,0,0.157015792873441,0,0,0.28620673418045,0.152424732844035,0.150564893157709,0,0,0,0,0,0,0,0,0,0,0.328359801467188,0.482944548130035,0,0,0,0,0,0,0,0,0,0,0,0,0,0,0,0,0,0,0,0,0,0,0,0,0,0.157713935211085,0.21483202269528,0,0,0,0.198346644768797,0,0,0.177996395193801,0,0,0,0
0,0,0,0,0,0,0,0,0,0.234468913740582,0,0,0,0,0,0,0,0,0,0,0,0,0,0.24880654613177,0,0,0,0,0,0,0,0.194480946118181,0,0,0.211466487405428,0.190041552957511,0,0.307334469603514,0.187118724816375,0,0,0.437414914369583,0,0,0,0,0,0.435648427729164,0.50529932230711,0.373072243087432,0,0,0,0,0,0,0,0,0,0,0,0,0,0,0,0,0,0,0,0,0,0,0,0,0.244015668829282,0,0.201655196571288,0.1963767698401,0.196895990830201,0,0.399491213891353,0.425476610660553,0.255937950866711,0,0.383540709813436,0,0
0,0,0,0,0,0,0,0,0.242012552917004,0,0,0,0,0,0,0,0,0,0,0,0,0,0,0,0,0,0,0,0,0,0,0.151245771010229,0.28620673418045,0.211466487405428,0,0,0.182139809785321,0.59939444065094,0.171108058520726,0,0,0,0.555032879114151,0,0,0,0,0.457456358805788,0.350625428286466,0,0.281701058149338,0,0,0,0,0,0,0,0,0,0,0,0,0,0,0,0,0,0,0,0,0,0,0,0.144542381167412,0.173004478216171,0.188560555476689,0.207690197595132,0,0.186192123167096,0,0.246630060558136,0.29626224219799,0,0.355068147182465,0,0
0,0,0,0.219207353393237,0,0.198967534303665,0,0,0,0,0,0.136780276695223,0,0,0,0,0,0.342534512281418,0.343467131257057,0.154467335516247,0,0,0,0,0,0,0,0,0,0,0,0.169325849877333,0.152424732844035,0.190041552957511,0,0,0.166634702961408,0.167773055444871,0.140714471538862,0.239947229623795,0,0,0,0,0,0.262033293023705,0,0.308265816706877,0,0.254868736863136,0,0.183095281322797,0,0,0,0,0,0.130827926038727,0,0.216075897216797,0,0,0.158095676188678,0,0,0,0,0,0,0,0,0,0,0,0.164334874945598,0.166622269671896,0.183829569041348,0,0.215758861030671,0.163956498411363,0.216506615216317,0,0.159892296983199,0.17471818410612,0.190602298458697,0.383519411087036,0
0,0,0,0,0,0,0,0,0,0,0.175849963666488,0,0,0,0,0,0,0,0,0,0.160833146230966,0,0,0,0,0,0,0,0,0,0,0.14398854970932,0.150564893157709,0,0.182139809785321,0.166634702961408,0,0,0.197919961321102,0,0,0,0,0,0,0.232260152697563,0,0.272676378488541,0,0,0.196603260057814,0,0,0,0,0,0.173834223689054,0,0.209137126803398,0,0,0,0,0.173797058021241,0,0,0,0,0,0,0,0,0,0,0,0.181264134093386,0,0.182194556404905,0.207127198167145,0.200225138332619,0,0.231344472343115,0.168433107192714,0.187797755713245,0.189086860244714,0,0
0.33137035369873,0,0,0,0,0,0,0,0,0.192580858245492,0,0.143963784317751,0,0,0,0,0,0,0,0.150522069120016,0,0.2693133069424,0.111666726569335,0.278533489845785,0.393837600946426,0,0,0.146503880620003,0,0.154447628584291,0,0,0,0.307334469603514,0.59939444065094,0.167773055444871,0,0,0.280065490447696,0,0,0.396365269087255,0,0,0,0.286706268787384,0,0.648184055562383,0.448994056429974,0.395449143157286,0,0,0,0,0,0,0,0.150340416878671,0,0,0,0,0.175059938281775,0,0.282574002583822,0,0.35222393554873,0,0,0,0.194262031997953,0,0.167863497497342,0,0,0,0.221812032549097,0.469477266073227,0.211327965851645,0,0.226365819980103,0.404391663148999,0.265464966200807,0.158401433763833,0.481123021938874,0.170478031039238,0.334050625562668
0,0.279551059007645,0,0,0,0,0,0,0.203132642973815,0.295805931091309,0.147500169960161,0,0,0,0,0,0,0,0,0,0.150911197066307,0,0.198774480218716,0.540057182312012,0.207973064858871,0,0,0,0.160962192828839,0,0.158788381249837,0,0,0.187118724816375,0.171108058520726,0.140714471538862,0.197919961321102,0.280065490447696,0,0,0,0.367314130067825,0,0,0,0,0,0.717588056743029,0.388822494913264,0.472965038484997,0,0,0,0,0.292706688940525,0.283988952636719,0.163825460240172,0,0,0,0,0,0,0.187381930649281,0,0.245458382986327,0.607441127300262,0.293561658608356,0,0,0,0.16235713660717,0,0.186953663825989,0,0,0.205201425096568,0.214323436181144,0.180967677916799,0.209499961536446,0.160882434551267,0.213894888788804,0.241318220817881,0.15194002283471,0.37134432701432,0,0
0,0.325594946742058,0,0.285414417584737,0,0,0,0,0,0,0,0,0,0,0,0,0.305583513396628,0.309635593804694,0.338201932690221,0,0,0,0,0,0,0,0,0,0,0,0,0,0,0,0,0.239947229623795,0,0,0,0,0.336365967988968,0.301797758558683,0.278359874298698,0.476162594800093,0.289550364017487,0.301176376927357,0.328046746551991,0.335421753999514,0,0.239727007237713,0,0,0,0,0,0,0.30072757601738,0.334089763854679,0,0,0,0,0.272709865262384,0,0,0,0,0.238152429461479,0,0,0,0,0.274834034012424,0,0,0,0,0,0.287280372179514,0.360583320260048,0.306959673762321,0,0.28868898324766,0,0.315421766353675,0.350828866313758,0.349732786417007
0,0,0.251161128282547,0,0,0,0,0,0,0,0,0,0,0,0,0,0.325338463349776,0.350469256192446,0.338359562749685,0,0,0,0,0,0,0,0,0,0,0,0,0,0,0,0,0,0,0,0,0.336365967988968,0,0.292789444327354,0.303550580605321,0,0.427422282525471,0.441819280385971,0.399647036394222,0.281111679971218,0.231889991904609,0.247517675161362,0.203500438481569,0,0,0,0,0,0.310298765699069,0,0,0,0,0,0,0.264167864061049,0,0,0,0,0,0,0,0,0,0,0,0,0,0,0.348884691794713,0.275672573223055,0,0.241941950150899,0.315325756644989,0,0.319483513892679,0,0.374243789998284
0,0.35124560193329,0,0.244173427569796,0,0.234270319342613,0,0,0,0.240091240654389,0,0,0,0,0,0,0.282963312209346,0.274412908568615,0.245874991955039,0,0,0,0.26201319694519,0,0.287784159183502,0,0,0,0,0,0,0,0,0.437414914369583,0,0,0,0.396365269087255,0.367314130067825,0.301797758558683,0.292789444327354,0,0.250091226779979,0.452542888692447,0.217574693262577,0.309744576590006,0.301256975819988,0.421016875421628,0.409606433577008,0.374733411812112,0,0,0,0,0,0.251871256097671,0,0.31655822540364,0,0,0,0,0.304174902930594,0.292368158698082,0,0,0.419430613517761,0,0,0,0,0,0.294275385433862,0.294973462820053,0,0,0,0,0.336839074060635,0.320117805685316,0.304909279363023,0,0.263329723317708,0.28000582754612,0.301364603492556,0.242108766376625,0.233813828478257
0.297243911644508,0,0.282333842095207,0,0.267022962016719,0,0,0,0.278362906404904,0,0,0,0,0,0,0,0.267714634173266,0.254434536585863,0.216102815978767,0,0,0.39791139960289,0.215521551668644,0,0.293512098491192,0.18046148121357,0,0,0,0,0,0,0,0,0.555032879114151,0,0,0,0,0.278359874298698,0.303550580605321,0.250091226779979,0,0,0.251492453434251,0.273968731363614,0.314237636296039,0.450978568371604,0.349700573038579,0.279948903357281,0.254197413430494,0,0,0,0,0,0.349769630453773,0,0,0,0.337591770817252,0,0.291323532660802,0.286507543583104,0,0,0,0.351777315139771,0,0,0,0,0,0.349576084172889,0,0,0,0.494568198919296,0.311529999270159,0.35665106508393,0,0.444236642548016,0.273612818729984,0.263810954988003,0.282024895183345,0.226058918982744,0.227945448006816
0,0.314880847930908,0,0,0,0,0,0,0,0,0,0,0,0,0,0,0.320243626832962,0.317077298959096,0.364603110722133,0,0,0,0,0,0,0,0,0,0,0,0,0,0,0,0,0,0,0,0,0.476162594800093,0,0.452542888692447,0,0,0,0.334549208482107,0.365988731384277,0.362400144338608,0,0.301585957407951,0,0,0,0,0,0,0,0.373387098312378,0,0,0,0,0.31530378971781,0,0,0,0,0,0,0,0,0,0.394206494092941,0,0,0,0,0,0.464834836385062,0.286407470703125,0.432015514373779,0,0.332573029857415,0,0.439738331065662,0.265593357384205,0
0,0,0,0,0,0,0,0,0,0,0,0,0,0,0,0,0.288167843764479,0.282726312677066,0.27847672339486,0,0,0,0,0,0,0,0,0,0,0,0,0,0,0,0,0,0,0,0,0.289550364017487,0.427422282525471,0.217574693262577,0.251492453434251,0,0,0,0.409124222287425,0,0,0,0,0,0,0,0,0,0.35092756152153,0,0,0,0,0,0,0.404544740915298,0,0,0,0,0,0,0,0,0,0,0,0,0,0,0.347732529044151,0.433352975212798,0,0,0.274037342412131,0,0.386393848050358,0,0.269425344008666
0.321163237094879,0.317029674847921,0,0,0,0,0,0,0,0,0,0,0,0,0,0,0.33031018470463,0.312391380469004,0.342203789362402,0,0,0,0,0,0,0,0,0,0,0,0,0,0,0,0,0.262033293023705,0.232260152697563,0.286706268787384,0,0.301176376927357,0.441819280385971,0.309744576590006,0.273968731363614,0.334549208482107,0,0,0.345437169075012,0.307871016860008,0,0.237004271220593,0,0,0,0,0,0,0,0.325607417560205,0,0,0,0,0.255404740134105,0,0,0,0,0,0,0,0,0,0.333989419690941,0,0,0,0,0,0.27499736329069,0.356978923082352,0.310967340412461,0,0.285771004315736,0,0.323539870393437,0.349965265819005,0.273866385221481
0.313872396349907,0,0.221672902504603,0,0.183090448379517,0,0,0,0,0,0,0,0,0,0,0,0.32856033849962,0.321267706342041,0.338480180901159,0,0.27499395608902,0,0.254288539290428,0.312020003795624,0,0,0,0,0,0,0,0,0,0,0,0,0,0,0,0.328046746551991,0.399647036394222,0.301256975819988,0.314237636296039,0.365988731384277,0.409124222287425,0.345437169075012,0,0.28047519496509,0.273373607884754,0,0.188147127628326,0,0,0,0,0,0.280294796615316,0,0,0,0,0,0,0.279745263885707,0,0,0,0,0,0,0,0,0,0.347511839866638,0,0,0,0,0.336728105178246,0.309581403822151,0.35793474316597,0.288539751812264,0.320766960107681,0,0.355035678724111,0.281765550374985,0.308576328379493
0.327364643414815,0,0.283494979143143,0.302226811647415,0.309778958559036,0.292586430907249,0,0,0,0.325257077813148,0,0,0,0,0,0,0,0,0.29309478700161,0,0.280693769454956,0,0,0.505190074443817,0.346322655677795,0,0,0,0,0,0,0.332964605628441,0.328359801467188,0.435648427729164,0.457456358805788,0.308265816706877,0.272676378488541,0.648184055562383,0.717588056743029,0.335421753999514,0.281111679971218,0.421016875421628,0.450978568371604,0.362400144338608,0,0.307871016860008,0.28047519496509,0,0.45947676631995,0.424856956861861,0.25521991063248,0,0,0,0,0,0.294203826785088,0.298075601458549,0,0,0,0,0.278748005628586,0.250732605655988,0,0,0.542342732350031,0,0,0,0,0,0.312607377767563,0,0.309996717919906,0.313019968662411,0.252257886804452,0.408673950410231,0.354673472353353,0.286349657922983,0.354245267884078,0.598194871733063,0.470192547860515,0,0.454132226286967,0.255660623311996,0.328606237967809
0.177675761282444,0,0.191241923857618,0,0,0,0,0,0,0,0,0,0,0,0,0,0,0,0.290919840335846,0,0.198311194777489,0,0.20016001158231,0.409976303577423,0.267738480326977,0,0,0,0,0,0,0,0.482944548130035,0.50529932230711,0.350625428286466,0,0,0.448994056429974,0.388822494913264,0,0.231889991904609,0.409606433577008,0.349700573038579,0,0,0,0.273373607884754,0.45947676631995,0,0.392611546776234,0.244562783837318,0,0,0,0.177516765679632,0,0.349989775229584,0,0,0,0.179144436793943,0,0,0.253921888768673,0,0.243542313536736,0.498072654008865,0.288394455424687,0,0.228326966265036,0,0.216923675499856,0,0,0,0,0,0.339381655921107,0,0.254315155081487,0.407929688692093,0.360303946400356,0.421282038092613,0.338861078023911,0.298502446177348,0,0.327672801911831
0,0.216768428186576,0,0.174987200233671,0,0.240073347464204,0,0,0,0,0,0,0,0,0,0,0,0.275782038768133,0.249619890814242,0.229496195912361,0,0.295798045716115,0,0.319813307487603,0,0,0,0,0,0,0,0.44660420740237,0,0.373072243087432,0,0.254868736863136,0,0.395449143157286,0.472965038484997,0.239727007237713,0.247517675161362,0.374733411812112,0.279948903357281,0.301585957407951,0,0.237004271220593,0,0.424856956861861,0.392611546776234,0,0,0,0,0,0,0,0,0.293949327866236,0,0.292188376188278,0,0,0.230916691677911,0,0.260062861848961,0,0.291683846995944,0,0.271073863761766,0,0.26407211973117,0,0.353542028767307,0,0,0.387494679540396,0,0,0.240857845390906,0,0.300659035833982,0.455576113292149,0.357344380677086,0,0.295140805261183,0.338686015336744,0
0,0,0.206993569729521,0,0.170983717636724,0,0.145200135807196,0,0,0,0,0,0,0,0,0,0,0,0.272032290697098,0,0.182989587783813,0,0,0,0,0,0,0,0,0,0,0,0,0,0.281701058149338,0,0.196603260057814,0,0,0,0.203500438481569,0,0.254197413430494,0,0,0,0.188147127628326,0.25521991063248,0.244562783837318,0,0,0,0.139517025090754,0,0,0,0.198024013437299,0,0.220670183499654,0,0.157210292087661,0,0,0.216813581685225,0,0,0,0,0,0,0,0,0,0,0,0,0,0.258941471576691,0,0.231576532125473,0,0,0.17161930741462,0.20780917742978,0.215894482532318,0,0
0,0,0,0.264136230780019,0,0.156617597115378,0,0.192440850829536,0,0,0,0,0,0,0,0,0,0,0,0.177210276325544,0,0,0,0,0,0,0,0,0,0,0,0,0,0,0,0.183095281322797,0,0,0,0,0,0,0,0,0,0,0,0,0,0,0,0,0,0.190985153204408,0,0,0,0.245235165280681,0,0.233734515806039,0,0,0.211875742673874,0,0,0,0,0,0,0,0,0,0,0,0,0,0,0,0.225640419870615,0,0,0,0.171004399281303,0.23041725665965,0.238171541830525,0,0
0,0,0,0,0,0,0.165166079998016,0,0,0,0,0,0,0,0,0,0,0,0,0,0,0,0,0,0,0,0,0,0,0,0,0,0,0,0,0,0,0,0,0,0,0,0,0,0,0,0,0,0,0,0.139517025090754,0,0,0,0,0,0.173372481984121,0,0.207565924473878,0,0,0,0,0,0,0,0,0,0,0,0,0,0,0,0,0,0,0,0,0,0,0,0.160534507036209,0.164969931046168,0,0,0
0,0,0,0,0,0,0,0.169800418887154,0,0,0,0.200484223663807,0,0.184357762336731,0,0,0,0,0,0.139913231134415,0,0,0,0,0,0,0,0,0,0,0,0,0,0,0,0,0,0,0,0,0,0,0,0,0,0,0,0,0,0,0,0.190985153204408,0,0,0,0,0,0.218950165435672,0,0,0,0,0,0,0,0,0,0,0,0,0,0,0,0,0,0,0,0,0,0,0,0,0.19403329398483,0,0,0,0
0.165891890130613,0,0.1807681620121,0,0.127944345275561,0,0,0,0.222768603272948,0,0,0,0,0,0.199345245957375,0,0,0,0,0,0,0,0,0,0.287179650779328,0,0.184672504663467,0,0,0,0,0,0,0,0,0,0,0,0.292706688940525,0,0,0,0,0,0,0,0,0,0.177516765679632,0,0,0,0,0,0,0,0,0,0,0,0.1952490736213,0,0,0,0,0,0,0.285922656462621,0,0.202006682753563,0,0,0,0,0,0,0,0.278013465305169,0,0,0,0.282562297153083,0.240140029323402,0.255611062049866,0.231855264679254,0,0
0,0.150756488500655,0,0,0,0,0,0,0,0.219198771776503,0,0,0,0,0,0.223455155640841,0,0,0,0,0,0,0,0.158815164978688,0,0,0,0,0,0,0,0,0,0,0,0,0,0,0.283988952636719,0,0,0.251871256097671,0,0,0,0,0,0,0,0,0,0,0,0,0,0,0,0,0,0,0,0.159482992593777,0,0,0,0,0.243058060291507,0,0,0,0,0,0,0,0,0,0.25123784939448,0,0,0,0.241354584693909,0,0.202768549935458,0,0.167588768404292,0,0
0.280258119106293,0,0.261693879961967,0,0.224603828091126,0,0.171907848470351,0,0.35317208369573,0,0.204566604478273,0,0.16634975373745,0,0,0,0.261826788385709,0.287348414460818,0.31061038199593,0,0.145994737868854,0,0,0,0,0,0,0,0,0,0,0,0,0,0,0,0.173834223689054,0,0.163825460240172,0.30072757601738,0.310298765699069,0,0.349769630453773,0,0.35092756152153,0,0.280294796615316,0.294203826785088,0.349989775229584,0,0.198024013437299,0,0.173372481984121,0,0,0,0,0,0.249671745416406,0,0.207677430576748,0,0,0.289979092567647,0,0,0,0,0,0,0,0,0,0.26525637688669,0,0,0,0.288305550813675,0,0.260821238362412,0,0.156613972108319,0.209134876135832,0.212057789618319,0.311729688799844,0,0.326190950801072
0,0.263248890638351,0,0.240229072943916,0,0,0,0.161523502805959,0,0,0,0.188834205155628,0,0.164269417217097,0,0,0.279201030731201,0.300449505448341,0.32414419363652,0.245649150439671,0,0,0,0,0,0,0,0,0,0,0,0,0,0,0,0.130827926038727,0,0.150340416878671,0,0.334089763854679,0,0.31655822540364,0,0.373387098312378,0,0.325607417560205,0,0.298075601458549,0,0.293949327866236,0,0.245235165280681,0,0.218950165435672,0,0,0,0,0,0.219156023207589,0,0.212486684322357,0.274229964384666,0,0,0,0,0,0,0,0,0,0.256257479439429,0,0,0,0,0,0.277635194187941,0,0.152989855775284,0,0.225929250167881,0.15294773131609,0.337073091975514,0.311245137395767,0
0.173656601172227,0,0.234203666113736,0,0,0,0.161694198846817,0,0,0,0.15731967261268,0,0.167141660963173,0,0.220425358512899,0,0,0,0,0,0.243486538529396,0,0,0,0,0,0,0,0.195650681853294,0,0,0,0,0,0,0,0.209137126803398,0,0,0,0,0,0,0,0,0,0,0,0,0,0.220670183499654,0,0.207565924473878,0,0,0,0.249671745416406,0,0,0,0.227110999402093,0,0,0.261773347854614,0,0,0,0,0,0,0,0.233409985899925,0,0,0,0,0,0,0,0,0,0,0.170386657011595,0.234881221570752,0.271654944401234,0,0
0,0,0,0.22461416558465,0,0,0,0.168705868771521,0,0,0,0.163988406690516,0,0.181173351197021,0,0,0,0,0,0,0,0,0,0,0,0,0,0.183153557023783,0,0,0,0,0,0,0,0.216075897216797,0,0,0,0,0,0,0,0,0,0,0,0,0,0.292188376188278,0,0.233734515806039,0,0,0,0,0,0.219156023207589,0,0,0,0,0.296635150909424,0,0,0,0,0,0,0,0.202476082346877,0,0,0,0,0,0,0,0.259318083524704,0,0,0,0.174745659743037,0.16923529031681,0.262763004004955,0,0
0.169570340829737,0,0.237117116649946,0,0,0,0,0,0.166548158973455,0,0,0,0.197801202535629,0,0.212623904304845,0,0,0,0,0,0,0,0,0,0.265180170536041,0,0,0,0,0,0,0,0,0,0,0,0,0,0,0,0,0,0.337591770817252,0,0,0,0,0,0.179144436793943,0,0.157210292087661,0,0,0,0.1952490736213,0,0.207677430576748,0,0.227110999402093,0,0,0,0,0,0,0,0,0.281280502676964,0,0,0,0,0,0,0,0,0,0,0,0,0,0,0.213592091027428,0,0.24751060539484,0,0
0,0.141256028504083,0,0.188895297050476,0,0.212559756178122,0,0,0,0.17683612874576,0,0,0,0.167316095080487,0,0.128868895272414,0,0,0,0,0,0,0,0,0,0,0,0,0,0,0,0,0,0,0,0,0,0,0,0,0,0,0,0,0,0,0,0,0,0,0,0,0,0,0,0.159482992593777,0,0.212486684322357,0,0,0,0,0,0,0,0,0,0,0.225415444516,0,0,0,0,0,0,0,0,0,0,0,0,0,0.197480604052544,0.285859449551656,0.175418369472027,0,0
0,0.289989680051804,0,0.402021417834542,0,0.192107334733009,0,0,0,0,0,0.156436995349147,0,0,0,0,0.288722664117813,0.298240075508753,0.305704221934886,0.157559425124893,0,0,0,0,0,0,0,0,0,0,0,0,0,0,0,0.158095676188678,0,0.175059938281775,0,0.272709865262384,0,0.304174902930594,0.291323532660802,0.31530378971781,0,0.255404740134105,0,0.278748005628586,0,0.230916691677911,0,0.211875742673874,0,0,0,0,0,0.274229964384666,0,0.296635150909424,0,0,0,0,0,0,0,0,0,0,0,0,0.34146268831359,0,0,0,0,0,0.241956512567964,0,0.258140705982566,0,0.288536773109045,0.183999617894491,0.309328029553096,0.323041327297688,0
0,0,0.231687078873316,0,0.215736376338227,0,0,0,0,0,0.143974616394176,0,0,0,0,0,0.338332345088323,0,0.326437779835292,0,0.186426342177675,0,0.282170712947845,0,0,0,0,0,0,0,0,0,0,0,0,0,0.173797058021241,0,0.187381930649281,0,0.264167864061049,0.292368158698082,0.286507543583104,0,0.404544740915298,0,0.279745263885707,0.250732605655988,0.253921888768673,0,0.216813581685225,0,0,0,0,0,0.289979092567647,0,0.261773347854614,0,0,0,0,0,0,0,0,0,0,0,0,0,0,0.34885758775122,0,0,0,0,0,0.247974203640751,0,0.2646123840574,0.208479990975724,0.210263580083847,0.290211411419178,0,0.28834967315197
0,0,0,0,0,0,0,0,0,0,0,0,0,0,0,0,0.155356966786914,0.137523311267205,0,0,0,0.211198650404338,0,0.194123172728749,0,0.165294274687767,0,0.18294439444395,0,0,0,0,0,0,0,0,0,0.282574002583822,0,0,0,0,0,0,0,0,0,0,0,0.260062861848961,0,0,0,0,0,0,0,0,0,0,0,0,0,0,0,0,0.277127979135122,0,0.24313191762946,0,0.259648394122619,0,0,0,0,0,0,0,0,0,0.267247840533943,0,0.155075368839641,0.118920985077109,0,0,0
0,0,0,0,0,0,0,0,0,0,0,0,0,0,0,0,0.136991700364484,0.14993221561114,0,0,0,0.134185443547639,0.192069322621193,0,0.193923722790635,0.134447351098061,0.171789929270744,0,0.222339114927231,0,0,0,0,0,0,0,0,0,0.245458382986327,0,0,0,0,0,0,0,0,0,0.243542313536736,0,0,0,0,0,0,0,0,0,0,0,0,0,0,0,0,0,0,0.205455256530838,0,0.23103279772058,0,0.222909687381042,0,0,0,0,0,0,0,0,0,0.277538434214836,0.176944150519161,0,0,0,0
0,0.244867953161399,0,0,0,0,0,0,0,0.233450242898602,0,0,0,0,0,0.212772444316319,0,0.172806024551392,0,0,0,0.208555326169851,0,0.201779824307936,0,0.210950933396816,0,0,0,0,0,0,0,0,0,0,0,0.35222393554873,0.607441127300262,0,0,0.419430613517761,0,0,0,0,0,0.542342732350031,0.498072654008865,0.291683846995944,0,0,0,0,0,0.243058060291507,0,0,0,0,0,0,0,0,0.277127979135122,0,0,0,0.31070196810292,0,0.319507703185081,0,0,0,0,0,0.256051803076709,0,0,0,0.307583957979738,0,0.164851524872439,0,0.335872933268547,0,0
0.263159960508347,0,0,0,0,0,0,0,0.260422582653436,0,0,0,0,0,0,0,0.15141106814146,0.15544060085501,0.198158770799637,0,0,0,0.243800966276063,0.153633192181587,0.201227998258862,0.139450177550316,0.184740254575489,0,0,0,0,0,0,0,0,0,0,0,0.293561658608356,0.238152429461479,0,0,0.351777315139771,0,0,0,0,0,0.288394455424687,0,0,0,0,0,0.285922656462621,0,0,0,0,0,0.281280502676964,0,0,0,0,0.205455256530838,0,0,0,0.192248794225955,0,0,0.250120222568512,0,0,0,0,0.301037520170212,0,0,0,0.271678187559748,0.166509724476121,0,0.320369501032081,0,0
0,0,0,0,0,0,0,0,0,0,0,0,0,0,0,0,0.145890478789806,0.159620511910466,0,0,0,0.195192385956926,0,0.183647368589173,0,0.185895642973112,0,0.152213799911486,0,0,0,0,0,0,0,0,0,0,0,0,0,0,0,0,0,0,0,0,0,0.271073863761766,0,0,0,0,0,0,0,0,0,0,0,0.225415444516,0,0,0.24313191762946,0,0.31070196810292,0,0,0,0.228941557158346,0,0,0,0,0,0,0,0,0,0,0,0.190614737619627,0,0,0,0
0,0,0,0,0,0,0,0,0.175139449122879,0,0,0,0,0,0.167820653745106,0,0.133442493298879,0.300931692123413,0.308674648404121,0,0,0,0.162830733054993,0,0.176943390646525,0,0.166171385542206,0,0.146077266335487,0,0,0,0,0,0,0,0,0,0,0,0,0,0,0,0,0,0,0,0.228326966265036,0,0,0,0,0,0.202006682753563,0,0,0,0,0,0,0,0,0,0,0.23103279772058,0,0.192248794225955,0,0,0,0.208514880102414,0,0,0,0,0,0,0,0,0,0,0.128516409013953,0,0,0,0
0,0,0,0,0,0,0,0,0,0,0,0.161057146695944,0,0.190325521677732,0,0,0,0,0,0,0,0.214837481578191,0,0,0,0.18902714872983,0,0.176369978977788,0,0.15589346316146,0,0,0,0,0,0,0,0.194262031997953,0,0,0,0,0,0,0,0,0,0,0,0.26407211973117,0,0,0,0,0,0,0,0,0,0.202476082346877,0,0,0,0,0.259648394122619,0,0.319507703185081,0,0.228941557158346,0,0,0,0.180513038364954,0,0,0,0,0,0,0,0.245759246828861,0,0.177187220803623,0,0,0,0
0,0,0,0,0,0,0,0,0,0,0.180831084648768,0,0,0,0.151234284043312,0,0,0,0,0,0,0,0.165628477931023,0,0,0,0.184554532170296,0,0.18166792533213,0,0,0,0,0,0,0,0,0,0.16235713660717,0,0,0,0,0,0,0,0,0,0.216923675499856,0,0,0,0,0,0,0,0,0,0.233409985899925,0,0,0,0,0,0,0.222909687381042,0,0,0,0.208514880102414,0,0,0,0,0,0,0,0,0,0,0,0.21435203814301,0.164201576262712,0,0,0,0
0,0.339015038684011,0,0.268796260419645,0,0,0,0,0,0,0,0.153822325847366,0,0,0,0,0.343760050833225,0.320014595985413,0.327670838444605,0,0,0,0,0,0,0,0,0.184152629636319,0,0.155193289243064,0,0,0,0,0,0,0,0.167863497497342,0,0.274834034012424,0,0.294275385433862,0,0.394206494092941,0,0.333989419690941,0,0.312607377767563,0,0.353542028767307,0,0,0,0,0,0,0,0.256257479439429,0,0,0,0,0.34146268831359,0,0,0,0,0.250120222568512,0,0,0.180513038364954,0,0,0,0,0,0,0,0.316199694449703,0,0.195443543869516,0,0.311131602606258,0,0.363451929830137,0.316211434421332,0
0,0,0,0,0,0,0,0,0,0,0.194186230003834,0,0,0,0,0,0,0,0.345129251480103,0,0,0,0,0,0,0,0,0,0.171534972472323,0,0.182913090641561,0,0,0,0,0,0,0,0.186953663825989,0,0,0.294973462820053,0.349576084172889,0,0,0,0.347511839866638,0,0,0,0,0,0,0,0,0,0.26525637688669,0,0,0,0,0,0,0.34885758775122,0,0,0,0,0,0,0,0,0,0,0,0,0,0,0,0.28809633354346,0,0.232847354021566,0.168849236654992,0,0.41179378980682,0,0.349886349656365
0,0,0,0,0,0,0,0,0,0,0,0,0,0,0,0,0,0,0,0,0,0,0,0,0,0,0,0,0,0,0,0.182068604348081,0.157713935211085,0.244015668829282,0.144542381167412,0.164334874945598,0,0,0,0,0,0,0,0,0,0,0,0.309996717919906,0,0,0,0,0,0,0,0,0,0,0,0,0,0,0,0,0,0,0,0,0,0,0,0,0,0,0,0.149837813278039,0.31679876770199,0,0.270299966241923,0.145914137363434,0,0,0.16875882267952,0,0,0,0
0,0,0,0,0,0,0,0,0,0,0,0,0,0,0,0,0,0,0,0,0,0,0,0,0,0,0,0,0,0,0,0.159224196693257,0.21483202269528,0,0.173004478216171,0.166622269671896,0.181264134093386,0,0,0,0,0,0,0,0,0,0,0.313019968662411,0,0.387494679540396,0,0,0,0,0,0,0,0,0,0,0,0,0,0,0,0,0,0,0,0,0,0,0,0,0.149837813278039,0,0,0.279350000176449,0.162944465875626,0.256692885276029,0,0,0.173171972036362,0,0,0,0
0,0,0,0,0,0,0,0,0,0.239110325658044,0,0,0,0,0,0,0,0,0,0,0,0,0,0.231846920081547,0,0,0,0,0,0,0,0,0,0.201655196571288,0.188560555476689,0.183829569041348,0,0.221812032549097,0.205201425096568,0,0,0,0,0,0,0,0,0.252257886804452,0,0,0,0,0,0,0,0.25123784939448,0,0,0,0,0,0,0,0,0,0,0.256051803076709,0,0,0,0,0,0,0,0.31679876770199,0,0,0.184859406522342,0.237920211299377,0,0.324897518340828,0,0.211048162510413,0,0,0,0
0,0,0.298646777868271,0,0,0,0,0,0.254623705148697,0,0,0,0,0,0,0,0,0,0,0,0,0,0,0,0.276473760604858,0,0,0,0,0,0,0.153851879330782,0,0.1963767698401,0.207690197595132,0,0.182194556404905,0.469477266073227,0.214323436181144,0,0,0,0.494568198919296,0,0,0,0,0.408673950410231,0.339381655921107,0,0.258941471576691,0,0,0,0.278013465305169,0,0.288305550813675,0,0,0,0,0,0,0,0,0,0,0.301037520170212,0,0,0,0,0,0,0,0.279350000176449,0.184859406522342,0,0,0.232669480741286,0,0.248191762998285,0.275314816200372,0,0.433644083142281,0,0
0.360389858484268,0.370427053708297,0,0.291335321285508,0,0.237148329615593,0,0,0,0,0,0.173581857726259,0,0,0,0,0.338731542825699,0.327507449047906,0.369845920013011,0.192657890240494,0,0,0,0,0.3067986369133,0,0,0,0,0,0,0.251154841001003,0,0.196895990830201,0,0.215758861030671,0.207127198167145,0.211327965851645,0.180967677916799,0.287280372179514,0.348884691794713,0.336839074060635,0.311529999270159,0.464834836385062,0.347732529044151,0.27499736329069,0.336728105178246,0.354673472353353,0,0.240857845390906,0,0.225640419870615,0,0,0,0,0,0.277635194187941,0,0.259318083524704,0,0,0.241956512567964,0,0,0,0,0,0,0,0,0,0.316199694449703,0,0.270299966241923,0.162944465875626,0.237920211299377,0,0,0.210524621334943,0.242304171574294,0,0.245386446139337,0.157839883999391,0.360204527824464,0.393446453424433,0.303896536429723
0.36193657318751,0,0.257919646054506,0,0.236696608364582,0,0,0,0,0,0.167152111019407,0,0,0,0,0,0.345231553273542,0.342233677876407,0.355949811502549,0,0.183999447421272,0,0,0,0.22469924390316,0,0,0,0,0,0,0.141615213205417,0.198346644768797,0,0.186192123167096,0.163956498411363,0.200225138332619,0,0.209499961536446,0.360583320260048,0.275672573223055,0.320117805685316,0.35665106508393,0.286407470703125,0.433352975212798,0.356978923082352,0.309581403822151,0.286349657922983,0.254315155081487,0,0.231576532125473,0,0,0,0,0,0.260821238362412,0,0,0,0,0,0,0.247974203640751,0,0,0,0,0,0,0,0,0,0.28809633354346,0.145914137363434,0.256692885276029,0,0.232669480741286,0.210524621334943,0,0,0.243487793237551,0.203563212406497,0.184071757504112,0.339336932297352,0.319595396518707,0.391059910336814
