0,0,0,0,0,0,0,0,4.74191749055779,0,0,0,0,0,0,0,32.1530023496978,42.3947124481201,14.2132256158436,0,25.0052967071533,0,0,0,0,0,0,0,0,0,0,0,0,0,0,0,0,0,0,106.154612223307,68.9990590413411,0,14.7074520335748,0,0,0,81.917724609375,0,9.20917682647705,0,0,0,0,0,5.32029176810209,0,0,0,0,0,0,0,0,25.7121181488037,0,0,0,0,0,0,0,0,0,0,0,0,0,0,106.753297805786,43.2402454175447,0,25.9692185719808,11.2814781524802,0,9.79567690922221,0,51.9849853515625
0,0,0,10.0056285858154,0,0,0,0,0,10.0017925784701,0,0,0,0,0,0,0,32.6810150146484,14.4067659993326,0,0,0,0,0,0,0,0,0,0,0,0,0,0,0,0,53.137336730957,0,23.3690872192383,0,28.3971392313639,0,21.3333290792938,0,0,0,0,0,0,0,6.22165056021817,0,0,0,0,0,5.97902198158093,0,19.4970112681389,0,8.2662302831014,0,4.69995126810941,0,0,0,0,0,0,0,0,0,0,24.1513612747192,0,0,0,0,0,38.2881449531106,0,28.8842430114746,0,10.7240592810843,0,16.3040524529198,0,0
0,0,0,57.3463668823242,15.2266044616699,0,0,0,3.88811964404826,0,0,0,0,0,0,0,0,70.4237365722656,78.365406036377,0,25.5128269195557,0,0,0,0,0,0,0,0,0,0,0,0,0,0,0,0,0,0,0,43.1890101114909,79.8114204406738,38.8093949158986,0,0,0,27.6117515563965,0,8.50063178539276,0,0,0,0,0,0,0,22.8292021606908,0,6.00642061233521,0,0,0,0,25.3581790924072,0,0,0,0,0,0,0,0,0,0,0,0,0,0,44.8101844787598,55.8092994689941,0,0,23.408210810493,0,23.6024362509157,0,20.8603677749634
0,10.0056285858154,57.3463668823242,0,0,5.7186062955066,0,0,0,20.4507646560669,0,0,0,0,0,0,53.4814720153809,0,30.8670564131303,0,0,0,0,0,0,0,0,0,0,0,0,0,0,0,0,21.7064990997314,0,0,0,45.0054807334111,51.0142593383789,29.9347284168116,48.1768081665039,0,0,0,0,58.8281440734863,31.0768084526062,34.4801585548802,0,7.15690428927793,0,0,0,0,58.4380035400391,7.56444712089641,61.582914352417,5.04280810202322,0,5.21044662391326,22.5616245269775,65.6600761413574,0,0,0,0,0,0,0,0,26.6781148408589,0,0,0,0,0,45.1490427652995,95.369987487793,31.6402943929036,0,21.1246988460095,22.5570001261575,23.7188803862686,21.5936501820882,0
0,0,15.2266044616699,0,0,0,0,0,3.17062393824259,0,0,0,0,0,0,0,0,0,58.8626136779785,0,6.18203163146973,0,0,0,0,0,0,0,0,0,0,0,0,0,0,0,0,0,0,0,50.5877704620361,0,50.6927149846004,0,0,0,0,0,34.1435181010853,0,5.13837744755071,0,0,0,3.17372179031372,0,14.7388310268007,0,13.9896919350875,0,0,0,0,0,0,0,0,0,0,0,0,0,0,0,0,0,0,0,0,0,0,0,6.09630117326413,4.22099637985229,36.4045362350268,0,0
0,0,0,5.7186062955066,0,0,0,3.16647400035233,0,4.92350732578951,0,0,0,0,0,2.74490594863892,0,0,81.5395584106445,0,0,0,0,0,0,0,0,0,0,0,0,0,0,0,0,14.0289344787598,0,0,0,42.2175623575846,0,48.571282523019,0,0,0,0,0,51.8403396606445,33.11181640625,32.8441123962402,0,5.19941845137226,0,7.12980878353119,0,0,0,9.48360697428385,0,7.8571714758873,0,0,0,0,0,0,0,0,0,0,0,0,0,0,0,0,0,0,0,0,0,0,4.95268755512071,9.18408829422407,20.0469809441339,0,0
0,0,0,0,0,0,0,0,0,0,0,0,2.95375227928162,0,0,0,0,0,0,0,0,0,0,0,0,0,0,0,0,0,0,0,0,0,0,0,0,0,0,0,0,0,0,0,0,0,0,0,0,0,0,0,2.99323890425942,0,0,0,0,0,0,0,0,0,0,0,0,0,0,0,0,0,0,0,0,0,0,0,0,0,0,0,0,0,3.22945419819124,0,0,0,0
0,0,0,0,0,3.16647400035233,0,0,0,0,0,0,0,2.74161803722382,0,0,0,0,0,0,0,0,0,0,0,0,0,0,0,0,0,0,0,0,0,0,0,0,0,0,0,0,0,0,0,0,0,0,0,0,0,5.27268775701523,0,3.20232159488804,0,0,0,13.4936039264386,0,8.17478968880393,0,0,0,0,0,0,0,0,0,0,0,0,0,0,0,0,0,0,0,0,0,0,3.22450972239176,2.95659518241882,0,0,0
4.74191749055779,0,3.88811964404826,0,3.17062393824259,0,0,0,0,0,0,0,0,0,34.0237181186676,0,27.2251232650602,51.5787716388702,55.5381959279378,0,0,0,27.4010376339867,0,18.7996719745268,0,3.29904468854268,0,0,0,0,0,0,0,0,0,0,0,8.60849187639024,0,0,99.9124908447266,16.6103164638792,0,0,0,0,0,7.75631323456764,0,0,0,0,0,5.82782426737546,0,0,0,0,0,0,0,0,0,41.1050643920898,33.5001286400689,0,24.5128521790376,0,3.58359853426615,0,0,0,0,0,0,0,0,127.574890136719,95.4822750091553,0,6.00778865814209,10.7894605802014,3.30098497867584,6.08061526390101,0,73.6073551177979
0,10.0017925784701,0,20.4507646560669,0,4.92350732578951,0,0,0,0,0,0,0,0,0,3.38820508769028,0,0,34.4982901981899,0,0,0,0,5.51252228873117,0,0,0,0,0,0,0,0,0,0,0,0,0,5.29785222992926,0,0,0,21.7819293850944,0,0,0,0,0,12.5366648327221,0,19.2166607230902,0,0,0,0,0,5.99636833018795,0,0,0,0,0,4.46148422786168,0,0,0,0,7.90265456367941,0,0,0,0,0,0,0,0,0,0,0,52.3029403686523,0,6.83331351955187,0,8.76403927135468,3.82152074187902,17.3904003595051,0,0
0,0,0,0,0,0,0,0,0,0,0,0,2.89625530611744,0,0,0,0,0,0,0,3.80340167003519,0,0,0,0,0,0,0,0,0,0,0,0,0,0,0,2.88818266028065,0,3.5536072047656,0,0,0,0,0,0,0,0,0,0,0,0,0,0,0,0,0,3.95113428537758,0,2.74051594734192,0,0,0,0,10.7395737931348,0,0,0,0,0,0,0,0,0,3.83462929725647,0,0,0,0,0,0,0,4.03332722526026,4.39220844904582,0,5.8140427199277,0,0
0,0,0,0,0,0,0,0,0,0,0,0,0,2.72957468032837,0,0,0,0,0,2.96498919472906,0,0,0,0,0,0,0,2.93094629049301,0,4.15821370897414,0,0,0,0,0,3.58023548126221,0,3.32314017596166,0,0,0,0,0,0,0,0,0,0,0,0,0,6.96550703048706,0,3.06450998783112,0,0,0,7.63612380592207,0,3.02440976161583,0,0,4.39074324498511,0,0,0,0,0,0,0,0,0,7.68443102221335,0,0,0,0,0,0,0,4.58052694797516,0,2.95096564654148,0,3.05738800764084,0,0
0,0,0,0,0,0,2.95375227928162,0,0,0,2.89625530611744,0,0,0,3.41926501488144,0,9.89026927947998,0,0,0,0,0,0,0,0,0,4.49456787109375,0,3.93463812934028,0,0,0,0,0,0,0,0,0,0,0,0,0,0,0,0,0,0,0,0,0,0,0,0,0,0,0,2.93749473311684,0,3.30402221587988,0,0,0,0,0,0,0,0,0,0,0,0,4.33882961273193,0,0,0,0,0,0,0,0,0,0,3.72105079889297,0,0,0,0
0,0,0,0,0,0,0,2.74161803722382,0,0,0,2.72957468032837,0,0,0,0,0,0,0,0,0,0,0,0,0,0,0,0,0,0,0,0,0,0,0,0,0,0,0,0,0,0,0,0,0,0,0,0,0,0,0,0,0,0,0,0,0,0,0,3.39999886890131,0,0,0,0,0,0,0,0,0,0,0,0,0,0,0,0,0,0,0,0,0,0,3.15278611616655,3.06415039017087,0,0,0
0,0,0,0,0,0,0,0,34.0237181186676,0,0,0,3.41926501488144,0,0,0,17.51307788786,57.4989102227347,63.024422539605,0,0,0,26.8004917969575,0,15.4254879584679,0,6.06900666741764,0,3.14009642601013,0,0,0,0,0,0,0,0,0,0,0,0,0,0,0,0,0,0,0,0,0,0,0,0,0,0,0,0,0,3.41709115947645,0,2.95760989189148,0,0,0,0,25.782092503139,0,23.3302798271179,0,7.77091634273529,0,3.22787305346706,0,0,0,0,0,0,123.656234741211,0,0,0,5.49993227390533,0,0,0,0
0,0,0,0,0,2.74490594863892,0,0,0,3.38820508769028,0,0,0,0,0,0,51.4242305755615,6.65970757754162,78.3957843780518,0,0,0,0,0,0,0,57.4266204833984,0,0,0,0,0,0,0,0,0,0,0,0,0,0,0,0,0,0,0,0,0,0,0,0,0,0,0,0,3.9668181091547,0,0,0,3.26923215389252,0,3.7206585641987,0,0,0,0,0,0,0,0,0,0,0,0,0,0,0,0,0,0,0,0,3.78918952531944,3.13005844255288,0,0,0
32.1530023496978,0,0,53.4814720153809,0,0,0,0,27.2251232650602,0,0,0,9.89026927947998,0,17.51307788786,51.4242305755615,0,30.8753861083882,27.5869551887873,0,0,35.3368022980229,22.3706090921774,0,25.3072065125164,0,7.20901962545697,0,5.86228597164154,0,0,0,0,0,0,107.282848358154,101.182094573975,0,0,84.3784365743961,65.5975043556907,77.9633083343506,48.0776697012094,0,0,0,54.7876425689121,0,37.9961428208785,86.8723831176758,0,0,0,0,15.4242660359638,0,71.8204912458147,84.301139831543,0,0,6.05813093618913,0,87.7609883626302,67.276146030426,0,18.4610380882764,0,25.6127495994568,0,8.70959488271524,0,7.04388709222117,78.400380452474,71.8151626586914,0,0,0,0,85.4895089093377,75.0971043904622,74.0010643005371,64.825932820638,16.6916463789577,6.42871046066284,59.5023608871019,0,40.3889535473239
42.3947124481201,32.6810150146484,70.4237365722656,0,0,0,0,0,51.5787716388702,0,0,0,0,0,57.4989102227347,6.65970757754162,30.8753861083882,0,21.5815569803227,0,0,26.5159511519413,39.5199081445042,3.56542195592608,40.0811970261322,5.30264844137525,45.5332272178248,3.37100663551917,55.1313238143921,0,0,0,0,0,0,98.3726959228516,91.2062927246094,0,0,71.222783719079,79.8552617390951,63.1622268580183,62.4398353364733,38.9591293334961,96.9711227416992,0,66.927755355835,0,0,64.7202682495117,0,0,0,0,41.0457153320312,0,77.8466688791911,64.0211410522461,111.276168823242,0,0,8.11074912548065,73.5621699164896,76.0320533116658,12.5099245707194,32.0541117872511,9.96334238052368,41.8191023887472,9.44122714466519,45.289671085499,0,0,73.9291756947835,0,0,0,0,0,74.0465724290307,80.6246515300176,61.7049667358398,67.5784675598145,22.6467990682299,10.9728974474078,64.7913408478932,48.1029815673828,53.4339502558989
14.2132256158436,14.4067659993326,78.365406036377,30.8670564131303,58.8626136779785,81.5395584106445,0,0,55.5381959279378,34.4982901981899,0,0,0,0,63.024422539605,78.3957843780518,27.5869551887873,21.5815569803227,0,0,59.1033515930176,32.1958087682724,49.8617099893504,0,38.9226310436542,0,40.2216720581055,0,0,0,0,0,0,0,0,67.458674499954,73.8207443237305,0,0,53.3038238363376,51.7488891045252,25.0457258960629,27.8808994278675,42.647366142273,17.8209271232287,80.1728165944417,44.0037076770135,70.5669784545898,14.2898529688517,31.6128307499298,0,0,0,0,57.5913181304932,30.1797790527344,48.5460615456104,24.9427280752466,67.0264053344727,0,0,28.022891998291,59.1456412912529,51.0137562248277,13.5115652084351,44.4799515406291,0,37.2820537791533,0,50.0927848815918,0,0,28.4703109033394,0,0,0,0,0,53.9265882038773,57.3937883479763,34.975872624305,51.0950295766195,20.8760599497854,0,34.366999713603,12.1722326785062,28.643294632126
0,0,0,0,0,0,0,0,0,0,0,2.96498919472906,0,0,0,0,0,0,0,0,0,0,0,0,0,0,0,0,0,0,0,0,0,0,0,10.4973765051327,0,5.84919321303274,0,0,0,47.8510437011719,0,0,0,0,0,0,0,0,0,0,0,0,0,0,0,3.00532183051109,0,0,0,0,3.15316166702637,0,0,0,0,0,0,0,0,0,0,0,0,0,0,0,15.0275781294879,0,0,0,14.8161223115148,0,3.1049444955938,0,0
25.0052967071533,0,25.5128269195557,0,6.18203163146973,0,0,0,0,0,3.80340167003519,0,0,0,0,0,0,0,59.1033515930176,0,0,0,0,0,0,0,0,0,0,0,0,0,0,0,0,0,4.21658613811411,0,3.90232088565826,0,53.8962516784668,0,61.1094284057617,0,0,0,0,0,24.4212818145752,0,2.93092106517993,0,0,0,0,0,8.31861146057353,0,0,0,0,0,0,7.27762946618788,0,0,0,0,0,0,0,0,0,20.9442653656006,0,0,0,0,81.098762512207,7.94535367459244,0,15.3015725255013,9.41420510779282,0,12.8537323772907,0,58.869104385376
0,0,0,0,0,0,0,0,0,0,0,0,0,0,0,0,35.3368022980229,26.5159511519413,32.1958087682724,0,0,0,3.22665421361846,3.84737160350337,18.9592914581299,3.31105459042085,0,3.59933369500296,0,0,0,0,0,0,0,0,0,3.83429913107162,2.93744008357708,0,0,0,0,0,0,0,123.712219238281,0,0,5.7611127058665,0,0,0,0,0,0,0,0,0,0,0,0,0,0,4.25257986125446,3.51952923138936,4.58221758720351,23.5527687072754,14.2737956883615,0,17.8386001973539,0,0,0,0,0,0,0,0,0,4.79830210010211,0,4.02071268911715,3.26633884363653,0,0,0
0,0,0,0,0,0,0,0,27.4010376339867,0,0,0,0,0,26.8004917969575,0,22.3706090921774,39.5199081445042,49.8617099893504,0,0,3.22665421361846,0,0,5.75393015808529,0,7.00542980346127,0,0,0,0,0,0,0,0,0,0,5.28021918402778,3.49942613249698,95.356689453125,0,0,0,0,0,0,0,0,9.60211271872887,0,0,0,0,0,0,0,0,0,0,0,0,0,0,0,0,4.02190079511941,0,7.30371329048648,0,6.56584317684174,0,7.26724035523154,0,0,0,0,0,0,0,0,0,4.75677546429378,12.6700435300763,3.26751519504346,0,0,0
0,0,0,0,0,0,0,0,0,5.51252228873117,0,0,0,0,0,0,0,3.56542195592608,0,0,0,3.84737160350337,0,0,0,2.78942946151451,0,4.26316559314728,0,0,0,0,0,0,0,0,0,4.61765977005374,0,0,0,11.1552753448486,0,0,0,0,0,16.54430103302,0,4.47059019487731,0,0,0,0,0,5.46670606324999,0,0,0,0,0,0,0,0,4.23758937915166,0,4.45903086645078,0,4.43686089388104,0,11.9819853305817,0,0,0,0,0,0,0,0,0,7.61633672941299,0,4.40233307202035,24.6925902366638,10.168883361715,0,0
0,0,0,0,0,0,0,0,18.7996719745268,0,0,0,0,0,15.4254879584679,0,25.3072065125164,40.0811970261322,38.9226310436542,0,0,18.9592914581299,5.75393015808529,0,0,0,3.37028558432902,0,0,0,0,0,0,0,0,0,0,0,3.76210075837594,0,0,0,15.6753720177544,0,0,0,0,0,3.41636465064117,0,0,0,0,0,3.77113544344902,0,0,0,0,0,7.46916325887044,0,0,0,0,9.25677342712879,0,4.1690576801595,0,3.76745494679138,0,12.3635306919322,0,0,0,0,0,0,0,132.390151977539,0,4.34205857743608,17.5951769296513,0,7.26787142490777,0,0
0,0,0,0,0,0,0,0,0,0,0,0,0,0,0,0,0,5.30264844137525,0,0,0,3.31105459042085,0,2.78942946151451,0,0,0,0,0,0,0,0,0,0,0,0,0,0,0,0,0,0,0,0,0,0,0,0,0,0,0,0,0,0,0,0,0,0,0,0,0,0,0,0,3.1449416687614,0,2.88958291618191,0,3.6880880509104,0,0,0,0,0,0,0,0,0,0,0,0,0,2.90253061056137,2.95235013961792,0,0,0
0,0,0,0,0,0,0,0,3.29904468854268,0,0,0,4.49456787109375,0,6.06900666741764,57.4266204833984,7.20901962545697,45.5332272178248,40.2216720581055,0,0,0,7.00542980346127,0,3.37028558432902,0,0,0,3.93782350357543,0,0,0,0,0,0,0,0,0,0,0,0,0,0,0,0,0,0,0,0,0,0,0,0,0,0,0,0,0,0,0,3.78942842232554,0,0,0,0,3.09691685583533,0,4.35643358707428,0,4.06350155712403,0,2.7581791083018,0,0,0,0,0,0,0,0,0,0,10.2565729215548,0,0,0,0
0,0,0,0,0,0,0,0,0,0,0,2.93094629049301,0,0,0,0,0,3.37100663551917,0,0,0,3.59933369500296,0,4.26316559314728,0,0,0,0,0,2.77509689331055,0,0,0,0,0,0,0,3.56872646013896,0,0,0,0,0,0,0,0,0,0,0,3.08544579148293,0,0,0,0,0,0,0,0,0,3.00748712876264,0,0,0,0,2.85991312776293,0,0,0,3.38731784086961,0,3.03852966616425,0,0,0,0,0,0,0,0,0,0,0,3.29039206504822,0,0,0,0
0,0,0,0,0,0,0,0,0,0,0,0,3.93463812934028,0,3.14009642601013,0,5.86228597164154,55.1313238143921,0,0,0,0,0,0,0,0,3.93782350357543,0,0,0,3.13587865756668,0,0,0,0,0,0,0,2.96217196127948,0,0,0,0,0,0,0,0,0,0,0,0,0,0,0,0,0,0,0,4.14138215780258,0,0,0,0,0,0,0,0,0,0,3.30368256568909,0,3.74510467283934,0,2.94335285011603,0,0,0,0,0,0,0,2.94401300853153,4.04117828231674,0,0,0,0
0,0,0,0,0,0,0,0,0,0,0,4.15821370897414,0,0,0,0,0,0,0,0,0,0,0,0,0,0,0,2.77509689331055,0,0,0,0,0,0,0,0,0,2.87571672237281,0,0,0,0,0,0,0,0,0,0,0,0,0,0,0,0,0,0,0,4.76279889854566,0,0,0,0,0,0,0,0,0,0,0,0,4.71147237691012,0,4.38868098645597,0,0,0,0,0,0,0,4.51760809123516,0,0,0,0,0,0
0,0,0,0,0,0,0,0,0,0,0,0,0,0,0,0,0,0,0,0,0,0,0,0,0,0,0,0,3.13587865756668,0,0,0,0,0,0,0,0,0,3.06044035676134,0,0,0,0,0,0,0,0,0,0,0,0,0,0,0,0,0,3.62102301418781,0,0,0,0,0,0,0,0,0,0,0,0,0,0,0,0,3.04087673745504,0,0,0,0,0,0,0,2.99698733316885,0,0,0,0,0
0,0,0,0,0,0,0,0,0,0,0,0,0,0,0,0,0,0,0,0,0,0,0,0,0,0,0,0,0,0,0,0,4.13965377584969,5.04033058117597,6.41158347863417,3.09762765352543,5.55534702539444,0,0,0,0,0,0,0,0,0,0,4.8095387048702,7.78003740310669,4.4571663683111,0,0,0,0,0,0,0,0,0,0,0,0,0,0,0,0,0,0,0,0,0,0,0,0,4.15324987392122,4.81234672170076,6.72685163361686,3.16363048553467,6.32370468865417,4.98146131544402,0,0,3.00330019293979,0,0,0,0
0,0,0,0,0,0,0,0,0,0,0,0,0,0,0,0,0,0,0,0,0,0,0,0,0,0,0,0,0,0,0,4.13965377584969,0,5.51581805092948,4.83778564135234,3.79235479235649,3.05441807625724,0,0,0,0,0,0,0,0,0,0,4.08209979217664,0,0,0,0,0,0,0,0,0,0,0,0,0,0,0,0,0,0,0,0,0,0,0,0,0,0,4.46655818732858,3.58362305635265,0,2.94320344924927,6.30394983291626,5.35503837961546,0,0,3.70227453997641,0,0,0,0
0,0,0,0,0,0,0,0,0,0,0,0,0,0,0,0,0,0,0,0,0,0,0,0,0,0,0,0,0,0,0,5.04033058117597,5.51581805092948,0,3.39229906705252,3.74680320354218,0,5.38788865314293,0,0,0,0,0,0,0,0,0,4.16319488571259,0,4.84206655290392,0,0,0,0,0,0,0,0,0,0,0,0,0,0,0,0,0,0,0,0,0,0,0,0,7.42947915534833,0,5.76165891410414,3.33813721100297,7.15537222226461,0,7.05449422263795,3.59765746421421,9.50299456366177,0,0,0,0
0,0,0,0,0,0,0,0,0,0,0,0,0,0,0,0,0,0,0,0,0,0,0,0,0,0,0,0,0,0,0,6.41158347863417,4.83778564135234,3.39229906705252,0,0,3.10377838524812,2.73315596580505,3.11703743404812,0,0,0,8.61449146270752,0,0,0,0,4.58156054894062,0,0,0,0,0,0,0,0,0,0,0,0,0,0,0,0,0,0,0,0,0,0,0,0,0,0,0,8.59587685380663,3.90213999236371,5.31445377771451,0,4.37787543194635,0,4.45225205421448,4.21684664228688,0,4.70014254252116,0,0
0,53.137336730957,0,21.7064990997314,0,14.0289344787598,0,0,0,0,0,3.58023548126221,0,0,0,0,107.282848358154,98.3726959228516,67.458674499954,10.4973765051327,0,0,0,0,0,0,0,0,0,0,0,3.09762765352543,3.79235479235649,3.74680320354218,0,0,3.84883528562553,4.40686229028837,0,66.868172454834,100.14412689209,49.293000997499,94.8152592976888,0,65.576171875,25.5964114568671,0,10.2260283618976,0,22.9104403899266,0,0,0,0,0,0,0,3.12038264274597,0,0,0,0,5.23027098031692,0,0,0,0,0,0,0,0,0,75.9682464599609,0,4.20715407962832,4.04889193602971,6.72376106758795,0,6.23375399116542,4.46784545089069,6.7836167112159,0,5.5099517708082,2.90290654450655,20.0666638998918,53.6889362335205,71.9611015319824
0,0,0,0,0,0,0,0,0,0,2.88818266028065,0,0,0,0,0,101.182094573975,91.2062927246094,73.8207443237305,0,4.21658613811411,0,0,0,0,0,0,0,0,0,0,5.55534702539444,3.05441807625724,0,3.10377838524812,3.84883528562553,0,0,4.87559635454434,0,38.951361656189,0,52.664739909925,0,52.5313873291016,0,0,3.54532287120819,0,0,0,0,0,0,0,0,13.4733018033645,0,0,0,0,0,0,9.17679987027095,0,0,0,0,0,0,0,0,0,0,3.96418204307556,3.43921052202002,0,4.50297381912453,7.16656784868952,5.54100723853271,0,4.94805790260794,5.74355197042993,3.67060764431953,25.3384320735931,0,42.7426204681396
0,23.3690872192383,0,0,0,0,0,0,0,5.29785222992926,0,3.32314017596166,0,0,0,0,0,0,0,5.84919321303274,0,3.83429913107162,5.28021918402778,4.61765977005374,0,0,0,3.56872646013896,0,2.87571672237281,0,0,0,5.38788865314293,2.73315596580505,4.40686229028837,0,0,3.07267343773032,72.1764068603516,0,11.35240594546,0,0,0,14.9405866728889,0,6.3983846784913,0,4.83869003040807,0,0,0,0,0,8.40076013498528,0,6.13570201246044,0,0,0,0,5.06044978098436,0,3.70070899428115,5.56580274245318,8.0315996942161,0,0,0,0,0,2.99023221560887,0,0,0,5.05508849487053,2.95456790924072,7.27491293819848,0,5.62408835620366,4.34063405602336,5.88875442331323,29.0009949207306,5.59073367332801,0,0
0,0,0,0,0,0,0,0,8.60849187639024,0,3.5536072047656,0,0,0,0,0,0,0,0,0,3.90232088565826,2.93744008357708,3.49942613249698,0,3.76210075837594,0,0,0,2.96217196127948,0,3.06044035676134,0,0,0,3.11703743404812,0,4.87559635454434,3.07267343773032,0,0,0,0,9.39725225810204,0,0,0,0,4.78801558182157,5.33153788844744,0,0,0,0,0,8.14563735735476,0,4.50994365279739,0,0,0,0,0,0,19.6152489384015,0,4.59578130520931,0,5.05479539632797,0,0,0,8.14052391052246,0,3.4482850578596,0,0,0,3.24009126286174,0,6.56462293146663,3.45437651872635,5.42636090466794,6.4902349420359,5.92745413278279,5.99813460631381,0,0
106.154612223307,28.3971392313639,0,45.0054807334111,0,42.2175623575846,0,0,0,0,0,0,0,0,0,0,84.3784365743961,71.222783719079,53.3038238363376,0,0,0,95.356689453125,0,0,0,0,0,0,0,0,0,0,0,0,66.868172454834,0,72.1764068603516,0,0,83.6361263820103,22.7501398089825,43.948943908398,26.9212291717529,0,16.2412445704142,73.7179073757596,4.5414559686087,6.47214343331077,12.2225825062192,0,0,0,0,0,0,0,44.5896906419234,0,0,0,0,13.557228492341,87.2601608276367,0,0,0,0,0,0,0,0,53.0194440988394,0,3.95502334833145,0,0,0,28.0627544021132,110.883207533095,25.2883043766022,66.3330307006836,52.9368554848626,0,24.463022529519,25.5086793899536,79.3306846618652
68.9990590413411,0,43.1890101114909,51.0142593383789,50.5877704620361,0,0,0,0,0,0,0,0,0,0,0,65.5975043556907,79.8552617390951,51.7488891045252,0,53.8962516784668,0,0,0,0,0,0,0,0,0,0,0,0,0,0,100.14412689209,38.951361656189,0,0,83.6361263820103,0,69.5698432922363,24.518890740091,0,27.1739450454712,0,16.4240219539107,4.93970565203817,5.91127063357957,15.4409057602628,60.8485463460286,0,0,0,0,0,47.0738955046001,0,47.9188543955485,0,0,0,130.870132446289,47.8657763685499,0,0,0,0,0,0,0,0,0,11.8110184058165,0,2.94022468158177,0,0,100.332604726156,7.89514851252352,0,11.7010893310819,42.6176094125818,0,10.1212751352545,0,25.4422734379768
0,21.3333290792938,79.8114204406738,29.9347284168116,0,48.571282523019,0,0,99.9124908447266,21.7819293850944,0,0,0,0,0,0,77.9633083343506,63.1622268580183,25.0457258960629,47.8510437011719,0,0,0,11.1552753448486,0,0,0,0,0,0,0,0,0,0,0,49.293000997499,0,11.35240594546,0,22.7501398089825,69.5698432922363,0,10.9117822556269,3.16325259208679,41.8787527084351,31.9251713752747,106.69811630249,9.56948073627879,16.1560666220529,15.0983729143794,0,0,0,0,0,21.4137410556569,0,17.7339747269948,0,22.6075741847356,0,0,26.3092943762537,90.0284843444824,0,0,13.9499214172363,0,0,0,0,0,18.9336204318439,0,0,0,0,0,28.3296946243987,94.9484969774882,28.216081460317,0,19.1494389474009,42.1029436177221,16.4353655304912,16.9933868584475,31.828574359417
14.7074520335748,0,38.8093949158986,48.1768081665039,50.6927149846004,0,0,0,16.6103164638792,0,0,0,0,0,0,0,48.0776697012094,62.4398353364733,27.8808994278675,0,61.1094284057617,0,0,0,15.6753720177544,0,0,0,0,0,0,0,0,0,8.61449146270752,94.8152592976888,52.664739909925,0,9.39725225810204,43.948943908398,24.518890740091,10.9117822556269,0,0,13.9839053161109,0,16.2611461018815,6.42962910929911,6.9982075702261,16.5423857714679,51.6443778446742,0,0,0,17.5329621973492,0,19.960685637527,43.5848979949951,41.6739442363289,0,0,0,43.9064229329427,32.6162228674828,0,0,0,14.7328160603841,0,0,0,0,97.4539855957031,11.9813601862301,0,0,0,0,50.294473005596,28.3148787784483,54.8155822753906,14.8339344853103,12.421749338117,5.25115554348952,10.9327948756097,15.5341025988261,6.6308108355608
0,0,0,0,0,0,0,0,0,0,0,0,0,0,0,0,0,38.9591293334961,42.647366142273,0,0,0,0,0,0,0,0,0,0,0,0,0,0,0,0,0,0,0,0,26.9212291717529,0,3.16325259208679,0,0,0,0,0,0,0,0,0,0,0,0,0,0,0,0,0,0,0,0,30.8922939300537,0,0,0,0,0,0,0,0,0,0,0,0,0,0,0,38.1024822235107,0,0,0,29.5504870414734,0,4.7770102818807,0,0
0,0,0,0,0,0,0,0,0,0,0,0,0,0,0,0,0,96.9711227416992,17.8209271232287,0,0,0,0,0,0,0,0,0,0,0,0,0,0,0,0,65.576171875,52.5313873291016,0,0,0,27.1739450454712,41.8787527084351,13.9839053161109,0,0,0,12.1255892276764,0,24.5981464385986,0,46.3502311706543,0,0,0,0,0,28.2347469329834,0,0,0,0,0,43.993766784668,0,0,0,0,0,0,0,0,0,0,0,0,0,0,0,61.6943359375,35.9401069831848,0,0,13.2163121344029,0,16.4847879981995,0,21.7440967559814
0,0,0,0,0,0,0,0,0,0,0,0,0,0,0,0,0,0,80.1728165944417,0,0,0,0,0,0,0,0,0,0,0,0,0,0,0,0,25.5964114568671,0,14.9405866728889,0,16.2412445704142,0,31.9251713752747,0,0,0,0,0,0,0,27.2994162241618,0,0,0,0,0,0,0,18.0008399787991,0,0,0,0,8.57206849636379,0,0,0,0,0,0,0,0,0,15.2267915467084,0,0,0,0,0,16.8980373529967,0,14.6888108546274,0,113.376480102539,0,15.5872184559073,0,0
81.917724609375,0,27.6117515563965,0,0,0,0,0,0,0,0,0,0,0,0,0,54.7876425689121,66.927755355835,44.0037076770135,0,0,123.712219238281,0,0,0,0,0,0,0,0,0,0,0,0,0,0,0,0,0,73.7179073757596,16.4240219539107,106.69811630249,16.2611461018815,0,12.1255892276764,0,0,0,0,69.5719909667969,55.8873023986816,0,0,0,0,0,34.8422746658325,91.6904067993164,34.9368643760681,0,0,0,79.9148254394531,20.806254484779,0,0,0,0,0,0,0,0,0,0,0,0,0,0,86.8725915908813,24.445152918916,0,38.5381940205892,31.3051543759137,0,22.9203905337896,0,32.1257459467108
0,0,0,58.8281440734863,0,51.8403396606445,0,0,0,12.5366648327221,0,0,0,0,0,0,0,0,70.5669784545898,0,0,0,0,16.54430103302,0,0,0,0,0,0,0,4.8095387048702,4.08209979217664,4.16319488571259,4.58156054894062,10.2260283618976,3.54532287120819,6.3983846784913,4.78801558182157,4.5414559686087,4.93970565203817,9.56948073627879,6.42962910929911,0,0,0,0,0,5.94560478725724,5.33195496977737,0,0,0,0,0,12.7219128078885,0,0,0,0,0,0,43.7902984619141,0,0,0,13.84987616539,0,0,0,0,0,0,0,5.55747810599259,6.19423149942611,5.7655184484471,5.73328267893462,6.3800060142513,5.70653918965794,10.0563151643854,7.87789498702172,5.78804737940273,5.27036190032959,7.21627136381884,0,0
9.20917682647705,0,8.50063178539276,31.0768084526062,34.1435181010853,33.11181640625,0,0,7.75631323456764,0,0,0,0,0,0,0,37.9961428208785,0,14.2898529688517,0,24.4212818145752,0,9.60211271872887,0,3.41636465064117,0,0,0,0,0,0,7.78003740310669,0,0,0,0,0,0,5.33153788844744,6.47214343331077,5.91127063357957,16.1560666220529,6.9982075702261,0,24.5981464385986,0,0,5.94560478725724,0,6.18178017328317,0,0,0,0,16.8103866577148,0,19.580975484848,0,39.0833904602948,0,0,0,0,24.8797314961751,0,6.82864161366704,0,7.24394292739721,0,7.31063259146934,0,6.60462998675409,0,9.61285066604614,0,5.7319511277335,0,2.74970531463623,0,7.94409056504567,0,4.88404436576341,9.94543366315888,15.9486061731974,7.57665897425789,0,8.84314250946045
0,6.22165056021817,0,34.4801585548802,0,32.8441123962402,0,0,0,19.2166607230902,0,0,0,0,0,0,86.8723831176758,64.7202682495117,31.6128307499298,0,0,5.7611127058665,0,4.47059019487731,0,0,0,3.08544579148293,0,0,0,4.4571663683111,0,4.84206655290392,0,22.9104403899266,0,4.83869003040807,0,12.2225825062192,15.4409057602628,15.0983729143794,16.5423857714679,0,0,27.2994162241618,69.5719909667969,5.33195496977737,6.18178017328317,0,0,0,0,0,0,20.6543350219727,0,7.36384397658749,0,4.82120647884551,0,3.75114347194803,27.9863589893688,0,4.19369744062424,0,7.75472354888916,0,5.80268457498443,0,3.92017162079905,0,10.7422463450321,0,3.73286731426532,0,3.36305512700762,0,11.6281967220473,0,4.37956009794782,0,15.2415644345076,23.4983908335368,8.16712212300317,20.086443010966,0
0,0,0,0,5.13837744755071,0,0,0,0,0,0,0,0,0,0,0,0,0,0,0,2.93092106517993,0,0,0,0,0,0,0,0,0,0,0,0,0,0,0,0,0,0,0,60.8485463460286,0,51.6443778446742,0,46.3502311706543,0,55.8873023986816,0,0,0,0,0,0,0,0,0,10.1855687982631,0,6.41620290091657,0,0,0,0,56.5109939575195,0,0,0,0,0,0,0,0,0,0,0,0,0,0,0,0,0,0,5.14795501621402,0,29.8996495505174,0,0
0,0,0,7.15690428927793,0,5.19941845137226,0,5.27268775701523,0,0,0,6.96550703048706,0,0,0,0,0,0,0,0,0,0,0,0,0,0,0,0,0,0,0,0,0,0,0,0,0,0,0,0,0,0,0,0,0,0,0,0,0,0,0,0,0,7.17730897244024,0,0,0,5.31582060362878,0,7.5420447075367,0,2.75136661529541,0,0,0,0,0,0,0,0,0,0,0,0,0,0,0,0,0,0,0,0,5.9197360017857,0,8.76316818438078,0,0
0,0,0,0,0,0,2.99323890425942,0,0,0,0,0,0,0,0,0,0,0,0,0,0,0,0,0,0,0,0,0,0,0,0,0,0,0,0,0,0,0,0,0,0,0,0,0,0,0,0,0,0,0,0,0,0,0,0,0,3.76800837850874,0,0,0,0,0,0,0,0,0,0,0,0,0,0,0,0,0,0,0,0,0,0,0,0,0,3.44827941258748,0,0,0,0
0,0,0,0,0,7.12980878353119,0,3.20232159488804,0,0,0,3.06450998783112,0,0,0,0,0,0,0,0,0,0,0,0,0,0,0,0,0,0,0,0,0,0,0,0,0,0,0,0,0,0,0,0,0,0,0,0,0,0,0,7.17730897244024,0,0,0,0,0,9.54233514758903,0,9.85408992276472,0,0,0,0,0,0,0,0,0,0,0,0,0,0,0,0,0,0,0,0,0,0,6.40753021240234,0,0,0,0
5.32029176810209,0,0,0,3.17372179031372,0,0,0,5.82782426737546,0,0,0,0,0,0,0,15.4242660359638,41.0457153320312,57.5913181304932,0,0,0,0,0,3.77113544344902,0,0,0,0,0,0,0,0,0,0,0,0,0,8.14563735735476,0,0,0,17.5329621973492,0,0,0,0,0,16.8103866577148,0,0,0,0,0,0,0,0,0,0,0,9.96361211140951,0,0,0,0,31.4102592468262,0,3.24220676529676,0,0,0,0,0,0,0,0,0,0,0,0,0,5.97021106825732,16.8370585513837,0,8.93199436321009,0,0
0,5.97902198158093,0,0,0,0,0,0,0,5.99636833018795,0,0,0,0,0,3.9668181091547,0,0,30.1797790527344,0,0,0,0,5.46670606324999,0,0,0,0,0,0,0,0,0,0,0,0,0,8.40076013498528,0,0,0,21.4137410556569,0,0,0,0,0,12.7219128078885,0,20.6543350219727,0,0,0,0,0,0,0,0,0,0,0,4.61281989797761,0,0,0,0,4.70398136469034,0,0,0,0,0,0,0,0,0,0,0,0,0,5.38476164866302,0,10.7792282832993,0,13.3449167994116,0,0
0,0,22.8292021606908,58.4380035400391,14.7388310268007,0,0,0,0,0,3.95113428537758,0,2.93749473311684,0,0,0,71.8204912458147,77.8466688791911,48.5460615456104,0,8.31861146057353,0,0,0,0,0,0,0,0,0,3.62102301418781,0,0,0,0,0,13.4733018033645,0,4.50994365279739,0,47.0738955046001,0,19.960685637527,0,28.2347469329834,0,34.8422746658325,0,19.580975484848,0,10.1855687982631,0,3.76800837850874,0,0,0,0,79.2136459350586,9.45445446372032,0,4.72581156094869,0,0,20.5624842030521,0,0,0,140.087463378906,0,0,0,0,0,3.87243941008488,0,0,0,0,116.894073486328,35.7572085358868,0,5.64090323222192,16.9363700943657,0,13.8779799317754,0,17.2201654686118
0,19.4970112681389,0,7.56444712089641,0,9.48360697428385,0,13.4936039264386,0,0,0,7.63612380592207,0,0,0,0,84.301139831543,64.0211410522461,24.9427280752466,3.00532183051109,0,0,0,0,0,0,0,0,0,4.76279889854566,0,0,0,0,0,3.12038264274597,0,6.13570201246044,0,44.5896906419234,0,17.7339747269948,43.5848979949951,0,0,18.0008399787991,91.6904067993164,0,0,7.36384397658749,0,5.31582060362878,0,9.54233514758903,0,0,79.2136459350586,0,0,3.14219034285772,0,3.52811344861984,10.0609945164246,0,0,0,0,0,0,0,0,0,6.62914383397642,0,0,0,0,0,56.674369096756,0,12.4697142088855,86.8121109008789,21.9842634527651,37.2400957743327,8.8663200930238,16.8132306149131,0
0,0,6.00642061233521,61.582914352417,13.9896919350875,0,0,0,0,0,2.74051594734192,0,3.30402221587988,0,3.41709115947645,0,0,111.276168823242,67.0264053344727,0,0,0,0,0,0,0,0,0,4.14138215780258,0,0,0,0,0,0,0,0,0,0,0,47.9188543955485,0,41.6739442363289,0,0,0,34.9368643760681,0,39.0833904602948,0,6.41620290091657,0,0,0,0,0,9.45445446372032,0,0,0,4.68551819665091,0,0,38.1414029257638,0,0,0,0,0,0,0,4.60053318252891,0,0,0,0,0,0,57.5871162414551,52.7674243450165,0,0,30.4965263979776,0,37.1076236297344,0,21.488652910505
0,8.2662302831014,0,5.04280810202322,0,7.8571714758873,0,8.17478968880393,0,0,0,3.02440976161583,0,3.39999886890131,0,3.26923215389252,0,0,0,0,0,0,0,0,0,0,0,3.00748712876264,0,0,0,0,0,0,0,0,0,0,0,0,0,22.6075741847356,0,0,0,0,0,0,0,4.82120647884551,0,7.5420447075367,0,9.85408992276472,0,0,0,3.14219034285772,0,0,0,3.65488812892266,0,0,0,0,0,0,0,0,0,0,27.4341554641724,0,0,0,0,0,0,0,0,0,4.21161901950836,0,15.5378331184387,0,0
0,0,0,0,0,0,0,0,0,0,0,0,0,0,2.95760989189148,0,6.05813093618913,0,0,0,0,0,0,0,7.46916325887044,0,3.78942842232554,0,0,0,0,0,0,0,0,0,0,0,0,0,0,0,0,0,0,0,0,0,0,0,0,0,0,0,9.96361211140951,0,4.72581156094869,0,4.68551819665091,0,0,0,0,0,0,0,0,0,0,0,0,2.9465499718984,0,0,0,0,0,0,0,0,0,0,5.90213391780853,0,0,0,0
0,4.69995126810941,0,5.21044662391326,0,0,0,0,0,4.46148422786168,0,0,0,0,0,3.7206585641987,0,8.11074912548065,28.022891998291,0,0,0,0,0,0,0,0,0,0,0,0,0,0,0,0,0,0,0,0,0,0,0,0,0,0,0,0,0,0,3.75114347194803,0,2.75136661529541,0,0,0,4.61281989797761,0,3.52811344861984,0,3.65488812892266,0,0,0,0,0,0,0,0,3.94262862205505,0,0,0,0,0,0,0,0,0,92.5654449462891,0,0,0,4.41411951997063,4.58896571397781,10.4810540676117,0,0
0,0,0,22.5616245269775,0,0,0,0,0,0,0,4.39074324498511,0,0,0,0,87.7609883626302,73.5621699164896,59.1456412912529,3.15316166702637,0,0,0,0,0,0,0,0,0,0,0,0,0,0,0,5.23027098031692,0,5.06044978098436,0,13.557228492341,130.870132446289,26.3092943762537,43.9064229329427,30.8922939300537,43.993766784668,8.57206849636379,79.9148254394531,43.7902984619141,0,27.9863589893688,0,0,0,0,0,0,0,10.0609945164246,0,0,0,0,0,0,0,0,0,0,0,0,0,0,15.9366127485516,0,0,0,0,0,11.9474976357001,106.611288070679,8.56475256147428,0,8.89028622775997,0,12.9186726150299,17.4627799987793,0
25.7121181488037,0,25.3581790924072,65.6600761413574,0,0,0,0,0,0,10.7395737931348,0,0,0,0,0,67.276146030426,76.0320533116658,51.0137562248277,0,7.27762946618788,0,0,0,0,0,0,0,0,0,0,0,0,0,0,0,9.17679987027095,0,19.6152489384015,87.2601608276367,47.8657763685499,90.0284843444824,32.6162228674828,0,0,0,20.806254484779,0,24.8797314961751,0,56.5109939575195,0,0,0,0,0,20.5624842030521,0,38.1414029257638,0,0,0,0,0,0,0,0,0,0,0,0,0,0,28.9816836714745,0,0,0,0,101.161624484592,23.9632788306335,0,8.87375659602029,32.8637677385607,0,26.5793514045107,0,32.2651200014002
0,0,0,0,0,0,0,0,41.1050643920898,0,0,0,0,0,0,0,0,12.5099245707194,13.5115652084351,0,0,4.25257986125446,0,4.23758937915166,0,3.1449416687614,0,2.85991312776293,0,0,0,0,0,0,0,0,0,3.70070899428115,0,0,0,0,0,0,0,0,0,0,0,4.19369744062424,0,0,0,0,0,0,0,0,0,0,0,0,0,0,0,0,4.90182258041812,0,11.1248424227452,0,8.7704511529961,0,0,0,0,0,0,0,0,0,4.61292366132344,0,3.44502122742789,3.29272508621216,0,0,0
0,0,0,0,0,0,0,0,33.5001286400689,0,0,0,0,0,25.782092503139,0,18.4610380882764,32.0541117872511,44.4799515406291,0,0,3.51952923138936,4.02190079511941,0,9.25677342712879,0,3.09691685583533,0,0,0,0,0,0,0,0,0,0,5.56580274245318,4.59578130520931,0,0,0,0,0,0,0,0,0,6.82864161366704,0,0,0,0,0,31.4102592468262,0,0,0,0,0,0,0,0,0,0,0,0,5.61667569556706,0,7.74726291403498,0,6.00134525968258,0,19.764862537384,0,0,0,0,0,0,5.69969081878662,5.67149422362131,7.90634020139243,0,84.8432159423828,0,0
0,0,0,0,0,0,0,0,0,7.90265456367941,0,0,0,0,0,0,0,9.96334238052368,0,0,0,4.58221758720351,0,4.45903086645078,0,2.88958291618191,0,0,0,0,0,0,0,0,0,0,0,8.0315996942161,0,0,0,13.9499214172363,0,0,0,0,0,13.84987616539,0,7.75472354888916,0,0,0,0,0,4.70398136469034,0,0,0,0,0,0,0,0,4.90182258041812,0,0,0,8.02136049817982,0,11.871342866561,0,0,0,0,0,0,0,0,0,5.33673854950382,0,4.88790671070318,0,11.3347184168987,0,0
0,0,0,0,0,0,0,0,24.5128521790376,0,0,0,0,0,23.3302798271179,0,25.6127495994568,41.8191023887472,37.2820537791533,0,0,23.5527687072754,7.30371329048648,0,4.1690576801595,0,4.35643358707428,0,0,0,0,0,0,0,0,0,0,0,5.05479539632797,0,0,0,14.7328160603841,0,0,0,0,0,7.24394292739721,0,0,0,0,0,3.24220676529676,0,140.087463378906,0,0,0,0,0,0,0,0,5.61667569556706,0,0,0,8.26497209287552,0,10.1821525114296,0,0,0,0,0,0,0,0,0,4.57175342241923,15.5674343148216,0,3.1668583967469,0,0
0,0,0,0,0,0,0,0,0,0,0,0,0,0,0,0,0,9.44122714466519,0,0,0,14.2737956883615,0,4.43686089388104,0,3.6880880509104,0,3.38731784086961,0,0,0,0,0,0,0,0,0,0,0,0,0,0,0,0,0,0,0,0,0,5.80268457498443,0,0,0,0,0,0,0,0,0,0,0,3.94262862205505,0,0,11.1248424227452,0,8.02136049817982,0,0,0,10.9468234841017,0,0,0,0,0,0,0,0,0,0,0,2.95737252235413,0,0,0,0
0,0,0,0,0,0,0,0,3.58359853426615,0,0,0,0,0,7.77091634273529,0,8.70959488271524,45.289671085499,50.0927848815918,0,0,0,6.56584317684174,0,3.76745494679138,0,4.06350155712403,0,3.30368256568909,0,0,0,0,0,0,0,0,0,0,0,0,0,0,0,0,0,0,0,7.31063259146934,0,0,0,0,0,0,0,0,0,0,0,0,0,0,0,0,7.74726291403498,0,8.26497209287552,0,0,0,4.9044461110059,0,0,0,0,0,0,0,0,0,0,15.2744739850362,0,0,0,0
0,0,0,0,0,0,0,0,0,0,0,0,0,0,0,0,0,0,0,0,0,17.8386001973539,0,11.9819853305817,0,0,0,3.03852966616425,0,4.71147237691012,0,0,0,0,0,0,0,0,0,0,0,0,0,0,0,0,0,0,0,3.92017162079905,0,0,0,0,0,0,0,0,0,0,0,0,0,0,8.7704511529961,0,11.871342866561,0,10.9468234841017,0,0,0,3.62504057117871,0,0,0,0,0,0,0,5.96226740725984,0,3.59028875827789,3.59778594970703,0,0,0
0,0,0,0,0,0,0,0,0,0,0,0,4.33882961273193,0,3.22787305346706,0,7.04388709222117,0,0,0,0,0,7.26724035523154,0,12.3635306919322,0,2.7581791083018,0,3.74510467283934,0,0,0,0,0,0,0,0,0,8.14052391052246,0,0,0,0,0,0,0,0,0,6.60462998675409,0,0,0,0,0,0,0,0,0,4.60053318252891,0,2.9465499718984,0,0,0,0,6.00134525968258,0,10.1821525114296,0,4.9044461110059,0,0,0,8.2157699486888,0,0,0,0,0,0,0,6.16248929682301,2.94992121060689,0,0,0,0
0,24.1513612747192,0,26.6781148408589,0,0,0,0,0,0,0,7.68443102221335,0,0,0,0,78.400380452474,73.9291756947835,28.4703109033394,0,0,0,0,0,0,0,0,0,0,4.38868098645597,0,0,0,0,0,75.9682464599609,0,2.99023221560887,0,53.0194440988394,0,18.9336204318439,97.4539855957031,0,0,15.2267915467084,0,0,0,10.7422463450321,0,0,0,0,0,0,0,6.62914383397642,0,27.4341554641724,0,0,15.9366127485516,0,0,0,0,0,0,0,3.62504057117871,0,0,0,0,0,0,0,55.8047774893339,82.7197138468425,7.82279598803921,0,32.6669153167355,41.4818077087402,12.1573826460743,19.433257490724,0
0,0,0,0,0,0,0,0,0,0,3.83462929725647,0,0,0,0,0,71.8151626586914,0,0,0,20.9442653656006,0,0,0,0,0,0,0,2.94335285011603,0,3.04087673745504,0,0,0,0,0,0,0,3.4482850578596,0,11.8110184058165,0,11.9813601862301,0,0,0,0,0,9.61285066604614,0,0,0,0,0,0,0,3.87243941008488,0,0,0,0,0,0,28.9816836714745,0,19.764862537384,0,0,0,0,0,8.2157699486888,0,0,0,0,0,0,0,53.5071558271136,0,7.79995626278362,25.6451692581177,0,7.2637946317819,0,19.7969535191854
0,0,0,0,0,0,0,0,0,0,0,0,0,0,0,0,0,0,0,0,0,0,0,0,0,0,0,0,0,0,0,4.15324987392122,4.46655818732858,7.42947915534833,0,4.20715407962832,3.96418204307556,0,0,3.95502334833145,0,0,0,0,0,0,0,5.55747810599259,0,3.73286731426532,0,0,0,0,0,0,0,0,0,0,0,0,0,0,0,0,0,0,0,0,0,0,0,0,0,5.40585024356842,7.99019316256193,0,5.47938393860122,5.94398100862225,0,0,5.06111969433579,0,0,0,0
0,0,0,0,0,0,0,0,0,0,0,0,0,0,0,0,0,0,0,0,0,0,0,0,0,0,0,0,0,0,0,4.81234672170076,3.58362305635265,0,8.59587685380663,4.04889193602971,3.43921052202002,0,0,0,2.94022468158177,0,0,0,0,0,0,6.19423149942611,5.7319511277335,0,0,0,0,0,0,0,0,0,0,0,0,0,0,0,0,0,0,0,0,0,0,0,0,0,5.40585024356842,0,0,5.15372119613942,5.3700571962305,8.01542307719711,0,0,3.28858477419073,0,0,0,0
0,0,0,0,0,0,0,0,0,0,0,0,0,0,0,0,0,0,0,0,0,0,0,0,0,0,0,0,0,0,0,6.72685163361686,0,5.76165891410414,3.90213999236371,6.72376106758795,0,5.05508849487053,0,0,0,0,0,0,0,0,0,5.7655184484471,0,3.36305512700762,0,0,0,0,0,0,0,0,0,0,0,0,0,0,0,0,0,0,0,0,0,0,0,0,7.99019316256193,0,0,4.93811543782552,12.1119339722853,0,6.49471618617769,4.4994699160258,9.15063334860892,0,0,0,0
0,0,0,0,0,0,0,0,0,0,0,0,0,0,0,0,0,0,0,0,0,0,0,0,0,0,0,0,0,0,0,3.16363048553467,2.94320344924927,3.33813721100297,5.31445377771451,0,4.50297381912453,2.95456790924072,3.24009126286174,0,0,0,0,0,0,0,0,5.73328267893462,2.74970531463623,0,0,0,0,0,0,0,0,0,0,0,0,0,0,0,0,0,0,0,0,0,0,0,0,0,0,5.15372119613942,4.93811543782552,0,0,4.92391077297156,0,4.7169115904243,4.52609893500087,0,8.62067127227783,0,0
106.753297805786,38.2881449531106,44.8101844787598,45.1490427652995,0,0,0,0,127.574890136719,52.3029403686523,0,0,0,0,123.656234741211,0,85.4895089093377,74.0465724290307,53.9265882038773,15.0275781294879,81.098762512207,0,0,0,0,0,0,0,0,0,0,6.32370468865417,6.30394983291626,7.15537222226461,0,6.23375399116542,7.16656784868952,7.27491293819848,0,28.0627544021132,100.332604726156,28.3296946243987,50.294473005596,38.1024822235107,61.6943359375,16.8980373529967,86.8725915908813,6.3800060142513,0,11.6281967220473,0,0,0,0,0,0,116.894073486328,56.674369096756,57.5871162414551,0,0,92.5654449462891,11.9474976357001,101.161624484592,0,0,0,0,0,0,0,0,55.8047774893339,0,5.47938393860122,5.3700571962305,12.1119339722853,0,0,68.8770893008813,7.43275598971762,90.6643218994141,33.8580597466842,0,25.3453137360077,37.4737259745598,85.4475059509277
43.2402454175447,0,55.8092994689941,95.369987487793,0,0,0,0,95.4822750091553,0,0,0,0,0,0,0,75.0971043904622,80.6246515300176,57.3937883479763,0,7.94535367459244,0,0,0,132.390151977539,0,0,0,0,0,0,4.98146131544402,5.35503837961546,0,4.37787543194635,4.46784545089069,5.54100723853271,0,6.56462293146663,110.883207533095,7.89514851252352,94.9484969774882,28.3148787784483,0,35.9401069831848,0,24.445152918916,5.70653918965794,7.94409056504567,0,0,0,0,0,0,0,35.7572085358868,0,52.7674243450165,0,0,0,106.611288070679,23.9632788306335,0,0,0,0,0,0,0,0,82.7197138468425,53.5071558271136,5.94398100862225,8.01542307719711,0,4.92391077297156,68.8770893008813,0,0,5.85006469786902,29.3391431345721,2.95597704251607,28.1507913841414,0,36.7895308711312
0,28.8842430114746,0,31.6402943929036,0,0,0,0,0,6.83331351955187,0,4.58052694797516,0,0,0,0,74.0010643005371,61.7049667358398,34.975872624305,0,0,4.79830210010211,0,7.61633672941299,0,0,0,0,0,4.51760809123516,0,0,0,7.05449422263795,0,6.7836167112159,0,5.62408835620366,3.45437651872635,25.2883043766022,0,28.216081460317,54.8155822753906,0,0,14.6888108546274,0,10.0563151643854,0,4.37956009794782,0,0,0,0,0,5.38476164866302,0,12.4697142088855,0,0,0,0,8.56475256147428,0,4.61292366132344,5.69969081878662,5.33673854950382,0,0,0,5.96226740725984,0,7.82279598803921,0,0,0,6.49471618617769,0,7.43275598971762,0,0,5.81573404584612,6.91243963874377,0,6.08647285977935,24.9881553649902,0
25.9692185719808,0,0,0,0,0,0,0,6.00778865814209,0,4.03332722526026,0,0,0,0,0,64.825932820638,67.5784675598145,51.0950295766195,0,15.3015725255013,0,4.75677546429378,0,4.34205857743608,0,0,0,2.94401300853153,0,2.99698733316885,0,0,3.59765746421421,4.45225205421448,0,4.94805790260794,4.34063405602336,5.42636090466794,66.3330307006836,11.7010893310819,0,14.8339344853103,0,0,0,38.5381940205892,7.87789498702172,4.88404436576341,0,0,0,0,0,5.97021106825732,0,5.64090323222192,86.8121109008789,0,0,0,0,0,8.87375659602029,0,5.67149422362131,0,4.57175342241923,0,0,0,6.16248929682301,0,7.79995626278362,0,0,4.4994699160258,4.7169115904243,90.6643218994141,5.85006469786902,5.81573404584612,0,7.41353580642205,2.8176813043397,7.17743069901562,0,26.1587425867716
