0,0,0.00412945395192505,0,0,0,0,0,0.00805635781827097,0,0,0,0,0,0,0,2.56301690447145e-05,0,0.00221847756847326,0,0,0,0,0,0,0,0,0,0,0,0,0,0,0,0,0,1.65042657272734e-05,0,0.00018142581108122,0,0.000276682559272761,0,0.00345363080096177,0,0,0,0.00334215771043553,3.93922500249479e-05,0.00700529478159612,0,0,0,0,0,0.0329904292350912,0,0.000180951253386785,0,0,0,0.00449051410082768,0,0,8.72509797277829e-05,0,0,0,0,0,0,0,0,0,0.00390833399372611,0,0,0,0,0,0.000976631834422813,0,7.58048766995763e-05,0.000169518214012657,0,0.01139738082623,0,0.0114214680708878
0,0,0,0.0373746379677475,0,0,0,0,0,0.0398748070102421,0,0,0,0,0,0,3.95415143536633e-06,2.82332967511802e-05,0.003158713465498,0,0,0,0,0.000525096943599445,0,0,0,0,0,0,0,0,0,0,0,0,0,0.000251966415032196,0,8.99905345619896e-05,0,0.0329554899544809,7.86977054887165e-06,0,0,0,0.000263345656542797,0.00092226519720193,0,0.0279813287645979,0,0,0,0,0,0.0425469195606062,0,0.003312568460739,0,0.00036967602246355,0,0.0154805568911536,0,0,0,0,0.00272685568422702,0,0,0,0.000502697527923682,0,0.00141609107246238,0,0,0,0,0,8.40545978481362e-05,0,4.77039156680148e-05,0,0.00119186078928661,0,0.0126648388293654,0,0
0.00412945395192505,0,0,0,0,0,0,0,0,0,0,0,0,0,0,0,0,0,0,0,0.000161427810977779,0,0,0,0,0,0,0,0,0,0,0,0,0,0,0,0,0,4.82274713393904e-05,0,0.000451440860903964,0,0.00240290448262491,0,0,0,0.00019036975607078,0,0.00328900860470304,7.69705048976306e-05,0,0,0,0,0,0,0.000457150030435155,0,0.0035211833131965,0,0.00305614454216148,0,0,0.00118474515223865,0,0,0,0,0,0,0,0,0,0.000284308071089291,0,0,0,0,0,1.52195341871502e-05,0,4.59799501684356e-05,5.94851524717388e-05,0,0.0060295232291262,0,0.00519002831972727
0,0.0373746379677475,0,0,0,0.00905874120511072,0,0,0,0.000365537139380956,0,0.000882372577470396,0,0,0,0,5.90785622227503e-05,0,0.000700659303347765,0,0,0,0,9.79000885281598e-05,0,0,0,0,0,0,0,0,0,0,0,3.24276263918323e-06,0,4.56516028728737e-05,0,9.35782143684451e-05,0,0.0048089629328215,0,0,0,0.00037212284900979,0,3.24773790727555e-05,0,0.00836248661135213,0,0,0,0,0,0.00259304438983814,0,0.0109130679869628,0,0.00171802318656141,0,0.00647769328437229,1.086459892264e-05,0,0,0,0.000197696387530064,0,0,0,0,0,0.00657859066029478,0,0,0,0,0,2.88777853502367e-05,4.10269093139716e-06,0.000127293137078481,0,0.000251088899157018,0,0.0131741075050647,0,0
0,0,0,0,0,0,0,0,0.0075314445059491,0,0,0,0,0,0,0,0,0,0,0,0,0,0,0,0,0,0,0,0,0,0,0,0,0,0,0,0,0,0,0,0,0,0,0,0,0,0,0,0,0,0.000164731070981361,0,0,0,0.000173882799572311,0,0,0,0,0,0,0,0,0,0,0,0,0,0,0,0,0,0,0,0,0,0,0,0,0,0,0,0.000114609801225337,0,0,0,0
0,0,0,0.00905874120511072,0,0,0,0,0,0.000333166739437729,0,0,0,0,0,0,0,0,0,0.00100109509600848,0,0,0,0,0,0,0,0,0,0,0,0,0,0,0,2.61913015596336e-05,0,0,0,0,0,0,0,0,0,0,0,0,0,0.000563506362277502,0,0.0143400855072431,0,0,0,0.0192267799871849,0,0.000298802046710955,0,0,0,0.0130133146245263,0,0,0,0,0,0,0,0,0,0,0,0,0,0,0,0,0,0,0,0,5.57212560961948e-05,0,0.000792648137727434,0,0
0,0,0,0,0,0,0,0,0,0,0.000189868119891048,0,0.00027734020761571,0,0,0,0,0,0,0,0,0,0,0,0,0,0,0,0,0,0,0,0,0,0,0,0,0,0,0,0,0,0,0,0,0,0,0,0,0,0,0,0,0,0,0,0.00374140240271796,0,0.00574954110859419,0,0,0,0,0,0,0,0,0,0,0,0,0,0,0,0,0,0,0,0,0,0,0,0.000137547712321704,0,0,0,0
0,0,0,0,0,0,0,0,0,0,0,0,0,0,0,0,0,0,0,0,0,0,0,0,0,0,0,0,0,0,0,0,0,0,0,0,0,0,0,0,0,0,0,0,0,0,0,0,0,0,0,0,0,0,0,0,0,0,0,0,0,0,0,0,0,0,0,0,0,0,0,0,0,0,0,0,0,0,0,0,0,0,2.42924809103987e-05,0,0,0,0
0.00805635781827097,0,0,0,0.0075314445059491,0,0,0,0,0,0,0,0,0,0.00767755178643696,0,0.000742623817838081,0,0,0,0,0,0,0,0.0183325852255664,0,0.000309401876751568,0,0,0,0,0,0,0,0,0,0,0,0.000305549345982576,0,0,0,0.000447936504431559,0,0,0,0,0,0.000100226766549357,0,0,0,0,0,0.0571634623589648,0,1.63903306421443e-05,0,0,0,0.00393812310284686,0,0,0,0,0,0,0.0186086226582675,0,0,0,0,0,0,0,0,0,0,0,0,0,1.55280432374213e-05,0.00124712194230813,0.000672332719699935,0.00139075042399479,0,0.000878467641151348
0,0.0398748070102421,0,0.000365537139380956,0,0.000333166739437729,0,0,0,0,0,0,0,0,0,0,0,4.7807611518859e-06,7.77252601091602e-05,0,0,0,0,0.0119432892294067,0,0,0,0,0,0,0,0,0,0,0,0,0,0.000133194880362457,0,0,0,0.000682540629393114,0,0,0,0,0,0.000163966484742279,0,0.000555619499643263,0,0,0,0,0,0.130346461069347,0,0.000248552541192427,0,0,0,0.0209240476284222,0,0,0,0,0.00771660114017879,0,0.00387904395179327,0,1.68051383795675e-05,0,0.000778451779777644,0,0,0,0,0,0,0,0.00056237721306298,0,0.000507509718210472,0.00138282893384258,0.00105674442588668,0,0
0,0,0,0,0,0,0.000189868119891048,0,0,0,0,0,0.0278560177338445,0,0,0,0,0,0,0,0.0686252300891115,0,0,0,0,0,0,0,0,0,5.78543882877767e-05,0,0,0,0,0,0.00695561211579775,0,0.0328777513773942,0,0,0,0,0,0,0,0,0,0,0,0,0,0,0,0,0,0.103474531118839,0,0.0221688330734367,0,0,0,0,0.00130435850202504,0,0,0,0,0,0,0,0.00187690126272391,0,0.00307769974693771,0,0,0,0,0,0.000412806145583527,0,0.00968261856950707,0.00176795969806877,0,0.000599423221475001,0,0
0,0,0,0.000882372577470396,0,0,0,0,0,0,0,0,0,0.0099764367263037,0,0,0,0,0,0.0941883279956992,0,0,0,0,0,0,0,0.00599388189648265,0,0.00308005344468797,0,0,0,0,0,0.00306445006609311,0,0.0169042373197363,0,0,0,0,0,0,0,0,0,0,0,0.000120787748247336,0,0,0,0,0,4.70996379720659e-05,0,0.0738622173793957,0,0.0593118105243119,0,0,0.0167706282751513,0,0,0,0,0,0,0,4.06556518832927e-05,0,0.000401438027605276,0,0,0,0,0,0,0,0.0039748566911983,0,0.00101377226694806,0,5.36342789243235e-05,0,0
0,0,0,0,0,0,0.00027734020761571,0,0,0,0.0278560177338445,0,0,0,0.00332675561041639,0,0,0,0,0,0,0,0,0,0,0,0,0,0.00188432368758731,0,0,0,0,0,0,0,0,0,0,0,0,0,0,0,0,0,0,0,0,0,0,0,0,0,0,0,0.0011420768169801,0,0.00674849690328734,0,0,0,0,0,0,0,0,0,0,0,0,0.00441774852395187,0,0,0,0,0,0,0,0,0,0,0.00108050702507057,0.000785934308252763,0,0,0
0,0,0,0,0,0,0,0,0,0,0,0.0099764367263037,0,0,0,0.000507647563708883,0,0,0,0,0,0,0,0,0,0,0,0,0,0,0,0,0,0,0,0,0,0,0,0,0,0,0,0,0,0,0,0,0,0,0,0,0,0,0,0,0,5.24865499755833e-05,0,0.0455065209611774,0,0,0,0,0,0,0,0,0,0,0,0,0,0,0,0,0,0,0,0,0,0,9.53792957421209e-05,0,0,0,0
0,0,0,0,0,0,0,0,0.00767755178643696,0,0,0,0.00332675561041639,0,0,0,0.000901227066035084,0,0,0,0,0,0,0,6.6303592624866e-05,0,0.0268278952053254,0,0,0,0,0,0,0,0,0,0,0,0,0,0,0,0,0,0,0,0,0,0,0,0,0,0,0,0.00616824471629439,0,0,0,0,0,0.0216785419054309,0,0,0,0,0,0,0.00279652600949166,0,0.000973890481520703,0,0,0,0,0,0,0,0,0,0,0,0,0.000637653402272394,0.000370435311376305,0,0,0
0,0,0,0,0,0,0,0,0,0,0,0,0,0.000507647563708883,0,0,0,0,0,0,0,0,0,0,0,0,0,0,0,0,0,0,0,0,0,0,0,0,0,0,0,0,0,0,0,0,0,0,0,0,0,0,0,0,0,0,0,0,0,0.00789534716839585,0,0.00434193766409777,0,0,0,0,0,0,0.000151549596921541,0,0,0,0,0,0,0,0,0,0,0,0,0,0,0,0,0,0
2.56301690447145e-05,3.95415143536633e-06,0,5.90785622227503e-05,0,0,0,0,0.000742623817838081,0,0,0,0,0,0.000901227066035084,0,0,0.2005599523664,0.0703581790830089,0,0,0.00021013712140389,0.000414559550035018,0,0,0,0.00270028873150606,0,3.84274381875001e-05,0,0,0,0,0,0,1.41272353323179e-05,6.60986977442059e-06,8.68507989495716e-06,0,0.00143623379488028,0.00144612107517345,0.00143135577129056,0.0045749742765167,0.000155031298033445,0,0.00103334036616046,0.00510348502846691,0,0,1.03698766722427e-05,0,0,0,0,9.97183895555206e-06,0,0.000105267065460895,0.00022144646681115,0,0,0,0,0.000155693130019764,4.24851678572383e-05,0,0,7.92855470929557e-06,0,0,0,0,0,0.000673897779422908,0.000372933459235268,0,0,0,0,0.00149790036485318,0.00300163190896809,0.000780489912190964,0.000961555096313651,0.0174709358435804,0.00504758158900183,0.0046617114663852,0.000180525164976867,0.000508743801502357
0,2.82332967511802e-05,0,0,0,0,0,0,0,4.7807611518859e-06,0,0,0,0,0,0,0.2005599523664,0,0.067412184391451,0,0,0.00326777331003363,0,5.98589052470672e-05,0,0.0010340179890394,0,0,0,0,0,0,0,0,0,8.29137455349055e-06,8.5208569169438e-06,1.32934980943626e-06,0,0.00183196682500668,0.000755683389771718,0.00381455640168932,0.00142957049215919,9.542353932206e-05,0,0.000864139469777989,0.00238976990569588,6.24522770365597e-06,0,4.85533003680271e-05,0,0,0,0,0,0,2.63851173516411e-05,0.000286389346678801,0,0,0,0,0.000448074839490481,3.60805215123821e-06,0.000168706899862494,0,6.28487950335405e-06,0,0.00196178298754891,0,6.94254491938209e-06,0,0.000778440221811748,0.000103728727352528,0,0,0,0,0.00193793468797572,0.00115861347944258,0.00131884522826165,0.000316435275716781,0.0167383593945723,0.00383329101464542,0.00347352614866368,0.000787783462843953,0.00017651098136557
0.00221847756847326,0.003158713465498,0,0.000700659303347765,0,0,0,0,0,7.77252601091602e-05,0,0,0,0,0,0,0.0703581790830089,0.067412184391451,0,0,4.93708433227239e-06,0,0,2.35605001286026e-05,0,0,0,0,0,0,0,0,0,0,0,9.54021032320417e-05,5.23789970222273e-05,1.73499932067249e-05,5.98504743289303e-06,0.00852460090165569,0.00373110692674691,0.0189138678621574,0.0137689446134676,0.000817427214405975,0,0.00412065826610393,0.0216891362514128,0,3.78180584160656e-05,9.57675412256928e-05,0,0,0,0,0,6.49638526157255e-05,0.000511733774654784,0.00179346622105505,0,0,0,0,0.000867271333098319,0.000324300551239558,0,0,8.78052301948363e-05,0,0,0,1.31425409651493e-05,0,0.00635508710940698,0.0012257120757135,0,0,0,0,0.0117751571492874,0.00725694833444063,0.00699233118286821,0.00176574017676644,0.00842188435368609,7.54338979614537e-05,0.020049467241767,0.00512526053483304,0.0029290987739081
0,0,0,0,0,0.00100109509600848,0,0,0,0,0,0.0941883279956992,0,0,0,0,0,0,0,0,0,0,0,0,0,0,0,0,0,0,0,0,0,0,0,0.00449280521779763,0,0.00359776204612683,0,0,0,0,0,0,0,0,0,0,0,0,0,0.0122817299347143,0,0.00096622732400381,0,0,0,0.0154743300726355,0,2.47176458993111e-05,0,0,0.083929360786223,0,0,0,0,0,0,0,0,0,0.000186221412037817,0,0,0,0,0,0.000915560049162481,0,0.00103906958026182,0,0.000248544415560808,0,0.000368628805442223,0,0
0,0,0.000161427810977779,0,0,0,0,0,0,0,0.0686252300891115,0,0,0,0,0,0,0,4.93708433227239e-06,0,0,0,0,0,0,0,0,0,0,0,0,0,0,0,0,0,0.0104234544337474,0,0.00316724384557919,0,0,0,6.30037920919805e-05,0,0,0,3.51039454130472e-05,0,1.08821391484711e-05,0,0.000412806672546459,0,0.000314701936389688,0,0.00012293030920826,0,0.0632554213278721,0,0,0,0.000123183816008812,0,0,0.0420894142174111,0,0,0,0,0,0,0,0,0,0.000886941564144854,0,0,0,0,0,0.00316971143957406,0,0.00704626069546519,0.0013748532731413,8.30771011588595e-06,0.00278667144888973,0,4.38543330612481e-05
0,0,0,0,0,0,0,0,0,0,0,0,0,0,0,0,0.00021013712140389,0.00326777331003363,0,0,0,0,0.00602234336635926,0.00149055334960674,0,0.00152411396655562,0,0.0081965249740709,0,0,0,0,0,0,0,0,0,0.0182384117664071,0,0,0,0,0,0,0,0,0,0,0,0.00218328660654539,0,0,0,0,0,0,0,0,0,0,0,0,0,0,0.066754800578341,0.0011560137678606,0.000679210014413179,0,6.14648028584784e-05,0,0.00360811396293649,0,0,0,0,0,0,0,1.06612504258531e-05,0,0.00856419596763887,0,0.00648361814477272,0.000528351115620648,0,0,0
0,0,0,0,0,0,0,0,0,0,0,0,0,0,0,0,0.000414559550035018,0,0,0,0,0.00602234336635926,0,0,0.00267776337618417,0,0.000932226096757834,0,0.00435449402000777,0,0,0,0,0,0,0,0,0.000251427733569867,0.0209847692533391,0,0,0,0,0,0,0,0,0,0.000350856345056162,0,0,0,0,0,0,0,0,0,0,0,0,0,0,0,0.000137129784569177,0.0640709143193537,0,0.00165389025834148,0,0,0,1.86022280104226e-05,0,0,0,0,0,0,0,0,3.02766250874277e-05,0.00742705696819602,0.00999443388413107,0.00136914975916833,0,0,0
0,0.000525096943599445,0,9.79000885281598e-05,0,0,0,0,0,0.0119432892294067,0,0,0,0,0,0,0,5.98589052470672e-05,2.35605001286026e-05,0,0,0.00149055334960674,0,0,0,0.0470063489337451,0,0,0,0,0,0,0,0,0,0,0,0.010934691825227,0,0,0,0.000207077888856281,0,0,0,0,3.94503000229729e-05,0,0,0.000834961614372181,0,0,0,0,0,0.01123915229919,0,5.4484972890205e-05,0,0,0,0,0,0,0.00289482028488351,0,0.0604910043696033,0,0.0665373205765196,0,0,0,6.63854020179235e-05,0,0,0,0,0,0,0,0.0021893774596474,0,6.67676005487378e-05,0,0.000186522411074547,0,0
0,0,0,0,0,0,0,0,0.0183325852255664,0,0,0,0,0,6.6303592624866e-05,0,0,0,0,0,0,0,0.00267776337618417,0,0,0,0.0190504153158093,0,0,0,0,0,0,0,0,0,0,0,0.00954919181808299,0,0,0,2.94601594167006e-05,0,0,0,0,0,0.000434962590433778,0,0,0,0,0,0.00680934359453284,0,0,0,0,0,0.000376979187843834,0,0,0,0,0.00366992490160575,0,0.085494827729199,0,0.00347896349773502,0,0,0,0,0,0,0,0,0,0,0,0.00468803550011461,0.000247850714092616,0,0.000477414205222674,0,0
0,0,0,0,0,0,0,0,0,0,0,0,0,0,0,0,0,0.0010340179890394,0,0,0,0.00152411396655562,0,0.0470063489337451,0,0,0,0,0,0,0,0,0,0,0,0,0,0,0,0,0,0,0,0,0,0,0,0,0,0,0,0,0,0,0,0,0,0,0,0,0,0,0,0,0.00996161027006448,0,0.0905599377979783,0,0.0492469396779993,0,0.00325888893765886,0,0,0,0,0,0,0,0,0,0,0,8.42738256503182e-05,0,0,0,0
0,0,0,0,0,0,0,0,0.000309401876751568,0,0,0,0,0,0.0268278952053254,0,0.00270028873150606,0,0,0,0,0,0.000932226096757834,0,0.0190504153158093,0,0,0,0.00079210915038178,0,0,0,0,0,0,0,0,0,0,0,0,0,0,0,0,0,0,0,0.00371923846945979,0,0,0,0,0,0.00118760552635504,0,0,0,0,0,0.0131727838542785,0,0,0,0,0.00185877680034046,0,0.0300479422639781,0,0.00184257691645004,0,0.000154783695024925,0,0,0,0,0,0,0,0,0,0,0.000297113628716742,3.39086087366991e-06,0,0,0
0,0,0,0,0,0,0,0,0,0,0,0.00599388189648265,0,0,0,0,0,0,0,0,0,0.0081965249740709,0,0,0,0,0,0,0,0.0249346243281526,0,0,0,0,0,0,0,0.00108215623370594,0,0,0,0,0,0,0,0,0,0,0,0,0,0,0,0,0,0,0,0,0,0,0,0,0,0,0.00117883101507006,0,0,0,0,0,0.0420271508922236,0,0.000680820190064306,0,0,0,0,0,0,0,0.000906628206303162,0,0.00017497141912842,0,0,0,0
0,0,0,0,0,0,0,0,0,0,0,0,0.00188432368758731,0,0,0,3.84274381875001e-05,0,0,0,0,0,0.00435449402000777,0,0,0,0.00079210915038178,0,0,0,0.015033999497868,0,0,0,0,0,0,0,0.000581668359658717,0,0,0,0,0,0,0,0,0,0.000130140941575356,0,0,0,0,0,0,0,0,0,0,0,0,0,0,0,0,0.00584771424459319,0,0,0,4.07136710259201e-05,0,0.0647149922640537,0,0.00287271583396899,0,0,0,0,0,0,0,0.0012290649352033,7.92620264657234e-05,0,0,0,0
0,0,0,0,0,0,0,0,0,0,0,0.00308005344468797,0,0,0,0,0,0,0,0,0,0,0,0,0,0,0,0.0249346243281526,0,0,0,0,0,0,0,0,0,0.00735519975761629,0,0,0,0,0,0,0,0,0,0,0,0,0,0,0,0,0,0,0,0.00291638314873433,0,0.0029089390769701,0,0,0,0,0,0,0,0,0,0,0.0483102790177289,0,0.00764841956777498,0,0,0,0,0,0,0,0.00415243550115655,0,0.000101230446060445,0,0,0,0
0,0,0,0,0,0,0,0,0,0,5.78543882877767e-05,0,0,0,0,0,0,0,0,0,0,0,0,0,0,0,0,0,0.015033999497868,0,0,0,0,0,0,0,0,0,0.0052726278802824,0,0,0,0,0,0,0,0,0,0,0,0,0,0,0,0,0,0.00212208616338842,0,0,0,0,0,0,0,0,0,0,0,0,0,0,0.00556213685744473,0,0.0343512776141609,0,0,0,0,0,0,0,0.00203591450208927,3.42462423589971e-05,0,0,0,0
0,0,0,0,0,0,0,0,0,0,0,0,0,0,0,0,0,0,0,0,0,0,0,0,0,0,0,0,0,0,0,0,0.166453547714704,0.0183011580704293,0.000708835964998675,0.00679124724191618,0,0,0,0,0,0,0,0,0,0,0,0.127619613928913,0.00392172866390436,0.00302719462632101,0,0,0,0,0,0,0,0,0,0,0,0,0,0,0,0,0,0,0,0,0,0,0,0,0.153914945225944,0.0605972815728735,0.00901157180776172,0.000255050393748587,0.00163317845876832,0,0,0,8.14742251917548e-05,0,0,0,0
0,0,0,0,0,0,0,0,0,0,0,0,0,0,0,0,0,0,0,0,0,0,0,0,0,0,0,0,0,0,0,0.166453547714704,0,0.000937126216511685,0,0.0002580596591454,0.00456122367560684,0,0,0,0,0,0,0,0,0,0,0.0483390865344374,0,0,0,0,0,0,0,0,0,0,0,0,0,0,0,0,0,0,0,0,0,0,0,0,0,0,0.0216034809513437,0.0508844781502255,3.92884831861987e-05,0.000101004996395204,0,0.000323423662898449,0,0,0.000394597043901079,0,0,0,0
0,0,0,0,0,0,0,0,0,0,0,0,0,0,0,0,0,0,0,0,0,0,0,0,0,0,0,0,0,0,0,0.0183011580704293,0.000937126216511685,0,0.223683452701697,0.0160432256917001,0,0.0121487332288371,0.00558710337791363,0,0,0.00088544078407514,0,0,0,0,0,0.0976879015663233,0,0,0,0,0,0,0,0,0,0,0,0,0,0,0,0,0,0,0,0,0,0,0,0,0,0,0.0028749967903265,0,0.0664331502734436,0.0810293744509641,0.0015456439629475,0,0.00508805273609745,0.00220729763522473,0.00133958515130922,0,0,0,0
0,0,0,0,0,0,0,0,0,0,0,0,0,0,0,0,0,0,0,0,0,0,0,0,0,0,0,0,0,0,0,0.000708835964998675,0,0.223683452701697,0,0,0.0119434148030879,0,0.00134816454351573,0,0,0,0.0191707266714698,0,0,0,0,0.113099683081646,0.000157677467729597,5.04899962663159e-05,0,0,0,0,0,0,0,0,0,0,0,0,0,0,0,0,0,0,0,0,0,0,0,0,0,0,0.0930501512088964,0.113179284489367,0,0.00113690697790549,0,0.00325472939828037,0.00269461182562456,0,5.03241199836472e-05,0,0
0,0,0,3.24276263918323e-06,0,2.61913015596336e-05,0,0,0,0,0,0.00306445006609311,0,0,0,0,1.41272353323179e-05,8.29137455349055e-06,9.54021032320417e-05,0.00449280521779763,0,0,0,0,0,0,0,0,0,0,0,0.00679124724191618,0.0002580596591454,0.0160432256917001,0,0,0.00255252935210112,0.0181551523729372,0,2.1544785724695e-06,0,4.36730327390857e-05,0,0,0,3.71423698499987e-05,3.86946237473186e-06,0.00340565445375253,0,0,0,0,0,0,0,3.76167715977689e-06,0,0.00189498559776183,0,2.04348686536625e-05,0,5.63117943648731e-05,0.0246260215811568,0,0,0,0,0,0,0,0,0,4.61782567780837e-06,0,0.00947832696273314,1.80665591345767e-05,0.00558292984218376,0,0.0774471890398624,0.00974724871895996,0.00282329680687373,0,0.00270523167746755,0.000283682322576264,0.00154574787596468,0,0
1.65042657272734e-05,0,0,0,0,0,0,0,0,0,0.00695561211579775,0,0,0,0,0,6.60986977442059e-06,8.5208569169438e-06,5.23789970222273e-05,0,0.0104234544337474,0,0,0,0,0,0,0,0,0,0,0,0.00456122367560684,0,0.0119434148030879,0.00255252935210112,0,0,0.0291396470977413,0,6.36773633708865e-06,0,8.19775655063167e-05,2.20487381349669e-06,0,0,5.52134778916631e-05,0.00187288397512682,0,0,0,0,0,0,0,0,0.000965345915123249,0,0,0,0,0,0,0.00437313507449846,0,0,0,0,0,0,0,0,0,6.48762404762576e-06,0,0.0106327166934809,0,0.00606384956014724,0.000231204827214054,0.0964526634882877,0,0.0041891100591241,0.00511508996120433,0.000397718509576234,0.000278900377454139,0,5.43490825389472e-06
0,0.000251966415032196,0,4.56516028728737e-05,0,0,0,0,0,0.000133194880362457,0,0.0169042373197363,0,0,0,0,8.68507989495716e-06,1.32934980943626e-06,1.73499932067249e-05,0.00359776204612683,0,0.0182384117664071,0.000251427733569867,0.010934691825227,0,0,0,0.00108215623370594,0,0.00735519975761629,0,0,0,0.0121487332288371,0,0.0181551523729372,0,0,0.00400912758857359,1.94692543931666e-06,0,0.000102347139771169,1.76524187195907e-06,0,0,3.65052474629647e-05,0,0.0116820888574396,0,0.000954495529810869,0,0,0,0,0,8.83494192392956e-05,0,0.0144892101660365,0,0,0,0,0.00675446360031061,0,0.00226339805658671,0,0.00597443106144099,0,0,0,0.000455467426406486,0,0.00389102011801349,0,0,0,0.00157563524107031,0,0.00725636009198232,1.39730647624075e-06,0.0979125574454608,0.00204351998268534,0.00402415526033527,0,0.0016454256198217,0,0
0.00018142581108122,0,4.82274713393904e-05,0,0,0,0,0,0.000305549345982576,0,0.0328777513773942,0,0,0,0,0,0,0,5.98504743289303e-06,0,0.00316724384557919,0,0.0209847692533391,0,0.00954919181808299,0,0,0,0.000581668359658717,0,0.0052726278802824,0,0,0.00558710337791363,0.00134816454351573,0,0.0291396470977413,0.00400912758857359,0,0,0,5.48250004937329e-06,0.00537987982338862,0,0,0,0,0.00652027301888502,0.00313851770701863,0,0,0,0,0,0.000959182210943344,0,0.0033835763361734,0,0,0,0,0,0,0.000216921339177863,0,0.00544802358476473,0,0.00154907460553053,0,0,0,0.000618673659905407,3.15207987873018e-06,0.00184755536442288,0,0,6.19246296859758e-05,0.000246152995295145,0,0.00901299739630381,0.000976816437857461,0.102334594778874,0.00657781851645339,1.13957035023091e-05,0.00395678277019258,0,0.000147562857842429
0,8.99905345619896e-05,0,9.35782143684451e-05,0,0,0,0,0,0,0,0,0,0,0,0,0.00143623379488028,0.00183196682500668,0.00852460090165569,0,0,0,0,0,0,0,0,0,0,0,0,0,0,0,0,2.1544785724695e-06,0,1.94692543931666e-06,0,0,1.27872988832363e-05,0.0506205294397602,0.000268932500699959,0.00214273372446328,0,0.00822068508362022,0.000287010776704865,0.000331312771343205,1.63238382441493e-05,0.0361987405770296,0,0,0,0,0,0,0,0.00267221052709481,0,0,0,0,0.00378999500338795,6.96929654995107e-05,0,0,0,0,0,0,0,0,0.00570552481798839,0,0,0,0,0,0.00364203115549803,9.9537973046076e-05,0.00125786484600706,3.83603784259987e-05,0.000513896781909433,1.9866245416618e-06,0.0308159231218428,0.00714586982975951,3.64259548220214e-05
0.000276682559272761,0,0.000451440860903964,0,0,0,0,0,0,0,0,0,0,0,0,0,0.00144612107517345,0.000755683389771718,0.00373110692674691,0,0,0,0,0,0,0,0,0,0,0,0,0,0,0,0,0,6.36773633708865e-06,0,0,1.27872988832363e-05,0,8.03619751035389e-05,0.0195727974965171,1.62831819896202e-05,0,0,0.0283163473742561,1.90127391266836e-05,0.013407649310294,0,0,0,0,0,0,0,0,0,0,0,0,0,0,0.00349199177931292,0,0,0,0,0,0,0,0,0,0.000815568210517825,0,0,0,0,3.15060348216035e-05,0.0143767132706281,3.04648804772692e-05,0.000373415957317563,0.000426736877294897,1.22042915964895e-06,0.0131008252492846,0,0.00200687082170962
0,0.0329554899544809,0,0.0048089629328215,0,0,0,0,0,0.000682540629393114,0,0,0,0,0,0,0.00143135577129056,0.00381455640168932,0.0189138678621574,0,0,0,0,0.000207077888856281,0,0,0,0,0,0,0,0,0,0.00088544078407514,0,4.36730327390857e-05,0,0.000102347139771169,5.48250004937329e-06,0.0506205294397602,8.03619751035389e-05,0,0.00820408847625133,0.00411538163261444,0,0.00187845196555271,0.000531621059979672,0.0422293029464707,2.31870050307263e-05,0.0308220566662502,0,0,0,0,0,0.00137460291109861,0,0.0227911004579458,0,5.31114180864535e-05,0,0.000231117622834969,0.00555490289451508,0,0,0,0.000225008141080651,0,0,0,0.00203042450019779,0,0.0578456376935307,0,0,0,0.000345008294482101,0,0.0160565515046784,0.000131394467532437,0.00899631773023131,5.10603104692422e-05,0.00719626895504235,5.24751406482051e-05,0.06954991959426,0.0163825696119582,7.14429015903939e-05
0.00345363080096177,7.86977054887165e-06,0.00240290448262491,0,0,0,0,0,0.000447936504431559,0,0,0,0,0,0,0,0.0045749742765167,0.00142957049215919,0.0137689446134676,0,6.30037920919805e-05,0,0,0,2.94601594167006e-05,0,0,0,0,0,0,0,0,0,0.0191707266714698,0,8.19775655063167e-05,1.76524187195907e-06,0.00537987982338862,0.000268932500699959,0.0195727974965171,0.00820408847625133,0,0.000208856860248189,0,0.00017678966405334,0.0349941069214855,0.0673620715042442,0.0200052781100876,6.53994935903963e-05,0,0,0,0,0.000164864787558206,0,0.0149343195999662,4.50023119821049e-05,0,0,0,0,0,0.00414508872165732,0,0,0,0,0,0,0,0,0.000259750846266148,0.0185671122036685,0,0,0,0.000726856300306538,0.000131505696796004,0.0115801255004728,0.000169791490363007,0.00795928438195468,0.0048422160013574,4.96272530573576e-05,0.0986033692156219,0.000254847529127413,0.0271668596900645
0,0,0,0,0,0,0,0,0,0,0,0,0,0,0,0,0.000155031298033445,9.542353932206e-05,0.000817427214405975,0,0,0,0,0,0,0,0,0,0,0,0,0,0,0,0,0,2.20487381349669e-06,0,0,0.00214273372446328,1.62831819896202e-05,0.00411538163261444,0.000208856860248189,0,0,0.000244327447824797,3.41159320991348e-05,2.00610874673164e-05,0,0.000278314802430139,0,0,0,0,0,0,0,7.23104201564876e-05,0,0,0,0,0.00053701021196586,0,0,0,0,0,0,0,0,0,0.000454241457550852,0,0,0,0,0,0.000357697202540201,4.01834662620701e-06,0.000115534443546631,0,0.00019857892278752,0,0.00216612745945914,0,0
0,0,0,0,0,0,0,0,0,0,0,0,0,0,0,0,0,0,0,0,0,0,0,0,0,0,0,0,0,0,0,0,0,0,0,0,0,0,0,0,0,0,0,0,0,0,0,0,0,0,0,0,0,0,0,0,0,0,0,0,0,0,0,0,0,0,0,0,0,0,0,0,0,0,0,0,0,0,0,0,0,0,0,0,0,0,0
0,0,0,0.00037212284900979,0,0,0,0,0,0,0,0,0,0,0,0,0.00103334036616046,0.000864139469777989,0.00412065826610393,0,0,0,0,0,0,0,0,0,0,0,0,0,0,0,0,3.71423698499987e-05,0,3.65052474629647e-05,0,0.00822068508362022,0,0.00187845196555271,0.00017678966405334,0.000244327447824797,0,0,0.000370726465389899,0,0,0.000328478846968563,0,0,0,0,0,0,0,0.00138516464802683,0,0,0,0,0.0634396297449833,0,0,0,0,0,0,0,0,0,0.00340715269949777,0,0,0,0,0,0.00285705072256268,3.56030353146649e-05,0.00515608654735961,0,0.000306011146875519,0,0.00656694421053442,0.000216153738779183,0
0.00334215771043553,0.000263345656542797,0.00019036975607078,0,0,0,0,0,0,0,0,0,0,0,0,0,0.00510348502846691,0.00238976990569588,0.0216891362514128,0,3.51039454130472e-05,0,0,3.94503000229729e-05,0,0,0,0,0,0,0,0,0,0,0,3.86946237473186e-06,5.52134778916631e-05,0,0,0.000287010776704865,0.0283163473742561,0.000531621059979672,0.0349941069214855,3.41159320991348e-05,0,0.000370726465389899,0,5.12396053869685e-05,0.000308972429362678,6.57625950447883e-06,0,0,0,0,0,0,0.000117885299884014,0.000105904062072716,0,0,0,0,6.49889257675124e-06,0.0233207161406205,0,0,0,0,0,0,0,0,0.00016518895333978,0.000561664545202204,0,0,0,0,0.000130323045982593,0.00445229310327075,5.47031486398017e-05,0.00252639824601338,0.00176803703719123,8.8326367100354e-07,0.0155159646392266,1.52975309623463e-05,0.000213746218908635
3.93922500249479e-05,0.00092226519720193,0,3.24773790727555e-05,0,0,0,0,0,0.000163966484742279,0,0,0,0,0,0,0,6.24522770365597e-06,0,0,0,0,0,0,0,0,0,0,0,0,0,0.127619613928913,0.0483390865344374,0.0976879015663233,0.113099683081646,0.00340565445375253,0.00187288397512682,0.0116820888574396,0.00652027301888502,0.000331312771343205,1.90127391266836e-05,0.0422293029464707,0.0673620715042442,2.00610874673164e-05,0,0,5.12396053869685e-05,0,0.138370436920302,0.134408227433047,0,0,0,0,0,0.000929955295137213,0,1.80281180550781e-05,0,0,0,0,0,0,0,0,0,0,0,0,7.26196912517057e-06,0,0,1.63919392491394e-05,0.0688505523911756,0.0112985217384124,0.0340708590683787,0.00958778940755913,0.0079510023756657,0.002186099054974,2.55748639395383e-05,0.00387444405672136,0.00509170943225607,2.43708407182333e-05,0.0328969650124157,0,0.000458411269594432
0.00700529478159612,0,0.00328900860470304,0,0,0,0,0,0.000100226766549357,0,0,0,0,0,0,0,0,0,3.78180584160656e-05,0,1.08821391484711e-05,0,0.000350856345056162,0,0.000434962590433778,0,0.00371923846945979,0,0.000130140941575356,0,0,0.00392172866390436,0,0,0.000157677467729597,0,0,0,0.00313851770701863,1.63238382441493e-05,0.013407649310294,2.31870050307263e-05,0.0200052781100876,0,0,0,0.000308972429362678,0.138370436920302,0,0.0141447187823686,0,0,0,0,0.00061364683544999,0,0.00187881936516474,0,0.00105661384595153,0,3.23921858203235e-05,0,0,0.000117473285657042,0,0.000958920232399749,0,0.0110030498537294,0,0.00890416547842376,0,0.00233764481479911,0,0.0298474534418473,0.000478602495005566,0.00023292557244495,0,0.00369493436686266,0,0.00141933598052168,0,0.00555792945049849,0.000372735482109582,0,0.0400555831435932,0,7.28466372526722e-05
0,0.0279813287645979,7.69705048976306e-05,0.00836248661135213,0,0.000563506362277502,0,0,0,0.000555619499643263,0,0.000120787748247336,0,0,0,0,1.03698766722427e-05,4.85533003680271e-05,9.57675412256928e-05,0,0,0.00218328660654539,0,0.000834961614372181,0,0,0,0,0,0,0,0.00302719462632101,0,0,5.04899962663159e-05,0,0,0.000954495529810869,0,0.0361987405770296,0,0.0308220566662502,6.53994935903963e-05,0.000278314802430139,0,0.000328478846968563,6.57625950447883e-06,0.134408227433047,0.0141447187823686,0,0,0,0,0,0,0.000412612904620123,0,0.00417841817685369,0,0.00106203525413554,0,0.00324031067327888,0.000120417640623122,0,0.0046152559324091,0,0.0193352137314283,0,0.00738522479660318,0,0.0167199161778663,0,0.0104304403940507,0,0.00828929828830416,8.29035216848939e-05,0.000190557578768871,0.000107128027206556,0.000855248723220456,8.33346054430361e-06,0.00926104698803702,0,0.000796021376476003,0,0.0267888323352819,0,0
0,0,0,0,0.000164731070981361,0,0,0,0,0,0,0,0,0,0,0,0,0,0,0,0.000412806672546459,0,0,0,0,0,0,0,0,0,0,0,0,0,0,0,0,0,0,0,0,0,0,0,0,0,0,0,0,0,0,0,0,0,0,0,0,0,0,0,0,0,0,0.000502006768484002,0,0,0,0,0,0,0,0,0,0,0,0,0,0,0,0,0,0,1.50337556842776e-05,0,0.0016040687210201,0,0
0,0,0,0,0,0.0143400855072431,0,0,0,0,0,0,0,0,0,0,0,0,0,0.0122817299347143,0,0,0,0,0,0,0,0,0,0,0,0,0,0,0,0,0,0,0,0,0,0,0,0,0,0,0,0,0,0,0,0,0,0,0,0,0,0.000959017966316623,0,0.00440780548728657,0,0.000418349942739517,0,0,0,0,0,0,0,0,0,0,0,0,0,0,0,0,0,0,0,0,1.39416709063912e-05,0,0.00542198135901345,0,0
0,0,0,0,0,0,0,0,0,0,0,0,0,0,0,0,0,0,0,0,0.000314701936389688,0,0,0,0,0,0,0,0,0,0,0,0,0,0,0,0,0,0,0,0,0,0,0,0,0,0,0,0,0,0,0,0,0,0,0,0.00922875150901228,0,0.00416370991737704,0,0,0,0,0,0,0,0,0,0,0,0,0,0,0,0,0,0,0,0,0,0,0,0,0,0,0,0
0,0,0,0,0,0,0,0,0,0,0,0,0,0,0,0,0,0,0,0.00096622732400381,0,0,0,0,0,0,0,0,0,0,0,0,0,0,0,0,0,0,0,0,0,0,0,0,0,0,0,0,0,0,0,0,0,0,0,0,0,0,0,0,0,0,0,0,0,0,0,0,0,0,0,0,0,0,0,0,0,0,0,0,0,0,2.43788070209859e-05,0,0,0,0
0.0329904292350912,0,0,0,0.000173882799572311,0,0,0,0.0571634623589648,0,0,0,0,0,0.00616824471629439,0,9.97183895555206e-06,0,0,0,0.00012293030920826,0,0,0,0.00680934359453284,0,0.00118760552635504,0,0,0,0,0,0,0,0,0,0,0,0.000959182210943344,0,0,0,0.000164864787558206,0,0,0,0,0,0.00061364683544999,0,0,0,0,0,0,0,0,0,0,0,0.00963542809975941,0,0,0.000342904951998371,0,0,0,0.0509447546908364,0,0,0,0,0,0,0,0,0,0,0,0,0,1.38970532993765e-05,3.25501638010516e-05,5.98863808270179e-06,0.00733352662676488,0,0
0,0.0425469195606062,0,0.00259304438983814,0,0.0192267799871849,0,0,0,0.130346461069347,0,4.70996379720659e-05,0,0,0,0,0,0,6.49638526157255e-05,0,0,0,0,0.01123915229919,0,0,0,0,0,0,0,0,0,0,0,3.76167715977689e-06,0,8.83494192392956e-05,0,0,0,0.00137460291109861,0,0,0,0,0,0.000929955295137213,0,0.000412612904620123,0,0,0,0,0,0,0,0.00011404632165827,0,0,0,0.000375869189156219,1.70979358705411e-05,0,0,0,0.00886453067436402,0,0,0,0,0,0.000228865843468194,0,0,0,0,0,0,9.23160652543221e-07,0.000980377060966214,0,0.00017140699727842,0,0.00755514844759713,0,0
0.000180951253386785,0,0.000457150030435155,0,0,0,0.00374140240271796,0,1.63903306421443e-05,0,0.103474531118839,0,0.0011420768169801,0,0,0,0.000105267065460895,2.63851173516411e-05,0.000511733774654784,0,0.0632554213278721,0,0,0,0,0,0,0,0,0,0.00212208616338842,0,0,0,0,0,0.000965345915123249,0,0.0033835763361734,0,0,0,0.0149343195999662,0,0,0,0.000117885299884014,0,0.00187881936516474,0,0,0,0.00922875150901228,0,0,0,0,0,0.0086599958820317,0,0.000814999663521483,0,0,0.0226959286989993,0,0,0,0,0,0,0,0.00288889119933235,1.15395849683185e-05,0.0817120064988183,0,0,0,0,0,0.000141834040470246,0,0.00154370474683729,0.00071574629648921,0,0.0354638831424863,0,0.00355901080205671
0,0.003312568460739,0,0.0109130679869628,0,0.000298802046710955,0,0,0,0.000248552541192427,0,0.0738622173793957,0,5.24865499755833e-05,0,0,0.00022144646681115,0.000286389346678801,0.00179346622105505,0.0154743300726355,0,0,0,5.4484972890205e-05,0,0,0,0,0,0.00291638314873433,0,0,0,0,0,0.00189498559776183,0,0.0144892101660365,0,0.00267221052709481,0,0.0227911004579458,4.50023119821049e-05,7.23104201564876e-05,0,0.00138516464802683,0.000105904062072716,1.80281180550781e-05,0,0.00417841817685369,0,0.000959017966316623,0,0,0,0.00011404632165827,0,0,0,0.00793786828196464,0,0.000683403139258931,0.00846936018930173,0,0,0,4.27472631969407e-05,0,0,0,0.0162663161209173,0,0.0488781626889203,8.59815262882462e-05,0,0,0,0,0.000174617530659444,6.85875180370265e-05,0.00245760433407477,5.94443423535516e-05,0.00137954559262833,0,0.0155524629272729,0.000290882633014287,1.22582962673165e-05
0,0,0.0035211833131965,0,0,0,0.00574954110859419,0,0,0,0.0221688330734367,0,0.00674849690328734,0,0,0,0,0,0,0,0,0,0,0,0,0,0,0,0,0,0,0,0,0,0,0,0,0,0,0,0,0,0,0,0,0,0,0,0.00105661384595153,0,0,0,0.00416370991737704,0,0,0,0.0086599958820317,0,0,0,0.000749173577061117,0,0,0.000181478977210694,0,0,0,0,0,0,0,0.000565244556135389,0,1.71102705987236e-05,0,0,0,0,0,3.17635528430829e-06,0,0,4.89946495600881e-05,0.000577627778455275,0.00518238801138546,0,0
0,0.00036967602246355,0,0.00171802318656141,0,0,0,0,0,0,0,0.0593118105243119,0,0.0455065209611774,0,0.00789534716839585,0,0,0,2.47176458993111e-05,0,0,0,0,0,0,0,0,0,0.0029089390769701,0,0,0,0,0,2.04348686536625e-05,0,0,0,0,0,5.31114180864535e-05,0,0,0,0,0,0,0,0.00106203525413554,0,0.00440780548728657,0,0,0,0,0,0.00793786828196464,0,0,0,0.00062838731993422,1.68299584318099e-05,0,0,0,0,0,0,0,1.47475226171281e-05,0,9.99415698878714e-06,0,0,0,0,0,0,0,0,0,0.000811948126150062,0,0.00380808598863224,0,0
0.00449051410082768,0,0.00305614454216148,0,0,0,0,0,0.00393812310284686,0,0,0,0,0,0.0216785419054309,0,0,0,0,0,0.000123183816008812,0,0,0,0.000376979187843834,0,0.0131727838542785,0,0,0,0,0,0,0,0,0,0,0,0,0,0,0,0,0,0,0,0,0,3.23921858203235e-05,0,0,0,0,0,0.00963542809975941,0,0.000814999663521483,0,0.000749173577061117,0,0,0,0,0.000872998660347046,0,0,0,0.00299570526103214,0,0.00116180431615028,0,1.68748655745266e-05,0,0.000285199974247908,0,0,0,0,0,0,0,0,3.32372943414921e-05,0,0.00280036826340389,0,0
0,0.0154805568911536,0,0.00647769328437229,0,0.0130133146245263,0,0,0,0.0209240476284222,0,0,0,0,0,0.00434193766409777,0,0,0,0,0,0,0,0,0,0,0,0,0,0,0,0,0,0,0,5.63117943648731e-05,0,0,0,0,0,0.000231117622834969,0,0,0,0,0,0,0,0.00324031067327888,0,0.000418349942739517,0,0,0,0.000375869189156219,0,0.000683403139258931,0,0.00062838731993422,0,0,0,0,0,0,0,0,0,0,0,0,0,0,0,0,0,0,2.650044933907e-06,0,0,0,9.65060595934905e-05,0,0.0067801320967163,0,0
0,0,0,1.086459892264e-05,0,0,0,0,0,0,0,0.0167706282751513,0,0,0,0,0.000155693130019764,0.000448074839490481,0.000867271333098319,0.083929360786223,0,0,0,0,0,0,0,0,0,0,0,0,0,0,0,0.0246260215811568,0,0.00675446360031061,0,0.00378999500338795,0,0.00555490289451508,0,0.00053701021196586,0,0.0634396297449833,6.49889257675124e-06,0,0,0.000120417640623122,0,0,0,0,0,1.70979358705411e-05,0,0.00846936018930173,0,1.68299584318099e-05,0,0,0,1.78919961459911e-05,0,0,0,0,0,0,8.87125197846471e-06,0,0.0352035093157166,0,0,0,0,0,0.00744169446523096,3.57214485855199e-06,0.0260723911158081,0,0.000995641389794394,8.68829963785862e-07,0.00883714084026384,0,0
8.72509797277829e-05,0,0.00118474515223865,0,0,0,0,0,0,0,0.00130435850202504,0,0,0,0,0,4.24851678572383e-05,3.60805215123821e-06,0.000324300551239558,0,0.0420894142174111,0,0,0,0,0,0,0,0,0,0,0,0,0,0,0,0.00437313507449846,0,0.000216921339177863,6.96929654995107e-05,0.00349199177931292,0,0.00414508872165732,0,0,0,0.0233207161406205,0,0.000117473285657042,0,0.000502006768484002,0,0,0,0.000342904951998371,0,0.0226959286989993,0,0.000181478977210694,0,0.000872998660347046,0,1.78919961459911e-05,0,0,0,0,0,0,0,0,0,0,0.0047403863465603,0,0,0,0,0,0.0113991264666368,1.552226992647e-06,0.0105288329842047,0.00152138492514101,0,0.0125666763002686,9.24012699603169e-05,0.000169182416912321
0,0,0,0,0,0,0,0,0,0,0,0,0,0,0,0,0,0.000168706899862494,0,0,0,0.066754800578341,0.000137129784569177,0.00289482028488351,0,0.00996161027006448,0,0.00117883101507006,0,0,0,0,0,0,0,0,0,0.00226339805658671,0,0,0,0,0,0,0,0,0,0,0,0.0046152559324091,0,0,0,0,0,0,0,0,0,0,0,0,0,0,0,7.02848811482224e-05,0.00443788531917086,0,0.0100195132677509,0,0.0120013549694654,0,0,0,0,0,0,0,0,0,0.00162805656042459,0,0.00128197360620492,5.14152785637077e-05,0,0,0
0,0,0,0,0,0,0,0,0,0,0,0,0,0,0,0,0,0,0,0,0,0.0011560137678606,0.0640709143193537,0,0.00366992490160575,0,0.00185877680034046,0,0.00584771424459319,0,0,0,0,0,0,0,0,0,0.00544802358476473,0,0,0,0,0,0,0,0,0,0.000958920232399749,0,0,0,0,0,0,0,0,0,0,0,0,0,0,0,7.02848811482224e-05,0,0,9.42418351692568e-06,0,0.000221692562405133,0,0.00199751542731224,0,0,0,0,0,0,0,0,0,0.000657645015751086,0.00059233124157703,0.000117550683734541,0,0,0
0,0.00272685568422702,0,0.000197696387530064,0,0,0,0,0,0.00771660114017879,0,0,0,0,0,0,7.92855470929557e-06,6.28487950335405e-06,8.78052301948363e-05,0,0,0.000679210014413179,0,0.0604910043696033,0,0.0905599377979783,0,0,0,0,0,0,0,0,0,0,0,0.00597443106144099,0,0,0,0.000225008141080651,0,0,0,0,0,0,0,0.0193352137314283,0,0,0,0,0,0.00886453067436402,0,4.27472631969407e-05,0,0,0,0,0,0,0.00443788531917086,0,0,0,0.0402659581598026,0,9.42553292029575e-06,0,0.000530353644800257,0,0,0,0,0,1.63923576977548e-05,0,0.0104934161063572,0,6.29583434233753e-05,0,0.00264136056902369,0,0
0,0,0,0,0,0,0,0,0.0186086226582675,0,0,0,0,0,0.00279652600949166,0,0,0,0,0,0,0,0.00165389025834148,0,0.085494827729199,0,0.0300479422639781,0,0,0,0,0,0,0,0,0,0,0,0.00154907460553053,0,0,0,0,0,0,0,0,0,0.0110030498537294,0,0,0,0,0,0.0509447546908364,0,0,0,0,0,0.00299570526103214,0,0,0,0,9.42418351692568e-06,0,0,0,0.000172324653249234,0,0,0,0,0,0,0,0,0,0,0,0.00327254491380281,5.72900542851591e-06,0,0.000309581426490272,0,0
0,0,0,0,0,0,0,0,0,0.00387904395179327,0,0,0,0,0,0.000151549596921541,0,0.00196178298754891,0,0,0,6.14648028584784e-05,0,0.0665373205765196,0,0.0492469396779993,0,0,0,0,0,0,0,0,0,0,0,0,0,0,0,0,0,0,0,0,0,0,0,0.00738522479660318,0,0,0,0,0,0,0,0,0,0,0,0,0,0,0.0100195132677509,0,0.0402659581598026,0,0,0,0.00157182391281725,0,0,0,0,0,0,0,0,0,0,0,3.22483379022742e-06,0,0,0,0
0,0,0,0,0,0,0,0,0,0,0,0,0,0,0.000973890481520703,0,0,0,0,0,0,0,0,0,0.00347896349773502,0,0.00184257691645004,0,4.07136710259201e-05,0,0,0,0,0,0,0,0,0,0,0,0,0,0,0,0,0,0,0,0.00890416547842376,0,0,0,0,0,0,0,0,0,0,0,0.00116180431615028,0,0,0,0,0.000221692562405133,0,0.000172324653249234,0,0,0,0.000522501206310547,0,0,0,0,0,0,0,0,0,0,0,0,0,0,0
0,0.000502697527923682,0,0,0,0,0,0,0,1.68051383795675e-05,0,4.06556518832927e-05,0,0,0,0,0,6.94254491938209e-06,1.31425409651493e-05,0,0,0.00360811396293649,0,0,0,0.00325888893765886,0,0.0420271508922236,0,0.0483102790177289,0,0,0,0,0,0,0,0.000455467426406486,0,0,0,0.00203042450019779,0,0,0,0,0,7.26196912517057e-06,0,0.0167199161778663,0,0,0,0,0,0,0,0.0162663161209173,0,1.47475226171281e-05,0,0,8.87125197846471e-06,0,0.0120013549694654,0,9.42553292029575e-06,0,0.00157182391281725,0,0,0,0.00801406685273915,0,0,0,0,0,0,0,0.00451123058919761,0,6.46440102830608e-05,0,0.000610184334160367,0,0
0,0,0,0,0,0,0,0,0,0,0.00187690126272391,0,0.00441774852395187,0,0,0,0,0,0,0,0,0,1.86022280104226e-05,0,0,0,0.000154783695024925,0,0.0647149922640537,0,0.00556213685744473,0,0,0,0,0,0,0,0.000618673659905407,0,0,0,0,0,0,0,0,0,0.00233764481479911,0,0,0,0,0,0,0,0.00288889119933235,0,0.000565244556135389,0,1.68748655745266e-05,0,0,0,0,0.00199751542731224,0,0,0,0.000522501206310547,0,0,0,0.00387674087497059,0,0,0,0,0,0,0,0.00193987282401897,0.000284245298478033,0,1.44623165397987e-05,0,0
0,0.00141609107246238,0,0.00657859066029478,0,0,0,0,0,0.000778451779777644,0,0.000401438027605276,0,0,0,0,0.000673897779422908,0.000778440221811748,0.00635508710940698,0.000186221412037817,0,0,0,6.63854020179235e-05,0,0,0,0.000680820190064306,0,0.00764841956777498,0,0,0,0,0,4.61782567780837e-06,0,0.00389102011801349,3.15207987873018e-06,0.00570552481798839,0,0.0578456376935307,0.000259750846266148,0.000454241457550852,0,0.00340715269949777,0.00016518895333978,0,0,0.0104304403940507,0,0,0,0,0,0.000228865843468194,1.15395849683185e-05,0.0488781626889203,0,9.99415698878714e-06,0,0,0.0352035093157166,0,0,0,0.000530353644800257,0,0,0,0.00801406685273915,0,0,0,0,0,0,0,0.000612718496354217,7.47319802134402e-05,0.0160997590610511,2.86564655211165e-05,0.00207148250932632,9.59691020132876e-06,0.0169065503243068,0.00360243361319154,9.03475344545864e-05
0.00390833399372611,0,0.000284308071089291,0,0,0,0,0,0,0,0.00307769974693771,0,0,0,0,0,0.000372933459235268,0.000103728727352528,0.0012257120757135,0,0.000886941564144854,0,0,0,0,0,0,0,0.00287271583396899,0,0.0343512776141609,0,0,0,0,0,6.48762404762576e-06,0,0.00184755536442288,0,0.000815568210517825,0,0.0185671122036685,0,0,0,0.000561664545202204,1.63919392491394e-05,0.0298474534418473,0,0,0,0,0,0,0,0.0817120064988183,8.59815262882462e-05,1.71102705987236e-05,0,0.000285199974247908,0,0,0.0047403863465603,0,0,0,0,0,0,0,0.00387674087497059,0,0,0,0,0,0,1.33298312097972e-06,0.000375993002695378,3.10102789173194e-06,0.00181109878253894,0.000606404271667795,0,0.0371921957921258,2.97158579989267e-05,0.0182434007105091
0,0,0,0,0,0,0,0,0,0,0,0,0,0,0,0,0,0,0,0,0,0,0,0,0,0,0,0,0,0,0,0.153914945225944,0.0216034809513437,0.0028749967903265,0,0.00947832696273314,0,0,0,0,0,0,0,0,0,0,0,0.0688505523911756,0.000478602495005566,0.00828929828830416,0,0,0,0,0,0,0,0,0,0,0,0,0,0,0,0,0,0,0,0,0,0,0,0,0,0,0.0499315445700038,0,0.00570699138108782,0,7.19876699879523e-05,0,0.00100911857106478,0,0,0,0
0,0,0,0,0,0,0,0,0,0,0,0,0,0,0,0,0,0,0,0,0,0,0,0,0,0,0,0,0,0,0,0.0605972815728735,0.0508844781502255,0,0,1.80665591345767e-05,0.0106327166934809,0,0,0,0,0,0,0,0,0,0,0.0112985217384124,0.00023292557244495,8.29035216848939e-05,0,0,0,0,0,0,0,0,0,0,0,0,0,0,0,0,0,0,0,0,0,0,0,0,0,0,0,0.0867778358975953,0,0.00311037101981646,0,0,5.17700295545447e-05,0,0,0,0
0,0,0,0,0,0,0,0,0,0,0,0,0,0,0,0,0,0,0,0,0,0,0,0,0,0,0,0,0,0,0,0.00901157180776172,3.92884831861987e-05,0.0664331502734436,0.0930501512088964,0.00558292984218376,0,0.00157563524107031,6.19246296859758e-05,0,0,0.000345008294482101,0,0,0,0,0,0.0340708590683787,0,0.000190557578768871,0,0,0,0,0,0,0,0,0,0,0,0,0,0,0,0,0,0,0,0,0,0,0,0,0.0499315445700038,0,0,0.00992408984358652,0.0113117451244107,0,0.0110814721441319,0,0.000872846306411578,0,0,0,0
