0,0,4.90314573049545,0,0,0,0,0,6.0596045265513,0,0,0,0,0,0,0,46.4693756103516,0,29.3763135274251,0,0,0,0,0,0,0,0,0,0,0,0,0,0,0,0,0,0,0,0,57.698543548584,0,0,21.5591662194994,0,0,47.3129463195801,12.6246471405029,0,4.79994451402853,0,0,0,0,0,4.14951088860279,0,0,0,0,0,3.0603061914444,0,0,0,0,0,0,0,0,0,0,0,0,0,0,0,0,0,0,63.5989189147949,0,0,6.42358018509784,0,9.48894870844754,0,0
0,0,0,3.72623344858487,0,0,0,0,0,4.66552787921468,0,0,0,0,0,5.06613651911418,0,0,0,0,0,0,0,0,0,0,0,0,0,0,0,0,0,0,0,0,0,0,0,0,0,10.3268797044401,0,0,0,0,0,0,0,4.88419747058256,0,0,0,0,0,3.76210688650608,0,0,0,0,0,2.74604785442352,0,0,0,0,0,0,16.3676416079203,0,0,0,0,0,0,0,0,0,0,0,0,0,4.83485822592463,0,5.81007414350384,0,0
4.90314573049545,0,0,0,6.2708210291401,0,0,0,6.20513413633619,0,0,0,0,0,0,0,0,69.0795059204102,83.2952880859375,0,0,0,0,0,0,0,0,0,0,0,0,0,0,0,0,0,54.7651103973389,0,58.7963752746582,0,46.5826377868652,0,21.4787129831838,0,9.94613075256348,0,21.1717199219598,0,5.87435629088682,0,5.26166154702504,0,0,0,5.90645234839721,0,14.9032899249684,0,4.22907943656479,0,3.90390770001845,0,0,34.8638833761215,0,0,0,0,0,0,0,29.3836444854736,0,30.8572598706495,0,0,0,0,0,39.6001763534546,0,36.3592383440803,9.57765342712402,0,9.98206000759451,0,19.0702466231126
0,3.72623344858487,0,0,0,5.29102312286842,0,0,0,5.49415743735529,0,0,0,0,0,0,0,0,40.0423393249512,0,0,0,0,0,0,0,0,0,0,0,0,0,0,0,0,0,0,0,0,33.4854335784912,0,22.8487667810349,0,0,0,10.5087836583455,0,0,32.6224660873413,4.23662554952833,0,0,0,0,0,5.22157385545376,0,0,0,0,0,0,0,0,0,0,0,0,0,0,0,0,34.4690170288086,0,0,0,0,0,33.17160987854,0,0,0,6.68631233450244,7.82898350195451,10.2308265981028,0,0
0,0,6.2708210291401,0,0,67.6665115356445,2.96237667401632,0,0,0,0,0,0,0,0,0,0,0,53.1073303222656,0,5.09012523005086,0,0,0,0,0,0,0,0,0,0,0,0,0,0,0,56.4653590917587,0,0,0,0,0,29.21185756865,0,0,0,24.9398727416992,0,32.1572384189915,0,6.66884183883667,0,0,0,0,0,31.6278007030487,0,4.85219049453735,0,0,0,0,7.77706584888222,0,0,0,0,0,0,0,0,0,40.0148986816406,0,0,0,0,0,60.3253432379829,0,44.2397384643555,10.8989942364576,0,19.1652380146392,0,26.499397277832
0,0,0,5.29102312286842,67.6665115356445,0,0,0,0,2.98915445804596,0,0,0,2.88621377944946,0,0,0,0,53.7980041503906,0,0,0,0,0,0,0,0,0,0,0,0,0,0,0,0,10.946346282959,0,0,0,37.9276818362149,0,36.415625964894,0,41.4216461181641,0,15.1457852522532,0,0,35.6021385192871,41.4324537423941,0,3.51831277211507,0,0,0,3.65090268850327,0,0,0,0,0,0,0,0,0,0,0,0,0,0,72.5916366577148,0,70.6034622192383,0,0,0,0,0,52.2305692036947,0,78.0255584716797,0,6.09062788415193,3.77278056511512,16.3572437612316,29.5293340682983,0
0,0,0,0,2.96237667401632,0,0,0,0,0,3.18034680547385,0,3.1664587055382,0,0,0,0,0,0,0,3.35358920693398,0,0,0,0,0,0,0,0,0,0,0,0,0,0,0,0,0,0,0,0,0,0,0,0,0,0,0,0,0,0,0,3.3521267588322,0,0,0,3.9930317065295,0,3.09088539045094,0,0,0,0,0,0,0,0,0,0,0,0,0,0,0,0,0,0,0,0,0,0,0,3.05793924515064,0,0,0,0
0,0,0,0,0,0,0,0,0,0,0,3.2779616185597,0,0,0,0,0,0,0,0,0,0,0,0,0,0,0,0,0,0,0,0,0,0,0,0,0,0,0,0,0,0,0,0,0,0,0,0,0,0,0,0,0,0,0,0,0,3.66743755340576,0,0,0,0,0,0,0,0,0,0,0,0,0,0,0,0,0,0,0,0,0,0,0,0,3.2278163433075,0,0,0,0
6.0596045265513,0,6.20513413633619,0,0,0,0,0,0,0,0,0,0,0,3.93295036628842,0,9.14868204050426,26.8980617523193,42.7599563598633,0,0,0,0,0,6.06832398362711,0,8.32152037620545,0,0,0,0,0,0,0,0,0,0,0,14.7800526618958,99.7707061767578,0,0,5.5951079297484,0,0,0,0,0,4.19164800643921,0,2.74046635627747,0,0,0,5.1104961180815,0,0,0,6.69652366638184,0,3.4895684298347,0,0,0,0,0,0,4.67216704005287,0,8.8209973692894,0,0,0,35.0776863098145,0,0,0,0,0,0,0,6.97242736816406,4.30263914331032,0,5.70016139858174,0,3.1612412248339
0,4.66552787921468,0,5.49415743735529,0,2.98915445804596,0,0,0,0,0,0,0,0,0,6.2087287902832,0,10.6304438114166,0,0,0,0,0,6.13846649313873,0,5.81227598190308,0,0,0,0,0,0,0,0,0,0,0,10.4899541905384,0,0,0,4.13800269973521,0,0,0,0,0,0,0,7.05376005172729,0,0,0,0,0,4.95051707940943,0,0,0,0,0,0,0,0,0,0,4.32560197634575,0,0,0,0,0,0,0,0,0,23.4019139607747,0,0,0,9.91889086047422,0,4.48907805366184,3.28822755813599,4.46640703298044,3.17918337308443,0
0,0,0,0,0,0,3.18034680547385,0,0,0,0,0,4.75810949698738,0,0,0,0,0,0,0,4.15483695025015,0,0,0,0,0,0,0,6.02823668718338,0,5.68413577194827,0,0,0,0,0,3.9561707371289,0,4.50978675084626,0,0,0,0,0,0,0,0,0,0,0,0,0,3.10413084030151,0,0,0,6.17880584539334,0,6.73520053516735,0,0,0,0,11.760698445638,0,0,0,0,0,0,0,0,0,12.5610537871167,0,0,0,0,0,0,0,6.4990021944046,5.37694617022931,0,0,0,0
0,0,0,0,0,0,0,3.2779616185597,0,0,0,0,0,2.97962786197662,0,0,0,0,0,5.1582759489679,0,0,0,0,0,0,0,0,0,5.37063947178069,0,0,0,0,0,4.15490853124195,0,3.69054460319979,0,0,0,0,0,0,0,23.9533564249674,0,0,0,0,0,0,0,0,0,0,0,6.40412676686761,0,8.10437297821045,0,0,6.08979155069374,0,0,0,0,0,0,0,0,0,9.38646396895908,0,0,0,0,0,3.41656723022461,0,12.7950203968928,0,3.7095412710338,0,9.65638055065845,0,0
0,0,0,0,0,0,3.1664587055382,0,0,0,4.75810949698738,0,0,0,4.36387036675992,0,0,0,0,0,0,0,0,0,0,0,4.23292702102661,0,3.13295065879822,0,4.802808585105,0,0,0,0,0,0,0,0,0,0,0,0,0,0,0,0,0,0,0,0,0,2.7798650605338,0,0,0,0,0,3.5943785369943,0,3.04989911615849,0,0,0,0,0,0,0,0,3.39196971058846,0,3.05567669868469,0,0,0,0,0,0,0,0,0,0,3.13652700185776,3.03057790719546,0,0,0
0,0,0,0,0,2.88621377944946,0,0,0,0,0,2.97962786197662,0,0,0,0,0,0,0,0,0,0,0,0,0,0,0,2.74773621559143,0,0,0,0,0,0,0,0,0,0,0,0,0,0,0,0,0,0,0,0,0,0,0,0,0,0,0,0,0,6.80991790029738,0,4.31098347508026,0,3.02049815654755,0,0,0,0,0,0,0,0,0,0,0,0,0,0,0,0,0,0,0,0,2.91576464970907,2.87187707424164,0,0,0
0,0,0,0,0,0,0,0,3.93295036628842,0,0,0,4.36387036675992,0,0,0,16.904779947721,0,0,0,0,0,0,0,0,0,3.85446811605383,0,0,0,0,0,0,0,0,0,0,0,0,0,0,0,0,0,0,0,0,0,0,0,0,0,0,0,3.97454612784915,0,0,0,4.98976825136657,0,3.10768323513999,0,0,0,0,0,0,0,0,3.10147094726562,0,0,0,0,0,0,0,0,0,0,0,0,2.91524430116018,0,0,0,0
0,5.06613651911418,0,0,0,0,0,0,0,6.2087287902832,0,0,0,0,0,0,0,3.47261851174491,0,0,0,0,0,0,0,8.1091975065378,0,0,0,0,0,0,0,0,0,0,0,0,0,0,0,0,0,0,0,0,0,0,0,0,0,0,0,0,0,0,0,0,0,0,0,3.40053425268693,0,0,0,0,0,0,6.74243663270752,0,0,0,0,0,0,0,0,0,0,0,0,0,3.29221460398506,3.59119272232056,0,0,0
46.4693756103516,0,0,0,0,0,0,0,9.14868204050426,0,0,0,0,0,16.904779947721,0,0,29.876714518506,28.0392759478038,0,72.1436367034912,0,3.84048956545217,0,3.9172584463697,0,3.12703855311284,0,2.91252919038137,0,0,0,0,0,0,98.5643107096354,99.3803740281325,0,105.561340332031,73.7715423146232,0,57.6795822604672,47.043066147835,50.8768949508667,46.2318037393931,56.3268795013428,59.981769491125,99.0357818603516,46.1908484564887,80.7285194396973,0,0,0,0,0,0,85.1204299926758,83.4097061157227,0,0,0,0,0,74.4477603310033,0,3.97544718370205,0,0,0,2.85381869475047,0,0,100.141242980957,86.3577856584029,0,0,0,0,79.792862695592,76.6566348537322,83.2113876342773,78.8207664489746,19.6700347940649,13.6782831475603,55.3501824841057,72.5981483459473,47.4412799703664
0,0,69.0795059204102,0,0,0,0,0,26.8980617523193,10.6304438114166,0,0,0,0,0,3.47261851174491,29.876714518506,0,26.7777332296464,0,92.7184295654297,3.01317492046872,0,3.87071990966797,0,2.91228570292393,0,0,0,0,0,0,0,0,0,92.0274108886719,111.781775156657,0,0,80.0865609215908,0,60.3102529965914,65.7559784198629,51.1563754081726,56.4453140707577,0,66.4763445854187,0,52.0698852539062,76.5535479954311,0,0,0,0,0,4.37402597717617,0,0,0,0,0,0,0,80.8256298246838,3.18739906946818,0,5.08881378173828,0,0,0,0,0,91.2307708740234,86.9833504813058,0,0,0,0,83.750520410672,86.8346178531647,90.9421356201172,98.5582895278931,18.2277885056246,11.1536506632333,59.9039133269211,60.9919067382813,71.6947036743164
29.3763135274251,0,83.2952880859375,40.0423393249512,53.1073303222656,53.7980041503906,0,0,42.7599563598633,0,0,0,0,0,0,0,28.0392759478038,26.7777332296464,0,0,55.6162080764771,40.4016246795654,0,0,0,0,0,0,0,0,0,0,0,0,0,53.8156382574289,76.4345519759438,64.7289555867513,79.9347875768488,38.9351776868182,33.3359713554382,19.094456831973,20.0211079999535,16.593757337994,19.1680354330784,34.7514430454799,38.8229975197183,42.9785719977485,25.4048313564724,40.1376198419456,0,0,0,0,0,0,55.9019805908203,48.6065878868103,0,0,0,0,0,52.5553349194774,0,0,0,0,0,0,37.7937018076579,0,36.5268003675673,43.7195168631417,0,0,0,0,45.160234187822,54.7327281195542,36.4870658096443,52.0128886900752,16.2212198142048,23.2035181972396,25.3154461071248,13.9079945169176,22.092432795978
0,0,0,0,0,0,0,0,0,0,0,5.1582759489679,0,0,0,0,0,0,0,0,0,0,0,0,0,0,0,0,0,0,0,0,0,0,0,3.69047699082981,0,3.84037121534348,0,0,0,39.7152118682861,0,0,0,19.6709241867065,0,0,0,35.3360843658447,0,0,0,0,0,0,0,8.41827503410546,0,0,0,0,3.68352986895628,0,0,0,0,0,0,0,0,0,12.2011434733868,0,0,0,0,0,5.9910338107354,0,8.8887184216426,0,5.00479091596867,0,15.8120386783893,0,0
0,0,0,0,5.09012523005086,0,3.35358920693398,0,0,0,4.15483695025015,0,0,0,0,0,72.1436367034912,92.7184295654297,55.6162080764771,0,0,0,0,0,0,0,0,0,0,0,10.4070776939392,0,0,0,0,0,7.82899513446595,0,9.61896403007258,92.103515625,0,83.8412628173828,33.5618437465869,0,31.3601837158203,0,21.6677350521088,0,0,0,4.76912579133913,0,0,0,0,0,6.66656321546306,0,7.13910102844238,0,0,0,0,8.55050877535538,0,0,0,0,0,0,0,12.6004734039307,0,16.1582993480381,0,0,0,0,87.5808181762695,11.6828166284627,0,17.0932002185096,4.59466708017432,81.9614868164062,33.3584483139443,56.8727073669434,53.7184410095215
0,0,0,0,0,0,0,0,0,0,0,0,0,0,0,0,0,3.01317492046872,40.4016246795654,0,0,0,3.890089136059,4.69578626300349,0,3.55721484697782,0,3.77055748733314,0,0,0,0,0,0,0,93.9472122192383,0,10.8485595949434,0,61.4870433807373,0,29.9379379272461,0,50.423957824707,0,39.9966769748264,0,0,0,11.2862337245684,0,0,0,0,0,0,0,21.9687910079956,0,0,0,0,34.5326728820801,0,4.69624645061808,2.95466983318329,9.94475840197669,0,4.92968896257947,0,8.34482996326556,0,13.321286542916,0,0,0,26.9901599884033,0,67.3553199768066,0,9.5377901681096,0,3.87610993209966,3.12566232681274,33.4676613185717,34.4464263916016,0
0,0,0,0,0,0,0,0,0,0,0,0,0,0,0,0,3.84048956545217,0,0,0,0,3.890089136059,0,0,4.37610091330254,0,3.8241968434534,0,4.08096161186456,0,0,0,0,0,0,0,0,34.5596237182617,7.15635556115482,0,0,0,0,0,0,0,0,26.7945974894932,7.61690498645489,0,0,0,0,0,29.0962791442871,0,0,0,0,0,0,0,0,0,0,4.58133489855739,0,5.16788626302958,0,3.58841955371019,0,7.2988282492463,0,0,0,0,0,0,0,0,0,7.73992547045264,5.01230277818728,2.84773178453799,20.4441258846185,0,0
0,0,0,0,0,0,0,0,0,6.13846649313873,0,0,0,0,0,0,0,3.87071990966797,0,0,0,4.69578626300349,0,0,0,6.43460245018914,0,0,0,0,0,0,0,0,0,0,0,7.98746737453835,0,0,0,0,0,0,0,0,0,0,0,16.7341512044271,0,0,0,0,0,5.82820604339479,0,0,0,0,0,14.5585708618164,0,0,5.02796139681868,0,4.60050160317912,0,6.20185330280891,0,12.3267803192139,0,0,0,0,0,0,0,0,0,5.94054135270075,0,5.43379228032869,0,7.4286562204361,0,0
0,0,0,0,0,0,0,0,6.06832398362711,0,0,0,0,0,0,0,3.9172584463697,0,0,0,0,0,4.37610091330254,0,0,0,5.30776744445568,0,0,0,0,0,0,0,0,0,0,0,6.99147630334967,0,0,0,0,0,0,0,0,0,6.50168862091868,0,0,0,0,0,5.66371823539419,0,0,0,0,0,2.96089371045431,0,0,0,0,6.36869723391268,0,4.72956571348252,0,4.32566427696835,0,0,0,0,0,0,0,0,0,0,0,7.40014245609442,6.02128599336755,0,9.6950671672821,0,0
0,0,0,0,0,0,0,0,0,5.81227598190308,0,0,0,0,0,8.1091975065378,0,2.91228570292393,0,0,0,3.55721484697782,0,6.43460245018914,0,0,0,3.86024567324941,0,0,0,0,0,0,0,0,0,0,0,0,0,0,0,0,0,0,0,0,0,0,0,0,0,0,0,4.83278894424438,0,0,0,0,0,6.78695996602376,0,0,3.30112814903259,0,4.64348564299929,0,4.41948149545974,0,5.33666027558816,0,0,0,0,0,0,0,0,0,0,0,4.03376245034205,3.16554296016693,0,0,0
0,0,0,0,0,0,0,0,8.32152037620545,0,0,0,4.23292702102661,0,3.85446811605383,0,3.12703855311284,0,0,0,0,0,3.8241968434534,0,5.30776744445568,0,0,0,3.44929996991562,0,0,0,0,0,0,0,0,0,0,0,0,0,0,0,0,0,0,0,0,0,0,0,0,0,4.20723904439104,0,0,0,5.45988354719508,0,3.99827639261881,0,0,0,0,7.07831545879966,0,3.50248534202576,0,3.21816222092614,0,4.35915470123291,0,0,0,0,0,0,0,0,0,0,3.13527944684029,0,0,0,0
0,0,0,0,0,0,0,0,0,0,0,0,0,2.74773621559143,0,0,0,0,0,0,0,3.77055748733314,0,0,0,3.86024567324941,0,0,0,4.08949332891101,0,0,0,0,0,0,0,4.4211734761583,0,0,0,0,0,0,0,0,0,0,0,0,0,0,0,0,0,0,0,0,0,0,0,0,0,0,6.15801042454843,0,0,0,5.37726651668549,0,6.37141558762165,0,4.99789475358051,0,0,0,0,0,0,0,2.75243210792542,0,3.97994263234891,0,0,0,0
0,0,0,0,0,0,0,0,0,0,6.02823668718338,0,3.13295065879822,0,0,0,2.91252919038137,0,0,0,0,0,4.08096161186456,0,0,0,3.44929996991562,0,0,0,4.1512823804041,0,0,0,0,0,0,0,4.09796531001727,0,0,0,0,0,0,0,0,0,0,0,0,0,0,0,0,0,0,0,5.63573683849696,0,0,0,0,0,0,5.01866258624493,0,0,0,3.44745437304179,0,4.7964215682547,0,0,0,0,0,0,0,0,0,3.06482354799906,3.8829462850416,2.7410843372345,0,0,0
0,0,0,0,0,0,0,0,0,0,0,5.37063947178069,0,0,0,0,0,0,0,0,0,0,0,0,0,0,0,4.08949332891101,0,0,0,0,0,0,0,0,0,3.897748025011,0,0,0,0,0,0,0,0,0,0,0,0,0,0,0,0,0,0,0,7.12955325841904,0,0,0,0,0,0,0,0,0,0,0,0,3.0943257111614,0,3.95826286431586,0,0,0,0,0,0,0,4.03435298374721,0,0,0,0,0,0
0,0,0,0,0,0,0,0,0,0,5.68413577194827,0,4.802808585105,0,0,0,0,0,0,0,10.4070776939392,0,0,0,0,0,0,0,4.1512823804041,0,0,0,0,0,0,0,0,0,4.66889631240926,0,0,0,0,0,0,0,0,0,0,0,0,0,0,0,0,0,5.22711830933889,0,0,0,0,0,0,14.5797520637512,0,0,0,0,0,0,0,7.14742467179894,0,3.55149852633476,0,0,0,0,0,0,0,8.83131158351898,6.89435159076344,0,0,0,0
0,0,0,0,0,0,0,0,0,0,0,0,0,0,0,0,0,0,0,0,0,0,0,0,0,0,0,0,0,0,0,0,5.92367739497491,5.15016378055919,0,3.64710841960804,0,0,0,0,0,0,0,0,0,0,0,6.03986252571276,0,0,0,0,0,0,0,0,0,0,0,0,0,0,0,0,0,0,0,0,0,0,0,0,0,0,5.64083676868015,10.419434428215,5.93690691340683,0,4.4433930031665,17.121513710022,0,0,3.31504732162348,0,0,0,0
0,0,0,0,0,0,0,0,0,0,0,0,0,0,0,0,0,0,0,0,0,0,0,0,0,0,0,0,0,0,0,5.92367739497491,0,0,2.88540954589844,0,3.03523457733689,0,0,0,0,0,0,0,0,0,0,4.19834780251538,5.2329677435068,0,0,0,0,0,0,0,0,0,0,0,0,0,0,0,0,0,0,0,0,0,0,0,0,0,7.712174627516,3.91892990014059,0,3.91120352664915,0,6.66734327735572,0,0,3.58560057925834,0,0,0,0
0,0,0,0,0,0,0,0,0,0,0,0,0,0,0,0,0,0,0,0,0,0,0,0,0,0,0,0,0,0,0,5.15016378055919,0,0,7.73606200978967,5.85035514169269,0,4.87859696342099,10.0350037227977,0,0,0,13.4369745254517,0,0,0,0,5.06586324718302,15.5184146707708,9.1595288623463,0,0,0,0,0,0,0,0,0,0,0,0,0,0,0,0,0,0,0,0,0,0,0,0,0,0,4.72843118274212,7.85144795690264,7.37893373749473,47.6911735534668,4.94481766283812,14.4566819168801,4.2117959538731,3.35746852882573,15.217794418335,0,0
0,0,0,0,0,0,0,0,0,0,0,0,0,0,0,0,0,0,0,0,0,0,0,0,0,0,0,0,0,0,0,0,2.88540954589844,7.73606200978967,0,0,4.72919743451459,7.64386916160583,6.06856820998936,0,0,0,0,0,0,0,0,4.39752023258253,6.42567350314214,11.9667491912842,0,0,0,0,0,0,0,0,0,0,0,0,0,0,0,0,0,0,0,0,0,0,0,0,0,4.86950877996591,4.69353086336524,4.24279435257579,0,6.79080056167882,13.4975814819336,4.85839653879341,3.93817715824775,2.89809230099554,0,0,0
0,0,0,0,0,10.946346282959,0,0,0,0,0,4.15490853124195,0,0,0,0,98.5643107096354,92.0274108886719,53.8156382574289,3.69047699082981,0,93.9472122192383,0,0,0,0,0,0,0,0,0,3.64710841960804,0,5.85035514169269,0,0,0,4.6827492951495,0,51.18472592727,0,44.6468639891611,60.9800666809082,54.9133922175357,81.3299407958984,33.3856065743161,0,18.4071117164263,35.8064875411987,32.8359352405255,0,0,0,0,0,0,0,30.1239837356236,0,0,0,0,6.26796811956777,96.7352828979492,0,0,0,0,0,0,0,0,64.8063164568962,0,4.81869423562202,0,8.21723256415509,0,7.84973051065678,100.024983723958,7.41223546937734,0,6.59685856055401,3.25115239620209,47.2123916076005,43.1548153314835,0
0,0,54.7651103973389,0,56.4653590917587,0,0,0,0,0,3.9561707371289,0,0,0,0,0,99.3803740281325,111.781775156657,76.4345519759438,0,7.82899513446595,0,0,0,0,0,0,0,0,0,0,0,3.03523457733689,0,4.72919743451459,0,0,0,7.80403947316536,0,0,67.0322570800781,44.7901763844176,0,49.0338192409939,0,46.5940477901832,27.7359159034595,30.9928754671352,0,68.9822692871094,0,0,0,0,0,7.04738690712873,0,0,0,0,0,0,30.3896491650509,0,0,0,0,0,0,0,0,0,70.5327043268416,0,2.84690743998477,0,13.7878521283468,114.525230407715,7.77922284181471,0,10.7515152461599,6.68075013115701,35.7434078216553,42.3483586570815,0,43.0341665528037
0,0,0,0,0,0,0,0,0,10.4899541905384,0,3.69054460319979,0,0,0,0,0,0,64.7289555867513,3.84037121534348,0,10.8485595949434,34.5596237182617,7.98746737453835,0,0,0,4.4211734761583,0,3.897748025011,0,0,0,4.87859696342099,7.64386916160583,4.6827492951495,0,0,9.22743190133859,0,0,38.1788711547852,0,0,0,30.2805423736572,0,5.14645750692913,16.8731341362,9.16859225956899,0,0,0,0,0,9.48642995897329,0,6.49573111075621,0,0,0,0,14.9166378974915,0,14.3261142008556,0,8.9984431113584,0,22.2844288259521,0,8.66346235144628,0,5.55347533669092,0,0,0,6.98070758461554,13.0109033584595,6.54839326213825,0,5.26141420938414,11.0640832030255,4.77899409996719,3.83136037547858,11.9612089916014,30.5654897689819,0
0,0,58.7963752746582,0,0,0,0,0,14.7800526618958,0,4.50978675084626,0,0,0,0,0,105.561340332031,0,79.9347875768488,0,9.61896403007258,0,7.15635556115482,0,6.99147630334967,0,0,0,4.09796531001727,0,4.66889631240926,0,0,10.0350037227977,6.06856820998936,0,7.80403947316536,9.22743190133859,0,0,69.1736602783203,0,46.8353409943757,0,49.825946374373,0,47.7177315439497,6.54315322363348,11.6354489064217,0,48.6108541488647,0,0,0,9.47625184703518,0,8.81445415899715,0,0,0,0,0,0,19.3655572981948,0,6.48799013117308,0,5.91119545549084,0,0,0,3.17655992507935,0,24.5458725593528,0,0,9.38648884637015,10.6526707774652,0,17.6349122916313,18.0523286342621,5.9722137930708,5.96951223294805,5.0936235039612,39.8801452093636,0,43.7570742322253
57.698543548584,0,0,33.4854335784912,0,37.9276818362149,0,0,99.7707061767578,0,0,0,0,0,0,0,73.7715423146232,80.0865609215908,38.9351776868182,0,92.103515625,61.4870433807373,0,0,0,0,0,0,0,0,0,0,0,0,0,51.18472592727,0,0,0,0,0,23.5289575791799,39.1390449955778,28.8132670307887,56.0040811811175,10.0548844259799,80.9051742553711,24.2327834367752,52.9711074829102,18.3061719855358,0,0,0,0,0,0,103.07014465332,41.6920064290365,0,0,0,0,9.93362216086925,83.9638104438782,0,0,0,0,0,0,48.7273726212351,0,45.4568745638873,0,13.2967247962952,0,0,0,24.7387436068486,92.7648569742839,42.6619191812914,0,33.7881950153737,51.9983005523682,29.1241345247668,21.0295735146236,39.3760360717773
0,0,46.5826377868652,0,0,0,0,0,0,0,0,0,0,0,0,0,0,0,33.3359713554382,0,0,0,0,0,0,0,0,0,0,0,0,0,0,0,0,0,0,0,69.1736602783203,0,0,0,26.9878202572204,0,21.4474220275879,0,14.4022183418274,7.53243613243103,9.89454165319117,0,0,0,0,0,0,0,32.8781089782715,0,0,0,0,0,0,19.0740034920829,0,0,0,0,0,0,0,0,0,23.9887056350708,0,0,0,0,0,4.93948539820584,0,11.5468576035948,56.7525344848633,0,17.2451770382543,0,24.7868285545936
0,10.3268797044401,0,22.8487667810349,0,36.415625964894,0,0,0,4.13800269973521,0,0,0,0,0,0,57.6795822604672,60.3102529965914,19.094456831973,39.7152118682861,83.8412628173828,29.9379379272461,0,0,0,0,0,0,0,0,0,0,0,0,0,44.6468639891611,67.0322570800781,38.1788711547852,0,23.5289575791799,0,0,10.3336188270414,15.7152566021564,31.6794680224525,19.5062107901642,54.0875653353604,22.5001615401237,45.74782371521,17.8763531884805,0,0,0,0,0,0,0,12.6874108131115,0,0,0,0,17.5647136333377,60.5261859893799,28.1740572793143,0,0,0,23.4312047958374,0,15.8436064846748,0,16.0095400116112,82.7042922973633,0,0,0,0,30.3599917416119,61.2375598483615,33.2893273864312,56.5732154846191,14.0200751073095,29.0758357048035,17.6387551260353,8.45520801774614,32.9632635116577
21.5591662194994,0,21.4787129831838,0,29.21185756865,0,0,0,5.5951079297484,0,0,0,0,0,0,0,47.043066147835,65.7559784198629,20.0211079999535,0,33.5618437465869,0,0,0,0,0,0,0,0,0,0,0,0,13.4369745254517,0,60.9800666809082,44.7901763844176,0,46.8353409943757,39.1390449955778,26.9878202572204,10.3336188270414,0,23.7868948663984,15.3997692050356,25.4876594543457,20.0622148097706,9.18318537871043,8.62185413918712,23.549838747297,31.8047773361206,0,0,0,28.2779874801636,0,20.0419484962851,0,0,0,0,0,0,32.3395049254467,0,0,0,19.4214845657349,0,0,55.4289728800456,21.6500058174133,52.2576990127563,21.846465644578,0,0,0,0,42.6911680802055,30.6312281065335,49.0261793136597,23.0223225687231,14.3957360068706,27.5803866637381,12.6557057563264,24.0833501815796,9.04323813490508
0,0,0,0,0,41.4216461181641,0,0,0,0,0,0,0,0,0,0,50.8768949508667,51.1563754081726,16.593757337994,0,0,50.423957824707,0,0,0,0,0,0,0,0,0,0,0,0,0,54.9133922175357,0,0,0,28.8132670307887,0,15.7152566021564,23.7868948663984,0,0,23.6743440628052,33.6390409469604,0,0,34.1337190270424,0,0,0,0,0,0,0,0,0,0,0,0,0,50.3962434132894,0,0,0,0,0,0,54.494873046875,0,35.6113128662109,0,0,0,0,0,38.8727634516629,51.0233743840998,37.5923726433202,57.1091041564941,16.8748327198849,36.1581401824951,17.5156126116451,14.3639943940299,25.8303833007812
0,0,9.94613075256348,0,0,0,0,0,0,0,0,0,0,0,0,0,46.2318037393931,56.4453140707577,19.1680354330784,0,31.3601837158203,0,0,0,0,0,0,0,0,0,0,0,0,0,0,81.3299407958984,49.0338192409939,0,49.825946374373,56.0040811811175,21.4474220275879,31.6794680224525,15.3997692050356,0,0,0,21.2458110809326,0,0,46.0698890686035,0,0,0,0,0,0,23.7986812591553,0,0,0,0,0,0,41.0496939199942,0,0,0,0,0,0,0,0,0,30.1641681459215,0,0,0,0,65.3998500279018,37.8023219299316,0,30.9608620444497,23.0934998281931,51.5887222290039,12.2242612715883,31.975492477417,19.924774841026
47.3129463195801,0,0,10.5087836583455,0,15.1457852522532,0,0,0,0,0,23.9533564249674,0,0,0,0,56.3268795013428,0,34.7514430454799,19.6709241867065,0,39.9966769748264,0,0,0,0,0,0,0,0,0,0,0,0,0,33.3856065743161,0,30.2805423736572,0,10.0548844259799,0,19.5062107901642,25.4876594543457,23.6743440628052,0,0,0,14.887619602319,23.591791006235,29.1273426775072,0,0,0,0,0,0,0,19.9611708806909,0,0,0,0,5.68446264830378,0,42.6159331003825,0,0,0,0,0,27.7555182583361,0,21.9646399737386,0,0,0,0,0,13.541988248736,0,16.6535158255811,0,19.4895829766296,0,14.266047041691,14.0735447266523,0
12.6246471405029,0,21.1717199219598,0,24.9398727416992,0,0,0,0,0,0,0,0,0,0,0,59.981769491125,66.4763445854187,38.8229975197183,0,21.6677350521088,0,0,0,0,0,0,0,0,0,0,0,0,0,0,0,46.5940477901832,0,47.7177315439497,80.9051742553711,14.4022183418274,54.0875653353604,20.0622148097706,33.6390409469604,21.2458110809326,0,0,0,21.5095252257127,0,23.3955905914307,0,0,0,0,0,23.0843356622232,0,0,0,0,0,0,10.7270699770023,0,0,0,0,0,0,0,41.476921081543,0,35.506568850893,0,0,0,0,80.6682952880859,31.7442280083527,84.7666397094727,32.9632148397974,33.0534056222927,38.3962932162815,17.4720221038445,0,34.3182146889823
0,0,0,0,0,0,0,0,0,0,0,0,0,0,0,0,99.0357818603516,0,42.9785719977485,0,0,0,26.7945974894932,0,0,0,0,0,0,0,0,6.03986252571276,4.19834780251538,5.06586324718302,4.39752023258253,18.4071117164263,27.7359159034595,5.14645750692913,6.54315322363348,24.2327834367752,7.53243613243103,22.5001615401237,9.18318537871043,0,0,14.887619602319,0,0,8.24323063393736,9.02130348851362,0,0,0,0,0,0,0,0,0,0,0,0,17.2010678052902,0,0,26.7028776804606,0,18.0731410980225,0,0,0,22.0462608337402,0,0,7.77977822188175,6.49558024532427,6.64544298454207,5.69802955509741,10.9380190990849,10.6355299874047,5.99614891191808,13.6082023773269,7.0491028024751,3.52570068836212,7.68601254238585,29.1963189442952,0
4.79994451402853,0,5.87435629088682,32.6224660873413,32.1572384189915,35.6021385192871,0,0,4.19164800643921,0,0,0,0,0,0,0,46.1908484564887,52.0698852539062,25.4048313564724,0,0,0,7.61690498645489,0,6.50168862091868,0,0,0,0,0,0,0,5.2329677435068,15.5184146707708,6.42567350314214,35.8064875411987,30.9928754671352,16.8731341362,11.6354489064217,52.9711074829102,9.89454165319117,45.74782371521,8.62185413918712,0,0,23.591791006235,21.5095252257127,8.24323063393736,0,19.115109205246,36.3387472489301,0,0,0,4.38118653572523,0,29.5490506440401,0,15.7887625694275,0,6.61448335647583,0,33.9344463348389,28.4537285232544,0,3.88708665542814,0,5.39755884005869,0,0,0,3.31210327792812,51.792350769043,40.8928964197636,18.2000418901443,4.0648136820112,17.1023333730369,7.09676160310444,28.6570901687329,11.1844539355987,0,7.20592415226673,11.4469047234536,11.5600929260254,11.4070736269083,40.5879068374634,47.0235211054484
0,4.88419747058256,0,4.23662554952833,0,41.4324537423941,0,0,0,7.05376005172729,0,0,0,0,0,0,80.7285194396973,76.5535479954311,40.1376198419456,35.3360843658447,0,11.2862337245684,0,16.7341512044271,0,0,0,0,0,0,0,0,0,9.1595288623463,11.9667491912842,32.8359352405255,0,9.16859225956899,0,18.3061719855358,0,17.8763531884805,23.549838747297,34.1337190270424,46.0698890686035,29.1273426775072,0,9.02130348851362,19.115109205246,0,0,0,0,0,0,3.12734384006924,0,11.9635827216235,0,4.4186110496521,0,0,29.8643528787713,0,13.5639057362333,0,17.9395524165669,0,15.5763893868639,0,8.47741757715986,0,8.07982127727606,0,10.4806077003479,0,4.037324961494,0,21.1673865450295,81.4538383483887,7.05631406267484,0,15.4679087588081,0,13.9276207029193,24.2104446554697,52.2619590759277
0,0,5.26166154702504,0,6.66884183883667,0,0,0,2.74046635627747,0,0,0,0,0,0,0,0,0,0,0,4.76912579133913,0,0,0,0,0,0,0,0,0,0,0,0,0,0,0,68.9822692871094,0,48.6108541488647,0,0,0,31.8047773361206,0,0,0,23.3955905914307,0,36.3387472489301,0,0,0,2.73972225189209,0,2.89508920907974,0,5.18643607058615,0,3.14815209388733,0,2.74173307418823,0,0,6.89658106675669,0,0,0,0,0,0,0,0,0,36.4326911339393,0,0,0,0,0,21.4166412353516,0,40.867919921875,32.2296583652496,0,9.32192545876665,0,0
0,0,0,0,0,3.51831277211507,0,0,0,0,0,0,0,0,0,0,0,0,0,0,0,0,0,0,0,0,0,0,0,0,0,0,0,0,0,0,0,0,0,0,0,0,0,0,0,0,0,0,0,0,0,0,0,0,0,0,0,0,0,0,0,0,0,0,0,0,0,0,0,0,0,0,0,0,0,0,0,0,0,0,0,0,0,0,0,0,0
0,0,0,0,0,0,3.3521267588322,0,0,0,3.10413084030151,0,2.7798650605338,0,0,0,0,0,0,0,0,0,0,0,0,0,0,0,0,0,0,0,0,0,0,0,0,0,0,0,0,0,0,0,0,0,0,0,0,0,2.73972225189209,0,0,0,0,0,5.51370148181915,0,4.22302827443162,0,0,0,0,0,0,0,0,0,0,0,0,0,0,0,0,0,0,0,0,0,0,0,3.21025547981262,0,0,0,0
0,0,0,0,0,0,0,0,0,0,0,0,0,0,0,0,0,0,0,0,0,0,0,0,0,0,0,0,0,0,0,0,0,0,0,0,0,0,0,0,0,0,0,0,0,0,0,0,0,0,0,0,0,0,0,0,0,0,0,0,0,0,0,0,0,0,0,0,0,0,0,0,0,0,0,0,0,0,0,0,0,0,0,0,0,0,0
4.14951088860279,0,5.90645234839721,0,0,0,0,0,5.1104961180815,0,0,0,0,0,3.97454612784915,0,0,0,0,0,0,0,29.0962791442871,0,5.66371823539419,0,4.20723904439104,0,0,0,0,0,0,0,0,0,0,0,9.47625184703518,0,0,0,28.2779874801636,0,0,0,0,0,4.38118653572523,0,2.89508920907974,0,0,0,0,0,6.30333957217989,0,4.20337784290314,0,3.7584848076933,0,0,0,0,0,0,3.75514183800651,0,7.06771438916524,0,0,0,36.8853500366211,0,0,0,0,0,0,0,7.82696701259148,6.46489964387356,0,9.19864974021912,0,0
0,3.76210688650608,0,5.22157385545376,0,3.65090268850327,0,0,0,4.95051707940943,0,0,0,0,0,0,0,4.37402597717617,0,0,0,0,0,5.82820604339479,0,4.83278894424438,0,0,0,0,0,0,0,0,0,0,0,9.48642995897329,0,0,0,0,0,0,0,0,0,0,0,3.12734384006924,0,0,0,0,0,0,0,0,0,0,0,3.41538911774045,0,0,0,0,4.26954186167036,0,0,0,0,0,0,0,0,0,0,0,0,0,8.06800740309384,0,4.95792769092624,0,4.72290773391724,0,0
0,0,14.9032899249684,0,31.6278007030487,0,3.9930317065295,0,0,0,6.17880584539334,0,0,0,0,0,85.1204299926758,0,55.9019805908203,0,6.66656321546306,0,0,0,0,0,0,0,0,0,5.22711830933889,0,0,0,0,0,7.04738690712873,0,8.81445415899715,103.07014465332,32.8781089782715,0,20.0419484962851,0,23.7986812591553,0,23.0843356622232,0,29.5490506440401,0,5.18643607058615,0,5.51370148181915,0,6.30333957217989,0,0,0,4.33415316841459,0,4.18905551092965,0,0,8.65214785060367,0,0,0,0,0,6.39499212446667,0,4.65843995809555,0,8.69728489394946,0,0,0,0,0,38.2771137422986,0,11.4394961237907,9.51165806080675,0,12.419389392905,0,24.2938255582537
0,0,0,0,0,0,0,3.66743755340576,0,0,0,6.40412676686761,0,6.80991790029738,0,0,83.4097061157227,0,48.6065878868103,8.41827503410546,0,21.9687910079956,0,0,0,0,0,0,0,7.12955325841904,0,0,0,0,0,30.1239837356236,0,6.49573111075621,0,41.6920064290365,0,12.6874108131115,0,0,0,19.9611708806909,0,0,0,11.9635827216235,0,0,0,0,0,0,0,0,0,5.77365934103727,0,0,9.50130725888305,0,24.0846740404765,0,23.8171755472819,0,18.2823951410693,0,7.2983736445747,0,6.8880537317122,0,0,0,0,0,51.0585863268053,88.4394302368164,14.9815607987917,0,11.0121631747798,0,7.02058849462266,13.9484894010756,0
0,0,4.22907943656479,0,4.85219049453735,0,3.09088539045094,0,6.69652366638184,0,6.73520053516735,0,3.5943785369943,0,4.98976825136657,0,0,0,0,0,7.13910102844238,0,0,0,0,0,5.45988354719508,0,5.63573683849696,0,0,0,0,0,0,0,0,0,0,0,0,0,0,0,0,0,0,0,15.7887625694275,0,3.14815209388733,0,4.22302827443162,0,4.20337784290314,0,4.33415316841459,0,0,0,4.36808253394233,0,0,4.42037872540749,0,0,0,0,0,4.90627628106337,0,4.24724950288471,0,35.9900493621826,0,0,0,0,0,48.8426132202148,0,0,3.4499895399267,3.45409988032447,5.18049772206475,0,0
0,0,0,0,0,0,0,0,0,0,0,8.10437297821045,0,4.31098347508026,0,0,0,0,0,0,0,0,0,0,0,0,0,0,0,0,0,0,0,0,0,0,0,0,0,0,0,0,0,0,0,0,0,0,0,4.4186110496521,0,0,0,0,0,0,0,5.77365934103727,0,0,0,5.20313340948339,0,0,0,0,0,0,8.44709086418152,0,2.74595952033997,0,0,0,0,0,0,0,0,0,0,0,5.06834840774536,0,6.36787358919779,0,0
3.0603061914444,0,3.90390770001845,0,0,0,0,0,3.4895684298347,0,0,0,3.04989911615849,0,3.10768323513999,0,0,0,0,0,0,0,0,0,2.96089371045431,0,3.99827639261881,0,0,0,0,0,0,0,0,0,0,0,0,0,0,0,0,0,0,0,0,0,6.61448335647583,0,2.74173307418823,0,0,0,3.7584848076933,0,4.18905551092965,0,4.36808253394233,0,0,0,0,11.9495525360107,0,0,0,0,0,4.0003950699516,0,4.89216423034668,0,0,0,0,0,0,0,0,0,0,2.95281314849854,0,10.1064462497317,0,0
0,2.74604785442352,0,0,0,0,0,0,0,0,0,0,0,3.02049815654755,0,3.40053425268693,0,0,0,0,0,0,0,14.5585708618164,0,6.78695996602376,0,0,0,0,0,0,0,0,0,0,0,0,0,0,0,0,0,0,0,0,0,0,0,0,0,0,0,0,0,3.41538911774045,0,0,0,5.20313340948339,0,0,0,0,0,0,0,0,4.86283374249761,0,0,0,0,0,0,0,0,0,0,0,0,0,3.22591195787702,0,0,0,0
0,0,0,0,0,0,0,0,0,0,0,6.08979155069374,0,0,0,0,0,0,0,3.68352986895628,0,34.5326728820801,0,0,0,0,0,0,0,0,0,0,0,0,0,6.26796811956777,0,14.9166378974915,0,9.93362216086925,0,17.5647136333377,0,0,0,5.68446264830378,0,17.2010678052902,33.9344463348389,29.8643528787713,0,0,0,0,0,0,0,9.50130725888305,0,0,0,0,0,0,34.9209988911947,0,0,0,34.6351432800293,0,20.4074160594566,0,16.8233201503754,0,0,0,0,0,8.93462535578957,0,13.5639259242812,0,5.70827523750417,0,10.867878596618,15.4879662195841,0
0,0,34.8638833761215,0,7.77706584888222,0,0,0,0,0,11.760698445638,0,0,0,0,0,74.4477603310033,80.8256298246838,52.5553349194774,0,8.55050877535538,0,0,0,0,0,0,0,0,0,14.5797520637512,0,0,0,0,96.7352828979492,30.3896491650509,0,19.3655572981948,83.9638104438782,19.0740034920829,60.5261859893799,32.3395049254467,50.3962434132894,41.0496939199942,0,10.7270699770023,0,28.4537285232544,0,6.89658106675669,0,0,0,0,0,8.65214785060367,0,4.42037872540749,0,11.9495525360107,0,0,0,0,0,0,0,0,0,0,16.8795484542847,0,19.8997810457574,0,0,0,0,92.1835208468967,18.0906989431227,83.3233489990234,22.0485134436941,23.2311783609842,65.9651730855306,18.5653924299881,0,46.7252814681442
0,0,0,0,0,0,0,0,0,0,0,0,0,0,0,0,0,3.18739906946818,0,0,0,4.69624645061808,0,5.02796139681868,0,3.30112814903259,0,6.15801042454843,0,0,0,0,0,0,0,0,0,14.3261142008556,0,0,0,28.1740572793143,0,0,0,42.6159331003825,0,0,0,13.5639057362333,0,0,0,0,0,0,0,24.0846740404765,0,0,0,0,34.9209988911947,0,0,0,9.12242196722234,0,13.9925278266271,0,8.08100607764088,0,18.0244619846344,0,0,0,0,0,64.2168197631836,0,6.86962025383048,0,4.85732787626761,2.74721944332123,27.6678654551506,36.5862445831299,0
0,0,0,0,0,0,0,0,0,0,0,0,0,0,0,0,3.97544718370205,0,0,0,0,2.95466983318329,4.58133489855739,0,6.36869723391268,0,7.07831545879966,0,5.01866258624493,0,0,0,0,0,0,0,0,0,6.48799013117308,0,0,0,0,0,0,0,0,26.7028776804606,3.88708665542814,0,0,0,0,0,0,0,0,0,0,0,0,0,0,0,0,0,0,4.41924913789086,0,5.63885852386212,0,8.38366152740426,0,0,0,0,0,0,0,0,0,5.17965869778697,3.96480635646557,6.1485743522644,20.4890160560608,0,0
0,0,0,0,0,0,0,0,0,4.32560197634575,0,0,0,0,0,0,0,5.08881378173828,0,0,0,9.94475840197669,0,4.60050160317912,0,4.64348564299929,0,0,0,0,0,0,0,0,0,0,0,8.9984431113584,0,0,0,0,0,0,0,0,0,0,0,17.9395524165669,0,0,0,0,0,4.26954186167036,0,23.8171755472819,0,0,0,0,0,0,9.12242196722234,0,0,0,9.30753380479947,0,14.8082458592843,0,0,0,0,0,0,0,0,0,5.81410365160963,0,4.88770679305581,0,8.31277136325836,0,0
0,0,0,0,0,0,0,0,4.67216704005287,0,0,0,0,0,0,0,0,0,0,0,0,0,5.16788626302958,0,4.72956571348252,0,3.50248534202576,0,0,0,0,0,0,0,0,0,0,0,5.91119545549084,0,0,0,19.4214845657349,0,0,0,0,18.0731410980225,5.39755884005869,0,0,0,0,0,3.75514183800651,0,0,0,0,0,0,0,0,0,0,4.41924913789086,0,0,0,6.01272126073423,0,0,0,0,0,0,0,0,0,0,0,6.4537457494469,9.22662551649686,0,7.82600038337708,0,0
0,16.3676416079203,0,0,0,0,0,0,0,0,0,0,0,0,0,6.74243663270752,0,0,0,0,0,4.92968896257947,0,6.20185330280891,0,4.41948149545974,0,5.37726651668549,0,0,0,0,0,0,0,0,0,22.2844288259521,0,0,0,23.4312047958374,0,0,0,0,0,0,0,15.5763893868639,0,0,0,0,0,0,0,18.2823951410693,0,8.44709086418152,0,4.86283374249761,34.6351432800293,0,13.9925278266271,0,9.30753380479947,0,0,0,7.49156729868978,0,0,0,0,0,0,0,0,0,19.4879570347922,0,7.19991934299469,0,21.7568671839024,0,0
0,0,0,0,0,0,0,0,8.8209973692894,0,0,0,3.39196971058846,0,3.10147094726562,0,2.85381869475047,0,0,0,0,0,3.58841955371019,0,4.32566427696835,0,3.21816222092614,0,3.44745437304179,0,0,0,0,0,0,0,0,0,0,0,0,0,0,0,0,0,0,0,0,0,0,0,0,0,7.06771438916524,0,6.39499212446667,0,4.90627628106337,0,4.0003950699516,0,0,0,0,5.63885852386212,0,6.01272126073423,0,0,0,4.55890118941227,0,0,0,0,0,0,0,0,0,0,0,0,0,0,0
0,0,0,0,0,72.5916366577148,0,0,0,0,0,0,0,0,0,0,0,0,37.7937018076579,0,0,8.34482996326556,0,12.3267803192139,0,5.33666027558816,0,6.37141558762165,0,3.0943257111614,0,0,0,0,0,0,0,8.66346235144628,0,48.7273726212351,0,15.8436064846748,55.4289728800456,54.494873046875,0,27.7555182583361,0,0,0,8.47741757715986,0,0,0,0,0,0,0,7.2983736445747,0,2.74595952033997,0,0,20.4074160594566,0,8.08100607764088,0,14.8082458592843,0,7.49156729868978,0,0,0,4.71425926139931,0,0,0,0,0,51.96116065979,0,5.48661429244835,0,23.9353787981231,0,13.6156907736926,20.7139705022176,0
0,0,29.3836444854736,0,0,0,0,0,0,0,0,0,3.05567669868469,0,0,0,0,0,0,0,12.6004734039307,0,7.2988282492463,0,0,0,4.35915470123291,0,4.7964215682547,0,7.14742467179894,0,0,0,0,0,0,0,3.17655992507935,0,0,0,21.6500058174133,0,0,0,41.476921081543,22.0462608337402,3.31210327792812,0,0,0,0,0,0,0,4.65843995809555,0,4.24724950288471,0,4.89216423034668,0,0,16.8795484542847,0,8.38366152740426,0,0,0,4.55890118941227,0,0,0,3.81388252431696,0,0,0,0,0,53.6046432495117,0,0,4.88446335422183,0,6.22047906854878,0,0
0,0,0,34.4690170288086,0,70.6034622192383,0,0,0,0,0,9.38646396895908,0,0,0,0,100.141242980957,91.2307708740234,36.5268003675673,12.2011434733868,0,13.321286542916,0,0,0,0,0,4.99789475358051,0,3.95826286431586,0,0,0,0,0,64.8063164568962,0,5.55347533669092,0,45.4568745638873,0,16.0095400116112,52.2576990127563,35.6113128662109,0,21.9646399737386,0,0,51.792350769043,8.07982127727606,0,0,0,0,0,0,0,6.8880537317122,0,0,0,0,16.8233201503754,0,18.0244619846344,0,0,0,0,0,4.71425926139931,0,0,0,0,0,0,0,52.2918201987423,81.999267578125,12.157760513126,95.9519958496094,45.0826211571693,36.4484939575195,16.5394907633706,19.6320729042167,0
0,0,30.8572598706495,0,40.0148986816406,0,0,0,35.0776863098145,0,12.5610537871167,0,0,0,0,0,86.3577856584029,86.9833504813058,43.7195168631417,0,16.1582993480381,0,0,0,0,0,0,0,0,0,3.55149852633476,0,0,0,0,0,70.5327043268416,0,24.5458725593528,0,23.9887056350708,82.7042922973633,21.846465644578,0,30.1641681459215,0,35.506568850893,0,40.8928964197636,0,36.4326911339393,0,0,0,36.8853500366211,0,8.69728489394946,0,35.9900493621826,0,0,0,0,19.8997810457574,0,0,0,0,0,0,0,3.81388252431696,0,0,0,0,0,0,94.8434448242188,50.808692296346,97.2458699544271,11.5009196063122,27.8755075102267,33.8081710121848,19.8570125754937,0,21.0122821717839
0,0,0,0,0,0,0,0,0,0,0,0,0,0,0,0,0,0,0,0,0,0,0,0,0,0,0,0,0,0,0,5.64083676868015,7.712174627516,0,0,4.81869423562202,0,0,0,13.2967247962952,0,0,0,0,0,0,0,7.77977822188175,18.2000418901443,10.4806077003479,0,0,0,0,0,0,0,0,0,0,0,0,0,0,0,0,0,0,0,0,0,0,0,0,0,0,6.44307594524848,0,9.83839845657349,30.2094345092773,0,0,5.01824765863799,0,0,0,0
0,0,0,0,0,0,0,0,0,0,0,0,0,0,0,0,0,0,0,0,0,0,0,0,0,0,0,0,0,0,0,10.419434428215,3.91892990014059,0,4.86950877996591,0,2.84690743998477,0,0,0,0,0,0,0,0,0,0,6.49558024532427,4.0648136820112,0,0,0,0,0,0,0,0,0,0,0,0,0,0,0,0,0,0,0,0,0,0,0,0,0,0,0,19.4317483901978,4.04436108155684,0,6.83628291026898,0,0,4.01710999352591,0,0,0,0
0,0,0,0,0,0,0,0,0,23.4019139607747,0,0,0,0,0,0,0,0,0,0,0,26.9901599884033,0,0,0,0,0,0,0,0,0,5.93690691340683,0,4.72843118274212,4.69353086336524,8.21723256415509,0,6.98070758461554,9.38648884637015,0,0,0,0,0,0,0,0,6.64544298454207,17.1023333730369,4.037324961494,0,0,0,0,0,0,0,0,0,0,0,0,0,0,0,0,0,0,0,0,0,0,0,0,6.44307594524848,19.4317483901978,0,14.0135482152303,5.98785183035039,34.6367742638839,5.22580210170339,14.0676076889038,4.86890407237209,3.47930955117749,19.5892658233643,0,0
0,0,0,0,0,0,0,0,0,0,0,0,0,0,0,0,0,0,0,0,0,0,0,0,0,0,0,0,0,0,0,0,3.91120352664915,7.85144795690264,4.24279435257579,0,13.7878521283468,13.0109033584595,10.6526707774652,0,0,0,0,0,0,0,0,5.69802955509741,7.09676160310444,0,0,0,0,0,0,0,0,0,0,0,0,0,0,0,0,0,0,0,0,0,0,0,0,0,0,4.04436108155684,14.0135482152303,0,0,8.01906336988054,0,8.35748780265993,5.62971132229536,2.99487428665161,0,0,0
0,0,0,33.17160987854,0,52.2305692036947,0,0,0,0,0,3.41656723022461,0,0,0,0,79.792862695592,83.750520410672,45.160234187822,5.9910338107354,87.5808181762695,67.3553199768066,0,0,0,0,0,0,0,0,0,4.4433930031665,0,7.37893373749473,0,7.84973051065678,114.525230407715,6.54839326213825,0,24.7387436068486,0,30.3599917416119,42.6911680802055,38.8727634516629,65.3998500279018,13.541988248736,80.6682952880859,10.9380190990849,28.6570901687329,21.1673865450295,0,0,0,0,0,0,0,51.0585863268053,0,0,0,0,8.93462535578957,92.1835208468967,64.2168197631836,0,0,0,0,0,51.96116065979,0,52.2918201987423,94.8434448242188,9.83839845657349,0,5.98785183035039,0,0,77.7797691980998,11.1291183603026,93.4706039428711,27.7014924330761,84.7926361083984,32.3945190243032,34.8714575199266,0
63.5989189147949,0,39.6001763534546,0,60.3253432379829,0,0,0,0,0,0,0,0,0,0,0,76.6566348537322,86.8346178531647,54.7327281195542,0,11.6828166284627,0,0,0,0,0,0,0,0,0,0,17.121513710022,6.66734327735572,47.6911735534668,6.79080056167882,100.024983723958,7.77922284181471,0,17.6349122916313,92.7648569742839,4.93948539820584,61.2375598483615,30.6312281065335,51.0233743840998,37.8023219299316,0,31.7442280083527,10.6355299874047,11.1844539355987,81.4538383483887,21.4166412353516,0,0,0,0,0,38.2771137422986,88.4394302368164,48.8426132202148,0,0,0,0,18.0906989431227,0,0,0,0,0,0,0,53.6046432495117,81.999267578125,50.808692296346,30.2094345092773,6.83628291026898,34.6367742638839,8.01906336988054,77.7797691980998,0,85.6676940917969,15.4665299981208,23.7394849588051,52.5543270905813,32.8582500126365,73.4212862650553,32.2775316595394
0,0,0,0,0,78.0255584716797,0,0,0,9.91889086047422,0,12.7950203968928,0,0,0,0,83.2113876342773,90.9421356201172,36.4870658096443,8.8887184216426,0,9.5377901681096,0,5.94054135270075,0,0,0,2.75243210792542,0,4.03435298374721,0,0,0,4.94481766283812,13.4975814819336,7.41223546937734,0,5.26141420938414,18.0523286342621,42.6619191812914,0,33.2893273864312,49.0261793136597,37.5923726433202,0,16.6535158255811,84.7666397094727,5.99614891191808,0,7.05631406267484,0,0,0,0,0,8.06800740309384,0,14.9815607987917,0,0,0,0,13.5639259242812,83.3233489990234,6.86962025383048,0,5.81410365160963,0,19.4879570347922,0,5.48661429244835,0,12.157760513126,97.2458699544271,0,0,5.22580210170339,0,11.1291183603026,85.6676940917969,0,22.2982754707336,15.6383856858429,37.4933013916016,19.6328623088386,22.2868123956629,0
