0,0,10.6126684427261,0,0,0,0,0,5.82709525324203,0,0,0,0,0,0,0,0,0,0,0,0,0,0,0,9.96530691782633,0,0,0,0,0,0,0,0,0,0,0,0,0,13.7245578765869,0,0,0,22.0184023863028,0,0,0,0,35.5680394853864,13.2980736633827,0,0,0,0,0,5.44882364013568,0,0,0,0,0,3.57782230377197,0,0,0,0,0,0,12.0954750378927,0,14.2815437316895,0,0,0,0,0,0,0,0,0,0,0,0,22.1679225106912,0,8.98058182826609,0,3.97709584236145
0,0,0,4.87028139251907,0,8.34250632921855,0,0,0,5.44554166258245,0,0,0,0,0,0,0,0,0,0,0,0,0,0,0,0,0,0,0,0,0,0,0,0,0,0,0,0,0,0,0,21.4508201520796,0,0,0,12.3200068473816,0,0,0,4.59651010223989,0,5.76105679963764,0,0,0,5.44635735855577,0,3.62431552410126,0,5.38754212856293,0,4.0402993162473,0,0,0,0,4.2865988612175,0,0,0,0,0,0,0,0,0,0,0,0,0,0,0,6.05621805547491,0,6.45047270620671,12.7533898141649,0
10.6126684427261,0,0,0,8.80921579132515,0,0,0,7.00393007451838,0,0,0,0,0,0,0,0,0,0,0,0,0,0,0,0,0,0,0,0,0,0,0,0,0,0,0,0,0,0,0,0,0,0,0,0,0,12.8049354553223,0,10.5041383928,0,9.93939017234965,0,0,0,7.46297544863687,0,5.01396262889006,0,7.85235071689525,0,6.3027569041855,0,0,0,0,0,0,0,0,0,0,29.0277194976807,0,31.2199516296387,0,0,0,0,0,42.3923416137695,0,0,0,0,8.36261699260291,0,0
0,4.87028139251907,0,0,0,6.27805949612097,0,0,0,6.52411311490692,0,0,0,0,0,0,0,0,0,0,0,0,0,0,0,0,0,0,0,0,0,0,0,0,0,0,0,0,0,0,0,22.352143468528,0,0,0,9.26770202765304,0,0,0,4.2114098782235,0,4.97734724988743,0,0,0,3.98865000406901,0,2.72991526126862,0,2.95829227235582,0,3.7195360660553,5.25591421127319,0,0,0,0,0,0,0,0,0,0,0,0,0,0,0,17.2068767547607,0,0,0,5.92824525888576,0,7.54518626726849,19.6279635747274,0
0,0,8.80921579132515,0,0,0,2.79797142744064,0,4.06756715152575,0,0,0,0,0,0,0,0,0,0,0,6.3171351106861,0,0,0,0,0,0,0,0,0,0,0,0,0,0,0,0,0,44.7452659606934,0,29.6138229370117,0,44.823034286499,0,0,0,31.1493584769113,0,37.4604530334473,0,4.47224607046913,0,0,0,5.91577042000634,0,22.4696289745729,0,0,0,4.32907443715815,0,0,16.969981098175,0,0,0,0,0,0,0,40.1653060913086,0,43.7798461914062,0,0,0,0,0,27.0391998291016,0,45.7815923690796,6.26919776201248,0,17.1178034601758,0,33.1216878890991
0,8.34250632921855,0,6.27805949612097,0,0,0,3.37380927381381,0,7.29162278273238,0,6.51645883454217,0,4.6682714621226,0,0,0,0,0,3.61497821807861,0,0,0,0,0,0,0,0,0,0,0,0,0,0,0,19.6316169330052,0,0,0,0,0,0,0,0,0,14.0334181994037,0,0,45.3016395568848,0,0,4.18406907815907,0,3.15622259200887,0,4.87815614541372,0,7.22413931524052,0,4.85579403572612,0,0,6.12987841878619,0,0,0,0,0,0,0,48.9251289367676,0,41.3467496236165,0,0,0,0,0,20.1426196643284,0,0,0,5.50719679614019,0,8.71876786029626,0,0
0,0,0,0,2.79797142744064,0,0,0,0,0,0,0,0,0,0,0,0,0,0,0,0,0,0,0,0,0,0,0,0,0,0,0,0,0,0,0,0,0,0,0,0,0,0,0,0,0,0,0,0,0,2.75328969955444,0,2.95045877638317,0,0,0,0,0,2.87652082154245,0,0,0,0,0,0,0,0,0,0,0,0,0,0,0,0,0,0,0,0,0,0,0,2.91637835032503,0,0,0,0
0,0,0,0,0,3.37380927381381,0,0,0,0,0,3.14807406449929,0,3.1136404638705,0,0,0,0,0,4.11658671167162,0,0,0,0,0,0,0,0,0,0,0,0,0,0,0,0,0,0,0,0,0,0,0,0,0,0,0,0,0,0,0,3.46589176471417,0,2.97355299256742,0,0,0,6.25905747109271,0,4.13436017538372,0,0,0,0,0,0,0,0,0,0,0,0,0,0,0,0,0,0,0,0,0,0,3.41180441508422,0,0,0,0
5.82709525324203,0,7.00393007451838,0,4.06756715152575,0,0,0,0,0,0,0,0,0,5.11785699008556,0,3.38026322258843,0,0,0,0,0,0,0,4.83854999239483,0,0,0,0,0,0,0,0,0,0,0,0,0,6.81993873596191,0,0,0,6.66240167617798,0,0,0,0,0,11.7730665604273,0,5.53827395805946,0,0,0,6.1283936551688,0,14.1517990430196,0,18.5255336761475,0,5.16996250524149,0,0,0,0,0,0,5.2950761519354,0,12.9413561820984,0,46.0097668965658,0,41.5335273742676,0,0,0,0,0,0,0,7.97376127732106,5.13612530135006,0,5.48120681497963,0,0
0,5.44554166258245,0,6.52411311490692,0,7.29162278273238,0,0,0,0,0,0,0,0,0,3.68880193347627,0,7.89064913411294,11.1757788658142,0,0,0,0,5.57531975429566,0,6.95025571187337,0,0,0,0,0,0,0,0,0,0,0,6.41550924096789,0,0,0,24.7895526885986,0,0,0,14.4630559921265,0,0,0,8.38646137146723,0,6.83406678284749,0,0,0,5.34270419592136,0,0,0,0,0,5.47643050839824,0,0,0,0,4.35362879994889,0,0,0,0,0,0,0,0,0,0,0,0,0,6.06741171882999,0,4.10300878814931,0,7.87480565028621,25.4013271331787,0
0,0,0,0,0,0,0,0,0,0,0,0,0,0,0,0,0,0,0,0,4.58447194350393,0,0,0,0,0,0,0,0,0,4.61988264864141,0,0,0,0,0,3.09436122576396,0,6.97032804842348,0,0,0,0,0,0,0,0,0,0,0,0,0,3.59616307111887,0,0,0,4.35209932814851,0,0,0,0,0,0,15.4930057525635,0,0,0,0,0,0,0,0,0,2.84025263786316,0,0,0,0,0,0,0,17.7400508386279,4.50909244009465,0,0,0,0
0,0,0,0,0,6.51645883454217,0,3.14807406449929,0,0,0,0,0,3.48189576996697,0,0,0,0,0,7.16997723904089,0,0,0,0,0,0,0,2.94549477100372,0,0,0,0,0,0,0,7.36689125008053,0,6.78580364805753,0,59.1543375651042,0,0,0,0,0,13.4723227923034,0,0,0,0,0,0,0,2.90449676911036,0,0,0,5.85882668006803,0,3.89840519428253,0,0,9.66792933895903,0,0,0,0,0,0,0,0,0,5.95232940382428,0,0,0,0,0,11.8064195131291,0,7.51086801988877,0,5.69658817987719,0,6.57956130099746,0,0
0,0,0,0,0,0,0,0,0,0,0,0,0,0,3.41492848594983,0,0,0,0,0,0,0,0,0,0,0,0,0,0,0,0,0,0,0,0,0,0,0,0,0,0,0,0,0,0,0,0,0,0,0,2.75303292274475,0,0,0,0,0,0,0,3.6532727052467,0,0,0,0,0,0,0,0,0,0,0,0,0,0,0,0,0,0,0,0,0,0,0,2.89404593195234,0,0,0,0
0,0,0,0,0,4.6682714621226,0,3.1136404638705,0,0,0,3.48189576996697,0,0,0,2.97072784151742,0,0,0,0,0,0,0,0,0,3.23878566424052,0,0,0,0,0,0,0,0,0,0,0,0,0,0,0,0,0,0,0,0,0,0,0,0,0,3.83031303742353,0,3.3005567656623,0,0,0,3.52777596042581,0,4.49254179444719,0,3.08692954182625,0,0,0,0,0,0,0,0,2.96208310127258,0,0,0,0,0,0,0,0,0,0,0,3.69617133320503,3.87296272913615,0,0,0
0,0,0,0,0,0,0,0,5.11785699008556,0,0,0,3.41492848594983,0,0,0,0,0,0,0,0,0,0,0,0,0,0,0,0,0,0,0,0,0,0,0,0,0,0,0,0,0,0,0,0,0,0,0,0,0,0,0,0,0,5.93486020857828,0,4.41819286346436,0,3.89713395583002,0,4.22950636405571,0,0,0,0,0,0,0,0,0,0,0,0,0,0,0,0,0,0,0,0,0,3.06206667423248,0,0,0,0
0,0,0,0,0,0,0,0,0,3.68880193347627,0,0,0,2.97072784151742,0,0,0,8.06564691177634,25.0460352897644,0,0,0,0,0,0,3.92816238567747,0,0,0,0,0,0,0,0,0,0,0,0,0,0,0,0,0,0,0,0,0,0,0,0,0,4.7545907497406,0,4.22753572463989,0,5.38073545117532,0,0,0,3.18544476992124,0,3.08828811809934,0,0,0,0,0,0,0,0,0,0,0,0,0,0,0,0,0,72.5526733398438,0,0,5.44581372814794,0,0,0,0
0,0,0,0,0,0,0,0,3.38026322258843,0,0,0,0,0,0,0,0,11.8029815508032,16.1998949334481,0,0,0,3.68525897806341,0,0,0,0,0,0,0,0,0,0,0,0,96.5100646972656,89.9718315818093,0,72.6171188354492,62.230989146877,61.8684298197428,56.0657810411955,59.0169629414876,46.4099445343018,0,56.7210671180903,60.3237963589755,77.0225715637207,0,78.4758804321289,0,0,0,0,0,0,0,63.468578338623,0,0,0,0,0,61.5164399147034,0,7.51193248480558,0,0,0,0,0,94.9121170043945,73.9527244567871,69.7061080932617,0,0,0,0,83.6892091800005,76.1099053135625,74.271891784668,71.7581301927567,13.5671045651024,3.59173488616943,54.528727546105,0,45.7397300720215
0,0,0,0,0,0,0,0,0,7.89064913411294,0,0,0,0,0,8.06564691177634,11.8029815508032,0,16.4437168679919,0,0,0,0,2.96288323402405,0,5.12197131959219,0,0,0,0,0,0,0,0,0,84.9182662963867,94.4833420973558,104.027732849121,85.3613993326823,65.8783995310466,72.9362665812175,54.9090921613905,62.3235754966736,40.1428108215332,0,56.3038007948134,60.9412181377411,0,0,62.9904747009277,0,0,0,0,0,0,0,0,0,0,0,0,0,64.3158518473307,3.03055278460185,0,0,0,4.51243265469869,0,0,0,0,76.5328941345215,0,0,0,0,81.7996667226156,76.9666582472781,65.7729024887085,73.1371362304688,11.9174025220356,22.5163307189941,64.0014558519636,0,51.8001403808594
0,0,0,0,0,0,0,0,0,11.1757788658142,0,0,0,0,0,25.0460352897644,16.1998949334481,16.4437168679919,0,45.3066673278809,50.2949066162109,0,0,0,0,0,0,0,0,0,0,0,0,0,0,72.1319131983041,72.854698242804,81.2234793768989,58.4426768955432,41.0388392768837,48.8987938299412,24.8558094766405,37.9950547395048,23.1610151039927,43.7193602153233,31.570836657057,43.778260735317,56.5784702301025,0,46.5404665165038,0,0,0,0,0,0,44.3201484680176,45.8914511998494,0,0,0,0,54.7072722117106,48.491484044233,0,0,0,0,0,0,48.6694107055664,60.4597047170003,51.0678614125107,55.3222244302022,0,0,0,0,56.3268956129102,54.9688118246549,46.8895430035061,49.5885235059868,19.887361394285,37.0434808731079,35.9604701131101,31.4404807957736,30.7444969863892
0,0,0,0,0,3.61497821807861,0,4.11658671167162,0,0,0,7.16997723904089,0,0,0,0,0,0,45.3066673278809,0,0,0,0,0,0,0,0,0,0,0,0,0,0,0,0,5.04992969146899,0,10.743196830863,0,13.1419507662455,0,51.8388061523438,0,0,0,10.1920544300079,0,0,0,0,0,0,0,0,0,0,0,7.7049096767719,0,0,0,0,4.41820492379489,0,0,0,0,0,0,0,0,0,8.92656535452062,0,0,0,0,0,10.6891742266808,0,14.7661965464202,0,3.70384156296893,0,8.25647788643837,0,0
0,0,0,0,6.3171351106861,0,0,0,0,0,4.58447194350393,0,0,0,0,0,0,0,50.2949066162109,0,0,0,0,0,0,0,0,0,0,0,0,0,0,0,0,96.4278259277344,10.8558302931717,0,9.46900793861847,0,30.464436340332,0,35.4549629211426,0,0,66.3261108398438,15.9634218061292,0,52.9592666625977,0,8.68116558734829,0,6.49782460980711,0,0,0,7.02580524326206,0,16.8301566441854,0,0,0,0,12.1276789443409,0,0,0,0,0,0,0,22.4406871428856,0,25.304067477921,0,0,0,0,0,15.1102549347954,0,18.024194196723,7.19398154299936,0,20.6260508649489,0,0
0,0,0,0,0,0,0,0,0,0,0,0,0,0,0,0,0,0,0,0,0,0,5.79463609820562,6.71099100476604,0,3.18135495980581,0,3.02588709195455,0,0,0,0,0,0,0,0,0,3.72677087389267,0,0,0,0,0,0,0,0,0,0,0,11.656033893065,0,0,0,0,0,0,0,38.6423420906067,0,0,0,0,0,0,6.09639902660338,6.77295051986336,10.1269573353598,0,12.0796797214253,0,15.0892956153206,0,0,0,0,0,0,0,0,0,7.44084226372449,0,4.80857714005317,3.5456870396932,25.112547492981,0,0
0,0,0,0,0,0,0,0,0,0,0,0,0,0,0,0,3.68525897806341,0,0,0,0,5.79463609820562,0,0,3.55601484752169,0,2.86215802880584,0,2.95319867134094,0,0,0,0,0,0,0,0,0,4.35629714891582,0,0,0,0,0,0,0,0,0,9.35632392375365,0,0,0,0,0,0,0,0,0,0,0,0,0,0,0,0,5.62671792109989,0,6.42638518380337,0,9.71185701027577,0,17.6550719397409,0,0,0,0,0,0,0,0,0,9.08824773532588,4.20029362063097,3.87633550167084,21.1897607803345,0,0
0,0,0,0,0,0,0,0,0,5.57531975429566,0,0,0,0,0,0,0,2.96288323402405,0,0,0,6.71099100476604,0,0,0,2.90529363139782,0,0,0,0,0,0,0,0,0,0,0,4.65516857346099,0,0,0,0,0,0,0,0,0,0,0,10.4045049177276,0,0,0,0,0,3.87784825942733,0,21.7063804626465,0,0,0,0,0,0,9.85738201202101,0,4.66684491722672,0,4.55084659742272,0,8.26947107769194,0,18.7523384094238,0,0,0,0,0,0,0,8.03021884081986,0,3.8787626679062,0,8.889231862693,0,0
9.96530691782633,0,0,0,0,0,0,0,4.83854999239483,0,0,0,0,0,0,0,0,0,0,0,0,0,3.55601484752169,0,0,0,3.71836620966593,0,0,0,0,0,0,0,0,0,0,0,4.3940906902767,0,0,0,0,0,0,0,0,0,13.2315464019775,0,0,0,0,0,6.07951338126742,0,0,0,0,0,0,0,0,0,0,6.44723905508335,0,3.77626188384866,0,4.73546166419983,0,0,0,0,0,0,0,0,0,0,0,4.81021682383879,3.77283258187143,0,6.29710739073546,0,0
0,0,0,0,0,0,0,0,0,6.95025571187337,0,0,0,3.23878566424052,0,3.92816238567747,0,5.12197131959219,0,0,0,3.18135495980581,0,2.90529363139782,0,0,0,3.28988695144653,0,0,0,0,0,0,0,0,0,0,0,0,0,0,0,0,0,0,0,0,0,0,0,0,0,0,0,0,0,0,0,0,0,0,0,0,3.96412344162281,0,2.74579644203186,0,3.34170846751171,0,3.47416624426842,0,0,0,0,0,0,0,0,0,0,0,4.98584689122659,4.99856334924698,0,0,0
0,0,0,0,0,0,0,0,0,0,0,0,0,0,0,0,0,0,0,0,0,0,2.86215802880584,0,3.71836620966593,0,0,0,2.94371247291565,0,0,0,0,0,0,0,0,0,0,0,0,0,0,0,0,0,0,0,0,0,0,0,0,0,5.55395135879517,0,0,0,0,0,0,0,0,0,0,2.81308770179749,0,4.3524974252169,0,3.2275558384982,0,0,0,0,0,0,0,0,0,0,0,0,2.78532314300537,0,0,0,0
0,0,0,0,0,0,0,0,0,0,0,2.94549477100372,0,0,0,0,0,0,0,0,0,3.02588709195455,0,0,0,3.28988695144653,0,0,0,3.54455989599228,0,0,0,0,0,0,0,2.74683101971944,0,0,0,0,0,0,0,0,0,0,0,0,0,0,0,0,0,0,0,3.00550228357315,0,0,0,0,0,0,5.2866415977478,0,0,0,4.28170771068997,0,3.63870328330548,0,3.81622529029846,0,0,0,0,0,0,0,0,0,0,0,0,0,0
0,0,0,0,0,0,0,0,0,0,0,0,0,0,0,0,0,0,0,0,0,0,2.95319867134094,0,0,0,2.94371247291565,0,0,0,3.1261118705699,0,0,0,0,0,0,0,3.2179913520813,0,0,0,0,0,0,0,0,0,0,0,0,0,0,0,0,0,0,0,0,0,0,0,0,0,0,2.79565817117691,0,0,0,2.80896759033203,0,2.89060521684587,0,0,0,0,0,0,0,0,0,0,2.86726345334734,0,0,0,0
0,0,0,0,0,0,0,0,0,0,0,0,0,0,0,0,0,0,0,0,0,0,0,0,0,0,0,3.54455989599228,0,0,0,0,0,0,0,0,0,3.59061336517334,0,0,0,0,0,0,0,0,0,0,0,0,0,0,0,0,0,0,0,2.87155799865723,0,0,0,0,0,0,0,0,0,0,0,0,2.9506299495697,0,3.95227189139118,0,0,0,0,0,0,0,5.43976919881759,0,0,0,0,0,0
0,0,0,0,0,0,0,0,0,0,4.61988264864141,0,0,0,0,0,0,0,0,0,0,0,0,0,0,0,0,0,3.1261118705699,0,0,0,0,0,0,0,0,0,3.12719972092997,0,0,0,0,0,0,0,0,0,0,0,0,0,0,0,0,0,6.11392574491557,0,0,0,0,0,0,17.2414951324463,0,0,0,0,0,0,0,3.79849844466383,0,6.78439985922653,0,0,0,0,0,0,0,0,3.12868904339448,0,0,0,0
0,0,0,0,0,0,0,0,0,0,0,0,0,0,0,0,0,0,0,0,0,0,0,0,0,0,0,0,0,0,0,0,4.02984239415425,4.0167052956809,3.19518441624112,2.90477680635673,0,0,0,0,0,0,0,0,0,0,0,9.72912826538086,0,0,0,0,0,0,0,0,0,0,0,0,0,0,0,0,0,0,0,0,0,0,0,0,0,0,4.41140216634706,3.28517519382008,4.14661439548839,0,3.49712627561469,2.96060252189636,0,0,3.89428033723689,0,0,0,0
0,0,0,0,0,0,0,0,0,0,0,0,0,0,0,0,0,0,0,0,0,0,0,0,0,0,0,0,0,0,0,4.02984239415425,0,7.30879863103231,3.2270248265102,3.49524539167231,3.1708771698366,0,0,0,0,0,0,0,0,0,0,4.29041846320353,7.0689963943818,0,0,0,0,0,0,0,0,0,0,0,0,0,0,0,0,0,0,0,0,0,0,0,0,0,4.49363644917806,4.0229664169351,0,9.62723004817963,0,4.89155776290495,0,0,3.47236525859588,0,0,0,0
0,0,0,0,0,0,0,0,0,0,0,0,0,0,0,0,0,0,0,0,0,0,0,0,0,0,0,0,0,0,0,4.0167052956809,7.30879863103231,0,3.22381331000074,4.00304373423713,0,3.33477136668037,0,0,0,0,0,0,0,0,0,4.83846521365139,12.4580046335856,0,0,0,0,0,0,0,0,0,0,0,0,0,0,0,0,0,0,0,0,0,0,0,0,0,5.93374443054199,0,3.69381245323952,3.27141721814656,4.62976351194975,0,0,0,4.22473201101035,5.66706418991089,0,0,0
0,0,0,0,0,0,0,0,0,0,0,0,0,0,0,0,0,0,0,0,0,0,0,0,0,0,0,0,0,0,0,3.19518441624112,3.2270248265102,3.22381331000074,0,0,3.93188155170273,0,7.04776689068216,0,0,0,0,0,0,0,0,3.58555843200518,5.92765330567079,0,0,0,0,0,0,0,0,0,0,0,0,0,0,0,0,0,0,0,0,0,0,0,0,0,0,5.98840713178789,5.55480067431927,3.72803738473006,0,5.50434221602357,0,6.18851244265407,3.64057030822292,0,0,0,0
0,0,0,0,0,19.6316169330052,0,0,0,0,0,7.36689125008053,0,0,0,0,96.5100646972656,84.9182662963867,72.1319131983041,5.04992969146899,96.4278259277344,0,0,0,0,0,0,0,0,0,0,2.90477680635673,3.49524539167231,4.00304373423713,0,0,6.96341456150411,6.66484506941028,73.1310779253642,49.3338298144795,108.370976257324,49.3084570118402,65.0101237106323,53.11312351908,0,37.3856138953059,95.5773239135742,17.5732423374147,25.2461311506188,38.8079055445269,0,0,0,0,0,0,0,57.5684933132596,0,0,0,0,11.4570063256506,99.6163999769423,0,0,0,0,0,0,0,0,66.0665042059762,120.788889567057,6.35539909674197,0,4.70819899577687,0,7.81683214689472,105.849967127941,11.5531380363919,108.667318071638,6.49306978473024,12.090916181348,35.8605031753265,58.3789242335728,82.9197438557943
0,0,0,0,0,0,0,0,0,0,3.09436122576396,0,0,0,0,0,89.9718315818093,94.4833420973558,72.854698242804,0,10.8558302931717,0,0,0,0,0,0,0,0,0,0,0,3.1708771698366,0,3.93188155170273,6.96341456150411,0,6.82802382637473,10.4151599229113,99.1713324360464,34.301501104411,85.5242372710129,57.728109133924,91.493501663208,63.1253085136414,96.3869239956725,41.2518349509582,20.2283851305644,50.2958289343735,101.278018188477,17.1114303588867,0,0,0,0,0,33.1705487858165,0,0,0,0,0,0,22.3239261931969,0,0,0,0,0,0,0,48.9446918263155,129.665130615234,59.0826302937099,0,4.84528005303759,0,4.39685328545109,100.674140410848,8.12213140262777,95.4890325209674,13.916389564812,6.77307854861981,4.90120049830406,61.9789532940678,0,45.6898117789739
0,0,0,0,0,0,0,0,0,6.41550924096789,0,6.78580364805753,0,0,0,0,0,104.027732849121,81.2234793768989,10.743196830863,0,3.72677087389267,0,4.65516857346099,0,0,0,2.74683101971944,0,3.59061336517334,0,0,0,3.33477136668037,0,6.66484506941028,6.82802382637473,0,6.35384888648987,80.1025134495327,106.375663757324,17.3689717483521,72.6989612579346,66.4573583602905,0,43.8740490504674,115.97093963623,6.99856009483337,0,5.51283392263109,0,0,0,0,0,7.22346950346424,0,6.08539725012249,0,0,0,0,9.02281990647316,128.325698852539,3.77052371190942,0,5.38145796768367,0,16.0148487091064,0,0,0,7.58672711123591,0,0,0,7.07783667019435,0,11.3890837762129,115.646892547607,5.7660031169683,116.976791381836,5.71396528389993,6.48188116424011,6.67041058162991,0,0
13.7245578765869,0,0,0,44.7452659606934,0,0,0,6.81993873596191,0,6.97032804842348,0,0,0,0,0,72.6171188354492,85.3613993326823,58.4426768955432,0,9.46900793861847,0,4.35629714891582,0,4.3940906902767,0,0,0,3.2179913520813,0,3.12719972092997,0,0,0,7.04776689068216,73.1310779253642,10.4151599229113,6.35384888648987,0,87.0702100481306,62.71142578125,66.7625746045794,41.3860328664967,97.2489471435547,73.6360015869141,86.1864967346191,44.7589834341362,7.90580706936972,8.60729742685954,58.3768997192383,0,0,0,0,9.14054680885153,0,8.32962855888625,0,0,0,0,0,0,22.4599555726377,0,6.22850889404333,0,6.9683912854486,0,0,0,0,0,5.69210118916682,0,0,0,7.95029089227319,92.0963470458984,16.8260608488439,100.064964294434,6.49800923641591,6.29318217338992,4.83379049542584,41.0239657885048,0,29.9728905359904
0,0,0,0,0,0,0,0,0,0,0,59.1543375651042,0,0,0,0,62.230989146877,65.8783995310466,41.0388392768837,13.1419507662455,0,0,0,0,0,0,0,0,0,0,0,0,0,0,0,49.3338298144795,99.1713324360464,80.1025134495327,87.0702100481306,0,68.1677467878475,22.4736249001925,30.5064474653645,27.9759763741493,40.6515413011823,17.8469978526392,61.2699809289748,19.349315557387,45.0088079452515,16.8370344471232,0,0,0,0,0,0,58.7228927612305,43.9194343566895,0,0,0,0,10.9770911242951,66.7243025207519,0,0,0,0,0,0,49.2266674041748,86.1467880249023,47.8103891062182,75.6261570739746,37.5269794464111,0,0,0,24.5595802898287,76.2812382227172,47.4938842782175,77.1224674913618,25.8429044338877,0,22.5267844328667,30.2535301617214,58.5408451373761
0,0,0,0,29.6138229370117,0,0,0,0,0,0,0,0,0,0,0,61.8684298197428,72.9362665812175,48.8987938299412,0,30.464436340332,0,0,0,0,0,0,0,0,0,0,0,0,0,0,108.370976257324,34.301501104411,106.375663757324,62.71142578125,68.1677467878475,0,54.5732145763579,26.2712464957941,60.7801361083984,39.6388459205627,64.0791528224945,21.0205807798757,6.34053805262543,7.18748233153902,77.9602497645787,30.9510299682617,0,0,0,43.0344772338867,0,37.9877688090006,86.5360336303711,30.9277210235596,0,0,0,0,17.3695398468569,0,0,0,0,0,0,0,59.8636974644017,97.5537261962891,52.4774081043361,0,0,0,0,83.3136710357666,20.5908612394731,81.6376015799386,49.7651409538169,46.3884976499824,0,20.3372658441464,0,30.5941340745385
0,21.4508201520796,0,22.352143468528,0,0,0,0,0,24.7895526885986,0,0,0,0,0,0,56.0657810411955,54.9090921613905,24.8558094766405,51.8388061523438,0,0,0,0,0,0,0,0,0,0,0,0,0,0,0,49.3084570118402,85.5242372710129,17.3689717483521,66.7625746045794,22.4736249001925,54.5732145763579,0,19.6406957048927,22.2152426750102,20.1807699203491,24.8983719585471,52.2806468727768,30.9111634953358,58.3189697265625,19.6203015969662,0,0,0,0,0,14.7506198883057,0,13.8756810256413,0,0,0,0,18.534641663831,56.0657461567929,0,0,9.7173376083374,0,0,0,18.7556637128194,61.7220039367676,14.7278541620818,62.1498363719267,40.3680498940604,0,0,0,30.6780581161584,64.5148221030667,25.0529099471689,61.942271909852,21.9629155474762,55.4959449768066,16.7218014205374,10.6573137779441,42.93084121237
22.0184023863028,0,0,0,44.823034286499,0,0,0,6.66240167617798,0,0,0,0,0,0,0,59.0169629414876,62.3235754966736,37.9950547395048,0,35.4549629211426,0,0,0,0,0,0,0,0,0,0,0,0,0,0,65.0101237106323,57.728109133924,72.6989612579346,41.3860328664967,30.5064474653645,26.2712464957941,19.6406957048927,0,40.1940200112083,13.8079754899849,32.4116580764969,22.7432505437707,37.0704531025242,12.7946735653612,29.5299314183574,0,0,0,0,30.9966239929199,0,33.9529653424802,63.5932922363281,0,0,0,0,56.7992506027222,24.8595477105486,0,0,0,0,0,0,0,22.3944007488436,61.0796065330505,28.3879258195748,55.087926864624,0,0,0,49.628719508775,31.2921008342565,54.639379727213,36.9384215540356,20.7979580420815,0,18.7807033276825,46.723885345459,13.5316276566523
0,0,0,0,0,0,0,0,0,0,0,0,0,0,0,0,46.4099445343018,40.1428108215332,23.1610151039927,0,0,0,0,0,0,0,0,0,0,0,0,0,0,0,0,53.11312351908,91.493501663208,66.4573583602905,97.2489471435547,27.9759763741493,60.7801361083984,22.2152426750102,40.1940200112083,0,12.8467769622803,14.8468569119771,53.9952729714883,39.9990898132324,0,33.6823439878576,0,0,0,0,0,0,0,18.29572057724,0,0,0,0,14.9024677276611,54.8798313140869,0,0,0,0,0,0,0,0,25.8842811584473,61.5177402496338,61.651496887207,0,0,0,38.3591557776199,66.2004388570786,29.3824234962463,60.7789999643962,46.0746022027636,64.0907135009766,17.8516980098386,21.3865839640299,50.3476066589355
0,0,0,0,0,0,0,0,0,0,0,0,0,0,0,0,0,0,43.7193602153233,0,0,0,0,0,0,0,0,0,0,0,0,0,0,0,0,0,63.1253085136414,0,73.6360015869141,40.6515413011823,39.6388459205627,20.1807699203491,13.8079754899849,12.8467769622803,0,0,26.2942942077038,64.1178131103516,0,81.0887298583984,0,0,0,0,0,0,0,0,0,0,0,0,0,29.4497045215807,0,0,0,0,0,0,0,0,0,38.878963470459,0,0,0,0,45.805403137207,40.3132022152776,98.3453369140625,45.4183680216471,17.320660131949,0,13.3899521358678,0,25.6317405700684
0,12.3200068473816,0,9.26770202765304,0,14.0334181994037,0,0,0,14.4630559921265,0,13.4723227923034,0,0,0,0,56.7210671180903,56.3038007948134,31.570836657057,10.1920544300079,66.3261108398438,0,0,0,0,0,0,0,0,0,0,0,0,0,0,37.3856138953059,96.3869239956725,43.8740490504674,86.1864967346191,17.8469978526392,64.0791528224945,24.8983719585471,32.4116580764969,14.8468569119771,0,0,59.3223471621589,24.9665889000708,28.0316365283468,28.4950765225645,0,0,0,0,0,0,66.1303100585938,19.646002253721,0,0,0,0,8.24746838591757,64.3684113560891,0,0,0,0,0,0,28.8626839030873,75.7470149993896,23.5317418943165,73.71471287654,32.668267250061,0,0,0,21.2977787006911,73.5462208882031,26.2410026834722,72.3193765022385,24.5516764767792,65.1272201538086,15.2645935545044,22.1003717184067,57.9135538736979
0,0,12.8049354553223,0,31.1493584769113,0,0,0,0,0,0,0,0,0,0,0,60.3237963589755,60.9412181377411,43.778260735317,0,15.9634218061292,0,0,0,0,0,0,0,0,0,0,0,0,0,0,95.5773239135742,41.2518349509582,115.97093963623,44.7589834341362,61.2699809289748,21.0205807798757,52.2806468727768,22.7432505437707,53.9952729714883,26.2942942077038,59.3223471621589,0,53.8577642440796,28.368466345654,57.7074449500259,27.8604652881622,0,0,0,0,0,28.3234169299786,76.4639790852865,0,0,0,0,0,12.2863272491966,0,0,0,0,0,0,0,41.0252992059015,83.4747766348032,40.3613138625871,0,0,0,0,81.0757969550367,25.0310062002641,79.7152328491211,42.0121414797947,40.2086787595279,0,27.7031488574853,0,48.2941833642813
35.5680394853864,0,0,0,0,0,0,0,0,0,0,0,0,0,0,0,77.0225715637207,0,56.5784702301025,0,0,0,0,0,0,0,0,0,0,0,0,9.72912826538086,4.29041846320353,4.83846521365139,3.58555843200518,17.5732423374147,20.2283851305644,6.99856009483337,7.90580706936972,19.349315557387,6.34053805262543,30.9111634953358,37.0704531025242,39.9990898132324,64.1178131103516,24.9665889000708,53.8577642440796,0,6.22422365970163,21.0089931861889,0,0,0,0,0,0,0,56.712282816569,0,0,0,0,25.6984939575195,0,0,31.0005970001221,0,0,0,0,67.4246139526367,0,60.8974800109863,0,8.79133812491573,6.69050662184871,5.31178421510179,5.58320191221417,10.8623030656029,10.6262100231242,52.6479596138,5.40654474517046,7.23273714738782,3.28346154906533,15.2437296680609,51.284113747733,79.9276351928711
13.2980736633827,0,10.5041383928,0,37.4604530334473,45.3016395568848,0,0,11.7730665604273,0,0,0,0,0,0,0,0,0,0,0,52.9592666625977,0,9.35632392375365,0,13.2315464019775,0,0,0,0,0,0,0,7.0689963943818,12.4580046335856,5.92765330567079,25.2461311506188,50.2958289343735,0,8.60729742685954,45.0088079452515,7.18748233153902,58.3189697265625,12.7946735653612,0,0,28.0316365283468,28.368466345654,6.22422365970163,0,33.9403284072876,42.4818725585938,0,0,0,8.36848826125517,0,48.1783470153809,59.9529853820801,0,0,4.17544632979802,0,0,35.3776860131158,0,13.9040296500729,0,8.44511451219257,0,3.70213530063629,0,29.6383445262909,60.16379737854,34.0586569685685,0,14.2783007207124,11.1865696907043,5.10479670940699,34.6506224987554,17.8114362455303,62.2957445780436,10.4035940538889,11.7852485780002,0,12.8891212078108,0,35.9055528640747
0,4.59651010223989,0,4.2114098782235,0,0,0,0,0,8.38646137146723,0,0,0,0,0,0,78.4758804321289,62.9904747009277,46.5404665165038,0,0,11.656033893065,0,10.4045049177276,0,0,0,0,0,0,0,0,0,0,0,38.8079055445269,101.278018188477,5.51283392263109,58.3768997192383,16.8370344471232,77.9602497645787,19.6203015969662,29.5299314183574,33.6823439878576,81.0887298583984,28.4950765225645,57.7074449500259,21.0089931861889,33.9403284072876,0,0,0,0,0,0,5.89406154269264,0,9.63683119044962,0,0,0,5.54223823547363,25.7314339564397,63.9983205795288,15.3189201104613,0,6.44076884734003,0,5.09404529235801,0,5.0324741275653,0,8.52708178998318,79.6453399658203,32.0532696778826,0,0,0,22.8409742694025,81.2093154191971,9.44076213044433,75.0414221627372,22.2124301839341,0,15.8705145816106,25.2179762350546,52.4051094055176
0,0,9.93939017234965,0,4.47224607046913,0,2.75328969955444,0,5.53827395805946,0,0,0,2.75303292274475,0,0,0,0,0,0,0,8.68116558734829,0,0,0,0,0,0,0,0,0,0,0,0,0,0,0,17.1114303588867,0,0,0,30.9510299682617,0,0,0,0,0,27.8604652881622,0,42.4818725585938,0,0,0,2.85533285140991,0,8.10856092185305,0,18.2708310886305,0,4.95472734624689,0,5.38068665715231,0,0,13.4208326769858,0,0,0,0,0,0,0,39.3767223358154,0,34.4305763244629,0,0,0,0,0,26.9220993055238,0,0,9.09515664794228,0,10.0292840036295,0,0
0,5.76105679963764,0,4.97734724988743,0,4.18406907815907,0,3.46589176471417,0,6.83406678284749,0,0,0,3.83031303742353,0,4.7545907497406,0,0,0,0,0,0,0,0,0,0,0,0,0,0,0,0,0,0,0,0,0,0,0,0,0,0,0,0,0,0,0,0,0,0,0,0,0,2.99886541366577,0,2.97857075078147,0,4.77229615227651,0,4.81011934778584,0,3.63206293106079,0,0,0,0,0,0,0,0,0,0,0,0,0,0,0,0,0,0,0,0,3.23151569366455,0,7.33273674915363,0,0
0,0,0,0,0,0,2.95045877638317,0,0,0,3.59616307111887,0,0,0,0,0,0,0,0,0,6.49782460980711,0,0,0,0,0,0,0,0,0,0,0,0,0,0,0,0,0,0,0,0,0,0,0,0,0,0,0,0,0,2.85533285140991,0,0,0,0,0,3.15477454000049,0,0,0,0,0,0,0,0,0,0,0,0,0,0,0,0,0,0,0,0,0,0,28.9839792251587,0,0,5.63212976957622,0,5.48091888427734,0,0
0,0,0,0,0,3.15622259200887,0,2.97355299256742,0,0,0,2.90449676911036,0,3.3005567656623,0,4.22753572463989,0,0,0,0,0,0,0,0,0,0,0,0,0,0,0,0,0,0,0,0,0,0,0,0,0,0,0,0,0,0,0,0,0,0,0,2.99886541366577,0,0,0,0,0,4.24024946689606,0,3.37157299041748,0,0,0,0,0,0,0,0,0,0,0,0,0,0,0,0,0,0,0,0,0,0,2.91867242188289,0,0,0,0
5.44882364013568,0,7.46297544863687,0,5.91577042000634,0,0,0,6.1283936551688,0,0,0,0,0,5.93486020857828,0,0,0,0,0,0,0,0,0,6.07951338126742,0,5.55395135879517,0,0,0,0,0,0,0,0,0,0,0,9.14054680885153,0,43.0344772338867,0,30.9966239929199,0,0,0,0,0,8.36848826125517,0,8.10856092185305,0,0,0,0,0,7.87129803679206,0,3.18126306533813,0,5.89685554651437,0,0,0,0,0,0,6.60077985750553,0,5.47946709262,0,36.6803131103516,0,0,0,0,0,0,0,0,0,7.38593744314634,6.89470574902553,0,9.53875726755424,0,0
0,5.44635735855577,0,3.98865000406901,0,4.87815614541372,0,0,0,5.34270419592136,0,0,0,0,0,5.38073545117532,0,0,0,0,0,0,0,3.87784825942733,0,0,0,0,0,0,0,0,0,0,0,0,0,7.22346950346424,0,0,0,14.7506198883057,0,0,0,0,0,0,0,5.89406154269264,0,2.97857075078147,0,0,0,0,0,0,0,0,0,6.27926674642061,0,0,0,0,4.19250754712914,0,0,0,0,0,0,0,0,0,0,0,0,0,6.47073779955949,0,5.11190000602177,0,7.59738938488177,0,0
0,0,5.01396262889006,0,22.4696289745729,0,0,0,14.1517990430196,0,4.35209932814851,0,0,0,4.41819286346436,0,0,0,44.3201484680176,0,7.02580524326206,0,0,0,0,0,0,0,0,0,6.11392574491557,0,0,0,0,0,33.1705487858165,0,8.32962855888625,58.7228927612305,37.9877688090006,0,33.9529653424802,0,0,66.1303100585938,28.3234169299786,0,48.1783470153809,0,18.2708310886305,0,3.15477454000049,0,7.87129803679206,0,0,0,3.99623610692866,0,5.04751308996286,0,0,9.60446503904508,0,0,0,0,0,0,0,7.6209900026287,0,6.08774485281686,0,0,0,0,0,35.0561877163974,0,16.605195313397,4.84023947566748,0,9.82991604905942,0,21.2715235816108
0,3.62431552410126,0,2.72991526126862,0,7.22413931524052,0,6.25905747109271,0,0,0,5.85882668006803,0,3.52777596042581,0,0,63.468578338623,0,45.8914511998494,7.7049096767719,0,38.6423420906067,0,21.7063804626465,0,0,0,3.00550228357315,0,2.87155799865723,0,0,0,0,0,57.5684933132596,0,6.08539725012249,0,43.9194343566895,86.5360336303711,13.8756810256413,63.5932922363281,18.29572057724,0,19.646002253721,76.4639790852865,56.712282816569,59.9529853820801,9.63683119044962,0,4.77229615227651,0,4.24024946689606,0,0,0,0,0,3.75891427343542,0,6.12161388397217,10.537177040204,0,31.0438688177811,0,20.9279203414917,0,9.00358055659703,0,6.67908081725308,0,4.44553045427477,0,0,0,0,0,45.385762099562,104.104309082031,7.16318023999532,0,17.9566912885572,0,11.8619395457922,13.3132065259493,0
0,0,7.85235071689525,0,0,0,2.87652082154245,0,18.5255336761475,0,0,0,3.6532727052467,0,3.89713395583002,0,0,0,0,0,16.8301566441854,0,0,0,0,0,0,0,0,0,0,0,0,0,0,0,0,0,0,0,30.9277210235596,0,0,0,0,0,0,0,0,0,4.95472734624689,0,0,0,3.18126306533813,0,3.99623610692866,0,0,0,4.0237975760204,0,0,12.1728787592479,0,0,0,0,0,0,0,0,0,0,0,0,0,0,0,27.8536338806152,0,0,6.32353721965443,0,7.2113816343995,0,0
0,5.38754212856293,0,2.95829227235582,0,4.85579403572612,0,4.13436017538372,0,0,0,3.89840519428253,0,4.49254179444719,0,3.18544476992124,0,0,0,0,0,0,0,0,0,0,0,0,0,0,0,0,0,0,0,0,0,0,0,0,0,0,0,0,0,0,0,0,0,0,0,4.81011934778584,0,3.37157299041748,0,0,0,3.75891427343542,0,0,0,5.42741353171212,0,0,0,0,0,0,0,0,2.97401306033134,0,0,0,0,0,0,0,0,0,0,0,3.93622216582298,4.68034029006958,3.27575862407684,0,0
3.57782230377197,0,6.3027569041855,0,4.32907443715815,0,0,0,5.16996250524149,0,0,0,0,0,4.22950636405571,0,0,0,0,0,0,0,0,0,0,0,0,0,0,0,0,0,0,0,0,0,0,0,0,0,0,0,0,0,0,0,0,0,4.17544632979802,0,5.38068665715231,0,0,0,5.89685554651437,0,5.04751308996286,0,4.0237975760204,0,0,0,0,0,0,0,0,0,0,0,0,2.82908697128296,0,0,0,0,0,0,0,0,0,0,16.1761133670807,0,9.78059187364043,0,0
0,4.0402993162473,0,3.7195360660553,0,0,0,0,0,5.47643050839824,0,0,0,3.08692954182625,0,3.08828811809934,0,0,0,0,0,0,0,0,0,0,0,0,0,0,0,0,0,0,0,0,0,0,0,0,0,0,0,0,0,0,0,0,0,5.54223823547363,0,3.63206293106079,0,0,0,6.27926674642061,0,6.12161388397217,0,5.42741353171212,0,0,0,0,0,0,0,0,0,0,0,0,0,0,0,0,0,0,0,0,0,0,2.77266330718994,0,0,0,0
0,0,0,5.25591421127319,0,6.12987841878619,0,0,0,0,0,9.66792933895903,0,0,0,0,0,0,54.7072722117106,4.41820492379489,0,0,0,0,0,0,0,0,0,0,0,0,0,0,0,11.4570063256506,0,9.02281990647316,0,10.9770911242951,0,18.534641663831,56.7992506027222,14.9024677276611,0,8.24746838591757,0,25.6984939575195,0,25.7314339564397,0,0,0,0,0,0,0,10.537177040204,0,0,0,0,0,0,42.2649726867676,0,0,0,24.8213748931885,0,22.4549694772977,0,19.3903785170736,0,0,0,0,0,10.5142698506332,97.9042816162109,18.1826321778807,0,10.3562162012667,0,11.5764817754274,22.415198802948,0
0,0,0,0,16.969981098175,0,0,0,0,0,15.4930057525635,0,0,0,0,0,61.5164399147034,64.3158518473307,48.491484044233,0,12.1276789443409,0,0,0,0,0,0,0,0,0,17.2414951324463,0,0,0,0,99.6163999769423,22.3239261931969,128.325698852539,22.4599555726377,66.7243025207519,17.3695398468569,56.0657461567929,24.8595477105486,54.8798313140869,29.4497045215807,64.3684113560891,12.2863272491966,0,35.3776860131158,63.9983205795288,13.4208326769858,0,0,0,0,0,9.60446503904508,0,12.1728787592479,0,0,0,0,0,0,0,0,0,0,34.0419578552246,0,24.1483679063541,90.8314170837402,26.1902730596175,0,0,0,0,86.1500345576893,20.4966674983956,76.7659441630046,28.838342629227,33.2710750671104,0,21.969531022088,70.1972961425781,40.0710922754728
0,0,0,0,0,0,0,0,0,0,0,0,0,0,0,0,0,3.03055278460185,0,0,0,6.09639902660338,0,9.85738201202101,0,3.96412344162281,0,5.2866415977478,0,0,0,0,0,0,0,0,0,3.77052371190942,0,0,0,0,0,0,0,0,0,0,0,15.3189201104613,0,0,0,0,0,0,0,31.0438688177811,0,0,0,0,42.2649726867676,0,0,0,9.08295383905469,0,14.6242664967687,0,6.93878891561808,0,23.6439571380615,0,0,0,0,0,0,0,6.53682034385364,0,5.61933378294005,0,34.3887212371826,0,0
0,0,0,0,0,0,0,0,0,0,0,0,0,0,0,0,7.51193248480558,0,0,0,0,6.77295051986336,5.62671792109989,0,6.44723905508335,0,2.81308770179749,0,2.79565817117691,0,0,0,0,0,0,0,0,0,6.22850889404333,0,0,0,0,0,0,0,0,31.0005970001221,13.9040296500729,0,0,0,0,0,0,0,0,0,0,0,0,0,0,0,0,0,0,9.60019546545158,0,10.4375004985498,0,8.25116374757555,0,0,0,0,0,0,0,0,0,8.66250849457227,5.65835641987751,2.99941843206232,22.67142607949,0,0
0,4.2865988612175,0,0,0,0,0,0,0,4.35362879994889,0,0,0,0,0,0,0,0,0,0,0,10.1269573353598,0,4.66684491722672,0,2.74579644203186,0,0,0,0,0,0,0,0,0,0,0,5.38145796768367,0,0,0,9.7173376083374,0,0,0,0,0,0,0,6.44076884734003,0,0,0,0,0,4.19250754712914,0,20.9279203414917,0,0,0,0,0,0,9.08295383905469,0,0,0,4.7487306821914,0,7.78724425633748,0,0,0,0,0,0,0,0,0,5.14648840738379,0,4.72326408676479,0,5.95940529604753,0,0
12.0954750378927,0,0,0,0,0,0,0,5.2950761519354,0,0,0,0,0,0,0,0,0,0,0,0,0,6.42638518380337,0,3.77626188384866,0,4.3524974252169,0,0,0,0,0,0,0,0,0,0,0,6.9683912854486,0,0,0,0,0,0,0,0,0,8.44511451219257,0,0,0,0,0,6.60077985750553,0,0,0,0,0,0,0,0,0,0,9.60019546545158,0,0,0,6.04322936339769,0,9.88034282881638,0,0,0,0,0,0,0,0,0,5.55150334423839,4.90778634160064,0,8.40023007570502,0,0
0,0,0,0,0,0,0,0,0,0,0,0,0,0,0,0,0,4.51243265469869,0,0,0,12.0796797214253,0,4.55084659742272,0,3.34170846751171,0,4.28170771068997,0,0,0,0,0,0,0,0,0,16.0148487091064,0,0,0,0,0,0,0,0,0,0,0,5.09404529235801,0,0,0,0,0,0,0,9.00358055659703,0,0,0,0,24.8213748931885,0,14.6242664967687,0,4.7487306821914,0,0,0,4.36732419931664,0,0,0,0,0,0,0,0,0,0,0,4.91490214949201,5.6604335308075,12.2048488488564,0,0
14.2815437316895,0,0,0,0,0,0,0,12.9413561820984,0,0,0,0,0,0,0,0,0,0,0,0,0,9.71185701027577,0,4.73546166419983,0,3.2275558384982,0,2.80896759033203,0,0,0,0,0,0,0,0,0,0,0,0,0,0,0,0,0,0,0,3.70213530063629,0,0,0,0,0,5.47946709262,0,0,0,0,0,0,0,0,34.0419578552246,0,10.4375004985498,0,6.04322936339769,0,0,0,4.63298133143097,0,0,0,0,0,0,0,0,0,0,2.89511878490448,0,7.2935631275177,0,0
0,0,0,0,0,48.9251289367676,0,0,0,0,0,0,0,2.96208310127258,0,0,0,0,48.6694107055664,0,0,15.0892956153206,0,8.26947107769194,0,3.47416624426842,0,3.63870328330548,0,2.9506299495697,0,0,0,0,0,0,0,0,0,49.2266674041748,0,18.7556637128194,0,0,0,28.8626839030873,0,67.4246139526367,0,5.0324741275653,0,0,0,0,0,0,0,6.67908081725308,0,2.97401306033134,0,0,22.4549694772977,0,6.93878891561808,0,7.78724425633748,0,4.36732419931664,0,0,0,5.02874326411589,0,0,0,0,0,80.6260852813721,0,2.75202453136444,0,50.5288467407227,0,11.6192545970853,0,0
0,0,29.0277194976807,0,40.1653060913086,0,0,0,46.0097668965658,0,0,0,0,0,0,0,94.9121170043945,0,60.4597047170003,0,22.4406871428856,0,17.6550719397409,0,0,0,0,0,2.89060521684587,0,3.79849844466383,0,0,0,0,0,48.9446918263155,0,0,86.1467880249023,59.8636974644017,61.7220039367676,22.3944007488436,0,0,75.7470149993896,41.0252992059015,0,29.6383445262909,0,39.3767223358154,0,0,0,36.6803131103516,0,7.6209900026287,0,0,0,2.82908697128296,0,0,24.1483679063541,0,8.25116374757555,0,9.88034282881638,0,4.63298133143097,0,0,0,6.25802644625261,0,0,0,0,100.113792419434,60.5818108184428,90.9223556518555,5.80269820820701,43.6369801788795,0,24.3052200276993,0,18.8000253687302
0,0,0,0,0,41.3467496236165,0,0,0,0,0,5.95232940382428,0,0,0,0,73.9527244567871,0,51.0678614125107,8.92656535452062,0,0,0,18.7523384094238,0,0,0,3.81622529029846,0,3.95227189139118,0,0,0,0,0,66.0665042059762,129.665130615234,7.58672711123591,0,47.8103891062182,97.5537261962891,14.7278541620818,61.0796065330505,25.8842811584473,0,23.5317418943165,83.4747766348032,60.8974800109863,60.16379737854,8.52708178998318,0,0,0,0,0,0,0,4.44553045427477,0,0,0,0,19.3903785170736,90.8314170837402,23.6439571380615,0,0,0,0,0,5.02874326411589,0,0,0,65.0174369812012,0,0,0,53.175756007065,93.1285481452942,6.48968734690013,93.747721862793,55.7954360360191,0,15.5990122898616,18.0890717417002,0
0,0,31.2199516296387,0,43.7798461914062,0,0,0,41.5335273742676,0,2.84025263786316,0,0,0,0,0,69.7061080932617,76.5328941345215,55.3222244302022,0,25.304067477921,0,0,0,0,0,0,0,0,0,6.78439985922653,0,0,0,0,120.788889567057,59.0826302937099,0,5.69210118916682,75.6261570739746,52.4774081043361,62.1498363719267,28.3879258195748,61.5177402496338,38.878963470459,73.71471287654,40.3613138625871,0,34.0586569685685,79.6453399658203,34.4305763244629,0,0,0,0,0,6.08774485281686,0,0,0,0,0,0,26.1902730596175,0,0,0,0,0,0,0,6.25802644625261,0,0,0,0,0,0,90.7324381510417,54.862071400597,95.2158126831055,8.99798739376837,45.0048769122189,0,28.7100424358999,0,20.3215933337654
0,0,0,0,0,0,0,0,0,0,0,0,0,0,0,0,0,0,0,0,0,0,0,0,0,0,0,0,0,0,0,4.41140216634706,4.49363644917806,5.93374443054199,0,6.35539909674197,0,0,0,37.5269794464111,0,40.3680498940604,55.087926864624,61.651496887207,0,32.668267250061,0,8.79133812491573,0,32.0532696778826,0,0,0,0,0,0,0,0,0,0,0,0,0,0,0,0,0,0,0,0,0,0,65.0174369812012,0,0,0,3.38177573680878,0,6.90885383482198,0,37.3095741271973,0,4.49015579879104,0,44.4354340689523,58.5667266845703,0
0,0,0,0,0,0,0,0,0,0,0,0,0,0,0,0,0,0,0,0,0,0,0,0,0,0,0,0,0,0,0,3.28517519382008,4.0229664169351,0,5.98840713178789,0,4.84528005303759,0,0,0,0,0,0,0,0,0,0,6.69050662184871,14.2783007207124,0,0,0,0,0,0,0,0,0,0,0,0,0,0,0,0,0,0,0,0,0,0,0,0,0,0,0,0,11.0625361718442,0,16.126508657223,0,0,3.31340028913759,0,0,0,0
0,0,0,0,0,0,0,0,0,0,0,0,0,0,0,0,0,0,0,0,0,0,0,0,0,0,0,0,0,0,0,4.14661439548839,0,3.69381245323952,5.55480067431927,4.70819899577687,0,7.07783667019435,0,0,0,0,0,0,0,0,0,5.31178421510179,11.1865696907043,0,0,0,0,0,0,0,0,0,0,0,0,0,0,0,0,0,0,0,0,0,0,0,0,0,3.38177573680878,0,0,13.4491310119629,11.1751935046206,0,4.17067165208899,0,3.74386438940253,0,0,0,0
0,0,0,0,0,0,0,0,0,0,0,0,0,0,0,0,0,0,0,0,0,0,0,0,0,0,0,0,0,0,0,0,9.62723004817963,3.27141721814656,3.72803738473006,0,4.39685328545109,0,7.95029089227319,0,0,0,0,0,0,0,0,5.58320191221417,5.10479670940699,0,0,0,0,0,0,0,0,0,0,0,0,0,0,0,0,0,0,0,0,0,0,0,0,0,0,11.0625361718442,13.4491310119629,0,0,14.2990299276786,0,6.89257386609128,4.81812545561021,0,0,0,0
0,0,0,17.2068767547607,0,20.1426196643284,0,0,0,0,0,11.8064195131291,0,0,0,0,83.6892091800005,81.7996667226156,56.3268956129102,10.6891742266808,0,0,0,0,0,0,0,0,0,0,0,3.49712627561469,0,4.62976351194975,0,7.81683214689472,100.674140410848,11.3890837762129,92.0963470458984,24.5595802898287,83.3136710357666,30.6780581161584,49.628719508775,38.3591557776199,45.805403137207,21.2977787006911,81.0757969550367,10.8623030656029,34.6506224987554,22.8409742694025,0,0,0,0,0,0,0,45.385762099562,0,0,0,0,10.5142698506332,86.1500345576893,0,0,0,0,0,0,80.6260852813721,100.113792419434,53.175756007065,90.7324381510417,6.90885383482198,0,11.1751935046206,0,0,90.3077751849331,10.5900701703788,87.7600225140972,19.8162395163945,22.2791433525085,23.5451821255932,43.1941698455811,69.229617357254
0,0,42.3923416137695,0,27.0391998291016,0,0,0,0,0,0,0,0,0,0,72.5526733398438,76.1099053135625,76.9666582472781,54.9688118246549,0,15.1102549347954,0,0,0,0,0,0,0,0,0,0,2.96060252189636,4.89155776290495,0,5.50434221602357,105.849967127941,8.12213140262777,115.646892547607,16.8260608488439,76.2812382227172,20.5908612394731,64.5148221030667,31.2921008342565,66.2004388570786,40.3132022152776,73.5462208882031,25.0310062002641,10.6262100231242,17.8114362455303,81.2093154191971,26.9220993055238,0,28.9839792251587,0,0,0,35.0561877163974,104.104309082031,27.8536338806152,0,0,0,97.9042816162109,20.4966674983956,0,0,0,0,0,0,0,60.5818108184428,93.1285481452942,54.862071400597,0,16.126508657223,0,14.2990299276786,90.3077751849331,0,86.0542854026512,14.8062889929897,28.2780677508036,7.39389476576051,39.7113126846155,78.018367767334,36.0467798652419
