0,0,5.15967211575852,0,0,0,0,0,4.79739707533784,0,0,0,0,0,4.0459366440773,0,14.9618750647003,28.334451675415,5.0436882181894,0,0,0,0,0,0,0,0,0,0,0,0,0,0,0,0,0,0,0,0,0,25.2293443118825,0,10.7635543563149,0,0,0,0,0,4.68584016145454,0,0,0,0,0,4.22376681384394,0,0,0,0,0,2.98927826881409,0,0,24.9987449645996,0,0,0,6.94534921646118,0,0,0,0,0,0,0,0,0,0,0,26.8114177949967,0,28.867874622345,5.52808345610828,0,6.1113323226623,0,0
0,0,0,6.3699331567401,0,13.6693834728665,0,0,0,4.285566895142,0,0,0,0,0,0,0,2.87181456883748,0,0,0,0,0,0,0,0,0,0,0,0,0,0,0,0,0,0,0,0,0,0,0,13.2795197696576,0,0,0,36.536304473877,0,0,0,5.71355945383743,0,10.4328377063458,0,0,0,5.50743934979577,0,25.0332995823451,0,5.22152185440063,0,7.95673242452982,0,0,0,0,4.7315305037932,0,0,0,0,0,26.2409847804478,0,0,0,0,0,0,0,27.5059490203857,0,6.22697476406193,0,9.29600885174225,4.11545819044113,0
5.15967211575852,0,0,0,8.57612039814604,0,0,0,5.61292370611331,0,0,0,0,0,0,0,0,0,53.4729258219401,0,9.70724182128906,0,0,0,0,0,0,0,0,0,0,0,0,0,0,0,11.7653393311934,0,0,0,27.7119854894178,0,26.5528124968211,0,18.7234134674072,0,7.64117181706591,0,5.99145908969188,39.7664070129395,3.36882174015045,0,0,0,4.66394345873878,0,9.83902854919434,0,0,0,0,0,0,10.6276178614525,0,0,0,0,0,0,0,0,0,0,0,0,0,0,0,15.9360605947087,67.4010848999023,38.5426864624023,8.29791977424622,0,8.25062198955715,0,19.538423538208
0,6.3699331567401,0,0,0,7.45035142704723,0,0,0,6.55983242633659,0,3.1008612215519,0,0,0,0,52.8256855010986,42.7040786743164,34.7268821171352,12.0355129241943,0,0,0,0,0,0,0,0,0,0,0,0,0,0,0,6.51766538619995,0,25.5872840881348,46.7285423278809,29.411327098978,0,22.7330646323733,0,0,0,17.2833315258934,36.770923614502,0,0,6.79748949909411,0,7.05291634559631,0,0,0,5.98665848749127,0,12.5316557101349,0,5.08967421131749,0,5.79751466628044,20.4509378964784,0,0,0,0,0,0,0,0,0,22.834330368042,0,0,0,0,0,26.3424732868488,47.9073104858398,27.4555436336633,0,7.72104553991918,0,7.39855142587538,20.2696025371552,0
0,0,8.57612039814604,0,0,0,0,0,4.6052573815636,0,0,0,0,0,0,0,0,0,0,0,3.9069062933993,0,0,0,0,0,0,0,0,0,0,0,0,0,0,0,9.2422933474831,0,0,0,0,0,0,0,0,0,11.2272857030233,0,13.8393970489502,0,3.11046836664388,0,0,0,3.0255436528989,0,11.4655187606812,0,4.22250699996948,0,3.41517228881518,0,0,7.61608206503319,0,0,0,0,0,0,0,0,0,0,0,0,0,0,0,15.4962997436523,0,0,9.93667114747537,0,9.6909951344885,0,0
0,13.6693834728665,0,7.45035142704723,0,0,0,2.75424575805664,0,4.11568820476532,0,3.52918179829915,0,0,0,0,0,0,0,4.34004148136486,0,0,0,0,0,0,0,0,0,0,0,0,0,0,0,4.45383893450101,0,29.9248371124268,0,32.4279289245605,0,30.7070215543111,0,0,0,25.6904324425591,0,0,0,14.3154396692912,0,3.48291717370351,0,0,0,5.94557124918157,0,9.87147583221567,0,3.58161199092865,0,5.2549341917038,15.5772947788239,0,0,0,0,0,0,0,0,0,29.5026277542114,0,0,0,0,0,29.7381603717804,0,31.7338621351454,0,5.19086719483368,0,6.85824970630449,0,0
0,0,0,0,0,0,0,0,0,0,3.13842235671149,0,0,0,0,0,0,0,0,0,3.38412268956502,0,0,0,0,0,0,0,0,0,0,0,0,0,0,0,0,0,0,0,0,0,0,0,0,0,0,0,0,0,0,0,0,0,0,0,0,0,0,0,0,0,0,0,0,0,0,0,0,0,0,0,0,0,0,0,0,0,0,0,0,0,3.10012220972367,0,0,0,0
0,0,0,0,0,2.75424575805664,0,0,0,0,0,2.74362856149673,0,0,0,0,0,0,0,3.37469935417175,0,0,0,0,0,0,0,0,0,0,0,0,0,0,0,0,0,0,0,0,0,0,0,0,0,0,0,0,0,0,0,0,0,2.94961857795715,0,0,0,0,0,3.17590308189392,0,0,0,0,0,0,0,0,0,0,0,0,0,0,0,0,0,0,0,0,0,0,2.94947263929579,0,0,0,0
4.79739707533784,0,5.61292370611331,0,4.6052573815636,0,0,0,0,0,0,0,0,0,0,0,8.74512393569106,29.9853296279907,8.06128697964682,0,0,0,0,0,2.74717736244202,0,0,0,0,0,0,0,0,0,0,0,0,0,6.87586689846856,0,0,0,7.86463384098477,0,0,0,14.1158895492554,13.1415827274323,7.41306316450741,0,3.68796694278717,0,0,0,3.67156933822092,0,0,0,0,0,0,0,0,16.4604490453547,0,0,0,3.5666900454906,0,0,0,0,0,0,0,0,0,0,0,33.9533491134644,0,5.7600881156101,6.12962603287355,0,8.66335162909135,0,0
0,4.285566895142,0,6.55983242633659,0,4.11568820476532,0,0,0,0,0,0,0,0,0,3.21300280434745,0,4.35095500946045,3.75804757444482,0,0,0,0,5.76192303556175,0,3.56039337875429,0,0,0,0,0,0,0,0,0,0,0,0,0,0,0,5.98506021699986,0,0,0,0,0,0,0,5.47971356497871,0,7.27752049763997,0,0,0,4.67307254655475,0,0,0,0,0,4.27244215607643,18.9631729125977,0,0,0,6.10590457552262,0,4.57296451568604,0,0,0,24.5951972007751,0,0,0,0,0,32.4447326660156,0,29.5470258712769,0,4.26766731238143,0,5.09753241867855,6.05091882588571,0
0,0,0,0,0,0,3.13842235671149,0,0,0,0,0,0,0,0,0,0,0,0,0,3.26831498806195,0,0,0,0,0,0,0,0,0,0,0,0,0,0,0,4.37457949675882,0,4.76001366217565,0,0,0,0,0,0,0,0,0,0,0,0,0,0,0,0,0,2.94571357688668,0,3.48072461648421,0,0,0,0,3.65698262397222,0,0,0,0,0,0,0,3.07636789842085,0,0,0,0,0,0,0,5.2705640065468,0,7.54702891243829,3.57361597680411,0,0,0,0
0,0,0,3.1008612215519,0,3.52918179829915,0,2.74362856149673,0,0,0,0,0,3.43799614766885,0,0,0,0,0,3.77826179776873,0,0,0,0,0,0,0,3.02294642304721,0,0,0,0,0,0,0,3.42547468543053,0,3.85133501060547,0,0,0,27.0515937805176,0,0,0,0,0,0,0,35.7939300537109,0,0,0,0,0,0,0,3.80025140541629,0,3.54784371240072,0,0,6.0862820489066,0,0,0,0,0,0,0,3.56078816919911,0,15.3261992931366,0,0,0,0,0,7.85617836316427,0,3.59580921561233,0,3.47872660998021,2.89602965116501,6.76146962092473,0,0
0,0,0,0,0,0,0,0,0,0,0,0,0,0,3.43176394242507,0,0,0,0,0,0,0,0,0,0,0,0,0,0,0,0,0,0,0,0,0,0,0,0,0,0,0,0,0,0,0,0,0,0,0,0,0,0,0,0,0,3.36417776962806,0,3.2863242382353,0,3.14156423674689,0,0,0,0,0,0,0,0,0,0,3.14737470658099,0,0,0,0,0,0,0,0,0,0,0,0,0,0,0
0,0,0,0,0,0,0,0,0,0,0,3.43799614766885,0,0,0,4.53805686057882,0,0,0,0,0,0,0,0,0,0,0,0,0,0,0,0,0,0,0,0,0,0,0,0,0,0,0,0,0,0,0,0,0,0,0,0,0,0,0,0,0,3.57499170303345,0,3.7590150700059,0,3.3962622621785,0,0,0,0,0,0,0,0,3.15434074401855,0,0,0,0,0,0,0,0,0,0,0,3.48595055610903,0,0,0,0
4.0459366440773,0,0,0,0,0,0,0,0,0,0,0,3.43176394242507,0,0,0,0,0,0,0,0,0,0,0,4.79874134063721,0,0,0,0,0,0,0,0,0,0,0,0,0,0,0,0,0,0,0,0,0,0,0,0,0,0,0,0,0,3.42829338709513,0,3.36807799339294,0,4.12923928101857,0,3.74878050789001,0,0,0,0,0,0,5.9239989194003,0,4.47393669684728,0,0,0,0,0,0,0,0,0,0,0,0,0,0,0,0,0
0,0,0,0,0,0,0,0,0,3.21300280434745,0,0,0,4.53805686057882,0,0,0,0,0,0,0,0,0,0,0,2.94832116365433,0,0,0,0,0,0,0,0,0,0,0,0,0,0,0,0,0,0,0,0,0,0,0,0,0,0,0,0,0,3.77909303665161,0,0,0,6.68206403093431,0,3.66105962500853,0,0,0,0,12.7031145095825,0,3.63506341262682,0,0,0,0,0,0,0,0,0,0,0,0,0,3.40152041986585,0,0,0,0
14.9618750647003,0,0,52.8256855010986,0,0,0,0,8.74512393569106,0,0,0,0,0,0,0,0,11.1769441568293,14.1970786354755,0,0,3.87442179520925,0,0,0,0,0,0,0,0,0,0,0,0,0,0,0,0,0,60.5880126953125,49.1907763407326,45.3440573556083,39.3496730907543,0,26.8292223612467,51.957067489624,39.7196151560003,0,62.069013707778,0,0,0,0,0,7.81244574955532,0,0,0,0,0,0,0,55.1858773004441,50.2051364353725,0,0,0,0,0,0,0,0,0,0,0,0,0,0,53.1317834293141,50.6086559427196,60.2639942169189,48.4342356642632,11.5928333950239,3.53094540064848,42.0576998881805,0,33.5610203213162
28.334451675415,2.87181456883748,0,42.7040786743164,0,0,0,0,29.9853296279907,4.35095500946045,0,0,0,0,0,0,11.1769441568293,0,11.5387233036708,0,0,3.13347450723039,0,0,0,0,0,0,0,0,0,0,0,0,0,0,0,0,0,53.6685219698174,50.0721572611234,39.8738073494002,44.6454575978793,30.3913135528564,35.6223192214966,47.0477102472541,41.8763242868277,0,59.2091252396746,64.9899668012347,0,0,0,0,0,2.90282320976257,0,48.0909889221191,0,0,0,0,50.8049191023952,49.7555188630757,0,0,0,0,0,0,0,0,53.0707416534424,0,0,0,0,0,48.8386262647149,52.3811636140762,51.7712480325614,55.076518827869,12.1669661202371,3.82132169604301,41.2332168974249,34.3079147338867,38.7725338406033
5.0436882181894,0,53.4729258219401,34.7268821171352,0,0,0,0,8.06128697964682,3.75804757444482,0,0,0,0,0,0,14.1970786354755,11.5387233036708,0,0,0,0,0,4.8181676864624,0,0,0,0,0,0,0,0,0,0,0,0,0,48.8538551330566,0,38.3865802209263,37.9178031652183,25.8261165475035,31.2321482530007,13.9095975435697,15.1421155672807,28.9208498010992,32.0752993879471,54.8052787780762,43.6363268760134,49.9523387908936,0,0,0,0,6.39051882425944,0,0,36.3766768773397,0,0,0,0,32.0756858589479,38.4272678484823,0,0,0,0,0,0,0,0,41.0273635864258,51.8386910756429,0,0,0,0,34.1272236885446,37.1581506313736,38.8012475995539,39.7880541491391,11.6880690258544,0,26.6196558424165,20.2398000741616,23.1970571517944
0,0,0,12.0355129241943,0,4.34004148136486,0,3.37469935417175,0,0,0,3.77826179776873,0,0,0,0,0,0,0,0,0,0,0,0,0,0,0,0,0,0,0,0,0,0,0,3.77347973611531,0,3.91069218912536,0,21.3019561767578,0,0,0,0,0,0,0,0,0,0,0,4.54147329330444,0,0,0,0,0,3.85513232565168,0,0,0,0,4.05409904549607,0,0,0,0,0,0,0,0,0,0,0,0,0,0,0,3.53220639629011,26.8017950057983,4.74318479316948,0,5.43696811711193,0,4.45646486282349,0,0
0,0,9.70724182128906,0,3.9069062933993,0,3.38412268956502,0,0,0,3.26831498806195,0,0,0,0,0,0,0,0,0,0,0,0,0,0,0,0,0,0,0,0,0,0,0,0,0,3.26759156568274,0,3.87682095132612,0,0,0,0,0,0,0,0,0,0,0,4.45914510713107,0,0,0,0,0,5.47104798663746,0,6.52897787094116,0,0,0,0,3.33670651601889,0,0,0,0,0,0,0,0,0,0,0,0,0,0,0,3.6143192320011,0,5.93330970198609,3.82444959286822,0,3.94748507401882,0,0
0,0,0,0,0,0,0,0,0,0,0,0,0,0,0,0,3.87442179520925,3.13347450723039,0,0,0,0,5.24663861491048,3.07147107805525,0,4.32634751001994,0,2.97745389447493,0,0,0,0,0,0,0,0,0,4.20584113610223,0,0,0,0,0,0,0,0,0,0,0,4.78534441788991,0,0,0,0,0,0,0,0,0,0,0,0,0,0,4.15492293508354,6.46620470134899,2.93810455853702,0,4.70309023249069,0,3.16804945468903,0,0,0,0,0,0,0,0,0,4.88967290963909,0,4.47810147306916,4.92649414804247,0,0,0
0,0,0,0,0,0,0,0,0,0,0,0,0,0,0,0,0,0,0,0,0,5.24663861491048,0,0,3.21873029956111,0,0,0,3.08774163332016,0,0,0,0,0,0,0,0,16.7025932312012,4.58629442388303,0,0,0,0,0,0,0,0,0,4.3156030859266,18.7585887908936,0,0,0,0,0,0,0,0,0,0,0,0,0,0,5.16394958081011,4.0846944666746,0,3.67395141545464,0,0,0,3.71758126335096,0,0,0,0,0,0,0,0,17.9498943805695,3.90886658440575,5.06566848657422,4.70228564330416,0,0,0
0,0,0,0,0,0,0,0,0,5.76192303556175,0,0,0,0,0,0,0,0,4.8181676864624,0,0,3.07147107805525,0,0,0,3.73191567777677,0,0,0,0,0,0,0,9.7650506761339,0,0,0,5.96093835285732,0,0,0,10.7849007073571,0,0,0,0,0,12.9163427352905,0,4.41322944475257,0,0,0,0,0,5.15575289726257,0,0,0,0,0,0,0,0,3.96728193759918,0,3.3365079996776,0,3.98794384916715,0,0,0,26.2940368652344,0,0,0,10.113150869097,0,0,0,7.0867618590907,0,4.72209220951043,0,11.2543411254883,11.1119763586256,0
0,0,0,0,0,0,0,0,2.74717736244202,0,0,0,0,0,4.79874134063721,0,0,0,0,0,0,0,3.21873029956111,0,0,0,4.55953277311017,0,0,0,0,0,0,0,12.8051958084106,0,0,0,5.69895645597515,0,0,0,0,0,0,0,0,13.6971066086381,4.33918497254772,32.1024627685547,0,0,0,0,3.81827878952026,0,0,0,0,0,5.18761830670493,0,0,0,0,2.95607907683761,0,3.34979772424983,0,4.24537570631824,0,0,0,0,0,0,0,0,0,0,0,4.94962047436548,4.0690420729215,0,3.11239629983902,0,0
0,0,0,0,0,0,0,0,0,3.56039337875429,0,0,0,0,0,2.94832116365433,0,0,0,0,0,4.32634751001994,0,3.73191567777677,0,0,0,0,0,0,0,0,0,0,0,0,0,0,0,0,0,0,0,0,0,0,0,0,0,0,0,0,0,0,0,3.51121664047241,0,0,0,0,0,0,0,0,3.05074036121368,0,3.83380147286482,0,3.42148905065325,0,0,0,0,0,0,0,0,0,0,0,0,0,3.57309161844871,0,0,0,0
0,0,0,0,0,0,0,0,0,0,0,0,0,0,0,0,0,0,0,0,0,0,0,0,4.55953277311017,0,0,0,0,0,0,0,0,0,0,0,0,0,0,0,0,0,0,0,0,0,0,0,0,0,0,0,0,0,0,0,0,0,0,0,0,0,0,0,0,0,0,5.23260819911957,0,4.18468957680922,0,0,0,0,0,0,0,0,0,0,0,0,0,0,0,0,0
0,0,0,0,0,0,0,0,0,0,0,3.02294642304721,0,0,0,0,0,0,0,0,0,2.97745389447493,0,0,0,0,0,0,0,3.76682521818114,0,0,0,0,0,0,0,3.33161021291519,0,0,0,0,0,0,0,0,0,0,0,0,0,0,0,0,0,0,0,3.16686940193176,0,2.83590789635976,0,0,0,0,3.01230410734812,0,0,0,0,0,4.61389842868073,0,4.1051352695487,0,0,0,0,0,0,0,3.88705366698219,0,3.05563362439473,3.18224927248099,0,0,0
0,0,0,0,0,0,0,0,0,0,0,0,0,0,0,0,0,0,0,0,0,0,3.08774163332016,0,0,0,0,0,0,0,3.01933260758718,0,0,0,0,0,0,0,3.02023018033881,0,0,0,0,0,0,0,0,0,0,0,0,0,0,0,0,0,0,0,0,0,0,0,0,0,0,3.30097478031165,0,0,0,0,0,3.21641357253952,0,3.38057131478281,0,0,0,0,0,0,0,2.91735724608103,0,0,0,0,0
0,0,0,0,0,0,0,0,0,0,0,0,0,0,0,0,0,0,0,0,0,0,0,0,0,0,0,3.76682521818114,0,0,0,0,0,0,0,0,0,3.32388520240784,0,0,0,0,0,0,0,0,0,0,0,0,0,0,0,0,0,0,0,3.80202043757719,0,0,0,0,8.51672029495239,0,0,0,0,0,0,0,4.27506659643412,0,4.02717329557289,0,0,0,0,0,0,0,3.21296659111977,0,2.80412890116374,2.74870888392131,18.0937309265137,0,0
0,0,0,0,0,0,0,0,0,0,0,0,0,0,0,0,0,0,0,0,0,0,0,0,0,0,0,0,3.01933260758718,0,0,0,0,0,0,0,0,0,0,0,0,0,0,0,0,0,0,0,0,0,0,0,0,0,0,0,0,0,0,0,0,0,0,0,0,0,0,0,0,0,0,3.26313395952356,0,2.79694659569684,0,0,0,0,0,0,0,2.90662949085236,0,0,0,0,0
0,0,0,0,0,0,0,0,0,0,0,0,0,0,0,0,0,0,0,0,0,0,0,0,0,0,0,0,0,0,0,0,3.67967347843799,9.52121382100242,11.9478368364957,6.98866805326308,10.9131385295287,0,0,0,0,0,0,0,0,0,0,7.18166829170065,0,0,0,0,0,0,0,0,0,0,0,0,0,0,0,0,0,0,0,0,0,0,0,0,0,0,4.86862790420791,6.57880753029581,11.5360118595951,14.7105332690294,9.37194666059137,18.0571763188872,0,0,4.04577909970688,26.0463199615479,0,0,0
0,0,0,0,0,0,0,0,0,0,0,0,0,0,0,0,0,0,0,0,0,0,0,0,0,0,0,0,0,0,0,3.67967347843799,0,12.9157934005444,15.2724796025427,7.37946860790253,9.59787023230775,0,0,0,5.46664094924927,0,0,0,0,0,0,7.30294353311712,0,0,0,0,0,0,0,0,0,0,0,0,0,0,0,0,0,0,0,0,0,0,0,0,0,0,4.42304944478724,5.33926855271794,20.932377406529,15.673294985317,9.11660321553548,11.3917258390084,0,0,4.72244452537222,0,0,0,0
0,0,0,0,0,0,0,0,0,0,0,0,0,0,0,0,0,0,0,0,0,0,0,9.7650506761339,0,0,0,0,0,0,0,9.52121382100242,12.9157934005444,0,5.1035891091594,6.17992414107345,35.627874646868,4.13831215935784,6.72958855139904,0,0,0,0,0,0,0,0,4.67551298945229,14.2783102989197,6.6753798276186,0,0,0,0,0,0,0,0,0,0,0,0,0,0,0,0,11.8073588284579,0,0,0,0,0,0,0,25.5166542861041,19.3137331008911,4.12757108451913,9.4279124191585,15.3569550411042,0,3.74953575095147,16.3746311752884,4.44444270003757,10.0301050838383,11.1697812080383,0,0
0,0,0,0,0,0,0,0,0,0,0,0,0,0,0,0,0,0,0,0,0,0,0,0,12.8051958084106,0,0,0,0,0,0,11.9478368364957,15.2724796025427,5.1035891091594,0,40.4466781616211,17.7928139865398,7.58216505580478,9.15638612145963,0,0,21.1996212005615,0,0,0,0,0,5.66814501839819,9.56211392581463,17.2435096485618,0,0,0,0,20.0313854217529,0,0,0,0,0,0,0,0,0,0,0,0,14.2935953140259,0,0,38.8415660858154,0,30.6319969495138,0,6.05513392901811,15.201091896456,5.07710414358702,5.10332906061234,22.2597363398625,35.704731134268,21.9358827576601,7.70486538602699,5.97250328728216,12.8586542447408,17.2601781845093,0,0
0,0,0,6.51766538619995,0,4.45383893450101,0,0,0,0,0,3.42547468543053,0,0,0,0,0,0,0,3.77347973611531,0,0,0,0,0,0,0,0,0,0,0,6.98866805326308,7.37946860790253,6.17992414107345,40.4466781616211,0,4.20414771561558,3.49164958504865,0,16.5211723634413,9.40215213482196,30.2322402954102,0,0,0,7.02271075050036,0,20.4945545206636,0,18.1005732952538,0,11.0133158365885,0,0,0,0,0,3.63635383896206,0,0,0,0,3.88888529526251,0,0,0,0,0,0,0,0,0,0,0,5.09967326290078,14.9732095400492,12.4316470171954,46.8777689252581,4.39772943235368,8.8415072998477,3.60936106983413,0,3.9070323581025,4.0431576339258,13.8454972348123,0,0
0,0,11.7653393311934,0,9.2422933474831,0,0,0,0,0,4.37457949675882,0,0,0,0,0,0,0,0,0,3.26759156568274,0,0,0,0,0,0,0,0,0,0,10.9131385295287,9.59787023230775,35.627874646868,17.7928139865398,4.20414771561558,0,0,3.00950214722577,6.57552110787594,5.1384785691304,22.891077041626,44.2739143371582,0,0,0,16.1570934295654,7.57439961715748,12.5432919225385,13.414030109133,9.9611403853805,0,0,0,0,0,13.969030380249,0,11.0759928385417,0,0,0,0,4.03722620398291,0,0,0,0,0,0,0,0,0,0,6.73812214840842,13.3302407974892,39.9820310152494,12.6457942372802,5.39174876568975,4.2367054498681,0,0,3.50038221856509,3.59323111393047,13.7227857479682,0,0
0,0,0,25.5872840881348,0,29.9248371124268,0,0,0,0,0,3.85133501060547,0,0,0,0,0,0,48.8538551330566,3.91069218912536,0,4.20584113610223,16.7025932312012,5.96093835285732,0,0,0,3.33161021291519,0,3.32388520240784,0,0,0,4.13831215935784,7.58216505580478,3.49164958504865,0,0,3.36767794396066,0,0,10.5210582017899,0,23.0852680206299,0,12.6561148166656,0,4.5651590106851,0,5.87498405183856,0,0,0,0,0,0,0,3.91630509667732,0,0,0,0,5.66500811080477,0,4.68002782321652,17.6469881534576,8.06092684850568,0,0,0,4.2094710694777,0,3.82727563103964,0,36.0117416381836,0,4.50658373574953,9.64007568359375,5.03618251850902,0,4.40280866534166,6.24704003334045,3.91255291691002,3.19922521542967,9.59185593353735,0,0
0,0,0,46.7285423278809,0,0,0,0,6.87586689846856,0,4.76001366217565,0,0,0,0,0,0,0,0,0,3.87682095132612,0,4.58629442388303,0,5.69895645597515,0,0,0,3.02023018033881,0,0,0,0,6.72958855139904,9.15638612145963,0,3.00950214722577,3.36767794396066,0,0,0,20.8634986877441,6.07677927970886,0,0,0,0,4.58067343871,7.38992047497115,21.0090642075439,0,0,0,0,7.67088893688086,0,2.80979681015015,0,0,0,0,0,0,4.71328837472482,0,5.63608467120391,0,9.15200058215964,0,0,0,2.96747289763557,0,2.77414026260376,0,0,14.2393252508981,7.30026094118754,0,4.21479815106059,19.1072561385784,4.57632449307523,4.71153242598961,5.56787220637004,7.12155516581102,0,11.1781225204468
0,0,0,29.411327098978,0,32.4279289245605,0,0,0,0,0,0,0,0,0,0,60.5880126953125,53.6685219698174,38.3865802209263,21.3019561767578,0,0,0,0,0,0,0,0,0,0,0,0,0,0,0,16.5211723634413,6.57552110787594,0,0,0,55.3689980073409,25.8192573618154,56.8485882098858,28.4989600711399,0,9.94314247941318,41.2123285929362,5.69137815978583,66.7861419677734,9.83578114286314,0,0,0,0,0,0,0,42.5615210325822,0,0,0,0,11.4389542282149,57.8456411361694,0,0,0,0,0,0,0,0,33.5870701471964,0,0,0,0,0,10.4194310595503,16.724688630355,29.7483241169952,68.1951894760132,23.3315026490919,0,21.7363989888223,39.6930447868679,0
25.2293443118825,0,27.7119854894178,0,0,0,0,0,0,0,0,0,0,0,0,0,49.1907763407326,50.0721572611234,37.9178031652183,0,0,0,0,0,0,0,0,0,0,0,0,0,5.46664094924927,0,0,9.40215213482196,5.1384785691304,0,0,55.3689980073409,0,55.9744867960612,22.1292555931084,0,23.4144366437739,52.9358659362793,19.6611465819391,5.32325984131206,12.998608347407,0,0,0,0,0,0,0,29.5449701036726,66.4476013183594,35.1875495910645,0,0,0,57.5526419014766,10.8962493252754,0,0,0,0,0,0,0,0,64.2532806396484,47.3043098449707,0,0,0,0,56.1518603548592,9.64982265365821,67.7574411119733,18.1505280471794,29.3852171246753,0,24.6527007549707,48.1439844767253,34.1645621640967
0,13.2795197696576,0,22.7330646323733,0,30.7070215543111,0,0,0,5.98506021699986,0,27.0515937805176,0,0,0,0,45.3440573556083,39.8738073494002,25.8261165475035,0,0,0,0,10.7849007073571,0,0,0,0,0,0,0,0,0,0,21.1996212005615,30.2322402954102,22.891077041626,10.5210582017899,20.8634986877441,25.8192573618154,55.9744867960612,0,12.4259166739008,34.182156085968,21.265287399292,22.7253561174715,35.1366128921509,13.7012003865735,20.6406083106995,16.3711892087192,0,31.1847095489502,0,0,0,3.43491715192795,0,16.267170756865,0,0,0,0,26.1441911450815,46.5683199564616,0,0,8.22173750400543,0,0,0,0,0,15.1160849852214,0,0,0,0,31.3168618338449,23.913514905011,59.8347496032715,20.7958568480719,52.6863791942596,11.9279949503595,0,17.1692762548588,10.8818778742046,0
10.7635543563149,0,26.5528124968211,0,0,0,0,0,7.86463384098477,0,0,0,0,0,0,0,39.3496730907543,44.6454575978793,31.2321482530007,0,0,0,0,0,0,0,0,0,0,0,0,0,0,0,0,0,44.2739143371582,0,6.07677927970886,56.8485882098858,22.1292555931084,12.4259166739008,0,0,22.0073739307027,44.9671230316162,26.1278574460876,16.2350226749073,16.1481738398688,34.5232124328613,0,0,0,0,10.1881203651428,0,45.6588315963745,0,47.0965805053711,0,0,0,52.5942302703857,29.3894037268628,0,0,0,0,0,0,0,0,48.1616115570068,12.6620195273197,0,0,0,15.5777912139893,52.3908840982537,30.3711422832734,48.2492585615678,17.5811816914247,12.3296041086932,0,15.3330559096759,24.2050342559814,7.69488079106366
0,0,0,0,0,0,0,0,0,0,0,0,0,0,0,0,0,30.3913135528564,13.9095975435697,0,0,0,0,0,0,0,0,0,0,0,0,0,0,0,0,0,0,23.0852680206299,0,28.4989600711399,0,34.182156085968,0,0,0,26.464967250824,0,0,0,37.4986343383789,0,0,0,0,0,0,0,0,0,0,0,0,27.1371414396498,0,0,0,0,0,0,0,0,0,40.1112823486328,0,0,0,0,0,23.7332905578613,0,22.0946535074486,0,10.6705392837524,0,15.4992973045869,46.9191970825195,0
0,0,18.7234134674072,0,0,0,0,0,0,0,0,0,0,0,0,0,26.8292223612467,35.6223192214966,15.1421155672807,0,0,0,0,0,0,0,0,0,0,0,0,0,0,0,0,0,0,0,0,0,23.4144366437739,21.265287399292,22.0073739307027,0,0,0,9.28365882237752,0,30.2981943488121,0,0,0,0,0,0,0,0,0,0,0,0,0,40.2062644958496,25.1287879943848,0,0,0,0,0,0,0,0,0,0,0,0,0,0,46.9189186096191,27.0195677810245,42.6929244995117,24.3924376169841,24.1376667022705,0,19.3230458100637,0,0
0,36.536304473877,0,17.2833315258934,0,25.6904324425591,0,0,0,0,0,0,0,0,0,0,51.957067489624,47.0477102472541,28.9208498010992,0,0,0,0,0,0,0,0,0,0,0,0,0,0,0,0,7.02271075050036,0,12.6561148166656,0,9.94314247941318,52.9358659362793,22.7253561174715,44.9671230316162,26.464967250824,0,0,42.0236248016357,0,62.8501688639323,33.3761459290981,0,25.5046463012695,0,0,0,0,0,31.341391881307,0,0,0,0,10.6458018861536,57.1560382843018,0,0,0,0,0,0,0,0,32.3648390047478,0,0,0,0,0,14.0029433253687,59.0950860243577,24.5259830454057,55.9770221710205,17.187125805031,10.143406867981,17.0551648329402,35.4914214190315,0
0,0,7.64117181706591,36.770923614502,11.2272857030233,0,0,0,14.1158895492554,0,0,0,0,0,0,0,39.7196151560003,41.8763242868277,32.0752993879471,0,0,0,0,0,0,0,0,0,0,0,0,0,0,0,0,0,16.1570934295654,0,0,41.2123285929362,19.6611465819391,35.1366128921509,26.1278574460876,0,9.28365882237752,42.0236248016357,0,33.4831962585449,24.5469067707535,20.5737323760986,0,0,0,0,0,0,12.983692577907,41.9608917236328,12.1559896469116,0,0,0,39.0237668355306,8.09226910569775,0,0,0,0,0,0,0,0,0,23.190419783959,0,0,0,0,50.8783378601074,16.912108743559,47.7334251403809,17.1362876055533,15.216379709022,0,8.79994283042047,0,56.7214380900065
0,0,0,0,0,0,0,0,13.1415827274323,0,0,0,0,0,0,0,0,0,54.8052787780762,0,0,0,0,12.9163427352905,13.6971066086381,0,0,0,0,0,0,7.18166829170065,7.30294353311712,4.67551298945229,5.66814501839819,20.4945545206636,7.57439961715748,4.5651590106851,4.58067343871,5.69137815978583,5.32325984131206,13.7012003865735,16.2350226749073,0,0,0,33.4831962585449,0,9.61400031166515,8.62760094983061,0,0,0,0,16.8404934141371,0,0,0,0,0,0,0,38.175708770752,0,0,0,12.881687074735,14.1494648951405,0,0,0,0,26.0656583309174,0,9.5274547254692,4.10325409664827,6.1413999059156,10.2572134517901,9.03732575258286,7.7170418917528,13.7619198605191,14.167068738962,6.61061436231895,10.1713282040187,8.86639513853924,0,49.830249786377
4.68584016145454,0,5.99145908969188,0,13.8393970489502,0,0,0,7.41306316450741,0,0,0,0,0,0,0,62.069013707778,59.2091252396746,43.6363268760134,0,0,0,4.3156030859266,0,4.33918497254772,0,0,0,0,0,0,0,0,14.2783102989197,9.56211392581463,0,12.5432919225385,0,7.38992047497115,66.7861419677734,12.998608347407,20.6406083106995,16.1481738398688,0,30.2981943488121,62.8501688639323,24.5469067707535,9.61400031166515,0,14.2059293851215,0,0,0,0,6.1296823689195,0,4.5540659683795,0,3.2698450088501,0,3.58637145019713,0,71.3361640930176,42.387133026123,0,3.33571808639614,0,3.88203397300673,0,3.07713015015061,0,2.96521209404532,38.8792098999023,6.30679169297218,0,0,15.2254168192546,6.6213043741433,46.3692041397095,17.4727426528931,25.7632765408003,7.21526017719839,14.4526070754472,0,15.5573793407458,0,32.6656854266212
0,5.71355945383743,39.7664070129395,6.79748949909411,0,14.3154396692912,0,0,0,5.47971356497871,0,35.7939300537109,0,0,0,0,0,64.9899668012347,49.9523387908936,0,0,4.78534441788991,18.7585887908936,4.41322944475257,32.1024627685547,0,0,0,0,0,0,0,0,6.6753798276186,17.2435096485618,18.1005732952538,13.414030109133,5.87498405183856,21.0090642075439,9.83578114286314,0,16.3711892087192,34.5232124328613,37.4986343383789,0,33.3761459290981,20.5737323760986,8.62760094983061,14.2059293851215,0,0,8.06835405450118,0,0,0,6.26655027721867,0,14.8066462811003,0,0,0,0,39.3468521903543,0,4.58459312505852,0,6.12540161700649,28.5454082489014,0,0,16.6059799194336,0,16.3077341513847,0,28.7895233154297,0,6.77728092259374,18.993722597758,8.04144109414156,13.7889165878296,7.2509277374773,24.7410163999354,11.6300054342597,0,13.2809048758035,44.5133635838827,0
0,0,3.36882174015045,0,3.11046836664388,0,0,0,3.68796694278717,0,0,0,0,0,0,0,0,0,0,0,4.45914510713107,0,0,0,0,0,0,0,0,0,0,0,0,0,0,0,9.9611403853805,0,0,0,0,0,0,0,0,0,0,0,0,0,0,0,0,0,4.00398063659668,0,0,0,0,0,0,0,0,7.68537903965722,0,0,0,0,0,0,0,0,0,0,0,0,0,0,0,14.3885919983323,0,0,6.66972715854645,0,4.65979468304178,0,0
0,10.4328377063458,0,7.05291634559631,0,3.48291717370351,0,0,0,7.27752049763997,0,0,0,0,0,0,0,0,0,4.54147329330444,0,0,0,0,0,0,0,0,0,0,0,0,0,0,0,11.0133158365885,0,0,0,0,0,31.1847095489502,0,0,0,25.5046463012695,0,0,0,8.06835405450118,0,0,0,0,0,5.28840199383822,0,10.7613366200374,0,3.1502890586853,0,4.80986138752529,12.2526381492615,0,0,0,0,0,0,0,0,0,31.9914226531982,0,0,0,0,0,31.5938000679016,0,32.1749273935954,0,8.23248079844883,0,5.6953137066687,24.8305959701538,0
0,0,0,0,0,0,0,0,0,0,0,0,0,0,0,0,0,0,0,0,0,0,0,0,0,0,0,0,0,0,0,0,0,0,0,0,0,0,0,0,0,0,0,0,0,0,0,0,0,0,0,0,0,0,0,0,0,0,0,0,0,0,0,0,0,0,0,0,0,0,0,0,0,0,0,0,0,0,0,0,0,0,0,0,0,0,0
0,0,0,0,0,0,0,2.94961857795715,0,0,0,0,0,0,0,0,0,0,0,0,0,0,0,0,0,0,0,0,0,0,0,0,0,0,0,0,0,0,0,0,0,0,0,0,0,0,0,0,0,0,0,0,0,0,0,0,0,0,0,0,0,0,0,0,0,0,0,0,0,0,0,0,0,0,0,0,0,0,0,0,0,0,3.09598834788213,0,0,0,0
4.22376681384394,0,4.66394345873878,0,3.0255436528989,0,0,0,3.67156933822092,0,0,0,0,0,3.42829338709513,0,7.81244574955532,0,6.39051882425944,0,0,0,0,0,3.81827878952026,0,0,0,0,0,0,0,0,0,20.0313854217529,0,0,0,7.67088893688086,0,0,0,10.1881203651428,0,0,0,0,16.8404934141371,6.1296823689195,0,4.00398063659668,0,0,0,0,0,0,0,0,0,3.25532473784227,0,0,0,0,0,0,4.21702242031526,0,0,0,0,0,0,0,0,0,0,0,0,45.2917900085449,6.12159802276513,6.73243287631444,0,7.78430577022273,0,0
0,5.50743934979577,0,5.98665848749127,0,5.94557124918157,0,0,0,4.67307254655475,0,0,0,0,0,3.77909303665161,0,2.90282320976257,0,0,0,0,0,5.15575289726257,0,3.51121664047241,0,0,0,0,0,0,0,0,0,0,0,0,0,0,0,3.43491715192795,0,0,0,0,0,0,0,6.26655027721867,0,5.28840199383822,0,0,0,0,0,10.3091911077499,0,3.68051445484161,0,6.78711829410477,0,0,0,0,9.50871890051323,0,5.02309792041779,0,0,0,33.2253456115723,0,0,0,12.6610450744629,0,0,0,0,0,3.57925845846275,0,8.28199038155993,0,0
0,0,9.83902854919434,0,11.4655187606812,0,0,0,0,0,2.94571357688668,0,3.36417776962806,0,3.36807799339294,0,0,0,0,0,5.47104798663746,0,0,0,0,0,0,0,0,0,0,0,0,0,0,0,13.969030380249,0,2.80979681015015,0,29.5449701036726,0,45.6588315963745,0,0,0,12.983692577907,0,4.5540659683795,0,0,0,0,0,0,0,0,0,6.29758290562706,0,6.3768725314578,0,0,8.46045074121354,0,0,0,0,0,0,0,0,0,6.21450467173753,0,0,0,0,0,15.5726117537783,0,9.23883545139562,5.39877817863809,0,6.06962162141617,0,68.2969055175781
0,25.0332995823451,0,12.5316557101349,0,9.87147583221567,0,0,0,0,0,3.80025140541629,0,3.57499170303345,0,0,0,48.0909889221191,36.3766768773397,3.85513232565168,0,0,0,0,0,0,0,3.16686940193176,0,3.80202043757719,0,0,0,0,0,3.63635383896206,0,3.91630509667732,0,42.5615210325822,66.4476013183594,16.267170756865,0,0,0,31.341391881307,41.9608917236328,0,0,14.8066462811003,0,10.7613366200374,0,0,0,10.3091911077499,0,0,0,6.01530565935023,0,11.0261840290493,9.14410718536603,0,0,0,0,0,0,0,7.84805727005005,0,7.54288555794026,0,0,0,0,43.4487419128418,15.571493142611,0,9.34557790437955,0,8.25585084933474,0,10.061442742837,10.7443775169609,0
0,0,0,0,4.22250699996948,0,0,0,0,0,3.48072461648421,0,3.2863242382353,0,4.12923928101857,0,0,0,0,0,6.52897787094116,0,0,0,0,0,0,0,0,0,0,0,0,0,0,0,11.0759928385417,0,0,0,35.1875495910645,0,47.0965805053711,0,0,0,12.1559896469116,0,3.2698450088501,0,0,0,0,0,0,0,6.29758290562706,0,0,0,4.02992928862572,0,0,10.0993168105682,0,0,0,0,0,0,0,2.91424825754059,0,0,0,0,0,0,0,16.259108417439,0,0,13.3052253723145,0,8.34619133589698,0,0
0,5.22152185440063,0,5.08967421131749,0,3.58161199092865,0,3.17590308189392,0,0,0,3.54784371240072,0,3.7590150700059,0,6.68206403093431,0,0,0,0,0,0,0,0,0,0,0,2.83590789635976,0,0,0,0,0,0,0,0,0,0,0,0,0,0,0,0,0,0,0,0,0,0,0,3.1502890586853,0,0,0,3.68051445484161,0,6.01530565935023,0,0,0,5.19094463437796,0,0,0,0,0,0,0,0,0,0,0,0,0,0,0,0,0,0,0,0,3.25703762038245,0,5.89221444129944,0,0
2.98927826881409,0,0,0,3.41517228881518,0,0,0,0,0,0,0,3.14156423674689,0,3.74878050789001,0,0,0,0,0,0,0,0,0,5.18761830670493,0,0,0,0,0,0,0,0,0,0,0,0,0,0,0,0,0,0,0,0,0,0,0,3.58637145019713,0,0,0,0,0,3.25532473784227,0,6.3768725314578,0,4.02992928862572,0,0,0,0,0,0,0,0,4.78711422797172,0,3.57207919433054,0,0,0,0,0,0,0,0,0,0,0,0,0,0,6.94705172379812,0,0
0,7.95673242452982,0,5.79751466628044,0,5.2549341917038,0,0,0,4.27244215607643,0,0,0,3.3962622621785,0,3.66105962500853,0,0,0,0,0,0,0,0,0,0,0,0,0,0,0,0,0,0,0,0,0,0,0,0,0,0,0,0,0,0,0,0,0,0,0,4.80986138752529,0,0,0,6.78711829410477,0,11.0261840290493,0,5.19094463437796,0,0,0,0,0,0,15.2143616676331,0,0,0,0,0,0,0,0,0,0,0,0,0,0,0,4.65334661801656,0,13.1879048347473,0,0
0,0,0,20.4509378964784,0,15.5772947788239,0,0,0,18.9631729125977,0,6.0862820489066,0,0,0,0,55.1858773004441,50.8049191023952,32.0756858589479,4.05409904549607,0,0,0,0,0,0,0,0,0,8.51672029495239,0,0,0,0,0,3.88888529526251,0,5.66500811080477,0,11.4389542282149,57.5526419014766,26.1441911450815,52.5942302703857,27.1371414396498,40.2062644958496,10.6458018861536,39.0237668355306,38.175708770752,71.3361640930176,39.3468521903543,0,12.2526381492615,0,0,0,0,0,9.14410718536603,0,0,0,0,0,61.3515243530273,0,0,0,0,0,0,0,0,11.6715398224115,0,0,0,0,0,7.40711742333789,59.4487324714661,9.04342945119276,66.2745105198452,17.1203960200274,0,19.763715420715,36.7613223598849,0
24.9987449645996,0,10.6276178614525,0,7.61608206503319,0,0,0,16.4604490453547,0,3.65698262397222,0,0,0,0,0,50.2051364353725,49.7555188630757,38.4272678484823,0,3.33670651601889,0,0,0,0,0,0,0,0,0,0,0,0,0,0,0,4.03722620398291,0,4.71328837472482,57.8456411361694,10.8962493252754,46.5683199564616,29.3894037268628,0,25.1287879943848,57.1560382843018,8.09226910569775,0,42.387133026123,0,7.68537903965722,0,0,0,0,0,8.46045074121354,0,10.0993168105682,0,0,0,61.3515243530273,0,0,0,0,0,0,0,0,0,0,15.9783405874982,0,0,0,0,58.9118110656738,10.6210062839932,67.3129425048828,13.0161388245983,10.6499653995091,0,9.34237063058114,0,38.7447490692139
0,0,0,0,0,0,0,0,0,0,0,0,0,0,0,0,0,0,0,0,0,4.15492293508354,5.16394958081011,3.96728193759918,0,3.05074036121368,0,3.01230410734812,0,0,0,0,0,0,0,0,0,4.68002782321652,0,0,0,0,0,0,0,0,0,0,0,4.58459312505852,0,0,0,0,0,0,0,0,0,0,0,0,0,0,0,7.36738229974524,2.83703031323173,0,4.52777537432584,0,0,0,0,0,0,0,0,0,0,0,5.36018056816262,0,4.10864443226758,5.15101826190948,0,0,0
0,0,0,0,0,0,0,0,0,0,0,0,0,0,0,0,0,0,0,0,0,6.46620470134899,4.0846944666746,0,2.95607907683761,0,0,0,3.30097478031165,0,0,0,0,0,0,0,0,17.6469881534576,5.63608467120391,0,0,0,0,0,0,0,0,0,3.33571808639614,0,0,0,0,0,0,0,0,0,0,0,0,0,0,0,7.36738229974524,0,0,3.36308722699707,0,3.66181420407644,0,4.46696046269688,0,0,0,0,0,0,0,0,19.1939709981283,3.34744743102698,4.49778054198739,4.28931397458781,0,0,0
0,4.7315305037932,0,0,0,0,0,0,0,6.10590457552262,0,0,0,0,0,12.7031145095825,0,0,0,0,0,2.93810455853702,0,3.3365079996776,0,3.83380147286482,0,0,0,0,0,0,0,11.8073588284579,0,0,0,8.06092684850568,0,0,0,8.22173750400543,0,0,0,0,0,12.881687074735,0,6.12540161700649,0,0,0,0,0,9.50871890051323,0,0,0,0,0,15.2143616676331,0,0,2.83703031323173,0,0,0,5.52151793783361,0,0,0,0,0,0,0,11.7187914034215,0,0,0,8.54392713969285,0,6.87311893146044,0,6.8010309709751,10.223387336731,0
6.94534921646118,0,0,0,0,0,0,0,3.5666900454906,0,0,0,0,0,5.9239989194003,0,0,0,0,0,0,0,3.67395141545464,0,3.34979772424983,0,5.23260819911957,0,0,0,0,0,0,0,14.2935953140259,0,0,0,9.15200058215964,0,0,0,0,0,0,0,0,14.1494648951405,3.88203397300673,28.5454082489014,0,0,0,0,4.21702242031526,0,0,0,0,0,4.78711422797172,0,0,0,0,3.36308722699707,0,0,0,4.30996984116575,0,0,0,0,0,0,0,0,0,0,41.8469867706299,6.14968818204379,8.82559403351375,0,4.16997207800547,0,0
0,0,0,0,0,0,0,0,0,4.57296451568604,0,0,0,0,0,3.63506341262682,0,0,0,0,0,4.70309023249069,0,3.98794384916715,0,3.42148905065325,0,0,0,0,0,0,0,0,0,0,0,0,0,0,0,0,0,0,0,0,0,0,0,0,0,0,0,0,0,5.02309792041779,0,0,0,0,0,0,0,0,4.52777537432584,0,5.52151793783361,0,0,0,0,0,0,0,0,0,0,0,0,0,0,0,3.9637261781038,0,0,0,0
0,0,0,0,0,0,0,0,0,0,0,0,0,0,4.47393669684728,0,0,0,0,0,0,0,0,0,4.24537570631824,0,4.18468957680922,0,0,0,0,0,0,0,0,0,0,0,0,0,0,0,0,0,0,0,0,0,3.07713015015061,0,0,0,0,0,0,0,0,0,0,0,3.57207919433054,0,0,0,0,3.66181420407644,0,4.30996984116575,0,0,0,3.27096456917905,0,0,0,0,0,0,0,0,0,0,0,0,0,0,0
0,0,0,0,0,0,0,0,0,0,0,3.56078816919911,0,3.15434074401855,0,0,0,0,0,0,0,3.16804945468903,0,0,0,0,0,4.61389842868073,0,4.27506659643412,0,0,0,0,38.8415660858154,0,0,4.2094710694777,0,0,0,0,0,0,0,0,0,0,0,16.6059799194336,0,0,0,0,0,0,0,7.84805727005005,0,0,0,0,0,0,0,0,0,0,0,0,0,0,4.13322622578843,0,0,0,0,0,0,0,6.45553902413348,0,2.93965586463975,2.98779421157025,15.8672428131104,0,0
0,0,0,0,0,0,0,0,0,0,3.07636789842085,0,3.14737470658099,0,0,0,0,0,0,0,0,0,3.71758126335096,0,0,0,0,0,3.21641357253952,0,3.26313395952356,0,0,0,0,0,0,0,2.96747289763557,0,0,0,0,0,0,0,0,0,2.96521209404532,0,0,0,0,0,0,0,0,0,2.91424825754059,0,0,0,0,0,0,4.46696046269688,0,0,0,3.27096456917905,0,0,0,4.57192236185074,0,0,0,0,0,0,0,0,0,0,0,0,0
0,26.2409847804478,0,22.834330368042,0,29.5026277542114,0,0,0,24.5951972007751,0,15.3261992931366,0,0,0,0,0,53.0707416534424,41.0273635864258,0,0,0,0,26.2940368652344,0,0,0,4.1051352695487,0,4.02717329557289,0,0,0,0,30.6319969495138,0,0,3.82727563103964,0,33.5870701471964,64.2532806396484,15.1160849852214,48.1616115570068,40.1112823486328,0,32.3648390047478,0,26.0656583309174,38.8792098999023,16.3077341513847,0,31.9914226531982,0,0,0,33.2253456115723,0,7.54288555794026,0,0,0,0,11.6715398224115,0,0,0,0,0,0,0,4.13322622578843,0,0,0,0,0,0,33.0021671295166,35.4954654440588,60.8218193054199,5.3324368181363,38.9050407409668,26.8734006596183,0,13.9300722654294,13.975220636888,0
0,0,0,0,0,0,0,0,0,0,0,0,0,0,0,0,0,0,51.8386910756429,0,0,0,0,0,0,0,0,0,3.38057131478281,0,2.79694659569684,0,0,0,0,0,0,0,2.77414026260376,0,47.3043098449707,0,12.6620195273197,0,0,0,23.190419783959,0,6.30679169297218,0,0,0,0,0,0,0,6.21450467173753,0,0,0,0,0,0,15.9783405874982,0,0,0,0,0,0,0,4.57192236185074,0,0,0,0,0,0,0,39.6017112731934,0,5.0542992022826,6.23489699098799,0,12.0935349785796,0,13.2541823387146
0,0,0,0,0,0,0,0,0,0,0,0,0,0,0,0,0,0,0,0,0,0,0,0,0,0,0,0,0,0,0,4.86862790420791,4.42304944478724,25.5166542861041,6.05513392901811,5.09967326290078,6.73812214840842,36.0117416381836,0,0,0,0,0,0,0,0,0,9.5274547254692,0,28.7895233154297,0,0,0,0,0,0,0,0,0,0,0,0,0,0,0,0,0,0,0,0,0,0,0,0,0,5.03261418903575,16.0013238126216,27.135703491128,13.785812962933,12.5939526711741,28.7880181630452,0,4.17952400587181,0,0,0,0
0,0,0,0,0,0,0,0,0,0,0,0,0,0,0,0,0,0,0,0,0,0,0,0,0,0,0,0,0,0,0,6.57880753029581,5.33926855271794,19.3137331008911,15.201091896456,14.9732095400492,13.3302407974892,0,0,0,0,0,0,0,0,0,0,4.10325409664827,0,0,0,0,0,0,0,0,0,0,0,0,0,0,0,0,0,0,0,0,0,0,0,0,0,0,5.03261418903575,0,24.8037033081055,16.037245674675,0,8.19106108265255,0,0,6.64524839474605,33.8410224914551,0,0,0
0,0,0,0,0,0,0,0,0,0,0,0,0,0,0,0,0,0,0,0,0,0,0,10.113150869097,0,0,0,0,0,0,0,11.5360118595951,20.932377406529,4.12757108451913,5.07710414358702,12.4316470171954,39.9820310152494,4.50658373574953,14.2393252508981,0,0,0,0,0,0,0,0,6.1413999059156,15.2254168192546,6.77728092259374,0,0,0,0,0,12.6610450744629,0,0,0,0,0,0,0,0,0,0,11.7187914034215,0,0,0,0,0,0,0,16.0013238126216,24.8037033081055,0,14.2475981819416,30.354251059824,43.5064375741141,4.76259706834119,20.7063301349508,4.07545181389513,12.5957408676977,0,0,0
0,0,0,0,0,0,0,0,0,0,0,0,0,0,0,0,0,0,0,0,0,0,0,0,0,0,0,0,0,0,0,14.7105332690294,15.673294985317,9.4279124191585,5.10332906061234,46.8777689252581,12.6457942372802,9.64007568359375,7.30026094118754,0,0,31.3168618338449,15.5777912139893,0,0,0,0,10.2572134517901,6.6213043741433,18.993722597758,0,0,0,0,0,0,0,43.4487419128418,0,0,0,0,0,0,0,0,0,0,0,0,0,0,33.0021671295166,0,27.135703491128,16.037245674675,14.2475981819416,0,24.8064942802025,36.521002202323,21.788390031763,7.53507770362321,4.42458369645728,12.078010559082,29.4346863428752,46.9408473968506,0
0,0,0,26.3424732868488,0,29.7381603717804,0,0,0,32.4447326660156,0,7.85617836316427,0,0,0,0,53.1317834293141,48.8386262647149,34.1272236885446,3.53220639629011,0,0,0,0,0,0,0,0,0,0,0,9.37194666059137,9.11660321553548,15.3569550411042,22.2597363398625,4.39772943235368,5.39174876568975,5.03618251850902,0,10.4194310595503,56.1518603548592,23.913514905011,52.3908840982537,23.7332905578613,46.9189186096191,14.0029433253687,50.8783378601074,9.03732575258286,46.3692041397095,8.04144109414156,0,31.5938000679016,0,0,0,0,0,15.571493142611,0,0,0,0,7.40711742333789,58.9118110656738,0,0,0,0,0,0,0,0,35.4954654440588,0,13.785812962933,0,30.354251059824,24.8064942802025,0,13.0507737697375,22.3481215769793,68.5803580284119,6.81695688191187,4.34643278450801,21.4707527690304,28.5670316878785,0
26.8114177949967,0,15.9360605947087,47.9073104858398,15.4962997436523,0,0,0,33.9533491134644,0,5.2705640065468,0,0,0,0,0,50.6086559427196,52.3811636140762,37.1581506313736,26.8017950057983,3.6143192320011,0,0,0,0,0,0,0,0,0,0,18.0571763188872,11.3917258390084,0,35.704731134268,8.8415072998477,4.2367054498681,0,4.21479815106059,16.724688630355,9.64982265365821,59.8347496032715,30.3711422832734,0,27.0195677810245,59.0950860243577,16.912108743559,7.7170418917528,17.4727426528931,13.7889165878296,14.3885919983323,0,0,0,0,0,15.5726117537783,0,16.259108417439,0,0,0,59.4487324714661,10.6210062839932,0,0,0,0,0,0,0,0,60.8218193054199,39.6017112731934,12.5939526711741,8.19106108265255,43.5064375741141,36.521002202323,13.0507737697375,0,74.0023324754503,12.2824238051756,11.0177701922725,3.52629891037941,19.3006196978361,0,32.5397607629949
0,27.5059490203857,67.4010848999023,27.4555436336633,0,31.7338621351454,0,0,0,29.5470258712769,0,3.59580921561233,0,0,0,0,60.2639942169189,51.7712480325614,38.8012475995539,4.74318479316948,0,4.88967290963909,17.9498943805695,7.0867618590907,0,0,0,3.88705366698219,0,3.21296659111977,0,0,0,3.74953575095147,21.9358827576601,3.60936106983413,0,4.40280866534166,19.1072561385784,29.7483241169952,67.7574411119733,20.7958568480719,48.2492585615678,22.0946535074486,42.6929244995117,24.5259830454057,47.7334251403809,13.7619198605191,25.7632765408003,7.2509277374773,0,32.1749273935954,0,0,45.2917900085449,0,0,9.34557790437955,0,0,0,0,9.04342945119276,67.3129425048828,5.36018056816262,19.1939709981283,8.54392713969285,41.8469867706299,0,0,6.45553902413348,0,5.3324368181363,0,28.7880181630452,0,4.76259706834119,21.788390031763,22.3481215769793,74.0023324754503,0,29.7745521206122,6.63776239121641,4.1655539051517,19.2134240642781,19.1900493786714,0
28.867874622345,0,38.5426864624023,0,0,0,0,0,5.7600881156101,0,7.54702891243829,0,0,0,0,0,48.4342356642632,55.076518827869,39.7880541491391,0,5.93330970198609,0,3.90886658440575,0,4.94962047436548,0,0,0,2.91735724608103,0,2.90662949085236,0,0,16.3746311752884,7.70486538602699,0,0,6.24704003334045,4.57632449307523,68.1951894760132,18.1505280471794,52.6863791942596,17.5811816914247,0,24.3924376169841,55.9770221710205,17.1362876055533,14.167068738962,7.21526017719839,24.7410163999354,0,0,0,0,6.12159802276513,0,9.23883545139562,0,0,0,0,0,66.2745105198452,13.0161388245983,0,3.34744743102698,0,6.14968818204379,0,0,0,0,38.9050407409668,5.0542992022826,0,0,20.7063301349508,7.53507770362321,68.5803580284119,12.2824238051756,29.7745521206122,0,6.25135504761885,0,11.9356288904365,53.5130195617676,19.4298079870537
