0,0,13.0632708668709,0,0,0,0,0,341.137230604887,0,0,0,0,0,0,0,13.6916847527027,6.72962474822998,95.8505725115538,0,0,0,0,0,0,0,0,0,0,0,0,0,0,0,0,0,0,0,0,0,3.32309091091156,0.81685471534729,70.4519961774349,0,0,0,0,0,126.77442638576,0,0,0,0,0,363.588771253824,0,16.9596562385559,0,1.35464549064636,0,31.4583382606506,0,0,0,0,0,0,0,0,0,0,0,0,0,0,0,0,0,1.31190650165081,0,0,0,91.0875682234764,0,275.328968569636,0,0.579121917486191
0,0,0,21.3456500470638,0,0.879144608974457,0,0,0,92.5799563229084,0,0,0,0,0,3.76487529277802,1.42720103263855,0,36.1552150994539,0,0,0,0,0,0,0,0,0,0,0,0,0,0,0,0,0,0,0,0,0,0,204.274173885584,0,0,0,0,0,0,0,43.8308910280466,0,0,0,0,0,48.6167193651199,0,4.67238515615463,0,1.883504986763,0,46.9410673081875,0,0,0,0,0,0,0,0,0,0,0,0,0,0,0,0,4.28241848945618,0.179331928491592,0,0,31.685130879283,0,312.245235845447,0,0
13.0632708668709,0,0,29.7962856292725,208.045417308807,0,0,0,50.0858080387115,0,0,0,0,0,0,0,2.26316148042679,2.96753394603729,2.66993150115013,0,0.306297093629837,0,0,0,0,0,0,0,0,0,0,0,0,0,0,0,20.9370212107897,0,0,0,14.4637693464756,1.44757381081581,65.4525407627225,0,3.08805540204048,0,28.0032099112868,0,115.952288649976,0,52.3080693185329,0,0,0,60.8310742378235,0,3.83103285729885,18.4125689417124,0,0,9.56712156534195,2.9751284122467,0,8.87746535241604,0,0,0,0,0,0,0,0,0,0,0,0,0,0,24.7209143936634,26.5157626643777,0,0,25.7319904267788,1.92337071895599,840.705897815526,0.668516635894775,60.0146190077066
0,21.3456500470638,29.7962856292725,0,0.137132331728935,101.233138382435,0,0,0,118.597274273634,0,0.632071107625961,0,0,0,3.68383949995041,0.217064946889877,0,4.96602073311806,3.14268171787262,0,0,0,0,0,0,0,0,0,0,0,0,0,0,0,15.5368856713176,0,2.11468327045441,0,48.6440237015486,0,144.91556276381,0,0,0,12.9118002131581,0.791497468948364,0,0,51.138803511858,0,33.6124165058136,0,0,0,163.904688507318,0.453908532857895,135.602588832378,0,31.2809721827507,0,292.538399636745,5.76651647686958,0,0,0,0,0,0,0,0,0,18.1727738827467,0,0,0,0,0,153.012801617384,0,10.0137547254562,0,72.301157400012,0,700.996672436595,21.9891626536846,0.111121132969856
0,0,208.045417308807,0.137132331728935,0,0,0,0,22.1953150033951,0,0,0,0,0,0,0,0,0,0,0,0,0,0,0,0,0,0,0,0,0,0,0,0,0,0,0,0,0,0,0,0.204503521323204,0,2.77597986161709,0,0,0,0,0,0,0,318.806962668896,0,0,0,80.9618900418282,0,0,0,0,0,0,0,0,0,0,0,0,0,0,0,0,0,0,0,0,0,0,0,0,0.401996523141861,0,0,11.8667730093002,0,28.796127051115,0,4.98148363828659
0,0.879144608974457,0,101.233138382435,0,0,0,0,0,2.54213231801987,0,0,0,0,0,15.1840820610523,0,0,0,0,0,0,0,0,0,0,0,0,0,0,0,0,0,0,0,0,0,0,0,0,0,0,0,0,0,0,0,0,0,0,0,173.992673456669,0,0,0,4.08676931262016,0,8.47521606087685,0,2.96689599752426,0,8.42401349544525,0,0,0,0,0,0,0,0,0,0,0,0,0,0,0,0,1.51213988661766,0,0,0,108.808228105307,0,105.599819257855,0,0
0,0,0,0,0,0,0,0,0,0,0,0,0,0,0,0,0,0,0,0,0,0,0,0,0,0,0,0,0,0,0,0,0,0,0,0,0,0,0,0,0,0,0,0,0,0,0,0,0,0,22.5779248476028,0,118.296888947487,0,0,0,0,0,0,0,0,0,0,0,0,0,0,0,0,0,0,0,0,0,0,0,0,0,0,0,0,0,0,0,0,0,0
0,0,0,0,0,0,0,0,0,0,0,0.900152266025543,0,17.3738555908203,0,0,0,0,0,157.821999132633,0,0,0,0,0,0,0,0,0,0,0,0,0,0,0,0,0,0,0,0,0,0,0,0,0,0,0,0,0,0,0,91.0532736778259,0,361.403333365917,0,0,0,277.85832887888,0,57.1251673400402,0,0,7.08609116077423,0,0,0,0,0,0,0,0,0,0,0,0,0,0,0,0,0,0,0,16.5794998407364,0,0,0,0
341.137230604887,0,50.0858080387115,0,22.1953150033951,0,0,0,0,0,0,0,0,0,14.4488999843597,0,101.405844882131,30.0324570685625,34.4311566799879,0,0,0,0,0,35.8525248765945,1.095663189888,0.404762774705887,0,0,0,0,0,0,0,0,0,0,0,76.5611659884453,0,0,0,24.4895285367966,0,0,0,0,0,0.279181391000748,0,0,0,0,0,1121.54985758662,0,0,0,0,0,78.645387172699,0,0,0,0,0,0,14.5711545050144,0,0,0,0,0,0,0,0,0,0,0,0,0,17.3183080255985,1410.93634919822,14.915308713913,88.545685082674,0,13.6252568364143
0,92.5799563229084,0,118.597274273634,0,2.54213231801987,0,0,0,0,0,0,0,0,0,32.3243150115013,0,0,1.91463315486908,0,0,0,0,0.399940431118011,0,0,0,0,0,0,0,0,0,0,0,0,0,17.742032378912,0,0.457727029919624,0,22.1258182525635,0,0,0,0,0,0,0,0,0,0,0,0,0,261.79261726141,0,0.379593133926392,0,0,0,0.951000213623047,0,0,0,0,9.1895015090704,0,3.34968376159668,0,0,0,0,0,0,0,0,0,5.3487443625927,0,12.4938646554947,0,168.202258735895,0,93.7597238868475,16.1872745752335,0
0,0,0,0,0,0,0,0,0,0,0,0,72.6887836456299,0,0,0,0,0,0,0,276.208011478186,0,0,0,0,0,0,0,59.2430279254913,0,113.475475013256,0,0,0,0,0,0,0,169.019399374723,0,0,0,0,0,0,0,0,0,0,0,0,0,0,0,0,0,1298.40139845014,0,0,0,0,0,0,218.235669925809,0,0,0,0,0,0,0,0,0,65.7619473487139,0,0,0,0,0,0.414459004998207,0,17.921962082386,8.92979663610458,0,0.292150676250458,0,0
0,0,0,0.632071107625961,0,0,0,0.900152266025543,0,0,0,0,0,255.931269168854,0,0,0,0,0,118.21226349473,0,0,0,0,0,0,0,0,0,50.9982726871967,0,0,0,0,0,14.7323003411293,0,501.434180736542,0,0,0,0,0,0,0,0,0,0,0,0,0,3.3293839097023,0,10.3579096198082,0,0,0,1067.12983421981,0,45.6329097747803,0,0,33.3868041932583,0,0,0,0,0,0,0,0,0,73.9702812582254,0,0,0,0,0,25.4292590618134,0,148.407926440239,0,166.512799680233,0,4.15926110744476,0,0
0,0,0,0,0,0,0,0,0,0,72.6887836456299,0,0,0,0,0,0,0,0,0,0,0,0,0,0,0,0,0,0,0,0,0,0,0,0,0,0,0,0,0,0,0,0,0,0,0,0,0,0,0,0,0,0,0,0,0,0,0,0,0,0,0,0,0,0,0,0,0,0,0,0,0,0,0,0,0,0,0,0,0,0,0,0,0,0,0,0
0,0,0,0,0,0,0,17.3738555908203,0,0,0,255.931269168854,0,0,0,65.0335773229599,0,0,0,0,0,0,0,0,0,0,0,5.29227602481842,0,0,0,0,0,0,0,0,0,0,0,0,0,0,0,0,0,0,0,0,0,0,0,0,0,1.44580227136612,0,0,0,24.4071841239929,0,290.713392496109,0,66.6499507427216,0,0,0,0,0,0,0,0,5.73756277561188,0,0,0,0,0,0,0,0,0,0,0,2.68344879150391,0,0,0,0
0,0,0,0,0,0,0,0,14.4488999843597,0,0,0,0,0,0,0,0,0,0,0,0,0,0,0,0,0,0,0,0,0,0,0,0,0,0,0,0,0,0,0,0,0,0,0,0,0,0,0,0,0,0,0,0,0,0,0,0,0,0,0,4.05249685049057,0,0,0,0,0,0,0,0,0,0,0,0,0,0,0,0,0,0,0,0,0,0,0,0,0,0
0,3.76487529277802,0,3.68383949995041,0,15.1840820610523,0,0,0,32.3243150115013,0,0,0,65.0335773229599,0,0,0,0,0,0,0,0,0,0,0,0,0,0,0,0,0,0,0,0,0,0,0,0,0,0,0,0,0,0,0,0,0,0,0,6.65592455863953,0,0.282538801431656,0,0,0,16.0854326188564,0,0,0,0,0,144.724778547883,0,0,0,0,2.83167493343353,0,0,0,0,0,0,0,0,0,0,0,0,0,0,0,1,0,0.187871858477592,0,0
13.6916847527027,1.42720103263855,2.26316148042679,0.217064946889877,0,0,0,0,101.405844882131,0,0,0,0,0,0,0,0,15880.5504563749,5960.13769150525,0,0,28.5827239155769,816.932748705149,3.64296472072601,675.929141774774,44.1066853404045,1488.268916592,0,0,0,0,0,0,0,0,13.3777782022953,5.72331796586514,0,0,68.2284406721592,37.7401830255985,81.7176638096571,120.339730501175,8.74910761415958,4.55315871536732,24.3458978533745,109.138616472483,0.466566681861877,0.758215039968491,0,0,0,0,0,25.5859758853912,0,0,0,0,0,8.60133361816406,0,8.60889911651611,4.64804457128048,0,101.318140640855,5.4371385872364,128.14865475893,6.50362491607666,167.37318469584,0,0,0,0,0,0,0,0,163.994566306472,90.7726369276643,1.18155506253242,0,10119.7355408669,43.2424091100693,250.993378035724,5.99918808043003,24.3044729232788
6.72962474822998,0,2.96753394603729,0,0,0,0,0,30.0324570685625,0,0,0,0,0,0,0,15880.5504563749,0,5340.46261834353,0,0,219.307182267308,59.7109901160002,115.837169378996,192.055364400148,929.36438678205,115.681744918227,4.6818368434906,0,0,0,0,0,0,0,12.3794342204928,4.58808532357216,0,0,67.2973684445024,16.2523806244135,85.3888578563929,37.3546270281076,7.45553186535835,1.81311681866646,25.1169919371605,52.8273233026266,0,0.513688638806343,0,0,0,0,0,0,0,0,4.49801170825958,0,0,0,0.706313610076904,5.32406215369701,0.894247010350227,54.0027485489845,12.0833154320717,142.58592915535,29.8503783047199,43.1830224096775,3.91506989300251,0,0,0,0,0,0,0,0,167.858643934131,30.6578770726919,0.630201876163483,0,9962.87845885754,1932.08919747174,105.601390987635,9.71775877475739,2.23592582345009
95.8505725115538,36.1552150994539,2.66993150115013,4.96602073311806,0,0,0,0,34.4311566799879,1.91463315486908,0,0,0,0,0,0,5960.13769150525,5340.46261834353,0,0,0,4.28090891242027,24.5916177928448,1.30692636966705,31.9424950480461,21.4325452148914,21.5645448565483,0,0,0,0,0,0,0,0,133.188678301871,54.5469488799572,0.796331763267517,0,776.540201462805,358.032057523727,1332.96907836199,655.737999081612,142.394784137607,55.5220300108194,276.050006374717,1084.53861016035,0.872379243373871,10.9245854914188,0.680753201246262,0,0,0,0,3.94216012954712,0,0.437893271446228,33.5425334721804,0,0,0,0,89.4373871386051,55.3857176452875,0,3.74306133389473,0,7.03236794471741,0,0.538767158985138,0,0,3.21318301558495,0,0,0,2.44350361824036,0,1754.20995059609,804.631651878357,26.2904520630836,0,6247.90102688968,18.0555777400732,2993.76318326592,286.030653268099,108.945500180125
0,0,0,3.14268171787262,0,0,0,157.821999132633,0,0,0,118.21226349473,0,0,0,0,0,0,0,0,0,0,0,0,0,0,0,0,0,0,0,0,0,0,0,595.307001486421,0,18.7202165722847,0,0,0,0,0,0,0,0,0,0,0,0,0,0,0,0,0,0,0,159.941445767879,0,0,0,0,648.664183810353,0,0,0,0,0,0,0,0,0,7.78045588731766,0,0,0,0,0,232.147965654731,0,0,0,108.489871069789,0,31.6490698009729,0,0
0,0,0.306297093629837,0,0,0,0,0,0,0,276.208011478186,0,0,0,0,0,0,0,0,0,0,0,0,0,0,0,0,0,0,0,0,0,0,0,0,0,535.75687019527,0,25.1908465623856,0,0,0,0,0,0,0,4.06893250346184,0,0,0,0,0,0,0,0,0,43.2721499204636,0,0,0,0,0,0,782.645103558898,0,0,0,0,0,0,0,0,0,0,0,0,0,0,0,390.036069154739,0,0,7.12588858604431,0,19.1608598977327,0,0
0,0,0,0,0,0,0,0,0,0,0,0,0,0,0,0,28.5827239155769,219.307182267308,4.28090891242027,0,0,0,1.72879707813263,30.6853277981281,1.0739004611969,132.739986509085,0.704351305961609,1,0,0,0,0,0,1.82932236790657,0,0,0,1614.26368451118,0,0,0,0,0,0,0,0,0,1.968530356884,0,333.02190105617,0,0,0,0,0,0,0,0,0,0,0,0,0,0,5642.98877127469,0,312.323305517435,0,2.45585808157921,0,0,0,0,0,0,0,0,0,0,0,499.133541092277,0,472.134078770876,0,0,0,0
0,0,0,0,0,0,0,0,0,0,0,0,0,0,0,0,816.932748705149,59.7109901160002,24.5916177928448,0,0,1.72879707813263,0,0,372.595124185085,0,336.672719851136,0,7.72795474529266,0,0,0,0,0,0.306345075368881,0,0,0,575.162347704172,0,0,0.412950664758682,0.796389579772949,0,0,0,0.239301800727844,33.6791864782572,500.327360123396,0,0,0,0,0,0,0,0,0,0,0,0,0,0,0,0,4858.40364286304,0,162.201556771994,0,52.5843933820724,0,41.2728205174208,0,0,0,0,0,0,0,0,0,351.541178628802,565.612406745553,0,1.41246096789837,0,0
0,0,0,0,0,0,0,0,0,0.399940431118011,0,0,0,0,0,0,3.64296472072601,115.837169378996,1.30692636966705,0,0,30.6853277981281,0,0,0,330.07459372282,0,0,0,0,0,0,0,0,0,0,0,281.316016122699,0,0,0,1.27859798073769,0,0,0,0,0,0,0,108.793011516333,0,0,0,0,0,0,0,0,0,0,0,0,0,0,74.6182992458344,0,617.778209239244,0,46.9677700102329,0,0,0,0,0,0,0,0,0,0,0,116.340606808662,0,94.4197546839714,0,34.1665220111609,0,0
0,0,0,0,0,0,0,0,35.8525248765945,0,0,0,0,0,0,0,675.929141774774,192.055364400148,31.9424950480461,0,0,1.0739004611969,372.595124185085,0,0,0.437122166156769,165.046212255955,0,0,0,0,0,0,0,0,0,0,0,539.773792922497,0,0,0,5.34218859672546,0,0,0,3.01916527748108,0,193.935782194138,0,0,0,0,0,114.022965073586,0,0,0,0,0,0,0,0,0,0,36.371559292078,4.83177995681763,999.934181749821,0,8.41120824217796,0,0,0,0,0,0,0,0,0,0,0,226.738425627351,844.413297638297,0,53.1227852106094,0,0
0,0,0,0,0,0,0,0,1.095663189888,0,0,0,0,0,0,0,44.1066853404045,929.36438678205,21.4325452148914,0,0,132.739986509085,0,330.07459372282,0.437122166156769,0,0,0,0,0,0,0,0,0,0,0,0,0,0,0,0,0,0,0,0,0,0,0,0,0,0,0,0,0,0,0,0,0,0,0,0,0,0,0,19.7619539499283,0,347.855879038572,0,86.0274592638016,0,0,0,0,0,0,0,0,0,0,0,0,0,188.583622202277,10.9184198379517,0,0,0
0,0,0,0,0,0,0,0,0.404762774705887,0,0,0,0,0,0,0,1488.268916592,115.681744918227,21.5645448565483,0,0,0.704351305961609,336.672719851136,0,165.046212255955,0,0,0,0,0,0,0,0,0,0,0,0,0,0,0,0,0,0,0,0,0,0,0,0,0,0,0,0,0,0,0,0,0,0,0,0,0,0,0,0,216.926266938448,0,56.9009004831314,0,35.195062994957,0,0,0,0,0,0,0,0,0.835603892803192,1.73076033592224,0,0,225.282042309642,0,0,0,0
0,0,0,0,0,0,0,0,0,0,0,0,0,5.29227602481842,0,0,0,4.6818368434906,0,0,0,1,0,0,0,0,0,0,0,0,0,0,0,0,0,0,0,0,0,0,0,0,0,0,0,0,0,0,0,0,0,0,0,0,0,0,0,0,0,5,0,0,0,0,0,0,0,0,0,0,372.439256295562,0,1.47581869363785,0,0,0,0,0,0,0,2.97399434447289,0,15.9132927060127,27.0223100781441,0,0,0
0,0,0,0,0,0,0,0,0,0,59.2430279254913,0,0,0,0,0,0,0,0,0,0,0,7.72795474529266,0,0,0,0,0,0,0,44.1867430210114,0,0,0,0,0,0,0,0,0,0,0,0,0,0,0,0,0,0.770038843154907,0,0,0,0,0,0,0,15.6566053628922,0,0,0,0,0,0,0,0,9.02053618431091,0,0,0,0,0,448.888094902039,0,44.0254342556,0,0,0,0,0,0,0,2.68436789512634,0,0,0,0,0
0,0,0,0,0,0,0,0,0,0,0,50.9982726871967,0,0,0,0,0,0,0,0,0,0,0,0,0,0,0,0,0,0,0,0,0,0,0,0,0,121.075248599052,0,0,0,0,0,0,0,0,0,0,0,0,0,0,0,0,0,0,0,13.8066779077053,0,0,0,0,0,0,0,0,0,0,0,0,0,0,593.162804216146,0,0,0,0,0,0,0,32.9318626672029,0,0,0,0,0,0
0,0,0,0,0,0,0,0,0,0,113.475475013256,0,0,0,0,0,0,0,0,0,0,0,0,0,0,0,0,0,44.1867430210114,0,0,0,0,0,0,0,0,0,4.30332493782043,0,0,0,0,0,0,0,0,0,0,0,0,0,0,0,0,0,13.326509103179,0,0,0,0,0,0,0,0,0,0,0,0,0,0,4.42993548512459,0,264.446364700794,0,0,0,0,0,0,0,0,0,0,0,0,0
0,0,0,0,0,0,0,0,0,0,0,0,0,0,0,0,0,0,0,0,0,0,0,0,0,0,0,0,0,0,0,0,1652.27781158686,115.437983393669,8.54784393310547,234.51450765878,7.98716270923615,0,0,0,0,0,0,0,0,0,0,2722.65661504865,3.01959347724915,0,0,0,0,0,0,0,0,0,0,0,0,0,0,0,0,0,0,0,0,0,0,0,0,0,631.78273268044,544.429357200861,93.617728382349,0,256.564150303602,8.89361697435379,0,0,45.071266412735,0,0,0,0
0,0,0,0,0,0,0,0,0,0,0,0,0,0,0,0,0,0,0,0,0,0,0,0,0,0,0,0,0,0,0,1652.27781158686,0,71.4187489151955,4.03754200041294,73.4192520678043,304.422880783677,0,0,0,0,0,0,0,0,0,0,3066.22651258111,6.12976539134979,3.01625937223434,0,0,0,0,0,0,0,0,0,0,0,0,0,0,0,0,0,0,0,0,0,0,0,0,38.3368396759033,695.446407020092,0,21.5830083489418,0,434.813946858048,0,0,314.001169517636,0,0,0,0
0,0,0,0,0,0,0,0,0,0,0,0,0,0,0,0,0,0,0,0,0,1.82932236790657,0,0,0,0,0,0,0,0,0,115.437983393669,71.4187489151955,0,2933.39465475082,347.52128303051,0,450.801854878664,0,0,0,0.400394141674042,0,0,0,1.71083092689514,0,2202.08941844106,3.51761329174042,118.653441429138,0,0,0,0,0,0,0,0,0,0,0,0,0,0,2.32935014367104,0,0,0,0,0,0,0,0,0,44.5290779620409,0,861.526451617479,232.431500956416,161.55779081583,0,1058.11820910871,5.90263426303864,251.240422040224,0.928576648235321,0,0,0
0,0,0,0,0,0,0,0,0,0,0,0,0,0,0,0,0,0,0,0,0,0,0.306345075368881,0,0,0,0,0,0,0,0,8.54784393310547,4.03754200041294,2933.39465475082,0,0,370.111030235887,0,389.350157052279,0,0,0,0,0,0,0,0,2473.87631237507,22.8265154361725,34.2415235638618,0,0,0,0,0.73533695936203,0,0,0,0,0,0,0,0,1.52980363368988,0,0,0,0,0,0,0,0,0,0,0,21.6601678282022,513.769885063171,1471.83880114555,0,118.927844911814,0,525.643875792623,318.254768893123,0,1.94889307022095,0,0
0,0,0,15.5368856713176,0,0,0,0,0,0,0,14.7323003411293,0,0,0,0,13.3777782022953,12.3794342204928,133.188678301871,595.307001486421,0,0,0,0,0,0,0,0,0,0,0,234.51450765878,73.4192520678043,347.52128303051,0,0,609.645614087582,1307.45325303078,34.50071144104,8.36079938709736,0,142.613256797194,2.02653050422668,0.332059532403946,0,92.8775224089622,0.158003330230713,360.324144154787,0,0.133315026760101,0,0,0,0,0,0,0,0,0,0,0,0,650.953762799501,0,0,0,0,0,0,0,0,0,3.5476450920105,0,238.597509555519,49.4252276420593,64.078918337822,0,17392.9938379303,308.268573254347,200.413596689701,0,2462.61239568889,0,54.1111622974277,10.2618090063334,0.18112213909626
0,0,20.9370212107897,0,0,0,0,0,0,0,0,0,0,0,0,0,5.72331796586514,4.58808532357216,54.5469488799572,0,535.75687019527,0,0,0,0,0,0,0,0,0,0,7.98716270923615,304.422880783677,0,370.111030235887,609.645614087582,0,0,1548.0944160074,0.756318032741547,6.22641682624817,0,12.4491421729326,0,1.53516420722008,0,79.5608265399933,288.00451926887,19.0101323127747,0,0,0,0,0,0,0,1.39724424481392,0,0,0,0,0,0,261.624132074416,0,0,0,0,0,0,0,0,0,0,0,438.390577107668,0,233.38964471221,62.2559666335583,18971.2468310744,0,207.57784358412,2806.46008697152,110.837553888559,242.022958263755,0,0
0,0,0,2.11468327045441,0,0,0,0,0,17.742032378912,0,501.434180736542,0,0,0,0,0,0,0.796331763267517,18.7202165722847,0,1614.26368451118,0,281.316016122699,0,0,0,0,0,121.075248599052,0,0,0,450.801854878664,0,1307.45325303078,0,0,57.2058544158936,0,0,15.7313941717148,0,0,0,22.5613017082214,0,856.982829481363,0,631.768732175231,0,0,0,0,0,15.557766392827,0,111.514411509037,0,0,0,0,133.222299858928,0,295.907916039228,0,194.182887583971,0,0,0,0,0,73.345951795578,0,0,0,96.1234225332737,0,1167.93025459349,0,10782.2005229294,0,768.687148794532,16.3511164188385,196.744424283504,0,0
0,0,0,0,0,0,0,0,76.5611659884453,0,169.019399374723,0,0,0,0,0,0,0,0,0,25.1908465623856,0,575.162347704172,0,539.773792922497,0,0,0,0,0,4.30332493782043,0,0,0,389.350157052279,34.50071144104,1548.0944160074,57.2058544158936,0,0,0,0,45.0193671286106,0,0,0,0,305.040736585855,425.992380768061,0,0,0,0,0,198.804134190083,0,5.58027535676956,0,0,0,0,0,0,0,0,302.201533287764,0,432.695291876793,0,0,0,15.124916434288,0,0.660530686378479,0,0,0,139.915541857481,0,443.322712793946,0,9573.79480709136,1561.49709551036,0,303.157728284597,0,0
0,0,0,48.6440237015486,0,0,0,0,0,0.457727029919624,0,0,0,0,0,0,68.2284406721592,67.2973684445024,776.540201462805,0,0,0,0,0,0,0,0,0,0,0,0,0,0,0,0,8.36079938709736,0.756318032741547,0,0,0,0.746201828122139,1481.9977241233,6.24689297378063,146.169355854392,1.19139552116394,78.1152995973825,18.6948054432869,142.064032763243,0.769069671630859,181.402972951531,0,0.753753781318665,0,0,0,0.193430885672569,0,5.40696975588799,0,0,0,1.4474181830883,29.6756466776133,3.20974749326706,0,0,0,2.05416536331177,0,0,0,0,0.823096454143524,0,0,0,0,0,159.172430053353,6.02908165752888,0.99868643283844,0,97.8406908661127,0,1249.19739375263,186.215328320861,1.64987325668335
3.32309091091156,0,14.4637693464756,0,0.204503521323204,0,0,0,0,0,0,0,0,0,0,0,37.7401830255985,16.2523806244135,358.032057523727,0,0,0,0,0,0,0,0,0,0,0,0,0,0,0,0,0,6.22641682624817,0,0,0.746201828122139,0,2.18773007392883,405.037576302886,0,18.031102925539,1.31299741566181,558.419669046998,49.4569482803345,500.69356970489,0.729263365268707,0,0,0,0,0.184021934866905,0,0.642588973045349,0,0,0,0,0,1.68533265590668,60.7632060348988,0,0,0,0,0,0,0,0,0,0,0,0,0,0,5.88643767684698,245.140983819962,0,0,84.7058655619621,6.5501766204834,1099.43236133456,0,11.1641873568296
0.81685471534729,204.274173885584,1.44757381081581,144.91556276381,0,0,0,0,0,22.1258182525635,0,0,0,0,0,0,81.7176638096571,85.3888578563929,1332.96907836199,0,0,0,0.412950664758682,1.27859798073769,0,0,0,0,0,0,0,0,0,0.400394141674042,0,142.613256797194,0,15.7313941717148,0,1481.9977241233,2.18773007392883,0,270.226701617241,90.840769559145,0.332923769950867,77.8098856061697,9.6127717345953,16.0821475982666,0,962.48776717484,0,0.161726728081703,0,0,0,7.582106128335,0,362.216591462493,0,0.393992722034454,0,0.21135513484478,123.617217242718,0,0,0,3.9784390181303,2.73629784584045,0,0,0,0,85.9471203684807,0,0,0,0,0,1129.36191251874,2.19179965555668,4.72461074590683,0,1318.3505692482,0,3879.79202701151,1790.47625437379,4.44870446622372
70.4519961774349,0,65.4525407627225,0,2.77597986161709,0,0,0,24.4895285367966,0,0,0,0,0,0,0,120.339730501175,37.3546270281076,655.737999081612,0,0,0,0.796389579772949,0,5.34218859672546,0,0,0,0,0,0,0,0,0,0,2.02653050422668,12.4491421729326,0,45.0193671286106,6.24689297378063,405.037576302886,270.226701617241,0,0.41384619474411,83.4165367037058,0.598490327596664,424.513340592384,150.477838650346,314.745739251375,0.979011654853821,0,0,0,0,4.30132403969765,0,44.0796288400888,0,0,0,0,0,3.12122666835785,150.617152377963,0,0,0,3.91744607686996,0,0,0,0,0,0.476972788572311,0,0,0,0,8.44655215740204,582.312350139022,0,2.97208547592163,1330.71984592825,48.522522777319,5814.85555394739,0.224147289991379,2790.34114284068
0,0,0,0,0,0,0,0,0,0,0,0,0,0,0,0,8.74910761415958,7.45553186535835,142.394784137607,0,0,0,0,0,0,0,0,0,0,0,0,0,0,0,0,0.332059532403946,0,0,0,146.169355854392,0,90.840769559145,0.41384619474411,0,0,23.3858976066113,1.15035665035248,0,0,0,0,0,0,0,0,0,0,0,0,0,0,0,11.7295345067978,0,0,0,0,0,0,0,0,0,0,0,0,0,0,0,91.3508420586586,2.53826808929443,1.84552919864655,0,288.848661184311,3.4604174643755,89.0398706495762,0.351186007261276,0
0,0,3.08805540204048,0,0,0,0,0,0,0,0,0,0,0,0,0,4.55315871536732,1.81311681866646,55.5220300108194,0,0,0,0,0,0,0,0,0,0,0,0,0,0,0,0,0,1.53516420722008,0,0,1.19139552116394,18.031102925539,0.332923769950867,83.4165367037058,0,0,0,39.4127389341593,0,0,0,0,0,0,0,0,0,0,0,0,0,0,0,0,2.39852783083916,0,0,0,0,0,0,0,0,0,0,0,0,0,0,6.57075338065624,21.2918132096529,0,0,43.3616649955511,21.2265927642584,143.465765848756,0,0
0,0,0,12.9118002131581,0,0,0,0,0,0,0,0,0,0,0,0,24.3458978533745,25.1169919371605,276.050006374717,0,0,0,0,0,0,0,0,0,0,0,0,0,0,1.71083092689514,0,92.8775224089622,0,22.5613017082214,0,78.1152995973825,1.31299741566181,77.8098856061697,0.598490327596664,23.3858976066113,0,0,3.76678557693958,0.291291624307632,0,0,0,0,0,0,0,0,0,64.1074416562915,0,0,0,0.621601819992065,1248.78739441186,3.5171020925045,0,0,0,0,0,0,0,0,19.6293472647667,0,0,0,0.134927153587341,0,1245.14022773504,1.66148570924997,172.767400294542,0,40.716584213078,1.95526802539825,623.723651632667,6.01575694978237,0.260064989328384
0,0,28.0032099112868,0.791497468948364,0,0,0,0,0,0,0,0,0,0,0,0,109.138616472483,52.8273233026266,1084.53861016035,0,4.06893250346184,0,0.239301800727844,0,3.01916527748108,0,0,0,0,0,0,0,0,0,0,0.158003330230713,79.5608265399933,0,0,18.6948054432869,558.419669046998,9.6127717345953,424.513340592384,1.15035665035248,39.4127389341593,3.76678557693958,0,0,6.89081782102585,0,0,0,0,0,0,0,1.01550580561161,0,0,0,0,0,1.90022797882557,848.239574506879,0,0.53181266784668,0,0,0,0,0,0,0,0,0,0,0,0.600669205188751,32.8817223981023,1979.94653268903,0,0,181.261859163642,20.9152696430683,1434.57417412102,0.287287920713425,24.3194069415331
0,0,0,0,0,0,0,0,0,0,0,0,0,0,0,0,0.466566681861877,0,0.872379243373871,0,0,1.968530356884,33.6791864782572,0,0,0,0,0,0,0,0,2722.65661504865,3066.22651258111,2202.08941844106,2473.87631237507,360.324144154787,288.00451926887,856.982829481363,305.040736585855,142.064032763243,49.4569482803345,16.0821475982666,150.477838650346,0,0,0.291291624307632,0,0,4023.99141544104,3079.94696676731,0,0,0,0,0,0,0,0,0,0,0,0,0,0,1.40366452932358,117.137696281075,0,0,0,0,0,3.37718212604523,0,0,310.413747012615,357.475024044514,3.80329111218452,62.7366031110287,368.378820776939,1303.85268932581,791.553903758526,2147.80327998102,2538.87577563524,0,292.490689218044,0,0
126.77442638576,0,115.952288649976,0,0,0,0,0,0.279181391000748,0,0,0,0,0,0,0,0.758215039968491,0.513688638806343,10.9245854914188,0,0,0,500.327360123396,0,193.935782194138,0,0,0,0.770038843154907,0,0,3.01959347724915,6.12976539134979,3.51761329174042,22.8265154361725,0,19.0101323127747,0,425.992380768061,0.769069671630859,500.69356970489,0,314.745739251375,0,0,0,6.89081782102585,4023.99141544104,0,220.442394137383,0,0,0,0,0.157679170370102,0,18.4424889981747,1.86392796039581,3.39669466018677,0,31.014410585165,0,0,1.14235827326775,0,384.923480510712,0,203.150571703911,0,9.65362772345543,0,201.484162732959,0,2.7859343290329,0,3.25936722755432,0,0.269675642251968,0,684.137029692531,0,1080.6355805397,744.171151958406,1.72045385837555,1282.04072526842,0,68.963220871985
0,43.8308910280466,0,51.138803511858,0,0,0,0,0,0,0,0,0,0,0,6.65592455863953,0,0,0.680753201246262,0,0,333.02190105617,0,108.793011516333,0,0,0,0,0,0,0,0,3.01625937223434,118.653441429138,34.2415235638618,0.133315026760101,0,631.768732175231,0,181.402972951531,0.729263365268707,962.48776717484,0.979011654853821,0,0,0,0,3079.94696676731,220.442394137383,0,0,2.72219657897949,0,0,0,0,0,88.6076431870461,0,5.30215433239937,0,12.0612837225199,0.578788101673126,0,288.910507068038,0,153.072586908937,0,1.55350998044014,0,76.4267751425505,0,14.5906958132982,0,1.81010699272156,0,8.47315925359726,0,83.3716419935226,0,220.946284815669,0,885.980208292603,0,1271.01397353411,26.6558496206999,0
0,0,52.3080693185329,0,318.806962668896,0,22.5779248476028,0,0,0,0,0,0,0,0,0,0,0,0,0,0,0,0,0,0,0,0,0,0,0,0,0,0,0,0,0,0,0,0,0,0,0,0,0,0,0,0,0,0,0,0,0,79.9453033208847,0,0,0,0,0,0,0,26.9843205809593,0,0,0,0,0,0,0,0,0,0,0,0,0,0,0,0,0,0,0,0,0,76.2980095148087,0,14.921182513237,0,0
0,0,0,33.6124165058136,0,173.992673456669,0,91.0532736778259,0,0,0,3.3293839097023,0,0,0,0.282538801431656,0,0,0,0,0,0,0,0,0,0,0,0,0,0,0,0,0,0,0,0,0,0,0,0.753753781318665,0,0.161726728081703,0,0,0,0,0,0,0,2.72219657897949,0,0,0,70.9109556674957,0,0,0,252.811547994614,0,114.88695192337,0,18.8603619337082,0.347122669219971,0,0,0,0,0,0,0,0,0,0,0,0,0,0,0,0,0,0,0,6.64515590667725,0,53.8361974954605,0,0
0,0,0,0,0,0,118.296888947487,0,0,0,0,0,0,0,0,0,0,0,0,0,0,0,0,0,0,0,0,0,0,0,0,0,0,0,0,0,0,0,0,0,0,0,0,0,0,0,0,0,0,0,79.9453033208847,0,0,0,0,0,150.809176087379,0,0,0,0,0,0,0,0,0,0,0,0,0,0,0,0,0,0,0,0,0,0,0,0,0,0,0,0,0,0
0,0,0,0,0,0,0,361.403333365917,0,0,0,10.3579096198082,0,1.44580227136612,0,0,0,0,0,0,0,0,0,0,0,0,0,0,0,0,0,0,0,0,0,0,0,0,0,0,0,0,0,0,0,0,0,0,0,0,0,70.9109556674957,0,0,0,0,0,507.431312561035,0,30.9784141182899,0,0,0,0,0,0,0,0,0,0,0,0,0,0,0,0,0,0,0,0,0,0,0,0,0,0,0
363.588771253824,0,60.8310742378235,0,80.9618900418282,0,0,0,1121.54985758662,0,0,0,0,0,0,0,25.5859758853912,0,3.94216012954712,0,0,0,0,0,114.022965073586,0,0,0,0,0,0,0,0,0,0.73533695936203,0,0,0,198.804134190083,0,0.184021934866905,0,4.30132403969765,0,0,0,0,0,0.157679170370102,0,0,0,0,0,0,0,0,0,0,0,57.6711039543152,0,0,0,0,0,0,155.135765910149,0,0,0,0,0,0,0,0,0,0.317625373601913,0,0,0,183.807699412107,405.17187744379,3.38507008552551,39.2276583015919,0,1.09155339002609
0,48.6167193651199,0,163.904688507318,0,4.08676931262016,0,0,0,261.79261726141,0,0,0,0,0,16.0854326188564,0,0,0,0,0,0,0,0,0,0,0,0,0,0,0,0,0,0,0,0,0,15.557766392827,0,0.193430885672569,0,7.582106128335,0,0,0,0,0,0,0,0,0,0,0,0,0,0,0,1.71816386282444,0,0,0,281.918700426817,0,0,0,0,18.2208318710327,0,0.999591648578644,0,0,0,0.207073599100113,0,0,0,0,0,3.03634832799435,0,71.3913664668798,0,4.00031596422195,0,17.9413644075394,0.842524707317352,0
16.9596562385559,0,3.83103285729885,0.453908532857895,0,0,0,0,0,0,1298.40139845014,0,0,0,0,0,0,0,0.437893271446228,0,43.2721499204636,0,0,0,0,0,0,0,15.6566053628922,0,13.326509103179,0,0,0,0,0,1.39724424481392,0,5.58027535676956,0,0.642588973045349,0,44.0796288400888,0,0,0,1.01550580561161,0,18.4424889981747,0,0,0,150.809176087379,0,0,0,0,0,1.51037192344666,0,0.421851694583893,0,0,315.862267524004,0,0,0,0,0,0,0,2.1906430721283,0,144.409242272377,0,0,0,0,0,9.69216549396515,0,0,23.9936700463295,0,208.757055401802,0,14.1324322521687
0,4.67238515615463,18.4125689417124,135.602588832378,0,8.47521606087685,0,277.85832887888,0,0.379593133926392,0,1067.12983421981,0,24.4071841239929,0,0,0,4.49801170825958,33.5425334721804,159.941445767879,0,0,0,0,0,0,0,0,0,13.8066779077053,0,0,0,0,0,0,0,111.514411509037,0,5.40696975588799,0,362.216591462493,0,0,0,64.1074416562915,0,0,1.86392796039581,88.6076431870461,0,252.811547994614,0,507.431312561035,0,1.71816386282444,0,0,0,180.253729373217,0,38.7926828712225,891.640947908163,0.207264512777328,0,0,0,0,0,0,291.413744986057,0,436.565410509706,0,0,0,0,0,77.0329117178917,0,3.21290063858032,0,34.4553749635816,0,1393.23764117807,70.5949185192585,0
1.35464549064636,0,0,0,0,0,0,0,0,0,0,0,0,0,0,0,0,0,0,0,0,0,0,0,0,0,0,0,0,0,0,0,0,0,0,0,0,0,0,0,0,0,0,0,0,0,0,0,3.39669466018677,0,0,0,0,0,0,0,1.51037192344666,0,0,0,3.37759992480278,0,0,0,0,0,0,0,0,0,0,0,0,0,0,0,0,0,0,0,0,0,0,0,5.74851348996162,0,0
0,1.883504986763,0,31.2809721827507,0,2.96689599752426,0,57.1251673400402,0,0,0,45.6329097747803,0,290.713392496109,0,0,0,0,0,0,0,0,0,0,0,0,0,5,0,0,0,0,0,0,0,0,0,0,0,0,0,0.393992722034454,0,0,0,0,0,0,0,5.30215433239937,0,114.88695192337,0,30.9784141182899,0,0,0,180.253729373217,0,0,0,119.18493437767,1.0250027179718,0,0,0,0,0,0,0,125.637567043304,0,0,0,0,0,0,0,0.830225855112076,0,0.203361019492149,0,71.7640469074249,0,68.9133961051702,0,0
31.4583382606506,0,9.56712156534195,0,0,0,0,0,78.645387172699,0,0,0,0,0,4.05249685049057,0,8.60133361816406,0,0,0,0,0,0,0,0,0,0,0,0,0,0,0,0,0,0,0,0,0,0,0,0,0,0,0,0,0,0,0,31.014410585165,0,26.9843205809593,0,0,0,57.6711039543152,0,0.421851694583893,0,3.37759992480278,0,0,0,0,0,0,0,0,0,0,0,0,0,0,0,0,0,0,0,0,0,0,0,0,0,9.20043537020683,0,0
0,46.9410673081875,2.9751284122467,292.538399636745,0,8.42401349544525,0,0,0,0.951000213623047,0,0,0,66.6499507427216,0,144.724778547883,0,0.706313610076904,0,0,0,0,0,0,0,0,0,0,0,0,0,0,0,0,0,0,0,0,0,1.4474181830883,0,0.21135513484478,0,0,0,0.621601819992065,0,0,0,12.0612837225199,0,18.8603619337082,0,0,0,281.918700426817,0,38.7926828712225,0,119.18493437767,0,0,0,0,0,0,1.18459284305573,0,27.7654184103012,0,0,0,1.83260530233383,0,0,0,0,0,2.30224618315697,0,0,0,0.710057616233826,0,10.8731788396835,0,0
0,0,0,5.76651647686958,0,0,0,7.08609116077423,0,0,0,33.3868041932583,0,0,0,0,8.60889911651611,5.32406215369701,89.4373871386051,648.664183810353,0,0,0,0,0,0,0,0,0,0,0,0,0,0,0,650.953762799501,0,133.222299858928,0,29.6756466776133,1.68533265590668,123.617217242718,3.12122666835785,11.7295345067978,0,1248.78739441186,1.90022797882557,0,0,0.578788101673126,0,0.347122669219971,0,0,0,0,0,891.640947908163,0,1.0250027179718,0,0,0,0,0,0,0,0,0,0,0.235359579324722,0,184.21276935935,0,0,0,0,0,1161.95344522595,0.271016091108322,183.108465567231,0,253.982990384102,0,1317.14961224794,1.60290098190308,0
0,0,8.87746535241604,0,0,0,0,0,0,0,218.235669925809,0,0,0,0,0,4.64804457128048,0.894247010350227,55.3857176452875,0,782.645103558898,0,0,0,0,0,0,0,0,0,0,0,0,0,1.52980363368988,0,261.624132074416,0,0,3.20974749326706,60.7632060348988,0,150.617152377963,0,2.39852783083916,3.5171020925045,848.239574506879,0,1.14235827326775,0,0,0,0,0,0,0,315.862267524004,0.207264512777328,0,0,0,0,0,0,0,0,0,0,0,0,0,0,0,0,0,0,0,0,1.12930253148079,2149.64754024893,0,0,55.4317577779293,0.476062372326851,1502.63546641171,0.239716589450836,0
0,0,0,0,0,0,0,0,0,0,0,0,0,0,0,0,0,54.0027485489845,0,0,0,5642.98877127469,0,74.6182992458344,0,19.7619539499283,0,0,0,0,0,0,0,2.32935014367104,0,0,0,295.907916039228,0,0,0,0,0,0,0,0,0,1.40366452932358,0,288.910507068038,0,0,0,0,0,0,0,0,0,0,0,0,0,0,0,0,349.623361498117,0,31.6543678343296,0,0,0,0,0,0,0,0,0,0,0,808.46795168519,0,142.733785748482,0,0,0,0
0,0,0,0,0,0,0,0,0,0,0,0,0,0,0,0,101.318140640855,12.0833154320717,3.74306133389473,0,0,0,4858.40364286304,0,36.371559292078,0,216.926266938448,0,9.02053618431091,0,0,0,0,0,0,0,0,0,302.201533287764,0,0,0,0,0,0,0,0.53181266784668,117.137696281075,384.923480510712,0,0,0,0,0,0,0,0,0,0,0,0,0,0,0,0,0,0,111.158305063844,0,35.0860576033592,0,71.3353266716003,0,0,0,0,0,0,0,0,0,1102.35659915209,164.38419829309,0,5.21934749186039,0,0
0,0,0,0,0,0,0,0,0,9.1895015090704,0,0,0,0,0,2.83167493343353,5.4371385872364,142.58592915535,0,0,0,312.323305517435,0,617.778209239244,4.83177995681763,347.855879038572,0,0,0,0,0,0,0,0,0,0,0,194.182887583971,0,0,0,3.9784390181303,0,0,0,0,0,0,0,153.072586908937,0,0,0,0,0,18.2208318710327,0,0,0,0,0,1.18459284305573,0,0,349.623361498117,0,0,0,192.061443716288,0,0,0,0,0,0,0,0,0,0.970529615879059,0,722.395560368896,0,115.461122080684,0,151.39837770164,0,0
0,0,0,0,0,0,0,0,14.5711545050144,0,0,0,0,0,0,0,128.14865475893,29.8503783047199,7.03236794471741,0,0,0,162.201556771994,0,999.934181749821,0,56.9009004831314,0,0,0,0,0,0,0,0,0,0,0,432.695291876793,2.05416536331177,0,2.73629784584045,3.91744607686996,0,0,0,0,0,203.150571703911,0,0,0,0,0,155.135765910149,0,0,0,0,0,0,0,0,0,0,111.158305063844,0,0,0,275.563171923161,0,0,0,0,0,0,0,0,0,0,0,420.226379677653,405.004320293665,0,85.1094167679548,0,0
0,0,0,0,0,0,0,0,0,3.34968376159668,0,0,0,0,0,0,6.50362491607666,43.1830224096775,0,0,0,2.45585808157921,0,46.9677700102329,0,86.0274592638016,0,0,0,0,0,0,0,0,0,0,0,0,0,0,0,0,0,0,0,0,0,0,0,1.55350998044014,0,0,0,0,0,0.999591648578644,0,0,0,0,0,27.7654184103012,0,0,31.6543678343296,0,192.061443716288,0,0,0,74.7075206637383,0,0,0,0,0,0,0,0,0,0,0,12.8063350319862,0,0,0,0
0,0,0,0,0,0,0,0,0,0,0,0,0,0,0,0,167.37318469584,3.91506989300251,0.538767158985138,0,0,0,52.5843933820724,0,8.41120824217796,0,35.195062994957,0,0,0,0,0,0,0,0,0,0,0,0,0,0,0,0,0,0,0,0,0,9.65362772345543,0,0,0,0,0,0,0,0,0,0,0,0,0,0,0,0,35.0860576033592,0,275.563171923161,0,0,0,7.83416700363159,0,0,0,0,0,0,0,0,0,0,37.9513199925423,0,0,0,0
0,0,0,0,0,0,0,0,0,0,0,0,0,5.73756277561188,0,0,0,0,0,0,0,0,0,0,0,0,0,372.439256295562,0,0,0,0,0,0,0,0,0,0,0,0,0,0,0,0,0,0,0,0,0,76.4267751425505,0,0,0,0,0,0,0,291.413744986057,0,125.637567043304,0,0,0.235359579324722,0,0,0,0,0,74.7075206637383,0,0,0,5.64010095596313,0,0,0,0,0,0.237230360507965,0,237.919136554003,0,0,26.121086359024,4.97900366783142,0,0
0,0,0,0,0,0,0,0,0,0,0,0,0,0,0,0,0,0,0,0,0,0,41.2728205174208,0,0,0,0,0,448.888094902039,0,4.42993548512459,0,0,0,0,0,0,0,15.124916434288,0,0,0,0,0,0,0,0,3.37718212604523,201.484162732959,0,0,0,0,0,0,0,2.1906430721283,0,0,0,0,0,0,0,0,71.3353266716003,0,0,0,7.83416700363159,0,0,0,140.371993213892,0,0,0,0,0,0,0,363.251012891531,0,0,0.732405066490173,0,0
0,0,0,18.1727738827467,0,0,0,0,0,0,0,73.9702812582254,0,0,0,0,0,0,3.21318301558495,7.78045588731766,0,0,0,0,0,0,0,1.47581869363785,0,593.162804216146,0,0,0,0,0,3.5476450920105,0,73.345951795578,0,0.823096454143524,0,85.9471203684807,0,0,0,19.6293472647667,0,0,0,14.5906958132982,0,0,0,0,0,0.207073599100113,0,436.565410509706,0,0,0,1.83260530233383,184.21276935935,0,0,0,0,0,0,0,5.64010095596313,0,0,0,0,0,0,0,9.49389609694481,0,216.560159295797,0,8.58050111681223,0,152.274769872427,10.7742714583874,0
0,0,0,0,0,0,0,0,0,0,65.7619473487139,0,0,0,0,0,0,0,0,0,0,0,0,0,0,0,0,0,44.0254342556,0,264.446364700794,0,0,0,0,0,0,0,0.660530686378479,0,0,0,0.476972788572311,0,0,0,0,0,2.7859343290329,0,0,0,0,0,0,0,144.409242272377,0,0,0,0,0,0,0,0,0,0,0,0,0,0,140.371993213892,0,0,0,0,0,0,0,0,0,408.68400734663,0,0,111.459268003702,0,0
0,0,0,0,0,0,0,0,0,0,0,0,0,0,0,0,0,0,0,0,0,0,0,0,0,0,0,0,0,0,0,631.78273268044,38.3368396759033,44.5290779620409,0,238.597509555519,0,0,0,0,0,0,0,0,0,0,0,310.413747012615,0,1.81010699272156,0,0,0,0,0,0,0,0,0,0,0,0,0,0,0,0,0,0,0,0,0,0,0,0,0,2.05228686332703,449.349336788058,0,510.900590360165,0,0,0,15.855103969574,0,0,0,0
0,0,0,0,0,0,0,0,0,0,0,0,0,0,0,0,0,0,0,0,0,0,0,0,0,0,0,0,0,0,0,544.429357200861,695.446407020092,0,21.6601678282022,49.4252276420593,438.390577107668,0,0,0,0,0,0,0,0,0,0,357.475024044514,3.25936722755432,0,0,0,0,0,0,0,0,0,0,0,0,0,0,0,0,0,0,0,0,0,0,0,0,0,2.05228686332703,0,0,820.577864706516,0,893.17986766994,0,0,21.201981306076,0,0,0,0
0,0,0,0,0,0,0,0,0,0,0,0,0,0,0,0,0,0,2.44350361824036,0,0,0,0,0,0,0,0,0,0,0,0,93.617728382349,0,861.526451617479,513.769885063171,64.078918337822,0,96.1234225332737,0,0,0,0,0,0,0,0.134927153587341,0,3.80329111218452,0,8.47315925359726,0,0,0,0,0,0,0,0,0,0,0,0,0,0,0,0,0,0,0,0,0,0,0,0,449.349336788058,0,0,7.57145464420319,126.90680269897,0,241.803481370211,0,104.225590527058,0,0,0,0
0,0,0,0,0,0,0,0,0,0,0,0,0,0,0,0,0,0,0,0,0,0,0,0,0,0,0,0,0,0,0,0,21.5830083489418,232.431500956416,1471.83880114555,0,233.38964471221,0,139.915541857481,0,0,0,0,0,0,0,0.600669205188751,62.7366031110287,0.269675642251968,0,0,0,0,0,0.317625373601913,0,0,0,0,0,0,0,0,0,0,0,0,0,0,0,0,0,0,0,0,820.577864706516,7.57145464420319,0,0,618.82282808423,0,439.567503377795,80.4327104985714,0,0,0,0
1.31190650165081,4.28241848945618,24.7209143936634,153.012801617384,0,1.51213988661766,0,0,0,5.3487443625927,0,25.4292590618134,0,0,0,0,163.994566306472,167.858643934131,1754.20995059609,232.147965654731,0,0,0,0,0,0,0.835603892803192,0,0,0,0,256.564150303602,0,161.55779081583,0,17392.9938379303,62.2559666335583,1167.93025459349,0,159.172430053353,5.88643767684698,1129.36191251874,8.44655215740204,91.3508420586586,6.57075338065624,1245.14022773504,32.8817223981023,368.378820776939,0,83.3716419935226,0,0,0,0,0,3.03634832799435,0,77.0329117178917,0,0.830225855112076,0,2.30224618315697,1161.95344522595,1.12930253148079,0,0,0.970529615879059,0,0,0,0.237230360507965,0,9.49389609694481,0,510.900590360165,0,126.90680269897,0,0,155.023764356971,1645.75458608568,0,1028.47003354132,0.814188838005066,1161.65699729323,279.297054663301,1.12244978547096
0,0.179331928491592,26.5157626643777,0,0.401996523141861,0,0,0,0,0,0.414459004998207,0,0,0,0,0,90.7726369276643,30.6578770726919,804.631651878357,0,390.036069154739,0,0,0,0,0,1.73076033592224,0,0,0,0,8.89361697435379,434.813946858048,0,118.927844911814,308.268573254347,18971.2468310744,0,443.322712793946,6.02908165752888,245.140983819962,2.19179965555668,582.312350139022,2.53826808929443,21.2918132096529,1.66148570924997,1979.94653268903,1303.85268932581,684.137029692531,0,0,0,0,0,0,0,9.69216549396515,0,0,0,0,0,0.271016091108322,2149.64754024893,0,0,0,0,0,0,0,0,0,0,0,893.17986766994,0,618.82282808423,155.023764356971,0,0,504.748001292348,1895.85977422446,9.04777337610722,1846.28336957097,0,21.3605818003416
0,0,0,10.0137547254562,0,0,0,0,0,12.4938646554947,0,148.407926440239,0,0,0,0,1.18155506253242,0.630201876163483,26.2904520630836,0,0,499.133541092277,0,116.340606808662,0,0,0,2.97399434447289,0,32.9318626672029,0,0,0,1058.11820910871,0,200.413596689701,0,10782.2005229294,0,0.99868643283844,0,4.72461074590683,0,1.84552919864655,0,172.767400294542,0,791.553903758526,0,220.946284815669,0,0,0,0,0,71.3913664668798,0,3.21290063858032,0,0.203361019492149,0,0,183.108465567231,0,808.46795168519,0,722.395560368896,0,0,0,237.919136554003,0,216.560159295797,0,0,0,241.803481370211,0,1645.75458608568,0,0,0,209.410138949752,7.34183764457703,71.6797034740448,3.01780807971954,0
0,0,0,0,0,0,0,0,17.3183080255985,0,17.921962082386,0,0,0,0,0,0,0,0,0,0,0,351.541178628802,0,226.738425627351,0,0,0,2.68436789512634,0,0,0,0,5.90263426303864,525.643875792623,0,207.57784358412,0,9573.79480709136,0,0,0,2.97208547592163,0,0,0,0,2147.80327998102,1080.6355805397,0,0,0,0,0,183.807699412107,0,0,0,0,0,0,0,0,0,0,1102.35659915209,0,420.226379677653,0,0,0,363.251012891531,0,408.68400734663,0,0,0,439.567503377795,0,504.748001292348,0,0,458.204912081361,9.87744772434235,56.7252740263939,0,0
91.0875682234764,31.685130879283,25.7319904267788,72.301157400012,11.8667730093002,108.808228105307,0,16.5794998407364,1410.93634919822,168.202258735895,8.92979663610458,166.512799680233,0,2.68344879150391,0,1,10119.7355408669,9962.87845885754,6247.90102688968,108.489871069789,7.12588858604431,472.134078770876,565.612406745553,94.4197546839714,844.413297638297,188.583622202277,225.282042309642,15.9132927060127,0,0,0,45.071266412735,314.001169517636,251.240422040224,318.254768893123,2462.61239568889,2806.46008697152,768.687148794532,1561.49709551036,97.8406908661127,84.7058655619621,1318.3505692482,1330.71984592825,288.848661184311,43.3616649955511,40.716584213078,181.261859163642,2538.87577563524,744.171151958406,885.980208292603,76.2980095148087,6.64515590667725,0,0,405.17187744379,4.00031596422195,23.9936700463295,34.4553749635816,0,71.7640469074249,0,0.710057616233826,253.982990384102,55.4317577779293,142.733785748482,164.38419829309,115.461122080684,405.004320293665,12.8063350319862,37.9513199925423,0,0,8.58050111681223,0,15.855103969574,21.201981306076,104.225590527058,80.4327104985714,1028.47003354132,1895.85977422446,209.410138949752,458.204912081361,0,810.311950072646,4051.88995760679,105.082888290286,226.952659502625
0,0,1.92337071895599,0,0,0,0,0,14.915308713913,0,0,0,0,0,0,0,43.2424091100693,1932.08919747174,18.0555777400732,0,0,0,0,0,0,10.9184198379517,0,27.0223100781441,0,0,0,0,0,0.928576648235321,0,0,110.837553888559,16.3511164188385,0,0,6.5501766204834,0,48.522522777319,3.4604174643755,21.2265927642584,1.95526802539825,20.9152696430683,0,1.72045385837555,0,0,0,0,0,3.38507008552551,0,0,0,0,0,0,0,0,0.476062372326851,0,0,0,0,0,0,26.121086359024,0,0,0,0,0,0,0,0.814188838005066,9.04777337610722,7.34183764457703,9.87744772434235,810.311950072646,0,163.329263776541,0,3.40495064854622
