0,0,212.56763574481,0,1.72880184650421,0,0,0,360.067543894053,0,0,0,0,0,3.57706901431084,0,6.50412807613611,0.124466396868229,74.5550612211227,0,0,0,0,0,1.74582195281982,0,0,0,0,0,0,0,0,0,0,0,0,0,0.944057539105415,0.532615058124065,1.34154677391052,1.107396453619,6.28835287690163,0,0,0,4.60078281164169,0,211.085274502635,0,0.300228387117386,0,0,0,191.690387070179,0,0,0,5.73021119832993,0,28.6178252846003,0,0.180265054106712,0.236685663461685,0,0,0,12.4819124639034,0,1.49141466617584,0,0.285303801298141,0.246118053793907,3.03609582781792,0,0,0,0,3.94513017684221,30.2559885531664,0,0.492570012807846,84.9709495529532,0.1992332264781,247.757548436522,0.119422055780888,2.38994240760803
0,0,0,85.2495989724994,0,0,0,0,0,178.144601628184,0,0,0,9.07301896810532,0,3.16427147388458,0,0,1.13691227138042,0,0,0,0,2.89250254631042,0,0,0,0,0,0,0,0,0,0,0,0,0,10.5172275453806,0,0.600059747695923,0,195.991479195654,0.959187865257263,0,0,0,1.34096372127533,1.59440626204014,0,265.787882938981,0,0,0,0,0,128.014728590846,0,0.782765835523605,0,0,0,99.9633620083332,0,0,0,0,2.20014092326164,0,0,0,0,0,3.90190291404724,0,0,0,0,0,0.614885002374649,0,0,0,134.452401056886,0,336.293994031847,27.6569056361914,0
212.56763574481,0,0,0,36.2454038336873,0,0,0,26.6021810919046,0,0,0,0,0,0.42207396030426,0,0,0,5.62087185680866,0,1.39545156806707,0,0,0,0,0,0,0,0,0,0,0,0,0,0,0,0.258207909762859,0,0.216259866952896,0.908289074897766,1.42228578031063,0,62.0399997532368,0,0,0,12.3371711969376,0.950780645012856,148.187224343419,0,61.2955860644579,0,0,0,60.3790443688631,0,25.3442004621029,0,13.0188289880753,0,12.0234621316195,0,0,16.9312105998397,0,0,0,0,0,0,0,1.06970993429422,0,11.2747774198651,0,0,0,0,0,51.8196297287941,0,28.4163578078151,20.2715972363949,1.05870895087719,181.294056661427,0,0
0,85.2495989724994,0,0,0,180.128378674388,0,0,0,66.1332833319902,0,0,0,0,0,0,0.384682714939117,0,4.48446883261204,0,0,0,0,0.489787116646767,0,0,0,0,0,0,0,0,0,0,0,0,0,1.05695489794016,0,19.012546248734,0,145.694450430572,15.2097898572683,0,0,4.41071163117886,1.45777189731598,5.69321417808533,0,150.464482657611,0,187.746468067169,0,0,0,92.1210045218468,0,35.664346896112,0,0.629774302244186,0,80.7217918634415,0.108737207949162,0,0,0,0.832818999886513,0,0,0,0,0,108.078221172094,0,0,0,0,0,31.7397739812732,0,13.1801349818707,0,135.072233386338,0,285.136979900301,10.2181501239538,0
1.72880184650421,0,36.2454038336873,0,0,0,0,0,77.5295642465353,0,0,0,0,0,0,0,0,0,0,0,1.51381342113018,0,0,0,0,0,0,0,0,0,0,0,0,0,0,0,1.31766906380653,0,0,0,1.3827702999115,0,38.8869824260473,0,0,0,6.00245702266693,0,0.172324299812317,0,315.856656610966,0,0,0,6.85908806324005,0,8.07333566248417,0,1.21566487848759,0,0,0,0,0.20289334654808,0,0,0,0,0,0,0,0,0,0.69444876909256,0,0,0,0,0,3.58944499492645,0,0.199334055185318,98.4269046187401,1.78841930627823,125.287612646818,0,0
0,0,0,180.128378674388,0,0,0,0,0,0,0,0.802160441875458,0,0,0,3.4187183380127,0,0,0,16.4905383586884,0,0,0,0,0,0,0,0,0,0,0,0,0,0,0,0,0,0,0,2.49420323967934,0,3.78104510903358,1.67849493026733,0,0,0,1.49783885478973,0,0,0.534831881523132,0,108.378650069237,0,0,0,0,0,43.8905456215143,0,1.84461985528469,0,0,29.9034884274006,0,0,0,0,0,0,0,0,0,0,0,0,0,0,0,2.4224693775177,0,0,0,759.642172373831,0,66.3248909860849,0,0
0,0,0,0,0,0,0,0,0,0,6.08731341362,0,9.53338372707367,0,0,0,0,0,0,0,1.44892156124115,0,0,0,0,0,0,0,0,0,0,0,0,0,0,0,6.59027740359306,0,0,0,0,0,0,0,0,0,0,0,0,0,22.8195908069611,0,15.937294960022,0,0,0,3.4103627204895,0,2.36850094795227,0,0,0,0,0,0,0,0,0,0,0,0,0,0,0,0,0,0,0,0,1.70809991657734,0,0,118.515548944473,0,0,0,0
0,0,0,0,0,0,0,0,0,0,0,0,0,70.537052154541,0,0,0,0,0,14.822868347168,0,0,0,0,0,0,0,0,0,0,0,0,0,0,0,5.71298283338547,0,0,0,0,0,0,0,0,0,0,0,0,0,0,0,4.60529613494873,0,165.479721307755,0,0,0,65.7580329179764,0,0,0,0,12.3902583420277,0,0,0,0,0,0,0,0,0,0,0,0,0,0,0,0,0,0,0,1,0,0,0,0
360.067543894053,0,26.6021810919046,0,77.5295642465353,0,0,0,0,0,0,0,0,0,22.8150893002748,0,328.324691548944,5.25210425257683,4.07309958338737,0,1.12706479430199,0,2.54658752679825,0,2.54242554306984,0,0.699473559856415,0,0,0,0,0,0,0,0,0,0,0,0.732524111866951,0.15975233912468,0.373500838875771,0,34.7996560484171,0,0,0,0,0,20.7788357585669,0,0,0,0,0,473.48598818481,0,24.2690509855747,0,17.2504784315825,0,193.404445677996,0,0,2.71074429154396,0,0,0,5.23040440678596,0,20.646089553833,0,0.214088961482048,0,9.998670399189,0,0,0,0,0,2.91616368293762,0,7.99766406416893,804.110459834337,39.20210198313,142.38303142041,0,0
0,178.144601628184,0,66.1332833319902,0,0,0,0,0,0,0,0,0,0,0,29.042143702507,0,35.9405094832182,1.01927864551544,0,0,0,0,9.02852728962898,0,10.7556955814362,0,0,0,0,0,0,0,0,0,0,0,3.25329481065273,0,0,0.175430208444595,34.8576579838991,0,0,0,0,0,1.18965208530426,0,22.3022983074188,0,0,0,0,0,219.528609514236,0,0.35734823346138,0,0,0,0.238490641117096,0,0,0,0,12.8644189685583,0,0,0,0,0,0.682185173034668,0,0,0,0,0,0,0,0,0,995.589126653969,45.8455525636673,58.9661784172058,4.09171506762505,0
0,0,0,0,0,0,6.08731341362,0,0,0,0,0,51.3668237030506,0,0,0,0,0,0,0,257.704308867455,0,0,0,0,0,0,0,51.8610320091248,0,12.5172832012177,0,0,0,0,0,586.073433712125,0,1539.71602070332,0,0,0,0,0,0,0,0,0,0,0,0,0,0,0,0,0,1951.64904984832,0,395.017549291253,0,0,0,0,1.19444847106934,0,0,0,0,0,0,0,162.884672105312,0,56.3300224542618,0,0,0,0,0,99.1995425224304,0,134.781874373555,277.007435321808,10.8977031707764,0,0,0
0,0,0,0,0,0.802160441875458,0,0,0,0,0,0,0,132.103954076767,0,0,0,0,0,435.264192163944,0,0,0,0,0,0,0,0,0,1.20815646648407,0,0,0,0,0,313.313080072403,0,541.712857171893,0,0,0,0,0,0,0,0,0,0,0,0,0,15.237784743309,0,0,0,0,0,2094.48871085048,0,820.708644390106,0,0,374.159113883972,0,0,0,0,0,0,0,0,0,33.7835488319397,0,0,0,0,0,21.2274211645126,0,363.567889630795,0,414.445422708988,3.55881285667419,4.95901107788086,0,0
0,0,0,0,0,0,9.53338372707367,0,0,0,51.3668237030506,0,0,0,70.6027893424034,0,18.1797779202461,0,0,0,0,0,0,0,0,0,6.48940473794937,0,10.8429356217384,0,0,0,0,0,0,0,0,0,0,0,0,0,0,0,0,0,0,0,2.19862438738346,0,0,0,0,0,0,0,15.4406040757895,0,476.52625849843,0,8.62813797593117,0,0,0,0,0,0,0,0,0,0,15.2673258781433,0,0,0,0,0,0,0,0,0,0,343.618182897568,296.153597176075,0.878817871212959,0,0
0,9.07301896810532,0,0,0,0,0,70.537052154541,0,0,0,132.103954076767,0,0,0,100.811449170113,0,0.392016679048538,0,0,0,0,0,0,0,0,0,9.917156457901,0,0,0,0,0,0,0,0,0,0,0,0,0,0,0,0,0,0,0,0,0,0,0,0,0,6.96949768066406,0,15.8320885747671,0,117.752475857735,0,1564.19395507872,0,305.89779189229,0,0,0,0,0.166015014052391,0,0,0,10.2132792472839,0,0,0,0,0,0,0,0,0,0,0,316.648776337504,67.1941673755646,0,0,0
3.57706901431084,0,0.42207396030426,0,0,0,0,0,22.8150893002748,0,0,0,70.6027893424034,0,0,0,135.033128678799,0,0.277045458555222,0,0,0,0,0,2.25227427482605,0,2.49311476945877,0,4.40716564655304,0,0,0,0,0,0,0,0,0,0.819588541984558,0,0,0,0,0,0,0,0,0,22.1603370010853,0,0,0,0,0,8.48450112342834,0,0,0,92.6200763732195,0,70.0007261633873,0,0,0,0,0,0,0,0,202.676005959511,0,0,0,0.167060360312462,0,0,0,0,0,0.181360885500908,0,0.115566298365593,42.976925611496,68.3781582117081,5.28380547463894,0,0
0,3.16427147388458,0,0,0,3.4187183380127,0,0,0,29.042143702507,0,0,0,100.811449170113,0,0,0,16.4824317097664,0,0,0,0,0,0.748646184802055,0,0,0,0,0,0,0,0,0,0,0,0,0,0,0,0,0,0,0,0,0,0,0,0,0,0,0,0,0,0,0,50.6314512938261,0,0,0,8.95779058337212,0,200.93124499917,0,0,0,0,7.32646141946316,0,0,0,0,0,0,0,0,0,0,0,0,0,0,0,149.507321566343,0,0,0,0
6.50412807613611,0,0,0.384682714939117,0,0,0,0,328.324691548944,0,0,0,18.1797779202461,0,135.033128678799,0,0,10641.4599577039,3966.53313336521,0,0,9.6902931034565,1691.38912178576,32.3764469623566,188.528450593352,14.5491583049297,1135.25429660082,0,58.7476724982262,0,0,0,0,0,0,0,0.496504366397858,0,0,34.4443216696382,8.81177873909473,23.4395175203681,11.4425147548318,0,0,1.24101543426514,57.3975211754441,0,0.258325904607773,0.330575957894325,0,0,0,0,55.0439586639404,0,0.385735929012299,0.264746755361557,0,0,0.641068994998932,0,4.58467765152454,4.07862378656864,0.192965626716614,52.228180706501,0,19.0038831233978,0,92.1914039701223,0,0,0.368907332420349,0.196631282567978,0,0,0,0,69.1546861603856,82.1072252318263,1.79926594346762,23.057908654213,6538.54496771842,1733.93818124384,77.0466846227646,2.07049855589867,5.81554777920246
0.124466396868229,0,0,0,0,0,0,0,5.25210425257683,35.9405094832182,0,0,0,0.392016679048538,0,16.4824317097664,10641.4599577039,0,3348.81711333245,0,0.121170781552792,945.008108854294,24.0608471184969,289.353797703981,2.10988140106201,1828.11628839374,3.16300278902054,4.41211128234863,0,0,0,0,0,0,0,0,0,0,0,32.5501708686352,6.56153596937656,31.226069316268,6.8744780421257,0.580519914627075,0,0.558857381343842,10.8623030558228,0,0,0.766968369483948,0,0,0,0,1.41087947785854,0,0.520967423915863,0,0.229482159018517,0,0,0,1.63202604651451,1.34814164042473,24.5671368539333,0,0,0,0,0,0,0.300116986036301,1.05859340727329,2.10642440617085,0,0,0,0,44.0669358149171,21.1878965273499,4.67329840362072,4.77397441864014,8073.69317860901,2366.39553001523,70.0203993991017,7.26828284561634,2.02603200078011
74.5550612211227,1.13691227138042,5.62087185680866,4.48446883261204,0,0,0,0,4.07309958338737,1.01927864551544,0,0,0,0,0.277045458555222,0,3966.53313336521,3348.81711333245,0,0,8.94818146526814,0.225687026977539,3.63832132518291,2.43750242888927,0,3.85300913453102,0,0,0,0,0,0,0,0,0,0.166467875242233,5.80569932609797,0.12152349203825,0,1019.34125437587,296.420932352543,1568.14286401868,586.026554383337,2.75684326887131,16.0673120692372,13.4249257296324,844.094880647957,2.04279366135597,18.0471653044224,15.5902560576797,0.190968930721283,0,0,0,8.70151527225971,0,26.2970236465335,6.87394662201405,11.7348280698061,0,3.24179440736771,0,20.5276408270001,124.961027257144,0,0,0,0,0,0,0,0.577308386564255,133.66808604449,46.7344488799572,0,0,0,0,1098.47536750138,1463.81016940624,73.4743952676654,285.238456457853,3547.3027112782,39.5232182219625,2344.39966180921,415.937033236027,225.726434290409
0,0,0,0,0,16.4905383586884,0,14.822868347168,0,0,0,435.264192163944,0,0,0,0,0,0,0,0,0,0,0,0,0,0,0,0,0,0,0,0,0,0,0,260.266599789262,0,140.753109812737,0,0,0,0,0,0,0,0,0,0,0,0,0,1.90959537029266,0,0,0,0,0,318.71362438798,0,0,0,0,3204.73584367335,0,0,0,0,0,0,0,0,0,0,0,0,0,0,0,223.537414848804,0,74.407710313797,0,189.452704623342,0,44.6925957798958,0,0
0,0,1.39545156806707,0,1.51381342113018,0,1.44892156124115,0,1.12706479430199,0,257.704308867455,0,0,0,0,0,0,0.121170781552792,8.94818146526814,0,0,0,0,0,0,0,0,0,0,0,0,0,0,0,0,0,2130.35873413086,0,424.947636306286,0,5.06156396865845,0,3.19384641945362,0,0,0,9.71269547939301,0,0,0,0.192219540476799,0,0,0,0.284746631979942,0,767.77621550858,0,0.465890005230904,0,0.0959376841783524,0,0,764.784767985344,0,0,0,0,0,0,0,0,0,0.742769777774811,0,0,0,0,0,929.720452837646,0,97.5818594843149,380.586958840489,21.4611491262913,95.6609649211168,0,0
0,0,0,0,0,0,0,0,0,0,0,0,0,0,0,0,9.6902931034565,945.008108854294,0.225687026977539,0,0,0,1173.75657340884,116.665257573128,0,174.905261307955,0,220.945929691195,0,0,0,0,0,0,0,0,0,1645.36726200581,1.69899022579193,0,0,0,0,0,0,0,0,0,0,0,0,0,0,0,0,0,0,0,0,0,0,0,0,0,7498.63037548959,124.336063340306,111.533551692963,0,43.5655478090048,0,94.7060505151749,0,0,0,0,0,0,0,0,0,631.540194049478,0.424438327550888,2433.49197281897,1810.66360577941,0,0,0
0,0,0,0,0,0,0,0,2.54658752679825,0,0,0,0,0,0,0,1691.38912178576,24.0608471184969,3.63832132518291,0,0,1173.75657340884,0,0,233.41889578104,0,118.545516580343,0,466.064639359713,0,0,0,0,0,0,0,0,46.8519305586815,1911.47918067873,0,0,0.531981408596039,0,0,0,0,0,0,8.39951360225677,0,0,0,0,0,0,0,0,0,0,0,0,0,0,0,49.1863941550255,9862.77014061064,0,98.7251257896423,0,36.4759374856949,0,41.0760799944401,0,0,0,0,0,0,0.156818315386772,0.167896404862404,9.00914472341537,256.653548568487,2105.91644363105,1930.50433827937,0,0,0
0,2.89250254631042,0,0.489787116646767,0,0,0,0,0,9.02852728962898,0,0,0,0,0,0.748646184802055,32.3764469623566,289.353797703981,2.43750242888927,0,0,116.665257573128,0,0,0,761.570410862565,0,0,0,0,0,0,0,0,0,0,0,299.922343835235,0,0.581089854240417,0,1.06428942084312,0,0,0,0,0,0,0,4.64201956987381,0,0,0,0,0,111.150519043207,0,0,0,0,0,1.41253488510847,0,0,146.643142282963,0,848.843160808086,0,204.753828555346,0,0,0,0,0,0,0,0,0,0,0,95.601023927331,0,347.003025889397,0,0.131146967411041,0.465458124876022,0
1.74582195281982,0,0,0,0,0,0,0,2.54242554306984,0,0,0,0,0,2.25227427482605,0,188.528450593352,2.10988140106201,0,0,0,0,233.41889578104,0,0,0,44.8218746185303,0,0,0,0,0,0,0,0,0,0,0,148.833528265357,0,0,0,1.63947510719299,0,0,0,0,0,16.8490992039442,0,0,0,0,0,18.3332225382328,0,0,0,1.37186807394028,0,0.271705090999603,0,0,0,0,142.158529341221,0,495.002288118005,0,689.194463208318,0,0,0,0,0,0,0,0,0,0,0,45.2853783369064,343.024901285768,0,22.8653958290815,0,0
0,0,0,0,0,0,0,0,0,10.7556955814362,0,0,0,0,0,0,14.5491583049297,1828.11628839374,3.85300913453102,0,0,174.905261307955,0,761.570410862565,0,0,0,78.6341630518436,0,0,0,0,0,0,0,0,0,0,0,0,0,0,0,0,0,0,0,0,0,0,0,0,0,0,0,0.140073493123055,0,0,0,0,0,0,0,0,23.2708509266376,0,450.567726865411,0,40.638080239296,0,33.453852891922,0,0,0,0,0,0,0,0,0,0,0,198.121444776654,1.96485847234726,0,0,0
0,0,0,0,0,0,0,0,0.699473559856415,0,0,0,6.48940473794937,0,2.49311476945877,0,1135.25429660082,3.16300278902054,0,0,0,0,118.545516580343,0,44.8218746185303,0,0,0,49.888469517231,0,0,0,0,0,0,0,0,0,0,0,0,0,0,0,0,0,0,0,0,0,0,0,0,0,0,0,0,0,0,0,0,0,0,0,0,3.8863787651062,0,13.0389010608196,0,325.197942301631,0,2.99037802219391,0,0,0,0,0,0,0,0,0,0,111.900673791766,0.267214715480804,0,0,0
0,0,0,0,0,0,0,0,0,0,0,0,0,9.917156457901,0,0,0,4.41211128234863,0,0,0,220.945929691195,0,0,0,78.6341630518436,0,0,0,60.6090679168701,0,0,0,0,0,0,0,83.7490905076265,0,0,0,0,0,0,0,0,0,0,0,0,0,0,0,0,0,0,0,0,0,63.1550747156143,0,0,0,0,145.364245772362,0,0,0,244.371253430843,0,2463.78856693208,0,1.25527560710907,0,0,0,0,0,0,0,70.4439642131329,0,458.94716244936,169.494392693043,0,0,0
0,0,0,0,0,0,0,0,0,0,51.8610320091248,0,10.8429356217384,0,4.40716564655304,0,58.7476724982262,0,0,0,0,0,466.064639359713,0,0,0,49.888469517231,0,0,0,216.562714010477,0,0,0,0,0,0,0,186.403743430972,0,0,0,0,0,0,0,0,0,0,0,0,0,0,0,0,0,0,0,13.8753327131271,0,0,0,0,0,0,30.1984968185425,0,0,0,17.6346845030785,0,1332.91616177559,0,0,0,0,0,0,0,0,0,8.02595835924149,455.714625656605,68.2071126103401,0,0,0
0,0,0,0,0,0,0,0,0,0,0,1.20815646648407,0,0,0,0,0,0,0,0,0,0,0,0,0,0,0,60.6090679168701,0,0,0,0,0,0,0,0,0,385.272460952401,0,0,0,0,0,0,0,0,0,0,0,0,0,0,0,0,0,0,0,0,0,0,0,0,0,0,0,0,0,0,0,0,268.453843712807,0,139.047388270497,0,0,0,0,0,0,0,98.3455223590136,0,1,0,0,0,0
0,0,0,0,0,0,0,0,0,0,12.5172832012177,0,0,0,0,0,0,0,0,0,0,0,0,0,0,0,0,0,216.562714010477,0,0,0,0,0,0,0,0,0,216.032156407833,0,0,0,0,0,0,0,0,0,0,0,0,0,0,0,0,0,4.41458702087402,0,0,0,0,0,0,0,0,0,0,0,0,0,0,442.818920016289,0,290.322480559349,0,0,0,0,0,0,0,17.8890991955996,91.7800333797932,106.749006152153,0,0,0
0,0,0,0,0,0,0,0,0,0,0,0,0,0,0,0,0,0,0,0,0,0,0,0,0,0,0,0,0,0,0,0,634.259290367365,32.0427767336369,29.2712997794151,633.536898627877,58.3473410606384,0,0,0,0,0,0,0,0,0,0,953.305719509721,0,3.90563115477562,0,0,0,0,0,0,0,0,0,0,0,0,0,0,0,0,0,0,0,0,0,0,0,0,919.030882194638,1023.21174699068,34.2839800417423,103.587434768677,35.0429649204016,53.7695159912109,0,0,203.045046269894,0,0,0,0
0,0,0,0,0,0,0,0,0,0,0,0,0,0,0,0,0,0,0,0,0,0,0,0,0,0,0,0,0,0,0,634.259290367365,0,4.88290867209435,54.1072452068329,128.575335562229,107.725996464491,0,0,0,0.651250243186951,0,1.488116979599,0,0,0,0,775.302322164178,5.3285196274519,0,0,0,0,0,0,0,0,0,0,0,0,0,0,0,0,0,0,0,0,0,0,0,0,0,3.25311547517776,1892.29776921868,0,23.456558957696,27.7391834259033,361.739875495434,0,0,8.46326053142548,0,0,0,0
0,0,0,0,0,0,0,0,0,0,0,0,0,0,0,0,0,0,0,0,0,0,0,0,0,0,0,0,0,0,0,32.0427767336369,4.88290867209435,0,1471.15942916274,257.501426950097,4.64932334423065,244.549775719643,72.9099004268646,0,0,0,0,0,0,0,0,1002.62189693749,0.611049592494965,0,0,0,0,0,0,0,0,0,0,0,0,0,0,0,0,0,0,0,0,0,0,0,0,0,20.9764671325684,32.693246781826,2192.35379493982,2372.29006579518,219.308416999876,0,106.048280417919,321.023986697197,371.593970626593,46.629819303751,0,0,0
0,0,0,0,0,0,0,0,0,0,0,0,0,0,0,0,0,0,0,0,0,0,0,0,0,0,0,0,0,0,0,29.2712997794151,54.1072452068329,1471.15942916274,0,0,490.10951924324,15.4944033175707,175.986783415079,0,0,0,2.95699316263199,0,0,0,0,774.935526773334,1.72053003311157,0,0,0,0,0,0,0,0,0,0,0,0,0,0,0,0,0,0,0,0,0,0,0,0,0,11.3795726895332,113.778557777405,397.915210530162,3152.2624771446,1.27574527263641,183.756641998887,19.7268863767385,844.73492795229,243.270159363747,6.21116375923157,0.963142871856689,0,0
0,0,0,0,0,0,0,5.71298283338547,0,0,0,313.313080072403,0,0,0,0,0,0,0.166467875242233,260.266599789262,0,0,0,0,0,0,0,0,0,0,0,633.536898627877,128.575335562229,257.501426950097,0,0,1293.97102485597,3113.71291923523,8.89562696218491,0.257057636976242,0,0,0,0,0,0.7470573335886,0,61.9474802613258,0,0.422686949372292,0,0,0,0,0,0,0,439.109141528606,0,0,0,0,1436.74276801944,0,0,0,0,0,0,0,0,0,0.19986928999424,0,601.491732478142,0.721069902181625,1156.70905162394,0,17094.1862060279,603.780087977648,613.637166708708,0,1701.42580087483,274.966444045305,40.2181898280978,0,0
0,0,0.258207909762859,0,1.31766906380653,0,6.59027740359306,0,0,0,586.073433712125,0,0,0,0,0,0.496504366397858,0,5.80569932609797,0,2130.35873413086,0,0,0,0,0,0,0,0,0,0,58.3473410606384,107.725996464491,4.64932334423065,490.10951924324,1293.97102485597,0,12.2509029954672,3757.97189761698,0,14.3437780439854,0,4.68563631922007,0,0.240327119827271,0,8.5511532574892,50.144576177001,11.1672093868256,0,0.440596729516983,0,0,0,0,0,1323.0662304759,0,0,0,0.303554847836494,0,0,938.837855763733,0,0,0,0,0,0,0,0,0,0,5.22773098945618,283.659167394042,41.4235641360283,1258.08465740085,109.009133607149,18242.3732518628,0.167582541704178,1544.03854718059,2960.13064732403,746.545598357916,46.0855168700218,0,0.195061475038528
0,10.5172275453806,0,1.05695489794016,0,0,0,0,0,3.25329481065273,0,541.712857171893,0,0,0,0,0,0,0.12152349203825,140.753109812737,0,1645.36726200581,46.8519305586815,299.922343835235,0,0,0,83.7490905076265,0,385.272460952401,0,0,0,244.549775719643,15.4944033175707,3113.71291923523,12.2509029954672,0,1060.28788471222,0,0,29.9692963063717,0,0,0,0.0911141708493233,0,0,0,17.6454911679029,0,0,0,0,0,24.3924553543329,0,368.12143522501,0,0,0,0,0,0,877.827880814672,15.7909770607948,402.631345435977,0,0,0,50.2683496177197,0,174.903969287872,0,0,0,46.4892663657665,0,1401.93185564131,1.95002870261669,13310.9116791263,1802.50866667926,1957.90631564707,558.980068355799,57.4736493676901,2.72594074904919,0
0.944057539105415,0,0.216259866952896,0,0,0,0,0,0.732524111866951,0,1539.71602070332,0,0,0,0.819588541984558,0,0,0,0,0,424.947636306286,1.69899022579193,1911.47918067873,0,148.833528265357,0,0,0,186.403743430972,0,216.032156407833,0,0,72.9099004268646,175.986783415079,8.89562696218491,3757.97189761698,1060.28788471222,0,0,0,0,0.25292044878006,0,0,0,1.11653971672058,6.96513029932976,326.122211232781,0,0,0,0,0,81.7411274909973,0,1073.80128447711,0,0.497793823480606,0,0,0,0,169.252851486206,0,1236.45760910213,0,686.667727939785,0,0,0,235.034323632717,0,449.582103967667,0,0,39.1350449025631,208.921796679497,0.691386640071869,837.32364680618,240.203475654125,15649.0098763481,2114.05630744994,978.863967478275,39.5919078737497,0,0
0.532615058124065,0.600059747695923,0.908289074897766,19.012546248734,0,2.49420323967934,0,0,0.15975233912468,0,0,0,0,0,0,0,34.4443216696382,32.5501708686352,1019.34125437587,0,0,0,0,0.581089854240417,0,0,0,0,0,0,0,0,0,0,0,0.257057636976242,0,0,0,0,3.0740075558424,1310.06712605804,8.23186127841473,0.903677940368652,0,47.0769665315747,19.1764498725533,35.8316486850381,0.886643886566162,360.800513103604,0,0,0,0,0,4.07472705841064,0.32165852189064,0.674803402274847,1.88441371917725,0,0,0,155.438280694187,2.75680086016655,0,0,0,0,0,0,0,0,26.1301604956388,1.84701873362064,0,0,0,0,282.576161138713,8.92122766375542,23.8161788284779,2.87081064283848,195.912248767912,1.45797790586948,1929.53080074489,111.499904379249,1.58257329463959
1.34154677391052,0,1.42228578031063,0,1.3827702999115,0,0,0,0.373500838875771,0.175430208444595,0,0,0,0,0,0,8.81177873909473,6.56153596937656,296.420932352543,0,5.06156396865845,0,0,0,0,0,0,0,0,0,0,0,0.651250243186951,0,0,0,14.3437780439854,0,0,3.0740075558424,0,7.60235635191202,240.649608954787,0,10.3106064796448,0,651.98564350605,782.722649633884,1575.02357263863,109.869191765785,0.141399636864662,0,0,0,2.81088817119598,0,3.80164086818695,0,2.33486622571945,0,4.30748520791531,0,0,406.049576498568,0,0,0,0,0,0,0,0,0,22.3001276105642,0,2.38929355144501,0,0,1.40303487330675,2688.73425132781,0.228232026100159,46.8667847961187,101.669948428869,0,648.762999482453,0.0840488970279694,111.34730552882
1.107396453619,195.991479195654,0,145.694450430572,0,3.78104510903358,0,0,0,34.8576579838991,0,0,0,0,0,0,23.4395175203681,31.226069316268,1568.14286401868,0,0,0,0.531981408596039,1.06428942084312,0,0,0,0,0,0,0,0,0,0,0,0,0,29.9692963063717,0,1310.06712605804,7.60235635191202,0,230.493689753115,1.13006108999252,1.74725008010864,34.6302150934935,21.6588926166296,535.230968952179,1.02367258071899,986.689294584095,0,0.431653439998627,0,0,0,4.45964871346951,0.993870303034782,18.0309194549918,0,0,0,4.88843275606632,27.963881328702,2.52192159742117,0,0,1.18255652487278,0,0,0,0,2.13560390472412,494.322750486434,2.54149819165468,0,0,0,0,713.646264560521,22.9190052673221,34.4324021041393,0.727091938257217,1775.9933212921,2.52728463709354,3909.23716730624,779.431835070252,5.44496405124664
6.28835287690163,0.959187865257263,62.0399997532368,15.2097898572683,38.8869824260473,1.67849493026733,0,0,34.7996560484171,0,0,0,0,0,0,0,11.4425147548318,6.8744780421257,586.026554383337,0,3.19384641945362,0,0,0,1.63947510719299,0,0,0,0,0,0,0,1.488116979599,0,2.95699316263199,0,4.68563631922007,0,0.25292044878006,8.23186127841473,240.649608954787,230.493689753115,0,0,46.5672838687897,6.09169951081276,617.452623941004,1260.72458039224,322.116406038404,9.46751368045807,15.1875672787428,0,0,0,61.8528140038252,0,366.852362729609,0.314411863684654,51.6616241931915,0,8.49883884191513,0,0,110.247722625732,0,0,0,0,0,0,0,45.950302913785,6.72829128056765,380.443216569722,0,0,0,0,4.03814327716827,776.858463950455,0,161.731361106038,1309.04679488391,31.6852793470025,4510.99008709192,9.03289017081261,795.87661100924
0,0,0,0,0,0,0,0,0,0,0,0,0,0,0,0,0,0.580519914627075,2.75684326887131,0,0,0,0,0,0,0,0,0,0,0,0,0,0,0,0,0,0,0,0,0.903677940368652,0,1.13006108999252,0,0,0,0,0,0,0,0,0,0,0,0,0,0,0,0,0,0,0,0,0,0,0,0,0,0,0,0,0,0,0,0,0,0,0,0,0.219825759530067,0,0,0,3.50003986060619,0,2.64158868789673,0,0
0,0,0,0,0,0,0,0,0,0,0,0,0,0,0,0,0,0,16.0673120692372,0,0,0,0,0,0,0,0,0,0,0,0,0,0,0,0,0,0.240327119827271,0,0,0,10.3106064796448,1.74725008010864,46.5672838687897,0,0,0,23.3307177573442,0,0,0,0.249725967645645,0,0,0,0,0,0,0,0,0,0,0,0,0.21883487701416,0,0,0,0,0,0,0,0,0,1.89287266135216,0,0,0,0,0.504300862550735,49.279627494514,0,15.3108398467302,66.7393648177385,0,50.3263936340809,0,10.473275706172
0,0,0,4.41071163117886,0,0,0,0,0,0,0,0,0,0,0,0,1.24101543426514,0.558857381343842,13.4249257296324,0,0,0,0,0,0,0,0,0,0,0,0,0,0,0,0,0.7470573335886,0,0.0911141708493233,0,47.0769665315747,0,34.6302150934935,6.09169951081276,0,0,0,0,10.9415387958288,0,4.76187574118376,0,0,0,0,0,0,0,6.92677279561758,0,0,0,0,1175.19809069484,0,0,0,0,0,0,0,0,0,38.2559434473515,0,0,0,0,0,346.513696618378,0.267439365386963,94.6569458842278,0,8.7927773296833,0,622.172778617591,2.3951061964035,1.48132705688477
4.60078281164169,1.34096372127533,12.3371711969376,1.45777189731598,6.00245702266693,1.49783885478973,0,0,0,0,0,0,0,0,0,0,57.3975211754441,10.8623030558228,844.094880647957,0,9.71269547939301,0,0,0,0,0,0,0,0,0,0,0,0,0,0,0,8.5511532574892,0,1.11653971672058,19.1764498725533,651.98564350605,21.6588926166296,617.452623941004,0,23.3307177573442,0,0,0,2.12496593594551,0,3.0923290848732,0,0,0,9.93712767958641,0,10.1179652363062,0,1.39155045151711,0,3.63444861769676,0,0.338567867875099,652.613015726209,0,0,0,0,0,0,0,3.43338632583618,1.55535146594048,14.3613513857126,0,0,0,0,23.1312027424574,640.152471102774,0.710395716130733,188.846182689071,214.737654194236,0.456898957490921,1250.86200323701,1.42752300202847,28.5864611119032
0,1.59440626204014,0.950780645012856,5.69321417808533,0,0,0,0,0,1.18965208530426,0,0,0,0,0,0,0,0,2.04279366135597,0,0,0,0,0,0,0,0,0,0,0,0,953.305719509721,775.302322164178,1002.62189693749,774.935526773334,61.9474802613258,50.144576177001,0,6.96513029932976,35.8316486850381,782.722649633884,535.230968952179,1260.72458039224,0,0,10.9415387958288,0,0,1677.14314892888,867.781361073256,0,0,0,0,0,0,0,1.05207856744528,0,0,0,0,0,0,0,0,0,0.26947009563446,0,0,0,0,5.85177732259035,0,620.30532848835,502.31431338191,191.801220104098,230.384878337383,308.574466131628,779.954623922706,5.09578993916512,6.80801287293434,2901.24109555781,9.35955053567886,415.63006427139,8.96811434626579,0
211.085274502635,0,148.187224343419,0,0.172324299812317,0,0,0,20.7788357585669,0,0,0,2.19862438738346,0,22.1603370010853,0,0.258325904607773,0,18.0471653044224,0,0,0,8.39951360225677,0,16.8490992039442,0,0,0,0,0,0,0,5.3285196274519,0.611049592494965,1.72053003311157,0,11.1672093868256,0,326.122211232781,0.886643886566162,1575.02357263863,1.02367258071899,322.116406038404,0,0,0,2.12496593594551,1677.14314892888,0,84.1310801506042,0,0,0,0,79.53000664711,0,47.9652797877789,0,188.332447573543,0,78.8775191456079,0,0,0,0,33.6555946022272,0,196.443247765303,0,17.0377009809017,0,12.0636093467474,0,67.7712132930756,0,18.9670869857073,0,13.5982762873173,0.326261043548584,932.991393558681,0,187.475356981158,68.0339687466621,0.479432076215744,929.223768308759,0,0
0,265.787882938981,0,150.464482657611,0,0.534831881523132,0,0,0,22.3022983074188,0,0,0,0,0,0,0.330575957894325,0.766968369483948,15.5902560576797,0,0,0,0,4.64201956987381,0,0,0,0,0,0,0,3.90563115477562,0,0,0,0.422686949372292,0,17.6454911679029,0,360.800513103604,109.869191765785,986.689294584095,9.46751368045807,0,0,4.76187574118376,0,867.781361073256,84.1310801506042,0,0,0,0,0,0,16.678036570549,0,16.0905826613307,0,44.6259653270245,0,6.56140145659447,0.282637298107147,0,35.7731852084398,0,20.0690982714295,0,22.361236795783,0,47.4407777190208,0,29.6387621164322,0,12.3536621183157,0,16.75615657866,0,333.297736927867,0.241360858082771,0,0,228.549044393003,0.104740247130394,1310.99539390951,78.396762676537,0
0.300228387117386,0,61.2955860644579,0,315.856656610966,0,22.8195908069611,0,0,0,0,0,0,0,0,0,0,0,0.190968930721283,0,0.192219540476799,0,0,0,0,0,0,0,0,0,0,0,0,0,0,0,0.440596729516983,0,0,0,0.141399636864662,0,15.1875672787428,0,0.249725967645645,0,3.0923290848732,0,0,0,0,0,189.033196747303,0,1.4840030670166,0,292.227727368474,0,7.20886489748955,0,0.2895527780056,0,0,2.99441123753786,0,0,0,0,0,0,0,0,0,1.61839407682419,0,0,0,0,0,9.62126322090626,0,3.01756456494331,124.491795495152,0,152.093834936619,0,0
0,0,0,187.746468067169,0,108.378650069237,0,4.60529613494873,0,0,0,15.237784743309,0,0,0,0,0,0,0,1.90959537029266,0,0,0,0,0,0,0,0,0,0,0,0,0,0,0,0,0,0,0,0,0,0.431653439998627,0,0,0,0,0,0,0,0,0,0,0,0,0,0,0,124.772327899933,0,3.82262820005417,0,2.39697654545307,2.17851203680038,0,0,0,0,0,0,0,0,0,0.329117581248283,0,0,0,0,0,0,0,0,0,117.105490922928,0,21.9077563434839,0,0
0,0,0,0,0,0,15.937294960022,0,0,0,0,0,0,0,0,0,0,0,0,0,0,0,0,0,0,0,0,0,0,0,0,0,0,0,0,0,0,0,0,0,0,0,0,0,0,0,0,0,0,0,189.033196747303,0,0,0,0,0,0,0,0,0,0,0,0,0,0,0,0,0,0,0,0,0,0,0,0,0,0,0,0,0,0,0,3,0,0,0,0
0,0,0,0,0,0,0,165.479721307755,0,0,0,0,0,6.96949768066406,0,0,0,0,0,0,0,0,0,0,0,0,0,0,0,0,0,0,0,0,0,0,0,0,0,0,0,0,0,0,0,0,0,0,0,0,0,0,0,0,0,0,0,78.5409233570099,0,0,0,0,0,0,0,0,0,0,0,0,0,0,0,0,0,0,0,0,0,0,0,0,0,0,0,0,0
191.690387070179,0,60.3790443688631,0,6.85908806324005,0,0,0,473.48598818481,0,0,0,0,0,8.48450112342834,0,55.0439586639404,1.41087947785854,8.70151527225971,0,0.284746631979942,0,0,0,18.3332225382328,0,0,0,0,0,0,0,0,0,0,0,0,0,81.7411274909973,0,2.81088817119598,0,61.8528140038252,0,0,0,9.93712767958641,0,79.53000664711,0,1.4840030670166,0,0,0,0,0,13.6963357403874,0,1.18656139075756,0,73.1628628969193,0,0,6.11728249490261,0,0,0,93.047743588686,0,0,0,0.51090832054615,0,8.80151903629303,0,0,0,0,0,40.8308908417821,0,333.090017102659,29.5073123723269,0.230544567108154,141.102245479822,0,0
0,128.014728590846,0,92.1210045218468,0,0,0,0,0,219.528609514236,0,0,0,15.8320885747671,0,50.6314512938261,0,0,0,0,0,0,0,111.150519043207,0,0.140073493123055,0,0,0,0,0,0,0,0,0,0,0,24.3924553543329,0,4.07472705841064,0,4.45964871346951,0,0,0,0,0,0,0,16.678036570549,0,0,0,0,0,0,0,1.3057062625885,0,0,0,120.276483774185,0,0,0,0,214.811835207045,0,0,0,0,0,1.61715400218964,0,0,0,0,0,0,0,11.2540166079998,0,38.7931566387415,0,104.200604721904,0,0
0,0,25.3442004621029,0,8.07333566248417,0,3.4103627204895,0,24.2690509855747,0,1951.64904984832,0,15.4406040757895,0,0,0,0.385735929012299,0.520967423915863,26.2970236465335,0,767.77621550858,0,0,0,0,0,0,0,0,0,4.41458702087402,0,0,0,0,0,1323.0662304759,0,1073.80128447711,0.32165852189064,3.80164086818695,0.993870303034782,366.852362729609,0,0,0,10.1179652363062,0,47.9652797877789,0,292.227727368474,0,0,0,13.6963357403874,0,0,0,271.458022795618,0,23.8265769928694,0,0,513.362267546356,0,0,0,0,0,0,0,32.0604555010796,0,519.274095587432,0,0,0,0,0,99.239450275898,0,12.3278991430998,169.901148110628,0.275365956127644,896.076438382268,0.673109710216522,4.16601587831974
0,0.782765835523605,0,35.664346896112,0,43.8905456215143,0,65.7580329179764,0,0.35734823346138,0,2094.48871085048,0,117.752475857735,0,0,0.264746755361557,0,6.87394662201405,318.71362438798,0,0,0,0,0,0,0,0,0,0,0,0,0,0,0,439.109141528606,0,368.12143522501,0,0.674803402274847,0,18.0309194549918,0.314411863684654,0,0,6.92677279561758,0,1.05207856744528,0,16.0905826613307,0,124.772327899933,0,78.5409233570099,0,1.3057062625885,0,0,0,124.2169470191,0,7.78009566664696,364.16649146378,0,0,0,0,0,0,0,0,0,181.067553818226,0,0,0,0,0,5.39215399324894,0,34.9118895530701,0,128.134497061372,0,227.627105399966,0.698713377118111,0
5.73021119832993,0,13.0188289880753,0,1.21566487848759,0,2.36850094795227,0,17.2504784315825,0,395.017549291253,0,476.52625849843,0,92.6200763732195,0,0,0.229482159018517,11.7348280698061,0,0.465890005230904,0,0,0,1.37186807394028,0,0,0,13.8753327131271,0,0,0,0,0,0,0,0,0,0.497793823480606,1.88441371917725,2.33486622571945,0,51.6616241931915,0,0,0,1.39155045151711,0,188.332447573543,0,7.20886489748955,0,0,0,1.18656139075756,0,271.458022795618,0,0,0,92.750018954277,0,0,3.63075318187475,0,0,0,0,0,10.5501195788383,0,47.8452584296465,0,14.6454421058297,0,0,0,0,0,25.9762459620833,0,5.08420892804861,187.675998769701,33.8249636888504,357.229782797396,0,0
0,0,0,0.629774302244186,0,1.84461985528469,0,0,0,0,0,820.708644390106,0,1564.19395507872,0,8.95779058337212,0,0,0,0,0,0,0,0,0,0,0,63.1550747156143,0,0,0,0,0,0,0,0,0,0,0,0,0,0,0,0,0,0,0,0,0,44.6259653270245,0,3.82262820005417,0,0,0,0,0,124.2169470191,0,0,0,88.8463544845581,0,0,0,0,0,0,0,0,4.53166103363037,0,0,0,0,0,0,0,0,0,0,0,247.055425107479,94.2754762172699,1.16201633214951,0,0
28.6178252846003,0,12.0234621316195,0,0,0,0,0,193.404445677996,0,0,0,8.62813797593117,0,70.0007261633873,0,0.641068994998932,0,3.24179440736771,0,0.0959376841783524,0,0,0,0.271705090999603,0,0,0,0,0,0,0,0,0,0,0,0.303554847836494,0,0,0,4.30748520791531,0,8.49883884191513,0,0,0,3.63444861769676,0,78.8775191456079,0,0.2895527780056,0,0,0,73.1628628969193,0,23.8265769928694,0,92.750018954277,0,0,0,0,6.61302664130926,0,0,0,3.79553683102131,0,24.6488421559334,0,2.34863495826721,0,7.83801036328077,0,0,0,0,0,17.4412884265184,0,6.29695528000593,13.4040815606713,0,62.4519901275635,0,0
0,99.9633620083332,0,80.7217918634415,0,0,0,0,0,0.238490641117096,0,0,0,305.89779189229,0,200.93124499917,0,0,0,0,0,0,0,1.41253488510847,0,0,0,0,0,0,0,0,0,0,0,0,0,0,0,0,0,4.88843275606632,0,0,0,0,0,0,0,6.56140145659447,0,2.39697654545307,0,0,0,120.276483774185,0,7.78009566664696,0,88.8463544845581,0,0,0,0,0,0,9.24099010229111,0,0,0,0,0,0,0,0,0,0,0,0,0,0,0,108.91368752718,0,6.8898264169693,0.554098725318909,0
0.180265054106712,0,0,0.108737207949162,0,29.9034884274006,0,12.3902583420277,0,0,0,374.159113883972,0,0,0,0,4.58467765152454,1.63202604651451,20.5276408270001,3204.73584367335,0,0,0,0,0,0,0,0,0,0,0,0,0,0,0,1436.74276801944,0,0,0,155.438280694187,0,27.963881328702,0,0,0,1175.19809069484,0.338567867875099,0,0,0.282637298107147,0,2.17851203680038,0,0,0,0,0,364.16649146378,0,0,0,0,0,0,0,0,0,0,0,0,0,0,60.1091458797455,0,0,0,0,0,698.466614238918,1.46940080821514,104.530857816339,0.165490627288818,210.036108165979,0,793.029197692871,1.84066870808601,0.316086202859879
0.236685663461685,0,16.9312105998397,0,0.20289334654808,0,0,0,2.71074429154396,0,1.19444847106934,0,0,0,0,0,4.07862378656864,1.34814164042473,124.961027257144,0,764.784767985344,0,0,0,0,0,0,0,0,0,0,0,0,0,0,0,938.837855763733,0,169.252851486206,2.75680086016655,406.049576498568,2.52192159742117,110.247722625732,0,0.21883487701416,0,652.613015726209,0,0,0,2.99441123753786,0,0,0,6.11728249490261,0,513.362267546356,0,3.63075318187475,0,6.61302664130926,0,0,0,0,0,0,0,0,0,0,1.40659973025322,0,71.7550806999207,0,0,0,0,1.69423654675484,995.622715651989,0,501.877582579851,270.452839680016,2.82394891232252,710.72671405226,0.162787809967995,21.7439600229263
0,0,0,0,0,0,0,0,0,0,0,0,0,0,0,0,0.192965626716614,24.5671368539333,0,0,0,7498.63037548959,49.1863941550255,146.643142282963,0,23.2708509266376,0,145.364245772362,0,0,0,0,0,0,0,0,0,877.827880814672,0,0,0,0,0,0,0,0,0,0,0,35.7731852084398,0,0,0,0,0,0,0,0,0,0,0,0,0,0,0,0,137.690523713827,0,5.94154417514801,0,18.9085818529129,0,0,0,0,0,0,0,0,0,179.663391411304,0,678.192135900259,387.060376763344,0,0,0
0,0,0,0,0,0,0,0,0,0,0,0,0,0,0,0,52.228180706501,0,0,0,0,124.336063340306,9862.77014061064,0,142.158529341221,0,3.8863787651062,0,30.1984968185425,0,0,0,0,0,0,0,0,15.7909770607948,1236.45760910213,0,0,0,0,0,0,0,0,0,33.6555946022272,0,0,0,0,0,0,0,0,0,0,0,0,0,0,0,0,0,0,27.5711226761341,0,6.34823703765869,0,10.2038006782532,0,0,0,0,0,0,0,0,2.31422054767609,261.220844909549,663.312026530504,218.956601053476,0,0,0
0,2.20014092326164,0,0.832818999886513,0,0,0,0,0,12.8644189685583,0,0,0,0.166015014052391,0,7.32646141946316,0,0,0,0,0,111.533551692963,0,848.843160808086,0,450.567726865411,0,0,0,0,0,0,0,0,0,0,0,402.631345435977,0,0,0,1.18255652487278,0,0,0,0,0,0,0,20.0690982714295,0,0,0,0,0,214.811835207045,0,0,0,0,0,9.24099010229111,0,0,137.690523713827,0,0,0,88.159037515521,0,0,0,0,0,0,0,0,0,0,0,383.519788652658,0,85.400962933898,0,19.8386858552694,0.884166359901428,0
12.4819124639034,0,0,0,0,0,0,0,5.23040440678596,0,0,0,0,0,0,0,19.0038831233978,0,0,0,0,0,98.7251257896423,0,495.002288118005,0,13.0389010608196,0,0,0,0,0,0,0,0,0,0,0,686.667727939785,0,0,0,0,0,0,0,0,0.26947009563446,196.443247765303,0,0,0,0,0,93.047743588686,0,0,0,0,0,3.79553683102131,0,0,0,0,27.5711226761341,0,0,0,50.7067783921957,0,0,0,0,0,0,0,0,0,0,0,484.40836648643,25.4204920232296,11.2936990261078,65.1994092166424,0,0
0,0,0,0,0,0,0,0,0,0,0,0,0,0,0,0,0,0,0,0,0,43.5655478090048,0,204.753828555346,0,40.638080239296,0,244.371253430843,0,0,0,0,0,0,0,0,0,0,0,0,0,0,0,0,0,0,0,0,0,22.361236795783,0,0,0,0,0,0,0,0,0,0,0,0,0,0,5.94154417514801,0,88.159037515521,0,0,0,235.058188408613,0,0,0,0,0,0,0,0,0,0,0,52.1601939201355,0,0,0,0
1.49141466617584,0,0,0,0,0,0,0,20.646089553833,0,0,0,0,0,202.676005959511,0,92.1914039701223,0,0,0,0,0,36.4759374856949,0,689.194463208318,0,325.197942301631,0,17.6346845030785,0,0,0,0,0,0,0,0,0,0,0,0,0,0,0,0,0,0,0,17.0377009809017,0,0,0,0,0,0,0,0,0,10.5501195788383,0,24.6488421559334,0,0,0,0,6.34823703765869,0,50.7067783921957,0,0,0,21.1771805584431,0,0,0,0,0,0,0,0,0,0,15.9840823411942,0,0,0,0
0,0,0,0,0,0,0,0,0,0,0,0,0,10.2132792472839,0,0,0,0,0,0,0,94.7060505151749,0,0,0,33.453852891922,0,2463.78856693208,0,268.453843712807,0,0,0,0,0,0,0,50.2683496177197,0,0,0,0,0,0,0,0,0,0,0,47.4407777190208,0,0,0,0,0,0,0,0,0,4.53166103363037,0,0,0,0,18.9085818529129,0,0,0,235.058188408613,0,0,0,0,0,0,0,0,0,0,0,133.439478591084,0,121.329073399305,30.486918926239,0,0,0
0.285303801298141,0,1.06970993429422,0,0,0,0,0,0.214088961482048,0,162.884672105312,0,15.2673258781433,0,0,0,0,0.300116986036301,0.577308386564255,0,0,0,41.0760799944401,0,0,0,2.99037802219391,0,1332.91616177559,0,442.818920016289,0,0,0,0,0,0,0,235.034323632717,0,0,2.13560390472412,45.950302913785,0,0,0,3.43338632583618,0,12.0636093467474,0,0,0,0,0,0.51090832054615,0,32.0604555010796,0,47.8452584296465,0,2.34863495826721,0,0,1.40659973025322,0,10.2038006782532,0,0,0,21.1771805584431,0,0,0,47.8782279193401,0,0,0,0,0,0,0,219.019382350147,96.8029928505421,55.3937029838562,76.5607600957155,0,0.269135355949402
0.246118053793907,3.90190291404724,0,108.078221172094,0,0,0,0,0,0.682185173034668,0,33.7835488319397,0,0,0,0,0.368907332420349,1.05859340727329,133.66808604449,0,0,0,0,0,0,0,0,1.25527560710907,0,139.047388270497,0,0,0,0,0,0.19986928999424,0,174.903969287872,0,26.1301604956388,0,494.322750486434,6.72829128056765,0,0,38.2559434473515,1.55535146594048,5.85177732259035,0,29.6387621164322,0,0.329117581248283,0,0,0,1.61715400218964,0,181.067553818226,0,0,0,0,60.1091458797455,0,0,0,0,0,0,0,0,0,0,0,0,0,0,0,47.0272256284952,2.35055261850357,48.8409402668476,0,198.061020322144,0.207128763198853,594.291027061641,36.1935739219189,0.168410882353783
3.03609582781792,0,11.2747774198651,0,0.69444876909256,0,0,0,9.998670399189,0,56.3300224542618,0,0,0,0.167060360312462,0,0.196631282567978,2.10642440617085,46.7344488799572,0,0.742769777774811,0,0,0,0,0,0,0,0,0,290.322480559349,0,0,0,0,0,0,0,449.582103967667,1.84701873362064,22.3001276105642,2.54149819165468,380.443216569722,0,1.89287266135216,0,14.3613513857126,0,67.7712132930756,0,1.61839407682419,0,0,0,8.80151903629303,0,519.274095587432,0,14.6454421058297,0,7.83801036328077,0,0,71.7550806999207,0,0,0,0,0,0,0,47.8782279193401,0,0,0,0,0,0,1.6467410326004,12.8157086968422,0,318.187608249485,160.472047202289,0.105279088020325,900.77062317729,0,43.9954941123724
0,0,0,0,0,0,0,0,0,0,0,0,0,0,0,0,0,0,0,0,0,0,0,0,0,0,0,0,0,0,0,919.030882194638,3.25311547517776,20.9764671325684,11.3795726895332,601.491732478142,5.22773098945618,0,0,0,0,0,0,0,0,0,0,620.30532848835,0,12.3536621183157,0,0,0,0,0,0,0,0,0,0,0,0,0,0,0,0,0,0,0,0,0,0,0,0,0,8.36666584014893,745.291274413466,12.0312260687351,4.81039200723171,0,0,0,135.428216427565,0,0,0,0
0,0,0,0,0,0,0,0,0,0,0,0,0,0,0,0,0,0,0,0,0,0,0,0,0,0,0,0,0,0,0,1023.21174699068,1892.29776921868,32.693246781826,113.778557777405,0.721069902181625,283.659167394042,0,0,0,2.38929355144501,0,0,0,0,0,0,502.31431338191,18.9670869857073,0,0,0,0,0,0,0,0,0,0,0,0,0,0,0,0,0,0,0,0,0,0,0,0,0,8.36666584014893,0,0,317.225613042712,1.62759748101234,581.269354104996,0,0,95.7716585695744,0,0,0,0
0,0,0,0,0,0,0,0,0,0,0,0,0,0,0,0,0,0,0,0,0,0,0,0,0,0,0,0,0,0,0,34.2839800417423,0,2192.35379493982,397.915210530162,1156.70905162394,41.4235641360283,46.4892663657665,39.1350449025631,0,0,0,0,0,0,0,0,191.801220104098,0,16.75615657866,0,0,0,0,0,0,0,0,0,0,0,0,0,0,0,0,0,0,0,0,0,0,0,0,745.291274413466,0,0,182.997817009687,514.787658840418,0,69.0991982072592,22.6273399293423,441.303606472909,17.9474757909775,0,0,0
0,0,0,0,0,0,0,0,0,0,0,0,0,0,0,0,0,0,0,0,0,0,0,0,0,0,0,0,0,0,0,103.587434768677,23.456558957696,2372.29006579518,3152.2624771446,0,1258.08465740085,0,208.921796679497,0,0,0,0,0,0,0,0,230.384878337383,13.5982762873173,0,0,0,0,0,0,0,0,0,0,0,0,0,0,0,0,0,0,0,0,0,0,0,0,0,12.0312260687351,317.225613042712,182.997817009687,0,0,377.544803783298,0,659.019971340895,189.236410260201,0,0,0,0
