0,0,8.00245283439579,0,12.413234277205,0,0,0,7.86400531291962,0,0,0,0,0,0,0,0,0,4.9327757358551,0,0,0,0,0,16.2545052255903,0,19.5385825634003,0,0,0,0,0,0,0,0,0,0,0,0,0,0,0,8.19381336234082,0,0,0,0,0,3.83198641630319,0,0,0,0,0,0,0,0,0,0,0,0,0,0,0,0,0,0,23.0266380310059,0,20.9615336826869,0,0,0,0,0,0,0,0,0,0,0,0,5.82031814614311,0,3.94387140704526,0,10.4695603649607
0,0,0,6.71001149268494,0,0,0,0,0,3.18372521400452,0,0,0,0,0,0,0,0,7.18320790204135,0,0,0,0,0,0,0,0,0,0,0,0,0,0,0,0,0,0,0,0,0,0,0,0,0,0,0,0,0,0,6.99523167270625,0,0,0,0,0,2.85372674465179,0,10.9442793528239,0,0,0,0,13.0280714035034,0,0,0,0,0,0,0,0,0,0,0,0,0,0,0,0,0,0,0,4.28276938671688,0,5.47947343912992,0,0
8.00245283439579,0,0,0,4.57105620180974,0,0,0,3.74046740531921,0,0,0,0,0,0,0,0,0,8.22274303436279,0,0,0,0,0,0,0,0,0,0,0,0,0,0,0,0,0,0,0,0,0,0,0,17.5669740306007,0,0,0,8.49843045882881,47.789493560791,8.90671101070586,0,3.31990730762482,0,0,0,3.23498539491133,0,3.09304197629293,0,3.21316495537758,0,0,0,0,20.2642986591046,0,0,0,0,0,0,0,0,0,0,0,0,0,45.096622467041,0,8.65077877044678,0,0,10.8154306913271,5.4835832118988,8.94985539317131,0,18.1350498821424
0,6.71001149268494,0,0,0,4.44969212091886,0,0,0,0,0,0,0,0,0,0,0,0,0,0,0,0,0,0,0,0,0,0,0,0,0,0,0,0,0,0,0,0,0,0,0,19.1896413167318,0,0,0,8.49406057834625,0,0,0,6.27010254632859,0,0,0,0,0,0,0,4.20692450585573,0,3.98989796638489,0,4.00289869308472,6.84623130436601,0,0,0,0,0,0,0,0,0,0,0,0,0,0,0,0,0,0,0,8.59761855476781,0,6.36175991418793,0,0
12.413234277205,0,4.57105620180974,0,0,0,3.17615330219269,0,3.67977169581822,0,35.5696182250977,0,0,0,0,0,0,0,0,0,0,0,0,0,0,0,0,0,0,0,0,0,0,0,44.9170341491699,0,0,0,0,0,26.169075012207,0,0,0,0,0,13.9779289909031,45.8241558074951,41.5041971206665,0,3.82787043643448,0,3.53558465412685,0,0,0,5.83938930218036,0,2.96367216110229,0,0,0,0,7.76211126969785,0,0,0,0,0,0,0,0,0,0,0,0,0,0,0,50.6719770431519,0,0,4.23163227087412,3.19778304100037,6.12737875744916,0,26.1490926742554
0,0,0,4.44969212091886,0,0,0,3.69658311208089,0,0,0,0,0,0,0,0,0,0,0,0,0,0,0,0,0,0,0,0,0,0,0,0,0,0,0,0,0,0,0,0,0,0,0,0,0,0,0,0,0,0,0,3.56162723572023,0,5.12409391769996,0,0,0,2.74603915214539,0,0,0,0,0,0,0,0,0,0,0,0,0,0,0,0,0,0,0,0,0,0,0,0,4.17770394138323,0,5.21236887931824,0,0
0,0,0,0,3.17615330219269,0,0,0,0,0,3.42637075696673,0,3.93674607430735,0,0,0,0,0,0,0,0,0,0,0,0,0,0,0,0,0,0,0,0,0,0,0,0,0,0,0,0,0,0,0,0,0,0,0,0,0,4.02132034301758,0,3.2018606095087,0,0,0,0,0,3.26058983802795,0,0,0,0,0,0,0,0,0,0,0,0,0,0,0,0,0,0,0,0,0,0,0,3.10859607505798,0,0,0,0
0,0,0,0,0,3.69658311208089,0,0,0,0,0,4.348012196712,0,0,0,0,0,0,0,8.57640600204468,0,0,0,0,0,0,0,0,0,0,0,0,0,0,0,0,0,0,0,0,0,0,0,0,0,0,0,0,0,0,0,2.90052084922791,0,4.03592249092303,0,0,0,2.73499274253845,0,2.85330442821278,0,0,0,0,0,0,0,0,0,0,0,0,0,0,0,0,0,0,0,0,0,0,3.90091280198433,0,0,0,0
7.86400531291962,0,3.74046740531921,0,3.67977169581822,0,0,0,0,43.1906642913818,0,0,20.5106163024902,0,14.9917185199794,0,27.5545121207642,54.8011475187359,29.8060420621343,0,0,30.6947765350342,33.5597177806653,46.7705116271973,21.8748311080369,52.9192752838135,25.2424406178323,0,24.4776633262634,0,0,0,0,0,0,0,88.1491470336914,0,10.9754135300131,0,39.6755218505859,51.038501739502,21.7985733747482,27.3027563095093,14.9098043441772,0,36.5391578674316,0,0,0,0,0,0,0,9.24858675047616,0,0,0,19.1398887634277,0,10.7156048839928,83.2164840698242,0,0,0,34.3990591800574,0,20.0869858224051,0,24.4034525910778,0,26.2067381540934,0,0,0,0,0,0,0,81.7298259735107,0,15.4260742053007,15.1012507198126,27.4113626480103,15.5467311541239,0,19.6099004745483
0,3.18372521400452,0,0,0,0,0,0,43.1906642913818,0,0,0,0,22.634485244751,0,15.3502556419373,45.6952439192887,27.5029022671894,19.6038209342957,0,0,28.0159637226778,56.6406192779541,18.6096721288591,38.7024762895372,23.209821999073,57.9610008239746,27.8020915985107,0,0,0,0,0,0,0,0,113.205688476562,0,36.1997394561768,0,0,0,0,45.7618103027344,0,0,0,0,0,0,0,0,0,0,45.2663040161133,6.34648191928864,0,0,0,0,0,14.0156487932011,0,0,25.047423250535,0,13.26404912478,35.5196342468262,21.5503798511541,78.1709162394206,0,0,0,0,0,0,0,0,0,0,0,48.2678833007812,20.1622976356144,38.2772127787272,0,0,0
0,0,0,0,35.5696182250977,0,3.42637075696673,0,0,0,0,0,0,0,0,0,79.2914276123047,0,66.0343151092529,0,8.30557235241352,0,0,0,0,0,0,0,0,0,4.67514178824069,0,53.4705438613892,0,54.8121929168701,0,43.8810164316645,0,7.10383999688285,0,41.5795505329714,0,33.1573056983948,0,0,0,25.5273096501992,55.1569689114889,47.258336864534,0,0,0,3.28310424259731,0,0,0,4.29306929354018,0,2.96175670623779,0,0,0,0,14.4233256771226,0,0,0,0,0,0,0,0,0,3.5239250870312,0,0,0,56.2977481418186,100.906845092773,41.4320288460988,0,29.1521524457789,7.62728316759005,3.10556356112162,25.9911901400639,0,17.4953792235431
0,0,0,0,0,0,0,4.348012196712,0,0,0,0,0,3.06612921448854,0,0,0,0,0,7.13612329604021,0,0,0,0,0,0,0,0,0,4.00667698318894,0,0,0,0,0,5.29450045766009,0,5.21218680714163,0,33.8889579772949,0,19.7471647262573,0,0,0,17.4587671279907,0,0,0,43.1853942871094,0,0,0,4.51727616330411,0,0,0,5.67934206514868,0,4.71431525051594,0,0,9.07384741758396,0,0,0,0,0,0,0,0,0,10.9177569081461,0,0,0,0,0,51.9233322143555,0,13.8949390067611,0,5.20833850518251,0,18.8329714139303,17.2375659942627,0
0,0,0,0,0,0,3.93674607430735,0,20.5106163024902,0,0,0,0,0,4.2929595708847,0,8.08290791511536,0,38.3737335205078,0,0,0,0,0,31.9656600952148,0,7.56642862289183,0,5.23287223852598,0,0,0,0,0,0,0,0,0,0,0,0,0,0,0,0,0,0,0,0,0,0,0,0,0,18.7347354888916,0,0,0,3.20449042320251,0,4.43724862525338,0,0,0,0,0,0,0,0,12.1188125610352,0,4.28074265993558,0,0,0,0,0,0,0,0,0,0,11.8453063283648,0,46.6700439453125,0,0
0,0,0,0,0,0,0,0,0,22.634485244751,0,3.06612921448854,0,0,0,3.27382786273956,52.9393615722656,10.5309906164805,26.2162113189697,0,0,31.5407199859619,0,25.6542348861694,76.798583984375,10.0736058266958,0,4.66237536968629,0,2.74871635437012,0,0,0,0,0,0,0,0,0,0,0,0,0,0,0,0,0,0,0,0,0,0,0,0,0,0,0,4.33873726427555,0,4.03132780953126,0,2.84909212589264,0,0,35.9748382568359,0,0,0,13.4316007069179,0,3.4124148245211,0,0,0,0,0,0,0,0,0,0,0,14.0126346410331,0,0,0,0
0,0,0,0,0,0,0,0,14.9917185199794,0,0,0,4.2929595708847,0,0,0,21.5447658368986,62.5732680289976,33.1933812119744,0,54.1459541320801,45.4036140441895,29.7750055033986,62.2323837280273,25.6187456462694,98.3814926147461,15.3049020123655,0,8.40957971855446,0,0,0,0,0,0,0,0,0,24.6251640319824,90.5039138793945,0,73.2380428314209,70.5083389282227,0,37.9626455307007,0,0,0,0,0,0,0,0,0,14.6752823784238,0,0,0,5.75030521303415,0,5.35909057186361,0,0,0,0,29.5116397958053,0,24.9822153429831,0,15.3905568570253,0,6.28657694722785,0,0,0,0,0,0,0,109.176475524902,0,43.6316261291504,16.6168014418196,4.06230830309684,0,0,0
0,0,0,0,0,0,0,0,0,15.3502556419373,0,0,0,3.27382786273956,0,0,49.5557496687945,12.7962434112018,32.9031780289441,0,0,27.0467856834675,50.0202522277832,21.8801842331886,41.952465057373,13.3042304904521,73.918399810791,7.36944515904666,0,0,0,112.656227111816,0,0,0,0,0,0,0,0,0,0,0,0,50.726978302002,0,0,0,0,0,0,0,0,0,79.6825561523438,11.4503744178348,0,0,0,4.23326826095581,0,5.01030527002671,0,0,26.2409862518311,0,22.9681323369344,0,17.8282977280368,0,13.0454011559486,0,0,0,0,0,0,0,0,0,0,0,21.5305151787671,38.0321570502387,107.188865661621,0,0
0,0,0,0,0,0,0,0,27.5545121207642,45.6952439192887,79.2914276123047,0,8.08290791511536,52.9393615722656,21.5447658368986,49.5557496687945,0,27.137829144758,31.7203431979755,0,63.3185246375299,20.9260597747305,10.0915849662345,40.6119815082085,21.9694544824754,40.9279994572679,13.0325201106822,61.5577189127604,6.62630010137753,0,0,0,0,0,71.4978141784668,97.8002166748047,81.5467124265783,0,69.9871279088462,72.5889058113098,68.1121814250946,58.4519258284233,49.1411642913081,55.7047360068873,41.1802466169317,0,61.2473077774048,72.3428646434437,80.2093838282994,78.6761183965774,0,0,0,0,34.5554748690406,48.8858055114746,0,0,15.9958372116089,0,29.4858236239507,42.543885912214,0,0,30.7087797522545,11.6098669284631,24.3343156178792,24.1944804824128,41.1525624593099,17.8619693188728,0,7.55657958984375,0,0,0,0,85.8485984802246,85.5285415649414,90.4977888024372,78.5428571616153,76.5559234619141,68.8709517866373,17.3390490407202,14.8011526242914,58.8937954119782,0,57.8229109191895
0,0,0,0,0,0,0,0,54.8011475187359,27.5029022671894,0,0,0,10.5309906164805,62.5732680289976,12.7962434112018,27.137829144758,0,20.6063480397317,0,92.4725646972656,12.6299577075883,53.9246081215995,21.1439684908441,51.2806370173786,12.9504506695161,66.4154350776982,9.1423624779121,78.936784362793,0,0,0,0,83.2776590983073,55.5264701843262,103.573542785645,97.8512269927234,66.4211196899414,85.8951315879822,63.3348098754883,89.0802984237671,55.1233626402141,58.0253094037374,59.4399874760554,55.0166248083115,0,67.3877300686306,79.6166582107544,87.4558345249721,67.0121961975098,0,0,0,0,61.0189506068374,29.7457171801863,0,0,54.1679306030273,0,71.4373938820579,16.7142795617901,0,0,20.2959847913848,57.3103071621486,18.8502244949341,49.2202656485818,15.0786205107573,66.5162462852371,9.44733538451018,70.3706150054932,0,0,0,0,0,138.953536987305,86.4645657348633,89.4612328665597,96.1848678588867,74.5548784732819,15.9616920883785,15.4811082842586,69.2711685799264,0,63.5838523864746
4.9327757358551,7.18320790204135,8.22274303436279,0,0,0,0,0,29.8060420621343,19.6038209342957,66.0343151092529,0,38.3737335205078,26.2162113189697,33.1933812119744,32.9031780289441,31.7203431979755,20.6063480397317,0,0,49.7193034071671,38.8227743421282,46.7660886645317,21.753450439637,33.6497537233891,32.1614042113099,44.4265393660619,27.9973960876465,50.3230087280273,0,0,70.4224319458008,62.9751243591309,53.969305674235,57.8704442977905,74.5925931212723,61.1931060554649,63.6586774190267,54.4567917633057,41.5891362854929,45.8422749199002,26.84445596655,16.6245591669907,13.9333803892136,17.8924495691509,55.2586965560913,32.9644742676706,50.9002429900631,55.0519173518176,45.2760365747773,0,0,0,0,42.5621275765555,32.0093352454049,0,0,0,0,42.7600839210279,34.9089550018311,0,65.0953817367554,35.4733692169189,51.2358109610421,17.2497057120005,38.4463376617432,33.42104683982,43.9851283847161,0,44.2937475840251,0,0,80.0204105377197,54.2826251983643,58.9727651155912,56.2146991093953,61.4494783523235,58.3930240829596,58.4316445284112,52.7419590846673,16.8175412898118,27.4191067553403,34.3960666244994,49.6281950208876,28.6688847610916
0,0,0,0,0,0,0,8.57640600204468,0,0,0,7.13612329604021,0,0,0,0,0,0,0,0,0,0,0,0,0,0,0,0,0,0,0,50.6055946350098,0,62.914571762085,0,5.84761497081129,0,5.46822557449341,0,28.2433019177667,0,57.3177680969238,0,0,0,8.89829696092048,0,0,0,32.3954635858536,0,0,0,7.72403198701364,0,0,0,6.59157259327839,0,0,0,0,4.71980930600663,0,0,0,0,0,0,0,0,0,10.0641632101038,0,0,0,58.7085914611816,0,7.80910541181155,0,14.323901827026,0,5.2634470259271,0,10.9639943242073,15.2860483169556,0
0,0,0,0,0,0,0,0,0,0,8.30557235241352,0,0,0,54.1459541320801,0,63.3185246375299,92.4725646972656,49.7193034071671,0,0,0,69.2148132324219,0,72.902229309082,0,72.7023188273112,0,0,0,0,0,49.5409323952415,0,49.4532996813456,87.7677803039551,23.2673880742245,0,16.308873407837,0,30.6266711621057,51.7238719646747,16.5718961884589,0,32.8642369679042,0,16.4471619677614,45.1155153910319,35.2098870552911,0,0,0,0,0,0,0,6.42996978759766,0,0,0,0,0,0,6.43602404701949,0,0,0,0,0,0,0,0,0,0,0,50.7410545349121,0,46.3871533075968,74.4035949707031,20.2822159268569,0,20.2487214531697,12.9734353800587,25.4582656224569,14.550003941113,0,13.5056804465182
0,0,0,0,0,0,0,0,30.6947765350342,28.0159637226778,0,0,0,31.5407199859619,45.4036140441895,27.0467856834675,20.9260597747305,12.6299577075883,38.8227743421282,0,0,0,6.95055799383038,5.24494055465416,74.348274230957,9.1061260043787,75.5080909729004,6.97670944144086,0,0,0,0,0,0,9.72423767362322,0,0,5.68659025349347,8.70856656302576,0,0,38.8725481033325,0,53.7073822021484,0,0,67.4061584472656,0,74.281364440918,9.04497959599173,0,0,0,0,0,47.1654167175293,0,28.5340270996094,0,0,0,27.6158256530762,0,0,4.53621376425056,8.84108142852783,5.86572579715563,41.7256507873535,6.9583782415489,0,9.96550991406312,0,0,0,0,0,0,0,0,0,5.95796805576686,9.89138125591591,6.3448836960682,6.51549466342142,22.8316492843628,0,0
0,0,0,0,0,0,0,0,33.5597177806653,56.6406192779541,0,0,0,0,29.7750055033986,50.0202522277832,10.0915849662345,53.9246081215995,46.7660886645317,0,69.2148132324219,6.95055799383038,0,61.231616973877,10.1807070343765,35.4555912017822,9.89876478563331,0,4.59204425959053,0,0,0,0,0,0,0,77.7073669433594,9.07122993469238,4.90552393319293,0,67.1713352203369,63.3589693705241,46.8788652420044,53.2998466491699,51.6658744812012,0,0,0,5.6174725779056,0,0,0,0,0,35.8903298127024,0,0,0,29.2092399597168,0,30.1511054992676,0,0,68.5440292358398,10.9646677459989,4.47603886160586,0,10.4069453011388,0,11.6743099308763,0,4.19456055802359,0,0,0,0,0,0,0,87.1164677937825,0,5.65593534783472,7.87729510662527,4.43675065040588,32.9689922332764,0,0
0,0,0,0,0,0,0,0,46.7705116271973,18.6096721288591,0,0,0,25.6542348861694,62.2323837280273,21.8801842331886,40.6119815082085,21.1439684908441,21.753450439637,0,0,5.24494055465416,61.231616973877,0,37.2305889129639,10.6037157473673,37.4096603393555,0,0,0,0,0,0,0,0,0,0,4.1105369925499,0,0,0,0,0,0,0,0,0,0,0,7.08148597007574,0,0,0,0,37.5337600708008,18.5057220635591,0,0,0,0,0,25.7108712965442,0,0,6.15300709860665,0,3.83843018641839,24.8253326416016,11.4614348540435,67.4810390472412,0,0,0,0,0,0,0,0,0,0,5.78998994827271,0,13.475597733043,35.5792388916016,11.2206296920776,0,0
16.2545052255903,0,0,0,0,0,0,0,21.8748311080369,38.7024762895372,0,0,31.9656600952148,76.798583984375,25.6187456462694,41.952465057373,21.9694544824754,51.2806370173786,33.6497537233891,0,72.902229309082,74.348274230957,10.1807070343765,37.2305889129639,0,38.0211758083767,11.7913707930308,0,21.4119766553243,0,0,0,0,0,0,0,87.196369934082,0,10.0088822723907,89.0149154663086,56.9378791809082,55.2255091667175,48.0961663863238,0,106.986259460449,0,61.5715980529785,0,28.4469449520111,0,0,0,0,0,20.721465935055,28.6400260925293,0,0,0,0,24.9369681601254,0,0,0,0,7.86532762352849,0,7.04350991547108,50.6002192497253,10.0531272871569,0,0,0,0,0,0,0,0,124.838264465332,78.1458923076761,0,9.16038873162068,11.6624994026782,38.1016520261765,42.6194427013397,0,50.4406356811523
0,0,0,0,0,0,0,0,52.9192752838135,23.209821999073,0,0,0,10.0736058266958,98.3814926147461,13.3042304904521,40.9279994572679,12.9504506695161,32.1614042113099,0,0,9.1061260043787,35.4555912017822,10.6037157473673,38.0211758083767,0,63.176766204834,7.02239346754126,0,0,0,0,0,0,0,0,105.330118815104,0,65.8840560913086,0,0,58.737003326416,0,0,0,0,0,0,0,86.9005432128906,0,0,0,0,58.3924179077148,28.3082763231718,0,0,0,9.36041402816772,60.3923149108887,12.3572606475478,0,0,7.7779403227926,33.2568969726562,9.88379383087158,59.4609680175781,5.69182124097506,49.6309051513672,7.42313290361184,0,0,0,0,0,0,0,0,78.3830871582031,0,112.09204864502,16.2673065509004,19.8280596400416,0,0,65.818977355957
19.5385825634003,0,0,0,0,0,0,0,25.2424406178323,57.9610008239746,0,0,7.56642862289183,0,15.3049020123655,73.918399810791,13.0325201106822,66.4154350776982,44.4265393660619,0,72.7023188273112,75.5080909729004,9.89876478563331,37.4096603393555,11.7913707930308,63.176766204834,0,0,4.84610134688291,0,0,0,0,0,0,0,86.3888444900513,0,73.2416114807129,70.7115707397461,0,71.7766284942627,50.9011127765362,53.5261783599854,43.9806182861328,0,65.4791259765625,85.2176284790039,102.11905670166,0,0,0,0,0,26.4018963104071,71.526611328125,0,0,21.9029111862183,0,15.2978497987152,0,0,0,0,9.53198540587174,0,10.1221469731435,54.3124732971191,6.31070890265992,0,5.54236355194679,0,0,0,0,0,0,0,82.3700491587321,0,61.0454874038696,17.821508023358,66.0693054199219,46.2600555419922,0,0
0,0,0,0,0,0,0,0,0,27.8020915985107,0,0,0,4.66237536968629,0,7.36944515904666,61.5577189127604,9.1423624779121,27.9973960876465,0,0,6.97670944144086,0,0,0,7.02239346754126,0,0,0,3.76124894862272,0,0,0,0,0,0,0,3.60407011239034,0,0,0,0,0,0,0,0,0,0,0,0,0,0,0,0,0,46.2408905029297,0,0,0,5.89051695303483,0,8.3294885298785,0,0,7.7944655418396,0,0,0,8.25298237072603,0,4.39744516466144,0,0,0,0,0,0,0,0,0,0,0,6.35990421411892,0,0,0,0
0,0,0,0,0,0,0,0,24.4776633262634,0,0,0,5.23287223852598,0,8.40957971855446,0,6.62630010137753,78.936784362793,50.3230087280273,0,0,0,4.59204425959053,0,21.4119766553243,0,4.84610134688291,0,0,0,4.37397726844339,0,0,0,0,0,0,0,4.50594853245935,0,0,0,0,0,0,0,0,0,75.7639465332031,0,0,0,0,0,25.219539305743,0,0,0,2.93765890598297,0,8.08422637540241,0,0,0,0,7.6111506819725,0,17.6797046661377,0,4.24600782499209,0,4.14017799002173,0,3.06055569648743,0,0,0,0,0,76.9708480834961,0,0,9.29429767032464,0,25.762378692627,0,0
0,0,0,0,0,0,0,0,0,0,0,4.00667698318894,0,2.74871635437012,0,0,0,0,0,0,0,0,0,0,0,0,0,3.76124894862272,0,0,0,0,0,0,0,0,0,4.56555645700563,0,0,0,0,0,0,0,21.2793312072754,0,0,0,0,0,0,0,0,0,0,0,2.74680125713348,0,0,0,0,14.5945765972137,0,0,0,0,0,0,0,0,0,3.84065456074322,0,0,0,0,0,0,0,4.57888371011485,0,3.94346130811251,0,0,0,0
0,0,0,0,0,0,0,0,0,0,4.67514178824069,0,0,0,0,0,0,0,0,0,0,0,0,0,0,0,0,0,4.37397726844339,0,0,0,0,0,0,0,0,0,3.38584251837297,0,0,0,0,0,0,0,0,0,0,0,0,0,0,0,0,0,7.99079664548238,0,0,0,0,0,0,0,0,0,0,0,0,0,0,3.80280700245419,0,2.99788914474787,0,0,0,0,0,0,0,4.32132692337036,3.46909356117249,0,0,0,0
0,0,0,0,0,0,0,0,0,0,0,0,0,0,0,112.656227111816,0,0,70.4224319458008,50.6055946350098,0,0,0,0,0,0,0,0,0,0,0,0,7.27222269923747,6.56303886066784,0,8.72295674646875,0,0,0,20.8466981887817,0,24.7100127538045,35.9724979400635,0,0,25.2475063800812,0,4.97138150986409,0,8.33356427307704,0,0,0,0,0,0,0,0,0,0,0,0,0,0,0,0,0,0,0,0,0,0,53.475513458252,0,4.5581585421929,9.50280595853411,7.40579445401176,0,15.8413913459778,0,56.8935849325998,0,6.01250239662076,0,22.009495752508,0,0
0,0,0,0,0,0,0,0,0,0,53.4705438613892,0,0,0,0,0,0,0,62.9751243591309,0,49.5409323952415,0,0,0,0,0,0,0,0,0,0,7.27222269923747,0,5.59854598003521,16.287848160002,7.16687895848988,7.69330145029691,0,56.3432547251383,26.8392340342204,24.1832644218622,0,25.8062105178833,0,0,41.9682464599609,27.7774349559437,6.65987370478461,12.3625153473445,9.4751558303833,0,0,0,0,0,0,0,0,0,0,0,0,0,40.3714400071364,0,0,0,0,0,0,0,0,0,0,10.4818084716797,6.23017970091474,6.67381759790274,7.82791100628674,32.1652679443359,8.37488991688481,0,54.3057413101196,8.40010934911864,0,24.2841258890489,0,56.0866241455078
0,0,0,0,0,0,0,0,0,0,0,0,0,0,0,0,0,83.2776590983073,53.969305674235,62.914571762085,0,0,0,0,0,0,0,0,0,0,0,6.56303886066784,5.59854598003521,0,5.45929431061136,12.1953650735459,3.25648313760757,4.70372044057636,4.0277458331624,32.2131917529636,0,27.4426640744479,29.3565478501496,0,0,36.7928115160037,46.4540004730225,6.9128321209712,22.0713766098022,17.3805596093337,0,0,0,0,0,0,0,57.8014049530029,0,0,0,0,58.6220537821452,0,0,0,0,0,0,0,0,0,61.4487800598145,0,7.58679189284643,0,4.85499417034023,8.25275692968311,25.0611017015245,0,6.97238174501482,20.6089708299348,6.14520913955282,0,28.401409818947,38.6202065604074,0
0,0,0,0,44.9170341491699,0,0,0,0,0,54.8121929168701,0,0,0,0,0,71.4978141784668,55.5264701843262,57.8704442977905,0,49.4532996813456,9.72423767362322,0,0,0,0,0,0,0,0,0,0,16.287848160002,5.45929431061136,0,0,5.54189485302704,5.75576082730697,9.51890742301941,0,22.1737326568281,51.205924987793,14.3266322523515,0,0,25.0364761352539,29.1999471245742,6.01478869339515,10.0801790885985,11.5803852081299,0,0,0,0,0,0,0,0,0,0,0,0,0,44.7858153633449,0,0,0,0,0,0,0,0,0,0,0,14.586744840755,6.86970725334178,4.3200838212306,87.6316375732422,12.1653570400249,0,10.1437604801647,6.41085412837707,0,20.4370635466847,0,52.688648223877
0,0,0,0,0,0,0,0,0,0,0,5.29450045766009,0,0,0,0,97.8002166748047,103.573542785645,74.5925931212723,5.84761497081129,87.7677803039551,0,0,0,0,0,0,0,0,0,0,8.72295674646875,7.16687895848988,12.1953650735459,0,0,10.2614707350731,6.59599394036402,0,22.7329067689878,70.1950759887695,42.8023394898995,58.936714998881,48.0719394683838,0,39.3734604632027,0,8.28169160463192,16.6451597213745,20.202546181065,0,0,0,0,0,0,0,48.979242960612,0,0,0,0,13.201247039863,0,0,0,0,0,0,0,0,0,46.218542098999,0,17.9199916346445,0,25.9800214443207,0,7.6304792788511,88.5950622558594,9.15606596789409,90.9288940429688,6.79002876475026,9.42818284597637,37.4762329305663,42.6625990313153,0
0,0,0,0,0,0,0,0,88.1491470336914,113.205688476562,43.8810164316645,0,0,0,0,0,81.5467124265783,97.8512269927234,61.1931060554649,0,23.2673880742245,0,77.7073669433594,0,87.196369934082,105.330118815104,86.3888444900513,0,0,0,0,0,7.69330145029691,3.25648313760757,5.54189485302704,10.2614707350731,0,0,11.0014466296673,76.9627685546875,41.9363790082349,75.8776786110618,36.3381337289503,75.546023050944,45.2718107132685,0,34.7213167403314,11.8502853931833,44.217760884285,118.311645507812,0,0,0,0,120.240234375,0,34.255188147227,0,0,0,78.6350936889648,0,0,27.9563686977836,0,85.6311225891113,0,0,0,91.4274082183838,0,0,0,0,0,8.33234674395054,32.6757145881653,6.434264979785,12.4295089840889,6.92500344668836,0,13.9764254932014,9.79905163435671,7.95358178314862,30.4621601121992,0,44.5056839604532
0,0,0,0,0,0,0,0,0,0,0,5.21218680714163,0,0,0,0,0,66.4211196899414,63.6586774190267,5.46822557449341,0,5.68659025349347,9.07122993469238,4.1105369925499,0,0,0,3.60407011239034,0,4.56555645700563,0,0,0,4.70372044057636,5.75576082730697,6.59599394036402,0,0,4.22777943644844,18.8232049942017,0,10.0155220691647,48.5448150634766,0,0,26.5480930805206,0,4.94926141529549,0,5.45953743474389,0,0,0,0,0,0,0,8.65522899244824,0,0,0,0,12.9290600978967,0,7.81434040646286,0,0,0,0,0,8.23529653115706,0,13.8132617118066,0,0,0,5.42793571336752,0,10.8572271927688,0,5.14816319645399,4.33128392696381,5.10464477860998,6.58148351107071,5.573280131275,55.5588989257812,0
0,0,0,0,0,0,0,0,10.9754135300131,36.1997394561768,7.10383999688285,0,0,0,24.6251640319824,0,69.9871279088462,85.8951315879822,54.4567917633057,0,16.308873407837,8.70856656302576,4.90552393319293,0,10.0088822723907,65.8840560913086,73.2416114807129,0,4.50594853245935,0,3.38584251837297,0,56.3432547251383,4.0277458331624,9.51890742301941,0,11.0014466296673,4.22777943644844,0,0,47.4805347907238,55.229116167341,31.2359388412968,40.4452972412109,37.1605130301581,0,31.6906229928911,56.2027354812622,13.7502027824201,0,0,0,0,0,18.7857129573822,0,10.7730795871921,0,0,0,0,0,0,28.6053289760243,0,3.65858877682295,0,7.40270436251605,0,31.9425892829895,0,2.75021481513977,0,0,0,0,16.171569279262,9.70349943716275,74.6308670043945,18.575916715388,5.36136316590839,5.16515305124243,7.72760927256378,9.89981983039711,24.4605256926934,0,19.1941373382789
0,0,0,0,0,0,0,0,0,0,0,33.8889579772949,0,0,90.5039138793945,0,72.5889058113098,63.3348098754883,41.5891362854929,28.2433019177667,0,0,0,0,89.0149154663086,0,70.7115707397461,0,0,0,0,20.8466981887817,26.8392340342204,32.2131917529636,0,22.7329067689878,76.9627685546875,18.8232049942017,0,0,0,15.7022626409021,29.4552610669817,23.8338454110282,0,11.3374696203504,75.1076583862305,22.5394757280544,12.9616928100586,9.4263305986517,0,0,0,0,0,0,0,36.767983156092,0,0,0,0,5.87134118874868,0,0,0,0,80.9070739746094,71.862419128418,0,0,0,38.4330074961592,0,21.7957857617161,0,26.9361586351504,0,14.7270370811318,82.4882183074951,31.7496871223125,0,36.383245980486,52.6926949818929,14.305159481143,29.4659855225507,42.4948348999023
0,0,0,0,26.169075012207,0,0,0,39.6755218505859,0,41.5795505329714,0,0,0,0,0,68.1121814250946,89.0802984237671,45.8422749199002,0,30.6266711621057,0,67.1713352203369,0,56.9378791809082,0,0,0,0,0,0,0,24.1832644218622,0,22.1737326568281,70.1950759887695,41.9363790082349,0,47.4805347907238,0,0,49.4298353830973,20.8596475542509,46.2494735717773,23.8314762751261,0,13.4535868713203,23.8365520132393,13.076752099285,51.0980186462402,0,0,0,0,0,0,45.1049118041992,0,0,0,0,0,0,14.3375436150277,0,0,0,67.3591537475586,0,0,0,0,0,0,0,21.1842072991764,0,22.3130615849361,81.3450584411621,21.4033897985174,0,40.1196248597236,49.1030955280208,68.51184626988,18.5941413738647,0,27.5545164695153
0,0,0,19.1896413167318,0,0,0,0,51.038501739502,0,0,19.7471647262573,0,0,73.2380428314209,0,58.4519258284233,55.1233626402141,26.84445596655,57.3177680969238,51.7238719646747,38.8725481033325,63.3589693705241,0,55.2255091667175,58.737003326416,71.7766284942627,0,0,0,0,24.7100127538045,0,27.4426640744479,51.205924987793,42.8023394898995,75.8776786110618,10.0155220691647,55.229116167341,15.7022626409021,49.4298353830973,0,17.9306754479528,14.3237560682519,43.7602945963542,17.2718515480514,54.249831199646,19.3081964758557,55.7312691428445,18.5112573111281,0,0,0,0,0,98.8638687133789,0,10.0775928497314,0,0,54.727897644043,0,15.1547712118198,66.117919921875,29.2021675109863,0,0,77.9389343261719,59.0560989379883,63.8181991577148,0,0,16.5918136638754,0,41.5439502886026,0,27.6527643235314,0,28.659233428744,67.0703290482642,24.413461235493,53.9568642836351,23.3337558157563,56.3474524214461,12.4984163522829,10.305356926463,29.9518220347743
8.19381336234082,0,17.5669740306007,0,0,0,0,0,21.7985733747482,0,33.1573056983948,0,0,0,70.5083389282227,0,49.1411642913081,58.0253094037374,16.6245591669907,0,16.5718961884589,0,46.8788652420044,0,48.0961663863238,0,50.9011127765362,0,0,0,0,35.9724979400635,25.8062105178833,29.3565478501496,14.3266322523515,58.936714998881,36.3381337289503,48.5448150634766,31.2359388412968,29.4552610669817,20.8596475542509,17.9306754479528,0,15.3829040527344,12.8239346822103,38.881564617157,19.7010337326411,13.986266848462,13.6762287299637,22.5574810168586,0,0,0,0,61.4425106048584,0,27.6685098012288,55.7995262145996,0,0,65.6818466186523,0,0,14.276795436431,0,55.1032307942708,0,40.5366827646891,0,46.1346626281738,0,0,0,0,34.2479941050212,28.4251772562663,29.7777101652963,18.4368384791686,47.6112295140557,30.5387197790692,41.5165828977312,31.0358930826187,18.1516779762235,69.6852399385892,12.7987824126009,46.1083180904388,8.17600411987967
0,0,0,0,0,0,0,0,27.3027563095093,45.7618103027344,0,0,0,0,0,0,55.7047360068873,59.4399874760554,13.9333803892136,0,0,53.7073822021484,53.2998466491699,0,0,0,53.5261783599854,0,0,0,0,0,0,0,0,48.0719394683838,75.546023050944,0,40.4452972412109,23.8338454110282,46.2494735717773,14.3237560682519,15.3829040527344,0,24.6369625091553,4.09683656692505,0,0,0,27.1315908432007,0,0,0,0,0,0,0,0,0,0,0,0,0,0,0,59.9799346923828,0,46.3801574707031,0,54.2785167694092,0,0,0,0,0,0,0,0,33.0835342407227,71.1125210848722,0,69.7617988586426,17.4266896167044,0,5.97573766577134,0,51.1293411254883
0,0,0,0,0,0,0,0,14.9098043441772,0,0,0,0,0,37.9626455307007,50.726978302002,41.1802466169317,55.0166248083115,17.8924495691509,0,32.8642369679042,0,51.6658744812012,0,106.986259460449,0,43.9806182861328,0,0,0,0,0,0,0,0,0,45.2718107132685,0,37.1605130301581,0,23.8314762751261,43.7602945963542,12.8239346822103,24.6369625091553,0,0,6.52423047197276,42.2902056376139,34.2335251490275,47.0060806274414,0,0,0,0,0,0,0,0,0,0,66.864128112793,0,0,83.5962982177734,0,47.598274230957,0,0,0,46.1601257324219,0,0,0,0,0,0,0,0,52.9410934448242,38.8486389738141,83.2362213134766,43.4262604032244,22.3340644489635,68.3380889892578,12.1261346543089,0,46.5125350952148
0,0,0,8.49406057834625,0,0,0,0,0,0,0,17.4587671279907,0,0,0,0,0,0,55.2586965560913,8.89829696092048,0,0,0,0,0,0,0,0,0,21.2793312072754,0,25.2475063800812,41.9682464599609,36.7928115160037,25.0364761352539,39.3734604632027,0,26.5480930805206,0,11.3374696203504,0,17.2718515480514,38.881564617157,4.09683656692505,0,0,0,27.9734752822972,18.4137063556247,21.8935750533875,0,0,0,0,0,0,0,18.5548896136846,0,0,0,0,6.68901634918393,0,0,0,0,0,0,0,0,0,21.8531168646914,0,27.2326684078928,0,34.5115096630194,0,20.746667429233,0,28.0874075175592,69.3008804321289,26.2614239935741,55.6288665771484,11.9723735710111,21.1711865107218,0
0,0,8.49843045882881,0,13.9779289909031,0,0,0,36.5391578674316,0,25.5273096501992,0,0,0,0,0,61.2473077774048,67.3877300686306,32.9644742676706,0,16.4471619677614,67.4061584472656,0,0,61.5715980529785,0,65.4791259765625,0,0,0,0,0,27.7774349559437,46.4540004730225,29.1999471245742,0,34.7213167403314,0,31.6906229928911,75.1076583862305,13.4535868713203,54.249831199646,19.7010337326411,0,6.52423047197276,0,0,29.020178495719,20.5772561687555,43.7757415771484,0,0,0,0,0,0,26.428150177002,0,0,0,0,0,0,9.93847601893178,58.9947547912598,0,0,0,0,100.245697021484,0,0,0,0,0,32.4198191642761,45.884641011556,35.1748922532605,66.2467079162598,24.8529245757193,0,35.0524819630078,31.7006643365497,59.9075729782517,9.6317918451563,0,18.7142793410703
0,0,47.789493560791,0,45.8241558074951,0,0,0,0,0,55.1569689114889,0,0,0,0,0,72.3428646434437,79.6166582107544,50.9002429900631,0,45.1155153910319,0,0,0,0,0,85.2176284790039,0,0,0,0,4.97138150986409,6.65987370478461,6.9128321209712,6.01478869339515,8.28169160463192,11.8502853931833,4.94926141529549,56.2027354812622,22.5394757280544,23.8365520132393,19.3081964758557,13.986266848462,0,42.2902056376139,27.9734752822972,29.020178495719,0,10.388542936152,11.0519653827876,0,0,0,0,0,0,54.8400344848633,48.2819175720215,0,0,0,0,42.4281768798828,41.3158030585637,0,0,0,0,0,0,0,0,71.0921732584635,0,5.69107585356269,5.16079376265407,10.47319476109,6.21375627319018,15.6482383237852,16.7503613773018,30.1438166123849,24.8516093922443,12.1681875314156,24.5191742579142,20.5106388336903,26.4626139343762,46.6203053792318
3.83198641630319,0,8.90671101070586,0,41.5041971206665,0,0,0,0,0,47.258336864534,0,0,0,0,0,80.2093838282994,87.4558345249721,55.0519173518176,0,35.2098870552911,74.281364440918,5.6174725779056,0,28.4469449520111,0,102.11905670166,0,75.7639465332031,0,0,0,12.3625153473445,22.0713766098022,10.0801790885985,16.6451597213745,44.217760884285,0,13.7502027824201,12.9616928100586,13.076752099285,55.7312691428445,13.6762287299637,0,34.2335251490275,18.4137063556247,20.5772561687555,10.388542936152,0,27.5524750709534,0,0,0,0,2.75144855181376,0,8.3785793884195,0,2.87457089424133,0,0,0,0,22.3197986720195,0,5.16210185938883,0,4.59571716633249,0,2.99498810768127,0,5.45154346175816,0,5.08881213824676,32.4631233215332,14.30484623909,20.9855464971982,9.44146129806935,58.4688587188721,21.0847940066433,0,10.553105041035,17.8229075032744,83.2187423706055,14.1289824590442,0,34.0204836603195
0,6.99523167270625,0,6.27010254632859,0,0,0,0,0,0,0,43.1853942871094,0,0,0,0,78.6761183965774,67.0121961975098,45.2760365747773,32.3954635858536,0,9.04497959599173,0,7.08148597007574,0,86.9005432128906,0,0,0,0,0,8.33356427307704,9.4751558303833,17.3805596093337,11.5803852081299,20.202546181065,118.311645507812,5.45953743474389,0,9.4263305986517,51.0980186462402,18.5112573111281,22.5574810168586,27.1315908432007,47.0060806274414,21.8935750533875,43.7757415771484,11.0519653827876,27.5524750709534,0,0,0,0,0,0,0,0,7.98034138326292,0,2.94441163539886,0,2.95102119445801,19.9688671848658,0,6.28192396303673,0,5.95070099830627,0,3.38399616877238,0,7.2850537358084,0,7.55558540657899,0,10.3169736552387,0,15.1595097243737,0,17.8881487365076,67.7659873962402,23.7630936985244,71.8161754608154,20.3028893645052,51.3585616520473,11.3491798956715,25.7225554543872,34.281551361084
0,0,3.31990730762482,0,3.82787043643448,0,4.02132034301758,0,0,0,0,0,0,0,0,0,0,0,0,0,0,0,0,0,0,0,0,0,0,0,0,0,0,0,0,0,0,0,0,0,0,0,0,0,0,0,0,0,0,0,0,0,4.76281833648682,0,0,0,4.26464217191651,0,3.09501671791077,0,3.23726344108582,0,0,7.8524562079331,0,0,0,0,0,0,0,0,0,0,0,0,0,0,0,0,0,0,2.95518708229065,0,4.6784162464596,0,0
0,0,0,0,0,3.56162723572023,0,2.90052084922791,0,0,0,0,0,0,0,0,0,0,0,0,0,0,0,0,0,0,0,0,0,0,0,0,0,0,0,0,0,0,0,0,0,0,0,0,0,0,0,0,0,0,0,0,0,4.43767976760864,0,0,0,3.69703066039395,0,3.4262375831604,0,3.51781678199768,10.4391803741455,0,0,0,0,0,0,0,0,0,0,0,0,0,0,0,0,0,0,0,5.760300766338,0,6.80726888974508,0,0
0,0,0,0,3.53558465412685,0,3.2018606095087,0,0,0,3.28310424259731,0,0,0,0,0,0,0,0,0,0,0,0,0,0,0,0,0,0,0,0,0,0,0,0,0,0,0,0,0,0,0,0,0,0,0,0,0,0,0,4.76281833648682,0,0,0,0,0,3.69788038730621,0,0,0,0,0,0,0,0,0,0,0,0,0,0,0,0,0,0,0,0,0,0,0,0,0,2.8939072902386,0,0,0,0
0,0,0,0,0,5.12409391769996,0,4.03592249092303,0,0,0,4.51727616330411,0,0,0,0,0,0,0,7.72403198701364,0,0,0,0,0,0,0,0,0,0,0,0,0,0,0,0,0,0,0,0,0,0,0,0,0,0,0,0,0,0,0,4.43767976760864,0,0,0,0,0,3.14744265874227,0,0,0,0,0,0,0,0,0,0,0,0,0,0,0,0,0,0,0,0,0,0,0,0,4.61992886259749,0,0,0,0
0,0,3.23498539491133,0,0,0,0,0,9.24858675047616,45.2663040161133,0,0,18.7347354888916,0,14.6752823784238,79.6825561523438,34.5554748690406,61.0189506068374,42.5621275765555,0,0,0,35.8903298127024,37.5337600708008,20.721465935055,58.3924179077148,26.4018963104071,0,25.219539305743,0,0,0,0,0,0,0,120.240234375,0,18.7857129573822,0,0,0,61.4425106048584,0,0,0,0,0,2.75144855181376,0,0,0,0,0,0,0,0,0,16.9066772460938,0,15.8949348255992,0,0,0,34.6215286254883,35.4663026597765,31.9269905090332,19.5395487957313,0,24.1329594302822,0,0,0,0,0,0,0,0,0,79.9478302001953,0,17.3737775335709,19.7693182372335,0,11.019321123759,0,0
0,2.85372674465179,0,0,0,0,0,0,0,6.34648191928864,0,0,0,0,0,11.4503744178348,48.8858055114746,29.7457171801863,32.0093352454049,0,0,47.1654167175293,0,18.5057220635591,28.6400260925293,28.3082763231718,71.526611328125,46.2408905029297,0,0,0,0,0,0,0,0,0,0,0,0,0,98.8638687133789,0,0,0,0,0,0,0,0,0,0,0,0,0,0,0,0,0,0,0,9.45525824151388,0,0,0,0,19.2691024914384,0,34.4851947784424,0,0,0,0,0,0,0,0,0,0,0,0,0,19.4978140147045,0,2.74451494216919,0,0
0,0,3.09304197629293,0,5.83938930218036,0,0,0,0,0,4.29306929354018,0,0,0,0,0,0,0,0,0,6.42996978759766,0,0,0,0,0,0,0,0,0,7.99079664548238,0,0,0,0,0,34.255188147227,0,10.7730795871921,0,45.1049118041992,0,27.6685098012288,0,0,0,26.428150177002,54.8400344848633,8.3785793884195,0,4.26464217191651,0,3.69788038730621,0,0,0,0,0,4.55983562469482,0,0,0,0,7.34513960713926,0,0,0,0,0,0,0,3.08978184064229,0,4.06968711846627,0,0,0,0,0,51.2949932643345,0,62.5659294128418,8.84590625762939,0,5.98624747515631,0,17.5611772537231
0,10.9442793528239,0,4.20692450585573,0,2.74603915214539,0,2.73499274253845,0,0,0,5.67934206514868,0,4.33873726427555,0,0,0,0,0,6.59157259327839,0,28.5340270996094,0,0,0,0,0,0,0,2.74680125713348,0,0,0,57.8014049530029,0,48.979242960612,0,8.65522899244824,0,36.767983156092,0,10.0775928497314,55.7995262145996,0,0,18.5548896136846,0,48.2819175720215,0,7.98034138326292,0,3.69703066039395,0,3.14744265874227,0,0,0,0,0,3.8859950148541,0,3.70360455689607,8.05979025705968,0,0,0,0,0,0,0,0,0,5.57186869186805,0,56.440896987915,0,64.0546493530273,0,47.5742435455322,0,9.44386233223809,0,7.56709811643318,0,6.08345148964123,15.4180474561803,0
0,0,3.21316495537758,0,2.96367216110229,0,3.26058983802795,0,19.1398887634277,0,2.96175670623779,0,3.20449042320251,0,5.75030521303415,0,15.9958372116089,54.1679306030273,0,0,0,0,29.2092399597168,0,0,0,21.9029111862183,0,2.93765890598297,0,0,0,0,0,0,0,0,0,0,0,0,0,0,0,0,0,0,0,2.87457089424133,0,3.09501671791077,0,0,0,16.9066772460938,0,4.55983562469482,0,0,0,4.36946528752645,0,0,9.7915198802948,0,0,0,0,0,9.54038000106812,0,2.7782738506794,0,0,0,0,0,0,0,0,0,0,20.9544229507446,0,8.11871218681335,0,0
0,0,0,3.98989796638489,0,0,0,2.85330442821278,0,0,0,4.71431525051594,0,4.03132780953126,0,4.23326826095581,0,0,0,0,0,0,0,0,0,9.36041402816772,0,5.89051695303483,0,0,0,0,0,0,0,0,0,0,0,0,0,0,0,0,0,0,0,0,0,2.94441163539886,0,3.4262375831604,0,0,0,0,0,3.8859950148541,0,0,0,2.77913371721903,9.7073761622111,0,0,0,0,0,0,0,3.80011688134609,0,0,0,0,0,0,0,0,0,0,0,14.1456343787057,0,7.16788274554883,0,0
0,0,0,0,0,0,0,0,10.7156048839928,0,0,0,4.43724862525338,0,5.35909057186361,0,29.4858236239507,71.4373938820579,42.7600839210279,0,0,0,30.1511054992676,0,24.9369681601254,60.3923149108887,15.2978497987152,0,8.08422637540241,0,0,0,0,0,0,0,78.6350936889648,0,0,0,0,54.727897644043,65.6818466186523,0,66.864128112793,0,0,0,0,0,3.23726344108582,0,0,0,15.8949348255992,0,0,0,4.36946528752645,0,0,0,0,0,0,29.2999745148879,0,25.4325814953557,0,15.925451070273,0,4.3456278393666,0,0,0,0,0,0,0,0,0,0,21.644369557596,4.00239189465841,75.1475296020508,0,0
0,0,0,4.00289869308472,0,0,0,0,83.2164840698242,14.0156487932011,0,0,0,2.84909212589264,0,5.01030527002671,42.543885912214,16.7142795617901,34.9089550018311,0,0,27.6158256530762,0,25.7108712965442,0,12.3572606475478,0,8.3294885298785,0,0,0,0,0,0,0,0,0,0,0,0,0,0,0,0,0,0,0,0,0,2.95102119445801,0,3.51781678199768,0,0,0,9.45525824151388,0,3.70360455689607,0,2.77913371721903,0,0,12.9314317703247,0,27.9355986668513,54.5337028503418,22.3575741904122,43.8367118835449,18.2547220515314,72.7045745849609,13.4474115371704,0,0,0,0,0,0,0,0,0,0,0,26.6690986483438,36.8511962890625,8.41222049639775,0,0
0,13.0280714035034,0,6.84623130436601,0,0,0,0,0,0,0,9.07384741758396,0,0,0,0,0,0,0,4.71980930600663,0,0,0,0,0,0,0,0,0,14.5945765972137,0,0,0,58.6220537821452,0,13.201247039863,0,12.9290600978967,0,5.87134118874868,0,15.1547712118198,0,0,0,6.68901634918393,0,42.4281768798828,0,19.9688671848658,0,10.4391803741455,0,0,0,0,0,8.05979025705968,0,9.7073761622111,0,12.9314317703247,0,0,0,0,0,0,0,0,0,0,13.9721414768988,0,0,0,51.2160479227702,0,8.53666515918005,0,16.3996150274202,0,6.1379382686615,48.1220664978027,7.97162820146837,19.0927810668945,0
0,0,20.2642986591046,0,7.76211126969785,0,0,0,0,0,14.4233256771226,0,0,0,0,0,0,0,65.0953817367554,0,6.43602404701949,0,68.5440292358398,0,0,0,0,0,0,0,0,0,40.3714400071364,0,44.7858153633449,0,27.9563686977836,0,28.6053289760243,0,14.3375436150277,66.117919921875,14.276795436431,0,83.5962982177734,0,9.93847601893178,41.3158030585637,22.3197986720195,0,7.8524562079331,0,0,0,0,0,7.34513960713926,0,9.7915198802948,0,0,0,0,0,0,0,0,0,0,0,0,0,0,0,0,42.8362182617187,0,44.4579140799386,84.3739013671875,19.8816818063782,0,31.0457067180412,21.6601231320166,53.5711001157761,8.64679052728047,0,11.5784816372779
0,0,0,0,0,0,0,0,0,25.047423250535,0,0,0,35.9748382568359,0,26.2409862518311,30.7087797522545,20.2959847913848,35.4733692169189,0,0,4.53621376425056,10.9646677459989,6.15300709860665,0,7.7779403227926,0,7.7944655418396,0,0,0,0,0,0,0,0,0,7.81434040646286,0,0,0,29.2021675109863,0,0,0,0,58.9947547912598,0,0,6.28192396303673,0,0,0,0,34.6215286254883,0,0,0,0,0,0,27.9355986668513,0,0,0,0,3.08097925782204,0,8.06289606496512,0,9.61984592676163,0,0,0,0,0,0,0,0,0,5.19092320185155,0,6.93625147063453,7.50403510918052,26.6067193349202,0,0
0,0,0,0,0,0,0,0,34.3990591800574,0,0,0,0,0,29.5116397958053,0,11.6098669284631,57.3103071621486,51.2358109610421,0,0,8.84108142852783,4.47603886160586,0,7.86532762352849,33.2568969726562,9.53198540587174,0,7.6111506819725,0,0,0,0,0,0,0,85.6311225891113,0,3.65858877682295,0,0,0,55.1032307942708,59.9799346923828,47.598274230957,0,0,0,5.16210185938883,0,0,0,0,0,35.4663026597765,0,0,0,0,0,29.2999745148879,54.5337028503418,0,0,0,0,0,11.6905006885529,0,10.9978303277215,0,0,0,0,0,0,0,0,107.527236938477,88.0674819946289,0,4.85450898863606,10.4611406239068,5.05550181070964,65.9663600921631,0,0
0,0,0,0,0,0,0,0,0,13.26404912478,0,0,0,0,0,22.9681323369344,24.3343156178792,18.8502244949341,17.2497057120005,0,0,5.86572579715563,0,3.83843018641839,0,9.88379383087158,0,0,0,0,0,0,0,0,0,0,0,0,0,0,0,0,0,0,0,0,0,0,0,5.95070099830627,0,0,0,0,31.9269905090332,19.2691024914384,0,0,0,0,0,22.3575741904122,0,0,3.08097925782204,0,0,0,0,0,0,0,0,0,0,0,0,0,0,0,0,0,12.6448654429357,0,0,0,0
23.0266380310059,0,0,0,0,0,0,0,20.0869858224051,35.5196342468262,0,0,0,0,24.9822153429831,0,24.1944804824128,49.2202656485818,38.4463376617432,0,0,41.7256507873535,10.4069453011388,24.8253326416016,7.04350991547108,59.4609680175781,10.1221469731435,0,17.6797046661377,0,0,0,0,0,0,0,0,0,7.40270436251605,80.9070739746094,67.3591537475586,77.9389343261719,40.5366827646891,46.3801574707031,0,0,0,0,4.59571716633249,0,0,0,0,0,19.5395487957313,0,0,0,0,0,25.4325814953557,43.8367118835449,0,0,0,11.6905006885529,0,0,0,8.27123837744087,0,0,0,0,0,0,0,0,0,73.5017267862956,0,16.6598697900772,12.1483690068692,27.0835347175598,3.43561351299286,0,0
