0,0,4.90676253182547,0,10.6746053695679,0,0,0,6.81894225887681,0,0,0,0,0,0,0,0,0,0,0,0,0,0,0,24.7754716873169,0,0,0,0,0,0,0,0,0,0,0,75.1934585571289,0,20.7411907030189,0,0,0,18.9997995694478,0,0,0,0,0,8.78733151909467,0,8.3915843963623,0,0,0,7.77544560201902,0,12.1679110527039,0,11.5646162033081,0,3.46029558043549,0,0,0,0,0,0,12.3545271212404,0,6.64429903030396,0,0,0,0,0,0,0,0,0,0,0,19.1980872446177,6.04169406471672,0,13.9340464848512,0,0
0,0,0,6.11298654527947,0,29.2620213826497,0,0,0,3.82265386326622,0,0,0,0,0,0,0,46.1716305868966,13.2440888254266,0,0,0,0,7.76028630974587,0,0,0,0,0,0,0,0,0,0,0,0,0,14.8979711861446,0,33.5951995849609,0,26.4787693111175,0,0,0,0,0,0,0,11.2988194726565,0,0,0,0,0,4.46205907047919,0,13.5517342885335,0,12.697706884808,0,5.25731041214683,38.3255075454712,0,0,0,6.69526426498707,0,7.8531551361084,0,12.7620846645252,0,20.0682547092438,0,0,0,0,0,36.8463401794434,0,13.8908866844177,0,14.6866242157786,24.8986409839831,13.2494620497864,19.7545299530029,0
4.90676253182547,0,0,0,9.28512954711914,0,0,0,4.66955026420387,0,0,0,0,0,4.70043627421061,0,0,0,0,0,0,0,0,0,0,0,0,0,0,0,0,0,0,0,0,0,0,0,29.2068910598755,0,0,0,22.6745535532633,0,0,0,0,0,34.0309119754367,0,6.80643147230148,0,0,0,5.32401618858178,0,3.72633004188538,0,4.0680923802512,0,0,0,0,0,0,0,0,26.060754776001,0,0,0,28.5617218017578,0,26.3271179199219,0,0,0,0,0,0,0,34.2241204579671,7.43676091642941,0,23.8073472976685,0,17.6775979995728
0,6.11298654527947,0,0,0,9.80987455031669,0,0,0,8.45248692769271,0,0,0,0,0,3.791588306427,81.0819091796875,45.309513092041,38.2378838539124,6.94993352890015,0,0,0,0,0,0,0,36.9224853515625,0,0,0,0,0,0,0,53.8673057556152,0,77.44677734375,0,53.8165610177176,0,35.4799680349962,40.8549896587025,0,0,27.0824358122689,0,0,79.4401728312175,9.04847846337415,0,6.20199818033533,0,0,81.7014694213867,10.0224734755123,63.9799613952637,17.1409484744072,0,7.75197810393113,0,0,34.3462305863698,0,0,0,24.1323385238647,0,0,0,28.6128533363342,70.8320388793945,32.6213969450731,70.3629589080811,0,0,0,0,58.5493278503418,0,71.6188171386719,144.720947265625,21.2640533521771,22.5690828323364,16.201790218552,27.1668453216553,0
10.6746053695679,0,9.28512954711914,0,0,0,3.85223766411243,0,8.8550920287768,0,0,0,0,0,2.95481497900827,0,0,0,71.9683532714844,0,0,0,0,0,0,0,0,0,0,0,0,0,0,0,0,0,55.272289276123,0,76.4231033325195,0,48.4747943878174,43.560359954834,40.9384908933897,0,0,0,20.6923689380769,0,45.8154804395593,47.7405891418457,3.56274796934689,0,3.2024783721337,0,11.729622109731,0,0,67.6774063110352,0,0,0,0,0,9.02910220821698,0,0,0,35.8827590942383,0,0,82.8860626220703,0,0,37.2113418579102,0,0,0,0,0,0,0,52.0357534620497,5.86755874410369,3.79306530952454,18.3571038816729,0,0
0,29.2620213826497,0,9.80987455031669,0,0,0,3.07276933533805,0,10.0143674850464,0,2.72667551040649,0,2.95069742202759,0,0,0,68.9054908752441,55.4991744995117,3.57666921615601,0,0,0,0,0,0,0,0,0,0,0,0,0,0,0,24.3035538991292,0,47.2079048156738,0,67.0097961425781,0,43.3976876125779,71.0892906188965,50.6672286987305,0,26.9737926324209,0,0,84.940803527832,39.8945980072021,0,3.29991010991399,0,3.88418598175049,0,13.1380507151286,0,9.61760560671488,0,12.7398968843313,0,5.11166311502457,9.13404387039143,0,0,0,0,0,0,0,40.949634552002,0,46.9809726715088,0,0,0,0,0,25.9100685119629,0,68.5991668701172,0,4.73974546845754,5.58295609734275,14.6096534913416,0,67.3468475341797
0,0,0,0,3.85223766411243,0,0,0,0,0,4.71010216736212,0,5.48910577128632,0,0,0,0,0,0,0,4.01311492919922,0,0,0,0,0,0,0,0,0,0,0,0,0,0,0,0,0,0,0,0,0,0,0,0,0,31.437780380249,0,0,0,5.54475624421064,0,3.19661708040671,0,0,0,5.96674276391665,0,4.32007859150569,0,0,0,0,8.38830166824104,0,0,0,0,0,0,0,0,0,0,0,0,0,0,0,0,0,0,3.5178367094805,0,0,0,0
0,0,0,0,0,3.07276933533805,0,0,0,0,0,5.28406322771503,0,3.46412090226716,0,0,0,0,0,8.53491600450263,0,0,0,0,0,0,0,0,0,0,0,0,0,0,0,0,0,0,0,0,0,0,0,0,0,0,0,0,0,0,0,3.32704057693481,0,4.13210419246129,0,0,0,5.01514467279962,0,3.93748694169717,0,0,0,0,0,0,0,0,0,0,0,0,0,0,0,0,0,0,0,0,0,0,3.05142045021057,0,0,0,0
6.81894225887681,0,4.66955026420387,0,8.8550920287768,0,0,0,0,0,0,0,0,0,3.11724434154374,0,0,0,34.3404060999552,0,0,0,0,0,4.52288965688368,0,5.0639327065698,0,0,0,0,0,0,0,56.292896270752,0,72.5880584716797,0,10.7210750750133,0,40.5675888061523,52.4079265594482,29.3576721214113,0,0,70.3628540039062,25.7467100143433,0,24.8886521835076,0,11.9358526379609,0,0,0,6.6744850762313,0,22.9192181905111,83.1274795532227,0,0,3.42485195153895,0,0,16.2451915740967,0,0,0,6.27973654212021,0,0,0,0,0,69.9197082519531,0,0,0,0,0,60.1353788375854,144.165771484375,15.4758155182196,7.02495992294578,4.42507869005203,21.52260569548,0,12.4951500007084
0,3.82265386326622,0,8.45248692769271,0,10.0143674850464,0,0,0,0,0,0,0,0,0,4.67258066526601,0,7.99431402594955,54.9388720194499,0,0,0,0,4.93701502712824,0,4.62455377357685,0,23.7204113006592,0,0,0,0,0,0,0,0,0,13.4961128916059,0,0,0,10.5374561046886,0,0,0,0,0,0,0,13.851001479409,0,6.61546846032143,0,0,0,5.68369384886872,0,15.420578956604,0,15.6710682369414,0,3.97500094193131,19.0954189300537,0,0,0,7.91020791226022,0,5.30001345547763,0,15.6162746580024,0,16.2665787208371,0,0,0,0,0,0,0,14.1332610978021,0,6.0418600841002,4.39586999745873,10.5662596384128,19.5625190734863,0
0,0,0,0,0,0,4.71010216736212,0,0,0,0,0,4.73400278298751,0,0,0,0,0,0,0,2.88625412517124,0,0,0,0,0,0,0,5.6214278837045,0,6.3437445870596,0,0,0,0,0,6.33552646636963,0,3.32177471345471,0,0,0,0,0,0,0,0,0,18.1264110648114,0,0,0,3.34774338876879,0,0,0,6.13266660766483,0,6.82114199977933,0,0,0,0,8.45475913683573,0,0,0,0,0,0,0,10.4358729831572,0,10.6682309713574,0,0,0,0,0,0,0,0,5.28274480775855,0,0,0,0
0,0,0,0,0,2.72667551040649,0,5.28406322771503,0,0,0,0,0,6.76412609857943,0,0,0,0,0,9.72708980462297,0,0,0,0,0,0,0,6.26456278144268,0,4.82293538401898,0,0,0,0,0,8.89728156725566,0,3.96819227481492,0,0,0,0,0,0,0,20.4263450622559,0,0,0,0,0,3.00751852989197,0,6.05356231331825,0,0,0,6.37660641254801,0,3.40460814499274,0,0,15.8072620868683,0,0,0,0,0,0,0,8.30121183395386,0,6.24252517206369,0,0,0,0,0,0,0,4.30452793697978,0,5.39025201144555,3.36282682418823,11.4652256965637,0,0
0,0,0,0,0,0,5.48910577128632,0,0,0,4.73400278298751,0,0,0,0,0,0,0,0,0,0,0,0,0,0,0,0,0,3.77307226107671,0,4.21770715713501,0,0,0,0,0,0,0,0,0,0,0,0,0,0,0,0,0,0,0,0,0,4.49892810412816,0,0,0,6.2949501308235,0,3.66010760585306,0,0,0,0,0,0,0,0,0,0,0,0,7.42981968285902,0,11.1007266751042,0,0,0,0,0,0,0,0,4.21903977091883,0,0,0,0
0,0,0,0,0,2.95069742202759,0,3.46412090226716,0,0,0,6.76412609857943,0,0,0,3.04084867238998,0,3.1683464050293,0,0,0,0,0,0,0,14.0301626205444,0,7.34222407812786,0,4.53283964503895,0,0,0,0,0,0,0,0,0,0,0,0,0,0,0,0,0,0,0,0,0,2.81691964467367,0,2.94408440589905,0,0,0,6.77485142813789,0,4.06722636805423,0,2.99482141600715,0,0,0,0,0,0,0,0,5.12717538860673,0,0,0,0,0,0,0,0,0,0,0,4.2242757141965,3.12444844245911,0,0,0
0,0,4.70043627421061,0,2.95481497900827,0,0,0,3.11724434154374,0,0,0,0,0,0,0,0,0,0,0,0,0,0,0,0,0,0,0,0,0,0,0,0,0,0,0,0,0,0,0,0,0,0,0,0,0,0,0,0,0,10.6738704045614,0,0,0,3.46973016387538,0,0,0,0,0,3.03166784346104,0,0,0,0,0,0,0,0,0,0,0,0,0,0,0,0,0,0,0,0,0,2.85854554176331,0,0,0,0
0,0,0,3.791588306427,0,0,0,0,0,4.67258066526601,0,0,0,3.04084867238998,0,0,0,0,0,0,0,0,0,0,0,3.53914830965154,0,0,0,0,0,0,0,0,0,0,0,0,0,0,0,0,0,0,0,0,0,0,0,0,0,3.63784763979357,0,0,0,5.60654921531677,0,0,0,0,0,3.64046708566171,0,0,0,0,0,0,5.70554723909923,0,0,0,0,0,0,0,0,0,0,0,0,0,3.56334245204926,0,0,0,0
0,0,0,81.0819091796875,0,0,0,0,0,0,0,0,0,0,0,0,0,26.9418687795068,21.6379949079719,0,0,0,4.20406781302558,0,4.09266482080732,53.8280200958252,3.73406452337901,0,0,0,0,0,0,0,0,107.928749084473,89.1225357055664,97.0438385009766,97.3841552734375,87.4107753208705,81.6305656433105,71.4705263376236,51.7577942200821,59.3602460225423,59.1635261535645,100.892333984375,68.0981699625651,0,65.6636655367338,0,0,0,0,0,0,67.2393188476562,0,104.190116882324,0,82.7351989746094,0,0,88.2187469482422,83.0881271362305,0,4.68288630247116,0,0,0,4.39215729236603,0,0,90.8295135498047,0,0,0,0,0,95.9900670051575,86.4337603251139,86.9699679783412,75.2816333770752,13.7887779439319,11.2189623006627,70.9892038815263,66.9297972286449,49.200227578481
0,46.1716305868966,0,45.309513092041,0,68.9054908752441,0,0,0,7.99431402594955,0,0,0,3.1683464050293,0,0,26.9418687795068,0,26.7477799628789,0,0,4.48610503956823,0,0,0,5.02214391391001,0,3.15257668495178,0,0,0,0,0,0,0,79.751381556193,97.9607925415039,85.5344416300456,94.7302684783936,68.9498720169067,70.5741575489873,45.0806262016296,55.7707250200469,39.893890467557,39.1174705505371,63.2558397146372,92.7115951538086,0,82.9894269031027,47.1266082763672,0,98.2557144165039,0,0,0,0,0,56.7209358215332,0,66.5555572509766,0,0,65.5081902742386,63.7593441009521,6.01549394530539,0,0,0,6.70519290066729,0,76.5496225357056,72.3547210693359,56.1554779725916,80.1949691772461,0,0,0,0,72.3512564659119,75.216255645752,67.5328288571588,97.5214963640485,17.0672521812035,10.4499533137308,52.2044298028046,41.5321296056112,58.0501324335734
0,13.2440888254266,0,38.2378838539124,71.9683532714844,55.4991744995117,0,0,34.3404060999552,54.9388720194499,0,0,0,0,0,0,21.6379949079719,26.7477799628789,0,0,0,0,0,0,0,0,0,0,0,56.5940971374512,0,0,0,0,42.8134382496709,60.7112308124919,54.9668977681328,70.2445084136209,57.7615498113268,47.786306947621,44.485985364208,27.8438556692494,22.2236766192959,22.8087514974338,20.0598754312681,45.4043845385313,44.7525241613388,0,35.7565499897356,23.3110368861709,85.333423614502,0,0,0,39.5977945327759,0,75.8168690999349,56.1284005301339,0,50.4753354390462,0,0,53.2392132766848,67.0668047641186,0,0,0,38.9888820648193,0,0,67.6967510810265,62.7303473154704,54.8808229515351,54.7962422370911,0,0,0,43.4863138198853,49.6653955595979,44.5726250136016,54.9388114738878,44.0361565312553,16.6072750585765,29.2253697586818,34.4742454700609,25.4974263544833,22.4793826771874
0,0,0,6.94993352890015,0,3.57666921615601,0,8.53491600450263,0,0,0,9.72708980462297,0,0,0,0,0,0,0,0,0,0,0,0,0,0,0,0,0,19.2081898961748,0,0,0,0,0,5.63029017172402,0,15.3257717607177,0,0,0,36.5626117706299,0,0,0,8.94302344322205,0,0,0,38.4504833221436,0,3.91945219039917,0,0,0,0,0,8.006620469378,0,0,0,0,6.31256075166539,0,0,0,0,0,0,0,17.6699523925781,0,18.2411187682182,0,0,0,0,0,8.77654563199694,0,17.7761282732799,0,6.46187356555903,0,11.6940437902784,0,0
0,0,0,0,0,0,4.01311492919922,0,0,0,2.88625412517124,0,0,0,0,0,0,0,0,0,0,0,0,0,0,0,0,0,0,0,0,0,0,0,0,0,6.37075102020954,0,4.22458447935831,0,11.8161191940308,0,0,0,0,0,5.42133040456887,0,0,0,0,0,0,0,0,0,4.33204323904855,0,0,0,0,0,0,4.71122918592846,0,0,0,0,0,0,0,0,0,0,0,0,0,0,0,5.31660231484307,0,5.78207306678479,4.40370964698302,0,6.8009367071349,0,0
0,0,0,0,0,0,0,0,0,0,0,0,0,0,0,0,0,4.48610503956823,0,0,0,0,4.47244887492236,6.01478137473715,0,4.77670981946928,0,4.3964840909268,0,0,0,0,0,0,0,0,0,6.11342573185679,11.2947892703508,0,0,0,0,0,0,0,0,0,0,11.9458964665731,0,0,0,0,0,0,0,0,0,0,0,0,0,0,5.56848283413086,4.7447262207667,4.04111001278176,0,4.35552767885698,0,7.31986052649362,0,0,0,0,0,0,0,0,0,8.47378269216525,12.6757080290053,4.91292971437429,6.15663139337499,37.110279083252,0,0
0,0,0,0,0,0,0,0,0,0,0,0,0,0,0,0,4.20406781302558,0,0,0,0,4.47244887492236,0,0,6.3672399447821,0,5.0281634706038,0,5.37178765840767,0,0,0,0,0,0,0,0,0,6.56357937946491,0,0,0,0,0,0,0,0,0,0,0,0,0,0,0,0,0,0,0,0,0,0,0,0,0,3.1692910194397,5.11833856532049,0,8.31189651815047,0,4.94227619618177,0,0,0,0,0,0,0,0,0,0,0,6.52120235729336,4.72708593968065,4.48577041736228,0,0,0
0,7.76028630974587,0,0,0,0,0,0,0,4.93701502712824,0,0,0,0,0,0,0,0,0,0,0,6.01478137473715,0,0,0,4.40598545745671,0,0,0,0,0,0,0,0,0,0,0,8.64021583561842,0,0,0,9.71051788330078,0,0,0,0,0,0,0,9.96210277648199,0,0,0,0,0,8.5405554905116,0,0,0,0,0,3.15729892253876,0,0,6.00178749778054,0,5.67475275523452,0,4.40490171265981,0,15.7040405273438,0,0,0,0,0,0,0,0,0,9.16856722148788,0,4.97315123114168,0,5.62529979472937,0,0
24.7754716873169,0,0,0,0,0,0,0,4.52288965688368,0,0,0,0,0,0,0,4.09266482080732,0,0,0,0,0,6.3672399447821,0,0,0,4.39514289161345,0,0,0,0,0,0,0,0,0,0,0,7.37727366578522,0,0,0,10.7179981867472,0,0,0,0,0,23.6943521499634,0,0,0,0,0,5.83679743435072,0,26.5436445871989,0,0,0,15.746782541275,0,0,0,0,5.85361025895283,0,5.43943460605763,0,5.96040773625467,0,21.1900653839111,0,18.6875553131104,0,0,0,0,0,0,0,10.1335539646221,5.54572534006695,0,18.2668877840042,0,10.0643681632148
0,0,0,0,0,0,0,0,0,4.62455377357685,0,0,0,14.0301626205444,0,3.53914830965154,53.8280200958252,5.02214391391001,0,0,0,4.77670981946928,0,4.40598545745671,0,0,0,5.5638875775523,0,0,0,0,0,0,0,0,0,9.19360253651937,0,0,0,38.3779067993164,0,0,0,0,0,0,0,9.24683669408162,0,0,0,0,0,11.89155570163,0,29.3766886393229,0,11.7587341773204,0,2.92123624256679,0,0,4.36496187953338,0,8.85098137314787,0,4.96824472097371,0,10.3464935564148,0,0,0,0,0,0,0,0,0,10.7783113147901,0,4.37227866048172,24.8942337036133,22.290717124939,0,0
0,0,0,0,0,0,0,0,5.0639327065698,0,0,0,0,0,0,0,3.73406452337901,0,0,0,0,0,5.0281634706038,0,4.39514289161345,0,0,0,4.65053558349609,0,0,0,0,0,0,0,0,0,15.2377432909879,0,0,0,0,0,0,0,0,0,0,0,0,0,0,0,8.32245862845219,0,27.1286396980286,0,16.6083717346191,0,10.2390308983025,0,0,0,0,4.20295649308425,0,6.0884764912059,0,5.82755478366308,0,4.05544830362002,0,0,0,0,0,0,0,0,0,17.1128762245178,3.37602880001068,0,0,0,0
0,0,0,36.9224853515625,0,0,0,0,0,23.7204113006592,0,6.26456278144268,0,7.34222407812786,0,0,0,3.15257668495178,0,0,0,4.3964840909268,0,0,0,5.5638875775523,0,0,0,4.54691853137375,0,0,0,0,0,0,0,6.05591577291489,0,94.7849445343018,0,40.5097460065569,62.7158813476562,0,0,54.9350738525391,0,0,0,30.9009170532227,0,0,0,0,0,0,0,19.2580216785647,0,6.15683221628357,0,0,41.3888880411784,0,4.14387065693013,0,0,0,4.47406783235182,0,5.5901480696675,0,4.87934358192213,0,0,0,0,0,0,0,8.52374482154846,0,4.1668724609833,5.26755977324231,27.3607622146606,0,0
0,0,0,0,0,0,0,0,0,0,5.6214278837045,0,3.77307226107671,0,0,0,0,0,0,0,0,0,5.37178765840767,0,0,0,4.65053558349609,0,0,0,4.05764128573953,0,0,0,0,0,0,0,5.39193584349741,0,0,0,0,0,0,0,0,0,0,0,0,0,0,0,0,0,9.74199346133641,0,3.19863142967224,0,0,0,0,0,0,4.23640562620478,0,0,0,7.45145399570465,0,5.84757523976175,0,10.2016937586299,0,0,0,0,0,0,0,8.83426862970183,3.12175992657157,0,0,0,0
0,0,0,0,0,0,0,0,0,0,0,4.82293538401898,0,4.53283964503895,0,0,0,0,56.5940971374512,19.2081898961748,0,0,0,0,0,0,0,4.54691853137375,0,0,0,0,0,0,0,50.1369209289551,0,4.15960744437099,0,49.8793277740479,0,36.9262167986702,59.4380912780762,26.635160446167,0,22.6846492767334,0,0,0,0,0,0,0,0,0,0,0,6.88933823859855,0,5.60526752471924,0,0,23.4392153235043,0,0,0,0,0,0,0,6.0080469563856,0,4.62547001238022,0,0,0,0,0,60.3166248321533,0,4.27965012828956,0,4.80548204963272,5.62639409182023,22.9004446527232,22.5994027455648,0
0,0,0,0,0,0,0,0,0,0,6.3437445870596,0,4.21770715713501,0,0,0,0,0,0,0,0,0,0,0,0,0,0,0,4.05764128573953,0,0,0,0,0,0,0,0,0,5.06363541257901,0,0,0,0,0,0,0,0,0,11.4539291858673,0,0,0,0,0,0,0,13.3031721115112,0,0,0,0,0,0,0,0,0,0,0,0,0,0,10.5136546526315,0,7.24576089573466,0,0,0,0,0,0,0,9.16088097249861,3.99260819260844,0,0,0,0
0,0,0,0,0,0,0,0,0,0,0,0,0,0,0,0,0,0,0,0,0,0,0,0,0,0,0,0,0,0,0,0,2.74218463897705,0,0,3.71811541423944,0,0,0,0,0,0,0,0,0,0,0,6.39892587540256,0,6.75783637166023,0,0,0,0,0,0,0,0,0,0,0,0,0,0,0,0,0,0,0,0,0,0,0,0,3.84620542618239,3.35445805696341,6.73833932876587,0,5.41144917886079,0,0,0,3.13239805514996,0,0,0,0
0,0,0,0,0,0,0,0,0,0,0,0,0,0,0,0,0,0,0,0,0,0,0,0,0,0,0,0,0,0,0,2.74218463897705,0,8.32953015963236,6.18253077222751,0,3.3429308506438,0,0,17.0290062086923,0,0,0,0,0,0,0,5.1441473765348,0,15.1801016171773,0,0,0,0,0,0,0,0,0,0,0,0,0,0,0,0,0,0,0,0,0,0,0,0,0,5.13413146203181,0,6.77401944723996,0,4.37470110979947,0,0,4.72137201100253,0,8.06424356460571,0,0
0,0,0,0,0,0,0,0,0,0,0,0,0,0,0,0,0,0,0,0,0,0,0,0,0,0,0,0,0,0,0,0,8.32953015963236,0,4.64047743259368,3.63847159963893,0,3.9423003310249,6.94540969530741,0,0,0,0,0,0,0,0,4.24477190493209,0,7.81078433990479,0,0,0,0,0,0,0,0,0,0,0,0,0,0,0,0,0,0,0,0,0,0,0,0,0,9.29700756072998,4.32262941773142,6.65144197863917,3.34418265101979,9.29836463928223,3.96955077171326,6.84889985575821,4.29737415674486,2.79004731931184,0,0,0
0,0,0,0,0,0,0,0,56.292896270752,0,0,0,0,0,0,0,0,0,42.8134382496709,0,0,0,0,0,0,0,0,0,0,0,0,0,6.18253077222751,4.64047743259368,0,23.6076354980469,10.7637374277151,13.8652593211124,6.86158122839751,21.1020517349243,52.2882423400879,13.7465581893921,27.4214378822851,0,35.1205554962158,71.7414398193359,20.6399602475374,6.43154364684869,33.8496264881558,19.5526013374329,0,0,0,0,0,0,0,0,0,0,0,0,0,21.2376432418823,0,0,0,0,0,0,0,0,0,0,0,14.4511204163233,4.93189559368729,4.63153837396947,0,12.1626969448315,27.6703796386719,7.8232449070195,8.2595247226331,19.1627039007238,17.7135335988012,0,31.6446404457092
0,0,0,53.8673057556152,0,24.3035538991292,0,0,0,0,0,8.89728156725566,0,0,0,0,107.928749084473,79.751381556193,60.7112308124919,5.63029017172402,0,0,0,0,0,0,0,0,0,50.1369209289551,0,3.71811541423944,0,3.63847159963893,23.6076354980469,0,5.88709609719771,10.0122915273227,9.11464249190464,25.8720976352692,0,37.4826431222864,66.4996999104818,36.4352880338343,0,15.2491788621992,0,10.7916114143297,0,16.2047755877177,0,0,0,0,0,0,0,28.9445786089511,0,0,0,0,11.2122878022868,0,0,0,0,0,0,0,56.8286984761556,0,60.4413409079275,0,3.57589193541428,0,6.24109461837345,26.7636108398438,6.05179348636449,6.80384181227003,11.8133405161351,11.0528191309127,6.21304065629906,85.8659934997559,23.5646867481343,40.0980025597338,104.642356872559
75.1934585571289,0,0,0,55.272289276123,0,0,0,72.5880584716797,0,6.33552646636963,0,0,0,0,0,89.1225357055664,97.9607925415039,54.9668977681328,0,6.37075102020954,0,0,0,0,0,0,0,0,0,0,0,3.3429308506438,0,10.7637374277151,5.88709609719771,0,8.10592993006987,10.6113087834983,0,21.87846215566,57.6096801757812,36.7886901297936,0,38.9863980033181,0,19.3120449558719,3.00154656171799,40.2456700608537,0,0,0,0,0,73.2797431945801,0,26.8879747788111,0,0,0,0,0,0,8.68991045552681,0,0,0,0,0,0,0,0,0,0,0,4.43620850052685,0,11.930752632183,6.62622490525246,6.5481350860066,0,13.706709655246,6.0975785366904,99.9061228434245,28.3433890427862,0,40.0837418874105
0,14.8979711861446,0,77.44677734375,0,47.2079048156738,0,0,0,13.4961128916059,0,3.96819227481492,0,0,0,0,97.0438385009766,85.5344416300456,70.2445084136209,15.3257717607177,0,6.11342573185679,0,8.64021583561842,0,9.19360253651937,0,6.05591577291489,0,4.15960744437099,0,0,0,3.9423003310249,13.8652593211124,10.0122915273227,8.10592993006987,0,8.7484006200783,68.1748362949916,0,33.402071172665,64.1548252105713,42.9302979787191,59.6655960083008,34.4691080212129,53.0702819824219,6.3034866233576,58.0880304972331,9.4409304112196,0,0,0,0,0,19.1050839704626,0,19.6848185143228,0,0,0,18.9682426452637,20.8047189870649,49.7149238586426,9.94739178467912,0,6.21217415185101,0,9.24161072744839,0,10.1061586098499,0,18.3057777058511,0,0,0,6.19196348287621,22.0400203957277,17.2702126204967,15.5970094624688,6.85591694584723,12.0477670972683,6.62050141840965,6.53570943419267,25.2708740782823,44.7127017087715,57.1869430541992
20.7411907030189,0,29.2068910598755,0,76.4231033325195,0,0,0,10.7210750750133,0,3.32177471345471,0,0,0,0,0,97.3841552734375,94.7302684783936,57.7615498113268,0,4.22458447935831,11.2947892703508,6.56357937946491,0,7.37727366578522,0,15.2377432909879,0,5.39193584349741,0,5.06363541257901,0,0,6.94540969530741,6.86158122839751,9.11464249190464,10.6113087834983,8.7484006200783,0,0,69.8777984619141,64.1983432769775,24.9081697038902,0,45.2347939809163,0,42.7823009490967,7.39529693784385,8.95095716972609,0,60.3182423909505,0,0,0,10.9145299757808,0,30.1251180349891,122.791946411133,41.2934665679932,0,0,0,0,12.545933609917,0,7.56741469057779,0,7.76973503756236,0,6.20638236999512,122.223999023438,12.0064303874969,0,5.29820803845866,0,0,3.50751733779907,8.20372079778309,12.0803213119507,11.8933144152084,11.8003292292879,6.26994393770588,7.03861946597542,9.71131644721629,17.0633948957993,0,15.1965172660542
0,33.5951995849609,0,53.8165610177176,0,67.0097961425781,0,0,0,0,0,0,0,0,0,0,87.4107753208705,68.9498720169067,47.786306947621,0,0,0,0,0,0,0,0,94.7849445343018,0,49.8793277740479,0,0,17.0290062086923,0,21.1020517349243,25.8720976352692,0,68.1748362949916,0,0,86.547435760498,23.6366165211639,71.8573331832886,28.9003176916213,0,19.7274944831278,84.5923690795898,8.17949929708764,113.272009277344,6.92958531291684,0,0,0,0,0,0,0,40.7073956898281,0,0,0,0,20.0232294008293,124.516441345215,0,0,0,0,0,0,49.6620307922363,0,53.5108865102132,0,16.4467430114746,0,0,0,7.95045532908107,93.5448303222656,20.1074976244348,0,51.8499177822397,77.4802368164062,25.5611343800381,25.2713306679213,0
0,0,0,0,48.4747943878174,0,0,0,40.5675888061523,0,0,0,0,0,0,0,81.6305656433105,70.5741575489873,44.485985364208,0,11.8161191940308,0,0,0,0,0,0,0,0,0,0,0,0,0,52.2882423400879,0,21.87846215566,0,69.8777984619141,86.547435760498,0,77.14154264662,23.9952596308654,62.857984161377,28.0295247650146,80.3105087280273,17.2642936942601,20.5323022529483,14.8955308855073,0,43.6840159767552,0,0,0,44.1811075210571,0,37.8406287395593,0,0,0,41.5259017944336,0,101.081797281901,24.0382100618143,0,0,0,0,0,0,0,45.6448153327493,0,46.3242464418764,0,0,0,0,94.368886311849,6.03872946753848,97.4546051025391,64.9677478709119,37.9402875986185,84.3702987670898,26.6194686542716,102.465965270996,39.4524817062637
0,26.4787693111175,0,35.4799680349962,43.560359954834,43.3976876125779,0,0,52.4079265594482,10.5374561046886,0,0,0,0,0,0,71.4705263376236,45.0806262016296,27.8438556692494,36.5626117706299,0,0,0,9.71051788330078,0,38.3779067993164,0,40.5097460065569,0,36.9262167986702,0,0,0,0,13.7465581893921,37.4826431222864,57.6096801757812,33.402071172665,64.1983432769775,23.6366165211639,77.14154264662,0,11.3648561654296,26.9645277458487,49.8920993804932,28.1762548733461,41.090347971235,5.8867548282102,62.2411613464355,12.618791994543,59.2761764526367,45.0544056892395,0,0,50.455997467041,26.687655045436,55.3823871612549,32.4208994842157,0,27.4181735667777,0,31.6964931488037,37.6344485727946,0,0,0,12.4710828781128,0,0,0,20.557621645205,0,19.1495970552254,51.3499755859375,0,0,0,77.1460113525391,27.8386133184887,71.4967193603516,32.6253570421322,59.4312273661296,17.1847797408995,49.2778984361941,19.107202144961,15.2689924722852,59.9990019798279
18.9997995694478,0,22.6745535532633,40.8549896587025,40.9384908933897,71.0892906188965,0,0,29.3576721214113,0,0,0,0,0,0,0,51.7577942200821,55.7707250200469,22.2236766192959,0,0,0,0,0,10.7179981867472,0,0,62.7158813476562,0,59.4380912780762,0,0,0,0,27.4214378822851,66.4996999104818,36.7886901297936,64.1548252105713,24.9081697038902,71.8573331832886,23.9952596308654,11.3648561654296,0,59.885429927281,13.4148606731181,53.4640454831331,32.2360580485443,11.3941863466192,18.4982576403752,35.2276268005371,53.1020479007643,49.1285591125488,0,0,35.0566875803189,0,28.571461375962,43.9861981427228,25.456301175631,47.6097157796224,0,0,48.3298691236056,47.8353867645723,0,0,0,11.7465894629316,0,39.1295928955078,60.8215594572179,24.0228188865039,55.5737482706706,21.4482640630455,0,0,0,26.4194121450748,82.9188849131266,26.9837314169391,66.743429704146,29.3673070350626,12.8229705291354,27.2348175018359,20.7809185542118,54.5032770974295,14.1231305911348
0,0,0,0,0,50.6672286987305,0,0,0,0,0,0,0,0,0,0,59.3602460225423,39.893890467557,22.8087514974338,0,0,0,0,0,0,0,0,0,0,26.635160446167,0,0,0,0,0,36.4352880338343,0,42.9302979787191,0,28.9003176916213,62.857984161377,26.9645277458487,59.885429927281,0,44.0487976074219,35.3434438705444,54.7649917602539,0,73.1699905395508,52.5182940165202,0,0,0,0,0,41.2533721923828,0,0,0,0,0,0,44.2952454884847,0,0,0,0,0,0,0,0,0,34.8457174301147,0,0,0,0,0,34.0504002372424,0,40.7664631843567,0,31.6005506153348,43.5991808573405,16.7366270038389,28.036081969738,55.8605880737305
0,0,0,0,0,0,0,0,0,0,0,0,0,0,0,0,59.1635261535645,39.1174705505371,20.0598754312681,0,0,0,0,0,0,0,0,0,0,0,0,0,0,0,35.1205554962158,0,38.9863980033181,59.6655960083008,45.2347939809163,0,28.0295247650146,49.8920993804932,13.4148606731181,44.0487976074219,0,0,0,0,30.4796370665232,0,0,0,0,0,0,0,0,0,0,0,0,0,96.4307479858398,0,0,0,0,0,0,0,0,0,0,0,0,0,0,0,80.5036849975586,32.826727956319,0,29.0509427388509,39.3866400491624,44.5589881896973,21.7851202011108,86.4920425415039,36.1098950703939
0,0,0,27.0824358122689,0,26.9737926324209,0,0,70.3628540039062,0,0,20.4263450622559,0,0,0,0,100.892333984375,63.2558397146372,45.4043845385313,8.94302344322205,0,0,0,0,0,0,0,54.9350738525391,0,22.6846492767334,0,0,0,0,71.7414398193359,15.2491788621992,0,34.4691080212129,0,19.7274944831278,80.3105087280273,28.1762548733461,53.4640454831331,35.3434438705444,0,0,74.0885696411133,0,69.9741916656494,29.4379330635071,0,22.1595449447632,0,0,56.0935478210449,0,72.4127788543701,28.7946824573335,0,42.7689346313477,0,0,9.73446241082169,0,0,0,52.647647857666,0,0,0,44.1658130373274,0,31.593967446037,0,0,0,0,0,14.1290163221813,62.0607795715332,33.4077374830007,77.609016418457,39.9978407451085,72.7636251449585,20.9024253171375,51.6150341033936,0
0,0,0,0,20.6923689380769,0,31.437780380249,0,25.7467100143433,0,0,0,0,0,0,0,68.0981699625651,92.7115951538086,44.7525241613388,0,5.42133040456887,0,0,0,0,0,0,0,0,0,0,0,0,0,20.6399602475374,0,19.3120449558719,53.0702819824219,42.7823009490967,84.5923690795898,17.2642936942601,41.090347971235,32.2360580485443,54.7649917602539,0,74.0885696411133,0,35.3615163167318,31.6871515728178,0,21.2154884211222,0,0,0,20.615395228068,0,24.2154328409831,0,0,0,0,0,104.005645751953,12.6108055513395,0,0,0,0,0,0,60.961763381958,43.329510468703,74.4951400756836,42.231817311254,0,0,0,20.8759590387344,120.875022888184,13.2531115842596,67.554801940918,25.7687407243972,42.4770602681744,0,16.9148917828785,0,43.1138202960675
0,0,0,0,0,0,0,0,0,0,0,0,0,0,0,0,0,0,0,0,0,0,0,0,0,0,0,0,0,0,0,6.39892587540256,5.1441473765348,4.24477190493209,6.43154364684869,10.7916114143297,3.00154656171799,6.3034866233576,7.39529693784385,8.17949929708764,20.5323022529483,5.8867548282102,11.3941863466192,0,0,0,35.3615163167318,0,5.91073233176043,6.79907775232172,0,0,0,0,0,0,0,0,0,0,0,0,38.343334197998,59.4266738891602,0,0,0,0,0,0,0,0,0,0,7.86542872671821,4.45881618035044,5.44612208604813,7.07682659563675,7.027458838811,11.0323034954071,7.06036818406942,8.0743362118054,6.33791856494964,2.75188255310059,7.40126935201674,0,12.8237801551819
8.78733151909467,0,34.0309119754367,79.4401728312175,45.8154804395593,84.940803527832,0,0,24.8886521835076,0,18.1264110648114,0,0,0,0,0,65.6636655367338,82.9894269031027,35.7565499897356,0,0,0,0,0,23.6943521499634,0,0,0,0,0,11.4539291858673,0,0,0,33.8496264881558,0,40.2456700608537,58.0880304972331,8.95095716972609,113.272009277344,14.8955308855073,62.2411613464355,18.4982576403752,73.1699905395508,30.4796370665232,69.9741916656494,31.6871515728178,5.91073233176043,0,21.8357661565145,46.5816287994385,0,0,0,21.7154568242663,0,12.2473676211813,78.0114967346191,6.60681702409472,0,4.32291340378096,0,94.0509338378906,21.5168876735927,0,0,0,9.29653534548623,0,4.07480801287152,0,8.90067064552976,95.5327377319336,6.46777673796111,0,0,0,17.8240836316889,116.640921020508,25.5935740954426,0,14.9638577265086,26.9726980658744,68.1899290750193,18.5204320240891,0,18.7961925576312
0,11.2988194726565,0,9.04847846337415,47.7405891418457,39.8945980072021,0,0,0,13.851001479409,0,0,0,0,0,0,0,47.1266082763672,23.3110368861709,38.4504833221436,0,11.9458964665731,0,9.96210277648199,0,9.24683669408162,0,30.9009170532227,0,0,0,6.75783637166023,15.1801016171773,7.81078433990479,19.5526013374329,16.2047755877177,0,9.4409304112196,0,6.92958531291684,0,12.618791994543,35.2276268005371,52.5182940165202,0,29.4379330635071,0,6.79907775232172,21.8357661565145,0,0,13.1033911705017,0,0,0,7.89506589549862,0,16.0580865204334,0,9.74736937681834,0,7.74337993155826,45.7452408472697,0,10.5490525464217,0,6.06927496194839,0,8.45146679878235,0,13.4486734718084,0,20.1122506856918,54.1091346740723,14.6748085679679,12.2987540562948,0,18.1351741552353,7.52557415478173,0,5.85367876291275,0,12.2775151510239,0,9.37079291986615,21.7870049476624,0
8.3915843963623,0,6.80643147230148,0,3.56274796934689,0,5.54475624421064,0,11.9358526379609,0,0,0,0,0,10.6738704045614,0,0,0,85.333423614502,0,0,0,0,0,0,0,0,0,0,0,0,0,0,0,0,0,0,0,60.3182423909505,0,43.6840159767552,59.2761764526367,53.1020479007643,0,0,0,21.2154884211222,0,46.5816287994385,0,0,0,0,0,10.9462972075144,0,3.26595280063686,0,0,0,12.010555267334,0,0,9.64558541544022,0,0,0,0,0,0,0,0,0,35.9367294311523,0,0,0,0,0,0,87.7103805541992,52.6785060337612,9.7152860718114,0,9.27794960342619,0,28.2259292602539
0,0,0,6.20199818033533,0,3.29991010991399,0,3.32704057693481,0,6.61546846032143,0,3.00751852989197,0,2.81691964467367,0,3.63784763979357,0,98.2557144165039,0,3.91945219039917,0,0,0,0,0,0,0,0,0,0,0,0,0,0,0,0,0,0,0,0,0,45.0544056892395,49.1285591125488,0,0,22.1595449447632,0,0,0,13.1033911705017,0,0,0,3.79143714904785,0,4.29249700903893,0,3.40773737112681,0,3.46142687468693,0,3.61445596675999,6.39989275806829,0,0,0,0,0,0,0,39.6481056213379,0,40.3649559020996,0,0,0,0,0,0,0,104.794738769531,0,9.38269632203238,0,6.10204325634756,0,0
0,0,0,0,3.2024783721337,0,3.19661708040671,0,0,0,3.34774338876879,0,4.49892810412816,0,0,0,0,0,0,0,0,0,0,0,0,0,0,0,0,0,0,0,0,0,0,0,0,0,0,0,0,0,0,0,0,0,0,0,0,0,0,0,0,0,0,0,3.81041288375854,0,4.42796325683594,0,0,0,0,0,0,0,0,0,0,0,0,0,0,0,0,0,0,0,0,0,0,0,0,0,0,0,0
0,0,0,0,0,3.88418598175049,0,4.13210419246129,0,0,0,6.05356231331825,0,2.94408440589905,0,0,0,0,0,0,0,0,0,0,0,0,0,0,0,0,0,0,0,0,0,0,0,0,0,0,0,0,0,0,0,0,0,0,0,0,0,3.79143714904785,0,0,0,0,0,4.65154399410371,0,3.67669892311096,0,0,0,0,0,0,0,0,0,0,0,0,0,0,0,0,0,0,0,0,0,0,2.73924620946248,0,0,0,0
7.77544560201902,0,5.32401618858178,81.7014694213867,11.729622109731,0,0,0,6.6744850762313,0,0,0,0,0,3.46973016387538,0,0,0,39.5977945327759,0,0,0,0,0,5.83679743435072,0,8.32245862845219,0,0,0,0,0,0,0,0,0,73.2797431945801,0,10.9145299757808,0,44.1811075210571,50.455997467041,35.0566875803189,0,0,56.0935478210449,20.615395228068,0,21.7154568242663,0,10.9462972075144,0,0,0,0,0,25.5759797096252,72.719123840332,0,0,3.56310703754425,0,0,14.7411088943481,0,0,0,4.98134264418606,0,8.63167762756348,0,0,94.6439743041992,39.7327473958333,0,0,0,0,0,59.2650985717773,88.6646575927734,30.4194078705528,8.64853635466242,0,25.0594861660248,0,13.0131577983979
0,4.46205907047919,0,10.0224734755123,0,13.1380507151286,0,0,0,5.68369384886872,0,0,0,0,0,5.60654921531677,67.2393188476562,0,0,0,0,0,0,8.5405554905116,0,11.89155570163,0,0,0,0,0,0,0,0,0,0,0,19.1050839704626,0,0,0,26.687655045436,0,41.2533721923828,0,0,0,0,0,7.89506589549862,0,4.29249700903893,0,0,0,0,0,0,0,16.3914394378662,0,4.55924543396371,0,0,0,0,7.05911609844659,0,6.10462969349277,0,17.2294791936874,0,18.695198059082,0,0,0,0,0,0,0,16.8576044283415,0,11.4137077501842,0,12.3634910383939,0,0
12.1679110527039,0,3.72633004188538,63.9799613952637,0,0,5.96674276391665,0,22.9192181905111,0,6.13266660766483,0,6.2949501308235,0,0,0,0,0,75.8168690999349,0,4.33204323904855,0,0,0,26.5436445871989,0,27.1286396980286,0,9.74199346133641,0,13.3031721115112,0,0,0,0,0,26.8879747788111,0,30.1251180349891,0,37.8406287395593,55.3823871612549,28.571461375962,0,0,72.4127788543701,24.2154328409831,0,12.2473676211813,0,3.26595280063686,0,3.81041288375854,0,25.5759797096252,0,0,61.949634552002,5.61150834111884,0,9.67003429085016,0,105.380584716797,5.9089210152626,0,0,0,30.2107781728109,0,16.473004471172,81.0294151306152,13.4561379872836,78.1588478088379,11.484770086711,0,0,0,0,0,42.9516754150391,89.7080478668213,38.1468031185189,22.5120599387397,122.80216217041,11.8811065139754,0,16.8622211908039
0,13.5517342885335,0,17.1409484744072,67.6774063110352,9.61760560671488,0,5.01514467279962,83.1274795532227,15.420578956604,0,6.37660641254801,0,6.77485142813789,0,0,104.190116882324,56.7209358215332,56.1284005301339,8.006620469378,0,0,0,0,0,29.3766886393229,0,19.2580216785647,0,6.88933823859855,0,0,0,0,0,28.9445786089511,0,19.6848185143228,122.791946411133,40.7073956898281,0,32.4208994842157,43.9861981427228,0,0,28.7946824573335,0,0,78.0114967346191,16.0580865204334,0,3.40773737112681,0,4.65154399410371,72.719123840332,0,61.949634552002,0,0,7.14171588959232,0,6.11207628250122,19.0599282644861,0,31.8579821586609,0,23.9848403930664,0,0,0,11.5095904013604,74.611567179362,9.77606002177762,71.775629679362,0,0,0,0,39.0617773706021,0,54.9767643423641,0,10.3551391254772,0,10.3244759636767,16.9580652713776,74.757194519043
11.5646162033081,0,4.0680923802512,0,0,0,4.32007859150569,0,0,0,6.82114199977933,0,3.66010760585306,0,0,0,0,0,0,0,0,0,0,0,0,0,16.6083717346191,0,3.19863142967224,0,0,0,0,0,0,0,0,0,41.2934665679932,0,0,0,25.456301175631,0,0,0,0,0,6.60681702409472,0,0,0,4.42796325683594,0,0,0,5.61150834111884,0,0,0,7.25076351602093,0,0,0,0,0,0,33.2173461914062,0,12.0407632637024,82.7096176147461,3.07162353727553,0,33.3500366210938,0,0,0,0,0,0,0,35.4460887908936,4.47576457482797,0,10.866211879133,0,20.6231795719692
0,12.697706884808,0,7.75197810393113,0,12.7398968843313,0,3.93748694169717,0,15.6710682369414,0,3.40460814499274,0,4.06722636805423,0,0,82.7351989746094,66.5555572509766,50.4753354390462,0,0,0,0,0,0,11.7587341773204,0,6.15683221628357,0,5.60526752471924,0,0,0,0,0,0,0,0,0,0,0,27.4181735667777,47.6097157796224,0,0,42.7689346313477,0,0,0,9.74736937681834,0,3.46142687468693,0,3.67669892311096,0,16.3914394378662,0,7.14171588959232,0,0,0,6.16094913238134,39.6099481582642,0,0,0,17.6511878967285,0,5.68815529346466,0,5.79548536674886,0,21.0875697135925,0,0,0,0,0,49.2872314453125,0,0,0,6.34279450774193,24.8292417526245,12.720944978162,16.9253678321838,0
3.46029558043549,0,0,0,0,0,0,0,3.42485195153895,0,0,0,0,0,3.03166784346104,0,0,0,0,0,0,0,0,0,15.746782541275,0,10.2390308983025,0,0,0,0,0,0,0,0,0,0,0,0,0,41.5259017944336,0,0,0,0,0,0,0,4.32291340378096,0,12.010555267334,0,0,0,3.56310703754425,0,9.67003429085016,0,7.25076351602093,0,0,0,0,0,0,0,0,0,0,6.06736243427347,0,0,0,0,0,0,0,0,0,0,0,0,0,0,8.91653302510579,0,0
0,5.25731041214683,0,0,0,5.11166311502457,0,0,0,3.97500094193131,0,0,0,2.99482141600715,0,3.64046708566171,0,0,0,0,0,0,0,3.15729892253876,0,2.92123624256679,0,0,0,0,0,0,0,0,0,0,0,18.9682426452637,0,0,0,31.6964931488037,0,0,0,0,0,0,0,7.74337993155826,0,3.61445596675999,0,0,0,4.55924543396371,0,6.11207628250122,0,6.16094913238134,0,0,0,0,0,0,0,0,4.48887340227763,0,8.27189840589251,0,0,0,0,0,0,0,0,0,0,0,2.81763164202372,0,13.4926543235779,0,0
0,38.3255075454712,0,34.3462305863698,0,9.13404387039143,0,0,0,19.0954189300537,0,15.8072620868683,0,0,0,0,88.2187469482422,65.5081902742386,53.2392132766848,6.31256075166539,0,0,0,0,0,0,0,41.3888880411784,0,23.4392153235043,0,0,0,0,0,11.2122878022868,0,20.8047189870649,0,20.0232294008293,101.081797281901,37.6344485727946,48.3298691236056,44.2952454884847,96.4307479858398,9.73446241082169,104.005645751953,38.343334197998,94.0509338378906,45.7452408472697,0,6.39989275806829,0,0,0,0,105.380584716797,19.0599282644861,0,39.6099481582642,0,0,0,0,0,0,0,0,0,0,26.093053629232,69.250249226888,23.6085897227885,68.9009399414062,0,0,0,0,18.2303243083644,0,27.9369609906123,0,16.3660504496327,85.5672016143799,19.0012869870551,59.7995230730842,70.342170715332
0,0,0,0,9.02910220821698,0,8.38830166824104,0,16.2451915740967,0,8.45475913683573,0,0,0,0,0,83.0881271362305,63.7593441009521,67.0668047641186,0,4.71122918592846,0,0,0,0,0,0,0,0,0,0,0,0,0,21.2376432418823,0,8.68991045552681,49.7149238586426,12.545933609917,124.516441345215,24.0382100618143,0,47.8353867645723,0,0,0,12.6108055513395,59.4266738891602,21.5168876735927,0,9.64558541544022,0,0,0,14.7411088943481,0,5.9089210152626,0,0,0,0,0,0,0,0,0,0,0,0,0,0,46.9104051589966,0,18.6054076058524,0,0,0,0,105.506103515625,11.3933701798007,130.603424072266,16.5836595188488,8.77403655013885,81.5344772338867,9.68045175431881,0,48.6190818150838
0,0,0,0,0,0,0,0,0,0,0,0,0,0,0,0,0,6.01549394530539,0,0,0,5.56848283413086,3.1692910194397,6.00178749778054,0,4.36496187953338,0,4.14387065693013,0,0,0,0,0,0,0,0,0,9.94739178467912,0,0,0,0,0,0,0,0,0,0,0,10.5490525464217,0,0,0,0,0,0,0,31.8579821586609,0,0,0,0,0,0,0,0,5.23155351479848,0,5.44803720821034,0,8.61391686320305,0,0,0,0,0,0,0,0,0,7.84305011042271,0,6.98586780831293,7.12966792742411,0,0,0
0,0,0,0,0,0,0,0,0,0,0,0,0,0,0,0,4.68288630247116,0,0,0,0,4.7447262207667,5.11833856532049,0,5.85361025895283,0,4.20295649308425,0,4.23640562620478,0,0,0,0,0,0,0,0,0,7.56741469057779,0,0,0,0,0,0,0,0,0,0,0,0,0,0,0,0,0,0,0,0,0,0,0,0,0,0,0,0,6.10544491745532,0,4.48755526296871,0,3.22101243904659,0,0,0,0,0,0,0,0,0,5.66541222806247,5.47413364944667,5.47141144817991,0,0,0
0,6.69526426498707,0,24.1323385238647,0,0,0,0,0,7.91020791226022,0,0,0,0,0,0,0,0,0,0,0,4.04111001278176,0,5.67475275523452,0,8.85098137314787,0,0,0,0,0,0,0,0,0,0,0,6.21217415185101,0,0,0,12.4710828781128,0,0,0,52.647647857666,0,0,0,6.06927496194839,0,0,0,0,0,7.05911609844659,0,23.9848403930664,0,17.6511878967285,0,0,0,0,5.23155351479848,0,0,0,4.75621315204736,0,20.0919507344564,0,0,0,0,0,0,0,0,0,5.27426128333571,0,10.1905928117009,28.2330055236816,7.16807196609466,0,0
12.3545271212404,0,26.060754776001,0,35.8827590942383,0,0,0,6.27973654212021,0,0,0,0,0,0,0,0,0,38.9888820648193,0,0,0,8.31189651815047,0,5.43943460605763,0,6.0884764912059,0,0,0,0,0,0,0,0,0,0,0,7.76973503756236,0,0,0,11.7465894629316,0,0,0,0,0,9.29653534548623,0,0,0,0,0,4.98134264418606,0,30.2107781728109,0,33.2173461914062,0,0,0,0,0,0,6.10544491745532,0,0,0,4.74484217889381,0,3.57725787162781,0,0,0,0,0,0,0,0,0,10.1941769835838,7.65389839443592,20.0296535491943,16.6277850288333,0,9.77539816308529
0,7.8531551361084,0,0,0,0,0,0,0,5.30001345547763,0,0,0,0,0,5.70554723909923,0,6.70519290066729,0,0,0,4.35552767885698,0,4.40490171265981,0,4.96824472097371,0,4.47406783235182,0,0,0,0,0,0,0,0,0,9.24161072744839,0,0,0,0,0,0,0,0,0,0,0,8.45146679878235,0,0,0,0,0,6.10462969349277,0,0,0,5.68815529346466,0,4.48887340227763,0,0,5.44803720821034,0,4.75621315204736,0,0,0,3.95251360781053,0,0,0,0,0,0,0,0,0,9.91305637359619,0,9.04912416373982,0,10.2422601699829,0,0
6.64429903030396,0,0,0,0,0,0,0,0,0,0,0,0,0,0,0,4.39215729236603,0,0,0,0,0,4.94227619618177,0,5.96040773625467,0,5.82755478366308,0,7.45145399570465,0,0,0,0,0,0,0,0,0,6.20638236999512,0,0,0,39.1295928955078,0,0,0,0,0,4.07480801287152,0,0,0,0,0,8.63167762756348,0,16.473004471172,0,12.0407632637024,0,6.06736243427347,0,0,0,0,4.48755526296871,0,4.74484217889381,0,0,0,6.96085337580067,0,0,0,0,0,0,0,0,0,30.5517914295197,4.59490765894161,0,9.81810342272123,0,0
0,12.7620846645252,0,28.6128533363342,82.8860626220703,40.949634552002,0,0,0,15.6162746580024,0,8.30121183395386,0,5.12717538860673,0,0,0,76.5496225357056,67.6967510810265,17.6699523925781,0,7.31986052649362,0,15.7040405273438,0,10.3464935564148,0,5.5901480696675,0,6.0080469563856,0,0,0,0,0,56.8286984761556,0,10.1061586098499,122.223999023438,49.6620307922363,0,20.557621645205,60.8215594572179,0,0,44.1658130373274,60.961763381958,0,0,13.4486734718084,0,39.6481056213379,0,0,0,17.2294791936874,81.0294151306152,11.5095904013604,82.7096176147461,5.79548536674886,0,8.27189840589251,26.093053629232,0,8.61391686320305,0,20.0919507344564,0,3.95251360781053,0,0,0,5.22978050434667,0,0,0,0,0,53.1386051177979,0,11.265891671564,0,9.61284996760197,6.84975028265632,15.1718681964389,20.3391999138726,0
0,0,28.5617218017578,70.8320388793945,0,0,0,0,0,0,10.4358729831572,0,7.42981968285902,0,0,0,0,72.3547210693359,62.7303473154704,0,0,0,0,0,21.1900653839111,0,4.05544830362002,0,5.84757523976175,0,10.5136546526315,0,0,0,0,0,0,0,12.0064303874969,0,45.6448153327493,0,24.0228188865039,0,0,0,43.329510468703,0,8.90067064552976,0,0,0,0,0,0,0,13.4561379872836,74.611567179362,3.07162353727553,0,0,0,69.250249226888,46.9104051589966,0,3.22101243904659,0,3.57725787162781,0,6.96085337580067,0,0,0,10.2656279448624,0,0,0,54.7351341247559,0,48.3614872523717,92.2500915527344,8.52714079523843,15.4072807346072,0,13.4884343460831,0,13.210742369942
