0,0,40.4309026747942,0,0,0,0,0,450.92103344202,0,0,0,0,0,0,0,38.3908190727234,0,107.085475385189,0,0,0,0,0,9.21542358398438,0,0,0,0,0,0,0,0,0,0,0,0,0,0,0,0.509086057543755,0.161545231938362,165.953012675047,0,0,0,0.658582553267479,2.60494054853916,229.409363657236,0.762787401676178,0,0,0,0,344.061284780502,0,0,0,0,0,63.6340052038431,0,0,2.36063385009766,0,0,0,18.9514941871166,0,0,0,0,0,1.18408393859863,0,0,0,0,0,8.27547526359558,0,0,235.436899900436,0.762910172343254,118.193325966597,0,0
0,0,0,22.8133037239313,0,0,0,0,0,271.692068338394,0,0,0,0,0,0,0,0.164878711104393,30.1090656220913,0,0,0,0,1.82969656586647,0,0,0,0,0,0,0,0,0,0,0,0,0,0,0,0.517792358994484,0,170.291332677007,0,1.10167932510376,0,0,0,1.44527623057365,0,47.3973936140537,0,0.959747493267059,0,0,0,411.385815471411,0,0,0,0,0,37.7287572026253,0.166612297296524,0,0,0,64.4630223214626,0,0,0,0.400658160448074,0,0.514918982982635,0,0,0,0,0,1.94350919127464,0,0,0,71.8328153789043,0.759374022483826,142.861684247851,0,0
40.4309026747942,0,0,1.68080721050501,54.0483636260033,0,0,0,157.109560012817,0,0.448252990841866,0,0,0,0,0,1.45532138645649,0,5.04677456617355,0,2.42163825035095,0,0,0,0,0,0,0,0,0,2.17056922614574,0,0.340261369943619,0,0,0,0.155214175581932,0,0,0,10.4750778377056,1.20984128117561,170.286909863353,0,0,3.49949087202549,18.5585394799709,7.31328019499779,16.1682595908642,0,130.11710177362,0.157920405268669,0,0,20.4224323034286,0,23.3814942389727,0.350277677178383,0,0,3.52288162708282,0,0,12.670453235507,0,0,0,0,0,0,0,0.270417958498001,0.451372072100639,15.7725555300713,0,0,0,0,0.797986745834351,19.424588881433,0.320499897003174,9.99897603690624,306.12558208406,0.75248184800148,283.198974817991,0.606115281581879,7.13924464583397
0,22.8133037239313,1.68080721050501,0,0.217936724424362,129.063035592437,0,0,0,10.5436075925827,0,0,0,0,0,0,0,0.60493415594101,0.524450644850731,0,0,0,0,0,0,0,0,0,0,0,0,0,0,0.235212460160255,0,0,0,0,0,10.9502914100885,0,73.9477926120162,0.517134219408035,0,0,11.4992619007826,0.982600927352905,16.0980116724968,0,86.0534995794296,0.513055101037025,300.68324907124,0,0,0,88.1130209267139,1.5863179564476,35.4312499761581,0,96.9878929555416,0,51.1216794550419,5.46782086789608,1.04219771921635,0,0,0,0,0,0,5.20232090353966,0,21.4812290221453,0,0,0,0,0,10.2202201038599,0,3.19136330485344,0,93.2989972680807,0.652961432933807,351.140049405396,5.44125980138779,0
0,0,54.0483636260033,0.217936724424362,0,0,0,0,57.0348932147026,0,0.249696403741837,0,0,0,0,0,0,0.14271567761898,0.942147135734558,0,266.909898117185,0,0,0,0,0,0,0,0,0,2.46894454956055,0,0,0,0,0,19.2899380475283,0,0.287988305091858,0,20.3283184170723,0.371658161282539,36.0773586779833,0,0,1.68674123287201,54.6271538585424,19.3492340445518,48.8542391657829,0,569.855497807264,0,0,0,0,0,5.59514980018139,0,13.8673858642578,0,22.3553745150566,0,0,97.4596383720636,0,0,0,0,0,0,0,0,0,10.6475308537483,0,0,0,0,0.135149642825127,69.0750167965889,0.156846344470978,15.6019339859486,1255.45348791778,4.64600971341133,262.362698420882,0,1.7154957652092
0,0,0,129.063035592437,0,0,0,0,0,6.21165579557419,0,0,0,0,0,0,0,0,2.24435418844223,69.869003713131,0,0,0,0,0,0,0,0,0,0,0,0,0,0.760739803314209,0,46.3023017048836,4.21739101409912,0,0,9.03966200351715,0,17.6100749522448,0.530780211091042,0,0,5.81165046989918,0.153847843408585,8.80390554666519,0,26.0998429059982,0,861.074030727148,0,0,0,11.062135964632,0,18.6924041807652,0,0,0,0,203.004644200206,0.216056525707245,0,0,0,0,0,0,0.524555563926697,0,3.96669621765614,0,1.08288908004761,0,0,0,130.893571987748,0,1.26489891111851,0,465.437649786472,105.832798600197,344.069000437856,0.570092529058456,0
0,0,0,0,0,0,0,0,0,0,7.29998201131821,0,0,0,0,0,0,0,0,0,105.894757330418,0,0,0,0,0,0,0,0,0,0,0,0,0,0,0,20.1436972618103,0,0,0,0,0,0,0,0,0,0,0,0,0,9.16598606109619,0,177.88299921155,0,0,0,4.85725408792496,0,0,0,0,0,0,0.776230037212372,0,0,0,0,0,0,0,0,0,0,0,0,0,0,0,0,0,0,45.0733108520508,0,0,0,0
0,0,0,0,0,0,0,0,0,0,0,7.54509663581848,0,0,0,0,0,0,0,109.438080728054,0,0,0,0,0,0,0,0,0,0,0,0,0,0,0,0,0,0,0,0,0,0,0,0,0,0,0,0,0,0,0,0,0,224.058963954449,0,0,0,8.37130519747734,0,0,0,0,49.1337929368019,0,0,0,0,0,0,0,0,0,0,0,0,0,0,0,0,0,0,0,0,0,0,0,0
450.92103344202,0,157.109560012817,0,57.0348932147026,0,0,0,0,0,0,0,0,0,191.398539304733,0,431.675255298615,69.1264796555042,23.9203959107399,0,1.50918030738831,0,0,0,5.28566378355026,0,1.50372111797333,0,0,0,0,0,0,0,0,0,0,0,76.9877281486988,0,0,0,10.3440878093243,0,0,0,4.23626081645489,0,9.95524081587791,0,113.587145447731,0,0,0,948.142531305552,0,0.508966147899628,0,0,0,159.463800370693,0,0,1.13708099722862,0,0,0,2.11935031414032,0,14.9707863330841,0,0,0,3.5283479988575,0,0,0,0,0,4.6373302936554,0,51.2952189445496,865.911844968796,7.32871797680855,40.6712253987789,0,1.36497816443443
0,271.692068338394,0,10.5436075925827,0,6.21165579557419,0,0,0,0,0,0,0,0,0,59.9881185889244,0,0.469745576381683,2.87373876571655,0,0,0,0,3.55800628662109,0,0,0,0,0,0,0,0,0,0,0,0,0,150.835148721933,0,0,0,46.7696703672409,0,0,0,0,0,0,0,1.78910940885544,0,9.85435435175896,0,0,0,970.572277367115,0,0,0,0,0,65.4652335047722,0,0,0,0,2.60031878948212,0,0,0,0,0,0,0,0,0,0,0,1.12758028507233,0,103.980192750692,0,1750.7534571439,399.248167127371,124.121869951487,0,0
0,0,0.448252990841866,0,0.249696403741837,0,7.29998201131821,0,0,0,0,0,53.6084889769554,0,0,0,0,0,10.7155647277832,0,428.839978381991,0,0,0,0,0,0,0,0,0,35.7373449802399,0,0,0,0,0,14.3577723503113,0,870.189166218042,0,0.714117586612701,0,7.7301112562418,0,0,0.204253286123276,27.2164971232414,0,0.369852423667908,0,0,0,150.108387380838,0,0,0,1740.18124447763,0,39.6219046711922,0,0,0,0,483.572157993913,0,0,0,0,0,0,0,0,0,22.5327423512936,0,0,0,0,0,41.8592857420444,0,247.127900540829,205.683930441737,46.6053694486618,15.1967162042856,0,1.65703737735748
0,0,0,0,0,0,0,7.54509663581848,0,0,0,0,0,117.288464546204,0,0,0,0,0,284.602827697992,0,0,0,0,0,0,0,0,0,105.352512836456,0,0,0,0,0,12,0,472.605397880077,0,0,0,0,0,0,0,0,0,0,0,0,0,0,0,27.2618880271912,0,0,0,539.835389852524,0,37.83163189888,0,0,120.035063579679,0,0,0,0,0,0,0,0,0,45.3658817112446,0,0,0,0,0,0,0,132.259695589542,0,7.43811357021332,0,20.7083377540112,0,0
0,0,0,0,0,0,0,0,0,0,53.6084889769554,0,0,0,0,0,0,0,0,0,0,0,0,0,0,0,0,0,0,0,0,0,0,0,0,0,0,0,0,0,0,0,0,0,0,0,0,0,0,0,0,0,0,0,0,0,11.6970872282982,0,89.5268419981003,0,0,0,0,0,0,0,0,0,0,0,0,0,0,0,0,0,0,0,0,0,0,0,0,0,0,0,0
0,0,0,0,0,0,0,0,0,0,0,117.288464546204,0,0,0,2,0,0,0,0,0,0,0,0,0,0,0,0,0,0,0,0,0,0,0,0,0,0,0,0,0,0,0,0,0,0,0,0,0,0,0,0,0,0,0,0,0,21.385605096817,0,5.12482357025146,0,0,0,0,0,0,0,0,0,0,1.95681917667389,0,0,0,0,0,0,0,0,0,0,0,1,0,0,0,0
0,0,0,0,0,0,0,0,191.398539304733,0,0,0,0,0,0,0,170.433661431074,6.99470981955528,0,0,0,0,0.297075510025024,0,0,0,2.37272433936596,0,0,0,0,0,0,0,0,0,0,0,0,0,0.74122816324234,0,0,0,0,0,0.744669377803802,0,0,0,1.33882993459702,0,0,0,14.0370307266712,0,0,0,28.7606127262115,0,237.147019416094,0,0,0,0,0,0,0,0,5.73220545053482,0,0,0,0,0,0,0,0,0,1.06890273094177,0,0,68.5564330220222,1.03938239812851,0.193468943238258,0,0
0,0,0,0,0,0,0,0,0,59.9881185889244,0,0,0,2,0,0,0,4.45707654953003,0,0,0,0,0,0,0,0,0,0,0,0,0,0,0,0,0,0,0,0,0,0,0,0,0,0,0,0,0,0,0,0,0,0,0,0,0,55.7361432909966,0,0,0,0,0,89.7118510603905,0,0,0,0,0,0,0,0,0,0,0,0,0,0,0,0,0,0,0,0,11.6951558589935,0,0,0,0
38.3908190727234,0,1.45532138645649,0,0,0,0,0,431.675255298615,0,0,0,0,0,170.433661431074,0,0,15458.754770875,4596.57389739156,0,0,0,72.422022908926,0,43.7091757059097,3.83135187625885,1383.20696894825,0,0,0,0.642084091901779,0,0,0,0,0,4.04041102528572,0,0,25.8669339865446,64.8381409496069,12.8524068966508,132.418195404112,4.19091090559959,7.27346256375313,24.590147420764,116.338287554681,0,2.32509310543537,1.14424432814121,0.244766935706139,0,0,0,0,0,1.52705058455467,0,0,0,63.5425844490528,0,2.16474303603172,19.021148443222,0,0,0,0,0,38.2857622206211,0,0,1.85346935689449,6.05331535637379,0,0,0,0,42.6457039117813,236.912796124816,2.26272590458393,23.3449453413486,13916.5049183369,2980.56189371645,200.365716636181,5.03842829167843,23.7915095537901
0,0.164878711104393,0,0.60493415594101,0.14271567761898,0,0,0,69.1264796555042,0.469745576381683,0,0,0,0,6.99470981955528,4.45707654953003,15458.754770875,0,3467.11556183547,0,0,0,8.05737805366516,82.600036740303,15.3677704334259,62.8796170949936,38.3892076611519,0,0,0,0,0,0,0,0,1.18465178459883,0.794882640242577,0,0,75.8663563281298,23.5670739114285,136.349596448243,38.1524432525039,0,3.93198873102665,40.6961687654257,26.1633242964745,0,0.151726812124252,2.38391017913818,0,0,0,0,0,0,0.49950760602951,0,0,0,2.42666268348694,0,9.82173330336809,5.39071403443813,0,0,10.177548378706,0,13.5655256509781,0,0,0,1.0848385989666,0.99541874229908,0,0,0,0,187.745337702334,52.8495663180947,15.2760306149721,3.70920778810978,10748.5957917571,3563.23476880044,162.95959649235,38.6059441938996,4.62386780977249
107.085475385189,30.1090656220913,5.04677456617355,0.524450644850731,0.942147135734558,2.24435418844223,0,0,23.9203959107399,2.87373876571655,10.7155647277832,0,0,0,0,0,4596.57389739156,3467.11556183547,0,0,16.4105163663626,0,2.18438690900803,0,5.16014564037323,0.434004366397858,10.6450713127851,0,0,0,6.15050899982452,0,0,0,0,8.58630099892616,26.8637049645185,0,4.6422167122364,828.030132211745,433.807372286916,849.488317891955,743.195255465806,185.02544747293,62.8094020187855,613.85472638905,740.504210807383,0,14.5342743247747,35.8097286075354,0,0.590493738651276,0,0,0,0,26.8815383166075,3.83441442251205,0,0,4.37677574157715,0,89.5851570665836,114.005952805281,0,0,0,0,0,0,4.76193399727345,0.444530591368675,181.715319916606,104.732729151845,0,0,0,0,1831.10941435397,2025.76264357567,443.254791110754,280.640689045191,4620.06485386938,70.7104630470276,2897.73313644528,240.44750444591,120.651335313916
0,0,0,0,0,69.869003713131,0,109.438080728054,0,0,0,284.602827697992,0,0,0,0,0,0,0,0,0,0,0,0,0,0,0,0,0,0,0,0,0,0,0,713.841556489468,0,178.227542996407,0,0,0,0,0,0,0,0.376867949962616,0,0,0,0,0,78.509713768959,0,71.4107440710068,0,0,0,20.7369894981384,0,0,0,0,467.457759946585,0,0,0,0,0,0,0,0,0,12.0404157936573,0,0,0,0,0,382.560693696141,0,124.751421064138,0,49.8862948417664,0,21.5633828639984,0,0
0,0,2.42163825035095,0,266.909898117185,0,105.894757330418,0,1.50918030738831,0,428.839978381991,0,0,0,0,0,0,0,16.4105163663626,0,0,0,0,0,0,0,0,0,0,0,6.17784675955772,0,0,0,0,0,1189.98657539487,0,119.92416523397,0,2.64272139966488,0,8.61402142047882,0,0,0,71.7340791225433,0.238352656364441,1.5125829577446,0,299.586138188839,0,20.967386007309,0,0,0,60.1315540969372,0,0,0,0,0,0,1401.82125961781,0,0,0,0,0,0,0,0,0,6.65190079808235,0,0,0,0,0,870.535362809896,0,53.9234729409218,84.085072517395,11.4027207195759,59.5893193483353,0,6.48827627301216
0,0,0,0,0,0,0,0,0,0,0,0,0,0,0,0,0,0,0,0,0,0,7.65110206604004,272.539674460888,0,110.5747397542,0,4,0,0,0,0,0,0,0,0,0,655.77483189106,0,0,0,3.17750084400177,0,0,0,0.52429723739624,0.204488500952721,0,0,642.275312185287,0,0,0,0,0,0,0,9.56059637665749,0,1.28428936004639,0,0,2.09288963675499,0,1591.28659917414,0,404.609250128269,0,176.777848720551,0,407.534627407789,0,18.7685683965683,0,0,0,0,0,0,0,767.072458818555,0,76.9718611240387,0,6.41634273529053,0,0
0,0,0,0,0,0,0,0,0,0,0,0,0,0,0.297075510025024,0,72.422022908926,8.05737805366516,2.18438690900803,0,0,7.65110206604004,0,0,108.306094348431,0,1.03710314631462,0,2.57032963633537,0,0,0,0,0,0,0,0,0,405.152771562338,0,0,0,0,0,0,0,0,0,236.828888073564,0,0,0,0,0,0,0,0.332899570465088,0,0,0,0,0,0,0,0,2422.01866194606,0,387.955906435847,0,178.369319796562,0,159.856902569532,0,2.72369347512722,0,0,0,0,0,0,0,294.536521807313,249.179077982903,10.8304710388184,0,0,0
0,1.82969656586647,0,0,0,0,0,0,0,3.55800628662109,0,0,0,0,0,0,0,82.600036740303,0,0,0,272.539674460888,0,0,0,142.882141172886,0,0,0,0,0,0,0,0,0,0,0,258.772651970387,0,0,0,1.0778431892395,0,0,0,0,0,0.572382271289825,0,57.0298847258091,0,0,0,0,0,1.94393771886826,0,3.78103071451187,0,0.839296370744705,0,0,0.338050663471222,0,148.745079994202,0,373.428142338991,0,267.754155546427,0,14.296585381031,0,0.348084896802902,0,0,0,0,0,0,0,172.746276319027,0,79.834146887064,0,78.7459180951118,0,0
9.21542358398438,0,0,0,0,0,0,0,5.28566378355026,0,0,0,0,0,0,0,43.7091757059097,15.3677704334259,5.16014564037323,0,0,0,108.306094348431,0,0,0,1,0,0,0,0,0,0,0,0,0,0,0,439.264198333025,0,0,0,1.24578392505646,0,0,0,0,0,21.2395050823689,0,0,0,0,0,19.9537690877914,0,0,0,0,0,1.14531457424164,0,0,0,0,78.7594893574715,0,617.701972335577,0,44.0253575444221,0,0,0,0,0,0,0,0,0,0,0,250.407076001167,192.029197126627,0,167.726476490498,0,0
0,0,0,0,0,0,0,0,0,0,0,0,0,0,0,0,3.83135187625885,62.8796170949936,0.434004366397858,0,0,110.5747397542,0,142.882141172886,0,0,0,0,0,0,0,0,0,0,0,0,0,0,0,0,0,0,0,0,0,0,0.256931364536285,0,0,0,0,0,0,0,0,0,0,0,0,1.56134241819382,0,10.6812262535095,0,0,24.4075812995434,0,20.8590221405029,0,25.0024633407593,0,0.562700092792511,0,0,0,0,0,0,0,0,0,0,0,4.43028593063354,0,0,0,0
0,0,0,0,0,0,0,0,1.50372111797333,0,0,0,0,0,2.37272433936596,0,1383.20696894825,38.3892076611519,10.6450713127851,0,0,0,1.03710314631462,0,1,0,0,0,0,0,0,0,0,0,0,0,0,0,0,0,0,0,0,0,0,0,0,0,0,0,0,0,0,0,0,0,0,0,0,0,0,0,0,0,0,0,0,7.85945796966553,0,0,0,1,0,0,0,0,0,0,0,1.76066195964813,0,0,254.346013471484,25.6951418220997,1.07099640369415,0,0
0,0,0,0,0,0,0,0,0,0,0,0,0,0,0,0,0,0,0,0,0,4,0,0,0,0,0,0,0,64.3332581520081,0,0,0,0,0,0,0,0,0,0,0,0,0,0,0,0,0,0,0,0,0,0,0,0,0,0,0,0,0,39.1508339047432,0,0,0,0,0,0,0,0,0,0,350.717912733555,0,0,0,0,0,0,0,0,0,0,0,0,1,0,0,0
0,0,0,0,0,0,0,0,0,0,0,0,0,0,0,0,0,0,0,0,0,0,2.57032963633537,0,0,0,0,0,0,0,4,0,0,0,0,0,0,0,1,0,0,0,0,0,0,0,0,0,6.46609701216221,0,0,0,0,0,0,0,0,0,0,0,0,0,0,0.776964545249939,0,46.9344088435173,0,15.7431038618088,0,0.957073837518692,0,311.737240463495,0,0.300634026527405,0,0,0,0,0,0,0,1.25989773869514,0,0,0,0,0
0,0,0,0,0,0,0,0,0,0,0,105.352512836456,0,0,0,0,0,0,0,0,0,0,0,0,0,0,0,64.3332581520081,0,0,0,0,0,0,0,0,0,72.3550766706467,0,0,0,0,0,0,0,0,0,0,0,0,0,0,0,0,0,0,0,72.7869079858065,0,0,0,0,0,0,0,0,0,0,0,0,25.4207398891449,0,99.6616934537888,0,0,0,0,0,0,0,3,0,16.4034267663956,0,0,0,0
0,0,2.17056922614574,0,2.46894454956055,0,0,0,0,0,35.7373449802399,0,0,0,0,0,0.642084091901779,0,6.15050899982452,0,6.17784675955772,0,0,0,0,0,0,0,4,0,0,0,0,0,0,0,0.388295851647854,0,150.128289222717,0,1.97888511419296,0,12.8462833166122,0,0,0,38.6124150007963,0,0.641219168901443,0,1.07918201386929,0,0,0,0,0,258.749779969454,0.164828971028328,0,0,0,0,0,131.383412599564,0,0,0,0,0,0,0,0,0,40.3351635932922,0,0,0,0,0,21.3077647164464,0,15.4192405045033,20.1701082438231,131.949978545308,18.7182811647654,0,8.8330429494381
0,0,0,0,0,0,0,0,0,0,0,0,0,0,0,0,0,0,0,0,0,0,0,0,0,0,0,0,0,0,0,0,250.31072384119,29.2721508741379,0,82.4489651918411,98.2498950958252,0,0,0,0,0,0,0,0,0,0,1529.12663048506,3.51783233880997,6.59507647156715,0,0,0,0,0,0,0,0,0,0,0,0,0,0,0,0,0,0,0,0,0,0,0,0,2055.33722862601,173.880662173033,1,0,326.391996592283,33.1731532514095,0,0,86.0897355079651,0,8.55348011851311,0,0
0,0,0.340261369943619,0,0,0,0,0,0,0,0,0,0,0,0,0,0,0,0,0,0,0,0,0,0,0,0,0,0,0,0,250.31072384119,0,0,131.631230831146,14.9679336547852,276.357774928212,0,0,0,0,0,0.211126774549484,0,0,0,0.349197894334793,2301.96356549859,19.8536558151245,1.73192894458771,0,0,0,0,0,0,0,0,0,0,0,0,0,0,0,0,0,0,0,0,0,0,0,0,318.528480142355,1115.39587444067,0,316.079464167356,43.4973049759865,672.979110732675,0,0,165.631644368172,0,6.68517795205116,0,0
0,0,0,0.235212460160255,0,0.760739803314209,0,0,0,0,0,0,0,0,0,0,0,0,0,0,0,0,0,0,0,0,0,0,0,0,0,29.2721508741379,0,0,785.139857470989,21.1475113332272,0,192.922137320042,158.481846034527,0,0,0,1.40370798110962,0,0,0,0,1822.95821109414,16.9902068078518,3.10056167840958,0,0,0,0,0,0,0,0,0,0,0,0,0,0,0,0,0,0,0,0,0,0,0,0,4.82043993473053,0,649.231287106872,822.048089265823,37.3766058981419,1.02870893478394,141.078855976462,137.256952047348,133.231071174145,0,10.4192957282066,0,0
0,0,0,0,0,0,0,0,0,0,0,0,0,0,0,0,0,0,0,0,0,0,0,0,0,0,0,0,0,0,0,0,131.631230831146,785.139857470989,0,0,515.759766757488,0,47.4534048438072,0,0,0,4.27930474281311,0,0,0,0,1345.50078174472,29.272867500782,5.5279093682766,0,0,0,0,0,0,0,0,0,0,0,0,0,0,0,0,0,0,0,0,0,0,0,0,0,12.2546836137772,75.2045049071312,1187.39331661165,0.396107703447342,606.417752832174,0.603856116533279,7.27113282680511,158.765709072351,0,6.27886414527893,0,0
0,0,0,0,0,46.3023017048836,0,0,0,0,0,12,0,0,0,0,0,1.18465178459883,8.58630099892616,713.841556489468,0,0,0,0,0,0,0,0,0,0,0,82.4489651918411,14.9679336547852,21.1475113332272,0,0,724.613334596157,1055.86218713224,0,16.8993941992521,0,5.81770998984575,0,0.631401598453522,0,101.795532502234,0,146.93238979578,2.2085320353508,61.0058622807264,0,15.5498116314411,0,0,0,0,0,62.4034738540649,0,0,0,0,334.167072154582,0,0,0,0,0,0,0,0,0,1.56955762207508,0,70.459402769804,0,93.1599425971508,0,6434.28288760036,149.006999611855,343.883297100663,0,662.545955240726,33.3300217092037,320.735435754061,2.32871400564909,0
0,0,0.155214175581932,0,19.2899380475283,4.21739101409912,20.1436972618103,0,0,0,14.3577723503113,0,0,0,0,0,4.04041102528572,0.794882640242577,26.8637049645185,0,1189.98657539487,0,0,0,0,0,0,0,0,0,0.388295851647854,98.2498950958252,276.357774928212,0,515.759766757488,724.613334596157,0,0,1616.93648472428,0,1.95950707793236,0,19.5000489726663,0,1.24966958165169,0.150099918246269,90.0284761935472,212.952318608761,43.1545752882957,12.4488055109978,54.1542095392942,0,0,0,0,0,1.23921746015549,0,0,0,0,0,0,313.861646160483,0,0,0,0,0,0,0,0.132413372397423,0,1.44605320692062,63.4093923568726,213.307815670967,0,110.624987781048,226.144935697317,13788.3785666749,0,170.463277205825,1588.20256472379,373.463640213013,292.32473064214,0,2.95239914208651
0,0,0,0,0,0,0,0,0,150.835148721933,0,472.605397880077,0,0,0,0,0,0,0,178.227542996407,0,655.77483189106,0,258.772651970387,0,0,0,0,0,72.3550766706467,0,0,0,192.922137320042,0,1055.86218713224,0,0,235.351480960846,0,0,33.290149897337,0.187351986765862,0,0,0.861563041806221,0,36.0734666436911,0,128.381193190813,0,0,0,0,0,6.93914291262627,0,121.792328238487,0,0,0,0,51.0708263665438,0,481.599749028683,0,145.987657278776,0,0,0,28.6444991827011,0,61.0779195129871,0,0,0,140.361500412226,0,1222.55253826082,0,6581.08302637935,198.441253304482,838.261721313,71.4528348445892,65.4904172718525,1.35728585720062,0
0,0,0,0,0.287988305091858,0,0,0,76.9877281486988,0,870.189166218042,0,0,0,0,0,0,0,4.6422167122364,0,119.92416523397,0,405.152771562338,0,439.264198333025,0,0,0,1,0,150.128289222717,0,0,158.481846034527,47.4534048438072,0,1616.93648472428,235.351480960846,0,0,1.17577040195465,0,16.2231787145138,0,1.97850632667542,0,32.6536927968264,83.1236791610718,407.122030973434,0,0.286614656448364,0,0,0,12.7630324959755,0,41.5553689002991,0,0,0,0,0,0,148.682826668024,0,261.684502586722,0,148.872063368559,0,0.999472916126251,0,9.52864322066307,0,0.362678796052933,0,0,0,2.01000499725342,0,456.167926460505,18.1072784662247,7111.7370314002,866.207427799702,56.7367486953735,199.544272899628,0,6.92379182577133
0,0.517792358994484,0,10.9502914100885,0,9.03966200351715,0,0,0,0,0,0,0,0,0,0,25.8669339865446,75.8663563281298,828.030132211745,0,0,0,0,0,0,0,0,0,0,0,0,0,0,0,0,16.8993941992521,0,0,0,0,4.9794957190752,1964.10457149893,3.26540413498878,19.3643657565117,0,446.355832226574,3.19599372148514,0.680259436368942,0,124.238792598248,0,3.1455692499876,0,0,0,0,0.446809560060501,2.14209832251072,0,0,0,0,353.874212667346,0.805185355246067,0,0,0,0,0,0,1.45672976970673,0,12.8814974576235,0,0,0,0,0,757.712612107396,5.13136979937553,26.0822217315435,0,337.357765510678,27.3418404534459,1452.69494781643,320.011925391853,1.21190828084946
0.509086057543755,0,10.4750778377056,0,20.3283184170723,0,0,0,0,0,0.714117586612701,0,0,0,0.74122816324234,0,64.8381409496069,23.5670739114285,433.807372286916,0,2.64272139966488,0,0,0,0,0,0,0,0,0,1.97888511419296,0,0,0,0,0,1.95950707793236,0,1.17577040195465,4.9794957190752,0,3.65849570184946,1144.11507437378,0,60.3187193721533,3.41059686243534,441.63559730351,288.44698792696,279.391777187586,0.252767711877823,8.577964797616,0,0,0,0,0,29.0617608204484,0.799452483654022,0,0,0,0,0,307.281389310956,0,0,0,0,0,0,0,0,1.09798073768616,38.1808667331934,4.27372074127197,32.9232686758041,0,0,5.66366761922836,999.721768774092,0.262626469135284,36.4736758470535,174.218710996211,18.8207781910896,1391.00337511301,1.67963194847107,139.124912060797
0.161545231938362,170.291332677007,1.20984128117561,73.9477926120162,0.371658161282539,17.6100749522448,0,0,0,46.7696703672409,0,0,0,0,0,0,12.8524068966508,136.349596448243,849.488317891955,0,0,3.17750084400177,0,1.0778431892395,0,0,0,0,0,0,0,0,0,0,0,5.81770998984575,0,33.290149897337,0,1964.10457149893,3.65849570184946,0,273.90936230123,6.68278300762177,0.82345612347126,234.506204269826,7.26414959132671,42.255956992507,4.14384573698044,781.457893557847,0.131963849067688,7.88499438762665,0,0,0,7.76877488195896,1.91543625295162,188.222824037075,0,1.06369724869728,0,0,328.731187984347,1.13217693567276,0,0,3.30329564213753,0,0.741019725799561,0,137.177815303206,0,688.424234613776,0.143587425351143,0,0,0,0,1742.44805823267,5.12940100580454,205.97717770189,0,1323.67981361598,49.0246350988746,5095.36335928738,830.441039904952,1.69248235225677
165.953012675047,0,170.286909863353,0.517134219408035,36.0773586779833,0.530780211091042,0,0,10.3440878093243,0,7.7301112562418,0,0,0,0,0,132.418195404112,38.1524432525039,743.195255465806,0,8.61402142047882,0,0,0,1.24578392505646,0,0,0,0,0,12.8462833166122,0,0.211126774549484,1.40370798110962,4.27930474281311,0,19.5000489726663,0.187351986765862,16.2231787145138,3.26540413498878,1144.11507437378,273.90936230123,0,0,126.551343098283,10.7444399520755,423.862771034241,138.594169780612,662.977660477161,11.4970271289349,15.588409408927,0.156008765101433,0,0,0,0,1129.80064802617,0,0,0,1.25301098823547,0,2.0805266648531,478.800467006862,0,0,0,0,0,0,0,40.1149033606052,0.460345968604088,998.392109200358,0,0,0,0,10.3569168895483,1971.08256071806,0.533150687813759,214.945670560002,1931.89294269681,78.079329252243,6389.82933909446,5.18853434175253,1012.57081150264
0,1.10167932510376,0,0,0,0,0,0,0,0,0,0,0,0,0,0,4.19091090559959,0,185.02544747293,0,0,0,0,0,0,0,0,0,0,0,0,0,0,0,0,0.631401598453522,0,0,0,19.3643657565117,0,6.68278300762177,0,0,0,4.48142156004906,0.488065719604492,0,0,1.00086295604706,0,0,0,0,0,0,0,0,0,0,0,0,0,0,0,0,0,0,0,0,0,0,3.78319057822227,0,0,0,0,0,138.496789604425,0,59.156763792038,0,69.9174592792988,3.33857995271683,87.5413697063923,3.51773536205292,0
0,0,0,0,0,0,0,0,0,0,0,0,0,0,0,0,7.27346256375313,3.93198873102665,62.8094020187855,0,0,0,0,0,0,0,0,0,0,0,0,0,0,0,0,0,1.24966958165169,0,1.97850632667542,0,60.3187193721533,0.82345612347126,126.551343098283,0,0,0.760199248790741,56.1990037858486,0,0,0,0,0,0,0,0,0,0,0,0,0,0,0,0,4.57749688625336,0,0,0,0,0,0,0,0,0,2.01649194955826,0,0,0,0,0,91.1005078628659,0,3.89646637439728,44.6400435417891,7.69110044836998,100.82462733984,0,11.5316964238882
0,0,3.49949087202549,11.4992619007826,1.68674123287201,5.81165046989918,0,0,0,0,0.204253286123276,0,0,0,0,0,24.590147420764,40.6961687654257,613.85472638905,0.376867949962616,0,0.52429723739624,0,0,0,0,0,0,0,0,0,0,0,0,0,101.795532502234,0.150099918246269,0.861563041806221,0,446.355832226574,3.41059686243534,234.506204269826,10.7444399520755,4.48142156004906,0.760199248790741,0,20.8777706474066,6.21475234627724,0,63.7259456813335,2.19660349190235,1.43052779138088,0,0,0,0,15.1410891860723,23.5178075730801,0,0.17890752851963,0,0,809.11887409538,5.66162749379873,0,0,0,0,0,0,16.6562585681677,0.190087646245956,454.601835832,2.63780612498522,0,0,0,0,2502.18296864629,3.45883021503687,1259.42618747056,0.313227161765099,278.672638855875,15.9154273271561,1428.27185861021,19.9566221833229,0.635543167591095
0.658582553267479,0,18.5585394799709,0.982600927352905,54.6271538585424,0.153847843408585,0,0,4.23626081645489,0,27.2164971232414,0,0,0,0.744669377803802,0,116.338287554681,26.1633242964745,740.504210807383,0,71.7340791225433,0.204488500952721,0,0,0,0.256931364536285,0,0,0,0,38.6124150007963,0,0.349197894334793,0,0,0,90.0284761935472,0,32.6536927968264,3.19599372148514,441.63559730351,7.26414959132671,423.862771034241,0.488065719604492,56.1990037858486,20.8777706474066,0,32.3501207977533,109.217393413186,1.02227303385735,21.7777090072632,0.556174129247665,0,0,0,0,144.963862627745,1.19680930674076,0,0,0,0,2.97534261643887,1573.18896260858,0,0,0,0,0,0,0.91890661418438,1.12392441928387,1.81640528142452,228.53581558913,0,0,0,0,8.67467427253723,3398.02305139601,1.18405205011368,650.792528688908,408.838007263839,50.3653790578246,1004.2930130437,1.53245963156223,22.8247221186757
2.60494054853916,1.44527623057365,7.31328019499779,16.0980116724968,19.3492340445518,8.80390554666519,0,0,0,0,0,0,0,0,0,0,0,0,0,0,0.238352656364441,0,0,0.572382271289825,0,0,0,0,0,0,0,1529.12663048506,2301.96356549859,1822.95821109414,1345.50078174472,146.93238979578,212.952318608761,36.0734666436911,83.1236791610718,0.680259436368942,288.44698792696,42.255956992507,138.594169780612,0,0,6.21475234627724,32.3501207977533,0,3173.62221112847,835.882701575756,5.36177742481232,6.08078014850616,0,0,0,0,8.01328176259995,0,0,0,0,0,0,2.55358269810677,0,0,0.908235132694244,0,0,0,0,0.277492195367813,0.484197214245796,0,4935.09508275986,7104.35747137666,62.6484397649765,90.6848183274269,1743.33839286864,3095.40329518914,60.3618520200253,87.3124510347843,4378.59300154448,25.6392671316862,997.49054607749,0.249049201607704,0
229.409363657236,0,16.1682595908642,0,48.8542391657829,0,0,0,9.95524081587791,0,0.369852423667908,0,0,0,0,0,2.32509310543537,0.151726812124252,14.5342743247747,0,1.5125829577446,0,236.828888073564,0,21.2395050823689,0,0,0,6.46609701216221,0,0.641219168901443,3.51783233880997,19.8536558151245,16.9902068078518,29.272867500782,2.2085320353508,43.1545752882957,0,407.122030973434,0,279.391777187586,4.14384573698044,662.977660477161,0,0,0,109.217393413186,3173.62221112847,0,131.665042802691,14.637769177556,1.65662813186646,0,0,10.5566057562828,0,33.6439182907343,0,74.955646276474,0,33.8735215067863,0,0,8.42544846236706,0,79.638510659337,0,164.370680212975,0,183.335005953908,0,88.155350998044,0,88.2599595487118,4.64930793642998,23.8172695338726,0,0,3.33126020431519,638.151902526617,0.222114279866219,819.988913342357,2326.48692853749,16.1346904337406,1315.28508839756,0,4.77545514702797
0.762787401676178,47.3973936140537,0,86.0534995794296,0,26.0998429059982,0,0,0,1.78910940885544,0,0,0,0,0,0,1.14424432814121,2.38391017913818,35.8097286075354,0,0,642.275312185287,0,57.0298847258091,0,0,0,0,0,0,0,6.59507647156715,1.73192894458771,3.10056167840958,5.5279093682766,61.0058622807264,12.4488055109978,128.381193190813,0,124.238792598248,0.252767711877823,781.457893557847,11.4970271289349,1.00086295604706,0,63.7259456813335,1.02227303385735,835.882701575756,131.665042802691,0,0,7.84495875239372,0,0,0,44.797404229641,0.150009706616402,163.020676076412,0,77.6202249526978,0,80.4869021177292,43.811301022768,0,89.9608937352896,0,44.4165157675743,0,47.2883710861206,0,172.528176903725,0,200.722056061029,0,1.07959800958633,1.48974832892418,0.516473114490509,0,233.210172869265,1.36126655340195,452.361008495092,0.295728832483292,909.77760450542,28.5416541844606,1579.80019978434,9.34496407210827,0
0,0,130.11710177362,0.513055101037025,569.855497807264,0,9.16598606109619,0,113.587145447731,0,0,0,0,0,1.33882993459702,0,0.244766935706139,0,0,0,299.586138188839,0,0,0,0,0,0,0,0,0,1.07918201386929,0,0,0,0,0,54.1542095392942,0,0.286614656448364,0,8.577964797616,0.131963849067688,15.588409408927,0,0,2.19660349190235,21.7777090072632,5.36177742481232,14.637769177556,0,0,0,3.85413402318954,0,105.665210485458,0,200.592417448759,0.199618756771088,44.4710332751274,0,92.692685842514,0,0,277.125764772296,0,0,0,0,0,0,0,0.188781216740608,0.511344790458679,2.00671248137951,0,0,0,0,0.121863201260567,104.96605784446,0.175091996788979,7.58199492096901,597.190036013722,3.17595466971397,160.899082928896,0,0.210813015699387
0,0.959747493267059,0.157920405268669,300.68324907124,0,861.074030727148,0,0,0,9.85435435175896,0,0,0,0,0,0,0,0,0.590493738651276,78.509713768959,0,0,0,0,0,0,0,0,0,0,0,0,0,0,0,15.5498116314411,0,0,0,3.1455692499876,0,7.88499438762665,0.156008765101433,0,0,1.43052779138088,0.556174129247665,6.08078014850616,1.65662813186646,7.84495875239372,0,0,0,130.809398710728,0,202.95324164629,0.514131784439087,93.5953834354877,0,0,0,10.6415351629257,164.545053273439,0,0,0,0,0,0,0,0,0,1.06392830610275,0,0,0,0,0,83.4988981187344,0,0.22754380106926,0,656.91085344553,0.258888125419617,226.711050122976,0,0
0,0,0,0,0,0,177.88299921155,0,0,0,150.108387380838,0,0,0,0,0,0,0,0,0,20.967386007309,0,0,0,0,0,0,0,0,0,0,0,0,0,0,0,0,0,0,0,0,0,0,0,0,0,0,0,0,0,3.85413402318954,0,0,0,0,0,206.261182576418,0,0,0,0,0,0,9.62980037927628,0,0,0,0,0,0,0,0,0,0,0,0,0,0,0,0,0,0,7,0,0,0,0
0,0,0,0,0,0,0,224.058963954449,0,0,0,27.2618880271912,0,0,0,0,0,0,0,71.4107440710068,0,0,0,0,0,0,0,0,0,0,0,0,0,0,0,0,0,0,0,0,0,0,0,0,0,0,0,0,0,0,0,130.809398710728,0,0,0,0,0,285.573012635112,0,14.9402480125427,0,0,29.2267579436302,0,0,0,0,0,0,0,0,0,0,0,0,0,0,0,0,0,0,0,46.8072360157967,0,1.05867466330528,0,0
344.061284780502,0,20.4224323034286,0,0,0,0,0,948.142531305552,0,0,0,0,0,14.0370307266712,0,0,0,0,0,0,0,0,0,19.9537690877914,0,0,0,0,0,0,0,0,0,0,0,0,0,12.7630324959755,0,0,0,0,0,0,0,0,0,10.5566057562828,0,105.665210485458,0,0,0,0,0,0,0,0,0,187.379208356142,0,0,0,0,0,0,333.052811771631,0,25.2746586501598,0,0,0,0,0,0,0,0,0,0,0,3.27490699291229,0,0,130.06410074234,0,0
0,411.385815471411,0,88.1130209267139,0,11.062135964632,0,0,0,970.572277367115,0,0,0,0,0,55.7361432909966,0,0,0,0,0,0,0,1.94393771886826,0,0,0,0,0,0,0,0,0,0,0,0,0,6.93914291262627,0,0,0,7.76877488195896,0,0,0,0,0,0,0,44.797404229641,0,202.95324164629,0,0,0,0,0,0,0,0,0,83.6010031700134,0,0,0,0,290.297466695309,0,13.5554935932159,0,0,0,0,0,0,0,0,0,0,0,0.443857610225677,0,13.0910174250603,0,13.5963499844074,0,0
0,0,23.3814942389727,1.5863179564476,5.59514980018139,0,4.85725408792496,0,0.508966147899628,0,1740.18124447763,0,11.6970872282982,0,0,0,1.52705058455467,0.49950760602951,26.8815383166075,0,60.1315540969372,0,0.332899570465088,0,0,0,0,0,0,0,258.749779969454,0,0,0,0,0,1.23921746015549,0,41.5553689002991,0.446809560060501,29.0617608204484,1.91543625295162,1129.80064802617,0,0,15.1410891860723,144.963862627745,8.01328176259995,33.6439182907343,0.150009706616402,200.592417448759,0.514131784439087,206.261182576418,0,0,0,0,0.821287930011749,124.994573056698,0,54.1757673025131,0,0.283120006322861,1238.75345208496,0,0,0,0,0,0,1.34764882922173,252.119722932577,2.23512595146894,839.303136631846,0,0,0,0,0.543617680668831,112.842044904828,0.64197701215744,29.1623342186213,151.239491656423,3.1368995308876,1375.78444850445,0.111204609274864,115.092053219676
0,0,0.350277677178383,35.4312499761581,0,18.6924041807652,0,8.37130519747734,0,0,0,539.835389852524,0,21.385605096817,0,0,0,0,3.83441442251205,20.7369894981384,0,9.56059637665749,0,3.78103071451187,0,0,0,0,0,72.7869079858065,0.164828971028328,0,0,0,0,62.4034738540649,0,121.792328238487,0,2.14209832251072,0.799452483654022,188.222824037075,0,0,0,23.5178075730801,1.19680930674076,0,0,163.020676076412,0.199618756771088,93.5953834354877,0,285.573012635112,0,0,0.821287930011749,0,0,482.037422388792,0,16.8014522492886,410.805205598474,0.181708559393883,0,0,5.23183089494705,0,59.9020466208458,0,1027.75705823302,0,1143.47180083394,0,0,0,0,0,21.5268226787448,0,82.7417053431273,0,8.67005038261414,0.191545963287354,601.53043743223,7.98163408041,0
0,0,0,0,13.8673858642578,0,0,0,0,0,39.6219046711922,0,89.5268419981003,0,28.7606127262115,0,0,0,0,0,0,0,0,0,0,0,0,0,0,0,0,0,0,0,0,0,0,0,0,0,0,0,0,0,0,0,0,0,74.955646276474,0,44.4710332751274,0,0,0,0,0,124.994573056698,0,0,0,320.674749046564,0,0,2.11010152101517,0,0,0,0,0,34.9799040555954,0,100.771123826504,0,0,0,0,0,0,0,0.363270878791809,0,0,16.513156414032,0,15.246580183506,0,0
0,0,0,96.9878929555416,0,0,0,0,0,0,0,37.83163189888,0,5.12482357025146,0,0,0,0,0,0,0,1.28428936004639,0,0.839296370744705,0,1.56134241819382,0,39.1508339047432,0,0,0,0,0,0,0,0,0,0,0,0,0,1.06369724869728,0,0,0,0.17890752851963,0,0,0,77.6202249526978,0,0,0,14.9402480125427,0,0,0,482.037422388792,0,0,0,199.920662283897,1.20817391574383,0,0,0,6.15778496861458,0,151.06234267354,0,344.392244815826,0,0.93565160036087,0,0,0,0,0,0,0,0,0,0,0,21.4899575412273,0,0
63.6340052038431,0,3.52288162708282,0,22.3553745150566,0,0,0,159.463800370693,0,0,0,0,0,237.147019416094,0,63.5425844490528,2.42666268348694,4.37677574157715,0,0,0,0,0,1.14531457424164,0,0,0,0,0,0,0,0,0,0,0,0,0,0,0,0,0,1.25301098823547,0,0,0,0,0,33.8735215067863,0,92.692685842514,0,0,0,187.379208356142,0,54.1757673025131,0,320.674749046564,0,0,0,0,0,0,0,0,12.3299134373665,0,3.09963276982307,0,16.3039009273052,0,0,0,0,0,0,0,0,0,0,332.59372267127,0,19.5485886335373,0,0.771894037723541
0,37.7287572026253,0,51.1216794550419,0,0,0,0,0,65.4652335047722,0,0,0,0,0,89.7118510603905,0,0,0,0,0,0,0,0,0,10.6812262535095,0,0,0,0,0,0,0,0,0,0,0,0,0,0,0,0,0,0,0,0,0,0,0,80.4869021177292,0,10.6415351629257,0,0,0,83.6010031700134,0,16.8014522492886,0,199.920662283897,0,0,0,0,0,0,2.62791186571121,0,188.135332673788,0,3.30533862113953,0,0,0,0,0,0,0,0,0,0,0,0,0,0.624373197555542,0,0
0,0.166612297296524,0,5.46782086789608,0,203.004644200206,0,49.1337929368019,0,0,0,120.035063579679,0,0,0,0,2.16474303603172,9.82173330336809,89.5851570665836,467.457759946585,0,2.09288963675499,0,0.338050663471222,0,0,0,0,0,0,0,0,0,0,0,334.167072154582,0,51.0708263665438,0,353.874212667346,0,328.731187984347,2.0805266648531,0,0,809.11887409538,2.97534261643887,0,0,43.811301022768,0,164.545053273439,0,29.2267579436302,0,0,0.283120006322861,410.805205598474,0,1.20817391574383,0,0,0,0.122167989611626,0,0,0.373506665229797,0,1.37303248047829,0,101.132304534316,0,499.909030303359,0,0,0,0,0,2831.79434231669,0,861.811146110296,0,541.813230827451,6.10561384260654,1082.57473037392,9.94298635423183,0
2.36063385009766,0,12.670453235507,1.04219771921635,97.4596383720636,0.216056525707245,0.776230037212372,0,1.13708099722862,0,483.572157993913,0,0,0,0,0,19.021148443222,5.39071403443813,114.005952805281,0,1401.82125961781,0,0,0,0,0,0,0,0.776964545249939,0,131.383412599564,0,0,0,0,0,313.861646160483,0,148.682826668024,0.805185355246067,307.281389310956,1.13217693567276,478.800467006862,0,4.57749688625336,5.66162749379873,1573.18896260858,2.55358269810677,8.42544846236706,0,277.125764772296,0,9.62980037927628,0,0,0,1238.75345208496,0.181708559393883,2.11010152101517,0,0,0,0.122167989611626,0,0,0,0,0,0,0,0,2.83737008273602,0.14886736869812,422.406345978379,0,0,0,0,0.249617747962475,3255.38575217128,0,373.0751978755,107.313502691686,21.5797798186541,1086.31878875941,0,29.3567678630352
0,0,0,0,0,0,0,0,0,0,0,0,0,0,0,0,0,0,0,0,0,1591.28659917414,0,148.745079994202,0,24.4075812995434,0,0,0,0,0,0,0,0,0,0,0,481.599749028683,0,0,0,0,0,0,0,0,0,0,0,89.9608937352896,0,0,0,0,0,0,0,0,0,0,0,0,0,0,0,0,732.458149313927,0,449.831242293119,0,139.028061926365,0,0.914157837629318,0,0,0,0,0,0,0,627.687335819006,0,0,0,0,0,0
0,0,0,0,0,0,0,0,0,0,0,0,0,0,0,0,0,0,0,0,0,0,2422.01866194606,0,78.7594893574715,0,0,0,46.9344088435173,0,0,0,0,0,0,0,0,0,261.684502586722,0,0,0,0,0,0,0,0,0,79.638510659337,0,0,0,0,0,0,0,0,0,0,0,0,0,0,0,0,0,0,180.927530631423,0,532.557114288211,0,694.289611384273,0,1.09798166155815,0,0,0,0,0,0,0,359.93761318922,93.8997203707695,0,0.333941608667374,0,0.932952165603638
0,64.4630223214626,0,0,0,0,0,0,0,2.60031878948212,0,0,0,0,0,0,0,10.177548378706,0,0,0,404.609250128269,0,373.428142338991,0,20.8590221405029,0,0,0,0,0,0,0,0,0,0,0,145.987657278776,0,0,0,3.30329564213753,0,0,0,0,0,0.908235132694244,0,44.4165157675743,0,0,0,0,0,290.297466695309,0,5.23183089494705,0,6.15778496861458,0,2.62791186571121,0.373506665229797,0,732.458149313927,0,0,0,263.884061828256,0,28.8542437553406,0,0,0,0,0,0,0,0,0,901.496676892042,0,135.818736836314,1.03836062550545,218.848196834326,0,0
18.9514941871166,0,0,0,0,0,0,0,2.11935031414032,0,0,0,0,0,0,0,0,0,0,0,0,0,387.955906435847,0,617.701972335577,0,7.85945796966553,0,15.7431038618088,0,0,0,0,0,0,0,0,0,148.872063368559,0,0,0,0,0,0,0,0,0,164.370680212975,0,0,0,0,0,333.052811771631,0,0,0,0,0,12.3299134373665,0,0,0,0,180.927530631423,0,0,0,68.6432377398014,0,124.742348670959,0,0,0,0,0,0,0,0,0,249.88612921536,17.5975660979748,0,218.629145175219,0,0
0,0,0,0,0,0,0,0,0,0,0,0,0,0,0,0,0,13.5655256509781,0,0,0,176.777848720551,0,267.754155546427,0,25.0024633407593,0,0,0,0,0,0,0,0,0,0,0,0,0,0,0,0.741019725799561,0,0,0,0,0,0,0,47.2883710861206,0,0,0,0,0,13.5554935932159,0,59.9020466208458,0,151.06234267354,0,188.135332673788,1.37303248047829,0,449.831242293119,0,263.884061828256,0,0,0,189.479251146317,0,0,0,0,0,0,0,0,0,0,0,24.0536908507347,0,13.4720018208027,0,0
0,0,0,0,0,0,0,0,14.9707863330841,0,0,0,0,0,5.73220545053482,0,38.2857622206211,0,0,0,0,0,178.369319796562,0,44.0253575444221,0,0,0,0.957073837518692,0,0,0,0,0,0,0,0,0,0.999472916126251,0,0,0,0,0,0,0,0,0,183.335005953908,0,0,0,0,0,25.2746586501598,0,0,0,34.9799040555954,0,3.09963276982307,0,0,0,0,532.557114288211,0,68.6432377398014,0,0,0,271.812060713768,0,0,0,0,0,0,0,0,0,12.3003515303135,80.426258251071,3.30089926719666,24.4872485995293,0,0
0,0.400658160448074,0,5.20232090353966,0,0.524555563926697,0,0,0,0,0,0,0,1.95681917667389,0,0,0,0,4.76193399727345,0,0,407.534627407789,0,14.296585381031,0,0.562700092792511,0,350.717912733555,0,25.4207398891449,0,0,0,0,0,0,0,28.6444991827011,0,1.45672976970673,0,137.177815303206,0,0,0,16.6562585681677,0.91890661418438,0,0,172.528176903725,0,0,0,0,0,0,1.34764882922173,1027.75705823302,0,344.392244815826,0,3.30533862113953,101.132304534316,0,139.028061926365,0,28.8542437553406,0,189.479251146317,0,0,0,115.653227448463,0,0,0,0,0,5.75832732021809,0,121.827515155077,0,49.2105986922979,0,195.712770715356,12.1537221372128,0
0,0,0.270417958498001,0,0,0,0,0,0,0,0,0,0,0,0,0,0,0,0.444530591368675,0,0,0,159.856902569532,0,0,0,1,0,311.737240463495,0,0,0,0,0,0,0,0.132413372397423,0,9.52864322066307,0,0,0,40.1149033606052,0,0,0.190087646245956,1.12392441928387,0.277492195367813,88.155350998044,0,0.188781216740608,0,0,0,0,0,252.119722932577,0,100.771123826504,0,16.3039009273052,0,0,2.83737008273602,0,694.289611384273,0,124.742348670959,0,271.812060713768,0,0,0,373.003106832504,0,0,0,0,0,0.862297013401985,0.153713300824165,664.157559722662,0.715331450104713,0,85.8812670558691,0,1.4559531211853
0,0.514918982982635,0.451372072100639,21.4812290221453,0,3.96669621765614,0,0,0,0,0,45.3658817112446,0,0,0,0,1.85346935689449,1.0848385989666,181.715319916606,12.0404157936573,0,18.7685683965683,0,0.348084896802902,0,0,0,0,0,99.6616934537888,0,0,0,0,0,1.56955762207508,0,61.0779195129871,0,12.8814974576235,1.09798073768616,688.424234613776,0.460345968604088,3.78319057822227,0,454.601835832,1.81640528142452,0.484197214245796,0,200.722056061029,0.511344790458679,1.06392830610275,0,0,0,0,2.23512595146894,1143.47180083394,0,0.93565160036087,0,0,499.909030303359,0.14886736869812,0.914157837629318,0,0,0,0,0,115.653227448463,0,0,0,0,0,0,0,84.6433086469769,0,397.14129845798,0,100.789172455668,0.917419925332069,606.351954191923,205.761787176132,0
1.18408393859863,0,15.7725555300713,0,10.6475308537483,0,0,0,3.5283479988575,0,22.5327423512936,0,0,0,0,0,6.05331535637379,0.99541874229908,104.732729151845,0,6.65190079808235,0,2.72369347512722,0,0,0,0,0,0.300634026527405,0,40.3351635932922,0,0,0,0,0,1.44605320692062,0,0.362678796052933,0,38.1808667331934,0.143587425351143,998.392109200358,0,2.01649194955826,2.63780612498522,228.53581558913,0,88.2599595487118,0,2.00671248137951,0,0,0,0,0,839.303136631846,0,0,0,0,0,0,422.406345978379,0,1.09798166155815,0,0,0,0,0,373.003106832504,0,0,0,0,0,0,0,147.091833010316,0,927.961974531412,127.297321930528,4.283951215446,1297.97717663646,0.291020840406418,275.447552427649
