0,0,0,0,0,0,0,0,3.35460156500339,0,0,0,0,0,0,0,0,0,7.52264484409559,0,0,0,0,0,0,0,0,0,0,0,0,0,0,0,0,0,0,0,0,0,0,0,5.86149942874908,0,6.44631830851237,0,0,0,6.14800469875336,0,0,0,0,0,5.61730204072109,0,0,0,0,0,3.43376448279933,0,0,0,0,0,0,0,0,0,0,0,0,0,0,0,0,0,0,0,0,0,4.66520943023932,14.9371052872051,4.86390762968629,0,0
0,0,0,2.74298715591431,0,0,0,0,0,4.59040251979763,0,0,0,0,0,5.22896775028162,0,0,0,0,0,0,0,0,0,0,0,0,0,0,0,0,0,0,0,0,0,0,0,0,0,0,0,0,0,0,0,0,0,4.41620422766126,0,0,0,0,0,4.90068761498181,0,3.80697345733643,0,5.74072276221381,0,5.05551114210482,0,0,0,0,0,0,0,0,0,0,0,0,0,0,0,0,0,0,0,0,5.33168958028158,0,4.57901506412488,0,0
0,0,0,0,2.92870246323963,0,0,0,0,0,0,0,0,0,0,0,0,0,7.75038623809814,0,0,0,0,0,0,0,0,0,0,0,0,0,0,0,0,0,0,0,0,0,0,0,18.8730430603027,0,7.29525668280465,0,8.64088082313538,0,0,0,0,0,0,0,0,0,0,0,0,0,0,0,0,0,0,0,0,0,0,0,0,0,0,0,0,0,0,0,0,0,0,0,5.20924064479716,13.7056170463562,3.27114493273949,0,0
0,2.74298715591431,0,0,0,3.23159177707193,0,0,0,0,0,3.69461941719055,0,0,0,0,0,0,0,5.80390562704574,0,0,0,0,0,0,0,0,0,0,0,0,0,0,0,0,0,0,0,0,0,7.33267401426266,0,0,0,0,0,0,0,3.89187443256378,0,0,0,0,0,0,0,0,0,0,0,0,0,0,0,0,0,0,0,0,0,0,0,0,0,0,0,0,0,0,0,0,10.5681274058455,0,4.47454116135449,0,0
0,0,2.92870246323963,0,0,0,2.75397777557373,0,2.75331401824951,0,0,0,0,0,0,0,0,0,0,0,2.95393681526184,0,0,0,0,0,0,0,0,0,0,0,0,0,0,0,0,0,0,0,0,0,0,0,0,0,0,0,0,0,0,0,0,0,0,0,0,0,0,0,0,0,0,0,0,0,0,0,0,0,0,0,0,0,0,0,0,0,0,0,0,0,3.31632937987645,0,2.88414704939898,0,0
0,0,0,3.23159177707193,0,0,0,3.00167751879919,0,0,0,0,0,0,0,0,0,0,0,4.2024303541464,0,0,0,0,0,0,0,0,0,0,0,0,0,0,0,6.56554354765476,0,0,0,0,0,0,0,0,0,0,0,0,0,0,0,3.54114953212524,0,3.58760629308985,0,0,0,6.68165630102158,0,4.74813625306794,0,2.99595710635185,6.10317230224609,0,0,0,0,0,0,0,0,0,0,0,0,0,0,0,8.25091371536255,0,0,0,4.62930274480204,5.9042702024968,3.94610977768898,0,0
0,0,0,0,2.75397777557373,0,0,0,0,0,0,0,0,0,0,0,0,0,0,0,3.00964531590862,0,0,0,0,0,0,0,0,0,0,0,0,0,0,0,0,0,0,0,0,0,0,0,0,0,0,0,0,0,0,0,3.04997742382479,0,0,0,2.88302866617839,0,3.23204260591477,0,0,0,0,0,0,0,0,0,0,0,0,0,0,0,0,0,0,0,0,0,0,0,3.29586192141188,2.95204377174377,0,0,0
0,0,0,0,0,3.00167751879919,0,0,0,0,0,5.39048099517822,0,3.91018438339233,0,0,0,0,0,3.40877602411353,0,0,0,0,0,0,0,0,0,0,0,0,0,0,0,0,0,0,0,0,0,0,0,0,0,0,0,0,0,0,0,2.80585500929091,0,3.6182982424895,0,0,0,8.65555953979492,0,5.27243089675903,0,0,0,0,0,0,0,0,0,0,0,0,0,0,0,0,0,0,0,0,0,0,4.14223537056174,5.18024855280576,0,0,0
3.35460156500339,0,0,0,2.75331401824951,0,0,0,0,0,0,0,0,0,4.42248734428372,0,3.96834001770939,0,0,0,0,0,0,0,4.5773872534434,0,3.54448587553842,0,0,0,0,0,0,0,0,0,0,0,13.6213573398012,0,0,0,4.05402171611786,0,0,0,0,0,0,0,0,0,0,0,7.56569725555899,0,0,0,0,0,4.86206207924605,0,0,0,0,0,0,13.300006461866,0,5.69099378585815,0,0,0,0,0,0,0,0,0,0,0,16.8270169727838,3.7336844075247,4.46299401844773,4.86238304773967,0,5.67916011810303
0,4.59040251979763,0,0,0,0,0,0,0,0,0,0,0,0,0,4.29722160889171,0,6.84472317233378,3.93653791892428,0,0,0,0,5.90098285675049,0,4.9357080401877,0,0,0,0,0,0,0,0,0,0,0,8.31895792484283,0,0,0,0,0,0,0,0,0,0,0,0,0,0,0,0,0,5.31952227347625,0,0,0,0,0,5.67684916474602,0,0,0,0,0,0,6.83004027254441,0,0,0,0,0,0,0,0,0,0,0,13.0994929706349,0,5.51713187085497,4.03994346104275,4.84538097381592,0,0
0,0,0,0,0,0,0,0,0,0,0,0,0,0,0,0,0,0,0,0,7.61853337823675,0,0,0,0,0,0,0,0,0,0,0,0,0,0,0,0,0,0,0,0,0,0,0,0,0,0,0,0,0,0,0,0,0,0,0,4.63831973159084,0,0,0,0,0,0,7.96947082926015,0,0,0,0,0,0,0,0,0,0,0,0,0,0,0,0,0,0,0,0,0,0,0
0,0,0,3.69461941719055,0,0,0,5.39048099517822,0,0,0,0,0,2.80809451341629,0,0,0,0,0,3.379488548578,0,0,0,0,0,0,0,3.61098504066467,0,0,0,0,0,0,0,3.17166286645476,0,3.43525430089549,0,0,0,0,0,0,0,0,0,0,0,0,0,0,0,0,0,0,0,3.08128796078852,0,3.27180847883225,0,0,2.81912314097087,0,0,0,0,0,0,0,3.77485632341962,0,2.92962805430094,0,0,0,0,0,3.49221134185791,0,3.20503614165566,0,3.43879992639696,4.00164079666138,0,0,0
0,0,0,0,0,0,0,0,0,0,0,0,0,0,0,0,0,0,0,0,0,0,0,0,0,0,0,0,3.37109887599945,0,0,0,0,0,0,0,0,0,0,0,0,0,0,0,0,0,0,0,0,0,0,0,0,0,0,0,0,0,3.13804299886837,0,0,0,0,0,0,0,0,0,0,0,0,4.44337119526333,0,0,0,0,0,0,0,0,0,0,3.80005235449034,3.90753216416605,0,0,0
0,0,0,0,0,0,0,3.91018438339233,0,0,0,2.80809451341629,0,0,0,11.0900963601612,0,3.35718655586243,0,0,0,0,0,0,0,0,0,0,0,0,0,0,0,0,0,0,0,0,0,0,0,0,0,0,0,0,0,0,0,0,0,0,0,0,0,0,0,2.91783204007505,0,5.18346764665583,0,7.49768263973841,0,0,0,0,0,0,0,0,3.9554593008618,0,0,0,0,0,0,0,0,0,0,0,4.7733735883139,4.23909644505486,0,0,0
0,0,0,0,0,0,0,0,4.42248734428372,0,0,0,0,0,0,0,4.13389105331607,0,0,0,0,0,0,0,4.54245313008626,0,3.97247563089643,0,0,0,0,0,0,0,0,0,0,0,0,0,0,0,0,0,0,0,0,0,0,0,0,0,0,0,0,0,0,0,0,0,3.76921780979038,0,0,0,0,0,0,0,0,0,0,0,0,0,0,0,0,0,0,0,0,0,5.01810753388525,3.50375340188851,0,0,0
0,5.22896775028162,0,0,0,0,0,0,0,4.29722160889171,0,0,0,11.0900963601612,0,0,0,3.14567174600518,0,0,0,0,0,0,0,10.776367594214,0,0,0,0,0,0,0,0,0,0,0,0,0,0,0,0,0,0,0,0,0,0,0,4.22271299362183,0,0,0,0,0,5.79323423275581,0,0,0,6.96252133250236,0,4.45113572504483,0,0,0,0,0,0,10.6003920891706,0,3.78126645088196,0,0,0,0,0,0,0,0,0,0,0,5.51072494338893,4.42894217522457,0,0,0
0,0,0,0,0,0,0,0,3.96834001770939,0,0,0,0,0,4.13389105331607,0,0,6.70713423136665,9.33964802675706,0,0,12.4893197184024,4.5480413241409,0,5.3911901577971,0,4.07300239586615,0,0,0,0,0,0,0,0,0,0,0,0,0,0,0,10.010951201121,0,0,0,0,0,0,0,0,0,0,0,0,0,0,0,0,0,0,0,0,0,0,5.91536944184527,0,0,0,4.13278003568235,0,0,0,0,0,0,0,0,0,0,0,0,6.39667293546986,7.71391219999576,11.3696918487549,0,0
0,0,0,0,0,0,0,0,0,6.84472317233378,0,0,0,3.35718655586243,0,3.14567174600518,6.70713423136665,0,6.52384893823398,0,0,3.93113848840305,13.5877935160761,3.92384057574802,12.1022085589032,2.97027655942551,0,2.73856687545776,0,0,0,0,0,0,0,0,0,0,0,0,0,20.004585389168,0,0,0,0,0,0,0,0,0,0,0,0,0,13.7247875928879,0,0,0,0,0,13.5406945546468,0,0,3.79166884422302,15.1753091812134,5.04134321212769,0,3.13968123089183,0,0,0,0,0,0,0,0,0,0,0,0,0,5.35998723427839,5.62305407057288,16.4770244870867,18.9736728668213,0
7.52264484409559,0,7.75038623809814,0,0,0,0,0,0,3.93653791892428,0,0,0,0,0,0,9.33964802675706,6.52384893823398,0,0,0,0,0,0,0,0,0,0,0,0,0,0,0,0,0,0,0,0,0,19.4137680463388,0,6.02988405263946,5.12897029097858,5.91594758094885,4.38352240037314,9.43398572314869,0,0,0,0,0,0,0,0,0,0,0,0,0,0,0,0,0,0,0,0,0,0,0,0,0,0,0,0,0,0,0,0,22.6770505905151,0,0,0,7.35561748579437,13.9441219361929,6.66503466655939,6.86472150087357,5.31120960852679
0,0,0,5.80390562704574,0,4.2024303541464,0,3.40877602411353,0,0,0,3.379488548578,0,0,0,0,0,0,0,0,0,0,0,0,0,0,0,0,0,0,0,0,0,0,0,3.74384521137584,0,0,0,0,0,0,0,0,0,4.11448843138559,0,0,0,0,0,0,0,0,0,0,0,3.86211767461565,0,0,0,0,3.22719298626236,0,0,0,0,0,0,0,0,0,3.68554840087891,0,0,0,0,0,4.60071235516922,0,0,0,4.68812565601748,0,3.93649253935578,0,0
0,0,0,0,2.95393681526184,0,3.00964531590862,0,0,0,7.61853337823675,0,0,0,0,0,0,0,0,0,0,0,0,0,0,0,0,0,0,0,0,0,0,0,0,0,3.01661457637749,0,0,0,0,0,0,0,0,0,0,0,0,0,0,0,0,0,0,0,5.06150219727805,0,0,0,0,0,0,7.55760141487779,0,0,0,0,0,0,0,0,0,0,0,0,0,0,0,2.96604251861572,0,0,3.06627573806848,0,0,0,0
0,0,0,0,0,0,0,0,0,0,0,0,0,0,0,0,12.4893197184024,3.93113848840305,0,0,0,0,9.41236300468445,7.398810200877,0,7.58430476342478,0,3.98494966099371,0,0,0,0,0,0,0,0,0,3.27132207894627,0,0,0,0,0,0,0,0,0,0,0,8.46849446237823,0,0,0,0,0,0,0,0,0,0,0,0,0,0,3.69738354957361,3.27852966656556,7.17098099390666,0,9.08580585479736,0,5.6511053153828,0,0,0,0,0,0,0,0,0,3.81242402312043,0,5.48844017077096,9.08215724486931,0,0,0
0,0,0,0,0,0,0,0,0,0,0,0,0,0,0,0,4.5480413241409,13.5877935160761,0,0,0,9.41236300468445,0,0,3.19458655774335,0,0,0,3.07905575633049,0,0,0,0,0,0,0,0,0,3.68217274222458,0,0,0,0,0,0,0,0,0,5.37303757667542,0,0,0,0,0,0,0,0,0,0,0,0,0,0,0,0,3.19645983522589,0,3.46011246305651,0,0,0,2.73697924613953,0,0,0,0,0,0,0,0,0,3.18445971428735,3.5829726346895,5.87581129331847,0,0,0
0,0,0,0,0,0,0,0,0,5.90098285675049,0,0,0,0,0,0,0,3.92384057574802,0,0,0,7.398810200877,0,0,0,3.56137600044409,0,0,0,0,0,0,0,0,0,0,0,2.91971719518621,0,0,0,0,0,0,0,0,0,0,0,8.0251122883388,0,0,0,0,0,0,0,0,0,0,0,0,0,0,3.48858025603285,0,2.84135794639587,0,3.55137116219624,0,8.78983241035825,0,0,0,0,0,0,0,0,0,3.25181825529961,0,3.85180331495675,8.55581734329462,0,0,0
0,0,0,0,0,0,0,0,4.5773872534434,0,0,0,0,0,4.54245313008626,0,5.3911901577971,12.1022085589032,0,0,0,0,3.19458655774335,0,0,0,3.80665837835383,0,0,0,0,0,0,0,0,0,0,0,4.07872829388599,0,0,0,0,0,0,0,0,0,0,0,0,0,0,0,0,0,0,0,0,0,6.47138701352206,0,0,0,0,3.84880777122149,0,4.02501846150894,0,4.53617672567014,0,0,0,0,0,0,0,0,0,0,0,6.26901675153662,3.81130139750264,10.3287153244019,0,0,0
0,0,0,0,0,0,0,0,0,4.9357080401877,0,0,0,0,0,10.776367594214,0,2.97027655942551,0,0,0,7.58430476342478,0,3.56137600044409,0,0,0,0,0,0,0,0,0,0,0,0,0,0,0,0,0,0,0,0,0,0,0,0,0,7.57989501953125,0,0,0,0,0,9.91099563241005,0,0,0,0,0,14.1759845751982,0,0,0,0,2.7485294342041,0,3.4352019184173,0,8.53575265046322,0,0,0,0,0,0,0,0,0,0,0,3.63222015740905,16.8516515096029,0,0,0
0,0,0,0,0,0,0,0,3.54448587553842,0,0,0,0,0,3.97247563089643,0,4.07300239586615,0,0,0,0,0,0,0,3.80665837835383,0,0,0,0,0,0,0,0,0,0,0,0,0,0,0,0,0,0,0,0,0,0,0,0,0,0,0,0,0,0,0,0,0,5.65396772731434,0,4.73379157425142,0,0,0,0,0,0,3.12343634877886,0,4.18681550143099,0,0,0,0,0,0,0,0,0,0,0,0,3.52588667350561,0,0,0,0
0,0,0,0,0,0,0,0,0,0,0,3.61098504066467,0,0,0,0,0,2.73856687545776,0,0,0,3.98494966099371,0,0,0,0,0,0,0,3.05851374293927,0,0,0,0,0,0,0,2.87864545981089,0,0,0,0,0,0,0,0,0,0,0,0,0,0,0,0,0,0,0,3.24289694428444,0,0,0,0,0,0,3.16554638946598,0,0,0,0,0,3.80212313413372,0,3.35328622412893,0,0,0,0,0,0,0,0,0,2.89905613660812,8.60203140176187,0,0,0
0,0,0,0,0,0,0,0,0,0,0,0,3.37109887599945,0,0,0,0,0,0,0,0,0,3.07905575633049,0,0,0,0,0,0,0,0,0,0,0,0,0,0,0,3.52937528065273,0,0,0,0,0,0,0,0,0,0,0,0,0,0,0,0,0,0,0,0,0,0,0,0,0,0,2.88784490093108,0,0,0,0,0,3.1069510046641,0,0,0,0,0,0,0,0,0,0,4.85306206384698,3.0962882861495,0,0,0
0,0,0,0,0,0,0,0,0,0,0,0,0,0,0,0,0,0,0,0,0,0,0,0,0,0,0,3.05851374293927,0,0,0,0,0,0,0,0,0,3.03513847324429,0,0,0,0,0,0,0,0,0,0,0,0,0,0,0,0,0,0,0,0,0,0,0,0,0,0,0,0,0,0,0,0,3.07082851239423,0,2.78863580524921,0,0,0,0,0,0,0,3.3904932797016,0,2.86053190231323,0,0,0,0
0,0,0,0,0,0,0,0,0,0,0,0,0,0,0,0,0,0,0,0,0,0,0,0,0,0,0,0,0,0,0,0,0,0,0,0,0,0,0,0,0,0,0,0,0,0,0,0,0,0,0,0,0,0,0,0,0,0,0,0,0,0,0,0,0,0,0,0,0,0,0,0,0,0,0,0,0,0,0,0,0,0,0,0,0,0,0
0,0,0,0,0,0,0,0,0,0,0,0,0,0,0,0,0,0,0,0,0,0,0,0,0,0,0,0,0,0,0,0,6.54533878656534,22.5208758467483,15.8523148246433,3.88605381164354,6.12777862548828,0,0,0,0,0,0,0,0,0,0,10.3542154442,13.2784983183613,6.00027707351775,0,0,0,0,0,0,0,0,0,0,0,0,0,0,0,0,0,0,0,0,0,0,0,0,6.55984390418948,28.0775843499199,29.2922611793011,32.0055749257406,0,11.4969890847498,0,38.3926208496094,3.57365233645944,5.96264239947001,0,0,0
0,0,0,0,0,0,0,0,0,0,0,0,0,0,0,0,0,0,0,0,0,0,0,0,0,0,0,0,0,0,0,6.54533878656534,0,20.2666568756104,0,3.46879247043814,3.22632897708376,0,0,0,0,0,0,0,0,0,0,4.96021368924309,0,6.30728578567505,0,0,0,0,0,0,0,0,0,0,0,0,0,0,0,0,0,0,0,0,0,0,0,0,0,3.39555146762087,42.314037322998,0,0,6.54936536435548,0,24.0865716934204,3.77164164056965,3.04947978258133,0,0,0
0,0,0,0,0,0,0,0,0,0,0,0,0,0,0,0,0,0,0,0,0,0,0,0,0,0,0,0,0,0,0,22.5208758467483,20.2666568756104,0,5.62968270275571,3.04219341278076,0,3.26983768410153,15.8305954499678,0,0,0,0,0,0,0,0,5.88150077255441,15.6183069120754,0,0,0,0,0,0,0,0,0,0,0,0,0,0,0,0,0,0,0,0,0,0,0,0,0,22.195254960021,20.8921012878418,4.83422643021061,3.45389461151661,0,0,3.04383140581625,9.88029388123996,6.97061342436575,0,15.518120765686,0,0
0,0,0,0,0,0,0,0,0,0,0,0,0,0,0,0,0,0,0,0,0,0,0,0,0,0,0,0,0,0,0,15.8523148246433,0,5.62968270275571,0,0,2.82214274125941,18.1222507476807,3.96183347702026,0,0,0,0,0,0,0,0,7.86762112379074,0,0,0,0,0,0,0,0,0,0,0,0,0,0,0,0,0,0,0,0,0,0,0,0,0,0,0,0,20.4424724578857,3.1674593586788,0,3.27662929466792,20.4226193861528,4.02788144276466,8.1643170678472,0,0,0,0
0,0,0,0,0,6.56554354765476,0,0,0,0,0,3.17166286645476,0,0,0,0,0,0,0,3.74384521137584,0,0,0,0,0,0,0,0,0,0,0,3.88605381164354,3.46879247043814,3.04219341278076,0,0,4.1973230336266,3.19607643077248,0,10.520442960012,0,32.2515277481079,0,0,0,4.29600776796756,0,6.0891542091026,13.3739120960236,17.3215047720843,0,0,0,0,0,0,0,3.03536986268085,0,0,0,0,3.82683686650318,0,0,0,0,0,0,0,0,0,0,0,3.3705902894338,0,3.02581366896629,0,3.94763230792164,6.24579725690363,0,0,4.95103506915603,4.30930722826021,6.58734553427343,0,0
0,0,0,0,0,0,0,0,0,0,0,0,0,0,0,0,0,0,0,0,3.01661457637749,0,0,0,0,0,0,0,0,0,0,6.12777862548828,3.22632897708376,0,2.82214274125941,4.1973230336266,0,0,2.89817300209632,0,4.42840433120728,0,2.72416965166728,0,0,0,0,4.91464681845291,4.42685508728027,0,0,0,0,0,0,0,0,0,0,0,0,0,0,3.47414863109589,0,0,0,0,0,0,0,0,0,0,0,3.04097566604614,0,0,5.88299858019902,4.01324157568441,0,3.00658670973865,3.77551226017687,4.33428035722652,5.47397726021088,0,0
0,0,0,0,0,0,0,0,0,8.31895792484283,0,3.43525430089549,0,0,0,0,0,0,0,0,0,3.27132207894627,0,2.91971719518621,0,0,0,2.87864545981089,0,3.03513847324429,0,0,0,3.26983768410153,18.1222507476807,3.19607643077248,0,0,13.4838877717654,0,0,0,0,0,0,0,0,5.08280783721043,24.7081275939941,4.68321787227284,0,0,0,0,0,11.7718944549561,0,2.87769295619084,0,0,0,0,0,0,3.44384580714793,0,2.81196016735501,0,0,0,2.88487609028816,0,3.55143449256118,0,0,0,4.6379301349322,0,3.50345241317868,0,3.40534285059488,8.19237089875233,4.01452266286641,4.04405625661214,3.71045508793422,0,0
0,0,0,0,0,0,0,0,13.6213573398012,0,0,0,0,0,0,0,0,0,0,0,0,0,3.68217274222458,0,4.07872829388599,0,0,0,3.52937528065273,0,0,0,0,15.8305954499678,3.96183347702026,0,2.89817300209632,13.4838877717654,0,0,0,0,0,0,0,0,0,11.8586588846632,5.66156286428406,0,0,0,0,0,20.3398666381836,0,0,0,0,0,0,0,0,0,0,6.10800616073608,0,4.29950014581072,0,0,0,0,0,0,0,0,18.7202143669128,2.83318161964417,0,3.40646544624777,17.1509527766376,3.70295303640061,5.59045269962378,3.9503905239001,3.88576728105545,0,0
0,0,0,0,0,0,0,0,0,0,0,0,0,0,0,0,0,0,19.4137680463388,0,0,0,0,0,0,0,0,0,0,0,0,0,0,0,0,10.520442960012,0,0,0,0,0,17.6219166873324,23.8469912593019,19.5177897358989,0,11.7494038943423,0,16.1934360095433,16.924748023351,14.6271837243138,0,0,0,0,0,0,0,0,0,0,0,0,5.47809362411499,0,0,0,0,0,0,0,0,0,0,0,0,0,0,0,5.38203696579835,0,3.11104035377502,0,23.9011553738994,33.151008605957,13.1112825006328,15.5089769363403,0
0,0,0,0,0,0,0,0,0,0,0,0,0,0,0,0,0,0,0,0,0,0,0,0,0,0,0,0,0,0,0,0,0,0,0,0,4.42840433120728,0,0,0,0,0,13.5961611470976,0,16.5176503169967,0,16.3569095381072,18.3832915804603,13.7427685510099,15.001350402832,0,0,0,0,0,0,0,0,0,0,0,0,0,14.9526538848877,0,0,0,0,0,0,0,0,0,0,0,0,0,0,0,5.56852698728263,0,0,22.5964777644088,0,10.4898333699854,0,14.1780270365358
0,0,0,7.33267401426266,0,0,0,0,0,0,0,0,0,0,0,0,0,20.004585389168,6.02988405263946,0,0,0,0,0,0,0,0,0,0,0,0,0,0,0,0,32.2515277481079,0,0,0,17.6219166873324,0,0,17.2408917963505,9.08731912718202,0,11.9559275141649,0,26.3594152530034,20.4868759675459,7.01304948473321,0,0,0,0,0,0,0,0,0,0,0,0,2.75123000144958,0,0,0,0,0,0,0,0,0,0,0,0,0,0,0,15.1815017782725,0,11.9794831150456,0,9.81392763171543,16.6038799285889,9.84016191201665,7.37820177071603,0
5.86149942874908,0,18.8730430603027,0,0,0,0,0,4.05402171611786,0,0,0,0,0,0,0,10.010951201121,0,5.12897029097858,0,0,0,0,0,0,0,0,0,0,0,0,0,0,0,0,0,2.72416965166728,0,0,23.8469912593019,13.5961611470976,17.2408917963505,0,13.9072033409933,6.12679067589422,16.0952954618898,14.2721769007282,11.9826024568306,6.93529826500131,37.9148807525635,0,0,0,0,0,0,9.25610446929932,0,0,0,0,0,0,17.9977002564285,0,0,0,0,0,0,0,0,0,3.57527414957682,0,0,0,0,28.8415222167969,3.05652630329132,0,3.22752335866292,11.6031902456068,17.4094983533371,11.747828750652,0,4.70339690944127
0,0,0,0,0,0,0,0,0,0,0,0,0,0,0,0,0,0,5.91594758094885,0,0,0,0,0,0,0,0,0,0,0,0,0,0,0,0,0,0,0,0,19.5177897358989,0,9.08731912718202,13.9072033409933,0,0,9.06411824543098,0,0,0,25.9955558776855,0,0,0,0,0,0,0,0,0,0,0,0,0,0,0,0,0,0,0,0,0,0,0,0,0,0,0,0,17.5552523182888,0,18.9079837799072,0,12.5305038669799,21.8043927585377,7.44245380623714,3.52787148952484,0
6.44631830851237,0,7.29525668280465,0,0,0,0,0,0,0,0,0,0,0,0,0,0,0,4.38352240037314,0,0,0,0,0,0,0,0,0,0,0,0,0,0,0,0,0,0,0,0,0,16.5176503169967,0,6.12679067589422,0,0,0,9.94731996854146,0,23.2927989959717,0,0,0,0,0,0,0,0,0,0,0,0,0,0,18.7497375806173,0,0,0,0,0,0,0,0,0,0,0,0,0,0,0,0,0,0,8.49661643240625,20.1259042194911,4.80141702272701,0,7.54740706805525
0,0,0,0,0,0,0,0,0,0,0,0,0,0,0,0,0,0,9.43398572314869,4.11448843138559,0,0,0,0,0,0,0,0,0,0,0,0,0,0,0,4.29600776796756,0,0,0,11.7494038943423,0,11.9559275141649,16.0952954618898,9.06411824543098,0,0,0,0,0,28.9632422924042,0,0,0,0,0,0,0,0,0,0,0,0,4.74875679016113,0,0,0,0,0,0,0,0,0,0,0,0,0,0,0,5.36583391342077,0,11.1503663063049,0,13.8621060135158,29.1991691589355,6.04276718951688,0,0
0,0,8.64088082313538,0,0,0,0,0,0,0,0,0,0,0,0,0,0,0,0,0,0,0,0,0,0,0,0,0,0,0,0,0,0,0,0,0,0,0,0,0,16.3569095381072,0,14.2721769007282,0,9.94731996854146,0,0,26.0830459594727,14.075746244335,0,0,0,0,0,0,0,0,0,0,0,0,0,0,12.4491171134577,0,0,0,0,0,0,0,0,0,0,0,0,0,0,0,6.80599232034369,0,0,6.68576024085917,0,7.00211695260861,0,16.5773096084595
0,0,0,0,0,0,0,0,0,0,0,0,0,0,0,0,0,0,0,0,0,0,0,0,0,0,0,0,0,0,0,10.3542154442,4.96021368924309,5.88150077255441,7.86762112379074,6.0891542091026,4.91464681845291,5.08280783721043,11.8586588846632,16.1934360095433,18.3832915804603,26.3594152530034,11.9826024568306,0,0,0,26.0830459594727,0,10.6675519176913,7.20167938342228,0,0,0,0,0,0,0,0,0,0,0,0,0,0,0,0,0,0,0,0,0,0,0,0,17.899075107141,21.1055187694728,8.94214700522581,12.0114417394002,8.32524315552278,5.39082026017534,5.02373992535005,10.0187980699846,6.06614923105628,6.09584436416626,11.3268946584878,0,0
6.14800469875336,0,0,0,0,0,0,0,0,0,0,0,0,0,0,0,0,0,0,0,0,0,5.37303757667542,0,0,0,0,0,0,0,0,13.2784983183613,0,15.6183069120754,0,13.3739120960236,4.42685508728027,24.7081275939941,5.66156286428406,16.924748023351,13.7427685510099,20.4868759675459,6.93529826500131,0,23.2927989959717,0,14.075746244335,10.6675519176913,0,7.29881113939082,0,0,0,0,0,0,3.87804865837097,0,4.83778238296509,0,3.52773546705059,0,0,13.3701716726953,0,7.06923339288559,0,9.27051639556885,0,7.72816175045353,0,9.4386864016133,0,3.2484218120575,20.3210243384043,14.0136330604553,22.7443300882975,18.7258620676787,39.4825839996338,4.06882963251712,26.7227993011475,6.67960150412914,9.15830018423194,19.1813659667969,13.5345559478401,0,15.6118837356567
0,4.41620422766126,0,3.89187443256378,0,0,0,0,0,0,0,0,0,0,0,4.22271299362183,0,0,0,0,0,8.46849446237823,0,8.0251122883388,0,7.57989501953125,0,0,0,0,0,6.00027707351775,6.30728578567505,0,0,17.3215047720843,0,4.68321787227284,0,14.6271837243138,15.001350402832,7.01304948473321,37.9148807525635,25.9955558776855,0,28.9632422924042,0,7.20167938342228,7.29881113939082,0,0,0,0,0,0,3.83134239370173,0,4.91908504281725,0,3.83255527360099,0,3.39732793791104,0,0,9.16406850009606,0,7.95222301483154,0,7.53362454308404,0,3.47424829006195,0,4.58462905745174,0,0,0,36.212158203125,0,16.0888254290005,26.7198753356934,3.37391352653503,0,14.6591526966948,0,10.1799190340452,0,0
0,0,0,0,0,0,0,0,0,0,0,0,0,0,0,0,0,0,0,0,0,0,0,0,0,0,0,0,0,0,0,0,0,0,0,0,0,0,0,0,0,0,0,0,0,0,0,0,0,0,0,0,0,0,0,0,0,0,0,0,0,0,0,0,0,0,0,0,0,0,0,0,0,0,0,0,0,0,0,0,0,0,0,0,0,0,0
0,0,0,0,0,3.54114953212524,0,2.80585500929091,0,0,0,0,0,0,0,0,0,0,0,0,0,0,0,0,0,0,0,0,0,0,0,0,0,0,0,0,0,0,0,0,0,0,0,0,0,0,0,0,0,0,0,0,0,3.22948242270428,0,0,0,3.68368340295459,0,4.19977057996646,0,0,0,0,0,0,0,0,0,0,0,0,0,0,0,0,0,0,0,0,0,0,4.16332189315973,7.06070414793144,0,0,0
0,0,0,0,0,0,3.04997742382479,0,0,0,0,0,0,0,0,0,0,0,0,0,0,0,0,0,0,0,0,0,0,0,0,0,0,0,0,0,0,0,0,0,0,0,0,0,0,0,0,0,0,0,0,0,0,0,0,0,2.81504662831624,0,2.73464465141296,0,0,0,0,0,0,0,0,0,0,0,0,0,0,0,0,0,0,0,0,0,0,0,3.58095642924309,3.72345940272013,0,0,0
0,0,0,0,0,3.58760629308985,0,3.6182982424895,0,0,0,0,0,0,0,0,0,0,0,0,0,0,0,0,0,0,0,0,0,0,0,0,0,0,0,0,0,0,0,0,0,0,0,0,0,0,0,0,0,0,0,3.22948242270428,0,0,0,0,0,5.51712290445964,0,0,0,0,0,0,0,0,0,0,0,0,0,0,0,0,0,0,0,0,0,0,0,0,3.30143745740255,0,0,0,0
5.61730204072109,0,0,0,0,0,0,0,7.56569725555899,0,0,0,0,0,0,0,0,0,0,0,0,0,0,0,0,0,0,0,0,0,0,0,0,0,0,0,0,0,20.3398666381836,0,0,0,0,0,0,0,0,0,0,0,0,0,0,0,0,0,0,0,0,0,0,0,0,0,0,0,0,12.0049003801848,0,0,0,0,0,0,0,0,0,0,0,0,0,19.8260693820018,5.55681918874199,0,0,0,0
0,4.90068761498181,0,0,0,0,0,0,0,5.31952227347625,0,0,0,0,0,5.79323423275581,0,13.7247875928879,0,0,0,0,0,0,0,9.91099563241005,0,0,0,0,0,0,0,0,0,0,0,11.7718944549561,0,0,0,0,0,0,0,0,0,0,0,3.83134239370173,0,0,0,0,0,0,0,0,0,0,0,7.60081619686551,0,0,0,0,0,0,0,0,0,0,0,0,0,0,0,0,0,0,18.1827030181885,0,7.83698935673969,0,5.89082980155945,0,0
0,0,0,0,0,0,2.88302866617839,0,0,0,4.63831973159084,0,0,0,0,0,0,0,0,0,5.06150219727805,0,0,0,0,0,0,0,0,0,0,0,0,0,0,0,0,0,0,0,0,0,9.25610446929932,0,0,0,0,0,3.87804865837097,0,0,0,2.81504662831624,0,0,0,0,0,4.73536729812622,0,4.69349485635757,0,0,4.61441188372954,0,0,0,0,0,4.8514723777771,0,3.44158719010549,0,3.48305230790919,0,0,0,0,0,0,0,0,4.97838151883736,0,5.06769029508557,0,10.6370911598206
0,3.80697345733643,0,0,0,6.68165630102158,0,8.65555953979492,0,0,0,3.08128796078852,0,2.91783204007505,0,0,0,0,0,3.86211767461565,0,0,0,0,0,0,0,3.24289694428444,0,0,0,0,0,0,0,3.03536986268085,0,2.87769295619084,0,0,0,0,0,0,0,0,0,0,0,4.91908504281725,0,3.68368340295459,0,5.51712290445964,0,0,0,0,0,3.82366856856224,0,2.95726299285889,2.79173809289932,0,0,0,0,0,0,0,4.75293331860665,0,3.68866314337804,0,0,0,0,0,4.00019121170044,0,5.46645355224609,0,3.48350288651206,0,3.15613972513299,0,0
0,0,0,0,0,0,3.23204260591477,0,0,0,0,0,3.13804299886837,0,0,0,0,0,0,0,0,0,0,0,0,0,5.65396772731434,0,0,0,0,0,0,0,0,0,0,0,0,0,0,0,0,0,0,0,0,0,4.83778238296509,0,0,0,2.73464465141296,0,0,0,4.73536729812622,0,0,0,4.00554092020928,0,0,0,0,0,0,0,0,4.87713856972181,0,5.0499468058485,0,0,0,0,0,0,0,0,0,0,3.48250537760117,3.93361359679181,0,0,0
0,5.74072276221381,0,0,0,4.74813625306794,0,5.27243089675903,0,0,0,3.27180847883225,0,5.18346764665583,0,6.96252133250236,0,0,0,0,0,0,0,0,0,0,0,0,0,0,0,0,0,0,0,0,0,0,0,0,0,0,0,0,0,0,0,0,0,3.83255527360099,0,4.19977057996646,0,0,0,0,0,3.82366856856224,0,0,0,12.4132026026123,0,0,0,0,0,0,0,0,0,0,0,0,0,0,0,0,0,0,0,0,8.62682939015226,9.37707514233059,7.11196837425232,0,0
3.43376448279933,0,0,0,0,0,0,0,4.86206207924605,0,0,0,0,0,3.76921780979038,0,0,0,0,0,0,0,0,0,6.47138701352206,0,4.73379157425142,0,0,0,0,0,0,0,0,0,0,0,0,0,0,0,0,0,0,0,0,0,3.52773546705059,0,0,0,0,0,0,0,4.69349485635757,0,4.00554092020928,0,0,0,0,0,0,0,0,0,0,4.08499308975264,0,5.13960673127856,0,0,0,0,0,0,0,0,0,0,4.21525597572327,0,0,0,0
0,5.05551114210482,0,0,0,2.99595710635185,0,0,0,5.67684916474602,0,0,0,7.49768263973841,0,4.45113572504483,0,13.5406945546468,0,0,0,0,0,0,0,14.1759845751982,0,0,0,0,0,0,0,0,0,0,0,0,0,0,0,0,0,0,0,0,0,0,0,3.39732793791104,0,0,0,0,0,7.60081619686551,0,2.95726299285889,0,12.4132026026123,0,0,0,0,0,0,0,0,12.5624070848737,0,0,0,0,0,0,0,0,0,0,0,0,0,6.94128618633174,8.36914393145167,6.38912439346313,0,0
0,0,0,0,0,6.10317230224609,0,0,0,0,0,2.81912314097087,0,0,0,0,0,0,0,3.22719298626236,0,0,0,0,0,0,0,0,0,0,0,0,0,0,0,3.82683686650318,0,0,0,5.47809362411499,0,2.75123000144958,0,0,0,4.74875679016113,0,0,0,0,0,0,0,0,0,0,0,2.79173809289932,0,0,0,0,0,0,0,0,0,0,0,0,0,0,0,0,0,0,0,0,4.86677136481768,0,4.49527405985031,0,4.72633364172116,10.3432865142822,3.11856646927036,0,0
0,0,0,0,0,0,0,0,0,0,7.96947082926015,0,0,0,0,0,0,0,0,0,7.55760141487779,0,0,0,0,0,0,0,0,0,0,0,0,0,0,0,3.47414863109589,0,0,0,14.9526538848877,0,17.9977002564285,0,18.7497375806173,0,12.4491171134577,0,13.3701716726953,0,0,0,0,0,0,0,4.61441188372954,0,0,0,0,0,0,0,0,0,0,0,0,0,0,0,0,0,0,0,0,0,0,0,0,0,3.26169753819704,0,13.1181576160555,0,0
0,0,0,0,0,0,0,0,0,0,0,0,0,0,0,0,0,3.79166884422302,0,0,0,3.69738354957361,0,3.48858025603285,0,0,0,3.16554638946598,0,0,0,0,0,0,0,0,0,3.44384580714793,0,0,0,0,0,0,0,0,0,0,0,9.16406850009606,0,0,0,0,0,0,0,0,0,0,0,0,0,0,0,4.20931053161621,5.3199275871762,0,9.07808385911535,0,9.55748182160037,0,0,0,0,0,0,0,0,0,4.11880884567897,0,3.72219152617873,9.92530665030846,0,0,0
0,0,0,0,0,0,0,0,0,0,0,0,0,0,0,0,5.91536944184527,15.1753091812134,0,0,0,3.27852966656556,3.19645983522589,0,3.84880777122149,0,0,0,2.88784490093108,0,0,0,0,0,0,0,0,0,6.10800616073608,0,0,0,0,0,0,0,0,0,7.06923339288559,0,0,0,0,0,0,0,0,0,0,0,0,0,0,0,4.20931053161621,0,0,4.5546277364095,0,7.63368889164974,0,9.83512247038317,0,0,0,0,0,0,0,0,0,4.99700405629905,4.05782170256198,9.61454480034964,0,0,0
0,0,0,0,0,0,0,0,0,0,0,0,0,0,0,0,0,5.04134321212769,0,0,0,7.17098099390666,0,2.84135794639587,0,2.7485294342041,0,0,0,0,0,0,0,0,0,0,0,2.81196016735501,0,0,0,0,0,0,0,0,0,0,0,7.95222301483154,0,0,0,0,0,0,0,0,0,0,0,0,0,0,5.3199275871762,0,0,0,4.09371867179871,0,8.67747001349926,0,0,0,0,0,0,0,0,0,3.9801619582706,0,0,0,3.79347109794617,0,0
0,0,0,0,0,0,0,0,13.300006461866,0,0,0,0,0,0,0,0,0,0,0,0,0,3.46011246305651,0,4.02501846150894,0,3.12343634877886,0,0,0,0,0,0,0,0,0,0,0,4.29950014581072,0,0,0,0,0,0,0,0,0,9.27051639556885,0,0,0,0,0,12.0049003801848,0,0,0,0,0,0,0,0,0,0,4.5546277364095,0,0,0,2.97486086934805,0,0,0,0,0,0,0,0,0,0,0,7.91776978969574,4.30385479155709,0,0,0,0
0,0,0,0,0,0,0,0,0,6.83004027254441,0,0,0,0,0,10.6003920891706,0,3.13968123089183,0,0,0,9.08580585479736,0,3.55137116219624,0,3.4352019184173,0,0,0,0,0,0,0,0,0,0,0,0,0,0,0,0,0,0,0,0,0,0,0,7.53362454308404,0,0,0,0,0,0,0,0,0,0,0,12.5624070848737,0,0,9.07808385911535,0,4.09371867179871,0,0,0,6.98965735892727,0,0,0,0,0,0,0,0,0,0,0,4.95429717302322,0,0,0,0
0,0,0,0,0,0,0,0,5.69099378585815,0,0,0,0,0,0,0,4.13278003568235,0,0,0,0,0,0,0,4.53617672567014,0,4.18681550143099,0,0,0,0,0,0,0,0,0,0,0,0,0,0,0,0,0,0,0,0,0,7.72816175045353,0,0,0,0,0,0,0,4.8514723777771,0,4.87713856972181,0,4.08499308975264,0,0,0,0,7.63368889164974,0,2.97486086934805,0,0,0,6.08729325410039,0,0,0,0,0,0,0,0,0,0,3.3281669506174,0,0,0,0
0,0,0,0,0,0,0,0,0,0,0,3.77485632341962,0,3.9554593008618,0,3.78126645088196,0,0,0,0,0,5.6511053153828,0,8.78983241035825,0,8.53575265046322,0,3.80212313413372,0,3.07082851239423,0,0,0,0,0,0,0,2.88487609028816,0,0,0,0,0,0,0,0,0,0,0,3.47424829006195,0,0,0,0,0,0,0,4.75293331860665,0,0,0,0,0,0,9.55748182160037,0,8.67747001349926,0,6.98965735892727,0,0,0,3.24687556598497,0,0,0,0,0,0,0,2.7610719203949,0,3.60032106386988,0,0,0,0
0,0,0,0,0,0,0,0,0,0,0,0,4.44337119526333,0,0,0,0,0,0,0,0,0,2.73697924613953,0,0,0,0,0,3.1069510046641,0,0,0,0,0,0,0,0,0,0,0,0,0,0,0,0,0,0,0,9.4386864016133,0,0,0,0,0,0,0,3.44158719010549,0,5.0499468058485,0,5.13960673127856,0,0,0,0,9.83512247038317,0,0,0,6.08729325410039,0,0,0,3.31401112542224,0,0,0,0,0,0,0,0,3.1098895902219,0,0,0,0
0,0,0,0,0,0,0,0,0,0,0,2.92962805430094,0,0,0,0,0,0,0,3.68554840087891,0,0,0,0,0,0,0,3.35328622412893,0,2.78863580524921,0,0,0,0,0,0,0,3.55143449256118,0,0,0,0,0,0,0,0,0,0,0,4.58462905745174,0,0,0,0,0,0,0,3.68866314337804,0,0,0,0,0,0,0,0,0,0,0,0,3.24687556598497,0,0,0,0,0,0,0,0,0,5.17505337564569,0,3.06355131299872,0,3.41607262996527,0,0
0,0,0,0,0,0,0,0,0,0,0,0,0,0,0,0,0,0,0,0,0,0,0,0,0,0,0,0,0,0,0,0,0,0,0,0,0,0,0,0,0,0,3.57527414957682,0,0,0,0,0,3.2484218120575,0,0,0,0,0,0,0,3.48305230790919,0,0,0,0,0,0,0,0,0,0,0,0,0,0,3.31401112542224,0,0,0,0,0,0,0,0,0,0,0,0,0,0,0
0,0,0,0,0,0,0,0,0,0,0,0,0,0,0,0,0,0,0,0,0,0,0,0,0,0,0,0,0,0,0,6.55984390418948,0,22.195254960021,0,3.3705902894338,0,0,0,0,0,0,0,0,0,0,0,17.899075107141,20.3210243384043,0,0,0,0,0,0,0,0,0,0,0,0,0,0,0,0,0,0,0,0,0,0,0,0,0,0,39.6828594207764,27.3084596442111,0,0,0,0,35.3012542724609,4.2109522819519,0,0,0,0
0,0,0,0,0,0,0,0,0,0,0,0,0,0,0,0,0,0,0,0,0,0,0,0,0,0,0,0,0,0,0,28.0775843499199,3.39555146762087,20.8921012878418,0,0,3.04097566604614,0,0,0,0,0,0,0,0,0,0,21.1055187694728,14.0136330604553,0,0,0,0,0,0,0,0,0,0,0,0,0,0,0,0,0,0,0,0,0,0,0,0,0,39.6828594207764,0,0,22.5217180252075,0,3.15759823471308,0,28.9618202931172,4.64039872788094,0,0,0,0
0,0,0,0,0,0,0,0,0,0,0,0,0,0,0,0,0,0,0,0,0,0,0,0,0,0,0,0,0,0,0,29.2922611793011,42.314037322998,4.83422643021061,20.4424724578857,3.02581366896629,0,4.6379301349322,18.7202143669128,0,0,0,0,0,0,0,0,8.94214700522581,22.7443300882975,36.212158203125,0,0,0,0,0,0,0,0,0,0,0,0,0,0,0,0,0,0,0,0,0,0,0,0,27.3084596442111,0,0,0,0,0,3.81397455043513,20.1038904190063,7.3147947138006,0,0,0,0
0,0,0,0,0,0,0,0,0,0,0,0,0,0,0,0,0,0,0,0,0,0,0,0,0,0,0,0,0,0,0,32.0055749257406,0,3.45389461151661,3.1674593586788,0,0,0,2.83318161964417,0,0,0,0,0,0,0,0,12.0114417394002,18.7258620676787,0,0,0,0,0,0,0,0,0,0,0,0,0,0,0,0,0,0,0,0,0,0,0,0,0,0,22.5217180252075,0,0,0,0,0,5.91582709200242,3.62658259798499,0,0,0,0
0,0,0,0,0,8.25091371536255,0,0,0,0,0,3.49221134185791,0,0,0,0,0,0,22.6770505905151,4.60071235516922,0,0,0,0,0,0,0,0,0,0,0,0,0,0,0,3.94763230792164,5.88299858019902,3.50345241317868,0,5.38203696579835,0,15.1815017782725,28.8415222167969,17.5552523182888,0,5.36583391342077,0,8.32524315552278,39.4825839996338,16.0888254290005,0,0,0,0,0,0,0,4.00019121170044,0,0,0,0,4.86677136481768,0,0,0,0,0,0,0,0,0,0,0,0,0,0,0,0,8.18281201834934,2.93108906902251,0,8.35607310934984,4.82965332229665,6.43896189898225,15.4312447820391,0
0,0,0,0,0,0,0,0,0,0,0,0,0,0,0,0,0,0,0,0,2.96604251861572,0,0,0,0,0,0,0,0,0,0,11.4969890847498,6.54936536435548,0,3.27662929466792,6.24579725690363,4.01324157568441,0,3.40646544624777,0,5.56852698728263,0,3.05652630329132,0,0,0,6.80599232034369,5.39082026017534,4.06882963251712,26.7198753356934,0,0,0,0,0,0,0,0,0,0,0,0,0,0,0,0,0,0,0,0,0,0,0,0,0,3.15759823471308,0,0,8.18281201834934,0,0,3.84952028866472,4.23936769609828,5.53880393384683,10.4515477286445,0,2.95750164985657
0,0,0,0,0,0,0,0,0,13.0994929706349,0,3.20503614165566,0,0,0,0,0,0,0,0,0,3.81242402312043,0,3.25181825529961,0,0,0,0,0,3.3904932797016,0,0,0,3.04383140581625,20.4226193861528,0,0,3.40534285059488,17.1509527766376,3.11104035377502,0,11.9794831150456,0,18.9079837799072,0,11.1503663063049,0,5.02373992535005,26.7227993011475,3.37391352653503,0,0,0,0,0,18.1827030181885,0,5.46645355224609,0,0,0,0,4.49527405985031,0,4.11880884567897,0,3.9801619582706,0,0,0,2.7610719203949,0,5.17505337564569,0,0,0,3.81397455043513,0,2.93108906902251,0,0,19.0148694655474,5.59710501904214,6.06893462340037,4.83758282174372,15.4553561417953,0
0,0,0,0,0,0,0,0,16.8270169727838,0,0,0,0,0,0,0,0,0,0,0,0,0,3.18445971428735,0,6.26901675153662,0,0,0,0,0,0,38.3926208496094,24.0865716934204,9.88029388123996,4.02788144276466,0,3.00658670973865,8.19237089875233,3.70295303640061,0,0,0,3.22752335866292,0,0,0,0,10.0187980699846,6.67960150412914,0,0,0,0,0,19.8260693820018,0,0,0,0,0,0,0,0,0,0,4.99700405629905,0,7.91776978969574,0,0,0,0,0,0,35.3012542724609,28.9618202931172,20.1038904190063,5.91582709200242,0,3.84952028866472,19.0148694655474,0,4.63198557576493,4.28812555913572,3.28120605447399,0,0
4.66520943023932,5.33168958028158,5.20924064479716,10.5681274058455,3.31632937987645,4.62930274480204,3.29586192141188,4.14223537056174,3.7336844075247,5.51713187085497,0,3.43879992639696,3.80005235449034,4.7733735883139,5.01810753388525,5.51072494338893,6.39667293546986,5.35998723427839,7.35561748579437,4.68812565601748,3.06627573806848,5.48844017077096,3.5829726346895,3.85180331495675,3.81130139750264,3.63222015740905,3.52588667350561,2.89905613660812,4.85306206384698,2.86053190231323,0,3.57365233645944,3.77164164056965,6.97061342436575,8.1643170678472,4.95103506915603,3.77551226017687,4.01452266286641,5.59045269962378,23.9011553738994,22.5964777644088,9.81392763171543,11.6031902456068,12.5305038669799,8.49661643240625,13.8621060135158,6.68576024085917,6.06614923105628,9.15830018423194,14.6591526966948,0,4.16332189315973,3.58095642924309,3.30143745740255,5.55681918874199,7.83698935673969,4.97838151883736,3.48350288651206,3.48250537760117,8.62682939015226,4.21525597572327,6.94128618633174,4.72633364172116,3.26169753819704,3.72219152617873,4.05782170256198,0,4.30385479155709,4.95429717302322,3.3281669506174,3.60032106386988,3.1098895902219,3.06355131299872,0,4.2109522819519,4.64039872788094,7.3147947138006,3.62658259798499,8.35607310934984,4.23936769609828,5.59710501904214,4.63198557576493,0,5.12530627002883,9.45104656648598,5.80463838673407,4.88731793317095
14.9371052872051,0,13.7056170463562,0,0,5.9042702024968,2.95204377174377,5.18024855280576,4.46299401844773,4.03994346104275,0,4.00164079666138,3.90753216416605,4.23909644505486,3.50375340188851,4.42894217522457,7.71391219999576,5.62305407057288,13.9441219361929,0,0,9.08215724486931,5.87581129331847,8.55581734329462,10.3287153244019,16.8516515096029,0,8.60203140176187,3.0962882861495,0,0,5.96264239947001,3.04947978258133,0,0,4.30930722826021,4.33428035722652,4.04405625661214,3.9503905239001,33.151008605957,0,16.6038799285889,17.4094983533371,21.8043927585377,20.1259042194911,29.1991691589355,0,6.09584436416626,19.1813659667969,0,0,7.06070414793144,3.72345940272013,0,0,0,0,0,3.93361359679181,9.37707514233059,0,8.36914393145167,10.3432865142822,0,9.92530665030846,9.61454480034964,0,0,0,0,0,0,0,0,0,0,0,0,4.82965332229665,5.53880393384683,6.06893462340037,4.28812555913572,5.12530627002883,0,20.1341613034407,0,0
4.86390762968629,4.57901506412488,3.27114493273949,4.47454116135449,2.88414704939898,3.94610977768898,0,0,4.86238304773967,4.84538097381592,0,0,0,0,0,0,11.3696918487549,16.4770244870867,6.66503466655939,3.93649253935578,0,0,0,0,0,0,0,0,0,0,0,0,0,15.518120765686,0,6.58734553427343,5.47397726021088,3.71045508793422,3.88576728105545,13.1112825006328,10.4898333699854,9.84016191201665,11.747828750652,7.44245380623714,4.80141702272701,6.04276718951688,7.00211695260861,11.3268946584878,13.5345559478401,10.1799190340452,0,0,0,0,0,5.89082980155945,5.06769029508557,3.15613972513299,0,7.11196837425232,0,6.38912439346313,3.11856646927036,13.1181576160555,0,0,3.79347109794617,0,0,0,0,0,3.41607262996527,0,0,0,0,0,6.43896189898225,10.4515477286445,4.83758282174372,3.28120605447399,9.45104656648598,20.1341613034407,0,9.29649334651341,6.1465979634609
0,0,0,0,0,0,0,0,0,0,0,0,0,0,0,0,0,18.9736728668213,6.86472150087357,0,0,0,0,0,0,0,0,0,0,0,0,0,0,0,0,0,0,0,0,15.5089769363403,0,7.37820177071603,0,3.52787148952484,0,0,0,0,0,0,0,0,0,0,0,0,0,0,0,0,0,0,0,0,0,0,0,0,0,0,0,0,0,0,0,0,0,0,15.4312447820391,0,15.4553561417953,0,5.80463838673407,0,9.29649334651341,0,0
0,0,0,0,0,0,0,0,5.67916011810303,0,0,0,0,0,0,0,0,0,5.31120960852679,0,0,0,0,0,0,0,0,0,0,0,0,0,0,0,0,0,0,0,0,0,14.1780270365358,0,4.70339690944127,0,7.54740706805525,0,16.5773096084595,0,15.6118837356567,0,0,0,0,0,0,0,10.6370911598206,0,0,0,0,0,0,0,0,0,0,0,0,0,0,0,0,0,0,0,0,0,0,2.95750164985657,0,0,4.88731793317095,0,6.1465979634609,0,0
