0,0,3.54469794840426,0,0,0,0,0,5.89164809489339,0,0,0,0,0,0,0,0,0,39.3576054573059,0,0,0,0,0,0,0,0,0,0,0,0,0,0,0,0,0,0,0,0,0,0,0,10.2055013656616,0,0,0,17.7471191883087,0,5.53545818328857,0,11.9245491027832,0,0,0,5.43251350651617,0,22.4109077453613,0,5.28654951207778,0,5.33462984221322,0,0,20.6698455810547,0,0,0,0,0,0,0,0,0,24.2286015828451,0,0,0,0,0,32.2240928649902,0,27.4639324188232,4.67256471222522,0,14.2974324593177,0,0
0,0,0,13.60882396698,0,0,0,0,0,4.12233574191729,0,0,0,0,0,0,0,0,0,0,0,0,0,0,0,0,0,0,0,0,0,0,0,0,0,0,0,23.1594492594401,0,0,0,9.04337184769767,0,0,0,0,0,0,0,4.41526830141947,0,0,0,0,0,4.72919116743036,0,0,0,0,0,3.43772353172302,0,0,0,0,13.1141920089722,0,0,0,0,0,0,0,0,0,0,0,0,0,0,0,7.05483562895592,0,7.68828783101506,9.54703140258789,0
3.54469794840426,0,0,0,6.580607894063,0,0,0,5.09690860238406,0,0,0,0,0,0,0,59.141300201416,0,32.5876555009322,0,15.3532705307007,0,0,0,0,0,0,0,0,0,0,0,0,0,0,0,21.4814567565918,0,0,43.492727915446,28.355586869376,52.8921318054199,23.061299049493,0,25.153034845988,35.8308601379395,17.8941819564156,0,35.2100009918213,0,8.50520773367448,0,0,0,4.48293066579242,0,22.1755677311166,67.7953948974609,4.22685033934457,0,4.84596920013428,0,51.0705299377441,0,0,0,0,0,0,0,0,0,0,25.6048460740309,0,0,0,0,0,49.7981882095337,0,0,9.15610233925315,28.6254596710205,13.8076756487256,0,20.9347041586171
0,13.60882396698,0,0,0,3.72849910746339,0,0,0,4.16182620184762,0,0,0,0,0,0,0,0,25.2082182566325,0,0,0,0,0,0,0,0,0,0,0,0,0,0,0,0,16.6970629692078,0,0,0,36.0643766843356,0,20.4415966848945,33.044979095459,0,0,15.3589677810669,39.3586837768555,43.5785335334572,33.7521932563003,31.1600169939331,0,4.24282808100443,0,0,0,0,58.3926887512207,22.1836219267412,0,4.63911889811031,0,4.40987090080503,21.3613207075331,55.5299949645996,0,0,0,0,0,0,0,0,27.547769235528,61.6948776245117,36.909912109375,0,0,0,38.5870638275146,0,0,61.6461086273193,14.1170027967227,0,16.8746866244181,18.322049446106,58.1240730285645
0,0,6.580607894063,0,0,0,4.26996737718582,0,0,0,0,0,0,0,0,0,0,0,0,0,3.72889144569232,0,0,0,0,0,0,0,0,0,0,0,0,0,0,0,3.48484301567078,0,0,0,0,0,32.0374164581299,0,0,0,13.0793428421021,0,0,0,4.1874420515917,0,2.74103975296021,0,0,0,26.4780232111613,0,0,0,0,0,0,11.0691730181376,0,0,0,0,0,0,0,0,0,34.5787353515625,0,0,0,0,0,0,0,0,4.12992174350298,0,23.9896818796794,0,26.0555763244629
0,0,0,3.72849910746339,0,0,0,3.39698909337704,0,0,0,0,0,0,0,4.7414227326711,0,0,0,3.03217482566833,0,0,0,0,0,0,0,0,0,0,0,0,0,0,0,0,0,0,0,0,0,0,0,0,0,0,0,0,0,0,0,3.30375622131012,0,3.37486582994461,0,0,0,0,0,0,0,0,0,0,0,0,0,0,0,0,0,0,0,0,0,0,0,0,0,0,0,0,3.3685521674312,0,4.0503420587899,0,0
0,0,0,0,4.26996737718582,0,0,0,0,0,0,0,0,0,0,0,0,0,0,0,2.8538533449173,0,0,0,0,0,0,0,0,0,0,0,0,0,0,0,0,0,0,0,0,0,0,0,0,0,0,0,0,0,3.63127091013152,0,3.4355812377118,0,0,0,7.53652620315552,0,0,0,0,0,0,0,0,0,0,0,0,0,0,0,0,0,0,0,0,0,0,0,0,0,3.1341613928477,0,0,0,0
0,0,0,0,0,3.39698909337704,0,0,0,0,0,0,0,3.22941322760148,0,0,0,0,0,0,0,0,0,0,0,0,0,0,0,0,0,0,0,0,0,0,0,0,0,0,0,0,0,0,0,0,0,0,0,0,0,0,0,3.30226542100762,0,0,0,5.44931508980545,0,3.15450755755107,0,0,0,0,0,0,0,0,0,0,0,0,0,0,0,0,0,0,0,0,0,0,3.2201429435185,0,0,0,0
5.89164809489339,0,5.09690860238406,0,0,0,0,0,0,0,0,0,0,0,5.57848717070915,0,11.8330982639179,26.8432062550595,20.7499307791392,0,0,0,0,0,4.76226039568583,0,12.8552026947339,0,0,0,0,0,0,0,0,0,28.7285442352295,0,5.54031285007872,0,91.729133605957,0,17.8305865526199,0,0,0,82.318603515625,0,8.4596518915753,0,0,0,0,0,4.61357882653358,0,0,0,0,0,0,0,0,0,0,0,0,5.68784523202527,0,0,0,0,0,30.0811176300049,0,0,0,0,0,97.6851806640625,0,7.43833424689922,6.01646607372833,5.06158423423767,5.71571163940111,0,0
0,4.12233574191729,0,4.16182620184762,0,0,0,0,0,0,0,0,0,0,0,0,0,0,0,0,0,0,0,7.77377166671138,0,0,0,0,0,0,0,0,0,0,0,0,0,6.87781145497852,0,0,0,4.91486499386449,0,0,0,0,0,11.7815074920654,0,0,0,0,0,0,0,4.66900411018958,0,0,0,0,0,0,0,0,0,0,7.76475312207875,0,0,0,0,0,0,0,0,0,0,0,0,0,8.68089951941715,0,5.09754531085491,3.35815940962897,4.58718398187914,0,0
0,0,0,0,0,0,0,0,0,0,0,0,3.71174965412059,0,0,0,0,0,60.4689064025879,0,6.62622978733581,0,0,0,0,0,0,0,3.58016920089722,0,5.70354408130311,0,0,0,0,0,7.74899755205427,0,5.06088890707043,0,54.5375938415527,0,42.5376663208008,0,0,0,33.9133243560791,0,0,0,0,0,3.75745922868902,0,0,0,4.89936617376618,0,4.19872328992617,0,0,0,0,15.1666720151901,0,0,0,0,0,0,0,0,0,6.22098851203918,0,0,0,0,0,24.6893942728639,0,7.67393256500363,4.73669626746538,2.82316756248474,40.9599189758301,0,0
0,0,0,0,0,0,0,0,0,0,0,0,0,3.09660625857795,0,0,0,0,0,5.50816723373201,0,0,0,0,0,0,0,2.80759153158768,0,3.09151864051819,0,0,0,0,0,8.88129901885986,0,3.71175231923802,0,0,0,0,0,0,0,0,0,0,0,0,0,0,0,3.38521084276218,0,0,0,6.36821385098927,0,3.46899844737763,0,0,3.31321460550482,0,0,0,0,0,0,0,0,0,14.7328230791454,0,0,0,0,0,4.41710694368221,0,4.35998425981244,0,3.7791529411578,0,0,0,0
0,0,0,0,0,0,0,0,0,0,3.71174965412059,0,0,0,0,0,0,0,0,0,0,0,0,0,0,0,0,0,0,0,0,0,0,0,0,0,0,0,0,0,0,0,0,0,0,0,0,0,0,0,0,0,0,0,0,0,3.66561723864356,0,0,0,0,0,0,0,0,0,0,0,0,0,0,0,0,0,0,0,0,0,0,0,0,0,0,0,0,0,0
0,0,0,0,0,0,0,3.22941322760148,0,0,0,3.09660625857795,0,0,0,4.29700355723972,0,0,0,0,0,0,0,0,0,0,0,2.81617101033529,0,3.01311693872724,0,0,0,0,0,0,0,0,0,0,0,0,0,0,0,0,0,0,0,0,0,0,0,3.1171482259577,0,0,0,3.05037410349786,0,3.29834675691961,0,4.60160474694533,0,0,0,0,0,0,0,0,0,0,0,0,0,0,0,0,0,0,0,0,3.5536234076594,4.80332956711451,0,0,0
0,0,0,0,0,0,0,0,5.57848717070915,0,0,0,0,0,0,0,7.17716718367322,36.164909362793,0,0,0,0,0,0,2.95903058052063,0,5.26747770567198,0,0,0,0,0,0,0,0,0,0,0,0,0,0,0,0,0,0,0,0,0,0,0,0,0,0,0,3.96266889572144,0,0,0,0,0,0,0,0,0,0,0,0,0,0,0,0,0,0,0,0,0,0,0,0,0,0,0,4.44885202469364,6.04642847606114,0,0,0
0,0,0,0,0,4.7414227326711,0,0,0,0,0,0,0,4.29700355723972,0,0,0,0,0,0,0,0,0,0,0,0,0,0,0,0,0,0,0,0,0,0,0,0,0,0,0,0,0,0,0,0,0,0,0,0,0,2.96031856536865,0,0,0,4.64592981338501,0,0,0,3.83245378473531,0,3.19511710604032,0,0,0,0,0,0,0,0,0,0,0,0,0,0,0,0,0,0,0,0,3.40784478378296,0,0,0,0
0,0,59.141300201416,0,0,0,0,0,11.8330982639179,0,0,0,0,0,7.17716718367322,0,0,17.2112994504982,23.1717506664465,0,0,0,4.6081879881845,0,7.73657364398241,0,5.60825837959187,0,4.99730902910233,0,0,0,0,0,0,0,0,0,0,66.8735229492188,54.9451200578596,55.5329439435686,38.3380888219465,46.7629280090332,31.4112434387207,63.2014007568359,51.8313687198846,0,0,0,0,0,0,0,0,0,55.2011220296224,69.5480537414551,0,0,4.63415145874023,0,72.4702838897705,58.8315202395121,0,0,0,0,0,0,0,0,0,54.8707486666166,0,0,0,0,74.5172939300537,60.9124913896833,0,57.0935491859366,11.8451625263759,7.96139454632749,52.6429379365882,49.9195950826009,46.9527903965541
0,0,0,0,0,0,0,0,26.8432062550595,0,0,0,0,0,36.164909362793,0,17.2112994504982,0,17.7128138941207,0,0,4.87920214732488,9.40777444839478,5.56987651865533,14.2061367829641,4.27523324041656,37.5943781534831,4.25050296524698,0,0,0,0,0,0,0,0,0,0,0,74.1717661077326,68.9088906374845,49.1326850891113,57.4614050123427,0,64.4181518554688,50.4427337646484,62.0199597222464,0,0,0,0,0,0,0,0,0,77.2831064860026,0,0,0,0,0,77.0535202026367,72.8915557861328,0,0,0,0,4.39739745634574,46.5968360900879,0,0,0,65.2561181386312,0,0,0,0,75.9626405504015,72.7301999315803,0,68.1769145783924,10.2479433881578,6.61846617976641,61.3697776046454,0,57.4117800394694
39.3576054573059,0,32.5876555009322,25.2082182566325,0,0,0,0,20.7499307791392,0,60.4689064025879,0,0,0,0,0,23.1717506664465,17.7128138941207,0,0,0,0,0,0,20.0125064849854,0,23.3247286478678,0,0,0,0,0,0,0,0,53.7591819763184,74.7220630645752,0,50.0870552062988,38.3850343435799,43.5026948105487,26.6667055644978,20.4213553062011,21.0510202407837,17.2689364451282,24.4416595826666,37.6353862743353,0,30.9912594881925,42.6492427479137,49.2623691558838,0,0,0,0,0,48.4262206200326,22.9310170401514,0,0,0,0,43.7624826460439,47.1948528333441,0,0,0,0,0,0,0,0,23.7627961491964,46.2806030487918,0,0,0,0,41.3775432901008,50.5643118833333,0,45.4218494130604,14.3343119003787,24.4993066589038,28.436784301259,18.1331034896496,26.8347843730517
0,0,0,0,0,3.03217482566833,0,0,0,0,0,5.50816723373201,0,0,0,0,0,0,0,0,0,0,0,0,0,0,0,0,0,0,0,0,0,0,0,4.07269724310957,0,8.51037717634632,0,0,0,0,0,0,0,11.1827707290649,0,0,0,0,0,0,0,0,0,0,0,0,0,0,0,0,5.77069834490728,0,0,0,0,0,0,0,0,0,0,0,0,0,0,0,6.30662859618934,0,7.93272624909878,0,9.24346320588013,32.088062286377,5.80101484887338,0,0
0,0,15.3532705307007,0,3.72889144569232,0,2.8538533449173,0,0,0,6.62622978733581,0,0,0,0,0,0,0,0,0,0,0,0,0,0,0,0,0,0,0,0,0,0,0,0,0,3.98242721413121,0,5.42871205791149,0,41.5564727783203,0,25.8530178070068,0,0,0,0,0,34.4403228759766,0,5.1632717654109,0,0,0,0,0,8.47596808075905,0,0,0,0,0,0,7.10108465487738,0,0,0,0,0,0,0,0,0,11.6505364448793,0,0,0,0,0,6.94555565372408,0,8.36127299746951,11.4464896886777,0,18.7634438456911,0,0
0,0,0,0,0,0,0,0,0,0,0,0,0,0,0,0,0,4.87920214732488,0,0,0,0,4.09207335957941,4.23044464323256,0,3.61722272237142,0,2.73127937316895,0,0,0,0,0,10.9295024871826,0,0,0,5.80326736735244,7.61986529827118,0,0,0,0,0,0,0,0,15.5858268737793,0,7.01380958293266,0,0,0,0,0,0,0,0,0,0,0,0,0,0,4.00650680881657,3.9279886371211,3.74476512466989,0,0,0,2.8534237742424,0,0,0,0,0,0,0,0,0,4.39626397178287,4.86233234405518,5.04515789336082,6.2613090499999,11.8329498370488,0,0
0,0,0,0,0,0,0,0,0,0,0,0,0,0,0,0,4.6081879881845,9.40777444839478,0,0,0,4.09207335957941,0,0,2.99897303581238,0,3.63736163849799,0,3.20058703422546,0,0,0,0,0,0,0,0,0,4.81312651756482,0,0,0,0,0,0,0,0,0,5.26714693582975,0,0,0,0,0,0,0,0,0,0,0,0,0,0,0,7.72474884986877,4.05513426886767,0,2.95922899246216,0,0,0,3.0786863054548,0,0,0,0,0,0,0,0,0,4.79291109957247,4.13452115735492,4.73018188602046,14.7677515745163,0,0
0,0,0,0,0,0,0,0,0,7.77377166671138,0,0,0,0,0,0,0,5.56987651865533,0,0,0,4.23044464323256,0,0,0,2.79699279643871,0,0,0,0,0,0,0,13.9342184066772,0,0,0,6.72406696164331,0,0,0,0,0,0,0,0,0,11.0772210756938,0,3.70355482328506,0,0,0,0,0,6.54456543149175,0,0,0,0,0,0,0,0,3.71147337267476,0,3.3960807908149,0,3.89500980575879,0,0,0,0,0,0,0,18.2404756546021,0,0,0,5.24350458722994,0,6.65375085287197,0,4.89540714662052,0,0
0,0,0,0,0,0,0,0,4.76226039568583,0,0,0,0,0,2.95903058052063,0,7.73657364398241,14.2061367829641,20.0125064849854,0,0,0,2.99897303581238,0,0,0,2.96330023366351,0,0,0,0,0,0,0,0,0,0,0,6.02240421985969,0,0,0,0,0,0,0,0,0,3.85209026866489,0,0,0,0,0,4.89988068200774,0,0,0,0,0,0,0,0,0,0,0,0,3.70089710093616,0,3.24245792276719,0,0,0,0,0,0,0,0,0,0,0,5.4652516263904,3.92296846263404,4.6677604482529,8.26681115797588,0,0
0,0,0,0,0,0,0,0,0,0,0,0,0,0,0,0,0,4.27523324041656,0,0,0,3.61722272237142,0,2.79699279643871,0,0,0,0,0,0,0,0,0,0,0,0,0,0,0,0,0,0,0,0,0,0,0,0,0,0,0,0,0,0,0,0,0,0,0,0,0,0,0,0,3.40653688029239,0,3.00521156191826,0,2.88748838684776,0,0,0,0,0,0,0,0,0,0,0,0,0,6.14921934264047,0,0,0,0
0,0,0,0,0,0,0,0,12.8552026947339,0,0,0,0,0,5.26747770567198,0,5.60825837959187,37.5943781534831,23.3247286478678,0,0,0,3.63736163849799,0,2.96330023366351,0,0,0,0,0,0,0,0,0,0,0,0,0,0,0,0,0,0,0,0,0,0,0,0,0,0,0,0,0,4.01821231842041,0,0,0,0,0,4.91327322446383,0,0,0,0,2.74861617883046,0,0,0,3.54313504695892,0,0,0,0,0,0,0,0,0,0,0,0,6.26990473739355,8.05912288029989,0,0,0
0,0,0,0,0,0,0,0,0,0,0,2.80759153158768,0,2.81617101033529,0,0,0,4.25050296524698,0,0,0,2.73127937316895,0,0,0,0,0,0,0,3.68918016732457,0,0,0,0,0,0,0,0,0,0,0,0,0,0,0,0,0,0,0,0,0,0,0,0,0,0,0,0,0,2.81361659367879,0,0,0,0,0,0,0,0,0,0,2.99091338529819,0,4.46413369256942,0,0,0,0,0,0,0,0,0,3.39579613100399,4.47875519700952,0,0,0
0,0,0,0,0,0,0,0,0,0,3.58016920089722,0,0,0,0,0,4.99730902910233,0,0,0,0,0,3.20058703422546,0,0,0,0,0,0,0,0,0,0,0,0,0,0,0,2.85749733448029,0,0,0,0,0,0,0,0,0,0,0,0,0,0,0,0,0,4.21088552474976,0,0,0,0,0,0,0,0,0,0,0,0,0,0,3.00711200350807,0,0,0,0,0,0,0,0,0,0,3.54947366714478,0,0,0,0
0,0,0,0,0,0,0,0,0,0,0,3.09151864051819,0,3.01311693872724,0,0,0,0,0,0,0,0,0,0,0,0,0,3.68918016732457,0,0,0,0,0,0,0,0,0,3.20925206296584,0,0,0,0,0,0,0,0,0,0,0,0,0,0,0,0,0,0,0,0,0,3.89505016803741,0,0,0,0,0,0,0,0,0,0,2.8515704870224,0,4.80449206399544,0,0,0,0,0,0,0,3.36257213486565,0,2.99039633784975,0,0,0,0
0,0,0,0,0,0,0,0,0,0,5.70354408130311,0,0,0,0,0,0,0,0,0,0,0,0,0,0,0,0,0,0,0,0,0,0,0,0,0,0,0,5.90066378994992,0,0,0,0,0,0,0,0,0,0,0,0,0,0,0,0,0,7.32523893959382,0,0,0,0,0,0,0,0,0,0,0,0,0,0,0,0,5.47671378606773,0,0,0,0,0,0,0,2.92599268754323,3.10068225860596,0,0,0,0
0,0,0,0,0,0,0,0,0,0,0,0,0,0,0,0,0,0,0,0,0,0,0,0,0,0,0,0,0,0,0,0,4.3098655874506,0,10.2918811600784,3.20886397664509,0,0,0,0,0,0,0,0,0,0,0,5.47230817711593,12.9228540658951,11.7655624389648,0,0,0,0,0,0,0,0,0,0,0,0,0,0,0,0,0,0,0,0,0,0,0,0,4.97353156988257,5.7660919677023,3.80144095420837,9.25508429663522,5.63994506949154,10.922327041626,0,0,2.95042695001114,0,0,0,0
0,0,0,0,0,0,0,0,0,0,0,0,0,0,0,0,0,0,0,0,0,0,0,0,0,0,0,0,0,0,0,4.3098655874506,0,7.14847808617812,5.89442001448737,4.44314241409302,3.28417400338433,0,0,0,4.8632014138358,0,0,0,0,0,0,3.71378317898223,4.21105082829793,0,0,0,0,0,0,0,0,0,0,0,0,0,0,0,0,0,0,0,0,0,0,0,0,0,5.96201022423975,4.46886312180095,0,6.8967562880781,0,5.60051853515701,0,0,3.07169836833153,0,0,0,0
0,0,0,0,0,0,0,0,0,0,0,0,0,0,0,0,0,0,0,0,0,10.9295024871826,0,13.9342184066772,0,0,0,0,0,0,0,0,7.14847808617812,0,4.94556819569589,3.12049204010074,0,6.51197553044529,4.1753561383202,0,0,0,0,0,0,0,0,6.05758971604028,13.1847376823425,3.38114368915558,0,0,0,0,0,26.8892803192139,0,0,0,0,0,0,0,0,0,0,0,0,0,0,0,0,0,0,6.40234129517167,5.99653707231794,3.82948638010426,6.66639109376016,3.92416502407619,0,6.53964231767432,0,4.53112311436863,9.96734261512756,0,0,0
0,0,0,0,0,0,0,0,0,0,0,0,0,0,0,0,0,0,0,0,0,0,0,0,0,0,0,0,0,0,0,10.2918811600784,5.89442001448737,4.94556819569589,0,0,3.57472875997594,0,4.15989731791804,0,0,0,0,0,0,0,0,4.83367467574516,5.68630528450012,0,0,0,0,0,0,0,0,0,0,0,0,0,0,0,0,0,0,0,0,0,0,0,0,0,9.95039653778076,7.60293835726651,4.64520882196094,3.97275075236244,0,5.17882081125952,0,3.93563272575738,3.9604213704934,0,0,0,0
0,0,0,16.6970629692078,0,0,0,0,0,0,0,8.88129901885986,0,0,0,0,0,0,53.7591819763184,4.07269724310957,0,0,0,0,0,0,0,0,0,0,0,3.20886397664509,4.44314241409302,3.12049204010074,0,0,2.95254766683784,4.89830226605506,0,28.0083417892456,0,50.0873050689697,0,0,0,10.6591653540328,0,5.00174488644355,13.4046929677327,12.0428161091275,0,0,0,0,0,0,0,31.6692629920112,0,0,0,0,8.87776695920312,0,0,0,0,0,0,0,0,0,36.8320426940918,0,4.07770506183753,2.83029880523682,3.13775491714478,0,7.24938239672377,2.99257424820301,8.01110152413423,0,4.65587279265565,5.9517873466992,14.3182146568298,0,0
0,0,21.4814567565918,0,3.48484301567078,0,0,0,28.7285442352295,0,7.74899755205427,0,0,0,0,0,0,0,74.7220630645752,0,3.98242721413121,0,0,0,0,0,0,0,0,0,0,0,3.28417400338433,0,3.57472875997594,2.95254766683784,0,4.65328598022461,5.01275530087948,0,22.1750583648682,0,40.7302934328715,0,48.5586967468262,0,38.3379026685442,23.5118879000346,12.6387418730069,15.766597867012,30.7607354482015,0,0,0,0,0,28.9426092821009,0,30.1451349258423,0,0,0,0,13.7528968702887,0,0,0,0,0,0,0,0,0,37.79310131073,0,4.46158549965931,0,5.46577005916172,3.23303516899667,6.56093979254712,0,6.39107558723474,5.89257325069003,4.27080481235798,24.5484235401811,0,36.0555248260498
0,23.1594492594401,0,0,0,0,0,0,0,6.87781145497852,0,3.71175231923802,0,0,0,0,0,0,0,8.51037717634632,0,5.80326736735244,0,6.72406696164331,0,0,0,0,0,3.20925206296584,0,0,0,6.51197553044529,0,4.89830226605506,4.65328598022461,0,4.5101579556594,0,0,0,0,0,0,0,0,5.89427134691109,12.6319437026978,5.34187923418129,0,0,0,0,0,11.42852294501,0,7.40449388494197,0,0,0,0,9.26940155730528,0,6.65557031496197,0,7.4800977696588,0,0,0,0,0,0,0,0,0,10.0352387796534,0,6.12201016439969,0,6.09135234892081,5.15335451232062,4.46358854057506,3.54466183339396,6.39060584119948,0,0
0,0,0,0,0,0,0,0,5.54031285007872,0,5.06088890707043,0,0,0,0,0,0,0,50.0870552062988,0,5.42871205791149,7.61986529827118,4.81312651756482,0,6.02240421985969,0,0,0,2.85749733448029,0,5.90066378994992,0,0,4.1753561383202,4.15989731791804,0,5.01275530087948,4.5101579556594,0,0,0,17.0155699112836,31.2898073196411,0,0,0,26.1303443908691,5.67797017488323,6.1141930702883,24.8888120651245,0,0,0,0,6.30450196039109,0,6.40999785124087,0,0,0,0,0,0,11.1095333465359,9.14576880137126,4.97766267399179,27.3799171447754,7.32579027608296,0,0,0,2.75387120246887,0,3.28184390068054,0,0,0,4.4768093343991,0,10.3257260816625,2.94314606984456,5.08704361017472,5.87722452340131,6.17307309739225,7.82365608673829,0,0
0,0,43.492727915446,36.0643766843356,0,0,0,0,0,0,0,0,0,0,0,0,66.8735229492188,74.1717661077326,38.3850343435799,0,0,0,0,0,0,0,0,0,0,0,0,0,0,0,0,28.0083417892456,0,0,0,0,73.0453205108643,19.9041239758249,50.3077404499054,22.4148914337158,0,14.1530523525006,47.1071134047075,5.05598255743583,0,8.87030024638543,80.4350051879883,0,0,0,0,0,59.6850388844808,36.992095690095,0,0,0,0,24.4633178927682,74.5858908759223,0,0,0,0,0,0,0,0,41.4731316199669,0,0,0,0,0,28.4632047300726,77.8310970067978,23.9228601455688,71.8999087015788,38.013280218391,48.3052447925914,16.4917803624591,21.4644019915585,63.6711006164551
0,0,28.355586869376,0,0,0,0,0,91.729133605957,0,54.5375938415527,0,0,0,0,0,54.9451200578596,68.9088906374845,43.5026948105487,0,41.5564727783203,0,0,0,0,0,0,0,0,0,0,0,4.8632014138358,0,0,0,22.1750583648682,0,0,73.0453205108643,0,62.6104488372803,18.0360103930622,0,21.2787630661674,0,11.4166706199646,5.38863628904025,7.14452414540039,0,38.1385779449905,0,0,0,30.7816295623779,0,36.6985902983567,77.2361907958984,33.6207237243652,0,0,0,92.6037673950195,7.16151722920995,0,0,0,0,0,0,0,0,0,47.2721253712972,13.6439037322998,0,0,0,81.156159140847,9.73841646391912,0,45.731564314469,39.9187027774962,53.7002382278442,12.4508521809861,0,19.858399698104
0,9.04337184769767,52.8921318054199,20.4415966848945,0,0,0,0,0,4.91486499386449,0,0,0,0,0,0,55.5329439435686,49.1326850891113,26.6667055644978,0,0,0,0,0,0,0,0,0,0,0,0,0,0,0,0,50.0873050689697,0,0,17.0155699112836,19.9041239758249,62.6104488372803,0,11.621762015802,21.9074731884581,41.5590991973877,29.0934186130762,59.3850426509463,18.9239837939923,35.2219060262044,15.2652012217516,0,0,0,0,0,0,81.6591720581055,16.5064996241585,0,0,0,0,23.6767530311972,58.313648223877,0,0,10.2882871627808,29.0010623931885,0,0,0,0,18.9819656773872,70.3654956817627,0,0,0,0,26.256656121585,66.3729344120732,22.9000186920166,65.6454572677612,18.6327793642298,38.5653151687311,14.9030127389757,11.6429942670319,40.7829239368439
10.2055013656616,0,23.061299049493,33.044979095459,32.0374164581299,0,0,0,17.8305865526199,0,42.5376663208008,0,0,0,0,0,38.3380888219465,57.4614050123427,20.4213553062011,0,25.8530178070068,0,0,0,0,0,0,0,0,0,0,0,0,0,0,0,40.7302934328715,0,31.2898073196411,50.3077404499054,18.0360103930622,11.621762015802,0,0,9.58138880064321,37.1422638893127,16.8529057934478,11.5492375196655,11.1357096576875,17.415607043675,35.9139082999456,0,0,0,29.5457768440247,0,18.2982474111778,47.170343875885,27.7483520018749,0,0,0,46.4480609893799,19.4965935279797,0,0,0,0,0,0,0,0,44.4466743469238,15.9551645851135,0,0,0,0,67.2676552666558,22.490243754416,0,21.9911725691104,15.603267458408,33.2352743709789,10.0914023835689,46.7708869934082,7.35396728533484
0,0,0,0,0,0,0,0,0,0,0,0,0,0,0,0,46.7629280090332,0,21.0510202407837,0,0,0,0,0,0,0,0,0,0,0,0,0,0,0,0,0,0,0,0,22.4148914337158,0,21.9074731884581,0,0,0,0,0,0,0,0,0,0,0,0,0,0,0,15.990242767334,0,0,0,0,0,0,0,0,0,0,0,0,0,0,18.9549258497895,0,0,0,0,0,29.2240218555226,0,20.4679756164551,0,17.2638425827026,0,18.1315516997939,15.5448535283407,0
0,0,25.153034845988,0,0,0,0,0,0,0,0,0,0,0,0,0,31.4112434387207,64.4181518554688,17.2689364451282,0,0,0,0,0,0,0,0,0,0,0,0,0,0,0,0,0,48.5586967468262,0,0,0,21.2787630661674,41.5590991973877,9.58138880064321,0,0,0,14.902267174843,0,0,0,0,0,0,0,0,0,33.8716485500336,0,37.7336769104004,0,0,0,0,25.4052333831787,0,0,0,0,0,0,0,0,0,32.0767874717712,0,0,0,0,49.3996391296387,30.2757315583281,0,31.5644664764404,12.7504557450612,9.83368714650472,12.1179664300306,0,19.4247215134757
0,0,35.8308601379395,15.3589677810669,0,0,0,0,0,0,0,0,0,0,0,0,63.2014007568359,50.4427337646484,24.4416595826666,11.1827707290649,0,0,0,0,0,0,0,0,0,0,0,0,0,0,0,10.6591653540328,0,0,0,14.1530523525006,0,29.0934186130762,37.1422638893127,0,0,0,27.882190543485,38.6640481948853,37.6224822998047,29.9252688225279,0,0,0,0,0,0,51.6710032145182,24.6976850535075,41.9682426452637,0,0,0,7.44530392507855,0,0,0,0,0,0,0,0,0,26.8545553900979,47.2797794342041,0,0,0,0,16.3352944129047,56.9306500752767,13.3520833594458,49.0946655273438,17.9779704883695,0,13.9203183573904,31.4742870330811,0
17.7471191883087,0,17.8941819564156,39.3586837768555,13.0793428421021,0,0,0,82.318603515625,0,33.9133243560791,0,0,0,0,0,51.8313687198846,62.0199597222464,37.6353862743353,0,0,0,0,0,0,0,0,0,0,0,0,0,0,0,0,0,38.3379026685442,0,26.1303443908691,47.1071134047075,11.4166706199646,59.3850426509463,16.8529057934478,0,14.902267174843,27.882190543485,0,0,27.85895169865,65.1469802856445,24.5512439409892,0,0,0,13.2864377498627,0,22.8592894409276,52.7486941688939,0,0,0,0,52.5316090583801,12.7518233788568,0,0,0,0,0,0,0,0,63.7033357620239,26.6803798114552,0,0,0,0,75.8181788484815,21.0863804427118,0,31.6071788053297,29.6024034197544,51.554508972168,19.5469179947738,63.8709335327148,35.4486351013184
0,0,0,43.5785335334572,0,0,0,0,0,11.7815074920654,0,0,0,0,0,0,0,0,0,0,0,15.5858268737793,0,11.0772210756938,0,0,0,0,0,0,0,5.47230817711593,3.71378317898223,6.05758971604028,4.83367467574516,5.00174488644355,23.5118879000346,5.89427134691109,5.67797017488323,5.05598255743583,5.38863628904025,18.9239837939923,11.5492375196655,0,0,38.6640481948853,0,0,6.87955395199727,9.7272395320458,0,0,0,0,0,0,0,58.7951388888889,0,0,0,0,42.7656402587891,0,0,0,11.5949713885784,23.9952828089396,0,0,0,0,59.433967590332,0,5.38311769099116,4.65797804446703,6.12183370689551,4.48191707873205,7.46356290149936,5.2319743907368,8.66887524508048,8.38622360759311,5.90452512612902,0,10.7735144624124,0,0
5.53545818328857,0,35.2100009918213,33.7521932563003,0,0,0,0,8.4596518915753,0,0,0,0,0,0,0,0,0,30.9912594881925,0,34.4403228759766,0,5.26714693582975,0,3.85209026866489,0,0,0,0,0,0,12.9228540658951,4.21105082829793,13.1847376823425,5.68630528450012,13.4046929677327,12.6387418730069,12.6319437026978,6.1141930702883,0,7.14452414540039,35.2219060262044,11.1357096576875,0,0,37.6224822998047,27.85895169865,6.87955395199727,0,11.0771057810835,43.9008370505439,0,0,0,20.097728729248,0,34.3789887677378,48.8033855438232,19.3194856643677,0,3.83353632146662,0,35.568603515625,44.8622455596924,0,4.07497936139065,0,5.19444618225098,0,0,0,2.74076724052429,52.0730450948079,51.9307110126202,0,3.68020686762673,18.7467708587646,0,39.8022324698312,8.70829867937348,30.4970817565918,5.49499244341148,10.219327988699,0,9.28899783956765,42.0658836364746,46.8363761901855
0,4.41526830141947,0,31.1600169939331,0,0,0,0,0,0,0,0,0,0,0,0,0,0,42.6492427479137,0,0,7.01380958293266,0,3.70355482328506,0,0,0,0,0,0,0,11.7655624389648,0,3.38114368915558,0,12.0428161091275,15.766597867012,5.34187923418129,24.8888120651245,8.87030024638543,0,15.2652012217516,17.415607043675,0,0,29.9252688225279,65.1469802856445,9.7272395320458,11.0771057810835,0,0,0,0,0,0,6.97368049621582,0,32.3279883804775,0,3.31981414556503,0,2.74703764915466,35.2885409336464,0,8.05751012802124,0,3.7810549334945,0,3.81199459731579,0,3.15977710615034,0,48.6759550312291,0,15.8297996520996,0,0,0,20.1089230638371,0,4.42707863570133,0,21.0992865126914,38.0177520450793,15.3469586462185,35.0596250754136,0
11.9245491027832,0,8.50520773367448,0,4.1874420515917,0,3.63127091013152,0,0,0,0,0,0,0,0,0,0,0,49.2623691558838,0,5.1632717654109,0,0,0,0,0,0,0,0,0,0,0,0,0,0,0,30.7607354482015,0,0,80.4350051879883,38.1385779449905,0,35.9139082999456,0,0,0,24.5512439409892,0,43.9008370505439,0,0,0,2.74057507514954,0,57.9699249267578,0,12.1675747999997,69.945442199707,4.04106035103669,0,4.5429555952549,0,0,10.2326307535172,0,0,0,0,0,0,0,0,75.0190773010254,33.2702590942383,0,0,0,0,81.7929515838623,51.458699299739,0,64.1615772247314,8.62449742725917,0,24.4487570865245,0,31.2909307479858
0,0,0,4.24282808100443,0,3.30375622131012,0,0,0,0,0,0,0,0,0,2.96031856536865,0,0,0,0,0,0,0,0,0,0,0,0,0,0,0,0,0,0,0,0,0,0,0,0,0,0,0,0,0,0,0,0,0,0,0,0,0,0,0,0,0,3.80070638656616,0,4.26951904821146,0,3.70213477346632,0,0,0,0,0,0,0,0,0,0,0,0,0,0,0,0,0,0,0,0,3.79931488218187,0,3.32520468745913,0,0
0,0,0,0,2.74103975296021,0,3.4355812377118,0,0,0,3.75745922868902,0,0,0,0,0,0,0,0,0,0,0,0,0,0,0,0,0,0,0,0,0,0,0,0,0,0,0,0,0,0,0,0,0,0,0,0,0,0,0,2.74057507514954,0,0,0,0,0,5.6004141598572,0,0,0,0,0,0,3.25677907466888,0,0,0,0,0,0,0,0,0,0,0,0,0,0,0,0,0,0,0,0,0,0,0
0,0,0,0,0,3.37486582994461,0,3.30226542100762,0,0,0,3.38521084276218,0,3.1171482259577,0,0,0,0,0,0,0,0,0,0,0,0,0,0,0,0,0,0,0,0,0,0,0,0,0,0,0,0,0,0,0,0,0,0,0,0,0,0,0,0,0,0,0,5.56023264191683,0,4.11776450276375,0,0,0,0,0,0,0,0,0,0,0,0,0,0,0,0,0,0,0,0,0,0,3.96754103899002,0,0,0,0
5.43251350651617,0,4.48293066579242,0,0,0,0,0,4.61357882653358,0,0,0,0,0,3.96266889572144,0,0,0,0,0,0,0,0,0,4.89988068200774,0,4.01821231842041,0,0,0,0,0,0,0,0,0,0,0,6.30450196039109,0,30.7816295623779,0,29.5457768440247,0,0,0,13.2864377498627,0,20.097728729248,0,57.9699249267578,0,0,0,0,0,26.7786079553457,0,0,0,3.71087098121643,0,0,24.1442413330078,0,0,0,5.71382699537715,0,0,0,0,0,30.2727245754666,0,0,0,0,0,0,0,6.19245419678865,5.73708562765803,0,12.6055968284607,0,26.7756954193115
0,4.72919116743036,0,0,0,0,0,0,0,4.66900411018958,0,0,0,0,0,4.64592981338501,0,0,0,0,0,0,0,6.54456543149175,0,0,0,0,0,0,0,0,0,26.8892803192139,0,0,0,11.42852294501,0,0,0,0,0,0,0,0,0,0,0,6.97368049621582,0,0,0,0,0,0,0,0,0,0,0,4.30432522261947,0,0,0,0,7.43420859649118,0,0,0,0,0,0,0,0,0,29.2645314534505,0,0,0,10.1529279254204,0,6.32657666887556,0,7.84615884508405,0,0
22.4109077453613,0,22.1755677311166,58.3926887512207,26.4780232111613,0,7.53652620315552,0,0,0,4.89936617376618,0,3.66561723864356,0,0,0,55.2011220296224,77.2831064860026,48.4262206200326,0,8.47596808075905,0,0,0,0,0,0,0,4.21088552474976,0,7.32523893959382,0,0,0,0,0,28.9426092821009,0,6.40999785124087,59.6850388844808,36.6985902983567,81.6591720581055,18.2982474111778,0,33.8716485500336,51.6710032145182,22.8592894409276,0,34.3789887677378,0,12.1675747999997,0,5.6004141598572,0,26.7786079553457,0,0,77.1784324645996,5.86202703938186,0,5.46564695664815,0,60.7833957672119,13.1342125107032,0,0,0,0,0,0,0,3.36687334144817,76.7005233764648,4.82304916557032,0,0,0,0,82.8618672688802,31.7249593975442,0,25.4003478351392,26.6578907950432,55.3782520294189,14.9093214926439,0,16.1100738752456
0,0,67.7953948974609,22.1836219267412,0,0,0,5.44931508980545,0,0,0,6.36821385098927,0,3.05037410349786,0,0,69.5480537414551,0,22.9310170401514,0,0,0,0,0,0,0,0,0,0,0,0,0,0,0,0,31.6692629920112,0,7.40449388494197,0,36.992095690095,77.2361907958984,16.5064996241585,47.170343875885,15.990242767334,0,24.6976850535075,52.7486941688939,58.7951388888889,48.8033855438232,32.3279883804775,69.945442199707,3.80070638656616,0,5.56023264191683,0,0,77.1784324645996,0,0,4.63982736208162,0,0,5.22140637174729,69.2349624633789,0,0,0,0,0,0,3.70661305080761,0,5.40290793105878,0,0,0,0,0,43.4069048973822,91.9221776326497,4.97988302619369,0,33.4728394063508,24.0215301513672,14.45020360635,13.8340070732927,0
5.28654951207778,0,4.22685033934457,0,0,0,0,0,0,0,4.19872328992617,0,0,0,0,0,0,0,0,0,0,0,0,0,0,0,0,0,0,0,0,0,0,0,0,0,30.1451349258423,0,0,0,33.6207237243652,0,27.7483520018749,0,37.7336769104004,41.9682426452637,0,0,19.3194856643677,0,4.04106035103669,0,0,0,0,0,5.86202703938186,0,0,0,3.6868930574487,0,0,28.7619931697845,0,0,0,0,0,0,0,0,0,37.8438806533813,0,0,0,0,0,0,0,0,0,0,21.1878248144079,0,28.3756286303202
0,0,0,4.63911889811031,0,0,0,3.15450755755107,0,0,0,3.46899844737763,0,3.29834675691961,0,3.83245378473531,0,0,0,0,0,0,0,0,0,0,0,2.81361659367879,0,3.89505016803741,0,0,0,0,0,0,0,0,0,0,0,0,0,0,0,0,0,0,0,3.31981414556503,0,4.26951904821146,0,4.11776450276375,0,0,0,4.63982736208162,0,0,0,4.04722736477852,0,0,0,0,0,0,2.74664219220479,0,0,0,0,0,0,0,0,0,0,0,0,0,2.9664969218861,3.22140884190275,0,0,0
5.33462984221322,0,4.84596920013428,0,0,0,0,0,0,0,0,0,0,0,0,0,4.63415145874023,0,0,0,0,0,0,0,0,0,4.91327322446383,0,0,0,0,0,0,0,0,0,0,0,0,0,0,0,0,0,0,0,0,0,3.83353632146662,0,4.5429555952549,0,0,0,3.71087098121643,0,5.46564695664815,0,3.6868930574487,0,0,0,0,0,0,0,0,0,0,0,0,0,0,0,0,0,0,0,0,0,0,0,8.31625592708588,0,15.9066803455353,0,0
0,3.43772353172302,0,4.40987090080503,0,0,0,0,0,0,0,0,0,4.60160474694533,0,3.19511710604032,0,0,0,0,0,0,0,0,0,0,0,0,0,0,0,0,0,0,0,0,0,0,0,0,0,0,0,0,0,0,0,0,0,2.74703764915466,0,3.70213477346632,0,0,0,4.30432522261947,0,0,0,4.04722736477852,0,0,0,0,0,0,4.1682149694677,0,3.17310833930969,0,0,0,0,0,0,0,0,0,0,0,0,0,3.2046713564131,0,5.01923750186789,0,0
0,0,51.0705299377441,21.3613207075331,0,0,0,0,0,0,0,3.31321460550482,0,0,0,0,72.4702838897705,77.0535202026367,43.7624826460439,5.77069834490728,0,0,0,0,0,0,0,0,0,0,0,0,0,0,0,8.87776695920312,0,9.26940155730528,0,24.4633178927682,92.6037673950195,23.6767530311972,46.4480609893799,0,0,7.44530392507855,52.5316090583801,42.7656402587891,35.568603515625,35.2885409336464,0,0,0,0,0,0,60.7833957672119,5.22140637174729,0,0,0,0,0,0,0,0,0,0,0,0,0,0,15.455587717203,0,0,0,0,0,7.65758303544766,84.73987361363,5.94912468927988,85.4145526885986,28.6507417627629,46.8808937072754,12.3474376851532,30.2321657034067,0
20.6698455810547,0,0,55.5299949645996,11.0691730181376,0,0,0,0,0,15.1666720151901,0,0,0,0,0,58.8315202395121,72.8915557861328,47.1948528333441,0,7.10108465487738,0,0,0,0,0,0,0,0,0,0,0,0,0,0,0,13.7528968702887,0,11.1095333465359,74.5858908759223,7.16151722920995,58.313648223877,19.4965935279797,0,25.4052333831787,0,12.7518233788568,0,44.8622455596924,0,10.2326307535172,0,3.25677907466888,0,24.1442413330078,0,13.1342125107032,69.2349624633789,28.7619931697845,0,0,0,0,0,0,0,0,0,0,0,0,0,0,25.8493921994818,0,0,0,0,88.3720957438151,14.9359204204597,0,11.8944153490922,34.8525717841709,0,16.3779970561228,0,19.9598018206083
0,0,0,0,0,0,0,0,0,0,0,0,0,0,0,0,0,0,0,0,0,4.00650680881657,7.72474884986877,3.71147337267476,0,3.40653688029239,0,0,0,0,0,0,0,0,0,0,0,6.65557031496197,9.14576880137126,0,0,0,0,0,0,0,0,0,0,8.05751012802124,0,0,0,0,0,0,0,0,0,0,0,0,0,0,0,0,4.95393163915994,0,0,0,0,0,0,0,0,0,0,0,0,0,5.47307084910822,0,5.23940598735443,6.75861702543317,0,0,0
0,0,0,0,0,0,0,0,0,0,0,0,0,0,0,0,0,0,0,0,0,3.9279886371211,4.05513426886767,0,0,0,2.74861617883046,0,0,0,0,0,0,0,0,0,0,0,4.97766267399179,0,0,0,0,0,0,0,0,0,4.07497936139065,0,0,0,0,0,0,0,0,0,0,0,0,0,0,0,0,0,0,4.59176157260763,0,4.54264942237309,0,0,0,0,0,0,0,0,0,0,0,5.95371929740393,3.77718339756848,4.21783954218814,0,0,0
0,13.1141920089722,0,0,0,0,0,0,0,7.76475312207875,0,0,0,0,0,0,0,0,0,0,0,3.74476512466989,0,3.3960807908149,0,3.00521156191826,0,0,0,0,0,0,0,0,0,0,0,7.4800977696588,27.3799171447754,0,0,10.2882871627808,0,0,0,0,0,11.5949713885784,0,3.7810549334945,0,0,0,0,0,7.43420859649118,0,0,0,0,0,4.1682149694677,0,0,4.95393163915994,0,0,0,3.75606905786615,0,0,0,0,0,0,0,0,0,0,0,5.33821626395395,0,10.1015756456819,0,7.28406599918044,0,0
0,0,0,0,0,0,0,0,5.68784523202527,0,0,0,0,0,0,0,0,0,0,0,0,0,2.95922899246216,0,3.70089710093616,0,0,0,0,0,0,0,0,0,0,0,0,0,7.32579027608296,0,0,29.0010623931885,0,0,0,0,0,23.9952828089396,5.19444618225098,0,0,0,0,0,5.71382699537715,0,0,0,0,0,0,0,0,0,0,4.59176157260763,0,0,0,3.3778293132782,0,0,0,0,0,0,0,0,0,0,0,6.41275308201614,4.40937281391335,0,7.04110161777128,0,0
0,0,0,0,0,0,0,0,0,0,0,0,0,0,0,0,0,4.39739745634574,0,0,0,0,0,3.89500980575879,0,2.88748838684776,0,0,0,0,0,0,0,0,0,0,0,0,0,0,0,0,0,0,0,0,0,0,0,3.81199459731579,0,0,0,0,0,0,0,0,0,2.74664219220479,0,3.17310833930969,0,0,0,0,3.75606905786615,0,0,0,3.17116641998291,0,0,0,0,0,0,0,0,0,5.47509288787842,0,0,0,0,0,0
0,0,0,0,0,0,0,0,0,0,0,0,0,0,0,0,0,46.5968360900879,0,0,0,0,0,0,3.24245792276719,0,3.54313504695892,0,0,0,0,0,0,0,0,0,0,0,0,0,0,0,0,0,0,0,0,0,0,0,0,0,0,0,0,0,0,0,0,0,0,0,0,0,0,4.54264942237309,0,3.3778293132782,0,0,0,0,0,0,0,0,0,0,0,0,0,0,4.64040565490723,0,0,0,0
0,0,0,0,0,0,0,0,0,0,0,0,0,0,0,0,0,0,0,0,0,2.8534237742424,0,0,0,0,0,2.99091338529819,0,2.8515704870224,0,0,0,0,0,0,0,0,0,0,0,0,0,0,0,0,0,0,0,3.15977710615034,0,0,0,0,0,0,0,3.70661305080761,0,0,0,0,0,0,0,0,0,0,3.17116641998291,0,0,0,3.54187606611559,0,0,0,0,0,0,0,3.7834484577179,0,2.83193702697754,2.80781240463257,8.05560366312663,0,0
0,0,0,0,0,0,0,0,0,0,0,0,0,0,0,0,0,0,0,0,0,0,3.0786863054548,0,0,0,0,0,3.00711200350807,0,0,0,0,0,0,0,0,0,2.75387120246887,0,0,0,0,0,0,0,0,0,2.74076724052429,0,0,0,0,0,0,0,3.36687334144817,0,0,0,0,0,0,0,0,0,0,0,0,0,0,0,0,3.02424617184019,0,0,0,0,0,0,0,4.11821009562566,0,0,0,0,0
0,0,0,27.547769235528,0,0,0,0,0,0,0,14.7328230791454,0,0,0,0,0,0,23.7627961491964,0,0,0,0,0,0,0,0,4.46413369256942,0,4.80449206399544,0,0,0,0,0,36.8320426940918,0,0,0,41.4731316199669,0,18.9819656773872,44.4466743469238,18.9549258497895,0,26.8545553900979,63.7033357620239,59.433967590332,52.0730450948079,48.6759550312291,75.0190773010254,0,0,0,0,0,76.7005233764648,5.40290793105878,0,0,0,0,15.455587717203,0,0,0,0,0,0,0,3.54187606611559,0,0,0,0,0,0,0,48.0578427681556,84.8200607299805,6.60877609215085,0,37.5759017607745,0,19.5650043830104,16.8955737064625,0
24.2286015828451,0,25.6048460740309,61.6948776245117,34.5787353515625,0,0,0,30.0811176300049,0,6.22098851203918,0,0,0,0,0,54.8707486666166,65.2561181386312,46.2806030487918,0,11.6505364448793,0,0,0,0,0,0,0,0,0,5.47671378606773,0,0,0,0,0,37.79310131073,0,3.28184390068054,0,47.2721253712972,70.3654956817627,15.9551645851135,0,32.0767874717712,47.2797794342041,26.6803798114552,0,51.9307110126202,0,33.2702590942383,0,0,0,30.2727245754666,0,4.82304916557032,0,37.8438806533813,0,0,0,0,25.8493921994818,0,0,0,0,0,0,0,3.02424617184019,0,0,0,0,0,0,90.4732238769531,38.5598744873173,0,7.30192273673012,34.7062168059811,56.5042904445103,13.4026735439187,0,15.1364563098852
0,0,0,36.909912109375,0,0,0,0,0,0,0,0,0,0,0,0,0,0,0,0,0,0,0,0,0,0,0,0,0,0,0,4.97353156988257,5.96201022423975,6.40234129517167,9.95039653778076,4.07770506183753,0,0,0,0,13.6439037322998,0,0,0,0,0,0,5.38311769099116,0,15.8297996520996,0,0,0,0,0,0,0,0,0,0,0,0,0,0,0,0,0,0,0,0,0,0,0,0,0,8.28905338501858,4.57761845886707,8.17418607076009,3.95599788969213,0,0,0,6.20602409044902,0,42.360466003418,0,0
0,0,0,0,0,0,0,0,0,0,0,0,0,0,0,0,0,0,0,0,0,0,0,0,0,0,0,0,0,0,0,5.7660919677023,4.46886312180095,5.99653707231794,7.60293835726651,2.83029880523682,4.46158549965931,0,0,0,0,0,0,0,0,0,0,4.65797804446703,3.68020686762673,0,0,0,0,0,0,0,0,0,0,0,0,0,0,0,0,0,0,0,0,0,0,0,0,0,8.28905338501858,0,0,11.5183490858792,0,6.556636466289,0,0,3.2459921422212,0,0,0,0
0,0,0,0,0,0,0,0,0,0,0,0,0,0,0,0,0,0,0,0,0,0,0,18.2404756546021,0,0,0,0,0,0,0,3.80144095420837,0,3.82948638010426,4.64520882196094,3.13775491714478,0,10.0352387796534,0,0,0,0,0,0,0,0,0,6.12183370689551,18.7467708587646,0,0,0,0,0,0,29.2645314534505,0,0,0,0,0,0,0,0,0,0,0,0,0,0,0,0,0,0,4.57761845886707,0,0,9.11403540959434,4.98742396144544,0,9.96145118629583,0,4.4265528607827,9.28220057487488,0,0,0
0,0,0,0,0,0,0,0,0,0,0,0,0,0,0,0,0,0,0,0,0,0,0,0,0,0,0,0,0,0,0,9.25508429663522,6.8967562880781,6.66639109376016,3.97275075236244,0,5.46577005916172,0,4.4768093343991,0,0,0,0,0,0,0,0,4.48191707873205,0,0,0,0,0,0,0,0,0,0,0,0,0,0,0,0,0,0,0,0,0,0,0,0,0,0,8.17418607076009,11.5183490858792,9.11403540959434,0,0,6.75888580199709,0,4.7693070704883,5.82286732726627,0,0,0,0
0,0,0,38.5870638275146,0,0,0,0,0,0,0,4.41710694368221,0,0,0,0,74.5172939300537,75.9626405504015,41.3775432901008,6.30662859618934,0,0,0,0,0,0,0,0,0,0,0,5.63994506949154,0,3.92416502407619,0,7.24938239672377,3.23303516899667,6.12201016439969,0,28.4632047300726,81.156159140847,26.256656121585,67.2676552666558,29.2240218555226,49.3996391296387,16.3352944129047,75.8181788484815,7.46356290149936,39.8022324698312,20.1089230638371,81.7929515838623,0,0,0,0,0,82.8618672688802,43.4069048973822,0,0,0,0,7.65758303544766,88.3720957438151,0,0,0,0,0,0,0,0,48.0578427681556,90.4732238769531,3.95599788969213,0,4.98742396144544,0,0,91.3431482147752,5.74427666961657,101.235354423523,22.2246869553494,39.2625361312003,30.9500369055773,31.4249118531566,73.5524889628092
32.2240928649902,0,49.7981882095337,0,0,0,0,0,97.6851806640625,0,24.6893942728639,0,0,0,0,0,60.9124913896833,72.7301999315803,50.5643118833333,0,6.94555565372408,0,0,0,0,0,0,0,0,0,0,10.922327041626,5.60051853515701,0,5.17882081125952,2.99257424820301,6.56093979254712,0,10.3257260816625,77.8310970067978,9.73841646391912,66.3729344120732,22.490243754416,0,30.2757315583281,56.9306500752767,21.0863804427118,5.2319743907368,8.70829867937348,0,51.458699299739,0,0,0,0,0,31.7249593975442,91.9221776326497,0,0,0,0,84.73987361363,14.9359204204597,0,0,0,0,0,0,0,0,84.8200607299805,38.5598744873173,0,6.556636466289,0,6.75888580199709,91.3431482147752,0,74.9095611572266,10.3022848201404,23.1074821803361,14.8407059389612,20.3866029812926,0,22.7673642724247
0,0,0,0,0,0,0,0,0,8.68089951941715,0,4.35998425981244,0,0,0,0,0,0,0,7.93272624909878,0,4.39626397178287,0,5.24350458722994,0,0,0,0,0,3.36257213486565,0,0,0,6.53964231767432,0,8.01110152413423,0,6.09135234892081,2.94314606984456,23.9228601455688,0,22.9000186920166,0,20.4679756164551,0,13.3520833594458,0,8.66887524508048,30.4970817565918,4.42707863570133,0,0,0,0,0,10.1529279254204,0,4.97988302619369,0,0,0,0,5.94912468927988,0,5.47307084910822,0,5.33821626395395,0,5.47509288787842,0,3.7834484577179,0,6.60877609215085,0,0,0,9.96145118629583,0,5.74427666961657,74.9095611572266,0,0,4.6005335006603,3.67943116426468,6.90779886146386,0,0
27.4639324188232,0,0,61.6461086273193,0,0,0,0,7.43833424689922,0,7.67393256500363,0,0,0,0,0,57.0935491859366,68.1769145783924,45.4218494130604,0,8.36127299746951,4.86233234405518,4.79291109957247,0,5.4652516263904,0,0,0,0,0,2.92599268754323,0,0,0,3.93563272575738,0,6.39107558723474,5.15335451232062,5.08704361017472,71.8999087015788,45.731564314469,65.6454572677612,21.9911725691104,0,31.5644664764404,49.0946655273438,31.6071788053297,8.38622360759311,5.49499244341148,0,64.1615772247314,0,0,0,6.19245419678865,0,25.4003478351392,0,0,0,0,0,85.4145526885986,11.8944153490922,0,5.95371929740393,0,6.41275308201614,0,0,0,4.11821009562566,0,7.30192273673012,0,0,0,4.7693070704883,101.235354423523,10.3022848201404,0,0,18.9274649040893,13.6737462071811,16.5744168268169,0,16.5179085458009
4.67256471222522,7.05483562895592,9.15610233925315,14.1170027967227,4.12992174350298,3.3685521674312,3.1341613928477,3.2201429435185,6.01646607372833,5.09754531085491,4.73669626746538,3.7791529411578,0,3.5536234076594,4.44885202469364,3.40784478378296,11.8451625263759,10.2479433881578,14.3343119003787,9.24346320588013,11.4464896886777,5.04515789336082,4.13452115735492,6.65375085287197,3.92296846263404,6.14921934264047,6.26990473739355,3.39579613100399,3.54947366714478,2.99039633784975,3.10068225860596,2.95042695001114,3.07169836833153,4.53112311436863,3.9604213704934,4.65587279265565,5.89257325069003,4.46358854057506,5.87722452340131,38.013280218391,39.9187027774962,18.6327793642298,15.603267458408,17.2638425827026,12.7504557450612,17.9779704883695,29.6024034197544,5.90452512612902,10.219327988699,21.0992865126914,8.62449742725917,3.79931488218187,0,3.96754103899002,5.73708562765803,6.32657666887556,26.6578907950432,33.4728394063508,0,2.9664969218861,8.31625592708588,3.2046713564131,28.6507417627629,34.8525717841709,5.23940598735443,3.77718339756848,10.1015756456819,4.40937281391335,0,4.64040565490723,2.83193702697754,0,37.5759017607745,34.7062168059811,6.20602409044902,3.2459921422212,4.4265528607827,5.82286732726627,22.2246869553494,23.1074821803361,4.6005335006603,18.9274649040893,0,4.65185619599103,17.5261953831645,19.0036091647521,22.1429873944642
