0,0,5.02918879466854,0,0,0,0,0,4.704878132578,0,0,0,0,0,0,0,0,18.8660945892334,8.03991297483444,0,0,0,0,0,0,0,0,0,0,0,0,0,0,0,0,0,0,44.8315162658691,16.3704662322998,0,55.6672771453857,0,23.5181633752679,0,61.7356948852539,0,46.4837450547652,32.2033684022965,8.25365677159229,39.5067952473958,0,0,0,0,5.16628784418106,0,0,0,0,0,8.29339090983073,0,0,24.0165449778239,0,0,0,0,0,0,0,0,0,17.6269423166911,0,0,0,0,0,31.6799149793737,43.7090711593628,0,11.9994256725589,0,9.21332301253383,0,4.40838718414307
0,0,0,4.52925943506175,0,0,0,0,0,4.93539877933546,0,0,0,0,0,6.02990692853928,0,0,5.40057547887166,0,0,0,0,0,0,0,0,0,0,0,0,0,0,0,0,0,0,0,0,46.2606163024902,0,20.3305154226366,0,0,0,13.3557894229889,0,30.8663635253906,0,7.13047320725973,0,0,0,0,0,4.72670994080422,0,11.9390977859497,0,8.12159161018246,0,6.12098489168475,0,0,0,0,4.7150194644928,0,18.1518154144287,0,0,0,24.9999046325684,0,0,0,0,0,45.7597529093424,0,0,0,6.29326386295701,0,8.91901195464443,11.7690099080404,0
5.02918879466854,0,0,0,8.61105298995972,0,0,0,7.59422525866278,0,0,0,0,0,0,0,84.7106170654297,0,49.693749109904,0,0,0,0,0,0,0,0,0,0,0,0,0,0,0,0,0,0,0,0,0,40.3803049723307,0,38.3993522099086,0,0,0,23.0508533716202,0,7.30335396117851,0,10.6122264862061,0,0,0,9.48772359196144,0,12.19096382459,0,8.08281784057617,0,8.22922771041458,0,0,32.3770754887507,0,0,0,0,0,0,0,0,0,32.3657112121582,0,0,0,0,0,35.5903855744783,0,36.0376054491316,5.9483689250946,0,8.80874833156323,0,0
0,4.52925943506175,0,0,0,5.18051510521128,0,0,0,4.50026343093402,0,0,0,0,0,0,54.878231048584,0,47.8793506622314,8.54543852806091,0,0,0,0,0,0,0,0,0,0,0,0,0,0,0,8.15764078617096,0,0,0,29.1509390477534,0,32.196856397571,34.903373003006,31.0450817108154,0,9.81875038813212,37.8690567016602,0,0,8.31590108523615,0,0,0,0,0,5.73043892558477,0,25.6905427660261,0,3.87409536043803,0,0,11.114492327912,0,0,0,0,0,0,0,0,0,30.530064868927,0,0,0,0,0,27.4889305728977,0,33.5257057863123,0,7.85206158115314,10.2011111577352,8.10681955652172,34.6359715461731,0
0,0,8.61105298995972,0,0,0,4.21512557842113,0,0,0,5.38995612723918,0,0,0,0,0,0,0,0,0,6.0018586382574,0,0,0,0,0,0,0,0,0,0,0,0,0,0,0,7.24091132481893,0,0,37.6519737243652,31.4742450714111,0,44.9108951275165,0,0,0,22.0681581497192,0,24.2985121409098,0,0,0,0,0,4.19331284364065,0,6.03942705603207,0,0,0,0,0,0,8.84809875488281,0,0,0,0,0,0,0,0,0,0,0,0,0,0,0,12.9829919338226,0,57.2686958312988,6.29769446849823,0,7.74473065679724,0,0
0,0,0,5.18051510521128,0,0,0,0,0,0,0,0,0,0,0,0,0,0,0,0,0,0,0,0,0,0,0,0,0,0,0,0,0,0,0,0,0,0,0,32.9797210693359,0,0,0,0,0,10.6631863117218,0,0,0,0,0,0,0,0,0,0,0,0,0,0,0,0,6.28987188339233,0,0,0,0,0,0,0,0,0,0,0,0,0,0,0,41.6594886779785,0,0,0,4.18232408798102,2.94967675209045,8.50608199218224,0,0
0,0,0,0,4.21512557842113,0,0,0,0,0,3.94967184066772,0,0,0,0,0,0,0,0,0,7.93167458640205,0,0,0,0,0,0,0,0,0,0,0,0,0,0,0,16.8684940338135,0,0,0,0,0,0,0,0,0,0,0,0,0,0,0,0,0,0,0,3.8247064005944,0,0,0,0,0,0,0,0,0,0,0,0,0,0,0,0,0,0,0,0,0,0,0,0,0,13.0783739089966,0,7.26054859161377,0,0
0,0,0,0,0,0,0,0,0,0,0,0,0,0,0,0,0,0,0,0,0,0,0,0,0,0,0,0,0,0,0,0,0,0,0,0,0,0,0,0,0,0,0,0,0,0,0,0,0,0,0,0,0,3.32021398322527,0,0,0,2.91756910085678,0,0,0,0,0,0,0,0,0,0,0,0,0,0,0,0,0,0,0,0,0,0,0,0,3.08249218974795,0,0,0,0
4.704878132578,0,7.59422525866278,0,0,0,0,0,0,0,0,0,6.7462215423584,0,4.30675424520786,0,6.01251137621017,26.7220153808594,0,0,0,0,17.0535583496094,0,10.9359681407611,0,0,0,0,0,0,0,0,0,0,0,0,0,5.83738761252545,0,0,0,4.51511414136205,0,0,0,0,0,8.75535868273841,0,0,0,0,0,5.59595053448248,0,0,0,0,0,4.50687866712871,0,0,0,0,0,0,6.2801824045963,0,0,0,0,0,0,0,0,0,0,0,0,0,11.964324256352,4.59771126923544,0,8.21379671990871,0,4.20902571894906
0,4.93539877933546,0,4.50026343093402,0,0,0,0,0,0,0,0,0,0,0,3.14883024351937,0,2.7401237487793,0,0,0,0,0,3.76724792971756,0,0,0,0,0,0,0,0,0,0,0,0,0,4.37380740517064,0,35.0514793395996,0,41.4377670288086,0,0,0,14.3424508571625,0,0,0,4.07331750703895,0,0,0,0,0,5.30257682312918,0,0,0,0,0,2.96396121896546,33.3148803710938,0,0,0,7.64422459113292,0,2.95982122421265,0,0,0,0,0,0,0,0,0,50.9263229370117,0,8.95081048307166,0,4.88317571513439,3.61486968398094,6.62583401623894,9.04818725585938,0
0,0,0,0,5.38995612723918,0,3.94967184066772,0,0,0,0,0,3.83028729647806,0,0,0,0,0,0,0,6.43801040004091,0,0,0,0,0,0,0,4.57631019502878,0,5.294126477572,0,0,0,0,0,5.00892991240662,0,5.06721101800259,0,0,0,0,0,0,0,0,0,0,0,0,0,0,0,0,0,4.38612079117324,0,4.46703590588136,0,0,0,0,13.9986625043608,0,0,0,0,0,0,0,0,0,4.5332821904248,0,0,0,0,0,12.8565120577812,0,6.92386026546098,4.53190680519145,3.35206950950623,8.16443257331848,0,0
0,0,0,0,0,0,0,0,0,0,0,0,0,3.52845379461845,0,0,0,0,0,5.24658634254524,0,0,0,0,0,0,0,4.23373584945997,0,4.10151886940002,0,0,0,0,0,4.56300829627976,0,3.66540005996501,0,0,0,0,0,0,0,0,0,0,0,0,0,0,0,2.92384212357657,0,0,0,4.92274866789155,0,4.84751099001977,0,0,6.0065914739774,0,0,0,0,0,0,0,3.71482606728872,0,5.68452899932861,0,0,0,0,0,5.95905058200543,0,4.34829643249512,0,3.79883735574734,3.91388821601868,7.5681586265564,0,0
0,0,0,0,0,0,0,0,6.7462215423584,0,3.83028729647806,0,0,0,4.07266024343982,0,0,0,0,0,0,0,0,0,0,0,0,0,3.05810987949371,0,3.01890313625336,0,0,0,0,0,0,0,0,0,0,0,0,0,0,0,0,0,0,0,0,0,0,0,0,0,3.57952420413494,0,4.09981670230627,0,4.98105696656487,0,0,0,0,0,0,0,0,0,0,5.41253576278686,0,4.68021845817566,0,0,0,0,0,0,0,0,4.27110838890076,2.81496306260427,0,0,0
0,0,0,0,0,0,0,0,0,0,0,3.52845379461845,0,0,0,4.04266252809641,0,0,0,0,0,0,0,0,0,6.42331619011728,0,3.48437058298211,0,3.67830373019707,0,0,0,0,0,0,0,0,0,0,0,0,0,0,0,0,0,0,0,0,0,0,0,0,0,0,0,4.0287617773091,0,3.88918297650905,0,5.37755975356469,0,0,0,0,0,0,2.74477481842041,0,4.54385471343994,0,0,0,0,0,0,0,0,0,0,0,3.6290526077542,3.08643114075679,0,0,0
0,0,0,0,0,0,0,0,4.30675424520786,0,0,0,4.07266024343982,0,0,0,3.78963971138,0,0,0,0,0,0,0,2.88803255558014,0,0,0,0,0,0,0,0,0,0,0,0,0,0,0,0,0,0,0,0,0,0,0,0,0,0,0,0,0,5.83786449693654,0,0,0,3.63917656553807,0,3.5964089763903,0,0,0,0,0,0,7.4911584854126,0,2.9634226522138,0,3.09600941340129,0,0,0,0,0,0,0,0,0,0,3.00657641887665,0,0,0,0
0,6.02990692853928,0,0,0,0,0,0,0,3.14883024351937,0,0,0,4.04266252809641,0,0,0,4.49446125213916,0,0,0,0,0,0,0,4.99506575614214,0,0,0,0,0,0,0,0,0,0,0,0,0,0,0,0,0,0,0,0,0,0,0,3.20597913530138,0,0,0,0,0,7.2630786337751,0,0,0,3.91761544102528,0,4.54140579419316,0,0,0,0,0,0,5.46911387973362,0,0,0,0,0,0,0,0,0,0,0,0,0,3.21785505228145,3.25243448019028,0,0,0
0,0,84.7106170654297,54.878231048584,0,0,0,0,6.01251137621017,0,0,0,0,0,3.78963971138,0,0,12.0737066579546,16.2589269652542,0,0,9.46781539916992,6.35997578883058,0,8.00496629451183,0,2.74367467562358,0,0,0,0,0,0,0,0,0,0,0,0,61.5587710934085,49.5720511091516,52.4470227737001,38.6561749083097,42.890768289566,39.0106557788271,59.387903213501,48.9980026721954,0,67.2317810058594,78.2158088684082,0,0,0,0,0,0,49.3989391326904,0,0,0,2.9020915389061,0,0,54.7106400715936,0,0,0,0,0,3.09186124801636,0,0,76.3514175415039,48.1878752708435,0,0,0,0,63.5234420917652,53.6878941270554,65.6664140489366,51.1673166953911,9.18175329572411,8.49738478742201,44.7437552391728,55.0025453567505,33.193413734436
18.8660945892334,0,0,0,0,0,0,0,26.7220153808594,2.7401237487793,0,0,0,0,0,4.49446125213916,12.0737066579546,0,14.844445931064,0,0,3.98318281308026,0,4.12915522296254,17.9602296352386,3.86405150501096,0,0,0,0,0,0,0,0,0,0,0,0,0,58.0537400174497,66.1878061294556,47.7941506932993,54.1487516638351,33.9955831050873,44.2189287705855,61.4231452941895,63.3862140796803,0,0,62.4159107208252,0,0,0,0,0,0,0,0,0,0,0,4.57472666104635,0,71.6776237487793,0,0,3.05139541625977,0,3.99111779530843,0,0,0,54.1575135125054,74.8970031738281,0,0,0,0,58.1044666947195,64.0864799022675,56.6971894370185,68.8602738380432,11.0109529459432,8.46172648210801,49.9475971891169,45.5084093093872,40.9812240600586
8.03991297483444,5.40057547887166,49.693749109904,47.8793506622314,0,0,0,0,0,0,0,0,0,0,0,0,16.2589269652542,14.844445931064,0,0,33.7416534423828,0,15.7764616012573,0,0,0,0,0,0,0,0,0,0,0,0,28.209566116333,0,0,0,39.6567876003188,40.8125568252426,38.7054593709626,31.7573499830782,18.8132197865124,26.6674429728435,27.144014214858,29.5166826880948,73.7934494018555,51.6222114562988,56.9927382035689,0,0,0,0,0,115.795280456543,36.2637969970703,0,22.9517803192139,0,0,0,54.5359344482422,34.15554677053,0,0,0,0,0,0,0,0,44.0270420572032,42.2482323873611,0,0,0,0,41.5426957706278,40.8337267706327,46.2772119684917,43.8904719892538,14.1538400897251,0,26.8095860785626,37.4087463725697,28.4882767465379
0,0,0,8.54543852806091,0,0,0,0,0,0,0,5.24658634254524,0,0,0,0,0,0,0,0,0,0,0,0,0,0,0,0,0,0,0,0,0,0,0,5.43888886158283,0,6.48557951699005,0,0,0,0,0,0,0,13.2077704668045,0,0,0,0,0,0,0,0,0,0,0,0,0,0,0,0,4.83914756896508,0,0,0,0,0,0,0,0,0,5.88536548614502,0,0,0,0,0,5.23780374622664,0,10.5430258982109,0,5.34627987137923,0,6.17400915175676,0,0
0,0,0,0,6.0018586382574,0,7.93167458640205,0,0,0,6.43801040004091,0,0,0,0,0,0,0,33.7416534423828,0,0,0,0,0,0,0,0,0,0,0,19.9946439266205,0,0,0,0,0,4.23725530897924,0,5.29822155258359,0,36.5001500447591,0,43.1559093475342,0,0,0,26.3874317804972,0,0,0,0,0,0,0,0,0,6.3877310837133,0,0,0,0,0,0,4.20960641217244,0,0,0,0,0,0,0,0,0,7.87981458504995,0,0,0,0,0,5.81680493181154,0,6.97364550271397,5.74570464223533,7.5803759098053,6.04056269511614,0,0
0,0,0,0,0,0,0,0,0,0,0,0,0,0,0,0,9.46781539916992,3.98318281308026,0,0,0,0,3.54898548834395,7.10035921536483,0,3.15194679631127,0,3.11362942782315,0,0,0,0,0,0,0,0,0,6.31666912025351,2.95047998428345,0,0,0,0,0,0,0,0,0,0,11.7742467841485,0,0,0,0,0,0,0,0,0,0,0,0,0,0,4.14987067269486,2.9549343585968,7.39037985358406,0,3.16355186945772,0,6.68423942257376,0,0,0,0,0,0,0,0,0,7.84123496445383,0,4.14935175842709,5.39008414745331,0,0,0
0,0,0,0,0,0,0,0,17.0535583496094,0,0,0,0,0,0,0,6.35997578883058,0,15.7764616012573,0,0,3.54898548834395,0,0,6.01953041489749,0,4.57860454209417,0,4.49589025205182,0,0,0,0,0,0,0,0,0,6.10537711994068,0,0,0,0,0,0,0,0,0,13.4040723925959,0,0,0,0,0,0,0,0,0,0,0,0,0,0,0,3.5887241512537,5.43084594671017,0,10.0349297568342,0,8.35869626674604,0,8.43944738525636,0,0,0,0,0,0,0,0,0,7.66960624540646,4.35387403979524,2.98805561731028,0,0,0
0,0,0,0,0,0,0,0,0,3.76724792971756,0,0,0,0,0,0,0,4.12915522296254,0,0,0,7.10035921536483,0,0,0,3.3166647240267,0,0,0,0,0,0,0,0,0,0,0,5.30836550072357,0,0,0,0,0,0,0,0,0,0,0,6.27216033140818,0,0,0,0,0,5.97932433128357,0,0,0,0,0,0,0,0,8.42771222561966,0,3.97644338846207,0,3.03239293511097,0,0,0,0,0,0,0,0,0,0,0,4.87276071867919,0,5.47730379955024,0,4.21108555793762,0,0
0,0,0,0,0,0,0,0,10.9359681407611,0,0,0,0,0,2.88803255558014,0,8.00496629451183,17.9602296352386,0,0,0,0,6.01953041489749,0,0,0,5.70837160722533,0,0,0,0,0,0,0,0,0,0,0,6.43319163347779,0,0,0,0,0,0,0,0,0,9.70031543806487,0,0,0,0,0,10.6856972660337,0,0,0,0,0,10.4615297317505,0,0,0,0,5.0969508507035,0,3.61908403089491,0,4.41864850542961,0,0,0,0,0,0,0,0,0,0,0,8.11331554220743,5.94386372590428,0,6.64120440483093,0,0
0,0,0,0,0,0,0,0,0,0,0,0,0,6.42331619011728,0,4.99506575614214,0,3.86405150501096,0,0,0,3.15194679631127,0,3.3166647240267,0,0,0,0,0,0,0,0,0,0,0,0,0,0,0,0,0,0,0,0,0,0,0,0,0,0,0,0,0,0,0,0,0,0,0,3.89572948217392,0,6.56491640635899,0,0,3.25038301944733,0,2.95664215087891,0,3.082609134061,0,0,0,0,0,0,0,0,0,0,0,0,0,2.94873354493118,0,0,0,0
0,0,0,0,0,0,0,0,0,0,0,0,0,0,0,0,2.74367467562358,0,0,0,0,0,4.57860454209417,0,5.70837160722533,0,0,0,3.3208284782151,0,0,0,0,0,0,0,0,0,0,0,0,0,0,0,0,0,0,0,0,0,0,0,0,0,0,0,0,0,0,0,3.1698100566864,0,0,0,0,6.53770455908268,0,5.49780486999674,0,4.51034048199654,0,3.27083423137665,0,0,0,0,0,0,0,0,0,0,3.40218408703804,0,0,0,0
0,0,0,0,0,0,0,0,0,0,0,4.23373584945997,0,3.48437058298211,0,0,0,0,0,0,0,3.11362942782315,0,0,0,0,0,0,0,3.25300063320391,0,0,0,0,0,0,0,3.64422867638724,0,0,0,0,0,0,0,0,0,0,0,0,0,0,0,0,0,0,0,0,0,4.67516656488294,0,0,0,0,2.95460283756256,0,0,0,0,0,3.87905189700679,0,3.90789055522484,0,0,0,0,0,0,0,3.42205933520668,0,3.81712773868016,5.82847762107849,0,0,0
0,0,0,0,0,0,0,0,0,0,4.57631019502878,0,3.05810987949371,0,0,0,0,0,0,0,0,0,4.49589025205182,0,0,0,3.3208284782151,0,0,0,3.3402328619393,0,0,0,0,0,0,0,4.18428813867402,0,0,0,0,0,0,0,0,0,0,0,0,0,0,0,0,0,3.1635057926178,0,0,0,0,0,0,0,0,4.4247135720621,0,0,0,3.66009472232116,0,5.18193320830663,0,4.66418427805747,0,0,0,0,0,0,0,4.55639617029064,3.22896380722523,2.9559463262558,0,0,0
0,0,0,0,0,0,0,0,0,0,0,4.10151886940002,0,3.67830373019707,0,0,0,0,0,0,0,0,0,0,0,0,0,3.25300063320391,0,0,0,0,0,0,0,0,0,3.22356679785851,0,0,0,0,0,0,0,0,0,0,0,0,0,0,0,0,0,0,0,3.84957890709241,0,4.89512337171114,0,0,0,0,0,0,0,0,0,0,3.54161549001725,0,3.23927564091153,0,0,0,0,0,0,0,3.45075860182444,0,3.12116468274916,6.53983581066132,0,0,0
0,0,0,0,0,0,0,0,0,0,5.294126477572,0,3.01890313625336,0,0,0,0,0,0,0,19.9946439266205,0,0,0,0,0,0,0,3.3402328619393,0,0,0,0,0,0,0,0,0,4.41200516680454,0,0,0,0,0,0,0,0,0,0,0,0,0,0,0,0,0,11.6541532278061,0,0,0,0,0,0,0,0,0,0,0,0,0,0,0,0,3.72147830658489,0,0,0,0,0,0,0,7.15154037177563,4.93180138903453,3.32549396130891,0,0,0
0,0,0,0,0,0,0,0,0,0,0,0,0,0,0,0,0,0,0,0,0,0,0,0,0,0,0,0,0,0,0,0,4.15134156782796,17.0768595758428,14.3666267991066,4.49044145318799,3.28659348576157,0,0,0,0,0,0,0,0,0,0,3.61999087707669,0,6.74378538131714,0,0,0,0,0,0,0,0,0,0,0,0,0,0,0,0,0,0,0,0,0,0,0,0,4.84741873919144,4.8397332314522,27.1631831924121,12.7043800354004,4.3564054719333,3.06047832134158,0,0,5.19190882215437,0,0,0,0
0,0,0,0,0,0,0,0,0,0,0,0,0,0,0,0,0,0,0,0,0,0,0,0,0,0,0,0,0,0,0,4.15134156782796,0,8.22533568806118,12.6681898662022,0,3.40372259616852,0,0,0,0,0,0,0,0,0,0,6.29107762957519,0,0,0,0,0,0,0,0,0,0,0,0,0,0,0,0,0,0,0,0,0,0,0,0,0,0,2.89952073778425,6.22339062390874,22.8278468075921,11.2073664631452,0,5.38061479772454,0,13.6216011047363,3.17696012769427,0,0,0,0
0,0,0,0,0,0,0,0,0,0,0,0,0,0,0,0,0,0,0,0,0,0,0,0,0,0,0,0,0,0,0,17.0768595758428,8.22533568806118,0,5.11032443480956,6.49801874271659,0,3.40994759413142,11.9096076060986,0,0,0,0,0,0,0,0,5.91066929513612,22.0847410202026,19.1148519515991,0,0,0,0,0,0,0,0,0,0,0,0,0,0,0,0,0,0,0,0,0,0,0,0,21.5065091604122,14.9246291518211,8.22001331515566,6.09625533032169,3.21632093474978,0,3.31862091552163,15.0183471406548,5.80687249450619,3.25342363551043,10.5050659179688,0,0
0,0,0,0,0,0,0,0,0,0,0,0,0,0,0,0,0,0,0,0,0,0,0,0,0,0,0,0,0,0,0,14.3666267991066,12.6681898662022,5.11032443480956,0,0,5.01202772074732,14.9419588361468,4.32744506618777,0,0,0,0,0,0,0,0,12.3232919244455,0,0,0,0,0,0,0,0,0,0,0,0,0,0,0,0,0,0,0,0,0,0,0,0,0,0,28.4620088430551,33.1545750253862,4.67234153013963,6.96906142903585,0,7.41694421226648,14.8660141097175,6.14479831376733,4.29003316711735,4.42037398474557,0,0,0
0,0,0,8.15764078617096,0,0,0,0,0,0,0,4.56300829627976,0,0,0,0,0,0,28.209566116333,5.43888886158283,0,0,0,0,0,0,0,0,0,0,0,4.49044145318799,0,6.49801874271659,0,0,3.68514681308069,3.98605872906488,0,21.8460285186768,13.8928279876709,26.610850534941,43.114803314209,0,0,11.1112977663676,0,12.3968648669086,9.6693304890678,11.8576061638856,0,0,0,0,0,0,0,0,0,0,0,0,5.29170568802018,0,0,0,0,0,0,0,0,0,48.4727745056152,0,3.83969956636429,0,3.67797123156321,0,4.56541160788097,3.81593329805723,5.7988743341194,0,5.04022520230223,7.35377979278564,8.72695912160748,0,0
0,0,0,0,7.24091132481893,0,16.8684940338135,0,0,0,5.00892991240662,0,0,0,0,0,0,0,0,0,4.23725530897924,0,0,0,0,0,0,0,0,0,0,3.28659348576157,3.40372259616852,0,5.01202772074732,3.68514681308069,0,0,4.38459248759935,18.548957824707,9.36854485405816,36.7992305755615,26.7092039925712,0,0,14.0110298792521,3.32263255119324,13.6845692185795,10.0975599098206,11.4057513589728,0,0,0,0,0,0,9.64407556397574,0,0,0,0,0,0,9.82812406122684,0,0,0,0,0,0,0,0,0,0,0,3.32724823348824,0,5.18188284887394,0,4.62984590257185,0,5.09318304782969,4.02403984802117,4.79911863485122,8.98402610851398,0,0
44.8315162658691,0,0,0,0,0,0,0,0,4.37380740517064,0,3.66540005996501,0,0,0,0,0,0,0,6.48557951699005,0,6.31666912025351,0,5.30836550072357,0,0,0,3.64422867638724,0,3.22356679785851,0,0,0,3.40994759413142,14.9419588361468,3.98605872906488,0,0,12.2240549186517,0,0,0,0,0,0,21.0795774459839,0,6.9688491897951,23.8957495159573,5.47066375370189,0,0,0,0,0,5.6002006483078,0,3.62784312082374,0,0,0,0,6.40136303768291,0,6.70055088479901,0,6.97085203894202,0,0,0,4.05916540044973,0,3.43540265051167,0,0,0,3.74425372588668,9.21740950478448,5.11906569574866,0,4.51329890765814,22.8958074892168,4.96756281808841,3.11818160919043,7.72570198889973,0,0
16.3704662322998,0,0,0,0,0,0,0,5.83738761252545,0,5.06721101800259,0,0,0,0,0,0,0,0,0,5.29822155258359,2.95047998428345,6.10537711994068,0,6.43319163347779,0,0,0,4.18428813867402,0,4.41200516680454,0,0,11.9096076060986,4.32744506618777,0,4.38459248759935,12.2240549186517,0,0,0,0,3.66218699514866,0,0,0,0,9.91679285972195,6.18023404116353,22.0025859319863,0,0,0,0,6.24083486868411,0,6.55943658386452,0,0,0,0,0,0,5.91908911381184,4.39847812056541,5.65369287588711,33.6627235412598,6.85695516229352,0,0,0,3.99883222579956,0,4.14191888550581,0,0,18.9516569564217,5.00716386285422,0,3.94534805538209,14.1041378598213,5.18398960398853,4.73661975618521,4.1796162979461,6.70234654383226,0,0
0,46.2606163024902,0,29.1509390477534,37.6519737243652,32.9797210693359,0,0,0,35.0514793395996,0,0,0,0,0,0,61.5587710934085,58.0537400174497,39.6567876003188,0,0,0,0,0,0,0,0,0,0,0,0,0,0,0,0,21.8460285186768,18.548957824707,0,0,0,55.5876808166504,26.1392228532939,34.2225258193747,27.0701319772578,38.7927809019346,12.8168997760009,52.689613251459,18.981083276424,18.0580944061279,21.3809518103517,0,0,0,0,0,32.8260294596354,0,41.0953346252441,0,0,0,0,3.22809268940579,64.217137336731,0,0,0,0,0,0,0,0,30.0658980931077,124.418281555176,0,0,0,0,37.7265422666718,72.1312658309937,32.7516164083396,78.8246421813965,35.1804019368544,0,19.8069486446766,32.8927981728002,44.8666648864746
55.6672771453857,0,40.3803049723307,0,31.4742450714111,0,0,0,0,0,0,0,0,0,0,0,49.5720511091516,66.1878061294556,40.8125568252426,0,36.5001500447591,0,0,0,0,0,0,0,0,0,0,0,0,0,0,13.8928279876709,9.36854485405816,0,0,55.5876808166504,0,53.5466371016069,20.3714739804532,31.3295021057129,29.4869386672974,0,13.9285526616649,16.257342338562,12.0089338582064,26.8560934066772,0,0,0,0,0,0,39.946844736735,0,0,0,0,0,127.973960876465,11.7207359247941,0,0,0,0,0,0,0,0,70.5103988647461,29.7463719579909,0,0,0,0,78.51975440979,11.4494183779869,65.6495361328125,15.8674442741825,28.9533590190815,0,12.8455883382595,43.944995880127,29.9551227092743
0,20.3305154226366,0,32.196856397571,0,0,0,0,0,41.4377670288086,0,0,0,0,0,0,52.4470227737001,47.7941506932993,38.7054593709626,0,0,0,0,0,0,0,0,0,0,0,0,0,0,0,0,26.610850534941,36.7992305755615,0,0,26.1392228532939,53.5466371016069,0,20.8375114141016,24.1260728507206,30.797464594245,30.2532088797317,57.7521092224121,11.5836856659548,18.8449476957321,19.3736489446325,0,0,0,0,0,41.7595481872559,0,13.8298788457303,0,0,0,0,25.6197532926287,62.8592681884766,0,0,0,0,0,0,0,0,15.4955180031298,0,0,0,0,0,31.0407375844769,61.857732096026,25.7658739739254,57.4302657277961,19.336976810791,16.7475644991948,17.5736559149237,9.29559095776652,31.1575393676758
23.5181633752679,0,38.3993522099086,34.903373003006,44.9108951275165,0,0,0,4.51511414136205,0,0,0,0,0,0,0,38.6561749083097,54.1487516638351,31.7573499830782,0,43.1559093475342,0,0,0,0,0,0,0,0,0,0,0,0,0,0,43.114803314209,26.7092039925712,0,3.66218699514866,34.2225258193747,20.3714739804532,20.8375114141016,0,29.5222354818273,24.4929587450079,31.1963600490404,19.9408886245415,13.9282145500183,10.1593180974109,32.3972569041782,0,0,0,0,5.36943309009075,0,18.4767776467583,0,44.597380065918,0,34.7782402038574,0,0,29.9848860102399,0,0,0,5.91698503494263,0,0,0,0,49.7582855224609,16.7676654320946,0,0,0,0,53.982220097592,28.1206358553922,41.3172770908901,31.7179854131378,19.6951895693325,15.8083399772644,18.20913125969,28.2957570002629,12.5851400570913
0,0,0,31.0450817108154,0,0,0,0,0,0,0,0,0,0,0,0,42.890768289566,33.9955831050873,18.8132197865124,0,0,0,0,0,0,0,0,0,0,0,0,0,0,0,0,0,0,0,0,27.0701319772578,31.3295021057129,24.1260728507206,29.5222354818273,0,0,14.468147277832,0,52.7650413513184,0,32.1703531477186,0,0,0,0,0,0,0,15.8325967788696,0,0,0,0,0,78.9845371246338,0,0,0,0,0,0,0,0,19.8306199271103,0,0,0,0,0,25.4401966299581,58.1301136016846,24.5988095177545,53.6446952819824,30.1081561834916,0,13.3222826352119,16.417013168335,0
61.7356948852539,0,0,0,0,0,0,0,0,0,0,0,0,0,0,0,39.0106557788271,44.2189287705855,26.6674429728435,0,0,0,0,0,0,0,0,0,0,0,0,0,0,0,0,0,0,0,0,38.7927809019346,29.4869386672974,30.797464594245,24.4929587450079,0,0,0,23.359667568876,0,0,0,0,0,0,0,0,0,0,0,0,0,0,0,0,30.9500617980957,0,0,0,0,0,0,0,0,0,37.6986503601074,0,0,0,0,45.2554803328081,33.9005753679096,40.7422180175781,35.1515432993571,32.6614312444414,25.5297718048096,21.1034765805838,0,40.734438419342
0,13.3557894229889,0,9.81875038813212,0,10.6631863117218,0,0,0,14.3424508571625,0,0,0,0,0,0,59.387903213501,61.4231452941895,27.144014214858,13.2077704668045,0,0,0,0,0,0,0,0,0,0,0,0,0,0,0,11.1112977663676,14.0110298792521,21.0795774459839,0,12.8168997760009,0,30.2532088797317,31.1963600490404,14.468147277832,0,0,40.8739185333252,33.2232544972346,19.3420906066895,30.44906089924,0,0,0,0,0,14.4203133583069,0,17.301068768985,0,0,0,0,5.37589037082617,0,0,0,0,0,0,0,0,0,21.0580308258796,0,0,0,0,0,13.0349170765308,52.9611682891846,22.9786426495439,0,28.9708177975246,0,9.28012826634685,21.7309103012085,0
46.4837450547652,0,23.0508533716202,37.8690567016602,22.0681581497192,0,0,0,0,0,0,0,0,0,0,0,48.9980026721954,63.3862140796803,29.5166826880948,0,26.3874317804972,0,0,0,0,0,0,0,0,0,0,0,0,0,0,0,3.32263255119324,0,0,52.689613251459,13.9285526616649,57.7521092224121,19.9408886245415,0,23.359667568876,40.8739185333252,0,0,26.9506067276001,19.4977760314941,0,0,0,0,32.6823415756226,0,24.2956019181472,0,24.1673370361328,0,21.0491218566895,0,0,8.9643787889715,0,0,0,0,0,0,0,0,0,38.5200251065768,0,0,0,0,47.625913699468,19.2716527537555,127.444747924805,28.4721441691922,31.8880379250175,0,18.2176484996286,41.6907196044922,42.6140810251236
32.2033684022965,30.8663635253906,0,0,0,0,0,0,0,0,0,0,0,0,0,0,0,0,73.7934494018555,0,0,0,0,0,0,0,0,0,0,0,0,3.61999087707669,6.29107762957519,5.91066929513612,12.3232919244455,12.3968648669086,13.6845692185795,6.9688491897951,9.91679285972195,18.981083276424,16.257342338562,11.5836856659548,13.9282145500183,52.7650413513184,0,33.2232544972346,0,0,8.91532342890326,13.6167252309544,0,0,0,0,0,0,0,0,0,0,0,0,0,0,0,0,14.2799339294434,0,0,0,0,0,41.0777626037598,0,5.15571717036039,13.7294936861987,9.25362120734321,12.2464107532393,7.17998752636569,5.31354482103308,8.54523207528251,10.0537163484424,7.46445920662909,5.14143365722592,14.092590839696,14.9557154973348,0
8.25365677159229,0,7.30335396117851,0,24.2985121409098,0,0,0,8.75535868273841,0,0,0,0,0,0,0,67.2317810058594,0,51.6222114562988,0,0,0,13.4040723925959,0,9.70031543806487,0,0,0,0,0,0,0,0,22.0847410202026,0,9.6693304890678,10.0975599098206,23.8957495159573,6.18023404116353,18.0580944061279,12.0089338582064,18.8449476957321,10.1593180974109,0,0,19.3420906066895,26.9506067276001,8.91532342890326,0,11.3058894327346,0,0,0,0,11.459326647222,0,19.9034712791443,0,35.785758972168,0,6.10904550552368,0,0,33.8954313066271,0,11.4708100804743,32.0067558288574,7.47673266962034,0,0,0,6.06447601318359,0,11.633793843257,11.8082914352417,10.1314845085144,21.5147363026937,3.41828747799522,12.9395434061686,12.1425168633461,25.2332884305483,4.88789906195544,11.4359176073106,0,11.135180672359,0,20.3480663299561
39.5067952473958,7.13047320725973,0,8.31590108523615,0,0,0,0,0,4.07331750703895,0,0,0,0,0,3.20597913530138,78.2158088684082,62.4159107208252,56.9927382035689,0,0,11.7742467841485,0,6.27216033140818,0,0,0,0,0,0,0,6.74378538131714,0,19.1148519515991,0,11.8576061638856,11.4057513589728,5.47066375370189,22.0025859319863,21.3809518103517,26.8560934066772,19.3736489446325,32.3972569041782,32.1703531477186,0,30.44906089924,19.4977760314941,13.6167252309544,11.3058894327346,0,0,0,0,0,0,5.9036888662974,0,4.82504028887362,0,3.67521370824324,0,7.10808957234407,34.5407867431641,92.8795013427734,11.451246465,0,6.0841931098462,0,5.59325179457664,0,4.57565225180933,0,19.3508858340127,0,6.662270093205,0,8.05756652355194,21.0077838897705,14.5526889195045,31.0390099949307,5.97082394637041,23.0327521655024,15.4559710929101,0,14.6335957511357,21.3467120771055,0
0,0,10.6122264862061,0,0,0,0,0,0,0,0,0,0,0,0,0,0,0,0,0,0,0,0,0,0,0,0,0,0,0,0,0,0,0,0,0,0,0,0,0,0,0,0,0,0,0,0,0,0,0,0,0,0,0,0,0,0,0,0,0,0,0,0,0,0,0,0,0,0,0,0,0,0,0,0,0,0,0,0,0,0,0,0,0,8.43580532073975,0,0
0,0,0,0,0,0,0,0,0,0,0,0,0,0,0,0,0,0,0,0,0,0,0,0,0,0,0,0,0,0,0,0,0,0,0,0,0,0,0,0,0,0,0,0,0,0,0,0,0,0,0,0,0,0,0,0,0,0,0,0,0,0,0,0,0,0,0,0,0,0,0,0,0,0,0,0,0,0,0,0,0,0,0,0,0,0,0
0,0,0,0,0,0,0,0,0,0,0,0,0,0,0,0,0,0,0,0,0,0,0,0,0,0,0,0,0,0,0,0,0,0,0,0,0,0,0,0,0,0,0,0,0,0,0,0,0,0,0,0,0,0,0,0,0,0,0,0,0,0,0,0,0,0,0,0,0,0,0,0,0,0,0,0,0,0,0,0,0,0,0,0,0,0,0
0,0,0,0,0,0,0,3.32021398322527,0,0,0,2.92384212357657,0,0,0,0,0,0,0,0,0,0,0,0,0,0,0,0,0,0,0,0,0,0,0,0,0,0,0,0,0,0,0,0,0,0,0,0,0,0,0,0,0,0,0,0,0,2.99074006080627,0,0,0,0,0,0,0,0,0,0,0,0,0,0,0,0,0,0,0,0,0,0,0,0,3.09960173898273,0,0,0,0
5.16628784418106,0,9.48772359196144,0,4.19331284364065,0,0,0,5.59595053448248,0,0,0,0,0,5.83786449693654,0,0,0,0,0,0,0,0,0,10.6856972660337,0,0,0,0,0,0,0,0,0,0,0,0,0,6.24083486868411,0,0,0,5.36943309009075,0,0,0,32.6823415756226,0,11.459326647222,0,0,0,0,0,0,0,0,0,0,0,5.04971616016015,0,0,33.4408416748047,0,0,0,7.26056661117008,0,6.12331407685434,0,0,0,37.3835411071777,0,0,0,0,0,35.9891520908901,0,10.6127711738028,6.21281202204593,0,11.9301110644673,0,0
0,4.72670994080422,0,5.73043892558477,0,0,0,0,0,5.30257682312918,0,0,0,0,0,7.2630786337751,0,0,115.795280456543,0,0,0,0,5.97932433128357,0,0,0,0,0,0,0,0,0,0,0,0,0,5.6002006483078,0,32.8260294596354,0,41.7595481872559,0,0,0,14.4203133583069,0,0,0,5.9036888662974,0,0,0,0,0,0,0,0,0,0,0,5.0697645752929,0,0,0,0,7.61651216971438,0,0,0,0,0,35.2433997562953,0,0,0,0,0,36.5668296813965,0,7.47770267148172,0,5.03327086032965,0,9.82573109243828,0,0
0,0,12.19096382459,0,6.03942705603207,0,3.8247064005944,0,0,0,4.38612079117324,0,3.57952420413494,0,0,0,49.3989391326904,0,36.2637969970703,0,6.3877310837133,0,0,0,0,0,0,0,3.1635057926178,0,11.6541532278061,0,0,0,0,0,9.64407556397574,0,6.55943658386452,0,39.946844736735,0,18.4767776467583,0,0,0,24.2956019181472,0,19.9034712791443,0,0,0,0,0,0,0,0,0,5.90745544433594,0,0,0,0,7.06090653460959,0,0,0,0,0,0,0,0,0,5.10164657215565,0,0,0,0,0,29.7789484555604,0,9.83870897772386,5.05303029024376,0,7.06846665276059,0,13.6176207860311
0,11.9390977859497,0,25.6905427660261,0,0,0,2.91756910085678,0,0,0,4.92274866789155,0,4.0287617773091,0,0,0,0,0,0,0,0,0,0,0,0,0,0,0,3.84957890709241,0,0,0,0,0,0,0,3.62784312082374,0,41.0953346252441,0,13.8298788457303,0,15.8325967788696,0,17.301068768985,0,0,0,4.82504028887362,0,0,0,2.99074006080627,0,0,0,0,0,3.49009830011448,0,8.96059386245906,6.28174515996878,0,0,0,0,0,20.4973373413086,0,0,0,4.93892413257982,0,0,0,0,0,35.9093883514404,0,5.49504881245749,0,4.62007695188125,0,9.96113907990866,10.2842774391174,0
0,0,8.08281784057617,0,0,0,0,0,0,0,4.46703590588136,0,4.09981670230627,0,3.63917656553807,0,0,0,22.9517803192139,0,0,0,0,0,0,0,0,0,0,0,0,0,0,0,0,0,0,0,0,0,0,0,44.597380065918,0,0,0,24.1673370361328,0,35.785758972168,0,0,0,0,0,0,0,5.90745544433594,0,0,0,4.48494363472432,0,0,33.4517984390259,0,0,0,0,0,0,0,0,0,0,0,0,0,0,0,35.9184943305122,0,35.8234512329102,3.70228086199079,0,9.04473194209012,0,0
0,8.12159161018246,0,3.87409536043803,0,0,0,0,0,0,0,4.84751099001977,0,3.88918297650905,0,3.91761544102528,0,0,0,0,0,0,0,0,0,3.89572948217392,0,4.67516656488294,0,4.89512337171114,0,0,0,0,0,0,0,0,0,0,0,0,0,0,0,0,0,0,0,3.67521370824324,0,0,0,0,0,0,0,3.49009830011448,0,0,0,6.45091141441948,0,0,0,0,0,0,5.08293598841528,0,4.06525449376357,0,0,0,0,0,0,0,0,0,0,0,5.29502915800288,3.47325432559718,0,0,0
8.29339090983073,0,8.22922771041458,0,0,0,0,0,4.50687866712871,0,0,0,4.98105696656487,0,3.5964089763903,0,2.9020915389061,0,0,0,0,0,0,0,10.4615297317505,0,3.1698100566864,0,0,0,0,0,0,0,0,0,0,0,0,0,0,0,34.7782402038574,0,0,0,21.0491218566895,0,6.10904550552368,0,0,0,0,0,5.04971616016015,0,0,0,4.48494363472432,0,0,0,0,33.9199708302816,0,0,0,6.98991313567297,0,2.88687284787496,0,0,0,0,0,0,0,0,0,36.8007488250732,0,37.3044509887695,3.14735049009323,0,8.90830853084723,0,0
0,6.12098489168475,0,0,0,0,0,0,0,2.96396121896546,0,0,0,5.37755975356469,0,4.54140579419316,0,4.57472666104635,0,0,0,0,0,0,0,6.56491640635899,0,0,0,0,0,0,0,0,0,0,0,0,0,0,0,0,0,0,0,0,0,0,0,7.10808957234407,0,0,0,0,0,5.0697645752929,0,8.96059386245906,0,6.45091141441948,0,0,0,0,0,0,0,0,6.01273432610527,0,4.41833066940308,0,0,0,0,0,0,0,0,0,0,0,3.07438565790653,3.36536884307861,0,0,0
0,0,0,11.114492327912,0,6.28987188339233,0,0,0,33.3148803710938,0,6.0065914739774,0,0,0,0,0,0,54.5359344482422,4.83914756896508,0,0,0,0,0,0,0,0,0,0,0,0,0,0,0,5.29170568802018,0,6.40136303768291,0,3.22809268940579,127.973960876465,25.6197532926287,0,0,0,5.37589037082617,0,0,0,34.5407867431641,0,0,0,0,0,0,0,6.28174515996878,0,0,0,0,0,0,0,0,0,0,0,0,0,0,9.3063024278495,0,0,0,0,0,5.21857018312629,0,8.74624463870298,0,4.80778311153628,0,6.59458956078635,0,0
24.0165449778239,0,32.3770754887507,0,8.84809875488281,0,0,0,0,0,13.9986625043608,0,0,0,0,0,54.7106400715936,71.6776237487793,34.15554677053,0,4.20960641217244,0,0,0,0,0,0,0,0,0,0,0,0,0,0,0,9.82812406122684,0,5.91908911381184,64.217137336731,11.7207359247941,62.8592681884766,29.9848860102399,78.9845371246338,30.9500617980957,0,8.9643787889715,0,33.8954313066271,92.8795013427734,0,0,0,0,33.4408416748047,0,7.06090653460959,0,33.4517984390259,0,33.9199708302816,0,0,0,0,0,0,0,0,0,0,0,0,10.2089271369701,0,0,0,0,73.0670369466146,15.010862375425,0,12.4615428524786,24.9733113558566,0,14.1186640590584,0,18.883974313736
0,0,0,0,0,0,0,0,0,0,0,0,0,0,0,0,0,0,0,0,0,4.14987067269486,3.5887241512537,8.42771222561966,0,3.25038301944733,0,2.95460283756256,0,0,0,0,0,0,0,0,0,6.70055088479901,4.39847812056541,0,0,0,0,0,0,0,0,0,0,11.451246465,0,0,0,0,0,0,0,0,0,0,0,0,0,0,0,0,7.33774822210999,0,0,0,7.98364392846032,0,0,0,0,0,0,0,0,0,8.53628658438269,0,3.86285348573522,0,0,0,0
0,0,0,0,0,0,0,0,0,0,0,0,0,0,0,0,0,0,0,0,0,2.9549343585968,5.43084594671017,0,5.0969508507035,0,6.53770455908268,0,4.4247135720621,0,0,0,0,0,0,0,0,0,5.65369287588711,0,0,0,0,0,0,0,0,0,11.4708100804743,0,0,0,0,0,0,0,0,0,0,0,0,0,0,0,0,0,0,7.03807086547216,0,7.7320982770222,0,6.52224169285044,0,0,0,0,0,0,0,0,0,7.75621705115596,3.65219014900941,0,0,0,0
0,4.7150194644928,0,0,0,0,0,0,0,7.64422459113292,0,0,0,0,0,0,0,3.05139541625977,0,0,0,7.39037985358406,0,3.97644338846207,0,2.95664215087891,0,0,0,0,0,0,0,0,0,0,0,6.97085203894202,33.6627235412598,0,0,0,0,0,0,0,0,14.2799339294434,32.0067558288574,6.0841931098462,0,0,0,0,0,7.61651216971438,0,0,0,0,0,0,0,0,7.33774822210999,0,0,0,3.47307622432709,0,0,0,0,0,0,0,0,0,0,0,7.38050430333319,0,4.51241281445466,0,3.71341159343719,0,0
0,0,0,0,0,0,0,0,6.2801824045963,0,0,0,0,0,7.4911584854126,0,0,0,0,0,0,0,10.0349297568342,0,3.61908403089491,0,5.49780486999674,0,0,0,0,0,0,0,0,0,0,0,6.85695516229352,0,0,0,5.91698503494263,0,0,0,0,0,7.47673266962034,0,0,0,0,0,7.26056661117008,0,0,0,0,0,6.98991313567297,0,0,0,0,7.03807086547216,0,0,0,3.96428808670933,0,0,0,0,0,0,0,0,0,0,0,8.99070150405169,3.23808643966913,0,3.96628278964983,0,0
0,18.1518154144287,0,0,0,0,0,0,0,2.95982122421265,0,0,0,2.74477481842041,0,5.46911387973362,0,3.99111779530843,0,0,0,3.16355186945772,0,3.03239293511097,0,3.082609134061,0,0,0,0,0,0,0,0,0,0,0,0,0,0,0,0,0,0,0,0,0,0,0,5.59325179457664,0,0,0,0,0,0,0,20.4973373413086,0,5.08293598841528,0,6.01273432610527,0,0,0,0,3.47307622432709,0,0,0,3.05389925847829,0,0,0,0,0,0,0,0,0,0,0,3.39207214313549,0,3.69935246308645,0,0
0,0,0,0,0,0,0,0,0,0,0,0,0,0,2.9634226522138,0,3.09186124801636,0,0,0,0,0,8.35869626674604,0,4.41864850542961,0,4.51034048199654,0,3.66009472232116,0,0,0,0,0,0,0,0,0,0,0,0,0,0,0,0,0,0,0,0,0,0,0,0,0,6.12331407685434,0,0,0,0,0,2.88687284787496,0,0,0,0,7.7320982770222,0,3.96428808670933,0,0,0,3.03605869517607,0,0,0,0,0,0,0,0,0,0,3.25480355734521,0,0,0,0
0,0,0,0,0,0,0,0,0,0,0,3.71482606728872,0,4.54385471343994,0,0,0,0,0,0,0,6.68423942257376,0,0,0,0,0,3.87905189700679,0,3.54161549001725,0,0,0,0,0,0,0,4.05916540044973,0,0,0,0,0,0,0,0,0,0,0,4.57565225180933,0,0,0,0,0,0,0,0,0,4.06525449376357,0,4.41833066940308,0,0,7.98364392846032,0,0,0,3.05389925847829,0,0,0,5.25422109643074,0,0,0,0,0,0,0,4.61566074429271,0,3.60051421697627,0,0,0,0
0,0,0,0,0,0,0,0,0,0,0,0,5.41253576278686,0,3.09600941340129,0,0,0,0,0,0,0,8.43944738525636,0,0,0,3.27083423137665,0,5.18193320830663,0,0,0,0,0,0,0,0,0,3.99883222579956,0,0,0,0,0,0,0,0,0,6.06447601318359,0,0,0,0,0,0,0,0,0,0,0,0,0,0,0,0,6.52224169285044,0,0,0,3.03605869517607,0,0,0,0,0,0,0,0,0,0,0,4.21302515767478,14.7484064102173,0,0,0,0
0,24.9999046325684,0,30.530064868927,0,0,0,0,0,0,0,5.68452899932861,0,0,0,0,76.3514175415039,54.1575135125054,44.0270420572032,5.88536548614502,0,0,0,0,0,0,0,3.90789055522484,0,3.23927564091153,0,0,0,0,0,48.4727745056152,0,3.43540265051167,0,30.0658980931077,70.5103988647461,15.4955180031298,49.7582855224609,19.8306199271103,0,21.0580308258796,0,41.0777626037598,0,19.3508858340127,0,0,0,0,0,35.2433997562953,0,4.93892413257982,0,0,0,0,9.3063024278495,0,0,0,0,0,0,0,5.25422109643074,0,0,0,0,0,0,0,46.4089832850865,0,5.4398275023415,0,37.7072513286884,6.13622045516968,11.1769785440964,15.7669126109073,0
17.6269423166911,0,32.3657112121582,0,0,0,0,0,0,0,4.5332821904248,0,4.68021845817566,0,0,0,48.1878752708435,74.8970031738281,42.2482323873611,0,7.87981458504995,0,0,0,0,0,0,0,4.66418427805747,0,3.72147830658489,0,0,0,0,0,0,0,4.14191888550581,124.418281555176,29.7463719579909,0,16.7676654320946,0,37.6986503601074,0,38.5200251065768,0,11.633793843257,0,0,0,0,0,37.3835411071777,0,5.10164657215565,0,0,0,0,0,0,10.2089271369701,0,0,0,0,0,0,0,0,0,0,0,0,0,0,0,49.5325229432848,0,4.7120598732157,43.7429849624634,2.89710402488708,11.1874319461993,0,16.3653760933014
0,0,0,0,0,0,0,0,0,0,0,0,0,0,0,0,0,0,0,0,0,0,0,0,0,0,0,0,0,0,0,4.84741873919144,2.89952073778425,21.5065091604122,28.4620088430551,3.83969956636429,0,0,0,0,0,0,0,0,0,0,0,5.15571717036039,11.8082914352417,6.662270093205,0,0,0,0,0,0,0,0,0,0,0,0,0,0,0,0,0,0,0,0,0,0,0,0,0,5.13504870732625,21.6407739033977,22.145486831665,3.16549745202065,0,0,37.0699501037598,12.1080722361803,0,0,0,0
0,0,0,0,0,0,0,0,0,0,0,0,0,0,0,0,0,0,0,0,0,0,0,0,0,0,0,0,0,0,0,4.8397332314522,6.22339062390874,14.9246291518211,33.1545750253862,0,3.32724823348824,0,0,0,0,0,0,0,0,0,0,13.7294936861987,10.1314845085144,0,0,0,0,0,0,0,0,0,0,0,0,0,0,0,0,0,0,0,0,0,0,0,0,0,5.13504870732625,0,27.8672946929932,23.9235306760255,0,7.46722325476089,0,22.9591958671808,4.09418270475577,0,0,0,0
0,0,0,0,0,0,0,0,0,0,0,0,0,0,0,0,0,0,0,0,0,0,0,0,0,0,0,0,0,0,0,27.1631831924121,22.8278468075921,8.22001331515566,4.67234153013963,3.67797123156321,0,3.74425372588668,18.9516569564217,0,0,0,0,0,0,0,0,9.25362120734321,21.5147363026937,8.05756652355194,0,0,0,0,0,0,0,0,0,0,0,0,0,0,0,0,0,0,0,0,0,0,0,0,21.6407739033977,27.8672946929932,0,9.59144760197044,0,0,5.16785323042702,18.4061551382174,5.56772875785828,2.86027409008571,24.333459854126,0,0
0,0,0,0,0,0,0,0,0,0,0,0,0,0,0,0,0,0,0,0,0,0,0,0,0,0,0,0,0,0,0,12.7043800354004,11.2073664631452,6.09625533032169,6.96906142903585,0,5.18188284887394,9.21740950478448,5.00716386285422,0,0,0,0,0,0,0,0,12.2464107532393,3.41828747799522,21.0077838897705,0,0,0,0,0,0,0,0,0,0,0,0,0,0,0,0,0,0,0,0,0,0,0,0,22.145486831665,23.9235306760255,9.59144760197044,0,0,7.74077811411449,18.1744588851929,4.95166657784252,4.92092645058603,5.90345907211304,0,0,0
0,45.7597529093424,0,27.4889305728977,0,41.6594886779785,0,0,0,50.9263229370117,0,5.95905058200543,0,0,0,0,63.5234420917652,58.1044666947195,41.5426957706278,5.23780374622664,0,0,0,0,0,0,0,0,0,0,0,4.3564054719333,0,3.21632093474978,0,4.56541160788097,0,5.11906569574866,0,37.7265422666718,78.51975440979,31.0407375844769,53.982220097592,25.4401966299581,45.2554803328081,13.0349170765308,47.625913699468,7.17998752636569,12.9395434061686,14.5526889195045,0,0,0,0,0,36.5668296813965,0,35.9093883514404,0,0,0,0,5.21857018312629,73.0670369466146,0,0,0,0,0,0,0,0,46.4089832850865,0,3.16549745202065,0,0,0,0,76.6703493754069,7.17172680416107,83.3877687454224,18.1312876506824,0,25.423864931627,29.9831041436446,50.5388050079346
31.6799149793737,0,35.5903855744783,0,12.9829919338226,0,0,0,0,0,12.8565120577812,0,0,0,0,0,53.6878941270554,64.0864799022675,40.8337267706327,0,5.81680493181154,0,0,0,0,0,0,0,0,0,0,3.06047832134158,5.38061479772454,0,7.41694421226648,3.81593329805723,4.62984590257185,0,3.94534805538209,72.1312658309937,11.4494183779869,61.857732096026,28.1206358553922,58.1301136016846,33.9005753679096,52.9611682891846,19.2716527537555,5.31354482103308,12.1425168633461,31.0390099949307,0,0,0,0,35.9891520908901,0,29.7789484555604,0,35.9184943305122,0,36.8007488250732,0,0,15.010862375425,0,0,0,0,0,0,0,0,0,49.5325229432848,0,7.46722325476089,0,7.74077811411449,76.6703493754069,0,115.732105255127,7.24614477149469,8.23235484732522,5.84522784233093,24.6994191806367,58.1574821472168,28.0219882383185
43.7090711593628,0,0,33.5257057863123,0,0,0,0,0,8.95081048307166,0,4.34829643249512,0,0,0,0,65.6664140489366,56.6971894370185,46.2772119684917,10.5430258982109,0,7.84123496445383,0,4.87276071867919,0,0,0,3.42205933520668,0,3.45075860182444,0,0,0,3.31862091552163,14.8660141097175,5.7988743341194,0,4.51329890765814,14.1041378598213,32.7516164083396,65.6495361328125,25.7658739739254,41.3172770908901,24.5988095177545,40.7422180175781,22.9786426495439,127.444747924805,8.54523207528251,25.2332884305483,5.97082394637041,0,0,0,0,0,7.47770267148172,0,5.49504881245749,0,0,0,0,8.74624463870298,0,8.53628658438269,0,7.38050430333319,0,0,0,4.61566074429271,0,5.4398275023415,0,0,0,5.16785323042702,18.1744588851929,7.17172680416107,115.732105255127,0,23.2505444551864,6.87328813588216,2.9987990122575,9.38310122007408,19.3457470008795,0
0,0,36.0376054491316,0,57.2686958312988,0,0,0,11.964324256352,0,6.92386026546098,0,0,0,0,0,51.1673166953911,68.8602738380432,43.8904719892538,0,6.97364550271397,0,7.66960624540646,0,8.11331554220743,0,0,0,4.55639617029064,0,7.15154037177563,0,13.6216011047363,15.0183471406548,6.14479831376733,0,5.09318304782969,22.8958074892168,5.18398960398853,78.8246421813965,15.8674442741825,57.4302657277961,31.7179854131378,53.6446952819824,35.1515432993571,0,28.4721441691922,10.0537163484424,4.88789906195544,23.0327521655024,0,0,0,0,10.6127711738028,0,9.83870897772386,0,35.8234512329102,0,37.3044509887695,0,0,12.4615428524786,0,7.75621705115596,0,8.99070150405169,0,0,0,4.21302515767478,0,4.7120598732157,37.0699501037598,22.9591958671808,18.4061551382174,4.95166657784252,83.3877687454224,7.24614477149469,23.2505444551864,0,8.71554681054552,3.25438900427385,13.0286562621392,54.4248695373535,24.2248043344041
