0,0,0.022131186508196,0,0.000224124249247153,0,0,0,0.0356729068103579,0,0,0,0,0,0,0,3.74612227446603e-06,1.4066176837064e-05,0.000112351629697561,0,0,0,0,0,0,0,0,0,0,0,0,0,0,0,0,0,0,0,0,0,0.00296190932439534,0,0.00029027365432437,0,0,0,0.000171059504990231,0,0.0641991087752885,0,0,0,0,0,0.0463000883759388,0,0,0,0.00101141223774568,0,0.0109650586359964,0,0,0,0,0,0,0.000768619111747715,0,0.000418111235466705,0,0,0,0,0,0,0,0,1.68075765469999e-06,0.000778407240889075,0,0,0.00115840069567205,0,0.00427818537097579,0,0
0,0,0,0.0148473968370813,0,0,0,0,0,0.0471968892618628,0,0,0,0,0,0.000166200160262883,2.38360240555121e-05,0.00025357530044593,0.000242122165933117,0,0,0,0,0,0,0,0,0,0,0,0,0,0,0,0,0,0,0,0,0,0,0.0016321127982965,0,0,0,0,0,0,0,0.0225739610957291,0,0,0,0,0,0.0457075568961872,0,0.000165846031266821,0,0.000172194147301201,0,0.00301753104706811,1.33750090089732e-05,0,0,0,0,0,0,0,0,0,0,0,0,0,0,0,1.60187847982243e-05,0,0,0,0.00121158487772931,1.0070808285649e-06,0.00573988668298215,0,0
0.022131186508196,0,0,0.00104382127834965,0.0353439761668553,7.41330094491325e-05,0,0,0.0661385207692587,0,2.47119966606041e-05,0,0,0,0,0,9.27685416360623e-06,8.39158751828699e-06,5.59520795107751e-05,0,0.000305752904069757,0,0,0,0,0,0,0,0,0,0,0,0,0,0,0,0,0,0,1.85386245120702e-05,0.00273593375274705,0,0.00698280539508046,0,0,0,0.00086368048095505,0,0.0413439058573326,1.19325619272188e-05,0.0108503684254638,0,0,0,0.0473437750621852,0,0.000549185210893962,0,7.52279228849969e-05,0,0.0180886755017367,0,0,0.00317258393372129,0,0,0,0,0,0,0,0,0,0.000137714480419273,0,0,0,0,3.3504606963868e-05,0.000549137495662209,0,0,0.00111522704861541,2.33282166371878e-05,0.00842075790145582,0,0.00195674227556316
0,0.0148473968370813,0.00104382127834965,0,0,0.0374904312536537,0,0,0,0.00931378692973989,0,0,0,0,0,0,3.42053003659341e-06,1.05398171178087e-05,0.000296064734918186,0,0,0,0,0,0,0,0,0,0,0,0,0,0,0,0,7.72220206400304e-05,0,0,0,0.00624033197444088,0.000111758642921514,0.00316342652914002,4.89534064888819e-05,0,0,0.00505451918729267,3.01850351972742e-05,0.000431218449181634,0.000197659588432354,0.0168019011983034,0,0.0144971115597127,0,0,0,0.0823541103188265,0,0.000902185671128106,0,5.18715626503033e-05,0,0.0172799233888154,0.00143350618869912,6.7055658885486e-05,0,0,0,0,0,0,0,0,0.000468964533256158,0,0,0,0,0,0.0007219364769985,4.65134711502068e-05,0.000172433595891819,0,0.00266077315880879,2.06677465998051e-06,0.0253723319384078,0.000521073356407453,0
0.000224124249247153,0,0.0353439761668553,0,0,0,0.00310334753233387,0,0.0251768698101555,0,0,0,0,0,0,0,0,0,0,0,0.00886240061531838,0,0,0,0,0,0,0,0,0,0,0,0,0,0,0,9.89117794619572e-06,0,0,3.59640438630398e-05,0.000660799058053934,0,0.000617818783435787,0,0,0,1.87334854057095e-05,0,0.00114168481914264,0,0.0695390554048122,0,0.00100226806776194,0,0.0182680873427496,0,3.85493038349829e-05,0,0,0,0.00091443811220815,0,0,0.00202924256628176,0,0,0,0,0,0,0,0,0,0,0,0,0,0,2.30993879280575e-05,5.37786150130843e-05,0,0,0.00236543114231233,0,0.00203008849812402,0,0
0,0,7.41330094491325e-05,0.0374904312536537,0,0,0,0,0,0.0124606661025021,0,0,0,0,0,0.0121865780890471,0,0,0,0.0255322530052518,0.000123720211393334,0,0,0,0,0,0,0,0,0,0,0,0,0,0,0.00178145621324166,0,0,0,0.00199198478997356,0,0.00141711290735862,0,0,0,0.00118264451150387,2.75934467471928e-05,5.48395648165504e-05,7.41595820501313e-05,0.00200368948207746,0,0.140297684119092,0,0.000151584055856802,0,0.000398232763861179,0,0.000194407136265953,0,0.000102611289011354,0,0.011997908486733,0.00400401418165962,0,0,0,0,0,0,0,0,0,0.000184425990444997,0,0,0,0,0,0.000538446388179382,0,3.36011390794646e-05,0,0.00535081990330476,0.00457344620211998,0.0136502352775052,0,0
0,0,0,0,0.00310334753233387,0,0,0,0,0,0,0,0,0,0,0,0,0,0,0,0.00135858118872343,0,0,0,0,0,0,0,0,0,0,0,0,0,0,0,0,0,0,0,0,0,0,0,0,0,0,0,0,0,0.00879114758780128,0,0.030318284631009,0,0,0,0,0,0.00010423140926831,0,0,0,0,0.000774741873181354,0,0,0,0,0,0,0,0,0,0,0,0,0,0,0,0,0,0,0.000837140174744932,0,0,0,0
0,0,0,0,0,0,0,0,0,0,0,0,0,6.9108066357175e-05,0,0,0,0,0,0,0,0,0,0,0,0,0,0,0,0,0,0,0,0,0,0,0,0,0,0,0,0,0,0,0,0,0,0,0,0,0,0.00199810566059315,0,0.0214728413235291,0,0,0,7.4690964538604e-05,0,0.00313484002820344,0,0,0,0,0,0,0,0,0,0,0,0,0,0,0,0,0,0,0,0,0,0,8.31903560463804e-05,0.000281799991130296,0,0,0
0.0356729068103579,0,0.0661385207692587,0,0.0251768698101555,0,0,0,0,0.000247734092663264,0,0,0,0,0.0536645546106361,0,0.0283653432338297,0.00462552314116608,0.00427042027749966,0,0,0,3.01182033039143e-05,0.00153661140665054,0.0180223913782678,0,0.00188521231168103,0,0,0,0,0,0,0,0,0,0,0,0.00434936610251138,0,0,0,0.00103209219409355,0,0,0,2.95293108734122e-05,0,0.00936362253969623,0,0.000332836191678003,0,0,0,0.156913265800685,0,0,0,0,0,0.0430411678943955,0,0,0.00012841599383492,0,0,0,0.0128112144933125,0,0.00583921305652928,0,0,0,0,0,0,0,0,5.3719256834213e-06,1.44740520490011e-05,0,0.000268950350892169,0.00454230259218879,6.82651790925614e-05,0.00426876123597182,0,0.000641756163778869
0,0.0471968892618628,0,0.00931378692973989,0,0.0124606661025021,0,0,0.000247734092663264,0,0,0,0,0,0.000496438824487071,0.0151194201543088,0.00122244688136251,0.014408108734227,0.00127337573091193,0,0,0,0,0.0140973642335596,0.00094742071836428,0.000685211989958055,0,0,0,0,0,0,0,0,0,0,0,0.00309645731963863,0,0.000144561245627659,0,0.000282685536360997,0,0,0,0,0,0,0,0.000152713474000735,0,3.81181324968852e-05,0,0,0,0.1676995372422,0,0,0,0,0,0.00587243238684676,0,0,0,0,0.0120063625520584,0,0.00024189664941706,2.61881844972212e-05,0,0,0,0,0,0,0,0,0,0,0.00185138984466351,0,0.00353481966417827,0.000568769788035135,0.000856198291816686,0,0
0,0,2.47119966606041e-05,0,0,0,0,0,0,0,0,0,0.000673648412952433,0,0,0,0,0,0,0,0.0526126259874338,0,0,0,0,0,0,0,7.72404220603036e-05,0,0,0,0,0,0,0,1.66783404703318e-05,0,0.00443629832647467,0,4.48422028285168e-05,0,7.8718227259245e-05,0,0,0,7.51832883289317e-05,0,1.63711905684707e-05,0,0,0,0.000834453014976339,0,0,0,0.0560495771707968,0,4.78764585114867e-05,0,0,0,0,0.0442438860107926,0,0,0,0,0,0,0,0.000325578204189687,0,0.000516914454635896,0,0,0,0,0,9.94052760315079e-06,0,0.00162888382243904,0.000472921779719842,0,4.40780016869323e-05,0,0
0,0,0,0,0,0,0,0,0,0,0,0,0,0.0021151001093235,0,0,0,0,0,0.0147898068806074,0,0,0,0,0,0,0,0,0,0.00495621229274998,0,0,0,0,0,1.51339801777069e-05,0,0.0155006773370654,0,0,0,0,0,0,0,0,0,0,0,0,0,0,0,0.000517687651590945,0,0,0,0.0515773902801345,0,0.024560777619664,0,0,0.0058994252297081,0,0,0,0,0,0,0,0,0,0.0049145814421448,0,0,0,0,0,0,0,0.00225440324923344,0,0.0002942397608887,0,0.000266174275894384,0,0
0,0,0,0,0,0,0,0,0,0,0.000673648412952433,0,0,0,0.00907008394850761,0,0,0,0,0,0,0,0,0,0,0,0,0,0,0,0,0,0,0,0,0,0,0,0,0,0,0,0,0,0,0,0,0,0,0,0,0,0,0,0,0,0,0,0.00203704146263663,0,0,0,0,0,0,0,0,0,0,0,0,0,0,0,0,0,0,0,0,0,0,0,0.00013849690907799,0,0,0,0
0,0,0,0,0,0,0,6.9108066357175e-05,0,0,0,0.0021151001093235,0,0,0,0.00719202669839873,0,0,0,0,0,0,0,0,0,4.96704446680744e-05,0,0,0,0,0,0,0,0,0,0,0,0,0,0,0,0,0,0,0,0,0,0,0,0.000154421171331748,0,0,0,0,0,0,0,1.408378315528e-05,0,0.0333728087817494,0,0.026452749662066,0,0,0,0,0,0,0.00929049057770895,0,0.000247393310048422,0,0,0,0,0,0,0,0,0,0,0,0.00042623278247871,0.00335960151397449,0,0,0
0,0,0,0,0,0,0,0,0.0536645546106361,0.000496438824487071,0,0,0.00907008394850761,0,0,0,0.00826965952620799,0.000514812893341776,0.00107382970140704,0,0,0,0,0.000113723533428948,0.000398867450675153,0,0.00189437321174222,0,0.00018911933148047,0,0,0,0,0,0,0,0,0,0,0,0,0,0,0,0,0,0,0,0,0,0,0,0,0,0.0356679869727538,0,0,0,0,0,0.0386796444958474,0,0,0,0,0,0,0,0,0.00054511778093747,0,0,0,0,0,0,0,0,0,0,0,0,0.00107370038454173,0.000240173141145556,8.35717815217342e-06,0,0
0,0.000166200160262883,0,0,0,0.0121865780890471,0,0,0,0.0151194201543088,0,0,0,0.00719202669839873,0,0,0,0.000282232930777597,0,0,0,0,0,0,0,0,0,0,0,0,0,0,0,0,0,0,0,0,0,0,0,0,0,0,0,0,0,0,0,0.000307534937700419,0,0.0148461684052535,0,0,0,0.0211343021564694,0,0,0,0.000264622248714874,0,0.0561690763532951,0,0,0,0,0,0,0.00252758497618307,0,1.20158088183127e-05,0,0,0,0,0,0,0,0,0,0,0,0.000327061639904357,0.00113074368492234,0,0,0
3.74612227446603e-06,2.38360240555121e-05,9.27685416360623e-06,3.42053003659341e-06,0,0,0,0,0.0283653432338297,0.00122244688136251,0,0,0,0,0.00826965952620799,0,0,0.143353937811339,0.100199740289481,0,0,9.4640726431216e-05,0.00838751575647064,0.00242242500056453,0.016203338752771,0.000102851849727272,0.00743980252771171,0,0.00012767426330028,0,0,0,0,0,0,0,0,0,0,0.000950118721467901,0.00166315200944321,0.000501402964567414,0.00143733172459089,4.02060430608835e-05,0,5.73271245697783e-05,0.000205247775539416,0,0,0,0,0,0,0,0.00559839105992842,9.13420946293056e-06,1.93592370089967e-05,0,0,0,0.00663128334587372,0,0.000239967850484661,6.85370258995406e-05,9.6480762674553e-05,0.00127523130511254,0.00158259311567197,0.00412638226680355,0,0.0178985972630002,0,0,2.26248194612272e-05,0,0,0,0,0,0.000785038917689679,0.000503428835533071,4.95385776214102e-06,0,0.0288967060123985,0.0254365416431714,0.00169868017758488,1.39868972549043e-05,0.000150638365077676
1.4066176837064e-05,0.00025357530044593,8.39158751828699e-06,1.05398171178087e-05,0,0,0,0,0.00462552314116608,0.014408108734227,0,0,0,0,0.000514812893341776,0.000282232930777597,0.143353937811339,0,0.1088628562611,0,0,0.00575697243568232,0,0.00509128025113673,0.00496235507155796,0.0192575080020232,0.000795985566838091,0,0,0,0,0,0,0,0,0,0,0,0,0.00119215333444727,0.000653731463377653,0.00102161370392472,0.000344469730550632,5.75888841896934e-05,0,0.00038810809907893,0.000314274880491091,0,2.95109341183505e-06,0,0,0,0,0,0.000794901373589262,0.00174082505563242,0,0,0,0,0.000109745230580212,6.50556946736602e-06,0.000282899936894197,9.08683203431194e-05,0.00480232234825077,0,0.00133054353793339,0.000851983495740923,0.00124011902203966,0.00108283413573984,0,0,1.69075330481873e-05,0,0,0,0,0,0.00121196347968932,0.000371536398052198,4.05071574388983e-05,0,0.0307668969168531,0.0197294612605639,0.00181641544707828,0.000194460693349655,0.000109695690593696
0.000112351629697561,0.000242122165933117,5.59520795107751e-05,0.000296064734918186,0,0,0,0,0.00427042027749966,0.00127337573091193,0,0,0,0,0.00107382970140704,0,0.100199740289481,0.1088628562611,0,0,8.56089663232858e-05,0,0,0.0017322706914954,0.00260002538489785,0.000110086528483117,0.00071346072750485,0,0,0,0,0,0,0,0,0,0,0,0,0.0292617074481421,0.0350789095415326,0.0311679365697811,0.0250665380543638,0.00332944643873822,0,0.00468803641332041,0.00738154868532068,1.54273729357377e-05,3.89886988168761e-05,1.67911100943691e-05,0,0,0,0,0.000218367928461717,0.00119566808192084,0.000118497308502841,0.000411627751753643,0,0,0.000140908706597378,0,0.00585774359694491,0.0019045495943867,4.89988367161884e-06,0,0.000997749850258288,0.000271201446447414,0,0.00153124875900016,0,0,0.000259147621655906,2.73477090643483e-05,0,0,0,0,0.0138635247567012,0.0100497369582045,0.00219547284995426,0,0.0269183220197889,0.00199269391059525,0.0442753921082897,0.00372341725714636,0.00484966544539351
0,0,0,0,0,0.0255322530052518,0,0,0,0,0,0.0147898068806074,0,0,0,0,0,0,0,0,0,0,0,0,0,0,0,0,0,3.61906120389041e-05,0,0,0,0,0,0.0136410933148901,0,0.0187277936477614,0,0,0,0,0,0,0,6.36933389092629e-05,0,0,0,0,0,0.011640115730857,0,0,0,0,0,0.0120232894711208,0,4.79068684613804e-05,0,0,0.0345369775908819,0,0,0,0,0,0,0,0,0,0.000721771283143692,0,0,0,0,0,0.0015820881344536,0,0.00295870841070715,0,0.000711403741000947,9.31332824131768e-06,0.000760646045178305,0,0
0,0,0.000305752904069757,0,0.00886240061531838,0.000123720211393334,0.00135858118872343,0,0,0,0.0526126259874338,0,0,0,0,0,0,0,8.56089663232858e-05,0,0,0,0,0,0,0,0,0,0,0,0,0,0,0,0,0,0.0109859595630588,0,0.0130036601499283,2.74242837193495e-05,0.000194685833437631,0,0.000347745893746296,0,0,0,0.000650884487593048,0,0.00015774708720768,0,0.0025634173447514,0,0,0,0,0,0.0104135529798706,0,0,0,0,0,0,0.0817225657417508,0,0,0,0,0,0,0,0,0,0.00509028975875152,0,0,0,0,0,0.00846186223177656,0,0.000424702330831596,0.00135730568166904,0,0.00114551487173637,0,0
0,0,0,0,0,0,0,0,0,0,0,0,0,0,0,0,9.4640726431216e-05,0.00575697243568232,0,0,0,0,0.00655584535463861,0.000781800651874855,0,7.37435515661342e-06,0,0.00197782319779999,0,0,0,0,0,0,0,0,0,0.0141013918972414,0,0,0,0,0,0,0,0,0,0,0,0.00431952411841222,0,0,0,0,0,0,0,0,0,0,0,0,0,0,0.051501567921987,0.00548088802526073,0.000658494478510193,0,8.67063423151638e-05,0,0.00233169640620643,0,0,0,0,0,0,0,0,0,0.00749278315894579,0.000675302234369131,0.00389809439083462,0.000291448767454843,0,0,0
0,0,0,0,0,0,0,0,3.01182033039143e-05,0,0,0,0,0,0,0,0.00838751575647064,0,0,0,0,0.00655584535463861,0,0,0,0,0.000163378308788683,0,0.00551575165350895,0,0,0,0,0,0,0,0,0.000157099324337221,0.00967319598403435,0,0,0,0,0,0,0,0,0,0.000613322782468905,0,0,0,0,0,0,0,0,0,0,0,0,0,0,0,2.24605398858489e-05,0.0428328808804634,0,0.000746692048752918,0,0.00184562743736765,0,0.0041764814935453,0,0,0,0,0,0,0,0,0,0.00439428245699989,0.00194856556505181,0.000318101221013678,0,0,0
0,0,0,0,0,0,0,0,0.00153661140665054,0.0140973642335596,0,0,0,0,0.000113723533428948,0,0.00242242500056453,0.00509128025113673,0.0017322706914954,0,0,0.000781800651874855,0,0,0.00280640561554526,0.038011737923627,0.000604343414699425,0,0,0,0,0,0,0,0,0,0,0.00549219506085796,0,0,0,7.63937651918306e-05,0,0,0,0,0,1.69546677039618e-05,0,0,0,0,0,0,0,0.036352744477787,0,0,0,0,5.40016047363354e-05,0,0,0,0.000465800585182226,0,0.0907580263245415,0,0.000425854450008714,0.00029545458022578,0,0,0,0,0,0,0,0,0,6.98964223545963e-06,0.00198041754798021,0,0.00119191712082165,1.70534514312728e-06,0.00106869341491044,0,0
0,0,0,0,0,0,0,0,0.0180223913782678,0.00094742071836428,0,0,0,0,0.000398867450675153,0,0.016203338752771,0.00496235507155796,0.00260002538489785,0,0,0,0,0.00280640561554526,0,0,0.0515160829012271,0,0,0,0,0,0,0,0,0,0,0,0.00475186167134692,1.62431931799374e-05,0.000102004741980323,7.63625503707056e-05,0.00066887091596672,0,0,0,0,0,0.00058080412905231,0,0,0,0,0,0.00191333563333292,0,0,0,0,0,0.000148011973250917,0,0,0,0,0,0.000209461693842308,0.0800204610580511,0,0.0232510557141491,0,0,0,0,0,0,0,0,1.79197926578598e-05,1.17150757543153e-06,0,0.002276300681324,0.000544722804096918,1.31546341339058e-05,0.00148824156794894,0,0
0,0,0,0,0,0,0,0,0,0.000685211989958055,0,0,0,4.96704446680744e-05,0,0,0.000102851849727272,0.0192575080020232,0.000110086528483117,0,0,7.37435515661342e-06,0,0.038011737923627,0,0,0,0.000610078340479416,0,0,0,0,0,0,0,0,0,0,0,0,0,0,0,0,0,0,0,0,0,0,0,0,0,0,8.2403935877863e-05,0,0,0,0,0,0,0.00192013300534423,0,0,0.000130773781076912,0,0.0126292574924155,0,0.0105038776539828,0,0,0,0,0,0,0,0,0,3.00921465165897e-06,0,0,0,0.000253590547636568,1.21923866563428e-05,0,0,0
0,0,0,0,0,0,0,0,0.00188521231168103,0,0,0,0,0,0.00189437321174222,0,0.00743980252771171,0.000795985566838091,0.00071346072750485,0,0,0,0.000163378308788683,0.000604343414699425,0.0515160829012271,0,0,0,0.00080984589771442,0,0,0,0,0,0,0,0,0,0,0,0,0,0,0,0,0,0,0,0.000149038006854006,0,0,0,0,0,0.000156895481979898,0,0,0,0,0,0,0,0,0,0,0,0,0.0167629084631881,0,0.0361515850587959,0,0.00258863083475104,0,0,0,0,0,0,0,0,0,0,0.0007572026448398,2.17011773046817e-05,0,0,0
0,0,0,0,0,0,0,0,0,0,0,0,0,0,0,0,0,0,0,0,0,0.00197782319779999,0,0,0,0.000610078340479416,0,0,0,0.00253984327210891,0,0,0,0,0,0,0,0.00238930936404647,0,0,0,0,0,0,0,0,0,0,0,0,0,0,0,0,0,0,0,0,0,0,0,0.000138705872814171,0,0,0.00032385609179154,0,0,0,0,0,0.0658755182322273,0,3.406421824528e-05,0,0,0,0,0,0,0,8.78512370705174e-05,0,0.000154932682495367,0,0,0,0
0,0,0,0,0,0,0,0,0,0,7.72404220603036e-05,0,0,0,0.00018911933148047,0,0.00012767426330028,0,0,0,0,0,0.00551575165350895,0,0,0,0.00080984589771442,0,0,0,0.00805139978364448,0,0,0,0,0,0,0,1.34755455292179e-05,0,0,0,0,0,0,0,0,0,0,0,0,0,0,0,0,0,0.00011576050810034,0,0,0,0,0,0,0,0,5.12016942625383e-05,0,0,0,0,0,0.0208026752560725,0,0.00344479714086151,0,0,0,0,0,0,0,0.00120758586869271,0.000209216129362032,7.52931620714482e-06,0,0,0
0,0,0,0,0,0,0,0,0,0,0,0.00495621229274998,0,0,0,0,0,0,0,3.61906120389041e-05,0,0,0,0,0,0,0,0.00253984327210891,0,0,0,0,0,0,0,0,0,0.0021833172256134,0,0,0,0,0,0,0,0,0,0,0,0,0,0,0,0,0,0,0,0.000306853404928336,0,0,0,0,5.24689799168128e-05,0,0,0,0,0,0,0,0.0151932631966676,0,0.0683142596062574,0,0,0,0,0,0,0,3.15160797592215e-05,0,0.000269743024973861,0,3.03277634992709e-05,0,0
0,0,0,0,0,0,0,0,0,0,0,0,0,0,0,0,0,0,0,0,0,0,0,0,0,0,0,0,0.00805139978364448,0,0,0,0,0,0,0,0,0,0.00102470548347499,0,0,0,0,0,0,0,0,0,0,0,0,0,0,0,0,0,0.0001755243129736,0,0,0,0,0,0,4.43934024833854e-05,0,0,0,0,0,0,0,0.000242232032873451,0,0.0646386248782806,0,0,0,0,0,0,0,0.00818747628750247,0.000183962423116684,0,0,0,0
0,0,0,0,0,0,0,0,0,0,0,0,0,0,0,0,0,0,0,0,0,0,0,0,0,0,0,0,0,0,0,0,0.0983084273161601,0.00127985616144627,0,0.00736471473462534,0,0,0,0,0,0,0,0,0,0,0,0.0730530819616643,0,0,0,0,0,0,0,0,0,0,0,0,0,0,0,0,0,0,0,0,0,0,0,0,0,0,0.145689856333926,0.00074582873170761,0.000400743441082505,0,0.00357928053794679,0,0,0,0.000274529538697436,0,0,0,0
0,0,0,0,0,0,0,0,0,0,0,0,0,0,0,0,0,0,0,0,0,0,0,0,0,0,0,0,0,0,0,0.0983084273161601,0,0,0.00133284030122913,0,0.00459460219495396,0,0,0,0,0,0,0,0,0,0,0.119835481931498,0.000637618065179418,0,0,0,0,0,0,0,0,0,0,0,0,0,0,0,0,0,0,0,0,0,0,0,0,0,0.101051902690985,0.185611876312095,0,0.00324109146643019,0,0.00598185546847857,0,0,6.12267764465325e-05,0,1.07735887240912e-05,0,0
0,0,0,0,0,0,0,0,0,0,0,0,0,0,0,0,0,0,0,0,0,0,0,0,0,0,0,0,0,0,0,0.00127985616144627,0,0,0.240025675999478,0.00617365145183322,0,0.0107977505467087,0,0,0,0,0,0,0,0,0,0.0286161866962124,0,0.000165690156007082,0,0,0,0,0,0,0,0,0,0,0,0,0,0,0,0,0,0,0,0,0,0,0,0,0.00025569645594677,0.000289725668262932,0.154082919758707,0.0984193113410714,0.00238236249257781,0,0.00295772104273338,0,0.00110117000012982,0,7.1863454347087e-05,0,0
0,0,0,0,0,0,0,0,0,0,0,0,0,0,0,0,0,0,0,0,0,0,0,0,0,0,0,0,0,0,0,0,0.00133284030122913,0.240025675999478,0,0,0.0156966435610958,0.00105044666547166,0.00605532599441774,0,0,0,0,0,0,0,0,0.121688784624667,0.000351921179578245,0.000114682235328819,0,0,0,0,0,0,0,0,0,0,0,0,0,0,0,0,0,0,0,0,0,0,0,0,0,0.00406510459983681,0.0752103642882259,0.150476725833323,0,0.00409228228292873,0.000640361291130601,0.00199248553884685,0.000536857903442172,0,0,0,0
0,0,0,7.72220206400304e-05,0,0.00178145621324166,0,0,0,0,0,1.51339801777069e-05,0,0,0,0,0,0,0,0.0136410933148901,0,0,0,0,0,0,0,0,0,0,0,0.00736471473462534,0,0.00617365145183322,0,0,0.00767503169319519,0.0181496644413288,0.000350190952674444,6.82269596611364e-05,0,1.9554551417274e-05,0,0,0,0.000455408217579938,0,0.000775497289582774,0,0.000112658952043065,0,0.000154896940224122,0,0,0,0,0,0.00019073448341043,0,0,0,1.68720492369183e-05,0.00557021850398506,1.40544468903712e-05,0,0,0,0,0,0,0,0,1.32882602604726e-05,0,0.00166771046535914,0,0.00217343194530143,0,0.0184377902355373,0.00176799934674985,0.00456293018091698,0,0.00152890863878775,0.000222053449920071,0.00196831204707836,2.19975092074853e-06,0
0,0,0,0,9.89117794619572e-06,0,0,0,0,0,1.66783404703318e-05,0,0,0,0,0,0,0,0,0,0.0109859595630588,0,0,0,0,0,0,0,0,0,0,0,0.00459460219495396,0,0.0156966435610958,0.00767503169319519,0,0,0.0134728358319234,1.71104822400424e-05,0,0,3.40936627223304e-06,0,0,0,0.000116501337924901,0.00100240354276905,7.91467316099866e-05,0,0,0,0,0,0,0,2.07104559350447e-05,0,0,0,0,0,0,0.00782752703999262,0,0,0,0,0,0,0,0,0,1.2717156595886e-05,0,0.000508685887195454,0,0.00845560578230798,0.00427666892405857,0.0536876265527008,0,0.000858741529646183,0.00461884382083447,0.000575419709562215,0.000325211857186224,0,0
0,0,0,0,0,0,0,0,0,0.00309645731963863,0,0.0155006773370654,0,0,0,0,0,0,0,0.0187277936477614,0,0.0141013918972414,0.000157099324337221,0.00549219506085796,0,0,0,0.00238930936404647,0,0.0021833172256134,0,0,0,0.0107977505467087,0.00105044666547166,0.0181496644413288,0,0,0.00517354159128982,0,0,3.36133901111631e-05,7.5197912615353e-05,0,0,1.59053615547702e-05,0,0.00544838052371422,0,0.00167585080365367,0,0,0,0,0,0.00095135697586878,0,0.0122698474100322,0,0,0,0,0.00692687510936187,0,0.0131581779224817,0,0.00566558946988247,0,0,0,0.00461505708008892,0,0.00326318287273901,0,0,0,0.00538093930626168,0.000708986868534186,0.00402816596574023,0,0.0849069959664435,0.00784860556095934,0.0039981201694584,0.00013824867490156,0.00113631494239292,0,0
0,0,0,0,0,0,0,0,0.00434936610251138,0,0.00443629832647467,0,0,0,0,0,0,0,0,0,0.0130036601499283,0,0.00967319598403435,0,0.00475186167134692,0,0,0,1.34755455292179e-05,0,0.00102470548347499,0,0,0,0.00605532599441774,0.000350190952674444,0.0134728358319234,0.00517354159128982,0,0,0,0,0.00158220892366821,0,0,0,0,0.00126907116448217,0.00735970296747207,0,0,0,0,0,0.00290492872590906,0,0.000755901366373216,0,0,0,0,0,0,0.00306041395777183,0,0.00867636759138907,0,0.00231263911780661,0,0,0,3.86382208798742e-05,0,5.26959221718096e-05,0,0,0,0.00231249121794461,0.000126010260325986,0.00485724840056826,0.000579247410678857,0.0577206728185641,0.00380906092258218,0.000342746987430135,0.00390361125042617,0,0
0,0,1.85386245120702e-05,0.00624033197444088,3.59640438630398e-05,0.00199198478997356,0,0,0,0.000144561245627659,0,0,0,0,0,0,0.000950118721467901,0.00119215333444727,0.0292617074481421,0,2.74242837193495e-05,0,0,0,1.62431931799374e-05,0,0,0,0,0,0,0,0,0,0,6.82269596611364e-05,1.71104822400424e-05,0,0,0,0.0021066664351936,0.119045054003356,0.00185136429705874,0.00993717842009311,0,0.0101754252451158,0.000794841741274259,0.00442186205499268,9.22189415510185e-05,0.0117986329728065,0,0.0004124113006964,0,0,0,0.000647982728139137,1.42441885981384e-05,0.000424189326684246,0,0,0,0.000584412643550154,0.0187810749542867,0.000530239065596476,0,0,0,0,0,0,0,0,0.000518033080244561,0,0,0,0,0,0.00623028544055317,0.000535789155721919,0.000638462653472942,0,0.00131759230390099,4.84341942731263e-06,0.0459314550035026,0.00579573137160568,9.46460607146051e-05
0.00296190932439534,0,0.00273593375274705,0.000111758642921514,0.000660799058053934,0,0,0,0,0,4.48422028285168e-05,0,0,0,0,0,0.00166315200944321,0.000653731463377653,0.0350789095415326,0,0.000194685833437631,0,0,0,0.000102004741980323,0,0,0,0,0,0,0,0,0,0,0,0,0,0,0.0021066664351936,0,0.0010529051320199,0.103252225854653,2.18003474650418e-05,0.000136525104392998,0.000519488086723856,0.0200803917480717,0,0.0139308332742694,1.31400504510428e-05,4.16786701864938e-05,0,0,0,0,0,0.000456315494771348,2.22642737594811e-05,0,0,0,0,0.000686687647451025,0.0226867300393734,0,0,0,0,0,0,0,0,1.58959438097649e-05,1.26498253658333e-05,0,0,0,0,0.000265926254841346,0.0081580206387803,5.04381880106729e-05,0,0.000986936006783834,8.28211439863568e-06,0.0572450887851835,0,0.0256407402929648
0,0.0016321127982965,0,0.00316342652914002,0,0.00141711290735862,0,0,0,0.000282685536360997,0,0,0,0,0,0,0.000501402964567414,0.00102161370392472,0.0311679365697811,0,0,0,0,7.63937651918306e-05,7.63625503707056e-05,0,0,0,0,0,0,0,0,0,0,1.9554551417274e-05,0,3.36133901111631e-05,0,0.119045054003356,0.0010529051320199,0,0.0227590718029225,0.00673088599235055,0,0.0042035286581877,0.000133197297027993,0.00333826522904653,5.35274547495045e-05,0.021510215827092,0,0.000740391835101226,0,0,0,7.76170273656621e-05,0,0.00552771389866118,0,0,0,0.00034662244197638,0.00639553233624866,3.14821607723899e-05,0,0,0.000463031114616421,0,0,0,0.000589296190639433,0,0.031174981382873,0,0,0,0,0,0.0138290326808125,0.000150581983191886,0.000964745757920091,0,0.00676643648162381,5.98010295778194e-05,0.144648738316014,0.170596334910644,0.000125692761158008
0.00029027365432437,0,0.00698280539508046,4.89534064888819e-05,0.000617818783435787,0,0,0,0.00103209219409355,0,7.8718227259245e-05,0,0,0,0,0,0.00143733172459089,0.000344469730550632,0.0250665380543638,0,0.000347745893746296,0,0,0,0.00066887091596672,0,0,0,0,0,0,0,0,0,0,0,3.40936627223304e-06,7.5197912615353e-05,0.00158220892366821,0.00185136429705874,0.103252225854653,0.0227590718029225,0,0,0.000148107210912151,0.00020452650824969,0.0129669103067438,0.0097086891488732,0.02782162329783,0.000110563795814152,2.52014634504519e-05,0,0,0,0.000105674184049059,0,0.0032377558611281,3.43250927457823e-05,0,0,0.000215282268157135,0,0.000713597612229694,0.0105190365278894,0,0,0,0.000143049747857494,0,0,0,0,1.02078137702408e-05,7.09347222260789e-05,0,0,0,0,0.000270319665423958,0.0132692208270564,8.08706254621594e-05,1.10562391265922e-05,0.00825905341076546,4.52315097451625e-06,0.175741066216564,8.14109318842178e-05,0.189291198142248
0,0,0,0,0,0,0,0,0,0,0,0,0,0,0,0,4.02060430608835e-05,5.75888841896934e-05,0.00332944643873822,0,0,0,0,0,0,0,0,0,0,0,0,0,0,0,0,0,0,0,0,0.00993717842009311,2.18003474650418e-05,0.00673088599235055,0,0,0,0.000738519130946949,0,0,0,5.7262770106008e-05,0,0,0,0,0,0,0,0.000608683539930772,0,0,0,0,0.00140096184123114,0,0,0,0,0,0,0,0,0,0.00255725224812346,0,0,0,0,0,0.00136552511373914,9.23360671556154e-06,0.00124849641746972,0,9.80283162280859e-05,0,0.0124309514190595,0.000166768652211612,0
0,0,0,0,0,0,0,0,0,0,0,0,0,0,0,0,0,0,0,0,0,0,0,0,0,0,0,0,0,0,0,0,0,0,0,0,0,0,0,0,0.000136525104392998,0,0.000148107210912151,0,0,0,0,0,0,0,0,0,0,0,0,0,0,0,0,0,0,0,0,0,0,0,0,0,0,0,0,0,0,0,0,0,0,0,0,0,0,0,7.09294003871591e-06,0,0.000126392037979972,0,0
0,0,0,0.00505451918729267,0,0.00118264451150387,0,0,0,0,0,0,0,0,0,0,5.73271245697783e-05,0.00038810809907893,0.00468803641332041,6.36933389092629e-05,0,0,0,0,0,0,0,0,0,0,0,0,0,0,0,0.000455408217579938,0,1.59053615547702e-05,0,0.0101754252451158,0.000519488086723856,0.0042035286581877,0.00020452650824969,0.000738519130946949,0,0,0.000106631882284066,9.9823782776882e-05,1.12025844758846e-05,0.00189215387508217,0,0.000839204200747651,0,0,0,7.68418785788143e-05,0,0.00111076961739385,0,0,0,0.000319950305692378,0.0516000487877896,6.64526622131428e-05,0,0,0,0,0,0,7.65034049916461e-06,0,0.00167203802320097,0,0,0,0,0,0.00391672764720042,8.08262637943722e-05,0.0042187774846853,0,0.00021555858741528,3.62319861359777e-06,0.0168839196683687,3.13388995188751e-05,0
0.000171059504990231,0,0.00086368048095505,3.01850351972742e-05,1.87334854057095e-05,2.75934467471928e-05,0,0,2.95293108734122e-05,0,7.51832883289317e-05,0,0,0,0,0,0.000205247775539416,0.000314274880491091,0.00738154868532068,0,0.000650884487593048,0,0,0,0,0,0,0,0,0,0,0,0,0,0,0,0.000116501337924901,0,0,0.000794841741274259,0.0200803917480717,0.000133197297027993,0.0129669103067438,0,0,0.000106631882284066,0,0.000113210058026727,0.00187521072420738,4.57925368290545e-05,0,6.11344276400709e-05,0,0,0,0,0.000442296557994572,0,0,0,0,8.42482651587338e-05,0.000355797281847743,0.0359554847137839,0,0,0,0,0,0,0,0,0,0.000156092577922638,0,0,0,0,6.15808738825013e-05,0.0103233294971484,1.48247946766562e-05,0,0.000600571678442184,7.10854996822173e-06,0.0177648471940604,0,0.000900483845665718
0,0,0,0.000431218449181634,0,5.48395648165504e-05,0,0,0,0,0,0,0,0,0,0,0,0,1.54273729357377e-05,0,0,0,0,1.69546677039618e-05,0,0,0,0,0,0,0,0.0730530819616643,0.119835481931498,0.0286161866962124,0.121688784624667,0.000775497289582774,0.00100240354276905,0.00544838052371422,0.00126907116448217,0.00442186205499268,0,0.00333826522904653,0.0097086891488732,0,0,9.9823782776882e-05,0.000113210058026727,0,0.0424331969927628,0.0486976996227218,0,0,0,0,0,0,0,6.17800223364905e-06,0,0,0,0,8.33264917038355e-05,0.000297150516615279,0,0,0,0,0,0,0,0,0,0,0.127750094872218,0.119062416188511,0.020301988868949,0.0532687952082311,0.0110883415347767,0.0103755248073213,0.0133468086747072,0.0141758253797821,0.00961021765612942,0.000237131144621491,0.0143379439803582,0,0
0.0641991087752885,0,0.0413439058573326,0.000197659588432354,0.00114168481914264,7.41595820501313e-05,0,0,0.00936362253969623,0,1.63711905684707e-05,0,0,0,0,0,0,2.95109341183505e-06,3.89886988168761e-05,0,0.00015774708720768,0,0.000613322782468905,0,0.00058080412905231,0,0.000149038006854006,0,0,0,0,0,0.000637618065179418,0,0.000351921179578245,0,7.91467316099866e-05,0,0.00735970296747207,9.22189415510185e-05,0.0139308332742694,5.35274547495045e-05,0.02782162329783,0,0,1.12025844758846e-05,0.00187521072420738,0.0424331969927628,0,0.000341840124172506,0.00191869923174284,4.7115591008507e-05,0,0,0.00405690113503087,0,0.00269175531252181,0,0.00101511244061229,0,0.0293117674250498,6.40929173146574e-05,0,0.00332868723866316,0,0.00957059124764184,0,0.00452032526304028,0,0.000352488972415916,0,0.00219680714804542,8.84315478954308e-06,0.000740123645967639,0,0,0,0.0002207558271632,0.000166134994889164,0.0013902743120198,6.09106010630118e-06,0.0106610710134482,0.00110327873970351,0,0.0411718744914138,0.00026307823121313,0.000188384161029104
0,0.0225739610957291,1.19325619272188e-05,0.0168019011983034,0,0.00200368948207746,0,0,0,0.000152713474000735,0,0,0,0.000154421171331748,0,0.000307534937700419,0,0,1.67911100943691e-05,0,0,0.00431952411841222,0,0,0,0,0,0,0,0,0,0,0,0.000165690156007082,0.000114682235328819,0.000112658952043065,0,0.00167585080365367,0,0.0117986329728065,1.31400504510428e-05,0.021510215827092,0.000110563795814152,5.7262770106008e-05,0,0.00189215387508217,4.57925368290545e-05,0.0486976996227218,0.000341840124172506,0,0,0.000298748891831593,0,0,0,0.00100658022051191,0,0.00351300748806863,0,0.00188693744563441,0,0.00755914784446302,0.000350097276413836,2.1188126475393e-05,0.0147185423279068,0,0.000783913048150263,0,0.000496160916175501,0,0.00322631958239098,0,0.0111050621660324,0,0,0,0,3.57277743884337e-05,0.00185518107531217,3.41200806933627e-06,0.00596224355601214,4.42262065497849e-06,0.00100074072703853,0,0.0308080245192637,0.00190089514168954,0
0,0,0.0108503684254638,0,0.0695390554048122,0,0.00879114758780128,0,0.000332836191678003,0,0,0,0,0,0,0,0,0,0,0,0.0025634173447514,0,0,0,0,0,0,0,0,0,0,0,0,0,0,0,0,0,0,0,4.16786701864938e-05,0,2.52014634504519e-05,0,0,0,0,0,0.00191869923174284,0,0,0,0,0,0.0410578688818738,0,0,0,0,0,0.000468083240105884,0,0,0.000465509411616051,0,0,0,0,0,0,0,0,0,0,0,0,0,0,0,0,0,0,0.000404170979653301,0,0.000580195969160441,0,0
0,0,0,0.0144971115597127,0,0.140297684119092,0,0.00199810566059315,0,3.81181324968852e-05,0,0,0,0,0,0.0148461684052535,0,0,0,0.011640115730857,0,0,0,0,0,0,0,0,0,0,0,0,0,0,0,0.000154896940224122,0,0,0,0.0004124113006964,0,0.000740391835101226,0,0,0,0.000839204200747651,6.11344276400709e-05,0,4.7115591008507e-05,0.000298748891831593,0,0,0,0.0200998063868526,0,0.000202234824888329,0,0.0057813157398745,0,0.00136251529187853,0,0.0163637112842241,0.00412987915152615,0,0,0,0,0,0,0,0,0,0,0,0,0,0,0,0.000195854231572674,5.42051547994829e-06,0,0,0.000672360896112054,0.000490704034917838,0.0122728263878216,0,0
0,0,0,0,0.00100226806776194,0,0.030318284631009,0,0,0,0.000834453014976339,0,0,0,0,0,0,0,0,0,0,0,0,0,0,0,0,0,0,0,0,0,0,0,0,0,0,0,0,0,0,0,0,0,0,0,0,0,0,0,0,0,0,0,0,0,0.0273705903729986,0,0,0,0,0,0,0,0,0,0,0,0,0,0,0,0,0,0,0,0,0,0,0,0,0,0.000349990308098709,0,0,0,0
0,0,0,0,0,0.000151584055856802,0,0.0214728413235291,0,0,0,0.000517687651590945,0,0,0,0,0,0,0,0,0,0,0,0,0,0,0,0,0,0,0,0,0,0,0,0,0,0,0,0,0,0,0,0,0,0,0,0,0,0,0,0.0200998063868526,0,0,0,0,0,0,0,0,0,0,0,0,0,0,0,0,0,0,0,0,0,0,0,0,0,0,0,0,0,0,0.000194601531247376,0.00106681502741872,0,0,0
0.0463000883759388,0,0.0473437750621852,0,0.0182680873427496,0,0,0,0.156913265800685,0,0,0,0,0,0.0356679869727538,0,0.00559839105992842,0.000794901373589262,0.000218367928461717,0,0,0,0,0,0.00191333563333292,8.2403935877863e-05,0.000156895481979898,0,0,0,0,0,0,0,0,0,0,0,0.00290492872590906,0,0,0,0.000105674184049059,0,0,0,0,0,0.00405690113503087,0,0.0410578688818738,0,0,0,0,0,0,0,3.70826108184001e-05,0,0.0546251465005002,0,0,0,0,0,0,0.0305700618438766,0,0.00674596179821161,0,0,0,0,0,0,0,0,0,5.19713955198387e-06,0,0.001933313352966,0.00170649353326594,0,0.000631517486371173,0,0
0,0.0457075568961872,0,0.0823541103188265,0,0.000398232763861179,0,0,0,0.1676995372422,0,0,0,0,0,0.0211343021564694,9.13420946293056e-06,0.00174082505563242,0.00119566808192084,0,0,0,0,0.036352744477787,0,0,0,0,0,0,0,0,0,0,0,0,0,0.00095135697586878,0,0.000647982728139137,0,7.76170273656621e-05,0,0,0,7.68418785788143e-05,0,0,0,0.00100658022051191,0,0.000202234824888329,0,0,0,0,0,0,0,0,0,0.0624441980926046,0,0,0,0,0.0537579172066126,0,0,0,0,0,0,0,0,0,0,0,1.59807009815162e-06,0,0.00114929980481324,0,0.000574082948527525,4.47243531751524e-06,0.000953200176551686,0,0
0,0,0.000549185210893962,0,3.85493038349829e-05,0,0,0,0,0,0.0560495771707968,0,0,0,0,0,1.93592370089967e-05,0,0.000118497308502841,0,0.0104135529798706,0,0,0,0,0,0,0,0.00011576050810034,0,0.0001755243129736,0,0,0,0,0,2.07104559350447e-05,0,0.000755901366373216,1.42441885981384e-05,0.000456315494771348,0,0.0032377558611281,0,0,0,0.000442296557994572,0,0.00269175531252181,0,0,0,0.0273705903729986,0,0,0,0,0,0.00472136702550828,0,0.0031047958055604,0,0,0.0281807569596093,0,0,0,0,0,0,0,0.00170596561851412,0,0.140264077737528,0,0,0,0,2.55138497725987e-06,0.000126366438741167,0,0,0.00013205119164294,0,0.00826878160134643,0,0.00147355014432457
0,0.000165846031266821,0,0.000902185671128106,0,0.000194407136265953,0,7.4690964538604e-05,0,0,0,0.0515773902801345,0,1.408378315528e-05,0,0,0,0,0.000411627751753643,0.0120232894711208,0,0,0,0,0,0,0,0,0,0.000306853404928336,0,0,0,0,0,0.00019073448341043,0,0.0122698474100322,0,0.000424189326684246,2.22642737594811e-05,0.00552771389866118,3.43250927457823e-05,0.000608683539930772,0,0.00111076961739385,0,6.17800223364905e-06,0,0.00351300748806863,0,0.0057813157398745,0,0,0,0,0,0,0,0.023514396603947,0,0.00644021576817205,0.0418874997644265,0,0,0,0,0,0.00563564261813686,0,0.0201310007853589,0,0.0346314053072755,0,0,0,0,0,8.68576175617535e-05,2.29544782335569e-06,0.00294411190463954,0,0.000599706875118086,0,0.0246212435235798,0.00229780533966759,0
0.00101141223774568,0,7.52279228849969e-05,0,0,0,0.00010423140926831,0,0,0,4.78764585114867e-05,0,0.00203704146263663,0,0,0,0,0,0,0,0,0,0,0,0,0,0,0,0,0,0,0,0,0,0,0,0,0,0,0,0,0,0,0,0,0,0,0,0.00101511244061229,0,0,0,0,0,3.70826108184001e-05,0,0.00472136702550828,0,0,0,0.0080091817773774,0,0,0,0,0,0,0,0,0,0,0.000479732127467258,0,0,0,0,0,0,0,0,0,0,0,0,0,0,0
0,0.000172194147301201,0,5.18715626503033e-05,0,0.000102611289011354,0,0.00313484002820344,0,0,0,0.024560777619664,0,0.0333728087817494,0,0.000264622248714874,0,0,0,4.79068684613804e-05,0,0,0,0,0,0,0,0,0,0,0,0,0,0,0,0,0,0,0,0,0,0,0,0,0,0,0,0,0,0.00188693744563441,0,0.00136251529187853,0,0,0,0,0,0.023514396603947,0,0,0,0.0127761716716967,0,0,0,0,0,0,0.0162533853330529,0,0.00286223881769749,0,0,0,0,0,0,0,0,0,0,0,0.000265519847257366,0.000719993317441424,0.000278316363666456,0,0
0.0109650586359964,0,0.0180886755017367,0,0.00091443811220815,0,0,0,0.0430411678943955,0,0,0,0,0,0.0386796444958474,0,0.00663128334587372,0.000109745230580212,0.000140908706597378,0,0,0,0,5.40016047363354e-05,0.000148011973250917,0,0,0,0,0,0,0,0,0,0,0,0,0,0,0,0,0,0.000215282268157135,0,0,0,0,0,0.0293117674250498,0,0.000468083240105884,0,0,0,0.0546251465005002,0,0.0031047958055604,0,0.0080091817773774,0,0,0,0,0,0,0,0,0,0,0,0,0,0,0,0,0,0,0,0,0,0,0,0.000321382388615469,3.89850391342033e-05,0.000891221176122879,0,0
0,0.00301753104706811,0,0.0172799233888154,0,0.011997908486733,0,0,0,0.00587243238684676,0,0,0,0.026452749662066,0,0.0561690763532951,0,6.50556946736602e-06,0,0,0,0,0,0,0,0.00192013300534423,0,0.000138705872814171,0,0,0,0,0,0,0,1.68720492369183e-05,0,0,0,0.000584412643550154,0,0.00034662244197638,0,0,0,0.000319950305692378,8.42482651587338e-05,0,6.40929173146574e-05,0.00755914784446302,0,0.0163637112842241,0,0,0,0.0624441980926046,0,0.00644021576817205,0,0.0127761716716967,0,0,0.00027029510665506,0,0,0,0,0,0.0358317501504428,0,0.000858695966391517,0,4.38794993243385e-05,0,0,0,0,0,8.33261096669315e-05,0,0,0,0.000329564805328839,0.000548066975786013,0.00106626174250434,0,0
0,1.33750090089732e-05,0,0.00143350618869912,0,0.00400401418165962,0,0,0,0,0,0.0058994252297081,0,0,0,0,0.000239967850484661,0.000282899936894197,0.00585774359694491,0.0345369775908819,0,0,0,0,0,0,0,0,0,5.24689799168128e-05,0,0,0,0,0,0.00557021850398506,0,0.00692687510936187,0,0.0187810749542867,0.000686687647451025,0.00639553233624866,0.000713597612229694,0.00140096184123114,0,0.0516000487877896,0.000355797281847743,8.33264917038355e-05,0,0.000350097276413836,0,0.00412987915152615,0,0,0,0,0,0.0418874997644265,0,0,0,0.00027029510665506,0,0.000100852801121243,0,0,0,0,0,0,0.000142042411723491,0,0.0165831155596921,0,0,0,0,0,0.0125968785016215,9.72714953018823e-05,0.00977838075188258,0,0.000631618327979663,7.14235426504095e-06,0.0258160580375723,0.000578165752967415,6.69740013427792e-05
0,0,0.00317258393372129,6.7055658885486e-05,0.00202924256628176,0,0.000774741873181354,0,0.00012841599383492,0,0.0442438860107926,0,0,0,0,0,6.85370258995406e-05,9.08683203431194e-05,0.0019045495943867,0,0.0817225657417508,0,0,0,0,0,0,0,0,0,4.43934024833854e-05,0,0,0,0,1.40544468903712e-05,0.00782752703999262,0,0.00306041395777183,0.000530239065596476,0.0226867300393734,3.14821607723899e-05,0.0105190365278894,0,0,6.64526622131428e-05,0.0359554847137839,0.000297150516615279,0.00332868723866316,2.1188126475393e-05,0.000465509411616051,0,0,0,0,0,0.0281807569596093,0,0,0,0,0,0.000100852801121243,0,0,0,0,0,0,0,0,0,0,0.00640319268198244,0,0,0,0,4.98169442850303e-05,0.020387675960225,9.32150025595067e-06,0,0.000857947650626878,0,0.033959531618784,0,0.0024686823454879
0,0,0,0,0,0,0,0,0,0,0,0,0,0,0,0,9.6480762674553e-05,0.00480232234825077,4.89988367161884e-06,0,0,0.051501567921987,2.24605398858489e-05,0.000465800585182226,0,0.000130773781076912,0,0.00032385609179154,0,0,0,0,0,0,0,0,0,0.0131581779224817,0,0,0,0,0,0,0,0,0,0,0,0.0147185423279068,0,0,0,0,0,0,0,0,0,0,0,0,0,0,0,0,0.0118889071209744,0,0.0131003093338811,0,0.0116300369572036,0,0,0,0,0,0,0,0,0,0.00376052042920281,3.21685841937461e-05,0.0015524970581997,0.00010979165272083,0,0,0
0,0,0,0,0,0,0,0,0,0,0,0,0,0,0,0,0.00127523130511254,0,0,0,0,0.00548088802526073,0.0428328808804634,0,0,0,0,0,5.12016942625383e-05,0,0,0,0,0,0,0,0,0,0.00867636759138907,0,0,0,0,0,0,0,0,0,0.00957059124764184,0,0,0,0,0,0,0,0,0,0,0,0,0,0,0,0,0,0,0.00160198598371763,0,0.00217436922183368,0,0.00104259810338909,0,3.359160244059e-05,0,0,0,0,0,0,0,0.002927424054456,0.000660311553002284,0,0,0,0
0,0,0,0,0,0,0,0,0,0.0120063625520584,0,0,0,0,0,0,0.00158259311567197,0.00133054353793339,0.000997749850258288,0,0,0.000658494478510193,0,0.0907580263245415,0.000209461693842308,0.0126292574924155,0,0,0,0,0,0,0,0,0,0,0,0.00566558946988247,0,0,0,0.000463031114616421,0,0,0,0,0,0,0,0.000783913048150263,0,0,0,0,0,0.0537579172066126,0,0,0,0,0,0,0,0,0.0118889071209744,0,0,0,0.00704994505002064,3.94416369869893e-05,0.00275974070061218,0,0,0,0,0,0,0,0,0,0.00665997751106257,0,0.00103540348896363,3.92932017756118e-06,0.00764232127124369,0,0
0.000768619111747715,0,0,0,0,0,0,0,0.0128112144933125,0,0,0,0,0,0,0,0.00412638226680355,0.000851983495740923,0.000271201446447414,0,0,0,0.000746692048752918,0,0.0800204610580511,0,0.0167629084631881,0,0,0,0,0,0,0,0,0,0,0,0.00231263911780661,0,0,0,0.000143049747857494,0,0,0,0,0,0.00452032526304028,0,0,0,0,0,0.0305700618438766,0,0,0,0,0,0,0,0,0,0,0.00160198598371763,0,0,0,0.0204217069311978,0,0,0,0,0,0,0,0,0,0,0,0.00118808943439774,0.00109350190591067,0,0.000855674697057271,0,0
0,0,0,0,0,0,0,0,0,0.00024189664941706,0,0,0,0.00929049057770895,0,0.00252758497618307,0,0.00124011902203966,0,0,0,8.67063423151638e-05,0,0.000425854450008714,0,0.0105038776539828,0,0,0,0,0,0,0,0,0,0,0,0,0,0,0,0,0,0,0,0,0,0,0,0.000496160916175501,0,0,0,0,0,0,0,0.00563564261813686,0,0.0162533853330529,0,0.0358317501504428,0,0,0.0131003093338811,0,0.00704994505002064,0,0,0,0.00297548023663245,0,0,0,0,0,0,0,0,0,0,0,5.5815512380766e-05,0,1.51435831306202e-05,0,0
0.000418111235466705,0,0,0,0,0,0,0,0.00583921305652928,2.61881844972212e-05,0,0,0,0,0.00054511778093747,0,0.0178985972630002,0.00108283413573984,0.00153124875900016,0,0,0,0.00184562743736765,0.00029545458022578,0.0232510557141491,0,0.0361515850587959,0,0,0,0,0,0,0,0,0,0,0,0,0,0,0,0,0,0,0,0,0,0.000352488972415916,0,0,0,0,0,0.00674596179821161,0,0,0,0,0,0,0,0,0,0,0.00217436922183368,3.94416369869893e-05,0.0204217069311978,0,0,0,8.13299475691627e-05,0,0,0,0,0,0,1.99189597854489e-06,0,0,0,0.000963454218601049,2.61266489643547e-05,3.83749098577877e-05,0,0
