0,0,13.5858427286148,0,0,0,0,0,218.590674772859,0,0,0,0,0,0,0,1.6667058467865,0,66.0839301347733,0,0,0,0,0,0,0,0,0,0,0,0,0,0,0,0,0,1.61637037992477,0,0,0,1.87464475631714,0,11.8518516868353,0,0,0,0.598677039146423,0,11.666781693697,0,0,0,0,0,145.526975616813,0,0,0,0,0,85.7925922572613,0,0,0,0,0,0,0,0,1.16199034452438,0,0,0,0,0,0,0,0,0.411924868822098,11.332958266139,0,0.648045241832733,80.2858026176691,0,239.838586553931,0,0.318465441465378
0,0,0,129.18482118845,0,0,0,0,0,628.939687713981,0,0,0,0,0,2.29192972183228,0.693530544638634,1.18696470558643,1.75728277862072,0,0,0,0,2.18868193030357,0,0,0,0,0,0,0,0,0,0,0,0.601583480834961,0,0,0,0.202239111065865,0,48.6671581119299,0,0,0,0,0,0,0,225.777087002993,0,14.0691011250019,0,0,0,696.470936909318,0,0,0,0,0,22.9595292210579,0,0,0,0,0.34267869591713,0,0,0,0,0,0,0,0,0,0,0,14.8805043399334,0,0.690015077590942,0,84.8200009167194,0,109.093060299754,0,0
13.5858427286148,0,0,0,10.7153220176697,0,0,0,0,0,0,0,0,0,0,0,0,1.43284964561462,0.218642443418503,0,0,0,0,0,0,0,0,0,0,0,0,0,0,0,0,0,0,0,0,0,1.06038673222065,0,20.3599833101034,0,0,0,9.84847208857536,0.220658928155899,93.7805487662554,0,116.327699244022,0,0,0,25.9035977125168,0,8.46240854263306,0,55.6300724744797,0,63.4134157299995,0,0,0,0,0,0,0,0,0,0,0,0,9.26756040751934,0,0,0,0,0,0.804082810878754,0,0.555852219462395,62.0770832747221,0,155.34755627811,0,5.38437354564667
0,129.18482118845,0,0,0,482.573821872473,0,0,0,94.9488813281059,0,0.249564707279205,0,0,0,0,3.3807370364666,5.65426114201546,10.1634902209044,0,0,0,0,0,0,0,0,0,0,0,0,0,0,0,0,2.32186616957188,0,0.343812793493271,0,13.6518580466509,0,27.5483935028315,0,0,0,5.3280676305294,0,4.42969954013824,2.63960641622543,47.9180081635714,0,6.72261667251587,0,0,0,97.8713694810867,0,34.7664276063442,0,0,0,6.74374049901962,2.23604799807072,0,0,0,0,0,0,0,4.81832410395145,0,50.5647177398205,0,0,0,0,0,36.6731547042727,0,20.534388333559,0,223.984934151173,0,204.287233486772,4.78459052741528,0
0,0,10.7153220176697,0,0,0,10.1162617206573,0,171.936243265867,0,0,0,0,0,0,0,0,0,0,0,37.0594843924046,0,0,0,0,0,0,0,0,0,0,0,0,0,0,0,10.950257897377,0,0,0,3.76367509365082,0,14.1200337409973,0,0,0,2.03838843107224,5.62921991944313,70.9592426121235,0,415.990013003349,0,100.314391613007,0,1.87208454310894,0,0,0,0,0,0,0,0,0.998524725437164,0,0,0,0,0,0,0,0,0,0,0,0,0,0,0,12.2804099917412,0,0,220.193946629763,0,135.038414031267,0,0
0,0,0,482.573821872473,0,0,0,202.755101382732,0,140.81936609745,0,0,0,1.45456349849701,0,0,0,0,0,71.1061952114105,0,0,0,0,0,0,0,0,0,0,0,0,0,0,0,40.5309615135193,0,0,0,1.39938206970692,0,5.13172866404057,0,0,0,2.73430223762989,0,6.96694391965866,2.0306218713522,7.74577951431274,0,739.143513888121,0,10.3824009895325,0,44.1352229118347,0,2.16023856401443,0,48.3139021992683,0,29.0215944945812,14.9638360738754,0,0,0,0,0,0,0,1.01029016077518,0,3.40999080240726,0,0,0,0,0,83.6832205057144,0,0,0,1441.08233357966,32.1406066417694,340.675105854869,0,0
0,0,0,0,10.1162617206573,0,0,0,0,0,6.94165134429932,0,0,0,0,0,0,0,0,0,0,0,0,0,0,0,0,0,0,0,0,0,0,0,0,0,0,0,0,0,0,0,0,0,0,0,0,0,0,0,29.0848382711411,0,178.142525553703,0,0,0,0,0,0,0,0,0,0,0,0,0,0,0,0,0,0,0,0,0,0,0,0,0,0,0,0,0,7.4313383102417,0,0,0,0
0,0,0,0,0,202.755101382732,0,0,0,0,0,97.0101704597473,0,28.941103041172,0,0,0,0,0,6.75426387786865,0,0,0,0,0,0,0,0,0,0,0,0,0,0,0,0,0,0,0,0,0,0,0,0,0,0,0,0,0,0,0,47.7894650101662,0,306.075696885586,0,0,0,83.0780470371246,0,26.3208201527596,0,0,0,0,0,0,0,0,0,0,0,0,0,0,0,0,0,0,0,0,0,0,333.051999390125,0,20.1851382255554,0,0
218.590674772859,0,0,0,171.936243265867,0,0,0,0,0,0,0,14.4395978450775,0,287.314490914345,0,55.2439742684364,30.0199894607067,0.925364255905151,0,0,0,0,0,41.4332524985075,0,2.3327608704567,0,0,0,0,0,0,0,0,0,0,0,25.7246262431145,0,0,0,16.2381244301796,0,0,0,0,0,49.0887116193771,0,0,0,0,0,909.774793595076,0,0,0,0,0,70.2762046158314,0,0,0,0,0,0,9.35297802090645,0,13.5542570948601,0,0,0,0,0,0,0,0,0,0,0,29.555480748415,135.683304309845,0,107.187498882413,0,2.70468111336231
0,628.939687713981,0,94.9488813281059,0,140.81936609745,0,0,0,0,0,0,0,0,0,6.25628006458282,33.40731780231,309.535874083638,11.388193666935,0,0,0,0,8.96129381656647,0,0,0,0,0,0,0,0,0,2.31697934865952,0,0,0,182.07891073823,0,0,0,50.4687981307507,0,0,0,0,0,0,0,13.803792566061,0,59.232453584671,0,0,0,637.563014924526,0,0,0,0,0,34.7248725295067,0,0,0,0,0.357121467590332,0,0,0,0,0,0,0,0,0,3.76074510812759,0,0,0,11.3205887675285,0,541.236293241382,0,297.62412416935,0,0
0,0,0,0,0,0,6.94165134429932,0,0,0,0,0,0,0,0,0,0,0,0,0,760.84526181221,0,0,0,0,0,0,0,0,0,4.97785329818726,0,0,0,0,0,113.943049669266,0,444.957832217216,0,0,0,0,0,0,0,0,0,0,0,0,0,5.39495062828064,0,0,0,493.693722814322,0,0,0,0,0,0,1.00559362769127,0,0,0,0,0,0,0,0,0,2.5981137752533,0,0,0,0,0,0,0,2.14120781421661,363.659561753273,0,40.9004036188126,0,0
0,0,0,0.249564707279205,0,0,0,97.0101704597473,0,0,0,0,0,0,0,0,0,0,2.78688436746597,561.215182110667,0,0,0,0,0,0,0,0,0,32.5657033324242,0,0,0,0,0,964.002644300461,0,189.968177482486,0,0.335955008864403,0,1.78191994130611,0,0,0,12.4950882196426,0,0,0,0.37752765417099,0,0,0,35.1647410392761,0,0,0,748.336357533932,0,1,0,0,129.304887890816,0,0,0,0,0,0,0,0.172474205493927,0,110.143193021417,0,0,0,0,0,193.102238163352,0,0.913567304611206,0,686.218442454934,0,20.8822175264359,0.411667436361313,0
0,0,0,0,0,0,0,0,14.4395978450775,0,0,0,0,0,77.0926485955715,0,0,0,0,0,0,0,0,0,0,0,0,0,0,0,0,0,0,0,0,0,0,0,0,0,0,0,0,0,0,0,0,0,0,0,0,0,43.2021298408508,0,0,0,0,0,34.3962025642395,0,0,0,0,0,0,0,0,0,0,0,0,0,0,0,0,0,0,0,0,0,0,0,110.874771237373,0,0,0,0
0,0,0,0,0,1.45456349849701,0,28.941103041172,0,0,0,0,0,0,0,4,0,0,0,0,0,0,0,0,0,0,0,11.3594748973846,0,0,0,0,0,0,0,0,0,0,0,0,0,0,0,0,0,0,0,0,0,0,0,1.01741826534271,0,29.3872715234756,0,0,0,0,0,215.65304350853,0,1,0,0,0,0,0,0,0,0,0,0,0,0,0,0,0,0,0,0,0,0,0,0,0,0,0
0,0,0,0,0,0,0,0,287.314490914345,0,0,0,77.0926485955715,0,0,0,0,0,0,0,0,0,0,0,0,0,0,0,0,0,0,0,0,0,0,0,0,0,0,0,0,0,0,0,0,0,0,0,0,0,0,0,0,0,99.4588233977556,0,0,0,97.7254433035851,0,28.4588229656219,0,0,0,0,0,0,0,0,0,0,0,0,0,0,0,0,0,0,0,0,0,0,0,0,0,0
0,2.29192972183228,0,0,0,0,0,0,0,6.25628006458282,0,0,0,4,0,0,0.322331696748734,29.3386441767216,0,0,0,0,0,0,0,17.6374117732048,0,0,0,0,0,0,0,0,0,0,0,0,0,0,0,0,0,0,0,0,0,0,0,0,0,15.7265236377716,0,0,0,31.1212268471718,0,0,0,0,0,5.28864794969559,0,0,0,0,0,0,0,0,0,0,0,0,0,0,0,0,0,0,0,0,46.7230107188225,0,0,0,0
1.6667058467865,0.693530544638634,0,3.3807370364666,0,0,0,0,55.2439742684364,33.40731780231,0,0,0,0,0,0.322331696748734,0,14985.3741560802,5906.12785121053,0,1.85737411677837,0.229611024260521,57.8447781205177,4.74359941482544,0,1.95955169200897,0.796818554401398,0,0,0,0,0,0,0,0,3.84608919918537,7.89400444179773,0,0,45.369758605957,15.8966349065304,17.4047362804413,49.4678868055344,0,0,25.8631226122379,47.5931224524975,0,0,2.87065316736698,0,0,0,0,0,0,0,0,0,0,0,0,1.499661244452,3.45130163431168,0,0,0,0,0,0,0,0,1.00070051848888,0.18643082678318,0,0,0,0,71.4430669471622,78.770585924387,2.07327705621719,10.8703669458628,13178.0832914934,662.638245873153,92.2623321712017,6.49740102887154,15.2795128077269
0,1.18696470558643,1.43284964561462,5.65426114201546,0,0,0,0,30.0199894607067,309.535874083638,0,0,0,0,0,29.3386441767216,14985.3741560802,0,7399.33803512156,0,0.212958171963692,10.27239382267,0,39.3044857382774,0,63.7768023908138,0,2.05561229586601,0,0,0,0,0,0,0,6.1860504001379,5.91310011595488,0.706063091754913,0,53.2744426205754,10.615161433816,46.8899806290865,16.4818720519543,0,0.59753155708313,24.6975305825472,20.5501160994172,0.178480938076973,0,2.65390574932098,0,0,0,0,0,0,0,1.60923095047474,0,0,0,0.348757296800613,0.140761032700539,0.479133442044258,0,0,0,0,5.46150720119476,0,0.448332071304321,0,1.34969812631607,1.49053351581097,0,0,0,0,72.0463942289352,39.8061955943704,8.08994592726231,8.34658764302731,19179.6923753917,7599.11611774564,72.3886807560921,15.4623796343803,12.673886090517
66.0839301347733,1.75728277862072,0.218642443418503,10.1634902209044,0,0,0,0,0.925364255905151,11.388193666935,0,2.78688436746597,0,0,0,0,5906.12785121053,7399.33803512156,0,0,9.39551462978125,0,0,0,0,0,0,0,0,0,0,0,0,0,0,126.768122695386,193.319321900606,0.380392670631409,0,1119.11784768105,394.700848400593,747.758317098022,760.155079528689,0.968444406986237,2.23274850845337,377.203098461032,917.845055229962,0.483108162879944,3.42636941373348,48.2822640836239,1.24772867560387,0,0,0,0,0,0,84.2072241827846,0,0,0,0,5.28651551902294,52.5308343544602,0,0,0,0,0,0,8.00008303672075,0,114.482912898064,94.9870120882988,0,0,0,0,1809.98965864629,1738.43749009818,312.318195857108,366.540940478444,7515.31396251917,93.2515334635973,2545.82655775547,166.822138726711,271.227194964886
0,0,0,0,0,71.1061952114105,0,6.75426387786865,0,0,0,561.215182110667,0,0,0,0,0,0,0,0,0,0,0,0,0,0,0,0,0,0,0,0,0,0,0,726.863341681659,0,80.0699758976698,0,0.270542159676552,0,0,0,0,0,5.59506857395172,0,9.17924009263515,1.43174624443054,0,0,0,0,0,0,0,0,78.2121122330427,0,0,0,0,1476.51538211852,0,0,0,0,0,0,0,0,0,59.4199843108654,0,0,0,0,0,590.921741500497,0,63.6417562365532,0,371.397021770477,0,111.931621059775,0,0
0,0,0,0,37.0594843924046,0,0,0,0,0,760.84526181221,0,0,0,0,0,1.85737411677837,0.212958171963692,9.39551462978125,0,0,0,0,0,0,0,0,0,0,0,0,0,0,0,0,0,537.1800269261,0,246.690630972385,0,0,0,3.69463275372982,0,0.758005328476429,0,19.0681744590402,0,1.12281985580921,0,149.413659930229,0,0,0,0,0,206.278058335185,0,0,0,0,0,0,2430.48062068969,0,0,0,0,0,0,0,1.12801146507263,0,20.2137304097414,0,0,0,0,1.82107436656952,723.628957889974,0,160.54868170619,134.625079706311,0.178056731820107,84.6540760695934,0,0
0,0,0,0,0,0,0,0,0,0,0,0,0,0,0,0,0.229611024260521,10.27239382267,0,0,0,0,2,36.0757720470428,0,126.211645632982,0,26.339608669281,0,0,0,0,0,0,0,0,0,299.509029716253,0,0,0,0,0,0,0,0,0,0,0,50.659293025732,0,0,0,0,0,0,0,0,0,0,0,0,0,0,3785.30165581405,0,2,0,0,0,89.4828147888184,0,0,0,0,0,0,0,0,0,123.976320967078,0,208.41062182188,0,10.3758608400822,0,0
0,0,0,0,0,0,0,0,0,0,0,0,0,0,0,0,57.8447781205177,0,0,0,0,2,0,0,25.7069376707077,0,214.961151212454,0,56.1288692355156,0,0,0,0,0,0,0,0,0,301.686174944043,0,0,0,0,0,0,0,0,0,307.077931761742,0,0,0,0,0,0,0,0,0,0,0,0,0,0,0,0,3587.20238748193,0,47.6114249229431,0,22.6062831282616,0,0.770039498806,0,0,0,0,0,0,0,0,0,131.134650334716,288.315540969372,0,0,0,0
0,2.18868193030357,0,0,0,0,0,0,0,8.96129381656647,0,0,0,0,0,0,4.74359941482544,39.3044857382774,0,0,0,36.0757720470428,0,0,0,0.256692737340927,0,0,0,0,0,0,0,0,0,0,0,95.5667210519314,0,0,0,1.23201036453247,0,0,0,0,0,0,0,4.34154206514359,0,0,0,0,0,100.704102694988,0,1.17214539647102,0,0,0,2.70752149820328,0,0,5.43599918484688,0,301.032210081816,0,29.6423118114471,0,1.06391470134258,0,0,0,0,0,0,0,0,0,61.266188710928,0,57.23231112957,0,148.691045939922,0,0
0,0,0,0,0,0,0,0,41.4332524985075,0,0,0,0,0,0,0,0,0,0,0,0,0,25.7069376707077,0,0,0,66.3543744981289,0,0,0,0,0,0,0,0,0,0,0,311.590650379658,0,0,0,0,0,0,0,0,0,4.28954714536667,0,0,0,0,0,98.7654096782207,0,0,0,0,0,1,0,0,0,0,31.7205300331116,0,395.696551173925,0,23.8692714869976,0,0,0,0,0,0,0,0,0,0,0,173.241628170013,85.204450905323,0,61.0256224572659,0,0
0,0,0,0,0,0,0,0,0,0,0,0,0,0,0,17.6374117732048,1.95955169200897,63.7768023908138,0,0,0,126.211645632982,0,0.256692737340927,0,0,0,16.1103211641312,0,0,0,0,0,0,0,0,0,0,0,0,0,0,0,0,0,0,0,0,0,0.569349616765976,0,0,0,0,0,0,0,0,0,0,0,0.311349034309387,0,0,0,0,2.57488033175468,0,153.476480767131,0,3.39395728707314,0,0,0,0,0,0,0,0,0,0,0,50.0302663147449,0,0,0,0
0,0,0,0,0,0,0,0,2.3327608704567,0,0,0,0,0,0,0,0.796818554401398,0,0,0,0,0,214.961151212454,0,66.3543744981289,0,0,0,85.0141979455948,0,0,0,0,0,0,0,0,0,0,0,0,0,0,0,0,0,0,0,0,0,0,0,0,0,9.00136876106262,0,0,0,0,0,0,0,0,0,0,196.887106001377,0,0,0,68.0959066450596,0,26.9101575613022,0,0,0,0,0,0,0,0,0,0,0,0,0,0,0
0,0,0,0,0,0,0,0,0,0,0,0,0,11.3594748973846,0,0,0,2.05561229586601,0,0,0,26.339608669281,0,0,0,16.1103211641312,0,0,0,26.4217585623264,0,0,0,0,0,0,0,0,0,0,0,0,0,0,0,0,0,0,0,0,0,0,0,0,0,0,0,0,0,0,0,0,0,0,0,0,0,0,0.581989884376526,0,286.331502646208,0,179.832398295403,0,0,0,0,0,0,0,0,0,12.7726342380047,0,0,0,0
0,0,0,0,0,0,0,0,0,0,0,0,0,0,0,0,0,0,0,0,0,0,56.1288692355156,0,0,0,85.0141979455948,0,0,0,2,0,0,0,0,0,0,0,0,0,0,0,0,0,0,0,0,0,0,0,0,0,0,0,0,0,0,0,0,0,0,0,0,0,0,25.752264291048,0,0,0,10.2132108509541,0,594.540039509535,0,0,0,0,0,0,0,0,0,0.422012954950333,1,0,0,0,0
0,0,0,0,0,0,0,0,0,0,0,32.5657033324242,0,0,0,0,0,0,0,0,0,0,0,0,0,0,0,26.4217585623264,0,0,0,0,0,0,0,0,0,53.3189843893051,0,0,0,0,0,0,0,0,0,0,0,0,0,0,0,0,0,0,0,10.4243677258492,0,0,0,0,0,0,0,0,0,0,0,0,0,0,240.469872564077,0,0,0,0,0,0,0,0,0,0,0,0,0,0
0,0,0,0,0,0,0,0,0,0,4.97785329818726,0,0,0,0,0,0,0,0,0,0,0,0,0,0,0,0,0,2,0,0,0,0,0,0,0,0,0,207.357400983572,0,0,0,0,0,0,0,0,0,0,0,0,0,0,0,0,0,12.5326232910156,0,0,0,0,0,0,0,0,0,0,0,0,0,0,4.74412202835083,0,19.6522938609123,0,0,0,0,0,0,0,3.68388873338699,0,0,0,0,0
0,0,0,0,0,0,0,0,0,0,0,0,0,0,0,0,0,0,0,0,0,0,0,0,0,0,0,0,0,0,0,0,907.313131541014,43.6026894301176,2.76023769378662,179.432193666697,136.597885668278,0,0,0,0,0,0,0,0,0,0,1806.9980251193,105.115677982569,3.09779393672943,0,0,0,0,0,0,0,0,0,0,0,0,0,0,0,0,0,0,0,0,0,0,0,0,1001.9599391818,353.732629686594,2.63275071978569,1.59977686405182,396.203207194805,45.4525331258774,0,0,861.344772696495,0,0.52710235118866,0,0
0,0,0,0,0,0,0,0,0,0,0,0,0,0,0,0,0,0,0,0,0,0,0,0,0,0,0,0,0,0,0,907.313131541014,0,3.83642320334911,37.3428910374641,16.9462947100401,371.23821260035,0,0,0,0,0,0,0,0,0,0,936.485640242696,26.576392352581,0,0,0,0,0,0,0,0,0,0,0,0,0,0,0,0,0,0,0,0,0,0,0,0,0,944.215166896582,3669.31667965651,0,22.5848287343979,111.773638829589,767.653244286776,0,0,159.420161902905,0,0,0,0
0,0,0,0,0,0,0,0,0,2.31697934865952,0,0,0,0,0,0,0,0,0,0,0,0,0,0,0,0,0,0,0,0,0,43.6026894301176,3.83642320334911,0,619.197355240583,370.168090224266,0.206353649497032,262.507238835096,12.7981595993042,0,0,0.433184742927551,0,0,0,0,0,2816.31068825722,18.6123893260956,1.4840635061264,0,0,0,0,0,1.6891094148159,0,0,0,0,0,0,0,0,0,0,0.366703271865845,0,0,0,0,0,0,0,33.5622072815895,1.48525649309158,889.34358048439,170.606179058552,63.3306531012058,2.50943511724472,25.7488033175468,0,400.843914419413,4.77505302429199,4.00505235791206,0,0
0,0,0,0,0,0,0,0,0,0,0,0,0,0,0,0,0,0,0,0,0,0,0,0,0,0,0,0,0,0,0,2.76023769378662,37.3428910374641,619.197355240583,0,0,158.425061285496,0,0,0,0,0,0,0,0,0,0,1564.91019722819,0.931654810905457,0,0,0,0,0,0,0,0,0,0,0,0,0,0,0,0,0,0,0,0,0,0,0,0,0,0,63.6665184795856,691.982809573412,1069.33161047101,0,217.492084145546,0,26.3392331302166,71.1228941977024,0,0.323397994041443,0,0
0,0.601583480834961,0,2.32186616957188,0,40.5309615135193,0,0,0,0,0,964.002644300461,0,0,0,0,3.84608919918537,6.1860504001379,126.768122695386,726.863341681659,0,0,0,0,0,0,0,0,0,0,0,179.432193666697,16.9462947100401,370.168090224266,0,0,291.73541367054,1359.64154374599,7.48096001148224,38.6651608198881,0,75.2049456164241,3.33518277108669,0,0,146.037431806326,4.89932252466679,457.281968176365,0,1.54081691801548,0,0,0,0,0,0,0,4.08658918738365,0,0,0,0,132.875028900802,0,0,0,0,0,0,0,1.17721511423588,0,1.85290689766407,1.47391924262047,134.030332282186,0.715865015983582,45.2071480154991,0,20749.0674343333,145.574015110731,167.354043722153,2.50982266664505,3232.64581714571,115.737852618098,85.6464132964611,15.7223869115114,0
1.61637037992477,0,0,0,10.950257897377,0,0,0,0,0,113.943049669266,0,0,0,0,0,7.89400444179773,5.91310011595488,193.319321900606,0,537.1800269261,0,0,0,0,0,0,0,0,0,0,136.597885668278,371.23821260035,0.206353649497032,158.425061285496,291.73541367054,0,0,1979.83798511326,1.74681936204433,6.05263347923756,0.531109891831875,86.575470879674,0,1.29347230494022,1.01552937924862,188.579697780311,90.043112039566,21.4517880380154,0,26.608490884304,0,0,0,0,0,96.4010986089706,0.699144959449768,0.7058025598526,0,0,0,0,766.604166127741,0,0,0,0,0,0,0,0,0,5.84190161526203,33.0405563265085,57.2199336290359,0,62.6284585297108,82.9477885514498,15607.7974125519,0,1252.31294772774,2205.2609661445,139.135687768459,212.564327582717,0.23956124484539,25.091102540493
0,0,0,0.343812793493271,0,0,0,0,0,182.07891073823,0,189.968177482486,0,0,0,0,0,0.706063091754913,0.380392670631409,80.0699758976698,0,299.509029716253,0,95.5667210519314,0,0,0,0,0,53.3189843893051,0,0,0,262.507238835096,0,1359.64154374599,0,0,155.093158960342,1.07387910783291,0,31.8694324195385,0,0,0,18.2033851742744,0,130.785247266293,0,289.866740599275,0,0,0,0,0,100.954632937908,0,20.5739856511354,0,0,0,0,21.4353949129581,0,133.627126812935,0,153.657677471638,0,0,0,6.06253397464752,0,69.8029850423336,0,0,0,261.014383047819,0,502.552693843842,0,4895.08662354946,0,749.445414841175,5.01786509156227,345.537007063627,1.34693479537964,0
0,0,0,0,0,0,0,0,25.7246262431145,0,444.957832217216,0,0,0,0,0,0,0,0,0,246.690630972385,0,301.686174944043,0,311.590650379658,0,0,0,0,0,207.357400983572,0,0,12.7981595993042,0,7.48096001148224,1979.83798511326,155.093158960342,0,0,0,12.2657967805862,0,0,0,0,3.15181016921997,83.3502306938171,152.092251002789,0,0,0,0,0,104.808832556009,0,358.166735649109,0,0,0,0,0,0,38.6090892851353,0,110.939627304673,0,939.417287766933,0,0,0,15.8338704109192,0,92.5257483720779,0,0,0,13.1086544692516,0,398.870965659618,0,8981.07051020861,456.475961774588,34.9710913896561,70.9535840749741,0,0
0,0.202239111065865,0,13.6518580466509,0,1.39938206970692,0,0,0,0,0,0.335955008864403,0,0,0,0,45.369758605957,53.2744426205754,1119.11784768105,0.270542159676552,0,0,0,0,0,0,0,0,0,0,0,0,0,0,0,38.6651608198881,1.74681936204433,1.07387910783291,0,0,9.18791404366493,2275.35728286207,35.1586235463619,2.88192988932133,0,595.884152472019,22.5676839500666,6.51760052144527,1.18852931261063,486.711864441633,0,0,0,0,0,0,0,53.7690210565925,0,0,0,0,178.766782082617,0.0973173007369041,0,0,0.263792872428894,0,0.20226962864399,0,6.70831658691168,0,37.1623942181468,2.3078984618187,0,0,0,0,1329.65515363216,28.200038395822,118.070610523224,3.71832777559757,594.247974067926,16.5408746004105,1454.3011630699,228.554056033492,8.26205173134804
1.87464475631714,0,1.06038673222065,0,3.76367509365082,0,0,0,0,0,0,0,0,0,0,0,15.8966349065304,10.615161433816,394.700848400593,0,0,0,0,0,0,0,0,0,0,0,0,0,0,0,0,0,6.05263347923756,0,0,9.18791404366493,0,2.01552730798721,544.835883304477,0,4.71616689860821,1.81041075289249,301.110271915793,6.67695307731628,143.57067887485,0,7.75766596198082,0,0,0,1.86992335319519,0,3.69336202740669,0.194404855370522,0.607126951217651,0,0,0,0,55.9394671916962,0,0,0,0,0,0,0,0,1.31108796596527,4.77229532599449,0,0,0,0,3.67069408297539,1667.4338600859,1.25899374485016,20.0815897583961,101.93164922297,1.61935383081436,790.793536357582,0,187.206059724092
0,48.6671581119299,0,27.5483935028315,0,5.13172866404057,0,0,0,50.4687981307507,0,1.78191994130611,0,0,0,0,17.4047362804413,46.8899806290865,747.758317098022,0,0,0,0,1.23201036453247,0,0,0,0,0,0,0,0,0,0.433184742927551,0,75.2049456164241,0.531109891831875,31.8694324195385,12.2657967805862,2275.35728286207,2.01552730798721,0,495.141634836793,4.02370853722095,0,201.747559718788,23.2593986093998,279.866662740707,39.1515756696463,1038.03440175951,0,0,0,0,0,6.15715511143208,0,205.946396887302,0,0,0,0,204.032174602151,1.43446743488312,0,0,2.64682924747467,0,1.05493667721748,0,34.8562384992838,0,514.61079005897,1.13833598792553,0,0,0,0,1686.6579233259,21.8655205592513,128.737312093377,1.82661427557468,3178.49142220616,27.455522403121,4623.24031172693,1201.34068097174,2.57639847695827
11.8518516868353,0,20.3599833101034,0,14.1200337409973,0,0,0,16.2381244301796,0,0,0,0,0,0,0,49.4678868055344,16.4818720519543,760.155079528689,0,3.69463275372982,0,0,0,0,0,0,0,0,0,0,0,0,0,0,3.33518277108669,86.575470879674,0,0,35.1586235463619,544.835883304477,495.141634836793,0,0,25.16065081954,10.9777244478464,1326.97488093376,33.386852055788,330.890779167414,12.9532846063375,11.6980854272842,0,0,0,4.50037610530853,0,1.17241272330284,0.987606287002563,0.27816715836525,0,0,0,0,117.651724509895,0,0,0,0,0,0,0,0,0.599017232656479,552.155829779804,0,0,0,0,48.6187452673912,1566.12923531979,10.9529439210892,185.390603899956,1098.92386858165,8.99181792140007,4636.51384337991,13.593255251646,1408.80805778503
0,0,0,0,0,0,0,0,0,0,0,0,0,0,0,0,0,0,0.968444406986237,0,0,0,0,0,0,0,0,0,0,0,0,0,0,0,0,0,0,0,0,2.88192988932133,0,4.02370853722095,0,0,0,0.206046968698502,0,0,0,0,0,0,0,0,0,0,0,0,0,0,0,0,0,0,0,0,0,0,0,0,0,0,0,0,0,0,0,0,1.28527547419071,0,0,0,0,0,6.23207232356071,0,0
0,0,0,0,0,0,0,0,0,0,0,0,0,0,0,0,0,0.59753155708313,2.23274850845337,0,0.758005328476429,0,0,0,0,0,0,0,0,0,0,0,0,0,0,0,1.29347230494022,0,0,0,4.71616689860821,0,25.16065081954,0,0,0,24.0438352078199,0,0,0,0,0,0,0,0,0,0,0,0,0,0,0,0,2.83188822120428,0,0,0,0,0,0,0,0,0,0.761735320091248,0,0,0,0,0,21.2238543629646,0,0.222081214189529,0.512308597564697,0,95.9778746366501,0,1.87934559583664
0,0,0,5.3280676305294,0,2.73430223762989,0,0,0,0,0,12.4950882196426,0,0,0,0,25.8631226122379,24.6975305825472,377.203098461032,5.59506857395172,0,0,0,0,0,0,0,0,0,0,0,0,0,0,0,146.037431806326,1.01552937924862,18.2033851742744,0,595.884152472019,1.81041075289249,201.747559718788,10.9777244478464,0.206046968698502,0,0,4.76511566340923,103.259833917022,57.9895305335522,104.765033565462,0,0,0,0,0,0,0,78.2276638969779,0,0,0,0,768.852869562805,2.0663438141346,0,0,0,0,0.139996930956841,0,3.67050021886826,0,74.2085358947515,0.81290739774704,0,0,0,0,3220.91288220882,11.1154423505068,833.693878188729,2.24047708511353,339.328944548965,5.09165441989899,757.626968987286,21.7212016433477,1.29445101320744
0.598677039146423,0,9.84847208857536,0,2.03838843107224,0,0,0,0,0,0,0,0,0,0,0,47.5931224524975,20.5501160994172,917.845055229962,0,19.0681744590402,0,0,0,0,0,0,0,0,0,0,0,0,0,0,4.89932252466679,188.579697780311,0,3.15181016921997,22.5676839500666,301.110271915793,23.2593986093998,1326.97488093376,0,24.0438352078199,4.76511566340923,0,1.11896353960037,147.486041739583,0.413331016898155,2.78195029497147,0,0,0,3.15130019187927,0,0.883795529603958,0.404440686106682,0,0,0.569977104663849,0,0,404.706283248961,0,0,0,0,0,0,0.164510384202003,0,0.374614149332047,62.7561239004135,0,0,0,0,20.2387418225408,2247.41778083146,2.98337407410145,440.999556615949,389.603807665408,36.5503454655409,1554.08132365346,5.88132120668888,36.8216153010726
0,0,0.220658928155899,4.42969954013824,5.62921991944313,6.96694391965866,0,0,0,0,0,0,0,0,0,0,0,0.178480938076973,0.483108162879944,9.17924009263515,0,0,0,0,0,0,0,0,0,0,0,1806.9980251193,936.485640242696,2816.31068825722,1564.91019722819,457.281968176365,90.043112039566,130.785247266293,83.3502306938171,6.51760052144527,6.67695307731628,279.866662740707,33.386852055788,0,0,103.259833917022,1.11896353960037,0,1452.58360695839,1239.11951297522,1.431889295578,0,0,0,0,0,0,1.82205712795258,0,0,0,0,54.4181285500526,1.7279000878334,0,0,0,0,0,0,1.04378522932529,0,0.773588985204697,0,3666.13504770398,965.485195875168,23.4996688067913,1018.09718126059,2510.547411412,4202.71713109314,358.098552972078,1.63649043440819,3364.44546312094,0,909.741354644299,0.449700087308884,0
11.666781693697,0,93.7805487662554,2.63960641622543,70.9592426121235,2.0306218713522,0,0,49.0887116193771,0,0,0,0,0,0,0,0,0,3.42636941373348,1.43174624443054,1.12281985580921,0,307.077931761742,0,4.28954714536667,0,0,0,0,0,0,105.115677982569,26.576392352581,18.6123893260956,0.931654810905457,0,21.4517880380154,0,152.092251002789,1.18852931261063,143.57067887485,39.1515756696463,330.890779167414,0,0,57.9895305335522,147.486041739583,1452.58360695839,0,187.407795608044,47.8584641516209,0,0,0,95.0366425812244,0,12.0877198427916,3.96083617210388,8.16202041506767,0,9.53587234020233,0,1.33995318412781,16.7014424204826,0,234.50376060605,0,21.064461171627,0,10.521132349968,2.11474791169167,233.158939316869,1.8260168582201,66.8909019976854,25.3156672716141,15.9839361906052,1.78908324241638,0,31.2537850737572,3094.29988324642,0.879831373691559,187.149707049131,967.389813885093,0.49100124835968,1682.74536816776,0.431142717599869,5.80198419094086
0,225.777087002993,0,47.9180081635714,0,7.74577951431274,0,0,0,13.803792566061,0,0.37752765417099,0,0,0,0,2.87065316736698,2.65390574932098,48.2822640836239,0,0,50.659293025732,0,4.34154206514359,0,0.569349616765976,0,0,0,0,0,3.09779393672943,0,1.4840635061264,0,1.54081691801548,0,289.866740599275,0,486.711864441633,0,1038.03440175951,12.9532846063375,0,0,104.765033565462,0.413331016898155,1239.11951297522,187.407795608044,0,0,136.397549331188,0,0,0,51.8401271998882,0,67.4352387264371,0,1.48116005957127,0,60.8135255873203,12.5246049314737,0,16.7876268774271,0,22.1674072444439,0,45.7930609881878,0,95.5941720828414,0,168.581404566765,0,0,0,0.844235420227051,5.81419909000397,418.062063492835,13.4285265058279,970.82310436666,0.442616850137711,622.340686604381,1.82753849029541,1336.59355954826,14.6797728389502,0
0,0,116.327699244022,0,415.990013003349,0,29.0848382711411,0,0,0,0,0,0,0,0,0,0,0,1.24772867560387,0,149.413659930229,0,0,0,0,0,0,0,0,0,0,0,0,0,0,0,26.608490884304,0,0,0,7.75766596198082,0,11.6980854272842,0,0,0,2.78195029497147,1.431889295578,47.8584641516209,0,0,0,30.2339425086975,0,0,0,25.6000438630581,0,179.266960412264,0,18.3231495916843,0,0,90.2701844871044,0,0,0,0,0,0,0,0,0,0,0,0,0,0,0,65.5211097002029,0,0,104.432353496552,0,311.504287838936,0,0
0,14.0691011250019,0,6.72261667251587,0,739.143513888121,0,47.7894650101662,0,59.232453584671,0,0,0,1.01741826534271,0,15.7265236377716,0,0,0,0,0,0,0,0,0,0,0,0,0,0,0,0,0,0,0,0,0,0,0,0,0,0,0,0,0,0,0,0,0,136.397549331188,0,0,0,15.4634734392166,0,102.186717152596,0,0,0,194.644354820251,0,305.929692983627,0,0,0,0,0,0,0,0,0,0,0,0,0,0,0,0,0,0,0,0,68.1903832256794,0,0,0,0
0,0,0,0,100.314391613007,0,178.142525553703,0,0,0,5.39495062828064,0,43.2021298408508,0,0,0,0,0,0,0,0,0,0,0,0,0,0,0,0,0,0,0,0,0,0,0,0,0,0,0,0,0,0,0,0,0,0,0,0,0,30.2339425086975,0,0,0,0,0,47.5908805131912,0,0,0,0,0,0,0,0,0,0,0,0,0,0,0,0,0,0,0,0,0,0,0,0,0,119.635038495064,0,0,0,0
0,0,0,0,0,10.3824009895325,0,306.075696885586,0,0,0,35.1647410392761,0,29.3872715234756,0,0,0,0,0,0,0,0,0,0,0,0,0,0,0,0,0,0,0,0,0,0,0,0,0,0,0,0,0,0,0,0,0,0,0,0,0,15.4634734392166,0,0,0,0,0,141.462748885155,0,18.6806446313858,0,0,0,0,0,0,0,0,0,0,0,0,0,0,0,0,0,0,0,0,0,0,22.9182254076004,0,0,0,0
145.526975616813,0,25.9035977125168,0,1.87208454310894,0,0,0,909.774793595076,0,0,0,0,0,99.4588233977556,0,0,0,0,0,0,0,0,0,98.7654096782207,0,9.00136876106262,0,0,0,0,0,0,0,0,0,0,0,104.808832556009,0,1.86992335319519,0,4.50037610530853,0,0,0,3.15130019187927,0,95.0366425812244,0,0,0,0,0,0,0,0,0,0,0,181.901042044163,0,0,0,0,0,0,352.524219602346,0,135.347351908684,0,0,0,0,0,0,0,0,0,0,0,365.780704021454,9.97759214043617,0,31.9056216180325,0,0
0,696.470936909318,0,97.8713694810867,0,44.1352229118347,0,0,0,637.563014924526,0,0,0,0,0,31.1212268471718,0,0,0,0,0,0,0,100.704102694988,0,0,0,0,0,0,0,0,0,1.6891094148159,0,0,0,100.954632937908,0,0,0,6.15715511143208,0,0,0,0,0,0,0,51.8401271998882,0,102.186717152596,0,0,0,0,0,6.53368020057678,0,6.3043726682663,0,130.944720506668,0,0,0,0,131.289212673903,0,0,0,0,0,0,0,0,0,4.66193556785583,0,0,0,63.2954688519239,0,10.7747392058372,0,80.3004889786243,0,0
0,0,8.46240854263306,0,0,0,0,0,0,0,493.693722814322,0,0,0,0,0,0,0,0,0,206.278058335185,0,0,0,0,0,0,0,0,0,12.5326232910156,0,0,0,0,0,96.4010986089706,0,358.166735649109,0,3.69336202740669,0,1.17241272330284,0,0,0,0.883795529603958,0,12.0877198427916,0,25.6000438630581,0,47.5908805131912,0,0,0,0,0,1.97248968482018,0,0,0,0,414.150678247213,0,0,0,0.756402254104614,0,0,0,163.225533097982,0,183.023000523448,0,0,0,0,0,16.1046184450388,0,28.3453571647406,224.743655562401,0,225.848176583648,0,0
0,0,0,34.7664276063442,0,2.16023856401443,0,83.0780470371246,0,0,0,748.336357533932,0,0,0,0,0,1.60923095047474,84.2072241827846,78.2121122330427,0,0,0,1.17214539647102,0,0,0,0,0,10.4243677258492,0,0,0,0,0,4.08658918738365,0.699144959449768,20.5739856511354,0,53.7690210565925,0.194404855370522,205.946396887302,0.987606287002563,0,0,78.2276638969779,0.404440686106682,1.82205712795258,3.96083617210388,67.4352387264371,0,0,0,141.462748885155,0,6.53368020057678,0,0,0,71.9077676236629,0,0,476.49951890111,0,0.535071045160294,0,29.2010288983583,0,77.7921162098646,0,406.29793164134,0,487.039842739701,0,0,0,0,0,142.315949961543,0.445633515715599,8.65310016274452,0,52.2357841283083,1.63716414570808,655.537104636431,90.6867720261216,0.144299209117889
0,0,55.6300724744797,0,0,0,0,0,0,0,0,0,34.3962025642395,0,97.7254433035851,0,0,0,0,0,0,0,0,0,0,0,0,0,0,0,0,0,0,0,0,0,0.7058025598526,0,0,0,0.607126951217651,0,0.27816715836525,0,0,0,0,0,8.16202041506767,0,179.266960412264,0,0,0,0,0,1.97248968482018,0,0,0,10.8123235106468,0,0,0.325202822685242,0,0,0,0,0,1.05708959698677,0,2.59508740901947,0,0,0,0,0,0,0,0,0,0,0,0,19.4321934878826,0,0
0,0,0,0,0,48.3139021992683,0,26.3208201527596,0,0,0,1,0,215.65304350853,0,0,0,0,0,0,0,0,0,0,0,0,0,0,0,0,0,0,0,0,0,0,0,0,0,0,0,0,0,0,0,0,0,0,0,1.48116005957127,0,194.644354820251,0,18.6806446313858,0,6.3043726682663,0,71.9077676236629,0,0,0,1.86676126718521,0,0,0,0,1.22468955814838,0,1.42556217312813,0,39.4628662019968,0,0,0,0,0,0,0,0,0,0,0,15.6888965368271,0,0,0,0
85.7925922572613,0,63.4134157299995,0,0,0,0,0,70.2762046158314,0,0,0,0,0,28.4588229656219,0,0,0,0,0,0,0,0,0,1,0,0,0,0,0,0,0,0,0,0,0,0,0,0,0,0,0,0,0,0,0,0.569977104663849,0,9.53587234020233,0,18.3231495916843,0,0,0,181.901042044163,0,0,0,10.8123235106468,0,0,0,0,0,0,0,0,0,0,0,0,0,0,0,0,0,0,0,0,0,0,0,0,0,0.306136906147003,0,0
0,22.9595292210579,0,6.74374049901962,0,29.0215944945812,0,0,0,34.7248725295067,0,0,0,1,0,5.28864794969559,0,0.348757296800613,0,0,0,0,0,2.70752149820328,0,0.311349034309387,0,0,0,0,0,0,0,0,0,0,0,0,0,0,0,0,0,0,0,0,0,0,0,60.8135255873203,0,305.929692983627,0,0,0,130.944720506668,0,0,0,1.86676126718521,0,0,0,0,0.229980409145355,0,5.08689433336258,0,23.1398284286261,0,0,0,0,0,0,0,0,0,0,0,0,0,0,0,2.02128052711487,0,0
0,0,0,2.23604799807072,0,14.9638360738754,0,0,0,0,0,129.304887890816,0,0,0,0,1.499661244452,0.140761032700539,5.28651551902294,1476.51538211852,0,0,0,0,0,0,0,0,0,0,0,0,0,0,0,132.875028900802,0,21.4353949129581,0,178.766782082617,0,204.032174602151,0,0,0,768.852869562805,0,54.4181285500526,1.33995318412781,12.5246049314737,0,0,0,0,0,0,0,476.49951890111,0,0,0,0,0,0,0,0,1.89032901823521,0,7.46928133070469,0,59.6827174127102,0,98.5505219846964,0,0,0,0,0,3896.39944875985,0,149.61271135509,0,163.067618705332,0.706173852086067,678.341914981604,24.5555437356234,0
0,0,0,0,0.998524725437164,0,0,0,0,0,1.00559362769127,0,0,0,0,0,3.45130163431168,0.479133442044258,52.5308343544602,0,2430.48062068969,0,0,0,0,0,0,0,0,0,0,0,0,0,0,0,766.604166127741,0,38.6090892851353,0.0973173007369041,55.9394671916962,1.43446743488312,117.651724509895,0,2.83188822120428,2.0663438141346,404.706283248961,1.7279000878334,16.7014424204826,0,90.2701844871044,0,0,0,0,0,414.150678247213,0,0.325202822685242,0,0,0,0,0,0,0,0,0,0,0,0,0.131336435675621,0.577707886695862,400.982672989368,0,0,0,0,0.705969475209713,2817.9797026217,0,934.904608607292,161.897248804569,5.62311565876007,1498.21896496415,0.471739917993546,5.07388044893742
0,0,0,0,0,0,0,0,0,0,0,0,0,0,0,0,0,0,0,0,0,3785.30165581405,0,5.43599918484688,0,0,0,0,0,0,0,0,0,0,0,0,0,133.627126812935,0,0,0,0,0,0,0,0,0,0,0,16.7876268774271,0,0,0,0,0,0,0,0.535071045160294,0,0,0,0.229980409145355,0,0,0,0,15.3101765215397,0,4.25393731892109,0,143.440801993012,0,0,0,0,0,0,0,0,0,429.308880954981,0,4.95450907945633,0,5.2459163069725,0,0
0,0,0,0,0,0,0,0,0,0,0,0,0,0,0,0,0,0,0,0,0,0,3587.20238748193,0,31.7205300331116,0,196.887106001377,0,25.752264291048,0,0,0,0,0,0,0,0,0,110.939627304673,0,0,0,0,0,0,0,0,0,234.50376060605,0,0,0,0,0,0,0,0,0,0,0,0,0,0,0,0,0,0,312.173777937889,0,62.3470705151558,0,95.0620173066854,0,0.844795644283295,0,0,0,0,0,0,0,551.950374662876,139.823732614517,0,0,0,0
0,0.34267869591713,0,0,0,0,0,0,0,0.357121467590332,0,0,0,0,0,0,0,0,0,0,0,2,0,301.032210081816,0,2.57488033175468,0,0,0,0,0,0,0,0.366703271865845,0,0,0,153.657677471638,0,0.263792872428894,0,2.64682924747467,0,0,0,0,0,0,0,22.1674072444439,0,0,0,0,0,131.289212673903,0,29.2010288983583,0,1.22468955814838,0,5.08689433336258,1.89032901823521,0,15.3101765215397,0,0,0,198.511337831616,0,48.0985617190599,0,0.233644396066666,0,0,0,1.03268426656723,0,1.56532837450504,0,126.339583620429,0,6.29970782995224,0,455.457996189594,0,0
0,0,0,0,0,0,0,0,9.35297802090645,0,0,0,0,0,0,0,0,0,0,0,0,0,47.6114249229431,0,395.696551173925,0,0,0,0,0,0,0,0,0,0,0,0,0,939.417287766933,0,0,0,0,0,0,0,0,0,21.064461171627,0,0,0,0,0,352.524219602346,0,0.756402254104614,0,0,0,0,0,0,0,0,312.173777937889,0,0,0,638.378135383129,0,112.870047926903,0,0.756773054599762,0,0,0,0,0,0,0,910.105210870504,166.171518832445,0,226.82680028677,0,0
0,0,0,0,0,0,0,0,0,0,0,0,0,0,0,0,0,5.46150720119476,0,0,0,0,0,29.6423118114471,0,153.476480767131,0,0.581989884376526,0,0,0,0,0,0,0,0,0,0,0,0.20226962864399,0,1.05493667721748,0,0,0,0.139996930956841,0,0,0,45.7930609881878,0,0,0,0,0,0,0,77.7921162098646,0,1.42556217312813,0,23.1398284286261,7.46928133070469,0,4.25393731892109,0,198.511337831616,0,0,0,221.084807619452,0,0,0,0,0,0,0,2.18168662488461,0,0,0,0,0,8.36439608037472,0,0
1.16199034452438,0,0,0,0,0,0,0,13.5542570948601,0,0,0,0,0,0,0,0,0,0,0,0,0,22.6062831282616,0,23.8692714869976,0,68.0959066450596,0,10.2132108509541,0,0,0,0,0,0,0,0,0,0,0,0,0,0,0,0,0,0,0,10.521132349968,0,0,0,0,0,135.347351908684,0,0,0,1.05708959698677,0,0,0,0,0,0,62.3470705151558,0,638.378135383129,0,0,0,219.30970607698,0,1.77259612083435,0,0,0,0,0,0,0,0,0,0,5.11329483985901,0,0
0,0,0,4.81832410395145,0,1.01029016077518,0,0,0,0,0,0.172474205493927,0,0,0,0,0,0.448332071304321,8.00008303672075,0,0,89.4828147888184,0,1.06391470134258,0,3.39395728707314,0,286.331502646208,0,0,0,0,0,0,0,1.17721511423588,0,6.06253397464752,0,6.70831658691168,0,34.8562384992838,0,0,0,3.67050021886826,0.164510384202003,1.04378522932529,2.11474791169167,95.5941720828414,0,0,0,0,0,0,0,406.29793164134,0,39.4628662019968,0,0,59.6827174127102,0,143.440801993012,0,48.0985617190599,0,221.084807619452,0,0,0,646.030688345432,0,0,0,0,0,13.0145151764154,0.466519623994827,352.571889057755,0,36.7946039438248,0.782529219985008,218.268289834261,10.3928036987782,0
0,0,0,0,0,0,0,0,0,0,0,0,0,0,0,0,0,0,0,0,1.12801146507263,0,0.770039498806,0,0,0,26.9101575613022,0,594.540039509535,0,4.74412202835083,0,0,0,0,0,0,0,15.8338704109192,0,0,0,0,0,0,0,0,0,233.158939316869,0,0,0,0,0,0,0,163.225533097982,0,2.59508740901947,0,0,0,0,0.131336435675621,0,95.0620173066854,0,112.870047926903,0,219.30970607698,0,0,0,519.384674042463,0,0,0,0,0,0.51390452682972,0,127.520181924105,0.287660777568817,0,27.6825731992722,0,0.566403865814209
0,0,0,50.5647177398205,0,3.40999080240726,0,0,0,0,0,110.143193021417,0,0,0,0,1.00070051848888,1.34969812631607,114.482912898064,59.4199843108654,0,0,0,0,0,0,0,179.832398295403,0,240.469872564077,0,0,0,0,0,1.85290689766407,0,69.8029850423336,0,37.1623942181468,1.31108796596527,514.61079005897,0.599017232656479,0,0,74.2085358947515,0.374614149332047,0.773588985204697,1.8260168582201,168.581404566765,0,0,0,0,0,0,0,487.039842739701,0,0,0,0,98.5505219846964,0.577707886695862,0,0,0.233644396066666,0,0,0,646.030688345432,0,0,0,0,0,0,0,74.0969443768263,5.38564485311508,64.0504211485386,2.47146224975586,79.3450418040156,8.75361171364784,1050.54907361418,196.412027105689,0
0,0,9.26756040751934,0,0,0,0,0,0,0,2.5981137752533,0,0,0,0,0,0.18643082678318,1.49053351581097,94.9870120882988,0,20.2137304097414,0,0,0,0,0,0,0,0,0,19.6522938609123,0,0,0,0,1.47391924262047,5.84190161526203,0,92.5257483720779,2.3078984618187,4.77229532599449,1.13833598792553,552.155829779804,0,0.761735320091248,0.81290739774704,62.7561239004135,0,66.8909019976854,0,0,0,0,0,0,0,183.023000523448,0,0,0,0,0,0,400.982672989368,0,0.844795644283295,0,0.756773054599762,0,1.77259612083435,0,519.384674042463,0,0,0,0,0,0,0.943547636270523,66.3412532433867,0,784.659025609493,47.3885270059109,0.983402401208878,895.852938771248,0,193.862866848707
0,0,0,0,0,0,0,0,0,0,0,0,0,0,0,0,0,0,0,0,0,0,0,0,0,0,0,0,0,0,0,1001.9599391818,944.215166896582,33.5622072815895,0,134.030332282186,33.0405563265085,0,0,0,0,0,0,0,0,0,0,3666.13504770398,25.3156672716141,0,0,0,0,0,0,0,0,0,0,0,0,0,0,0,0,0,0,0,0,0,0,0,0,0,0,153.549308687449,341.956567019224,0,363.093595907092,27.7813166081905,0,0,1127.07337146997,0,0,0,0
0,0,0,0,0,0,0,0,0,0,0,0,0,0,0,0,0,0,0,0,0,0,0,0,0,0,0,0,0,0,0,353.732629686594,3669.31667965651,1.48525649309158,63.6665184795856,0.715865015983582,57.2199336290359,0,0,0,0,0,0,0,0,0,0,965.485195875168,15.9839361906052,0,0,0,0,0,0,0,0,0,0,0,0,0,0,0,0,0,0,0,0,0,0,0,0,0,153.549308687449,0,0,278.011732488871,3.0544985383749,512.129368424416,0,0,668.733666837215,0,0,0,0
0,0,0,0,0,0,0,0,0,3.76074510812759,0,0,0,0,0,0,0,0,0,0,0,0,0,0,0,0,0,0,0,0,0,2.63275071978569,0,889.34358048439,691.982809573412,45.2071480154991,0,261.014383047819,0,0,0,0,0,0,0,0,0,23.4996688067913,1.78908324241638,0.844235420227051,0,0,0,0,0,4.66193556785583,0,0,0,0,0,0,0,0,0,0,1.03268426656723,0,0,0,0,0,0,0,341.956567019224,0,0,130.750158786774,592.400968909264,0,119.79938262701,0,198.666791260242,0,3.58415481448174,0,0
0,0,0,0,0,0,0,0,0,0,0,0,0,0,0,0,0,0,0,0,0,0,0,0,0,0,0,0,0,0,0,1.59977686405182,22.5848287343979,170.606179058552,1069.33161047101,0,62.6284585297108,0,13.1086544692516,0,0,0,0,0,0,0,0,1018.09718126059,0,5.81419909000397,0,0,0,0,0,0,0,0,0,0,0,0,0,0,0,0,0,0,0,0,0,0,0,0,0,278.011732488871,130.750158786774,0,0,405.835973411798,0,227.635270357132,227.095881283283,0,0.521836459636688,0,0
0.411924868822098,14.8805043399334,0,36.6731547042727,0,83.6832205057144,0,0,0,0,0,193.102238163352,0,0,0,0,71.4430669471622,72.0463942289352,1809.98965864629,590.921741500497,1.82107436656952,0,0,0,0,0,0,0,0,0,0,396.203207194805,111.773638829589,63.3306531012058,0,20749.0674343333,82.9477885514498,502.552693843842,0,1329.65515363216,3.67069408297539,1686.6579233259,48.6187452673912,1.28527547419071,0,3220.91288220882,20.2387418225408,2510.547411412,31.2537850737572,418.062063492835,0,0,0,0,0,0,0,142.315949961543,0,0,0,0,3896.39944875985,0.705969475209713,0,0,1.56532837450504,0,2.18168662488461,0,13.0145151764154,0,74.0969443768263,0.943547636270523,363.093595907092,3.0544985383749,592.400968909264,0,0,53.3755917698145,577.936180889606,3.1138261705637,2302.31204009801,183.615909665823,1450.12485669553,224.152003958821,4.71780741214752
11.332958266139,0,0.804082810878754,0,12.2804099917412,0,0,0,0,0,0,0,0,0,0,0,78.770585924387,39.8061955943704,1738.43749009818,0,723.628957889974,0,0,0,0,0,0,0,0,0,0,45.4525331258774,767.653244286776,2.50943511724472,217.492084145546,145.574015110731,15607.7974125519,0,398.870965659618,28.200038395822,1667.4338600859,21.8655205592513,1566.12923531979,0,21.2238543629646,11.1154423505068,2247.41778083146,4202.71713109314,3094.29988324642,13.4285265058279,65.5211097002029,0,0,0,0,0,16.1046184450388,0.445633515715599,0,0,0,0,0,2817.9797026217,0,0,0,0,0,0,0.466519623994827,0.51390452682972,5.38564485311508,66.3412532433867,27.7813166081905,512.129368424416,0,405.835973411798,53.3755917698145,0,2.77186089754105,1726.36198689789,1553.34360422939,124.281048968434,1751.17993450165,0.710902720689774,143.414456725121
0,0.690015077590942,0,20.534388333559,0,0,0,0,0,11.3205887675285,0,0.913567304611206,0,0,0,0,2.07327705621719,8.08994592726231,312.318195857108,63.6417562365532,0,123.976320967078,0,61.266188710928,0,0,0,0,0,0,0,0,0,25.7488033175468,0,167.354043722153,0,4895.08662354946,0,118.070610523224,1.25899374485016,128.737312093377,10.9529439210892,0,0,833.693878188729,2.98337407410145,358.098552972078,0.879831373691559,970.82310436666,0,0,0,0,0,63.2954688519239,0,8.65310016274452,0,0,0,0,149.61271135509,0,429.308880954981,0,126.339583620429,0,0,0,352.571889057755,0,64.0504211485386,0,0,0,119.79938262701,0,577.936180889606,2.77186089754105,0,0.206598520278931,126.683646008372,0.204279437661171,420.011956915259,63.5924772322178,0
