0,0,0.0140002177591797,0,0,0,0,0,0.0369725957701151,0,0,0,0,0,0,0,1.85720317149758e-05,0,0.00139687588174624,0,0,0,0,0,0,0,0,0,0,0,0,0,0,0,0,0,0,0,0,0,3.18872001157174e-05,0,0.000472176889233762,0,0,0,0,1.90348610015164e-05,0.0100448849643284,0,0.00335324563298477,0,0,0,0.035425425360656,0,0,0,0,0,0.00622243474257296,0,0,1.04458357597647e-05,0,0,0,0,0,0,0,0,0,3.21509247975839e-05,0,0,0,0,0,1.06847674067904e-06,0,0,0.000470390936188261,1.17900321494057e-05,0.00777432577312543,0,0
0,0,0,0.0209277099020367,0,4.85684513986681e-05,0,0,0,0.0268458056052733,0,0,0,0,0,0,0,6.35531454602333e-06,0.000290829116446331,0,0,0,0,6.68991513328701e-05,0,0,0,0,0,0,0,0,0,0,0,1.5508871919204e-05,0,5.18843876721461e-05,0,0.000106378471021202,0,0.000584357138344277,0,0,0,0.0004730033908789,0,0,0,0.00583010706046826,0,0.000268282070723089,0,0,0,0.0398365711951522,0,0.000605081758485761,0,0.00027363880223018,0,0.00090399796805761,0,0,0,0,0.000140358537033963,0,0,0,0.000132489554279801,0,0.000667645199791382,0,0,0,0,0,4.74060096673661e-05,0,1.29287701906703e-05,0,5.25618214527892e-05,0,0.00937166229798297,0,0
0.0140002177591797,0,0,3.74522254059208e-05,0.0126307157269338,0,0,0,0.0178682236065289,0,0,0,0,0,0,0,0,0,0.000231018114902045,0,0,0,0,0,0,0,0,0,0,0,0,0,0,0,0,0,0,0,0,1.48311055151798e-05,0.000590435728288179,7.46685628284732e-05,0.0104439408575712,0,0,0.00155095972506769,0.000902429076272216,8.31953567855676e-05,0.002095164446124,0,0.0585248465999552,0,0,0,0.00569880598167751,0,0.00025835862541338,0.000212481012641323,9.14756452568767e-05,0,0.0020228841569625,0,5.54416717822597e-05,8.46318438255355e-06,0,0,0,0,0,0,0,0,8.24625590077829e-05,0.0055470566041102,0,0,0,0,0,0.000181725145677626,0,0.00011682843616166,0.000693800885523676,5.55777066813086e-06,0.0169450755854561,0.00013287130744216,0.00419668300218216
0,0.0209277099020367,3.74522254059208e-05,0,0,0.000702389549802462,0,0,0,0.00185997840949242,0,0,0,0,0,0,0,1.30124896885434e-05,7.35770008150234e-05,0,0,0,0,8.80024300164138e-05,0,0,0,0,0,0,0,0,0,0,0,2.76147501529925e-06,0,3.18943644380567e-05,0,4.5943704150812e-05,0,0.00310344463043158,0,0,0,0.00278841950161162,1.15569472781413e-05,0,0,0.00671477532347612,0,0.0162515070804758,0,0,0,0,1.48208524223103e-05,0.00114407408588149,0,0.00287716700217456,0,0.000370448311497462,3.96650892899105e-05,1.29176064726784e-05,0,0,6.57643538036923e-05,0,0,0,0.00038412160702628,0,0.00691951753888988,2.52849732724208e-05,0,0,0,0,5.04716148600316e-05,0,2.60617420364139e-05,0,3.35471730102468e-05,0,0.00511947720711906,0.000340650581209707,0
0,0,0.0126307157269338,0,0,0,0,0,0.0113239866735168,0,0,0,0,0,0,0,0,0,1.5301355335803e-05,0,0.0129003889914253,0,0,0,0,0,0,0,0,0,0,0,0,0,0,0,0,0,0,0,8.35931650744748e-05,0,0.000200544437153641,0,0,1.1316337939606e-05,1.33654859072051e-05,0,6.68116645506475e-05,0,0.0533687718767197,0,0,0,0.00382162671649845,0,2.97568895241654e-05,0,0,0,0,0,0,0.00111243561630298,0,0,0,0,0,0,0,0,0,0,0,0,0,0,0,1.21136600446218e-05,0,9.12317822079141e-06,0.0007427848780474,0,0.00307370378642609,0,0
0,4.85684513986681e-05,0,0.000702389549802462,0,0,0,0.00084958258462568,0,0.00747124153125864,0,0,0,0,0,0,0,0,0,0,0,0,0,0,0,0,0,0,0,0,0,0,0,0,0,0,0,0,0,0,0,0.000288487574133618,4.14289222861299e-05,0,0,0.000174094333293455,0,0,0,2.87497815762766e-05,0,0.0374108982011002,0,0.000131233595311642,0,0.0417728960196203,0,0.000654377638483699,0,6.65318070937937e-05,0,4.50250498254309e-05,0.000206349942714454,0,0,0,0,0,0,0,0,0,0.00012217586699767,0,0,0,0,0,9.15606957451785e-06,0,0,0,0,1.02209726020937e-05,0.000873278339571837,0,0
0,0,0,0,0,0,0,0,0,0,0.004788212893434,0,0,0,0,0,0,0,0,0,0,0,0,0,0,0,0,0,0,0,0,0,0,0,0,0,0,0,0,0,0,0,0,0,0,0,0,0,0,0,0,0,0.0131043219994843,0,0,0,0,0,0,0,0,0,0,0,0,0,0,0,0,0,0,0,0,0,0,0,0,0,0,0,0,0,2.93736229650676e-06,0,0,0,0
0,0,0,0,0,0.00084958258462568,0,0,0,0,0,0,0,0,0,0,0,0,0,0,0,0,0,0,0,0,0,0,0,0,0,0,0,0,0,1.57357644638978e-05,0,0,0,0,0,0,0,0,0,0,0,0,0,0,0,0.00127813302327498,0,0.0120860937383781,0,0,0,0.00244320324513509,0,0.00108797227812178,0,0,0,0,0,0,0,0,0,0,0,0,0,0,0,0,0,0,0,0,0,0,1.55485972146298e-05,0,0,0,0
0.0369725957701151,0,0.0178682236065289,0,0.0113239866735168,0,0,0,0,0,0,0,0,0,0.000430571313966016,0,0,0,6.73992728458068e-06,0,0,0,0,0,0.000398132684001045,0,0,0,0,0,0,0,0,0,0,0,0,0,8.09559253369061e-05,0,0,0,7.42603387508204e-05,0,0,0,0,0,0.00169299430941665,0,0.0100836832635241,0,0,0,0.0970158102089933,0,0,0,0,0,0.00894190906128231,0,0,0,0,0,0,0.000453165626307695,0,0,0,0,0,0,0,0,0,0,0,0,0,0.000996232644610975,0.000644459680404521,0.000556135854395221,0.000257050698182587,0,0
0,0.0268458056052733,0,0.00185997840949242,0,0.00747124153125864,0,0,0,0,0,0,0,0,0,0.0317860612715182,0,0.000213986734879794,1.53469297497746e-05,0,0,0,0,0.00402426861810589,0,0,0,0,0,0,0,0,0,0,0,0,0,7.94683499654548e-06,0,0,0,0.00239042380516634,0,0,0,7.17895584206107e-05,0,0,0,0.00447330159400518,0,0.00833202543263319,0,0,0,0.189356137611892,0,0.000666752982620089,0,0,0,0.0739809896135381,8.64640601063102e-05,0,0,0,0.000353999941617757,0,0.000286542254160174,0,0.000231597360580889,0,0.000981925917486235,0,0,0,0,0,2.68308918399424e-06,0,2.66754399829003e-05,0,0.000822096311336313,6.10758214943079e-05,0.000298756539990964,0.000145525199572761,0
0,0,0,0,0,0,0.004788212893434,0,0,0,0,0,0.00126236986742368,0,0,0,0,0,0,0,0.0195521772790801,0,0,0,0,0,0,0,0,0,0,0,0,0,0,0,0.000423561950138686,0,0.00708888606886676,0,0,0,0,0,0,0,0,0,0,0,0,0,0,0,0,0,0.0195493699544714,0,0.00247119128444894,0,0,0,0,0.000325642175305484,0,0,0,0,0,0,0,0.000166663885465823,0,0,0,0,0,0,0,4.30032358509347e-05,0,0.000720907205357829,5.23233327814124e-05,0,0,0,0
0,0,0,0,0,0,0,0,0,0,0,0,0,0.00320945973868475,0,0,0,0,0,0.00361063500847392,0,0,0,0,0,0,0,0,0,0.00913537214868813,0,0,0,0,0,0.000638488425747471,0,0.00148336324168393,0,0,0,0,0,0,0,0,0,0,0,0,0,0,0,0,0,0,0,0.0747196819020232,0,0.000471691740172064,0,0,0,0,0,0,0,0,0,0,0.000139637430850181,0,0.0136127327731711,0,0,0,0,0,2.37321282548571e-05,0,2.44595828081862e-05,0,0.000369535531975131,1.02723715826869e-05,0,0,0
0,0,0,0,0,0,0,0,0,0,0.00126236986742368,0,0,0,0,0,0,0,0,0,0,0,0,0,0,0,0,0,0,0,0,0,0,0,0,0,0,0,0,0,0,0,0,0,0,0,0,0,0,0,0,0,0,0,0,0,0,0,0.00370541732272257,0,0,0,0,0,0,0,0,0,0,0,0,0,0,0,0,0,0,0,0,0,0,0,0,0,0,0,0
0,0,0,0,0,0,0,0,0,0,0,0.00320945973868475,0,0,0,6.28061825409532e-05,0,0,0,0,0,0,0,0,0,0,0,0.000864610992786723,0,0,0,0,0,0,0,0,0,0,0,0,0,0,0,0,0,0,0,0,0,0,0,0,0,0,0,0,0,0,0,0.0152621586016627,0,0,0,0,0,0,0,0,0,0,0,0,0,0,0,0,0,0,0,0,0,0,0.000314210697157602,5.40765724726926e-05,0,0,0
0,0,0,0,0,0,0,0,0.000430571313966016,0,0,0,0,0,0,0,0,0,0,0,0,0,0,0,0,0,0,0,0,0,0,0,0,0,0,0,0,0,0,0,0,0,0,0,0,0,0,0,0,0,0,0,0,0,0,0,0,0,0,0,0.00203035788554876,0,0,0,0,0,0,0,0,0,0,0,0,0,0,0,0,0,0,0,0,0,0,0,0,0,0
0,0,0,0,0,0,0,0,0,0.0317860612715182,0,0,0,6.28061825409532e-05,0,0,7.02306390103428e-06,0.000273485552334097,0,0,0,0,0,0.00246160371244649,0,0,0,0,0,0,0,0,0,0,0,0,0,0,0,0,0,0,0,0,0,0,0,0,0,0,0,0.00101193624748722,0,0,0,0.00887516096306747,0,0,0,0,0,0.0137748910807651,0,0,0,0,0,0,0.000261934386799112,0,0,0,0,0,0,0,0,0,0,0,0,0,0.00015343654477457,2.36756817450069e-05,0,0,0
1.85720317149758e-05,0,0,0,0,0,0,0,0,0,0,0,0,0,0,7.02306390103428e-06,0,0.150707399509877,0.0433052699867647,0,0,0.000172271620881627,0,0,0.000481248093562067,0.000330377487548525,0.00084140076669047,0,0,0,0,0,0,0,0,8.48912981079682e-05,4.02485004091323e-05,0,0,0.000186905405811491,0.000960213826235125,0.000384279758714727,0.00152601396747937,6.5314220558982e-06,0,0.00118958002541747,0.000273767661017874,0,2.10027637434615e-06,0,0,0,0,0,0,0,9.45940135159943e-06,0,0,0,0,0,6.67022862971533e-06,6.57632558827859e-05,0,0,0,0,0,0,3.59133417151758e-06,0,8.10669201697178e-05,6.94778538102734e-05,0,0,0,0,0.000392125851108262,0.000658576722429976,0.000178578684502408,3.45800545287131e-05,0.0108154823426002,0.000504035898000159,0.00140835168459961,0.000195735539581792,0.000645985475027802
0,6.35531454602333e-06,0,1.30124896885434e-05,0,0,0,0,0,0.000213986734879794,0,0,0,0,0,0.000273485552334097,0.150707399509877,0,0.0493197181791489,0,0,0.000280365008471607,0,0,0.000934544636416513,0.00298631743668609,0.000121141735700177,0,0,0,0,0,0,0,0,0.00011657131722037,2.98256069626739e-05,1.44804199965587e-05,0,0.000355891897066485,0.000533456533054791,0.00160883057506039,0.000744852469700481,0.000279059451628252,0,0.00241649370202305,0.000188795250155831,0,0,0,0,8.17392819120358e-06,0,0,0,0,0,0,0,0,0,0.000521523565908218,2.82354023367329e-05,3.58896466657024e-05,0,0,0,0,0,0,0,0,0.000164349151033447,5.03505226975235e-06,0,0,0,0,0.000753991116944864,0.000684857076228115,0.000412462136647849,1.3220222350253e-05,0.0124346504221658,0.00350014922582834,0.00124808451275767,0.000982141759408286,0.000221488163907171
0.00139687588174624,0.000290829116446331,0.000231018114902045,7.35770008150234e-05,1.5301355335803e-05,0,0,0,6.73992728458068e-06,1.53469297497746e-05,0,0,0,0,0,0,0.0433052699867647,0.0493197181791489,0,0,0,0,0,0,8.1294582779958e-05,2.48233353666322e-05,0,0,0,0,0,0,0,0,0,0.00114091502383547,0.00039589890503916,0.00011317510520392,0,0.00631601525506292,0.0185928542319242,0.0120083974148839,0.0150728749144356,0.00170940192794548,0,0.0312640449357777,0.0050336733470698,0,0.000291499699406374,5.33705936710556e-06,0,3.88316129715516e-05,0,0,0,0,1.01869910845706e-05,0.000189695773648367,0,0,0,0,0.00044916073679973,0.00191573738898859,0,0,0,0,0,0,0.000112240905249373,0,0.00233659772564562,0.003493211140725,0,0,0,0,0.0088117550812687,0.0134731876865123,0.00483816670995224,0.00111720116984007,0.00796864283620754,0.000115253018291091,0.0320390336747939,0.00892505914854918,0.00481074401731718
0,0,0,0,0,0,0,0,0,0,0,0.00361063500847392,0,0,0,0,0,0,0,0,0,0,0,0,0,0,0,0,0,0,0,0,0,0,0,0.00494961893122141,0,0.00178502060712571,0,0,0,0,0,0,0,4.10869287258925e-05,0,0,0,0.000221939953004438,0,0.00213164687591425,0,0,0,0,0,0.0130038077230388,0,0,0,0,0.0602574779644563,0,0,0,0,0,0,0,2.20603942484948e-05,0,0.0172392501235721,0,0,0,0,0,0.00141139807942263,0,0.00833929005509668,0,0.00097264165881276,0,0.00402106650425683,0,0
0,0,0,0,0.0129003889914253,0,0,0,0,0,0.0195521772790801,0,0,0,0,0,0,0,0,0,0,0,0,0,0,0,0,0,0,0,0,0,0,0,0,0,0.004157820050709,0,0.00126828290737033,0,0,0,0,0,0,0,0,0,0,0,0.00121196766465904,0,0,0,0,0,0.0049800938148059,0,0,0,0,0,0,0.0410395708813425,0,0,0,0,0,0,0,0,0,4.17545828452341e-05,0,0,0,0,0,0.000549697765300905,0,3.35417131085932e-05,0.000105439143242135,0,0.00102553793014245,0,0
0,0,0,0,0,0,0,0,0,0,0,0,0,0,0,0,0.000172271620881627,0.000280365008471607,0,0,0,0,5.50700728717338e-05,0.000825233764521954,0,0.000336529004008881,0,0,0,0,0,0,0,0,0,0,0,0.00574723389718493,0,0,0,0,0,0,0,0,0,0,0,0.000448256479525025,0,0,0,0,0,0,0,0,0,0,0,0,0,0,0.0801900326439057,0,0.00322138562277475,0,0.00906408463768797,0,0.00515936356886662,0,0.00025491194099309,0,0,0,0,0,0,0,0.00675805446327707,0,0.000457750524597582,1.33073736974497e-05,0,0,0
0,0,0,0,0,0,0,0,0,0,0,0,0,0,0,0,0,0,0,0,0,5.50700728717338e-05,0,0,0.00235342826954157,0,0.000171141581407359,0,0.00334032230455664,0,0,0,0,0,0,0,0,0,0.00468395600014726,0,0,0,0,0,0,0,0,0,0.00672711913259185,0,0,0,0,0,0,0,0,0,0,0,0,0,0,0,3.98575067335474e-05,0.0768571949060268,0,0.00137456055514749,0,0.000827764164801724,0,0.00038496379337992,0,0,0,0,0,0,0,0,0,0.00220402669551079,0.000526455425909169,0,1.80704890741705e-05,0,0
0,6.68991513328701e-05,0,8.80024300164138e-05,0,0,0,0,0,0.00402426861810589,0,0,0,0,0,0.00246160371244649,0,0,0,0,0,0.000825233764521954,0,0,0,0.00554784672040967,0,0,0,0,0,0,0,0,0,0,0,0.00527667731852838,0,0,0,4.32405407712949e-05,0,0,0,0,0,0,0,0.00053125391679368,0,0,0,0,0,0.0387929417145017,0,0,0,0,0,0.00124182122743818,0,0,0.00504098623772232,0,0.106715861691502,0,0.0659412163757265,0,0.000217842004689322,0,0.000156021714125648,0,0,0,0,0,0,0,0.00133996386795877,0,5.25934373667723e-05,0,7.30951188286257e-05,0,0
0,0,0,0,0,0,0,0,0.000398132684001045,0,0,0,0,0,0,0,0.000481248093562067,0.000934544636416513,8.1294582779958e-05,0,0,0,0.00235342826954157,0,0,0,0.000661895729826187,0,0,0,0,0,0,0,0,0,0,0,0.00169975400250133,0,0,0,0,0,0,0,0,0,0.000811459161468868,0,0,0,0,0,0.0121684461735741,0,0,0,0,0,0,0,0,0,0,0.000783911824659992,0,0.0900198774026863,0,0.0747741931419893,0,0,0,0,0,0,0,0,0,0,0,0.00180694512538341,8.96885839739958e-05,0,0.00154464192984396,0,0
0,0,0,0,0,0,0,0,0,0,0,0,0,0,0,0,0.000330377487548525,0.00298631743668609,2.48233353666322e-05,0,0,0.000336529004008881,0,0.00554784672040967,0,0,0,0.00518144959563742,0,0,0,0,0,0,0,0,0,0,0,0,0,0,0,0,0,0,0,0,0,0,0,0,0,0,0,0,0,0,0,0,0,0,0,0,1.61075820317915e-05,0,0.000698686840445994,0,0.0288010482414312,0,0.00197375626278312,0,0,0,0,0,0,0,0,0,0,0,6.19793577890667e-05,0,0,0,0
0,0,0,0,0,0,0,0,0,0,0,0,0,0,0,0,0.00084140076669047,0.000121141735700177,0,0,0,0,0.000171141581407359,0,0.000661895729826187,0,0,0,0.000877987809447408,0,0,0,0,0,0,0,0,0,0,0,0,0,0,0,0,0,0,0,0,0,0,0,0,0,7.14168338516894e-05,0,0,0,0,0,0,0,0,0,0,0.00032027298973602,0,0.000517019654842532,0,0.0198304150240244,0,0.00122243222968536,0,0,0,0,0,0,0,0,0,0,9.75082692672818e-05,0,0,0,0
0,0,0,0,0,0,0,0,0,0,0,0,0,0.000864610992786723,0,0,0,0,0,0,0,0,0,0,0,0.00518144959563742,0,0,0,0.00490470545277938,0,0,0,0,0,0,0,0,0,0,0,0,0,0,0,0,0,0,0,0,0,0,0,0,0,0,0,0,0,0.000211975334170934,0,0,0,0,0.000554952450141684,0,0,0,0.0015124034450391,0,0.0233929135024337,0,0,0,0,0,0,0,0,0,0,0,0.000294523205590395,0,0,0,0
0,0,0,0,0,0,0,0,0,0,0,0,0,0,0,0,0,0,0,0,0,0,0.00334032230455664,0,0,0,0.000877987809447408,0,0,0,0.00145069373871305,0,0,0,0,0,0,0,4.12566317856441e-05,0,0,0,0,0,0,0,0,0,0,0,0,0,0,0,0,0,0,0,0,0,0,0,0,0,0,0.000126846508366173,0,0,0,0.000181483850280006,0,0.0113613559438129,0,0,0,0,0,0,0,0,0,1.88136931757916e-05,0.000425115716389118,0,0,0,0
0,0,0,0,0,0,0,0,0,0,0,0.00913537214868813,0,0,0,0,0,0,0,0,0,0,0,0,0,0,0,0.00490470545277938,0,0,0,0,0,0,0,0,0,0.00353249071616409,0,0,0,0,0,0,0,0,0,0,0,0,0,0,0,0,0,0,0,0.00776852497188491,0,0,0,0,0,0,0,0,0,0,0,0,9.24000923987478e-05,0,0.0298928167796273,0,0,0,0,0,0,0,0.00160091745550172,0,3.56891183476822e-05,0,0,0,0
0,0,0,0,0,0,0,0,0,0,0,0,0,0,0,0,0,0,0,0,0,0,0,0,0,0,0,0,0.00145069373871305,0,0,0,0,0,0,0,0,0,0.000994200327672691,0,0,0,0,0,0,0,0,0,0,0,0,0,0,0,0,0,2.33175336871935e-05,0,0,0,0,0,0,0,0,0,0,0,0,0,0,0.00123956074623568,0,0.0296719123060893,0,0,0,0,0,0,0,0.000516530470189102,8.78771948009671e-06,0,0,0,0
0,0,0,0,0,0,0,0,0,0,0,0,0,0,0,0,0,0,0,0,0,0,0,0,0,0,0,0,0,0,0,0,0.0363030496538059,0.00134400014377992,0,0.00493367086768867,0,0,0,0,0,0,0,0,0,0,0,0.0229399054944888,0,0,0,0,0,0,0,0,0,0,0,0,0,0,0,0,0,0,0,0,0,0,0,0,0,0,0.04051117487548,0.00282622213736465,0.00226108522426177,0,0.00789337779777785,5.52938450651679e-06,0,0,0.000391889265348329,0,0,0,0
0,0,0,0,0,0,0,0,0,0,0,0,0,0,0,0,0,0,0,0,0,0,0,0,0,0,0,0,0,0,0,0.0363030496538059,0,0,0.000365111733683683,0.000277729408103753,0.00457445092860265,0,0,0.000312294518624169,0,0,0,0,0,0,0,0.260668604121687,0.00204918241242312,0.00122118058540109,0,0,0,0,0,0,0,0,0,0,0,0,0,0,0,0,0,0,0,0,0,0,0,0,0.0100334066640105,0.0297441828551291,0,0,2.58359464046191e-05,0.000373996811583814,0,0,0.00103644028492127,0,2.70169125147048e-05,0,0
0,0,0,0,0,0,0,0,0,0,0,0,0,0,0,0,0,0,0,0,0,0,0,0,0,0,0,0,0,0,0,0.00134400014377992,0,0,0.0387187200083648,0.0049636204677839,0,0.00765511780227508,1.10960081656231e-05,0,0,0,0,0,0,0,0,0.0335937083103109,0,0.000406011677300762,0,0,0,0,0,0,0,0,0,0,0,0,0,0,0,0,0,0,0,0,0,0,0,0,0.0020774901300321,0,0.135220247593075,0.016086208095345,0.00443864444281436,0,0.00844701248045997,0,0.000246547337667251,0,0,0,0
0,0,0,0,0,0,0,0,0,0,0,0,0,0,0,0,0,0,0,0,0,0,0,0,0,0,0,0,0,0,0,0,0.000365111733683683,0.0387187200083648,0,0,0.00243811508320982,0,0.00192429075304358,0,0,0,0,0,0,0,6.96116781965085e-06,0.0871479467326018,0.000539028050368096,0,0,0,0,0,0,0,0,0,0,0,0,0,0,0,0,0,0,0,0,0,0,0,0,0,0,0.000291008740093576,0.00477352942997289,0.205858560777169,4.73112389649284e-06,0.00665584782196069,0,0.00523960269324998,0.000873944450950472,1.23764988932462e-05,4.31887415568371e-05,0,0
0,1.5508871919204e-05,0,2.76147501529925e-06,0,0,0,1.57357644638978e-05,0,0,0,0.000638488425747471,0,0,0,0,8.48912981079682e-05,0.00011657131722037,0.00114091502383547,0.00494961893122141,0,0,0,0,0,0,0,0,0,0,0,0.00493367086768867,0.000277729408103753,0.0049636204677839,0,0,0.000331605329318257,0.0108117054094125,0,2.68046290373573e-05,0,0.000521472841434462,1.99829386953619e-05,4.9114218866942e-05,0,0.0016781769047943,0,0.000324988354514345,0,7.21770329937127e-05,0,1.58430386128759e-06,0,0,0,0,0,0.000901746727693912,0,0,0,0,0.00549624443357517,0,0,0,0,0,0,0,7.71010893363289e-06,0,0.000136542851333179,0,0.00166759188018019,0,0.0011354567006038,0,0.0735315091678637,1.45792954765369e-05,0.0133302456912726,1.96550573615338e-06,0.00389551859970269,5.45957642462314e-06,0.00140347309227668,0.000489828925110867,9.56581263596547e-06
0,0,0,0,0,0,0,0,0,0,0.000423561950138686,0,0,0,0,0,4.02485004091323e-05,2.98256069626739e-05,0.00039589890503916,0,0.004157820050709,0,0,0,0,0,0,0,0,0,0,0,0.00457445092860265,0,0.00243811508320982,0.000331605329318257,0,0,0.0113218389728228,0,2.73082562939201e-05,5.51126294357231e-06,0.000271899391040238,0,0,6.10828995940065e-06,0.000656888461160416,0.000921287776791583,1.88925159221428e-06,0,0,0,0,0,0,0,1.52071015691035e-05,0,0,0,0,0,0,0.00725247285993695,0,0,0,0,0,0,0,0,0,9.24004889292028e-06,0,0.00399861362048715,0,0.00136782435556165,0.000811190145523072,0.0738159628781561,0,0.00507628089300101,0.0030461509265359,7.31257914090169e-05,0.000699375185387675,0,2.77087587306671e-05
0,5.18843876721461e-05,0,3.18943644380567e-05,0,0,0,0,0,7.94683499654548e-06,0,0.00148336324168393,0,0,0,0,0,1.44804199965587e-05,0.00011317510520392,0.00178502060712571,0,0.00574723389718493,0,0.00527667731852838,0,0,0,0,0,0.00353249071616409,0,0,0,0.00765511780227508,0,0.0108117054094125,0,0,0.000561754317776817,2.90671079310003e-06,0,0.000872763508391078,0,0,0,0.000144628944671953,2.17075741502503e-06,0.00514422664980936,0,0.00289597358839123,0,0,0,0,0,0.00047606833399141,0,0.000736647638426737,0,0,0,0,0.00135047889386449,0,0.00489072344448567,0,0.0104772519651765,0,5.60146399085906e-05,0,0.00145951429529244,0,0.00228435641731888,0,0,0,0.00220432849020508,0,0.00248421109880308,0,0.116457679597051,3.88152872817784e-05,0.00500060412651701,9.25838462691479e-05,0.000673877684235707,2.82990067587509e-05,0
0,0,0,0,0,0,0,0,8.09559253369061e-05,0,0.00708888606886676,0,0,0,0,0,0,0,0,0,0.00126828290737033,0,0.00468395600014726,0,0.00169975400250133,0,0,0,4.12566317856441e-05,0,0.000994200327672691,0,0,1.10960081656231e-05,0.00192429075304358,0,0.0113218389728228,0.000561754317776817,0,0,0,0,0,0,0,0,2.40286779743188e-06,0.0105083106523652,0.00966740701471547,0,0,0,0,0,0.000808207511996713,0,0.00191181805992013,0,0,0,0,0,0,0.0010905026377494,0,0.00581241591729633,0,0.00455151834804956,0,0,0,4.5558502569005e-05,0,0.00033830464565706,0,0,0.00015647154178678,0.000391328442063629,0,0.00538835035997148,0.000355399708903947,0.0779096478670646,0.00145213901785474,0.000140886609691098,0.00252753974967925,0,0
0,0.000106378471021202,1.48311055151798e-05,4.5943704150812e-05,0,0,0,0,0,0,0,0,0,0,0,0,0.000186905405811491,0.000355891897066485,0.00631601525506292,0,0,0,0,0,0,0,0,0,0,0,0,0,0.000312294518624169,0,0,2.68046290373573e-05,0,2.90671079310003e-06,0,0,7.40266367449515e-05,0.0383021811052166,3.83381210762917e-05,0.00169420742060555,0,0.00846375262667472,0.000108909013964286,0.0704298800757055,0.000471039429527035,0.110262479270463,1.35324443217203e-05,5.10449669293551e-05,0,0,0,0,1.69454375013552e-05,0.000152778300961136,0,0,0,0,0.00305823150978954,0,0,0,0,0,0,0,3.45213702639761e-05,0,0.000473400662211256,8.1697953340365e-05,0,0,0,0,0.00747744996225804,9.98524927653185e-06,0.000984624606346868,0,0.00022808818966183,0,0.0121544963011284,0.0247685020727229,7.98212856397306e-05
3.18872001157174e-05,0,0.000590435728288179,0,8.35931650744748e-05,0,0,0,0,0,0,0,0,0,0,0,0.000960213826235125,0.000533456533054791,0.0185928542319242,0,0,0,0,0,0,0,0,0,0,0,0,0,0,0,0,0,2.73082562939201e-05,0,0,7.40266367449515e-05,0,0.000101947390056161,0.0591302207101167,0,0,0.000736176673867541,0.0144641055787146,0.00256054030893108,0.00663540121057943,0,0.000213553807080656,0,0,0,0,0,2.25012166335702e-05,1.31239555844931e-05,0,0,0,0,0,0.00667845809100855,0,0,0,0,0,0,0,0,1.21365375978474e-05,0.00137577383350338,0,0,0,0,4.12820505235078e-05,0.00274145488696118,4.96111326857567e-06,0.000141960533017509,0.000650880046935953,7.69604684470031e-05,0.025030437229536,0.000160991731813542,0.0168261678525587
0,0.000584357138344277,7.46685628284732e-05,0.00310344463043158,0,0.000288487574133618,0,0,0,0.00239042380516634,0,0,0,0,0,0,0.000384279758714727,0.00160883057506039,0.0120083974148839,0,0,0,0,4.32405407712949e-05,0,0,0,0,0,0,0,0,0,0,0,0.000521472841434462,5.51126294357231e-06,0.000872763508391078,0,0.0383021811052166,0.000101947390056161,0,0.00940212425113347,0.00569080985806253,0,0.0367645377745994,7.78968303942389e-05,0.00133876347733593,0,0.0176034083371862,7.62691892857863e-06,0.00196668132442517,0,0,0,8.44285654144329e-05,0,0.0201992023722556,0,0.000155185168049948,0,0,0.0160372326078233,0,0,0,0,0,0,0,0.00287807994833165,0,0.0243404431469645,0,0,0,0,0,0.0116624112450334,8.39179911992045e-05,0.00507744089459567,1.73858121873898e-05,0.0043876341928983,0.000225448619252304,0.0368580467997763,0.0181962431607516,2.62259357067703e-05
0.000472176889233762,0,0.0104439408575712,0,0.000200544437153641,4.14289222861299e-05,0,0,7.42603387508204e-05,0,0,0,0,0,0,0,0.00152601396747937,0.000744852469700481,0.0150728749144356,0,0,0,0,0,0,0,0,0,0,0,0,0,0,0,0,1.99829386953619e-05,0.000271899391040238,0,0,3.83381210762917e-05,0.0591302207101167,0.00940212425113347,0,1.06795025836373e-05,0,0.00061218051726674,0.0050443282012758,0.00167662485259412,0.00443344422774423,0,0.000257766510716035,0,0,0,0,0,0.00186487984677683,3.62063205169285e-05,0,0,0,0,4.09816387156753e-05,0.00340682817566554,0,0,0,0,0,0,0,0,2.35136416898447e-05,0.00342081431486262,0,0,0,2.12212433959936e-05,5.74504700275824e-05,0.0150270234556847,3.39350661371311e-05,0.000523181652689534,0.00416571360125623,0.000210689247223545,0.0770165336681382,0.000181151713896959,0.0356048578779156
0,0,0,0,0,0,0,0,0,0,0,0,0,0,0,0,6.5314220558982e-06,0.000279059451628252,0.00170940192794548,0,0,0,0,0,0,0,0,0,0,0,0,0,0,0,0,4.9114218866942e-05,0,0,0,0.00169420742060555,0,0.00569080985806253,1.06795025836373e-05,0,0,0.00400199748639454,1.09597966798216e-05,0,0,0.000133045616956565,0,6.01333540848747e-05,0,0,0,0,0,0,0,0,0,0,0.00304732883454766,0,0,0,0,0,0,0,0,0,0.00052845644789421,0,0,0,0,0,0.000595907452655936,9.68693944483416e-06,0.000131583136976861,0,7.81483778508206e-05,0,0.00178610633234699,0.00495515750272802,7.0051560643168e-05
0,0,0,0,0,0,0,0,0,0,0,0,0,0,0,0,0,0,0,0,0,0,0,0,0,0,0,0,0,0,0,0,0,0,0,0,0,0,0,0,0,0,0,0,0,0,0,0,0,0,0,0,0,0,0,0,0,0,0,0,0,0,0,0,0,0,0,0,0,0,0,0,0,0,0,0,0,0,0,0,0,0,0,0,0,0,0
0,0.0004730033908789,0.00155095972506769,0.00278841950161162,1.1316337939606e-05,0.000174094333293455,0,0,0,7.17895584206107e-05,0,0,0,0,0,0,0.00118958002541747,0.00241649370202305,0.0312640449357777,4.10869287258925e-05,0,0,0,0,0,0,0,0,0,0,0,0,0,0,0,0.0016781769047943,6.10828995940065e-06,0.000144628944671953,0,0.00846375262667472,0.000736176673867541,0.0367645377745994,0.00061218051726674,0.00400199748639454,0,0,0.00266116722066192,0,0,0.00404256546117456,4.31275749015132e-05,0.000663502233445073,0,0,0,0,0.000272533039898353,0.00310114762784931,0,0.000148204933815815,0,0,0.0363667681576768,2.47979555785309e-05,0,0,1.25775997612308e-05,0,1.94504501421263e-05,0,0.00116194932917793,0,0.0149672159188223,0.000348376065158923,0,0,0,3.231131594718e-05,0.0103403012712662,0.000253023150616442,0.00591083846074889,1.48675351605877e-05,0.000880050820827127,1.82893355766633e-05,0.0152770897133509,0.00280543604052401,0.00057526554094244
0,0,0.000902429076272216,1.15569472781413e-05,1.33654859072051e-05,0,0,0,0,0,0,0,0,0,0,0,0.000273767661017874,0.000188795250155831,0.0050336733470698,0,0,0,0,0,0,0,0,0,0,0,0,0,0,0,6.96116781965085e-06,0,0.000656888461160416,2.17075741502503e-06,2.40286779743188e-06,0.000108909013964286,0.0144641055787146,7.78968303942389e-05,0.0050443282012758,1.09597966798216e-05,0,0.00266116722066192,0,4.28115493823645e-05,0.000684782387639755,0,0.000106257239967402,1.80020941840183e-05,0,0,0,0,0.000464235689783609,0.000158294092882179,0,8.51179460012322e-06,0,0,3.65115497030712e-05,0.0594804406821028,0,0,0,0,0,0,7.57978580335686e-05,0,5.23902544500652e-05,0.011713519674592,0,0,0,8.48000396165181e-05,9.93180537932398e-06,0.0177046672334967,1.90758071237223e-05,0.00559500054070182,0.000392026829769291,1.19412404636526e-05,0.0279978378077719,1.1529705295762e-05,0.000758209049945375
1.90348610015164e-05,0,8.31953567855676e-05,0,0,0,0,0,0,0,0,0,0,0,0,0,0,0,0,0,0,0,0,0,0,0,0,0,0,0,0,0.0229399054944888,0.260668604121687,0.0335937083103109,0.0871479467326018,0.000324988354514345,0.000921287776791583,0.00514422664980936,0.0105083106523652,0.0704298800757055,0.00256054030893108,0.00133876347733593,0.00167662485259412,0,0,0,4.28115493823645e-05,0,0.0370580608889902,0.173611737831329,0,0,0,0,0,0,0,0,0,0,0,0,0,0,0,0,0,0,0,0,0,0,0,0,0.0155690209032157,0.00686504587823725,0.0271695941656022,0.0216101840817342,0.0279573244679641,0.0125822291766641,0.00320307952527147,0.00105459811704836,0.00518747944140246,0.000247854573125968,0.0280168389216076,0.000102368593905142,0
0.0100448849643284,0,0.002095164446124,0,6.68116645506475e-05,0,0,0,0.00169299430941665,0,0,0,0,0,0,0,2.10027637434615e-06,0,0.000291499699406374,0,0,0,0.00672711913259185,0,0.000811459161468868,0,0,0,0,0,0,0,0.00204918241242312,0,0.000539028050368096,0,1.88925159221428e-06,0,0.00966740701471547,0.000471039429527035,0.00663540121057943,0,0.00443344422774423,0,0,0,0.000684782387639755,0.0370580608889902,0,0.00782912825658381,0.000192223121690279,0,0,0,0.00259683739882233,0,6.66200400218384e-05,0,0,0,0,0,0,7.16526320376216e-05,0,0.00262665526956777,0,0.0144918694477866,0,0.00217618262777841,0,0.00194003170809094,0,0.00570271493462375,0,0,0,0,3.83661150453433e-06,0.000525148333896125,0,0.00902027316574175,0.000694501790283758,4.3358504299952e-06,0.0199056191275161,0,0.000257330099728287
0,0.00583010706046826,0,0.00671477532347612,0,2.87497815762766e-05,0,0,0,0.00447330159400518,0,0,0,0,0,0,0,0,5.33705936710556e-06,0.000221939953004438,0,0.000448256479525025,0,0.00053125391679368,0,0,0,0,0,0,0,0,0.00122118058540109,0.000406011677300762,0,7.21770329937127e-05,0,0.00289597358839123,0,0.110262479270463,0,0.0176034083371862,0,0.000133045616956565,0,0.00404256546117456,0,0.173611737831329,0.00782912825658381,0,0,0.000952030344452461,0,0,0,0.000961317534095545,0,0.00593619799504879,0,0.00149626150745637,0,0.00473145345595461,0.000305412766940311,0,0.000685432593777848,0,0.00432789890270165,0,0.000814077295074253,0,0.00125829146055477,0,0.00417373473528626,0,0,0,0,0,0.00675292362500237,0,0.00479863827483516,0,0.00176728498601622,2.08480017773544e-05,0.0347152491567106,0.000353652925108386,0
0.00335324563298477,0,0.0585248465999552,0,0.0533687718767197,0,0,0,0.0100836832635241,0,0,0,0,0,0,0,0,0,0,0,0.00121196766465904,0,0,0,0,0,0,0,0,0,0,0,0,0,0,0,0,0,0,1.35324443217203e-05,0.000213553807080656,7.62691892857863e-06,0.000257766510716035,0,0,4.31275749015132e-05,0.000106257239967402,0,0.000192223121690279,0,0,0,0.0160110271364346,0,0.0259367516310939,0,0.00477774522627469,1.81592866158493e-05,0.000912268343908535,0,0.00377818897208654,0,0,0.00877914570562962,0,0,0,0,0,0,0,0,0,8.09426452519357e-05,0,0,0,0,0,0.000115931091471914,0,4.34185654668296e-05,0.000165932883408017,0,0.00307455965268408,0,6.48287158500666e-05
0,0.000268282070723089,0,0.0162515070804758,0,0.0374108982011002,0,0.00127813302327498,0,0.00833202543263319,0,0,0,0,0,0.00101193624748722,0,8.17392819120358e-06,3.88316129715516e-05,0.00213164687591425,0,0,0,0,0,0,0,0,0,0,0,0,0,0,0,1.58430386128759e-06,0,0,0,5.10449669293551e-05,0,0.00196668132442517,0,6.01333540848747e-05,0,0.000663502233445073,1.80020941840183e-05,0,0,0.000952030344452461,0,0,0,0.00820315237646702,0,0.00794220659220889,2.14403131235386e-05,0.0190741584732149,0,0.000838461753412107,0,0.00371807858110504,0.00569719850015862,0,0,0,0,0,0,0,0.000231303388914073,0,0.00169588584600386,0,0,0,0,0,7.326206753128e-05,0,4.17820043496491e-05,0,5.01640761660768e-05,6.94574733368296e-07,0.00755095877770214,0,0
0,0,0,0,0,0,0.0131043219994843,0,0,0,0,0,0,0,0,0,0,0,0,0,0,0,0,0,0,0,0,0,0,0,0,0,0,0,0,0,0,0,0,0,0,0,0,0,0,0,0,0,0,0,0.0160110271364346,0,0,0,0,0,0,0,0,0,0,0,0,0,0,0,0,0,0,0,0,0,0,0,0,0,0,0,0,0,0,0,0,0,0,0,0
0,0,0,0,0,0.000131233595311642,0,0.0120860937383781,0,0,0,0,0,0,0,0,0,0,0,0,0,0,0,0,0,0,0,0,0,0,0,0,0,0,0,0,0,0,0,0,0,0,0,0,0,0,0,0,0,0,0,0.00820315237646702,0,0,0,0,0,0.022495545615799,0,0.00249357250422369,0,0,0,0,0,0,0,0,0,0,0,0,0,0,0,0,0,0,0,0,0,0,0,0,0,0,0
0.035425425360656,0,0.00569880598167751,0,0.00382162671649845,0,0,0,0.0970158102089933,0,0,0,0,0,0,0,0,0,0,0,0,0,0,0,0.0121684461735741,0,7.14168338516894e-05,0,0,0,0,0,0,0,0,0,0,0,0.000808207511996713,0,0,0,0,0,0,0,0,0,0.00259683739882233,0,0.0259367516310939,0,0,0,0,0,0,0,0,0,0.0199789708634429,0,0,0,0,0,0,0.0322678705114158,0,0.000907398241651778,0,0,0,0,0,0,0,0,0,0,0,0.00716520298533536,9.61148933424058e-05,0,0.000263203337804521,0,0
0,0.0398365711951522,0,0,0,0.0417728960196203,0,0,0,0.189356137611892,0,0,0,0,0,0.00887516096306747,0,0,0,0,0,0,0,0.0387929417145017,0,0,0,0,0,0,0,0,0,0,0,0,0,0.00047606833399141,0,0,0,8.44285654144329e-05,0,0,0,0,0,0,0,0.000961317534095545,0,0.00794220659220889,0,0,0,0,0,0.000375602160151301,0,0.000295179979674667,0,0.0992966104183087,0,0,0,0,0.0232174641435337,0,0.00115225204908503,0,0,0,0,0,0,0,0,0,0,0,0.00302888739298795,0,0.000249927819350679,0,0.000395595458643429,0,0
0,0,0.00025835862541338,1.48208524223103e-05,2.97568895241654e-05,0,0,0,0,0,0.0195493699544714,0,0,0,0,0,9.45940135159943e-06,0,1.01869910845706e-05,0,0.0049800938148059,0,0,0,0,0,0,0,0,0,2.33175336871935e-05,0,0,0,0,0,1.52071015691035e-05,0,0.00191181805992013,1.69454375013552e-05,2.25012166335702e-05,0,0.00186487984677683,0,0,0.000272533039898353,0.000464235689783609,0,6.66200400218384e-05,0,0.00477774522627469,2.14403131235386e-05,0,0,0,0,0,1.39565400768474e-05,0.000816104988127667,0,2.58536820585691e-05,0,0,0.0053702386134928,0,0,0,0,0,0,0,0.0169313935059891,0,0.0383862970772709,0,0,0,0,0,5.3660190106887e-05,0,0.000840270332985726,3.57861103818091e-05,0,0.00854243948818708,0,0.000181054953097346
0,0.000605081758485761,0.000212481012641323,0.00114407408588149,0,0.000654377638483699,0,0.00244320324513509,0,0.000666752982620089,0,0.0747196819020232,0,0,0,0,0,0,0.000189695773648367,0.0130038077230388,0,0,0,0,0,0,0,0,0,0.00776852497188491,0,0,0,0,0,0.000901746727693912,0,0.000736647638426737,0,0.000152778300961136,1.31239555844931e-05,0.0201992023722556,3.62063205169285e-05,0,0,0.00310114762784931,0.000158294092882179,0,0,0.00593619799504879,1.81592866158493e-05,0.0190741584732149,0,0.022495545615799,0,0.000375602160151301,1.39565400768474e-05,0,0,0.0178525643456002,0,0.000864651643344528,0.0293827159903013,0,9.43929085961545e-06,0,0.00030174806968115,0,0.000655350585660284,0,0.0282959029924793,0,0.0468350857500651,3.18040337402962e-05,0,0,0,0,0.00169102763407455,2.29090650455688e-06,0.00134148645347617,0,0.000380711054664208,1.87632163566379e-06,0.0176463839788301,0.000224740126086329,4.26424389918588e-05
0,0,9.14756452568767e-05,0,0,0,0,0,0,0,0.00247119128444894,0,0.00370541732272257,0,0,0,0,0,0,0,0,0,0,0,0,0,0,0,0,0,0,0,0,0,0,0,0,0,0,0,0,0,0,0,0,0,0,0,0,0,0.000912268343908535,0,0,0,0,0,0.000816104988127667,0,0,0,0.000855498512998723,0,0,0,0,0,0,0,0,0,0,0.00233151114259683,0,0,0,0,0,0,0,0,0,0,0,0,2.60322520780074e-05,0,0
0,0.00027363880223018,0,0.00287716700217456,0,6.65318070937937e-05,0,0.00108797227812178,0,0,0,0.000471691740172064,0,0.0152621586016627,0,0,0,0,0,0,0,0,0,0,0,0,0,0.000211975334170934,0,0,0,0,0,0,0,0,0,0,0,0,0,0.000155185168049948,0,0,0,0.000148204933815815,8.51179460012322e-06,0,0,0.00149626150745637,0,0.000838461753412107,0,0.00249357250422369,0,0.000295179979674667,0,0.0178525643456002,0,0,0,0.000587359043195945,0.000291789581227105,0,0,0,0.000107815751246116,0,0.00132074729582732,0,0.01423132928284,0,6.10588016241621e-05,0,0,0,0,0,1.08394416289073e-05,0,0,0,1.78630086343444e-06,0,0.00130093281576642,0,0
0.00622243474257296,0,0.0020228841569625,0,0,0,0,0,0.00894190906128231,0,0,0,0,0,0.00203035788554876,0,0,0,0,0,0,0,0,0,0,0,0,0,0,0,0,0,0,0,0,0,0,0,0,0,0,0,0,0,0,0,0,0,0,0,0.00377818897208654,0,0,0,0.0199789708634429,0,2.58536820585691e-05,0,0.000855498512998723,0,0,0,0,0,0,0,0,0,0,0.00508442661640667,0,0,0,0,0,0,0,0,0,0,0,0,0,0,0,0,0
0,0.00090399796805761,0,0.000370448311497462,0,4.50250498254309e-05,0,0,0,0.0739809896135381,0,0,0,0,0,0.0137748910807651,0,0.000521523565908218,0,0,0,0,0,0.00124182122743818,0,0,0,0,0,0,0,0,0,0,0,0,0,0,0,0,0,0,0,0,0,0,0,0,0,0.00473145345595461,0,0.00371807858110504,0,0,0,0.0992966104183087,0,0.000864651643344528,0,0.000587359043195945,0,0,0,0,0,0,0,0,0.000362971921883558,0,0.000915834734261292,0,0.000147369986432824,0,0,0,0,0,0,0,0,0,7.92533879206439e-05,0,0.000490685849129771,0,0
0,0,5.54416717822597e-05,3.96650892899105e-05,0,0.000206349942714454,0,0,0,8.64640601063102e-05,0,0,0,0,0,0,6.67022862971533e-06,2.82354023367329e-05,0.00044916073679973,0.0602574779644563,0,0,0,0,0,0,0,0,0,0,0,0,0,0,0,0.00549624443357517,0,0.00135047889386449,0,0.00305823150978954,0,0.0160372326078233,4.09816387156753e-05,0.00304732883454766,0,0.0363667681576768,3.65115497030712e-05,0,0,0.000305412766940311,0,0.00569719850015862,0,0,0,0,0,0.0293827159903013,0,0.000291789581227105,0,0,0,0,0,0,0,0,2.63828838381315e-05,0,0.00256716843011936,0,0.0446613472227608,1.06132214385733e-05,0,0,0,0,0.00871308935008337,0,0.0169658771911216,0,0.00036243007941707,0,0.00643239285455982,0.000427198388420358,0
1.04458357597647e-05,0,8.46318438255355e-06,1.29176064726784e-05,0.00111243561630298,0,0,0,0,0,0.000325642175305484,0,0,0,0,0,6.57632558827859e-05,3.58896466657024e-05,0.00191573738898859,0,0.0410395708813425,0,0,0,0,0,0,0,0,0,0,0,0,0,0,0,0.00725247285993695,0,0.0010905026377494,0,0.00667845809100855,0,0.00340682817566554,0,0,2.47979555785309e-05,0.0594804406821028,0,7.16526320376216e-05,0,0.00877914570562962,0,0,0,0,0,0.0053702386134928,0,0,0,0,0,0,0,0,0,0,0,0,0,0,0,0,0.0291913196181721,0,0,0,0,5.73581485621263e-06,0.0155065152628927,0,0.00508861288651463,0.000156683451387642,1.21356044054323e-05,0.0249623035482547,0,0.000153001723122474
0,0,0,0,0,0,0,0,0,0,0,0,0,0,0,0,0,0,0,0,0,0.0801900326439057,3.98575067335474e-05,0.00504098623772232,0,1.61075820317915e-05,0,0.000554952450141684,0,0,0,0,0,0,0,0,0,0.00489072344448567,0,0,0,0,0,0,0,0,0,0,0,0.000685432593777848,0,0,0,0,0,0,0,9.43929085961545e-06,0,0,0,0,0,0,0,0,0.017515248348279,0,0.014016940452994,0,0.0246290176724447,0,0.000323933390431663,0,0,0,0,0,0,0,0.00660907192703449,0,0.00052762568593709,0,0,0,0
0,0,0,0,0,0,0,0,0,0,0,0,0,0,0,0,0,0,0,0,0,0,0.0768571949060268,0,0.000783911824659992,0,0.00032027298973602,0,0.000126846508366173,0,0,0,0,0,0,0,0,0,0.00581241591729633,0,0,0,0,0,0,0,0,0,0.00262665526956777,0,0,0,0,0,0,0,0,0,0,0,0,0,0,0,0,0,0,0.00166115073926366,0,0.0212626105333034,0,0.00712458096343956,0,0,0,0,0,0,0,0,0,0.00567262123225286,0.000106127289916202,0,8.94355375307115e-06,0,0
0,0.000140358537033963,0,6.57643538036923e-05,0,0,0,0,0,0.000353999941617757,0,0,0,0,0,0,0,0,0,0,0,0.00322138562277475,0,0.106715861691502,0,0.000698686840445994,0,0,0,0,0,0,0,0,0,0,0,0.0104772519651765,0,0,0,0,0,0,0,1.25775997612308e-05,0,0,0,0.00432789890270165,0,0,0,0,0,0.0232174641435337,0,0.00030174806968115,0,0.000107815751246116,0,0,0,0,0.017515248348279,0,0,0,0.0242374500603651,0,0.00931686643004162,0,0,0,0,0,0,0,0,0,0.0096926461951787,0,0.00018959631882442,1.12833716874896e-05,0.00582080181078958,0,0
0,0,0,0,0,0,0,0,0.000453165626307695,0,0,0,0,0,0,0,0,0,0,0,0,0,0.00137456055514749,0,0.0900198774026863,0,0.000517019654842532,0,0,0,0,0,0,0,0,0,0,0,0.00455151834804956,0,0,0,0,0,0,0,0,0,0.0144918694477866,0,0,0,0,0,0.0322678705114158,0,0,0,0,0,0,0,0,0,0,0.00166115073926366,0,0,0,0.0560776101539772,0,0,0,0,0,0,0,0,0,0,0,0.00688156898474455,8.13085588489777e-05,0,0.00512281261918772,0,0
0,0,0,0,0,0,0,0,0,0.000286542254160174,0,0,0,0,0,0.000261934386799112,0,0,0,0,0,0.00906408463768797,0,0.0659412163757265,0,0.0288010482414312,0,0.0015124034450391,0,0,0,0,0,0,0,0,0,5.60146399085906e-05,0,0,0,0,0,0,0,1.94504501421263e-05,0,0,0,0.000814077295074253,0,0,0,0,0,0.00115225204908503,0,0.000655350585660284,0,0.00132074729582732,0,0.000362971921883558,2.63828838381315e-05,0,0.014016940452994,0,0.0242374500603651,0,0,0,0.012650456577046,0,0,0,0,0,0,0,0,0,1.91991741641176e-05,0,5.0051040348757e-05,0,3.21479462279065e-05,0,0
0,0,0,0,0,0,0,0,0,0,0,0,0,0,0,0,0,0,0,0,0,0,0.000827764164801724,0,0.0747741931419893,0,0.0198304150240244,0,0.000181483850280006,0,0,0,0,0,0,0,0,0,0,0,0,0,0,0,0,0,0,0,0.00217618262777841,0,0,0,0,0,0.000907398241651778,0,0,0,0,0,0.00508442661640667,0,0,0,0,0.0212626105333034,0,0.0560776101539772,0,0,0,0.00865154397646456,0,0,0,0,0,0,0,0,0,0,0,0,0,0,0
0,0.000132489554279801,0,0.00038412160702628,0,0,0,0,0,0.000231597360580889,0,0.000139637430850181,0,0,0,0,3.59133417151758e-06,0,0.000112240905249373,2.20603942484948e-05,0,0.00515936356886662,0,0.000217842004689322,0,0.00197375626278312,0,0.0233929135024337,0,9.24000923987478e-05,0,0,0,0,0,7.71010893363289e-06,0,0.00145951429529244,0,3.45213702639761e-05,0,0.00287807994833165,0,0,0,0.00116194932917793,7.57978580335686e-05,0,0,0.00125829146055477,0,0.000231303388914073,0,0,0,0,0,0.0282959029924793,0,0.01423132928284,0,0.000915834734261292,0.00256716843011936,0,0.0246290176724447,0,0.00931686643004162,0,0.012650456577046,0,0,0,0.00535921170196165,0,0,0,0,0,4.17971194460244e-05,0,0.00570487559939541,1.66335767059927e-06,0.000261307923338264,3.11195460314215e-06,0.0019420715279963,4.3157421468086e-05,0
0,0,0,0,0,0,0,0,0,0,0.000166663885465823,0,0,0,0,0,0,0,0,0,0,0,0.00038496379337992,0,0,0,0.00122243222968536,0,0.0113613559438129,0,0.00123956074623568,0,0,0,0,0,0,0,4.5558502569005e-05,0,0,0,0,0,0,0,0,0,0.00194003170809094,0,0,0,0,0,0,0,0.0169313935059891,0,0.00233151114259683,0,0,0,0,0,0,0.00712458096343956,0,0,0,0.00865154397646456,0,0,0,0.00338134034482063,0,0,0,0,0,0,0,0.00119797491066084,3.77511746941479e-06,0,0.000217003059736137,0,0
0,0.000667645199791382,8.24625590077829e-05,0.00691951753888988,0,0.00012217586699767,0,0,0,0.000981925917486235,0,0.0136127327731711,0,0,0,0,8.10669201697178e-05,0.000164349151033447,0.00233659772564562,0.0172392501235721,0,0.00025491194099309,0,0.000156021714125648,0,0,0,0,0,0.0298928167796273,0,0,0,0,0,0.000136542851333179,0,0.00228435641731888,0,0.000473400662211256,1.21365375978474e-05,0.0243404431469645,2.35136416898447e-05,0.00052845644789421,0,0.0149672159188223,5.23902544500652e-05,0,0,0.00417373473528626,0,0.00169588584600386,0,0,0,0,0,0.0468350857500651,0,6.10588016241621e-05,0,0.000147369986432824,0.0446613472227608,0,0.000323933390431663,0,0,0,0,0,0.00535921170196165,0,0,0,0,0,0,0,0.000928169974104995,5.37007095707992e-06,0.0137288476179518,0,0.00213322965194264,2.72966362348173e-05,0.00589187190060596,0.0133095553407536,0
3.21509247975839e-05,0,0.0055470566041102,2.52849732724208e-05,0,0,0,0,0,0,0,0,0,0,0,0,6.94778538102734e-05,5.03505226975235e-06,0.003493211140725,0,4.17545828452341e-05,0,0,0,0,0,0,0,0,0,0.0296719123060893,0,0,0,0,0,9.24004889292028e-06,0,0.00033830464565706,8.1697953340365e-05,0.00137577383350338,0,0.00342081431486262,0,0,0.000348376065158923,0.011713519674592,0,0.00570271493462375,0,8.09426452519357e-05,0,0,0,0,0,0.0383862970772709,3.18040337402962e-05,0,0,0,0,1.06132214385733e-05,0.0291913196181721,0,0,0,0,0,0,0,0.00338134034482063,0,0,0,0,0,0,5.00051637442115e-06,0.000626412516728705,3.18102032628649e-06,0.00761795634676603,0.000208235172492888,1.31075770567658e-05,0.0331159123041575,0,0.00790478288039339
