0,0,14.3186194950884,0,14.1361431410146,0,0,0,10.5502072489208,0,0,0,24.1989212036133,0,19.7244470119476,0,34.4446870713007,46.4057553609212,27.4371815429014,0,28.2793572743734,0,0,0,10.0310668238887,0,0,0,0,0,0,0,0,0,0,0,47.4585723876953,0,13.4947563717442,67.7415351867676,31.6123828887939,0,20.1445187278416,0,0,62.7587604522705,23.0058670043945,0,12.2228808414423,0,20.0530166625977,0,0,0,7.53672916344974,0,22.5354057809581,0,20.2016324996948,0,8.94250699569439,0,0,28.7091496785482,0,0,0,9.90341821854765,0,0,0,0,0,16.7169116565159,0,0,0,0,80.1018104553223,59.9513664245605,0,13.2552756296622,10.9679071757956,10.0374536514282,12.8038810735904,0,0
0,0,0,3.50503607645427,0,9.29537200927734,0,0,0,7.8193004270685,0,0,0,0,0,0,0,28.6022975104196,22.9365166255406,0,0,0,0,7.22615967856513,0,0,0,0,0,0,0,0,0,0,0,52.883243560791,0,0,0,36.0812335544162,0,19.5291954311082,0,12.5003553628922,0,32.5862224578857,73.5220718383789,0,0,5.62499652783076,0,0,0,0,0,9.93565133360566,0,18.6115404829249,0,5.90570371392844,0,12.4926695128508,40.4138622283936,0,0,0,10.3283157348633,0,0,0,5.23333588242531,0,26.7952317237854,0,0,0,0,0,48.9827986823188,0,34.3707184791565,0,12.1279983482284,10.2222592402727,15.2416562878989,14.6372989831969,0
14.3186194950884,0,0,0,10.0207267847106,0,0,0,13.2070465715308,0,0,0,0,0,10.0537694617163,0,0,0,33.6365763346354,0,19.0123704160963,0,0,0,28.4160299301147,0,0,0,0,0,0,0,0,0,0,0,24.0747618039449,0,29.5084055698279,0,29.9255084991455,0,24.4962763977051,0,0,0,18.1551045841641,0,10.5942021248833,0,12.3014029054081,0,0,0,14.0055874824524,0,20.3055966308242,0,7.32847723506746,0,6.68174557592355,0,0,17.2954526198538,0,0,0,27.4926629066467,0,0,0,0,0,24.6994663874308,0,0,0,0,0,20.495456943325,0,31.526287742283,21.6314887279497,29.5465211868286,10.6359363922269,0,19.5270748138428
0,3.50503607645427,0,0,0,11.5380561946207,0,0,0,9.54398338934955,0,0,0,0,0,6.04032026849142,70.9546279907227,0,53.0447663201226,17.8821632266045,0,0,0,0,0,0,0,0,0,0,0,0,0,0,0,23.8858951267443,0,0,0,44.4022866990831,0,30.973795782569,28.9320634206136,32.5223416415128,0,29.243150351704,92.5512390136719,64.8012084960938,0,8.40400869771838,0,8.46046928241493,0,0,0,0,0,19.3139268221314,0,3.6427409251531,0,4.99607249229185,16.77595274265,107.268768310547,0,0,0,0,0,0,0,0,27.6286343268628,0,0,0,0,0,28.4450040228227,122.281135559082,39.3556952225535,0,23.3940503106686,0,17.5878629597259,32.9757869005203,0
14.1361431410146,0,10.0207267847106,0,0,0,4.2301804959774,0,6.8518013762839,0,0,0,0,0,12.3981489248054,0,0,0,59.3746490478516,0,26.4336967468262,0,0,0,39.8478927612305,0,0,0,0,0,0,0,0,0,0,0,9.30666716893514,0,42.463073185512,0,0,0,45.5734184265137,0,0,0,36.3639083862305,0,17.3902515172958,0,5.5680052662549,0,6.74123430252075,0,8.40351608821324,0,19.8472259203593,0,17.8902328809102,0,12.3648829460144,0,0,37.0218029022217,0,0,0,40.8390579223633,0,0,0,0,0,40.8389854431152,0,0,0,0,0,34.2872645060221,0,44.3885377248128,5.37439681821109,19.9013662338257,11.7805543787896,0,34.5390701293945
0,9.29537200927734,0,11.5380561946207,0,0,0,5.8668646812439,0,9.32173202391668,0,0,0,0,0,0,0,0,62.2419700622559,0,0,0,0,0,0,0,0,0,0,0,0,0,0,0,0,0,0,0,0,45.7001075744629,0,38.8626996146308,0,0,0,38.8285980224609,0,0,0,7.50353062458527,0,3.73231617372427,0,0,0,5.75828382397486,0,18.2492909556941,0,0,0,3.93562572343009,0,0,0,0,0,0,0,0,0,0,39.119785785675,0,0,0,0,0,53.2632150650024,0,46.0755453109741,0,5.01481087636748,0,34.538638303529,0,0
0,0,0,0,4.2301804959774,0,0,0,0,0,0,0,0,0,9.29725360870361,0,0,0,0,0,0,0,0,0,0,0,0,0,0,0,0,0,0,0,0,0,0,0,0,0,0,0,0,0,0,0,0,0,0,0,6.15379800429711,0,4.26439931046249,0,0,0,5.35091791481807,0,6.36670232309726,0,7.99110078811646,0,0,0,0,0,0,0,0,0,0,0,0,0,0,0,0,0,0,0,0,0,2.93605826882755,0,0,0,0
0,0,0,0,0,5.8668646812439,0,0,0,0,0,10.9406795501709,0,0,0,0,0,0,0,3.10487909317017,0,0,0,0,0,0,0,0,0,0,0,0,0,0,0,3.36936719076974,0,0,0,0,0,0,0,0,0,0,0,0,0,0,0,3.04516420761744,0,3.11872647163716,0,0,0,6.4966375479656,0,0,0,0,0,0,0,0,0,0,0,0,0,0,0,0,0,0,0,0,0,0,0,0,2.9174586609949,0,0,0,0
10.5502072489208,0,13.2070465715308,0,6.8518013762839,0,0,0,0,0,0,0,28.7885894775391,0,6.5464051915872,0,15.4568511803945,58.1676826477051,33.6839971831351,0,40.0026280085246,0,0,0,5.85989391633442,0,4.31371743679047,0,0,0,0,0,0,0,0,0,68.6242809295654,0,11.9651757212518,71.1180667877197,43.3162752787272,0,17.4636787463279,0,0,58.0757598876953,32.3175102033113,0,15.1519434205417,0,12.2778465002775,0,0,0,6.90665029935439,0,22.6393249359131,0,7.27051088545057,0,8.51594356128148,0,0,41.7250970840454,0,0,0,10.2369639559651,0,6.95037856429973,0,0,0,23.3805558488176,0,0,0,0,70.8238372802734,52.4939496657428,0,18.6380142484392,6.42437664993622,0,22.0890934774585,0,9.25113582611084
0,7.8193004270685,0,9.54398338934955,0,9.32173202391668,0,0,0,0,0,0,0,0,0,7.71329895200183,0,4.07664166964017,37.6691589355469,0,0,0,0,6.02523833054763,0,0,0,0,0,0,0,0,0,0,0,0,0,6.74491944679847,0,0,0,8.79173286639861,0,0,0,0,0,0,0,15.2413375112745,0,11.4901785850525,0,0,0,5.37301569787141,0,16.6400012969971,0,18.2682991027832,0,7.78294777488097,0,0,0,0,5.76548271179199,0,0,0,0,0,0,0,0,0,0,0,0,0,9.98866180578868,0,5.80278150440658,5.83388857313767,9.75887491937318,14.0301580429077,0
0,0,0,0,0,0,0,0,0,0,0,0,5.11797135353088,0,0,0,0,0,0,0,5.55908879877507,0,0,0,0,0,0,0,3.56330784161886,0,4.73041805286034,0,0,0,0,0,8.52227138354675,0,4.23261456411818,0,0,0,0,0,0,0,0,0,0,0,0,0,0,0,0,0,5.95353749416074,0,4.69302910303368,0,0,0,0,8.70361370293062,0,0,0,0,0,0,0,4.19490821020944,0,2.96353858311971,0,0,0,0,0,12.0273739015024,0,22.7630027135213,4.40134684552145,2.88644591967265,5.89297437667847,0,0
0,0,0,0,0,0,0,10.9406795501709,0,0,0,0,0,3.00282842599893,0,0,0,0,0,3.64390823741754,0,0,0,0,0,0,0,5.46833443641663,0,5.490902255916,0,0,0,0,0,4.27031477168202,0,3.47259878457248,0,0,0,0,0,0,0,18.7665557861328,0,0,0,0,0,0,0,7.76728534698486,0,0,0,6.71500485210884,0,3.56517647163661,0,0,5.22259343722287,0,0,0,0,0,0,0,3.03821731681254,0,7.63390627685858,0,0,0,0,0,8.1074977694331,0,0,0,3.40371148941365,0,4.34124343395233,0,0
24.1989212036133,0,0,0,0,0,0,0,28.7885894775391,0,5.11797135353088,0,0,0,4.24465543883187,0,0,0,0,0,0,0,0,0,0,0,0,0,3.06531814575195,0,0,0,0,0,0,0,0,0,33.2772369384766,0,0,0,33.2847602150657,0,0,0,0,0,19.0398161146376,0,0,0,0,0,0,0,12.108593026797,0,4.02003272952093,0,5.07491891145706,0,0,0,0,0,0,0,0,9.28847312927246,0,3.76470305702903,0,33.6001100540161,0,0,0,0,0,0,0,0,3.72531061025766,3.47634040586876,29.6930409272512,0,0
0,0,0,0,0,0,0,0,0,0,0,3.00282842599893,0,0,0,4.58110564754855,0,0,0,0,0,0,0,0,0,0,0,2.82520847320557,0,0,0,0,0,0,0,0,0,0,0,0,0,0,0,0,0,0,0,0,0,0,0,0,0,0,0,0,0,3.47112691402435,0,3.44186231446645,0,0,0,0,0,0,0,0,0,0,3.68701004981995,0,0,0,0,0,0,0,0,0,0,0,3.2367137781779,3.69356912626347,0,0,0
19.7244470119476,0,10.0537694617163,0,12.3981489248054,0,9.29725360870361,0,6.5464051915872,0,0,0,4.24465543883187,0,0,0,3.91031047638426,0,49.7868671417236,0,19.3694458007812,0,0,0,5.58085339069366,0,4.19948720932007,0,0,0,0,0,0,0,0,0,67.3687057495117,0,27.027080323961,0,0,0,25.8173420979426,0,0,0,29.8284246921539,0,11.3357836777651,0,5.00805645830491,0,0,0,16.4303435484568,0,29.571875890096,0,4.74379815867073,0,4.66340803609782,0,0,33.9128203392029,0,0,0,4.01681852340698,0,5.90965630231279,0,0,0,27.9378276824951,0,0,0,0,0,37.5887520313263,0,46.3269519805908,4.83796316185439,11.0006439004626,23.568512349251,0,0
0,0,0,6.04032026849142,0,0,0,0,0,7.71329895200183,0,0,0,4.58110564754855,0,0,0,7.82030957937241,0,0,0,0,0,0,0,0,0,0,0,0,0,0,0,0,0,0,0,0,0,0,0,0,0,0,0,0,0,0,0,5.13624210357666,0,0,0,0,0,8.33026457068944,0,0,0,5.5779812335968,0,4.03787511984507,0,0,0,0,0,0,0,0,0,0,0,0,0,0,0,0,0,0,0,0,4.55702069920803,3.31312057691462,0,0,0
34.4446870713007,0,0,70.9546279907227,0,0,0,0,15.4568511803945,0,0,0,0,0,3.91031047638426,0,0,22.8298259224822,19.3129280111995,0,61.9975357055664,0,5.44157831913957,0,5.48865481417814,57.865930557251,5.16159676773884,0,0,0,0,0,0,0,0,82.7209650675456,88.9555339813232,0,62.1085884094238,58.7777681553617,63.7160447438558,55.1840286535375,49.8906566969311,47.5229845461638,31.0920938253403,49.1305431452664,57.7426787482368,0,55.12113793691,61.6762886047363,0,0,0,0,51.4402961730957,0,55.7910090715457,58.5932019551595,61.0540466308594,0,7.61767090691461,0,62.9838970184326,65.8024840519346,0,0,0,0,0,0,0,0,70.5399875640869,50.2867439814976,0,0,102.158576965332,0,73.2392198628393,73.9296337882465,80.619556427002,64.8556754589081,8.91963760499422,6.99968367015383,52.8220181003694,52.4945317181674,42.8759942054749
46.4057553609212,28.6022975104196,0,0,0,0,0,0,58.1676826477051,4.07664166964017,0,0,0,0,0,7.82030957937241,22.8298259224822,0,21.4976226666417,0,72.2855415344238,7.82752255657511,18.9970658620199,13.6079646457325,0,10.0430585856729,0,2.88179450564914,0,0,0,0,0,0,0,85.5673281351725,91.4272338867188,0,63.3946723937988,65.0884635679184,72.5202746921115,49.5737075805664,58.4263041627173,39.3190981649583,49.8132991790771,53.1339956011091,57.0694463359776,0,63.5491263071696,53.4315490722656,0,0,0,0,0,4.50461310999734,54.2128671499399,50.6588653564453,0,0,43.0052223205566,10.490218335932,72.0179767608643,65.9636462667714,8.50568017694685,0,2.95646047592163,0,3.09288223071765,0,0,0,0,61.4160868326823,0,0,0,0,74.6180672994474,81.4760031473069,70.5551651000977,70.6763706207275,11.1309040823395,9.06802438110705,56.3310180016284,42.6357238292694,60.5191298092113
27.4371815429014,22.9365166255406,33.6365763346354,53.0447663201226,59.3746490478516,62.2419700622559,0,0,33.6839971831351,37.6691589355469,0,0,0,0,49.7868671417236,0,19.3129280111995,21.4976226666417,0,0,43.7025917053223,19.4111976623535,0,0,0,23.3291238149007,0,0,0,0,0,0,0,0,0,62.2646765237326,68.2060549627874,0,51.9121333312988,38.6500812335924,41.384387419774,19.0726093804675,20.1449056286703,17.1617803352095,24.8810873888071,32.9172351185506,35.9754099297241,70.5483417510986,42.464406591947,29.9066520584954,0,54.2391471862793,0,0,43.3740921020508,35.7662506103516,39.0172618209131,40.3075036510979,43.1870574951172,0,40.5004081726074,0,44.4409152702049,46.3841318836102,0,0,0,36.6817321777344,0,0,0,0,34.4454825719198,40.4621379229487,0,0,82.7474746704102,0,48.6452867106697,51.5294609005953,43.4248829410501,50.5294294620746,18.8284058474596,20.8692357540131,32.0313259578558,13.5739893914721,21.7620485777586
0,0,0,17.8821632266045,0,0,0,3.10487909317017,0,0,0,3.64390823741754,0,0,0,0,0,0,0,0,0,0,0,0,0,0,0,0,0,0,0,0,0,0,0,6.08577666144926,0,2.95571124169134,0,0,0,38.5553932189941,0,0,0,9.96658179465305,0,0,0,16.8768424987793,0,0,0,0,0,0,0,4.32313601175944,0,0,0,0,4.7243306791224,0,0,0,0,0,0,0,0,0,7.4878933429718,0,0,0,0,0,9.19234240813062,0,16.8670582771301,0,6.75810835546418,15.2057223103263,4.35656448414451,0,0
28.2793572743734,0,19.0123704160963,0,26.4336967468262,0,0,0,40.0026280085246,0,5.55908879877507,0,0,0,19.3694458007812,0,61.9975357055664,72.2855415344238,43.7025917053223,0,0,0,0,0,0,0,0,0,0,0,0,0,0,0,0,0,5.99364409889755,0,5.34340613316267,0,45.8976440429688,0,32.0318711598714,0,0,125.334373474121,15.5342917814851,0,29.1931554620916,0,19.5924030303955,0,0,0,41.5280456542969,0,5.03873116788567,0,17.5433999300003,0,24.8863770961761,0,0,8.90490037268466,0,0,0,0,0,0,0,0,0,0,0,0,0,0,0,9.54596016084514,0,14.2392410560393,4.96201198299726,66.7738494873047,12.037843735218,0,37.6094560623169
0,0,0,0,0,0,0,0,0,0,0,0,0,0,0,0,0,7.82752255657511,19.4111976623535,0,0,0,5.54063638082888,8.79270308950673,0,4.46643912470019,0,3.59767715554488,0,0,0,0,0,0,0,0,0,5.74350883432103,17.03164248033,0,0,0,0,0,0,0,0,0,0,8.99775720967187,0,0,0,0,0,0,0,0,0,0,0,0,0,0,4.35276694768192,6.54383197852543,9.69622748473595,0,9.04787698498479,0,9.0165022184264,0,0,0,0,0,0,0,0,0,6.97189353564952,0,4.83121613312007,5.05622107958929,0,0,0
0,0,0,0,0,0,0,0,0,0,0,0,0,0,0,0,5.44157831913957,18.9970658620199,0,0,0,5.54063638082888,0,0,3.78646346926689,0,5.02524083658827,0,3.90033288435502,0,0,0,0,0,0,0,0,0,3.70870380879777,0,0,0,0,0,0,0,0,0,3.70674921274185,0,0,0,0,0,0,0,0,0,0,0,0,0,0,0,4.89311599731445,4.7872643279875,0,3.50590538978577,0,4.67740189035734,0,3.53046458959579,0,0,0,0,0,0,0,0,0,10.2861126540752,5.54412796617873,5.4778620177356,0,0,0
0,7.22615967856513,0,0,0,0,0,0,0,6.02523833054763,0,0,0,0,0,0,0,13.6079646457325,0,0,0,8.79270308950673,0,0,0,2.93487724135904,0,0,0,0,0,0,0,0,0,0,0,7.49697450640496,0,0,0,0,0,0,0,0,0,0,0,11.1711128098624,0,0,0,0,0,6.78132542817952,0,0,0,0,0,0,0,0,10.0194310740198,0,6.32711756422481,0,5.04135118895455,0,9.20141042981829,0,0,0,0,0,0,0,0,0,7.86492934077978,0,5.40282465002351,7.78635772498878,10.5042915642262,0,0
10.0310668238887,0,28.4160299301147,0,39.8478927612305,0,0,0,5.85989391633442,0,0,0,0,0,5.58085339069366,0,5.48865481417814,0,0,0,0,0,3.78646346926689,0,0,0,5.04565306169441,0,0,0,0,0,0,0,0,0,0,0,7.75771838634168,0,0,0,19.3755187988281,0,0,0,0,0,9.76259605839567,0,0,0,0,0,8.54824598975804,0,0,0,0,0,5.85182443936666,0,0,0,0,4.01077243685722,0,3.77243335138668,0,4.32653452269994,0,0,0,0,0,0,0,0,0,0,0,7.89182465508005,4.1405693377302,0,10.2904343366623,0,0
0,0,0,0,0,0,0,0,0,0,0,0,0,0,0,0,57.865930557251,10.0430585856729,23.3291238149007,0,0,4.46643912470019,0,2.93487724135904,0,0,0,3.73374916946187,0,0,0,0,0,0,0,0,0,0,0,0,0,0,0,0,0,0,0,0,0,0,0,0,0,0,0,0,0,0,0,0,0,0,0,0,4.33685537179311,0,2.94482290744781,0,3.2529961793319,0,3.67130923427008,0,0,0,0,0,0,0,0,0,0,0,9.66671283867048,12.7656728426615,0,0,0
0,0,0,0,0,0,0,0,4.31371743679047,0,0,0,0,0,4.19948720932007,0,5.16159676773884,0,0,0,0,0,5.02524083658827,0,5.04565306169441,0,0,0,2.92866733016037,0,0,0,0,0,0,0,0,0,0,0,0,0,0,0,0,0,0,0,0,0,0,0,0,0,0,0,0,0,0,0,3.20994840968739,0,0,0,0,0,0,0,0,3.53332220333726,0,0,0,0,0,0,0,0,0,0,0,0,5.10531844344794,5.72781041690281,0,0,0
0,0,0,0,0,0,0,0,0,0,0,5.46833443641663,0,2.82520847320557,0,0,0,2.88179450564914,0,0,0,3.59767715554488,0,0,0,3.73374916946187,0,0,0,3.13452381557888,0,0,0,0,0,0,0,4.01846536545627,0,0,0,0,0,0,0,0,0,0,0,0,0,0,0,0,0,0,0,0,0,4.45093185561044,0,0,0,0,3.82718353317334,0,0,0,5.91980218887329,0,4.65005174033139,0,15.660592007637,0,0,0,0,0,0,0,4.87446195392285,0,3.92292266500456,3.34930395544245,0,0,0
0,0,0,0,0,0,0,0,0,0,3.56330784161886,0,3.06531814575195,0,0,0,0,0,0,0,0,0,3.90033288435502,0,0,0,2.92866733016037,0,0,0,3.95517670059204,0,0,0,0,0,0,0,0,0,0,0,0,0,0,0,0,0,0,0,0,0,0,0,0,0,4.87366724014282,0,0,0,0,0,0,0,0,4.9888552866484,0,0,0,5.29573822021484,0,3.2267160195548,0,0,0,0,0,0,0,0,0,10.1761328379313,3.72312162950498,3.70810379355382,0,0,0
0,0,0,0,0,0,0,0,0,0,0,5.490902255916,0,0,0,0,0,0,0,0,0,0,0,0,0,0,0,3.13452381557888,0,0,0,0,0,0,0,0,0,4.04341107530797,0,0,0,0,0,0,0,0,0,0,0,0,0,0,0,0,0,0,0,6.37697088718414,0,0,0,0,0,0,0,0,0,0,0,0,3.34129623744799,0,5.90611356005513,0,0,0,0,0,0,0,4.78562390149295,0,2.84913821220398,0,0,0,0
0,0,0,0,0,0,0,0,0,0,4.73041805286034,0,0,0,0,0,0,0,0,0,0,0,0,0,0,0,0,0,3.95517670059204,0,0,0,0,0,0,0,0,0,3.63780542463064,0,0,0,0,0,0,0,0,0,0,0,0,0,0,0,0,0,7.0148431857427,0,0,0,0,0,0,0,0,0,0,0,0,0,0,5.80658928197646,0,3.39951894408778,0,0,0,0,0,0,0,7.1128093742189,3.16898072871965,3.16690961519877,0,0,0
0,0,0,0,0,0,0,0,0,0,0,0,0,0,0,0,0,0,0,0,0,0,0,0,0,0,0,0,0,0,0,0,4.37687214272363,5.61617394846285,5.25743373235067,5.77340463838429,3.85877228540088,0,0,5.83286556830773,0,0,0,0,0,0,0,6.42451093854947,8.05639743804932,6.42690617243449,0,0,0,0,0,0,0,0,0,0,0,0,0,0,0,0,0,0,0,0,0,0,0,0,5.02219880462027,5.39138528278896,8.00123531019775,0,9.27750070394905,16.2435874938965,0,0,3.63350309923773,0,0,0,0
0,0,0,0,0,0,0,0,0,0,0,0,0,0,0,0,0,0,0,0,0,0,0,0,0,0,0,0,0,0,0,4.37687214272363,0,0,14.8945250213146,3.18122023694655,4.35721966859066,0,0,0,0,0,0,0,0,0,0,5.68663769960403,5.52509716937417,0,0,0,0,0,0,0,0,0,0,0,0,0,0,0,0,0,0,0,0,0,0,0,0,0,7.76790881156921,3.83799570587081,0,10.125701231882,3.83117771148682,5.57652441039681,0,0,3.44250211450789,0,0,0,0
0,0,0,0,0,0,0,0,0,0,0,0,0,0,0,0,0,0,0,0,0,0,0,0,0,0,0,0,0,0,0,5.61617394846285,0,0,3.45978263328815,5.27149891167236,0,5.34281794774305,7.77058148384094,0,0,49.7471542358398,0,0,0,0,0,4.13968853100429,0,4.06617008014159,0,0,0,0,0,0,0,0,0,0,0,0,0,0,0,0,0,0,0,0,0,0,0,0,7.19096170879944,0,6.17575734727956,4.64695793390274,6.52733904261922,0,8.67870828559148,5.3057013352712,4.50234784011961,4.31805501178819,6.89315255482992,0,0
0,0,0,0,0,0,0,0,0,0,0,0,0,0,0,0,0,0,0,0,0,0,0,0,0,0,0,0,0,0,0,5.25743373235067,14.8945250213146,3.45978263328815,0,0,3.50179220792075,12.2401730219523,4.10886974308078,0,0,0,0,0,0,0,0,4.19319143885906,5.46319065093994,0,0,0,0,0,0,0,0,0,0,0,0,0,0,0,0,0,0,0,0,0,0,0,0,0,0,6.20801219344139,4.82182944904674,4.56672230612523,0,5.34230684326594,0,5.57438042501765,4.58451018848486,4.51692277193069,0,0,0
0,52.883243560791,0,23.8858951267443,0,0,0,3.36936719076974,0,0,0,4.27031477168202,0,0,0,0,82.7209650675456,85.5673281351725,62.2646765237326,6.08577666144926,0,0,0,0,0,0,0,0,0,0,0,5.77340463838429,3.18122023694655,5.27149891167236,0,0,4.1863449353719,5.49608919220853,3.04907173695772,16.5204999693509,0,40.3765412988797,0,44.658314743042,75.5226516723633,31.0829014411339,93.4242630004883,10.4236939409946,0,21.5862904096905,0,0,0,4.85427808761597,0,0,0,9.66659728763173,0,0,0,0,6.83795226580884,0,0,0,0,0,0,0,0,0,66.8007797241211,0,4.9170234709075,0,5.12346212397224,0,6.890716657579,5.43626221060166,9.20230643457609,4.81662122408549,4.92710422824017,3.89432937092864,22.8412413122248,46.0627178615994,0
47.4585723876953,0,24.0747618039449,0,9.30666716893514,0,0,0,68.6242809295654,0,8.52227138354675,0,0,0,67.3687057495117,0,88.9555339813232,91.4272338867188,68.2060549627874,0,5.99364409889755,0,0,0,0,0,0,0,0,0,0,3.85877228540088,4.35721966859066,0,3.50179220792075,4.1863449353719,0,0,6.04269928065898,0,8.54864889491688,81.4405403137207,47.8139499692775,77.4997711181641,50.2187464096967,0,38.0888942435936,5.91852050669053,13.6995653857356,0,0,0,0,0,0,0,14.621911124321,0,24.2012856801351,0,23.7768643697103,0,0,16.100187731239,0,0,0,0,0,0,0,0,0,0,0,3.71211297027135,0,4.23619368679916,4.12725365716358,7.52462366066527,0,8.90069912828897,5.32297509884628,3.58654281150463,31.6996687516234,0,44.3289440296314
0,0,0,0,0,0,0,0,0,6.74491944679847,0,3.47259878457248,0,0,0,0,0,0,0,2.95571124169134,0,5.74350883432103,0,7.49697450640496,0,0,0,4.01846536545627,0,4.04341107530797,0,0,0,5.34281794774305,12.2401730219523,5.49608919220853,0,0,8.91743177837796,0,0,0,0,0,0,0,0,6.77555095407116,0,6.67149532304463,0,0,0,0,0,9.45875348324,0,4.60863254287026,0,0,0,0,4.09136831760406,0,5.49516606811892,0,7.54472424553027,0,0,0,3.80337727334764,0,4.23009259125282,0,0,0,7.14057743871534,0,7.60732658364597,0,5.75685545780227,0,4.11209121778809,4.29714788709368,6.50613410483561,0,0
13.4947563717442,0,29.5084055698279,0,42.463073185512,0,0,0,11.9651757212518,0,4.23261456411818,0,33.2772369384766,0,27.027080323961,0,62.1085884094238,63.3946723937988,51.9121333312988,0,5.34340613316267,17.03164248033,3.70870380879777,0,7.75771838634168,0,0,0,0,0,3.63780542463064,0,0,7.77058148384094,4.10886974308078,3.04907173695772,6.04269928065898,8.91743177837796,0,0,0,0,31.0937343324934,0,0,0,22.3261277973652,6.49797418562032,12.8680268611634,0,0,0,0,0,16.6812078505754,0,4.90481869699973,0,28.2125797271729,0,27.754313659668,0,0,16.5096114324238,0,3.70699975739664,0,6.14744271687756,0,8.2107294694877,0,0,0,4.12719350690427,0,0,0,4.45658174637825,3.30542684944583,9.8777810727363,3.65430736541748,5.92243389312689,5.02282437616411,11.011977704366,14.1872946665837,0,43.147403717041
67.7415351867676,36.0812335544162,0,44.4022866990831,0,45.7001075744629,0,0,71.1180667877197,0,0,0,0,0,0,0,58.7777681553617,65.0884635679184,38.6500812335924,0,0,0,0,0,0,0,0,0,0,0,0,5.83286556830773,0,0,0,16.5204999693509,0,0,0,0,80.0373611450195,18.7230207943184,60.6446435716417,26.5968356002996,53.5541750590006,19.6621442879534,72.4886034647624,6.53269584585981,9.51693888408382,5.62831239584016,0,47.06240234375,0,0,0,0,0,37.3736465454102,0,0,0,0,9.37644159964153,86.2896172659738,0,0,0,0,0,0,0,0,48.0055160522461,0,6.39190368652344,0,0,0,14.0952268661105,90.3734664916992,38.0383883714676,88.1657104492188,38.930147397949,66.5019035339355,18.0210231285469,20.6030206349161,51.8465995788574
31.6123828887939,0,29.9255084991455,0,0,0,0,0,43.3162752787272,0,0,0,0,0,0,0,63.7160447438558,72.5202746921115,41.384387419774,0,45.8976440429688,0,0,0,0,0,0,0,0,0,0,0,0,0,0,0,8.54864889491688,0,0,80.0373611450195,0,0,20.2746198046298,0,25.1385527901028,0,13.7212915382688,6.63108351922804,4.62256147849661,12.9848326169527,0,0,0,0,0,0,42.7130146026611,0,0,0,37.4748668670654,0,0,10.7212189408236,0,0,0,0,0,0,0,0,0,56.5751571655273,0,0,0,0,0,9.44026724517842,0,52.044189453125,37.243213899674,69.3268890380859,10.8907810664032,0,19.9422256000458
0,19.5291954311082,0,30.973795782569,0,38.8626996146308,0,0,0,8.79173286639861,0,0,0,0,0,0,55.1840286535375,49.5737075805664,19.0726093804675,38.5553932189941,0,0,0,0,0,0,0,0,0,0,0,0,0,49.7471542358398,0,40.3765412988797,81.4405403137207,0,0,18.7230207943184,0,0,16.144801641504,16.3255705730011,53.9415484341708,27.4537052645694,58.7576431274414,12.8266643844699,40.0515203475952,15.3268906286149,0,39.5511401681339,0,0,0,29.9798228162708,53.0019950866699,15.5590856580758,0,18.201978160489,0,27.6014882326126,27.4861275464969,74.1079400380452,0,0,0,0,0,0,17.1736794827031,0,10.9702151560376,0,0,0,56.1666819254557,0,27.4082213952679,74.8603814068963,29.7280140692188,72.4702033996582,15.1560346558048,0,12.9365612350235,10.0767104177739,37.5762481689453
20.1445187278416,0,24.4962763977051,28.9320634206136,45.5734184265137,0,0,0,17.4636787463279,0,0,0,33.2847602150657,0,25.8173420979426,0,49.8906566969311,58.4263041627173,20.1449056286703,0,32.0318711598714,0,0,0,19.3755187988281,0,0,0,0,0,0,0,0,0,0,0,47.8139499692775,0,31.0937343324934,60.6446435716417,20.2746198046298,16.144801641504,0,38.7785224914551,13.6175891970196,68.8199167251587,18.450189759479,8.4055842436277,12.216084406976,11.1081352026566,0,0,0,0,38.858247756958,0,14.9158032553898,0,26.1720406668527,0,26.0006819738858,0,84.2767181396484,28.6202956513696,0,0,0,21.7108265558879,0,0,0,12.2042675018311,0,12.5131149036672,0,0,0,0,73.8719399770101,30.4354886666187,0,25.3644772930875,14.3756349784124,17.936098575592,13.0733308182806,31.8665359020233,8.7808247000923
0,12.5003553628922,0,32.5223416415128,0,0,0,0,0,0,0,0,0,0,0,0,47.5229845461638,39.3190981649583,17.1617803352095,0,0,0,0,0,0,0,0,0,0,0,0,0,0,0,0,44.658314743042,77.4997711181641,0,0,26.5968356002996,0,16.3255705730011,38.7785224914551,0,41.5861549377441,22.8078836606243,53.3851432800293,61.6773509979248,0,22.9732649015344,0,0,0,0,0,0,0,35.409156926473,0,0,0,0,31.3250728813378,64.00146484375,0,0,0,0,0,0,23.1014232635498,0,30.1836238861084,0,0,0,0,0,32.7504791642114,84.0512097676595,25.9908255969777,0,14.5592504252428,0,16.8827542710048,18.4929819277355,50.6673355102539
0,0,0,0,0,0,0,0,0,0,0,0,0,0,0,0,31.0920938253403,49.8132991790771,24.8810873888071,0,0,0,0,0,0,0,0,0,0,0,0,0,0,0,0,75.5226516723633,50.2187464096967,0,0,53.5541750590006,25.1385527901028,53.9415484341708,13.6175891970196,41.5861549377441,0,53.5885791778564,19.0539203325907,55.0968284606934,65.6421356201172,0,0,0,0,0,0,0,29.0199928283691,0,0,0,0,0,0,37.317988171297,0,0,0,0,0,0,0,0,0,0,0,0,0,0,65.9217974344889,36.8840712829872,0,31.1414195469448,16.5551611736639,46.1453323364258,18.4298724538825,26.7732372283936,20.1688037395477
62.7587604522705,32.5862224578857,0,29.243150351704,0,38.8285980224609,0,0,58.0757598876953,0,0,18.7665557861328,0,0,0,0,49.1305431452664,53.1339956011091,32.9172351185506,9.96658179465305,125.334373474121,0,0,0,0,0,0,0,0,0,0,0,0,0,0,31.0829014411339,0,0,0,19.6621442879534,0,27.4537052645694,68.8199167251587,22.8078836606243,53.5885791778564,0,65.1379115364768,74.9241256713867,76.8194427490234,29.210572913841,0,0,0,0,0,0,75.345947265625,35.4213788268055,0,0,0,0,8.75361298079001,84.7216873168945,0,0,0,0,0,0,0,0,34.0143315927038,61.1130790710449,0,0,0,0,22.7740809126215,81.20531378852,17.3744925749106,0,44.7424392147341,0,21.6882066779103,41.1178132225485,0
23.0058670043945,73.5220718383789,18.1551045841641,92.5512390136719,36.3639083862305,0,0,0,32.3175102033113,0,0,0,0,0,29.8284246921539,0,57.7426787482368,57.0694463359776,35.9754099297241,0,15.5342917814851,0,0,0,0,0,0,0,0,0,0,0,0,0,0,93.4242630004883,38.0888942435936,0,22.3261277973652,72.4886034647624,13.7212915382688,58.7576431274414,18.450189759479,53.3851432800293,19.0539203325907,65.1379115364768,0,0,22.9614376794724,64.4014129638672,0,0,0,0,35.4110832214355,0,31.0052533149719,86.5262756347656,23.3904838562012,0,25.3691942315353,0,82.457836151123,15.4953775274103,0,0,0,0,0,0,0,0,0,0,0,0,0,0,78.7442986624581,25.4513730264422,0,17.3237106917643,34.2622230697945,57.5638618469238,17.8191357287797,52.9223534266154,39.852615855989
0,0,0,64.8012084960938,0,0,0,0,0,0,0,0,0,0,0,0,0,0,70.5483417510986,0,0,0,0,0,0,0,0,0,0,0,0,6.42451093854947,5.68663769960403,4.13968853100429,4.19319143885906,10.4236939409946,5.91852050669053,6.77555095407116,6.49797418562032,6.53269584585981,6.63108351922804,12.8266643844699,8.4055842436277,61.6773509979248,55.0968284606934,74.9241256713867,0,0,5.56599599656388,5.32466840805753,0,0,0,0,0,0,0,0,0,0,0,0,0,0,0,0,0,26.501625696818,0,0,0,0,0,0,6.95080555035518,5.36012849272514,4.31903265249569,5.67430243619769,9.42366510318997,7.10913392563854,5.3153043179285,4.94941589754706,5.32392392323409,4.59467736879985,7.26664266790871,11.2642208508083,0
12.2228808414423,0,10.5942021248833,0,17.3902515172958,0,0,0,15.1519434205417,0,0,0,19.0398161146376,0,11.3357836777651,0,55.12113793691,63.5491263071696,42.464406591947,0,29.1931554620916,0,3.70674921274185,0,9.76259605839567,0,0,0,0,0,0,8.05639743804932,5.52509716937417,0,5.46319065093994,0,13.6995653857356,0,12.8680268611634,9.51693888408382,4.62256147849661,40.0515203475952,12.216084406976,0,65.6421356201172,76.8194427490234,22.9614376794724,5.56599599656388,0,6.46236746427939,0,0,0,0,18.5505355199178,0,15.1224818966891,0,9.60314537797655,0,9.70771881303704,0,0,28.1062942429593,0,10.5488080978394,0,6.05587785773807,0,6.71710657182141,0,4.75471580028534,0,11.2116540539155,0,4.52939597292552,0,5.51468765648612,50.2398886680603,8.99842694085522,0,5.77332922466081,12.8104923336129,34.8697204589844,9.92290206441268,0,13.1130628055996
0,5.62499652783076,0,8.40400869771838,0,7.50353062458527,0,0,0,15.2413375112745,0,0,0,0,0,5.13624210357666,61.6762886047363,53.4315490722656,29.9066520584954,16.8768424987793,0,8.99775720967187,0,11.1711128098624,0,0,0,0,0,0,0,6.42690617243449,0,4.06617008014159,0,21.5862904096905,0,6.67149532304463,0,5.62831239584016,12.9848326169527,15.3268906286149,11.1081352026566,22.9732649015344,0,29.210572913841,64.4014129638672,5.32466840805753,6.46236746427939,0,0,8.96536233378392,0,0,0,9.72307867095584,0,20.1708219861827,0,0,0,4.17164504528046,27.8385382890701,0,11.9968717403901,0,8.09084075052761,0,4.95479664802551,0,10.7163868127046,0,11.3259158443859,0,6.56328328450521,0,4.77679600318273,0,18.3107533954201,105.554840087891,7.253464484464,0,14.2685173552514,0,10.5990954529979,14.8044791893526,0
20.0530166625977,0,12.3014029054081,0,5.5680052662549,0,6.15379800429711,0,12.2778465002775,0,0,0,0,0,5.00805645830491,0,0,0,0,0,19.5924030303955,0,0,0,0,0,0,0,0,0,0,0,0,0,0,0,0,0,0,0,0,0,0,0,0,0,0,0,0,0,0,0,7.82549375957913,0,0,0,10.5463175773621,0,8.95116869608561,0,9.72765685452355,0,0,22.5253071784973,0,0,0,0,0,0,0,0,0,0,0,0,0,0,0,30.0529081344604,0,49.0788497924805,6.47635899384816,0,13.5620039539822,0,0
0,0,0,8.46046928241493,0,3.73231617372427,0,3.04516420761744,0,11.4901785850525,0,0,0,0,0,0,0,0,54.2391471862793,0,0,0,0,0,0,0,0,0,0,0,0,0,0,0,0,0,0,0,0,47.06240234375,0,39.5511401681339,0,0,0,0,0,0,0,8.96536233378392,0,0,0,2.83725660377079,0,3.10459911823273,0,14.4353691869312,0,2.94807934761047,0,4.48025008610317,0,0,0,0,0,0,0,0,0,0,39.604859161377,0,0,0,0,0,63.7400596618652,0,46.4225597381592,0,18.726518375533,0,32.4879392550542,0,0
0,0,0,0,6.74123430252075,0,4.26439931046249,0,0,0,0,0,0,0,0,0,0,0,0,0,0,0,0,0,0,0,0,0,0,0,0,0,0,0,0,0,0,0,0,0,0,0,0,0,0,0,0,0,0,0,7.82549375957913,0,0,0,0,0,8.54650833229425,0,8.31946921139433,0,0,0,0,14.5744991863475,0,0,0,0,0,0,0,0,0,0,0,0,0,0,0,0,0,0,2.92108409745353,0,0,0,0
0,0,0,0,0,0,0,3.11872647163716,0,0,0,7.76728534698486,0,0,0,0,0,0,0,0,0,0,0,0,0,0,0,0,0,0,0,0,0,0,0,4.85427808761597,0,0,0,0,0,0,0,0,0,0,0,0,0,0,0,2.83725660377079,0,0,0,0,0,4.56710453458652,0,0,0,0,0,0,0,0,0,0,0,0,0,0,0,0,0,0,0,0,0,0,0,0,3.597904920578,0,0,0,0
7.53672916344974,0,14.0055874824524,0,8.40351608821324,0,0,0,6.90665029935439,0,0,0,0,0,16.4303435484568,0,51.4402961730957,0,43.3740921020508,0,41.5280456542969,0,0,0,8.54824598975804,0,0,0,0,0,0,0,0,0,0,0,0,0,16.6812078505754,0,0,0,38.858247756958,0,0,0,35.4110832214355,0,18.5505355199178,0,0,0,0,0,0,0,25.0697555541992,0,20.2952537536621,0,19.2451789644029,0,0,39.845630645752,0,0,0,8.86960989998695,0,11.2549317616683,0,0,0,0,0,0,0,0,0,0,0,11.4897796286911,8.91632712203844,0,16.8765405884272,0,0
0,9.93565133360566,0,0,0,5.75828382397486,0,0,0,5.37301569787141,0,0,0,0,0,8.33026457068944,0,4.50461310999734,35.7662506103516,0,0,0,0,6.78132542817952,0,0,0,0,0,0,0,0,0,0,0,0,0,9.45875348324,0,0,0,29.9798228162708,0,0,0,0,0,0,0,9.72307867095584,0,3.10459911823273,0,0,0,0,0,34.0563163757324,0,0,0,6.34580969132518,0,0,20.0732434590658,0,5.44935220964385,0,10.6919529438019,0,0,0,0,0,0,0,0,0,0,0,11.3572557485942,0,7.88614614379597,13.7871823310852,19.4617368770096,26.298900604248,0
22.5354057809581,0,20.3055966308242,0,19.8472259203593,0,5.35091791481807,0,22.6393249359131,0,5.95353749416074,0,12.108593026797,0,29.571875890096,0,55.7910090715457,54.2128671499399,39.0172618209131,0,5.03873116788567,0,0,0,0,0,0,0,4.87366724014282,0,7.0148431857427,0,0,0,0,0,14.621911124321,0,4.90481869699973,0,42.7130146026611,53.0019950866699,14.9158032553898,0,29.0199928283691,75.345947265625,31.0052533149719,0,15.1224818966891,0,10.5463175773621,0,8.54650833229425,0,25.0697555541992,0,0,0,4.95628628334679,0,22.1733119683723,0,80.1633377075195,9.43054778309011,0,0,0,19.8142318725586,0,0,0,2.93590307235718,0,10.4204736432033,0,0,0,0,78.84912109375,25.5056388629994,0,25.8436099290848,16.4248189289461,36.142261505127,8.29326770563543,0,15.219664255778
0,18.6115404829249,0,19.3139268221314,0,18.2492909556941,0,6.4966375479656,0,16.6400012969971,0,6.71500485210884,0,3.47112691402435,0,0,58.5932019551595,50.6588653564453,40.3075036510979,4.32313601175944,0,0,0,0,0,0,0,0,0,6.37697088718414,0,0,0,0,0,9.66659728763173,0,4.60863254287026,0,37.3736465454102,0,15.5590856580758,0,35.409156926473,0,35.4213788268055,86.5262756347656,0,0,20.1708219861827,0,14.4353691869312,0,4.56710453458652,0,34.0563163757324,0,0,0,4.18714369763982,0,8.2170067521242,14.8984430583727,0,0,0,0,0,0,0,4.48521411418915,0,6.50307052907326,0,0,0,0,0,34.7929540316264,0,63.1987552642822,0,18.3064578797506,0,8.51860939788591,12.7971887513409,0
20.2016324996948,0,7.32847723506746,0,17.8902328809102,0,6.36670232309726,0,7.27051088545057,0,4.69302910303368,0,4.02003272952093,0,4.74379815867073,0,61.0540466308594,0,43.1870574951172,0,17.5433999300003,0,0,0,0,0,0,0,0,0,0,0,0,0,0,0,24.2012856801351,0,28.2125797271729,0,0,0,26.1720406668527,0,0,0,23.3904838562012,0,9.60314537797655,0,8.95116869608561,0,8.31946921139433,0,20.2952537536621,0,4.95628628334679,0,0,0,3.98990681116608,0,0,6.80741528315203,0,0,0,24.9830760955811,0,0,0,0,0,30.0841571807861,0,0,0,0,0,31.3510971069336,0,34.3674856821696,12.1633321940899,38.3731460571289,15.2156791827258,0,0
0,5.90570371392844,0,3.6427409251531,0,0,0,0,0,18.2682991027832,0,3.56517647163661,0,3.44186231446645,0,5.5779812335968,0,0,0,0,0,0,0,0,0,0,0,4.45093185561044,0,0,0,0,0,0,0,0,0,0,0,0,0,18.201978160489,0,0,0,0,0,0,0,0,0,2.94807934761047,0,0,0,0,0,4.18714369763982,0,0,0,3.63164367875853,0,0,0,0,0,0,0,0,4.75261079964518,0,0,0,0,0,0,0,0,0,0,0,12.1951859474182,2.90631806850433,7.72302170675628,13.4943779309591,0
8.94250699569439,0,6.68174557592355,0,12.3648829460144,0,7.99110078811646,0,8.51594356128148,0,0,0,5.07491891145706,0,4.66340803609782,0,7.61767090691461,43.0052223205566,40.5004081726074,0,24.8863770961761,0,0,0,5.85182443936666,0,3.20994840968739,0,0,0,0,0,0,0,0,0,23.7768643697103,0,27.754313659668,0,37.4748668670654,0,26.0006819738858,0,0,0,25.3691942315353,0,9.70771881303704,0,9.72765685452355,0,0,0,19.2451789644029,0,22.1733119683723,0,3.98990681116608,0,0,0,0,31.3097865364768,0,0,0,17.9471500813961,0,4.07858258004876,0,0,0,24.7099316425813,0,0,0,0,0,39.8967446221246,0,33.251993054929,15.8624972899755,40.6716473897298,18.482480305224,0,19.9476490020752
0,12.4926695128508,0,4.99607249229185,0,3.93562572343009,0,0,0,7.78294777488097,0,0,0,0,0,4.03787511984507,0,10.490218335932,0,0,0,0,0,0,0,0,0,0,0,0,0,0,0,0,0,0,0,0,0,0,0,27.6014882326126,0,0,0,0,0,0,0,4.17164504528046,0,4.48025008610317,0,0,0,6.34580969132518,0,8.2170067521242,0,3.63164367875853,0,0,0,0,0,0,31.1244659423828,0,0,0,11.4312774433809,0,0,0,0,0,0,0,0,0,0,0,4.88996804527372,3.67943040529887,20.6804198344149,19.986078898112,0
0,40.4138622283936,0,16.77595274265,0,0,0,0,0,0,0,5.22259343722287,0,0,0,0,62.9838970184326,72.0179767608643,44.4409152702049,4.7243306791224,0,0,0,0,0,0,0,0,0,0,0,0,0,0,0,6.83795226580884,0,4.09136831760406,0,9.37644159964153,0,27.4861275464969,84.2767181396484,31.3250728813378,0,8.75361298079001,82.457836151123,0,0,27.8385382890701,0,0,0,0,0,0,80.1633377075195,14.8984430583727,0,0,0,0,0,0,0,0,0,0,0,0,0,0,23.1323674444495,0,0,0,0,0,11.9894907026652,95.2734909057617,16.9171966653882,0,12.981898071758,3.16410970687866,18.0441099076207,29.8481324059623,0
28.7091496785482,0,17.2954526198538,107.268768310547,37.0218029022217,0,0,0,41.7250970840454,0,8.70361370293062,0,0,0,33.9128203392029,0,65.8024840519346,65.9636462667714,46.3841318836102,0,8.90490037268466,0,0,0,0,0,0,0,0,0,0,0,0,0,0,0,16.100187731239,0,16.5096114324238,86.2896172659738,10.7212189408236,74.1079400380452,28.6202956513696,64.00146484375,37.317988171297,84.7216873168945,15.4953775274103,0,28.1062942429593,0,22.5253071784973,0,14.5744991863475,0,39.845630645752,0,9.43054778309011,0,6.80741528315203,0,31.3097865364768,0,0,0,0,0,0,0,0,0,0,0,0,15.6350042555067,0,0,0,0,88.7013549804688,29.8055472254664,0,18.2177715671045,23.4903286848101,0,15.3230192182351,68.8967132568359,19.8158127012707
0,0,0,0,0,0,0,0,0,0,0,0,0,0,0,0,0,8.50568017694685,0,0,0,4.35276694768192,4.89311599731445,10.0194310740198,0,4.33685537179311,0,3.82718353317334,0,0,0,0,0,0,0,0,0,5.49516606811892,0,0,0,0,0,0,0,0,0,0,0,11.9968717403901,0,0,0,0,0,20.0732434590658,0,0,0,0,0,0,0,0,0,0,6.14320949212773,0,12.6827733109034,0,12.829424035999,0,0,0,0,0,0,0,0,0,8.97619929924387,0,4.90805398451315,4.29513054006682,0,0,0
0,0,0,0,0,0,0,0,0,0,0,0,0,0,0,0,0,0,0,0,0,6.54383197852543,4.7872643279875,0,4.01077243685722,0,0,0,4.9888552866484,0,0,0,0,0,0,0,0,0,3.70699975739664,0,0,0,0,0,0,0,0,0,10.5488080978394,0,0,0,0,0,0,0,0,0,0,0,0,0,0,0,0,0,0,3.50888514518738,0,0,0,4.16528570387099,0,0,0,0,0,0,0,0,0,6.64134150836909,3.98721622878855,4.18440946144394,0,0,0
0,10.3283157348633,0,0,0,0,0,0,0,5.76548271179199,0,0,0,0,0,0,0,2.95646047592163,0,0,0,9.69622748473595,0,6.32711756422481,0,2.94482290744781,0,0,0,0,0,0,0,0,0,0,0,7.54472424553027,0,0,0,0,0,0,0,0,0,0,0,8.09084075052761,0,0,0,0,0,5.44935220964385,0,0,0,0,0,31.1244659423828,0,0,6.14320949212773,0,0,0,6.37002323011318,0,6.44059363886607,0,0,0,0,0,0,0,0,0,8.4616407953848,0,6.90268326089496,0,8.17244330777062,0,0
9.90341821854765,0,27.4926629066467,0,40.8390579223633,0,0,0,10.2369639559651,0,0,0,0,0,4.01681852340698,0,0,0,36.6817321777344,0,0,0,3.50590538978577,0,3.77243335138668,0,0,0,0,0,0,0,0,0,0,0,0,0,6.14744271687756,0,0,0,21.7108265558879,0,0,0,0,26.501625696818,6.05587785773807,0,0,0,0,0,8.86960989998695,0,19.8142318725586,0,24.9830760955811,0,17.9471500813961,0,0,0,0,3.50888514518738,0,0,0,5.19805335998535,0,0,0,0,0,0,0,0,0,0,0,5.98782571884178,5.7675810872692,0,8.09117869701026,0,0
0,0,0,0,0,0,0,0,0,0,0,0,0,0,0,0,0,3.09288223071765,0,0,0,9.04787698498479,0,5.04135118895455,0,3.2529961793319,0,5.91980218887329,0,0,0,0,0,0,0,0,0,0,0,0,0,0,0,0,0,0,0,0,0,4.95479664802551,0,0,0,0,0,10.6919529438019,0,0,0,0,0,0,0,0,12.6827733109034,0,6.37002323011318,0,0,0,4.80495803723944,0,0,0,0,0,0,0,0,0,0,0,3.76215887069702,0,0,0,0
0,0,0,0,0,0,0,0,6.95037856429973,0,0,0,9.28847312927246,0,5.90965630231279,0,0,0,0,0,0,0,4.67740189035734,0,4.32653452269994,0,3.53332220333726,0,5.29573822021484,0,0,0,0,0,0,0,0,0,8.2107294694877,0,0,0,0,0,0,0,0,0,6.71710657182141,0,0,0,0,0,11.2549317616683,0,0,0,0,0,4.07858258004876,0,0,0,0,0,0,5.19805335998535,0,0,0,0,0,0,0,0,0,0,0,0,0,8.30561835018556,4.2666552596622,0,5.64571200717579,0,0
0,5.23333588242531,0,0,0,0,0,0,0,0,0,3.03821731681254,0,3.68701004981995,0,0,0,0,0,0,0,9.0165022184264,0,9.20141042981829,0,3.67130923427008,0,4.65005174033139,0,3.34129623744799,0,0,0,0,0,0,0,3.80337727334764,0,0,0,17.1736794827031,0,23.1014232635498,0,0,0,0,0,10.7163868127046,0,0,0,0,0,0,0,4.48521411418915,0,4.75261079964518,0,11.4312774433809,0,0,12.829424035999,0,6.44059363886607,0,4.80495803723944,0,0,0,4.85979672695728,0,0,0,0,0,38.0649459838867,0,7.8890778946154,0,6.6164007413955,3.1387485133277,5.91082441535863,25.2128925323486,0
0,0,0,0,0,0,0,0,0,0,4.19490821020944,0,3.76470305702903,0,0,0,0,0,0,0,0,0,3.53046458959579,0,0,0,0,0,3.2267160195548,0,5.80658928197646,0,0,0,0,0,0,0,0,0,0,0,12.2042675018311,0,0,0,0,0,4.75471580028534,0,0,0,0,0,0,0,2.93590307235718,0,0,0,0,0,0,0,0,4.16528570387099,0,0,0,0,0,0,0,7.28100812128944,0,0,0,0,0,0,0,12.4542882570525,0,0,8.50769453048706,0,0
0,26.7952317237854,0,27.6286343268628,0,39.119785785675,0,0,0,0,0,7.63390627685858,0,0,0,0,70.5399875640869,0,34.4454825719198,7.4878933429718,0,0,0,0,0,0,0,15.660592007637,0,5.90611356005513,0,0,0,0,0,66.8007797241211,0,4.23009259125282,0,48.0055160522461,0,10.9702151560376,0,30.1836238861084,0,34.0143315927038,0,0,0,11.3259158443859,0,39.604859161377,0,0,0,0,0,6.50307052907326,0,0,0,0,23.1323674444495,0,0,0,0,0,0,0,4.85979672695728,0,0,0,0,0,0,0,49.5018141610282,0,3.72853642783753,0,22.9101026690736,0,8.51016267463565,16.2959671020508,0
16.7169116565159,0,24.6994663874308,0,40.8389854431152,0,0,0,23.3805558488176,0,2.96353858311971,0,33.6001100540161,0,27.9378276824951,0,50.2867439814976,61.4160868326823,40.4621379229487,0,0,0,0,0,0,0,0,0,0,0,3.39951894408778,0,0,0,0,0,0,0,4.12719350690427,0,56.5751571655273,0,12.5131149036672,0,0,61.1130790710449,0,0,11.2116540539155,0,0,0,0,0,0,0,10.4204736432033,0,30.0841571807861,0,24.7099316425813,0,0,15.6350042555067,0,0,0,0,0,0,0,7.28100812128944,0,0,0,0,0,0,0,53.2603312901088,0,6.69055557984572,18.758091929917,2.84834241867065,8.35201787414038,0,18.555314540863
0,0,0,0,0,0,0,0,0,0,0,0,0,0,0,0,0,0,0,0,0,0,0,0,0,0,0,0,0,0,0,5.02219880462027,7.76790881156921,7.19096170879944,0,4.9170234709075,0,0,0,6.39190368652344,0,0,0,0,0,0,0,6.95080555035518,0,6.56328328450521,0,0,0,0,0,0,0,0,0,0,0,0,0,0,0,0,0,0,0,0,0,0,0,0,0,0,6.77162880595628,0,8.6417817318881,0,0,0,7.39430255225942,0,0,0,0
0,0,0,0,0,0,0,0,0,0,0,0,0,0,0,0,0,0,0,0,0,0,0,0,0,0,0,0,0,0,0,5.39138528278896,3.83799570587081,0,6.20801219344139,0,3.71211297027135,0,0,0,0,0,0,0,0,0,0,5.36012849272514,4.52939597292552,0,0,0,0,0,0,0,0,0,0,0,0,0,0,0,0,0,0,0,0,0,0,0,0,0,0,0,0,8.17908468461575,0,5.93684900658471,0,0,4.99329296747843,0,0,0,0
0,0,0,0,0,0,0,0,0,0,0,0,0,0,0,0,102.158576965332,0,82.7474746704102,0,0,0,0,0,0,0,0,0,0,0,0,8.00123531019775,0,6.17575734727956,4.82182944904674,5.12346212397224,0,7.14057743871534,0,0,0,56.1666819254557,0,0,0,0,0,4.31903265249569,0,4.77679600318273,0,0,0,0,0,0,0,0,0,0,0,0,0,0,0,0,0,0,0,0,0,0,0,0,6.77162880595628,0,0,7.46406415792612,6.85737506370544,0,10.1548931108889,0,8.70680952947074,7.21694260835648,0,0,0
0,0,0,0,0,0,0,0,0,0,0,0,0,0,0,0,0,0,0,0,0,0,0,0,0,0,0,0,0,0,0,0,10.125701231882,4.64695793390274,4.56672230612523,0,4.23619368679916,0,4.45658174637825,0,0,0,0,0,0,0,0,5.67430243619769,5.51468765648612,0,0,0,0,0,0,0,0,0,0,0,0,0,0,0,0,0,0,0,0,0,0,0,0,0,0,8.17908468461575,7.46406415792612,0,0,8.1844298270412,0,7.24692042113008,3.82567083160832,0,0,0,0
