0,0,0.260105431079865,0,0,0,0,0,0.323842208902791,0,0,0,0,0,0.249757926199543,0,0.335898280143738,0,0.333155054599047,0,0.359079837799072,0,0,0,0.327522039413452,0,0,0,0,0,0,0,0,0,0,0,0.355652391910553,0,0.267619051867061,0,0,0,0.405099779094031,0,0,0,0.249338299036026,0,0.376041070256435,0,0,0,0,0,0.242849435479868,0,0.338331262469292,0,0,0,0.325809199125209,0,0,0.295329853892326,0,0,0,0,0,0,0,0.340300977230072,0,0.368567763103379,0,0,0,0,0,0.343201197683811,0,0,0.296805705302037,0,0.394087635155661,0,0.306609123945236
0,0,0,0.280802357527945,0,0,0,0,0,0.292404507597287,0,0,0,0,0,0.13932858556509,0.315510362386703,0.376625249783198,0.335666724821416,0,0,0,0,0.325505901660238,0,0,0,0,0,0,0,0,0,0,0,0.324923157691956,0,0.336000231405099,0,0.453694512446721,0,0.390946543884871,0,0.349189311265945,0,0,0,0,0,0.318959994151674,0,0,0,0,0,0.145174646936357,0,0.335716068744659,0,0.334077090024948,0,0.167349640972782,0,0,0,0,0,0,0,0,0,0,0,0,0,0,0,0,0.381824653595686,0,0,0,0.297507981233525,0.356028646230698,0.315106670542728,0.371525789709652,0
0.260105431079865,0,0,0,0.160737214744955,0,0,0,0.167216931780179,0,0,0,0,0,0.265251967310905,0,0,0,0,0,0.213341022531191,0,0,0,0,0,0,0,0,0,0,0,0,0,0,0,0.239064340790113,0,0,0,0,0,0,0,0,0,0,0,0.286239743232727,0,0.184463442924122,0,0,0,0.197313300068514,0,0.209508644044399,0,0.216380723885127,0,0.212903268963975,0,0,0,0,0,0,0,0,0,0,0,0,0,0,0,0,0,0,0,0,0,0.235295395056407,0,0.210368689563539,0,0
0,0.280802357527945,0,0,0,0.174404534385194,0,0,0,0.170784424937947,0,0,0,0,0,0.260265449682872,0,0.38773250579834,0.308766131167826,0.25373644062451,0,0,0,0,0,0,0,0,0,0,0,0,0,0,0,0.24545757918442,0,0,0,0.39716725902898,0,0.326522288391891,0,0,0,0.227620189680773,0.33976736664772,0,0,0.297066149777836,0,0.21046915079685,0,0,0,0.150940199196339,0,0.282050765095613,0,0.256138969744955,0,0.248745258748531,0.276180670006585,0,0,0,0,0,0,0,0,0,0,0,0,0,0,0,0.263914264428597,0,0,0,0.23461708211037,0.232375481937613,0.300112108884662,0.286701207359632,0
0,0,0.160737214744955,0,0,0,0.192808615890416,0,0,0,0,0,0,0,0.305379937092463,0,0,0,0,0,0,0,0,0,0,0,0,0,0,0,0,0,0,0,0,0,0.211149801989806,0,0,0,0,0,0,0,0,0,0,0,0,0,0.191567562520504,0,0,0,0.139408364892006,0,0.295941886802514,0,0.261200163581155,0,0.235756870773104,0,0,0,0,0,0,0,0,0,0,0,0,0,0,0,0,0,0,0.222329038072307,0,0,0.226688003343231,0.206933369239171,0.238861069083214,0,0
0,0,0,0.174404534385194,0,0,0,0.256322243495991,0,0.147721201181412,0,0,0,0,0,0,0,0,0,0.229417472084363,0,0,0,0,0,0,0,0,0,0,0,0,0,0,0,0.266013674650873,0,0,0,0,0,0,0,0,0,0,0,0,0,0.256135709583759,0,0.184154154732823,0,0.281620765725772,0,0.139351606369019,0,0.234157480299473,0,0.189269202809802,0,0.241560706818426,0.258051455020905,0,0,0,0,0,0,0,0,0,0,0,0,0,0,0,0.276931431777072,0,0,0,0.208264665201653,0.211446822547226,0.309960787494977,0,0
0,0,0,0,0.192808615890416,0,0,0,0,0,0,0,0.246025498571067,0,0,0,0,0,0,0,0.160454824566841,0,0,0,0,0,0,0,0,0,0,0,0,0,0,0,0.211147683508256,0,0,0,0,0,0,0,0,0,0,0,0,0,0.171211421489716,0,0.161104837230274,0,0,0,0.172968378663063,0,0.229967909084784,0,0,0,0,0,0,0,0,0,0,0,0,0,0,0,0,0,0,0,0,0.217362308338897,0,0,0.203814592307959,0,0,0,0
0,0,0,0,0,0.256322243495991,0,0,0,0,0,0.246994532644749,0,0.229983567045285,0,0,0,0,0,0,0,0,0,0,0,0,0,0,0,0,0,0,0,0,0,0.173035156726837,0,0,0,0,0,0,0,0,0,0,0,0,0,0,0,0.263788415988286,0,0.221382864631049,0,0,0,0.231778282003525,0,0.234855681741038,0,0,0,0,0,0,0,0,0,0,0,0,0,0,0,0,0,0,0.211158916354179,0,0,0,0.2534937445934,0,0,0,0
0.323842208902791,0,0.167216931780179,0,0,0,0,0,0,0,0,0,0,0,0.257582341713354,0,0.259379882667516,0,0.280868375301361,0,0.191547401249409,0,0,0,0.248086950126684,0,0.221577077716976,0,0,0,0,0,0,0,0,0,0.31771012643973,0,0.175762419865049,0,0.324318766593933,0,0.2652538286886,0,0,0,0.324645608663559,0,0.388262062510358,0,0.137911802530289,0,0,0,0.203414935394224,0,0.299089986702491,0,0.165924533137253,0,0.224734923713011,0,0,0.275798681378365,0,0,0,0.266711415199751,0,0.211894718564559,0,0.332321291168531,0,0.340812780355152,0,0,0,0,0,0.325965613126755,0,0.155605022795498,0.277933897909208,0.281150064982322,0.282455588428027,0,0
0,0.292404507597287,0,0.170784424937947,0,0.147721201181412,0,0,0,0,0,0,0,0,0,0.205886867005848,0,0.203129763404528,0.242272257804871,0,0,0,0,0.198941654116987,0,0,0,0,0,0,0,0,0,0,0,0,0,0.179374552507331,0,0.432470798492432,0,0.275584149098246,0,0,0,0,0,0,0,0.296124391257763,0,0.162815138697624,0,0,0,0.264618642155549,0,0.240012899041176,0,0.181106523921092,0,0.221797022232964,0,0,0,0,0.272362780819337,0,0,0,0,0,0,0,0,0,0,0,0.452989995479584,0,0.127431906759739,0,0.202630329847336,0.20479171190943,0.272778089011996,0.293237321078777,0
0,0,0,0,0,0,0,0,0,0,0,0,0.185238527194146,0,0,0,0,0,0,0,0.167544297196648,0,0,0,0,0,0,0,0,0,0,0,0,0,0,0,0.157558560071878,0,0.168348286910491,0,0,0,0,0,0,0,0,0,0,0,0,0,0,0,0,0,0.228136264187627,0,0.209094180316521,0,0,0,0,0,0,0,0,0,0,0,0,0.159890189766884,0,0.168973817296748,0,0,0,0,0,0.170616630626761,0,0.201081540967737,0.172792785113952,0,0,0,0
0,0,0,0,0,0,0,0.246994532644749,0,0,0,0,0,0.154182556740664,0,0,0,0,0,0.197596430816663,0,0,0,0,0,0,0,0.1946702003479,0,0.303237469559842,0,0,0,0,0,0.168720408516415,0,0.179741028942719,0,0,0,0,0,0,0,0.213240642439235,0,0,0,0,0,0,0,0,0,0,0,0.230312523295388,0,0.162371709477156,0,0,0.177324423751636,0,0,0,0,0,0,0,0,0,0.279688484338393,0,0,0,0,0,0.196629399433732,0,0.129140764474869,0,0.183792406670105,0,0.245852383474509,0,0
0,0,0,0,0,0,0.246025498571067,0,0,0,0.185238527194146,0,0,0,0.213903582206479,0,0,0,0,0,0,0,0,0,0,0,0,0,0.107345409691334,0,0,0,0,0,0,0,0,0,0,0,0,0,0,0,0,0,0,0,0,0,0,0,0,0,0,0,0.200442123413086,0,0.192083225517199,0,0.292063814401627,0,0,0,0,0,0,0,0,0,0,0,0,0,0,0,0,0,0,0,0,0,0.212088096448604,0.20197881758213,0,0,0
0,0,0,0,0,0,0,0.229983567045285,0,0,0,0.154182556740664,0,0,0,0.196861485640208,0,0,0,0,0,0,0,0,0,0,0,0.124176491584097,0,0.173555602629979,0,0,0,0,0,0,0,0,0,0,0,0,0,0,0,0,0,0,0,0,0,0.163423925638199,0,0,0,0,0,0,0,0.174685722818741,0,0.204393208026886,0,0,0,0,0,0,0,0,0,0,0,0,0,0,0,0,0,0,0,0,0.156501049683853,0.15927240535103,0,0,0
0.249757926199543,0,0.265251967310905,0,0.305379937092463,0,0,0,0.257582341713354,0,0,0,0.213903582206479,0,0,0,0.192679789331224,0,0.284951079222891,0,0,0,0,0,0.249560383458932,0,0,0,0,0,0,0,0,0,0,0,0.320893160502116,0,0.269719844063123,0,0.259612888097763,0,0.311099050987151,0,0,0,0.262212137381236,0,0.269525584502098,0,0.183711111545563,0,0,0,0.249596569687128,0,0.314378094066072,0,0.204133220016956,0,0.25277667838335,0,0,0.309667035937309,0,0,0,0.259617274006208,0,0.29307633638382,0,0.300280727446079,0,0.345364201400015,0,0,0,0,0,0.282301264650681,0,0,0.228695902816007,0.208107111354669,0.307249075459863,0,0.294521152973175
0,0.13932858556509,0,0.260265449682872,0,0,0,0,0,0.205886867005848,0,0,0,0.196861485640208,0,0,0,0.187123216688633,0,0,0,0,0,0.241813182830811,0,0,0,0,0,0,0,0,0,0,0,0,0,0,0,0,0,0,0,0,0,0,0,0,0,0.230086721479893,0,0.200406222471169,0,0,0,0.214266552710209,0,0,0,0,0,0.237367290282936,0,0,0,0,0.249841495851676,0,0.166858904063702,0,0,0,0,0,0,0,0,0,0,0,0,0,0.232495401914303,0,0,0,0
0.335898280143738,0.315510362386703,0,0,0,0,0,0,0.259379882667516,0,0,0,0,0,0.192679789331224,0,0,0.177603040957488,0.304992704510689,0,0,0.149958168430363,0.162756626791626,0,0.297445267438889,0.154088655129226,0.172955570808702,0,0,0,0,0,0,0,0,0.320122912526131,0.340836086821172,0,0.424111217260361,0.334783845386662,0.409362986683846,0.299839003218545,0.292236578777248,0.285082573071122,0.274141193644421,0.318665548367838,0.302842828330679,0,0.349871058154989,0,0,0,0,0,0.27573294776517,0,0.352118767027197,0,0.398212611675262,0,0.406834334135056,0,0.315716763337453,0.357114980186241,0.155490332096815,0.161339386347301,0,0.263330701324675,0.154485374689102,0.176019603013992,0,0.330718138388225,0,0.378588722220489,0,0,0,0,0.338692301198056,0.34432805713379,0,0.415116608142853,0.173406260920515,0.141143434456275,0.367372983770121,0.254301637411118,0.270099926207747
0,0.376625249783198,0,0.38773250579834,0,0,0,0,0,0.203129763404528,0,0,0,0,0,0.187123216688633,0.177603040957488,0,0.247455128768661,0,0,0.176525972485542,0.157780877188032,0.173610791563988,0,0.155161222789327,0.152847679447284,0.129083946674735,0,0,0,0,0,0,0,0.333861395716667,0.332121023665304,0,0,0.32053722121478,0,0.315454865495364,0.276873303784264,0.272698165929836,0.251469706495603,0.289412542751857,0.289844891805758,0,0,0.35394778251648,0,0,0,0,0,0.211718387901783,0.304641902446747,0.438939889272054,0,0,0,0,0.286400773695537,0.300062363346418,0.175231903015325,0.160179001234827,0.186717323958874,0,0.150235672331887,0.156020469963551,0,0,0,0.355432569980621,0,0,0,0,0.340323190544253,0.320738336649434,0,0,0.168783155222235,0.139112894213939,0.348178148505556,0.273067613734919,0.258410036563873
0.333155054599047,0.335666724821416,0,0.308766131167826,0,0,0,0,0.280868375301361,0.242272257804871,0,0,0,0,0.284951079222891,0,0.304992704510689,0.247455128768661,0,0,0.401456564664841,0.233283281326294,0.24982074201107,0,0,0.224884519974391,0.211790315806866,0,0,0,0,0,0,0.369279623031616,0,0.357393361530789,0.359184005881387,0,0,0.348555929544144,0.373175564019576,0.271363420131981,0.215876184635648,0.293344469892012,0.250942006248694,0.309448136670474,0.319539669950252,0,0.323300364116828,0.341073948728002,0,0,0,0,0,0,0.356043886330168,0.399945711312087,0.356835827231407,0,0,0.24809543043375,0.311684319497766,0.361694140651742,0.226825147867203,0.225306853652,0,0,0.205867514014244,0,0,0.336102082541114,0,0.400296656375236,0,0,0.299474358558655,0,0.366142806896602,0.350968858031629,0,0.47416228055954,0.233090231106872,0.255258218658091,0.33658063710577,0.28512894655936,0.240418216224351
0,0,0,0.25373644062451,0,0.229417472084363,0,0,0,0,0,0.197596430816663,0,0,0,0,0,0,0,0,0,0,0,0,0,0,0,0,0,0,0,0,0,0,0,0.24812281950913,0,0.196679195761681,0,0.296269743606962,0,0,0,0,0,0.230979460955791,0,0,0,0,0,0.176629044860601,0,0,0,0,0,0.170898041998347,0,0,0,0,0.194231408401928,0,0,0,0,0,0,0,0,0,0,0,0,0,0,0,0.294860917469214,0,0.307888954877853,0,0.196594127493301,0,0.352008040837881,0,0
0.359079837799072,0,0.213341022531191,0,0,0,0.160454824566841,0,0.191547401249409,0,0.167544297196648,0,0,0,0,0,0,0,0.401456564664841,0,0,0,0,0,0,0,0,0,0,0,0,0,0,0,0,0,0.284241396651399,0,0.283020217167704,0,0.191076472401619,0,0.231533649067084,0,0.209703281521797,0,0.307603543229175,0,0.323111616983646,0,0.191615644842386,0,0,0,0,0,0.265515547482047,0,0.298200362920761,0,0.318100062700418,0,0,0.250562350882038,0,0,0,0,0,0,0,0,0,0.350869696248661,0,0,0,0,0,0.28994691310096,0,0,0.185992776201322,0,0.30036241405232,0,0
0,0,0,0,0,0,0,0,0,0,0,0,0,0,0,0,0.149958168430363,0.176525972485542,0.233283281326294,0,0,0,0.120425193290586,0.166406254507293,0,0.164124731989134,0.145921607812246,0.153316201773328,0,0,0,0,0,0,0,0,0,0.20749023831785,0.148467261847612,0,0,0,0.228568017482758,0,0,0,0,0,0,0.20520201544349,0,0,0,0,0,0,0,0,0,0,0,0,0,0,0.209375535113306,0.153910219990488,0.258881027258075,0,0.194367034495741,0,0.215125702841337,0,0,0,0,0,0,0,0,0,0.206641292149451,0,0.157063859050748,0.143175316007831,0.28564024468263,0,0
0,0,0,0,0,0,0,0,0,0,0,0,0,0,0,0,0.162756626791626,0.157780877188032,0.24982074201107,0,0,0.120425193290586,0,0,0.167633660137653,0.137955297764979,0.147213423367718,0,0.158938591757159,0,0,0,0,0,0,0,0.27256977558136,0.137028137842814,0.189215091599978,0,0,0,0,0,0,0,0.276035979390144,0,0.188063133007555,0,0,0,0,0,0,0,0,0,0,0,0,0,0,0,0.150732383131981,0.191626716353103,0,0.181661838293076,0,0.14783352477984,0,0.248498925888861,0,0,0,0,0,0,0,0,0,0.208655077289757,0.170133032328427,0.181547306490079,0.243669167160988,0,0
0,0.325505901660238,0,0,0,0,0,0,0,0.198941654116987,0,0,0,0,0,0.241813182830811,0,0.173610791563988,0,0,0,0.166406254507293,0,0,0,0.175541042476087,0,0,0,0,0,0,0,0,0,0,0,0.201922664486141,0,0,0,0.225786332041025,0,0,0,0,0,0,0,0.215969588887485,0,0,0,0,0,0.180805274744353,0,0,0,0,0,0.258527333537738,0,0,0.165450949470202,0,0.239731343977865,0,0.20432521386093,0,0.281857935711741,0,0,0,0,0,0,0,0,0,0.241159582866883,0,0.169845175226124,0,0.277362835648305,0,0
0.327522039413452,0,0,0,0,0,0,0,0.248086950126684,0,0,0,0,0,0.249560383458932,0,0.297445267438889,0,0,0,0,0,0.167633660137653,0,0,0,0.198930121192308,0,0,0,0,0,0,0,0,0,0,0,0.209699803682346,0,0,0,0.222705640753762,0,0,0,0,0,0.299877187609673,0,0,0,0,0,0.26147503239267,0,0,0,0,0,0.261055082082748,0,0,0,0,0.187898445919336,0,0.208965224143065,0,0.203554589904448,0,0,0,0,0,0,0,0,0,0,0,0.292594918702248,0.200941616316905,0.285232539239683,0.322807999006633,0,0
0,0,0,0,0,0,0,0,0,0,0,0,0,0,0,0,0.154088655129226,0.155161222789327,0.224884519974391,0,0,0.164124731989134,0.137955297764979,0.175541042476087,0,0,0.136775866150856,0.167519640922546,0,0,0,0,0,0,0,0,0,0,0,0.283608168363571,0,0,0,0,0,0,0,0,0,0,0,0,0,0,0,0,0,0,0,0,0,0,0,0,0.203556428137033,0.141177654266357,0.15637553203851,0,0.189086930141893,0,0.219205356988252,0,0,0,0,0,0,0,0,0.234408155083656,0,0,0.147765756216195,0.141579689671759,0,0,0
0,0,0,0,0,0,0,0,0.221577077716976,0,0,0,0,0,0,0,0.172955570808702,0.152847679447284,0.211790315806866,0,0,0.145921607812246,0.147213423367718,0,0.198930121192308,0.136775866150856,0,0,0,0,0,0,0,0,0,0,0,0,0,0,0,0,0,0,0.223396062850952,0,0,0,0,0,0,0,0,0,0.221432909369469,0,0,0,0,0,0,0,0,0,0,0.156951532644384,0,0,0,0.176108622753163,0,0,0,0,0,0,0,0,0,0,0,0,0.160764172572542,0.149174436655912,0.22823503613472,0,0
0,0,0,0,0,0,0,0,0,0,0,0.1946702003479,0,0.124176491584097,0,0,0,0.129083946674735,0,0,0,0.153316201773328,0,0,0,0.167519640922546,0,0,0,0.177328457223608,0,0,0,0,0,0,0,0.163604134942094,0,0,0,0,0,0,0,0,0,0,0,0.180304278930028,0,0,0,0,0,0,0,0,0,0.172546565532684,0,0,0,0,0.21948594212532,0,0.203535497188568,0,0.168823114037514,0,0.184449347340932,0,0.173655311739634,0,0,0,0,0,0,0,0.172711046040058,0,0.205714198299076,0.173416053931389,0,0,0
0,0,0,0,0,0,0,0,0,0,0,0,0.107345409691334,0,0,0,0,0,0,0,0,0,0.158938591757159,0,0,0,0,0,0,0,0.160733964294195,0,0,0,0,0,0,0,0,0,0,0,0,0,0,0,0,0,0.15436947842439,0,0,0,0,0,0,0,0,0,0,0,0,0,0,0,0,0.178552658756574,0,0,0,0,0,0.202374023993894,0,0.185630992054939,0,0,0,0,0,0,0,0.214530533977917,0.14029369383089,0.152719156268765,0,0,0
0,0,0,0,0,0,0,0,0,0,0,0.303237469559842,0,0.173555602629979,0,0,0,0,0,0,0,0,0,0,0,0,0,0.177328457223608,0,0,0,0,0,0,0,0,0,0.15184708835323,0,0,0,0,0,0,0,0,0,0,0,0,0,0,0,0,0,0,0,0.286571539662502,0,0,0,0,0,0,0,0,0,0,0,0,0.171121892726646,0,0.206768839579561,0,0,0,0,0,0,0,0.162251251935959,0,0.24438292327626,0,0,0,0
0,0,0,0,0,0,0,0,0,0,0,0,0,0,0,0,0,0,0,0,0,0,0,0,0,0,0,0,0.160733964294195,0,0,0,0,0,0,0,0,0,0.159141534939408,0,0,0,0,0,0,0,0,0,0,0,0,0,0,0,0,0,0,0,0,0,0,0,0,0,0,0,0,0,0,0,0,0.162994144829335,0,0.186822979295417,0,0,0,0,0,0,0,0.25239080732519,0.149775609374046,0,0,0,0
0,0,0,0,0,0,0,0,0,0,0,0,0,0,0,0,0,0,0,0,0,0,0,0,0,0,0,0,0,0,0,0,0.158580814531497,0.305667622779989,0.161261275410652,0.270541005406549,0.169051130060796,0,0,0.296996250748634,0,0.328275501728058,0,0,0,0,0,0.315148337361844,0,0.326923071129902,0,0,0,0,0,0,0,0,0,0,0,0,0,0,0,0,0,0,0,0,0,0,0,0,0.274734216027649,0,0.252539209373619,0,0.282182710945661,0.156082229912281,0,0,0.170060795766336,0,0.28806196315722,0,0
0,0,0,0,0,0,0,0,0,0,0,0,0,0,0,0,0,0,0,0,0,0,0,0,0,0,0,0,0,0,0,0.158580814531497,0,0.217344896758304,0.190245541930199,0.16896251615669,0.175156535649741,0,0,0,0.21446818113327,0,0,0,0,0,0,0.220477693847248,0.264832831919193,0.285995930433273,0,0,0,0,0,0,0,0,0,0,0,0,0,0,0,0,0,0,0,0,0,0,0,0,0.186947855684492,0.159078939394517,0.228868335485458,0.181368254125118,0.161902728676796,0.207756340503693,0,0,0.162464261228262,0,0.295167367905378,0,0
0,0,0,0,0,0,0,0,0,0,0,0,0,0,0,0,0,0,0.369279623031616,0,0,0,0,0,0,0,0,0,0,0,0,0.305667622779989,0.217344896758304,0,0.169726255821855,0.241414638842086,0.211911514401436,0.194083253695415,0,0.277502655982971,0,0,0,0,0,0,0,0.261565462157747,0,0.320136879499142,0,0,0,0,0,0,0,0,0,0,0,0,0,0,0,0,0,0,0,0,0,0,0,0,0.262847913163049,0,0.199107722562333,0.173457323383968,0.247487109066809,0,0.222494734056068,0,0.192537215734841,0.187373451888561,0.286469317295335,0,0
0,0,0,0,0,0,0,0,0,0,0,0,0,0,0,0,0,0,0,0,0,0,0,0,0,0,0,0,0,0,0,0.161261275410652,0.190245541930199,0.169726255821855,0,0.207996705174446,0.19739739991222,0.176309359570344,0.227810674380762,0,0.370852308613913,0,0.299168147824027,0,0,0,0,0.265293512072952,0.318953129165064,0,0,0,0,0,0,0,0,0,0,0,0,0,0,0,0,0,0,0,0,0,0,0,0,0,0,0,0.173981879154841,0.209259844557894,0.194806981086731,0.176595122886845,0,0.232660501818644,0.228746831058883,0.238824221491814,0.320107353851199,0,0
0,0.324923157691956,0,0.24545757918442,0,0.266013674650873,0,0.173035156726837,0,0,0,0.168720408516415,0,0,0,0,0.320122912526131,0.333861395716667,0.357393361530789,0.24812281950913,0,0,0,0,0,0,0,0,0,0,0,0.270541005406549,0.16896251615669,0.241414638842086,0.207996705174446,0,0.386741384783938,0.214868401123443,0.164016854695298,0.279931800375255,0.338577225804329,0.310050432072129,0,0.34597905755043,0.313156008720398,0.274930868045728,0.352642754713694,0.308194932022115,0.309761030333383,0.330664368284015,0,0.235977450651782,0,0,0,0,0,0.2332915554444,0,0.192944727838039,0,0,0.264210294591857,0,0,0,0,0,0,0,0,0,0,0,0.281173863847921,0,0.274770521354385,0,0.264402809679149,0.418285843749494,0.264710143204685,0,0.210037526977511,0.22334305840552,0.27501333797251,0.351818023816399,0.323952451348305
0.355652391910553,0,0.239064340790113,0,0.211149801989806,0,0.211147683508256,0,0.31771012643973,0,0.157558560071878,0,0,0,0.320893160502116,0,0.340836086821172,0.332121023665304,0.359184005881387,0,0.284241396651399,0,0.27256977558136,0,0,0,0,0,0,0,0,0.169051130060796,0.175156535649741,0.211911514401436,0.19739739991222,0.386741384783938,0,0,0.211974384048237,0.340067232958972,0.331148588156278,0.421509981155396,0.307055626444917,0.362827867269516,0.358339938352693,0.348749630981021,0.319862518875159,0.346908431377385,0.310489579967477,0.267792308330536,0.218728912373384,0,0,0,0,0,0.304373755084976,0,0.303260183846108,0,0.288115298641579,0,0,0.275833625626028,0,0,0,0,0,0,0,0,0,0.331487144033114,0.260746628046036,0.224048731024148,0.270627975463867,0.182990094811856,0.528353183252543,0.253548983434909,0,0.234552215063695,0.215415037485867,0.296067613464291,0.302118485693735,0,0.305631851670386
0,0.336000231405099,0,0,0,0,0,0,0,0.179374552507331,0,0.179741028942719,0,0,0,0,0,0,0,0.196679195761681,0,0.20749023831785,0.137028137842814,0.201922664486141,0,0,0,0.163604134942094,0,0.15184708835323,0,0,0,0.194083253695415,0.176309359570344,0.214868401123443,0,0,0.149197616881424,0,0,0.21290442943573,0,0,0,0,0,0.475214568177859,0,0.375435190401593,0,0,0,0,0,0.15906208091312,0,0.155035110620352,0,0,0,0.264042649418116,0.301726800700029,0,0.236310943187057,0.172464812795321,0.297913101437974,0,0,0,0.206483869568298,0,0.20027045292832,0,0,0,0.260420064131419,0,0.26781756034391,0,0.243825695067132,0.142030405049974,0.246269758282737,0.170269516762346,0.28639104134736,0,0
0.267619051867061,0,0,0,0,0,0,0,0.175762419865049,0,0.168348286910491,0,0,0,0.269719844063123,0,0.424111217260361,0,0,0,0.283020217167704,0.148467261847612,0.189215091599978,0,0.209699803682346,0,0,0,0,0,0.159141534939408,0,0,0,0.227810674380762,0.164016854695298,0.211974384048237,0.149197616881424,0,0,0,0,0.237500679380489,0,0,0,0.373277211381543,0.335972289883869,0.337621195187906,0,0,0,0,0,0.177940169970194,0,0.233794783552488,0,0.349149852991104,0,0.389275819063187,0,0,0.322387325101429,0.180408413211505,0.200875059558222,0,0.322439672471504,0,0,0,0.287913815482803,0,0.170981762367626,0,0,0,0.222563655002088,0.160919866391591,0.305761469711244,0,0.244120917080254,0.202081165413167,0.196353439113189,0.444386234529735,0,0
0,0.453694512446721,0,0.39716725902898,0,0,0,0,0,0.432470798492432,0,0,0,0,0,0,0.334783845386662,0.32053722121478,0.348555929544144,0.296269743606962,0,0,0,0,0,0.283608168363571,0,0,0,0,0,0.296996250748634,0,0.277502655982971,0,0.279931800375255,0.340067232958972,0,0,0,0,0.302140943216581,0.308794314662615,0.381400985091373,0.359254762530327,0.329286277379622,0.369730458656947,0.39666345808655,0.311090730332039,0.423888839832526,0,0,0,0,0,0,0,0.335178285837173,0,0,0,0,0.272427692256249,0.343504577875137,0,0,0,0,0,0,0,0,0,0,0.340829081833363,0,0.316012561321259,0,0.282216343465375,0.401712321318113,0.188453756272793,0,0.310857233717232,0.307984303025638,0.311753444406416,0.389264268014166,0.302248686552048
0,0,0,0,0,0,0,0,0.324318766593933,0,0,0,0,0,0.259612888097763,0,0.409362986683846,0,0.373175564019576,0,0.191076472401619,0,0,0,0,0,0,0,0,0,0,0,0.21446818113327,0,0.370852308613913,0.338577225804329,0.331148588156278,0,0,0,0,0,0.435383571009351,0,0.452790692448616,0,0.197198300573387,0.48850796126571,0.461788880834215,0.44667705189098,0,0,0,0,0,0,0.354342609643936,0,0,0,0,0,0,0.319145675216402,0,0,0,0,0,0,0,0,0,0,0,0.264516953006387,0,0.316819647327065,0.391094652506021,0.366197599020294,0,0,0.283783591959787,0.240442734956741,0.30412488190575,0,0.286223447322845
0,0.390946543884871,0,0.326522288391891,0,0,0,0,0,0.275584149098246,0,0,0,0,0,0,0.299839003218545,0.315454865495364,0.271363420131981,0,0,0,0,0.225786332041025,0,0,0,0,0,0,0,0.328275501728058,0,0,0,0.310050432072129,0.421509981155396,0.21290442943573,0,0.302140943216581,0,0,0.354363477588297,0.305948093090907,0,0.28852586621304,0.33670711517334,0.430749038001522,0.28825294226408,0.362179670403236,0,0,0,0,0,0.283163004769729,0,0.367208553986116,0,0,0,0.315563905757407,0.317480504087039,0,0,0,0.264753613782966,0,0,0,0,0,0.2527363486588,0,0.344097971916199,0,0.352684984604518,0,0.303440244266346,0.356476798653603,0,0,0.359864732698994,0.361028850215605,0.326168137270014,0.304118950719559,0.461173983290792
0.405099779094031,0,0,0,0,0,0,0,0.2652538286886,0,0,0,0,0,0.311099050987151,0,0.292236578777248,0.276873303784264,0.215876184635648,0,0.231533649067084,0.228568017482758,0,0,0.222705640753762,0,0,0,0,0,0,0,0,0,0.299168147824027,0,0.307055626444917,0,0.237500679380489,0.308794314662615,0.435383571009351,0.354363477588297,0,0.246839292347431,0.200736203911709,0.268405602872372,0.25742129686995,0.35285643526486,0.36430472235545,0,0,0,0,0,0.382226468622685,0,0.334285038514672,0,0.354609780013561,0,0.380595776296797,0,0,0.295946126199001,0,0,0,0.338407893975576,0,0,0,0.331504295269648,0,0.352073649671061,0,0,0,0.313843908905983,0.358280976613363,0.308135244881063,0,0.352685451507568,0.422011065639059,0.304911791901045,0.309297939735545,0,0.222978786887676
0,0.349189311265945,0,0,0,0,0,0,0,0,0,0,0,0,0,0,0.285082573071122,0.272698165929836,0.293344469892012,0,0,0,0,0,0,0,0,0,0,0,0,0,0,0,0,0.34597905755043,0.362827867269516,0,0,0.381400985091373,0,0.305948093090907,0.246839292347431,0,0,0.372762716712727,0,0,0,0.335557401180267,0,0,0,0,0,0,0,0.428355634212494,0,0,0,0,0.357285270151102,0,0,0,0,0,0,0,0,0,0,0,0,0,0,0,0.338488616640606,0.354174636304379,0,0,0.255626448023487,0.252820257097483,0.350866591251349,0.274730598149092,0.238801091909409
0,0,0,0,0,0,0,0,0,0,0,0,0,0,0,0,0.274141193644421,0.251469706495603,0.250942006248694,0,0.209703281521797,0,0,0,0,0,0.223396062850952,0,0,0,0,0,0,0,0,0.313156008720398,0.358339938352693,0,0,0.359254762530327,0.452790692448616,0,0.200736203911709,0,0,0.322604501247406,0.340072969332784,0,0.322942078113556,0,0,0,0,0,0,0,0.361842662096024,0,0,0,0,0,0,0.33079314532206,0,0,0,0,0,0,0,0,0,0.333522588014603,0,0,0,0,0.333718612790108,0.354144404822153,0,0.499338328838348,0.22101210708757,0.267844326794147,0.277600923670998,0,0.237531718508951
0,0,0,0.227620189680773,0,0,0,0,0,0,0,0.213240642439235,0,0,0,0,0.318665548367838,0.289412542751857,0.309448136670474,0.230979460955791,0,0,0,0,0,0,0,0,0,0,0,0,0,0,0,0.274930868045728,0.348749630981021,0,0,0.329286277379622,0,0.28852586621304,0.268405602872372,0.372762716712727,0.322604501247406,0,0.329379410906271,0,0,0.252536712421311,0,0,0,0,0,0,0,0.28564065694809,0,0,0,0,0.254676728170777,0.354005873203278,0,0,0,0,0,0,0,0,0,0,0,0,0,0,0.303923007392296,0.37208730670122,0,0,0.283520908189425,0.31488633674124,0.333249731011432,0.292644613318973,0.271008214354515
0.249338299036026,0,0,0.33976736664772,0,0,0,0,0.324645608663559,0,0,0,0,0,0.262212137381236,0,0.302842828330679,0.289844891805758,0.319539669950252,0,0.307603543229175,0,0.276035979390144,0,0,0,0,0,0,0,0,0,0,0,0,0.352642754713694,0.319862518875159,0,0.373277211381543,0.369730458656947,0.197198300573387,0.33670711517334,0.25742129686995,0,0.340072969332784,0.329379410906271,0,0,0.278293586295584,0,0,0,0,0,0,0,0.282790579579093,0,0,0,0.293129459023476,0,0,0.298709966939755,0,0,0,0,0,0,0,0,0,0.357782449041094,0,0,0,0,0.383313098124095,0.274034393138319,0,0.409402986367544,0.293230279570534,0.287503773515875,0.306051135218849,0,0.274414772987366
0,0,0,0,0,0,0,0,0,0,0,0,0,0,0,0,0,0,0,0,0,0,0,0,0,0,0,0,0,0,0,0.315148337361844,0.220477693847248,0.261565462157747,0.265293512072952,0.308194932022115,0.346908431377385,0.475214568177859,0.335972289883869,0.39666345808655,0.48850796126571,0.430749038001522,0.35285643526486,0,0,0,0,0,0.343642179804489,0.460266346201968,0,0,0,0,0,0,0,0,0,0,0,0,0,0,0,0,0,0,0,0,0,0,0.391895840565364,0,0.30600454562593,0.186336380192789,0.294133833608045,0.274160100400975,0.343314030925393,0.452362974010683,0.367872921301719,0.277515530172322,0.381702984116011,0.29365961253643,0.398145094267593,0,0
0.376041070256435,0,0.286239743232727,0,0,0,0,0,0.388262062510358,0,0,0,0,0,0.269525584502098,0,0.349871058154989,0,0.323300364116828,0,0.323111616983646,0,0.188063133007555,0,0.299877187609673,0,0,0,0.15436947842439,0,0,0,0.264832831919193,0,0.318953129165064,0.309761030333383,0.310489579967477,0,0.337621195187906,0.311090730332039,0.461788880834215,0.28825294226408,0.36430472235545,0,0.322942078113556,0,0.278293586295584,0.343642179804489,0,0.411538193994593,0,0,0,0,0.351966485381126,0,0.326817178955445,0,0.411624401807785,0,0.295609416361766,0,0,0.291295384880035,0,0.255514374782526,0,0.298652801949244,0,0.289164163606259,0,0.317526332473845,0,0.354073116908202,0,0.238314288126868,0,0.296734370973956,0.326818652451038,0.356663866878023,0,0.299214731947995,0.312780133290933,0,0.412015288437788,0,0.334784855445226
0,0.318959994151674,0,0.297066149777836,0,0.256135709583759,0,0,0,0.296124391257763,0,0,0,0,0,0.230086721479893,0,0.35394778251648,0.341073948728002,0,0,0.20520201544349,0,0.215969588887485,0,0,0,0.180304278930028,0,0,0,0.326923071129902,0.285995930433273,0.320136879499142,0,0.330664368284015,0.267792308330536,0.375435190401593,0,0.423888839832526,0.44667705189098,0.362179670403236,0,0.335557401180267,0,0.252536712421311,0,0.460266346201968,0.411538193994593,0,0,0,0,0,0,0,0,0.301826373548121,0,0.270542333071882,0,0.185790960242351,0.303250352541606,0,0.236653909413701,0,0.252876882630635,0,0.288519584319808,0,0.252214826245749,0,0.303867676060333,0,0.386724884222661,0,0.321317657828331,0,0.347976609002753,0.382870256900787,0.329953182652934,0,0.317338315817305,0.255774151947763,0.35514552308833,0.328641551733017,0
0,0,0.184463442924122,0,0.191567562520504,0,0.171211421489716,0,0.137911802530289,0,0,0,0,0,0.183711111545563,0,0,0,0,0,0.191615644842386,0,0,0,0,0,0,0,0,0,0,0,0,0,0,0,0.218728912373384,0,0,0,0,0,0,0,0,0,0,0,0,0,0,0,0,0,0,0,0.219220841160187,0,0.191135626818453,0,0.210278675669716,0,0,0,0,0,0,0,0,0,0,0,0,0,0,0,0,0,0,0.191954228587038,0,0,0.193755713817866,0.221502686738968,0.170369058847427,0,0
0,0,0,0.21046915079685,0,0.184154154732823,0,0.263788415988286,0,0.162815138697624,0,0,0,0.163423925638199,0,0.200406222471169,0,0,0,0.176629044860601,0,0,0,0,0,0,0,0,0,0,0,0,0,0,0,0.235977450651782,0,0,0,0,0,0,0,0,0,0,0,0,0,0,0,0,0,0.169763751327991,0,0,0,0.22418218725606,0,0.23221794986133,0,0.246300721766822,0.172439626976848,0,0,0,0,0,0,0,0,0,0,0,0,0,0,0,0,0,0,0,0.224666473490221,0.220365589691533,0.229911249130964,0,0
0,0,0,0,0,0,0.161104837230274,0,0,0,0,0,0,0,0,0,0,0,0,0,0,0,0,0,0,0,0,0,0,0,0,0,0,0,0,0,0,0,0,0,0,0,0,0,0,0,0,0,0,0,0,0,0,0,0,0,0,0,0.178924047166393,0,0,0,0,0,0,0,0,0,0,0,0,0,0,0,0,0,0,0,0,0,0,0,0.207028862592336,0,0,0,0
0,0,0,0,0,0.281620765725772,0,0.221382864631049,0,0,0,0,0,0,0,0,0,0,0,0,0,0,0,0,0,0,0,0,0,0,0,0,0,0,0,0,0,0,0,0,0,0,0,0,0,0,0,0,0,0,0,0.169763751327991,0,0,0,0,0,0.211026238898436,0,0.192689451575279,0,0,0,0,0,0,0,0,0,0,0,0,0,0,0,0,0,0,0,0,0,0,0.301166087388992,0,0,0,0
0.242849435479868,0,0.197313300068514,0,0.139408364892006,0,0,0,0.203414935394224,0,0,0,0,0,0.249596569687128,0,0.27573294776517,0,0,0,0,0,0,0,0.26147503239267,0,0.221432909369469,0,0,0,0,0,0,0,0,0,0,0,0.177940169970194,0,0,0,0.382226468622685,0,0,0,0,0,0.351966485381126,0,0,0,0,0,0,0,0.169890552759171,0,0.286978393793106,0,0.230984351352641,0,0,0.206619918346405,0,0,0,0.218551121305588,0,0,0,0.31477490067482,0,0,0,0,0,0,0,0.214975580573082,0,0.17289461236861,0.288033045122195,0.295468646585941,0.282663650197141,0,0
0,0.145174646936357,0,0.150940199196339,0,0.139351606369019,0,0,0,0.264618642155549,0,0,0,0,0,0.214266552710209,0,0.211718387901783,0,0,0,0,0,0.180805274744353,0,0,0,0,0,0,0,0,0,0,0,0,0,0.15906208091312,0,0,0,0.283163004769729,0,0,0,0,0,0,0,0,0,0,0,0,0,0,0,0,0,0,0,0.215021158950251,0,0,0,0,0.223789745694611,0,0,0,0,0,0,0,0,0,0,0,0,0,0.198086708784103,0,0.250276058581875,0.221856054663658,0.205170343934654,0,0
0.338331262469292,0,0.209508644044399,0,0.295941886802514,0,0.172968378663063,0,0.299089986702491,0,0.228136264187627,0,0.200442123413086,0,0.314378094066072,0,0.352118767027197,0.304641902446747,0.356043886330168,0,0.265515547482047,0,0,0,0,0,0,0,0,0,0,0,0,0,0,0,0.304373755084976,0,0.233794783552488,0,0.354342609643936,0,0.334285038514672,0,0.361842662096024,0,0.282790579579093,0,0.326817178955445,0,0.219220841160187,0,0,0,0.169890552759171,0,0,0,0.224449757746486,0,0.270677531404155,0,0,0.268771499494335,0,0,0,0,0,0,0,0.367673118006099,0,0.371442504715376,0,0,0,0,0,0.286390990481614,0,0,0.275501044898582,0.397142291069031,0.355944730026854,0,0.415126353502274
0,0.335716068744659,0,0.282050765095613,0,0.234157480299473,0,0.231778282003525,0,0.240012899041176,0,0.230312523295388,0,0,0,0,0,0.438939889272054,0.399945711312087,0.170898041998347,0,0,0,0,0,0,0,0,0,0.286571539662502,0,0,0,0,0,0.2332915554444,0,0.155035110620352,0,0.335178285837173,0,0.367208553986116,0,0.428355634212494,0,0.28564065694809,0,0,0,0.301826373548121,0,0.22418218725606,0,0.211026238898436,0,0,0,0,0,0.215626452641794,0,0.26330079138279,0.23540812681636,0,0,0,0,0,0,0,0,0,0.25119028866291,0,0,0,0,0,0.256095773643918,0,0,0,0.227769577634685,0.236082286041762,0.338568598321596,0,0
0,0,0.216380723885127,0,0.261200163581155,0,0.229967909084784,0,0.165924533137253,0,0.209094180316521,0,0.192083225517199,0,0.204133220016956,0,0.398212611675262,0,0.356835827231407,0,0.298200362920761,0,0,0,0,0,0,0,0,0,0,0,0,0,0,0,0.303260183846108,0,0.349149852991104,0,0,0,0.354609780013561,0,0,0,0,0,0.411624401807785,0,0.191135626818453,0,0.178924047166393,0,0.286978393793106,0,0.224449757746486,0,0,0,0.212882240028942,0,0,0.263274413974662,0,0,0,0,0,0,0,0,0,0,0,0,0,0,0,0.288298193737864,0,0,0.24488521104709,0.196493624167128,0.285825532816705,0,0
0,0.334077090024948,0,0.256138969744955,0,0.189269202809802,0,0.234855681741038,0,0.181106523921092,0,0.162371709477156,0,0.174685722818741,0,0,0,0,0,0,0,0,0,0,0,0,0,0.172546565532684,0,0,0,0,0,0,0,0.192944727838039,0,0,0,0,0,0,0,0,0,0,0,0,0,0.270542333071882,0,0.23221794986133,0,0.192689451575279,0,0,0,0.215626452641794,0,0,0,0.239368165532748,0,0,0,0,0,0,0,0,0,0,0,0,0,0,0,0,0,0,0,0,0.156408644240835,0.153585818906625,0.290885388851166,0,0
0.325809199125209,0,0.212903268963975,0,0.235756870773104,0,0,0,0.224734923713011,0,0,0,0.292063814401627,0,0.25277667838335,0,0.406834334135056,0,0,0,0.318100062700418,0,0,0,0.261055082082748,0,0,0,0,0,0,0,0,0,0,0,0.288115298641579,0,0.389275819063187,0,0,0,0.380595776296797,0,0,0,0.293129459023476,0,0.295609416361766,0,0.210278675669716,0,0,0,0.230984351352641,0,0.270677531404155,0,0.212882240028942,0,0,0,0,0.279195506125689,0,0,0,0,0,0.288696906822068,0,0.302558572031558,0,0.355522030591965,0,0,0,0,0,0.292176017977975,0,0,0.268649314518099,0,0.311398067733157,0,0.325617045164108
0,0.167349640972782,0,0.248745258748531,0,0.241560706818426,0,0,0,0.221797022232964,0,0,0,0.204393208026886,0,0.237367290282936,0,0,0.24809543043375,0,0,0,0,0.258527333537738,0,0,0,0,0,0,0,0,0,0,0,0,0,0.264042649418116,0,0,0,0.315563905757407,0,0,0,0,0,0,0,0.185790960242351,0,0.246300721766822,0,0,0,0.215021158950251,0,0.26330079138279,0,0.239368165532748,0,0,0,0,0,0,0.245701835462541,0,0.155906990170479,0,0,0,0,0,0,0,0,0,0.23626010119915,0,0,0,0.239864550264818,0.226468080033859,0.237111849565033,0.269362666540676,0
0,0,0,0.276180670006585,0,0.258051455020905,0,0,0,0,0,0.177324423751636,0,0,0,0,0.315716763337453,0.286400773695537,0.311684319497766,0.194231408401928,0,0,0,0,0,0,0,0,0,0,0,0,0,0,0,0.264210294591857,0,0.301726800700029,0,0.272427692256249,0,0.317480504087039,0,0.357285270151102,0,0.254676728170777,0,0,0,0.303250352541606,0,0.172439626976848,0,0,0,0,0,0.23540812681636,0,0,0,0,0,0,0,0,0,0,0,0,0,0,0,0,0,0,0,0,0.263108035009611,0,0.290702720483144,0,0.215151586569846,0.351751923561096,0.317436348032951,0.329553365707397,0
0.295329853892326,0,0,0,0,0,0,0,0.275798681378365,0,0,0,0,0,0.309667035937309,0,0.357114980186241,0.300062363346418,0.361694140651742,0,0.250562350882038,0,0,0,0,0,0,0,0,0,0,0,0,0,0,0,0.275833625626028,0,0.322387325101429,0.343504577875137,0.319145675216402,0,0.295946126199001,0,0.33079314532206,0.354005873203278,0.298709966939755,0,0.291295384880035,0,0,0,0,0,0.206619918346405,0,0.268771499494335,0,0.263274413974662,0,0.279195506125689,0,0,0,0,0,0,0,0,0,0,0.352511644363403,0,0.332212449474768,0,0,0,0,0,0.286985436110413,0,0.338809500137965,0.297720703132012,0.308993391692638,0.285834642097372,0,0.409984910488129
0,0,0,0,0,0,0,0,0,0,0,0,0,0,0,0,0.155490332096815,0.175231903015325,0.226825147867203,0,0,0.209375535113306,0.150732383131981,0.165450949470202,0,0.203556428137033,0,0.21948594212532,0,0,0,0,0,0,0,0,0,0.236310943187057,0.180408413211505,0,0,0,0,0,0,0,0,0,0,0.236653909413701,0,0,0,0,0,0,0,0,0,0,0,0,0,0,0,0,0.259370588676283,0,0.233972100847891,0,0.284390065124839,0,0,0,0,0,0,0,0,0,0.279177485377925,0,0.166324714784751,0.142569296965093,0.314777570962906,0,0
0,0,0,0,0,0,0,0,0,0,0,0,0,0,0,0,0.161339386347301,0.160179001234827,0.225306853652,0,0,0.153910219990488,0.191626716353103,0,0.187898445919336,0.141177654266357,0.156951532644384,0,0.178552658756574,0,0,0,0,0,0,0,0,0.172464812795321,0.200875059558222,0,0,0,0,0,0,0,0,0,0.255514374782526,0,0,0,0,0,0,0,0,0,0,0,0,0,0,0,0,0,0,0.255825883435442,0,0.186077928436654,0,0.244774174287512,0,0,0,0,0,0,0,0,0,0.257891353219748,0.178342435882628,0.151273434715612,0,0,0
0,0,0,0,0,0,0,0,0,0.272362780819337,0,0,0,0,0,0.249841495851676,0,0.186717323958874,0,0,0,0.258881027258075,0,0.239731343977865,0,0.15637553203851,0,0.203535497188568,0,0,0,0,0,0,0,0,0,0.297913101437974,0,0,0,0.264753613782966,0,0,0,0,0,0,0,0.252876882630635,0,0,0,0,0,0.223789745694611,0,0,0,0,0,0.245701835462541,0,0,0.259370588676283,0,0,0,0.374582939690217,0,0.341863592950309,0,0.220478773117065,0,0,0,0,0,0,0,0.32206879788921,0,0.254604175927178,0.268994599580765,0.317598090428321,0,0
0,0,0,0,0,0,0,0,0.266711415199751,0,0,0,0,0,0.259617274006208,0,0.263330701324675,0,0,0,0,0,0.181661838293076,0,0.208965224143065,0,0,0,0,0,0,0,0,0,0,0,0,0,0.322439672471504,0,0,0,0.338407893975576,0,0,0,0,0,0.298652801949244,0,0,0,0,0,0.218551121305588,0,0,0,0,0,0,0,0,0,0,0.255825883435442,0,0,0,0.237876934376923,0,0,0,0,0,0,0,0,0,0,0,0.287023431953036,0.236674235122887,0.289044082992607,0.416967877319881,0,0
0,0,0,0,0,0,0,0,0,0,0,0,0,0,0,0.166858904063702,0.154485374689102,0.150235672331887,0.205867514014244,0,0,0.194367034495741,0,0.20432521386093,0,0.189086930141893,0,0.168823114037514,0,0,0,0,0,0,0,0,0,0,0,0,0,0,0,0,0,0,0,0,0,0.288519584319808,0,0,0,0,0,0,0,0,0,0,0,0.155906990170479,0,0,0.233972100847891,0,0.374582939690217,0,0,0,0.238007908066114,0,0,0,0,0,0,0,0,0,0,0,0.153214033160891,0.145320206880569,0,0,0
0,0,0,0,0,0,0,0,0.211894718564559,0,0,0,0,0,0.29307633638382,0,0.176019603013992,0.156020469963551,0,0,0,0,0.14783352477984,0,0.203554589904448,0,0.176108622753163,0,0,0,0,0,0,0,0,0,0,0,0,0,0,0,0,0,0,0,0,0,0.289164163606259,0,0,0,0,0,0,0,0,0,0,0,0.288696906822068,0,0,0,0,0.186077928436654,0,0.237876934376923,0,0,0,0.317857118944327,0,0,0,0,0,0,0,0,0,0,0.155257083177567,0.157263678809007,0.234812051057816,0,0
0,0,0,0,0,0,0,0,0,0,0,0,0,0,0,0,0,0,0,0,0,0.215125702841337,0,0.281857935711741,0,0.219205356988252,0,0.184449347340932,0,0.171121892726646,0,0,0,0,0,0,0,0.206483869568298,0,0,0,0,0,0,0,0,0,0,0,0.252214826245749,0,0,0,0,0,0,0,0,0,0,0,0,0,0,0.284390065124839,0,0.341863592950309,0,0.238007908066114,0,0,0,0.299276378667243,0,0,0,0,0,0,0,0.299702216215093,0,0.202100849813885,0.198702254716088,0.296344429254532,0,0
0.340300977230072,0,0,0,0,0,0,0,0.332321291168531,0,0.159890189766884,0,0,0,0.300280727446079,0,0.330718138388225,0,0.336102082541114,0,0,0,0.248498925888861,0,0,0,0,0,0.202374023993894,0,0.162994144829335,0,0,0,0,0,0,0,0.287913815482803,0,0,0,0.331504295269648,0,0,0,0,0,0.317526332473845,0,0,0,0,0,0.31477490067482,0,0.367673118006099,0,0,0,0.302558572031558,0,0,0.352511644363403,0,0.244774174287512,0,0,0,0.317857118944327,0,0,0,0.220945957515921,0,0,0,0,0,0.315785154700279,0,0.349891123868394,0.309080017056871,0.154338916142782,0.372628541963716,0,0.372858303785324
0,0,0,0,0,0,0,0,0,0,0,0.279688484338393,0,0,0,0,0,0,0,0,0,0,0,0,0,0,0,0.173655311739634,0,0.206768839579561,0,0,0,0,0,0,0,0.20027045292832,0,0,0,0.2527363486588,0,0,0,0,0,0.391895840565364,0,0.303867676060333,0,0,0,0,0,0,0,0.25119028866291,0,0,0,0,0,0,0,0,0.220478773117065,0,0,0,0.299276378667243,0,0,0,0,0,0,0,0,0,0.335456649512053,0,0.200673607262698,0,0.341370489988206,0,0
0.368567763103379,0,0,0,0,0,0,0,0.340812780355152,0,0.168973817296748,0,0,0,0.345364201400015,0,0.378588722220489,0.355432569980621,0.400296656375236,0,0.350869696248661,0,0,0,0,0,0,0,0.185630992054939,0,0.186822979295417,0,0,0,0,0,0.331487144033114,0,0.170981762367626,0,0,0,0.352073649671061,0,0.333522588014603,0,0.357782449041094,0,0.354073116908202,0,0,0,0,0,0,0,0.371442504715376,0,0,0,0.355522030591965,0,0,0.332212449474768,0,0,0,0,0,0,0,0.220945957515921,0,0,0,0,0,0,0,0.309894067049027,0,0.267551896208231,0.342507989713981,0,0.399532567480621,0,0.414586309124442
0,0,0,0,0,0,0,0,0,0,0,0,0,0,0,0,0,0,0,0,0,0,0,0,0,0,0,0,0,0,0,0.274734216027649,0.186947855684492,0.262847913163049,0,0.281173863847921,0.260746628046036,0,0,0.340829081833363,0,0.344097971916199,0,0,0,0,0,0.30600454562593,0,0.386724884222661,0,0,0,0,0,0,0,0,0,0,0,0,0,0,0,0,0,0,0,0,0,0,0,0,0,0,0.273039070042697,0,0.275741818988765,0,0,0,0.260513061285019,0,0.274133476614952,0,0
0,0,0,0,0,0,0,0,0,0,0,0,0,0,0,0,0,0,0,0,0,0,0,0,0,0,0,0,0,0,0,0,0.159078939394517,0,0,0,0.224048731024148,0,0,0,0.264516953006387,0,0,0,0,0,0,0.186336380192789,0.238314288126868,0,0,0,0,0,0,0,0,0,0,0,0,0,0,0,0,0,0,0,0,0,0,0,0,0,0,0,0,0.246676590293646,0,0.263218159959824,0,0,0,0,0,0,0
0,0,0,0,0,0,0,0,0,0,0,0,0,0,0,0,0,0,0.299474358558655,0,0,0,0,0,0,0,0,0,0,0,0,0.252539209373619,0.228868335485458,0.199107722562333,0.173981879154841,0.274770521354385,0.270627975463867,0.260420064131419,0,0.316012561321259,0,0.352684984604518,0,0,0,0,0,0.294133833608045,0,0.321317657828331,0,0,0,0,0,0,0,0,0,0,0,0,0,0,0,0,0,0,0,0,0,0,0,0,0.273039070042697,0,0,0.211095355451107,0.274874370091807,0,0.291755249238994,0,0.197791311099674,0,0.314905432363351,0,0
0,0,0,0,0,0,0,0,0,0,0,0,0,0,0,0,0,0,0,0,0,0,0,0,0,0,0,0,0,0,0,0,0.181368254125118,0.173457323383968,0.209259844557894,0,0.182990094811856,0,0.222563655002088,0,0.316819647327065,0,0.313843908905983,0,0,0,0,0.274160100400975,0.296734370973956,0,0,0,0,0,0,0,0,0,0,0,0,0,0,0,0,0,0,0,0,0,0,0,0,0,0,0.246676590293646,0.211095355451107,0,0,0.20646100775117,0,0.232909646224541,0.20740685860316,0,0.242992423474789,0,0
