0,0.286815944314003,0.145320283414589,0,0,0,0,0,0.158884407752439,0.293722689151764,0,0,0,0,0,0,0.306872338056564,0.313948214054108,0.408070597797632,0,0,0,0,0,0,0,0,0,0,0,0,0,0,0.385142058134079,0,0,0,0.443310886621475,0,0,0.442937066157659,0,0.276362411970924,0,0,0,0.413495631778941,0.379017889499664,0.19505327569772,0.362831092543072,0,0,0,0,0.179092766671239,0,0,0,0,0,0.179502333635869,0,0,0.355639746412635,0,0,0,0.216444332439166,0,0,0,0,0,0,0,0,0,0,0,0.434457321961721,0.389702260494232,0.445657998323441,0.309951482035342,0,0.276509283435723,0,0
0.286815944314003,0,0,0.150398011862135,0,0.118855006992817,0,0,0,0.135006569473169,0,0,0,0,0,0,0,0,0.352027378584209,0,0,0,0,0,0,0,0,0,0,0,0,0,0,0,0,0,0,0.151543959975243,0,0.380008264631033,0,0.293777473923561,0.31172755245979,0,0,0.349667556583881,0,0.378234945237637,0.324063164492448,0.190912586960423,0,0,0,0,0,0.193891854503339,0,0.235306757000776,0,0.195847390727563,0,0.197553359127293,0.313422963023186,0,0,0,0.218953381059691,0,0,0,0,0,0.274205654859543,0,0,0,0,0,0.417725703230611,0,0.432551622390747,0.326250784099102,0.272328470229306,0,0.240145144083147,0,0
0.145320283414589,0,0,0,0.126991806179285,0,0,0,0.15207778138143,0,0,0,0,0,0,0,0.27346083521843,0,0.230077728629112,0,0,0,0,0,0,0,0,0,0,0,0,0,0,0,0,0,0.229470066726208,0,0,0,0.243357586363951,0,0.248138451576233,0,0,0,0.201264386496893,0.25596609711647,0.189971417421475,0,0.191317049993409,0,0,0,0.157223629206419,0,0.208428014012483,0,0.192356086747591,0,0.162601828575134,0,0,0.223576555028558,0,0,0,0,0,0,0,0,0,0,0,0,0,0,0,0.268998609057495,0,0,0.212784723464876,0,0.194247886341139,0,0.268116403371096
0,0.150398011862135,0,0,0,0.135627195948646,0,0,0,0.129344509035198,0,0,0,0,0,0,0.273279011249542,0,0.264030762016773,0.183296033740044,0,0,0,0,0,0,0,0,0,0,0,0,0,0,0,0.20232030943684,0.223913863301277,0,0,0.244510384459122,0,0.252535866296038,0.238609129190445,0,0,0.21476540962855,0,0.251707379113544,0.254799323422568,0.219290588033256,0,0.191785513237119,0,0,0,0.160943172773679,0,0.207234703418281,0,0.20712737087365,0,0.202018833893244,0.204212620854378,0,0,0,0,0,0,0,0,0,0.28932049870491,0,0,0,0,0,0.249792165333225,0,0.311078200737635,0,0.166025700894269,0,0.201075841514196,0,0
0,0,0.126991806179285,0,0,0,0,0,0.157496007556996,0,0,0,0.154668793082237,0,0,0,0,0,0,0,0.202616895676828,0,0,0,0,0,0,0,0,0,0,0,0,0,0,0,0.174693793058395,0,0,0,0,0,0.258253306150436,0,0,0,0,0,0,0,0.142555276444182,0,0,0,0.15315415976303,0,0,0,0,0,0.153534634581095,0,0,0,0,0,0,0,0,0,0,0,0,0,0,0,0,0,0,0.197760716080666,0,0,0.175655358840549,0.48821859061718,0.171682482733663,0,0
0,0.118855006992817,0,0.135627195948646,0,0,0,0,0,0.142411275883205,0,0,0,0,0,0.162574772412578,0,0,0,0.221571855786918,0,0,0,0,0,0,0,0,0,0,0,0,0,0,0,0.185326736420393,0.229267224669456,0,0,0.225301225980123,0,0.225467880566915,0,0,0,0.197998076677322,0,0.243667647242546,0,0.216534198572238,0,0.165565918332764,0,0,0,0.13141926502188,0,0,0,0,0,0.180673338148905,0.244029239884445,0,0,0,0,0,0,0,0,0,0,0,0,0,0,0,0.228293075881622,0,0,0,0.160564645952903,0.171275660395622,0.171076907096682,0,0
0,0,0,0,0,0,0,0,0,0,0,0,0,0,0,0,0,0,0,0,0,0,0,0,0,0,0,0,0,0,0,0,0,0,0,0,0,0,0,0,0,0,0,0,0,0,0,0,0,0,0,0,0.161132986481125,0,0,0,0.138530620319002,0,0.183903099702937,0,0,0,0,0,0,0,0,0,0,0,0,0,0,0,0,0,0,0,0,0,0,0,0,0,0,0,0
0,0,0,0,0,0,0,0,0,0,0,0.157908577810634,0,0.127870137301775,0,0,0,0,0,0,0,0,0,0,0,0,0,0,0,0,0,0,0,0,0,0,0,0,0,0,0,0,0,0,0,0,0,0,0,0,0,0.156215697526932,0,0,0,0,0,0.165995667962467,0,0,0,0,0,0,0,0,0,0,0,0,0,0,0,0,0,0,0,0,0,0,0,0,0.141004753609498,0,0,0,0
0.158884407752439,0,0.15207778138143,0,0.157496007556996,0,0,0,0,0,0,0,0,0,0.162678788387284,0,0.202921064532533,0,0.173055840656161,0,0,0,0,0,0.185645386576653,0,0,0,0,0,0,0,0,0,0,0,0,0,0.24839488008163,0,0.193723157048225,0,0.192940408757755,0,0,0,0,0,0.159004746004939,0,0.162496625735665,0,0,0,0.180340397628348,0,0,0,0,0,0.157058518041264,0,0,0,0,0,0,0.196322329342365,0,0,0,0,0,0,0,0,0,0,0,0,0.269752770662308,0.218416698548916,0.17466125536159,0.209486420507784,0.160563913093119,0,0.16561596095562
0.293722689151764,0.135006569473169,0,0.129344509035198,0,0.142411275883205,0,0,0,0,0,0,0,0,0,0.153680163303788,0.157143417000771,0.167316719562861,0.172725763916969,0,0,0,0,0.165202647999481,0,0.173619940876961,0,0,0,0,0,0,0,0,0,0,0,0.237261600472444,0,0.24845177680254,0,0.178137214717112,0,0,0,0.190567493438721,0,0,0.286818563938141,0.17131352845531,0,0.168291728724452,0,0,0,0.196046604881497,0,0.217691689729691,0,0,0,0.178462513637814,0,0,0,0,0.245682468016942,0,0,0,0,0,0.252882093191147,0,0,0,0,0,0.281304478645325,0,0.210490856495538,0,0.15797353550889,0,0.151500127088707,0,0
0,0,0,0,0,0,0,0,0,0,0,0,0.142019112216862,0,0,0,0,0,0,0,0.142029746974769,0,0,0,0,0,0,0,0.125470644371076,0,0,0,0,0,0,0,0.127266034522514,0,0.153671518440294,0,0,0,0,0,0,0,0,0,0,0,0,0,0,0,0,0,0.180124053593947,0,0.161895001963746,0,0,0,0,0.166474119460179,0,0,0,0,0,0,0,0,0,0.169227473876056,0,0,0,0,0,0.131545293578354,0,0.159470998495817,0.14435874051575,0.145227987302143,0,0,0
0,0,0,0,0,0,0,0.157908577810634,0,0,0,0,0,0.127823649396684,0,0,0,0,0,0.143242032534673,0,0,0,0,0,0,0,0.131671458044473,0,0.138308746990428,0,0,0,0,0,0.157209711816551,0,0.156883931093201,0,0,0,0,0,0,0,0,0,0,0,0,0,0,0,0.146999486659964,0,0,0,0.151315066155634,0,0.124535020892367,0,0,0.134524091177383,0,0,0,0,0,0,0,0,0,0.13609614830862,0,0,0,0,0,0.162915481484821,0,0.171739324204307,0,0.151290369842072,0.122626844793558,0.195525832474232,0,0
0,0,0,0,0.154668793082237,0,0,0,0,0,0.142019112216862,0,0,0,0.137368462188807,0,0,0,0,0,0,0,0,0,0,0,0.122740913182497,0,0.128790157536666,0,0,0,0,0,0,0,0,0,0,0,0,0,0,0,0,0,0,0,0,0,0.154045581817627,0,0,0,0,0,0.139610803490014,0,0.159614469710613,0,0.146880822877089,0,0,0,0,0,0,0,0,0,0,0,0,0,0,0,0,0,0,0,0,0,0.150811061178177,0.1587602193656,0,0,0
0,0,0,0,0,0,0,0.127870137301775,0,0,0,0.127823649396684,0,0,0,0.166324062689916,0,0,0,0,0,0,0,0,0,0,0,0.148092237385837,0,0,0,0,0,0,0,0,0,0,0,0,0,0,0,0,0,0,0,0,0,0,0,0,0,0,0,0,0,0.138812415504261,0,0.16096897333918,0,0.16503199929521,0,0,0,0,0,0,0,0,0,0,0,0,0,0,0,0,0,0,0,0,0.147611587411828,0.155367383585563,0,0,0
0,0,0,0,0,0,0,0,0.162678788387284,0,0,0,0.137368462188807,0,0,0,0.187540858983994,0,0,0,0,0,0,0,0,0,0,0,0,0,0,0,0,0,0,0,0,0,0,0,0,0,0,0,0,0,0,0,0,0,0.172283306717873,0,0,0,0,0,0,0,0.154930432241511,0,0.174535605377867,0,0,0,0,0,0,0,0,0,0,0,0,0,0,0,0,0,0,0,0,0,0.170596037221991,0.207090074155066,0,0,0
0,0,0,0,0,0.162574772412578,0,0,0,0.153680163303788,0,0,0,0.166324062689916,0,0,0,0.117457040548325,0,0,0,0,0,0,0,0,0,0,0,0,0,0,0,0,0,0,0,0,0,0,0,0,0,0,0,0,0,0,0,0,0,0.167901806533337,0,0,0,0.164973561962446,0,0,0,0.179884668439627,0,0.174928629230107,0,0,0,0,0,0,0,0,0,0,0,0,0,0,0,0,0,0,0,0,0.141946126768986,0.309452258337003,0,0,0
0.306872338056564,0,0.27346083521843,0.273279011249542,0,0,0,0,0.202921064532533,0.157143417000771,0,0,0,0,0.187540858983994,0,0,0.166912356159255,0.286739335689619,0,0,0.148385155118174,0.150060327360465,0,0.165576131793402,0.158608852752617,0.141868470191776,0,0,0,0,0,0,0,0,0,0.32152778506279,0,0,0.298304344216983,0.299137851862765,0.254630385835965,0.253712112366442,0,0,0.292717080563307,0.288857510969752,0,0.245502606034279,0.273527532815933,0,0,0,0,0.124247912317514,0,0,0,0,0,0.139457336880944,0,0.300211220979691,0.286285919033819,0,0.117910478264093,0,0.275558412075043,0.183979844053586,0.149755081455959,0,0,0.264536842703819,0,0,0,0,0,0.347706493763429,0.329309217631817,0.33883101567626,0.302492208778858,0.188575567433719,0.136692703059264,0.287693635169559,0,0.272664656693285
0.313948214054108,0,0,0,0,0,0,0,0,0.167316719562861,0,0,0,0,0,0.117457040548325,0.166912356159255,0,0.309751042649702,0,0,0.135417460610992,0.25603574514389,0.176924723657695,0.18173039923696,0.135226507186678,0.155904929836591,0.119462305307388,0,0,0,0,0,0,0,0.340850070118904,0.345125406980515,0,0,0.305228235500474,0.32181781743254,0.256555934223013,0.25971294939518,0,0,0.291358721575567,0.298439525506076,0,0,0.332729141627039,0,0.246456146240234,0,0,0,0.159439586102962,0,0,0,0,0.149566531181335,0.127861184378465,0.259535729885101,0.271203300782612,0.157327905297279,0,0.15568279226621,0,0.159828505927214,0.166355354630429,0,0,0.30085181593895,0,0,0,0,0,0.337797797167743,0.331228719429767,0.339397962735249,0.314448738640005,0.183254071380878,0.185851871619709,0.2962856507231,0.271300891414285,0.223293915390968
0.408070597797632,0.352027378584209,0.230077728629112,0.264030762016773,0,0,0,0,0.173055840656161,0.172725763916969,0,0,0,0,0,0,0.286739335689619,0.309751042649702,0,0,0,0.223748492697875,0.249980931480726,0,0.231109223432011,0.257532507802049,0.215787444263697,0,0,0,0,0,0,0,0,0.36317952722311,0.36343111971329,0,0,0.325121512441016,0.318699672615171,0.235631422229009,0.213001665391934,0.481232280009671,0.435024529695511,0.31493915507087,0.306734121800248,0,0.230334654450417,0.277821180912165,0,0,0,0,0.169746391475201,0.152046352624893,0,0.384359410405159,0,0.242610327899456,0,0.249920137226582,0.2950147655995,0.301640658033273,0,0,0,0.153943349421024,0.275363385677338,0.213491813341777,0,0,0.360334468804873,0,0,0,0,0,0.39072364664778,0.37743409305559,0.391048879938967,0.310519932470624,0.22989066346824,0,0.322759361855126,0.235897945645063,0.209886542863125
0,0,0,0.183296033740044,0,0.221571855786918,0,0,0,0,0,0.143242032534673,0,0,0,0,0,0,0,0,0,0,0,0,0,0,0,0,0,0,0,0,0,0,0,0.159463002859945,0,0.163470117791185,0,0,0,0,0,0,0,0.203675717115402,0,0,0,0,0,0.193243299921354,0,0,0,0,0,0.218218773603439,0,0,0,0,0.164971025880703,0,0,0,0,0,0,0,0,0,0,0,0,0,0,0,0.180897297890491,0,0.18452480080036,0,0.162100198274513,0,0.236026204911107,0,0
0,0,0,0,0.202616895676828,0,0,0,0,0,0.142029746974769,0,0,0,0,0,0,0,0,0,0,0,0,0,0,0,0,0,0,0,0,0,0,0,0,0,0.145569779552431,0,0.140999516378698,0,0.238484725356102,0,0,0,0,0,0.373639217444829,0,0,0,0.189480742916989,0,0,0,0,0,0.173867765557389,0,0,0,0,0,0,0.211487801540659,0,0,0,0,0,0,0,0,0,0,0,0,0,0,0,0.178018589892114,0,0.210722369584332,0.143685081952743,0,0.238723661060686,0,0
0,0,0,0,0,0,0,0,0,0,0,0,0,0,0,0,0.148385155118174,0.135417460610992,0.223748492697875,0,0,0,0.0878217061142997,0.168747394004973,0,0.135128108103101,0,0.126686300372794,0,0,0,0,0,0.397561952471733,0,0,0,0.244626224056253,0.099187951109239,0,0,0,0.423962503671646,0,0,0,0,0.422019943594933,0.402711225880517,0.259391180183797,0,0,0,0,0,0,0,0,0,0,0,0,0,0,0.163558619357731,0.0867346305140229,0.187614821148722,0,0.14312943816185,0,0.129478613107369,0,0,0,0,0,0,0,0,0,0.193020923493,0,0.110549052497489,0.120523656815735,0.248506610295666,0,0
0,0,0,0,0,0,0,0,0,0,0,0,0,0,0,0,0.150060327360465,0.25603574514389,0.249980931480726,0,0,0.0878217061142997,0,0,0.14706162593017,0,0.144859767416654,0,0.134640915417357,0,0,0,0,0,0,0,0,0,0.235351433924266,0,0,0,0,0,0,0,0,0,0.323611035943031,0.367997974157333,0,0,0,0,0,0,0,0,0,0,0,0,0,0,0.122980908107232,0.157772759998203,0,0.147058306527989,0,0.157811226323247,0,0.142523950491196,0,0,0,0,0,0,0,0,0,0.192606525674547,0.130891844733245,0.197174314409494,0.175911262631416,0,0
0,0,0,0,0,0,0,0,0,0.165202647999481,0,0,0,0,0,0,0,0.176924723657695,0,0,0,0.168747394004973,0,0,0,0.156364738311566,0,0,0,0,0,0,0,0,0,0,0,0.159174852314702,0,0,0,0.207996889948845,0,0,0,0,0,0,0,0.152609474358282,0,0,0,0,0,0.132897973060608,0,0,0,0,0,0,0,0,0.190388118348471,0,0.170091320144532,0,0.159171633422375,0,0,0,0,0,0,0,0,0,0,0,0.205185507833958,0,0.146322656655684,0,0.321123498835062,0,0
0,0,0,0,0,0,0,0,0.185645386576653,0,0,0,0,0,0,0,0.165576131793402,0.18173039923696,0.231109223432011,0,0,0,0.14706162593017,0,0,0,0.153235057040172,0,0,0,0,0,0,0,0,0,0,0,0.129112848353957,0.360960423946381,0,0,0.2538121342659,0,0,0,0,0,0.185246536836905,0,0,0,0,0,0,0,0,0,0,0,0,0,0,0,0,0.154110651995455,0,0.145887466748,0,0.143466805962667,0,0,0,0,0,0,0,0,0,0,0,0.179147254381525,0.155256803640548,0,0.313562949001789,0,0
0,0,0,0,0,0,0,0,0,0.173619940876961,0,0,0,0,0,0,0.158608852752617,0.135226507186678,0.257532507802049,0,0,0.135128108103101,0,0.156364738311566,0,0,0,0.146041959524155,0,0,0,0,0,0,0,0,0,0,0,0,0,0,0,0,0,0,0,0,0,0,0,0,0,0,0,0,0,0,0,0,0,0,0,0,0.130219105165452,0,0.163773563797357,0,0.142869202420115,0,0,0,0,0,0,0,0,0,0.339092165231705,0.358323484659195,0,0,0.14864990154123,0,0,0,0
0,0,0,0,0,0,0,0,0,0,0,0,0.122740913182497,0,0,0,0.141868470191776,0.155904929836591,0.215787444263697,0,0,0,0.144859767416654,0,0.153235057040172,0,0,0,0.124707150907404,0,0,0,0,0,0,0,0,0,0,0,0,0,0,0,0,0,0,0,0,0,0,0,0,0,0,0,0,0,0,0,0,0,0,0,0,0.142814960184635,0,0.14762877110097,0,0.149413021725993,0,0.149020136078024,0,0,0,0,0,0,0,0,0,0,0.133746025229834,0,0.290818810462952,0,0
0,0,0,0,0,0,0,0,0,0,0,0.131671458044473,0,0.148092237385837,0,0,0,0.119462305307388,0,0,0,0.126686300372794,0,0,0,0.146041959524155,0,0,0,0.132003603904855,0,0,0,0,0,0,0,0,0,0,0,0,0,0,0,0,0,0,0,0,0,0,0,0,0,0,0,0.133544408085972,0,0.154021056235447,0,0,0,0,0.146894100599173,0,0,0,0.156291813403368,0,0.151029560198361,0,0.132829731630702,0,0,0,0,0,0,0,0.138025462627411,0,0.154020437236988,0.176227420568466,0,0,0
0,0,0,0,0,0,0,0,0,0,0.125470644371076,0,0.128790157536666,0,0,0,0,0,0,0,0,0,0.134640915417357,0,0,0,0.124707150907404,0,0,0,0.146142041785182,0,0,0,0,0,0,0,0.130628445400642,0,0,0,0,0,0,0,0,0,0,0,0,0,0,0,0,0,0.131931983326611,0,0.12463179603219,0,0,0,0,0,0,0.134841407637998,0,0,0,0.153486482799053,0,0.151757815194349,0,0.128118503093719,0,0,0,0,0,0,0,0.121634528390132,0.131452459205941,0.141040804746904,0,0,0
0,0,0,0,0,0,0,0,0,0,0,0.138308746990428,0,0,0,0,0,0,0,0,0,0,0,0,0,0,0,0.132003603904855,0,0,0,0,0,0,0,0,0,0.161709311243036,0,0,0,0,0,0,0,0,0,0,0,0,0,0,0,0,0,0,0,0.144049820074308,0,0,0,0,0,0,0,0,0,0,0,0,0.126065147451208,0,0.158201217772581,0,0,0,0,0,0,0,0.157292583682498,0,0.142183721065521,0,0,0,0
0,0,0,0,0,0,0,0,0,0,0,0,0,0,0,0,0,0,0,0,0,0,0,0,0,0,0,0,0.146142041785182,0,0,0,0,0,0,0,0,0,0.139654505659233,0,0,0,0,0,0,0,0,0,0,0,0,0,0,0,0,0,0.164264684158658,0,0,0,0,0,0,0,0,0,0,0,0,0,0,0.138496190741442,0,0.133716105222702,0,0,0,0,0,0,0,0.147384475072225,0.123886948212599,0.134615881521194,0,0,0
0,0,0,0,0,0,0,0,0,0,0,0,0,0,0,0,0,0,0,0,0,0,0,0,0,0,0,0,0,0,0,0,0.147810799961394,0.261951736041478,0.163182098580443,0.171617154831901,0,0,0,0,0,0,0,0,0,0,0,0.260849250811283,0.307232514023781,0.336158613363902,0,0,0,0,0,0,0,0,0,0,0,0,0,0,0,0,0,0,0,0,0,0,0,0,0.207790776794438,0.132102353505587,0.303788705783732,0.176175154248873,0.166398162090161,0.35383166372776,0,0,0.149997215376096,0,0,0,0
0,0,0,0,0,0,0,0,0,0,0,0,0,0,0,0,0,0,0,0,0,0,0,0,0,0,0,0,0,0,0,0.147810799961394,0,0.150643860300382,0.291525556564331,0,0.142757523879909,0,0,0,0,0,0,0,0,0,0,0.350563297880678,0.427088230848312,0,0,0,0,0,0,0,0,0,0,0,0,0,0,0,0,0,0,0,0,0,0,0,0,0,0.181828871798172,0.205015539923029,0.281745493412018,0.177187265710788,0,0.177882847928368,0,0,0.228937063068151,0,0,0,0
0.385142058134079,0,0,0,0,0,0,0,0,0,0,0,0,0,0,0,0,0,0,0,0,0.397561952471733,0,0,0,0,0,0,0,0,0,0.261951736041478,0.150643860300382,0,0.161449535813109,0.164171065874079,0,0.244086933561734,0.155322826239798,0,0,0.43798154592514,0,0,0,0,0,0.326151461916616,0.409310505038402,0.393937787184348,0,0,0,0,0,0,0,0,0,0,0,0,0,0,0,0,0,0,0,0,0,0,0,0,0.343382830658685,0,0.192699019207788,0.169101271267031,0.176568990625158,0,0.262809485429061,0.133973697559539,0.326314142769546,0.197092862969095,0.484763860702515,0,0
0,0,0,0,0,0,0,0,0,0,0,0,0,0,0,0,0,0,0,0,0,0,0,0,0,0,0,0,0,0,0,0.163182098580443,0.291525556564331,0.161449535813109,0,0,0.168431343152951,0.1312029906859,0.168085637000891,0,0,0,0,0,0,0,0,0.293119882628164,0.373450551714216,0.398580942835127,0,0,0,0,0,0,0,0,0,0,0,0,0,0,0,0,0,0,0,0,0,0,0,0,0.214333444833755,0.191058646887541,0.184018971796434,0.185416663303738,0.321720540523529,0.176220262468879,0.198592588305473,0.169664977143889,0.201302872801369,0,0.398147597908974,0,0
0,0,0,0.20232030943684,0,0.185326736420393,0,0,0,0,0,0.157209711816551,0,0,0,0,0,0.340850070118904,0.36317952722311,0.159463002859945,0,0,0,0,0,0,0,0,0,0,0,0.171617154831901,0,0.164171065874079,0,0,0.134961632055205,0.177690715179194,0,0.315714369927134,0,0.252485424280167,0,0,0,0.184501313158999,0,0.300294274091721,0.276094136635462,0.245831157184309,0,0.202886225147681,0,0,0,0,0,0.188895502915749,0,0.214752068122228,0,0.199385613203049,0.163347982366328,0,0,0,0,0,0,0,0,0,0.265163451433182,0,0.176557255752759,0,0.161703986669781,0,0.196309601192114,0.124592926117438,0.201658959276135,0,0.160314129017214,0,0.232511754426579,0,0
0,0,0.229470066726208,0.223913863301277,0.174693793058395,0.229267224669456,0,0,0,0,0.127266034522514,0,0,0,0,0,0.32152778506279,0.345125406980515,0.36343111971329,0,0.145569779552431,0,0,0,0,0,0,0,0,0,0,0,0.142757523879909,0,0.168431343152951,0.134961632055205,0,0,0.154029191624454,0.247282430529594,0.194090410911789,0,0.302329677911032,0,0,0,0.179165089948916,0.304354877426074,0.256495944674938,0.240000406901042,0,0,0,0,0,0,0.123741203058728,0,0,0,0,0,0,0.179939083869641,0,0,0,0,0,0,0,0,0.267823904752731,0,0,0.169511389185691,0,0.173455112142327,0.126716006133291,0.195550972538321,0,0.159500422362658,0.14922609391086,0,0.2149569811285,0,0
0.443310886621475,0.151543959975243,0,0,0,0,0,0,0,0.237261600472444,0,0.156883931093201,0,0,0,0,0,0,0,0.163470117791185,0,0.244626224056253,0,0.159174852314702,0,0,0,0,0,0.161709311243036,0,0,0,0.244086933561734,0.1312029906859,0.177690715179194,0,0,0.125341325625777,0,0,0.181252019909712,0.425385266542435,0,0,0,0,0.483821215789493,0.458038676243562,0.324496444564403,0,0,0,0,0,0.309310614026111,0,0.153300031346282,0,0,0,0,0.185200189416473,0,0.252767662838346,0,0.271015498757985,0,0,0,0.184144338592887,0,0.154077503438059,0,0,0,0.209873457603595,0.110816240310669,0.177341039870342,0,0.187839905919308,0.139018701883603,0.164516939338063,0.196494789980352,0.253819067074972,0,0
0,0,0,0,0,0,0,0,0.24839488008163,0,0.153671518440294,0,0,0,0,0,0,0,0,0,0.140999516378698,0.099187951109239,0.235351433924266,0,0.129112848353957,0,0,0,0.130628445400642,0,0.139654505659233,0,0,0.155322826239798,0.168085637000891,0,0.154029191624454,0.125341325625777,0,0,0,0.346070110797882,0.209191250991314,0,0,0,0.363422874893461,0.251034399867058,0.307056478907665,0.353874512513479,0,0,0,0,0.284760684310961,0,0.173448608518621,0,0,0,0,0,0,0.229095706603292,0.08677063030856,0.33571767927352,0,0.324206649848237,0,0,0,0,0,0.154229671639555,0,0,0.17677144067628,0.139342012008031,0,0.196252386462741,0.181533725611095,0.181701639733458,0.150404330182569,0.142716202824827,0.287277597102147,0,0
0,0.380008264631033,0,0.244510384459122,0,0.225301225980123,0,0,0,0.24845177680254,0,0,0,0,0,0,0.298304344216983,0.305228235500474,0.325121512441016,0,0,0,0,0,0.360960423946381,0,0,0,0,0,0,0,0,0,0,0.315714369927134,0.247282430529594,0,0,0,0.341994255781174,0.288540287896155,0.246731207558983,0.391539635566565,0,0.301659999117696,0.273327246308327,0.272066280245781,0.258316487073898,0.205282713438848,0,0.218816376649416,0,0,0,0.212855982780457,0,0.248011076450348,0,0.225683956344922,0,0.220800171047449,0.201086244939102,0.277082949876785,0,0,0,0,0,0,0.2699935734272,0,0.278504699468613,0,0,0,0,0,0.236305695231357,0.320415923992793,0.291909185200255,0.335875302553177,0.294259533181891,0,0.286306210488176,0.296402694547878,0
0.442937066157659,0,0.243357586363951,0,0,0,0,0,0.193723157048225,0,0,0,0,0,0,0,0.299137851862765,0.32181781743254,0.318699672615171,0,0.238484725356102,0,0,0,0,0,0,0,0,0,0,0,0,0,0,0,0.194090410911789,0,0,0.341994255781174,0,0.22820620238781,0.263381329525238,0,0,0.329696387052536,0.299181860162441,0.27677808329463,0.188325280556455,0,0,0,0,0,0.219367644190788,0,0,0,0,0,0,0,0,0.260977699127116,0,0,0,0,0,0,0,0,0,0.264488866552711,0,0,0,0,0.311176061630249,0.241634158625092,0,0.244530338860516,0.299650638920369,0,0.3027108459915,0,0.331677767492476
0,0.293777473923561,0,0.252535866296038,0,0.225467880566915,0,0,0,0.178137214717112,0,0,0,0,0,0,0.254630385835965,0.256555934223013,0.235631422229009,0,0,0,0,0.207996889948845,0,0,0,0,0,0,0,0,0,0.43798154592514,0,0.252485424280167,0,0.181252019909712,0.346070110797882,0.288540287896155,0.22820620238781,0,0.249605464348831,0.233852277696133,0,0.261972027746114,0,0.439883718887965,0.386522907252405,0.326676680556441,0,0.233661212523778,0,0,0,0.256647527895191,0,0.317978130023282,0,0.251067525574139,0,0.239493421637095,0.298743792653084,0,0,0,0.215205624699593,0,0,0,0.296572482585907,0,0.293870814536747,0,0,0,0,0,0.2936061069524,0.3379185795784,0.319198721814901,0.273436665534973,0.272862330088023,0,0.303545194715961,0.282315577304625,0
0.276362411970924,0.31172755245979,0.248138451576233,0.238609129190445,0.258253306150436,0,0,0,0.192940408757755,0,0,0,0,0,0,0,0.253712112366442,0.25971294939518,0.213001665391934,0,0,0.423962503671646,0,0,0.2538121342659,0,0,0,0,0,0,0,0,0,0,0,0.302329677911032,0.425385266542435,0.209191250991314,0.246731207558983,0.263381329525238,0.249605464348831,0,0.227527089416981,0.222955668965975,0.288391396403313,0.238825486394716,0.449242509463254,0.320783813002295,0.35022530366074,0.227741882205009,0,0,0,0.223786816978064,0,0.37572741985321,0.238119214773178,0,0,0,0,0,0.264383852335752,0,0,0,0,0,0,0,0,0.279793411493301,0.302607834339142,0,0,0.457536637783051,0,0.290711500722429,0.300361353529166,0.375380386647425,0.281964350638427,0.245336179650976,0,0.257278104410121,0.284956812858582,0.198845480086764
0,0,0,0,0,0,0,0,0,0,0,0,0,0,0,0,0,0,0.481232280009671,0,0,0,0,0,0,0,0,0,0,0,0,0,0,0,0,0,0,0,0,0.391539635566565,0,0.233852277696133,0.227527089416981,0,0,0,0,0,0,0.281256973743439,0,0,0,0,0,0,0,0,0,0,0,0,0,0,0,0,0,0,0,0,0.344947338104248,0,0.423581729332606,0,0,0,0,0,0.460750216245651,0,0.495525015251977,0,0.262699986497561,0,0.402360949044426,0,0
0,0,0,0,0,0,0,0,0,0,0,0,0,0,0,0,0,0,0.435024529695511,0,0,0,0,0,0,0,0,0,0,0,0,0,0,0,0,0,0,0,0,0,0,0,0.222955668965975,0,0,0,0,0,0,0,0,0,0,0,0,0,0,0,0,0,0,0,0,0.257117539644241,0,0,0,0,0,0,0,0,0,0,0,0,0,0,0,0,0,0,0.230547840396563,0,0.258045166730881,0,0
0,0.349667556583881,0,0.21476540962855,0,0.197998076677322,0,0,0,0.190567493438721,0,0,0,0,0,0,0.292717080563307,0.291358721575567,0.31493915507087,0.203675717115402,0,0,0,0,0,0,0,0,0,0,0,0,0,0,0,0.184501313158999,0,0,0,0.301659999117696,0.329696387052536,0.261972027746114,0.288391396403313,0,0,0,0,0.23110930994153,0.246245972812176,0.232580294663256,0,0.180940836668015,0,0,0,0.171698614954948,0,0.339098450541496,0,0.204395242035389,0,0.206723002096017,0.221178263256404,0,0,0,0,0,0,0,0,0,0.345822535455227,0,0,0,0,0,0.320366957195741,0.32749280333519,0.409200850270482,0,0.315239090426469,0,0.275426939518837,0.244300618767738,0
0.413495631778941,0,0.201264386496893,0,0,0,0,0,0,0,0,0,0,0,0,0,0.288857510969752,0.298439525506076,0.306734121800248,0,0.373639217444829,0,0,0,0,0,0,0,0,0,0,0,0,0,0,0,0.179165089948916,0,0.363422874893461,0.273327246308327,0.299181860162441,0,0.238825486394716,0,0,0,0,0.2490277638038,0.222770089536537,0.270557463169098,0,0,0,0,0.209914469293186,0,0,0,0.164884626865387,0,0,0,0,0.248007477419808,0,0,0,0,0,0,0,0,0,0,0,0,0,0,0.322026252746582,0.343856535199003,0,0.386591140917465,0.357787944159724,0,0.244567246215415,0,0.222280780119555
0.379017889499664,0.378234945237637,0.25596609711647,0.251707379113544,0,0.243667647242546,0,0,0,0,0,0,0,0,0,0,0,0,0,0,0,0.422019943594933,0,0,0,0,0,0,0,0,0,0.260849250811283,0.350563297880678,0.326151461916616,0.293119882628164,0.300294274091721,0.304354877426074,0.483821215789493,0.251034399867058,0.272066280245781,0.27677808329463,0.439883718887965,0.449242509463254,0,0,0.23110930994153,0.2490277638038,0,0.450655989568454,0.42859585114065,0,0.246974371373653,0,0,0.229750856757164,0,0,0.235730335116386,0,0.241287101060152,0,0.24995331466198,0,0,0,0,0,0,0,0,0,0,0.275884797175725,0,0.362704617531808,0.308131151264922,0.339160081557422,0.191813078551133,0.329245957744169,0.368842310647466,0.407904871341623,0.327061712327931,0.483256407536958,0,0.429907993688757,0,0
0.19505327569772,0.324063164492448,0.189971417421475,0.254799323422568,0,0,0,0,0.159004746004939,0.286818563938141,0,0,0,0,0,0,0.245502606034279,0,0.230334654450417,0,0,0.402711225880517,0.323611035943031,0,0.185246536836905,0,0,0,0,0,0,0.307232514023781,0.427088230848312,0.409310505038402,0.373450551714216,0.276094136635462,0.256495944674938,0.458038676243562,0.307056478907665,0.258316487073898,0.188325280556455,0.386522907252405,0.320783813002295,0,0,0.246245972812176,0.222770089536537,0.450655989568454,0,0.379552379727932,0.234503909945488,0.293401539325714,0,0,0.165136919260539,0,0.257825627608198,0.274451613426208,0.266073548722835,0.254689574241638,0.265600387725914,0.273854807019234,0,0.244943341328984,0.332426339387894,0.253967218480755,0,0.252836785651743,0,0.310420477945431,0,0.244328292489455,0.32393179833889,0,0.362783496081829,0.424772111808552,0.38015751506007,0,0.312873485187689,0.292481912587513,0.419119763728146,0.302176213200993,0.412527401486938,0,0.317218369197734,0.373726654797792,0.365218450243656
0.362831092543072,0.190912586960423,0,0.219290588033256,0,0.216534198572238,0,0,0,0.17131352845531,0,0,0,0,0,0,0.273527532815933,0.332729141627039,0.277821180912165,0,0,0.259391180183797,0.367997974157333,0.152609474358282,0,0,0,0,0,0,0,0.336158613363902,0,0.393937787184348,0.398580942835127,0.245831157184309,0.240000406901042,0.324496444564403,0.353874512513479,0.205282713438848,0,0.326676680556441,0.35022530366074,0.281256973743439,0,0.232580294663256,0.270557463169098,0.42859585114065,0.379552379727932,0,0,0.227229178403363,0,0,0,0.169058957994965,0,0.312139274073828,0,0.287413771237646,0,0.22018432997021,0.306170411407948,0.280284017324448,0.255869892248712,0.418098360300064,0.247529705797654,0,0.247969130674998,0,0.255234605907384,0,0.251926891091797,0,0.366163670252531,0,0.370177851596349,0,0.24716503236975,0.330147150490019,0.286895053235944,0.362036797507056,0.392571797647144,0,0.281781666465332,0.363180631628403,0.404362767934799
0,0,0.191317049993409,0,0.142555276444182,0,0,0,0.162496625735665,0,0,0,0.154045581817627,0,0.172283306717873,0,0,0,0,0,0.189480742916989,0,0,0,0,0,0,0,0,0,0,0,0,0,0,0,0,0,0,0,0,0,0.227741882205009,0,0,0,0,0,0.234503909945488,0,0,0,0,0,0.194299772381783,0,0,0,0.197266732652982,0,0.152147077023983,0,0,0.185651406645775,0,0,0,0,0,0,0,0,0,0,0,0,0,0,0,0,0,0,0.128065520276626,0,0.21032118670783,0,0
0,0,0,0.191785513237119,0,0.165565918332764,0,0.156215697526932,0,0.168291728724452,0,0,0,0,0,0.167901806533337,0,0.246456146240234,0,0.193243299921354,0,0,0,0,0,0,0,0,0,0,0,0,0,0,0,0.202886225147681,0,0,0,0.218816376649416,0,0.233661212523778,0,0,0,0.180940836668015,0,0.246974371373653,0.293401539325714,0.227229178403363,0,0,0,0,0,0,0,0.237278833985329,0,0.192441231012344,0,0.192868240347736,0,0,0,0,0,0,0,0,0.267072081565857,0,0.251836940646172,0,0,0,0,0,0.201865373179317,0.246653199195862,0.341339588165283,0,0.202320894979416,0,0.220908907485438,0,0
0,0,0,0,0,0,0.161132986481125,0,0,0,0,0,0,0,0,0,0,0,0,0,0,0,0,0,0,0,0,0,0,0,0,0,0,0,0,0,0,0,0,0,0,0,0,0,0,0,0,0,0,0,0,0,0,0,0,0,0,0,0,0,0,0,0,0,0,0,0,0,0,0,0,0,0,0,0,0,0,0,0,0,0,0,0.117264553904533,0,0,0,0
0,0,0,0,0,0,0,0,0,0,0,0.146999486659964,0,0,0,0,0,0,0,0,0,0,0,0,0,0,0,0,0,0,0,0,0,0,0,0,0,0,0,0,0,0,0,0,0,0,0,0,0,0,0,0,0,0,0,0,0,0.168054178357124,0,0,0,0,0,0,0,0,0,0,0,0,0,0,0,0,0,0,0,0,0,0,0,0,0,0,0,0,0
0.179092766671239,0,0.157223629206419,0,0.15315415976303,0,0,0,0.180340397628348,0,0,0,0,0,0,0,0.124247912317514,0,0.169746391475201,0,0,0,0,0,0,0,0,0,0,0,0,0,0,0,0,0,0,0,0.284760684310961,0,0.219367644190788,0,0.223786816978064,0,0,0,0.209914469293186,0.229750856757164,0.165136919260539,0,0.194299772381783,0,0,0,0,0,0.148378953337669,0,0.144808737561107,0,0.176066468217794,0,0,0.253699854016304,0,0,0,0.200875086141077,0,0,0,0,0,0,0,0,0,0,0,0.255118511617184,0,0.243992252169915,0.159925552069122,0.193149554729462,0.193776373731766,0,0
0,0.193891854503339,0,0.160943172773679,0,0.13141926502188,0,0,0,0.196046604881497,0,0,0,0,0,0.164973561962446,0,0.159439586102962,0.152046352624893,0,0,0,0,0.132897973060608,0,0,0,0,0,0,0,0,0,0,0,0,0,0.309310614026111,0,0.212855982780457,0,0.256647527895191,0,0,0,0.171698614954948,0,0,0,0.169058957994965,0,0,0,0,0,0,0,0,0,0,0,0.184600236825645,0,0,0,0,0.230290770288799,0,0,0,0,0,0.273895189166069,0,0,0,0,0,0.316418558359146,0,0.297940808993119,0,0.171413961193324,0,0.193238800399414,0,0
0,0,0.208428014012483,0,0,0,0.138530620319002,0,0,0,0.180124053593947,0,0.139610803490014,0,0,0,0,0,0,0,0.173867765557389,0,0,0,0,0,0,0,0.131931983326611,0,0.164264684158658,0,0,0,0,0,0.123741203058728,0,0.173448608518621,0,0,0,0.37572741985321,0,0,0,0,0,0.257825627608198,0,0,0,0,0,0.148378953337669,0,0,0,0.241154831120834,0,0.277649302184582,0,0,0.216386403477312,0,0,0,0,0,0.258827775716782,0,0.29270479719863,0,0.3335612647569,0,0,0,0,0,0.131240164703232,0,0.173736991678796,0.156119075234441,0.144340039654212,0.30110490344075,0,0
0,0.235306757000776,0,0.207234703418281,0,0,0,0.165995667962467,0,0.217691689729691,0,0.151315066155634,0,0.138812415504261,0,0,0,0,0.384359410405159,0.218218773603439,0,0,0,0,0,0,0,0.133544408085972,0,0.144049820074308,0,0,0,0,0,0.188895502915749,0,0.153300031346282,0,0.248011076450348,0,0.317978130023282,0.238119214773178,0,0,0.339098450541496,0,0.235730335116386,0.274451613426208,0.312139274073828,0,0.237278833985329,0,0.168054178357124,0,0,0,0,0,0.349649545657685,0,0.229300236701965,0.334486398411098,0,0,0,0,0,0,0,0.353549630407776,0,0.357425004011857,0,0,0,0,0,0.247199992046637,0,0.28471791446209,0,0.15708096545367,0,0.313955033905787,0.3350703616937,0
0,0,0.192356086747591,0,0,0,0.183903099702937,0,0,0,0.161895001963746,0,0.159614469710613,0,0.154930432241511,0,0,0,0,0,0,0,0,0,0,0,0,0,0.12463179603219,0,0,0,0,0,0,0,0,0,0,0,0,0,0,0,0,0,0.164884626865387,0,0.266073548722835,0,0.197266732652982,0,0,0,0.144808737561107,0,0.241154831120834,0,0,0,0.227294344947023,0,0,0.201629310846329,0,0,0,0,0,0,0,0.258596829677883,0,0,0,0,0,0,0,0.254545032978058,0,0,0.159337727226389,0.151292533950603,0.245683283426545,0,0
0,0.195847390727563,0,0.20712737087365,0,0,0,0,0,0,0,0.124535020892367,0,0.16096897333918,0,0.179884668439627,0,0,0.242610327899456,0,0,0,0,0,0,0,0,0.154021056235447,0,0,0,0,0,0,0,0.214752068122228,0,0,0,0.225683956344922,0,0.251067525574139,0,0,0,0.204395242035389,0,0.241287101060152,0.254689574241638,0.287413771237646,0,0.192441231012344,0,0,0,0,0,0.349649545657685,0,0,0,0.200870135715648,0.316245773008892,0,0,0,0,0,0,0,0.173660450360992,0,0.265990406274796,0,0,0,0,0,0.244523285942919,0,0,0,0.170848708892806,0.155686724459988,0.261010607608727,0,0
0.179502333635869,0,0.162601828575134,0,0.153534634581095,0,0,0,0.157058518041264,0,0,0,0.146880822877089,0,0.174535605377867,0,0.139457336880944,0.149566531181335,0,0,0,0,0,0,0,0,0,0,0,0,0,0,0,0,0,0,0,0,0,0,0,0,0,0,0,0,0,0,0.265600387725914,0,0.152147077023983,0,0,0,0.176066468217794,0,0.277649302184582,0,0.227294344947023,0,0,0,0,0,0,0,0,0,0,0,0,0.259554515282313,0,0,0,0,0,0,0,0,0,0,0.166169615304571,0.169293928807706,0.330852943031411,0,0
0,0.197553359127293,0,0.202018833893244,0,0.180673338148905,0,0,0,0.178462513637814,0,0,0,0.16503199929521,0,0.174928629230107,0,0.127861184378465,0.249920137226582,0,0,0,0,0,0,0,0,0,0,0,0,0,0,0,0,0.199385613203049,0,0,0,0.220800171047449,0,0.239493421637095,0,0,0,0.206723002096017,0,0.24995331466198,0.273854807019234,0.22018432997021,0,0.192868240347736,0,0,0,0.184600236825645,0,0.229300236701965,0,0.200870135715648,0,0,0,0,0,0,0,0,0,0,0,0,0.274507795770963,0,0,0,0,0,0.233025570213795,0,0,0,0.19295792590897,0.401719425139683,0.210515587329865,0,0
0,0.313422963023186,0,0.204212620854378,0,0.244029239884445,0,0,0,0,0,0.134524091177383,0,0,0,0,0.300211220979691,0.259535729885101,0.2950147655995,0.164971025880703,0,0,0,0,0,0,0,0,0,0,0,0,0,0,0,0.163347982366328,0,0.185200189416473,0,0.201086244939102,0,0.298743792653084,0,0,0,0.221178263256404,0,0,0,0.306170411407948,0,0,0,0,0,0,0,0.334486398411098,0,0.316245773008892,0,0,0,0,0,0,0,0,0,0,0.34194484388127,0,0.384684327773858,0,0,0,0,0,0.267626520739266,0,0.319694929039136,0,0.173820211655564,0,0.270595945243598,0.376326054334641,0
0.355639746412635,0,0.223576555028558,0,0,0,0,0,0,0,0.166474119460179,0,0,0,0,0,0.286285919033819,0.271203300782612,0.301640658033273,0,0.211487801540659,0,0,0,0,0,0,0,0,0,0,0,0,0,0,0,0.179939083869641,0,0.229095706603292,0.277082949876785,0.260977699127116,0,0.264383852335752,0,0.257117539644241,0,0.248007477419808,0,0.244943341328984,0.280284017324448,0.185651406645775,0,0,0,0.253699854016304,0,0.216386403477312,0,0.201629310846329,0,0,0,0,0,0,0,0,0,0,0,0,0,0,0,0,0,0,0,0.322316080331802,0.312175002231743,0,0.363934628451042,0.279995735455715,0,0.278714276927532,0,0.238627086083094
0,0,0,0,0,0,0,0,0,0,0,0,0,0,0,0,0,0.157327905297279,0,0,0,0.163558619357731,0.122980908107232,0.190388118348471,0,0.130219105165452,0,0.146894100599173,0,0,0,0,0,0,0,0,0,0.252767662838346,0.08677063030856,0,0,0,0,0,0,0,0,0,0.332426339387894,0.255869892248712,0,0,0,0,0,0,0,0,0,0,0,0,0,0,0,0.0674943514168262,0.211646695566528,0,0.226319142241174,0,0.180153368774689,0,0,0,0,0,0,0,0,0,0.216056859280382,0,0.126563620027955,0.137545958161354,0.267850339412689,0,0
0,0,0,0,0,0,0,0,0,0,0,0,0,0,0,0,0.117910478264093,0,0,0,0,0.0867346305140229,0.157772759998203,0,0.154110651995455,0,0.142814960184635,0,0.134841407637998,0,0,0,0,0,0,0,0,0,0.33571767927352,0,0,0,0,0,0,0,0,0,0.253967218480755,0.418098360300064,0,0,0,0,0,0,0,0,0,0,0,0,0,0,0.0674943514168262,0,0,0.152326686307788,0,0.205538864319141,0,0.285206077872096,0,0,0,0,0,0,0,0,0,0.239760819791245,0.136933663689564,0,0.258563525146908,0,0
0,0.218953381059691,0,0,0,0,0,0,0,0.245682468016942,0,0,0,0,0,0,0,0.15568279226621,0,0,0,0.187614821148722,0,0.170091320144532,0,0.163773563797357,0,0,0,0,0,0,0,0,0,0,0,0.271015498757985,0,0,0,0.215205624699593,0,0,0,0,0,0,0,0.247529705797654,0,0,0,0,0,0.230290770288799,0,0,0,0,0,0,0,0,0.211646695566528,0,0,0,0.231544482180985,0,0,0,0,0,0,0,0,0,0,0,0.268652176653325,0,0.169988059896534,0,0.318028779431831,0,0
0.216444332439166,0,0,0,0,0,0,0,0.196322329342365,0,0,0,0,0,0,0,0.275558412075043,0,0.153943349421024,0,0,0,0.147058306527989,0,0.145887466748,0,0.14762877110097,0,0,0,0,0,0,0,0,0,0,0,0.324206649848237,0,0,0,0,0,0,0,0,0,0.252836785651743,0,0,0,0,0,0.200875086141077,0,0,0,0,0,0,0,0,0,0,0.152326686307788,0,0,0,0.168853649153159,0,0,0,0,0,0,0,0,0,0,0,0.267211780642832,0.135464855215766,0,0.322657933571195,0,0
0,0,0,0,0,0,0,0,0,0,0,0,0,0,0,0,0.183979844053586,0.159828505927214,0.275363385677338,0,0,0.14312943816185,0,0.159171633422375,0,0.142869202420115,0,0.156291813403368,0,0,0,0,0,0,0,0,0,0,0,0,0,0,0,0,0,0,0,0,0,0.247969130674998,0,0,0,0,0,0,0,0,0,0,0,0,0,0,0.226319142241174,0,0.231544482180985,0,0,0,0.20731156649104,0,0,0,0,0,0,0,0.324967116117477,0,0,0,0.142137513084467,0,0.195531795959215,0,0
0,0,0,0,0,0,0,0,0,0,0,0,0,0,0,0,0.149755081455959,0.166355354630429,0.213491813341777,0,0,0,0.157811226323247,0,0.143466805962667,0,0.149413021725993,0,0.153486482799053,0,0,0,0,0,0,0,0,0,0,0,0,0,0,0,0,0,0,0,0.310420477945431,0,0,0,0,0,0,0,0.258827775716782,0,0,0,0,0,0,0,0,0.205538864319141,0,0.168853649153159,0,0,0,0.291714740588385,0,0,0,0,0,0,0,0.343930572271347,0,0,0.152837917655706,0,0.277393110096455,0,0
0,0,0,0,0,0,0,0,0,0,0,0,0,0,0,0,0,0,0,0,0,0.129478613107369,0,0,0,0,0,0.151029560198361,0,0.126065147451208,0,0,0,0,0,0,0,0.184144338592887,0,0.2699935734272,0,0.296572482585907,0,0.344947338104248,0,0,0,0,0,0.255234605907384,0,0.267072081565857,0,0,0,0,0,0.353549630407776,0,0.173660450360992,0,0,0.34194484388127,0,0.180153368774689,0,0,0,0.20731156649104,0,0,0,0.278628100822498,0,0,0,0,0,0.37214070558548,0,0.209192460381576,0,0.1336655659335,0.153921373188496,0.358752877871882,0.317625224590302,0
0,0,0,0,0,0,0,0,0,0,0,0,0,0,0,0,0,0,0,0,0,0,0.142523950491196,0,0,0,0.149020136078024,0,0.151757815194349,0,0.138496190741442,0,0,0,0,0,0,0,0,0,0,0,0,0,0,0,0,0,0.244328292489455,0,0,0,0,0,0,0,0.29270479719863,0,0.258596829677883,0,0.259554515282313,0,0,0,0,0.285206077872096,0,0,0,0.291714740588385,0,0,0,0.33536053431176,0,0,0,0,0,0,0,0.187157020131324,0.143193969195049,0.142343373461203,0.324923608478882,0,0
0,0.274205654859543,0,0.28932049870491,0,0,0,0,0,0.252882093191147,0,0.13609614830862,0,0,0,0,0.264536842703819,0.30085181593895,0.360334468804873,0,0,0,0,0,0,0,0,0.132829731630702,0,0.158201217772581,0,0,0,0,0,0.265163451433182,0.267823904752731,0.154077503438059,0,0.278504699468613,0,0.293870814536747,0.279793411493301,0.423581729332606,0,0.345822535455227,0,0.275884797175725,0.32393179833889,0.251926891091797,0,0.251836940646172,0,0,0,0.273895189166069,0,0.357425004011857,0,0.265990406274796,0,0.274507795770963,0.384684327773858,0,0,0,0,0,0,0,0.278628100822498,0,0,0,0,0,0,0,0.296410000499557,0,0.237915166929346,0,0.274666138614217,0,0.352128203617975,0.307516084451761,0
0,0,0,0,0,0,0,0,0,0,0.169227473876056,0,0,0,0,0,0,0,0,0,0,0,0,0,0,0,0,0,0.128118503093719,0,0.133716105222702,0,0,0,0,0,0,0,0.154229671639555,0,0.264488866552711,0,0.302607834339142,0,0,0,0,0,0,0,0,0,0,0,0,0,0.3335612647569,0,0,0,0,0,0,0,0,0,0,0,0,0,0,0.33536053431176,0,0,0,0,0,0,0,0,0,0.200983887779589,0.138019436878143,0.138224304173932,0.321763961711627,0,0
0,0,0,0,0,0,0,0,0,0,0,0,0,0,0,0,0,0,0,0,0,0,0,0,0,0,0,0,0,0,0,0.207790776794438,0.181828871798172,0.343382830658685,0.214333444833755,0.176557255752759,0,0,0,0,0,0,0,0,0,0,0,0.362704617531808,0.362783496081829,0.366163670252531,0,0,0,0,0,0,0,0,0,0,0,0,0,0,0,0,0,0,0,0,0,0,0,0,0,0.144441866236074,0.373755458968155,0.166696035199695,0.19152685301704,0.367572784423828,0,0,0.226740132636494,0,0,0,0
0,0,0,0,0,0,0,0,0,0,0,0,0,0,0,0,0,0,0,0,0,0,0,0,0,0,0,0,0,0,0,0.132102353505587,0.205015539923029,0,0.191058646887541,0,0.169511389185691,0,0,0,0,0,0,0,0,0,0,0.308131151264922,0.424772111808552,0,0,0,0,0,0,0,0,0,0,0,0,0,0,0,0,0,0,0,0,0,0,0,0,0,0.144441866236074,0,0,0.173521562896926,0,0.23952924982419,0,0,0.210785738833539,0,0,0,0
0,0,0,0,0,0,0,0,0,0,0,0,0,0,0,0,0,0,0,0,0,0,0,0,0,0,0,0,0,0,0,0.303788705783732,0.281745493412018,0.192699019207788,0.184018971796434,0.161703986669781,0,0.209873457603595,0.17677144067628,0,0,0,0.457536637783051,0,0,0,0,0.339160081557422,0.38015751506007,0.370177851596349,0,0,0,0,0,0,0,0,0,0,0,0,0,0,0,0,0,0,0,0,0,0,0,0,0.373755458968155,0,0,0.16916490293601,0.2543196677122,0.368585258722305,0.235003809741837,0.145608493126929,0.194596794575585,0.202784405814277,0,0,0
0,0,0,0,0,0,0,0,0,0,0,0,0,0,0,0,0,0,0,0,0,0,0,0,0,0,0,0,0,0,0,0.176175154248873,0.177187265710788,0.169101271267031,0.185416663303738,0,0.173455112142327,0.110816240310669,0.139342012008031,0,0,0,0,0,0,0,0,0.191813078551133,0,0,0,0,0,0,0,0,0,0,0,0,0,0,0,0,0,0,0,0,0,0,0,0,0,0,0.166696035199695,0.173521562896926,0.16916490293601,0,0.300764789183935,0.256764264803122,0,0.225153114175455,0.164093727129512,0,0,0,0
0,0.417725703230611,0,0.249792165333225,0,0.228293075881622,0,0,0,0.281304478645325,0,0.162915481484821,0,0,0,0,0.347706493763429,0.337797797167743,0.39072364664778,0.180897297890491,0,0,0,0,0,0.339092165231705,0,0,0,0,0,0.166398162090161,0,0.176568990625158,0.321720540523529,0.196309601192114,0.126716006133291,0.177341039870342,0,0.236305695231357,0.311176061630249,0.2936061069524,0.290711500722429,0.460750216245651,0,0.320366957195741,0.322026252746582,0.329245957744169,0.312873485187689,0.24716503236975,0,0.201865373179317,0,0,0,0.316418558359146,0,0.247199992046637,0,0.244523285942919,0,0.233025570213795,0.267626520739266,0.322316080331802,0,0,0,0,0.324967116117477,0,0.37214070558548,0,0.296410000499557,0,0.19152685301704,0,0.2543196677122,0.300764789183935,0,0.275589405559003,0.268728389519535,0,0.222815668048692,0,0.323937165681941,0.290221440348219,0
