0,0,5.39889010271632,0,0,0,0,0,5.55545145426041,0,0,0,0,0,0,0,9.59134458170997,0,11.5351922845328,0,0,0,0,0,0,0,0,0,0,0,0,0,0,0,0,0,0,0,0,0,31.1698265075684,0,16.0160406699547,0,12.8085775375366,0,23.9588577482435,0,6.26619254065826,0,0,0,0,0,6.61029668807983,0,21.4854742685954,0,0,0,4.24188381227954,0,0,40.246208190918,0,0,0,4.02176952362061,0,0,0,0,0,21.6487979888916,0,0,0,0,0,37.4943208694458,0,36.7848773532444,6.54757641582954,0,10.5995603719775,0,17.709400177002
0,0,0,3.86595428719813,0,5.71734094619751,0,0,0,5.60594497500239,0,0,0,0,0,0,0,0,10.6968240015434,0,0,0,0,6.55761245318821,0,0,0,0,0,0,0,0,0,0,0,0,0,0,0,34.485071182251,0,14.9153834504189,0,9.86674805248485,0,20.297147674994,0,0,0,7.99291148211094,0,0,0,0,0,4.06274338613583,0,7.07188327495868,0,0,0,7.27291031837463,40.226437886556,0,0,0,8.6447696685791,0,6.73657989501953,0,0,0,24.1769342422485,0,0,0,0,0,37.8733230737539,0,37.2565313975016,0,6.88564987840324,0,8.47051805354931,17.1906852126122,0
5.39889010271632,0,0,58.1824340820312,8.46524557991633,0,0,0,6.56321195319847,0,0,0,0,0,0,0,9.67799949645996,0,10.677681710985,0,5.68239307403564,0,0,0,0,0,0,0,0,0,0,0,0,0,0,0,16.2038478851318,0,67.0979512532552,45.9849128723145,45.348148052509,0,27.9463212138628,0,0,0,21.3663134882527,0,10.6288870106141,0,9.57953352005251,0,0,0,8.85091182589531,0,20.2419696378708,0,4.73327080116552,0,4.49934890114258,0,0,29.1478306163441,0,0,0,0,0,0,0,0,0,31.3577686109041,0,0,0,0,79.3344345092773,47.7256476662376,0,40.8176910832243,20.8801971112981,26.2910517056783,17.9437231497271,0,17.6936416136913
0,3.86595428719813,58.1824340820312,0,0,6.08801558078864,0,0,0,4.5315906231602,0,0,0,0,0,6.00019739224361,0,0,42.6567038094125,0,0,0,0,0,0,0,0,0,0,0,0,0,0,0,0,19.1642702102661,0,104.640396118164,0,37.6276932206265,0,23.2171128339935,44.852668762207,30.4741185506185,0,30.3848077774048,62.0927950541178,0,0,21.9624032191376,61.5969047546387,4.95798159132198,0,0,0,5.4692188863953,73.9948348999023,6.43886656191812,0,5.44132880369822,0,5.85360931789174,49.7154518127441,0,0,0,0,0,0,0,31.2752405802409,0,31.5960242407663,0,0,0,0,0,45.6156581156963,109.006164550781,41.2622670260343,83.183521270752,18.5932780961881,33.042925453186,17.4462477231681,18.9732878424905,0
0,0,8.46524557991633,0,0,0,0,0,6.71107113172138,0,0,0,0,0,4.48443075683382,0,0,0,0,0,5.21554112434387,0,0,0,0,0,0,0,0,0,0,0,0,0,0,0,6.65302160808018,0,0,0,47.8640785217285,0,37.3649077945285,0,0,0,25.4918823242188,0,43.8205215454102,0,4.46635504537334,0,2.79446738958359,0,4.79153864724295,0,26.5557146072388,0,0,0,5.01553666591644,0,0,4.88077349522535,0,0,0,0,0,0,0,0,0,0,0,0,0,0,0,46.9490089416504,0,46.4821548461914,4.96478084404103,13.8665682209863,14.4712581879808,0,0
0,5.71734094619751,0,6.08801558078864,0,0,0,0,0,3.5428270234002,0,0,0,0,0,2.7364866733551,0,0,0,9.13110780715942,0,0,0,0,0,0,0,0,0,0,0,0,0,0,0,13.6893369293213,0,0,0,38.3898906707764,0,0,0,0,0,31.6337814331055,0,0,0,41.8286412556966,0,3.1262511608359,0,3.592045545578,0,3.37029512723287,0,0,0,4.2995475769043,0,2.73849976062775,0,0,0,0,0,0,0,0,0,0,38.320063273112,0,0,0,0,0,0,0,44.1945495605469,0,7.61320638656616,17.2094173431396,10.1724043229154,0,0
0,0,0,0,0,0,0,0,0,0,0,0,0,0,0,0,0,0,0,0,4.40682262182236,0,0,0,0,0,0,0,0,0,0,0,0,0,0,0,0,0,0,0,0,0,0,0,0,0,0,0,0,0,2.85127937793732,0,3.06042074455934,0,0,0,2.93594191624568,0,0,0,0,0,0,5.10963638623555,0,0,0,0,0,0,0,0,0,0,0,0,0,0,0,0,0,0,0,0,0,0,0
0,0,0,0,0,0,0,0,0,0,0,3.21778852534744,0,0,0,0,0,0,0,0,0,0,0,0,0,0,0,0,0,0,0,0,0,0,0,0,0,0,0,0,0,0,0,0,0,0,0,0,0,0,0,0,0,3.37056459398831,0,0,0,3.56122290863181,0,0,0,0,0,0,0,0,0,0,0,0,0,0,0,0,0,0,0,0,0,0,0,0,0,0,0,0,0
5.55545145426041,0,6.56321195319847,0,6.71107113172138,0,0,0,0,0,0,0,0,0,9.17900919914246,0,14.0741679357446,0,8.54452350139618,0,0,0,0,0,0,0,0,0,0,0,0,0,0,0,0,0,0,0,11.1429192490048,0,0,0,9.97480821609497,0,0,0,0,0,9.747927069664,0,7.69225569899756,0,0,0,4.71850066569028,0,0,0,0,0,3.80915550527901,0,0,0,0,0,0,5.76259883244832,0,0,0,0,0,0,0,0,0,0,0,0,0,9.5045907327107,4.18155317564386,4.44055271148682,5.24585569561936,0,6.3381308555603
0,5.60594497500239,0,4.5315906231602,0,3.5428270234002,0,0,0,0,0,0,0,0,0,3.68708663828233,45.9503796895345,21.0141385302824,55.7946624755859,0,0,0,0,4.96615529060364,0,0,0,0,0,0,0,0,0,0,0,0,0,2.87488832473755,0,0,0,6.27940347081139,0,0,0,0,0,0,0,3.48583240509033,0,0,0,0,0,4.9642495446735,0,0,0,0,0,3.54994090810999,0,0,0,0,4.42564890344264,0,0,0,0,0,18.688455581665,0,0,0,0,0,0,0,5.3495626449585,0,5.17845209200579,21.0623226165771,14.6699748039246,8.82832286232396,0
0,0,0,0,0,0,0,0,0,0,0,0,2.74053525924683,0,0,0,0,0,0,0,3.88253255933523,0,0,0,0,0,0,0,2.99536633491516,0,3.48193883895874,0,0,0,0,0,2.73934924602509,0,3.46961473666531,0,0,0,0,0,0,0,28.3178494771322,0,0,0,0,0,4.73895561695099,0,0,0,5.28010260642196,0,2.90582055515713,0,0,0,0,6.3594754423414,0,0,0,0,0,0,0,3.14394776026408,0,4.21995234489441,0,0,0,0,0,0,0,3.8769104189989,3.29374837875366,0,6.1622656413487,0,0
0,0,0,0,0,0,0,3.21778852534744,0,0,0,0,0,0,0,0,0,0,0,2.9616334316058,0,0,0,0,0,0,0,0,0,6.01517513063219,0,0,0,0,0,2.99380459568717,0,3.7884175890968,0,0,0,0,0,0,0,0,0,0,0,0,0,2.74563336372375,0,0,0,0,0,5.75466437802299,0,3.43862594876971,0,0,3.72307814019067,0,0,0,0,0,0,0,0,0,9.4562390152319,0,0,0,0,0,0,0,2.75036072731018,0,2.94818687438965,0,3.66124920845032,0,0
0,0,0,0,0,0,0,0,0,0,2.74053525924683,0,0,0,3.08801045417786,0,0,0,0,0,0,0,0,0,0,0,0,0,0,0,0,0,0,0,0,0,0,0,0,0,0,0,0,0,0,0,0,0,0,0,0,0,0,0,0,0,0,0,4.32090961668226,0,10.3028209060431,0,0,0,0,0,0,0,0,0,0,0,0,0,0,0,0,0,0,0,0,0,2.96693515777588,3.13850187063217,0,0,0
0,0,0,0,0,0,0,0,0,0,0,0,0,0,0,2.96132516860962,0,2.73247480392456,0,0,0,0,0,0,0,0,0,0,0,0,0,0,0,0,0,0,0,0,0,0,0,0,0,0,0,0,0,0,0,0,0,4.0058479309082,0,0,0,0,0,0,0,3.44117574602644,0,2.95268058776855,0,0,0,0,0,0,0,0,2.74982094764709,0,0,0,0,0,0,0,0,0,0,0,2.95441300339169,2.7427294254303,0,0,0
0,0,0,0,4.48443075683382,0,0,0,9.17900919914246,0,0,0,3.08801045417786,0,0,0,0,0,0,0,0,0,0,0,0,0,0,0,0,0,0,0,0,0,0,0,0,0,0,0,0,0,0,0,0,0,0,0,0,0,3.23461826642354,0,0,0,3.85281491279602,0,0,0,5.37289424737294,0,4.46324918441129,0,0,0,0,0,0,0,0,0,0,0,0,0,0,0,0,0,0,0,0,0,3.71505330085754,3.19093020757039,0,0,0
0,0,0,6.00019739224361,0,2.7364866733551,0,0,0,3.68708663828233,0,0,0,2.96132516860962,0,0,0,0,0,0,0,0,0,0,0,0,0,0,0,0,0,0,0,0,0,0,0,0,0,0,0,0,0,0,0,0,0,0,0,4.22796440124512,0,3.18228544129266,0,0,0,5.92216364542643,0,0,0,0,0,4.54701987902323,0,0,0,0,0,0,0,0,0,0,0,0,0,0,0,0,0,0,0,0,3.19788421903338,3.12469319502513,0,0,0
9.59134458170997,0,9.67799949645996,0,0,0,0,0,14.0741679357446,45.9503796895345,0,0,0,0,0,0,0,20.2286706533694,20.8333253266537,0,0,36.1854133605957,3.28550267219543,0,0,53.4150988260905,9.6694144821167,0,0,0,0,0,0,0,0,0,81.5803756713867,0,0,77.7270660400391,60.6135011560777,61.4926273121553,42.4002572725404,48.2849561903212,37.6419805320534,61.3174564361572,42.8744103567941,0,8.64158344268799,87.0071105957031,0,0,0,0,0,0,0,0,0,0,0,0,90.8837432861328,78.94859568278,0,4.21535693958241,0,0,0,3.80639243125916,0,0,0,0,0,0,0,0,87.503205871582,66.4010375693992,75.949452718099,83.1449146270752,13.6996940000404,6.48625485781327,44.7486941052466,62.5543327331543,40.0037855572171
0,0,0,0,0,0,0,0,0,21.0141385302824,0,0,0,2.73247480392456,0,0,20.2286706533694,0,21.5316090827741,0,0,14.3827506278424,12.0638275146484,4.94655084609985,0,6.62226660008333,0,0,0,0,0,0,0,0,0,0,0,0,0,61.3037281036377,85.9223759969075,46.5811378751482,65.2918543382124,43.5013020634651,56.6431732177734,56.0164652178364,70.7818862915039,0,0,60.5904960632324,0,0,0,0,0,0,0,0,0,0,0,0,72.4462593078613,86.5514755249023,5.49874823623233,0,0,0,4.19382453991088,0,0,0,0,0,0,0,0,0,74.5837732042585,84.7102570533752,59.6063680648804,0,13.9983865100656,7.62182220193404,53.3137686944777,40.1451233029366,60.837455204555
11.5351922845328,10.6968240015434,10.677681710985,42.6567038094125,0,0,0,0,8.54452350139618,55.7946624755859,0,0,0,0,0,0,20.8333253266537,21.5316090827741,0,0,0,0,0,0,0,0,0,0,0,0,0,0,0,0,0,63.5626621246338,66.7108244578044,61.3300620185004,67.8580677032471,42.0910777656054,41.4318272953942,24.6532571709156,22.4426508808075,18.6711503265009,21.8280135032597,35.6062329842955,30.2325023182612,0,9.32828891277313,39.1029210771833,0,0,0,0,0,44.3569488525391,32.3404494694301,22.8249862670898,0,0,0,0,54.0859425332811,46.8885089804628,0,0,0,0,0,0,0,0,38.9647781230785,30.948402610985,0,0,0,0,49.9531234328213,48.0770201746111,44.432905675457,47.3234132236203,15.3278043199377,23.7783817768097,26.573581965721,22.0115159654247,22.448203383866
0,0,0,0,0,9.13110780715942,0,0,0,0,0,2.9616334316058,0,0,0,0,0,0,0,0,0,0,0,0,0,0,0,0,0,0,0,0,0,0,0,4.24517756775965,0,4.84773411861686,0,0,0,0,0,0,0,13.0465517044067,0,0,0,0,0,0,0,0,0,0,0,3.29969125986099,0,0,0,0,7.37590851631339,0,0,0,0,0,0,0,0,0,0,0,0,0,0,0,4.94380947225583,0,17.3611942927043,0,6.66440495763506,4.65772533416748,6.72357225723756,0,0
0,0,5.68239307403564,0,5.21554112434387,0,4.40682262182236,0,0,0,3.88253255933523,0,0,0,0,0,0,0,0,0,0,0,0,0,0,0,0,0,0,0,0,0,0,0,0,0,4.82754840492731,0,4.66496206692287,0,0,0,0,0,0,0,17.6954916318258,0,0,0,6.54439830780029,0,0,0,0,0,6.11712073888935,0,14.2699937820435,0,0,0,0,5.23854399937533,0,0,0,0,0,0,0,0,0,6.75603211720785,0,0,0,0,0,5.98723917969024,0,7.74479065338771,6.26075352776435,0,5.60313762558831,0,0
0,0,0,0,0,0,0,0,0,0,0,0,0,0,0,0,36.1854133605957,14.3827506278424,0,0,0,0,3.54525511161141,2.94719469547272,0,2.96434197255543,0,0,0,0,0,0,0,0,0,0,0,8.67682396802779,0,0,0,0,0,58.3927192687988,0,0,0,0,0,7.82171840469042,0,0,0,0,0,0,0,29.7092037200928,0,0,0,22.4460353851318,0,0,5.46388611347367,0,3.22397738344529,0,5.42867432388605,0,5.932753954734,0,10.0666508394129,0,0,0,0,0,0,0,8.45735662441987,0,5.07052309505571,4.01840734481812,16.6584022310045,0,0
0,0,0,0,0,0,0,0,0,0,0,0,0,0,0,0,3.28550267219543,12.0638275146484,0,0,0,3.54525511161141,0,0,3.24564366681235,0,0,0,3.06165024969313,0,0,0,0,0,0,0,0,0,3.87769960572448,0,0,0,0,0,0,0,0,0,14.2877615292867,0,0,0,0,0,0,0,0,0,0,0,0,0,0,0,0,4.03246657955371,0,3.94952937021647,0,3.14802160263062,0,3.95288209521442,0,0,0,0,0,0,0,0,0,5.54842121113004,3.7086508288528,3.98118348121643,0,0,0
0,6.55761245318821,0,0,0,0,0,0,0,4.96615529060364,0,0,0,0,0,0,0,4.94655084609985,0,0,0,2.94719469547272,0,0,0,3.08525233864784,0,0,0,0,0,0,0,0,0,0,0,5.1851526260376,0,0,0,8.20524048805237,0,0,0,0,0,0,0,7.59032612097891,0,0,0,0,0,5.37991040093558,0,0,0,22.4842939376831,0,4.76604710022608,0,0,4.57744039297104,0,4.25662578843164,0,6.90400420680191,0,7.30304615020752,0,0,0,0,0,0,0,0,0,6.45502911372618,0,5.62935193206953,0,6.17066875696182,9.93503074645996,0
0,0,0,0,0,0,0,0,0,0,0,0,0,0,0,0,0,0,0,0,0,0,3.24564366681235,0,0,0,3.59715580940247,0,0,0,0,0,0,0,0,0,0,0,3.66935827824977,0,0,0,0,0,0,0,0,0,7.4604071855545,0,0,0,0,0,6.43553778822993,0,0,0,0,0,10.2452796527318,0,0,0,0,5.72333662018521,0,5.0272370998676,0,3.88143572542402,0,0,0,0,0,0,0,0,0,0,0,6.36064453919729,9.50915235280991,0,7.58034699807787,0,0
0,0,0,0,0,0,0,0,0,0,0,0,0,0,0,0,53.4150988260905,6.62226660008333,0,0,0,2.96434197255543,0,3.08525233864784,0,0,0,2.94467210769653,0,0,0,0,0,0,0,0,0,0,0,0,0,0,0,0,0,0,0,0,0,0,0,0,0,0,0,0,0,0,0,16.6040554046631,0,4.28176804383596,0,0,3.15432260329263,0,3.85060506775266,0,4.22945942906286,0,20.0045757293701,0,0,0,0,0,0,0,0,0,0,0,6.10693342186684,0,0,0,0
0,0,0,0,0,0,0,0,0,0,0,0,0,0,0,0,9.6694144821167,0,0,0,0,0,0,0,3.59715580940247,0,0,0,0,0,0,0,0,0,0,0,0,0,0,0,0,0,0,0,0,0,0,0,0,0,0,0,0,0,0,0,0,0,0,0,0,0,0,0,0,0,0,0,0,2.97345988018306,0,4.63304054737091,0,0,0,0,0,0,0,0,0,0,0,0,0,0,0
0,0,0,0,0,0,0,0,0,0,0,0,0,0,0,0,0,0,0,0,0,0,0,0,0,2.94467210769653,0,0,0,3.10556632433182,0,0,0,0,0,0,0,0,0,0,0,0,0,0,0,0,0,0,0,0,0,0,0,0,0,0,0,0,0,3.44077330827713,0,0,0,0,0,0,0,0,3.45847348372142,0,4.06945906417205,0,7.19728803634644,0,0,0,0,0,0,0,0,0,2.74365448951721,0,0,0,0
0,0,0,0,0,0,0,0,0,0,2.99536633491516,0,0,0,0,0,0,0,0,0,0,0,3.06165024969313,0,0,0,0,0,0,0,3.03798069953918,0,0,0,0,0,0,0,3.14835441112518,0,0,0,0,0,0,0,0,0,0,0,0,0,0,0,0,0,0,0,0,0,0,0,0,0,0,0,0,0,0,2.84660172462463,0,3.5265480324626,0,7.82326674461365,0,0,0,0,0,0,0,4.10242813825607,3.2327029881654,4.1949938598432,0,0,0
0,0,0,0,0,0,0,0,0,0,0,6.01517513063219,0,0,0,0,0,0,0,0,0,0,0,0,0,0,0,3.10556632433182,0,0,0,0,0,0,0,0,0,4.03635199864705,0,0,0,0,0,0,0,0,0,0,0,0,0,0,0,0,0,0,0,4.42569572925568,0,0,0,0,0,0,0,0,0,0,0,0,4.43298493706903,0,6.08065546445244,0,0,0,0,0,0,0,3.05834674835205,0,5.0843300819397,0,0,0,0
0,0,0,0,0,0,0,0,0,0,3.48193883895874,0,0,0,0,0,0,0,0,0,0,0,0,0,0,0,0,0,3.03798069953918,0,0,0,0,0,0,0,0,0,2.80086213350296,0,0,0,0,0,0,0,0,0,0,0,0,0,0,0,0,0,3.58344697952271,0,0,0,0,0,0,0,0,0,0,0,0,0,0,3.26249439066107,0,4.45145861190042,0,0,0,0,0,0,0,6.12537628412247,2.86928456170218,3.26248204708099,0,0,0
0,0,0,0,0,0,0,0,0,0,0,0,0,0,0,0,0,0,0,0,0,0,0,0,0,0,0,0,0,0,0,0,4.94625597122388,5.94596933573484,15.9218778610229,6.2009442047197,9.16328883171082,0,0,7.39607266017369,0,0,0,0,0,0,0,5.58350124638528,0,4.09347707033157,0,0,0,0,0,0,0,0,0,0,0,0,0,0,0,0,0,0,0,0,0,0,0,0,5.74336581279956,4.67604457991464,0,11.1354350407918,17.1340078774032,14.262803371136,0,0,3.41413019174411,0,0,0,0
0,0,0,0,0,0,0,0,0,0,0,0,0,0,0,0,0,0,0,0,0,0,0,0,0,0,0,0,0,0,0,4.94625597122388,0,11.4918459892273,5.39394030570984,0,5.00716820401205,0,0,0,8.52848580938119,0,0,0,0,0,0,7.02555543214333,8.29319667816162,0,0,0,0,0,0,0,0,0,0,0,0,0,0,0,0,0,0,0,0,0,0,0,0,0,5.27432470851474,5.92702026022974,0,10.0461934804916,0,6.95604757817586,0,0,5.27910603795733,0,7.71072753270467,0,0
0,0,0,0,0,0,0,0,0,0,0,0,0,0,0,0,0,0,0,0,0,0,0,0,0,0,0,0,0,0,0,5.94596933573484,11.4918459892273,0,9.34273265683374,5.13544079330232,0,3.70173717596952,0,0,0,0,0,0,0,0,0,5.44425292683942,16.7137680053711,0,0,0,0,0,0,0,0,0,0,0,0,0,0,0,0,0,0,0,0,0,0,0,0,0,13.4730637550354,0,4.75893332133361,4.49349404721854,8.76722839660943,0,5.57791523107394,12.0389442443848,4.1364351927288,0,0,0,0
0,0,0,0,0,0,0,0,0,0,0,0,0,0,0,0,0,0,0,0,0,0,0,0,0,0,0,0,0,0,0,15.9218778610229,5.39394030570984,9.34273265683374,0,0,3.57748044055441,0,4.94368612417701,0,17.9553785324097,0,0,0,0,0,0,5.38600331199675,10.5532855987549,0,0,0,0,0,0,0,0,0,0,0,0,0,0,0,0,0,0,0,0,0,0,0,0,0,0,7.84607328068126,3.12192612602597,4.88663783999576,0,7.65819293022156,0,7.31820838821345,9.44756293296814,4.86392450332642,0,0,0
0,0,0,19.1642702102661,0,13.6893369293213,0,0,0,0,0,2.99380459568717,0,0,0,0,0,0,63.5626621246338,4.24517756775965,0,0,0,0,0,0,0,0,0,0,0,6.2009442047197,0,5.13544079330232,0,0,3.87745904197564,5.81256684429078,0,9.41720948219299,0,44.1011485290527,0,0,0,14.8487253983816,0,6.72623648559838,0,25.0147894781989,0,20.0211887359619,0,0,0,0,0,4.92781352996826,0,0,0,0,5.54872686850098,0,0,0,0,0,0,0,0,0,0,0,6.0833126607832,0,8.04892136897947,0,6.46450015827698,5.67153800617565,14.7735734174637,0,5.4436138515264,3.31153037466786,8.97605945612933,48.1742721557617,0
0,0,16.2038478851318,0,6.65302160808018,0,0,0,0,0,2.73934924602509,0,0,0,0,0,81.5803756713867,0,66.7108244578044,0,4.82754840492731,0,0,0,0,0,0,0,0,0,0,9.16328883171082,5.00716820401205,0,3.57748044055441,3.87745904197564,0,0,5.01214963407618,0,26.2365055490047,0,48.0891154640599,0,52.2515287399292,0,29.5874034053504,7.7588012315789,27.1376966393512,18.7697744369507,25.6995012058931,0,0,0,0,0,3.30860679149628,0,23.916372026716,0,0,0,0,8.92790637654739,0,0,0,0,0,0,0,0,0,0,0,7.15600061416626,0,4.68109309045892,4.79609167139705,6.70708941969891,0,7.14381182262136,4.68387303001537,3.78478034999636,14.0231962318962,0,48.1768978118896
0,0,0,104.640396118164,0,0,0,0,0,2.87488832473755,0,3.7884175890968,0,0,0,0,0,0,61.3300620185004,4.84773411861686,0,8.67682396802779,0,5.1851526260376,0,0,0,0,0,4.03635199864705,0,0,0,3.70173717596952,0,5.81256684429078,0,0,0,76.0168957710266,0,39.9880824455848,0,54.9321384429932,0,42.267937541008,0,6.02376752098401,0,7.68075392373795,0,0,0,0,0,4.081501616372,0,6.93890566136464,0,0,0,0,20.2562978316129,0,7.35069339461141,0,7.36340788284938,0,6.4179083108902,0,5.78231375558036,0,8.2898521915726,0,0,0,3.49632233789522,0,12.9683523705472,0,7.06604099276911,5.38002753257751,11.6761651243826,8.13544300397237,20.3757676874471,47.8083360277373,0
0,0,67.0979512532552,0,0,0,0,0,11.1429192490048,0,3.46961473666531,0,0,0,0,0,0,0,67.8580677032471,0,4.66496206692287,0,3.87769960572448,0,3.66935827824977,0,0,0,3.14835441112518,0,2.80086213350296,0,0,0,4.94368612417701,0,5.01214963407618,0,0,0,28.0637211118426,0,51.8941070793211,0,56.4856023788452,0,44.4494771661225,4.63640943007036,4.97960717267004,0,76.7212867736816,0,0,0,12.771338313818,0,4.71137618169586,0,66.0399475097656,0,0,0,0,11.2299813376023,0,5.68048533785198,0,6.20552226399953,0,0,0,4.83500831467765,0,2.85334897041321,0,0,0,4.91823564791212,0,11.1102672659699,4.22657155990601,5.46993119313039,5.98284544254766,2.88755981445312,19.3867430110008,0,50.2511466741562
0,34.485071182251,45.9849128723145,37.6276932206265,0,38.3898906707764,0,0,0,0,0,0,0,0,0,0,77.7270660400391,61.3037281036377,42.0910777656054,0,0,0,0,0,0,0,0,0,0,0,0,7.39607266017369,0,0,0,9.41720948219299,0,76.0168957710266,0,0,0,19.9411434447476,62.5598297119141,28.7768369587985,65.7922134399414,18.134302133023,42.1322822570801,4.50379188255694,0,6.12063193321228,0,0,0,0,0,37.3137092590332,0,53.3232091267904,0,0,0,0,16.8405124806521,0,0,0,0,0,0,0,0,0,56.6173149108887,0,4.13548334439596,0,0,0,18.9995115473404,0,41.105092604955,0,43.4973118810943,41.3124942779541,18.0467630917426,22.7715117318969,0
31.1698265075684,0,45.348148052509,0,47.8640785217285,0,0,0,0,0,0,0,0,0,0,0,60.6135011560777,85.9223759969075,41.4318272953942,0,0,0,0,0,0,0,0,0,0,0,0,0,8.52848580938119,0,17.9553785324097,0,26.2365055490047,0,28.0637211118426,0,0,61.6976013183594,22.1488548632528,0,30.509600618701,0,17.0392750354176,4.74297046333654,6.05389115788521,0,57.9306666056315,0,0,0,47.2143440246582,0,50.6694564819336,0,58.9400749206543,0,0,0,0,12.7029312853141,0,0,0,0,0,0,0,0,0,17.8973960876465,0,6.25604321306402,0,0,0,10.4094560340896,0,21.5400699394337,42.5286328473429,0,15.4588195609141,0,21.2016362243056
0,14.9153834504189,0,23.2171128339935,0,0,0,0,0,6.27940347081139,0,0,0,0,0,0,61.4926273121553,46.5811378751482,24.6532571709156,0,0,0,0,8.20524048805237,0,0,0,0,0,0,0,0,0,0,0,44.1011485290527,0,39.9880824455848,0,19.9411434447476,61.6976013183594,0,10.6639393256469,18.3601522819376,32.2575626373291,23.2936205798732,0,9.08431726031833,24.8907775878906,13.0040156920363,0,0,0,0,52.0428886413574,38.5991249084473,0,14.3863574410445,0,17.783296585083,0,20.4556550979614,30.5226881684679,69.4599380493164,0,0,0,0,16.6779314676921,0,18.6144926651664,0,9.48256469014631,0,0,0,0,0,29.5272708833699,68.917111714681,29.0586604567572,96.6991653442383,13.4450216236068,10.7860201866396,12.8990045275007,10.0725261365304,39.1090354919434
16.0160406699547,0,27.9463212138628,44.852668762207,37.3649077945285,0,0,0,9.97480821609497,0,0,0,0,0,0,0,42.4002572725404,65.2918543382124,22.4426508808075,0,0,0,0,0,0,0,0,0,0,0,0,0,0,0,0,0,48.0891154640599,0,51.8941070793211,62.5598297119141,22.1488548632528,10.6639393256469,0,43.3611558278402,14.9558785927197,52.8133106231689,21.4267488086224,9.190819015001,11.3546162904538,18.7777414321899,45.0423813523917,0,0,0,38.095440826416,0,20.4496154277185,0,41.3982976277669,0,42.5177819993761,0,56.6033592224121,29.7499233820917,0,0,0,19.3093147277832,0,0,0,0,0,16.7546369812705,0,0,0,0,0,30.9230345148932,0,32.979125330124,14.579915436383,16.6775921583176,13.53664336275,46.4916687011719,10.0228198477733
0,9.86674805248485,0,30.4741185506185,0,0,0,0,0,0,0,0,0,0,0,0,48.2849561903212,43.5013020634651,18.6711503265009,0,0,58.3927192687988,0,0,0,0,0,0,0,0,0,0,0,0,0,0,0,54.9321384429932,0,28.7768369587985,0,18.3601522819376,43.3611558278402,0,0,17.6384869587323,52.6087226867676,0,0,43.1338138580322,0,0,0,0,0,0,0,0,0,0,0,0,41.431916475296,0,0,0,0,0,0,0,0,0,58.730541229248,0,0,0,0,0,34.9522849436339,0,40.2067050933838,0,20.3996309369933,17.3846883773804,16.3556878329172,16.2553792866794,0
12.8085775375366,0,0,0,0,0,0,0,0,0,0,0,0,0,0,0,37.6419805320534,56.6431732177734,21.8280135032597,0,0,0,0,0,0,0,0,0,0,0,0,0,0,0,0,0,52.2515287399292,0,56.4856023788452,65.7922134399414,30.509600618701,32.2575626373291,14.9558785927197,0,0,0,18.7055485441698,0,0,63.7887210845947,0,0,0,0,0,0,50.1771168708801,0,0,0,0,0,74.9662551879883,34.1198021356314,0,0,0,0,0,0,0,0,0,28.0545431772868,0,0,0,0,72.6231104532878,34.2496010313643,0,39.8680739402771,19.287968809723,0,17.9630156520427,33.810001373291,21.1748049320319
0,20.297147674994,0,30.3848077774048,0,31.6337814331055,0,0,0,0,0,0,0,0,0,0,61.3174564361572,56.0164652178364,35.6062329842955,13.0465517044067,0,0,0,0,0,0,0,0,0,0,0,0,0,0,0,14.8487253983816,0,42.267937541008,0,18.134302133023,0,23.2936205798732,52.8133106231689,17.6384869587323,0,0,66.4719543457031,0,0,38.2336648305257,0,0,0,0,0,42.3185234069824,0,26.4871507312941,0,0,0,28.0353183746338,13.7094335953609,78.7263259887695,0,0,0,0,0,0,48.1761436462402,0,34.6352281570435,0,0,0,0,0,26.6525904457524,97.5336322784424,23.554589086186,0,31.3671430282876,38.861473719279,21.3725682914767,37.8639041115256,0
23.9588577482435,0,21.3663134882527,62.0927950541178,25.4918823242188,0,0,0,0,0,28.3178494771322,0,0,0,0,0,42.8744103567941,70.7818862915039,30.2325023182612,0,17.6954916318258,0,0,0,0,0,0,0,0,0,0,0,0,0,0,0,29.5874034053504,0,44.4494771661225,42.1322822570801,17.0392750354176,0,21.4267488086224,52.6087226867676,18.7055485441698,66.4719543457031,0,0,35.8921784294976,0,31.4247475730048,0,0,0,27.7248222644512,0,27.3947243229035,0,21.8375142415365,0,22.2208263397217,0,0,15.7451020756234,0,0,0,0,0,0,0,0,0,27.6507327135871,0,0,0,0,80.5359039306641,27.0313832423328,0,24.5619379983821,29.2584932397541,0,21.076065676597,0,30.0959153668634
0,0,0,0,0,0,0,0,0,0,0,0,0,0,0,0,0,0,0,0,0,0,0,0,0,0,0,0,0,0,0,5.58350124638528,7.02555543214333,5.44425292683942,5.38600331199675,6.72623648559838,7.7588012315789,6.02376752098401,4.63640943007036,4.50379188255694,4.74297046333654,9.08431726031833,9.190819015001,0,0,0,0,0,6.54147553940327,5.54426992829166,0,0,0,0,0,0,0,0,0,0,0,0,0,0,0,0,0,0,0,0,0,0,0,0,5.01840548751335,7.12117908871711,4.17778242008359,4.04300385310238,7.54986180184718,8.132650052783,12.1035405567714,3.64581640561422,7.51745654228127,8.90647288731166,8.7637329386062,0,0
6.26619254065826,0,10.6288870106141,0,43.8205215454102,0,0,0,9.747927069664,0,0,0,0,0,0,0,8.64158344268799,0,9.32828891277313,0,0,0,14.2877615292867,0,7.4604071855545,0,0,0,0,0,0,0,8.29319667816162,16.7137680053711,10.5532855987549,0,27.1376966393512,0,4.97960717267004,0,6.05389115788521,24.8907775878906,11.3546162904538,0,0,0,35.8921784294976,6.54147553940327,0,8.93671838978518,46.8636922836304,0,0,0,20.0857522704385,0,16.8958124546778,0,11.2570922741523,0,6.84997926740085,0,0,39.2765274047852,0,14.4042401823887,0,7.3183532865131,0,3.876708984375,0,5.88450438355746,0,7.03087888790082,0,4.67948427370616,0,3.84458389282227,0,6.22715856407825,0,5.93792725017801,10.2960743483375,20.9359604120255,9.93112826434023,0,30.5316705703735
0,7.99291148211094,0,21.9624032191376,0,41.8286412556966,0,0,0,3.48583240509033,0,0,0,0,0,4.22796440124512,87.0071105957031,60.5904960632324,39.1029210771833,0,0,7.82171840469042,0,7.59032612097891,0,0,0,0,0,0,0,4.09347707033157,0,0,0,25.0147894781989,18.7697744369507,7.68075392373795,0,6.12063193321228,0,13.0040156920363,18.7777414321899,43.1338138580322,63.7887210845947,38.2336648305257,0,5.54426992829166,8.93671838978518,0,0,0,0,0,0,3.36212348937988,0,8.7751357314292,0,6.95664476264607,0,6.9191769238176,11.1008234024048,0,12.0374247463605,0,8.86594723833018,0,4.98150237287794,0,4.58504919967188,0,4.07014979746031,0,3.25547713041306,0,0,0,8.98801212943061,0,4.82061836319769,0,8.98480378718398,10.6871538162231,8.85107460278827,21.4749187506162,0
0,0,9.57953352005251,61.5969047546387,4.46635504537334,0,2.85127937793732,0,7.69225569899756,0,0,0,0,0,3.23461826642354,0,0,0,0,0,6.54439830780029,0,0,0,0,0,0,0,0,0,0,0,0,0,0,0,25.6995012058931,0,76.7212867736816,0,57.9306666056315,0,45.0423813523917,0,0,0,31.4247475730048,0,46.8636922836304,0,0,0,0,0,4.1326064728854,0,7.09488411639866,0,4.53283772203657,0,4.07239929317723,0,0,7.474193696318,0,0,0,0,0,0,0,0,0,45.0309104919434,0,0,0,0,0,40.222825050354,0,48.4413585662842,9.43707395429197,34.0220101674398,13.5812768893328,0,0
0,0,0,4.95798159132198,0,3.1262511608359,0,0,0,0,0,2.74563336372375,0,4.0058479309082,0,3.18228544129266,0,0,0,0,0,0,0,0,0,0,0,0,0,0,0,0,0,0,0,20.0211887359619,0,0,0,0,0,0,0,0,0,0,0,0,0,0,0,0,0,3.26430929501851,0,0,0,3.36497316705553,0,3.56873286288718,0,3.2806700192965,0,0,0,0,0,0,0,0,0,0,0,0,0,0,0,0,0,0,0,0,3.35466620943568,0,6.32047975871523,0,0
0,0,0,0,2.79446738958359,0,3.06042074455934,0,0,0,4.73895561695099,0,0,0,0,0,0,0,0,0,0,0,0,0,0,0,0,0,0,0,0,0,0,0,0,0,0,0,0,0,0,0,0,0,0,0,0,0,0,0,0,0,0,0,0,0,3.18550475623256,0,0,0,0,0,0,0,0,0,0,0,0,0,0,0,0,0,0,0,0,0,0,0,0,0,0,0,0,0,0
0,0,0,0,0,3.592045545578,0,3.37056459398831,0,0,0,0,0,0,0,0,0,0,0,0,0,0,0,0,0,0,0,0,0,0,0,0,0,0,0,0,0,0,0,0,0,0,0,0,0,0,0,0,0,0,0,3.26430929501851,0,0,0,0,0,3.65028914586822,0,0,0,0,0,0,0,0,0,0,0,0,0,0,0,0,0,0,0,0,0,0,0,0,2.95758104324341,0,0,0,0
6.61029668807983,0,8.85091182589531,0,4.79153864724295,0,0,0,4.71850066569028,0,0,0,0,0,3.85281491279602,0,0,0,0,0,0,0,0,0,6.43553778822993,0,0,0,0,0,0,0,0,0,0,0,0,0,12.771338313818,0,47.2143440246582,52.0428886413574,38.095440826416,0,0,0,27.7248222644512,0,20.0857522704385,0,4.1326064728854,0,0,0,0,0,35.8413171768188,0,0,0,5.36541058816983,0,0,37.8617134094238,0,0,0,5.20299752821353,0,6.65859672962091,0,0,0,42.2371921539307,0,0,0,0,49.3609619140625,54.1869025230408,0,8.27523582402398,20.6052274256945,0,26.1304607423795,0,0
0,4.06274338613583,0,5.4692188863953,0,3.37029512723287,0,0,0,4.9642495446735,0,0,0,0,0,5.92216364542643,0,0,44.3569488525391,0,0,0,0,5.37991040093558,0,0,0,0,0,0,0,0,0,0,0,0,0,4.081501616372,0,37.3137092590332,0,38.5991249084473,0,0,0,42.3185234069824,0,0,0,3.36212348937988,0,0,0,0,0,0,0,0,0,4.31171333789825,0,5.23074033233149,0,0,0,0,7.76480442452894,0,0,0,0,0,34.9460601806641,0,0,0,0,0,67.6382102966309,0,8.35536084658858,0,17.5304285950131,0,16.3313225349494,0,0
21.4854742685954,0,20.2419696378708,73.9948348999023,26.5557146072388,0,2.93594191624568,0,0,0,5.28010260642196,0,0,0,0,0,0,0,32.3404494694301,0,6.11712073888935,0,0,0,0,0,0,0,0,0,3.58344697952271,0,0,0,0,0,3.30860679149628,0,4.71137618169586,0,50.6694564819336,0,20.4496154277185,0,50.1771168708801,0,27.3947243229035,0,16.8958124546778,0,7.09488411639866,0,3.18550475623256,0,35.8413171768188,0,0,0,5.0193942886552,0,35.1998596191406,0,0,12.3440824687481,0,0,0,0,0,0,0,6.12991782968694,0,6.15972863120594,0,0,0,0,64.2427368164062,50.4566930883071,0,8.76399661813464,22.091621203856,40.593505859375,11.5545532736582,0,14.7582707007726
0,7.07188327495868,0,6.43886656191812,0,0,0,3.56122290863181,0,0,0,5.75466437802299,0,0,0,0,0,0,22.8249862670898,3.29969125986099,0,29.7092037200928,0,0,0,0,0,0,0,4.42569572925568,0,0,0,0,0,4.92781352996826,0,6.93890566136464,0,53.3232091267904,0,14.3863574410445,0,0,0,26.4871507312941,0,0,0,8.7751357314292,0,3.36497316705553,0,3.65028914586822,0,0,0,0,0,4.83394369367736,0,5.42778587341309,13.4160010583239,0,23.5476741790771,0,21.5245761871338,0,10.66374224027,0,6.0698739207574,0,7.88332820670269,0,0,0,0,0,53.694943820729,0,17.9451498985291,0,16.1980604740881,0,8.95054168589773,12.8306629922655,0
0,0,4.73327080116552,0,0,0,0,0,0,0,2.90582055515713,0,4.32090961668226,0,5.37289424737294,0,0,0,0,0,14.2699937820435,0,0,0,0,0,0,0,0,0,0,0,0,0,0,0,23.916372026716,0,66.0399475097656,0,58.9400749206543,0,41.3982976277669,0,0,0,21.8375142415365,0,11.2570922741523,0,4.53283772203657,0,0,0,0,0,5.0193942886552,0,0,0,7.14749550680782,0,0,38.4689292907715,0,0,0,0,0,0,0,4.30956481084102,0,0,0,0,0,0,0,34.2842906951904,0,68.9417114257812,6.77271420022716,34.101936340332,12.3589256350979,0,0
0,0,0,5.44132880369822,0,4.2995475769043,0,0,0,0,0,3.43862594876971,0,3.44117574602644,0,0,0,0,0,0,0,0,0,22.4842939376831,0,16.6040554046631,0,3.44077330827713,0,0,0,0,0,0,0,0,0,0,0,0,0,17.783296585083,0,0,0,0,0,0,0,6.95664476264607,0,3.56873286288718,0,0,0,4.31171333789825,0,4.83394369367736,0,0,0,3.52943429580102,13.5568425314767,0,26.463321685791,0,22.9668866793315,0,7.18714058180468,0,4.55134521923835,0,0,0,0,0,0,0,81.7950286865234,0,0,0,3.81649773461478,4.23107481002808,10.6174596729658,14.0549850463867,0
4.24188381227954,0,4.49934890114258,0,5.01553666591644,0,0,0,3.80915550527901,0,0,0,10.3028209060431,0,4.46324918441129,0,0,0,0,0,0,0,0,0,10.2452796527318,0,0,0,0,0,0,0,0,0,0,0,0,0,0,0,0,0,42.5177819993761,0,0,0,22.2208263397217,0,6.84997926740085,0,4.07239929317723,0,0,0,5.36541058816983,0,35.1998596191406,0,7.14749550680782,0,0,0,0,0,0,0,0,6.50543577774711,0,0,0,4.30202505323622,0,0,0,0,0,0,0,53.6232318878174,0,41.3919830322266,8.34727799153961,8.84863764589483,28.5607307865506,0,0
0,7.27291031837463,0,5.85360931789174,0,2.73849976062775,0,0,0,3.54994090810999,0,0,0,2.95268058776855,0,4.54701987902323,0,0,0,0,0,22.4460353851318,0,4.76604710022608,0,4.28176804383596,0,0,0,0,0,0,0,0,0,0,0,0,0,0,0,20.4556550979614,0,0,0,28.0353183746338,0,0,0,6.9191769238176,0,3.2806700192965,0,0,0,5.23074033233149,0,5.42778587341309,0,3.52943429580102,0,0,0,0,0,0,6.20937501615094,0,4.03605836686634,0,4.26519193649292,0,0,0,0,0,0,0,0,0,0,0,22.3038895924886,3.59805822372437,15.0055321868585,0,0
0,40.226437886556,0,49.7154518127441,0,0,0,0,0,0,0,3.72307814019067,0,0,0,0,90.8837432861328,72.4462593078613,54.0859425332811,7.37590851631339,0,0,0,0,0,0,0,0,0,0,0,0,0,0,0,5.54872686850098,0,20.2562978316129,0,16.8405124806521,0,30.5226881684679,56.6033592224121,41.431916475296,74.9662551879883,13.7094335953609,0,0,0,11.1008234024048,0,0,0,0,0,0,0,13.4160010583239,0,13.5568425314767,0,0,0,110.349136352539,0,0,0,0,26.3265279134115,0,25.243571403699,0,21.3743155830785,0,0,0,0,0,14.4277362653834,98.3213729858398,21.2976227926583,0,32.9209271222353,0,16.9497143762086,42.4583606719971,0
40.246208190918,0,29.1478306163441,0,4.88077349522535,0,5.10963638623555,0,0,0,6.3594754423414,0,0,0,0,0,78.94859568278,86.5514755249023,46.8885089804628,0,5.23854399937533,0,0,0,0,0,0,0,0,0,0,0,0,0,0,0,8.92790637654739,0,11.2299813376023,0,12.7029312853141,69.4599380493164,29.7499233820917,0,34.1198021356314,78.7263259887695,15.7451020756234,0,39.2765274047852,0,7.474193696318,0,0,0,37.8617134094238,0,12.3440824687481,0,38.4689292907715,0,0,0,110.349136352539,0,0,0,0,0,0,0,0,16.8757762908936,0,18.1890018054417,0,0,0,0,0,12.733850687196,0,11.7325379152434,39.3748582208858,43.3993263244629,16.3701723329629,0,49.4513844576749
0,0,0,0,0,0,0,0,0,0,0,0,0,0,0,0,0,5.49874823623233,0,0,0,5.46388611347367,0,4.57744039297104,0,3.15432260329263,0,0,0,0,0,0,0,0,0,0,0,7.35069339461141,0,0,0,0,0,0,0,0,0,0,0,12.0374247463605,0,0,0,0,0,0,0,23.5476741790771,0,26.463321685791,0,0,0,0,0,0,4.31715593925894,0,9.98349898292503,0,8.33029857911675,0,8.63809394836426,0,0,0,0,0,0,0,5.57539036335089,0,4.97840310606505,0,15.4481267929077,0,0
0,0,0,0,0,0,0,0,0,0,0,0,0,0,0,0,4.21535693958241,0,0,0,0,0,4.03246657955371,0,5.72333662018521,0,0,0,0,0,0,0,0,0,0,0,0,0,5.68048533785198,0,0,0,0,0,0,0,0,0,14.4042401823887,0,0,0,0,0,0,0,0,0,0,0,0,0,0,0,0,0,0,6.6405913070793,0,10.7457885742188,0,5.33083654158186,0,0,0,0,0,0,0,0,0,4.72942373285107,4.31094009639653,8.93745231628418,22.0371799468994,0,0
0,8.6447696685791,0,0,0,0,0,0,0,4.42564890344264,0,0,0,0,0,0,0,0,0,0,0,3.22397738344529,0,4.25662578843164,0,3.85060506775266,0,0,0,0,0,0,0,0,0,0,0,7.36340788284938,0,0,0,0,0,0,0,0,0,0,0,8.86594723833018,0,0,0,0,0,7.76480442452894,0,21.5245761871338,0,22.9668866793315,0,6.20937501615094,0,0,4.31715593925894,0,0,0,9.41574753325955,0,10.4850610148522,0,0,0,0,0,0,0,0,0,6.07448547948152,0,4.74384880065918,0,9.10789266879183,0,0
4.02176952362061,0,0,0,0,0,0,0,5.76259883244832,0,0,0,0,0,0,0,0,0,0,0,0,0,3.94952937021647,0,5.0272370998676,0,0,0,0,0,0,0,0,0,0,0,0,0,6.20552226399953,0,0,0,19.3093147277832,0,0,0,0,0,7.3183532865131,0,0,0,0,0,5.20299752821353,0,0,0,0,0,6.50543577774711,0,0,0,0,6.6405913070793,0,0,0,3.94393288545094,0,0,0,0,0,0,0,0,0,0,0,6.52269697597303,5.80097968237741,0,7.44993261531391,0,0
0,6.73657989501953,0,0,0,0,0,0,0,0,0,0,0,0,0,0,0,4.19382453991088,0,0,0,5.42867432388605,0,6.90400420680191,0,4.22945942906286,0,3.45847348372142,0,0,0,0,0,0,0,0,0,6.4179083108902,0,0,0,16.6779314676921,0,0,0,0,0,0,0,4.98150237287794,0,0,0,0,0,0,0,10.66374224027,0,7.18714058180468,0,4.03605836686634,26.3265279134115,0,9.98349898292503,0,9.41574753325955,0,0,0,5.32952496545569,0,0,0,0,0,0,0,0,0,9.06853580474854,0,3.21202607949575,0,16.1180518627167,0,0
0,0,0,0,0,0,0,0,0,0,0,0,0,0,0,0,3.80639243125916,0,0,0,0,0,3.14802160263062,0,3.88143572542402,0,2.97345988018306,0,2.84660172462463,0,0,0,0,0,0,0,0,0,0,0,0,0,0,0,0,0,0,0,3.876708984375,0,0,0,0,0,6.65859672962091,0,0,0,0,0,0,0,0,0,0,10.7457885742188,0,3.94393288545094,0,0,0,3.73852666830405,0,0,0,0,0,0,0,0,0,0,0,0,0,0,0
0,0,0,31.2752405802409,0,0,0,0,0,0,0,0,0,2.74982094764709,0,0,0,0,0,0,0,5.932753954734,0,7.30304615020752,0,20.0045757293701,0,4.06945906417205,0,4.43298493706903,0,0,0,0,0,0,0,5.78231375558036,0,0,0,18.6144926651664,0,0,0,48.1761436462402,0,0,0,4.58504919967188,0,0,0,0,0,0,0,6.0698739207574,0,4.55134521923835,0,4.26519193649292,25.243571403699,0,8.33029857911675,0,10.4850610148522,0,5.32952496545569,0,0,0,4.54218948998066,0,0,0,0,0,43.0872650146484,0,6.04351635773977,0,4.63952280897083,0,14.6338090502101,17.2081508636475,0
0,0,0,0,0,0,0,0,0,0,3.14394776026408,0,0,0,0,0,0,0,0,0,0,0,3.95288209521442,0,0,0,4.63304054737091,0,3.5265480324626,0,3.26249439066107,0,0,0,0,0,0,0,4.83500831467765,0,0,0,0,0,0,0,0,0,5.88450438355746,0,0,0,0,0,0,0,6.12991782968694,0,4.30956481084102,0,4.30202505323622,0,0,16.8757762908936,0,5.33083654158186,0,0,0,3.73852666830405,0,0,0,5.21163155683657,0,0,0,0,0,0,0,5.27564088473976,2.87983751296997,4.43623399734497,4.3366259098053,0,0
0,24.1769342422485,0,31.5960242407663,0,38.320063273112,0,0,0,18.688455581665,0,9.4562390152319,0,0,0,0,0,0,38.9647781230785,0,0,10.0666508394129,0,0,0,0,0,7.19728803634644,0,6.08065546445244,0,0,0,0,0,0,0,8.2898521915726,0,56.6173149108887,0,9.48256469014631,0,58.730541229248,0,34.6352281570435,0,0,0,4.07014979746031,0,0,0,0,0,34.9460601806641,0,7.88332820670269,0,0,0,0,21.3743155830785,0,8.63809394836426,0,0,0,0,0,4.54218948998066,0,0,0,0,0,0,0,55.6538005828857,0,6.06786250012087,0,28.8298047309698,0,16.735013148191,18.4060119466579,0
21.6487979888916,0,31.3577686109041,0,0,0,0,0,0,0,4.21995234489441,0,0,0,0,0,0,0,30.948402610985,0,6.75603211720785,0,0,0,0,0,0,0,7.82326674461365,0,4.45145861190042,0,0,0,0,0,0,0,2.85334897041321,0,17.8973960876465,0,16.7546369812705,0,28.0545431772868,0,27.6507327135871,0,7.03087888790082,0,45.0309104919434,0,0,0,42.2371921539307,0,6.15972863120594,0,0,0,0,0,0,18.1890018054417,0,0,0,0,0,0,0,5.21163155683657,0,0,0,0,0,0,0,53.5403660668267,0,4.6271655427085,25.9513200204584,24.3292319774628,10.1687132270167,0,19.48482837677
0,0,0,0,0,0,0,0,0,0,0,0,0,0,0,0,0,0,0,0,0,0,0,0,0,0,0,0,0,0,0,5.74336581279956,5.27432470851474,13.4730637550354,0,6.0833126607832,0,0,0,4.13548334439596,0,0,0,0,0,0,0,5.01840548751335,0,3.25547713041306,0,0,0,0,0,0,0,0,0,0,0,0,0,0,0,0,0,0,0,0,0,0,0,0,0,6.13330459594727,5.37872610978431,0,11.2456485163008,0,0,0,3.79171287118211,0,0,0,0
0,0,0,0,0,0,0,0,0,0,0,0,0,0,0,0,0,0,0,0,0,0,0,0,0,0,0,0,0,0,0,4.67604457991464,5.92702026022974,0,7.84607328068126,0,7.15600061416626,0,0,0,6.25604321306402,0,0,0,0,0,0,7.12117908871711,4.67948427370616,0,0,0,0,0,0,0,0,0,0,0,0,0,0,0,0,0,0,0,0,0,0,0,0,0,6.13330459594727,0,0,7.61708853768964,0,7.88867086866527,0,0,6.0162410201096,0,0,0,0
0,0,0,0,0,0,0,0,0,0,0,0,0,0,0,0,0,0,0,0,0,0,0,0,0,0,0,0,0,0,0,0,0,4.75893332133361,3.12192612602597,8.04892136897947,0,3.49632233789522,0,0,0,0,0,0,0,0,0,4.17778242008359,0,0,0,0,0,0,0,0,0,0,0,0,0,0,0,0,0,0,0,0,0,0,0,0,0,0,5.37872610978431,0,0,5.13899444151616,7.97988094896229,0,7.1749230189592,0,3.78938529332479,9.71629460652669,0,0,0
0,0,0,0,0,0,0,0,0,0,0,0,0,0,0,0,0,0,0,0,0,0,0,0,0,0,0,0,0,0,0,11.1354350407918,10.0461934804916,4.49349404721854,4.88663783999576,0,4.68109309045892,0,4.91823564791212,0,0,0,0,0,0,0,0,4.04300385310238,3.84458389282227,0,0,0,0,0,0,0,0,0,0,0,0,0,0,0,0,0,0,0,0,0,0,0,0,0,0,7.61708853768964,5.13899444151616,0,0,5.66477011582431,0,6.01839270917745,3.95913564319342,0,0,0,0
0,37.8733230737539,79.3344345092773,45.6156581156963,0,0,0,0,0,0,0,0,0,0,0,0,87.503205871582,74.5837732042585,49.9531234328213,4.94380947225583,0,0,0,0,0,0,0,0,0,0,0,17.1340078774032,0,8.76722839660943,0,6.46450015827698,4.79609167139705,12.9683523705472,0,18.9995115473404,0,29.5272708833699,0,34.9522849436339,72.6231104532878,26.6525904457524,80.5359039306641,7.54986180184718,0,8.98801212943061,0,0,0,0,49.3609619140625,67.6382102966309,64.2427368164062,53.694943820729,0,81.7950286865234,0,0,14.4277362653834,0,0,0,0,0,0,0,43.0872650146484,0,55.6538005828857,0,11.2456485163008,0,7.97988094896229,0,0,17.4219777584076,14.514455961292,0,18.5814014975618,11.0700541173711,35.3781220134797,35.665090436598,67.1122512817383
37.4943208694458,0,47.7256476662376,109.006164550781,46.9490089416504,0,0,0,0,0,0,0,0,0,0,0,66.4010375693992,84.7102570533752,48.0770201746111,0,5.98723917969024,0,0,0,0,0,0,0,0,0,0,14.262803371136,6.95604757817586,0,7.65819293022156,5.67153800617565,6.70708941969891,0,11.1102672659699,0,10.4094560340896,68.917111714681,30.9230345148932,0,34.2496010313643,97.5336322784424,27.0313832423328,8.132650052783,6.22715856407825,0,40.222825050354,0,0,0,54.1869025230408,0,50.4566930883071,0,34.2842906951904,0,53.6232318878174,0,98.3213729858398,12.733850687196,0,0,0,0,0,0,0,0,0,53.5403660668267,0,7.88867086866527,0,5.66477011582431,17.4219777584076,0,0,10.7784238458098,11.9918713388643,3.88835761944453,31.7504628884137,0,35.9959856103534
0,37.2565313975016,0,41.2622670260343,0,44.1945495605469,0,0,0,5.3495626449585,0,2.75036072731018,0,0,0,0,75.949452718099,59.6063680648804,44.432905675457,17.3611942927043,0,8.45735662441987,0,6.45502911372618,0,0,0,0,0,3.05834674835205,0,0,0,5.57791523107394,0,14.7735734174637,0,7.06604099276911,4.22657155990601,41.105092604955,0,29.0586604567572,0,40.2067050933838,0,23.554589086186,0,12.1035405567714,0,4.82061836319769,0,0,0,0,0,8.35536084658858,0,17.9451498985291,0,0,0,0,21.2976227926583,0,5.57539036335089,0,6.07448547948152,0,9.06853580474854,0,6.04351635773977,0,6.06786250012087,0,0,0,7.1749230189592,0,14.514455961292,0,0,0,23.2197460718256,19.0725099245707,26.7454163012104,30.7257268019021,0
36.7848773532444,0,40.8176910832243,83.183521270752,46.4821548461914,0,0,0,9.5045907327107,0,3.8769104189989,0,0,0,0,0,83.1449146270752,0,47.3234132236203,0,7.74479065338771,0,5.54842121113004,0,6.36064453919729,0,0,0,4.10242813825607,0,6.12537628412247,0,0,12.0389442443848,7.31820838821345,0,7.14381182262136,5.38002753257751,5.46993119313039,0,21.5400699394337,96.6991653442383,32.979125330124,0,39.8680739402771,0,24.5619379983821,3.64581640561422,5.93792725017801,0,48.4413585662842,0,0,0,8.27523582402398,0,8.76399661813464,0,68.9417114257812,0,41.3919830322266,0,0,11.7325379152434,0,4.72942373285107,0,6.52269697597303,0,0,0,5.27564088473976,0,4.6271655427085,0,0,0,6.01839270917745,0,10.7784238458098,0,0,10.8938299971021,6.38111349741618,23.5271158762251,0,27.1700934680355
