0,0,0.134253726467706,0,0,0,0,0,0.241568910271402,0,0,0,0,0,0.122655030120822,0,0,0,0,0,0,0,0,0,0.184878424457882,0,0.187394857406616,0,0,0,0,0,0,0,0,0,0,0,0,0,0.323170959949493,0,0.197087049173812,0,0,0,0,0,0.195036355434225,0,0,0,0,0,0.172315204226308,0,0,0,0,0,0.190268711610274,0,0,0,0,0,0,0.183633968234062,0,0,0,0,0,0,0,0,0,0,0,0.359589480691486,0,0.310612052679062,0.192828761595845,0,0.18533250571731,0,0.178175577095577
0,0,0,0,0,0,0,0,0,0.234440993317913,0,0,0,0,0,0,0,0,0.164270814915164,0,0,0,0,0,0,0,0,0,0,0,0,0,0,0,0,0,0,0,0,0,0,0.287046001929986,0,0,0,0,0,0.316132418811321,0,0.257940106621877,0,0,0,0,0,0.260871694158441,0,0,0,0.206127032637596,0,0.25950771689415,0,0,0,0,0,0,0,0,0,0,0.299280673265457,0,0,0,0,0,0,0,0,0,0.187940213305644,0.23557636141777,0.251164844837682,0.327296376228333,0
0.134253726467706,0,0,0,0.204201257228851,0,0,0,0.14624115228653,0,0,0,0,0,0,0,0,0,0,0,0,0,0,0,0,0,0,0,0,0,0,0,0,0,0,0,0,0,0,0,0,0,0.258436036961419,0,0,0,0,0,0.177981797743727,0,0.210767949124177,0,0,0,0,0,0.242743357929379,0,0.22814388897108,0,0,0,0,0.26327046751976,0,0,0,0,0,0,0,0,0,0.342464631795883,0,0,0,0,0,0.247389182448387,0,0.316836178302765,0,0,0.217922092352099,0,0.252472214400768
0,0,0,0,0,0.125293880220382,0,0,0,0,0,0,0,0,0,0,0,0,0,0,0,0,0,0,0,0,0,0,0,0,0,0,0,0.330597698688507,0.279560387134552,0,0,0,0,0,0,0.275516796995092,0,0,0,0,0,0.280354231595993,0,0.238173527300966,0,0,0,0,0,0,0,0.218944020569324,0,0,0,0.204761810208622,0.185970598662441,0,0,0,0,0,0,0,0,0,0.272086501121521,0,0,0,0,0,0.225212415059408,0,0,0,0.233344897627831,0,0.226075778048122,0,0
0,0,0.204201257228851,0,0,0,0.200978333503008,0,0.282715878977969,0,0,0,0.191292069852352,0,0.215763979156812,0,0,0,0,0,0.210177673158622,0,0,0,0,0,0,0,0,0,0,0,0,0,0,0,0,0,0,0,0,0,0.233807510362481,0,0,0,0,0,0.284103413422902,0,0.241794375208568,0,0.224917989224195,0,0.297372416532326,0,0.249799405535062,0,0,0,0,0,0,0.204421359917213,0,0,0,0,0,0,0,0,0,0.291633427143097,0,0,0,0,0,0.24106428027153,0,0.250250533223152,0.248339949014746,0.287719101174591,0.237243017145232,0,0
0,0,0,0.125293880220382,0,0,0,0.170638397336006,0,0.328411800598879,0,0,0,0,0,0,0,0,0,0,0,0,0,0,0,0,0,0,0,0,0,0,0,0,0,0,0,0,0,0,0,0,0,0,0,0,0,0,0,0,0,0.209962231012023,0,0.193178832530975,0,0.310031977792581,0,0.243254244327545,0,0,0,0.221565797924995,0.227978453040123,0,0,0,0,0,0,0,0,0,0,0,0,0,0,0,0,0,0,0,0.257731356973812,0.296840093889326,0.169970922400149,0,0
0,0,0,0,0.200978333503008,0,0,0,0,0,0.261342452544915,0,0.15610431927555,0,0,0,0,0,0,0,0.22988166150751,0,0,0,0,0,0,0,0,0,0,0,0,0,0,0,0,0,0,0,0,0,0,0,0,0,0,0,0,0,0,0,0.241120158342852,0,0,0,0.193308401615062,0,0.167405735651652,0,0,0,0,0.220947660000648,0,0,0,0,0,0,0,0,0,0,0,0,0,0,0,0,0,0,0.202873122386681,0.158022134963955,0.240478680684016,0,0
0,0,0,0,0,0.170638397336006,0,0,0,0,0,0.151110768318176,0,0,0,0,0,0,0,0.147884947436103,0,0,0,0,0,0,0,0,0,0,0,0,0,0,0,0,0,0,0,0,0,0,0,0,0,0,0,0,0,0,0,0.214866459369659,0,0.19623401761055,0,0,0,0.232239346059275,0,0.152578987181187,0,0,0.146922356051033,0,0,0,0,0,0,0,0,0,0,0,0,0,0,0,0,0,0,0,0.211367261176016,0,0.141851224005222,0,0
0.241568910271402,0,0.14624115228653,0,0.282715878977969,0,0,0,0,0,0,0,0,0,0.239916713744925,0,0.183100212134619,0.154766204945668,0.185876315459609,0,0,0.131290480494499,0.159617164157904,0.149258005230323,0.246031048893929,0.135278914462436,0.187447235795135,0,0.18423724972776,0,0,0,0,0,0,0,0,0,0,0,0.265766650438309,0,0.221421508002095,0,0,0,0,0,0.207685571163893,0,0.214493960142136,0,0,0,0.277725837931076,0,0.283349424600601,0,0,0,0.351421241941569,0,0,0,0,0.167007547337562,0,0.210037881228732,0,0.174413499308795,0,0.178463022623743,0,0,0,0,0,0,0.293685704469681,0,0.329161882400513,0,0.219117799383956,0.338127082005081,0.243433514062096,0,0.232670067684025
0,0.234440993317913,0,0,0,0.328411800598879,0,0,0,0,0,0,0,0,0,0.278032431006432,0,0.157640309287952,0.181423664093018,0,0,0,0,0.192079290747643,0,0.194454337869372,0,0,0,0,0,0,0,0,0,0,0,0.196183986961842,0,0,0,0.273043578839397,0,0,0,0,0,0.313168774048487,0,0.221769376347462,0,0.238475498557091,0,0,0,0.309052216617957,0,0,0,0.234109396735827,0,0.302204818758246,0,0,0,0,0,0,0,0,0,0,0,0,0,0,0,0.326514482498169,0,0,0,0,0.233148851285635,0.240223371528189,0.271753783344022,0.244599837844617,0
0,0,0,0,0,0,0.261342452544915,0,0,0,0,0,0.211905720942425,0,0,0,0.356157131493092,0,0.351446506381035,0,0.246172274488339,0,0,0,0,0,0,0,0.162798974663019,0,0.169646416902542,0,0,0,0,0,0.212647784197772,0,0.213504310293744,0,0.335342645645142,0,0.370136013397804,0,0,0,0.337425676399264,0,0,0,0.243001148104668,0,0.29311622001908,0,0,0,0.225592896689489,0,0.245576739311218,0,0,0,0,0.300476154933373,0,0,0,0,0,0,0,0,0,0.175738584250212,0,0,0,0,0,0.252595119178295,0,0.161096190613124,0.210375570276447,0,0.313882092150246,0,0.430062836408615
0,0,0,0,0,0,0,0.151110768318176,0,0,0,0,0,0.155537839167484,0,0,0,0,0,0.162639490246773,0,0,0,0,0,0,0,0.167157374085888,0,0.191558271327758,0,0,0,0,0,0.160164118733969,0,0.169637856932805,0,0,0,0,0,0,0,0,0,0,0,0,0,0,0,0.224715694785118,0,0,0,0.207308388227973,0,0.160624243018001,0,0,0.160974483292802,0,0,0,0,0,0,0,0.176748066076211,0,0.238140985821233,0,0,0,0,0,0.160800504016465,0,0.190858839164055,0,0.166679225316862,0,0,0,0
0,0,0,0,0.191292069852352,0,0.15610431927555,0,0,0,0.211905720942425,0,0,0,0.198068480974841,0,0,0,0,0,0,0,0,0,0,0,0,0,0.217990194757779,0,0,0,0,0,0,0,0,0,0,0,0,0,0,0,0,0,0,0,0,0,0,0,0.168256501674652,0,0,0,0,0,0.173026927204236,0,0.189487561583519,0,0,0,0,0,0,0,0,0,0,0,0,0,0,0,0,0,0,0,0,0,0.211442880765084,0.234265194010379,0,0,0
0,0,0,0,0,0,0,0,0,0,0,0.155537839167484,0,0,0,0,0,0,0,0,0,0,0,0,0,0,0,0.170745501445757,0,0,0,0,0,0,0,0,0,0,0,0,0,0,0,0,0,0,0,0,0,0,0,0,0,0,0,0,0,0.2091376298666,0,0.162436573386969,0,0,0,0,0,0,0,0,0,0,0.181082782856489,0,0,0,0,0,0,0,0,0,0,0,0.227060289184252,0.214430555701256,0,0,0
0.122655030120822,0,0,0,0.215763979156812,0,0,0,0.239916713744925,0,0,0,0.198068480974841,0,0,0,0.140331621899783,0.138880552740201,0.182597718455575,0,0,0.131525367498398,0.146052640409042,0.136539468334781,0.187696635171219,0.128669633278771,0.147103953620662,0,0.16873225197196,0,0,0,0,0,0,0,0,0,0,0,0,0,0.195082560181618,0,0,0,0,0,0,0,0,0,0,0,0.300958584731733,0,0,0,0.162345289514989,0,0.232463121868283,0,0,0,0,0.149555077707326,0.127782188355923,0.175589774007147,0.118668280541897,0.155572103336453,0,0,0,0,0,0,0,0,0,0,0.303762376308441,0,0.15942831501436,0.186596252955496,0.218873545527458,0,0.201587192714214
0,0,0,0,0,0,0,0,0,0.278032431006432,0,0,0,0,0,0,0,0.156380736299099,0,0,0,0.12298521399498,0,0.149672658819901,0,0.1540068811737,0.129271045327187,0,0,0,0,0,0,0,0,0,0,0,0,0,0,0.2906893491745,0,0,0,0,0,0,0,0,0,0,0,0,0,0.22109492123127,0,0,0,0.193102337419987,0,0.173776702712411,0,0,0,0,0,0,0.155156502852569,0,0,0,0,0,0,0,0,0,0,0,0,0,0.2069088832237,0.312098890542984,0.279106080532074,0,0
0,0,0,0,0,0,0,0,0.183100212134619,0,0.356157131493092,0,0,0,0.140331621899783,0,0,0.198656264719195,0.327279738016614,0,0.321078479290009,0.161234396975487,0.150506703740957,0.139982915862843,0.177122746035457,0.135805938538019,0.140917847848126,0,0.120164397571768,0,0,0,0,0,0,0.346390101416358,0.371335010975599,0.359541118144989,0.366569949047906,0.28726227581501,0.330929285447512,0.275716314402719,0.261390136182308,0.214934751391411,0,0,0,0.278365607772555,0.331620872020721,0.273216269910336,0,0,0,0,0.151055929285509,0,0.329723785905277,0,0,0,0.17089818418026,0.137882858514786,0,0.329868193183626,0,0.134569231213795,0.147680297493935,0.169353326951916,0.131249003112316,0.138566253216643,0.364401265978813,0,0.345448850289635,0.331405237317085,0,0,0,0.260246098041534,0.344843938800634,0.344107015328553,0.378108180382035,0.347213043850295,0.242683086521752,0.148259964759474,0.318023382388439,0.298097103834152,0.270899942517281
0,0,0,0,0,0,0,0,0.154766204945668,0.157640309287952,0,0,0,0,0.138880552740201,0.156380736299099,0.198656264719195,0,0.322328583760695,0,0,0.12832705920681,0.148428065918337,0.145428860208131,0.148698875214905,0.134045791978349,0.129528867942031,0,0.146554484963417,0,0,0,0,0,0.258144825696945,0.343737927575906,0.373276770114899,0.333534777164459,0.330973068873088,0.27005891688168,0.280008845031261,0.253982607708421,0.233466536320489,0.230487450957298,0,0.271355241537094,0,0.247599754482508,0.248435989022255,0.25676453858614,0,0,0,0,0.151189227071073,0,0.305118137598038,0,0,0,0.135658482355731,0.162450465171233,0.282302737236023,0.308902829885483,0.132336421310902,0.131676771178626,0.147347763180733,0.151470352283546,0.146553374826908,0.135044598352101,0.259686946868896,0,0.307692967355251,0.369644165039062,0,0,0,0.252934396266937,0.320151479285339,0.31719607681036,0.371597469863245,0.334580425173044,0.163311676882944,0.145616489676585,0.290095067793323,0,0.236849740147591
0,0.164270814915164,0,0,0,0,0,0,0.185876315459609,0.181423664093018,0.351446506381035,0,0,0,0.182597718455575,0,0.327279738016614,0.322328583760695,0,0,0.348404303193092,0.229956829920411,0.254637867594377,0.220829155296087,0.174380505084991,0.194849148392677,0.212157693855903,0,0,0,0,0,0,0.274469047784805,0.270098085586841,0.365911894203985,0.370210538872264,0.348608698163714,0.357390146564554,0.310902756994421,0.317037563105362,0.301782211909692,0.221503342693463,0.371122692457654,0,0,0,0.249632464824142,0.252381519334657,0.279309081435204,0,0,0,0,0.207078824440638,0,0.342760242561606,0,0,0,0,0,0.290196109563112,0.339188708443391,0,0.21208082139492,0,0.203754529356956,0,0.207436785101891,0.357406318187714,0,0.358659983561048,0.34963738553378,0,0,0,0.275942442317804,0.376838542468807,0.354354743533712,0.385844847457218,0.378484165474726,0.250420104247696,0.349394263590083,0.306181945593401,0.247027548118716,0.294596270278648
0,0,0,0,0,0,0,0.147884947436103,0,0,0,0.162639490246773,0,0,0,0,0,0,0,0,0,0,0,0,0,0,0,0,0,0.274912675221761,0,0,0,0,0,0.183857624822441,0,0.209708247333765,0,0,0,0,0,0,0,0,0,0,0,0,0,0.177286358550191,0,0.142753824591637,0,0,0,0.235843520996899,0,0,0,0,0.194250126269615,0,0,0,0,0,0,0,0,0,0.337941101619176,0,0,0,0,0,0.179959472197376,0,0.283996359003542,0,0.164362648129463,0,0.236372252863445,0,0
0,0,0,0,0.210177673158622,0,0.22988166150751,0,0,0,0.246172274488339,0,0,0,0,0,0.321078479290009,0,0.348404303193092,0,0,0,0,0,0,0,0,0,0,0,0,0,0,0,0,0,0.188907090965645,0,0.221994993061974,0,0,0,0.3023946482156,0,0,0,0.30163694688907,0,0,0,0.269602325345789,0,0.284693319090577,0,0,0,0.339432032563386,0,0,0,0.250683575868607,0,0,0.21297131063728,0,0,0,0,0,0,0,0,0,0.336187392473221,0,0,0,0,0,0.195213642124901,0,0.203098748411451,0.194038712665889,0.215574111323804,0.222670640327973,0,0.371974778175354
0,0,0,0,0,0,0,0,0.131290480494499,0,0,0,0,0,0.131525367498398,0.12298521399498,0.161234396975487,0.12832705920681,0.229956829920411,0,0,0,0.110861388008509,0.140017792884562,0,0.133158007003367,0.126561523415148,0.157058303058147,0,0,0,0,0,0,0,0,0,0.211972776690578,0.14321072271892,0,0.310261756181717,0,0,0,0,0,0,0,0,0.312240139643351,0,0,0,0,0.131870716810226,0,0,0,0,0,0,0,0,0,0.212874254285438,0.0922132054412806,0.140161577273499,0,0.140793992082278,0.132154762744904,0,0,0,0,0,0,0,0,0,0,0.204511157601574,0,0.127089484545345,0.128047163248062,0,0,0
0,0,0,0,0,0,0,0,0.159617164157904,0,0,0,0,0,0.146052640409042,0,0.150506703740957,0.148428065918337,0.254637867594377,0,0,0.110861388008509,0,0.138482792968197,0.152169728717383,0.125833564570972,0.121238034145425,0,0.151126267117428,0,0,0,0,0,0,0.326298356056213,0,0.153757680312725,0.220753139286983,0,0.277780413627625,0.301318645477295,0.235102981328964,0,0,0,0,0,0.262098740864623,0,0,0,0,0,0.160051344383147,0,0,0,0,0,0.151878878474236,0,0,0.264593452215195,0.117780062556267,0.173279848777847,0,0.148252101696056,0.123775795102119,0.115963204991486,0,0.231652311170879,0,0,0,0,0,0,0.316580730676651,0.270336724817753,0.153752742478481,0.25815019716126,0.136194500132052,0.158455123664091,0.259821757674217,0,0
0,0,0,0,0,0,0,0,0.149258005230323,0.192079290747643,0,0,0,0,0.136539468334781,0.149672658819901,0.139982915862843,0.145428860208131,0.220829155296087,0,0,0.140017792884562,0.138482792968197,0,0.143623913638294,0.135292182249181,0.132866391747497,0,0.144574895501137,0,0,0,0,0,0,0,0,0.162845318516095,0,0,0,0,0,0,0,0,0,0,0,0,0,0,0,0,0.146805332175323,0,0,0,0,0,0.146234628558159,0,0,0,0.146556208238882,0.127295936457813,0.136062434271855,0.147533049708919,0.135926514863968,0.136890897261245,0,0,0,0,0,0,0,0,0,0,0.164658471941948,0,0.171167197330965,0.15146013132379,0,0,0
0.184878424457882,0,0,0,0,0,0,0,0.246031048893929,0,0,0,0,0,0.187696635171219,0,0.177122746035457,0.148698875214905,0.174380505084991,0,0,0,0.152169728717383,0.143623913638294,0,0.126389428973198,0.163317582127904,0,0.157557943149617,0,0,0,0,0,0,0,0,0,0.285456628849109,0,0,0,0,0,0,0,0,0,0.244242309377744,0,0,0,0,0,0.22541644847393,0,0,0,0,0,0.1686040610075,0,0,0,0,0.156788146330251,0,0.189359058351005,0,0.159499443956275,0,0.185175247490406,0.308984518051147,0,0,0,0,0,0,0,0.238140255212784,0.281876422464848,0.145078494876838,0.137929427623749,0.218705198888121,0,0
0,0,0,0,0,0,0,0,0.135278914462436,0.194454337869372,0,0,0,0,0.128669633278771,0.1540068811737,0.135805938538019,0.134045791978349,0.194849148392677,0,0,0.133158007003367,0.125833564570972,0.135292182249181,0.126389428973198,0,0.123889705351602,0,0.135064616799355,0,0,0,0,0,0,0,0.280235320329666,0,0,0,0.216058492660522,0.2234256118536,0,0,0,0,0,0,0,0,0,0,0,0,0.153221160173416,0,0,0,0,0,0.12667290866375,0,0,0,0.142402939794296,0.124834981081741,0.167537112729015,0.133329192797343,0.147527980427821,0.126811879687011,0,0,0,0,0,0,0,0,0,0,0,0,0.141281142293746,0.137177309569191,0,0,0
0.187394857406616,0,0,0,0,0,0,0,0.187447235795135,0,0,0,0,0,0.147103953620662,0.129271045327187,0.140917847848126,0.129528867942031,0.212157693855903,0,0,0.126561523415148,0.121238034145425,0.132866391747497,0.163317582127904,0.123889705351602,0,0,0.135246085055487,0,0,0,0,0,0,0,0,0,0,0,0,0,0,0,0,0,0,0,0,0,0,0,0,0,0.203106751281118,0,0,0,0,0,0.126548416912556,0.117449499666691,0,0,0.127399764955044,0.143334167759174,0.126586373895407,0.168221999578336,0.121974677048825,0.16209836916987,0,0.156822377505402,0.325084626674652,0,0,0,0,0,0.269530355930328,0,0.344439893960953,0,0.134283736065814,0.130332118791083,0.269979879260063,0,0
0,0,0,0,0,0,0,0,0,0,0,0.167157374085888,0,0.170745501445757,0,0,0,0,0,0,0,0.157058303058147,0,0,0,0,0,0,0,0.16734561363856,0,0,0,0,0,0,0,0.161053771773974,0,0,0,0,0,0,0,0,0,0,0,0,0,0,0,0,0,0,0,0.17084949520918,0,0,0,0,0,0,0.114352181553841,0,0,0,0,0,0.193400102400461,0,0.162739272358266,0,0,0,0,0,0,0,0,0,0.169669101635615,0,0,0,0
0,0,0,0,0,0,0,0,0.18423724972776,0,0.162798974663019,0,0.217990194757779,0,0.16873225197196,0,0.120164397571768,0.146554484963417,0,0,0,0,0.151126267117428,0.144574895501137,0.157557943149617,0.135064616799355,0.135246085055487,0,0,0,0.197319897332707,0,0,0,0,0,0,0,0.168864733945134,0,0,0,0,0,0,0,0,0,0.27255891263485,0,0,0,0,0,0.20080264928666,0,0.179061070084572,0,0,0,0,0,0,0,0,0.145351240038872,0,0.177572571511926,0,0.157784513220554,0,0.175311935527201,0,0.277905323202088,0,0,0,0,0,0,0,0.234926969433824,0.17984042709524,0.193385434838442,0,0,0
0,0,0,0,0,0,0,0,0,0,0,0.191558271327758,0,0,0,0,0,0,0,0.274912675221761,0,0,0,0,0,0,0,0.16734561363856,0,0,0,0,0,0,0,0,0,0.181030869737369,0,0,0,0,0,0,0,0,0,0,0,0,0,0,0,0,0,0,0,0.223899523799236,0,0,0,0,0.290135979652405,0,0,0,0,0,0,0,0.180006146430969,0,0.170906220881489,0,0,0,0,0,0,0,0.16397322273466,0,0.182277171449228,0,0,0,0
0,0,0,0,0,0,0,0,0,0,0.169646416902542,0,0,0,0,0,0,0,0,0,0,0,0,0,0,0,0,0,0.197319897332707,0,0,0,0,0,0,0,0,0,0.22182311762975,0,0,0,0,0,0,0,0,0,0,0,0,0,0,0,0,0,0,0,0,0,0,0,0,0,0,0,0,0,0,0,0,0.178258442344735,0,0.212025580003979,0,0,0,0,0,0,0,0.226279692517387,0,0,0,0,0
0,0,0,0,0,0,0,0,0,0,0,0,0,0,0,0,0,0,0,0,0,0,0,0,0,0,0,0,0,0,0,0,0.39740655583309,0.417352330684662,0.469653449608729,0.186811318869392,0.226044129293699,0,0,0,0,0,0,0,0,0,0,0.529935488345527,0,0.344813952079186,0,0,0,0,0,0,0,0,0,0,0,0,0,0,0,0,0,0,0,0,0,0,0,0,0.354441111027406,0.460958168419174,0.449536162614822,0.492345722366114,0.396966307547255,0,0,0,0.407682457840756,0,0.290481925010681,0,0
0,0,0,0,0,0,0,0,0,0,0,0,0,0,0,0,0,0,0,0,0,0,0,0,0,0,0,0,0,0,0,0.39740655583309,0,0.452802926301956,0.329373659090667,0.163877680324591,0.205327898960609,0,0,0,0,0,0,0,0,0,0,0.448831095856925,0.279364079236984,0.286334944622857,0,0,0,0,0,0,0,0,0,0,0,0,0,0,0,0,0,0,0,0,0,0,0,0,0.302437161412877,0.323244460618859,0.363340592384338,0.401474716739917,0.415250444921052,0.362739575376783,0,0,0.200927675106472,0,0.266943303247293,0,0
0,0,0,0.330597698688507,0,0,0,0,0,0,0,0,0,0,0,0,0,0,0.274469047784805,0,0,0,0,0,0,0,0,0,0,0,0,0.417352330684662,0.452802926301956,0,0.315985169339304,0.210129277461553,0.181165161508101,0.281356282934225,0.606729071409929,0.333652597665787,0,0.317751711938116,0.322785271538628,0,0,0,0,0.638828824590406,0.491447157329983,0.392889504854157,0,0,0,0,0,0,0,0,0,0,0,0,0,0,0,0,0,0,0,0,0,0,0.359401881694794,0,0.306840875799336,0.484633967280388,0.373203011057219,0.44636541421464,0.298830435519487,0.393957003951073,0.351323114207813,0.588923990868387,0.401767203402139,0.307377415312199,0.372083030641079,0.288798188169797,0
0,0,0,0.279560387134552,0,0,0,0,0,0,0,0,0,0,0,0,0,0.258144825696945,0.270098085586841,0,0,0,0,0,0,0,0,0,0,0,0,0.469653449608729,0.329373659090667,0.315985169339304,0,0.197209681783404,0.278755124351937,0.658224528034528,0.705727306158183,0,0.277915658094944,0.306680705812242,0.293085260710246,0,0,0,0,0.682636911640706,0.353440302255608,0.423726044459776,0,0,0,0,0,0,0.338480561971664,0,0,0,0,0,0.355974674224854,0,0,0,0,0,0,0,0,0,0,0.320550501346588,0.320654943821922,0.453883876403173,0.288065787318258,0.359275274084507,0.301187112498626,0.358029096626913,0.464058590432008,0.373550066176583,0.308430938036146,0.397427246084108,0.346877746219779,0.258699029684067,0
0,0,0,0,0,0,0,0,0,0,0,0.160164118733969,0,0,0,0,0.346390101416358,0.343737927575906,0.365911894203985,0.183857624822441,0,0,0.326298356056213,0,0,0,0,0,0,0,0,0.186811318869392,0.163877680324591,0.210129277461553,0.197209681783404,0,0.136628815146034,0.203548341956955,0.138690199170794,0.312547755324178,0,0.299779771216984,0.315814005004035,0.419639408588409,0,0.224099357922872,0,0.331090184981408,0,0.272494392326245,0,0,0,0,0,0,0.311843544244766,0,0,0,0,0,0.22462668332959,0,0,0,0,0,0,0,0.265348523855209,0,0.295033405224482,0,0.282581387832761,0.167793507961666,0.219368848853161,0.206339830630704,0.237305014729779,0.248997736722231,0.23828976508513,0,0.192280381029661,0.177834889870148,0.230150905794957,0.345649510622025,0.305205881595612
0,0,0,0,0,0,0,0,0,0,0.212647784197772,0,0,0,0,0,0.371335010975599,0.373276770114899,0.370210538872264,0,0.188907090965645,0,0,0,0,0.280235320329666,0,0,0,0,0,0.226044129293699,0.205327898960609,0.181165161508101,0.278755124351937,0.136628815146034,0,0,0.200873948576262,0.388052344322205,0.312727466225624,0,0.290787668875706,0,0,0,0.277287662857109,0.361343310995139,0.356897138886982,0,0,0,0,0,0,0,0.272167215744654,0,0,0,0,0,0,0.171218524547626,0,0,0,0,0,0,0,0,0,0.309071153402328,0,0.235135781281282,0,0.330186043269052,0.143454391238474,0.215796249067966,0,0.175711499297101,0.185324709845795,0.199857294369736,0.240567003526995,0,0.316697025299072
0,0,0,0,0,0,0,0,0,0.196183986961842,0,0.169637856932805,0,0,0,0,0.359541118144989,0.333534777164459,0.348608698163714,0.209708247333765,0,0.211972776690578,0.153757680312725,0.162845318516095,0,0,0,0.161053771773974,0,0.181030869737369,0,0,0,0.281356282934225,0.658224528034528,0.203548341956955,0,0,0.158670877686122,0.334598459303379,0,0.229301088452339,0.316259125868479,0,0,0,0,0.581789540085063,0.464450070491204,0.435884870837132,0,0,0,0,0,0.226612985134125,0,0.200342386960983,0,0,0,0,0.243051485468944,0,0.23186428259526,0.131214882264722,0.234138486596445,0,0,0,0.28044368326664,0,0,0,0,0,0.309911968908422,0.548943191766739,0.236755797153794,0,0.23614842144139,0.231461474405868,0.166688505676575,0.153856704254839,0.347846910043767,0,0
0,0,0,0,0,0,0,0,0,0,0.213504310293744,0,0,0,0,0,0.366569949047906,0.330973068873088,0.357390146564554,0,0.221994993061974,0.14321072271892,0.220753139286983,0,0.285456628849109,0,0,0,0.168864733945134,0,0.22182311762975,0,0,0.606729071409929,0.705727306158183,0.138690199170794,0.200873948576262,0.158670877686122,0,0,0.426874905824661,0,0.282542401561218,0,0,0,0.335744504081575,0.755759451042842,0.283969479820332,0,0.262090623378754,0,0,0,0,0,0.215960445931588,0,0,0,0,0,0,0.341946003963524,0,0.203567793529391,0,0,0,0,0,0.168925208312955,0,0.17190881110915,0,0,0,0.299571995933851,0.147926815681987,0.182483489091386,0.135817757248878,0.191993223424509,0.180084378477694,0.169218735728872,0.317543555033004,0,0.374433715641499
0,0,0,0,0,0,0,0,0,0,0,0,0,0,0,0,0.28726227581501,0.27005891688168,0.310902756994421,0,0,0,0,0,0,0,0,0,0,0,0,0,0,0.333652597665787,0,0.312547755324178,0.388052344322205,0.334598459303379,0,0,0,0.303765233822655,0.262712612748146,0.348825350403786,0,0.171933345496655,0,0.306886191879,0.271112084388733,0.26154462706197,0,0,0,0,0,0,0,0.346884707609812,0,0,0,0,0.276236207210101,0,0,0,0,0,0,0,0,0,0.325059235095978,0,0.319025236368179,0,0.356930496412165,0.261207193136215,0.261579193310058,0.291840836405754,0.273398150635116,0.317415237426758,0.288977386864523,0.339695609278149,0.260550405416224,0.309110439249447,0.219595521688461
0.323170959949493,0,0,0,0,0,0,0,0.265766650438309,0,0.335342645645142,0,0,0,0,0,0.330929285447512,0.280008845031261,0.317037563105362,0,0,0.310261756181717,0.277780413627625,0,0,0.216058492660522,0,0,0,0,0,0,0,0,0.277915658094944,0,0.312727466225624,0,0.426874905824661,0,0,0.280830303827922,0.29979182848539,0,0,0,0.362113375663757,0.282449727998925,0.290561231240243,0,0.257816523313522,0,0,0,0,0,0.313295759698924,0,0,0,0,0,0.294194847345352,0.322169129177928,0,0,0,0,0,0,0,0,0.326938956975937,0.28661391712152,0,0,0,0.271921935227682,0.332392305135727,0.316150056244008,0.331569254398346,0.325768902329088,0.288482404931295,0,0.328326758354902,0,0.384269368575245
0,0.287046001929986,0,0.275516796995092,0,0,0,0,0,0.273043578839397,0,0,0,0,0,0.2906893491745,0.275716314402719,0.253982607708421,0.301782211909692,0,0,0,0.301318645477295,0,0,0.2234256118536,0,0,0,0,0,0,0,0.317751711938116,0.306680705812242,0.299779771216984,0,0.229301088452339,0,0.303765233822655,0.280830303827922,0,0.250262378471521,0.200417445600033,0,0,0,0.259328099848693,0.303579784929752,0.273311321543128,0,0,0,0,0,0.280821236958609,0.307746410369873,0.355883822344734,0,0,0,0.288358845572541,0.329149352800665,0,0,0,0,0,0,0,0.325032259397458,0,0.307161159678237,0,0,0,0.320774467703991,0.311496595825468,0.279880070813168,0.310780832400689,0.319136506462027,0.279449701309204,0.238732486450449,0.301190117230782,0.292198376754033,0.248369421393556,0.18491867184639
0.197087049173812,0,0.258436036961419,0,0.233807510362481,0,0,0,0.221421508002095,0,0.370136013397804,0,0,0,0.195082560181618,0,0.261390136182308,0.233466536320489,0.221503342693463,0,0.3023946482156,0,0.235102981328964,0,0,0,0,0,0,0,0,0,0,0.322785271538628,0.293085260710246,0.315814005004035,0.290787668875706,0.316259125868479,0.282542401561218,0.262712612748146,0.29979182848539,0.250262378471521,0,0,0,0.258765518665314,0.297948001669003,0.266126028095275,0.239587958801249,0.31118204748189,0.250871097048124,0,0,0,0.207833938247769,0,0.329253138376766,0,0.248884041394506,0,0,0,0.26156160235405,0.330810651622013,0,0,0,0.198934152722359,0,0,0,0,0.258850291371346,0.311609709753972,0,0,0.370978853532246,0.322058469358117,0.300256458731989,0.304874160833427,0.288119802717119,0.309853300210358,0.238043353930024,0,0.267923327446703,0.274839863181114,0.204990565884285
0,0,0,0,0,0,0,0,0,0,0,0,0,0,0,0,0.214934751391411,0.230487450957298,0.371122692457654,0,0,0,0,0,0,0,0,0,0,0,0,0,0,0,0,0.419639408588409,0,0,0,0.348825350403786,0,0.200417445600033,0,0,0,0,0,0.245228316634893,0,0.281630638241768,0,0,0,0,0,0,0,0,0,0,0,0,0.317104324698448,0,0,0,0,0,0,0,0.341171234846115,0,0.366754876715796,0,0,0,0.296166300773621,0,0.350581068432692,0,0.420737751568967,0,0.267122563193826,0,0.277894784829446,0,0
0,0,0,0,0,0,0,0,0,0,0,0,0,0,0,0,0,0,0,0,0,0,0,0,0,0,0,0,0,0,0,0,0,0,0,0,0,0,0,0,0,0,0,0,0,0,0,0,0,0,0,0,0,0,0,0,0,0,0,0,0,0,0,0,0,0,0,0,0,0,0,0,0,0,0,0,0,0,0,0,0,0,0,0,0,0,0
0,0,0,0,0,0,0,0,0,0,0,0,0,0,0,0,0,0.271355241537094,0,0,0,0,0,0,0,0,0,0,0,0,0,0,0,0,0,0.224099357922872,0,0,0,0.171933345496655,0,0,0.258765518665314,0,0,0,0,0,0,0,0,0,0,0,0,0,0,0.256997472047806,0,0,0,0,0.244541695548428,0,0,0,0,0,0,0,0.275235331058502,0,0.266074803822181,0,0,0,0,0,0.236674711108208,0,0.252229605008055,0,0,0,0.247627228498459,0,0
0,0,0,0,0,0,0,0,0,0,0.337425676399264,0,0,0,0,0,0,0,0,0,0.30163694688907,0,0,0,0,0,0,0,0,0,0,0,0,0,0,0,0.277287662857109,0,0.335744504081575,0,0.362113375663757,0,0.297948001669003,0,0,0,0,0,0,0,0,0,0,0,0,0,0.348935582601338,0,0,0,0,0,0,0.269415817074957,0,0,0,0,0,0,0,0,0,0.358889347006535,0,0,0,0,0,0.259770757757948,0,0.334056061184542,0,0,0.29450833378664,0,0
0,0.316132418811321,0,0.280354231595993,0,0,0,0,0,0.313168774048487,0,0,0,0,0,0,0.278365607772555,0.247599754482508,0.249632464824142,0,0,0,0,0,0,0,0,0,0,0,0,0.529935488345527,0.448831095856925,0.638828824590406,0.682636911640706,0.331090184981408,0.361343310995139,0.581789540085063,0.755759451042842,0.306886191879,0.282449727998925,0.259328099848693,0.266126028095275,0.245228316634893,0,0,0,0,0.425648601464778,0.377415846196368,0.224175080657005,0,0,0,0,0,0.300957575440407,0.359793797135353,0,0,0,0.286448180675507,0.334256012682561,0.30704522558621,0,0,0,0,0,0,0,0,0.279973771423101,0.314949676394463,0.440777574306335,0.389075100328986,0.472071485798005,0.492845127214551,0.41148529745041,0.379707408002665,0.450971970386389,0.431091900668381,0.340496685237314,0,0.375296612537304,0.275391276529495,0.255913123488426
0.195036355434225,0,0.177981797743727,0,0.284103413422902,0,0,0,0.207685571163893,0,0,0,0,0,0,0,0.331620872020721,0.248435989022255,0.252381519334657,0,0,0,0.262098740864623,0,0.244242309377744,0,0,0,0.27255891263485,0,0,0,0.279364079236984,0.491447157329983,0.353440302255608,0,0.356897138886982,0.464450070491204,0.283969479820332,0.271112084388733,0.290561231240243,0.303579784929752,0.239587958801249,0,0,0,0,0.425648601464778,0,0.407670799485395,0.327757464987891,0,0,0,0.179805004037917,0,0.297336473737074,0,0.246223307081631,0,0.211323711607191,0,0,0.380111474224499,0,0.237399543325106,0,0,0,0.202123314142227,0,0.256763019921067,0,0.310585809805814,0,0.284032791852951,0.495783141681126,0.326390023032824,0.330605521798134,0.296288663418798,0.433491550385952,0.316131664893179,0.337115889299532,0.297795593738556,0.353583753682356,0.32457505663236,0.28106840895979
0,0.257940106621877,0,0.238173527300966,0,0,0,0,0,0.221769376347462,0,0,0,0,0,0,0.273216269910336,0.25676453858614,0.279309081435204,0,0,0.312240139643351,0,0,0,0,0,0,0,0,0,0.344813952079186,0.286334944622857,0.392889504854157,0.423726044459776,0.272494392326245,0,0.435884870837132,0,0.26154462706197,0,0.273311321543128,0.31118204748189,0.281630638241768,0,0,0,0.377415846196368,0.407670799485395,0,0,0,0,0,0,0.23146915779664,0,0.295754160364374,0,0.228693789829408,0,0.212786844798497,0.352076230759031,0,0.267569002136588,0,0.257280477537559,0,0.25221850480164,0,0.300042049554379,0,0.287649149532283,0,0.308354220220021,0.3523009121418,0.384462770431345,0.434071510382321,0.262650603398947,0.32784347913482,0.248296030585511,0.45064964782108,0.312048243525427,0.308271735906601,0.312583045519177,0.297158100734274,0
0,0,0.210767949124177,0,0.241794375208568,0,0,0,0.214493960142136,0,0.243001148104668,0,0,0,0,0,0,0,0,0,0.269602325345789,0,0,0,0,0,0,0,0,0,0,0,0,0,0,0,0,0,0.262090623378754,0,0.257816523313522,0,0.250871097048124,0,0,0,0,0.224175080657005,0.327757464987891,0,0,0,0,0,0,0,0.219169170457936,0,0,0,0,0,0,0.262268126854357,0,0,0,0,0,0,0,0,0,0.31893036311323,0,0,0,0,0,0.249707100422759,0,0.253236493095756,0.218457281589508,0.261948049068451,0.237705130375528,0,0.234569430351257
0,0,0,0,0,0.209962231012023,0,0.214866459369659,0,0.238475498557091,0,0,0,0,0,0,0,0,0,0.177286358550191,0,0,0,0,0,0,0,0,0,0,0,0,0,0,0,0,0,0,0,0,0,0,0,0,0,0,0,0,0,0,0,0,0,0,0,0,0,0.231402080205158,0,0.222936049103737,0,0.171788021922112,0.266973477684789,0,0,0,0,0,0,0,0,0,0,0,0,0,0,0,0,0,0,0,0.240388411689888,0,0.194898519814014,0,0
0,0,0,0,0.224917989224195,0,0.241120158342852,0,0,0,0.29311622001908,0,0.168256501674652,0,0,0,0,0,0,0,0.284693319090577,0,0,0,0,0,0,0,0,0,0,0,0,0,0,0,0,0,0,0,0,0,0,0,0,0,0,0,0,0,0,0,0,0,0,0,0.173374093241162,0,0.177014847354191,0,0,0,0,0.270476199686527,0,0,0,0,0,0,0,0,0,0,0,0,0,0,0,0,0,0,0.215570477423845,0.223045023424285,0.238635835051537,0,0
0,0,0,0,0,0.193178832530975,0,0.19623401761055,0,0,0,0.224715694785118,0,0,0,0,0,0,0,0.142753824591637,0,0,0,0,0,0,0,0,0,0,0,0,0,0,0,0,0,0,0,0,0,0,0,0,0,0,0,0,0,0,0,0,0,0,0,0,0,0.223825222694917,0,0.249103595813115,0,0,0.198965954545297,0,0,0,0,0,0,0,0,0,0,0,0,0,0,0,0,0,0,0,0.148704253137112,0,0,0,0
0.172315204226308,0,0,0,0.297372416532326,0,0,0,0.277725837931076,0,0,0,0,0,0.300958584731733,0,0.151055929285509,0.151189227071073,0.207078824440638,0,0,0.131870716810226,0.160051344383147,0.146805332175323,0.22541644847393,0.153221160173416,0.203106751281118,0,0.20080264928666,0,0,0,0,0,0,0,0,0,0,0,0,0,0.207833938247769,0,0,0,0,0,0.179805004037917,0,0,0,0,0,0,0,0.261852413415909,0,0,0,0.316401165696459,0,0,0.267226338386536,0,0.164270431480624,0,0.203086400771077,0,0.199326946338018,0,0.193902187049389,0,0.353276610374451,0,0,0,0,0,0,0,0.251385182142258,0.245606351959503,0.268095340891426,0.209979048371315,0,0.210091842028002
0,0.260871694158441,0,0,0,0.310031977792581,0,0,0,0.309052216617957,0,0,0,0,0,0.22109492123127,0,0,0,0,0,0,0,0,0,0,0,0,0,0,0,0,0,0,0,0,0,0.226612985134125,0,0,0,0.280821236958609,0,0,0,0,0,0,0,0.23146915779664,0,0,0,0,0,0,0,0,0,0,0,0.249563164927658,0,0,0,0,0,0,0,0,0,0,0,0,0,0,0.260223656892776,0,0,0,0.223967999219894,0,0.289918288007273,0.235956652199521,0.283036488309963,0.257342503716548,0
0,0,0.242743357929379,0,0.249799405535062,0,0.193308401615062,0,0.283349424600601,0,0.225592896689489,0,0,0,0,0,0.329723785905277,0.305118137598038,0.342760242561606,0,0.339432032563386,0,0,0,0,0,0,0,0.179061070084572,0,0,0,0,0,0.338480561971664,0.311843544244766,0.272167215744654,0,0.215960445931588,0,0.313295759698924,0.307746410369873,0.329253138376766,0,0,0,0.348935582601338,0.300957575440407,0.297336473737074,0,0.219169170457936,0,0.173374093241162,0,0.261852413415909,0,0,0,0.235394598870743,0,0.228024311363697,0,0,0.347405809752083,0,0,0,0,0,0.207706638357856,0,0,0,0.327535980786025,0,0,0,0.337803676724434,0,0.297225096145598,0,0.313666756119208,0.2916078221008,0,0.316980680125729,0,0.36315300492193
0,0,0,0.218944020569324,0,0.243254244327545,0,0.232239346059275,0,0,0,0.207308388227973,0,0.2091376298666,0,0,0,0,0,0.235843520996899,0,0,0,0,0,0,0,0.17084949520918,0,0.223899523799236,0,0,0,0,0,0,0,0.200342386960983,0,0.346884707609812,0,0.355883822344734,0,0,0,0.256997472047806,0,0.359793797135353,0,0.295754160364374,0,0.231402080205158,0,0.223825222694917,0,0,0,0,0,0.233274727239521,0,0.230855345726013,0.292337815131781,0,0,0,0,0,0.268506238857905,0,0.351442487279593,0,0.327777886818541,0,0,0,0.398466736078262,0.362828105688095,0.26765850854331,0,0.299851293109845,0,0.171743616227459,0,0.302523304426585,0,0
0,0,0.22814388897108,0,0,0,0.167405735651652,0,0,0,0.245576739311218,0,0.173026927204236,0,0.162345289514989,0,0,0,0,0,0,0,0,0,0,0,0,0,0,0,0,0,0,0,0,0,0,0,0,0,0,0,0.248884041394506,0,0,0,0,0,0.246223307081631,0,0,0,0.177014847354191,0,0,0,0.235394598870743,0,0,0,0.147287352873785,0,0,0,0,0,0,0,0,0.183965504817341,0,0.16579233109951,0,0.356688916683197,0,0,0,0,0,0.233751878142357,0,0,0.201013716558615,0,0.226461313091792,0,0
0,0.206127032637596,0,0,0,0,0,0.152578987181187,0,0.234109396735827,0,0.160624243018001,0,0.162436573386969,0,0.193102337419987,0,0,0,0,0,0,0,0,0,0,0,0,0,0,0,0,0,0,0,0,0,0,0,0,0,0,0,0,0,0,0,0,0,0.228693789829408,0,0.222936049103737,0,0.249103595813115,0,0,0,0.233274727239521,0,0,0,0.247124996404157,0,0,0,0,0,0,0.266789419146685,0,0.296301674495337,0,0.241373597898267,0,0,0,0,0,0,0,0.245563524961472,0,0.160539209842682,0.185344010591507,0.244544520974159,0,0
0.190268711610274,0,0,0,0,0,0,0,0.351421241941569,0,0,0,0.189487561583519,0,0.232463121868283,0,0.17089818418026,0.135658482355731,0,0,0.250683575868607,0,0.151878878474236,0.146234628558159,0.1686040610075,0.12667290866375,0.126548416912556,0,0,0,0,0,0,0,0,0,0,0,0,0,0,0,0,0,0,0,0,0,0.211323711607191,0,0,0,0,0,0.316401165696459,0,0.228024311363697,0,0.147287352873785,0,0,0,0,0,0,0.166616685688496,0,0.154944060104234,0,0.178321826789114,0,0,0,0,0,0,0,0,0,0,0,0,0.342448045810064,0.499152004718781,0.210154498616854,0,0
0,0.25950771689415,0,0.204761810208622,0,0.221565797924995,0,0,0,0.302204818758246,0,0,0,0,0,0.173776702712411,0.137882858514786,0.162450465171233,0,0,0,0,0,0,0,0,0.117449499666691,0,0,0,0,0,0,0,0,0,0,0,0,0,0,0.288358845572541,0,0,0,0,0,0.286448180675507,0,0.212786844798497,0,0.171788021922112,0,0,0,0.249563164927658,0,0.230855345726013,0,0.247124996404157,0,0,0,0,0,0,0,0,0.224101290106773,0.126456245779991,0.223448953032494,0,0.230252885818481,0,0,0,0,0,0,0,0,0,0.25283484492037,0.320262223482132,0.279546998259498,0.288747693101565,0
0,0,0,0.185970598662441,0,0.227978453040123,0,0.146922356051033,0,0,0,0.160974483292802,0,0,0,0,0,0.282302737236023,0.290196109563112,0.194250126269615,0,0,0,0,0,0,0,0,0,0.290135979652405,0,0,0,0,0.355974674224854,0.22462668332959,0,0.243051485468944,0,0.276236207210101,0.294194847345352,0.329149352800665,0.26156160235405,0.317104324698448,0,0.244541695548428,0,0.334256012682561,0,0.352076230759031,0,0.266973477684789,0,0.198965954545297,0,0,0,0.292337815131781,0,0,0,0,0,0,0,0,0,0,0,0,0.324324864246806,0,0.328674035290113,0,0,0,0.308247946202755,0,0.262942573155156,0.297907153765361,0.300196377097842,0,0.185466541457707,0.258524631676467,0.29106219727026,0.275579243898392,0
0,0,0.26327046751976,0,0.204421359917213,0,0.220947660000648,0,0,0,0.300476154933373,0,0,0,0,0,0.329868193183626,0.308902829885483,0.339188708443391,0,0.21297131063728,0,0.264593452215195,0,0,0,0,0,0,0,0,0,0,0,0,0,0.171218524547626,0,0.341946003963524,0,0.322169129177928,0,0.330810651622013,0,0,0,0.269415817074957,0.30704522558621,0.380111474224499,0,0.262268126854357,0,0.270476199686527,0,0.267226338386536,0,0.347405809752083,0,0,0,0,0,0,0,0,0,0,0,0,0,0,0,0,0.420517515920331,0,0,0,0.338347494602203,0,0.279981857828549,0,0.346049315712669,0.189108797430992,0,0.311110809844624,0,0.353444999097881
0,0,0,0,0,0,0,0,0,0,0,0,0,0,0,0,0,0.132336421310902,0,0,0,0.212874254285438,0.117780062556267,0.146556208238882,0,0.142402939794296,0.127399764955044,0.114352181553841,0,0,0,0,0,0,0,0,0,0.23186428259526,0,0,0,0,0,0,0,0,0,0,0,0.267569002136588,0,0,0,0,0,0,0,0,0,0,0,0,0,0,0,0.106892287731171,0.231035577302629,0,0.203650990128517,0,0.2646191400844,0,0,0,0,0,0,0,0,0,0.244755264685815,0,0.148244126362132,0.144202027055952,0,0,0
0,0,0,0,0,0,0,0,0.167007547337562,0,0,0,0,0,0.149555077707326,0,0.134569231213795,0.131676771178626,0.21208082139492,0,0,0.0922132054412806,0.173279848777847,0.127295936457813,0.156788146330251,0.124834981081741,0.143334167759174,0,0.145351240038872,0,0,0,0,0,0,0,0,0.131214882264722,0.203567793529391,0,0,0,0,0,0,0,0,0,0.237399543325106,0,0,0,0,0,0.164270431480624,0,0,0,0,0,0.166616685688496,0,0,0,0.106892287731171,0,0,0.16065737797368,0,0.160869599646562,0,0.276616402111853,0,0,0,0,0,0,0,0,0.131772454828024,0.314070431806079,0.12476178284915,0.161095070437743,0,0,0
0,0,0,0,0,0,0,0,0,0,0,0,0,0,0.127782188355923,0,0.147680297493935,0.147347763180733,0,0,0,0.140161577273499,0,0.136062434271855,0,0.167537112729015,0.126586373895407,0,0,0,0,0,0,0,0,0,0,0.234138486596445,0,0,0,0,0,0,0,0,0,0,0,0.257280477537559,0,0,0,0,0,0,0,0,0,0,0,0,0,0,0.231035577302629,0,0,0,0,0,0,0,0,0,0,0,0.262040872126818,0,0,0,0.207393449699057,0,0.181719842946754,0,0,0,0
0.183633968234062,0,0,0,0,0,0,0,0.210037881228732,0,0,0,0,0,0.175589774007147,0,0.169353326951916,0.151470352283546,0.203754529356956,0,0,0,0.148252101696056,0.147533049708919,0.189359058351005,0.133329192797343,0.168221999578336,0,0.177572571511926,0,0,0,0,0,0,0,0,0,0,0,0,0,0.198934152722359,0,0,0,0,0,0,0,0,0,0,0,0.203086400771077,0,0,0,0,0,0.154944060104234,0,0,0,0,0.16065737797368,0,0,0,0.151547401386779,0,0.173698663711548,0,0,0,0,0,0,0,0.307796686887741,0,0,0.156426102554394,0.150534123182297,0.200066981902674,0,0
0,0,0,0,0,0,0,0,0,0,0,0,0,0,0.118668280541897,0.155156502852569,0.131249003112316,0.146553374826908,0,0,0,0.140793992082278,0.123775795102119,0.135926514863968,0,0.147527980427821,0.121974677048825,0,0,0,0,0,0,0,0,0,0,0,0,0,0,0,0,0,0,0,0,0,0,0.25221850480164,0,0,0,0,0,0,0,0.268506238857905,0,0.266789419146685,0,0.224101290106773,0,0,0.203650990128517,0,0,0,0,0.132514427105586,0.273661677117293,0,0.228734083473682,0,0,0,0,0,0,0,0,0,0.161063233771956,0.139300264418125,0,0,0
0,0,0,0,0,0,0,0,0.174413499308795,0,0,0,0,0,0.155572103336453,0,0.138566253216643,0.135044598352101,0.207436785101891,0,0,0.132154762744904,0.115963204991486,0.136890897261245,0.159499443956275,0.126811879687011,0.16209836916987,0,0.157784513220554,0,0,0,0,0,0,0,0,0,0,0,0,0,0,0,0,0,0,0,0.202123314142227,0,0,0,0,0,0.199326946338018,0,0.207706638357856,0,0.183965504817341,0,0.178321826789114,0.126456245779991,0,0,0,0.160869599646562,0,0.151547401386779,0.132514427105586,0,0,0.178842446265312,0,0,0,0,0,0,0,0.278372079133987,0,0,0.142247165711421,0.132109026114146,0,0,0
0,0,0,0,0,0,0,0,0,0,0,0.176748066076211,0,0.181082782856489,0,0,0.364401265978813,0.259686946868896,0.357406318187714,0,0,0,0,0,0,0,0,0.193400102400461,0,0.180006146430969,0,0,0,0,0,0.265348523855209,0,0.28044368326664,0,0,0,0.325032259397458,0,0.341171234846115,0,0.275235331058502,0,0,0,0.300042049554379,0,0,0,0,0,0,0,0.351442487279593,0,0.296301674495337,0,0.223448953032494,0.324324864246806,0,0.2646191400844,0,0,0,0.273661677117293,0,0,0,0.297547115406255,0,0,0,0,0,0.279816213509311,0,0.310812314230252,0,0.194789660473665,0,0.331803622299975,0.338670621315638,0
0,0,0,0,0,0,0,0,0.178463022623743,0,0,0,0,0,0,0,0,0,0,0,0,0,0.231652311170879,0,0.185175247490406,0,0.156822377505402,0,0.175311935527201,0,0.178258442344735,0,0,0,0,0,0,0,0.168925208312955,0,0,0,0,0,0,0,0,0,0.256763019921067,0,0,0,0,0,0.193902187049389,0,0,0,0.16579233109951,0,0,0,0,0,0,0.276616402111853,0,0.173698663711548,0,0.178842446265312,0,0,0,0.256141513166293,0,0,0,0,0,0,0,0.273498459504201,0.155260324478149,0,0.221550639609204,0,0
0,0.299280673265457,0,0.272086501121521,0,0,0,0,0,0,0,0.238140985821233,0,0,0,0,0.345448850289635,0.307692967355251,0.358659983561048,0.337941101619176,0,0,0,0,0.308984518051147,0,0.325084626674652,0.162739272358266,0,0.170906220881489,0,0,0,0.359401881694794,0,0.295033405224482,0,0,0,0.325059235095978,0.326938956975937,0.307161159678237,0.258850291371346,0.366754876715796,0,0.266074803822181,0,0.279973771423101,0,0.287649149532283,0,0,0,0,0,0,0,0.327777886818541,0,0.241373597898267,0,0.230252885818481,0.328674035290113,0,0,0,0,0,0.228734083473682,0,0.297547115406255,0,0,0,0,0,0.283856809139252,0,0.276435464987012,0,0.242545627896873,0,0.237231647295337,0.25945195555687,0.32097399193741,0.349691272508807,0
0,0,0.342464631795883,0,0.291633427143097,0,0,0,0,0,0.175738584250212,0,0,0,0,0,0.331405237317085,0.369644165039062,0.34963738553378,0,0.336187392473221,0,0,0,0,0,0,0,0.277905323202088,0,0.212025580003979,0,0,0,0.320550501346588,0,0.309071153402328,0,0.17190881110915,0,0.28661391712152,0,0.311609709753972,0,0,0,0.358889347006535,0.314949676394463,0.310585809805814,0,0.31893036311323,0,0,0,0.353276610374451,0,0.327535980786025,0,0.356688916683197,0,0,0,0,0.420517515920331,0,0,0,0,0,0,0,0.256141513166293,0,0,0,0,0,0.31534277399381,0,0.332186581996771,0.311121135950089,0.279260406572864,0.328518718481064,0,0.343111219243709,0,0.356710397683341
