0,0,0.269791156053543,0,0,0,0,0,0.201548206026381,0,0.359588295221329,0,0.285033762454987,0,0.195173996416005,0,0.324637353420258,0,0.284237320224444,0,0.358020448684692,0,0,0,0.288049967799868,0,0.29425211250782,0,0,0,0.414549201726913,0,0,0,0,0,0.404303997755051,0,0.383288520968185,0,0,0,0.406450702228408,0,0,0,0.277704512079557,0,0.363817497652813,0,0,0,0,0,0.244905162226128,0,0.376061150940453,0,0.31688008374638,0,0.141290954898956,0,0,0.28638219833374,0,0,0,0.29767169514254,0,0.294931983710914,0,0.340416234145817,0,0.434041298842162,0,0,0,0,0,0.411688153942426,0,0.390112789234085,0.265054857969284,0.262213204056025,0.370514946621518,0,0
0,0,0,0.333633089101714,0,0.199761332701082,0,0,0,0.292524080315071,0,0,0,0,0,0.276195920095211,0,0,0.29388638195905,0,0,0,0,0.334416184652738,0,0.341884608477191,0,0,0,0,0,0,0,0,0,0.277402629775386,0,0.379960884072564,0,0.280999626219273,0.242784529924393,0.348922523542127,0.288463025353849,0.297313342491786,0.293654757738113,0.260194165448873,0.263915739953518,0,0.314979434013367,0.307634333550667,0,0,0,0,0,0.287878689916819,0,0,0,0,0,0.29615131018203,0.301295062148474,0,0,0,0.313661600946,0,0.325109118276094,0,0.338233475331907,0,0.366346284747124,0,0,0,0,0,0.315165914757096,0,0.347971189353201,0,0.286866858409883,0.158548138290644,0.345633652741783,0,0
0.269791156053543,0,0,0,0.186206684171498,0,0,0,0.190965053314964,0,0.204214438796043,0,0.197357714176178,0,0.21323549747467,0,0,0,0,0,0.168019816279411,0,0,0,0,0,0,0,0,0,0,0,0,0,0,0,0.17428268516256,0,0.25093449652195,0,0,0,0.247661261508862,0,0,0,0.181012042973301,0,0.260105613280426,0,0.150706173891717,0,0,0,0.153688966766395,0,0.211030621598992,0,0.239702916851169,0,0.216746041551232,0,0,0.140556830912828,0,0,0,0.26301795989275,0,0,0,0.291780091822147,0,0.291681014001369,0,0,0,0,0,0.161905608243412,0,0.275733262300491,0.18875885449472,0,0.204869980842847,0,0
0,0.333633089101714,0,0,0,0.288863433619039,0,0,0,0.24274619767126,0,0,0,0,0,0,0,0,0.291436898708343,0.251305999724489,0,0,0,0,0,0,0,0,0,0,0,0,0,0,0,0.352334073994032,0.18730451432722,0,0,0.278687043704538,0.248328705628713,0.274868212944391,0.242689400911331,0,0,0.242624567007667,0.243790482481321,0,0,0.272055393705765,0,0.275711373677966,0,0,0,0.25034011978595,0,0.135929149624548,0,0,0,0,0.327085864913725,0,0,0,0,0,0.281999051570892,0,0.302830383181572,0,0,0,0,0,0,0,0.346622575694293,0,0.259271738153917,0,0.251814913498309,0.186920798138568,0.245602098858263,0,0
0,0,0.186206684171498,0,0,0,0.228278617669896,0,0.214079688406653,0,0,0,0,0,0,0,0,0,0,0,0.257149629294872,0,0,0,0,0,0,0,0,0,0,0,0,0,0,0,0,0,0,0,0,0,0,0,0,0,0,0,0,0,0.217426566176314,0,0.175938747823238,0,0.192019250243902,0,0.227566455063429,0,0.296039779077877,0,0,0,0,0.250117905437946,0,0,0,0,0,0,0,0,0,0,0,0,0,0,0,0,0,0,0.208501783087631,0.205453186295927,0.233746934731801,0,0
0,0.199761332701082,0,0.288863433619039,0,0,0,0,0,0.21745262046655,0,0,0,0,0,0.238867552442984,0,0,0,0,0,0,0,0.236895173788071,0,0,0,0,0,0,0,0,0,0,0,0.264422139232875,0.20402690085272,0.217013671994209,0,0,0.214677780866623,0.243600767850876,0.23709300160408,0,0,0,0.253225841692516,0,0,0,0,0.222589918712931,0,0,0,0.202267880017838,0,0.118040956556797,0,0,0,0,0,0,0,0,0,0,0,0,0,0,0,0,0,0,0,0,0.31597612798214,0,0,0,0.210591708061315,0.126755314455791,0.231265075799852,0,0
0,0,0,0,0.228278617669896,0,0,0,0,0,0,0,0,0,0,0,0,0,0,0,0.218668177723885,0,0,0,0,0,0,0,0,0,0,0,0,0,0,0,0,0,0,0,0,0,0,0,0,0,0,0,0,0,0.163635086425593,0,0.139243181897413,0,0,0,0.271790117025375,0,0.33833783864975,0,0,0,0,0,0,0,0,0,0,0,0,0,0,0,0,0,0,0,0,0,0,0,0.270219984822548,0,0,0,0
0,0,0,0,0,0,0,0,0,0,0,0,0,0,0,0,0,0,0,0,0,0,0,0,0,0,0,0,0,0,0,0,0,0,0,0,0,0,0,0,0,0,0,0,0,0,0,0,0,0,0,0,0,0.121292810887098,0,0,0,0,0,0.145092065135638,0,0,0,0,0,0,0,0,0,0,0,0,0,0,0,0,0,0,0,0,0,0,0.165053132176399,0,0,0,0
0.201548206026381,0,0.190965053314964,0,0.214079688406653,0,0,0,0,0,0.33316108584404,0,0.262861583668452,0,0.183418200410744,0,0.307738283964304,0,0.147019702771848,0,0.317887643973033,0,0,0,0.237148754204376,0,0.17048563177769,0,0,0,0.453299641609192,0,0,0,0,0,0.329359382390976,0,0.379059485413811,0,0,0.22838818281889,0.238181792808158,0,0.265080129727721,0,0.266432942024299,0,0.314310877736009,0,0,0,0,0,0.256500885944611,0,0.260674933122622,0,0.239816032632282,0,0.179163588816183,0,0,0.272126479582353,0,0,0,0.262672327645123,0,0.228236321987731,0,0.311678712799194,0,0.347336409295478,0,0,0,0,0,0.309549803535144,0,0.382366391847718,0.176379446554142,0.196884994705518,0.298471133963396,0,0.185772171074694
0,0.292524080315071,0,0.24274619767126,0,0.21745262046655,0,0,0,0,0,0,0,0,0,0.205665655264027,0,0,0.298493600374943,0,0,0,0,0.238186215637657,0,0.213426551463441,0,0,0,0,0,0,0,0,0,0.221885681152344,0.218725919723511,0.266261666178,0,0.35622575879097,0.239242188632488,0.260145232081413,0.278050291538239,0,0.301186561584473,0,0.248246035228173,0,0,0.269171153505643,0,0.286778542730543,0,0,0,0.161108049807503,0,0,0,0,0,0.224384792149067,0,0,0,0,0.281005427485607,0,0.275681552787622,0,0,0,0,0,0,0,0,0,0,0,0.219391681615589,0,0.19717288592126,0.171831558313635,0.309891610276451,0,0
0.359588295221329,0,0.204214438796043,0,0,0,0,0,0.33316108584404,0,0,0,0.144616423919797,0,0,0,0,0,0.350357472896576,0,0.239196212209286,0,0,0,0,0,0,0,0.197180070877075,0,0.324379809697469,0,0,0,0,0,0.362211480736732,0,0.282752318447527,0,0,0,0.42680162191391,0,0,0,0,0,0.276312798261642,0,0.17761605232954,0,0,0,0.519168317317963,0,0.210212957393442,0,0.278525909916921,0,0,0,0,0.221347522419111,0,0,0,0,0,0,0,0.243409425020218,0,0.360176545224692,0,0,0,0,0,0.30228853225708,0,0.336329397909782,0.220233639994068,0,0.241873800351813,0,0
0,0,0,0,0,0,0,0,0,0,0,0,0,0.209498604208651,0,0,0,0,0,0.168578843751999,0,0,0,0,0,0,0,0.224217906594276,0,0.154261745822926,0,0,0,0,0,0,0,0.152026064593244,0,0,0,0,0,0,0,0,0,0,0,0,0,0,0,0,0,0,0,0.190010143617141,0,0.211679296047421,0,0,0.169135513774892,0,0,0,0,0,0,0,0,0,0.138313069194555,0,0,0,0,0,0,0,0,0,0.168253856774879,0,0,0,0
0.285033762454987,0,0.197357714176178,0,0,0,0,0,0.262861583668452,0,0.144616423919797,0,0,0,0.230080583213288,0,0.294904500246048,0.25838977098465,0.247618675231934,0,0,0,0,0,0.33733287574857,0,0.318004041910172,0,0.224071357882133,0,0,0,0,0,0,0,0,0,0.290002026341178,0,0,0,0.238814247506005,0,0,0,0,0,0.32469146427561,0,0.156607642769814,0,0,0,0.289982898604302,0,0.246822859002994,0,0.207856744358805,0,0.199657613439346,0,0,0,0,0,0,0.345345418341458,0,0.337618484372986,0,0.251620292223688,0,0.346528589725494,0,0,0,0,0,0,0,0.335880438410319,0.25397171847748,0.294224768877029,0.261676065158099,0,0
0,0,0,0,0,0,0,0,0,0,0,0.209498604208651,0,0,0,0,0,0,0,0,0,0,0,0,0,0,0,0.212541628628969,0,0.125771030783653,0,0,0,0,0,0,0,0,0,0,0,0,0,0,0,0,0,0,0,0,0,0,0,0,0,0,0,0.248800870151289,0,0.212707559432095,0,0,0,0,0,0,0,0,0,0,0.207805389085331,0,0.128967583179474,0,0,0,0,0,0,0,0,0,0.158720835112035,0.323232144117355,0,0,0
0.195173996416005,0,0.21323549747467,0,0,0,0,0,0.183418200410744,0,0,0,0.230080583213288,0,0,0,0.150395372084209,0,0,0,0,0,0,0,0.200492507239588,0,0.161008963982264,0,0.153617814183235,0,0,0,0,0,0,0,0,0,0.222276013344526,0,0,0,0.242502745240927,0,0,0,0.224710799753666,0,0.276576411861338,0,0,0,0,0,0.193991684227539,0,0.207945726548924,0,0.184477079733469,0,0.184705910558748,0,0,0,0,0,0,0.216234832397989,0,0.247389768547622,0,0.236417155209425,0,0.243698373436928,0,0,0,0,0,0,0,0.287390709687502,0.211024465104833,0.160849427875084,0.232246026835021,0,0
0,0.276195920095211,0,0,0,0.238867552442984,0,0,0,0.205665655264027,0,0,0,0,0,0,0,0,0,0,0,0,0,0.193190783262253,0,0.179121264389583,0,0,0,0,0,0,0,0,0,0,0,0,0,0,0,0,0,0,0,0,0,0,0,0,0,0,0,0,0,0.172652430832386,0,0,0,0,0,0.224045494016336,0,0,0,0,0.186418160796165,0,0.383927122934868,0,0,0,0,0,0,0,0,0,0,0,0,0,0.169168657660484,0.135956830531359,0,0,0
0.324637353420258,0,0,0,0,0,0,0,0.307738283964304,0,0,0,0.294904500246048,0,0.150395372084209,0,0,0.184456899763456,0.259354509147536,0,0.343436225822994,0,0.167702979546912,0,0.236362977325916,0,0.161846910105195,0,0,0,0.403070494532585,0,0,0,0,0.28936380147934,0.290697268077305,0,0.36276459445556,0.267766090482473,0.35678830742836,0.292548794831548,0.263490713499486,0.269430738506895,0.241792205969493,0.31417738539832,0.305780296123401,0,0.329384154477798,0,0,0,0,0,0.410269428981083,0,0.373566441237926,0,0.335144460201263,0,0,0,0,0.323355553059429,0,0.155810188502073,0,0.300912058187856,0,0.288998514413834,0,0.346338211462416,0,0.327294527634468,0,0,0,0,0.276784040472087,0.340768591752128,0.341698557138443,0.320918691485843,0.237748456121447,0.231943248069375,0.295189273180272,0.213908359408379,0.239379222354581
0,0,0,0,0,0,0,0,0,0,0,0,0.25838977098465,0,0,0,0.184456899763456,0,0.280805533750821,0,0.317712247371674,0.132551699255904,0,0.210364832172385,0.279795676469803,0.170658798242102,0,0,0,0,0,0,0,0,0,0.259997427463531,0,0.283205265800158,0,0.277070562044779,0,0.325568946925077,0.285421314338843,0.285929828882217,0.259715810418129,0.318751881519953,0.327941785256068,0,0.284747302532196,0,0,0,0,0,0.302561742067337,0,0,0,0,0,0,0,0,0.321071062769209,0.117543308738064,0,0.209328095233718,0,0.162919638535151,0,0,0.332212209701538,0,0.347864138228553,0,0,0,0,0.287497467228345,0.302416185537974,0.332339555025101,0.33384736875693,0.222334930123155,0.201982243471063,0.319671626444216,0,0.273996382951736
0.284237320224444,0.29388638195905,0,0.291436898708343,0,0,0,0,0.147019702771848,0.298493600374943,0.350357472896576,0,0.247618675231934,0,0,0,0.259354509147536,0.280805533750821,0,0.363856610324648,0.323512834233214,0,0,0.297632357105613,0.297625452280045,0.339759449164073,0,0,0,0,0.328775376081467,0,0,0.301787133794278,0,0.311824390445562,0.271136453942112,0.326635836869821,0.329048734746481,0.297538915951781,0.239684370160103,0.318535796466242,0.194187199109103,0.303391722525048,0.178246154549026,0.353374242316931,0.291929789699685,0.32093608379364,0.30146955272486,0.333378915073751,0,0,0,0,0.296343159908689,0.297159694135189,0.36161924460355,0,0.284060814976692,0,0,0,0.411232676945235,0.306426364252614,0,0,0.330877158304919,0.299049228429794,0.332363491257032,0.336712822318077,0.340843021869659,0.31331795702378,0.403478607535362,0.314730017135541,0,0,0,0,0.318401495291513,0.303808064330415,0.332236774010701,0.293388050415044,0.235910160108679,0.23328454289916,0.324391583156589,0.22813434914827,0.19050741167669
0,0,0,0.251305999724489,0,0,0,0,0,0,0,0.168578843751999,0,0,0,0,0,0,0.363856610324648,0,0,0,0,0,0,0,0,0,0,0,0,0,0,0,0,0.230196423330431,0,0.201315823101228,0,0.240403845906258,0,0,0,0.327749967575073,0,0.216738823618262,0,0,0,0.21206733584404,0,0,0,0,0,0,0,0.162397338284387,0,0,0,0,0.198833423329013,0,0,0,0,0,0,0,0,0,0,0,0,0,0,0,0.230711642551422,0,0,0,0.164755542956343,0,0.262737438736255,0,0
0.358020448684692,0,0.168019816279411,0,0.257149629294872,0,0.218668177723885,0,0.317887643973033,0,0.239196212209286,0,0,0,0,0,0.343436225822994,0.317712247371674,0.323512834233214,0,0,0,0,0,0,0,0,0,0,0,0.432002022862434,0,0,0,0,0,0.311909206211567,0.363843321800232,0.300647151253953,0,0,0,0.316754377237749,0,0.36843032091856,0,0.302862813223279,0,0.398459373248948,0,0,0,0,0,0.431546475206103,0,0.247422170509921,0,0.355939827794614,0,0,0,0,0.239103014470115,0,0,0,0.311360985040665,0,0,0,0.325599282979965,0,0.4193423801455,0,0,0,0,0.32726289331913,0.272987993616004,0,0.290930606068403,0.233587499806541,0,0.283197375180341,0,0.320918831834219
0,0,0,0,0,0,0,0,0,0,0,0,0,0,0,0,0,0.132551699255904,0,0,0,0,0.115721772079701,0.255549989694647,0,0.273884972919954,0,0.132452413439751,0,0,0,0,0,0,0,0,0,0.258485023520495,0,0,0,0,0,0,0,0,0,0,0,0.168763592492702,0,0,0,0,0,0,0,0,0,0,0,0,0,0,0.15242857189748,0.124494942603633,0.217663393648906,0,0.296313426269332,0,0,0,0,0,0,0,0,0,0,0,0.30746091902256,0,0.150591673621212,0.155799814653366,0,0,0
0,0,0,0,0,0,0,0,0,0,0,0,0,0,0,0,0.167702979546912,0,0,0,0,0.115721772079701,0,0,0.239677192711764,0,0.159959104433656,0,0.134473533928394,0,0,0,0,0,0,0,0,0.716002583503723,0.442554823694989,0,0,0,0,0,0,0,0,0,0.427408251996343,0,0,0,0,0,0,0,0,0,0,0,0,0,0,0,0.14204566180706,0.197002939636941,0,0.218012670837444,0,0.141575069129467,0,0,0,0,0,0,0,0,0,0,0,0.359648617128824,0.193112764061547,0.184650249362931,0,0,0
0,0.334416184652738,0,0,0,0.236895173788071,0,0,0,0.238186215637657,0,0,0,0,0,0.193190783262253,0,0.210364832172385,0.297632357105613,0,0,0.255549989694647,0,0,0,0.286160713108463,0,0,0,0,0,0,0,0,0,0,0,0.327752327075634,0,0.313854187726974,0,0.299862539036232,0.31492182943556,0,0.321304008364677,0,0,0,0,0.369222475827195,0,0,0,0,0,0.243573301370853,0,0,0,0,0,0.221431530515353,0,0,0.290015182010742,0,0.325946855358779,0,0.395820780930459,0,0.316445069180595,0,0,0,0,0,0,0,0.290367282927036,0,0.390775771913948,0,0.24576670685562,0.208088720217347,0.294366831741025,0,0
0.288049967799868,0,0,0,0,0,0,0,0.237148754204376,0,0,0,0.33733287574857,0,0.200492507239588,0,0.236362977325916,0.279795676469803,0.297625452280045,0,0,0,0.239677192711764,0,0,0,0.211447077215741,0,0,0,0,0,0,0,0,0,0,0,0.287163685646749,0,0,0,0.250839956104755,0,0,0,0.294242158532143,0,0.3405852395464,0,0,0,0,0,0.203150446712971,0,0.281752847135067,0,0.341213675650731,0,0.236937622121279,0,0,0.320029149452845,0,0.185583108669543,0,0.245196593992171,0,0.220442712868108,0,0.283927583008361,0,0,0,0,0,0,0,0,0,0.19772203808481,0.228832930037819,0.241714634812704,0.20144763882731,0,0.273961663246155
0,0.341884608477191,0,0,0,0,0,0,0,0.213426551463441,0,0,0,0,0,0.179121264389583,0,0.170658798242102,0.339759449164073,0,0,0.273884972919954,0,0.286160713108463,0,0,0,0,0,0,0,0,0,0,0,0,0,0.337862362819059,0,0,0,0.30679449737072,0.333710789680481,0,0,0,0,0,0,0.314918044635228,0,0,0,0,0,0.218780513852835,0,0,0,0,0,0.22932227246173,0,0,0.25337466986283,0,0.272221260942703,0,0.279633445698812,0,0.316607250935502,0,0,0,0,0,0,0,0,0,0.324126485735178,0,0.259439585165996,0,0.341520190238953,0,0
0.29425211250782,0,0,0,0,0,0,0,0.17048563177769,0,0,0,0.318004041910172,0,0.161008963982264,0,0.161846910105195,0,0,0,0,0,0.159959104433656,0,0.211447077215741,0,0,0,0.245967801205996,0,0,0,0,0,0,0,0,0,0.153416383724946,0,0,0,0,0,0,0,0,0,0,0,0,0,0,0,0.17953886538744,0,0,0,0.313489973545074,0,0.189875649602226,0,0,0,0,0.183254469854709,0,0.212798527654866,0,0.178121881972578,0,0.242500180808397,0,0,0,0,0,0,0,0,0,0.200980833172798,0.173913125914556,0.233478575944901,0,0,0
0,0,0,0,0,0,0,0,0,0,0,0.224217906594276,0,0.212541628628969,0,0,0,0,0,0,0,0.132452413439751,0,0,0,0,0,0,0,0.205702617384341,0,0,0,0,0,0,0,0,0,0,0,0,0,0,0,0,0,0,0,0,0,0,0,0,0,0,0,0,0,0.216547176241875,0,0,0,0,0,0,0,0,0,0,0.194390528190326,0,0,0,0,0,0,0,0,0,0,0,0.232788727524575,0.269877829721996,0,0,0
0,0,0,0,0,0,0,0,0,0,0.197180070877075,0,0.224071357882133,0,0.153617814183235,0,0,0,0,0,0,0,0.134473533928394,0,0,0,0.245967801205996,0,0,0,0.14606902768815,0,0,0,0,0,0,0,0,0,0,0,0,0,0,0,0,0,0,0,0,0,0,0,0,0,0.145475268363953,0,0.171222547261879,0,0.181163171927134,0,0,0,0,0,0,0,0,0.314023000001907,0,0.239502547025357,0,0.0911262548632092,0,0,0,0,0,0,0,0,0.197994115948677,0.191690336380686,0,0,0
0,0,0,0,0,0,0,0,0,0,0,0.154261745822926,0,0.125771030783653,0,0,0,0,0,0,0,0,0,0,0,0,0,0.205702617384341,0,0,0,0,0,0,0,0,0,0,0,0,0,0,0,0,0,0,0,0,0,0,0,0,0,0,0,0,0,0.154858368876818,0,0,0,0,0,0,0,0,0,0,0,0,0,0,0.18434607618573,0,0,0,0,0,0,0,0,0,0.209803007144964,0,0,0,0
0.414549201726913,0,0,0,0,0,0,0,0.453299641609192,0,0.324379809697469,0,0,0,0,0,0.403070494532585,0,0.328775376081467,0,0.432002022862434,0,0,0,0,0,0,0,0.14606902768815,0,0,0,0,0,0,0,0,0,0.127428060691608,0,0,0,0.519954651594162,0,0,0,0,0,0,0,0,0,0,0,0.522460639476776,0,0.2705926482545,0,0,0,0,0,0,0.361444741487503,0,0,0,0,0,0,0,0.132410456213745,0,0.137614018150738,0,0,0,0,0,0,0,0,0.199361614882946,0.193290664503972,0.395586967468262,0,0
0,0,0,0,0,0,0,0,0,0,0,0,0,0,0,0,0,0,0,0,0,0,0,0,0,0,0,0,0,0,0,0,0.143271693411995,0,0.149533626224313,0.251706127609525,0,0,0,0,0,0,0,0,0,0,0,0.1754250642577,0,0,0,0,0,0,0,0,0,0,0,0,0,0,0,0,0,0,0,0,0,0,0,0,0,0,0.257880552574943,0,0,0,0.170621089294724,0,0,0,0.227054265883047,0,0,0,0
0,0,0,0,0,0,0,0,0,0,0,0,0,0,0,0,0,0,0,0,0,0,0,0,0,0,0,0,0,0,0,0.143271693411995,0,0.11867199651897,0,0,0.246034258355697,0,0,0,0.145184621214867,0,0,0,0,0,0,0.152602561019562,0.144140031188726,0,0,0,0,0,0,0,0,0,0,0,0,0,0,0,0,0,0,0,0,0,0,0,0,0,0.161365866661072,0.175814251070256,0,0,0,0,0,0,0.123083104543826,0,0,0,0
0,0,0,0,0,0,0,0,0,0,0,0,0,0,0,0,0,0,0.301787133794278,0,0,0,0,0,0,0,0,0,0,0,0,0,0.11867199651897,0,0.1952580271918,0.287123949365403,0,0.461395565759052,0.396815159698812,0.290642887353897,0,0.287845821334765,0,0.300691857933998,0,0,0,0.27305199101503,0,0.306575363677628,0,0,0,0,0,0,0,0,0,0,0,0,0,0,0,0,0,0,0,0,0,0,0,0,0,0,0.17192423703162,0.168331618521076,0.253919221435477,0,0.266035644216584,0.550425350666046,0.137644504361293,0,0.305338259400993,0.289616093039513,0
0,0,0,0,0,0,0,0,0,0,0,0,0,0,0,0,0,0,0,0,0,0,0,0,0,0,0,0,0,0,0,0.149533626224313,0,0.1952580271918,0,0,0,0.373105220709528,0.377912708489889,0,0,0,0,0,0,0,0,0.256859412281126,0.285046529024839,0,0,0,0,0,0,0,0,0,0,0,0,0,0,0,0,0,0,0,0,0,0,0,0,0,0.161360828412904,0,0.149467819384512,0.182108720978023,0,0,0.159456208348274,0.450169852127631,0.254558115373267,0.178381703794003,0.334646821022034,0,0
0,0.277402629775386,0,0.352334073994032,0,0.264422139232875,0,0,0,0.221885681152344,0,0,0,0,0,0,0.28936380147934,0.259997427463531,0.311824390445562,0.230196423330431,0,0,0,0,0,0,0,0,0,0,0,0.251706127609525,0,0.287123949365403,0,0,0.310691396550586,0.185497918393877,0,0.291752908124842,0,0.275855971969289,0.223647211085666,0.271123411258062,0,0.214180890523212,0,0.316211137877799,0.301967740058899,0.293987617808945,0,0.297929625958204,0,0,0,0.277554035186768,0,0,0,0,0,0,0.204406883802853,0,0,0,0,0,0,0,0,0,0,0,0.218441960401833,0,0.272770446175948,0,0.22175034568744,0.361434420372577,0.18875147646584,0,0.200956611828072,0.181160928721124,0.27946106031188,0.287017241571889,0
0.404303997755051,0,0.17428268516256,0.18730451432722,0,0.20402690085272,0,0,0.329359382390976,0.218725919723511,0.362211480736732,0,0,0,0,0,0.290697268077305,0,0.271136453942112,0,0.311909206211567,0,0,0,0,0,0,0,0,0,0,0,0.246034258355697,0,0,0.310691396550586,0,0,0.248623370259293,0,0.272593979047586,0.318728148937225,0.273615949428999,0,0.258663836866617,0,0.284106079488993,0.360033055130666,0.389975787584598,0.312660053372383,0,0.215720971425374,0,0,0.408405333757401,0,0.217016864863653,0,0,0,0,0,0,0.288902129977942,0,0,0,0,0,0,0,0,0,0.30568540096283,0,0.121085400879383,0,0,0.400325566530228,0.246782550629624,0,0.26353277185525,0.197184757478492,0.158078551346803,0.223292904619414,0,0.297118991613388
0,0.379960884072564,0,0,0,0.217013671994209,0,0,0,0.266261666178,0,0.152026064593244,0,0,0,0,0,0.283205265800158,0.326635836869821,0.201315823101228,0.363843321800232,0.258485023520495,0.716002583503723,0.327752327075634,0,0.337862362819059,0,0,0,0,0,0,0,0.461395565759052,0.373105220709528,0.185497918393877,0,0,0.564892949147539,0.340314701199532,0,0.301649669513983,0.321740958839655,0.299132406711578,0,0.353714168071747,0,0.604600103564017,0,0.405431386604837,0,0,0,0,0,0.264510059250253,0,0,0,0,0,0.187715232372284,0.249674276772298,0,0.335051754587575,0,0.387649803327268,0,0.356033456533454,0,0.336516282161077,0,0,0,0,0,0.198419238130252,0,0.201286426377394,0,0.266849855108329,0.709059901097242,0.389916843923584,0.301028198221835,0.318416911487778,0.30448824763298,0
0.383288520968185,0,0.25093449652195,0,0,0,0,0,0.379059485413811,0,0.282752318447527,0,0.290002026341178,0,0.222276013344526,0,0.36276459445556,0,0.329048734746481,0,0.300647151253953,0,0.442554823694989,0,0.287163685646749,0,0.153416383724946,0,0,0,0.127428060691608,0,0,0.396815159698812,0.377912708489889,0,0.248623370259293,0.564892949147539,0,0,0.276849676262249,0.409711927175522,0.368233725973746,0,0.290855005383492,0,0.35953038710135,0.587416353590814,0.441029674443258,0,0,0,0,0,0.463639449328184,0,0.319727524881086,0,0.276602624127498,0,0.220620203018188,0,0,0.309376725128719,0.116142644546926,0.409561647094173,0,0.170347183942795,0,0.202866747975349,0,0.239032641701076,0,0.276754781603813,0,0,0,0.276271546880404,0,0.256230545025202,0.713478037634411,0.261859658439999,0.442819549128242,0.404518305132383,0.32928280736973,0,0.379992183297873
0,0.280999626219273,0,0.278687043704538,0,0,0,0,0,0.35622575879097,0,0,0,0,0,0,0.267766090482473,0.277070562044779,0.297538915951781,0.240403845906258,0,0,0,0.313854187726974,0,0,0,0,0,0,0,0,0,0.290642887353897,0,0.291752908124842,0,0.340314701199532,0,0,0,0.291616302840666,0.274755036877107,0.291397695054314,0.277006857670271,0.298149466219515,0.383290976285934,0,0,0.151461642001713,0,0,0,0,0,0.307598777115345,0,0,0,0,0,0,0.259166896343231,0,0,0,0.310571283102036,0,0,0,0,0,0,0,0,0,0,0,0.238172879492914,0,0.281182916391464,0.302006840705872,0.258036930289444,0.293303392827511,0.270683579274655,0.343151928650008,0
0,0.242784529924393,0,0.248328705628713,0,0.214677780866623,0,0,0,0.239242188632488,0,0,0,0,0,0,0.35678830742836,0,0.239684370160103,0,0,0,0,0,0,0,0,0,0,0,0,0,0.145184621214867,0,0,0,0.272593979047586,0,0.276849676262249,0,0,0.243088394403458,0.25867364023413,0,0,0,0.411635868589083,0.28685988508738,0.280851131605815,0.340456793254072,0,0,0,0,0.443020969629288,0.22217321395874,0,0,0.227974988520145,0,0.220728293061256,0,0,0.388779307017103,0,0,0,0,0,0,0,0,0,0,0,0,0,0,0,0.290742563399725,0,0.289219160165106,0.191781180728784,0.202278181910515,0.37300811291879,0,0.236943227549394
0,0.348922523542127,0,0.274868212944391,0,0.243600767850876,0,0,0.22838818281889,0.260145232081413,0,0,0,0,0,0,0.292548794831548,0.325568946925077,0.318535796466242,0,0,0,0,0.299862539036232,0,0.30679449737072,0,0,0,0,0,0,0,0.287845821334765,0,0.275855971969289,0.318728148937225,0.301649669513983,0.409711927175522,0.291616302840666,0.243088394403458,0,0.422540073860881,0.423932681941698,0.24717763313433,0.336959080840074,0.32765464981397,0.451896876096725,0.355711661279202,0.266040970686755,0,0,0,0,0,0.33504163009533,0,0.347527941068013,0,0,0,0.326206755638123,0.296528966890441,0.304821079969406,0,0,0.29925248970588,0,0.309175280162266,0,0.360471506010402,0,0.366576785391027,0.375510980685552,0,0,0,0,0.284289740976256,0.320845385392507,0.266121185938769,0.318036466836929,0.340267079141103,0.390550606744193,0.321778507546677,0.266076347596072,0.476518377661705
0.406450702228408,0.288463025353849,0.247661261508862,0.242689400911331,0,0.23709300160408,0,0,0.238181792808158,0.278050291538239,0.42680162191391,0,0.238814247506005,0,0.242502745240927,0,0.263490713499486,0.285421314338843,0.194187199109103,0,0.316754377237749,0,0,0.31492182943556,0.250839956104755,0.333710789680481,0,0,0,0,0.519954651594162,0,0,0,0,0.223647211085666,0.273615949428999,0.321740958839655,0.368233725973746,0.274755036877107,0.25867364023413,0.422540073860881,0,0.252815753221512,0.210498828316625,0,0.279934250229951,0.311999089964505,0.329637963802186,0.473183053590003,0,0,0,0,0.304033612266735,0.290523735376505,0.312714870881151,0,0.245349693773449,0,0.242420274278392,0,0,0.303046859945543,0,0,0,0.269759390503168,0,0.293680459260941,0,0.244940038770437,0,0.311623710664836,0,0,0,0,0.230747867907797,0.29141790420859,0.313868686556816,0.312558684512961,0.277963334151617,0.313600641030532,0.286634377084981,0.211200460791588,0.21564050745219
0,0.297313342491786,0,0,0,0,0,0,0,0,0,0,0,0,0,0,0.269430738506895,0.285929828882217,0.303391722525048,0.327749967575073,0,0,0,0,0,0,0,0,0,0,0,0,0,0.300691857933998,0,0.271123411258062,0,0.299132406711578,0,0.291397695054314,0,0.423932681941698,0.252815753221512,0,0.24821001291275,0.372269057716981,0.297560673952103,0,0.274896144866943,0.361698031425476,0,0,0,0,0,0,0,0,0,0,0,0,0.374284356832504,0.310924679040909,0,0,0,0,0,0,0,0,0,0.300773829221725,0,0,0,0,0.271338970512152,0.296375021338463,0.344286024570465,0.315543711185455,0.30647647978571,0.27337758988142,0.366652436054216,0.240148663520813,0
0,0.293654757738113,0,0,0,0,0,0,0.265080129727721,0.301186561584473,0,0,0,0,0,0,0.241792205969493,0.259715810418129,0.178246154549026,0,0.36843032091856,0,0,0.321304008364677,0,0,0,0,0,0,0,0,0,0,0,0,0.258663836866617,0,0.290855005383492,0.277006857670271,0,0.24717763313433,0.210498828316625,0.24821001291275,0,0.335591346025467,0.364802787837746,0,0.259972715377808,0.320194095373154,0,0,0,0,0.220037944614887,0.31346470117569,0,0,0,0,0,0,0,0.353206599629002,0,0,0,0,0,0,0,0,0,0.319099631160498,0,0,0,0,0.250160813331604,0.304299569078561,0,0.267975214359572,0.242713049522245,0.256835252046585,0.274974820561203,0,0.183577257551645
0,0.260194165448873,0,0.242624567007667,0,0,0,0,0,0,0,0,0,0,0,0,0.31417738539832,0.318751881519953,0.353374242316931,0.216738823618262,0,0,0,0,0,0,0,0,0,0,0,0,0,0,0,0.214180890523212,0,0.353714168071747,0,0.298149466219515,0,0.336959080840074,0,0.372269057716981,0.335591346025467,0,0.346028010050456,0,0,0.240339747633574,0,0,0,0,0.330711503823598,0.357842713594437,0,0,0,0,0,0,0.170999087350806,0.293180108070374,0,0,0,0,0,0,0.291879028081894,0,0.274273425340652,0.341428577899933,0,0,0,0,0.264355016992642,0,0.27297372197002,0.330741792917252,0.294831185055047,0,0.273564283434466,0.287985295057297,0
0.277704512079557,0.263915739953518,0.181012042973301,0.243790482481321,0,0.253225841692516,0,0,0.266432942024299,0.248246035228173,0,0,0,0,0.224710799753666,0,0.305780296123401,0.327941785256068,0.291929789699685,0,0.302862813223279,0,0,0,0.294242158532143,0,0,0,0,0,0,0,0,0,0,0,0.284106079488993,0,0.35953038710135,0.383290976285934,0.411635868589083,0.32765464981397,0.279934250229951,0.297560673952103,0.364802787837746,0.346028010050456,0,0,0.305792317282958,0,0,0,0,0,0.298486918210983,0.245371636003256,0.262481814181363,0,0.229383065744683,0,0.229839842985658,0,0,0.262420354273985,0,0,0.271664142608643,0.291376799345016,0,0,0,0.355165923635165,0,0.376030639481189,0,0,0,0,0,0.268729498587578,0,0.338189701776247,0.263318527765362,0.234434751363901,0.257165594704893,0,0.277535037333636
0,0,0,0,0,0,0,0,0,0,0,0,0,0,0,0,0,0,0.32093608379364,0,0,0,0,0,0,0,0,0,0,0,0,0.1754250642577,0.152602561019562,0.27305199101503,0.256859412281126,0.316211137877799,0.360033055130666,0.604600103564017,0.587416353590814,0,0.28685988508738,0.451896876096725,0.311999089964505,0,0,0,0,0,0.352238448396711,0.282565570812599,0,0,0,0,0,0,0,0,0,0,0,0,0,0.372442245483398,0,0,0,0,0,0,0,0,0,0,0.271869623129911,0.156565741274526,0.221457673744722,0.167223193339611,0.315403873251902,0.223539060458194,0,0.596681050956249,0.440779757045564,0.420931380830313,0.296122213539023,0,0
0.363817497652813,0.314979434013367,0.260105613280426,0,0,0,0,0,0.314310877736009,0,0.276312798261642,0,0.32469146427561,0,0.276576411861338,0,0.329384154477798,0.284747302532196,0.30146955272486,0,0.398459373248948,0,0.427408251996343,0,0.3405852395464,0,0,0,0,0,0,0,0.144140031188726,0,0.285046529024839,0.301967740058899,0.389975787584598,0,0.441029674443258,0,0.280851131605815,0.355711661279202,0.329637963802186,0.274896144866943,0.259972715377808,0,0.305792317282958,0.352238448396711,0,0.441855843560913,0,0,0,0,0.365133503596189,0,0.253491846523408,0,0.384021697093619,0,0.260165796892063,0,0,0.371080127251041,0,0.231099825418365,0,0.261395906810375,0,0.375611144364079,0,0.350159743612721,0,0.352855871561207,0.372055470943451,0.163956768810749,0,0.268565846607089,0,0.292479635716757,0,0.288296000893451,0.388883360875903,0.47953394151503,0.33615967296448,0,0.263411050041517
0,0.307634333550667,0,0.272055393705765,0,0,0,0,0,0.269171153505643,0,0,0,0,0,0,0,0,0.333378915073751,0.21206733584404,0,0.168763592492702,0,0.369222475827195,0,0.314918044635228,0,0,0,0,0,0,0,0.306575363677628,0,0.293987617808945,0.312660053372383,0.405431386604837,0,0.151461642001713,0.340456793254072,0.266040970686755,0.473183053590003,0.361698031425476,0.320194095373154,0.240339747633574,0,0.282565570812599,0.441855843560913,0,0,0,0,0,0,0.301476836204529,0,0.154653718098275,0,0,0,0.252031782908099,0.261128655346957,0,0.153870449355333,0,0.266442023544458,0,0.276807951887971,0,0.296587982067936,0,0.331863403320312,0,0,0,0.26406193855736,0,0.295792833887195,0,0.324036803251558,0.635408699512482,0.431871065184929,0,0.34620091592523,0.288552582263947,0
0,0,0.150706173891717,0,0.217426566176314,0,0.163635086425593,0,0,0,0.17761605232954,0,0.156607642769814,0,0,0,0,0,0,0,0,0,0,0,0,0,0,0,0,0,0,0,0,0,0,0,0,0,0,0,0,0,0,0,0,0,0,0,0,0,0,0,0.144686512649059,0,0,0,0.20719536828498,0,0.15587145977077,0,0,0,0,0,0,0,0,0,0,0,0,0,0,0,0,0,0,0,0,0,0,0,0.207252424819152,0,0,0,0
0,0,0,0.275711373677966,0,0.222589918712931,0,0,0,0.286778542730543,0,0,0,0,0,0,0,0,0,0,0,0,0,0,0,0,0,0,0,0,0,0,0,0,0,0.297929625958204,0.215720971425374,0,0,0,0,0,0,0,0,0,0,0,0,0,0,0,0,0.209026480466127,0,0.27495937552717,0,0,0,0,0,0,0,0,0,0,0,0,0,0,0,0,0,0,0,0,0,0,0,0,0,0,0.245611754911286,0,0.213673934340477,0,0
0,0,0,0,0.175938747823238,0,0.139243181897413,0,0,0,0,0,0,0,0,0,0,0,0,0,0,0,0,0,0,0,0,0,0,0,0,0,0,0,0,0,0,0,0,0,0,0,0,0,0,0,0,0,0,0,0.144686512649059,0,0,0,0,0,0.124990243464708,0,0,0,0,0,0,0,0,0,0,0,0,0,0,0,0,0,0,0,0,0,0,0,0,0,0.214646450347371,0.214407458901405,0.205839758569544,0,0
0,0,0,0,0,0,0,0.121292810887098,0,0,0,0,0,0,0,0,0,0,0,0,0,0,0,0,0,0,0,0,0,0,0,0,0,0,0,0,0,0,0,0,0,0,0,0,0,0,0,0,0,0,0,0.209026480466127,0,0,0,0,0,0.117550574243069,0,0,0,0,0,0,0,0,0,0,0,0,0,0,0,0,0,0,0,0,0,0,0,0,0.129786640405655,0,0,0,0
0.244905162226128,0,0.153688966766395,0,0.192019250243902,0,0,0,0.256500885944611,0,0.519168317317963,0,0.289982898604302,0,0.193991684227539,0,0.410269428981083,0.302561742067337,0.296343159908689,0,0.431546475206103,0,0,0,0.203150446712971,0,0.17953886538744,0,0,0,0.522460639476776,0,0,0,0,0,0.408405333757401,0,0.463639449328184,0,0.443020969629288,0,0.304033612266735,0,0.220037944614887,0.330711503823598,0.298486918210983,0,0.365133503596189,0,0,0,0,0,0,0,0.354842921620921,0,0.296888817857979,0,0.215957616145412,0,0,0.350748633344968,0,0,0,0.234260569593703,0,0.251574056744576,0,0.337309541718827,0,0.452888869597362,0,0,0,0,0,0.427812861012561,0,0.465054429907065,0.363349846290971,0.272716626524925,0.357460221990484,0,0.213376998901367
0,0.287878689916819,0,0.25034011978595,0,0.202267880017838,0,0,0,0.161108049807503,0,0,0,0,0,0.172652430832386,0,0,0.297159694135189,0,0,0,0,0.243573301370853,0,0.218780513852835,0,0,0,0,0,0,0,0,0,0.277554035186768,0,0.264510059250253,0,0.307598777115345,0.22217321395874,0.33504163009533,0.290523735376505,0,0.31346470117569,0.357842713594437,0.245371636003256,0,0,0.301476836204529,0,0.27495937552717,0,0,0,0,0,0,0,0,0,0.244093835353851,0,0,0,0,0.205714383549415,0,0.353753762585776,0,0,0,0,0,0,0,0,0,0,0,0.212290754973494,0,0.239150329697761,0.190547474556499,0.306297098270484,0,0
0.376061150940453,0,0.211030621598992,0,0.227566455063429,0,0.271790117025375,0,0.260674933122622,0,0.210212957393442,0,0.246822859002994,0,0.207945726548924,0,0.373566441237926,0,0.36161924460355,0,0.247422170509921,0,0,0,0.281752847135067,0,0,0,0.145475268363953,0,0.2705926482545,0,0,0,0,0,0.217016864863653,0,0.319727524881086,0,0,0,0.312714870881151,0,0,0,0.262481814181363,0,0.253491846523408,0,0.20719536828498,0,0.124990243464708,0,0.354842921620921,0,0,0,0.308057158513177,0,0.195367966095606,0,0,0.266752660647035,0,0,0,0.286244635071073,0,0,0,0.359883118340105,0,0.278325594736282,0,0,0,0,0,0.213976675644517,0,0.314300300846709,0.262479681126232,0.216971203684807,0.247821748306729,0,0
0,0,0,0.135929149624548,0,0.118040956556797,0,0,0,0,0,0.190010143617141,0,0.248800870151289,0,0,0,0,0,0.162397338284387,0,0,0,0,0,0,0,0,0,0.154858368876818,0,0,0,0,0,0,0,0,0,0,0,0.347527941068013,0,0,0,0,0,0,0,0.154653718098275,0,0,0,0.117550574243069,0,0,0,0,0,0.232626806013286,0,0.231402067991788,0.158104669302702,0,0,0,0,0,0.227033277973533,0,0,0,0.182971054712931,0,0,0,0,0,0,0,0,0,0.151209336907967,0,0.27125482110584,0,0
0.31688008374638,0,0.239702916851169,0,0.296039779077877,0,0.33833783864975,0,0.239816032632282,0,0.278525909916921,0,0.207856744358805,0,0.184477079733469,0,0.335144460201263,0,0.284060814976692,0,0.355939827794614,0,0,0,0.341213675650731,0,0.313489973545074,0,0.171222547261879,0,0,0,0,0,0,0,0,0,0.276602624127498,0,0.227974988520145,0,0.245349693773449,0,0,0,0.229383065744683,0,0.384021697093619,0,0.15587145977077,0,0,0,0.296888817857979,0,0.308057158513177,0,0,0,0.175315092106221,0,0,0.382034342511591,0,0,0,0.351036222291832,0,0.37928593250097,0,0.268177735626542,0,0.272666990756989,0,0,0,0,0,0.230512589216232,0,0.341342731164052,0.300628118324194,0.28261137008667,0.317191786895093,0,0
0,0,0,0,0,0,0,0.145092065135638,0,0,0,0.211679296047421,0,0.212707559432095,0,0,0,0,0,0,0,0,0,0,0,0,0,0.216547176241875,0,0,0,0,0,0,0,0,0,0,0,0,0,0,0,0,0,0,0,0,0,0,0,0,0,0,0,0,0,0.232626806013286,0,0,0,0.196451455354691,0,0,0,0,0,0,0,0,0.17043262167323,0,0,0,0,0,0,0,0,0,0,0,0.172190092969686,0.180298648774624,0,0,0
0.141290954898956,0,0.216746041551232,0,0,0,0,0,0.179163588816183,0,0,0,0.199657613439346,0,0.184705910558748,0,0,0,0,0,0,0,0,0,0.236937622121279,0,0.189875649602226,0,0.181163171927134,0,0,0,0,0,0,0,0,0,0.220620203018188,0,0.220728293061256,0,0.242420274278392,0,0,0,0.229839842985658,0,0.260165796892063,0,0,0,0,0,0.215957616145412,0,0.195367966095606,0,0.175315092106221,0,0,0,0,0.265300378203392,0,0,0,0.254867293295406,0,0.219197809158779,0,0.228451635716138,0,0.284336403012276,0,0,0,0,0,0,0,0.250188498447339,0.215881577727706,0.168536776406133,0.217648921357958,0,0
0,0.29615131018203,0,0,0,0,0,0,0,0.224384792149067,0,0,0,0,0,0.224045494016336,0,0,0,0,0,0,0,0.221431530515353,0,0.22932227246173,0,0,0,0,0,0,0,0,0,0,0,0.187715232372284,0,0,0,0.326206755638123,0,0,0,0,0,0,0,0.252031782908099,0,0,0,0,0,0.244093835353851,0,0.231402067991788,0,0.196451455354691,0,0,0,0,0,0,0.198852422706624,0,0.35926304557148,0,0.352345526218414,0,0,0,0,0,0,0,0,0,0,0,0.218614164453286,0.14216665497848,0.251292438970672,0,0
0,0.301295062148474,0,0.327085864913725,0,0,0,0,0,0,0,0.169135513774892,0,0,0,0,0,0,0.411232676945235,0.198833423329013,0,0,0,0,0,0,0,0,0,0,0,0,0,0,0,0.204406883802853,0,0.249674276772298,0,0.259166896343231,0,0.296528966890441,0,0.374284356832504,0,0.170999087350806,0,0,0,0.261128655346957,0,0,0,0,0,0,0,0.158104669302702,0,0,0,0,0,0,0,0,0,0,0,0,0,0,0,0,0,0,0,0,0.233656751294421,0,0.223633249856762,0,0.235068551078439,0,0.221163400189549,0,0
0.28638219833374,0,0.140556830912828,0,0.250117905437946,0,0,0,0.272126479582353,0,0.221347522419111,0,0,0,0,0,0.323355553059429,0.321071062769209,0.306426364252614,0,0.239103014470115,0,0,0,0.320029149452845,0,0,0,0,0,0.361444741487503,0,0,0,0,0,0.288902129977942,0,0.309376725128719,0,0.388779307017103,0.304821079969406,0.303046859945543,0.310924679040909,0.353206599629002,0.293180108070374,0.262420354273985,0.372442245483398,0.371080127251041,0,0,0,0,0,0.350748633344968,0,0.266752660647035,0,0.382034342511591,0,0.265300378203392,0,0,0,0,0,0,0.327646419405937,0,0,0,0.341921716928482,0,0.392724780305739,0,0,0,0,0.311620846390724,0.302105602628714,0,0.36121823505895,0.257316348609333,0.262137584388256,0.31611077826099,0,0.316492598553862
0,0,0,0,0,0,0,0,0,0,0,0,0,0,0,0,0,0.117543308738064,0,0,0,0.15242857189748,0.14204566180706,0.290015182010742,0,0.25337466986283,0,0,0,0,0,0,0,0,0,0,0,0.335051754587575,0.116142644546926,0,0,0,0,0,0,0,0,0,0,0.153870449355333,0,0,0,0,0,0,0,0,0,0,0,0,0,0,0,0,0.300683675152915,0,0.372870448953617,0,0.245507571101189,0,0,0,0,0,0,0,0,0,0.308180526775472,0,0.179953708338576,0.137076817044657,0,0,0
0,0,0,0,0,0,0,0,0,0,0,0,0,0,0,0,0.155810188502073,0,0,0,0,0.124494942603633,0.197002939636941,0,0.185583108669543,0,0.183254469854709,0,0,0,0,0,0,0,0,0,0,0,0.409561647094173,0,0,0,0,0,0,0,0,0,0.231099825418365,0,0,0,0,0,0,0,0,0,0,0,0,0,0,0,0,0,0,0.20997886367703,0,0.275985211133957,0,0.318011533874304,0,0,0,0,0,0,0,0,0,0.450226299930364,0.227048913857271,0.114511227793992,0,0,0
0,0.313661600946,0,0,0,0,0,0,0,0.281005427485607,0,0,0,0,0,0.186418160796165,0,0.209328095233718,0.330877158304919,0,0,0.217663393648906,0,0.325946855358779,0,0.272221260942703,0,0,0,0,0,0,0,0,0,0,0,0.387649803327268,0,0.310571283102036,0,0.29925248970588,0,0,0,0,0.271664142608643,0,0,0.266442023544458,0,0,0,0,0,0.205714383549415,0,0,0,0,0,0.198852422706624,0,0,0.300683675152915,0,0,0,0.325944960458914,0,0.314530951751245,0,0,0,0,0,0,0,0.300206735730171,0,0.257379310523591,0,0.305503887440963,0.25351819396019,0.27784118259495,0,0
0.29767169514254,0,0.26301795989275,0,0,0,0,0,0.262672327645123,0,0,0,0.345345418341458,0,0.216234832397989,0,0.300912058187856,0,0.299049228429794,0,0.311360985040665,0,0.218012670837444,0,0.245196593992171,0,0.212798527654866,0,0,0,0,0,0,0,0,0,0,0,0.170347183942795,0,0,0,0.269759390503168,0,0,0,0.291376799345016,0,0.261395906810375,0,0,0,0,0,0.234260569593703,0,0.286244635071073,0,0.351036222291832,0,0.254867293295406,0,0,0.327646419405937,0,0.20997886367703,0,0,0,0.25764787097772,0,0.272868156008369,0,0,0,0,0,0,0,0,0,0.162207819166638,0.270675199770409,0,0.198173876331989,0,0
0,0.325109118276094,0,0.281999051570892,0,0,0,0,0,0.275681552787622,0,0,0,0,0,0.383927122934868,0,0.162919638535151,0.332363491257032,0,0,0.296313426269332,0,0.395820780930459,0,0.279633445698812,0,0,0,0,0,0,0,0,0,0,0,0.356033456533454,0,0,0,0.309175280162266,0,0,0,0,0,0,0,0.276807951887971,0,0,0,0,0,0.353753762585776,0,0.227033277973533,0,0,0,0.35926304557148,0,0,0.372870448953617,0,0.325944960458914,0,0,0,0.293829126977453,0,0.212130795825611,0,0,0,0,0,0,0,0.341040235757828,0,0.331262620997294,0,0.283574678003788,0,0
0.294931983710914,0,0,0,0,0,0,0,0.228236321987731,0,0,0,0.337618484372986,0,0.247389768547622,0,0.288998514413834,0,0.336712822318077,0,0,0,0.141575069129467,0,0.220442712868108,0,0.178121881972578,0,0.314023000001907,0,0,0,0,0,0,0,0,0,0.202866747975349,0,0,0,0.293680459260941,0,0,0,0,0,0.375611144364079,0,0,0,0,0,0.251574056744576,0,0,0,0.37928593250097,0,0.219197809158779,0,0,0,0,0.275985211133957,0,0.25764787097772,0,0,0,0.291522580790095,0,0,0,0,0,0,0,0,0,0.243210574513988,0.272036091788955,0.258593291044235,0.32004517267962,0,0
0,0.338233475331907,0,0.302830383181572,0,0,0,0,0,0,0,0,0,0.207805389085331,0,0,0,0,0.340843021869659,0,0,0,0,0.316445069180595,0,0.316607250935502,0,0.194390528190326,0,0,0,0,0,0,0,0,0,0.336516282161077,0,0,0,0.360471506010402,0,0,0,0.291879028081894,0,0,0,0.296587982067936,0,0,0,0,0,0,0,0,0,0.17043262167323,0,0.352345526218414,0,0,0.245507571101189,0,0.314530951751245,0,0.293829126977453,0,0,0,0.296294951438904,0,0,0,0,0,0,0,0.350169426686055,0,0.275199917513271,0.181587179501851,0.348829062695199,0,0
0.340416234145817,0,0.291780091822147,0,0,0,0,0,0.311678712799194,0,0.243409425020218,0,0.251620292223688,0,0.236417155209425,0,0.346338211462416,0.332212209701538,0.31331795702378,0,0.325599282979965,0,0,0,0.283927583008361,0,0.242500180808397,0,0.239502547025357,0,0.132410456213745,0,0,0,0,0,0,0,0.239032641701076,0,0,0,0.244940038770437,0,0,0,0.355165923635165,0,0.350159743612721,0,0,0,0,0,0.337309541718827,0,0.359883118340105,0,0.268177735626542,0,0.228451635716138,0,0,0.341921716928482,0,0.318011533874304,0,0.272868156008369,0,0.291522580790095,0,0,0,0.184260308395985,0,0,0,0,0,0,0,0.26698475331068,0.294798547295248,0,0.360963669063803,0,0
0,0.366346284747124,0,0,0,0,0,0,0,0,0,0.138313069194555,0,0.128967583179474,0,0,0,0,0.403478607535362,0,0,0,0,0,0,0,0,0,0,0.18434607618573,0,0,0,0,0,0,0,0,0,0,0,0.366576785391027,0,0,0,0.274273425340652,0,0,0,0.331863403320312,0,0,0,0,0,0,0,0.182971054712931,0,0,0,0,0,0,0,0,0,0,0.212130795825611,0,0.296294951438904,0,0,0,0,0,0,0,0,0,0,0,0.381178177893162,0,0.317250315875015,0,0
