0,0,0.0137231439489543,0,0.00037211150986146,0,0.00031216275292764,0,0.0638561408314211,0,0,0,0,0,0.0026405756421834,0,0.000327952613205628,0.00011416376171804,0.0064042817479307,0,0.00537633084771413,0,0,0,0.00053213246644122,0,0,0,0,0,0,0,0,0,0,0,8.11896766291251e-05,0,0.000156024733583796,0,0.000406628332991313,0,0.0097874460600692,0,0,0,0.000745120214907299,0,0.0222314616335954,0,0.00316966479402586,0,0,0,0.0770301037798529,0,0.00216175273724571,0,8.23338962143809e-05,0,0.0310295486815082,0,0,0.00441702189636698,0,0,0,0.000131460540114833,0,0.000439920362030973,0,0.000199163608806023,0,0.000141033990657107,0,0,0,0,0,0.0019024504831051,0,0.00082974539439428,0.000929726809956915,0,0.0221895016092746,0,0.000304905811923162
0,0,0,0.0280404972280953,0,0,0,0,0,0.0484652345118394,0,0,0,0,0,0.000343732003908871,0,0,5.2388011646737e-05,0,0,0,0,6.57741244896942e-05,0,0,0,0,0,0,0,0,0,0,0,0,0,4.81168007579058e-05,0,0.000137376576356406,0,0.00314140769428869,0,0,0,0,0,0,0,0.0369226073732071,0,0.000111076617546038,0,0,0,0.0150490997181326,0,0.000130520907621236,0,0.000607312472411402,0,0.0082736035402643,0,0,0,0,4.04799278347313e-05,0,0.00048506866899415,0,0,0,0,0,0,0,0,0,3.54677092757395e-06,0,0,0,0.000159719182748549,0,0.00689387197484897,0.00175215724408784,0
0.0137231439489543,0,0,0,0.00235744789453529,0,0,0,0.0303532414849369,0,0,0,0,0,0,0,0,0,0.000215663574230445,0,0.00076070727784078,0,0,0,0,0,0,0,0,0,0,0,0,0,0,0,7.75025032865705e-06,0,4.11678931300182e-05,0,0.000481099224702853,0,0.00223361719320671,0,0,0,0.00479243415409847,0,0.0207349789755897,0,0.0361889103643841,0,0,0,0.0206458608597414,0,0.00131882159711321,0,0.00689740935340847,0,0.0459778588010341,0,0,0.000869098029134625,0,0,0,0,0,0,0,0,0,0.000402623315558644,0,0,0,0,0,2.55307006575137e-05,0,5.58509260428777e-05,0.000430124700473273,6.02532479708484e-07,0.00509874996927216,0,0.00108423263993191
0,0.0280404972280953,0,0,0,0.0131972428234095,0,0,0,0.0410210901293924,0,0,0,0,0,0,0,0,0.000289790041675574,0.00250382913476135,0,0,0,0,0,0,0,0,0,0,0,0,0,0,0,0.000148378935422733,0,3.92622182362697e-06,0,0.00161749996074517,0,0.00545131728806391,0.000107784518513172,0.00018973170843007,0,4.14842722882246e-05,0,7.26241486792579e-05,0.000335739128200106,0.0164077695138791,0,0.0771406575364721,0,0,0,0.111498683279917,0,0.00230202460888723,0,0.0133542065710873,0,0.0131484332080364,0.000564380299432598,0,0,0,0,0,0,0,0,0,0.00661302323828886,0,0,0,0,0,0.000147877498174738,0,1.20128486587965e-05,0,0.000705651122189252,0.000181253768146321,0.0101893937642816,0.00296187485545764,0
0.00037211150986146,0,0.00235744789453529,0,0,0,0.0180943313607807,0,0.00749268503924761,0,0,0,0,0,0,0,0,0,0,0,0.000626003916551919,0,0,0,0,0,0,0,0,0,0,0,0,0,0,0,0.000198696021213739,0,0,0,0.000185469976454374,0,0.000127770152344801,0,0,0,0.000545720493179616,0,0.00101126973641391,0,0.105506863326853,0,0.00823959745516601,0,0.000487135952827528,0,0.000430781580608669,0,5.9038888709363e-05,0,0.00227700868705495,0,0,0.000240177906835441,0,0,0,0,0,0,0,0,0,0,0,0,0,0,0,3.73265161095462e-05,0,0,0.00149992967928713,2.50395128001177e-05,0.00262606674597115,0,0
0,0,0,0.0131972428234095,0,0,0,0.0237375204008683,0,0.00952861474752514,0,0,0,0,0,0.00160291980748595,9.08497757740989e-06,0,6.33950237564106e-05,0.00475566953361578,0,0,0,0,0,0,0,0,0,0,0,0,0,0,0,0.000341195645568514,0,0,0,0.000490928492982799,0,0.00092974301353329,3.66192382521795e-05,0,0,5.77630736980309e-05,0,9.64881153637783e-05,0.000153892724497001,0.00141692049171013,0,0.0845426694262492,0,0.00031373889295991,0,0,0,0.000447192914321004,0,0,0,0.000352248116771342,0.0121704199154919,0,0,0,0,0,0,0,0,0,0,0,0,0,0,0,0.000138382645591151,0,0,0,0.00238217045495026,0.00057688594484631,0.00306300117942809,5.89394917065757e-05,0
0.00031216275292764,0,0,0,0.0180943313607807,0,0,0,0.000793141092457806,0,0.00309019501940309,0,0.0216966830153542,0,0,0,0,0,0,0,0,0,0,0,0,0,0,0,0,0,0,0,0,0,0,0,4.23927627782946e-05,0,0,0,5.05211865699517e-05,0,1.07253077375518e-05,0,0,0,0.00026935357172797,0,0.000169471889504223,0,0.0197584305983564,0,0.148875298562718,0,0.000251046018658579,0,0.00508650251455896,0,0.0208124633645439,0,0,0,0,0,0,0,0,0,0,0,0,0,0,0,0,0,0,0,0,0,0,0,0.00202775152357296,0.000408364900186121,0.00193147973019842,0,0
0,0,0,0,0,0.0237375204008683,0,0,0,0,0,0.0120706727014611,0,0.00120893372180773,0,0,0,0,0,0,0,0,0,0,0,0,0,0,0,0,0,0,0,0,0,0,0,0,0,0,0,0,0,0,0,0,0,0,0,0,0,0.0200695061666873,0,0.0573842571670692,0,0,0,0.0138909457997028,0,0.000902105992275217,0,0,0,0,0,0,0,0,0,0,0,0,0,0,0,0,0,0,0,0,0,0,0.00136868823242738,0.000223778961979807,0,0,0
0.0638561408314211,0,0.0303532414849369,0,0.00749268503924761,0,0.000793141092457806,0,0,0,0,0,5.3917466810164e-05,0,0.013659554579303,0,2.35600320090504e-05,5.36102633156551e-06,0.000177607957136789,0,0.00112078576833173,0,0,0,0.027297937639095,0,0,0,0,0,0,0,0,0,0,0,0,0,0.000218574799484339,0,0.000728322697102505,0,0.00677623395194024,0,0,0,0.00229781459252993,0,0.012178268015249,0,0.0119315652133738,0,0,0,0.150262906327442,0,0.00291078339262091,0,1.73793832816689e-05,0,0.0489415757673034,0,0,8.74702356338996e-05,0,0,0,0.0148696698383374,0,0.00198159801325071,0,0,0,0.00083352943765273,0,0,0,0,0,5.90307116916609e-05,0,0.000199773823296996,0.00108984560032955,0.00294343068875278,0.0116966827607308,0,0.00550190037924065
0,0.0484652345118394,0,0.0410210901293924,0,0.00952861474752514,0,0,0,0,0,0,0,0,0,0.0224352983448237,1.4716548901038e-05,0.00025908279192988,0,0,0,0,0,0.00697172546129784,0,0,0,0,0,0,0,0,0,0,0,0,0,0.00277818117970854,0,0,0,0.00160163459695382,0,0,0,0,0,0,0,0.00859245321263296,0,0,0,0,0,0.110819565122698,0,1.36880281119299e-05,0,0,0,0.000639514990749166,0,0,0,0,0.0109511626685032,0,0,0,0,0,0,0,0,0,0,0,0,0,0.000780205512765722,0,0.00671364802829032,0.000923805586059908,0.00309282390404716,0.00111241965559318,0
0,0,0,0,0,0,0.00309019501940309,0,0,0,0,0,0.00902781393533254,0,0,0,0,0,0,0,0.00752465511557298,0,0,0,0,0,0,0,0.00106147402197504,0,0.00224275180856261,0,0,0,0,0,0.00338163399860399,0,0.00417743961927525,0,0,0,7.55633748984345e-06,0,0,0,7.73474702922628e-05,0,5.71999075351746e-05,0,0.000376965089845793,0,0.00302629506395086,0,0,0,0.162187316779913,0,0.00454620831321357,0,0,0,0,0.00033377040418059,0,0,0,0,0,0,0,2.09271810454874e-05,0,0.000497671300702298,0,0,0,0,0,0,0,0.00013708771195315,0.0019199090095304,0.000110703204605653,0.000948225790549119,0,0
0,0,0,0,0,0,0,0.0120706727014611,0,0,0,0,0,0.0113248476305436,0,0,0,0,0,0.00528556906698645,0,0,0,0,0,0,0,0,0,0.00184832894077855,0,0,0,0,0,0.00342810280079781,0,0.0110384493504149,0,0,0,0,0,0,0,0,0,1.929586684465e-05,0,0,0,0.000825423927383953,0,0.000716346242758001,0,0,0,0.0711373548968132,0,0.00969106068817249,0,0,0.00826540069114751,0,0,0,0,0,0,0,0,0,0.00474016022449798,0,0,0,0,0,0.00122279015300457,0,0.00467654522693288,0,0.000893084100458975,0,0.000711283602209374,0,0
0,0,0,0,0,0,0.0216966830153542,0,5.3917466810164e-05,0,0.00902781393533254,0,0,0,0.0105159957073443,0,0,0,0,0,0,0,0,0,0,0,0,0,0,0,0,0,0,0,0,0,0,0,0,0,0,0,0,0,0,0,0,0,0,0,0,0,0.00401128228949175,0,0,0,8.48859944084651e-05,0,0.0706033073371599,0,0.000303107019257767,0,0,0,0,0,0,0,0,0,0,0,0,0,0,0,0,0,0,0,0,0,0.00190881976631077,0.00174872004833562,0,0,0
0,0,0,0,0,0,0,0.00120893372180773,0,0,0,0.0113248476305436,0,0,0,0.00348874446782704,0,0,0,0,0,0,0,0,0,0,0,0,0,0,0,0,0,0,0,0,0,0,0,0,0,0,0,0,0,0,0,0,0,0,0,0,0,0.000128398897827315,0,0,0,0.00447106073242453,0,0.0660456460849203,0,0.00462639536447569,0,0,0,0,0,0,0,0,0.000438801072845739,0,0,0,0,0,0,0,0,0,0,0,0.00100362708496608,7.53493933681607e-05,0,0,0
0.0026405756421834,0,0,0,0,0,0,0,0.013659554579303,0,0,0,0.0105159957073443,0,0,0,2.05305077543017e-05,0,0,0,0,0,0,0,0.000657600526528636,0,0,0,0,0,0,0,0,0,0,0,0,0,0,0,0,0,0,0,0,0,0,0,0.000579229964609409,0,0.00836904030621871,0,0,0,0.00235954039815556,0,0,0,0.0170745145417331,0,0.0739318537407241,0,0,0,0,0,0,0.000601807827190926,0,7.94409509345777e-05,0,0,0,0,0,0,0,0,0,0,0,0,9.89631962511339e-06,8.47499930839455e-05,0,0,0
0,0.000343732003908871,0,0,0,0.00160291980748595,0,0,0,0.0224352983448237,0,0,0,0.00348874446782704,0,0,0,0,0,0,0,0,0,0,0,0,0,0,0,0,0,0,0,0,0,0,0,0,0,0,0,0,0,0,0,0,0,0,0,0,0,0,0,0,0,0.0103919869804952,0,0,0,0.00043346754749834,0,0.00514884095807255,0,0,0,0,6.98627914843745e-05,0,0.000585167044660106,0,0,0,0,0,0,0,0,0,0,0,0,0,0.000339668245967443,0.000272541623620775,0,0,0
0.000327952613205628,0,0,0,0,9.08497757740989e-06,0,0,2.35600320090504e-05,1.4716548901038e-05,0,0,0,0,2.05305077543017e-05,0,0,0.187398388838825,0.0563158410132156,0,0.000251394972244883,0,0.00031236209577948,0,0,0.00046095653804594,0.00205636434606212,0,0,0,0,0,0,0,0,0,0,0,2.63845539517672e-05,0.00118568371885828,9.94428337053138e-05,0.000608609102460079,0.000760259189781102,0.000217426238713207,5.27176320509223e-05,3.07018599482864e-05,0.00100263001815088,0,3.9457400895569e-06,3.7209672515367e-06,0,0,0,0,0,0,6.06983271232047e-06,3.12485301549902e-06,0,0,6.24485618567691e-06,0,1.63329742202576e-05,0.000980057760704653,0,0,0,0,0,1.10571607812252e-05,0,0,1.25488689778318e-05,0,0,0,0,0,0.000319683091403755,0.000937620994605502,2.86943768192807e-06,0.00013131499141173,0.0222140012168046,0.00128083350036273,0.00143173114026568,5.20736015994692e-05,0.000854276811519081
0.00011416376171804,0,0,0,0,0,0,0,5.36102633156551e-06,0.00025908279192988,0,0,0,0,0,0,0.187398388838825,0,0.0484521219055825,0,6.95268661280448e-05,0.00276985215321564,0,4.10067150369287e-05,0,0.000961138883165603,3.63184672646931e-05,0,0,0,0,0,0,0,0,0,3.87866576768639e-06,0,0,0.000739120512354883,1.25103342000539e-05,0.000810012043766647,0.000180269634632283,0.000391364735994448,6.16202257546308e-06,1.63327140287853e-05,0.000332676167165956,0,0,0,0,3.56190187985757e-06,0,0,0,0,0,0,0,0,0,8.01336877496854e-06,1.99833203065491e-05,0.00047631307354438,0,0,0.000179838920541173,0,0.00127449569155371,0,0,0,0,0,0,0,0,0,0.000299095997339394,0.000324290787317008,7.38814328798639e-06,6.09772711256025e-05,0.0110626055877186,0.000651373290640755,0.000585207226313742,0.000134927517939343,5.00821215072412e-05
0.0064042817479307,5.2388011646737e-05,0.000215663574230445,0.000289790041675574,0,6.33950237564106e-05,0,0,0.000177607957136789,0,0,0,0,0,0,0,0.0563158410132156,0.0484521219055825,0,0,0.00328704541044496,0,0,0,0,0.000296110857180044,0,0,0,0,0,0,0,0,0,1.44943043596441e-05,8.31619150021832e-05,6.45045818322017e-06,0.000216087255000732,0.0570704599694522,0.00185461590050863,0.0534792375607555,0.0178785988514731,0.0145398668222721,0.00142296935768834,0.00220234993879899,0.0177234565871673,0,0.000464617335116527,0.00225971494069938,6.3629808308459e-06,1.98228924648061e-05,0,0,7.93571883704308e-05,7.47347259261335e-05,0.000411469177552399,0.000236013517664121,0,0,8.19861542185157e-05,8.00892684555429e-06,0.00170958891849751,0.0153756994158942,0,0,0,0,0,0,0,0,0.00187838636441418,0.00032157101372405,0,0,0,0,0.0106560128720869,0.0133450767888537,0.000801865220112394,0.00189135503113497,0.0173131383640605,2.98829292798583e-05,0.0442014388593003,0.0147692854641733,0.0167413618546956
0,0,0,0.00250382913476135,0,0.00475566953361578,0,0,0,0,0,0.00528556906698645,0,0,0,0,0,0,0,0,0,0,0,0,0,0,0,0,0,0.000159539743672405,0,0,0,0,0,0.00819565002519022,0,0.00272052667353076,0,0,0,0.000102662960167197,0,0,0,0.00143298670214977,0,0,0,0,0,0.00309493514757607,0,0,0,0,0,0.00188237425181578,0,0,0,0,0.138802852271209,0,0,0,0,0,0,0,0,0,0.00106643238165303,0,0,0,0,0,0.000235316447087589,0,0.000327063369318954,0,0.00032476136777539,0,0.00181657769060149,0,0
0.00537633084771413,0,0.00076070727784078,0,0.000626003916551919,0,0,0,0.00112078576833173,0,0.00752465511557298,0,0,0,0,0,0.000251394972244883,6.95268661280448e-05,0.00328704541044496,0,0,0,0,0,0,0,0,0,0,0,0,0,0,0,0,0,0.0112778295681253,0,0.00662780147044536,1.84180259291002e-05,0.000654278646626857,0,0.00282034445567653,0.000131109095815457,0.00024987337599688,0,0.00439218724608711,0,0.00160806503579488,0,0.00492975933025122,0,0,0,5.22490029102431e-05,0,0.0283169945517086,0,0.00034179677881914,0,0.000568498315739296,0,0,0.163950300602897,0,0,0,0,0,0,0,0,0,0.00416797182447453,0,0,0,0,2.57224576654952e-06,0.0053216050819528,0,0.00143712934880503,0.00288819340301357,3.95939681448358e-05,0.0126741581473299,0,0.00360807370688309
0,0,0,0,0,0,0,0,0,0,0,0,0,0,0,0,0,0.00276985215321564,0,0,0,0,0.00463375719914355,0.00169069648368227,0,0,0,0.00216313000575833,0,0,0,0,0,0,0,0,0,0.0170109649668424,0,0,0,0,0,0,0,0,0,0,0,0.000326136620240741,0,0,0,0,0,0,0,0,0,0,0,0,0,0,0.0546432751667482,0.00118895221767878,0.00207866582244805,0,5.00060133559969e-05,0,7.33068015231907e-05,0,0,0,0,0,0,0,0,0,0.0049456192519163,0,0.00398927122111968,0.00175576145918036,0,0,0
0,0,0,0,0,0,0,0,0,0,0,0,0,0,0,0,0.00031236209577948,0,0,0,0,0.00463375719914355,0,0,0.00250815788918094,0,0,0,0.00222604720448771,0,0,0,0,0,0,0,0,3.11390318344573e-05,0.0118324765727586,0,0,0,0,0,0,0,0,0,0.00182840144989125,0,0,0,0,0,0,0,0,0,0,0,0,0,0,0,0.000692787526009667,0.0721790206794443,0,0.00260102088166735,0,0.000527286387107501,0,0.00143207197833829,0,0,0,0,0,0,0,0,0,0.00182420240007991,0.00404557283491493,0.00100673072067701,0,0,0
0,6.57741244896942e-05,0,0,0,0,0,0,0,0.00697172546129784,0,0,0,0,0,0,0,4.10067150369287e-05,0,0,0,0.00169069648368227,0,0,0,0.0257909442673188,0,0,0,0,0,0,0,0,0,0,0,0.0144375084992781,0,0,0,6.1558351729858e-05,0,0,0,0,0,0,0,0,0,0,0,0,0,0.0172617562936925,0,0,0,0,0,0,0,0,0.00220112497378205,0,0.0721448812885752,0,0.00146957083181471,0,0,0,0,0,0,0,3.80118393208486e-05,0,0,0,0.00950487667899166,0,0.000409099484767311,0,0.000655897697341277,0,0
0.00053213246644122,0,0,0,0,0,0,0,0.027297937639095,0,0,0,0,0,0.000657600526528636,0,0,0,0,0,0,0,0.00250815788918094,0,0,0,0.0111962908017741,0,0,0,0,0,0,0,0,0,0,0,0.00990302473403219,0,0,0,0.00120287736578062,0,0,0,0,0,0.0123095172352986,0,0,0,0,0,0.0106362574914695,0,0,0,0,0,0.00948730398312952,0,0,0,0,0.00447681912373976,0,0.189895053196966,0,0.197934085542945,0,0.000463202397578071,0,0,0,0,0,0,0,0,0,0.0015366928975882,0.000202383838729926,0,0.00163037437857312,0,0.000139683051406624
0,0,0,0,0,0,0,0,0,0,0,0,0,0,0,0,0.00046095653804594,0.000961138883165603,0.000296110857180044,0,0,0,0,0.0257909442673188,0,0,0,0.000618922070523597,0,0,0,0,0,0,0,0,0,0,0,0,0,0,0,0,0,0,0,0,0,0,0,0,0,0,0,0,0,0,0,0,0,0,0,0,0,0,0.00711467328123225,0,0.011889083212481,0,0,0,0,0,0,0,0,0,0,0,0,0,7.61269832421849e-06,0,0,0,0
0,0,0,0,0,0,0,0,0,0,0,0,0,0,0,0,0.00205636434606212,3.63184672646931e-05,0,0,0,0,0,0,0.0111962908017741,0,0,0,5.61340493732132e-05,0,0,0,0,0,0,0,0,0,0,0,0,0,0,0,0,0,0,0,0,0,0,0,0,0,0,0,0,0,0,0,0.000260560735339454,0,0,0,0,0,0,0,0,0.0888132805484945,0,0,0,0,0,0,0,0,0,0,0,0,0,0,0,0,0
0,0,0,0,0,0,0,0,0,0,0,0,0,0,0,0,0,0,0,0,0,0.00216313000575833,0,0,0,0.000618922070523597,0,0,0,0.00725343185483498,0,0,0,0,0,0,0,0.00209330386570451,0,0,0,0,0,0,0,0,0,0,0,0,0,0,0,0,0,0,0,0,0,0.00433784999532101,0,0,0,0,0.00253421137062299,0,0,0,0.00411874843059394,0,0.0222320630212136,0,0,0,0,0,0,0,0,0,0,0,0,0,0,0,0
0,0,0,0,0,0,0,0,0,0,0.00106147402197504,0,0,0,0,0,0,0,0,0,0,0,0.00222604720448771,0,0,0,5.61340493732132e-05,0,0,0,0.00735306935533345,0,0,0,0,0,0,0,0.000211195014624719,0,0,0,0,0,0,0,0,0,0,0,0,0,0,0,0,0,0,0,0,0,0,0,0,0,0,0,0,0,0,0.000597698671869129,0,0.023062041587593,0,0,0,0,0,0,0,0,0,0,0.000900898774957328,0.000404111481880854,0,0,0
0,0,0,0,0,0,0,0,0,0,0,0.00184832894077855,0,0,0,0,0,0,0,0.000159539743672405,0,0,0,0,0,0,0,0.00725343185483498,0,0,0,0,0,0,0,0,0,0.00285537326739909,0,0,0,0,0,0,0,0,0,0,0,0,0,0,0,0,0,0,0,0.000832834932720797,0,0,0,0,0.000386314683434384,0,0,0,0,0,0,0,0.000199322297703475,0,0.0406445865278165,0,0,0,0,0,0,0,0.000772721147037754,0,3.67267158859253e-05,0,0,0,0
0,0,0,0,0,0,0,0,0,0,0.00224275180856261,0,0,0,0,0,0,0,0,0,0,0,0,0,0,0,0,0,0.00735306935533345,0,0,0,0,0,0,0,0,0,0.00294432361640875,0,0,0,0,0,0,0,0,0,0,0,0,0,0,0,0,0,0,0,0,0,0,0,0,0,0,0,0,0,0,0,0,0.000615659580440685,0,0.0327136410088572,0,0,0,0,0,0,0,8.78939684486702e-05,0.000495639693516029,0.000512112308093937,0,0,0
0,0,0,0,0,0,0,0,0,0,0,0,0,0,0,0,0,0,0,0,0,0,0,0,0,0,0,0,0,0,0,0,0.0117126626894597,0.0169595187992583,0,0.00164622976550494,0.00016889159909719,0,0,0,0.000160691326161466,0,0,0,0,0,0,0.0520407457201412,0.00253466954168841,0,0,0,0,0,0,0,0,0,0,0,0,0,0,0,0,0,0,0,0,0,0,0,0,0,0.0654162465776719,0.00507693255940228,0.00980369930878417,0,0,0,0,0,0.00137807224963917,0,0.00125645167105469,0,0
0,0,0,0,0,0,0,0,0,0,0,0,0,0,0,0,0,0,0,0,0,0,0,0,0,0,0,0,0,0,0,0.0117126626894597,0,4.65628377296912e-05,0.00105785145964176,0.000405956478517844,0.00274196534343122,0,0,0,2.04820695799703e-05,0,0,0,0,0,0,0.0241079167198916,0.00086446781525257,0,0,0,0,0,0,0,0,0,0,0,0,0,0,0,0,0,0,0,0,0,0,0,0,0,0.00275250140534263,0.0658136502981404,0.000606268530335906,0.00491756331444671,0,0.00165363152048015,0,0,0.000586905214856323,0,0,0,0
0,0,0,0,0,0,0,0,0,0,0,0,0,0,0,0,0,0,0,0,0,0,0,0,0,0,0,0,0,0,0,0.0169595187992583,4.65628377296912e-05,0,0.0426781004298224,0.00311740615831251,1.50343563241424e-05,0.0121876116706898,0.00166818579900082,0,7.64093385036946e-05,0,0.00019630168357247,0,0,0,0,0.248635433105327,0.000903954013593291,0,0,0,0,0,0,0,0,0,0,0,0,0,0,0,0,0,0,0,0,0,0,0,0,0,0.00143929576457195,0,0.0984821002504304,0.0429274726666238,0.00029109699977696,0,0.011665438447561,0.000429592079355781,0.00244793909978155,7.00618561236857e-06,0.00823198795283575,0,0
0,0,0,0,0,0,0,0,0,0,0,0,0,0,0,0,0,0,0,0,0,0,0,0,0,0,0,0,0,0,0,0,0.00105785145964176,0.0426781004298224,0,0.000156584197979142,0.00312383508007275,0.000282705347839829,0.00332730485660138,0,0,0,0,0,0,0,0,0.0291544913612995,0.000304630250449311,0,0,0,0,0,0,0,0,0,0,0,0,0,0,0,0,0,0,0,0,0,0,0,0,0,0,0.0117094158821409,0.0024516444357228,0.185042986965012,6.14621745922342e-05,0.00125307988631345,0,0.0058647459678944,0.0010072795518406,0,0,0,0
0,0,0,0.000148378935422733,0,0.000341195645568514,0,0,0,0,0,0.00342810280079781,0,0,0,0,0,0,1.44943043596441e-05,0.00819565002519022,0,0,0,0,0,0,0,0,0,0,0,0.00164622976550494,0.000405956478517844,0.00311740615831251,0.000156584197979142,0,0.00393026709292748,0.021617157277418,0.00057540294399849,2.81113947779166e-05,0.000133136361222287,1.09987671042838e-05,0,0,0,0.00165860169875905,0,2.18488851549068e-05,4.94304341301828e-06,4.49296272484764e-05,0,0.000313480611052338,0,0,0,1.48518404992852e-05,0,0.000151705419492213,0,2.07310283140286e-06,0,0,0.0158710583279007,0,0,0,0,0,0,0,0,0,9.76266454211415e-06,0,0.000486270003172807,0,0.000917109626162858,0,0.0806942509227254,0.000397730028153133,0.00383155499455276,0,0.00975900367411455,0.000136094126165444,0.00209918141886173,3.15828122279978e-06,0
8.11896766291251e-05,0,7.75025032865705e-06,0,0.000198696021213739,0,4.23927627782946e-05,0,0,0,0.00338163399860399,0,0,0,0,0,0,3.87866576768639e-06,8.31619150021832e-05,0,0.0112778295681253,0,0,0,0,0,0,0,0,0,0,0.00016889159909719,0.00274196534343122,1.50343563241424e-05,0.00312383508007275,0.00393026709292748,0,8.78399163208986e-06,0.0179806011444323,9.33587835001432e-06,0.000630825533043726,0,8.4798049035086e-05,0,0,2.81396657791741e-05,0.000181850294090088,8.0675993657605e-05,0.000388865495225513,0,7.1226531853728e-05,0,0,0,0,0,0.00252165607246653,0,0,0,0,0,0,0.00497140770554291,0,0,0,0,0,0,0,0,0,0,0,0.00123454454791498,0,0.00360231503884256,0.000492474314926808,0.0642149520949357,0,0.00623570737051401,0.0115267544598315,0.0021291879709563,0.000632761231329951,0,0
0,4.81168007579058e-05,0,3.92622182362697e-06,0,0,0,0,0,0.00277818117970854,0,0.0110384493504149,0,0,0,0,0,0,6.45045818322017e-06,0.00272052667353076,0,0.0170109649668424,3.11390318344573e-05,0.0144375084992781,0,0,0,0.00209330386570451,0,0.00285537326739909,0,0,0,0.0121876116706898,0.000282705347839829,0.021617157277418,8.78399163208986e-06,0,0.00299669503895906,0,0,0.000163147894306054,0,0,0,0.000258432389616446,0,0.00762596628535696,1.79842398891216e-05,0.00137252080980099,0,0,0,0,0,4.82768708572521e-05,0,0.00693628345913312,0,0,0,0,0.00274437924892181,0,0.00631979934565688,0,0.00266005750064347,0,0,0,0.000281520732824718,0,0.00162576955661549,0,0,0,0.00158750883312659,0,0.00393176609136087,0,0.0899560553737423,0.00227183221717187,0.00630368754464978,0.00153343685876037,0.00351958274351527,6.24008066019258e-06,0
0.000156024733583796,0,4.11678931300182e-05,0,0,0,0,0,0.000218574799484339,0,0.00417743961927525,0,0,0,0,0,2.63845539517672e-05,0,0.000216087255000732,0,0.00662780147044536,0,0.0118324765727586,0,0.00990302473403219,0,0,0,0.000211195014624719,0,0.00294432361640875,0,0,0.00166818579900082,0.00332730485660138,0.00057540294399849,0.0179806011444323,0.00299669503895906,0,0,4.50205761138074e-05,0,0.000391833983893123,0,0,0,0.000252763455155497,0.0121310833214958,0.00514745912445212,0,0,0,0,0,0.00101619079276872,0,0.0019266726799435,0,0,0,0,0,0,0.00430034332434848,0,0.0063846239367407,0,0.0121652464338908,0,0.000370983287593836,0,0.000103993294817603,0,0.000360834160764569,0,0,0,0.0021499880764804,2.22005643606376e-05,0.00307417799494535,5.4391179384287e-05,0.107474400768437,0.00903501555340576,0.00288097485190033,0.00235639377387326,0,0.000196286865482636
0,0.000137376576356406,0,0.00161749996074517,0,0.000490928492982799,0,0,0,0,0,0,0,0,0,0,0.00118568371885828,0.000739120512354883,0.0570704599694522,0,1.84180259291002e-05,0,0,0,0,0,0,0,0,0,0,0,0,0,0,2.81113947779166e-05,9.33587835001432e-06,0,0,0,0,0.128505603102732,0.000441090175982089,0.0378369867199451,0.000193975580546984,0.0195865453719738,8.36970670780175e-05,5.28890005226372e-05,0.000101084174312594,0.0422437984959482,0,0.000371744379177357,0,0,0,0.000248666759435398,0,3.91780372554929e-05,0,0,0,0,0.00840788884831078,0.000116165023878738,0,0,0,0,0,0,0,0,0.000545778785412447,0,0,0,0,0,0.00372398572087635,0.000113514336984463,0.000610762807081295,0,0.00218371419846144,7.61492591875651e-05,0.056379032589185,0.0180049498196998,2.00389648098683e-05
0.000406628332991313,0,0.000481099224702853,0,0.000185469976454374,0,5.05211865699517e-05,0,0.000728322697102505,0,0,0,0,0,0,0,9.94428337053138e-05,1.25103342000539e-05,0.00185461590050863,0,0.000654278646626857,0,0,0,0,0,0,0,0,0,0,0.000160691326161466,2.04820695799703e-05,7.64093385036946e-05,0,0.000133136361222287,0.000630825533043726,0,4.50205761138074e-05,0,0,7.52317714837453e-06,0.0041842514301608,0,0.0001852860255316,0,0.00418126466459283,0.0376018927147705,0.158363159513171,2.75467640815097e-05,0.000108721523756497,0,0,0,0,0,0.000694035524028039,0,0,0,0.000174560737222337,0,0,0.0010471121747973,0,0,0,0,0,0,0,0,0,0.000481339928839911,2.73045868087064e-05,0,0,0,2.57791545990856e-06,0.0128781210322861,0,0.000375334424673553,9.34337750109583e-05,0,0.0132732804494629,0,0.0032721492064462
0,0.00314140769428869,0,0.00545131728806391,0,0.00092974301353329,0,0,0,0.00160163459695382,0,0,0,0,0,0,0.000608609102460079,0.000810012043766647,0.0534792375607555,0.000102662960167197,0,0,0,6.1558351729858e-05,0,0,0,0,0,0,0,0,0,0,0,1.09987671042838e-05,0,0.000163147894306054,0,0.128505603102732,7.52317714837453e-06,0,0.00911901755077755,0.00299373099160753,0.000449332365859295,0.00264628301160903,8.36067302025976e-05,0.00266165517182473,5.15372899985271e-05,0.047970968574014,0,0.00043741764222734,0,0,0,0.000787827981921519,0,0.00498041673974179,0,8.4938014659067e-06,0,1.78986104843566e-05,0.00623313745161294,6.17549234539494e-05,0,0,2.63434768473732e-05,0,0,0,0,0,0.0151022105891771,0,0,0,0,0,0.00603519450944613,7.80226666442251e-05,0.000221198078539358,0,0.00714053127961876,0.000197802654234999,0.0857566192372772,0.107251710177359,5.51809725505461e-05
0.0097874460600692,0,0.00223361719320671,0.000107784518513172,0.000127770152344801,3.66192382521795e-05,1.07253077375518e-05,0,0.00677623395194024,0,7.55633748984345e-06,0,0,0,0,0,0.000760259189781102,0.000180269634632283,0.0178785988514731,0,0.00282034445567653,0,0,0,0.00120287736578062,0,0,0,0,0,0,0,0,0.00019630168357247,0,0,8.4798049035086e-05,0,0.000391833983893123,0.000441090175982089,0.0041842514301608,0.00911901755077755,0,2.46736807475133e-05,0.00916466762525987,0,0.0326054549286884,0.0103923718036014,0.0665690795576044,0.000126707819696338,0.000574463360269229,1.18982616014114e-05,0,0,0.00113777918287201,0,0.0195550970821018,0,0.000215240582517553,0,0.000308000043426132,0,2.80347478954945e-05,0.00966998514070273,0,0,0,0.000128331146086579,0,0,0,0.000190069248491494,0,0.00785875584248454,0,0,0,0,3.36413715011521e-05,0.0103826992311279,0,0.000781036888530202,0.0047482728568827,0.00023626109514729,0.10618929821199,0,0.0440527136944975
0,0,0,0.00018973170843007,0,0,0,0,0,0,0,0,0,0,0,0,0.000217426238713207,0.000391364735994448,0.0145398668222721,0,0.000131109095815457,0,0,0,0,0,0,0,0,0,0,0,0,0,0,0,0,0,0,0.0378369867199451,0,0.00299373099160753,2.46736807475133e-05,0,0.000499949729088899,0.00122598366680656,0.000242101326599365,0,0,0.000163454642573292,0,0,0,0,0,0,0,0,0,0,0,0,0.00247575269260623,0.000221602770366443,0,0,0,0,0,0,0,0,7.43540617584365e-05,0,0,0,0,0,0.000967213330417811,4.05876520024148e-06,5.58019639236237e-05,0,0.000219469654049466,0,0.00250856361500887,0.000496019494216897,0
0,0,0,0,0,0,0,0,0,0,0,0,0,0,0,0,5.27176320509223e-05,6.16202257546308e-06,0.00142296935768834,0,0.00024987337599688,0,0,0,0,0,0,0,0,0,0,0,0,0,0,0,0,0,0,0.000193975580546984,0.0001852860255316,0.000449332365859295,0.00916466762525987,0.000499949729088899,0,0,0.00151571843212217,0,0,0,0,0,0,0,0,0,0,0,0,0,0,0,2.10133388408712e-05,0.000360226660592835,0,0,0,0,0,0,0,0,0,6.82091265166137e-05,0,0,0,0,2.9947251419007e-05,0.000479129822683494,0,0.000158521835741937,0.000158387774585511,0,0.00439700375990919,0,0.0133815751497277
0,0,0,4.14842722882246e-05,0,5.77630736980309e-05,0,0,0,0,0,0,0,0,0,0,3.07018599482864e-05,1.63327140287853e-05,0.00220234993879899,0.00143298670214977,0,0,0,0,0,0,0,0,0,0,0,0,0,0,0,0.00165860169875905,2.81396657791741e-05,0.000258432389616446,0,0.0195865453719738,0,0.00264628301160903,0,0.00122598366680656,0,0,0,0.000606275121774687,0.000333673519543394,0.000900078922972035,0,0,0,0,0,0,0,0.000214669175618505,0,0,0,0,0.053531527010434,5.76758083528587e-05,0,0,0,0,0,0,0,0,0.00395988285600436,0,0,0,0,0,0.00802300022755876,3.28513707679344e-06,0.00181638119853338,0,0.00037604697708497,6.64045524334372e-06,0.0416062393595165,0,0
0.000745120214907299,0,0.00479243415409847,0,0.000545720493179616,0,0.00026935357172797,0,0.00229781459252993,0,7.73474702922628e-05,0,0,0,0,0,0.00100263001815088,0.000332676167165956,0.0177234565871673,0,0.00439218724608711,0,0,0,0,0,0,0,0,0,0,0,0,0,0,0,0.000181850294090088,0,0.000252763455155497,8.36970670780175e-05,0.00418126466459283,8.36067302025976e-05,0.0326054549286884,0.000242101326599365,0.00151571843212217,0,0,0,0.00128721180001251,0,0.00107453706038301,0,0,0,0,0,0.00383178059953666,0,0.000581963563811506,0,0.000758757113917878,0,0,0.0679940428019112,0,0,0,0,0,0,0,0,0,0.000113677234655446,0,0,0,0,1.60631710687983e-05,0.00700197760858595,0,0.000637820208690626,0.00133682101440872,3.68157319066741e-05,0.0280908427004403,1.60670581390264e-05,0.00164505033776947
0,0,0,7.26241486792579e-05,0,9.64881153637783e-05,0,0,0,0,0,1.929586684465e-05,0,0,0,0,0,0,0,0,0,0,0,0,0,0,0,0,0,0,0,0.0520407457201412,0.0241079167198916,0.248635433105327,0.0291544913612995,2.18488851549068e-05,8.0675993657605e-05,0.00762596628535696,0.0121310833214958,5.28890005226372e-05,0.0376018927147705,0.00266165517182473,0.0103923718036014,0,0,0.000606275121774687,0,0,0.201832909361652,0.00478547536258932,0,5.01546536588703e-05,0,0,0,0,0,2.63240065492072e-05,0,0,0,0,0,0,0,0,0,0,0,0,0,0,0,0,0.022876487765938,0.0337130765347876,0.00459432307242453,0.00631195986235177,0.00163780991720428,0.0107946376372603,0.000230357632125948,0.000378753207448731,0.00613359678828795,7.16074874599887e-05,0.0424578239025171,0.000173274708704009,0.00100589129357893
0.0222314616335954,0,0.0207349789755897,0.000335739128200106,0.00101126973641391,0.000153892724497001,0.000169471889504223,0,0.012178268015249,0,5.71999075351746e-05,0,0,0,0.000579229964609409,0,3.9457400895569e-06,0,0.000464617335116527,0,0.00160806503579488,0,0.00182840144989125,0,0.0123095172352986,0,0,0,0,0,0,0.00253466954168841,0.00086446781525257,0.000903954013593291,0.000304630250449311,4.94304341301828e-06,0.000388865495225513,1.79842398891216e-05,0.00514745912445212,0.000101084174312594,0.158363159513171,5.15372899985271e-05,0.0665690795576044,0,0,0.000333673519543394,0.00128721180001251,0.201832909361652,0,0.0036334605470907,0.00220410683836453,8.95698075030889e-05,0,0,0.00304349510897428,3.35366498756295e-05,0.00918702741792218,0,0.000616173927699008,0,0.00596785622397213,2.86388656434073e-05,0,0.00218857970526823,0,0.00152279939763865,0,0.0303954819970917,0,0.00354634286958883,0,0.0019490030388458,1.68631565179156e-05,0.000329350610324467,0.0011680456502061,0.000142609544896005,0,0.00135901048289113,0,0.0123766301426795,3.60807668687454e-06,0.0187531759481498,0.00546508541553753,1.2560361303517e-05,0.0371981210389328,0,0.00208253821312018
0,0.0369226073732071,0,0.0164077695138791,0,0.00141692049171013,0,0,0,0.00859245321263296,0,0,0,0,0,0,3.7209672515367e-06,0,0.00225971494069938,0,0,0.000326136620240741,0,0,0,0,0,0,0,0,0,0,0,0,0,4.49296272484764e-05,0,0.00137252080980099,0,0.0422437984959482,2.75467640815097e-05,0.047970968574014,0.000126707819696338,0.000163454642573292,0,0.000900078922972035,0,0.00478547536258932,0.0036334605470907,0,0,0.00115231601226357,0,0,0,0.0019824949410333,0,0.000166006711058593,0,0,0,0.000208595829052965,0.000149205272327443,0,0.000389241636450317,0,0,0,0,0,5.14906593207295e-05,0,0.00183686579440378,0,8.52434260031334e-05,0,0.00191507148070176,0,0.0012219585315813,0,0.00332257044648059,7.92474466900097e-06,0.000438009500141242,2.75346648451834e-05,0.0240493787725491,0.0157165151838459,0
0.00316966479402586,0,0.0361889103643841,0,0.105506863326853,0,0.0197584305983564,0,0.0119315652133738,0,0.000376965089845793,0,0,0,0.00836904030621871,0,0,0,6.3629808308459e-06,0,0.00492975933025122,0,0,0,0,0,0,0,0,0,0,0,0,0,0,0,7.1226531853728e-05,0,0,0,0.000108721523756497,0,0.000574463360269229,0,0,0,0.00107453706038301,0,0.00220410683836453,0,0,0,0.0397448158609414,0,0.000312487909942521,0,0.0160272397351083,0,0.0150891302360118,0,0.00175094956383962,0,0,0.00232795356914775,0,0,0,0,0,0,0,0,0,0,0,0,0,0,0,3.48196967569226e-06,0,0,0.000848737550342871,1.50611483230649e-05,0.00563702466728942,0,0
0,0.000111076617546038,0,0.0771406575364721,0,0.0845426694262492,0,0.0200695061666873,0,0,0,0.000825423927383953,0,0,0,0,0,3.56190187985757e-06,1.98228924648061e-05,0.00309493514757607,0,0,0,0,0,0,0,0,0,0,0,0,0,0,0,0.000313480611052338,0,0,0,0.000371744379177357,0,0.00043741764222734,1.18982616014114e-05,0,0,0,0,5.01546536588703e-05,8.95698075030889e-05,0.00115231601226357,0,0,0,0.00310009424911124,0,0.000798593938851922,0,0.0103582744089956,0,0,0,0.00502045169170199,0.0194059156217146,0,0,0,0,0,0,0,0,0,6.45809777297737e-05,0,0,0,0,0,0.000125167311266111,0,0,0,0.0018444809044893,4.06255312685311e-05,0.00328683655289701,0,0
0,0,0,0,0.00823959745516601,0,0.148875298562718,0,0,0,0.00302629506395086,0,0.00401128228949175,0,0,0,0,0,0,0,0,0,0,0,0,0,0,0,0,0,0,0,0,0,0,0,0,0,0,0,0,0,0,0,0,0,0,0,0,0,0.0397448158609414,0,0,0,0,0,0.0123575988789192,0,0.00704694433440279,0,0,0,0,0,0,0,0,0,0,0,0,0,0,0,0,0,0,0,0,0,0,0,0.000472234940472788,6.3497588783445e-05,0,0,0
0,0,0,0,0,0.00031373889295991,0,0.0573842571670692,0,0,0,0.000716346242758001,0,0.000128398897827315,0,0,0,0,0,0,0,0,0,0,0,0,0,0,0,0,0,0,0,0,0,0,0,0,0,0,0,0,0,0,0,0,0,0,0,0,0,0.00310009424911124,0,0,0,0,0,0.0158874631622011,0,0.00192276474299081,0,0,0,0,0,0,0,0,0,0,0,0,0,0,0,0,0,0,0,0,0,0,0.000172416352413171,5.19904795628828e-05,0,0,0
0.0770301037798529,0,0.0206458608597414,0,0.000487135952827528,0,0.000251046018658579,0,0.150262906327442,0,0,0,0,0,0.00235954039815556,0,0,0,7.93571883704308e-05,0,5.22490029102431e-05,0,0,0,0.0106362574914695,0,0,0,0,0,0,0,0,0,0,0,0,0,0.00101619079276872,0,0,0,0.00113777918287201,0,0,0,0,0,0.00304349510897428,0,0.000312487909942521,0,0,0,0,0,2.20139993722453e-05,0,5.43162617369897e-05,0,0.032327752977725,0,0,0,0,0,0,0.0651913478172518,0,0.000318155582278764,0,5.60298032112163e-05,0,8.26536959040876e-05,0,0,0,0,0,8.21374248081118e-06,0,0.00178943720631449,0.000118707887571276,0,0.00406689318109906,0,0.000602167506474883
0,0.0150490997181326,0,0.111498683279917,0,0,0,0,0,0.110819565122698,0,0,0,0,0,0.0103919869804952,0,0,7.47347259261335e-05,0,0,0,0,0.0172617562936925,0,0,0,0,0,0,0,0,0,0,0,1.48518404992852e-05,0,4.82768708572521e-05,0,0.000248666759435398,0,0.000787827981921519,0,0,0,0,0,0,3.35366498756295e-05,0.0019824949410333,0,0.000798593938851922,0,0,0,0,0,0,0,0,0,0,1.18202234109464e-05,0,0,0,0.11372310298375,0,0,0,0,0,0.000280885561407078,0,0,0,0,0,2.1560075408492e-06,0,4.08961386536184e-06,0,0.00010016452197671,1.13043615104805e-05,0.00132998065642418,0,0
0.00216175273724571,0,0.00131882159711321,0,0.000430781580608669,0,0.00508650251455896,0,0.00291078339262091,0,0.162187316779913,0,8.48859944084651e-05,0,0,0,6.06983271232047e-06,0,0.000411469177552399,0,0.0283169945517086,0,0,0,0,0,0,0,0,0,0,0,0,0,0,0,0.00252165607246653,0,0.0019266726799435,0,0.000694035524028039,0,0.0195550970821018,0,0,0,0.00383178059953666,0,0.00918702741792218,0,0.0160272397351083,0,0.0123575988789192,0,2.20139993722453e-05,0,0,0,0.00905561376648734,0,0.000176306073679534,0,0,0.0435132999135449,0,0,0,0,0,0,0,0.00201348850185684,0,0.0249586419569027,0,0,0,0,0,0.000346288053856506,0,0.000113717890223073,0.000939361853649042,3.80417795736918e-05,0.0784984251220623,0,0.00493796853640071
0,0.000130520907621236,0,0.00230202460888723,0,0.000447192914321004,0,0.0138909457997028,0,1.36880281119299e-05,0,0.0711373548968132,0,0.00447106073242453,0,0,3.12485301549902e-06,0,0.000236013517664121,0.00188237425181578,0,0,0,0,0,0,0,0,0,0.000832834932720797,0,0,0,0,0,0.000151705419492213,0,0.00693628345913312,0,3.91780372554929e-05,0,0.00498041673974179,0,0,0,0.000214669175618505,0,2.63240065492072e-05,0,0.000166006711058593,0,0.0103582744089956,0,0.0158874631622011,0,0,0,0,0,0.0018664677020193,0,0,0.0101240542724945,0,0,0,0,0,0,0,0,0,0.0479462801685472,0,0,0,0,0,5.83754250746578e-05,0,0.000973948851114278,0,0.000273749578529926,9.96116837110468e-06,0.0142534231746476,0.00249751106374597,0
8.23338962143809e-05,0,0.00689740935340847,0,5.9038888709363e-05,0,0.0208124633645439,0,1.73793832816689e-05,0,0.00454620831321357,0,0.0706033073371599,0,0.0170745145417331,0,0,0,0,0,0.00034179677881914,0,0,0,0,0,0,0,0,0,0,0,0,0,0,0,0,0,0,0,0,0,0.000215240582517553,0,0,0,0.000581963563811506,0,0.000616173927699008,0,0.0150891302360118,0,0.00704694433440279,0,5.43162617369897e-05,0,0.00905561376648734,0,0,0,0.00167275873806722,0,0,0.000488542503596177,0,0,0,0,0,0,0,0,0,2.434513977415e-05,0,0,0,0,0,0,0,0,0.00298999439092915,0.000309762396461364,0.00119147984497201,0,2.13765612306553e-05
0,0.000607312472411402,0,0.0133542065710873,0,0,0,0.000902105992275217,0,0,0,0.00969106068817249,0,0.0660456460849203,0,0.00043346754749834,0,0,0,0,0,0,0,0,0,0,0,0.00433784999532101,0,0,0,0,0,0,0,2.07310283140286e-06,0,0,0,0,0,8.4938014659067e-06,0,0,0,0,0,0,0,0,0,0,0,0.00192276474299081,0,0,0,0.0018664677020193,0,0,0,0.0105528029390017,0,0,0,0,0,0,0,0,0.00500504524973693,0,0,0,0,0,0,0,0,0,0,0,0.000568278187724195,0.00055631222701019,0.000170805590057817,0,0
0.0310295486815082,0,0.0459778588010341,0,0.00227700868705495,0,0,0,0.0489415757673034,0,0,0,0.000303107019257767,0,0.0739318537407241,0,6.24485618567691e-06,0,8.19861542185157e-05,0,0.000568498315739296,0,0,0,0.00948730398312952,0,0.000260560735339454,0,0,0,0,0,0,0,0,0,0,0,0,0,0.000174560737222337,0,0.000308000043426132,0,0,0,0.000758757113917878,0,0.00596785622397213,0,0.00175094956383962,0,0,0,0.032327752977725,0,0.000176306073679534,0,0.00167275873806722,0,0,0,0,1.55117512950961e-05,0,0,0,0.00317756350461585,0,0.000192934271194919,0,2.86097952020259e-05,0,0,0,0,0,0,0,3.01085597575711e-05,0,1.99677880651704e-05,1.76895470878642e-06,5.42802717973245e-06,0.000946609485190743,0,0.000388678724747094
0,0.0082736035402643,0,0.0131484332080364,0,0.000352248116771342,0,0,0,0.000639514990749166,0,0,0,0.00462639536447569,0,0.00514884095807255,0,8.01336877496854e-06,8.00892684555429e-06,0,0,0,0,0,0,0,0,0,0,0,0,0,0,0,0,0,0,0,0,0,0,1.78986104843566e-05,0,0,0,0,0,0,2.86388656434073e-05,0.000208595829052965,0,0.00502045169170199,0,0,0,0,0,0,0,0.0105528029390017,0,0,0,0,0,0,0,0,0.00251484961693865,0,0,0,3.14417296962393e-05,0,0,0,0,0,2.6088820968607e-06,0,0,0,4.4036597887106e-06,0,0.000109371804169248,0,0
0,0,0,0.000564380299432598,0,0.0121704199154919,0,0,0,0,0,0.00826540069114751,0,0,0,0,1.63329742202576e-05,1.99833203065491e-05,0.00170958891849751,0.138802852271209,0,0,0,0,0,0,0,0,0,0.000386314683434384,0,0,0,0,0,0.0158710583279007,0,0.00274437924892181,0,0.00840788884831078,0,0.00623313745161294,2.80347478954945e-05,0.00247575269260623,2.10133388408712e-05,0.053531527010434,0,0,0,0.000149205272327443,0,0.0194059156217146,0,0,0,1.18202234109464e-05,0,0.0101240542724945,0,0,0,0,0,0,0,0,0,0,0,0,0,0,0.00247558298067293,0,0,0,0,0,0.0130920350182869,0,0.000450393963784779,0,0.00111998099446642,3.42506998805094e-05,0.0228395509916152,0.000415442864601699,0
0.00441702189636698,0,0.000869098029134625,0,0.000240177906835441,0,0,0,8.74702356338996e-05,0,0.00033377040418059,0,0,0,0,0,0.000980057760704653,0.00047631307354438,0.0153756994158942,0,0.163950300602897,0,0,0,0,0,0,0,0,0,0,0,0,0,0,0,0.00497140770554291,0,0.00430034332434848,0.000116165023878738,0.0010471121747973,6.17549234539494e-05,0.00966998514070273,0.000221602770366443,0.000360226660592835,5.76758083528587e-05,0.0679940428019112,0,0.00218857970526823,0,0.00232795356914775,0,0,0,0,0,0.0435132999135449,0,0.000488542503596177,0,1.55117512950961e-05,0,0,0,0,0,0,0,0,0,0,0,0,0.00782597098458231,0,0,0,0,1.36457351740176e-05,0.0152039082929064,0,0.00264124946733409,0.00178157858366676,8.4809287773076e-06,0.0285217102968568,0,0.00685153746894998
0,0,0,0,0,0,0,0,0,0,0,0,0,0,0,0,0,0,0,0,0,0.0546432751667482,0.000692787526009667,0.00220112497378205,0,0,0,0.00253421137062299,0,0,0,0,0,0,0,0,0,0.00631979934565688,0,0,0,0,0,0,0,0,0,0,0,0.000389241636450317,0,0,0,0,0,0,0,0,0,0,0,0,0,0,0,0,0.00645297094290757,0,0.000867726958187954,0,0.000470968216226878,0,0,0,0,0,0,0,0,0,0.00603319467312565,0,0.000684561383841391,0.000184116347412003,0,0,0
0,0,0,0,0,0,0,0,0,0,0,0,0,0,0,0,0,0,0,0,0,0.00118895221767878,0.0721790206794443,0,0.00447681912373976,0,0,0,0,0,0,0,0,0,0,0,0,0,0.0063846239367407,0,0,0,0,0,0,0,0,0,0.00152279939763865,0,0,0,0,0,0,0,0,0,0,0,0,0,0,0,0,0,0,0.0083511447554755,0,0,0,0.00136249631128925,0,0,0,0,0,0,0,0,0,0.00141546460542656,0.00114729425740319,2.76266733302058e-05,0,0,0
0,4.04799278347313e-05,0,0,0,0,0,0,0,0.0109511626685032,0,0,0,0,0,6.98627914843745e-05,0,0.000179838920541173,0,0,0,0.00207866582244805,0,0.0721448812885752,0,0.00711467328123225,0,0,0,0,0,0,0,0,0,0,0,0.00266005750064347,0,0,0,2.63434768473732e-05,0,0,0,0,0,0,0,0,0,0,0,0,0,0.11372310298375,0,0,0,0,0,0,0,0,0.00645297094290757,0,0,0,0.0405293499752055,0,0.0025807070275919,0,0,0,0,0,0,0,0,0,0.00329936990241065,0,0.000444043781646072,0,0.00439898347562451,0,0
0.000131460540114833,0,0,0,0,0,0,0,0.0148696698383374,0,0,0,0,0,0.000601807827190926,0,0,0,0,0,0,0,0.00260102088166735,0,0.189895053196966,0,0,0,0,0,0,0,0,0,0,0,0,0,0.0121652464338908,0,0,0,0.000128331146086579,0,0,0,0,0,0.0303954819970917,0,0,0,0,0,0.0651913478172518,0,0,0,0,0,0.00317756350461585,0,0,0,0,0.0083511447554755,0,0,0,0.013800158311313,0,0.00311551688861851,0,0,0,0,0,0,0,0,0,0.00383531013848642,0.000186432733546163,0,0.0108693722476603,0,0
0,0.00048506866899415,0,0,0,0,0,0,0,0,0,0,0,0,0,0.000585167044660106,0,0.00127449569155371,0,0,0,5.00060133559969e-05,0,0.00146957083181471,0,0.011889083212481,0,0.00411874843059394,0,0,0,0,0,0,0,0,0,0,0,0,0,0,0,0,0,0,0,0,0,0,0,0,0,0,0,0,0,0,0,0,0,0.00251484961693865,0,0,0.000867726958187954,0,0.0405293499752055,0,0,0,0.00949949350571584,0,0,0,0,0,0,0,0,0,0,0,1.10395138986681e-05,0,0,0,0
