0,0,0.210101084664781,0,0.212482705712318,0,0,0,0.160322227606336,0,0,0,0,0,0.168607439313616,0,0.221457682549953,0,0.263825488361445,0,0.412079125642776,0,0,0,0.204257309436798,0,0,0,0,0,0,0,0,0,0,0,0,0.330723116795222,0.230990722179413,0,0.288808174431324,0.307843148708344,0.267676842608014,0,0,0,0.303422590636689,0.333170890808105,0.270660219930838,0,0.211336359381676,0,0,0,0.13175684128586,0,0.282243311405182,0,0.21113408356905,0,0.155893297767953,0,0,0.340672680309841,0,0,0.236772939562798,0.178459523245692,0,0,0,0.26793965271541,0,0.264777471621831,0,0,0,0,0,0.282783150672913,0.276246458292007,0.19600870517584,0.228004996897653,0,0.27552655371699,0,0.221273615956306
0,0,0,0.176791711866511,0,0.222768187522888,0,0,0,0.153302499119198,0,0,0,0,0,0.184120625257492,0.256162515282631,0.234961826354265,0.274416386296875,0,0,0,0,0.225857244041122,0,0,0.281269907951355,0,0,0,0,0,0,0,0,0,0,0.220244996302145,0.279408249258995,0.387249757750676,0.214304074645042,0.295709535580399,0.232304722070694,0.253338217735291,0,0.283456930743276,0,0.287669058550488,0.315908351114818,0.235684885389624,0,0.189626693725586,0,0,0,0.163394285778471,0.218574360013008,0.264762143294017,0,0,0,0.167252227663994,0.384418226778507,0,0,0,0.138007507066835,0.264473977188269,0,0,0.282230950891972,0,0.321731083533343,0,0,0,0,0,0.389645334116366,0,0.154865299165249,0.335368692874908,0.241950483708948,0.241783376250948,0.336974590403359,0.235413063974941,0
0.210101084664781,0,0,0,0.155735141859296,0,0,0,0.228404980253529,0,0,0,0,0,0.165855810046196,0,0.242135817805926,0.26647362112999,0.21154911922557,0,0.203304961323738,0,0,0,0.240292162849353,0,0,0,0,0,0,0,0,0,0,0,0.165155556664538,0,0.239661829339133,0.219778522849083,0.205784893129021,0,0.247597946270778,0,0,0,0.2071874493762,0,0.250831262394786,0.212397173047066,0.187122698626149,0,0.206004276871681,0,0.166431923707326,0,0.197568694298918,0,0.1958839650001,0,0.173322523633639,0,0,0.222334693459904,0,0,0,0.229290444403887,0,0,0,0.271160850922267,0,0.245875258530889,0,0,0,0,0,0.192946614560328,0,0.242841528994696,0.164651148311901,0,0.225736157883048,0,0.202137812972069
0,0.176791711866511,0,0,0,0.229306781989172,0,0,0,0.134311304506609,0,0.351626869704988,0,0,0,0.173653637369474,0.193973451852798,0.232267578442891,0.227116070363833,0.372201576828957,0,0,0,0.23107461258769,0,0,0,0,0,0,0,0,0,0,0,0.188586376864335,0,0.226479019969702,0,0.23156089371159,0,0.242288588130662,0.256350062395397,0.238676669696967,0,0.184094565636233,0.252717979252338,0,0,0.202668431773782,0,0.221227467782249,0,0,0,0.164215816343285,0,0.360702135782132,0,0.299491973510429,0,0.148454845572511,0.205492813187309,0,0,0,0.193697854876518,0,0,0,0,0,0.265630654990673,0,0,0,0,0,0.192788177352642,0,0,0,0.205685182902459,0.186297965049744,0.227578075231194,0.220923060720617,0
0.212482705712318,0,0.155735141859296,0,0,0,0.296162478625774,0,0.197528749704361,0,0,0,0,0,0,0,0,0,0,0,0,0,0,0,0.212235286831856,0,0,0,0,0,0,0,0,0,0,0,0.190626972913742,0,0,0,0.21299726019303,0,0.238313886981744,0,0,0,0.194961097836494,0,0.232223957777023,0,0.164237237270967,0,0.238261053959529,0,0.123392179608345,0,0.205556683499238,0,0.221680185624531,0,0.136007610176291,0,0,0.211569641530514,0,0,0,0,0,0,0,0,0,0,0,0,0,0,0,0.192858196794987,0,0,0.166725454136423,0.190314691559768,0.197804500843272,0,0
0,0.222768187522888,0,0.229306781989172,0,0,0,0.155395481022114,0,0.134059547668412,0,0.160582020878792,0,0,0,0.146208897233009,0,0,0.192255645990372,0.167666909385876,0,0,0,0,0,0,0,0,0,0,0,0,0,0,0,0.179708364762758,0,0,0,0,0,0.234100015788544,0.24215504527092,0,0,0.195051012767686,0,0,0,0.22048981487751,0,0.152305830025535,0,0.143204528838396,0,0.13983785006262,0,0.189860154771143,0,0.168632936974367,0,0.170072478055954,0.140422594279815,0,0,0,0,0,0,0,0,0,0.241740718483925,0,0,0,0,0,0.169242309230678,0,0,0,0.170826367773831,0.169002332737748,0.206381602929189,0,0
0,0,0,0,0.296162478625774,0,0,0,0,0,0.162513070636325,0,0.201121365385396,0,0,0,0,0,0,0,0.158781928036894,0,0,0,0,0,0,0,0,0,0,0,0,0,0,0,0.141423959162209,0,0,0,0,0,0,0,0,0,0,0,0,0,0.20528133669678,0,0.168362656437543,0,0,0,0.182198530777381,0,0.188421996687941,0,0,0,0,0,0,0,0,0,0,0,0,0,0,0,0,0,0,0,0,0.145629778504372,0,0,0.217775234773801,0.205685085387992,0,0,0
0,0,0,0,0,0.155395481022114,0,0,0,0,0,0.163976611362563,0,0.172275731960932,0,0,0,0,0,0.151267437785864,0,0,0,0,0,0,0,0,0,0,0,0,0,0,0,0.155670069158077,0,0,0,0,0,0,0,0,0,0,0,0,0,0,0,0.156671300157905,0,0.164377854323723,0,0,0,0.173333708025422,0,0.177392755635083,0,0,0.14113129904637,0,0,0,0,0,0,0,0,0,0,0,0,0,0,0,0,0,0,0,0.166387629514238,0.156789209355008,0,0,0
0.160322227606336,0,0.228404980253529,0,0.197528749704361,0,0,0,0,0,0,0,0,0,0.157908228968365,0,0.22886766163037,0.18233982367175,0.188022739868215,0,0.440311590830485,0,0,0,0.201618932642288,0,0.174524995684624,0,0,0,0,0,0,0,0,0,0,0.289066627621651,0.220630065032414,0.290089339017868,0.282776191830635,0.205606487393379,0.210712871166191,0,0.136598601937294,0.191892623901367,0.323074512489854,0,0.214182782640208,0,0.23033083230257,0,0,0,0.186250128868375,0,0.273613615334034,0,0.228845936059952,0,0.165239705170194,0,0,0.416669447203072,0,0,0,0.194858937279174,0,0.16484526793162,0,0.251173934056645,0,0.284524601485048,0,0,0,0,0.184037312865257,0.37213737765948,0,0.320090455836371,0.236482001766495,0.138744497857988,0.32118039041361,0.176084369421005,0.180065520107746
0,0.153302499119198,0,0.134311304506609,0,0.134059547668412,0,0,0,0,0,0,0,0.150558623884405,0,0.185416924577972,0.216562822461128,0.141797152519226,0.198127989383305,0,0,0.256794810295105,0,0.189301022404922,0,0,0,0,0,0,0,0,0,0,0,0.200779885053635,0,0.182066262843179,0.283078961074352,0.205181792378426,0,0.230978495972912,0.230703870455424,0,0,0.204505562782288,0,0.241839226335287,0.226933985948563,0.174836917404543,0,0,0,0,0,0.198279125847124,0,0.257615988071148,0,0,0,0.163191216724828,0,0,0,0,0.18873097180136,0,0,0,0.285960879921913,0,0.264253199100494,0,0,0,0,0,0.169640019536018,0,0.222199977595147,0.312895059585571,0.164409736353722,0.154633722564565,0.251571238159187,0.232149824740425,0
0,0,0,0,0,0,0.162513070636325,0,0,0,0,0,0.187728811303775,0,0,0,0,0,0,0,0.151979088886744,0,0,0,0,0,0,0,0.154858182135381,0,0.183384802658111,0,0,0,0,0,0.142873385051886,0,0.151437425852886,0,0,0,0,0,0,0,0,0,0,0,0.142585147704397,0,0.130395045247647,0,0,0,0.171625993108386,0,0.236526312920468,0,0,0,0,0.154969067711915,0,0,0,0,0,0,0,0,0,0.159929947720634,0,0,0,0,0,0,0,0.157383194679667,0.160207888376916,0.156453704649813,0,0,0
0,0,0,0.351626869704988,0,0.160582020878792,0,0.163976611362563,0,0,0,0,0,0.17302262644986,0,0,0,0,0,0.156315063900617,0,0,0,0,0,0,0,0.179414313943947,0,0.173953809056963,0,0,0,0,0,0.15236263870495,0,0.156660634445401,0,0,0,0,0,0,0,0.182430628273222,0,0,0,0,0,0.187867852774533,0,0.211644287564253,0,0,0,0.163017799903007,0,0.18563153450565,0,0,0.151924651428492,0,0,0,0,0,0,0,0.176780388248775,0,0.167547383058218,0,0,0,0,0,0.14774464635599,0,0.13906032128914,0,0.154271317933152,0.159818225963549,0.167569131767138,0,0
0,0,0,0,0,0,0.201121365385396,0,0,0,0.187728811303775,0,0,0,0,0,0,0,0,0,0,0,0,0,0,0,0,0,0.191121834122641,0,0,0,0,0,0,0,0,0,0,0,0,0,0,0,0,0,0,0,0,0,0,0,0,0,0,0,0.233762311970904,0,0.196273369136061,0,0,0,0,0,0,0,0,0,0,0,0,0.181425576182929,0,0,0,0,0,0,0,0,0,0,0.173363969281209,0.183864605203035,0,0,0
0,0,0,0,0,0,0,0.172275731960932,0,0.150558623884405,0,0.17302262644986,0,0,0,0.158881791323036,0,0,0,0,0,0,0,0,0,0.118756267428398,0,0.167106905764388,0,0,0,0,0,0,0,0,0,0,0,0,0,0,0,0,0,0,0,0,0,0,0,0,0,0.202875852584839,0,0,0,0.180586118499438,0,0.182743913123116,0,0,0,0,0,0,0,0,0,0,0.192968462339856,0,0,0,0,0,0,0,0,0,0,0,0.156354931036793,0.171144581802145,0,0,0
0.168607439313616,0,0.165855810046196,0,0,0,0,0,0.157908228968365,0,0,0,0,0,0,0,0.155866136468908,0,0,0,0,0,0,0,0.177438994248708,0,0.159656878921293,0,0,0,0,0,0,0,0,0,0,0,0.235093921422958,0,0,0,0.216522671282291,0,0,0,0,0,0.187406435194943,0,0,0,0,0,0.169536319871744,0,0,0,0.234912678599358,0,0.1679938176023,0,0,0,0,0,0,0.144117020070553,0,0.166901394378307,0,0,0,0,0,0,0,0,0,0,0,0.128633171319962,0.150941852997575,0.151038306290811,0.244109963377317,0,0
0,0.184120625257492,0,0.173653637369474,0,0.146208897233009,0,0,0,0.185416924577972,0,0,0,0.158881791323036,0,0,0,0.152676533423848,0,0,0,0,0,0.168442040681839,0,0.154380851141785,0,0,0,0,0,0,0,0,0,0,0,0,0,0,0,0.257624417543411,0,0,0,0,0,0,0,0.131113111972809,0,0,0,0,0,0.188737544845911,0,0,0,0,0,0.16007012608939,0,0,0,0,0.151489369571209,0,0.163594476718415,0,0,0,0,0,0,0,0,0,0,0,0,0,0.155513755818233,0.154911538863436,0.195109963417053,0,0
0.221457682549953,0.256162515282631,0.242135817805926,0.193973451852798,0,0,0,0,0.22886766163037,0.216562822461128,0,0,0,0,0.155866136468908,0,0,0.146449906376718,0.238862037794798,0,0.317204505205154,0,0,0,0.164139382824113,0,0.145425485000351,0,0,0,0,0,0,0,0,0,0,0,0.203191816806793,0.246635494487626,0.239160144541945,0.205132022500038,0.198321927744377,0.213116310536861,0.175043118000031,0.238394822965386,0.273460140671725,0,0.227792085970149,0.190802775323391,0.205597311258316,0,0,0,0.199693821943723,0,0.2373996352156,0,0.226013144850731,0,0.149157703336742,0,0,0.384895845157344,0,0,0,0.247553139925003,0,0,0.25101974606514,0.212196797132492,0.252617333084345,0.251524072336523,0,0,0,0,0.27259559482336,0.255808670258168,0,0.298127468336712,0.153541264499511,0.149502498599199,0.279000037434177,0.202155536413193,0.215313180707968
0,0.234961826354265,0.26647362112999,0.232267578442891,0,0,0,0,0.18233982367175,0.141797152519226,0,0,0,0,0,0.152676533423848,0.146449906376718,0,0.249622140729281,0,0.300616174936295,0,0,0.151948098838329,0,0.159451523423195,0,0.140543952584267,0,0,0,0,0,0,0,0,0,0.230256244540215,0,0.258822260956679,0.234765316049258,0.22634085256692,0.19755508537228,0.302975296974182,0,0.25307133499273,0.244466596494423,0,0.211223393678665,0.24478705227375,0,0,0,0,0,0.232118010520935,0.246174767613411,0.218247100710869,0,0,0,0.153420950135877,0.276312877024923,0.297953785210848,0.197596289217472,0,0,0,0.164719893744117,0,0,0.212942823767662,0.282215520739555,0.191832676529884,0,0,0,0,0.287134323063798,0.237034938458739,0.350143700838089,0.293999728560448,0.160768734866184,0.131670439751828,0.265937618954433,0.226771509822677,0.200602427124977
0.263825488361445,0.274416386296875,0.21154911922557,0.227116070363833,0,0.192255645990372,0,0,0.188022739868215,0.198127989383305,0,0,0,0,0,0,0.238862037794798,0.249622140729281,0,0,0.356347713619471,0,0,0.25205734372139,0.247052133083344,0,0,0,0,0,0,0,0,0,0,0,0.152723833918571,0,0.245407298207283,0.283123744674671,0.252021152470539,0.206768110635395,0.178787272146626,0.297474851210912,0.173087435464064,0.286271894347374,0.28608516909531,0,0.228569934765498,0.232520920889718,0,0,0,0,0.20008393128713,0.196031843622526,0.230726044625044,0.268567433953285,0.219122856855392,0,0,0,0.232900256911914,0.361347956936571,0,0,0,0.245521754026413,0,0,0,0.205458170175552,0.271885890886188,0.22423099488654,0,0,0,0,0.328649624748137,0.249968145193392,0.322881489992142,0.307115053041623,0.201463732912918,0.183612445990245,0.27600182026073,0.198618915505134,0.190251878039403
0,0,0,0.372201576828957,0,0.167666909385876,0,0.151267437785864,0,0,0,0.156315063900617,0,0,0,0,0,0,0,0,0,0,0,0,0,0,0,0,0,0,0,0,0,0,0,0.157616389087247,0,0.162340159646146,0,0,0,0,0,0,0,0.171992309690719,0,0,0,0,0,0.178711222232999,0,0,0,0,0,0.164744893558153,0,0.186400458216667,0,0,0.160029951510267,0,0,0,0,0,0,0,0,0,0.178175583481789,0,0,0,0,0,0.185462708385254,0,0,0,0.147404247274001,0,0.239493558852701,0,0
0.412079125642776,0,0.203304961323738,0,0,0,0.158781928036894,0,0.440311590830485,0,0.151979088886744,0,0,0,0,0,0.317204505205154,0.300616174936295,0.356347713619471,0,0,0,0,0,0,0,0,0,0,0,0,0,0,0,0,0,0.16266130824828,0,0.18003379293235,0,0.192411035299301,0,0.264864884316921,0,0,0,0.277248502373695,0,0.211812421679497,0,0.138132962797369,0,0.123989288384716,0,0,0,0.166729021205615,0,0.260168857872486,0,0.25446429848671,0,0,0.189568682516744,0,0,0,0,0,0,0,0,0,0,0,0,0,0,0,0.203365738134412,0,0.233721494674683,0.153697292003067,0.150130713979403,0.319190557245339,0,0
0,0,0,0,0,0,0,0,0,0.256794810295105,0,0,0,0,0,0,0,0,0,0,0,0,0.10578689535188,0.163962761467358,0,0.137753696168991,0,0.153910492104201,0,0,0,0,0,0,0,0,0,0.1497542813966,0.141550517143452,0,0,0,0,0,0,0,0,0,0.150497607886791,0.193225912176646,0,0,0,0,0,0.222043409943581,0,0,0,0,0,0,0,0,0.147575805071339,0.10631688514465,0.148818564876277,0,0.174131681384711,0,0.160765854557312,0,0,0,0,0,0,0,0,0,0.194797162900569,0.1537779768308,0.130093610607394,0.127800355854742,0,0,0
0,0,0,0,0,0,0,0,0,0,0,0,0,0,0,0,0,0,0,0,0,0.10578689535188,0,0,0.209726979625726,0,0.207017753776666,0,0.147670295289639,0,0,0,0,0,0,0,0,0.10638246871531,0.153439488900328,0,0,0,0,0,0,0,0,0,0.179344656643286,0,0,0,0,0,0,0,0,0,0,0,0,0,0,0,0.109655042591432,0.154858745660782,0,0.184021042780049,0,0.197772245732138,0,0.146491019845866,0,0,0,0,0,0,0,0,0.120150377973914,0.170040184407369,0.135501064984438,0.152548318225668,0,0,0
0,0.225857244041122,0,0.23107461258769,0,0,0,0,0,0.189301022404922,0,0,0,0,0,0.168442040681839,0,0.151948098838329,0.25205734372139,0,0,0.163962761467358,0,0,0,0.216326693629912,0,0,0,0,0,0,0,0,0,0,0,0.235066841416932,0,0.261796951293945,0,0.2581966817379,0,0,0,0.229878241817156,0,0,0,0.180034534529198,0,0,0,0,0.290309518575668,0.179969827737659,0,0,0,0,0,0.131821472942829,0,0,0.175793600648794,0,0.196669210185704,0,0.196897330727175,0,0,0,0,0,0,0,0,0,0.225785166025162,0,0.224793301280619,0,0.13850588846979,0.139386519789696,0.280586418935231,0.253953367471695,0
0.204257309436798,0,0.240292162849353,0,0.212235286831856,0,0,0,0.201618932642288,0,0,0,0,0,0.177438994248708,0,0.164139382824113,0,0.247052133083344,0,0,0,0.209726979625726,0,0,0,0.171668442467163,0,0,0,0,0,0,0,0.174451217055321,0,0,0,0.213914105355149,0,0,0,0.223157778382301,0,0,0,0.261366128921509,0,0.220944678263059,0,0.250507712364197,0,0,0,0.198171623672048,0,0,0,0,0,0.159020770122023,0,0,0,0,0.146606192840431,0,0.245185429430132,0,0.186371986296606,0,0,0,0,0,0,0,0,0,0.233663097023964,0,0.229467644152536,0.19328460990098,0.265623647719622,0.251019289096196,0,0
0,0,0,0,0,0,0,0,0,0,0,0,0,0.118756267428398,0,0.154380851141785,0,0.159451523423195,0,0,0,0.137753696168991,0,0.216326693629912,0,0,0,0.135521924944334,0,0,0,0,0,0,0,0,0,0,0,0,0,0,0,0,0,0,0,0,0,0,0,0,0,0,0,0,0,0,0,0,0,0.158263754844666,0,0,0.160146801705871,0,0.207515750825405,0,0.157050676579285,0,0.142980216408339,0,0,0,0,0,0,0,0,0,0,0,0.153572397755117,0,0,0,0
0,0.281269907951355,0,0,0,0,0,0,0.174524995684624,0,0,0,0,0,0.159656878921293,0,0.145425485000351,0,0,0,0,0,0.207017753776666,0,0.171668442467163,0,0,0,0.143984071007281,0,0,0,0,0,0,0,0,0,0,0,0,0,0,0,0,0,0,0,0.211314162611961,0,0,0,0,0,0.145607635378838,0,0,0,0,0,0.153579250073586,0,0,0,0,0.20156451066335,0,0.139652009432515,0,0.164338232542439,0,0,0,0,0,0,0,0,0,0,0,0,0.158936584008341,0,0,0,0
0,0,0,0,0,0,0,0,0,0,0,0.179414313943947,0,0.167106905764388,0,0,0,0.140543952584267,0,0,0,0.153910492104201,0,0,0,0.135521924944334,0,0,0,0.178860841697808,0,0,0,0,0,0,0,0.158949179264406,0,0,0,0,0,0,0,0,0,0,0,0,0,0,0,0,0,0,0,0.131971214380529,0,0.17734020911465,0,0,0,0,0.138942788541317,0,0,0,0.133637148266037,0,0.164217196990167,0,0.173891063830228,0,0,0,0,0,0,0,0.133949666777078,0,0.155573342889127,0.162116525267117,0,0,0
0,0,0,0,0,0,0,0,0,0,0.154858182135381,0,0.191121834122641,0,0,0,0,0,0,0,0,0,0.147670295289639,0,0,0,0.143984071007281,0,0,0,0.174596529220188,0,0,0,0,0,0,0,0.136036786025968,0,0,0,0,0,0,0,0,0,0,0,0,0,0,0,0,0,0,0,0.190634742669094,0,0,0,0,0,0,0.154462302393383,0,0,0,0.150626830135783,0,0.164672301878804,0,0,0,0,0,0,0,0,0,0,0.156809818620483,0.167136353904172,0,0,0
0,0,0,0,0,0,0,0,0,0,0,0.173953809056963,0,0,0,0,0,0,0,0,0,0,0,0,0,0,0,0.178860841697808,0,0,0,0,0,0,0,0,0,0.167314860066013,0,0,0,0,0,0,0,0,0,0,0,0,0,0,0,0,0,0,0,0.165342370148547,0,0,0,0,0,0,0,0,0,0,0,0,0.171709607876592,0,0.174721574612037,0,0,0,0,0,0,0,0.150641422226744,0,0.173365456254586,0,0,0,0
0,0,0,0,0,0,0,0,0,0,0.183384802658111,0,0,0,0,0,0,0,0,0,0,0,0,0,0,0,0,0,0.174596529220188,0,0,0,0,0,0,0,0,0,0.146336572873334,0,0,0,0,0,0,0,0,0,0,0,0,0,0,0,0,0,0.179894275691671,0,0,0,0,0,0,0.156580895185471,0,0,0,0,0,0,0,0.169287457565467,0,0.171866840588745,0,0,0,0,0,0,0,0,0.161455267604361,0.173953632354736,0,0,0
0,0,0,0,0,0,0,0,0,0,0,0,0,0,0,0,0,0,0,0,0,0,0,0,0,0,0,0,0,0,0,0,0.124790664102081,0.254323592924691,0,0.182504785557588,0.148262470960617,0,0,0,0,0,0,0,0,0,0,0.28183103276613,0.332351006567478,0.347944309516829,0,0,0,0,0,0,0,0,0,0,0,0,0,0,0,0,0,0,0,0,0,0,0,0,0.20289070431553,0.118118220743011,0.224056563849719,0,0.210635513812304,0,0,0,0.166590039037232,0,0,0,0
0,0,0,0,0,0,0,0,0,0,0,0,0,0,0,0,0,0,0,0,0,0,0,0,0,0,0,0,0,0,0,0.124790664102081,0,0.139537767196695,0.181583864463342,0.133748335326278,0.156511091140669,0,0,0,0,0,0,0,0,0,0,0.168388978158142,0.150499348839124,0,0,0,0,0,0,0,0,0,0,0,0,0,0,0,0,0,0,0,0,0,0,0,0,0,0.130816152443488,0.144527028434254,0.143858537077904,0.193139206618071,0,0.166325218164306,0,0,0.135699839190561,0,0,0,0
0,0,0,0,0,0,0,0,0,0,0,0,0,0,0,0,0,0,0,0,0,0,0,0,0,0,0,0,0,0,0,0.254323592924691,0.139537767196695,0,0.178137018309655,0.149716218962119,0,0.145922490037405,0.271398689746857,0,0,0,0,0,0,0,0,0.402775777848782,0.514674741774797,0.35164920091629,0,0,0,0,0,0,0,0,0,0,0,0,0,0,0,0,0,0.449558466672897,0,0,0,0,0,0,0.247012603501375,0.137289906541506,0.173579023916951,0.174161699703086,0.219720404256474,0,0.154155627163974,0.538514179488023,0.179420049218828,0.242947435379028,0.511540353298187,0,0
0,0,0,0,0,0,0,0,0,0,0,0,0,0,0,0,0,0,0,0,0,0,0,0,0.174451217055321,0,0,0,0,0,0,0,0.181583864463342,0.178137018309655,0,0.149395864456892,0.140055383213713,0.173312950360624,0.219680083134482,0,0,0,0.295786384493113,0,0,0,0,0.206585243991585,0.271462074762223,0,0,0,0,0,0,0,0,0,0,0,0,0,0,0,0,0,0,0,0,0,0,0,0,0,0.158799770474434,0.150822275701691,0.174480301988067,0.174134484893789,0.153993055224419,0.155923066230921,0.160735949873924,0.170312904288436,0.162990305753368,0.19807555899024,0.290789379179478,0,0
0,0,0,0.188586376864335,0,0.179708364762758,0,0.155670069158077,0,0.200779885053635,0,0.15236263870495,0,0,0,0,0,0,0,0.157616389087247,0,0,0,0,0,0,0,0,0,0,0,0.182504785557588,0.133748335326278,0.149716218962119,0.149395864456892,0,0.147253619875173,0.144796127919495,0.12963940123717,0.132135021084167,0,0.215524953145247,0.216639757156372,0,0,0.16594231025926,0,0.468721565320378,0,0.231726050376892,0,0.20334280282259,0,0,0,0.187981888651848,0,0.150697311848626,0,0,0,0.182139217853546,0.157276472323377,0,0,0,0,0,0,0,0,0,0.196594640612602,0,0,0.133308689627382,0.187414191241534,0,0.167704130893367,0.144620040082085,0.147956641682026,0,0.155643970655879,0.135161758560879,0.209684985353454,0,0
0,0,0.165155556664538,0,0.190626972913742,0,0.141423959162209,0,0,0,0.142873385051886,0,0,0,0,0,0,0,0.152723833918571,0,0.16266130824828,0,0,0,0,0,0,0,0,0,0,0.148262470960617,0.156511091140669,0,0.140055383213713,0.147253619875173,0,0.13427853398025,0.138076958293275,0,0.140727048739791,0,0.213858620574077,0,0,0,0.148743548813988,0.162188203053938,0.206672853893704,0,0,0,0,0,0,0,0.195421481022128,0,0.17797888815403,0,0,0,0,0.193077936768532,0,0,0,0,0,0,0,0,0,0,0,0.14811534957926,0,0.140683715993708,0.267118568910764,0.175353096149042,0,0.170769975047089,0.152845462442766,0.14809947724536,0.198515749392939,0,0
0.330723116795222,0.220244996302145,0,0.226479019969702,0,0,0,0,0.289066627621651,0.182066262843179,0,0.156660634445401,0,0,0,0,0,0.230256244540215,0,0.162340159646146,0,0.1497542813966,0.10638246871531,0.235066841416932,0,0,0,0.158949179264406,0,0.167314860066013,0,0,0,0.145922490037405,0.173312950360624,0.144796127919495,0.13427853398025,0,0.301672086539714,0.242322728037834,0,0.216413727876815,0,0,0,0.225527919828892,0,0.435026833815361,0.468217102931096,0.286814747241152,0,0,0,0,0.265589915215969,0.146491169714584,0,0.170561607233344,0,0,0,0.203890278935432,0.164052260531621,0,0.147447788730306,0,0.234994474432853,0.370597712695599,0,0,0.165529289135807,0,0.165183251359129,0,0,0,0.173516593540886,0.19186749458313,0.156751404191074,0,0.169446976929025,0.436085433767478,0.272678119115284,0.490427651749752,0.323838190486034,0.302745163440704,0
0.230990722179413,0.279408249258995,0.239661829339133,0,0,0,0,0,0.220630065032414,0.283078961074352,0.151437425852886,0,0,0,0.235093921422958,0,0.203191816806793,0,0.245407298207283,0,0.18003379293235,0.141550517143452,0.153439488900328,0,0.213914105355149,0,0,0,0.136036786025968,0,0.146336572873334,0,0,0.271398689746857,0.219680083134482,0.12963940123717,0.138076958293275,0.301672086539714,0,0,0.192840397357941,0.30436035990715,0.281163758039474,0,0,0.332209050655365,0.283032480747469,0.437446981215729,0.287920080138335,0.369944304227829,0.221759840846062,0,0,0,0.17912521224091,0.292659605542819,0.158068900586976,0,0.218365281820297,0,0.247680753469467,0,0,0.206524073971169,0,0.169653816312706,0.326099876314402,0.213379629910152,0,0,0,0,0,0.177635287415714,0,0,0,0.156748160719872,0.154982131719589,0.149975904719138,0.284866208965714,0.176977115833244,0.175610197415831,0.175907063731808,0.247019038200378,0,0
0,0.387249757750676,0.219778522849083,0.23156089371159,0,0,0,0,0.290089339017868,0.205181792378426,0,0,0,0,0,0,0.246635494487626,0.258822260956679,0.283123744674671,0,0,0,0,0.261796951293945,0,0,0,0,0,0,0,0,0,0,0,0.132135021084167,0,0.242322728037834,0,0,0,0.239734269593169,0.227961777221589,0.19452617423875,0,0.320875255555285,0.237287101646264,0,0,0.212849756853181,0,0,0,0,0,0.21186957359314,0,0.19773206114769,0,0,0,0.226899527013302,0.184869879195767,0.277344524860382,0,0,0.285392969846725,0,0,0,0,0,0.268671126829253,0,0,0,0,0,0.157465142016051,0.289405733346939,0,0,0.262844749093056,0.217242310787069,0.251855506670197,0.216211644808451,0.291186094284058
0.288808174431324,0.214304074645042,0.205784893129021,0,0.21299726019303,0,0,0,0.282776191830635,0,0,0,0,0,0,0,0.239160144541945,0.234765316049258,0.252021152470539,0,0.192411035299301,0,0,0,0,0,0,0,0,0,0,0,0,0,0,0,0.140727048739791,0,0.192840397357941,0,0,0.206862749159336,0.227401719327094,0,0.184077113866806,0,0.219147732119228,0.199353252283551,0.288271888012764,0.403216443944795,0.218014276027679,0,0,0,0.204011000692844,0,0.215794709439461,0,0.20177373290062,0,0.188768297433853,0,0,0.205001269040569,0,0,0,0,0,0,0,0.218867152929306,0,0.239529645442963,0,0,0,0,0.262111365795135,0.166159565222095,0,0.156586508520625,0.23228165661135,0.223510224372149,0.220868358508714,0.189098030328751,0.222264077627298
0.307843148708344,0.295709535580399,0,0.242288588130662,0,0.234100015788544,0,0,0.205606487393379,0.230978495972912,0,0,0,0,0,0.257624417543411,0.205132022500038,0.22634085256692,0.206768110635395,0,0,0,0,0.2581966817379,0,0,0,0,0,0,0,0,0,0,0,0.215524953145247,0,0.216413727876815,0.30436035990715,0.239734269593169,0.206862749159336,0,0.29866679213708,0.220909080335072,0.325387388467789,0.237874295335026,0.222451751942144,0.322296420733134,0.299774323989238,0.271261990660488,0,0.237132723132769,0,0,0.185859863956769,0.2349833763308,0.194957673549652,0.261493163501344,0,0,0,0.230241204611957,0.240906515291759,0.271559711207043,0,0,0.282866234580676,0,0,0,0.280558515678753,0.216257810592651,0.289284256086046,0.167821362614632,0,0,0,0,0.241098693330171,0.219283408843554,0,0.237197175621986,0.256888650854429,0.212438095642148,0.251504141531578,0.221897517744866,0.239887045820554
0.267676842608014,0.232304722070694,0.247597946270778,0.256350062395397,0.238313886981744,0.24215504527092,0,0,0.210712871166191,0.230703870455424,0,0,0,0,0.216522671282291,0,0.198321927744377,0.19755508537228,0.178787272146626,0,0.264864884316921,0,0,0,0.223157778382301,0,0,0,0,0,0,0,0,0,0.295786384493113,0.216639757156372,0.213858620574077,0,0.281163758039474,0.227961777221589,0.227401719327094,0.29866679213708,0,0,0.229080358733896,0.216564743965864,0.24489115106471,0.357130853335063,0.320022293197959,0.361767443517844,0.238623341402182,0.262334555387497,0,0,0.238707799563366,0.226409688591957,0.238707894614587,0,0.241973109640084,0,0.232654896378517,0,0,0.256014319910453,0,0,0,0.288168340176344,0,0,0,0.217718853615224,0.215819709002972,0.212103334920747,0,0,0,0.237662598490715,0.242510496638715,0.231509379588667,0,0.228565072984371,0.252471408568376,0.215290433913469,0.239520904192399,0.177073774238427,0.17595412998515
0,0.253338217735291,0,0.238676669696967,0,0,0,0,0,0,0,0,0,0,0,0,0.213116310536861,0.302975296974182,0.297474851210912,0,0,0,0,0,0,0,0,0,0,0,0,0,0,0,0,0,0,0,0,0.19452617423875,0,0.220909080335072,0,0,0,0.215823271057822,0,0,0,0,0,0,0,0,0,0,0,0.23744161427021,0,0,0,0,0.225117541849613,0,0,0,0.264892220497131,0,0,0,0,0,0,0,0,0,0,0,0.180816888809204,0,0,0,0.282664746046066,0,0.234602484565515,0,0
0,0,0,0,0,0,0,0,0.136598601937294,0,0,0,0,0,0,0,0.175043118000031,0,0.173087435464064,0,0,0,0,0,0,0,0,0,0,0,0,0,0,0,0,0,0,0,0,0,0.184077113866806,0.325387388467789,0.229080358733896,0,0,0,0.223645015060902,0,0,0,0,0,0,0,0,0,0,0,0,0,0,0,0,0,0,0,0,0,0,0,0,0,0,0,0,0,0,0,0,0.225370626364435,0,0.197384908795357,0.192600240761583,0,0.169182758710601,0,0.169757977128029
0,0.283456930743276,0,0.184094565636233,0,0.195051012767686,0,0,0.191892623901367,0.204505562782288,0,0.182430628273222,0,0,0,0,0.238394822965386,0.25307133499273,0.286271894347374,0.171992309690719,0,0,0,0.229878241817156,0,0,0,0,0,0,0,0,0,0,0,0.16594231025926,0,0.225527919828892,0.332209050655365,0.320875255555285,0,0.237874295335026,0.216564743965864,0.215823271057822,0,0,0.251022517681122,0,0.192648723721504,0.199464719690068,0,0.207477569580078,0,0,0,0.180464332633548,0,0.223878225263877,0,0,0,0.175914565722148,0.211972569199102,0.304621934890747,0,0,0,0,0,0,0,0,0.25958536118269,0.233986258506775,0,0,0,0,0.245053719328054,0.216885502139727,0.298882707953453,0,0.25972951123229,0.229471972928597,0.25364164349532,0.21664934640839,0.185204491019249
0.303422590636689,0,0.2071874493762,0.252717979252338,0.194961097836494,0,0,0,0.323074512489854,0,0,0,0,0,0,0,0.273460140671725,0.244466596494423,0.28608516909531,0,0.277248502373695,0,0,0,0.261366128921509,0,0,0,0,0,0,0,0,0,0,0,0.148743548813988,0,0.283032480747469,0.237287101646264,0.219147732119228,0.222451751942144,0.24489115106471,0,0.223645015060902,0.251022517681122,0,0.260821521282196,0.238766408088256,0.234708204865456,0.188342620406234,0,0,0,0.188472701953008,0.223914556205273,0.20696465176368,0,0.202858314849436,0,0.196939911693335,0,0.197504803538322,0.238618794410375,0,0,0,0,0,0,0,0.238272008299828,0,0.237925869497386,0,0,0,0,0.262011172870795,0.21561118605954,0,0.301302033265432,0.274148518612711,0.237165525879549,0.217151881749386,0.212444057067235,0.23424458866534
0.333170890808105,0.287669058550488,0,0,0,0,0,0,0,0.241839226335287,0,0,0,0,0,0,0,0,0,0,0,0,0,0,0,0,0,0,0,0,0,0.28183103276613,0.168388978158142,0.402775777848782,0.206585243991585,0.468721565320378,0.162188203053938,0.435026833815361,0.437446981215729,0,0.199353252283551,0.322296420733134,0.357130853335063,0,0,0,0.260821521282196,0,0.391843727207627,0.3664527038561,0,0,0,0,0.24943358451128,0.233967684209347,0,0,0,0,0,0,0,0,0,0,0.28545615375042,0.325637723390873,0,0,0,0,0,0,0.259973895888967,0.241420979078338,0.393945194780827,0.192962686027984,0.331092549476379,0.277702582793749,0.34272087262713,0.549766750631732,0.418670653577509,0.256184384226799,0.322594135752357,0,0
0.270660219930838,0.315908351114818,0.250831262394786,0,0.232223957777023,0,0,0,0.214182782640208,0.226933985948563,0,0,0,0,0.187406435194943,0,0.227792085970149,0.211223393678665,0.228569934765498,0,0.211812421679497,0.150497607886791,0.179344656643286,0,0.220944678263059,0,0.211314162611961,0,0,0,0,0.332351006567478,0.150499348839124,0.514674741774797,0.271462074762223,0,0.206672853893704,0.468217102931096,0.287920080138335,0,0.288271888012764,0.299774323989238,0.320022293197959,0,0,0.192648723721504,0.238766408088256,0.391843727207627,0,0.360075668938236,0.217084413325345,0,0,0,0.198885851612922,0,0.255644537946757,0,0.210471753496677,0,0.213143436961314,0,0,0.235376387834549,0,0.195652017369866,0.328146848413679,0.219367449871969,0,0.203506015241146,0,0.26791976219859,0,0.262429113686085,0.301596134901047,0.191668764584594,0.485062263906002,0.196618912311701,0,0.203045756798942,0.424391606497386,0.319175069692664,0.386940374202628,0.527203939855099,0.287485402820958,0,0
0,0.235684885389624,0.212397173047066,0.202668431773782,0,0.22048981487751,0,0,0,0.174836917404543,0,0,0,0,0,0.131113111972809,0.190802775323391,0.24478705227375,0.232520920889718,0,0,0.193225912176646,0,0.180034534529198,0,0,0,0,0,0,0,0.347944309516829,0,0.35164920091629,0,0.231726050376892,0,0.286814747241152,0.369944304227829,0.212849756853181,0.403216443944795,0.271261990660488,0.361767443517844,0,0,0.199464719690068,0.234708204865456,0.3664527038561,0.360075668938236,0,0,0.143100768327713,0,0,0,0.161330196740372,0,0.325812412159784,0,0.305631955464681,0,0.141497887000442,0,0.25557541847229,0.182268323004246,0,0.182661508699976,0.254522442817688,0,0,0.349496316807023,0,0.325561139980952,0,0.333779282867908,0,0,0,0.229029740517338,0,0.257323451009877,0.396424601972103,0.402977402639598,0.294773096839587,0.287773188875662,0.323608182370663,0
0.211336359381676,0,0.187122698626149,0,0.164237237270967,0,0.20528133669678,0,0.23033083230257,0,0.142585147704397,0,0,0,0,0,0.205597311258316,0,0,0,0.138132962797369,0,0,0,0.250507712364197,0,0,0,0,0,0,0,0,0,0,0,0,0,0.221759840846062,0,0.218014276027679,0,0.238623341402182,0,0,0,0.188342620406234,0,0.217084413325345,0,0,0,0.160322805047035,0,0.136037464965792,0,0.229880122933537,0,0.221303373744542,0,0.141405904615248,0,0,0.217312520960482,0,0,0,0,0,0,0,0,0,0.241018861532211,0,0,0,0,0,0.221658727526665,0,0.244435725467546,0.17025275184558,0,0.224604110535421,0,0
0,0.189626693725586,0,0.221227467782249,0,0.152305830025535,0,0.156671300157905,0,0,0,0.187867852774533,0,0,0,0,0,0,0,0.178711222232999,0,0,0,0,0,0,0,0,0,0,0,0,0,0,0,0.20334280282259,0,0,0,0,0,0.237132723132769,0.262334555387497,0,0,0.207477569580078,0,0,0,0.143100768327713,0,0,0,0.162403272464871,0,0.152530193328857,0,0.211817432029154,0,0.16278552536362,0,0.142338088403145,0.163395780920982,0,0,0,0,0,0,0,0,0,0,0,0,0,0,0,0.200496986508369,0,0,0,0.145536796716244,0,0.247020144111071,0,0
0,0,0.206004276871681,0,0.238261053959529,0,0.168362656437543,0,0,0,0.130395045247647,0,0,0,0,0,0,0,0,0,0.123989288384716,0,0,0,0,0,0,0,0,0,0,0,0,0,0,0,0,0,0,0,0,0,0,0,0,0,0,0,0,0,0.160322805047035,0,0,0,0,0,0.163785369754393,0,0.16842385529136,0,0,0,0,0.112606815993786,0,0,0,0,0,0,0,0,0,0,0,0,0,0,0,0,0,0,0.184568755967276,0.203029029071331,0,0,0
0,0,0,0,0,0.143204528838396,0,0.164377854323723,0,0,0,0.211644287564253,0,0.202875852584839,0,0,0,0,0,0,0,0,0,0,0,0,0,0,0,0,0,0,0,0,0,0,0,0,0,0,0,0,0,0,0,0,0,0,0,0,0,0.162403272464871,0,0,0,0,0,0.209452964309145,0,0.197992863950609,0,0,0.177998542785645,0,0,0,0,0,0,0,0,0,0,0,0,0,0,0,0,0,0,0,0.155011248257425,0,0,0,0
0.13175684128586,0,0.166431923707326,0,0.123392179608345,0,0,0,0.186250128868375,0,0,0,0,0,0.169536319871744,0,0.199693821943723,0,0.20008393128713,0,0,0,0,0.290309518575668,0.198171623672048,0,0.145607635378838,0,0,0,0,0,0,0,0,0,0,0.265589915215969,0.17912521224091,0,0.204011000692844,0.185859863956769,0.238707799563366,0,0,0,0.188472701953008,0.24943358451128,0.198885851612922,0,0.136037464965792,0,0,0,0,0,0.173095459739367,0,0,0,0.181250982958338,0,0,0.242965974590995,0,0,0,0.168535512538863,0,0.150653660297394,0,0.247262677550316,0,0.244799345731735,0,0,0,0,0,0.276490464806557,0.305456668138504,0.159343944655524,0.243385464472826,0.21308945119381,0.249367654883007,0,0.175737284123898
0,0.163394285778471,0,0.164215816343285,0,0.13983785006262,0,0,0,0.198279125847124,0,0,0,0,0,0.188737544845911,0,0.232118010520935,0.196031843622526,0,0,0.222043409943581,0,0.179969827737659,0,0,0,0,0,0,0,0,0,0,0,0.187981888651848,0,0.146491169714584,0.292659605542819,0.21186957359314,0,0.2349833763308,0.226409688591957,0,0,0.180464332633548,0.223914556205273,0.233967684209347,0,0.161330196740372,0,0.152530193328857,0,0,0,0,0,0,0,0,0,0.155805859507786,0.192942847808202,0,0,0,0.171602090694167,0.270287930965424,0,0,0,0,0.232052728533745,0,0,0,0,0,0.190367888659239,0,0.14738357719034,0,0.200138000483044,0.202869494494639,0.214953686779654,0.194240517914295,0
0.282243311405182,0.218574360013008,0.197568694298918,0,0.205556683499238,0,0.182198530777381,0,0.273613615334034,0,0.171625993108386,0,0.233762311970904,0,0,0,0.2373996352156,0.246174767613411,0.230726044625044,0,0.166729021205615,0,0,0,0,0,0,0,0,0,0.179894275691671,0,0,0,0,0,0.195421481022128,0,0.158068900586976,0,0.215794709439461,0.194957673549652,0.238707894614587,0,0,0,0.20696465176368,0,0.255644537946757,0,0.229880122933537,0,0.163785369754393,0,0.173095459739367,0,0,0,0.202212596124561,0,0.206004454857773,0,0,0.239472178093458,0,0,0,0,0,0,0,0.340368422393752,0,0.152220678656069,0,0,0,0,0,0.237073601436249,0,0.15279393103616,0.169810465108308,0,0.259470045324482,0,0
0,0.264762143294017,0,0.360702135782132,0,0.189860154771143,0,0.173333708025422,0,0.257615988071148,0,0.163017799903007,0,0.180586118499438,0,0,0,0.218247100710869,0.268567433953285,0.164744893558153,0,0,0,0,0,0,0,0.131971214380529,0,0.165342370148547,0,0,0,0,0,0.150697311848626,0,0.170561607233344,0,0.19773206114769,0,0.261493163501344,0,0.23744161427021,0,0.223878225263877,0,0,0,0.325812412159784,0,0.211817432029154,0,0.209452964309145,0,0,0,0,0,0.192141430685297,0,0.202553664644559,0.16912615342909,0,0,0,0,0,0,0,0.298960105516016,0,0.238885410486701,0,0,0,0,0,0.198832954590519,0,0.160425209573337,0,0.154168546044218,0.148631781339645,0.28655886259662,0.272665798664093,0
0.21113408356905,0,0.1958839650001,0,0.221680185624531,0,0.188421996687941,0,0.228845936059952,0,0.236526312920468,0,0.196273369136061,0,0.234912678599358,0,0.226013144850731,0,0.219122856855392,0,0.260168857872486,0,0,0,0,0,0,0,0.190634742669094,0,0,0,0,0,0,0,0.17797888815403,0,0.218365281820297,0,0.20177373290062,0,0.241973109640084,0,0,0,0.202858314849436,0,0.210471753496677,0,0.221303373744542,0,0.16842385529136,0,0,0,0.202212596124561,0,0,0,0.211373967769211,0,0,0.215046607785755,0,0,0,0.229139029979706,0,0,0,0.171731708133045,0,0.252326518297195,0,0,0,0,0,0.224715168277423,0,0.260187536478043,0.172335277833845,0.182675924447794,0.219771789993559,0,0
0,0,0,0.299491973510429,0,0.168632936974367,0,0.177392755635083,0,0,0,0.18563153450565,0,0.182743913123116,0,0,0,0,0,0.186400458216667,0,0,0,0,0,0,0,0.17734020911465,0,0,0,0,0,0,0,0,0,0,0,0,0,0,0,0,0,0,0,0,0,0.305631955464681,0,0.16278552536362,0,0.197992863950609,0,0,0,0.192141430685297,0,0,0,0.139490656554699,0,0,0,0,0,0,0,0,0.171007986863454,0,0.149255901575089,0,0,0,0,0,0,0,0,0,0.152250738314739,0.201505080473666,0.339469105005264,0,0
0.155893297767953,0,0.173322523633639,0,0.136007610176291,0,0,0,0.165239705170194,0,0,0,0,0,0.1679938176023,0,0.149157703336742,0,0,0,0.25446429848671,0,0,0,0.159020770122023,0,0.153579250073586,0,0,0,0,0,0,0,0,0,0,0,0.247680753469467,0,0.188768297433853,0,0.232654896378517,0,0,0,0.196939911693335,0,0.213143436961314,0,0.141405904615248,0,0,0,0.181250982958338,0,0.206004454857773,0,0.211373967769211,0,0,0,0,0.218303130732642,0,0,0,0.127163730561733,0,0.145066124113167,0,0,0.229657962918282,0.2343829870224,0,0,0,0,0,0.227035904924075,0,0.23632837831974,0.137183304091817,0.138072284559409,0.215053688983123,0,0
0,0.167252227663994,0,0.148454845572511,0,0.170072478055954,0,0,0,0.163191216724828,0,0,0,0,0,0.16007012608939,0,0.153420950135877,0,0,0,0,0,0.131821472942829,0,0.158263754844666,0,0,0,0,0,0,0,0,0,0.182139217853546,0,0.203890278935432,0,0.226899527013302,0,0.230241204611957,0,0,0,0.175914565722148,0,0,0,0.141497887000442,0,0.142338088403145,0,0,0,0.155805859507786,0,0.202553664644559,0,0.139490656554699,0,0,0.18199626604716,0,0,0,0.119069120171023,0,0,0,0.302764937281609,0,0,0,0,0,0,0,0.169179449860866,0,0,0,0.15929025157121,0.122351385653019,0.204221296245637,0.234239995479584,0
0,0.384418226778507,0,0.205492813187309,0,0.140422594279815,0,0.14113129904637,0,0,0,0.151924651428492,0,0,0,0,0,0.276312877024923,0.232900256911914,0.160029951510267,0,0,0,0,0,0,0,0,0,0,0,0,0,0,0,0.157276472323377,0,0.164052260531621,0,0.184869879195767,0,0.240906515291759,0,0.225117541849613,0,0.211972569199102,0.197504803538322,0,0,0,0,0.163395780920982,0,0.177998542785645,0,0.192942847808202,0,0.16912615342909,0,0,0,0.18199626604716,0,0,0,0,0,0,0,0,0,0,0.26894630460029,0,0,0,0,0,0.198420789711598,0,0.234857712473188,0,0.163839693598706,0,0.239657113051639,0,0
0.340672680309841,0,0.222334693459904,0,0.211569641530514,0,0,0,0.416669447203072,0,0.154969067711915,0,0,0,0,0,0.384895845157344,0.297953785210848,0.361347956936571,0,0.189568682516744,0,0,0,0,0,0,0,0,0,0.156580895185471,0,0,0,0,0,0.193077936768532,0,0.206524073971169,0.277344524860382,0.205001269040569,0.271559711207043,0.256014319910453,0,0,0.304621934890747,0.238618794410375,0,0.235376387834549,0.25557541847229,0.217312520960482,0,0.112606815993786,0,0.242965974590995,0,0.239472178093458,0,0.215046607785755,0,0.218303130732642,0,0,0,0,0,0,0,0,0,0,0,0,0.234695211052895,0,0,0,0,0,0.210896811845847,0,0.303216308355331,0.184709059891397,0.154425590140064,0.2772489686352,0,0.318596512079239
0,0,0,0,0,0,0,0,0,0,0,0,0,0,0,0,0,0.197596289217472,0,0,0,0.147575805071339,0.109655042591432,0.175793600648794,0,0.160146801705871,0,0.138942788541317,0,0,0,0,0,0,0,0,0,0.147447788730306,0,0,0,0,0,0,0,0,0,0,0,0.182268323004246,0,0,0,0,0,0,0,0,0,0,0,0,0,0,0,0.10261897444725,0.188487200488268,0,0.191525733623749,0,0.139138989150524,0,0,0,0,0,0,0,0,0,0.176868394782166,0,0.14357627882939,0.152224457334904,0,0,0
0,0,0,0,0,0,0,0,0,0,0,0,0,0,0,0,0,0,0,0,0,0.10631688514465,0.154858745660782,0,0.146606192840431,0,0.20156451066335,0,0.154462302393383,0,0,0,0,0,0,0,0,0,0.169653816312706,0,0,0,0,0,0,0,0,0,0.195652017369866,0,0,0,0,0,0,0,0,0,0,0,0,0,0,0,0.10261897444725,0,0,0.16218579946105,0,0.205879323775806,0,0.13687903881073,0,0,0,0,0,0,0,0,0,0.182375308727064,0.137766661091437,0.151536357418405,0,0,0
0.236772939562798,0.138007507066835,0,0.193697854876518,0,0,0,0,0,0.18873097180136,0,0,0,0,0,0.151489369571209,0,0,0,0,0,0.148818564876277,0,0.196669210185704,0,0.207515750825405,0,0,0,0,0,0,0,0,0,0,0,0.234994474432853,0.326099876314402,0.285392969846725,0,0.282866234580676,0,0.264892220497131,0,0,0,0.28545615375042,0.328146848413679,0.182661508699976,0,0,0,0,0,0.171602090694167,0,0,0,0,0,0.119069120171023,0,0,0.188487200488268,0,0,0.271127358078957,0.20563542124311,0,0,0,0,0,0,0,0,0,0,0,0.256461711108335,0.351521670818329,0.185394319286951,0.282336982587973,0.222480752401882,0,0
0.178459523245692,0.264473977188269,0.229290444403887,0,0,0,0,0,0.194858937279174,0,0,0,0,0,0.144117020070553,0,0.247553139925003,0,0.245521754026413,0,0,0,0.184021042780049,0,0.245185429430132,0,0.139652009432515,0,0,0,0,0,0,0.449558466672897,0,0,0,0.370597712695599,0.213379629910152,0,0,0,0.288168340176344,0,0,0,0,0.325637723390873,0.219367449871969,0.254522442817688,0,0,0,0,0.168535512538863,0.270287930965424,0,0,0.229139029979706,0,0.127163730561733,0,0,0,0,0.16218579946105,0.271127358078957,0,0,0.130648014942805,0,0,0,0,0,0,0,0,0,0.305753350257874,0.345409577091535,0.211426808580833,0.253881687359554,0.294431245326996,0.267040419773977,0,0
0,0,0,0,0,0,0,0,0,0,0,0,0,0,0,0.163594476718415,0,0.164719893744117,0,0,0,0.174131681384711,0,0.196897330727175,0,0.157050676579285,0,0.133637148266037,0,0,0,0,0,0,0,0,0,0,0,0,0,0,0,0,0,0,0,0,0,0,0,0,0,0,0,0,0,0,0,0,0,0,0,0,0.191525733623749,0,0.20563542124311,0,0,0,0.142811506986618,0,0,0,0,0,0,0,0,0,0,0,0.15303607651113,0,0,0,0
