0,0,0.0187268638903303,0,0,0,0,0,0.0266222992648573,0,0,0,0,0,0,0,0.000163589736560316,8.37169340555479e-05,0.00144370220523036,0,0,0,0,0,0,0,0,0,0,0,0,0,0,0,0,0,0,0,0,0,0,0,0.00464017246668051,0,0,0,0,0,0.00372601878894432,0,0,0,0,0,0.0640016259054009,0,0.000176457351118463,0,0.000972331048734992,0,0.00776400507578738,0,0,0,0,0,0,0,0,0,0,0,0,0,0,0,0,0,1.74196366235953e-05,1.13169750622213e-05,0,0,0.000134333023752461,0,0.00615219640589252,0,0
0,0,0,0.00880802562688828,0,0,0,0,0,0.0225444279541354,0,0,0,0,0,0,8.15573183934908e-05,2.68618558940605e-05,0.00118024769399025,0,0,0,0,0.000103784558292282,0,0,0,0,0,0,0,0,0,0,0,0,0,0,0,0.000514207097997436,0,0.00898544452947202,0,0.000165723321306902,0,0.000241693729258675,0.000114219187647985,0,0,0.0258399704024939,0,0.000133488358965989,0,0,0,0.0275113168205508,0,0.000703399125893069,0,0.00227752321593016,0,0.0222106756142327,5.56408365725463e-05,0,0,0,0,0,0,0,0,0,0,0,0,0,0,0,0.000118680491788312,4.96628377300024e-06,3.62425835621756e-05,0,0.000563314488986166,0,0.0103676365311149,0.00104646425097659,0
0.0187268638903303,0,0,0.00215616196094166,0.00131571293857909,0,0,0,0.0180369705658839,0,0,0,0,0,0,0,2.54230986476275e-05,0,2.28890981826253e-05,0,0,0,0,0,0,0,0,0,0,0,0,0,0,0,0,0,0,0,0,0.000185505450211666,0.00101971044737388,2.2557229960553e-05,0.0107739048886923,0,0.00162677269413736,0.000238664942919339,0.00199929215980289,0.000382401846682924,0.010663707857772,0,0.0079893092310843,0,0,0,0.00266101337782703,0,0.00395056722548625,3.94069151688437e-05,7.50156695714312e-05,0.000106188133631747,0,0,0,0.000611533971159422,0,0,0,0,0,0,0,0,0,0.0014382038488519,0,0,0,0,3.90410113921325e-05,0.000155284677416969,0,0,0.000172351069033788,5.94163563635847e-06,0.00683256643598809,0,0.00729203029352524
0,0.00880802562688828,0.00215616196094166,0,0.000107139224082123,0.00722483867194543,0,0,0,0.0134778266312031,0,0,0,0,0,0,0,7.95592848463569e-05,0.000449126949979771,0.000122686921719869,0,0,0,0,0,0,0,0,0,0,0,0,0,0,0,6.0977157247298e-05,0,0,0,0.00265059602762992,4.32582893315683e-05,0.00655539344935321,0.000227455793645844,0.00108596177385883,0,0.00579891006979498,0.000455340416711526,0.0035088860208855,1.53825299285398e-05,0.0165218569246493,0.00106753328433025,0.099461057413867,0,0,0,0.0390352338572362,0.00331605195509806,0.00182990441791398,0,0.0104839312542993,0,0.00598545291036165,0.000474274359909517,7.07958897844996e-05,0,0,0,0,0,0,0,0,0.000455321279513257,0,0,0,0,0,0.000161522772614902,2.03595204764746e-05,5.23960741490904e-06,0,0.000793345387106919,1.97401739957405e-05,0.0223189880955395,0.00173303020699476,0.000338658154100764
0,0,0.00131571293857909,0.000107139224082123,0,0,0,0,0.00355570608582632,0,0,0,0,0,0,0,0,0,4.45013832943593e-05,0,0.00675524025471488,0,0,0,0,0,0,0,0,0,0,0,0,0,0,0,2.96669618090842e-05,0,0,0.000130288647235289,0.00067270553814385,0,0.00196486709796889,0,0,0.000129905304258811,0.00135289576224035,9.06413465947886e-05,0.00214554999949338,0,0.0282363455975748,6.63461353979777e-05,0.0106690945618719,0,0.00053098326469617,0,0.000254477669009282,0,0,0,0,0,7.37818025208108e-05,0,0,0,0,0,0,0,0,0,0,0.000123208002088634,0,0,0,0,3.86726032565319e-05,6.73963487253453e-05,1.53204809535004e-05,0,9.88525309029017e-05,3.01654834968933e-06,0.00686158818912759,0,0.000283478940730268
0,0,0,0.00722483867194543,0,0,0,0.00318293776355588,0,0,0,2.94576325029058e-05,0,0,0,0,0,0,0,0,0,0,0,0,0,0,0,0,0,0,0,0,0,0,0,0.000316898243677199,0,0,0,1.70885302584276e-05,0,0,0,0,0,5.49408114403522e-05,0,0.000230017798220905,0,0.000130849809498325,0,0.0359013076654434,0,0.000495284061998788,0,0,0,8.38723681242366e-05,0,0,0,0,0,0,0,0,0,0,0,0,0,0,0,0,0,0,0,0,0,0,0,0,0.000579902894517862,0.00262206464002824,0.000612926043272969,0,0
0,0,0,0,0,0,0,0,0,0,0.00183240675125516,0,0.000459289759629083,0,0,0,0,0,0,0,2.77285608544836e-05,0,0,0,0,0,0,0,0,0,0,0,0,0,0,0,0,0,0,0,0,0,0,0,0,0,0,0,0,0,0,0,0.0494149385482441,0,0,0,0.00290316710461187,0,0.00407156068919547,0,0,0,0,0,0,0,0,0,0,0,0,0,0,0,0,0,0,0,0,0,0,0,0.00011328968182512,4.16539267921595e-05,0,0,0
0,0,0,0,0,0.00318293776355588,0,0,0,0,0,0.00394288458938123,0,0.00873709761469079,0,0,0,0,0,0,0,0,0,0,0,0,0,0,0,0,0,0,0,0,0,0,0,0,0,0,0,0,0,0,0,0,0,0,0,0,0,0.00816535189496777,0,0.132734933666827,0,0,0,0.00858372035394553,0,0.0167319047147607,0,0,0,0,0,0,0,0,0,0,0,0,0,0,0,0,0,0,0,0,0,0,0.00033600733886546,0,0,0,0
0.0266222992648573,0,0.0180369705658839,0,0.00355570608582632,0,0,0,0,0,0,0,0,0,0.0084755646892504,0,0.00555069677131111,0.000522156287302627,0,0,0,0,5.55893494694296e-06,0,0.00257582356622448,0,0.00767217172880858,0,0,0,0,0,0,0,0,0,0,0,0.00165593434814016,0,0,0,0.00043575627956062,0,0,0,0,0,0.000378812470332515,0,0,0,0,0,0.161802875280768,0,0,0,0,0,0.00673208750654319,0,0,0,0,1.88582151060732e-05,0,0.00200244354956296,0,0.00440450731037249,0,0,0,0,0,0,0,0,0,0,0,0.000342725316873569,0.0022984786721823,0,0.00387386488162793,0,0.000546153572496235
0,0.0225444279541354,0,0.0134778266312031,0,0,0,0,0,0,0,0,0,0,0,0.0406692597817831,0,0.00150408760642358,0,0,0,0,0,0.0186963606040626,0,0.000764318578171037,0,0,0,0,0,0,0,0,0,0,0,0.000356856612614593,0,0.000162428076322038,0,0.000827638329186416,0,0,0,1.04292850387157e-05,7.5087388445792e-06,0,0,0.00265118162012776,0,0,0,0,0,0.101918831995916,0,0.000239575660593969,0,0,0,0.000963379738297746,1.04215794022005e-05,0,0,0,0.00233504150397572,0,0,0,0,0,0,0,0,0,0,0,9.27097817195324e-06,0,0.000717326318799522,0,0.00578079766213016,0.00294059139108025,0.00118132663835274,0.000478896633947464,0
0,0,0,0,0,0,0.00183240675125516,0,0,0,0,0,0.0251282068952804,0,0,0,0,0,0,0,0.0645603914895218,0,0,0,0,0,0,0,0.00166611229254509,0,0,0,0,0,0,0,0.00324276738604642,0,0.0162433384373555,0,0,0,0,0,0,0,0,0,0,0,0,0,0.00173873935687329,0,0,0,0.0944314172055369,0,0.0157866197533127,0,0,0,0,0.00276941728240879,0,0,0,0,0,0,0,0.000743749333197187,0,0.00114873523659671,0,0,0,0,0,0.00264908146288319,0,0.0022287587176455,0.00160863341312828,0,0,0,0
0,0,0,0,0,2.94576325029058e-05,0,0.00394288458938123,0,0,0,0,0,0.0227191728452044,0,0,0,0,0,0.0679331145356849,0,0,0,0,0,0,0,0.000557131726703363,0,0.00365897656031091,0,0,0,0,0,0.0057617376923411,0,0.00579538872474546,0,0,0,0,0,0,0,1.09533130506354e-05,0,0,0,0,0,0.000123003754196895,0,0.00131492270627102,0,0,0,0.187789008844232,0,0.0431510669925408,0,0,0.00767936011266884,0,0,0,0,0,0,0,0.00123211927913951,0,0.00779150727767506,0,0,0,0,0,0.00044236690225544,0,0,0,0.00114335548989745,0,0.000182141608006384,0,0
0,0,0,0,0,0,0.000459289759629083,0,0,0,0.0251282068952804,0,0,0,0.000845348612522261,0,0,0,0,0,0,0,0,0,0,0,0.000116976032924171,0,0,0,1.14266155346087e-05,0,0,0,0,0,0,0,0,0,0,0,0,0,0,0,0,0,0,0,0,0,0,0,0,0,0.00203329784248363,0,0.0242211842470698,0,0,0,0,0,0,0,0,0,0,0.000736139306262776,0,0.000531778058205368,0,1.18656629548952e-05,0,0,0,0,0,0,0,0,0.000368203655301702,0,0,0,0
0,0,0,0,0,0,0,0.00873709761469079,0,0,0,0.0227191728452044,0,0,0,0.001928555794245,0,0,0,0,0,0,0,0,0,0,0,0.00698875899847084,0,0,0,0,0,0,0,0,0,0,0,0,0,0,0,0,0,0,0,0,0,0,0,0,0,0.000423994555454351,0,0,0,0.00101096637266322,0,0.0438619112379356,0,0,0,0,0,0,0,0,0,0,0.00423479960582993,0,0,0,0,0,0,0,0,0,0,0,0.000655814866481815,0.00113642680700115,0,0,0
0,0,0,0,0,0,0,0,0.0084755646892504,0,0,0,0.000845348612522261,0,0,0,0.00727742839236211,0.000300325590634654,0.00023646027172361,0,0,0,2.49078076158483e-05,0,0.000198211916427949,0,0,0,0,0,0,0,0,0,0,0,0,0,0,0,0,0,0,0,0,0,0,0,0,0,0,0,0,0,0,0,0,0,0.0102253936888178,0,0.00459246856917549,0,0,0,0,4.97933642721327e-05,0,0,0,0.00167453269303393,0,3.44310764668207e-05,0,0,0,0,0,0,0,0,0,0,0.000322906759726836,3.31418714597046e-06,0,0,0
0,0,0,0,0,0,0,0,0,0.0406692597817831,0,0,0,0.001928555794245,0,0,0,2.2390900994651e-05,0,0,0,0,0,0.0032935990086697,0,0,0,0,0,0,0,0,0,0,0,0,0,0,0,0,0,0,0,0,0,0,0,0,0,0,0,0,0,0,0,0.0088466335625678,0,0,0,0,0,0.00131669353347848,0,0,0,0,0.00231964850614308,0,0,0,0,0,0,0,0,0,0,0,0,0,0,0,0.000577983728662235,0.00235400854886565,0,0,0
0.000163589736560316,8.15573183934908e-05,2.54230986476275e-05,0,0,0,0,0,0.00555069677131111,0,0,0,0,0,0.00727742839236211,0,0,0.130159412563252,0.0514148146942207,0,0,2.19686917959269e-05,0.00305758537911091,0,0.0048976548288171,1.3151939495915e-05,0.00518871099125581,0,0,0,0,0,0,0,0,1.62059215814605e-05,0,0,0,0.00060502606699357,0.000927037304104629,0.000405206295649975,0.00159593169216671,0.000328248794347241,0.000852450750435759,0.00123702568624091,0.00191448535610826,0,0,0,0,0,0,0,9.33695053396052e-05,0,0.000199924746176072,7.84843390339105e-06,0,0,6.20956177170056e-05,0,0.000785628230815682,0.000610101162268061,0,0.00270926823001506,0,0.000180404095023217,0,0.00108400533885633,0,0,0,8.03395566125201e-05,0,0,0,0,0.000503614412216321,0.00072440469094364,0,8.86532810460045e-06,0.0255506247480886,0.00245501849247335,0.00338629359184941,0.000285399699481323,0.00056074063131853
8.37169340555479e-05,2.68618558940605e-05,0,7.95592848463569e-05,0,0,0,0,0.000522156287302627,0.00150408760642358,0,0,0,0,0.000300325590634654,2.2390900994651e-05,0.130159412563252,0,0.0595030220236463,0,0,0.00105774783888888,0.000118040373977033,0.00091637509130404,0.00184149293526853,0.00262417519534389,0.000120874006955786,0.000261808526107832,0,0,0,0,0,0,0,1.21066664420018e-06,2.0992648769072e-06,0,0,0.000486432855931353,0.000352390822457866,0.000756921973500147,0.000410357388703132,0.000426111278696349,0.000292759221994994,0.000991230725634453,0.00041732555865881,0,0,1.74894650220017e-05,0,0,0,0,0,0,0.000218222132652619,3.12036053776762e-06,0,0,0.00010256479569661,0,0.000399798638948394,0.00020828496832437,0.000503518161409049,0.000149932392012623,0,0.000182863841822895,0.000510183741647356,0,0,0,0,3.86239587119886e-05,0,0,0,0,0.000349236991179151,0.000414812938117554,2.93880031024054e-05,0,0.0280784242200483,0.00760944835826343,0.00148762206992587,0.000463230952006084,0.000189000890763921
0.00144370220523036,0.00118024769399025,2.28890981826253e-05,0.000449126949979771,4.45013832943593e-05,0,0,0,0,0,0,0,0,0,0.00023646027172361,0,0.0514148146942207,0.0595030220236463,0,0,0,4.68756368689751e-05,1.48857254599962e-05,0,0.000358959610561641,0,1.50004029266719e-05,0,0,0,0,0,0,0,0,4.10110801932693e-05,3.56734156922234e-06,0,0,0.0131333182629678,0.00939823263409705,0.0255192395986542,0.0119011455846451,0.0135429342702285,0.00778477065159864,0.0146668356609711,0.0197469157009182,6.17157165803522e-06,0.000192312238781106,0.000164338037197817,5.90606004484406e-05,8.10857641892631e-06,0,0,0,0,0.00228448618958217,0.0010895499607423,0,0,0,0,0.0077802417552357,0.00577820356152129,0,0,0,0,0,0,0,0,0.000601147136405745,0.00119653739663128,0,0,0,0,0.00617161482308498,0.00668985249386714,0.000329385681353939,0.000132659757395282,0.0150417735536338,0.000255736581599393,0.0562334042089244,0.0192639113898575,0.00812984407906391
0,0,0,0.000122686921719869,0,0,0,0,0,0,0,0.0679331145356849,0,0,0,0,0,0,0,0,0,0,0,0,0,0,0,0,0,0,0,0,0,0,0,0.0216782982174853,0,0.00128900158577722,0,0,0,0,0,0,0,0.00450596994609884,0,0.000144651515813384,0,0,0,0,0,0,0,0,0,0.00786548653844838,0,0,0,0,0.14242493162479,0,0,0,0,0,0,0,0,0,0,0,0,0,0,0,0.00384769442538843,0,0.000327370065334718,0,0.00346520500720089,0.000108060198708846,0.00268317505876608,0,0
0,0,0,0,0.00675524025471488,0,2.77285608544836e-05,0,0,0,0.0645603914895218,0,0,0,0,0,0,0,0,0,0,0,0,0,0,0,0,0,0,0,0,0,0,0,0,0,0.0204239712278832,0,0.000364250009410337,0,0,0,9.22670078615543e-06,0,0,0,0.000144745556610348,0,0,0,0.00322564488282532,0,0,0,0,0,0.00533231424647471,0,0,0,0,0,0,0.0818091310962187,0,0,0,0,0,0,0,0,0,0,0,0,0,0,0,0.0055170490090179,0,1.38748209792539e-05,0.00112792825228708,0,0.0011699504946202,0,0
0,0,0,0,0,0,0,0,0,0,0,0,0,0,0,0,2.19686917959269e-05,0.00105774783888888,4.68756368689751e-05,0,0,0,0.00181683665239646,0.00554117471108648,0,0.00323669001885564,0,0.0020580828500849,0,0,0,0,0,0,0,0,0,0.012989095108294,0,0,0,0,0,0,0,0,0,0,0,0.000715725884764487,0,0,0,0,0,0,0,0,0,0,0,0,0,0,0.107323929628242,0,0.00439354274489077,0,0.000439781722502248,0,0.00295592488675991,0,0,0,0,0,0,0,0,0,0.00229514448009552,0,0.00568041186203568,0.000184973822610324,0,0,0
0,0,0,0,0,0,0,0,5.55893494694296e-06,0,0,0,0,0,2.49078076158483e-05,0,0.00305758537911091,0.000118040373977033,1.48857254599962e-05,0,0,0.00181683665239646,0,0,0.00587920552892329,0,0.000210949636192078,0,0.000920437532063792,0,0,0,0,0,0,0,0,1.44942015529569e-05,0.0146947693793824,0,0,0,0,0,0,0,0,0,0.000973775580093076,0,0,0,0,0,0,0,0,0,0,0,0,0,0,0,0.000150807692307185,0.0739790918232099,0,0.00388922520562642,0,0.00329049625910356,0,0.00071586058475118,0,0,0,0,0,0,0,0,0,0.00812469817322425,0.00172039868644466,6.27455035389348e-05,3.62116401756464e-05,0,0
0,0.000103784558292282,0,0,0,0,0,0,0,0.0186963606040626,0,0,0,0,0,0.0032935990086697,0,0.00091637509130404,0,0,0,0.00554117471108648,0,0,0,0.00489934127056174,0,0,0,0,0,0,0,0,0,0,0,0.0136919756815189,0,0,0,0,0,0,0,0,0,0,0,0.000231871282594958,0,0,0,0,0,0.0318589059042767,0,0,0,0,0,4.00801713909662e-05,0,0,0.011612370124865,0,0.0967581532839785,0,0.0199644382278805,0,0,0,0,0,0,0,0,0,0,0,0.00427570267643951,0,0.00170328043625617,0,0.000128858511774736,0,0
0,0,0,0,0,0,0,0,0.00257582356622448,0,0,0,0,0,0.000198211916427949,0,0.0048976548288171,0.00184149293526853,0.000358959610561641,0,0,0,0.00587920552892329,0,0,0,0.0188148481046997,0,0.000276454771000884,0,0,0,0,0,0,0,0,0,0.0131067034224529,0,0,0,7.44029915799249e-05,0,0,0,0,1.50990701013117e-05,0.00636640760473001,0,0,0,0,0,0.0140682799323348,0,0,0,0,0,0.000226501726620296,0,0,0,0,0.00218056328317931,0,0.108418997014407,0,0.0160218543683318,0,0.000430518876500523,0,0,0,0,0,0,0,0,0,0.00104790884368093,0.000520045238691376,6.65002412300196e-06,0.00145800276614904,0,0
0,0,0,0,0,0,0,0,0,0.000764318578171037,0,0,0,0,0,0,1.3151939495915e-05,0.00262417519534389,0,0,0,0.00323669001885564,0,0.00489934127056174,0,0,0,0.00108527573564924,0,0,0,0,0,0,0,0,0,0,0,0,0,0,0,0,0,0,0,0,0,0,0,0,0,0,0,0,0,0,0,0,0,0,0,0,0.00364156685385179,0,0,0,0.0468600597774977,0,0.000113607318780851,0,0,0,0,0,0,0,0,0,0,0,0.000273858208528039,0,0,0,0
0,0,0,0,0,0,0,0,0.00767217172880858,0,0,0,0.000116976032924171,0,0,0,0.00518871099125581,0.000120874006955786,1.50004029266719e-05,0,0,0,0.000210949636192078,0,0.0188148481046997,0,0,0,0,0,0,0,0,0,0,0,0,0,0,0,0,0,0,0,0,0,0,0,0,0,0,0,0,0,0.000953969646432733,0,0,0,0,0,0,0,0,0,0,1.88671413531428e-05,0,0.000394228107955374,0,0.0115457508665745,0,3.56644411426746e-05,0,0,0,0,0,0,0,0,0,0,8.38832164904104e-05,0,0,0,0
0,0,0,0,0,0,0,0,0,0,0,0.000557131726703363,0,0.00698875899847084,0,0,0,0.000261808526107832,0,0,0,0.0020580828500849,0,0,0,0.00108527573564924,0,0,0,0.00281201387699137,0,0,0,0,0,0,0,0.000322486389552173,0,0,0,0,0,0,0,0,0,0,0,0,0,0,0,0,0,0,0,7.17297455416293e-05,0,0.00690263876828366,0,0,0,0,0.000499858760526619,0,0,0,0,0,0.061358911855868,0,0.00124165846425616,0,0,0,0,0,0,0,0.000196893983264584,0,0.000724296048770863,0,0,0,0
0,0,0,0,0,0,0,0,0,0,0.00166611229254509,0,0,0,0,0,0,0,0,0,0,0,0.000920437532063792,0,0.000276454771000884,0,0,0,0,0,0.0669145553062055,0,0,0,0,0,0,0,0.00127167065845256,0,0,0,0,0,0,0,0,0,0,0,0,0,0,0,0,0,0.000123194144018262,0,4.05022292397916e-05,0,0,0,0,0,0,0.00254507664051745,0,0.000244240653146677,0,0.000668452891761065,0,0.0241785173145316,0,0.010267529542082,0,0,0,0,0,0,0,0.00172332654961927,0.00023177499692911,0,0,0,0
0,0,0,0,0,0,0,0,0,0,0,0.00365897656031091,0,0,0,0,0,0,0,0,0,0,0,0,0,0,0,0.00281201387699137,0,0,0,0,0,0,0,0,0,0.000905028541655868,0,0,0,0,0,0,0,0,0,0,0,0,0,0,0,0,0,0,0,0.00690902836978521,0,0,0,0,0,0,0,0,0,0,0,0,0.0159737777475176,0,0.135510878765277,0,0,0,0,0,0,0,0.000801281714603811,0,8.30354552494803e-05,0,0,0,0
0,0,0,0,0,0,0,0,0,0,0,0,1.14266155346087e-05,0,0,0,0,0,0,0,0,0,0,0,0,0,0,0,0.0669145553062055,0,0,0,0,0,0,0,0,0,0.00712708857006503,0,0,0,0,0,0,0,0,0,0,0,0,0,0,0,0,0,0.000304578072708801,0,2.99234625809647e-05,0,0,0,0,0,0,0,0,0,0,0,0,0.017948910567051,0,0.0490711587161918,0,0,0,0,0,0,0,0.000443230113877317,0.000428278459168111,0,0,0,0
0,0,0,0,0,0,0,0,0,0,0,0,0,0,0,0,0,0,0,0,0,0,0,0,0,0,0,0,0,0,0,0,0.010210830921896,0.000543736691688338,0,0.00786235306110637,0,0,0,0,0,0,0,0,0,0,0,0.0453761169640949,0,0.000167751295176471,0,0,0,0,0,0,0,0,0,0,0,0,0,0,0,0,0,0,0,0,0,0,0,0,0.166896078626529,0.000299440809135055,0.0035872820290332,0,0.000538920424888093,0,0,0,6.05009834199161e-05,0,9.01388450714267e-05,0,0
0,0,0,0,0,0,0,0,0,0,0,0,0,0,0,0,0,0,0,0,0,0,0,0,0,0,0,0,0,0,0,0.010210830921896,0,0,0.000318883857620779,0,0.0139883203134797,0,0,0,0,0,0,0,0,0,0,0.0636551657234898,0.000800187807026344,0,0,0,0,0,0,0,0,0,0,0,0,0,0,0,0,0,0,0,0,0,0,0,0,0,0.000433017249887497,0.0783761558476747,0,0.00396264989709078,0,0.000857003036958215,0,0,0.00107808029279273,0,0,0,0
0,0,0,0,0,0,0,0,0,0,0,0,0,0,0,0,0,0,0,0,0,0,0,0,0,0,0,0,0,0,0,0.000543736691688338,0,0,0.00502472027598953,0.00235157647240922,0,0.00254612076904949,0,0,0,0,0,0,0,0,0,0.02557878781742,0,0,0,0,0,0,0,0,0,0,0,0,0,0,0,0,0,0,0,0,0,0,0,0,0,0,0.000221373975139525,0,0.163967829938678,0.00134933722023018,0.00207643738820023,0,0.00367008306963851,0,0.001497964184963,4.3773017668535e-05,0,0,0
0,0,0,0,0,0,0,0,0,0,0,0,0,0,0,0,0,0,0,0,0,0,0,0,0,0,0,0,0,0,0,0,0.000318883857620779,0.00502472027598953,0,0,0.00571246762221965,0,0.00540438829867691,0,0,0,0,0,0,0,0,0.0449440366638823,0,0,0,0,0,0,0,0,0,0,0,0,0,0,0,0,0,0,0,0,0,0,0,0,0,0,0,0.0149607752330796,0.0239764557422881,0.283886116274987,0,0.000255396280366265,0,0.00210837815965732,0.000534432915889138,0,0,0,0
0,0,0,6.0977157247298e-05,0,0.000316898243677199,0,0,0,0,0,0.0057617376923411,0,0,0,0,1.62059215814605e-05,1.21066664420018e-06,4.10110801932693e-05,0.0216782982174853,0,0,0,0,0,0,0,0,0,0,0,0.00786235306110637,0,0.00235157647240922,0,0,0.00270659404207692,0.0125918097668345,2.49101574716195e-05,0,0,3.1669688243393e-05,0,1.27115134053278e-05,0,0.000488491648960434,1.33585402700112e-06,0.000273195645977862,0,5.53305735863309e-05,0,1.45229685863963e-05,0,0,0,0,0,0.00116548693458676,0,0,0,0,0.0145160004644895,0,0,0,0,0,0,0,0,0,1.38175356911372e-06,0,0.00402083081586376,0,0.00330859238653766,0,0.114542002760633,0.00108214581376368,0.00526204226515413,0,0.0115268379912893,0.0018703401840309,0.00141394487858791,1.76761500583354e-05,0
0,0,0,0,2.96669618090842e-05,0,0,0,0,0,0.00324276738604642,0,0,0,0,0,0,2.0992648769072e-06,3.56734156922234e-06,0,0.0204239712278832,0,0,0,0,0,0,0,0,0,0,0,0.0139883203134797,0,0.00571246762221965,0.00270659404207692,0,0,0.0134606035687262,0,8.91057104524765e-05,0,1.41253528226103e-06,0,2.34955512255753e-06,0,0.000271141970380971,0.000257687513168989,0.000137456175498476,0,8.96335967292411e-06,0,0,0,0,0,0.000130267127728784,0,0,0,0,0,0,0.0108680721122718,0,0,0,0,0,0,0,0,0,2.17129157625709e-06,0,0.0013604637350014,0,0.00650982845950774,0,0.131610308186022,0,0.00107981903970969,0.0104830600646665,0.00288419635443355,0.00102647143160338,0,0
0,0,0,0,0,0,0,0,0,0.000356856612614593,0,0.00579538872474546,0,0,0,0,0,0,0,0.00128900158577722,0,0.012989095108294,1.44942015529569e-05,0.0136919756815189,0,0,0,0.000322486389552173,0,0.000905028541655868,0,0,0,0.00254612076904949,0,0.0125918097668345,0,0,0.00263213727995812,0,0,1.58211049233416e-05,6.09115149626926e-06,0,0,0.000281980561012426,0,0.00079498423917451,0,0.00368888930973686,0,0,0,0,0,0.000259822876266472,0,0.00849905185870153,0,0,0,0,0.0029058734986531,0,0.00531677149681707,0,0.00971973961365629,0,0,0,0.000496640009932321,0,0.00113931567751877,0,0,0,0.00240142211107787,0,0.00770150853097321,0,0.106835583272726,6.18083145117933e-05,0.00564244765017178,8.94385902800686e-05,0.00130328834850022,3.42818641333925e-06,0
0,0,0,0,0,0,0,0,0.00165593434814016,0,0.0162433384373555,0,0,0,0,0,0,0,0,0,0.000364250009410337,0,0.0146947693793824,0,0.0131067034224529,0,0,0,0.00127167065845256,0,0.00712708857006503,0,0,0,0.00540438829867691,2.49101574716195e-05,0.0134606035687262,0.00263213727995812,0,0,0,0,0.000105997604329519,0,0,0,0,0.0115307119906646,0.00284526766816152,0,0,0,0,0,0.00132584791396967,0,0.00248636049680651,0,0,0,0,0,0,0.00179327361983364,0,0.00577531198186194,0,0.00509850689797629,0,0,0,0.0015022495586242,0,0.00168555127973597,0,0,0,0.00250526254484226,0,0.0120229617848852,7.03644311633059e-05,0.101089879941339,0.004785715485108,0.000155486887739129,0.00134912516199717,0,0
0,0.000514207097997436,0.000185505450211666,0.00265059602762992,0.000130288647235289,1.70885302584276e-05,0,0,0,0.000162428076322038,0,0,0,0,0,0,0.00060502606699357,0.000486432855931353,0.0131333182629678,0,0,0,0,0,0,0,0,0,0,0,0,0,0,0,0,0,0,0,0,0,0.00019663290431854,0.0669987981314307,0.00046905255831912,0.0210838706279035,0.000113342272992838,0.0202739340189254,0.000805965747746204,0,0.000144981840709442,0.000778101999376201,0.000163995759132746,0.000892647981937647,0,0,0,0,0.000865074478709919,0.000341284871606201,0,1.07808424898545e-05,0,0,0.00621961059213653,0.000143992539349963,0,0,0,0,0,0,0,0,5.93847003919154e-05,7.99804522772671e-05,0,0,0,0,0.00137123712525784,2.32347026599305e-05,0,0,0.000633248176757739,2.02998700822288e-05,0.0220932497382992,0.0215308924204346,4.5565049312566e-05
0,0,0.00101971044737388,4.32582893315683e-05,0.00067270553814385,0,0,0,0,0,0,0,0,0,0,0,0.000927037304104629,0.000352390822457866,0.00939823263409705,0,0,0,0,0,0,0,0,0,0,0,0,0,0,0,0,0,8.91057104524765e-05,0,0,0.00019663290431854,0,0.00023980153536516,0.0643890727648179,0,0.0138254291579675,0.000254682942304511,0.00758802272955901,0,0.00295469368971034,0,0.000328564973569531,0,0,0,0,0,0.00267468444884505,0,0,0,0,0,0.000137046719347991,0.00763570720192684,0,0,0,0,0,0,0,0,0,0.000250709474286113,0,0,0,0,5.19393003694376e-05,0.00166675678509447,0,1.81054381574672e-05,0.00057479720342992,2.41081822006596e-05,0.0185899980136988,0.000169187564467959,0.0166970116541607
0,0.00898544452947202,2.2557229960553e-05,0.00655539344935321,0,0,0,0,0,0.000827638329186416,0,0,0,0,0,0,0.000405206295649975,0.000756921973500147,0.0255192395986542,0,0,0,0,0,0,0,0,0,0,0,0,0,0,0,0,3.1669688243393e-05,0,1.58211049233416e-05,0,0.0669987981314307,0.00023980153536516,0,0.00958504602618915,0.00690840479031707,0.000249566151432648,0.0185455855589783,0.000336159393007336,0.00060226546823453,0.000194739386838199,0.0201229198168002,2.4123601756596e-05,0.00143862675699869,0,0,0,0.000439778717032161,0.000247308631624567,0.00550761320272405,0,0.00020314900950476,0,0.000961157057595737,0.0149492921583607,8.37878173018535e-05,0,0,0.000183764490639374,0,0,0,0,0,0.00714601561305236,8.79583537523397e-06,0,0,0,0,0.00918628506029569,4.46966966464504e-05,6.75434687778013e-05,2.36886123802156e-06,0.0086408888258598,0.000149825721274429,0.090040568984717,0.0754867757461231,0.000197482950275183
0.00464017246668051,0,0.0107739048886923,0.000227455793645844,0.00196486709796889,0,0,0,0.00043575627956062,0,0,0,0,0,0,0,0.00159593169216671,0.000410357388703132,0.0119011455846451,0,9.22670078615543e-06,0,0,0,7.44029915799249e-05,0,0,0,0,0,0,0,0,0,0,0,1.41253528226103e-06,6.09115149626926e-06,0.000105997604329519,0.00046905255831912,0.0643890727648179,0.00958504602618915,0,0.000304662524467546,0.00363157875467888,0.000331490988514778,0.0267160145242798,0.000582181200892256,0.0135781454396218,8.25624665517124e-05,0.0009595472002375,0,0,0,8.79835753036591e-05,0,0.0364460868286303,0,0.000126322565637273,0,5.78952939202741e-05,0,0.000309670596987016,0.0199022189256918,0,0,3.20516642889293e-05,0.000344987658119305,0,0,0,0,0,0.00659165287812002,0,0,0,0,8.00472072554519e-05,0.0098034192778521,9.1843623830825e-06,0.000133354072548133,0.00635176761369023,0.000330212800067765,0.105896718576175,8.02252493756944e-05,0.0717442561156271
0,0.000165723321306902,0,0.00108596177385883,0,0,0,0,0,0,0,0,0,0,0,0,0.000328248794347241,0.000426111278696349,0.0135429342702285,0,0,0,0,0,0,0,0,0,0,0,0,0,0,0,0,1.27115134053278e-05,0,0,0,0.0210838706279035,0,0.00690840479031707,0.000304662524467546,0,0.000207924287301903,0.00462368459136497,0.000545885900725216,0,0,0.00021894533119762,0,0,0,0,0,0,0,0.000300371626129258,0,0,0,0,0.00350367029100666,0,0,0,0,0,0,0,0,0,0,0.000111794966238504,0,0,0,0,0.0017442425242162,2.65918078141327e-05,0.000184065235359647,0,0.000345304357248842,0,0.0099150622254609,0.0196059076118534,0.00047883410894341
0,0,0.00162677269413736,0,0,0,0,0,0,0,0,0,0,0,0,0,0.000852450750435759,0.000292759221994994,0.00778477065159864,0,0,0,0,0,0,0,0,0,0,0,0,0,0,0,0,0,2.34955512255753e-06,0,0,0.000113342272992838,0.0138254291579675,0.000249566151432648,0.00363157875467888,0.000207924287301903,0,0.000567690114043626,0.00653177873477268,0,0,0,0,0,0,0,0,0,0.000279861986609238,0,0,0,0,0,0.00015913310166608,0.00272820537293518,0,0,0,0,0,0,0,0,0,0.000780773194334827,0,0,0,0,0.000107275216248759,0.00212841277082249,0,0,0.000228652284519061,8.97845259131787e-06,0.00557011926509695,0.000407937254631103,0.00309397175034855
0,0.000241693729258675,0.000238664942919339,0.00579891006979498,0.000129905304258811,5.49408114403522e-05,0,0,0,1.04292850387157e-05,0,1.09533130506354e-05,0,0,0,0,0.00123702568624091,0.000991230725634453,0.0146668356609711,0.00450596994609884,0,0,0,0,0,0,0,0,0,0,0,0,0,0,0,0.000488491648960434,0,0.000281980561012426,0,0.0202739340189254,0.000254682942304511,0.0185455855589783,0.000331490988514778,0.00462368459136497,0.000567690114043626,0,0.000938622126473562,0,0,0.000426241586079311,3.84703432810315e-05,0.000990178828686853,0,0,0,4.42645037619857e-05,0.000390102348667667,0.00144374924755585,0,0,0,0,0.0942681029104925,0.000406569985675061,0,0,0,0,0,0,0,0,0.000496058735163444,4.14369710349129e-05,0,0,0,0,0.00800252105783913,0.000127486493634288,0.00192600195037746,0,0.000638793284263624,1.97680601052748e-05,0.0287223878133383,0.00184552284568894,4.64281190943015e-05
0,0.000114219187647985,0.00199929215980289,0.000455340416711526,0.00135289576224035,0,0,0,0,7.5087388445792e-06,0,0,0,0,0,0,0.00191448535610826,0.00041732555865881,0.0197469157009182,0,0.000144745556610348,0,0,0,0,0,0,0,0,0,0,0,0,0,0,1.33585402700112e-06,0.000271141970380971,0,0,0.000805965747746204,0.00758802272955901,0.000336159393007336,0.0267160145242798,0.000545885900725216,0.00653177873477268,0.000938622126473562,0,9.16642437914593e-06,0.00200802026024105,0,0.000704236773127674,0.000206625761354223,0,0,0,0,0.00688603357579223,3.52793672635018e-05,0,0,0,0,0.000391095865990877,0.0507124192464827,0,0,0,0,0,0,0,0,1.19161438514772e-05,0.00319661020639642,0,0,0,0,0.000140241721188776,0.0141598929353373,3.58781509575775e-06,5.18212567460122e-05,0.00102175231742538,1.43919875107253e-05,0.0218946261673119,0.000376830228583137,0.00103783326136379
0,0,0.000382401846682924,0.0035088860208855,9.06413465947886e-05,0.000230017798220905,0,0,0,0,0,0,0,0,0,0,0,0,6.17157165803522e-06,0.000144651515813384,0,0,0,0,1.50990701013117e-05,0,0,0,0,0,0,0.0453761169640949,0.0636551657234898,0.02557878781742,0.0449440366638823,0.000273195645977862,0.000257687513168989,0.00079498423917451,0.0115307119906646,0,0,0.00060226546823453,0.000582181200892256,0,0,0,9.16642437914593e-06,0,0.107537585216691,0.126936300681724,0,0.00025360393090484,0,0,0,0,0.000117984614083513,6.72007816548362e-06,0,0,0,0,0,5.97912244564252e-06,0,0,4.16896797529043e-05,0.000108351713132157,0,0,0,0,0,0.000109412894540501,0.091399436769859,0.145027631129591,0.00844650422945926,0.0153963159943555,0.00532987498501857,0.009025804409371,0.00046531582529218,0.0121088852223478,0.0115909238757927,7.47788602980335e-05,0.0125320215139944,0,0
0.00372601878894432,0,0.010663707857772,1.53825299285398e-05,0.00214554999949338,0,0,0,0.000378812470332515,0,0,0,0,0,0,0,0,0,0.000192312238781106,0,0,0,0.000973775580093076,0,0.00636640760473001,0,0,0,0,0,0,0,0.000800187807026344,0,0,0,0.000137456175498476,0,0.00284526766816152,0.000144981840709442,0.00295469368971034,0.000194739386838199,0.0135781454396218,0,0,0,0.00200802026024105,0.107537585216691,0,0.00229859611533399,0.000864912074201952,0,0,0,0.00340734046037855,0,0.00380812368399318,0,0.000862354436918616,0,0.00141536415586106,0,0,0.000686218664763857,0,2.448999019405e-05,0,0.00434320763931921,0,0,0,0.00146407907920686,0,0.00144350183474191,0,0.00363472575696878,0,0,4.56603319633572e-06,0.000565166770274817,0,0.0104826631056543,0.00780490384036934,5.57216495136586e-05,0.0367589924073411,0,0.000611155745332406
0,0.0258399704024939,0,0.0165218569246493,0,0.000130849809498325,0,0,0,0.00265118162012776,0,0,0,0,0,0,0,1.74894650220017e-05,0.000164338037197817,0,0,0.000715725884764487,0,0.000231871282594958,0,0,0,0,0,0,0,0.000167751295176471,0,0,0,5.53305735863309e-05,0,0.00368888930973686,0,0.000778101999376201,0,0.0201229198168002,8.25624665517124e-05,0.00021894533119762,0,0.000426241586079311,0,0.126936300681724,0.00229859611533399,0,0,0.00238191720356909,0,0,0,0.0041117642474387,8.04895639948923e-05,0.000893067403403738,0,0.000158293905463766,0,0.000587370232320363,0,6.64603454587432e-06,0,0,0.00507175684936832,0,0,0,0,0,0.000275575606902022,0,0.00188453344454148,0.000173976651390712,0,0,7.12144798292722e-05,0,0.00124385869958801,0,0.00580086654822047,1.74817768291188e-05,0.044329607385843,0.00392397671017762,7.05272198909049e-05
0,0,0.0079893092310843,0.00106753328433025,0.0282363455975748,0,0,0,0,0,0,0,0,0,0,0,0,0,5.90606004484406e-05,0,0.00322564488282532,0,0,0,0,0,0,0,0,0,0,0,0,0,0,0,8.96335967292411e-06,0,0,0.000163995759132746,0.000328564973569531,2.4123601756596e-05,0.0009595472002375,0,0,3.84703432810315e-05,0.000704236773127674,0,0.000864912074201952,0,0,0,0.0251468525784563,0,0.00387345013001597,0,0.0103926554479595,0,0.0123327467942051,0,0.00357445091106096,0,0,3.04245780296628e-05,0,0,0,0,0,0,0,0,0,0.000198538834218929,0,0,0,0,1.06051191757355e-06,6.60419040877919e-05,2.31304495040423e-06,0,8.84201938370614e-07,0,0.00495046549989375,0,0.000446576995819729
0,0.000133488358965989,0,0.099461057413867,6.63461353979777e-05,0.0359013076654434,0,0.00816535189496777,0,0,0,0.000123003754196895,0,0,0,0,0,0,8.10857641892631e-06,0,0,0,0,0,0,0,0,0,0,0,0,0,0,0,0,1.45229685863963e-05,0,0,0,0.000892647981937647,0,0.00143862675699869,0,0,0,0.000990178828686853,0.000206625761354223,0.00025360393090484,0,0.00238191720356909,0,0,0,0.0162082741957292,0,0.000568383715815354,0.000118739543745909,0.00346961783245315,0,0.00516062306620559,0,0.00637227329366396,4.53210533968712e-05,0,0,0,0,0,0,0,0,0,0,0,0,0,0,0,1.91100539592236e-05,2.35401424334873e-06,0,0,0.000100835225548378,9.22908313349572e-06,0.0037416062116066,0,0
0,0,0,0,0.0106690945618719,0,0.0494149385482441,0,0,0,0.00173873935687329,0,0,0,0,0,0,0,0,0,0,0,0,0,0,0,0,0,0,0,0,0,0,0,0,0,0,0,0,0,0,0,0,0,0,0,0,0,0,0,0.0251468525784563,0,0,0,0,0,0.0358572900012149,0,7.20019547520642e-05,0,0,0,0,0,0,0,0,0,0,0,0,0,0,0,0,0,0,0,0,0,0,0,0.000646359335682619,4.99968151655814e-05,0,0,0
0,0,0,0,0,0.000495284061998788,0,0.132734933666827,0,0,0,0.00131492270627102,0,0.000423994555454351,0,0,0,0,0,0,0,0,0,0,0,0,0,0,0,0,0,0,0,0,0,0,0,0,0,0,0,0,0,0,0,0,0,0,0,0,0,0.0162082741957292,0,0,0,0,0,0.0104203557256386,0,0.00198740699222665,0,0,0,0,0,0,0,0,0,0,0,0,0,0,0,0,0,0,0,0,0,0,5.11961317954649e-05,0,0,0,0
0.0640016259054009,0,0.00266101337782703,0,0.00053098326469617,0,0,0,0.161802875280768,0,0,0,0,0,0,0,9.33695053396052e-05,0,0,0,0,0,0,0,0.0140682799323348,0,0.000953969646432733,0,0,0,0,0,0,0,0,0,0,0,0.00132584791396967,0,0,0,8.79835753036591e-05,0,0,0,0,0,0.00340734046037855,0,0.00387345013001597,0,0,0,0,0,0,0,0,0,0.0433133194023306,0,0,0,0,0,0,0.0662242223554139,0,0.000237689739763992,0,0,0,0,0,0,0,0,0,0,0,0.00333077351110742,0.00030129588217541,0,0.000802265472092827,0,0
0,0.0275113168205508,0,0.0390352338572362,0,0,0,0,0,0.101918831995916,0,0,0,0,0,0.0088466335625678,0,0,0,0,0,0,0,0.0318589059042767,0,0,0,0,0,0,0,0,0,0,0,0,0,0.000259822876266472,0,0,0,0.000439778717032161,0,0,0,4.42645037619857e-05,0,0,0,0.0041117642474387,0,0.000568383715815354,0,0,0,0,0,2.57195521063047e-05,0,0,0,0.00161066586739327,4.23416934649812e-05,0,0,0,0.0137914043562586,0,0,0,0,0,0,0,0,0,0,0,0,0,0.00141517033147957,0,8.72913172979453e-05,0,0.000322147361594116,0.000125651591993993,0
0.000176457351118463,0,0.00395056722548625,0.00331605195509806,0.000254477669009282,0,0.00290316710461187,0,0,0,0.0944314172055369,0,0.00203329784248363,0,0,0,0.000199924746176072,0.000218222132652619,0.00228448618958217,0,0.00533231424647471,0,0,0,0,0,0,0,0.000123194144018262,0,0.000304578072708801,0,0,0,0,0,0.000130267127728784,0,0.00248636049680651,0.000865074478709919,0.00267468444884505,0.000247308631624567,0.0364460868286303,0,0.000279861986609238,0.000390102348667667,0.00688603357579223,0.000117984614083513,0.00380812368399318,8.04895639948923e-05,0.0103926554479595,0.000118739543745909,0.0358572900012149,0,0,0,0,0.000168128101365769,0.0029378915906788,0,0.000120186965135621,0,4.62161149902845e-05,0.0407079521261891,0,0,0,0,0,0,0,0.00218108431709367,2.85068140539277e-05,0.00704394146084586,0,0,0,0,0.000114953626921491,0.00104717254177528,1.36175488281255e-05,8.84216408676195e-05,0.00130703344846335,4.08336643827292e-06,0.0288020379648833,0.000209528539967269,0.0164593118891112
0,0.000703399125893069,3.94069151688437e-05,0.00182990441791398,0,8.38723681242366e-05,0,0.00858372035394553,0,0.000239575660593969,0,0.187789008844232,0,0.00101096637266322,0,0,7.84843390339105e-06,3.12036053776762e-06,0.0010895499607423,0.00786548653844838,0,0,0,0,0,0,0,7.17297455416293e-05,0,0.00690902836978521,0,0,0,0,0,0.00116548693458676,0,0.00849905185870153,0,0.000341284871606201,0,0.00550761320272405,0,0.000300371626129258,0,0.00144374924755585,3.52793672635018e-05,6.72007816548362e-06,0,0.000893067403403738,0,0.00346961783245315,0,0.0104203557256386,0,2.57195521063047e-05,0.000168128101365769,0,0,0.0020722926210273,0,0,0.0103524812369616,3.65730171219976e-05,0,0,0,0,0,0,0,0,0.00576301241277974,0,0,0,0,0,0.000230037968806874,2.74365054646277e-06,1.26060933556857e-05,0,0.00084803693264547,1.57315483041962e-06,0.0132766216768777,0.0027928960898772,1.13139467651014e-05
0.000972331048734992,0,7.50156695714312e-05,0,0,0,0.00407156068919547,0,0,0,0.0157866197533127,0,0.0242211842470698,0,0.0102253936888178,0,0,0,0,0,0,0,0,0,0,0,0,0,4.05022292397916e-05,0,2.99234625809647e-05,0,0,0,0,0,0,0,0,0,0,0,0.000126322565637273,0,0,0,0,0,0.000862354436918616,0,0.0123327467942051,0,7.20019547520642e-05,0,0,0,0.0029378915906788,0,0,0,0.00112731506272296,0,0,0,0,0,0,0,0,0,0,5.11915532709566e-05,0,0.000162041868486605,0,0,0,0,0,0,0,0,0.00236193830469702,0.000133673829418812,0.0011203509404375,0,0
0,0.00227752321593016,0.000106188133631747,0.0104839312542993,0,0,0,0.0167319047147607,0,0,0,0.0431510669925408,0,0.0438619112379356,0,0,0,0,0,0,0,0,0,0,0,0,0,0.00690263876828366,0,0,0,0,0,0,0,0,0,0,0,1.07808424898545e-05,0,0.00020314900950476,0,0,0,0,0,0,0,0.000158293905463766,0,0.00516062306620559,0,0.00198740699222665,0,0,0,0.0020722926210273,0,0,0,0.000696718447915152,0,0,0,0,0,0,0.000821457958366436,0,0.00334344090455406,0,0,0,0,0,0,0,0,0,0,0,0.000348867974326878,2.23491703386103e-05,0.000449693474641874,0,0
0.00776400507578738,0,0,0,0,0,0,0,0.00673208750654319,0,0,0,0,0,0.00459246856917549,0,6.20956177170056e-05,0.00010256479569661,0,0,0,0,0,0,0.000226501726620296,0,0,0,0,0,0,0,0,0,0,0,0,0,0,0,0,0,5.78952939202741e-05,0,0,0,0,0,0.00141536415586106,0,0.00357445091106096,0,0,0,0.0433133194023306,0,0.000120186965135621,0,0.00112731506272296,0,0,0,0,0,0,0,0,0,0,0,0,0,0,0,0,0,0,0,0,0,0,0,0.000108225067919103,0,0.000711375014104106,0,0
0,0.0222106756142327,0,0.00598545291036165,0,0,0,0,0,0.000963379738297746,0,0,0,0,0,0.00131669353347848,0,0,0,0,0,0,0,4.00801713909662e-05,0,0,0,0,0,0,0,0,0,0,0,0,0,0,0,0,0,0.000961157057595737,0,0,0,0,0,0,0,0.000587370232320363,0,0.00637227329366396,0,0,0,0.00161066586739327,0,0,0,0.000696718447915152,0,0,0,0,0,0,4.29637609047639e-05,0,0,0,0.000517175397356413,0,0,0,0,0,0,0,0,0,0,0,4.22002184310195e-05,0.000111021430523162,0.00128967298777276,0,0
0,5.56408365725463e-05,0,0.000474274359909517,7.37818025208108e-05,0,0,0,0,1.04215794022005e-05,0,0.00767936011266884,0,0,0,0,0.000785628230815682,0.000399798638948394,0.0077802417552357,0.14242493162479,0,0,0,0,0,0,0,0,0,0,0,0,0,0,0,0.0145160004644895,0,0.0029058734986531,0,0.00621961059213653,0.000137046719347991,0.0149492921583607,0.000309670596987016,0.00350367029100666,0.00015913310166608,0.0942681029104925,0.000391095865990877,0,0,0,0,4.53210533968712e-05,0,0,0,4.23416934649812e-05,4.62161149902845e-05,0.0103524812369616,0,0,0,0,0,0.000138174941792823,0,0,0,0,0,0,0,0,0.0020055918568341,0,0,0,0,0,0.0122941632730365,5.75115375335469e-05,0.00197525012085894,0,0.00233080613597927,8.99197309214442e-06,0.0247095423482674,0.00156944752107874,0.000202011820774443
0,0,0.000611533971159422,7.07958897844996e-05,0,0,0,0,0,0,0.00276941728240879,0,0,0,0,0,0.000610101162268061,0.00020828496832437,0.00577820356152129,0,0.0818091310962187,0,0,0,0,0,0,0,0,0,0,0,0,0,0,0,0.0108680721122718,0,0.00179327361983364,0.000143992539349963,0.00763570720192684,8.37878173018535e-05,0.0199022189256918,0,0.00272820537293518,0.000406569985675061,0.0507124192464827,5.97912244564252e-06,0.000686218664763857,6.64603454587432e-06,3.04245780296628e-05,0,0,0,0,0,0.0407079521261891,3.65730171219976e-05,0,0,0,0,0.000138174941792823,0,0,0,0,0,0,0,0,0,0,0.00213160094785955,0,0,0,0,2.65127137205179e-05,0.0151602352583968,0,7.26454416971731e-05,0.00195475888920366,1.06121749177737e-05,0.017593623203206,0.000294804853209093,0.000587437684279148
0,0,0,0,0,0,0,0,0,0,0,0,0,0,0,0,0,0.000503518161409049,0,0,0,0.107323929628242,0.000150807692307185,0.011612370124865,0,0.00364156685385179,0,0.000499858760526619,0,0,0,0,0,0,0,0,0,0.00531677149681707,0,0,0,0,0,0,0,0,0,0,0,0,0,0,0,0,0,0,0,0,0,0,0,0,0,0,0,0,0.0193086253139549,0,0.00167493651043211,0,0.00471248664094915,0,0,0,0,0,0,0,0,0,0.00472666642087137,0,0.00109157876440304,1.86151482556621e-05,0,0,0
0,0,0,0,0,0,0,0,1.88582151060732e-05,0,0,0,0,0,4.97933642721327e-05,0,0.00270926823001506,0.000149932392012623,0,0,0,0,0.0739790918232099,0,0.00218056328317931,0,1.88671413531428e-05,0,0.00254507664051745,0,0,0,0,0,0,0,0,0,0.00577531198186194,0,0,0,0,0,0,0,0,0,2.448999019405e-05,0,0,0,0,0,0,0,0,0,0,0,0,0,0,0,0,0,0,0.0101417168916137,0,0.0136561371104496,0,0.00705025331385899,0,0,0,0,0,0,0,0,0,0.00826237346640326,0.0010291520474761,2.39284114693567e-05,0,0,0
0,0,0,0,0,0,0,0,0,0.00233504150397572,0,0,0,0,0,0.00231964850614308,0,0,0,0,0,0.00439354274489077,0,0.0967581532839785,0,0,0,0,0,0,0,0,0,0,0,0,0,0.00971973961365629,0,0,0,0.000183764490639374,3.20516642889293e-05,0,0,0,0,4.16896797529043e-05,0,0.00507175684936832,0,0,0,0,0,0.0137914043562586,0,0,0,0,0,4.29637609047639e-05,0,0,0.0193086253139549,0,0,0,0.00896878805760661,0,0,0,0,0,0,0,0,0,0,0,0.0108513142492408,0,0.00068656405257508,1.18052007554773e-05,0.00771338380308573,0,0
0,0,0,0,0,0,0,0,0.00200244354956296,0,0,0,0,0,0,0,0.000180404095023217,0.000182863841822895,0,0,0,0,0.00388922520562642,0,0.108418997014407,0,0.000394228107955374,0,0.000244240653146677,0,0,0,0,0,0,0,0,0,0.00509850689797629,0,0,0,0.000344987658119305,0,0,0,0,0.000108351713132157,0.00434320763931921,0,0,0,0,0,0.0662242223554139,0,0,0,0,0,0,0,0,0,0,0.0101417168916137,0,0,0,0.0236349456040477,0,0.000307544329534486,0,0,0,0,0,0,0,0,0,0.00581038186743243,0.000328397506612169,0,0.00931207644416835,0,0
0,0,0,0,0,0,0,0,0,0,0,0,0,0,0,0,0,0.000510183741647356,0,0,0,0.000439781722502248,0,0.0199644382278805,0,0.0468600597774977,0,0,0,0,0,0,0,0,0,0,0,0,0,0,0,0,0,0,0,0,0,0,0,0,0,0,0,0,0,0,0,0,0,0.000821457958366436,0,0,0,0,0.00167493651043211,0,0.00896878805760661,0,0,0,0.000478650836585902,0,0,0,0,0,0,0,0,0,0,0,0,0,0,0,0
0,0,0,0,0,0,0,0,0.00440450731037249,0,0,0,0.000736139306262776,0,0.00167453269303393,0,0.00108400533885633,0,0,0,0,0,0.00329049625910356,0,0.0160218543683318,0,0.0115457508665745,0,0.000668452891761065,0,0,0,0,0,0,0,0,0,0,0,0,0,0,0,0,0,0,0,0,0,0,0,0,0,0.000237689739763992,0,0,0,0,0,0,0,0,0,0,0.0136561371104496,0,0.0236349456040477,0,0,0,0.000239473800173328,0,0,0,0,0,0,0,0,0,0,0.000153770827307595,0,0,0,0
