0,0,0.237506723652283,0,0,0,0,0,0.175283708460629,0,0,0,0,0,0,0,0,0.256678581237793,0.245095943907897,0,0,0,0,0,0.191460788249969,0,0,0,0,0,0,0,0,0,0,0,0,0,0.223035380244255,0,0,0,0.27502391410285,0,0,0,0,0.27854086458683,0.325525278111502,0,0,0,0,0,0.198036329893865,0,0.300650589424988,0,0,0,0,0,0,0.299849510192871,0,0,0,0,0,0,0,0.325167471623939,0,0.382561331056058,0,0,0,0,0,0.424754947423935,0,0.323323085904121,0.211311386432499,0,0.291225201262094,0,0.27629554271698
0,0,0,0.169911285241445,0,0,0,0,0,0.222010540802783,0,0,0,0,0,0,0,0,0,0,0,0,0,0,0,0,0,0,0,0,0,0,0,0,0,0,0,0,0,0,0,0.256758724649747,0,0,0,0,0,0,0,0.136360719799995,0,0,0,0,0,0.276087986142843,0,0.209845274686813,0,0,0,0.247722810468613,0,0,0,0,0,0,0,0,0,0,0,0,0,0,0,0,0,0,0,0,0.209624488320616,0,0.179164979159832,0,0
0.237506723652283,0,0,0,0.170369416475296,0,0,0,0.231417335177723,0,0,0,0,0,0,0,0.273882806301117,0,0.292945027351379,0,0.278159618377686,0,0,0,0.24494569003582,0,0,0,0,0,0,0,0,0,0,0,0.339652329683304,0,0.243228199226516,0,0,0,0.255788074456496,0,0,0,0.246897533535957,0.240307301282883,0.273844672024858,0,0.220854293022837,0,0,0,0.163828477263451,0,0.264967591812213,0,0.235269146660964,0,0.231270037591457,0,0,0.202306561999851,0,0,0,0,0,0,0,0,0,0.325881185531616,0,0,0,0,0,0.310086493690809,0,0.333352085006864,0.272928684949875,0,0.236247026755177,0.278867423534393,0.24488966614008
0,0.169911285241445,0,0,0,0.231684157463509,0,0,0,0.220549367723011,0,0,0,0,0,0,0,0,0.294947241743406,0,0,0,0,0,0,0,0,0,0,0,0,0,0,0,0,0.316777318716049,0,0,0,0.311971373558044,0,0.27856686681208,0,0.333161443471909,0,0.267069309949875,0.259496986865997,0,0,0.285004059784114,0,0.221943811033711,0,0,0,0.213389046490192,0,0.254379491853927,0,0.217871235116668,0,0,0.259428560733795,0,0,0,0,0,0,0,0.268654723962148,0,0.320243751837148,0,0,0,0,0,0.316748198121786,0,0.329904008995403,0,0.269942649640143,0,0.269447953007611,0.297145634889603,0
0,0,0.170369416475296,0,0,0,0,0,0.208223163017205,0,0,0,0,0,0,0,0,0,0,0,0,0,0,0,0,0,0,0,0,0,0,0,0,0,0,0,0,0,0,0,0,0,0.260704547166824,0,0,0,0,0,0,0,0.193659442067146,0,0,0,0.165789191921552,0,0.234648146977027,0,0.269900252137865,0,0.207414675700037,0,0,0.194167277216911,0,0,0,0,0,0,0,0,0,0.30942041426897,0,0,0,0,0,0,0,0.321737706661224,0,0,0.200858688560025,0,0
0,0,0,0.231684157463509,0,0,0,0.206693241298199,0,0.184272426797683,0,0.236547360077817,0,0,0,0,0,0,0,0.186905895777073,0,0,0,0,0,0,0,0,0,0,0,0,0,0,0,0,0,0,0,0,0,0.249422483146191,0,0,0,0,0,0,0,0.290569096803665,0,0.221475685982148,0,0.19910698815396,0,0.170842586691121,0,0.21548891243886,0,0,0,0,0.195397458303331,0,0,0,0,0,0,0,0,0,0.302286347746849,0,0,0,0,0,0.282622635364532,0,0.323846086859703,0,0.168020361775084,0,0.230487589914632,0,0
0,0,0,0,0,0,0,0,0,0,0.264795708035429,0,0,0,0,0,0,0,0,0,0.206095794127101,0,0,0,0,0,0,0,0,0,0,0,0,0,0,0,0,0,0,0,0,0,0,0,0,0,0,0,0,0,0,0,0.22504085805509,0,0,0,0.259403643809036,0,0.206841940472001,0,0,0,0,0,0,0,0,0,0,0,0,0,0,0,0,0,0,0,0,0,0,0,0.14482822517554,0.134641719982028,0,0,0
0,0,0,0,0,0.206693241298199,0,0,0,0,0,0.250058200131071,0,0.154730001091957,0,0,0,0,0,0.229997798800468,0,0,0,0,0,0,0,0,0,0,0,0,0,0,0,0,0,0,0,0,0,0,0,0,0,0,0,0,0,0,0,0.198368829914502,0,0.16918559126232,0,0,0,0.28262796998024,0,0.153943794369698,0,0,0,0,0,0,0,0,0,0,0,0,0,0,0,0,0,0,0,0,0,0,0.235064017772675,0,0,0,0
0.175283708460629,0,0.231417335177723,0,0.208223163017205,0,0,0,0,0,0,0,0,0,0.208816266485623,0,0.216104736017144,0.160342246294022,0.305955570053171,0,0,0,0.17193415760994,0,0.174867715223942,0.160277396440506,0.211668565869331,0,0,0,0,0,0,0,0,0,0,0,0.195570229337766,0,0,0.213212415575981,0.213989114896818,0,0,0,0,0,0.152322825458315,0,0.242633133133252,0,0,0,0.239530678179066,0,0.318284408612685,0,0,0,0.187399985641241,0,0,0.323760032653809,0,0,0,0.182523936033249,0,0,0,0,0,0.432192918658257,0,0,0,0,0.281262636184692,0.306678235530853,0,0.433294571936131,0.269306880708497,0.264731944961981,0.18447874349249,0,0
0,0.222010540802783,0,0.220549367723011,0,0.184272426797683,0,0,0,0,0,0,0,0,0,0.157008297741413,0,0.187771020829678,0,0,0,0,0,0.138060186058283,0,0,0,0,0,0,0,0,0,0,0,0,0,0,0,0,0,0.2356043046596,0,0,0,0,0,0,0,0.262802472710609,0,0,0,0,0,0.309430811792097,0,0.252976638575395,0,0,0,0.152416551654989,0,0,0,0,0,0,0,0,0,0,0.28061814393316,0,0,0,0,0,0,0,0,0,0.22536158957541,0.179234336225354,0.253680527953623,0.236693307757378,0
0,0,0,0,0,0,0.264795708035429,0,0,0,0,0,0.231171788370356,0,0,0,0.407369375228882,0,0.422315844893456,0,0.209234552910436,0,0,0,0,0,0,0,0.164939343929291,0,0.253543271515776,0,0,0,0,0,0.152770223302974,0,0.151054182153747,0,0,0,0.346421211957932,0,0,0,0,0,0,0,0,0,0,0,0,0,0.225613830409854,0,0.240431729414278,0,0,0,0,0.326992500756608,0,0,0,0,0,0,0,0,0,0.328997408847014,0,0,0,0,0,0.433770716190338,0,0.423469960689545,0.180080811876585,0.140077145597369,0.309254307299852,0,0
0,0,0,0,0,0.236547360077817,0,0.250058200131071,0,0,0,0,0,0.204431607689656,0,0,0,0,0,0.202774187200703,0,0,0,0,0,0,0,0,0,0.288216743406004,0,0,0,0,0,0.238775094615275,0,0.16136198832106,0,0,0,0,0,0,0,0,0,0,0,0,0,0.226038624842962,0,0.157840255647898,0,0,0,0.230913921492555,0,0,0,0,0.168457575715505,0,0,0,0,0,0,0,0,0,0.266647018384242,0,0,0,0,0,0,0,0.146738257865573,0,0.22295571406835,0,0.259510846808553,0,0
0,0,0,0,0,0,0,0,0,0,0.231171788370356,0,0,0,0.254622910916805,0,0,0,0,0,0,0,0,0,0,0,0,0,0,0,0,0,0,0,0,0,0,0,0,0,0,0,0,0,0,0,0,0,0,0,0,0,0,0,0,0,0.280054211616516,0,0.221711162517083,0,0.262901941171059,0,0,0,0,0,0,0,0,0,0,0.236444547772408,0,0,0,0,0,0,0,0,0,0,0.171994339674711,0.154525240773664,0,0,0
0,0,0,0,0,0,0,0.154730001091957,0,0,0,0.204431607689656,0,0,0,0.179135382175446,0,0.179574975371361,0,0,0,0,0,0,0,0,0,0,0,0,0,0,0,0,0,0,0,0,0,0,0,0,0,0,0,0,0,0,0,0,0,0,0,0.144910350441933,0,0,0,0,0,0.211173077511318,0,0.233601917823156,0,0,0,0,0,0,0,0,0,0,0,0,0,0,0,0,0,0,0,0,0.272492480419931,0.315165996551514,0,0,0
0,0,0,0,0,0,0,0,0.208816266485623,0,0,0,0.254622910916805,0,0,0,0.180261655222802,0.158179625868797,0,0,0,0.153767302632332,0,0,0.193650312721729,0,0,0,0,0,0,0,0,0,0,0,0,0,0,0,0,0,0,0,0,0,0,0,0.300214417278767,0,0,0,0,0,0.226838538707313,0,0.212167444328467,0,0.240138313361348,0,0.217651969442765,0,0,0,0,0,0,0,0,0,0,0.250063677959972,0,0.311478046178818,0,0,0,0,0,0,0,0,0.169308426479499,0,0.268530661861102,0,0
0,0,0,0,0,0,0,0,0,0.157008297741413,0,0,0,0.179135382175446,0,0,0,0.152613701248491,0,0,0,0,0,0,0,0.12611761527217,0,0.140692489842574,0,0,0,0,0,0,0,0,0,0,0,0,0,0,0,0,0,0,0,0,0,0,0,0,0,0,0,0,0,0,0,0,0,0.122048991421858,0,0,0,0,0,0,0.120868337460053,0,0,0,0,0,0,0,0,0,0,0,0,0,0.145831550657749,0,0,0,0
0,0,0.273882806301117,0,0,0,0,0,0.216104736017144,0,0.407369375228882,0,0,0,0.180261655222802,0,0,0.166978312770574,0.291617128325124,0,0.327358722686768,0.155157445225774,0.164407719456609,0.153453757740417,0.190434281170638,0.156674600577768,0.161459871063227,0,0.194636479020119,0,0,0,0,0,0,0.324134496971965,0.288476352216834,0,0.377493989653885,0.286747424397618,0,0.23866866197851,0.236306075130624,0.278957064662661,0.174922212958336,0,0.276428912150658,0.260045170783997,0.239918281634649,0.296795576810837,0,0,0,0,0,0,0.34607519954443,0.287653932968775,0,0,0,0,0,0.307117266662466,0.150744393467903,0.159800776360947,0,0.183397243065493,0.166971852382024,0.148040855613848,0,0,0.311375898974282,0.384317516295378,0,0,0,0,0.315254478105183,0.296519440282711,0.309865728020668,0.363315736792154,0.177970099335176,0.164542429490573,0.265102943028909,0.24280016549996,0.231515009784036
0.256678581237793,0,0,0,0,0,0,0,0.160342246294022,0.187771020829678,0,0,0,0.179574975371361,0.158179625868797,0.152613701248491,0.166978312770574,0,0.299594097420881,0,0,0.150195222217609,0.160861033768881,0.184799866264288,0.162260335683823,0.140452055324272,0.153810896743567,0.133280673084107,0,0,0,0,0,0,0,0.374060607204835,0.290999302640557,0.404666572809219,0.347611755132675,0.308050381527706,0,0.246583469212055,0.230904506032283,0.335691611354168,0,0.259685203433037,0.268388712822005,0.279025882482529,0,0.311596719282014,0,0,0,0,0,0,0.277866750955582,0,0,0,0,0.150149945315777,0,0.297357755713165,0.153019677157755,0.155394156773885,0,0.181423415740331,0.143237266831455,0,0,0,0.345776883455423,0.331131177643935,0,0,0,0,0.327540212459322,0.287864135040177,0.342763791481654,0.332297416031361,0.170941182541729,0.183393129438162,0.315183027347257,0.259030153043568,0.250062057375908
0.245095943907897,0,0.292945027351379,0.294947241743406,0,0,0,0,0.305955570053171,0,0.422315844893456,0,0,0,0,0,0.291617128325124,0.299594097420881,0,0,0.398219073812167,0.235222651408269,0.255433222651482,0.252525791525841,0.271693140268326,0.246716330448786,0.251788270970186,0,0,0,0,0,0,0.373297452926636,0,0.379936040162224,0.332552346077608,0.390583572062579,0.42619882256007,0.329904806479891,0,0.254108200207335,0.252665077674795,0.35085828897337,0.19333827495575,0.279597342465863,0.313391033172507,0.319336933394273,0.259996354579926,0.333177954554558,0,0,0,0,0,0,0.351321446624669,0.338651824742556,0,0,0,0,0,0.324828868756365,0,0.262390643358231,0,0.226716220378876,0,0,0.337667167186737,0.344699203968048,0.353878579356454,0.392045051398511,0,0,0.403557497262955,0,0.378223582700502,0.339805185235783,0.395447247168597,0.40883530087877,0.259098957250469,0.331204255039875,0.33376564375262,0.257635304461355,0.256813677197153
0,0,0,0,0,0.186905895777073,0,0.229997798800468,0,0,0,0.202774187200703,0,0,0,0,0,0,0,0,0,0,0,0,0,0,0,0,0,0,0,0,0,0,0,0.19866805564492,0,0.122606022426715,0,0,0,0,0,0,0,0.221847087144852,0,0,0,0,0,0,0,0,0,0,0,0.22752506699827,0,0,0,0,0.174194197616532,0,0,0,0,0,0,0,0,0,0.296681427833985,0,0,0,0,0,0.145050891827453,0,0.247948374599218,0,0.177542663716639,0,0.225259790250233,0,0
0,0,0.278159618377686,0,0,0,0.206095794127101,0,0,0,0.209234552910436,0,0,0,0,0,0.327358722686768,0,0.398219073812167,0,0,0,0,0,0,0,0,0,0,0,0.318743571639061,0,0,0,0,0,0.248535271011623,0,0.287512718883121,0,0,0,0.358312733471394,0,0,0,0.312121589075435,0,0,0,0,0,0,0,0,0,0.204373908039832,0,0,0,0,0,0,0.261825923286105,0,0,0,0,0,0,0,0,0,0.365514134324115,0,0,0,0,0,0.25074219055225,0,0.346127421673432,0.19281947557573,0,0.336910336063458,0,0
0,0,0,0,0,0,0,0,0,0,0,0,0,0,0.153767302632332,0,0.155157445225774,0.150195222217609,0.235222651408269,0,0,0,0.120242750436637,0.160662576232267,0,0.13572854217051,0.170104160904884,0.167854273319244,0,0,0,0,0,0,0,0.390556663274765,0,0.225939999484434,0.130987122654915,0,0,0,0,0,0,0,0,0,0,0.272642557520464,0,0,0,0,0,0,0,0,0,0,0,0,0,0,0.203350701323295,0.154507499933243,0.192962996355475,0,0.138428123667836,0,0.272294698350401,0,0.273078251410933,0,0,0,0,0,0,0.28248193860054,0.271070133987044,0,0.1670849208679,0.196339948275009,0.27623163163662,0,0
0,0,0,0,0,0,0,0,0.17193415760994,0,0,0,0,0,0,0,0.164407719456609,0.160861033768881,0.255433222651482,0,0,0.120242750436637,0,0,0.150983621242382,0.161375001072884,0.158587341049784,0,0.145961244404316,0,0,0,0,0,0,0,0,0,0.170529585483731,0,0,0,0,0,0,0,0,0,0.205938106988158,0,0,0,0,0,0,0,0,0,0,0,0,0,0,0,0.125816939398646,0.201017490746622,0,0.185864361756631,0.149973019957542,0.128312990069389,0,0.173008814454079,0,0,0,0,0,0,0,0,0,0.239325935095549,0.154765752277815,0.143041156335837,0,0,0
0,0,0,0,0,0,0,0,0,0.138060186058283,0,0,0,0,0,0,0.153453757740417,0.184799866264288,0.252525791525841,0,0,0.160662576232267,0,0,0,0.153709828853607,0,0,0,0,0,0,0,0,0,0,0,0.14919035841779,0,0,0,0.234302788972855,0,0,0,0,0,0,0,0.260378802264178,0,0,0,0,0,0.106333374977112,0,0,0,0,0,0,0,0,0.253338869528722,0,0.170648964015322,0,0,0,0,0,0,0,0,0,0,0,0,0.27209684252739,0.162225667016897,0,0.160401635992152,0.138269943850381,0.200330858429273,0,0
0.191460788249969,0,0.24494569003582,0,0,0,0,0,0.174867715223942,0,0,0,0,0,0.193650312721729,0,0.190434281170638,0.162260335683823,0.271693140268326,0,0,0,0.150983621242382,0,0,0,0.171874445245927,0,0,0,0,0,0,0,0,0,0,0,0.144038032994166,0,0,0,0,0,0,0,0,0,0.326698882239206,0,0,0,0,0,0.230528607271438,0,0,0,0,0,0.230486467480659,0,0,0,0,0.204044306577917,0,0.199806835241069,0,0.210002466173801,0,0,0,0,0,0,0,0,0,0,0,0.234903661247629,0.208252710562486,0.165160536766052,0.294543147087097,0,0
0,0,0,0,0,0,0,0,0.160277396440506,0,0,0,0,0,0,0.12611761527217,0.156674600577768,0.140452055324272,0.246716330448786,0,0,0.13572854217051,0.161375001072884,0.153709828853607,0,0,0,0.121504873913877,0,0,0,0,0,0,0,0.3165283203125,0,0,0,0,0,0,0.216623988002539,0,0,0,0,0,0,0,0,0,0,0,0,0,0,0,0,0,0,0.114704522490501,0,0.261813521385193,0.159012236139354,0,0.154025543405085,0,0.150398993801515,0,0.144259952008724,0,0,0,0,0,0,0,0,0.246593967080116,0,0.214651674032211,0.15424871551139,0.140510848590306,0,0,0
0,0,0,0,0,0,0,0,0.211668565869331,0,0,0,0,0,0,0,0.161459871063227,0.153810896743567,0.251788270970186,0,0,0.170104160904884,0.158587341049784,0,0.171874445245927,0,0,0,0,0,0,0,0,0,0,0.294104695320129,0.414457947015762,0,0,0,0,0,0,0,0,0,0,0,0,0,0,0,0,0,0,0,0,0,0,0,0,0,0,0,0,0.138820101817449,0,0.170918507071642,0,0.153185004989306,0,0,0,0.412955015897751,0,0,0,0,0,0.251384884119034,0,0,0.162673153502997,0.146637049814065,0,0,0
0,0,0,0,0,0,0,0,0,0,0,0,0,0,0,0.140692489842574,0,0.133280673084107,0,0,0,0.167854273319244,0,0,0,0.121504873913877,0,0,0,0.178275033831596,0,0,0,0,0,0,0,0.188933246229824,0,0,0,0,0,0,0,0,0,0,0,0,0,0,0,0,0,0,0,0,0,0,0,0.137210562825203,0,0,0.178754326663911,0,0,0,0.136236724754175,0,0.199509253409766,0,0.19005044967663,0,0,0,0,0,0,0,0.166644096947633,0,0.149178683757782,0,0,0,0
0,0,0,0,0,0,0,0,0,0,0.164939343929291,0,0,0,0,0,0.194636479020119,0,0,0,0,0,0.145961244404316,0,0,0,0,0,0,0,0.221111946412035,0,0,0,0,0,0,0,0.21762949033682,0,0,0,0,0,0,0,0,0,0,0,0,0,0,0,0,0,0,0,0,0,0,0,0,0,0,0,0,0,0,0,0,0.216100132072365,0,0,0,0,0,0,0,0,0,0.228835642337799,0.147421370332058,0.158456143589667,0,0,0
0,0,0,0,0,0,0,0,0,0,0,0.288216743406004,0,0,0,0,0,0,0,0,0,0,0,0,0,0,0,0.178275033831596,0,0,0,0,0,0,0,0,0,0.25146614381655,0,0,0,0,0,0,0,0,0,0,0,0,0,0,0,0,0,0,0,0.211945925218364,0,0,0,0,0,0,0,0,0,0,0,0,0.195330232381821,0,0.213996015301105,0,0,0,0,0,0,0,0.190350815653801,0,0.136892274022102,0,0,0,0
0,0,0,0,0,0,0,0,0,0,0.253543271515776,0,0,0,0,0,0,0,0,0,0.318743571639061,0,0,0,0,0,0,0,0.221111946412035,0,0,0,0,0,0,0,0,0,0.223671844022142,0,0,0,0,0,0,0,0,0,0,0,0,0,0,0,0,0,0.337360244989395,0,0,0,0,0,0,0.384978100657463,0,0,0,0,0,0,0,0.214922979474068,0,0.202266025154487,0,0,0,0,0,0,0,0.224620375895139,0.164890340632863,0.171235690601007,0.313795685768127,0,0
0,0,0,0,0,0,0,0,0,0,0,0,0,0,0,0,0,0,0,0,0,0,0,0,0,0,0,0,0,0,0,0,0.191797398640935,0.300916577223688,0,0.229367818336587,0.164808058645576,0,0,0,0.324999105930328,0,0,0,0,0,0,0.43549030789323,0.397692108277193,0.21699894964695,0,0,0,0,0,0,0,0,0,0,0,0,0,0,0,0,0,0,0,0,0,0,0,0,0.304023217001971,0.176073109819776,0.352421868391134,0,0.264328157123553,0,0,0,0.171709922961442,0,0,0,0
0,0,0,0,0,0,0,0,0,0,0,0,0,0,0,0,0,0,0,0,0,0,0,0,0,0,0,0,0,0,0,0.191797398640935,0,0.289696941773097,0.298009304702282,0.150446563959122,0.14828078335053,0,0,0,0.473122372195638,0,0,0,0,0,0,0.327022065532438,0.458864603014219,0,0,0,0,0,0,0,0,0,0,0,0,0,0,0,0,0,0,0,0,0,0,0,0,0,0.251753951454985,0.161126576165799,0,0.285546249261609,0,0.15406210329689,0,0,0.249024334336132,0,0,0,0
0,0,0,0,0,0,0,0,0,0,0,0,0,0,0,0,0,0,0.373297452926636,0,0,0,0,0,0,0,0,0,0,0,0,0.300916577223688,0.289696941773097,0,0.358018505507807,0.231978162133601,0,0.192056162113493,0.504480798961595,0,0,0.331108719110489,0.360622644424438,0,0,0,0,0.558193257717066,0.452416873111986,0.404322781480749,0,0,0,0,0,0,0,0,0,0,0,0,0,0,0,0,0,0,0,0,0,0,0,0,0.310686067413928,0.267106379656231,0.336570502722569,0.254180349353051,0.244220286328171,0.487720236182213,0.230951867699623,0.634728968143463,0.381393358946648,0.346339968795126,0.436903578042984,0,0
0,0,0,0,0,0,0,0,0,0,0,0,0,0,0,0,0,0,0,0,0,0,0,0,0,0,0,0,0,0,0,0,0.298009304702282,0.358018505507807,0,0.175628967405785,0.204704575894809,0,0.250783963927201,0,0,0,0,0,0,0,0,0.626346039993704,0.501878512341802,0.394743402798971,0,0,0,0,0,0,0,0,0,0,0,0,0,0,0,0,0,0,0,0,0,0,0,0,0,0.307927784689686,0.29636295219344,0.350777922213929,0,0.316432063097516,0,0.377017519199756,0.404583558669457,0,0,0,0
0,0,0,0.316777318716049,0,0,0,0,0,0,0,0.238775094615275,0,0,0,0,0.324134496971965,0.374060607204835,0.379936040162224,0.19866805564492,0,0.390556663274765,0,0,0,0.3165283203125,0.294104695320129,0,0,0,0,0.229367818336587,0.150446563959122,0.231978162133601,0.175628967405785,0,0.171672996771228,0.232483354773591,0.183249461023431,0.357150080865317,0.176496732980013,0.333853915515469,0.325740665197372,0.393005684018135,0,0.281131775047304,0.318417996168137,0.357465128789003,0.282540423254813,0.240898507921135,0,0,0,0,0,0,0.399931669235229,0.240588504654258,0,0,0,0,0.160334232315589,0.354748398065567,0,0,0,0,0,0,0,0,0.279595567120446,0,0.287672091303891,0,0.358924073241651,0,0.251966830733163,0.236618116497993,0.259842182862159,0.36491559445858,0.205779186877716,0.205141477410992,0.275856098467889,0.342451094516686,0
0,0,0.339652329683304,0,0,0,0,0,0,0,0.152770223302974,0,0,0,0,0,0.288476352216834,0.290999302640557,0.332552346077608,0,0.248535271011623,0,0,0,0,0,0.414457947015762,0,0,0,0,0.164808058645576,0.14828078335053,0,0.204704575894809,0.171672996771228,0,0,0.245823954549212,0.310319801171621,0.198490404741508,0.27680379897356,0.282950270425055,0,0,0.245473474264145,0.276185725533634,0.345421501359002,0.291024030063503,0,0.326007455587387,0,0,0,0,0,0.33517041405042,0,0.346848577260971,0,0.328329473733902,0,0,0.266157947010189,0,0,0,0,0,0,0,0,0,0.325860273838043,0.179168269446451,0.221678303385323,0,0.313444934160479,0.163372385405725,0.241328316302627,0.298353940248489,0.279362375564835,0.194642576584883,0.194255648893969,0.213584900709709,0,0.303042437373237
0,0,0,0,0,0,0,0,0,0,0,0.16136198832106,0,0,0,0,0,0.404666572809219,0.390583572062579,0.122606022426715,0,0.225939999484434,0,0.14919035841779,0,0,0,0.188933246229824,0,0.25146614381655,0,0,0,0.192056162113493,0,0.232483354773591,0,0,0.1810932419042,0.300368744134903,0,0.357895796115582,0,0.433109939098358,0,0.322870251323496,0,0.443417559449489,0,0.273544565786918,0,0,0,0,0,0,0,0.185148257762194,0,0,0,0,0.119028222241572,0,0.266341995432544,0,0.152915875116984,0,0,0,0.248258966053354,0,0.247758499954058,0,0,0,0.245850089128981,0,0.272651984184551,0,0.238418084409928,0.149771514622604,0.168002043725204,0.154979079515634,0.33539849425864,0,0
0.223035380244255,0,0.243228199226516,0,0,0,0,0,0.195570229337766,0,0.151054182153747,0,0,0,0,0,0.377493989653885,0.347611755132675,0.42619882256007,0,0.287512718883121,0.130987122654915,0.170529585483731,0,0.144038032994166,0,0,0,0.21762949033682,0,0.223671844022142,0,0,0.504480798961595,0.250783963927201,0.183249461023431,0.245823954549212,0.1810932419042,0,0.35399042069912,0,0.367390871047974,0.3231430815745,0,0,0,0.380850533269486,0.583094993896912,0.378714153065607,0,0.292064905166626,0,0,0,0.177917579138601,0,0.270353376244505,0.349856823682785,0.325039799724306,0,0.251263193786144,0,0,0.329847930924042,0,0.314022076398662,0,0.24649982498783,0,0,0,0.208540934583415,0,0.14116423651576,0,0,0.273687811568379,0.278834065379098,0.229961444271935,0.275193945284039,0.183436262607574,0.235733774604208,0.196121810277453,0.172457376316041,0.280383938722473,0,0.352140588892831
0,0,0,0.311971373558044,0,0,0,0,0,0,0,0,0,0,0,0,0.286747424397618,0.308050381527706,0.329904806479891,0,0,0,0,0,0,0,0,0,0,0,0,0,0,0,0,0.357150080865317,0.310319801171621,0.300368744134903,0.35399042069912,0,0,0.339889275504496,0.270749385298138,0.406863632868594,0.258109301328659,0.245511024968878,0.314225064082579,0.307144817887643,0,0.285481853898304,0,0,0,0,0,0,0,0.333472155034542,0,0,0,0,0.27653355388851,0.28384992480278,0,0,0,0,0,0,0,0,0.317041460825847,0.338338727752368,0,0,0.392401641607285,0,0.308158850094189,0.316287766184126,0.32986333038447,0.32064043879509,0.294902398890991,0.364269763231277,0.299786868607514,0.397169737588792,0.31858292222023
0,0,0,0,0,0,0,0,0,0,0,0,0,0,0,0,0,0,0,0,0,0,0,0,0,0,0,0,0,0,0,0.324999105930328,0.473122372195638,0,0,0.176496732980013,0.198490404741508,0,0,0,0,0,0.26271661221981,0,0,0,0.20536144655578,0.491979282509668,0.46369290268869,0,0,0,0,0,0,0,0,0,0,0,0,0,0,0.233082395117238,0,0,0,0,0,0,0,0,0,0,0.355646654963493,0.202683399830546,0,0,0.464267194271088,0.334913975880936,0,0.249169368997193,0.255767623195425,0,0.204618194646069,0,0.304646968841553
0,0.256758724649747,0,0.27856686681208,0,0.249422483146191,0,0,0.213212415575981,0.2356043046596,0,0,0,0,0,0,0.23866866197851,0.246583469212055,0.254108200207335,0,0,0,0,0.234302788972855,0,0,0,0,0,0,0,0,0,0.331108719110489,0,0.333853915515469,0.27680379897356,0.357895796115582,0.367390871047974,0.339889275504496,0,0,0.207449841619843,0.278204431046139,0,0.30549676084648,0.259069460003,0.250967720673032,0,0.31547834259397,0,0,0,0,0,0.274002269256947,0.311126634478569,0.340105399776654,0,0,0,0,0.319163843625929,0.299881402935301,0,0,0,0,0.264581799507141,0,0.333388142287731,0,0.355327684806483,0.306564541799682,0,0,0.348970700394024,0,0.319325318911295,0.285653949235425,0.336632190879684,0.295225615564146,0.228532395175005,0.334206859022379,0.303473384502423,0.271068097752893,0.216270903746287
0.27502391410285,0,0.255788074456496,0,0.260704547166824,0,0,0,0.213989114896818,0,0.346421211957932,0,0,0,0,0,0.236306075130624,0.230904506032283,0.252665077674795,0,0.358312733471394,0,0,0,0,0.216623988002539,0,0,0,0,0,0,0,0.360622644424438,0,0.325740665197372,0.282950270425055,0,0.3231430815745,0.270749385298138,0.26271661221981,0.207449841619843,0,0.237399560213089,0.199409142136574,0.247961416840553,0.279406342462683,0.444517911066888,0.344819087224999,0.264297479431923,0.246885027736425,0,0,0,0,0,0.325947725782986,0,0.289414694739713,0,0.277032050647234,0,0,0.325962148089529,0,0,0,0,0,0,0,0.293154358863831,0.282036324342092,0.314680273209698,0,0,0,0.493724892536799,0.314578654244542,0.289154286056708,0.295550892750422,0.319053434467644,0.263938744559543,0.28649914264679,0.280063590954421,0.194702312350273,0.239493402424238
0,0,0,0.333161443471909,0,0,0,0,0,0,0,0,0,0,0,0,0.278957064662661,0.335691611354168,0.35085828897337,0,0,0,0,0,0,0,0,0,0,0,0,0,0,0,0,0.393005684018135,0,0.433109939098358,0,0.406863632868594,0,0.278204431046139,0.237399560213089,0,0,0.290952612956365,0.283229917287827,0.480538904666901,0,0.408377510805925,0,0,0,0,0,0,0,0.34437293452876,0,0,0,0,0.302536711096764,0,0,0,0,0,0,0,0,0,0.390320511440099,0,0,0,0,0,0.440088787249156,0.343658924102783,0.450748781042714,0.30760782957077,0.293738170862198,0.441882431507111,0.422494453702654,0.228000577953127,0
0,0,0,0,0,0,0,0,0,0,0,0,0,0,0,0,0.174922212958336,0,0.19333827495575,0,0,0,0,0,0,0,0,0,0,0,0,0,0,0,0,0,0,0,0,0.258109301328659,0,0,0.199409142136574,0,0,0,0.274416923522949,0,0,0,0,0,0,0,0,0,0,0,0,0,0,0,0,0,0,0,0,0,0,0,0,0,0,0,0,0,0,0,0,0.323295548558235,0,0,0.25179260969162,0,0.233364636699359,0,0
0,0,0,0.267069309949875,0,0,0,0,0,0,0,0,0,0,0,0,0,0.259685203433037,0.279597342465863,0.221847087144852,0,0,0,0,0,0,0,0,0,0,0,0,0,0,0,0.281131775047304,0.245473474264145,0.322870251323496,0,0.245511024968878,0,0.30549676084648,0.247961416840553,0.290952612956365,0,0,0,0,0.21149106323719,0.245501677577312,0,0,0,0,0,0,0,0.310180401248214,0,0,0,0,0.265447518809624,0,0,0,0,0,0,0,0.320839983224869,0,0.343403574059066,0,0,0,0.331855197747548,0,0.262904066727772,0.30945235490799,0.326205028035629,0,0.299218359462758,0.360504597425461,0.276374672283555,0.299504652619362,0
0,0,0.246897533535957,0.259496986865997,0,0,0,0,0,0,0,0,0,0,0,0,0.276428912150658,0.268388712822005,0.313391033172507,0,0.312121589075435,0,0,0,0,0,0,0,0,0,0,0,0,0,0,0.318417996168137,0.276185725533634,0,0.380850533269486,0.314225064082579,0.20536144655578,0.259069460003,0.279406342462683,0.283229917287827,0.274416923522949,0,0,0,0.308050974963173,0.364643603563309,0,0,0,0,0,0,0.378171692291896,0,0,0,0,0,0,0.278583033528832,0,0,0,0,0,0,0,0,0,0.37502624388312,0,0,0,0,0.318213472763697,0.267669011749224,0.318420007824898,0.296512447308324,0.281015736101166,0,0.286550484802456,0.280242070555687,0.261860808526928
0.27854086458683,0,0.240307301282883,0,0,0,0,0,0,0,0,0,0,0,0,0,0.260045170783997,0.279025882482529,0.319336933394273,0,0,0,0,0,0,0,0,0,0,0,0,0.43549030789323,0.327022065532438,0.558193257717066,0.626346039993704,0.357465128789003,0.345421501359002,0.443417559449489,0.583094993896912,0.307144817887643,0.491979282509668,0.250967720673032,0.444517911066888,0.480538904666901,0,0,0,0,0.482583381893613,0.286085963685811,0,0,0,0,0,0,0,0,0,0,0,0,0,0,0,0,0,0,0,0,0,0,0,0,0.471931509072964,0.255383257635615,0.473001684964944,0.634938859772459,0.275809959937697,0.453184553641874,0.238821908831596,0.60291233994658,0.307694771776458,0,0.364029164006748,0.323001017173131,0
0.325525278111502,0,0.273844672024858,0,0,0,0,0,0.152322825458315,0,0,0,0,0,0.300214417278767,0,0.239918281634649,0,0.259996354579926,0,0,0,0.205938106988158,0,0.326698882239206,0,0,0,0,0,0,0.397692108277193,0.458864603014219,0.452416873111986,0.501878512341802,0.282540423254813,0.291024030063503,0,0.378714153065607,0,0.46369290268869,0,0.344819087224999,0,0,0.21149106323719,0.308050974963173,0.482583381893613,0,0.291549274814315,0.271553054451942,0,0,0,0.230634160339832,0,0.386737322122414,0,0.325802737186032,0,0.294168792371675,0,0,0.322797453403473,0,0.275759178105482,0,0.309640099313815,0,0.279944625237714,0,0.259246172606945,0,0.305216451485952,0.456366552971303,0.218554537277669,0.473578341305256,0.453177875706128,0.538814902305603,0.389680067296569,0,0.34999714369795,0.300898230888627,0,0.364964069058753,0,0
0,0.136360719799995,0,0.285004059784114,0,0.290569096803665,0,0,0,0.262802472710609,0,0,0,0,0,0,0.296795576810837,0.311596719282014,0.333177954554558,0,0,0.272642557520464,0,0.260378802264178,0,0,0,0,0,0,0,0.21699894964695,0,0.404322781480749,0.394743402798971,0.240898507921135,0,0.273544565786918,0,0.285481853898304,0,0.31547834259397,0.264297479431923,0.408377510805925,0,0.245501677577312,0.364643603563309,0.286085963685811,0.291549274814315,0,0,0,0,0,0,0,0,0.326763235032558,0,0,0,0,0.35580877321107,0,0.25180105700449,0,0.202534379148987,0,0.319528056042535,0,0.314466510438605,0,0.310245090114173,0,0.311044201254845,0,0.286477630250319,0,0.233630020721037,0.323921114206314,0.288123211331696,0.336442977190018,0.298793311932435,0,0.2904437696526,0.337533028514096,0
0,0,0.220854293022837,0,0.193659442067146,0,0,0,0.242633133133252,0,0,0,0,0,0,0,0,0,0,0,0,0,0,0,0,0,0,0,0,0,0,0,0,0,0,0,0.326007455587387,0,0.292064905166626,0,0,0,0.246885027736425,0,0,0,0,0,0.271553054451942,0,0,0,0,0,0.244882275660833,0,0.254658443037815,0,0.264409044427229,0,0.244350143650482,0,0,0.195438449581464,0,0,0,0,0,0,0,0,0,0.298037447035313,0,0,0,0,0,0.308691948652267,0,0.312831214496068,0.274709552526474,0,0.225305450040872,0,0
0,0,0,0.221943811033711,0,0.221475685982148,0,0.198368829914502,0,0,0,0.226038624842962,0,0,0,0,0,0,0,0,0,0,0,0,0,0,0,0,0,0,0,0,0,0,0,0,0,0,0,0,0,0,0,0,0,0,0,0,0,0,0,0,0,0.204822926441344,0,0,0,0.216548429673942,0,0.215840876102448,0,0,0.209732085466385,0,0,0,0,0,0,0,0,0,0,0,0,0,0,0,0,0,0,0,0.197314344346523,0,0.213404938578606,0,0
0,0,0,0,0,0,0.22504085805509,0,0,0,0,0,0,0,0,0,0,0,0,0,0,0,0,0,0,0,0,0,0,0,0,0,0,0,0,0,0,0,0,0,0,0,0,0,0,0,0,0,0,0,0,0,0,0,0,0,0.211723151720232,0,0.22438198029995,0,0,0,0,0,0,0,0,0,0,0,0,0,0,0,0,0,0,0,0,0,0,0,0.139595545828342,0.164411075413227,0,0,0
0,0,0,0,0,0.19910698815396,0,0.16918559126232,0,0,0,0.157840255647898,0,0.144910350441933,0,0,0,0,0,0,0,0,0,0,0,0,0,0,0,0,0,0,0,0,0,0,0,0,0,0,0,0,0,0,0,0,0,0,0,0,0,0.204822926441344,0,0,0,0,0,0.212392021309246,0,0.169089357058207,0,0,0,0,0,0,0,0,0,0,0,0,0,0,0,0,0,0,0,0,0,0,0,0,0,0,0
0.198036329893865,0,0.163828477263451,0,0.165789191921552,0,0,0,0.239530678179066,0,0,0,0,0,0.226838538707313,0,0,0,0,0,0,0,0,0,0.230528607271438,0,0,0,0,0,0,0,0,0,0,0,0,0,0.177917579138601,0,0,0,0,0,0,0,0,0,0.230634160339832,0,0.244882275660833,0,0,0,0,0,0,0,0,0,0.210423070077713,0,0,0,0,0,0,0.242019668842355,0,0.225541870508875,0,0,0,0.33259491622448,0,0,0,0,0,0,0,0.207883221762521,0,0,0.18755139735612,0,0
0,0.276087986142843,0,0.213389046490192,0,0.170842586691121,0,0,0,0.309430811792097,0,0,0,0,0,0,0,0,0,0,0,0,0,0.106333374977112,0,0,0,0,0,0,0,0,0,0,0,0,0,0,0,0,0,0.274002269256947,0,0,0,0,0,0,0,0,0,0,0,0,0,0,0,0,0,0,0,0.298196032643318,0,0,0,0,0,0,0,0,0,0,0,0,0,0,0,0,0,0,0,0,0.311829540447185,0,0.280239819674878,0.332632571458817,0
0.300650589424988,0,0.264967591812213,0,0.234648146977027,0,0.259403643809036,0,0.318284408612685,0,0.225613830409854,0,0.280054211616516,0,0.212167444328467,0,0.34607519954443,0.277866750955582,0.351321446624669,0,0.204373908039832,0,0,0,0,0,0,0,0,0,0.337360244989395,0,0,0,0,0.399931669235229,0.33517041405042,0,0.270353376244505,0,0,0.311126634478569,0.325947725782986,0,0,0,0.378171692291896,0,0.386737322122414,0,0.254658443037815,0,0.211723151720232,0,0,0,0,0,0.245559431019539,0,0.241788237214088,0,0,0.318863414045251,0,0,0,0,0,0,0,0.293571042093007,0,0.378124795021412,0,0,0,0,0,0.334494019980016,0,0.356319361028418,0.312669824560483,0,0.324190272935925,0,0.342362785339355
0,0.209845274686813,0,0.254379491853927,0,0.21548891243886,0,0.28262796998024,0,0.252976638575395,0,0.230913921492555,0,0,0,0,0.287653932968775,0,0.338651824742556,0.22752506699827,0,0,0,0,0,0,0,0,0,0.211945925218364,0,0,0,0,0,0.240588504654258,0,0.185148257762194,0.349856823682785,0.333472155034542,0,0.340105399776654,0,0.34437293452876,0,0.310180401248214,0,0,0,0.326763235032558,0,0.216548429673942,0,0.212392021309246,0,0,0,0,0,0,0,0,0.292809489276982,0,0,0,0,0,0,0,0.316250117297945,0,0.33467016398153,0,0,0,0,0,0.433081179857254,0,0.367480868405669,0.311105400323868,0.257630455307662,0,0.295840393006802,0.372260053049434,0
0,0,0.235269146660964,0,0.269900252137865,0,0.206841940472001,0,0,0,0.240431729414278,0,0.221711162517083,0,0.240138313361348,0,0,0,0,0,0,0,0,0,0,0,0,0,0,0,0,0,0,0,0,0,0.346848577260971,0,0.325039799724306,0,0,0,0.289414694739713,0,0,0,0,0,0.325802737186032,0,0.264409044427229,0,0.22438198029995,0,0,0,0.245559431019539,0,0,0,0.234900023867475,0,0,0,0,0,0,0,0,0.163994977871577,0,0.259121000608231,0,0.331865450672511,0,0,0,0,0,0.349110782146454,0,0.341192739851335,0.222298439878684,0,0.302594110251419,0,0
0,0,0,0.217871235116668,0,0,0,0.153943794369698,0,0,0,0,0,0.211173077511318,0,0,0,0,0,0,0,0,0,0,0,0,0,0,0,0,0,0,0,0,0,0,0,0,0,0,0,0,0,0,0,0,0,0,0,0,0,0.215840876102448,0,0.169089357058207,0,0,0,0,0,0,0,0,0,0,0,0,0,0,0,0,0,0,0,0,0,0,0,0,0,0,0,0,0,0,0.225473760203882,0,0
0,0,0.231270037591457,0,0.207414675700037,0,0,0,0.187399985641241,0,0,0,0.262901941171059,0,0.217651969442765,0,0,0,0,0,0,0,0,0,0.230486467480659,0,0,0,0,0,0,0,0,0,0,0,0.328329473733902,0,0.251263193786144,0,0,0,0.277032050647234,0,0,0,0,0,0.294168792371675,0,0.244350143650482,0,0,0,0.210423070077713,0,0.241788237214088,0,0.234900023867475,0,0,0,0,0,0,0,0,0,0,0.157361483344665,0,0.252674810355529,0,0.324832198483434,0,0,0,0,0,0,0,0.35809512808919,0,0,0.27814649984047,0,0
0,0.247722810468613,0,0,0,0,0,0,0,0.152416551654989,0,0,0,0.233601917823156,0,0.122048991421858,0,0.150149945315777,0,0,0,0,0,0,0,0.114704522490501,0,0.137210562825203,0,0,0,0,0,0,0,0,0,0,0,0,0,0,0,0,0,0,0,0,0,0,0,0,0,0,0,0.298196032643318,0,0,0,0,0,0,0,0,0,0,0,0,0.127767552932103,0,0,0,0,0,0,0,0,0,0,0,0,0,0,0,0.232287019491196,0,0
0,0,0,0.259428560733795,0,0.195397458303331,0,0,0,0,0,0.168457575715505,0,0,0,0,0,0,0,0.174194197616532,0,0,0,0,0,0,0,0,0,0,0,0,0,0,0,0.160334232315589,0,0.119028222241572,0,0.27653355388851,0,0.319163843625929,0,0.302536711096764,0,0.265447518809624,0,0,0,0.35580877321107,0,0.209732085466385,0,0,0,0,0,0.292809489276982,0,0,0,0,0,0,0,0,0,0,0,0,0.320901900529861,0,0.348002640421752,0,0,0,0,0,0.224815084072872,0,0.22172807314034,0,0.192056303222974,0,0.258621634233308,0,0
0.299849510192871,0,0.202306561999851,0,0.194167277216911,0,0,0,0.323760032653809,0,0.326992500756608,0,0,0,0,0,0.307117266662466,0.297357755713165,0.324828868756365,0,0.261825923286105,0,0,0,0,0.261813521385193,0,0,0,0,0.384978100657463,0,0,0,0,0.354748398065567,0.266157947010189,0,0.329847930924042,0.28384992480278,0.233082395117238,0.299881402935301,0.325962148089529,0,0,0,0.278583033528832,0,0.322797453403473,0,0.195438449581464,0,0,0,0,0,0.318863414045251,0,0,0,0,0,0,0,0,0,0,0,0,0,0,0.344660431146622,0.345680236816406,0.397546220642596,0,0,0,0,0.3046665340662,0.256439456431554,0.32336100935936,0.343148346505259,0.298455435223877,0.270581558346748,0.305256941014663,0,0.302704024699426
0,0,0,0,0,0,0,0,0,0,0,0,0,0,0,0,0.150744393467903,0.153019677157755,0,0,0,0.203350701323295,0.125816939398646,0.253338869528722,0,0.159012236139354,0,0.178754326663911,0,0,0,0,0,0,0,0,0,0.266341995432544,0,0,0,0,0,0,0,0,0,0,0,0.25180105700449,0,0,0,0,0,0,0,0,0,0,0,0,0,0,0,0,0.239126286798335,0,0.239165548022709,0,0.237625456669114,0,0.291949385404587,0,0,0,0,0,0,0,0.323071677549427,0,0.1757906311462,0,0,0,0
0,0,0,0,0,0,0,0,0,0,0,0,0,0,0,0,0.159800776360947,0.155394156773885,0.262390643358231,0,0,0.154507499933243,0.201017490746622,0,0.204044306577917,0,0.138820101817449,0,0,0,0,0,0,0,0,0,0,0,0.314022076398662,0,0,0,0,0,0,0,0,0,0.275759178105482,0,0,0,0,0,0,0,0,0,0,0,0,0,0,0,0,0,0,0.2473903038285,0,0.271433990851097,0,0.213011390633053,0,0,0,0,0,0,0,0,0,0.336515194790293,0.159153870173863,0.154032696357795,0,0,0
0,0,0,0,0,0,0,0,0,0,0,0,0,0,0,0,0,0,0,0,0,0.192962996355475,0,0.170648964015322,0,0.154025543405085,0,0,0,0,0,0,0,0,0,0,0,0.152915875116984,0,0,0,0,0,0,0,0,0,0,0,0.202534379148987,0,0,0,0,0,0,0,0,0,0,0,0,0,0,0.239126286798335,0,0,0,0,0,0.222375854849815,0,0,0,0,0,0,0,0,0,0.218227234513021,0,0.146472863852978,0,0.189986338669604,0,0
0,0,0,0,0,0,0,0,0.182523936033249,0,0,0,0,0,0,0,0.183397243065493,0.181423415740331,0.226716220378876,0,0,0,0.185864361756631,0,0.199806835241069,0,0.170918507071642,0,0,0,0,0,0,0,0,0,0,0,0.24649982498783,0,0,0,0,0,0,0,0,0,0.309640099313815,0,0,0,0,0,0.242019668842355,0,0,0,0,0,0,0,0,0,0,0.2473903038285,0,0,0,0.230145476773004,0,0,0,0,0,0,0,0,0,0,0,0.305774480216739,0.197191943228245,0,0,0,0
0,0,0,0,0,0,0,0,0,0,0,0,0,0,0,0.120868337460053,0.166971852382024,0.143237266831455,0,0,0,0.138428123667836,0.149973019957542,0,0,0.150398993801515,0,0.136236724754175,0,0,0,0,0,0,0,0,0,0,0,0,0,0.264581799507141,0,0,0,0,0,0,0,0.319528056042535,0,0,0,0,0,0,0,0,0,0,0,0.127767552932103,0,0,0.239165548022709,0,0,0,0,0,0.209135058345181,0,0,0,0,0,0,0,0,0,0,0,0.156458757817745,0,0,0,0
0,0,0,0,0,0,0,0,0,0,0,0,0,0,0,0,0.148040855613848,0,0,0,0,0,0.128312990069389,0,0.210002466173801,0,0.153185004989306,0,0,0,0,0,0,0,0,0,0,0,0,0,0,0,0,0,0,0,0,0,0.279944625237714,0,0,0,0,0,0.225541870508875,0,0,0,0.163994977871577,0,0.157361483344665,0,0,0,0,0.271433990851097,0,0.230145476773004,0,0,0,0.174008532427251,0,0,0,0,0,0,0,0,0,0,0,0,0,0,0
0,0,0,0.268654723962148,0,0,0,0,0,0,0,0,0,0,0,0,0,0,0.337667167186737,0,0,0.272294698350401,0,0,0,0.144259952008724,0,0.199509253409766,0,0.195330232381821,0,0,0,0,0,0,0,0.248258966053354,0,0,0,0.333388142287731,0,0,0,0.320839983224869,0,0,0,0.314466510438605,0,0,0,0,0,0,0,0.316250117297945,0,0,0,0,0.320901900529861,0,0.237625456669114,0,0.222375854849815,0,0.209135058345181,0,0,0,0.306127407772098,0,0,0,0,0,0,0,0.267301400513968,0,0.254783853888512,0,0.318108763959673,0,0
0.325167471623939,0,0,0,0,0,0,0,0,0,0,0,0.236444547772408,0,0.250063677959972,0,0,0,0.344699203968048,0,0,0,0.173008814454079,0,0,0,0,0,0.216100132072365,0,0.214922979474068,0,0,0,0,0,0,0,0.208540934583415,0,0,0,0.293154358863831,0,0,0,0,0,0.259246172606945,0,0,0,0,0,0,0,0.293571042093007,0,0.259121000608231,0,0.252674810355529,0,0,0.344660431146622,0,0.213011390633053,0,0,0,0.174008532427251,0,0,0,0.384099659438317,0,0,0,0,0,0,0,0.271301195135461,0.354048877954483,0,0.332544512748718,0,0
0,0,0,0.320243751837148,0,0.302286347746849,0,0,0,0.28061814393316,0,0.266647018384242,0,0,0,0,0.311375898974282,0.345776883455423,0.353878579356454,0.296681427833985,0,0.273078251410933,0,0,0,0,0,0.19005044967663,0,0.213996015301105,0,0,0,0,0,0.279595567120446,0,0.247758499954058,0,0.317041460825847,0,0.355327684806483,0.282036324342092,0.390320511440099,0,0.343403574059066,0,0,0,0.310245090114173,0,0,0,0,0,0,0,0.33467016398153,0,0,0,0,0.348002640421752,0.345680236816406,0.291949385404587,0,0,0,0,0,0.306127407772098,0,0,0,0,0,0,0,0.31346817240119,0.321464627981186,0.33304077397441,0.327920218308767,0.306676391098234,0,0.353363583903663,0.413358782418072,0
0.382561331056058,0,0.325881185531616,0,0.30942041426897,0,0,0,0.432192918658257,0,0.328997408847014,0,0,0,0.311478046178818,0,0.384317516295378,0.331131177643935,0.392045051398511,0,0.365514134324115,0,0,0,0,0,0.412955015897751,0,0,0,0.202266025154487,0,0,0,0,0,0.325860273838043,0,0.14116423651576,0.338338727752368,0,0.306564541799682,0.314680273209698,0,0,0,0.37502624388312,0,0.305216451485952,0,0.298037447035313,0,0,0,0.33259491622448,0,0.378124795021412,0,0.331865450672511,0,0.324832198483434,0,0,0.397546220642596,0,0,0,0,0,0,0,0.384099659438317,0,0,0,0,0,0,0.382495333751043,0.367438212528334,0,0.316236224824221,0.423061263385941,0.167872876673937,0.372521340237341,0,0.372101552095734
0,0,0,0,0,0,0,0,0,0,0,0,0,0,0,0,0,0,0,0,0,0,0,0,0,0,0,0,0,0,0,0.304023217001971,0.251753951454985,0.310686067413928,0,0.287672091303891,0.179168269446451,0,0,0,0.355646654963493,0,0,0,0,0,0,0.471931509072964,0.456366552971303,0.311044201254845,0,0,0,0,0,0,0,0,0,0,0,0,0,0,0,0,0,0,0,0,0,0,0,0,0,0.184715867042542,0.380118362373611,0,0.304609533534926,0,0.243652376532555,0,0.275060147047043,0,0,0,0
0,0,0,0,0,0,0,0,0,0,0,0,0,0,0,0,0,0,0,0,0,0,0,0,0,0,0,0,0,0,0,0.176073109819776,0.161126576165799,0.267106379656231,0.307927784689686,0,0.221678303385323,0,0,0,0.202683399830546,0,0,0,0,0,0,0.255383257635615,0.218554537277669,0,0,0,0,0,0,0,0,0,0,0,0,0,0,0,0,0,0,0,0,0,0,0,0,0,0.184715867042542,0,0,0.344637393951416,0,0.296059313643618,0,0,0.238434025628881,0,0,0,0
0,0,0,0,0,0,0,0,0,0,0,0,0,0,0,0,0,0,0.403557497262955,0,0,0,0,0,0,0,0,0,0,0,0,0.352421868391134,0,0.336570502722569,0.29636295219344,0.358924073241651,0,0.245850089128981,0.273687811568379,0.392401641607285,0,0.348970700394024,0,0,0,0.331855197747548,0,0.473001684964944,0.473578341305256,0.286477630250319,0,0,0,0,0,0,0,0,0,0,0,0,0,0,0,0,0,0,0,0,0,0,0,0,0.380118362373611,0,0,0.256350368261337,0.359872591338037,0,0.262682466927278,0,0.359591742540583,0.344954406744555,0.381268262863159,0,0
0,0,0,0,0,0,0,0,0,0,0,0,0,0,0,0,0,0,0,0,0,0,0,0,0,0,0,0,0,0,0,0,0.285546249261609,0.254180349353051,0.350777922213929,0,0.313444934160479,0,0.278834065379098,0,0,0,0.493724892536799,0,0,0,0,0.634938859772459,0.453177875706128,0,0,0,0,0,0,0,0,0,0,0,0,0,0,0,0,0,0,0,0,0,0,0,0,0,0,0.344637393951416,0.256350368261337,0,0,0.33006081761587,0,0.324617974180291,0.304030247218907,0,0.480459406971931,0,0
0,0,0,0.316748198121786,0,0.282622635364532,0,0,0.281262636184692,0,0,0,0,0,0,0,0.315254478105183,0.327540212459322,0.378223582700502,0.145050891827453,0,0,0,0,0,0,0,0,0,0,0,0.264328157123553,0,0.244220286328171,0,0.251966830733163,0.163372385405725,0.272651984184551,0.229961444271935,0.308158850094189,0.464267194271088,0.319325318911295,0.314578654244542,0.440088787249156,0,0.262904066727772,0.318213472763697,0.275809959937697,0.538814902305603,0.233630020721037,0,0,0,0,0,0,0,0.433081179857254,0,0,0,0,0.224815084072872,0.3046665340662,0,0,0,0,0,0,0,0,0.31346817240119,0.382495333751043,0.304609533534926,0,0.359872591338037,0,0,0.331692457199097,0.311882152775577,0.353948272764683,0.275301201399957,0.278163578218602,0.304695325609315,0.358531509755088,0
