0,0,6.17353154926696,0,0,0,0,0,5.75591617509462,0,0,0,3.62834026727332,0,4.29760469840123,0,20.0312930429485,46.3680448532104,16.8722194847853,0,0,0,0,0,7.77357647904822,0,2.96250176429749,0,0,0,0,0,0,0,0,0,0,0,12.5363144250674,0,42.6494657897949,0,31.0234008852418,0,24.439089457194,74.3810958862305,36.5350593898607,0,6.72651023451975,0,0,0,0,0,5.66383467112915,0,15.4557102376764,0,4.01666217498495,0,6.58977228861589,0,0,0,0,0,0,7.57626458974642,0,10.6386001348495,0,16.4811410130681,0,23.6363403159128,0,0,0,0,88.4134979248047,34.3829608917236,0,31.1327056884766,12.083863743385,0,14.3260932632249,0,0
0,0,0,9.62239000532362,0,0,0,0,0,10.1295260304496,0,0,0,0,0,6.52062439918518,34.137487411499,77.6216697692871,18.3184035986662,0,0,0,0,12.2957743941209,0,0,0,0,0,0,0,0,0,0,0,0,0,20.2444354538369,0,42.1537058213178,54.7897267659505,29.8622407094213,44.685173034668,19.3660940637394,0,28.4694933828389,49.3006017933721,0,0,10.1911724660368,0,0,0,0,0,6.9946395767707,0,15.2418167775757,0,15.9777135848999,0,7.69636461064835,27.303957954782,0,0,0,10.4138401334765,0,10.0830268859863,0,12.0089834034443,0,17.1506968824006,0,0,0,0,0,33.8521110066828,56.8123989105225,20.3810236565421,0,11.7338511128776,0,16.2521499987302,32.4886865615845,45.6455421447754
6.17353154926696,0,0,0,7.08342363153185,0,0,0,8.99784997109484,0,0,0,3.27944572766622,0,3.54208879470825,0,0,63.6374473571777,49.2020047505697,0,0,0,0,0,0,0,0,0,0,0,0,0,0,0,0,0,9.08698644638062,0,52.7531795501709,0,38.1365413069725,0,34.9632930633035,0,19.5025152773471,66.7003402709961,31.8428286799678,0,12.5940422833371,0,6.1120354942247,0,0,0,7.09732835149629,0,10.0334489713839,0,6.13245994329453,0,5.04379865177517,0,0,23.9285405476888,0,0,0,0,0,14.918116569519,0,20.7737601280212,0,23.8306053508412,0,0,0,0,0,26.6994951649716,0,27.259244010562,12.0121764630299,27.1446056365967,20.4296284777338,0,32.5994338989258
0,9.62239000532362,0,0,0,8.07848834991455,0,0,0,9.15474356370122,0,0,0,0,0,4.22377493003807,59.0285453796387,46.8760935465495,45.112212117513,7.41066589355469,0,0,0,26.5098094940186,0,0,0,0,0,0,0,0,0,0,0,13.7611907657824,23.652925491333,33.9909338951111,0,37.4270257082852,54.2024761199951,35.4430562824095,45.9579727172852,17.4370285133263,0,25.5355136033965,48.5580368041992,54.9302501678467,0,8.96703306654641,0,7.76360881328583,0,0,0,7.55912663271543,0,20.9038680932101,0,3.75496443112691,0,5.76306228679523,29.1388946294785,0,0,0,0,0,0,0,23.6481800079346,0,26.7418164014816,0,0,0,0,0,24.1963246740946,49.031322479248,38.7375119527181,0,12.1502020451416,12.4706539710363,20.410893641701,30.9108879566193,0
0,0,7.08342363153185,0,0,0,0,0,11.2817159031011,0,0,0,0,0,0,0,0,0,0,0,0,0,0,0,0,0,0,0,0,0,0,0,0,0,0,0,0,0,0,0,0,0,0,0,0,0,0,0,0,0,4.07716409116983,0,0,0,8.35771341669944,0,9.09825973510742,0,0,0,0,0,0,0,0,0,0,0,0,0,0,0,0,0,0,0,0,0,0,0,0,0,12.1126904785633,0,8.07861610346062,0,0
0,0,0,8.07848834991455,0,0,0,3.09953875220224,0,0,0,0,0,0,0,0,0,0,0,0,0,0,0,0,0,0,0,0,0,0,0,0,0,0,0,4.30204346387283,0,0,0,0,0,0,0,0,0,0,0,0,0,0,0,3.32352226883618,0,3.1436269124349,0,0,0,0,0,3.57859921455383,0,6.43173336982727,0,0,0,0,0,0,0,0,0,0,0,0,0,0,0,0,6.5504178404808,0,0,0,4.04057953930191,2.96103858947754,9.60492515563965,0,0
0,0,0,0,0,0,0,0,0,0,0,0,0,0,0,0,0,0,0,0,0,0,0,0,0,0,0,0,0,0,0,0,0,0,0,0,0,0,0,0,0,0,0,0,0,0,0,0,0,0,3.38587339719137,0,2.90899246931076,0,0,0,4.15127020286503,0,2.81247425079346,0,0,0,0,0,0,0,0,0,0,0,0,0,0,0,0,0,0,0,0,0,0,0,0,0,0,0,0
0,0,0,0,0,3.09953875220224,0,0,0,0,0,0,0,2.74393391609192,0,0,0,0,0,0,0,0,0,0,0,0,0,0,0,0,0,0,0,0,0,0,0,0,0,0,0,0,0,0,0,0,0,0,0,0,0,2.96696048312717,0,2.8252429821912,0,0,0,0,0,2.94475814919723,0,0,0,0,0,0,0,0,0,0,0,0,0,0,0,0,0,0,0,0,0,0,3.11656585869036,0,0,0,0
5.75591617509462,0,8.99784997109484,0,11.2817159031011,0,0,0,0,0,0,0,3.16937899589539,0,4.34516136590825,0,6.95796669679776,0,30.0415756827907,0,0,0,0,0,9.30502142530819,0,0,0,0,0,0,0,0,0,0,0,0,0,11.3350657588291,0,31.9585999198582,43.5746154785156,14.5823026667907,0,30.1302680969238,76.591682434082,44.1755852332482,25.218318939209,11.7830924164477,0,4.61416966523697,0,0,0,5.24348425205718,0,14.6977662210879,0,3.58231597680312,0,8.28412961959839,0,0,0,0,0,0,6.80908264183417,0,0,0,16.3938675479612,0,17.3939204573631,0,0,0,0,0,44.0341796875,0,21.5081327372584,9.36493402800157,14.7494297027588,12.1174457051136,0,12.448166847229
0,10.1295260304496,0,9.15474356370122,0,0,0,0,0,0,0,0,0,0,0,3.89117225162361,0,4.95417516286785,50.5661573807398,0,0,0,0,7.12345897985829,0,11.9153080463409,0,0,0,0,0,0,0,0,0,0,0,5.99767634409283,0,34.2491295154278,0,17.8529286351002,0,43.528416633606,0,47.0966872590961,86.5634994506836,0,0,14.8547928392006,0,0,0,0,0,3.48663865550283,0,12.4847243915905,0,7.57451868057251,0,6.80887804750624,0,0,0,0,11.1354337236774,0,0,0,17.5375528335571,0,14.0328416303331,0,0,0,0,0,40.7676545381546,0,29.4847050666809,0,7.66874696685973,15.7989588975906,17.2944061227945,27.490008354187,0
0,0,0,0,0,0,0,0,0,0,0,0,5.10873370806376,0,0,0,0,0,0,0,3.30896511713664,0,0,0,0,0,0,0,0,0,4.610520622947,0,0,0,0,0,6.46922025140726,0,4.07283655690475,0,0,0,0,0,0,0,0,0,0,0,0,0,0,0,0,0,3.92585314600014,0,3.0863656811831,0,0,0,0,3.18350692951318,0,0,0,0,0,0,0,0,0,3.73776426712672,0,0,0,0,0,0,0,9.08851146697998,4.48218594736128,0,0,0,0
0,0,0,0,0,0,0,0,0,0,0,0,0,3.60933355208653,0,0,0,0,0,6.96195345773147,0,0,0,0,0,0,0,6.34247314228731,0,4.43902877605323,0,0,0,0,0,6.2724236487043,0,5.02509655735709,0,0,0,0,0,0,0,0,0,0,0,0,0,0,0,0,0,0,0,3.52448651908384,0,4.32983429960691,0,0,18.6641649446989,0,0,0,0,0,0,0,4.73593740182764,0,5.77933184662207,0,0,0,0,0,0,0,0,0,6.52642247194279,2.89830725996391,11.9333428502083,0,0
3.62834026727332,0,3.27944572766622,0,0,0,0,0,3.16937899589539,0,5.10873370806376,0,0,0,2.89702276885509,0,0,0,0,0,0,0,0,0,0,0,0,0,2.80273763338725,0,0,0,0,0,0,0,0,0,0,0,0,0,0,0,0,0,0,0,0,0,0,0,0,0,0,0,3.01405596733093,0,6.30023956037976,0,0,0,0,0,0,0,0,0,0,0,0,6.59210844136573,0,0,0,0,0,0,0,0,0,0,2.91545035921294,2.81365995936924,0,0,0
0,0,0,0,0,0,0,2.74393391609192,0,0,0,3.60933355208653,0,0,0,3.17521661206296,0,0,0,0,0,0,0,5.26876280857967,0,5.05832210144439,0,5.53875575830907,0,4.43785887956619,0,0,0,0,0,0,0,0,0,0,0,0,0,0,0,0,0,0,0,0,0,0,0,0,0,0,0,6.83952044381036,0,4.1521550378997,0,0,0,0,0,0,0,0,5.74392645447343,0,3.58216127157211,0,11.5089206695557,0,0,0,0,0,0,0,0,0,3.49823748107467,3.86553046983831,0,0,0
4.29760469840123,0,3.54208879470825,0,0,0,0,0,4.34516136590825,0,0,0,2.89702276885509,0,0,0,0,0,0,0,0,0,0,0,9.21895830207896,0,0,0,0,0,0,0,0,0,0,0,0,0,22.163674218314,0,0,0,0,0,0,0,0,0,7.79488445917765,0,0,0,0,0,0,0,0,0,4.33321762084961,0,3.81387948288637,0,0,0,0,0,0,0,0,0,0,0,0,0,0,0,0,0,0,0,0,22.177708307902,8.5594052473704,0,48.3276863098145,0,0
0,6.52062439918518,0,4.22377493003807,0,0,0,0,0,3.89117225162361,0,0,0,3.17521661206296,0,0,0,0,0,0,0,0,0,7.38112533433097,0,5.35877819049476,0,0,0,0,0,0,0,0,0,0,0,0,0,0,0,31.4667701721191,0,0,0,0,0,0,0,5.04845842477438,0,0,0,0,0,2.95642900466919,0,16.8283109664917,0,3.65400257706642,0,3.64628295680794,0,0,0,0,0,0,5.83027722374085,0,0,0,19.1237144470215,0,0,0,0,0,0,0,0,0,6.20974198150635,0,0,0,0
20.0312930429485,34.137487411499,0,59.0285453796387,0,0,0,0,6.95796669679776,0,0,0,0,0,0,0,0,18.978993759511,18.2948215241882,0,40.272590637207,0,3.12448099309748,0,17.7581500212351,0,4.09374024960902,0,0,0,0,0,0,0,0,0,0,68.1827850341797,27.6087516784668,66.2660876682827,53.1174425888061,61.9480204374894,47.1466005948874,62.9053077697754,0,55.4640150333636,52.8305834681858,0,49.7239265441895,60.4720458984375,0,0,0,0,0,0,94.3078384399414,0,0,0,0,0,58.7900835673014,59.7370808919271,0,3.54780977422541,0,23.3843002319336,0,2.88091750939687,0,42.3013488769531,62.9127082824707,46.3338568728903,0,0,0,0,62.9505515920705,53.9683651481707,70.7266531492534,50.4898502643292,11.210740332186,7.62762883141285,50.2056937394771,59.3079172770182,37.6629793167114
46.3680448532104,77.6216697692871,63.6374473571777,46.8760935465495,0,0,0,0,0,4.95417516286785,0,0,0,0,0,0,18.978993759511,0,16.53657284755,0,0,3.46266750936155,0,17.5724702161901,0,3.48498612062066,0,3.16918565712723,0,0,0,0,0,0,0,0,0,37.9996001323064,0,56.6933663037358,64.0951200117145,50.3014426463988,56.6721912881602,55.931874593099,0,54.6257759687494,59.5212377314511,0,0,59.7874857584635,0,0,0,0,0,54.1487274169922,0,54.1465861002604,0,0,0,0,58.3035995846703,73.3411178588867,4.85638403892517,0,0,0,4.00254850728171,0,0,61.6433582305908,59.4444659839977,63.4149257659912,0,0,0,0,58.2285330993961,61.6672938116666,58.4366129956214,69.0644065009223,10.4163019418608,5.94807798675363,58.3078604124377,38.3650997386259,51.0850989023844
16.8722194847853,18.3184035986662,49.2020047505697,45.112212117513,0,0,0,0,30.0415756827907,50.5661573807398,0,0,0,0,0,0,18.2948215241882,16.53657284755,0,55.5562614440918,0,0,0,0,0,0,0,0,0,0,0,0,0,0,0,0,0,52.9007747823542,40.2266864776611,44.6309825493985,45.5819112405278,33.7142093380056,31.6550664260115,34.8579644680023,30.7038235664368,43.3571511060783,44.5570951009146,0,40.6528959910075,46.4820243601213,0,0,0,0,24.2827949523926,62.0549233754476,61.5087299346924,43.8860571725028,72.7594261169434,0,0,0,45.9099092928239,52.9395636173717,0,0,0,0,0,0,51.063627243042,49.6601692546498,43.4661097208659,44.1370523008582,0,0,0,0,47.7810599634556,49.5845430692037,50.5605463981628,50.9429619842105,16.1916471246681,0,43.2664497570599,27.460123342181,26.6231592094505
0,0,0,7.41066589355469,0,0,0,0,0,0,0,6.96195345773147,0,0,0,0,0,0,55.5562614440918,0,0,0,0,0,0,0,0,0,0,6.33782124519348,0,0,0,0,0,4.68512666214606,0,6.53106249867194,0,0,0,49.7466125488281,0,0,0,24.7313324809074,65.0157241821289,0,0,23.5327167510986,0,0,0,0,0,0,0,5.25716029295976,0,0,0,0,6.27843425766317,0,0,0,0,0,0,0,0,0,6.25721840858459,0,0,0,0,0,8.18004182599626,0,7.73381179173787,0,6.55260479550066,0,5.93264424366507,0,0
0,0,0,0,0,0,0,0,0,0,3.30896511713664,0,0,0,0,0,40.272590637207,0,0,0,0,0,0,0,0,0,0,0,0,0,0,0,0,0,0,0,5.43419782144833,0,3.39507972370095,0,0,0,0,0,0,0,7.97933460945307,0,0,0,7.78742980957031,0,0,0,13.1248023509979,0,3.91473555309432,0,0,0,0,0,0,4.3689448174871,0,0,0,0,0,0,0,0,0,0,0,0,0,0,0,5.42460356209729,0,2.7421133518219,5.70127900597317,0,9.84956480276705,0,0
0,0,0,0,0,0,0,0,0,0,0,0,0,0,0,0,0,3.46266750936155,0,0,0,0,4.27555662906722,8.39468828837077,0,3.84310116767883,0,3.46524688391618,0,0,0,0,0,0,0,0,0,6.0657013738218,0,0,0,0,0,0,0,0,0,22.8397703170776,0,5.9226482178696,0,0,0,0,0,0,0,0,0,0,0,0,0,0,4.19701872261123,0,5.01979110596028,0,0,0,0,0,0,0,0,0,0,0,0,0,7.55414888452976,0,3.86094706695272,2.9911181699662,0,0,0
0,0,0,0,0,0,0,0,0,0,0,0,0,0,0,0,3.12448099309748,0,0,0,0,4.27555662906722,0,0,3.66539703123271,0,3.32461312838963,0,3.88676705748536,0,0,0,0,0,0,0,0,0,4.54262101913914,0,0,0,0,0,0,0,0,0,4.40671044871921,0,0,0,0,0,0,0,0,0,0,0,0,0,0,0,0,4.53046617813156,0,4.31773471832275,0,0,0,5.11552804708481,0,0,0,0,0,0,0,0,0,7.51235962566738,3.29039073205694,3.33932078679403,0,0,0
0,12.2957743941209,0,26.5098094940186,0,0,0,0,0,7.12345897985829,0,0,0,5.26876280857967,0,7.38112533433097,0,17.5724702161901,0,0,0,8.39468828837077,0,0,0,7.57637801019372,0,0,0,0,0,0,0,0,0,0,0,7.87528095433878,0,0,0,9.3710028330485,0,34.3477401733398,0,75.3983612060547,0,19.1296510696411,0,16.5236395387089,0,0,0,0,0,22.7627944946289,0,0,0,6.13415908813477,0,12.5431278546651,0,0,5.97797603692327,0,3.320016856082,0,3.50922924791064,0,0,0,0,0,0,0,0,0,0,0,8.94109121123616,0,10.1362149065685,28.1145665428855,5.55765752792358,0,0
7.77357647904822,0,0,0,0,0,0,0,9.30502142530819,0,0,0,0,0,9.21895830207896,0,17.7581500212351,0,0,0,0,0,3.66539703123271,0,0,0,4.64297135216849,0,0,0,0,0,0,0,0,0,0,0,6.1054417568046,0,0,0,25.3949124861737,0,0,0,0,18.4715116024017,8.68072300988275,0,0,0,0,0,3.90877328626812,0,0,0,0,0,11.4983151435852,0,0,0,0,4.04349728993007,0,3.4230660956393,0,3.51606001425534,0,22.4172201156616,0,0,0,0,0,0,0,0,0,7.31748473821539,9.15388164495315,11.964800289699,9.94385535120964,0,0
0,0,0,0,0,0,0,0,0,11.9153080463409,0,0,0,5.05832210144439,0,5.35877819049476,0,3.48498612062066,0,0,0,3.84310116767883,0,7.57637801019372,0,0,0,0,0,0,0,0,0,0,0,0,0,14.3926139128836,0,0,0,0,0,0,0,0,0,0,0,0,0,0,0,0,0,0,0,0,0,5.86631016220365,0,8.00905469019119,0,0,3.85546667000343,0,0,0,3.60867507946797,0,0,0,0,0,0,0,0,0,0,0,22.2544711043195,0,6.46463017889432,20.1212673187256,0,0,0
2.96250176429749,0,0,0,0,0,0,0,0,0,0,0,0,0,0,0,4.09374024960902,0,0,0,0,0,3.32461312838963,0,4.64297135216849,0,0,0,0,0,0,0,0,0,0,0,0,0,13.9220342636108,0,0,0,0,0,0,0,0,0,0,0,0,0,0,0,0,0,0,0,0,0,3.98354073933193,0,0,0,0,0,0,0,0,3.83866638026825,0,0,0,0,0,0,0,0,0,0,0,13.2480173110962,4.50259462544616,0,0,0,0
0,0,0,0,0,0,0,0,0,0,0,6.34247314228731,0,5.53875575830907,0,0,0,3.16918565712723,0,0,0,3.46524688391618,0,0,0,0,0,0,0,3.84860825905433,0,0,0,0,0,0,0,3.97280995051066,0,0,0,0,0,0,0,0,0,0,0,0,0,0,0,0,0,0,0,0,0,5.22348383665085,0,0,0,0,3.39642257267429,0,0,0,0,0,4.13929433061218,0,5.51070547103882,0,0,0,0,0,0,0,2.74119651317596,0,3.99396228327335,2.91731405258179,0,0,0
0,0,0,0,0,0,0,0,0,0,0,0,2.80273763338725,0,0,0,0,0,0,0,0,0,3.88676705748536,0,0,0,0,0,0,0,4.23105238933189,0,0,0,0,0,0,0,6.3273299170654,0,0,0,0,0,0,0,0,0,0,0,0,0,0,0,0,0,4.85090255737305,0,0,0,0,0,0,0,0,3.40823159217834,0,0,0,3.39696403344472,0,5.67706885198554,0,5.33888157606125,0,0,0,0,0,0,0,5.00207561579618,3.28089961123793,2.80766065915426,0,0,0
0,0,0,0,0,0,0,0,0,0,0,4.43902877605323,0,4.43785887956619,0,0,0,0,0,6.33782124519348,0,0,0,0,0,0,0,3.84860825905433,0,0,0,0,0,0,0,0,0,4.33737431908702,0,0,0,0,0,0,0,0,0,0,0,0,0,0,0,0,0,0,0,4.18008506298065,0,0,0,0,7.36559534072876,0,0,0,0,0,0,0,10.6404887318611,0,3.50432832058245,0,0,0,0,0,0,0,3.13310101899234,0,4.69409534040792,2.88237563769023,0,0,0
0,0,0,0,0,0,0,0,0,0,4.610520622947,0,0,0,0,0,0,0,0,0,0,0,0,0,0,0,0,0,4.23105238933189,0,0,0,0,0,0,0,0,0,3.48097057517515,0,0,0,0,0,0,0,0,0,0,0,0,0,0,0,0,0,4.9415092537873,0,0,0,0,0,0,0,0,0,0,0,0,0,0,4.91046646116226,0,6.00888319726355,0,0,0,0,0,0,0,5.173740890291,3.13152503967285,0,0,0,0
0,0,0,0,0,0,0,0,0,0,0,0,0,0,0,0,0,0,0,0,0,0,0,0,0,0,0,0,0,0,0,0,3.04058280778587,0,0,5.65393099898384,0,0,0,0,0,0,0,0,0,0,0,3.21996756080711,0,0,0,0,0,0,0,0,0,0,0,0,0,0,0,0,0,0,0,0,0,0,0,0,0,0,3.79141648054123,0,0,0,8.05107070194496,0,0,0,3.16959459418493,0,0,0,0
0,0,0,0,0,0,0,0,0,0,0,0,0,0,0,0,0,0,0,0,0,0,0,0,0,0,0,0,0,0,0,3.04058280778587,0,0,4.16421160044151,0,16.1194578324045,0,0,0,0,0,0,0,0,0,0,10.1193284217105,19.6151653925578,0,0,0,0,0,0,0,0,0,0,0,0,0,0,0,0,0,0,0,0,0,0,0,0,0,2.9504895567894,4.01521391873239,0,3.30138476078327,0,8.30211969109134,0,0,2.86847358942032,0,0,0,0
0,0,0,0,0,0,0,0,0,0,0,0,0,0,0,0,0,0,0,0,0,0,0,0,0,0,0,0,0,0,0,0,0,0,3.67956163116547,2.91128096580505,0,2.90310837541308,9.21410997262162,0,0,17.392730474472,0,0,0,0,0,5.89994802152941,0,0,0,0,0,0,0,0,0,0,0,0,0,0,0,0,0,0,0,0,0,0,0,0,0,0,0,0,5.1989449779564,4.5917440700531,3.76430763517107,0,6.95066956770585,13.0118965200476,3.35414507703362,4.8674789731567,0,0,0
0,0,0,0,0,0,0,0,0,0,0,0,0,0,0,0,0,0,0,0,0,0,0,0,0,0,0,0,0,0,0,0,4.16421160044151,3.67956163116547,0,0,17.8708365368393,10.9146662492018,3.8707896473924,0,0,0,0,0,0,0,0,7.20091458878165,18.005066037178,15.2732176099505,0,0,0,0,0,0,0,0,0,0,0,0,0,0,0,0,0,0,0,0,0,0,0,0,0,3.31869222096034,4.90395901603893,3.79681837860038,0,32.3389310663397,11.3446354866028,4.31123051370828,3.33637378613154,2.84251415729523,0,0,0
0,0,0,13.7611907657824,0,4.30204346387283,0,0,0,0,0,6.2724236487043,0,0,0,0,0,0,0,4.68512666214606,0,0,0,0,0,0,0,0,0,0,0,5.65393099898384,0,2.91128096580505,0,0,3.73923121839075,4.24387351597232,0,6.44633621449093,0,0,0,0,0,26.9938764572144,0,7.00658800379261,0,4.49415842692057,0,3.15851140022278,0,0,0,0,0,0,0,0,0,0,7.29164908598272,0,0,0,0,0,0,0,0,0,0,0,2.9507360458374,0,3.81844179041974,0,4.74083257772035,5.10435333053271,7.37897666043574,0,4.46929332955704,3.06357298085564,6.11146712687708,0,0
0,0,9.08698644638062,23.652925491333,0,0,0,0,0,0,6.46922025140726,0,0,0,0,0,0,0,0,0,5.43419782144833,0,0,0,0,0,0,0,0,0,0,0,16.1194578324045,0,17.8708365368393,3.73923121839075,0,0,4.44999478006979,4.01275491714478,0,0,36.321741104126,0,0,0,0,12.6284762203052,12.2137479305267,0,0,0,0,0,0,0,3.78131023550456,0,0,0,0,0,0,6.17213949244073,0,0,0,0,0,0,0,0,0,0,0,3.93520240146335,0,5.72548591890675,4.01486551761627,4.64866845081998,0,4.75037276630754,4.62992100566427,3.17685983731196,13.5722138387816,0,0
0,20.2444354538369,0,33.9909338951111,0,0,0,0,0,5.99767634409283,0,5.02509655735709,0,0,0,0,68.1827850341797,37.9996001323064,52.9007747823542,6.53106249867194,0,6.0657013738218,0,7.87528095433878,0,14.3926139128836,0,3.97280995051066,0,4.33737431908702,0,0,0,2.90310837541308,10.9146662492018,4.24387351597232,0,0,7.34878507446901,47.1732040405273,73.0354785919189,16.9256115362746,51.5906705856323,36.7675922393799,0,50.4214500919465,69.6582183837891,7.95656108542334,0,8.42116909101605,0,0,0,0,0,23.4287586212158,0,6.00019225478172,0,0,0,26.217253112793,15.9950058460236,0,7.79804006756744,0,8.46375098900546,0,0,0,4.19601242882865,0,7.06401346411024,0,0,0,2.95346713066101,0,5.94669944006051,0,6.02562763413481,4.99981411135927,7.75720425259772,4.80747655111869,12.7132620814492,45.5089530944824,0
12.5363144250674,0,52.7531795501709,0,0,0,0,0,11.3350657588291,0,4.07283655690475,0,0,0,22.163674218314,0,27.6087516784668,0,40.2266864776611,0,3.39507972370095,0,4.54262101913914,0,6.1054417568046,0,13.9220342636108,0,6.3273299170654,0,3.48097057517515,0,0,9.21410997262162,3.8707896473924,0,4.44999478006979,7.34878507446901,0,0,55.3835563659668,25.7763509750366,19.4469156741363,0,43.4766159057617,0,9.43141743209627,6.64734051408361,6.76394581435056,28.3253288269043,0,0,0,0,10.0971033389752,0,3.5943314815236,0,0,0,14.9728536605835,0,0,7.19177015218358,0,6.66329873553941,0,6.41089015704654,0,8.92687790029459,0,9.64390072988909,0,3.57783029783764,0,0,9.7675511042277,3.8689698657474,0,7.78917734015497,14.4230231189728,5.89745802548705,6.09895119955512,4.42402437641507,7.16094667991895,0,0
0,42.1537058213178,0,37.4270257082852,0,0,0,0,0,34.2491295154278,0,0,0,0,0,0,66.2660876682827,56.6933663037358,44.6309825493985,0,0,0,0,0,0,0,0,0,0,0,0,0,0,0,0,6.44633621449093,4.01275491714478,47.1732040405273,0,0,72.9949506123861,18.5759801304091,64.1050062179565,0,0,41.6028789520264,70.3315435556265,9.12715366410046,43.7634859085083,9.64440872786642,0,0,0,0,0,37.0136642456055,0,0,0,0,0,41.9563179016113,69.0376243591309,0,0,0,0,0,0,0,0,0,71.9353361129761,0,0,0,0,0,5.90043974572651,74.7144826253255,64.8903633117676,0,39.7178787537563,0,18.7255662229527,19.1917603717131,56.5946311950684
42.6494657897949,54.7897267659505,38.1365413069725,54.2024761199951,0,0,0,0,31.9585999198582,0,0,0,0,0,0,0,53.1174425888061,64.0951200117145,45.5819112405278,0,0,0,0,0,0,0,0,0,0,0,0,0,0,0,0,0,0,73.0354785919189,55.3835563659668,72.9949506123861,0,61.2479647681827,18.8475650862463,46.9660606384277,34.2281070921156,63.1777927245217,12.9494628384606,0,39.5854977663461,56.6623230984336,0,0,0,0,47.357780456543,63.6138000488281,49.7360582351685,71.5720019022624,0,0,45.2024974822998,0,71.9384384155273,5.86446257392959,0,0,0,0,0,0,0,52.5977052052816,71.9954509735107,48.0717439850171,0,0,0,0,77.4772947311401,8.75942585503527,78.166014898391,52.1797389984131,40.4861586852384,0,22.0421153510987,51.1421813964844,23.5551151752472
0,29.8622407094213,0,35.4430562824095,0,0,0,0,43.5746154785156,17.8529286351002,0,0,0,0,0,31.4667701721191,61.9480204374894,50.3014426463988,33.7142093380056,49.7466125488281,0,0,0,9.3710028330485,0,0,0,0,0,0,0,0,0,17.392730474472,0,0,0,16.9256115362746,25.7763509750366,18.5759801304091,61.2479647681827,0,13.5798352005446,17.7017331998755,12.8867546081543,23.5123089272992,59.1896009200659,13.1807806203654,15.2865735970291,21.7377471548629,0,0,0,0,38.001148223877,42.5785703659058,76.6295394897461,15.261012860891,0,0,0,30.2941289228552,49.2472947615164,0,0,0,31.1864967346191,0,0,0,53.9740371704102,0,25.8485661149025,67.497745513916,0,0,0,0,26.1353694338729,84.2993927001953,25.791664184745,0,19.978396319191,0,16.5582864454583,14.090884340776,49.531120300293
31.0234008852418,44.685173034668,34.9632930633035,45.9579727172852,0,0,0,0,14.5823026667907,0,0,0,0,0,0,0,47.1466005948874,56.6721912881602,31.6550664260115,0,0,0,0,0,25.3949124861737,0,0,0,0,0,0,0,0,0,0,0,36.321741104126,51.5906705856323,19.4469156741363,64.1050062179565,18.8475650862463,13.5798352005446,0,0,17.620074856351,53.7435511434721,20.5205765726546,9.36168767567034,21.6311703865429,37.0097578640642,45.6633712768555,0,0,0,41.7580746227933,67.450080871582,45.4671940831413,60.8890609741211,43.2019092014858,0,42.7402015354322,0,60.3231454329057,24.7719267595996,0,0,0,27.677543759346,0,52.406813621521,0,46.498115916406,63.1190382150503,28.6781238937604,0,0,0,0,62.8777505975021,40.6130785174753,66.189395904541,54.3126073564802,17.8478281740332,0,18.5550190780576,0,13.2740797655923
0,19.3660940637394,0,17.4370285133263,0,0,0,0,0,43.528416633606,0,0,0,0,0,0,62.9053077697754,55.931874593099,34.8579644680023,0,0,0,0,34.3477401733398,0,0,0,0,0,0,0,0,0,0,0,0,0,36.7675922393799,0,0,46.9660606384277,17.7017331998755,0,0,0,22.3925363140948,45.9071083068848,34.1324806213379,0,22.4074637595921,0,0,0,0,0,25.5366925557454,0,30.9276806326473,0,0,0,25.7057771682739,37.2238740187425,0,0,0,0,0,0,0,0,0,34.8192394574483,0,0,0,0,0,40.1128389835358,0,42.9333449277011,0,12.2388906008761,0,28.5367445811149,0,0
24.439089457194,0,19.5025152773471,0,0,0,0,0,30.1302680969238,0,0,0,0,0,0,0,0,0,30.7038235664368,0,0,0,0,0,0,0,0,0,0,0,0,0,0,0,0,0,0,0,43.4766159057617,0,34.2281070921156,12.8867546081543,17.620074856351,0,0,105.522583007812,30.6419570494671,0,36.8175510406494,0,0,0,0,0,28.1822066307068,0,27.0774153796109,0,30.8913269042969,0,26.0573616027832,0,0,40.0112546284994,0,0,0,0,0,0,0,37.3789610429244,0,39.81648534139,0,0,0,0,0,38.6936652319772,0,43.640593846639,17.1326895157496,0,32.3049179000854,0,20.9127941131592
74.3810958862305,28.4694933828389,66.7003402709961,25.5355136033965,0,0,0,0,76.591682434082,47.0966872590961,0,0,0,0,0,0,55.4640150333636,54.6257759687494,43.3571511060783,24.7313324809074,0,0,0,75.3983612060547,0,0,0,0,0,0,0,0,0,0,0,26.9938764572144,0,50.4214500919465,0,41.6028789520264,63.1777927245217,23.5123089272992,53.7435511434721,22.3925363140948,105.522583007812,0,62.6699990895268,0,72.8202629089355,29.6255388524797,0,0,0,0,0,34.3640077908834,80.0418243408203,40.0440484759877,0,0,0,29.4851503372192,7.20389445982701,73.0824119567871,0,0,54.7943115234375,0,0,0,60.5937728881836,69.3525721232096,44.2441586667841,71.5124988555908,0,0,0,0,29.4093437817104,72.8102700369699,42.3073010357308,79.1504531860352,33.9987164944776,0,34.1074599638678,34.3359022357247,50.906333250158
36.5350593898607,49.3006017933721,31.8428286799678,48.5580368041992,0,0,0,0,44.1755852332482,86.5634994506836,0,0,0,0,0,0,52.8305834681858,59.5212377314511,44.5570951009146,65.0157241821289,7.97933460945307,0,0,0,0,0,0,0,0,0,0,0,0,0,0,0,0,69.6582183837891,9.43141743209627,70.3315435556265,12.9494628384606,59.1896009200659,20.5205765726546,45.9071083068848,30.6419570494671,62.6699990895268,0,0,43.8458371713859,50.5069664985903,40.7277927398682,0,0,0,42.8287417093913,0,34.6662773239997,62.4541964530945,38.6688318252563,0,37.0150829315186,0,69.0973935808454,8.31826485081051,0,0,0,0,0,51.7723293304443,59.3826293945312,40.864384727478,64.2296698888143,46.3233471483989,0,0,0,0,75.3266878711934,19.3617054413978,71.6700731277466,13.8910392259188,32.48622404029,0,29.0139649127974,56.0558662414551,44.1012611854367
0,0,0,54.9302501678467,0,0,0,0,25.218318939209,0,0,0,0,0,0,0,0,0,0,0,0,22.8397703170776,0,19.1296510696411,18.4715116024017,0,0,0,0,0,0,3.21996756080711,10.1193284217105,5.89994802152941,7.20091458878165,7.00658800379261,12.6284762203052,7.95656108542334,6.64734051408361,9.12715366410046,0,13.1807806203654,9.36168767567034,34.1324806213379,0,0,0,0,5.78724431414279,7.01260954868363,0,0,0,0,22.2975482940674,65.845458984375,0,0,0,0,0,0,0,0,24.1877918243408,0,0,0,0,0,0,0,0,0,2.95133805274963,10.5417300599317,6.05556124448776,5.07634700899539,10.0274064021003,11.523600924781,11.2961681092965,9.56634071039599,6.21631361755014,4.136312017074,5.68873547269425,0,0
6.72651023451975,0,12.5940422833371,0,0,0,0,0,11.7830924164477,0,0,0,0,0,7.79488445917765,0,49.7239265441895,0,40.6528959910075,0,0,0,4.40671044871921,0,8.68072300988275,0,0,0,0,0,0,0,19.6151653925578,0,18.005066037178,0,12.2137479305267,0,6.76394581435056,43.7634859085083,39.5854977663461,15.2865735970291,21.6311703865429,0,36.8175510406494,72.8202629089355,43.8458371713859,5.78724431414279,0,7.71777992604643,0,0,0,0,6.30244792703672,0,12.4871672937426,0,5.17449220135915,0,7.63644726287089,0,0,27.1082161040533,0,4.4032360438743,0,4.91555239982212,0,5.40342991692679,0,12.9783357059015,0,24.5199037507961,0,12.3870745438796,0,0,80.7591247558594,5.83973801987512,0,9.86996783711723,10.6527415042511,0,10.5989269790226,0,0
0,10.1911724660368,0,8.96703306654641,0,0,0,0,0,14.8547928392006,0,0,0,0,0,5.04845842477438,60.4720458984375,59.7874857584635,46.4820243601213,23.5327167510986,0,5.9226482178696,0,16.5236395387089,0,0,0,0,0,0,0,0,0,0,15.2732176099505,4.49415842692057,0,8.42116909101605,28.3253288269043,9.64440872786642,56.6623230984336,21.7377471548629,37.0097578640642,22.4074637595921,0,29.6255388524797,50.5069664985903,7.01260954868363,7.71777992604643,0,0,0,0,0,0,7.08699917351758,0,12.7444266349696,0,4.03154855615952,0,7.16160328408138,26.916169611613,0,5.01736694550609,0,5.45489575964143,0,4.01204279800514,0,5.6207416026823,0,17.0331263599904,0,0,0,0,0,26.8935347281004,57.2192459106445,11.1805511070536,0,9.70445083373438,0,13.9703466073247,38.7723512649536,48.4739723205566
0,0,6.1120354942247,0,4.07716409116983,0,3.38587339719137,0,4.61416966523697,0,0,0,0,0,0,0,0,0,0,0,7.78742980957031,0,0,0,0,0,0,0,0,0,0,0,0,0,0,0,0,0,0,0,0,0,45.6633712768555,0,0,0,40.7277927398682,0,0,0,0,0,2.8553432226181,0,4.16246384840745,0,5.20836286858705,0,3.0805576890707,0,0,0,0,0,0,0,0,0,0,0,0,0,0,0,0,0,0,0,0,0,0,0,20.0319051742554,0,6.12328556718098,0,0
0,0,0,7.76360881328583,0,3.32352226883618,0,2.96696048312717,0,0,0,0,0,0,0,0,0,0,0,0,0,0,0,0,0,0,0,0,0,0,0,0,0,0,0,3.15851140022278,0,0,0,0,0,0,0,0,0,0,0,0,0,0,0,0,0,2.86458145944696,0,0,0,8.45648288726807,0,5.42123381296794,0,5.64439395070076,0,0,0,0,0,0,0,0,0,0,0,0,0,0,0,0,0,0,0,0,3.16669982955569,0,11.1998348236084,0,0
0,0,0,0,0,0,2.90899246931076,0,0,0,0,0,0,0,0,0,0,0,0,0,0,0,0,0,0,0,0,0,0,0,0,0,0,0,0,0,0,0,0,0,0,0,0,0,0,0,0,0,0,0,2.8553432226181,0,0,0,0,0,3.99323089539059,0,3.72100931803385,0,0,0,0,0,0,0,0,0,0,0,0,0,0,0,0,0,0,0,0,0,0,0,0,0,0,0,0
0,0,0,0,0,3.1436269124349,0,2.8252429821912,0,0,0,0,0,0,0,0,0,0,0,0,0,0,0,0,0,0,0,0,0,0,0,0,0,0,0,0,0,0,0,0,0,0,0,0,0,0,0,0,0,0,0,2.86458145944696,0,0,0,0,0,0,0,2.73211550712585,0,0,0,0,0,0,0,0,0,0,0,0,0,0,0,0,0,0,0,0,0,0,3.49459189337653,0,0,0,0
5.66383467112915,0,7.09732835149629,0,8.35771341669944,0,0,0,5.24348425205718,0,0,0,0,0,0,0,0,0,24.2827949523926,0,13.1248023509979,0,0,0,3.90877328626812,0,0,0,0,0,0,0,0,0,0,0,0,0,10.0971033389752,0,47.357780456543,38.001148223877,41.7580746227933,0,28.1822066307068,0,42.8287417093913,22.2975482940674,6.30244792703672,0,4.16246384840745,0,0,0,0,0,15.1726492534984,0,3.90436365604401,0,3.11791124343872,0,0,0,0,0,0,3.92127386200864,0,27.2366542816162,0,29.6829076494489,0,32.7000361994693,0,0,0,0,0,0,0,0,17.9064834825695,0,15.1792856156238,0,0
0,6.9946395767707,0,7.55912663271543,0,0,0,0,0,3.48663865550283,0,0,0,0,0,2.95642900466919,0,54.1487274169922,62.0549233754476,0,0,0,0,22.7627944946289,0,0,0,0,0,0,0,0,0,0,0,0,0,23.4287586212158,0,37.0136642456055,63.6138000488281,42.5785703659058,67.450080871582,25.5366925557454,0,34.3640077908834,0,65.845458984375,0,7.08699917351758,0,0,0,0,0,0,0,25.9397914843126,0,6.5594949892589,0,5.68349478925977,34.756441116333,0,0,0,6.51539464430375,0,0,0,0,61.9827728271484,30.4179613113403,0,0,0,0,0,32.7957462310791,0,15.2831639634802,0,25.4097286126552,0,29.8618648547047,39.2577056884766,0
15.4557102376764,0,10.0334489713839,0,9.09825973510742,0,4.15127020286503,0,14.6977662210879,0,3.92585314600014,0,3.01405596733093,0,0,0,94.3078384399414,0,61.5087299346924,0,3.91473555309432,0,0,0,0,0,0,0,4.85090255737305,0,4.9415092537873,0,0,0,0,0,3.78131023550456,0,3.5943314815236,0,49.7360582351685,76.6295394897461,45.4671940831413,0,27.0774153796109,80.0418243408203,34.6662773239997,0,12.4871672937426,0,5.20836286858705,0,3.99323089539059,0,15.1726492534984,0,0,0,3.77200872522511,0,3.76157455293982,0,0,16.280145591602,0,0,0,0,0,7.80570888519287,0,13.2044763755798,0,6.08746811556699,0,0,0,0,0,42.0073902130127,0,37.7289628982544,8.83285214020827,0,11.0844776537943,0,0
0,15.2418167775757,0,20.9038680932101,0,0,0,0,0,12.4847243915905,0,3.52448651908384,0,6.83952044381036,0,16.8283109664917,0,54.1465861002604,43.8860571725028,5.25716029295976,0,0,0,0,0,0,0,0,0,4.18008506298065,0,0,0,0,0,0,0,6.00019225478172,0,0,71.5720019022624,15.261012860891,60.8890609741211,30.9276806326473,0,40.0440484759877,62.4541964530945,0,0,12.7444266349696,0,8.45648288726807,0,0,0,25.9397914843126,0,0,0,4.44777029752731,0,13.9928264123637,6.14605821185642,0,0,0,15.254742304484,0,0,0,5.66691160202026,0,3.58764205152172,0,0,0,0,0,48.3328777313232,0,74.0804229736328,0,17.7975561835549,0,7.19767882596879,0,0
4.01666217498495,0,6.13245994329453,0,0,0,2.81247425079346,0,3.58231597680312,0,3.0863656811831,0,6.30023956037976,0,4.33321762084961,0,0,0,72.7594261169434,0,0,0,0,0,0,0,0,0,0,0,0,0,0,0,0,0,0,0,0,0,0,0,43.2019092014858,0,30.8913269042969,0,38.6688318252563,0,5.17449220135915,0,3.0805576890707,0,3.72100931803385,0,3.90436365604401,0,3.77200872522511,0,0,0,3.38464566158212,0,0,25.6803150177002,0,0,0,0,0,6.54020667076111,0,8.0669586759218,0,0,0,0,0,0,0,0,0,0,19.4442287683487,2.95515269041061,11.7243570769999,0,0
0,15.9777135848999,0,3.75496443112691,0,3.57859921455383,0,2.94475814919723,0,7.57451868057251,0,4.32983429960691,0,4.1521550378997,0,3.65400257706642,0,0,0,0,0,0,0,6.13415908813477,0,5.86631016220365,0,5.22348383665085,0,0,0,0,0,0,0,0,0,0,0,0,0,0,0,0,0,0,0,0,0,4.03154855615952,0,5.42123381296794,0,2.73211550712585,0,6.5594949892589,0,4.44777029752731,0,0,0,4.41731905325865,0,0,0,0,0,0,6.77677380028418,0,4.00850915908813,0,0,0,0,0,0,0,0,0,0,0,4.24299945041632,2.83893136544661,5.25301647186279,0,0
6.58977228861589,0,5.04379865177517,0,0,0,0,0,8.28412961959839,0,0,0,0,0,3.81387948288637,0,0,0,0,0,0,0,0,0,11.4983151435852,0,3.98354073933193,0,0,0,0,0,0,0,0,0,0,0,14.9728536605835,0,45.2024974822998,0,42.7402015354322,0,26.0573616027832,0,37.0150829315186,0,7.63644726287089,0,0,0,0,0,3.11791124343872,0,3.76157455293982,0,3.38464566158212,0,0,0,0,0,0,0,0,0,0,4.45963207880656,0,9.03592412736681,0,29.8664436340332,0,0,0,0,0,0,0,0,9.83674267927806,0,15.6379082300225,0,0
0,7.69636461064835,0,5.76306228679523,0,6.43173336982727,0,0,0,6.80887804750624,0,0,0,0,0,3.64628295680794,0,0,0,0,0,0,0,12.5431278546651,0,8.00905469019119,0,0,0,0,0,0,0,0,0,0,0,26.217253112793,0,41.9563179016113,0,30.2941289228552,0,25.7057771682739,0,29.4851503372192,0,0,0,7.16160328408138,0,5.64439395070076,0,0,0,5.68349478925977,0,13.9928264123637,0,4.41731905325865,0,0,0,0,0,0,8.43887013278595,0,7.3515575161088,0,11.4364289045334,0,20.3132359734897,0,0,0,0,0,23.5033512115479,0,27.2562093734741,0,6.49150725945022,0,15.1226234924667,36.9247398376465,0
0,27.303957954782,0,29.1388946294785,0,0,0,0,0,0,0,18.6641649446989,0,0,0,0,58.7900835673014,58.3035995846703,45.9099092928239,6.27843425766317,0,0,0,0,0,0,0,0,0,7.36559534072876,0,0,0,0,0,7.29164908598272,0,15.9950058460236,0,69.0376243591309,71.9384384155273,49.2472947615164,60.3231454329057,37.2238740187425,0,7.20389445982701,69.0973935808454,0,0,26.916169611613,0,0,0,0,0,34.756441116333,0,6.14605821185642,0,0,0,0,0,0,0,0,0,0,0,0,0,0,22.7496400560652,0,0,0,0,0,10.2054145814983,82.2137298583984,10.1816442582342,0,16.0392662130156,0,9.45371193113054,17.2155661582947,60.5388488769531
0,0,23.9285405476888,0,0,0,0,0,0,0,3.18350692951318,0,0,0,0,0,59.7370808919271,73.3411178588867,52.9395636173717,0,4.3689448174871,0,0,0,0,0,0,0,0,0,0,0,0,0,0,0,6.17213949244073,0,7.19177015218358,0,5.86446257392959,0,24.7719267595996,0,40.0112546284994,73.0824119567871,8.31826485081051,0,27.1082161040533,0,0,0,0,0,0,0,16.280145591602,0,25.6803150177002,0,0,0,0,0,0,0,0,0,0,0,0,35.2100346394074,0,12.1865485801759,0,0,0,0,0,5.06647222327982,0,8.73196578994999,26.1708217757617,0,12.1248939867493,0,50.2936382293701
0,0,0,0,0,0,0,0,0,0,0,0,0,0,0,0,0,4.85638403892517,0,0,0,4.19701872261123,0,5.97797603692327,0,3.85546667000343,0,3.39642257267429,0,0,0,0,0,0,0,0,0,7.79804006756744,0,0,0,0,0,0,0,0,0,24.1877918243408,0,5.01736694550609,0,0,0,0,0,0,0,0,0,0,0,0,0,0,0,0,4.71895123921431,0,4.18743484595726,0,3.84442125777809,0,0,0,0,0,0,0,0,0,5.59417040042388,0,4.40326727761163,0,0,0,0
0,0,0,0,0,0,0,0,0,0,0,0,0,0,0,0,3.54780977422541,0,0,0,0,0,4.53046617813156,0,4.04349728993007,0,0,0,3.40823159217834,0,0,0,0,0,0,0,0,0,6.66329873553941,0,0,0,0,0,0,0,0,0,4.4032360438743,0,0,0,0,0,0,0,0,0,0,0,0,0,0,0,0,0,0,3.65206593570143,0,3.68575224123503,0,4.88239057696596,0,0,0,0,0,0,0,0,0,8.90830783504742,3.79517452570857,4.0012442111969,0,0,0
0,10.4138401334765,0,0,0,0,0,0,0,11.1354337236774,0,0,0,0,0,0,0,0,0,0,0,5.01979110596028,0,3.320016856082,0,0,0,0,0,0,0,0,0,0,0,0,0,8.46375098900546,0,0,0,31.1864967346191,0,0,0,54.7943115234375,0,0,0,5.45489575964143,0,0,0,0,0,6.51539464430375,0,15.254742304484,0,0,0,8.43887013278595,0,0,4.71895123921431,0,0,0,3.45971736093847,0,14.5285081863403,0,15.7500700950623,0,0,0,0,0,0,0,7.9174621014884,0,14.0740030196405,0,7.1410470316487,0,0
7.57626458974642,0,0,0,0,0,0,0,6.80908264183417,0,0,0,0,0,0,0,23.3843002319336,0,0,0,0,0,4.31773471832275,0,3.4230660956393,0,0,0,0,0,0,0,0,0,0,0,0,0,6.41089015704654,0,0,0,27.677543759346,0,0,0,0,0,4.91555239982212,0,0,0,0,0,3.92127386200864,0,0,0,0,0,0,0,0,0,0,3.65206593570143,0,0,0,4.19765971110905,0,18.4310712814331,0,0,0,0,0,0,0,0,0,6.82300802314185,10.8328271588283,13.6100228627523,4.29289507109021,0,0
0,10.0830268859863,0,0,0,0,0,0,0,0,0,0,0,5.74392645447343,0,5.83027722374085,0,4.00254850728171,0,0,0,0,0,3.50922924791064,0,3.60867507946797,0,0,0,0,0,0,0,0,0,0,0,0,0,0,0,0,0,0,0,0,0,0,0,4.01204279800514,0,0,0,0,0,0,0,0,0,6.77677380028418,0,7.3515575161088,0,0,4.18743484595726,0,3.45971736093847,0,0,0,3.24398296007088,0,0,0,0,0,0,0,0,0,0,0,0,0,0,0,0
10.6386001348495,0,14.918116569519,0,0,0,0,0,0,0,0,0,0,0,0,0,2.88091750939687,0,0,0,0,0,0,0,3.51606001425534,0,3.83866638026825,0,3.39696403344472,0,0,0,0,0,0,0,0,0,8.92687790029459,0,0,0,52.406813621521,0,0,0,51.7723293304443,0,5.40342991692679,0,0,0,0,0,27.2366542816162,0,7.80570888519287,0,6.54020667076111,0,4.45963207880656,0,0,0,0,3.68575224123503,0,4.19765971110905,0,0,0,3.95040986824919,0,0,0,0,0,0,0,0,0,8.41133439272977,5.15571479363875,0,21.9013679716322,0,0
0,12.0089834034443,0,23.6481800079346,0,0,0,0,0,17.5375528335571,0,4.73593740182764,0,3.58216127157211,0,0,0,0,51.063627243042,0,0,0,0,0,0,0,0,4.13929433061218,0,10.6404887318611,0,0,0,0,0,0,0,4.19601242882865,0,0,0,53.9740371704102,0,0,0,60.5937728881836,59.3826293945312,0,0,5.6207416026823,0,0,0,0,0,0,0,5.66691160202026,0,4.00850915908813,0,11.4364289045334,0,0,3.84442125777809,0,14.5285081863403,0,3.24398296007088,0,0,0,3.19821801311091,0,0,0,0,0,0,0,3.80780126700139,0,9.81583320010792,0,6.90497119286481,0,0
16.4811410130681,0,20.7737601280212,0,0,0,0,0,16.3938675479612,0,0,0,6.59210844136573,0,0,0,42.3013488769531,61.6433582305908,49.6601692546498,0,0,0,5.11552804708481,0,22.4172201156616,0,0,0,5.67706885198554,0,4.91046646116226,0,0,0,0,0,0,0,9.64390072988909,0,52.5977052052816,0,46.498115916406,0,37.3789610429244,69.3525721232096,40.864384727478,0,12.9783357059015,0,0,0,0,0,29.6829076494489,61.9827728271484,13.2044763755798,0,8.0669586759218,0,9.03592412736681,0,0,35.2100346394074,0,4.88239057696596,0,18.4310712814331,0,3.95040986824919,0,0,0,4.59070214518794,0,0,0,0,0,48.5726919174194,0,5.5940926064705,21.9732680994388,3.58891201019287,14.3814375267737,0,0
0,17.1506968824006,0,26.7418164014816,0,0,0,0,0,14.0328416303331,0,5.77933184662207,0,11.5089206695557,0,19.1237144470215,62.9127082824707,59.4444659839977,43.4661097208659,6.25721840858459,0,0,0,0,0,0,0,5.51070547103882,0,3.50432832058245,0,0,0,0,0,0,0,7.06401346411024,0,71.9353361129761,71.9954509735107,25.8485661149025,63.1190382150503,34.8192394574483,0,44.2441586667841,64.2296698888143,0,0,17.0331263599904,0,0,0,0,0,30.4179613113403,0,3.58764205152172,0,0,0,20.3132359734897,22.7496400560652,0,0,0,15.7500700950623,0,0,0,3.19821801311091,0,0,0,0,0,0,0,54.8863915337457,0,43.4574742794037,0,19.2115936554395,0,10.5581725284876,47.2067518234253,0
23.6363403159128,0,23.8306053508412,0,0,0,0,0,17.3939204573631,0,3.73776426712672,0,0,0,0,0,46.3338568728903,63.4149257659912,44.1370523008582,0,0,0,0,0,0,0,0,0,5.33888157606125,0,6.00888319726355,0,0,0,0,0,0,0,3.57783029783764,0,48.0717439850171,67.497745513916,28.6781238937604,0,39.81648534139,71.5124988555908,46.3233471483989,0,24.5199037507961,0,0,0,0,0,32.7000361994693,0,6.08746811556699,0,0,0,29.8664436340332,0,0,12.1865485801759,0,0,0,0,0,0,0,4.59070214518794,0,0,0,0,0,0,70.9197769165039,38.8925576757212,0,12.6960832222488,18.7057976130355,0,13.5293564295746,0,0
0,0,0,0,0,0,0,0,0,0,0,0,0,0,0,0,0,0,0,0,0,0,0,0,0,0,0,0,0,0,0,3.79141648054123,2.9504895567894,0,0,2.9507360458374,0,0,0,0,0,0,0,0,0,0,0,2.95133805274963,0,0,0,0,0,0,0,0,0,0,0,0,0,0,0,0,0,0,0,0,0,0,0,0,0,0,0,0,0,0,2.79433023929596,0,0,0,3.18340077400208,0,0,0,0
0,0,0,0,0,0,0,0,0,0,0,0,0,0,0,0,0,0,0,0,0,0,0,0,0,0,0,0,0,0,0,0,4.01521391873239,0,3.31869222096034,0,3.93520240146335,0,0,0,0,0,0,0,0,0,0,10.5417300599317,12.3870745438796,0,0,0,0,0,0,0,0,0,0,0,0,0,0,0,0,0,0,0,0,0,0,0,0,0,0,0,0,4.83088013590599,0,4.33786818536661,0,0,3.55284274948968,0,0,0,0
0,0,0,0,0,0,0,0,0,0,0,0,0,0,0,0,0,0,0,0,0,0,0,0,0,0,0,0,0,0,0,0,0,5.1989449779564,4.90395901603893,3.81844179041974,0,2.95346713066101,9.7675511042277,0,0,0,0,0,0,0,0,6.05556124448776,0,0,0,0,0,0,0,0,0,0,0,0,0,0,0,0,0,0,0,0,0,0,0,0,0,0,0,0,0,7.80508375167847,3.54662183032316,0,5.59957854486607,0,6.13714279519751,4.77018245061239,0,0,0
0,0,0,0,0,0,0,0,0,0,0,0,0,0,0,0,0,0,0,0,0,0,0,0,0,0,0,0,0,0,0,0,3.30138476078327,4.5917440700531,3.79681837860038,0,5.72548591890675,0,3.8689698657474,0,0,0,0,0,0,0,0,5.07634700899539,0,0,0,0,0,0,0,0,0,0,0,0,0,0,0,0,0,0,0,0,0,0,0,0,0,0,0,4.83088013590599,7.80508375167847,0,0,6.66003291606903,0,4.9457044607951,2.95535433292389,0,0,0,0
88.4134979248047,33.8521110066828,0,24.1963246740946,0,6.5504178404808,0,0,0,40.7676545381546,0,0,0,0,0,0,62.9505515920705,58.2285330993961,47.7810599634556,8.18004182599626,0,0,0,0,0,0,0,0,0,0,0,8.05107070194496,0,3.76430763517107,0,4.74083257772035,4.01486551761627,5.94669944006051,0,5.90043974572651,77.4772947311401,26.1353694338729,62.8777505975021,40.1128389835358,0,29.4093437817104,75.3266878711934,10.0274064021003,80.7591247558594,26.8935347281004,0,0,0,0,0,32.7957462310791,0,48.3328777313232,0,0,0,23.5033512115479,10.2054145814983,0,0,0,0,0,0,0,0,0,54.8863915337457,70.9197769165039,2.79433023929596,0,3.54662183032316,0,0,37.1985002685996,10.2197413634124,0,20.4162304401398,3.59032511711121,35.0110292953897,21.5332902607165,65.6999100579156
34.3829608917236,56.8123989105225,26.6994951649716,49.031322479248,0,0,0,0,44.0341796875,0,0,0,0,0,0,0,53.9683651481707,61.6672938116666,49.5845430692037,0,5.42460356209729,0,0,0,0,0,0,0,0,0,0,0,8.30211969109134,0,32.3389310663397,5.10435333053271,4.64866845081998,0,7.78917734015497,74.7144826253255,8.75942585503527,84.2993927001953,40.6130785174753,0,38.6936652319772,72.8102700369699,19.3617054413978,11.523600924781,5.83973801987512,57.2192459106445,0,0,0,0,0,0,42.0073902130127,0,0,0,0,0,82.2137298583984,5.06647222327982,0,0,0,0,0,0,0,48.5726919174194,0,38.8925576757212,0,4.33786818536661,0,6.66003291606903,37.1985002685996,0,81.3557434082031,5.29759472911734,14.7672020390791,3.35050338109334,21.8279838150258,0,16.5188798223223
