0,0,0.178840957783364,0,0,0,0,0,0.15768760830813,0,0,0,0,0,0,0,0.342670329886934,0.267592281103134,0.272433920261952,0,0,0,0,0,0,0,0,0,0,0,0,0,0,0,0,0,0.391639232635498,0,0,0,0.410598868131638,0.293695569038391,0.237438373504428,0,0,0,0,0.38983491063118,0.188833663063328,0,0,0,0,0,0.197031232101532,0,0.255577754761492,0,0.233923370018601,0,0.19529157334589,0,0,0.304732471704483,0,0,0,0,0,0,0,0,0,0,0,0,0,0,0,0.379182792372174,0,0,0.21458440748128,0,0.194455643169215,0,0.265996161103249
0,0,0,0.208013717085123,0,0,0,0,0,0.149609105201599,0,0,0,0,0,0,0.365650389875684,0,0.331418698141863,0,0,0,0,0,0,0,0,0,0,0,0,0,0,0,0,0.465317130088806,0,0,0,0,0.419889837503433,0.3412040522758,0.291907042264938,0,0,0.346091628074646,0,0,0,0.178426698354402,0,0,0,0,0,0.159118158013924,0,0.246132632344961,0,0.186878195275431,0,0.164846051501836,0.362180769443512,0,0,0,0,0,0,0,0.183214068412781,0,0.308795668184757,0,0,0,0,0,0.404404257734617,0.431354582309723,0.474479719996452,0,0.271699580454057,0,0.220288640884846,0,0
0.178840957783364,0,0,0,0.174814496849868,0,0,0,0.12172978296876,0,0,0,0,0,0.230546633402507,0,0,0,0.301060635596514,0,0,0,0,0,0,0,0,0,0,0,0,0,0,0,0,0,0.193058952689171,0,0,0,0.341798863627694,0,0.302937481329655,0,0,0,0.269823461771011,0,0.209011457829555,0.313435256481171,0.254983479052098,0,0,0,0.196656777167026,0,0.302307917950625,0,0.287099903210616,0,0.217297401559386,0,0,0.288800096511841,0,0,0,0,0,0,0,0,0,0.316171460918018,0,0,0,0,0,0.307891330868006,0,0.263062263528506,0.263210617397961,0,0.297758001600555,0,0.283815485065001
0,0.208013717085123,0,0,0,0.175413968006395,0,0,0,0.167496726308998,0,0.252062401601246,0,0,0,0,0,0,0.317973795864317,0.305327135615233,0,0,0,0,0,0,0,0,0,0,0,0,0,0,0,0.351013406901292,0,0.355183705687523,0,0,0,0.300475885731078,0,0,0,0.231493808329105,0,0,0,0.235433250665665,0,0.21866864307982,0,0,0,0.193001726908343,0,0.298871984368821,0,0.30015883843104,0,0.242761471483015,0.337376855313778,0,0,0,0,0,0,0,0,0,0.315839526693473,0,0,0,0,0,0.343461057850134,0,0.361179229404245,0,0.272044700135787,0,0.313874131650992,0.29000015769686,0
0,0,0.174814496849868,0,0,0,0,0,0.188394650816917,0,0,0,0,0,0,0,0,0,0,0,0.167295108948435,0,0,0,0,0,0,0,0,0,0,0,0,0,0,0,0,0,0,0,0,0,0.259798186520735,0,0,0,0,0,0,0,0.195253384151684,0,0.235051333904266,0,0.147671411434809,0,0.224380880594254,0,0,0,0,0,0,0.30867862701416,0,0,0,0,0,0,0,0,0,0,0,0,0,0,0,0.151630113522212,0,0,0.152112729455295,0.180164788616821,0.191034022424229,0,0
0,0,0,0.175413968006395,0,0,0,0,0,0.191557614276042,0,0.15317058882543,0,0,0,0,0,0,0,0.173580543862449,0,0,0,0,0,0,0,0,0,0,0,0,0,0,0,0.189227981913474,0,0,0,0,0,0.254930198192596,0,0,0,0,0,0,0,0,0,0.168221544044522,0,0.168473467230797,0,0.182923098405202,0,0.19258615848693,0,0,0,0,0,0,0,0,0,0,0,0,0,0,0.298133879899979,0,0,0,0,0,0.192771464034363,0,0.359511315822601,0,0.18161115301773,0.198704361915588,0.23549672165542,0,0
0,0,0,0,0,0,0,0,0,0,0.164815247058868,0,0,0,0,0,0,0,0,0,0.166307792067528,0,0,0,0,0,0,0,0,0,0,0,0,0,0,0,0,0,0,0,0,0,0,0,0,0,0,0,0,0,0.291624590754509,0,0.223813234379998,0,0,0,0.200994240549894,0,0.21745190769434,0,0,0,0,0,0,0,0,0,0,0,0,0,0,0,0,0,0,0,0,0,0,0,0.129873886704445,0,0,0,0
0,0,0,0,0,0,0,0,0,0,0,0.163787054705123,0,0,0,0,0,0,0,0.147404645596232,0,0,0,0,0,0,0,0,0,0,0,0,0,0,0,0.151285424828529,0,0,0,0,0,0,0,0,0,0,0,0,0,0,0,0.197530632217725,0,0.194470028347168,0,0,0,0.204174346088814,0,0.138602048158646,0,0,0.181625196710229,0,0,0,0,0,0,0,0,0,0,0,0,0,0,0,0,0,0,0,0.15266915038228,0,0,0,0
0.15768760830813,0,0.12172978296876,0,0.188394650816917,0,0,0,0,0,0,0,0,0,0.149440969933163,0.179656267166138,0.178310395615507,0.169629668816924,0.246309841221029,0,0,0,0.172517836093903,0,0.193376664862488,0,0.174918127148899,0,0,0,0,0,0,0,0,0,0.355858683586121,0,0.240214104081858,0,0,0,0.165524742222694,0,0,0,0,0,0,0,0,0,0,0,0.212492249416182,0,0,0,0,0,0.227570258170725,0,0,0,0,0,0,0.243549178540707,0,0.16864113509655,0,0,0,0,0,0,0,0.256400305777788,0,0.347566664218903,0,0.258407099911915,0.166629199088324,0.168851522955953,0.164056968066719,0,0
0,0.149609105201599,0,0.167496726308998,0,0.191557614276042,0,0,0,0,0,0,0,0,0,0.186921452050624,0.158107049763203,0.167090074067384,0.278313666582108,0,0,0,0,0.144747745846548,0,0.175044783524105,0,0,0,0,0,0,0,0,0,0,0,0.218594246289947,0,0,0,0.267096252904998,0,0,0,0,0,0,0,0.24244127529008,0,0.190777810556548,0,0,0,0.200730823357504,0,0,0,0,0,0.186612353778221,0,0,0,0,0.170188855607899,0,0.159087594704969,0,0,0,0,0,0,0,0,0,0,0,0.217981239159902,0,0.193087533701811,0.227431524318197,0.167758904752277,0.270835191011429,0
0,0,0,0,0,0,0.164815247058868,0,0,0,0,0,0.159248418300538,0,0,0,0,0,0,0,0.141008684242314,0,0,0,0,0,0,0,0,0,0.202310635264103,0,0,0,0,0,0.15304265954072,0,0.141505304985232,0,0,0,0,0,0,0,0,0,0,0,0.319023445248604,0,0.191439170922552,0,0,0,0.213520952353653,0,0.170088937973867,0,0,0,0,0.1321343453601,0,0,0,0,0,0,0,0,0,0.264090417325497,0,0,0,0,0,0.17358279537845,0,0.140752762132395,0,0,0.2633425116539,0,0
0,0,0,0.252062401601246,0,0.15317058882543,0,0.163787054705123,0,0,0,0,0,0.159396159093058,0,0,0,0.336801826953888,0.403910636901855,0.201572034067037,0,0,0,0,0,0,0,0.193499936825699,0,0.148637439547615,0,0,0,0,0,0.161011611582131,0,0.149907421890229,0,0,0,0.377011835575104,0,0,0,0.293375398431505,0,0,0,0,0,0.192850477165646,0,0.175167620182037,0,0,0,0.196168293492857,0,0.175308234923416,0,0,0.232022340590264,0,0,0,0,0,0,0,0.182982864124434,0,0.211893240172489,0,0,0,0,0,0.166119297923044,0,0.153002670034766,0,0.136586843856743,0.147160025934378,0.373562589287758,0,0
0,0,0,0,0,0,0,0,0,0,0.159248418300538,0,0,0,0.128095600754023,0,0.123637180030346,0,0,0,0,0,0,0,0,0,0.131124604832042,0,0,0,0,0,0,0,0,0,0,0,0,0,0,0,0,0,0,0,0,0,0,0,0,0,0,0,0,0,0.157269836648514,0,0.174569151383273,0,0.148985940296918,0,0,0,0,0,0,0,0,0.129713440934817,0,0.16393515765667,0,0,0,0,0,0,0,0,0,0,0.135294688018886,0.233347806238359,0,0,0
0,0,0,0,0,0,0,0,0,0,0,0.159396159093058,0,0,0,0.163112414906086,0,0,0,0,0,0,0,0,0,0.191815808415413,0,0.130685925483704,0,0,0,0,0,0,0,0,0,0,0,0,0,0,0,0,0,0,0,0,0,0,0,0,0,0,0,0,0,0,0,0.152243011516699,0,0.170379146846414,0,0,0,0,0,0,0,0,0.122872643172741,0,0,0,0,0,0,0,0,0,0,0,0.15634956451193,0.17484294367688,0,0,0
0,0,0.230546633402507,0,0,0,0,0,0.149440969933163,0,0,0,0.128095600754023,0,0,0,0.13820632332279,0,0.201496377587318,0,0,0,0,0,0,0,0.128275354294793,0,0,0,0,0,0,0,0,0,0,0,0,0,0,0,0,0,0,0,0,0,0,0,0,0,0,0,0.143263913691044,0,0,0,0.177456347478761,0,0.196616373770403,0,0,0,0,0,0,0,0,0.148381351919497,0,0,0,0,0,0,0,0,0,0,0,0,0.14806472344531,0.232806593179703,0,0,0
0,0,0,0,0,0,0,0,0.179656267166138,0.186921452050624,0,0,0,0.163112414906086,0,0,0.177454836666584,0.14936448134206,0,0,0,0,0,0,0,0.143950100455965,0,0,0,0,0,0,0,0,0,0,0,0,0,0,0,0,0,0,0,0,0,0,0,0,0,0,0,0,0,0.194350248823563,0,0,0,0.159132577478886,0,0.167646425776184,0,0,0,0,0,0,0,0,0,0,0,0,0,0,0,0,0,0,0,0,0.167455582305638,0.194736214077219,0,0,0
0.342670329886934,0.365650389875684,0,0,0,0,0,0,0.178310395615507,0.158107049763203,0,0,0.123637180030346,0,0.13820632332279,0.177454836666584,0,0.170103646662923,0.326048063578365,0,0,0.138576544821262,0.133378671605121,0.254993751645088,0.176159787247347,0.187794178724289,0.133495187495638,0,0.15139313680785,0,0,0,0,0,0,0.346206027269363,0.396277956664562,0,0,0.335959285497665,0.403077507248292,0.286279185542039,0.325321388244629,0.299473702907562,0.336804890632629,0.322013126313686,0.341711393424443,0,0,0.35346316297849,0,0,0,0,0.176660661207567,0.163571715354919,0.358300924301147,0.32189080119133,0,0,0.138594460399712,0,0.342956585884094,0,0,0.114556809266408,0,0.158189659288456,0.167719818651676,0.134063819943763,0,0,0,0,0,0,0,0,0.358619204759598,0.384597880865938,0.395074690381686,0,0.208553258753873,0.176907517375865,0.366812315760273,0.289647483825684,0.304498806595802
0.267592281103134,0,0,0,0,0,0,0,0.169629668816924,0.167090074067384,0,0.336801826953888,0,0,0,0.14936448134206,0.170103646662923,0,0.319322473200207,0.371530100703239,0,0.161046062734116,0,0.173462577775788,0.200829301561628,0.131369256161132,0.16858953088522,0,0,0,0,0,0,0,0,0.346966048081716,0.392621335883935,0.174780905246735,0,0.314131408929825,0.325787504514058,0.260852573599134,0.288055845846732,0.269614258160194,0,0.293567204704651,0.328335881233215,0,0,0,0,0,0,0,0,0.175043993834722,0,0.348154410719872,0,0,0,0.162688369381017,0.333360993862152,0,0.131753671382155,0,0.154574133455753,0.179020213229316,0.150396647599508,0.187461405992508,0,0,0,0,0,0,0,0,0.320253428636175,0.381116165646485,0.373674497008324,0,0.218353527031586,0.137573081801629,0.336586604042659,0.264203280210495,0.25725919008255
0.272433920261952,0.331418698141863,0.301060635596514,0.317973795864317,0,0,0,0,0.246309841221029,0.278313666582108,0,0.403910636901855,0,0,0.201496377587318,0,0.326048063578365,0.319322473200207,0,0.407723877165053,0,0.240016520023346,0,0.227735494573911,0.204024601727724,0,0.187088936567307,0,0,0,0,0,0,0,0,0.368755422984109,0.383354915678501,0.436534394820531,0,0.335044254362583,0.364546227655895,0.25978812876776,0.280226955018828,0.252892695569386,0.260367864726955,0.299473413399288,0.334136270011058,0,0.295091047883034,0.282011765986681,0.336997151374817,0,0,0,0.279868334531784,0.212878853082657,0.38557607377017,0.386394998909515,0.294294506311417,0,0,0.27015146613121,0.376821358561072,0.304903021743221,0,0,0.269197970628738,0,0.197374939918518,0,0,0,0.388669360677401,0.422893464565277,0,0,0,0.366122223933538,0.365670969874494,0.386538526833252,0.465808871978988,0.387838244438171,0.254373335200184,0.239216610789299,0.361956209743116,0.249260739604039,0.267247389497546
0,0,0,0.305327135615233,0,0.173580543862449,0,0.147404645596232,0,0,0,0.201572034067037,0,0,0,0,0,0.371530100703239,0.407723877165053,0,0,0,0,0,0,0,0,0,0,0,0,0,0,0,0,0.188351852579577,0,0.148371580540191,0,0,0,0.374779821861358,0,0.375890960295995,0.306232571601868,0.321564820337008,0,0,0,0.304984718561172,0,0.298394352197647,0,0,0,0,0,0.182724503966851,0,0,0,0,0.247462140601636,0,0,0,0,0,0,0,0,0,0.288785348335902,0,0,0,0,0,0.221357472013426,0,0.359284949302673,0,0.19949756651672,0,0.353538184165955,0.416351839900017,0
0,0,0,0,0.167295108948435,0,0.166307792067528,0,0,0,0.141008684242314,0,0,0,0,0,0,0,0,0,0,0,0,0,0,0,0,0,0,0,0,0,0,0,0,0,0.141419881830613,0,0.133434554366838,0,0,0,0,0,0,0,0.205243110656738,0,0,0,0.308341632286708,0,0,0,0,0,0.202955585718155,0,0,0,0,0,0,0.166225778626871,0,0,0,0,0,0,0,0,0,0,0,0,0,0,0,0.162651207187388,0,0.147639263202162,0.169115664294133,0,0.186537665695372,0,0
0,0,0,0,0,0,0,0,0,0,0,0,0,0,0,0,0.138576544821262,0.161046062734116,0.240016520023346,0,0,0,0.126641475362703,0.154520408902317,0,0.152942529188529,0,0.17664990305554,0,0,0,0,0,0,0,0,0,0.248853387636545,0.166606187820435,0,0,0,0,0,0,0,0,0,0,0.300241277227557,0,0,0,0,0,0,0,0,0,0,0,0,0,0,0.19295983383266,0.147884791096052,0.18417404171748,0,0.172855890194575,0,0.210538812086616,0,0,0,0,0,0,0,0,0,0.249888134096771,0.153405897319317,0.148313220198928,0.155407596086518,0.224381963411967,0,0
0,0,0,0,0,0,0,0,0.172517836093903,0,0,0,0,0,0,0,0.133378671605121,0,0,0,0,0.126641475362703,0,0,0.231366782387098,0,0.124070677368749,0,0.136540452639262,0,0,0,0,0,0,0,0,0,0.205244899066815,0,0,0.346479974687099,0,0,0,0,0,0,0.235114168902342,0,0,0,0,0,0,0,0,0,0,0,0,0,0,0,0.109027159710725,0.21009042516336,0,0.230950471107699,0,0.131628619134426,0,0.171572427423787,0,0,0,0,0,0,0,0,0,0.231691850481774,0.145814756688907,0.177346118236892,0.276183542674002,0,0
0,0,0,0,0,0,0,0,0,0.144747745846548,0,0,0,0,0,0,0.254993751645088,0.173462577775788,0.227735494573911,0,0,0.154520408902317,0,0,0.154087007045746,0.156993655255064,0,0,0,0,0,0,0,0,0,0,0,0.21688896137476,0,0,0,0,0,0,0,0,0,0,0.287005990743637,0.237109391065706,0,0,0,0,0,0.163931405816982,0,0,0,0,0,0,0,0,0.220789571774417,0,0.199768425657281,0,0.187460456277437,0,0.309844907473873,0,0,0,0,0,0,0,0.311368435621262,0,0.213903414963306,0,0.162335483729839,0,0.251131087491744,0,0
0,0,0,0,0,0,0,0,0.193376664862488,0,0,0,0,0,0,0,0.176159787247347,0.200829301561628,0.204024601727724,0,0,0,0.231366782387098,0.154087007045746,0,0,0.154845680739429,0,0,0,0,0,0,0,0,0,0,0,0.174197074982363,0,0,0.356376568476359,0.334572562149593,0,0,0,0,0.377156063914299,0.229482546448708,0.37857823073864,0,0,0,0,0.212344565428793,0,0,0,0,0,0,0,0,0,0,0.244740786584648,0,0.237578672576705,0,0.158577915281057,0,0,0,0,0,0,0,0,0,0,0,0.216803578487069,0.166905402963938,0.161434717476368,0.222947663736937,0,0
0,0,0,0,0,0,0,0,0,0.175044783524105,0,0,0,0.191815808415413,0,0.143950100455965,0.187794178724289,0.131369256161132,0,0,0,0.152942529188529,0,0.156993655255064,0,0,0,0.163372236962725,0,0,0,0,0,0,0,0,0,0,0,0,0,0,0,0,0,0,0,0,0,0,0,0,0,0,0,0.155272608002027,0,0,0,0.194453209638596,0,0.163857916990916,0,0,0.125069898252304,0,0.157198500420366,0,0.186230301343161,0,0.175415394997055,0,0,0,0,0,0,0,0,0,0,0,0.160752446720593,0.177808349047388,0,0,0
0,0,0,0,0,0,0,0,0.174918127148899,0,0,0,0.131124604832042,0,0.128275354294793,0,0.133495187495638,0.16858953088522,0.187088936567307,0,0,0,0.124070677368749,0,0.154845680739429,0,0,0,0.137686288661577,0,0,0,0,0,0,0,0,0,0,0,0,0,0,0,0,0,0,0,0,0,0,0,0,0,0,0,0,0,0.147582645217578,0,0,0,0,0,0,0.126380953441064,0,0.193170002227028,0,0.165712959637071,0,0.135938535133998,0,0,0,0,0,0,0,0,0,0.161491863429546,0.14827830620239,0.162549187397135,0,0,0
0,0,0,0,0,0,0,0,0,0,0,0.193499936825699,0,0.130685925483704,0,0,0,0,0,0,0,0.17664990305554,0,0,0,0.163372236962725,0,0,0,0.171979183266903,0,0,0,0,0,0,0,0.162165108929246,0,0,0,0,0,0,0,0,0,0,0,0,0,0,0,0,0,0,0,0.197166933519084,0,0.170263106624285,0,0,0,0,0.173227165710038,0,0,0,0.19167522629639,0,0.198038143160097,0,0,0,0,0,0,0,0,0,0.16796106747959,0,0.159102043619862,0.169919810740344,0,0,0
0,0,0,0,0,0,0,0,0,0,0,0,0,0,0,0,0.15139313680785,0,0,0,0,0,0.136540452639262,0,0,0,0.137686288661577,0,0,0,0.130778267979622,0,0,0,0,0,0,0,0.146859876811504,0,0,0,0,0,0,0,0,0,0,0,0,0,0,0,0,0,0,0,0.170936523299468,0,0,0,0,0,0,0.178946945374295,0,0,0,0.174908719956875,0,0.185195650068699,0,0.146916039288044,0,0,0,0,0,0,0,0.160471476709996,0.156984426829804,0.170945756137371,0,0,0
0,0,0,0,0,0,0,0,0,0,0,0.148637439547615,0,0,0,0,0,0,0,0,0,0,0,0,0,0,0,0.171979183266903,0,0,0,0,0,0,0,0,0,0.171237069975447,0,0,0,0,0,0,0,0,0,0,0,0,0,0,0,0,0,0,0,0.190905601570481,0,0,0,0,0,0,0,0,0,0,0,0,0.220941488941511,0,0.201191519020991,0,0,0,0,0,0,0,0.205644909454429,0,0.139458196107731,0.145133961370026,0,0,0
0,0,0,0,0,0,0,0,0,0,0.202310635264103,0,0,0,0,0,0,0,0,0,0,0,0,0,0,0,0,0,0.130778267979622,0,0,0,0,0,0,0,0,0,0.156495117340927,0,0,0,0,0,0,0,0,0,0,0,0,0,0,0,0,0,0.23173286428429,0,0,0,0,0,0,0,0,0,0,0,0,0,0,0,0,0.213351190500303,0,0,0,0,0,0,0,0.165125695453293,0.146606117486954,0,0,0,0
0,0,0,0,0,0,0,0,0,0,0,0,0,0,0,0,0,0,0,0,0,0,0,0,0,0,0,0,0,0,0,0,0.209045046210289,0,0.241247907280922,0.233341423304457,0.15782073723991,0,0,0,0,0,0,0,0,0,0,0.28749146313808,0,0,0,0,0,0,0,0,0,0,0,0,0,0,0,0,0,0,0,0,0,0,0,0,0,0,0.179782634582555,0.201304788098616,0.150121250322887,0,0.126143330287549,0.181455220494952,0,0,0.227410888513092,0,0,0,0
0,0,0,0,0,0,0,0,0,0,0,0,0,0,0,0,0,0,0,0,0,0,0,0,0,0,0,0,0,0,0,0.209045046210289,0,0.188405073114804,0.194692146233333,0.340990737080574,0.180430473788965,0,0,0,0,0,0,0,0,0,0,0.490574769973475,0.492806313129572,0.48936910711172,0,0,0,0,0,0,0,0,0,0,0,0,0,0,0,0,0,0,0,0,0,0,0,0,0.165580449482569,0.258118811336195,0,0,0.133842669427395,0.236916887598025,0,0,0.195700546595412,0,0,0,0
0,0,0,0,0,0,0,0,0,0,0,0,0,0,0,0,0,0,0,0,0,0,0,0,0,0,0,0,0,0,0,0,0.188405073114804,0,0.230678749532369,0.177693883629508,0.186548054218292,0.234782811894751,0,0,0,0,0,0,0,0,0,0.293559074254157,0,0.432511065687452,0,0,0,0,0,0,0,0,0,0,0,0,0,0,0,0,0,0,0,0,0,0,0,0,0.284927994012833,0,0.17642338221553,0.219362169567575,0.185292924092948,0.18653617054224,0.284414176857192,0,0.152482926300386,0.223530620336533,0,0,0
0,0,0,0,0,0,0,0,0,0,0,0,0,0,0,0,0,0,0,0,0,0,0,0,0,0,0,0,0,0,0,0.241247907280922,0.194692146233333,0.230678749532369,0,0,0.181588865444064,0.170921009116703,0.233548145041992,0,0,0.361234943072001,0,0,0,0,0,0.346458295831584,0,0.543644903794579,0,0,0,0,0,0,0,0,0,0,0,0,0,0,0,0,0,0,0,0,0,0,0,0,0,0.189463564753532,0.196197213942573,0.276185227462372,0,0.204291018258248,0.164382714120781,0.268630225454336,0.204064528978481,0.198042615974715,0.35621739178896,0,0
0,0.465317130088806,0,0.351013406901292,0,0.189227981913474,0,0.151285424828529,0,0,0,0.161011611582131,0,0,0,0,0.346206027269363,0.346966048081716,0.368755422984109,0.188351852579577,0,0,0,0,0,0,0,0,0,0,0,0.233341423304457,0.340990737080574,0.177693883629508,0,0,0.202752183280469,0.182002598053956,0.197105658214175,0.271760426195604,0.351274058222771,0.315435086789369,0.306152045726776,0.347190646898179,0.341847464442253,0.340131385108599,0.329280853271484,0,0,0.338835739592711,0,0,0,0,0,0,0,0.193434574460798,0,0,0,0.373181253671646,0.20594791290943,0,0,0,0,0,0,0,0,0,0.343162635962168,0,0.335176050662994,0,0.182414895038546,0.260028756327099,0.234411632029648,0.218142126258269,0.239096139827959,0.222920820116997,0.179711133194097,0.135987164942842,0.333194176756567,0.332335884245033,0
0.391639232635498,0,0.193058952689171,0,0,0,0,0,0.355858683586121,0,0.15304265954072,0,0,0,0,0,0.396277956664562,0.392621335883935,0.383354915678501,0,0.141419881830613,0,0,0,0,0,0,0,0,0,0,0.15782073723991,0.180430473788965,0.186548054218292,0.181588865444064,0.202752183280469,0,0.216040729629723,0.203308472101205,0,0.327117536413042,0.323444187641144,0.342250996302639,0.317866563796997,0.384347184309884,0.416012912988663,0.325008509341966,0.354472488164902,0.218447593972087,0.243592409150941,0,0,0,0,0,0,0.232590824365616,0,0,0,0,0,0.397052109241486,0.169501523128291,0,0,0,0,0,0,0,0,0,0,0.118784241194342,0.222275022462923,0,0.25556932779492,0.17323311026922,0.222351042361017,0,0.260262319556833,0.203946221982373,0.199371960014105,0.283571062394633,0,0.386197279481327
0,0,0,0.355183705687523,0,0,0,0,0,0.218594246289947,0,0.149907421890229,0,0,0,0,0,0.174780905246735,0.436534394820531,0.148371580540191,0,0.248853387636545,0,0.21688896137476,0,0,0,0.162165108929246,0,0.171237069975447,0,0,0,0.234782811894751,0.170921009116703,0.182002598053956,0.216040729629723,0,0.160785418917548,0,0,0.389734923839569,0,0,0,0.345557987689972,0,0.225544668734074,0,0.480678457886942,0,0,0,0,0,0.238657705314148,0,0.139247797532789,0,0,0,0,0.200416662538728,0,0.25961323319511,0,0.288685860919124,0,0,0,0,0,0.179424369707704,0,0,0,0.24905536207833,0.216260328888893,0.215013905475072,0.23358085993174,0.238066400506748,0.160132467746735,0.16132752101593,0.15667205736225,0.209879344403744,0,0
0,0,0,0,0,0,0,0,0.240214104081858,0,0.141505304985232,0,0,0,0,0,0,0,0,0,0.133434554366838,0.166606187820435,0.205244899066815,0,0.174197074982363,0,0,0,0.146859876811504,0,0.156495117340927,0,0,0,0.233548145041992,0.197105658214175,0.203308472101205,0.160785418917548,0,0,0,0.328120350837708,0.23007932305336,0,0,0,0,0.213360669712226,0.311700113976485,0.502184703946114,0,0,0,0,0.285873378792854,0,0.137075651453312,0,0,0,0,0,0,0.121578795569284,0.148761391639709,0.340671974866663,0,0.285948668958499,0,0,0,0.247640465918396,0,0.179907511757768,0,0,0,0.249473718756979,0,0.232489779777864,0.170987306026424,0.230399795342001,0.180990718313037,0.154959301091731,0.327254907562842,0,0
0,0,0,0,0,0,0,0,0,0,0,0,0,0,0,0,0.335959285497665,0.314131408929825,0.335044254362583,0,0,0,0,0,0,0,0,0,0,0,0,0,0,0,0,0.271760426195604,0,0,0,0,0,0.319610563444567,0.279087528586388,0.333939485825025,0.244543224573135,0.222922617338953,0.255877259277528,0.529800828869875,0,0.380424228805557,0,0,0,0,0,0,0,0.356414874394735,0,0,0,0,0.274656120315194,0,0,0,0,0,0,0,0,0,0.360627084970474,0,0,0,0,0,0.320697440503049,0.396505951881409,0.456499308347702,0,0.386990628563441,0,0.244457978867198,0.329889575640361,0
0.410598868131638,0.419889837503433,0.341798863627694,0,0,0,0,0,0,0,0,0,0,0,0,0,0.403077507248292,0.325787504514058,0.364546227655895,0,0,0,0,0,0,0,0,0,0,0,0,0,0,0,0,0.351274058222771,0.327117536413042,0,0,0,0,0.293893575668335,0.320583884561949,0.281293314695358,0.331126679026826,0.237895602360368,0.3013568647639,0.235520866513252,0.220518607715214,0.307114958763123,0,0,0,0,0.309943482279778,0,0.30307007261685,0,0.302711308002472,0,0.270689874887466,0,0.411661297082901,0.251262534658114,0,0,0,0,0,0,0,0,0,0.299732744693756,0,0,0,0.367892280220985,0.395462363958359,0.25411042783024,0,0.338083161041141,0.298742934308327,0,0.318975800120777,0,0.385687310386587
0.293695569038391,0.3412040522758,0,0.300475885731078,0,0.254930198192596,0,0,0,0.267096252904998,0,0.377011835575104,0,0,0,0,0.286279185542039,0.260852573599134,0.25978812876776,0.374779821861358,0,0,0.346479974687099,0,0.356376568476359,0,0,0,0,0,0,0,0,0,0.361234943072001,0.315435086789369,0.323444187641144,0.389734923839569,0.328120350837708,0.319610563444567,0.293893575668335,0,0.24751868460664,0.252314617165929,0.27288287172192,0.295632467855868,0.308069403283298,0.493737447336433,0.345642540189955,0.396445078423742,0,0.299198612570763,0,0,0,0.232414399910914,0,0.345887690727306,0.355122715234756,0.281101634932889,0,0.24748559150754,0.36171200978364,0,0,0.351081281900406,0.324450236100417,0.350763453377618,0.22043114900589,0,0,0,0.326353468032063,0,0,0,0,0,0.304592861490743,0.33443608880043,0.413838477748813,0,0.329020474446718,0,0.337218714401239,0.23718588088392,0
0.237438373504428,0.291907042264938,0.302937481329655,0,0.259798186520735,0,0,0,0.165524742222694,0,0,0,0,0,0,0,0.325321388244629,0.288055845846732,0.280226955018828,0,0,0,0,0,0.334572562149593,0,0,0,0,0,0,0,0,0,0,0.306152045726776,0.342250996302639,0,0.23007932305336,0.279087528586388,0.320583884561949,0.24751868460664,0,0.257969396313032,0.266721205226059,0.262674026191235,0.312679149065123,0.411507617274617,0.32617299900743,0.395520620639362,0.282359617097037,0.268234252929688,0,0,0.184320436902476,0,0.370022982936038,0.297715216875076,0.343130720406771,0,0.247850796805238,0,0.362862110137939,0.316255627508977,0,0.294431492686272,0.327923029661179,0.337190444652851,0,0,0,0,0,0.387716193993886,0,0,0,0.344284915924072,0.290229221185048,0.337054296382747,0.359771952033043,0.267879492044449,0.257592480260026,0.327858120203018,0.331300346141073,0.298260897397995,0.286129520073133
0,0,0,0,0,0,0,0,0,0,0,0,0,0,0,0,0.299473702907562,0.269614258160194,0.252892695569386,0.375890960295995,0,0,0,0,0,0,0,0,0,0,0,0,0,0,0,0.347190646898179,0.317866563796997,0,0,0.333939485825025,0.281293314695358,0.252314617165929,0.257969396313032,0,0.236299223133496,0.316257304481922,0.23744224011898,0,0,0.232994766762623,0,0,0,0,0,0,0,0.375118270516396,0,0,0,0,0.381061781738096,0,0,0,0,0,0,0,0,0,0.445800840854645,0,0,0,0,0,0.36521857327818,0.335323125123978,0.43984979861661,0,0.233996762351675,0,0.291091285815293,0.263568534300878,0.250123456120491
0,0,0,0,0,0,0,0,0,0,0,0,0,0,0,0,0.336804890632629,0,0.260367864726955,0.306232571601868,0,0,0,0,0,0,0,0,0,0,0,0,0,0,0,0.341847464442253,0.384347184309884,0,0,0.244543224573135,0.331126679026826,0.27288287172192,0.266721205226059,0.236299223133496,0,0.238205244143804,0.362512704304286,0.304735779762268,0.268806248903275,0,0,0,0,0,0,0,0,0,0,0,0,0.249708667397499,0.310167253017426,0.333262179906552,0,0,0,0,0,0,0,0,0,0,0,0,0,0.384461224079132,0.310985535383224,0.400888138643976,0,0,0.219635652786209,0,0.362192559502466,0.248967528343201,0.242695873095231
0,0.346091628074646,0,0.231493808329105,0,0,0,0,0,0,0,0.293375398431505,0,0,0,0,0.322013126313686,0.293567204704651,0.299473413399288,0.321564820337008,0,0,0,0,0,0,0,0,0,0,0,0,0,0,0,0.340131385108599,0.416012912988663,0.345557987689972,0,0.222922617338953,0.237895602360368,0.295632467855868,0.262674026191235,0.316257304481922,0.238205244143804,0,0.262079284787178,0.313014775514603,0,0.258953722522539,0,0,0,0,0,0,0,0.330538498285489,0,0,0,0,0.269591306285555,0,0,0,0,0,0,0,0,0,0.353815358877182,0,0,0,0,0,0.322785609604,0.385472238063812,0.398850594661129,0,0.268793123712142,0,0.277200408458525,0.26327933371067,0
0,0,0.269823461771011,0,0,0,0,0,0,0,0,0,0,0,0,0,0.341711393424443,0.328335881233215,0.334136270011058,0,0.205243110656738,0,0,0,0,0,0,0,0,0,0,0,0,0,0,0.329280853271484,0.325008509341966,0,0,0.255877259277528,0.3013568647639,0.308069403283298,0.312679149065123,0.23744224011898,0.362512704304286,0.262079284787178,0,0.303090993847166,0.264765293091193,0.268409950658679,0.294449776411057,0,0,0,0.309601813554764,0,0.314385151711561,0,0,0,0,0,0.344244778156281,0.273790014007534,0,0,0,0,0,0,0,0,0,0.331878650933504,0,0,0,0,0,0.309095837669743,0,0.333818213283261,0.285333292224468,0,0.333826204804196,0,0.306271466612816
0.38983491063118,0,0,0,0,0,0,0,0,0,0,0,0,0,0,0,0,0,0,0,0,0,0,0,0.377156063914299,0,0,0,0,0,0,0.28749146313808,0.490574769973475,0.293559074254157,0.346458295831584,0,0.354472488164902,0.225544668734074,0.213360669712226,0.529800828869875,0.235520866513252,0.493737447336433,0.411507617274617,0,0.304735779762268,0.313014775514603,0.303090993847166,0,0.375424592496891,0.506630077314474,0,0,0,0,0.320359364151955,0,0.406233161687851,0.326132237911224,0,0,0,0,0,0,0,0.343610713879267,0,0.408341127634048,0,0,0,0,0,0,0.28859128427068,0.380756973979546,0.218407365587519,0.288595153432753,0.504795660059782,0.29345732206079,0.380499039466182,0.427832573652267,0.437004066228581,0.257978579827717,0.508344626764385,0,0.465284230077968
0.188833663063328,0,0.209011457829555,0,0,0,0,0,0,0,0,0,0,0,0,0,0,0,0.295091047883034,0,0,0,0.235114168902342,0.287005990743637,0.229482546448708,0,0,0,0,0,0,0,0.492806313129572,0,0,0,0.218447593972087,0,0.311700113976485,0,0.220518607715214,0.345642540189955,0.32617299900743,0,0.268806248903275,0,0.264765293091193,0.375424592496891,0,0.307940755568644,0.218380399048328,0,0,0,0.187183380126953,0,0.296094470064748,0,0.25346524150748,0,0.207351450290945,0,0,0.30301508307457,0,0.25747500534635,0,0.271386238607182,0,0.184142608816425,0,0.276773504046507,0,0.320680040606233,0,0.501517544190089,0,0,0,0.186193086829958,0,0.26588777267454,0.357141336085882,0,0.277009773439137,0.301632717251778,0.301983700444301
0,0.178426698354402,0.313435256481171,0.235433250665665,0,0,0,0,0,0.24244127529008,0,0,0,0,0,0,0.35346316297849,0,0.282011765986681,0.304984718561172,0,0.300241277227557,0,0.237109391065706,0.37857823073864,0,0,0,0,0,0,0,0.48936910711172,0.432511065687452,0.543644903794579,0.338835739592711,0.243592409150941,0.480678457886942,0.502184703946114,0.380424228805557,0.307114958763123,0.396445078423742,0.395520620639362,0.232994766762623,0,0.258953722522539,0.268409950658679,0.506630077314474,0.307940755568644,0,0,0,0,0,0,0.280087947845459,0,0.307023671303092,0.362786680459976,0.166292905807495,0,0.207039007917047,0.357383857667446,0,0.299557276844204,0.393092304468155,0.257445698509416,0.418533235788345,0.254713340600332,0,0.218944305088371,0,0.311216550258299,0,0.383491903543472,0,0,0,0.363785598759956,0.276507777827127,0.394146205308576,0,0.482749039220772,0,0.348993677041614,0.332975550244252,0
0,0,0.254983479052098,0,0.195253384151684,0,0.291624590754509,0,0,0,0.319023445248604,0,0,0,0,0,0,0,0.336997151374817,0,0.308341632286708,0,0,0,0,0,0,0,0,0,0,0,0,0,0,0,0,0,0,0,0,0,0.282359617097037,0,0,0,0.294449776411057,0,0.218380399048328,0,0,0,0.271072846591979,0,0.228167941172918,0,0.292513421039,0,0.252273815328425,0,0.23534201375921,0,0,0.300981571276983,0,0,0,0,0,0,0,0,0,0,0,0,0,0,0,0.275859281420708,0,0,0.160814004805353,0,0.290362768212579,0,0.295828521251678
0,0,0,0.21866864307982,0,0.168221544044522,0,0.197530632217725,0,0.190777810556548,0,0.192850477165646,0,0,0,0,0,0,0,0.298394352197647,0,0,0,0,0,0,0,0,0,0,0,0,0,0,0,0,0,0,0,0,0,0.299198612570763,0.268234252929688,0,0,0,0,0,0,0,0,0,0,0.222027665449798,0,0,0,0.231562383048275,0,0.254853289574385,0,0,0.320738717913628,0,0,0,0,0,0,0,0,0,0.316251287857691,0,0,0,0,0,0,0,0.343811869621277,0,0.153030378123124,0,0.242404797673225,0,0
0,0,0,0,0.235051333904266,0,0.223813234379998,0,0,0,0.191439170922552,0,0,0,0,0,0,0,0,0,0,0,0,0,0,0,0,0,0,0,0,0,0,0,0,0,0,0,0,0,0,0,0,0,0,0,0,0,0,0,0.271072846591979,0,0,0,0,0,0.235689641203734,0,0.254111017783483,0,0,0,0,0.181440591812134,0,0,0,0,0,0,0,0,0,0,0,0,0,0,0,0,0,0,0,0,0,0,0
0,0,0,0,0,0.168473467230797,0,0.194470028347168,0,0,0,0.175167620182037,0,0,0,0,0,0,0,0,0,0,0,0,0,0,0,0,0,0,0,0,0,0,0,0,0,0,0,0,0,0,0,0,0,0,0,0,0,0,0,0.222027665449798,0,0,0,0,0,0.203553310312178,0,0,0,0,0.165505474616944,0,0,0,0,0,0,0,0,0,0,0,0,0,0,0,0,0,0,0,0.179245099425316,0,0,0,0
0.197031232101532,0,0.196656777167026,0,0.147671411434809,0,0,0,0.212492249416182,0,0,0,0,0,0.143263913691044,0,0.176660661207567,0,0.279868334531784,0,0,0,0,0,0.212344565428793,0,0,0,0,0,0,0,0,0,0,0,0,0,0.285873378792854,0,0.309943482279778,0,0.184320436902476,0,0,0,0.309601813554764,0.320359364151955,0.187183380126953,0,0.228167941172918,0,0,0,0,0,0.276729999317063,0,0,0,0.215421409115896,0,0,0.256860345602036,0,0,0,0.280658985650729,0,0,0,0,0,0,0,0,0,0.265778732299805,0,0.276060529053211,0,0.330747295601176,0.170947357794134,0,0.219637012394036,0,0.256793493032455
0,0.159118158013924,0,0.193001726908343,0,0.182923098405202,0,0,0,0.200730823357504,0,0,0,0,0,0.194350248823563,0.163571715354919,0.175043993834722,0.212878853082657,0,0,0,0,0.163931405816982,0,0.155272608002027,0,0,0,0,0,0,0,0,0,0,0,0.238657705314148,0,0,0,0.232414399910914,0,0,0,0,0,0,0,0.280087947845459,0,0,0,0,0,0,0,0.295240887573787,0,0,0,0.200988613505097,0.307438552379608,0,0,0,0.261957134159966,0,0.231469854424077,0,0,0,0.305514097213745,0,0,0,0,0,0,0,0.249081444577314,0,0.197129515541591,0,0.179673976885776,0.2626140832901,0
0.255577754761492,0,0.302307917950625,0,0.224380880594254,0,0.200994240549894,0,0,0,0.213520952353653,0,0.157269836648514,0,0,0,0.358300924301147,0,0.38557607377017,0,0.202955585718155,0,0,0,0,0,0,0,0,0,0.23173286428429,0,0,0,0,0,0.232590824365616,0,0.137075651453312,0,0.30307007261685,0,0.370022982936038,0,0,0,0.314385151711561,0.406233161687851,0.296094470064748,0,0.292513421039,0,0.235689641203734,0,0.276729999317063,0,0,0,0.271550490399418,0,0.265071173012257,0,0,0.287129346069282,0,0,0,0,0,0,0,0,0,0.307280385997933,0,0,0,0,0,0.282164658920698,0,0.136822956944666,0.363356868295293,0,0.303797380363848,0,0.378483210885248
0,0.246132632344961,0,0.298871984368821,0,0.19258615848693,0,0.204174346088814,0,0,0,0.196168293492857,0,0,0,0,0.32189080119133,0.348154410719872,0.386394998909515,0.182724503966851,0,0,0,0,0,0,0,0.197166933519084,0,0.190905601570481,0,0,0,0,0,0.193434574460798,0,0.139247797532789,0,0.356414874394735,0,0.345887690727306,0.297715216875076,0.375118270516396,0,0.330538498285489,0,0.326132237911224,0,0.307023671303092,0,0.231562383048275,0,0.203553310312178,0,0.295240887573787,0,0,0,0.220265480613559,0,0.225294331827807,0.31286078094129,0,0,0,0,0,0,0,0.384125955700874,0,0.272369097021161,0,0,0,0,0,0.347862922093447,0,0.383415197134018,0,0.254848121980042,0.147510215640068,0.318814351293908,0.370576024517532,0
0.233923370018601,0,0.287099903210616,0,0,0,0.21745190769434,0,0,0,0.170088937973867,0,0.174569151383273,0,0.177456347478761,0,0,0,0.294294506311417,0,0,0,0,0,0,0,0.147582645217578,0,0.170936523299468,0,0,0,0,0,0,0,0,0,0,0,0.302711308002472,0.355122715234756,0.343130720406771,0,0,0,0,0,0.25346524150748,0.362786680459976,0.252273815328425,0,0.254111017783483,0,0,0,0.271550490399418,0,0,0,0.222980517019396,0,0,0,0,0,0,0,0,0,0,0.192842155694962,0,0,0,0,0,0,0,0,0,0,0.181848624324212,0.27601416905721,0.2680373744053,0,0.365949481725693
0,0.186878195275431,0,0.30015883843104,0,0,0,0.138602048158646,0,0,0,0.175308234923416,0,0.152243011516699,0,0.159132577478886,0,0,0,0,0,0,0,0,0,0.194453209638596,0,0.170263106624285,0,0,0,0,0,0,0,0,0,0,0,0,0,0.281101634932889,0,0,0,0,0,0,0,0.166292905807495,0,0.254853289574385,0,0,0,0,0,0.220265480613559,0,0,0,0.180598948218606,0,0,0,0,0,0,0.201042760908604,0,0.444139109513202,0,0,0,0,0,0,0,0,0,0,0,0.154569986643213,0.166567906737328,0.223014881461859,0,0
0.19529157334589,0,0.217297401559386,0,0,0,0,0,0.227570258170725,0,0,0,0.148985940296918,0,0.196616373770403,0,0.138594460399712,0,0,0,0,0,0,0,0,0,0,0,0,0,0,0,0,0,0,0,0,0,0,0,0.270689874887466,0,0.247850796805238,0,0,0,0,0,0.207351450290945,0,0.23534201375921,0,0,0,0.215421409115896,0,0.265071173012257,0,0.222980517019396,0,0,0,0,0,0,0,0,0,0,0,0,0,0,0.304059346516927,0,0,0,0,0,0,0,0,0.141152629477752,0,0.246071787344085,0,0.27396215001742
0,0.164846051501836,0,0.242761471483015,0,0,0,0,0,0.186612353778221,0,0,0,0.170379146846414,0,0.167646425776184,0,0.162688369381017,0.27015146613121,0,0,0,0,0,0,0.163857916990916,0,0,0,0,0,0,0,0,0,0.373181253671646,0,0,0,0,0,0.24748559150754,0,0,0.249708667397499,0,0,0,0,0.207039007917047,0,0,0,0,0,0.200988613505097,0,0.225294331827807,0,0.180598948218606,0,0,0.328906267881393,0,0,0,0.229736897965957,0,0.223529249429703,0,0,0,0.248430110514164,0,0,0,0,0,0.323764935135841,0,0.342993304133415,0,0.171165391250893,0.189797136187553,0.1834685570034,0,0
0,0.362180769443512,0,0.337376855313778,0,0,0,0.181625196710229,0,0,0,0.232022340590264,0,0,0,0,0.342956585884094,0.333360993862152,0.376821358561072,0.247462140601636,0,0,0,0,0,0,0,0,0,0,0,0,0,0,0,0.20594791290943,0.397052109241486,0.200416662538728,0,0.274656120315194,0.411661297082901,0.36171200978364,0.362862110137939,0.381061781738096,0.310167253017426,0.269591306285555,0.344244778156281,0,0,0.357383857667446,0,0.320738717913628,0,0.165505474616944,0,0.307438552379608,0,0.31286078094129,0,0,0,0.328906267881393,0,0,0,0,0,0,0,0,0,0,0.341940863277522,0,0,0,0,0,0.275763463035508,0.388715550303459,0.389477128485839,0,0.277359379159373,0,0.350490630974454,0.400323651126913,0
0.304732471704483,0,0.288800096511841,0,0.30867862701416,0,0,0,0,0,0.1321343453601,0,0,0,0,0,0,0,0.304903021743221,0,0.166225778626871,0,0,0,0,0,0,0,0,0,0,0,0,0,0,0,0.169501523128291,0,0.121578795569284,0,0.251262534658114,0,0.316255627508977,0,0.333262179906552,0,0.273790014007534,0,0.30301508307457,0,0.300981571276983,0,0.181440591812134,0,0.256860345602036,0,0.287129346069282,0,0,0,0,0,0,0,0,0,0,0,0,0,0,0,0,0.354392600556215,0,0,0,0,0,0.260745374023621,0,0.286562912875698,0.148430651418634,0,0.291404734115202,0,0.293795555830002
0,0,0,0,0,0,0,0,0,0,0,0,0,0,0,0,0,0.131753671382155,0,0,0,0.19295983383266,0.109027159710725,0.220789571774417,0,0.125069898252304,0,0.173227165710038,0,0,0,0,0,0,0,0,0,0.25961323319511,0.148761391639709,0,0,0,0,0,0,0,0,0,0,0.299557276844204,0,0,0,0,0,0,0,0,0,0,0,0,0,0,0,0,0.2082262385318,0,0.245877844884115,0,0.2534020175131,0,0,0,0,0,0,0,0,0,0.29166630567402,0,0.150640377021023,0.169458072851686,0.241459542512894,0,0
0,0,0,0,0,0,0,0,0,0,0,0,0,0,0,0,0.114556809266408,0,0,0,0,0.147884791096052,0.21009042516336,0,0.244740786584648,0,0.126380953441064,0,0.178946945374295,0,0,0,0,0,0,0,0,0,0.340671974866663,0,0,0.351081281900406,0.294431492686272,0,0,0,0,0.343610713879267,0.25747500534635,0.393092304468155,0,0,0,0,0,0,0,0,0,0,0,0,0,0,0,0,0,0.228075145902397,0,0.217517586063969,0,0.207124497920652,0,0,0,0,0,0,0,0,0,0.27087943095191,0.158069714932598,0.165695084337617,0.286329579539597,0,0
0,0,0,0,0,0,0,0,0,0.170188855607899,0,0,0,0,0,0,0,0.154574133455753,0.269197970628738,0,0,0.18417404171748,0,0.199768425657281,0,0.157198500420366,0,0,0,0,0,0,0,0,0,0,0,0.288685860919124,0,0,0,0.324450236100417,0.327923029661179,0,0,0,0,0,0,0.257445698509416,0,0,0,0,0,0.261957134159966,0,0,0,0,0,0.229736897965957,0,0,0.2082262385318,0,0,0,0.243513903552805,0,0.351526490347401,0,0,0,0,0,0,0,0,0,0.261251226268797,0,0.168911760428856,0,0.309869605199068,0.244646018743515,0
0,0,0,0,0,0,0,0,0.243549178540707,0,0,0,0,0,0,0,0.158189659288456,0.179020213229316,0,0,0,0,0.230950471107699,0,0.237578672576705,0,0.193170002227028,0,0,0,0,0,0,0,0,0,0,0,0.285948668958499,0,0,0.350763453377618,0.337190444652851,0,0,0,0,0.408341127634048,0.271386238607182,0.418533235788345,0,0,0,0,0.280658985650729,0,0,0,0,0,0,0,0,0,0,0.228075145902397,0,0,0,0.221408382850759,0,0,0,0,0,0,0,0.209470063447952,0,0,0,0.287219072098176,0.216757582604583,0,0.282420962455854,0,0
0,0,0,0,0,0,0,0,0,0.159087594704969,0,0,0,0,0,0,0.167719818651676,0.150396647599508,0.197374939918518,0,0,0.172855890194575,0,0.187460456277437,0,0.186230301343161,0,0.19167522629639,0,0,0,0,0,0,0,0,0,0,0,0,0,0.22043114900589,0,0,0,0,0,0,0,0.254713340600332,0,0,0,0,0,0.231469854424077,0,0,0,0.201042760908604,0,0.223529249429703,0,0,0.245877844884115,0,0.243513903552805,0,0,0,0.266854506878813,0,0,0,0,0,0,0,0,0,0.288613438606262,0,0.173120360725965,0.185634168982506,0.280735145509243,0,0
0,0,0,0,0,0,0,0,0.16864113509655,0,0,0,0.129713440934817,0,0.148381351919497,0,0.134063819943763,0.187461405992508,0,0,0,0,0.131628619134426,0,0.158577915281057,0,0.165712959637071,0,0.174908719956875,0,0,0,0,0,0,0,0,0,0,0,0,0,0,0,0,0,0,0,0.184142608816425,0,0,0,0,0,0,0,0,0,0,0,0,0,0,0,0,0.217517586063969,0,0.221408382850759,0,0,0,0.196571362706331,0,0,0,0,0,0,0,0,0,0,0.170584824714643,0.147285133600235,0,0,0
0,0.183214068412781,0,0,0,0,0,0,0,0,0,0.182982864124434,0,0.122872643172741,0,0,0,0,0,0,0,0.210538812086616,0,0.309844907473873,0,0.175415394997055,0,0.198038143160097,0,0.220941488941511,0,0,0,0,0,0,0,0,0,0,0,0,0,0,0,0,0,0,0,0.218944305088371,0,0,0,0,0,0,0,0.384125955700874,0,0.444139109513202,0,0,0,0,0.2534020175131,0,0.351526490347401,0,0.266854506878813,0,0,0,0.179234816506505,0,0,0,0,0,0,0,0.198410486312289,0,0.170060954217253,0.158540928657626,0,0,0
0,0,0,0,0,0,0,0,0,0,0,0,0.16393515765667,0,0,0,0,0,0,0,0,0,0.171572427423787,0,0,0,0.135938535133998,0,0.185195650068699,0,0,0,0,0,0,0,0,0,0.247640465918396,0,0,0,0,0,0,0,0,0,0.276773504046507,0,0,0,0,0,0,0,0,0,0.192842155694962,0,0,0,0,0,0,0.207124497920652,0,0,0,0.196571362706331,0,0,0,0.241316670110059,0,0,0,0,0,0,0,0.269667030313929,0.144903694589933,0.173722296953201,0,0,0
0,0.308795668184757,0,0.315839526693473,0,0.298133879899979,0,0,0,0,0,0.211893240172489,0,0,0,0,0,0,0.388669360677401,0.288785348335902,0,0,0,0,0,0,0,0,0,0.201191519020991,0,0,0,0,0,0.343162635962168,0,0.179424369707704,0,0.360627084970474,0,0.326353468032063,0,0.445800840854645,0,0.353815358877182,0,0,0,0.311216550258299,0,0.316251287857691,0,0,0,0.305514097213745,0,0.272369097021161,0,0,0,0.248430110514164,0.341940863277522,0,0,0,0,0,0,0,0.179234816506505,0,0,0,0,0,0,0,0.336462458968163,0,0.197384138139758,0,0.218442880186964,0.164533649297322,0.325567352539259,0.357451017697652,0
0,0,0.316171460918018,0,0,0,0,0,0,0,0.264090417325497,0,0,0,0,0,0,0,0.422893464565277,0,0,0,0,0,0,0,0,0,0.146916039288044,0,0.213351190500303,0,0,0,0,0,0,0,0.179907511757768,0,0.299732744693756,0,0.387716193993886,0,0,0,0.331878650933504,0,0.320680040606233,0,0,0,0,0,0,0,0.307280385997933,0,0,0,0.304059346516927,0,0,0.354392600556215,0,0,0,0,0,0,0,0.241316670110059,0,0,0,0,0,0,0,0.299861712889238,0,0.192899538708731,0.378484979271889,0,0.349941433639498,0,0.398023227850596
0,0,0,0,0,0,0,0,0,0,0,0,0,0,0,0,0,0,0,0,0,0,0,0,0,0,0,0,0,0,0,0.179782634582555,0.165580449482569,0.284927994012833,0,0.335176050662994,0.118784241194342,0,0,0,0,0,0,0,0,0,0,0.28859128427068,0,0.383491903543472,0,0,0,0,0,0,0,0,0,0,0,0,0,0,0,0,0,0,0,0,0,0,0,0,0,0.128782724858158,0.342718108570208,0,0.260192214269338,0.138554649427533,0,0,0.200595675584148,0,0,0,0
0,0,0,0,0,0,0,0,0,0,0,0,0,0,0,0,0,0,0,0,0,0,0,0,0,0,0,0,0,0,0,0.201304788098616,0.258118811336195,0,0.189463564753532,0,0.222275022462923,0,0,0,0,0,0,0,0,0,0,0.380756973979546,0.501517544190089,0,0,0,0,0,0,0,0,0,0,0,0,0,0,0,0,0,0,0,0,0,0,0,0,0,0.128782724858158,0,0,0.28253179976995,0,0.256302587469237,0,0,0.188334741443396,0,0,0,0
0,0,0,0,0,0,0,0,0,0,0,0,0,0,0,0,0,0,0,0,0,0,0,0,0,0,0,0,0,0,0,0.150121250322887,0,0.17642338221553,0.196197213942573,0.182414895038546,0,0.24905536207833,0,0,0,0,0,0,0,0,0,0.218407365587519,0,0,0,0,0,0,0,0,0,0,0,0,0,0,0,0,0,0,0,0,0,0,0,0,0,0,0.342718108570208,0,0,0.207901700683262,0.31053588246645,0,0.315221041863001,0,0.156669828569752,0,0,0,0
