0,0,694.610302567482,0,7.05183291435242,0,0,0,493.289753764868,0,0,0,0,0,1,0,0,0,0,0,0,0,0,0,0,0,0,0,0,0,0,0,0,0,0,0,0,0,0,0,0,0,14.575991243124,0,0,0,0,0,460.585888460279,0,0,0,0,0,351.037538513541,0,0,0,0.424026399850845,0,67.5566237717867,0,0,0,0,0,0,0,0,0,0,0,0,0,0,0,0,0,0,0,0,0,250.513737022877,0,24.0818323493004,0,0
0,0,0,135.180292069912,0,0,0,0,0,64.2607873082161,0,0,0,0,0,0,0,0,26.8233087211847,0,0,0,0,1.38105389475822,0,0,0,0,0,0,0,0,0,0,0,0,0,4.89925368130207,0,0,0,203.696885317564,0,0,0,21.1503577232361,0,0,0,205.901482641697,0,0,0,0,0,293.834478348494,0,20.3109887838364,0,3.1080229729414,0,1.70788651704788,2.31628580391407,0,0,0,0.57933384180069,0,0,0,0,0,0,0,0,0,0,0,11.0821594148874,0,1.39038234949112,0,112.235024109483,0,472.972592249513,0,0
694.610302567482,0,0,1.43750977516174,171.766753271222,0,0,0,155.113456040621,0,0,0,0,0,0,0,0,0,0,0,0.36333155632019,0,0,0,0,0,0,0,0,0,0,0,0,0,0,0,0,0,0,0,0,0,2.04119910299778,0,0,0,3.01273566484451,0,126.864819526672,0,93.7690320760012,0,0,0,258.051359921694,0,1.9240984916687,0.607428312301636,0.145412996411324,0,0,0,0,0.987389907240868,0,0,0,0,0,0,0,0,0,0.180839031934738,0,0.183178529143333,0,0,0,0.145569443702698,0,0,78.0043885111809,0,353.757100149989,0,0.191766858100891
0,135.180292069912,1.43750977516174,0,1.38432669639587,4.29049634933472,0,0,0,113.405246853828,0,0.583831906318665,0,0,0,0,0,0,0,19.1941866576672,0,0,0,0,0,0,0,0,0,0,0,0,0,0,0,10.6820684373379,0,1.22902864217758,0.150118544697762,55.1206661164761,0.167797774076462,15.6378595679998,0.137457072734833,0,0,39.4649630486965,8.31711181998253,0,0.209034532308578,222.618765540421,3.23825652897358,142.233037233353,0,0,0,137.94588381052,2.34576144814491,41.1895781904459,0.461678385734558,107.914145410061,0,62.2497284114361,9.41162358224392,3.58605146408081,0,0,0,0,0,0,1.17449522018433,0,11.4368322342634,0,0,0,0,0,29.6435081064701,0.116065375506878,0.807287007570267,0,111.594997048378,0,357.165764644742,5.51350903511047,0
7.05183291435242,0,171.766753271222,1.38432669639587,0,0,0,0,61.6073690056801,0,0.660615220665932,0,0,0,0,0,0,0,0,0,111.200442880392,0,0,0,0,0,0,0,0,0,0,0,0,0,0,0.130922690033913,0.15420800447464,0,0,0,0.933675676584244,0,4.51206070184708,0,0,1.69052910804749,10.1772412210703,0,7.65705567598343,0,139.601131558418,0,0,0,11.1749407052994,0,3.88436369597912,0,30.9510735273361,0,45.5947722196579,0,0,222.730525419116,0,0,0,0,0,0,0,0,0,0.526154100894928,0,0.413029134273529,0,0,0,2.050406858325,0,0.271723419427872,106.822473496199,0,342.901279374957,0,0
0,0,0,4.29049634933472,0,0,0,0,0,18.5232362747192,0,0,0,1.96676516532898,0,0,0,0,0,0,0,0,0,0,0,0,0,0,0,0,0,0,0,0,0,131.410057127476,0,0,0,0,0,0,0,0,0,0,0,0,0,0,0,220.173539221287,0,0,0,1,0,0,0,21.6250197589397,0,0,0,0,0,0,0,0,0,0,0,0,0,0,0,0,0,0,37.6526913940907,0,0,0,237.799297988415,3.5590603351593,0.650281310081482,0,0
0,0,0,0,0,0,0,0,0,0,303.526432991028,0,0,0,0,0,0,0,0,0,0,0,0,0,0,0,0,0,0,0,0,0,0,0,0,0,0,0,0,0,0,0,0,0,0,0,0,0,0,0,0,0,275.652911245823,0,0,0,40.2461987137794,0,18.6540369987488,0,0,0,0,21.1058755517006,0,0,0,0,0,0,0,0,0,0,0,0,0,0,0,0,0,0,18.7401794195175,0,0,0,0
0,0,0,0,0,0,0,0,0,0,0,5.01909840106964,0,25.5363612174988,0,0,0,0,0,0,0,0,0,0,0,0,0,0,0,0,0,0,0,0,0,3.30938047170639,0,0,0,0,0,0,0,0,0,0,0,0,0,0,0,0,0,47.3404769897461,0,0,0,14.7165546417236,0,7.49079346656799,0,0,0,0,0,0,0,0,0,0,0,0,0,0,0,0,0,0,4.60518702864647,0,0,0,78.0508303642273,0,0,0,0
493.289753764868,0,155.113456040621,0,61.6073690056801,0,0,0,0,0,0,0,0,0,98.1529642641544,0,1140.844351843,173.79092425108,71.5885852724314,0,0,7.96346540749073,139.552114337683,7.93029996752739,256.884004116058,4.40324485301971,206.34707736969,0,0,0,0,0,0,0,0,0,0,0,103.247984409332,0,0,0,1.61706691980362,0,0,0.752740174531937,0,0,3.33681923151016,0,34.962554499507,0,0,0,786.135081425309,0,2.28086459636688,0,0,0,95.1442717313766,0,0,0,0,0.527491569519043,0,14.0973143577576,0,91.1475066244602,0,0,0,0.582262396812439,0,0,0,0,0,0,0,40.5354918837547,902.447989955544,13.5848365426064,255.354943335056,0,0
0,64.2607873082161,0,113.405246853828,0,18.5232362747192,0,0,0,0,0,0,0,0,0,130.86348181963,0,0,0,0,0,0,0,24.4533098340034,0,1.47093196213245,0,0,0,0,0,0,0,0,0,0,0,25.7631543576717,0,0,0,5.12095302343369,0,0,0,0,0,0.810699582099915,0,0.692890048027039,0,53.5848109722137,0,0,0,973.844376116991,0,0,0,0,0,453.337357401848,0,0,0,0,43.9269916415215,0,16.3692923784256,0,0,0,0,0,0,0,0,0,0,0,23.9909120798111,0,129.157589644194,0,30.350766569376,0,0
0,0,0,0,0.660615220665932,0,303.526432991028,0,0,0,0,0,37.4613052606583,0,0,0,0,0,0,0,268.079982966185,0,0,0,0,0,0,0,13.6294074058533,0,120.683212444186,0,0,0,0,0,126.302428245544,0,654.848993852735,0,2.74462404102087,0,0,0,0,0,46.2967621162534,0.126356080174446,0.322224698960781,0,0.693455576896667,0,69.1105521321297,0,0.170568272471428,0,1636.54900284111,0,0,0,0,0,0,102.513645663857,0,0,0,0,0,0,0,0,0,129.014760270715,0,1.84324233233929,0,0,0,8.15373149514198,0,169.027574017644,578.869492717087,0,14.5703662633896,0,4.4198505282402
0,0,0,0.583831906318665,0,0,0,5.01909840106964,0,0,0,0,0,337.251271232963,0,0,0,0,1.48280107975006,315.488761857152,0,0,0,0,0,0,0,0,0,94.5894001275301,0,0,0,0,0,16.780560337007,0,1090.6201447472,0,0.0986877828836441,0,3.76080077886581,0,0.653893232345581,0,38.3617995679379,0,0,0,1.05232392251492,0,0.948875576257706,0,101.422175884247,0,0,0,3153.17626938224,0,275.934146106243,0,0,220.933910496533,0,0,0,0,0,0,0,0,0,163.951084703207,0,0,0,0,0,18.4775736555457,0,124.877389490604,0,1412.4348873049,32.6047234535217,104.981966502964,5.13729184865952,0
0,0,0,0,0,0,0,0,0,0,37.4613052606583,0,0,0,16.7943521738052,0,0,0,0,0,0,0,0,0,0,0,0,0,8.71529388427734,0,0,0,0,0,0,0,0,0,0,0,0,0,0,0,0,0,0,0,0,0,0,0,6.21687841415405,0,0,0,0.685868322849274,0,414.809229701757,0,0.434521943330765,0,0,0,0,0,0,0,0,0,0,0,0,0,0,0,0,0,0,0,0,0,60.3743073344231,0,0,0,0
0,0,0,0,0,1.96676516532898,0,25.5363612174988,0,0,0,337.251271232963,0,0,0,21.0295456647873,0,0,0,0,0,0,0,0,0,0,0,5.80924111604691,0,88.5345210880041,0,0,0,0,0,0,0,0,0,0,0,0,0,0,0,0,0,0,0,0,0,3.5406736433506,0,0,0,0,0,38.2346103042364,0,1127.24666130543,0,0,0,0,0,0,0,0,0,0,6,0,17.8920396268368,0,0,0,0,0,0,0,0,0,287.920243144035,92.4237005710602,0,0,0
1,0,0,0,0,0,0,0,98.1529642641544,0,0,0,16.7943521738052,0,0,0,345.221317619085,35.0907518863678,36.6223195195198,0,0,0,55.2955852150917,0,28.7168501615524,0,115.875073462725,0,0,0,0,0,0,0,0,0,0,0,0,0,0,0,0,0,0,0,0,0,0,0,0,0,0,0,30.6280700564384,0,0,0,0,0,368.101966619492,0,0,0,0,0,0,0,0,51.1614062786102,0,0,0,0,0,0,0,0,0,0,0,0,268.928589403629,0,0,0,0
0,0,0,0,0,0,0,0,0,130.86348181963,0,0,0,21.0295456647873,0,0,11.5668416023254,42.84853926301,1.53937530517578,0,0,0,0,5.84732961654663,0,2.14457225799561,0,0,0,0,0,0,0,0,0,0,0,0,0,0,0,0,0,0,0,0,0,0,0,0,0,0,0,0,0,35.7689812779427,0,0,0,15.2362814545631,0,105.777705848217,0,0,0,0,0,0,82.5877418220043,0,0,0,0,0,0,0,0,0,0,0,0,0,36.8512899279594,3.61699485778809,0,0,0
0,0,0,0,0,0,0,0,1140.844351843,0,0,0,0,0,345.221317619085,11.5668416023254,0,11747.8230588436,4855.2458833307,0,0,41.0206227600574,2007.27471537888,107.944691628218,534.037806779146,52.7970110625029,2218.25029247999,0,0,0,0,0,0,0,0,0,0.797077476978302,0,0,2.31587122380733,23.0906636863947,2.38947953283787,23.5088764429092,17.3605392277241,7.82958443462849,70.3062165528536,17.704489171505,0,0,0,0,0,0,0,53.996368765831,0,0,0,0,0,125.707898974419,0,5.03854638338089,2.84702098369598,0,44.9376653134823,21.4130296111107,0,0.730944156646729,909.079611167312,0,0,0,0,0,1.36970522999763,0,0.354712575674057,22.4329130351543,27.1628009974957,0,0,6917.77701987326,2.99453954398632,89.7672041207552,0,3.73916602134705
0,0,0,0,0,0,0,0,173.79092425108,0,0,0,0,0,35.0907518863678,42.84853926301,11747.8230588436,0,5621.75565303862,0,0,409.635480105877,345.783372551203,479.646700695157,58.0388727784157,952.643226951361,200.192273437977,0,0,0,0,0,0,0,0,0,0.175684943795204,0,0,0,14.0683853775263,4.29094448685646,8.03116351366043,10.579396545887,12.5667527914047,57.2226774543524,8.05734165012836,0,0.358396768569946,0.246940553188324,0,0,0,0,13.1106932163239,0,0.725904047489166,0,0,0,12.2936860918999,30.8868078589439,4.26259985566139,2.47976166009903,0,7.95131146907806,50.2095676958561,0,114.960675224662,52.9869574159384,0,0,0,0,0,0.41113717854023,0,0,18.8570459932089,20.5460123568773,0,0,7772.09636092186,27.971984654665,76.4068306088448,0,0
0,26.8233087211847,0,0,0,0,0,0,71.5885852724314,0,0,1.48280107975006,0,0,36.6223195195198,1.53937530517578,4855.2458833307,5621.75565303862,0,7.05941161513329,0,8.63134920597076,56.4188374578953,2.31399494409561,3.50560931861401,33.0151926875114,81.7212465405464,0,0,0,0,0,1.7138138115406,0,0,1.6300452798605,84.0864269435406,12.1712618768215,3.01976841688156,91.9951228797436,594.841635704041,752.736559957266,979.273333013058,354.241641506553,152.39315085113,2140.26930564642,255.911791503429,6.91755674779415,26.7447097152472,7.3136460185051,0,0,0,0,1.68534046411514,0,16.3445078730583,11.2436526417732,0,0,19.4493531286716,0,260.736869320273,59.304195150733,0,0,0,0,0,34.778060734272,0,0,15.3071777522564,11.7462515830994,0,124.947325311601,0,50.5832853019238,1178.65842078626,986.513572543859,95.7751618027687,10.7043983340263,4743.16555339098,60.8626216426492,3693.37237387896,123.472811505198,26.8987202346325
0,0,0,19.1941866576672,0,0,0,0,0,0,0,315.488761857152,0,0,0,0,0,0,7.05941161513329,0,0,0,0,0,0,0,0,0,0,0,0,0,0,0,0,1281.14459097385,0,530.441798627377,0,0.856657616794109,0,12.0732264965773,0,0.414091050624847,0,314.605954378843,0.17602764070034,0,0,0.800149187445641,0,0.633921712636948,0,0,0,0,0,431.33857960254,0,3.91728828847408,0,0,1718.20374513417,0,0,0,0,0,0,0,1.86464321613312,0,23.7775014489889,0,0,0,0,0,1263.04345470667,0,157.932750582695,0,326.572358697653,0,266.347934663296,15.003099411726,0
0,0,0.36333155632019,0,111.200442880392,0,0,0,0,0,268.079982966185,0,0,0,0,0,0,0,0,0,0,0,0,0,0,0,0,0,0,0,0,0,0,0,0,0,1379.19208947569,0,499.16202031076,9.09221649169922,6.01622477173805,0,1.83703500032425,0,1.50589638948441,0.148371055722237,242.276718012989,0,1.57352566719055,0,12.3015242367983,0,0,0,0.19496251642704,0,104.879911288619,0,1.14700897037983,0,0,0,0,1408.35792860389,0,0,0,0,0,0,0,0,0,33.0261131078005,0,4.09130872040987,0,0,0,988.68125885725,0,362.463240206242,150.51819743216,0.325909048318863,230.485073193908,0,0
0,0,0,0,0,0,0,0,7.96346540749073,0,0,0,0,0,0,0,41.0206227600574,409.635480105877,8.63134920597076,0,0,0,161.625611782074,47.8989476412535,0,93.2948216199875,0,521.775885045528,0,0,0,0,0,0,0,0,0,1006.23117846251,55.2088426351547,0,0,0,0,0,0,0.310323864221573,0,3.95284409821033,0,179.287398010492,0,0,0,0,0,0,0,1.31883549690247,0,0,0,0,0,0,4474.8013048023,0,59.8541524261236,0,7.66884177923203,1.89946174621582,221.720873534679,0,0,0,0,0,0,0,0,0,752.329720944166,0,1009.37586712837,44.3900122642517,31.9846227169037,0,0
0,0,0,0,0,0,0,0,139.552114337683,0,0,0,0,0,55.2955852150917,0,2007.27471537888,345.783372551203,56.4188374578953,0,0,161.625611782074,0,0.884617626667023,194.078915059566,0,541.584862291813,0,31.4523591995239,0,0,0,0,0,0.396989554166794,0,0,0,784.352085784078,0,0,0,0,0,0,1.7572408914566,0,0.304944515228271,35.718700170517,0,0,0,0,0,14.5584363639355,0,0,0,0,0,1.53072202205658,0,0,0.53523987531662,9.45720529556274,4769.96783491969,0,1.78751742839813,0,238.879842042923,0,1.01682817935944,0,0,0,0,0,0,0,0,0,615.861156672239,1541.73117621243,11.6542944908142,2.54915505647659,0,0
0,1.38105389475822,0,0,0,0,0,0,7.93029996752739,24.4533098340034,0,0,0,0,0,5.84732961654663,107.944691628218,479.646700695157,2.31399494409561,0,0,47.8989476412535,0.884617626667023,0,4.23277163505554,192.725706368685,0,0,0,0,0,0,0,0,0,0,0,281.267168402672,0,0,0,0,0,3.33203315734863,0.838525533676147,0,0,4.30417229235172,0,44.0723770856857,0,0,0,0,0,31.719823256135,0,0,0,0,0,0,0,0.608363449573517,48.4008811414242,0,204.454629823565,0,231.681330412626,0.769934773445129,4.14462959766388,0,0,0,0,0,0,0,0,0,95.7280304431915,0,294.177543982863,0,118.72751480341,0,0
0,0,0,0,0,0,0,0,256.884004116058,0,0,0,0,0,28.7168501615524,0,534.037806779146,58.0388727784157,3.50560931861401,0,0,0,194.078915059566,4.23277163505554,0,2.04482817649841,236.264156699181,0,0,0,0,0,0,0,0,0,0,0,45.0225624889135,0,0,0,0.455568581819534,0,0,0.214922711253166,0,11.066081315279,104.910782396793,0,0,0,0,0,57.7596589922905,0,0,0,0,0,4.73180264234543,0,0,0,0,15.7694416046143,0,139.855710744858,0,108.173946142197,0,0,0,0,0,0,0,0,0,0,0,48.7984299659729,855.113150835037,0,25.606425434351,0,0
0,0,0,0,0,0,0,0,4.40324485301971,1.47093196213245,0,0,0,0,0,2.14457225799561,52.7970110625029,952.643226951361,33.0151926875114,0,0,93.2948216199875,0,192.725706368685,2.04482817649841,0,0,172.487521886826,0,0,0,0,0,0,0,0,0,0,0,0,0,0,0,0,0,0,0,0,0,0,0,0,0,0,0,3.40692688524723,0,0,0,0,0,1.28086936473846,0,0,14.7155778408051,0,54.4053174704313,0,136.309064865112,0,0,0,0,0,0,0,0,0,0,0,0,0,57.3465958833694,0,0,0,0
0,0,0,0,0,0,0,0,206.34707736969,0,0,0,0,0,115.875073462725,0,2218.25029247999,200.192273437977,81.7212465405464,0,0,0,541.584862291813,0,236.264156699181,0,0,0,49.2363703250885,0,0,0,0,0,0,0,0,0,0,0,0,3.27167916297913,0,0,0,2.45571899414062,2.21360766887665,0,0,0,0,0,0,0,22.5360407531261,0,0,0,0,0,35.2237874269485,0,0,0,0,36.5192338228226,0,0,0,789.309227287769,0,153.599188327789,0,0,0,0,0,0,0,0,0,0,649.857337549329,0,0.94380134344101,0,0
0,0,0,0,0,0,0,0,0,0,0,0,0,5.80924111604691,0,0,0,0,0,0,0,521.775885045528,0,0,0,172.487521886826,0,0,0,128.893610835075,0,0,0,0,0,0,0,97.8938269615173,0,0,0,0,0,0,0,0,0,0,0,0,0,0,0,0,0,0,0,0,0,75.8115365505219,0,0,0,0,80.4942412376404,0,0,0,100.909444093704,0,1183.28818653524,0,8.07182750105858,0,0,0,0,0,0,0,237.268749162555,0,88.1234292984009,60.7271776199341,0,0,0
0,0,0,0,0,0,0,0,0,0,13.6294074058533,0,8.71529388427734,0,0,0,0,0,0,0,0,0,31.4523591995239,0,0,0,49.2363703250885,0,0,0,153.967933148146,0,0,0,0,0,0,0,221.805824071169,0,0,0,0,0,0,0,0,0,0,0,0,0,0,0,0,0,0,0,0,0,0,0,0,0,0,83.1890735626221,0,0,0,28.8120565414429,0,270.924070477486,0,84.1598006188869,0,0,0,0,0,0,0,497.240296706557,50.3734387159348,11.1536741256714,0,0,0
0,0,0,0,0,0,0,0,0,0,0,94.5894001275301,0,88.5345210880041,0,0,0,0,0,0,0,0,0,0,0,0,0,128.893610835075,0,0,0,0,0,0,0,0,0,106.404509931803,0,0,0,0,0,0,0,0,0,0,0,0,0,0,0,0,0,0,0,52.1788732409477,0,107.405802518129,0,0,0,0,0,0,0,0,0,0,435.70184803009,0,972.337066054344,0,0,0,0,0,0,0,77.5353158563375,0,169.503093183041,2,0,0,0
0,0,0,0,0,0,0,0,0,0,120.683212444186,0,0,0,0,0,0,0,0,0,0,0,0,0,0,0,0,0,153.967933148146,0,0,0,0,0,0,0,0,0,194.242391109467,0,0,0,0,0,0,0,0,0,0,0,0,0,0,0,0,0,157.733177185059,0,0,0,0,0,0,0,0,0,0,0,0,0,0,2.32058376073837,0,679.307349041104,0,0,0,0,0,0,0,60.6317440420389,13.304344817996,0,0,0,0
0,0,0,0,0,0,0,0,0,0,0,0,0,0,0,0,0,0,0,0,0,0,0,0,0,0,0,0,0,0,0,0,275.05888146162,6.23604345321655,0,612.640439867973,0,0,0,0,0,0,0,0,0,0,0,172.893030703068,0,7.7313973903656,0,0,0,0,0,0,0,0,0,0,0,0,0,0,0,0,0,0,0,0,0,0,0,0,750.983261957765,179.38400965929,4.55874192714691,0,750.976406112313,0,0,0,599.640538394451,0,0,0,0
0,0,0,0,0,0,0,0,0,0,0,0,0,0,0,0,0,0,1.7138138115406,0,0,0,0,0,0,0,0,0,0,0,0,275.05888146162,0,27.7032730579376,31.1868675351143,0,57.0072825849056,0,0,5.38358083367348,0,0.254054099321365,0,0,0,0,0.208433911204338,3395.41087114811,0.588014617562294,18.4166430830956,0,0,0,0,0,0,0,0,0,0,0,0,0,0.148136556148529,0,0,0,0,0,0,0,0,0,0,0,757.870873719454,0,10.4410043954849,9.2441633939743,454.930511295795,0,0,626.337168514729,1.32549154758453,0,0,0
0,0,0,0,0,0,0,0,0,0,0,0,0,0,0,0,0,0,0,0,0,0,0,0,0,0,0,0,0,0,0,6.23604345321655,27.7032730579376,0,917.70487460494,237.383720934391,0.442662805318832,315.252849280834,2.02865886688232,0,0,0,0,0,0,0,0,917.690034419298,0,8.56604552268982,0,0,0,0,0,0,0,0,0,0,0,0,0,0,0,0,0,0,0,0,0,0,0,0,245.654684454203,0,1312.89540450275,26.8624563217163,1037.50721372664,0,268.157776609063,6.67780482769012,460.519423097372,0,0,0,0
0,0,0,0,0,0,0,0,0,0,0,0,0,0,0,0,0,0,0,0,0,0,0.396989554166794,0,0,0,0,0,0,0,0,0,31.1868675351143,917.70487460494,0,40.9071220159531,947.809801653028,109.917040586472,318.622658595443,0,0,0,2.72905898094177,0,0.53337436914444,0,5.40327224135399,4415.0016387254,11.6617781072855,3.17793866991997,0,0,0,0,0,0,0,0,0,0,0,0,0,0,0,0.399247586727142,0,0,0,0,0,0,0,0,0,54.0353057980537,234.010244071484,1588.03889724612,0,245.049365609884,0,580.674369320273,900.34062717855,1.24046911299229,13.6061064898968,0,0
0,0,0,10.6820684373379,0.130922690033913,131.410057127476,0,3.30938047170639,0,0,0,16.780560337007,0,0,0,0,0,0,1.6300452798605,1281.14459097385,0,0,0,0,0,0,0,0,0,0,0,612.640439867973,0,237.383720934391,40.9071220159531,0,139.181550532579,2430.97896870226,0,17.7493268102407,0,17.4749978557229,0,0,0,265.417002573609,1.02104246616364,71.626417323947,2.93723726272583,78.4105815812945,0,2.60989682376385,0,0,0,0,0,34.0457109436393,0,4.8811090067029,0,11.2155286073685,1250.65253525972,0,0,0,0,0,0,0,1.38268110156059,0,5.35183078795671,0,56.4248913526535,0.933656752109528,38.2115341722965,1.05780529975891,17292.3213503882,20.6771037578583,1319.37219140679,0,2953.14552044123,32.9827060699463,183.306213259697,7.10766710340977,0
0,0,0,0,0.15420800447464,0,0,0,0,0,126.302428245544,0,0,0,0,0,0.797077476978302,0.175684943795204,84.0864269435406,0,1379.19208947569,0,0,0,0,0,0,0,0,0,0,0,57.0072825849056,0.442662805318832,947.809801653028,139.181550532579,0,0,1389.50243902951,0,17.7895007580519,0,109.54035166651,0,44.4503521770239,0.432027652859688,471.996387258172,77.6670558452606,3.12678050994873,4.79305458068848,1.14246171712875,0,0,0,0,0,88.6120041832328,0,0.215134426951408,0,0,0,0,394.417457684875,0,0,0,0,0,0,0,0,0,1.8716356754303,0,194.120691344142,0,173.158963941038,69.7920982241631,22764.1891909614,0,293.409134477377,3963.04407222569,55.8571569621563,191.751174539328,0,2.83164528012276
0,4.89925368130207,0,1.22902864217758,0,0,0,0,0,25.7631543576717,0,1090.6201447472,0,0,0,0,0,0,12.1712618768215,530.441798627377,0,1006.23117846251,0,281.267168402672,0,0,0,97.8938269615173,0,106.404509931803,0,0,0,315.252849280834,109.917040586472,2430.97896870226,0,0,206.046466350555,4.22495859861374,0,18.0890764594078,0,1.68856725096703,0,205.042051658034,0,217.571633502841,0,583.705493465066,0,0,0,0,0,166.691720664501,0,423.292301610112,0,0,0,0,710.921340368688,0,507.907648995519,0,128.281352370977,0,0,0,0.870047450065613,0,13.3624358177185,0,0,0,186.518052071333,0,721.515269480646,0,13768.3286556974,11.0217405557632,1992.06048697233,86.9995947480202,352.261741280556,22.8591584265232,0
0,0,0,0.150118544697762,0,0,0,0,103.247984409332,0,654.848993852735,0,0,0,0,0,0,0,3.01976841688156,0,499.16202031076,55.2088426351547,784.352085784078,0,45.0225624889135,0,0,0,221.805824071169,0,194.242391109467,0,0,2.02865886688232,318.622658595443,0,1389.50243902951,206.046466350555,0,0,5.12558573484421,0,166.50176563859,0,5.36122179031372,0,26.5521255880594,342.012388557196,363.749510765076,0,0.118766084313393,0,0,0,1.59402008354664,0,106.052681520581,0,0.229275912046432,0,0,0,0,91.5612260550261,0,242.092773586512,0,2.29880702495575,0,0,0,14.186680495739,0,111.942618921399,0,1.88234214484692,0,622.259632229805,0,1356.33688461035,50.4902486801147,11271.9064382613,1784.46142432839,8.34345918893814,286.730446070433,0,0
0,0,0,55.1206661164761,0,0,0,0,0,0,0,0.0986877828836441,0,0,0,0,2.31587122380733,0,91.9951228797436,0.856657616794109,9.09221649169922,0,0,0,0,0,0,0,0,0,0,0,5.38358083367348,0,0,17.7493268102407,0,4.22495859861374,0,0,0.746630728244781,223.35331966728,5.37997770309448,13.7806570380926,0,301.396288171411,16.1771242618561,265.859984487295,18.0393643379211,766.710742801428,0,1.21076063811779,0,0,0,0,4.00468066334724,3.00345906615257,6.07063579559326,2.11135737597942,0,1.14958509802818,148.957008607686,7.34989857673645,0,0,0,0,0,0,0,0,41.0867284238338,0,0,13.3763431310654,0,0,555.66415797919,1.64563083648682,123.180027186871,0,38.3742098212242,0,1312.94576523453,25.2857306748629,0
0,0,0,0.167797774076462,0.933675676584244,0,0,0,0,0,2.74462404102087,0,0,0,0,0,23.0906636863947,14.0683853775263,594.841635704041,0,6.01622477173805,0,0,0,0,0,0,0,0,0,0,0,0,0,0,0,17.7895007580519,0,5.12558573484421,0.746630728244781,0,4.22032219171524,1604.25312080979,2.71288728713989,205.286509901285,21.6414831131697,710.878546848893,15.4728508144617,733.530463725328,0,3.42540843784809,0,0,0,0,0,7.53549146652222,0,0,0,0,0,3.1761889308691,171.326113082469,0,0,0,0,0,0,0,0,0,6.02015490084887,0,16.6300228834152,0,3.58834475278854,17.1083116680384,840.338543005288,0,184.653926923871,83.4605077058077,2.23196608573198,1702.73361560702,0,123.535810045898
0,203.696885317564,0,15.6378595679998,0,0,0,0,0,5.12095302343369,0,3.76080077886581,0,0,0,0,2.38947953283787,4.29094448685646,752.736559957266,12.0732264965773,0,0,0,0,0,0,3.27167916297913,0,0,0,0,0,0.254054099321365,0,0,17.4749978557229,0,18.0890764594078,0,223.35331966728,4.22032219171524,0,459.806793928146,154.327395617962,1.47867572307587,706.016565054655,7.92850992083549,53.4576743245125,1.38183724880219,929.644119940698,0.219927817583084,0,0,0,0,0,0,276.372880026698,0,31.5303586125374,0,5.58360868692398,119.742722243071,0,0,0,0,0,0,0,9.94685041904449,0,113.507799655199,0,0,1.40794777870178,0,0,1754.09868955612,9.56807717680931,139.819954544306,0,1016.27183169127,4.52173292636871,6647.52259489894,1186.71867668629,0
14.575991243124,0,2.04119910299778,0.137457072734833,4.51206070184708,0,0,0,1.61706691980362,0,0,0,0,0,0,0,23.5088764429092,8.03116351366043,979.273333013058,0,1.83703500032425,0,0,0,0.455568581819534,0,0,0,0,0,0,0,0,0,2.72905898094177,0,109.54035166651,0,166.50176563859,5.37997770309448,1604.25312080979,459.806793928146,0,4.03057137131691,150.305930197239,42.8875742703676,171.594336092472,101.247042641044,1045.27658711374,0.403386846184731,5.10375571995974,0,0,0,0.517973214387894,0,132.269637912512,0,2.70943392813206,0,0,0,6.58810169994831,199.991169542074,0,0.386042773723602,0,0,0,0,0,0,0,170.194807708263,0,223.194023877382,0,84.2282352000475,8.70628061890602,1650.08536049724,0,18.2743910104036,897.064669698477,2.37429308891296,6469.99257841706,2.70334653556347,1013.75396759808
0,0,0,0,0,0,0,0,0,0,0,0.653893232345581,0,0,0,0,17.3605392277241,10.579396545887,354.241641506553,0.414091050624847,0,0,0,3.33203315734863,0,0,0,0,0,0,0,0,0,0,0,0,0,1.68856725096703,0,13.7806570380926,2.71288728713989,154.327395617962,4.03057137131691,0,0,284.362972199917,0,0,0,1.47161257266998,0,0,0,0,0,0,0,0.719736516475677,0,0,0,0,26.6236030459404,0,0,0,0,0,0,0,0,0,0.904042780399323,0,0,0,0,1.84227812290192,222.557634532452,3.78413918614388,6.86581607162952,0,37.5702339708805,0,562.586805582047,12.6307921409607,0
0,0,0,0,0,0,0,0,0,0,0,0,0,0,0,0,7.82958443462849,12.5667527914047,152.39315085113,0,1.50589638948441,0,0,0.838525533676147,0,0,0,0,0,0,0,0,0,0,0.53337436914444,0,44.4503521770239,0,5.36122179031372,0,205.286509901285,1.47867572307587,150.305930197239,0,0,13.7229121774435,17.8143170177937,3.43071806430817,8.57424595952034,0,0,0,0,0,0,0,35.9845614433289,0,0,0,0,0,1.3901422470808,6.45531606674194,0,0,0,0,0,0,0,0,0,18.4768519997597,0,51.4891521930695,0,31.3745973557234,8.52626617252827,411.212371438742,0,7.80042827129364,37.2922881022096,1.39695440232754,588.908362522721,0,7.23694032430649
0,21.1503577232361,0,39.4649630486965,1.69052910804749,0,0,0,0.752740174531937,0,0,38.3617995679379,0,0,0,0,70.3062165528536,57.2226774543524,2140.26930564642,314.605954378843,0.148371055722237,0.310323864221573,1.7572408914566,0,0.214922711253166,0,2.45571899414062,0,0,0,0,0,0,0,0,265.417002573609,0.432027652859688,205.042051658034,0,301.396288171411,21.6414831131697,706.016565054655,42.8875742703676,284.362972199917,13.7229121774435,0,39.9419322758913,6.52926370501518,7.62007427215576,76.9710797592998,0.174865424633026,0.526323318481445,0,0,0,0,12.0719957649708,63.2564964815974,2.27957534790039,0,0,0,1025.66177581251,23.1558537557721,0,0,0,0,0,0,0,0,38.873372733593,0,0,3.58567927777767,0,0.742082059383392,3548.35653136671,34.7614917308092,656.395783185959,0,355.398316420615,1.53724747896194,1947.06621795148,127.3431019485,0.179675251245499
0,0,3.01273566484451,8.31711181998253,10.1772412210703,0,0,0,0,0,46.2967621162534,0,0,0,0,0,17.704489171505,8.05734165012836,255.911791503429,0.17602764070034,242.276718012989,0,0,0,0,0,2.21360766887665,0,0,0,0,0,0.208433911204338,0,5.40327224135399,1.02104246616364,471.996387258172,0,26.5521255880594,16.1771242618561,710.878546848893,7.92850992083549,171.594336092472,0,17.8143170177937,39.9419322758913,0,4.45395202934742,67.1560891419649,3.88748648762703,9.82006376981735,0,0,0,0.364524647593498,0,233.805729597807,0.864924818277359,4.43414954841137,0,0,0,3.32691204547882,1230.55512166023,0,0,0,0,0,0,0,0,0,146.527288861573,0,383.313753016293,0,83.9024215266109,9.5300595164299,3356.09314581007,0,88.0980720072985,192.443658798933,6.27769214659929,2213.54122470319,0,17.8070549443364
0,0,0,0,0,0,0,0,0,0.810699582099915,0.126356080174446,0,0,0,0,0,0,0,6.91755674779415,0,0,3.95284409821033,0.304944515228271,4.30417229235172,11.066081315279,0,0,0,0,0,0,172.893030703068,3395.41087114811,917.690034419298,4415.0016387254,71.626417323947,77.6670558452606,217.571633502841,342.012388557196,265.859984487295,15.4728508144617,53.4576743245125,101.247042641044,0,3.43071806430817,6.52926370501518,4.45395202934742,0,1112.95788778365,3849.84137906134,0,0,0,0,0,2.24963569641113,0.945088878273964,0.130130559206009,0,0,0,0,3.92300792783499,0.389775924384594,7.84792156517506,7.94284844398499,3.56668516993523,0,0,0,1.1558510363102,0,0.890174120664597,0,248.86046397686,6392.50967997313,359.422286957502,1273.23788812757,6012.83503481746,940.218194335699,2948.96812714636,1151.70278257132,3278.26399320364,0,818.88114258647,3.91360840201378,0.226159200072289
460.585888460279,0,126.864819526672,0.209034532308578,7.65705567598343,0,0,0,3.33681923151016,0,0.322224698960781,0,0,0,0,0,0,0.358396768569946,26.7447097152472,0,1.57352566719055,0,35.718700170517,0,104.910782396793,0,0,0,0,0,0,0,0.588014617562294,0,11.6617781072855,2.93723726272583,3.12678050994873,0,363.749510765076,18.0393643379211,733.530463725328,1.38183724880219,1045.27658711374,0,8.57424595952034,7.62007427215576,67.1560891419649,1112.95788778365,0,12.2192843556404,6.97695806622505,0,0,0,0.147406607866287,0,25.3058804869652,0,68.5326614826918,0,85.1906082779169,0,0,40.5858057066798,0,24.1156693100929,0,18.3377988934517,0,0,0,0,0,1.07480462640524,0,3.47874790430069,0,36.0727853924036,10.5060646533966,420.361383281648,0,541.630640298128,616.479121372104,0,1211.14877318591,0,17.8571352362633
0,205.901482641697,0,222.618765540421,0,0,0,0,0,0.692890048027039,0,1.05232392251492,0,0,0,0,0,0.246940553188324,7.3136460185051,0.800149187445641,0,179.287398010492,0,44.0723770856857,0,0,0,0,0,0,0,7.7313973903656,18.4166430830956,8.56604552268982,3.17793866991997,78.4105815812945,4.79305458068848,583.705493465066,0,766.710742801428,0,929.644119940698,0.403386846184731,1.47161257266998,0,76.9710797592998,3.88748648762703,3849.84137906134,12.2192843556404,0,1.23217570781708,17.9184666723013,0,0,0,72.6787177324295,7.13712137937546,130.028353601694,0,252.135806150734,0,117.786103606224,28.1763763353229,2.56783938407898,225.301332935691,0,186.863900944591,0,6.80280244350433,0,201.650950342417,0,62.6413946375251,0,9.65384051203728,39.5416616201401,7.02014756202698,5.64783155918121,3561.66348011047,4.11043262481689,2255.58627914637,0,1602.08637353778,11.6607266366482,1701.28583650291,14.9779812991619,0
0,0,93.7690320760012,3.23825652897358,139.601131558418,0,0,0,34.962554499507,0,0.693455576896667,0,0,0,0,0,0,0,0,0,12.3015242367983,0,0,0,0,0,0,0,0,0,0,0,0,0,0,0,1.14246171712875,0,0.118766084313393,0,3.42540843784809,0.219927817583084,5.10375571995974,0,0,0.174865424633026,9.82006376981735,0,6.97695806622505,1.23217570781708,0,0,0,0,8.35506403446198,0,64.5936928242445,0.159818693995476,119.534882009029,0,39.7049236297607,0,0,71.3603387698531,0,0,0,0,0,0,0,0,0,6.20881408452988,0,0.743864275515079,0,0.369976609945297,0.511952936649323,6.28978963941336,0,0.93440380692482,13.3728760480881,1.05970752239227,250.80150860548,0,0.197560340166092
0,0,0,142.233037233353,0,220.173539221287,0,0,0,53.5848109722137,0,0.948875576257706,0,3.5406736433506,0,0,0,0,0,0.633921712636948,0,0,0,0,0,0,0,0,0,0,0,0,0,0,0,2.60989682376385,0,0,0,1.21076063811779,0,0,0,0,0,0.526323318481445,0,0,0,17.9184666723013,0,0,0,0,0,0,0.139661014080048,239.099381476641,0,157.32199344039,0,9.02256202697754,0.23230467736721,0,0,0,0,0,0,0,0,0,0,0,0,0,0,0,4.50392270088196,0,0,0,242.685630351305,0,18.4786133319139,0,0
0,0,0,0,0,0,275.652911245823,0,0,0,69.1105521321297,0,6.21687841415405,0,0,0,0,0,0,0,0,0,0,0,0,0,0,0,0,0,0,0,0,0,0,0,0,0,0,0,0,0,0,0,0,0,0,0,0,0,0,0,0,0,0,0,28.8658345937729,0,4.73049235343933,0,0,0,0,0,0,0,0,0,0,0,0,0,0,0,0,0,0,0,0,0,0,0,33.2379928827286,0,0,0,0
0,0,0,0,0,0,0,47.3404769897461,0,0,0,101.422175884247,0,0,0,0,0,0,0,0,0,0,0,0,0,0,0,0,0,0,0,0,0,0,0,0,0,0,0,0,0,0,0,0,0,0,0,0,0,0,0,0,0,0,0,0,0,74.728907763958,0,0,0,0,0,0,0,0,0,0,0,0,0,0,0,0,0,0,0,0,0,0,0,0,2.08061957359314,0,0,0,0
351.037538513541,0,258.051359921694,0,11.1749407052994,0,0,0,786.135081425309,0,0.170568272471428,0,0,0,30.6280700564384,0,53.996368765831,13.1106932163239,1.68534046411514,0,0.19496251642704,0,14.5584363639355,0,57.7596589922905,0,22.5360407531261,0,0,0,0,0,0,0,0,0,0,0,1.59402008354664,0,0,0,0.517973214387894,0,0,0,0.364524647593498,0,0.147406607866287,0,8.35506403446198,0,0,0,0,0,1.61390483379364,0,0,0,15.9239038825035,0,0,0.628354102373123,0,0,0,112.170609772205,0,27.8906601667404,0,0,0,1.1810939013958,0,0,0,0,0,0.115941978991032,0,0.417888432741165,184.581173852086,0,86.0463861525059,0,0
0,293.834478348494,0,137.94588381052,0,1,0,0,0,973.844376116991,0,0,0,0,0,35.7689812779427,0,0,0,0,0,0,0,31.719823256135,0,3.40692688524723,0,0,0,0,0,0,0,0,0,0,0,166.691720664501,0,0,0,0,0,0,0,0,0,2.24963569641113,0,72.6787177324295,0,0,0,0,0,0,0,0,0,0,0,545.29714101553,0,0,0,0,199.340202748775,0,60.0683284252882,0,0,0,0,0,0,0,0,0,0,0,268.000111579895,0,115.28468349576,0,154.38796941936,0,0
0,0,1.9240984916687,2.34576144814491,3.88436369597912,0,40.2461987137794,0,2.28086459636688,0,1636.54900284111,0,0.685868322849274,0,0,0,0,0.725904047489166,16.3445078730583,0,104.879911288619,0,0,0,0,0,0,0,0,0,157.733177185059,0,0,0,0,0,88.6120041832328,0,106.052681520581,4.00468066334724,7.53549146652222,0,132.269637912512,0,35.9845614433289,12.0719957649708,233.805729597807,0.945088878273964,25.3058804869652,7.13712137937546,64.5936928242445,0.139661014080048,28.8658345937729,0,1.61390483379364,0,0,2.17230397462845,144.01280862093,0,1.47288364171982,0,0.2437893897295,251.408427469432,0,0,0,0,0,0,0,0,0,851.611214250326,0,5.87003128230572,0,1.41561737656593,1.28462453186512,45.4058125242591,0,242.348801851273,107.123298048973,0,1072.9454344064,0,22.2887089252472
0,20.3109887838364,0.607428312301636,41.1895781904459,0,0,0,14.7165546417236,0,0,0,3153.17626938224,0,38.2346103042364,0,0,0,0,11.2436526417732,431.33857960254,0,1.31883549690247,0,0,0,0,0,0,0,52.1788732409477,0,0,0,0,0,34.0457109436393,0,423.292301610112,0,3.00345906615257,0,276.372880026698,0,0.719736516475677,0,63.2564964815974,0.864924818277359,0.130130559206009,0,130.028353601694,0.159818693995476,239.099381476641,0,74.728907763958,0,0,2.17230397462845,0,0.146786540746689,351.924119964242,0,8.5735327899456,962.988943807781,0.382398620247841,0,0,0,0,0,0,273.306425988674,0,1264.55903841555,0,0,0,0,0,156.490856178105,2.93589377403259,147.902694627643,0,339.273497186601,0,1902.78605639935,137.005595192313,0
0.424026399850845,0,0.145412996411324,0.461678385734558,30.9510735273361,0,18.6540369987488,0,0,0,0,0,414.809229701757,0,0,0,0,0,0,0,1.14700897037983,0,0,0,0,0,0,0,0,0,0,0,0,0,0,0,0.215134426951408,0,0.229275912046432,6.07063579559326,0,0,2.70943392813206,0,0,2.27957534790039,4.43414954841137,0,68.5326614826918,0,119.534882009029,0,4.73049235343933,0,0,0,144.01280862093,0.146786540746689,0,0,63.5368715971708,0,0,0.753707036375999,0,0,0,0,0,0,0,3.98675033450127,0,1.22641451656818,0,0.252124182879925,0,0,0,1.33545604348183,0,0.352130472660065,111.980067789555,0,63.4061757773161,0,0
0,3.1080229729414,0,107.914145410061,0,21.6250197589397,0,7.49079346656799,0,0,0,275.934146106243,0,1127.24666130543,0,15.2362814545631,0,0,0,3.91728828847408,0,0,0,0,0,0,0,75.8115365505219,0,107.405802518129,0,0,0,0,0,4.8811090067029,0,0,0,2.11135737597942,0,31.5303586125374,0,0,0,0,0,0,0,252.135806150734,0,157.32199344039,0,0,0,0,0,351.924119964242,0,0,0,36.9586637765169,13.5350677743554,0,0,0,0,0,0,0,16.977907627821,0,11.8154391050339,0,0,0,0,0,6.11849400401115,0,0,0,70.2218494415283,43.2415771484375,264.991337895393,1.99734407663345,0
67.5566237717867,0,0,0,45.5947722196579,0,0,0,95.1442717313766,0,0,0,0.434521943330765,0,368.101966619492,0,125.707898974419,12.2936860918999,19.4493531286716,0,0,0,1.53072202205658,0,4.73180264234543,0,35.2237874269485,0,0,0,0,0,0,0,0,0,0,0,0,0,0,0,0,0,0,0,0,0,85.1906082779169,0,39.7049236297607,0,0,0,15.9239038825035,0,1.47288364171982,0,63.5368715971708,0,0,0,0,0,0,0,0,0,0,43.5514743328094,0,0,0,0,0,0,0,0,0,0,0,0,45.5794000923634,0,0,0,0
0,1.70788651704788,0,62.2497284114361,0,0,0,0,0,453.337357401848,0,0,0,0,0,105.777705848217,0,30.8868078589439,0,0,0,0,0,0,0,1.28086936473846,0,0,0,0,0,0,0,0,0,11.2155286073685,0,0,0,1.14958509802818,0,5.58360868692398,0,0,0,0,0,0,0,117.786103606224,0,9.02256202697754,0,0,0,545.29714101553,0,8.5735327899456,0,36.9586637765169,0,0,0.271229058504105,0,0,0,0,0,131.106734722853,0,0,0,0,0,0,0,0,0,0.219696745276451,0,0,0,12.6325241327286,0,20.8532238304615,0,0
0,2.31628580391407,0,9.41162358224392,0,0,0,0,0,0,0,220.933910496533,0,0,0,0,5.03854638338089,4.26259985566139,260.736869320273,1718.20374513417,0,0,0,0,0,0,0,0,0,0,0,0,0,0,0,1250.65253525972,0,710.921340368688,0,148.957008607686,3.1761889308691,119.742722243071,6.58810169994831,26.6236030459404,1.3901422470808,1025.66177581251,3.32691204547882,3.92300792783499,0,28.1763763353229,0,0.23230467736721,0,0,0,0,0.2437893897295,962.988943807781,0,13.5350677743554,0,0.271229058504105,0,0.373532593250275,0,0,0,0,0,0,6.45154206454754,0,196.407728537917,0,0,0.137863352894783,0,0,3425.84344180673,6.33308903872967,701.338900052011,0,107.97560801357,0.399682074785233,848.057391822338,36.6880338639021,0
0,0,0.987389907240868,3.58605146408081,222.730525419116,0,21.1058755517006,0,0,0,102.513645663857,0,0,0,0,0,2.84702098369598,2.47976166009903,59.304195150733,0,1408.35792860389,0,0.53523987531662,0.608363449573517,0,0,0,0,0,0,0,0,0.148136556148529,0,0,0,394.417457684875,0,91.5612260550261,7.34989857673645,171.326113082469,0,199.991169542074,0,6.45531606674194,23.1558537557721,1230.55512166023,0.389775924384594,40.5858057066798,2.56783938407898,71.3603387698531,0,0,0,0.628354102373123,0,251.408427469432,0.382398620247841,0.753707036375999,0,0,0,0.373532593250275,0,0,0,0,0,0,0,0,0,0,31.5367400497198,0,41.3845944404602,0,0.302481278777122,1.37932986021042,4405.02235034108,0,99.0251101702452,315.96489649266,1.26703406870365,1132.43432521075,0,9.42485575377941
0,0,0,0,0,0,0,0,0,0,0,0,0,0,0,0,0,0,0,0,0,4474.8013048023,9.45720529556274,48.4008811414242,0,14.7155778408051,0,80.4942412376404,0,0,0,0,0,0,0,0,0,507.907648995519,0,0,0,0,0,0,0,0,0,7.84792156517506,0,225.301332935691,0,0,0,0,0,0,0,0,0,0,0,0,0,0,0,0,197.51193498075,0,115.848506733775,0,802.14247186482,0,0.372680693864822,0,0,0,0,0,0,0,803.997500002384,0,85.2188564538956,0,29.2446415573359,0,0
0,0,0,0,0,0,0,0,0.527491569519043,0,0,0,0,0,0,0,44.9376653134823,7.95131146907806,0,0,0,0,4769.96783491969,0,15.7694416046143,0,36.5192338228226,0,83.1890735626221,0,0,0,0,0,0.399247586727142,0,0,0,242.092773586512,0,0,0,0.386042773723602,0,0,0,0,7.94284844398499,24.1156693100929,0,0,0,0,0,0,0,0,0,0,0,0,0,0,0,0,0,0,0,0,170.056603610516,0,5.8800747692585,0,0,0,0,0,0,0,0,0,649.794721364975,230.708294272423,0,2.02828997373581,0,0
0,0.57933384180069,0,0,0,0,0,0,0,43.9269916415215,0,0,0,0,0,0,21.4130296111107,50.2095676958561,0,0,0,59.8541524261236,0,204.454629823565,0,54.4053174704313,0,0,0,0,0,0,0,0,0,0,0,128.281352370977,0,0,0,0,0,0,0,0,0,3.56668516993523,0,186.863900944591,0,0,0,0,0,199.340202748775,0,0,0,0,0,0,0,0,197.51193498075,0,0,0,567.096516624093,0,147.279895067215,0,0,0,0,0,0,0,0,0,275.361973047256,0,26.1958209574223,0,383.349903836846,0,0
0,0,0,0,0,0,0,0,14.0973143577576,0,0,0,0,0,0,0,0,0,0,0,0,0,1.78751742839813,0,139.855710744858,0,0,0,0,0,0,0,0,0,0,0,0,0,2.29880702495575,0,0,0,0,0,0,0,0,0,18.3377988934517,0,0,0,0,0,112.170609772205,0,0,0,0,0,0,0,0,0,0,0,0,0,0,37.1616874933243,0,0,0,0,0,0,0,0,0,0,0,3.27993983030319,102.194675803185,0,1.7108761370182,0,0
0,0,0,0,0,0,0,0,0,16.3692923784256,0,0,0,0,0,82.5877418220043,0.730944156646729,114.960675224662,0,0,0,7.66884177923203,0,231.681330412626,0,136.309064865112,0,100.909444093704,0,0,0,0,0,0,0,0,0,0,0,0,0,0,0,0,0,0,0,0,0,6.80280244350433,0,0,0,0,0,60.0683284252882,0,0,0,0,0,131.106734722853,0,0,115.848506733775,0,567.096516624093,0,0,0,221.130662187934,0,0,0,0,0,0,0,0,0,0,0,17.7871634364128,0,0,0,0
0,0,0,0,0,0,0,0,91.1475066244602,0,0,0,0,0,51.1614062786102,0,909.079611167312,52.9869574159384,34.778060734272,0,0,1.89946174621582,238.879842042923,0.769934773445129,108.173946142197,0,789.309227287769,0,28.8120565414429,0,0,0,0,0,0,0,0,0,0,0,0,0,0,0,0,0,0,0,0,0,0,0,0,0,27.8906601667404,0,0,0,0,0,43.5514743328094,0,0,0,0,170.056603610516,0,37.1616874933243,0,0,0,196.696971416473,0,0,0,0,0,0,0,0,0,0,269.025881022215,0,4.09216737747192,0,0
0,0,0,1.17449522018433,0,0,0,0,0,0,0,0,0,6,0,0,0,0,0,1.86464321613312,0,221.720873534679,0,4.14462959766388,0,0,0,1183.28818653524,0,435.70184803009,0,0,0,0,0,1.38268110156059,0,0.870047450065613,0,0,0,9.94685041904449,0,0,0,0,0,1.1558510363102,0,201.650950342417,0,0,0,0,0,0,0,273.306425988674,0,16.977907627821,0,0,6.45154206454754,0,802.14247186482,0,147.279895067215,0,221.130662187934,0,0,0,326.156919926405,0,0,0,0,0,3.39346384257078,0,1033.20568658412,0,159.480778515339,1,54.8799536973238,1.63131505250931,0
0,0,0,0,0,0,0,0,0,0,0,0,0,0,0,0,0,0,0,0,0,0,1.01682817935944,0,0,0,153.599188327789,0,270.924070477486,0,2.32058376073837,0,0,0,0,0,0,0,14.186680495739,0,0,0,0,0,0,0,0,0,0,0,0,0,0,0,0,0,0,0,3.98675033450127,0,0,0,0,0,0,5.8800747692585,0,0,0,196.696971416473,0,0,0,16.4811972826719,0,0,0,0,0,0,0,1222.06313836575,0,0,0,0,0
0,0,0,11.4368322342634,0,0,0,0,0,0,0,163.951084703207,0,17.8920396268368,0,0,0,0,15.3071777522564,23.7775014489889,0,0,0,0,0,0,0,8.07182750105858,0,972.337066054344,0,0,0,0,0,5.35183078795671,0,13.3624358177185,0,41.0867284238338,0,113.507799655199,0,0.904042780399323,0,38.873372733593,0,0.890174120664597,0,62.6413946375251,0,0,0,0,0,0,0,1264.55903841555,0,11.8154391050339,0,0,196.407728537917,0,0.372680693864822,0,0,0,0,0,326.156919926405,0,0,0,0,0,0,0,57.1391665786505,0,1229.33777248859,0,259.469921194017,1.41617262363434,711.541227705777,68.5649812221527,0
0,0,0.180839031934738,0,0.526154100894928,0,0,0,0.582262396812439,0,129.014760270715,0,0,0,0,0,0,0,11.7462515830994,0,33.0261131078005,0,0,0,0,0,0,0,84.1598006188869,0,679.307349041104,0,0,0,0,0,1.8716356754303,0,111.942618921399,0,6.02015490084887,0,170.194807708263,0,18.4768519997597,0,146.527288861573,0,1.07480462640524,0,6.20881408452988,0,0,0,1.1810939013958,0,851.611214250326,0,1.22641451656818,0,0,0,0,31.5367400497198,0,0,0,0,0,0,0,16.4811972826719,0,0,0,1.98762198537588,0,0.400683283805847,0,24.4836637377739,0,512.052571296692,7.69024750590324,0,759.993482239544,0,57.8623618483543
0,0,0,0,0,0,0,0,0,0,0,0,0,0,0,0,0,0,0,0,0,0,0,0,0,0,0,0,0,0,0,750.983261957765,0,245.654684454203,0,56.4248913526535,0,0,0,0,0,0,0,0,0,0,0,248.86046397686,0,9.65384051203728,0,0,0,0,0,0,0,0,0,0,0,0,0,0,0,0,0,0,0,0,0,0,0,0,0,0,132.775866091251,0,334.263173863292,0,2.46159160137177,0,58.6365683078766,0,0,0,0
