0,0,8.02587509155273,0,0,0,0,0,14.0356575722964,0,0,0,0,0,7.32035844647483,0,28.3766825993856,0,31.0413706302643,0,21.2862968444824,0,0,0,15.9340934753418,0,0,0,0,0,0,0,0,0,0,0,19.401798248291,0,21.2974054548475,0,0,0,17.8958171726367,0,0,0,32.8100776672363,0,6.937827714732,0,0,0,0,0,6.98037948684087,0,20.2807151222229,0,0,0,7.42886248294343,0,0,27.1871948242188,0,0,0,0,0,0,0,20.703361193339,0,24.3481693532732,0,0,0,0,0,24.9355435371399,0,0,19.1747872829437,0,12.968604394031,0,15.2990121841431
0,0,0,18.5634317662981,0,0,0,0,0,14.869427778782,0,0,0,0,0,5.0278772354126,70.4850616455078,33.431801478068,32.5085164046869,0,0,0,0,18.9224566050938,0,0,0,0,0,0,0,0,0,0,0,101.554847717285,0,19.7056994438171,0,51.7299944559733,0,17.6805696348844,0,20.5991501808167,0,0,0,0,0,5.42853555350468,0,0,0,0,0,6.97065560817718,0,16.3345482349396,0,8.17653465270996,0,6.22162411756683,0,0,0,0,0,0,0,0,0,0,0,0,0,0,0,0,46.9589304924011,0,0,0,19.7502821286519,35.6170921325684,12.1977950681595,13.1965841517729,0
8.02587509155273,0,0,0,8.49919263867364,0,0,0,12.3442981508043,0,0,0,0,0,7.20217113494873,0,0,0,0,0,7.99415545993381,0,0,0,0,0,0,0,0,0,0,0,0,0,0,0,13.6036148071289,0,0,0,0,0,0,0,0,0,0,0,8.87763023376465,0,6.37450607120991,0,0,0,4.46236676688021,0,3.80167292356491,0,5.80645588466099,0,6.33987265211694,0,0,0,0,0,0,0,0,0,0,0,0,0,0,0,0,0,0,0,0,0,9.03758947054545,0,5.49858856201172,0,0
0,18.5634317662981,0,0,0,7.37666386704258,0,0,0,8.57576135850288,0,0,0,0,0,3.07695984840393,0,31.4078178405762,36.4957370758057,10.5527975218637,0,0,0,0,0,0,0,0,0,0,0,0,0,0,0,18.0804159703308,0,0,0,37.679546219962,0,29.077974319458,0,0,0,18.0045506533454,79.8166122436523,0,0,12.3499378257328,0,8.29907710501488,0,0,0,5.05033076405525,0,19.7063056505643,0,12.4717813219343,0,7.60136951446533,17.5141816539619,0,0,0,0,0,0,0,0,0,0,0,0,0,0,0,19.5144734096086,0,0,0,20.4575070415635,24.3505559240069,19.3101677924932,22.3661645253499,0
0,0,8.49919263867364,0,0,0,2.93950575048273,0,0,0,0,0,0,0,12.2460527420044,0,0,0,0,0,0,0,0,0,0,0,0,0,0,0,0,0,0,0,0,0,5.70684684306076,0,0,0,0,0,0,0,0,0,0,0,0,0,5.39130816459656,0,0,0,5.07928562164307,0,7.97855525546604,0,8.95500686818903,0,11.4169075330098,0,0,0,0,0,0,0,0,0,0,0,0,0,0,0,0,0,0,5.94830903916989,0,0,6.05728239270876,3.02678426106771,2.73481392860413,0,0
0,0,0,7.37666386704258,0,0,0,2.88395550376491,0,8.29508980115255,0,0,0,0,0,0,0,0,0,3.57787240346273,0,0,0,0,0,0,0,0,0,0,0,0,0,0,0,16.4599961451122,0,0,0,0,0,0,0,0,0,0,0,0,0,13.0680966377258,0,3.48439257012473,0,3.05298527081807,0,4.82113530900743,0,6.14003761325564,0,6.84520783589755,0,9.06661978283444,4.43860673904419,0,0,0,0,0,0,0,0,0,0,0,0,0,0,0,13.7565331728953,0,0,0,7.70564760163773,20.1428514658976,4.90177937845389,0,0
0,0,0,0,2.93950575048273,0,0,0,0,0,0,0,3.21181628621858,0,0,0,0,0,0,0,2.95419788360596,0,0,0,0,0,0,0,0,0,0,0,0,0,0,0,5.09852172346676,0,0,0,0,0,0,0,0,0,0,0,0,0,3.59033167362213,0,4.11629380634853,0,0,0,4.55715398788452,0,4.51414204803673,0,0,0,0,0,0,0,0,0,0,0,0,0,0,0,0,0,0,0,0,4.86392096950583,0,0,4.3253652040775,0,0,0,0
0,0,0,0,0,2.88395550376491,0,0,0,0,0,2.94093251228333,0,3.13610612429105,0,0,0,0,0,0,0,0,0,0,0,0,0,0,0,0,0,0,0,0,0,5.28472814559936,0,0,0,0,0,0,0,0,0,0,0,0,0,0,0,3.04960304896037,0,3.06864567086248,0,0,0,4.29921768567501,0,3.79359465604388,0,0,0,0,0,0,0,0,0,0,0,0,0,0,0,0,0,0,6.34254884719849,0,0,0,2.88341129743136,0,0,0,0
14.0356575722964,0,12.3442981508043,0,0,0,0,0,0,0,0,0,0,0,12.0849001427327,0,11.3355103505624,0,58.1538307189941,0,17.5234451293945,0,0,0,7.74909963472834,0,5.59522041097864,0,0,0,0,0,0,0,0,0,54.2787386576335,0,7.2590846571429,0,41.9338073730469,0,13.0997588113807,0,0,0,36.2228107452393,0,15.8124900165992,0,4.1819164276123,0,0,0,5.36808702840384,0,18.5415485645163,0,11.3910181862967,0,10.2586306055931,0,0,28.7486652374268,0,0,0,12.0697922519084,0,6.12889352468687,0,22.8284967740377,0,34.1412187877454,0,0,0,0,0,66.6239903767904,0,7.14159321784973,9.67530275709066,13.200478028278,16.3773082797037,0,0
0,14.869427778782,0,8.57576135850288,0,8.29508980115255,0,0,0,0,0,0,0,0,0,7.04836879733311,0,7.11248970031738,16.2883137294224,0,0,0,0,6.45325645439916,0,0,0,0,0,0,0,0,0,0,0,0,0,5.68482503338137,0,38.3094825744629,0,9.82595532345322,0,0,0,0,0,0,0,18.3556204795837,0,10.5508346557617,0,0,0,8.20501163784058,0,16.7608575820923,0,7.41956792937385,0,10.4823896763431,0,0,0,0,13.9208596030871,0,0,0,0,0,0,0,0,0,0,0,37.9574413299561,0,4.43124055862427,0,7.99520671017965,13.0671055930001,10.8363363792088,7.77092665433884,0
0,0,0,0,0,0,0,0,0,0,0,0,3.60962658543741,0,0,0,0,0,0,0,3.40893604538657,0,0,0,0,0,0,0,0,0,0,0,0,0,0,0,5.18760701280143,0,4.58898367881775,0,0,0,0,0,0,0,0,0,0,0,0,0,0,0,0,0,8.06764781497225,0,6.28278510532682,0,0,0,0,0,0,0,0,0,0,0,0,3.27917736768723,0,6.14685427917624,0,0,0,0,0,5.6340246350293,0,7.96991457257952,3.77578794630499,0,0,0,0
0,0,0,0,0,0,0,2.94093251228333,0,0,0,0,0,2.94352690820341,0,0,0,0,0,6.62825071155338,0,0,0,0,0,0,0,2.7393798828125,0,4.71988055994222,0,0,0,0,0,3.36676240371445,0,4.39371581161069,0,0,0,0,0,0,0,19.9730665900491,0,0,0,0,0,0,0,0,0,0,0,5.62622795463902,0,3.0073438771069,0,0,7.16036734385797,0,0,0,0,0,0,0,0,0,6.0822536284665,0,0,0,0,0,5.12211221456528,0,3.16439437866211,0,4.85175229737788,0,26.3066803614299,0,0
0,0,0,0,0,0,3.21181628621858,0,0,0,3.60962658543741,0,0,0,3.29797629956846,0,0,0,0,0,0,0,0,0,0,0,0,0,2.85987234115601,0,0,0,0,0,0,0,0,0,0,0,0,0,0,0,0,0,0,0,0,0,0,0,0,0,0,0,4.08478586673737,0,3.90740609169006,0,5.72226238250732,0,0,0,0,0,0,0,0,0,0,0,0,0,0,0,0,0,0,0,0,0,4.20597302212435,12.4596843719482,0,0,0
0,0,0,0,0,0,0,3.13610612429105,0,0,0,2.94352690820341,0,0,0,3.11953763961792,0,0,0,0,0,0,0,0,0,0,0,3.25001573562622,0,2.79070393244425,0,0,0,0,0,0,0,0,0,0,0,0,0,0,0,0,0,0,0,0,0,3.79825592041016,0,0,0,0,0,0,0,2.9457361973249,0,3.27876782417297,0,0,0,0,0,0,0,0,0,0,0,0,0,0,0,0,0,0,0,0,3.02666362849149,3.20959933872881,0,0,0
7.32035844647483,0,7.20217113494873,0,12.2460527420044,0,0,0,12.0849001427327,0,0,0,3.29797629956846,0,0,0,9.24963514010111,0,32.9118226369222,0,0,0,0,0,18.4808348019918,0,0,0,0,0,0,0,0,0,0,0,17.3820023218791,0,28.5291589101156,0,39.8323249816895,0,27.4533844609414,0,0,0,33.4449570973714,0,12.6216713831975,0,4.43059778213501,0,0,0,9.8660643356187,0,23.0443652824119,0,4.20748544335365,0,5.62777178859711,0,0,20.7910469902886,0,0,0,18.6337830225627,0,4.85386323928833,0,26.9553270339966,0,27.1979301417315,0,0,0,0,0,24.5647446127499,0,0,11.8581605394122,13.2877765695254,18.8082676205093,0,22.2857284545898
0,5.0278772354126,0,3.07695984840393,0,0,0,0,0,7.04836879733311,0,0,0,3.11953763961792,0,0,0,3.23583398759365,0,0,0,0,0,11.2422846158346,0,0,0,0,0,0,0,0,0,0,0,0,0,0,0,0,0,0,0,0,0,0,0,0,0,2.8410769701004,0,3.9430673463004,0,0,0,7.66148025973314,0,0,0,0,0,6.87410516601531,0,0,0,0,13.3538969914118,0,2.85208404064178,0,0,0,0,0,0,0,0,0,0,0,0,0,8.63406606820914,0,0,0,0
28.3766825993856,70.4850616455078,0,0,0,0,0,0,11.3355103505624,0,0,0,0,0,9.24963514010111,0,0,28.1354090946076,16.8738673768044,0,0,37.3778437165653,17.0217898708432,0,21.0588054656982,42.501329277501,10.1187274824523,0,0,0,0,0,0,0,0,96.4628295898438,81.5136269907798,0,43.840895652771,65.8858637547755,50.8958749771118,66.3005701700846,36.5927426020304,44.7197418212891,40.7483102437612,53.6678454981441,51.136794306174,0,31.7678370299163,0,0,0,0,0,14.7598612759564,0,34.4233739129428,0,31.4074897766113,0,29.9142646789551,0,63.9656149546305,52.686703502268,38.1350875854492,15.4409622209413,0,19.1936519940694,45.3580932617188,26.3400857925415,0,34.1275588444301,0,37.8522122110639,0,0,0,0,81.6377640774376,65.3201248367111,0,42.7154235839844,14.4685614897439,13.8785107431232,40.3573565546826,66.4698486328125,39.9762108666556
0,33.431801478068,0,31.4078178405762,0,0,0,0,0,7.11248970031738,0,0,0,0,0,3.23583398759365,28.1354090946076,0,23.0554919794765,0,0,14.0361994651159,37.5674234967173,5.04133629798889,0,12.9480475315702,42.377542715157,4.25721002411056,0,0,0,0,0,0,0,87.3028985886347,99.0527194479237,0,0,62.0767847258469,0,47.8677753519129,57.1651626163059,40.3242823973946,66.1759783426921,51.569260795749,70.2909045164613,0,0,45.301725769043,0,0,0,0,0,14.0803130467733,47.0029792785645,29.9466775258382,0,0,0,0,63.9419310433524,63.9971631368001,14.8286973958214,42.705593926566,9.18762183189392,0,12.6792199229017,41.3334808349609,0,0,0,68.823797861735,0,0,0,0,76.3309501041876,88.63592542451,0,0,14.3637678697363,15.0284046022195,49.4231211528929,45.109499875237,51.5392723083496
31.0413706302643,32.5085164046869,0,36.4957370758057,0,0,0,0,58.1538307189941,16.2883137294224,0,0,0,0,32.9118226369222,0,16.8738673768044,23.0554919794765,0,0,39.8888568878174,56.9428577423096,43.9793830871582,0,0,57.7122993469238,54.7709121704102,0,0,0,0,0,0,70.6252059936523,0,69.8232504095172,64.7623406874754,0,0,44.5004244159608,37.1048110878986,22.6586529125243,19.4933439782721,28.7976433650867,19.7083748700069,40.8261673842804,33.814204500749,0,31.9093721177843,35.7107294124106,0,0,0,0,0,0,30.8423057168217,34.2082690363345,30.0752563476562,0,0,33.2198958396912,46.967116355896,38.8421251864047,58.4248046875,40.2458686828613,0,0,61.1270065307617,0,0,34.2152582469739,0,36.6033670817707,0,0,85.866340637207,0,58.709889186056,51.0834164233494,0,41.7174911499023,19.3854262386123,35.4682008569891,29.9748960249974,19.8649719976462,25.0828304401023
0,0,0,10.5527975218637,0,3.57787240346273,0,0,0,0,0,6.62825071155338,0,0,0,0,0,0,0,0,0,0,0,0,0,0,0,0,0,0,0,0,0,0,0,12.0303476457571,0,5.35791706244151,0,8.74314425731527,0,0,0,0,0,10.1162768134531,0,0,0,0,0,4.24043397903442,0,0,0,0,0,8.04910054802895,0,0,0,0,5.8715305205995,0,0,0,0,0,0,0,0,0,0,0,0,0,0,0,9.81352970307333,0,3.57780392964681,0,4.68853057052103,0,9.61382983111534,0,0
21.2862968444824,0,7.99415545993381,0,0,0,2.95419788360596,0,17.5234451293945,0,3.40893604538657,0,0,0,0,0,0,0,39.8888568878174,0,0,0,0,0,0,0,0,0,0,0,0,0,0,0,0,0,5.95375274039751,0,6.00127788593895,0,21.7376232147217,0,41.3476607004801,0,35.2098770141602,0,15.3248620322256,0,14.8576274964868,0,6.31992262601852,0,0,0,0,0,7.09877051657705,0,10.1495020230611,0,14.6048949314998,0,0,6.56489909286054,0,0,0,0,0,0,0,0,0,31.7426828904585,0,0,0,0,0,7.21326234105319,0,0,7.51550018394386,0,14.9695995112722,0,0
0,0,0,0,0,0,0,0,0,0,0,0,0,0,0,0,37.3778437165653,14.0361994651159,56.9428577423096,0,0,0,5.29024889498401,3.9242180359265,0,5.62076032275245,33.4536584218343,3.72251659044078,0,0,0,0,0,0,0,0,0,7.70059383445054,3.98151893229098,0,0,0,67.4669799804688,0,0,0,0,0,0,7.37658128628364,0,0,0,0,0,0,0,0,0,0,0,0,0,0,5.6148604352156,8.24183214738451,4.48969885311296,0,4.55740683493407,0,8.01657020213992,0,0,0,0,0,0,0,0,0,8.09535614412222,0,5.23718310062582,10.7858415676069,17.2521198590597,0,0
0,0,0,0,0,0,0,0,0,0,0,0,0,0,0,0,17.0217898708432,37.5674234967173,43.9793830871582,0,0,5.29024889498401,0,0,5.61128317163541,32.7128875130101,8.8634772095187,0,2.94607558963806,0,0,0,0,0,0,0,120.766540527344,11.2758039951324,4.16191991064,0,0,0,0,0,0,0,80.6419219970703,0,5.81759362790122,0,0,0,0,0,0,0,0,0,0,0,0,0,0,0,7.05234171794011,4.8318534348222,0,6.85351677536964,0,7.22525228153576,0,6.33498456671431,0,0,0,0,0,0,0,0,0,4.79584271971479,6.57272943743355,7.7755797657766,57.862735748291,0,0
0,18.9224566050938,0,0,0,0,0,0,0,6.45325645439916,0,0,0,0,0,11.2422846158346,0,5.04133629798889,0,0,0,3.9242180359265,0,0,0,3.62790061976459,0,0,0,0,0,0,0,0,0,0,0,7.57742625546743,0,0,0,5.37873381376266,0,0,0,0,0,0,0,8.56924382248366,0,0,0,0,0,9.19404450329867,0,0,0,0,0,16.7958262761434,0,0,4.11865581472715,0,4.39305015185371,0,3.46222955993052,0,9.17046350240707,0,0,0,0,0,0,0,0,0,8.20711908502094,0,7.40435150204873,0,11.8483485772329,0,0
15.9340934753418,0,0,0,0,0,0,0,7.74909963472834,0,0,0,0,0,18.4808348019918,0,21.0588054656982,0,0,0,0,0,5.61128317163541,0,0,0,3.94086853588853,0,0,0,0,0,0,0,0,0,0,0,6.63833967533857,0,0,0,8.11739097266901,0,0,0,0,0,15.7207630157471,0,0,0,0,0,4.53037115265341,0,0,0,0,0,10.244193649292,0,0,0,0,7.50966832723962,0,4.67078159258399,0,5.85312379820872,0,0,0,0,0,0,0,0,0,0,0,9.02985294141631,11.0806003411611,23.60070559853,13.1302919935906,0,0
0,0,0,0,0,0,0,0,0,0,0,0,0,0,0,0,42.501329277501,12.9480475315702,57.7122993469238,0,0,5.62076032275245,32.7128875130101,3.62790061976459,0,0,38.9499816894531,3.87580943107605,0,0,0,0,0,0,0,0,0,0,0,115.833976745605,0,0,0,0,0,0,0,0,0,0,0,0,0,0,0,0,0,0,0,0,0,0,0,0,6.61426058449709,35.4316120147705,4.73212958872318,0,3.10825389595919,0,5.68938763157215,0,0,0,0,0,0,0,0,111.995697021484,0,0,11.1904147211596,19.8971056254184,0,0,0
0,0,0,0,0,0,0,0,5.59522041097864,0,0,0,0,0,0,0,10.1187274824523,42.377542715157,54.7709121704102,0,0,33.4536584218343,8.8634772095187,0,3.94086853588853,38.9499816894531,0,0,0,0,0,0,0,0,0,0,0,0,0,0,0,0,0,0,70.5768127441406,0,0,0,0,0,0,0,0,0,6.22350573539734,0,0,0,0,0,0,0,0,0,0,6.37362942041135,0,0,0,4.81297832393365,0,0,0,0,0,0,0,0,0,0,0,0,13.5633705854416,20.2810233159499,63.113468170166,0,0
0,0,0,0,0,0,0,0,0,0,0,2.7393798828125,0,3.25001573562622,0,0,0,4.25721002411056,0,0,0,3.72251659044078,0,0,0,3.87580943107605,0,0,0,3.26913627056365,0,0,0,0,0,0,0,3.88974773287773,0,0,0,0,0,0,0,0,0,0,0,4.17759199937185,0,0,0,0,0,0,0,0,0,2.95519042015076,0,0,0,0,6.76466597557068,0,3.79999780654907,0,3.28464641571045,0,4.59020210004622,0,3.43565670270768,0,0,0,0,0,0,0,5.42995926539103,0,3.69906159276548,3.3292114325529,0,0,0
0,0,0,0,0,0,0,0,0,0,0,0,2.85987234115601,0,0,0,0,0,0,0,0,0,2.94607558963806,0,0,0,0,0,0,0,3.09206889225886,0,0,0,0,0,0,0,0,0,0,0,0,0,0,0,0,0,3.0130873521169,0,0,0,0,0,0,0,0,0,0,0,0,0,0,0,0,4.41301727294922,0,0,0,0,0,4.75270773673199,0,2.96045660972595,0,0,0,0,0,0,0,8.17263342085339,3.18064181266292,3.03860116706175,0,0,0
0,0,0,0,0,0,0,0,0,0,0,4.71988055994222,0,2.79070393244425,0,0,0,0,0,0,0,0,0,0,0,0,0,3.26913627056365,0,0,0,0,0,0,0,0,0,3.45398255384685,0,0,0,0,0,0,0,0,0,0,0,0,0,0,0,0,0,0,0,4.92253134868763,0,0,0,0,0,0,0,0,0,0,0,0,4.37701389564658,0,5.07073591231357,0,0,0,0,0,0,0,3.26719038486481,0,4.43089288678663,0,0,0,0
0,0,0,0,0,0,0,0,0,0,0,0,0,0,0,0,0,0,0,0,0,0,0,0,0,0,0,0,3.09206889225886,0,0,0,0,0,0,0,0,0,4.09870465142386,0,0,0,0,0,0,0,0,0,0,0,0,0,0,0,0,0,0,0,0,0,0,0,0,0,0,0,0,0,0,0,0,5.06321035932612,0,4.52037835230271,0,0,0,0,0,0,0,10.8920586325906,3.11350167714632,0,0,0,0
0,0,0,0,0,0,0,0,0,0,0,0,0,0,0,0,0,0,0,0,0,0,0,0,0,0,0,0,0,0,0,0,3.91557991854428,15.2810013368515,4.25508077939351,10.5949948166237,3.49567145329935,0,0,7.17723107337952,0,23.6237287521362,0,0,0,0,0,8.9949294200069,0,12.6202163245227,0,0,0,0,0,0,0,0,0,0,0,0,0,0,0,0,0,0,0,0,0,0,0,0,6.03263028424354,0,16.8182783126831,0,6.42805144553433,3.68337568759918,0,0,3.67907266263609,0,25.623890842091,0,0
0,0,0,0,0,0,0,0,0,0,0,0,0,0,0,0,0,0,0,0,0,0,0,0,0,0,0,0,0,0,0,3.91557991854428,0,10.9717905942131,13.2408910751343,4.87627426215581,4.24314931586937,0,0,0,10.135814666748,0,0,0,0,0,0,9.6522855418069,42.6339411735535,21.7627487182617,0,0,0,0,0,0,0,0,0,0,0,0,0,0,0,0,0,0,0,0,0,0,0,0,9.09057140350342,3.22728736713679,12.0298709869385,10.149715423584,5.82181243896484,3.4718081454436,0,0,3.16548905816189,0,26.5983474254608,0,0
0,0,0,0,0,0,0,0,0,0,0,0,0,0,0,0,0,0,70.6252059936523,0,0,0,0,0,0,0,0,0,0,0,0,15.2810013368515,10.9717905942131,0,3.38554101937438,16.4479166305209,11.6937804222107,3.48275040479807,0,22.6626243591309,0,0,0,0,0,0,0,7.16345362306779,0,19.5209081356342,0,0,0,0,0,0,0,0,0,0,0,0,0,0,0,0,0,0,0,0,0,0,0,0,29.3556135296822,0,4.8172818716974,3.9629899136788,15.4603839039803,0,3.70277587469522,0,5.54706148926271,2.89174300432205,18.6965296485207,0,0
0,0,0,0,0,0,0,0,0,0,0,0,0,0,0,0,0,0,0,0,0,0,0,0,0,0,0,0,0,0,0,4.25508077939351,13.2408910751343,3.38554101937438,0,12.353807258606,6.52080697467949,3.95411578814189,6.26178571226683,0,12.1023890631539,0,20.129621852528,0,0,0,0,7.44306867419796,12.1213679664631,0,0,0,0,0,0,0,0,0,0,0,0,0,0,0,0,0,0,0,0,0,0,0,0,0,0,0,5.05961972872416,5.39766222111306,9.48424501419067,6.20199030416983,0,7.51546705304907,7.76266933748355,10.3328324794769,18.35233938694,0,0
0,101.554847717285,0,18.0804159703308,0,16.4599961451122,0,5.28472814559936,0,0,0,3.36676240371445,0,0,0,0,96.4628295898438,87.3028985886347,69.8232504095172,12.0303476457571,0,0,0,0,0,0,0,0,0,0,0,10.5949948166237,4.87627426215581,16.4479166305209,12.353807258606,0,5.68046441526696,4.76929859604154,3.89670445702293,17.8320554710611,8.6531925201416,38.5061340184175,0,51.6204866790771,81.1236572265625,22.5844215639936,122.312067667643,17.0836227188998,31.0805214473179,18.9991459935128,0,15.3976407051086,0,0,0,0,0,13.2738016955058,0,10.8345680236816,0,0,14.2269963499773,0,0,0,0,0,0,0,0,0,0,0,6.30377213186168,0,16.5375145964506,0,8.5741069864599,7.55413562831573,8.18366884928615,0,8.45323969700688,7.22483765981503,20.4410703901116,49.1334012902301,84.8769226074219
19.401798248291,0,13.6036148071289,0,5.70684684306076,0,5.09852172346676,0,54.2787386576335,0,5.18760701280143,0,0,0,17.3820023218791,0,81.5136269907798,99.0527194479237,64.7623406874754,0,5.95375274039751,0,120.766540527344,0,0,0,0,0,0,0,0,3.49567145329935,4.24314931586937,11.6937804222107,6.52080697467949,5.68046441526696,0,0,4.57815473584028,91.5389852523804,25.0605172006781,106.612754821777,43.3053285020677,87.6336135864258,48.5148834012589,114.259908888075,39.0229264775831,8.46866923898131,20.5743882807818,28.1970149993896,6.0085650285085,0,0,0,0,0,17.9639581163178,0,14.5515124581077,0,16.8391703707831,0,0,19.5927651525347,0,0,0,0,0,0,0,0,0,35.6946843465169,23.4278240203857,3.08792746653322,19.1852855682373,6.05780244024494,8.76892773544826,8.09408104764284,0,6.14646537546315,8.5643215178025,5.74024206500942,31.1553645991382,0,44.8102953242159
0,19.7056994438171,0,0,0,0,0,0,0,5.68482503338137,0,4.39371581161069,0,0,0,0,0,0,0,5.35791706244151,0,7.70059383445054,11.2758039951324,7.57742625546743,0,0,0,3.88974773287773,0,3.45398255384685,0,0,0,3.48275040479807,3.95411578814189,4.76929859604154,0,0,3.38560644396535,0,0,5.91973689397176,0,0,0,0,0,7.27031196223365,0,6.6071163261846,0,0,0,0,0,9.57150763935513,0,4.79381328362685,0,0,0,28.9643630981445,3.30754144986471,0,9.1406853083998,16.6770869890849,7.96360119700976,0,0,0,6.71513214236812,0,4.14046172783754,0,0,0,4.80106455087662,0,5.77811721051933,0,5.63086949485786,3.39472811872309,4.8266099774096,4.70427001267672,5.94614507848206,0,0
21.2974054548475,0,0,0,0,0,0,0,7.2590846571429,0,4.58898367881775,0,0,0,28.5291589101156,0,43.840895652771,0,0,0,6.00127788593895,3.98151893229098,4.16191991064,0,6.63833967533857,0,0,0,0,0,4.09870465142386,0,0,0,6.26178571226683,3.89670445702293,4.57815473584028,3.38560644396535,0,0,0,0,7.50312622538153,0,0,0,12.2184977069978,5.4048364950352,7.09140253297002,0,0,0,0,0,5.4126889159282,0,13.1440530220668,0,20.7677574157715,0,18.8657035827637,0,0,10.3692860735787,8.97142593065898,5.14482980737319,0,7.00884089018223,0,0,0,4.58143528648045,0,3.33611385628235,0,0,0,6.33861328043589,3.55103489330837,7.06681378490084,0,5.48956054271339,4.95450650248381,5.4229489523789,5.70676182010063,0,0
0,51.7299944559733,0,37.679546219962,0,0,0,0,0,38.3094825744629,0,0,0,0,0,0,65.8858637547755,62.0767847258469,44.5004244159608,8.74314425731527,0,0,0,0,0,115.833976745605,0,0,0,0,0,7.17723107337952,0,22.6626243591309,0,17.8320554710611,91.5389852523804,0,0,0,0,17.8721644585704,70.8715839385986,24.0947286950217,69.7114747365316,14.0972216402786,85.0186887105306,8.047407977283,6.3019058962126,5.17879334112637,0,0,0,0,0,0,0,61.5298919677734,0,0,0,0,6.278829586635,105.301193237305,0,0,0,0,0,0,0,0,0,0,11.1577231884003,0,26.8167815208435,0,12.5082122266293,105.06291785607,2.73811626434326,0,48.9738701936361,53.9045331618365,14.7640381972727,23.6609964582655,79.2635841369629
0,0,0,0,0,0,0,0,41.9338073730469,0,0,0,0,0,39.8323249816895,0,50.8958749771118,0,37.1048110878986,0,21.7376232147217,0,0,0,0,0,0,0,0,0,0,0,10.135814666748,0,12.1023890631539,8.6531925201416,25.0605172006781,0,0,0,0,0,9.86681110295135,0,23.1976594924927,0,7.00931910150929,10.3878282626814,7.75443996012911,11.6657667593523,0,0,0,0,0,0,45.5583992004395,0,0,0,0,0,0,28.2448842184884,0,0,0,0,0,0,0,0,0,0,0,9.69266822338104,0,12.9592061042786,9.61350969167856,11.2636819459753,0,0,20.738458695619,18.3354804992676,7.33639271888245,0,24.1938369750977
0,17.6805696348844,0,29.077974319458,0,0,0,0,0,9.82595532345322,0,0,0,0,0,0,66.3005701700846,47.8677753519129,22.6586529125243,0,0,0,0,5.37873381376266,0,0,0,0,0,0,0,23.6237287521362,0,0,0,38.5061340184175,106.612754821777,5.91973689397176,0,17.8721644585704,0,0,8.24674319265681,20.7857418154726,0,19.4265819584319,87.9667002360026,4.88565783202648,7.62066566944122,12.753398971433,0,0,0,0,0,14.1597230892915,0,15.734308199449,0,0,0,28.3661952474843,27.8092402321952,0,0,0,9.77236169317494,0,0,0,0,0,4.06585192680359,0,34.2454147338867,0,28.7317458788554,0,33.7823398042848,84.8936862945557,0,0,11.2165647671769,15.2437108330343,11.2563508149409,9.57130972303525,9.49888491630554
17.8958171726367,0,0,0,0,0,0,0,13.0997588113807,0,0,0,0,0,27.4533844609414,0,36.5927426020304,57.1651626163059,19.4933439782721,0,41.3476607004801,67.4669799804688,0,0,8.11739097266901,0,0,0,0,0,0,0,0,0,20.129621852528,0,43.3053285020677,0,7.50312622538153,70.8715839385986,9.86681110295135,8.24674319265681,0,33.6586313247681,15.2605213059319,57.2844921112061,17.0919667875878,6.51103766713824,8.48660277987635,0,0,0,0,0,18.3191738605499,0,17.8608257703692,0,16.0693521499634,0,19.2140427846757,0,0,27.6618916554884,0,0,0,16.9515288670858,0,0,0,16.4375497837259,0,17.1234988608259,0,0,0,17.6144629955292,79.2047233581543,26.0295072725584,0,12.1908378601074,8.64059487553706,21.5205762884285,9.66747138690724,0,10.9104272357364
0,20.5991501808167,0,0,0,0,0,0,0,0,0,0,0,0,0,0,44.7197418212891,40.3242823973946,28.7976433650867,0,0,0,0,0,0,0,0,0,0,0,0,0,0,0,0,51.6204866790771,87.6336135864258,0,0,24.0947286950217,0,20.7857418154726,33.6586313247681,0,0,17.2910681479219,0,0,0,32.6696379184723,0,0,0,0,0,0,0,23.5583648681641,0,0,0,0,26.5072491123991,0,0,0,0,0,0,0,0,0,0,0,0,0,0,0,35.2869528210352,97.8239593505859,0,0,39.2670545880224,32.4426097869873,23.1751945712898,15.6419819126958,41.2828979492188
0,0,0,0,0,0,0,0,0,0,0,0,0,0,0,0,40.7483102437612,66.1759783426921,19.7083748700069,0,35.2098770141602,0,0,0,0,0,70.5768127441406,0,0,0,0,0,0,0,0,81.1236572265625,48.5148834012589,0,0,69.7114747365316,23.1976594924927,0,15.2605213059319,0,0,70.8799949645996,20.4958547831002,0,45.3102684020996,0,0,0,0,0,0,0,39.5449256896973,0,0,0,0,0,0,26.08558434479,0,0,0,0,0,0,0,0,0,42.9463272094727,0,0,0,0,74.6896324157715,33.7174649381842,0,23.7057094573975,16.0296711829102,22.8665480613708,15.8503777045238,0,20.9330535757131
0,0,0,18.0045506533454,0,0,0,0,0,0,0,19.9730665900491,0,0,0,0,53.6678454981441,51.569260795749,40.8261673842804,10.1162768134531,0,0,0,0,0,0,0,0,0,0,0,0,0,0,0,22.5844215639936,114.259908888075,0,0,14.0972216402786,0,19.4265819584319,57.2844921112061,17.2910681479219,70.8799949645996,0,69.7361169294877,0,0,20.9601417117649,0,0,0,0,0,0,0,35.3569507598877,0,0,0,0,7.41303344498064,89.184268951416,0,0,0,0,0,0,0,0,0,0,0,0,0,0,19.8200735148041,98.0553706242488,0,0,45.1548250015231,39.8984744030496,12.998431529863,55.5440415276421,60.5364143371582
32.8100776672363,0,0,79.8166122436523,0,0,0,0,36.2228107452393,0,0,0,0,0,33.4449570973714,0,51.136794306174,70.2909045164613,33.814204500749,0,15.3248620322256,0,80.6419219970703,0,0,0,0,0,0,0,0,0,0,0,0,122.312067667643,39.0229264775831,0,12.2184977069978,85.0186887105306,7.00931910150929,87.9667002360026,17.0919667875878,0,20.4958547831002,69.7361169294877,0,0,38.1462315683779,0,0,0,0,0,0,0,36.6421178759951,0,0,0,42.1158008575439,0,0,13.0684636323076,0,0,0,0,0,0,0,0,0,51.749938419887,0,0,0,0,91.6166902269636,17.9432316501862,0,12.9206064860026,47.6855748738146,34.530999248678,14.7581904535475,0,36.8090604782104
0,0,0,0,0,0,0,0,0,0,0,0,0,0,0,0,0,0,0,0,0,0,0,0,0,0,0,0,0,0,0,8.9949294200069,9.6522855418069,7.16345362306779,7.44306867419796,17.0836227188998,8.46866923898131,7.27031196223365,5.4048364950352,8.047407977283,10.3878282626814,4.88565783202648,6.51103766713824,0,0,0,0,0,6.74674717711246,5.58080681843544,0,0,0,0,0,0,0,0,0,0,0,0,0,0,0,0,0,0,0,0,0,0,17.6298408508301,0,7.41483559569374,3.86809879642422,5.11904781102756,9.62103188016773,14.8157477417222,11.2251333480112,7.33793618175435,4.89886383657102,5.07966839650948,15.9213991165161,5.231497101301,0,0
6.937827714732,0,8.87763023376465,0,0,0,0,0,15.8124900165992,0,0,0,0,0,12.6216713831975,0,31.7678370299163,0,31.9093721177843,0,14.8576274964868,0,5.81759362790122,0,15.7207630157471,0,0,0,3.0130873521169,0,0,0,42.6339411735535,0,12.1213679664631,31.0805214473179,20.5743882807818,0,7.09140253297002,6.3019058962126,7.75443996012911,7.62066566944122,8.48660277987635,0,45.3102684020996,0,38.1462315683779,6.74674717711246,0,5.42880633434403,0,0,0,0,17.3957517147064,0,9.63428342735374,0,19.0919914245605,0,10.0076874282368,0,0,20.8878022655364,0,5.0813645595728,0,7.69501559550946,0,6.08719742992549,0,5.07815190903226,0,19.6803034221804,0,9.61545523654583,0,10.0660453450632,35.3447237014771,15.0922223364819,0,5.09665331001779,16.2097563165885,0,7.37041847314034,0,14.184432665507
0,5.42853555350468,0,12.3499378257328,0,13.0680966377258,0,0,0,18.3556204795837,0,0,0,0,0,2.8410769701004,0,45.301725769043,35.7107294124106,0,0,7.37658128628364,0,8.56924382248366,0,0,0,4.17759199937185,0,0,0,12.6202163245227,21.7627487182617,19.5209081356342,0,18.9991459935128,28.1970149993896,6.6071163261846,0,5.17879334112637,11.6657667593523,12.753398971433,0,32.6696379184723,0,20.9601417117649,0,5.58080681843544,5.42880633434403,0,0,0,0,0,0,0,0,9.19328970522494,0,3.17216556722468,0,4.52356202205022,11.085133711497,0,6.73134695391256,0,8.38446206775138,0,4.88103519786488,0,5.35480110416209,0,6.00826087176243,0,7.16413888335228,0,10.1835598746936,0,17.1956106966192,7.99205350875854,5.86843000475902,0,12.6471115066315,29.0906030866835,9.64183177981773,16.9765789168222,0
0,0,6.37450607120991,0,5.39130816459656,0,3.59033167362213,0,4.1819164276123,0,0,0,0,0,4.43059778213501,0,0,0,0,0,6.31992262601852,0,0,0,0,0,0,0,0,0,0,0,0,0,0,0,6.0085650285085,0,0,0,0,0,0,0,0,0,0,0,0,0,0,0,0,0,0,0,4.54789840258085,0,5.39831251757486,0,5.21188418070475,0,0,0,0,0,0,0,0,0,0,0,0,0,0,0,0,0,0,4.12440492412237,0,0,16.2621929137603,3.88020077705383,14.5114088058472,0,0
0,0,0,8.29907710501488,0,3.48439257012473,0,3.04960304896037,0,10.5508346557617,0,0,0,3.79825592041016,0,3.9430673463004,0,0,0,4.24043397903442,0,0,0,0,0,0,0,0,0,0,0,0,0,0,0,15.3976407051086,0,0,0,0,0,0,0,0,0,0,0,0,0,0,0,0,0,3.56557590620858,0,0,0,4.53468251228333,0,5.80274431756202,0,5.80755261038289,7.53765172958374,0,0,0,0,0,0,0,0,0,0,0,0,0,0,0,0,0,0,0,13.7611152331034,25.3855267630683,6.57398045063019,0,0
0,0,0,0,0,0,4.11629380634853,0,0,0,0,0,0,0,0,0,0,0,0,0,0,0,0,0,0,0,0,0,0,0,0,0,0,0,0,0,0,0,0,0,0,0,0,0,0,0,0,0,0,0,0,0,0,0,0,0,0,0,3.70424796853747,0,0,0,0,0,0,0,0,0,0,0,0,0,0,0,0,0,0,0,0,0,0,0,3.03595407589062,0,0,0,0
0,0,0,0,0,3.05298527081807,0,3.06864567086248,0,0,0,0,0,0,0,0,0,0,0,0,0,0,0,0,0,0,0,0,0,0,0,0,0,0,0,0,0,0,0,0,0,0,0,0,0,0,0,0,0,0,0,3.56557590620858,0,0,0,0,0,3.63050283988317,0,3.54040049711863,0,0,0,0,0,0,0,0,0,0,0,0,0,0,0,0,0,0,0,0,0,0,3.79570865631104,0,0,0,0
6.98037948684087,0,4.46236676688021,0,5.07928562164307,0,0,0,5.36808702840384,0,0,0,0,0,9.8660643356187,0,14.7598612759564,0,0,0,0,0,0,0,4.53037115265341,0,6.22350573539734,0,0,0,0,0,0,0,0,0,0,0,5.4126889159282,0,0,0,18.3191738605499,0,0,0,0,0,17.3957517147064,0,0,0,0,0,0,0,10.5534038543701,0,30.1261215209961,0,9.76579922123959,0,0,12.6691913604736,0,0,0,5.17612750585689,0,0,0,19.5207767486572,0,0,0,0,0,0,0,25.1234436035156,0,4.8883799513181,12.487584316523,18.9089750862122,14.1404976115507,0,0
0,6.97065560817718,0,5.05033076405525,0,4.82113530900743,0,0,0,8.20501163784058,0,0,0,0,0,7.66148025973314,0,14.0803130467733,0,0,0,0,0,9.19404450329867,0,0,0,0,0,0,0,0,0,0,0,0,0,9.57150763935513,0,0,0,14.1597230892915,0,0,0,0,0,0,0,0,0,0,0,0,0,0,0,0,0,0,0,9.84500964352342,0,0,0,0,8.82044723273095,0,0,0,0,0,0,0,0,0,0,0,0,0,12.0734151204427,0,12.6394161659968,18.1713381576538,10.0773092875971,0,0
20.2807151222229,0,3.80167292356491,0,7.97855525546604,0,4.55715398788452,0,18.5415485645163,0,8.06764781497225,0,4.08478586673737,0,23.0443652824119,0,34.4233739129428,47.0029792785645,30.8423057168217,0,7.09877051657705,0,0,0,0,0,0,0,0,0,0,0,0,0,0,0,17.9639581163178,0,13.1440530220668,0,45.5583992004395,0,17.8608257703692,0,39.5449256896973,0,36.6421178759951,0,9.63428342735374,0,4.54789840258085,0,0,0,10.5534038543701,0,0,0,5.12894840388335,0,11.2736174804824,0,0,10.2521054837464,0,0,0,0,0,0,0,5.72872658209367,0,5.44986630437041,0,0,0,0,0,22.3306160121231,0,0,16.0276547483403,11.5304222106934,10.4236973391639,0,14.1495889027913
0,16.3345482349396,0,19.7063056505643,0,6.14003761325564,0,4.29921768567501,0,16.7608575820923,0,5.62622795463902,0,0,0,0,0,29.9466775258382,34.2082690363345,8.04910054802895,0,0,0,0,0,0,0,0,0,4.92253134868763,0,0,0,0,0,13.2738016955058,0,4.79381328362685,0,61.5298919677734,0,15.734308199449,0,23.5583648681641,0,35.3569507598877,0,0,0,9.19328970522494,0,4.53468251228333,0,3.63050283988317,0,0,0,0,0,4.69930009541901,0,16.3629173636436,5.72651017746992,0,0,0,0,0,0,0,0,0,5.96739543914795,0,0,0,0,0,14.1067304257993,0,0,0,12.0472160619848,24.3180060897555,5.79338841766856,0,0
0,0,5.80645588466099,0,8.95500686818903,0,4.51414204803673,0,11.3910181862967,0,6.28278510532682,0,3.90740609169006,0,4.20748544335365,0,31.4074897766113,0,30.0752563476562,0,10.1495020230611,0,0,0,0,0,0,0,0,0,0,0,0,0,0,0,14.5515124581077,0,20.7677574157715,0,0,0,16.0693521499634,0,0,0,0,0,19.0919914245605,0,5.39831251757486,0,3.70424796853747,0,30.1261215209961,0,5.12894840388335,0,0,0,5.20244087424933,0,0,13.8899887737475,0,0,0,0,0,0,0,0,0,0,0,0,0,0,0,21.2394437432289,0,0,8.73548816266607,11.7328821224171,9.29059951645987,0,0
0,8.17653465270996,0,12.4717813219343,0,6.84520783589755,0,3.79359465604388,0,7.41956792937385,0,3.0073438771069,0,2.9457361973249,0,0,0,0,0,0,0,0,0,0,0,0,0,2.95519042015076,0,0,0,0,0,0,0,10.8345680236816,0,0,0,0,0,0,0,0,0,0,0,0,0,3.17216556722468,0,5.80274431756202,0,3.54040049711863,0,0,0,4.69930009541901,0,0,0,4.0098622639974,0,0,0,0,0,0,0,0,0,0,0,0,0,0,0,0,0,0,0,0,4.96102648196013,7.3970184524854,18.2368060747782,0,0
7.42886248294343,0,6.33987265211694,0,11.4169075330098,0,0,0,10.2586306055931,0,0,0,5.72226238250732,0,5.62777178859711,0,29.9142646789551,0,0,0,14.6048949314998,0,0,0,10.244193649292,0,0,0,0,0,0,0,0,0,0,0,16.8391703707831,0,18.8657035827637,0,0,0,19.2140427846757,0,0,0,42.1158008575439,0,10.0076874282368,0,5.21188418070475,0,0,0,9.76579922123959,0,11.2736174804824,0,5.20244087424933,0,0,0,0,21.7222989082336,0,0,0,0,0,3.74793137822832,0,11.9381427168846,0,25.8474322001139,0,0,0,0,0,23.6625408692793,0,0,13.7096657071795,0,13.661260914307,0,14.9838237762451
0,6.22162411756683,0,7.60136951446533,0,9.06661978283444,0,0,0,10.4823896763431,0,0,0,3.27876782417297,0,6.87410516601531,0,0,33.2198958396912,0,0,0,0,16.7958262761434,0,0,0,0,0,0,0,0,0,0,0,0,0,28.9643630981445,0,0,0,28.3661952474843,0,0,0,0,0,0,0,4.52356202205022,0,5.80755261038289,0,0,0,9.84500964352342,0,16.3629173636436,0,4.0098622639974,0,0,0,0,0,0,10.9830019329533,0,3.11929601430893,0,0,0,0,0,0,0,0,0,25.0913639068604,0,0,0,19.0492504707405,15.0522834459941,16.7239172949013,21.1755224863688,0
0,0,0,17.5141816539619,0,4.43860673904419,0,0,0,0,0,7.16036734385797,0,0,0,0,63.9656149546305,63.9419310433524,46.967116355896,5.8715305205995,0,0,0,0,0,0,0,0,0,0,0,0,0,0,0,14.2269963499773,0,3.30754144986471,0,6.278829586635,0,27.8092402321952,0,26.5072491123991,0,7.41303344498064,0,0,0,11.085133711497,0,7.53765172958374,0,0,0,0,0,5.72651017746992,0,0,0,0,0,0,0,0,0,0,0,0,0,0,0,0,0,0,0,0,11.7939650026196,0,3.08424520492554,0,17.1889289822429,48.4034233093262,12.5286189202881,28.021800994873,0
27.1871948242188,0,0,0,0,0,0,0,28.7486652374268,0,0,0,0,0,20.7910469902886,0,52.686703502268,63.9971631368001,38.8421251864047,0,6.56489909286054,0,0,0,0,0,0,0,0,0,0,0,0,0,0,0,19.5927651525347,0,10.3692860735787,105.301193237305,28.2448842184884,0,27.6618916554884,0,26.08558434479,89.184268951416,13.0684636323076,0,20.8878022655364,0,0,0,0,0,12.6691913604736,0,10.2521054837464,0,13.8899887737475,0,21.7222989082336,0,0,0,0,0,0,0,0,0,0,35.5328038533529,0,33.0748992724852,0,0,0,0,0,19.9311989598178,0,12.6620106167263,36.9145031933691,45.2334280014038,17.1074671607469,0,23.2011528015137
0,0,0,0,0,0,0,0,0,0,0,0,0,0,0,0,38.1350875854492,14.8286973958214,58.4248046875,0,0,5.6148604352156,7.05234171794011,4.11865581472715,0,6.61426058449709,0,6.76466597557068,0,0,0,0,0,0,0,0,0,9.1406853083998,8.97142593065898,0,0,0,0,0,0,0,0,0,0,6.73134695391256,0,0,0,0,0,0,0,0,0,0,0,0,0,0,0,0,4.56963714457447,0,5.95497556650619,0,6.47293868478637,0,0,0,0,0,0,0,0,0,6.02030902303708,0,5.67067559496434,11.6759480274085,18.4105579376221,0,0
0,0,0,0,0,0,0,0,0,0,0,0,0,0,0,0,15.4409622209413,42.705593926566,40.2458686828613,0,0,8.24183214738451,4.8318534348222,0,7.50966832723962,35.4316120147705,6.37362942041135,0,4.41301727294922,0,0,0,0,0,0,0,0,16.6770869890849,5.14482980737319,0,0,0,0,0,0,0,0,0,5.0813645595728,0,0,0,0,0,0,0,0,0,0,0,0,0,0,0,0,0,0,5.42168532584576,0,3.95816321883883,0,4.6555642980713,0,0,0,0,0,0,0,0,0,4.34262699633837,8.21784046681819,11.5453167204954,0,0,0
0,0,0,0,0,0,0,0,0,13.9208596030871,0,0,0,0,0,13.3538969914118,0,9.18762183189392,0,0,0,4.48969885311296,0,4.39305015185371,0,4.73212958872318,0,3.79999780654907,0,0,0,0,0,0,0,0,0,7.96360119700976,0,0,0,9.77236169317494,0,0,0,0,0,0,0,8.38446206775138,0,0,0,0,0,8.82044723273095,0,0,0,0,0,10.9830019329533,0,0,4.56963714457447,0,0,0,4.1664110126352,0,4.3198327785585,0,14.0709180831909,0,0,0,0,0,0,0,7.18788918041048,0,17.6563526045892,24.4003915786743,9.42428686013862,0,0
0,0,0,0,0,0,0,0,12.0697922519084,0,0,0,0,0,18.6337830225627,0,19.1936519940694,0,0,0,0,0,6.85351677536964,0,4.67078159258399,0,0,0,0,0,0,0,0,0,0,0,0,0,7.00884089018223,0,0,0,16.9515288670858,0,0,0,0,0,7.69501559550946,0,0,0,0,0,5.17612750585689,0,0,0,0,0,0,0,0,0,0,5.42168532584576,0,0,0,4.57972686999553,0,0,0,0,0,0,0,0,0,0,0,8.49867482432739,12.8239864316348,27.160547097524,10.7219532960421,0,0
0,0,0,0,0,0,0,0,0,0,0,0,0,0,0,2.85208404064178,45.3580932617188,12.6792199229017,61.1270065307617,0,0,4.55740683493407,0,3.46222955993052,0,3.10825389595919,0,3.28464641571045,0,0,0,0,0,0,0,0,0,0,0,0,0,0,0,0,0,0,0,0,0,4.88103519786488,0,0,0,0,0,0,0,0,0,0,0,3.11929601430893,0,0,5.95497556650619,0,4.1664110126352,0,0,0,4.93417581078274,0,0,0,0,0,0,0,0,0,0,0,5.7112164643346,31.845192167494,0,0,0
0,0,0,0,0,0,0,0,6.12889352468687,0,0,0,0,0,4.85386323928833,0,26.3400857925415,41.3334808349609,0,0,0,0,7.22525228153576,0,5.85312379820872,0,4.81297832393365,0,0,0,0,0,0,0,0,0,0,0,0,0,0,0,0,0,0,0,0,0,6.08719742992549,0,0,0,0,0,0,0,0,0,0,0,3.74793137822832,0,0,0,0,3.95816321883883,0,4.57972686999553,0,0,0,3.03099666039149,0,0,0,0,0,0,0,0,0,0,7.22197058677673,17.067179441452,8.83049488067627,0,0
0,0,0,0,0,0,0,0,0,0,0,0,0,0,0,0,0,0,0,0,0,8.01657020213992,0,9.17046350240707,0,5.68938763157215,0,4.59020210004622,0,4.37701389564658,0,0,0,0,0,0,0,6.71513214236812,0,0,0,0,0,0,0,0,0,0,0,5.35480110416209,0,0,0,0,0,0,0,0,0,0,0,0,0,0,6.47293868478637,0,4.3198327785585,0,4.93417581078274,0,0,0,7.32815612922205,0,0,0,0,0,0,0,5.97125916786737,0,3.67797495259179,3.29027046876795,7.76072645187378,0,0
20.703361193339,0,0,0,0,0,0,0,22.8284967740377,0,3.27917736768723,0,0,0,26.9553270339966,0,34.1275588444301,0,34.2152582469739,0,0,0,6.33498456671431,0,0,0,0,0,4.75270773673199,0,5.06321035932612,0,0,0,0,0,0,0,4.58143528648045,0,0,0,16.4375497837259,0,0,0,0,0,5.07815190903226,0,0,0,0,0,19.5207767486572,0,5.72872658209367,0,0,0,11.9381427168846,0,0,35.5328038533529,0,4.6555642980713,0,0,0,3.03099666039149,0,0,0,5.67532219205584,0,0,0,0,0,36.5095481872559,0,4.45534459017871,21.1131745094949,4.08471564451853,10.4887042737776,0,14.5167514801025
0,0,0,0,0,0,0,0,0,0,0,6.0822536284665,0,0,0,0,0,0,0,0,0,0,0,0,0,0,0,3.43565670270768,0,5.07073591231357,0,0,0,0,0,0,0,4.14046172783754,0,0,0,4.06585192680359,0,0,0,0,0,17.6298408508301,0,6.00826087176243,0,0,0,0,0,0,0,5.96739543914795,0,0,0,0,0,0,0,0,14.0709180831909,0,0,0,7.32815612922205,0,0,0,0,0,0,0,0,0,4.79285320361455,0,6.88672216526874,0,4.67432665479356,0,0
24.3481693532732,0,0,0,0,0,0,0,34.1412187877454,0,6.14685427917624,0,0,0,27.1979301417315,0,37.8522122110639,68.823797861735,36.6033670817707,0,31.7426828904585,0,0,0,0,0,0,0,2.96045660972595,0,4.52037835230271,0,0,0,0,0,35.6946843465169,0,3.33611385628235,0,0,0,17.1234988608259,0,42.9463272094727,0,51.749938419887,0,19.6803034221804,0,0,0,0,0,0,0,5.44986630437041,0,0,0,25.8474322001139,0,0,33.0748992724852,0,0,0,0,0,0,0,5.67532219205584,0,0,0,0,0,0,0,42.270778465271,0,7.04200367973037,23.5508886883094,0,13.3614393183329,0,16.4730027142693
0,0,0,0,0,0,0,0,0,0,0,0,0,0,0,0,0,0,0,0,0,0,0,0,0,0,0,0,0,0,0,6.03263028424354,9.09057140350342,29.3556135296822,0,6.30377213186168,23.4278240203857,0,0,11.1577231884003,0,34.2454147338867,0,0,0,0,0,7.41483559569374,0,7.16413888335228,0,0,0,0,0,0,0,0,0,0,0,0,0,0,0,0,0,0,0,0,0,0,0,0,0,0,29.999456579035,0,5.82803073238443,0,0,0,29.6256374359131,0,34.2529543876648,0,0
0,0,0,0,0,0,0,0,0,0,0,0,0,0,0,0,0,0,0,0,0,0,0,0,0,0,0,0,0,0,0,0,3.22728736713679,0,0,0,3.08792746653322,0,0,0,9.69266822338104,0,0,0,0,0,0,3.86809879642422,9.61545523654583,0,0,0,0,0,0,0,0,0,0,0,0,0,0,0,0,0,0,0,0,0,0,0,0,0,0,0,0,20.8488922119141,0,4.59719409214126,0,0,0,0,0,0,0
0,0,0,0,0,0,0,0,0,0,0,0,0,0,0,0,0,0,85.866340637207,0,0,0,0,0,0,0,0,0,0,0,0,16.8182783126831,12.0298709869385,4.8172818716974,5.05961972872416,16.5375145964506,19.1852855682373,4.80106455087662,0,26.8167815208435,0,28.7317458788554,0,0,0,0,0,5.11904781102756,0,10.1835598746936,0,0,0,0,0,0,0,0,0,0,0,0,0,0,0,0,0,0,0,0,0,0,0,0,29.999456579035,0,0,8.0085334777832,10.6192248119879,0,5.31544065802065,0,7.94389992049246,0,29.96963707606,0,0
0,0,0,0,0,0,0,0,0,0,0,0,0,0,0,0,0,0,0,0,0,0,0,0,0,0,0,0,0,0,0,0,10.149715423584,3.9629899136788,5.39766222111306,0,6.05780244024494,0,6.33861328043589,0,12.9592061042786,0,17.6144629955292,0,0,0,0,9.62103188016773,10.0660453450632,0,0,0,0,0,0,0,0,0,0,0,0,0,0,0,0,0,0,0,0,0,0,0,0,0,0,20.8488922119141,8.0085334777832,0,0,13.1794265168054,0,6.81966540568856,8.8043945895301,0,22.1424293518066,0,0
0,46.9589304924011,0,19.5144734096086,0,13.7565331728953,0,6.34254884719849,0,37.9574413299561,0,5.12211221456528,0,0,0,0,81.6377640774376,76.3309501041876,58.709889186056,9.81352970307333,0,0,0,0,0,0,0,0,0,0,0,6.42805144553433,5.82181243896484,15.4603839039803,9.48424501419067,8.5741069864599,8.76892773544826,5.77811721051933,3.55103489330837,12.5082122266293,9.61350969167856,33.7823398042848,79.2047233581543,35.2869528210352,74.6896324157715,19.8200735148041,91.6166902269636,14.8157477417222,35.3447237014771,17.1956106966192,0,0,0,0,0,0,0,14.1067304257993,0,0,0,25.0913639068604,11.7939650026196,0,0,0,0,0,0,0,0,0,0,0,5.82803073238443,0,10.6192248119879,0,0,68.0836692223182,5.86567433824311,0,20.6466793981944,26.0602591208049,24.6452742092019,34.8564456394741,86.3401921590169
24.9355435371399,0,0,0,5.94830903916989,0,4.86392096950583,0,66.6239903767904,0,5.6340246350293,0,0,0,24.5647446127499,0,65.3201248367111,88.63592542451,51.0834164233494,0,7.21326234105319,0,0,0,0,111.995697021484,0,0,0,0,0,3.68337568759918,3.4718081454436,0,6.20199030416983,7.55413562831573,8.09408104764284,0,7.06681378490084,105.06291785607,11.2636819459753,84.8936862945557,26.0295072725584,97.8239593505859,33.7174649381842,98.0553706242488,17.9432316501862,11.2251333480112,15.0922223364819,7.99205350875854,4.12440492412237,0,0,0,25.1234436035156,0,22.3306160121231,0,21.2394437432289,0,23.6625408692793,0,0,19.9311989598178,0,0,0,0,0,0,0,36.5095481872559,0,42.270778465271,0,4.59719409214126,0,13.1794265168054,68.0836692223182,0,0,6.24640971631743,12.3442326905795,8.47738370844793,20.9468878071633,83.5327224731445,33.5337411403656
