0,0,0.00500944376384814,0,0.000242854890741931,0,0,0,0.0622073758411517,0,0,0,0,0,5.36514449761929e-05,0,0,0,2.05622382222731e-05,0,0,0,0,0,0,0,0,0,0,0,0,0,0,0,0,0,0,0,0,0,0,0,0.00980491040560074,0,0,0,0,0,0.00631664250790521,0,0.000175934564070143,0,0,0,0.0255935410801786,0,0,0,0,0,0.040951991340513,0,0,0,0,0,0,0,0,0,0,0,0,4.99643366631587e-05,0,0,0,0,0,0,0,0,0.000204632367569216,0,0.0153153360352289,0,0.00152213617093869
0,0,0,0,0,0,0,0,0,0.0572881303899415,0,0,0,0,0,0,0,0,0,0,0,0,0,0,0,0,0,0,0,0,0,0,0,0,0,0,0,0,0,0,0,0.0316550183035486,0,0,0,0,0,0,0,0.00801831476972825,0,0,0,0,0,0.0869389851069678,0,0,0,0,0,0.0139245629302727,0,0,0,0,0,0,0,0,0,0,0,0,0,0,0,0,0,0,0,0,0.000654719744443988,0,0.00849891511913324,0.0109708620630486,0
0.00500944376384814,0,0,0,0.0619247867800021,0,0,0,0.0147100035575055,0,0,0,0,0,0.00372555863033089,0,0,0,6.71340152971431e-06,0,0.00116906473123613,0,0,0,0,0,0,0,0,0,0,0,0,0,0,0,0,0,0,0,0,0,0.00574728797489655,0,0,0,0.00166980466416471,0,0.0012421510919458,0,0.00105569547852998,0,0,0,0.00801660416323365,0,0.000658040561184014,0,0,0,0.00647303382194579,0,0,0.0198547561800977,0,0,0,0,0,0,0,0,0,0,0,0,0,0,0,0,0,0,0.000238994690370884,0,0.0143692059832365,0,0.00465799938051294
0,0,0,0,0,0.00178535339433764,0,0,0,0.00265669942797986,0,0,0,0,0,0,0,1.3118958877677e-05,0.000193553498873655,0.000677067284273084,0,0,0,0,0,0,0,0,0,0,0,0,0,0,0,0.000821023686978238,0,0,0,0.000173371372552676,0,0.0178344791015979,0,0,0,0.0013415265287798,0,0,0,7.34974347886238e-05,0,0.0353906798471465,0,0,0,0,0,0,0,0.000121724505531089,0,0.00452705753039229,0.0181489906006156,0,0,0,0,0,0,0,0,0,0,0,0,0,0,0,0.00139648519068,0,0,0,0.000404151393540773,0,0.0451131101669068,0.00855475105963341,0
0.000242854890741931,0,0.0619247867800021,0,0,0,0,0,0.000658659649215694,0,0,0,0,0,0.00826905569401407,0,0,0,0,0,0.00361365285017652,0,0,0,0,0,0,0,0,0,0,0,0,0,0,0,0,0,0,0,0,0,0.000491570508092008,0,0,0,0.000207808658431323,0,0.000204873671334954,0,0.280991589623585,0,0.00206210941576523,0,0.00331608364765094,0,0.00765419276119722,0,0.0274786496255898,0,0.0670476922613855,0,0,0.0032590545236883,0,0,0,0,0,0,0,0,0,0,0,0,0,0,0,2.24916126582629e-05,0,0,2.38916597869148e-06,0,0.004410769450355,0,0
0,0,0,0.00178535339433764,0,0,0,0.0313039324567963,0,0.00453739169756281,0,0,0,0,0,0,0,0,0,0.0125791888626215,0,0,0,0,0,0,0,0,0,0,0,0,0,0,0,4.13244773615564e-05,0,0,0,0,0,0,0,0,0,0,0,0,0,0,0,0.0596502363732215,0,0,0,0,0,0.000586729506315357,0,0.000179605488254809,0,0.000295764590928294,0.00647939452642886,0,0,0,0,0,0,0,0,0,0,0,0,0,0,0,3.04879291762216e-05,0,0,0,0.00153019919034044,0,0.00343145642076774,0,0
0,0,0,0,0,0,0,0,0,0,0,0,0,0,0,0,0,0,0,0,0.000784795183110198,0,0,0,0,0,0,0,0,0,0,0,0,0,0,0,0.000194904195747128,0,0,0,0,0,0,0,0,0,0,0,0,0,0.00319901654272978,0,0.0795791990522507,0,0,0,0.00219551841143692,0,0.0145453093529097,0,0,0,0,0,0,0,0,0,0,0,0,0,0,0,0,0,0,0,0,0,0,0,5.62375907975365e-06,0,0,0,0
0,0,0,0,0,0.0313039324567963,0,0,0,0,0,0,0,0,0,0,0,0,0,0.0181376490053893,0,0,0,0,0,0,0,0,0,0,0,0,0,0,0,0,0,0,0,0,0,0,0,0,0,0,0,0,0,0,0,0.0021559971269678,0,0.00633630726677939,0,0,0,0.00161602592881294,0,0.00078266316984819,0,0,0.00875376612545121,0,0,0,0,0,0,0,0,0,0,0,0,0,0,0,0,0,0,0,0.00209065866648572,0,0,0,0
0.0622073758411517,0,0.0147100035575055,0,0.000658659649215694,0,0,0,0,0,0,0,0,0,0.110392786696677,0,0.00731527060021519,0,0.0026243071901119,0,4.29376884091839e-05,0,0,0,0.00399512518068815,0,0.0155321669199894,0,0,0,0,0,0,0,0,0,0,0,0.00411439220058,0,0,0,0.00779579879399636,0,0,0,0.000324366746379343,0,0.00633856869538684,0,0,0,0,0,0.212284155871737,0,0.000135594333887518,0,0.000767123289262818,0,0.131175474042867,0,0,0.000335949626532148,0,0,0,0.000946034148632367,0,0.000209582470330491,0,0,0,0,0,0,0,0,0,0,0,0.000253972962171167,0.00603580589559978,8.34918917286886e-05,0.0250825002291687,0,0.00187758874029323
0,0.0572881303899415,0,0.00265669942797986,0,0.00453739169756281,0,0,0,0,0,0,0,0,0,0.0345865955357626,0,0.00580540959064406,0,0,0,0,0,0.00574631316521489,0,0.00879196563561055,0,0,0,0,0,0,0,7.59458369835693e-05,0,0,0,0.00197138530067964,0,0,0,0.00422780676497103,0,0,0,0,0,0,0,0,0,0.000223526922633836,0,0,0,0.182750696610428,0,0,0,0,0,0.0128146079610287,0,0,0,0,0.000301490982362595,0,0.000783793856571888,0,0,0,0,0,0,0,0.000133142115024195,0,0,0,0.00126040734621131,0,0.00718639321213452,0,0.00382115500685359,0.00243772293513632,0
0,0,0,0,0,0,0,0,0,0,0,0,0.0238335318236524,0,0,0,0,0,0,0,0.107610781966878,0,0,0,0,0,0,0,0,0,8.64939647726715e-05,0,0,0,0,0,0.0185878564509293,0,0.0297470917621303,0,0,0,0,0,0,0,0,0,0,0,0,0,0,0,0,0,0.0120480223114519,0,0.00171837582828513,0,0,0,0,0.00372342638862675,0,0,0,0,0,0,0,0,0,0,0,0,0,0,0,0.00353185660900841,0,0.00713682908300368,0.00258500519113166,0.000500694580904849,0,0,0
0,0,0,0,0,0,0,0,0,0,0,0,0,0.0208091941373786,0,0,0,0,0,0.100331336444445,0,0,0,0,0,0,0,0.000525862160866142,0,0.000541369596419108,0,0,0,0,0,0.00936883600793354,0,0.038065919849614,0,0,0,0,0,0,0,0,0,0,0,0,0,0,0,0,0,0,0,0.0799020059859068,0,0.00351570503020485,0,0,0.0495109758690832,0,0,0,0,0,0,0,0,0,0.00649819187448252,0,0,0,0,0,0.00200620483435241,0,0.0153236433740835,0,0.00347718157018624,0,0,0,0
0,0,0,0,0,0,0,0,0,0,0.0238335318236524,0,0,0,0.00571239073514062,0,0,0,0,0,0,0,0,0,0,0,0,0,0.00150688184433863,0,0,0,0,0,0,0,0,0,0,0,0,0,0,0,0,0,0,0,0,0,0,0,0,0,0,0,0.0146481696194812,0,0.0369763073409267,0,0.000564099992466933,0,0,0,0,0,0,0,0,0,0,0,0,0,0,0,0,0,0,0,0,0,0.000786859416710382,1.89082030701452e-05,0,0,0
0,0,0,0,0,0,0,0,0,0,0,0.0208091941373786,0,0,0,0,0,2.54527457319694e-05,0,0,0,0,0,0,0,9.46404612100042e-05,0,0,0,0.000851890821912428,0,0,0,0,0,0,0,0,0,0,0,0,0,0,0,0,0,0,0,0,0,0,0,0,0,0,0,0.00163466015829519,0,0.0929670044349601,0,0,0,0,0,0,0,0,0,0,0.00592222101087212,0,0,0,0,0,0,0,0,0,0,0,0.00167436471694934,0.00014598116269062,0,0,0
5.36514449761929e-05,0,0.00372555863033089,0,0.00826905569401407,0,0,0,0.110392786696677,0,0,0,0.00571239073514062,0,0,0,0.00501962498184081,0,0,0,0,0,0,0,0,0,0.00946116583341976,0,0,0,0,0,0,0,0,0,0,0,0,0,0,0,1.32050115495555e-05,0,0,0,0,0,0,0,0.00807008894038464,0,0,0,0.0330702933799349,0,0,0,0.000872764765649393,0,0.242444028167673,0,0,0,0,0,0,0,0,0.000713741643709127,0,0,0,0,0,0,0,0,0,0,0,0,0.00623817192915149,0.000126911981457809,0,0,0
0,0,0,0,0,0,0,0,0,0.0345865955357626,0,0,0,0,0,0,0,0.00806701990198562,0,0,0,0,0,0,0,6.26005800556445e-05,0,0,0,0,0,0,0,0,0,0,0,0,0,0,0,0,0,0,0,0,0,0,0,0,0,0,0,0,0,0.022544872578617,0,0,0,0,0,0.0617987594457952,0,0,0,0,0,0,0,0,0,0,0,0,0,0,0,0,0,0,0,0,9.44904476566907e-05,3.15202373712964e-06,0,0,0
0,0,0,0,0,0,0,0,0.00731527060021519,0,0,0,0,0,0.00501962498184081,0,0,0.224636781104865,0.10866685025594,0,7.59372153408823e-05,4.57872544290462e-06,0.00790156263745401,0,0.0138353870991569,0.000102699214562335,0.04528303431249,0,0.000443564915372091,0,0,0,0,0,0,0,0,0,0,0.00135876744612531,0.000886343911104013,0.00151475125774409,0.00358776499950531,0.000506902228310503,0.000575562147551461,0.000101034625573254,0.00434062334588055,0,0,0,0,0,0,0,0,0,6.23316645209867e-05,0,0,0,0.000574313740276136,0,0,0.000748966147171479,0,0.000121478537257962,0,0,0,0.0134338065028338,0,0,0,0,0,0,0,0,0.00031317676725695,0.00062513519668262,0,0,0.0341508601070067,0.00330506600143819,0.0129896747929999,0.00022705161138689,0.000965726609841073
0,0,0,1.3118958877677e-05,0,0,0,0,0,0.00580540959064406,0,0,0,2.54527457319694e-05,0,0.00806701990198562,0.224636781104865,0,0.104879878514232,0,1.78728132881312e-05,0.000127763467966984,0.00107285517862165,0.00144723938620083,0.00222048343309462,0.0275827343640232,0.000339422003680837,0.00202709709133398,0,0,0,0,0,0,0,0,0,0,0,0.00149539197910473,0.000286442832972394,0.00315476808067129,0.000939520462881303,0.000488130526522226,4.14878624077979e-05,0.000488850649696112,0.00107257172412492,0,0,0,0,0,0,0,0,0.000688671645706309,4.66863136843512e-06,0,0,0,0,0.000899426587013437,0,3.00121904910356e-05,0,0,0,0,0.000700256785374539,4.91557367868754e-05,0,0,0,0,0,0,0,0,0.000169133611997476,0.000241161337585457,0,0,0.0195494893174056,0.0022191119572178,0.00754857654693813,0.000674991484083066,0.000219376871869593
2.05622382222731e-05,0,6.71340152971431e-06,0.000193553498873655,0,0,0,0,0.0026243071901119,0,0,0,0,0,0,0,0.10866685025594,0.104879878514232,0,0,0.000484751398602893,8.3618809267722e-06,0.000313178558596036,0,0.000382187060063153,0,4.61197037985236e-05,0,0,0,0,0,0,0,0,0,2.81073647285363e-05,0,0,0.0288518636485435,0.0102196412746225,0.0534962838361046,0.0269723608159595,0.014987068534123,0.00624212120610229,0.0108132454923035,0.0466403412015426,0,0,0,0,0,0,0,0,3.32486833396622e-05,0.000185178312268957,7.08647474238636e-06,0,0,0,0,3.9586873785822e-05,0.00210324268469635,0,0,0,0,0,4.19555088757885e-05,0,0,0,0,0,0,0,0,0.00481296768275964,0.00849746694918081,0,0,0.017865213753401,3.40658730851298e-05,0.144408114795208,0.0116072662471651,0.00844748327640746
0,0,0,0.000677067284273084,0,0.0125791888626215,0,0.0181376490053893,0,0,0,0.100331336444445,0,0,0,0,0,0,0,0,0,0,0,0,0,0,0,0,0,0,0,0,0,0,0,0.0105077813503697,0,0.00549411921698448,0,0,0,0,0,0,0,0,0,0,0,0,0,0,0,0,0,0,0,0.00530184819974837,0,0,0,0,0.135868230315742,0,0,0,0,0,0,0,0,0,0,0,0,0,0,0,0.00246363056016742,0,0.000138120995991661,0,0.00161585734518842,0,0.00450418529367907,0,0
0,0,0.00116906473123613,0,0.00361365285017652,0,0.000784795183110198,0,4.29376884091839e-05,0,0.107610781966878,0,0,0,0,0,7.59372153408823e-05,1.78728132881312e-05,0.000484751398602893,0,0,0,0,0,0,0,0,0,0,0,0,0,0,0,0,0,0.0085805286574673,0,0.00861498714122015,9.27156030270174e-06,0,0,0.000208080953893096,0,0.000161103987328865,0,0.00166226635069724,0,4.27383379292186e-05,0,0.00314263963649647,0,0.00103249729143953,0,0,0,0.0252299212205743,0,0,0,0,0,0,0.0428855349546574,0,0,0,0,0,0,0,0,0,0,0,0,0,0,0,0.00679938173753319,0,0.00178838077420438,0.00154797838200516,3.90477165830263e-06,0.00380086604123944,0,7.93780036562539e-05
0,0,0,0,0,0,0,0,0,0,0,0,0,0,0,0,4.57872544290462e-06,0.000127763467966984,8.3618809267722e-06,0,0,0,0.0105121335977248,0,0,3.39446251577218e-05,0,6.5915231971303e-05,0,0,0,0,0,0,0,0,0,0.00405197928488196,0.00056449835532619,0,0,0,0,0,0,0,0,0,0,0,0,0,0,0,0,0,0,0,0,0,0,0,0,0,0.0405083199806922,0.00111353385568292,0,0,2.59241969615687e-05,0,0.00101889525439493,0,0,0,0,0,0,0,0,0,0.00589598014811301,0,0.00138567441963927,0,0,0,0
0,0,0,0,0,0,0,0,0,0,0,0,0,0,0,0,0.00790156263745401,0.00107285517862165,0.000313178558596036,0,0,0.0105121335977248,0,0,0.00326810804394394,0,0.00633384372536748,0,0.00298852538603908,0,0,0,0,0,0,0,0,0,0.00878798797888083,0,0,0,0,0,0,0,1.65910703151619e-05,0,0.000161512521654132,0,0,0,0,0,0,0,0,0,0,0,0,0,0,0,0.00123916804237236,0.0473829824395021,0,0.00165598349831399,0,0.00119953154081561,0,0.00461652738599519,0,0,0,0,0,0,0,0,0,0.0138876313952625,0.00318337541098057,0,4.36944071457871e-06,0,0
0,0,0,0,0,0,0,0,0,0.00574631316521489,0,0,0,0,0,0,0,0.00144723938620083,0,0,0,0,0,0,0,0,0,0,0,0,0,0,0,0,0,0,0,0.00234535384928692,0,0,0,0,0,0,0,0,0,5.51509480276428e-05,0,4.58742810737897e-05,0,0,0,0,0,0.0603395496786914,0,0,0,0,0,0,0,0,0,0,0.00118469375593122,0,0,0,0,0,0,0,0,0,0,0,0,0,0.000392531040310493,0,0.00120956597717763,1.92689658064424e-05,0.00231922364760019,8.55387876992761e-05,0
0,0,0,0,0,0,0,0,0.00399512518068815,0,0,0,0,0,0,0,0.0138353870991569,0.00222048343309462,0.000382187060063153,0,0,0,0.00326810804394394,0,0,0,0.0151157576725256,0,0,0,0,0,0,0,0,0,0,0,0.00504995897762589,0,0,0,3.19994921774394e-05,0,0,0,8.03085765186413e-05,0,0.00639882215049655,0,0,0,0,0,0.00816930537126655,0,0,0,0,0,0,0,0,0,0,9.95558596518983e-05,0,0.0736992600641023,0,0.00562453993518887,0,0,0,0,0,0,0,0,0,0,0,0.00145218323979631,0.00192508835524374,0,0.00119834698668897,0,0
0,0,0,0,0,0,0,0,0,0.00879196563561055,0,0,0,9.46404612100042e-05,0,6.26005800556445e-05,0.000102699214562335,0.0275827343640232,0,0,0,3.39446251577218e-05,0,0,0,0,0,0.0143210441463844,0,0,0,0,0,0,0,0,0,0,0,0,0,0,0,0,0,0,0,0,0,0,0,0,0,0,0,0.120024929407248,0,0,0,0,0,0,0,0,0,0,0.00320011827383624,0,0.0260980398667091,0,0,0,0,0,0,0,0,0,0,0,0,0,0.0012498723409046,0,0,0,0
0,0,0,0,0,0,0,0,0.0155321669199894,0,0,0,0,0,0.00946116583341976,0,0.04528303431249,0.000339422003680837,4.61197037985236e-05,0,0,0,0.00633384372536748,0,0.0151157576725256,0,0,0,0.00406740439160165,0,0,0,0,0,0,0,0,0,0,0,0,0,0,0,0,0,0,0,0,0,0,0,0,0,0.00809556519933402,0,0,0,0,0,0,0,0,0,0,0.00256136836894851,0,0.0231158737526719,0,0.0532237457821591,0,0.00871101898205687,0,0,0,0,0,0,0,0,0,0,0.000673273606111415,0,0,0,0
0,0,0,0,0,0,0,0,0,0,0,0.000525862160866142,0,0,0,0,0,0.00202709709133398,0,0,0,6.5915231971303e-05,0,0,0,0.0143210441463844,0,0,0,0.0332198974808718,0,0,0,0,0,0,0,0,0,0,0,0,0,0,0,0,0,0,0,0,0,0,0,0,0,0,0,0,0,0,0,0,0,0,0,0,0,0,0.0131376759214231,0,0.0515555656164798,0,0.140937399795265,0,0,0,0,0,0,0,0.000107592994027073,0,5.78627391892444e-05,0,0,0,0
0,0,0,0,0,0,0,0,0,0,0,0,0.00150688184433863,0,0,0,0.000443564915372091,0,0,0,0,0,0.00298852538603908,0,0,0,0.00406740439160165,0,0,0,0.048538363701372,0,0,0,0,0,0,0,0.000104864231593102,0,0,0,0,0,0,0,0,0,0,0,0,0,0,0,0,0,0,0,0.00406854794286933,0,0,0,0,0,0,0,0,0,0,0.00125052057463222,0,0.036942208071583,0,0.0459717485363747,0,0,0,0,0,0,0,0.00207434445953881,0.00105585446164306,0.000202962512549173,0,0,0
0,0,0,0,0,0,0,0,0,0,0,0.000541369596419108,0,0.000851890821912428,0,0,0,0,0,0,0,0,0,0,0,0,0,0.0332198974808718,0,0,0,0,0,0,0,0,0,0.000615107536375303,0,0,0,0,0,0,0,0,0,0,0,0,0,0,0,0,0,0,0,0,0,0,0,0,0,0,0,0,0,0,0,0,0.000711832348189043,0,0.111465703840114,0,0,0,0,0,0,0,0.000319135467373618,0,0,0,0,0,0
0,0,0,0,0,0,0,0,0,0,8.64939647726715e-05,0,0,0,0,0,0,0,0,0,0,0,0,0,0,0,0,0,0.048538363701372,0,0,0,0,0,0,0,0,0,0.00714910067295743,0,0,0,0,0,0,0,0,0,0,0,0,0,0,0,0,0,0,0,0,0,0,0,0,0,0,0,0,0,0,0,0,0.00215774372093594,0,0.0930296142776121,0,0,0,0,0,0,0,0.00417859474689513,0,0,0,0,0
0,0,0,0,0,0,0,0,0,0,0,0,0,0,0,0,0,0,0,0,0,0,0,0,0,0,0,0,0,0,0,0,0.0179448234916755,0.0022157962619819,0.00478692744370262,0.00678219828078547,0,0,0,0,0,0,0,0,0,0,0,0.0457204483288084,9.42854798616898e-05,0,0,0,0,0,0,0,0,0,0,0,0,0,0,0,0,0,0,0,0,0,0,0,0,0,0.0898641125061166,0.0119079998304649,0.00297761413831001,0.00557664731529182,0.0100985590615724,1.43013369711376e-05,0,0,0.000472303527931832,0,0,0,0
0,0,0,0,0,0,0,0,0,0,0,0,0,0,0,0,0,0,0,0,0,0,0,0,0,0,0,0,0,0,0,0.0179448234916755,0,0,0.000310489679783346,0,0.00225063185369176,0,0,0,0,0,0,0,0,0,0,0.0330911448079807,0.000483566212342084,0,0,0,0,0,0,0,0,0,0,0,0,0,0,0,0,0,0,0,0,0,0,0,0,0,0.00310729525273967,0.0763292568786291,5.35639174927809e-05,0.00332234330264337,6.84328831277673e-06,0.00852929151920851,0,0,0.000138157686863563,0,0,0,0
0,0,0,0,0,0,0,0,0,7.59458369835693e-05,0,0,0,0,0,0,0,0,0,0,0,0,0,0,0,0,0,0,0,0,0,0.0022157962619819,0,0,0.334654887099193,0.00917089489152831,0,0.0044596991204976,0.000346390855762705,0,0,0,0,0,0,0,0,0.168550423324989,0.00024538972938865,5.47159682236966e-05,0,0,0,0,0,0,0,0,0,0,0,0,0,0,0,0,5.10150201621547e-05,0,0,0,0,0,0,0,0.00645288607309478,0,0.103613657906063,0.226148776124437,0.00394081164013672,0,0.00283497485375058,0.000160011131190273,0.00134311102130947,0,0,0,0
0,0,0,0,0,0,0,0,0,0,0,0,0,0,0,0,0,0,0,0,0,0,0,0,0,0,0,0,0,0,0,0.00478692744370262,0.000310489679783346,0.334654887099193,0,0,0.0070354507671302,0.0023043182543067,0.00335880022872022,0,0,0,0,0,0,0,0,0.0682355336962667,0.000848305143419235,3.26389039349655e-05,0,0,0,0,0,0,0,0,0,0,0,0,0,0,0,0,0,0,0,0,0,0,0,0,0.000674123170338727,0.0187820847145781,0.0472186824922891,0.358577586042701,0,0.00635077185148684,0.000187930125799858,0.00216494248121048,0.00171960708612425,0,3.0465370893939e-05,0,0
0,0,0,0.000821023686978238,0,4.13244773615564e-05,0,0,0,0,0,0.00936883600793354,0,0,0,0,0,0,0,0.0105077813503697,0,0,0,0,0,0,0,0,0,0,0,0.00678219828078547,0,0.00917089489152831,0,0,0.00555804651064254,0.0211941480990363,0.00149901623683243,5.68719276296793e-06,0,5.79366012144446e-06,0,0,0,0.000302839307982364,0,0.0026741769538547,3.11854185748329e-06,0,0,0,0,0,0,0,0,9.87064189993016e-05,0,0,0,0,0.0150677173306529,0,0,0,0,0,0,0,0,0,0,0,0.00900083986662537,0,0.000822840243052968,0,0.137489039387975,0.00429638879090042,0.000791380505179185,0,0.0118291455520589,7.49560708770423e-05,0.0011648195316303,0,0
0,0,0,0,0,0,0.000194904195747128,0,0,0,0.0185878564509293,0,0,0,0,0,0,0,2.81073647285363e-05,0,0.0085805286574673,0,0,0,0,0,0,0,0,0,0,0,0.00225063185369176,0,0.0070354507671302,0.00555804651064254,0,0.000419256472267373,0.01060225364222,1.2785471016636e-06,0,0,2.77043126620384e-06,0,8.86436562071311e-06,0,3.61113896461139e-05,0.000964787161300437,0,0,0,0,0,0,0,0,0.00532583976337759,0,0,0,0,0,0,0.000320773584154051,0,0,0,0,0,0,0,0,0,0,0,0.000361281051782291,0,0.000532458619854339,1.42086521119232e-05,0.110622530003741,0,0.0007388610950771,0.0107689250751604,0.0019932298257403,0.000868631109852455,0,0
0,0,0,0,0,0,0,0,0,0.00197138530067964,0,0.038065919849614,0,0,0,0,0,0,0,0.00549411921698448,0,0.00405197928488196,0,0.00234535384928692,0,0,0,0,0,0.000615107536375303,0,0,0,0.0044596991204976,0.0023043182543067,0.0211941480990363,0.000419256472267373,0,0.00663338421784073,0,0,0.00144303172005748,0,0,0,0,0,0.0115890318474082,0,0.00140078452780061,0,0,0,0,0,0.0001878201301301,0,0.00365210513558585,0,0,0,0,0.00551838686827129,0,0.00102432818173574,0,0.00556015989877966,0,0,0,0,0,0.000615694354167778,0,0,0,0.00473013328336577,0,0.00491566771620698,0,0.107285883686739,0.000659236273825684,0.00411609559926478,4.15778933980063e-06,0.00137803286931056,5.96366637101815e-06,0
0,0,0,0,0,0,0,0,0.00411439220058,0,0.0297470917621303,0,0,0,0,0,0,0,0,0,0.00861498714122015,0.00056449835532619,0.00878798797888083,0,0.00504995897762589,0,0,0,0.000104864231593102,0,0.00714910067295743,0,0,0.000346390855762705,0.00335880022872022,0.00149901623683243,0.01060225364222,0.00663338421784073,0,0,0,0,0.000772771396191207,0,0,0,0,0.00174962866160357,0.00715230863924049,0,0,0,0,0,0.006056820103231,0,0.00484782242919434,0,0,0,0,0,0,6.46548418828276e-05,0,0.00225921844271811,0,0.00128618458189699,0,0,0,0,0,0.00229682037541231,0,0,0.000599242666551471,0.00453164273447348,3.48772564353536e-05,0.0064882499932131,0.00027178734505023,0.126081135576336,0.00303884283972518,3.77138917428965e-05,0.00192748018620394,0,0
0,0,0,0.000173371372552676,0,0,0,0,0,0,0,0,0,0,0,0,0.00135876744612531,0.00149539197910473,0.0288518636485435,0,9.27156030270174e-06,0,0,0,0,0,0,0,0,0,0,0,0,0,0,5.68719276296793e-06,1.2785471016636e-06,0,0,0,5.03376862840332e-05,0.0655932307901191,0.000537343922050135,0.051792525730137,0.000674508860173352,0.0286254105836267,0.00703505335786547,4.08236203598986e-05,0,0.0364035605011912,0,0,0,0,0,0,0,0,0,0,0,0,0.000975912002826239,0,0,0,0,0,0,0,0,0,0,0,0,0,0,0,0.00156939259676429,9.73416305934192e-05,0,0,0.00133079380326144,3.00567511338752e-06,0.131068679533383,0.00445146551598676,0.000239270212764662
0,0,0,0,0,0,0,0,0,0,0,0,0,0,0,0,0.000886343911104013,0.000286442832972394,0.0102196412746225,0,0,0,0,0,0,0,0,0,0,0,0,0,0,0,0,0,0,0,0,5.03376862840332e-05,0,0.000108202372641476,0.0468204375955797,0.000302795629965685,0.0487681248553871,0.000219733079394088,0.0534094294350721,0.000345789868971832,0.0243346853089968,0,0,0,0,0,0,0,6.95652049175415e-06,0,0,0,0,0,0,0.00751957944872062,0,0,0,0,0,0,0,0,0,0,0,0,0,0,1.30316541762736e-06,0.00338231578026351,0,0,0.000553350194264358,0,0.0623785271508278,8.8336746195686e-05,0.00215128395102288
0,0.0316550183035486,0,0.0178344791015979,0,0,0,0,0,0.00422780676497103,0,0,0,0,0,0,0.00151475125774409,0.00315476808067129,0.0534962838361046,0,0,0,0,0,0,0,0,0,0,0,0,0,0,0,0,5.79366012144446e-06,0,0.00144303172005748,0,0.0655932307901191,0.000108202372641476,0,0.0097430231145778,0.00880795486178769,7.30856820859263e-05,0.0041087183448455,0.000803138895203728,0.00270640736373469,0,0.0558107364182181,0,0,0,0,0,0.00138396367229912,0,0.000866242556591471,0,0,0,0,0.000302743251173729,6.80629590976691e-05,0,0,0,0,0,0,0,0,0.000429895096949208,0,0,0,0,0,0.00218351257107681,8.82021296589865e-05,0,0,0.0104208011413844,2.08837871636078e-05,0.191447137793353,0.0761637677816401,7.00346759144777e-05
0.00980491040560074,0,0.00574728797489655,0,0.000491570508092008,0,0,0,0.00779579879399636,0,0,0,0,0,1.32050115495555e-05,0,0.00358776499950531,0.000939520462881303,0.0269723608159595,0,0.000208080953893096,0,0,0,3.19994921774394e-05,0,0,0,0,0,0,0,0,0,0,0,2.77043126620384e-06,0,0.000772771396191207,0.000537343922050135,0.0468204375955797,0.0097430231145778,0,0.000107650906926004,0.00723825743303792,7.36530371991066e-05,0.0201291962825353,0.00107897531076208,0.0253149900191923,0.000227102665904341,0.000204166490993363,0,0,0,0.000785958951664282,0,0.0124167811331688,0,0,0,0.000383583374671967,0,0,0.00490412578914831,0,0,0,6.33281395161361e-05,0,0,0,0,0,0.000217675214304055,0,0,0,0,5.58730863150848e-05,0.00338827527291146,0,0,0.00460393746689384,0,0.185735012303365,0.000283568629927608,0.141432865497571
0,0,0,0,0,0,0,0,0,0,0,0,0,0,0,0,0.000506902228310503,0.000488130526522226,0.014987068534123,0,0,0,0,0,0,0,0,0,0,0,0,0,0,0,0,0,0,0,0,0.051792525730137,0.000302795629965685,0.00880795486178769,0.000107650906926004,0,0.00011155212747152,0.00583440504106388,0.000890748789771832,0,0,0,0,0,0,0,0,0,0,0,0,0,0,0,0,0,0,0,0,0,0,0,0,0,0,0,0,0,0,0,0.00138692175350229,4.26992850677827e-05,0,0,0.000419378967333273,9.964167222337e-07,0.0189095563658191,0.00758561130937852,0.000153424939985681
0,0,0,0,0,0,0,0,0,0,0,0,0,0,0,0,0.000575562147551461,4.14878624077979e-05,0.00624212120610229,0,0.000161103987328865,0,0,0,0,0,0,0,0,0,0,0,0,0,0,0,8.86436562071311e-06,0,0,0.000674508860173352,0.0487681248553871,7.30856820859263e-05,0.00723825743303792,0.00011155212747152,0,6.22425890019543e-05,0.0332485679691314,0,0,0,0,0,0,0,0,0,1.92704083651129e-05,0,0,0,0,0,0,0.00164988583101842,0,0,0,0,0,0,0,0,0,0,0,0,0,0,3.3678531090269e-05,0.00433066791784871,0,0,0.000359702731479126,0,0.0213212803115696,0.000119731360415014,0.00643929748519743
0,0,0,0.0013415265287798,0,0,0,0,0,0,0,0,0,0,0,0,0.000101034625573254,0.000488850649696112,0.0108132454923035,0,0,0,0,0,0,0,0,0,0,0,0,0,0,0,0,0.000302839307982364,0,0,0,0.0286254105836267,0.000219733079394088,0.0041087183448455,7.36530371991066e-05,0.00583440504106388,6.22425890019543e-05,0,0.0024118644815123,0,0,0.000140499890645694,0,0,0,0,0,0,0,7.35232398291262e-05,0,0,0,0,0.0664349544178921,3.5735616307233e-05,0,0,0,0,0,0,0,0,0,0,0,0,0,0,0.0222453703547551,8.75019057575081e-05,0,0,0.000624030269048967,4.63967902545993e-07,0.100149911483907,0.00142337035598253,0.000356251294220119
0,0,0.00166980466416471,0,0.000207808658431323,0,0,0,0.000324366746379343,0,0,0,0,0,0,0,0.00434062334588055,0.00107257172412492,0.0466403412015426,0,0.00166226635069724,0,1.65910703151619e-05,0,8.03085765186413e-05,0,0,0,0,0,0,0,0,0,0,0,3.61113896461139e-05,0,0,0.00703505335786547,0.0534094294350721,0.000803138895203728,0.0201291962825353,0.000890748789771832,0.0332485679691314,0.0024118644815123,0,0,0.00336215083843379,0,0,0,0,0,0,0,0.000113560232070769,0,0,0,0,0,0,0.0740452194350082,0,0,0,0,0,0,0,0,0,0,0,0,0,0,0.000175950663729444,0.0201456341618594,0,0,0.00178159673044622,3.97569451054178e-07,0.0737712286458235,9.39203103228333e-05,0.00201964649031819
0,0,0,0,0,0,0,0,0,0,0,0,0,0,0,0,0,0,0,0,0,0,0,5.51509480276428e-05,0,0,0,0,0,0,0,0.0457204483288084,0.0330911448079807,0.168550423324989,0.0682355336962667,0.0026741769538547,0.000964787161300437,0.0115890318474082,0.00174962866160357,4.08236203598986e-05,0.000345789868971832,0.00270640736373469,0.00107897531076208,0,0,0,0,0,0.0788724133943606,0.053350826950591,0,0,0,0,0,0,0,0,0,0,0,0,0,0,0,0,0.000501870474425766,0,0,0,0,0,0,0,0.152297143636443,0.17896115574562,0.146540006320591,0.0855245034347625,0.0127689053531885,0.0424064985868199,0.0273620185207761,0.0414747328064953,0.0124349177623256,0,0.013613292930247,0,0
0.00631664250790521,0,0.0012421510919458,0,0.000204873671334954,0,0,0,0.00633856869538684,0,0,0,0,0,0,0,0,0,0,0,4.27383379292186e-05,0,0.000161512521654132,0,0.00639882215049655,0,0,0,0,0,0,9.42854798616898e-05,0.000483566212342084,0.00024538972938865,0.000848305143419235,3.11854185748329e-06,0,0,0.00715230863924049,0,0.0243346853089968,0,0.0253149900191923,0,0,0,0.00336215083843379,0.0788724133943606,0,0.00165813036428313,0.000827888647295196,0,0,0,0.00451453485027912,0,0.00454592987278687,0,0.00015481437689116,0,0.00624210214077438,0,0,0.00032869595935843,0,0,0,0.0128654386922758,0,0,0,0.000235446880562603,0,0.00584055560636726,0.00115205789128413,0.000539396947847253,0.000300797602597967,0.0017403548599013,0.000525013617962566,0.00590093545948197,0,0.0306170674018572,0.00116102137176535,1.29113398985811e-05,0.0601860054291693,0,0.000853721055264204
0,0.00801831476972825,0,7.34974347886238e-05,0,0,0,0,0,0,0,0,0,0,0,0,0,0,0,0,0,0,0,4.58742810737897e-05,0,0,0,0,0,0,0,0,0,5.47159682236966e-05,3.26389039349655e-05,0,0,0.00140078452780061,0,0.0364035605011912,0,0.0558107364182181,0.000227102665904341,0,0,0.000140499890645694,0,0.053350826950591,0.00165813036428313,0,0,0,0,0,0,0.000514721999737795,0,0,0,0,0,0,0,0,0,0,4.22335036896109e-05,0,0,0,0,0,4.44626145023035e-05,0,0.00111658821273861,0,7.41783833554531e-05,0,0.00104929002578988,8.66291626834624e-06,0.00589997328220028,0,0.00157144832644837,0,0.0447728492962794,0.00135159934736272,0
0.000175934564070143,0,0.00105569547852998,0,0.280991589623585,0,0.00319901654272978,0,0,0,0,0,0,0,0.00807008894038464,0,0,0,0,0,0.00314263963649647,0,0,0,0,0,0,0,0,0,0,0,0,0,0,0,0,0,0,0,0,0,0.000204166490993363,0,0,0,0,0,0.000827888647295196,0,0,0,0.00285122284903361,0,0.00676750401813142,0,0.000449603157422597,0,0.0233861120539178,0,0.0582213754149613,0,0,0.000547708921925296,0,0,0,0,0,0,0,0,0,0,0,0,0,0,0,2.79392646114846e-05,0,0,0.000835250466725812,0,0.000224010299099076,0,0
0,0,0,0.0353906798471465,0,0.0596502363732215,0,0.0021559971269678,0,0.000223526922633836,0,0,0,0,0,0,0,0,0,0,0,0,0,0,0,0,0,0,0,0,0,0,0,0,0,0,0,0,0,0,0,0,0,0,0,0,0,0,0,0,0,0,0,0,0,0,0,0.0205426211783593,0,0.0447219489974744,0,0.040182692211964,0,0,0,0,0,0,0,0,0,0,0,0,0,0,0,0,0,0,0,0,0.000461695724022377,0,0,0,0
0,0,0,0,0.00206210941576523,0,0.0795791990522507,0,0,0,0,0,0,0,0,0,0,0,0,0,0.00103249729143953,0,0,0,0,0,0,0,0,0,0,0,0,0,0,0,0,0,0,0,0,0,0,0,0,0,0,0,0,0,0.00285122284903361,0,0,0,0,0,0,0,0.000452528191487757,0,0,0,0,0,0,0,0,0,0,0,0,0,0,0,0,0,0,0,0,0,0,0,0.000115305472308997,0,0,0,0
0,0,0,0,0,0,0,0.00633630726677939,0,0,0,0,0,0,0,0,0,0,0,0,0,0,0,0,0,0,0,0,0,0,0,0,0,0,0,0,0,0,0,0,0,0,0,0,0,0,0,0,0,0,0,0,0,0,0,0,0,0.000288720795958973,0,0.00818259220498004,0,0,0,0,0,0,0,0,0,0,0,0,0,0,0,0,0,0,0,0,0,0,0,0,0,0,0
0.0255935410801786,0,0.00801660416323365,0,0.00331608364765094,0,0,0,0.212284155871737,0,0,0,0,0,0.0330702933799349,0,0,0,0,0,0,0,0,0,0.00816930537126655,0,0.00809556519933402,0,0,0,0,0,0,0,0,0,0,0,0.006056820103231,0,0,0,0.000785958951664282,0,0,0,0,0,0.00451453485027912,0,0.00676750401813142,0,0,0,0,0,2.9746470231606e-05,0,0.000677921071943343,0,0.138714311954002,0,0,0,0,0,0,0.0689688112570077,0,0,0,0,0,0,0,0,0,0,0,0,0,0.00310822221987405,0.00176330585937199,3.15585131254454e-05,0.00777085771070124,0,0.000545531038444423
0,0.0869389851069678,0,0,0,0,0,0,0,0.182750696610428,0,0,0,0,0,0.022544872578617,0,0.000688671645706309,3.32486833396622e-05,0,0,0,0,0.0603395496786914,0,0.120024929407248,0,0,0,0,0,0,0,0,0,0,0,0.0001878201301301,0,0,0,0.00138396367229912,0,0,0,0,0,0,0,0.000514721999737795,0,0,0,0,0,0,0,0,0,0,0,0.0416754676782033,0,0,0,0,0.072253864261455,0,0.00121773341838912,0,0,0,0,0,0,0,7.82829177204281e-05,0,0,0,0.000268258717224701,0,0.000372138524619972,0,0.000745427370927526,0.000701842169171405,0
0,0,0.000658040561184014,0,0.00765419276119722,0,0.00219551841143692,0,0.000135594333887518,0,0.0120480223114519,0,0.0146481696194812,0,0,0,6.23316645209867e-05,4.66863136843512e-06,0.000185178312268957,0,0.0252299212205743,0,0,0,0,0,0,0,0,0,0,0,0,0,0,0,0.00532583976337759,0,0.00484782242919434,0,6.95652049175415e-06,0,0.0124167811331688,0,1.92704083651129e-05,0,0.000113560232070769,0,0.00454592987278687,0,0.000449603157422597,0,0,0,2.9746470231606e-05,0,0,0,0.000311251591912996,0,0.00104822604014812,0,0,0.0250836089213544,0,0,0,0,0,0,0,0,0,0.00049320934351617,0,0,0,0,0,0.00216211821296506,0,0.00162030186637115,0.00172994704368521,0.000149208937222806,0.0241129682092378,0,0.00286271949530542
0,0,0,0,0,0.000586729506315357,0,0.00161602592881294,0,0,0,0.0799020059859068,0,0.00163466015829519,0,0,0,0,7.08647474238636e-06,0.00530184819974837,0,0,0,0,0,0,0,0,0,0,0,0,0,0,0,9.87064189993016e-05,0,0.00365210513558585,0,0,0,0.000866242556591471,0,0,0,7.35232398291262e-05,0,0,0,0,0,0.0205426211783593,0,0.000288720795958973,0,0,0,0,0,0.0100492594304714,0,0.00104421557031571,0.0136201162630003,0,0,0,0,0,0,0,0,0,0.00810670453641701,0,0,0,0,0,0.000156359542356285,0,0.000141609517701778,0,0.000846029149362871,0,0.00158982264152463,7.80035355691434e-05,0
0,0,0,0,0.0274786496255898,0,0.0145453093529097,0,0.000767123289262818,0,0.00171837582828513,0,0.0369763073409267,0,0.000872764765649393,0,0,0,0,0,0,0,0,0,0,0,0,0,0.00406854794286933,0,0,0,0,0,0,0,0,0,0,0,0,0,0,0,0,0,0,0,0.00015481437689116,0,0.0233861120539178,0,0.000452528191487757,0,0.000677921071943343,0,0.000311251591912996,0,0,0,0.00270944709985755,0,0,0,0,0,0,0,0,0,0,0,0,0,0,0,0,0,0,0,0,0,0.000551741941783577,0,0,0,0
0,0,0,0.000121724505531089,0,0.000179605488254809,0,0.00078266316984819,0,0,0,0.00351570503020485,0,0.0929670044349601,0,0,0,0,0,0,0,0,0,0,0,0,0,0,0,0,0,0,0,0,0,0,0,0,0,0,0,0,0,0,0,0,0,0,0,0,0,0.0447219489974744,0,0.00818259220498004,0,0,0,0.0100492594304714,0,0,0,0.00482665299400409,0,0,0,0,0,0,0,0,0,0,0,0,0,0,0,0,0,0,0,0,6.15095143609584e-05,0,0,0,0
0.040951991340513,0,0.00647303382194579,0,0.0670476922613855,0,0,0,0.131175474042867,0,0,0,0.000564099992466933,0,0.242444028167673,0,0.000574313740276136,0,0,0,0,0,0,0,0,0,0,0,0,0,0,0,0,0,0,0,0,0,0,0,0,0,0.000383583374671967,0,0,0,0,0,0.00624210214077438,0,0.0582213754149613,0,0,0,0.138714311954002,0,0.00104822604014812,0,0.00270944709985755,0,0,0,0,0,0,0,0,0.000545460995419932,0,0,0,0,0,0,0,0,0,0,0,0,0,0,0.00971023251899718,0.000230586568470514,0.000593210261280936,0,0
0,0.0139245629302727,0,0.00452705753039229,0,0.000295764590928294,0,0,0,0.0128146079610287,0,0,0,0,0,0.0617987594457952,0,0.000899426587013437,0,0,0,0,0,0,0,0,0,0,0,0,0,0,0,0,0,0,0,0,0,0,0,0,0,0,0,0,0,0,0,0,0,0.040182692211964,0,0,0,0.0416754676782033,0,0.00104421557031571,0,0.00482665299400409,0,0,0,0,0,0,0,0,0,0,0,0,0,0,0,0,0,0,0,0,0,0,6.13029439009028e-06,0,0,0,0
0,0,0,0.0181489906006156,0,0.00647939452642886,0,0.00875376612545121,0,0,0,0.0495109758690832,0,0,0,0,0,0,3.9586873785822e-05,0.135868230315742,0,0,0,0,0,0,0,0,0,0,0,0,0,0,0,0.0150677173306529,0,0.00551838686827129,0,0.000975912002826239,0,0.000302743251173729,0,0,0,0.0664349544178921,0,0,0,0,0,0,0,0,0,0,0,0.0136201162630003,0,0,0,0,0,0,0,0,0,0,0,0,0,0,0,0,0,0,0,0,0.00980947427398981,0,0,0,0.0016188671336724,0,0.0298197466120015,0.000178645184853445,0
0,0,0.0198547561800977,0,0.0032590545236883,0,0,0,0.000335949626532148,0,0.00372342638862675,0,0,0,0,0,0.000748966147171479,3.00121904910356e-05,0.00210324268469635,0,0.0428855349546574,0,0,0,0,0,0,0,0,0,0,0,0,0,0,0,0.000320773584154051,0,6.46548418828276e-05,0,0.00751957944872062,6.80629590976691e-05,0.00490412578914831,0,0.00164988583101842,3.5735616307233e-05,0.0740452194350082,0,0.00032869595935843,0,0.000547708921925296,0,0,0,0,0,0.0250836089213544,0,0,0,0,0,0,0,0,0,0,0,0,0,0,0,0,0,0,0,0,0,0,0.011699514035495,0,7.83909004104365e-05,0.000719904052679303,3.56180095424056e-06,0.0269781710690982,9.24961502951219e-05,0.00138279997549359
0,0,0,0,0,0,0,0,0,0,0,0,0,0,0,0,0,0,0,0,0,0.0405083199806922,0.00123916804237236,0,0,0,0,0,0,0,0,0,0,0,0,0,0,0.00102432818173574,0,0,0,0,0,0,0,0,0,0,0,0,0,0,0,0,0,0,0,0,0,0,0,0,0,0,0,0,0.000393554451875389,0,0.000204922234843252,0,0.00230970357993794,0,0,0,0,0,0,0,0,0,0.00597094308995981,0,0.00027489368330673,0,0,0,0
0,0,0,0,0,0,0,0,0,0,0,0,0,0,0,0,0.000121478537257962,0,0,0,0,0.00111353385568292,0.0473829824395021,0,9.95558596518983e-05,0,0.00256136836894851,0,0,0,0,0,0,0,0,0,0,0,0.00225921844271811,0,0,0,0,0,0,0,0,0,0,0,0,0,0,0,0,0,0,0,0,0,0,0,0,0,0,0,0,0.00166865834549144,0,0.00705389021146409,0,0.00273929299196412,0,0,0,0,0,0,0,0,0,0.00804686986712396,0.000192968420012701,0,0,0,0
0,0,0,0,0,0,0,0,0,0.000301490982362595,0,0,0,0,0,0,0,0,0,0,0,0,0,0.00118469375593122,0,0.00320011827383624,0,0,0,0,0,0,0,5.10150201621547e-05,0,0,0,0.00556015989877966,0,0,0,0,0,0,0,0,0,0.000501870474425766,0,4.22335036896109e-05,0,0,0,0,0,0.072253864261455,0,0,0,0,0,0,0,0,0.000393554451875389,0,0,0,0,0,0,0,0,0,0,0,0.00292020270103858,0,0,0,0.00813048898153174,0,3.05391842160367e-06,0,0.00158135707881239,0,0
0,0,0,0,0,0,0,0,0.000946034148632367,0,0,0,0,0,0,0,0,0,0,0,0,0,0.00165598349831399,0,0.0736992600641023,0,0.0231158737526719,0,0,0,0,0,0,0,0,0,0,0,0.00128618458189699,0,0,0,6.33281395161361e-05,0,0,0,0,0,0.0128654386922758,0,0,0,0,0,0.0689688112570077,0,0,0,0,0,0.000545460995419932,0,0,0,0,0.00166865834549144,0,0,0,0.00432918693026648,0,0,0,0,0,0,0,0,0,0,0,0.00388667171482202,0.00143804352933986,0,0.00167245591282267,0,0
0,0,0,0,0,0,0,0,0,0.000783793856571888,0,0,0,0,0,0,0,0.000700256785374539,0,0,0,2.59241969615687e-05,0,0,0,0.0260980398667091,0,0.0131376759214231,0,0,0,0,0,0,0,0,0,0,0,0,0,0,0,0,0,0,0,0,0,0,0,0,0,0,0,0.00121773341838912,0,0,0,0,0,0,0,0,0.000204922234843252,0,0,0,0,0,0,0,0,0,0,0,0,0,0,0,0,0,0.000331531288558749,0,0,0,0
0,0,0,0,0,0,0,0,0.000209582470330491,0,0,0,0,0,0.000713741643709127,0,0.0134338065028338,4.91557367868754e-05,4.19555088757885e-05,0,0,0,0.00119953154081561,0,0.00562453993518887,0,0.0532237457821591,0,0.00125052057463222,0,0,0,0,0,0,0,0,0,0,0,0,0,0,0,0,0,0,0,0,0,0,0,0,0,0,0,0,0,0,0,0,0,0,0,0,0.00705389021146409,0,0.00432918693026648,0,0,0,0.000634253684012898,0,0,0,0,0,0,0,0,0,0,0.00021852311760513,0,0,0,0
0,0,0,0,0,0,0,0,0,0,0,0,0,0.00592222101087212,0,0,0,0,0,0,0,0.00101889525439493,0,0,0,0,0,0.0515555656164798,0,0.000711832348189043,0,0,0,0,0,0,0,0,0,0,0,0,0,0,0,0,0,0,0,0,0,0,0,0,0,0,0,0,0,0,0,0,0,0,0.00230970357993794,0,0,0,0,0,0,0,0.00312237199146047,0,0,0,0,0,0,0,0.00866099637038656,0,7.76621719702445e-05,0,0,0,0
0,0,0,0,0,0,0,0,0,0,0,0,0,0,0,0,0,0,0,0,0,0,0.00461652738599519,0,0,0,0.00871101898205687,0,0.036942208071583,0,0.00215774372093594,0,0,0,0,0,0,0,0,0,0,0,0,0,0,0,0,0,0.000235446880562603,0,0,0,0,0,0,0,0,0,0,0,0,0,0,0,0,0.00273929299196412,0,0,0,0.000634253684012898,0,0,0,0.0102607486550638,0,0,0,0,0,0,0,0.00885508119027118,0.000293019260319395,1.84556488439435e-05,0,0,0
0,0,0,0,0,0,0,0,0,0,0,0.00649819187448252,0,0,0,0,0,0,0,0,0,0,0,0,0,0,0,0.140937399795265,0,0.111465703840114,0,0,0,0,0,0,0,0.000615694354167778,0,0,0,0.000429895096949208,0,0,0,0,0,0,0,4.44626145023035e-05,0,0,0,0,0,0,0,0.00810670453641701,0,0,0,0,0,0,0,0,0,0,0,0,0.00312237199146047,0,0,0,0,0,0,0,0,0,1.67316411534557e-05,0,0,0,0.000218054632569614,0,0
4.99643366631587e-05,0,0,0,0,0,0,0,0,0,0,0,0,0,0,0,0,0,0,0,0,0,0,0,0,0,0,0,0.0459717485363747,0,0.0930296142776121,0,0,0,0,0,0,0,0.00229682037541231,0,0,0,0.000217675214304055,0,0,0,0,0,0.00584055560636726,0,0,0,0,0,0,0,0.00049320934351617,0,0,0,0,0,0,0,0,0,0,0,0,0,0,0.0102607486550638,0,0,0,0,0,0,0,0,0,0.00781798133116397,0,0,0.00404418585093081,0,0
0,0,0,0,0,0,0,0,0,0,0,0,0,0,0,0,0,0,0,0,0,0,0,0,0,0,0,0,0,0,0,0.0898641125061166,0.00310729525273967,0.00645288607309478,0.000674123170338727,0.00900083986662537,0,0,0,0,0,0,0,0,0,0,0,0.152297143636443,0.00115205789128413,0.00111658821273861,0,0,0,0,0,0,0,0,0,0,0,0,0,0,0,0,0,0,0,0,0,0,0,0,0,0.0113326628636764,0.118357667105263,0.00010506692125992,0.0149731775134234,0.000101073586378441,0,0,0.000587085283938798,0,0,0,0
0,0,0,0,0,0,0,0,0,0,0,0,0,0,0,0,0,0,0,0,0,0,0,0,0,0,0,0,0,0,0,0.0119079998304649,0.0763292568786291,0,0.0187820847145781,0,0.000361281051782291,0,0,0,0,0,0,0,0,0,0,0.17896115574562,0.000539396947847253,0,0,0,0,0,0,0,0,0,0,0,0,0,0,0,0,0,0,0,0,0,0,0,0,0,0.0113326628636764,0,7.57688757999065e-05,0.141728414663203,9.33188223250754e-06,0.00417977578952354,0,0,0.00023266703780283,0,0,0,0
0,0,0,0,0,0,0,0,0,0.000133142115024195,0,0,0,0,0,0,0,0,0,0,0,0,0,0,0,0,0,0,0,0,0,0.00297761413831001,5.35639174927809e-05,0.103613657906063,0.0472186824922891,0.000822840243052968,0,0.00473013328336577,0.000599242666551471,0,0,0,0,0,0,0,0,0.146540006320591,0.000300797602597967,7.41783833554531e-05,0,0,0,0,0,7.82829177204281e-05,0,0,0,0,0,0,0,0,0,0,0.00292020270103858,0,0,0,0,0,0,0,0.118357667105263,7.57688757999065e-05,0,0.0116657854680485,0.00324356840671382,0,0.00649108037248414,7.82445488411991e-05,0.000570560185950553,0,0,0,0
0,0,0,0,0,0,0,0,0,0,0,0,0,0,0,0,0,0,0,0,0,0,0,0,0,0,0,0,0,0,0,0.00557664731529182,0.00332234330264337,0.226148776124437,0.358577586042701,0,0.000532458619854339,0,0.00453164273447348,0,0,0,0,0,0,0,0,0.0855245034347625,0.0017403548599013,0,0,0,0,0,0,0,0,0,0,0,0,0,0,0,0,0,0,0,0,0,0,0,0,0,0.00010506692125992,0.141728414663203,0.0116657854680485,0,0,0.00312576126282269,0,0.00573754581038803,0.000989693892583505,0,0,0,0
0,0,0,0.00139648519068,0,3.04879291762216e-05,0,0,0,0,0,0.00200620483435241,0,0,0,0,0.00031317676725695,0.000169133611997476,0.00481296768275964,0.00246363056016742,0,0,0,0,0,0,0,0,0,0,0,0.0100985590615724,6.84328831277673e-06,0.00394081164013672,0,0.137489039387975,1.42086521119232e-05,0.00491566771620698,3.48772564353536e-05,0.00156939259676429,1.30316541762736e-06,0.00218351257107681,5.58730863150848e-05,0.00138692175350229,3.3678531090269e-05,0.0222453703547551,0.000175950663729444,0.0127689053531885,0.000525013617962566,0.00104929002578988,0,0,0,0,0,0,0,0.000156359542356285,0,0,0,0,0.00980947427398981,0,0,0,0,0,0,0,0,0,0,0,0.0149731775134234,9.33188223250754e-06,0.00324356840671382,0,0,0.000257897593249293,0.00438215858014499,0,0.00513705402785742,3.71987121598399e-05,0.0128347937769195,0.000100052192506674,7.01611832627626e-06
0,0,0,0,2.24916126582629e-05,0,0,0,0,0,0.00353185660900841,0,0,0,0,0,0.00062513519668262,0.000241161337585457,0.00849746694918081,0,0.00679938173753319,0,0,0,0,0,0,0,0,0,0,1.43013369711376e-05,0.00852929151920851,0,0.00635077185148684,0.00429638879090042,0.110622530003741,0,0.0064882499932131,9.73416305934192e-05,0.00338231578026351,8.82021296589865e-05,0.00338827527291146,4.26992850677827e-05,0.00433066791784871,8.75019057575081e-05,0.0201456341618594,0.0424064985868199,0.00590093545948197,8.66291626834624e-06,2.79392646114846e-05,0,0,0,0,0,0.00216211821296506,0,0,0,0,0,0,0.011699514035495,0,0,0,0,0,0,0,0,0,0,0.000101073586378441,0.00417977578952354,0,0.00312576126282269,0.000257897593249293,0,0,0.0023689982730022,0.0073629080094277,2.88156189279824e-05,0.0104912720564652,1.63879955551841e-05,9.62471121501605e-05
0,0,0,0,0,0,0,0,0,0.00126040734621131,0,0.0153236433740835,0,0,0,0,0,0,0,0.000138120995991661,0,0.00589598014811301,0,0.000392531040310493,0,0,0,0.000107592994027073,0,0.000319135467373618,0,0,0,0.00283497485375058,0.000187930125799858,0.000791380505179185,0,0.107285883686739,0.00027178734505023,0,0,0,0,0,0,0,0,0.0273620185207761,0,0.00589997328220028,0,0,0,0,0,0.000268258717224701,0,0.000141609517701778,0,0,0,0,0,0,0.00597094308995981,0,0.00813048898153174,0,0,0,0.00866099637038656,0,1.67316411534557e-05,0,0,0,0.00649108037248414,0,0.00438215858014499,0,0,0,0.00162377742829472,0,0.00087359555402326,0,0
0,0,0,0,0,0,0,0,0.000253972962171167,0,0.00713682908300368,0,0,0,0,0,0,0,0,0,0.00178838077420438,0,0.0138876313952625,0,0.00145218323979631,0,0,0,0.00207434445953881,0,0.00417859474689513,0,0,0.000160011131190273,0.00216494248121048,0,0.0007388610950771,0.000659236273825684,0.126081135576336,0,0,0,0,0,0,0,0,0.0414747328064953,0.0306170674018572,0,0,0,0,0,0.00310822221987405,0,0.00162030186637115,0,0,0,0,0,0,7.83909004104365e-05,0,0.00804686986712396,0,0.00388667171482202,0,0,0,0.00885508119027118,0,0.00781798133116397,0,0,7.82445488411991e-05,0.00573754581038803,0,0.0023689982730022,0,0,0.000925224881933935,0,0.000380739850434821,0,0
