0,0,0.171071214477221,0,0,0,0,0,0.196922743423555,0,0,0,0,0,0.155687794503238,0,0.301806395252546,0,0.244692684952603,0,0,0,0,0,0,0,0,0,0,0,0,0,0,0,0,0,0,0,0,0,0,0,0.218228974703992,0,0,0,0,0.278707236051559,0.185805651523201,0,0,0,0,0,0.215373849570751,0,0.195394689647051,0,0,0,0.157309241929362,0,0,0,0,0,0,0,0,0.163210988044739,0,0,0,0,0,0,0,0,0,0.404680728912354,0,0,0.197660060505889,0,0.202404208363049,0,0.221525087952614
0,0,0,0.141288271551006,0,0,0,0,0,0.124080921477843,0,0,0,0,0,0.158635473251343,0.269752904772758,0,0.263669440014796,0,0,0,0,0.148908540606499,0,0.148951753973961,0,0,0,0,0,0,0,0,0,0,0,0,0,0,0,0.205161918482715,0,0,0,0,0.34989321231842,0,0,0.164425327464448,0,0,0,0,0,0.194010180986619,0,0.187248803199606,0,0.166263028979301,0,0.184076509305409,0,0,0,0,0.186849706702762,0,0.189483001828194,0,0.173513077199459,0,0,0,0,0,0,0,0.387041722734769,0,0,0.270007818937302,0.178485794865585,0,0.236943229519088,0.199161749333143,0
0.171071214477221,0,0,0,0,0,0,0,0.0948082556327184,0,0,0,0,0,0,0,0,0,0.228707052767277,0,0,0,0,0,0,0,0,0,0,0,0,0,0,0,0.228291615843773,0,0.224356938153505,0,0,0.222844675183296,0.243996481100718,0,0.253533982942181,0,0,0,0.188685915743311,0.285222212473551,0.197849857144886,0,0.194822922348976,0,0,0,0,0,0.245601611343894,0,0.209044858120209,0,0.19734138250351,0,0,0,0,0,0,0,0,0,0,0,0,0.298451453447342,0,0.245013192296028,0,0.274998486042023,0,0.300863742828369,0,0.224200233817101,0.128405022892833,0,0.176418722156555,0,0.241184959808985
0,0.141288271551006,0,0,0,0.149873548013679,0,0,0,0.167280375361443,0,0,0,0.14879248291254,0,0,0.249091398715973,0.249028392136097,0.226915535218311,0.276422798633575,0.22865217924118,0,0,0,0,0,0,0,0,0,0,0.276865482330322,0,0,0,0.231188417971134,0,0,0,0.230621055487929,0.25071243090289,0.230082846604861,0.269035521894693,0,0,0.210722177905046,0,0.282647798458735,0.276301211118698,0.18917231958646,0,0.189710034488958,0,0,0,0.167909513085575,0,0.273211306968673,0,0.16239564307034,0,0,0.25210735124427,0,0,0,0,0,0,0,0,0,0,0,0,0,0.310301512479782,0,0.245608162393074,0.261087665706873,0,0.242488736907641,0.179472747449401,0,0.212145350802072,0.249627359211445,0
0,0,0,0,0,0,0.250655621290207,0,0.197373449802399,0,0,0,0.226957632059401,0,0,0,0.23540897667408,0,0.238815471529961,0,0.175151912715491,0,0,0,0,0,0,0,0,0,0,0,0,0,0,0,0.215204793214798,0,0,0.232811793684959,0.21308709715688,0,0.236941642182715,0,0,0,0.203973487019539,0.238354358077049,0.232478115745265,0.236547641456127,0.205307486000126,0,0,0,0.145591267384589,0,0,0,0.208313086110613,0,0,0,0,0.202186744373578,0,0,0,0,0,0,0,0,0,0,0,0.210701018571854,0,0.257200012604396,0,0.203256465494633,0,0,0.192650295850885,0,0.205439717448675,0,0
0,0,0,0.149873548013679,0,0,0,0.208279853065809,0,0.15430624037981,0,0.194052711129189,0,0.195360224644343,0,0,0.249930068850517,0,0.225562959909439,0.195785024972974,0,0,0,0,0,0,0,0,0,0,0,0,0,0,0,0.248002752661705,0,0,0,0.228319042921066,0,0.239851902831684,0.300326347351074,0,0,0.19049299794894,0,0,0.279543697834015,0.247974162592607,0,0.201265959376874,0,0.22417853985514,0,0,0,0,0,0.196046598255634,0,0.201693512499332,0.19269105053145,0,0,0,0,0,0,0,0,0,0,0,0,0,0,0,0.226600649681958,0,0,0,0.219677797145089,0.184874162077904,0.179131444282592,0,0
0,0,0,0,0.250655621290207,0,0,0,0,0,0.154480616251628,0,0.208312953511874,0,0,0,0,0,0,0,0.12654264519612,0,0,0,0,0,0,0,0,0,0,0,0,0,0,0,0,0,0,0,0,0,0,0,0,0,0,0,0,0,0.189337425654934,0,0.194191916535298,0,0,0,0,0,0,0,0,0,0,0,0,0,0,0,0,0,0,0,0,0,0,0,0,0,0,0,0,0,0.19559335867401,0,0,0,0
0,0,0,0,0,0.208279853065809,0,0,0,0,0,0.209232280521016,0,0.178262069821358,0,0,0,0,0,0.147139755357057,0,0,0,0,0,0,0,0,0,0,0,0,0,0,0,0,0,0,0,0,0,0,0,0,0,0,0,0,0,0,0,0.212288171052933,0,0.211786122620106,0,0,0,0.235323450395039,0,0.176203664319188,0,0,0.160476331822356,0,0,0,0,0,0,0,0,0,0,0,0,0,0,0,0,0,0,0,0.209850276260719,0.22188845174066,0,0,0
0.196922743423555,0,0.0948082556327184,0,0.197373449802399,0,0,0,0,0,0,0,0.175205558538437,0,0.16360386727906,0,0.152407827973366,0,0,0,0,0,0,0,0.181960285629755,0,0,0,0,0,0,0,0,0,0,0,0,0,0.247226880978858,0,0,0,0.1876389849931,0,0,0,0,0,0.136784605938813,0,0.193430513143539,0,0,0,0.213022720068693,0,0,0,0,0,0.155212371763976,0,0,0,0,0,0,0.332534670829773,0,0,0,0,0,0,0,0,0,0.279210283668763,0,0,0,0.296387540162506,0.191659442842107,0.278973698616028,0.221806846993665,0,0.160587224364281
0,0.124080921477843,0,0.167280375361443,0,0.15430624037981,0,0,0,0,0,0,0,0,0,0.19664114398946,0,0,0,0,0,0,0,0.18140666278509,0,0.184155851602554,0,0,0,0,0,0,0,0.27330931648612,0,0,0,0.263790456681234,0,0,0,0.176182673871517,0,0,0,0.186523377895355,0,0,0,0.229597403030646,0,0,0,0,0,0.206366640396815,0,0.184680165989058,0,0,0,0.181213082820177,0,0,0,0,0.1899121520163,0,0,0,0,0,0,0,0,0,0.280603345144879,0,0.223162606358528,0,0.297242118182935,0,0.186259668610478,0.212964011760662,0.243937037046699,0.189488058288892,0
0,0,0,0,0,0,0.154480616251628,0,0,0,0,0,0.183020958290828,0,0,0,0,0,0,0,0.164215804341507,0,0,0,0,0,0,0,0.197763495643934,0,0.179147543509801,0,0,0,0,0,0.196868576109409,0,0.159132270313403,0,0,0,0,0,0,0,0,0,0,0,0.171014189720154,0,0,0,0,0,0.167531545463106,0,0.184848653276761,0,0,0,0,0.157816096105509,0,0,0,0,0,0,0,0,0,0.173739162358371,0,0,0,0,0,0,0,0.183972330132531,0.157616768187275,0,0,0,0
0,0,0,0,0,0.194052711129189,0,0.209232280521016,0,0,0,0,0,0.206150359026515,0,0,0,0,0,0.148396741263123,0,0,0,0,0,0,0,0.2258888923392,0,0.1775839086177,0,0,0,0,0,0.180452924452979,0,0.176932910844078,0,0,0,0,0,0,0,0.195905148983002,0,0,0,0,0,0.217145936323865,0,0.232853898505976,0,0,0,0.203326367564698,0,0.209254025196543,0,0,0.175747917069797,0,0,0,0,0,0,0,0.223496427759528,0,0.216139597042153,0,0,0,0,0,0.186314719729125,0,0.166619306284853,0,0.181515509425109,0.218897887244821,0,0,0
0,0,0,0,0.226957632059401,0,0.208312953511874,0,0.175205558538437,0,0.183020958290828,0,0,0,0.17823829900088,0,0,0,0,0,0,0,0,0,0,0,0.186328902840614,0,0.17796890437603,0,0,0,0,0,0,0,0,0,0,0,0,0,0,0,0,0,0,0,0,0,0.221923246447529,0,0,0,0,0,0.179144320863387,0,0.184534334996988,0,0.178628244038139,0,0,0,0,0,0,0,0,0.177659705281258,0,0.178074029715438,0,0,0,0,0,0,0,0,0,0,0.189082398742973,0.238737207859061,0,0,0
0,0,0,0.14879248291254,0,0.195360224644343,0,0.178262069821358,0,0,0,0.206150359026515,0,0,0,0.183315179728228,0,0,0,0,0,0,0,0,0,0,0,0.248156480491161,0,0.20595979411155,0,0,0,0,0,0,0,0,0,0,0,0,0,0,0,0,0,0,0,0,0,0.196373830136565,0,0,0,0,0,0.209915524638461,0,0.264069433247608,0,0.199874461008378,0,0,0,0,0,0,0,0,0,0,0,0,0,0,0,0,0,0,0,0,0.204403396977006,0.213023359251914,0,0,0
0.155687794503238,0,0,0,0,0,0,0,0.16360386727906,0,0,0,0.17823829900088,0,0,0,0.20337490439415,0,0,0,0,0,0,0,0,0,0,0,0,0,0,0,0,0,0,0,0,0,0,0,0,0,0,0,0,0,0,0,0,0,0.199416667900302,0,0,0,0.175005383545702,0,0,0,0.174251959273001,0,0.180264164094035,0,0,0,0,0,0,0,0,0.15639134645462,0,0,0,0,0,0,0,0,0,0,0,0,0.168946081090991,0,0,0,0
0,0.158635473251343,0,0,0,0,0,0,0,0.19664114398946,0,0,0,0.183315179728228,0,0,0,0,0,0,0,0,0,0.201098676906885,0,0.16029450148344,0,0,0,0,0,0,0,0,0,0,0,0,0,0,0,0,0,0,0,0,0,0,0,0.160761103034019,0,0.201244832653748,0,0,0,0.168791542744495,0,0,0,0.169343146805962,0,0.174197692929963,0,0,0,0,0.2023971071228,0,0.163236704965432,0,0,0,0,0,0,0,0,0,0,0,0,0,0.191057522466641,0.235002253736768,0,0,0
0.301806395252546,0.269752904772758,0,0.249091398715973,0.23540897667408,0.249930068850517,0,0,0.152407827973366,0,0,0,0,0,0.20337490439415,0,0,0.17509416710003,0.255356495479348,0,0,0,0.131945908069611,0,0.170017223805189,0,0.18492546081543,0,0,0,0,0,0,0,0,0,0,0,0,0.29632436243215,0.291290923353584,0.239563745260239,0.248342217202636,0,0.286887582253527,0.286584679727201,0.271015405158202,0.251082364469767,0.239058338105679,0.256318241357803,0,0,0,0,0,0.242960944771767,0.321828469634056,0,0,0,0,0,0.300766371190548,0.294979674396691,0,0,0,0,0,0.175107732415199,0,0,0,0.303054454922676,0,0,0,0,0.326812098805721,0.300576933274666,0,0.274483939067701,0.223918361375283,0.207342121933327,0.307889520209283,0.259589657187462,0.265658944272078
0,0,0,0.249028392136097,0,0,0,0,0,0,0,0,0,0,0,0,0.17509416710003,0,0.24603252824976,0,0,0.142481856048107,0,0.17862712778151,0,0.151971849402291,0,0.149211031695207,0,0,0,0,0,0,0,0,0,0,0,0.274419441955899,0.283928672090555,0.230340076643124,0.23488612516838,0,0.282084710896015,0.257239543729358,0.270905597011248,0,0,0.249251559376717,0.240241512656212,0,0,0,0,0,0,0.309880509972572,0,0,0,0.190292504818543,0.289708303553717,0.300212949514389,0.177040994167328,0,0,0,0.153877933491564,0,0,0,0,0.324091821908951,0,0,0,0,0.30743309002031,0.307086671333341,0,0.281420287489891,0.192209388728076,0.230302521510091,0.288651295509369,0.243013083934784,0.267046362161636
0.244692684952603,0.263669440014796,0.228707052767277,0.226915535218311,0.238815471529961,0.225562959909439,0,0,0,0,0,0,0,0,0,0,0.255356495479348,0.24603252824976,0,0.210682317614555,0,0,0,0,0,0,0,0,0,0,0,0,0,0,0,0,0,0,0,0.268274048332397,0.285920003221529,0.185924158337031,0.199040274111448,0.331613261685815,0.289853087573681,0.268684379756451,0.26705044314319,0.243873065710068,0.224263299504916,0.209063464775681,0.233024388551712,0,0,0,0,0,0.28659496208032,0.324898947030306,0.239973671734333,0,0,0,0.295819885492325,0.26863756054081,0,0,0,0,0,0,0,0,0,0.296025519484076,0,0,0,0.244571909308434,0.313336424867979,0.309494719038692,0,0.264330043993165,0.20997447943162,0.183759279549122,0.29949159801975,0.199152212806795,0.227393016219139
0,0,0,0.276422798633575,0,0.195785024972974,0,0.147139755357057,0,0,0,0.148396741263123,0,0,0,0,0,0,0.210682317614555,0,0,0,0,0,0,0,0,0,0,0,0,0,0,0,0,0.181999402805298,0,0.165162676514076,0,0.231785729527473,0,0.241381203755736,0.22845871001482,0,0,0.296152210661343,0,0.245093688368797,0.253679752349854,0.233477459504054,0,0.183829694986343,0,0,0,0,0,0.204602867523406,0,0,0,0,0.188100460372873,0,0,0,0,0,0,0,0,0,0,0,0,0,0,0,0.190988974040505,0,0.15398474027441,0,0.162971953443827,0.222963023930788,0.221657917667658,0,0
0,0,0,0.22865217924118,0.175151912715491,0,0.12654264519612,0,0,0,0.164215804341507,0,0,0,0,0,0,0,0,0,0,0,0,0,0,0,0,0,0,0,0,0,0,0,0.240787543356419,0,0.166547069122434,0,0.158748515054479,0.207622148096561,0.201557374795278,0,0.227757815094221,0,0,0.223634645342827,0.238230414688587,0.237961346904437,0.219280336294654,0.235179133713245,0.198718266926202,0,0,0,0,0,0.155923473564061,0,0,0,0,0,0,0.20564224609287,0,0,0,0,0,0,0,0,0,0,0,0.203365877270699,0,0.25483281314373,0,0.188716725580377,0,0.162011672691865,0.166312187211588,0,0.218074425705162,0,0
0,0,0,0,0,0,0,0,0,0,0,0,0,0,0,0,0,0.142481856048107,0,0,0,0,0.145183966402616,0.165850686430931,0,0.199685035645962,0,0.16707919490261,0,0,0,0,0,0,0,0,0,0.173886881642556,0.153385370455939,0,0,0,0,0,0,0,0,0,0,0.213852917837306,0,0,0,0,0,0,0,0,0,0,0,0,0,0,0.158067601974587,0.183903822302818,0.176155402635535,0,0.194667783511036,0,0.175853162654676,0,0,0,0,0,0,0,0,0,0.178523305285275,0,0.140247849947495,0.208436078422012,0.255284663289785,0,0
0,0,0,0,0,0,0,0,0,0,0,0,0,0,0,0,0.131945908069611,0,0,0,0,0.145183966402616,0,0,0.198032014041531,0,0.188169796019793,0,0.17765365245643,0,0,0,0,0,0,0,0,0.158062943390438,0.187884600150011,0,0,0,0,0,0,0,0,0,0.268808272480965,0,0,0,0,0,0,0,0,0,0,0,0,0,0,0,0.135391656377099,0.187058726221995,0,0.203784463798395,0,0.185538163142545,0,0.194389458607744,0,0,0,0,0,0,0,0,0.150176033377647,0.175396375904705,0.155394585318937,0.205999560654163,0,0,0
0,0.148908540606499,0,0,0,0,0,0,0,0.18140666278509,0,0,0,0,0,0.201098676906885,0,0.17862712778151,0,0,0,0.165850686430931,0,0,0,0.178809600770473,0,0,0,0,0,0,0,0,0,0,0,0.215087744149756,0,0,0,0.306162476539612,0,0,0,0,0,0,0,0.172662102580071,0,0,0,0,0,0.203658893020177,0,0,0,0,0,0.139587394893169,0,0,0.201296120882034,0,0.192260550532812,0,0.18482906321239,0,0,0,0,0,0,0,0,0,0,0,0.202325134885077,0,0.180685678146524,0,0.280537610634779,0,0
0,0,0,0,0,0,0,0,0.181960285629755,0,0,0,0,0,0,0,0.170017223805189,0,0,0,0,0,0.198032014041531,0,0,0,0.150253804941331,0,0,0,0,0,0,0,0,0,0,0,0.297689706294073,0,0,0,0,0,0,0,0,0,0.199194067054325,0,0,0,0,0,0.163465530611575,0,0,0,0,0,0,0,0,0,0,0.176451896532224,0,0.166401016896256,0,0.158255506306887,0,0,0,0,0,0,0,0,0,0,0,0.312517617236484,0.195606970812851,0,0.184718678494294,0,0
0,0.148951753973961,0,0,0,0,0,0,0,0.184155851602554,0,0,0,0,0,0.16029450148344,0,0.151971849402291,0,0,0,0.199685035645962,0,0.178809600770473,0,0,0,0.172299023642636,0,0,0,0,0,0,0,0,0,0,0,0,0,0,0,0,0,0,0,0,0,0,0,0,0,0,0,0.182383522391319,0,0,0,0,0,0.143933106213808,0,0,0.165775901996172,0,0.188721841217106,0,0.15553108616451,0,0.169368780517982,0,0,0,0,0,0,0,0,0,0,0,0.16823628569828,0,0.151898274819056,0,0
0,0,0,0,0,0,0,0,0,0,0,0,0.186328902840614,0,0,0,0.18492546081543,0,0,0,0,0,0.188169796019793,0,0.150253804941331,0,0,0,0,0,0,0,0,0,0,0,0,0,0,0,0,0,0,0,0,0,0,0,0,0,0,0,0,0,0.199776906520128,0,0,0,0.187632948160172,0,0.149360731244087,0,0,0,0,0.18003805577755,0,0.164274890872615,0,0.211758050795009,0,0.173144046749387,0,0,0,0,0,0,0,0,0,0,0.204555714691895,0,0,0,0
0,0,0,0,0,0,0,0,0,0,0,0.2258888923392,0,0.248156480491161,0,0,0,0.149211031695207,0,0,0,0.16707919490261,0,0,0,0.172299023642636,0,0,0,0.19293936482578,0,0,0,0,0,0,0,0.225814659705107,0,0,0,0,0,0,0,0,0,0,0,0,0,0,0,0,0,0,0,0.200538731858892,0,0.223598075837925,0,0,0,0,0,0,0,0,0.177872489889463,0,0.204672010127889,0,0.192813112764623,0,0,0,0,0,0,0,0.224532919270652,0,0.206830925217345,0.213442380828072,0,0,0
0,0,0,0,0,0,0,0,0,0,0.197763495643934,0,0.17796890437603,0,0,0,0,0,0,0,0,0,0.17765365245643,0,0,0,0,0,0,0,0.20844668904378,0,0,0,0,0,0,0,0.165866970745,0,0,0,0,0,0,0,0,0,0,0,0,0,0,0,0,0,0.159266276720991,0,0.233222802585744,0,0,0,0,0,0,0.187173626770576,0,0,0,0.191507817098969,0,0.197071933254555,0,0.205470088007784,0,0,0,0,0,0,0,0.167094375418369,0.197849995648313,0.239948122983887,0,0,0
0,0,0,0,0,0,0,0,0,0,0,0.1775839086177,0,0.20595979411155,0,0,0,0,0,0,0,0,0,0,0,0,0,0.19293936482578,0,0,0,0,0,0,0,0,0,0.170795615824907,0,0,0,0,0,0,0,0,0,0,0,0,0,0,0,0,0,0,0,0.189426765555427,0,0,0,0,0,0,0,0,0,0,0,0,0.228130483604157,0,0.180141921335114,0,0,0,0,0,0,0,0.160448243618011,0,0.166839673025634,0.184634789824486,0,0,0
0,0,0,0,0,0,0,0,0,0,0.179147543509801,0,0,0,0,0,0,0,0,0,0,0,0,0,0,0,0,0,0.20844668904378,0,0,0,0,0,0,0,0,0,0.19596343556488,0,0,0,0,0,0,0,0,0,0,0,0,0,0,0,0,0,0.16112761983746,0,0,0,0,0,0,0,0,0,0,0,0,0,0,0,0,0.200230432800332,0,0,0,0,0,0,0,0.175478421680389,0.209581439752205,0.254093855619431,0,0,0
0,0,0,0.276865482330322,0,0,0,0,0,0,0,0,0,0,0,0,0,0,0,0,0,0,0,0,0,0,0,0,0,0,0,0,0.207943890100666,0.187108607755767,0.282525276667193,0.192317197546363,0.152404754915658,0,0,0,0,0,0,0,0,0,0,0.387121676515214,0,0.346984359480086,0,0,0,0,0,0,0,0,0,0,0,0,0,0,0,0,0,0,0,0,0,0,0,0,0.275122966587352,0.2329276698006,0.328137814170784,0.228545044643292,0.245310143525728,0.167842120559592,0,0,0.237701105921493,0,0.234138011932373,0,0
0,0,0,0,0,0,0,0,0,0,0,0,0,0,0,0,0,0,0,0,0,0,0,0,0,0,0,0,0,0,0,0.207943890100666,0,0.271276055110825,0.257162414929446,0.18029736152717,0.16665217085484,0,0,0,0,0,0,0,0,0,0.277529925107956,0.374458393418645,0.247179755568504,0,0,0,0,0,0,0,0.233037680387497,0,0,0,0,0,0,0.292520612478256,0,0,0,0,0,0,0,0,0,0,0.237998770512887,0.377779596938127,0.279876616597176,0.262375497495347,0.151507399976254,0.196351361289413,0,0,0.177800761585214,0,0.243831411004066,0,0
0,0,0,0,0,0,0,0,0,0.27330931648612,0,0,0,0,0,0,0,0,0,0,0,0,0,0,0,0,0,0,0,0,0,0.187108607755767,0.271276055110825,0,0.295801269795305,0.169187210098557,0.293994575738907,0.228524793458707,0.177818775177002,0.340880115826925,0,0.429250077289693,0,0,0,0.30017818013827,0,0.424125256684009,0.380017101764679,0.434395444022411,0,0,0,0,0,0.33324733376503,0,0.331115126609802,0,0,0,0,0,0,0,0,0,0,0,0,0,0,0,0,0,0.204520366742061,0.195856896341189,0.218203817813338,0.167676998516087,0,0.19582286053668,0,0.252785623576459,0,0.410946516260024,0,0
0,0,0.228291615843773,0,0,0,0,0,0,0,0,0,0,0,0,0,0,0,0,0,0.240787543356419,0,0,0,0,0,0,0,0,0,0,0.282525276667193,0.257162414929446,0.295801269795305,0,0,0.191771529255861,0.180016659730272,0.219330100850625,0,0.288829063375791,0.406966336071491,0.379605116085573,0,0,0,0.24042671918869,0.452431088400146,0.365683036921329,0.463888777792454,0.237912967801094,0,0,0,0,0,0.252505414187908,0,0,0,0,0,0,0.234938338398933,0,0,0,0,0,0,0,0,0,0,0.3334089666605,0.319556528329849,0.208783906147928,0.261030266995613,0,0.177310709225301,0.174993504719301,0.346688537505957,0.214488841387326,0,0.39638069557817,0,0
0,0,0,0.231188417971134,0,0.248002752661705,0,0,0,0,0,0.180452924452979,0,0,0,0,0,0,0,0.181999402805298,0,0,0,0,0,0,0,0,0,0,0,0.192317197546363,0.18029736152717,0.169187210098557,0,0,0.157272501070781,0.165236471026379,0.119330739602447,0.226249204150268,0,0.260044068098068,0.324764721095562,0,0,0.187570249336831,0,0.241031613360103,0.223278413432232,0.236728594815435,0,0,0,0,0,0,0,0.19216400027896,0,0,0,0,0.188463069857217,0,0,0,0,0,0,0,0,0,0,0,0.201344268357576,0.179364689853456,0.171321624628851,0,0.18012253546237,0.155339536562783,0.199369920003383,0,0.198280652414278,0.294795083101245,0.212569415569305,0,0
0,0,0.224356938153505,0,0.215204793214798,0,0,0,0,0,0.196868576109409,0,0,0,0,0,0,0,0,0,0.166547069122434,0,0,0,0,0,0,0,0,0,0,0.152404754915658,0.16665217085484,0.293994575738907,0.191771529255861,0.157272501070781,0,0,0.168420180993909,0.216213077306747,0.259928452782333,0,0.246159690229789,0,0,0,0.249259259551764,0.20583802743538,0.216211027220676,0.207979523529441,0.208073717355728,0,0,0,0,0,0.245291238029798,0,0.260615706443787,0,0,0,0,0.182948968968164,0,0,0,0,0,0,0,0,0,0,0.167324129794095,0.175964432084455,0,0.233600775832715,0.15014234644339,0.188183934921558,0,0.167193562877846,0.199108196490499,0.203676165227613,0.193118164516412,0,0.284447371959686
0,0,0,0,0,0,0,0,0,0.263790456681234,0,0.176932910844078,0,0,0,0,0,0,0,0.165162676514076,0,0.173886881642556,0.158062943390438,0.215087744149756,0,0,0,0.225814659705107,0,0.170795615824907,0,0,0,0.228524793458707,0.180016659730272,0.165236471026379,0,0,0.231772140855283,0,0,0,0,0,0,0,0,0.468483230897358,0,0.384837336448842,0,0,0,0,0,0.304928496479988,0,0.179528694526822,0,0,0,0.235726475715637,0.16580387955172,0,0.174259884942633,0,0.289369240848937,0,0,0,0.235031543568123,0,0.163371085488435,0,0,0,0.231231592932846,0.188051429338926,0.201858624037476,0,0.203884159258088,0,0.167748481986518,0.16620681250242,0.325355965529692,0,0
0,0,0,0,0,0,0,0,0.247226880978858,0,0.159132270313403,0,0,0,0,0,0,0,0,0,0.158748515054479,0.153385370455939,0.187884600150011,0,0.297689706294073,0,0,0,0.165866970745,0,0.19596343556488,0,0,0.177818775177002,0.219330100850625,0.119330739602447,0.168420180993909,0.231772140855283,0,0,0,0.373008960105003,0.185487231612206,0,0,0,0,0.582174842328149,0.326503042211681,0,0,0,0,0,0.278679043734999,0,0.151533624556448,0,0,0,0,0,0,0.151309877634048,0.16065302601567,0.20847745009007,0,0.325978724882007,0,0,0,0,0,0.188924861753859,0,0,0.15265277326107,0.317445091996575,0,0.203106521618366,0.156470352583207,0.211243814473091,0.20226786777327,0.214083243582179,0.243720728536727,0,0
0,0,0.222844675183296,0.230621055487929,0.232811793684959,0.228319042921066,0,0,0,0,0,0,0,0,0,0,0.29632436243215,0.274419441955899,0.268274048332397,0.231785729527473,0.207622148096561,0,0,0,0,0,0,0,0,0,0,0,0,0.340880115826925,0,0.226249204150268,0.216213077306747,0,0,0,0.276776016511098,0.253154960940815,0.245065264714261,0.465187221765518,0.328419923782349,0.236939517837304,0.314282276261021,0.175870517831321,0.234535366092643,0.177669528807393,0.223121553659439,0.233772945404053,0,0,0,0,0.228325625260671,0.256014190499599,0.233566045761108,0,0,0,0.250775814090573,0.29082795381546,0,0,0,0,0,0,0,0,0,0.31201103925705,0.27892155200243,0.213596493005753,0,0,0.233762113169529,0.327977071268649,0,0.337424821323819,0.262778109403289,0.224284566938877,0.275909134562449,0.255521473755319,0
0,0,0.243996481100718,0.25071243090289,0.21308709715688,0,0,0,0,0,0,0,0,0,0,0,0.291290923353584,0.283928672090555,0.285920003221529,0,0.201557374795278,0,0,0,0,0,0,0,0,0,0,0,0,0,0.288829063375791,0,0.259928452782333,0,0,0.276776016511098,0,0.234645038015313,0.254242340596208,0,0.433464096699442,0.290082602721194,0.280160559203948,0.213054451182133,0.21691829592517,0.206824979186058,0.220889282615288,0,0,0,0,0,0.237607742691862,0,0.234118235607942,0,0,0,0.277036306758722,0.253927155293867,0,0,0,0,0,0,0,0,0,0.291524474235142,0,0,0,0.268614679574966,0.343175161467946,0.251834265499276,0,0.277639705774396,0.289168767308983,0.259350073006418,0.272723433091431,0.259543105959892,0.308086146388138
0,0.205161918482715,0,0.230082846604861,0,0.239851902831684,0,0,0,0.176182673871517,0,0,0,0,0,0,0.239563745260239,0.230340076643124,0.185924158337031,0.241381203755736,0,0,0,0.306162476539612,0,0,0,0,0,0,0,0,0,0.429250077289693,0.406966336071491,0.260044068098068,0,0,0.373008960105003,0.253154960940815,0.234645038015313,0,0.222686194804507,0,0.171155646443367,0.245203499900706,0.226882711052895,0.406549128012197,0.333054880301158,0.298183899488214,0,0.228418670594692,0,0,0,0.236496016383171,0,0.344040010697112,0,0.214702650904655,0,0,0.301398809588075,0,0,0,0.271197721362114,0,0,0,0,0,0.351715415716171,0,0,0,0,0,0.263159931246152,0.276329544083825,0,0.213093608617783,0.2743575934578,0.277052544923716,0.281482265977837,0.223895228317437,0
0.218228974703992,0,0.253533982942181,0.269035521894693,0.236941642182715,0.300326347351074,0,0,0.1876389849931,0,0,0,0,0,0,0,0.248342217202636,0.23488612516838,0.199040274111448,0.22845871001482,0.227757815094221,0,0,0,0,0,0,0,0,0,0,0,0,0,0.379605116085573,0.324764721095562,0.246159690229789,0,0.185487231612206,0.245065264714261,0.254242340596208,0.222686194804507,0,0,0.34552987664938,0.287290465086699,0.243993195111935,0.494943981146047,0.255509883740694,0.387757348641753,0.239820573065016,0,0,0,0,0,0.287407709997099,0.26111826300621,0.24368632932504,0,0,0,0.28263284265995,0.280314704207595,0,0,0,0,0,0,0,0,0,0.293885033390193,0,0,0,0.295865309057814,0.258420539554209,0.250441113098012,0,0.234926875490342,0.229608640485715,0.244442188077503,0.266323018013327,0.221136239858774,0.222847060909927
0,0,0,0,0,0,0,0,0,0,0,0,0,0,0,0,0,0,0.331613261685815,0,0,0,0,0,0,0,0,0,0,0,0,0,0,0,0,0,0,0,0,0.465187221765518,0,0,0,0,0,0.476096868515015,0,0,0,0,0,0,0,0,0,0,0,0.4077784744176,0,0,0,0,0.415079702933629,0,0,0,0,0,0,0,0,0,0,0,0,0,0,0,0.48103079199791,0,0,0,0,0,0.434849402000164,0,0
0,0,0,0,0,0,0,0,0,0,0,0,0,0,0,0,0.286887582253527,0.282084710896015,0.289853087573681,0,0,0,0,0,0,0,0,0,0,0,0,0,0,0,0,0,0,0,0,0.328419923782349,0.433464096699442,0.171155646443367,0.34552987664938,0,0,0.328316360712051,0.350700438022614,0,0,0,0,0,0,0,0,0,0.445229291915894,0,0,0,0,0,0,0.307715386152267,0,0,0,0,0,0,0,0,0,0.420897136131922,0,0,0,0,0.374246075749397,0.428787842392921,0,0.473588110769496,0.270157188177109,0,0.38951001688838,0,0
0,0,0,0.210722177905046,0,0.19049299794894,0,0,0,0.186523377895355,0,0.195905148983002,0,0,0,0,0.286584679727201,0.257239543729358,0.268684379756451,0.296152210661343,0.223634645342827,0,0,0,0,0,0,0,0,0,0,0,0,0.30017818013827,0,0.187570249336831,0,0,0,0.236939517837304,0.290082602721194,0.245203499900706,0.287290465086699,0.476096868515015,0.328316360712051,0,0.296081766486168,0.267882245338776,0.238562827980196,0.210171745317738,0.271516472101212,0.195058522479875,0,0,0,0.196399947007497,0.259184598922729,0.310620395576253,0,0.186974719166756,0,0,0.223086909541449,0.325140096247196,0,0,0,0,0,0,0,0,0,0,0,0.241128191351891,0.273719608783722,0,0.27524829237563,0.32956280708313,0,0.308362424373627,0.292810606084905,0,0.25208376914764,0.241525719563166,0
0,0.34989321231842,0.188685915743311,0,0.203973487019539,0,0,0,0,0,0,0,0,0,0,0,0.271015405158202,0.270905597011248,0.26705044314319,0,0.238230414688587,0,0,0,0,0,0,0,0,0,0,0,0.277529925107956,0,0.24042671918869,0,0.249259259551764,0,0,0.314282276261021,0.280160559203948,0.226882711052895,0.243993195111935,0,0.350700438022614,0.296081766486168,0,0.265352527109476,0.260242692105574,0.227376013994217,0.246306970715523,0,0,0,0,0,0.198544889848719,0,0.200610869604608,0,0,0,0.281696163117886,0.22079680485398,0,0,0,0,0,0,0,0,0,0.307813640151705,0,0,0,0.274278385564685,0.296528174541891,0.253066775648989,0,0.293200259921194,0.297521789713452,0,0.231919591394506,0.216526836156845,0.266362220048904
0.278707236051559,0,0.285222212473551,0.282647798458735,0.238354358077049,0,0,0,0,0,0,0,0,0,0,0,0.251082364469767,0,0.243873065710068,0.245093688368797,0.237961346904437,0,0,0,0,0,0,0,0,0,0,0.387121676515214,0.374458393418645,0.424125256684009,0.452431088400146,0.241031613360103,0.20583802743538,0.468483230897358,0.582174842328149,0.175870517831321,0.213054451182133,0.406549128012197,0.494943981146047,0,0,0.267882245338776,0.265352527109476,0,0.309261607090779,0.371495139318675,0.242260909506253,0.253303229808807,0,0,0,0,0.250601537525654,0,0.306482464075089,0,0,0,0.22217498421669,0.229174814621607,0,0,0,0,0,0,0,0,0,0.283856570720673,0.401048155842635,0.399841368004348,0.349434280129084,0.348668248063629,0.297819730175357,0.379268276038915,0.410268646478653,0.277047535777092,0.472688905856052,0.328345646460851,0.439329483561272,0.383450746536255,0.365889340639114
0.185805651523201,0,0.197849857144886,0.276301211118698,0.232478115745265,0.279543697834015,0,0,0.136784605938813,0,0,0,0,0,0,0,0.239058338105679,0,0.224263299504916,0.253679752349854,0.219280336294654,0,0.268808272480965,0,0.199194067054325,0,0,0,0,0,0,0,0.247179755568504,0.380017101764679,0.365683036921329,0.223278413432232,0.216211027220676,0,0.326503042211681,0.234535366092643,0.21691829592517,0.333054880301158,0.255509883740694,0,0,0.238562827980196,0.260242692105574,0.309261607090779,0,0.299526094153242,0.237291456240675,0,0,0,0.186088516376913,0,0.24205545849494,0,0.245190191864967,0,0.186037182342261,0,0.24666258196036,0.220592371156427,0,0.259334761744318,0,0.193118053552223,0,0.243872766693433,0,0,0,0.241609995563825,0.264654368162155,0.250444050018604,0,0.29723088701184,0.227572941531738,0.252099746586971,0,0.230747075141831,0.24107654740413,0.247800688658442,0.246804913831947,0,0.305418223142624
0,0.164425327464448,0,0.18917231958646,0.236547641456127,0.247974162592607,0,0,0,0.229597403030646,0,0,0,0,0,0.160761103034019,0.256318241357803,0.249251559376717,0.209063464775681,0.233477459504054,0.235179133713245,0.213852917837306,0,0.172662102580071,0,0,0,0,0,0,0,0.346984359480086,0,0.434395444022411,0.463888777792454,0.236728594815435,0.207979523529441,0.384837336448842,0,0.177669528807393,0.206824979186058,0.298183899488214,0.387757348641753,0,0,0.210171745317738,0.227376013994217,0.371495139318675,0.299526094153242,0,0,0.242247143760324,0,0,0,0.203531618416309,0.235313907265663,0.217371394236883,0,0.158584657837363,0,0.169001388493218,0.215262307136348,0,0.234830374965507,0,0.181847745159856,0,0.247330111952928,0,0.240125056707125,0,0.14143587953665,0,0.320154300484902,0,0.357732765376568,0.369853127002716,0.239691858475585,0.213409915566444,0.34932578271049,0,0.280158299328835,0.272224619984627,0.301481645015146,0.251697577536106,0
0,0,0.194822922348976,0,0.205307486000126,0,0.189337425654934,0,0.193430513143539,0,0.171014189720154,0,0.221923246447529,0,0.199416667900302,0,0,0.240241512656212,0.233024388551712,0,0.198718266926202,0,0,0,0,0,0,0,0,0,0,0,0,0,0.237912967801094,0,0.208073717355728,0,0,0.223121553659439,0.220889282615288,0,0.239820573065016,0,0,0.271516472101212,0.246306970715523,0.242260909506253,0.237291456240675,0,0,0,0,0,0,0,0.233823865652084,0,0.256719509287486,0,0,0,0,0.228169690041492,0,0,0,0,0,0,0,0,0,0,0,0,0,0,0,0.237969189882278,0,0,0.170252923744839,0,0.229421423304649,0,0
0,0,0,0.189710034488958,0,0.201265959376874,0,0.212288171052933,0,0,0,0.217145936323865,0,0.196373830136565,0,0.201244832653748,0,0,0,0.183829694986343,0,0,0,0,0,0,0,0,0,0,0,0,0,0,0,0,0,0,0,0.233772945404053,0,0.228418670594692,0,0,0,0.195058522479875,0,0.253303229808807,0,0.242247143760324,0,0,0,0.197108097374439,0,0,0,0.213185307596411,0,0.190689690411091,0,0.199277944073958,0.191131703555584,0,0,0,0,0,0,0,0,0,0,0,0,0,0,0,0.224687193448727,0,0,0,0.198971399323631,0,0.202622169907066,0,0
0,0,0,0,0,0,0.194191916535298,0,0,0,0,0,0,0,0,0,0,0,0,0,0,0,0,0,0,0,0,0,0,0,0,0,0,0,0,0,0,0,0,0,0,0,0,0,0,0,0,0,0,0,0,0,0,0,0,0,0.247579077428037,0,0,0,0,0,0,0,0,0,0,0,0,0,0,0,0,0,0,0,0,0,0,0,0,0,0.190566571222411,0,0,0,0
0,0,0,0,0,0.22417853985514,0,0.211786122620106,0,0,0,0.232853898505976,0,0,0,0,0,0,0,0,0,0,0,0,0,0,0,0,0,0,0,0,0,0,0,0,0,0,0,0,0,0,0,0,0,0,0,0,0,0,0,0.197108097374439,0,0,0,0,0,0.205706663002289,0,0,0,0,0,0,0,0,0,0,0,0,0,0,0,0,0,0,0,0,0,0,0,0,0.208641090779052,0,0,0,0
0.215373849570751,0,0,0,0.145591267384589,0,0,0,0.213022720068693,0,0,0,0,0,0.175005383545702,0,0,0,0,0,0,0,0,0,0.163465530611575,0,0.199776906520128,0,0,0,0,0,0,0,0,0,0,0,0.278679043734999,0,0,0,0,0,0,0,0,0,0.186088516376913,0,0,0,0,0,0,0,0.190365210175514,0,0,0,0.174936025230973,0,0,0,0,0,0,0.164976328611374,0,0.15532648563385,0,0,0,0,0,0,0,0.281903584284344,0,0,0,0.301371294770922,0.163540792122886,0,0.203439563512802,0,0
0,0.194010180986619,0,0.167909513085575,0,0,0,0,0,0.206366640396815,0,0,0,0,0,0.168791542744495,0.242960944771767,0,0,0,0,0,0,0.203658893020177,0,0.182383522391319,0,0,0,0,0,0,0,0.33324733376503,0,0,0,0.304928496479988,0,0,0,0.236496016383171,0,0,0,0.196399947007497,0,0,0,0.203531618416309,0,0,0,0,0,0,0,0.172950291207858,0,0.170106069743633,0,0.186309135569768,0,0,0,0,0.278446206275155,0,0.177706182003021,0,0.176710876822472,0,0,0,0,0,0.288993346691132,0,0.206907818714778,0,0.287892243166349,0,0.210436536482087,0.184379222989082,0.325564543460752,0,0
0.195394689647051,0,0.245601611343894,0,0,0,0,0,0,0,0.167531545463106,0,0.179144320863387,0,0,0,0.321828469634056,0,0.28659496208032,0,0.155923473564061,0,0,0,0,0,0,0,0.159266276720991,0,0.16112761983746,0,0.233037680387497,0,0.252505414187908,0,0.245291238029798,0,0.151533624556448,0.228325625260671,0.237607742691862,0,0.287407709997099,0,0.445229291915894,0.259184598922729,0.198544889848719,0.250601537525654,0.24205545849494,0.235313907265663,0.233823865652084,0,0.247579077428037,0,0.190365210175514,0,0,0,0.246188599091989,0,0.232993967086077,0,0,0.318306277750591,0,0,0,0,0,0,0,0,0,0.353285117591581,0,0.262433528900146,0,0.265488520264626,0.206557504832745,0.255214490927756,0,0.158868278618212,0.185072002001107,0,0.292930751743151,0,0.294202131821829
0,0.187248803199606,0,0.273211306968673,0,0,0,0.235323450395039,0,0.184680165989058,0,0.203326367564698,0,0.209915524638461,0,0,0,0.309880509972572,0.324898947030306,0.204602867523406,0,0,0,0,0,0,0,0.200538731858892,0,0.189426765555427,0,0,0,0.331115126609802,0,0.19216400027896,0,0.179528694526822,0,0.256014190499599,0,0.344040010697112,0.26111826300621,0.4077784744176,0,0.310620395576253,0,0,0,0.217371394236883,0,0.213185307596411,0,0.205706663002289,0,0.172950291207858,0,0,0,0.216478371823376,0,0.172143794023074,0.350769204595771,0,0,0,0,0,0,0,0.198186775340753,0,0.244913066640373,0,0,0,0,0,0.250069631182629,0.283478058874607,0.177258343903166,0,0.186226584981653,0.200870455628852,0.351627285088751,0.35446339005079,0
0,0,0.209044858120209,0,0.208313086110613,0,0,0,0,0,0.184848653276761,0,0.184534334996988,0,0.174251959273001,0,0,0,0.239973671734333,0,0,0,0,0,0,0,0.187632948160172,0,0.233222802585744,0,0,0,0,0,0,0,0.260615706443787,0,0,0.233566045761108,0.234118235607942,0,0.24368632932504,0,0,0,0.200610869604608,0.306482464075089,0.245190191864967,0,0.256719509287486,0,0,0,0,0,0.246188599091989,0,0,0,0.1744805641938,0,0,0,0,0,0,0,0,0,0,0,0,0,0,0,0,0,0,0,0,0,0.171997653759592,0.226543221622705,0.223622179989304,0,0.235128775238991
0,0.166263028979301,0,0.16239564307034,0,0.196046598255634,0,0.176203664319188,0,0,0,0.209254025196543,0,0.264069433247608,0,0.169343146805962,0,0,0,0,0,0,0,0,0,0,0,0.223598075837925,0,0,0,0,0,0,0,0,0,0,0,0,0,0.214702650904655,0,0,0,0.186974719166756,0,0,0,0.158584657837363,0,0.190689690411091,0,0,0,0.170106069743633,0,0.216478371823376,0,0,0,0.151164481616937,0,0,0,0,0,0,0,0,0,0,0,0,0,0,0,0,0.252816031376521,0,0,0,0.233062714986179,0.196734129845559,0.227355456352234,0,0
0.157309241929362,0,0.19734138250351,0,0,0,0,0,0.155212371763976,0,0,0,0.178628244038139,0,0.180264164094035,0,0,0,0,0,0,0,0,0,0,0,0.149360731244087,0,0,0,0,0,0,0,0,0,0,0,0,0,0,0,0,0,0,0,0,0,0.186037182342261,0,0,0,0,0,0.174936025230973,0,0.232993967086077,0,0.1744805641938,0,0,0,0,0,0,0,0,0,0,0.155190788209438,0,0,0,0,0,0,0,0,0,0,0,0,0.178846966849066,0,0.189748793840408,0,0
0,0.184076509305409,0,0,0,0.201693512499332,0,0,0,0.181213082820177,0,0,0,0.199874461008378,0,0.174197692929963,0,0.190292504818543,0,0,0,0,0,0.139587394893169,0,0.143933106213808,0,0,0,0,0,0,0,0,0,0,0,0.235726475715637,0,0,0,0,0,0,0,0,0,0,0,0.169001388493218,0,0.199277944073958,0,0,0,0.186309135569768,0,0.172143794023074,0,0.151164481616937,0,0,0,0,0,0,0.180780946635283,0,0,0,0,0,0,0,0,0,0,0,0,0,0,0,0.174652527805751,0.197757890200339,0,0,0
0,0,0,0.25210735124427,0,0.19269105053145,0,0.160476331822356,0,0,0,0.175747917069797,0,0,0,0,0.300766371190548,0.289708303553717,0.295819885492325,0.188100460372873,0,0,0,0,0,0,0,0,0,0,0,0,0,0,0,0.188463069857217,0,0.16580387955172,0,0.250775814090573,0.277036306758722,0.301398809588075,0.28263284265995,0.415079702933629,0,0.223086909541449,0.281696163117886,0.22217498421669,0.24666258196036,0.215262307136348,0,0.191131703555584,0,0,0,0,0,0.350769204595771,0,0,0,0,0,0,0,0,0,0,0,0,0,0,0,0,0,0,0,0,0.238518345562132,0.287238619393773,0.161691413720449,0,0.178100309367004,0.200781752665838,0.317916873148016,0.380031055874295,0
0,0,0,0,0.202186744373578,0,0,0,0,0,0.157816096105509,0,0,0,0,0,0.294979674396691,0.300212949514389,0.26863756054081,0,0.20564224609287,0,0,0,0,0,0,0,0,0,0,0,0.292520612478256,0,0.234938338398933,0,0.182948968968164,0,0.151309877634048,0.29082795381546,0.253927155293867,0,0.280314704207595,0,0.307715386152267,0.325140096247196,0.22079680485398,0.229174814621607,0.220592371156427,0,0.228169690041492,0,0,0,0,0,0.318306277750591,0,0,0,0,0,0,0,0,0,0,0,0,0,0,0,0,0.326354027622276,0,0,0,0.238531947135925,0.321199297904968,0.257488171532861,0,0.286645648560377,0.182869055427381,0,0.290421481751188,0,0
0,0,0,0,0,0,0,0,0,0,0,0,0,0,0,0,0,0.177040994167328,0,0,0,0.158067601974587,0.135391656377099,0.201296120882034,0,0.165775901996172,0,0,0,0,0,0,0,0,0,0,0,0.174259884942633,0.16065302601567,0,0,0,0,0,0,0,0,0,0,0.234830374965507,0,0,0,0,0,0,0,0,0,0,0,0,0,0,0,0.138911789655685,0.195995931824048,0,0.174570024013519,0,0.210911595395633,0,0,0,0,0,0,0,0,0,0.255776493349892,0,0.141987992262313,0.161719619211825,0.260289222002029,0,0
0,0,0,0,0,0,0,0,0,0,0,0,0,0,0,0,0,0,0,0,0,0.183903822302818,0.187058726221995,0,0.176451896532224,0,0.18003805577755,0,0.187173626770576,0,0,0,0,0,0,0,0,0,0.20847745009007,0,0,0,0,0,0,0,0,0,0.259334761744318,0,0,0,0,0,0,0,0,0,0,0,0,0,0,0,0.138911789655685,0,0,0.259917151916971,0,0.221861979890208,0,0.188000495906349,0,0,0,0,0,0,0,0,0,0.186783456874471,0.162975551193709,0,0,0,0
0,0.186849706702762,0,0,0,0,0,0,0,0.1899121520163,0,0,0,0,0,0.2023971071228,0,0,0,0,0,0.176155402635535,0,0.192260550532812,0,0.188721841217106,0,0,0,0,0,0,0,0,0,0,0,0.289369240848937,0,0,0,0.271197721362114,0,0,0,0,0,0,0,0.181847745159856,0,0,0,0,0,0.278446206275155,0,0,0,0,0,0.180780946635283,0,0,0.195995931824048,0,0,0,0.19367615936475,0,0.186387514074643,0,0,0,0,0,0,0,0,0,0.255005224339617,0,0.18999015566127,0,0.309545456182839,0,0
0,0,0,0,0,0,0,0,0.332534670829773,0,0,0,0,0,0,0,0,0,0,0,0,0,0.203784463798395,0,0.166401016896256,0,0.164274890872615,0,0,0,0,0,0,0,0,0,0,0,0.325978724882007,0,0,0,0,0,0,0,0,0,0.193118053552223,0,0,0,0,0,0.164976328611374,0,0,0,0,0,0,0,0,0,0,0.259917151916971,0,0,0,0.205432089495248,0,0,0,0,0,0,0,0.284159571863711,0,0,0,0.292894646291333,0.173572733998299,0,0.250800877289717,0,0
0,0.189483001828194,0,0,0,0,0,0,0,0,0,0,0,0,0,0.163236704965432,0,0.153877933491564,0,0,0,0.194667783511036,0,0.18482906321239,0,0.15553108616451,0,0.177872489889463,0,0,0,0,0,0,0,0,0,0,0,0,0,0,0,0,0,0,0,0,0,0.247330111952928,0,0,0,0,0,0.177706182003021,0,0,0,0,0,0,0,0,0.174570024013519,0,0.19367615936475,0,0,0,0.247921313230808,0,0,0,0,0,0,0,0,0,0,0,0.166596448037522,0.196243476122618,0.231596454977989,0,0
0.163210988044739,0,0,0,0,0,0,0,0,0,0,0,0.177659705281258,0,0.15639134645462,0,0.175107732415199,0,0,0,0,0,0.185538163142545,0,0.158255506306887,0,0.211758050795009,0,0.191507817098969,0,0,0,0,0,0,0,0,0,0,0,0,0,0,0,0,0,0,0,0.243872766693433,0,0,0,0,0,0.15532648563385,0,0,0,0,0,0.155190788209438,0,0,0,0,0.221861979890208,0,0.205432089495248,0,0,0,0.145266823470592,0,0,0,0,0,0,0,0,0,0,0.224955400282686,0,0.156683251261711,0,0
0,0.173513077199459,0,0,0,0,0,0,0,0,0,0.223496427759528,0,0,0,0,0,0,0,0,0,0.175853162654676,0,0,0,0.169368780517982,0,0.204672010127889,0,0.228130483604157,0,0,0,0,0,0,0,0.235031543568123,0,0,0,0,0,0,0,0,0,0,0,0.240125056707125,0,0,0,0,0,0.176710876822472,0,0.198186775340753,0,0,0,0,0,0,0.210911595395633,0,0.186387514074643,0,0.247921313230808,0,0,0,0.204349979758263,0,0,0,0,0,0,0,0.240391045785902,0,0.217127590710598,0.234845911418454,0.257219496098432,0,0
0,0,0,0,0,0,0,0,0,0,0,0,0.178074029715438,0,0,0,0,0,0,0,0,0,0.194389458607744,0,0,0,0.173144046749387,0,0.197071933254555,0,0,0,0,0,0,0,0,0,0,0,0,0,0,0,0,0,0,0,0,0,0,0,0,0,0,0,0,0,0,0,0,0,0,0,0,0.188000495906349,0,0,0,0.145266823470592,0,0,0,0,0,0,0,0,0,0,0,0.28374148607254,0.226400062315187,0.246949513753255,0,0,0
0,0,0,0,0,0,0,0,0,0,0,0.216139597042153,0,0,0,0,0,0,0,0,0,0,0,0,0,0,0,0.192813112764623,0,0.180141921335114,0,0,0,0,0,0,0,0.163371085488435,0,0,0,0.351715415716171,0,0,0,0,0,0,0,0.14143587953665,0,0,0,0,0,0,0,0.244913066640373,0,0,0,0,0,0,0,0,0,0,0,0,0.204349979758263,0,0,0,0,0,0,0,0,0,0.198220046396766,0,0.178461743367685,0.165285294146641,0.309890794762568,0,0
0,0,0.298451453447342,0,0,0,0,0,0,0,0.173739162358371,0,0,0,0,0,0.303054454922676,0.324091821908951,0.296025519484076,0,0,0,0,0,0,0,0,0,0.205470088007784,0,0.200230432800332,0,0,0,0,0,0,0,0.188924861753859,0.31201103925705,0.291524474235142,0,0.293885033390193,0,0.420897136131922,0,0.307813640151705,0.283856570720673,0.241609995563825,0,0,0,0,0,0,0,0.353285117591581,0,0,0,0,0,0,0.326354027622276,0,0,0,0,0,0,0,0,0,0,0,0,0,0,0.368623554706573,0.32898785273234,0,0.209163679464443,0.227596054474513,0,0.318306079469913,0,0.309620398329571
0,0,0,0,0,0,0,0,0,0,0,0,0,0,0,0,0,0,0,0,0,0,0,0,0,0,0,0,0,0,0,0.275122966587352,0.237998770512887,0,0.3334089666605,0.201344268357576,0.167324129794095,0,0,0.27892155200243,0,0,0,0,0,0,0,0.401048155842635,0.264654368162155,0.320154300484902,0,0,0,0,0,0,0,0,0,0,0,0,0,0,0,0,0,0,0,0,0,0,0,0,0,0.303888288567044,0.272204978899522,0.256610561576154,0.279521615580867,0.259211017326875,0,0,0.300236175872024,0,0.253825089335442,0,0
0,0,0.245013192296028,0,0.210701018571854,0,0,0,0,0,0,0,0,0,0,0,0,0,0,0,0.203365877270699,0,0,0,0,0,0,0,0,0,0,0.2329276698006,0.377779596938127,0.204520366742061,0.319556528329849,0.179364689853456,0.175964432084455,0,0,0.213596493005753,0,0,0,0,0,0.241128191351891,0,0.399841368004348,0.250444050018604,0,0,0,0,0,0,0,0.262433528900146,0,0,0,0,0,0,0,0,0,0,0,0,0,0,0,0,0,0.303888288567044,0,0.289916002502044,0.275629459384301,0.175043225288391,0.243808326456771,0,0,0.182051426577794,0,0.231151174753904,0,0
0,0,0,0.310301512479782,0,0,0,0,0,0.280603345144879,0,0,0,0,0,0,0,0,0,0,0,0,0,0,0,0,0,0,0,0,0,0.328137814170784,0.279876616597176,0.195856896341189,0.208783906147928,0.171321624628851,0,0.231231592932846,0.15265277326107,0,0,0,0,0,0,0.273719608783722,0,0.349434280129084,0,0.357732765376568,0,0,0,0,0,0.288993346691132,0,0,0,0,0,0,0,0,0,0,0,0,0,0,0,0,0,0,0.272204978899522,0.289916002502044,0,0.244796953845497,0.216152624028628,0,0.226826817168941,0,0.231939854111239,0,0.403222671576909,0,0
