0,0,0.186990079664907,0,0,0,0,0,0.144697685576975,0,0,0,0,0,0,0,0.290895253419876,0,0.257936579111504,0,0,0,0,0,0,0,0,0,0,0,0,0,0,0,0,0,0.335542947053909,0,0,0,0.366648644208908,0,0.314968648394852,0,0,0,0,0.363078172008197,0.184552553171169,0,0,0,0,0,0.171471430309888,0,0.272476439674695,0,0,0,0.187137541379414,0,0,0,0,0,0,0,0,0,0,0,0,0.341597184538841,0,0,0,0,0,0.354265038456236,0,0.394545640796423,0.193109482710744,0,0.274077763827788,0,0.235153898596764
0,0,0,0.133316255886765,0,0,0,0,0,0.157623599546078,0,0,0,0,0,0.15875256061554,0.276879519224167,0,0.270050324088945,0,0,0,0,0,0,0,0,0,0,0,0,0,0,0,0,0.420405834913254,0,0.192421838641167,0,0.382452320594054,0,0.270497670595026,0,0,0,0.322804254034291,0,0,0,0.227145522319037,0,0,0,0,0,0.180696889072283,0,0.23239890486002,0,0,0,0.177563211215394,0.30758813198875,0,0,0,0,0,0.20179492693681,0,0,0,0.301797136664391,0,0,0,0,0,0.34783064221081,0,0.345848903059959,0,0.225649821631452,0,0.222447200820726,0.275322377681732,0
0.186990079664907,0,0,0,0.189608260989189,0,0,0,0.138191918842494,0,0,0,0,0,0,0,0.262735456228256,0.247308641672134,0.262600815544526,0,0,0,0,0,0,0,0,0,0,0,0,0,0,0,0,0,0.266126685672336,0,0,0,0.215644992060131,0,0.288042154153396,0,0.275973230600357,0,0.233052007853985,0,0.205487110071781,0,0.222331175720319,0,0,0,0.171937465667725,0,0.264202427864075,0,0.213003508746624,0,0.19630884281967,0,0,0.263859221339226,0,0,0,0,0,0,0,0,0,0.304258380591133,0,0,0,0,0,0.291374023072422,0,0.334264608224233,0.211610773796977,0.213123269379139,0.255645296415367,0,0.278573388109605
0,0.133316255886765,0,0,0,0.141029916703701,0,0,0,0.177194382995367,0,0.149285405874252,0,0,0,0,0,0,0.258721005171537,0,0,0,0,0,0,0,0,0,0,0,0,0,0,0,0,0.268683835864067,0,0,0,0.248383323351542,0,0.284693118198654,0,0,0,0.23441024000446,0,0.266175558169683,0.247401550412178,0.209017209239363,0,0.207516254563081,0,0,0,0.189900064468384,0,0.283349201682225,0,0.18274303706672,0,0.207208737130127,0.288676351308823,0,0,0,0,0,0,0,0,0,0.311965023929423,0,0,0,0,0,0.278913520615209,0,0.316385748982429,0.2970230281353,0.239141554091916,0.246914952993393,0.234537308851603,0.254835158586502,0
0,0,0.189608260989189,0,0,0,0,0,0,0,0,0,0,0,0,0,0,0,0.261104385058085,0,0.14048374329622,0,0,0,0,0,0,0,0,0,0,0,0,0,0,0,0,0,0,0,0,0,0.245607103620257,0,0.254551500082016,0,0,0,0.238220751285553,0,0.184223875602846,0,0,0,0,0,0.244814555346966,0,0,0,0,0,0,0.284288823604584,0,0,0,0,0,0,0,0,0,0.273277074098587,0,0,0,0,0,0.37789186835289,0,0,0.189941800083034,0.199706032784027,0.211514928130382,0,0.253287881612778
0,0,0,0.141029916703701,0,0,0,0,0,0.248584578434626,0,0,0,0,0,0,0,0,0,0.172215600276277,0,0,0,0,0,0,0,0,0,0,0,0,0,0,0,0.229566164314747,0,0,0,0,0,0.250201687216759,0,0,0,0.194466173648834,0,0,0,0.227592885494232,0,0.214446979480377,0,0,0,0,0,0.253459542989731,0,0,0,0,0,0,0,0,0,0,0,0,0,0,0.304642558097839,0,0,0,0,0,0.266936292871833,0,0.283384151756763,0,0.190176350650964,0.197521174947421,0.153576327770045,0,0
0,0,0,0,0,0,0,0,0,0,0.140668295323849,0,0,0,0,0,0,0,0,0,0,0,0,0,0,0,0,0,0,0,0,0,0,0,0,0,0,0,0,0,0,0,0,0,0,0,0,0,0,0,0,0,0.139439282448668,0,0,0,0,0,0.167567625641823,0,0,0,0,0,0,0,0,0,0,0,0,0,0,0,0,0,0,0,0,0,0,0,0.153703411420186,0,0,0,0
0,0,0,0,0,0,0,0,0,0,0,0,0,0,0,0,0,0,0,0.167449890527614,0,0,0,0,0,0,0,0,0,0,0,0,0,0,0,0,0,0,0,0,0,0,0,0,0,0,0,0,0,0,0,0,0,0,0,0,0,0,0,0,0,0,0,0,0,0,0,0,0,0,0,0,0,0,0,0,0,0,0,0,0,0,0.17723805954059,0,0,0,0
0.144697685576975,0,0.138191918842494,0,0,0,0,0,0,0,0,0,0,0,0.19268858040634,0,0.215442776679993,0.216243378818035,0.253404504486493,0,0,0,0,0,0.187496032852393,0,0,0,0,0,0,0,0,0,0,0,0,0,0.250027274092038,0,0.392168313264847,0.256029970943928,0.254960023068093,0,0.244998142123222,0,0.300534695386887,0.354601775606473,0.192301737562734,0,0.17826634645462,0,0,0,0.191109320284398,0,0.23028701543808,0,0,0,0.211913557414628,0,0,0.273577034473419,0,0,0,0.190336339175701,0,0.162026703357697,0,0,0,0.279765018395015,0,0,0,0,0,0.292888183146715,0,0.289618358016014,0.19294277366098,0.258963844463652,0.178417183570285,0,0.325057638809085
0,0.157623599546078,0,0.177194382995367,0,0.248584578434626,0,0,0,0,0,0,0,0,0,0.1617823762743,0.199233740568161,0.167132197879255,0,0,0,0,0,0.236277996237019,0,0.209601470165783,0,0,0,0,0,0,0,0,0,0,0,0.212942909162778,0,0,0,0.218628187974294,0,0,0,0,0,0,0,0.187233183021639,0,0,0,0,0,0.213347215439004,0,0,0,0,0,0.192202685718183,0.296644538640976,0,0,0,0.222822737061616,0,0.199597766002019,0,0,0,0,0,0,0,0,0,0,0,0.255231231451035,0,0.18224499509187,0.171819184436319,0.203692656258742,0,0
0,0,0,0,0,0,0.140668295323849,0,0,0,0,0,0.168754354735051,0,0,0,0,0,0,0,0.132022340516537,0,0,0,0,0,0,0,0.157488754472217,0,0.205309236930175,0,0,0,0,0,0.123249074874016,0,0.138267747545775,0,0,0,0,0,0,0,0,0,0,0,0,0,0,0,0,0,0.181278488124069,0,0.167943778555385,0,0,0,0,0.134576128815078,0,0,0,0,0,0,0,0.158787553126995,0,0.228530295689901,0,0,0,0,0,0.153170816600323,0,0.14287292497123,0.161537874727807,0,0,0,0
0,0,0,0.149285405874252,0,0,0,0,0,0,0,0,0,0.133287841769365,0,0,0,0,0,0.16411782281181,0,0,0,0,0,0,0,0.131347421184182,0,0.167791107296944,0,0,0,0,0,0.142515570784991,0,0.187580524026504,0,0,0,0,0,0,0,0,0,0,0,0.224557846784592,0,0.159523295238614,0,0,0,0,0,0.196777128375074,0,0,0,0,0.13950238270419,0,0,0,0,0,0,0,0.124477851697627,0,0.189258556813002,0,0,0,0,0,0.151258187834173,0,0.177507971628354,0,0.138201030902565,0,0.143134117126465,0,0
0,0,0,0,0,0,0,0,0,0,0.168754354735051,0,0,0,0,0,0,0,0,0,0,0,0,0,0,0,0,0,0.172147858887911,0,0,0,0,0,0,0,0,0,0,0,0,0,0,0,0,0,0,0,0,0,0,0,0,0,0,0,0.175978428125381,0,0.170507388837312,0,0,0,0,0,0,0,0,0,0,0,0,0.171805385500193,0,0,0,0,0,0,0,0,0,0,0.240324605788503,0.197498102079738,0,0,0
0,0,0,0,0,0,0,0,0,0,0,0.133287841769365,0,0,0,0,0,0,0,0,0,0,0,0,0,0,0,0.156263411045074,0,0,0,0,0,0,0,0,0,0,0,0,0,0,0,0,0,0,0,0,0,0,0,0,0,0,0,0,0,0.156622363908871,0,0.164791898181041,0,0.178614345689615,0,0,0,0,0,0,0.18159290154775,0,0.189143863817056,0,0,0,0,0,0,0,0,0,0,0,0.199569262983479,0.213477557381758,0,0,0
0,0,0,0,0,0,0,0,0.19268858040634,0,0,0,0,0,0,0,0.170445327957471,0,0,0,0,0,0,0,0,0,0,0,0,0,0,0,0,0,0,0,0,0,0,0,0,0,0,0,0,0,0,0,0,0,0,0,0,0,0.188347160816193,0,0,0,0.151108078658581,0,0.168177367464916,0,0,0,0,0,0,0,0,0,0,0,0,0,0,0,0,0,0,0,0,0,0.20604229470094,0.184524374703566,0,0,0
0,0.15875256061554,0,0,0,0,0,0,0,0.1617823762743,0,0,0,0,0,0,0,0.243285294089999,0,0,0,0,0,0,0,0,0,0,0,0,0,0,0,0,0,0,0,0,0,0,0,0,0,0,0,0,0,0,0,0,0,0,0,0,0,0.210601146805745,0,0,0,0,0,0.172875078631119,0,0,0,0,0,0,0.178682874639829,0,0,0,0,0,0,0,0,0,0,0,0,0,0.190553915686905,0.20840206121405,0,0,0
0.290895253419876,0.276879519224167,0.262735456228256,0,0,0,0,0,0.215442776679993,0.199233740568161,0,0,0,0,0.170445327957471,0,0,0.179488905844951,0.317026018949444,0,0,0.197480112314224,0.202125975415726,0,0.202654615537565,0.144403129816055,0.17368391466088,0,0,0,0,0,0,0,0,0.318375332014901,0.371586168805758,0.32842892408371,0,0.324990763195923,0.355764581606938,0.262900632846615,0.279833989876967,0,0.313371603236054,0.315018299967051,0.355081734110097,0,0.312819838523865,0.306768447160721,0,0,0,0,0,0,0.364852255582809,0.273448675870895,0,0,0.166063413023949,0,0.307757898380882,0.313371111949285,0,0,0,0.174501012672078,0.287865847349167,0.214218913018703,0,0,0.27574759721756,0.353987679997487,0,0,0,0,0.326254888256984,0.352083968686628,0.306038081645966,0.370145579586264,0.198549583656136,0.164706845184167,0.34661022589362,0.273033299616405,0.28043732017863
0,0,0.247308641672134,0,0,0,0,0,0.216243378818035,0.167132197879255,0,0,0,0,0,0.243285294089999,0.179488905844951,0,0.295053659230196,0,0,0.179929792329117,0,0.217776708304882,0.159435682530914,0.179565718185169,0.151671305298805,0.240899996324019,0,0,0,0,0,0,0,0.337096403042475,0.328094278063093,0,0,0.295439369803251,0.318103336236056,0.266054654972894,0.269964584181098,0,0.287810186329095,0.293689013769229,0.323283291346318,0,0.269287347793579,0.260428130626678,0,0,0,0,0,0.160270527005196,0,0,0,0,0,0.215609981463506,0.294910898804665,0.310885135084391,0.166436514004748,0,0,0,0.179785993549374,0,0,0,0.298584908246994,0.321652774299894,0,0,0,0,0.321395851771037,0.327205576733047,0.327969719966253,0.325601498870289,0.203413845810585,0.220456547060648,0.300346044979432,0.261411869350602,0.27108329187992
0.257936579111504,0.270050324088945,0.262600815544526,0.258721005171537,0.261104385058085,0,0,0,0.253404504486493,0,0,0,0,0,0,0,0.317026018949444,0.295053659230196,0,0,0.34788054227829,0,0,0,0.256255451589823,0.269845448434353,0,0,0,0,0,0,0,0,0,0.363595403327143,0.357792306907715,0.335823590556781,0.377052128314972,0.330195676280005,0.336804041423296,0.254986548781836,0.263163381807043,0,0.336452612490721,0.325133443278754,0.365626536898698,0,0.277201342582703,0.290982333096591,0.271487352748712,0.263093590736389,0,0,0.256656855344772,0.305880397558212,0.351235987787897,0.321758379437486,0,0,0.267718374729156,0,0.317261977241837,0.323235221087614,0,0,0,0,0,0.238200902938843,0,0,0.353996245698495,0.355214669074847,0,0,0,0,0.363930347495731,0.353996591115065,0.397088726399948,0.371808726708693,0.267164071380207,0.262094726413488,0.345751720976149,0.258327349666672,0.278039476623031
0,0,0,0,0,0.172215600276277,0,0.167449890527614,0,0,0,0.16411782281181,0,0,0,0,0,0,0,0,0,0,0,0,0,0,0,0,0,0,0,0,0,0,0,0.155816868268724,0,0.15436384524848,0,0,0,0,0,0,0,0.29498702287674,0,0,0,0,0,0,0,0,0,0,0,0.162163791821358,0,0,0,0,0.198880845716977,0,0,0,0,0,0,0,0,0,0,0,0,0,0,0,0.152072642985572,0,0.186286135455189,0,0.176741098749985,0.202465731501579,0.147790185990743,0,0
0,0,0,0,0.14048374329622,0,0,0,0,0,0.132022340516537,0,0,0,0,0,0,0,0.34788054227829,0,0,0,0,0,0,0,0,0,0,0,0,0,0,0,0,0,0.143896121212414,0,0.156707030894992,0,0,0,0,0,0.29889777302742,0,0.254134688526392,0,0.204151004552841,0,0.169911374337971,0,0,0,0,0,0.156968377158046,0,0,0,0,0,0,0.204743788091547,0,0,0,0,0,0,0,0,0,0.25266832113266,0,0,0,0,0,0.210108439799305,0,0.266091446081797,0.168111438552539,0.205909562607606,0.202979381020005,0,0
0,0,0,0,0,0,0,0,0,0,0,0,0,0,0,0,0.197480112314224,0.179929792329117,0,0,0,0,0.13327061075242,0.224038401584734,0,0.206155105905477,0,0.198853167203756,0,0,0,0,0,0,0,0,0,0.177227834987223,0.175820454955101,0,0,0,0,0,0,0,0,0,0,0.251891942746523,0,0,0,0,0,0,0,0,0,0,0,0,0,0,0.196312735995485,0.3216412961483,0.212939525742342,0,0.195182068733608,0,0.213234573602676,0,0,0,0,0,0,0,0,0,0.205558617366806,0,0.180860349601345,0.167187819102772,0.279207696517309,0,0
0,0,0,0,0,0,0,0,0,0,0,0,0,0,0,0,0.202125975415726,0,0,0,0,0.13327061075242,0,0,0.207572502560086,0,0.195851229131222,0,0.165621848569976,0,0,0,0,0,0,0,0,0,0.197562130382504,0,0,0,0,0,0,0,0,0,0.286751203454073,0,0,0,0,0,0,0,0,0,0,0,0,0,0,0,0.183061654369036,0.206122230363587,0,0.264625701755285,0,0.332786366343498,0,0.144178856696401,0,0,0,0,0,0,0,0,0,0.241361345273094,0.162669790263856,0.172722056063764,0,0,0
0,0,0,0,0,0,0,0,0,0.236277996237019,0,0,0,0,0,0,0,0.217776708304882,0,0,0,0.224038401584734,0,0,0,0.14924322105454,0,0,0,0,0,0,0,0,0,0,0,0.166148201488031,0,0,0,0,0,0,0,0,0,0,0,0.262628203774073,0,0,0,0,0,0.221148585606562,0,0,0,0,0,0.191765859723091,0,0,0.238312352162141,0,0.218269472320875,0,0.15977431833744,0,0,0,0,0,0,0,0,0,0,0,0.211544179210537,0,0.19067917821499,0,0.298262059688568,0,0
0,0,0,0,0,0,0,0,0.187496032852393,0,0,0,0,0,0,0,0.202654615537565,0.159435682530914,0.256255451589823,0,0,0,0.207572502560086,0,0,0,0.15895110900913,0,0,0,0,0,0,0,0,0,0,0,0.194118507466042,0,0,0,0.253770835697651,0,0,0,0,0.279100865125656,0.253340428995509,0,0,0,0,0,0.246411696076393,0,0,0,0,0,0,0,0,0.307089745998383,0,0.227673837699388,0,0.18115327631845,0,0.145378497739633,0,0,0,0,0,0,0,0,0,0.321266829967499,0,0.27555348471455,0.202818111916806,0,0.246828326179336,0,0
0,0,0,0,0,0,0,0,0,0.209601470165783,0,0,0,0,0,0,0.144403129816055,0.179565718185169,0.269845448434353,0,0,0.206155105905477,0,0.14924322105454,0,0,0,0.180777413689572,0,0,0,0,0,0,0,0,0,0,0,0,0,0,0,0,0,0,0,0,0,0,0,0,0,0,0,0,0,0,0,0,0,0.175117601950963,0,0,0.179724933081911,0,0.170305880241924,0,0.165338794460566,0,0,0,0,0,0,0,0,0,0,0,0,0,0.189003902643574,0.180124505058579,0,0,0
0,0,0,0,0,0,0,0,0,0,0,0,0,0,0,0,0.17368391466088,0.151671305298805,0,0,0,0,0.195851229131222,0,0.15895110900913,0,0,0,0.177823451322478,0,0,0,0,0,0,0,0,0,0,0,0,0,0,0,0,0,0,0,0,0,0,0,0,0,0,0,0,0,0,0,0,0,0,0,0,0,0,0.173615563464792,0,0.169304153985447,0,0,0,0,0,0,0,0,0,0,0,0,0.189081034174672,0,0,0,0
0,0,0,0,0,0,0,0,0,0,0,0.131347421184182,0,0.156263411045074,0,0,0,0.240899996324019,0,0,0,0.198853167203756,0,0,0,0.180777413689572,0,0,0,0.154749482808014,0,0,0,0,0,0,0,0.166582577082576,0,0,0,0,0,0,0,0,0,0,0,0,0,0,0,0,0,0,0,0,0,0.16321911662817,0,0,0,0,0.184255073628118,0,0,0,0.163747382851747,0,0.178585705077287,0,0.177714866051014,0,0,0,0,0,0,0,0.222311525104138,0,0.20995490067714,0.221665305644274,0,0,0
0,0,0,0,0,0,0,0,0,0,0.157488754472217,0,0.172147858887911,0,0,0,0,0,0,0,0,0,0.165621848569976,0,0,0,0.177823451322478,0,0,0,0.155196695470474,0,0,0,0,0,0,0,0.166322376165125,0,0,0,0,0,0,0,0,0,0,0,0,0,0,0,0,0,0,0,0,0,0,0,0,0,0,0.158637899064249,0,0,0,0.19892853975296,0,0.179993925168694,0,0.148400096222758,0,0,0,0,0,0,0,0.174600730339686,0.168778017163277,0,0,0,0
0,0,0,0,0,0,0,0,0,0,0,0.167791107296944,0,0,0,0,0,0,0,0,0,0,0,0,0,0,0,0.154749482808014,0,0,0,0,0,0,0,0,0,0.154783649742603,0,0,0,0,0,0,0,0,0,0,0,0,0,0,0,0,0,0,0,0.18939201593399,0,0,0,0,0,0,0,0,0,0,0,0,0.13768463043703,0,0.18098547645876,0,0,0,0,0,0,0,0.163665888988871,0,0.162510550684399,0,0,0,0
0,0,0,0,0,0,0,0,0,0,0.205309236930175,0,0,0,0,0,0,0,0,0,0,0,0,0,0,0,0,0,0.155196695470474,0,0,0,0,0,0,0,0,0,0.148262378798813,0,0,0,0,0,0,0,0,0,0,0,0,0,0,0,0,0,0.214226035608186,0,0,0,0,0,0,0,0,0,0,0,0,0,0,0.158042096665927,0,0.228558503121257,0,0,0,0,0,0,0,0,0,0,0,0,0
0,0,0,0,0,0,0,0,0,0,0,0,0,0,0,0,0,0,0,0,0,0,0,0,0,0,0,0,0,0,0,0,0.13583818093703,0,0,0.166319763937662,0.244660074157374,0,0,0,0,0,0,0,0,0,0,0.40785742802802,0,0.504806160926819,0,0,0,0,0,0,0,0,0,0,0,0,0,0,0,0,0,0,0,0,0,0,0,0,0.193418916119184,0.130622041658224,0.141334518790245,0,0.234819202683866,0.215300529622115,0,0,0.191775311123241,0,0,0,0
0,0,0,0,0,0,0,0,0,0,0,0,0,0,0,0,0,0,0,0,0,0,0,0,0,0,0,0,0,0,0,0.13583818093703,0,0,0,0.133924872304002,0.164277628477079,0,0,0,0,0,0,0,0,0,0,0.350669311617429,0,0,0,0,0,0,0,0,0,0,0,0,0,0,0,0,0,0,0,0,0,0,0,0,0,0,0.15712445049168,0.211511885353539,0,0,0.333509996533394,0.203970280301765,0,0,0.17806665653423,0,0,0,0
0,0,0,0,0,0,0,0,0,0,0,0,0,0,0,0,0,0,0,0,0,0,0,0,0,0,0,0,0,0,0,0,0,0,0.19784845652396,0.160951905072697,0,0.219776450365878,0.22999370098114,0,0,0,0,0,0,0,0,0.423016581479201,0.498011238873005,0,0,0,0,0,0,0,0,0,0,0,0,0,0,0,0,0,0,0,0,0,0,0,0,0,0.248471369345983,0,0.180713976150713,0.198539229253164,0.161208039149642,0,0.256521866049456,0.210088983178139,0.177556952993018,0,0,0,0
0,0,0,0,0,0,0,0,0,0,0,0,0,0,0,0,0,0,0,0,0,0,0,0,0,0,0,0,0,0,0,0,0,0.19784845652396,0,0.161265898881287,0.133721167727417,0.263044911352071,0.177924898408708,0,0,0,0,0,0,0,0,0.331952416940221,0,0,0,0,0,0,0,0,0,0,0,0,0,0,0,0,0,0,0,0,0,0,0,0,0,0,0,0,0.18977268362852,0.220360589073054,0.1656272315979,0.166666016225205,0,0.226458511352539,0.21618367490523,0,0,0,0
0,0.420405834913254,0,0.268683835864067,0,0.229566164314747,0,0,0,0,0,0.142515570784991,0,0,0,0,0.318375332014901,0.337096403042475,0.363595403327143,0.155816868268724,0,0,0,0,0,0,0,0,0,0,0,0.166319763937662,0.133924872304002,0.160951905072697,0.161265898881287,0,0.143828668246238,0.202331831512972,0.177282524960382,0.316096713011329,0,0.327300826972681,0.279180973768234,0,0.357664793729782,0.325162390588035,0,0.41987379166213,0,0.313360995054245,0,0,0,0,0,0,0,0.202366271189281,0,0,0,0.336082488298416,0.21223751029798,0,0,0,0,0,0,0,0,0,0.299141615629196,0,0.22670134851201,0.143222299714883,0.193351504488254,0,0.221461879955431,0.148427980059117,0.216715827509386,0,0.191538435924384,0.19584760211016,0.299785351676425,0.349039851903915,0.301890581846237
0.335542947053909,0,0.266126685672336,0,0,0,0,0,0,0,0.123249074874016,0,0,0,0,0,0.371586168805758,0.328094278063093,0.357792306907715,0,0.143896121212414,0,0,0,0,0,0,0,0,0,0,0.244660074157374,0.164277628477079,0,0.133721167727417,0.143828668246238,0,0.194019675254822,0.187463326777712,0,0.28989551961422,0,0.343572031684786,0,0.404194979473602,0.34582793712616,0.295738172785538,0.34907033507313,0.272359133912967,0,0,0,0,0,0,0,0.178004337785145,0,0,0,0,0,0,0.209291234321839,0,0,0,0,0,0,0,0,0,0.268506323036395,0.333287369873789,0.15747362180218,0,0.267219128495171,0.149309064395382,0.214627987227657,0,0.200584462169429,0.182452150022684,0.188766691347827,0.289548029742851,0,0.362230695106766
0,0.192421838641167,0,0,0,0,0,0,0,0.212942909162778,0,0.187580524026504,0,0,0,0,0.32842892408371,0,0.335823590556781,0.15436384524848,0,0.177227834987223,0,0.166148201488031,0,0,0,0.166582577082576,0,0.154783649742603,0,0,0,0.219776450365878,0.263044911352071,0.202331831512972,0.194019675254822,0,0.138513084441896,0.329543516039848,0,0.283484302461147,0,0,0,0.366528342167536,0,0.54636319087639,0,0.390838181533187,0,0,0,0,0,0.202333511667209,0,0.179974285188,0,0,0,0,0.188179821791974,0,0.256673010868065,0,0.251591834665081,0,0,0,0,0,0.197195862730344,0,0,0,0.224667445321878,0,0.214806638122245,0,0.232675421308919,0.182621570924918,0.181345980561561,0.179372903219489,0.363034660142401,0.312450468540192,0
0,0,0,0,0,0,0,0,0.250027274092038,0,0.138267747545775,0,0,0,0,0,0,0,0.377052128314972,0,0.156707030894992,0.175820454955101,0.197562130382504,0,0.194118507466042,0,0,0,0.166322376165125,0,0.148262378798813,0,0,0.22999370098114,0.177924898408708,0.177282524960382,0.187463326777712,0.138513084441896,0,0,0,0,0.217456638813019,0,0,0,0.282968619695077,0.284639696241356,0.370070129003017,0,0,0,0,0,0.279300166980216,0,0.154830138637858,0,0,0,0,0,0,0.219273871172064,0,0.302107808497835,0,0.246159059038529,0,0,0,0.183563120844888,0,0.210849419236183,0,0,0,0.252740800633269,0.178903646234955,0.238788357748109,0.150643738416525,0.249403180598239,0.179376944735119,0.201256088912487,0.30775290830976,0,0
0,0.382452320594054,0,0.248383323351542,0,0,0,0,0,0,0,0,0,0,0,0,0.324990763195923,0.295439369803251,0.330195676280005,0,0,0,0,0,0,0,0,0,0,0,0,0,0,0,0,0.316096713011329,0,0.329543516039848,0,0,0,0.294347033384211,0.285773006352511,0,0.334589550892512,0.313138987184105,0.344022333621979,0.360354705620557,0.272375613451004,0.231004494922952,0,0.226742260158062,0,0,0,0.228305891156197,0,0.286310857987102,0,0.242492169141769,0,0.219877883791924,0.247557561105008,0,0,0,0,0,0,0,0,0,0.279242240513364,0.290330469608307,0,0,0,0,0.26605954872301,0.35209351281325,0.305763756390661,0.308782358964284,0.295264147262534,0.274914897978306,0.275643374217467,0.309110576866573,0.372741490602493
0.366648644208908,0,0.215644992060131,0,0,0,0,0,0.392168313264847,0,0,0,0,0,0,0,0.355764581606938,0.318103336236056,0.336804041423296,0,0,0,0,0,0,0,0,0,0,0,0,0,0,0,0,0,0.28989551961422,0,0,0,0,0.260480850934982,0.297549686622203,0,0.427488362710727,0.34753879904747,0.362353855308066,0.261180534958839,0.231310642775028,0,0,0,0,0,0,0,0.257035026947657,0,0,0,0.202546745538712,0,0,0.26200387933675,0,0,0,0,0,0,0,0,0,0.28194679861719,0,0,0,0,0,0.238707814117273,0,0.285029929350404,0.297502372285415,0,0.281212657210861,0.304845780134201,0.371086360544575
0,0.270497670595026,0,0.284693118198654,0,0.250201687216759,0,0,0.256029970943928,0.218628187974294,0,0,0,0,0,0,0.262900632846615,0.266054654972894,0.254986548781836,0,0,0,0,0,0,0,0,0,0,0,0,0,0,0,0,0.327300826972681,0,0.283484302461147,0,0.294347033384211,0.260480850934982,0,0.266356302783466,0,0.257315145297484,0.306742283467496,0.325222815786089,0.348909998974524,0.298110626637936,0.332729600997788,0,0.249457538127899,0,0,0,0.183815052111944,0,0.310937576783226,0,0.275989308953285,0,0.271944459941652,0.329589677525147,0.289240889251232,0,0,0,0,0,0,0,0,0.313371692837211,0.308085282643636,0,0,0,0,0.313951276892548,0.319016805716923,0.389291161721237,0.325672707387379,0.283394935925386,0.280925454708921,0.314371865747246,0.234957628936678,0.269854151540332
0.314968648394852,0,0.288042154153396,0,0.245607103620257,0,0,0,0.254960023068093,0,0,0,0,0,0,0,0.279833989876967,0.269964584181098,0.263163381807043,0,0,0,0,0,0.253770835697651,0,0,0,0,0,0,0,0,0,0,0.279180973768234,0.343572031684786,0,0.217456638813019,0.285773006352511,0.297549686622203,0.266356302783466,0,0,0.273237367201111,0.302417715390523,0.330917581280535,0.431594310466908,0.310291354381849,0.263576000928879,0.247470052912831,0,0,0,0.256329444902284,0,0.32214761823935,0.318708911538124,0.263054038087527,0,0.251023103616067,0,0.279805845684475,0.297709127458242,0,0,0,0,0,0,0,0.271389295657476,0,0.343146153496158,0,0,0,0,0.311121478676796,0.313962096153737,0,0.39188506249852,0.284869900541189,0.300553320483728,0.300224749916857,0.280587136745453,0.260698746620553
0,0,0,0,0,0,0,0,0,0,0,0,0,0,0,0,0,0,0,0,0,0,0,0,0,0,0,0,0,0,0,0,0,0,0,0,0,0,0,0,0,0,0,0,0,0,0,0,0,0,0,0,0,0,0,0,0,0,0,0,0,0,0,0,0,0,0,0,0,0,0,0,0,0,0,0,0,0,0,0,0,0,0.239795491099358,0,0,0,0
0,0,0.275973230600357,0,0.254551500082016,0,0,0,0.244998142123222,0,0,0,0,0,0,0,0.313371603236054,0.287810186329095,0.336452612490721,0,0.29889777302742,0,0,0,0,0,0,0,0,0,0,0,0,0,0,0.357664793729782,0.404194979473602,0,0,0.334589550892512,0.427488362710727,0.257315145297484,0.273237367201111,0,0,0.286663979291916,0.417707759973615,0,0.297037416696548,0,0.264790713787079,0,0,0,0,0,0,0.313841909170151,0,0,0,0,0.373999615510305,0.344889284207903,0,0,0,0,0,0,0,0.265298187732697,0,0.361103196229254,0,0,0,0.414129287004471,0.343650590628386,0.420615471861144,0.3002809882164,0.462167805900761,0.280678598697369,0.309733211994171,0.400853142984169,0.263654537498951,0.301157303509258
0,0.322804254034291,0,0.23441024000446,0,0.194466173648834,0,0,0,0,0,0,0,0,0,0,0.315018299967051,0.293689013769229,0.325133443278754,0.29498702287674,0,0,0,0,0,0,0,0,0,0,0,0,0,0,0,0.325162390588035,0.34582793712616,0.366528342167536,0,0.313138987184105,0.34753879904747,0.306742283467496,0.302417715390523,0,0.286663979291916,0,0.340481882294019,0.269721254706383,0,0.246005054467764,0,0.279549479484558,0,0,0,0,0.349139422178268,0.363333812304612,0,0,0,0,0.239016381791618,0.327501893043518,0,0,0,0,0,0,0,0,0.363828593156707,0,0,0,0,0,0.284236193366504,0.365640773014589,0.370555769170871,0.357338450849056,0.305441172993077,0.262826019007227,0.301170427405156,0.345063345835489,0.285481154918671
0,0,0.233052007853985,0,0,0,0,0,0.300534695386887,0,0,0,0,0,0,0,0.355081734110097,0.323283291346318,0.365626536898698,0,0.254134688526392,0,0,0,0,0,0,0,0,0,0,0,0,0,0,0,0.295738172785538,0,0.282968619695077,0.344022333621979,0.362353855308066,0.325222815786089,0.330917581280535,0,0.417707759973615,0.340481882294019,0,0,0.190858219678585,0.207882314920425,0,0,0,0,0.307464510202408,0,0.310929253697395,0,0,0,0.220017860333125,0.321482330560684,0.324348419904709,0.261061855234952,0,0,0,0,0,0,0,0,0.293703138828278,0.339530097177395,0,0,0,0,0.401183264596122,0.316244148686372,0,0.335189071819564,0.281712951517738,0.192070404688517,0.354070855657859,0,0.327298827469349
0.363078172008197,0,0,0.266175558169683,0,0,0,0,0.354601775606473,0,0,0,0,0,0,0,0,0,0,0,0,0,0,0,0.279100865125656,0,0,0,0,0,0,0.40785742802802,0.350669311617429,0.423016581479201,0.331952416940221,0.41987379166213,0.34907033507313,0.54636319087639,0.284639696241356,0.360354705620557,0.261180534958839,0.348909998974524,0.431594310466908,0,0,0.269721254706383,0,0,0.475134449867021,0.346621253725721,0,0,0,0,0.292897403240204,0,0,0.288775488734245,0,0,0,0,0.231381893157959,0.215620424598455,0,0,0,0,0,0,0,0,0.310114651918411,0,0.349336928475591,0.362949499734501,0.267826483205513,0.299118175550743,0.324195624284801,0.359328642077002,0.310245764255524,0.250182101503015,0.423358585213388,0.310301333665848,0.462278031878177,0,0.351599981387456
0.184552553171169,0,0.205487110071781,0.247401550412178,0.238220751285553,0,0,0,0.192301737562734,0,0,0,0,0,0,0,0.312819838523865,0.269287347793579,0.277201342582703,0,0.204151004552841,0,0.286751203454073,0,0.253340428995509,0,0,0,0,0,0,0,0,0.498011238873005,0,0,0.272359133912967,0,0.370070129003017,0.272375613451004,0.231310642775028,0.298110626637936,0.310291354381849,0,0.297037416696548,0,0.190858219678585,0.475134449867021,0,0.297428589452196,0.227014725858515,0.235096022486687,0,0,0.231406165690689,0,0.248397849654329,0.287003964185715,0.283292929331462,0,0.192289746355736,0,0,0.210664968307202,0,0.302181932852309,0,0.252594078611011,0,0.264753830451403,0,0.365432718821934,0.30520324409008,0.315480023532203,0,0.412151485681534,0,0.372352063655853,0.271995718280474,0.321007509771901,0,0.370433796615621,0.384695327081359,0.28741442412138,0.295657829125564,0,0.296183924553758
0,0.227145522319037,0,0.209017209239363,0,0.227592885494232,0,0,0,0.187233183021639,0,0.224557846784592,0,0,0,0,0.306768447160721,0.260428130626678,0.290982333096591,0,0,0.251891942746523,0,0.262628203774073,0,0,0,0,0,0,0,0.504806160926819,0,0,0,0.313360995054245,0,0.390838181533187,0,0.231004494922952,0,0.332729600997788,0.263576000928879,0,0,0.246005054467764,0.207882314920425,0.346621253725721,0.297428589452196,0,0,0.196265095472336,0,0,0,0.195759295371541,0.259966850280762,0.278743532850691,0,0.176634559673922,0,0.199058410018048,0.297507023527509,0,0.237889618518647,0,0.27753803822943,0,0.249458380841783,0,0.231172571579615,0,0.262666672217746,0,0,0,0.236333847045898,0,0.264580276202072,0,0.306575553549661,0,0.313442612975692,0.272823233482907,0.28019425572436,0.232338011264801,0
0,0,0.222331175720319,0,0.184223875602846,0,0,0,0.17826634645462,0,0,0,0,0,0,0,0,0,0.271487352748712,0,0.169911374337971,0,0,0,0,0,0,0,0,0,0,0,0,0,0,0,0,0,0,0,0,0,0.247470052912831,0,0.264790713787079,0,0,0,0.227014725858515,0,0,0,0.170758962631226,0,0,0,0.243894714724916,0,0.201828018934638,0,0.177361259857814,0,0,0.23516092201074,0,0,0,0,0,0,0,0,0,0.283094131946564,0,0,0,0,0,0.331216156482697,0,0.340438783168793,0.162608193910935,0.188038316794804,0.21758460041325,0,0.243185892701149
0,0,0,0.207516254563081,0,0.214446979480377,0,0,0,0,0,0.159523295238614,0,0,0,0,0,0,0.263093590736389,0,0,0,0,0,0,0,0,0,0,0,0,0,0,0,0,0,0,0,0,0.226742260158062,0,0.249457538127899,0,0,0,0.279549479484558,0,0,0.235096022486687,0.196265095472336,0,0,0,0,0,0.166526233156522,0,0.251124134950713,0,0.177122622728348,0,0,0,0,0,0,0,0,0,0,0,0,0.270217418670654,0,0,0,0,0,0.282206518309457,0,0.28235787153244,0,0.224523118800587,0,0.170328600103395,0,0
0,0,0,0,0,0,0.139439282448668,0,0,0,0,0,0,0,0,0,0,0,0,0,0,0,0,0,0,0,0,0,0,0,0,0,0,0,0,0,0,0,0,0,0,0,0,0,0,0,0,0,0,0,0.170758962631226,0,0,0,0,0,0.172542346323409,0,0,0,0,0,0,0.142318884531657,0,0,0,0,0,0,0,0,0,0,0,0,0,0,0,0,0,0,0,0,0,0,0
0,0,0,0,0,0,0,0,0,0,0,0,0,0,0,0,0,0,0,0,0,0,0,0,0,0,0,0,0,0,0,0,0,0,0,0,0,0,0,0,0,0,0,0,0,0,0,0,0,0,0,0,0,0,0,0,0,0,0,0,0,0,0,0,0,0,0,0,0,0,0,0,0,0,0,0,0,0,0,0,0,0,0,0,0,0,0
0.171471430309888,0,0.171937465667725,0,0,0,0,0,0.191109320284398,0,0,0,0,0,0.188347160816193,0,0,0,0.256656855344772,0,0,0,0,0,0.246411696076393,0,0,0,0,0,0,0,0,0,0,0,0,0,0.279300166980216,0,0,0,0.256329444902284,0,0,0,0.307464510202408,0.292897403240204,0.231406165690689,0,0,0,0,0,0,0,0,0,0,0,0.214407562024214,0,0,0,0,0,0,0.236108957936889,0,0,0,0,0,0.268458902835846,0,0,0,0,0,0,0,0.298362340204188,0.199028788717246,0,0.239428205797391,0,0
0,0.180696889072283,0,0.189900064468384,0,0,0,0,0,0.213347215439004,0,0,0,0,0,0.210601146805745,0,0.160270527005196,0.305880397558212,0,0,0,0,0.221148585606562,0,0,0,0,0,0,0,0,0,0,0,0,0,0.202333511667209,0,0.228305891156197,0,0.183815052111944,0,0,0,0,0,0,0,0.195759295371541,0,0.166526233156522,0,0,0,0,0,0.263962306082249,0,0,0,0.19643313649071,0,0,0,0,0.214326080866158,0,0,0,0,0,0.276299573481083,0,0,0,0,0,0.272706925868988,0,0.231762766838074,0,0.175118670985103,0,0.181962005912311,0,0
0.272476439674695,0,0.264202427864075,0,0.244814555346966,0,0,0,0.23028701543808,0,0.181278488124069,0,0.175978428125381,0,0,0,0.364852255582809,0,0.351235987787897,0,0.156968377158046,0,0,0,0,0,0,0,0,0,0.214226035608186,0,0,0,0,0,0.178004337785145,0,0.154830138637858,0,0.257035026947657,0,0.32214761823935,0,0,0.349139422178268,0.310929253697395,0,0.248397849654329,0.259966850280762,0.243894714724916,0,0.172542346323409,0,0,0,0,0,0.282197229215439,0,0.227345426167761,0,0,0.29777372915376,0,0,0,0,0,0,0,0.236316077411175,0,0.317302362487444,0,0,0,0,0,0.28137116937031,0,0.182665283823835,0.22752849675754,0.250347548060947,0.288660204181304,0,0.331702734742846
0,0.23239890486002,0,0.283349201682225,0,0.253459542989731,0,0,0,0,0,0.196777128375074,0,0.156622363908871,0,0,0.273448675870895,0,0.321758379437486,0.162163791821358,0,0,0,0,0,0,0,0,0,0.18939201593399,0,0,0,0,0,0.202366271189281,0,0.179974285188,0,0.286310857987102,0,0.310937576783226,0.318708911538124,0,0.313841909170151,0.363333812304612,0,0.288775488734245,0.287003964185715,0.278743532850691,0,0.251124134950713,0,0,0,0.263962306082249,0,0,0,0.199751370772719,0,0.225896325639703,0.375202963222093,0,0,0,0,0,0,0,0.318963269664817,0,0.338595492150979,0,0,0,0,0,0.304258128414389,0.337084501981735,0.200967542827129,0,0.271305734137876,0.330459043383598,0.341238336888503,0.375753129350728,0
0,0,0.213003508746624,0,0,0,0.167567625641823,0,0,0,0.167943778555385,0,0.170507388837312,0,0.151108078658581,0,0,0,0,0,0,0,0,0,0,0,0,0,0,0,0,0,0,0,0,0,0,0,0,0,0,0,0.263054038087527,0,0,0,0,0,0.283292929331462,0,0.201828018934638,0,0,0,0,0,0.282197229215439,0,0,0,0.188916351646185,0,0,0,0,0,0,0,0,0,0,0,0,0.296497851610184,0,0,0,0,0,0.285935588181019,0,0,0.175549068621227,0.208347588777542,0.264437691618999,0,0
0,0,0,0.18274303706672,0,0,0,0,0,0,0,0,0,0.164791898181041,0,0,0,0,0,0,0,0,0,0,0,0,0,0.16321911662817,0,0,0,0,0,0,0,0,0,0,0,0.242492169141769,0,0.275989308953285,0,0,0,0,0,0,0,0.176634559673922,0,0.177122622728348,0,0,0,0,0,0.199751370772719,0,0,0,0.168408427387476,0,0,0,0,0,0,0.144994776695967,0,0.14913135766983,0,0.289396271109581,0,0,0,0,0,0,0,0,0,0.21579736272494,0.237787783145905,0.199787978244864,0,0
0.187137541379414,0,0.19630884281967,0,0,0,0,0,0.211913557414628,0,0,0,0,0,0.168177367464916,0,0.166063413023949,0,0.267718374729156,0,0,0,0,0,0,0,0,0,0,0,0,0,0,0,0,0,0,0,0,0,0.202546745538712,0,0.251023103616067,0,0,0,0.220017860333125,0,0.192289746355736,0,0.177361259857814,0,0,0,0.214407562024214,0,0.227345426167761,0,0.188916351646185,0,0,0,0,0.275057256221771,0,0,0,0,0,0,0,0,0,0.297077315634695,0,0,0,0,0,0.30294052362442,0,0.310160100460052,0.166395123992393,0.176793001487222,0.264776532386625,0,0.249734203020732
0,0.177563211215394,0,0.207208737130127,0,0,0,0,0,0.192202685718183,0,0,0,0.178614345689615,0,0.172875078631119,0,0.215609981463506,0,0,0,0,0,0.191765859723091,0,0.175117601950963,0,0,0,0,0,0,0,0,0,0.336082488298416,0,0,0,0.219877883791924,0,0.271944459941652,0,0,0,0,0.321482330560684,0,0,0.199058410018048,0,0,0,0,0,0.19643313649071,0,0.225896325639703,0,0.168408427387476,0,0,0,0,0,0,0.206958189606667,0,0.153082266449928,0,0,0,0.289292419950167,0,0,0,0,0,0.322765648365021,0,0,0,0.203901331871748,0,0.191086761653423,0.215584143996239,0
0,0.30758813198875,0,0.288676351308823,0,0,0,0,0,0.296644538640976,0,0.13950238270419,0,0,0,0,0.307757898380882,0.294910898804665,0.317261977241837,0.198880845716977,0,0,0,0,0,0,0,0,0,0,0,0,0,0,0,0.21223751029798,0,0.188179821791974,0,0.247557561105008,0,0.329589677525147,0.279805845684475,0,0.373999615510305,0.239016381791618,0.324348419904709,0.231381893157959,0,0.297507023527509,0,0,0,0,0,0,0,0.375202963222093,0,0,0,0,0,0.304570972919464,0,0,0,0,0,0,0,0,0.397155673021362,0.341671258211136,0,0,0,0,0.257572111369509,0.328577982054816,0.308587442211902,0.337281078100204,0.266358239087354,0.23212283535288,0.300851342146592,0.305379112218988,0.252691492438316
0,0,0.263859221339226,0,0.284288823604584,0,0,0,0.273577034473419,0,0.134576128815078,0,0,0,0,0,0.313371111949285,0.310885135084391,0.323235221087614,0,0.204743788091547,0,0,0,0.307089745998383,0,0,0,0,0,0,0,0,0,0,0,0.209291234321839,0,0.219273871172064,0,0.26200387933675,0.289240889251232,0.297709127458242,0,0.344889284207903,0.327501893043518,0.261061855234952,0.215620424598455,0.210664968307202,0,0.23516092201074,0,0.142318884531657,0,0,0,0.29777372915376,0,0,0,0.275057256221771,0,0.304570972919464,0,0,0,0,0,0,0,0,0,0,0.321261319679378,0,0,0,0,0.317429266870022,0.261508373508923,0,0.277306359066063,0.237390642985702,0,0.304676960873882,0.290096655488014,0.314621934523949
0,0,0,0,0,0,0,0,0,0,0,0,0,0,0,0,0,0.166436514004748,0,0,0,0.196312735995485,0.183061654369036,0.238312352162141,0,0.179724933081911,0,0.184255073628118,0,0,0,0,0,0,0,0,0,0.256673010868065,0,0,0,0,0,0,0,0,0,0,0,0.237889618518647,0,0,0,0,0,0,0,0,0,0,0,0,0,0,0,0,0.208407923801621,0,0.225589756261219,0,0.28530686388889,0,0,0,0,0,0,0,0,0,0.29442554784454,0,0.171353638277748,0.173158946136634,0,0,0
0,0,0,0,0,0,0,0,0,0,0,0,0,0,0,0,0,0,0,0,0,0.3216412961483,0.206122230363587,0,0.227673837699388,0,0,0,0.158637899064249,0,0,0,0,0,0,0,0,0,0.302107808497835,0,0,0,0,0,0,0,0,0,0.302181932852309,0,0,0,0,0,0,0,0,0,0,0,0,0,0,0,0,0,0,0.273525707333921,0,0.323694673677285,0,0.197072517047537,0,0,0,0,0,0,0,0,0,0.290562880746838,0.164764687643203,0.29219719329301,0,0,0
0,0,0,0,0,0,0,0,0,0.222822737061616,0,0,0,0,0,0,0,0,0,0,0,0.212939525742342,0,0.218269472320875,0,0.170305880241924,0,0,0,0,0,0,0,0,0,0,0,0.251591834665081,0,0,0,0,0,0,0,0,0,0,0,0.27753803822943,0,0,0,0,0,0.214326080866158,0,0,0,0,0,0.206958189606667,0,0,0.208407923801621,0,0,0,0.223077496938538,0,0.227592587471008,0,0,0,0,0,0.292773083272115,0,0,0,0.242865194325484,0,0.217615303234197,0,0.307509872775811,0,0
0,0,0,0,0,0,0,0,0.190336339175701,0,0,0,0,0,0,0,0.174501012672078,0,0,0,0,0,0.264625701755285,0,0.18115327631845,0,0.173615563464792,0,0,0,0,0,0,0,0,0,0,0,0.246159059038529,0,0,0,0,0,0,0,0,0,0.252594078611011,0,0,0,0,0,0.236108957936889,0,0,0,0,0,0,0,0,0,0,0.273525707333921,0,0,0,0.229440443083912,0,0,0,0,0,0,0,0,0,0,0,0.296598471908106,0.180139892501757,0,0.240012367398052,0,0
0,0.20179492693681,0,0,0,0,0,0,0,0.199597766002019,0,0,0,0.18159290154775,0,0.178682874639829,0.287865847349167,0.179785993549374,0,0,0,0.195182068733608,0,0.15977431833744,0,0.165338794460566,0,0.163747382851747,0,0,0,0,0,0,0,0,0,0,0,0,0,0,0,0,0,0,0,0,0,0.249458380841783,0,0,0,0,0,0,0,0,0,0.144994776695967,0,0.153082266449928,0,0,0.225589756261219,0,0.223077496938538,0,0,0,0.253371616914159,0,0,0,0,0,0,0,0,0,0,0,0.189629491024158,0,0.194519490003586,0,0
0,0,0,0,0,0,0,0,0.162026703357697,0,0,0,0,0,0,0,0.214218913018703,0,0.238200902938843,0,0,0,0.332786366343498,0,0.145378497739633,0,0.169304153985447,0,0.19892853975296,0,0,0,0,0,0,0,0,0,0,0,0,0,0,0,0,0,0,0,0.264753830451403,0,0,0,0,0,0,0,0,0,0,0,0,0,0,0,0,0.323694673677285,0,0.229440443083912,0,0,0,0.235191268765408,0,0,0,0,0,0,0,0,0,0,0.202843114733696,0,0,0,0
0,0,0,0,0,0,0,0,0,0,0,0.124477851697627,0,0.189143863817056,0,0,0,0,0,0,0,0.213234573602676,0,0,0,0,0,0.178585705077287,0,0.13768463043703,0,0,0,0,0,0,0,0,0,0,0,0,0,0,0,0,0,0,0,0.231172571579615,0,0,0,0,0,0,0,0.318963269664817,0,0.14913135766983,0,0,0,0,0.28530686388889,0,0.227592587471008,0,0.253371616914159,0,0,0,0.280532657101761,0,0,0,0,0,0,0,0.268962453849487,0,0.189166061738704,0.265866450440716,0.159603148698807,0,0
0,0,0,0,0,0,0,0,0,0,0.158787553126995,0,0.171805385500193,0,0,0,0,0,0,0,0,0,0.144178856696401,0,0,0,0,0,0.179993925168694,0,0.158042096665927,0,0,0,0,0,0,0,0.183563120844888,0,0,0,0.271389295657476,0,0.265298187732697,0,0,0,0.365432718821934,0,0,0,0,0,0,0,0.236316077411175,0,0,0,0,0,0,0,0,0.197072517047537,0,0,0,0.235191268765408,0,0,0,0.380992795933377,0,0,0,0,0,0,0,0.309174106098138,0.306623021761576,0.183333933353424,0.296317618340254,0,0
0,0.301797136664391,0,0.311965023929423,0,0.304642558097839,0,0,0,0,0,0.189258556813002,0,0,0,0,0.27574759721756,0.298584908246994,0.353996245698495,0,0,0,0,0,0,0,0,0.177714866051014,0,0.18098547645876,0,0,0,0,0,0.299141615629196,0,0.197195862730344,0,0.279242240513364,0,0.313371692837211,0,0,0,0.363828593156707,0.293703138828278,0.310114651918411,0.30520324409008,0.262666672217746,0,0.270217418670654,0,0,0,0.276299573481083,0,0.338595492150979,0,0.289396271109581,0,0.289292419950167,0.397155673021362,0,0,0,0,0,0,0,0.280532657101761,0,0,0.322057694196701,0,0,0,0,0.321967154898142,0.331002950668335,0.25047822910509,0,0.366682069622763,0.3437335267663,0.349245184479149,0.365724439231249,0
0.341597184538841,0,0.304258380591133,0,0.273277074098587,0,0,0,0.279765018395015,0,0.228530295689901,0,0,0,0,0,0.353987679997487,0.321652774299894,0.355214669074847,0,0.25266832113266,0,0,0,0,0,0,0,0.148400096222758,0,0.228558503121257,0,0,0,0,0,0.268506323036395,0,0.210849419236183,0.290330469608307,0.28194679861719,0.308085282643636,0.343146153496158,0,0.361103196229254,0,0.339530097177395,0,0.315480023532203,0,0.283094131946564,0,0,0,0.268458902835846,0,0.317302362487444,0,0.296497851610184,0,0.297077315634695,0,0.341671258211136,0.321261319679378,0,0,0,0,0,0,0,0.380992795933377,0.322057694196701,0,0,0,0,0,0.366715043783188,0.30007361194605,0,0.323501193685863,0.30499831953538,0.280875726789236,0.346357648901369,0,0.358036038680718
0,0,0,0,0,0,0,0,0,0,0,0,0,0,0,0,0,0,0,0,0,0,0,0,0,0,0,0,0,0,0,0.193418916119184,0.15712445049168,0.248471369345983,0,0.22670134851201,0.333287369873789,0,0,0,0,0,0,0,0,0,0,0.349336928475591,0,0,0,0,0,0,0,0,0,0,0,0,0,0,0,0,0,0,0,0,0,0,0,0,0,0,0,0.151503998460248,0.30452380921736,0,0.2421940894741,0.473700971765952,0,0,0.223198422074318,0,0,0,0
0,0,0,0,0,0,0,0,0,0,0,0,0,0,0,0,0,0,0,0,0,0,0,0,0,0,0,0,0,0,0,0.130622041658224,0.211511885353539,0,0,0.143222299714883,0.15747362180218,0,0,0,0,0,0,0,0,0,0,0.362949499734501,0.412151485681534,0,0,0,0,0,0,0,0,0,0,0,0,0,0,0,0,0,0,0,0,0,0,0,0,0,0.151503998460248,0,0,0.283969257967275,0.418836653232574,0.240713716418624,0,0,0.155069215867955,0,0,0,0
0,0,0,0,0,0,0,0,0,0,0,0,0,0,0,0,0,0,0,0,0,0,0,0,0,0,0,0,0,0,0,0.141334518790245,0,0.180713976150713,0.18977268362852,0.193351504488254,0,0.224667445321878,0,0,0,0,0,0,0,0,0,0.267826483205513,0,0.236333847045898,0,0,0,0,0,0,0,0,0,0,0,0,0,0,0,0,0.292773083272115,0,0,0,0,0,0,0,0.30452380921736,0,0,0.188835647702217,0.277687713906261,0,0.2798292505269,0,0.183341181088734,0,0,0,0
0,0,0,0,0,0,0,0,0,0,0,0,0,0,0,0,0,0,0,0,0,0,0,0,0,0,0,0,0,0,0,0,0,0.198539229253164,0.220360589073054,0,0.267219128495171,0,0.252740800633269,0,0,0,0,0,0.414129287004471,0,0,0.299118175550743,0.372352063655853,0,0,0,0,0,0,0,0,0,0,0,0,0,0,0,0,0,0,0,0,0,0,0,0,0,0,0.283969257967275,0.188835647702217,0,0,0.335659345029493,0,0.303836988060812,0.168263014067303,0,0,0,0
0,0.34783064221081,0,0.278913520615209,0,0.266936292871833,0,0,0,0,0,0.151258187834173,0,0,0,0,0.326254888256984,0.321395851771037,0.363930347495731,0.152072642985572,0,0,0,0,0,0,0,0,0,0,0,0.234819202683866,0.333509996533394,0.161208039149642,0.1656272315979,0.221461879955431,0.149309064395382,0.214806638122245,0.178903646234955,0.26605954872301,0,0.313951276892548,0.311121478676796,0,0.343650590628386,0.284236193366504,0.401183264596122,0.324195624284801,0.271995718280474,0.264580276202072,0,0.282206518309457,0,0,0,0.272706925868988,0,0.304258128414389,0,0,0,0.322765648365021,0.257572111369509,0.317429266870022,0,0,0,0,0,0,0,0,0.321967154898142,0.366715043783188,0.2421940894741,0.418836653232574,0.277687713906261,0,0,0.275016710162163,0.257906940120917,0.370427221059799,0.253424850053987,0.267411656677723,0.344170576740061,0.353343549123068,0.322374865412712
