0,0,175.177555084229,0,0,0,0,0,448.024678990245,0,0,0,0,0,30.2785142362118,0,3.18329498171806,0,28.8137127906084,0,0,0,0,0,2.03598636388779,0,0,0,0,0,0,0,0.51215922832489,0,0,0,0,0,3.47010745108128,0.484870076179504,6.76481401920319,5.68575145304203,315.523071020842,0,0,0,0.124582342803478,7.53546725213528,272.759754404426,0.172248244285583,13.2608837783337,0,0,0,789.258566305041,0,45.1874732375145,0,29.7832494080067,0,187.655797451735,0,0,6.15863272547722,0,0,0,65.2801307886839,0,0,0,0,0,9.06165842711926,0,0,0,0,0,12.1234927922487,0,25.3707164824009,500.697226583958,0,994.499175690114,0,24.9591982215643
0,0,0,168.829666942358,0,2.16975221037865,0,0,0,224.87812949717,0,0,0,0,0,49.3070882260799,1.40000541508198,5.3565691113472,75.0950509160757,0,0,0,0,0.486423328518867,0,0,0,0,0,0,0,0,0,0,0,0,0,17.7420963048935,0,3.21125715970993,0,610.6770709306,0,3.7039321064949,0,0,0,0,0,426.977633029222,0,0,0,0,0,336.113995686173,0,7.25027179718018,0,0,0,122.166517108679,0,0,0,0,74.7508513778448,0,0,0,0,0,0,0,0,0,2.09597970545292,0,9.78605008125305,2.13658380508423,56.9671624153852,0,344.906307920814,0,451.921746373177,94.467492505908,0
175.177555084229,0,0,0,2.13669300079346,0,0,0,5.27079963684082,0,0,0,0,0,0,0,2.41726142168045,0,1.99497354030609,0,0,0,0,0,1.87815260887146,0,0,0,0,0,0,0,0,0,0,0,0.654308378696442,0,1.89948013424873,0.417698100209236,0.300864189863205,0.144489496946335,251.711787253618,0,0,0,1.08243054151535,5.12441736459732,10.7936841845512,0,0,0,0,0,1.96455895900726,0,6.27941937744617,0,0,0,0,0,0,14.6524281203747,0,0,0,0,0,0,0,0,0,11.3240152001381,0,0,0,2.02363041043282,0,3.58098328113556,0,32.5335652083158,116.81937995553,0,672.662874139845,0,53.3979415297508
0,168.829666942358,0,0,0,35.0237856209278,0,0,0,0,0,25.0341697633266,0,0,0,0,0,0,0.587577626109123,0,0,0,0,0,0,0,0,0,0,0,0,0,0,0,0,5.82147552073002,0,0,0,7.34936568140984,0,86.1337474882603,0,0,0,14.5678495913744,0,2.14906346797943,0,240.337690889835,0,3.23706740140915,0,0,0,0,0,45.1996104568243,0,2.00446557998657,0,0,0,0,0,0,0,0,0,0,0,0,2.14164124429226,0,0,0,0,0,14.307860866189,0,12.8583471179008,0,57.4146233946085,0,628.282388404012,0.65068906545639,0
0,0,2.13669300079346,0,0,0,0,0,0,0,0,0,0,0,0,0,0,0,3.25205320119858,0,51.3669972121716,0,0,0,0,0,0,0,0,0,0,0,0.198109820485115,0,0,0,3.92297326028347,0,0,0,20.6680921912193,0,41.516237154603,0,0,0,24.1794328391552,7.17114154994488,29.835142582655,0.646665155887604,0,0,0,0,0,0,4.09669117629528,0,0,0,0,0,0,81.7058971971273,0,0,0,0,0,0,0,0,0,3.34652468562126,0,0.352006375789642,0,0,0,17.4040617495775,0,7.9782155752182,82.3766717016697,0,384.139204144478,0,1.48166286945343
0,2.16975221037865,0,35.0237856209278,0,0,0,0,0,14.2129890918732,0,0,0,0,0,0,0,0,0,126.92891022563,0,0,0,0,0,0,0,0,0,0,0,0,0,0,0,10.8580716252327,0,0,0,0,0,3.16271865367889,0,0,0,0,0,0,0,0.367538779973984,0,742.782043039799,0,0,0,129.881363868713,0,0.741141438484192,0,0,0,0,155.858865141869,0,0,0,0,0,0,0,0,0,0,0,0,0,0,0,3.99338483810425,0,0,0,546.871747970581,0,177.18164935708,0,0
0,0,0,0,0,0,0,0,0,0,7.14902758598328,0,0,0,0,0,0,0,0,0,2.79103380441666,0,0,0,0,0,0,0,0,0,0,0,0,0,0,0,0,0,0,0,0,0,0,0,0,0,0,0,0,0,0,0,2.04718047380447,0,0,0,0.431860074400902,0,0,0,0,0,0,1.21917018294334,0,0,0,0,0,0,0,0,0,0,0,0,0,0,0,0,0,0,909.426004588604,2,0,0,0
0,0,0,0,0,0,0,0,0,0,0,66.879725009203,0,20.7903871536255,0,0,0,0,0,0,0,0,0,0,0,0,0,0,0,0,0,0,0,0,0,0,0,0.698716342449188,0,0,0,0,0,0,0,0,0,0,0,0,0,0,0,690.87401664257,0,0,0,747.546343266964,0,12.5569250583649,0,0,0,0,0,0,0,0,0,0,0,0,0,0,0,0,0,0,2.4713020324707,0,0.746814757585526,0,52.8646206259727,0,0,0,0
448.024678990245,0,5.27079963684082,0,0,0,0,0,0,0,0,0,0,0,186.581032648683,0,762.890845805407,1.00952409207821,171.218884691596,0,0,0,0,0,166.599125504494,0,5.08097991347313,0,0,0,0,0,0,0,0,0,0,0,0.595978021621704,0,8.03152301907539,5.90306852757931,212.163163542747,0,0,0,2.28086495399475,0.791910901665688,7.77347058057785,0.15678396821022,0,0,0,0,827.601307541132,0,0.490591213107109,0,0,0,117.058496758342,0,0,4.38342246413231,0,0,0,20.7144115418196,0,0,0,0,0,8.09921249747276,0,0,0,0,0,6.20927411317825,0.414597123861313,29.2149985134602,1419.6355035454,0.22632572054863,88.3660877868533,0,2.83484353125095
0,224.87812949717,0,0,0,14.2129890918732,0,0,0,0,0,0,0,0,0,82.9883724153042,40.5022255778313,119.999701932073,477.095507249236,0,0,0,0,0,0,0,0,0,0,0,0,0,0,0,0,0,0,5.2084074318409,0,6.83893211185932,0,136.850567758083,0,2.26139336824417,0,0,0,0,0,0,0,0,0,0,0,871.600433856249,0,0,0,0,0,168.25695052743,0,0,0,0,3.1642197072506,0,0,0,0,0,0.333163917064667,0,0,0,0.657447978854179,0,1.28877377510071,0,37.7239464819431,1.1285594701767,309.717832058668,0,67.7503998875618,5.55804397165775,0
0,0,0,0,0,0,7.14902758598328,0,0,0,0,0,230.008818686008,0,0,0,0,0,0,0,619.894480392337,0,0,0,0,0,0,0,365.106302589178,0,453.153085187078,0,0,0,0,0,90.8910053521395,0,743.818704083562,0,0,0,0,0,0,0,0.136111915111542,0,0,0,0,0,1.72518162429333,0,0,0,2470.20917264372,0,63.3489462733269,0,0,0,0,644.224340260029,0,0,0,0,0,0,0,248.346309095621,0,189.649976789951,0,0,0,0,0,83.1446845084429,0,582.740652777255,1857.63500119746,125.844799280167,0,0,0
0,0,0,25.0341697633266,0,0,0,66.879725009203,0,0,0,0,0,714.219264537096,0,0,0,0,0,350.335559904575,0,0,0,0,0,0,0,150.055009484291,0,188.025300562382,0,0,0,0,0,61.7498305737972,0,1466.96184964478,0,0,0,0,0,0,0,0,0,0,0,0.765665113925934,0,11.2344288825989,0,3.09221571683884,0,0,0,3855.48215171695,0,230.148435771465,0,0,12.3337145745754,0,0,0,0,0,0,0,88.4556431770325,0,5.7366861552,0,0,0,0,0,119.23197850585,0,1883.78781063855,0,680.645023331046,41.2637821137905,0,0,0
0,0,0,0,0,0,0,0,0,0,230.008818686008,0,0,0,186.412667930126,0,0,0,0,0,0,0,0,0,0,0,1.92665326595306,0,173.829631984234,0,3.57336942851543,0,0,0,0,0,0,0,0,0,0,0,0,0,0,0,0,0,0,0,0,0,0,0,0,0,180.800517320633,0,2330.95462086797,0,102.907251000404,0,0,0,0,0,0,0,0,1.155153632164,0,104.764894485474,0,1.39840172231197,0,0,0,0,0,0,0,0,296.376127153635,5.20530712604523,0,0,0
0,0,0,0,0,0,0,20.7903871536255,0,0,0,714.219264537096,0,0,0,120.893630743027,0,0,0,0,0,0,0,0,0,0,0,130.543479949236,0,17.2504451572895,0,0,0,0,0,0,0,0,0,0,0,0,0,0,0,0,0,0,0,1.22013118863106,0,0,0,5.59137523174286,0,0,0,1518.8707080707,0,6308.79088196158,0,103.518683835864,0,0,0,0,0,0,0,0,283.586149722338,0,0,0,0,0,0,0,0,0,0,0,572.956821411848,291.476855456829,0,0,0
30.2785142362118,0,0,0,0,0,0,0,186.581032648683,0,0,0,186.412667930126,0,0,0,241.032459020615,0,0,0,0,0,0,0,41.2330996692181,0,41.2123801112175,0,1.50259840488434,0,0,0,0,0,0,0,0,0,0,0,0,0,3.39280843734741,0,0,0,0,0,5.50791800022125,0,0,0,0,0,157.018702805042,0,0,0,328.344022393227,0,407.683214008808,0,0,0,0,0,0,0.684939503669739,0,26.383953332901,0,13.3515899181366,0,0,0,0,0,0,0,0,0,0,397.93776640296,0,0.898188635706902,0,0
0,49.3070882260799,0,0,0,0,0,0,0,82.9883724153042,0,0,0,120.893630743027,0,0,0,13.1048461198807,0,0,0,0,0,0,0,0,0,0,0,0,0,0,0,0,0,0,0,0,0,0,0,0,0,0,0,0,0,0,0,40.5025163292885,0,0,0,0,0,446.560206890106,0,26.2340801209211,0,760.18277066201,0,448.309448152781,0,0,0,0,0,0,0,0,0,0,0,0,0,0,0,0,0,0,0,0,63.5275336205959,0,0,0,0
3.18329498171806,1.40000541508198,2.41726142168045,0,0,0,0,0,762.890845805407,40.5022255778313,0,0,0,0,241.032459020615,0,0,4626.24280146509,2858.46120747179,0,0,0,0,0,45.4772199243307,6.96141970157623,562.867769300938,0,7.91331136226654,0,0,0.320230931043625,0,0.803160071372986,0,1.50681842118502,0,0,0.0968729630112648,140.69508831948,150.029335513711,271.071148626506,359.771753750741,3.8507187962532,8.1071569621563,4.79295060783625,40.416911482811,5.54376317560673,19.003310136497,19.0308622866869,0,0,0,0,99.8641482442617,2.57840994000435,5.51129391789436,1.57257317006588,0,0,62.8325130939484,0,0,7.04400171339512,0,0,0,0.280734241008759,2.58110922574997,258.043258428574,0,0,0,10.7621978372335,0,0,0,0,47.7287575826049,65.0925190895796,41.0392308309674,85.9474889487028,3269.56717342883,1.18091577291489,418.239400044084,1.12832507491112,1.74530278146267
0,5.3565691113472,0,0,0,0,0,0,1.00952409207821,119.999701932073,0,0,0,0,0,13.1048461198807,4626.24280146509,0,3519.08357392251,0,0,169.565933123231,0,0,0,235.267791852355,0,0,0,0,0,0.630897700786591,0,0,0,0,0,0,0,270.738064669073,8.55641268193722,591.920114576817,55.6559335812926,13.0762014091015,0.192107662558556,6.09379470348358,14.4641442894936,0.803378894925117,5.70169985294342,18.2631345316768,0,0,0,0,0,4.40555849671364,0.406353935599327,1.42698311805725,0,0,0,0,1.73408764600754,0,2.57693189382553,0,0,0,114.069016039371,0,0,0,3.75901988148689,4.62177541851997,0,0,0,0,119.509542405605,5.91040403395891,104.742981821299,9.47863762080669,4109.79343430698,0,296.860096551478,4.9215457290411,0
28.8137127906084,75.0950509160757,1.99497354030609,0.587577626109123,3.25205320119858,0,0,0,171.218884691596,477.095507249236,0,0,0,0,0,0,2858.46120747179,3519.08357392251,0,0,0.158514633774757,1.26488906145096,0,0,15.5149606317282,0,0,0,0,0,0,0.557934015989304,2.31223697960377,0,0,4.55108565092087,6.91354912519455,3.05849003791809,3.9073574244976,1260.30164170265,1046.328911677,1684.49404787272,960.387020006776,136.682657837868,17.9433765560389,34.1885878518224,202.769299827516,15.2944666221738,77.7351759970188,70.0848289355636,0,0,0,0,16.4961828589439,31.7566573023796,40.596563026309,13.6723187863827,0,0,0,0,1.96785441040993,85.1344735473394,0,0,0.508893668651581,1.38220223784447,0,0,0,0,14.0615493953228,105.265786036849,0,0,0.231677293777466,0,533.036414012313,706.698001675308,427.547465458512,657.076700374484,2340.68226329982,3.66230389475822,3088.10516256094,32.3695074468851,5.89185334742069
0,0,0,0,0,126.92891022563,0,0,0,0,0,350.335559904575,0,0,0,0,0,0,0,0,0,0,0,0,0,0,0,0,0,0,0,0,0,0,0,303.17586633563,0,9.33134382963181,0,0,0,0,0,0,0,0,0,0,0,0,0,0,0,0,0,0,0,219.133010298014,0,0,0,0,3084.19657617062,0,0,0,0,0,0,0,0,0,26.2395300865173,0,0,0,0,0,524.920151345432,0,165.124888271093,0,335.529661715031,0,37.7078180015087,0,0
0,0,0,0,51.3669972121716,0,2.79103380441666,0,0,0,619.894480392337,0,0,0,0,0,0,0,0.158514633774757,0,0,0,0,0,0,0,0,0,0,0,0,0,0,0,0,0,589.777444809675,0,263.961718142033,0,14.3320612311363,0,0.51047183573246,0,0,0,26.3153481185436,0,0,0,0,0,12.1076652705669,0,0,0,165.970772758126,0,0,0,0,0,0,1438.58579238504,0,0,0,0,0,0,0,0,0,22.7348801791668,0,0,0,0,0,653.133431464434,0,405.060059040785,823.131421536207,0,4.06641736626625,0,0
0,0,0,0,0,0,0,0,0,0,0,0,0,0,0,0,0,169.565933123231,1.26488906145096,0,0,0,3849.06842269003,50.2465803176165,0,0,0,217.415368855,0,0,0,0,0,0,0,0,0,1807.07742214203,119.57517029345,0,0,0,0.226668119430542,0,0,0,0,0,0,69.3783264011145,0,0,0,0,0,0,0,0,0,0,0,0,0,0,12108.8494408876,4057.60364568233,21.8241219222546,0,0,0,507.363703578711,0,0,0,0,0,4.5346095263958,0,0,0,2354.8466456309,138.213068947196,4500.51333355904,188.05192001164,21.2980237007141,0,0
0,0,0,0,0,0,0,0,0,0,0,0,0,0,0,0,0,0,0,0,0,3849.06842269003,0,0,231.648648187518,0,397.824538618326,0,212.915365457535,0,0,0,0,0,0,0,0,3.25460889935493,865.253864511847,0,0,0,0,0,0,0,0,0,0,0,0,0,0,0,0.359781056642532,0,0,0,0,0,0,0,0,0,1406.74487709999,10101.0458880961,0,108.158336296678,0,182.663555860519,0,713.55599424243,0,0,0,0,0,5.98320164531469,0,0,0,2517.56181403995,4249.69906114042,95.0183056145906,0,0,0
0,0.486423328518867,0,0,0,0,0,0,0,0,0,0,0,0,0,0,0,0,0,0,0,50.2465803176165,0,0,0,0,0,0,0,0,0,0,0,0,0,0,0,338.69472399354,0,0,0,0.360578715801239,0,0,0,0,0,0,0,17.8383931964636,0,0,0,0,0,2.73956175148487,0,0,0,0,0,0,0,0,59.1428414583206,0,459.472650751472,0,3.23704549670219,0,0,0,0,0,0,0,0,0,0,0,1011.79594820738,0,10.1842018663883,0,5.13765034079552,0,0
2.03598636388779,0,1.87815260887146,0,0,0,0,0,166.599125504494,0,0,0,0,0,41.2330996692181,0,45.4772199243307,0,15.5149606317282,0,0,0,231.648648187518,0,0,0,97.1555689424276,0,0,0,0,0,0,0,0,0,0,0,348.270803526044,0,3.21282604336739,0,41.1800294369459,0,0,0,0,0,48.8272425532341,0,0,0,0,0,236.809061288834,0,1.84399431943893,0,0,0,5.01278203725815,0,0,3.05729056894779,0,190.884134307504,0,1296.50180865824,0,18.1795151233673,0,0,0,4.71877735853195,0,0,0,5.07090146094561,0,0.625192731618881,0,289.965698897839,428.95527420193,0,27.2378903776407,0,2.60763570666313
0,0,0,0,0,0,0,0,0,0,0,0,0,0,0,0,6.96141970157623,235.267791852355,0,0,0,0,0,0,0,0,0,0,0,0,0,0,0,0,0,0,0,0,0,0,0,0,0,0,0,0,0,0,0,0,0,0,0,0,0,0,0,0,0,0,0,0,0,0,0,0,19.9773374795914,0,3.54579842090607,0,0,0,0,0,0,0,0,0,0,0,0,0,151.977600842714,0,0,0,0
0,0,0,0,0,0,0,0,5.08097991347313,0,0,0,1.92665326595306,0,41.2123801112175,0,562.867769300938,0,0,0,0,0,397.824538618326,0,97.1555689424276,0,0,0,78.4942746460438,0,0,0,0,0,0,0,0,0,0,0,0,0,0,0,0,0,0,0,1.65453457832336,0,0,0,0,0,5.71936929225922,0,0,0,0,0,173.643806248903,0,0,0,0,359.552302241325,0,165.973257869482,0,2359.08924198151,0,179.78011110425,0,0,0,0,0,0,0,0,0,0,414.165230363607,0,0.281907379627228,0,0
0,0,0,0,0,0,0,0,0,0,0,150.055009484291,0,130.543479949236,0,0,0,0,0,0,0,217.415368855,0,0,0,0,0,0,0,1507.44936102629,0,0,0,0,0,0,0,420.959763884544,0,0,0,0,0,0,0,0,0,0,0,0,0,0,0,0,0,0,0,379.172401756048,0,263.270219147205,0,0,0,0,501.040367901325,0,0,0,0,0,8167.98266147077,0,573.881531998515,0,0,0,0,0,0,0,703.801806569099,0,1974.46755456924,244.183973908424,0,0,0
0,0,0,0,0,0,0,0,0,0,365.106302589178,0,173.829631984234,0,1.50259840488434,0,7.91331136226654,0,0,0,0,0,212.915365457535,0,0,0,78.4942746460438,0,0,0,664.666151240468,0,0,0,0,0,0,0,693.337879300117,0,0,0,0,0,0,0,0,0,0,0,0,0,0,0,0,0,199.561565428972,0,196.950128048658,0,2.16346490383148,0,0,0,0,0,0,0,0,482.039882600307,0,9169.14015480876,0,373.872567042708,0,0,0,0,0,0,0,1513.53710472584,457.071491062641,51.6302746534348,0,0,0
0,0,0,0,0,0,0,0,0,0,0,188.025300562382,0,17.2504451572895,0,0,0,0,0,0,0,0,0,0,0,0,0,1507.44936102629,0,0,0,0,0,0,0,0,0,641.428080916405,0,0,0,0,0,0,0,0,0,0,0,0,0,0,0,0,0,0,0,399.644315600395,0,0,0,0,0,0,0,0,0,0,0,0,719.303151220083,0,1572.22046403587,0,0,0,0,0,0,0,634.669852495193,0,236.954342633486,59.2804354429245,0,0,0
0,0,0,0,0,0,0,0,0,0,453.153085187078,0,3.57336942851543,0,0,0,0,0,0,0,0,0,0,0,0,0,0,0,664.666151240468,0,0,0,0,0,0,0,0,0,1014.72672116756,0,0,0,0,0,0,0,0,0,0,0,0,0,0,0,0,0,247.734034523368,0,1.10669934749603,0,0,0,0,0,0,0,0,0,0,0,0,123.28154861927,0,972.236636951566,0,0,0,0,0,0,0,1334.53391616791,419.949519656599,0,0,0,0
0,0,0,0,0,0,0,0,0,0,0,0,0,0,0,0,0.320230931043625,0.630897700786591,0.557934015989304,0,0,0,0,0,0,0,0,0,0,0,0,0,1352.11808928847,219.041360974312,39.5158956944942,274.694791346788,406.036390915513,0,0,16.10678845644,0.438342094421387,4.2884072214365,1.10764336585999,0,0,5.55073798447847,0,402.794132530689,0,152.431152135134,0,0,0,0,0,0,0.109964191913605,0.498680427670479,0,0,0,0,0.648387923836708,0,0,0,0,0,0,0,0,0,0,0,1562.25209620595,453.302992418408,97.2150346338749,67.4710499346256,474.10944070667,76.9277976900339,4.13737750053406,0,637.894346855581,0,25.0638743191957,0,0
0.51215922832489,0,0,0,0.198109820485115,0,0,0,0,0,0,0,0,0,0,0,0,0,2.31223697960377,0,0,0,0,0,0,0,0,0,0,0,0,1352.11808928847,0,66.4896233975887,370.793550781906,192.953250676394,319.707536675036,0.512112453579903,0,0,7.71130183339119,1.84626692533493,16.3948670625687,0,0,0,2.56138271093369,587.058194287121,68.01240670681,11.1944278776646,0,0,0,0,0,0,0,0,0,0,0,0,0,0.135372877120972,0,0,0,0,0,0,0,0,0,0.168023571372032,854.009476006031,2965.49816326797,51.7100721001625,344.498040288687,135.528380185366,1138.8109164685,1.51908922195435,0,920.024714268744,0,15.1347284764051,0,0
0,0,0,0,0,0,0,0,0,0,0,0,0,0,0,0,0.803160071372986,0,0,0,0,0,0,0,0,0,0,0,0,0,0,219.041360974312,66.4896233975887,0,2987.02864159644,190.833659037948,1.44105878472328,69.8702157437801,16.8911314308643,1.77806955575943,0,4.41161033511162,0.316602200269699,0,0,1.44342242926359,0,200.993961930275,20.1008494198322,49.431886702776,0,0,0,0,0,0,0,0,0,0,0,0,0,0,0,0,0,0,0,0,0,0,0,0,246.390213936567,123.078663282096,486.458307027817,2249.89285445958,499.629420280457,5.32492296397686,541.58856575191,5.20484113693237,1845.38444517553,0,8.23364707827568,0,0
0,0,0,0,0,0,0,0,0,0,0,0,0,0,0,0,0,0,0,0,0,0,0,0,0,0,0,0,0,0,0,39.5158956944942,370.793550781906,2987.02864159644,0,6.70025926828384,323.350478664041,169.054882019758,39.6561489403248,0,0,1.03607887029648,28.1351906508207,0,0,0,0,535.215573698282,150.283758729696,1.38037899136543,0,0,0,0,0,0,0,0,0,0,0,0,0,1.05096828937531,0.481925278902054,0,0,0,0,0,0,0,0,0,11.7116242349148,205.879978343844,2047.44132080674,1172.3274436444,34.3653254210949,344.153293341398,1338.31686715782,65.8078625351191,1118.62883196771,0,22.248726695776,0,0
0,0,0,5.82147552073002,0,10.8580716252327,0,0,0,0,0,61.7498305737972,0,0,0,0,1.50681842118502,0,4.55108565092087,303.17586633563,0,0,0,0,0,0,0,0,0,0,0,274.694791346788,192.953250676394,190.833659037948,6.70025926828384,0,3294.0152399987,1612.13874618709,0,65.6388971880078,0.431520089507103,33.5497434139252,2.66857250779867,0.249847754836082,0,262.302527733147,0,111.466499499977,5.49690892547369,101.665604382753,0,0,0,0,0,0,0.137327238917351,4.13985607028008,0,0,0,0,432.478905662894,0.542624771595001,0,0,0,0,0,0,0,0,0.15536430478096,0,130.202835947275,35.4541942179203,53.7246359884739,7.92390072345734,17500.6672374308,370.230658054352,3017.50136123598,0.313842549920082,10119.9227264524,2436.56447541714,220.047866106033,0.280797690153122,0
0,0,0.654308378696442,0,3.92297326028347,0,0,0,0,0,90.8910053521395,0,0,0,0,0,0,0,6.91354912519455,0,589.777444809675,0,0,0,0,0,0,0,0,0,0,406.036390915513,319.707536675036,1.44105878472328,323.350478664041,3294.0152399987,0,0,2890.43580894172,3.43457372486591,18.9144726842642,0.194172292947769,22.7149366140366,0,0,0.659896433353424,18.9855642169714,209.0691331774,46.5219377875328,10.3948028683662,0,0,0,0,0,0,32.188641667366,0,0,0,0,0,0.209136605262756,187.55932751298,0,0,0,0,0,0,0,0,0,3.86262200772762,86.6766760349274,91.6858297586441,0,28.6862490400672,633.737430363894,13079.9059432521,0.498056143522263,707.334564805031,12201.456391871,6979.44231896847,106.712031751871,0,2.21674105525017
0,17.7420963048935,0,0,0,0,0,0.698716342449188,0,5.2084074318409,0,1466.96184964478,0,0,0,0,0,0,3.05849003791809,9.33134382963181,0,1807.07742214203,3.25460889935493,338.69472399354,0,0,0,420.959763884544,0,641.428080916405,0,0,0.512112453579903,69.8702157437801,169.054882019758,1612.13874618709,0,0,1335.77451126277,0,0,180.839107215405,0.996818110346794,0,0,0,0,83.4930913001299,3.04885123670101,31.6298756897449,0,0,0,0,0,9.28440554440022,0,127.110843360424,0,0,0,0,0,0,541.446392595768,0.792072057723999,118.373255357146,0,0,0,323.773576617241,0,121.419187784195,0,0,0,86.4930943101645,5.1544331908226,633.443494170904,0,22553.7046452761,974.853728860617,10982.9816624224,3818.08584417403,101.747457891703,0.553714513778687,0
3.47010745108128,0,1.89948013424873,0,0,0,0,0,0.595978021621704,0,743.818704083562,0,0,0,0,0,0.0968729630112648,0,3.9073574244976,0,263.961718142033,119.57517029345,865.253864511847,0,348.270803526044,0,0,0,693.337879300117,0,1014.72672116756,0,0,16.8911314308643,39.6561489403248,0,2890.43580894172,1335.77451126277,0,0,0.178662851452827,1.84498453140259,91.098254904151,0,0,0,1.23408114910126,3.97768066823483,106.220366999507,0,0,0,0,0,0.25464740395546,0,140.029901638627,0,0,0,0.167242720723152,0,0,69.1188200712204,161.562632516026,129.211888372898,0,87.3453430682421,0,0,0,117.114278584719,0,121.897867366672,0,0,55.9873153865337,162.951711788774,0,846.417366862297,465.870621114969,22930.3284259364,8896.68712984025,3423.55454072356,117.329268991947,0,4.00397936999798
0.484870076179504,3.21125715970993,0.417698100209236,7.34936568140984,0,0,0,0,0,6.83893211185932,0,0,0,0,0,0,140.69508831948,270.738064669073,1260.30164170265,0,0,0,0,0,0,0,0,0,0,0,0,16.10678845644,0,1.77806955575943,0,65.6388971880078,3.43457372486591,0,0,0,49.9277740269899,2152.09703600407,41.5302377343178,5.91881339251995,0.440848514437675,406.788390390575,5.09959390759468,232.617171555758,11.6204236894846,1444.08555431664,0,0,0,0,0,0,0.158047646284103,17.6683423966169,0,0,0,0,335.084182292223,1.00950811803341,0,0,0,0,0,0,0,0,12.6181427836418,0.628761015832424,0.185210779309273,1.4800032377243,0,0,675.792033858597,6.19280667603016,295.393598228693,4.41903749108315,530.30990639329,0,2134.91696153581,15.6701677888632,0
6.76481401920319,0,0.300864189863205,0,20.6680921912193,0,0,0,8.03152301907539,0,0,0,0,0,0,0,150.029335513711,8.55641268193722,1046.328911677,0,14.3320612311363,0,0,0,3.21282604336739,0,0,0,0,0,0,0.438342094421387,7.71130183339119,0,0,0.431520089507103,18.9144726842642,0,0.178662851452827,49.9277740269899,0,56.852116048336,2242.246717453,0,16.0529936552048,3.72216719388962,831.930859699845,225.830101102591,1524.99000135064,23.784819111228,0,0,0,0,7.87040627002716,0,11.8628604412079,0,0,0,0,0,0.376042574644089,272.572197414935,0,0,0,1.16227531433105,0,0,0,0,0,16.8976103663445,0,1.77239485085011,0,0.53453528881073,4.78770923614502,1119.19150585681,5.28314632177353,146.941873706877,183.089464269578,0,993.132358729839,0,4.58587461709976
5.68575145304203,610.6770709306,0.144489496946335,86.1337474882603,0,3.16271865367889,0,0,5.90306852757931,136.850567758083,0,0,0,0,0,0,271.071148626506,591.920114576817,1684.49404787272,0,0,0,0,0.360578715801239,0,0,0,0,0,0,0,4.2884072214365,1.84626692533493,4.41161033511162,1.03607887029648,33.5497434139252,0.194172292947769,180.839107215405,1.84498453140259,2152.09703600407,56.852116048336,0,331.913461945951,19.0830158889294,4.75142197310925,41.2911182418466,21.5766653493047,373.68415735662,16.3026891499758,1253.91042812169,0,0,0,0,0,28.2419428229332,2.1962626054883,40.3925152868032,0,0,0,0,103.707899957895,2.76509423553944,0.396823763847351,0,38.1545663326979,0,0,0,0,0,32.479018419981,7.82494275271893,2.67154741287231,0,21.3019622564316,0,820.275032006204,31.209746658802,949.136332839727,51.791057176888,1914.21124182642,0,4360.20406800508,242.967338263988,13.0324860811234
315.523071020842,0,251.711787253618,0,41.516237154603,0,0,0,212.163163542747,0,0,0,0,0,3.39280843734741,0,359.771753750741,55.6559335812926,960.387020006776,0,0.51047183573246,0.226668119430542,0,0,41.1800294369459,0,0,0,0,0,0,1.10764336585999,16.3948670625687,0.316602200269699,28.1351906508207,2.66857250779867,22.7149366140366,0.996818110346794,91.098254904151,41.5302377343178,2242.246717453,331.913461945951,0,0,14.3142581582069,0.215450614690781,137.022178538144,243.575911909342,1060.93635760993,14.9028605520725,0,0,0,0,60.4935619682074,0,215.107964709401,0,0,0,14.94993250072,0,0,407.944953352213,0,0,0,10.3211014419794,0,0,0,0,0.191190987825394,372.713370904326,0,0.553323805332184,0,6.18225476145744,4.90806034207344,268.576181970537,9.4274795204401,587.609425365925,1301.00020053983,6.39589810371399,5055.95613391697,0,185.832994386554
0,3.7039321064949,0,0,0,0,0,0,0,2.26139336824417,0,0,0,0,0,0,3.8507187962532,13.0762014091015,136.682657837868,0,0,0,0,0,0,0,0,0,0,0,0,0,0,0,0,0.249847754836082,0,0,0,5.91881339251995,0,19.0830158889294,0,0,0,0,0,0,0,0,0,0,0,0,0,0,0,1.43505561351776,0,0,0,0,0,0,0,0,0,0,0,0,0,0,1.15066176652908,0,0,0,0,0,8.63752070069313,0,39.1154810637236,0,15.9228023588657,0,50.9398466050625,0,0
0,0,0,0,0,0,0,0,0,0,0,0,0,0,0,0,8.1071569621563,0.192107662558556,17.9433765560389,0,0,0,0,0,0,0,0,0,0,0,0,0,0,0,0,0,0,0,0,0.440848514437675,16.0529936552048,4.75142197310925,14.3142581582069,0,0,0,2.6200567483902,1.93618762493134,7.50620150566101,0.185049802064896,0,0,0,0,0,0,0,0,0,0,0,0,0,0,0,0,0,0,0,0,0,0,0,0,0,0,0,0,0.339794218540192,4.45786461234093,0.906537294387817,11.5014068484306,6.68809388577938,0,16.2847888618708,0,0
0,0,0,14.5678495913744,0,0,0,0,0,0,0,0,0,0,0,0,4.79295060783625,6.09379470348358,34.1885878518224,0,0,0,0,0,0,0,0,0,0,0,0,5.55073798447847,0,1.44342242926359,0,262.302527733147,0.659896433353424,0,0,406.788390390575,3.72216719388962,41.2911182418466,0.215450614690781,0,0,0,0.511252820491791,38.6213777065277,6.39363600313663,142.456726804376,0,0,0,0,0,0,0,64.5263191387057,0,0,0,0,794.960571147501,0.428585022687912,0,0,0,0,0,0,0,0,89.0749074071646,0.253017723560333,0,0.905861377716064,0,0,909.949965968728,0.562366910278797,401.013401672244,0.234487622976303,51.3078553751111,0,787.816677257419,2.17588979005814,0.397350311279297
0.124582342803478,0,1.08243054151535,0,24.1794328391552,0,0,0,2.28086495399475,0,0.136111915111542,0,0,0,0,0,40.416911482811,14.4641442894936,202.769299827516,0,26.3153481185436,0,0,0,0,0,0,0,0,0,0,0,2.56138271093369,0,0,0,18.9855642169714,0,1.23408114910126,5.09959390759468,831.930859699845,21.5766653493047,137.022178538144,0,2.6200567483902,0.511252820491791,0,55.2120656967163,299.397583715618,3.68165105581284,0,0,0,0,0,0,14.7201713547111,0,0,0,0,0,0,870.808996289968,0,0,0,0,0,0,0,0,0,21.8178028762341,0,3.73599316179752,0,0,0,1616.17614876479,0,169.576143719256,81.6448915377259,0,755.210412934422,0,0
7.53546725213528,0,5.12441736459732,2.14906346797943,7.17114154994488,0,0,0,0.791910901665688,0,0,0,0,0,0,0,5.54376317560673,0.803378894925117,15.2944666221738,0,0,0,0,0,0,0,0,0,0,0,0,402.794132530689,587.058194287121,200.993961930275,535.215573698282,111.466499499977,209.0691331774,83.4930913001299,3.97768066823483,232.617171555758,225.830101102591,373.68415735662,243.575911909342,0,1.93618762493134,38.6213777065277,55.2120656967163,0,1523.71908384562,1561.77542813122,0,0,0,0,0,0,3.67107234895229,3.90558472275734,0,0,0,0,1.06367318332195,21.2011096924543,0,0,0,0,0,0,0,0,1.52391928434372,3.46265521645546,266.028986543417,413.432125434279,168.598610907793,129.44298145175,439.64400587976,432.75500293076,844.301570355892,32.1873562037945,347.10450682044,2.89908719062805,1104.40223164856,0.293043613433838,0.399812623858452
272.759754404426,0,10.7936841845512,0,29.835142582655,0,0,0,7.77347058057785,0,0,0,0,0,5.50791800022125,0,19.003310136497,5.70169985294342,77.7351759970188,0,0,0,0,0,48.8272425532341,0,1.65453457832336,0,0,0,0,0,68.01240670681,20.1008494198322,150.283758729696,5.49690892547369,46.5219377875328,3.04885123670101,106.220366999507,11.6204236894846,1524.99000135064,16.3026891499758,1060.93635760993,0,7.50620150566101,6.39363600313663,299.397583715618,1523.71908384562,0,37.8672149032354,7.15529017150402,0,0,0,0.930676802992821,0,147.83524005115,0,61.4407888501883,0,26.7944474965334,0,0,53.0860146954656,0,471.027928128839,0,7.74754279851913,0,0,0,1.46573235094547,0.190138801932335,73.7307369560003,0,91.8605986684561,8.01394894719124,19.1076870709658,2.37690521776676,397.86357884109,13.065990075469,868.394050613046,231.487717837095,0,1622.40801045299,0.498891025781631,5.83772714436054
0.172248244285583,426.977633029222,0,240.337690889835,0.646665155887604,0.367538779973984,0,0,0.15678396821022,0,0,0.765665113925934,0,1.22013118863106,0,40.5025163292885,19.0308622866869,18.2631345316768,70.0848289355636,0,0,69.3783264011145,0,17.8383931964636,0,0,0,0,0,0,0,152.431152135134,11.1944278776646,49.431886702776,1.38037899136543,101.665604382753,10.3948028683662,31.6298756897449,0,1444.08555431664,23.784819111228,1253.91042812169,14.9028605520725,0,0.185049802064896,142.456726804376,3.68165105581284,1561.77542813122,37.8672149032354,0,0,0,0,0,0,19.4088217169046,0,42.961318552494,0,26.7414673417807,0,141.133450374007,13.7335410118103,0.144973292946815,486.921666011214,0,321.507683336735,0,141.85201510787,0,72.1004631221294,0,24.8464705944061,0,22.0086819082499,1.25671863555908,4.12560528516769,2.46345448493958,487.364883907139,1.46597357094288,673.51815547049,0.903889283537865,351.038653038442,2.20325541496277,1589.69248113036,23.2489795833826,1.19113826751709
13.2608837783337,0,0,0,0,0,0,0,0,0,0,0,0,0,0,0,0,0,0,0,0,0,0,0,0,0,0,0,0,0,0,0,0,0,0,0,0,0,0,0,0,0,0,0,0,0,0,0,7.15529017150402,0,0,0,0,0,0,0,0.358332961797714,0,0,0,0,0,0,0.662835836410522,0,0,0,0,0,0,0,0,0,0,0,0,0,0,0,0,0,0,0,0,88.5995301306248,0,0
0,0,0,3.23706740140915,0,742.782043039799,0,0,0,0,0,11.2344288825989,0,0,0,0,0,0,0,0,0,0,0,0,0,0,0,0,0,0,0,0,0,0,0,0,0,0,0,0,0,0,0,0,0,0,0,0,0,0,0,0,0,0,0,0,0,0.675344526767731,0,0,0,0,0,0,0,0,0,0,0,0,0,0,0,0,0,0,0,0,0,0,0,0,196.862271159887,0,4.34116721153259,0,0
0,0,0,0,0,0,2.04718047380447,0,0,0,1.72518162429333,0,0,0,0,0,0,0,0,0,12.1076652705669,0,0,0,0,0,0,0,0,0,0,0,0,0,0,0,0,0,0,0,0,0,0,0,0,0,0,0,0,0,0,0,0,0,0,0,21.7871859073639,0,0,0,0,0,0,24.4738469421864,0,0,0,0,0,0,0,0,0,0,0,0,0,0,0,0,0,0,170.970661520958,0,0,0,0
0,0,0,0,0,0,0,690.87401664257,0,0,0,3.09221571683884,0,5.59137523174286,0,0,0,0,0,0,0,0,0,0,0,0,0,0,0,0,0,0,0,0,0,0,0,0,0,0,0,0,0,0,0,0,0,0,0,0,0,0,0,0,0,0,0,15.0766043365002,0,12.4734296798706,0,0,0,0,0,0,0,0,0,0,0,0,0,0,0,0,0,0,0.479525327682495,0,0,0,957.360860168934,66.2036840319633,0,0,0
789.258566305041,0,1.96455895900726,0,0,0,0,0,827.601307541132,0,0,0,0,0,157.018702805042,0,99.8641482442617,0,16.4961828589439,0,0,0,0.359781056642532,0,236.809061288834,0,5.71936929225922,0,0,0,0,0,0,0,0,0,0,0,0.25464740395546,0,7.87040627002716,0,60.4935619682074,0,0,0,0,0,0.930676802992821,0,0,0,0,0,0,0,1.12470757961273,0,0,0,195.706150129437,0,0,0.730956122279167,0,0,0,21.8663739711046,0,0.291322141885757,0,0,0,1.78201025724411,0,0,0,0,0,2.70515084266663,0,6.92268812656403,437.597921475768,0,15.7650020569563,0,0.189244866371155
0,336.113995686173,0,0,0,129.881363868713,0,0,0,871.600433856249,0,0,0,0,0,446.560206890106,2.57840994000435,4.40555849671364,31.7566573023796,0,0,0,0,2.73956175148487,0,0,0,0,0,0,0,0,0,0,0,0,0,9.28440554440022,0,0,0,28.2419428229332,0,0,0,0,0,0,0,19.4088217169046,0,0,0,0,0,0,0,0.72887659072876,0,0,0,152.528751283884,0,0,0.249778568744659,0,77.3312320113182,0,0,0,0,0,0,0,0,0,2.0301701426506,0,0,0,54.585006326437,0,65.8260804116726,0,63.2876713126898,0.829731285572052,0
45.1874732375145,0,6.27941937744617,0,4.09669117629528,0,0.431860074400902,0,0.490591213107109,0,2470.20917264372,0,180.800517320633,0,0,0,5.51129391789436,0.406353935599327,40.596563026309,0,165.970772758126,0,0,0,1.84399431943893,0,0,0,199.561565428972,0,247.734034523368,0.109964191913605,0,0,0,0.137327238917351,32.188641667366,0,140.029901638627,0.158047646284103,11.8628604412079,2.1962626054883,215.107964709401,0,0,0,14.7201713547111,3.67107234895229,147.83524005115,0,0.358332961797714,0,21.7871859073639,0,1.12470757961273,0,0,0,202.258042290807,0,0,0,0,318.335150450468,0,0,0,0,0,0,0,190.374096542597,0,538.680785998702,0,0,0,0,0,23.1193199157715,0,103.144448570907,2160.87039984763,15.6475253403187,390.368591971695,0,5.21922896802425
0,7.25027179718018,0,45.1996104568243,0,0.741141438484192,0,747.546343266964,0,0,0,3855.48215171695,0,1518.8707080707,0,26.2340801209211,1.57257317006588,1.42698311805725,13.6723187863827,219.133010298014,0,0,0,0,0,0,0,379.172401756048,0,399.644315600395,0,0.498680427670479,0,0,0,4.13985607028008,0,127.110843360424,0,17.6683423966169,0,40.3925152868032,0,1.43505561351776,0,64.5263191387057,0,3.90558472275734,0,42.961318552494,0,0.675344526767731,0,15.0766043365002,0,0.72887659072876,0,0,0,318.177498944104,0,147.98775947839,567.141816452146,0,0,0,0,0,0,0,182.131523698568,0,194.14335231483,0,0,0,0,0,17.9346867352724,0,88.1178131699562,0,1577.78864584863,702.206870526075,228.588612049818,2.96476501226425,0
29.7832494080067,0,0,0,0,0,0,0,0,0,63.3489462733269,0,2330.95462086797,0,328.344022393227,0,0,0,0,0,0,0,0,0,0,0,0,0,196.950128048658,0,1.10669934749603,0,0,0,0,0,0,0,0,0,0,0,0,0,0,0,0,0,61.4407888501883,0,0,0,0,0,0,0,202.258042290807,0,0,0,2.94834652543068,0,0,0,0,0,0,0,0,23.967168211937,0,31.8910102248192,0,0.261363416910172,0,0,0,0,0,0,0,0,598.975360155106,21.9167712926865,14.3629842102528,0,0
0,0,0,2.00446557998657,0,0,0,12.5569250583649,0,0,0,230.148435771465,0,6308.79088196158,0,760.18277066201,0,0,0,0,0,0,0,0,0,0,0,263.270219147205,0,0,0,0,0,0,0,0,0,0,0,0,0,0,0,0,0,0,0,0,0,26.7414673417807,0,0,0,12.4734296798706,0,0,0,318.177498944104,0,0,0,1394.43629857153,0,0,0,0,0,0,0,0,208.214648403227,0,0,0,0,0,0,0,0,0,0,0,2484.54966488481,743.730409055948,0,0,0
187.655797451735,0,0,0,0,0,0,0,117.058496758342,0,0,0,102.907251000404,0,407.683214008808,0,62.8325130939484,0,0,0,0,0,0,0,5.01278203725815,0,173.643806248903,0,2.16346490383148,0,0,0,0,0,0,0,0,0,0.167242720723152,0,0,0,14.94993250072,0,0,0,0,0,26.7944474965334,0,0,0,0,0,195.706150129437,0,0,0,2.94834652543068,0,0,0,0,0,0,0,0,0,0,161.574280381203,0,41.2408261299133,0,0,0,0,0,0,0,0,0,0,400.234161764383,0,5.80820693075657,0,0
0,122.166517108679,0,0,0,0,0,0,0,168.25695052743,0,0,0,103.518683835864,0,448.309448152781,0,0,0,0,0,0,0,0,0,0,0,0,0,0,0,0,0,0,0,0,0,0,0,0,0,0,0,0,0,0,0,0,0,141.133450374007,0,0,0,0,0,152.528751283884,0,147.98775947839,0,1394.43629857153,0,0,0,0,0,0,0,0,0,0,0,0,0,0,0,0,0,0,0,0,0,0,5.30102694034576,0,0.919400751590729,0,0
0,0,0,0,0,155.858865141869,0,0,0,0,0,12.3337145745754,0,0,0,0,0,1.73408764600754,1.96785441040993,3084.19657617062,0,0,0,0,0,0,0,0,0,0,0,0.648387923836708,0,0,0,432.478905662894,0.209136605262756,0,0,335.084182292223,0.376042574644089,103.707899957895,0,0,0,794.960571147501,0,1.06367318332195,0,13.7335410118103,0,0,0,0,0,0,0,567.141816452146,0,0,0,0,0,0,0,0,0,0,0,0,0,0,252.216341361403,0,0,0,0,0,2511.65324375033,0,940.244787827134,0,50.5673467591405,4.27143430709839,406.741983041167,0,0
6.15863272547722,0,14.6524281203747,0,81.7058971971273,0,1.21917018294334,0,4.38342246413231,0,644.224340260029,0,0,0,0,0,7.04400171339512,0,85.1344735473394,0,1438.58579238504,0,0,0,3.05729056894779,0,0,0,0,0,0,0,0.135372877120972,0,1.05096828937531,0.542624771595001,187.55932751298,0,69.1188200712204,1.00950811803341,272.572197414935,2.76509423553944,407.944953352213,0,0,0.428585022687912,870.808996289968,21.2011096924543,53.0860146954656,0.144973292946815,0.662835836410522,0,24.4738469421864,0,0.730956122279167,0,318.335150450468,0,0,0,0,0,0,0,0,0,0,0,0,0,0,0,0,121.400987870991,0,1.49283035099506,0,0.786357760429382,0,1470.86612661183,0,993.075391367078,924.393794983625,0,547.574629172683,0,6.10753923654556
0,0,0,0,0,0,0,0,0,0,0,0,0,0,0,0,0,2.57693189382553,0,0,0,12108.8494408876,1406.74487709999,59.1428414583206,0,0,0,501.040367901325,0,0,0,0,0,0,0.481925278902054,0,0,541.446392595768,161.562632516026,0,0,0.396823763847351,0,0,0,0,0,0,0,486.921666011214,0,0,0,0,0,0.249778568744659,0,0,0,0,0,0,0,0,0,531.196564510465,112.938444212079,0,23.7348968088627,0,628.416012600064,0,0,0,0,0,0.827419012784958,0,0,0,796.760510921478,195.007658705115,3469.55067484826,243.667720898986,25.994238063693,0,0
0,0,0,0,0,0,0,0,0,0,0,0,0,0,0,0,0,0,0,0,0,4057.60364568233,10101.0458880961,0,190.884134307504,0,359.552302241325,0,0,0,0,0,0,0,0,0,0,0.792072057723999,129.211888372898,0,0,0,0,0,0,0,0,0,471.027928128839,0,0,0,0,0,0,0,0,0,0,0,0,0,0,0,531.196564510465,0,0,64.3804555684328,0,188.914129912853,0,41.5234060287476,0,0,0,0,0,0,0,0,0,543.710927039385,5602.46612215042,166.344762921333,1.98949858546257,0,0
0,74.7508513778448,0,0,0,0,0,0,0,3.1642197072506,0,0,0,0,0,0,0,0,0.508893668651581,0,0,21.8241219222546,0,459.472650751472,0,19.9773374795914,0,0,0,0,0,0,0,0,0,0,0,118.373255357146,0,0,0,38.1545663326979,0,0,0,0,0,0,0,321.507683336735,0,0,0,0,0,77.3312320113182,0,0,0,0,0,0,0,0,112.938444212079,0,0,0,214.096040189266,0,3.59936600923538,0,0,0,0,0,0.554718494415283,0,0,0,143.487434327602,0,2.3362784832716,0,293.784693002701,0,0
65.2801307886839,0,0,0,0,0,0,0,20.7144115418196,0,0,0,0,0,0.684939503669739,0,0.280734241008759,0,1.38220223784447,0,0,0,108.158336296678,0,1296.50180865824,0,165.973257869482,0,0,0,0,0,0,0,0,0,0,0,87.3453430682421,0,1.16227531433105,0,10.3211014419794,0,0,0,0,0,7.74754279851913,0,0,0,0,0,21.8663739711046,0,0,0,0,0,0,0,0,0,0,64.3804555684328,0,0,0,45.06413179636,0,0,0,0.432186514139175,0,0,0,0,0,0,0,46.5224801898003,658.142274022102,0,64.1668550223112,0,1.21925795078278
0,0,0,0,0,0,0,0,0,0,0,0,0,0,0,0,2.58110922574997,114.069016039371,0,0,0,0,0,3.23704549670219,0,3.54579842090607,0,0,0,0,0,0,0,0,0,0,0,0,0,0,0,0,0,0,0,0,0,0,0,141.85201510787,0,0,0,0,0,0,0,0,0,0,0,0,0,0,23.7348968088627,0,214.096040189266,0,0,0,275.0954528898,0,0,0,0,0,0,0,0,0,0.698745846748352,0,1.84745728969574,0,0,0,0
0,0,0,0,0,0,0,0,0,0,0,0,1.155153632164,0,26.383953332901,0,258.043258428574,0,0,0,0,0,182.663555860519,0,18.1795151233673,0,2359.08924198151,0,482.039882600307,0,0,0,0,0,0,0,0,0,0,0,0,0,0,0,0,0,0,0,0,0,0,0,0,0,0.291322141885757,0,0,0,23.967168211937,0,161.574280381203,0,0,0,0,188.914129912853,0,45.06413179636,0,0,0,330.998716324568,0,0,0,0,0,0,0,0,0,0,341.764127254486,0,0,0,0
0,0,0,0,0,0,0,0,0,0,0,88.4556431770325,0,283.586149722338,0,0,0,0,0,0,0,507.363703578711,0,0,0,0,0,8167.98266147077,0,719.303151220083,0,0,0,0,0,0,0,323.773576617241,0,0,0,0,0,0,0,0,0,0,0,72.1004631221294,0,0,0,0,0,0,0,182.131523698568,0,208.214648403227,0,0,0,0,628.416012600064,0,3.59936600923538,0,275.0954528898,0,0,0,140.625782102346,0,0,0,0,0,0,0,247.194328591228,0,3655.10935595632,485.823960840702,0,0,0
0,0,0,0,0,0,0,0,0,0,248.346309095621,0,104.764894485474,0,13.3515899181366,0,0,0,0,0,0,0,713.55599424243,0,0,0,179.78011110425,0,9169.14015480876,0,123.28154861927,0,0,0,0,0,0,0,117.114278584719,0,0,0,0,0,0,0,0,0,1.46573235094547,0,0,0,0,0,0,0,190.374096542597,0,31.8910102248192,0,41.2408261299133,0,0,0,0,41.5234060287476,0,0,0,330.998716324568,0,0,0,57.9967161566019,0,0,0,0,0,0,0,128.748047247529,486.624130278826,26.8858559727669,12.9353038221598,0,0
0,0,0,2.14164124429226,0,0,0,0,0,0.333163917064667,0,5.7366861552,0,0,0,0,0,3.75901988148689,14.0615493953228,26.2395300865173,0,0,0,0,0,0,0,573.881531998515,0,1572.22046403587,0,0,0,0,0,0.15536430478096,0,121.419187784195,0,12.6181427836418,0,32.479018419981,0.191190987825394,1.15066176652908,0,89.0749074071646,0,1.52391928434372,0.190138801932335,24.8464705944061,0,0,0,0,0,0,0,194.14335231483,0,0,0,0,252.216341361403,0,0,0,0,0,0,0,140.625782102346,0,0,0,0,0,0,0,5.45216903090477,0,1210.01521417499,0,69.6127073615789,1.0742712020874,127.373992741108,1.44370901584625,0
9.06165842711926,0,11.3240152001381,0,3.34652468562126,0,0,0,8.09921249747276,0,189.649976789951,0,1.39840172231197,0,0,0,10.7621978372335,4.62177541851997,105.265786036849,0,22.7348801791668,0,0,0,4.71877735853195,0,0,0,373.872567042708,0,972.236636951566,0,0.168023571372032,0,0,0,3.86262200772762,0,121.897867366672,0.628761015832424,16.8976103663445,7.82494275271893,372.713370904326,0,0,0.253017723560333,21.8178028762341,3.46265521645546,73.7307369560003,0,0,0,0,0,1.78201025724411,0,538.680785998702,0,0.261363416910172,0,0,0,0,121.400987870991,0,0,0,0.432186514139175,0,0,0,57.9967161566019,0,0,0,0,0,0,0,16.8199966698885,0.974208667874336,951.648792475462,132.187223546207,0,681.092466697097,0,22.7635685354471
0,0,0,0,0,0,0,0,0,0,0,0,0,0,0,0,0,0,0,0,0,0,0,0,0,0,0,0,0,0,0,1562.25209620595,854.009476006031,246.390213936567,11.7116242349148,130.202835947275,86.6766760349274,0,0,0.185210779309273,0,2.67154741287231,0,0,0,0,0,266.028986543417,0,22.0086819082499,0,0,0,0,0,0,0,0,0,0,0,0,0,0,0,0,0,0,0,0,0,0,0,0,0,243.034103304148,98.7558435797691,28.0967750027776,99.1455096453428,66.597121745348,0,0,383.097201228142,0,0,0,0
0,0,0,0,0.352006375789642,0,0,0,0,0,0,0,0,0,0,0,0,0,0,0,0,0,0,0,0,0,0,0,0,0,0,453.302992418408,2965.49816326797,123.078663282096,205.879978343844,35.4541942179203,91.6858297586441,0,0,1.4800032377243,1.77239485085011,0,0.553323805332184,0,0,0.905861377716064,3.73599316179752,413.432125434279,91.8605986684561,1.25671863555908,0,0,0,0,0,0,0,0,0,0,0,0,0,1.49283035099506,0,0,0,0,0,0,0,0,0,0,243.034103304148,0,220.404923126101,382.067427359521,301.876997768879,3370.56942490488,1.17168371379375,1.87887939810753,260.400244779885,0,2.01598244905472,0,0
0,2.09597970545292,0,0,0,0,0,0,0,0.657447978854179,0,0,0,0,0,0,0,0,0.231677293777466,0,0,4.5346095263958,0,0,0,0,0,0,0,0,0,97.2150346338749,51.7100721001625,486.458307027817,2047.44132080674,53.7246359884739,0,86.4930943101645,55.9873153865337,0,0,21.3019622564316,0,0,0,0,0,168.598610907793,8.01394894719124,4.12560528516769,0,0,0,0,0,2.0301701426506,0,0,0,0,0,0,0,0,0.827419012784958,0,0.554718494415283,0,0,0,0,0,0,0,98.7558435797691,220.404923126101,0,2621.90371727943,346.996629565954,6.69213104248047,2162.96034832299,0,476.677425697446,0,2.17739455401897,0,0
