0,0,0.234540856717264,0,0,0,0,0,0.184863716840397,0,0,0,0,0,0,0,0.381641632980771,0,0.340575196702062,0,0,0,0,0,0,0,0,0,0,0,0,0,0,0,0,0,0.394817128777504,0,0.448675200343132,0.355398654937744,0.533353527386983,0.302419245243073,0.37303500476653,0.331445053219795,0,0.280827671289444,0.418506822735071,0,0.288680852470801,0,0,0,0,0,0.160839808756834,0,0.32093632593751,0,0.237550348043442,0,0.185618011057377,0,0,0.381294061740239,0,0,0,0,0,0,0,0,0,0.400216241677602,0,0,0,0,0.391777892907461,0.424560165096974,0,0.476650436134899,0.307180688122852,0.431551545858383,0.345746081874326,0.33356437087059,0.343212316433589
0,0,0,0.169063038927944,0,0,0,0,0,0.130767438621795,0,0,0,0,0,0,0.344471295674642,0,0.274163985491863,0,0,0,0,0.304385237395763,0,0,0,0,0,0,0,0,0,0,0,0.429684635996819,0,0.34023517370224,0,0.445960501829783,0,0.355857717379325,0,0.313355207443237,0,0.304200974958284,0.305700466036797,0,0,0.189252003110372,0,0,0,0,0,0.153258547896431,0,0.356057375669479,0,0,0,0,0.289435216784477,0.331579059362411,0,0,0.233698952943087,0,0.31987002491951,0,0.32905125617981,0,0.369825237675717,0,0,0,0,0,0.417462620951913,0.294514775276184,0.516062963268031,0,0.281919338238441,0,0.309868582657405,0.319099655276851,0
0.234540856717264,0,0,0.303968638181686,0.191521031021232,0,0,0,0.167668858204376,0,0,0,0,0,0,0,0.284545085259846,0,0.278469145298004,0,0.279835915565491,0,0,0,0,0,0,0,0,0,0,0,0,0,0,0,0.283819301260842,0,0,0,0.25470969080925,0,0.296525319584278,0,0.269828855991364,0,0.235592762983981,0,0.230000998755419,0,0.241493236356311,0,0,0,0.187576008469298,0,0.29983648093971,0.301861137151718,0.292293891310692,0,0.185284434461299,0,0,0.310265098698437,0,0,0,0,0,0,0,0,0,0.329879660159349,0,0,0,0,0,0.274303739269574,0,0.337596111437854,0.297218893090604,0.289354179501534,0.281601017000667,0,0.299905101719656
0,0.169063038927944,0.303968638181686,0,0,0.174797470201597,0,0,0,0.17090143410005,0,0,0,0,0,0.216983124613762,0,0,0.267179638147354,0.240807503461838,0,0,0,0,0,0,0,0,0,0,0,0,0,0,0,0.247911509126425,0.253243714570999,0,0,0.280236166715622,0,0.283563724362816,0.250598400831223,0,0,0.249279752373695,0,0,0,0.192502665346947,0.27197265625,0.254725319677836,0,0,0,0.179770833650313,0.309692770242691,0.297611571306532,0,0.329340795212883,0,0.244730970760187,0.323906242847443,0,0,0,0,0,0,0,0.332029862837358,0,0.338702245603634,0,0,0,0,0,0.262266330420971,0,0.357269704341888,0,0.263930217015977,0.275157795033672,0.267098309493396,0.308334780089995,0
0,0,0.191521031021232,0,0,0,0.170666910707951,0,0.221396298392823,0,0,0,0.133547319242587,0,0.223407394664232,0,0,0,0.225076211616397,0,0.187292601085371,0,0,0,0,0,0,0,0,0,0,0,0,0,0,0,0.230970241521534,0,0,0,0,0,0.233046317100525,0,0.218011438846588,0,0.249291921655337,0,0.230162017875248,0.247956410050392,0.236196881264263,0,0.233430405457815,0,0.182212974296676,0,0.290387052026662,0,0.223244123160839,0,0.242953147776056,0,0,0.243007396658262,0,0,0,0,0,0,0,0,0,0,0,0,0,0,0.255036249756813,0.23726963326335,0,0.273440808057785,0.227275066881506,0.195588960986713,0.243736192703247,0,0
0,0,0,0.174797470201597,0,0,0,0.123311810195446,0,0.200531274080276,0,0.189093440771103,0,0,0,0,0,0,0,0.182256206870079,0,0,0,0,0,0,0,0,0,0,0,0,0,0,0,0.197612909475962,0,0,0,0,0,0.261965265870094,0,0,0,0,0,0,0,0.267780986097124,0,0.162454495796696,0,0.12790102660656,0,0.174251372615496,0,0.262045673149474,0,0.194751674930255,0,0,0.293961495161057,0,0,0,0,0,0,0,0.318196147680283,0,0.311771643161774,0,0,0,0,0,0,0,0,0,0.176463192895703,0.227957651019096,0.220985218411998,0.293988049030304,0
0,0,0,0,0.170666910707951,0,0,0,0,0,0.138338745832443,0,0.154799771805604,0,0,0,0,0,0,0,0.177559393147628,0,0,0,0,0,0,0,0,0,0,0,0,0,0,0,0,0,0,0,0,0,0,0,0,0,0,0,0,0,0.252869665622711,0,0.221148315394662,0,0,0,0,0,0.144416872897874,0,0,0,0,0.186384996771812,0,0,0,0,0,0,0,0,0,0,0,0,0,0,0,0,0,0,0.175442539983326,0.18271296347181,0,0,0
0,0,0,0,0,0.123311810195446,0,0,0,0,0,0,0,0.178496626019478,0,0,0,0,0,0,0,0,0,0,0,0,0,0,0,0,0,0,0,0,0,0,0,0,0,0,0,0,0,0,0,0,0,0,0,0,0,0.141319928424699,0,0.17349996387142,0,0,0,0.148774996399879,0,0.193159889843729,0,0,0,0,0,0,0,0,0,0,0,0,0,0,0,0,0,0,0,0,0,0,0.181679680943489,0,0,0,0
0.184863716840397,0,0.167668858204376,0,0.221396298392823,0,0,0,0,0,0,0,0,0,0.191062690615654,0,0,0,0.265287131071091,0,0,0,0,0,0.206815664966901,0,0,0,0,0,0,0,0,0,0,0,0,0,0.201053176361781,0,0,0,0.24166439058988,0,0,0,0,0,0.279495778836702,0,0.299562245607376,0,0,0,0.216851315850561,0,0.370521277189255,0,0,0,0.209732243374212,0,0,0,0,0,0,0.221387757157738,0,0.153881782422895,0,0,0,0,0,0,0,0,0,0,0,0.25780425855407,0.234911024505338,0,0.241187319673341,0,0.241236710122653
0,0.130767438621795,0,0.17090143410005,0,0.200531274080276,0,0,0,0,0,0,0,0,0,0.198183944250675,0,0,0,0,0,0,0,0.181527845651814,0,0.161963981610757,0,0,0,0,0,0,0,0,0,0.240185711532831,0,0.250615450553596,0,0,0,0.238006605736671,0,0,0,0,0,0,0,0.214729437461266,0,0,0,0,0,0.225294860076743,0,0.287067323923111,0,0,0,0.204609660819025,0,0,0,0,0.270709005705381,0,0.164684362709522,0,0.301985949277878,0,0.282472958931556,0,0,0,0,0,0,0,0.328521744293325,0,0.185538737876924,0.17966859959639,0.203583248249896,0.245696315169334,0
0,0,0,0,0,0,0.138338745832443,0,0,0,0,0,0.143970074930361,0,0,0,0,0,0,0,0.163679707238729,0,0,0,0,0,0,0,0.174147740006447,0,0.220762173685373,0,0,0,0,0,0,0,0.155826254317196,0,0,0,0,0,0,0,0,0,0,0,0,0,0.179946880130207,0,0,0,0.195704694502855,0,0.155791859434109,0,0,0,0,0.209105966137905,0,0,0,0,0,0,0,0,0,0.225943337030271,0,0,0,0,0,0,0,0.152316010424069,0.177951028274599,0.154160115867853,0.366800338029861,0,0
0,0,0,0,0,0.189093440771103,0,0,0,0,0,0,0,0.148177370938085,0,0,0,0,0,0.145550579329332,0,0,0,0,0,0,0,0.144641821583112,0,0.199263704401895,0,0,0,0,0,0.199585785468419,0,0.149728287984659,0,0,0,0,0,0,0,0.179663226008415,0,0,0,0,0,0.179862573742867,0,0.234986811876297,0,0,0,0.191777427198708,0,0.158953834060935,0,0,0.154978650246273,0,0,0,0,0,0,0,0.139192819441717,0,0.228705888096657,0,0,0,0,0,0.180891087012632,0,0.158092452827548,0,0.141579660410817,0,0.207261277193373,0,0
0,0,0,0,0.133547319242587,0,0.154799771805604,0,0,0,0.143970074930361,0,0,0,0.222598449801499,0,0,0,0,0,0,0,0,0,0,0,0.167311836691464,0,0.188738239057567,0,0,0,0,0,0,0,0,0,0,0,0,0,0,0,0,0,0,0,0,0,0,0,0,0,0,0,0.201448289677501,0,0.215217714780881,0,0.212441903703353,0,0,0,0,0,0,0,0,0,0,0.192708517424762,0,0,0,0,0,0,0,0,0,0,0.191972219362492,0.18881568393504,0,0,0
0,0,0,0,0,0,0,0.178496626019478,0,0,0,0.148177370938085,0,0,0,0.205895456436433,0,0,0,0,0,0,0,0,0,0,0,0,0,0.147970452904701,0,0,0,0,0,0,0,0,0,0,0,0,0,0,0,0,0,0,0,0,0,0,0,0.215093001723289,0,0,0,0.152602761983871,0,0.219087479341971,0,0.219548822816359,0,0,0,0,0,0,0,0,0.165181907266378,0,0,0,0,0,0,0,0,0,0,0,0.157996570196333,0.221975844549505,0,0,0
0,0,0,0,0.223407394664232,0,0,0,0.191062690615654,0,0,0,0.222598449801499,0,0,0,0.200136040647825,0,0,0,0,0,0,0,0.195224217006138,0,0.195997208356857,0,0.162276243170102,0,0,0,0,0,0,0,0,0,0,0,0,0,0,0,0,0,0,0,0,0,0,0,0,0,0.221740261465311,0,0.322787091135979,0,0.219721890412844,0,0.198493399767465,0,0,0,0,0,0,0.189800396561623,0,0.192937809353073,0,0,0,0,0,0,0,0,0,0,0,0,0.215198396552693,0.139281899233659,0.304721921682358,0,0
0,0,0,0.216983124613762,0,0,0,0,0,0.198183944250675,0,0,0,0.205895456436433,0,0,0,0,0,0,0,0,0,0,0,0.17117040604353,0,0,0,0,0,0,0,0,0,0,0,0.26198211312294,0,0,0,0,0,0,0,0,0,0,0,0,0,0,0,0,0,0.209958866238594,0,0,0,0.321390390396118,0,0.234184693731368,0,0,0.309668451547623,0,0.275100252591074,0,0.17364453971386,0,0,0,0,0,0,0,0,0,0,0,0.326579198241234,0,0.165830750504266,0.138432546622223,0,0,0
0.381641632980771,0.344471295674642,0.284545085259846,0,0,0,0,0,0,0,0,0,0,0,0.200136040647825,0,0,0.187427384134002,0.295607335186662,0,0,0,0.143096804889766,0.178135052323341,0.155274620072709,0.174439509709676,0.166954510741764,0,0,0,0,0,0,0,0,0.361591732501984,0.379644645377994,0,0,0.344736257285783,0.348948106169701,0.322215543465411,0.281995641796485,0.330637156560614,0.300324708223343,0.337336043584837,0.337460441458406,0,0.291021804014842,0,0,0,0,0,0.265645503997803,0,0,0,0,0,0,0,0.329517844951514,0.312345502468256,0,0.141475632786751,0,0,0,0.173752658069134,0,0,0.266751796007156,0,0,0,0,0,0.346798545970822,0.360943991380433,0.376049712300301,0.385027782991529,0.197829336402423,0.168662826562849,0.346554773341526,0.27225795686245,0.271583036734508
0,0,0,0,0,0,0,0,0,0,0,0,0,0,0,0,0.187427384134002,0,0.281427028421831,0,0,0.144576310968855,0,0.186737713466088,0.203973487019539,0.171218249502022,0,0,0,0,0,0,0,0,0,0.363666161894798,0.322213808695475,0,0,0,0.259132072329521,0.273638421669602,0.273167565464973,0.292432340793312,0.285428543885549,0.29036283493042,0.301832624844142,0,0.218671560287476,0,0,0,0,0,0,0,0,0,0,0,0,0,0.291074156761169,0.28721696138382,0.12990347257462,0,0,0,0.177549080415206,0,0,0,0.247090682387352,0,0,0,0,0,0.308806469291449,0.307630310455958,0,0.346996605396271,0.191066816877858,0.172194004179304,0.279862694893823,0.278139995204078,0.255700469017029
0.340575196702062,0.274163985491863,0.278469145298004,0.267179638147354,0.225076211616397,0,0,0,0.265287131071091,0,0,0,0,0,0,0,0.295607335186662,0.281427028421831,0,0,0.299425780773163,0,0.295130252838135,0,0.223257899284363,0,0,0,0,0,0,0,0,0,0,0.384479067916494,0.365889968793347,0,0.341734432361343,0.381633715861596,0.339651609221137,0.282935823863667,0.235715435273879,0.301948347115623,0.261579795782878,0.31981046145377,0.34764772160953,0,0.318604877461558,0.341582925569627,0,0,0,0,0.244095395008723,0,0.352838464081287,0.33733231027921,0,0,0,0,0.323460923250601,0.325787866857484,0,0,0,0,0,0,0.358563005924225,0,0.400399303086746,0.402008870426489,0,0,0.389204442501068,0,0.371024277794258,0.347491439396762,0.468959797004099,0.422861862941422,0.253785501745443,0.257015262720405,0.349044734302923,0.269021990925566,0.23329193579479
0,0,0,0.240807503461838,0,0.182256206870079,0,0,0,0,0,0.145550579329332,0,0,0,0,0,0,0,0,0,0,0,0,0,0,0,0,0,0,0,0,0,0,0,0.194915429418962,0,0.190217482849308,0,0,0,0,0,0,0,0.240118950605392,0,0,0,0,0,0,0,0,0,0,0,0.15210731181183,0,0,0,0,0.188862996531536,0,0,0,0,0,0,0,0,0,0,0,0,0,0,0,0.266637812562498,0,0.229470228919616,0,0.165977340100742,0,0.236489364239451,0,0
0,0,0.279835915565491,0,0.187292601085371,0,0.177559393147628,0,0,0,0.163679707238729,0,0,0,0,0,0,0,0.299425780773163,0,0,0,0,0,0,0,0,0,0,0,0,0,0,0,0,0,0.192947355097334,0,0.191653133897732,0,0,0,0.249767895787954,0,0,0,0.3315308935502,0,0.245461146939885,0,0.245957779241543,0,0,0,0,0,0.204204835667948,0.282374709844589,0.296448485925794,0,0,0,0,0.233609237896534,0,0,0,0,0,0,0,0.303589418530464,0,0.327004140690912,0,0,0,0,0,0.242183603432939,0,0.237692100080577,0.191682727702639,0.196055512875319,0.299520571693849,0,0
0,0,0,0,0,0,0,0,0,0,0,0,0,0,0,0,0,0.144576310968855,0,0,0,0,0.115754458255001,0.214200815806786,0,0.130340725183487,0,0.163898211702244,0,0,0,0,0,0,0,0,0,0.235890275807541,0,0,0,0.327673584222794,0,0,0,0,0,0,0,0.257991464951864,0,0,0,0,0,0,0,0.320999026298523,0,0.323765873908997,0,0,0,0,0.22775089241209,0,0.255223618934349,0,0.243128506814019,0,0.291901694544664,0,0,0,0,0,0,0,0,0,0.294628090253131,0,0.123067588576904,0,0,0,0
0,0,0,0,0,0,0,0,0,0,0,0,0,0,0,0,0.143096804889766,0,0.295130252838135,0,0,0.115754458255001,0,0,0.217931056395173,0,0.132144307096799,0,0.178304841357564,0,0,0,0,0,0,0,0,0,0.217241374405482,0,0,0,0,0,0,0,0,0,0.278913533261844,0,0,0,0,0,0,0,0,0,0,0,0,0,0,0,0,0.205791792000665,0,0.239017265867822,0,0.220307292885521,0,0.222545230456374,0,0.288371526449919,0,0,0,0,0,0,0,0.286218530620655,0.147407054355959,0.155540538917888,0,0,0
0,0.304385237395763,0,0,0,0,0,0,0,0.181527845651814,0,0,0,0,0,0,0.178135052323341,0.186737713466088,0,0,0,0.214200815806786,0,0,0,0.157742969425661,0,0,0,0,0,0,0,0,0,0,0,0.192207423193114,0,0,0,0.270122160514196,0,0,0,0,0,0,0,0.231452532112598,0,0,0,0,0,0.225352253350947,0,0,0,0,0,0,0,0,0.304239164326569,0,0.24077743805218,0,0.203492816803711,0,0.271507140994072,0,0,0,0,0,0,0,0,0,0.210144509661656,0,0.183531928241877,0.154805108904839,0.302584561705589,0.248525433242321,0
0,0,0,0,0,0,0,0,0.206815664966901,0,0,0,0,0,0.195224217006138,0,0.155274620072709,0.203973487019539,0.223257899284363,0,0,0,0.217931056395173,0,0,0,0.183513210172003,0,0,0,0,0,0,0,0,0,0,0,0.220833230217931,0,0,0,0.160421639680862,0,0,0,0,0,0.25556252065093,0,0,0,0,0,0.28363973259305,0,0,0,0,0,0.200322436731915,0,0,0,0,0.233345903364229,0,0.207049583973307,0,0.221325004601028,0,0.28820866967241,0,0,0,0,0,0,0,0,0,0.251879051858536,0.158555858006532,0,0.20637951556005,0,0
0,0,0,0,0,0,0,0,0,0.161963981610757,0,0,0,0,0,0.17117040604353,0.174439509709676,0.171218249502022,0,0,0,0.130340725183487,0,0.157742969425661,0,0,0,0.157116211950779,0,0,0,0,0,0,0,0,0,0,0,0,0,0,0,0,0,0,0,0,0,0.24040287733078,0,0,0,0,0,0.152252420783043,0,0,0,0,0,0.170563012361526,0,0,0.137047414357464,0,0.193638167116377,0,0.18917749553091,0,0.160799965262413,0,0,0,0,0,0,0,0,0,0,0,0.17652490735054,0,0.274180680513382,0,0
0,0,0,0,0,0,0,0,0,0,0,0,0.167311836691464,0,0.195997208356857,0,0.166954510741764,0,0,0,0,0,0.132144307096799,0,0.183513210172003,0,0,0,0.170654580754749,0,0,0,0,0,0,0,0,0,0,0,0,0,0,0,0,0,0,0,0,0,0,0,0,0,0,0,0,0,0.176947082082431,0,0.206945035606623,0,0,0,0,0,0,0,0,0.170082455289981,0,0.192885514348745,0,0,0,0,0,0,0,0,0,0,0.196600002547105,0,0,0,0
0,0,0,0,0,0,0,0,0,0,0,0.144641821583112,0,0,0,0,0,0,0,0,0,0.163898211702244,0,0,0,0.157116211950779,0,0,0,0.157388922572136,0,0,0,0,0,0,0,0,0,0,0,0,0,0,0,0,0,0,0,0,0,0,0,0,0,0,0,0,0,0,0,0,0,0,0.18303373818462,0,0,0,0.169401023408462,0,0.183712322386651,0,0.235904018621187,0,0,0,0,0,0,0,0.241141964749592,0,0.178883522748947,0.1695207208395,0,0,0
0,0,0,0,0,0,0,0,0,0,0.174147740006447,0,0.188738239057567,0,0.162276243170102,0,0,0,0,0,0,0,0.178304841357564,0,0,0,0.170654580754749,0,0,0,0.176527272050197,0,0,0,0,0,0,0,0.153079530054873,0,0,0,0,0,0,0,0,0,0,0,0,0,0,0,0,0,0,0,0.184407230270536,0,0,0,0,0,0,0.203926165838067,0,0,0,0.200732238590717,0,0.201781447215048,0,0.169160698625174,0,0,0,0,0,0,0,0.224218209584554,0.178023387883839,0.16046557752859,0,0,0
0,0,0,0,0,0,0,0,0,0,0,0.199263704401895,0,0.147970452904701,0,0,0,0,0,0,0,0,0,0,0,0,0,0.157388922572136,0,0,0,0,0,0,0,0,0,0.161291056623062,0,0,0,0,0,0,0,0,0,0,0,0,0,0,0,0,0,0,0,0.228260346741047,0,0,0,0,0,0,0,0,0,0,0,0,0.183835219647457,0,0.226627194376799,0,0,0,0,0,0,0,0.212224749858315,0,0.150932228565216,0,0,0,0
0,0,0,0,0,0,0,0,0,0,0.220762173685373,0,0,0,0,0,0,0,0,0,0,0,0,0,0,0,0,0,0.176527272050197,0,0,0,0,0,0,0,0,0,0.169756866806028,0,0,0,0,0,0,0,0,0,0,0,0,0,0,0,0,0,0.218838749859566,0,0,0,0,0,0,0,0,0,0,0,0,0,0,0.231149017810822,0,0.197173203546671,0,0,0,0,0,0,0,0.172127806271116,0.193941306891078,0,0,0,0
0,0,0,0,0,0,0,0,0,0,0,0,0,0,0,0,0,0,0,0,0,0,0,0,0,0,0,0,0,0,0,0,0.165221495997338,0.258425892898317,0,0.22343928553164,0,0,0,0,0,0,0,0,0,0,0,0.381275801232748,0.553018215298653,0.534895211458206,0,0,0,0,0,0,0,0,0,0,0,0,0,0,0,0,0,0,0,0,0,0,0,0,0.297425280450823,0,0.276055291437419,0,0.423999660854856,0,0,0,0.165446459904484,0,0,0,0
0,0,0,0,0,0,0,0,0,0,0,0,0,0,0,0,0,0,0,0,0,0,0,0,0,0,0,0,0,0,0,0.165221495997338,0,0,0.371662720060739,0,0.190873177075873,0,0,0,0,0,0,0,0,0,0,0.325332561735209,0.456934159994125,0,0,0,0,0,0,0,0,0,0,0,0,0,0,0,0,0,0,0,0,0,0,0,0,0,0.180785473436117,0.212565224833315,0,0.342061758625741,0,0.249970049943243,0,0,0.163692974252626,0,0,0,0
0,0,0,0,0,0,0,0,0,0,0,0,0,0,0,0,0,0,0,0,0,0,0,0,0,0,0,0,0,0,0,0.258425892898317,0,0,0.177024040842802,0.188861865828286,0,0.234569303299251,0.141172371804714,0,0,0,0,0,0,0.351976364850998,0,0.279602658615635,0,0,0,0,0,0,0,0,0,0,0,0,0,0,0,0,0,0,0,0,0,0,0,0,0,0,0.358042064151078,0,0.223277164652481,0.184340084663459,0.4485982618311,0,0.273315873576535,0,0.157508343192083,0,0,0,0
0,0,0,0,0,0,0,0,0,0,0,0,0,0,0,0,0,0,0,0,0,0,0,0,0,0,0,0,0,0,0,0,0.371662720060739,0.177024040842802,0,0,0.151128617509099,0.13348106498068,0.190006984909601,0,0,0,0,0,0,0,0,0.243709213794363,0.286996918916702,0,0,0,0,0,0,0,0,0,0,0,0,0,0,0,0,0,0,0,0,0,0,0,0,0,0,0.283141547670731,0.208279752629338,0.223298007928663,0,0.198108761854794,0.220688223838806,0.210811823376653,0.129240314320972,0,0,0,0
0,0.429684635996819,0,0.247911509126425,0,0.197612909475962,0,0,0,0.240185711532831,0,0.199585785468419,0,0,0,0,0.361591732501984,0.363666161894798,0.384479067916494,0.194915429418962,0,0,0,0,0,0,0,0,0,0,0,0.22343928553164,0,0.188861865828286,0,0,0.203694240558286,0.193776446307407,0.165703854390553,0.324108615517616,0,0.326416198515158,0.315845310688019,0.385651664477642,0,0.324363863555936,0.345171928405762,0.319461425597017,0,0.323250073974378,0,0,0,0,0,0.238762957975268,0,0.276226510222142,0,0.253291775782903,0,0.247454856832822,0.203473726750454,0,0,0,0,0,0,0,0.294242721796036,0,0.291852243636784,0,0.234084459183657,0,0.229729924969796,0,0.227373783882469,0.212297268211842,0.257842081539398,0,0.200833572212853,0.182998169027269,0.31938331250016,0.366159306750411,0
0.394817128777504,0,0.283819301260842,0.253243714570999,0.230970241521534,0,0,0,0,0,0,0,0,0,0,0,0.379644645377994,0.322213808695475,0.365889968793347,0,0.192947355097334,0,0,0,0,0,0,0,0,0,0,0,0.190873177075873,0,0.151128617509099,0.203694240558286,0,0,0.19692206242549,0,0.290649365633726,0,0.329405093625669,0.370661705732346,0.383360266439186,0.293356388807297,0.326158330953742,0.265825441195851,0.245595068046727,0,0.233082782763701,0,0,0,0.22783666352431,0,0.260758456256655,0,0.250630890329679,0,0,0,0,0.264120934651771,0,0,0,0,0,0,0,0,0,0.288173213601112,0,0.249844487756491,0,0.176602730715494,0.212575203273445,0.229861979384897,0,0.226696435505834,0.191835316330963,0.227912970319174,0.311702273652839,0,0.340098645124171
0,0.34023517370224,0,0,0,0,0,0,0,0.250615450553596,0,0.149728287984659,0,0,0,0.26198211312294,0,0,0,0.190217482849308,0,0.235890275807541,0,0.192207423193114,0,0,0,0,0,0.161291056623062,0,0,0,0.234569303299251,0.13348106498068,0.193776446307407,0,0,0.162499056001635,0,0,0.278267619510492,0,0,0,0.272944539785385,0,0,0,0.3295969241485,0,0,0,0,0,0.308784600151213,0,0.140398171003703,0,0.345538794994354,0,0.307951807975769,0.176186514894168,0,0.241446570151796,0,0.238584182935354,0,0.274329183062887,0,0.310143762436069,0,0.179510583199045,0,0,0,0.292084356381015,0.124449364840984,0.235860772296993,0,0.236164632394815,0.137718862152263,0.188001582019141,0.177021339859651,0.310689795292444,0.270553633570671,0
0.448675200343132,0,0,0,0,0,0,0,0.201053176361781,0,0.155826254317196,0,0,0,0,0,0,0,0.341734432361343,0,0.191653133897732,0,0.217241374405482,0,0.220833230217931,0,0,0,0.153079530054873,0,0.169756866806028,0,0,0.141172371804714,0.190006984909601,0.165703854390553,0.19692206242549,0.162499056001635,0,0,0.338669786850611,0,0.355424632628759,0,0.379221454262733,0,0.337969790329996,0.390645892034436,0.393884755424316,0,0,0,0,0,0.213686566245049,0,0.147013307287753,0,0,0,0,0,0,0.294089509198169,0,0.250635729364937,0,0.227466020694313,0,0.229103280901909,0,0.234908327460289,0,0.20895007927902,0,0,0,0.228590804326003,0,0.236625706030652,0.196485233065244,0.234229595612078,0.188970394345078,0.148647991619233,0.295197163986695,0,0.365893363952637
0.355398654937744,0.445960501829783,0,0.280236166715622,0,0,0,0,0,0,0,0,0,0,0,0,0.344736257285783,0,0.381633715861596,0,0,0,0,0,0,0,0,0,0,0,0,0,0,0,0,0.324108615517616,0,0,0,0,0.367121413350105,0.32653190301951,0.247449785470963,0.396514782985282,0,0.326872381381691,0.374082541465759,0,0,0.185208734581057,0,0,0,0,0,0,0,0,0,0,0,0,0.310065943168269,0.369783351818721,0,0,0,0,0,0,0.28910893201828,0,0.31219801902771,0,0,0,0,0,0.265094327083865,0.33682245016098,0.350995527072386,0,0.3370910855168,0.260907679796219,0.325880680217522,0.401637619406712,0.36179718375206
0.533353527386983,0,0.25470969080925,0,0,0,0,0,0,0,0,0,0,0,0,0,0.348948106169701,0.259132072329521,0.339651609221137,0,0,0,0,0,0,0,0,0,0,0,0,0,0,0,0,0,0.290649365633726,0,0.338669786850611,0.367121413350105,0,0.373252630233765,0.292292732091849,0,0.377681983252094,0,0.275159399202265,0.5016862208193,0.427381750647537,0.436718888580799,0,0,0,0,0,0,0,0,0,0,0,0,0.331165060400963,0.239240676546708,0,0,0,0,0,0,0,0,0,0,0,0,0,0,0,0.25354586476865,0,0.358482252467762,0.404760289031106,0.391980141401291,0.228545999123301,0,0.311852542091818
0.302419245243073,0.355857717379325,0,0.283563724362816,0,0.261965265870094,0,0,0,0.238006605736671,0,0,0,0,0,0,0.322215543465411,0.273638421669602,0.282935823863667,0,0,0.327673584222794,0,0.270122160514196,0,0,0,0,0,0,0,0,0,0,0,0.326416198515158,0,0.278267619510492,0,0.32653190301951,0.373252630233765,0,0.238242170300151,0.295133318225763,0,0.318033457887883,0.345213085412979,0.42705745468236,0.288640528917313,0.323655279511506,0,0.264733016490936,0,0,0,0.238098448876179,0,0.350514886954001,0,0.339267581701279,0,0.259321621060371,0.353537916451743,0.377372331917286,0,0,0,0,0,0,0.371435707435012,0,0.371153486133376,0,0,0,0.341838806867599,0,0.334229966148061,0.370732853809992,0.448255943013476,0.345444083213806,0.297788629290218,0.322472855448723,0.321076911715409,0.285567082055477,0
0.37303500476653,0,0.296525319584278,0.250598400831223,0.233046317100525,0,0,0,0.24166439058988,0,0,0,0,0,0,0,0.281995641796485,0.273167565464973,0.235715435273879,0,0.249767895787954,0,0,0,0.160421639680862,0,0,0,0,0,0,0,0,0,0,0.315845310688019,0.329405093625669,0,0.355424632628759,0.247449785470963,0.292292732091849,0.238242170300151,0,0.235196851193905,0.241735269730004,0.291476145386696,0.248198077627099,0.600637149314086,0.357337561945734,0,0.271962469443679,0,0,0,0.2374290658368,0,0.355885063534352,0,0.306903958320618,0,0.342569961851718,0,0.310954049229622,0.316870750289932,0,0,0,0,0,0,0,0.355826258659363,0,0.377982296120105,0,0,0,0,0.307723984122276,0.292674800091846,0.327344715595245,0.417801690372554,0.363700504218286,0.289879995741342,0.309493895261121,0.238845324516296,0.241535884327448
0.331445053219795,0.313355207443237,0,0,0,0,0,0,0,0,0,0,0,0,0,0,0.330637156560614,0.292432340793312,0.301948347115623,0,0,0,0,0,0,0,0,0,0,0,0,0,0,0,0,0.385651664477642,0.370661705732346,0,0,0.396514782985282,0,0.295133318225763,0.235196851193905,0,0,0.352418802074484,0.376054719738338,0.386093288660049,0,0.341769675413768,0,0,0,0,0,0,0,0.283631503582001,0,0,0,0,0.351668279688313,0.341511324048042,0,0,0,0,0,0,0,0,0.386344256500403,0.41582402586937,0,0,0,0,0.401409560696541,0.294910192489624,0.439323843767246,0.398961365222931,0.256888022676843,0.304652571678162,0.352890101685581,0.266620881027646,0
0,0,0.269828855991364,0,0.218011438846588,0,0,0,0,0,0,0,0,0,0,0,0.300324708223343,0.285428543885549,0.261579795782878,0,0,0,0,0,0,0,0,0,0,0,0,0,0,0,0,0,0.383360266439186,0,0.379221454262733,0,0.377681983252094,0,0.241735269730004,0,0,0,0.369902138607671,0,0.339417546987534,0,0.257211774587631,0,0,0,0.236299832661947,0,0,0,0,0,0,0,0.265747159719467,0.349039867520332,0,0,0,0,0,0,0,0,0,0.36698289513588,0,0,0,0,0,0.377667084545959,0,0.466047595275773,0.247388685304745,0.274759523570538,0.346271962504978,0.394968181848526,0.253447987511754
0.280827671289444,0.304200974958284,0,0.249279752373695,0,0,0,0,0,0,0,0.179663226008415,0,0,0,0,0.337336043584837,0.29036283493042,0.31981046145377,0.240118950605392,0,0,0,0,0,0,0,0,0,0,0,0,0,0.351976364850998,0,0.324363863555936,0.293356388807297,0.272944539785385,0,0.326872381381691,0,0.318033457887883,0.291476145386696,0.352418802074484,0,0,0.368072525660197,0,0,0.248369742929935,0,0,0,0,0,0,0,0.306113460889229,0,0,0,0,0.275560011497922,0.367068101962407,0,0,0,0,0,0,0,0,0.341388292769168,0.287863224744797,0,0,0,0,0.315744201804501,0.346172213554382,0.374847895112003,0,0.272545559019656,0.287636375427246,0.300468534276451,0.256341725587845,0.29732021689415
0.418506822735071,0.305700466036797,0.235592762983981,0,0.249291921655337,0,0,0,0,0,0,0,0,0,0,0,0.337460441458406,0.301832624844142,0.34764772160953,0,0.3315308935502,0,0,0,0,0,0,0,0,0,0,0,0,0,0,0.345171928405762,0.326158330953742,0,0.337969790329996,0.374082541465759,0.275159399202265,0.345213085412979,0.248198077627099,0.376054719738338,0.369902138607671,0.368072525660197,0,0.259641498327255,0.283190197078511,0,0.294488459825516,0,0,0,0.264358371496201,0,0.328423459740246,0,0.330567821860313,0,0,0,0.364900703231494,0.311657647524698,0,0,0,0,0,0,0,0,0.393844127655029,0.344338595867157,0,0,0,0,0.360903781035851,0.321680074161647,0.406436145305634,0.372698025397174,0.338518940976688,0.277393469644576,0.298873733090298,0.352176159620285,0.295622850719251
0,0,0,0,0,0,0,0,0,0,0,0,0,0,0,0,0,0,0,0,0,0,0,0,0,0,0,0,0,0,0,0.381275801232748,0.325332561735209,0.279602658615635,0.243709213794363,0.319461425597017,0.265825441195851,0,0.390645892034436,0,0.5016862208193,0.42705745468236,0.600637149314086,0.386093288660049,0,0,0.259641498327255,0,0.519661009562116,0.542921624538316,0,0,0,0,0,0,0.314571857452393,0,0,0,0,0,0,0,0,0,0,0,0,0,0,0,0,0,0.400961739580396,0.27294046130193,0.278830264808892,0.289732410427896,0.368494810121745,0.373732784073188,0.3849738240242,0.346301188849021,0.526443457357737,0.249425808137113,0.470172491735638,0,0
0.288680852470801,0,0.230000998755419,0,0.230162017875248,0,0,0,0.279495778836702,0,0,0,0,0,0,0,0.291021804014842,0.218671560287476,0.318604877461558,0,0.245461146939885,0,0.278913533261844,0,0.25556252065093,0,0,0,0,0,0,0.553018215298653,0.456934159994125,0,0.286996918916702,0,0.245595068046727,0,0.393884755424316,0,0.427381750647537,0.288640528917313,0.357337561945734,0,0.339417546987534,0,0.283190197078511,0.519661009562116,0,0.462803685918767,0.244448830043116,0,0,0,0.1976684215996,0,0.295448973290319,0,0.262220970608971,0,0.212147909131917,0,0,0.283512726426125,0,0.246562713949845,0,0.255222135438369,0,0.239479987157716,0,0.247429002119207,0,0.34135177731514,0.492240965366364,0.421120233479,0,0.315924393094104,0.29751518368721,0.402036125380394,0,0.40989743641105,0.448971056503965,0.281378139224317,0.358476330921754,0,0.343051164228225
0,0.189252003110372,0,0.192502665346947,0.247956410050392,0.267780986097124,0,0,0,0.214729437461266,0,0,0,0,0,0,0,0,0.341582925569627,0,0,0.257991464951864,0,0.231452532112598,0,0.24040287733078,0,0,0,0,0,0.534895211458206,0,0,0,0.323250073974378,0,0.3295969241485,0,0.185208734581057,0.436718888580799,0.323655279511506,0,0.341769675413768,0,0.248369742929935,0,0.542921624538316,0.462803685918767,0,0,0,0,0,0,0.197514407336712,0,0.341426285864419,0,0.34125007025334,0,0.287239106685928,0.373238874333245,0,0.281484806974386,0,0.268874575955826,0,0.294445608706957,0,0.366449729574525,0,0.358041568360197,0,0,0,0,0,0.327427617813412,0,0.365041152692746,0,0.388047316092798,0.268335771560669,0.320343395256695,0.314969733530699,0
0,0,0.241493236356311,0.27197265625,0.236196881264263,0,0.252869665622711,0,0.299562245607376,0,0,0,0,0,0,0,0,0,0,0,0.245957779241543,0,0,0,0,0,0,0,0,0,0,0,0,0,0,0,0.233082782763701,0,0,0,0,0,0.271962469443679,0,0.257211774587631,0,0.294488459825516,0,0.244448830043116,0,0,0,0,0,0.22477063536644,0,0.321769176447978,0,0.266193466963785,0,0.23207446038723,0,0,0.276397574189547,0,0,0,0,0,0,0,0,0,0,0,0,0,0,0,0.249714778442132,0,0,0.235313440910395,0.246004884441694,0.279741751926917,0,0
0,0,0,0.254725319677836,0,0.162454495796696,0,0.141319928424699,0,0,0,0.179862573742867,0,0,0,0,0,0,0,0,0,0,0,0,0,0,0,0,0,0,0,0,0,0,0,0,0,0,0,0,0,0.264733016490936,0,0,0,0,0,0,0,0,0,0,0,0.111184626817703,0,0,0,0.211230827638736,0,0.25007616179985,0,0.255996261772357,0,0,0,0,0,0,0,0,0,0,0.29619687795639,0,0,0,0,0,0,0,0,0,0.164230572353852,0.288884729146957,0.21618323573252,0,0
0,0,0,0,0.233430405457815,0,0.221148315394662,0,0,0,0.179946880130207,0,0,0,0,0,0,0,0,0,0,0,0,0,0,0,0,0,0,0,0,0,0,0,0,0,0,0,0,0,0,0,0,0,0,0,0,0,0,0,0,0,0,0,0,0,0.173253286381563,0,0,0,0,0,0,0,0,0,0,0,0,0,0,0,0,0,0,0,0,0,0,0,0,0,0.209981771607848,0.206829445702689,0,0,0
0,0,0,0,0,0.12790102660656,0,0.17349996387142,0,0,0,0.234986811876297,0,0.215093001723289,0,0,0,0,0,0,0,0,0,0,0,0,0,0,0,0,0,0,0,0,0,0,0,0,0,0,0,0,0,0,0,0,0,0,0,0,0,0.111184626817703,0,0,0,0,0,0.201427139341831,0,0.199639421972361,0,0,0,0,0,0,0,0,0,0,0,0,0,0,0,0,0,0,0,0,0,0,0.180558342072699,0,0,0,0
0.160839808756834,0,0.187576008469298,0,0.182212974296676,0,0,0,0.216851315850561,0,0,0,0,0,0.221740261465311,0,0.265645503997803,0,0.244095395008723,0,0,0,0,0,0.28363973259305,0,0,0,0,0,0,0,0,0,0,0,0.22783666352431,0,0.213686566245049,0,0,0,0.2374290658368,0,0.236299832661947,0,0.264358371496201,0,0.1976684215996,0,0.22477063536644,0,0,0,0,0,0,0,0.225866678086194,0,0.226399838032123,0,0,0.272200651466846,0,0,0,0.28495037528353,0,0.230472979446252,0,0,0,0,0,0,0,0,0,0.238556736045414,0.27551057934761,0.280115883265223,0.267314314086368,0.239727086641572,0.238738605773056,0,0
0,0.153258547896431,0,0.179770833650313,0,0.174251372615496,0,0,0,0.225294860076743,0,0,0,0,0,0.209958866238594,0,0,0,0,0,0,0,0.225352253350947,0,0.152252420783043,0,0,0,0,0,0,0,0,0,0.238762957975268,0,0.308784600151213,0,0,0,0.238098448876179,0,0,0,0,0,0,0,0.197514407336712,0,0,0,0,0,0,0,0.275483265519142,0,0.245483045776685,0,0.255443383921748,0,0,0.305433481931686,0,0.320124695927449,0,0,0,0.279705196619034,0,0.295937386155128,0,0,0,0,0,0,0,0.334160427036493,0,0.246538851880714,0,0.230700731703213,0.238732998569806,0
0.32093632593751,0,0.29983648093971,0.309692770242691,0.290387052026662,0,0,0,0.370521277189255,0,0.195704694502855,0,0.201448289677501,0,0.322787091135979,0,0,0,0.352838464081287,0,0.204204835667948,0,0,0,0,0,0,0,0,0,0.218838749859566,0,0,0,0,0,0.260758456256655,0,0.147013307287753,0,0,0,0.355885063534352,0,0,0,0.328423459740246,0.314571857452393,0.295448973290319,0,0.321769176447978,0,0.173253286381563,0,0,0,0,0,0.299793216243048,0,0.319861400872469,0,0,0.308543963602369,0,0,0,0,0,0.327071815729141,0,0.320445674107127,0.334602981805801,0.298707863381991,0,0,0,0,0,0.291127293085565,0,0,0.215920407799157,0.252309060096741,0.343805685567529,0,0.371714387089014
0,0.356057375669479,0.301861137151718,0.297611571306532,0,0.262045673149474,0,0.148774996399879,0,0.287067323923111,0,0.191777427198708,0,0.152602761983871,0,0,0,0,0.33733231027921,0.15210731181183,0.282374709844589,0.320999026298523,0,0,0,0,0,0,0,0.228260346741047,0,0,0,0,0,0.276226510222142,0,0.140398171003703,0,0,0,0.350514886954001,0,0.283631503582001,0,0.306113460889229,0,0,0,0.341426285864419,0,0.211230827638736,0,0.201427139341831,0,0.275483265519142,0,0,0,0.313216666683266,0,0.29844231903553,0.271383012584827,0,0,0,0,0,0.404284438020305,0,0.406827327585028,0,0.278837772618774,0,0,0,0,0,0.236034168303013,0,0.169509818372519,0,0.261423705790478,0.317824631929398,0.334298313583226,0.382877401330254,0
0.237550348043442,0,0.292293891310692,0,0.223244123160839,0,0.144416872897874,0,0,0,0.155791859434109,0,0.215217714780881,0,0.219721890412844,0,0,0,0,0,0.296448485925794,0,0,0,0,0,0.176947082082431,0,0.184407230270536,0,0,0,0,0,0,0,0.250630890329679,0,0,0,0,0,0.306903958320618,0,0,0,0.330567821860313,0,0.262220970608971,0,0.266193466963785,0,0,0,0.225866678086194,0,0.299793216243048,0,0,0,0.31500310669927,0,0,0.335239512845874,0,0,0,0,0,0.342395395040512,0,0.358602329519144,0,0,0,0,0,0,0,0.266668846209844,0,0.321360945701599,0.175427783733216,0.193159935493318,0.31306619264146,0,0
0,0,0,0.329340795212883,0,0.194751674930255,0,0.193159889843729,0,0,0,0.158953834060935,0,0.219087479341971,0,0.321390390396118,0,0,0,0,0,0.323765873908997,0,0,0,0,0,0,0,0,0,0,0,0,0,0.253291775782903,0,0.345538794994354,0,0,0,0.339267581701279,0,0,0,0,0,0,0,0.34125007025334,0,0.25007616179985,0,0.199639421972361,0,0.245483045776685,0,0.313216666683266,0,0,0,0.28232107572029,0,0,0,0,0,0,0.408325502405996,0,0.360784534328055,0,0.359951287508011,0,0,0,0,0,0,0,0.329382359981537,0,0.16137492429951,0.200333636254072,0.3412075665642,0,0
0.185618011057377,0,0.185284434461299,0,0.242953147776056,0,0,0,0.209732243374212,0,0,0,0.212441903703353,0,0.198493399767465,0,0,0,0,0,0,0,0,0,0.200322436731915,0,0.206945035606623,0,0,0,0,0,0,0,0,0,0,0,0,0,0,0,0.342569961851718,0,0,0,0,0,0.212147909131917,0,0.23207446038723,0,0,0,0.226399838032123,0,0.319861400872469,0,0.31500310669927,0,0,0,0,0,0,0,0,0.191055786975643,0,0.2046893351768,0,0.353824254125357,0,0,0,0,0,0,0,0,0,0,0.252861789044212,0.159965843413815,0.300045396063639,0,0
0,0,0,0.244730970760187,0,0,0,0,0,0.204609660819025,0,0,0,0.219548822816359,0,0.234184693731368,0,0,0,0,0,0,0,0,0,0.170563012361526,0,0,0,0,0,0,0,0,0,0.247454856832822,0,0.307951807975769,0,0,0,0.259321621060371,0,0,0,0,0,0,0,0.287239106685928,0,0.255996261772357,0,0,0,0.255443383921748,0,0.29844231903553,0,0.28232107572029,0,0,0,0,0,0,0.275027804904514,0,0.342818912308095,0,0.400868088006973,0,0.309234940343433,0,0,0,0,0,0,0,0.305755883455276,0,0.215075676639875,0,0.255620237659006,0,0
0,0.289435216784477,0,0.323906242847443,0,0.293961495161057,0,0,0,0,0,0.154978650246273,0,0,0,0,0.329517844951514,0.291074156761169,0.323460923250601,0.188862996531536,0,0,0,0,0,0,0,0,0,0,0,0,0,0,0,0.203473726750454,0,0.176186514894168,0,0.310065943168269,0.331165060400963,0.353537916451743,0.310954049229622,0.351668279688313,0.265747159719467,0.275560011497922,0.364900703231494,0,0,0.373238874333245,0,0,0,0,0,0,0,0.271383012584827,0,0,0,0,0,0.33392970263958,0,0,0,0,0.37494358420372,0,0.387610960006714,0,0.335079296081333,0,0,0,0,0,0.304812395702737,0.313178487122059,0.308632613953592,0,0.198847805240985,0.291950546205044,0.302969379265741,0.326703384518623,0
0.381294061740239,0.331579059362411,0.310265098698437,0,0.243007396658262,0,0.186384996771812,0,0,0,0.209105966137905,0,0,0,0,0,0.312345502468256,0.28721696138382,0.325787866857484,0,0.233609237896534,0,0,0,0,0,0,0,0,0,0,0,0,0,0,0,0.264120934651771,0,0.294089509198169,0.369783351818721,0.239240676546708,0.377372331917286,0.316870750289932,0.341511324048042,0.349039867520332,0.367068101962407,0.311657647524698,0,0.283512726426125,0,0.276397574189547,0,0,0,0.272200651466846,0,0.308543963602369,0,0.335239512845874,0,0,0,0.33392970263958,0,0,0,0,0,0,0,0,0.332476345896721,0.290788382291794,0.342930329697473,0,0,0,0,0.30949736067227,0.28396378010329,0,0.361036694769202,0.311204211240442,0.292587182738564,0.328673840591049,0,0.348576211929321
0,0,0,0,0,0,0,0,0,0,0,0,0,0,0,0.309668451547623,0,0.12990347257462,0,0,0,0.22775089241209,0,0.304239164326569,0,0.137047414357464,0,0.18303373818462,0,0,0,0,0,0,0,0,0,0.241446570151796,0,0,0,0,0,0,0,0,0,0,0,0.281484806974386,0,0,0,0,0,0.305433481931686,0,0,0,0,0,0,0,0,0,0,0.288210308960607,0,0.284465618484409,0,0.280317464126347,0,0,0,0,0,0,0,0,0,0.266470596092304,0,0.173528361938193,0.155592322349548,0.309103618173496,0,0
0,0,0,0,0,0,0,0,0,0,0,0,0,0,0,0,0.141475632786751,0,0,0,0,0,0.205791792000665,0,0.233345903364229,0,0,0,0.203926165838067,0,0,0,0,0,0,0,0,0,0.250635729364937,0,0,0,0,0,0,0,0,0,0.246562713949845,0,0,0,0,0,0,0,0,0,0,0,0,0,0,0,0,0,0,0.228053798976023,0,0.326238902964333,0,0.249126974712927,0,0.254758576552073,0,0,0,0,0,0,0,0.270073651125477,0.165850325080449,0,0.273811101913452,0,0
0,0.233698952943087,0,0,0,0,0,0,0,0.270709005705381,0,0,0,0,0,0.275100252591074,0,0,0,0,0,0.255223618934349,0,0.24077743805218,0,0.193638167116377,0,0,0,0,0,0,0,0,0,0,0,0.238584182935354,0,0,0,0,0,0,0,0,0,0,0,0.268874575955826,0,0,0,0,0,0.320124695927449,0,0,0,0,0,0.275027804904514,0,0,0.288210308960607,0,0,0,0.279269960574835,0,0.304144640813147,0,0,0,0,0,0,0,0,0,0.297552364600169,0,0.1552956179805,0,0.273176804063766,0,0
0,0,0,0,0,0,0,0,0.221387757157738,0,0,0,0,0,0.189800396561623,0,0,0,0,0,0,0,0.239017265867822,0,0.207049583973307,0,0,0,0,0,0,0,0,0,0,0,0,0,0.227466020694313,0,0,0,0,0,0,0,0,0,0.255222135438369,0,0,0,0,0,0.28495037528353,0,0,0,0,0,0.191055786975643,0,0,0,0,0.228053798976023,0,0,0,0.278171783493411,0,0.274491049741444,0,0,0,0,0,0,0,0,0,0.265587098945736,0.193040002137423,0,0.310423420911486,0,0
0,0.31987002491951,0,0,0,0,0,0,0,0.164684362709522,0,0,0,0,0,0.17364453971386,0,0.177549080415206,0,0,0,0.243128506814019,0,0.203492816803711,0,0.18917749553091,0,0.169401023408462,0,0,0,0,0,0,0,0,0,0.274329183062887,0,0,0,0,0,0,0,0,0,0,0,0.294445608706957,0,0,0,0,0,0,0,0.404284438020305,0,0.408325502405996,0,0.342818912308095,0.37494358420372,0,0.284465618484409,0,0.279269960574835,0,0,0,0.248294168223259,0,0.277061745524406,0,0,0,0,0,0,0,0.289100252730506,0,0.237724356353283,0,0.301600300496624,0,0
0,0,0,0,0,0,0,0,0.153881782422895,0,0,0,0,0,0.192937809353073,0,0.173752658069134,0,0,0,0,0,0.220307292885521,0,0.221325004601028,0,0.170082455289981,0,0.200732238590717,0,0,0,0,0,0,0,0,0,0.229103280901909,0,0,0,0,0,0,0,0,0,0.239479987157716,0,0,0,0,0,0.230472979446252,0,0.327071815729141,0,0.342395395040512,0,0.2046893351768,0,0,0,0,0.326238902964333,0,0.278171783493411,0,0,0,0.26934992623303,0,0.272756680846214,0,0,0,0,0,0,0,0.262579921971668,0.191204733507974,0,0,0,0
0,0.32905125617981,0,0.332029862837358,0,0.318196147680283,0,0,0,0.301985949277878,0,0.139192819441717,0,0.165181907266378,0,0,0,0,0.358563005924225,0,0,0.291901694544664,0,0.271507140994072,0,0.160799965262413,0,0.183712322386651,0,0.183835219647457,0,0,0,0,0,0.294242721796036,0,0.310143762436069,0,0.28910893201828,0,0.371435707435012,0,0,0,0,0,0,0,0.366449729574525,0,0,0,0,0,0.279705196619034,0,0.406827327585028,0,0.360784534328055,0,0.400868088006973,0.387610960006714,0,0.280317464126347,0,0.304144640813147,0,0.248294168223259,0,0,0,0.259617628336196,0,0,0,0,0,0.342677891254425,0,0.294638495776638,0,0.315768136993631,0.368788659572601,0.373665530979633,0.386396197602153,0
0,0,0,0,0,0,0,0,0,0,0,0,0.192708517424762,0,0,0,0,0,0,0,0.303589418530464,0,0.222545230456374,0,0.28820866967241,0,0.192885514348745,0,0.201781447215048,0,0.231149017810822,0,0,0,0,0,0,0,0.234908327460289,0,0,0,0.355826258659363,0,0,0,0,0,0.247429002119207,0,0,0,0,0,0,0,0.320445674107127,0,0.358602329519144,0,0.353824254125357,0,0,0.332476345896721,0,0.249126974712927,0,0.274491049741444,0,0.26934992623303,0,0,0,0.307727127721172,0,0,0,0,0,0.30616426893643,0,0.276858384405088,0.233380270749331,0.299774378538132,0.347693954479127,0,0.372385561466217
0,0.369825237675717,0,0.338702245603634,0,0.311771643161774,0,0,0,0.282472958931556,0,0.228705888096657,0,0,0,0,0.266751796007156,0.247090682387352,0.400399303086746,0,0,0,0,0,0,0,0,0.235904018621187,0,0.226627194376799,0,0,0,0,0,0.291852243636784,0,0.179510583199045,0,0.31219801902771,0,0.371153486133376,0,0.386344256500403,0,0.341388292769168,0.393844127655029,0,0,0.358041568360197,0,0.29619687795639,0,0,0,0.295937386155128,0.334602981805801,0.278837772618774,0,0.359951287508011,0,0.309234940343433,0.335079296081333,0.290788382291794,0,0,0,0,0.277061745524406,0,0.259617628336196,0,0,0,0,0,0,0,0.300902547258319,0,0.248503610014691,0,0.36520153247013,0.338951030503149,0.370368150571416,0.390141492122657,0
0.400216241677602,0,0.329879660159349,0,0,0,0,0,0,0,0.225943337030271,0,0,0,0,0,0,0,0.402008870426489,0,0.327004140690912,0,0.288371526449919,0,0,0,0,0,0.169160698625174,0,0.197173203546671,0,0,0,0,0,0.288173213601112,0,0.20895007927902,0,0,0,0.377982296120105,0.41582402586937,0.36698289513588,0.287863224744797,0.344338595867157,0,0.34135177731514,0,0,0,0,0,0,0,0.298707863381991,0,0,0,0,0,0,0.342930329697473,0,0.254758576552073,0,0,0,0.272756680846214,0,0.307727127721172,0,0,0,0,0,0,0.337795451283455,0.309167897701263,0,0.289612701761961,0.396074616896181,0.331382905443509,0.384742052990027,0,0.388871437464005
0,0,0,0,0,0,0,0,0,0,0,0,0,0,0,0,0,0,0,0,0,0,0,0,0,0,0,0,0,0,0,0.297425280450823,0.180785473436117,0.358042064151078,0,0.234084459183657,0,0,0,0,0,0,0,0,0,0,0,0.400961739580396,0.492240965366364,0,0,0,0,0,0,0,0,0,0,0,0,0,0,0,0,0,0,0,0,0,0,0,0,0,0,0,0.297800886676015,0,0.374944269552565,0,0,0,0.152063482638561,0,0,0,0
0,0,0,0,0,0,0,0,0,0,0,0,0,0,0,0,0,0,0,0,0,0,0,0,0,0,0,0,0,0,0,0,0.212565224833315,0,0.283141547670731,0,0.249844487756491,0,0,0,0,0,0,0,0,0,0,0.27294046130193,0.421120233479,0,0,0,0,0,0,0,0,0,0,0,0,0,0,0,0,0,0,0,0,0,0,0,0,0,0,0,0,0.300565016408839,0,0.250118179969033,0,0,0,0,0,0,0
