0,0,0.164790783405304,0,0.285872280597687,0,0,0,0.184932039846336,0,0,0,0,0,0,0,0.294314652681351,0,0.307282220775431,0,0,0,0,0,0,0,0,0,0,0,0,0,0,0,0,0,0,0,0,0,0,0,0.322322147760061,0,0,0,0,0,0.167719279439233,0,0,0,0,0,0.244680847891997,0,0,0,0,0,0.216193556446921,0,0,0,0,0,0,0,0,0,0,0,0,0.432212859392166,0,0,0,0,0,0.437836496531963,0,0.486718018849691,0.231996087807006,0,0.215073885445088,0,0.426380068063736
0,0,0,0.155980974484187,0,0.215267106890678,0,0,0,0.228873906336826,0,0,0,0,0,0,0,0,0.2745048503081,0,0,0,0,0.267404429614544,0,0,0,0,0,0,0,0,0,0,0,0.391037806868553,0,0,0,0,0,0.296012880850811,0,0.394733309745789,0,0.327687405727126,0,0.368938341736794,0,0.193638089389905,0,0.233625515418894,0,0,0,0.232196092688838,0,0.383564651012421,0,0,0,0.276721967932056,0,0,0,0,0.270492775211657,0,0,0,0.350775753458341,0,0.311967849731445,0,0,0,0,0,0.374013575461676,0,0.435153895616531,0,0.219593714609324,0,0.220075122044196,0.26913495361805,0
0.164790783405304,0,0,0,0.217923839256549,0,0,0,0.158971868727329,0,0,0,0,0,0,0,0.276272840797901,0.309060335159302,0.262298801115581,0,0,0,0,0,0,0,0,0,0,0,0,0,0,0,0,0,0.283922851085663,0,0,0,0.275345255113855,0,0.289206555661033,0,0,0,0.254589303660749,0.273691867788633,0.280384957518207,0.291008761950902,0.224110087639881,0,0,0,0.200381634926254,0,0.303107664345981,0,0.250914967530652,0,0.237586155861289,0,0,0.294168531894684,0,0,0,0,0,0,0,0,0,0.353657262855106,0,0,0,0,0,0.260707286000252,0,0.406914547085762,0.187236672308305,0.298895017189138,0.254122180795228,0.248177900910378,0.281746798753738
0,0.155980974484187,0,0,0,0.232181414191065,0,0,0,0.162543356241215,0,0,0,0,0,0,0,0.27442142367363,0.287192389369011,0,0,0,0,0,0,0,0,0,0,0,0,0,0,0,0,0.261780427768826,0,0,0,0.259436525404453,0,0.284054321468686,0,0.263656109571457,0,0.247907273576293,0,0.302743405103683,0,0.211124073333886,0,0.273177140046165,0,0,0,0.226320144922837,0,0.267314795579296,0,0.278526907535018,0,0.258762802964165,0.291897386312485,0,0,0,0,0,0,0,0.329412631013177,0,0.329139206748809,0,0,0,0,0,0.31838038067023,0,0.356882912627721,0,0.265758381648497,0.295634197337287,0.220784834566991,0.234160587191582,0
0.285872280597687,0,0.217923839256549,0,0,0,0.195242854952812,0,0.236519941687584,0,0,0,0,0,0,0,0,0,0.261866298317909,0,0.176370550024098,0,0,0,0,0,0,0,0,0,0,0,0,0,0,0,0.208981899544597,0,0,0,0.259548541903496,0,0.278742900739114,0,0,0,0.250727298359076,0.253282658755779,0.274946248180726,0.265072107315063,0.253309424013442,0,0.205837884853626,0,0.233427084982395,0,0.290916994214058,0,0.283825755119324,0,0.204755544662476,0,0,0.199700996279716,0,0,0,0,0,0,0,0,0,0.297256499528885,0,0,0,0,0,0.214361631799312,0,0.396022021770477,0.219143378364779,0.285492590495518,0.234797838819561,0,0.245454579591751
0,0.215267106890678,0,0.232181414191065,0,0,0,0,0,0.201521813041634,0,0.232308660234724,0,0,0,0.218747928738594,0,0,0,0.171940274326141,0,0,0,0,0,0,0,0,0,0,0,0,0,0,0,0.213825668891271,0,0,0,0.230572730302811,0,0.281979369097634,0,0,0,0.228678366169333,0,0.286292334397634,0,0.260766125231419,0,0.260334414980745,0,0.237496121363206,0,0.230785247683525,0,0.284134721144652,0,0.321248631266987,0,0.239736326038837,0.232510054340729,0,0,0,0,0,0,0,0,0,0.34596198797226,0,0,0,0,0,0.201497626304626,0,0.343870550394058,0,0.223839858700247,0.286899387836456,0.236989113174087,0,0
0,0,0,0,0.195242854952812,0,0,0,0,0,0,0,0,0,0,0,0,0,0,0,0.169583983719349,0,0,0,0,0,0,0,0,0,0,0,0,0,0,0,0,0,0,0,0,0,0,0,0,0,0,0,0,0,0.175274821765283,0,0.220119890413786,0,0,0,0.159422740340233,0,0,0,0,0,0,0.184421122074127,0,0,0,0,0,0,0,0,0,0,0,0,0,0,0,0,0,0,0,0,0,0,0
0,0,0,0,0,0,0,0,0,0,0,0.218585250899196,0,0.172811560332775,0,0,0,0,0,0.209000734531361,0,0,0,0,0,0,0,0,0,0,0,0,0,0,0,0,0,0,0,0,0,0,0,0,0,0,0,0,0,0,0,0,0,0.232280087280781,0,0,0,0.241662580640085,0,0.207325001270318,0,0,0,0,0,0,0,0,0,0,0,0,0,0,0,0,0,0,0,0,0,0,0,0.1853271946311,0,0,0
0.184932039846336,0,0.158971868727329,0,0.236519941687584,0,0,0,0,0,0,0,0,0,0.180436916649342,0,0.184663628045966,0.17302210861817,0.171055446068446,0,0,0,0,0.178708866238594,0.305928802843821,0.179242625832558,0,0,0,0,0,0,0,0,0,0,0,0,0.272428401346718,0,0.280174046754837,0,0.204309726462645,0,0,0,0.254626519978046,0,0.157861052210941,0,0.235160450064219,0,0,0,0.232093728818068,0,0,0,0,0,0.172872111201286,0,0,0,0,0,0,0.274399204431353,0.188631922006607,0,0,0,0,0.33161923289299,0,0,0,0,0,0.209745034575462,0,0,0.162466765497439,0,0.234318966977298,0,0.195027296741803
0,0.228873906336826,0,0.162543356241215,0,0.201521813041634,0,0,0,0,0,0,0,0,0,0.167632497606739,0.158067046719439,0.184017841972537,0.221426643431187,0,0,0,0,0.285777938685247,0,0,0,0,0,0,0,0,0,0,0,0,0,0.185104366611032,0,0,0,0.235772296786308,0.225725769996643,0,0,0,0,0,0,0.227804920077324,0,0.231129901749747,0,0,0,0.240986556529182,0,0,0,0,0,0.237990234147858,0,0,0,0,0.228706674624796,0,0.22114335471078,0,0,0,0,0,0,0,0,0,0,0,0.206389068138032,0,0.18259001859441,0,0.211443371901458,0,0
0,0,0,0,0,0,0,0,0,0,0,0,0.142660327255726,0,0,0,0,0,0,0,0.138863413670176,0,0,0,0,0,0,0,0,0,0.153257151298663,0,0,0,0,0,0.12552218681032,0,0.185073388896376,0,0,0,0,0,0,0,0,0,0,0,0,0,0,0,0,0,0.230967471300279,0,0,0,0,0,0,0.268315750024011,0,0,0,0,0,0,0,0,0,0.284696599518931,0,0,0,0,0,0.16947202053335,0,0.187088551728622,0.158894372507563,0,0.251712303076472,0,0
0,0,0,0,0,0.232308660234724,0,0.218585250899196,0,0,0,0,0,0.133220349550247,0,0,0,0,0,0.146828792768118,0,0,0,0,0,0,0,0,0,0.197435876837483,0,0,0,0,0,0.127568975090981,0,0.194068164642041,0,0,0,0,0,0,0,0.233476750552654,0,0,0,0,0,0.260470489660899,0,0.252170970973869,0,0,0,0.222953928086688,0,0.154385191202164,0,0,0.165794152693421,0,0,0,0,0,0,0,0,0,0.256802396926408,0,0,0,0,0,0.124522102996707,0,0.244033893410649,0,0.171465658514123,0,0.230611454163279,0,0
0,0,0,0,0,0,0,0,0,0,0.142660327255726,0,0,0,0,0,0,0,0,0,0,0,0,0,0,0,0,0,0,0,0,0,0,0,0,0,0,0,0,0,0,0,0,0,0,0,0,0,0,0,0,0,0,0,0,0,0,0,0.177250618735949,0,0.173669815063477,0,0,0,0,0,0,0,0,0,0,0,0,0,0,0,0,0,0,0,0,0,0,0,0,0,0
0,0,0,0,0,0,0,0.172811560332775,0,0,0,0.133220349550247,0,0,0,0,0,0,0,0,0,0,0,0,0,0,0,0,0,0,0,0,0,0,0,0,0,0,0,0,0,0,0,0,0,0,0,0,0,0,0,0,0,0,0,0,0,0.154773304859797,0,0.246747533028776,0,0,0,0,0,0,0,0,0,0,0,0,0,0,0,0,0,0,0,0,0,0,0.113406084477901,0,0,0,0
0,0,0,0,0,0,0,0,0.180436916649342,0,0,0,0,0,0,0,0,0.200845658779144,0,0,0,0,0,0,0,0,0,0,0,0,0,0,0,0,0,0,0,0,0,0,0,0,0,0,0,0,0,0,0,0,0,0,0,0,0.210482470691204,0,0,0,0,0,0.170026176505619,0,0,0,0,0,0,0,0,0,0,0,0,0,0,0,0,0,0,0,0,0,0,0,0,0,0
0,0,0,0,0,0.218747928738594,0,0,0,0.167632497606739,0,0,0,0,0,0,0.152518941887787,0.160178263623246,0,0,0,0,0,0,0,0.126851093769073,0,0.126576945185661,0,0,0,0,0,0,0,0,0,0,0,0,0,0,0,0,0,0,0,0,0,0,0,0,0,0,0,0.144419406851133,0,0,0,0,0,0.137171037495136,0,0,0,0,0,0,0,0,0,0,0,0,0,0,0,0,0,0,0,0,0.139842264067668,0,0,0,0
0.294314652681351,0,0.276272840797901,0,0,0,0,0,0.184663628045966,0.158067046719439,0,0,0,0,0,0.152518941887787,0,0.171092869282798,0.291142288970138,0,0,0,0.108028699457645,0.170369303944506,0.183067905890989,0.151436944267359,0.151867488760557,0,0,0,0,0,0,0,0,0.335569471120834,0.321513757109642,0,0,0.293532142584974,0.306274846087407,0.261695924274465,0.265674292757937,0.29474726319313,0.285000786185265,0.283187618622413,0.302015661605095,0,0,0,0,0,0,0,0.19648339599371,0,0.342604011297226,0,0,0,0.16995929852128,0.169236723865782,0.298145614564419,0.299666062781685,0,0.141979962587357,0.185794340712684,0.160354524850845,0.178200245335482,0.163716970236747,0,0,0.286921091377735,0.346570245921612,0,0,0,0,0.331404814792571,0.324222287956857,0.323841317210879,0.340293116685821,0.189218402541471,0.155432675108814,0.298374391402967,0.260645098545972,0.271577797830105
0,0,0.309060335159302,0.27442142367363,0,0,0,0,0.17302210861817,0.184017841972537,0,0,0,0,0.200845658779144,0.160178263623246,0.171092869282798,0,0.261895935491125,0,0,0.163868175311522,0,0.181393894003122,0.166828986128856,0.14824559001401,0.136931805147065,0.148129000368281,0,0,0,0,0,0,0,0.363027974963188,0.307699710130692,0,0,0.300902718997965,0.293790812180801,0.277463538262459,0.250013903804021,0.275481186234034,0,0.278765634167939,0.287775535256632,0,0,0,0,0,0,0,0,0,0,0.327767908573151,0,0,0,0.16507369302439,0.294184935944421,0.297418095999294,0.161077270905177,0.149487754330039,0.192524811831014,0,0.166646745578949,0.151512067764997,0.13696027665653,0,0.313166237125794,0.325014758110046,0,0,0,0,0.334017677502217,0.314322583736425,0.351756950076535,0.322641490575145,0.175195654540846,0.171337034877228,0.302003496528968,0.278453257614679,0.247042380739003
0.307282220775431,0.2745048503081,0.262298801115581,0.287192389369011,0.261866298317909,0,0,0,0.171055446068446,0.221426643431187,0,0,0,0,0,0,0.291142288970138,0.261895935491125,0,0,0,0,0,0.233204403471562,0.247633817521009,0.2041406727889,0.225474432110786,0,0,0,0,0,0,0,0,0.38943478718717,0.373519302669324,0,0,0.369685160945542,0.343042412541466,0.278892027534196,0.249463693476432,0.34088562299194,0.461132997656888,0.348394064502005,0.383765587592079,0,0.279085710644722,0.377825031677882,0,0,0,0,0.291446834802628,0,0.406685088519697,0.390320897102356,0,0,0.252033054828644,0,0.332593956603691,0.352621994912624,0,0,0.242963790893555,0,0.201179723441601,0.224583874146144,0.366914421319962,0,0.371347112645363,0.391725139107023,0,0,0,0,0.392031304960065,0.384826495663936,0.410311740298529,0.392111214622379,0.245951791276756,0.270677395164967,0.367791528077803,0.275208808203957,0.265624555225305
0,0,0,0,0,0.171940274326141,0,0.209000734531361,0,0,0,0.146828792768118,0,0,0,0,0,0,0,0,0,0,0,0,0,0,0,0,0,0,0,0,0,0,0,0.171087904256724,0,0.163027139461559,0,0,0,0.319012343883514,0,0,0,0.305611968040466,0,0,0,0,0,0.229194483533502,0,0.21529740691185,0,0,0,0.228299456003767,0,0,0,0,0.245474454711695,0,0,0,0,0,0,0,0,0,0.313643068659539,0,0,0,0,0,0.225848441301709,0,0.280636491110692,0,0.157598826620314,0,0.238668207241141,0,0
0,0,0,0,0.176370550024098,0,0.169583983719349,0,0,0,0.138863413670176,0,0,0,0,0,0,0,0,0,0,0,0,0,0,0,0,0,0,0,0,0,0,0,0,0,0.171857054260644,0,0.179087395071983,0,0,0,0,0,0,0,0.347391366958618,0,0,0,0.185479332602793,0,0.180623228351275,0,0,0,0.211126334262344,0,0,0,0,0,0,0.223694174050787,0,0,0,0,0,0,0,0,0,0,0,0,0,0,0,0.261398988529808,0,0.260330719516632,0.179147805486407,0,0.315462172031403,0,0
0,0,0,0,0,0,0,0,0,0,0,0,0,0,0,0,0,0.163868175311522,0,0,0,0,0.145159599761809,0.325465021211886,0,0.123044066131115,0,0.144347520737812,0,0,0,0,0,0,0,0,0,0.242780555024703,0,0,0,0,0,0,0,0,0,0.345567638533456,0,0.306001929520386,0,0,0,0,0,0,0,0.372310847043991,0,0,0,0,0,0,0.220838357185925,0,0.292981840936201,0,0.267462015151978,0,0.35711430858224,0,0,0,0,0,0,0,0,0,0.286105694077291,0,0.131469984015951,0.124046939824309,0.378058959543705,0,0
0,0,0,0,0,0,0,0,0,0,0,0,0,0,0,0,0.108028699457645,0,0,0,0,0.145159599761809,0,0,0.184495560824871,0,0.146697573755917,0,0.122475250916822,0,0,0,0,0,0,0,0,0,0.25335993959258,0,0,0,0,0,0,0,0,0,0.315013639716541,0,0,0,0,0,0,0,0,0,0,0,0,0,0,0,0,0.183442651653643,0,0.153802963986731,0,0,0,0.184675707668066,0,0,0,0,0,0,0,0,0,0.246438258886337,0.0927437227861635,0,0.346294665336609,0,0
0,0.267404429614544,0,0,0,0,0,0,0.178708866238594,0.285777938685247,0,0,0,0,0,0,0.170369303944506,0.181393894003122,0.233204403471562,0,0,0.325465021211886,0,0,0.146654188632965,0.164903119206429,0,0,0,0,0,0,0,0,0,0,0,0.277629893345218,0,0.3289675116539,0.275359064340591,0.247940242290497,0.198197722434998,0.294400990009308,0,0.267088443040848,0.282661199569702,0,0,0.290020422553116,0,0,0,0,0,0.308176434264993,0,0,0,0,0,0.258185595273972,0,0,0.298024993999438,0,0.229180434335106,0,0.224820803193485,0,0.358950465917587,0,0.352503567934036,0.30951726436615,0,0,0,0,0.386176019906998,0,0.295368826081013,0.281173154711723,0.154849696154277,0,0.324673204011815,0.285446733236313,0.226977989077568
0,0,0,0,0,0,0,0,0.305928802843821,0,0,0,0,0,0,0,0.183067905890989,0.166828986128856,0.247633817521009,0,0,0,0.184495560824871,0.146654188632965,0,0.149323850870132,0.162548616528511,0,0,0,0,0,0,0,0,0,0,0,0.164358021007419,0,0,0,0.222400046885014,0,0,0,0.301356434822083,0,0.311461865901947,0,0,0,0,0,0.365391726123876,0,0,0,0,0,0,0,0,0,0,0.212712004780769,0,0.249754271882387,0,0,0,0,0,0,0,0,0,0,0,0,0,0.15547639196902,0.168386454091353,0,0.268516903061692,0,0
0,0,0,0,0,0,0,0,0.179242625832558,0,0,0,0,0,0,0.126851093769073,0.151436944267359,0.14824559001401,0.2041406727889,0,0,0.123044066131115,0,0.164903119206429,0.149323850870132,0,0,0.130532817407088,0,0,0,0,0,0,0,0,0,0,0,0.317610144615173,0,0.260713428258896,0,0,0,0,0.286745697259903,0,0,0,0,0,0,0,0,0,0,0,0,0,0,0.1278131082654,0,0,0,0,0,0,0.13653812469805,0.129618443548679,0.13542997588714,0,0,0,0,0,0,0,0.377826035022736,0.254928395152092,0.342415422201157,0,0.135700971254131,0,0.288369707763195,0.286733835935593,0
0,0,0,0,0,0,0,0,0,0,0,0,0,0,0,0,0.151867488760557,0.136931805147065,0.225474432110786,0,0,0,0.146697573755917,0,0.162548616528511,0,0,0,0,0,0,0,0,0,0,0,0,0,0,0,0,0,0,0,0,0,0,0,0,0,0,0,0,0,0,0,0,0,0,0,0,0,0,0,0,0,0,0.181039899587631,0,0,0,0,0,0,0,0,0,0,0,0,0,0,0.145445779897273,0,0,0,0
0,0,0,0,0,0,0,0,0,0,0,0,0,0,0,0.126576945185661,0,0.148129000368281,0,0,0,0.144347520737812,0,0,0,0.130532817407088,0,0,0,0.129267694056034,0,0,0,0,0,0,0,0.133026772737503,0,0,0,0,0,0,0,0,0,0,0,0,0,0,0,0,0,0,0,0,0,0,0,0,0,0,0.14829541772604,0,0,0,0,0,0.190833063288168,0,0,0,0,0,0,0,0,0,0.173368960618973,0,0.147238298608926,0,0,0,0
0,0,0,0,0,0,0,0,0,0,0,0,0,0,0,0,0,0,0,0,0,0,0.122475250916822,0,0,0,0,0,0,0,0,0,0,0,0,0,0,0,0,0,0,0,0,0,0,0,0,0,0,0,0,0,0,0,0,0,0,0,0,0,0,0,0,0,0,0.139465123414993,0,0,0,0,0,0.205952170472708,0,0,0,0,0,0,0,0,0,0.194907690991055,0,0,0,0,0
0,0,0,0,0,0,0,0,0,0,0,0.197435876837483,0,0,0,0,0,0,0,0,0,0,0,0,0,0,0,0.129267694056034,0,0,0,0,0,0,0,0,0,0,0,0,0,0,0,0,0,0,0,0,0,0,0,0,0,0,0,0,0,0.243580743670464,0,0,0,0,0,0,0,0,0,0,0,0,0.138836994767189,0,0.228912969244355,0,0,0,0,0,0,0,0,0,0,0,0,0,0
0,0,0,0,0,0,0,0,0,0,0.153257151298663,0,0,0,0,0,0,0,0,0,0,0,0,0,0,0,0,0,0,0,0,0,0,0,0,0,0,0,0.1563476677984,0,0,0,0,0,0,0,0,0,0,0,0,0,0,0,0,0,0.2127567643211,0,0,0,0,0,0,0,0,0,0,0,0,0,0,0,0,0.205638706976292,0,0,0,0,0,0,0,0,0,0,0,0,0
0,0,0,0,0,0,0,0,0,0,0,0,0,0,0,0,0,0,0,0,0,0,0,0,0,0,0,0,0,0,0,0,0.168751501160509,0.218574394782384,0.150994340578715,0.274322683379675,0,0,0,0,0,0,0,0,0,0.311641246080399,0,0.447497555487977,0,0.448552384972572,0,0,0,0,0,0,0,0,0,0,0,0,0,0,0,0,0,0,0,0,0,0,0,0,0.369573843394444,0.17775369708131,0.30331424344331,0,0.449528674421075,0,0,0,0.180517469105762,0,0,0,0
0,0,0,0,0,0,0,0,0,0,0,0,0,0,0,0,0,0,0,0,0,0,0,0,0,0,0,0,0,0,0,0.168751501160509,0,0.149388371035457,0.218614726916127,0,0.167474573397118,0,0,0,0,0,0,0,0,0,0,0.37432398491271,0,0,0,0,0,0,0,0,0,0,0,0,0,0,0,0,0,0,0,0,0,0,0,0,0,0,0.173811206535289,0.34549446611974,0.149718776345253,0.349464197838029,0,0.363756593044211,0,0,0.182471726842114,0,0,0,0
0,0,0,0,0,0,0,0,0,0,0,0,0,0,0,0,0,0,0,0,0,0,0,0,0,0,0,0,0,0,0,0.218574394782384,0.149388371035457,0,0.19760370676103,0.157736403633886,0,0.169092662908413,0,0,0,0,0,0,0,0,0,0.51212008623658,0,0,0,0,0,0,0,0,0,0,0,0,0,0,0,0,0,0,0,0,0,0,0,0,0,0,0.285464299206408,0,0.279607977057876,0.149834729666295,0.260367140800596,0,0,0,0.249977894882274,0,0,0,0
0,0,0,0,0,0,0,0,0,0,0,0,0,0,0,0,0,0,0,0,0,0,0,0,0,0,0,0,0,0,0,0.150994340578715,0.218614726916127,0.19760370676103,0,0,0.181492069065571,0,0.251511763292746,0,0,0,0,0,0,0,0,0.467847303800914,0.723467648029327,0,0,0,0,0,0,0,0,0,0,0,0,0,0,0,0,0,0,0,0,0,0,0,0,0,0,0.315263420216039,0.217315662151033,0.304250127546294,0,0.230927850349436,0,0.382430525926443,0.308805586288334,0,0,0,0
0,0.391037806868553,0,0.261780427768826,0,0.213825668891271,0,0,0,0,0,0.127568975090981,0,0,0,0,0.335569471120834,0.363027974963188,0.38943478718717,0.171087904256724,0,0,0,0,0,0,0,0,0,0,0,0.274322683379675,0,0.157736403633886,0,0,0.153473496082283,0.191869851981867,0,0.354283399879932,0,0.349218744701809,0,0.439571917057037,0,0.240436340231191,0,0.422087258526257,0,0.269759493378492,0,0.210924237966537,0,0,0,0,0,0.213840991258621,0,0,0,0,0.250630171675431,0,0,0,0,0,0,0,0.37141877412796,0,0.342679560184479,0,0.297163630073721,0,0.183043053464703,0,0.244072653731982,0.146933284113841,0.242464190325987,0.345771610736847,0.203627439533352,0.147484621240033,0.256390885078053,0.40520791671215,0.291135787963867
0,0,0.283922851085663,0,0.208981899544597,0,0,0,0,0,0.12552218681032,0,0,0,0,0,0.321513757109642,0.307699710130692,0.373519302669324,0,0.171857054260644,0,0,0,0,0,0,0,0,0,0,0,0.167474573397118,0,0.181492069065571,0.153473496082283,0,0,0.196664624919799,0,0.316898209708078,0.339203000068665,0.334834573846875,0,0.433134108781815,0.282330125570297,0.235159878866582,0.243689633642926,0.265357167824455,0,0.224999896117619,0,0,0,0,0,0.308744221925735,0,0,0,0,0,0,0.216317872422329,0,0,0,0,0,0,0,0,0,0.423735588788986,0,0.178716468234216,0,0.198537465764417,0.170978287855784,0.235711663148943,0,0.249250732838761,0.208993929539629,0.228554298808752,0.230890021062218,0,0.33818005664008
0,0,0,0,0,0,0,0,0,0.185104366611032,0,0.194068164642041,0,0,0,0,0,0,0,0.163027139461559,0,0.242780555024703,0,0.277629893345218,0,0,0,0.133026772737503,0,0,0,0,0,0.169092662908413,0,0.191869851981867,0,0,0.12527962659414,0.287203758955002,0,0.245091069489717,0,0.325289815664291,0,0.315870188176632,0,0.530910126802994,0,0.321740628329708,0,0,0,0,0,0,0,0.242492033932616,0,0,0,0,0.257607439532876,0,0.358274990159695,0,0.372584187558719,0,0.357560191303492,0,0.359597207809036,0,0,0,0,0,0,0,0.268918564446197,0,0.253288562993162,0,0.180195907062858,0,0.328478157666743,0,0
0,0,0,0,0,0,0,0,0.272428401346718,0,0.185073388896376,0,0,0,0,0,0,0,0,0,0.179087395071983,0,0.25335993959258,0,0.164358021007419,0,0,0,0,0,0.1563476677984,0,0,0,0.251511763292746,0,0.196664624919799,0.12527962659414,0,0,0,0,0.218444153666496,0,0,0,0.277575045824051,0.332646229063592,0.491117006443468,0,0,0,0,0,0.35989263455073,0,0.181270348305096,0,0,0,0,0,0,0.231760840010212,0,0.372418508402945,0,0.298086847188239,0,0.351337105035782,0,0,0,0.148217380046844,0,0,0,0.25517223853814,0,0.261644082470528,0.127525615692139,0.270676588408091,0.166666339960743,0.122059220891623,0.344278213523683,0,0
0,0,0,0.259436525404453,0,0.230572730302811,0,0,0,0,0,0,0,0,0,0,0.293532142584974,0.300902718997965,0.369685160945542,0,0,0,0,0.3289675116539,0,0.317610144615173,0,0,0,0,0,0,0,0,0,0.354283399879932,0,0.287203758955002,0,0,0.357642441987991,0.346155113855036,0.251872400442759,0.422844935031164,0,0.301261962456253,0.36023485660553,0.459097868527275,0,0.26553229240889,0,0,0,0,0,0.252980768680573,0,0.279191255569458,0,0,0,0,0.291075139051729,0,0,0,0,0,0,0,0.337223142385483,0,0.311146950048785,0,0.474844306707382,0.561440050601959,0,0,0.307018286767867,0.402938187122345,0.27324407921447,0,0.351066923261758,0.344073370099068,0.32681842180165,0.363327899317947,0.301975473761559
0,0,0.275345255113855,0,0.259548541903496,0,0,0,0.280174046754837,0,0,0,0,0,0,0,0.306274846087407,0.293790812180801,0.343042412541466,0,0,0,0,0.275359064340591,0,0,0,0,0,0,0,0,0,0,0,0,0.316898209708078,0,0,0.357642441987991,0,0.295578922216709,0.302631736631845,0,0.569320562813017,0.313551286856333,0.304644123972189,0.260570034384727,0.299417228864537,0.299200981855392,0.254008889198303,0,0,0,0.285402178764343,0,0.300913745876063,0,0.291181266307831,0,0.25836373368899,0,0,0.265196024140686,0,0,0,0,0.32420089840889,0,0,0,0,0.314387456646987,0,0.570916140780729,0,0,0.38632532954216,0.296751750613329,0.333059281110764,0.295392359235535,0.302091615289215,0.297924233271795,0.305286127868516,0,0.376402599374195
0,0.296012880850811,0,0.284054321468686,0,0.281979369097634,0,0,0,0.235772296786308,0,0,0,0,0,0,0.261695924274465,0.277463538262459,0.278892027534196,0.319012343883514,0,0,0,0.247940242290497,0,0.260713428258896,0,0,0,0,0,0,0,0,0,0.349218744701809,0.339203000068665,0.245091069489717,0,0.346155113855036,0.295578922216709,0,0.253109394495978,0.268595855627487,0,0.304507615820375,0.280066392251423,0.438983823738846,0.375195950269699,0.361680688672916,0,0.275666207075119,0,0,0,0,0,0.341221353604932,0,0.292425955335299,0,0,0.342542409080349,0.30937959253788,0,0,0,0,0.221115946769714,0,0.377900794688902,0,0.346716679306075,0.302424103021622,0,0,0,0,0.34535217998685,0.315746755762534,0.389157282413168,0.319861883918444,0.296143367999946,0.358762795946239,0.3321919073621,0.281954908819151,0.267850927180714
0.322322147760061,0,0.289206555661033,0,0.278742900739114,0,0,0,0.204309726462645,0.225725769996643,0,0,0,0,0,0,0.265674292757937,0.250013903804021,0.249463693476432,0,0,0,0,0.198197722434998,0.222400046885014,0,0,0,0,0,0,0,0,0,0,0,0.334834573846875,0,0.218444153666496,0.251872400442759,0.302631736631845,0.253109394495978,0,0,0.398197829723358,0.278583582490683,0.312794138687281,0.496246499892993,0.387351817891209,0.391755918661753,0.31027681628863,0,0,0,0.25680410861969,0,0.363392755273701,0,0.272223100066185,0,0.265980571508408,0,0,0.327723496315772,0,0,0,0,0,0,0,0,0.332057446241379,0.387602959548571,0,0,0,0,0.336149191483855,0.327760133224563,0.301284960725091,0.376154878003479,0.290043440979062,0.330438437399926,0.335775390201946,0.226709339767694,0.284486427183471
0,0.394733309745789,0,0.263656109571457,0,0,0,0,0,0,0,0,0,0,0,0,0.29474726319313,0.275481186234034,0.34088562299194,0,0,0,0,0.294400990009308,0,0,0,0,0,0,0,0,0,0,0,0.439571917057037,0,0.325289815664291,0,0.422844935031164,0,0.268595855627487,0,0,0,0.359820410609245,0,0,0,0,0,0,0,0,0,0,0,0.395796984434128,0,0,0,0,0.361499230066935,0,0,0,0,0,0,0,0.388566866517067,0,0.458481204959582,0,0,0,0,0,0.486849893442532,0.280471071600914,0.556818337471627,0,0.281147525492889,0,0.374632450815749,0.322916830127889,0
0,0,0,0,0,0,0,0,0,0,0,0,0,0,0,0,0.285000786185265,0,0.461132997656888,0,0,0,0,0,0,0,0,0,0,0,0,0,0,0,0,0,0.433134108781815,0,0,0,0.569320562813017,0,0.398197829723358,0,0,0,0.316899216175079,0,0,0,0,0,0,0,0,0,0.465363420546055,0,0,0,0,0,0,0,0,0,0,0,0,0,0,0,0,0.485870626568794,0,0,0,0,0,0.525247315168381,0,0.556326614885495,0.483870267868042,0,0.497455852918136,0,0.252281993627548
0,0.327687405727126,0,0.247907273576293,0,0.228678366169333,0,0,0,0,0,0.233476750552654,0,0,0,0,0.283187618622413,0.278765634167939,0.348394064502005,0.305611968040466,0,0,0,0.267088443040848,0,0,0,0,0,0,0,0.311641246080399,0,0,0,0.240436340231191,0.282330125570297,0.315870188176632,0,0.301261962456253,0.313551286856333,0.304507615820375,0.278583582490683,0.359820410609245,0,0,0.306138465801875,0.294079805612564,0,0.256738672731444,0,0.257881142199039,0,0,0,0,0,0.285059332114751,0,0,0,0,0.294676263658243,0,0,0,0,0,0,0,0.371022527771337,0,0.326737736517124,0,0,0,0,0,0.290770659332123,0.263269806901614,0.334493701827318,0.281895816326141,0.329632836907913,0.378325360385995,0.289224386531175,0.300850357747439,0.281161859631538
0,0,0.254589303660749,0,0.250727298359076,0,0,0,0.254626519978046,0,0,0,0,0,0,0,0.302015661605095,0.287775535256632,0.383765587592079,0,0.347391366958618,0,0,0.282661199569702,0.301356434822083,0.286745697259903,0,0,0,0,0,0,0,0,0,0,0.235159878866582,0,0.277575045824051,0.36023485660553,0.304644123972189,0.280066392251423,0.312794138687281,0,0.316899216175079,0.306138465801875,0,0.266383787989616,0.301360479622915,0.30390790104866,0.243692070245743,0,0,0,0,0,0.301837282298609,0,0.257652585705121,0,0.22889032959938,0,0,0.295696926387874,0,0,0,0,0,0,0,0,0,0.339683209510544,0,0,0,0,0.348085808753967,0.29423401202281,0.378692403435707,0.33833063545752,0.339130373666057,0.317402015289953,0.343340535706677,0.309324964880943,0.295375569927983
0,0.368938341736794,0.273691867788633,0.302743405103683,0.253282658755779,0.286292334397634,0,0,0,0,0,0,0,0,0,0,0,0,0,0,0,0.345567638533456,0,0,0,0,0,0,0,0,0,0.447497555487977,0.37432398491271,0.51212008623658,0.467847303800914,0.422087258526257,0.243689633642926,0.530910126802994,0.332646229063592,0.459097868527275,0.260570034384727,0.438983823738846,0.496246499892993,0,0,0.294079805612564,0.266383787989616,0,0.476496588190397,0.416958895052516,0.284813821315765,0,0,0,0,0,0.286983778079351,0,0,0,0,0,0.245686784386635,0,0.364922739828334,0.366494977160504,0,0,0,0,0.331811279058456,0,0.319620663469488,0.303882777690887,0.488456642654596,0.527311695959071,0.456444172514394,0.531076842851201,0.389190114816045,0.440409295144961,0.408797460725371,0.412722875469032,0.515041756327134,0.290107503533363,0.540120620430372,0,0.322089433670044
0.167719279439233,0,0.280384957518207,0,0.274946248180726,0,0,0,0.157861052210941,0,0,0,0,0,0,0,0,0,0.279085710644722,0,0,0,0.315013639716541,0,0.311461865901947,0,0,0,0,0,0,0,0,0,0.723467648029327,0,0.265357167824455,0,0.491117006443468,0,0.299417228864537,0.375195950269699,0.387351817891209,0,0,0,0.301360479622915,0.476496588190397,0,0.292422658902533,0.271688830852509,0,0,0,0.226561502299526,0,0.323345970894609,0,0.25228100163596,0,0.253922355175018,0,0,0.32264504475253,0,0.396206927392975,0,0.346162105235161,0,0.30133125787636,0,0.338104201289875,0,0.341700099969423,0,0.347586173564196,0.490411847829819,0.402888283133507,0,0.301625949157748,0,0.374327630189512,0.364099585303129,0.316822181089541,0.344215352401114,0,0.385773541835638
0,0.193638089389905,0.291008761950902,0.211124073333886,0.265072107315063,0.260766125231419,0,0,0,0.227804920077324,0,0,0,0,0,0,0,0,0.377825031677882,0,0,0.306001929520386,0,0.290020422553116,0,0,0,0,0,0,0,0.448552384972572,0,0,0,0.269759493378492,0,0.321740628329708,0,0.26553229240889,0.299200981855392,0.361680688672916,0.391755918661753,0,0,0.256738672731444,0.30390790104866,0.416958895052516,0.292422658902533,0,0,0.261243817565793,0,0,0,0.242773824036121,0,0.352550068768588,0,0.27375681574146,0,0.253007191878099,0.312962431460619,0,0.342166460414485,0,0.31435374539454,0,0.325326131811986,0,0.371814228321465,0,0.327543978109833,0.395338475704193,0.326683133840561,0,0.263765931129456,0,0.293790245958065,0.302448481321335,0.346202726878087,0.390584617853165,0.342825791566339,0.320040434598923,0.332175786317721,0.310371547937393,0
0,0,0.224110087639881,0,0.253309424013442,0,0.175274821765283,0,0.235160450064219,0,0,0,0,0,0,0,0,0,0,0,0.185479332602793,0,0,0,0,0,0,0,0,0,0,0,0,0,0,0,0.224999896117619,0,0,0,0.254008889198303,0,0.31027681628863,0,0,0,0.243692070245743,0.284813821315765,0.271688830852509,0,0,0,0.2137377957503,0,0.203037250704236,0,0.306045969458003,0,0.295460663131765,0,0.227033885792621,0,0,0.253738748264455,0,0,0,0,0,0,0,0,0,0.316898509860039,0,0,0,0,0,0.242964556251747,0,0,0.219483223557472,0.213157370686531,0.280204420452604,0,0
0,0.233625515418894,0,0.273177140046165,0,0.260334414980745,0,0,0,0.231129901749747,0,0.260470489660899,0,0,0,0,0,0,0,0.229194483533502,0,0,0,0,0,0,0,0,0,0,0,0,0,0,0,0.210924237966537,0,0,0,0,0,0.275666207075119,0,0,0,0.257881142199039,0,0,0,0.261243817565793,0,0,0,0.250068995005944,0,0.25289912075818,0,0.294299601232761,0,0.299906553885948,0,0.267097117838107,0.253789268560329,0,0,0,0,0,0,0,0.321516563495,0,0.319053941965103,0,0,0,0,0,0.265953943133354,0,0.338354140520096,0,0.177187822404362,0,0.278696705368245,0,0
0,0,0,0,0.205837884853626,0,0.220119890413786,0,0,0,0,0,0,0,0,0,0,0,0,0,0.180623228351275,0,0,0,0,0,0,0,0,0,0,0,0,0,0,0,0,0,0,0,0,0,0,0,0,0,0,0,0,0,0.2137377957503,0,0,0,0,0,0,0,0,0,0,0,0,0.172200508415699,0,0,0,0,0,0,0,0,0,0,0,0,0,0,0,0,0,0,0,0,0,0,0
0,0,0,0,0,0.237496121363206,0,0.232280087280781,0,0,0,0.252170970973869,0,0,0,0,0,0,0,0.21529740691185,0,0,0,0,0,0,0,0,0,0,0,0,0,0,0,0,0,0,0,0,0,0,0,0,0,0,0,0,0,0,0,0.250068995005944,0,0,0,0,0,0.256798285096693,0,0.204939533163,0,0,0.235220144192378,0,0,0,0,0,0,0,0,0,0,0,0,0,0,0,0,0,0,0,0,0,0.268199013038115,0,0
0.244680847891997,0,0.200381634926254,0,0.233427084982395,0,0,0,0.232093728818068,0,0,0,0,0,0.210482470691204,0,0.19648339599371,0,0.291446834802628,0,0,0,0,0,0.365391726123876,0,0,0,0,0,0,0,0,0,0,0,0,0,0.35989263455073,0,0.285402178764343,0,0.25680410861969,0,0,0,0,0,0.226561502299526,0,0.203037250704236,0,0,0,0,0,0.341351330280304,0,0,0,0.2084305766556,0,0,0,0,0,0,0.346053879027085,0,0.206906703966004,0,0,0,0,0,0,0,0,0,0.266834042966366,0,0,0.230393635805207,0,0.293677851908347,0,0
0,0.232196092688838,0,0.226320144922837,0,0.230785247683525,0,0,0,0.240986556529182,0,0,0,0,0,0.144419406851133,0,0,0,0,0,0,0,0.308176434264993,0,0,0,0,0,0,0,0,0,0,0,0,0,0,0,0.252980768680573,0,0,0,0,0,0,0,0,0,0.242773824036121,0,0.25289912075818,0,0,0,0,0,0,0,0,0,0.230222296829407,0,0,0,0,0.28015583295976,0,0.269474620097562,0,0,0,0,0,0,0,0,0,0,0,0,0,0.193466290831566,0,0.27401743584969,0,0
0,0,0.303107664345981,0,0.290916994214058,0,0.159422740340233,0,0,0,0.230967471300279,0,0,0,0,0,0.342604011297226,0,0.406685088519697,0,0.211126334262344,0,0,0,0,0,0,0,0,0,0.2127567643211,0,0,0,0,0,0.308744221925735,0,0.181270348305096,0,0.300913745876063,0,0.363392755273701,0,0.465363420546055,0,0.301837282298609,0.286983778079351,0.323345970894609,0,0.306045969458003,0,0,0,0.341351330280304,0,0,0,0.292885132366791,0,0.25799761818988,0,0,0.320122367284251,0,0,0,0,0,0,0,0.364209302618534,0,0.346063385976935,0,0,0,0,0,0.298010520063914,0,0.337042431192548,0.303726770459337,0.379741360743841,0.332319049687501,0,0.38691045237439
0,0.383564651012421,0,0.267314795579296,0,0.284134721144652,0,0.241662580640085,0,0,0,0.222953928086688,0,0.154773304859797,0,0,0,0.327767908573151,0.390320897102356,0.228299456003767,0,0.372310847043991,0,0,0,0,0,0,0,0.243580743670464,0,0,0,0,0,0.213840991258621,0,0.242492033932616,0,0.279191255569458,0,0.341221353604932,0,0.395796984434128,0,0.285059332114751,0,0,0,0.352550068768588,0,0.294299601232761,0,0.256798285096693,0,0,0,0,0,0.304422505611291,0,0.262687534928322,0.344797978618321,0,0,0,0.421609610319138,0,0.441266189018885,0,0.404696868677345,0,0.319706485476438,0,0,0,0,0,0.311494861330305,0,0.33070137715521,0,0.208678650056444,0.368104243820364,0.318441212438151,0.340073844965766,0
0,0,0.250914967530652,0,0.283825755119324,0,0,0,0,0,0,0,0.177250618735949,0,0,0,0,0,0,0,0,0,0,0,0,0,0,0,0,0,0,0,0,0,0,0,0,0,0,0,0.291181266307831,0,0.272223100066185,0,0,0,0.257652585705121,0,0.25228100163596,0,0.295460663131765,0,0,0,0,0,0.292885132366791,0,0,0,0.220022794327989,0,0,0,0,0,0,0,0,0,0,0,0,0,0,0,0,0,0,0.227702990174294,0,0,0.230721279978752,0,0.259231029606577,0,0
0,0,0,0.278526907535018,0,0.321248631266987,0,0.207325001270318,0,0,0,0.154385191202164,0,0.246747533028776,0,0,0,0,0,0,0,0,0,0,0,0,0,0,0,0,0,0,0,0,0,0,0,0,0,0,0,0.292425955335299,0,0,0,0,0,0,0,0.27375681574146,0,0.299906553885948,0,0.204939533163,0,0,0,0.304422505611291,0,0,0,0.237438959678014,0,0,0,0,0.412845551967621,0,0,0,0.453744784707115,0,0.32492912028517,0,0,0,0,0,0,0,0.344922512769699,0,0,0,0.288018156588078,0.290505349636078,0
0.216193556446921,0,0.237586155861289,0,0.204755544662476,0,0,0,0.172872111201286,0,0,0,0.173669815063477,0,0.170026176505619,0,0.16995929852128,0,0.252033054828644,0,0,0,0,0,0,0,0,0,0,0,0,0,0,0,0,0,0,0,0,0,0.25836373368899,0,0.265980571508408,0,0,0,0.22889032959938,0,0.253922355175018,0,0.227033885792621,0,0,0,0.2084305766556,0,0.25799761818988,0,0.220022794327989,0,0,0,0,0,0,0,0,0,0,0.213290538787842,0,0,0,0.332286556561788,0,0,0,0,0,0,0,0,0.27750501036644,0,0.248830791030611,0,0
0,0.276721967932056,0,0.258762802964165,0,0.239736326038837,0,0,0,0.237990234147858,0,0,0,0,0,0.137171037495136,0.169236723865782,0.16507369302439,0,0,0,0,0,0.258185595273972,0,0.1278131082654,0,0,0,0,0,0,0,0,0,0,0,0,0,0,0,0,0,0,0,0,0,0,0,0.253007191878099,0,0.267097117838107,0,0,0,0.230222296829407,0,0.262687534928322,0,0.237438959678014,0,0,0,0,0,0,0.259620064116539,0,0.195066496729851,0,0,0,0,0,0,0,0,0,0,0.305026978254318,0,0,0.13102249622345,0,0.275682118203905,0,0
0,0,0,0.291897386312485,0,0.232510054340729,0,0,0,0,0,0.165794152693421,0,0,0,0,0.298145614564419,0.294184935944421,0.332593956603691,0.245474454711695,0,0,0,0,0,0,0,0,0,0,0,0,0,0,0,0.250630171675431,0,0.257607439532876,0,0.291075139051729,0,0.342542409080349,0,0.361499230066935,0,0.294676263658243,0,0.245686784386635,0,0.312962431460619,0,0.253789268560329,0,0.235220144192378,0,0,0,0.344797978618321,0,0,0,0,0,0,0,0,0,0,0,0,0.395772847776645,0,0.368728367887427,0,0,0,0,0,0.291911154496364,0,0.363933540066793,0,0.278920718708209,0.296102941036224,0.332266286886294,0.319749161601067,0
0,0,0.294168531894684,0,0.199700996279716,0,0.184421122074127,0,0,0,0.268315750024011,0,0,0,0,0,0.299666062781685,0.297418095999294,0.352621994912624,0,0.223694174050787,0,0,0,0,0,0,0,0,0,0,0,0,0,0,0,0.216317872422329,0,0.231760840010212,0,0.265196024140686,0.30937959253788,0.327723496315772,0,0,0,0.295696926387874,0,0.32264504475253,0,0.253738748264455,0,0.172200508415699,0,0,0,0.320122367284251,0,0,0,0,0,0,0,0,0,0,0,0,0,0,0.352222889661789,0,0.357199485456594,0,0,0,0,0.319893077015877,0.295187942162101,0,0.335710839158579,0.306858585526546,0.297171476483345,0.344640780226366,0.321882262825966,0.345394226637754
0,0,0,0,0,0,0,0,0,0,0,0,0,0,0,0,0,0.161077270905177,0,0,0,0.220838357185925,0,0.298024993999438,0,0,0,0.14829541772604,0,0,0,0,0,0,0,0,0,0.358274990159695,0,0,0,0,0,0,0,0,0,0.364922739828334,0,0.342166460414485,0,0,0,0,0,0,0,0,0,0,0,0,0,0,0,0,0.254659808817364,0,0.234144739414516,0,0.330865393782598,0,0,0,0,0,0,0,0,0,0.320198775843032,0,0.183203046609248,0.12236352371318,0.454282160848379,0,0
0,0,0,0,0,0,0,0,0,0,0,0,0,0,0,0,0.141979962587357,0.149487754330039,0,0,0,0,0.183442651653643,0,0.212712004780769,0,0,0,0.139465123414993,0,0,0,0,0,0,0,0,0,0.372418508402945,0,0,0,0,0,0,0,0,0.366494977160504,0.396206927392975,0,0,0,0,0,0,0,0,0,0,0,0,0,0,0,0,0,0,0.217495568847471,0,0.287397847431047,0,0.363850688233095,0,0,0,0,0,0,0,0,0,0.330385428875656,0.135033518075943,0,0.359775954279406,0,0
0,0.270492775211657,0,0,0,0,0,0,0,0.228706674624796,0,0,0,0,0,0,0.185794340712684,0.192524811831014,0.242963790893555,0,0,0.292981840936201,0,0.229180434335106,0,0,0,0,0,0,0,0,0,0,0,0,0,0.372584187558719,0,0,0,0,0,0,0,0,0,0,0,0.31435374539454,0,0,0,0,0,0.28015583295976,0,0.421609610319138,0,0.412845551967621,0,0.259620064116539,0,0,0.254659808817364,0,0,0,0.258781306914094,0,0.395370062547071,0,0,0,0,0,0,0,0,0,0.332891343621647,0,0.154642717077814,0,0.323985811591763,0,0
0,0,0,0,0,0,0,0,0.274399204431353,0,0,0,0,0,0,0,0.160354524850845,0,0,0,0,0,0.153802963986731,0,0.249754271882387,0,0.181039899587631,0,0,0,0,0,0,0,0,0,0,0,0.298086847188239,0,0,0,0,0,0,0,0,0,0.346162105235161,0,0,0,0,0,0.346053879027085,0,0,0,0,0,0,0,0,0,0,0.217495568847471,0,0,0,0.293088602669099,0,0.382690845287009,0,0,0,0,0,0,0,0,0,0.322126499404108,0.159050852060318,0,0.31719926344055,0,0
0,0,0,0,0,0,0,0,0.188631922006607,0.22114335471078,0,0,0,0,0,0,0.178200245335482,0.166646745578949,0.201179723441601,0,0,0.267462015151978,0,0.224820803193485,0,0.13653812469805,0,0,0,0,0,0,0,0,0,0,0,0.357560191303492,0,0,0.32420089840889,0.221115946769714,0,0,0,0,0,0,0,0.325326131811986,0,0,0,0,0,0.269474620097562,0,0.441266189018885,0,0,0,0.195066496729851,0,0,0.234144739414516,0,0.258781306914094,0,0,0.139415755867958,0.322396478317143,0,0,0,0,0,0,0,0,0,0.338557511568069,0.285624980926514,0.144027178120964,0,0.229263297987707,0.259197920560837,0
0,0,0,0,0,0,0,0,0,0,0,0,0,0,0,0,0.163716970236747,0.151512067764997,0.224583874146144,0,0,0,0,0,0,0.129618443548679,0,0,0,0,0,0,0,0,0,0,0,0,0.351337105035782,0,0,0,0,0,0,0,0,0,0.30133125787636,0,0,0,0,0,0.206906703966004,0,0,0,0,0,0.213290538787842,0,0,0,0,0.287397847431047,0,0.293088602669099,0.139415755867958,0,0,0.349767304815267,0,0,0,0,0,0,0,0,0,0,0.150172660748164,0,0.257499351489301,0,0
0,0.350775753458341,0,0.329412631013177,0,0,0,0,0,0,0,0,0,0,0,0,0,0.13696027665653,0.366914421319962,0,0,0.35711430858224,0,0.358950465917587,0,0.13542997588714,0,0.190833063288168,0,0.138836994767189,0,0,0,0,0,0.37141877412796,0,0.359597207809036,0,0.337223142385483,0,0.377900794688902,0,0.388566866517067,0,0.371022527771337,0,0.331811279058456,0,0.371814228321465,0,0.321516563495,0,0,0,0,0,0.404696868677345,0,0.453744784707115,0,0,0.395772847776645,0,0.330865393782598,0,0.395370062547071,0,0.322396478317143,0,0,0,0.375253270496115,0,0,0,0,0,0.33206689953804,0,0.29447610713823,0,0.303069517800682,0.400018528103828,0.380976346613978,0.394973092845508,0
0,0,0,0,0,0,0,0,0,0,0,0,0,0,0,0,0,0,0,0,0,0,0.184675707668066,0,0,0,0,0,0.205952170472708,0,0,0,0,0,0,0,0,0,0,0,0,0,0,0,0,0,0,0,0.338104201289875,0,0,0,0,0,0,0,0.364209302618534,0,0,0,0,0,0,0.352222889661789,0,0.363850688233095,0,0.382690845287009,0,0.349767304815267,0,0,0,0.366517109345205,0,0,0,0,0,0,0,0.283539177702126,0,0,0.438754191994667,0,0
0,0.311967849731445,0,0.329139206748809,0,0.34596198797226,0,0,0,0,0,0.256802396926408,0,0,0,0,0.286921091377735,0.313166237125794,0.371347112645363,0.313643068659539,0,0,0,0.352503567934036,0,0,0,0,0,0.228912969244355,0,0,0,0,0,0.342679560184479,0,0,0,0.311146950048785,0,0.346716679306075,0.332057446241379,0.458481204959582,0,0.326737736517124,0,0.319620663469488,0,0.327543978109833,0,0.319053941965103,0,0,0,0,0,0.319706485476438,0,0.32492912028517,0,0,0.368728367887427,0,0,0,0,0,0,0,0.375253270496115,0,0,0,0,0,0,0,0.31673755675308,0.30708946287632,0.3489044015668,0,0.383294825796532,0.398775985607734,0.37214268823024,0.392408724435989,0
0.432212859392166,0,0.353657262855106,0,0.297256499528885,0,0,0,0.33161923289299,0,0.284696599518931,0,0,0,0,0,0.346570245921612,0.325014758110046,0.391725139107023,0,0,0,0,0.30951726436615,0,0,0,0,0,0,0.205638706976292,0,0,0,0,0,0.423735588788986,0,0.148217380046844,0,0.314387456646987,0.302424103021622,0.387602959548571,0,0.485870626568794,0,0.339683209510544,0.303882777690887,0.341700099969423,0.395338475704193,0.316898509860039,0,0,0,0,0,0.346063385976935,0,0,0,0.332286556561788,0,0,0.357199485456594,0,0,0,0,0,0,0,0.366517109345205,0,0,0,0,0,0,0.332295387983322,0.320087944808072,0,0.328162173286546,0.37207348376024,0.404210549592972,0.40400086879243,0,0.416402421431777
0,0,0,0,0,0,0,0,0,0,0,0,0,0,0,0,0,0,0,0,0,0,0,0,0,0,0,0,0,0,0,0.369573843394444,0.173811206535289,0.285464299206408,0,0.297163630073721,0,0,0,0.474844306707382,0,0,0,0,0,0,0,0.488456642654596,0,0.326683133840561,0,0,0,0,0,0,0,0,0,0,0,0,0,0,0,0,0,0,0,0,0,0,0,0,0,0.22116235031022,0.311539805664048,0,0.296095492257628,0,0,0,0.210523166700646,0,0,0,0
0,0,0,0,0,0,0,0,0,0,0,0,0,0,0,0,0,0,0,0,0,0,0,0,0,0,0,0,0,0,0,0.17775369708131,0.34549446611974,0,0.315263420216039,0,0.178716468234216,0,0,0.561440050601959,0.570916140780729,0,0,0,0,0,0,0.527311695959071,0.347586173564196,0,0,0,0,0,0,0,0,0,0,0,0,0,0,0,0,0,0,0,0,0,0,0,0,0,0.22116235031022,0,0,0.317053664276997,0,0.242116844918154,0,0,0.275220064913006,0,0,0,0
0,0,0,0,0,0,0,0,0,0,0,0,0,0,0,0,0,0,0,0,0,0,0,0,0,0,0,0,0,0,0,0.30331424344331,0.149718776345253,0.279607977057876,0.217315662151033,0.183043053464703,0,0,0,0,0,0,0,0,0,0,0,0.456444172514394,0.490411847829819,0.263765931129456,0,0,0,0,0,0,0,0,0,0,0,0,0,0,0,0,0,0,0,0,0,0,0,0,0.311539805664048,0,0,0.429599863918204,0.323603232937687,0,0.284077426869964,0,0.299888407655537,0,0,0,0
0,0,0,0,0,0,0,0,0,0,0,0,0,0,0,0,0,0,0,0,0,0,0,0,0,0,0,0,0,0,0,0,0.349464197838029,0.149834729666295,0.304250127546294,0,0.198537465764417,0,0.25517223853814,0,0,0,0,0,0,0,0,0.531076842851201,0.402888283133507,0,0,0,0,0,0,0,0,0,0,0,0,0,0,0,0,0,0,0,0,0,0,0,0,0,0,0.317053664276997,0.429599863918204,0,0,0.259346209158865,0,0.308541431744722,0.329182821062376,0,0,0,0
0,0.374013575461676,0,0.31838038067023,0,0.201497626304626,0,0,0,0,0,0.124522102996707,0,0,0,0,0.331404814792571,0.334017677502217,0.392031304960065,0.225848441301709,0,0,0,0.386176019906998,0,0.377826035022736,0,0,0,0,0,0.449528674421075,0,0.260367140800596,0,0.244072653731982,0.170978287855784,0.268918564446197,0,0.307018286767867,0.38632532954216,0.34535217998685,0.336149191483855,0.486849893442532,0,0.290770659332123,0.348085808753967,0.389190114816045,0,0.293790245958065,0,0.265953943133354,0,0,0,0,0,0.311494861330305,0,0,0,0,0.291911154496364,0.319893077015877,0,0,0,0,0,0,0.33206689953804,0,0.31673755675308,0.332295387983322,0.296095492257628,0,0.323603232937687,0,0,0.375015388760302,0.297417060879959,0.377920255064964,0.292228738068286,0.233826746232808,0.360221595348338,0.419952511787415,0.333664391721998
