0,0,7.81590654880186,0,14.7691049575806,0,0,0,5.63025813351075,0,28.4352760314941,0,11.8048877716064,0,8.90295534133911,0,13.1558036804199,0,8.63618097064041,0,0,0,0,0,0,0,0,0,0,0,35.9692058563232,0,0,0,0,0,0,0,47.541766166687,0,62.1847229003906,0,25.0622192415698,0,14.7149319648743,0,17.26127526474,0,7.43516005213196,0,18.1440982818604,0,0,0,5.82380057750955,0,29.2693344116211,0,17.6630474726359,0,6.30965552904776,0,0,24.9021398370916,0,0,0,0,0,3.53393971920013,0,0,0,35.5075819047831,0,0,0,0,0,41.3932459129477,0,41.0749213926254,9.58271904378632,12.8818063735962,21.4369737585386,0,23.2807197570801
0,0,0,6.70899353288624,0,0,0,0,0,4.39819556269152,0,0,0,0,0,4.13821037610372,0,0,0,0,0,0,0,0,0,0,0,0,0,0,0,0,0,0,0,0,0,0,0,0,0,13.4564088450538,0,0,0,0,0,0,0,4.89038376916539,0,0,0,0,0,3.99721606935208,0,0,0,7.44707918167114,0,6.80812556612982,0,0,0,0,0,0,0,0,0,0,0,0,0,0,0,0,0,0,0,0,14.9060552670405,0,8.28678128878276,0,0
7.81590654880186,0,0,0,5.03578978154197,0,0,0,3.87859666702595,0,34.3037219047546,0,0,0,0,0,0,0,25.9695432662964,0,0,0,0,0,0,0,0,0,0,0,37.6814350552029,0,0,0,0,0,17.5964580774307,0,49.232705493306,0,58.0947660025904,0,27.8539100473112,0,0,0,17.1966902393362,0,17.8390831372153,0,3.56954500284688,0,0,0,3.69191318955915,0,18.6555564228226,0,22.6896218061447,0,4.11452649578904,0,0,30.8222619836981,0,0,0,0,0,0,0,37.0786415735881,0,35.9283312292047,0,0,0,0,0,46.8756795883179,0,44.2971618927277,14.1129284816489,0,20.8836979153725,0,24.7690519756741
0,6.70899353288624,0,0,0,6.12125005346635,0,0,0,4.87037270719355,0,4.42338991165161,0,0,0,6.0208432674408,0,0,0,0,0,0,0,0,0,0,0,0,0,0,0,0,0,0,0,6.74021752675374,0,0,0,0,0,18.8886653900146,0,0,0,12.8569286891392,0,0,0,5.8229788695414,0,6.11987148114105,0,14.9214649200439,0,5.19242039227595,0,6.19516442913607,0,7.59248222410679,0,5.47899646881299,10.9312507629395,0,0,0,0,0,0,0,0,0,0,0,0,0,0,0,8.88243325551351,0,0,0,8.086784730888,11.252479063498,7.15749033708223,0,0
14.7691049575806,0,5.03578978154197,0,0,0,5.7489233105271,0,3.85987546277601,0,9.17888975143433,0,0,0,5.28122574632818,0,0,0,0,0,5.32349638075154,0,0,0,0,0,0,0,0,0,0,0,0,0,0,0,4.06027763540095,0,53.340892791748,0,0,0,36.6653022766113,0,0,0,0,0,0,0,3.41420884565874,0,3.42009295887417,0,3.27252513786842,0,15.291011428833,0,7.09977488517761,0,3.66944596767426,0,0,7.13307339543999,0,0,0,0,0,0,0,0,0,39.9003105163574,0,0,0,0,0,0,0,41.7313995361328,4.14001332985144,5.0057982673832,4.69425508204628,0,0
0,0,0,6.12125005346635,0,0,0,4.14810939457106,0,3.63444742361705,0,6.15764958517892,0,0,0,3.26878892868123,0,0,0,5.32605427526078,0,0,0,0,0,0,0,0,0,0,0,0,0,0,0,8.15163358052572,0,0,0,0,0,0,0,0,0,0,0,0,0,0,0,4.37177382318425,0,0,0,4.62337064743042,0,5.74390965055775,0,5.84601067727612,0,3.11916014126369,7.5870585286099,0,0,0,0,0,0,0,0,0,0,0,0,0,0,0,12.3726134300232,0,0,0,5.48004484662237,10.0722755119205,5.98507119608777,0,0
0,0,0,0,5.7489233105271,0,0,0,0,0,16.5127817259894,0,7.26732311529272,0,0,0,0,0,0,0,4.43801702660924,0,0,0,0,0,0,0,0,0,0,0,0,0,0,0,0,0,0,0,0,0,0,0,0,0,0,0,0,0,2.84662753343582,0,3.35191899904326,0,0,0,7.63946095108986,0,5.70614074071248,0,0,0,0,14.3359849822353,0,0,0,0,0,0,0,0,0,38.1733356822621,0,0,0,0,0,0,0,0,3.79410400875745,3.83827824159102,10.0083926663254,0,0
0,0,0,0,0,4.14810939457106,0,0,0,0,0,6.96292536075299,0,2.88944760958354,0,0,0,0,0,3.79991513987382,0,0,0,0,0,0,0,0,0,0,0,0,0,0,0,3.05730952234829,0,0,0,0,0,0,0,0,0,0,0,0,0,0,0,3.39386554559072,0,3.3593505126674,0,0,0,4.17446202390334,0,2.88452691891614,0,0,0,0,0,0,0,0,0,0,0,0,0,0,0,0,0,0,0,0,0,0,3.86956664855222,0,0,0,0
5.63025813351075,0,3.87859666702595,0,3.85987546277601,0,0,0,0,0,34.8134765625,0,0,0,5.40770630766018,0,4.87533049920687,0,12.4523320869335,0,0,0,0,0,3.19089212020238,0,0,0,0,0,0,0,0,0,0,0,0,0,4.79684588313103,0,72.5606994628906,0,21.2983514308929,0,0,0,20.8090545535088,0,5.34991515334696,0,3.2897230386734,0,0,0,4.86431061756666,0,28.4474649429321,0,35.4685694376628,0,5.41116167704264,0,0,25.0057182312012,0,0,0,3.6549579832289,0,0,0,37.7696990966797,0,35.6481918334961,0,0,0,0,0,44.2486629486084,0,43.6064305986677,7.58944522480388,9.65763278575759,7.95683577355374,0,0
0,4.39819556269152,0,4.87037270719355,0,3.63444742361705,0,0,0,0,0,0,0,0,0,6.0498268412955,0,4.23331344127655,0,0,0,0,0,5.39695168038209,0,0,0,0,0,0,0,0,0,0,0,0,0,6.28671047422621,0,0,0,7.72229604721069,0,0,0,0,0,16.0695114443379,0,10.8075753847758,0,10.1014270782471,0,0,0,5.86594775640047,0,6.60764813423157,0,0,0,6.8653125166893,0,0,0,0,4.51275223493576,0,0,0,0,0,0,0,0,0,0,0,8.56031735738119,0,7.11290267535618,0,6.1558049117351,7.13929810040239,5.85148343585786,6.42112195491791,0
28.4352760314941,0,34.3037219047546,0,9.17888975143433,0,16.5127817259894,0,34.8134765625,0,0,0,4.63008888607675,0,0,0,0,0,35.7423716651069,0,4.44953539768855,0,0,0,0,0,0,0,0,0,4.39136125644048,0,0,0,0,0,4.26426063265119,0,3.74461237748709,0,27.4598455429077,0,21.13715333205,0,0,0,34.5396512349447,0,0,0,0,0,24.8662209590276,0,0,0,8.05221444901789,0,3.89942210008198,0,0,0,0,19.042026439911,0,0,0,0,0,0,0,4.59453361374991,0,12.9650149778886,0,0,0,0,0,5.95937125733558,0,5.67134750084799,6.08327341734708,6.24093914031982,18.8944378852844,0,0
0,0,0,4.42338991165161,0,6.15764958517892,0,6.96292536075299,0,0,0,0,0,3.1564882103826,0,0,0,0,0,3.5989303175996,0,0,0,0,0,0,0,2.97895330887336,0,3.94501660929786,0,0,0,0,0,3.37335402965546,0,3.68583020607237,0,0,0,0,0,0,0,0,0,0,0,0,0,4.33151161670685,0,2.89039166768392,0,5.43475770950317,0,3.82252534548442,0,3.50047898075797,0,0,4.06760189533234,0,0,0,0,0,0,0,3.65075868368149,0,3.84450954198837,0,0,0,0,0,4.05779874324799,0,4.78766301403875,0,3.57272640726081,4.66773164272308,3.66155161355671,0,0
11.8048877716064,0,0,0,0,0,7.26732311529272,0,0,0,4.63008888607675,0,0,0,3.48652595281601,0,0,0,0,0,0,0,0,0,0,0,0,0,3.48055383353166,0,0,0,0,0,0,0,0,0,0,0,0,0,0,0,0,0,0,0,12.4977338188573,0,0,0,6.76442545466125,0,0,0,5.36846012227675,0,3.61545890875526,0,10.5777425016676,0,0,22.1536693572998,0,0,0,0,0,0,0,4.35860698830848,0,0,0,0,0,0,0,0,0,0,4.6264961140672,3.86272843011887,0,0,0
0,0,0,0,0,0,0,2.88944760958354,0,0,0,3.1564882103826,0,0,0,3.73098693262552,0,4.17486033439636,0,0,0,0,0,0,0,0,0,3.5134659355337,0,0,0,0,0,0,0,0,0,0,0,0,0,0,0,0,0,0,0,0,0,3.85234626134237,0,0,0,3.30077052116394,0,0,0,3.74255233916683,0,4.18175477490341,0,3.83325624465942,0,0,0,0,0,0,0,0,2.94901896631995,0,0,0,0,0,0,0,0,0,0,0,4.37245748642676,4.28292670060581,0,0,0
8.90295534133911,0,0,0,5.28122574632818,0,0,0,5.40770630766018,0,0,0,3.48652595281601,0,0,0,5.22358964562416,0,0,0,0,0,0,0,0,0,0,0,0,0,0,0,0,0,0,0,0,0,0,0,0,0,0,0,0,0,0,0,8.97120149646487,0,3.70576522085402,0,0,0,5.65944046917416,0,10.5138336181641,0,4.11340548681176,0,5.32631976448386,0,0,0,0,0,0,0,0,0,0,0,0,0,0,0,0,0,0,0,0,0,5.88477810101631,7.51673891691312,0,0,0
0,4.13821037610372,0,6.0208432674408,0,3.26878892868123,0,0,0,6.0498268412955,0,0,0,3.73098693262552,0,0,0,4.65283249708322,0,0,0,0,0,0,0,0,0,0,0,0,0,0,0,0,0,0,0,0,0,0,0,0,0,0,0,0,0,0,0,11.5829566319784,0,6.15226045468958,0,0,0,4.74096628794303,0,0,0,3.77308750152588,0,4.2036879876652,0,0,0,0,0,0,0,0,0,0,0,0,0,0,0,0,0,0,0,0,4.83677155014816,5.32601349684927,0,0,0
13.1558036804199,0,0,0,0,0,0,0,4.87533049920687,0,0,0,0,0,5.22358964562416,0,0,7.87136057867497,7.56233388883083,0,0,14.9768426985968,5.74109398438172,0,5.63220919956818,0,4.30518466592082,0,4.78946161897559,0,0,0,0,0,0,0,0,0,0,0,0,0,14.0845108032227,0,0,0,23.6918930053711,0,0,0,0,0,0,0,4.46512532991076,0,0,0,0,0,4.60444385339232,0,0,0,21.1776881217957,5.63068021138509,0,4.75765852133433,0,4.69666822674205,0,5.2774832377067,0,0,0,0,0,0,0,0,0,0,6.16954603443786,8.74836100548643,6.58717288970947,0,26.8517971038818
0,0,0,0,0,0,0,0,0,4.23331344127655,0,0,0,4.17486033439636,0,4.65283249708322,7.87136057867497,0,6.15421399866112,0,0,10.3804553045657,0,4.15988099697939,9.44553009299345,6.36499056603227,0,3.12320278553253,0,0,0,0,0,0,0,0,0,0,0,0,0,0,0,0,0,0,0,0,0,0,0,0,0,0,0,3.98820276353873,0,0,0,0,0,4.29530589921134,0,0,11.7644072667687,0,0,13.3211803436279,5.05774728875411,0,0,0,0,0,0,0,0,0,0,0,0,0,5.54772881805573,6.23000546128537,0,0,0
8.63618097064041,0,25.9695432662964,0,0,0,0,0,12.4523320869335,0,35.7423716651069,0,0,0,0,0,7.56233388883083,6.15421399866112,0,0,0,0,0,0,0,0,0,0,48.7102317810059,0,30.4088973999023,0,0,0,0,0,50.3632583618164,0,47.1073818206787,0,62.5870873587472,11.8469891843543,9.31462777049791,4.39092620869273,6.83323469999674,0,18.3201362650766,0,24.7617548920892,0,0,0,0,0,0,0,33.2173825177279,0,50.0940284729004,0,0,0,0,21.8481132984161,0,0,0,0,0,0,0,49.3091278076172,20.9426490783691,35.6451621055603,0,0,0,0,0,40.4101713646783,0,41.9023272138123,6.10547143706758,6.19484722614288,11.4912783593799,10.9102048328945,13.0833393633366
0,0,0,0,0,5.32605427526078,0,3.79991513987382,0,0,0,3.5989303175996,0,0,0,0,0,0,0,0,0,0,0,0,0,0,0,0,0,0,0,0,0,0,0,3.78086150048492,0,3.37361674863587,0,0,0,0,0,0,0,12.2423715591431,0,0,0,0,0,7.53453064140152,0,4.43293489071361,0,0,0,4.87972862277916,0,0,0,0,3.58475063536404,0,0,0,0,0,0,0,0,0,0,0,0,0,0,0,4.46856473177527,0,5.0477796792984,0,3.85992036211318,0,4.5181107941128,0,0
0,0,0,0,5.32349638075154,0,4.43801702660924,0,0,0,4.44953539768855,0,0,0,0,0,0,0,0,0,0,0,0,0,0,0,0,0,0,0,0,0,0,0,0,0,4.35422068279843,0,11.663517832756,0,0,0,0,0,0,0,26.1274633407593,0,0,0,8.34712366104126,0,7.94345743430627,0,0,0,12.4390281041463,0,0,0,0,0,0,5.16719412870154,0,0,0,0,0,0,0,0,0,19.3856477737427,0,0,0,0,0,6.88340608582777,0,26.2391890883446,4.27160326686837,0,4.49480883971505,0,0
0,0,0,0,0,0,0,0,0,0,0,0,0,0,0,0,14.9768426985968,10.3804553045657,0,0,0,0,2.75343656539917,3.45481766353954,0,3.66894629001617,0,2.87430189637577,0,0,0,0,0,0,0,0,0,3.88353571209271,0,0,0,0,0,0,0,0,0,0,0,0,0,0,0,0,0,0,0,0,0,0,0,0,0,0,3.44403730926475,0,4.86509102582932,0,6.6082081688775,0,0,0,0,0,0,0,0,0,0,0,3.66598562460679,0,3.64183619185561,3.23072770062615,0,0,0
0,0,0,0,0,0,0,0,0,0,0,0,0,0,0,0,5.74109398438172,0,0,0,0,2.75343656539917,0,0,3.65907086480048,0,5.87985160675916,0,0,0,0,0,0,0,0,0,0,0,2.97186388546907,0,0,0,0,0,0,0,0,0,7.10595207855481,0,0,0,0,0,0,0,0,0,0,0,0,0,0,0,0,4.44388367094066,0,3.32605668067932,0,7.9686615592555,0,0,0,0,0,0,0,0,0,0,0,8.31171260939704,4.65935022168689,6.36613837436393,22.8015327453613,0,0
0,0,0,0,0,0,0,0,0,5.39695168038209,0,0,0,0,0,0,0,4.15988099697939,0,0,0,3.45481766353954,0,0,0,3.79171748594804,0,0,0,0,0,0,0,0,0,0,0,4.528004476482,0,0,0,0,0,0,0,0,0,13.483231977983,0,0,0,0,0,0,0,4.49019669402729,0,0,0,0,0,0,0,0,0,0,4.87172619589083,0,5.09499540371178,0,0,0,0,0,0,0,0,0,0,0,5.61353276135397,0,5.7442105200216,0,9.23069306629807,0,0
0,0,0,0,0,0,0,0,3.19089212020238,0,0,0,0,0,0,0,5.63220919956818,9.44553009299345,0,0,0,0,3.65907086480048,0,0,0,4.47083197848898,0,0,0,0,0,0,0,0,0,0,0,2.87487705548604,0,0,0,0,0,0,0,0,0,3.79867541790009,0,0,0,0,0,3.39318543214064,0,0,0,0,0,0,0,0,0,0,2.9553120136261,0,3.92994793658982,0,3.90520624304006,0,0,0,0,0,0,0,0,0,0,0,11.5799012184143,6.17324058376431,0,4.98026847839355,0,0
0,0,0,0,0,0,0,0,0,0,0,0,0,0,0,0,0,6.36499056603227,0,0,0,3.66894629001617,0,3.79171748594804,0,0,0,0,0,0,0,0,0,0,0,0,0,0,0,0,0,0,0,0,0,0,0,0,0,0,0,0,0,0,0,0,0,0,0,0,0,0,0,0,0,0,3.92026659420558,0,6.72685562239753,0,0,0,0,0,0,0,0,0,0,0,0,0,6.36556389596727,0,0,0,0
0,0,0,0,0,0,0,0,0,0,0,0,0,0,0,0,4.30518466592082,0,0,0,0,0,5.87985160675916,0,4.47083197848898,0,0,0,3.25573550782553,0,0,0,0,0,0,0,0,0,0,0,0,0,0,0,0,0,0,0,0,0,0,0,0,0,0,0,0,0,0,0,0,0,0,0,0,2.73319244384766,0,4.22860884666443,0,3.255529183343,0,2.96069034663114,0,0,0,0,0,0,0,0,0,0,3.97290724933013,0,0,0,0
0,0,0,0,0,0,0,0,0,0,0,2.97895330887336,0,3.5134659355337,0,0,0,3.12320278553253,0,0,0,2.87430189637577,0,0,0,0,0,0,0,2.94290292440955,0,0,0,0,0,0,0,0,0,0,0,0,0,0,0,0,0,0,0,0,0,0,0,0,0,0,0,3.54810629392925,0,3.68004524006563,0,0,0,0,3.07507126946603,0,0,0,2.82493797215548,0,3.03558586241211,0,0,0,0,0,0,0,0,0,0,0,3.95049447149135,3.8970167739417,0,0,0
0,0,0,0,0,0,0,0,0,0,0,0,3.48055383353166,0,0,0,4.78946161897559,0,48.7102317810059,0,0,0,0,0,0,0,3.25573550782553,0,0,0,0,0,0,0,0,0,0,0,0,0,0,0,0,0,0,0,37.7708282470703,0,0,0,0,0,0,0,0,0,0,0,5.3988911726258,0,0,0,0,32.6189565658569,0,9.26809531992132,0,0,0,3.4370182800293,0,4.63611902458391,0,5.8000975388747,0,0,0,0,0,0,0,0,4.80183412269027,3.92143307713901,0,0,0
0,0,0,0,0,0,0,0,0,0,0,3.94501660929786,0,0,0,0,0,0,0,0,0,0,0,0,0,0,0,2.94290292440955,0,0,0,0,0,0,0,0,0,3.81777978170289,0,0,0,0,0,0,0,0,0,0,0,0,0,0,0,0,0,0,0,3.18746396769648,0,0,0,0,0,0,0,0,0,0,0,0,4.0015621156345,0,3.43991991493962,0,0,0,0,0,0,0,4.04517472535372,0,4.31459885239601,4.86619234085083,0,0,0
35.9692058563232,0,37.6814350552029,0,0,0,0,0,0,0,4.39136125644048,0,0,0,0,0,0,0,30.4088973999023,0,0,0,0,0,0,0,0,0,0,0,0,0,0,0,0,0,0,0,3.331875248909,0,0,0,26.4018083299909,0,0,0,36.8866243864361,0,0,0,0,0,30.1751098632812,0,0,0,24.1940355300903,0,0,0,0,0,0,26.0992059133139,0,0,0,0,0,0,0,0,0,2.9855396548907,0,0,0,0,0,63.8078498840332,0,5.60565617505242,32.5632290840149,0,32.5473514284406,0,0
0,0,0,0,0,0,0,0,0,0,0,0,0,0,0,0,0,0,0,0,0,0,0,0,0,0,0,0,0,0,0,0,6.06609780951233,0,0,3.55872211772829,6.26180020184584,0,0,0,0,0,0,0,0,0,0,4.89401851972856,0,0,0,0,0,0,0,0,0,0,0,0,0,0,0,0,0,0,0,0,0,0,0,0,0,0,4.12047732100645,10.3223729877715,0,0,7.13669723533449,12.9484881718953,0,0,4.17110499086834,0,0,0,0
0,0,0,0,0,0,0,0,0,0,0,0,0,0,0,0,0,0,0,0,0,0,0,0,0,0,0,0,0,0,0,6.06609780951233,0,0,5.65815705557664,3.74575014286731,4.26756050656824,0,0,0,0,0,0,0,0,0,0,8.19540176575664,0,12.7213428701673,0,0,0,0,0,0,0,0,0,0,0,0,0,0,0,0,0,0,0,0,0,0,0,0,7.62311452693165,5.47635726647146,0,5.7242449792765,14.5332294367672,7.39798280498356,0,0,3.91494059562683,0,0,0,0
0,0,0,0,0,0,0,0,0,0,0,0,0,0,0,0,0,0,0,0,0,0,0,0,0,0,0,0,0,0,0,0,0,0,3.66678945618387,3.53489131241842,0,4.8218698860651,0,0,0,0,0,0,0,0,0,6.8419537183566,15.7448842083056,10.0631163208573,0,0,0,0,0,0,0,0,0,0,0,0,0,0,0,0,0,0,0,0,0,0,0,0,0,0,4.52488443476326,3.54640029907227,3.29098831775577,0,5.07441381025456,22.2355762057834,4.44255041568837,0,0,0,0
0,0,0,0,0,0,0,0,0,0,0,0,0,0,0,0,0,0,0,0,0,0,0,0,0,0,0,0,0,0,0,0,5.65815705557664,3.66678945618387,0,0,3.40849642648906,0,11.9051924586296,0,0,0,0,0,0,0,0,5.99056378047286,4.11587577774411,0,0,0,0,0,0,0,0,0,0,0,0,0,0,0,0,0,0,0,0,0,0,0,0,0,0,7.70612574409653,3.37538948655128,4.39577324276879,0,4.17539428919554,0,9.33907027352494,2.88730219577221,2.95416956477695,0,0,0
0,0,0,6.74021752675374,0,8.15163358052572,0,3.05730952234829,0,0,0,3.37335402965546,0,0,0,0,0,0,0,3.78086150048492,0,0,0,0,0,0,0,0,0,0,0,3.55872211772829,3.74575014286731,3.53489131241842,0,0,4.28371778927028,4.14274311956596,4.92594873905182,8.44019412994385,0,0,0,0,0,3.68338392762577,0,4.69457524583874,0,0,0,0,0,0,0,0,0,3.24220953385035,0,0,0,0,4.90307272835896,0,0,0,0,0,0,0,0,0,0,0,4.38541312540992,6.51824474334717,4.06999320484871,0,4.64472011380546,4.70719733102651,6.02632523107966,0,5.79947782572561,8.13070451442282,6.10854009219578,0,0
0,0,17.5964580774307,0,4.06027763540095,0,0,0,0,0,4.26426063265119,0,0,0,0,0,0,0,50.3632583618164,0,4.35422068279843,0,0,0,0,0,0,0,0,0,0,6.26180020184584,4.26756050656824,0,3.40849642648906,4.28371778927028,0,4.80771746238073,4.30506099145286,0,4.34591897328695,0,0,0,0,0,11.3133100544114,4.28179440920866,5.52742160067839,0,0,0,0,0,0,0,0,0,0,0,0,0,0,12.6313577825076,0,0,0,0,0,0,0,0,0,67.8702850341797,5.99589798823897,7.47520701658158,0,4.13855391078525,6.5704073957257,5.03210258219293,0,5.04616327783955,4.56705976148657,4.72115952880294,7.17899176748059,0,0
0,0,0,0,0,0,0,0,0,6.28671047422621,0,3.68583020607237,0,0,0,0,0,0,0,3.37361674863587,0,3.88353571209271,0,4.528004476482,0,0,0,0,0,3.81777978170289,0,0,0,4.8218698860651,0,4.14274311956596,4.80771746238073,0,3.59418333144415,0,0,19.7211594581604,0,0,0,0,0,7.238152881148,16.980366812812,6.80966926263478,0,0,0,0,0,11.8072253811744,0,3.92850156616969,0,0,0,0,3.29327798274256,0,2.96896827011778,0,5.4543975857855,0,0,0,0,0,5.73271136470588,0,0,0,2.94465930121286,2.95246982574463,6.88133743680383,0,4.58593500931555,3.26584160327911,4.51423222525645,4.43295379748216,4.7608303156766,12.8149833679199,0
47.541766166687,0,49.232705493306,0,53.340892791748,0,0,0,4.79684588313103,0,3.74461237748709,0,0,0,0,0,0,0,47.1073818206787,0,11.663517832756,0,2.97186388546907,0,2.87487705548604,0,0,0,0,0,3.331875248909,0,0,0,11.9051924586296,4.92594873905182,4.30506099145286,3.59418333144415,0,0,23.8246726989746,0,33.7991514205933,0,0,0,30.8162391124628,7.26798700392246,11.8469236092395,0,0,0,46.6737365722656,0,0,0,23.0209669741717,0,51.9570388793945,0,0,0,0,16.4481797727566,0,26.6888156370683,0,4.25093056505377,0,0,0,0,0,8.89623052451261,0,0,0,12.2055104607243,0,7.55904784285894,0,4.50599343685159,4.40522282567098,4.06665556345667,11.420574831891,0,0
0,0,0,0,0,0,0,0,0,0,0,0,0,0,0,0,0,0,0,0,0,0,0,0,0,0,0,0,0,0,0,0,0,0,0,8.44019412994385,0,0,0,0,0,12.5662101503316,0,0,0,5.61961710973423,0,4.83750841021538,0,10.7189163203551,0,0,0,0,0,0,0,0,0,0,0,0,5.6665266711449,0,0,0,0,0,0,0,0,0,0,0,0,0,0,0,5.64818026267767,0,0,0,18.9957424163818,0,6.51702785191953,12.7377982139587,0
62.1847229003906,0,58.0947660025904,0,0,0,0,0,72.5606994628906,0,27.4598455429077,0,0,0,0,0,0,0,62.5870873587472,0,0,0,0,0,0,0,0,0,0,0,0,0,0,0,0,0,4.34591897328695,0,23.8246726989746,0,0,0,30.1941081393849,0,0,0,4.53884237673548,0,6.0762194129424,0,0,0,0,0,0,0,38.5460651397705,0,57.898560939691,0,68.0374298095703,0,0,4.54921198088438,0,0,0,0,0,0,0,0,0,32.8229791522026,0,0,0,0,0,7.9022612322554,0,22.5892088272992,62.4198269844055,0,12.7697497896998,0,16.2047157287598
0,13.4564088450538,0,18.8886653900146,0,0,0,0,0,7.72229604721069,0,0,0,0,0,0,0,0,11.8469891843543,0,0,0,0,0,0,0,0,0,0,0,0,0,0,0,0,0,0,19.7211594581604,0,12.5662101503316,0,0,4.92312002435644,4.15413503302741,0,8.07569779828191,0,13.9940121173859,0,10.1878606223581,0,0,0,0,0,0,0,9.8374382019043,0,0,0,0,20.7296698093414,0,0,0,0,0,0,0,0,0,12.1390339153706,0,0,0,0,0,13.733720973134,0,18.6408214569092,0,8.58308893207054,0,7.21085668586711,4.63271829461447,0
25.0622192415698,0,27.8539100473112,0,36.6653022766113,0,0,0,21.2983514308929,0,21.13715333205,0,0,0,0,0,14.0845108032227,0,9.31462777049791,0,0,0,0,0,0,0,0,0,0,0,26.4018083299909,0,0,0,0,0,0,0,33.7991514205933,0,30.1941081393849,4.92312002435644,0,0,4.40538969139258,0,13.4180710595943,0,10.542310124033,0,0,0,0,0,11.888786315918,0,28.4736526655458,0,31.5404821014404,0,29.5930117368698,0,0,28.0550622338647,0,0,0,0,0,0,0,27.0561639997694,0,23.9969663567499,0,0,0,0,0,31.6690053470799,0,30.6662532962364,18.6784768390048,0,12.7069686789919,0,6.2585469393954
0,0,0,0,0,0,0,0,0,0,0,0,0,0,0,0,0,0,4.39092620869273,0,0,0,0,0,0,0,0,0,0,0,0,0,0,0,0,0,0,0,0,0,0,4.15413503302741,0,0,0,3.40515780448914,0,0,0,0,0,0,0,0,0,0,0,0,0,0,0,0,0,0,0,0,0,0,0,0,0,0,0,0,0,0,0,0,0,0,0,0,0,0,3.6376399988179,0,0
14.7149319648743,0,0,0,0,0,0,0,0,0,0,0,0,0,0,0,0,0,6.83323469999674,0,0,0,0,0,0,0,0,0,0,0,0,0,0,0,0,0,0,0,0,0,0,0,4.40538969139258,0,0,0,11.8644429951071,0,0,0,0,0,0,0,0,0,29.82634862264,0,0,0,0,0,0,19.7344126701355,0,0,0,0,0,0,0,0,0,30.1786196231842,0,0,0,0,0,38.3791457728336,0,39.3794740041097,8.30379935869804,0,10.0675506017107,0,3.33111020496913
0,0,0,12.8569286891392,0,0,0,0,0,0,0,0,0,0,0,0,0,0,0,12.2423715591431,0,0,0,0,0,0,0,0,0,0,0,0,0,0,0,3.68338392762577,0,0,0,5.61961710973423,0,8.07569779828191,0,3.40515780448914,0,0,0,0,0,0,0,0,0,0,0,0,0,0,0,0,0,0,4.91427232321486,0,0,0,0,0,0,0,0,0,0,0,0,0,0,0,6.87634771435267,0,0,0,7.62560948904823,0,5.57352504503205,7.14163812001546,0
17.26127526474,0,17.1966902393362,0,0,0,0,0,20.8090545535088,0,34.5396512349447,0,0,0,0,0,23.6918930053711,0,18.3201362650766,0,26.1274633407593,0,0,0,0,0,0,0,37.7708282470703,0,36.8866243864361,0,0,0,0,0,11.3133100544114,0,30.8162391124628,0,4.53884237673548,0,13.4180710595943,0,11.8644429951071,0,0,0,15.3678855895996,0,0,0,0,0,0,0,26.6626520310679,0,19.5717391967773,0,14.9122219085693,0,0,8.1549187890925,0,0,0,0,0,0,0,40.6397247314453,0,36.748644661259,0,0,0,0,0,17.0010436403472,0,27.6630413160042,17.3794956534065,0,11.5131993002896,0,12.9939222335815
0,0,0,0,0,0,0,0,0,16.0695114443379,0,0,0,0,0,0,0,0,0,0,0,0,0,13.483231977983,0,0,0,0,0,0,0,4.89401851972856,8.19540176575664,6.8419537183566,5.99056378047286,4.69457524583874,4.28179440920866,7.238152881148,7.26798700392246,4.83750841021538,0,13.9940121173859,0,0,0,0,0,0,8.86898993265605,9.76768852337859,0,0,0,0,0,15.3721900224686,0,0,0,0,0,0,0,0,0,0,13.8831427848502,0,0,0,0,0,25.3184666266808,0,7.30237403163662,9.65075660361092,5.69997785467851,6.0433143986897,10.5552520040782,7.03825367924258,7.57370462427324,11.425955543886,9.37289314894449,0,4.44315598179533,0,0
7.43516005213196,0,17.8390831372153,0,0,0,0,0,5.34991515334696,0,0,0,12.4977338188573,0,8.97120149646487,0,0,0,24.7617548920892,0,0,0,7.10595207855481,0,3.79867541790009,0,0,0,0,0,0,0,0,15.7448842083056,4.11587577774411,0,5.52742160067839,16.980366812812,11.8469236092395,0,6.0762194129424,0,10.542310124033,0,0,0,15.3678855895996,8.86898993265605,0,16.8415640453647,0,0,0,0,4.34965861782314,0,29.6042160340297,0,18.8397695531127,0,4.99600680501838,0,0,43.5752668380737,0,15.7390026271693,0,12.3691975905977,0,4.51759478024074,0,4.32419061660767,35.0377600987752,31.4044687607709,0,6.78789091110229,20.5617776800085,6.36098740936874,0,7.43522541460238,23.7385452955197,11.562903497596,12.632990940386,0,7.13983677487639,0,0
0,4.89038376916539,0,5.8229788695414,0,0,0,0,0,10.8075753847758,0,0,0,3.85234626134237,0,11.5829566319784,0,0,0,0,0,0,0,0,0,0,0,0,0,0,0,0,12.7213428701673,10.0631163208573,0,0,0,6.80966926263478,0,10.7189163203551,0,10.1878606223581,0,0,0,0,0,9.76768852337859,16.8415640453647,0,0,0,0,0,0,7.81813136863708,0,6.26848015934229,0,6.06219176768031,0,8.20487319622628,0,0,2.86086349189281,0,4.71920570050638,0,4.30585436277752,0,5.1836414675821,0,5.1112873323439,0,0,17.8381585537548,4.91567991909228,22.877010345459,7.82975020066151,19.4543797723178,5.66157838467577,23.5390625762939,8.00915254885062,0,6.55975216299623,16.6782366679265,0
18.1440982818604,0,3.56954500284688,0,3.41420884565874,0,2.84662753343582,0,3.2897230386734,0,0,0,0,0,3.70576522085402,0,0,0,0,0,8.34712366104126,0,0,0,0,0,0,0,0,0,0,0,0,0,0,0,0,0,0,0,0,0,0,0,0,0,0,0,0,0,0,0,4.02746320807416,0,0,0,4.29940537408341,0,3.8216873752229,0,4.75725237662051,0,0,10.1998130235917,0,0,0,0,0,0,0,0,0,0,0,0,0,0,0,0,0,0,3.768129581955,5.1962037303231,6.88982379436493,0,0
0,0,0,6.11987148114105,0,4.37177382318425,0,3.39386554559072,0,10.1014270782471,0,4.33151161670685,0,0,0,6.15226045468958,0,0,0,7.53453064140152,0,0,0,0,0,0,0,0,0,0,0,0,0,0,0,0,0,0,0,0,0,0,0,0,0,0,0,0,0,0,0,0,0,4.00226068955201,0,0,0,4.3088776488504,0,4.71265539858076,0,3.25110477667588,8.03294162838547,0,0,0,0,0,0,0,0,0,0,0,0,0,0,0,8.85839653015137,0,0,0,5.02000547017691,10.2874182292393,5.05787257128542,0,0
0,0,0,0,3.42009295887417,0,3.35191899904326,0,0,0,24.8662209590276,0,6.76442545466125,0,0,0,0,0,0,0,7.94345743430627,0,0,0,0,0,0,0,0,0,30.1751098632812,0,0,0,0,0,0,0,46.6737365722656,0,0,0,0,0,0,0,0,0,0,0,4.02746320807416,0,0,0,0,0,8.28225871520256,0,5.88916999600532,0,0,0,0,15.0701730500704,0,0,0,0,0,0,0,32.3051331837972,0,33.7606972347606,0,0,0,0,0,0,0,44.0161911010742,5.33590177940243,7.15812552493551,12.9237947463989,0,0
0,0,0,14.9214649200439,0,0,0,3.3593505126674,0,0,0,2.89039166768392,0,3.30077052116394,0,0,0,0,0,4.43293489071361,0,0,0,0,0,0,0,0,0,0,0,0,0,0,0,0,0,0,0,0,0,0,0,0,0,0,0,0,0,0,0,4.00226068955201,0,0,0,0,0,6.04016364141381,0,4.00858092308044,0,0,13.2624384967793,0,0,0,0,0,0,0,0,0,0,0,0,0,0,0,0,0,0,0,3.49105976492285,5.49844899773598,15.9642790385655,0,0
5.82380057750955,0,3.69191318955915,0,3.27252513786842,0,0,0,4.86431061756666,0,0,0,0,0,5.65944046917416,0,4.46512532991076,0,0,0,0,0,0,0,3.39318543214064,0,0,0,0,0,0,0,0,0,0,0,0,0,0,0,0,0,11.888786315918,0,0,0,0,0,4.34965861782314,0,0,0,0,0,0,0,0,0,0,0,5.63954169604863,0,0,0,0,0,0,3.72487871376973,0,0,0,0,0,0,0,0,0,0,0,0,0,0,7.09959355397011,9.21068918704987,6.42901277542114,0,0
0,3.99721606935208,0,5.19242039227595,0,4.62337064743042,0,0,0,5.86594775640047,0,5.43475770950317,0,0,0,4.74096628794303,0,3.98820276353873,0,0,0,0,0,4.49019669402729,0,0,0,0,0,0,0,0,0,0,0,0,0,11.8072253811744,0,0,0,0,0,0,0,0,0,15.3721900224686,0,7.81813136863708,0,0,0,0,0,0,0,3.67079424858093,0,0,0,6.63913992933325,0,0,0,0,4.55030895162512,0,0,0,0,0,0,0,0,0,0,0,0,0,9.13548183441162,0,13.5523745140998,0,8.30484741651095,0,0
29.2693344116211,0,18.6555564228226,0,15.291011428833,0,7.63946095108986,0,28.4474649429321,0,8.05221444901789,0,5.36846012227675,0,10.5138336181641,0,0,0,33.2173825177279,0,12.4390281041463,0,0,0,0,0,0,0,0,0,24.1940355300903,0,0,0,0,0,0,0,23.0209669741717,0,38.5460651397705,0,28.4736526655458,0,29.82634862264,0,26.6626520310679,0,29.6042160340297,0,4.29940537408341,0,8.28225871520256,0,0,0,0,0,10.1778150727149,0,9.53445194862984,0,0,15.5607046165576,0,0,0,0,0,0,0,7.02506881649211,0,23.1552997229715,0,0,0,0,0,42.0297775268555,0,32.5319798620124,22.4110312810418,0,16.3574576182739,0,26.226539339338
0,0,0,6.19516442913607,0,5.74390965055775,0,4.17446202390334,0,6.60764813423157,0,3.82252534548442,0,3.74255233916683,0,0,0,0,0,4.87972862277916,0,0,0,0,0,0,0,3.54810629392925,0,3.18746396769648,0,0,0,0,0,3.24220953385035,0,3.92850156616969,0,0,0,9.8374382019043,0,0,0,0,0,0,0,6.26848015934229,0,4.3088776488504,0,6.04016364141381,0,3.67079424858093,0,0,0,4.49784783756032,0,4.83706792195638,6.87711886769529,0,0,0,0,0,7.26149737207513,0,7.80361772619355,0,6.2417418545221,0,0,0,0,0,9.69838619232178,0,6.07059450122132,0,3.95719684298209,12.3490222930908,6.89346439112419,0,0
17.6630474726359,0,22.6896218061447,0,7.09977488517761,0,5.70614074071248,0,35.4685694376628,0,3.89942210008198,0,3.61545890875526,0,4.11340548681176,0,0,0,50.0940284729004,0,0,0,0,0,0,0,0,0,5.3988911726258,0,0,0,0,0,0,0,0,0,51.9570388793945,0,57.898560939691,0,31.5404821014404,0,0,0,19.5717391967773,0,18.8397695531127,0,3.8216873752229,0,5.88916999600532,0,0,0,10.1778150727149,0,0,0,11.0115833120992,0,0,20.0151893413267,0,0,0,0,0,0,0,7.2786789027656,0,33.9783024995223,0,0,0,0,0,0,0,45.8671988351004,4.92335849491361,4.69209206186492,30.7781120104506,0,26.3765439987183
0,7.44707918167114,0,7.59248222410679,0,5.84601067727612,0,2.88452691891614,0,0,0,3.50047898075797,0,4.18175477490341,0,3.77308750152588,0,0,0,0,0,0,0,0,0,0,0,3.68004524006563,0,0,0,0,0,0,0,0,0,0,0,0,0,0,0,0,0,0,0,0,0,6.06219176768031,0,4.71265539858076,0,4.00858092308044,0,0,0,4.49784783756032,0,0,0,4.62493461248826,7.39706230163574,0,0,0,0,0,4.63502544909716,0,6.72572796846152,0,0,0,0,0,0,0,0,0,0,0,4.86937917566076,6.28142018709782,8.90053550020576,0,0
6.30965552904776,0,4.11452649578904,0,3.66944596767426,0,0,0,5.41116167704264,0,0,0,10.5777425016676,0,5.32631976448386,0,4.60444385339232,0,0,0,0,0,0,0,0,0,0,0,0,0,0,0,0,0,0,0,0,0,0,0,68.0374298095703,0,29.5930117368698,0,0,0,14.9122219085693,0,4.99600680501838,0,4.75725237662051,0,0,0,5.63954169604863,0,9.53445194862984,0,11.0115833120992,0,0,0,0,0,0,0,0,0,0,0,0,0,0,39.4162368774414,0,0,0,0,0,0,0,48.9205474853516,5.93023356668877,9.4844858935385,30.9845132827759,0,0
0,6.80812556612982,0,5.47899646881299,0,3.11916014126369,0,0,0,6.8653125166893,0,0,0,3.83325624465942,0,4.2036879876652,0,4.29530589921134,0,0,0,0,0,0,0,0,0,0,0,0,0,0,0,0,0,0,0,0,0,0,0,0,0,0,0,0,0,0,0,8.20487319622628,0,3.25110477667588,0,0,0,6.63913992933325,0,4.83706792195638,0,4.62493461248826,0,0,0,0,0,0,0,0,3.17115484178066,0,3.15855097770691,0,0,0,0,0,0,0,0,0,0,0,4.18689481125695,4.50989755022992,8.99058891745175,0,0
0,0,0,10.9312507629395,0,7.5870585286099,0,0,0,0,0,4.06760189533234,0,0,0,0,0,0,0,3.58475063536404,0,0,0,0,0,0,0,0,0,0,0,0,0,0,0,4.90307272835896,0,3.29327798274256,0,5.6665266711449,0,20.7296698093414,0,0,0,4.91427232321486,0,0,0,0,0,8.03294162838547,0,13.2624384967793,0,0,0,6.87711886769529,0,7.39706230163574,0,0,0,0,0,0,0,0,0,0,0,0,10.8375993042576,0,0,0,0,0,6.29897407748113,0,0,0,3.85957603515919,19.1860160827637,5.62544616146687,0,0
24.9021398370916,0,30.8222619836981,0,7.13307339543999,0,14.3359849822353,0,25.0057182312012,0,19.042026439911,0,22.1536693572998,0,0,0,0,0,21.8481132984161,0,5.16719412870154,0,0,0,0,0,0,0,32.6189565658569,0,26.0992059133139,0,0,0,0,0,12.6313577825076,0,16.4481797727566,0,4.54921198088438,0,28.0550622338647,0,19.7344126701355,0,8.1549187890925,0,43.5752668380737,0,10.1998130235917,0,15.0701730500704,0,0,0,15.5607046165576,0,20.0151893413267,0,0,0,0,0,0,0,0,0,0,0,0,26.4803753460155,0,25.3519509659546,0,0,0,0,0,11.3902971102948,0,27.0234678575115,7.33367656768227,0,9.46762735772841,0,0
0,0,0,0,0,0,0,0,0,0,0,0,0,0,0,0,21.1776881217957,11.7644072667687,0,0,0,3.44403730926475,0,0,0,0,0,3.07507126946603,0,0,0,0,0,0,0,0,0,2.96896827011778,0,0,0,0,0,0,0,0,0,0,0,2.86086349189281,0,0,0,0,0,0,0,0,0,0,0,0,0,0,0,0,4.05714644591014,0,3.03317395846049,0,4.07006852433488,0,0,0,0,0,0,0,0,0,4.23178625106812,0,4.46080165480966,4.00597446305411,0,0,0
0,0,0,0,0,0,0,0,0,0,0,0,0,0,0,0,5.63068021138509,0,0,0,0,0,4.44388367094066,0,2.9553120136261,0,2.73319244384766,0,9.26809531992132,0,0,0,0,0,0,0,0,0,26.6888156370683,0,0,0,0,0,0,0,0,0,15.7390026271693,0,0,0,0,0,0,0,0,0,0,0,0,0,0,0,0,0,0,3.9031672883541,0,9.58232250108988,0,11.9165090047521,0,0,0,0,0,0,0,0,0,26.5833012690911,9.69265353679657,0,21.8670243714985,0,0
0,0,0,0,0,0,0,0,0,4.51275223493576,0,0,0,0,0,0,0,0,0,0,0,4.86509102582932,0,4.87172619589083,0,3.92026659420558,0,0,0,0,0,0,0,0,0,0,0,5.4543975857855,0,0,0,0,0,0,0,0,0,13.8831427848502,0,4.71920570050638,0,0,0,0,0,4.55030895162512,0,0,0,0,0,0,0,0,4.05714644591014,0,0,0,3.90493811330488,0,0,0,0,0,0,0,0,0,0,0,5.52512997083697,0,13.7180146151195,0,7.74410096547937,0,0
0,0,0,0,0,0,0,0,3.6549579832289,0,0,0,0,0,0,0,4.75765852133433,13.3211803436279,0,0,0,0,3.32605668067932,0,3.92994793658982,0,4.22860884666443,0,0,0,0,0,0,0,0,0,0,0,4.25093056505377,0,0,0,0,0,0,0,0,0,12.3691975905977,0,0,0,0,0,3.72487871376973,0,0,0,0,0,0,0,0,0,0,3.9031672883541,0,0,0,4.45416733423869,0,0,0,0,0,0,0,0,0,0,0,24.0379981994629,5.65414445847273,0,18.5837909910414,0,0
0,0,0,0,0,0,0,0,0,0,0,0,0,0,0,0,0,5.05774728875411,0,0,0,6.6082081688775,0,5.09499540371178,0,6.72685562239753,0,2.82493797215548,0,0,0,0,0,0,0,0,0,0,0,0,0,0,0,0,0,0,0,0,0,4.30585436277752,0,0,0,0,0,0,0,7.26149737207513,0,4.63502544909716,0,3.17115484178066,0,0,3.03317395846049,0,3.90493811330488,0,0,0,3.00955866391842,0,0,0,0,0,0,0,0,0,0,0,4.04083960396903,0,0,0,0
3.53393971920013,0,0,0,0,0,0,0,0,0,0,0,0,0,0,0,4.69666822674205,0,0,0,0,0,7.9686615592555,0,3.90520624304006,0,3.255529183343,0,3.4370182800293,0,0,0,0,0,0,0,0,0,0,0,0,0,0,0,0,0,0,0,4.51759478024074,0,0,0,0,0,0,0,0,0,0,0,0,0,0,0,0,9.58232250108988,0,4.45416733423869,0,0,0,5.87989664077759,0,0,0,0,0,0,0,0,0,0,3.34050462225027,0,0,0,0
0,0,0,0,0,0,0,0,0,0,0,3.65075868368149,0,2.94901896631995,0,0,0,0,0,0,0,0,0,0,0,0,0,3.03558586241211,0,4.0015621156345,0,0,0,0,0,0,0,0,0,0,0,0,0,0,0,0,0,0,0,5.1836414675821,0,0,0,0,0,0,0,7.80361772619355,0,6.72572796846152,0,3.15855097770691,0,0,4.07006852433488,0,0,0,3.00955866391842,0,0,0,4.45186954628338,0,0,0,0,0,0,0,3.58472263679076,0,4.4666337909237,7.92503961763884,8.67105248751561,0,0
0,0,37.0786415735881,0,0,0,0,0,37.7696990966797,0,4.59453361374991,0,4.35860698830848,0,0,0,5.2774832377067,0,49.3091278076172,0,0,0,0,0,0,0,2.96069034663114,0,4.63611902458391,0,0,0,0,0,0,0,0,0,0,0,0,0,27.0561639997694,0,0,0,40.6397247314453,0,4.32419061660767,0,0,0,32.3051331837972,0,0,0,7.02506881649211,0,7.2786789027656,0,0,0,0,26.4803753460155,0,11.9165090047521,0,0,0,5.87989664077759,0,0,0,5.50053459892468,0,0,0,0,0,0,0,12.9223492622375,5.90236846255321,3.28027379512787,37.1165376143022,0,0
0,0,0,0,0,0,0,0,0,0,0,3.84450954198837,0,0,0,0,0,0,20.9426490783691,0,0,0,0,0,0,0,0,0,0,3.43991991493962,0,0,0,0,0,0,0,5.73271136470588,0,0,0,12.1390339153706,0,0,0,0,0,25.3184666266808,35.0377600987752,5.1112873323439,0,0,0,0,0,0,0,6.2417418545221,0,0,0,0,10.8375993042576,0,0,0,0,0,0,0,4.45186954628338,0,0,0,0,0,0,0,0,0,5.45151548452623,0,6.45652173865925,0,7.68689107957557,12.7659182768602,0
35.5075819047831,0,35.9283312292047,0,39.9003105163574,0,38.1733356822621,0,35.6481918334961,0,12.9650149778886,0,0,0,0,0,0,0,35.6451621055603,0,19.3856477737427,0,0,0,0,0,0,0,5.8000975388747,0,2.9855396548907,0,0,0,0,0,67.8702850341797,0,8.89623052451261,0,32.8229791522026,0,23.9969663567499,0,30.1786196231842,0,36.748644661259,0,31.4044687607709,0,0,0,33.7606972347606,0,0,0,23.1552997229715,0,33.9783024995223,0,39.4162368774414,0,0,25.3519509659546,0,0,0,0,0,0,0,5.50053459892468,0,0,0,0,0,0,0,49.423513730367,0,13.6743949785377,35.2153026823014,0,28.0745834303668,0,26.3748480478923
0,0,0,0,0,0,0,0,0,0,0,0,0,0,0,0,0,0,0,0,0,0,0,0,0,0,0,0,0,0,0,4.12047732100645,7.62311452693165,0,0,4.38541312540992,5.99589798823897,0,0,0,0,0,0,0,0,0,0,7.30237403163662,0,0,0,0,0,0,0,0,0,0,0,0,0,0,0,0,0,0,0,0,0,0,0,0,0,0,0,16.1404108229301,0,0,4.89803277233512,20.3655405044556,0,0,3.4209182875497,0,0,0,0
0,0,0,0,0,0,0,0,0,0,0,0,0,0,0,0,0,0,0,0,0,0,0,0,0,0,0,0,0,0,0,10.3223729877715,5.47635726647146,0,7.70612574409653,6.51824474334717,7.47520701658158,0,0,0,0,0,0,0,0,0,0,9.65075660361092,6.78789091110229,17.8381585537548,0,0,0,0,0,0,0,0,0,0,0,0,0,0,0,0,0,0,0,0,0,0,0,0,16.1404108229301,0,0,6.3603733416666,23.7971654591495,6.82835945133662,0,0,5.69149817189863,0,0,0,0
0,0,0,0,0,0,0,0,0,0,0,0,0,0,0,0,0,0,0,0,0,0,0,0,0,0,0,0,0,0,0,0,0,4.52488443476326,3.37538948655128,4.06999320484871,0,2.94465930121286,0,0,0,0,0,0,0,0,0,5.69997785467851,20.5617776800085,4.91567991909228,0,0,0,0,0,0,0,0,0,0,0,0,0,0,0,0,0,0,0,0,0,0,0,0,0,0,0,0,0,0,2.97130384228446,0,3.36830607141767,0,0,0,0
0,0,0,0,0,0,0,0,0,0,0,0,0,0,0,0,0,0,0,0,0,0,0,0,0,0,0,0,0,0,0,0,5.7242449792765,3.54640029907227,4.39577324276879,0,4.13855391078525,2.95246982574463,12.2055104607243,0,0,0,0,0,0,0,0,6.0433143986897,6.36098740936874,22.877010345459,0,0,0,0,0,0,0,0,0,0,0,0,0,0,0,0,0,0,0,0,0,0,0,0,0,6.3603733416666,0,0,0,8.06819512706777,0,12.6303208260923,4.31978788829985,0,0,0,0
0,0,0,8.88243325551351,0,12.3726134300232,0,0,0,8.56031735738119,0,4.05779874324799,0,0,0,0,0,0,0,4.46856473177527,0,0,0,0,0,0,0,0,0,0,0,7.13669723533449,14.5332294367672,3.29098831775577,0,4.64472011380546,6.5704073957257,6.88133743680383,0,5.64818026267767,0,13.733720973134,0,0,0,6.87634771435267,0,10.5552520040782,0,7.82975020066151,0,8.85839653015137,0,0,0,0,0,9.69838619232178,0,0,0,0,6.29897407748113,0,0,0,0,0,0,0,0,0,0,0,4.89803277233512,23.7971654591495,0,0,0,9.49614688820309,5.78213956126343,0,5.26536437118549,4.23753346314951,7.12969042841966,0,0
41.3932459129477,0,46.8756795883179,0,0,0,0,0,44.2486629486084,0,5.95937125733558,0,0,0,0,0,0,0,40.4101713646783,0,6.88340608582777,0,0,0,0,0,0,0,0,0,63.8078498840332,12.9484881718953,7.39798280498356,0,4.17539428919554,4.70719733102651,5.03210258219293,0,7.55904784285894,0,7.9022612322554,0,31.6690053470799,0,38.3791457728336,0,17.0010436403472,7.03825367924258,7.43522541460238,19.4543797723178,0,0,0,0,0,0,42.0297775268555,0,0,0,0,0,0,11.3902971102948,0,0,0,0,0,0,0,0,0,49.423513730367,20.3655405044556,6.82835945133662,0,8.06819512706777,9.49614688820309,0,0,6.80084627324885,8.3142838965641,5.74125130752037,16.58909619975,0,30.8799364089966
0,0,0,0,0,0,0,0,0,7.11290267535618,0,4.78766301403875,0,0,0,0,0,0,0,5.0477796792984,0,3.66598562460679,0,5.61353276135397,0,0,0,0,0,4.04517472535372,0,0,0,5.07441381025456,0,6.02632523107966,0,4.58593500931555,0,0,0,18.6408214569092,0,0,0,0,0,7.57370462427324,23.7385452955197,5.66157838467577,0,0,0,0,0,9.13548183441162,0,6.07059450122132,0,0,0,0,0,0,4.23178625106812,0,5.52512997083697,0,0,0,3.58472263679076,0,5.45151548452623,0,0,0,2.97130384228446,0,5.78213956126343,0,0,0,5.60301179875588,4.53082178578232,6.10566935211021,0,0
41.0749213926254,0,44.2971618927277,0,41.7313995361328,0,0,0,43.6064305986677,0,5.67134750084799,0,0,0,0,0,0,0,41.9023272138123,0,26.2391890883446,0,8.31171260939704,0,11.5799012184143,0,0,0,0,0,5.60565617505242,0,0,22.2355762057834,9.33907027352494,0,5.04616327783955,3.26584160327911,4.50599343685159,0,22.5892088272992,0,30.6662532962364,0,39.3794740041097,0,27.6630413160042,11.425955543886,11.562903497596,23.5390625762939,0,0,44.0161911010742,0,0,0,32.5319798620124,0,45.8671988351004,0,48.9205474853516,0,0,27.0234678575115,0,26.5833012690911,0,24.0379981994629,0,0,0,12.9223492622375,0,13.6743949785377,0,0,0,12.6303208260923,0,6.80084627324885,0,0,20.135748391578,5.07444885197808,24.8708693704379,0,28.6260220209757
9.58271904378632,14.9060552670405,14.1129284816489,8.086784730888,4.14001332985144,5.48004484662237,3.79410400875745,3.86956664855222,7.58944522480388,6.1558049117351,6.08327341734708,3.57272640726081,4.6264961140672,4.37245748642676,5.88477810101631,4.83677155014816,6.16954603443786,5.54772881805573,6.10547143706758,3.85992036211318,4.27160326686837,3.64183619185561,4.65935022168689,5.7442105200216,6.17324058376431,6.36556389596727,3.97290724933013,3.95049447149135,4.80183412269027,4.31459885239601,32.5632290840149,4.17110499086834,3.91494059562683,4.44255041568837,2.88730219577221,5.79947782572561,4.56705976148657,4.51423222525645,4.40522282567098,18.9957424163818,62.4198269844055,8.58308893207054,18.6784768390048,0,8.30379935869804,7.62560948904823,17.3794956534065,9.37289314894449,12.632990940386,8.00915254885062,3.768129581955,5.02000547017691,5.33590177940243,3.49105976492285,7.09959355397011,13.5523745140998,22.4110312810418,3.95719684298209,4.92335849491361,4.86937917566076,5.93023356668877,4.18689481125695,3.85957603515919,7.33367656768227,4.46080165480966,9.69265353679657,13.7180146151195,5.65414445847273,4.04083960396903,3.34050462225027,4.4666337909237,5.90236846255321,6.45652173865925,35.2153026823014,3.4209182875497,5.69149817189863,3.36830607141767,4.31978788829985,5.26536437118549,8.3142838965641,5.60301179875588,20.135748391578,0,5.41209385618104,9.1968522929003,5.61563799484916,12.2817333165337
12.8818063735962,0,0,11.252479063498,5.0057982673832,10.0722755119205,3.83827824159102,0,9.65763278575759,7.13929810040239,6.24093914031982,4.66773164272308,3.86272843011887,4.28292670060581,7.51673891691312,5.32601349684927,8.74836100548643,6.23000546128537,6.19484722614288,0,0,3.23072770062615,6.36613837436393,0,0,0,0,3.8970167739417,3.92143307713901,4.86619234085083,0,0,0,0,2.95416956477695,8.13070451442282,4.72115952880294,4.43295379748216,4.06665556345667,0,0,0,0,0,0,0,0,0,0,0,5.1962037303231,10.2874182292393,7.15812552493551,5.49844899773598,9.21068918704987,0,0,12.3490222930908,4.69209206186492,6.28142018709782,9.4844858935385,4.50989755022992,19.1860160827637,0,4.00597446305411,0,0,0,0,0,7.92503961763884,3.28027379512787,0,0,0,0,0,0,4.23753346314951,5.74125130752037,4.53082178578232,5.07444885197808,5.41209385618104,0,13.339729041588,0,0
21.4369737585386,8.28678128878276,20.8836979153725,7.15749033708223,4.69425508204628,5.98507119608777,10.0083926663254,0,7.95683577355374,5.85148343585786,18.8944378852844,3.66155161355671,0,0,0,0,6.58717288970947,0,11.4912783593799,4.5181107941128,4.49480883971505,0,22.8015327453613,9.23069306629807,4.98026847839355,0,0,0,0,0,32.5473514284406,0,0,0,0,6.10854009219578,7.17899176748059,4.7608303156766,11.420574831891,6.51702785191953,12.7697497896998,7.21085668586711,12.7069686789919,3.6376399988179,10.0675506017107,5.57352504503205,11.5131993002896,4.44315598179533,7.13983677487639,6.55975216299623,6.88982379436493,5.05787257128542,12.9237947463989,15.9642790385655,6.42901277542114,8.30484741651095,16.3574576182739,6.89346439112419,30.7781120104506,8.90053550020576,30.9845132827759,8.99058891745175,5.62544616146687,9.46762735772841,0,21.8670243714985,7.74410096547937,18.5837909910414,0,0,8.67105248751561,37.1165376143022,7.68689107957557,28.0745834303668,0,0,0,0,7.12969042841966,16.58909619975,6.10566935211021,24.8708693704379,9.1968522929003,13.339729041588,0,6.18882751560275,11.4382917835454
