0,0.143193304538727,126.694015324116,0,0,0,0,0,332.042045146227,0,0,0,0,0,0,0,6.22350433468819,8.92445582151413,124.459380730987,0,0,0.62299083173275,0,0,0,0,0,0,0,0,0,0,0,0.300054579973221,0,0,0,3.62795704603195,1.43234467506409,0,1.95878040790558,2.20335292816162,38.7771581113338,0,0,0,0,18.6953840553761,204.292313456535,0,0,0,0,0,43.9891011416912,0,1.19903150200844,0,0,0,1,0,0.374602437019348,0,0,0,0.751867711544037,0,0,0,0,0,0,8.31735336780548,0,0,1.57797127962112,0,0.241099551320076,59.0919518023729,0.760479867458344,13.0995332300663,78.7678754925728,0.700341641902924,208.520517587662,0,0
0.143193304538727,0,0,84.6046751588583,0,0,0,0,0,318.559498384595,0,0,0,0,0,0.439906656742096,0,0,1.06284880638123,0,0,0,0,16.7925810366869,0,0,0,0,0,0,0,0,0,0,0.176748916506767,0,0,41.3515296429396,3.52777484059334,2.70090273022652,0,80.7462280988693,0,0,0,0,0,2.13518579304218,2.20128174871206,424.010937169194,0,0,0,0,0,24.4228411614895,0,0,0,0,0,8.07153597474098,0.0842730551958084,0,0,0,7.0900766402483,0,0.797287344932556,0,0,0,3.15951724350452,0,0,0,0,0.16146045923233,11.4092815890908,0,6.54219974577427,1.85421687364578,220.590086534619,0,400.361510664225,0.83541601896286,0
126.694015324116,0,0,0,10.9105352759361,0,0,0,173.217039346695,0,0,0,0,0,0,0,0.112382777035236,0,1.211585752666,0,0,0,0,0,0,0,0,0,0,0,0,0,0,0,0,0,1.53169989585876,0,0,0,1.46077337861061,0,66.7695554569364,0,0,0,10.5306692570448,2.90815143287182,186.53650739044,4.35559885203838,1.8857299387455,0,0,0,16.3886776119471,0,111.576654434204,0,4.62308210134506,0,0,0,0,7.97726358473301,0,0,0,0,0,0,0,0.564208954572678,0,21.6823651790619,0,0,0,0,0,1.72261012345552,0.183778822422028,5.74234113097191,15.1575784981251,0,297.720511555672,0,4.49059690535069
0,84.6046751588583,0,0,1.70331418514252,2.72423082590103,0,0,0,7.45333477854729,0,0,0,0,0,0,1.28747521340847,0,1.85009960830212,0,0,0,0,0,0,0,0,0,0,0,0,0,0,0,0,0,0,0,0,8.53778007626534,0,64.8323735371232,0,0,0,23.1732859089971,0,2.38666155934334,0,234.906520217657,0,0,0,0,0,46.8723486065865,0,47.8386945053935,0,12.9830954968929,0,27.7125738561153,9.76006931811571,0,0,0,0,0,0,0,0,0,35.947844080627,0,0,0,0,0,20.3035027310252,0,19.0008841753006,0,54.811513453722,0,570.964317254722,0.916052863001823,0
0,0,10.9105352759361,1.70331418514252,0,0,0,0,8.79685020446777,0,0,0,0,0,0,0,0.356860369443893,0.107003234326839,0.995556771755219,0,196.099964052439,0,0,0,0,0,0,0,0,0,0,0,0,0,0,0,67.9539970457554,0,0,2.32585549354553,4.71862675249577,0,72.072791993618,0,0,0,81.0701141506433,4.5903348326683,57.7686672285199,19.0793326497078,457.978783115745,0,0,0,0.297942161560059,0,6.34774388372898,0,3.13183721899986,0,0,0,0,375.14112611115,0,0,0,0,0,0,0,0,0,12.3275927305222,0,0,0,0.20898112654686,0,43.7191156744957,0.63720165938139,4.50663138926029,361.070825383067,0,438.801748715341,0,0.193529173731804
0,0,0,2.72423082590103,0,0,0,0,0,225.934481978416,0,0,0,0,0,0,0,0,1.39806461334229,73.5680169165134,0,0,0,0,0,0,0,0,0,0,0,0,0,0,0,17.5261920243502,0,0,0,1.19644773006439,0,34.0528230667114,0,0,0,43.4119725227356,0,0.650028228759766,0,25.6992362290621,0,826.867804169655,0,0,0,70.2318333089352,0,2.48285119235516,0,3.15226769447327,0,40.079683303833,77.5154853314161,0,0,0,0,0,0,0,0,0,1.74307928979397,0,0,0,0,0,36.5077328979969,0,4.54245063662529,0,2408.40096507221,0,237.600302889943,0,0
0,0,0,0,0,0,0,0,0,0,0,0,0,0,0,0,0,0,0,0,0,0,0,0,0,0,0,0,0,0,0,0,0,0,0,0,0,0,0,0,0,0,0,0,0,0,0,0,0,0,0,0,2,0,0,0,0,0,0,0,0,0,0,0,0,0,0,0,0,0,0,0,0,0,0,0,0,0,0,0,0,0,0,0,0,0,0
0,0,0,0,0,0,0,0,0,0,0,0,0,0,0,0,0,0,0,0,0,0,0,0,0,0,0,0,0,0,0,0,0,0,0,0,0,0,0,0,0,0,0,0,0,0,0,0,0,0,0,53.8440780639648,0,117.579042434692,0,0,0,0,0,0,0,0,0,0,0,0,0,0,0,0,0,0,0,0,0,0,0,0,0,0,0,0,0,0,0,0,0
332.042045146227,0,173.217039346695,0,8.79685020446777,0,0,0,0,0,0,0,0,0,9.86999894678593,0,640.083833381534,98.5262877345085,436.022483110428,0,0,0,0,0,0,0,0.500724285840988,0,0,0,0,0,0,0,0,0,0,0,7.69850251078606,0.270818591117859,0.759030595421791,0,12.1673475950956,0,0,0,1.52543520927429,0,5.69199408590794,1.00986897945404,61.6216931343079,0,0,0,1646.77696816623,0,3.95426520705223,0,0,0,47.8039380908012,0,0,0,0,0,0,1,0,6.8668158352375,0,0,0,2.10554325580597,0,0,0,0,9.31660832464695,1.92375385761261,1.25588059425354,34.5829714536667,600.522956684232,3.78761987388134,133.155489519238,0,0
0,318.559498384595,0,7.45333477854729,0,225.934481978416,0,0,0,0,0,0,0,0,0,84.3529864251614,12.5234744101763,49.8480629771948,8.29885542392731,0,0,0,0,185.482740923762,0,11.0164074897766,0,0,0,0,0,0,0,0,0.136221528053284,0,0,105.682499438524,0.674432456493378,1.18827347457409,0,71.7432869374752,0.142353981733322,0,0,1.29229892790318,0,0,0.307808607816696,51.2830504700541,0,4.92819762229919,0,0,0,1018.21111634374,0,12.3299832493067,0,0,0,241.564632564783,1.86430762708187,0,0,0,28.3685238957405,0,0,0,4.33982628583908,0,14.2625584229827,0,0,0,0,0,2.65525029599667,0,2.02144750207663,0.126007542014122,745.528563410044,0.760115802288055,76.0731076151133,20.3155772387981,0
0,0,0,0,0,0,0,0,0,0,0,0,5,0,0,0,0,0,0,0,350.311409085989,0,0,0,0,0,0,0,0,0,2.25698757171631,0,0,0,0,0,46.9275808334351,0,450.605367481709,0,0,0,0,0,0,0,0,0,0,0,0,0,0,0,0,0,498.50568407774,0,0,0,0,0,0,0.959594249725342,0,0,0,0,0,0,0,0,0,1.67962270975113,0,0,0,0,0,8.85062432289124,0,159.969968736172,1,0,0,0,0
0,0,0,0,0,0,0,0,0,0,0,0,0,131.366990566254,0,0,0,0,0,850.584684580564,0,0,0,0,0,0,0,0,0,260.337593600154,0,0,0,0,0,198.590508937836,0,647.871144831181,0,0,0,0,0,0,0,1.14067399501801,0,0,0,0,0,0,0,0,0,0,0,722.682138577104,0,0,0,0,16.8993664085865,0,0,0,0,0,0,0,0,0,119.52466006577,0,0,0,0,0,1.01901903748512,0,169.654647380114,0,359.375478714705,0,0,0,0
0,0,0,0,0,0,0,0,0,0,5,0,0,0,50.3598588705063,0,0,0,0,0,0,0,0,0,0,0,0,0,5,0,0,0,0,0,0,0,0,0,0,0,0,0,0,0,0,0,0,0,0,0,0,0,0,0,0,0,6.50313401222229,0,341.62510985136,0,0,0,0,0,0,0,0,0,0,0,0,1,0,0,0,0,0,0,0,0,0,0,48.9295489788055,1,0,0,0
0,0,0,0,0,0,0,0,0,0,0,131.366990566254,0,0,0,73.2447757720947,0,0,0,0,0,0,0,0,0,0,0,71.3298975229263,0,0,0,0,0,0,0,0,0,0,0,0,0,0,0,0,0,0,0,0,0,0,0,13.0821702480316,0,0,0,0,0,0,0,364.219377145171,0,63.5783081054688,0,0,0,0,0,0,0,0,35.2389650940895,0,0,0,0,0,0,0,0,0,0,0,84.6690084934235,90.2779560089111,0,0,0
0,0,0,0,0,0,0,0,9.86999894678593,0,0,0,50.3598588705063,0,0,0,480.478784754872,6.60861322283745,1.16766119003296,0,0,0,0,0,0,0,13.6616454124451,0,0,0,0,0,0,0,0,0,0,0,0,0,0,0,0,0,0,0,0,0,0,0,0,0,0,0,0,0,0,0,158.124916553497,0,125.469255685806,0,0,0,0,0,0,0,0,0,0,0,0,0,0,0,0,0,0,0,0,0,31.7562818676233,0,0,0,0
0,0.439906656742096,0,0,0,0,0,0,0,84.3529864251614,0,0,0,73.2447757720947,0,0,0,3.50045973062515,0,0,0,0,0,0,0,0,0,0,0,0,0,0,0,0,0,0,0,0,0,0,0,0,0,0,0,0,0,0,0,0.483088493347168,0,1.10886877775192,0,0,0,41.4852400720119,0,0,0,6.5091210603714,0,141.877852737904,0,0,0,0,0,0,0,0,0,0,0,0,0,0,0,0,0,0,0,0,20.8271901011467,47.6222620010376,0,0,0
6.22350433468819,0,0.112382777035236,1.28747521340847,0.356860369443893,0,0,0,640.083833381534,12.5234744101763,0,0,0,0,480.478784754872,0,0,23206.0392977446,5549.80082687736,0,0,3.2192656993866,0,0,0,6.77202691137791,388.656417578459,0,0,0,0,0,0,0,0,0,0,0,0,26.8668129965663,201.884530387819,54.5400180593133,119.799321517348,6.57778850197792,0,17.1105352938175,14.1474173069,0,0,0,0.137962087988853,0,0,0,0,0,5.24736752361059,1.28743840754032,1.41020667552948,0,18.321550399065,0,19.0741254240274,28.5085580646992,0,0,0,0,4.8898706138134,326.162821158767,0.19897323846817,0,12.190594188869,18.9413148388267,0,0,0,0,295.253053881228,344.2450113222,128.519497223198,178.441839598119,11773.2961055636,954.375395014882,210.634587436914,13.9038583487272,59.8582176864147
8.92445582151413,0,0,0,0.107003234326839,0,0,0,98.5262877345085,49.8480629771948,0,0,0,0,6.60861322283745,3.50045973062515,23206.0392977446,0,7039.94457185268,0,0,36.4987843632698,0,84.845547541976,0,137.198796927929,7.77630592882633,0,0,0,0,0,0,0,0,0,0,0,0,26.1042892932892,91.2969024553895,87.5858398452401,44.661687143147,2.31799978017807,0,11.4327871054411,3.25433005392551,0,0,0,0,0,0,0,0,0.257374167442322,1.14294031262398,2.05469381809235,0,0,0,0,28.1280935332179,11.5984440147877,0,0,0,0,211.963398098946,11.9523962438107,0,0,19.9967008978128,12.0897951945662,0,0,0,0,346.042454659939,177.236541412771,232.858791835606,57.797640003264,8288.98764564097,1774.08873230964,159.9039484635,22.8876572474837,24.2681643664837
124.459380730987,1.06284880638123,1.211585752666,1.85009960830212,0.995556771755219,1.39806461334229,0,0,436.022483110428,8.29885542392731,0,0,0,0,1.16766119003296,0,5549.80082687736,7039.94457185268,0,0,0,1.4259170293808,0,0,0,4.62024828791618,4.76510792970657,0,0,0,0,0,0,0,0,0,0,0,0,206.070918761194,979.217793442309,499.216187261045,481.303933627903,130.453081101179,0,155.31271918118,136.304525382817,0,0.8139668405056,2.32107865810394,0.483548223972321,0,0,0,1.43760883808136,0.421560242772102,18.7094921916723,19.8867863565683,0,0.998108327388763,0,0,278.698309630156,114.0237095505,0,0,0,0,2.46352481842041,12.3295471668243,0.548051774501801,0,143.220459111035,157.572280324996,0,0,0,0,3553.18589438498,2662.59769630432,1374.70838912576,825.489379391074,5116.76971214265,138.891695842147,2001.54346014559,140.312719270587,180.532198451459
0,0,0,0,0,73.5680169165134,0,0,0,0,0,850.584684580564,0,0,0,0,0,0,0,0,0,0,0,0,0,0,0,0,0,0,0,0,0,0,0,963.723623290658,0,80.8051182031631,0,1.53397011756897,0,7.46628814935684,0,0,0,1.35135328769684,0,0,0,1.82979239523411,0,5.49166023731232,0,0,0,0,0,276.442397773266,0,0,0,0,181.051657319069,0,0,0,0,0,0,0,0,0,0.279656559228897,0,0,0,0,0,356.77473436296,0,23.8904861211777,0,122.621641203761,0,105.900687843561,0,0
0,0,0,0,196.099964052439,0,0,0,0,0,350.311409085989,0,0,0,0,0,0,0,0,0,0,0,0,0,0,0,0,0,0,0,0,0,0,0,0,0,792.966038107872,0,86.5650923252106,0,0,0,0,0,0,0,0.219650357961655,0,0,0,8.19711157679558,0,0,0,0,0,12.3219166398048,0,0,0,0,0,0,610.413193121552,0,0,0,0,0,0,0,0,0,6.70427125692368,0,0,0,0,0,298.84765945375,0,183.552785873413,240.88437500596,0.465850859880447,65.2071487903595,0,0
0.62299083173275,0,0,0,0,0,0,0,0,0,0,0,0,0,0,0,3.2192656993866,36.4987843632698,1.4259170293808,0,0,0,714.579755783081,448.745623648167,0,70.6758543252945,0,5.20486068725586,0,0,0,0,0,0,0.695690736174583,0,0,704.748698681593,3.24335037171841,0,0,0,0,0,0,0,0,17.1909165531397,2.44515535235405,11.9168983101845,0,0,0,0,0,0,0,0,0,0,0,0,0,0,7818.06813097,0,109.529311537743,0,0,0,2.22116947174072,0,0,0,0,0,0,0,0,0,933.726087242365,1.98563338816166,628.187484636903,208.357178926468,1.33170631527901,0,0
0,0,0,0,0,0,0,0,0,0,0,0,0,0,0,0,0,0,0,0,0,714.579755783081,0,0,116.511892199516,0,0,0,12.4767009019852,0,0,0,0,0,0,0,0,0,423.476708382368,0,0,0,0,0,0,0,0,0.219966188073158,422.018311485648,0,0,0,0,0,0,0,0,0,0,0,0,0,0,0,237.994669556618,5366.08530580997,0,11.5790411233902,0,6.74106884002686,0,0.767245054244995,0,0,0,0,0,0,0,0,0,30.8160892724991,772.038066208363,51.0965862572193,0,0,0
0,16.7925810366869,0,0,0,0,0,0,0,185.482740923762,0,0,0,0,0,0,0,84.845547541976,0,0,0,448.745623648167,0,0,0,174.988933682442,0,0,0,0,0,0,0,0,0,0,0,399.438467815518,0,0,0,21.6042950600386,0,0,0,0,0,0,0.332084149122238,1.6209941804409,0,0,0,0,0,33.1553039252758,0,0.839287519454956,0,0,0,26.8261115550995,0,0,250.951773434877,0,894.050705909729,0,67.587075650692,0,0,0,0.406376153230667,0,0,0,0,0,0,0,331.704541534185,0,103.894433304667,0,21.2652951180935,16.5299844294786,0
0,0,0,0,0,0,0,0,0,0,0,0,0,0,0,0,0,0,0,0,0,0,116.511892199516,0,0,0,0,0,0,0,0,0,0,0,0,0,0,0,192.179194480181,0,0,0,0,0,0,0,0,0,1.88389766216278,0,0,0,0,0,0.463748618960381,0,0,0,0,0,0,0,0,0,0,0,0,351.661230027676,0,27.3202495574951,0,0,0,0,0,0,0,0,0,0,0,7.05913588404655,6.36683416366577,0,26.80721783638,0,0
0,0,0,0,0,0,0,0,0,11.0164074897766,0,0,0,0,0,0,6.77202691137791,137.198796927929,4.62024828791618,0,0,70.6758543252945,0,174.988933682442,0,0,0,11.9555282592773,0,0,0,0,0,0,0,0,0,0,0,0,0,0,0,0,0,0,0,0,0,0,0,0,0,0,0,0,0,0,0,36.6269382238388,0,0,0,0,56.6463207006454,0,48.7128681987524,0,255.949100643396,0,6.93058982491493,0,0,0,0,0,0,0,0,0,0,0,167.919567167759,0,0,0,0
0,0,0,0,0,0,0,0,0.500724285840988,0,0,0,0,0,13.6616454124451,0,388.656417578459,7.77630592882633,4.76510792970657,0,0,0,0,0,0,0,0,0,0,0,0,0,0,0,0,0,0,0,0,0,0,0,0,0,0,0,0,0,0,0,0,0,0,0,0,0,0,0,0,0,0,0,0,0,0,0,0,0,0,125.050221443176,0,0,0,0,0,0,0,0,0.127665758132935,0,0,0,58.1908050328493,2.92935472726822,0,0,0
0,0,0,0,0,0,0,0,0,0,0,0,0,71.3298975229263,0,0,0,0,0,0,0,5.20486068725586,0,0,0,11.9555282592773,0,0,0,19.3927537798882,0,0,0,0,0,0,0,86.0742925405502,0,0,0,0,0,0,0,0,0,0,0,0,0,0,0,0,0,0,0,0,0,76.591638058424,0,0,0,0,222.495017528534,0,0,0,277.105177521706,0,1254.23082274199,0,6.01140373945236,0,0,0,0,0,0,0,6.73064208030701,0,151.300673246384,141.317848682404,0,0,0
0,0,0,0,0,0,0,0,0,0,0,0,5,0,0,0,0,0,0,0,0,0,12.4767009019852,0,0,0,0,0,0,0,340.160163283348,0,0,0,0,0,0,0,92.7920433282852,0,0,0,0,0,0,0,0,0,0,0,0,0,0,0,0,0,0,0,2,0,0,0,0,0,0,6.55588102340698,0,0,0,0,0,458.823103487492,0,4.83047962188721,0,0,0,0,0,0,0,30.6241641640663,72.3715464472771,42.3546571731567,0,0,0
0,0,0,0,0,0,0,0,0,0,0,260.337593600154,0,0,0,0,0,0,0,0,0,0,0,0,0,0,0,19.3927537798882,0,0,0,0,0,0,0,0,0,309.842414468527,0,0,0,0,0,0,0,0,0,0,0,0,0,0,0,0,0,0,0,340.130443379283,0,0,0,0,0,0,0,0,0,0,0,0,1,0,905.539161100984,0,0,0,0,0,0,0,82.3472465276718,0,7.21921980381012,0,0,0,0
0,0,0,0,0,0,0,0,0,0,2.25698757171631,0,0,0,0,0,0,0,0,0,0,0,0,0,0,0,0,0,340.160163283348,0,0,0,0,0,0,0,0,0,1148.32596048713,0,0,0,0,0,0,0,0,0,0,0,0,0,0,0,0,0,0,0,0,0,0,0,0,0,0,0,0,0,0,0,0,1.79057419300079,0,38.9872541427612,0,0,0,0,0,0,0,126.464644312859,138.223084330559,6.72956323623657,0,0,0
0,0,0,0,0,0,0,0,0,0,0,0,0,0,0,0,0,0,0,0,0,0,0,0,0,0,0,0,0,0,0,0,491.709789663553,76.5113717317581,0,346.342842593789,2.51874208450317,0,0,0,0,0,0,0,0,0,0,1146.12680544704,0,0,0,0,0,0,0,0,0,0,0,0,0,0,0,0,0,0,0,0,0,0,0,0,0,0,2834.95350862294,572.773995429277,89.15459407866,0,269.911788761616,5.41990458965302,0,0,368.22818762064,0,0,0,0
0,0,0,0,0,0,0,0,0,0,0,0,0,0,0,0,0,0,0,0,0,0,0,0,0,0,0,0,0,0,0,491.709789663553,0,11.1450377702713,0,0,1144.27941304445,0,0,0,0,0,0,0,0,0,0,647.113763034344,0,0,0,0,0,0,0,0,0,0,0,0,0,0,0,0,0,0,0,0,0,0,0,0,0,0,292.947215020657,2093.44980190694,5.55996108055115,72.9919149279594,0,354.973944917321,0,0,313.975899279118,0,0,0,0
0.300054579973221,0,0,0,0,0,0,0,0,0,0,0,0,0,0,0,0,0,0,0,0,0,0,0,0,0,0,0,0,0,0,76.5113717317581,11.1450377702713,0,2205.30462372303,527.140348061919,0,423.250499278307,31.8992973268032,0,0,0,1.67088797688484,0,0,0,0,5847.49183179438,39.4855927526951,2.83706820011139,0,0,0,0,0,0.328955113887787,0,0,0,0,0,0,0,0,0,0.259527802467346,0,0,0,0,0,0,0,0,83.6032201349735,3.75050780177116,3617.94038151205,1004.00430935621,179.189075887203,0,273.989791244268,73.7896247655153,961.564681708813,0,13.2198378145695,0,0
0,0.176748916506767,0,0,0,0,0,0,0,0.136221528053284,0,0,0,0,0,0,0,0,0,0,0,0.695690736174583,0,0,0,0,0,0,0,0,0,0,0,2205.30462372303,0,0,637.450072661042,19.5452814176679,23.755415648222,0,0,0,0,0,0,0,0,6631.44846916199,0,0,0,0,0,0,0,0,0,0,0,0,0,0,0,0,0,0,0,0,0,0,0,0,0,0,0,205.885389938951,1255.1871445775,3901.78022134304,0,450.479902163148,16.3893336057663,42.9816554486752,572.602850541472,0,3.47203494608402,0,0
0,0,0,0,0,17.5261920243502,0,0,0,0,0,198.590508937836,0,0,0,0,0,0,0,963.723623290658,0,0,0,0,0,0,0,0,0,0,0,346.342842593789,0,527.140348061919,0,0,732.43682551384,273.646434217691,2,2.06415915489197,0,1.28347492218018,0,0,0,0,0,164.932042740285,0,206.022382363677,0,0,0,0,0,0,0,16.1267103552818,0,0.622763723134995,0,0,338.735060214996,0,0,0,0,0,0,0,0,0,0,0,373.151402831078,0,72.8192973956466,0,9248.21644686162,219.770274162292,1050.12369026244,0,1753.97337511182,95.234174489975,41.1324213445187,0,0
0,0,1.53169989585876,0,67.9539970457554,0,0,0,0,0,46.9275808334351,0,0,0,0,0,0,0,0,0,792.966038107872,0,0,0,0,0,0,0,0,0,0,2.51874208450317,1144.27941304445,0,637.450072661042,732.43682551384,0,0,1398.25609749556,1.94608044624329,0,0,0,0,0,0,10.6538392603397,255.245499491692,11.4657539278269,12.3754296600819,18.8899995088577,0,0,0,0,0,9.11753694713116,0,1.15448069572449,0,0,0,0,127.617510199547,0,0,0,0,0,0,0,0,0,0,0,15.6651356518269,0,239.730373978615,221.788771688938,7770.3767002672,0,1038.67608328164,1340.68614993989,171.177064090967,100.068670421839,0,0
3.62795704603195,41.3515296429396,0,0,0,0,0,0,0,105.682499438524,0,647.871144831181,0,0,0,0,0,0,0,80.8051182031631,0,704.748698681593,0,399.438467815518,0,0,0,86.0742925405502,0,309.842414468527,0,0,0,423.250499278307,19.5452814176679,273.646434217691,0,0,1733.19023014605,0,0,129.047084733844,0.854585066437721,0,0,0,0,2079.37763877213,67.8829207569361,58.6024665236473,0,0,0,0,0,1.77104097604752,0.350673854351044,389.850178867579,0,0,0,0,10.1388075500727,0,798.507355004549,1.28157293796539,455.234465628862,0,0,0,87.5645563006401,0,289.233718335629,0,0,0,336.328461259604,1.51581366360188,236.170056387782,0,12090.6360170394,133.886729799211,1575.53008128703,5,200.891028955579,52.1629768759012,0
1.43234467506409,3.52777484059334,0,0,0,0,0,0,7.69850251078606,0.674432456493378,450.605367481709,0,0,0,0,0,0,0,0,0,86.5650923252106,3.24335037171841,423.476708382368,0,192.179194480181,0,0,0,92.7920433282852,0,1148.32596048713,0,0,31.8992973268032,23.755415648222,2,1398.25609749556,1733.19023014605,0,0,0,0.568959280848503,6.82395178079605,0,0,0,0,2397.73790155351,517.262972414494,0,0,0,0,0,11.802578613162,0,0,0,0,0,0,0,0,92.5399717986584,0.404651641845703,704.558456331491,1.92833296954632,524.482911631465,0,0,0,3.20759272575378,0,102.934208750725,0,0,0.299793362617493,9.5107284784317,10,151.47831466794,120.201395794749,6759.73097974062,1260.79052649438,0,32.9258845299482,0.140353590250015,0
0,2.70090273022652,0,8.53778007626534,2.32585549354553,1.19644773006439,0,0,0.270818591117859,1.18827347457409,0,0,0,0,0,0,26.8668129965663,26.1042892932892,206.070918761194,1.53397011756897,0,0,0,0,0,0,0,0,0,0,0,0,0,0,0,2.06415915489197,1.94608044624329,0,0,0,5.11337229609489,807.102795705199,3.01602573692799,7.17632132768631,0,114.847274415195,0,124.912563830614,0,848.058844596148,0,0,0,0,0,3.60200890898705,0.157218441367149,7.95615098625422,0,1.40622912347317,0,0.356397315859795,212.698522046208,0,0,0,0,0,0,0,0.156664863228798,0,9.13003584742546,2.56711328029633,0.241423957049847,0,0.166798815131187,0,601.661019355059,9.85969499498606,58.6262516006827,2.27480870485306,85.7622072100639,0,891.544927306473,7.82828986644745,2.38069548457861
1.95878040790558,0,1.46077337861061,0,4.71862675249577,0,0,0,0.759030595421791,0,0,0,0,0,0,0,201.884530387819,91.2969024553895,979.217793442309,0,0,0,0,0,0,0,0,0,0,0,0,0,0,0,0,0,0,0,0,5.11337229609489,0,32.0565207675099,1879.80699264258,1.69319275021553,0,3.54888984560966,126.929824098945,38.6305967569351,301.094927154481,0.179045736789703,1.20352417230606,0,0,0,0.743939384818077,0.130245059728622,16.5006738230586,0.386907309293747,0.486306607723236,0,0,0,5.71138608455658,328.719442434609,0,0,0,0,0,0,0,0,4.45670863240957,54.7283091843128,0,0,0,0,51.5532117336988,1563.18834641576,22.8117626011372,182.006466053426,321.933359362185,0.462860777974129,2263.72372997552,1.2720975279808,113.639302752912
2.20335292816162,80.7462280988693,0,64.8323735371232,0,34.0528230667114,0,0,0,71.7432869374752,0,0,0,0,0,0,54.5400180593133,87.5858398452401,499.216187261045,7.46628814935684,0,0,0,21.6042950600386,0,0,0,0,0,0,0,0,0,0,0,1.28347492218018,0,129.047084733844,0.568959280848503,807.102795705199,32.0565207675099,0,176.326020203531,1.58626994490623,0,182.277651809156,1.99144893139601,4.91180483996868,0.439622193574905,573.339628189802,0,1.01476319134235,0,0,0,29.4959508404136,0.807588621973991,530.3873751387,0,6.35569993406534,0,9.95176445692778,236.375660568476,3.46302293986082,0,0,2.46828362345695,0,0,0,33.5882530882955,0,1388.87743294239,2.27328103780746,0,0,0,0,2787.02598397434,35.1530821397901,1248.91372013092,10.9855199381709,1317.44788954407,0.436300456523895,3562.38091215491,434.581727735698,2.46605875343084
38.7771581113338,0,66.7695554569364,0,72.072791993618,0,0,0,12.1673475950956,0.142353981733322,0,0,0,0,0,0,119.799321517348,44.661687143147,481.303933627903,0,0,0,0,0,0,0,0,0,0,0,0,0,0,1.67088797688484,0,0,0,0.854585066437721,6.82395178079605,3.01602573692799,1879.80699264258,176.326020203531,0,0,0,4.90828198194504,189.292153462768,91.7862062901258,209.900920063257,1.14750694483519,17.0186718925834,0,0,0,18.9999964982271,0,1812.01363027096,0.10953926295042,10.7447195127606,0.173899531364441,0,0,4.07913685590029,497.54805752635,0,0,0.5832329839468,0,0,0,0,61.4040587842464,9.14016799628735,1353.91095659137,0,0,0,0.481600970029831,57.5538317859173,2310.53502516448,26.8629829362035,961.065391480923,1197.51344989985,0.798597618937492,3799.23269560933,3.57902580499649,380.467730589211
0,0,0,0,0,0,0,0,0,0,0,0,0,0,0,0,6.57778850197792,2.31799978017807,130.453081101179,0,0,0,0,0,0,0,0,0,0,0,0,0,0,0,0,0,0,0,0,7.17632132768631,1.69319275021553,1.58626994490623,0,0,0,4.3307671546936,0,0,0,0,0,0,0,0,0,0,0,1.15781599283218,0,0,0,0,4.07759311795235,1.44743597507477,0,0,0,0,0,0,0,0,10.8123537749052,0.802957355976105,0,0,0,0,22.17322165519,1.61369752883911,87.7457762658596,1.22272510826588,13.3954519331455,0,32.6427388638258,0,0
0,0,0,0,0,0,0,0,0,0,0,0,0,0,0,0,0,0,0,0,0,0,0,0,0,0,0,0,0,0,0,0,0,0,0,0,0,0,0,0,0,0,0,0,0,0,0,0,0,0,0,0,0,0,0,0,0,0,0,0,0,0,0,0,0,0,0,0,0,0,0,0,0,0,0,0,0,0,0,0,0,0,0,0,0,0,0
0,0,0,23.1732859089971,0,43.4119725227356,0,0,0,1.29229892790318,0,1.14067399501801,0,0,0,0,17.1105352938175,11.4327871054411,155.31271918118,1.35135328769684,0,0,0,0,0,0,0,0,0,0,0,0,0,0,0,0,0,0,0,114.847274415195,3.54888984560966,182.277651809156,4.90828198194504,4.3307671546936,0,0,0,0,0,17.9471512287855,0,6.81968270242214,0,0,0,4.29151895642281,0,60.2781396657228,0,10.5739843398333,0,1.30429617315531,1774.27818126231,0,0,0,0,0,0,0,0,0,57.0673483982682,0.478324204683304,0,0,0,0,806.518339470029,9.75647711753845,242.259336918592,1.93187683820724,66.2745833918452,0,351.828434795141,4.65274547040462,0.872536852955818
0,0,10.5306692570448,0,81.0701141506433,0,0,0,1.52543520927429,0,0,0,0,0,0,0,14.1474173069,3.25433005392551,136.304525382817,0,0.219650357961655,0,0,0,0,0,0,0,0,0,0,0,0,0,0,0,10.6538392603397,0,0,0,126.929824098945,1.99144893139601,189.292153462768,0,0,0,0,4.52211804687977,34.3680639714003,6.90346832573414,10.5193360671401,0,0,0,4.2776011377573,0,49.52784524858,0,2.74814388155937,0,0,0,0,796.701029352844,0,0,0,0,0,0,0,0.493293911218643,0,84.5720526129007,0,0,0,0,2.81142190843821,1179.20320945233,0.434015527367592,341.131735295057,85.6482597067952,0,603.931536085904,0.187308773398399,4.61420331895351
18.6953840553761,2.13518579304218,2.90815143287182,2.38666155934334,4.5903348326683,0.650028228759766,0,0,0,0,0,0,0,0,0,0,0,0,0,0,0,17.1909165531397,0.219966188073158,0,0,0,0,0,0,0,0,1146.12680544704,647.113763034344,5847.49183179438,6631.44846916199,164.932042740285,255.245499491692,2079.37763877213,2397.73790155351,124.912563830614,38.6305967569351,4.91180483996868,91.7862062901258,0,0,0,4.52211804687977,0,1135.09838846326,363.462962910533,1.59338440001011,0,0,0,1.64821153879166,1.17578779160976,2.12813697755337,0.954991817474365,0.761327624320984,0.256879091262817,0,0.233190581202507,0,1.34569357335567,1.88306225836277,4.14741058647633,7.75863352417946,0,0,0,0,0,0,0.712385207414627,1507.69647084922,3630.45301116258,3141.43333468586,3308.84720365703,421.271239593625,347.743169859052,651.256358146667,281.260288104415,391.125369802117,0,663.551988467574,0,0
204.292313456535,2.20128174871206,186.53650739044,0,57.7686672285199,0,0,0,5.69199408590794,0.307808607816696,0,0,0,0,0,0,0,0,0.8139668405056,0,0,2.44515535235405,422.018311485648,0.332084149122238,1.88389766216278,0,0,0,0,0,0,0,0,39.4855927526951,0,0,11.4657539278269,67.8829207569361,517.262972414494,0,301.094927154481,0.439622193574905,209.900920063257,0,0,0,34.3680639714003,1135.09838846326,0,6.99934747815132,17.5879027917981,0,0,0,45.7956035137177,0.149522036314011,53.5024050846696,0,14.0550859570503,0,21.2841637134552,0,0,22.1560445427895,0.321023210883141,278.051636636257,1.30079497396946,136.429675206542,0,42.1242554187775,0,10.4239309132099,0,7.57975739240646,0,0,12.5338793247938,10.6237123161554,0,719.378204658628,34.4192545711994,780.023066662252,216.212316863239,0,704.043509267271,0.172010719776154,0.445824846625328
0,424.010937169194,4.35559885203838,234.906520217657,19.0793326497078,25.6992362290621,0,0,1.00986897945404,51.2830504700541,0,0,0,0,0,0.483088493347168,0,0,2.32107865810394,1.82979239523411,0,11.9168983101845,0,1.6209941804409,0,0,0,0,0,0,0,0,0,2.83706820011139,0,206.022382363677,12.3754296600819,58.6024665236473,0,848.058844596148,0.179045736789703,573.339628189802,1.14750694483519,0,0,17.9471512287855,6.90346832573414,363.462962910533,6.99934747815132,0,5.1257435977459,2.05836410820484,0,0,0.638358250260353,114.651257231832,4.62799994647503,118.545052193105,1.33342143893242,30.788447573781,0,55.4785119146109,5.76266472041607,6.19929699599743,21.0671922266483,0,0.544030725955963,0,94.7144265770912,0,305.575264692307,0,98.0797294378281,0.883114844560623,0,0,5.29631704092026,0.782608449459076,511.320920072496,9.19510678946972,441.825884088874,1.85178783535957,301.235328085721,0,1805.13509301841,7.60654658079147,0
0,0,1.8857299387455,0,457.978783115745,0,0,0,61.6216931343079,0,0,0,0,0,0,0,0.137962087988853,0,0.483548223972321,0,8.19711157679558,0,0,0,0,0,0,0,0,0,0,0,0,0,0,0,18.8899995088577,0,0,0,1.20352417230606,0,17.0186718925834,0,0,0,10.5193360671401,1.59338440001011,17.5879027917981,5.1257435977459,0,0,0,0,0,0,9.83077669143677,0,0,0,0,0,0,37.0093670189381,0,0,0,0,0,0,0,0,0,3.78519241511822,0,0,0,0,0,9.02049238979816,0,3.25765451788902,51.9127847850323,0,131.645191662014,0,0.331716477870941
0,0,0,0,0,826.867804169655,0,53.8440780639648,0,4.92819762229919,0,0,0,13.0821702480316,0,1.10886877775192,0,0,0,5.49166023731232,0,0,0,0,0,0,0,0,0,0,0,0,0,0,0,0,0,0,0,0,0,1.01476319134235,0,0,0,6.81968270242214,0,0,0,2.05836410820484,0,0,0,47.3996427059174,0,1.33442354202271,0,0.223863020539284,0,91.3161209821701,0,50.5503544211388,18.025306776166,0,0,0,0,0,0,0,0,0,0.130784496665001,0,0,0,0,0,2.64592222869396,0,0,0,116.912782326341,0,20.4773017764091,0,0
0,0,0,0,0,0,2,0,0,0,0,0,0,0,0,0,0,0,0,0,0,0,0,0,0,0,0,0,0,0,0,0,0,0,0,0,0,0,0,0,0,0,0,0,0,0,0,0,0,0,0,0,0,0,0,0,0,0,0,0,0,0,0,0,0,0,0,0,0,0,0,0,0,0,0,0,0,0,0,0,0,0,0,0,0,0,0
0,0,0,0,0,0,0,117.579042434692,0,0,0,0,0,0,0,0,0,0,0,0,0,0,0,0,0,0,0,0,0,0,0,0,0,0,0,0,0,0,0,0,0,0,0,0,0,0,0,0,0,0,0,47.3996427059174,0,0,0,0,0,0,0,0,0,0,0,0,0,0,0,0,0,0,0,0,0,0,0,0,0,0,0,0,0,0,0,0,0,0,0
43.9891011416912,0,16.3886776119471,0,0.297942161560059,0,0,0,1646.77696816623,0,0,0,0,0,0,0,0,0,1.43760883808136,0,0,0,0,0,0.463748618960381,0,0,0,0,0,0,0,0,0,0,0,0,0,11.802578613162,0,0.743939384818077,0,18.9999964982271,0,0,0,4.2776011377573,1.64821153879166,45.7956035137177,0.638358250260353,0,0,0,0,0,0,6.60634404420853,0,0,0,116.607514858246,0,0,1.3622809946537,0,0,0,41.4466558992863,0,6.51959574222565,0,0,0,8.87149569392204,0,0,0,0,0.16554206609726,1.96020741760731,0,174.210905402899,10.0713439285755,0,53.4194684103131,0,1.52552166581154
0,24.4228411614895,0,46.8723486065865,0,70.2318333089352,0,0,0,1018.21111634374,0,0,0,0,0,41.4852400720119,0,0.257374167442322,0.421560242772102,0,0,0,0,33.1553039252758,0,0,0,0,0,0,0,0,0,0.328955113887787,0,0,0,1.77104097604752,0,3.60200890898705,0.130245059728622,29.4959508404136,0,0,0,4.29151895642281,0,1.17578779160976,0.149522036314011,114.651257231832,0,1.33442354202271,0,0,0,0,0,0.646442413330078,0,0,0,605.101000070572,1.53396955132484,0,0,0,557.542570099235,0,0.238379776477814,0,0,0,9.0419964492321,0,0,0,0,0,5.58185293525457,0,7.59331262111664,0,14.699227258563,0,81.061069086194,0.934012711048126,0
1.19903150200844,0,111.576654434204,0,6.34774388372898,0,0,0,3.95426520705223,0,498.50568407774,0,6.50313401222229,0,0,0,5.24736752361059,1.14294031262398,18.7094921916723,0,12.3219166398048,0,0,0,0,0,0,0,0,0,0,0,0,0,0,0,9.11753694713116,0.350673854351044,0,0.157218441367149,16.5006738230586,0.807588621973991,1812.01363027096,0,0,0,49.52784524858,2.12813697755337,53.5024050846696,4.62799994647503,9.83077669143677,0,0,0,6.60634404420853,0,0,0.201860204339027,205.914212048054,0,1.58453014492989,0,0,633.087482497096,0,0,0,0,0,0,0,127.673686414957,0.900032460689545,624.444690778852,0,0,0,0,1.2646529302001,41.2021893933415,1.4820222556591,7.00659948587418,58.2214614376426,0,871.669430725276,0,133.436118282378
0,0,0,47.8386945053935,0,2.48285119235516,0,0,0,12.3299832493067,0,722.682138577104,0,0,0,0,1.28743840754032,2.05469381809235,19.8867863565683,276.442397773266,0,0,0,0.839287519454956,0,0,0,0,0,340.130443379283,0,0,0,0,0,16.1267103552818,0,389.850178867579,0,7.95615098625422,0.386907309293747,530.3873751387,0.10953926295042,1.15781599283218,0,60.2781396657228,0,0.954991817474365,0,118.545052193105,0,0.223863020539284,0,0,0,0.646442413330078,0.201860204339027,0,0,99.7154929488897,0,0,366.039042159915,0,0,0,0,0,0,0,43.1165810525417,0,1044.35332962126,0,0,0,0,0,152.509854018688,0.896059051156044,56.539172694087,0,280.148906171322,0,883.450615331531,24.1390687301755,0.410295188426971
0,0,4.62308210134506,0,3.13183721899986,0,0,0,0,0,0,0,341.62510985136,0,158.124916553497,0,1.41020667552948,0,0,0,0,0,0,0,0,0,0,0,2,0,0,0,0,0,0,0,1.15448069572449,0,0,0,0.486306607723236,0,10.7447195127606,0,0,0,2.74814388155937,0.761327624320984,14.0550859570503,1.33342143893242,0,0,0,0,0,0,205.914212048054,0,0,0,10.3813642263412,0,0,2.36921270191669,0,0,0,0,0,0,0,151.766756534576,0,2.90166872739792,0,0,0,0,0,1.15981719642878,0,0.28358718752861,7.56309048831463,0,14.6094411835074,0,0
0,0,0,12.9830954968929,0,3.15226769447327,0,0,0,0,0,0,0,364.219377145171,0,6.5091210603714,0,0,0.998108327388763,0,0,0,0,0,0,36.6269382238388,0,76.591638058424,0,0,0,0,0,0,0,0.622763723134995,0,0,0,1.40622912347317,0,6.35569993406534,0.173899531364441,0,0,10.5739843398333,0,0.256879091262817,0,30.788447573781,0,91.3161209821701,0,0,0,0,0,99.7154929488897,0,0,0,98.5283128023148,3.59580174088478,0,0,0,0,0,211.231447130442,0,10.2098671495914,0,0.937677480280399,0,0,0,0,0,0.573362655937672,0,1.36740932613611,0,24.4922137632966,25.769410610199,31.6442268490791,0,0
1,0,0,0,0,0,0,0,47.8039380908012,0,0,0,0,0,125.469255685806,0,18.321550399065,0,0,0,0,0,0,0,0,0,0,0,0,0,0,0,0,0,0,0,0,0,0,0,0,0,0,0,0,0,0,0,21.2841637134552,0,0,0,0,0,116.607514858246,0,1.58453014492989,0,10.3813642263412,0,0,0,0,0,0,0,0,0,0,0,0,0,0,0,0,0,0,0,0,0,0,0,45.9265415966511,0,0,0,0
0,8.07153597474098,0,27.7125738561153,0,40.079683303833,0,0,0,241.564632564783,0,0,0,63.5783081054688,0,141.877852737904,0,0,0,0,0,0,0,26.8261115550995,0,0,0,0,0,0,0,0,0,0,0,0,0,0,0,0.356397315859795,0,9.95176445692778,0,0,0,1.30429617315531,0,0.233190581202507,0,55.4785119146109,0,50.5503544211388,0,0,0,605.101000070572,0,0,0,98.5283128023148,0,0,0.683678008615971,0,0,0,0.969990432262421,0,1.62876027822495,0,0,0,0.827046737074852,0,0,0,0,0,0.773756220936775,0.164036005735397,0.892297506332397,0.117831878364086,51.6221725046635,0,27.5474761202931,0.165665060281754,0
0.374602437019348,0.0842730551958084,0,9.76006931811571,0,77.5154853314161,0,0,0,1.86430762708187,0,16.8993664085865,0,0,0,0,19.0741254240274,28.1280935332179,278.698309630156,181.051657319069,0,0,0,0,0,0,0,0,0,0,0,0,0,0,0,338.735060214996,0,10.1388075500727,0,212.698522046208,5.71138608455658,236.375660568476,4.07913685590029,4.07759311795235,0,1774.27818126231,0,0,0,5.76266472041607,0,18.025306776166,0,0,0,1.53396955132484,0,366.039042159915,0,3.59580174088478,0,0.683678008615971,0,0,0,0,0,0,0,0,2.50266554951668,0,351.441136904061,0.860877245664597,0,0,0,0,1109.1486479789,8.62820585072041,2229.23147116601,4.22973047196865,172.005446970463,0.194442376494408,1463.49153716862,2.33372690528631,0.648710027337074
0,0,7.97726358473301,0,375.14112611115,0,0,0,0,0,0.959594249725342,0,0,0,0,0,28.5085580646992,11.5984440147877,114.0237095505,0,610.413193121552,0,0,0,0,0,0,0,0,0,0,0,0,0,0,0,127.617510199547,0,92.5399717986584,0,328.719442434609,3.46302293986082,497.54805752635,1.44743597507477,0,0,796.701029352844,1.34569357335567,22.1560445427895,6.19929699599743,37.0093670189381,0,0,0,1.3622809946537,0,633.087482497096,0,2.36921270191669,0,0,0,0,0,0,0,0,0,0,0,0,1.41566702723503,0,326.512268692255,0,0,0,0,3.4809667095542,1409.74544070661,10.7805040180683,1115.79925876111,253.115283213556,0.204119354486465,940.690032668412,0.199299782514572,56.5492851883173
0,0,0,0,0,0,0,0,0,0,0,0,0,0,0,0,0,0,0,0,0,7818.06813097,237.994669556618,250.951773434877,0,56.6463207006454,0,222.495017528534,0,0,0,0,0,0,0,0,0,798.507355004549,0.404651641845703,0,0,0,0,0,0,0,0,1.88306225836277,0.321023210883141,21.0671922266483,0,0,0,0,0,0,0,0,0,0,0,0,0,0,0,0,2.46182328462601,0,4.92407244443893,0,75.4172658920288,0,0,0,0,0,0,0,0,0,334.097319662571,0.722865611314774,315.834683895111,0,0,0,0
0,0,0,0,0,0,0,0,0,0,0,0,0,0,0,0,0,0,0,0,0,0,5366.08530580997,0,0,0,0,0,6.55588102340698,0,0,0,0,0.259527802467346,0,0,0,1.28157293796539,704.558456331491,0,0,0,0,0,0,0,0,4.14741058647633,278.051636636257,0,0,0,0,0,0,0,0,0,0,0,0,0,0,0,0,0,0,7.13099038600922,0,0,0,17.2810266017914,0,0,0,0,0,0,0,0,0,61.1986149847507,316.423226386309,0,0.504683941602707,0,0
0.751867711544037,7.0900766402483,0,0,0,0,0,0,0,28.3685238957405,0,0,0,0,0,0,0,0,0,0,0,109.529311537743,0,894.050705909729,0,48.7128681987524,0,0,0,0,0,0,0,0,0,0,0,455.234465628862,1.92833296954632,0,0,2.46828362345695,0.5832329839468,0,0,0,0,7.75863352417946,1.30079497396946,0.544030725955963,0,0,0,0,0,557.542570099235,0,0,0,0,0,0.969990432262421,0,0,2.46182328462601,0,0,0,11.4481713175774,0,0,0,0,0,0,0,0,0,0,0,1168.33053962886,0.192548915743828,55.4039895683527,0,28.4782768338919,1.31892275810242,0
0,0,0,0,0,0,0,0,1,0,0,0,0,0,0,0,0,0,0,0,0,0,11.5790411233902,0,351.661230027676,0,0,0,0,0,0,0,0,0,0,0,0,0,524.482911631465,0,0,0,0,0,0,0,0,0,136.429675206542,0,0,0,0,0,41.4466558992863,0,0,0,0,0,0,0,0,0,0,7.13099038600922,0,0,0,16.8111187815666,0,0,0,0,0,0,0,0,0,0,0,722.780447900295,1,0,115.484445244074,0,0
0,0.797287344932556,0,0,0,0,0,0,0,0,0,0,0,0,0,0,4.8898706138134,211.963398098946,2.46352481842041,0,0,0,0,67.587075650692,0,255.949100643396,0,277.105177521706,0,0,0,0,0,0,0,0,0,0,0,0,0,0,0,0,0,0,0,0,0,94.7144265770912,0,0,0,0,0,0.238379776477814,0,0,0,211.231447130442,0,1.62876027822495,0,0,4.92407244443893,0,11.4481713175774,0,0,0,260.026938259602,0,0,0,0,0,0,0,0.51157808303833,0,0,0,199.382481426001,0,1.84709566831589,0,0
0,0,0,0,0,0,0,0,6.8668158352375,0,0,0,0,0,0,0,326.162821158767,11.9523962438107,12.3295471668243,0,0,0,6.74106884002686,0,27.3202495574951,0,125.050221443176,0,0,0,0,0,0,0,0,0,0,0,0,0,0,0,0,0,0,0,0,0,42.1242554187775,0,0,0,0,0,6.51959574222565,0,0,0,0,0,0,0,0,0,0,0,0,16.8111187815666,0,0,0,0,0,0,0,0,0,0,0,0.222125142812729,0,0,25.5963644236326,0.611940622329712,2.06460732221603,0,0
0,0,0,0,0,0,0,0,0,4.33982628583908,0,0,0,35.2389650940895,0,0,0.19897323846817,0,0.548051774501801,0,0,2.22116947174072,0,0,0,6.93058982491493,0,1254.23082274199,0,1,0,0,0,0,0,0,0,87.5645563006401,0,0.156664863228798,0,33.5882530882955,0,0,0,0,0,0,0,305.575264692307,0,0,0,0,0,0,0,43.1165810525417,0,10.2098671495914,0,0,2.50266554951668,0,75.4172658920288,0,0,0,260.026938259602,0,0,0,492.415950521827,0,0,0,0,0,0.661972299218178,0,61.947759270668,0,76.7248485088348,9.43265342712402,32.5065620616078,1.96941423416138,0
0,0,0.564208954572678,0,0,0,0,0,0,0,0,0,1,0,0,0,0,0,0,0,0,0,0.767245054244995,0,0,0,0,0,458.823103487492,0,1.79057419300079,0,0,0,0,0,0,0,3.20759272575378,0,0,0,61.4040587842464,0,0,0,0.493293911218643,0,10.4239309132099,0,0,0,0,0,0,0,127.673686414957,0,151.766756534576,0,0,0,0,1.41566702723503,0,17.2810266017914,0,0,0,0,0,0,0,22.0294922590256,0,0,0,0,0,0,0,198.507825046778,2.35523656010628,0,17.2222412526608,0,2.96643161773682
0,3.15951724350452,0,35.947844080627,0,1.74307928979397,0,0,0,14.2625584229827,0,119.52466006577,0,0,0,0,12.190594188869,19.9967008978128,143.220459111035,0.279656559228897,0,0,0,0.406376153230667,0,0,0,6.01140373945236,0,905.539161100984,0,0,0,0,0,0,0,289.233718335629,0,9.13003584742546,4.45670863240957,1388.87743294239,9.14016799628735,10.8123537749052,0,57.0673483982682,0,0,0,98.0797294378281,0,0.130784496665001,0,0,0,9.0419964492321,0.900032460689545,1044.35332962126,0,0.937677480280399,0,0.827046737074852,351.441136904061,0,0,0,0,0,0,0,492.415950521827,0,0,4.4232796728611,0,0,0,0,153.336343199015,5.69603139162064,240.132503695786,4.04357878863811,419.183931462467,0,1414.027403377,314.253891021013,3.18933744728565
8.31735336780548,0,21.6823651790619,0,12.3275927305222,0,0,0,2.10554325580597,0,1.67962270975113,0,0,0,0,0,18.9413148388267,12.0897951945662,157.572280324996,0,6.70427125692368,0,0,0,0,0,0,0,4.83047962188721,0,38.9872541427612,0,0,0,0,0,0,0,102.934208750725,2.56711328029633,54.7283091843128,2.27328103780746,1353.91095659137,0.802957355976105,0,0.478324204683304,84.5720526129007,0.712385207414627,7.57975739240646,0.883114844560623,3.78519241511822,0,0,0,8.87149569392204,0,624.444690778852,0,2.90166872739792,0,0,0,0.860877245664597,326.512268692255,0,0,0,0,0,0,0,22.0294922590256,4.4232796728611,0,0,0,0,0,5.18178059160709,90.3371048942208,6.48716196417809,65.5411385521293,249.840949073434,0.726293742656708,735.442611344159,0.578229516744614,219.928160518408
0,0,0,0,0,0,0,0,0,0,0,0,0,0,0,0,0,0,0,0,0,0,0,0,0,0,0,0,0,0,0,2834.95350862294,292.947215020657,83.6032201349735,0,373.151402831078,0,0,0,0.241423957049847,0,0,0,0,0,0,0,1507.69647084922,0,0,0,0,0,0,0,0,0,0,0,0,0,0,0,0,0,0,0,0,0,0,0,0,0,0,0,163.803557023406,189.023156538606,0,47.2512691468,2.42457850277424,0,0,143.717667251825,0,0,0,0
0,0,0,0,0,0,0,0,0,0,0,0,0,0,0,0,0,0,0,0,0,0,0,0,0,0,0,0,0,0,0,572.773995429277,2093.44980190694,3.75050780177116,205.885389938951,0,15.6651356518269,0,0,0,0,0,0,0,0,0,0,3630.45301116258,0,0,0,0,0,0,0,0,0,0,0,0,0,0,0,0,0,0,0,0,0,0,0,0,0,0,163.803557023406,0,18.1619301438332,141.179042831063,3.67235268652439,55.5208324790001,0,0,479.308938220143,0,0,0,0
1.57797127962112,0,0,0,0,0,0,0,0,0,0,0,0,0,0,0,0,0,0,0,0,0,0,0,0,0,0,0,0,0,0,89.15459407866,5.55996108055115,3617.94038151205,1255.1871445775,72.8192973956466,0,336.328461259604,0.299793362617493,0.166798815131187,0,0,0,0,0,0,0,3141.43333468586,12.5338793247938,5.29631704092026,0,0,0,0,0,0,0,0,0,0,0,0,0,0,0,0,0,0,0,0,0,0,0,0,189.023156538606,18.1619301438332,0,334.445278227329,68.6078397035599,0,89.2193627953529,1.73043498396873,1504.29197588563,0,9.41156765818596,0,0
0,0.16146045923233,0,0,0.20898112654686,0,0,0,0,0,0,0,0,0,0,0,0,0,0,0,0,0,0,0,0,0,0,0,0,0,0,0,72.9919149279594,1004.00430935621,3901.78022134304,0,239.730373978615,1.51581366360188,9.5107284784317,0,0,0,0.481600970029831,0,0,0,0,3308.84720365703,10.6237123161554,0.782608449459076,0,0,0,0,0,0,0,0,0,0,0,0,0,0,0,0,0,0,0,0,0,0,0,0,0,141.179042831063,334.445278227329,0,0,344.428381308913,2.96427035331726,320.24527926743,406.564112216234,0,15.0957170575857,0,0
0.241099551320076,11.4092815890908,0,20.3035027310252,0,36.5077328979969,0,0,9.31660832464695,2.65525029599667,0,1.01901903748512,0,0,0,0,295.253053881228,346.042454659939,3553.18589438498,356.77473436296,0,0,0,0,0,0,0.127665758132935,0,0,0,0,269.911788761616,0,179.189075887203,0,9248.21644686162,221.788771688938,236.170056387782,10,601.661019355059,51.5532117336988,2787.02598397434,57.5538317859173,22.17322165519,0,806.518339470029,2.81142190843821,421.271239593625,0,511.320920072496,0,2.64592222869396,0,0,0.16554206609726,5.58185293525457,1.2646529302001,152.509854018688,0,0.573362655937672,0,0.773756220936775,1109.1486479789,3.4809667095542,0,0,0,0,0.51157808303833,0,0.661972299218178,0,153.336343199015,5.18178059160709,47.2512691468,3.67235268652439,68.6078397035599,0,0,74.5650287717581,2085.90296193957,32.1754481941462,1356.19826707989,40.7430124431849,1858.03835961968,140.739778377116,22.8907157331705
