0,0,393.726517438889,0,31.3287743330002,0,0,0,179.122169345617,0,0,0,0,0,0,0,12.3517437726259,3.38409292697906,117.995155394077,0,0,0,0,0,7.96346971392632,0,0,0,0,0,0,0,0,0.717122793197632,1.78273473680019,0,0,0,26.9225365817547,0,0,0,3.23688971996307,0,0,0,0,119.911454021931,339.660994902253,0,60.9331326186657,0,0,0,82.3726001977921,0,0,0,0,0,74.1796614229679,1.22773253917694,0,0,0,0,0,130.121545225382,0,14.7675282359123,0,0,0,0,0,0,1.36195769906044,0,0,0,0.289607018232346,8.97303119301796,243.941335767508,0,347.980287894607,0,3.09640163183212
0,0,0,836.721371412277,0,134.362950161099,0,0,0,643.856803297997,0,0,0,0,0,0,0,0,0,0,0,0,0,6.55536532402039,0,0,0,0,0,0,0,0,0,0,0,0,0,20.982265740633,0,0,0,20.589459747076,0,0,0,0,0,6.08879995346069,0,269.96056085825,0,19.6457595825195,0,0,0,264.55886438489,0,0,0,0,0,15.3240662813187,0,0,0,0,131.470178037882,0,76.1296094655991,0,0,0,0,0,0,0,0,0,0,0,0.324029713869095,0,575.968056857586,1.28212934732437,440.556989192963,4.10044682025909,0
393.726517438889,0,0,0,125.740546703339,0,0,0,209.839217811823,0,0,0,0,0,0,0,0,0,16.2700832486153,0,0,0,0,0,0,0,0,0,0,0,0,0,1.08898763358593,0,0.400328725576401,0,13.866539567709,0,0.533701285719872,0,9.23000477254391,0,13.5352057814598,0,0.318153202533722,0,206.514731287956,22.2406431883574,96.2768170237541,2.01564387977123,180.503563269973,0,0,0,92.3214380741119,0,2.01333448290825,0,0,0,1.96959021687508,0,0,0,0,0,0,1.14079463481903,0,0,0,0,0,7.55175432562828,0,0,0,0.184091627597809,0,0.892615526914597,0,1.41654461622238,248.907785519958,0,1083.68821299076,0,0
0,836.721371412277,0,0,0,108.275586158037,0,0,0,93.5503554940224,0,0,0,0,0,0,0,0,2.88162302970886,0,0,0,0,0,0,0,0,0,0,0,0,0,0,0,0,37.300110667944,0,0,0,0,0,4.88158290088177,0,0,0,39.496054649353,0,2.79773178696632,0,354.078074425459,0,9.68661324679852,0,0,0,10.9732437133789,0,3.75089299678802,0,15.4391278624535,0,10.1866735219955,0.305471450090408,0,0.287680983543396,0,0,0,0,0,0,0,1.4236715734005,0,0,0,0,0,0.400007873773575,0,2.13880380988121,0,347.356485083699,1.67421728372574,1469.35242184997,0,0
31.3287743330002,0,125.740546703339,0,0,0,39.5084634423256,0,180.922252655029,0,0,0,0,0,0,0,0,0,0,0,0,0,0,0,0,0,0,0,0,0,0,0,0,0,0,0,1.56284023821354,0,0,0,12.8491252809763,0,0.288693517446518,0,0,0,60.0343098938465,1.17540538311005,10.4625108391047,0,25.3592658340931,0,7.36427664756775,0,17.4865387678146,0,3.419125020504,0,0,0,0,0,0,77.2182560265064,0,0,0,0.446852713823318,0,0,0,0,0,0,0,0,0,0,0,0,0,0,620.478668570518,0,91.2943737208843,0,0
0,134.362950161099,0,108.275586158037,0,0,0,42.5526556968689,0,38.6807182133198,0,0,0,0,0,0,0,0,0,0,0,0,0,0,0,0,0,0,0,0,0,0,0,0,0,0.517396688461304,0,0,0,0,0,0,0,0,0,0.576844871044159,0,0,0,0,0,49.4608996510506,0,17.3513827323914,0,80.5880842208862,0,0,0,10.3647740781307,0,1.97303685545921,0.449016213417053,0,0,0,0,0,0,0,0,0,0,0,0,0,0,0,0,0,0,0,229.691093444824,154.137198925018,0.458196759223938,0,0
0,0,0,0,39.5084634423256,0,0,0,0,0,0,0,1,0,0,0,0,0,0,0,0,0,0,0,0,0,0,0,0,0,0,0,0,0,0,0,0,0,0,0,0,0,0,0,0,0,0,0,0,0,0,0,664.785732388496,0,0,0,0,0,1,0,0,0,0,0,0,0,0,0,0,0,0,0,0,0,0,0,0,0,0,0,0,0,221.864286780357,0,0,0,0
0,0,0,0,0,42.5526556968689,0,0,0,0,0,36.7591312527657,0,0,0,0,0,0,0,0,0,0,0,0,0,0,0,0,0,0,0,0,0,0,0,2.15132617950439,0,0,0,0,0,0,0,0,0,0,0,0,0,0,0,0,0,240.848344802856,0,0,0,219.350562572479,0,0.7864790558815,0,0,0,0,0,0,0,0,0,0,0,0,0,0,0,0,0,0,0,0,0,0,82.6397665739059,235.094374537468,0,0,0
179.122169345617,0,209.839217811823,0,180.922252655029,0,0,0,0,15.3884040117264,0,0,0,0,13.145989716053,4.66566643118858,1057.84280745685,244.898940429091,99.2744100242853,0.195475175976753,0,0,0,0,34.9524525105953,0,1.35932886600494,0,0,0,0,0,0,0,0,0,0,1.62971997261047,47.2903331816196,0.826454758644104,1.70117211341858,2.00599384307861,4.47692357003689,0,0,0.356946915388107,0,1.21248990297318,6.60519844293594,0,17.4892286360264,0,0,0,400.820999741554,0,0,0,0,0,0.388827294111252,1.57021862268448,0,0,0,0,0,131.890225246549,3.16797852516174,0,0,0,0,0.385731488466263,0,0,0,0,0.522673010826111,2.08070278167725,0.384971588850021,57.5070619732141,530.759133040905,0.201581493020058,108.491980940104,0,15.336518034339
0,643.856803297997,0,93.5503554940224,0,38.6807182133198,0,0,15.3884040117264,0,0,0,0,0,0,121.254700899124,324.001214951277,1662.52033828199,86.7040829062462,0,0,0,0,2.62246626615524,0,15.5037786960602,0,0,0,0,0,0,0,0,0,0,0,11.6481003910303,0,1.55747735500336,1.9411393404007,3.79621709883213,5.66529530286789,0,0,0.729004144668579,0,0,0,1.16097724437714,0,0,0,0,0,219.059091478586,0,0,0,0,0.459659904241562,29.0531419813633,0.199605330824852,0,0,0,56.9282090365887,0,10.2753459513187,0,0,0,0.313304632902145,0,0,0,0,0,2.822400867939,2.20419460535049,121.290820971131,0.425920784473419,725.566695019603,21.4176168441772,24.9511507153511,0,0.205969005823135
0,0,0,0,0,0,0,0,0,0,0,0,0,0,0,0,0,0,0,0,319.803749084473,0,0,0,0,0,0,0,0,0,44.8923729658127,0,0,0,0,0,159.135764360428,0,1951.05449739099,0,0,0,0,0,0,0,0,0,0,0,0,0,0,0,0,0,224.023526236415,0,0,0,0,0,0,1.45115642249584,0,0,0,0,0,0,0,1.53005217015743,0,0,0,0,0,0,0,0,0,7.55962800979614,215.728074997663,0,0,0,0
0,0,0,0,0,0,0,36.7591312527657,0,0,0,0,0,87.8049732446671,0,0,0,0,0,325.996543884277,0,0,0,0,0,0,0,311.371637165546,0,121.883515506983,0,0,0,0,0,38.3833916187286,0,734.831292748451,0,0,0,0,0,0,0,0,0,0,0,0,0,0,0,72.0609019398689,0,0,0,1261.9498141408,0,0,0,0,1.24462199211121,0,0,0,0,0,0,0,107.447271108627,0,899.450625151396,0,0,0,0,0,0,0,134.227892637253,0,753.310401678085,1.2771258354187,0,0,0
0,0,0,0,0,0,1,0,0,0,0,0,0,0,0,0,0,0,0,0,0,0,0,0,0,0,0,0,0,0,0,0,0,0,0,0,0,0,0,0,0,0,0,0,0,0,0,0,0,0,0,0,0,0,0,0,0,0,0,0,0,0,0,0,0,0,0,0,0,0,0,0,0,0,0,0,0,0,0,0,0,0,0,0,0,0,0
0,0,0,0,0,0,0,0,0,0,0,87.8049732446671,0,0,0,0,0,0,0,0,0,0,0,0,0,0,0,2.74536561965942,0,0,0,0,0,0,0,0,0,0,0,0,0,0,0,0,0,0,0,0,0,0,0,0,0,0,0,0,0,28.4312062859535,0,1,0,0,0,0,0,0,0,0,0,0,1,0,0,0,0,0,0,0,0,0,0,0,0,1,0,0,0
0,0,0,0,0,0,0,0,13.145989716053,0,0,0,0,0,0,0,365.242266386747,61.5138726085424,15.8072048723698,0,0,0,0,0,0.321365833282471,0,0,0,0,0,0,0,0,0,0,0,0,0,0,0,0,0,0,0,0,0,0,0,0,0,0,0,0,0,0,0,0,0,0,0,1.41897124052048,0,0,0,0,0,0,0,0,0,0,0,0,0,0,0,0,0,0,1.32350760698318,0,1.50004330277443,60.857915520668,4.34684371948242,0.501575350761414,0,1.24542808532715
0,0,0,0,0,0,0,0,4.66566643118858,121.254700899124,0,0,0,0,0,0,109.023076117039,1063.71243047714,29.191405415535,0,0,0,0,5.86424678564072,0,13.9266103059053,0,0,0,0,0,0,0,0,0,0.186434119939804,0,0,0,0,0,5.08257031440735,0,0,0,0,0,0,0,0,0,0,0,0,0,111.678223967552,0,0,0,2,0.910837471485138,83.3997050523758,0,0,0,0,0,0,1.47051322460175,0,0,0,0,0,0,0,0,0,0.541960716247559,0.370368629693985,0,1.63077279925346,458.192730978131,18.2781631946564,0.348605394363403,0,0
12.3517437726259,0,0,0,0,0,0,0,1057.84280745685,324.001214951277,0,0,0,0,365.242266386747,109.023076117039,0,17917.6541633457,5454.30367731303,0,0,0,0,0,101.109407514334,28.9121499061584,145.5256626755,0,0,0,0,0,0,0,0.210090473294258,7.23139248788357,29.7611812949181,16.9496343582869,36.1789829581976,42.5620166808367,68.2644585669041,58.0487286671996,310.551050744951,18.5172830969095,3.59259706735611,6.12886419892311,12.5941156297922,0.804573148488998,27.2847883701324,2.39041048288345,0,0,0,0,2.09708452224731,29.0436563491821,0,0,0,0,241.166083827615,42.2349652349949,2.21024628728628,4.06430733203888,0,0,0,0,8.58281615376472,0,0.65280556678772,0,0.847767472267151,11.7185467630625,0,1.27918815612793,0,0.155132964253426,77.0581413581967,296.855081446469,39.4150478094816,315.292569667101,19749.2856770307,1084.78382815421,132.303668968379,3.46131592988968,35.7260689437389
3.38409292697906,0,0,0,0,0,0,0,244.898940429091,1662.52033828199,0,0,0,0,61.5138726085424,1063.71243047714,17917.6541633457,0,6825.56016374379,0,0,0,0,16.2989014685154,19.8803028762341,316.035835951567,8.60082268714905,0,0,0,0,0,0,0,0,46.2741953805089,9.64990106225014,75.8586532771587,14.0928182303905,94.6337364912033,32.4631389826536,175.943985939026,166.867614328861,33.6208959668875,5.21262285113335,10.4496572390199,7.64514777064323,3.65428845584393,11.324503839016,16.0036057531834,0,0,0,0,0,151.687219768763,0,0.121359631419182,0,0,43.3854065835476,289.764453202486,6.57510715723038,4.5117649435997,0,0,0.106907092034817,0,116.265419557691,0,0.853301510214806,0,2.33211496472359,1.9881339520216,0,0,0.292212009429932,0,203.96276178211,186.371829047799,131.270401299,123.29712061584,24054.395661138,1963.88349345326,156.70115108043,18.2632546126842,8.51166686415672
117.995155394077,0,16.2700832486153,2.88162302970886,0,0,0,0,99.2744100242853,86.7040829062462,0,0,0,0,15.8072048723698,29.191405415535,5454.30367731303,6825.56016374379,0,0.293126493692398,2.43319272994995,0,0,0,2.34986129403114,2.44432044029236,0,0,0,0,0,0,0,2.05286676436663,0,184.363003969193,153.876507095993,349.679270073771,147.461452886462,531.676267199218,380.359601475298,1094.72450740635,1032.71063163131,444.474861711264,38.9350965321064,94.796997025609,125.403698049486,21.6579701527953,136.687424175441,62.6144911423326,0,0,0,0,2.45802173018456,8.52740097045898,2.06966038048267,0.27847895026207,0,0,10.4217397868633,10.9739062786102,23.2211320251226,17.4403165429831,1.57219283282757,0,0,0.457573354244232,0.230645358562469,0,2.28248777985573,0,10.1909121349454,51.3961668610573,0.20975761115551,3.08045797049999,2.71262574195862,0,1344.84085807204,2294.70151515305,703.55879021436,892.880541980267,7950.2590316087,171.843093819916,1615.95473145694,223.273388981819,88.3539773821831
0,0,0,0,0,0,0,0,0.195475175976753,0,0,325.996543884277,0,0,0,0,0,0,0.293126493692398,0,0,0,0,0,0,0,0,0,0,0,0,0,0,0,0,198.845114909112,0,125.807791665196,0,2.53201404213905,0,3.36030347645283,0,0.207830861210823,0,189.617449052632,0,2.90134765952826,0,1.15975984930992,0,0,0,0,0,0,0,103.240695625544,0,0,0,0,1436.00961461663,0,0,0,0,0,0,0,0.336250752210617,0,166.025685667992,0,0,0,0.327740997076035,0,371.15912899375,0,1290.84426027536,0,187.536759033799,9.25841271877289,18.6562454402447,0.822081029415131,0
0,0,0,0,0,0,0,0,0,0,319.803749084473,0,0,0,0,0,0,0,2.43319272994995,0,0,0,0,0,0,0,0,0,0,0,0,0,0,0,0,0,524.711208157241,0,570.041136443615,0,0,0,0,0,0.252385079860687,0,12.0085766613483,0,0,0,0,0,0,0,0,0,108.6392467767,0,0,0,0,0,0,846.076975598931,0,0,0,0,0,0,0,0,0,8.60503037273884,0,0,0,0,0,365.284167200327,0,395.023529157043,194.853320926428,0,0,0,0
0,0,0,0,0,0,0,0,0,0,0,0,0,0,0,0,0,0,0,0,0,0,136.198464274406,423.340514421463,0,148.47433039546,0,57.3775727748871,0,0,0,0,0,0,0,0.341880559921265,0,83.7992913722992,0,0.264793515205383,0,4.22585421800613,0,0,0,5.3296335041523,0,0.253466844558716,0,1.57265697419643,0,0,0,0,0,0,0,35.5337938219309,0,0.407244503498077,0,0,8.84757900238037,0,5046.89341935515,0,335.058169513941,0,391.99961835146,0,588.974539399147,0,1.44598177075386,0,0,0,0,0,0.744010537862778,0,8.68021887540817,0,509.085980474949,19.298105597496,6.95559656620026,0,0
0,0,0,0,0,0,0,0,0,0,0,0,0,0,0,0,0,0,0,0,0,136.198464274406,0,0,185.394274801016,0,10.8464615643024,0,3,0,0,0,0,0,0,0,0,0,859.0772870332,0,0,0,0,0,0,0,0,0,423.15719628334,0,0,0,0,0,0,0,10.9580238163471,0,0,0,0,0,0,0.855966806411743,0,4795.27284188569,0,103.628019124269,0,349.149023622274,0,100.489605218172,0,0.341745227575302,0,0,0,0,0,0,0,253.300002798438,605.077132180333,5.13728833198547,0,0,0
0,6.55536532402039,0,0,0,0,0,0,0,2.62246626615524,0,0,0,0,0,5.86424678564072,0,16.2989014685154,0,0,0,423.340514421463,0,0,0,47.3016205728054,0,0,0,0,0,0,0,0,0,0,0,510.102240920067,0,0,0,1.49887877702713,0,0,0,1.26863086223602,0,0,0,2.53857547044754,0,0,0,0,0,0.314585387706757,0,16.1641727983952,0,0,0,2.10117837786674,2.39953792095184,0,32.3389540910721,0,343.22628583014,0,58.8080578148365,0,64.2016108930111,0,1.6698893904686,0,0,0,0,0,0.199551925063133,0,87.1498358845711,0,122.626121222973,0,5.65785464644432,0,0
7.96346971392632,0,0,0,0,0,0,0,34.9524525105953,0,0,0,0,0,0.321365833282471,0,101.109407514334,19.8803028762341,2.34986129403114,0,0,0,185.394274801016,0,0,0,43.3039427697659,0,0,0,0,0,0,0,0,0,0,0,37.6336552798748,0,0,0.782969653606415,0,0,0,0,0,0,2.9014393389225,0,0,0,0,0,9.63902992010117,0,0,0,0,0,7.42037147283554,0,0,0,0,226.548340752721,0,254.12459269166,0,315.263411164284,0,0,0,0,0,0,0,0,0,0,1.88466727733612,22.4897062182426,117.089582264423,2.7718870639801,17.1831290125847,0,0
0,0,0,0,0,0,0,0,0,15.5037786960602,0,0,0,0,0,13.9266103059053,28.9121499061584,316.035835951567,2.44432044029236,0,0,148.47433039546,0,47.3016205728054,0,0,0,0,0,0,0,0,0,0,0,0,0,0,0,0,0,0,0,0,0,0,0,0,0,0,0,0,0,0,0,0.896140217781067,0,0,0,0,0,3.56849932670593,0,0,0,0,41.7144085168839,0,472.284743845463,0,1.07655274868011,0,0,0,0,0,0,0,0,0,0,0,68.011370703578,4.34088158607483,0,0,0
0,0,0,0,0,0,0,0,1.35932886600494,0,0,0,0,0,0,0,145.5256626755,8.60082268714905,0,0,0,0,10.8464615643024,0,43.3039427697659,0,0,0,0,0,0,0,0,0,0,0,0,0,0,0,0,0,0,0,0,0,0,0,0,0,0,0,0,0,1.50119459629059,0,1.78753307461739,0,0,0,1.10397088527679,0,0,0,0,11.1262787878513,0,25.8566727638245,0,725.883245915174,0,28.731632232666,0,0,0,0,0,0,0,0,0,0,110.351731330156,0.472302168607712,0,0,0
0,0,0,0,0,0,0,0,0,0,0,311.371637165546,0,2.74536561965942,0,0,0,0,0,0,0,57.3775727748871,0,0,0,0,0,0,0,423.740081191063,0,0,0,0,0,0,0,22.7364336252213,0,0,0,0,0,0,0,0,0,0,0,0,0,0,0,0,0,0,0,0,0,0,0,0,0,0,7.76707935333252,0,0,0,22.2293117046356,0,959.430128127337,0,2,0,0,0,0,0,0,0,14.6285196244717,0,1,0,0,0,0
0,0,0,0,0,0,0,0,0,0,0,0,0,0,0,0,0,0,0,0,0,0,3,0,0,0,0,0,0,0,96.5015857219696,0,0,0,0,0,0,0,76.0804423689842,0,0,0,0,0,0,0,0,0,0,0,0,0,0,0,0,0,0,0,0,0,0,0,0,0,0,0,0,0,0,0,0,157.384413719177,0,3.14319270849228,0,0,0,0,0,0,0,0,99.5504972934723,0,0,0,0
0,0,0,0,0,0,0,0,0,0,0,121.883515506983,0,0,0,0,0,0,0,0,0,0,0,0,0,0,0,423.740081191063,0,0,0,0,0,0,0,0,0,354.589929938316,0,0,0,0,0,0,0,0,0,0,0,0,0,0,0,0,0,0,0,0,0,0,0,0,0,0,0,0,0,0,0,0,0,0,264.483706355095,0,0,0,0,0,0,0,48.1633026599884,0,218.092200875282,0,0,0,0
0,0,0,0,0,0,0,0,0,0,44.8923729658127,0,0,0,0,0,0,0,0,0,0,0,0,0,0,0,0,0,96.5015857219696,0,0,0,0,0,0,0,0,0,98.5946712493896,0,0,0,0,0,0,0,0,0,0,0,0,0,0,0,0,0,5.90322399139404,0,0,0,0,0,0,0,0,0,0,0,0,0,0,9.91476047039032,0,110.029287576675,0,0,0,0,0,0,0,164.292701244354,6,0,0,0,0
0,0,0,0,0,0,0,0,0,0,0,0,0,0,0,0,0,0,0,0,0,0,0,0,0,0,0,0,0,0,0,0,857.832950666547,96.2732662111521,42.2404555678368,90.7241684794426,234.227646708488,0,0,0,0,0,0,0,0,0,0,685.145722866058,0,0,0,0,0,0,0,0,0,0,0,0,0,0,0,0,0,0,0,0,0,0,0,0,0,0,3344.79836219549,662.288342311978,32.9173494279385,53.8794823884964,2057.63461440802,17.5040103495121,0.495678246021271,0,527.424731940031,0,0,0,0
0,0,1.08898763358593,0,0,0,0,0,0,0,0,0,0,0,0,0,0,0,0,0,0,0,0,0,0,0,0,0,0,0,0,857.832950666547,0,18.1401513069868,37.7748285681009,7.21101522445679,593.020720541477,0,0.926230892539024,0,0,0,0,0,0,0,0,365.710436969995,0.917015075683594,0,0,0,0,0,0,0,0.309405833482742,0,0,0,0,0,0,0,0,0,0,0,0,0,0,0,0,0,1071.21785441041,2829.14501911402,0.377109780907631,101.739744007587,1,460.769611269236,0,0.442517206072807,283.982356056571,0,1.29818016290665,0,0
0.717122793197632,0,0,0,0,0,0,0,0,0,0,0,0,0,0,0,0,0,2.05286676436663,0,0,0,0,0,0,0,0,0,0,0,0,96.2732662111521,18.1401513069868,0,2881.57660165429,696.512051865458,6.49960064888,235.03287795186,9.78629738092422,4.76649881899357,0.241669893264771,19.4414729401469,2.19659873843193,1.12806467711926,0,2.9311212003231,0,1139.21019294858,0.938461929559708,37.8546310216188,0,0,0,0,0,0,0,0,0,0,0,0,0.177833095192909,0,0,0,1.64941227436066,0,0,0,0,0,0,0,78.9308982044458,18.6121236383915,5632.02032735944,1239.59265832603,192.905315369368,0.755713537335396,642.736639752984,493.155680000782,1340.6046102196,0,102.036850854754,0.79057340323925,0
1.78273473680019,0,0.400328725576401,0,0,0,0,0,0,0,0,0,0,0,0,0,0.210090473294258,0,0,0,0,0,0,0,0,0,0,0,0,0,0,42.2404555678368,37.7748285681009,2881.57660165429,0,16.4025057554245,487.331500768661,13.1540913581848,433.158644095063,0,2.61414621770382,0,4.61452662944794,0,0,0,0.882757008075714,923.587132871151,19.0351171940565,0,0,0,0,0,0,0,0,0,0,0,0,0,0,0,0,0,0,0,0,0,0,0,0,0.388455301523209,9.72681154310703,125.566006749868,1742.32128757238,3918.92465664446,4.30704402923584,353.049791872501,67.1188139617443,2783.29611177742,957.111175313592,0,12.8800672739744,0,0.899276912212372
0,0,0,37.300110667944,0,0.517396688461304,0,2.15132617950439,0,0,0,38.3833916187286,0,0,0,0.186434119939804,7.23139248788357,46.2741953805089,184.363003969193,198.845114909112,0,0.341880559921265,0,0,0,0,0,0,0,0,0,90.7241684794426,7.21101522445679,696.512051865458,16.4025057554245,0,99.4173707962036,1517.88204230368,0,53.7854824662209,0,171.993576511741,2.80325220525265,72.2077378109097,0,276.811511076987,0,144.015330180526,0,63.6916135400534,0,0,0,0,0,0,0,1.33692026138306,0,0,0,0,185.444882936776,0,0,0,0.472099602222443,0,0,0,1.36287670582533,0,8.7730950564146,0,28.1845991313457,0,303.032531104982,2.41409257054329,8345.03698503226,35.8536205887794,1715.54686837643,0.156495451927185,2656.90464118123,38.5212940946221,378.199520364404,64.1471287161112,0
0,0,13.866539567709,0,1.56284023821354,0,0,0,0,0,159.135764360428,0,0,0,0,0,29.7611812949181,9.64990106225014,153.876507095993,0,524.711208157241,0,0,0,0,0,0,0,0,0,0,234.227646708488,593.020720541477,6.49960064888,487.331500768661,99.4173707962036,0,0.611749649047852,1213.30565798283,0.15323680639267,129.615994878113,0.621768333017826,166.329573564231,0.35256689786911,15.7608913853765,0,605.537260569632,69.5322617888451,76.4230044484138,0,0,0,0,0,0,0,13.6133848875761,0,0,0,0,0,0.215924248099327,115.767440512776,0,0,0,0,0,0,0,0.64904697239399,0,29.6009391099215,9.37220302224159,311.264988854527,11.1752970814705,344.978442743421,31.4487334936857,6874.76824693382,0.160940244793892,2515.80493647605,3597.68567202985,106.213063120842,170.083246670663,0,11.3292551040649
0,20.982265740633,0,0,0,0,0,0,1.62971997261047,11.6481003910303,0,734.831292748451,0,0,0,0,16.9496343582869,75.8586532771587,349.679270073771,125.807791665196,0,83.7992913722992,0,510.102240920067,0,0,0,22.7364336252213,0,354.589929938316,0,0,0,235.03287795186,13.1540913581848,1517.88204230368,0.611749649047852,0,149.527911990881,31.6315433979034,1.31740842759609,354.472723476589,5.64143104851246,143.550812639296,0,272.993767008185,0,190.545813545585,1.54767923057079,78.441348798573,0,0,0,0,0,0,0,3.17330068349838,0,0,0,0,45.681443490088,0,278.388494491577,0,653.646031618118,0,0,0,94.4082835763693,0,63.1813900619745,0,0,0,79.973190754652,0.470165431499481,974.700517833233,4.21541558206081,13047.3534544334,24.7015247941017,2031.70347963274,7.57561903446913,530.755428157747,186.71055547148,0.496174037456512
26.9225365817547,0,0.533701285719872,0,0,0,0,0,47.2903331816196,0,1951.05449739099,0,0,0,0,0,36.1789829581976,14.0928182303905,147.461452886462,0,570.041136443615,0,859.0772870332,0,37.6336552798748,0,0,0,76.0804423689842,0,98.5946712493896,0,0.926230892539024,9.78629738092422,433.158644095063,0,1213.30565798283,149.527911990881,0,0.808590680360794,37.1012032106519,0.741354703903198,158.763597175479,0.175052732229233,9.16471422463655,0,338.464620158076,198.92401689291,180.7794316113,0,0,0,0,0,18.5766614675522,0,3.57222011685371,0,0,0,0,0,0,26.7458799779415,0,65.580713301897,0,519.80776026845,0,0,0,283.810383528471,0,62.4274595528841,0,0.625812947750092,17.8219822049141,198.26187337935,2.3968517780304,456.9523094818,103.585662961006,13840.6434387267,3012.00953269005,1.99726441502571,244.620799832046,0,91.0571221709251
0,0,0,0,0,0,0,0,0.826454758644104,1.55747735500336,0,0,0,0,0,0,42.5620166808367,94.6337364912033,531.676267199218,2.53201404213905,0,0.264793515205383,0,0,0,0,0,0,0,0,0,0,0,4.76649881899357,0,53.7854824662209,0.15323680639267,31.6315433979034,0.808590680360794,0,2.6356085985899,925.644157320261,20.0501922890544,91.188544742763,1.42623162269592,731.161409199238,0,369.158294990659,64.1827361285686,1142.40852443874,0,0,0,0,0,0,0,3.07010519504547,0,0,0,0,161.348522178829,0,0.865180179476738,0,0,0,0,0,4.17642164230347,0,20.731356151402,1.01045703887939,0,0,14.3334204256535,0,794.604760028422,6.80341205000877,336.046928286552,3.20473267883062,415.099509999156,11.1546603515744,861.633485414088,106.96948069334,0.584565132856369
0,0,9.23000477254391,0,12.8491252809763,0,0,0,1.70117211341858,1.9411393404007,0,0,0,0,0,0,68.2644585669041,32.4631389826536,380.359601475298,0,0,0,0,0,0,0,0,0,0,0,0,0,0,0.241669893264771,2.61414621770382,0,129.615994878113,1.31740842759609,37.1012032106519,2.6356085985899,0,3.87615743279457,868.05013024807,0.469172284007072,88.8318874388933,0,1674.2475322783,40.2511857300997,1557.66151589155,5.45960056781769,0,0,0,0,0,0,20.7928242981434,0,0,0,0,0,0,40.2311838716269,0,0,0,0,0,0,0,0,0,70.8579087555408,0,0,0,1.9488228559494,4.92260117828846,1030.62707014382,0.545901358127594,335.086100392044,214.63514957577,1.96688349545002,548.502408228815,0.482817828655243,10.072747990489
0,20.589459747076,0,4.88158290088177,0,0,0,0,2.00599384307861,3.79621709883213,0,0,0,0,0,5.08257031440735,58.0487286671996,175.943985939026,1094.72450740635,3.36030347645283,0,4.22585421800613,0,1.49887877702713,0.782969653606415,0,0,0,0,0,0,0,0,19.4414729401469,0,171.993576511741,0.621768333017826,354.472723476589,0.741354703903198,925.644157320261,3.87615743279457,0,258.510247088969,164.69751432538,0.234767094254494,292.178970903158,0,340.649767994881,1.32150460779667,914.432457335293,0,0,0,0,0,0,0,86.9410873502493,0,0,0,0,394.612207725644,0,42.2342790812254,0,0.706643089652061,0,3.80001412332058,0,214.979106172919,0,943.104129835963,0.322422027587891,0.531069457530975,0,40.0228915736079,0,3146.45633044839,13.7138286232948,2209.92170338333,11.6616716831923,1450.77541323751,30.172475554049,2380.6373815313,485.701813943684,0.423214167356491
3.23688971996307,0,13.5352057814598,0,0.288693517446518,0,0,0,4.47692357003689,5.66529530286789,0,0,0,0,0,0,310.551050744951,166.867614328861,1032.71063163131,0,0,0,0,0,0,0,0,0,0,0,0,0,0,2.19659873843193,4.61452662944794,2.80325220525265,166.329573564231,5.64143104851246,158.763597175479,20.0501922890544,868.05013024807,258.510247088969,0,6.80950047075748,65.7036137878895,5.33040742576122,287.103792458773,416.353717550635,1117.62973053753,12.8731346726418,0,0,0,0,0,0,47.7749964445829,0.61104142665863,0,0,0,0.665788352489471,1.40735746920109,19.3612848967314,0,0,0,0,0,0,0,34.3939911425114,0.261249087750912,1205.75759078562,0,3.98835316300392,4.86726039648056,6.50011016428471,27.8408728912473,3737.15275266767,18.921138368547,2137.18596514314,2725.3834791258,19.0616549998522,2848.72657845914,4.2857932895422,670.752672657371
0,0,0,0,0,0,0,0,0,0,0,0,0,0,0,0,18.5172830969095,33.6208959668875,444.474861711264,0.207830861210823,0,0,0,0,0,0,0,0,0,0,0,0,0,1.12806467711926,0,72.2077378109097,0.35256689786911,143.550812639296,0.175052732229233,91.188544742763,0.469172284007072,164.69751432538,6.80950047075748,0,0.901771485805511,26.226572021842,0.233870312571526,13.2925267666578,0,11.9910321459174,0,0,0,0,0,0,0,0,0,0,0,0,10.584135890007,0,0,0,0,0,0,0,2.05284705758095,0,1.12438900768757,0,0,0,1.16311547160149,0,344.665802873671,11.1116256117821,229.102785944939,6.09737890958786,120.246790722013,7.96572333574295,417.290850512683,41.5439106076956,0
0,0,0.318153202533722,0,0,0,0,0,0,0,0,0,0,0,0,0,3.59259706735611,5.21262285113335,38.9350965321064,0,0.252385079860687,0,0,0,0,0,0,0,0,0,0,0,0,0,0,0,15.7608913853765,0,9.16471422463655,1.42623162269592,88.8318874388933,0.234767094254494,65.7036137878895,0.901771485805511,0,0,55.3922167420387,1.72487181425095,8.06232190132141,0,0,0,0,0,0,0,0.387763872742653,0,0,0,0,0,0,4.85264022648335,0,0,0,0,0,0,0,0,0,3.4531476944685,0,0.27677458524704,0,0.86371636390686,1.70839488506317,172.90386864543,0.547632336616516,62.4238677471876,30.4426604807377,0,33.274850204587,0,3.88407623767853
0,0,0,39.496054649353,0,0.576844871044159,0,0,0.356946915388107,0.729004144668579,0,0,0,0,0,0,6.12886419892311,10.4496572390199,94.796997025609,189.617449052632,0,5.3296335041523,0,1.26863086223602,0,0,0,0,0,0,0,0,0,2.9311212003231,0,276.811511076987,0,272.993767008185,0,731.161409199238,0,292.178970903158,5.33040742576122,26.226572021842,0,0,0,144.004040442407,2.96037672460079,238.262522742152,0,0,0,0,0,0,0,58.7519671916962,0,0,0,0,2877.99846252799,0,15.9248392283916,0,1.8091008067131,0,3.90614375472069,0,124.136791855097,0,268.030581578612,0,0,0,15.3639531135559,0,2177.07250258327,6.72648105025291,1279.79168074578,0.683623790740967,251.026563465595,0.611798882484436,2014.58921162039,22.9552127420902,0
0,0,206.514731287956,0,60.0343098938465,0,0,0,0,0,0,0,0,0,0,0,12.5941156297922,7.64514777064323,125.403698049486,0,12.0085766613483,0,0,0,0,0,0,0,0,0,0,0,0,0,0.882757008075714,0,605.537260569632,0,338.464620158076,0,1674.2475322783,0,287.103792458773,0.233870312571526,55.3922167420387,0,0,58.6833279058337,204.803785175085,0.876968860626221,0,0,0,0,0,0,350.69037643075,0,0,0,0,0,0,1600.37591700256,0,0,0,0,0,0.885766327381134,0,27.1760414540768,0,538.710919655859,0,1.5737771987915,0,0.588566735386848,0,3174.870827429,0,1938.68428638577,228.30090521276,0.466638445854187,1653.34660088271,0,51.9163684397936
119.911454021931,6.08879995346069,22.2406431883574,2.79773178696632,1.17540538311005,0,0,0,1.21248990297318,0,0,0,0,0,0,0,0.804573148488998,3.65428845584393,21.6579701527953,2.90134765952826,0,0.253466844558716,0,0,0,0,0,0,0,0,0,685.145722866058,365.710436969995,1139.21019294858,923.587132871151,144.015330180526,69.5322617888451,190.545813545585,198.92401689291,369.158294990659,40.2511857300997,340.649767994881,416.353717550635,13.2925267666578,1.72487181425095,144.004040442407,58.6833279058337,0,1548.64468412101,923.997996412218,0,0,0,0,0,0,6.7719000428915,1.98445646464825,0,0,0,0,9.53608124703169,0,0,0,1.75211799144745,0,0,0,1.14814640581608,0,7.49716970324516,20.5943827182055,1027.21930138767,1090.92233082652,878.086614787579,533.287504076958,1549.68323083967,231.467280834913,685.558436647058,2567.82604315877,585.197251483798,0.812491275370121,1734.48895025253,3.81540873646736,39.3486243933439
339.660994902253,0,96.2768170237541,0,10.4625108391047,0,0,0,6.60519844293594,0,0,0,0,0,0,0,27.2847883701324,11.324503839016,136.687424175441,0,0,0,423.15719628334,0,2.9014393389225,0,0,0,0,0,0,0,0.917015075683594,0.938461929559708,19.0351171940565,0,76.4230044484138,1.54767923057079,180.7794316113,64.1827361285686,1557.66151589155,1.32150460779667,1117.62973053753,0,8.06232190132141,2.96037672460079,204.803785175085,1548.64468412101,0,134.352505683899,12.9524284750223,0,0,0,3.50477823615074,0,237.34994392097,0,3.79405379295349,0,79.5716323852539,0,0,5.3229860663414,0,769.456492424011,0,68.0677202939987,0,132.226681560278,0,79.4183434247971,0,102.642413899302,0,0.60801599919796,2.48336482048035,7.41243283450603,0,909.389764688909,0.452678740024567,1036.51690787822,317.994166471064,0.359148412942886,1574.54922228307,0,126.67178696394
0,269.96056085825,2.01564387977123,354.078074425459,0,0,0,0,0,1.16097724437714,0,0,0,0,0,0,2.39041048288345,16.0036057531834,62.6144911423326,1.15975984930992,0,1.57265697419643,0,2.53857547044754,0,0,0,0,0,0,0,0,0,37.8546310216188,0,63.6916135400534,0,78.441348798573,0,1142.40852443874,5.45960056781769,914.432457335293,12.8731346726418,11.9910321459174,0,238.262522742152,0.876968860626221,923.997996412218,134.352505683899,0,0,0,0,0,0,0,0,120.477815821767,0,2.96406698226929,0,1,119.332611396909,0,259.07760772109,0,96.1171127855778,0,8.22414739429951,0,46.8681206256151,0,60.3718395382166,0,1.6369501799345,0,54.7714933007956,0,646.294536530972,2.13849046826363,230.339815616608,0.33807772397995,207.484365299344,1.72721616178751,2101.40595890582,35.0161373913288,0.540409192442894
60.9331326186657,0,180.503563269973,0,25.3592658340931,0,0,0,17.4892286360264,0,0,0,0,0,0,0,0,0,0,0,0,0,0,0,0,0,0,0,0,0,0,0,0,0,0,0,0,0,0,0,0,0,0,0,0,0,0,0,12.9524284750223,0,0,0,0,0,49.4655092656612,0,113.137868225574,0,220.862390145659,0,16.9846583157778,0,0,0,0,0,0,0.269039064645767,0,0,0,0,0,0,0,0,0,0,0,0,0,0,9.23770999908447,0,0,0,0
0,19.6457595825195,0,9.68661324679852,0,49.4608996510506,0,0,0,0,0,0,0,0,0,0,0,0,0,0,0,0,0,0,0,0,0,0,0,0,0,0,0,0,0,0,0,0,0,0,0,0,0,0,0,0,0,0,0,0,0,0,0,0,0,5.35563667118549,0,0,0,1.25446066260338,0,1.61246132850647,0,0,0,0,0,0,0,0,0,0,0,0,0,0,0,0,0,0,0,0,8.35363581776619,0,0,0,0
0,0,0,0,7.36427664756775,0,664.785732388496,0,0,0,0,0,0,0,0,0,0,0,0,0,0,0,0,0,0,0,0,0,0,0,0,0,0,0,0,0,0,0,0,0,0,0,0,0,0,0,0,0,0,0,0,0,0,0,0,0,0,0,1,0,0,0,0,0,0,0,0,0,0,0,0,0,0,0,0,0,0,0,0,0,0,0,31.2681407928467,0,0,0,0
0,0,0,0,0,17.3513827323914,0,240.848344802856,0,0,0,72.0609019398689,0,0,0,0,0,0,0,0,0,0,0,0,0,0,0,0,0,0,0,0,0,0,0,0,0,0,0,0,0,0,0,0,0,0,0,0,0,0,0,0,0,0,0,0,0,79.9483235478401,0,86.3401982784271,0,0,0,0,0,0,0,0,0,0,0,0,0,0,0,0,0,0,0,0,0,0,32.9109302759171,29.4102238416672,0,0,0
82.3726001977921,0,92.3214380741119,0,17.4865387678146,0,0,0,400.820999741554,0,0,0,0,0,0,0,2.09708452224731,0,2.45802173018456,0,0,0,0,0,9.63902992010117,0,1.50119459629059,0,0,0,0,0,0,0,0,0,0,0,18.5766614675522,0,0,0,0,0,0,0,0,0,3.50477823615074,0,49.4655092656612,0,0,0,0,0,0,0,0,0,1.7234565615654,0,0,0,0,0,0,626.056848332286,0,21.0205421447754,0,0,0,0,0,0,0,0,0,0,0,69.878679484129,84.2668786346912,0,7.95050057768822,0,0
0,264.55886438489,0,10.9732437133789,0,80.5880842208862,0,0,0,219.059091478586,0,0,0,0,0,111.678223967552,29.0436563491821,151.687219768763,8.52740097045898,0,0,0,0,0.314585387706757,0,0.896140217781067,0,0,0,0,0,0,0,0,0,0,0,0,0,0,0,0,0,0,0,0,0,0,0,0,0,5.35563667118549,0,0,0,0,0,0,0,0,0,1.35028730332851,0,0,0,0,29.0460092425346,0,3.7155681848526,0,0,0,0,0,0,0,0,0,0,0,6.82200911641121,0,50.5833259373903,1.68615996837616,3.49831603467464,0,0
0,0,2.01333448290825,0,3.419125020504,0,0,0,0,0,224.023526236415,0,0,0,0,0,0,0,2.06966038048267,0,108.6392467767,0,10.9580238163471,0,0,0,1.78753307461739,0,0,0,5.90322399139404,0,0.309405833482742,0,0,0,13.6133848875761,0,3.57222011685371,0,20.7928242981434,0,47.7749964445829,0,0.387763872742653,0,350.69037643075,6.7719000428915,237.34994392097,0,113.137868225574,0,0,0,0,0,0,0,114.156819671392,0,70.6095260977745,0,0,511.159805834293,0,18.2876897752285,0,0,0,82.9196614325047,0,652.119537696242,0,351.358650684357,0,0,0,0,0,49.7468604519963,0,147.79183062166,8.77566578984261,0,309.376960650086,0,4.48466444015503
0,0,0,3.75089299678802,0,0,0,219.350562572479,0,0,0,1261.9498141408,0,28.4312062859535,0,0,0,0.121359631419182,0.27847895026207,103.240695625544,0,35.5337938219309,0,16.1641727983952,0,0,0,0,0,0,0,0,0,0,0,1.33692026138306,0,3.17330068349838,0,3.07010519504547,0,86.9410873502493,0.61104142665863,0,0,58.7519671916962,0,1.98445646464825,0,120.477815821767,0,0,0,79.9483235478401,0,0,0,0,0,221.510293722153,0,211.608556747437,461.610832899809,0,28.0832131803036,0,53.440497726202,0,110.165294915438,0,849.17073687911,0,1202.44468574226,0,0,0,0.635119140148163,0,10.4844760149717,0,159.75200137496,0,69.8388594537973,0,197.389030084014,1.08132946491241,0
0,0,0,0,0,0,1,0,0,0,0,0,0,0,0,0,0,0,0,0,0,0,0,0,0,0,0,0,0,0,0,0,0,0,0,0,0,0,0,0,0,0,0,0,0,0,0,0,3.79405379295349,0,220.862390145659,0,1,0,0,0,114.156819671392,0,0,0,134.892161250114,0,0,0,0,0,0,0,0,1.57593369483948,0,5.66055625677109,0,0,0,0,0,0,0,0,0,0,0,0,0,0,0
0,0,0,15.4391278624535,0,10.3647740781307,0,0.7864790558815,0,0,0,0,0,1,0,2,0,0,0,0,0,0.407244503498077,0,0,0,0,0,0,0,0,0,0,0,0,0,0,0,0,0,0,0,0,0,0,0,0,0,0,0,2.96406698226929,0,1.25446066260338,0,86.3401982784271,0,0,0,221.510293722153,0,0,0,16.7135835886002,4.23701453208923,0,0.317654013633728,0,1.535884141922,0,10.1371677219868,0,224.828822523355,0,0,0,0,0,0,0,0,0,0,0,1.18259716033936,0,4.55102092027664,0,0
74.1796614229679,0,1.96959021687508,0,0,0,0,0,0.388827294111252,0.459659904241562,0,0,0,0,1.41897124052048,0.910837471485138,241.166083827615,43.3854065835476,10.4217397868633,0,0,0,0,0,7.42037147283554,0,1.10397088527679,0,0,0,0,0,0,0,0,0,0,0,0,0,0,0,0,0,0,0,0,0,79.5716323852539,0,16.9846583157778,0,0,0,1.7234565615654,0,70.6095260977745,0,134.892161250114,0,0,0,0,0,0,0,0,31.9418570399284,0,244.896569728851,0,0,0,0,0,0,0,0,0.4681077003479,0,0,0.898790597915649,32.2725110501051,0.367523163557053,0.654504716396332,0,1.10154950618744
1.22773253917694,15.3240662813187,0,10.1866735219955,0,1.97303685545921,0,0,1.57021862268448,29.0531419813633,0,0,0,0,0,83.3997050523758,42.2349652349949,289.764453202486,10.9739062786102,0,0,0,0,2.10117837786674,0,3.56849932670593,0,0,0,0,0,0,0,0,0,0,0,0,0,0,0,0,0.665788352489471,0,0,0,0,0,0,1,0,1.61246132850647,0,0,0,1.35028730332851,0,211.608556747437,0,16.7135835886002,0,0,0,0,0,0,0.80150431394577,0,0,0,0,0,0,0,0,0,0,0,1.12222123146057,0.216172322630882,0.44627183675766,0,97.2548173069954,0,0.851422309875488,0,0
0,0,0,0.305471450090408,0,0.449016213417053,0,0,0,0.199605330824852,0,1.24462199211121,0,0,0,0,2.21024628728628,6.57510715723038,23.2211320251226,1436.00961461663,0,8.84757900238037,0,2.39953792095184,0,0,0,0,0,0,0,0,0,0.177833095192909,0,185.444882936776,0.215924248099327,45.681443490088,0,161.348522178829,0,394.612207725644,1.40735746920109,10.584135890007,0,2877.99846252799,0,9.53608124703169,0,119.332611396909,0,0,0,0,0,0,0,461.610832899809,0,4.23701453208923,0,0,0,0,23.6252711266279,0,9.69581717252731,0,20.0303795039654,0,272.720478743315,0,475.19693544507,0,0,0,4.75954167544842,0,1837.04175702482,0,1208.33178058267,0,88.9176129475236,4.67123779654503,703.202375985682,31.653878390789,0
0,0,0,0,77.2182560265064,0,0,0,0,0,1.45115642249584,0,0,0,0,0,4.06430733203888,4.5117649435997,17.4403165429831,0,846.076975598931,0,0.855966806411743,0,0,0,0,0,0,0,0,0,0,0,0,0,115.767440512776,0,26.7458799779415,0,40.2311838716269,0,19.3612848967314,0,4.85264022648335,0,1600.37591700256,0,5.3229860663414,0,0,0,0,0,0,0,511.159805834293,0,0,0,0,0,0,0,0,0.63118314743042,0,0,0,6.63421322405338,0,80.592360034585,0,200.936474680901,0,0,0,0,0,1144.5847176984,0,1039.73432059586,104.190850287676,5.08958274126053,853.274352580309,0,0.244392737746239
0,0,0,0.287680983543396,0,0,0,0,0,0,0,0,0,0,0,0,0,0,1.57219283282757,0,0,5046.89341935515,0,32.3389540910721,0,0,0,7.76707935333252,0,0,0,0,0,0,0,0,0,278.388494491577,0,0.865180179476738,0,42.2342790812254,0,0,0,15.9248392283916,0,0,0,259.07760772109,0,0,0,0,0,0,0,28.0832131803036,0,0.317654013633728,0,0,23.6252711266279,0,0,0,117.624160036445,0,73.1637789905071,0,1160.44686418772,0,127.620273500681,0,0,0,0.131804659962654,0,2.06244789063931,0,1370.01468220353,0,66.2307686656713,0,30.8674995005131,8.92885959148407,0
0,0,0,0,0,0,0,0,0,0,0,0,0,0,0,0,0,0,0,0,0,0,4795.27284188569,0,226.548340752721,0,11.1262787878513,0,0,0,0,0,0,0,0,0,0,0,65.580713301897,0,0,0,0,0,0,0,0,0,769.456492424011,0,0,0,0,0,0,0,18.2876897752285,0,0,0,0,0,0,0.63118314743042,0,0,0,96.3087485134602,0,1008.1175506711,0,725.079975515604,0,2.79237771034241,0,0,0,0,0,0,0,584.365106761456,256.83144775033,0,0,0,0
0,131.470178037882,0,0,0,0,0,0,0,56.9282090365887,0,0,0,0,0,0,0,0.106907092034817,0,0,0,335.058169513941,0,343.22628583014,0,41.7144085168839,0,0,0,0,0,0,0,1.64941227436066,0,0.472099602222443,0,653.646031618118,0,0,0,0.706643089652061,0,0,0,1.8091008067131,0,1.75211799144745,0,96.1171127855778,0,0,0,0,0,29.0460092425346,0,53.440497726202,0,1.535884141922,0,0.80150431394577,9.69581717252731,0,117.624160036445,0,0,0,130.534890532494,0,170.488061100245,0,3.24875202775002,0,0,0,0,0,0,0,1335.94564071298,0,73.5970270633698,0,22.1921604573727,1.5499441921711,0
130.121545225382,0,1.14079463481903,0,0.446852713823318,0,0,0,131.890225246549,0,0,0,0,0,0,0,0,0,0.457573354244232,0,0,0,103.628019124269,0,254.12459269166,0,25.8566727638245,0,0,0,0,0,0,0,0,0,0,0,519.80776026845,0,0,0,0,0,0,0,0,0,68.0677202939987,0,0.269039064645767,0,0,0,626.056848332286,0,0,0,0,0,31.9418570399284,0,0,0,0,96.3087485134602,0,0,0,286.731598615646,0,0,0,0,0,0,0,0,0,0,0,1151.22635960579,9.70680093765259,0,3.87040641903877,0,0
0,76.1296094655991,0,0,0,0,0,0,3.16797852516174,10.2753459513187,0,0,0,0,0,1.47051322460175,8.58281615376472,116.265419557691,0.230645358562469,0,0,391.99961835146,0,58.8080578148365,0,472.284743845463,0,22.2293117046356,0,0,0,0,0,0,0,0,0,0,0,0,0,3.80001412332058,0,0,0,3.90614375472069,0,0,0,8.22414739429951,0,0,0,0,0,3.7155681848526,0,110.165294915438,0,10.1371677219868,0,0,20.0303795039654,0,73.1637789905071,0,130.534890532494,0,0,0,716.847622603178,0,2.54830488562584,0,0,0,0,0,0.519204616546631,0,0,0,56.1819650530815,3.40699779987335,23.2877515852451,1.21904945373535,0
14.7675282359123,0,0,0,0,0,0,0,0,0,0,0,0,0,0,0,0,0,0,0,0,0,349.149023622274,0,315.263411164284,0,725.883245915174,0,0,0,0,0,0,0,0,0,0,0,0,0,0,0,0,0,0,0,0.885766327381134,0,132.226681560278,0,0,0,0,0,21.0205421447754,0,82.9196614325047,0,1.57593369483948,0,244.896569728851,0,0,6.63421322405338,0,1008.1175506711,0,286.731598615646,0,0,0,1044.28613254428,0,2.15413969755173,0,0,0,0,0,0,0,0,142.486130297184,0,0,0,0
0,0,0,0,0,0,0,0,0,0,0,107.447271108627,0,1,0,0,0.65280556678772,0.853301510214806,2.28248777985573,0.336250752210617,0,588.974539399147,0,64.2016108930111,0,1.07655274868011,0,959.430128127337,0,0,0,0,0,0,0,1.36287670582533,0,94.4082835763693,0,4.17642164230347,0,214.979106172919,0,2.05284705758095,0,124.136791855097,0,1.14814640581608,0,46.8681206256151,0,0,0,0,0,0,0,849.17073687911,0,224.828822523355,0,0,272.720478743315,0,1160.44686418772,0,170.488061100245,0,716.847622603178,0,0,0,239.376353412867,0,0,0,0.368373781442642,0,10.9846888631582,0,260.920373305678,0,5.98451839387417,0,301.652155458927,40.1909616887569,0
0,0,0,0,0,0,0,0,0,0,1.53005217015743,0,0,0,0,0,0,0,0,0,0,0,100.489605218172,0,0,0,28.731632232666,0,157.384413719177,0,9.91476047039032,0,0,0,0,0,0.64904697239399,0,283.810383528471,0,0,0,34.3939911425114,0,0,0,27.1760414540768,0,79.4183434247971,0,0,0,0,0,0,0,652.119537696242,0,5.66055625677109,0,0,0,0,80.592360034585,0,725.079975515604,0,0,0,1044.28613254428,0,0,0,64.6750794649124,0,0,0,0,0,1.4741113036871,0,205.957540243864,1.25905127823353,0,37.111998513341,0,1.64088714122772
0,0,0,1.4236715734005,0,0,0,0,0,0.313304632902145,0,899.450625151396,0,0,0,0,0.847767472267151,2.33211496472359,10.1909121349454,166.025685667992,0,1.44598177075386,0,1.6698893904686,0,0,0,2,0,264.483706355095,0,0,0,0,0,8.7730950564146,0,63.1813900619745,0,20.731356151402,0,943.104129835963,0.261249087750912,1.12438900768757,0,268.030581578612,0,7.49716970324516,0,60.3718395382166,0,0,0,0,0,0,0,1202.44468574226,0,0,0,0,475.19693544507,0,127.620273500681,0,3.24875202775002,0,2.54830488562584,0,239.376353412867,0,0,0,0.212618559598923,0,1.86722977459431,0,23.9609189257026,0.544064879417419,1469.78477437794,0,28.8960717394948,0.228493541479111,633.809948354959,159.997350931168,0
0,0,7.55175432562828,0,0,0,0,0,0.385731488466263,0,0,0,0,0,0,0,11.7185467630625,1.9881339520216,51.3961668610573,0,8.60503037273884,0,0.341745227575302,0,0,0,0,0,3.14319270849228,0,110.029287576675,0,0,0,0.388455301523209,0,29.6009391099215,0,62.4274595528841,1.01045703887939,70.8579087555408,0.322422027587891,1205.75759078562,0,3.4531476944685,0,538.710919655859,20.5943827182055,102.642413899302,0,0,0,0,0,0,0,351.358650684357,0,0,0,0,0,0,200.936474680901,0,2.79237771034241,0,0,0,2.15413969755173,0,64.6750794649124,0,0,0,0,0,1.55537611246109,0,207.357956841588,0,907.829852126539,50.8802309632301,0,652.435009375215,0,208.820188075304
0,0,0,0,0,0,0,0,0,0,0,0,0,0,0,0,0,0,0.20975761115551,0,0,0,0,0,0,0,0,0,0,0,0,3344.79836219549,1071.21785441041,78.9308982044458,9.72681154310703,28.1845991313457,9.37220302224159,0,0,0,0,0.531069457530975,0,0,0,0,0,1027.21930138767,0,1.6369501799345,0,0,0,0,0,0,0,0,0,0,0,0,0,0,0,0,0,0,0,0,0,0,0.212618559598923,0,0,437.170003682375,66.2390107214451,26.3083389103413,2534.41575548053,28.6085031926632,20.2759784162045,0.605630040168762,1007.13678824902,0,0,0,0
