0,0,0.259487706753943,0,0,0,0,0,0.154689663347412,0,0,0,0,0,0,0,0,0.354030445218086,0.396481229124258,0,0,0,0,0,0,0,0,0,0,0,0,0,0,0,0,0,0.38460898399353,0,0,0.351552680134773,0.445677164942026,0.362545013427734,0.280014361310664,0,0.304466128349304,0.365313633399851,0.392220051221128,0,0.160831856437855,0.333520606160164,0,0,0,0,0.146778809680389,0,0.378867864608765,0,0.295646876096725,0,0,0,0.336527198553085,0.467328280210495,0,0,0,0,0,0,0,0,0,0,0,0,0,0,0.368863059414758,0.417561640962958,0,0,0.272200931850662,0,0.371990561437683,0,0.305851148234473
0,0,0,0.174043666804209,0,0.187614262104034,0,0,0,0.14210191257854,0,0,0,0,0,0,0.37153634428978,0,0.367733891108926,0,0,0,0,0,0,0,0,0,0,0,0,0,0,0,0,0.368811845779419,0,0,0,0.508848781094832,0.294028878211975,0.325916766661393,0.330710858106613,0.469100564718246,0,0.397481261098639,0.351479429265727,0,0,0.198930452965821,0,0.196374911814928,0,0,0,0.123487143602688,0,0.27181228724393,0,0,0,0.202034290541302,0.470343271891276,0.315267711877823,0,0,0,0,0,0,0,0,0,0,0,0,0,0,0.444915398631407,0.351111739873886,0.499374384060502,0,0.303611191427148,0,0.395426429844662,0.349970549345016,0.345733404159546
0.259487706753943,0,0,0,0.211902909526011,0,0,0,0.133681032475498,0,0,0,0,0,0,0,0,0,0.254311379364559,0,0.222327242294947,0,0,0,0,0,0,0,0,0,0,0,0,0,0,0,0.300199549645185,0,0,0,0.322296287004764,0.322175621986389,0.285355109180441,0,0,0,0.21826186241663,0,0.180168960439531,0.269512176513672,0.205754430343707,0,0,0,0.144454278842066,0,0.268535778352192,0,0.301807716488838,0,0,0,0,0.244983747601509,0,0,0,0,0,0,0,0,0,0,0,0,0,0,0,0.310413226721779,0,0,0.240816062283331,0.22832779037325,0.283352399422932,0,0.258185901484647
0,0.174043666804209,0,0,0,0.182915048617305,0,0,0,0.139097695712183,0,0,0,0,0,0,0,0,0.271187583250659,0,0,0,0,0,0,0,0,0,0,0,0,0,0,0,0,0.246385342401007,0,0,0,0.339134696457121,0,0.304764617399629,0.287979274988174,0.295404970645905,0.312660396099091,0.232173875977214,0.328778475522995,0,0.282169997692108,0.203253040580373,0,0.188278726169041,0,0,0,0.162948564606176,0,0.293526285504167,0,0.295944929122925,0,0.163858504909458,0.291019466260205,0,0,0,0,0,0,0,0,0,0.314592422544956,0,0,0,0,0,0.305704948725179,0.333784806728363,0.3161703816482,0,0.265283606177234,0.327055960893631,0.292586261538624,0.285909995771526,0
0,0,0.211902909526011,0,0,0,0,0,0.199969742890625,0,0.18821294605732,0,0,0,0.219811817365033,0,0,0.257441461086273,0.272242645422618,0,0.18771980702877,0,0,0,0,0,0,0,0,0,0,0,0,0,0,0,0.280652488271395,0,0,0,0.310515555051657,0,0.265229200571775,0,0,0,0.195327170831817,0,0.270212868849436,0,0.206754843822313,0,0,0,0.196445658802986,0,0.235513040423393,0,0.205501347780228,0,0.235045164823532,0,0,0.248921230435371,0,0,0,0,0,0,0,0,0,0,0,0,0,0,0,0.298924817366803,0,0,0.181453311492589,0.204051280563528,0.237881822073669,0,0.278526470065117
0,0.187614262104034,0,0.182915048617305,0,0,0,0,0,0.171021263613257,0,0,0,0,0,0.182774932930867,0,0,0.262765526771545,0.189691664384944,0,0,0,0,0,0,0,0,0,0,0,0,0,0,0,0.242280592521032,0,0,0,0,0,0.262993011623621,0,0,0.279257416725159,0.214712251509939,0,0,0,0.233604125678539,0,0.194718405261244,0,0.139788225293159,0,0,0,0.204071887974012,0,0,0,0.216262876203186,0.241914615035057,0,0,0,0,0,0,0,0,0,0.27517381310463,0,0,0,0,0,0.282928723096848,0,0,0,0.191418695156691,0.250865568717321,0.210039147687832,0,0
0,0,0,0,0,0,0,0,0,0,0,0,0,0,0,0,0,0,0,0,0.1505988240242,0,0,0,0,0,0,0,0,0,0,0,0,0,0,0,0,0,0,0,0,0,0,0,0,0,0,0,0,0,0.18265713006258,0,0.237617805883458,0,0,0,0.216249654232469,0,0.239292298113146,0,0,0,0,0,0,0,0,0,0,0,0,0,0,0,0,0,0,0,0,0,0,0,0.157449866334597,0.193931157390277,0,0,0
0,0,0,0,0,0,0,0,0,0,0,0.178141557357528,0,0.12105788405125,0,0,0,0,0,0,0,0,0,0,0,0,0,0,0,0,0,0,0,0,0,0,0,0,0,0,0,0,0,0,0,0,0,0,0,0,0,0,0,0.243494689319192,0,0,0,0.207613746635616,0,0,0,0,0.136391505599022,0,0,0,0,0,0,0,0,0,0,0,0,0,0,0,0.167218185961246,0,0,0,0.163348476092021,0,0,0,0
0.154689663347412,0,0.133681032475498,0,0.199969742890625,0,0,0,0,0,0,0,0,0,0.193271903722894,0,0.155012869172626,0,0.271285429596901,0,0,0,0,0,0.156821595289205,0,0,0,0,0,0,0,0,0,0,0,0,0,0.215623806316064,0,0,0,0.233063500092811,0,0,0,0.273009598255157,0,0.155037303765615,0,0.202967517971993,0,0,0,0.239827490847496,0,0.258716456592083,0,0,0,0.213707967446401,0,0,0,0,0,0,0.247754108040564,0,0,0,0,0,0,0,0,0,0,0,0,0,0.269057674126493,0.18488733194919,0.202496987581253,0.191996885667631,0,0.239911679710661
0,0.14210191257854,0,0.139097695712183,0,0.171021263613257,0,0,0,0,0,0,0,0,0,0.155288606785335,0.154298181335131,0.190577825265271,0,0,0,0,0,0.17082524893584,0,0,0,0,0,0,0,0,0,0,0,0,0,0.221940758931744,0,0,0,0.293275463641906,0,0,0,0,0,0,0,0.14119298017025,0,0.185040652751923,0,0,0,0.234999542017521,0,0,0,0,0,0.216226704044884,0,0,0,0,0.234763203395738,0,0,0,0,0,0,0,0,0,0,0,0,0,0.262810729034654,0,0.180392901097664,0.233220636844635,0.231935713800692,0.31557896733284,0
0,0,0,0,0.18821294605732,0,0,0,0,0,0,0,0.145216807723045,0,0,0,0,0,0,0,0.149567362625857,0,0,0,0,0,0,0,0.115894629930456,0,0.234025520475014,0,0,0,0,0,0.167376137691839,0,0.159854293254206,0,0,0,0.248669698834419,0,0,0,0,0,0,0,0.17400498688221,0,0.192378297448158,0,0,0,0.19335248131637,0,0.143472052690002,0,0,0,0,0.147545781731606,0,0,0,0,0,0,0,0,0,0.260809828837713,0,0,0,0,0,0.190003797411919,0,0.178571439683437,0.158312966486787,0.163194652933341,0.194294452667236,0,0
0,0,0,0,0,0,0,0.178141557357528,0,0,0,0,0,0.136915049372384,0,0,0,0,0,0.126492002638437,0,0,0,0,0,0,0,0.151886758208275,0,0.169260922315958,0,0,0,0,0,0.122914737959703,0,0.128568578251573,0,0,0,0,0,0,0,0,0,0,0,0,0,0,0,0.19751730384463,0,0,0,0.212861684578984,0,0.135852020395839,0,0,0.12167179878605,0,0,0,0,0,0,0,0.154317056590861,0,0.232482893996198,0,0,0,0,0,0.165287735943611,0,0.15307169854641,0,0.161072995938078,0,0.187873730292687,0,0
0,0,0,0,0,0,0,0,0,0,0.145216807723045,0,0,0,0,0,0,0,0,0,0,0,0,0,0,0,0,0,0.129945805668831,0,0,0,0,0,0,0,0,0,0,0,0,0,0,0,0,0,0,0,0,0,0,0,0,0,0,0,0,0,0.150409589969475,0,0,0,0,0,0,0,0,0,0,0,0,0,0,0,0,0,0,0,0,0,0,0,0.159165786579251,0.169457504185297,0,0,0
0,0,0,0,0,0,0,0.12105788405125,0,0,0,0.136915049372384,0,0,0,0.180104328476968,0,0,0,0,0,0,0,0,0,0,0,0.15327088534832,0,0.136207558214664,0,0,0,0,0,0,0,0,0,0,0,0,0,0,0,0,0,0,0,0,0,0,0,0,0,0,0,0.186242401599884,0,0.170527127799404,0,0.135578273755053,0,0,0,0,0,0,0.158016324043274,0,0.156042422567095,0,0.203646659851074,0,0,0,0,0,0,0,0,0,0.194572729516834,0.16944934129715,0,0,0
0,0,0,0,0.219811817365033,0,0,0,0.193271903722894,0,0,0,0,0,0,0,0,0,0,0,0,0,0,0,0,0,0,0,0,0,0,0,0,0,0,0,0,0,0,0,0,0,0,0,0,0,0,0,0,0,0.227127781936101,0,0,0,0.239180740454923,0,0,0,0,0,0.215413977525064,0,0,0,0,0,0,0,0,0,0,0,0,0,0,0,0,0,0,0,0,0,0.1822399944067,0,0,0,0
0,0,0,0,0,0.182774932930867,0,0,0,0.155288606785335,0,0,0,0.180104328476968,0,0,0,0.17099906425727,0,0,0,0,0,0,0,0,0,0,0,0,0,0,0,0,0,0,0,0,0,0,0,0,0,0,0,0,0,0,0,0.174263553959983,0,0.199059109389782,0,0,0,0.200068469751965,0,0,0,0.146461447079976,0,0.219011746144214,0,0,0,0,0,0,0,0,0,0,0,0,0,0,0,0,0,0,0,0,0.165454844453118,0.209868460893631,0,0,0
0,0.37153634428978,0,0,0,0,0,0,0.155012869172626,0.154298181335131,0,0,0,0,0,0,0,0.193837292491374,0.282534660369791,0,0,0.192130085494783,0.198716860411205,0.262176852673292,0.186676512824165,0.190519522875547,0.167929666106543,0,0,0,0,0,0,0,0,0.369484066963196,0,0,0,0.314439811640316,0.319440655983411,0.26740815709619,0.265154814895462,0.296840063835445,0.289424277842045,0.333256300358937,0.304236201821147,0,0,0.324506640434265,0,0,0,0,0,0,0,0,0,0,0.153930120170116,0,0.301234283617565,0.301442585885525,0.143982829526067,0.161214054340408,0,0.177470773458481,0,0.173277872800827,0,0,0,0,0,0,0,0,0.341591234685797,0.308923391195444,0,0,0.243744644530781,0.274478363662388,0.322217259505024,0.270920628060897,0.264384316901366
0.354030445218086,0,0,0,0.257441461086273,0,0,0,0,0.190577825265271,0,0,0,0,0,0.17099906425727,0.193837292491374,0,0.306267894319529,0,0,0.159517338890352,0,0.16955028564641,0,0.164458642287232,0.249899014830589,0,0,0,0,0,0,0,0,0.293292880058289,0,0,0,0.310054302215576,0.322607365392503,0.298415668308735,0.288974402206285,0.305885573795864,0.294489300913281,0.319091916248039,0.321864504880946,0,0,0,0,0,0,0,0,0,0,0,0,0,0,0.173828721046448,0.346716587032591,0.318393241275441,0.165011547215573,0,0,0,0,0,0,0,0,0,0,0,0,0,0.335436572951655,0.325272732755033,0,0,0.212559340339704,0.170977622879427,0.329831402195562,0.284479520150593,0.286201941115516
0.396481229124258,0.367733891108926,0.254311379364559,0.271187583250659,0.272242645422618,0.262765526771545,0,0,0.271285429596901,0,0,0,0,0,0,0,0.282534660369791,0.306267894319529,0,0,0,0.301553666591644,0,0.253701239824295,0,0,0,0,0,0,0,0,0,0,0,0.343941007341657,0.332495306928953,0,0,0.325843326100345,0.32952726232145,0.224571637746491,0.243243860915099,0.282191011933205,0.246319473959223,0.334620746593868,0.334074356260837,0,0.2291386226813,0.301093869923074,0.253489762544632,0,0,0,0,0,0.320428923836776,0.360582750094564,0.29241968691349,0,0,0,0.314511229184048,0.315529532071684,0,0,0,0,0,0,0,0,0.364529684185982,0,0,0,0,0,0.346313897030394,0.336223915956467,0.459863877296448,0,0.26203234055463,0.26254665479064,0.351005625349171,0.223195632229937,0.237517099291258
0,0,0,0,0,0.189691664384944,0,0,0,0,0,0.126492002638437,0,0,0,0,0,0,0,0,0,0,0,0,0,0,0,0,0,0,0,0,0,0,0,0.161710137846042,0,0.161325906331723,0,0,0,0,0,0,0,0,0,0,0,0,0,0.25845882454887,0,0,0,0,0,0.293378380039391,0,0,0,0,0.21820168828735,0,0,0,0,0,0,0,0,0,0,0,0,0,0,0,0.180550908114999,0,0,0,0.161911985217617,0,0.252547180533409,0,0
0,0,0.222327242294947,0,0.18771980702877,0,0.1505988240242,0,0,0,0.149567362625857,0,0,0,0,0,0,0,0,0,0,0,0,0,0,0,0,0,0,0,0,0,0,0,0,0,0.172211713653984,0,0.166299683352311,0,0,0,0,0,0,0,0.23463271382977,0,0.21948929131031,0,0.190601509064436,0,0.16843834782348,0,0,0,0.204295336172499,0,0,0,0,0,0,0.197663889151462,0,0,0,0,0,0,0,0,0,0,0,0,0,0,0,0.191427241513367,0,0,0.182438078598451,0,0.229552512204176,0,0
0,0,0,0,0,0,0,0,0,0,0,0,0,0,0,0,0.192130085494783,0.159517338890352,0.301553666591644,0,0,0,0.110458686405962,0.144856086767772,0,0.151740060552307,0,0.169336234784534,0,0,0,0,0,0,0,0,0,0.191871981046274,0,0,0,0,0,0,0,0.277431398630142,0,0,0,0.258684910135985,0,0,0,0,0,0,0,0,0,0,0,0,0,0,0.216830887352178,0.125634506344795,0.256356072268988,0,0.157379881980327,0,0.243078617380968,0,0.331048850563989,0,0,0,0,0,0,0,0.281548276899782,0,0.136765269930474,0.123962924132744,0,0,0
0,0,0,0,0,0,0,0,0,0,0,0,0,0,0,0,0.198716860411205,0,0,0,0,0.110458686405962,0,0,0.205953913046555,0,0.13360343037582,0,0.125870453772572,0,0,0,0,0,0,0,0,0.131856128573418,0.179539484293151,0,0,0,0,0,0,0,0,0,0.240549673830144,0,0,0,0,0,0,0,0,0,0,0,0,0,0,0,0,0.2065467488237,0,0.204620740609244,0,0.230719677492309,0,0.157082712426122,0,0,0,0,0,0,0,0,0.156757041811943,0.196966706958624,0.146489109011257,0.174164792778445,0.274302214384079,0,0
0,0,0,0,0,0,0,0,0,0.17082524893584,0,0,0,0,0,0,0.262176852673292,0.16955028564641,0.253701239824295,0,0,0.144856086767772,0,0,0,0.194599961583642,0,0,0,0,0,0,0,0,0,0,0,0.183712206011818,0,0,0,0.161328315734863,0,0,0,0,0,0,0,0.276306211948395,0,0,0,0,0,0.214092412847094,0,0,0,0,0,0,0,0,0.201129296422005,0,0.195255978442729,0,0.272492391009097,0,0,0,0,0,0,0,0,0,0,0.320857405662537,0.247285575965258,0,0.144565003639168,0.164906224608421,0.163821960601843,0,0
0,0,0,0,0,0,0,0,0.156821595289205,0,0,0,0,0,0,0,0.186676512824165,0,0,0,0,0,0.205953913046555,0,0,0,0.172873865320997,0,0,0,0,0,0,0,0,0,0,0,0.175908267622193,0,0,0,0.234392240643501,0,0,0,0,0,0.243736682832241,0,0,0,0,0,0.210733863787773,0,0,0,0,0,0,0,0,0,0,0.230885615199804,0,0.198301231160555,0,0.176502558489641,0,0,0,0,0,0,0,0,0,0,0,0.191809085181408,0.17411960274854,0.114499740302563,0.260190805521878,0,0
0,0,0,0,0,0,0,0,0,0,0,0,0,0,0,0,0.190519522875547,0.164458642287232,0,0,0,0.151740060552307,0,0.194599961583642,0,0,0,0.106420650250382,0,0,0,0,0,0,0,0,0,0,0,0,0,0,0,0,0,0,0,0,0,0,0,0,0,0,0,0,0,0,0,0,0,0,0,0,0.217906321470554,0,0.206167444586754,0,0.221623459538465,0,0.124848487973213,0,0,0,0,0,0,0,0,0,0,0,0.157101242244244,0,0,0,0
0,0,0,0,0,0,0,0,0,0,0,0,0,0,0,0,0.167929666106543,0.249899014830589,0,0,0,0,0.13360343037582,0,0.172873865320997,0,0,0,0.140449214279652,0,0,0,0,0,0,0,0,0,0,0,0,0,0,0,0,0,0,0,0,0,0,0,0,0,0,0,0,0,0,0,0,0,0,0,0,0.151789073149363,0,0.205485627055168,0,0.20920570337524,0,0.151036551543351,0,0,0,0,0,0,0,0,0,0,0.19646855639784,0,0.325993925333023,0,0
0,0,0,0,0,0,0,0,0,0,0,0.151886758208275,0,0.15327088534832,0,0,0,0,0,0,0,0.169336234784534,0,0,0,0.106420650250382,0,0,0,0.130039155288883,0,0,0,0,0,0,0,0.174264688422031,0,0,0,0,0,0,0,0,0,0,0,0,0,0,0,0,0,0,0,0,0,0.162208619217078,0,0,0,0,0.172745558619499,0,0,0,0.133109512286527,0,0.194371672534737,0,0.179138980805874,0,0,0,0,0,0,0,0.158452412113547,0,0.164568257331848,0,0,0,0
0,0,0,0,0,0,0,0,0,0,0.115894629930456,0,0.129945805668831,0,0,0,0,0,0,0,0,0,0.125870453772572,0,0,0,0.140449214279652,0,0,0,0.142325182711439,0,0,0,0,0,0,0,0.17947735762998,0,0,0,0,0,0,0,0,0,0.276450395584106,0,0,0,0,0,0,0,0,0,0.120928421064659,0,0,0,0,0,0,0,0,0,0,0.204010751843452,0,0.193900644629964,0,0,0,0,0,0,0,0,0,0.209924076834033,0.154026828028939,0,0,0,0
0,0,0,0,0,0,0,0,0,0,0,0.169260922315958,0,0.136207558214664,0,0,0,0,0,0,0,0,0,0,0,0,0,0.130039155288883,0,0,0,0,0,0,0,0,0,0.166807164450486,0,0,0,0,0,0,0,0,0,0,0,0,0,0,0,0,0,0,0,0.199954102436701,0,0.159804344177246,0,0,0,0,0,0,0,0,0,0,0.12681749751087,0,0.197518901036145,0,0,0,0,0,0,0,0.22564033882038,0,0.147126380043725,0,0,0,0
0,0,0,0,0,0,0,0,0,0,0.234025520475014,0,0,0,0,0,0,0,0,0,0,0,0,0,0,0,0,0,0.142325182711439,0,0,0,0,0,0,0,0,0,0.184358373174449,0,0,0,0,0,0,0,0,0,0,0,0,0,0,0,0,0,0.179872678318883,0,0,0,0,0,0,0,0,0,0,0,0,0,0,0.13182929482149,0,0.223133812306517,0,0,0,0,0,0,0,0.216770247541941,0.218707346916199,0,0,0,0
0,0,0,0,0,0,0,0,0,0,0,0,0,0,0,0,0,0,0,0,0,0,0,0,0,0,0,0,0,0,0,0,0.183130511239673,0.180332601070404,0,0.153074766355979,0,0,0,0,0,0,0,0,0,0,0,0.375394832002432,0,0,0,0,0,0,0,0,0,0,0,0,0,0,0,0,0,0,0,0,0,0,0,0,0,0,0.248466509496266,0.344348587095737,0.190427164771134,0.159032016992569,0.284565995862244,0,0,0,0.348683000076562,0,0,0,0
0,0,0,0,0,0,0,0,0,0,0,0,0,0,0,0,0,0,0,0,0,0,0,0,0,0,0,0,0,0,0,0.183130511239673,0,0,0.301889119377503,0.158249258995056,0.179083536279067,0,0,0.398807197809219,0,0,0,0,0,0,0,0.335823340740363,0.473199619849523,0.453205029754078,0,0,0,0,0,0,0,0,0,0,0,0,0,0,0,0,0,0,0,0,0,0,0,0,0.202960797969033,0.27287922381856,0.220457556946524,0.253463862388658,0,0.219138173346824,0,0,0.19845181412023,0,0,0,0
0,0,0,0,0,0,0,0,0,0,0,0,0,0,0,0,0,0,0,0,0,0,0,0,0,0,0,0,0,0,0,0.180332601070404,0,0,0.159172486272805,0.156178701950972,0,0.162090838155759,0.149930953308269,0,0,0,0,0,0,0,0,0.227180744107706,0,0.205391650398572,0,0,0,0,0,0,0,0,0,0,0,0,0,0,0,0,0,0,0,0,0,0,0,0,0.196785784843895,0.213471978902817,0.200471404804449,0.17308702175189,0.20410614251727,0.222921952605247,0.218866830997047,0.143537464241187,0.178663229802623,0.134945675730705,0,0,0
0,0,0,0,0,0,0,0,0,0,0,0,0,0,0,0,0,0,0,0,0,0,0,0,0,0,0,0,0,0,0,0,0.301889119377503,0.159172486272805,0,0,0.163627370575765,0.150436706840992,0.234782204876147,0,0,0,0,0,0,0,0,0.29347035911057,0.224602803587914,0,0,0,0,0,0,0,0,0,0,0,0,0,0,0,0,0,0,0,0,0,0,0,0,0,0,0.351861138514538,0.166984946802259,0.212587913833387,0,0.171150672054568,0,0.287520167620952,0.187127906138002,0,0,0,0
0,0.368811845779419,0,0.246385342401007,0,0.242280592521032,0,0,0,0,0,0.122914737959703,0,0,0,0,0.369484066963196,0.293292880058289,0.343941007341657,0.161710137846042,0,0,0,0,0,0,0,0,0,0,0,0.153074766355979,0.158249258995056,0.156178701950972,0,0,0.137980843709491,0.168610331074759,0.137486378351847,0.294869224230448,0,0.313042976828509,0.291587769985199,0.368694414517709,0,0.292729139903135,0.349506308635076,0.374768940655336,0,0.297100824528727,0,0.272453060044962,0,0,0,0,0,0.24023416741141,0,0.308280110359192,0,0,0.222378687300528,0,0,0,0,0,0,0,0,0,0.252976432442665,0,0.155762662490209,0.408701449632645,0.165398238697191,0,0.210051406730305,0.179840756952763,0.205800953435656,0,0.167847249594999,0.178178282772622,0.259749506855144,0.339371497609786,0
0.38460898399353,0,0.300199549645185,0,0.280652488271395,0,0,0,0,0,0.167376137691839,0,0,0,0,0,0,0,0.332495306928953,0,0.172211713653984,0,0,0,0,0,0,0,0,0,0,0,0.179083536279067,0,0.163627370575765,0.137980843709491,0,0.189898282289505,0.17672941550052,0,0.29665682464838,0,0.307266590825046,0,0.367104508479436,0.38091841340065,0.287759915050471,0.386197265606743,0.267751036019161,0,0.276319056749344,0,0,0,0,0,0.15824471918806,0,0,0,0,0,0,0.214957291966254,0,0,0,0,0,0,0,0,0,0,0,0.224588325100469,0,0.169951610610507,0.158517327720988,0.222576320393744,0,0.206621248373702,0.177074382455855,0.143369392366023,0.260225367191036,0,0.314045363664627
0,0,0,0,0,0,0,0,0,0.221940758931744,0,0.128568578251573,0,0,0,0,0,0,0,0.161325906331723,0,0.191871981046274,0.131856128573418,0.183712206011818,0,0,0,0.174264688422031,0,0.166807164450486,0,0,0,0.162090838155759,0.150436706840992,0.168610331074759,0.189898282289505,0,0.160435195421664,0,0,0.188957348465919,0,0,0,0,0,0.512647743651579,0,0.345820058362954,0,0,0,0,0,0.326554218496102,0,0.120740702961172,0,0,0,0,0.164521573318375,0,0.240124193577013,0.139283128082752,0.254609744898781,0,0,0,0.27474442055059,0,0.238215265365747,0,0,0,0.183938464166817,0,0.205346432872483,0,0.217827625725505,0.156351371717296,0.18798962134037,0.211420284850257,0.238458947092295,0,0
0,0,0,0,0,0,0,0,0.215623806316064,0,0.159854293254206,0,0,0,0,0,0,0,0,0,0.166299683352311,0,0.179539484293151,0,0.175908267622193,0,0,0,0.17947735762998,0,0.184358373174449,0,0,0.149930953308269,0.234782204876147,0.137486378351847,0.17672941550052,0.160435195421664,0,0,0,0,0.206750634006965,0,0,0,0,0.522290562435707,0.385618596343335,0,0,0,0,0,0.288777281148512,0,0.146640030436279,0,0,0,0,0,0,0.168848592787981,0,0.290194165746766,0,0.286331119830023,0,0.225310947746038,0,0.283528768147031,0,0.21647068754615,0,0,0.172988805532455,0.1880185181783,0.186082387963931,0.26419320206223,0.174530644674559,0.215370339831191,0.241455481982572,0.132785941991541,0.302784910192118,0,0
0.351552680134773,0.508848781094832,0,0.339134696457121,0,0,0,0,0,0,0,0,0,0,0,0,0.314439811640316,0.310054302215576,0.325843326100345,0,0,0,0,0,0,0,0,0,0,0,0,0,0.398807197809219,0,0,0.294869224230448,0,0,0,0,0.314204663038254,0.288733792166836,0.259249901771545,0.40279537008196,0.266432215770086,0.355601686391641,0.342669975012541,0.46498080731579,0.413360936774148,0.376559570384051,0,0,0,0,0,0,0,0.342437237501144,0,0,0,0,0.225743785924138,0.303860306739807,0,0,0,0,0,0,0,0,0,0,0,0,0,0,0.278557852585361,0.301063703166114,0.40886364877224,0,0.308147452689789,0.395730664332708,0.290694935815392,0.348399158877631,0.282373815774918
0.445677164942026,0.294028878211975,0.322296287004764,0,0.310515555051657,0,0,0,0,0,0,0,0,0,0,0,0.319440655983411,0.322607365392503,0.32952726232145,0,0,0,0,0,0,0,0,0,0,0,0,0,0,0,0,0,0.29665682464838,0,0,0.314204663038254,0,0.262284845113754,0.276441126257496,0.309285127303817,0.380928702530314,0.339221198525694,0.36202831187792,0,0.255093470215797,0.316856324672699,0.321397051215172,0,0,0,0,0,0.308229446411133,0,0.296846687793732,0,0.31310448050499,0,0.307424128055573,0.249647888733019,0,0,0,0,0,0,0,0,0,0,0,0,0,0,0.324613094329834,0.244278384362414,0,0,0.297159768162029,0,0.300955914001587,0.261529331405958,0.328851883846616
0.362545013427734,0.325916766661393,0.322175621986389,0.304764617399629,0,0.262993011623621,0,0,0,0.293275463641906,0,0,0,0,0,0,0.26740815709619,0.298415668308735,0.224571637746491,0,0,0,0,0.161328315734863,0,0,0,0,0,0,0,0,0,0,0,0.313042976828509,0,0.188957348465919,0,0.288733792166836,0.262284845113754,0,0.251665747864952,0.234183331540071,0.220997035503387,0.273679042437478,0.273222136497498,0.427513437250913,0.381105497479439,0.388892861190648,0,0.25352112783326,0,0,0,0.216430389881134,0,0.346087629093843,0,0,0,0.312899366021156,0.290673313748758,0.358685731887817,0,0,0.212682299315929,0,0,0,0,0,0.280269704452933,0,0,0,0,0,0.30071809363348,0.284376631180445,0.363325720483607,0,0.324871129024515,0.26403945311904,0.285659724219742,0.257076349369044,0.280639976263046
0.280014361310664,0.330710858106613,0.285355109180441,0.287979274988174,0.265229200571775,0,0,0,0.233063500092811,0,0.248669698834419,0,0,0,0,0,0.265154814895462,0.288974402206285,0.243243860915099,0,0,0,0,0,0.234392240643501,0,0,0,0,0,0,0,0,0,0,0.291587769985199,0.307266590825046,0,0.206750634006965,0.259249901771545,0.276441126257496,0.251665747864952,0,0.242469986279806,0.271725429674235,0.282852676386635,0.279419616973105,0.386902895519289,0.378136113726644,0.288506776094437,0.257502853870392,0,0,0,0.236804596042331,0,0.335973388728151,0.289676666259766,0.294516110171874,0,0,0,0,0.303809992127842,0,0,0,0.237732182741165,0,0,0,0,0,0,0,0,0,0,0.32740016068731,0.293595124916243,0.36547726392746,0.255948539823294,0.327267736871669,0.273454474078284,0.292716754050511,0.215285753210386,0.227953521764911
0,0.469100564718246,0,0.295404970645905,0,0,0,0,0,0,0,0,0,0,0,0,0.296840063835445,0.305885573795864,0.282191011933205,0,0,0,0,0,0,0,0,0,0,0,0,0,0,0,0,0.368694414517709,0,0,0,0.40279537008196,0.309285127303817,0.234183331540071,0.242469986279806,0,0.232729075984521,0.344123721332126,0.28875259174542,0,0,0,0,0,0,0,0,0,0.272915542125702,0.422770321369171,0,0,0,0,0.352733414769173,0.408253610134125,0,0,0,0,0,0,0,0,0.418763875961304,0,0,0,0,0,0.392482111515763,0.35634401014873,0.529690763950348,0,0.261749908475107,0.287119179964066,0.432431104379026,0.24874066377795,0.246905475854874
0.304466128349304,0,0,0.312660396099091,0,0.279257416725159,0,0,0,0,0,0,0,0,0,0,0.289424277842045,0.294489300913281,0.246319473959223,0,0,0,0,0,0,0,0,0,0,0,0,0,0,0,0,0,0.367104508479436,0,0,0.266432215770086,0.380928702530314,0.220997035503387,0.271725429674235,0.232729075984521,0,0.275738850235939,0.345426992062599,0,0,0,0,0,0,0,0,0,0.29822114109993,0,0,0,0,0,0,0.348830100148916,0,0,0,0,0,0,0,0,0,0,0,0,0,0,0.309127976497014,0.364342974474252,0,0.519632160663605,0.237749391891917,0.287134602665901,0.387146492395708,0,0.279659318528613
0.365313633399851,0.397481261098639,0,0.232173875977214,0,0.214712251509939,0,0,0,0,0,0,0,0,0,0,0.333256300358937,0.319091916248039,0.334620746593868,0,0,0.277431398630142,0,0,0,0,0,0,0,0,0,0,0,0,0,0.292729139903135,0.38091841340065,0,0,0.355601686391641,0.339221198525694,0.273679042437478,0.282852676386635,0.344123721332126,0.275738850235939,0,0.344782166852938,0,0,0.307494707405567,0,0.224604019004366,0,0,0,0,0,0.264702892094328,0,0,0,0,0.285531293758779,0.331882167247034,0,0,0,0,0,0,0,0,0.338482338190079,0,0,0,0,0,0.3153312343467,0.341178092041186,0.336067965759439,0,0.304470293008937,0.321474919716517,0.334265217711126,0.292238110635016,0.268483045200507
0.392220051221128,0.351479429265727,0.21826186241663,0.328778475522995,0.195327170831817,0,0,0,0.273009598255157,0,0,0,0,0,0,0,0.304236201821147,0.321864504880946,0.334074356260837,0,0.23463271382977,0,0,0,0,0,0,0,0,0,0,0,0,0,0,0.349506308635076,0.287759915050471,0,0,0.342669975012541,0.36202831187792,0.273222136497498,0.279419616973105,0.28875259174542,0.345426992062599,0.344782166852938,0,0,0.22071536257863,0.333502301946282,0.189341742131445,0,0,0,0.181499652564526,0,0.249194156516481,0.349561095237732,0.210021503269672,0,0.198673687875271,0,0.337849040394244,0.285620333576725,0,0,0,0,0,0,0,0,0.309212505817413,0,0,0,0,0,0.345875547967688,0.329323628246784,0.369996517896652,0.377640575170517,0.274784825987868,0.24372416308948,0.344932097032362,0.278518341481686,0.29627930931747
0,0,0,0,0,0,0,0,0,0,0,0,0,0,0,0,0,0,0,0,0,0,0,0,0,0,0,0,0,0,0,0.375394832002432,0.335823340740363,0.227180744107706,0.29347035911057,0.374768940655336,0.386197265606743,0.512647743651579,0.522290562435707,0.46498080731579,0,0.427513437250913,0.386902895519289,0,0,0,0,0,0.466275619776148,0.450597885773772,0,0,0,0,0,0,0,0,0,0,0,0,0,0,0,0,0,0,0,0,0,0,0,0,0.360711651419272,0.34785284383117,0.23272551568377,0.297560249984973,0.314702876768665,0.363573614306547,0.4128237186902,0.445842763799944,0.547753829403786,0,0.428567959565773,0,0
0.160831856437855,0,0.180168960439531,0.282169997692108,0.270212868849436,0,0,0,0.155037303765615,0,0,0,0,0,0,0,0,0,0.2291386226813,0,0.21948929131031,0,0.240549673830144,0,0.243736682832241,0,0,0,0.276450395584106,0,0,0,0.473199619849523,0,0.224602803587914,0,0.267751036019161,0,0.385618596343335,0.413360936774148,0.255093470215797,0.381105497479439,0.378136113726644,0,0,0,0.22071536257863,0.466275619776148,0,0.379701925148754,0.264862537384033,0,0,0,0.153549736738205,0,0.246694239477317,0,0,0,0.170193481094697,0,0,0.206195497512817,0,0.29145136975034,0,0.202758677778828,0,0.255160592635226,0,0.256326477293686,0,0.327419732971226,0,0.375183150172234,0.301754474639893,0.35372889181599,0,0.291500861182766,0,0.304553211251207,0.36669757913875,0.28085050199713,0.311023921369961,0,0.342749357223511
0.333520606160164,0.198930452965821,0.269512176513672,0.203253040580373,0,0.233604125678539,0,0,0,0.14119298017025,0,0,0,0,0,0.174263553959983,0.324506640434265,0,0.301093869923074,0,0,0.258684910135985,0,0.276306211948395,0,0,0,0,0,0,0,0,0.453205029754078,0.205391650398572,0,0.297100824528727,0,0.345820058362954,0,0.376559570384051,0.316856324672699,0.388892861190648,0.288506776094437,0,0,0.307494707405567,0.333502301946282,0.450597885773772,0.379701925148754,0,0,0.213951417803764,0,0,0,0.156511257092158,0,0.280494726649145,0,0.246883746484915,0,0.190840609497943,0.302118331193924,0.306738883256912,0.256157931188742,0,0.272951122875961,0,0.325032872641647,0,0.301303740401971,0,0.297613571588782,0,0,0,0.292014313861728,0,0.304503696773456,0.327692285180092,0.3216837626777,0,0.410437624087792,0.304863118463092,0.339876295212602,0.342683184228531,0
0,0,0.205754430343707,0,0.206754843822313,0,0.18265713006258,0,0.202967517971993,0,0.17400498688221,0,0,0,0.227127781936101,0,0,0,0.253489762544632,0,0.190601509064436,0,0,0,0,0,0,0,0,0,0,0,0,0,0,0,0.276319056749344,0,0,0,0.321397051215172,0,0.257502853870392,0,0,0,0.189341742131445,0,0.264862537384033,0,0,0,0.194141147392137,0,0.198070246726274,0,0.226910948753357,0,0.219038560986519,0,0.222228725041662,0,0,0.224773287773132,0,0,0,0,0,0,0,0,0,0,0,0,0,0,0,0.302443073193232,0,0,0.210473975674673,0.2772116959095,0.235960962433441,0,0
0,0.196374911814928,0,0.188278726169041,0,0.194718405261244,0,0,0,0.185040652751923,0,0,0,0,0,0.199059109389782,0,0,0,0.25845882454887,0,0,0,0,0,0,0,0,0,0,0,0,0,0,0,0.272453060044962,0,0,0,0,0,0.25352112783326,0,0,0,0.224604019004366,0,0,0,0.213951417803764,0,0,0,0.232842001886595,0,0,0,0.266105345037264,0,0.279791856057023,0,0.226453685062997,0.28461946897647,0,0,0,0,0,0,0,0,0,0,0,0,0,0,0,0.292568310004909,0,0.29925961792469,0,0.191628564028971,0,0.239482532588788,0.24876556545496,0
0,0,0,0,0,0,0.237617805883458,0,0,0,0.192378297448158,0,0,0,0,0,0,0,0,0,0.16843834782348,0,0,0,0,0,0,0,0,0,0,0,0,0,0,0,0,0,0,0,0,0,0,0,0,0,0,0,0,0,0.194141147392137,0,0,0,0,0,0.203241756865008,0,0.222804133381162,0,0,0,0,0.173498961287485,0,0,0,0,0,0,0,0,0,0,0,0,0,0,0,0,0,0,0.154279983043671,0,0,0,0
0,0,0,0,0,0.139788225293159,0,0.243494689319192,0,0,0,0.19751730384463,0,0,0,0,0,0,0,0,0,0,0,0,0,0,0,0,0,0,0,0,0,0,0,0,0,0,0,0,0,0,0,0,0,0,0,0,0,0,0,0.232842001886595,0,0,0,0,0,0.240188030174989,0,0,0,0,0,0,0,0,0,0,0,0,0,0,0,0,0,0,0,0,0,0,0,0,0.180296592414379,0,0,0,0
0.146778809680389,0,0.144454278842066,0,0.196445658802986,0,0,0,0.239827490847496,0,0,0,0,0,0.239180740454923,0,0,0,0,0,0,0,0,0,0.210733863787773,0,0,0,0,0,0,0,0,0,0,0,0,0,0.288777281148512,0,0,0,0.236804596042331,0,0,0,0.181499652564526,0,0.153549736738205,0,0.198070246726274,0,0,0,0,0,0,0,0,0,0.216622652342686,0,0,0,0,0,0,0.257053974069773,0,0.202309511601925,0,0,0,0,0,0,0,0,0,0.224910542368889,0,0.287129875872193,0.240493785393865,0,0.257630172834928,0,0.225373089313507
0,0.123487143602688,0,0.162948564606176,0,0,0,0,0,0.234999542017521,0,0,0,0,0,0.200068469751965,0,0,0,0,0,0,0,0.214092412847094,0,0,0,0,0,0,0,0,0,0,0,0,0,0.326554218496102,0,0,0,0.216430389881134,0,0,0,0,0,0,0,0.156511257092158,0,0,0,0,0,0,0,0,0,0,0,0.245058826382658,0,0,0,0,0.300271032030111,0,0,0,0,0,0,0,0,0,0,0,0,0,0.354752122114102,0,0.209370043517938,0.28848323225975,0.244357206755214,0,0
0.378867864608765,0,0.268535778352192,0,0.235513040423393,0,0.216249654232469,0,0.258716456592083,0,0.19335248131637,0,0,0,0,0,0,0,0.320428923836776,0,0.204295336172499,0,0,0,0,0,0,0,0,0,0.179872678318883,0,0,0,0,0,0.15824471918806,0,0.146640030436279,0,0.308229446411133,0,0.335973388728151,0.272915542125702,0.29822114109993,0,0.249194156516481,0,0.246694239477317,0,0.226910948753357,0,0.203241756865008,0,0,0,0,0,0.230635754161693,0,0,0,0,0.280907172665036,0,0,0,0,0,0,0,0.354898582805287,0,0.258760458366437,0,0,0,0,0,0.319724623646055,0,0.166239905357361,0.220714750344909,0.219652017951012,0.315731836557388,0,0.313475000006812
0,0.27181228724393,0,0.293526285504167,0,0.204071887974012,0,0.207613746635616,0,0,0,0.212861684578984,0,0.186242401599884,0,0,0,0,0.360582750094564,0.293378380039391,0,0,0,0,0,0,0,0,0,0.199954102436701,0,0,0,0,0,0.24023416741141,0,0.120740702961172,0,0.342437237501144,0,0.346087629093843,0.289676666259766,0.422770321369171,0,0.264702892094328,0.349561095237732,0,0,0.280494726649145,0,0.266105345037264,0,0.240188030174989,0,0,0,0,0,0.236340017509675,0,0.253843200206757,0.282125427397256,0.302810549736023,0,0,0,0,0,0,0.272427418549581,0,0.267038279620053,0,0,0,0,0,0.304489762968732,0,0.180789635731624,0,0.194698873629706,0.253317818045616,0.304428119442819,0.335359419075151,0
0.295646876096725,0,0.301807716488838,0,0.205501347780228,0,0.239292298113146,0,0,0,0.143472052690002,0,0.150409589969475,0,0,0,0,0,0.29241968691349,0,0,0,0,0,0,0,0,0,0.120928421064659,0,0,0,0,0,0,0,0,0,0,0,0.296846687793732,0,0.294516110171874,0,0,0,0.210021503269672,0,0,0,0.219038560986519,0,0.222804133381162,0,0,0,0.230635754161693,0,0,0,0,0,0,0.257628470659256,0,0,0,0,0,0,0,0,0,0,0,0,0,0,0,0.307870774106546,0,0,0.183438180221452,0.170277567580342,0.281712894101401,0,0.289583221077919
0,0,0,0.295944929122925,0,0,0,0,0,0,0,0.135852020395839,0,0.170527127799404,0,0.146461447079976,0,0,0,0,0,0,0,0,0,0,0,0.162208619217078,0,0.159804344177246,0,0,0,0,0,0.308280110359192,0,0,0,0,0,0,0,0,0,0,0,0,0,0.246883746484915,0,0.279791856057023,0,0,0,0,0,0.236340017509675,0,0,0,0.248419587428753,0.275697559118271,0,0,0,0,0,0.287923112511635,0,0.275161386848512,0,0,0,0,0,0,0,0.308391660451889,0,0,0,0.171400116162097,0.317086624247687,0.282624816522002,0,0
0,0,0,0,0.235045164823532,0,0,0,0.213707967446401,0,0,0,0,0,0.215413977525064,0,0.153930120170116,0,0,0,0,0,0,0,0,0,0,0,0,0,0,0,0,0,0,0,0,0,0,0,0.31310448050499,0,0,0,0,0,0.198673687875271,0,0.170193481094697,0,0.222228725041662,0,0,0,0.216622652342686,0,0,0,0,0,0,0,0,0,0,0,0,0.198047369718552,0,0,0,0,0,0,0,0,0,0,0,0.302646259466807,0,0,0.171819068491459,0,0.263172561923663,0,0.250260710716248
0,0.202034290541302,0,0.163858504909458,0,0.216262876203186,0,0,0,0.216226704044884,0,0,0,0.135578273755053,0,0.219011746144214,0,0.173828721046448,0,0,0,0,0,0,0,0,0,0,0,0,0,0,0,0,0,0,0,0,0,0,0,0.312899366021156,0,0,0,0,0,0,0,0.190840609497943,0,0.226453685062997,0,0,0,0.245058826382658,0,0.253843200206757,0,0.248419587428753,0,0,0,0,0,0,0,0,0.216682578508671,0,0,0,0,0,0,0,0,0,0,0,0,0,0.14210366611095,0,0.22430915137132,0,0
0.336527198553085,0.470343271891276,0,0.291019466260205,0,0.241914615035057,0,0.136391505599022,0,0,0,0.12167179878605,0,0,0,0,0.301234283617565,0.346716587032591,0.314511229184048,0.21820168828735,0,0,0,0,0,0,0,0,0,0,0,0,0,0,0,0.222378687300528,0,0.164521573318375,0,0.225743785924138,0.307424128055573,0.290673313748758,0,0.352733414769173,0,0.285531293758779,0.337849040394244,0,0,0.302118331193924,0,0.28461946897647,0,0,0,0,0,0.282125427397256,0,0.275697559118271,0,0,0,0.320483699440956,0,0,0,0,0,0,0,0,0.305870487820357,0,0,0,0,0,0.263619949123265,0.317780584096909,0.30028230956984,0,0.207704162494065,0.360874444246292,0.297774079244221,0.330633289180696,0
0.467328280210495,0.315267711877823,0.244983747601509,0,0.248921230435371,0,0,0,0,0,0.147545781731606,0,0,0,0,0,0.301442585885525,0.318393241275441,0.315529532071684,0,0.197663889151462,0,0,0,0,0,0,0,0,0,0,0,0,0,0,0,0.214957291966254,0,0.168848592787981,0.303860306739807,0.249647888733019,0.358685731887817,0.303809992127842,0.408253610134125,0.348830100148916,0.331882167247034,0.285620333576725,0,0.206195497512817,0.306738883256912,0.224773287773132,0,0.173498961287485,0,0,0,0.280907172665036,0.302810549736023,0.257628470659256,0,0,0,0.320483699440956,0,0,0,0,0,0,0,0,0,0,0,0,0,0,0,0.310743302106857,0.258274125347902,0,0.31129791729507,0.226942099291358,0.32828027009964,0.318865081116079,0,0.316179603338242
0,0,0,0,0,0,0,0,0,0,0,0,0,0,0,0,0.143982829526067,0.165011547215573,0,0,0,0.216830887352178,0,0.201129296422005,0,0.217906321470554,0,0.172745558619499,0,0,0,0,0,0,0,0,0,0.240124193577013,0,0,0,0,0,0,0,0,0,0,0,0.256157931188742,0,0,0,0,0,0,0,0,0,0,0,0,0,0,0,0,0.296982948572515,0,0.262388148498535,0,0.222767539623231,0,0.335967103019357,0,0,0,0,0,0,0,0.272101475868053,0,0.144289946792618,0.122294589877129,0.238885253667831,0,0
0,0,0,0,0,0,0,0,0,0,0,0,0,0,0,0,0.161214054340408,0,0,0,0,0.125634506344795,0.2065467488237,0,0.230885615199804,0,0.151789073149363,0,0,0,0,0,0,0,0,0,0,0.139283128082752,0.290194165746766,0,0,0,0,0,0,0,0,0,0.29145136975034,0,0,0,0,0,0,0,0,0,0,0,0,0,0,0,0,0,0,0.19222255480719,0,0.314410391650843,0,0.272896209545434,0,0,0,0,0,0,0,0,0,0.262428668756225,0.145123920744988,0,0.249893926084042,0,0
0,0,0,0,0,0,0,0,0,0.234763203395738,0,0,0,0,0,0,0,0,0,0,0,0.256356072268988,0,0.195255978442729,0,0.206167444586754,0,0,0,0,0,0,0,0,0,0,0,0.254609744898781,0,0,0,0.212682299315929,0,0,0,0,0,0,0,0.272951122875961,0,0,0,0,0,0.300271032030111,0,0,0,0,0,0,0,0,0.296982948572515,0,0,0,0.232983777862831,0,0.357352094880442,0,0,0,0,0,0,0,0,0,0.277646336764996,0,0.158866352223335,0,0.248093655738242,0,0
0,0,0,0,0,0,0,0,0.247754108040564,0,0,0,0,0,0,0,0.177470773458481,0,0,0,0,0,0.204620740609244,0,0.198301231160555,0,0.205485627055168,0,0,0,0,0,0,0,0,0,0,0,0.286331119830023,0,0,0,0.237732182741165,0,0,0,0,0,0.202758677778828,0,0,0,0,0,0.257053974069773,0,0,0,0,0,0.198047369718552,0,0,0,0,0.19222255480719,0,0,0,0.242832560092211,0,0.230480387806892,0,0,0,0,0,0,0,0,0,0.262581694550041,0.172252667851226,0,0.269979507009188,0,0
0,0,0,0,0,0,0,0,0,0,0,0,0,0.158016324043274,0,0,0,0,0,0,0,0.157379881980327,0,0.272492391009097,0,0.221623459538465,0,0.133109512286527,0,0,0,0,0,0,0,0,0,0,0,0,0,0,0,0,0,0,0,0,0,0.325032872641647,0,0,0,0,0,0,0,0,0,0.287923112511635,0,0.216682578508671,0,0,0.262388148498535,0,0.232983777862831,0,0,0,0.376687919165769,0,0.366395582755407,0,0,0,0,0,0,0,0,0,0.154814423549743,0,0,0,0
0,0,0,0,0,0,0,0,0,0,0,0,0,0,0,0,0.173277872800827,0,0,0,0,0,0.230719677492309,0,0.176502558489641,0,0.20920570337524,0,0.204010751843452,0,0,0,0,0,0,0,0,0,0.225310947746038,0,0,0,0,0,0,0,0,0,0.255160592635226,0,0,0,0,0,0.202309511601925,0,0,0,0,0,0,0,0,0,0,0.314410391650843,0,0.242832560092211,0,0,0,0.259827052553495,0,0,0,0,0,0,0,0,0,0.240240141749382,0,0,0.242677154285567,0,0
0,0,0,0,0,0,0,0,0,0,0,0.154317056590861,0,0.156042422567095,0,0,0,0,0,0,0,0.243078617380968,0,0,0,0.124848487973213,0,0.194371672534737,0,0.12681749751087,0,0,0,0,0,0,0,0.27474442055059,0,0,0,0,0,0,0,0,0,0,0,0.301303740401971,0,0,0,0,0,0,0,0.272427418549581,0,0.275161386848512,0,0,0,0,0.222767539623231,0,0.357352094880442,0,0.376687919165769,0,0,0,0.31203300900319,0,0,0,0,0,0,0,0.265363620827764,0,0.171658243983984,0,0.333958506584167,0,0
0,0,0,0,0,0,0,0,0,0,0,0,0,0,0,0,0,0,0,0,0,0,0.157082712426122,0,0,0,0.151036551543351,0,0.193900644629964,0,0.13182929482149,0,0,0,0,0,0,0,0.283528768147031,0,0,0,0,0,0,0,0,0,0.256326477293686,0,0,0,0,0,0,0,0.354898582805287,0,0,0,0,0,0,0,0,0.272896209545434,0,0.230480387806892,0,0.259827052553495,0,0,0,0.254555565661064,0,0,0,0,0,0,0,0.30837614069776,0,0,0,0,0
0,0,0,0.314592422544956,0,0.27517381310463,0,0,0,0,0,0.232482893996198,0,0.203646659851074,0,0,0,0,0.364529684185982,0,0,0.331048850563989,0,0,0,0,0,0.179138980805874,0,0.197518901036145,0,0,0,0,0,0.252976432442665,0,0.238215265365747,0,0,0,0.280269704452933,0,0.418763875961304,0,0.338482338190079,0.309212505817413,0,0,0.297613571588782,0,0,0,0,0,0,0,0.267038279620053,0,0,0,0,0.305870487820357,0,0.335967103019357,0,0,0,0.366395582755407,0,0.31203300900319,0,0,0,0,0,0,0,0.295502715597027,0,0.283721451190477,0,0.224935831671411,0,0.261954453587532,0,0
0,0,0,0,0,0,0,0,0,0,0.260809828837713,0,0,0,0,0,0,0,0,0,0,0,0,0,0,0,0,0,0,0,0.223133812306517,0,0,0,0,0,0,0,0.21647068754615,0,0,0,0,0,0,0,0,0,0.327419732971226,0,0,0,0,0,0,0,0.258760458366437,0,0,0,0,0,0,0,0,0,0,0,0,0,0,0.254555565661064,0,0,0,0,0,0,0,0,0,0.308221084274511,0.220325181881587,0,0.228674084444841,0,0
0,0,0,0,0,0,0,0,0,0,0,0,0,0,0,0,0,0,0,0,0,0,0,0,0,0,0,0,0,0,0,0.248466509496266,0.202960797969033,0.196785784843895,0,0.155762662490209,0,0,0,0,0,0,0,0,0,0,0,0.360711651419272,0,0,0,0,0,0,0,0,0,0,0,0,0,0,0,0,0,0,0,0,0,0,0,0,0,0,0,0,0.276211839201658,0.16479004919529,0.266277658356561,0,0,0,0.209294858854264,0,0,0,0
0,0,0,0,0,0,0,0,0,0,0,0,0,0,0,0,0,0,0,0,0,0,0,0,0,0,0,0,0,0,0,0.344348587095737,0.27287922381856,0.213471978902817,0.351861138514538,0.408701449632645,0.224588325100469,0,0,0,0,0,0,0,0,0,0,0.34785284383117,0.375183150172234,0,0,0,0,0,0,0,0,0,0,0,0,0,0,0,0,0,0,0,0,0,0,0,0,0,0,0,0,0.327532510945212,0.24868156015873,0.231030814890755,0,0,0.284284171995832,0,0,0,0
0,0,0,0,0,0,0,0,0,0,0,0,0,0,0,0,0,0,0,0,0,0,0,0,0,0,0,0,0,0,0,0.190427164771134,0.220457556946524,0.200471404804449,0.166984946802259,0.165398238697191,0,0.183938464166817,0.172988805532455,0,0,0,0,0,0,0,0,0.23272551568377,0.301754474639893,0.292014313861728,0,0,0,0,0,0,0,0,0,0,0,0,0,0,0,0,0,0,0,0,0,0,0,0,0.276211839201658,0,0,0.167720460040229,0.246588652075968,0,0.239499221405268,0,0.173325543526372,0,0,0,0
0,0,0,0,0,0,0,0,0,0,0,0,0,0,0,0,0,0,0,0,0,0,0,0,0,0,0,0,0,0,0,0.159032016992569,0.253463862388658,0.17308702175189,0.212587913833387,0,0.169951610610507,0,0.1880185181783,0,0,0,0,0,0,0,0,0.297560249984973,0.35372889181599,0,0,0,0,0,0,0,0,0,0,0,0,0,0,0,0,0,0,0,0,0,0,0,0,0,0.16479004919529,0.327532510945212,0.167720460040229,0,0,0.257774218700934,0,0.229151725003511,0.164049313093225,0,0.399335533380508,0,0
0.368863059414758,0.444915398631407,0,0.305704948725179,0,0.282928723096848,0,0.167218185961246,0,0,0,0.165287735943611,0,0,0,0,0.341591234685797,0.335436572951655,0.346313897030394,0.180550908114999,0,0,0,0,0,0,0,0,0,0,0,0.284565995862244,0,0.20410614251727,0,0.210051406730305,0.158517327720988,0.205346432872483,0.186082387963931,0.278557852585361,0.324613094329834,0.30071809363348,0.32740016068731,0.392482111515763,0.309127976497014,0.3153312343467,0.345875547967688,0.314702876768665,0,0.304503696773456,0,0.292568310004909,0,0,0,0,0,0.304489762968732,0,0.308391660451889,0,0,0.263619949123265,0.310743302106857,0,0,0,0,0,0,0,0,0.295502715597027,0,0.266277658356561,0.24868156015873,0.246588652075968,0,0,0.237954060946192,0.250803329548847,0,0.203690928438434,0.19430589551727,0.335310327941755,0.356052604923536,0.319253951311111
