0,70.9461135864258,3.49587154388428,0,0,0,0,0,20.89086834846,0,0,0,0,0,0,0,0,0,0,0,0,0,0,0,18.9560852050781,0,0,0,0,0,0,0,0,0,0,0,0,51.2658271789551,22.8933717939589,0,0,34.1739463806152,21.3944568539743,0,0,0,0,50.0356407165527,20.9695039728782,54.150899887085,0,0,0,0,26.166561126709,0,0,0,0,0,0,0,0,0,0,0,42.0174980163574,25.9375782012939,0,0,0,27.3990421295166,0,0,0,0,0,0,0,0,0,0,27.0609640248617,0,20.7042133051478,0,17.6251430511475
70.9461135864258,0,0,12.7708449363708,0,19.403589453016,0,0,0,7.94195546044244,0,0,0,0,0,0,0,0,27.359094619751,0,0,0,0,15.8449216365814,57.9700355529785,0,0,0,0,0,0,0,0,0,0,0,0,21.8235841230913,44.9263162612915,37.2418022155762,0,21.2995837602129,0,0,0,0,0,33.6703010559082,0,9.498558396101,0,14.9122546513875,0,0,0,8.45492200575013,0,17.6490740299225,0,0,0,4.0614607334137,0,0,0,0,14.072692666735,54.9691899617513,0,0,27.0087251663208,0,25.7530201805962,0,0,0,0,0,52.0106658935547,0,35.5685145060221,48.0399284362793,28.9655798852444,0,19.0099544371987,0,0
3.49587154388428,0,0,0,9.17865288971756,0,0,0,4.52960724830627,0,0,0,0,0,0,0,0,0,0,0,8.45224052926768,0,0,0,0,0,0,0,0,0,0,0,0,0,0,0,0,0,0,0,0,0,29.9557523727417,0,0,0,0,0,3.22642211119334,0,8.36021263351857,0,0,0,7.5990109096453,0,8.34040919144948,0,3.37725782394409,0,2.78651797771454,0,0,13.9029655456543,0,0,0,0,0,0,0,0,0,26.1398811340332,0,0,0,0,0,0,0,0,9.54247511757745,0,5.20330111488463,0,0
0,12.7708449363708,0,0,0,7.9813738154841,0,0,0,8.68124050996741,0,0,0,0,0,0,63.0111770629883,0,34.2166271209717,0,0,0,0,28.3300151824951,0,0,0,0,0,0,0,0,0,0,0,0,0,34.6547813415527,0,0,0,29.0192907506769,0,0,0,0,0,0,0,33.6846809387207,0,12.3810352922297,0,0,0,8.45987563384207,0,8.6913145768015,0,5.54436723906317,0,7.69865686513107,7.2158153851827,0,0,0,0,0,0,0,29.0936720921443,0,28.3420492808024,0,0,0,0,0,45.218318939209,0,36.1352725028992,0,10.4925145958409,0,6.43804947431985,22.7651233673096,0
0,0,9.17865288971756,0,0,0,0,0,10.3461194038391,0,7.60658836364746,0,0,0,2.73687958717346,0,0,0,0,0,4.00467305183411,0,0,0,0,0,0,0,0,0,0,0,0,0,0,0,3.66228218700575,0,0,0,0,0,0,0,0,0,0,0,0,0,5.94697959606464,0,0,0,8.02013492584229,0,0,0,0,0,4.29076741723453,0,0,0,0,0,0,0,0,0,0,0,0,0,0,0,0,0,0,0,0,0,3.85349005460739,7.14584684371948,10.2431221621377,0,0
0,19.403589453016,0,7.9813738154841,0,0,0,0,0,11.2256915656003,0,6.24602324622018,0,0,0,12.3251895326557,0,0,0,2.73138523101807,0,0,0,0,0,0,0,0,0,0,0,0,0,0,0,8.02680149078369,0,45.4123802185059,0,0,0,47.4308226449149,0,0,0,0,0,0,0,13.7125700170344,0,4.76330782627237,0,0,0,12.747470158797,0,16.123925409819,0,0,0,12.4045648574829,0,0,0,0,0,0,0,0,47.0863723754883,0,43.0118269486861,0,0,0,0,0,0,0,51.0089988708496,0,11.1044782951314,2.74686741828918,7.27464129655166,0,0
0,0,0,0,0,0,0,0,0,0,2.98287841677666,0,0,0,0,0,0,0,0,0,3.2307277747563,0,0,0,0,0,0,0,0,0,0,0,0,0,0,0,0,0,0,0,0,0,0,0,0,0,0,0,0,0,3.22304257479581,0,2.94387343350579,0,0,0,3.00025740876255,0,4.00143079459667,0,0,0,0,0,0,0,0,0,0,0,0,0,0,0,0,0,0,0,0,0,0,0,8.40798505809572,3.59829044342041,0,0,0
0,0,0,0,0,0,0,0,0,0,0,0,0,0,0,0,0,0,0,0,0,0,0,0,0,0,0,0,0,0,0,0,0,0,0,0,0,0,0,0,0,0,0,0,0,0,0,0,0,0,0,0,0,0,0,0,0,2.74212265014648,0,0,0,0,0,0,0,0,0,0,0,0,0,0,0,0,0,0,0,0,0,0,0,0,3.22787737846375,0,0,0,0
20.89086834846,0,4.52960724830627,0,10.3461194038391,0,0,0,0,0,0,0,0,0,5.37576150240963,0,8.48593697283003,51.6997083028158,18.6031704650206,0,9.82113268317246,0,0,0,13.7933047749349,0,2.95468473434448,0,0,0,0,0,0,0,0,0,59.4753265380859,61.6708221435547,8.84229593276978,79.1934661865234,0,0,24.769207259883,0,0,0,0,0,25.0893302467299,94.5845031738281,0,0,0,0,8.73218578290028,0,21.0695947564167,0,0,0,7.15968950766667,0,0,0,0,0,0,21.1444999102888,0,5.38329897456699,0,22.5363331095378,0,23.7643188514146,0,0,0,0,0,86.5496215820312,0,22.0785671294421,7.20254394275053,6.06818542113671,21.6183264817649,0,19.1392021179199
0,7.94195546044244,0,8.68124050996741,0,11.2256915656003,0,0,0,0,0,0,0,0,0,4.4031197268056,0,23.3262281417847,18.0115350087484,0,0,0,0,4.18491373342626,67.8130950927734,0,0,0,0,0,0,0,0,0,0,0,0,13.9214811658859,0,0,0,17.4457274857214,0,0,0,35.4651145935059,0,0,0,21.4922872384389,0,12.1586615411859,0,0,0,6.10226249354226,0,17.2899073494805,0,0,0,6.28207477582555,31.3273468017578,0,0,0,8.33287782917655,0,0,0,19.385647947138,0,19.3492176055908,0,0,0,0,0,46.5489540100098,0,19.1957208401448,0,9.96134745984138,8.55051851272583,18.6761009829385,14.6759030024211,0
0,0,0,0,7.60658836364746,0,2.98287841677666,0,0,0,0,0,0,0,0,0,0,0,0,0,4.38868312154497,0,0,0,0,0,0,0,6.60497716020365,0,6.17025408744812,0,0,0,0,0,0,0,5.08162483545785,0,0,0,0,0,0,0,0,0,0,0,12.9753250299498,0,0,0,0,0,6.8702424052903,0,4.03627554575602,0,0,0,0,4.883110973984,0,0,0,0,0,0,0,8.59308495192692,0,7.1628293799844,0,0,0,0,0,0,0,9.51190201441447,4.04399384192701,2.89704827034828,0,0,0
0,0,0,0,0,6.24602324622018,0,0,0,0,0,0,0,2.95045394897461,0,0,0,0,0,4.0478775523327,0,0,0,0,0,0,0,3.22639036178589,0,3.09026148512557,0,0,0,0,0,0,0,4.70648257896818,0,0,0,0,0,0,0,0,0,0,0,0,0,0,0,0,0,0,0,4.2647102693411,0,2.9538475827473,0,0,5.81479698419571,0,0,0,0,0,0,0,3.45690331960979,0,3.3217441034317,0,0,0,0,0,0,0,9.28667640686035,0,5.03019121523654,4.15591764450073,7.76981351592324,0,0
0,0,0,0,0,0,0,0,0,0,0,0,0,0,0,0,0,0,0,0,0,0,0,0,0,0,0,0,3.53729733595481,0,0,0,0,0,0,0,0,0,0,0,0,0,0,0,0,0,0,0,0,0,0,0,0,0,0,0,0,0,3.07488612986323,0,0,0,0,0,0,0,0,0,0,0,0,0,0,0,0,0,0,0,0,0,0,0,3.15053646883387,2.90732593195779,0,0,0
0,0,0,0,0,0,0,0,0,0,0,2.95045394897461,0,0,0,0,0,0,0,0,0,0,0,0,0,0,0,0,0,0,0,0,0,0,0,0,0,0,0,0,0,0,0,0,0,0,0,0,0,0,0,0,0,0,0,0,0,0,0,2.7814239859581,0,0,0,0,0,0,0,0,0,0,2.81875233650208,0,0,0,0,0,0,0,0,0,0,0,0,0,0,0,0
0,0,0,0,2.73687958717346,0,0,0,5.37576150240963,0,0,0,0,0,0,0,2.75241279602051,0,0,0,0,0,0,0,26.0279663630894,0,0,0,0,0,0,0,0,0,0,0,0,0,0,0,0,0,0,0,0,0,0,0,0,0,3.01752471923828,0,0,0,8.21402212034298,0,0,0,0,0,3.36415719291539,0,0,0,0,0,0,28.525806427002,0,4.2140249339017,0,0,0,0,0,0,0,0,0,0,0,0,3.75530344506969,4.58599162101746,0,0,0
0,0,0,0,0,12.3251895326557,0,0,0,4.4031197268056,0,0,0,0,0,0,0,0,0,0,0,0,0,5.44996220356709,0,0,0,0,0,0,0,0,0,0,0,0,0,0,0,0,0,0,0,0,0,0,0,0,0,7.4348384141922,0,9.31944328738797,0,0,0,5.47970676911183,0,0,0,0,0,4.43173173510073,0,0,0,0,11.991624991099,0,0,0,0,0,0,0,0,0,0,0,0,0,0,0,11.2943290869395,3.03718876838684,0,0,0
0,0,0,63.0111770629883,0,0,0,0,8.48593697283003,0,0,0,0,0,2.75241279602051,0,0,24.8645231743455,16.7643467857266,0,0,0,5.61348646128619,0,0,24.1125001907349,3.18485095103582,0,0,0,0,0,0,0,0,0,72.8406991958618,0,119.902809143066,80.9711199614961,65.77713675248,63.9393030952005,46.9481755892436,0,0,65.4354689461844,66.1523515610468,0,61.8549056053162,0,0,0,0,0,12.2629997253418,0,31.7780920664469,63.0077278137207,0,0,2.81598289807638,0,80.3080800374349,39.975227355957,0,3.31504446268082,0,0,0,2.93223651972684,49.7831211090088,41.7834463119507,66.2585424943404,35.5972003512912,0,0,0,0,85.0654027510662,84.4347541809082,76.4589382994409,46.8831319394319,12.8845867758011,13.3324450844157,46.0897517003933,61.3906316757202,0
0,0,0,0,0,0,0,0,51.6997083028158,23.3262281417847,0,0,0,0,0,0,24.8645231743455,0,23.0907667303928,0,0,6.09392306243131,27.5770301818848,2.85259580612183,0,8.5158748286111,0,0,0,0,0,0,0,0,0,82.6181958516439,105.650543212891,0,0,64.1143337838092,76.8597124644688,44.6476224854935,61.568642708563,0,0,59.4793897356306,83.9695876683944,0,84.0927886962891,39.3510884179009,0,0,0,0,0,36.4519386291504,54.7929248809814,36.5663154919942,0,0,0,0,60.7446787092421,0,3.26560950279236,0,0,0,0,0,36.7070639928182,71.3818130493164,40.109038425314,75.0943632125854,0,0,0,0,66.8512488174438,92.8899457295736,52.2867432407398,83.3213869333267,15.6949640756417,13.3585901155615,53.7226131563724,42.8410145441691,0
0,27.359094619751,0,34.2166271209717,0,0,0,0,18.6031704650206,18.0115350087484,0,0,0,0,0,0,16.7643467857266,23.0907667303928,0,0,0,0,55.0946788787842,32.6193110148112,0,0,0,0,0,0,0,0,0,0,0,70.57693203425,66.9644887307111,61.403607913426,50.8581250720554,40.3993488475301,38.8744119172607,26.0746651632558,19.0765039279574,0,0,39.927235317769,37.7943188247843,56.1096445719401,46.9961167601652,41.1013672351837,0,57.8561592102051,0,0,22.5678102970123,13.6778981811122,40.6236226823595,34.8110962429562,0,0,0,47.620677947998,42.7631763989412,56.7436396280924,0,0,17.0403071641922,0,0,0,38.80793961419,34.7359219551086,39.6336565096843,39.7756852136142,0,0,0,0,46.6729067251768,56.4418934187476,43.5833764861685,46.0962680282527,17.1899601741679,38.5228450269584,36.6577556035817,29.4316275504328,12.4141663984819
0,0,0,0,0,2.73138523101807,0,0,0,0,0,4.0478775523327,0,0,0,0,0,0,0,0,0,0,0,0,0,0,0,0,0,0,0,0,0,0,0,4.53589214914936,0,3.41964310293744,0,0,0,0,0,0,0,0,0,0,0,0,0,11.8883781433105,0,0,0,0,0,4.53990225791931,0,9.47294616699219,0,0,4.61987635710529,0,0,0,0,0,0,0,0,0,0,0,0,0,0,0,4.06033377787646,0,0,0,7.48303687731425,0,3.50860353310903,0,0
0,0,8.45224052926768,0,4.00467305183411,0,3.2307277747563,0,9.82113268317246,0,4.38868312154497,0,0,0,0,0,0,0,0,0,0,0,0,0,0,0,0,0,0,0,0,0,0,0,0,0,3.74239908781708,0,3.75957271226458,0,0,0,0,0,0,0,0,0,0,0,13.2748115270034,0,3.17416667938232,0,8.44857311248779,0,5.54335324845072,0,0,0,0,0,0,4.81517718981493,0,0,0,0,0,0,0,0,0,0,0,0,0,0,0,4.64930274541988,0,5.39160674838929,6.45558723236652,0,5.03246670359865,0,0
0,0,0,0,0,0,0,0,0,0,0,0,0,0,0,0,0,6.09392306243131,0,0,0,0,5.23820145617069,3.68115169324373,0,3.83805260471269,0,4.47000838148183,0,0,0,0,0,0,0,0,0,6.85545288141471,40.6451500786675,0,0,0,0,0,0,0,0,23.9260931015015,56.2751426696777,4.52825812003695,0,0,0,0,0,0,0,0,0,0,0,0,0,0,4.91371078250097,8.85685977339745,5.45355564588076,0,4.75874872875214,0,6.71678340435028,0,0,0,0,0,0,0,0,0,7.00601764316233,37.6537101382301,5.15182245610196,4.81535983757234,37.4842987060547,0,0
0,0,0,0,0,0,0,0,0,0,0,0,0,0,0,0,5.61348646128619,27.5770301818848,55.0946788787842,0,0,5.23820145617069,0,0,6.17830877958961,0,0,0,4.91896453938063,0,0,0,0,0,0,0,0,35.8848304748535,7.0777625996082,0,0,0,0,0,0,0,0,26.3350801467896,5.32108376887506,0,0,0,0,0,0,0,0,0,0,0,0,0,0,0,0,4.87451743168187,0,6.10221307682541,0,0,0,4.64174274603526,0,0,0,0,0,0,0,0,32.2871551513672,9.39753516523515,5.22840672528988,4.46968241210031,0,0,0
0,15.8449216365814,0,28.3300151824951,0,0,0,0,0,4.18491373342626,0,0,0,0,0,5.44996220356709,0,2.85259580612183,32.6193110148112,0,0,3.68115169324373,0,0,0,3.44248035550117,0,0,0,0,0,0,0,0,0,0,0,4.67056430421075,0,0,0,13.2067594528198,0,0,0,0,0,0,0,22.3209112308643,0,41.1673698425293,0,0,0,10.4377440925406,0,18.9541711807251,0,0,0,6.928803747417,0,0,5.77296890288945,0,4.15995050627088,0,3.33627063591288,0,9.23825168609619,0,0,0,0,0,0,0,0,0,6.41581231639499,0,8.66955534432286,0,12.7888210036538,0,0
18.9560852050781,57.9700355529785,0,0,0,0,0,0,13.7933047749349,67.8130950927734,0,0,0,0,26.0279663630894,0,0,0,0,0,0,0,6.17830877958961,0,0,0,4.05343494764188,0,0,0,0,0,0,31.9402027130127,0,0,0,28.9612719726562,5.72735813909315,0,0,0,16.0517735481262,0,0,0,0,21.4563868216106,21.7664537866351,34.003849029541,0,0,0,0,9.13837239951418,0,22.5160112380981,0,0,0,14.9217383485091,56.337028503418,0,0,0,9.26555261663211,0,5.1875977168118,0,4.92126868247986,0,20.0960203806559,0,16.8055019378662,0,0,0,0,0,0,29.6904577255249,5.67657208073047,11.6831987370615,5.0480780005455,16.1584727480298,0,0
0,0,0,0,0,0,0,0,0,0,0,0,0,0,0,0,24.1125001907349,8.5158748286111,0,0,0,3.83805260471269,0,3.44248035550117,0,0,0,3.09254414102306,0,0,0,0,0,0,0,0,0,0,0,0,0,0,0,0,0,0,0,0,0,0,0,0,0,0,0,0,0,0,0,0,0,4.17063573002815,0,0,5.2804160118103,0,4.96194976568222,0,3.28487834638479,0,5.87734587987264,0,0,0,0,0,0,0,0,0,0,0,3.35016603696914,0,0,0,0
0,0,0,0,0,0,0,0,2.95468473434448,0,0,0,0,0,0,0,3.18485095103582,0,0,0,0,0,0,0,4.05343494764188,0,0,0,3.22372229986413,0,0,0,0,0,0,0,0,0,0,0,0,0,0,0,0,0,0,0,0,0,0,0,0,0,0,0,0,0,0,0,0,0,0,0,0,3.1122328042984,0,6.51756906509399,0,3.20294757373631,0,4.12328679541237,0,0,0,0,0,0,0,0,0,0,3.13452869303086,0,0,0,0
0,0,0,0,0,0,0,0,0,0,0,3.22639036178589,0,0,0,0,0,0,0,0,0,4.47000838148183,0,0,0,3.09254414102306,0,0,0,3.04583857597843,0,0,0,0,0,0,0,5.09769984814104,0,0,0,0,0,0,0,0,0,0,0,0,0,0,0,0,0,0,0,0,0,2.9580397605896,0,0,0,0,6.0224723134722,0,0,0,0,0,3.63864223821027,0,0,0,0,0,0,0,0,0,7.57168938896873,0,3.44923709751515,2.88376384973526,0,0,0
0,0,0,0,0,0,0,0,0,0,6.60497716020365,0,3.53729733595481,0,0,0,0,0,0,0,0,0,4.91896453938063,0,0,0,3.22372229986413,0,0,0,6.00591672570617,0,0,0,0,0,0,0,4.71845451621122,0,0,0,0,0,0,0,0,0,5.12252124150594,0,0,0,0,0,0,0,8.91383088429769,0,3.19704369136265,0,0,0,0,0,0,5.13926133338143,0,0,0,2.74115633964539,0,5.10393587019591,0,0,0,0,0,0,0,0,0,6.94682769928114,4.36469348907471,3.80832774440447,0,0,0
0,0,0,0,0,0,0,0,0,0,0,3.09026148512557,0,0,0,0,0,0,0,0,0,0,0,0,0,0,0,3.04583857597843,0,0,0,0,0,0,0,0,0,3.79277790353653,0,0,0,0,0,0,0,0,0,0,0,0,0,0,0,0,0,0,0,4.47174865968766,0,0,0,0,0,0,0,0,0,0,0,0,4.53195750482621,0,5.8902002586278,0,0,0,0,0,0,0,7.4250515688647,0,2.94694554143482,3.17365074157715,0,0,0
0,0,0,0,0,0,0,0,0,0,6.17025408744812,0,0,0,0,0,0,0,0,0,0,0,0,0,0,0,0,0,6.00591672570617,0,0,0,0,0,0,0,0,0,6.6686089652369,0,0,0,0,0,0,0,0,0,0,0,0,0,0,0,0,0,0,0,0,0,0,0,0,0,0,0,0,0,0,0,0,5.24396268042122,0,3.30204201879955,0,0,0,0,0,0,0,6.29381533291029,2.95330949263139,0,0,0,0
0,0,0,0,0,0,0,0,0,0,0,0,0,0,0,0,0,0,0,0,0,0,0,0,0,0,0,0,0,0,0,0,4.5713726401329,3.78118811334882,3.1405375401179,2.96142824551531,10.5593344370524,0,0,0,12.9482639857701,0,0,0,0,0,0,5.71493361018891,12.352396859063,0,0,0,0,0,0,0,0,0,0,0,0,0,0,0,0,0,0,0,0,0,0,0,0,0,4.39878307291912,3.22867332186018,4.24090496699015,0,4.24174928665161,13.508811712265,0,0,3.05021628281649,0,0,0,0
0,0,0,0,0,0,0,0,0,0,0,0,0,0,0,0,0,0,0,0,0,0,0,0,0,0,0,0,0,0,0,4.5713726401329,0,0,4.1478251424329,2.80655425992505,3.0047056313717,0,0,0,0,0,0,0,0,0,0,6.85042227584682,6.5303897857666,0,0,0,0,0,0,0,0,0,0,0,0,0,0,0,0,0,0,0,0,0,0,0,0,0,3.09097980825525,3.61098089350902,0,6.57972501118978,7.38616800308228,4.18000843294684,0,0,3.00918418710882,0,0,0,0
0,0,0,0,0,0,0,0,0,0,0,0,0,0,0,0,0,0,0,0,0,0,0,0,31.9402027130127,0,0,0,0,0,0,3.78118811334882,0,0,4.34361912605521,6.33765967625838,0,4.0814499781195,7.78979298989271,0,0,0,0,0,0,0,0,5.63067474311202,0,14.9831375472847,0,0,0,0,0,0,0,0,0,0,0,0,0,0,0,36.3935356140137,0,26.9450492858887,0,0,0,0,0,0,4.67436834318297,0,5.09399914439967,5.37290629218606,7.61279441774353,0,14.4231389910398,14.8834074868096,3.72425478926072,3.42654647201788,0,0,0
0,0,0,0,0,0,0,0,0,0,0,0,0,0,0,0,0,0,0,0,0,0,0,0,0,0,0,0,0,0,0,3.1405375401179,4.1478251424329,4.34361912605521,0,0,8.72022734133843,9.08816041117129,6.84877968415981,0,0,0,0,0,0,0,0,5.05112029822674,18.2310506647283,10.4574167490005,0,0,0,0,0,0,0,0,0,0,0,0,0,0,0,0,0,0,0,0,0,0,0,0,0,6.4184211782084,4.38999793424711,6.14856203241927,0,9.59034733665951,11.5526142120361,11.2391867392829,4.25997197092796,3.41271879088204,13.6986708641052,0,0
0,0,0,0,0,8.02680149078369,0,0,0,0,0,0,0,0,0,0,0,82.6181958516439,70.57693203425,4.53589214914936,0,0,0,0,0,0,0,0,0,0,0,2.96142824551531,2.80655425992505,6.33765967625838,0,0,3.94016691194454,5.3633344610057,4.08434881662068,88.4368848298725,13.0502525568008,57.694540191115,0,0,0,44.4712942643599,0,9.56740178867262,13.7314328087701,18.1612203121185,0,0,0,0,0,0,0,0,0,0,0,0,8.78808764524238,0,0,0,0,0,0,0,117.833854675293,0,81.7946472167969,0,3.82824276174818,4.36040681761664,8.84664070757769,0,6.96828678336497,4.73735166053955,10.3010026565878,0,5.94758949411762,6.63284850752715,16.0661461382027,42.5583343505859,0
0,0,0,0,3.66228218700575,0,0,0,59.4753265380859,0,0,0,0,0,0,0,72.8406991958618,105.650543212891,66.9644887307111,0,3.74239908781708,0,0,0,0,0,0,0,0,0,0,10.5593344370524,3.0047056313717,0,8.72022734133843,3.94016691194454,0,7.36933760021044,9.53550968863811,0,58.8324432373047,92.4433670043945,52.811864589288,0,0,0,45.8056852749967,15.6019025131807,26.9678695345885,0,0,0,0,0,0,0,30.1788705190023,0,0,0,0,0,0,17.4406112274188,0,0,0,0,0,0,0,0,0,0,0,4.74199409563033,0,10.3351766453233,12.7982551483881,8.2877573621313,125.104782104492,14.6435846821734,6.35481137415349,5.59093226340352,14.1572101189729,0,42.5514125823975
51.2658271789551,21.8235841230913,0,34.6547813415527,0,45.4123802185059,0,0,61.6708221435547,13.9214811658859,0,4.70648257896818,0,0,0,0,0,0,61.403607913426,3.41964310293744,0,6.85545288141471,35.8848304748535,4.67056430421075,28.9612719726562,0,0,5.09769984814104,0,3.79277790353653,0,0,0,4.0814499781195,9.08816041117129,5.3633344610057,7.36933760021044,0,11.5623255819082,42.9170522689819,0,19.0687447706858,27.7817883491516,0,0,48.3728385925293,0,6.78812237145471,40.5913285754976,6.92369093326543,0,0,0,0,43.1102085113525,15.1400432127493,0,4.62011111804417,0,0,0,26.2668418884277,8.14703331803376,0,6.90541736263059,37.3828216552734,6.04831099445842,29.2350263480681,0,37.1520538330078,3.62855832835278,0,4.49377481899564,0,0,0,7.82059264183044,0,13.3606470235274,0,5.79358189272555,21.763521918472,6.35875152573657,3.38868598620097,14.0889895513876,45.2843894958496,0
22.8933717939589,44.9263162612915,0,0,0,0,0,0,8.84229593276978,0,5.08162483545785,0,0,0,0,0,119.902809143066,0,50.8581250720554,0,3.75957271226458,40.6451500786675,7.0777625996082,0,5.72735813909315,0,0,0,4.71845451621122,0,6.6686089652369,0,0,7.78979298989271,6.84877968415981,4.08434881662068,9.53550968863811,11.5623255819082,0,0,94.7291107177734,23.3307406107585,36.3376989932287,0,0,0,45.0725314800556,9.70282778219884,9.27425806516596,27.8034428816575,0,0,0,0,15.0652812696853,44.7967224121094,5.30233718770923,0,0,0,24.5224895477295,49.1826934814453,0,10.730672465975,0,8.52656974899888,32.0354226430257,6.46506479361074,0,7.33806133270264,0,6.77275071305744,0,4.15187068113876,0,0,7.77702951431274,12.6618763457897,5.72720022201538,15.4451637718922,13.9666349925543,6.25744501758688,6.28865190287904,4.73273583505212,9.88882632868482,0,0
0,37.2418022155762,0,0,0,0,0,0,79.1934661865234,0,0,0,0,0,0,0,80.9711199614961,64.1143337838092,40.3993488475301,0,0,0,0,0,0,0,0,0,0,0,0,0,0,0,0,88.4368848298725,0,42.9170522689819,0,0,18.9187022745609,20.1230935981447,71.6963192866399,0,0,15.2910549952722,78.6658554077148,4.00954866409302,6.29225832384529,5.05847527483939,0,0,0,0,0,0,0,34.5913976487659,0,0,0,0,10.5467314465841,0,0,0,0,0,0,0,46.8787848949432,0,51.8199094341647,0,0,0,0,0,52.0990541559076,106.679502868652,61.5473794763738,93.4863414764404,52.6179858590955,51.1330013275146,19.2993675422946,20.7666926383972,0
0,0,0,0,0,0,0,0,0,0,0,0,0,0,0,0,65.77713675248,76.8597124644688,38.8744119172607,0,0,0,0,0,0,0,0,0,0,0,0,12.9482639857701,0,0,0,13.0502525568008,58.8324432373047,0,94.7291107177734,18.9187022745609,0,60.3814252217611,22.198569615257,0,0,0,19.4910154451473,7.83029647485925,5.07388115186949,11.6215211306246,0,0,0,0,0,0,32.0182189941406,79.5683135986328,0,0,0,0,0,12.8098344281316,0,0,0,0,0,0,0,47.0340042114258,0,58.0858535766602,0,0,0,36.1907844543457,19.0846627986792,8.16213135749073,106.534159342448,60.7947963419415,47.3274948861864,45.7128663380941,15.6149992476132,0,17.5428768793742
34.1739463806152,21.2995837602129,0,29.0192907506769,0,47.4308226449149,0,0,0,17.4457274857214,0,0,0,0,0,0,63.9393030952005,44.6476224854935,26.0746651632558,0,0,0,0,13.2067594528198,0,0,0,0,0,0,0,0,0,0,0,57.694540191115,92.4433670043945,19.0687447706858,23.3307406107585,20.1230935981447,60.3814252217611,0,17.0370621228908,0,0,36.494574028149,72.5873347195712,12.1726003339735,24.382557577557,16.1532735704399,0,43.1570861816406,0,0,0,17.8000436850957,0,18.8171953969625,0,25.2669099171956,0,26.9001549223195,25.3964679703232,0,0,43.6145935058594,18.3117294311523,33.3174285888672,0,0,20.7292731765687,64.4646072387695,20.012158554584,64.8561630249023,0,0,0,0,26.8070768059277,92.6439826965332,28.6273444556335,66.1827935819273,17.7981836861262,27.7585199786498,16.9260539733363,9.4697873802746,12.997422642178
21.3944568539743,0,29.9557523727417,0,0,0,0,0,24.769207259883,0,0,0,0,0,0,0,46.9481755892436,61.568642708563,19.0765039279574,0,0,0,0,0,16.0517735481262,0,0,0,0,0,0,0,0,0,0,0,52.811864589288,27.7817883491516,36.3376989932287,71.6963192866399,22.198569615257,17.0370621228908,0,0,0,0,22.1889546317999,7.93702670570332,17.8105322135713,17.4812875998141,0,0,0,0,19.9279951682458,0,18.925539026455,53.7105293273926,21.1399879455566,0,26.5372988382975,0,0,33.3790999821254,0,23.5670928955078,0,19.5119699478149,0,21.8881530761719,106.638893127441,17.79148321274,64.9657459259033,16.4281290281499,0,0,0,0,76.0487610953195,31.7426321924949,70.3077011108398,39.7963350972099,15.7460716405673,33.5099953921993,14.1768445848171,13.1302843491236,9.20523980051972
0,0,0,0,0,0,0,0,0,0,0,0,0,0,0,0,0,0,0,0,0,0,0,0,0,0,0,0,0,0,0,0,0,0,0,0,0,0,0,0,0,0,0,0,0,0,0,0,0,0,0,0,0,0,0,0,0,0,0,0,0,0,0,0,0,0,0,0,0,0,0,0,0,0,0,0,0,0,0,0,0,0,0,0,0,0,0
0,0,0,0,0,0,0,0,0,0,0,0,0,0,0,0,0,0,0,0,0,0,0,0,0,0,0,0,0,0,0,0,0,0,0,0,0,0,0,0,0,0,0,0,0,0,0,0,0,0,0,0,0,0,0,0,0,0,0,0,0,0,0,0,0,0,0,0,0,0,0,0,0,0,0,0,0,0,0,0,0,0,0,0,0,0,0
0,0,0,0,0,0,0,0,0,35.4651145935059,0,0,0,0,0,0,65.4354689461844,59.4793897356306,39.927235317769,0,0,0,0,0,0,0,0,0,0,0,0,0,0,0,0,44.4712942643599,0,48.3728385925293,0,15.2910549952722,0,36.494574028149,0,0,0,0,97.4870376586914,0,0,30.6315275828044,0,0,0,0,0,0,0,29.2389351705796,0,0,0,0,7.8367679934461,0,0,0,0,0,0,0,41.4637737698025,0,39.1128347490463,0,0,0,0,0,19.169729184683,0,26.8771717802338,0,52.6502479206432,0,20.7908148456393,18.750244140625,0
0,0,0,0,0,0,0,0,0,0,0,0,0,0,0,0,66.1523515610468,83.9695876683944,37.7943188247843,0,0,0,0,0,0,0,0,0,0,0,0,0,0,0,0,0,45.8056852749967,0,45.0725314800556,78.6658554077148,19.4910154451473,72.5873347195712,22.1889546317999,0,0,97.4870376586914,0,28.306414344094,30.1217701787534,0,0,0,0,0,0,0,24.2004565541161,0,0,0,0,0,0,13.2942898853346,0,0,0,0,0,0,86.7454643249512,43.5653158823649,80.0118408203125,39.6891551914782,0,0,0,44.6378784179688,108.006767272949,18.7893538486621,98.7775527954102,32.9159749935092,47.7714786832295,44.5164643258759,31.6971002226097,0,0
50.0356407165527,33.6703010559082,0,0,0,0,0,0,0,0,0,0,0,0,0,0,0,0,56.1096445719401,0,0,23.9260931015015,26.3350801467896,0,21.4563868216106,0,0,0,0,0,0,5.71493361018891,6.85042227584682,5.63067474311202,5.05112029822674,9.56740178867262,15.6019025131807,6.78812237145471,9.70282778219884,4.00954866409302,7.83029647485925,12.1726003339735,7.93702670570332,0,0,0,28.306414344094,0,6.7721794030023,6.08100339113365,0,0,0,0,36.5958786010742,29.3086099624634,0,0,0,0,38.8216552734375,34.5402202606201,0,24.2214075724284,23.1786680221558,32.2526775506827,17.5127611160278,20.8695774804978,0,20.4121704101562,0,0,0,0,6.70658165689499,8.57803017904668,3.93637631768766,7.24997522956447,6.8178825684879,6.98596478603287,11.3426246974846,12.9125669069599,8.0233592951548,4.89917649393496,10.5520073227553,74.5847854614258,0
20.9695039728782,0,3.22642211119334,0,0,0,0,0,25.0893302467299,0,0,0,0,0,0,0,61.8549056053162,84.0927886962891,46.9961167601652,0,0,56.2751426696777,5.32108376887506,0,21.7664537866351,0,0,0,5.12252124150594,0,0,12.352396859063,6.5303897857666,0,18.2310506647283,13.7314328087701,26.9678695345885,40.5913285754976,9.27425806516596,6.29225832384529,5.07388115186949,24.382557577557,17.8105322135713,0,0,0,30.1217701787534,6.7721794030023,0,7.17392179489439,0,0,0,0,24.5118111960496,63.5209426879883,22.3863284683228,0,25.0593395233154,0,18.9053430568392,0,0,25.4291080545496,58.5352592468262,4.98289767237126,0,19.6009293794632,0,9.99011357164964,0,10.5233937832111,77.9576416015625,13.5630225973309,0,8.24033164978027,0,25.6349694728851,16.4166951293037,8.68822436294708,52.6482340494792,8.66539790058544,15.4517521041393,49.3852981567383,11.5189155405548,0,20.2029317220052
54.150899887085,9.498558396101,0,33.6846809387207,0,13.7125700170344,0,0,94.5845031738281,21.4922872384389,0,0,0,0,0,7.4348384141922,0,39.3510884179009,41.1013672351837,0,0,4.52825812003695,0,22.3209112308643,34.003849029541,0,0,0,0,0,0,0,0,14.9831375472847,10.4574167490005,18.1612203121185,0,6.92369093326543,27.8034428816575,5.05847527483939,11.6215211306246,16.1532735704399,17.4812875998141,0,0,30.6315275828044,0,6.08100339113365,7.17392179489439,0,0,11.1177507796378,0,0,0,22.6016849162532,0,16.2608038886119,0,8.37005694159146,49.7134113311768,12.5545262419419,12.1643409585953,0,4.64830819226368,58.8217697143555,23.1920794782967,32.103702545166,5.39708395728795,0,9.04546840628799,0,22.2093294166617,0,11.4477099368447,0,13.5944609391062,0,5.55183873698115,0,8.53631208278239,34.4938599586487,11.1686585306871,0,10.4325144722382,17.8710014343262,0
0,0,8.36021263351857,0,5.94697959606464,0,3.22304257479581,0,0,0,12.9753250299498,0,0,0,3.01752471923828,0,0,0,0,0,13.2748115270034,0,0,0,0,0,0,0,0,0,0,0,0,0,0,0,0,0,0,0,0,0,0,0,0,0,0,0,0,0,0,0,0,0,0,0,7.82091417053315,0,4.26440015013359,0,5.14191759367731,0,0,17.0354194641113,0,0,0,0,0,0,0,0,0,0,0,0,0,0,0,0,0,0,2.96367478370667,0,9.18524424235026,0,0
0,14.9122546513875,0,12.3810352922297,0,4.76330782627237,0,0,0,12.1586615411859,0,0,0,0,0,9.31944328738797,0,0,57.8561592102051,11.8883781433105,0,0,0,41.1673698425293,0,0,0,0,0,0,0,0,0,0,0,0,0,0,0,0,0,43.1570861816406,0,0,0,0,0,0,0,11.1177507796378,0,0,0,0,0,0,0,4.76160460396113,0,4.19488674163818,0,8.9762388555015,0,0,0,0,0,0,0,0,45.4227205912272,0,42.5346336364746,0,0,0,0,0,0,0,0,0,6.00936288582651,0,9.70610333430914,0,0
0,0,0,0,0,0,2.94387343350579,0,0,0,0,0,0,0,0,0,0,0,0,0,3.17416667938232,0,0,0,0,0,0,0,0,0,0,0,0,0,0,0,0,0,0,0,0,0,0,0,0,0,0,0,0,0,0,0,0,0,0,0,3.08813404417657,0,0,0,0,0,0,0,0,0,0,0,0,0,0,0,0,0,0,0,0,0,0,0,0,0,0,0,0,0,0
0,0,0,0,0,0,0,0,0,0,0,0,0,0,0,0,0,0,0,0,0,0,0,0,0,0,0,0,0,0,0,0,0,0,0,0,0,0,0,0,0,0,0,0,0,0,0,0,0,0,0,0,0,0,0,0,0,3.28252441727597,0,0,0,0,0,0,0,0,0,0,0,0,0,0,0,0,0,0,0,0,0,0,0,0,0,0,0,0,0
26.166561126709,0,7.5990109096453,0,8.02013492584229,0,0,0,8.73218578290028,0,0,0,0,0,8.21402212034298,0,12.2629997253418,0,22.5678102970123,0,8.44857311248779,0,0,0,9.13837239951418,0,0,0,0,0,0,0,0,0,0,0,0,43.1102085113525,15.0652812696853,0,0,0,19.9279951682458,0,0,0,0,36.5958786010742,24.5118111960496,0,0,0,0,0,0,0,19.9937308629354,0,0,0,8.38625624373153,0,0,0,0,0,0,9.82633925874326,0,18.3648014068604,0,21.1059703826904,0,22.4437439176771,0,0,0,0,0,44.0526275634766,32.7463836669922,12.5300087337652,10.7690868814786,10.9473424298423,16.5009123193366,0,13.0593976974487
0,8.45492200575013,0,8.45987563384207,0,12.747470158797,0,0,0,6.10226249354226,0,0,0,0,0,5.47970676911183,0,36.4519386291504,13.6778981811122,0,0,0,0,10.4377440925406,0,0,0,0,0,0,0,0,0,0,0,0,0,15.1400432127493,44.7967224121094,0,0,17.8000436850957,0,0,0,0,0,29.3086099624634,63.5209426879883,22.6016849162532,0,0,0,0,0,0,0,17.7336358157071,0,0,0,5.98910732118614,0,0,0,0,8.31919359298403,51.0115604400635,0,0,18.7523506604708,0,18.7400872890766,0,0,0,0,0,0,0,11.5353292598353,0,15.1143591465621,0,21.4469309414134,0,0
0,0,8.34040919144948,0,0,0,3.00025740876255,0,21.0695947564167,0,6.8702424052903,0,0,0,0,0,31.7780920664469,54.7929248809814,40.6236226823595,0,5.54335324845072,0,0,0,22.5160112380981,0,0,0,8.91383088429769,0,0,0,0,0,0,0,30.1788705190023,0,5.30233718770923,0,32.0182189941406,0,18.925539026455,0,0,0,24.2004565541161,0,22.3863284683228,0,7.82091417053315,0,3.08813404417657,0,19.9937308629354,0,0,0,3.88487537801801,0,4.20665373640545,0,0,11.8697576233046,0,0,0,19.6323051452637,0,0,0,3.98745532653161,0,7.34050287780437,0,0,0,0,0,30.7732852511936,0,45.3863525390625,18.1825521570264,2.9589741230011,6.96848569936259,0,15.0132002830505
0,17.6490740299225,0,8.6913145768015,0,16.123925409819,0,2.74212265014648,0,17.2899073494805,0,4.2647102693411,0,0,0,0,63.0077278137207,36.5663154919942,34.8110962429562,4.53990225791931,0,0,0,18.9541711807251,0,0,0,0,0,4.47174865968766,0,0,0,0,0,0,0,4.62011111804417,0,34.5913976487659,79.5683135986328,18.8171953969625,53.7105293273926,0,0,29.2389351705796,0,0,0,16.2608038886119,0,4.76160460396113,0,3.28252441727597,0,17.7336358157071,0,0,0,3.59389136955801,0,5.83712725205855,11.7296041656021,0,0,0,0,0,0,0,6.28311094748546,0,5.72711617762901,0,0,0,0,0,34.2125307718913,0,36.3323469161987,85.2833404541016,18.6631917747749,0,9.32615611899173,14.7055492401123,0
0,0,3.37725782394409,0,0,0,4.00143079459667,0,0,0,4.03627554575602,0,3.07488612986323,0,0,0,0,0,0,0,0,0,0,0,0,0,0,0,3.19704369136265,0,0,0,0,0,0,0,0,0,0,0,0,0,21.1399879455566,0,0,0,0,0,25.0593395233154,0,4.26440015013359,0,0,0,0,0,3.88487537801801,0,0,0,3.20389833965817,0,0,0,0,0,0,0,0,0,0,4.79649426907669,0,0,0,0,0,0,0,0,0,0,3.35106263023156,3.16048538684845,11.4994727089292,0,0
0,0,0,5.54436723906317,0,0,0,0,0,0,0,2.9538475827473,0,2.7814239859581,0,0,0,0,0,9.47294616699219,0,0,0,0,0,0,0,2.9580397605896,0,0,0,0,0,0,0,0,0,0,0,0,0,25.2669099171956,0,0,0,0,0,0,0,8.37005694159146,0,4.19488674163818,0,0,0,0,0,3.59389136955801,0,0,0,4.41199155087056,0,0,0,0,0,0,4.53042516925118,0,5.08213891301836,0,12.9187870025635,0,0,0,0,0,0,0,0,0,17.8344955444336,0,7.89240521844476,0,0
0,0,2.78651797771454,0,4.29076741723453,0,0,0,7.15968950766667,0,0,0,0,0,3.36415719291539,0,2.81598289807638,0,0,0,0,0,0,0,14.9217383485091,0,0,0,0,0,0,0,0,0,0,0,0,0,24.5224895477295,0,0,0,26.5372988382975,0,0,0,0,38.8216552734375,18.9053430568392,49.7134113311768,5.14191759367731,0,0,0,8.38625624373153,0,4.20665373640545,0,3.20389833965817,0,0,0,0,0,0,0,0,24.4262542724609,0,6.37739331290511,0,7.5303091190078,0,22.3817176818848,0,0,0,0,0,0,0,28.223482131958,27.3494476136707,0,17.5140600248619,0,0
0,4.0614607334137,0,7.69865686513107,0,12.4045648574829,0,0,0,6.28207477582555,0,0,0,0,0,4.43173173510073,0,0,47.620677947998,0,0,0,0,6.928803747417,56.337028503418,4.17063573002815,0,0,0,0,0,0,0,0,0,0,0,26.2668418884277,49.1826934814453,0,0,26.9001549223195,0,0,0,0,0,34.5402202606201,0,12.5545262419419,0,8.9762388555015,0,0,0,5.98910732118614,0,5.83712725205855,0,4.41199155087056,0,0,0,0,0,0,9.38562324766577,0,5.02463159346043,0,13.0393645270117,0,22.9295075123127,0,0,0,0,0,49.7998275756836,0,43.9637756347656,50.2404251098633,24.4950020898063,3.43634653091431,19.4204445465476,0,0
0,0,0,7.2158153851827,0,0,0,0,0,31.3273468017578,0,5.81479698419571,0,0,0,0,80.3080800374349,60.7446787092421,42.7631763989412,4.61987635710529,0,0,0,0,0,0,0,0,0,0,0,0,0,0,0,8.78808764524238,0,8.14703331803376,0,10.5467314465841,0,25.3964679703232,0,0,0,7.8367679934461,0,0,0,12.1643409585953,0,0,0,0,0,0,0,11.7296041656021,0,0,0,0,0,0,0,0,0,0,0,0,33.3279964447022,0,24.2740094030746,0,0,0,0,0,8.73285658691366,0,13.5315395007128,0,30.8702618899169,0,10.9564010265999,0,0
0,0,13.9029655456543,0,0,0,0,0,0,0,4.883110973984,0,0,0,0,0,39.975227355957,0,56.7436396280924,0,4.81517718981493,0,0,0,0,0,0,0,0,0,0,0,0,0,0,0,17.4406112274188,0,10.730672465975,0,12.8098344281316,0,33.3790999821254,0,0,0,13.2942898853346,24.2214075724284,25.4291080545496,0,17.0354194641113,0,0,0,0,0,11.8697576233046,0,0,0,0,0,0,0,0,0,0,0,0,0,0,36.7165772914886,0,19.4649803828109,0,0,0,0,0,26.361041277647,0,15.4276049925823,9.74052957062409,0,13.5647115799097,0,0
0,0,0,0,0,0,0,0,0,0,0,0,0,0,0,0,0,3.26560950279236,0,0,0,4.91371078250097,0,5.77296890288945,0,5.2804160118103,0,6.0224723134722,0,0,0,0,0,0,0,0,0,6.90541736263059,0,0,0,0,0,0,0,0,0,23.1786680221558,58.5352592468262,4.64830819226368,0,0,0,0,0,0,0,0,0,0,0,0,0,0,0,0,4.9623443161931,0,5.96961718589122,0,6.33794229063723,0,0,0,0,0,0,0,0,0,6.38778179493533,39.6180318196615,5.26194866934322,4.44259656965733,0,0,0
0,0,0,0,0,0,0,0,0,0,0,0,0,0,0,0,3.31504446268082,0,0,0,0,8.85685977339745,4.87451743168187,0,9.26555261663211,0,3.1122328042984,0,5.13926133338143,0,0,0,0,36.3935356140137,0,0,0,37.3828216552734,8.52656974899888,0,0,43.6145935058594,23.5670928955078,0,0,0,0,32.2526775506827,4.98289767237126,58.8217697143555,0,0,0,0,0,0,0,0,0,0,0,0,0,0,0,0,0,9.17733434853124,0,8.55112909230859,0,5.80509361624718,0,0,0,0,0,0,0,0,44.2709058125814,9.6000899754906,6.24174674711992,4.8317151245318,0,0,0
42.0174980163574,14.072692666735,0,0,0,0,0,0,0,8.33287782917655,0,0,0,0,0,11.991624991099,0,0,17.0403071641922,0,0,5.45355564588076,0,4.15995050627088,0,4.96194976568222,0,0,0,0,0,0,0,0,0,0,0,6.04831099445842,32.0354226430257,0,0,18.3117294311523,0,0,0,0,0,17.5127611160278,0,23.1920794782967,0,0,0,0,0,8.31919359298403,0,0,0,0,0,9.38562324766577,0,0,4.9623443161931,0,0,43.4240608215332,6.03614260469164,0,7.7210857073466,0,0,0,0,0,0,0,0,0,5.15041258004093,34.2709136962891,16.131764875518,0,10.7789562587385,0,0
25.9375782012939,54.9691899617513,0,0,0,0,0,0,21.1444999102888,0,0,0,0,0,28.525806427002,0,0,0,0,0,0,0,6.10221307682541,0,5.1875977168118,0,6.51756906509399,0,0,0,0,0,0,26.9450492858887,0,0,0,29.2350263480681,6.46506479361074,0,0,33.3174285888672,19.5119699478149,0,0,0,0,20.8695774804978,19.6009293794632,32.103702545166,0,0,0,0,9.82633925874326,51.0115604400635,19.6323051452637,0,0,0,24.4262542724609,0,0,0,0,9.17733434853124,43.4240608215332,0,0,7.46387140374435,0,15.4465680122375,0,0,0,0,0,0,0,0,30.8795234846032,5.0497997106534,16.1694877348589,15.9685850143433,15.8514787087074,0,0
0,0,0,0,0,0,0,0,0,0,0,0,0,0,0,0,0,0,0,0,0,4.75874872875214,0,3.33627063591288,0,3.28487834638479,0,0,0,0,0,0,0,0,0,0,0,0,0,0,0,0,0,0,0,0,0,0,0,5.39708395728795,0,0,0,0,0,0,0,0,0,4.53042516925118,0,5.02463159346043,0,0,5.96961718589122,0,6.03614260469164,0,0,0,5.37761178557406,0,0,0,0,0,0,0,0,0,0,0,23.7854766845703,0,6.48332008448514,0,0
0,0,0,0,0,0,0,0,5.38329897456699,0,0,0,0,0,4.2140249339017,0,2.93223651972684,0,0,0,0,0,0,0,4.92126868247986,0,3.20294757373631,0,2.74115633964539,0,0,0,0,0,0,0,0,37.1520538330078,7.33806133270264,0,0,0,21.8881530761719,0,0,0,0,20.4121704101562,9.99011357164964,0,0,0,0,0,18.3648014068604,0,0,0,0,0,6.37739331290511,0,0,0,0,8.55112909230859,0,7.46387140374435,0,0,0,5.14948611843343,0,11.1065959063443,0,0,0,0,0,0,37.3797760009766,12.5117089748383,18.8018233511183,0,14.3758796514091,0,0
0,27.0087251663208,0,29.0936720921443,0,47.0863723754883,0,0,0,19.385647947138,0,3.45690331960979,0,2.81875233650208,0,0,49.7831211090088,36.7070639928182,38.80793961419,0,0,6.71678340435028,0,9.23825168609619,0,5.87734587987264,0,3.63864223821027,0,4.53195750482621,0,0,0,0,0,117.833854675293,0,3.62855832835278,0,46.8787848949432,0,20.7292731765687,106.638893127441,0,0,41.4637737698025,86.7454643249512,0,0,9.04546840628799,0,45.4227205912272,0,0,0,18.7523506604708,0,6.28311094748546,0,5.08213891301836,0,13.0393645270117,33.3279964447022,0,6.33794229063723,0,7.7210857073466,0,5.37761178557406,0,0,0,8.44527626250471,0,0,0,0,0,45.0537132263184,0,4.34543131788572,91.9166526794434,16.2651984674217,0,20.7813324893605,20.048529624939,0
27.3990421295166,0,0,0,0,0,0,0,22.5363331095378,0,8.59308495192692,0,0,0,0,0,41.7834463119507,71.3818130493164,34.7359219551086,0,0,0,4.64174274603526,0,20.0960203806559,0,4.12328679541237,0,5.10393587019591,0,5.24396268042122,0,0,0,0,0,0,0,6.77275071305744,0,47.0340042114258,64.4646072387695,17.79148321274,0,0,0,43.5653158823649,0,10.5233937832111,0,0,0,0,0,21.1059703826904,0,3.98745532653161,0,4.79649426907669,0,7.5303091190078,0,0,36.7165772914886,0,5.80509361624718,0,15.4465680122375,0,5.14948611843343,0,0,0,10.0009042116312,0,0,0,0,0,74.1098709106445,0,5.70359615464285,14.3168596421971,3.07311621308327,8.30809962239247,0,16.0808677077293
0,25.7530201805962,0,28.3420492808024,0,43.0118269486861,0,0,0,19.3492176055908,0,3.3217441034317,0,0,0,0,66.2585424943404,40.109038425314,39.6336565096843,0,0,0,0,0,0,0,0,0,0,5.8902002586278,0,0,0,0,0,81.7946472167969,0,4.49377481899564,0,51.8199094341647,0,20.012158554584,64.9657459259033,0,0,39.1128347490463,80.0118408203125,0,77.9576416015625,22.2093294166617,0,42.5346336364746,0,0,0,18.7400872890766,0,5.72711617762901,0,12.9187870025635,0,22.9295075123127,24.2740094030746,0,0,0,0,0,0,0,8.44527626250471,0,0,0,0,0,0,0,61.2586428833008,107.42339070638,20.1654141843319,80.0599803924561,20.2194689247005,3.15020608901978,19.3768154545436,18.7050676345825,0
0,0,26.1398811340332,0,0,0,0,0,23.7643188514146,0,7.1628293799844,0,0,0,0,0,35.5972003512912,75.0943632125854,39.7756852136142,0,0,0,0,0,16.8055019378662,0,0,0,0,0,3.30204201879955,0,0,0,0,0,0,0,4.15187068113876,0,58.0858535766602,64.8561630249023,16.4281290281499,0,0,0,39.6891551914782,0,13.5630225973309,0,0,0,0,0,22.4437439176771,0,7.34050287780437,0,0,0,22.3817176818848,0,0,19.4649803828109,0,0,0,0,0,11.1065959063443,0,10.0009042116312,0,0,0,0,0,0,85.7038955688477,61.525940821721,101.992877960205,4.75943389556391,26.5975719809092,0,12.3908885496278,0,13.8992651059077
0,0,0,0,0,0,0,0,0,0,0,0,0,0,0,0,0,0,0,0,0,0,0,0,0,0,0,0,0,0,0,4.39878307291912,3.09097980825525,4.67436834318297,0,3.82824276174818,0,0,0,0,0,0,0,0,0,0,0,6.70658165689499,0,11.4477099368447,0,0,0,0,0,0,0,0,0,0,0,0,0,0,0,0,0,0,0,0,0,0,0,0,0,0,8.39142541035624,0,5.26004164207158,0,12.6031954654155,0,3.13866274967951,0,0,0,0
0,0,0,0,0,0,0,0,0,0,0,0,0,0,0,0,0,0,0,0,0,0,0,0,0,0,0,0,0,0,0,3.22867332186018,3.61098089350902,0,6.4184211782084,4.36040681761664,4.74199409563033,0,0,0,0,0,0,0,0,0,0,8.57803017904668,8.24033164978027,0,0,0,0,0,0,0,0,0,0,0,0,0,0,0,0,0,0,0,0,0,0,0,0,0,0,0,0,13.0798023442484,0,6.89713467756907,0,0,3.43220982955411,0,0,0,0
0,0,0,0,0,0,0,0,0,0,0,0,0,0,0,0,0,0,0,0,0,0,0,0,0,0,0,0,0,0,0,4.24090496699015,0,5.09399914439967,4.38999793424711,8.84664070757769,0,7.82059264183044,7.77702951431274,0,0,0,0,0,0,0,0,3.93637631768766,0,13.5944609391062,0,0,0,0,0,0,0,0,0,0,0,0,0,0,0,0,0,0,0,0,0,0,0,0,8.39142541035624,0,0,5.86392227172852,6.98944087677601,0,5.58563714091842,0,4.0298973719279,2.83777976036072,0,0,0
0,0,0,0,0,0,0,0,0,0,0,0,0,0,0,0,0,0,0,0,0,0,0,0,0,0,0,0,0,0,0,0,6.57972501118978,5.37290629218606,6.14856203241927,0,10.3351766453233,0,12.6618763457897,0,36.1907844543457,0,0,0,0,0,44.6378784179688,7.24997522956447,25.6349694728851,0,0,0,0,0,0,0,0,0,0,0,0,0,0,0,0,0,0,0,0,0,0,0,0,0,0,13.0798023442484,5.86392227172852,0,0,11.7932922767518,0,9.00977325061703,8.43323562222142,3.37624663465163,0,0,0
0,52.0106658935547,0,45.218318939209,0,0,0,0,0,46.5489540100098,0,0,0,0,0,0,85.0654027510662,66.8512488174438,46.6729067251768,4.06033377787646,0,0,0,0,0,0,0,0,0,0,0,4.24174928665161,7.38616800308228,7.61279441774353,0,6.96828678336497,12.7982551483881,13.3606470235274,5.72720022201538,52.0990541559076,19.0846627986792,26.8070768059277,76.0487610953195,0,0,19.169729184683,108.006767272949,6.8178825684879,16.4166951293037,5.55183873698115,0,0,0,0,0,0,0,34.2125307718913,0,0,0,49.7998275756836,8.73285658691366,0,0,0,0,0,0,0,45.0537132263184,0,61.2586428833008,85.7038955688477,5.26004164207158,0,6.98944087677601,0,0,14.9883264799913,11.1086818742386,96.4166442871094,26.8044723148183,32.64137060502,30.1127506833018,29.2571707638827,0
0,0,0,0,0,0,0,0,86.5496215820312,0,0,0,0,0,0,0,84.4347541809082,92.8899457295736,56.4418934187476,0,4.64930274541988,0,0,0,0,0,0,0,0,0,0,13.508811712265,4.18000843294684,0,9.59034733665951,4.73735166053955,8.2877573621313,0,15.4451637718922,106.679502868652,8.16213135749073,92.6439826965332,31.7426321924949,0,0,0,18.7893538486621,6.98596478603287,8.68822436294708,0,0,0,0,0,44.0526275634766,0,30.7732852511936,0,0,0,0,0,0,26.361041277647,0,0,0,0,0,0,0,74.1098709106445,107.42339070638,61.525940821721,0,6.89713467756907,0,11.7932922767518,14.9883264799913,0,100.434544372559,15.5313695148565,14.311495146295,19.6353158385067,36.3424336362224,0,40.8268960316976
