0,0,0.178178955065577,0,0,0,0,0,0.169882444238084,0,0,0,0,0,0,0,0.393310867823087,0.368988797068596,0.345831794934904,0,0,0,0,0,0,0,0,0,0,0,0,0,0,0,0,0,0.307402193546295,0,0,0,0.447071590771278,0.295426070690155,0.305961706861854,0,0,0,0.283121168613434,0,0.177794616961596,0,0,0,0,0,0.179953896947789,0,0.219114276766777,0,0.20225415378809,0,0.208995467015341,0,0,0,0,0,0,0,0,0,0,0,0.312551707029343,0.473019391298294,0,0,0,0,0.359638124704361,0.343616096302867,0,0.472512185573578,0.26143600977377,0,0.216322611348751,0,0.268406839420398
0,0,0,0.228615920458521,0,0,0,0,0,0.135479419761234,0,0,0,0,0,0,0.377736799418926,0.303690691788991,0.318195262865991,0,0,0,0,0,0,0,0,0,0,0,0,0,0,0,0,0.361767157912254,0,0,0,0.387121096253395,0,0.393159768782383,0,0,0,0,0,0,0,0.224487954062574,0,0,0,0,0,0.178873504600386,0,0.319256414969762,0,0,0,0.179936941142555,0,0.331287652254105,0,0,0,0,0,0,0,0,0.341518729925156,0,0,0,0,0,0.402588637037711,0.349292397499084,0.396189004182816,0,0.294200622025997,0,0.244212970657404,0,0
0.178178955065577,0,0,0,0.188270008563995,0.237523317337036,0,0,0.172321805752904,0,0,0,0,0,0,0,0,0,0,0,0,0,0,0,0,0,0,0,0,0,0,0,0,0,0,0,0.261554688215256,0,0,0,0.284673627465963,0,0.280706354291052,0,0,0,0.246860221028328,0,0.201279528501655,0.242723912000656,0.216757149231143,0.240569099783897,0,0,0.178950216770172,0,0.281785944536809,0,0,0,0,0,0,0.271063576141993,0,0,0,0,0,0,0,0.305217117071152,0,0.31560667864112,0,0,0,0,0,0.289383076131344,0,0.314745637774467,0.252073389972138,0.285118158906698,0.256249883163538,0,0.252998143124084
0,0.228615920458521,0,0,0,0.17038472443819,0,0,0,0.228610798716545,0,0,0,0,0,0,0,0.3055190294981,0.265200597047806,0,0,0,0,0,0,0,0,0,0,0,0,0,0,0,0,0.252470347285271,0,0,0,0.269551110764345,0.252821564674377,0.289172030355729,0.310559272766113,0,0,0.244273826479912,0,0,0.260073930025101,0.214064698579699,0,0.249357015247594,0,0,0,0.141308799386024,0,0.312966667421877,0,0.27526607340382,0,0.219337721813971,0.280717237128152,0,0,0,0,0,0,0,0.310701934730305,0,0.324439026655689,0,0,0,0,0,0.290049267311891,0,0.327578138560057,0,0.264216036295259,0,0.290727495146598,0.284587210416794,0
0,0,0.188270008563995,0,0,0,0.149555668767009,0,0,0,0,0,0,0,0,0,0,0,0,0,0.193294169381261,0,0,0,0,0,0,0,0,0,0,0,0,0,0,0,0.207312405109406,0,0.239126294851303,0,0.292523249983788,0,0.260882762074471,0,0,0,0.219364807009697,0,0.235399652804647,0,0.193407302135197,0,0,0,0,0,0.247944170875209,0.227825537323952,0.218666767080625,0,0.298284381628036,0,0,0.250288166105747,0,0,0,0,0,0,0,0,0,0.277231901884079,0,0,0,0,0,0.2627821067969,0.258308291435242,0.264399766921997,0.178773623280757,0.146347513293912,0.230691709446496,0,0.252402633428574
0,0,0.237523317337036,0.17038472443819,0,0,0,0.184617006530364,0,0.187741093337536,0,0,0,0.185619771853089,0,0.181164721051852,0,0,0,0,0,0,0,0,0,0,0,0,0,0,0,0,0,0,0,0.202470693737268,0,0,0,0.230743274092674,0,0,0,0,0,0,0,0,0,0,0,0.231840249373796,0,0.173165704716336,0,0.110536138216654,0,0.232925333082676,0,0.201694537970153,0,0.173903182148933,0,0,0,0,0,0,0,0,0,0,0,0,0,0,0,0,0,0,0,0,0.207812350205122,0.187218880653381,0.222313896010194,0,0
0,0,0,0,0.149555668767009,0,0,0,0,0,0.151657342201187,0,0,0,0,0,0,0,0,0,0,0,0,0,0,0,0,0,0,0,0,0,0,0,0,0,0,0,0,0,0,0,0,0,0,0,0,0,0,0,0,0,0.199077911442146,0,0,0,0.200488176825759,0,0,0,0,0,0,0,0,0,0,0,0,0,0,0,0,0,0,0,0,0,0,0,0,0,0.138534526030223,0,0,0,0
0,0,0,0,0,0.184617006530364,0,0,0,0,0,0.143812194466591,0,0.209860384464264,0,0,0,0,0,0,0,0,0,0,0,0,0,0,0,0,0,0,0,0,0,0.157708406448364,0,0,0,0,0,0,0,0,0,0,0,0,0,0,0,0.229553761416011,0,0.285817125102054,0,0,0,0.190322197973728,0,0.186449700369025,0,0,0,0,0,0,0,0,0,0,0,0,0,0,0,0,0,0,0,0,0,0,0.188765418164584,0.188351137297494,0,0,0
0.169882444238084,0,0.172321805752904,0,0,0,0,0,0,0,0,0,0,0,0.193613510046686,0,0.182234844158155,0.191843151006588,0.239459152022998,0,0,0,0.223963597416878,0,0.216083526949991,0,0.196718074381351,0,0,0,0,0,0,0,0,0,0,0,0.189523567141671,0,0,0,0.178389369304908,0,0,0,0,0.337123781442642,0.176585531156314,0,0,0,0,0,0.232676882472125,0,0,0,0,0,0.223117015428013,0,0,0,0,0,0,0.238066794616835,0,0.19305782020092,0,0,0,0,0,0,0,0,0,0,0,0.260112320243473,0.1844759479579,0.161073820458518,0.195704607600751,0,0.227791302733951
0,0.135479419761234,0,0.228610798716545,0,0.187741093337536,0,0,0,0,0,0,0,0,0,0.196174315062531,0,0.17673865028403,0,0,0,0,0,0.174233458663632,0,0.230116993188858,0,0,0,0,0,0,0,0.281255060434341,0,0,0,0.209572888939208,0,0,0,0.26795377763542,0,0,0,0,0,0.342255607247353,0,0.3094816165311,0,0.178607252184991,0,0,0,0.219641528036926,0,0.316448460022608,0,0,0,0.270505718465121,0,0,0,0,0.242122787296475,0,0.225095517933369,0,0,0,0,0,0,0,0.272591559254393,0,0,0,0.257368326319002,0,0.192132327157333,0.211285832081292,0.200216539484686,0,0
0,0,0,0,0,0,0.151657342201187,0,0,0,0,0,0,0,0,0,0,0,0,0,0.156971685215831,0,0,0,0,0,0,0,0,0,0,0,0,0,0,0,0.157024171644663,0,0.174697464392978,0,0,0,0,0,0,0,0,0,0,0,0,0,0.176492718539455,0,0,0,0.217024085175836,0,0.147302433848381,0,0,0,0,0.232573318694319,0,0,0,0,0,0,0,0,0,0.224155576391654,0,0,0,0,0,0.13316256267159,0,0.362897361700351,0.153936654001287,0,0.227475083300046,0,0
0,0,0,0,0,0,0,0.143812194466591,0,0,0,0,0,0.127945877611637,0,0,0,0,0,0.144473254680634,0,0,0,0,0,0,0,0,0,0.212879903614521,0,0,0,0,0,0.15605676812785,0,0.144710727905234,0,0,0,0,0,0,0,0,0,0,0,0,0,0,0,0.170485155656934,0,0,0,0.238873758931819,0,0.158561110899255,0,0,0.180656177656991,0,0,0,0,0,0,0,0.162320281176463,0,0.212975318729877,0,0,0,0,0,0.154590427875519,0,0.178595108389854,0,0.151449722786472,0.172654137015343,0,0,0
0,0,0,0,0,0,0,0,0,0,0,0,0,0,0.127043761312962,0,0,0,0,0,0,0,0,0,0,0,0,0,0.123125362727377,0,0,0,0,0,0,0,0,0,0,0,0,0,0,0,0,0,0,0,0,0,0,0,0,0,0,0,0,0,0.18582870320576,0,0.156007744371891,0,0,0,0,0,0,0,0,0,0,0,0,0,0,0,0,0,0,0,0,0,0.232856738567352,0.215630097352729,0,0,0
0,0,0,0,0,0.185619771853089,0,0.209860384464264,0,0,0,0.127945877611637,0,0,0,0.184171194660253,0,0,0,0,0,0,0,0,0,0,0,0,0,0,0,0,0,0,0,0,0,0,0,0,0,0,0,0,0,0,0,0,0,0,0,0.197695458712785,0,0,0,0,0,0.137457316120466,0,0.191068258291301,0,0.153084721830156,0,0,0,0,0,0,0.143409103155136,0,0,0,0,0,0,0,0,0,0,0,0,0,0.193721445076741,0.229408745824451,0,0,0
0,0,0,0,0,0,0,0,0.193613510046686,0,0,0,0.127043761312962,0,0,0,0.18590678215552,0.182722821609298,0.215514833728472,0,0,0,0.201296344399452,0,0.187200501561165,0,0.194418832659721,0,0,0,0,0,0,0,0,0,0,0,0,0,0,0,0,0,0,0,0,0,0,0,0.170644648373127,0,0,0,0.18561033662912,0,0,0,0,0,0.20604228294071,0,0,0,0,0,0,0,0,0.257863476872444,0,0,0,0,0,0,0,0,0,0,0,0,0.192098001106864,0.224605746567249,0,0,0
0,0,0,0,0,0.181164721051852,0,0,0,0.196174315062531,0,0,0,0.184171194660253,0,0,0.19478325624215,0.207708540025042,0.267730373889208,0,0,0.208962718645732,0,0.180029859145482,0,0.173615910112858,0,0,0,0,0,0,0,0,0,0,0,0,0,0,0,0,0,0,0,0,0,0,0,0,0,0.193588813317233,0,0,0,0.192137406875858,0,0,0,0.181851252913475,0,0.181728003377264,0,0,0,0,0,0,0.172110224962234,0,0,0,0,0,0,0,0,0,0,0,0,0,0.178315053911919,0.170222898738252,0,0,0
0.393310867823087,0.377736799418926,0,0,0,0,0,0,0.182234844158155,0,0,0,0,0,0.18590678215552,0.19478325624215,0,0.216909510508478,0.338173441991802,0,0,0.202355407718299,0.199483557078177,0.201054761186242,0.205265908269212,0.20112545875942,0.194105890706765,0,0.152532388766607,0,0,0,0,0,0,0.41868269443512,0.387058019638062,0,0,0.315936915576458,0.391971412826987,0.33528368268162,0.305196156868568,0,0.313943266868591,0,0.335160240530968,0,0,0.320326805114746,0,0,0,0,0,0,0,0.326481580734253,0,0,0.204302200456945,0.229116126894951,0.364384567737579,0.328488558530807,0.216010769563062,0.194575919314872,0,0,0.198357742279768,0.200150275697648,0,0,0.310864761471748,0,0,0,0,0,0.357911085798627,0.361491193186562,0,0,0.247951276412054,0.157234492804855,0.367535390971619,0,0.300740311543147
0.368988797068596,0.303690691788991,0,0.3055190294981,0,0,0,0,0.191843151006588,0.17673865028403,0,0,0,0,0.182722821609298,0.207708540025042,0.216909510508478,0,0.34062032316209,0,0,0.20842225384643,0.196780472783975,0.212812475589189,0.201200352473692,0.195627252323605,0.205208645915163,0.166393451392651,0,0,0,0,0,0,0,0.348893771568934,0.319906413555145,0,0,0.360400396088759,0.350625897447268,0.328052635703768,0.323028843511235,0,0,0,0.329362785816193,0,0,0.342038728296757,0,0,0,0,0,0.205936923623085,0,0.29228886961937,0,0.312067031860352,0.184569230675697,0.213093452547726,0.358996456861496,0,0.202971545603654,0.189326020387503,0.208222672343254,0,0.20831831889227,0.199069575123165,0,0,0,0,0,0,0,0,0.354512687470462,0.386355436096589,0.398718222975731,0,0.231589519748987,0.21687956591652,0.36558992853936,0.312653213739395,0.266031123697758
0.345831794934904,0.318195262865991,0,0.265200597047806,0,0,0,0,0.239459152022998,0,0,0,0,0,0.215514833728472,0.267730373889208,0.338173441991802,0.34062032316209,0,0,0,0.262053957208991,0.25525289773941,0.289535934726397,0.325122863054276,0.290089160203934,0.291621197317098,0,0,0,0,0,0,0,0,0.381829968814192,0.34038778926645,0,0,0.40542984980882,0.447716149541498,0.320342663211884,0.27647458950336,0,0.263739680702036,0,0.341351300617245,0,0.23557593425115,0.261101873219013,0,0.264538589119911,0,0,0,0,0.338800438812801,0.325840400324927,0,0,0.291448384523392,0.317797869443893,0.376630415235247,0.336113002264138,0.292612890402476,0.288765758275986,0,0,0.240782707929611,0,0.303331449627876,0,0.416101403926548,0.422353261046939,0,0.407706826925278,0,0,0.382468465668251,0.378234402818488,0.479348587447947,0.456205437580744,0.286993252785531,0.242511227726936,0.427005389588615,0.270253865491776,0.251672307956586
0,0,0,0,0,0,0,0,0,0,0,0.144473254680634,0,0,0,0,0,0,0,0,0,0,0,0,0,0,0,0,0,0,0,0,0,0,0,0.194962693529355,0,0.154503567078534,0,0,0,0,0.28821536898613,0,0,0,0,0,0.233964219689369,0,0,0.233688324689865,0,0.176595094529065,0,0,0,0.207177401108797,0,0,0,0.235642105340958,0.195366913659705,0,0,0,0,0,0,0,0,0,0.279945611953735,0,0,0,0,0,0.207008394828663,0,0.18617048561573,0,0.22198906071441,0.236630253493786,0.30041652334773,0,0
0,0,0,0,0.193294169381261,0,0,0,0,0,0.156971685215831,0,0,0,0,0,0,0,0,0,0,0,0,0,0,0,0,0,0,0,0,0,0,0,0,0,0.171394460063124,0,0.179502623829436,0,0,0,0,0,0,0,0.272448092699051,0,0.222200319170952,0,0.288980621041036,0,0,0,0,0,0.284518294036388,0,0,0,0,0,0,0.19297040165999,0,0,0,0,0,0,0,0,0,0.335824266076088,0,0,0,0,0,0.204173204765472,0,0.311104483074612,0.20710851320376,0.245660617947578,0.25056327264948,0,0
0,0,0,0,0,0,0,0,0,0,0,0,0,0,0,0.208962718645732,0.202355407718299,0.20842225384643,0.262053957208991,0,0,0,0.171908006964779,0.160517614300168,0,0.188433888012713,0.190442860126495,0.147863173650371,0,0,0,0,0,0,0,0,0,0.190470502599711,0.218578089449717,0,0,0,0,0,0,0,0,0.451770881811778,0,0.287812224947489,0,0,0,0,0,0,0,0,0,0,0,0,0,0,0.21035747941524,0.175133609028746,0.202522084794261,0,0.208621144147203,0,0.165583201131578,0,0,0,0,0,0,0,0,0,0.210462418298918,0.194539236907776,0.189590430166275,0.173891295663646,0.448865503072739,0,0
0,0,0,0,0,0,0,0,0.223963597416878,0,0,0,0,0,0.201296344399452,0,0.199483557078177,0.196780472783975,0.25525289773941,0,0,0.171908006964779,0,0,0.174790936829271,0,0.203246902499129,0,0.177423364878254,0,0,0,0,0,0,0,0,0.278224930167198,0.185653347399515,0,0,0,0,0,0,0,0,0.492328604062398,0.250221467211179,0,0,0,0,0,0.353188435236613,0,0,0,0,0,0.186817973852158,0,0,0,0.18340525539764,0.223641636862467,0,0.202178281295929,0.192882835865021,0.196934489023154,0,0.188286139969788,0,0,0,0,0,0,0,0,0.167570024728775,0.227911192516293,0.188594943789904,0.218980972379743,0.453664928674698,0,0
0,0,0,0,0,0,0,0,0,0.174233458663632,0,0,0,0,0,0.180029859145482,0.201054761186242,0.212812475589189,0.289535934726397,0,0,0.160517614300168,0,0,0,0.198977018153764,0.190314516425133,0,0,0,0,0,0,0.301576018333435,0,0,0,0.177482519479961,0,0,0,0.329896687075149,0,0,0,0,0,0.445284873247147,0,0.299010342359543,0,0,0,0,0,0.23339537728546,0,0,0,0,0,0.189668830484152,0,0,0.188829456726868,0,0.213103226942418,0,0.203208842848101,0,0,0,0,0,0,0,0.30082982139928,0,0,0,0.242170693427324,0,0.208776501227509,0.19589412510395,0.257616367256432,0,0
0,0,0,0,0,0,0,0,0.216083526949991,0,0,0,0,0,0.187200501561165,0,0.205265908269212,0.201200352473692,0.325122863054276,0,0,0,0.174790936829271,0,0,0,0.190283609906564,0,0,0,0,0,0,0,0,0,0,0,0.162392744665865,0,0,0,0.280179879069328,0,0,0,0,0.436255723237991,0.268525388018758,0,0,0,0,0,0.248015998476777,0,0,0,0,0,0.19692055384318,0,0,0,0,0.220701753227941,0,0.197059640572744,0,0.201738544789756,0,0,0,0,0,0,0,0,0,0,0,0.197255290085168,0.198166230963313,0,0.337436626249171,0,0
0,0,0,0,0,0,0,0,0,0.230116993188858,0,0,0,0,0,0.173615910112858,0.20112545875942,0.195627252323605,0.290089160203934,0,0,0.188433888012713,0,0.198977018153764,0,0,0.196939080953598,0.165564573862973,0,0,0,0,0,0,0,0,0,0,0,0,0,0,0,0,0,0,0,0,0,0,0,0,0,0,0,0.232196319848299,0,0,0,0,0,0,0,0,0.214572467725642,0,0.205557005696518,0,0.194335213441115,0,0.212127110132804,0,0,0,0,0,0,0,0.307563990354538,0,0,0,0.199897298195224,0.165000169015512,0,0,0
0,0,0,0,0,0,0,0,0.196718074381351,0,0,0,0,0,0.194418832659721,0,0.194105890706765,0.205208645915163,0.291621197317098,0,0,0.190442860126495,0.203246902499129,0.190314516425133,0.190283609906564,0.196939080953598,0,0,0.167664832996984,0,0,0,0,0,0,0,0,0,0,0,0,0,0,0,0,0,0,0,0,0,0,0,0,0,0,0,0,0,0,0,0.196847558021545,0,0,0,0,0.196260845570853,0,0.179080489195055,0,0.193849154688576,0,0.186910100281239,0,0,0,0,0,0,0,0,0,0,0.199365034056555,0.18956395983696,0.370528653264046,0,0
0,0,0,0,0,0,0,0,0,0,0,0,0,0,0,0,0,0.166393451392651,0,0,0,0.147863173650371,0,0,0,0.165564573862973,0,0,0,0.175182645493838,0,0,0,0,0,0,0,0.163568705320358,0,0,0,0,0,0,0,0,0,0,0,0,0,0,0,0,0,0,0,0,0,0.185018523850224,0,0,0,0,0.162697661668062,0,0,0,0.237851575948298,0,0.179444546872707,0,0,0,0,0,0,0,0,0,0.178458022929373,0,0.177432851658927,0.194691945025415,0,0,0
0,0,0,0,0,0,0,0,0,0,0,0,0.123125362727377,0,0,0,0.152532388766607,0,0,0,0,0,0.177423364878254,0,0,0,0.167664832996984,0,0,0,0.153679382055998,0,0,0,0,0,0,0,0.16907892443917,0,0,0,0,0,0,0,0,0,0,0,0,0,0,0,0,0,0,0,0,0,0,0,0,0,0,0.196792341629911,0,0,0,0.151312791402378,0,0.19131458086887,0,0.151481505860104,0,0,0,0,0,0,0,0.204865843678514,0.169017012256223,0.176638647220856,0,0,0
0,0,0,0,0,0,0,0,0,0,0,0.212879903614521,0,0,0,0,0,0,0,0,0,0,0,0,0,0,0,0.175182645493838,0,0,0,0,0,0,0,0,0,0.148791272441546,0,0,0,0,0,0,0,0,0,0,0,0,0,0,0,0,0,0,0,0.232833720743656,0,0,0,0,0,0,0,0,0,0,0,0,0.185325422578928,0,0.217882643318479,0,0,0,0,0,0,0,0.230719804763794,0,0,0,0,0,0
0,0,0,0,0,0,0,0,0,0,0,0,0,0,0,0,0,0,0,0,0,0,0,0,0,0,0,0,0.153679382055998,0,0,0,0,0,0,0,0,0,0.141577959888511,0,0,0,0,0,0,0,0,0,0,0,0,0,0,0,0,0,0.206308086713155,0,0,0,0,0,0,0,0,0,0,0,0,0,0,0.168799206614494,0,0.222392256955923,0,0,0,0,0,0,0,0,0.175030827522278,0,0,0,0
0,0,0,0,0,0,0,0,0,0,0,0,0,0,0,0,0,0,0,0,0,0,0,0,0,0,0,0,0,0,0,0,0.169590112408103,0.17872622676871,0.141818322241306,0.218481498347087,0.175127444898381,0,0,0,0,0,0,0,0,0,0,0.313292168362721,0.51289975643158,0,0,0,0,0,0,0,0,0,0,0,0,0,0,0,0,0,0,0,0,0,0,0,0,0,0.223398917964468,0.163782870926355,0.220382631383836,0,0.231422185979165,0.179865621030331,0,0,0.228053920032564,0,0.437336981296539,0,0
0,0,0,0,0,0,0,0,0,0,0,0,0,0,0,0,0,0,0,0,0,0,0,0,0,0,0,0,0,0,0,0.169590112408103,0,0,0.213372257020738,0.178837809711695,0.186269118336209,0,0,0,0,0,0,0,0,0,0,0.318759930149987,0,0,0,0,0,0,0,0,0,0,0,0,0,0,0,0,0,0,0,0,0,0,0,0,0,0,0.161644332423931,0.205437792237795,0.167246017605066,0.227041628758113,0,0.238005267306306,0,0,0.232751203562683,0,0.497360175848007,0,0
0,0,0,0,0,0,0,0,0,0.281255060434341,0,0,0,0,0,0,0,0,0,0,0,0,0,0.301576018333435,0,0,0,0,0,0,0,0.17872622676871,0,0,0.193053443688635,0.184005577308791,0.282588223616282,0.284555573033262,0,0,0,0,0,0,0,0,0,0.366383806861373,0,0.460248155999429,0,0,0,0,0,0.301274452890669,0,0,0,0,0,0,0,0,0,0,0,0,0,0,0.362252056598663,0,0.381979152560234,0,0.205886200567087,0,0.217420681101548,0.199643831729889,0.234493897320368,0.310295432806015,0.363177984586612,0.222410678863525,0.212793745845556,0.285977189739545,0,0,0
0,0,0,0,0,0,0,0,0,0,0,0,0,0,0,0,0,0,0,0,0,0,0,0,0,0,0,0,0,0,0,0.141818322241306,0.213372257020738,0.193053443688635,0,0,0.185508064948525,0.170597967588239,0.327364826236259,0,0,0,0,0,0,0,0,0.316895005159858,0.432123306393623,0,0,0,0,0,0,0,0,0,0,0,0,0,0,0,0,0,0,0,0,0,0,0,0,0,0,0.210950183868408,0.191275260259962,0.218308475839427,0,0.234587706313577,0.16920193657279,0.264537322734083,0.19260888826102,0,0,0,0
0,0.361767157912254,0,0.252470347285271,0,0.202470693737268,0,0.157708406448364,0,0,0,0.15605676812785,0,0,0,0,0.41868269443512,0.348893771568934,0.381829968814192,0.194962693529355,0,0,0,0,0,0,0,0,0,0,0,0.218481498347087,0.178837809711695,0.184005577308791,0,0,0.248587365603919,0.190027554134957,0.204370132857753,0.331815953056018,0.344637796282768,0.310444177492805,0,0,0,0.29640035180078,0,0.565572359590303,0,0.302764730155468,0,0.216951300700506,0,0,0,0,0,0.233151728456671,0,0,0,0,0.210495592895843,0,0,0,0,0,0,0,0,0,0.260523274540901,0,0.177172122322596,0.188975719735026,0.204071207344532,0,0.248253078874421,0.21044816391677,0.218962810388991,0,0.19880137167585,0.212117250198903,0.236161181928626,0.33948024113973,0
0.307402193546295,0,0.261554688215256,0,0.207312405109406,0,0,0,0,0,0.157024171644663,0,0,0,0,0,0.387058019638062,0.319906413555145,0.34038778926645,0,0.171394460063124,0,0,0,0,0,0,0,0,0,0,0.175127444898381,0.186269118336209,0.282588223616282,0.185508064948525,0.248587365603919,0,0,0.211935062197591,0,0.255288496613503,0.258470326662064,0.295615819784311,0,0,0,0.293952800590417,0.509385465325848,0.317492140663995,0,0,0,0,0,0,0,0.226477527618408,0,0,0,0,0,0,0.210209544857635,0,0,0,0,0,0,0,0,0,0.284220397472382,0.24542430639267,0.266681183212333,0.280138522386551,0.236564997101367,0.250766842781256,0.237009478856555,0,0.244826535790543,0.204740773251717,0.173446923494339,0.254674743808491,0,0
0,0,0,0,0,0,0,0,0,0.209572888939208,0,0.144710727905234,0,0,0,0,0,0,0,0.154503567078534,0,0.190470502599711,0.278224930167198,0.177482519479961,0,0,0,0.163568705320358,0,0.148791272441546,0,0,0,0.284555573033262,0.170597967588239,0.190027554134957,0,0,0.201427287890413,0,0,0.381733572420975,0,0,0,0,0,0.576665009046189,0,0.417154714819931,0,0,0,0,0,0.267124549784128,0,0.14219513216189,0,0,0,0,0.157281059630309,0,0.236022986440865,0,0.324832277660002,0,0,0,0.213199779391289,0,0.38220226764679,0,0,0,0.30467443194537,0.167610888972002,0.248084585676788,0,0.243055232054378,0.177862676552364,0.245479832486351,0.279844480007887,0.45202162375623,0,0
0,0,0,0,0.239126294851303,0,0,0,0.189523567141671,0,0.174697464392978,0,0,0,0,0,0,0,0,0,0.179502623829436,0.218578089449717,0.185653347399515,0,0.162392744665865,0,0,0,0.16907892443917,0,0.141577959888511,0,0,0,0.327364826236259,0.204370132857753,0.211935062197591,0.201427287890413,0,0,0,0,0.186593826407987,0,0,0,0.28039675951004,0.721649753534562,0.402129862384786,0.603316187858582,0,0,0,0,0.255451739816875,0,0.1761572168305,0,0,0,0,0,0,0.268016659607322,0.218968608058416,0.235976014862356,0.597200334072113,0.240347771299264,0,0,0,0.20434609015516,0,0.256574817574941,0,0,0,0.24676344485314,0,0.258513083682887,0.220461450230617,0.263948068460363,0.22124716983243,0.247437592181895,0.386327122613204,0,0
0,0.387121096253395,0,0.269551110764345,0,0.230743274092674,0,0,0,0,0,0,0,0,0,0,0.315936915576458,0.360400396088759,0.40542984980882,0,0,0,0,0,0,0,0,0,0,0,0,0,0,0,0,0.331815953056018,0,0,0,0,0.41923475925249,0.309495272579488,0.305105447769165,0,0,0.407025415450335,0.328617781400681,0.456383297378703,0.404947187006474,0.332268694430289,0,0.238494870066643,0,0,0,0.236539965867996,0,0.283785991370678,0,0.310044676065445,0,0.303520582616329,0.287254957129826,0,0,0,0,0,0,0,0.292609423398972,0,0.325766404469808,0,0.455527663230896,0.467511478397581,0,0,0.353533508130378,0.380351442843676,0.299041557312012,0,0.353506165090948,0.274423360824585,0.30013242004291,0.352184323018247,0.337741822004318
0.447071590771278,0,0.284673627465963,0.252821564674377,0.292523249983788,0,0,0,0,0,0,0,0,0,0,0,0.391971412826987,0.350625897447268,0.447716149541498,0,0,0,0,0,0,0,0,0,0,0,0,0,0,0,0,0.344637796282768,0.255288496613503,0,0,0.41923475925249,0,0.399787217378616,0.360547071391786,0,0.3625831335783,0,0.367452082841584,0.491120034156273,0.308218010973722,0.428839686512947,0.276127070188522,0,0,0,0,0,0.250446148216724,0,0,0,0,0,0.3861975222826,0.278895863121556,0,0,0,0,0,0,0,0,0,0.270397391915321,0.459882453083992,0.425341188907623,0,0,0.385819430152575,0.304245800221045,0,0.386560092369715,0.409116728684387,0,0.286294727450889,0,0.389841899918995
0.295426070690155,0.393159768782383,0,0.289172030355729,0,0,0,0,0,0.26795377763542,0,0,0,0,0,0,0.33528368268162,0.328052635703768,0.320342663211884,0,0,0,0,0.329896687075149,0,0,0,0,0,0,0,0,0,0,0,0.310444177492805,0.258470326662064,0.381733572420975,0,0.309495272579488,0.399787217378616,0,0.348095810661713,0,0.370572477579117,0.237696126103401,0.310252800583839,0.463585004592553,0.419093019432492,0.327740364999343,0,0.260450437102678,0,0,0,0.281283955420217,0,0.347922118674049,0,0.329770938708232,0,0.280882299974047,0.344771641919437,0.265523880720139,0,0,0.363466518372297,0,0,0,0.338998511347468,0,0.361419974409399,0,0,0,0,0,0.318451476069817,0.307415414797632,0.350050761120943,0.715864062309265,0.325161262671039,0.298192486477395,0.36234657563138,0.280317553827318,0.298193693161011
0.305961706861854,0,0.280706354291052,0.310559272766113,0.260882762074471,0,0,0,0.178389369304908,0,0,0,0,0,0,0,0.305196156868568,0.323028843511235,0.27647458950336,0.28821536898613,0,0,0,0,0.280179879069328,0,0,0,0,0,0,0,0,0,0,0,0.295615819784311,0,0.186593826407987,0.305105447769165,0.360547071391786,0.348095810661713,0,0,0.266804704160401,0,0.268662703674954,0.49430978691036,0.356260663282325,0.438382935523987,0,0,0,0,0.309138057487352,0,0.335626372200553,0,0.337741892446171,0.320981740951538,0.317198445002238,0,0.312231376767159,0.290741258197361,0,0.417677602597645,0,0.464818790555,0,0,0,0.352381054311991,0,0.329197774194691,0,0.325275858243306,0,0,0.33078816284736,0.298010837182423,0.30705052614212,0.410226643712897,0.32405970110489,0.266370205084483,0.33276599372,0.248838752508163,0.291060433422097
0,0,0,0,0,0,0,0,0,0,0,0,0,0,0,0,0,0,0,0,0,0,0,0,0,0,0,0,0,0,0,0,0,0,0,0,0,0,0,0,0,0,0,0,0,0,0,0,0,0,0,0,0,0,0,0,0,0,0,0,0,0,0,0,0,0,0,0,0,0,0,0,0,0,0,0,0,0,0,0,0,0,0,0,0,0,0
0,0,0,0,0,0,0,0,0,0,0,0,0,0,0,0,0.313943266868591,0,0.263739680702036,0,0,0,0,0,0,0,0,0,0,0,0,0,0,0,0,0,0,0,0,0,0.3625831335783,0.370572477579117,0.266804704160401,0,0,0,0.370497358696801,0,0,0,0,0,0,0,0,0,0,0,0,0,0,0,0.328566133975983,0,0,0,0,0,0,0,0,0,0,0,0,0,0,0,0.322405745585759,0.346002389011638,0,0,0.266145881797586,0,0.30531706623733,0,0.245136323571205
0,0,0,0.244273826479912,0,0,0,0,0,0,0,0,0,0,0,0,0,0,0,0,0,0,0,0,0,0,0,0,0,0,0,0,0,0,0,0.29640035180078,0,0,0,0.407025415450335,0,0.237696126103401,0,0,0,0,0,0,0,0.201745510101318,0,0,0,0,0,0,0,0.288423788547516,0,0,0,0,0.314628992198708,0,0,0,0,0,0,0,0.27909728884697,0,0.335280114954168,0,0,0,0,0,0.322778871760379,0,0.389511193274057,0,0.227427331464631,0,0.36803632899678,0,0
0.283121168613434,0,0.246860221028328,0,0.219364807009697,0,0,0,0,0,0,0,0,0,0,0,0.335160240530968,0.329362785816193,0.341351300617245,0,0.272448092699051,0,0,0,0,0,0,0,0,0,0,0,0,0,0,0,0.293952800590417,0,0.28039675951004,0.328617781400681,0.367452082841584,0.310252800583839,0.268662703674954,0,0.370497358696801,0,0,0,0.255409429470698,0,0,0,0,0,0,0,0,0.2835483700037,0,0,0,0,0.330010533332825,0.302402590868679,0,0,0,0,0,0,0,0,0,0.336728197336197,0,0.311459451913834,0,0,0.353453268607457,0.307226596612658,0,0.330466208713395,0.319035542430356,0,0.341923019515469,0,0.294762834425895
0,0,0,0,0,0,0,0,0.337123781442642,0.342255607247353,0,0,0,0,0,0,0,0,0,0,0,0.451770881811778,0.492328604062398,0.445284873247147,0.436255723237991,0,0,0,0,0,0,0.313292168362721,0.318759930149987,0.366383806861373,0.316895005159858,0.565572359590303,0.509385465325848,0.576665009046189,0.721649753534562,0.456383297378703,0.491120034156273,0.463585004592553,0.49430978691036,0,0,0,0,0,0.490981850983627,0.524203788073883,0,0,0,0,0.436988214651744,0.418218145767848,0,0,0,0,0,0,0,0,0,0.489052009425665,0.450430576394244,0.443034060299397,0,0,0.463487160702546,0.390418591407629,0.40454714179039,0.395461916923523,0.354715294782692,0.420956810174683,0.320107673645433,0.296635405307284,0.476756388797564,0.454099974296321,0.497911096240415,0.511465901309622,0.594392396702247,0.531259089708328,0.460584833877722,0,0
0.177794616961596,0,0.201279528501655,0.260073930025101,0.235399652804647,0,0,0,0.176585531156314,0,0,0,0,0,0,0,0,0,0.23557593425115,0.233964219689369,0.222200319170952,0,0.250221467211179,0,0.268525388018758,0,0,0,0,0,0,0.51289975643158,0,0,0.432123306393623,0,0.317492140663995,0,0.402129862384786,0.404947187006474,0.308218010973722,0.419093019432492,0.356260663282325,0,0,0,0.255409429470698,0.490981850983627,0,0.406453636565425,0,0.247767560184002,0,0,0.235435626003891,0,0.238085561134714,0.250343658030033,0.226003890378135,0,0.222224552482995,0,0,0.272181515892347,0,0.292732181648413,0,0.339623956586279,0,0.334700146280689,0,0.256580689525018,0,0.306083324115451,0.497163057327271,0.454855841067102,0,0.371360362817844,0.367680832743645,0.299276912342926,0.26087698340416,0.332889500939569,0.343891763440794,0.297069986661275,0.361290374639498,0,0.310643872310375
0,0.224487954062574,0.242723912000656,0.214064698579699,0,0,0,0,0,0.3094816165311,0,0,0,0,0,0,0.320326805114746,0.342038728296757,0.261101873219013,0,0,0.287812224947489,0,0.299010342359543,0,0,0,0,0,0,0,0,0,0.460248155999429,0,0.302764730155468,0,0.417154714819931,0.603316187858582,0.332268694430289,0.428839686512947,0.327740364999343,0.438382935523987,0,0,0.201745510101318,0,0.524203788073883,0.406453636565425,0,0,0.24626371388634,0,0,0,0.254138450537409,0,0.30771441244573,0,0.309474460035563,0,0.253135298124769,0.313221746164819,0,0.273116199272698,0,0.299782220522563,0,0.304889615092959,0,0.308456150271137,0,0.311373402812967,0,0.498799979686737,0.456382300991278,0.436397645312051,0,0.385233562544323,0.440731689333916,0.35052859963536,0,0.308739435904234,0.276990931481123,0.349537052756525,0.325291295846303,0
0,0,0.216757149231143,0,0.193407302135197,0,0,0,0,0,0,0,0,0,0.170644648373127,0,0,0,0,0,0.288980621041036,0,0,0,0,0,0,0,0,0,0,0,0,0,0,0,0,0,0,0,0.276127070188522,0,0,0,0,0,0,0,0,0,0,0,0.242254877729075,0,0.268918389081955,0,0.239699953159348,0,0.245457296239792,0,0.248171189791771,0,0,0.290046498179436,0,0,0,0,0,0,0,0,0,0,0,0,0,0,0,0,0,0,0.158417792861559,0.149132492286818,0.238526920709655,0,0
0,0,0.240569099783897,0.249357015247594,0,0.231840249373796,0,0.229553761416011,0,0.178607252184991,0,0,0,0.197695458712785,0,0.193588813317233,0,0,0.264538589119911,0.233688324689865,0,0,0,0,0,0,0,0,0,0,0,0,0,0,0,0.216951300700506,0,0,0,0.238494870066643,0,0.260450437102678,0,0,0,0,0,0,0.247767560184002,0.24626371388634,0,0,0,0.252161864761044,0,0.197846363857388,0,0.273961589626752,0,0.290879352887472,0,0.250826497380578,0.233415235172619,0,0,0,0,0,0,0,0.283369794487953,0,0.283102176019124,0,0,0,0,0,0.284291300177574,0.278624624013901,0.307265144586563,0,0.21224282684584,0.182132558897138,0.259801875733201,0,0
0,0,0,0,0,0,0.199077911442146,0,0,0,0.176492718539455,0,0,0,0,0,0,0,0,0,0,0,0,0,0,0,0,0,0,0,0,0,0,0,0,0,0,0,0,0,0,0,0,0,0,0,0,0,0,0,0.242254877729075,0,0,0,0,0,0.19122675754703,0,0,0,0,0,0,0,0,0,0,0,0,0,0,0,0,0,0,0,0,0,0,0,0,0,0.164018514255683,0,0,0,0
0,0,0,0,0,0.173165704716336,0,0.285817125102054,0,0,0,0.170485155656934,0,0,0,0,0,0,0,0.176595094529065,0,0,0,0,0,0,0,0,0,0,0,0,0,0,0,0,0,0,0,0,0,0,0,0,0,0,0,0,0,0,0,0.252161864761044,0,0,0,0,0,0.208932112190831,0,0.237672633662516,0,0,0.18549713326825,0,0,0,0,0,0,0,0,0,0,0,0,0,0,0,0,0,0,0,0.175232574343681,0,0,0,0
0.179953896947789,0,0.178950216770172,0,0,0,0,0,0.232676882472125,0,0,0,0,0,0.18561033662912,0,0,0,0,0,0,0,0.353188435236613,0,0.248015998476777,0,0,0,0,0,0,0,0,0,0,0,0,0,0.255451739816875,0,0,0,0.309138057487352,0,0,0,0,0.436988214651744,0.235435626003891,0,0.268918389081955,0,0,0,0,0,0,0,0,0,0.228062901331319,0,0,0,0,0.35050235191981,0,0.261820818637979,0,0.218658892703908,0,0,0,0,0,0,0,0,0,0,0,0.294503411810313,0.235091256384818,0.207351431250572,0.230837421957403,0,0
0,0.178873504600386,0,0.141308799386024,0,0.110536138216654,0,0,0,0.219641528036926,0,0,0,0,0,0.192137406875858,0,0.205936923623085,0,0,0,0,0,0.23339537728546,0,0.232196319848299,0,0,0,0,0,0,0,0.301274452890669,0,0,0,0.267124549784128,0,0.236539965867996,0,0.281283955420217,0,0,0,0,0,0.418218145767848,0,0.254138450537409,0,0.197846363857388,0,0,0,0,0,0.271621237198512,0,0.269106537103653,0,0.252087132217802,0,0,0,0,0.273449294785888,0,0.225689490254109,0,0,0,0.290850698947906,0,0,0,0.306100459475266,0,0.248369865119457,0,0.295186080568739,0,0.208831927753412,0.218623248013583,0.247441484966851,0,0
0.219114276766777,0,0.281785944536809,0,0.247944170875209,0,0.200488176825759,0,0,0,0.217024085175836,0,0,0,0,0,0,0,0.338800438812801,0,0.284518294036388,0,0,0,0,0,0,0,0,0,0.206308086713155,0,0,0,0,0,0.226477527618408,0,0.1761572168305,0,0.250446148216724,0,0.335626372200553,0,0,0,0,0,0.238085561134714,0,0.239699953159348,0,0.19122675754703,0,0,0,0,0,0.254154588270904,0,0.252131027834756,0,0,0.297784616342551,0,0,0,0,0,0,0,0.359760362993587,0,0.325300208240185,0,0,0,0,0,0.295216444900352,0,0.386257393492593,0.255630792929462,0.288505136966705,0.317408757120468,0,0.339180517377275
0,0.319256414969762,0,0.312966667421877,0.227825537323952,0.232925333082676,0,0.190322197973728,0,0.316448460022608,0,0.238873758931819,0,0.137457316120466,0,0,0.326481580734253,0.29228886961937,0.325840400324927,0.207177401108797,0,0,0,0,0,0,0,0,0,0.232833720743656,0,0,0,0,0,0.233151728456671,0,0.14219513216189,0,0.283785991370678,0,0.347922118674049,0,0,0,0.288423788547516,0.2835483700037,0,0.250343658030033,0.30771441244573,0,0.273961589626752,0,0.208932112190831,0,0.271621237198512,0,0,0,0.322583037133986,0,0.246565461158752,0.297380362938193,0,0,0,0,0,0.3222543100516,0,0.369302426299004,0,0.326320577605531,0,0,0,0,0,0.281614165987585,0.269422292709351,0.325342983007431,0,0.272359594702721,0.227065399289131,0.317386030739477,0.384018677891346,0
0.20225415378809,0,0,0,0.218666767080625,0,0,0,0,0,0.147302433848381,0,0.18582870320576,0,0,0,0,0,0,0,0,0,0,0,0,0,0,0,0,0,0,0,0,0,0,0,0,0,0,0,0,0,0.337741892446171,0,0,0,0,0,0.226003890378135,0,0.245457296239792,0,0,0,0,0,0.254154588270904,0,0,0,0.229634040232861,0,0,0,0,0,0,0,0,0,0,0,0,0,0,0,0,0,0,0.29047754406929,0,0,0.234659733250737,0.210765037685633,0.269096118284435,0,0.321794010698795
0,0,0,0.27526607340382,0,0.201694537970153,0,0.186449700369025,0,0,0,0.158561110899255,0,0.191068258291301,0,0.181851252913475,0,0.312067031860352,0,0,0,0,0,0,0,0,0,0.185018523850224,0,0,0,0,0,0,0,0,0,0,0,0.310044676065445,0,0.329770938708232,0.320981740951538,0,0,0,0,0,0,0.309474460035563,0,0.290879352887472,0,0.237672633662516,0,0.269106537103653,0,0.322583037133986,0,0,0,0.245482652847256,0.308735316619277,0,0,0,0,0,0.36293271780014,0,0.280513640200154,0,0.360903948545456,0,0,0,0,0,0.282914722959201,0,0.35615262389183,0,0.197484386560008,0.234772732390941,0.30698225464461,0,0
0.208995467015341,0,0,0,0.298284381628036,0,0,0,0.223117015428013,0,0,0,0.156007744371891,0,0.20604228294071,0,0.204302200456945,0.184569230675697,0.291448384523392,0,0,0,0.186817973852158,0,0.19692055384318,0,0.196847558021545,0,0,0,0,0,0,0,0,0,0,0,0,0,0,0,0.317198445002238,0,0,0,0,0,0.222224552482995,0,0.248171189791771,0,0,0,0.228062901331319,0,0.252131027834756,0,0.229634040232861,0,0,0,0,0,0,0,0,0,0,0.241185250254918,0,0.329634636640549,0,0,0,0,0,0,0,0,0,0,0.223242792487144,0,0.267501084955149,0,0.307542352005839
0,0.179936941142555,0,0.219337721813971,0,0.173903182148933,0,0,0,0.270505718465121,0,0,0,0.153084721830156,0,0.181728003377264,0.229116126894951,0.213093452547726,0.317797869443893,0.235642105340958,0,0,0,0.189668830484152,0,0,0,0,0,0,0,0,0,0,0,0,0,0,0,0.303520582616329,0,0.280882299974047,0,0,0,0,0,0,0,0.253135298124769,0,0.250826497380578,0,0,0,0.252087132217802,0,0.246565461158752,0,0.245482652847256,0,0,0,0,0,0,0.204663018214292,0,0.329439043998718,0,0.301726654171944,0,0.307880718261003,0,0,0,0,0,0.269306480884552,0,0.324421226978302,0,0.184241501629845,0.163615256547928,0.265212320801565,0.25431889295578,0
0,0,0,0.280717237128152,0,0,0,0,0,0,0,0.180656177656991,0,0,0,0,0.364384567737579,0.358996456861496,0.376630415235247,0.195366913659705,0,0,0,0,0,0,0,0,0,0,0,0,0,0,0,0.210495592895843,0,0.157281059630309,0,0.287254957129826,0.3861975222826,0.344771641919437,0.312231376767159,0,0.328566133975983,0.314628992198708,0.330010533332825,0,0,0.313221746164819,0,0.233415235172619,0,0.18549713326825,0,0,0,0.297380362938193,0,0.308735316619277,0,0,0,0,0,0,0,0,0,0,0.33274203290542,0,0.353956241024672,0,0,0,0,0,0.28445779664952,0.383286371827126,0.37109037194777,0,0.198064976519319,0,0.322052167918228,0.479381591081619,0
0,0.331287652254105,0.271063576141993,0,0.250288166105747,0,0,0,0,0,0.232573318694319,0,0,0,0,0,0.328488558530807,0,0.336113002264138,0,0.19297040165999,0,0,0,0,0,0,0,0,0,0,0,0,0,0,0,0.210209544857635,0,0.268016659607322,0,0.278895863121556,0.265523880720139,0.290741258197361,0,0,0,0.302402590868679,0,0.272181515892347,0,0.290046498179436,0,0,0,0,0,0.297784616342551,0,0,0,0,0,0,0,0,0,0,0,0,0,0,0,0,0.335676023593316,0,0.313308611512184,0,0.314492166042328,0.337131877740224,0.277902396885666,0,0.305567177676798,0.198574286950107,0,0.303952137350068,0,0.315621115267277
0,0,0,0,0,0,0,0,0,0,0,0,0,0,0,0,0.216010769563062,0.202971545603654,0.292612890402476,0,0,0.21035747941524,0.18340525539764,0.188829456726868,0,0.214572467725642,0,0.162697661668062,0,0,0,0,0,0,0,0,0,0.236022986440865,0.218968608058416,0,0,0,0,0,0,0,0,0,0,0.273116199272698,0,0,0,0,0,0,0,0,0,0,0,0,0,0,0,0.185178863008817,0.245033187189027,0,0.282155175952567,0,0.219350659570029,0,0,0,0,0,0,0,0,0,0.27746318338764,0.21778529882431,0.192815674864982,0.177593451163225,0,0,0
0,0,0,0,0,0,0,0,0,0,0,0,0,0,0,0,0.194575919314872,0.189326020387503,0.288765758275986,0,0,0.175133609028746,0.223641636862467,0,0.220701753227941,0,0.196260845570853,0,0.196792341629911,0,0,0,0,0,0,0,0,0,0.235976014862356,0,0,0,0.417677602597645,0,0,0,0,0.489052009425665,0.292732181648413,0,0,0,0,0,0.35050235191981,0,0,0,0,0,0,0,0,0,0.185178863008817,0,0,0.278688959301397,0,0.264363770725114,0,0.265461620138555,0,0,0,0,0,0,0,0,0,0.278800216633435,0.198438561453189,0.219504985684729,0.422632342854211,0,0
0,0,0,0,0,0,0,0,0,0.242122787296475,0,0,0,0,0,0,0,0.208222672343254,0,0,0,0.202522084794261,0,0.213103226942418,0,0.205557005696518,0,0,0,0,0,0,0,0,0,0,0,0.324832277660002,0.597200334072113,0,0,0.363466518372297,0,0,0,0,0,0.450430576394244,0,0.299782220522563,0,0,0,0,0,0.273449294785888,0,0,0,0,0,0.204663018214292,0,0,0.245033187189027,0,0,0,0.225553690770577,0,0,0,0,0,0,0,0.331507977098227,0,0,0,0.307133464333488,0,0.228487141782587,0.2311886921525,0.328251162698697,0,0
0,0,0,0,0,0,0,0,0.238066794616835,0,0,0,0,0,0,0,0,0,0,0,0,0,0.202178281295929,0,0.197059640572744,0,0.179080489195055,0,0,0,0,0,0,0,0,0,0,0,0.240347771299264,0,0,0,0.464818790555,0,0,0,0,0.443034060299397,0.339623956586279,0,0,0,0,0,0.261820818637979,0,0,0,0,0,0,0,0,0,0,0.278688959301397,0,0,0,0.257356464422465,0,0.423685475037648,0,0,0,0,0,0.34388729929924,0,0,0,0.283770625705415,0.178799518560022,0,0.391476255248893,0,0
0,0,0,0,0,0,0,0,0,0.225095517933369,0,0,0,0.143409103155136,0,0.172110224962234,0.198357742279768,0.20831831889227,0.240782707929611,0,0,0.208621144147203,0.192882835865021,0.203208842848101,0,0.194335213441115,0,0.237851575948298,0,0,0,0,0,0,0,0,0,0,0,0,0,0,0,0,0,0,0,0,0,0.304889615092959,0,0,0,0,0,0.225689490254109,0,0.3222543100516,0,0.36293271780014,0,0.329439043998718,0,0,0.282155175952567,0,0.225553690770577,0,0,0,0.255263095990225,0,0.321678996086121,0,0,0,0,0,0,0,0,0,0.199081817176193,0.231328889727592,0.330785393714905,0,0
0,0,0,0,0,0,0,0,0.19305782020092,0,0,0,0,0,0.257863476872444,0,0.200150275697648,0.199069575123165,0,0,0,0,0.196934489023154,0,0.201738544789756,0,0.193849154688576,0,0.151312791402378,0,0,0,0,0,0,0,0,0,0,0,0,0,0,0,0,0,0,0,0.334700146280689,0,0,0,0,0,0.218658892703908,0,0,0,0,0,0.241185250254918,0,0,0,0,0.264363770725114,0,0.257356464422465,0,0,0,0.298209892701259,0,0,0,0,0,0,0,0,0,0,0.196218356785208,0,0.23810164784563,0,0
0,0,0,0.310701934730305,0,0,0,0,0,0,0,0.162320281176463,0,0,0,0,0,0,0.303331449627876,0,0,0.165583201131578,0,0,0,0.212127110132804,0,0.179444546872707,0,0.185325422578928,0,0,0,0.362252056598663,0,0,0,0.213199779391289,0,0.292609423398972,0,0.338998511347468,0,0,0,0.27909728884697,0,0.463487160702546,0,0.308456150271137,0,0.283369794487953,0,0,0,0,0,0.369302426299004,0,0.280513640200154,0,0.301726654171944,0.33274203290542,0,0.219350659570029,0,0,0,0.255263095990225,0,0,0,0.284557365319308,0,0,0,0,0,0.300818454960118,0,0.262271907520979,0,0.321093827817175,0.141991177201271,0.359616690374523,0.327337231487036,0
0,0,0.305217117071152,0,0,0,0,0,0,0,0,0,0,0,0,0,0,0,0,0,0,0,0.188286139969788,0,0,0,0.186910100281239,0,0.19131458086887,0,0.168799206614494,0,0,0,0,0,0,0,0.20434609015516,0,0,0,0.352381054311991,0,0,0,0,0.390418591407629,0.256580689525018,0,0,0,0,0,0,0,0.359760362993587,0,0,0,0.329634636640549,0,0,0,0,0.265461620138555,0,0.423685475037648,0,0.298209892701259,0,0,0,0.371986176318197,0,0,0,0,0,0.307445615530014,0,0.277727036432522,0.177891122779452,0.165374409407377,0.357459731342257,0,0.35294642051061
0.312551707029343,0.341518729925156,0,0.324439026655689,0,0,0,0,0,0,0,0.212975318729877,0,0,0,0,0.310864761471748,0,0.416101403926548,0.279945611953735,0,0,0,0,0,0,0,0,0,0.217882643318479,0,0,0,0.381979152560234,0,0.260523274540901,0,0.38220226764679,0,0.325766404469808,0,0.361419974409399,0,0,0,0.335280114954168,0,0.40454714179039,0,0.311373402812967,0,0.283102176019124,0,0,0,0.290850698947906,0,0.326320577605531,0,0.360903948545456,0,0.307880718261003,0.353956241024672,0,0,0,0,0,0.321678996086121,0,0.284557365319308,0,0,0,0,0,0.364453159272671,0,0.308738587299983,0,0.334088373209676,0,0.357813928728906,0,0.357252318383772,0.386604946106672,0
0.473019391298294,0,0.31560667864112,0,0.277231901884079,0,0,0,0,0,0.224155576391654,0,0,0,0,0,0,0,0.422353261046939,0,0.335824266076088,0,0,0,0,0,0,0,0.151481505860104,0,0.222392256955923,0,0,0,0,0,0.284220397472382,0,0.256574817574941,0,0.270397391915321,0,0.329197774194691,0,0,0,0.336728197336197,0.395461916923523,0.306083324115451,0,0,0,0,0,0,0,0.325300208240185,0,0,0,0,0,0,0.335676023593316,0,0,0,0,0,0,0,0.371986176318197,0,0,0,0,0,0,0,0.297665506091892,0,0.320865895273734,0.278862897001329,0.29387629032135,0.387815058784652,0,0.399485340485206
0,0,0,0,0,0,0,0,0,0,0,0,0,0,0,0,0,0,0,0,0,0,0,0,0,0,0,0,0,0,0,0.223398917964468,0.161644332423931,0.205886200567087,0,0.177172122322596,0.24542430639267,0,0,0.455527663230896,0.459882453083992,0,0,0,0,0,0,0.354715294782692,0.497163057327271,0.498799979686737,0,0,0,0,0,0,0,0,0,0,0,0,0,0,0,0,0,0,0,0,0,0,0,0,0,0.164010985296662,0.258529575970241,0,0.28173858834976,0.548154234886169,0,0,0.195643469062914,0,0,0,0
0,0,0,0,0,0,0,0,0,0,0,0,0,0,0,0,0,0,0.407706826925278,0,0,0,0,0,0,0,0,0,0,0,0,0.163782870926355,0.205437792237795,0,0.210950183868408,0.188975719735026,0.266681183212333,0,0,0.467511478397581,0.425341188907623,0,0.325275858243306,0,0,0,0.311459451913834,0.420956810174683,0.454855841067102,0.456382300991278,0,0,0,0,0,0,0,0,0,0,0,0,0,0.313308611512184,0,0,0,0,0,0,0,0,0,0,0.164010985296662,0,0.182226091623306,0.301302930805832,0.540615797042847,0.263119895126699,0,0,0.19810542767192,0,0,0,0
