0,0,0.0430182506154205,0,4.47265364248229e-05,0,0,0,0.0462712342099527,0,0,0,0,0,0.000754767902846037,0,0.000372060457275268,3.57863564262144e-05,0.000627146276246936,0,0,0,0,0,0,0,0,0,0,0,0,0,0,0,0,0,4.43867395706078e-05,0,1.32411772629503e-05,0,0,0,0.000632658387175765,0,0,0,0.000370253302400017,0,0.0178597270833547,0,4.71988601680011e-05,0,0,0,0.0381935864053459,0,0.00074755182505652,0,0.00219479167379712,0,0.0172002430709572,0,0,5.8818463980295e-05,0,0,0,9.92910222375916e-05,0,0,0,0,0,0.00015491858825507,0,0,0,0,0,0.000110783994858836,0,0.000239669925793427,0.000823659529118736,0,0.00703047259493932,0,8.60945814354364e-05
0,0,0,0.106237599465321,0,0.00351083062999783,0,0,0,0.0592474185228235,0,0,0,0,0,0.00335237649090838,0,0,0.000976420402376061,0,0,0,0,0.0047058487494033,0,0,0,0,0,0,0,0,0,0,0,0,0,0,0,0,0,0.00359137097041538,0,0,0,0,0,0,0,0.0050110908216832,0,0,0,0,0,0.0330084569494158,0,0.00632579505769379,0,0.000442500325327016,0,0.00924250760623646,0.000165781556092545,0,0,0,4.84598565936804e-05,0,0,0,0.000144550771485119,0,0.000325614282125709,0,0,0,0,0,0,0,0,0,0.00210794781803595,0.000100628442255957,0.0133428940208918,0.00147703693190861,0
0.0430182506154205,0,0,0,0.00259960186497153,0,0,0,0.00874988933705239,0,0,0,0,0,0,0,0,0,0,0,0,0,0,0,0,0,0,0,0,0,0,0,0,0,0,0,2.1648847522261e-05,0,2.86323973598885e-06,0,5.05077980483166e-05,1.836770343748e-05,0.00142857759454389,0,0,0.000113067704500254,0.00437858897175427,0,0.00657070959140299,0,0,0,0,0,0.00135996808846181,0,0.000887802261239399,0,4.44501479109696e-05,0,0.000387284773562795,0,0.000161265543247549,0.00050987295669576,0,0,0,0,0,0,0,0,0,0.00152378695256328,0,0,0,0.000189771259068834,0,2.8144254503417e-05,0,2.54526499314271e-05,0.00017927835304947,0,0.031178292536095,0,0.000246973455426399
0,0.106237599465321,0,0,0,0.00799745809067604,0,0,0,0.00522819896922687,0,9.60968384544868e-05,0,0,0,0,0,0,0.000383577032689944,0,0,0,0,0,0,0,0,0,0,0,0,0,0,0,0,6.35367068871465e-06,0,0,0,4.95585697386502e-05,0,0.00248957620920605,0,0,0,0.00010963729624908,0,0,0,0.00213860225887535,0,0.00216570282027767,0,0,0,0.00703103363004436,0,0.000278469591935163,0,0.000292899619624981,0,0.0208310378621302,2.41208701915411e-05,0,0,0,0,0,0,0,0,0,0,0,0,0,0,0,0,0,2.69764785032901e-06,0,0.00112921457970234,0.000125326325887106,0.0075146718830136,0.00131059906822955,0
4.47265364248229e-05,0,0.00259960186497153,0,0,0,0.00107003194821223,0,0.000102443271316588,0,0.000936945708143993,0,0,0,0,0,3.43169269941251e-06,0,3.90990084931002e-05,0,0.00980987996472206,0,0,0,0,0,0,0,0,0,0,0,0,0,0,1.77397631975891e-06,1.02322141377609e-05,0,1.45051386228148e-06,0,0.000371031330000752,7.03354171486398e-06,0.00172698101212892,0,0,0.000361757587205977,0.00190452860898398,0,0.00217801695128576,0,0.0343349058965414,0,0.0143767492471924,0,0.00124600488992058,0,0.00496477119833941,0,0.000342915011109859,0,0.000804471561927824,0,3.90504820082377e-05,0.027367209272887,0,0,0,0,0,0,0,0,0,0.000546542420360882,0,0,0,0,2.17018218355203e-06,2.49442567448844e-05,0,5.22714622843229e-06,7.79258128262869e-05,0,0.00329338128877098,2.06143781802716e-05,2.50055018553351e-05
0,0.00351083062999783,0,0.00799745809067604,0,0,0,0.00288632434113262,0,0.00912633151698808,0,0.000444654589121177,0,0,0,0,0,0,0,0,0,0,0,0,0,0,0,0,0,0,0,0,0,0,0,2.80606157016768e-05,0,0,0,1.56024721977297e-05,0,0.000135233657035398,0,0,0,0,0,0,0,0,0,0.0241250095337244,0,0.0248457491934898,0,0.000899868163845843,0,0.000271793422504394,0,0,0,0.000602533150119696,0.000317111420943515,0,0,0,0,0,0,0,0,0,0,0,0,0,0,0,0,0,0,0,0.00155847611909271,0.000397774667914721,0.000972651471307847,0,0
0,0,0,0,0.00107003194821223,0,0,0,0,0,0.00357027795233174,0,0.000564044060712571,0,0,0,0,0,0,0,0.00390796398909444,0,0,0,0,0,0,0,0,0,0,0,0,0,0,0,0,0,0,0,0,0,0,0,0,0,0,0,0,0,0.00272822208338066,0,0.0443120096858113,0,0,0,0.00823382819384451,0,0,0,0,0,0,5.48185380395676e-05,0,0,0,0,0,0,0,0,0,0,0,0,0,0,0,0,0,0,0.000120014821595056,4.30922151420788e-06,0,0,0
0,0,0,0,0,0.00288632434113262,0,0,0,0,0,0.00151257378487201,0,0,0,0,0,0,0,7.35145535540518e-05,0,0,0,0,0,0,0,0,0,0,0,0,0,0,0,0.000774722252034058,0,0,0,0,0,0,0,0,0,0,0,0,0,0,0,0.00124018689432959,0,0.0429040116777536,0,0,0,0.000310899031533195,0,0,0,0,0,0,0,0,0,0,0,0,0,0,0,0,0,0,0,0,7.58252957833161e-05,0,0,0,0.000340226925420466,0.000686559701093199,0,0,0
0.0462712342099527,0,0.00874988933705239,0,0.000102443271316588,0,0,0,0,0.00246770625433648,0,0,8.30010668810511e-05,0,0.00177843385192572,0.000963646549762839,0.00796720710474723,0.0029704992716943,0.00361580667015943,0,0,0,0,0,0.00311074641603257,0.000582164698375697,0,0,0,0,0,0,0,0,0,0,2.09609998771265e-05,0,8.40280598273527e-06,0,0,3.6089095641012e-05,0.000172723400025128,0,0,0,4.55878233679603e-05,0,0.000652189761001614,0,0.000136100716190413,0,0,0,0.059361550217429,0,0,0,0.000255825557312078,0,0.0364886487057384,0.000598505473813689,0,0,0,0,0,0.025063534164658,0.000131007426707816,0.000197678913761936,0,0,0,0.000119023657763444,0,0,0,0,1.11911360783177e-06,3.38151968724476e-05,1.52452516638201e-06,8.62269179956417e-05,0.00104309184801142,0,0.000943422144973174,0,0.000841664108130764
0,0.0592474185228235,0,0.00522819896922687,0,0.00912633151698808,0,0,0.00246770625433648,0,0,0,0,0,0,0.00802749120172986,0.00543745846940459,0.0158221532872989,0.005063487569986,0,0,0,0,0.00518947728136151,0.000754386270528365,0.000366284453867408,0,0,0,0,0,0,0,0,0,0,0,0.00126865101867947,0,0,0,0.000399175493111763,2.52860588563007e-05,0,0,0,2.94436804347533e-05,0,0,3.40679542218305e-05,0,0.00141050110713137,0,0,0.000866541159843529,0.0824461664944768,9.46233552313273e-06,0,0,0,3.31265517629481e-05,0.0155547129149263,0,0,0,0,0.0053140557369553,0.000201769126119192,0,0,0,0,0,0,0,0,0,0,0,6.67676501498577e-06,0.000722033184145371,0,0.00288235234669554,6.71141761233356e-05,0.00202700043505535,0.000272069125623969,0
0,0,0,0,0.000936945708143993,0,0.00357027795233174,0,0,0,0,0,0.00302385864134676,0,0,0,0,0,0,0,0.00832105435609497,0,0,0,0,0,0,0,0.00276489969747704,0,0.0089270194080055,0,0,0,0,0,0.000405744734139822,0,0.0014973579474363,0,0,0,0,0,0,0,4.10203310855444e-05,0,3.11929416374938e-05,0,9.25770504731161e-05,0,0.00721337306960403,0,0,0,0.0514143264695469,0,0.000508333836606352,0,0,0,0,0.000724302518616693,0,0,0,0,0,0,0,0.00256633379938954,0,0.00222223899089041,0,0,0,0,0,0,0,0.000773206504717205,0.00178460921356577,0,3.84066521338125e-05,0,0
0,0,0,9.60968384544868e-05,0,0.000444654589121177,0,0.00151257378487201,0,0,0,0,0,0.00479523836079772,0,0,0,0,0,0.00801603659563586,0,0,0,0,0,0,0,0.000865056649515725,0,0.00688295038199979,0,0,0,0,0,0.00028260705776993,0,0.00615489662808253,0,0,0,0,0,0,0,0.000214867894861522,0,0,0,0,0,0.000143109333424875,0,0.00113302926933985,0,0,0,0.0550070659133091,0,0.00120599774292644,0,0,0.00102454816334784,0,0,0,0,0,0,0,9.98338710150024e-05,0,0.0107549403120105,0,0,0,0,0,0.000522521917201753,0,0.000356640259056702,0,0.00146685399456518,0,0.000239305297767374,0,0
0,0,0,0,0,0,0.000564044060712571,0,8.30010668810511e-05,0,0.00302385864134676,0,0,0,0,0,0,0,0,0,0,0,0,0,0,0,0,0,0,0,0,0,0,0,0,0,0,0,0,0,0,0,0,0,0,0,0,0,0,0,0,0,0.000515931392872977,0,0,0,0.000298854971533955,0,0.000756560243900042,0,0.00068845109872021,0,0,0,0,0,0,0,0,0,0,0.000153849484000523,0,0,0,0,0,0,0,0,0,0,7.19487965603609e-05,0.000239519369085587,0,0,0
0,0,0,0,0,0,0,0,0,0,0,0.00479523836079772,0,0,0,0.00208094189277647,3.13263194162464e-05,0.00179950044304544,0,0,0,0,0,0,0,4.80173457323881e-05,0,0.00153429608261934,0,0,0,0,0,0,0,0,0,0,0,0,0,0,0,0,0,0,0,0,0,0,0,0,0,0,0,0,0,0,0,0.0110675677930761,0,0.00194451007873711,0,0,0,0,0,0,0,0,0.000645696165213228,0,0,0,0,0,0,0,0,0,0,0,0.000255349972214859,7.05710562576674e-05,0,0,0
0.000754767902846037,0,0,0,0,0,0,0,0.00177843385192572,0,0,0,0,0,0,6.98230679193283e-05,0.0010412112255869,0.000129643146433504,8.46425561973048e-06,0,0,0,0,0,0,0,0,0,0,0,0,0,0,0,0,0,0,0,0,0,0,0,0,0,0,0,0,0,0,0,0,0,0,0,0.000524263339744702,0,0,0,0.000151361040812076,0,0.0158377420567911,0,0,0,0,0,0,0,0,0.000658534312425589,0,0,0,0,0,0,0,0,0,0,0,0,8.4818410883823e-05,0,0,0,0
0,0.00335237649090838,0,0,0,0,0,0,0.000963646549762839,0.00802749120172986,0,0,0,0.00208094189277647,6.98230679193283e-05,0,0.00147426280195595,0.0077209266899268,0.00066814830038588,0,0,0,0,0,7.72762179376601e-05,0.000243993150158715,0,0.000102940261133451,0,0,0,0,0,0,0,0,0,0,0,0,0,0,0,0,0,0,0,0,0,0,0,0,0,0,8.04727885095661e-05,0.000983535694271846,0,0,0,0.00197083321037381,0,0.0166868119571676,0,0,0,0,0,0,0.00327461150856299,0,0.000714862700396206,0,0,0,0,0,0,0,1.30846691109419e-06,0,0,0,0.000654693995848164,3.51449284122928e-05,0,0,0
0.000372060457275268,0,0,0,3.43169269941251e-06,0,0,0,0.00796720710474723,0.00543745846940459,0,0,0,3.13263194162464e-05,0.0010412112255869,0.00147426280195595,0,0.0906833389580575,0.0529568383148751,0,0,4.28847634790879e-05,2.12700342672179e-05,0,0.00271526040157876,0.00029115934130455,1.27283137771883e-05,3.61067338972322e-06,0,0,0,0,0,0,0,8.8167674435344e-06,0.00017496149702842,0,3.72124009671678e-05,0.000146844561550148,3.60893597523037e-06,0.00114008584262653,0.00143715699184373,7.07588601510808e-05,2.47410422997025e-05,0,0.000633109892067422,0,0,3.62328717979651e-05,0,0,0,0,0.00225865862071136,0.00016975400365041,3.0885675804971e-06,0,0,0,0.00300933565339044,0.00103451234059221,1.19564027255133e-05,0.000100654873122037,0,0,0,0.00012266974926886,8.36146543089689e-05,0.000722830758900796,0,0,2.49335243931613e-06,8.08474553139714e-05,0,0,0,0,0.000207751094829831,0.00054602495410388,5.98207069829707e-05,0.000355144774018187,0.0131053854861804,0.000333249042503489,0.00313686040111183,0.000239192896975065,0.00150413772397786
3.57863564262144e-05,0,0,0,0,0,0,0,0.0029704992716943,0.0158221532872989,0,0,0,0.00179950044304544,0.000129643146433504,0.0077209266899268,0.0906833389580575,0,0.0576844683328053,0,4.31174567339435e-06,0.0013800045396774,0,0.000229733221918334,0.00207321095195501,0.00189130220530034,0,0.00261083471694516,0,0,0,0,0,0,0,1.07451579453051e-05,6.04127111313208e-05,0,2.80739089672906e-06,0.000227711885850763,0,0.00156958930881907,0.000564753925631443,1.16047327513636e-05,0,3.68866853032719e-05,0.000236532398153235,0,0,1.85258126299203e-05,0,0,0,0,0.000494621676708344,0.000909894540730943,2.24351683046168e-05,4.55202025774067e-06,0,0.000140619749520523,0.000336943787757522,0.00338439543191051,2.40635011951897e-05,3.9980405785249e-05,3.88076775414505e-05,0,0,1.4157575975976e-05,4.51136605674722e-05,2.53528951347457e-05,0,0,9.04420970800274e-06,2.19707738447397e-05,0,0,0,0,0.000184394188685486,0.00018146496567252,1.85693454889605e-05,8.50602312685803e-05,0.0216996528233936,0.00102696852482768,0.00146094111043242,0.000513838612608784,0.000525838420171659
0.000627146276246936,0.000976420402376061,0,0.000383577032689944,3.90990084931002e-05,0,0,0,0.00361580667015943,0.005063487569986,0,0,0,0,8.46425561973048e-06,0.00066814830038588,0.0529568383148751,0.0576844683328053,0,3.33217133691183e-05,4.39717355759295e-05,0,0,0,0.0017188800224186,0.000297484023480706,0,0,0,0,0,0,0,0,0,0.000354480729603599,0.00158653195339435,0,0.000280316807213881,0.00687799478707578,0.000172543856533132,0.0408852123272636,0.0182345179447103,0.0023859257265859,0.00032278310194489,0.00067350770370166,0.00933974599289509,0.000110343609044677,0.000132992941667938,0.00113822029746885,0,0,0,0,0.000649844265478592,0.000455231559901478,0.000234021096162364,0.000147638941382914,0,0,0.000122305684056403,0.000806379373646871,0.00041970625715065,0.000723490099268991,0,0,0,0.000151610514379953,4.8076966791764e-05,0,0,2.36449355622717e-06,0.000738769157970603,0.00123661312102465,4.93122673378551e-05,0,3.72897401718225e-05,0,0.0034616600042195,0.00454328057545072,0.000714230592125628,0.00268379038770018,0.0162878713315663,0.000125395232355034,0.0345770559411596,0.0138145001257871,0.0126374372476539
0,0,0,0,0,0,0,7.35145535540518e-05,0,0,0,0.00801603659563586,0,0,0,0,0,0,3.33217133691183e-05,0,0.000124665360731143,0,0,0,0,0,0,0,0,0,0,0,0,0,0,0.00338641502599791,1.42119408561028e-06,0.00166818243654657,0,0.000371966171187263,0,0.000186513670758739,5.11638002113576e-06,0,0,0.00551819313358,0.000135167492642418,0.00018994130024765,0.000122785982849921,0.000379489134700191,0,0,0,0,0,0,9.07577626159019e-05,0.00885622296706286,0,0,0,0,0.0562431781274075,0.000293649917070226,0,0,0,0,0,0,0,0,0.0019121099292433,5.37886853121806e-05,0.000513529255398076,0,0,0,0.000643732581146817,1.7663012116908e-05,0.000311276206659668,0,0.0030587809448916,0.000161389741305593,0.00442811813278306,0,0
0,0,0,0,0.00980987996472206,0,0.00390796398909444,0,0,0,0.00832105435609497,0,0,0,0,0,0,4.31174567339435e-06,4.39717355759295e-05,0.000124665360731143,0,0,0,0,0,0,0,0,0,0,0,0,0,0,0,0,0.00303384668368376,0,0.00425061851931044,0,0.000241135147639942,9.82534103571549e-06,0.000350305131483372,0,3.12701571855494e-05,5.17570980509974e-05,0.000470174931983276,0,0.000149311995480045,0,8.9613147844972e-05,0,0.000406896419140937,0,0,0,0.0303305257820949,0,0,0,0,0,8.92943801081812e-05,0.04083886501325,0,0,0,0,0,0,0,0.000122234432275272,2.81358402337561e-05,0.0211629084347122,0,0,0,0,0,0.00915125601995994,9.78246177270504e-06,0.011484557793802,0.000741679680911961,0,0.000781839725791814,0,0
0,0,0,0,0,0,0,0,0,0,0,0,0,0,0,0,4.28847634790879e-05,0.0013800045396774,0,0,0,0,0.00231549195509676,0.00125049457593339,0,0.000444159123183544,0,0.00109465701036311,0,0,0,0,0,0,0,0,0,0.00419900129569721,0.000646014904136415,0,0,0,0,0,0,0,0,8.91786497456885e-06,0,0.00039028805557186,0,0,0,0,0,0,0,0,0,0,0,0,0,0,0.0475112863934377,0.000219986597931247,0.0024677278981933,0,0.0020812341010442,0,0.00210244404845817,0,3.67812366541702e-05,0,0,0,5.79172795767016e-06,0,0,0,0.00211652438724404,5.3177323015206e-06,0.000200331635681354,3.12738811771851e-05,0,0,0
0,0,0,0,0,0,0,0,0,0,0,0,0,0,0,0,2.12700342672179e-05,0,0,0,0,0.00231549195509676,0,0,0.00185014215038771,0,0.00131695277538108,0,0.00197866773959168,0,0,0,0,0,2.92704067310291e-06,0,0,0,0.00833109202494456,0,0,0,0,0,0,0,0,3.42617413402561e-05,0.000271860645273859,0,0,0,0,0,0,0,0,0,0,0,0,0,0,0,0,0.0394232357868563,0,0.00105617181304679,0,0.00444783795049992,0,0.00508474452625916,0,5.74514122435414e-05,0,0,0,0,0,0,0,0.00673840645226144,0.000896316606369734,0.000523474083359562,0,0,0
0,0.0047058487494033,0,0,0,0,0,0,0,0.00518947728136151,0,0,0,0,0,0,0,0.000229733221918334,0,0,0,0.00125049457593339,0,0,0,0.00265045904910548,0,0,0,0,0,0,0,0,0,0,0,0.00359346856903209,0,0,0,0,0,0,0,0,0,0,0,0.000582201637437867,0,0,0,0,0,0.00206943998080017,0,0,0,0,0,0,0,0,0,0,0.0613643633031255,0,0.00303511505347659,0,0,0,0,0,0,0,0,0,0,0,0.000762609573190453,0,0.000110071824785396,0,0.0018270749832678,0,0
0,0,0,0,0,0,0,0,0.00311074641603257,0.000754386270528365,0,0,0,0,0,7.72762179376601e-05,0.00271526040157876,0.00207321095195501,0.0017188800224186,0,0,0,0.00185014215038771,0,0,0,0.00465321647694384,0,0,0,0,0,0,0,0,0,0,0,0.000711725096833951,0,0,0,0,0,0,0,0,0,0.000757528078347918,0,0,0,0,0,0.000466225074487903,0,0,0,0,0,0,5.29398554128904e-05,0,0,0,0.000834337504273216,0,0.142580446112008,0,0.0162440605694519,0,0,0,0,0,0,0,0,0,0,0,0,0.000235344843623915,0,2.66000550225671e-05,0,0
0,0,0,0,0,0,0,0,0.000582164698375697,0.000366284453867408,0,0,0,4.80173457323881e-05,0,0.000243993150158715,0.00029115934130455,0.00189130220530034,0.000297484023480706,0,0,0.000444159123183544,0,0.00265045904910548,0,0,0,0.00934887268170666,0,0,0,0,0,0,0,0,0,0,0,0,0,0,0,0,0,0,0,0,0,0,0,0,0,0,0,0,0,0,0,0,0,0,0,0,0.000706442932857793,0,5.2827104734891e-05,0,0.050209618185492,0,0.00807036810576792,0,0,0,0,0,0,0,0,0,0,0,0.000182756420257374,0,0,0,0
0,0,0,0,0,0,0,0,0,0,0,0,0,0,0,0,1.27283137771883e-05,0,0,0,0,0,0.00131695277538108,0,0.00465321647694384,0,0,0,0.000582723513494038,0,0,0,0,0,0,0,0,0,0,0,0,0,0,0,0,0,0,0,0,0,0,0,0,0,0,0,0,0,0,0,0,0,0,0,0,0.00105437922170545,0,0,0,0.0462427823088526,0,0.00185942208311175,0,0,0,0,0,0,0,0,0,0,4.71992842414153e-06,0,0,0,0
0,0,0,0,0,0,0,0,0,0,0,0.000865056649515725,0,0.00153429608261934,0,0.000102940261133451,3.61067338972322e-06,0.00261083471694516,0,0,0,0.00109465701036311,0,0,0,0.00934887268170666,0,0,0,0.00805425377277063,0,0,0,0,0,0,0,2.98525900328132e-05,0,0,0,0,0,0,0,0,0,0,0,0,0,0,0,0,0,0,0,0,0,0.00337559807238867,0,0,0,0,0.00225679972773145,0,0,0,0.00181315347597642,0,0.0445985484729801,0,0.00234563989362884,0,0,0,0,0,0,0,7.19737751373009e-05,0,0.000370923818903769,0,0,0,0
0,0,0,0,0,0,0,0,0,0,0.00276489969747704,0,0,0,0,0,0,0,0,0,0,0,0.00197866773959168,0,0,0,0.000582723513494038,0,0,0,0.0160341911759355,0,0,0,0,0,0,0,0.000967795862777017,0,0,0,0,0,0,0,0,0,0,0,0,0,0,0,0,0,0,0,0,0,0,0,0,0,0,0.000517308313369927,0,0,0,0.000676165972714943,0,0.0184115424230585,0,0.00112269493075042,0,0,0,0,0,0,0,0.000589130668661248,0.000122741711283773,0,0,0,0
0,0,0,0,0,0,0,0,0,0,0,0.00688295038199979,0,0,0,0,0,0,0,0,0,0,0,0,0,0,0,0.00805425377277063,0,0,0,0,0,0,0,0,0,0.00117669907670152,0,0,0,0,0,0,0,0,0,0,0,0,0,0,0,0,0,0,0,0.000135685130162708,0,0.00118779471944213,0,0,0,0,0,0,0,0,0,0,0.0258579195037507,0,0.0511540446564439,0,0,0,0,0,0,0,0.000579926367038738,0,0,0,0,0,0
0,0,0,0,0,0,0,0,0,0,0.0089270194080055,0,0,0,0,0,0,0,0,0,0,0,0,0,0,0,0,0,0.0160341911759355,0,0,0,0,0,0,0,0,0,0.00109214409017394,0,0,0,0,0,0,0,0,0,0,0,0,0,0,0,0,0,0.00198445070182422,0,0,0,0,0,0,0,0,0,0,0,0,0,0,0.00739532678550826,0,0.0607767626963666,0,0,0,0,0,0,0,0.00463146923922238,0.000218950821018939,1.49367424455704e-05,0,0,0
0,0,0,0,0,0,0,0,0,0,0,0,0,0,0,0,0,0,0,0,0,0,0,0,0,0,0,0,0,0,0,0,0.218011498862536,0.0122621539075351,0.000431648251444654,0.00500270971079717,0.00038443889012617,0,0,2.58959829119268e-05,0,0.000130251200250303,0,0,0,5.02219955100996e-05,0,0.0351611330672994,0,0,0,0,0,0,0,0,0,0,0,0,0,0,2.72350587249207e-05,0,0,0,0,0,0,0,0,0,0,0,0.124318550113366,0.14022389547679,0.000745388972312182,0.00350792451583461,0.00204003450145621,0.000747731290073987,0,0,0.000786030709877429,0,0,2.61446763049223e-05,0
0,0,0,0,0,0,0,0,0,0,0,0,0,0,0,0,0,0,0,0,0,0,0,0,0,0,0,0,0,0,0,0.218011498862536,0,0.00478883625971495,0.0061477408693207,7.48187520724277e-05,0.00451728416625888,0,0,0,0,0,0,0,0,0,0,0.00998206001513903,0.0003492225772105,0,0,0,0,0,0,0,0,0,0,0,0,0,0,0,0,0,0,0,0,0,0,0,0,0,0.139406246100337,0.192441128912883,0,0.017309182270372,0,0.00519641891568999,0,0,0.00122980304553214,0,0,0,0
0,0,0,0,0,0,0,0,0,0,0,0,0,0,0,0,0,0,0,0,0,0,0,0,0,0,0,0,0,0,0,0.0122621539075351,0.00478883625971495,0,0.115586997061063,0.0101215074783796,0,0.00193397017434277,0.000269144396196301,1.5563693040367e-05,0,4.42800967172793e-05,0,0,0,0,0,0.0716310119714732,0.000284250233776743,0.00438171126755242,0,0,0,0,0,0,0,0,0,0,0,0,0,0,0,0,0,0,0,0,0,0,0.000124803243658194,0,0.00452652990788362,0.00186980336281418,0.166916059968026,0.110166408325622,0.00291849682758049,2.28189664687027e-05,0.00884367098424185,0.00058746703775298,0.00119237367183228,0.00145990817257974,7.42183959107237e-05,0,0
0,0,0,0,0,0,0,0,0,0,0,0,0,0,0,0,0,0,0,0,0,0,2.92704067310291e-06,0,0,0,0,0,0,0,0,0.000431648251444654,0.0061477408693207,0.115586997061063,0,0,0.00296401522657135,0,0.00230985392123921,0,0,0,0,0,0,0,0,0.0536405847266943,0.00541452002906825,0,0,0,0,0,0,0,0,0,0,0,0,0,0,0,0,0,0,0,0,0,0,0,0,0,0,0.00396037954382754,0.00728287930594551,0.325451662275859,0,0.00204426585541258,0,0.00208184502805197,0.000721408593367435,0.000524462363133308,0,0,0
0,0,0,6.35367068871465e-06,1.77397631975891e-06,2.80606157016768e-05,0,0.000774722252034058,0,0,0,0.00028260705776993,0,0,0,0,8.8167674435344e-06,1.07451579453051e-05,0.000354480729603599,0.00338641502599791,0,0,0,0,0,0,0,0,0,0,0,0.00500270971079717,7.48187520724277e-05,0.0101215074783796,0,0,0.00161010424607403,0.00750009574286291,0,0.000478350845086103,0,0.00176625569885282,1.68191659699169e-05,1.33503792656184e-05,0,0.00262643878706598,1.2116127004834e-05,0.00128853061419082,6.82556485288052e-05,1.54439699784746e-05,0,0,0,6.13837718106686e-06,0,0,1.58578898988022e-06,9.95334325499367e-06,0,0,0,0,0.00446347365589929,1.27491778099911e-05,0,0,0,0,0,0,0,0,3.82775266139681e-05,0,0.00380762079002903,0,0.00406914018109052,0,0.100363127496909,0.000474280951659711,0.00176692363021872,3.71668882834787e-06,0.0111768541281131,0.000561995920375485,0.00152230327289698,0.000305588613455989,0
4.43867395706078e-05,0,2.1648847522261e-05,0,1.02322141377609e-05,0,0,0,2.09609998771265e-05,0,0.000405744734139822,0,0,0,0,0,0.00017496149702842,6.04127111313208e-05,0.00158653195339435,1.42119408561028e-06,0.00303384668368376,0,0,0,0,0,0,0,0,0,0,0.00038443889012617,0.00451728416625888,0,0.00296401522657135,0.00161010424607403,0,0,0.0130999340015795,1.67913775362651e-05,4.13609335351677e-05,0.000122170799821841,0.00367825658270204,0,3.46931428822695e-05,3.13767442093269e-05,0.00132418029436403,1.96146324746467e-05,0.000442430982300428,1.43421366134427e-06,4.25461296329682e-06,0,0,0,0,0,0.000160112419697966,6.39171005084673e-06,0,0,0,0,2.30677176415348e-05,0.00246300145091364,0,0,0,0,0,0,0,8.47560041638109e-06,6.45378406211423e-06,0.000227650358869619,3.0228965737367e-05,0.00107722378618642,0,0.000754549826253993,0.000262098927344084,0.0589383491053531,9.31330467483733e-06,0.00363060746353433,0.00785338394007886,0.000465704603557836,0.00356779679234663,2.06598912200181e-05,0.00061713799279931
0,0,0,0,0,0,0,0,0,0.00126865101867947,0,0.00615489662808253,0,0,0,0,0,0,0,0.00166818243654657,0,0.00419900129569721,0,0.00359346856903209,0,0,0,2.98525900328132e-05,0,0.00117669907670152,0,0,0,0.00193397017434277,0,0.00750009574286291,0,0,0.000416446598862099,0,0,0.000618011101268942,0,0,0,3.65726899716648e-05,0,0.00441466504249207,0,0.00160879504739484,0,0,0,0,0,0.000195786821363872,0,0.000403463721439142,0,0,0,0,0.000484785966390074,0,0.00128134756623463,0,0.000544466839366029,0,0,0,0.000283904380076299,0,0.00115547424567509,0,0,0,0.000443659450127829,0,0.00146623548394162,0,0.0724427577570479,4.4330949593448e-05,0.00483256790842523,0.000220397952080849,0.00317727036525523,9.91745515276489e-06,0
1.32411772629503e-05,0,2.86323973598885e-06,0,1.45051386228148e-06,0,0,0,8.40280598273527e-06,0,0.0014973579474363,0,0,0,0,0,3.72124009671678e-05,2.80739089672906e-06,0.000280316807213881,0,0.00425061851931044,0.000646014904136415,0.00833109202494456,0,0.000711725096833951,0,0,0,0.000967795862777017,0,0.00109214409017394,0,0,0.000269144396196301,0.00230985392123921,0,0.0130999340015795,0.000416446598862099,0,0,0,1.3442463625449e-06,0.000588170579610759,0,3.59880842923599e-06,1.47841951885186e-06,0.000399655850121097,0.00468513902170548,0.00117185583203875,0,0,0,0,0,0,0,3.39192096658967e-05,0,0,0,0,0,1.07064082871315e-05,0.000209922640093998,0,0.00451882293308573,0,0.000411682729310761,0,2.91712616144605e-05,0,0.000686494938557556,0,0.000571880545736455,0,0,0.000146558733440578,0.00180756619006355,0,0.00214283719188364,0.000312098583079683,0.120002670539535,0.00657534369992365,0.00173074592272408,0.00133874065859149,0,0.000264744890513193
0,0,0,4.95585697386502e-05,0,1.56024721977297e-05,0,0,0,0,0,0,0,0,0,0,0.000146844561550148,0.000227711885850763,0.00687799478707578,0.000371966171187263,0,0,0,0,0,0,0,0,0,0,0,2.58959829119268e-05,0,1.5563693040367e-05,0,0.000478350845086103,1.67913775362651e-05,0,0,0,0,0.0243270698128573,0.000397397512600647,0.00501054940437594,0,0.0281134066519182,0.000140021610199517,0.0028170463816429,0.000206540279237614,0.0055494019083256,0,0,0,0,0,0,0.000164028104976836,4.62280255764923e-05,0,0,0,0,0.00869037405234229,7.62747435648073e-05,0,0,0,0,0,0,3.82386427964592e-05,0,0.00050971785111823,0,0.00208082824382756,0,0.000243787618454971,0,0.0069435957549028,2.43510024868321e-05,0.000417957630985594,2.92617686741589e-06,0.000496669463609217,1.55232035152684e-05,0.00555936010266946,0.0298108823752693,0.000234555915263482
0,0,5.05077980483166e-05,0,0.000371031330000752,0,0,0,0,0,0,0,0,0,0,0,3.60893597523037e-06,0,0.000172543856533132,0,0.000241135147639942,0,0,0,0,0,0,0,0,0,0,0,0,0,0,0,4.13609335351677e-05,0,0,0,0,5.89771759589583e-06,0.00290060503933748,0,5.69080959794822e-05,0,0.00213600562076823,0.000425053584676231,0.00543194969340135,0,0,0,0,0,0,0,0.000953002252647755,0,0,0,0,0,0,0.0178745531499283,0,0,0,0,0,0,0,0,0,3.12701946300672e-05,0,0,0,4.2743013313793e-05,0,0.0132973190680719,0,8.17734674344354e-05,2.93049501053028e-05,0,0.00661747461309102,0,0.000533374489457211
0,0.00359137097041538,1.836770343748e-05,0.00248957620920605,7.03354171486398e-06,0.000135233657035398,0,0,3.6089095641012e-05,0.000399175493111763,0,0,0,0,0,0,0.00114008584262653,0.00156958930881907,0.0408852123272636,0.000186513670758739,9.82534103571549e-06,0,0,0,0,0,0,0,0,0,0,0.000130251200250303,0,4.42800967172793e-05,0,0.00176625569885282,0.000122170799821841,0.000618011101268942,1.3442463625449e-06,0.0243270698128573,5.89771759589583e-06,0,0.00430469856436959,0.00932711756777559,8.2130794237491e-05,0.00470644872120963,0.000795185628380021,0.00401951440473083,0.00011487647611434,0.0308300196498613,0,0,0,0,0,0.000477373032538364,9.3515312546209e-05,0.01005135451036,0,4.5160789954079e-05,0,0,0.0285309362484191,6.99453860851496e-05,0,0,0,0,0,0,0.000893257149963335,0,0.0148031480956049,4.59796996218198e-05,0.000795156600664822,0,0.000851970479299831,0,0.0277283951840403,0.000216188930769097,0.00274053891726295,7.46399970721673e-05,0.00435174480779654,7.33184987842066e-05,0.0608867541755476,0.110871911348649,0.000923564948499074
0.000632658387175765,0,0.00142857759454389,0,0.00172698101212892,0,0,0,0.000172723400025128,2.52860588563007e-05,0,0,0,0,0,0,0.00143715699184373,0.000564753925631443,0.0182345179447103,5.11638002113576e-06,0.000350305131483372,0,0,0,0,0,0,0,0,0,0,0,0,0,0,1.68191659699169e-05,0.00367825658270204,0,0.000588170579610759,0.000397397512600647,0.00290060503933748,0.00430469856436959,0,0,0.000484233029065189,0.000152890858814324,0.0148283910034644,0.00354540944533825,0.0171504827683533,0.000560495153473765,0.000153003388846476,0,0,0,1.51954341806479e-05,0,0.0111224096615651,0,2.21163056863326e-05,0,0,0,4.71280540694515e-05,0.00712095401986718,0,0,0,0,0,0,0,0.00130221807306928,4.02270791855965e-05,0.0502228491488789,0,0,1.13268896158389e-05,0,0.000192278385607154,0.0118779340800907,6.27559186398765e-06,0.00872690328958364,0.00217000715794264,0,0.0775400168693454,0.000386136144614125,0.0571615533650496
0,0,0,0,0,0,0,0,0,0,0,0,0,0,0,0,7.07588601510808e-05,1.16047327513636e-05,0.0023859257265859,0,0,0,0,0,0,0,0,0,0,0,0,0,0,0,0,1.33503792656184e-05,0,0,0,0.00501054940437594,0,0.00932711756777559,0,0,0,0.000507545852785403,0,0,0,0.000370033152358498,0,0,0,0,0,0,9.94295173912824e-06,0.00181804515857917,0,0,0,0,0.00197132883059246,0,0,0,0,0,0,0,2.96521664023641e-05,0,0.00940916326654086,0,0.000129080301550059,0,0,0,0.000432735996724268,0,0.00172469986062911,0,6.04104942915255e-05,2.83753626983033e-06,0.00989940709867368,0.0248437545705631,0
0,0,0,0,0,0,0,0,0,0,0,0,0,0,0,0,2.47410422997025e-05,0,0.00032278310194489,0,3.12701571855494e-05,0,0,0,0,0,0,0,0,0,0,0,0,0,0,0,3.46931428822695e-05,0,3.59880842923599e-06,0,5.69080959794822e-05,8.2130794237491e-05,0.000484233029065189,0,0,0.000185789818025861,0.000828604300813691,0,0,0,0,0,0,0,0,0,0,0,0,0,0,0,0,1.81496969449779e-05,0,0,0,0,0,0,0,0,0,0.00110497423014911,0,0,0,0,1.66907063753584e-06,0.000168926879529366,0,6.11263963684746e-05,1.06264550889346e-05,0,0.0011822972988599,0,0.00049400534593961
0,0,0.000113067704500254,0.00010963729624908,0.000361757587205977,0,0,0,0,0,0,0.000214867894861522,0,0,0,0,0,3.68866853032719e-05,0.00067350770370166,0.00551819313358,5.17570980509974e-05,0,0,0,0,0,0,0,0,0,0,5.02219955100996e-05,0,0,0,0.00262643878706598,3.13767442093269e-05,3.65726899716648e-05,1.47841951885186e-06,0.0281134066519182,0,0.00470644872120963,0.000152890858814324,0.000507545852785403,0.000185789818025861,0,0.000376510242202295,0.000730000043600059,0.00322260120403236,0.00132653538474228,4.72745839355483e-05,0,0,0,0,0,0.000893567499598286,0.00646314584616574,0,0,0,0,0.0277663320313406,0.00178844607573421,0,0,0,0,7.2323953425925e-05,0,0.000220667648486541,1.65160350888881e-05,0.0129122328078674,0.000295202320077235,0.00218252808365727,0,1.4288418778002e-05,0,0.019699074809587,4.27895075740742e-05,0.00842482110743589,6.60186986680293e-05,0.000436286122354361,0.000152528467881241,0.0204933194850974,0.0014185332083417,0
0.000370253302400017,0,0.00437858897175427,0,0.00190452860898398,0,0,0,4.55878233679603e-05,2.94436804347533e-05,4.10203310855444e-05,0,0,0,0,0,0.000633109892067422,0.000236532398153235,0.00933974599289509,0.000135167492642418,0.000470174931983276,0,0,0,0,0,0,0,0,0,0,0,0,0,0,1.2116127004834e-05,0.00132418029436403,0,0.000399655850121097,0.000140021610199517,0.00213600562076823,0.000795185628380021,0.0148283910034644,0,0.000828604300813691,0.000376510242202295,0,0.000369586690989636,0.0032140613253998,7.28102642981883e-05,0.000387606256270227,0,0,0,3.66881315046266e-05,0,0.00140550694499545,0,0,0,0,0,0.000295561862834493,0.0063296790649019,0,0,0,0,0,0,0,7.27100934310235e-06,0,0.00296801741051759,0,0,8.38804598543943e-06,0,6.010651894088e-05,0.00542103884306928,3.27007757332049e-05,0.00234281213314875,0.000505010380362399,1.41455921703177e-06,0.0100178125574097,0.00011589875500088,0.00310391359776258
0,0,0,0,0,0,0,0,0,0,0,0,0,0,0,0,0,0,0.000110343609044677,0.00018994130024765,0,8.91786497456885e-06,3.42617413402561e-05,0,0,0,0,0,0,0,0,0.0351611330672994,0.00998206001513903,0.0716310119714732,0.0536405847266943,0.00128853061419082,1.96146324746467e-05,0.00441466504249207,0.00468513902170548,0.0028170463816429,0.000425053584676231,0.00401951440473083,0.00354540944533825,0,0,0.000730000043600059,0.000369586690989636,0,0.0637028354672334,0.0409778057572688,0,0,0,0,0,0,4.07263685532807e-05,0,0,0,0,0,0.00177803349042496,0.000201071299647818,0,4.58185647033022e-05,2.17353397796369e-05,0,0,0,1.29952202403874e-05,0,0.000219760122491785,0,0.0330883020433159,0.0191770056204918,0.0288289109220497,0.0557696439871207,0.0044944745384265,0.00399032943950435,0.00180589424185818,0.00358060338237614,0.00240563667550069,0.000595950137782826,0.0101724266576163,4.37128910329996e-05,0
0.0178597270833547,0,0.00657070959140299,0,0.00217801695128576,0,0,0,0.000652189761001614,0,3.11929416374938e-05,0,0,0,0,0,0,0,0.000132992941667938,0.000122785982849921,0.000149311995480045,0,0.000271860645273859,0,0.000757528078347918,0,0,0,0,0,0,0,0.0003492225772105,0.000284250233776743,0.00541452002906825,6.82556485288052e-05,0.000442430982300428,0,0.00117185583203875,0.000206540279237614,0.00543194969340135,0.00011487647611434,0.0171504827683533,0,0,0.00322260120403236,0.0032140613253998,0.0637028354672334,0,0,0.000586725249245385,0,0,0,3.3207463624391e-05,0,0.00268066808669858,7.77719270727232e-05,0,0,0.0090302190888606,0,0.00161850246230737,0.00694531208921021,0,0.000238151925617114,0,0.00383888834144416,0,0.00586748068063435,6.07919413778721e-06,0.00374569708839765,0.000134130113161364,0.00315136990977817,0.000119618128924228,0.00021062337826501,0,0.0032586914446794,0.000680911084216055,0.00146623232977122,4.68161422349046e-05,0.00434513449553053,0.000400896528334443,9.33118194663997e-06,0.0303175435865243,0,0.000538121323046583
0,0.0050110908216832,0,0.00213860225887535,0,0,0,0,0,3.40679542218305e-05,0,0,0,0,0,0,3.62328717979651e-05,1.85258126299203e-05,0.00113822029746885,0.000379489134700191,0,0.00039028805557186,0,0.000582201637437867,0,0,0,0,0,0,0,0,0,0.00438171126755242,0,1.54439699784746e-05,1.43421366134427e-06,0.00160879504739484,0,0.0055494019083256,0,0.0308300196498613,0.000560495153473765,0.000370033152358498,0,0.00132653538474228,7.28102642981883e-05,0.0409778057572688,0,0,0,0,0,0,0,0,9.83713812709977e-06,0.00397094641206942,0,0.00167647074195217,0,0.00076687666942709,0.00236604941621372,1.09878242326451e-05,0.00244149311579699,0,0.00783560559105623,0,0.000620724295536633,0,0.00232671316677435,0,0.00578245249463114,0,0.00104008947739756,0,0.00855805669808659,0,0.00514543813233727,9.38637512751792e-06,0.00830634379569816,3.89119946636731e-06,0.000483807812191802,2.63584905516901e-06,0.0104091633438598,0.00159796085752543,6.67611702324586e-05
4.71988601680011e-05,0,0,0,0.0343349058965414,0,0.00272822208338066,0,0.000136100716190413,0,9.25770504731161e-05,0,0,0,0,0,0,0,0,0,8.9613147844972e-05,0,0,0,0,0,0,0,0,0,0,0,0,0,0,0,4.25461296329682e-06,0,0,0,0,0,0.000153003388846476,0,0,4.72745839355483e-05,0.000387606256270227,0,0.000586725249245385,0,0,0,0.0233349571669384,0,0.000911436874217866,0,0.0024623015575106,0,0.00280386044762925,0,0.00509563411836911,0,0,0.00175381688056291,0,0,0,0,0,0,0,6.47177111195016e-05,0.000164451205163091,0.000207887070581619,0,0,0,0,0,2.84669960787477e-06,0,0,1.16542733699831e-05,1.40143875333292e-06,0.000535584734995552,0,0
0,0,0,0.00216570282027767,0,0.0241250095337244,0,0.00124018689432959,0,0.00141050110713137,0,0.000143109333424875,0,0,0,0,0,0,0,0,0,0,0,0,0,0,0,0,0,0,0,0,0,0,0,0,0,0,0,0,0,0,0,0,0,0,0,0,0,0,0,0,0,0.00579359350693429,0,0,0,0.00114287322714559,0,0,0,0.00216298532865226,0,0,0,0,0,0,0,0,0,0,0,0,0,0,0,0,0,0,0,0,4.36901607613243e-05,0,0,0,0
0,0,0,0,0.0143767492471924,0,0.0443120096858113,0,0,0,0.00721337306960403,0,0.000515931392872977,0,0,0,0,0,0,0,0.000406896419140937,0,0,0,0,0,0,0,0,0,0,0,0,0,0,0,0,0,0,0,0,0,0,0,0,0,0,0,0,0,0.0233349571669384,0,0,0,0,0,0.02161543459753,0,0.000452367325100077,0,0,0,0,0,0,0,0,0,0,0,0,0,0,0,0,0,0,0,0,0,0,0,6.45232081265425e-06,0,0,0,0
0,0,0,0,0,0.0248457491934898,0,0.0429040116777536,0,0,0,0.00113302926933985,0,0,0,0,0,0,0,0,0,0,0,0,0,0,0,0,0,0,0,0,0,0,0,6.13837718106686e-06,0,0,0,0,0,0,0,0,0,0,0,0,0,0,0,0.00579359350693429,0,0,0,0,0,0.00699335702501711,0,0,0,0,0,0,0,0,0,0,0,0,0,0,0,0,0,0,0,0,0,0,0,0,0.000190950512230671,0,0,0,0
0.0381935864053459,0,0.00135996808846181,0,0.00124600488992058,0,0,0,0.059361550217429,0.000866541159843529,0,0,0,0,0.000524263339744702,8.04727885095661e-05,0.00225865862071136,0.000494621676708344,0.000649844265478592,0,0,0,0,0,0.000466225074487903,0,0,0,0,0,0,0,0,0,0,0,0,0,0,0,0,0,1.51954341806479e-05,0,0,0,3.66881315046266e-05,0,3.3207463624391e-05,0,0.000911436874217866,0,0,0,0,0,0,0,0,0,0.0180170382157086,0.000176537745966426,0,0,0,0,0,0.125963258087834,0,0,0,0,0,0,0,0,0,0,0,0,0,2.09557476251657e-05,0.000430587045867322,0,0,0,0.000423331690685799
0,0.0330084569494158,0,0.00703103363004436,0,0.000899868163845843,0,0,0,0.0824461664944768,0,0,0,0,0,0.000983535694271846,0.00016975400365041,0.000909894540730943,0.000455231559901478,0,0,0,0,0.00206943998080017,0,0,0,0,0,0,0,0,0,0,0,0,0,0.000195786821363872,0,0,0,0.000477373032538364,0,0,0,0,0,0,0,0,0,0,0,0,0,0,0,0,0,0,0,0.0118736311650336,0,0,0,0,0.00965649012358871,0,0,0,0,0,0,0,0,0,0,0,0,0,0.000737925737166969,0,0.000390564760278293,0,0.000583657294320908,0.000261428042286654,0
0.00074755182505652,0,0.000887802261239399,0,0.00496477119833941,0,0.00823382819384451,0,0,9.46233552313273e-06,0.0514143264695469,0,0.000298854971533955,0,0,0,3.0885675804971e-06,2.24351683046168e-05,0.000234021096162364,9.07577626159019e-05,0.0303305257820949,0,0,0,0,0,0,0,0,0,0.00198445070182422,0,0,0,0,1.58578898988022e-06,0.000160112419697966,0,3.39192096658967e-05,0.000164028104976836,0.000953002252647755,9.3515312546209e-05,0.0111224096615651,9.94295173912824e-06,0,0.000893567499598286,0.00140550694499545,4.07263685532807e-05,0.00268066808669858,9.83713812709977e-06,0.0024623015575106,0,0.02161543459753,0,0,0,0,0,0.0233996569248955,0,0.00598977623210686,0,0.000462956828753362,0.0281934009446076,0,0,0,0,0,0.000205778673341606,0,0.0181964159564184,5.38346336482852e-05,0.020714055763328,0,0,0,0,5.40975243750688e-05,0.000257140891637475,2.03253572730605e-05,4.84557507216498e-05,0.000420124055648214,4.37602230617684e-06,0.0255216556064502,0,0.00202114632007873
0,0.00632579505769379,0,0.000278469591935163,0,0.000271793422504394,0,0.000310899031533195,0,0,0,0.0550070659133091,0,0,0,0,0,4.55202025774067e-06,0.000147638941382914,0.00885622296706286,0,0,0,0,0,0,0,0,0,0.000135685130162708,0,0,0,0,0,9.95334325499367e-06,6.39171005084673e-06,0.000403463721439142,0,4.62280255764923e-05,0,0.01005135451036,0,0.00181804515857917,0,0.00646314584616574,0,0,7.77719270727232e-05,0.00397094641206942,0,0.00114287322714559,0,0.00699335702501711,0,0,0,0,0,0.0104108805192172,0,0.00839502322969818,0.0284416459028134,2.86611522813836e-05,0,0,0,0,0.000764446497425828,0,0.0240870529333751,0,0.0258730492741112,0,0,0,0,0,5.89843122085729e-05,0,0.000979357616481646,0,0.000233646362966059,2.40230178599649e-05,0.00782654219871117,0.00468732184680322,0
0.00219479167379712,0,4.44501479109696e-05,0,0.000342915011109859,0,0,0,0.000255825557312078,0,0.000508333836606352,0,0.000756560243900042,0,0.000151361040812076,0,0,0,0,0,0,0,0,0,0,0,0,0,0,0,0,0,0,0,0,0,0,0,0,0,0,0,2.21163056863326e-05,0,0,0,0,0,0,0,0.00280386044762925,0,0.000452367325100077,0,0,0,0.0233996569248955,0,0,0,0.013437555534434,0,0,7.0801280484538e-05,0,0,0,0,0,0.00823586455134003,0,0.00452893473147332,0,0,0,0,0,0,0,0,0,0,6.59162436447632e-05,2.36056718159947e-05,0.000215324439843146,0,0
0,0.000442500325327016,0,0.000292899619624981,0,0,0,0,0,0,0,0.00120599774292644,0,0.0110675677930761,0,0.00197083321037381,0,0.000140619749520523,0,0,0,0,0,0,0,0,0,0.00337559807238867,0,0.00118779471944213,0,0,0,0,0,0,0,0,0,0,0,4.5160789954079e-05,0,0,0,0,0,0,0,0.00167647074195217,0,0,0,0,0,0,0,0.0104108805192172,0,0,0,0.00372335525761367,6.47454801988058e-05,0,0,0,0,0,0.000323443482192105,0,0.00179317189794071,0,8.32397041075018e-05,0,0,0,0,0,0,0,0,0,2.18089679011848e-05,0,0.000322907514544002,0,0
0.0172002430709572,0,0.000387284773562795,0,0.000804471561927824,0,0,0,0.0364886487057384,3.31265517629481e-05,0,0,0.00068845109872021,0,0.0158377420567911,0,0.00300933565339044,0.000336943787757522,0.000122305684056403,0,0,0,0,0,0,0,0,0,0,0,0,0,0,0,0,0,0,0,0,0,0,0,0,0,0,0,0,0,0.0090302190888606,0,0.00509563411836911,0,0,0,0.0180170382157086,0,0.00598977623210686,0,0.013437555534434,0,0,0,0,0,0,0,0,0,0,0,0,0,0,0,0,0,0,0,0,0,0,0,5.49489628760793e-05,0,0.000541036593135175,0,0
0,0.00924250760623646,0,0.0208310378621302,0,0.000602533150119696,0,0,0.000598505473813689,0.0155547129149263,0,0,0,0.00194451007873711,0,0.0166868119571676,0.00103451234059221,0.00338439543191051,0.000806379373646871,0,0,0,0,0,5.29398554128904e-05,0,0,0,0,0,0,0,0,0,0,0,0,0,0,0,0,0,0,0,0,0,0,0,0,0.00076687666942709,0,0.00216298532865226,0,0,0.000176537745966426,0.0118736311650336,0,0.00839502322969818,0,0.00372335525761367,0,0,0.000134806797141794,0,0,0,0,0,0.00450166624695736,0,0.0031803797537213,0,0.000113275234517302,0,0,0,0,0,0,0,0,0,0.000380398272285384,0,0.000368312737519564,0,0.00028296538145961
0,0.000165781556092545,0.000161265543247549,2.41208701915411e-05,3.90504820082377e-05,0.000317111420943515,0,0,0,0,0,0.00102454816334784,0,0,0,0,1.19564027255133e-05,2.40635011951897e-05,0.00041970625715065,0.0562431781274075,8.92943801081812e-05,0,0,0,0,0,0,0,0,0,0,2.72350587249207e-05,0,0,0,0.00446347365589929,2.30677176415348e-05,0.000484785966390074,1.07064082871315e-05,0.00869037405234229,0,0.0285309362484191,4.71280540694515e-05,0.00197132883059246,0,0.0277663320313406,0.000295561862834493,0.00177803349042496,0.00161850246230737,0.00236604941621372,0,0,0,0,0,0,0.000462956828753362,0.0284416459028134,0,6.47454801988058e-05,0,0.000134806797141794,0,0.00105904187690346,0,0,0,0,2.86050345273418e-05,0,0.00127129542869761,1.14007250712088e-05,0.00595937210697438,0.000105689611791908,0.00303162788284448,0,5.44543473391277e-05,0,0.0115904930188051,2.04195971083058e-05,0.00569309499257013,3.33508788462413e-05,0.000781985875800029,0.000287852350707327,0.0124304228916017,0.00886520488191619,0
