0,3.06156184240287e-05,0.002223092806369,0,0.00267621580249576,0,0,0,0.0310008416982489,0,0,0,0,0,0.0145463259340495,0,2.72135531415485e-05,0,0.00105618931469954,0,0,0,0,2.45514025173921e-05,0.0191721103312934,2.1504824309764e-05,0,0,0,0,0,0,0,0,0,0,0,2.33098672744261e-05,0.00183303248703303,0,0.000225830001677182,1.4231320428645e-05,0.00309016194417942,0,0,8.64726826179394e-06,0.000132898767396356,0,0.0207023742025497,0,0.000154756233046307,0,0,0,0.0102955439569342,0,7.56467030284952e-05,0,0.000120344906733502,0,0.0258363440889218,0,0,0,0,0,6.43668873252807e-05,0.0447182179341827,0,0.00486089413777696,0,5.03348633064775e-05,0,0,0,0,0,0,0,1.72301249413573e-06,3.13235776557682e-05,0.000706736134648034,0.000728063562359561,4.21114741072751e-06,0.013966691880236,0,6.29088081792535e-05
3.06156184240287e-05,0,0,0.00730292782988744,0,0,0,0,0,0.00853957014559088,0,0,0,0,0,0.00236404429308946,0,0.000100961525316582,0.000268489455461295,0,0,0,0,0.0100957918327938,0,0.000291899615596707,0,0,0,0,0,0,0,0,0,1.52766450180077e-06,0,0.000129251294662178,9.15693935015167e-05,0,0,0.000928285935161809,0,0,0,0.00140544862292935,0,0,0,0.00918814923952983,0,0,0,0,0,0.0093852138157139,0,0.000103431608012604,0,0.0001542062175972,0,0.0351130406103185,0.000155121812232323,0,0,0,0.00976523856766915,0,0.00235420067820539,0,0.000943219984303062,0,0.000539307631633077,0,0,0,0,0,4.75114560225009e-05,0,0.00048528761116227,0.000140731151753444,0.000110713987589076,0,0.00244893181641099,4.03706576850701e-05,0
0.002223092806369,0,0,0.000209477079848352,0.0293375952980836,0,0,0,0.0160330939059721,0,0,0,0,0,0.000939492107684772,0,0,1.10117863152751e-05,6.02321236610589e-05,0,0.000334768877783658,0,0,0,0,0,0,0,0,0,0,0,0,0,0,0,0.000220214164929744,0,1.84827660076551e-05,0,0.00161906571992495,0.00260306364322771,0.005224154772511,0.00129924127331526,0,0.000160671709615241,0.00846110530126041,0,0.00889852338172129,7.42897698278035e-05,0.123706085999142,0,0,0,0.00293354879502267,0,0.000603713989958408,0,0.00432334444201391,0,0.0525168481143281,0.000271133329782541,0,0.000478707895581148,0,0,2.65129053175252e-05,9.20277807737596e-05,0,0,0,0,0,0.000131012023568875,0,0,0,0,0,0.000447196503066097,0,0.000104128211752923,0.00160759987221295,4.49477748952986e-06,0.0213752131284163,0.000591726520649605,0
0,0.00730292782988744,0.000209477079848352,0,0,0.00831031610054796,0,0,0,0.00141879018413791,0,0.000943634427085086,0,0,0,0.000203655990475077,3.74889848894014e-05,0.000143556105652797,0.000365768888922615,0.000204736111532691,0,0,0,0.0125892368908858,0,3.8970368363765e-05,0,0,0,0,0,0,0,0,0,3.96180565839953e-05,0,0.000337154564008562,2.31580892252795e-06,0.000633859031760903,0,0.012815104742908,3.28300498101044e-05,0.00921697887122136,0.000232646091938024,0.00828848857305022,7.92520127199138e-05,0,3.92593476465407e-05,0.00186227938563605,0,0.0381591548167701,0,0,3.69787894167525e-05,0.00563654952557867,0,0.00409182807786509,0,0.00146904633782103,0,0.0280161103233988,0.000465709991525607,0,0,0,0.00814331383545029,0,0.000266099029256804,0,0.00260169830480796,0,0.00691725490440097,0,0,0,0,0,0.000109661134889467,0,0.000716382074000998,3.27431996797914e-05,0.000235935572889409,1.24120523831483e-05,0.00908379518061661,0.000578332514674026,0
0.00267621580249576,0,0.0293375952980836,0,0,0,0.00230046397165922,0,0.0163522429466107,0,0,0,0.000211414504362253,0,0.00870850052887808,0,0,0,7.23081359739326e-06,0,0.000316064885599663,0,0,0,0.00151602541289165,0,3.09233048380343e-05,0,0,0,0,0,0,0,0,0,0.000308786176769518,0,8.74533787173876e-05,0,0.000303700505044561,0,0.000392279145152324,0,0,0,0.000455394543496173,0,0.00243464306521526,0,0.0206519773700556,0,0.000359045388814969,0,0.00229340459883486,0,0.000756900280037232,0,0.000285034530379683,0,0.0114859682866212,0,0,0.000304646638936896,0,0,0,0.00074458739826511,0,0,0,0,0,0,0,0,0,0,0,1.5851540064195e-05,2.71354993147547e-06,1.29489666198054e-05,0.00128192659960429,0,0.00152850772948526,0,0
0,0,0,0.00831031610054796,0,0,0,0,0,0.0173529477035369,0,0,0,0.00467021203097818,0,0.00950210462759836,0,0,0,0.000140888691023259,0,0,0,0.000251600932540008,0,0.000131341049218097,0,0,0,0,0,0,0,0,0,4.95344439644645e-05,0,1.45581032627281e-05,0,0,0,0.000185733440412597,0,9.66060117566859e-05,0,0.000101880911083369,0,0,0,0.000117573657322382,0,0.0578490847485301,0,0,0,0.0026898373172393,0,0.000406756744144011,0,0.000984391415524151,0,0.000632855815605253,9.85317835489708e-06,0,0,0,0,0,0,0,0.000121122735648744,0,0.000282916301259667,0,0,0,0,0,1.04334007812305e-06,0,2.25248794184443e-05,0,0.000170126038772716,0,0.00301667843248398,0,0
0,0,0,0,0.00230046397165922,0,0,0,0,0,0,0,0.00146684880898957,0,0,0,0,0,0,0,0,0,0,0,0,0,0,0,0,0,0,0,0,0,0,0,0,0,0,0,0,0,0,0,0,0,0,0,0,0,0.00510702617874666,0,0.0224802561014429,0,0,0,0.00044734616651537,0,0,0,0,0,0,0,0,0,0,0,0,0,0,0,0,0,0,0,0,0,0,0,0,0,0,0,0,0,0
0,0,0,0,0,0,0,0,0,0,0,0,0,0.00342589707574775,0,0,0,0,0,0.000336493603014465,0,0,0,0,0,0,0,0,0,0,0,0,0,0,0,0,0,0,0,0,0,0,0,0,0,0,0,0,0,0,0,0.00071279672077066,0,0.0149352251217608,0,0,0,0.000948466564836929,0,0.00400410200692271,0,0,0,0,0,0,0,0,0,0,0,0,0,0,0,0,0,0,0,0,0,0,0.000496335262651299,0,0,0,0
0.0310008416982489,0,0.0160330939059721,0,0.0163522429466107,0,0,0,0,0,0,0,0,0,0.0267620442095435,0,0.000706162962293607,1.61316986728964e-05,0.00286742295884932,0,0,0,5.14555180323306e-06,0,0.0126260912985149,0,0.00241587777604067,0,0,0,0,0,0,0,0,0,2.55456755823666e-06,2.63437175764355e-06,0.000760482713824305,0,0.000516912689808017,0,0.0114985010725515,0,0,0,0.000203940772861049,0,0.022486749672081,0,0.00034132853134554,0,0,0,0.0693141824829074,0,0.000103216691694195,0,5.74493483273771e-05,0,0.00651779821485128,0,0,3.95801764956129e-05,0,0,0,0.0105034995064608,0,0,0,0,0,0,0,0,0,0,0,1.57497825180076e-05,4.71899548364261e-06,0.000265723326982372,0.00251480559429098,0.000567697104803513,0.00566529006167838,0,0.000650445476038607
0,0.00853957014559088,0,0.00141879018413791,0,0.0173529477035369,0,0,0,0,0,0.000925229642853522,0,5.31928265384803e-05,0,0.0508525592490987,0.00012475355698352,0.0057378075083032,0.00658545601400871,0.000832454866502945,0,6.68108469688245e-06,0,0.0483436990624179,0,0.0139227713821625,0,0,0,0,0,0,0,0,0,0,0,0.000732483259234871,0,0,0,0.00747859443903334,0.000328258170680566,0.000817310478040227,0,0.00295284468592614,1.03255008562025e-05,0,1.11853668513089e-05,0.00418229154994076,0,0,0,0,0,0.124872242317113,0,0.00188151447761091,0,0.00180331892064392,0,0.0277677595685685,0.000100474525498131,0,0,0,0.0299464786032103,0,0.0106858312051081,0,0.00476329134555926,0,0.029354785299783,0,0,0,0,0,0.000111319193280334,0,0.000686765501880998,2.1213760423791e-05,0.0027374116083368,4.33721904056738e-05,0.00400237901526474,0.00152622709387629,0
0,0,0,0,0,0,0,0,0,0,0,0,0.00396326055420992,0,0,0,0,0,0,0,0.0156585740514947,0,0,0,0,0,0,0,0.000525293238520218,0,0.0105036887247793,0,0,0,0,0,0,0,0.00139496155413149,0,0,0,0,0,0,0,0,0,0,0,0,0,0,0,0,0,0.037343571669659,0,0.00215219928958672,0,0,0,0,0.00280681550936648,0,0,0,0,0,0,0,0.000639905536120869,0,0,0,0,0,0,0,0,0,0,2.16396853705343e-05,0,3.31528016968134e-05,0,0
0,0,0,0.000943634427085086,0,0,0,0,0,0.000925229642853522,0,0,0,0.016420352532473,0,0,3.21718353854331e-06,0.00020758533513306,0.000591566933852122,0.0231218471418067,0,0,0,0,0,0,0,0.000360425146799277,0,0.00676306794610198,0,0,0,0,0,7.19051373664531e-05,0,0.00321187266183971,0,0,0,0.00049127944518524,3.10409330638479e-05,0.000200294739059067,0,0.00131470527788206,0,0,0,6.24162187033846e-05,0,0,0,0.000101295480891252,0,0.000815377566315343,0,0.0490223710493323,0,0.0214550888066941,0,3.7012624946894e-05,0.00307784665950845,0,0,0,0,0,0,0,0,0,0.00429229656941586,0,0,0,0,0,2.1556680718834e-05,1.26409266962302e-06,2.21104070103733e-05,0,0.000894421557006368,0,0.000916794610043371,0.000426097569105263,0
0,0,0,0,0.000211414504362253,0,0.00146684880898957,0,0,0,0.00396326055420992,0,0,0,0.00252636747382577,0,0,0,0,0,0,0,0,0,0,0,0,0,0,0,0,0,0,0,0,0,0,0,0,0,0,0,0,0,0,0,0,0,0.000105296697365462,0,0,0,0,0,0,0,0.00029492509873549,0,0.0175624640649903,0,0.000724462904147483,0,0,0,0,0,0,0,0,0,0,0.000366530318349861,0,0,0,0,0,0,0,0,0,0,3.08596736431355e-06,1.55263433043729e-05,6.25307555848119e-06,0,0
0,0,0,0,0,0.00467021203097818,0,0.00342589707574775,0,5.31928265384803e-05,0,0.016420352532473,0,0,0,0.00969789713105881,0,0,0,0,0,0,0,0.000181552604406274,0,0,0,0.00364446554904684,0,0.001558935266391,0,0,0,0,0,1.3367191455985e-06,0,0,0,0,0,8.11127396827686e-05,0,0,0,0,0,0,0,0.00306780918458792,0,0.00249282403289637,0,0.000764631533034629,0,0,0,0.00173352898402638,0,0.0577277859780321,0,0.00904330517517668,0,0,0,0,0.000126726763650156,0,0.00533186341651863,0,0.00353064713495961,0,1.52102764421362e-05,0,0,0,0,0,0,0,1.87970489810829e-05,1.0059183305829e-05,0.000561863777067241,0.000175610327178788,0.000219094343892549,0,0
0.0145463259340495,0,0.000939492107684772,0,0.00870850052887808,0,0,0,0.0267620442095435,0,0,0,0.00252636747382577,0,0,0,0.00252829219100805,0,3.76165580381407e-05,0,0,0,0,0,0.00162240524272702,0,0,0,0,0,0,0,0,0,0,0,0,0,0.000115289786069464,0,0,0,0.000237913501084003,0,0,0,1.40552766588896e-05,0,0.0081162285656235,0,0.000567500819747338,0,0,0,0.0105202851106225,0,0,0,0,0,0.0644243538400864,0,0,0,0,0,0,0.000752628829627566,0,0.00106330872718478,0,9.85738205747577e-06,0,0,0,0,0,0,0,3.5511168029306e-06,2.23945149847816e-06,2.54072638546445e-05,9.77823000769152e-05,1.22886430997098e-05,0.00217221499140713,0,0
0,0.00236404429308946,0,0.000203655990475077,0,0.00950210462759836,0,0,0,0.0508525592490987,0,0,0,0.00969789713105881,0,0,0,0.000200698513447622,6.85622779683583e-06,0,0,0,0,0.00507350613571196,0,0.0192730044233383,0,0,0,0,0,0,0,0,4.2533677738613e-05,0,0,6.47345803259105e-06,6.35230178416959e-06,0,0,0.000181748815773813,0,0,0,5.96854538995204e-05,0,0,0,0.00768774495450516,0,0,0,0,0,0.00964428947869045,0,4.14652730399666e-05,0,0.00187096159522316,0,0.0990901450632954,0,0,0,0,0.00109143240782272,0,0.0218733698258315,0,0.00133669005736503,0,2.09623966590324e-05,0,0,0,0,0,0,0,9.10680775142899e-05,3.69404203936411e-05,0.00115492328282078,0,0.000870605855858722,0,0
2.72135531415485e-05,0,0,3.74889848894014e-05,0,0,0,0,0.000706162962293607,0.00012475355698352,0,3.21718353854331e-06,0,0,0.00252829219100805,0,0,0.121276024304922,0.0437255676896575,0,0,0,0.0026618572604613,0,0.00125121393530212,0,0.00458967127871506,0,0.000495424314035241,0,0,0,0,0,0,1.32603259868618e-05,1.85750848303528e-05,2.52625343565335e-05,0,0,0.00131353091583338,0.000723247222612817,0.00866161092124075,8.07407032884823e-05,0.000173861506233307,0.000815996102345943,0.00206917459448015,0,0.00234903885575509,1.04431033638406e-05,2.12175022500077e-05,0,0,0,1.30249129128598e-05,7.38973746326443e-06,0,1.63351753858969e-05,0,2.33325577283887e-05,0.00170897265705929,0,7.16435516192606e-06,0,0,0.00362968086795392,0,0.000221204578225283,0,0.00165038956350638,3.64197195944344e-05,0,0.00038517632003651,0,0,0,0,0,5.58099503210247e-05,0.000100437127143291,6.13808469689036e-05,0.000176010476054569,0.0193901873812691,0.0282671461425803,0.00306664061000277,7.2581287548071e-05,0.00130141083079083
0,0.000100961525316582,1.10117863152751e-05,0.000143556105652797,0,0,0,0,1.61316986728964e-05,0.0057378075083032,0,0.00020758533513306,0,0,0,0.000200698513447622,0.121276024304922,0,0.043931886485936,0.000212172771506008,0,0.000262524750268103,0,0.00281392269062742,0,0.00169947504899359,0,0.000470244216760514,0,0,0,0,0,0,0,9.56852533365278e-05,1.29783334524581e-05,0.000922399048595712,0,3.63698673663067e-05,0.000385953077417973,0.00499226493066783,0.00292367513931908,0.000720104149979563,4.2570947991561e-05,0.00607903538624827,0.000635903325976025,0,0.000657168007029229,0.000409080595756852,8.49195675627621e-06,0,0,0,1.18944301228892e-05,0.00072577230982503,0,0.000366184316234637,0,0.000166919550279968,0,0.00155613015488842,0.000179510645853549,0,0.000932305809542966,0,0.000215529475877203,0,0.00436481636227726,0,0.000706889813444217,0,0.00326006789679647,0,0,0,0,0,0.000872309701343527,4.58027111511668e-05,0.00159408480111997,4.05455035825708e-05,0.0200217113215143,0.0508922877917316,0.00482182210412907,0.000853361434757423,0.000317825301508071
0.00105618931469954,0.000268489455461295,6.02321236610589e-05,0.000365768888922615,7.23081359739326e-06,0,0,0,0.00286742295884932,0.00658545601400871,0,0.000591566933852122,0,0,3.76165580381407e-05,6.85622779683583e-06,0.0437255676896575,0.043931886485936,0,0.000394627001582526,0,0,0,0.000747510019674583,0.000461939966243409,1.45839093275124e-05,0,0,0,0,0,0,0,0,0,0.000165627959031082,0.00031736502569629,0.00126032815768379,0.000168360708830537,4.31407618176499e-05,0.0187855359579425,0.0340048265526405,0.0812534501370798,0.0033859548974,0.00108411710808874,0.038270038991613,0.0195641687803311,0,0.0176684286462578,0.000509316782198919,7.95263237343626e-06,3.95039953556518e-06,0,0,0.00120293253617862,0.00139439066949981,0,0.000482304475918999,0,5.43301585443505e-05,6.44241228345277e-05,0.000265045939205554,0.00128509861181291,2.1516341356415e-05,0,0,0.000293662372702434,0.000288812426659167,8.67404068908043e-06,0,0.000881595230083742,0,0.00542054963293,1.94495782723488e-05,0,0,0,0,0.00220001798700714,0.00124562826549922,0.0034353275129929,0.00198349714793842,0.015147249504025,3.18502144803264e-05,0.0390894297356782,0.00299870632708465,0.011402939847606
0,0,0,0.000204736111532691,0,0.000140888691023259,0,0.000336493603014465,0,0.000832454866502945,0,0.0231218471418067,0,0,0,0,0,0.000212172771506008,0.000394627001582526,0,0,0,0,0,0,0,0,0,0,0,0,0,0,0,0,0.00242223620046152,0,0.00954311318602794,0,0,0,0.00139421658585293,0,5.87073654733756e-05,1.52300505457886e-05,0.00093637659946532,0,0,0,3.79151659711243e-05,0,8.9455101195182e-05,0,0,0,0.000452740540684535,0,0.0186863081472259,0,0.000301489502482243,0,0.000147895728536095,0.041901436786683,0,0,0,0,0,0,0,0.000188683657781612,0,0.00848435473700472,0,0,0,0,0,4.08746423692519e-05,0,0.000428011858996291,0,0.00115676246604861,5.52118890597632e-05,0.00222051530187266,0.00162558652175664,0
0,0,0.000334768877783658,0,0.000316064885599663,0,0,0,0,0,0.0156585740514947,0,0,0,0,0,0,0,0,0,0,0,0,0,0,0,0,0,0,0,0,0,0,0,0,0,0.00472744754298948,0,0.000151966880064525,0,0,0,0,0,0,0,0.00604582526894187,0,0,0,0.00058076456995365,0,0,0,0,0,0.000628205302198495,0,0,0,0.000104143732555329,0,0,0.0930638892150623,0,0,0,0,0,0,0,0,0,0,0,0,0,0,0,0.00138963011236674,0,0.000364369507308267,0.000392481429490286,2.7725800679361e-06,0.000757986312523245,0,0
0,0,0,0,0,0,0,0,0,6.68108469688245e-06,0,0,0,0,0,0,0,0.000262524750268103,0,0,0,0,0.00517152058150161,0.00349132062109908,0,0.00394505311083294,0,0.00422926129249548,0,0,0,0,0,0,0,0,0,0.00772465837387731,0.000109391598657206,0,0,0,0,0,0,0,0,0,0,0.00270119629509349,0,0,0,0,0,0,0,0,0,0,0,0,0,0,0.0492930994707548,0.000632856157213767,0.00259319308512876,0,0.000452400833128876,0,0.00402845447997317,0,0,0,0,0,0,0,0,0,0.0036299032377536,0,0.0012902459288665,0.00245575986550867,2.77609714353923e-06,0,0
0,0,0,0,0,0,0,0,5.14555180323306e-06,0,0,0,0,0,0,0,0.0026618572604613,0,0,0,0,0.00517152058150161,0,0,0.00904346016694014,0,0.00611622532871918,0,0.00232509635536541,0,0,0,0,0,0,0,0,0,0.0206167184536825,0,0,0,0,0,0,0,0,0,0.00759888054283307,0,0,0,0,0,0,0,0,0,0,0,0,0,0,0,0,0.0907985419914266,0,0.000317427957761619,0,0.00208629825924316,0,0.00328468577155528,0,0,0,0,0,0,0,0,0,0.00941129886554102,0.00149134247073377,0.00183683656625628,0,0,0
2.45514025173921e-05,0.0100957918327938,0,0.0125892368908858,0,0.000251600932540008,0,0,0,0.0483436990624179,0,0,0,0.000181552604406274,0,0.00507350613571196,0,0.00281392269062742,0.000747510019674583,0,0,0.00349132062109908,0,0,0,0.0259890757359301,0,1.80690665737841e-05,0,0,0,0,0,0,0,0,0,0.0184110684782268,0.000913893027148721,0,0,0.000568690564346554,4.8250868861675e-05,0,0,0.000156473883240798,0,0,0,0.00864137331466028,0,0,0,0,0,0.0326398180122307,0,0.00112806747161268,0,0.00212738114461288,0,0.00679758925019786,4.9651636701576e-05,0,0.0174354675920178,0,0.372103580139087,0,0.0256625652011543,0,0.00401205487945896,0,0.00058078126861522,0,0,0,0,0,1.04154661613952e-06,0,0.00347958695758082,7.47414533384898e-05,0.000892616528932845,0.000205592999758522,0.00078830977932331,0,0
0.0191721103312934,0,0,0,0.00151602541289165,0,0,0,0.0126260912985149,0,0,0,0,0,0.00162240524272702,0,0.00125121393530212,0,0.000461939966243409,0,0,0,0.00904346016694014,0,0,0,0.025771863581495,0,0,0,0,0,0,0,0,0,0,0,0.0232036989283678,0,0,0,0.000622200563307982,0,0,0,5.68789759625311e-05,0,0.00427344535193991,0,0,0,0,0,0.0455554543391062,0,0,0,0,0,0.00183334953189401,0,0,0,0,0.0118317202167577,0,0.0875631918779474,0,0.0795076107384246,0,0,0,0,0,0,0,0,0,0,0,0.0015374029066862,0.000754339938737838,2.91397594805864e-06,0.000894014247356686,0,6.73674064738134e-05
2.1504824309764e-05,0.000291899615596707,0,3.8970368363765e-05,0,0.000131341049218097,0,0,0,0.0139227713821625,0,0,0,0,0,0.0192730044233383,0,0.00169947504899359,1.45839093275124e-05,0,0,0.00394505311083294,0,0.0259890757359301,0,0,0,0.00169242302575504,0,0,0,0,0,0,0,0,0,0.000483539099778467,2.80044676523414e-06,0,0,0,0,0,0,0,0,0,0,0,0,0,0,0,0,0.00353565069567353,0,0,0,0,0,0.0028279670554569,0,0,0.00657775926873078,0,0.0195727026742758,0,0.113888827696003,0,0.000435260920726828,0,0,0,0,0,0,0,0,0,7.62619029705722e-05,1.0352858699968e-05,9.96453952685046e-05,0,0,0,0
0,0,0,0,3.09233048380343e-05,0,0,0,0.00241587777604067,0,0,0,0,0,0,0,0.00458967127871506,0,0,0,0,0,0.00611622532871918,0,0.025771863581495,0,0,0,0.000382010259625554,0,0,0,0,0,0,0,0,0,0.0003160433263464,0,0,0,0,0,0,0,0,0,0,0,0,0,0,0,0.00252785420991867,0,0,0,0,0,6.88998891676456e-05,0,0,0,0,0.00387075380543251,0,0.000270914487155004,0,0.0442534244842283,0,0.00030677157865986,0,0,0,0,0,0,0,0,0,1.19020193375109e-05,0.000590511649961813,1.50867331862373e-06,0,0,0
0,0,0,0,0,0,0,0,0,0,0,0.000360425146799277,0,0.00364446554904684,0,0,0,0.000470244216760514,0,0,0,0.00422926129249548,0,1.80690665737841e-05,0,0.00169242302575504,0,0,0,0.00276260788191296,0,0,0,0,0,0,0,9.21789281684552e-05,0,0,0,0,0,0,0,0,0,0,0,0.000281418987288343,0,0,0,0,0,0,0,0,0,0.000613112390732856,0,0,0,0,0.00125506253256878,0,0,0,0.00595106655053425,0,0.0448850361736975,0,0,0,0,0,0,0,0,0,5.61846694444337e-05,0,0.00135123243678627,0.000921155603430135,0,0,0
0,0,0,0,0,0,0,0,0,0,0.000525293238520218,0,0,0,0,0,0.000495424314035241,0,0,0,0,0,0.00232509635536541,0,0,0,0.000382010259625554,0,0,0,0.00169358263743459,0,0,0,0,0,0,0,0.000117097435317473,0,0,0,0,0,0,0,0,0,0,0,0,0,0,0,0,0,0,0,0,0,0,0,0,0,0,0.000967286639157458,0,0,0,0.000261877040433035,0,0.0288170778630626,0,0.000273758346714687,0,0,0,0,0,0,0,0,0.000152543601651748,0,0,0,0
0,0,0,0,0,0,0,0,0,0,0,0.00676306794610198,0,0.001558935266391,0,0,0,0,0,0,0,0,0,0,0,0,0,0.00276260788191296,0,0,0,0,0,0,0,0,0,0.00140888887315625,0,0,0,0,0,0,0,0,0,0,0,0,0,0,0,0,0,0,0,0.00297308787100698,0,0,0,0,0,0,0,0,0,0,0,0,0.000244210972476023,0,0.0216707743703236,0,0,0,0,0,0,0,0.00132149614878922,0,5.5201259697004e-05,0.000333004014739287,0,0,0
0,0,0,0,0,0,0,0,0,0,0.0105036887247793,0,0,0,0,0,0,0,0,0,0,0,0,0,0,0,0,0,0.00169358263743459,0,0,0,0,0,0,0,0,0,0.00142472954659851,0,0,0,0,0,0,0,0,0,0,0,0,0,0,0,0,0,0.00996815025676357,0,0,0,0,0,0,0,0,0,0,0,0,0,0,0.000753501176550072,0,0.033382343379665,0,0,0,0,0,0,0,0.00044822260461377,3.16217528961715e-06,0,0,0,0
0,0,0,0,0,0,0,0,0,0,0,0,0,0,0,0,0,0,0,0,0,0,0,0,0,0,0,0,0,0,0,0,0.00737080907226418,0.000110173437867631,0,0.000426369178804343,0.000555110474506075,0,0,0,0,0,0,0,0,0,0,0.00758370009489432,0,7.67184016427947e-05,0,0,0,0,0,0,0,0,0,0,0,0,0,0,0,0,0,0,0,0,0,0,0,0,0.0267274618059548,0.00629140793950525,0,0,0.00148271739219428,0.000155099630425397,0,0,5.80050933573807e-05,0,0,0,0
0,0,0,0,0,0,0,0,0,0,0,0,0,0,0,0,0,0,0,0,0,0,0,0,0,0,0,0,0,0,0,0.00737080907226418,0,0.00274823070899566,0.0147774574922085,2.76183195413194e-05,0.00138065167973845,0,0,0,0,0,0,0,0,0,0,0.0133381464751561,0.00372226798281086,0,0,0,0,0,0,0,0,0,0,0,0,0,0,0,0,0,0,0,0,0,0,0,0,0,0.0020338374369865,0.0283310406063623,0,0.00141486834463025,0,9.74647055158959e-06,0,0,0.00157331676125834,0,0,0,0
0,0,0,0,0,0,0,0,0,0,0,0,0,0,0,0,0,0,0,0,0,0,0,0,0,0,0,0,0,0,0,0.000110173437867631,0.00274823070899566,0,0.118000073344366,0.000875417976929187,0,0.00805730052470375,0.00143752967348559,0,0,0,0,0,0,0,0,0.0478990846603595,0,0.00612104928579624,0,0,0,0,0,0,0,0,0,0,0,0,0,0,0,0,0,0,0,0,0,0,0,0,0,0.000163989143942683,0.0584995986637495,0.00669938028756651,0.000200523610271359,0,0.00453739178192428,0.00196889613953701,0.00072105277554472,0.000198421687011041,0,0,0
0,0,0,0,0,0,0,0,0,0,0,0,0,0,0,4.2533677738613e-05,0,0,0,0,0,0,0,0,0,0,0,0,0,0,0,0,0.0147774574922085,0.118000073344366,0,0,0.00230218537255815,0.0013155658016782,0.0059554134013742,0,0,0,0,0,0,0,0,0.116689375202116,0.00225358952714556,0.000752369455098361,0,0,0,0,0,0,0,0,0,0,0,0,0,0,0,0,0,0,0,0,0,0,0,0,0,0.000838150084737959,0.0127247836658944,0.159176044256039,0,0.000230390598656067,0.00100848501931324,0.00608760026280665,0.00197594976139617,0,8.83943787486643e-06,0,0
0,1.52766450180077e-06,0,3.96180565839953e-05,0,4.95344439644645e-05,0,0,0,0,0,7.19051373664531e-05,0,1.3367191455985e-06,0,0,1.32603259868618e-05,9.56852533365278e-05,0.000165627959031082,0.00242223620046152,0,0,0,0,0,0,0,0,0,0,0,0.000426369178804343,2.76183195413194e-05,0.000875417976929187,0,0,0.00238188638944942,0.00194408094686079,1.0856124963586e-05,0.00189166051650961,0,9.15431727890891e-05,0,3.67285667509379e-05,0,0.000484824625229764,0,0.00113494835968704,0,2.605230437231e-05,0,8.73274352953363e-06,0,0,0,5.5122789964202e-06,0,0.00217091161435506,0,0.000140350112178039,0,2.18434180776792e-05,0.0028736018225417,0,0,0,0,0,0,0,5.16490534308708e-05,0,8.33385258301612e-05,0,0.000106440491426329,0,6.91779058697821e-05,0,0.0267931396710854,7.04698056557164e-05,0.00237425968863166,0,0.00229843331889912,0.000170793747008504,0.000873221928436353,1.69429868033657e-05,0
0,0,0.000220214164929744,0,0.000308786176769518,0,0,0,2.55456755823666e-06,0,0,0,0,0,0,0,1.85750848303528e-05,1.29783334524581e-05,0.00031736502569629,0,0.00472744754298948,0,0,0,0,0,0,0,0,0,0,0.000555110474506075,0.00138065167973845,0,0.00230218537255815,0.00238188638944942,0,0,0.00406640382495808,0,8.4537704969777e-05,7.8890029057333e-07,0.000146967268223985,1.00089624490469e-06,0,0,0.00044438079274508,0.00452615396799921,6.4885971388434e-05,0,0.000106583592209537,0,0,0,0,0,0.00138447715660659,0,8.39885417420669e-06,0,2.68478768407264e-05,0,0,0.00440674214689765,0,0,0,0,0,0,0,0,5.82818383144511e-06,0,0.000330863051830858,0.004628593385545,0,0.00133288121108855,0.00115952679329014,0.0409121011079724,0,0.00461245017746034,0.00208143100248473,7.27929972468674e-05,0.0014151489052178,0,3.82241860702425e-05
2.33098672744261e-05,0.000129251294662178,0,0.000337154564008562,0,1.45581032627281e-05,0,0,2.63437175764355e-06,0.000732483259234871,0,0.00321187266183971,0,0,0,6.47345803259105e-06,2.52625343565335e-05,0.000922399048595712,0.00126032815768379,0.00954311318602794,0,0.00772465837387731,0,0.0184110684782268,0,0.000483539099778467,0,9.21789281684552e-05,0,0.00140888887315625,0,0,0,0.00805730052470375,0.0013155658016782,0.00194408094686079,0,0,0.00745038063233723,0,1.8853918122716e-05,0.00339299615165771,4.1641408713062e-05,0.000191973858777385,1.96034702831552e-06,0.00179924582262923,2.40450309116274e-06,0.00765839446049202,1.44731587022084e-05,0.0118261934454647,0,1.02693176784659e-05,0,0,4.84925654649097e-06,0.000270833823886316,0,0.000217229491525093,0,0.000308090952507747,1.9440589420972e-06,0.000443084902665576,0.00901333146254819,0,0.00585495668670112,0,0.0035166733319913,0,0.00175274832323391,0,0.00474635916047991,0,0.000376420839466758,0,0,0,0.00105231883340441,4.03446476755734e-05,0.0011098667919227,2.96113638267881e-06,0.0703310904949799,0.00157221697527071,0.0032167353977821,0.000711719154463172,0.00232778797699482,0.000744735891511847,0
0.00183303248703303,9.15693935015167e-05,1.84827660076551e-05,2.31580892252795e-06,8.74533787173876e-05,0,0,0,0.000760482713824305,0,0.00139496155413149,0,0,0,0.000115289786069464,6.35230178416959e-06,0,0,0.000168360708830537,0,0.000151966880064525,0.000109391598657206,0.0206167184536825,0.000913893027148721,0.0232036989283678,2.80044676523414e-06,0.0003160433263464,0,0.000117097435317473,0,0.00142472954659851,0,0,0.00143752967348559,0.0059554134013742,1.0856124963586e-05,0.00406640382495808,0.00745038063233723,0,0,0,0.000550451396853286,0.00187193068810676,0,0,0,1.20222987015933e-05,0.00555803723682433,0.00557789473309489,4.19342505371245e-05,0,0,0,0,0.000516305711619697,0,4.73418214510934e-05,0,9.32821523514266e-06,0,0.000402497830124602,4.00970595630094e-05,0,0.000174702282181369,1.76569519275153e-05,0.00500644561727037,2.0411412064866e-05,0.0027876116995755,6.74510021207351e-06,0.00108633782120808,0,0.000101085922825368,0,0.000871298726678439,0,0,0,0.00629990240372396,0,0.00287945755615281,0.00936153927212607,0.0665651514542702,0.00383181720162426,0.00213123083334043,0.0013194891846571,0,0
0,0,0,0.000633859031760903,0,0,0,0,0,0,0,0,0,0,0,0,0,3.63698673663067e-05,4.31407618176499e-05,0,0,0,0,0,0,0,0,0,0,0,0,0,0,0,0,0.00189166051650961,0,0,0,0,0,0.00307427583441266,0,0.000456148328107361,0,0.00629768374631367,0,0.0760429578417829,0.00346071870699653,0.386988695653042,0,0,0,0,0,0,0,1.01397284926166e-05,0,0,0,3.73801517780983e-05,0.00027410164655696,0,0,0,8.46465842139627e-05,0,0,0,0,0,3.54565191954828e-05,0,2.80482204152802e-05,0,0,0,0.0062430261826182,0,0.000132842230273094,0,7.23725674589779e-05,1.94238274124733e-05,0.00843305835701823,8.77018976965365e-05,0
0.000225830001677182,0,0.00161906571992495,0,0.000303700505044561,0,0,0,0.000516912689808017,0,0,0,0,0,0,0,0.00131353091583338,0.000385953077417973,0.0187855359579425,0,0,0,0,0,0,0,0,0,0,0,0,0,0,0,0,0,8.4537704969777e-05,1.8853918122716e-05,0,0,0,0.000792043856528186,0.0603645797358781,0.000167795625714433,0.00311317987022581,0.000233212595236092,0.0462754171564352,8.35425645428003e-05,0.0065309819943332,0.00104262646524404,3.82370749506334e-05,0,0,0,0,0,7.75817969792843e-06,4.05979266511283e-05,0,0,0,0,0,3.42995874756877e-05,0,0,0,0,0,0,0,0,0,4.17559419045037e-05,0,0,0,0,7.76226230979793e-06,0.00283886835846529,1.4371453462796e-05,0.000359842679451379,0.000704424518730638,5.25629761188491e-05,0.013148934031468,1.8829227340548e-05,0.0101802311298978
1.4231320428645e-05,0.000928285935161809,0.00260306364322771,0.012815104742908,0,0.000185733440412597,0,0,0,0.00747859443903334,0,0.00049127944518524,0,8.11127396827686e-05,0,0.000181748815773813,0.000723247222612817,0.00499226493066783,0.0340048265526405,0.00139421658585293,0,0,0,0.000568690564346554,0,0,0,0,0,0,0,0,0,0,0,9.15431727890891e-05,7.8890029057333e-07,0.00339299615165771,0.000550451396853286,0.00307427583441266,0.000792043856528186,0,0.0116980325171073,0.0240876906968674,0.000224594897823063,0.104521841188107,0.00216571151124406,0.00351870043131721,0.00075721561289,0.0422307945082315,0,0.00035275711535017,0,0,0,0.0110011148529748,0,0.00216531704575666,0,0.00146765754052883,5.98185712734995e-05,0.00418755659539068,0.00620840815440644,0,0,0,0.00150530187994379,0,3.55348958664887e-05,0,0.00645821031105319,0,0.0183919063501429,0,0,0,0,0,0.00303791613028056,1.40240749961948e-05,0.00470114571137914,0.000116181878466401,0.00956980309245428,0.000682227850355431,0.0622550648232138,0.00926659004435965,0.000535521227730147
0.00309016194417942,0,0.005224154772511,3.28300498101044e-05,0.000392279145152324,0,0,0,0.0114985010725515,0.000328258170680566,0,3.10409330638479e-05,0,0,0.000237913501084003,0,0.00866161092124075,0.00292367513931908,0.0812534501370798,0,0,0,0,4.8250868861675e-05,0.000622200563307982,0,0,0,0,0,0,0,0,0,0,0,0.000146967268223985,4.1641408713062e-05,0.00187193068810676,0,0.0603645797358781,0.0116980325171073,0,0.000729101553613407,0.00424737519861721,0.000904888595144845,0.0695648272123335,0.000292505868437173,0.0485907375479703,0.000352778618580877,5.81670525007794e-05,9.10425344200156e-06,0,0,0.0021766027375546,0,3.285602184145e-05,8.05916805588086e-05,2.50802236234655e-05,4.63851905936417e-05,0.00107856838153344,4.08572009119316e-05,3.32189286662938e-05,0.00243917061896338,0,0,0,1.65800530384856e-05,0,0,6.83153578541263e-05,1.61890488080078e-05,0.000306850290639272,0.000794747171655372,0,0,0,0,5.45891344234746e-05,0.000600398371932674,9.96366919227902e-05,0.000487502392398282,0.013129579735796,0.000317795122988514,0.0798523847241506,0.000446220673782057,0.0269077438159446
0,0,0.00129924127331526,0.00921697887122136,0,9.66060117566859e-05,0,0,0,0.000817310478040227,0,0.000200294739059067,0,0,0,0,8.07407032884823e-05,0.000720104149979563,0.0033859548974,5.87073654733756e-05,0,0,0,0,0,0,0,0,0,0,0,0,0,0,0,3.67285667509379e-05,1.00089624490469e-06,0.000191973858777385,0,0.000456148328107361,0.000167795625714433,0.0240876906968674,0.000729101553613407,0,0,0.0320473449570207,0.000858188249383146,0,0.000292222003438048,0.00042538525183689,0,0.000451632880456238,0,0,0,7.17411382515718e-05,0,0.000274619841289951,0,1.0589691683913e-05,0,0.000896702841434376,0.00188782828380705,0,0,0,0,0,0,0,0.000257137041724679,0,0.00282486662734405,0,0,0,0,0,0.000430962166942845,0,0.000387315709409444,0,0.000305434073253482,0,0.00345442690146094,0.00415468604189707,0
0,0,0,0.000232646091938024,0,0,0,0,0,0,0,0,0,0,0,0,0.000173861506233307,4.2570947991561e-05,0.00108411710808874,1.52300505457886e-05,0,0,0,0,0,0,0,0,0,0,0,0,0,0,0,0,0,1.96034702831552e-06,0,0,0.00311317987022581,0.000224594897823063,0.00424737519861721,0,0,0.0003858243188119,0.00256814302202143,0,0.000275573712149461,0.000217738629652938,0,0,0,0,0,0,0,0,0,0,0,0.00014680059717112,0,0,0,0,0,0,0,0,0,0,0,0,0,0,0,0,0,2.51208104377466e-05,0,0,6.45467523728612e-05,3.63318337269565e-06,0.00104728210789395,0,0.0030753473600488
8.64726826179394e-06,0.00140544862292935,0.000160671709615241,0.00828848857305022,0,0.000101880911083369,0,0,0,0.00295284468592614,0,0.00131470527788206,0,0,0,5.96854538995204e-05,0.000815996102345943,0.00607903538624827,0.038270038991613,0.00093637659946532,0,0,0,0.000156473883240798,0,0,0,0,0,0,0,0,0,0,0,0.000484824625229764,0,0.00179924582262923,0,0.00629768374631367,0.000233212595236092,0.104521841188107,0.000904888595144845,0.0320473449570207,0.0003858243188119,0,0.00129180993047416,0,0.000130116139131975,0.0058073580105288,0,0.000486607293758132,0,0,0,0.00141664932603543,0,0.0038469800332395,0,0.00156113284038915,0,0.00349022175653873,0.0329019465102197,0,0,0,0.000194623683400347,0,0,0,0.00484977935569303,0,0.0127385503779029,0,0,0,0,0,0.00209152744429457,0,0.00273383923409299,1.37535562292283e-05,0.00191283613904512,4.25758330705706e-05,0.0433956399626701,0.0111349572866644,0.00041954897795976
0.000132898767396356,0,0.00846110530126041,7.92520127199138e-05,0.000455394543496173,0,0,0,0.000203940772861049,1.03255008562025e-05,0,0,0,0,1.40552766588896e-05,0,0.00206917459448015,0.000635903325976025,0.0195641687803311,0,0.00604582526894187,0,0,0,5.68789759625311e-05,0,0,0,0,0,0,0,0,0,0,0,0.00044438079274508,2.40450309116274e-06,1.20222987015933e-05,0,0.0462754171564352,0.00216571151124406,0.0695648272123335,0.000858188249383146,0.00256814302202143,0.00129180993047416,0,0,0.0136548420822636,5.86406669769069e-05,0.000392420800270092,0,0,0,0.000230292296578283,0,0.000167710543764803,9.18064154305221e-06,0,5.89180390648137e-06,0.000707986860515617,0.000112990818349918,0,0.0501982306418047,0,0,0,0,0,0,1.47661981988207e-05,0,0.000207590294624131,0.000421342932263735,0,0,0,0,2.22923934079387e-05,0.00380271688663767,2.12797608535945e-06,0.00415057195397807,0.00199319315257883,8.32936249873463e-05,0.0807973864703338,0.000162764451373371,0.00267750868589898
0,0,0,0,0,0,0,0,0,0,0,0,0,0,0,0,0,0,0,0,0,0,0,0,0,0,0,0,0,0,0,0.00758370009489432,0.0133381464751561,0.0478990846603595,0.116689375202116,0.00113494835968704,0.00452615396799921,0.00765839446049202,0.00555803723682433,0.0760429578417829,8.35425645428003e-05,0.00351870043131721,0.000292505868437173,0,0,0,0,0,0.0590047304007702,0.303053240342444,0,0,0,0,0,0,0,0,0,0,0,0,0,0,0,0,0,0,0,0,2.85413696798969e-05,0,0,0,0.010130422054842,0.0106322610865424,0.00560956542626022,0.0340309973605162,0.00125088910480317,0.00079636043949579,0.0052211746667548,0.00302260043329829,0.00832093976284294,3.90752668971535e-05,0.019844346605424,0,0
0.0207023742025497,0,0.00889852338172129,3.92593476465407e-05,0.00243464306521526,0,0,0,0.022486749672081,1.11853668513089e-05,0,0,0.000105296697365462,0,0.0081162285656235,0,0.00234903885575509,0.000657168007029229,0.0176684286462578,0,0,0,0.00759888054283307,0,0.00427344535193991,0,0,0,0,0,0,0,0.00372226798281086,0,0.00225358952714556,0,6.4885971388434e-05,1.44731587022084e-05,0.00557789473309489,0.00346071870699653,0.0065309819943332,0.00075721561289,0.0485907375479703,0.000292222003438048,0.000275573712149461,0.000130116139131975,0.0136548420822636,0.0590047304007702,0,0.191025713123851,0.00106480242629472,0,0,0,0.0075833901932824,0,0.00063686204396146,0,0.00101287966067831,0,0.0275014072928131,0,0,0.000277216343193432,0,0.0177198813578691,0,0.00176042690418092,0,0.000378047663231713,0,0.000702713294219073,7.57215051042201e-05,0.00043376738635036,0,0.00066267174555386,0,0.00483069737197207,1.28882624964143e-05,0.000526707860837558,1.7148634129384e-05,0.00323526962041941,0.00640381461728303,1.4050938732146e-06,0.0874521565038677,0.000271886702820276,0.00377091527709941
0,0.00918814923952983,7.42897698278035e-05,0.00186227938563605,0,0.000117573657322382,0,0,0,0.00418229154994076,0,6.24162187033846e-05,0,0.00306780918458792,0,0.00768774495450516,1.04431033638406e-05,0.000409080595756852,0.000509316782198919,3.79151659711243e-05,0,0.00270119629509349,0,0.00864137331466028,0,0,0,0.000281418987288343,0,0,0,7.67184016427947e-05,0,0.00612104928579624,0.000752369455098361,2.605230437231e-05,0,0.0118261934454647,4.19342505371245e-05,0.386988695653042,0.00104262646524404,0.0422307945082315,0.000352778618580877,0.00042538525183689,0.000217738629652938,0.0058073580105288,5.86406669769069e-05,0.303053240342444,0.191025713123851,0,0,0.000116803175638593,0,0,0,0.00684829459325706,0,0.00272776123035094,0,0.0140159997537412,0,0.0435528571976202,0.000307832058294581,0,0.00331022620232032,0,0.0049508495356321,0,0.00016942690911317,0,0.0100510750739271,0,0.00650900692860269,0,0.000595792403163578,0,0.000507331417798256,0,0.00320925564157362,0,0.0168080609963616,3.20488488492605e-05,0.00547883661426329,0.000118962953255673,0.0335189687920816,0.000313555008647694,0.000100291520930165
0.000154756233046307,0,0.123706085999142,0,0.0206519773700556,0,0.00510702617874666,0,0.00034132853134554,0,0,0,0,0,0.000567500819747338,0,2.12175022500077e-05,8.49195675627621e-06,7.95263237343626e-06,0,0.00058076456995365,0,0,0,0,0,0,0,0,0,0,0,0,0,0,0,0.000106583592209537,0,0,0,3.82370749506334e-05,0,5.81670525007794e-05,0,0,0,0.000392420800270092,0,0.00106480242629472,0,0,0,0.0277322472363175,0,0.000205175889401943,0,0.0113496895712171,0,0.00934217427777038,0,0.0355165138540811,0,0,0.00496313473777198,0,0,0,0,0,0,0,0,0,0,0,0,0,0,0,9.88758862152518e-05,0,1.05650471654247e-05,0.000257674336009713,1.1457714775235e-05,0.0118014389952738,0,0
0,0,0,0.0381591548167701,0,0.0578490847485301,0,0.00071279672077066,0,0,0,0,0,0.00249282403289637,0,0,0,0,3.95039953556518e-06,8.9455101195182e-05,0,0,0,0,0,0,0,0,0,0,0,0,0,0,0,8.73274352953363e-06,0,1.02693176784659e-05,0,0,0,0.00035275711535017,9.10425344200156e-06,0.000451632880456238,0,0.000486607293758132,0,0,0,0.000116803175638593,0,0,0,0.000877405171881646,0,0,0,0.0104815921832282,0,0.00982876954667831,0,0.00193906663589696,0.000353492133431534,0,0,0,0,0,0,0,0.000118675628567563,0,0.000299428025950818,0,0,0,0,0,1.23850526587851e-05,0,2.35061104801572e-06,0,0.000200217210599797,0,0.00303111824241419,0,0
0,0,0,0,0.000359045388814969,0,0.0224802561014429,0,0,0,0,0,0,0,0,0,0,0,0,0,0,0,0,0,0,0,0,0,0,0,0,0,0,0,0,0,0,0,0,0,0,0,0,0,0,0,0,0,0,0,0.0277322472363175,0,0,0,0,0,0.00349592166138024,0,0.000812970683935163,0,0.00101516740835578,0,0,0,0,0,0,0,0,0,0,0,0,0,0,0,0,0,0,0,0,0,0,0,0,0,0
0,0,0,0,0,0,0,0.0149352251217608,0,0,0,0.000101295480891252,0,0.000764631533034629,0,0,0,0,0,0,0,0,0,0,0,0,0,0,0,0,0,0,0,0,0,0,0,0,0,0,0,0,0,0,0,0,0,0,0,0,0,0.000877405171881646,0,0,0,0,0,0.00097645651488935,0,0.00450824199435542,0,0,0,0,0,0,0,0,0,0,0,0,0,0,0,0,0,0,0,0,0,0,6.32885348750278e-06,0,0,0,0
0.0102955439569342,0,0.00293354879502267,3.69787894167525e-05,0.00229340459883486,0,0,0,0.0693141824829074,0,0,0,0,0,0.0105202851106225,0,1.30249129128598e-05,1.18944301228892e-05,0.00120293253617862,0,0,0,0,0,0.0455554543391062,0,0.00252785420991867,0,0,0,0,0,0,0,0,0,0,4.84925654649097e-06,0.000516305711619697,0,0,0,0.0021766027375546,0,0,0,0.000230292296578283,0,0.0075833901932824,0,0.000205175889401943,0,0,0,0,0,0,0,3.14875594667179e-05,0,0.00687508759633758,0,0,0,0,0,0,0.0355532791195644,0,0.000481168267326391,0,1.44158812674262e-05,0,0,0,0,0,0,0,1.07450522180579e-06,8.28554336691123e-06,9.28053514013045e-05,0.000366196582165613,2.05669660505502e-05,0.0013351963958917,0,8.56168402375967e-05
0,0.0093852138157139,0,0.00563654952557867,0,0.0026898373172393,0,0,0,0.124872242317113,0,0.000815377566315343,0,0,0,0.00964428947869045,7.38973746326443e-06,0.00072577230982503,0.00139439066949981,0.000452740540684535,0,0,0,0.0326398180122307,0,0.00353565069567353,0,0,0,0,0,0,0,0,0,5.5122789964202e-06,0,0.000270833823886316,0,0,0,0.0110011148529748,0,7.17411382515718e-05,0,0.00141664932603543,0,0,0,0.00684829459325706,0,0,0,0,0,0,0,0.00204722201379567,0,0.00244917999924754,0,0.0190944562275866,0.000106875317658655,0,0,0,0.0220336164006946,0,0.00296275102859556,0,0.0101895383952753,0,0.0392112901242659,0,0,0,0,0,3.68174165547959e-05,0,0.00020695068799238,2.26641507407582e-05,0.000422081766099634,0,0.00385941212180806,0.00125808684285296,0
7.56467030284952e-05,0,0.000603713989958408,0,0.000756900280037232,0,0.00044734616651537,0,0.000103216691694195,0,0.037343571669659,0,0.00029492509873549,0,0,0,0,0,0,0,0.000628205302198495,0,0,0,0,0,0,0,0,0,0.00996815025676357,0,0,0,0,0,0.00138447715660659,0,4.73418214510934e-05,0,7.75817969792843e-06,0,3.285602184145e-05,0,0,0,0.000167710543764803,0,0.00063686204396146,0,0.0113496895712171,0,0.00349592166138024,0,0,0,0,0,0.00710168496218304,0,0.00119316901790895,0,0,0.0083563632538809,0,0,0,0,0,0,0,0.0012236067253662,0,0.00109771476193705,0,0,0,0,0,3.74563779694865e-06,0,0,1.07542305340896e-05,0,0.0091079290759917,0,0
0,0.000103431608012604,0,0.00409182807786509,0,0.000406756744144011,0,0.000948466564836929,0,0.00188151447761091,0,0.0490223710493323,0,0.00173352898402638,0,4.14652730399666e-05,1.63351753858969e-05,0.000366184316234637,0.000482304475918999,0.0186863081472259,0,0,0,0.00112806747161268,0,0,0,0,0,0.00297308787100698,0,0,0,0,0,0.00217091161435506,0,0.000217229491525093,0,1.01397284926166e-05,4.05979266511283e-05,0.00216531704575666,8.05916805588086e-05,0.000274619841289951,0,0.0038469800332395,9.18064154305221e-06,0,0,0.00272776123035094,0,0.0104815921832282,0,0.00097645651488935,0,0.00204722201379567,0,0,0,0.0577470220218472,0,0.00221183207398396,0.0386060465566405,0,0,0,0.00178496220846521,0,0,0,0.0188407703349891,0,0.0471770189344934,0,0,0,0,0,0.000477493297007583,0,0.00042866218047026,0,0.000667918333772178,2.21888081611645e-05,0.0128339370851232,0.00143612486218021,0
0.000120344906733502,0,0.00432334444201391,0,0.000285034530379683,0,0,0,5.74493483273771e-05,0,0.00215219928958672,0,0.0175624640649903,0,0,0,0,0,0,0,0,0,0,0,0,0,0,0,0,0,0,0,0,0,0,0,8.39885417420669e-06,0,9.32821523514266e-06,0,0,0,2.50802236234655e-05,0,0,0,0,0,0.00101287966067831,0,0.00934217427777038,0,0.000812970683935163,0,3.14875594667179e-05,0,0.00710168496218304,0,0,0,0.000911178270581883,0,0,3.99869681148602e-05,0,0,0,1.78938359626259e-05,0,0,0,0,0,0,0,0,0,0,0,7.63182400654434e-06,0,1.18297024336046e-05,3.16132042677789e-06,0,0.000887638665551209,0,0
