0,0,11.5189327696959,0,0,0,0,0,6.19847927466933,0,0,0,0,0,9.7417817549272,0,51.5187852647569,47.9345002174377,34.4063969888995,0,65.4520215988159,0,0,0,10.769101524353,0,0,0,0,0,0,0,0,0,0,0,54.2569700876872,0,14.7097888426347,0,40.5992075602214,0,21.6770159142087,0,0,84.677360534668,26.2803576787313,46.1535949707031,7.76906762871088,0,0,0,0,0,4.3868708189796,0,23.1875630787441,0,12.1182618141174,0,6.2096781289136,0,0,37.7258325576782,0,0,0,10.5350799560547,0,0,0,0,0,34.1057198047638,0,0,0,0,0,39.6249448140462,0,41.9138607449002,13.8772975525825,0,12.0423085023279,0,22.3380556106567
0,0,0,7.59340631260591,0,0,0,0,0,5.01497912835218,0,0,0,0,0,3.64956444785708,55.8249492645264,0,13.5521333217621,0,0,23.9723501205444,0,19.5409320195516,0,0,0,0,0,0,0,0,0,0,0,0,0,0,0,0,0,12.7017020939449,0,0,0,0,0,0,0,5.46631975827152,0,0,0,0,0,4.75305405136398,0,20.1874408721924,0,0,0,3.61639875951021,0,0,0,0,13.4937618732452,0,8.327780816866,0,8.45299549102783,0,0,0,0,0,0,0,0,0,0,0,8.50093035264449,0,5.96957731903146,13.1484398841858,0
11.5189327696959,0,0,0,10.5318050384521,0,0,0,5.46839332580566,0,38.5296096801758,0,0,0,0,0,50.2904472351074,112.738594055176,44.0083838871547,0,33.4053726196289,0,0,0,0,0,0,0,0,0,0,0,0,0,0,0,68.1631326675415,0,33.6854448318481,0,0,0,25.2058295008648,0,0,0,23.3283886114756,0,4.97112119696439,0,16.3807582855225,0,0,0,5.35475427104581,0,28.1421051025391,0,23.761749903361,0,9.39108753204346,0,0,42.809092203776,0,0,0,0,0,0,0,32.9141416549683,0,33.7762982108376,0,0,0,0,0,43.188545408703,0,38.8541178385417,11.1921714460346,0,16.5666878935825,0,22.4013680997102
0,7.59340631260591,0,0,0,6.00678431757035,0,0,0,7.24545201947612,0,0,0,0,0,0,0,56.329158782959,39.4239230685764,0,0,0,0,0,0,0,0,0,0,0,0,0,0,0,0,27.353817431132,0,0,0,44.1966665188471,0,33.9650940229726,84.6390838623047,0,0,33.5505144185033,0,51.8294334411621,39.9944926991182,34.0957624606597,0,6.78496049860654,0,0,0,8.77178596797055,92.0307846069336,4.28524221339316,0,5.76618865653351,0,4.94893721739451,25.7431325912476,0,0,0,44.317943572998,0,32.4760818481445,0,34.8617233276367,0,32.9067175153276,0,0,0,0,0,49.8637521885059,79.5277099609375,46.4306460789272,109.561798095703,12.0892907695006,12.6980860336967,15.4534712342809,18.598070303599,0
0,0,10.5318050384521,0,0,0,6.57260610716683,0,3.70814045270284,0,0,0,0,0,0,0,0,0,0,0,6.79416547311801,0,0,0,0,0,0,0,0,0,0,0,0,0,0,0,21.5467541558402,0,0,0,39.4100009373256,0,43.8768109408292,0,0,0,50.7680625915527,0,41.4638540094549,0,3.94138032736602,0,5.95156423250834,0,4.00831127166748,0,31.1698112487793,0,25.4770164489746,0,0,0,0,12.6057356105131,0,0,0,0,0,0,0,0,0,42.0157165527344,0,0,0,0,0,24.084658591978,0,48.1148262023926,7.95247524622324,0,18.7025001559939,0,0
0,0,0,6.00678431757035,0,0,0,3.52929611206055,0,9.42851756927662,0,0,0,5.45604496002197,0,5.68117189407349,0,0,0,5.31396834055583,0,0,0,0,0,0,0,0,0,0,0,0,0,0,0,18.6321258431389,0,0,0,44.3565521240234,0,42.2151891534979,0,0,0,40.0050086975098,0,0,0,48.2926826477051,0,3.78279189227783,0,3.84447082720305,0,8.05328529614669,0,5.52018744104049,0,3.58770275115967,0,0,7.33471801064231,0,0,0,55.0217170715332,0,0,0,0,0,45.2732610066732,0,0,0,0,0,18.3720400564132,0,44.4339962005615,0,5.1569345902295,0,9.37198687164704,0,0
0,0,0,0,6.57260610716683,0,0,0,0,0,0,0,0,0,0,0,0,0,0,0,4.00497231483459,0,0,0,0,0,0,0,0,0,0,0,0,0,0,0,0,0,0,0,0,0,0,0,0,0,0,0,0,0,5.7858549732229,0,4.77281280775755,0,0,0,5.32934325081961,0,0,0,0,0,0,0,0,0,0,0,0,0,0,0,0,0,0,0,0,0,0,0,0,0,3.51998499820107,3.03011158108711,0,0,0
0,0,0,0,0,3.52929611206055,0,0,0,0,0,0,0,2.98204163710276,0,0,0,0,0,0,0,0,0,0,0,0,0,0,0,0,0,0,0,0,0,0,0,0,0,0,0,0,0,0,0,0,0,0,0,0,0,3.31883003030504,0,2.95185839745306,0,0,0,3.1335041920344,0,3.35428309947886,0,0,0,0,0,0,0,0,0,0,0,0,0,0,0,0,0,0,0,0,0,0,3.34763817201581,0,0,0,0
6.19847927466933,0,5.46839332580566,0,3.70814045270284,0,0,0,0,0,0,0,0,0,3.56014986103084,0,19.7889952197998,37.5723774607589,45.1468018849691,0,0,0,0,0,4.35237356654385,0,0,0,0,0,0,0,0,0,0,0,83.8356552124023,0,6.22914342111157,0,0,0,22.806967510304,0,0,0,46.8783020973206,0,9.3425920350211,0,22.785270690918,0,0,0,6.40622330359791,0,105.628379821777,0,0,0,5.25835957887926,0,0,0,0,0,0,5.79288370792682,0,0,0,0,0,51.4193267822266,0,0,0,0,107.375175476074,48.4065246582031,0,11.171275138855,7.77471390862371,0,6.80770502855748,0,0
0,5.01497912835218,0,7.24545201947612,0,9.42851756927662,0,0,0,0,0,0,0,0,0,6.04762259551457,0,4.59666792675853,0,0,0,0,0,6.52486767951381,0,2.98850822313265,0,0,0,0,0,0,0,0,0,0,0,8.66499747909032,0,53.9439067840576,0,27.7977527335838,0,0,0,29.9166507720947,0,0,0,4.77260493148457,0,9.24173802137375,0,0,0,4.49016152004941,0,0,0,0,0,3.27088409662247,0,0,0,0,5.48696653164216,0,3.53338583310445,0,0,0,39.0993003845215,0,0,0,0,0,71.544677734375,0,10.8037029849856,0,4.49719505967931,3.56440324442727,6.7632628542478,0,0
0,0,38.5296096801758,0,0,0,0,0,0,0,0,0,4.07119311135391,0,0,0,0,0,52.6507250467936,0,4.65759234452672,0,0,0,0,0,0,0,4.80690479940838,0,5.02937822563704,0,0,0,0,0,0,0,4.52201871502644,0,54.1735610961914,0,56.9969835281372,0,33.5548057556152,0,34.5303401947021,0,51.7866668701172,0,0,0,5.72489177819454,0,0,0,5.45388746863968,0,0,0,0,0,0,11.9917654183603,0,0,0,0,0,0,0,0,0,5.90598834120987,0,0,0,0,87.5014266967773,43.8645924634712,0,9.44026349530075,4.32749733709751,2.8718602180481,22.5991549491882,0,0
0,0,0,0,0,0,0,0,0,0,0,0,0,3.42486006648917,0,0,0,0,0,4.28197877244516,0,0,0,0,0,0,0,0,0,4.20490586639631,0,0,0,0,0,4.00910613418284,0,4.05549612328558,0,0,0,0,0,0,0,0,0,0,0,0,0,0,0,0,0,0,0,5.90468589696976,0,4.07176488445651,0,0,5.16163503843854,0,0,0,0,0,0,0,0,0,8.01831908861796,0,0,0,0,0,4.78919867873192,0,4.80090280647936,0,3.67175186295474,0,10.8418848568743,0,0
0,0,0,0,0,0,0,0,0,0,4.07119311135391,0,0,0,3.34799719519085,0,0,0,0,0,0,0,0,0,0,0,0,0,0,0,0,0,0,0,0,0,0,0,0,0,0,0,0,0,0,0,0,0,0,0,0,0,3.23868711789449,0,7.30774545669556,0,0,0,3.42842781945561,0,3.32346317503187,0,0,0,0,0,0,0,0,0,0,0,0,0,0,0,0,0,0,0,0,0,3.62218400410243,3.10117149353027,20.6854839324951,0,0
0,0,0,0,0,5.45604496002197,0,2.98204163710276,0,0,0,3.42486006648917,0,0,0,3.80502714429583,0,0,0,0,0,0,0,0,0,0,0,3.98242549462752,0,3.05246806144714,0,0,0,0,0,0,0,0,0,0,0,0,0,0,0,0,0,0,0,0,0,5.4153239428997,0,0,0,0,0,3.65687453119378,0,3.90728518542121,0,0,0,0,0,0,0,0,0,0,3.95371294021606,0,0,0,0,0,0,0,0,0,0,0,3.09257710065773,0,0,0,0
9.7417817549272,0,0,0,0,0,0,0,3.56014986103084,0,0,0,3.34799719519085,0,0,0,12.6728725180162,60.7003211975098,59.0396423339844,0,0,0,0,0,3.16560387611389,0,0,0,0,0,0,0,0,0,0,0,0,0,0,0,0,0,0,0,0,0,0,0,0,0,0,0,0,0,4.4916669859303,0,0,0,3.50822226206462,0,4.16032564165917,0,0,0,0,0,0,0,0,0,0,0,0,0,0,0,0,0,0,0,0,0,8.20622231831422,5.42267787456512,21.9623737335205,0,0
0,3.64956444785708,0,0,0,5.68117189407349,0,0,0,6.04762259551457,0,0,0,3.80502714429583,0,0,25.5368556976318,22.1230211624732,15.9591430936541,0,0,0,0,0,0,3.42018606446006,0,0,0,0,0,0,0,0,0,0,0,0,0,0,0,0,0,0,0,0,0,0,0,0,0,0,0,0,0,3.2567955493927,0,0,0,0,0,3.10326938323787,0,0,0,0,0,0,0,0,0,0,0,0,0,0,0,0,0,0,0,0,7.24902671575546,0,0,0,0
51.5187852647569,55.8249492645264,50.2904472351074,0,0,0,0,0,19.7889952197998,0,0,0,0,0,12.6728725180162,25.5368556976318,0,22.7913343776209,33.7071760937183,0,72.9083690643311,31.0676145553589,2.84646903950235,0,12.263746633407,0,20.0992408309664,0,0,0,0,0,0,0,0,102.152795314789,96.5444066664752,97.0245742797852,70.1998986743745,75.4410098323116,71.4726694280451,68.0176592412985,51.9989692687988,0,46.1889864603678,64.2881499902526,62.0049318271213,0,49.3094037373861,83.0474252700806,61.6727256774902,0,0,0,21.8854263530058,0,63.5370567723324,73.8182716369629,67.1097431182861,0,13.8383954763412,0,78.5454563564724,70.2673064337836,0,2.96257174015045,0,3.62163903496482,0,4.37511086463928,0,0,95.3145041832557,61.982554965549,0,0,0,0,86.9724995006215,79.5324832863278,86.2573318481445,64.4768613179525,16.3134691352522,10.1630544206757,60.1834629779587,61.8340153012957,48.1674936839512
47.9345002174377,0,112.738594055176,56.329158782959,0,0,0,0,37.5723774607589,4.59666792675853,0,0,0,0,60.7003211975098,22.1230211624732,22.7913343776209,0,22.5245452661075,0,59.1671257019043,8.04183485600855,0,6.50268594898395,42.7521119117737,10.0808145364126,46.4952697753906,2.84603750705719,0,0,0,0,0,98.6257553100586,0,95.2523038387299,100.178339159166,97.2103843688965,104.167861938477,71.8481996237826,77.4459071912264,52.2432829224237,64.650489171346,0,44.0746612548828,61.8518835902214,67.6430469331287,0,97.9742107391357,73.872757212321,0,0,0,0,34.5562877655029,7.12002885341644,58.523551940918,0,0,0,0,2.89242267608643,77.9486042022705,81.0157629314222,5.74288690380934,0,11.6012165804167,0,8.84895215715681,0,4.01830625534058,0,73.4860544204712,79.3940377235413,0,0,0,0,82.6643309915872,85.1548569777916,78.2113619910346,80.9623123617733,12.448553236003,7.35255775775438,62.3889793996458,50.9069559733073,62.1542140415737
34.4063969888995,13.5521333217621,44.0083838871547,39.4239230685764,0,0,0,0,45.1468018849691,0,52.6507250467936,0,0,0,59.0396423339844,15.9591430936541,33.7071760937183,22.5245452661075,0,0,55.8813234475943,38.5579477945964,0,20.6466455459595,0,0,59.8123334248861,0,0,0,0,0,0,0,0,65.1218497715774,75.9915187005365,74.0246686433491,62.8519123077393,46.5256089955756,49.8722283150539,28.2571048658553,29.8375476402872,21.5173995768438,18.6797935830222,36.767029801782,42.4558404369541,67.8494606018066,32.9876737129398,45.2436032782661,75.1826782226562,39.506046295166,0,0,56.6120986938477,0,49.9022531509399,26.6715385437012,78.8935859680176,100.701477050781,0,0,54.1364780909109,53.5699582584834,27.5186338424683,0,17.3286809187669,0,31.7539176940918,0,34.6681041717529,56.6090316772461,35.0986084285302,47.8927271766384,0,0,0,0,54.8454704317454,59.7626118204701,40.6783004597406,48.9638675482903,18.1311652398716,46.4095074046742,33.554867288973,18.4841455964299,26.2233896307512
0,0,0,0,0,5.31396834055583,0,0,0,0,0,4.28197877244516,0,0,0,0,0,0,0,0,0,0,0,0,0,0,0,0,0,0,0,0,0,0,0,5.37330012044502,0,6.78139618347431,0,11.9960007137722,0,0,0,0,0,10.7763429108788,0,0,0,0,0,0,0,0,0,0,0,6.05090564489365,0,0,0,0,4.50849709254538,0,0,0,0,0,0,0,0,0,10.5880017280579,0,0,0,0,0,5.27438473580144,0,8.76683702468872,0,4.35985447280109,0,5.90041050969101,0,0
65.4520215988159,0,33.4053726196289,0,6.79416547311801,0,4.00497231483459,0,0,0,4.65759234452672,0,0,0,0,0,72.9083690643311,59.1671257019043,55.8813234475943,0,0,0,0,0,0,0,0,0,0,0,26.7270412445068,0,0,0,0,0,8.07851695948543,0,6.9343379805212,0,39.3698062896729,0,43.476965268453,0,0,75.9383392333984,34.2967128020066,0,28.4478282928467,0,6.29181388277092,0,6.50825766650113,0,0,0,11.1744295751131,0,40.5429992675781,0,0,0,0,9.88106194240249,0,0,0,0,0,30.8278064727783,0,29.09547996521,0,22.718446735492,0,0,0,0,0,19.0202083380156,0,17.9780017262074,4.06087140201917,0,30.3563363798733,0,21.32728099823
0,23.9723501205444,0,0,0,0,0,0,0,0,0,0,0,0,0,0,31.0676145553589,8.04183485600855,38.5579477945964,0,0,0,3.7774851658765,6.91859086931061,0,12.5700543293586,0,3.52029773592949,0,0,0,0,0,0,0,0,0,5.64956035941132,7.13856177330017,0,0,37.0311786106655,0,0,0,0,0,0,0,7.68285057508584,0,0,0,0,0,0,0,21.5502767562866,0,21.685453414917,0,24.1501369476318,36.5172805786133,0,4.50179366906834,0,6.45642884618687,0,11.0827014065451,0,10.388104279836,0,0,0,0,0,0,0,0,0,7.63724506061929,0,4.32542387089038,4.92399967022431,24.4864200132864,0,0
0,0,0,0,0,0,0,0,0,0,0,0,0,0,0,0,2.84646903950235,0,0,0,0,3.7774851658765,0,0,3.93888929197865,0,3.62806898355484,0,2.95857834815979,0,0,0,0,0,0,0,0,7.48853635787964,5.01212107136612,0,0,0,25.8359298706055,0,0,0,0,24.5557594299316,8.27325710213703,0,0,0,0,0,0,0,37.9305816226535,0,28.4173596245902,0,0,0,0,45.579044342041,5.38240603605906,4.28842394435865,0,7.67353360670326,0,11.0279454049123,0,20.4229133372404,0,0,0,0,0,0,0,0,19.0224418640137,4.99732901499822,4.13101754677601,4.05815443586796,15.6553859029497,0,0
0,19.5409320195516,0,0,0,0,0,0,0,6.52486767951381,0,0,0,0,0,0,0,6.50268594898395,20.6466455459595,0,0,6.91859086931061,0,0,0,4.76345791800097,0,0,0,0,0,0,0,0,0,0,0,3.75918225271512,0,0,0,16.9925861358643,0,0,0,46.4591884613037,0,0,0,9.25644986544337,0,0,0,0,0,5.73489636986873,0,0,0,22.3437074025472,0,7.25048710681774,33.7870197296143,0,7.2389064233271,0,4.44464429617941,0,8.46583399019743,0,15.7267508506775,0,51.9607315063477,0,0,0,0,0,0,0,6.66914051680658,0,4.93761326155771,0,26.5471131251409,0,0
10.769101524353,0,0,0,0,0,0,0,4.35237356654385,0,0,0,0,0,3.16560387611389,0,12.263746633407,42.7521119117737,0,0,0,0,3.93888929197865,0,0,0,4.10251740153347,0,0,0,0,0,0,0,0,0,0,0,4.17890863883786,0,0,0,9.3936653137207,0,0,0,0,0,0,0,0,0,0,0,3.76943511186644,0,40.4475364685059,0,23.5772970517476,0,5.90801763534546,0,0,87.6307754516602,0,7.66960791826248,0,5.19577766748413,0,6.41955927698127,0,15.6805519136516,0,0,0,0,0,0,0,0,0,6.63832785533025,5.66812980965166,29.8110084533691,5.99013572472792,0,0
0,0,0,0,0,0,0,0,0,2.98850822313265,0,0,0,0,0,3.42018606446006,0,10.0808145364126,0,0,0,12.5700543293586,0,4.76345791800097,0,0,0,3.10651564598083,0,0,0,0,0,0,0,0,0,0,0,0,0,0,0,0,0,0,0,0,0,0,0,0,0,0,0,3.89653912978836,0,0,0,0,0,3.06883454322815,0,0,8.45649065627708,0,4.97522980253887,0,3.71287791114865,0,3.13832898437977,0,0,0,0,0,0,0,0,0,0,0,6.81976199150085,0,20.6102142333984,0,0
0,0,0,0,0,0,0,0,0,0,0,0,0,0,0,0,20.0992408309664,46.4952697753906,59.8123334248861,0,0,0,3.62806898355484,0,4.10251740153347,0,0,0,0,0,0,0,0,0,0,0,0,0,0,0,0,0,0,0,0,0,0,0,3.98315238952637,0,0,0,0,0,0,0,27.8984191894531,0,25.2171319325765,0,0,0,0,0,0,5.78288246237713,0,3.59848477806844,0,4.06413679282759,0,9.67713863473189,0,0,0,0,0,0,0,0,0,0,14.2891259491444,0,0,0,0
0,0,0,0,0,0,0,0,0,0,0,0,0,3.98242549462752,0,0,0,2.84603750705719,0,0,0,3.52029773592949,0,0,0,3.10651564598083,0,0,0,5.62014431893071,0,0,0,0,0,0,0,4.85399484634399,0,0,0,0,0,0,0,0,0,0,0,0,0,0,0,0,0,0,0,0,0,3.53884766318581,0,0,0,0,3.05345124186892,0,0,0,2.95564866065979,0,4.41050390446384,0,10.6891895336441,0,0,0,0,0,0,0,4.90649960146231,0,3.4115993635995,0,0,0,0
0,0,0,0,0,0,0,0,0,0,4.80690479940838,0,0,0,0,0,0,0,0,0,0,0,2.95857834815979,0,0,0,0,0,0,0,3.46890721444426,0,0,0,0,0,0,0,0,0,0,0,0,0,0,0,0,0,0,0,0,0,0,0,0,0,8.25189876556396,0,0,0,0,0,0,0,0,0,0,0,0,0,0,4.08655332142096,0,3.6932190843657,0,0,0,0,0,0,0,0,2.89417847720059,2.82927198410034,0,0,0
0,0,0,0,0,0,0,0,0,0,0,4.20490586639631,0,3.05246806144714,0,0,0,0,0,0,0,0,0,0,0,0,0,5.62014431893071,0,0,0,0,0,0,0,0,0,4.63727548506012,0,0,0,0,0,0,0,0,0,0,0,0,0,0,0,0,0,0,0,5.73928062870817,0,0,0,0,0,0,0,0,0,0,0,0,3.38412230355399,0,6.19344777963909,0,0,0,0,0,0,0,5.13068336664244,0,3.02708079417547,0,0,0,0
0,0,0,0,0,0,0,0,0,0,5.02937822563704,0,0,0,0,0,0,0,0,0,26.7270412445068,0,0,0,0,0,0,0,3.46890721444426,0,0,0,0,0,0,0,0,0,3.3173864579025,0,0,0,0,0,0,0,0,0,0,0,0,0,0,0,0,0,5.1277716845274,0,0,0,0,0,0,16.6777858734131,0,0,0,0,0,0,0,3.06921327114105,0,4.51505698659145,0,0,0,0,0,51.2739868164062,0,3.61134173811936,3.14121499359608,2.96917730111342,0,0,0
0,0,0,0,0,0,0,0,0,0,0,0,0,0,0,0,0,0,0,0,0,0,0,0,0,0,0,0,0,0,0,0,4.88198246043405,8.58172923136669,0,4.63915548156509,14.5299694273207,0,0,0,0,0,0,0,0,0,0,5.97525448605102,12.9934564166599,0,0,0,0,0,0,0,0,0,0,0,0,0,0,0,0,0,0,0,0,0,0,0,0,0,5.72482948943068,4.21786871932923,7.45941346314303,12.0247819423676,7.02325586626784,15.4229841979582,0,0,3.60464500968669,0,0,0,0
0,0,0,0,0,0,0,0,0,0,0,0,0,0,0,0,0,0,0,0,0,0,0,0,0,0,0,0,0,0,0,4.88198246043405,0,10.5864469788291,5.4858419678428,24.0086057186127,4.6198935508728,0,0,0,0,0,0,0,0,0,0,5.19048525938827,4.51112003127734,0,0,0,0,0,0,0,0,0,0,0,0,0,0,0,0,0,0,0,0,0,0,0,0,0,7.22095465183258,4.79626804903934,0,7.71246826145011,17.5675050735474,9.44424376397763,0,0,3.85303830587736,0,0,0,0
0,0,0,0,0,0,0,0,0,0,0,0,0,0,0,0,0,98.6257553100586,0,0,0,0,0,0,0,0,0,0,0,0,0,8.58172923136669,10.5864469788291,0,4.20412641826694,5.27891494998824,0,4.40039712463749,5.07913396575234,70.4265823364258,17.0197601318359,0,0,0,0,0,0,6.29364854903478,15.741032409668,4.50587306916714,0,0,0,0,0,0,0,0,0,0,0,0,0,0,0,0,0,0,0,0,0,0,0,0,7.51359767180223,0,3.76294093223719,4.00500238961004,7.73149742241259,0,5.64252040783564,0,3.68907341646323,0,4.60824537277222,0,0
0,0,0,0,0,0,0,0,0,0,0,0,0,0,0,0,0,0,0,0,0,0,0,0,0,0,0,0,0,0,0,0,5.4858419678428,4.20412641826694,0,0,4.27222203572591,0,4.51505431921586,0,0,0,0,0,0,0,0,4.64691178131103,12.0618580671457,0,0,0,0,0,0,0,0,0,0,0,0,0,0,0,0,0,0,0,0,0,0,0,0,0,0,3.15980064868927,4.59790635108948,4.27490447036346,0,6.18289712650675,0,12.5289390306592,4.52018570686135,0,0,0,0
0,0,0,27.353817431132,0,18.6321258431389,0,0,0,0,0,4.00910613418284,0,0,0,0,102.152795314789,95.2523038387299,65.1218497715774,5.37330012044502,0,0,0,0,0,0,0,0,0,0,0,4.63915548156509,24.0086057186127,5.27891494998824,0,0,4.84574191065865,7.0057691782998,7.71097878047398,71.0805470148722,113.23055267334,55.6482060369838,72.4022472381592,52.1971670941609,64.714469909668,33.8829634369596,104.750460537997,20.8294878637554,33.6563972897,35.2376103828693,0,38.0111647333418,0,0,0,0,0,49.4765208562215,0,0,0,0,9.02528371696638,112.138771057129,0,0,0,0,90.3757705688477,0,0,0,81.1180180140904,129.261959075928,10.0124135024286,31.3388819885254,4.51903429640547,0,8.48173193045025,12.2800774806076,11.3836778648203,150.671966552734,8.2226868516119,5.99004273355743,43.1716724396571,50.3392244180044,82.5200881958008
54.2569700876872,0,68.1631326675415,0,21.5467541558402,0,0,0,83.8356552124023,0,0,0,0,0,0,0,96.5444066664752,100.178339159166,75.9915187005365,0,8.07851695948543,0,0,0,0,0,0,0,0,0,0,14.5299694273207,4.6198935508728,0,4.27222203572591,4.84574191065865,0,8.31998705863953,9.2406460214723,113.181989542643,55.419717161996,110.303582509359,55.4934713255684,96.0832977294922,58.5043203735352,107.412879943848,47.4121213917106,8.54722466125145,24.796450998725,169.169342041016,24.4309724517491,0,0,0,68.4293899536133,0,65.2193351225419,149.464462280273,72.7770816802979,0,0,0,0,24.8548238398588,0,0,0,0,0,0,0,48.4376220703125,0,75.5309080335829,13.0489195700615,22.6945363391529,0,9.76266086101532,20.0633963305375,8.21606326233765,110.460571289062,15.1267731778513,10.4131983749362,6.02561837671087,48.4335225650242,0,51.5993599747166
0,0,0,0,0,0,0,0,0,8.66499747909032,0,4.05549612328558,0,0,0,0,97.0245742797852,97.2103843688965,74.0246686433491,6.78139618347431,0,5.64956035941132,7.48853635787964,3.75918225271512,0,0,0,4.85399484634399,0,4.63727548506012,0,0,0,4.40039712463749,0,7.0057691782998,8.31998705863953,0,3.97123376039358,76.788875579834,0,23.2492321123157,0,61.5441729227702,0,51.9952160063244,113.425064086914,8.73856432996275,0,5.99500944013671,0,0,0,0,0,7.2628871254299,0,6.2212837100029,0,0,0,0,10.4037960370382,0,5.69941131197855,0,4.67976714324951,0,0,0,4.3222954121847,0,6.47554150126901,0,0,0,4.56513585923593,0,11.0215017751265,0,6.32450610826209,0,5.34683374865155,5.99902140569387,9.32591713496617,52.9708843231201,0
14.7097888426347,0,33.6854448318481,0,0,0,0,0,6.22914342111157,0,4.52201871502644,0,0,0,0,0,70.1998986743745,104.167861938477,62.8519123077393,0,6.9343379805212,7.13856177330017,5.01212107136612,0,4.17890863883786,0,0,0,0,0,3.3173864579025,0,0,5.07913396575234,4.51505431921586,7.71097878047398,9.2406460214723,3.97123376039358,0,123.672035217285,55.9359077453613,64.8903694152832,23.5745997260994,0,40.2422218322754,62.0949001312256,42.7224294584091,6.07821949703387,6.12561415829851,0,0,0,0,0,3.7925877571106,0,5.81230236117433,0,58.2900352478027,0,0,0,87.7517166137695,14.8174581632948,2.95981431007385,8.02788165880709,0,6.10793305294854,0,0,0,0,0,8.72725714136053,0,0,0,5.19994653354992,28.3709885279338,15.2816785387365,0,6.1838781118627,5.94718886356728,4.0453723602169,21.8672324410567,60.076042175293,35.8001026153564
0,0,0,44.1966665188471,0,44.3565521240234,0,0,0,53.9439067840576,0,0,0,0,0,0,75.4410098323116,71.8481996237826,46.5256089955756,11.9960007137722,0,0,0,0,0,0,0,0,0,0,0,0,0,70.4265823364258,0,71.0805470148722,113.181989542643,76.788875579834,123.672035217285,0,81.4813627763228,26.1996079162284,44.2829146144366,33.3799121563251,51.1426410675049,18.6476538783001,71.3053848266602,36.2575674567904,74.1470260620117,24.2371634651633,71.7919235229492,51.464030456543,0,0,0,0,75.3194758097331,48.7202151371882,0,45.2440897623698,0,0,12.1987704280889,80.8156180381775,0,0,0,0,82.4148178100586,0,53.5487903594971,0,53.2103944049884,91.840420218075,0,0,0,0,27.3631007692368,95.1234073638916,47.1120163472884,90.028538423426,39.8252731727171,48.7266992371658,25.0282679699153,35.2528016405894,66.3565775553385
40.5992075602214,0,0,0,39.4100009373256,0,0,0,0,0,54.1735610961914,0,0,0,0,0,71.4726694280451,77.4459071912264,49.8722283150539,0,39.3698062896729,0,0,0,0,0,0,0,0,0,0,0,0,17.0197601318359,0,113.23055267334,55.419717161996,0,55.9359077453613,81.4813627763228,0,35.287068049113,23.3794771205628,0,27.7532208306449,69.1364765167236,23.0205560014519,8.81581250491895,6.68530178462204,0,38.4447498321533,0,0,0,38.8117408752441,0,46.1186746781872,0,42.7976070750843,0,0,0,92.9631652832031,19.0100331292515,0,0,0,0,0,0,0,49.6214599609375,72.5385513305664,34.1268633774349,0,0,0,0,81.981529712677,18.4350598010244,84.6581554412842,22.7513058527656,41.061158940196,51.4755007425944,15.6394531830497,0,28.251738511599
0,12.7017020939449,0,33.9650940229726,0,42.2151891534979,0,0,0,27.7977527335838,0,0,0,0,0,0,68.0176592412985,52.2432829224237,28.2571048658553,0,0,37.0311786106655,0,16.9925861358643,0,0,0,0,0,0,0,0,0,0,0,55.6482060369838,110.303582509359,23.2492321123157,64.8903694152832,26.1996079162284,35.287068049113,0,17.7414488736117,31.0641907374064,27.2260503768921,40.2345891269952,68.0460551125663,10.0610423721373,20.407843559019,22.0328190978588,80.9850006103516,38.4783011674881,0,0,0,22.9713468118147,72.6662000020345,26.0841854246039,84.2104110717773,42.3226985931396,0,0,30.1109858549601,66.9296636581421,49.3341217041016,0,41.880081133409,0,30.5946294784546,0,30.2641664048036,78.5086441040039,29.6266636471236,84.3282232284546,0,0,0,0,34.4238456178522,82.9854977925618,36.7374132838514,71.2524154663086,21.0334226881869,35.1884118045669,21.3568438459954,15.7477344063635,51.919895807902
21.6770159142087,0,25.2058295008648,84.6390838623047,43.8768109408292,0,0,0,22.806967510304,0,56.9969835281372,0,0,0,0,0,51.9989692687988,64.650489171346,29.8375476402872,0,43.476965268453,0,25.8359298706055,0,9.3936653137207,0,0,0,0,0,0,0,0,0,0,72.4022472381592,55.4934713255684,0,23.5745997260994,44.2829146144366,23.3794771205628,17.7414488736117,0,0,23.7775298665079,61.493932203813,21.3025639474756,11.8606022903996,9.11500961194441,32.3338843584061,43.2740704218547,0,0,0,43.5864003499349,0,26.1717493744392,0,38.6092370245192,0,31.536429643631,0,41.3460925709118,30.4165453725597,0,0,0,0,0,0,70.1581420898438,28.1808032089809,67.4441938400269,29.9767584327523,0,0,0,0,58.8846858342489,31.3734919012009,65.6580505371094,35.9619484473194,17.0445878619278,25.4871579310933,15.1945666163031,30.5252305603027,15.3331404136258
0,0,0,0,0,0,0,0,0,0,0,0,0,0,0,0,0,0,21.5173995768438,0,0,0,0,0,0,0,0,0,0,0,0,0,0,0,0,52.1971670941609,96.0832977294922,61.5441729227702,0,33.3799121563251,0,31.0641907374064,0,0,0,21.5198245754948,0,0,0,38.6008224487305,0,20.1494827270508,0,0,0,0,0,20.1071033477783,0,0,0,0,40.9497566223145,0,0,0,0,0,0,0,0,0,21.6337532630334,0,0,0,0,0,41.5958350944519,76.4403381347656,26.6267984451786,67.5703887939453,22.5182963718068,12.4075835545858,17.7280487436237,0,0
0,0,0,0,0,0,0,0,0,0,33.5548057556152,0,0,0,0,0,46.1889864603678,44.0746612548828,18.6797935830222,0,0,0,0,0,0,0,0,0,0,0,0,0,0,0,0,64.714469909668,58.5043203735352,0,40.2422218322754,51.1426410675049,27.7532208306449,27.2260503768921,23.7775298665079,0,0,33.520275592804,16.3952337271794,0,0,0,0,0,0,0,0,0,40.3817790985107,0,0,0,0,0,0,27.5650376677513,0,0,0,0,0,0,0,0,0,40.5840330123901,0,0,0,0,54.3778228759766,36.2935582674467,47.8680114746094,42.7151978321564,14.0097584724426,13.6923379898071,11.7356402946461,20.2019424438477,19.8777637382348
84.677360534668,0,0,33.5505144185033,0,40.0050086975098,0,0,0,29.9166507720947,0,0,0,0,0,0,64.2881499902526,61.8518835902214,36.767029801782,10.7763429108788,75.9383392333984,0,0,46.4591884613037,0,0,0,0,0,0,0,0,0,0,0,33.8829634369596,107.412879943848,51.9952160063244,62.0949001312256,18.6476538783001,69.1364765167236,40.2345891269952,61.493932203813,21.5198245754948,33.520275592804,0,66.4871460369655,32.5256913503011,35.2333137678063,34.5111219426785,0,27.0004880693224,0,0,0,0,74.580020904541,19.7643881164679,0,25.1610771814982,0,0,11.1994047932555,74.496455852802,0,0,46.5085830688477,0,35.7494939168294,0,35.8736699202965,0,25.6764622075217,74.6499519348145,0,0,0,0,26.1078601375281,82.6268354451881,22.7979774639524,72.8749443689982,26.6840846031019,33.1136790752411,18.4685544412139,46.3854464424981,80.5433082580566
26.2803576787313,0,23.3283886114756,0,50.7680625915527,0,0,0,46.8783020973206,0,34.5303401947021,0,0,0,0,0,62.0049318271213,67.6430469331287,42.4558404369541,0,34.2967128020066,0,0,0,0,0,0,0,0,0,0,0,0,0,0,104.750460537997,47.4121213917106,113.425064086914,42.7224294584091,71.3053848266602,23.0205560014519,68.0460551125663,21.3025639474756,0,16.3952337271794,66.4871460369655,0,0,40.7425577102169,67.3365936279297,39.3722359339396,0,0,0,32.0321350097656,0,39.2291417563014,0,36.4175826923267,0,0,0,79.1910438537598,15.5785133935643,0,0,0,0,0,0,0,45.39951171875,75.8232803344727,43.8892252873715,0,0,0,0,86.4377344948905,22.7583463209057,83.3260426521301,39.2797572498392,38.1441496317225,32.0035992576962,21.570265644575,58.2860069274902,29.8249625444412
46.1535949707031,0,0,51.8294334411621,0,0,0,0,0,0,0,0,0,0,0,0,0,0,67.8494606018066,0,0,0,24.5557594299316,0,0,0,0,0,0,0,0,5.97525448605102,5.19048525938827,6.29364854903478,4.64691178131103,20.8294878637554,8.54722466125145,8.73856432996275,6.07821949703387,36.2575674567904,8.81581250491895,10.0610423721373,11.8606022903996,0,0,32.5256913503011,0,0,7.05503181671708,4.28142171538116,0,41.8521308898926,0,0,0,0,0,0,0,0,0,0,0,0,0,0,0,0,0,0,60.6609420776367,0,64.1730117797852,0,7.222858754668,6.10340845304077,3.61099439638632,5.9607346970358,9.50605313552535,7.23537832301061,24.8478639821212,10.0562021334966,5.43938212528952,5.47840976715088,6.32974850363182,0,0
7.76906762871088,0,4.97112119696439,39.9944926991182,41.4638540094549,0,0,0,9.3425920350211,0,51.7866668701172,0,0,0,0,0,49.3094037373861,97.9742107391357,32.9876737129398,0,28.4478282928467,0,8.27325710213703,0,0,0,3.98315238952637,0,0,0,0,12.9934564166599,4.51112003127734,15.741032409668,12.0618580671457,33.6563972897,24.796450998725,0,6.12561415829851,74.1470260620117,6.68530178462204,20.407843559019,9.11500961194441,0,0,35.2333137678063,40.7425577102169,7.05503181671708,0,4.95362854003906,41.9629464303294,49.790096282959,0,0,11.6038270711899,0,32.2647168259872,0,43.5262638560513,49.4762058258057,11.8276443481445,0,0,27.3430361611503,0,13.3917154220861,70.6298599243164,5.40862759878469,0,4.04881865913804,0,19.0795500278473,62.3547449111938,23.2821548361527,0,14.822082567215,15.5531015396118,4.76293357781002,62.2953932625907,11.092459153852,64.5020942687988,7.44567403419524,8.91358714137939,28.8447443644206,12.537883258375,0,26.1199059247971
0,5.46631975827152,0,34.0957624606597,0,48.2926826477051,0,0,0,4.77260493148457,0,0,0,0,0,0,83.0474252700806,73.872757212321,45.2436032782661,0,0,7.68285057508584,0,9.25644986544337,0,0,0,0,0,0,0,0,0,4.50587306916714,0,35.2376103828693,169.169342041016,5.99500944013671,0,24.2371634651633,0,22.0328190978588,32.3338843584061,38.6008224487305,0,34.5111219426785,67.3365936279297,4.28142171538116,4.95362854003906,0,0,45.8160924044522,0,0,0,4.01585812866688,71.2024307250977,7.19702299388058,0,6.69882151844737,0,4.55474623703858,27.835452409891,80.1036071777344,6.27983325124522,0,8.47236185995015,0,7.55723499791502,0,9.20977321284556,0,25.2195587291896,79.8803672790527,9.27312850952148,0,4.05386358499527,0,23.4221497543223,96.1129404703776,8.38881386810318,141.532684326172,18.028222027106,33.7525553983801,14.5448921027567,29.7972899079323,0
0,0,16.3807582855225,0,3.94138032736602,0,5.7858549732229,0,22.785270690918,0,0,0,0,0,0,0,61.6727256774902,0,75.1826782226562,0,6.29181388277092,0,0,0,0,0,0,0,0,0,0,0,0,0,0,0,24.4309724517491,0,0,71.7919235229492,38.4447498321533,80.9850006103516,43.2740704218547,0,0,0,39.3722359339396,0,41.9629464303294,0,0,0,6.317699961819,0,5.51325200585758,0,8.09932109344104,0,4.62817932665348,0,3.10133147239685,0,100.363227844238,9.16853485788618,0,0,0,0,0,0,0,0,0,40.9584020726821,0,0,0,0,0,27.0207764288622,0,48.9216331481934,13.9318989188704,0,15.5585342886743,0,29.919807434082
0,0,0,6.78496049860654,0,3.78279189227783,0,3.31883003030504,0,9.24173802137375,0,0,0,5.4153239428997,0,0,0,0,39.506046295166,0,0,0,0,0,0,0,0,0,0,0,0,0,0,0,0,38.0111647333418,0,0,0,51.464030456543,0,38.4783011674881,0,20.1494827270508,0,27.0004880693224,0,41.8521308898926,49.790096282959,45.8160924044522,0,0,0,3.31821559457218,0,8.6594039440155,0,4.65600237908301,0,4.94877144268581,0,3.45112500511683,13.9789740774367,0,0,0,50.3430252075195,0,0,0,41.4869823455811,0,49.4641681247287,0,0,0,0,0,33.3195777257284,0,41.6642913818359,0,6.83428694092253,0,14.834301642146,0,0
0,0,0,0,5.95156423250834,0,4.77281280775755,0,0,0,5.72489177819454,0,3.23868711789449,0,0,0,0,0,0,0,6.50825766650113,0,0,0,0,0,0,0,0,0,0,0,0,0,0,0,0,0,0,0,0,0,0,0,0,0,0,0,0,0,6.317699961819,0,0,0,0,0,5.9785055881914,0,0,0,0,0,0,7.90282994270325,0,0,0,0,0,0,0,0,0,0,0,0,0,0,0,0,0,0,4.51461045071483,0,0,0,0
0,0,0,0,0,3.84447082720305,0,2.95185839745306,0,0,0,0,0,0,0,0,0,0,0,0,0,0,0,0,0,0,0,0,0,0,0,0,0,0,0,0,0,0,0,0,0,0,0,0,0,0,0,0,0,0,0,3.31821559457218,0,0,0,0,0,3.81816993394029,0,0,0,0,0,0,0,0,0,0,0,0,0,0,0,0,0,0,0,0,0,0,0,0,3.16891021588269,0,0,0,0
4.3868708189796,0,5.35475427104581,0,4.00831127166748,0,0,0,6.40622330359791,0,0,0,7.30774545669556,0,4.4916669859303,0,21.8854263530058,34.5562877655029,56.6120986938477,0,0,0,0,0,3.76943511186644,0,0,0,0,0,0,0,0,0,0,0,68.4293899536133,0,3.7925877571106,0,38.8117408752441,0,43.5864003499349,0,0,0,32.0321350097656,0,11.6038270711899,0,5.51325200585758,0,0,0,0,0,31.1807498931885,0,16.1322238445282,0,4.40460763590403,0,0,0,0,0,0,4.3377253630582,0,2.8848610719045,0,0,0,40.2946262359619,0,0,0,0,0,54.0058403015137,0,7.02568570507897,9.37904414326075,0,24.4938185214996,0,28.7929306030273
0,4.75305405136398,0,8.77178596797055,0,8.05328529614669,0,0,0,4.49016152004941,0,0,0,0,0,3.2567955493927,0,7.12002885341644,0,0,0,0,0,5.73489636986873,0,3.89653912978836,0,0,0,0,0,0,0,0,0,0,0,7.2628871254299,0,0,0,22.9713468118147,0,0,0,0,0,0,0,4.01585812866688,0,8.6594039440155,0,0,0,0,0,0,0,0,0,3.23968866467476,0,0,0,0,4.72080769833756,0,4.86239814758301,0,0,0,0,0,0,0,0,0,0,0,8.31837154388428,0,5.83557829856873,6.72789001464844,6.65837395892424,0,0
23.1875630787441,0,28.1421051025391,92.0307846069336,31.1698112487793,0,5.32934325081961,0,105.628379821777,0,5.45388746863968,0,0,0,0,0,63.5370567723324,58.523551940918,49.9022531509399,0,11.1744295751131,0,37.9305816226535,0,40.4475364685059,0,27.8984191894531,0,8.25189876556396,0,5.1277716845274,0,0,0,0,0,65.2193351225419,0,5.81230236117433,75.3194758097331,46.1186746781872,72.6662000020345,26.1717493744392,0,40.3817790985107,74.580020904541,39.2291417563014,0,32.2647168259872,71.2024307250977,8.09932109344104,0,5.9785055881914,0,31.1807498931885,0,0,0,7.46495469825731,0,18.0938758850098,0,0,18.0833577750999,0,35.1466572625296,0,32.7933371407645,0,26.038679784139,0,11.7626399880806,0,9.42632479689487,0,0,0,0,112.166301727295,49.8167144656181,0,29.6122058354891,21.2343542401989,12.1044659084744,18.4533063002115,0,23.4454726050882
0,20.1874408721924,0,4.28524221339316,0,5.52018744104049,0,3.1335041920344,0,0,0,5.90468589696976,0,3.65687453119378,0,0,73.8182716369629,0,26.6715385437012,6.05090564489365,0,21.5502767562866,0,0,0,0,0,0,0,5.73928062870817,0,0,0,0,0,49.4765208562215,149.464462280273,6.2212837100029,0,48.7202151371882,0,26.0841854246039,0,20.1071033477783,0,19.7643881164679,0,0,0,7.19702299388058,0,4.65600237908301,0,3.81816993394029,0,0,0,0,0,4.52973881102445,0,5.63604640109198,9.85687832862326,0,28.5939323425293,0,19.8037048975627,0,10.4817638180473,0,5.42453492814162,0,5.53643583867949,0,0,0,0,0,52.5283665974935,0,29.2899874959673,0,8.03784475810286,0,7.78212720290613,21.1208124160767,0
12.1182618141174,0,23.761749903361,0,25.4770164489746,0,0,0,0,0,0,0,3.42842781945561,0,3.50822226206462,0,67.1097431182861,0,78.8935859680176,0,40.5429992675781,0,28.4173596245902,0,23.5772970517476,0,25.2171319325765,0,0,0,0,0,0,0,0,0,72.7770816802979,0,58.2900352478027,0,42.7976070750843,84.2104110717773,38.6092370245192,0,0,0,36.4175826923267,0,43.5262638560513,0,4.62817932665348,0,0,0,16.1322238445282,0,7.46495469825731,0,0,0,4.92989838362698,0,0,22.095600264413,0,30.5806614911115,0,24.1963768005371,0,14.4726613012505,0,8.84892385152002,0,39.7571302675733,0,0,0,0,0,52.4738302230835,0,45.8503684997559,27.8701536980542,0,29.3678545975218,0,29.1376638412476
0,0,0,5.76618865653351,0,3.58770275115967,0,3.35428309947886,0,0,0,4.07176488445651,0,3.90728518542121,0,0,0,0,100.701477050781,0,0,21.685453414917,0,22.3437074025472,0,0,0,3.53884766318581,0,0,0,0,0,0,0,0,0,0,0,45.2440897623698,0,42.3226985931396,0,0,0,25.1610771814982,0,0,49.4762058258057,6.69882151844737,0,4.94877144268581,0,0,0,0,0,4.52973881102445,0,0,0,4.62563913300533,7.78076553344727,0,24.2668542861938,0,14.8244538988386,0,6.07423392246509,0,4.54250580310822,0,39.5734443664551,0,0,0,0,0,45.1905612945557,0,0,0,9.5584683948093,0,8.2952686046642,0,0
6.2096781289136,0,9.39108753204346,0,0,0,0,0,5.25835957887926,0,0,0,3.32346317503187,0,4.16032564165917,0,13.8383954763412,0,0,0,0,0,0,0,5.90801763534546,0,0,0,0,0,0,0,0,0,0,0,0,0,0,0,0,0,31.536429643631,0,0,0,0,0,11.8276443481445,0,3.10133147239685,0,0,0,4.40460763590403,0,18.0938758850098,0,4.92989838362698,0,0,0,0,0,0,0,0,4.75562930107117,0,2.81646378835042,0,0,0,35.8949966430664,0,0,0,0,0,49.8734385172526,0,0,6.08963519818074,7.58215808868408,16.7903250588311,0,22.7491779327393
0,3.61639875951021,0,4.94893721739451,0,0,0,0,0,3.27088409662247,0,0,0,0,0,3.10326938323787,0,2.89242267608643,0,0,0,24.1501369476318,0,7.25048710681774,0,3.06883454322815,0,0,0,0,0,0,0,0,0,0,0,0,0,0,0,0,0,0,0,0,0,0,0,4.55474623703858,0,3.45112500511683,0,0,0,3.23968866467476,0,5.63604640109198,0,4.62563913300533,0,0,0,0,26.6777896881104,0,9.90985844916656,0,4.4663725424041,0,0,0,42.5759391784668,0,0,0,0,0,0,0,0,0,3.57882606983185,0,14.8365513682365,0,0
0,0,0,25.7431325912476,0,7.33471801064231,0,0,0,0,0,5.16163503843854,0,0,0,0,78.5454563564724,77.9486042022705,54.1364780909109,4.50849709254538,0,36.5172805786133,0,33.7870197296143,0,0,0,0,0,0,0,0,0,0,0,9.02528371696638,0,10.4037960370382,87.7517166137695,12.1987704280889,92.9631652832031,30.1109858549601,41.3460925709118,40.9497566223145,0,11.1994047932555,79.1910438537598,0,0,27.835452409891,100.363227844238,13.9789740774367,0,0,0,0,0,9.85687832862326,0,7.78076553344727,0,0,0,86.7296829223633,36.2278175354004,0,29.5744132995605,0,26.4126276652018,0,20.246104164729,0,26.8920127336233,94.4598236083984,0,0,0,0,9.7207369524914,98.0265640258789,38.1238430658976,72.3856201171875,13.3543240840064,43.4516067504883,12.9193101046742,46.4208713713146,0
37.7258325576782,0,42.809092203776,0,12.6057356105131,0,0,0,0,0,11.9917654183603,0,0,0,0,0,70.2673064337836,81.0157629314222,53.5699582584834,0,9.88106194240249,0,45.579044342041,0,87.6307754516602,0,0,0,0,0,16.6777858734131,0,0,0,0,112.138771057129,24.8548238398588,0,14.8174581632948,80.8156180381775,19.0100331292515,66.9296636581421,30.4165453725597,0,27.5650376677513,74.496455852802,15.5785133935643,0,27.3430361611503,80.1036071777344,9.16853485788618,0,7.90282994270325,0,0,0,18.0833577750999,0,22.095600264413,0,0,0,86.7296829223633,0,0,45.4345455169678,0,40.535587310791,0,35.6503966649373,0,28.6800152351116,86.6555709838867,38.3857824339161,0,0,0,0,105.06566619873,22.4570128220903,99.3271255493164,25.5490910850728,35.3745887145818,46.961181640625,24.0505183116846,0,33.3466356739853
0,0,0,0,0,0,0,0,0,0,0,0,0,0,0,0,0,5.74288690380934,27.5186338424683,0,0,4.50179366906834,5.38240603605906,7.2389064233271,0,8.45649065627708,0,3.05345124186892,0,0,0,0,0,0,0,0,0,5.69941131197855,2.95981431007385,0,0,49.3341217041016,0,0,0,0,0,0,0,6.27983325124522,0,0,0,0,0,0,0,28.5939323425293,0,24.2668542861938,0,26.6777896881104,36.2278175354004,0,0,0,6.51722076348528,0,10.8401258313301,0,9.71364624072344,0,0,0,0,0,0,0,0,0,7.93435673509325,0,5.01604809198838,4.23607873916626,29.5592345726199,0,0
0,0,0,0,0,0,0,0,0,0,0,0,0,0,0,0,2.96257174015045,0,0,0,0,0,4.28842394435865,0,7.66960791826248,0,5.78288246237713,0,0,0,0,0,0,0,0,0,0,0,8.02788165880709,0,0,0,0,0,0,0,0,0,13.3917154220861,0,0,0,0,0,0,0,35.1466572625296,0,30.5806614911115,0,0,0,0,45.4345455169678,0,0,0,7.9545889470844,0,9.51380600729061,0,9.93676529603204,0,0,0,0,0,0,0,0,0,8.24685523047376,4.74239519186187,5.23090513547262,31.2728290557861,0,0
0,13.4937618732452,0,44.317943572998,0,55.0217170715332,0,0,0,5.48696653164216,0,0,0,0,0,0,0,11.6012165804167,17.3286809187669,0,0,6.45642884618687,0,4.44464429617941,0,4.97522980253887,0,0,0,0,0,0,0,0,0,0,0,4.67976714324951,0,0,0,41.880081133409,0,0,0,46.5085830688477,0,0,70.6298599243164,8.47236185995015,0,50.3430252075195,0,0,0,4.72080769833756,0,19.8037048975627,0,14.8244538988386,0,9.90985844916656,29.5744132995605,0,6.51722076348528,0,0,0,7.64575598974046,0,12.3208071892722,0,44.5505313873291,0,0,0,0,0,0,0,6.33025158721187,0,7.17050906798849,0,24.0113908826259,0,0
10.5350799560547,0,0,0,0,0,0,0,5.79288370792682,0,0,0,0,0,0,0,3.62163903496482,0,0,0,0,0,7.67353360670326,0,5.19577766748413,0,3.59848477806844,0,0,0,0,0,0,0,0,0,0,0,6.10793305294854,0,0,0,0,0,0,0,0,0,5.40862759878469,0,0,0,0,0,4.3377253630582,0,32.7933371407645,0,24.1963768005371,0,4.75562930107117,0,0,40.535587310791,0,7.9545889470844,0,0,0,5.47939890395594,0,13.135528473627,0,0,0,0,0,0,0,0,0,6.87497856316652,3.35206288412998,0,14.1690530512068,0,0
0,8.327780816866,0,32.4760818481445,0,0,0,0,0,3.53338583310445,0,0,0,0,0,0,0,8.84895215715681,31.7539176940918,0,0,11.0827014065451,0,8.46583399019743,0,3.71287791114865,0,2.95564866065979,0,0,0,0,0,0,0,90.3757705688477,0,0,0,82.4148178100586,0,30.5946294784546,0,0,0,35.7494939168294,0,0,0,7.55723499791502,0,0,0,0,0,4.86239814758301,0,10.4817638180473,0,6.07423392246509,0,4.4663725424041,26.4126276652018,0,10.8401258313301,0,7.64575598974046,0,0,0,5.29983090895873,0,35.3050689697266,0,0,0,0,0,66.4722175598145,0,0,0,33.6153583526611,0,15.1016380968895,0,0
0,0,0,0,0,0,0,0,0,0,0,0,0,0,0,0,4.37511086463928,0,0,0,30.8278064727783,0,11.0279454049123,0,6.41955927698127,0,4.06413679282759,0,0,0,0,0,0,0,0,0,0,0,0,0,0,0,0,0,0,0,0,0,4.04881865913804,0,0,0,0,0,2.8848610719045,0,26.038679784139,0,14.4726613012505,0,2.81646378835042,0,0,35.6503966649373,0,9.51380600729061,0,5.47939890395594,0,0,0,8.06160150451974,0,0,0,0,0,0,0,56.3317527770996,0,0,50.684642791748,0,40.3845163072859,0,0
0,8.45299549102783,0,34.8617233276367,0,0,0,0,0,0,0,0,0,3.95371294021606,0,0,0,4.01830625534058,34.6681041717529,0,0,10.388104279836,0,15.7267508506775,0,3.13832898437977,0,4.41050390446384,0,3.38412230355399,0,0,0,0,0,0,0,4.3222954121847,0,53.5487903594971,0,30.2641664048036,70.1581420898438,0,0,35.8736699202965,0,60.6609420776367,0,9.20977321284556,0,41.4869823455811,0,0,0,0,0,5.42453492814162,0,4.54250580310822,0,0,20.246104164729,0,9.71364624072344,0,12.3208071892722,0,5.29983090895873,0,0,0,5.25963272077334,0,0,0,0,0,73.46914990743,89.4931106567383,4.29884038042666,0,36.7045246798818,38.719362894694,14.1089960636021,30.084285736084,0
