0,0,6.3123043031774,0,0,0,0,0,6.05514591380888,0,0,0,0,0,5.75915838470144,0,0,0,0,0,11.6011180877686,0,0,0,0,0,0,0,0,0,0,0,0,59.3938388824463,47.0223134160042,0,0,67.1330871582031,30.2497097362172,0,0,0,11.0519106728267,0,38.9308471679688,0,23.4253485449429,40.2527779027035,8.7710783407533,0,0,0,0,0,4.49724134400833,0,5.06373333930969,0,0,0,4.86962536970774,0,0,12.871659792092,0,34.2132835388184,0,0,0,5.39332016730151,0,16.3898470512422,0,0,0,0,0,47.8138105790694,0,58.6142721176147,0,30.7638347736777,9.87397440501622,0,8.88368555802867,0,16.7967869440715
0,0,0,0,0,0,0,0,0,4.28221914130197,0,0,0,6.41283147931099,0,5.48439598083496,0,0,0,0,0,0,0,0,0,0,0,0,0,0,0,0,0,51.85768866539,48.2222340901693,0,0,42.599291229248,0,42.1664603097098,0,8.1465828889896,35.1111572265625,0,0,21.3156708511146,0,41.6013722139246,0,6.5653994733637,0,0,0,0,0,3.59372361501058,0,0,0,7.48042920657567,0,4.77907376062302,16.6630935668945,0,0,0,0,0,0,0,29.843412399292,0,0,0,0,0,48.4944670995077,46.375919342041,40.0715770721436,0,34.820912361145,0,21.8411683113344,0,8.4328886395277,7.99459702455545,0
6.3123043031774,0,0,0,0,0,0,0,0,0,0,0,0,0,3.8908953666687,0,0,0,0,0,0,0,0,0,0,0,0,0,0,0,0,0,0,0,0,0,0,0,0,0,0,0,0,0,0,0,7.54146353403727,0,2.85341972112656,0,0,0,0,0,0,0,0,0,2.9832512480872,0,2.96118259429932,0,0,0,0,0,0,0,0,0,0,0,0,0,0,0,0,0,0,0,0,0,0,0,7.08651757240295,0,0
0,0,0,0,0,0,0,0,0,0,0,0,0,0,0,0,0,0,0,0,0,0,0,0,0,0,0,0,0,0,0,0,0,0,0,0,0,0,0,0,0,0,0,0,0,0,0,0,0,0,0,0,0,0,0,0,0,0,0,0,0,0,0,0,0,0,0,0,0,0,0,0,0,0,0,0,0,0,0,0,0,0,0,0,2.7453989982605,0,0
0,0,0,0,0,0,0,0,0,0,0,0,0,0,0,0,0,0,0,0,0,0,0,0,0,0,0,0,0,0,0,0,0,0,0,0,0,0,0,0,0,0,0,0,0,0,0,0,0,0,0,0,0,0,0,0,0,0,0,0,0,0,0,0,0,0,0,0,0,0,0,0,0,0,0,0,0,0,0,0,0,0,0,0,0,0,0
0,0,0,0,0,0,0,0,0,0,0,0,0,0,0,0,0,0,0,0,0,0,0,0,0,0,0,0,0,0,0,0,0,0,0,0,0,0,0,0,0,0,0,0,0,0,0,0,0,0,0,0,0,0,0,0,0,0,0,0,0,0,0,0,0,0,0,0,0,0,0,0,0,0,0,0,0,0,0,0,0,0,0,0,0,0,0
0,0,0,0,0,0,0,0,0,0,0,0,0,0,0,0,0,0,0,0,0,0,0,0,0,0,0,0,0,0,0,0,0,0,0,0,0,0,0,0,0,0,0,0,0,0,0,0,0,0,0,0,0,0,0,0,0,0,0,0,0,0,0,0,0,0,0,0,0,0,0,0,0,0,0,0,0,0,0,0,0,0,0,0,0,0,0
0,0,0,0,0,0,0,0,0,0,0,0,0,0,0,0,0,0,0,0,0,0,0,0,0,0,0,0,0,0,0,0,0,0,0,0,0,0,0,0,0,0,0,0,0,0,0,0,0,0,0,0,0,0,0,0,0,0,0,0,0,0,0,0,0,0,0,0,0,0,0,0,0,0,0,0,0,0,0,0,0,0,0,0,0,0,0
6.05514591380888,0,0,0,0,0,0,0,0,0,0,0,0,0,3.84520982457446,0,0,0,0,0,0,0,0,0,6.67119660231034,0,5.96204881668091,0,0,0,0,0,0,62.901554107666,47.9136657714844,0,0,0,0,0,0,0,8.20688614292421,0,0,0,0,0,6.50102770328522,0,0,0,0,0,3.97123650189104,0,0,0,0,0,3.3673247496287,0,0,0,0,0,0,6.78565465257718,0,0,0,16.3397655963898,0,0,0,0,0,47.7163505554199,0,0,0,29.4977200826009,3.32842834790548,0,6.50835113724073,0,6.31760215759277
0,4.28221914130197,0,0,0,0,0,0,0,0,0,0,0,0,0,0,0,3.26734465360641,0,0,0,0,0,8.06064439091846,0,0,0,0,0,0,0,0,0,0,0,0,0,17.5077763398488,0,0,0,8.6095647510094,0,0,0,0,0,0,0,0,0,0,0,0,0,3.83863725264867,0,0,0,0,0,0,0,0,0,0,4.94049937384469,0,0,0,0,0,0,0,0,0,0,0,0,0,17.1518301963806,0,3.94719662030538,0,2.88405510584513,5.793434993426,0
0,0,0,0,0,0,0,0,0,0,0,0,3.08569197995322,0,0,0,0,0,0,0,2.83481955528259,0,0,0,0,0,0,0,0,0,4.2593729019165,0,0,0,0,0,0,0,5.36392202810808,0,0,0,0,0,0,0,9.26995944976807,0,0,0,0,0,0,0,0,0,3.33300497055054,0,4.80999613489423,0,0,0,0,4.92758138974508,0,0,0,0,0,0,0,0,0,4.64597996075948,0,0,0,0,0,31.1184368133545,0,13.1405431564818,3.89976006580724,0,6.21043138504028,0,0
0,0,0,0,0,0,0,0,0,0,0,0,0,0,0,0,0,0,0,3.76611758450993,0,0,0,0,0,0,0,0,0,8.24935245513916,0,0,0,0,0,0,0,7.19185933801863,0,0,0,0,0,0,0,17.962739944458,0,0,0,0,0,0,0,0,0,0,0,3.1728419886695,0,0,0,0,2.96091842651367,0,0,0,0,0,0,0,0,0,4.21648115044707,0,0,0,0,0,0,0,10.9380276906185,0,0,0,0,0,0
0,0,0,0,0,0,0,0,0,0,3.08569197995322,0,0,0,3.65568038395473,0,0,0,0,0,0,0,0,0,0,0,0,0,0,0,0,0,0,0,0,0,0,0,0,0,0,0,0,0,0,0,0,0,5.18770148203923,0,0,0,0,0,0,0,6.18942747797285,0,3.3802138348015,0,4.41963381151999,0,0,0,0,0,0,0,0,0,0,0,0,0,0,0,0,0,0,0,0,0,0,0,6.97088074684143,0,0
0,6.41283147931099,0,0,0,0,0,0,0,0,0,0,0,0,0,3.98558609826224,0,0,0,0,0,0,0,0,0,0,0,0,0,0,0,0,0,0,0,0,0,0,0,0,0,0,0,0,0,0,0,0,0,8.02248239517212,0,0,0,0,0,0,0,0,0,3.62140761120781,0,3.42842155694962,0,0,0,0,0,0,0,0,0,0,0,0,0,0,0,0,0,0,0,0,0,0,9.49353122711182,0,0
5.75915838470144,0,3.8908953666687,0,0,0,0,0,3.84520982457446,0,0,0,3.65568038395473,0,0,0,0,0,0,0,0,0,0,0,4.08918987001692,0,0,0,0,0,0,0,0,0,0,0,0,0,0,0,0,0,0,0,0,0,0,0,6.36401851177216,0,0,0,0,0,4.77851029733817,0,5.68439551762172,0,3.64989629913779,0,3.51757412065159,0,0,0,0,0,0,10.1710985501607,0,11.6261183420817,0,31.9711055755615,0,0,0,0,0,0,0,0,0,0,4.83939409255981,0,9.92225666607128,0,0
0,5.48439598083496,0,0,0,0,0,0,0,0,0,0,0,3.98558609826224,0,0,0,0,0,0,0,0,0,0,0,0,0,0,0,0,0,0,0,0,0,0,0,0,0,0,0,0,0,0,0,0,0,0,0,3.01488396525383,0,0,0,0,0,2.7492527961731,0,0,0,4.22702352821683,0,0,0,0,0,0,9.46527671813965,0,0,0,0,0,0,0,0,0,0,0,0,0,0,0,0,0,0,0,0
0,0,0,0,0,0,0,0,0,0,0,0,0,0,0,0,0,23.8119854887363,25.8686892326473,0,0,37.2669363283644,21.5264029095311,48.5956086730957,18.3173334480121,55.8425291606358,11.2123804699003,0,0,0,0,0,0,67.1162359237671,51.867239634196,69.343401055587,66.5864191055298,73.4078512191772,68.7619840690068,69.4905836922782,62.9098503406231,48.2688500123865,40.7522136503053,0,0,0,58.671641388718,49.1328963703579,43.8671197681965,59.8293469040482,0,0,0,0,0,0,0,0,0,0,0,0,0,0,42.282712110659,23.0981670165253,62.1500389099121,58.136890411377,58.694764818464,11.4391015092475,0,57.7538642883301,0,0,0,0,58.3209985891978,46.5785925829852,66.5957626240366,62.4366634936372,67.7573957355744,55.4669667019339,20.9197311072597,13.6475532807578,54.0103695919639,30.1136837005615,55.67724609375
0,0,0,0,0,0,0,0,0,3.26734465360641,0,0,0,0,0,0,23.8119854887363,0,19.6538835433622,0,0,23.0730739577463,35.6195852307474,19.2124782414227,36.819902654554,9.109613089891,37.4027214050293,13.2860127962553,0,0,0,0,0,49.473481871865,61.4190576614872,68.0681702813437,71.5268852710724,65.5896493997147,77.4827833203791,60.3024114740306,64.0159539116754,44.1738170644701,46.2722136941853,0,0,0,66.4097595510557,47.8538239242834,50.7402437616278,56.4171325138637,0,0,0,0,0,0,0,0,0,0,0,0,0,0,25.6912327323519,39.9653420333779,20.0106045276888,64.4496231079102,14.0998066937117,38.8517716725667,14.1182955573587,70.5067987442017,0,0,0,0,51.0466267349975,61.1541674477713,63.4493740393494,69.1278584599495,59.9542320820001,65.3569338797793,15.9017181574784,11.137092105804,56.8757693127888,49.5940528196447,58.9549545288086
0,0,0,0,0,0,0,0,0,0,0,0,0,0,0,0,25.8686892326473,19.6538835433622,0,0,0,48.158176378272,42.0159651241471,42.2519755363464,21.2857755076501,52.0083198547363,12.7644494863657,0,0,0,0,0,0,32.6533045238919,28.356315568436,46.3961154353009,41.4094405280219,50.7336453611746,56.2051938682164,36.2283950054899,36.8089635268502,12.6538663317589,19.6095629802294,0,0,0,36.4873754511998,26.5114334106445,27.3841781000937,33.2775731346824,0,0,0,0,0,0,0,0,0,0,0,0,0,0,48.5609354131362,42.7797846258643,18.5013236999512,0,42.249674987793,38.4594904581706,0,42.7627420425415,0,0,0,0,35.2327460232903,32.7242307662964,40.2969220258074,38.6951686327498,55.6297036394661,46.9017016480931,12.7722978911962,50.3852416447231,32.8567878866708,43.6560213906424,15.6182324091593
0,0,0,0,0,0,0,0,0,0,0,3.76611758450993,0,0,0,0,0,0,0,0,0,0,0,0,0,0,0,0,0,6.17592141363356,0,0,0,0,0,6.87878424734683,0,6.37491282196932,0,8.02811238879249,0,10.5364055633545,0,0,0,3.28475456512891,0,0,0,17.0725421905518,0,0,0,0,0,0,0,3.38362547217822,0,0,0,0,4.21419798085128,0,0,0,0,0,0,0,0,0,7.33393983255353,0,0,0,0,0,5.63918486776806,0,12.371422109479,0,3.13729809721311,0,6.33346559872498,0,0
11.6011180877686,0,0,0,0,0,0,0,0,0,2.83481955528259,0,0,0,0,0,0,0,0,0,0,0,0,0,0,0,0,0,0,0,0,0,0,0,0,0,4.48805633213209,0,13.0486771709287,0,0,0,25.4669983386993,0,0,0,6.32538363668654,33.7585487365723,0,0,0,0,0,0,0,0,8.56226845582326,0,0,0,0,0,0,4.45590524746696,0,0,0,0,0,0,0,29.3495438893636,0,20.9420433044434,0,0,0,0,0,7.92130208640263,0,17.5103838373272,9.17107445285434,40.9637915293376,6.63686390717824,0,0
0,0,0,0,0,0,0,0,0,0,0,0,0,0,0,0,37.2669363283644,23.0730739577463,48.158176378272,0,0,0,13.3683902071559,17.009187414096,37.4018803278605,14.6846827718177,41.6074463980539,5.57279871154006,0,0,0,0,0,66.167498848655,80.4877395629883,85.4495452880859,0,6.32336917056419,15.4501479743184,66.9399903615316,0,27.0332705109208,67.3609795570374,0,0,0,76.5187708536784,54.3246154785156,58.4599479675293,35.531777381897,0,0,0,0,0,0,0,28.1352291107178,0,0,0,0,0,0,6.43432049197429,20.4157027551168,14.4535015645877,0,15.8638561923778,32.2226123809814,10.1699642324736,0,29.7826328277588,0,0,0,56.1991722800515,89.3061447143555,77.3945907592773,81.4169069925944,13.1931818850138,51.3310522588094,11.6155843726178,8.08396566193169,34.9579066583666,65.6941118240356,0
0,0,0,0,0,0,0,0,0,0,0,0,0,0,0,0,21.5264029095311,35.6195852307474,42.0159651241471,0,0,13.3683902071559,0,35.536041917472,13.4405589132819,36.4178840001424,16.8662386219223,0,5.23592342588002,0,0,0,0,0,48.9837656021118,105.659351348877,80.6054865519206,9.54614677294879,7.30316115820537,76.119010925293,76.8642349243164,69.9298455374581,46.1759769834321,0,0,0,71.9918985366821,69.955027686225,17.334263583176,71.8430480957031,0,0,0,0,0,0,0,0,0,0,0,0,0,0,15.9599610289537,6.38690768983965,29.8277705056327,12.2124269072826,37.6012022191828,14.3324765359735,0,6.85018839290486,0,0,0,0,65.0907981872559,48.1287027994792,86.5154231144832,74.8822819745099,77.5686937967936,11.7789935594528,11.5423876743654,7.24952637305741,21.8122706734455,0,44.2233171463013
0,0,0,0,0,0,0,0,0,8.06064439091846,0,0,0,0,0,0,48.5956086730957,19.2124782414227,42.2519755363464,0,0,17.009187414096,35.536041917472,0,45.4905103047689,12.0225095373613,0,0,0,0,0,0,0,32.2725086212158,67.1719360351562,0,0,7.04922575566076,99.3522872924805,0,0,27.1702938079834,48.6289901733398,0,0,0,104.125022888184,0,65.7721214294434,4.79307500863897,0,0,0,0,0,7.06721230641307,0,0,0,0,0,0,0,0,15.7457739449327,39.0529929130308,4.56655032386283,0,12.7374085147502,0,23.9526802698771,0,0,0,0,0,42.1048078536987,37.7235641479492,48.6227378845215,0,6.12958573074226,71.6016642252604,11.8849320791421,33.0626842862084,2.96663999557495,0,0
0,0,0,0,0,0,0,0,6.67119660231034,0,0,0,0,0,4.08918987001692,0,18.3173334480121,36.819902654554,21.2857755076501,0,0,37.4018803278605,13.4405589132819,45.4905103047689,0,55.4939893086751,4.73142621182559,0,0,0,0,0,0,54.0740356445312,0,0,0,0,8.41839995730523,0,0,62.1679102579753,42.0989821751912,0,0,0,0,32.3365471363068,11.774516424766,0,0,0,0,0,7.0520704012798,0,0,0,0,0,0,0,0,0,44.3042288693515,16.9690412382805,0,4.56625850503244,55.4609298706055,4.01036238080204,0,23.6481823921204,0,0,0,0,0,0,103.576919555664,61.9837468465169,31.144437789917,30.6875836690267,17.9896150599135,36.249783873558,27.1374111175537,0,0
0,0,0,0,0,0,0,0,0,0,0,0,0,0,0,0,55.8425291606358,9.109613089891,52.0083198547363,0,0,14.6846827718177,36.4178840001424,12.0225095373613,55.4939893086751,0,0,4.38744843080177,0,0,0,0,0,0,0,56.6178016662598,0,16.0806147257487,0,0,0,58.492847442627,0,0,0,0,0,0,0,0,0,0,0,0,0,0,0,0,0,0,0,0,0,0,15.7346361550058,39.3744430541992,6.81011759877919,0,6.72219607167724,0,4.28430270647802,0,0,0,0,0,56.6946334838867,0,0,0,24.1081409454346,76.3272247314453,15.2513569020606,36.6724463871547,0,0,0
0,0,0,0,0,0,0,0,5.96204881668091,0,0,0,0,0,0,0,11.2123804699003,37.4027214050293,12.7644494863657,0,0,41.6074463980539,16.8662386219223,0,4.73142621182559,0,0,0,3.02425988515218,0,0,0,0,0,0,0,0,0,0,76.9312362670898,0,0,0,0,0,0,0,0,0,0,0,0,0,0,6.05657340769182,0,0,0,0,0,0,0,0,0,28.3123149871826,16.0667849556874,0,8.54700301004493,52.9498977661133,4.0557466506958,0,0,0,0,0,0,0,0,0,0,0,0,22.3675118764242,53.8189468383789,0,0,0
0,0,0,0,0,0,0,0,0,0,0,0,0,0,0,0,0,13.2860127962553,0,0,0,5.57279871154006,0,0,0,4.38744843080177,0,0,0,0,0,0,0,0,0,0,0,4.43954944610596,0,0,0,0,0,0,0,0,0,0,0,0,0,0,0,0,0,0,0,0,0,0,0,0,0,0,7.04898830635907,0,0,0,5.20028127916157,0,3.73357077478205,0,0,0,0,0,0,0,0,0,3.90955126285553,0,3.20526480674744,13.548318862915,0,0,0
0,0,0,0,0,0,0,0,0,0,0,0,0,0,0,0,0,0,0,0,0,0,5.23592342588002,0,0,0,3.02425988515218,0,0,0,0,0,0,0,0,0,0,0,7.11090332048911,0,0,0,29.7897484302521,0,0,0,0,50.3541374206543,16.9901023592268,0,0,0,0,0,0,0,0,0,2.93824315071106,0,0,0,0,0,0,4.52639360681493,0,0,0,0,0,3.79936785968366,0,0,0,0,0,0,0,0,0,17.5971283838153,4.53440996860636,0,21.8699813570295,0,0
0,0,0,0,0,0,0,0,0,0,0,8.24935245513916,0,0,0,0,0,0,0,6.17592141363356,0,0,0,0,0,0,0,0,0,0,0,0,0,0,0,0,0,4.1152616985913,0,0,0,0,0,0,0,0,0,0,0,0,0,0,0,0,0,0,0,7.43066708246867,0,0,0,0,0,0,0,0,0,0,0,0,0,0,6.20732743574841,0,0,0,0,0,22.6992149353027,0,10.5744326201748,0,2.74952936172485,0,0,0,0
0,0,0,0,0,0,0,0,0,0,4.2593729019165,0,0,0,0,0,0,0,0,0,0,0,0,0,0,0,0,0,0,0,0,0,0,0,0,0,32.9052696228027,0,7.17666342659531,0,0,0,0,0,0,0,14.7636756896973,0,0,0,0,0,0,0,0,0,4.2439893239165,0,0,0,0,0,0,21.0726315180461,0,0,0,0,0,0,0,0,0,4.15506171478945,0,0,0,0,0,29.9259958828197,0,26.5444854996421,5.25368036826452,48.1072845458984,7.51909367243449,0,0
0,0,0,0,0,0,0,0,0,0,0,0,0,0,0,0,0,0,0,0,0,0,0,0,0,0,0,0,0,0,0,0,6.97458811793431,8.13181070486704,8.28593444314233,20.4129981358846,0,0,0,5.29134178161621,16.3965860564133,0,0,0,0,0,0,7.34546516445533,13.5515245508265,8.15410888086666,0,0,0,0,0,0,0,0,0,0,0,0,0,0,0,0,0,0,0,0,0,0,0,0,4.19412415210571,8.71251818360082,5.69121825113529,9.28853896052338,12.9397915899754,17.3207650411697,0,0,10.9721555013726,0,14.7224142768166,0,0
0,0,0,0,0,0,0,0,0,0,0,0,0,0,0,0,0,0,0,0,0,0,0,0,0,0,0,0,0,0,0,6.97458811793431,0,6.08907425403595,23.2126442364284,8.90088194066828,21.6092782974243,0,31.2603759765625,0,8.51888097293004,0,0,0,0,0,0,4.31754983625104,7.84067928983319,0,0,0,0,0,0,0,0,0,0,0,0,0,0,0,0,0,0,0,0,0,0,0,0,0,6.50200671221906,4.48754067194385,4.82533383369446,10.8013533995702,0,10.756475003188,0,0,5.77768324132551,0,0,0,0
59.3938388824463,51.85768866539,0,0,0,0,0,0,62.901554107666,0,0,0,0,0,0,0,67.1162359237671,49.473481871865,32.6533045238919,0,0,66.167498848655,0,32.2725086212158,54.0740356445312,0,0,0,0,0,0,8.13181070486704,6.08907425403595,0,7.19135278579353,10.4710007409255,14.726899142923,23.3221179772411,15.9311218969284,27.4623731159773,27.1242403030395,29.3383836492139,26.8744245949438,0,0,0,0,16.4682704088788,45.1419107263738,20.7067932698918,0,0,0,0,69.9931564331055,0,0,0,0,0,0,0,0,0,71.5746122996012,0,0,0,0,0,43.4111709594727,56.9132099151611,45.3562698364258,0,8.94472729837572,3.96252389748891,6.73114083138751,8.55357061901608,21.0488444344074,16.8386841264571,20.6347688543727,20.2499424809075,17.08746924851,30.198991727829,31.9876181284587,36.6084186553955,0
47.0223134160042,48.2222340901693,0,0,0,0,0,0,47.9136657714844,0,0,0,0,0,0,0,51.867239634196,61.4190576614872,28.356315568436,0,0,80.4877395629883,48.9837656021118,67.1719360351562,0,0,0,0,0,0,0,8.28593444314233,23.2126442364284,7.19135278579353,0,5.6423323333157,5.76494385430262,6.7551586952504,9.12851451998485,0,21.634639097371,29.9398325273207,18.2736796909716,0,26.6443264484406,40.5058555603027,27.9837729344602,12.7362620112481,21.4554191813859,42.5278167724609,0,0,0,0,56.8691806793213,0,37.7600955963135,0,0,0,0,0,0,0,0,64.4557571411133,0,46.8801078796387,0,0,0,47.110641845549,0,38.3084144592285,5.27279940728218,18.6014338533084,7.04152949041133,6.23422329637669,10.1800675392151,11.1733493140835,9.15580665302925,12.9994134893604,11.9427714983622,23.2153167247772,28.4193384127183,33.0894032782251,31.7353254401166
0,0,0,0,0,0,0,0,0,0,0,0,0,0,0,0,69.343401055587,68.0681702813437,46.3961154353009,6.87878424734683,0,85.4495452880859,105.659351348877,0,0,56.6178016662598,0,0,0,0,0,20.4129981358846,8.90088194066828,10.4710007409255,5.6423323333157,0,13.8141589220832,7.09955828213148,52.2336349487305,16.4037305703239,38.999925994873,29.2524926115366,48.7188788021312,0,0,5.46221148967743,89.6997680664062,28.9905742995593,55.9178295135498,22.7096988604619,0,0,0,0,0,0,0,0,0,0,0,0,4.73466112302697,0,0,79.2269058227539,0,0,0,0,0,0,37.1517990112305,0,15.3235313463211,15.1223615010579,21.4741222634912,9.62124706302435,4.23248415158203,20.6011815605877,17.0162040411233,36.9805713229709,14.435444231691,19.6936799660325,23.1893755205634,29.6339937645619,0
0,0,0,0,0,0,0,0,0,0,0,0,0,0,0,0,66.5864191055298,71.5268852710724,41.4094405280219,0,4.48805633213209,0,80.6054865519206,0,0,0,0,0,0,0,32.9052696228027,0,21.6092782974243,14.726899142923,5.76494385430262,13.8141589220832,0,23.6068989680364,5.57979312680478,78.2919464111328,24.6245261820977,64.4173736572266,31.1377597274142,0,0,0,21.6755099773407,22.4101390346237,25.6067282370159,0,0,0,0,0,0,0,30.2421388626099,0,0,0,0,0,0,7.04359798032449,0,74.8176523844401,0,0,0,0,0,51.2616004943848,0,39.4974365234375,0,16.5262830257416,13.7183374714207,6.36413379288911,24.4954421520233,4.60922773570746,22.140073299408,8.43471962730789,8.26616835382438,36.8215110518716,15.7114932457899,0,28.8544618061611
67.1330871582031,42.599291229248,0,0,0,0,0,0,0,17.5077763398488,0,7.19185933801863,0,0,0,0,73.4078512191772,65.5896493997147,50.7336453611746,6.37491282196932,0,6.32336917056419,9.54614677294879,7.04922575566076,0,16.0806147257487,0,4.43954944610596,0,4.1152616985913,0,0,0,23.3221179772411,6.7551586952504,7.09955828213148,23.6068989680364,0,7.47385333291964,49.0288141424006,0,29.3149140536314,57.458847898118,0,0,41.9487871170044,54.7367973327637,33.1234771948594,60.4260829289754,13.8425381933579,0,0,0,0,0,18.059061050415,0,19.7475491523743,0,0,0,0,8.55053713010705,0,7.06928277424479,102.812232971191,15.0981015102773,0,0,0,14.7930660542147,0,7.90623407031214,0,0,0,20.0097156303986,10.1040274339006,20.7565251816248,39.1276868184408,9.21645026415282,14.0049368356821,14.5270396139059,7.84671638544584,26.9712807584854,37.0629457767193,42.1279258728027
30.2497097362172,0,0,0,0,0,0,0,0,0,5.36392202810808,0,0,0,0,0,68.7619840690068,77.4827833203791,56.2051938682164,0,13.0486771709287,15.4501479743184,7.30316115820537,99.3522872924805,8.41839995730523,0,0,0,7.11090332048911,0,7.17666342659531,0,31.2603759765625,15.9311218969284,9.12851451998485,52.2336349487305,5.57979312680478,7.47385333291964,0,94.9092801411947,33.4232561928885,74.3979415893555,39.4976108191863,0,39.5805625915527,0,41.0829100487339,36.1507976637542,20.027810575511,23.9786720275879,0,0,0,0,0,0,23.8729111598088,0,0,0,0,0,0,25.0223081319621,54.3637850761414,7.83480664249015,0,5.00681702365046,0,0,0,17.5988356514787,0,23.0105416818901,0,25.461971282959,7.86735281191374,11.954674298979,94.8497473398844,33.1342727373294,7.32840979791619,7.94276963586709,14.4882301707214,8.88302277331407,28.0936185624257,0,40.1875868345562
0,42.1664603097098,0,0,0,0,0,0,0,0,0,0,0,0,0,0,69.4905836922782,60.3024114740306,36.2283950054899,8.02811238879249,0,66.9399903615316,76.119010925293,0,0,0,76.9312362670898,0,0,0,0,5.29134178161621,0,27.4623731159773,0,16.4037305703239,78.2919464111328,49.0288141424006,94.9092801411947,0,0,14.2838989396359,46.5970598856608,10.4696555137634,0,6.48793746165918,0,15.8738987761096,46.5091514587402,8.20537687298282,0,0,0,0,0,0,0,24.9873123168945,0,0,0,0,10.8430779939112,0,71.0439193725586,83.9347152709961,0,0,0,0,0,0,27.6606728524873,0,0,0,27.8326688156128,0,8.20195083404655,84.5655136108398,38.4262248981254,84.4765497843425,29.8467540429139,55.9851722717285,9.6369477796426,15.777417529713,0
0,0,0,0,0,0,0,0,0,0,0,0,0,0,0,0,62.9098503406231,64.0159539116754,36.8089635268502,0,0,0,76.8642349243164,0,0,0,0,0,0,0,0,16.3965860564133,8.51888097293004,27.1242403030395,21.634639097371,38.999925994873,24.6245261820977,0,33.4232561928885,0,0,53.0863218307495,21.479350518928,0,0,0,5.78934178563113,9.86099714628408,6.28860580575522,14.8040958011852,0,0,0,0,0,0,0,0,0,0,0,0,0,0,0,70.0623245239258,0,0,0,0,0,0,0,0,17.5016484188674,11.8104157716456,0,18.9211330921092,87.4465560913086,12.7383871678689,0,23.8248016626508,32.594549886642,41.9088104248047,6.07444191842058,0,32.5299396514893
0,8.1465828889896,0,0,0,0,0,0,0,8.6095647510094,0,0,0,0,0,0,48.2688500123865,44.1738170644701,12.6538663317589,10.5364055633545,0,27.0332705109208,69.9298455374581,27.1702938079834,62.1679102579753,58.492847442627,0,0,0,0,0,0,0,29.3383836492139,29.9398325273207,29.2524926115366,64.4173736572266,29.3149140536314,74.3979415893555,14.2838989396359,53.0863218307495,0,9.01375609864227,3.18273269896414,0,6.63210053949167,75.358347756522,19.1673000141163,47.2776184082031,14.5549168933466,0,0,0,0,0,5.28202578756544,0,4.14871410167579,0,0,0,0,0,0,25.2279274520614,63.8359464009603,4.52657833099365,0,64.4690399169922,0,12.8508762222225,0,8.73843538200753,0,0,0,29.4031852740654,29.1797037626568,27.1429935496979,59.2404939156991,26.3865172998909,71.3300943876568,19.5686634584551,33.0686066790325,9.94560287079581,8.91935742214895,0
11.0519106728267,35.1111572265625,0,0,0,0,0,0,8.20688614292421,0,0,0,0,0,0,0,40.7522136503053,46.2722136941853,19.6095629802294,0,25.4669983386993,67.3609795570374,46.1759769834321,48.6289901733398,42.0989821751912,0,0,0,29.7897484302521,0,0,0,0,26.8744245949438,18.2736796909716,48.7188788021312,31.1377597274142,57.458847898118,39.4976108191863,46.5970598856608,21.479350518928,9.01375609864227,0,0,15.9537249926863,0,13.6674210897281,14.6747432279933,14.1202269298451,35.1824414309333,0,0,0,0,9.8573773310465,0,14.7342354456584,0,0,0,0,0,0,23.1666641235352,66.8411938593938,37.243358684036,0,0,91.6987152099609,0,0,26.0400850921118,34.2709159851074,24.2663027445475,0,0,31.3011926504282,17.9792251151446,48.1522540761464,26.5579964760832,46.4435802698135,29.3290626142464,18.8439308349637,34.0553360336511,14.2676777039687,18.1018821070361,8.69313332333803
0,0,0,0,0,0,0,0,0,0,0,0,0,0,0,0,0,0,0,0,0,0,0,0,0,0,0,0,0,0,0,0,0,0,0,0,0,0,0,10.4696555137634,0,3.18273269896414,0,0,0,7.3511406825139,0,0,0,26.3277893066406,0,0,0,0,0,0,0,0,0,0,0,0,0,0,0,0,0,0,0,0,0,0,0,0,0,0,0,0,0,0,0,0,26.6332750320435,0,10.99961782203,14.650767326355,0
38.9308471679688,0,0,0,0,0,0,0,0,0,0,0,0,0,0,0,0,0,0,0,0,0,0,0,0,0,0,0,0,0,0,0,0,0,26.6443264484406,0,0,0,39.5805625915527,0,0,0,15.9537249926863,0,0,0,0,24.410604095459,28.5180690765381,0,0,0,0,0,0,0,0,0,0,0,0,0,0,0,0,0,0,0,0,0,0,42.0488243103027,0,0,0,0,0,30.9910256385803,0,41.4773414611816,0,45.6194578317495,46.4909563064575,0,27.6787330627441,0,14.8397514343262
0,21.3156708511146,0,0,0,0,0,0,0,0,0,17.962739944458,0,0,0,0,0,0,0,3.28475456512891,0,0,0,0,0,0,0,0,0,0,0,0,0,0,40.5058555603027,5.46221148967743,0,41.9487871170044,0,6.48793746165918,0,6.63210053949167,0,7.3511406825139,0,0,0,0,0,16.3847817085885,0,0,0,0,0,0,0,16.7598578135173,0,0,0,0,4.98363743744813,0,0,0,0,0,0,0,0,0,18.9300180623229,0,0,0,0,0,11.1546730763089,0,26.715024610204,0,19.9380934285183,0,8.90922628124891,13.7767891248067,0
23.4253485449429,0,7.54146353403727,0,0,0,0,0,0,0,9.26995944976807,0,0,0,0,0,58.671641388718,66.4097595510557,36.4873754511998,0,6.32538363668654,76.5187708536784,71.9918985366821,104.125022888184,0,0,0,0,0,0,14.7636756896973,0,0,0,27.9837729344602,89.6997680664062,21.6755099773407,54.7367973327637,41.0829100487339,0,5.78934178563113,75.358347756522,13.6674210897281,0,0,0,0,25.7013028203225,14.1842495975494,76.8326568603516,0,0,0,0,0,0,11.4801737240383,0,0,0,0,0,0,6.53924818195261,80.092414855957,69.1716133117676,0,0,0,0,0,25.8690897470497,0,18.8436490214148,0,0,69.9664134979248,30.5195222957406,92.2504221598307,13.7781199764131,60.6449995040894,31.6078525641743,40.3666085343519,49.3032271248954,6.51620534246791,0,25.1269746422768
40.2527779027035,41.6013722139246,0,0,0,0,0,0,0,0,0,0,0,0,0,0,49.1328963703579,47.8538239242834,26.5114334106445,0,33.7585487365723,54.3246154785156,69.955027686225,0,32.3365471363068,0,0,0,50.3541374206543,0,0,7.34546516445533,4.31754983625104,16.4682704088788,12.7362620112481,28.9905742995593,22.4101390346237,33.1234771948594,36.1507976637542,15.8738987761096,9.86099714628408,19.1673000141163,14.6747432279933,0,24.410604095459,0,25.7013028203225,0,11.2156379890885,8.64672332853228,0,0,0,0,0,0,0,0,0,0,0,0,0,0,60.3274803161621,58.872075398763,0,0,0,0,0,46.5795350325735,0,34.3711761474609,7.40183116910153,5.4125732518079,13.869726893975,10.5055496530233,17.4539366642704,20.1964504993258,32.9958648047316,28.084979234432,16.5028931465236,23.4969849787563,21.2054716308869,28.047939545069,24.7426728884379
8.7710783407533,0,2.85341972112656,0,0,0,0,0,6.50102770328522,0,0,0,5.18770148203923,0,6.36401851177216,0,43.8671197681965,50.7402437616278,27.3841781000937,0,0,58.4599479675293,17.334263583176,65.7721214294434,11.774516424766,0,0,0,16.9901023592268,0,0,13.5515245508265,7.84067928983319,45.1419107263738,21.4554191813859,55.9178295135498,25.6067282370159,60.4260829289754,20.027810575511,46.5091514587402,6.28860580575522,47.2776184082031,14.1202269298451,0,28.5180690765381,0,14.1842495975494,11.2156379890885,0,11.9962522249955,0,0,0,0,7.7774117732048,0,5.00101482868195,0,4.43161217982952,0,5.52176006086941,0,0,11.9923514048258,74.3077154159546,16.0915504939167,0,3.94415881588007,0,7.26331515745683,0,12.3702507672402,0,42.2732563018799,14.4003802018288,7.58630180358887,50.016193177965,18.7750993611277,66.0137202821929,16.7509765587719,62.0159151554108,17.5047138587165,24.2743074566421,33.9102049099179,10.3326919904546,0,23.0343121801104
0,6.5653994733637,0,0,0,0,0,0,0,0,0,0,0,8.02248239517212,0,3.01488396525383,59.8293469040482,56.4171325138637,33.2775731346824,17.0725421905518,0,35.531777381897,71.8430480957031,4.79307500863897,0,0,0,0,0,0,0,8.15410888086666,0,20.7067932698918,42.5278167724609,22.7096988604619,0,13.8425381933579,23.9786720275879,8.20537687298282,14.8040958011852,14.5549168933466,35.1824414309333,26.3277893066406,0,16.3847817085885,76.8326568603516,8.64672332853228,11.9962522249955,0,0,0,0,0,0,0,0,10.0108380126953,0,8.86149454116821,0,3.05059164411881,16.2428312301636,0,8.16556297302246,0,3.30515406608582,0,0,0,6.36772919770105,0,3.70380218960773,0,11.631285702481,0,22.0038918131623,0,9.43105555744622,62.0092391967773,13.4864592061659,68.0601151784261,12.8154275786096,25.4808559417725,6.73929473285268,13.872719707489,0
0,0,0,0,0,0,0,0,0,0,0,0,0,0,0,0,0,0,0,0,0,0,0,0,0,0,0,0,0,0,0,0,0,0,0,0,0,0,0,0,0,0,0,0,0,0,0,0,0,0,0,0,0,0,0,0,0,0,0,0,0,0,0,0,0,0,0,0,0,0,0,0,0,0,0,0,0,0,0,0,0,0,0,0,0,0,0
0,0,0,0,0,0,0,0,0,0,0,0,0,0,0,0,0,0,0,0,0,0,0,0,0,0,0,0,0,0,0,0,0,0,0,0,0,0,0,0,0,0,0,0,0,0,0,0,0,0,0,0,0,0,0,0,0,0,0,0,0,0,0,0,0,0,0,0,0,0,0,0,0,0,0,0,0,0,0,0,0,0,0,0,0,0,0
0,0,0,0,0,0,0,0,0,0,0,0,0,0,0,0,0,0,0,0,0,0,0,0,0,0,0,0,0,0,0,0,0,0,0,0,0,0,0,0,0,0,0,0,0,0,0,0,0,0,0,0,0,0,0,0,0,0,0,0,0,0,0,0,0,0,0,0,0,0,0,0,0,0,0,0,0,0,0,0,0,0,0,0,0,0,0
0,0,0,0,0,0,0,0,0,0,0,0,0,0,0,0,0,0,0,0,0,0,0,0,0,0,0,0,0,0,0,0,0,0,0,0,0,0,0,0,0,0,0,0,0,0,0,0,0,0,0,0,0,0,0,0,0,0,0,0,0,0,0,0,0,0,0,0,0,0,0,0,0,0,0,0,0,0,0,0,0,0,0,0,0,0,0
4.49724134400833,0,0,0,0,0,0,0,3.97123650189104,0,0,0,0,0,4.77851029733817,0,0,0,0,0,0,0,0,0,7.0520704012798,0,6.05657340769182,0,0,0,0,0,0,69.9931564331055,56.8691806793213,0,0,0,0,0,0,0,9.8573773310465,0,0,0,0,0,7.7774117732048,0,0,0,0,0,0,0,0,0,0,0,3.22306420121874,0,0,0,0,0,0,9.91071954318455,0,3.01442467082631,0,15.7262604141235,0,0,0,0,0,0,0,0,0,29.870474151943,4.63954835089426,0,7.58632509863895,0,22.4968338012695
0,3.59372361501058,0,0,0,0,0,0,0,3.83863725264867,0,0,0,0,0,2.7492527961731,0,0,0,0,0,0,0,7.06721230641307,0,0,0,0,0,0,0,0,0,0,0,0,0,18.059061050415,0,0,0,5.28202578756544,0,0,0,0,0,0,0,0,0,0,0,0,0,0,0,0,0,0,0,0,0,0,0,0,6.48002128386765,0,0,0,0,0,0,0,0,0,0,0,0,0,17.5002956390381,0,3.88335916575264,0,3.84984302520752,0,0
5.06373333930969,0,0,0,0,0,0,0,0,0,3.33300497055054,0,6.18942747797285,0,5.68439551762172,0,0,0,0,0,8.56226845582326,0,0,0,0,0,0,0,0,0,4.2439893239165,0,0,0,37.7600955963135,0,30.2421388626099,0,23.8729111598088,0,0,0,14.7342354456584,0,0,0,11.4801737240383,0,5.00101482868195,0,0,0,0,0,0,0,0,0,3.82281118720325,0,4.68833482265472,0,0,8.31889819809885,0,0,0,0,0,0,0,6.96532898888165,0,7.17993124637728,0,0,0,0,0,23.7330654488607,0,21.6498931300813,16.8637703524696,42.8396427154541,5.13927173409851,0,0
0,0,0,0,0,0,0,0,0,0,0,3.1728419886695,0,0,0,0,0,0,0,3.38362547217822,0,28.1352291107178,0,0,0,0,0,0,0,7.43066708246867,0,0,0,0,0,0,0,19.7475491523743,0,24.9873123168945,0,4.14871410167579,0,0,0,16.7598578135173,0,0,0,10.0108380126953,0,0,0,0,0,0,0,0,0,0,0,0,3.91583126975644,0,24.3268726490162,0,0,0,0,0,7.09351943363653,0,4.49375471945017,0,0,0,0,0,23.9985771179199,0,10.1825883040352,0,25.1091394424438,0,3.37781797964021,0,0
0,0,2.9832512480872,0,0,0,0,0,0,0,4.80999613489423,0,3.3802138348015,0,3.64989629913779,0,0,0,0,0,0,0,0,0,0,0,0,0,2.93824315071106,0,0,0,0,0,0,0,0,0,0,0,0,0,0,0,0,0,0,0,4.43161217982952,0,0,0,0,0,0,0,3.82281118720325,0,0,0,3.74203728374682,0,0,0,0,0,0,0,0,0,0,0,0,0,0,0,0,0,0,0,0,0,0,0,4.60895560582479,0,0
0,7.48042920657567,0,0,0,0,0,0,0,0,0,0,0,3.62140761120781,0,4.22702352821683,0,0,0,0,0,0,0,0,0,0,0,0,0,0,0,0,0,0,0,0,0,0,0,0,0,0,0,0,0,0,0,0,0,8.86149454116821,0,0,0,0,0,0,0,0,0,0,0,3.78220370809237,0,0,0,0,0,0,0,0,0,0,0,0,0,0,0,0,0,0,0,0,5.4279746055603,0,10.7606143951416,0,0
4.86962536970774,0,2.96118259429932,0,0,0,0,0,3.3673247496287,0,0,0,4.41963381151999,0,3.51757412065159,0,0,0,0,0,0,0,0,0,0,0,0,0,0,0,0,0,0,0,0,0,0,0,0,0,0,0,0,0,0,0,0,0,5.52176006086941,0,0,0,0,0,3.22306420121874,0,4.68833482265472,0,3.74203728374682,0,0,0,0,0,0,0,0,0,0,6.23147463798523,0,5.26989968617757,0,0,0,0,0,0,0,0,0,0,0,0,8.24849784374237,0,0
0,4.77907376062302,0,0,0,0,0,0,0,0,0,0,0,3.42842155694962,0,0,0,0,0,0,0,0,0,0,0,0,0,0,0,0,0,0,0,0,0,0,0,0,0,0,0,0,0,0,0,0,0,0,0,3.05059164411881,0,0,0,0,0,0,0,0,0,3.78220370809237,0,0,0,0,0,0,0,0,0,0,0,0,0,0,0,0,0,0,0,0,0,0,0,0,0,0,0
0,16.6630935668945,0,0,0,0,0,0,0,0,0,2.96091842651367,0,0,0,0,0,0,0,4.21419798085128,0,0,0,0,0,0,0,0,0,0,0,0,0,0,0,4.73466112302697,0,8.55053713010705,0,10.8430779939112,0,0,0,0,0,4.98363743744813,0,0,0,16.2428312301636,0,0,0,0,0,0,0,3.91583126975644,0,0,0,0,0,0,0,0,0,0,0,0,0,0,9.77526087888324,0,0,0,0,0,7.85885125039851,0,14.2534070745039,0,7.29086953401566,0,8.12710155115428,0,0
12.871659792092,0,0,0,0,0,0,0,0,0,4.92758138974508,0,0,0,0,0,0,0,0,0,4.45590524746696,0,0,0,0,0,0,0,0,0,21.0726315180461,0,0,0,0,0,7.04359798032449,0,25.0223081319621,0,0,0,23.1666641235352,0,0,0,6.53924818195261,0,11.9923514048258,0,0,0,0,0,0,0,8.31889819809885,0,0,0,0,0,0,0,0,27.7002773284912,0,0,0,0,0,18.2403714232975,0,15.7735861778259,0,0,0,49.6174182891846,0,12.1114905360062,0,21.2346893115477,12.4859920767532,46.5471071515764,6.25480411098554,0,0
0,0,0,0,0,0,0,0,0,0,0,0,0,0,0,0,42.282712110659,25.6912327323519,48.5609354131362,0,0,6.43432049197429,15.9599610289537,15.7457739449327,44.3042288693515,15.7346361550058,28.3123149871826,7.04898830635907,0,0,0,0,0,71.5746122996012,0,0,0,7.06928277424479,54.3637850761414,71.0439193725586,0,25.2279274520614,66.8411938593938,0,0,0,80.092414855957,60.3274803161621,74.3077154159546,8.16556297302246,0,0,0,0,0,0,0,24.3268726490162,0,0,0,0,0,0,0,22.0322070647509,12.911268387522,0,16.9676715063638,32.0339031219482,10.0931163943053,0,19.96173620224,0,0,0,68.2590246200562,0,79.5367743174235,81.9346828460693,8.32724392470457,71.0106453012537,15.031125977208,11.8272442018925,28.6902151038177,0,0
34.2132835388184,0,0,0,0,0,0,0,0,0,0,0,0,0,0,0,23.0981670165253,39.9653420333779,42.7797846258643,0,0,20.4157027551168,6.38690768983965,39.0529929130308,16.9690412382805,39.3744430541992,16.0667849556874,0,4.52639360681493,0,0,0,0,0,64.4557571411133,79.2269058227539,74.8176523844401,102.812232971191,7.83480664249015,83.9347152709961,70.0623245239258,63.8359464009603,37.243358684036,0,0,0,69.1716133117676,58.872075398763,16.0915504939167,0,0,0,0,0,0,0,0,0,0,0,0,0,0,27.7002773284912,22.0322070647509,0,29.6944031715393,8.18067688915317,41.2789140939713,15.5899297407695,0,7.18791418209254,0,0,0,0,64.7937545776367,56.1544494628906,86.8184627186168,73.0354823062294,76.6877136230469,7.28494190670319,14.5655098147206,12.6664171398685,24.6724555121528,0,39.8937618255615
0,0,0,0,0,0,0,0,0,4.94049937384469,0,0,0,0,0,9.46527671813965,62.1500389099121,20.0106045276888,18.5013236999512,0,0,14.4535015645877,29.8277705056327,4.56655032386283,0,6.81011759877919,0,0,0,0,0,0,0,0,0,0,0,15.0981015102773,0,0,0,4.52657833099365,0,0,0,0,0,0,0,3.30515406608582,0,0,0,0,0,6.48002128386765,0,0,0,0,0,0,0,0,12.911268387522,29.6944031715393,0,0,13.7199473679066,0,0,0,0,0,0,0,0,0,0,0,9.01915685947125,0,11.3974432655283,27.4011516571045,3.68964666011287,0,0
0,0,0,0,0,0,0,0,6.78565465257718,0,0,0,0,0,10.1710985501607,0,58.136890411377,64.4496231079102,0,0,0,0,12.2124269072826,0,4.56625850503244,0,8.54700301004493,0,0,0,0,0,0,0,46.8801078796387,0,0,0,5.00681702365046,0,0,0,0,0,0,0,0,0,3.94415881588007,0,0,0,0,0,9.91071954318455,0,0,0,0,0,0,0,0,0,0,8.18067688915317,0,0,0,3.53029710596258,0,10.2787062844565,0,0,0,0,0,0,0,0,0,31.0470761963815,8.28181748390198,30.6095352172852,2.95506197214127,0,0
0,0,0,0,0,0,0,0,0,0,0,0,0,0,0,0,58.694764818464,14.0998066937117,42.249674987793,0,0,15.8638561923778,37.6012022191828,12.7374085147502,55.4609298706055,6.72219607167724,52.9498977661133,5.20028127916157,0,0,0,0,0,0,0,0,0,0,0,0,0,64.4690399169922,91.6987152099609,0,0,0,0,0,0,0,0,0,0,0,0,0,0,0,0,0,0,0,0,0,16.9676715063638,41.2789140939713,13.7199473679066,0,0,0,5.19166343720233,0,0,0,0,0,0,0,79.6842651367188,0,48.7467149098714,0,24.0879358991363,42.5978895823161,60.0118865966797,0,0
5.39332016730151,0,0,0,0,0,0,0,0,0,0,0,0,0,11.6261183420817,0,11.4391015092475,38.8517716725667,38.4594904581706,0,0,32.2226123809814,14.3324765359735,0,4.01036238080204,0,4.0557466506958,0,0,0,0,0,0,0,0,0,0,0,0,0,0,0,0,0,0,0,0,0,7.26331515745683,0,0,0,0,0,3.01442467082631,0,0,0,0,0,6.23147463798523,0,0,0,32.0339031219482,15.5899297407695,0,3.53029710596258,0,0,0,5.62481732976933,0,0,0,0,0,0,0,74.4931411743164,0,0,11.7378104966262,40.3345355987549,2.85562807321548,0,0
0,29.843412399292,0,0,0,0,0,0,0,0,0,0,0,0,0,0,0,14.1182955573587,0,0,0,10.1699642324736,0,23.9526802698771,0,4.28430270647802,0,3.73357077478205,0,0,0,0,0,43.4111709594727,0,0,0,14.7930660542147,0,0,0,12.8508762222225,0,0,0,0,0,0,0,6.36772919770105,0,0,0,0,0,0,0,7.09351943363653,0,0,0,0,0,0,10.0931163943053,0,0,0,5.19166343720233,0,0,0,4.8013765674106,0,0,0,0,0,0,0,9.45983029671801,0,19.0575541598456,0,11.0132591566328,21.8563480377197,0
16.3898470512422,0,0,0,0,0,0,0,16.3397655963898,0,0,0,0,0,31.9711055755615,0,57.7538642883301,70.5067987442017,42.7627420425415,0,29.3495438893636,0,6.85018839290486,0,23.6481823921204,0,0,0,3.79936785968366,0,0,0,0,56.9132099151611,47.110641845549,0,51.2616004943848,0,17.5988356514787,0,0,0,26.0400850921118,0,42.0488243103027,0,25.8690897470497,46.5795350325735,12.3702507672402,0,0,0,0,0,15.7262604141235,0,6.96532898888165,0,0,0,5.26989968617757,0,0,18.2403714232975,0,7.18791418209254,0,10.2787062844565,0,5.62481732976933,0,0,0,6.17139556010564,0,0,47.0238990783691,46.5022582281203,0,38.0748710632324,0,16.1586132285306,35.2488655589876,45.7054405212402,14.2839340015727,0,28.1694472544902
0,0,0,0,0,0,0,0,0,0,0,4.21648115044707,0,0,0,0,0,0,0,7.33393983255353,0,29.7826328277588,0,0,0,0,0,0,0,6.20732743574841,0,0,0,45.3562698364258,0,37.1517990112305,0,7.90623407031214,0,27.6606728524873,0,8.73843538200753,34.2709159851074,0,0,18.9300180623229,0,0,0,3.70380218960773,0,0,0,0,0,0,0,4.49375471945017,0,0,0,0,9.77526087888324,0,19.96173620224,0,0,0,0,0,4.8013765674106,0,0,0,0,0,49.0397396087646,0,27.9782067435128,0,8.15524503475503,0,6.48834250768026,44.0927658081055,5.80383908812375,13.042889881134,0
0,0,0,0,0,0,0,0,0,0,4.64597996075948,0,0,0,0,0,0,0,0,0,20.9420433044434,0,0,0,0,0,0,0,0,0,4.15506171478945,0,0,0,38.3084144592285,0,39.4974365234375,0,23.0105416818901,0,0,0,24.2663027445475,0,0,0,18.8436490214148,34.3711761474609,42.2732563018799,0,0,0,0,0,0,0,7.17993124637728,0,0,0,0,0,0,15.7735861778259,0,0,0,0,0,0,0,6.17139556010564,0,0,0,0,0,40.2757362365723,0,31.0465417599333,0,14.3457282698981,34.0235258403577,44.2134808627042,9.07991767846621,0,19.180260181427
0,0,0,0,0,0,0,0,0,0,0,0,0,0,0,0,0,0,0,0,0,0,0,0,0,0,0,0,0,0,0,4.19412415210571,6.50200671221906,8.94472729837572,5.27279940728218,15.3235313463211,0,0,0,0,17.5016484188674,0,0,0,0,0,0,7.40183116910153,14.4003802018288,11.631285702481,0,0,0,0,0,0,0,0,0,0,0,0,0,0,0,0,0,0,0,0,0,0,0,0,0,7.77242093294959,5.75213934062572,6.52793751657009,17.7194627126058,16.6359093060365,25.1740646362305,0,7.221813443855,0,15.2365111708641,0,0
0,0,0,0,0,0,0,0,0,0,0,0,0,0,0,0,0,0,0,0,0,0,0,0,0,0,0,0,0,0,0,8.71251818360082,4.48754067194385,3.96252389748891,18.6014338533084,15.1223615010579,16.5262830257416,0,25.461971282959,0,11.8104157716456,0,0,0,0,0,0,5.4125732518079,7.58630180358887,0,0,0,0,0,0,0,0,0,0,0,0,0,0,0,0,0,0,0,0,0,0,0,0,0,7.77242093294959,0,9.67461926796857,6.6003875368424,0,8.70003203345168,0,25.6593999862671,10.1352261039946,0,0,0,0
0,48.4944670995077,0,0,0,0,0,0,0,0,0,0,0,0,0,0,58.3209985891978,51.0466267349975,35.2327460232903,0,0,56.1991722800515,65.0907981872559,42.1048078536987,0,56.6946334838867,0,0,0,0,0,5.69121825113529,4.82533383369446,6.73114083138751,7.04152949041133,21.4741222634912,13.7183374714207,20.0097156303986,7.86735281191374,27.8326688156128,0,29.4031852740654,31.3011926504282,0,0,0,69.9664134979248,13.869726893975,50.016193177965,22.0038918131623,0,0,0,0,0,0,0,0,0,0,0,0,0,0,68.2590246200562,64.7937545776367,0,0,0,0,0,47.0238990783691,49.0397396087646,0,5.75213934062572,9.67461926796857,0,8.48925464195118,18.2512770109716,17.0473685479379,22.3312825600384,23.2862299585342,19.2412992373864,35.3448823805778,32.9327932114297,34.1164256583015,0
47.8138105790694,46.375919342041,0,0,0,0,0,0,47.7163505554199,0,0,0,0,0,0,0,46.5785925829852,61.1541674477713,32.7242307662964,0,0,89.3061447143555,48.1287027994792,37.7235641479492,0,0,0,0,0,0,0,9.28853896052338,10.8013533995702,8.55357061901608,6.23422329637669,9.62124706302435,6.36413379288911,10.1040274339006,11.954674298979,0,18.9211330921092,29.1797037626568,17.9792251151446,0,30.9910256385803,0,30.5195222957406,10.5055496530233,18.7750993611277,0,0,0,0,0,0,0,0,0,0,0,0,0,0,49.6174182891846,0,56.1544494628906,0,0,0,0,0,46.5022582281203,0,40.2757362365723,6.52793751657009,6.6003875368424,8.48925464195118,0,16.230101146698,13.032396592838,19.5156847969178,14.191149087942,13.5602268800473,43.3312275886536,29.6074383110917,34.5332219600677,31.5581065619864
0,40.0715770721436,0,0,0,0,0,0,0,0,0,0,0,0,0,0,66.5957626240366,63.4493740393494,40.2969220258074,5.63918486776806,0,77.3945907592773,86.5154231144832,48.6227378845215,103.576919555664,0,0,0,0,22.6992149353027,0,12.9397915899754,0,21.0488444344074,10.1800675392151,4.23248415158203,24.4954421520233,20.7565251816248,94.8497473398844,8.20195083404655,87.4465560913086,27.1429935496979,48.1522540761464,0,0,11.1546730763089,92.2504221598307,17.4539366642704,66.0137202821929,9.43105555744622,0,0,0,0,0,0,0,23.9985771179199,0,0,0,0,7.85885125039851,0,79.5367743174235,86.8184627186168,0,0,79.6842651367188,0,0,0,27.9782067435128,0,17.7194627126058,0,18.2512770109716,16.230101146698,0,56.7661799759161,23.9893596602459,86.7791968125563,30.6036995930219,37.8620688763071,18.5840320459232,25.3149380560731,0
58.6142721176147,0,0,0,0,0,0,0,0,0,31.1184368133545,0,0,0,0,0,62.4366634936372,69.1278584599495,38.6951686327498,0,7.92130208640263,81.4169069925944,74.8822819745099,0,61.9837468465169,0,0,0,0,0,29.9259958828197,17.3207650411697,10.756475003188,16.8386841264571,11.1733493140835,20.6011815605877,4.60922773570746,39.1276868184408,33.1342727373294,84.5655136108398,12.7383871678689,59.2404939156991,26.5579964760832,0,41.4773414611816,0,13.7781199764131,20.1964504993258,16.7509765587719,62.0092391967773,0,0,0,0,0,0,23.7330654488607,0,0,0,0,0,0,12.1114905360062,81.9346828460693,73.0354823062294,0,0,0,74.4931411743164,0,38.0748710632324,0,31.0465417599333,16.6359093060365,8.70003203345168,17.0473685479379,13.032396592838,56.7661799759161,0,78.1626744951521,22.8435202629003,35.1636653547084,48.036335215849,20.0755046849238,62.1776657104492,24.7076425026721
