0,0,0.150174852104703,0,0,0,0,0,0.137934438965243,0,0,0,0,0,0.154189269651066,0,0.314793257472607,0.296917647123337,0.305269738802543,0,0,0,0,0,0,0,0,0,0,0,0,0,0,0,0,0,0.374694734811783,0,0,0,0.321706041693687,0,0.249773063929752,0,0,0.413329780101776,0.28319430236633,0,0.17966342596885,0,0,0,0,0,0.138473321878633,0,0.356231320649385,0,0,0,0.169465149797144,0,0,0,0,0,0,0.207483653579989,0,0.123906018979409,0,0,0,0.306281606356303,0,0,0,0,0.432299703359604,0.407603608237373,0,0,0.244781567988252,0,0.239233410468227,0,0.238611676331077
0,0,0,0.193119723829302,0,0,0,0,0,0.221148082926995,0,0,0,0,0,0.272991251614359,0,0,0.284407176432155,0.281217968463898,0,0,0,0.300391456304174,0,0.265457276554003,0,0,0,0,0,0,0,0,0,0.255315095186234,0,0.328674548478909,0,0.202118813991547,0,0.240599984003276,0,0,0,0.213822390688093,0,0,0,0.315473549818662,0,0.17546344442027,0,0,0,0.283812250288432,0,0.18391672372818,0,0,0,0.214792647324074,0.237142166266075,0,0,0,0.344459150712754,0,0.301922373175621,0,0.314877014167196,0,0.272614078251821,0,0,0,0,0,0.28393112489006,0,0.329792896658182,0,0.254081893508411,0,0.321806657849085,0.206813370556007,0
0.150174852104703,0,0,0,0.187235217880119,0,0,0,0.113042661609749,0,0.276690438389778,0,0,0,0,0,0,0,0.271363824605942,0,0.156132816178043,0,0,0,0,0,0,0,0,0,0,0,0,0,0,0,0.222977370023727,0,0,0,0.223864179104567,0,0.285014099024591,0,0.269651234149933,0,0.218535233466398,0.27210009098053,0.201243836857096,0,0.206693352018827,0,0,0,0.155867005687162,0,0.290256823820096,0,0.196149673490297,0,0.21768644452095,0,0,0.205299915745854,0,0,0,0,0,0,0,0,0,0.318437963724136,0,0,0,0,0,0.283624882996082,0,0.33547540307045,0.245116353819245,0,0.207465647749843,0,0.266840131445365
0,0.193119723829302,0,0,0,0.125330731272697,0,0,0,0.166178104692492,0,0.156818844377995,0,0,0,0.156493718425433,0.248252555727959,0,0,0,0,0,0,0.229364514350891,0,0,0,0,0,0,0,0,0,0,0,0,0,0.228087335824966,0,0.221170619130135,0.211297497153282,0.224161587655544,0,0,0,0.20874780913194,0,0,0,0.186490351968412,0,0.161284610629082,0,0,0,0.191583101948102,0,0.173029349608855,0,0.176536694169044,0,0.208607524925587,0,0,0,0,0.24187733232975,0,0,0,0.275520592927933,0,0.263220116496086,0,0,0,0,0,0.254975328842799,0,0.294098615646362,0,0.18575667070283,0.185917256399989,0.190568614087693,0.222255945205688,0.227875217795372
0,0,0.187235217880119,0,0,0,0.168640607347091,0,0.164502825836341,0,0.250129669904709,0,0.144930626664843,0,0.221074659010054,0,0,0,0,0,0.192903621062156,0,0,0,0,0,0,0,0,0,0,0,0,0,0,0,0.193105464180311,0,0,0,0,0,0.228602217510343,0,0,0,0.206945350766182,0,0,0,0.222490647317199,0,0.199826746302492,0,0,0,0.252542757674267,0,0.164214258205216,0,0.218763721736712,0,0,0.210326734643716,0,0,0,0,0,0,0,0,0,0,0,0,0,0,0,0.19381604130779,0,0,0.185850498361,0.17361012330422,0.192271111329564,0,0
0,0,0,0.125330731272697,0,0,0,0,0,0.117387857288122,0,0,0,0,0,0,0,0,0,0.200786358118057,0,0,0,0,0,0,0,0,0,0,0,0,0,0,0,0,0,0,0,0,0,0,0,0,0,0,0,0,0,0.322252884507179,0,0.137134792113846,0,0,0,0.161133606731892,0,0.35164712369442,0,0,0,0,0.259483706206083,0,0,0,0,0,0,0,0,0,0,0,0,0,0,0,0,0,0,0,0.187014827504754,0,0.225208103303382,0,0
0,0,0,0,0.168640607347091,0,0,0,0,0,0.131549741564827,0,0.144729069717552,0,0,0,0,0,0,0,0.14471797645092,0,0,0,0,0,0,0,0,0,0,0,0,0,0,0,0,0,0,0,0,0,0,0,0,0,0,0,0,0,0.179513148877813,0,0.159244062296929,0,0,0,0,0,0.172624121343388,0,0,0,0,0,0,0,0,0,0,0,0,0,0,0,0,0,0,0,0,0,0,0,0.182690880820155,0,0,0,0
0,0,0,0,0,0,0,0,0,0,0,0,0,0,0,0,0,0,0,0.140574456192553,0,0,0,0,0,0,0,0,0,0,0,0,0,0,0,0,0,0,0,0,0,0,0,0,0,0,0,0,0,0,0,0,0,0.127849615537203,0,0,0,0.15780444641908,0,0,0,0,0.162286767363548,0,0,0,0,0,0,0,0,0,0,0,0,0,0,0,0,0,0,0,0.12622399943865,0,0,0,0
0.137934438965243,0,0.113042661609749,0,0.164502825836341,0,0,0,0,0,0.445842444896698,0,0,0,0.201149568047578,0,0.177537555465976,0.156580639890878,0.293935440543319,0,0.162412390112877,0,0.153998976945877,0,0.226823941051146,0,0.148946784526469,0,0.139862470328808,0,0,0,0,0,0,0,0.321111962199211,0,0.254716132250097,0,0.337578962246577,0,0.224558648861144,0,0,0.349599465727806,0.290711453982762,0,0.215544776115791,0.295303046703339,0.192616105079651,0,0,0,0.197270163939358,0,0.317351786713851,0,0,0,0.192600161039506,0,0,0.26350873708725,0,0.152372666200002,0,0.236603703983921,0,0.143739215509836,0,0.138820980985959,0,0.310224669509464,0,0,0,0,0.400694772601128,0.392581458602633,0,0.287899918854237,0.188655337190374,0.167005921900272,0.238002775820217,0,0.212184902201308
0,0.221148082926995,0,0.166178104692492,0,0.117387857288122,0,0,0,0,0,0,0,0,0,0.196089291785445,0.27634651462237,0.136085172843693,0.296362981527716,0,0,0,0,0.236892855331076,0,0.202105663716793,0,0,0,0,0,0,0,0,0,0,0,0.315307312437466,0,0,0.31503432393074,0.314071733123123,0,0,0,0.285281740128994,0.275458067655563,0,0,0.342977177851644,0,0,0,0,0,0.21419991137673,0,0,0,0,0,0.291482888162136,0.336423580845197,0,0,0,0.313800610291461,0,0.32833213172853,0,0.371061191763929,0,0.384742444864026,0,0,0,0,0,0.38129620892661,0.369094414370401,0.334820319811503,0,0.178325847521716,0.194850534200668,0.324149295566331,0.344915401495871,0
0,0,0.276690438389778,0,0.250129669904709,0,0.131549741564827,0,0.445842444896698,0,0,0,0.165438941464974,0,0,0,0,0,0.367073267698288,0,0.169511797424604,0,0,0,0,0,0,0,0,0,0,0,0,0,0,0,0.15004233501283,0,0.138910871446339,0,0.255537364631891,0,0.361719850450754,0,0.481239646673203,0,0.304671004252589,0,0,0,0,0,0.147505197857247,0,0.280042260885239,0,0.200984725159351,0,0.177001384397348,0,0,0,0,0.218295557424426,0,0,0,0,0,0,0,0,0,0.39698788523674,0,0,0,0,0,0.297122266888618,0,0.143433887798053,0.174196151391057,0.20306999857227,0.37148856698421,0,0.37852331250906
0,0,0,0.156818844377995,0,0,0,0,0,0,0,0,0,0.243165401972603,0,0,0,0,0,0.148739357599893,0,0,0,0,0,0,0,0.241048354655504,0,0.195986499105181,0,0,0,0,0,0.289290276969351,0,0.225945956897357,0,0,0,0,0,0,0,0,0,0,0,0,0,0,0,0,0,0,0,0.168328153825857,0,0.240917038573669,0,0,0.142851138215386,0,0,0,0,0,0,0,0,0,0.218233810229735,0,0,0,0,0,0.289695998484438,0,0.25671819485724,0,0.14504722635949,0,0.234630912542343,0,0
0,0,0,0,0.144930626664843,0,0.144729069717552,0,0,0,0.165438941464974,0,0,0,0,0,0.129551454701207,0,0,0,0,0,0.120667681097984,0,0,0,0.108054997865111,0,0.131396653396743,0,0,0,0,0,0,0,0,0,0,0,0,0,0,0,0,0,0,0,0,0,0.145003071973022,0,0.138659494762708,0,0,0,0.147591948509216,0,0.177631519551863,0,0.21946168584483,0,0,0,0,0,0,0,0,0.0961671953505658,0,0.122996429602305,0,0,0,0,0,0,0,0,0,0,0.186338803180911,0.191200067338191,0,0,0
0,0,0,0,0,0,0,0,0,0,0,0.243165401972603,0,0,0,0,0,0,0,0,0,0,0,0,0,0,0,0.196357671828831,0,0.265589841774532,0,0,0,0,0,0,0,0,0,0,0,0,0,0,0,0,0,0,0,0,0,0,0,0,0,0,0,0.225881787223948,0,0.177513304886154,0,0,0,0,0,0,0,0,0,0,0.137286854579168,0,0.253410559147596,0,0,0,0,0,0,0,0,0,0.142705543920761,0.195687107455272,0,0,0
0.154189269651066,0,0,0,0.221074659010054,0,0,0,0.201149568047578,0,0,0,0,0,0,0,0.134078996140381,0.139041169236104,0.181074406951666,0,0,0,0.13877666965127,0,0.183946602791548,0,0.128817260207891,0,0.139709199553934,0,0,0,0,0,0,0,0,0,0,0,0,0,0,0,0,0.248141586780548,0,0,0,0,0.225573998140661,0,0,0,0.22813888827523,0,0.220692823914921,0,0.186953546836021,0,0.167525524361812,0,0,0,0,0.151066063046455,0,0.23348306119442,0,0.126000914296541,0,0.13291081910332,0,0,0,0,0,0,0,0,0,0,0.165108447924706,0.153214423841721,0.219474971294403,0,0
0,0.272991251614359,0,0.156493718425433,0,0,0,0,0,0.196089291785445,0,0,0,0,0,0,0,0.194227973637464,0,0,0,0,0,0.286197201732327,0,0.253031567615621,0,0,0,0,0,0,0,0,0,0,0,0.319060454517603,0,0,0,0,0,0,0,0,0,0,0,0.316397825454144,0,0,0,0,0,0.307542049884796,0,0,0,0,0,0.173298239529916,0,0,0,0,0.309498549439013,0,0.247338458895683,0,0,0,0.251711308956146,0,0,0,0,0,0,0,0.348215699922748,0,0.181894647379716,0,0.326674035617283,0,0
0.314793257472607,0,0,0.248252555727959,0,0,0,0,0.177537555465976,0.27634651462237,0,0,0.129551454701207,0,0.134078996140381,0,0,0.16807898016006,0.286041291769547,0,0,0,0.127597817563164,0.298203878104687,0.139895841809771,0,0.124350772025593,0,0.143538019809623,0,0,0,0,0,0,0.338928014039993,0.331802378807749,0.284558907151222,0,0.294235154986382,0.310436545203684,0.274880172769454,0.254888676202757,0,0.280018013525516,0.313449434680389,0.309759854057501,0.311938017606735,0.302775649497142,0.336702906659671,0,0,0,0,0.213711693882942,0.277219831943512,0.366473112255335,0,0,0,0.135666768659245,0,0.351776928986822,0.285945177078247,0,0.134869809910999,0.323659837245941,0.156000060900565,0,0.129375232995387,0.294025518000126,0.154320136540466,0.313430741429329,0.309477761387825,0,0,0,0,0.347059127611992,0.37258036956612,0.332956807613373,0.369871997170978,0.198960604075768,0.144647589901404,0.32942541593331,0.259862545591134,0.256193577079102
0.296917647123337,0,0,0,0,0,0,0,0.156580639890878,0.136085172843693,0,0,0,0,0.139041169236104,0.194227973637464,0.16807898016006,0,0.339866011998735,0,0,0,0.148033185718724,0.181719699083534,0.159353833645582,0.167054862793767,0.14237300462049,0.167706091793216,0.134394273161888,0,0,0,0,0,0,0.265102475881577,0.371456369757652,0.227267175912857,0,0.294938594102859,0.307677233798636,0.280096431870175,0.272275070183807,0,0.283729444257915,0.303154190303758,0.315346518531442,0,0.339571338891983,0.348739836703647,0,0,0,0,0,0.12463706433773,0.302642494440079,0,0,0,0.130348891019821,0.177106262817979,0.308708523901609,0,0,0.14788372490717,0.203471276622552,0,0.135975452406066,0.129063461835568,0,0.147541016340256,0.324883570273717,0.257629066705704,0,0,0,0,0.329546309493739,0.349600406674047,0.350775835605768,0.400938153266907,0.171471870552068,0.161368806238429,0.314878859297662,0.293605853617191,0.254378615319729
0.305269738802543,0.284407176432155,0.271363824605942,0,0,0,0,0,0.293935440543319,0.296362981527716,0.367073267698288,0,0,0,0.181074406951666,0,0.286041291769547,0.339866011998735,0,0.365915328264236,0.3592723980546,0,0.226975213135442,0.302924391101388,0.231878274679184,0.37082576751709,0.203979172385656,0,0.188809275627136,0,0,0,0,0,0,0.369914634072262,0.339703117829881,0.344357677868434,0,0.313471637074909,0.310425385796966,0.230970276788812,0.224731690710006,0,0.307053769042917,0.308004288390954,0.335167157658595,0.291704382057543,0.308340653097591,0.343088926974893,0,0,0,0,0,0.303434959989934,0.337513308494519,0,0,0,0,0.278463823927773,0.333298918703149,0.363147176802158,0,0.216849670491435,0.318092204940816,0,0.349582067131996,0.204282445833087,0.350474854862248,0,0.37228310653181,0.297240504087546,0,0,0,0,0.341970349931659,0.362412246027544,0.3735196960323,0.366412574433266,0.237040709176605,0.247913863898537,0.328956491607522,0.2278094328683,0.231535018788525
0,0.281217968463898,0,0,0,0.200786358118057,0,0.140574456192553,0,0,0,0.148739357599893,0,0,0,0,0,0,0.365915328264236,0,0,0,0,0,0,0,0,0,0,0,0,0,0,0,0,0.217555903453753,0,0.281565633030947,0,0,0,0,0,0,0,0.256907254457474,0,0,0,0.343820620267118,0,0,0,0,0,0.314884573221207,0,0.33374129150595,0,0,0,0,0.235514973891822,0,0,0,0,0,0,0,0,0,0,0,0,0,0,0,0.232124379560268,0,0.2414251372864,0,0.14921091748795,0,0.307083592063091,0.327286928892136,0
0,0,0.156132816178043,0,0.192903621062156,0,0.14471797645092,0,0.162412390112877,0,0.169511797424604,0,0,0,0,0,0,0,0.3592723980546,0,0,0,0,0,0,0,0,0,0,0,0,0,0,0,0,0,0.140712848315908,0,0.134357121641095,0,0.242594143322536,0,0.285306434004994,0,0.446216881275177,0,0.290636264055753,0.266443282365799,0.14983557164669,0,0.230640297045019,0,0,0,0.201603914300601,0,0.331821244505663,0,0,0,0,0,0,0.199061428742115,0,0,0,0,0,0,0,0,0,0.322294861078262,0,0,0,0,0,0.161892782202211,0,0.173240471292626,0.205690692136954,0,0.276872076353301,0,0.281249061226845
0,0,0,0,0,0,0,0,0,0,0,0,0,0,0,0,0,0,0,0,0,0,0.117734734365281,0.196009823599377,0,0.18376971244812,0,0.215566704299913,0,0,0,0,0,0,0,0,0,0.261219399338093,0,0,0,0.296612530946732,0,0,0,0,0,0,0,0.284756184434952,0,0,0,0,0,0,0,0,0,0,0,0,0,0,0.208272096407187,0,0.222597520798445,0,0.187635506037623,0,0.314452861998714,0,0,0,0,0,0,0,0,0,0.30490857510353,0,0.145634384248865,0.133267658038272,0,0,0
0,0,0,0,0,0,0,0,0.153998976945877,0,0,0,0.120667681097984,0,0.13877666965127,0,0.127597817563164,0.148033185718724,0.226975213135442,0,0,0.117734734365281,0,0,0.115395388669438,0,0.116293254063103,0,0.280162446164503,0,0,0,0,0,0,0,0.307604849338531,0,0.172525765353834,0,0.248181313276291,0.240511932969093,0.24531190097332,0,0,0.2646753013134,0,0,0.177118070747541,0,0,0,0,0,0,0,0,0,0,0,0.128086238567318,0,0,0,0,0.199532207449768,0,0.131174147129059,0,0.117630837361957,0,0.284095765213774,0.274197846651077,0,0,0,0,0,0.311771705746651,0.27724614739418,0.373308062553406,0.125301806752525,0.155569078765088,0.14179411132566,0.263738552729289,0,0
0,0.300391456304174,0,0.229364514350891,0,0,0,0,0,0.236892855331076,0,0,0,0,0,0.286197201732327,0.298203878104687,0.181719699083534,0.302924391101388,0,0,0.196009823599377,0,0,0,0.256923111528158,0,0,0,0,0,0,0,0,0,0,0,0.281300307372198,0,0,0.264184921979904,0.305932059206746,0,0,0,0.289556682109833,0,0,0,0.2728214989032,0,0,0,0,0,0.240922362795876,0,0,0,0,0,0.312976669821539,0,0,0.126770847422235,0,0.245438344912803,0,0.285287851645123,0,0.367544665932655,0,0,0,0,0,0,0,0.32881586253643,0,0.328887328810957,0,0.245217653697782,0.31231701374054,0.291785110463232,0.35756704211235,0
0,0,0,0,0,0,0,0,0.226823941051146,0,0,0,0,0,0.183946602791548,0,0.139895841809771,0.159353833645582,0.231878274679184,0,0,0,0.115395388669438,0,0,0,0.149980466335248,0,0.146695464849472,0,0,0,0,0,0,0,0,0,0.221827459063823,0,0,0.199253022670746,0,0,0,0,0,0,0.220380937421559,0,0,0,0,0,0.254384036082074,0,0,0,0,0,0.135385662317276,0,0,0,0,0.186025943006239,0,0.189897792868492,0,0.137787722193511,0,0.146371565759182,0,0,0,0,0,0,0,0.293227553367615,0,0.273480773524002,0.155716589312683,0.153051432222128,0.203176641836762,0,0
0,0.265457276554003,0,0,0,0,0,0,0,0.202105663716793,0,0,0,0,0,0.253031567615621,0,0.167054862793767,0.37082576751709,0,0,0.18376971244812,0,0.256923111528158,0,0,0,0,0,0,0,0,0,0,0,0,0,0,0,0,0,0,0,0,0,0,0,0,0,0.297754087231376,0,0,0,0,0,0.297094643115997,0,0,0,0,0,0.254574936440962,0,0,0.310615650632165,0,0.255249777654989,0,0.233505818456583,0,0,0,0,0,0,0,0,0,0,0,0,0,0.178524302318692,0,0.329278002182643,0,0
0,0,0,0,0,0,0,0,0.148946784526469,0,0,0,0.108054997865111,0,0.128817260207891,0,0.124350772025593,0.14237300462049,0.203979172385656,0,0,0,0.116293254063103,0,0.149980466335248,0,0,0,0.135773874846372,0,0,0,0,0,0,0,0,0,0,0,0,0.254093527793884,0,0,0,0.296337455511093,0,0,0,0,0,0,0,0,0,0,0,0,0,0,0.122314448157946,0,0,0,0,0.133363782065479,0,0.165126920988162,0,0.121585265483764,0,0.144243086874485,0,0,0,0,0,0,0,0,0,0,0.133328371951657,0.143531823201043,0.153380141903957,0,0
0,0,0,0,0,0,0,0,0,0,0,0.241048354655504,0,0.196357671828831,0,0,0,0.167706091793216,0,0,0,0.215566704299913,0,0,0,0,0,0,0,0.154548729769886,0,0,0,0,0,0,0,0.224979914724827,0,0,0,0,0,0,0,0,0,0,0,0,0,0,0,0,0,0,0,0.256088823080063,0,0.155473333569842,0,0,0,0,0.213660262525082,0,0,0,0,0,0.167406838446071,0,0.160281315848634,0,0,0,0,0,0,0,0,0,0.142096536683625,0.18098684339499,0,0,0
0,0,0,0,0,0,0,0,0.139862470328808,0,0,0,0.131396653396743,0,0.139709199553934,0,0.143538019809623,0.134394273161888,0.188809275627136,0,0,0,0.280162446164503,0,0.146695464849472,0,0.135773874846372,0,0,0,0.167354445565831,0,0,0,0,0,0,0,0.136602199320489,0,0,0,0,0,0,0,0,0,0,0,0,0,0,0,0,0,0,0,0.140134394168854,0,0,0,0,0,0,0.291966594214882,0,0,0,0.111563013676478,0,0.210168484230431,0,0,0,0,0,0,0,0,0,0.153430688381195,0.137061395471508,0.127698943477411,0,0,0
0,0,0,0,0,0,0,0,0,0,0,0.195986499105181,0,0.265589841774532,0,0,0,0,0,0,0,0,0,0,0,0,0,0.154548729769886,0,0,0,0,0,0,0,0,0,0.141980797052383,0,0,0,0,0,0,0,0,0,0,0,0,0,0,0,0,0,0,0,0.226100311574773,0,0,0,0,0,0,0,0,0,0,0,0,0.114396336177985,0,0.14975106086432,0,0,0,0,0,0,0,0,0,0,0,0,0,0
0,0,0,0,0,0,0,0,0,0,0,0,0,0,0,0,0,0,0,0,0,0,0,0,0,0,0,0,0.167354445565831,0,0,0,0,0,0,0,0,0,0,0,0,0,0,0,0,0,0,0,0,0,0,0,0,0,0,0,0.150226715952158,0,0,0,0,0,0,0,0,0,0,0,0,0,0,0,0,0.207834884229538,0,0,0,0,0,0,0,0,0.171987582336773,0,0,0,0
0,0,0,0,0,0,0,0,0,0,0,0,0,0,0,0,0,0,0,0,0,0,0,0,0,0,0,0,0,0,0,0,0.156008849923427,0.165023803710938,0,0.123723924800914,0,0,0,0,0,0,0,0,0,0,0,0.193183260319168,0,0.276200365042314,0,0,0,0,0,0,0,0,0,0,0,0,0,0,0,0,0,0,0,0,0,0,0,0,0.178123247581762,0.152953937649727,0.155443700834324,0,0.156704846889742,0,0,0,0.153284584847502,0,0,0,0
0,0,0,0,0,0,0,0,0,0,0,0,0,0,0,0,0,0,0,0,0,0,0,0,0,0,0,0,0,0,0,0.156008849923427,0,0,0.378109647333622,0,0.222509477287531,0,0,0.62758594751358,0,0,0,0,0,0,0,0.432593602497139,0.417997917802144,0.456619703291375,0,0,0,0,0,0,0,0,0,0,0,0,0,0,0,0,0,0,0,0,0,0,0,0,0.157010462880135,0.211858172433443,0,0.148831483721733,0,0.303949596426066,0,0,0.191278815192262,0,0.442265667915344,0,0
0,0,0,0,0,0,0,0,0,0,0,0,0,0,0,0,0,0,0,0,0,0,0,0,0,0,0,0,0,0,0,0.165023803710938,0,0,0.151229689689153,0.146102825977973,0,0.122356476883094,0,0,0,0.406494295597076,0,0,0,0,0,0.275279947994912,0,0.341223700293179,0,0,0,0,0,0,0,0,0,0,0,0,0,0,0,0,0,0,0,0,0,0,0,0,0.284055233001709,0,0.265388677996059,0.14658263343222,0.171509278894857,0,0.316635205751397,0,0.411985470704438,0.195746611465107,0,0,0
0,0,0,0,0,0,0,0,0,0,0,0,0,0,0,0,0,0,0,0,0,0,0,0,0,0,0,0,0,0,0,0,0.378109647333622,0.151229689689153,0,0,0.165602366119503,0.144218234345317,0,0,0,0.445376539230347,0.327036907275518,0,0,0,0.250253975391388,0.393468183868585,0.387873697280884,0.381558924913406,0,0,0,0,0,0,0,0,0,0,0,0,0,0.279325187206268,0,0,0,0,0,0,0,0,0,0,0,0,0.156448260317614,0.167379879437867,0,0.195974974031735,0,0.124612357806076,0.209852310983616,0,0.412287938206092,0,0
0,0.255315095186234,0,0,0,0,0,0,0,0,0,0.289290276969351,0,0,0,0,0.338928014039993,0.265102475881577,0.369914634072262,0.217555903453753,0,0,0,0,0,0,0,0,0,0,0,0.123723924800914,0,0.146102825977973,0,0,0.168657537890218,0.237675080509103,0,0.325802274316243,0,0.279542983820041,0.271247684955597,0,0,0.255337713455612,0.210905492305756,0.241314302751983,0,0.301521491455404,0,0,0,0,0,0,0.268910398085912,0.343664280005864,0,0,0,0,0.230623554438353,0.226736053824425,0,0,0.310983806848526,0,0,0.303107082843781,0.247609406709671,0,0.2967429459095,0,0.160441216081381,0,0.137447788794008,0,0.210650739391021,0.393472703663926,0.238475708161481,0,0.153988224185547,0.140965412888262,0.289925238785853,0.313012093305588,0
0.374694734811783,0,0.222977370023727,0,0.193105464180311,0,0,0,0.321111962199211,0,0.15004233501283,0,0,0,0,0,0.331802378807749,0.371456369757652,0.339703117829881,0,0.140712848315908,0,0.307604849338531,0,0,0,0,0,0,0,0,0,0.222509477287531,0,0.165602366119503,0.168657537890218,0,0,0.171929062791601,0.294612494111061,0.303143617652711,0.296607758849859,0.296086149120873,0,0.390292779757426,0.340553867816925,0.291848484232527,0.29077275427373,0.24575628247112,0.220274701714516,0.236144750758454,0,0,0,0.225955505456243,0,0.239055261521016,0,0,0,0,0,0,0.146358327329353,0,0,0,0,0,0,0,0,0,0.275362870522908,0,0.197165045486047,0,0.145729293481687,0.175768734887242,0.208015462969137,0,0.230741852195933,0.183721778892419,0.183681672566241,0.268537942716416,0,0.318092600442469
0,0.328674548478909,0,0.228087335824966,0,0,0,0,0,0.315307312437466,0,0.225945956897357,0,0,0,0.319060454517603,0.284558907151222,0.227267175912857,0.344357677868434,0.281565633030947,0,0.261219399338093,0,0.281300307372198,0,0,0,0.224979914724827,0,0.141980797052383,0,0,0,0.122356476883094,0.144218234345317,0.237675080509103,0,0,0.141173277739435,0,0,0.341859529694814,0.3491550385952,0,0,0.295124472843276,0,0.34815017071863,0,0.239115840890123,0,0,0,0,0,0.301774149001748,0,0,0,0,0,0.315526306629181,0.286556847255087,0,0.253846406208914,0,0.298279353962516,0,0.327138900756836,0,0.360357776284218,0,0,0,0,0,0.213463222554752,0.124246601547514,0.262123494048339,0,0.244587323944149,0.140633619027702,0.262682128841024,0.441378889051644,0.297922026223325,0.370964835087458,0
0,0,0,0,0,0,0,0,0.254716132250097,0,0.138910871446339,0,0,0,0,0,0,0,0,0,0.134357121641095,0,0.172525765353834,0,0.221827459063823,0,0,0,0.136602199320489,0,0,0,0,0,0,0,0.171929062791601,0.141173277739435,0,0,0,0,0,0,0,0,0,0,0.32651041265423,0,0,0,0,0,0.283073198464182,0,0.178423557016585,0,0,0,0,0,0,0.194604841726167,0,0.195154403646787,0,0.299157010227287,0,0,0,0.111091539263725,0,0,0,0,0,0.110305704176426,0,0.186951732971725,0,0.22217040785005,0.143978883870771,0,0.244491684436798,0,0
0,0.202118813991547,0,0.221170619130135,0,0,0,0,0,0,0,0,0,0,0,0,0.294235154986382,0.294938594102859,0.313471637074909,0,0,0,0,0,0,0,0,0,0,0,0,0,0.62758594751358,0,0,0.325802274316243,0.294612494111061,0,0,0,0.42297101020813,0.260432360976031,0,0,0,0.331045175592105,0,0.403433082236342,0.390285722911358,0.385190018769829,0,0,0,0,0,0,0,0,0,0,0,0,0.341493969002078,0,0,0,0,0,0,0,0,0,0,0,0.255050361156464,0.60610579592841,0,0,0.326543186320626,0.456254305960858,0.290857449173927,0,0.33326359969059,0,0.260200581265717,0.293508365750313,0
0.321706041693687,0,0.223864179104567,0.211297497153282,0,0,0,0,0.337578962246577,0.31503432393074,0.255537364631891,0,0,0,0,0,0.310436545203684,0.307677233798636,0.310425385796966,0,0.242594143322536,0,0.248181313276291,0.264184921979904,0,0,0,0,0,0,0,0,0,0,0,0,0.303143617652711,0,0,0.42297101020813,0,0.256821713585784,0.296831650254965,0,0.387005398707762,0.293104833224788,0.267055879351691,0.198239760409141,0.196015203283277,0.318307712674141,0.216145217418671,0,0,0,0.247459871428353,0,0.275228585549227,0,0,0,0,0,0.338470306661394,0.257963634284854,0,0,0,0,0,0.272723078727722,0,0,0,0.287130483795726,0,0,0,0,0.347242952779282,0.234918934830897,0.382433086633682,0.387949354239624,0.304370514200617,0.294867494507976,0.345917072801784,0.336991482973099,0.319505921763475
0,0.240599984003276,0,0.224161587655544,0,0,0,0,0,0.314071733123123,0,0,0,0,0,0,0.274880172769454,0.280096431870175,0.230970276788812,0,0,0.296612530946732,0.240511932969093,0.305932059206746,0.199253022670746,0,0.254093527793884,0,0,0,0,0,0,0.406494295597076,0.445376539230347,0.279542983820041,0.296607758849859,0.341859529694814,0,0.260432360976031,0.256821713585784,0,0.214406906292007,0,0.254335685074329,0.297228033186987,0.318368122912943,0.423717728997451,0.318043778722103,0.366883586390557,0,0,0,0,0,0.262236762595804,0.277813891569773,0.262632429599762,0,0,0,0.262323022598312,0.299091000993053,0.262289956212044,0,0.240881636738777,0.360782267404841,0,0.360965173910646,0,0.419733869624727,0,0.373486411788762,0,0,0.397569864988327,0,0,0.283710422706378,0.330682429510194,0.377405120753774,0.357935205101967,0.270282496154104,0.209075228984539,0.329644504427929,0.207838316132585,0.204585025707881
0.249773063929752,0,0.285014099024591,0,0.228602217510343,0,0,0,0.224558648861144,0,0.361719850450754,0,0,0,0,0,0.254888676202757,0.272275070183807,0.224731690710006,0,0.285306434004994,0,0.24531190097332,0,0,0,0,0,0,0,0,0,0,0,0.327036907275518,0.271247684955597,0.296086149120873,0.3491550385952,0,0,0.296831650254965,0.214406906292007,0,0,0.286320020096848,0.267029006372799,0.309825039290367,0.537458023933298,0.296715143800906,0.311304175853729,0.23262988456658,0,0,0,0.23472037210184,0,0.328576857171154,0,0,0,0,0,0.335262387990952,0.305191943164888,0,0,0,0,0,0,0.333938419818878,0,0.272422805428505,0.287559805071616,0,0,0,0,0.317384648654196,0.321185409147643,0.360571667551994,0.399363883007378,0.267555876631355,0.279214039933486,0.304551946365107,0.272671107202768,0.223072959388488
0,0,0,0,0,0,0,0,0,0,0,0,0,0,0,0,0,0,0,0,0,0,0,0,0,0,0,0,0,0,0,0,0,0,0,0,0,0,0,0,0,0,0,0,0,0,0,0,0,0,0,0,0,0,0,0,0,0,0,0,0,0,0,0,0,0,0,0,0,0,0,0,0,0,0,0,0,0,0,0,0,0,0,0,0.247619852423668,0,0
0,0,0.269651234149933,0,0,0,0,0,0,0,0.481239646673203,0,0,0,0,0,0.280018013525516,0.283729444257915,0.307053769042917,0,0.446216881275177,0,0,0,0,0,0,0,0,0,0,0,0,0,0,0,0.390292779757426,0,0,0,0.387005398707762,0.254335685074329,0.286320020096848,0,0,0.350059700508912,0.366527218222618,0.347902625799179,0.377184639374415,0,0,0,0,0,0,0,0.392803271301091,0,0,0,0,0,0.345962360501289,0,0,0,0,0,0,0,0,0,0.324433088302612,0.407686769962311,0,0,0,0,0.365770608186722,0.429145076297797,0,0.494533356279135,0.282403614964675,0.268901586532593,0.412348978344228,0,0.310884529103835
0.413329780101776,0.213822390688093,0,0.20874780913194,0,0,0,0,0.349599465727806,0.285281740128994,0,0,0,0,0.248141586780548,0,0.313449434680389,0.303154190303758,0.308004288390954,0.256907254457474,0,0,0.2646753013134,0.289556682109833,0,0,0.296337455511093,0,0,0,0,0,0,0,0,0.255337713455612,0.340553867816925,0.295124472843276,0,0.331045175592105,0.293104833224788,0.297228033186987,0.267029006372799,0,0.350059700508912,0,0.332083789925826,0.27949554269964,0.319723978638649,0.222429909962136,0,0,0,0,0,0.27444814145565,0.217609822750092,0.259148210287094,0,0,0,0.245367482304573,0.248414617462838,0.239071391522884,0,0.290125794708729,0.268008072267879,0,0.274133317172527,0,0.282909772935368,0,0.26340185817745,0,0,0,0,0,0.296281477719768,0.340362643823028,0.302054696949697,0.36253422498703,0.276773346352296,0.293822267184071,0.283740537923355,0.315868654727936,0.277580612897873
0.28319430236633,0,0.218535233466398,0,0.206945350766182,0,0,0,0.290711453982762,0.275458067655563,0.304671004252589,0,0,0,0,0,0.309759854057501,0.315346518531442,0.335167157658595,0,0.290636264055753,0,0,0,0,0,0,0,0,0,0,0,0,0,0.250253975391388,0.210905492305756,0.291848484232527,0,0,0,0.267055879351691,0.318368122912943,0.309825039290367,0,0.366527218222618,0.332083789925826,0,0.254936772916052,0.311921804127368,0,0.210600652628475,0,0,0,0.201057045906782,0.307943016290665,0.316642046891413,0,0,0,0,0,0.383500665426254,0.258846571720071,0,0,0,0,0,0,0,0,0,0.347541804923568,0,0,0,0,0.326520550582144,0.289074861678517,0,0.398764016062725,0.258371353235477,0.286508876344432,0.314223553640708,0.280217796564102,0.315839563806852
0,0,0.27210009098053,0,0,0,0,0,0,0,0,0,0,0,0,0,0.311938017606735,0,0.291704382057543,0,0.266443282365799,0,0,0,0,0,0,0,0,0,0,0.193183260319168,0.432593602497139,0.275279947994912,0.393468183868585,0.241314302751983,0.29077275427373,0.34815017071863,0,0.403433082236342,0.198239760409141,0.423717728997451,0.537458023933298,0,0.347902625799179,0.27949554269964,0.254936772916052,0,0.346054137799717,0.352341355510683,0.258475065231323,0,0,0,0.246999934315681,0,0.269653972524863,0,0,0,0,0,0.251122438907623,0.260700122398489,0,0,0,0,0,0,0,0,0,0.274981498718262,0.175575736864114,0.453667252228178,0.347699717006798,0.244418962725571,0.23983724242033,0.434075486130494,0.340235997612278,0.306211729844411,0.435208199585535,0.434516726078185,0.335798365693449,0,0.300458304584026
0.17966342596885,0,0.201243836857096,0,0,0,0,0,0.215544776115791,0,0,0,0,0,0,0,0.302775649497142,0.339571338891983,0.308340653097591,0,0.14983557164669,0,0.177118070747541,0,0.220380937421559,0,0,0,0,0,0,0,0.417997917802144,0,0.387873697280884,0,0.24575628247112,0,0.32651041265423,0.390285722911358,0.196015203283277,0.318043778722103,0.296715143800906,0,0.377184639374415,0.319723978638649,0.311921804127368,0.346054137799717,0,0.420704001881725,0.217959345741705,0,0,0,0.266359096161231,0,0.215390642052111,0,0,0,0.18124121427536,0,0,0.232454061508179,0,0.172288013201567,0,0.275752564555193,0,0,0,0.163379639387131,0,0.282434675842524,0,0.256619238516776,0,0.219244123746951,0.368647038936615,0.191740364305616,0,0.279723754508113,0.356133579741556,0.385790646076202,0.325536109086622,0,0.304625312218795
0,0.315473549818662,0,0.186490351968412,0,0.322252884507179,0,0,0.295303046703339,0.342977177851644,0,0,0,0,0,0.316397825454144,0.336702906659671,0.348739836703647,0.343088926974893,0.343820620267118,0,0.284756184434952,0,0.2728214989032,0,0.297754087231376,0,0,0,0,0,0.276200365042314,0.456619703291375,0.341223700293179,0.381558924913406,0.301521491455404,0.220274701714516,0.239115840890123,0,0.385190018769829,0.318307712674141,0.366883586390557,0.311304175853729,0,0,0.222429909962136,0,0.352341355510683,0.420704001881725,0,0,0.18355680257082,0,0,0,0.308981028798769,0,0.337438394946437,0,0.220859896732061,0,0.288653103991668,0.273485992131705,0,0.22923539910485,0.266527444124222,0.317444738316463,0,0.325668086656011,0,0.347933584137967,0,0.297931477427483,0,0.284649632871151,0.426121611486782,0.310730774186354,0,0.24937844829461,0.257671892642975,0.267199139268291,0,0.343046739950783,0.318193674087524,0.318761325423322,0.404378540915986,0
0,0,0.206693352018827,0,0.222490647317199,0,0.179513148877813,0,0.192616105079651,0,0,0,0.145003071973022,0,0.225573998140661,0,0,0,0,0,0.230640297045019,0,0,0,0,0,0,0,0,0,0,0,0,0,0,0,0.236144750758454,0,0,0,0.216145217418671,0,0.23262988456658,0,0,0,0.210600652628475,0.258475065231323,0.217959345741705,0,0,0,0.180246685377576,0,0.18907971183459,0,0.261945230415068,0,0.237639425462112,0,0.227185381066533,0,0,0.293121802873826,0,0,0,0,0,0,0,0,0,0.281385640303294,0,0,0,0,0,0.276887732997255,0,0,0.199509171956996,0,0.252871029103072,0,0
0,0.17546344442027,0,0.161284610629082,0,0.137134792113846,0,0,0,0,0,0,0,0,0,0,0,0,0,0,0,0,0,0,0,0,0,0,0,0,0,0,0,0,0,0,0,0,0,0,0,0,0,0,0,0,0,0,0,0.18355680257082,0,0,0,0,0,0,0,0,0,0.152437013027997,0,0.150874836597501,0,0,0,0,0,0,0,0,0,0,0,0,0,0,0,0,0,0,0,0,0,0,0,0,0
0,0,0,0,0.199826746302492,0,0.159244062296929,0,0,0,0.147505197857247,0,0.138659494762708,0,0,0,0,0,0,0,0,0,0,0,0,0,0,0,0,0,0,0,0,0,0,0,0,0,0,0,0,0,0,0,0,0,0,0,0,0,0.180246685377576,0,0,0,0,0,0.216320045292377,0,0.184289666322561,0,0,0,0,0,0,0,0,0,0,0,0,0,0,0,0,0,0,0,0,0,0,0,0.121530472780719,0,0,0,0
0,0,0,0,0,0,0,0.127849615537203,0,0,0,0,0,0,0,0,0,0,0,0,0,0,0,0,0,0,0,0,0,0,0,0,0,0,0,0,0,0,0,0,0,0,0,0,0,0,0,0,0,0,0,0,0,0,0,0,0,0,0,0,0,0,0,0,0,0,0,0,0,0,0,0,0,0,0,0,0,0,0,0,0,0,0.112247712910175,0,0,0,0
0.138473321878633,0,0.155867005687162,0,0,0,0,0,0.197270163939358,0,0.280042260885239,0,0,0,0.22813888827523,0,0.213711693882942,0,0,0,0.201603914300601,0,0,0,0.254384036082074,0,0,0,0,0,0,0,0,0,0,0,0.225955505456243,0,0.283073198464182,0,0.247459871428353,0,0.23472037210184,0,0,0,0.201057045906782,0.246999934315681,0.266359096161231,0,0.18907971183459,0,0,0,0,0,0.254976082684063,0,0,0,0.184376139694185,0,0,0.233344819615869,0,0,0,0.243406015497943,0,0,0,0,0,0.28832217057546,0,0,0,0,0,0.253906624391675,0,0.271534152683758,0.226596270150285,0,0.219053213655109,0,0
0,0.283812250288432,0,0.191583101948102,0,0.161133606731892,0,0,0,0.21419991137673,0,0,0,0,0,0.307542049884796,0.277219831943512,0.12463706433773,0.303434959989934,0.314884573221207,0,0,0,0.240922362795876,0,0.297094643115997,0,0,0,0,0,0,0,0,0,0,0,0.301774149001748,0,0,0,0.262236762595804,0,0,0,0.27444814145565,0.307943016290665,0,0,0.308981028798769,0,0,0,0,0,0,0,0,0,0,0,0.291884142160416,0.320767521858215,0,0,0,0.315390876219386,0,0.29320644906589,0,0.298584885503116,0,0.255992713443776,0,0,0,0,0,0.3061596176454,0.39314866065979,0.303331360875905,0,0.256339348949082,0,0.28420341621107,0.204469183252917,0
0.356231320649385,0,0.290256823820096,0,0.252542757674267,0,0,0,0.317351786713851,0,0.200984725159351,0,0.147591948509216,0,0.220692823914921,0,0.366473112255335,0.302642494440079,0.337513308494519,0,0.331821244505663,0,0,0,0,0,0,0,0,0,0.150226715952158,0,0,0,0,0.268910398085912,0.239055261521016,0,0.178423557016585,0,0.275228585549227,0.277813891569773,0.328576857171154,0,0.392803271301091,0.217609822750092,0.316642046891413,0.269653972524863,0.215390642052111,0,0.261945230415068,0,0.216320045292377,0,0.254976082684063,0,0,0,0.263632167316973,0,0.236164657102115,0,0,0.337579813253873,0,0,0,0,0,0.134414792060852,0,0.246597293492654,0,0.359908370439671,0,0,0,0,0.25720901042223,0.293325359990567,0,0.419652819633484,0.334867664654481,0.324581503868103,0.356312048966038,0,0.349893476582167
0,0.18391672372818,0,0.173029349608855,0,0.35164712369442,0,0.15780444641908,0,0,0,0.168328153825857,0,0.225881787223948,0,0,0,0,0,0.33374129150595,0,0,0,0,0,0,0,0.256088823080063,0,0.226100311574773,0,0,0,0,0,0.343664280005864,0,0,0,0,0,0.262632429599762,0,0,0,0.259148210287094,0,0,0,0.337438394946437,0,0,0,0,0,0,0,0,0,0.22771916812466,0,0.234964113682508,0.287992301397026,0,0,0,0.368120327591896,0,0.351065105199814,0,0.335685767846949,0,0.233073152374715,0,0,0,0,0,0.282582774758339,0,0,0,0.127396300435066,0,0.284028564912701,0,0
0,0,0.196149673490297,0,0.164214258205216,0,0.172624121343388,0,0,0,0.177001384397348,0,0.177631519551863,0,0.186953546836021,0,0,0,0,0,0,0,0,0,0,0,0,0,0.140134394168854,0,0,0,0,0,0,0,0,0,0,0,0,0,0,0,0,0,0,0,0,0,0.237639425462112,0,0.184289666322561,0,0,0,0.263632167316973,0,0,0,0.22459835767746,0,0,0.318177729845047,0,0,0,0,0,0,0,0.230674637775672,0,0,0,0,0,0,0,0,0,0,0.181994310737959,0.247151970863342,0.215558163878572,0,0
0,0,0,0.176536694169044,0,0,0,0,0,0,0,0.240917038573669,0,0.177513304886154,0,0,0,0,0,0,0,0,0,0,0,0,0,0.155473333569842,0,0,0,0,0,0,0,0,0,0,0,0,0,0,0,0,0,0,0,0,0,0.220859896732061,0,0.152437013027997,0,0,0,0,0,0.22771916812466,0,0,0,0.222607350349426,0,0,0,0,0,0,0.370094001293182,0,0.243560687491768,0,0,0,0,0,0,0,0,0,0,0,0,0,0.182712065126445,0,0
0.169465149797144,0,0.21768644452095,0,0.218763721736712,0,0,0,0.192600161039506,0,0,0,0.21946168584483,0,0.167525524361812,0,0.135666768659245,0.130348891019821,0,0,0,0,0.128086238567318,0,0.135385662317276,0,0.122314448157946,0,0,0,0,0,0,0,0,0,0,0,0,0,0,0,0,0,0,0,0,0,0.18124121427536,0,0.227185381066533,0,0,0,0.184376139694185,0,0.236164657102115,0,0.22459835767746,0,0,0,0,0,0,0.137959457933903,0,0,0,0.119152560830116,0,0,0,0,0,0,0,0,0,0,0,0,0.16699414950123,0.172465398907661,0,0,0
0,0.214792647324074,0,0.208607524925587,0,0,0,0,0,0.291482888162136,0,0,0,0,0,0.173298239529916,0,0.177106262817979,0.278463823927773,0,0,0,0,0.312976669821539,0,0.254574936440962,0,0,0,0,0,0,0,0,0,0,0,0.315526306629181,0,0,0,0.262323022598312,0,0,0,0.245367482304573,0,0,0,0.288653103991668,0,0.150874836597501,0,0,0,0.291884142160416,0,0.234964113682508,0,0.222607350349426,0,0,0.299465008080006,0,0,0,0.342850955059895,0,0.25149008209178,0,0.303601985125198,0,0.266943621635437,0,0,0,0,0,0.271467173099518,0,0.311312538953054,0,0.236819212941023,0,0.332880085021813,0.208499989372033,0
0,0.237142166266075,0,0,0,0.259483706206083,0,0.162286767363548,0,0.336423580845197,0,0.142851138215386,0,0,0,0,0.351776928986822,0.308708523901609,0.333298918703149,0.235514973891822,0,0,0,0,0,0,0,0,0,0,0,0,0,0,0,0.230623554438353,0,0.286556847255087,0,0.341493969002078,0.338470306661394,0.299091000993053,0.335262387990952,0,0.345962360501289,0.248414617462838,0.383500665426254,0.251122438907623,0,0.273485992131705,0,0,0,0,0,0.320767521858215,0,0.287992301397026,0,0,0,0.299465008080006,0,0,0,0,0.266723874956369,0,0.271538130939007,0,0.272575198672712,0,0.258860136031127,0,0,0,0,0,0.2710472835057,0.374618609746297,0.304938773198139,0.438834369182587,0.250993225956336,0.315473025664687,0.25878398600511,0.331431161612272,0
0,0,0.205299915745854,0,0.210326734643716,0,0,0,0.26350873708725,0,0.218295557424426,0,0,0,0,0,0.285945177078247,0,0.363147176802158,0,0.199061428742115,0,0,0,0,0,0,0,0,0,0,0,0,0,0.279325187206268,0.226736053824425,0.146358327329353,0,0.194604841726167,0,0.257963634284854,0.262289956212044,0.305191943164888,0,0,0.239071391522884,0.258846571720071,0.260700122398489,0.232454061508179,0,0.293121802873826,0,0,0,0.233344819615869,0,0.337579813253873,0,0.318177729845047,0,0,0,0,0,0,0,0,0,0,0,0,0,0,0.364255685806274,0,0,0,0,0.249222412705421,0.252948968767936,0,0.318599981024989,0.20001441943014,0,0.344012603874356,0,0.320691405580594
0,0,0,0,0,0,0,0,0,0,0,0,0,0,0,0,0,0,0,0,0,0.208272096407187,0,0.126770847422235,0,0.310615650632165,0,0.213660262525082,0,0,0,0,0,0,0,0,0,0.253846406208914,0,0,0,0,0,0,0,0,0,0,0,0.22923539910485,0,0,0,0,0,0,0,0,0,0,0,0,0,0,0,0,0.155803500928662,0,0.337650085985661,0,0.275807996373253,0,0,0,0,0,0,0,0,0,0.290403840779248,0,0.151710923728162,0.18194972786863,0,0,0
0,0,0,0,0,0,0,0,0.152372666200002,0,0,0,0,0,0.151066063046455,0,0.134869809910999,0.14788372490717,0.216849670491435,0,0,0,0.199532207449768,0,0.186025943006239,0,0.133363782065479,0,0.291966594214882,0,0,0,0,0,0,0,0,0,0.195154403646787,0,0,0.240881636738777,0,0,0,0.290125794708729,0,0,0.172288013201567,0.266527444124222,0,0,0,0,0,0,0,0,0,0,0.137959457933903,0,0,0,0,0,0,0,0,0.118988442637704,0,0.30132767410143,0,0,0,0,0,0,0.314610153436661,0.251913815736771,0,0.147272378694816,0.180032686085042,0.150349990409963,0,0,0
0,0.344459150712754,0,0.24187733232975,0,0,0,0,0,0.313800610291461,0,0,0,0,0,0.309498549439013,0.323659837245941,0.203471276622552,0.318092204940816,0,0,0.222597520798445,0,0.245438344912803,0,0.255249777654989,0,0,0,0,0,0,0,0,0,0.310983806848526,0,0.298279353962516,0,0,0,0.360782267404841,0,0,0,0.268008072267879,0,0,0,0.317444738316463,0,0,0,0,0,0.315390876219386,0,0.368120327591896,0,0,0,0.342850955059895,0.266723874956369,0,0.155803500928662,0,0,0,0.301057220868815,0,0.351912423968315,0,0.264750890433788,0,0,0,0,0,0.346383260829108,0,0.334442647411851,0,0.284484182946759,0,0.345397942178415,0.387793238673891,0
0.207483653579989,0,0,0,0,0,0,0,0.236603703983921,0,0,0,0,0,0.23348306119442,0,0.156000060900565,0,0,0,0,0,0.131174147129059,0,0.189897792868492,0,0.165126920988162,0,0,0,0,0,0,0,0,0,0,0,0.299157010227287,0,0,0,0,0,0,0,0,0,0.275752564555193,0,0,0,0,0,0.243406015497943,0,0,0,0,0,0,0,0,0,0,0,0,0,0,0.140677469968796,0,0.151311159133911,0,0,0,0,0,0,0,0,0,0.271209387497587,0.180740009855341,0.164503794163465,0.224691927433014,0,0
0,0.301922373175621,0,0,0,0,0,0,0,0.32833213172853,0,0,0,0,0,0.247338458895683,0,0.135975452406066,0.349582067131996,0,0,0.187635506037623,0,0.285287851645123,0,0.233505818456583,0,0,0,0,0,0,0,0,0,0,0,0.327138900756836,0,0,0,0.360965173910646,0,0,0,0.274133317172527,0,0,0,0.325668086656011,0,0,0,0,0,0.29320644906589,0,0.351065105199814,0,0.370094001293182,0,0.25149008209178,0.271538130939007,0,0.337650085985661,0,0.301057220868815,0,0,0,0.33740010148003,0,0,0,0,0,0,0,0.311815187335014,0,0,0.361019104719162,0.341225290853603,0,0.339372871472285,0.392609402537346,0
0.123906018979409,0,0,0,0,0,0,0,0.143739215509836,0,0,0,0.0961671953505658,0,0.126000914296541,0,0.129375232995387,0.129063461835568,0.204282445833087,0,0,0,0.117630837361957,0,0.137787722193511,0,0.121585265483764,0,0.111563013676478,0,0,0,0,0,0,0.303107082843781,0,0,0,0,0.272723078727722,0,0,0,0,0,0,0,0,0,0,0,0,0,0,0,0.134414792060852,0,0,0,0.119152560830116,0,0,0,0,0.118988442637704,0,0.140677469968796,0,0,0,0.121092705056071,0,0,0,0,0,0,0.287099123001099,0,0,0,0.135414285065416,0.147190023213625,0,0,0
0,0.314877014167196,0,0.275520592927933,0,0,0,0,0,0.371061191763929,0,0,0,0.137286854579168,0,0,0.294025518000126,0,0.350474854862248,0,0,0.314452861998714,0,0.367544665932655,0,0,0,0.167406838446071,0,0.114396336177985,0,0,0,0,0,0.247609406709671,0,0.360357776284218,0,0,0,0.419733869624727,0.333938419818878,0,0,0.282909772935368,0,0,0,0.347933584137967,0,0,0,0,0,0.298584885503116,0,0.335685767846949,0,0.243560687491768,0,0.303601985125198,0.272575198672712,0,0.275807996373253,0,0.351912423968315,0,0.33740010148003,0,0,0,0.297104972600937,0,0,0,0,0,0.356487641280348,0,0.249678735549633,0,0.227947822995176,0.170562505722046,0.356111078237081,0.400930826993365,0
0,0,0,0,0,0,0,0,0.138820980985959,0,0,0,0.122996429602305,0,0.13291081910332,0,0.154320136540466,0.147541016340256,0,0,0,0,0.284095765213774,0,0.146371565759182,0,0.144243086874485,0,0.210168484230431,0,0,0,0,0,0,0,0,0,0.111091539263725,0,0,0,0,0,0,0,0,0,0.163379639387131,0,0,0,0,0,0,0,0.246597293492654,0,0.230674637775672,0,0,0,0,0,0,0.30132767410143,0,0.151311159133911,0,0.121092705056071,0,0,0,0.269897319892278,0,0,0,0,0,0,0,0.227269364560352,0.136382731493939,0.114736948162317,0,0,0
