0,0,6.99064337240683,0,9.29122765858968,0,0,0,4.27611737297878,0,0,0,0,0,3.81852441174643,0,29.9890828132629,38.025260925293,14.6752855315689,0,0,0,0,0,0,0,0,0,0,0,0,0,0,0,0,0,0,0,0,53.392941792806,26.4183093070984,46.697816212972,20.8008305345263,0,17.0056190490723,0,14.5050518960664,38.3545951843262,6.49905782364033,0,0,0,0,0,4.0232753089802,0,0,0,0,0,5.58494577895511,0,0,30.1268698692322,0,0,0,11.0499024391174,0,0,0,0,0,0,0,0,0,0,0,29.1059949941156,0,23.6761665344238,7.21163820200845,0,15.1460170154218,0,10.1257829666138
0,0,0,4.64865016596658,0,0,0,0,0,7.25367128620977,0,0,0,0,0,7.06392645835876,0,32.6360969543457,8.53754203215889,0,0,0,0,0,0,0,0,0,0,0,0,0,0,0,0,0,0,7.83651971817017,27.4365358352661,25.4155090876988,0,17.2319867305267,37.569803237915,9.24927425384521,0,14.3515776225499,0,0,0,5.98851973524435,0,11.0290683893057,0,0,0,4.87063316873923,0,8.7999593705842,0,6.14890507289341,0,5.588693855846,0,0,0,0,6.45726013183594,0,4.37297081947327,0,0,0,20.9727411270142,0,0,0,0,0,29.8907595740424,0,26.4257977803548,0,8.1904091653745,6.19862461090088,10.6099123021056,10.6221803426743,0
6.99064337240683,0,0,0,0,0,0,0,5.62485365751313,0,0,0,0,0,0,0,0,0,12.2433007558187,0,0,0,0,0,0,0,0,0,0,0,0,0,0,0,0,25.9588603973389,22.0886198043823,0,0,0,34.1024389595821,42.2577054159982,25.5920463380359,0,0,0,17.6729125976562,47.3875293731689,16.4406404244272,0,5.62148744976101,0,0,0,5.00569200515747,0,20.42547851369,0,5.00286580907538,0,0,0,0,18.2453662554423,0,0,0,0,0,0,0,0,0,0,0,0,0,0,66.856689453125,49.5376518249512,0,0,11.6893157111663,20.5970478057861,20.8394759439591,0,23.1827159881592
0,4.64865016596658,0,0,0,10.7152065054576,0,0,0,7.52936893701553,0,0,0,0,0,0,0,0,59.2283821105957,15.3865309715271,0,0,0,0,0,0,0,0,0,0,0,0,0,0,0,20.756225669384,0,0,0,36.0750321780934,0,25.2994955274794,46.1596145629883,0,0,25.9576000213623,0,51.1977195739746,36.9309247334798,8.63900180296464,0,8.02758930327048,0,0,0,6.45421791976353,0,15.1760577691926,0,4.61774904504785,0,5.86539979934692,42.3048299153646,0,0,0,0,0,0,0,0,0,26.501014649868,0,0,0,0,0,33.9351440776478,59.8210716247559,31.1700992584229,0,12.1408382382448,8.45089373134431,11.3627748700406,14.8646625876427,0
9.29122765858968,0,0,0,0,0,3.17778378266555,0,9.64469474699439,0,9.40211717705978,0,0,0,0,0,0,0,0,0,4.2779883224456,0,0,0,0,0,0,0,0,0,0,0,0,0,0,0,10.6183900535107,0,0,0,36.733039855957,0,39.6722778320312,0,0,0,25.1741352081299,0,31.4768996768528,0,3.54397469291049,0,4.01100581884384,0,13.6882100423177,0,11.5958933300442,0,0,0,0,0,0,4.77511613368988,0,0,0,0,0,0,0,0,0,0,0,0,0,0,0,33.2859001159668,0,0,4.79550815045053,3.48728081937564,10.6077136611938,0,0
0,0,0,10.7152065054576,0,0,0,3.86439230896178,0,5.50127178178707,0,0,0,0,0,4.61057100125721,0,0,0,3.26372595131397,0,0,0,0,0,0,0,0,0,0,0,0,0,0,0,9.6870446060643,0,0,0,0,0,29.5642986297607,58.7794456481934,0,0,25.9547080993652,0,53.2967300415039,0,35.1490936279297,0,3.64807832830306,0,5.37094783782959,0,3.97897870452316,0,30.110195795695,0,0,0,3.90446424484253,4.00673961639404,0,0,0,0,0,0,0,0,0,31.8742265701294,0,0,0,0,0,22.9641168117523,0,0,0,4.02671931153637,3.92999451069892,8.37904737638624,0,0
0,0,0,0,3.17778378266555,0,0,0,0,0,3.20649904864175,0,3.79716062545776,0,0,0,0,0,0,0,3.07689468643882,0,0,0,0,0,0,0,0,0,0,0,0,0,0,0,0,0,0,0,0,0,0,0,0,0,0,0,0,0,2.97409453988075,0,3.74046398325509,0,0,0,2.91520555814107,0,4.14492003233344,0,0,0,0,0,0,0,0,0,0,0,0,0,0,0,0,0,0,0,0,0,0,0,4.0000806376338,3.01108040307698,0,0,0
0,0,0,0,0,3.86439230896178,0,0,0,0,0,5.17631575720651,0,0,0,0,0,0,0,3.02576599760753,0,0,0,0,0,0,0,0,0,0,0,0,0,0,0,0,0,0,0,0,0,0,0,0,0,0,0,0,0,0,0,2.87199089106391,0,3.37280040234327,0,0,0,4.94943569176388,0,4.8942950963974,0,0,4.74712340831757,0,0,0,0,0,0,0,0,0,0,0,0,0,0,0,0,0,0,0,3.4689182639122,3.1549973487854,0,0,0
4.27611737297878,0,5.62485365751313,0,9.64469474699439,0,0,0,0,38.3304023742676,0,0,0,0,4.31662061679886,0,17.6374865813221,39.5303868293762,10.615959841706,0,15.3653545379639,0,70.0539398193359,0,4.25605305269653,0,6.8263002548899,0,0,0,0,0,0,0,0,0,0,0,8.93735423088074,80.4133682250977,0,47.1759910583496,11.0976424818841,0,27.3831539154053,0,21.4085941314697,0,7.92678302906929,0,4.86740365748604,0,0,0,4.95672783563223,0,24.7457857131958,0,0,0,4.80698849491237,0,0,34.8722190856934,57.9543266296387,0,0,4.92122050335533,0,5.31890444283013,0,0,0,0,0,0,0,0,0,37.8465404510498,0,5.97935577442771,6.09915525526738,6.10659022485056,6.44848398845963,0,9.34936796535145
0,7.25367128620977,0,7.52936893701553,0,5.50127178178707,0,0,38.3304023742676,0,0,0,0,0,0,5.97111791606963,38.5591766254322,17.5219580993889,12.5934382817324,0,0,0,0,13.7482616901398,0,10.3039954503377,43.4319229125977,0,0,0,0,0,0,17.7937918538633,0,0,0,8.08414844317096,0,83.2041854858398,68.4378814697266,16.7809882112171,0,0,0,0,0,17.5245914459229,0,9.03535578971685,0,5.39704340412503,0,0,0,4.96917000107649,0,19.4748425483704,0,0,0,8.57989436013358,0,0,22.9255065917969,0,4.20256427714699,0,4.46009823481242,0,0,0,0,0,0,0,19.1577677837638,0,58.3693046569824,0,12.7719898616211,0,6.22579250076681,6.2389529256717,8.87399784053665,2.95000505447388,56.5666542053223
0,0,0,0,9.40211717705978,0,3.20649904864175,0,0,0,0,0,3.32114628496624,0,0,0,0,0,0,0,3.6592699392574,0,0,0,0,0,0,0,2.95329784524852,0,3.56178370475769,0,0,0,0,0,3.65027078204282,0,3.26067005960565,0,0,0,0,0,0,0,0,0,0,0,5.07589170512031,0,4.44568662310756,0,0,0,5.66140759472355,0,3.41804168535315,0,0,0,0,3.75319147109985,0,0,0,0,0,0,0,2.97006076858157,0,10.4138530672413,0,0,0,0,0,6.56326847372895,0,3.84512234834524,5.53411919147045,2.9533506495612,3.15188956260681,0,0
0,0,0,0,0,0,0,5.17631575720651,0,0,0,0,0,3.69840522059459,0,0,0,0,0,3.43426380231976,0,0,0,0,0,0,0,3.37050122022629,0,6.12932698293166,0,0,0,0,0,3.78489642177554,0,3.87301829315367,0,0,0,0,0,0,0,0,0,0,0,0,0,3.68982224297105,0,4.38792023707911,0,0,0,6.18645917747258,0,3.98407776600759,0,0,4.13765397781634,0,0,0,0,0,0,0,4.68140780925751,0,7.91535998474468,0,0,0,0,0,8.98094970385234,0,9.34631188114081,0,3.10176050327868,2.75173115730286,18.4260650832078,0,0
0,0,0,0,0,0,3.79716062545776,0,0,0,3.32114628496624,0,0,0,3.06757725409742,0,0,0,0,0,0,0,0,0,0,0,0,0,2.85175693035126,0,0,0,0,0,0,0,0,0,0,0,0,0,0,0,0,0,0,0,0,0,0,0,5.8987832069397,0,0,0,4.46809119311246,0,3.77836482299258,0,3.23638724535704,0,0,0,0,0,0,0,0,0,0,0,0,0,0,0,0,0,0,0,0,0,3.15704347235816,3.15778074559477,0,0,0
0,0,0,0,0,0,0,0,0,0,0,3.69840522059459,0,0,0,3.78769478753761,0,0,0,0,0,0,0,0,0,0,0,7.07253138224284,0,3.89127837910372,0,0,0,0,0,0,0,0,0,0,0,0,0,0,0,0,0,0,0,0,0,0,0,0,0,0,0,3.59510980491285,0,4.10366224667782,0,4.02149684088571,0,0,0,0,0,0,0,0,3.92056024074554,0,4.16180542799143,0,0,0,0,0,0,0,0,0,3.17780041415789,3.14413459018897,0,0,0
3.81852441174643,0,0,0,0,0,0,0,4.31662061679886,0,0,0,3.06757725409742,0,0,0,6.09316145462595,41.5762920379639,0,0,0,0,19.949405670166,0,19.7559051513672,0,5.37334052721659,0,0,0,0,0,0,0,0,0,0,0,0,0,0,0,0,0,0,0,0,0,0,0,0,0,0,0,5.39210369996727,0,0,0,4.28440018800589,0,3.45337358757904,0,0,0,0,0,0,0,0,6.01109072140285,0,0,0,0,0,0,0,0,0,0,0,0,4.27558282077713,3.73331189279755,0,0,0
0,7.06392645835876,0,0,0,4.61057100125721,0,0,0,5.97111791606963,0,0,0,3.78769478753761,0,0,41.4541417076474,12.7120449754535,29.7662518819173,0,0,29.2485408782959,0,12.2761824755442,0,9.43415635824203,0,0,0,0,0,0,0,0,0,0,0,0,0,0,0,0,0,0,0,0,0,0,0,0,0,4.72963569134097,0,0,0,5.60694361655943,0,0,0,5.88128861514005,0,3.1669351543699,0,0,21.2165837287903,0,14.8740166967565,0,3.2202356159687,0,0,0,0,0,0,0,0,0,0,0,0,0,7.15804060954939,3.1205884326588,0,0,0
29.9890828132629,0,0,0,0,0,0,0,17.6374865813221,38.5591766254322,0,0,0,0,6.09316145462595,41.4541417076474,0,18.6878596162911,19.4644687550123,0,0,22.6875347137451,6.9714050919669,28.3987704658508,17.9899525497899,38.5168199539185,10.3675824427752,0,0,0,0,0,0,0,0,0,0,0,0,68.0080068745744,57.9111087623684,55.2339243947724,41.1629786461151,42.9437664576939,40.2410980430809,56.2472324371338,49.9551641290838,72.259635925293,0,0,0,0,0,0,22.0199807484945,51.0075073242188,53.7987747192383,67.0957489013672,0,0,5.0761713138243,38.9194183349609,70.7069974152938,63.9520140753852,27.6036309242249,0,32.9803437942114,0,34.0264852697199,8.97900797426701,0,0,0,0,0,0,0,0,64.9724849007346,61.5289094119062,0,64.9395055770874,14.7411749263645,6.92826335470029,49.5866336516518,60.3190092606978,39.7653849060471
38.025260925293,32.6360969543457,0,0,0,0,0,0,39.5303868293762,17.5219580993889,0,0,0,0,41.5762920379639,12.7120449754535,18.6878596162911,0,18.3549843302518,0,0,12.4191835159841,19.1281261444092,15.4849823930989,0,9.31980553466476,35.6058154728102,0,0,0,0,0,0,0,0,0,0,0,0,59.6351407493033,71.1231582641602,44.0313809147588,52.0527821646796,39.4634698232015,48.4465942382812,47.5492063061944,65.8530115873917,0,0,0,0,0,0,0,40.7694048881531,23.3006021499634,0,53.1731281280518,0,0,0,12.6705678262209,63.2550469489947,71.8733222267845,14.3113136691336,0,22.0022960257256,0,10.3237319907757,43.8523788452148,0,0,54.6604042053223,0,0,0,0,0,63.528762561519,70.9943216361252,57.1643543243408,0,14.519303765445,5.85796363502428,52.4136107716043,42.373716968601,59.5058904375349
14.6752855315689,8.53754203215889,12.2433007558187,59.2283821105957,0,0,0,0,10.615959841706,12.5934382817324,0,0,0,0,0,29.7662518819173,19.4644687550123,18.3549843302518,0,0,0,36.8927917480469,0,28.7798508177412,0,31.341765572043,35.5681117375692,0,0,0,0,0,0,0,0,0,0,22.9328932762146,0,36.02718916818,38.5522733717316,20.2256027597768,25.0059328426386,20.9785292688406,19.1743046471832,29.0554773330688,27.2628622147196,0,20.2122973962264,12.1165263175964,0,53.0772705078125,0,0,13.4238349980321,15.5321950912476,31.7382920074463,27.9092846847162,0,0,0,0,47.7132618249099,46.1584440798742,37.3489888509115,0,31.6250591959272,0,27.7362641334534,0,0,0,23.5225267337479,22.5260524749756,0,0,0,0,39.9542611523404,42.3022803752292,28.4705260716952,37.091798533564,12.1435190998337,10.8390178446676,25.9652180970998,14.033989543554,23.3391757131751
0,0,0,15.3865309715271,0,3.26372595131397,0,3.02576599760753,0,0,0,3.43426380231976,0,0,0,0,0,0,0,0,0,0,0,0,0,0,0,0,0,0,0,0,0,0,0,5.72369348795878,0,3.50821843853703,0,0,0,38.6178588867188,0,0,0,0,0,0,0,0,0,8.53769636154175,0,5.53747277259827,0,0,0,12.6883395115534,0,0,0,0,4.3420866776136,0,0,0,0,0,0,0,0,0,17.8165871115292,0,0,0,0,0,7.55808319742717,0,16.8142853279404,0,5.0425893391593,16.0962133407593,11.0617504467744,0,0
0,0,0,0,4.2779883224456,0,3.07689468643882,0,15.3653545379639,0,3.6592699392574,0,0,0,0,0,0,0,0,0,0,0,0,0,0,0,0,0,0,0,0,0,0,0,0,0,6.85604332847849,0,3.75775931278865,0,22.8120460510254,0,43.9872436523438,0,0,0,11.7614908218384,0,0,0,4.45083785779548,0,4.57862894535065,0,0,0,3.78466291183775,0,0,0,0,0,0,6.2260552371281,0,0,0,0,0,0,0,0,0,8.39635276794434,0,0,0,0,0,6.13260712477224,0,4.08167629656584,8.49862756472244,13.6370725631714,7.31867216373312,0,0
0,0,0,0,0,0,0,0,0,0,0,0,0,0,0,29.2485408782959,22.6875347137451,12.4191835159841,36.8927917480469,0,0,0,3.84799912323554,5.72505507063358,0,3.38258810997009,28.8469486236572,2.86973489005611,0,0,0,0,0,0,0,0,0,6.54128803185502,2.98541565736135,0,0,0,0,0,0,0,0,17.343489040028,0,8.03048518756489,0,0,0,0,0,0,0,0,0,0,0,0,79.491325378418,0,4.52190111519841,3.79329180717468,7.39752185344696,0,4.72270211239451,0,3.57666988212329,0,0,0,0,0,0,0,0,0,7.88031031538509,0,4.04133225937663,3.81744639635086,0,0,0
0,0,0,0,0,0,0,0,70.0539398193359,0,0,0,0,0,19.949405670166,0,6.9714050919669,19.1281261444092,0,0,0,3.84799912323554,0,0,0,0,11.0941166877747,0,4.14041527579812,0,0,0,0,0,0,0,0,0,3.18009355664253,0,0,0,0,0,0,0,0,0,7.19319832324982,0,0,0,0,0,0,0,0,0,0,0,0,0,0,0,0,4.41483240791048,0,3.93796761830648,0,2.72917008399963,0,4.43007396929192,0,0,0,0,0,0,0,0,0,3.95287744354152,4.91294224689617,3.16213974459418,0,0,0
0,0,0,0,0,0,0,0,0,13.7482616901398,0,0,0,0,0,12.2761824755442,28.3987704658508,15.4849823930989,28.7798508177412,0,0,5.72505507063358,0,0,0,3.84887458665951,32.0122394561768,0,0,0,0,0,0,16.8437267541885,0,0,0,6.05777987498863,0,64.0744743347168,70.4645614624023,0,33.6490516662598,0,0,44.0196685791016,71.7565765380859,21.3938150405884,0,5.10259743170305,0,0,0,0,83.8322830200195,5.25039151906967,0,0,0,0,0,6.91855840971976,0,0,8.73347643133882,0,4.01876859489609,0,3.82922287314546,0,6.76298847198486,0,0,0,0,0,16.155315151921,0,0,66.13556543986,9.92527827133292,0,14.6408882990823,0,17.9319105012076,0,0
0,0,0,0,0,0,0,0,4.25605305269653,0,0,0,0,0,19.7559051513672,0,17.9899525497899,0,0,0,0,0,0,0,0,0,4.44832911945525,0,0,0,0,0,0,0,15.3714220523834,0,0,0,6.2188538297295,0,0,0,0,0,0,0,0,0,0,0,0,0,0,0,5.22706943332313,0,0,0,0,0,0,0,0,0,0,5.28089301586151,0,5.21281383915951,0,5.01977717535836,0,0,0,0,0,0,0,16.4232896169027,0,0,0,9.88756723361733,6.02488065629766,0,4.1057152066912,0,0
0,0,0,0,0,0,0,0,0,10.3039954503377,0,0,0,0,0,9.43415635824203,38.5168199539185,9.31980553466476,31.341765572043,0,0,3.38258810997009,0,3.84887458665951,0,0,0,0,0,0,0,0,0,0,0,0,0,0,0,0,0,0,0,42.7364120483398,0,0,0,0,0,0,0,0,0,0,0,2.94115376472473,0,0,0,0,0,4.3778383202023,0,0,5.91815814605126,0,4.24992241886225,0,3.14920139844928,0,0,0,0,0,0,0,0,0,0,0,0,0,20.3596772456515,0,0,0,0
0,0,0,0,0,0,0,0,6.8263002548899,43.4319229125977,0,0,0,0,5.37334052721659,0,10.3675824427752,35.6058154728102,35.5681117375692,0,0,28.8469486236572,11.0941166877747,32.0122394561768,4.44832911945525,0,0,0,3.24370561876605,0,0,0,0,0,0,0,0,0,0,98.2214374542236,0,60.4840202331543,0,0,0,0,0,0,0,0,0,0,0,0,3.39262580170351,0,0,0,0,0,0,0,0,0,0,0,0,3.88961278425681,0,3.41967136130251,0,3.01150168637513,0,0,0,0,0,0,0,0,0,0,14.0272901168497,2.9489045937856,0,0,0
0,0,0,0,0,0,0,0,0,0,0,3.37050122022629,0,7.07253138224284,0,0,0,0,0,0,0,2.86973489005611,0,0,0,0,0,0,0,3.19573403683371,0,0,0,0,0,0,0,3.64071388428028,0,0,0,0,0,0,0,0,0,0,0,0,0,0,0,0,0,0,0,3.29684480031331,0,6.2416000231257,0,3.87458750515273,0,0,2.87672213713328,0,0,0,3.18897025525069,0,4.22272442810522,0,9.80713479799734,0,0,0,0,0,0,0,4.07746764183044,0,2.9014605946011,2.82340016961098,0,0,0
0,0,0,0,0,0,0,0,0,0,2.95329784524852,0,2.85175693035126,0,0,0,0,0,0,0,0,0,4.14041527579812,0,0,0,3.24370561876605,0,0,0,3.37951699170199,0,0,0,0,0,0,0,2.93720595924943,0,0,0,0,0,0,0,0,0,0,0,0,0,0,0,0,0,2.9475736618042,0,0,0,0,0,0,0,0,4.99830824418129,0,0,0,0,0,3.84599661747747,0,7.55350422859192,0,0,0,0,0,0,0,0,2.95362181713184,2.8764385495867,0,0,0
0,0,0,0,0,0,0,0,0,0,0,6.12932698293166,0,3.89127837910372,0,0,0,0,0,0,0,0,0,0,0,0,0,3.19573403683371,0,0,0,0,0,0,0,0,0,3.10033413105541,0,0,0,0,0,0,0,0,0,0,0,0,0,0,0,0,0,0,0,5.24296178537257,0,3.67052849656657,0,0,0,0,0,0,0,0,0,0,6.64612362087679,0,5.73168465148931,0,0,0,0,0,0,0,10.7146504153597,0,3.24616971382728,0,0,0,0
0,0,0,0,0,0,0,0,0,0,3.56178370475769,0,0,0,0,0,0,0,0,0,0,0,0,0,0,0,0,0,3.37951699170199,0,0,0,0,0,0,0,0,0,3.43908630804872,0,0,0,0,0,0,0,0,0,0,0,0,0,0,0,0,0,4.958071614013,0,0,0,0,0,0,0,0,0,0,0,0,0,0,4.98370436259678,0,5.76061525516955,0,0,0,0,0,0,0,3.92948439386156,2.91426235934099,0,0,0,0
0,0,0,0,0,0,0,0,0,0,0,0,0,0,0,0,0,0,0,0,0,0,0,0,0,0,0,0,0,0,0,0,3.47575175921122,5.00927438622429,8.4077730178833,3.91157376556329,8.15321675468894,0,0,0,0,0,0,0,0,0,0,5.41088717110491,7.25087356567383,9.8391561905543,0,0,0,0,0,0,0,0,0,0,0,0,0,0,0,0,0,0,0,0,0,0,0,0,6.44156579254883,4.5871747842769,4.13013272839923,7.28239226341248,4.25451596686458,6.7678404185507,0,0,3.33116333666494,0,8.98852262825801,0,0
0,0,0,0,0,0,0,0,0,0,0,0,0,0,0,0,0,0,0,0,0,0,0,0,0,0,0,0,0,0,0,3.47575175921122,0,0,4.42887885868549,5.44010584127335,3.32361992362405,0,0,0,0,0,13.5227479934692,0,0,0,0,4.58902638367396,13.7845878601074,0,0,0,0,0,0,0,0,0,0,0,0,0,0,0,0,0,0,0,0,0,0,0,0,0,6.85748495951943,4.04132865276188,0,6.58483759562175,8.92689666152,3.91630717515945,0,0,3.207244492629,0,4.63348913192749,0,0
0,0,0,0,0,0,0,0,0,17.7937918538633,0,0,0,0,0,0,0,0,0,0,0,0,0,16.8437267541885,0,0,0,0,0,0,0,5.00927438622429,0,0,5.11397807715369,5.21798412658308,0,5.49566489065479,21.2254066467285,0,0,8.7708415389061,0,0,0,0,0,5.49762656520959,16.9887476154402,9.73701776398553,0,0,0,0,0,20.1400378545125,0,0,0,0,0,0,0,0,17.6298713684082,0,17.3904307229178,0,0,0,0,0,0,0,18.7049423136362,0,5.28956658021352,4.52874179973738,7.17409491822833,0,7.05309310555458,0,4.38055993340929,3.32419514656067,12.5884392791324,0,0
0,0,0,0,0,0,0,0,0,0,0,0,0,0,0,0,0,0,0,0,0,0,0,0,15.3714220523834,0,0,0,0,0,0,8.4077730178833,4.42887885868549,5.11397807715369,0,0,3.28817681110267,0,3.30296692513583,0,0,0,14.7742859522502,0,0,0,0,5.4089215413118,13.3665710661146,17.0235252380371,0,0,0,0,0,0,0,0,0,0,0,0,0,0,0,0,0,16.8475774129232,0,0,0,0,0,0,0,9.96820778802994,5.56138961751696,4.11030159099818,0,5.20426956037196,12.253210067749,5.78947796240944,3.88164930189809,0,4.41556549072266,0,0
0,0,25.9588603973389,20.756225669384,0,9.6870446060643,0,0,0,0,0,3.78489642177554,0,0,0,0,0,0,0,5.72369348795878,0,0,0,0,0,0,0,0,0,0,0,3.91157376556329,5.44010584127335,5.21798412658308,0,0,4.19455123134182,5.24314260582366,6.05439942223685,25.450437720305,0,31.0555274269798,25.7073001861572,0,0,9.80702137887329,0,10.580154709518,9.66311534245809,23.2643672552976,0,25.8180777231852,0,0,0,0,0,8.29943947880356,0,0,0,0,6.05836696474111,0,0,0,0,0,0,0,0,0,35.7153046925863,0,5.39413327047195,6.5559815565745,4.37751615410898,0,5.53369959584314,4.38406116269281,9.08856896307901,0,4.83368026281146,4.08223142847419,14.6228520534736,34.7139663696289,51.8197059631348
0,0,22.0886198043823,0,10.6183900535107,0,0,0,0,0,3.65027078204282,0,0,0,0,0,0,0,0,0,6.85604332847849,0,0,0,0,0,0,0,0,0,0,8.15321675468894,3.32361992362405,0,3.28817681110267,4.19455123134182,0,9.26919364929199,5.13911156476381,0,18.1138610839844,21.2894503275553,40.4189675649007,0,0,0,23.8467472621373,4.97555588805763,17.9619479690279,0,11.8239264855018,0,0,0,0,0,3.95998269726771,0,0,0,0,0,0,7.85891944099875,0,0,0,0,0,0,0,0,0,0,10.8819853375035,4.45073870910231,0,4.06420615514119,6.43187299777464,6.79344847843296,0,6.67021139993377,5.0405316092458,4.19579522433272,13.8005371077776,0,0
0,7.83651971817017,0,0,0,0,0,0,0,8.08414844317096,0,3.87301829315367,0,0,0,0,0,0,22.9328932762146,3.50821843853703,0,6.54128803185502,0,6.05777987498863,0,0,0,3.64071388428028,0,3.10033413105541,0,0,0,5.49566489065479,0,5.24314260582366,9.26919364929199,0,3.99988830515317,0,0,10.9690275192261,0,0,0,0,0,7.55577735282455,22.8433629444667,6.86707663850156,0,0,0,0,0,9.14727969047351,0,7.10177434574474,0,0,0,0,10.8869296482631,0,7.80589690764026,0,8.10862937563942,0,0,0,4.52198722627428,0,5.47450671163765,0,0,0,8.17603140651134,0,7.01883802493413,0,5.18334053586683,3.94013508160909,4.89441876887609,3.63984488357197,7.36776626737494,9.91551303863525,0
0,27.4365358352661,0,0,0,0,0,0,8.93735423088074,0,3.26067005960565,0,0,0,0,0,0,0,0,0,3.75775931278865,2.98541565736135,3.18009355664253,0,6.2188538297295,0,0,0,2.93720595924943,0,3.43908630804872,0,0,21.2254066467285,3.30296692513583,6.05439942223685,5.13911156476381,3.99988830515317,0,0,0,23.4382009506226,19.1950702667236,0,0,0,16.5954732894897,5.19872577141409,7.38477005589657,44.5445327758789,0,0,0,0,10.4351193063399,0,4.23237576338922,0,0,0,0,0,0,13.3742171940596,0,5.40263679575793,0,8.51380962247302,0,6.95519304275513,0,3.19146061795098,0,5.32516351053792,0,0,0,6.48258222106599,0,7.85007350755281,3.79053414229191,5.43582850371694,4.77440031423444,3.53459477809168,6.38913333018621,0,0
53.392941792806,25.4155090876988,0,36.0750321780934,0,0,0,0,80.4133682250977,83.2041854858398,0,0,0,0,0,0,68.0080068745744,59.6351407493033,36.02718916818,0,0,0,0,64.0744743347168,0,0,98.2214374542236,0,0,0,0,0,0,0,0,25.450437720305,0,0,0,0,91.5818881988525,18.3354935524817,63.4709696451823,21.2903632322947,56.5645446777344,17.1947835461233,69.912540435791,33.620278040568,44.4152507781982,8.4333645479003,0,40.9710988998413,0,0,0,0,73.259557723999,45.7522676641291,0,0,0,0,19.3235893012846,91.2379035949707,63.5642509460449,0,0,0,50.8185920715332,0,0,0,50.9335952758789,0,0,0,0,0,10.8693602649789,85.9415251991966,39.3471702621097,0,44.2600844078716,53.6827790396554,15.537993431023,14.9693786101613,60.2539949417114
26.4183093070984,0,34.1024389595821,0,36.733039855957,0,0,0,0,68.4378814697266,0,0,0,0,0,0,57.9111087623684,71.1231582641602,38.5522733717316,0,22.8120460510254,0,0,70.4645614624023,0,0,0,0,0,0,0,0,0,0,0,0,18.1138610839844,0,0,91.5818881988525,0,58.3403587341309,19.8901134690251,52.803160349528,24.470872185447,0,19.8698731281298,8.51564931869507,4.8028393309457,0,0,0,0,0,0,0,46.1843442414936,69.4836807250977,0,0,0,0,79.0618839263916,8.7181826493679,0,0,0,0,0,0,0,0,0,9.45260143280029,0,0,0,0,92.6038925170898,11.2503928389277,0,48.7237395118265,42.811763617606,0,19.4372583328874,62.7567749023438,15.9791588318057
46.697816212972,17.2319867305267,42.2577054159982,25.2994955274794,0,29.5642986297607,0,0,47.1759910583496,16.7809882112171,0,0,0,0,0,0,55.2339243947724,44.0313809147588,20.2256027597768,38.6178588867188,0,0,0,0,0,0,60.4840202331543,0,0,0,0,0,0,8.7708415389061,0,31.0555274269798,21.2894503275553,10.9690275192261,23.4382009506226,18.3354935524817,58.3403587341309,0,13.3364062052448,10.5610946272359,43.8709452946981,25.3138108076873,56.0784587860107,9.35434500195763,33.9739202923245,13.6057985956057,0,38.2789678573608,0,0,0,0,67.3808987935384,15.0627872370209,0,38.3030208587646,0,23.2771985190255,25.0452226805593,70.8633950551351,0,0,46.6433639526367,0,0,0,0,0,10.8037614902394,65.7731094360352,0,0,0,0,22.4289848190978,66.6157485041125,17.3301765745965,68.7929153442383,15.4536360749947,31.2390391031901,13.5581953773629,7.58448086383372,70.5578759511312
20.8008305345263,37.569803237915,25.5920463380359,46.1596145629883,39.6722778320312,58.7794456481934,0,0,11.0976424818841,0,0,0,0,0,0,0,41.1629786461151,52.0527821646796,25.0059328426386,0,43.9872436523438,0,0,33.6490516662598,0,0,0,0,0,0,0,0,13.5227479934692,0,14.7742859522502,25.7073001861572,40.4189675649007,0,19.1950702667236,63.4709696451823,19.8901134690251,13.3364062052448,0,33.7651195526123,18.9183595725468,67.7699737548828,19.9844772825018,11.9163288237557,9.95967252059859,21.9033826828003,29.2820692062378,0,0,0,9.82327032089233,0,18.1546035679904,62.7698184422084,29.7427116394043,0,0,0,67.8211624839089,26.8553936146508,0,0,53.4871597290039,0,0,0,0,0,57.4023303985596,23.3171279271444,0,43.6060390472412,0,5.75619840621948,59.3050138810102,21.6994385178556,0,19.5702499866486,16.0507677074901,37.5754553476969,12.9489603209813,41.1668552398682,8.88969883326591
0,9.24927425384521,0,0,0,0,0,0,0,0,0,0,0,0,0,0,42.9437664576939,39.4634698232015,20.9785292688406,0,0,0,0,0,0,42.7364120483398,0,0,0,0,0,0,0,0,0,0,0,0,0,21.2903632322947,52.803160349528,10.5610946272359,33.7651195526123,0,29.6375713348389,19.5784753799438,46.2281131744385,0,0,0,0,0,0,0,0,0,0,19.317232131958,0,0,0,0,32.1511220371022,0,0,0,0,0,0,0,0,0,17.6932353973389,0,0,0,0,0,23.9983166521928,57.7564353942871,20.8098034578211,0,24.0274903040666,41.4353523254395,14.8774383684223,12.3944905069139,33.913330078125
17.0056190490723,0,0,0,0,0,0,0,27.3831539154053,0,0,0,0,0,0,0,40.2410980430809,48.4465942382812,19.1743046471832,0,0,0,0,0,0,0,0,0,0,0,0,0,0,0,0,0,0,0,0,56.5645446777344,24.470872185447,43.8709452946981,18.9183595725468,29.6375713348389,0,0,18.0091001883797,0,10.8687109947205,0,0,0,0,0,0,0,18.1083164215088,47.5798301696777,0,0,0,0,54.7500877380371,40.3668174743652,0,0,0,0,0,0,0,0,0,45.0775756835938,0,0,0,0,54.6882197062174,26.0753987408101,0,20.4348159790039,22.8251876686559,0,15.681145529998,41.7098255157471,17.4543536901474
0,14.3515776225499,0,25.9576000213623,0,25.9547080993652,0,0,0,0,0,0,0,0,0,0,56.2472324371338,47.5492063061944,29.0554773330688,0,0,0,0,44.0196685791016,0,0,0,0,0,0,0,0,0,0,0,9.80702137887329,0,0,0,17.1947835461233,0,25.3138108076873,67.7699737548828,19.5784753799438,0,0,57.026273727417,38.8816848754883,28.6745338439941,24.9512435739691,0,0,0,0,0,0,0,19.3978918996351,0,0,0,0,8.1672403593173,79.5284576416016,0,0,0,0,0,0,0,0,14.6827046972444,0,0,0,0,0,19.1810245851301,70.5732412338257,14.1306621908172,0,24.9473340633142,12.8307285308838,14.7245539392744,0,0
14.5050518960664,0,17.6729125976562,0,25.1741352081299,0,0,0,21.4085941314697,0,0,0,0,0,0,0,49.9551641290838,65.8530115873917,27.2628622147196,0,11.7614908218384,0,0,71.7565765380859,0,0,0,0,0,0,0,0,0,0,0,0,23.8467472621373,0,16.5954732894897,69.912540435791,19.8698731281298,56.0784587860107,19.9844772825018,46.2281131744385,18.0091001883797,57.026273727417,0,45.0808448791504,17.6699033536409,0,0,0,0,0,0,0,20.5353992831322,59.9343070983887,0,0,0,0,80.6670875549316,15.1366257700053,0,0,60.0083923339844,0,0,0,0,0,64.68590965271,19.7147520065308,0,0,0,0,71.4222294943673,16.5481573286791,0,16.3021005659687,26.938974180464,0,18.9101986861465,0,34.6388094641946
38.3545951843262,0,47.3875293731689,51.1977195739746,0,53.2967300415039,0,0,0,17.5245914459229,0,0,0,0,0,0,72.259635925293,0,0,0,0,17.343489040028,0,21.3938150405884,0,0,0,0,0,0,0,5.41088717110491,4.58902638367396,5.49762656520959,5.4089215413118,10.580154709518,4.97555588805763,7.55577735282455,5.19872577141409,33.620278040568,8.51564931869507,9.35434500195763,11.9163288237557,0,0,38.8816848754883,45.0808448791504,0,10.4280115002565,8.01225144998684,0,0,0,0,0,0,0,0,0,0,0,0,0,0,17.8013556003571,0,12.2043270503773,0,0,0,0,0,0,0,5.78995568174506,5.50831471771016,4.91648490501173,6.1341750584465,7.13074830480433,6.41328727043405,9.69581177162552,13.0298042586356,7.10977008626374,2.94660472869873,9.72366718863937,0,0
6.49905782364033,0,16.4406404244272,36.9309247334798,31.4768996768528,0,0,0,7.92678302906929,0,0,0,0,0,0,0,0,0,20.2122973962264,0,0,0,7.19319832324982,0,0,0,0,0,0,0,0,7.25087356567383,13.7845878601074,16.9887476154402,13.3665710661146,9.66311534245809,17.9619479690279,22.8433629444667,7.38477005589657,44.4152507781982,4.8028393309457,33.9739202923245,9.95967252059859,0,10.8687109947205,28.6745338439941,17.6699033536409,10.4280115002565,0,14.6549553987159,40.4856071472168,0,0,0,6.58218530508188,0,35.3874162946429,62.0792617797852,0,0,3.1264307975769,0,0,32.5273270077176,0,4.59459638169834,30.2378387451172,5.53518815994263,0,0,0,0,63.0792064666748,18.4778633117676,8.20501708984375,26.8943481445312,0,15.0419991811117,7.31693775900479,9.66651011083988,26.9033651351929,6.7782990179801,10.0939338967234,0,10.3060242866152,0,17.4384460449219
0,5.98851973524435,0,8.63900180296464,0,35.1490936279297,0,0,0,9.03535578971685,0,0,0,0,0,0,0,0,12.1165263175964,0,0,8.03048518756489,0,5.10259743170305,0,0,0,0,0,0,0,9.8391561905543,0,9.73701776398553,17.0235252380371,23.2643672552976,0,6.86707663850156,44.5445327758789,8.4333645479003,0,13.6057985956057,21.9033826828003,0,0,24.9512435739691,0,8.01225144998684,14.6549553987159,0,0,12.0169123736295,0,0,0,7.52778000964059,0,10.7488246310142,0,25.3439663648605,0,4.49593906974792,26.2871907552083,0,8.7040678040456,0,5.58380195701936,0,5.68085098887483,0,5.23749768768937,0,39.6835828744448,0,9.21574401855469,0,0,17.2795241219657,11.5906296286216,71.889045715332,8.13966450464158,16.9053726196289,11.4608914599323,0,10.9996352986861,0,0
0,0,5.62148744976101,0,3.54397469291049,0,2.97409453988075,0,4.86740365748604,0,5.07589170512031,0,0,0,0,0,0,0,0,0,4.45083785779548,0,0,0,0,0,0,0,0,0,0,0,0,0,0,0,11.8239264855018,0,0,0,0,0,29.2820692062378,0,0,0,0,0,40.4856071472168,0,0,0,3.19047008370453,0,5.06000174938793,0,4.43367863785137,0,3.37461669008497,0,3.30819726812428,0,0,4.39336460828781,0,0,0,0,0,0,0,0,0,0,0,0,0,0,0,0,0,0,4.04529276260963,4.36110566092319,6.63980917725712,0,0
0,11.0290683893057,0,8.02758930327048,0,3.64807832830306,0,2.87199089106391,0,5.39704340412503,0,3.68982224297105,0,0,0,4.72963569134097,0,0,53.0772705078125,8.53769636154175,0,0,0,0,0,0,0,0,0,0,0,0,0,0,0,25.8180777231852,0,0,0,40.9710988998413,0,38.2789678573608,0,0,0,0,0,0,0,12.0169123736295,0,0,0,3.16192150115967,0,3.34875902007608,0,5.43917714922052,0,3.65926888409783,0,3.56169977313594,10.6859607696533,0,0,0,0,0,0,0,0,0,36.74228515625,0,0,0,0,0,13.4765558242798,0,0,0,5.00395050197068,3.68379627957064,9.97430141410486,0,0
0,0,0,0,4.01100581884384,0,3.74046398325509,0,0,0,4.44568662310756,0,5.8987832069397,0,0,0,0,0,0,0,4.57862894535065,0,0,0,0,0,0,0,0,0,0,0,0,0,0,0,0,0,0,0,0,0,0,0,0,0,0,0,0,0,3.19047008370453,0,0,0,0,0,4.04953959685106,0,3.75194320678711,0,0,0,0,0,0,0,0,0,0,0,0,0,0,0,0,0,0,0,0,0,0,0,3.0671883767651,3.14031838377317,0,0,0
0,0,0,0,0,5.37094783782959,0,3.37280040234327,0,0,0,4.38792023707911,0,0,0,0,0,0,0,5.53747277259827,0,0,0,0,0,0,0,0,0,0,0,0,0,0,0,0,0,0,0,0,0,0,0,0,0,0,0,0,0,0,0,3.16192150115967,0,0,0,0,0,4.48424605513519,0,4.48854907353719,0,0,9.89136600494385,0,0,0,0,0,0,0,0,0,0,0,0,0,0,0,0,0,0,0,4.0062183380127,2.94739484786987,0,0,0
4.0232753089802,0,5.00569200515747,0,13.6882100423177,0,0,0,4.95672783563223,0,0,0,0,0,5.39210369996727,0,22.0199807484945,40.7694048881531,13.4238349980321,0,0,0,0,83.8322830200195,5.22706943332313,0,3.39262580170351,0,0,0,0,0,0,0,0,0,0,0,10.4351193063399,0,0,0,9.82327032089233,0,0,0,0,0,6.58218530508188,0,5.06000174938793,0,0,0,0,0,0,0,0,0,5.28592220657075,0,0,0,0,0,0,6.11657526233765,0,5.20114467703566,0,0,0,0,0,0,0,0,0,0,0,7.9544630602554,8.15652739827904,5.47571706771851,7.56714013521222,0,0
0,4.87063316873923,0,6.45421791976353,0,3.97897870452316,0,0,0,4.96917000107649,0,0,0,0,0,5.60694361655943,51.0075073242188,23.3006021499634,15.5321950912476,0,0,0,0,5.25039151906967,0,2.94115376472473,0,0,0,0,0,0,0,20.1400378545125,0,0,0,9.14727969047351,0,0,0,0,0,0,0,0,0,0,0,7.52778000964059,0,3.34875902007608,0,0,0,0,0,0,0,0,0,6.1666703687031,0,0,0,0,4.35454742451932,0,0,0,0,0,0,0,0,0,19.4043769041697,0,0,0,12.3355296857749,0,7.03162134015882,13.4894137382507,8.68802319632636,0,0
0,0,20.42547851369,0,11.5958933300442,0,2.91520555814107,0,24.7457857131958,0,5.66140759472355,0,4.46809119311246,0,0,0,53.7987747192383,0,31.7382920074463,0,3.78466291183775,0,0,0,0,0,0,0,2.9475736618042,0,4.958071614013,0,0,0,0,0,3.95998269726771,0,4.23237576338922,73.259557723999,46.1843442414936,67.3808987935384,18.1546035679904,0,18.1083164215088,0,20.5353992831322,0,35.3874162946429,0,4.43367863785137,0,4.04953959685106,0,0,0,0,72.7409896850586,5.8809156815211,0,0,0,0,6.02966942260557,0,0,0,0,0,0,0,3.12047564983368,73.0049082438151,8.10055530447144,0,0,0,0,78.9778887430827,38.3364100678023,0,8.16860791047414,11.18683315934,3.49296007332978,10.983554352951,0,14.6229733257759
0,8.7999593705842,0,15.1760577691926,0,30.110195795695,0,4.94943569176388,0,19.4748425483704,0,6.18645917747258,0,3.59510980491285,0,0,67.0957489013672,53.1731281280518,27.9092846847162,12.6883395115534,0,0,0,0,0,0,0,3.29684480031331,0,5.24296178537257,0,0,0,0,0,8.29943947880356,0,7.10177434574474,0,45.7522676641291,69.4836807250977,15.0627872370209,62.7698184422084,19.317232131958,47.5798301696777,19.3978918996351,59.9343070983887,0,62.0792617797852,10.7488246310142,0,5.43917714922052,0,4.48424605513519,0,0,72.7409896850586,0,0,3.95994529223333,0,5.3204224597324,9.08128833919299,70.2683258056641,0,0,0,0,0,0,6.41734524071217,0,6.29172100938471,0,0,0,0,0,37.8095869609288,76.805811882019,13.5711368918419,0,9.2718219575882,2.92775177955627,10.5370610663287,12.5868559232572,0
0,0,5.00286580907538,0,0,0,4.14492003233344,0,0,0,3.41804168535315,0,3.77836482299258,0,4.28440018800589,0,0,0,0,0,0,0,0,0,0,0,0,0,0,0,0,0,0,0,0,0,0,0,0,0,0,0,29.7427116394043,0,0,0,0,0,0,0,3.37461669008497,0,3.75194320678711,0,0,0,5.8809156815211,0,0,0,3.11718844099248,0,0,0,0,0,0,0,0,3.17756278698261,0,3.46516915610139,0,0,0,0,0,0,0,49.4907875061035,0,0,3.66488705766145,3.68919341800777,21.6815945400911,0,0
0,6.14890507289341,0,4.61774904504785,0,0,0,4.8942950963974,0,0,0,3.98407776600759,0,4.10366224667782,0,5.88128861514005,0,0,0,0,0,0,0,0,0,0,0,6.2416000231257,0,3.67052849656657,0,0,0,0,0,0,0,0,0,0,0,38.3030208587646,0,0,0,0,0,0,0,25.3439663648605,0,3.65926888409783,0,4.48854907353719,0,0,0,3.95994529223333,0,0,0,3.59001705709812,0,0,0,0,0,0,0,0,4.36583553758779,0,4.78535871505737,0,0,0,0,0,38.1429023742676,0,0,0,4.31579826626123,4.70670652586567,6.28729100630317,0,0
5.58494577895511,0,0,0,0,0,0,0,4.80698849491237,0,0,0,3.23638724535704,0,3.45337358757904,0,5.0761713138243,0,0,0,0,0,0,0,0,0,0,0,0,0,0,0,0,0,0,0,0,0,0,0,0,0,0,0,0,0,0,0,3.1264307975769,0,3.30819726812428,0,0,0,5.28592220657075,0,0,0,3.11718844099248,0,0,0,0,0,0,0,0,11.7840232849121,0,4.37497100234032,0,0,0,0,0,0,0,0,0,0,0,0,3.27511384897616,3.84016624689102,20.9169356822968,0,0
0,5.588693855846,0,5.86539979934692,0,3.90446424484253,0,0,0,8.57989436013358,0,0,0,4.02149684088571,0,3.1669351543699,38.9194183349609,12.6705678262209,0,0,0,0,0,6.91855840971976,0,4.3778383202023,0,3.87458750515273,0,0,0,0,0,0,0,0,0,0,0,0,0,23.2771985190255,0,0,0,0,0,0,0,4.49593906974792,0,3.56169977313594,0,0,0,6.1666703687031,0,5.3204224597324,0,3.59001705709812,0,0,0,0,23.320405960083,0,5.373342502884,0,4.07029979804467,0,3.70570769198363,0,0,0,0,0,0,0,0,0,0,0,4.63546010653178,3.16196739673615,16.7157851060232,0,0
0,0,0,42.3048299153646,0,4.00673961639404,0,4.74712340831757,0,0,0,4.13765397781634,0,0,0,0,70.7069974152938,63.2550469489947,47.7132618249099,4.3420866776136,0,79.491325378418,0,0,0,0,0,0,0,0,0,0,0,0,0,6.05836696474111,0,10.8869296482631,0,19.3235893012846,79.0618839263916,25.0452226805593,67.8211624839089,32.1511220371022,54.7500877380371,8.1672403593173,80.6670875549316,0,0,26.2871907552083,0,10.6859607696533,0,9.89136600494385,0,0,0,9.08128833919299,0,0,0,0,0,85.4136759440104,0,0,67.3334121704102,0,0,0,12.619927406311,0,14.6277744969455,0,0,0,0,0,10.1292777359785,98.0042533874512,15.1003357814251,0,28.2758424268212,11.6577076911926,15.0891083647735,49.0646263122559,75.4529507954915
30.1268698692322,0,18.2453662554423,0,4.77511613368988,0,0,0,34.8722190856934,0,3.75319147109985,0,0,0,0,0,63.9520140753852,71.8733222267845,46.1584440798742,0,6.2260552371281,0,0,0,0,0,0,0,0,0,0,0,0,0,0,0,7.85891944099875,0,13.3742171940596,91.2379035949707,8.7181826493679,70.8633950551351,26.8553936146508,0,40.3668174743652,79.5284576416016,15.1366257700053,0,32.5273270077176,0,4.39336460828781,0,0,0,0,0,6.02966942260557,70.2683258056641,0,0,0,0,85.4136759440104,0,0,0,0,0,0,0,0,0,77.0300216674805,7.09670167764028,0,0,0,0,86.3867696126302,11.652971261818,0,13.8379141103931,28.0157935389821,7.38413548469543,12.6623057946386,77.4816837310791,46.8542545318603
0,0,0,0,0,0,0,0,57.9543266296387,22.9255065917969,0,0,0,0,0,21.2165837287903,27.6036309242249,14.3113136691336,37.3489888509115,0,0,4.52190111519841,0,8.73347643133882,0,5.91815814605126,0,2.87672213713328,0,0,0,0,0,17.6298713684082,0,0,0,7.80589690764026,0,63.5642509460449,0,0,0,0,0,0,0,17.8013556003571,0,8.7040678040456,0,0,0,0,0,0,0,0,0,0,0,23.320405960083,0,0,0,0,8.36241861762208,0,9.33204927321138,0,4.48940763372252,0,0,0,0,0,0,0,0,0,8.05359528093347,0,7.42404495459523,3.41051633217755,19.8050174713135,0,0
0,0,0,0,0,0,0,0,0,0,0,0,0,0,0,0,0,0,0,0,0,3.79329180717468,4.41483240791048,0,5.28089301586151,0,0,0,4.99830824418129,0,0,0,0,0,0,0,0,0,5.40263679575793,0,0,0,0,0,0,0,0,0,4.59459638169834,0,0,0,0,0,0,0,0,0,0,0,0,0,0,0,0,0,0,4.39088624482477,0,3.98122161171123,0,5.23000420356283,0,0,0,0,0,0,0,0,0,5.86337387142221,5.07959528604563,4.11615184942881,0,0,0
0,6.45726013183594,0,0,0,0,0,0,0,4.20256427714699,0,0,0,0,0,14.8740166967565,32.9803437942114,22.0022960257256,31.6250591959272,0,0,7.39752185344696,0,4.01876859489609,0,4.24992241886225,0,0,0,0,0,0,0,17.3904307229178,0,0,0,8.10862937563942,0,0,0,46.6433639526367,53.4871597290039,0,0,0,60.0083923339844,12.2043270503773,30.2378387451172,5.58380195701936,0,0,0,0,0,4.35454742451932,0,0,0,0,0,5.373342502884,67.3334121704102,0,8.36241861762208,0,0,0,3.8975370976983,0,8.67994535746782,0,0,0,0,0,18.6685501547421,0,0,0,10.1642159636131,0,10.7594821641804,0,5.7184623458364,0,0
11.0499024391174,0,0,0,0,0,0,0,4.92122050335533,0,0,0,0,0,0,0,0,0,0,0,0,0,3.93796761830648,0,5.21281383915951,0,3.88961278425681,0,0,0,0,0,0,0,16.8475774129232,0,0,0,8.51380962247302,0,0,0,0,0,0,0,0,0,5.53518815994263,0,0,0,0,0,6.11657526233765,0,0,0,0,0,11.7840232849121,0,0,0,0,4.39088624482477,0,0,0,3.30312310996121,0,0,0,0,0,0,0,16.9042167663574,0,0,0,7.99451345665377,6.91427004337311,0,4.39656748622656,0,0
0,4.37297081947327,0,0,0,0,0,0,0,4.46009823481242,0,0,0,0,0,3.2202356159687,34.0264852697199,10.3237319907757,27.7362641334534,0,0,4.72270211239451,0,3.82922287314546,0,3.14920139844928,0,3.18897025525069,0,0,0,0,0,0,0,0,0,0,0,50.8185920715332,0,0,0,0,0,0,0,0,0,5.68085098887483,0,0,0,0,0,0,0,0,0,0,0,4.07029979804467,0,0,9.33204927321138,0,3.8975370976983,0,0,0,4.21188756760131,0,0,0,0,0,0,0,0,0,0,0,7.23870436979993,0,0,0,0
0,0,0,0,0,0,0,0,5.31890444283013,0,0,0,0,0,6.01109072140285,0,8.97900797426701,43.8523788452148,0,0,0,0,2.72917008399963,0,5.01977717535836,0,3.41967136130251,0,0,0,0,0,0,0,0,0,0,0,6.95519304275513,0,0,0,0,0,0,0,0,0,0,0,0,0,0,0,5.20114467703566,0,0,0,3.17756278698261,0,4.37497100234032,0,0,0,0,3.98122161171123,0,3.30312310996121,0,0,0,3.17987362076254,0,0,0,0,0,0,0,0,0,8.17758655548096,6.31017329818324,0,0,0,0
0,0,0,0,0,0,0,0,0,0,0,4.68140780925751,0,3.92056024074554,0,0,0,0,0,0,0,3.57666988212329,0,6.76298847198486,0,0,0,4.22272442810522,0,6.64612362087679,0,0,0,0,0,0,0,4.52198722627428,0,0,0,0,0,0,0,0,0,0,0,5.23749768768937,0,0,0,0,0,0,0,6.41734524071217,0,4.36583553758779,0,3.70570769198363,12.619927406311,0,4.48940763372252,0,8.67994535746782,0,4.21188756760131,0,0,0,4.88101408908616,0,0,0,0,0,0,0,4.99458560943603,0,3.47678979426199,3.57603683736589,12.0738391876221,0,0
0,0,0,0,0,0,0,0,0,0,2.97006076858157,0,0,0,0,0,0,0,0,0,0,0,4.43007396929192,0,0,0,3.01150168637513,0,3.84599661747747,0,4.98370436259678,0,0,0,0,0,0,0,3.19146061795098,0,0,0,0,0,0,0,0,0,0,0,0,0,0,0,0,0,3.12047564983368,0,3.46516915610139,0,0,0,0,0,0,5.23000420356283,0,0,0,3.17987362076254,0,0,0,7.93266212088721,0,0,0,0,0,0,0,4.52184726143705,3.48738331061143,0,0,0,0
0,20.9727411270142,0,26.501014649868,0,31.8742265701294,0,0,0,0,0,7.91535998474468,0,4.16180542799143,0,0,0,54.6604042053223,23.5225267337479,17.8165871115292,0,0,0,0,0,0,0,9.80713479799734,0,5.73168465148931,0,0,0,0,0,35.7153046925863,0,5.47450671163765,0,50.9335952758789,0,10.8037614902394,57.4023303985596,17.6932353973389,0,14.6827046972444,64.68590965271,0,63.0792064666748,39.6835828744448,0,36.74228515625,0,0,0,0,73.0049082438151,6.29172100938471,0,4.78535871505737,0,0,14.6277744969455,77.0300216674805,0,0,0,0,0,0,4.88101408908616,0,0,0,0,0,0,0,44.6286566598075,78.2107429504395,7.85776302530535,0,22.1487651388524,0,15.5130326324396,15.4363274459839,0
0,0,0,0,0,0,0,0,0,0,10.4138530672413,0,0,0,0,0,0,0,22.5260524749756,0,8.39635276794434,0,0,0,0,0,0,0,7.55350422859192,0,5.76061525516955,0,0,0,0,0,0,0,5.32516351053792,0,9.45260143280029,65.7731094360352,23.3171279271444,0,45.0775756835938,0,19.7147520065308,0,18.4778633117676,0,0,0,0,0,0,0,8.10055530447144,0,0,0,0,0,0,7.09670167764028,0,0,0,0,0,0,0,7.93266212088721,0,0,0,0,0,0,52.842903137207,51.2570317586263,0,4.15425330746202,14.0532379591907,0,10.84629768417,0,15.0454041957855
0,0,0,0,0,0,0,0,0,0,0,0,0,0,0,0,0,0,0,0,0,0,0,0,0,0,0,0,0,0,0,6.44156579254883,6.85748495951943,18.7049423136362,0,5.39413327047195,10.8819853375035,0,0,0,0,0,0,0,0,0,0,5.78995568174506,8.20501708984375,9.21574401855469,0,0,0,0,0,0,0,0,0,0,0,0,0,0,0,0,0,0,0,0,0,0,0,0,0,11.7798802659318,4.90030441219742,8.6389491558075,6.30301107846054,14.9222084026711,0,0,4.34656422567594,0,0,0,0
0,0,0,0,0,0,0,0,0,0,0,0,0,0,0,0,0,0,0,0,0,0,0,0,0,0,0,0,0,0,0,4.5871747842769,4.04132865276188,0,9.96820778802994,6.5559815565745,4.45073870910231,0,0,0,0,0,43.6060390472412,0,0,0,0,5.50831471771016,26.8943481445312,0,0,0,0,0,0,0,0,0,0,0,0,0,0,0,0,0,0,0,0,0,0,0,0,0,11.7798802659318,0,0,7.07258297449547,13.5742607116699,4.95234396734408,0,0,3.60465203588535,0,0,0,0
