0,0,82.0336240828037,0,0,0,0,0,454.688146561384,0,0,0,0,0,1.82589256763458,0,28.6587650775909,1.34032773971558,61.4633610397577,0,0,0,0,0,0.5459303855896,0,0,0,0,0,0,0,0,0,0,0,0,0,0,0,0,0,27.6673256754875,0,0,0,3.57774612307549,0,317.523861631751,0,1.009645819664,0,0,0,468.364098995924,0,12.9759894907475,0,0,0,43.9142817258835,0,0,0.374006912112236,0,0,0,0,0,13.7056279182434,0,0,0,0,0,0,0,0,0,0,0,0.450744360685349,266.608659759164,0,397.600350424647,0,2.33781963586807
0,0,0,31.5537919104099,0,0,0,0,0,261.475651025772,0,0,0,0,0,0.886553287506104,0,1.83125454187393,26.2633839845657,0,0,0,0,0,0,0,0,0,0,0,0,0,0,0,0,0,0,2.05763870477676,0,0,0,7.88790325820446,0,0,0,0,0,0,0,93.0346653461456,0,0,0,0,0,502.154811307788,0,0,0,0,0,15.3431057333946,0,0,0,0,0,0,0,0,0,0,1.44396714866161,0,0,0,0,0,0,0,0,0,287.837405994534,0,101.356373041868,2.78675416111946,0
82.0336240828037,0,0,0,54.8487904518843,0,0,0,46.2913999557495,0,0,0,0,0,0,0,1.24292969703674,0,4.13968887925148,0,2.26583281159401,0,0,0,0,0,0,0,0,0,0,0,0,0,0,0,0,0,0.308475136756897,0,0,0,31.3251533508301,0,0,0,35.9950546622276,0,168.301063448191,0,127.493935465813,0,0,0,42.2117399871349,0,3.73216331005096,0,19.9769004285336,0,13.7168689668179,0,0,6.14675769209862,0,0,0,0,0,0,0,0,0,2.12303602695465,0,0,0,0,0,5.98778893053532,0,7.30493175983429,91.8534612357616,0,545.865430161357,0,4.09170094132423
0,31.5537919104099,0,0,0,25.3303259015083,0,0,0,118.597339749336,0,0,0,0,0,0,0,0,2.17720293998718,1.13682273030281,0,0,0,0,0,0,0,0,0,0,0,0,0,0,0,1.84857529401779,0,0.950916647911072,0,20.3177705109119,0,214.948453828692,0.753108084201813,0,0,23.3393418192863,0,0,0,37.0977727621794,0,236.043990895152,0,0,0,147.56642895937,0,110.783679395914,0,161.240250110626,0,235.568515986204,0.906009629368782,0,0,0,0,0,0,0,10.9729335606098,0,152.404334276915,0,0,0,0,0,19.0489171743393,0,14.228640794754,0,110.904820658267,0,828.078135281801,44.2314347028732,0
0,0,54.8487904518843,0,0,0,8.76197028160095,0,531.182359039783,0,0,0,0,0,36.6916239261627,0,0,0,0,0,21.7997717857361,0,0,0,0,0,0,0,0,0,0,0,0,0,0,0,3.98609574139118,0,0,0,0,0,5.83595392107964,0,0,0,18.7905358970165,0,9.43579645454884,0,837.225833684206,0,13.3605983257294,0,132.688617140055,0,11.0507151931524,0,214.755466848612,0,54.5492117553949,0,0,2.09193050861359,0,0,0,0,0,0,0,0,0,0,0,0,0,0,0,2.81896361708641,0,2.09720528125763,491.314723163843,0,195.093227535486,0,0.588586986064911
0,0,0,25.3303259015083,0,0,0,37.155791759491,0,175.370543807745,0,2.2330207079649,0,0,0,29.2992150783539,0,0,0,249.678341954947,0,0,0,0,0,0,0,0,0,0,0,0,0,0,0,14.5615095347166,0,0,0,2.38415510952473,0,1.24379570782185,0,0,0,0.719486653804779,0,0,0,0,0,749.766655802727,0,48.8104118704796,0,25.8640262335539,0,21.7113410234451,0,0,0,0,97.0325886905193,0,0,0,0,0,0,0,0,0,1.73107609152794,0,0,0,0,0,10.2104233950377,0,0.198704153299332,0,812.911240592599,87.3664038181305,437.973463594913,0,0
0,0,0,0,8.76197028160095,0,0,0,0,0,108.701992809772,0,1.58519417047501,0,0,0,0,0,0,0,0,0,0,0,0,0,0,0,0,0,0,0,0,0,0,0,0,0,0,0,0,0,0,0,0,0,0,0,0,0,44.4530189037323,0,335.333152860403,0,0,0,37.6189540326595,0,103.5384991467,0,0,0,0,0,0,0,0,0,0,0,0,0,0,0,0,0,0,0,0,0,0,0,91.9232881069183,7.9366602897644,0,0,0
0,0,0,0,0,37.155791759491,0,0,0,0,0,223.766027003527,0,18.6503400802612,0,0,0,0,0,4.67976850271225,0,0,0,0,0,0,0,0,0,0,0,0,0,0,0,0,0,0,0,0,0,0,0,0,0,0,0,0,0,0,0,45.5772883296013,0,469.930915981531,0,0,0,40.8515532165766,0,13.0720825195312,0,0,71.2688341587782,0,0,0,0,0,0,0,0,0,0,0,0,0,0,0,0.494886070489883,0,0,0,205.516421347857,0,4.19716960191727,0,0
454.688146561384,0,46.2913999557495,0,531.182359039783,0,0,0,0,0,0,0,0,0,203.893120497465,0,111.039550259709,0.60550731420517,7.26923853158951,0,0,0,0,0,123.421475291252,0,0,0,0,0,0,0,0,0,0,0,0,0,3.44330805540085,0,0,0,2.84512758255005,0,0,0,4.89381381869316,0,42.2807087898254,0,40.680950075388,0,0,0,952.325921922922,0,0,0,0,0,183.212264001369,0,0,0,0,0,0,21.1423557698727,0,0,0,0,0,0,0,0,0,0,0,0,0,0.935286462306976,575.297646820545,8.35050991177559,22.595736682415,0,1.02662861347198
0,261.475651025772,0,118.597339749336,0,175.370543807745,0,0,0,0,0,0,0,0,0,276.175260126591,0,168.037606656551,0.204143449664116,0,0,0,0,86.4998823404312,0,0,0,0,0,0,0,0,0,0,0,0,0,97.9531585872173,0,0.939471960067749,0,4.8599933385849,0,0,0,0,0,0,0,15.4465206861496,0,40.041465908289,0,0,0,1372.34580203891,0,2.10578401386738,0,0,0,15.4008990973234,0,0,0,0,5.43093922734261,0,0,0,0.410457789897919,0,7.20248211920261,0,0,0,0,0,1.04907462000847,0,17.2614507973194,0,1810.16354854405,48.008326292038,26.2020839303732,1.8081171810627,0
0,0,0,0,0,0,108.701992809772,0,0,0,0,0,81.6989488303661,0,0,0,0,0,0,0,392.478375211358,0,0,0,0,0,0,0,5.35359144210815,0,235.596661627293,0,0,0,0,0,261.273510873318,0,844.646985992789,0,0,0,0,0,0,0,0,0,0,0,0,0,11.3670717477798,0,0,0,2567.32272167504,0,121.493644535542,0,0,0,0,11.3662745952606,0,0,0,0,0,0,0,0,0,66.2684744745493,0,0,0,0,0,0,0,24.7600717544556,651.529401808977,25.8550629615784,3.85165524482727,0,0
0,0,0,0,0,2.2330207079649,0,223.766027003527,0,0,0,0,0,552.844699263573,0,0,0,0,1.58591973781586,191.846838027239,0,0,0,0,0,0,0,199.084673166275,0,85.1193086504936,0,0,0,0,0,43.4989237785339,0,841.719569146633,0,0.24136571586132,0,0,0,0,0,12.9249000549316,0,0,0,0,0,2.61081480979919,0,24.3497894108295,0,0,0,1706.99890787899,0,15.7179088592529,0,0,553.51118580997,0,0,0,0,0,0,0,0,0,63.3520438671112,0,0,0,0,0,67.9331164360046,0,303.344363152981,0,242.31267657876,0,55.9188005030155,0,0
0,0,0,0,0,0,1.58519417047501,0,0,0,81.6989488303661,0,0,0,0,0,0,0,0,0,0,0,0,0,0,0,0,0,27.7128505706787,0,0,0,0,0,0,0,0,0,0,0,0,0,0,0,0,0,0,0,0,0,0,0,0,0,0,0,0,0,165.978450059891,0,0,0,0,0,0,0,0,0,0,0,0,0,0,0,0,0,0,0,0,0,0,0,64.9261313676834,0,0,0,0
0,0,0,0,0,0,0,18.6503400802612,0,0,0,552.844699263573,0,0,0,249.644954681396,0,0,0,0,0,0,0,0,0,73.1115434169769,0,0,0,0,0,0,0,0,0,0,0,0,0,0,0,0,0,0,0,0,0,0,0,0,0,0,0,22.6012885570526,0,0,0,581.279811173677,0,61.4996781349182,0,42.2312185764313,0,0,0,0,0,0,6.04710686206818,0,0,0,0,0,0,0,0,0,0,0,0,0,119.058475345373,2,0,0,0
1.82589256763458,0,0,0,36.6916239261627,0,0,0,203.893120497465,0,0,0,0,0,0,0,10.0658845901489,0,0,0,0,0,0,0,3.19210815429688,0,0,0,0,0,0,0,0,0,0,0,0,0,0,0,0,0,0,0,0,0,0,0,0,0,2.81436091661453,0,0,0,25.1279212832451,0,0,0,1.7123339176178,0,118.790140509605,0,0,0,0,0,0,3.14329481124878,0,7.73305261135101,0,0,0,0,0,0,0,0,0,0,0,0,112.738864779472,2.26723384857178,0,0,0
0,0.886553287506104,0,0,0,29.2992150783539,0,0,0,276.175260126591,0,0,0,249.644954681396,0,0,0.6639603972435,61.0511427819729,3.98121809959412,0,0,0,0,0,0,0.609995424747467,0,0,0,0,0,0,0,0,0,0,0,0,0,0,0,0,0,0,0,0,0,0,0,0,0,63.6755367517471,0,0,0,72.0439917445183,0,0,0,0,0,198.185575723648,0,0,0,0,1.04646122455597,0,0,0,0,0,0,0,0,0,0,0,0,0,0,0,235.448816776276,0,0,0,0
28.6587650775909,0,1.24292969703674,0,0,0,0,0,111.039550259709,0,0,0,0,0,10.0658845901489,0.6639603972435,0,14739.611276269,4890.67700572312,0,0.992731466889381,0,0,0,0.833992779254913,35.9688626825809,210.567710712552,0,0,0,0,0,0,0,0,0,2.93571898341179,0,0,25.0300186425447,14.6109167337418,15.1785823553801,52.6369210928679,0,0,6.06263954937458,50.4147573336959,0,4.08815062046051,0.236033022403717,0,0,0,0,0,0,0,0,0,0,1.46458649635315,0,0.115612611174583,13.1281959712505,0,3.57011771202087,0,0,9.39087700843811,0,0,0,1.07029294967651,0,0,0,0,0,11.9656443893909,97.8187734335661,0.606398820877075,23.6657866686583,4236.03706400096,3.97588865458965,104.995920836926,5.71325428783894,27.3320182710886
1.34032773971558,1.83125454187393,0,0,0,0,0,0,0.60550731420517,168.037606656551,0,0,0,0,0,61.0511427819729,14739.611276269,0,3524.21917915344,0,0,37.38995885849,0,2.99659335613251,0,2401.97007253766,12.4501202106476,75.8906853795052,0,0,0,0,0,0,0,0.19241863489151,1.23041784763336,0,0,13.8393139988184,0.54880279302597,13.0358700305223,9.75774848461151,0,0,3.00284563004971,4.89693747460842,1.26161742210388,0,0.627961829304695,0,0,0,0,0,13.8718980550766,0,0,0,0,0,14.5017782449722,0,0.652454316616058,0,0,2.68981564044952,0,579.303660839796,0,0,0,0.173931479454041,0,0,0,0,0,10.1677226573229,5.81305196881294,2.60410180687904,3.54558849334717,4798.68668201566,11.9058056473732,22.8780368119478,6.14839117228985,3.55693969130516
61.4633610397577,26.2633839845657,4.13968887925148,2.17720293998718,0,0,0,0,7.26923853158951,0.204143449664116,0,1.58591973781586,0,0,0,3.98121809959412,4890.67700572312,3524.21917915344,0,0,16.283736102283,0,0,0,0,8.82350172102451,2.95301397144794,0,0,0,0,0,0,1.52869141101837,0.853434979915619,51.2606438472867,121.537567816675,3.05060285329819,2.07651220262051,2057.04847160727,215.151052862406,1406.31475351751,614.438254542649,12.5296011567116,18.508097410202,342.559639468789,834.12163092941,6.69633726775646,51.9726719558239,41.6271610110998,2.70931133627892,0,0,0,0,0,0.2299834638834,76.8578962534666,0,0,0,0,0.161930099129677,251.7273363024,0,0,0,0,5.6982087790966,0,8.12898051738739,0,232.606876909733,0,0,0,0,2.62043309211731,773.489200621843,1782.43173907697,332.701291099191,460.276878230274,3042.07573382556,23.4264227151871,3299.81814662367,530.968140050769,321.72937604785
0,0,0,1.13682273030281,0,249.678341954947,0,4.67976850271225,0,0,0,191.846838027239,0,0,0,0,0,0,0,0,0,0,0,0,0,0,0,0,0,0,0,0,0,0,0,1105.8693985641,0,135.128152132034,0,0,0,0,0,0,0,29.9566460996866,0,0,0,0.355160117149353,0,5.92084519565105,0,2.69257879257202,0,0,0,3.74083086848259,0,0,0,0,1967.21925334632,0,0,0,0,0,0,0,0,0,0,0,0,0,0,0,141.735656633973,0,2.39694958925247,0,409.680251479149,0,177.441291987896,0,0
0,0,2.26583281159401,0,21.7997717857361,0,0,0,0,0,392.478375211358,0,0,0,0,0,0.992731466889381,0,16.283736102283,0,0,0,0,0,0,0,0,0,0,0,1.4643247127533,0,0,0,0,0,1393.86122437567,0,636.465981855989,0.112468667328358,1.7920733243227,0,11.2365403175354,0,0,0,146.91025236994,0,0.217181771993637,0,26.5629283040762,0,2.35333681106567,0,0,0,818.267096072435,0,0,0,0,0,0,2532.37232837826,0,0,0,0,0,0,0,0,0,28.3338464796543,0,0,0,0,0,857.844505034387,0,312.801070980728,602.608271896839,1,378.090166941285,0,1.73484772443771
0,0,0,0,0,0,0,0,0,0,0,0,0,0,0,0,0,37.38995885849,0,0,0,0,68.4246668815613,85.395517796278,0,43.3342990875244,0,79.5206784009933,0,0,0,0,0,0,0,0,0,239.709207564592,0,0,0,0,0,0,0,0,0,0,0,2.16390988230705,0,0,0,0,0,0,0,0,0,0,0,0,0,0,3075.57149559259,0,88.0679681897163,0,99.7299793064594,0,29.2190469801426,0,0,0,0,0,0,0,0,0,186.61948363483,0,215.989850908518,1.81671190261841,0,0,0
0,0,0,0,0,0,0,0,0,0,0,0,0,0,0,0,0,0,0,0,0,68.4246668815613,0,0,189.546104848385,0,164.795634388924,0,46.4040383696556,0,0,0,0,0,0,0,0,2.31760397553444,488.600924283266,0,0,0,0,0,0,0,0,0,4.18250966072083,0,0,0,0,0,0,0,0,0,0,0,0,0,0,0,18.3563709259033,3791.04106321931,0,65.8204520344734,0,82.1890380382538,0,0,0,0,0,0,0,0,0,0,0,143.468023329973,457.121975064278,301.017509281635,0,0,0
0,0,0,0,0,0,0,0,0,86.4998823404312,0,0,0,0,0,0,0,2.99659335613251,0,0,0,85.395517796278,0,0,0,611.69646564126,0,0,0,0,0,0,0,0,0,0,0,233.725801318884,0,0,0,0,0,0,0,0,0,0,0,0,0,0,0,0,0,128.893079549074,0,0,0,0,0,0,0,0,32.8757456541061,0,1425.20342960954,0,327.779033750296,0,0,0,0,0,0,0,0,0,0,0,77.7055829316378,0,279.766766667366,0,5.50251483917236,0,0
0.5459303855896,0,0,0,0,0,0,0,123.421475291252,0,0,0,0,0,3.19210815429688,0,0.833992779254913,0,0,0,0,0,189.546104848385,0,0,0,194.196138590574,0,0,0,0,0,0,0,0,0,0,0,54.6334002315998,0,0,0,0,0,0,0,0,0,0,0,0,0,0,0,120.482888758183,0,0,0,0,0,5.27010774612427,0,0,0,0,80.1928741633892,0,1048.2463388145,0,750.343284368515,0,0,0,0,0,0,0,0,0,0,0,96.0143051445484,13.0810079574585,0,0,0,0
0,0,0,0,0,0,0,0,0,0,0,0,0,73.1115434169769,0,0.609995424747467,35.9688626825809,2401.97007253766,8.82350172102451,0,0,43.3342990875244,0,611.69646564126,0,0,0,69.1285700798035,0,0,0,0,0,0,0,0,0,0,0,0,0,0,0,0,0,0,1.1985992193222,0,0,0,0,0,0,0,0,0,0,0,0,0,0,0,0,0,0,0,206.584481179714,0,410.114379107952,0,0,0,0,0,0,0,0,0,0,0,0,0,97.1357030570507,0,0,0,0
0,0,0,0,0,0,0,0,0,0,0,0,0,0,0,0,210.567710712552,12.4501202106476,2.95301397144794,0,0,0,164.795634388924,0,194.196138590574,0,0,0,592.957457840443,0,0,0,0,0,0,0,0,0,0,0,0,0,0,0,0,0,0,0,0,0,0,0,0,0,0,0,0,0,0,0,0,0,0,0,0,103.079196095467,0,6.381541877985,0,404.668104350567,0,8.2404817044735,0,0,0,0,0,0,0,0,0,0,44.9844943284988,0,0,0,0
0,0,0,0,0,0,0,0,0,0,0,199.084673166275,0,0,0,0,0,75.8906853795052,0,0,0,79.5206784009933,0,0,0,69.1285700798035,0,0,0,106.601699769497,0,0,0,0,0,0,0,7.12029999494553,0,0,0,0,0,0,0,0,0,0,0,0,0,0,0,0,0,0,0,25.0981079936028,0,0,0,0,0,0,16.7349807024002,0,0,0,38.2221381664276,0,283.071351736784,0,36.1207160353661,0,0,0,0,0,0,0,13.1936252713203,0,93.2871697545052,0,0,0,0
0,0,0,0,0,0,0,0,0,0,5.35359144210815,0,27.7128505706787,0,0,0,0,0,0,0,0,0,46.4040383696556,0,0,0,592.957457840443,0,0,0,34.2408607155085,0,0,0,0,0,0,0,74.0492313504219,0,0,0,0,0,0,0,0,0,0,0,0,0,0,0,0,0,0,0,0,0,0,0,0,0,0,4.65363198518753,0,0,0,276.429254353046,0,481.008805274963,0,0.701363086700439,0,0,0,0,0,0,0,0.872912585735321,16.4589319229126,0,0,0,0
0,0,0,0,0,0,0,0,0,0,0,85.1193086504936,0,0,0,0,0,0,0,0,0,0,0,0,0,0,0,106.601699769497,0,0,0,0,0,0,0,0,0,116.113253653049,0,0.186917260289192,0,0,0,0,0,0,0,0,0,0,0,0,0,0,0,0,0,17.8154682070017,0,0,0,0,0.274200230836868,0,0,0,0,0,0,0,0,0,381.347570970654,0,0,0,0,0,0,0,19.7713293433189,0,0,0,0.337555021047592,0,0
0,0,0,0,0,0,0,0,0,0,235.596661627293,0,0,0,0,0,0,0,0,0,1.4643247127533,0,0,0,0,0,0,0,34.2408607155085,0,0,0,0,0,0,0,0,0,191.377118706703,0,0,0,0,0,0,0,0,0,0,0,0,0,0,0,0,0,78.7336028218269,0,0,0,0,0,0,0.268812030553818,0,0,0,0,0,0,0,0.438437014818192,0,364.601758182049,0,0,0,0,0,0,0,19.8993242383003,36.3313950300217,0,1.47769200801849,0,0
0,0,0,0,0,0,0,0,0,0,0,0,0,0,0,0,0,0,0,0,0,0,0,0,0,0,0,0,0,0,0,0,350.331796854734,92.2246615886688,4.41431388258934,1529.92316660285,0,0,0,0,0,0,0,0,0,0,0,7774.08257755637,0,5.03664314746857,0,0,0,0,0,0,0,0,0,0,0,0,0,0,0,0,0,0,0,0,0,0,0,0,2487.30163145065,116.464042961597,16.3823994398117,0,256.746473580599,0,0,0,410.256388634443,0,0,0,0
0,0,0,0,0,0,0,0,0,0,0,0,0,0,0,0,0,0,0,0,0,0,0,0,0,0,0,0,0,0,0,350.331796854734,0,0,24.4081363081932,0.502143740653992,219.733143776655,0,0,0,0,0,0,0,0,0,0,850.276641488075,31.0135134458542,0,0,0,0,0,0,0,0,0,0,0,0,0,0,0,0,0,0,0,0,0,0,0,0,0,9.70364129543304,2176.15776634216,0,27.7751270532608,2.50981026887894,72.4104475080967,0,0,119.902937740088,0,0,0,0
0,0,0,0,0,0,0,0,0,0,0,0,0,0,0,0,0,0,1.52869141101837,0,0,0,0,0,0,0,0,0,0,0,0,92.2246615886688,0,0,667.260411500931,571.728017404675,0,58.2746511846781,93.9296478629112,0,0,0,0,0,0,0,0,929.10786908865,0,18.2085202634335,0,0,0,0,0,0,0,0,0,0,0,0,0,0,0,0,0.277157098054886,0,0,0,0,0,0,0,3.20508503913879,9.8339991569519,1362.77182354033,350.02587980032,337.303273409605,0,446.677247047424,69.5310128927231,291.582412064075,0,0,0,0
0,0,0,0,0,0,0,0,0,0,0,0,0,0,0,0,0,0,0.853434979915619,0,0,0,0,0,0,0,0,0,0,0,0,4.41431388258934,24.4081363081932,667.260411500931,0,0,1412.72659736872,0,130.08359862864,0,0.183959767222404,0,0.188770532608032,0,0,0,0.333222001791,607.102684020996,11.4386870712042,0,0,0,0,0,0,0,0,0,0,0,0,0,0,0,0,0,0,0,0,0,0,0,0,0,0,59.4718731045723,250.499130547047,2047.49746030569,0,384.173769310117,0,71.5762169063091,122.900989443064,0,0.448918044567108,0,0
0,0,0,1.84857529401779,0,14.5615095347166,0,0,0,0,0,43.4989237785339,0,0,0,0,0,0.19241863489151,51.2606438472867,1105.8693985641,0,0,0,0,0,0,0,0,0,0,0,1529.92316660285,0.502143740653992,571.728017404675,0,0,328.528758257627,1942.08122681081,0,50.3570392876863,1.1164745092392,6.42658664286137,0,0,0,86.7647231072187,0,32.9609191566706,0,34.7806516885757,0,1.35854361951351,0,0.535218715667725,0,0,0,6.44187538325787,0,0,0,0,1133.31360466778,0.785363674163818,0,0,0,0,0,0,0,0,0.208546370267868,0,1174.46054567397,0,614.070701375604,0,15534.6623126492,122.720322877169,182.491635158658,0,3715.13265965879,51.8226650953293,189.30046351254,2.73251286149025,0
0,0,0,0,3.98609574139118,0,0,0,0,0,261.273510873318,0,0,0,0,0,2.93571898341179,1.23041784763336,121.537567816675,0,1393.86122437567,0,0,0,0,0,0,0,0,0,0,0,219.733143776655,0,1412.72659736872,328.528758257627,0,0,1943.50001297891,0.517498373985291,19.9066792204976,0.922363549470901,20.2056927233934,0,0.318532109260559,1.26633632183075,177.08636136353,108.286124050617,13.1621329337358,0,0.79830539226532,0,0,0,0,0,40.4749938547611,0,0,0,0,0,0,718.271810650826,0,0,0,0,0,0,0,0,0,0,1.60559478402138,341.275432646275,0,396.607494860888,33.8487841486931,15679.3247987255,0,1330.01232792437,2552.74145584553,1282.26862290502,182.623890668154,0,12.9988746196032
0,2.05763870477676,0,0.950916647911072,0,0,0,0,0,97.9531585872173,0,841.719569146633,0,0,0,0,0,0,3.05060285329819,135.128152132034,0,239.709207564592,2.31760397553444,233.725801318884,0,0,0,7.12029999494553,0,116.113253653049,0,0,0,58.2746511846781,0,1942.08122681081,0,0,384.539873629808,0,0,0,0,0,0,26.4258502572775,0,174.163546651602,0,510.089736923575,0,0,0,0,0,68.1884928941727,0,75.4389243423939,0,0,0,0,370.454773068428,0,46.3582680374384,0,199.184105351567,0,0,0,15.6361612677574,0,15.8450667262077,0,0,0,62.9724794626236,0,2222.98826254904,0,7253.08657333255,196.563847005367,1385.46574267745,0,49.7672302722931,0.295930951833725,0
0,0,0.308475136756897,0,0,0,0,0,3.44330805540085,0,844.646985992789,0,0,0,0,0,0,0,2.07651220262051,0,636.465981855989,0,488.600924283266,0,54.6334002315998,0,0,0,74.0492313504219,0,191.377118706703,0,0,93.9296478629112,130.08359862864,0,1943.50001297891,384.539873629808,0,0,0.901280388236046,0.627129852771759,0.375370427966118,0,0,0,78.6405299082398,719.889778703451,114.371482595801,0,0,0,0,0,3.83201080560684,0,118.055970609188,0,0,0,0,0,0,391.462279058993,0,541.134717106819,0,294.114925399423,0,0,0,10.5697015523911,0,40.7046337127686,0,0,18.3419824838638,30.1438792049885,0,512.939167261124,91.146482527256,9468.50570549071,944.907903015614,0,20.4581130892038,0,0
0,0,0,20.3177705109119,0,2.38415510952473,0,0,0,0.939471960067749,0,0.24136571586132,0,0,0,0,25.0300186425447,13.8393139988184,2057.04847160727,0,0.112468667328358,0,0,0,0,0,0,0,0,0.186917260289192,0,0,0,0,0,50.3570392876863,0.517498373985291,0,0,0,0,3617.7234146297,6.19323125481606,25.0090099573135,0,2045.19717932492,14.2743571847677,0,0,586.255695566535,0.944362580776215,7.31084735691547,0,0,0,0,0,33.4999083727598,0,0,0,0.55326521396637,44.0478542298079,2.45072063058615,0,0,0,0,0,0,0,0,38.892264187336,0,0,0,0,0,1228.00710603595,9.99847096204758,47.4599723815918,3.24587389826775,416.047758571804,0,2546.76718185097,318.245865523815,2.80999051034451
0,0,0,0,0,0,0,0,0,0,0,0,0,0,0,0,14.6109167337418,0.54880279302597,215.151052862406,0,1.7920733243227,0,0,0,0,0,0,0,0,0,0,0,0,0,0.183959767222404,1.1164745092392,19.9066792204976,0,0.901280388236046,0,0,0.753042876720428,879.520351737738,0,2.19098371267319,0.261854201555252,382.471339434385,0,6.71869441866875,0,0.763180911540985,0,0,0,0,0,0.393455162644386,0,0,0,0,0,0,41.5469281077385,0,0,0,0,0,0,0,0,0,0,0,0,0,0,1.18489813804626,252.575724795461,0,7.08432175219059,49.120049379766,0,586.457877576351,0,82.6257034391165
0,7.88790325820446,0,214.948453828692,0,1.24379570782185,0,0,0,4.8599933385849,0,0,0,0,0,0,15.1785823553801,13.0358700305223,1406.31475351751,0,0,0,0,0,0,0,0,0,0,0,0,0,0,0,0,6.42658664286137,0.922363549470901,0,0.627129852771759,3617.7234146297,0.753042876720428,0,394.06451575458,109.012114316225,0,141.651346281171,6.93086448311806,0.6316859126091,0.834105908870697,136.013812825084,0,20.6843574047089,0,0,0,23.942231118679,0,234.431101858616,0,0,0,12.3447000682354,9.19947110116482,0.804409027099609,0,0,0,0,0,0,38.1346664428711,0,326.463761605322,0,0,0,0,0,130.725348517299,6.73198744654655,42.5047426372766,2.48696088790894,1029.64478681237,0,4189.14396387339,936.018425688148,2.11818611621857
27.6673256754875,0,31.3251533508301,0.753108084201813,5.83595392107964,0,0,0,2.84512758255005,0,0,0,0,0,0,0,52.6369210928679,9.75774848461151,614.438254542649,0,11.2365403175354,0,0,0,0,0,0,0,0,0,0,0,0,0,0.188770532608032,0,20.2056927233934,0,0.375370427966118,6.19323125481606,879.520351737738,394.06451575458,0,0.758720517158508,34.7616046071053,0.171586975455284,1207.36333662271,3.44961841404438,59.295019030571,0.508276760578156,12.6894615143538,0,0,0,1.76803112030029,0,45.0920342952013,0,1.08474163711071,0,1.24770677089691,0,0,604.615644589067,0,0,0,0,0,0,0,0,0.372733950614929,5.97606652975082,0,0,0,1.36227014660835,0.934196308255196,1945.67312655598,0.161019533872604,102.828919284046,725.889052480459,0,3166.82421587408,3.22069397568703,1009.83593642712
0,0,0,0,0,0,0,0,0,0,0,0,0,0,0,0,0,0,12.5296011567116,0,0,0,0,0,0,0,0,0,0,0,0,0,0,0,0,0,0,0,0,25.0090099573135,0,109.012114316225,0.758720517158508,0,0,3.48926225304604,0,0,0,0.888822212815285,0,0,0,0,0,0,0,0,0,0,0,0,0,0,0,0,0,0,0,0,0,0,0,0,0,0,0,0,1.28041957318783,0,5.02457630634308,0,72.8914708122611,0,90.0891006737947,10.0890630334616,0
0,0,0,0,0,0,0,0,0,0,0,0,0,0,0,0,0,0,18.508097410202,0,0,0,0,0,0,0,0,0,0,0,0,0,0,0,0,0,0.318532109260559,0,0,0,2.19098371267319,0,34.7616046071053,0,0,0,35.9792564213276,0,0.244982227683067,0,0,0,0,0,0,0,0,0,0,0,0,0,0,0.566045254468918,0,0,0,0,0,0,0,0,0,0,0,0,0,0,0,23.1152153611183,0,3.80436328053474,12.8255233988166,0,136.042788699269,0,2.45406605303288
0,0,0,23.3393418192863,0,0.719486653804779,0,0,0,0,0,12.9249000549316,0,0,0,0,6.06263954937458,3.00284563004971,342.559639468789,29.9566460996866,0,0,0,0,0,0,0,0,0,0,0,0,0,0,0,86.7647231072187,1.26633632183075,26.4258502572775,0,2045.19717932492,0.261854201555252,141.651346281171,0.171586975455284,3.48926225304604,0,0,6.97066874802113,0,0,74.7581866085529,0,4.4931837618351,0,0,0,0.683852344751358,0,60.3922111690044,0,0.144744828343391,0,0,957.60224288702,2.37191253900528,0,0,0,0,0,0,0.590369135141373,0,151.235171534121,0,0,0,0,0,1986.82988384366,3.6922544464469,497.561689659953,0.784435212612152,150.652044512331,0,2062.84044254571,6.60906845331192,0
3.57774612307549,0,35.9950546622276,0,18.7905358970165,0,0,0,4.89381381869316,0,0,0,0,0,0,0,50.4147573336959,4.89693747460842,834.12163092941,0,146.91025236994,0,0,0,0,1.1985992193222,0,0,0,0,0,0,0,0,0.333222001791,0,177.08636136353,0,78.6405299082398,14.2743571847677,382.471339434385,6.93086448311806,1207.36333662271,0,35.9792564213276,6.97066874802113,0,2.99262921512127,7.96204426884651,0.563938081264496,42.7235897034407,0,0,0,0.595964848995209,0,7.56718729436398,0,11.0765296518803,0,1.16120290756226,0,0,1487.46974851191,0,0,0,0,0,0,0,0,0.112971626222134,4.51274951547384,0,0,0,0.478984743356705,5.24859488010406,2095.25772474706,1.76770901679993,542.314618848264,258.985333070159,0.17164047062397,1750.36294534802,1.31239521503448,41.7810818105936
0,0,0,0,0,0,0,0,0,0,0,0,0,0,0,0,0,1.26161742210388,6.69633726775646,0,0,0,0,0,0,0,0,0,0,0,0,7774.08257755637,850.276641488075,929.10786908865,607.102684020996,32.9609191566706,108.286124050617,174.163546651602,719.889778703451,0,0,0.6316859126091,3.44961841404438,0,0,0,2.99262921512127,0,6662.21381884813,1112.85502415895,0,0,0,0,0,0,0,0,0,0,0,0,0,0,0,0,0,0,0,0,0,0,0,0,566.502137035131,508.709082096815,153.824758186936,241.426557093859,145.187355846167,407.210256636143,44.8255355358124,162.036188572645,1297.32678119838,0,235.799883559346,0,1.74254727363586
317.523861631751,0,168.301063448191,0,9.43579645454884,0,0,0,42.2807087898254,0,0,0,0,0,0,0,4.08815062046051,0,51.9726719558239,0,0.217181771993637,0,4.18250966072083,0,0,0,0,0,0,0,0,0,31.0135134458542,0,11.4386870712042,0,13.1621329337358,0,114.371482595801,0,6.71869441866875,0.834105908870697,59.295019030571,0,0.244982227683067,0,7.96204426884651,6662.21381884813,0,99.1716883182526,31.5903232842684,0,0,0,77.0653238296509,0,13.5855220258236,0,0.952962815761566,0,14.0110962539911,0,0,0.449558287858963,0,108.899623975158,0,67.9884286522865,0,1.24816766381264,0,176.27892537415,0,0,0,48.7135338187218,0,40.200396746397,0,1042.44096680731,0,869.960362948477,195.43386682868,0,945.63496953249,0,11.0871339738369
0,93.0346653461456,0,37.0977727621794,0,0,0,0,0,15.4465206861496,0,0,0,0,0,0,0.236033022403717,0.627961829304695,41.6271610110998,0.355160117149353,0,2.16390988230705,0,0,0,0,0,0,0,0,0,5.03664314746857,0,18.2085202634335,0,34.7806516885757,0,510.089736923575,0,586.255695566535,0,136.013812825084,0.508276760578156,0.888822212815285,0,74.7581866085529,0.563938081264496,1112.85502415895,99.1716883182526,0,0,4.01309055089951,0,0,0,17.2827318310738,0,85.1242596507072,0,32.6221360564232,0,38.1438198983669,0.494369342923164,0,183.947957575321,0,195.027106016874,0,127.184091448784,0,424.287635877728,0,94.3286691457033,0,15.451283544302,0,12.3899525702,0,229.769316971302,0.733285129070282,1128.20390892029,0,547.503032512963,0,699.195294678211,2.84637409448624,0
1.009645819664,0,127.493935465813,0,837.225833684206,0,44.4530189037323,0,40.680950075388,0,0,0,0,0,2.81436091661453,0,0,0,2.70931133627892,0,26.5629283040762,0,0,0,0,0,0,0,0,0,0,0,0,0,0,0,0.79830539226532,0,0,0.944362580776215,0.763180911540985,0,12.6894615143538,0,0,0,42.7235897034407,0,31.5903232842684,0,0,0,20.3376898169518,0,42.2397338151932,0,306.369991391897,0,383.000703245401,0,57.4296866208315,0,0,57.7699420154095,0,0,0,0,0,0,0,0,0,0,0,0,0,0,0,7.46540302038193,0,2.49989750981331,234.224923998117,0,737.022622317076,0,0
0,0,0,236.043990895152,0,749.766655802727,0,45.5772883296013,0,40.041465908289,0,2.61081480979919,0,0,0,63.6755367517471,0,0,0,5.92084519565105,0,0,0,0,0,0,0,0,0,0,0,0,0,0,0,1.35854361951351,0,0,0,7.31084735691547,0,20.6843574047089,0,0,0,4.4931837618351,0,0,0,4.01309055089951,0,0,0,140.705046087503,0,17.8059095144272,0,235.460002347827,0,26.2115589380264,0,16.8696047067642,3.64964886009693,0,0,0,0,0,0,0,0.256387978792191,0,2.95912207663059,0,0,0,0,0,21.1808845698833,0,0.32132750749588,0,190.747332036495,0,156.973976224661,3.33620923757553,0
0,0,0,0,13.3605983257294,0,335.333152860403,0,0,0,11.3670717477798,0,0,0,0,0,0,0,0,0,2.35333681106567,0,0,0,0,0,0,0,0,0,0,0,0,0,0,0,0,0,0,0,0,0,0,0,0,0,0,0,0,0,20.3376898169518,0,0,0,0,0,194.932917863131,0,264.657968610525,0,0,0,0,4.81053644418716,0,0,0,0,0,0,0,0,0,0,0,0,0,0,0,0,0,0,97.3508267700672,0,0,0,0
0,0,0,0,0,48.8104118704796,0,469.930915981531,0,0,0,24.3497894108295,0,22.6012885570526,0,0,0,0,0,2.69257879257202,0,0,0,0,0,0,0,0,0,0,0,0,0,0,0,0.535218715667725,0,0,0,0,0,0,0,0,0,0,0,0,0,0,0,140.705046087503,0,0,0,0,0,59.0353322178125,0,13.6127126216888,0,0,72.1476896852255,0,0,0,0,0,0,0,0,0,0,0,0,0,0,0,4.84561805427074,0,0,0,24.5857056379318,0,23.9523670822382,0,0
468.364098995924,0,42.2117399871349,0,132.688617140055,0,0,0,952.325921922922,0,0,0,0,0,25.1279212832451,0,0,0,0,0,0,0,0,0,120.482888758183,0,0,0,0,0,0,0,0,0,0,0,0,0,3.83201080560684,0,0,0,1.76803112030029,0,0,0,0.595964848995209,0,77.0653238296509,0,42.2397338151932,0,0,0,0,0,0,0,0,0,142.570353895426,0,0,0,0,0,0,223.119331359863,0,0.992991626262665,0,0,0,0,0,0,0,0,0,0,0,8.24195605516434,35.6510302722454,0,20.4845843911171,0,0
0,502.154811307788,0,147.56642895937,0,25.8640262335539,0,0,0,1372.34580203891,0,0,0,0,0,72.0439917445183,0,13.8718980550766,0,0,0,0,0,128.893079549074,0,0,0,0,0,0,0,0,0,0,0,0,0,68.1884928941727,0,0,0,23.942231118679,0,0,0,0.683852344751358,0,0,0,17.2827318310738,0,17.8059095144272,0,0,0,0,0,2.88932940363884,0,0,0,50.0555060207844,0,0,0,0,158.243481993675,0,2.20123684406281,0,0.230312272906303,0,10.5493579655886,0,0,0,0,0,0,0,277.923986956477,0,220.948368817568,0,52.2609883099794,10.6432165503502,0
12.9759894907475,0,3.73216331005096,0,11.0507151931524,0,37.6189540326595,0,0,0,2567.32272167504,0,0,0,0,0,0,0,0.2299834638834,0,818.267096072435,0,0,0,0,0,0,0,0,0,78.7336028218269,0,0,0,0,0,40.4749938547611,0,118.055970609188,0,0.393455162644386,0,45.0920342952013,0,0,0,7.56718729436398,0,13.5855220258236,0,306.369991391897,0,194.932917863131,0,0,0,0,0,406.455570966005,0,23.8357870131731,0,0,558.626631051302,0,0,0,0,0,0,0,595.678123652935,0,750.0707000494,0,0,0,0,0,4.1204441934824,0,7.21549206972122,443.520491153002,0,765.501140296459,0,2.17320528626442
0,0,0,110.783679395914,0,21.7113410234451,0,40.8515532165766,0,2.10578401386738,0,1706.99890787899,0,581.279811173677,0,0,0,0,76.8578962534666,3.74083086848259,0,0,0,0,0,0,0,25.0981079936028,0,17.8154682070017,0,0,0,0,0,6.44187538325787,0,75.4389243423939,0,33.4999083727598,0,234.431101858616,0,0,0,60.3922111690044,0,0,0,85.1242596507072,0,235.460002347827,0,59.0353322178125,0,2.88932940363884,0,0,0,501.95039203763,0,9.64503321051598,225.023284927011,0,0,0,0,0,1.76934823393822,0,515.658486038446,0,617.730124622583,0,0,0,0,0,64.9872735738754,0.12081191688776,6.40806920826435,0,107.851476028562,0,668.670329675078,52.1996373981237,0
0,0,19.9769004285336,0,214.755466848612,0,103.5384991467,0,0,0,121.493644535542,0,165.978450059891,0,1.7123339176178,0,0,0,0,0,0,0,0,0,0,0,0,0,0,0,0,0,0,0,0,0,0,0,0,0,0,0,1.08474163711071,0,0,0,11.0765296518803,0,0.952962815761566,0,383.000703245401,0,264.657968610525,0,0,0,406.455570966005,0,0,0,69.1869484931231,0,0,1.57917383313179,0,0,0,0,0,126.738881707191,0,189.72992837429,0,0,0,0,0,0,0,0.426406502723694,0,0.879165202379227,72.6471287608147,0,154.315033450723,0,0
0,0,0,161.240250110626,0,0,0,13.0720825195312,0,0,0,15.7179088592529,0,61.4996781349182,0,0,0,0,0,0,0,0,0,0,0,0,0,0,0,0,0,0,0,0,0,0,0,0,0,0,0,0,0,0,0,0.144744828343391,0,0,0,32.6221360564232,0,26.2115589380264,0,13.6127126216888,0,0,0,501.95039203763,0,0,0,91.5728820264339,0,0,0,0,0,0,33.6786332130432,0,74.6313102841377,0,0,0,0,0,0,0,0.192914396524429,0,0,0,0,0,27.6766378581524,0,0
43.9142817258835,0,13.7168689668179,0,54.5492117553949,0,0,0,183.212264001369,0,0,0,0,0,118.790140509605,0,1.46458649635315,0,0,0,0,0,0,0,5.27010774612427,0,0,0,0,0,0,0,0,0,0,0,0,0,0,0,0,0,1.24770677089691,0,0,0,1.16120290756226,0,14.0110962539911,0,57.4296866208315,0,0,0,142.570353895426,0,23.8357870131731,0,69.1869484931231,0,0,0,0,0,0,0,0,2.58163261413574,0,21.6693079471588,0,0,0,0,0,0,0,0,0,0,0,0,239.210594505072,0,17.711145311594,0,0
0,15.3431057333946,0,235.568515986204,0,0,0,0,0,15.4008990973234,0,0,0,42.2312185764313,0,198.185575723648,0,14.5017782449722,0,0,0,0,0,0,0,0,0,0,0,0,0,0,0,0,0,0,0,0,0,0.55326521396637,0,12.3447000682354,0,0,0,0,0,0,0,38.1438198983669,0,16.8696047067642,0,0,0,50.0555060207844,0,9.64503321051598,0,91.5728820264339,0,0,0,0,0,0,0,0,58.5284939408302,0,1.84054034948349,0,0.889157563447952,0,0,0,0,0,0,0,0,0,106.319596067071,7.98996126651764,7.96418765187263,3.72548072040081,0
0,0,0,0.906009629368782,0,97.0325886905193,0,71.2688341587782,0,0,0,553.51118580997,0,0,0,0,0.115612611174583,0,0.161930099129677,1967.21925334632,0,0,0,0,0,0,0,0,0,0.274200230836868,0,0,0,0,0,1133.31360466778,0,370.454773068428,0,44.0478542298079,0,9.19947110116482,0,0,0,957.60224288702,0,0,0,0.494369342923164,0,3.64964886009693,0,72.1476896852255,0,0,0,225.023284927011,0,0,0,0,0,0,0,0,0,0,0,0,0,0,130.539478167892,0,0,0,0,0,1015.15217860788,0,147.901073157787,0,672.442697003484,0,540.187612332404,0.26407864689827,0
0.374006912112236,0,6.14675769209862,0,2.09193050861359,0,0,0,0,0,11.3662745952606,0,0,0,0,0,13.1281959712505,0.652454316616058,251.7273363024,0,2532.37232837826,0,0,0,0,0,0,0,0,0,0.268812030553818,0,0,0,0,0.785363674163818,718.271810650826,0,391.462279058993,2.45072063058615,41.5469281077385,0.804409027099609,604.615644589067,0,0.566045254468918,2.37191253900528,1487.46974851191,0,0.449558287858963,0,57.7699420154095,0,4.81053644418716,0,0,0,558.626631051302,0,1.57917383313179,0,0,0,0,0,0,0,0,0,0,0,0,4.68893916904926,0,66.8449660912156,0,0,0,0,0.760244831442833,1818.72548484802,0,300.489737130702,391.389304883778,0,1629.84840028733,0,16.4749087691307
0,0,0,0,0,0,0,0,0,0,0,0,0,0,0,0,0,0,0,0,0,3075.57149559259,18.3563709259033,32.8757456541061,0,0,0,16.7349807024002,0,0,0,0,0,0,0,0,0,46.3582680374384,0,0,0,0,0,0,0,0,0,0,0,183.947957575321,0,0,0,0,0,0,0,0,0,0,0,0,0,0,0,0,468.752034723759,0,183.574524313211,0,200.100741118193,0,0,0,0,0,0,0,0,0,93.2103115022182,0,47.9365073442459,0,0,0,0
0,0,0,0,0,0,0,0,0,0,0,0,0,0,0,0,3.57011771202087,0,0,0,0,0,3791.04106321931,0,80.1928741633892,0,103.079196095467,0,4.65363198518753,0,0,0,0,0,0,0,0,0,541.134717106819,0,0,0,0,0,0,0,0,0,108.899623975158,0,0,0,0,0,0,0,0,0,0,0,0,0,0,0,0,0,0,273.885586410761,0,378.63160187006,0,67.5968748033047,0,0.726514369249344,0,0,0,0,0,0,0,320.705939203501,181.734149187803,19.8433443903923,0,0,0
0,0,0,0,0,0,0,0,0,5.43093922734261,0,0,0,0,0,1.04646122455597,0,2.68981564044952,0,0,0,88.0679681897163,0,1425.20342960954,0,206.584481179714,0,0,0,0,0,0,0,0.277157098054886,0,0,0,199.184105351567,0,0,0,0,0,0,0,0,0,0,0,195.027106016874,0,0,0,0,0,158.243481993675,0,0,0,0,0,0,0,0,468.752034723759,0,0,0,527.173679858446,0,1.94271947443485,0,0,0,0,0,0,0,0,0,366.871081084013,0,293.136416733265,0,154.803419291973,0,0
0,0,0,0,0,0,0,0,21.1423557698727,0,0,0,0,0,3.14329481124878,0,0,0,0,0,0,0,65.8204520344734,0,1048.2463388145,0,6.381541877985,0,0,0,0,0,0,0,0,0,0,0,294.114925399423,0,0,0,0,0,0,0,0,0,67.9884286522865,0,0,0,0,0,223.119331359863,0,0,0,0,0,2.58163261413574,0,0,0,0,273.885586410761,0,0,0,121.595581710339,0,0,0,0,0,0,0,0,0,0,0,707.548402458429,47.8866932988167,0,45.7112062573433,0,0
0,0,0,0,0,0,0,0,0,0,0,0,0,6.04710686206818,0,0,9.39087700843811,579.303660839796,5.6982087790966,0,0,99.7299793064594,0,327.779033750296,0,410.114379107952,0,38.2221381664276,0,0,0,0,0,0,0,0,0,0,0,0,0,0,0,0,0,0,0,0,0,127.184091448784,0,0,0,0,0,2.20123684406281,0,1.76934823393822,0,33.6786332130432,0,58.5284939408302,0,0,183.574524313211,0,527.173679858446,0,0,0,72.7634507864714,0,0,0,0,0,0,0,0,0,0,0,62.6454420089722,0,0,0,0
13.7056279182434,0,0,0,0,0,0,0,0,0,0,0,0,0,7.73305261135101,0,0,0,0,0,0,0,82.1890380382538,0,750.343284368515,0,404.668104350567,0,276.429254353046,0,0,0,0,0,0,0,0,0,0,0,0,0,0,0,0,0,0,0,1.24816766381264,0,0,0,0,0,0.992991626262665,0,0,0,126.738881707191,0,21.6693079471588,0,0,0,0,378.63160187006,0,121.595581710339,0,0,0,146.467400580645,0,0,0,0,0,0,0,0,0,0,9.66287577152252,0,0,0,0
0,0,0,10.9729335606098,0,0,0,0,0,0.410457789897919,0,0,0,0,0,0,0,0,8.12898051738739,0,0,29.2190469801426,0,0,0,0,0,283.071351736784,0,0,0,0,0,0,0,0,0,15.6361612677574,0,0,0,38.1346664428711,0,0,0,0.590369135141373,0,0,0,424.287635877728,0,0.256387978792191,0,0,0,0.230312272906303,0,515.658486038446,0,74.6313102841377,0,1.84054034948349,0,0,200.100741118193,0,1.94271947443485,0,72.7634507864714,0,0,0,592.329851448536,0,0,0,0,0,0.746264278888702,0,11.0366141945124,0,4.92370396852493,0,390.525034308434,3.77898561954498,0
0,0,0,0,0,0,0,0,0,0,0,0,0,0,0,0,0,0,0,0,0,0,0,0,0,0,8.2404817044735,0,481.008805274963,0,0.438437014818192,0,0,0,0,0,0,0,10.5697015523911,0,0,0,0,0,0,0,0,0,176.27892537415,0,0,0,0,0,0,0,595.678123652935,0,189.72992837429,0,0,0,0,4.68893916904926,0,67.5968748033047,0,0,0,146.467400580645,0,0,0,337.650481000543,0,0,0,0,0,0.778382077813148,0,229.39858160913,91.4423289299011,0,112.376672849059,0,0
0,1.44396714866161,0,152.404334276915,0,1.73107609152794,0,0,0,7.20248211920261,0,63.3520438671112,0,0,0,0,1.07029294967651,0.173931479454041,232.606876909733,0,0,0,0,0,0,0,0,36.1207160353661,0,381.347570970654,0,0,0,0,0,0.208546370267868,0,15.8450667262077,0,38.892264187336,0,326.463761605322,0.372733950614929,0,0,151.235171534121,0.112971626222134,0,0,94.3286691457033,0,2.95912207663059,0,0,0,10.5493579655886,0,617.730124622583,0,0,0,0.889157563447952,130.539478167892,0,0,0,0,0,0,0,592.329851448536,0,0,0,0,0,0,0,31.2239852547646,0.156627759337425,1399.65547405183,0,49.983232922852,0,719.395933203399,85.477885350585,0
0,0,2.12303602695465,0,0,0,0,0,0,0,66.2684744745493,0,0,0,0,0,0,0,0,0,28.3338464796543,0,0,0,0,0,0,0,0.701363086700439,0,364.601758182049,0,0,0,0,0,0,0,40.7046337127686,0,0,0,5.97606652975082,0,0,0,4.51274951547384,0,0,0,0,0,0,0,0,0,750.0707000494,0,0,0,0,0,0,66.8449660912156,0,0.726514369249344,0,0,0,0,0,337.650481000543,0,0,0,0,0,0,0,2.90391284972429,0,540.482764542103,12.9570306688547,0,287.676096990705,0,0
0,0,0,0,0,0,0,0,0,0,0,0,0,0,0,0,0,0,0,0,0,0,0,0,0,0,0,0,0,0,0,2487.30163145065,9.70364129543304,3.20508503913879,0,1174.46054567397,1.60559478402138,0,0,0,0,0,0,0,0,0,0,566.502137035131,0,15.451283544302,0,0,0,0,0,0,0,0,0,0,0,0,0,0,0,0,0,0,0,0,0,0,0,0,0,0,122.052067726851,0,233.107794702053,0,0,0,139.94255515933,0,0,0,0
0,0,0,0,0,0,0,0,0,0,0,0,0,0,0,0,0,0,0,0,0,0,0,0,0,0,0,0,0,0,0,116.464042961597,2176.15776634216,9.8339991569519,59.4718731045723,0,341.275432646275,0,0,0,0,0,0,0,0,0,0,508.709082096815,48.7135338187218,0,0,0,0,0,0,0,0,0,0,0,0,0,0,0,0,0,0,0,0,0,0,0,0,0,0,0,0,699.921983122826,0,615.018213659525,0,0,226.237020492554,0,0,0,0
0,0,0,0,0,0,0,0,0,0,0,0,0,0,0,0,0,0,0,0,0,0,0,0,0,0,0,0,0,0,0,16.3823994398117,0,1362.77182354033,250.499130547047,614.070701375604,0,62.9724794626236,18.3419824838638,0,0,0,0,0,0,0,0,153.824758186936,0,12.3899525702,0,0,0,0,0,0,0,0,0,0,0,0,0,0,0,0,0,0,0,0,0,0,0,0,122.052067726851,0,0,115.451635301113,866.589600488544,0,357.085104107857,56.9577482938766,160.494852051139,0,0,0,0
0,0,0,0,0,0,0,0,0,0,0,0,0,0,0,0,0,0,2.62043309211731,0,0,0,0,0,0,0,0,0,0,0,0,0,27.7751270532608,350.02587980032,2047.49746030569,0,396.607494860888,0,30.1438792049885,0,0,0,1.36227014660835,0,0,0,0.478984743356705,241.426557093859,40.200396746397,0,0,0,0,0,0,0,0,0,0,0,0,0,0,0,0,0,0,0,0,0,0,0,0,0,0,699.921983122826,115.451635301113,0,0,686.303126052022,0,234.228729978204,141.28372785449,0,0.840002045035362,0,0.23616535961628
0,0,0,19.0489171743393,0,10.2104233950377,0,0.494886070489883,0,1.04907462000847,0,67.9331164360046,0,0,0,0,11.9656443893909,10.1677226573229,773.489200621843,141.735656633973,0,0,0,0,0,0,0,0,0,0,0,256.746473580599,2.50981026887894,337.303273409605,0,15534.6623126492,33.8487841486931,2222.98826254904,0,1228.00710603595,1.18489813804626,130.725348517299,0.934196308255196,1.28041957318783,0,1986.82988384366,5.24859488010406,145.187355846167,0,229.769316971302,0,21.1808845698833,0,4.84561805427074,0,0,0,64.9872735738754,0,0.192914396524429,0,0,1015.15217860788,0.760244831442833,0,0,0,0,0,0,0.746264278888702,0,31.2239852547646,0,233.107794702053,0,866.589600488544,0,0,5.83064725995064,1905.80673254281,0.63504022359848,1606.86891136318,46.5049387216568,1091.19393922389,41.8529085665941,0.769017189741135
0,0,5.98778893053532,0,2.81896361708641,0,0,0,0,0,0,0,0,0,0,0,97.8187734335661,5.81305196881294,1782.43173907697,0,857.844505034387,0,0,0,0,0,0,0,0,0,0,0,72.4104475080967,0,384.173769310117,122.720322877169,15679.3247987255,0,512.939167261124,9.99847096204758,252.575724795461,6.73198744654655,1945.67312655598,0,23.1152153611183,3.6922544464469,2095.25772474706,407.210256636143,1042.44096680731,0.733285129070282,7.46540302038193,0,0,0,0,0,4.1204441934824,0.12081191688776,0.426406502723694,0,0,0,0,1818.72548484802,0,0,0,0,0,0,0,0.778382077813148,0.156627759337425,2.90391284972429,0,615.018213659525,0,686.303126052022,5.83064725995064,0,0.246942386031151,1185.4533315897,1861.02133697271,151.32627850771,1411.01264946163,5.35841801762581,240.937735773623
0,0,0,14.228640794754,0,0.198704153299332,0,0,0,17.2614507973194,0,303.344363152981,0,0,0,0,0.606398820877075,2.60410180687904,332.701291099191,2.39694958925247,0,186.61948363483,0,77.7055829316378,0,0,0,13.1936252713203,0,19.7713293433189,0,0,0,446.677247047424,0,182.491635158658,0,7253.08657333255,91.146482527256,47.4599723815918,0,42.5047426372766,0.161019533872604,5.02457630634308,0,497.561689659953,1.76770901679993,44.8255355358124,0,1128.20390892029,0,0.32132750749588,0,0,0,277.923986956477,0,6.40806920826435,0,0,0,0,147.901073157787,0,93.2103115022182,0,366.871081084013,0,0,0,11.0366141945124,0,1399.65547405183,0,0,0,357.085104107857,0,1905.80673254281,0.246942386031151,0,11.4271113425493,412.008029803634,1,818.019791826606,39.0891453325748,1.11112582683563
