0,0,0.155864751781337,0,0,0,0,0,0.23584028821567,0,0,0,0,0,0,0,0.382301896810532,0.394626408815384,0.487854388627139,0,0,0,0,0,0,0,0,0,0,0,0,0,0,0,0,0,0,0,0,0,0.530173540115356,0,0.306549364665769,0,0,0,0,0,0.237468995556638,0,0,0,0,0,0.237191872312388,0,0.234376734495163,0,0,0,0.183671573797862,0,0,0,0,0,0,0,0,0,0,0,0,0,0,0,0,0,0,0.452752411365509,0,0,0.391964397477833,0.37739285826683,0.290083055162714,0,0
0,0,0,0.157698345142153,0,0.110903061926365,0,0,0,0.167333260464029,0,0,0,0,0,0,0,0,0.359655429919561,0,0,0,0,0.229808310667674,0,0,0,0,0,0,0,0,0,0,0,0.388769656419754,0,0,0,0,0,0.358614116680773,0,0,0,0,0,0,0,0.241599191826353,0,0,0,0,0,0.178357312142526,0,0.300841023524602,0,0,0,0.262350355861364,0.308870643377304,0,0,0,0,0,0.277242830395699,0,0.30561201274395,0,0.335008203983307,0,0,0,0,0,0.381184803114997,0,0.547328531742096,0,0.238534692408783,0,0.260684170958066,0.32232457612242,0
0.155864751781337,0,0,0,0.16397761607712,0,0,0,0.154754759438458,0,0,0,0,0,0,0,0,0,0.270308181643486,0,0,0,0,0,0,0,0,0,0,0,0,0,0,0,0,0,0.256384968757629,0,0,0,0.35773803293705,0,0.281424938117043,0,0,0,0.286772042512894,0,0.268732622913692,0,0.185341455508024,0,0,0,0.172158597146764,0,0.278882842552796,0,0.163653023540974,0,0.198245893952981,0,0,0.272110685706139,0,0,0,0,0,0,0,0,0,0,0,0,0,0,0,0.312806208667002,0,0.295166007110051,0.189130370599382,0,0.229112021693522,0,0.256361004142534
0,0.157698345142153,0,0,0,0.147697461881024,0,0,0,0.136519377580148,0,0.223417475819588,0,0,0,0,0,0.273047640919685,0.291677335898081,0.197810791432858,0,0,0,0,0,0,0,0,0,0,0,0,0,0,0,0.191275604069233,0,0,0,0.236445825208317,0.294762939214706,0.271651015151292,0.240158900618553,0,0,0.236891481493201,0,0.26501253247261,0.276934653520584,0.196899323319037,0,0.183193373596779,0,0,0,0.169975586287444,0,0.256019775522873,0,0.20785548707301,0,0.162426053980986,0.295694074847481,0,0,0,0,0,0,0,0,0,0.316131606077154,0,0,0,0,0,0.296521466225386,0.300529852509499,0.333805165688197,0,0.183374685423536,0.150707733902064,0.224758552822665,0.262939631938934,0
0,0,0.16397761607712,0,0,0,0,0,0.158685645461082,0,0,0,0,0,0,0,0,0,0,0,0.15099068221293,0,0,0,0,0,0,0,0,0,0,0,0,0,0,0,0.25435009598732,0,0,0,0,0,0.239441618323326,0,0,0,0.245357349514961,0,0.259091198444366,0,0.240381947644442,0,0,0,0.137564036995173,0,0.249564373658763,0,0,0,0,0,0,0.245560774579644,0,0,0,0,0,0,0,0,0,0.317267894744873,0,0,0,0,0,0.263789768020312,0,0.27112078666687,0.151244490596897,0.118580967187881,0.197849974617861,0,0.228827357292175
0,0.110903061926365,0,0.147697461881024,0,0,0,0.122927211225033,0,0.146219804883003,0,0,0,0,0,0,0,0,0.235189914703369,0.175331086579229,0,0,0,0,0,0,0,0,0,0,0,0,0,0,0,0.204491440434845,0,0,0,0.229407418519258,0,0.254440531134605,0,0,0,0.209788137330459,0,0,0,0.224078103899956,0,0.199537183744792,0,0,0,0,0,0.219830390723313,0,0,0,0.145200112782349,0.21355799479144,0,0,0,0,0,0,0,0,0,0.278083652257919,0,0,0,0,0,0.234487731348385,0,0.301931515336037,0,0.163262411704125,0,0.212816563660948,0,0
0,0,0,0,0,0,0,0,0,0,0.175403978894739,0,0,0,0,0,0,0,0,0,0.148199806610743,0,0,0,0,0,0,0,0,0,0,0,0,0,0,0,0,0,0,0,0,0,0,0,0,0,0,0,0,0,0,0,0.175713770091534,0,0,0,0.180826559662819,0,0,0,0,0,0,0,0,0,0,0,0,0,0,0,0,0,0,0,0,0,0,0,0,0,0.171584646183032,0,0,0,0
0,0,0,0,0,0.122927211225033,0,0,0,0,0,0.155801668763161,0,0,0,0,0,0,0,0,0,0,0,0,0,0,0,0,0,0,0,0,0,0,0,0,0,0,0,0,0,0,0,0,0,0,0,0,0,0,0,0,0,0.15313829672198,0,0,0,0.241524782776833,0,0,0,0,0,0,0,0,0,0,0,0,0,0,0,0,0,0,0,0,0,0,0,0,0.154702664663394,0,0,0,0
0.23584028821567,0,0.154754759438458,0,0.158685645461082,0,0,0,0,0,0,0,0,0,0.186878755688667,0,0.214764393893354,0.186012906107036,0.252458162605762,0,0,0,0,0,0.22426450252533,0,0.213510014116764,0,0,0,0,0,0,0,0,0,0,0,0.188633221591455,0,0,0,0.188418106900321,0,0,0,0,0,0.211444109678268,0,0,0,0,0,0.224817044690599,0,0.258369863033295,0,0,0,0.209746743241946,0,0,0,0,0,0,0.309873347773271,0,0.152221627533436,0,0,0,0,0,0,0,0,0,0,0,0.241898008108139,0.18753524979434,0,0.165145069733262,0,0.167409747838974
0,0.167333260464029,0,0.136519377580148,0,0.146219804883003,0,0,0,0,0,0,0,0,0,0.272547389070193,0,0.20161316623079,0,0,0,0,0,0.214377578161657,0,0,0,0,0,0,0,0,0,0,0,0,0,0.206109112501144,0,0,0,0.228585802187208,0,0,0,0,0,0,0,0.291169845671565,0,0,0,0,0,0.261787600307652,0,0,0,0,0,0.248379774391651,0,0,0,0,0.295858435912422,0,0,0,0,0,0,0,0,0,0,0,0,0,0.246019426871229,0,0.217964605662284,0,0.207487158696441,0.224267048690155,0
0,0,0,0,0,0,0.175403978894739,0,0,0,0,0,0.126298831532831,0,0,0,0,0,0,0,0.184216063065701,0,0,0,0,0,0,0,0,0,0.169280007382564,0,0,0,0,0,0,0,0.130762602218116,0,0,0,0,0,0,0,0.290995538234711,0,0,0,0,0,0.185547322034836,0,0,0,0.21239048248918,0,0,0,0,0,0,0.188481154416105,0,0,0,0,0,0,0,0,0,0.215582781877273,0,0,0,0,0,0.245737615227699,0,0.134910469529805,0.149612114046301,0,0.259330362081528,0,0
0,0,0,0.223417475819588,0,0,0,0.155801668763161,0,0,0,0,0,0.209163598450167,0,0,0,0,0,0.150163272381933,0,0,0,0,0,0,0,0.187766820192337,0,0.223436820838186,0,0,0,0,0,0.145584280775311,0,0.182073762036919,0,0,0,0,0,0,0,0.267505490779877,0,0,0,0,0,0.315604150295258,0,0.22558955848217,0,0,0,0.234825874392949,0,0.115287459322384,0,0,0.203105656320558,0,0,0,0,0,0,0,0,0,0.278165070478722,0,0,0,0,0,0.151525269254394,0,0.225632476201956,0,0.171480747890107,0,0.195783847632507,0,0
0,0,0,0,0,0,0,0,0,0,0.126298831532831,0,0,0,0,0,0,0,0,0,0,0,0,0,0,0,0,0,0,0,0,0,0,0,0,0,0,0,0,0,0,0,0,0,0,0,0,0,0,0,0,0,0,0,0,0,0.131921427945296,0,0.158380696296015,0,0,0,0,0,0,0,0,0,0,0,0,0,0,0,0,0,0,0,0,0,0,0,0.143123782106808,0,0,0,0
0,0,0,0,0,0,0,0,0,0,0,0.209163598450167,0,0,0,0.198241703212261,0,0,0,0,0,0,0,0,0,0,0,0.136209944020147,0,0.222586683928967,0,0,0,0,0,0,0,0,0,0,0,0,0,0,0,0,0,0,0,0,0,0,0,0,0,0,0,0.244462290092518,0,0.168175496160984,0,0.177539957811435,0,0,0,0,0,0,0.201800417594421,0,0.120654820154111,0,0.253452561991779,0,0,0,0,0,0,0,0,0,0.18646893620491,0.164765782654285,0,0,0
0,0,0,0,0,0,0,0,0.186878755688667,0,0,0,0,0,0,0,0.182998393972715,0.187390448318587,0.225031584501266,0,0,0,0,0,0,0,0,0,0,0,0,0,0,0,0,0,0,0,0,0,0,0,0,0,0,0,0,0,0,0,0,0,0,0,0.162989002466202,0,0,0,0.191954340040684,0,0.209303641548524,0,0,0,0,0,0,0,0,0,0,0,0,0,0,0,0,0,0,0,0,0,0.175810038050016,0,0,0,0
0,0,0,0,0,0,0,0,0,0.272547389070193,0,0,0,0.198241703212261,0,0,0,0.177788279377497,0,0,0,0,0,0,0,0.213014200329781,0,0,0,0,0,0,0,0,0,0,0,0,0,0,0,0,0,0,0,0,0,0,0,0,0,0.19416780769825,0,0,0,0.250003437201182,0,0,0,0.22606981297334,0,0.182706071112467,0,0,0,0,0,0,0.194886110226313,0,0,0,0,0,0,0,0,0,0,0,0,0,0.183020565997471,0.113391148773107,0,0,0
0.382301896810532,0,0,0,0,0,0,0,0.214764393893354,0,0,0,0,0,0.182998393972715,0,0,0.18649608182335,0.295055820471608,0,0,0,0.163827317596011,0,0.192867534856002,0,0.166325609916694,0,0.174528075382113,0,0,0,0,0,0,0.345926254987717,0.345854535698891,0,0,0.309082877635956,0.327247557094973,0.279429782004583,0.280421372538521,0.2865851521492,0.287099480628967,0.288232970237732,0.305388549021606,0,0,0,0,0,0,0,0,0,0.336417293548584,0.308762915432453,0,0,0.19026731516955,0,0.312024537473917,0.303099473769015,0,0.170136235654354,0,0,0,0.185070866444072,0,0,0.302155449986458,0,0,0,0,0,0.334417181834579,0.334843458814753,0.335020184516907,0.337630900243918,0.231844655711707,0.153831353517383,0.31276381735144,0.267845846139468,0.268218944159647
0.394626408815384,0,0,0.273047640919685,0,0,0,0,0.186012906107036,0.20161316623079,0,0,0,0,0.187390448318587,0.177788279377497,0.18649608182335,0,0.302647608763531,0,0,0.140870382735396,0.301986560225487,0.138100043253999,0,0,0.182082144148422,0,0,0,0,0,0,0,0,0.32605758557717,0.318158894777298,0.322437405586243,0,0.302472932980611,0.330368685174961,0.278027621053514,0.278512982161422,0.294176608324051,0,0.24708428606391,0.309383788704872,0,0,0,0,0,0,0,0,0,0.24344240128994,0,0,0,0.154008367657661,0,0.293732918798923,0.296609923243523,0.145312171429396,0,0.188380791168464,0,0,0.175913046706807,0,0,0.330583817429013,0,0,0,0,0,0.332580463867209,0.351350764342404,0.342711430100294,0.378263056278229,0.21433216010667,0.191623872241224,0.317098762609262,0.273124096116849,0.261433944106102
0.487854388627139,0.359655429919561,0.270308181643486,0.291677335898081,0,0.235189914703369,0,0,0.252458162605762,0,0,0,0,0,0.225031584501266,0,0.295055820471608,0.302647608763531,0,0,0,0,0.214325845241547,0,0,0,0.247248554602265,0,0,0,0,0,0,0,0,0.366555034666133,0.363480432088985,0.399272671767644,0,0.317122635779096,0.376855196627092,0.262760000950412,0.261574626456769,0.322449165816401,0.279430545866489,0.247620198461745,0.337607344804388,0,0.324678719043732,0.292762480676174,0,0.258970856666565,0,0,0,0,0.40246358902558,0.377328014373779,0,0,0,0,0.306485564695845,0.310857494126309,0,0,0,0,0,0.176601082086563,0,0,0.429472384152112,0,0,0,0,0,0.345845714001588,0.380645684951803,0.439941177089739,0.416254390713195,0.259223755082327,0.25757449780767,0.36602959453287,0.253695630663078,0.251649515166401
0,0,0,0.197810791432858,0,0.175331086579229,0,0,0,0,0,0.150163272381933,0,0,0,0,0,0,0,0,0,0,0,0,0,0,0,0,0,0,0,0,0,0,0,0.141888748532335,0,0.212164849042892,0,0,0,0,0,0,0,0.278196910801141,0,0,0,0,0,0.19758444535546,0,0,0,0,0,0.202132657170296,0,0,0,0,0.203579544013187,0,0,0,0,0,0,0,0,0,0.146042317152023,0,0,0,0,0,0.159334072796394,0,0.261171973496675,0,0.15305984303272,0,0.214159740054089,0.262456923723221,0
0,0,0,0,0.15099068221293,0,0.148199806610743,0,0,0,0.184216063065701,0,0,0,0,0,0,0,0,0,0,0,0,0,0,0,0,0,0,0,0,0,0,0,0,0,0.147887092636953,0,0.159505533287302,0,0,0,0.330814868211746,0,0,0,0.269359672847001,0,0,0,0,0,0,0,0,0,0.229997893194045,0,0,0,0,0,0,0.208230146738283,0,0,0,0,0,0,0,0,0,0,0,0,0,0,0,0.159603567693583,0,0.204773955047131,0.139834856102243,0,0.184399442096646,0,0
0,0,0,0,0,0,0,0,0,0,0,0,0,0,0,0,0,0.140870382735396,0,0,0,0,0.139077805659988,0.147482224740088,0,0,0,0.162970871613251,0,0,0,0,0,0,0,0,0,0.241098232491935,0.131100247303645,0,0,0,0,0,0,0,0,0,0,0.297834465239683,0,0,0,0,0,0,0,0,0,0,0,0,0,0,0.217250182830967,0.0831186985192092,0,0,0.271996408700943,0,0.215107084645165,0,0,0,0,0,0,0,0,0,0.383545868389774,0,0.150345992698737,0.129552534627683,0,0,0
0,0,0,0,0,0,0,0,0,0,0,0,0,0,0,0,0.163827317596011,0.301986560225487,0.214325845241547,0,0,0.139077805659988,0,0,0.183231120173996,0,0.21247823536396,0,0.173684976994991,0,0,0,0,0,0,0.284367859363556,0,0,0.258286580883501,0,0,0,0,0,0,0,0,0,0.334056500088552,0,0,0,0,0,0,0,0,0,0,0,0.204690220952034,0,0,0,0.157814748585224,0.202958930787505,0,0,0,0.211264446377754,0,0,0,0,0,0,0,0,0,0,0,0.215112119988233,0.157594133752818,0.155857516321498,0.282742291688919,0,0
0,0.229808310667674,0,0,0,0,0,0,0,0.214377578161657,0,0,0,0,0,0,0,0.138100043253999,0,0,0,0.147482224740088,0,0,0,0.22143217921257,0,0,0,0,0,0,0,0,0,0,0,0.23448466115273,0,0,0,0.309592097997665,0,0,0,0,0,0,0,0.28233640268445,0,0,0,0,0,0.250072975314277,0,0,0,0,0,0,0,0,0.219594160685996,0,0.237268942934663,0,0.230002765026357,0,0,0,0,0,0,0,0,0,0,0,0.253814846780655,0,0.176419288395567,0,0.232926577329636,0,0
0,0,0,0,0,0,0,0,0.22426450252533,0,0,0,0,0,0,0,0.192867534856002,0,0,0,0,0,0.183231120173996,0,0,0,0.227505217705454,0,0,0,0,0,0,0,0,0,0,0,0.203210139537559,0,0,0,0,0,0,0,0,0,0.242150095105171,0,0,0,0,0,0.248060836233723,0,0,0,0,0,0,0,0,0,0,0.219857464419053,0,0.232213796271632,0,0.15074309025492,0,0,0,0,0,0,0,0,0,0,0,0.239794135645584,0.174720718119389,0,0.20279598981142,0,0
0,0,0,0,0,0,0,0,0,0,0,0,0,0,0,0.213014200329781,0,0,0,0,0,0,0,0.22143217921257,0,0,0,0.187112233624226,0,0,0,0,0,0,0,0,0,0,0,0,0,0,0,0,0,0,0,0,0,0,0,0,0,0,0,0.24634413421154,0,0,0,0,0,0,0,0,0.23452147046725,0,0,0,0.239588847243658,0,0.166119540731112,0,0,0,0,0,0,0,0,0,0,0,0.13961261510849,0.134759001433849,0,0,0
0,0,0,0,0,0,0,0,0.213510014116764,0,0,0,0,0,0,0,0.166325609916694,0.182082144148422,0.247248554602265,0,0,0,0.21247823536396,0,0.227505217705454,0,0,0,0,0,0,0,0,0,0,0,0,0,0,0,0.352716684341431,0,0,0,0,0,0,0,0,0,0,0,0,0,0.18382041156292,0,0,0,0,0,0,0,0,0.271730780601501,0,0,0,0.212650892883539,0,0.189079316250518,0,0,0,0,0,0,0,0,0.344420284032822,0,0,0,0.203859605041205,0.161488636334737,0.306882739067078,0,0.265134274959564
0,0,0,0,0,0,0,0,0,0,0,0.187766820192337,0,0.136209944020147,0,0,0,0,0,0,0,0.162970871613251,0,0,0,0.187112233624226,0,0,0,0.237303722493663,0,0,0,0,0,0,0,0.169399232623425,0,0,0,0,0,0,0,0,0,0,0,0,0,0,0,0,0,0,0,0,0,0.141206027712764,0,0.170864298939705,0,0,0.16568449139595,0,0,0,0.190774677435779,0,0.226187350022885,0,0.236934293839667,0,0,0,0,0,0,0,0,0,0.149271193477843,0,0,0,0
0,0,0,0,0,0,0,0,0,0,0,0,0,0,0,0,0.174528075382113,0,0,0,0,0,0.173684976994991,0,0,0,0,0,0,0,0.135270729660988,0,0,0,0,0,0,0,0.124078250490129,0,0,0,0,0,0,0,0,0,0,0,0,0,0,0,0,0,0,0,0,0,0,0,0,0,0,0.171699392369815,0,0,0,0,0,0.213164194980088,0,0,0,0,0,0,0,0,0,0,0.143670206268628,0,0,0,0
0,0,0,0,0,0,0,0,0,0,0,0.223436820838186,0,0.222586683928967,0,0,0,0,0,0,0,0,0,0,0,0,0,0.237303722493663,0,0,0,0,0,0,0,0,0,0.169319045696805,0,0,0,0,0,0,0,0,0,0,0,0,0,0,0,0,0,0,0,0.188128260566908,0,0,0,0,0,0,0,0,0,0,0,0,0,0,0.255503444820642,0,0,0,0,0,0,0,0.172894589602947,0,0.170487227459108,0,0,0,0
0,0,0,0,0,0,0,0,0,0,0.169280007382564,0,0,0,0,0,0,0,0,0,0,0,0,0,0,0,0,0,0.135270729660988,0,0,0,0,0,0,0,0,0,0,0,0,0,0,0,0,0,0,0,0,0,0,0,0,0,0,0,0.183252577763544,0,0,0,0,0,0,0,0,0,0,0,0,0,0,0.132594686001539,0,0.22345154846761,0,0,0,0,0,0,0,0.255225072304408,0,0,0,0,0
0,0,0,0,0,0,0,0,0,0,0,0,0,0,0,0,0,0,0,0,0,0,0,0,0,0,0,0,0,0,0,0,0.296497871083292,0.272436715922989,0,0.145501055431609,0,0,0,0,0,0,0,0,0,0,0,0.27064600315961,0,0.500905334949493,0,0,0,0,0,0,0,0,0,0,0,0,0,0,0,0,0,0,0,0,0,0,0,0,0.195281097186833,0.289455900589625,0.286340808868408,0,0.16501339612863,0,0,0,0.224802242657718,0,0,0,0
0,0,0,0,0,0,0,0,0,0,0,0,0,0,0,0,0,0,0,0,0,0,0,0,0,0,0,0,0,0,0,0.296497871083292,0,0.375642478466034,0.38281827806672,0,0.137527873995257,0,0,0,0,0,0,0,0,0,0,0.430327258267119,0,0.511276083333152,0,0,0,0,0,0,0,0,0,0,0,0,0,0,0,0,0,0,0,0,0,0,0,0,0.314085571486273,0.316530470616944,0.285700887441635,0.281196271641213,0.304305427840778,0.163838763322149,0,0,0.141520863821829,0,0,0,0
0,0,0,0,0,0,0,0,0,0,0,0,0,0,0,0,0,0,0,0,0,0,0,0,0,0,0,0,0,0,0,0.272436715922989,0.375642478466034,0,0.171165533770214,0.152172507345676,0,0.190282430718927,0,0,0,0,0,0,0,0,0,0.261399643990935,0,0,0,0,0,0,0,0,0,0,0,0,0,0,0,0,0,0,0,0,0,0,0,0,0,0,0.283927385290858,0,0.196205652770154,0,0.146972283222187,0,0.151501337348512,0,0.243800234150242,0.188415783147017,0,0,0
0,0,0,0,0,0,0,0,0,0,0,0,0,0,0,0,0,0,0,0,0,0,0,0,0,0,0,0,0,0,0,0,0.38281827806672,0.171165533770214,0,0,0.171424315644885,0.125217909614245,0.218772371047698,0,0,0.427253901958466,0,0,0,0,0,0.285410795732691,0.453559238335182,0.474444321895901,0,0,0,0,0,0,0,0,0,0,0,0,0,0.315210908651352,0,0,0,0,0,0,0,0,0,0,0,0.322638928197151,0.153564934347135,0.24389898252058,0,0.18639689265636,0,0.285245675083385,0.168066549037273,0,0.441710138693452,0,0
0,0.388769656419754,0,0.191275604069233,0,0.204491440434845,0,0,0,0,0,0.145584280775311,0,0,0,0,0.345926254987717,0.32605758557717,0.366555034666133,0.141888748532335,0,0,0.284367859363556,0,0,0,0,0,0,0,0,0.145501055431609,0,0.152172507345676,0,0,0.175762050423636,0.17208317505018,0,0.308288231492043,0.363920450210571,0.306565162800524,0.289195284247398,0.42506831245763,0,0.286511365373929,0,0.237749216195784,0.270234502851963,0.259503573179245,0,0.240387591876482,0,0,0,0,0,0.196407403139507,0,0,0,0,0.163342446429311,0.323748365044594,0,0,0,0,0,0,0,0,0.328266455067529,0,0.155395491007302,0,0.145199990520875,0,0.211182520695123,0.163110903756959,0.226490146507922,0,0.198700421106477,0.238137730707725,0.270524273460038,0.323626291561634,0
0,0,0.256384968757629,0,0.25435009598732,0,0,0,0,0,0,0,0,0,0,0,0.345854535698891,0.318158894777298,0.363480432088985,0,0.147887092636953,0,0,0,0,0,0,0,0,0,0,0,0.137527873995257,0,0.171424315644885,0.175762050423636,0,0.209092974662781,0.165194651722337,0,0.378274077177048,0,0.326002731919289,0,0,0,0.235824938304722,0.249285249970853,0.242446191608906,0,0,0,0,0,0,0,0.2463758274399,0.347687542438507,0,0,0,0,0,0.203510488349569,0,0,0,0,0,0,0,0,0,0,0,0.20219876691699,0,0.196478210202682,0.150691422160912,0.204203317263987,0.376096844673157,0.218048496985373,0.198688217187406,0.214860241080439,0.237990427258852,0,0.318597793579102
0,0,0,0,0,0,0,0,0,0.206109112501144,0,0.182073762036919,0,0,0,0,0,0.322437405586243,0.399272671767644,0.212164849042892,0,0.241098232491935,0,0.23448466115273,0,0,0,0.169399232623425,0,0.169319045696805,0,0,0,0.190282430718927,0.125217909614245,0.17208317505018,0.209092974662781,0,0.116435465028231,0,0,0.304884850978851,0,0,0,0.300873333827043,0,0.404408859709899,0,0.281505051171144,0,0,0,0,0,0.211690484366802,0,0.151159733467336,0,0,0,0,0.24734421114334,0,0.273623287573996,0,0.252071418589951,0,0.240821853280067,0,0,0,0.14752697771874,0,0,0,0.228999326471239,0,0.219106339327674,0,0.21302787077241,0,0.191422310147074,0.403334216939078,0.25023043867814,0.323838323354721,0
0,0,0,0,0,0,0,0,0.188633221591455,0,0.130762602218116,0,0,0,0,0,0,0,0,0,0.159505533287302,0.131100247303645,0.258286580883501,0,0.203210139537559,0,0,0,0.124078250490129,0,0,0,0,0,0.218772371047698,0,0.165194651722337,0.116435465028231,0,0,0,0,0,0,0,0,0.288426369428635,0.606740718086561,0.399706474691629,0,0,0,0,0,0.237367997145546,0,0.125403246924847,0,0,0,0,0,0,0.194213202656532,0,0.263115972604441,0,0.238852948003964,0,0,0,0,0,0,0,0,0,0.166398469530619,0,0.224251249143015,0,0.227920704207656,0.238470653660339,0.174778847684783,0.300333193965315,0,0
0,0,0,0.236445825208317,0,0.229407418519258,0,0,0,0,0,0,0,0,0,0,0.309082877635956,0.302472932980611,0.317122635779096,0,0,0,0,0,0,0,0,0,0,0,0,0,0,0,0,0.308288231492043,0,0,0,0,0.35801112651825,0.260191322265568,0.270065913597743,0.542404380109575,0,0.242620252900653,0,0,0,0.245148803427148,0,0,0,0,0,0,0,0.244658760726452,0,0,0,0,0.203665994900338,0,0,0,0,0,0,0,0,0,0.286689538508654,0,0,0,0,0,0.276950919359025,0.273763537406921,0.290338782327516,0,0.280705791470167,0.278276224931081,0.220129877767669,0.320299647691596,0.279583722352982
0.530173540115356,0,0.35773803293705,0.294762939214706,0,0,0,0,0,0,0,0,0,0,0,0,0.327247557094973,0.330368685174961,0.376855196627092,0,0,0,0,0,0,0,0.352716684341431,0,0,0,0,0,0,0,0,0.363920450210571,0.378274077177048,0,0,0.35801112651825,0,0.294830333927403,0.292846979874333,0.309430797894796,0.321785073313448,0.307539999485016,0.345882070622094,0,0.224453366796176,0.314728900790215,0,0,0,0,0,0,0.321318257848422,0.337731570005417,0,0,0,0,0.342282645404339,0.320933141304474,0,0,0,0,0,0,0,0,0.336921617388725,0,0,0,0,0,0.342150936398325,0.325572004772572,0.371094655532103,0.338893121039426,0.349982625111803,0.304517951927015,0.32045282011639,0.298796236515045,0.344961885988277
0,0.358614116680773,0,0.271651015151292,0,0.254440531134605,0,0,0,0.228585802187208,0,0,0,0,0,0,0.279429782004583,0.278027621053514,0.262760000950412,0,0,0,0,0.309592097997665,0,0,0,0,0,0,0,0,0,0,0.427253901958466,0.306565162800524,0,0.304884850978851,0,0.260191322265568,0.294830333927403,0,0.255170974614365,0.391415108527456,0,0.233687421186365,0.315778460353613,0.428538855711619,0.413986647129059,0.317885152704976,0,0.22991418838501,0,0,0,0,0,0.336129293805517,0,0,0,0,0.296486497229459,0.252667509019375,0,0,0,0,0,0,0.338619593779246,0,0.361771299662267,0,0,0,0,0,0.314008169920017,0.317601351176991,0.349404752651539,0.311024528741837,0.271727851497498,0.245246670208871,0.298126802598168,0.281233037988964,0.232397804036736
0.306549364665769,0,0.281424938117043,0.240158900618553,0.239441618323326,0,0,0,0.188418106900321,0,0,0,0,0,0,0,0.280421372538521,0.278512982161422,0.261574626456769,0,0.330814868211746,0,0,0,0,0,0,0,0,0,0,0,0,0,0,0.289195284247398,0.326002731919289,0,0,0.270065913597743,0.292846979874333,0.255170974614365,0,0.242220476269722,0.218104529593672,0.242368549108505,0.287638563100852,0.418612203765862,0.309185092949838,0.4189093708992,0,0,0,0,0,0,0.368489432583746,0.293367058038712,0,0,0,0,0.299303331545421,0.327128615407717,0,0,0,0,0,0,0,0,0.284789234399796,0.345657928058734,0,0,0,0,0.31081991248271,0.3244377481174,0.329199352860451,0.370742773701405,0.304000423530077,0.270683283607165,0.319740128210659,0.216095244884491,0.256320364294564
0,0,0,0,0,0,0,0,0,0,0,0,0,0,0,0,0.2865851521492,0.294176608324051,0.322449165816401,0,0,0,0,0,0,0,0,0,0,0,0,0,0,0,0,0.42506831245763,0,0,0,0.542404380109575,0.309430797894796,0.391415108527456,0.242220476269722,0,0,0.329440365235011,0,0,0,0,0,0,0,0,0,0,0,0,0,0,0,0,0.462073576450348,0,0,0,0,0,0,0,0,0,0.427377358078957,0,0,0,0,0,0.459793286303342,0,0.545817276125863,0,0.383651047945023,0.255637556314468,0.377470399324711,0,0.232671817143758
0,0,0,0,0,0,0,0,0,0,0,0,0,0,0,0,0.287099480628967,0,0.279430545866489,0,0,0,0,0,0,0,0,0,0,0,0,0,0,0,0,0,0,0,0,0,0.321785073313448,0,0.218104529593672,0,0,0,0.303141476213932,0,0,0,0,0,0,0,0,0,0,0,0,0,0,0,0,0.311287134885788,0,0,0,0,0,0,0,0,0,0,0,0,0,0,0,0.327055464525825,0,0.398895730574926,0.241698360868863,0,0.296543555672873,0,0.232393581006262
0,0,0,0.236891481493201,0,0.209788137330459,0,0,0,0,0,0.267505490779877,0,0,0,0,0.288232970237732,0.24708428606391,0.247620198461745,0.278196910801141,0,0,0,0,0,0,0,0,0,0,0,0,0,0,0,0.286511365373929,0,0.300873333827043,0,0.242620252900653,0.307539999485016,0.233687421186365,0.242368549108505,0.329440365235011,0,0,0.267602398991585,0,0.231506273150444,0.222055108596881,0,0.262077439671908,0,0,0,0,0,0.297988544648083,0,0,0,0,0.257434458066562,0,0,0,0,0,0,0,0,0,0.341134544343493,0,0,0,0,0,0.24920426264622,0.315214316050212,0.320064661360359,0,0.270337620446848,0,0.285168350684497,0.24922002106905,0
0,0,0.286772042512894,0,0.245357349514961,0,0,0,0,0,0.290995538234711,0,0,0,0,0,0.305388549021606,0.309383788704872,0.337607344804388,0,0.269359672847001,0,0,0,0,0,0,0,0,0,0,0,0,0,0,0,0.235824938304722,0,0.288426369428635,0,0.345882070622094,0.315778460353613,0.287638563100852,0,0.303141476213932,0.267602398991585,0,0,0.291058742337757,0,0.253331661224365,0,0,0,0,0,0.294958006907651,0,0,0,0,0,0.337816625833511,0.285600460361485,0,0,0,0,0,0,0,0,0.322962254285812,0.248774603009224,0,0,0,0,0.338752928234282,0.257378790156006,0.354043970505397,0.280197117928082,0.336203514695168,0.301895489295324,0.325413330512129,0.265394389629364,0.291656701337723
0,0,0,0.26501253247261,0,0,0,0,0,0,0,0,0,0,0,0,0,0,0,0,0,0,0,0,0,0,0,0,0,0,0,0.27064600315961,0.430327258267119,0.261399643990935,0.285410795732691,0.237749216195784,0.249285249970853,0.404408859709899,0.606740718086561,0,0,0.428538855711619,0.418612203765862,0,0,0,0,0,0.450503364505155,0.425570453927208,0,0,0,0,0,0,0,0.257605448365211,0,0,0,0,0.254112750291824,0,0,0,0,0,0,0,0,0,0.25427657365799,0,0.288166481059,0.442742685791594,0.34232369806636,0.354644215508793,0.345202560398216,0.31384522570272,0.279528175791105,0,0.523138450791002,0.386179834604263,0.451003644226557,0,0.292974144220352
0.237468995556638,0,0.268732622913692,0.276934653520584,0.259091198444366,0,0,0,0.211444109678268,0,0,0,0,0,0,0,0,0,0.324678719043732,0,0,0,0.334056500088552,0,0.242150095105171,0,0,0,0,0,0,0,0,0,0.453559238335182,0.270234502851963,0.242446191608906,0,0.399706474691629,0,0.224453366796176,0.413986647129059,0.309185092949838,0,0,0.231506273150444,0.291058742337757,0.450503364505155,0,0.343517002761364,0,0,0,0,0.23481772840023,0,0.249079434773115,0,0,0,0,0,0,0.248238317668438,0,0.33012448628797,0,0.225520063329626,0,0,0,0,0,0.286112114787102,0,0,0,0.438912113507589,0.23058240711689,0.229737127998046,0,0.345493247031739,0.443355589392897,0.422257751226425,0.268859794967215,0,0.280893845359484
0,0.241599191826353,0,0.196899323319037,0,0.224078103899956,0,0,0,0.291169845671565,0,0,0,0,0,0,0,0,0.292762480676174,0,0,0.297834465239683,0,0.28233640268445,0,0,0,0,0,0,0,0.500905334949493,0.511276083333152,0,0.474444321895901,0.259503573179245,0,0.281505051171144,0,0.245148803427148,0.314728900790215,0.317885152704976,0.4189093708992,0,0,0.222055108596881,0,0.425570453927208,0.343517002761364,0,0,0.248597368597984,0,0,0,0.181071634525838,0,0.287564819412572,0,0.28488478064537,0,0.265214362582624,0.199808213859797,0,0.304690761099368,0,0.283086385439943,0,0.264314062009423,0,0.276498519165336,0,0.276307182079817,0,0.460640509923299,0.466706526279449,0.437235795789295,0,0.309639689144468,0,0.33496076687287,0,0.346842975406548,0.156181469559669,0.27219284023639,0.339764000862602,0
0,0,0.185341455508024,0,0.240381947644442,0,0,0,0,0,0,0,0,0,0,0,0,0,0,0,0,0,0,0,0,0,0,0,0,0,0,0,0,0,0,0,0,0,0,0,0,0,0,0,0,0,0.253331661224365,0,0,0,0,0,0,0,0,0,0.23221053809178,0,0,0,0,0,0,0,0,0,0,0,0,0,0,0,0,0,0,0,0,0,0,0,0,0,0.191746742962158,0,0.239652331248462,0,0
0,0,0,0.183193373596779,0,0.199537183744792,0,0,0,0,0,0.315604150295258,0,0,0,0.19416780769825,0,0,0.258970856666565,0.19758444535546,0,0,0,0,0,0,0,0,0,0,0,0,0,0,0,0.240387591876482,0,0,0,0,0,0.22991418838501,0,0,0,0.262077439671908,0,0,0,0.248597368597984,0,0,0,0,0,0,0,0.238351398159047,0,0.195397514317717,0,0.204745984520141,0.277402983238596,0,0,0,0,0,0,0,0,0,0,0,0,0,0,0,0.266054700200374,0,0,0,0.181662653173719,0,0.266852154326038,0,0
0,0,0,0,0,0,0.175713770091534,0,0,0,0.185547322034836,0,0,0,0,0,0,0,0,0,0,0,0,0,0,0,0,0,0,0,0,0,0,0,0,0,0,0,0,0,0,0,0,0,0,0,0,0,0,0,0,0,0,0,0,0,0,0,0,0,0,0,0,0,0,0,0,0,0,0,0,0,0,0,0,0,0,0,0,0,0,0,0.175807490944862,0,0,0,0
0,0,0,0,0,0,0,0.15313829672198,0,0,0,0.22558955848217,0,0,0,0,0,0,0,0,0,0,0,0,0,0,0,0,0,0,0,0,0,0,0,0,0,0,0,0,0,0,0,0,0,0,0,0,0,0,0,0,0,0,0,0,0,0.211848539846569,0,0,0,0,0,0,0,0,0,0,0,0,0,0,0,0,0,0,0,0,0,0,0,0,0.151686721416407,0,0,0,0
0.237191872312388,0,0.172158597146764,0,0.137564036995173,0,0,0,0.224817044690599,0,0,0,0,0,0.162989002466202,0,0,0,0,0,0,0,0,0,0.248060836233723,0,0.18382041156292,0,0,0,0,0,0,0,0,0,0,0,0.237367997145546,0,0,0,0,0,0,0,0,0,0.23481772840023,0,0,0,0,0,0,0,0,0,0.232690244913101,0,0.209945710996787,0,0,0,0,0,0,0.295995358120778,0,0.17779662211736,0,0,0,0,0,0,0,0,0,0,0,0.251928782441079,0.172440145164728,0,0.189431995647778,0,0
0,0.178357312142526,0,0.169975586287444,0,0,0,0,0,0.261787600307652,0,0,0,0,0,0.250003437201182,0,0,0,0,0,0,0,0.250072975314277,0,0.24634413421154,0,0,0,0,0,0,0,0,0,0,0,0.211690484366802,0,0,0,0,0,0,0,0,0,0,0,0.181071634525838,0,0,0,0,0,0,0,0,0,0,0,0.209518830141714,0,0,0,0,0.27158229028217,0,0,0,0,0,0.283841758966446,0,0,0,0,0,0,0.295592129230499,0.212503924549366,0,0.244681978454957,0,0.204852614890445,0,0
0.234376734495163,0,0.278882842552796,0,0.249564373658763,0,0.180826559662819,0,0.258369863033295,0,0.21239048248918,0,0.131921427945296,0,0,0,0.336417293548584,0.24344240128994,0.40246358902558,0,0.229997893194045,0,0,0,0,0,0,0,0,0,0.183252577763544,0,0,0,0,0,0.2463758274399,0,0.125403246924847,0,0.321318257848422,0,0.368489432583746,0,0,0,0.294958006907651,0,0.249079434773115,0,0.23221053809178,0,0,0,0,0,0,0,0.221134945750237,0,0,0,0,0.306812288671674,0,0,0,0,0,0,0,0.301239252090454,0,0.223502757864586,0,0,0,0,0.379894256591797,0.273286914810575,0,0.178439465852884,0.301383663980207,0,0.319709768401619,0,0.353325627178331
0,0.300841023524602,0,0.256019775522873,0,0.219830390723313,0,0.241524782776833,0,0,0,0.234825874392949,0,0.244462290092518,0,0,0.308762915432453,0,0.377328014373779,0.202132657170296,0,0,0,0,0,0,0,0,0,0.188128260566908,0,0,0,0,0,0.196407403139507,0.347687542438507,0.151159733467336,0,0.244658760726452,0.337731570005417,0.336129293805517,0.293367058038712,0,0,0.297988544648083,0,0.257605448365211,0,0.287564819412572,0,0.238351398159047,0,0.211848539846569,0,0,0,0,0,0.230372009983915,0,0.3069728910923,0.32825850749801,0,0,0,0,0,0.387380725663641,0,0.392302194275917,0,0.278193515679949,0,0,0,0,0,0.294349336156658,0.316103041172028,0.327312452097734,0,0.246324516675422,0.319575279951096,0.306613650859291,0.376703956241691,0
0,0,0.163653023540974,0,0,0,0,0,0,0,0,0,0.158380696296015,0,0.191954340040684,0,0,0,0,0,0,0,0,0,0,0,0,0,0,0,0,0,0,0,0,0,0,0,0,0,0,0,0,0,0,0,0,0,0,0,0,0,0,0,0.232690244913101,0,0.221134945750237,0,0,0,0.195263904065658,0,0,0,0,0,0,0,0,0,0,0,0,0,0,0,0,0,0,0,0,0,0.145444791764021,0,0.226014021039009,0,0
0,0,0,0.20785548707301,0,0,0,0,0,0,0,0.115287459322384,0,0.168175496160984,0,0.22606981297334,0,0,0,0,0,0,0,0,0,0,0,0.141206027712764,0,0,0,0,0,0,0,0,0,0,0,0,0,0,0,0,0,0,0,0,0,0.28488478064537,0,0.195397514317717,0,0,0,0,0,0.230372009983915,0,0,0,0.227624511881308,0,0,0,0,0,0,0.248237919977733,0,0.264652972339198,0,0,0,0,0,0,0,0,0,0,0,0.147705934941769,0.16763374209404,0.285199423631032,0,0
0.183671573797862,0,0.198245893952981,0,0,0,0,0,0.209746743241946,0,0,0,0,0,0.209303641548524,0,0.19026731516955,0.154008367657661,0,0,0,0,0.204690220952034,0,0,0,0,0,0,0,0,0,0,0,0,0,0,0,0,0,0,0,0,0,0,0,0,0,0,0,0,0,0,0,0.209945710996787,0,0,0,0.195263904065658,0,0,0,0,0,0,0,0,0.194765899987782,0,0.208002414475096,0,0,0,0,0,0,0,0,0,0.310588538646698,0,0,0.222078048839019,0,0.21917926101014,0,0
0,0.262350355861364,0,0.162426053980986,0,0.145200112782349,0,0,0,0.248379774391651,0,0,0,0.177539957811435,0,0.182706071112467,0,0,0,0,0,0,0,0,0,0,0,0.170864298939705,0,0,0,0,0,0,0,0,0,0,0,0,0,0,0,0,0,0,0,0,0,0.265214362582624,0,0.204745984520141,0,0,0,0.209518830141714,0,0.3069728910923,0,0.227624511881308,0,0,0,0,0,0,0,0,0.260522391072952,0,0.332792954011397,0,0,0,0,0,0,0,0,0,0,0,0,0,0.265268017138754,0,0
0,0.308870643377304,0,0.295694074847481,0,0.21355799479144,0,0,0,0,0,0.203105656320558,0,0,0,0,0.312024537473917,0.293732918798923,0.306485564695845,0.203579544013187,0,0,0,0,0,0,0,0,0,0,0,0,0,0,0,0.163342446429311,0,0.24734421114334,0,0.203665994900338,0.342282645404339,0.296486497229459,0.299303331545421,0.462073576450348,0,0.257434458066562,0.337816625833511,0.254112750291824,0,0.199808213859797,0,0.277402983238596,0,0,0,0,0,0.32825850749801,0,0,0,0,0,0.312177836894989,0,0,0,0,0,0,0.324401319026947,0,0.324170313234335,0,0,0,0,0,0.262290078835493,0.336206129368614,0.307992822252581,0,0.197389726396939,0.276223729054133,0.314508596019379,0.302252060600689,0.289532492558161
0,0,0.272110685706139,0,0.245560774579644,0,0,0,0,0,0.188481154416105,0,0,0,0,0,0.303099473769015,0.296609923243523,0.310857494126309,0,0.208230146738283,0,0,0,0,0,0.271730780601501,0,0,0,0,0,0,0,0.315210908651352,0.323748365044594,0.203510488349569,0,0.194213202656532,0,0.320933141304474,0.252667509019375,0.327128615407717,0,0.311287134885788,0,0.285600460361485,0,0.248238317668438,0,0,0,0,0,0,0,0.306812288671674,0,0,0,0,0,0.312177836894989,0,0,0,0,0,0,0,0,0,0,0.374651491641998,0,0,0,0,0.318534429584231,0.255530458828302,0.38155660033226,0.287440407148689,0.268827351448791,0.300433538854122,0.298649668135586,0,0.333626255393028
0,0,0,0,0,0,0,0,0,0,0,0,0,0,0,0,0,0.145312171429396,0,0,0,0.217250182830967,0.157814748585224,0.219594160685996,0,0.23452147046725,0,0.16568449139595,0,0,0,0,0,0,0,0,0,0.273623287573996,0,0,0,0,0,0,0,0,0,0,0,0.304690761099368,0,0,0,0,0,0,0,0,0,0,0,0,0,0,0,0,0.231564083695412,0,0.284291585236788,0,0.270829599592048,0,0,0,0,0,0,0,0,0,0.351708704683961,0,0.160192497456685,0,0,0,0
0,0,0,0,0,0,0,0,0,0,0,0,0,0,0,0,0.170136235654354,0,0,0,0,0.0831186985192092,0.202958930787505,0,0.219857464419053,0,0,0,0.171699392369815,0,0,0,0,0,0,0,0,0,0.263115972604441,0,0,0,0,0,0,0,0,0,0.33012448628797,0,0,0,0,0,0,0,0,0,0,0,0,0,0,0,0,0,0,0.172649630560325,0,0,0,0,0,0,0,0,0,0,0,0,0,0.230001631724587,0.17188324406743,0.153108411110364,0,0,0
0,0,0,0,0,0,0,0,0,0.295858435912422,0,0,0,0,0,0,0,0.188380791168464,0,0,0,0,0,0.237268942934663,0,0,0,0,0,0,0,0,0,0,0,0,0,0.252071418589951,0,0,0,0,0,0,0,0,0,0,0,0.283086385439943,0,0,0,0,0,0.27158229028217,0,0,0,0,0,0,0,0,0.231564083695412,0,0,0,0.234260473467276,0,0,0,0,0,0,0,0,0,0,0,0.260776367010159,0,0.271221015970786,0,0.174141074772234,0,0
0,0,0,0,0,0,0,0,0.309873347773271,0,0,0,0,0,0,0,0,0,0,0,0,0,0,0,0.232213796271632,0,0.212650892883539,0,0,0,0,0,0,0,0,0,0,0,0.238852948003964,0,0,0,0,0,0,0,0,0,0.225520063329626,0,0,0,0,0,0.295995358120778,0,0,0,0,0,0.194765899987782,0,0,0,0,0.172649630560325,0,0,0,0.188924074172974,0,0,0,0,0,0,0,0,0,0,0,0.232592435257775,0.162104501326879,0,0.231912658822657,0,0
0,0.277242830395699,0,0,0,0,0,0,0,0,0,0,0,0.201800417594421,0,0.194886110226313,0,0,0,0,0,0.271996408700943,0,0.230002765026357,0,0.239588847243658,0,0.190774677435779,0,0,0,0,0,0,0,0,0,0.240821853280067,0,0,0,0,0,0,0,0,0,0,0,0.264314062009423,0,0,0,0,0,0,0,0.387380725663641,0,0.248237919977733,0,0.260522391072952,0,0,0.284291585236788,0,0.234260473467276,0,0,0,0.310671818375434,0,0,0,0,0,0,0,0,0,0,0,0,0,0,0,0
0,0,0,0,0,0,0,0,0.152221627533436,0,0,0,0,0,0,0,0.185070866444072,0.175913046706807,0.176601082086563,0,0,0,0.211264446377754,0,0.15074309025492,0,0.189079316250518,0,0,0,0,0,0,0,0,0,0,0,0,0,0,0,0,0,0,0,0,0,0,0,0,0,0,0,0.17779662211736,0,0,0,0,0,0.208002414475096,0,0,0,0,0,0,0.188924074172974,0,0,0,0,0,0,0,0,0,0,0,0,0,0,0.21593381307627,0,0,0,0
0,0.30561201274395,0,0,0,0,0,0,0,0,0,0,0,0.120654820154111,0,0,0,0,0,0,0,0.215107084645165,0,0,0,0.166119540731112,0,0.226187350022885,0,0,0,0,0,0,0,0,0,0,0,0,0,0.338619593779246,0,0,0,0,0,0,0,0.276498519165336,0,0,0,0,0,0,0,0.392302194275917,0,0.264652972339198,0,0.332792954011397,0.324401319026947,0,0.270829599592048,0,0,0,0.310671818375434,0,0,0,0.251879589334251,0,0,0,0,0,0,0,0,0,0.31364768743515,0,0.337188899517059,0.353815384209156,0
0,0,0,0,0,0,0,0,0,0,0,0,0,0,0,0,0,0,0,0,0,0,0,0,0,0,0,0,0.213164194980088,0,0.132594686001539,0,0,0,0,0,0,0,0,0,0,0,0,0,0,0,0,0,0,0,0,0,0,0,0,0,0.301239252090454,0,0,0,0,0,0,0,0,0,0,0,0,0,0,0,0,0,0,0,0,0,0,0,0,0,0,0,0.312225893139839,0,0
0,0.335008203983307,0,0.316131606077154,0,0.278083652257919,0,0,0,0,0,0.278165070478722,0,0.253452561991779,0,0,0.302155449986458,0.330583817429013,0.429472384152112,0.146042317152023,0,0,0,0,0,0,0,0.236934293839667,0,0.255503444820642,0,0,0,0,0,0.328266455067529,0,0.14752697771874,0,0.286689538508654,0.336921617388725,0.361771299662267,0.284789234399796,0.427377358078957,0,0.341134544343493,0.322962254285812,0.25427657365799,0,0.276307182079817,0,0,0,0,0,0.283841758966446,0,0.278193515679949,0,0,0,0,0.324170313234335,0,0,0,0,0,0,0,0.251879589334251,0,0,0,0,0,0,0,0.326573213379757,0.333559170365334,0.305919618811458,0.35388645529747,0.327528288960457,0.401581180947168,0.377748317472235,0.398436991390118,0.270705074071884
0,0,0,0,0.317267894744873,0,0,0,0,0,0.215582781877273,0,0,0,0,0,0,0,0,0,0,0,0,0,0,0,0,0,0,0,0.22345154846761,0,0,0,0,0,0,0,0,0,0,0,0.345657928058734,0,0,0,0.248774603009224,0,0.286112114787102,0,0,0,0,0,0,0,0.223502757864586,0,0,0,0,0,0,0.374651491641998,0,0,0,0,0,0,0,0,0,0,0,0,0,0,0,0.278377056121826,0,0.245475618257409,0.3987764219443,0,0.352580576397405,0,0.388245731592178
0,0,0,0,0,0,0,0,0,0,0,0,0,0,0,0,0,0,0,0,0,0,0,0,0,0,0,0,0,0,0,0.195281097186833,0.314085571486273,0.283927385290858,0,0.155395491007302,0,0,0,0,0,0,0,0,0,0,0,0.288166481059,0,0.460640509923299,0,0,0,0,0,0,0,0,0,0,0,0,0,0,0,0,0,0,0,0,0,0,0,0,0,0,0.302521226865961,0,0.291675016168476,0,0,0,0.168970214469092,0,0,0,0
0,0,0,0,0,0,0,0,0,0,0,0,0,0,0,0,0,0,0,0,0,0,0,0,0,0,0,0,0,0,0,0.289455900589625,0.316530470616944,0,0.322638928197151,0,0.20219876691699,0,0,0,0,0,0,0,0,0,0,0.442742685791594,0,0.466706526279449,0,0,0,0,0,0,0,0,0,0,0,0,0,0,0,0,0,0,0,0,0,0,0,0,0,0,0,0.270621845628896,0,0.238666859320086,0,0,0.188600427809764,0,0,0,0
0,0,0,0,0,0,0,0,0,0,0,0,0,0,0,0,0,0,0,0,0,0,0,0,0,0,0,0,0,0,0,0.286340808868408,0.285700887441635,0.196205652770154,0.153564934347135,0.145199990520875,0,0.228999326471239,0,0,0,0,0,0,0,0,0,0.34232369806636,0,0.437235795789295,0,0,0,0,0,0,0,0,0,0,0,0,0,0,0,0,0,0,0,0,0,0,0,0,0.302521226865961,0,0,0,0.20875912129879,0,0.249257632867009,0,0.175070351251849,0.20943004058467,0,0,0
0,0,0,0,0,0,0,0,0,0,0,0,0,0,0,0,0,0,0,0,0,0,0,0,0,0,0,0,0,0,0,0,0.281196271641213,0,0.24389898252058,0,0.196478210202682,0,0.166398469530619,0,0,0,0,0,0,0,0,0.354644215508793,0.438912113507589,0,0,0,0,0,0,0,0,0,0,0,0,0,0,0,0,0,0,0,0,0,0,0,0,0,0,0.270621845628896,0,0,0,0.219353800782791,0,0.278126479054873,0.196590204152369,0,0.377501716216405,0,0
0,0.381184803114997,0,0.296521466225386,0,0.234487731348385,0,0,0,0,0,0.151525269254394,0,0,0,0,0.334417181834579,0.332580463867209,0.345845714001588,0.159334072796394,0,0,0,0,0,0,0.344420284032822,0,0,0,0,0.16501339612863,0.304305427840778,0.146972283222187,0,0.211182520695123,0.150691422160912,0.219106339327674,0,0.276950919359025,0.342150936398325,0.314008169920017,0.31081991248271,0.459793286303342,0,0.24920426264622,0.338752928234282,0.345202560398216,0.23058240711689,0.309639689144468,0,0.266054700200374,0,0,0,0,0.379894256591797,0.294349336156658,0,0,0,0,0.262290078835493,0.318534429584231,0,0,0,0,0,0,0,0,0.326573213379757,0,0.291675016168476,0,0.20875912129879,0,0,0.33762013015675,0.272580320310035,0.354517782727877,0.232528676468168,0.240011386249376,0.325807295270124,0.314808469273923,0.289206280965697
0.452752411365509,0,0.312806208667002,0.300529852509499,0.263789768020312,0,0,0,0,0,0.245737615227699,0,0,0,0,0,0.334843458814753,0.351350764342404,0.380645684951803,0,0.159603567693583,0,0,0,0,0,0,0,0,0,0,0,0.163838763322149,0,0.18639689265636,0.163110903756959,0.204203317263987,0,0.224251249143015,0.273763537406921,0.325572004772572,0.317601351176991,0.3244377481174,0,0.327055464525825,0.315214316050212,0.257378790156006,0.31384522570272,0.229737127998046,0,0,0,0,0,0,0.295592129230499,0.273286914810575,0.316103041172028,0,0,0.310588538646698,0,0.336206129368614,0.255530458828302,0,0,0,0,0,0,0,0,0.333559170365334,0.278377056121826,0,0.238666859320086,0,0.219353800782791,0.33762013015675,0,0.36203371360898,0.249034495934742,0.276501591996991,0.323999513085786,0.346967617841344,0.324816924830278,0.313003822381979
0,0.547328531742096,0,0.333805165688197,0,0.301931515336037,0,0,0,0.246019426871229,0,0.225632476201956,0,0,0,0,0.335020184516907,0.342711430100294,0.439941177089739,0.261171973496675,0,0.383545868389774,0,0.253814846780655,0,0,0,0,0,0.172894589602947,0,0,0,0.151501337348512,0,0.226490146507922,0.376096844673157,0.21302787077241,0,0.290338782327516,0.371094655532103,0.349404752651539,0.329199352860451,0.545817276125863,0,0.320064661360359,0.354043970505397,0.279528175791105,0,0.33496076687287,0,0,0,0,0,0.212503924549366,0,0.327312452097734,0,0,0,0,0.307992822252581,0.38155660033226,0.351708704683961,0,0.260776367010159,0,0,0,0,0,0.305919618811458,0,0,0,0.249257632867009,0,0.272580320310035,0.36203371360898,0,0.409992277622223,0.260574570131701,0.289000181311911,0.405217243736589,0.3773220332122,0.320210576057434
0,0,0.295166007110051,0,0.27112078666687,0,0,0,0.241898008108139,0,0.134910469529805,0,0,0,0,0,0.337630900243918,0.378263056278229,0.416254390713195,0,0.204773955047131,0,0.215112119988233,0,0.239794135645584,0,0,0,0,0,0.255225072304408,0,0,0,0.285245675083385,0,0.218048496985373,0,0.227920704207656,0,0.338893121039426,0.311024528741837,0.370742773701405,0,0.398895730574926,0,0.280197117928082,0,0.345493247031739,0,0,0,0,0,0.251928782441079,0,0.178439465852884,0,0,0,0,0,0,0.287440407148689,0,0.230001631724587,0,0.232592435257775,0,0,0,0,0.35388645529747,0.245475618257409,0,0,0,0.278126479054873,0.354517782727877,0.249034495934742,0.409992277622223,0,0.248389566302008,0.28927418589592,0.412433320531449,0,0.446949532032013
