0,0,79.026692956686,0,33.9358866810799,0,0,0,549.459712862968,0,0,0,0,0,0.994933128356934,0,0,4.16130411624908,46.699526399374,0,0,0,0,0,0,0,0,0,0,0,0,0,0,0,0,0.160300344228745,2.19793419539928,0,0,0,6.38193988800049,0,0.551554948091507,0,0,0,0,0,183.647363334894,0,7.14266082644463,0,0,0,93.4405789971352,0,3.66903778910637,0,0,0,0.591255605220795,0,0,5.39241740107536,0,0,0,0,0,0,0,0,0.573071181774139,0.404492780566216,0,0,0,0,0,41.3406320512295,0,6.21494384109974,26.6118828952312,0,241.425473093987,0,0
0,0,0,419.60397207737,0,1.07982835173607,0,0,0,384.369801282883,0,0,0,0,0,22.5031959861517,0.944862902164459,4.32833935320377,51.6701485365629,0,0,0,0,1.23844683170319,0,0.544901192188263,0,0,0,0,0,0,0,0,0,0,0,0,0,0,0,37.4180484116077,2.76199722290039,0,0,0,0,0,0,215.284390375018,0,23.3847023993731,0,0,0,377.488765478134,0,0.752153545618057,0,3.51256868243217,0,183.135768137872,0,0,0,0,2.49394108355045,0,1.44060309231281,0,0,0,0,0,0,0,0,0,5.01933914422989,0,0.185404270887375,0,189.879719078541,0,204.83216586709,0,0
79.026692956686,0,0,0.278911560773849,439.114938929677,0.27899169921875,0,0,81.1597423255444,0,0,0,0,0,0,0,0,0,10.5256227105856,0,0.233441323041916,0,0,0,0,0,0,0,0,0,0,0,0,0,0,0,0.2794349193573,0,0,0.361395984888077,4.98679192364216,0,78.4725432991982,0,0,0,4.45823246240616,0.662352204322815,48.264749571681,0,33.7114740312099,1.38190221786499,0,0,166.191056221724,0,41.8923625051975,0,0,0,10.8170839250088,0,0.162468388676643,9.59985464066267,0,0,0,0,0,0,0,0,0.664825737476349,5.62951757013798,0,0,0,0,1.43365144729614,12.6555730551481,1.39564943313599,3.10333995521069,63.1613805890083,0,322.359943218529,0,4.77046202123165
0,419.60397207737,0.278911560773849,0,0,136.009957835078,0,0,0,484.797958850861,0,0,0,0,0,16.0630639791489,0.261510193347931,1.34909512102604,6.92066329717636,0,0,0,0,0,0,0,0,0,0,0,0,0,0,0,0,0.547762751579285,0,0,0,2.21341556310654,0,80.9693055003881,0.473222374916077,0,0,1.49054077267647,0,0.365000545978546,0,91.9411834180355,0,220.007689595222,0,0,0,318.859732300043,1.25373840332031,12.1298400312662,0,24.5182394087315,0,89.5601324141026,0,0.325217127799988,0,0,0,0,0,0,0,0,1.83427810668945,0.383650898933411,0,0,0,0,8.6597762554884,0,0,0,309.536979451776,0,491.196438789368,0,0
33.9358866810799,0,439.114938929677,0,0,0,0,0,140.372513353825,0,0,0,0,0,0.90322607755661,0,0,0,0,0,4.28653052449226,0,0,0,0,0,0,0,0,0,0,0,0,0,0,0,23.2561079263687,0,0,0,0,0,2.02655583620071,0,0,0,0,0,49.0679758787155,0,94.9450966119766,0,0,0,239.219650819898,0,65.7877653539181,0,0,0,10.5314202308655,0,0,0,0,0,0,0,0,0,0,0,0,1.86406376957893,0,0,0,0,0,0,0,0,43.1998518556356,0,127.30723759532,0,0
0,1.07982835173607,0.27899169921875,136.009957835078,0,0,0,134.96509462595,0,281.809435367584,0,0,0,0,0,11.0921761989594,0,0,0,72.9628307819366,0,0,0,0,0,0,0,0,0,0,0,0,0,0,0,55.8037976622581,0,0,0,3.82566364109516,0,4.34549301862717,0,0,0,78.5903538316488,0,0.280996322631836,0.686604261398315,11.6822887957096,0,346.718031361699,0,4.16866356134415,0,4.76912494003773,1.71279981732368,0,0,3.79899118840694,0,6.65922124683857,147.251298591495,0.490031734108925,0,0,0,0,0,0,0,0,0.583807528018951,0,0,0,0,0,247.419974610209,0,0,0,926.901821047068,0,408.924565300345,0.284166425466537,0
0,0,0,0,0,0,0,0,0,0,55.2666798233986,0,2.15387260913849,0,0,0,0,0,0,0,0,0,0,0,0,0,0,0,0,0,0,0,0,0,0,0,0,0,0,0,0,0,0,0,0,0,0,0,0,0,0,0,88.7387557029724,0,0,0,6.88054060935974,0,2.35109457373619,0,0,0,0,0,0,0,0,0,0,0,0,0,0,0,0,0,0,0,0,0,0,0,0,0,0,0,0
0,0,0,0,0,134.96509462595,0,0,0,0,0,47.4096600413322,0,0,0,0,0,0,0,21.3198758363724,0,0,0,0,0,0,0,0,0,0,0,0,0,0,0,0,0,0,0,0,0,0,0,0,0,0,0,0,0,0,0,2.02092206478119,0,43.9390083551407,0,0,0,1.2948842048645,0,0,0,0,2.51233041286469,0,0,0,0,0,0,0,0,0,0,0,0,0,0,0,0,0,0,0,113.313779890537,0,0,0,0
549.459712862968,0,81.1597423255444,0,140.372513353825,0,0,0,0,0,0,0,0,0,302.603423818946,0,21.1224155128002,1.21910947561264,5.71063768863678,0,0,0,0,0,39.7607216835022,0,4.3706174492836,0,0,0,0,0,0,0,0,0,0,0,84.2043731808662,0,0,0,2.15827393531799,0,0,0,0,0,134.332178086042,0,9.37167751789093,0,0,0,1421.42458111048,0,6.35322089493275,0,0,0,465.445128440857,0,0,0,0,0,0,2.09861217439175,0,98.0264579057693,0,0,0,0,0,0,0,0,0,0,0,46.6716999262571,431.333535194397,0.418161690235138,234.224539652467,0,0
0,384.369801282883,0,484.797958850861,0,281.809435367584,0,0,0,0,0,0,0,0,0,616.472391068935,0,2.50157701969147,0,0,0,0,0,60.153206795454,0,43.6044792532921,0,0,0,0,0,0,0,0,0,0,0,37.2808912098408,0,0.482344478368759,0,3.68138463795185,0,0,0,0.505899548530579,0,0,0,17.5302997678518,0,11.5822792649269,0,0,0,915.769339993596,0,0,0,2.11935669183731,0,171.111946150661,0,1.08888837695122,0,0,0.963880091905594,0,0.426594376564026,0,0,0,0,0,0,0,0,0,0.197381258010864,0,96.1633080095053,0,312.172805920243,0,218.716031089425,0,0
0,0,0,0,0,0,55.2666798233986,0,0,0,0,0,76.835345864296,0,0,0,0,0,0,0,202.609667509794,0,0,0,0,0,0,0,136.912605434656,0,48.8302574157715,0,0,0,0,0,144.747379302979,0,425.602923899889,0,0,0,0,0,0,0,0,0,0,0,0,0,0,0,0,0,1046.81747604162,0,25.865974843502,0,0,0,0,9.52591282129288,0,0,0,0,0,0,0,3.2601155936718,0,74.3278585076332,0,0,0,0,0,18.4796624183655,0,60.023442029953,416.475101098418,0,0,0,0
0,0,0,0,0,0,0,47.4096600413322,0,0,0,0,0,55.2664418816566,0,0,0,0,0,398.937864899635,0,0,0,0,0,0,0,0,0,76.6482182592154,0,0,0,0,0,0,0,759.964741379023,0,0,0,0,0,0,0,11.5845241695642,0,0,0,0,0,0,0,54.2986323237419,0,0,0,740.611211404204,0,0,0,0,524.013204187155,0,0,0,0,0,0,0,0,0,183.885687798262,0,0,0,0,0,4.69212135672569,0,196.951808929443,0,247.414788663387,0.263316571712494,18.2915551513433,0,0
0,0,0,0,0,0,2.15387260913849,0,0,0,76.835345864296,0,0,0,0,0,0,0,0,0,0,0,0,0,0,0,0,0,0,0,0,0,0,0,0,0,0,0,0,0,0,0,0,0,0,0,0,0,0,0,0,0,6.39469528198242,0,0,0,21.6766356527805,0,83.008126527071,0,0,0,0,0,0,0,0,0,0,0,0,0,0,0,0,0,0,0,0,0,0,0,193.251049518585,8.25924396514893,0,0,0
0,0,0,0,0,0,0,0,0,0,0,55.2664418816566,0,0,0,106.348054885864,0,0,0,0,0,0,0,0,0,0,0,44.4622163921595,0,0,0,0,0,0,0,0,0,0,0,0,0,0,0,0,0,0,0,0,0,0,0,0,0,0,0,0,0,26.8489854931831,0,568.681524574757,0,112.358978062868,0,0,0,0,0,0,0,0,92.0457629710436,0,0,0,0,0,0,0,0,0,0,0,203.424140751362,19.9408473372459,0,0,0
0.994933128356934,0,0,0,0.90322607755661,0,0,0,302.603423818946,0,0,0,0,0,0,0,74.5051287561655,0.42510649561882,0.324028313159943,0,0,0,0,0,0,0,2.16221690177917,0,0,0,0,0,0,0,0,0,0,0,0,0,0,0,0,0,0,0,0,0,0,0,0.872109115123749,0,0,0,58.9262943118811,0,0,0,3,0,77.5631657838821,0,0,0,0,0,0,0,0,70.4586901366711,0,0,0,0,0,0,0,0,0,0,0,0,12.9121995568275,0,0,0,0
0,22.5031959861517,0,16.0630639791489,0,11.0921761989594,0,0,0,616.472391068935,0,0,0,106.348054885864,0,0,21.6318212449551,340.934348717332,7.94597542285919,0,0,0,0,0,0,12.4117311537266,0,1.27060523629189,0,0,0,0,0,0,0,0,0,0,0,0,0,0,0,0,0,0,0,0,0,0.426491796970367,0,52.7161588668823,0,0,0,218.593733325601,0,0,0,46.2395829111338,0,360.552174314857,0,0,0.425987333059311,0,12.0307982265949,0,3.41319197416306,0,2.4001396894455,0,0,0,0,0,0,0,0,0,0.483880490064621,0,180.060289233923,0,0,0,0
0,0.944862902164459,0,0.261510193347931,0,0,0,0,21.1224155128002,0,0,0,0,0,74.5051287561655,21.6318212449551,0,13580.7610452846,3314.13605378568,0,0,20.4060999900103,603.494779318571,1.66832077503204,379.08425784111,103.694396063685,646.258996576071,0.290770083665848,12.6497175395489,0,0,0,0,0,0,1.52910494804382,3.27532058954239,0,0,29.9133994728327,5.69655966758728,17.8856225833297,24.7636592388153,0.206944435834885,0,0.418570220470428,0,0,0,0.72978949546814,0,0,0,0,0,0,0.163284450769424,2.44315619766712,0,0,33.7068102657795,4.36030352115631,0,30.1298602819443,2.94418250024319,196.292197465897,0,83.0001491904259,25.3953715413809,503.946778818965,0.697418630123138,0,5.4255285859108,0.140061512589455,0,0,0,0,85.6120226681232,41.911038979888,12.5378969460726,1.41168004274368,5300.65436704457,48.1995391845703,47.9470907896757,9.93508888781071,1.56216129660606
4.16130411624908,4.32833935320377,0,1.34909512102604,0,0,0,0,1.21910947561264,2.50157701969147,0,0,0,0,0.42510649561882,340.934348717332,13580.7610452846,0,3166.83603949845,0.408643960952759,0,926.027438819408,2.58050274848938,47.1506095528603,23.1273430287838,2905.21010005474,0.2304497808218,88.2407525479794,0,0,0,0,0,0,0,0.171883121132851,0.371231496334076,1.51083512604237,0,60.5722244232893,5.47878739237785,73.4676589593291,8.20844407379627,3.4526327252388,0,4.95964609086514,0,0,0.517145454883575,2.67381027340889,0,0,0,0,0,0,0.470442682504654,5.45828461647034,0,0,0,40.9055209606886,0.096561424434185,43.0191198661923,63.6662004590034,0,11.8401469439268,6.32414454221725,935.002428993583,0,31.8487047851086,0,20.7647997885942,0,0,0,0,0,182.800008259714,88.8934633135796,54.4690545499325,3.14223694801331,9543.97022597492,80.0604375600815,85.5984369367361,12.7960384786129,0.627794921398163
46.699526399374,51.6701485365629,10.5256227105856,6.92066329717636,0,0,0,0,5.71063768863678,0,0,0,0,0,0.324028313159943,7.94597542285919,3314.13605378568,3166.83603949845,0,0,0.497324854135513,0.91826856136322,0,0,3.0864429473877,41.8020694255829,0,0,0,0,0,0,0,0,0,8.99312330782413,100.707704126835,1.65909138321877,0,548.239139035344,292.565859034657,705.181891739368,643.572737447917,82.1802890151739,0,11.2474455088377,1.06706404685974,0,7.37455700337887,9.51817046105862,0,0,0,0,0,0,10.8509004041553,56.7552879154682,0,0,0,0,6.61010856926441,680.730862401426,0,0,0,0.757290363311768,14.2941798716784,0,0.983828663825989,0,166.812487028539,1.37270104885101,0,0,0,2.50032079219818,1671.90555685759,2352.72167320549,437.739438459277,194.667314641178,2975.69448947161,27.7806545048952,1515.84372714162,130.627256765962,27.0909893512726
0,0,0,0,0,72.9628307819366,0,21.3198758363724,0,0,0,398.937864899635,0,0,0,0,0,0.408643960952759,0,0,0,0,0,0,0,0,0,0,0,0,0,0,0,0,0,1110.82791925967,0,65.3974733948708,0,0,0,0,0,0.221665620803833,0,9.68684683740139,0,0,0,0,0,0,0,0,0,0,0,2.32165046036243,0,0,0,0,624.687370724976,0,0,0,0,0,0,0,0,0,6.71115362644196,0,0,0,0,0,398.101870656013,0,186.520381465554,0,88.2939142584801,0,32.3094123005867,0,0
0,0,0.233441323041916,0,4.28653052449226,0,0,0,0,0,202.609667509794,0,0,0,0,0,0,0,0.497324854135513,0,0,0,0,0,0,0,0,0,0,0,0,0,0,0,0,0,593.33827881515,0,80.9217456281185,0,0,0,5.15352714061737,0,0,0,9.81446209549904,0,0,0,4.9391128718853,0,0,0,1.60699710249901,0,529.006982371211,0,0,0,0,0,0,1266.47453228384,0,0,0,0,0,0,0,0,0,0,0,0,0,0.229879558086395,0,290.016642577946,0,77.8515462875366,35.2640524506569,0,195.614122152328,0,0
0,0,0,0,0,0,0,0,0,0,0,0,0,0,0,0,20.4060999900103,926.027438819408,0.91826856136322,0,0,0,2497.13806979358,438.141014665365,0,691.511160075665,0,1212.96573227644,0,0,0,0,0,0,0,0,0,1737.82303318381,7.41908085346222,0,0,0,0,0,0,0,0,0,0,396.258449390531,0,0,0,0,0,0,0,0,0,0,0,0,0,0,19938.6511976272,220.969917416573,453.827537328005,1.54437673091888,288.608856737614,0,919.569282516837,0,0,0,0,0,0.251979261636734,0,0,0,883.609029561281,0,2212.92445529997,242.006210178137,11.6054747104645,0,0
0,0,0,0,0,0,0,0,0,0,0,0,0,0,0,0,603.494779318571,2.58050274848938,0,0,0,2497.13806979358,0,0,177.554163604975,0,424.481481790543,0,10.0644054412842,0,0,0,0,0,0,0,0,64.2214265465736,2475.0750707835,0,0,0,0,0,0,0,0,1.5434575676918,59.5094943344593,0,0,0,0,0,0.176356673240662,0,0,0,0,0,0,0,0,0,442.817485541105,13154.903574571,0,76.2482282370329,0,259.16309556365,0,34.9103619158268,0,0,0,0,0,0,0,0,60.762221544981,1222.37472367287,3302.21843999624,586.099451005459,1.14205193519592,0,0
0,1.23844683170319,0,0,0,0,0,0,0,60.153206795454,0,0,0,0,0,0,1.66832077503204,47.1506095528603,0,0,0,438.141014665365,0,0,0,966.577670454979,0,0,0,0,0,0,0,0,0,0,0,963.757613018155,0,0,0,0,0,0,0,0,0,0,0,105.827754557133,0,0,0,0,0,134.454597219825,0,0,0,2.69713449478149,0,3.42518456280231,0,0,177.98121611774,0,1404.58227314055,0,665.220622822642,0,8.20571219921112,0,0,0,0,0,0,0,0,0,783.768279075623,0,796.86454449594,93.7144599109888,123.575767070055,0,0
0,0,0,0,0,0,0,0,39.7607216835022,0,0,0,0,0,0,0,379.08425784111,23.1273430287838,3.0864429473877,0,0,0,177.554163604975,0,0,0,77.9097989797592,0,0,0,0,0,0,0,0,0,0,2.39623659849167,451.157106712461,0,0,0,0.50044173002243,0,0,0,0,0,25.7478982508183,0,0,0,0,0,20.7599360048771,0,0,0,0,0,0,0,0,1.95936763286591,0,399.014931023121,0,1283.53733551502,0.671794831752777,92.8737798333168,0,0,0,0,0,0,0,0,0,0,2.19318723678589,332.58297547698,542.891623467207,15.8695591986179,44.4000362753868,0,0
0,0.544901192188263,0,0,0,0,0,0,0,43.6044792532921,0,0,0,0,0,12.4117311537266,103.694396063685,2905.21010005474,41.8020694255829,0,0,691.511160075665,0,966.577670454979,0,0,0,593.721539512277,0,0,0,0,0,0,0,0,0,0.407312005758286,0,0.222044333815575,0,2.13333368301392,0,0,0,0,0,0,0,4.96801003813744,0,0,0,0,0,39.7097710072994,0,0,0,0.42772963643074,0,10.1727864891291,0,0,112.321568697691,0,920.68589733541,0,2415.89161880314,0,423.052916973829,0,0,0,0,0,0,0,3.44805279374123,0,0.248311132192612,0,840.628408163786,53.3531095981598,2.12122943997383,0.172871798276901,0
0,0,0,0,0,0,0,0,4.3706174492836,0,0,0,0,0,2.16221690177917,0,646.258996576071,0.2304497808218,0,0,0,0,424.481481790543,0,77.9097989797592,0,0,0,67.9189244508743,0,0,0,0,0,0,0,0,0,1.46344876289368,0,0,0,0,0,0,0,0,0,0,0,0,0,0,0,0,0,0,0,0,0,0,0,0,0,0,157.702019780874,0,11.7021223306656,0,507.990572661161,0,5.9298974275589,0,0,0,0,0,0,0,0,0,1.25477278232574,185.772668778896,0,2.4000928401947,0,0
0,0,0,0,0,0,0,0,0,0,0,0,0,44.4622163921595,0,1.27060523629189,0.290770083665848,88.2407525479794,0,0,0,1212.96573227644,0,0,0,593.721539512277,0,0,0,155.129983365536,0,0,0,0,0,0,0,414.849293857813,0,0,0,0,0,0,0,0,0,0,0,0,0,0,0,0,0,0,0,0,0,9.58098165690899,0,46.0518075525761,0,0,307.601219207048,0,0,0,648.308202669024,0,5193.74764683098,0,3.89471304416656,0,0,0,0,0,0,0,191.591730356216,0,1100.22257804871,63.4125962853432,0,0,0
0,0,0,0,0,0,0,0,0,0,136.912605434656,0,0,0,0,0,12.6497175395489,0,0,0,0,0,10.0644054412842,0,0,0,67.9189244508743,0,0,0,713.587817639112,0,0,0,0,0,0,0,33.2779504656792,0,0,0,0,0,0,0,0,0,0,0,0,0,0,0,0,0,0.917159259319305,0,0,0,0,0,0,0,0,13.3945063054562,0,0,0,47.5730865895748,0,855.202244758606,0,138.800133407116,0,0,0,0,0,0,0,18.2089662253857,33.2042362689972,125.379849672318,0,0,0
0,0,0,0,0,0,0,0,0,0,0,76.6482182592154,0,0,0,0,0,0,0,0,0,0,0,0,0,0,0,155.129983365536,0,0,0,0,0,0,0,0,0,69.2487121224403,0,0,0,0,0,0,0,0,0,0,0,0,0,0,0,0,0,0,0,29.5792999118567,0,0,0,0,0,0,0,0,0,0,0,0,65.5363099426031,0,662.72890534997,0,0,0,0,0,0,0,9.86552613973618,0,26.994451880455,0,6.01799595355988,0,0
0,0,0,0,0,0,0,0,0,0,48.8302574157715,0,0,0,0,0,0,0,0,0,0,0,0,0,0,0,0,0,713.587817639112,0,0,0,0,0,0,0,0,0,208.949088454247,0,0,0,0,0,0,0,0,0,0,0,0,0,0,0,0,0,0.809067010879517,0,0,0,0,0,0,0,0,0,0,0,0,0,0,113.422643691301,0,398.250732630491,0,0,0,0,0,0,0,1.6082524061203,3.93378627300262,0,0,0,0
0,0,0,0,0,0,0,0,0,0,0,0,0,0,0,0,0,0,0,0,0,0,0,0,0,0,0,0,0,0,0,0,382.893000125885,20.2594244480133,0,432.820011302829,0,0,0,0,0,0,0,0,0,0,0,1442.04609018564,7.25455644726753,0,0,0,0,0,0,0,0,0,0,0,0,0,0,0,0,0,0,0,0,0,0,0,0,0,1429.78087033331,40.2576468288898,6.76637721061707,0,536.391965180635,0,0,0,633.286327540874,0,0.400828778743744,0,0
0,0,0,0,0,0,0,0,0,0,0,0,0,0,0,0,0,0,0,0,0,0,0,0,0,0,0,0,0,0,0,382.893000125885,0,0,0,0,38.709783911705,0,0,0,0,0,0,0,0,0,0,1070.85533215106,0.548775017261505,0,0,0,0,0,0,0,0,0,0,0,0,0,0,0,0,0,0,0,0,0,0,0,0,0,60.959643393755,734.560035064816,0,7.06401671469212,0,299.782777220011,0,0,62.6679601669312,0,0,0,0
0,0,0,0,0,0,0,0,0,0,0,0,0,0,0,0,0,0,0,0,0,0,0,0,0,0,0,0,0,0,0,20.2594244480133,0,0,1615.3998708576,1175.52883179486,0,847.511617645621,205.893274843693,0,0,0,0,0,0,0,0,1905.28113165498,0.516610324382782,1.86736996471882,0,0,0,0,0,0,0,0,0,0,0,0,0,0,0,0,0,0,0,0,0,0,0,0,0,0,1209.80063946545,686.579371169209,334.331153601408,0,88.300441339612,24.470378562808,722.218194335699,1.6683297753334,4.8729680031538,0,0
0,0,0,0,0,0,0,0,0,0,0,0,0,0,0,0,0,0,0,0,0,0,0,0,0,0,0,0,0,0,0,0,0,1615.3998708576,0,0,256.301419258118,4.26019164919853,527.546357735991,0,0,0,0,0,0,0,0,858.449502170086,6.06982058286667,0,0,0,0,0,0,0,0,0,0,0,0,0,0,0,0,0,0,0,0,0,0,0,0,0,0,0,728.19339621067,1762.86557556689,0,118.076081171632,0,1317.6487583369,123.911309823394,0,1.17835879325867,0,0
0.160300344228745,0,0,0.547762751579285,0,55.8037976622581,0,0,0,0,0,0,0,0,0,0,1.52910494804382,0.171883121132851,8.99312330782413,1110.82791925967,0,0,0,0,0,0,0,0,0,0,0,432.820011302829,0,1175.52883179486,0,0,166.123709738255,1779.40573742986,6.51591873168945,3.3010505437851,0,12.8961610049009,0,0.342888116836548,0,4.513084217906,0,189.887923717499,16.3993083834648,0.180159941315651,0,7.22218018770218,0,0,0,0,0,5.32185506820679,0,0,0,0,409.936275988817,0.991426289081573,0,0,0,0,0,0,0,0,0.4540885835886,0,348.379452504218,0,255.51616384089,0,13853.1867284179,115.169538855553,238.45705730468,0,1951.02950914204,0.828372478485107,56.8765357732773,1.30594530701637,0
2.19793419539928,0,0.2794349193573,0,23.2561079263687,0,0,0,0,0,144.747379302979,0,0,0,0,0,3.27532058954239,0.371231496334076,100.707704126835,0,593.33827881515,0,0,0,0,0,0,0,0,0,0,0,38.709783911705,0,256.301419258118,166.123709738255,0,0,1200.47177667916,0,57.7573409974575,2.16207337379456,17.2230818271637,0,0,0,36.0278682112694,111.289393186569,55.3832756131887,0,0,0,0,0,0,0,1.27924498915672,0,0,0,0,0,0,451.209805294871,0,0,0,0,0,0,0,0,0,0.869654625654221,0,92.0613661557436,0,54.500267803669,11.5852122306824,8003.9073721841,0,1418.11717561632,717.341852411628,13.2659641206264,249.784588426352,0,1.25570307672024
0,0,0,0,0,0,0,0,0,37.2808912098408,0,759.964741379023,0,0,0,0,0,1.51083512604237,1.65909138321877,65.3974733948708,0,1737.82303318381,64.2214265465736,963.757613018155,2.39623659849167,0.407312005758286,0,414.849293857813,0,69.2487121224403,0,0,0,847.511617645621,4.26019164919853,1779.40573742986,0,0,966.003245085478,0,0,6.02114245295525,0.778421223163605,0,0,11.8576153814793,0,1358.15664815903,0,438.111280173063,0,0,0,0,0,59.7960259467363,0,34.9425753057003,0,0,0,0,56.0172126293182,0,630.384822636843,1.54749858379364,403.679888695478,0,1.96555542945862,0,119.784331828356,0,99.6284405589104,0,0,0,292.708008691669,0.726002156734467,1809.35959906876,0,15651.3335571289,159.285308688879,2800.436173141,204.462924748659,197.842798426747,0,0
0,0,0,0,0,0,0,0,84.2043731808662,0,425.602923899889,0,0,0,0,0,0,0,0,0,80.9217456281185,7.41908085346222,2475.0750707835,0,451.157106712461,0,1.46344876289368,0,33.2779504656792,0,208.949088454247,0,0,205.893274843693,527.546357735991,6.51591873168945,1200.47177667916,966.003245085478,0,0,0,0.809670031070709,26.4709870219231,0,0,0,0.199990198016167,436.30099709332,206.28130941093,0,0,0,0,0,141.724409118295,0,101.128085389733,0,0,0,0,0,0,1.54217387735844,0,1100.37861080468,0,312.704828232527,0,2.23676574230194,0,16.8343289792538,0,58.2808459997177,0,0,175.847443684936,232.500330463052,0,241.090713091195,310.985934197903,11252.980938524,2521.69229388982,227.209977924824,147.258460491896,0,3.00558537244797
0,0,0.361395984888077,2.21341556310654,0,3.82566364109516,0,0,0,0.482344478368759,0,0,0,0,0,0,29.9133994728327,60.5722244232893,548.239139035344,0,0,0,0,0,0,0.222044333815575,0,0,0,0,0,0,0,0,0,3.3010505437851,0,0,0,0,1.33737084269524,1541.15518173575,11.9594390243292,35.5951772481203,0,76.7574838995934,0,5.23586010932922,0.963267534971237,145.674472376704,0,6.27245953679085,0,0,0,0,2.64734227955341,12.5778123512864,0,0,0,0,21.6920741274953,17.8113259971142,0,0,0,0,0,0,0.198870658874512,0,34.2880740910769,0,2.72947430610657,0,0,0,544.421473920345,13.0332360565662,65.6063937395811,0.147668913006783,119.001309767365,0.23343063890934,636.019049346447,112.612942352891,0
6.38193988800049,0,4.98679192364216,0,0,0,0,0,0,0,0,0,0,0,0,0,5.69655966758728,5.47878739237785,292.565859034657,0,0,0,0,0,0,0,0,0,0,0,0,0,0,0,0,0,57.7573409974575,0,0,1.33737084269524,0,4.42915403842926,240.471439346671,0,0,0,5.21756348013878,119.112513244152,150.598831981421,0,0.227127701044083,0,0,0,0,0,8.82704398036003,0,0,0,0,0,0,73.98512776196,0,0,0,0,0,0,0,0,0.273079335689545,0,0,2.0717551857233,0,0,0,1013.75987073779,0,8.72967068850994,15.0784422159195,0,248.290014393628,0,5.40443353354931
0,37.4180484116077,0,80.9693055003881,0,4.34549301862717,0,0,0,3.68138463795185,0,0,0,0,0,0,17.8856225833297,73.4676589593291,705.181891739368,0,0,0,0,0,0,2.13333368301392,0,0,0,0,0,0,0,0,0,12.8961610049009,2.16207337379456,6.02114245295525,0.809670031070709,1541.15518173575,4.42915403842926,0,234.846704170108,45.5026967674494,0,86.1019361913204,1.6942093372345,220.770560517907,0.85002426803112,215.751569032669,0,4.68879981338978,0,0,0,0.372944235801697,2.26773856580257,338.509505853057,0,1.38145840167999,0,0,27.7902930229902,8.83870367705822,0,0,0,0,0,0,13.0931352078915,0,997.261697411537,0,0,0,0,0,1831.99461714923,25.7314942777157,268.213801443577,1.73677182197571,1744.51469551027,9.99173104763031,2794.53228457272,601.494851484895,0
0.551554948091507,2.76199722290039,78.4725432991982,0.473222374916077,2.02655583620071,0,0,0,2.15827393531799,0,0,0,0,0,0,0,24.7636592388153,8.20844407379627,643.572737447917,0,5.15352714061737,0,0,0,0.50044173002243,0,0,0,0,0,0,0,0,0,0,0,17.2230818271637,0.778421223163605,26.4709870219231,11.9594390243292,240.471439346671,234.846704170108,0,1.03325116634369,0,1.78270913660526,17.7283962666988,24.8310343176126,285.854923114181,0,1.83922681212425,0,0,0,0.614751219749451,0,410.656512372196,0.641343295574188,0,0,0,0,0,865.085048876703,0,0,0,0,0,0,0,0,1.26255822181702,54.952063895762,0,0,0,0,17.6312051713467,1097.75889623165,2.02549320459366,120.448941349983,1106.62831482291,0.716802626848221,4190.46782279015,1.07504044473171,238.907542869449
0,0,0,0,0,0,0,0,0,0,0,0,0,0,0,0,0.206944435834885,3.4526327252388,82.1802890151739,0.221665620803833,0,0,0,0,0,0,0,0,0,0,0,0,0,0,0,0.342888116836548,0,0,0,35.5951772481203,0,45.5026967674494,1.03325116634369,0,0,1.25171887874603,0,0,0,0.301330029964447,0,0,0,0,0,0,0,5.8481268286705,0,0,0,0,0.242360413074493,5.88256970047951,0,0,0,0,1.83889257907867,0,0,0,12.0275149941444,0,0,0,0,0,162.812439247966,2.92820739746094,72.5379578173161,0,32.6636162400246,0,94.0352072268724,2.99552583694458,0
0,0,0,0,0,0,0,0,0,0,0,0,0,0,0,0,0,0,0,0,0,0,0,0,0,0,0,0,0,0,0,0,0,0,0,0,0,0,0,0,0,0,0,0,0,0,0,0,0,0,0,0,0,0,0,0,0,0,0,0,0,0,0,0,0,0,0,0,0,0,0,0,0,0,0,0,0,0,0,0,0,0,0,0,0,0,0
0,0,0,1.49054077267647,0,78.5903538316488,0,0,0,0.505899548530579,0,11.5845241695642,0,0,0,0,0.418570220470428,4.95964609086514,11.2474455088377,9.68684683740139,0,0,0,0,0,0,0,0,0,0,0,0,0,0,0,4.513084217906,0,11.8576153814793,0,76.7574838995934,0,86.1019361913204,1.78270913660526,1.25171887874603,0,0,0,0.306498110294342,0,19.6977031677961,0,14.0298138409853,0,0,0,0,1.93937166035175,65.3723255246878,0,0,0,0,185.910483807325,5.27991026639938,0,0,0,0,0,0,1.31942990422249,0,172.40939681977,0,0,0,0,0,600.489181146026,0,171.535294987261,0,31.6245800852776,1.35509371757507,384.224536962807,1.49263203144073,0
0,0,4.45823246240616,0,0,0,0,0,0,0,0,0,0,0,0,0,0,0,1.06706404685974,0,9.81446209549904,0,0,0,0,0,0,0,0,0,0,0,0,0,0,0,36.0278682112694,0,0.199990198016167,0,5.21756348013878,1.6942093372345,17.7283962666988,0,0,0,0,0,29.9092788994312,0,0,0,0,0,0,0,13.7734237313271,0,0,0,0,0,0,209.165463894606,0,0,0,0,0,0,0,0,0.854515910148621,8.0508721768856,0,0,0,0,3.67809385061264,249.188200093806,0,60.8123617619276,2.63248606771231,0,182.518310636282,0,0
0,0,0.662352204322815,0.365000545978546,0,0.280996322631836,0,0,0,0,0,0,0,0,0,0,0,0,0,0,0,0,1.5434575676918,0,0,0,0,0,0,0,0,1442.04609018564,1070.85533215106,1905.28113165498,858.449502170086,189.887923717499,111.289393186569,1358.15664815903,436.30099709332,5.23586010932922,119.112513244152,220.770560517907,24.8310343176126,0,0,0.306498110294342,0,0,1115.42973840237,311.841665372252,0,0,0,0,0,0,0,0,0,0,0,0,0,0,0,0,0,0,0,0,0,0,0,0,5728.92480620742,1068.78444884717,89.1205106675625,302.322723686695,596.829480201006,4057.77619715035,0,413.951505929232,1417.80927041173,6.64290419220924,1238.69792386889,0,0
183.647363334894,0,48.264749571681,0,49.0679758787155,0.686604261398315,0,0,134.332178086042,0,0,0,0,0,0,0,0,0.517145454883575,7.37455700337887,0,0,0,59.5094943344593,0,25.7478982508183,0,0,0,0,0,0,7.25455644726753,0.548775017261505,0.516610324382782,6.06982058286667,16.3993083834648,55.3832756131887,0,206.28130941093,0.963267534971237,150.598831981421,0.85002426803112,285.854923114181,0,0,0,29.9092788994312,1115.42973840237,0,3.98372629284859,33.4169867932796,0,0,0,185.075023308396,0,9.94573098421097,0,0.414109081029892,0,1.10992550849915,0,0,50.3741711303592,0,226.069690093398,0,158.90833646059,0,119.585219800472,0,164.023854255676,0,199.745062023401,6.34652277827263,2.19957834482193,0,0,19.6342734694481,1078.90036903322,0.284326672554016,232.501940920949,202.135610952973,0,1101.73785861582,0,0
0,215.284390375018,0,91.9411834180355,0,11.6822887957096,0,0,0,17.5302997678518,0,0,0,0,0,0.426491796970367,0.72978949546814,2.67381027340889,9.51817046105862,0,0,396.258449390531,0,105.827754557133,0,4.96801003813744,0,0,0,0,0,0,0,1.86736996471882,0,0.180159941315651,0,438.111280173063,0,145.674472376704,0,215.751569032669,0,0.301330029964447,0,19.6977031677961,0,311.841665372252,3.98372629284859,0,0,6.22777627408504,0,0,0,21.8385741561651,0,33.9568531662226,0,19.0335685610771,0,58.4588749408722,6.3302004635334,0,357.601498767734,0,240.810132429004,0,197.514449134469,0,205.604883044958,0,44.9778849035501,0,1.56993997097015,0,1.56665189564228,0,47.7424405813217,0,404.024382412434,0,145.920835882425,0,816.668003872037,5.60599201917648,0
7.14266082644463,0,33.7114740312099,0,94.9450966119766,0,0,0,9.37167751789093,0,0,0,0,0,0.872109115123749,0,0,0,0,0,4.9391128718853,0,0,0,0,0,0,0,0,0,0,0,0,0,0,0,0,0,0,0,0.227127701044083,0,1.83922681212425,0,0,0,0,0,33.4169867932796,0,0,0,0,0,66.2830486595631,0,61.9253023117781,0,48.4316564202309,0,4.17616944015026,0,0,4.14044910669327,0,0,0,0,0,0,0,0,0,0,0,0,0,0,0,0.129631593823433,0,0.250712454319,38.9885209798813,0,20.7576295882463,0,0.442213088274002
0,23.3847023993731,1.38190221786499,220.007689595222,0,346.718031361699,0,2.02092206478119,0,11.5822792649269,0,0,0,0,0,52.7161588668823,0,0,0,0,0,0,0,0,0,0,0,0,0,0,0,0,0,0,0,7.22218018770218,0,0,0,6.27245953679085,0,4.68879981338978,0,0,0,14.0298138409853,0,0,0,6.22777627408504,0,0,0,0,0,2.18665742874146,0,6.47575853765011,0,264.138173624873,0,143.68132866919,7.88119024038315,0.475356161594391,0,0,0,0,0,0,0,0,0,0,0,0,0,0,35.1508161425591,0,0,0,29.6608719229698,0,188.020056158304,0,0
0,0,0,0,0,0,88.7387557029724,0,0,0,0,0,6.39469528198242,0,0,0,0,0,0,0,0,0,0,0,0,0,0,0,0,0,0,0,0,0,0,0,0,0,0,0,0,0,0,0,0,0,0,0,0,0,0,0,0,0,0,0,37.4154038578272,0,147.779256135225,0,0,0,0,0,0,0,0,0,0,0,0,0,0,0,0,0,0,0,0,0,0,0,0,0,0,0,0
0,0,0,0,0,4.16866356134415,0,43.9390083551407,0,0,0,54.2986323237419,0,0,0,0,0,0,0,0,0,0,0,0,0,0,0,0,0,0,0,0,0,0,0,0,0,0,0,0,0,0,0,0,0,0,0,0,0,0,0,0,0,0,0,0,0,12.1878571808338,0,0,0,0,1.28339618444443,0,0,0,0,0,0,0,0,0,0,0,0,0,0,0,0,0,0,0,1.32738673686981,0,0,0,0
93.4405789971352,0,166.191056221724,0,239.219650819898,0,0,0,1421.42458111048,0,0,0,0,0,58.9262943118811,0,0,0,0,0,1.60699710249901,0,0.176356673240662,0,20.7599360048771,0,0,0,0,0,0,0,0,0,0,0,0,0,141.724409118295,0,0,0,0.614751219749451,0,0,0,0,0,185.075023308396,0,66.2830486595631,0,0,0,0,0,37.3056278526783,0,0.210505574941635,0,91.8105393648148,0,0,2.45831102132797,0,0,0,29.2375777959824,0,0,0,0,0,0.353736251592636,0,0,0,0,0,0.549695491790771,0,232.659476026893,136.056120619178,0,78.8259389847517,0,0
0,377.488765478134,0,318.859732300043,0,4.76912494003773,0,0,0,915.769339993596,0,0,0,0,0,218.593733325601,0,0,0,0,0,0,0,134.454597219825,0,39.7097710072994,0,0,0,0,0,0,0,0,0,0,0,59.7960259467363,0,0,0,0.372944235801697,0,0,0,0,0,0,0,21.8385741561651,0,2.18665742874146,0,0,0,0,0,0,0,22.5513813495636,0,255.938351795077,0,0.286822855472565,0,0,26.348416224122,0,5.07536700367928,0,0,0,0,0,0,0,0,0,0,0,133.83400991559,0,45.0111010968685,0,30.2588306963444,0,0
3.66903778910637,0,41.8923625051975,1.25373840332031,65.7877653539181,1.71279981732368,6.88054060935974,0,6.35322089493275,0,1046.81747604162,0,21.6766356527805,0,0,0,0.163284450769424,0.470442682504654,10.8509004041553,0,529.006982371211,0,0,0,0,0,0,0,0.917159259319305,0,0.809067010879517,0,0,0,0,0,1.27924498915672,0,101.128085389733,2.64734227955341,8.82704398036003,2.26773856580257,410.656512372196,0,0,1.93937166035175,13.7734237313271,0,9.94573098421097,0,61.9253023117781,0,37.4154038578272,0,37.3056278526783,0,0,0.586298510432243,154.140294075012,0,11.1778410226107,0,0.297826439142227,384.744540393353,0,0,0,0,0,0,0,11.9789656400681,1.06200352311134,71.5828546434641,0,0,0,0,3.66462877392769,21.5917571485043,0.591706395149231,50.736740976572,94.2125246301293,0,908.661927461624,4.23663747310638,81.3985232412815
0,0.752153545618057,0,12.1298400312662,0,0,0,1.2948842048645,0,0,0,740.611211404204,0,26.8489854931831,0,0,2.44315619766712,5.45828461647034,56.7552879154682,2.32165046036243,0,0,0,0,0,0,0,0,0,29.5792999118567,0,0,0,0,0,5.32185506820679,0,34.9425753057003,0,12.5778123512864,0,338.509505853057,0.641343295574188,5.8481268286705,0,65.3723255246878,0,0,0,33.9568531662226,0,6.47575853765011,0,12.1878571808338,0,0,0.586298510432243,0,0,17.0721020400524,0,0,404.2597932145,0.778459772467613,0,0,0.609587132930756,0,2.19670957326889,0,529.599664211273,0,323.994526416063,0,0,0,0,0,97.4280180111527,0.284902565181255,43.2092053964734,0,98.8272194862366,0,792.600774072111,89.7195708453655,0
0,0,0,0,0,0,2.35109457373619,0,0,0,25.865974843502,0,83.008126527071,0,3,0,0,0,0,0,0,0,0,0,0,0,0,0,0,0,0,0,0,0,0,0,0,0,0,0,0,0,0,0,0,0,0,0,0.414109081029892,0,48.4316564202309,0,147.779256135225,0,0.210505574941635,0,154.140294075012,0,0,0,7.90444898605347,0,0,0,0,0,0,0,0,0,0,0,0,0,0,0,0,0,0,0,0,0,29.3391885757446,0,0.566925540566444,0,0
0,3.51256868243217,0,24.5182394087315,0,3.79899118840694,0,0,0,2.11935669183731,0,0,0,568.681524574757,0,46.2395829111338,0,0,0,0,0,0,0,2.69713449478149,0,0.42772963643074,0,9.58098165690899,0,0,0,0,0,0,0,0,0,0,0,0,0,1.38145840167999,0,0,0,0,0,0,0,19.0335685610771,0,264.138173624873,0,0,0,22.5513813495636,0,17.0721020400524,0,0,0,182.684092149138,0,0,0,0,3.00839513540268,0,64.0859781801701,0,305.735178261995,0,0,0,0,0,0,0,0,0,0,0,205.474886164069,0,3.91054180264473,0,0
0.591255605220795,0,10.8170839250088,0,10.5314202308655,0,0,0,465.445128440857,0,0,0,0,0,77.5631657838821,0,33.7068102657795,0,0,0,0,0,0,0,0,0,0,0,0,0,0,0,0,0,0,0,0,0,0,0,0,0,0,0,0,0,0,0,1.10992550849915,0,4.17616944015026,0,0,0,91.8105393648148,0,11.1778410226107,0,7.90444898605347,0,0,0,0,0,0,0,0,0,0,25.8403487801552,0,1.26379859447479,0,0,0,0,0,0,0,0,0,0,25.4100430011749,0,0,0,0
0,183.135768137872,0,89.5601324141026,0,6.65922124683857,0,0,0,171.111946150661,0,0,0,112.358978062868,0,360.552174314857,4.36030352115631,40.9055209606886,0,0,0,0,0,3.42518456280231,0,10.1727864891291,0,46.0518075525761,0,0,0,0,0,0,0,0,0,0,0,0,0,0,0,0,0,0,0,0,0,58.4588749408722,0,143.68132866919,0,0,0,255.938351795077,0,0,0,182.684092149138,0,0,0,0,0,0,44.1619223952293,0,9.2261401116848,0,53.9905887693167,0,0,0,0,0,0,0,0,0,0,0,82.9142978787422,0,21.640044733882,0,0
0,0,0.162468388676643,0,0,147.251298591495,0,2.51233041286469,0,0,0,524.013204187155,0,0,0,0,0,0.096561424434185,6.61010856926441,624.687370724976,0,0,0,0,0,0,0,0,0,0,0,0,0,0,0,409.936275988817,0,56.0172126293182,0,21.6920741274953,0,27.7902930229902,0,0.242360413074493,0,185.910483807325,0,0,0,6.3302004635334,0,7.88119024038315,0,1.28339618444443,0,0,0.297826439142227,404.2597932145,0,0,0,0,0,1.53542657196522,0,0,0,0,0,0,15.3036993443966,0,218.563376061618,0,0,0,0,0,2145.88308343291,0,440.188249781728,0,110.22177015245,0,573.198669999838,0,0
5.39241740107536,0,9.59985464066267,0.325217127799988,0,0.490031734108925,0,0,0,1.08888837695122,9.52591282129288,0,0,0,0,0,30.1298602819443,43.0191198661923,680.730862401426,0,1266.47453228384,0,0,0,1.95936763286591,0,0,0,0,0,0,0,0,0,0,0.991426289081573,451.209805294871,0,1.54217387735844,17.8113259971142,73.98512776196,8.83870367705822,865.085048876703,5.88256970047951,0,5.27991026639938,209.165463894606,0,50.3741711303592,0,4.14044910669327,0.475356161594391,0,0,2.45831102132797,0.286822855472565,384.744540393353,0.778459772467613,0,0,0,0,1.53542657196522,0,0,0,0,0,0,0,0,0,2.37539131939411,89.7131216526031,0,0,0,0,25.6365288943052,1823.85630880296,10.6451032608747,521.09816967696,156.074197173119,0,1223.88533219695,5.60132360458374,9.22212529182434
0,0,0,0,0,0,0,0,0,0,0,0,0,0,0,0.425987333059311,2.94418250024319,63.6662004590034,0,0,0,19938.6511976272,442.817485541105,177.98121611774,0,112.321568697691,0,307.601219207048,0,0,0,0,0,0,0,0,0,630.384822636843,0,0,0,0,0,0,0,0,0,0,0,357.601498767734,0,0,0,0,0,0,0,0,0,0,0,0,0,0,0,23.9346105456352,278.81485041976,0,313.367413669825,0,950.940169379115,0,0,0,0,0,0,0,0,0,871.775224342942,0,806.458531945944,113.238716587424,4.79300934076309,0,0
0,0,0,0,0,0,0,0,0,0,0,0,0,0,0,0,196.292197465897,0,0,0,0,220.969917416573,13154.903574571,0,399.014931023121,0,157.702019780874,0,13.3945063054562,0,0,0,0,0,0,0,0,1.54749858379364,1100.37861080468,0,0,0,0,0,0,0,0,0,226.069690093398,0,0,0,0,0,0,0,0,0,0,0,0,0,0,0,23.9346105456352,0,0,487.631878450513,0,402.850143551826,0,219.043742507696,0,0,0,0,0,0,0,0,6.1561259329319,912.530996382236,1296.67575499415,229.723715960979,0,0,0
0,2.49394108355045,0,0,0,0,0,0,0,0.963880091905594,0,0,0,0,0,12.0307982265949,0,11.8401469439268,0,0,0,453.827537328005,0,1404.58227314055,0,920.68589733541,0,0,0,0,0,0,0,0,0,0,0,403.679888695478,0,0,0,0,0,0,0,0,0,0,0,240.810132429004,0,0,0,0,0,26.348416224122,0,0.609587132930756,0,3.00839513540268,0,44.1619223952293,0,0,278.81485041976,0,0,0,681.414491921663,0,26.4884424507618,0,0,0,0,0,0,0,0,0,199.77452288568,0,479.344272613525,10.8852909952402,198.509838998318,0,0
0,0,0,0,0,0,0,0,2.09861217439175,0,0,0,0,0,0,0,83.0001491904259,6.32414454221725,0.757290363311768,0,0,1.54437673091888,76.2482282370329,0,1283.53733551502,0,11.7021223306656,0,0,0,0,0,0,0,0,0,0,0,312.704828232527,0,0,0,0,0,0,0,0,0,158.90833646059,0,0,0,0,0,29.2375777959824,0,0,0,0,0,0,0,0,0,0,487.631878450513,0,0,0,475.735780820251,0,6.15614891052246,0,0,0,0,0,0,0,0,0,224.030918642879,353.829065620899,1.03086543083191,42.9494592994452,0,0
0,1.44060309231281,0,0,0,0,0,0,0,0.426594376564026,0,0,0,0,0,3.41319197416306,25.3953715413809,935.002428993583,14.2941798716784,0,0,288.608856737614,0,665.220622822642,0.671794831752777,2415.89161880314,0,648.308202669024,0,0,0,0,0,0,0,0,0,1.96555542945862,0,0,0,0,0,1.83889257907867,0,0,0,0,0,197.514449134469,0,0,0,0,0,5.07536700367928,0,2.19670957326889,0,64.0859781801701,0,9.2261401116848,0,0,313.367413669825,0,681.414491921663,0,0,0,572.693427920341,0,0,0,0,0,0,0,0,0,3.32499623298645,0,434.488251015544,0,7.61999142169952,0,0
0,0,0,0,0,0,0,0,98.0264579057693,0,0,0,0,0,70.4586901366711,0,503.946778818965,0,0,0,0,0,259.16309556365,0,92.8737798333168,0,507.990572661161,0,47.5730865895748,0,0,0,0,0,0,0,0,0,2.23676574230194,0,0,0,0,0,0,0,0,0,119.585219800472,0,0,0,0,0,0,0,0,0,0,0,25.8403487801552,0,0,0,0,402.850143551826,0,475.735780820251,0,0,0,201.456208318472,0,0,0,0,0,0,0,0,0,0.63455456495285,28.3289380073547,0,0,0,0
0,0,0,0,0,0,0,0,0,0,0,0,0,92.0457629710436,0,2.4001396894455,0.697418630123138,31.8487047851086,0.983828663825989,0,0,919.569282516837,0,8.20571219921112,0,423.052916973829,0,5193.74764683098,0,65.5363099426031,0,0,0,0,0,0,0,119.784331828356,0,0.198870658874512,0,13.0931352078915,0,0,0,1.31942990422249,0,0,0,205.604883044958,0,0,0,0,0,0,0,529.599664211273,0,305.735178261995,0,53.9905887693167,15.3036993443966,0,950.940169379115,0,26.4884424507618,0,572.693427920341,0,0,0,255.85890942812,0,0,0,0,0,0.924604296684265,1.53241503238678,536.784968018532,0,418.341493189335,0,96.7389486730099,10.9628919363022,0
0,0,0,0,0,0,0,0,0,0,3.2601155936718,0,0,0,0,0,0,0,0,0,0,0,34.9103619158268,0,0,0,5.9298974275589,0,855.202244758606,0,113.422643691301,0,0,0,0,0,0,0,16.8343289792538,0,0,0,0,0,0,0,0,0,164.023854255676,0,0,0,0,0,0,0,11.9789656400681,0,0,0,1.26379859447479,0,0,0,0,219.043742507696,0,6.15614891052246,0,201.456208318472,0,0,0,523.816718831658,0,0,0,0,0,0,0,327.679183602333,7.98387432098389,0,0,0,0
0.573071181774139,0,0.664825737476349,1.83427810668945,0,0.583807528018951,0,0,0,0,0,183.885687798262,0,0,0,0,5.4255285859108,20.7647997885942,166.812487028539,6.71115362644196,0,0,0,0,0,0,0,3.89471304416656,0,662.72890534997,0,0,0,0,0,0.4540885835886,0,99.6284405589104,0,34.2880740910769,0.273079335689545,997.261697411537,1.26255822181702,12.0275149941444,0,172.40939681977,0.854515910148621,0,0,44.9778849035501,0,0,0,0,0,0,1.06200352311134,323.994526416063,0,0,0,0,218.563376061618,2.37539131939411,0,0,0,0,0,0,255.85890942812,0,0,0,0,0,0,0,238.910790041089,1.2358677983284,588.682818293571,0,69.782511331141,0.577887356281281,557.395503215492,284.528470873833,0
0.404492780566216,0,5.62951757013798,0.383650898933411,1.86406376957893,0,0,0,0,0,74.3278585076332,0,0,0,0,0,0.140061512589455,0,1.37270104885101,0,0,0,0,0,0,0,0,0,138.800133407116,0,398.250732630491,0,0,0,0,0,0.869654625654221,0,58.2808459997177,0,0,0,54.952063895762,0,0,0,8.0508721768856,0,199.745062023401,0,0,0,0,0,0.353736251592636,0,71.5828546434641,0,0,0,0,0,0,89.7131216526031,0,0,0,0,0,0,0,523.816718831658,0,0,0,0,0,0,0.11535632610321,3.88499455899,0,646.630612567067,4.64017888903618,0,492.59376347065,0,11.640268266201
0,0,0,0,0,0,0,0,0,0,0,0,0,0,0,0,0,0,0,0,0,0,0,0,0,0,0,0,0,0,0,1429.78087033331,60.959643393755,0,0,348.379452504218,0,0,0,2.72947430610657,0,0,0,0,0,0,0,5728.92480620742,6.34652277827263,1.56993997097015,0,0,0,0,0,0,0,0,0,0,0,0,0,0,0,0,0,0,0,0,0,0,0,0,0,38.3192811310291,288.373588860035,0,326.10449026525,0,0,0,297.723373353481,0,0,0,0
0,0,0,0,0,0,0,0,0,0,0,0,0,0,0,0,0,0,0,0,0,0,0,0,0,0,0,0,0,0,0,40.2576468288898,734.560035064816,0,0,0,92.0613661557436,0,0,0,2.0717551857233,0,0,0,0,0,0,1068.78444884717,2.19957834482193,0,0,0,0,0,0,0,0,0,0,0,0,0,0,0,0,0,0,0,0,0,0,0,0,0,38.3192811310291,0,0,353.353435441852,0,523.630057707429,0,0,173.91965547204,0,0,0,0
0,0,0,0,0,0,0,0,0,0,0,0,0,0,0,0,0,0,0,0,0,0.251979261636734,0,0,0,0,0,0,0,0,0,6.76637721061707,0,1209.80063946545,728.19339621067,255.51616384089,0,292.708008691669,175.847443684936,0,0,0,0,0,0,0,0,89.1205106675625,0,1.56665189564228,0,0,0,0,0,0,0,0,0,0,0,0,0,0,0,0,0,0,0,0,0,0,0,0,288.373588860035,0,0,171.424306720495,220.043998330832,0,131.183272913098,8.72929418087006,639.170900508761,0,0,0,0
0,0,0,0,0,0,0,0,0,0,0,0,0,0,0,0,0,0,2.50032079219818,0,0.229879558086395,0,0,0,0,0,0,0,0,0,0,0,7.06401671469212,686.579371169209,1762.86557556689,0,54.500267803669,0.726002156734467,232.500330463052,0,0,0,0,0,0,0,0,302.322723686695,0,0,0,0,0,0,0,0,0,0,0,0,0,0,0,0,0,0,0,0,0,0,0,0,0,0,0,353.353435441852,171.424306720495,0,0,578.662240415812,0.160500675439835,1113.10868647695,131.455486819148,0,0,0,0
0,5.01933914422989,1.43365144729614,8.6597762554884,0,247.419974610209,0,0,0,0.197381258010864,0,4.69212135672569,0,0,0,0,85.6120226681232,182.800008259714,1671.90555685759,398.101870656013,0,0,0,0,0,3.44805279374123,0,0,0,0,0,536.391965180635,0,334.331153601408,0,13853.1867284179,11.5852122306824,1809.35959906876,0,544.421473920345,0,1831.99461714923,17.6312051713467,162.812439247966,0,600.489181146026,3.67809385061264,596.829480201006,19.6342734694481,47.7424405813217,0,35.1508161425591,0,0,0,0,3.66462877392769,97.4280180111527,0,0,0,0,2145.88308343291,25.6365288943052,0,0,0,0,0,0,0.924604296684265,0,238.910790041089,0.11535632610321,326.10449026525,0,220.043998330832,0,0,37.8806855753064,2799.53957968205,3.33419251441956,1213.32102815807,0.847364604473114,1525.39201201499,224.611802533269,0
