0,0,2.02935084700584,0,0,0,0,0,781.436709195375,0,0,0,0,0,15.1668965220451,0,107.4463519454,0.175635233521461,51.7885050773621,0,0,0,0,0,2.27867656946182,0,0,0,0,0,0,0,0,0,0,0,0,1.12856777012348,55.6169920265675,0,0.542316347360611,0,238.31230866909,0,0,0,1.63187257945538,0,9.30924338102341,0,0,0,0,0,42.941317781806,0,4.57264621555805,0,0,0,1.08403359353542,0,0,1.89372612535954,0,0,0,4.7348176240921,0,0.179269269108772,0,0,0,0.503015965223312,0,0,0,0,0,6.37797109782696,0,2.51966431736946,178.551577553153,0,286.887827157974,0,0
0,0,0,131.374365761876,0,16.7463726848364,0,0,0.217403456568718,652.124837547541,0,0,0,0,0,0,0,11.7539158761501,93.4753463715315,0,0,0,0,14.2317527979612,0,0,0,0,0,0,0,0,0,0,0,0.242456823587418,0,68.4394190013409,5.83054903149605,1.49117691814899,0,347.64937466383,0,0,0,9.01002123951912,0,0.196540459990501,0,353.760837689042,0,0.205112591385841,0,0,0,231.503861024976,0,0.187070906162262,0,0,0,82.9297793954611,2.64527526497841,0,0,0,27.071117401123,0,0,0,0,0,0.241124868392944,0,0,0,0,0,22.4454936087132,0,1.75651478767395,0,358.152460560203,0,512.08689083159,0,0
2.02935084700584,0,0,0,291.708599552512,0,0,0,9.94478952884674,0,0,0,0,0,0,0,0.174285963177681,0,5.20656462013721,0,11.1706991791725,0,0,0,2.61446362733841,0,0,0,0,0,0,0,0,0,0,0,6.31271404027939,0,18.3284815102816,0,0.44617748260498,0,133.650634035468,0,0,0,7.77455435693264,0,2.50456576049328,0,265.809294551611,0,0,0,122.022910267115,0,37.0855912193656,0.648259878158569,26.8027494847775,0,48.3300233632326,0,0,5.74096208810806,0,0,0,0.310166269540787,0,0,0,0,0,13.7590209841728,0,0,0,0,0,20.4088220000267,0,11.9521647691727,95.8043376505375,0,351.212688788772,0.245321005582809,0.258825242519379
0,131.374365761876,0,0,0,386.256190642715,0,0,0,11.1787701994181,0,0,0,0,0,0,0,1.51718360185623,2.47201676666737,3.60440504550934,0,0,0,6.82573212683201,0,0,0,0,0,0,0,0,0,0,0,0.341510608792305,0,30.1077309250832,0,2.59112682938576,0,164.24738304317,0,0,0,21.3901661857963,0,0,0,24.2833012789488,0,91.4658092707396,0,0,0,63.9707174152136,0,99.4447768330574,0,0,0,131.788248836994,37.4462589919567,0,0,0,6.67711156606674,0,0,0,0,0,6.32401484251022,0,0,0,0,0,27.7471763715148,0,3.1847235262394,0,52.2028527408838,0,335.033640995622,1.02339400351048,0
0,0,291.708599552512,0,0,0,0,0,6.39856442809105,0,0,0,0,0,0,0,0,0,0.214371830224991,0,103.567322745919,0,0,0,0,0,0,0,0,0,0,0,0,0,0,0,1.49229094386101,0,2.00235311686993,0,0.511699914932251,0,20.4651576727629,0,0,0,17.6284316778183,0,0,0,86.7295307815075,0,0,0,3.98651704192162,0,21.1705219745636,0,0,0,0,0,0,7.5588136613369,0,0,0,0,0,0,0,0,0,9.55217200517654,0,0,0,0,0,23.2842503637075,0,11.8883233368397,32.2631162852049,2,451.24360845983,0,0
0,16.7463726848364,0,386.256190642715,0,0,0,0,0,48.2177228778601,0,11.4633244872093,0,0,0,3.17322015762329,1.00410054624081,0.150178596377373,2.60600574314594,21.8492599725723,0,0,0,13.6851738095284,0,0,0,0,0,0,0,0,0,0,0,0,0,36.0484898239374,0,3.27144987136126,0.354632049798965,65.9660187661648,0,0,0,7.0355322510004,0,0,0,29.9680905044079,0,20.8656767904758,0,0,0,24.9223197996616,0,53.9684443473816,0,0,0,6.80878479778767,9.89737184345722,0,0,0,6.02622938156128,0,0,0,0,0,2.31040042638779,0,0,0,0,0,9.79449528455734,0,2.02967509627342,0,49.7728900611401,0,252.125431403518,1.30132746696472,0
0,0,0,0,0,0,0,0,0,0,0.751196265220642,0,1,0,0,0,0,0,0,0,0,0,0,0,0,0,0,0,0,0,0,0,0,0,0,0,0,0,0,0,0,0,0,0,0,0,0,0,0,0,0,0,0,0,0,0,1.65986526012421,0,19.958785533905,0,0,0,0,0,0,0,0,0,0,0,0,0,0,0,0,0,0,0,0,0,0,0,0.752006411552429,0,0,0,0
0,0,0,0,0,0,0,0,0,0,0,44.5661814212799,0,0,0,0,0,0,0,142.574751853943,0,0,0,0,0,0,0,0,0,0,0,0,0,0,0,0,0,0,0,0,0,0,0,0,0,0,0,0,0,0,0,0,0,77.7901618778706,0,0,0,166.282844230533,0,1,0,0,46.8835439682007,0,0,0,0,0,0,0,0,0,0,0,0,0,0,0,0,0,0,0,0,0,0,0,0
781.436709195375,0.217403456568718,9.94478952884674,0,6.39856442809105,0,0,0,0,0,0,0,0,0,151.111274451017,0,230.814203411341,10.268791154027,6.13235206902027,0,40.0984333157539,0,1.68145464360714,0,573.487378194928,0,127.784733578563,0,0,0,0,0,0,0,0,0,0,0.487893059849739,194.761648923159,0.175425201654434,1.54570627212524,0,169.543022185564,0,0,0,1.04221403598785,0.22510652244091,17.182652682066,0,0,0,0,0,582.576443642378,0,45.4529874175787,0,0,0,10.9921373128891,0,0,2.73328237235546,0,0,0,19.1911642998457,0,74.1624834984541,0,0,0,3.01629222929478,0,0,0,0,0,3.02888776361942,0,33.1063991487026,564.709945484996,0,206.490797519684,0,0.633209422230721
0,652.124837547541,0,11.1787701994181,0,48.2177228778601,0,0,0,0,0,0,0,0,0,423.4483987391,0,4.52063596248627,0.999819234013557,0,0,1.52329386770725,0,369.379166230559,0,1.3026270866394,0,0,0,0,0,0,0,0,0,0,0,159.595963105559,0.857032909989357,0,0,59.9496161341667,0,0,0,0,0,0,0,24.0397160947323,0,2.93297255039215,0,0,0,690.125943765044,0,15.7122471034527,0,0,0,201.038025587797,0,0,0,0,107.189602896571,0,7.7153412103653,0,0,0,0,0,0,0,0,0,1.13702607154846,0,61.5414254665375,0,735.529787138104,219.815590947866,82.6116355657578,1.22864463925362,0
0,0,0,0,0,0,0.751196265220642,0,0,0,0,0,49.9383827447891,0,0,0,0,0,0,0,1172.17267435789,0,0,0,0,0,0,0,0,0,0,0,0,0,0,0,76.4976447820663,0,1371.08534836769,0,0,0,0,0,0,0,0,0,0,0,0,0,0,0,0,0,2099.79228505492,0,759.965170800686,0,0,0,0,32.2305856347084,0,0,0,0,0,0,0,0,0,40.8779592514038,0,0,0,0,0,0,0,0,343.48576271534,0,0,0,0
0,0,0,0,0,11.4633244872093,0,44.5661814212799,0,0,0,0,0,431.502310276031,0,0,0,0,0,1586.81456550956,0,0,0,0,0,0,0,0.363179951906204,0,19.4855694174767,0,0,0,0,0,416.327116519213,0,1009.8450871706,0,0,0,0,0,0,0,0,0,0,0,0,0,3.79155719280243,0,3.53397798538208,0,0,0,2434.1926792711,0,587.795080661774,0,0,315.608357459307,0,0,0,0,0,0,0,0,0,148.143542230129,0,0,0,0,0,7.07131814956665,0,2.60063529014587,0,226.712886750698,0,0,0,0
0,0,0,0,0,0,1,0,0,0,49.9383827447891,0,0,0,43.1268766522408,0,9.43660825490952,0,0,0,0,0,0,0,0,0,13.5970112085342,0,92.629527002573,0,1,0,0,0,0,0,0,0,0,0,0,0,0,0,0,0,0,0,0,0,0,0,0,0,0,0,0,0,826.906552016735,0,0,0,0,0,0,0,0,0,0,0,0,0,0,0,0,0,0,0,0,0,0,0,572.795452415943,647.587000846863,0,0,0
0,0,0,0,0,0,0,0,0,0,0,431.502310276031,0,0,0,186.396260261536,0,0,0,0,0,0,0,0,0,0,0,28.2663345336914,0,12.5191298723221,0,0,0,0,0,0,0,0,0,0,0,0,0,0,0,0,0,0,0,0,0,0,0,0,0,0,0,2.33693890273571,0,672.878844439983,0,4,0,0,0,0,0,0,0,0,0,0,0,0,0,0,0,0,0,0,0,0,613.37844055891,303.094993948936,0,0,0
15.1668965220451,0,0,0,0,0,0,0,151.111274451017,0,0,0,43.1268766522408,0,0,0,4.72345495223999,0,0,0,0,0,0,0,0,0,103.152003586292,0,5.49389839172363,0,0,0,0,0,0,0,0,0,0,0,0,0,0,0,0,0,0,0,0,0,0,0,0,0,1.79813432693481,0,0,0,2.29693484306335,0,31.6313889622688,0,0,0,0,0,0,0,0,5,0,0,0,0,0,0,0,0,0,0,0,0,353.217307269573,237.179438352585,0,0,0
0,0,0,0,0,3.17322015762329,0,0,0,423.4483987391,0,0,0,186.396260261536,0,0,0,0,0,0,0,0,0,37.8153067678213,0,0,0,0,0,0,0,0,0,0,0,0,0,0,0,0,0,0,0,0,0,0,0,0,0,0,0,2.6511127948761,0,0,0,95.617434695363,0,0,0,25.9636764526367,0,85.017539203167,0,0,0,0,0,0,0,0,0,0,0,0,0,0,0,0,0,0,0,0,15.5723971426487,25.9458056688309,0.308594405651093,0,0
107.4463519454,0,0.174285963177681,0,0,1.00410054624081,0,0,230.814203411341,0,0,0,9.43660825490952,0,4.72345495223999,0,0,16299.3438513875,4041.82982254773,0,0,0,11.5906648635864,0,1.89481091499329,0,512.043085575104,0,40.6310013532639,0,0,0,0,0,0,0,0,0,1.64756520092487,68.3632027879357,146.010260127485,74.1427432075143,135.83402723074,0,0.565632492303848,72.6766888126731,140.698090985417,0,1.05895218253136,0,0,0,0,0,1.53618946671486,0,8.68829087913036,3.39083470404148,0,0,0,0,11.4067486152053,23.9035155177116,0,0,0,0,0,51.8166670799255,0,0,0,10.5835700035095,0,0,0,0,96.9449404776096,232.980272933841,3.92522396147251,23.4986167252064,6229.15241189301,2084.19737836719,732.023204475641,5.04836566001177,10.6975525170565
0.175635233521461,11.7539158761501,0,1.51718360185623,0,0.150178596377373,0,0,10.268791154027,4.52063596248627,0,0,0,0,0,0,16299.3438513875,0,4760.68534275889,0,0.713521718978882,89.8887771070004,0,4.1219482421875,0,193.255072966218,4.62092682719231,13.7355360984802,0,0,0,0,0,0,0,0,0,0,0,140.843399189413,52.1108740791678,129.309635676444,43.6841486021876,0,0.9379763007164,102.881790839136,41.2100121155381,0,0,1.1438866853714,0,0,0,0,0,0,0.196676567196846,2.11850389838219,0,0,0,0,26.5074249207973,5.71463120728731,1.41541987657547,0,0,0,0,0,0,0,1.09252846240997,0.125889137387276,0,0,0,0,165.154247231781,52.8631461039186,8.87335459887981,8.84208016097546,8053.4956510514,1153.25474256277,423.810833521187,26.2622167244554,5.58537510037422
51.7885050773621,93.4753463715315,5.20656462013721,2.47201676666737,0.214371830224991,2.60600574314594,0,0,6.13235206902027,0.999819234013557,0,0,0,0,0,0,4041.82982254773,4760.68534275889,0,0,0.822759717702866,0,0,0.778025537729263,0.287800431251526,0,0.156075030565262,0,0,0,0,0,0,0,0,0.854347705841064,0,4.98150488734245,9.31009644269943,418.325918443501,630.709461025894,1247.20023663342,1068.3767497763,0,12.3758563697338,453.883283980191,628.263013496995,0,6.12860342860222,24.2990265786648,0,0,0,0,7.56848649680614,0.509064972400665,21.7157925367355,14.4404903203249,0,0,0,0,104.57288826257,69.1163409948349,0,0,1.75638438761234,0.554207727313042,0,0,0,0,6.69100464880466,7.54874435067177,0,0,0,0,1034.86504349113,1156.04514098912,60.5588443428278,50.0586092099547,5617.0831733942,0.20769202709198,3241.39688184112,127.222551904619,48.7664557024837
0,0,0,3.60440504550934,0,21.8492599725723,0,142.574751853943,0,0,0,1586.81456550956,0,0,0,0,0,0,0,0,0,0,0,0,0,0,0,0,0,0,0,0,0,0,0,973.943011775613,0,224.556199148297,0,0,0,0,0,0,0,9.90641692280769,0,0,0,0,0,0,0,0,0,0,0,421.126730412245,0,0,0,0,983.115023180842,0,0,0,0,0,0,0,0,0,0,0,0,0,0,0,105.227223277092,0,6.74864959716797,0,102.205887123942,0,65.3795349299908,0,0
0,0,11.1706991791725,0,103.567322745919,0,0,0,40.0984333157539,0,1172.17267435789,0,0,0,0,0,0,0.713521718978882,0.822759717702866,0,0,0,0,0,0,0,0,0,0,0,0,0,0,0,0,0,1137.62935937941,0,649.544351294637,0,0.167121604084969,0,0.465916007757187,0,0,0,31.1432826891541,0,0,0,0,0,0,0,0,0,1222.42410445213,0,0,0,0,0,0,849.294528245926,0,0,0,0,0,0,0,0,0,0,0,0,0,0,0,285.187645733356,0,2.57108806073666,269.986855939031,0.364844769239426,150.174577444792,0,0
0,0,0,0,0,0,0,0,0,1.52329386770725,0,0,0,0,0,0,0,89.8887771070004,0,0,0,0,476.356881126761,368.255249559879,0,182.888394638896,0,87.2262631654739,0,0,0,0,0,0,0.517721340060234,0,0,2441.06683726609,99.703779950738,0,0,0,0,0,0,0,0,0,0,2.6292373239994,0,0,0,0,0,0.284312814474106,0,0,0,0,0,0,0,0,7108.31779672205,254.07582859695,561.87685008347,0,293.61079671979,0,37.0624458491802,0,0,0,0,0,0,0,0,0,830.496266052127,43.0928526669741,1462.8706689626,351.262519642711,0,0,0
0,0,0,0,0,0,0,0,1.68145464360714,0,0,0,0,0,0,0,11.5906648635864,0,0,0,0,476.356881126761,0,0.455022633075714,139.542580679059,0,68.7672009170055,0,233.338282346725,0,0,0,0,0.279153972864151,0,0,0,36.771391838789,601.914209380746,0,0,0,0,0,0,0,0,0.406358793377876,0,0.23662494122982,0,0,0,0,0.89359013736248,0,0,0,0,0,0,0,0,0,0.295779496431351,5684.26651409268,0.712289661169052,61.2387434989214,0,522.962478935719,0,28.8426607847214,0,0,0,0,0,0,0,0,26.7915940731764,898.875225484371,1425.52082276344,264.666350752115,0,0,0
0,14.2317527979612,0,6.82573212683201,0,13.6851738095284,0,0,0,369.379166230559,0,0,0,0,0,37.8153067678213,0,4.1219482421875,0.778025537729263,0,0,368.255249559879,0.455022633075714,0,0,206.031240001321,0,0,0,0,0,0,0,0,0,0,0,574.487706333399,0.209690570831299,0,0,1.33368782699108,0,0,0,0,0,0,0,12.7797150611877,0,0,0,0,0,367.87826217711,0,5.57793962955475,0,0,0,267.832393139601,0,0,37.6905821114779,0,1312.31105180085,0,281.713218614459,0,0,0,0,0,0,0,0.228146180510521,0,0,0,387.057242870331,0,612.493252754211,0.255932658910751,74.7764842063189,0,0
2.27867656946182,0,2.61446362733841,0,0,0,0,0,573.487378194928,0,0,0,0,0,0,0,1.89481091499329,0,0.287800431251526,0,0,0,139.542580679059,0,0,0,466.113015770912,0,0,0,0,0,0,0,0,0,0,0.840664237737656,1019.94871509075,0,0,0,0,0,0,0,0,1.3697381913662,1.85156051814556,0,0,0,0,0,288.42820315063,0,0,0,0,0,0,0,0,0,0,29.6881372928619,0,1500.62957635522,0,443.439971268177,0,0,0,0,0,0,0,0,0.212639510631561,0,0.207244798541069,354.711160972714,439.095987260342,0,24.4808912277222,0,0
0,0,0,0,0,0,0,0,0,1.3026270866394,0,0,0,0,0,0,0,193.255072966218,0,0,0,182.888394638896,0,206.031240001321,0,0,0,12.3778667449951,0,0,0,0,0,0,0,0,0,23.4515041708946,0,0,0,0,0,0,0,0,0,0,0,0,0,0,0,0,0,0,0,0,0,4.14974999427795,0,0,0,0,10.9599633812904,0,450.997729286551,0,686.521983280778,0,36.3641738593578,0,0,0,0,0,0,0,0,0,42.8774616867304,0,240.395590007305,0,0,0,0
0,0,0,0,0,0,0,0,127.784733578563,0,0,0,13.5970112085342,0,103.152003586292,0,512.043085575104,4.62092682719231,0.156075030565262,0,0,0,68.7672009170055,0,466.113015770912,0,0,0,14.2988689690828,0,0,0,0,0,0,0,0,0,0,0,0,0,0,0,0,0,0,0,0,0,0,0,0,0,20.2869492769241,0,0,0,0,0,0,0,0,0,0,70.5353569984436,0,102.337661534548,0,295.079328373075,0,18.2591240555048,0,0,0,0,0,0,0,0,0,0,295.24043443799,0,0,0,0
0,0,0,0,0,0,0,0,0,0,0,0.363179951906204,0,28.2663345336914,0,0,0,13.7355360984802,0,0,0,87.2262631654739,0,0,0,12.3778667449951,0,0,0,62.13078597188,0,0,0,0,0,0,0,11.8571414351463,0,0,0,0,0,0,0,0,0,0,0,0,0,0,0,0,0,0,0,0,0,8.73017483949661,0,0,0,0,31.6214227676392,0,0,0,22.0331344008446,0,2313.79100947082,0,2.98784857988358,0,0,0,0,0,0,0,0,0,370.685591340065,24.0782256126404,0,0,0
0,0,0,0,0,0,0,0,0,0,0,0,92.629527002573,0,5.49389839172363,0,40.6310013532639,0,0,0,0,0,233.338282346725,0,0,0,14.2988689690828,0,0,0,58.8100811243057,0,0,0,0,0,0,0,2.69684815406799,0,0,0,0,0,0,0,0,0,0,0,0,0,0,0,0,0,5.76962661743164,0,90.1751611530781,0,0,0,0,0,0,0.731554508209229,0,0,0,7.35121937096119,0,2666.18503922224,0,2.06330513954163,0,0,0,0,0,0,0,4.23223531246185,737.005572915077,49.1117672920227,0,0,0
0,0,0,0,0,0,0,0,0,0,0,19.4855694174767,0,12.5191298723221,0,0,0,0,0,0,0,0,0,0,0,0,0,62.13078597188,0,0,0,0,0,0,0,0,0,35.5634425878525,0,0,0,0,0,0,0,0,0,0,0,0,0,0,0,0,0,0,0,14.3476963043213,0,0,0,0,0,0,0,0,0,0,0,0,127.244896650314,0,757.075311288238,0,0,0,0,0,0,0,0,0,1,0,0,0,0
0,0,0,0,0,0,0,0,0,0,0,0,1,0,0,0,0,0,0,0,0,0,0,0,0,0,0,0,58.8100811243057,0,0,0,0,0,0,0,0,0,23.3546299636364,0,0,0,0,0,0,0,0,0,0,0,0,0,0,0,0,0,4.87884140014648,0,2,0,0,0,0,0,0,0,0,0,0,0,0,36.0624980926514,0,1505.24525278807,0,0,0,0,0,0,0,9.44066441059113,0,0,0,0,0
0,0,0,0,0,0,0,0,0,0,0,0,0,0,0,0,0,0,0,0,0,0,0,0,0,0,0,0,0,0,0,0,1566.91256093979,133.539306402206,0,324.195172548294,28.2802629172802,0,0,0,0,0,0,0,0,0,0,784.511511087418,0.816997647285461,0,0,0,0,0,0,0,0,0,0,0,0,0,0,0,0,0,0,0,0,0,0,0,0,0,840.430837377906,180.409852862358,40.584103167057,25.228240698576,261.003303050995,50.5108754038811,0,0,141.323612689972,0,0,0,0
0,0,0,0,0,0,0,0,0,0,0,0,0,0,0,0,0,0,0,0,0,0,0,0,0,0,0,0,0,0,0,1566.91256093979,0,0,18.899898737669,76.3939909934998,50.3520075678825,0,0,0,0,0,0,0,0,0,0,618.44622901082,1.37341666221619,0,0,0,0,0,0,0,0,0,0,0,0,0,0,0,0,0,0,0,0,0,0,0,0,0,879.321060687304,799.146452941,0,76.9666685163975,44.3632715344429,75.9884921461344,0,0,188.391904592514,0,0,0,0
0,0,0,0,0,0,0,0,0,0,0,0,0,0,0,0,0,0,0,0,0,0,0.279153972864151,0,0,0,0,0,0,0,0,133.539306402206,0,0,1684.67900013924,494.675402417779,0,537.65449552238,97.611772865057,0,0,0,0,0,0,0,0,1072.56747706234,4.04473334550858,0,0,0,0,0,0,0,0,0,0,0,0,0,0,0,0,0,0,0,0,0,0,0,0,0,42.6384471058846,0,2213.86063292623,1415.40640497208,206.888619214296,0.739507853984833,874.531917750835,9.91591030359268,184.463894993067,0,0,0,0
0,0,0,0,0,0,0,0,0,0,0,0,0,0,0,0,0,0,0,0,0,0.517721340060234,0,0,0,0,0,0,0,0,0,0,18.899898737669,1684.67900013924,0,13.1124346256256,77.9049500524998,19.0748515576124,77.1272405833006,0,0,0,0,0,0,0,0,381.40671120584,0.954468727111816,1.26581108570099,0,0,0,0,0,0,0,0,0,0,0,0,0,0,0,0,0,0,0,0,0,0,0,0,0,2,1235.69177687168,1444.34644594789,0,79.6275519132614,1.73453319072723,496.52275647223,451.2773886621,2.25290414690971,0,0,0
0,0.242456823587418,0,0.341510608792305,0,0,0,0,0,0,0,416.327116519213,0,0,0,0,0,0,0.854347705841064,973.943011775613,0,0,0,0,0,0,0,0,0,0,0,324.195172548294,76.3939909934998,494.675402417779,13.1124346256256,0,1585.38831043243,2313.22737489641,37.3037571907043,22.1801811009645,0,61.9246713295579,0,0,0,166.325108319521,0,675.243519216776,1.27563440799713,6.20297765731812,0,0,0,0,0,0,0,147.808823399246,0,0,0,0,1118.15364545584,0.116619862616062,0,0,0,0,0,0,0,0,0.516425728797913,0,359.020084559917,0,178.373932018876,0,9700.83252950758,371.942751765251,2308.58188180625,0,2023.88931162655,32.8069803714752,382.30410182476,0,0
0,0,6.31271404027939,0,1.49229094386101,0,0,0,0,0,76.4976447820663,0,0,0,0,0,0,0,0,0,1137.62935937941,0,0,0,0,0,0,0,0,0,0,28.2802629172802,50.3520075678825,0,77.9049500524998,1585.38831043243,0,3.71071672439575,1651.54232634604,0,17.3150370270014,0,17.7162576764822,0,0,0,67.2863009795547,391.72707810998,6.01268348097801,0,0.551633208990097,0,0,0,0,0,139.212668411434,0,0,0,0,0,0,1218.21021583676,0,0,0,0,0,0,0,0,0,0.289265766739845,0,4.8842306137085,0,47.0293028056622,311.613217875361,10700.5824565962,0,2777.11350325495,1429.76957245171,4.37722158432007,433.451795935631,0,0
1.12856777012348,68.4394190013409,0,30.1077309250832,0,36.0484898239374,0,0,0.487893059849739,159.595963105559,0,1009.8450871706,0,0,0,0,0,0,4.98150488734245,224.556199148297,0,2441.06683726609,36.771391838789,574.487706333399,0.840664237737656,23.4515041708946,0,11.8571414351463,0,35.5634425878525,0,0,0,537.65449552238,19.0748515576124,2313.22737489641,3.71071672439575,0,1472.21440677345,1.53685118257999,0,34.9235024452209,0,0,0,91.1990288496017,0,259.870577290654,0.322636887431145,347.761277288198,0,1.20618772506714,0,0,0,30.8402328044176,0,412.543018952012,0,0,0,1.26761186122894,163.560190349817,0,307.818406000733,2.48664338886738,459.690415650606,1.58657070994377,8.2066695690155,0,0,0,190.30994784832,0,0,0,227.619716569781,0.302636563777924,690.367105782032,0,12013.8051879406,306.104304343462,2653.67852959037,1.63334102928638,116.113791897893,0,0
55.6169920265675,5.83054903149605,18.3284815102816,0,2.00235311686993,0,0,0,194.761648923159,0.857032909989357,1371.08534836769,0,0,0,0,0,1.64756520092487,0,9.31009644269943,0,649.544351294637,99.703779950738,601.914209380746,0.209690570831299,1019.94871509075,0,0,0,2.69684815406799,0,23.3546299636364,0,0,97.611772865057,77.1272405833006,37.3037571907043,1651.54232634604,1472.21440677345,0,0,3.48043590784073,0,18.6820632666349,0,0,0,40.2317697703838,1353.83815148473,406.349278315902,1.58673602342606,0,0,0,0,36.7302899062634,0.853267699480057,1372.11259290576,0,0,0,0,0,0,204.90852535516,4.05908960103989,100.533754810691,1.56533254683018,518.942802205682,0,0,0,176.366901159286,0,75.2376548945904,0,0,17.4290964007378,86.8220321983099,0,125.009952224791,367.885900005698,13432.062703982,2383.1100608781,2.56379510462284,66.7100831717253,0,0
0,1.49117691814899,0,2.59112682938576,0,3.27144987136126,0,0,0.175425201654434,0,0,0,0,0,0,0,68.3632027879357,140.843399189413,418.325918443501,0,0,0,0,0,0,0,0,0,0,0,0,0,0,0,0,22.1801811009645,0,1.53685118257999,0,0,51.7567209750414,1571.48997130245,9.57565461844206,0,0,497.71161416918,4.00935181230307,457.824173599482,523.414826333523,1535.3175265491,0,0.155268788337708,0,0,0,0,0,4.04910551011562,0,0,0,0,26.9466394931078,0.280066668987274,0,0,0,0,0,0,0,0,2.70797422528267,0,0,0,0,0,934.992401532829,1.60289762914181,15.0598271489143,1.4787015914917,438.465185716748,2.92031777650118,1602.19081705064,44.9869759604335,1.32203124463558
0.542316347360611,0,0.44617748260498,0,0.511699914932251,0.354632049798965,0,0,1.54570627212524,0,0,0,0,0,0,0,146.010260127485,52.1108740791678,630.709461025894,0,0.167121604084969,0,0,0,0,0,0,0,0,0,0,0,0,0,0,0,17.3150370270014,0,3.48043590784073,51.7567209750414,0,10.5875969827175,1935.94029089808,0,15.3172661736608,6.83177407830954,569.916272640228,391.103713497519,1637.53080613911,29.4475182890892,0.37515053153038,0,0,0,0,0,5.9756870418787,0,0,0,0,0,1.34300509095192,61.8743526786566,0,0,0,0,0,0,0,0,0,1.77838695049286,0,10.2026174962521,0,0,4.91332550346851,538.407453581691,0.0949070453643799,23.8417562022805,585.744553662837,1.26403078436852,1274.89212571084,0,23.3295365124941
0,347.64937466383,0,164.24738304317,0,65.9660187661648,0,0,0,59.9496161341667,0,0,0,0,0,0,74.1427432075143,129.309635676444,1247.20023663342,0,0,0,0,1.33368782699108,0,0,0,0,0,0,0,0,0,0,0,61.9246713295579,0,34.9235024452209,0,1571.48997130245,10.5875969827175,0,285.776863127947,0,1.17950561642647,234.28452398628,7.47648526728153,0.562079951167107,2.0316606760025,857.709514558315,0,0.776500672101974,0,0,0,11.4631563872099,0,195.29528927803,0,0,0,4.47474670410156,57.6339555755258,0.33654873073101,0,0,3.70839370787144,0,0,0,0,0,3.03058309853077,0,0,0,0,0,770.647691294551,8.25067256391048,64.3961648195982,1.54633045196533,2513.05652805418,77.7942426353693,5119.3966332525,416.113315910101,0.713192507624626
238.31230866909,0,133.650634035468,0,20.4651576727629,0,0,0,169.543022185564,0,0,0,0,0,0,0,135.83402723074,43.6841486021876,1068.3767497763,0,0.465916007757187,0,0,0,0,0,0,0,0,0,0,0,0,0,0,0,17.7162576764822,0,18.6820632666349,9.57565461844206,1935.94029089808,285.776863127947,0,0,88.7514281719923,8.29358214139938,734.453216806054,0,884.590223446488,7.28484223783016,0.944443136453629,0,0,0,79.7604616582394,0,399.849542289972,0,0,0,15.8016031831503,0,1.23451517522335,141.143881075084,0,0,0,0,0,0,0,0,0,15.0551668405533,0,0,0,0,4.42903674393892,593.653654046357,0.209299489855766,10.9168766736984,2204.21646364033,21.2566359266639,3863.30852086097,0,103.751581966877
0,0,0,0,0,0,0,0,0,0,0,0,0,0,0,0,0,0,0,0,0,0,0,0,0,0,0,0,0,0,0,0,0,0,0,0,0,0,0,0,0,0,0,0,0,0,0,0,0,0,0,0,0,0,0,0,0,0,0,0,0,0,0,0,0,0,0,0,0,0,0,0,0,0,0,0,0,0,0,0,0,0,0,0,0,0,0
0,0,0,0,0,0,0,0,0,0,0,0,0,0,0,0,0.565632492303848,0.9379763007164,12.3758563697338,0,0,0,0,0,0,0,0,0,0,0,0,0,0,0,0,0,0,0,0,0,15.3172661736608,1.17950561642647,88.7514281719923,0,0,0,5.72753477841616,0,0,0,0,0,0,0,0,0,0,0,0,0,0,0,0,2.10753321647644,0,0,0,0,0,0,0,0,0,0,0,0,0,0,0,8.85482943058014,0,0.13923254609108,15.4886187165976,0.171100169420242,15.5487081110477,0,2.48556014895439
0,9.01002123951912,0,21.3901661857963,0,7.0355322510004,0,0,0,0,0,0,0,0,0,0,72.6766888126731,102.881790839136,453.883283980191,9.90641692280769,0,0,0,0,0,0,0,0,0,0,0,0,0,0,0,166.325108319521,0,91.1990288496017,0,497.71161416918,6.83177407830954,234.28452398628,8.29358214139938,0,0,0,2.36660158634186,0,0,0.905290707945824,0,0,0,0,0,0.600480914115906,0,40.2232643812895,0,0,0,0.516370832920074,1501.18113007396,0.226427040994167,0,0,0,0,0,0,0,0,8.641092851758,0,0,0,0,0,1231.2422221005,7.80302811414003,213.240722730756,0.491352140903473,435.136408351362,0.787292152643204,971.84439765662,8.37530505657196,0
1.63187257945538,0,7.77455435693264,0,17.6284316778183,0,0,0,1.04221403598785,0,0,0,0,0,0,0,140.698090985417,41.2100121155381,628.263013496995,0,31.1432826891541,0,0,0,0,0,0,0,0,0,0,0,0,0,0,0,67.2863009795547,0,40.2317697703838,4.00935181230307,569.916272640228,7.47648526728153,734.453216806054,0,5.72753477841616,2.36660158634186,0,0,0.961615443229675,0,0.821931958198547,0,0,0,0,0,12.4311408475041,0,0,0,0,0,0.224008828401566,1740.95763519406,0,0,0,0,0,0,0,0,0,4.95991546660662,0,0,0,0,6.10199642181396,1374.79151140898,0,346.871061705053,501.319625549018,2.13398837298155,1135.32592892647,0.136356264352798,6.50240107625723
0,0.196540459990501,0,0,0,0,0,0,0.22510652244091,0,0,0,0,0,0,0,0,0,0,0,0,0,0.406358793377876,0,1.3697381913662,0,0,0,0,0,0,784.511511087418,618.44622901082,1072.56747706234,381.40671120584,675.243519216776,391.72707810998,259.870577290654,1353.83815148473,457.824173599482,391.103713497519,0.562079951167107,0,0,0,0,0,0,4661.63920811564,2236.91169776022,0,0,0,0,0,0,0,0,0,0,0,0,0,0,0,0,0,0,0,0,0,0,0,0,77.4268918931484,3439.06722401828,458.355828464031,62.1801310181618,1159.28819206357,2091.14520451427,0,39.456511028111,3554.57424491644,1.05978634953499,105.158574163914,0,0
9.30924338102341,0,2.50456576049328,0,0,0,0,0,17.182652682066,0,0,0,0,0,0,0,1.05895218253136,0,6.12860342860222,0,0,0,0,0,1.85156051814556,0,0,0,0,0,0,0.816997647285461,1.37341666221619,4.04473334550858,0.954468727111816,1.27563440799713,6.01268348097801,0.322636887431145,406.349278315902,523.414826333523,1637.53080613911,2.0316606760025,884.590223446488,0,0,0,0.961615443229675,4661.63920811564,0,1303.82068023086,0,0,0,0,20.053588539362,0,9.29824508726597,0,0,0,20.8349593728781,0,0,0.465093269944191,0,0,0,1.2751299738884,0,0,0,0,0,2.10244204103947,0,19.2748981714249,0,0,5.03857117891312,201.483129948378,0,101.213326871395,3897.35036638379,0.331224516034126,1288.49446263909,0.446869552135468,0
0,353.760837689042,0,24.2833012789488,0,29.9680905044079,0,0,0,24.0397160947323,0,0,0,0,0,0,0,1.1438866853714,24.2990265786648,0,0,2.6292373239994,0.23662494122982,12.7797150611877,0,0,0,0,0,0,0,0,0,0,1.26581108570099,6.20297765731812,0,347.761277288198,1.58673602342606,1535.3175265491,29.4475182890892,857.709514558315,7.28484223783016,0,0,0.905290707945824,0,2236.91169776022,1303.82068023086,0,0,0,0,0,0,4.56636330485344,0,74.1313896626234,0,0,0,28.3629007488489,9.09699545800686,0,0.768905907869339,0,7.81861186027527,0,0,0,0,0,2.04294633865356,0,0,0,0,0,531.330802842975,0,139.280406564474,1.06442268192768,4179.95895240456,1.05648294836283,914.183178275824,1.88792639970779,0
0,0,265.809294551611,0,86.7295307815075,0,0,0,0,0,0,0,0,0,0,0,0,0,0,0,0,0,0,0,0,0,0,0,0,0,0,0,0,0,0,0,0.551633208990097,0,0,0,0.37515053153038,0,0.944443136453629,0,0,0,0.821931958198547,0,0,0,0,0,0,0,11.9100072383881,0,258.915099978447,0,3.46786952018738,0,21.3875197917223,0,0,0,0,0,0,0,0,0,0,0,0,0,0,0,0,0,0,1.98367369174957,0,0,69.7472827136517,0,248.584410130978,0,0
0,0.205112591385841,0,91.4658092707396,0,20.8656767904758,0,0,0,2.93297255039215,0,3.79155719280243,0,0,0,2.6511127948761,0,0,0,0,0,0,0,0,0,0,0,0,0,0,0,0,0,0,0,0,0,1.20618772506714,0,0.155268788337708,0,0.776500672101974,0,0,0,0,0,0,0,0,0,0,0,0,0,41.0138300359249,0,532.919748723507,0,0.81154927611351,0,97.0701631009579,0,0,0,0,0,0,0,0,0,0,0,0,0,0,0,0,0,0,0,0,5.46999329328537,0,80.7282468229532,0,0
0,0,0,0,0,0,0,0,0,0,0,0,0,0,0,0,0,0,0,0,0,0,0,0,0,0,0,0,0,0,0,0,0,0,0,0,0,0,0,0,0,0,0,0,0,0,0,0,0,0,0,0,0,0,0,0,152.519730329514,0,0,0,0,0,0,0,0,0,0,0,0,0,0,0,0,0,0,0,0,0,0,0,0,0,0,0,0,0,0
0,0,0,0,0,0,0,77.7901618778706,0,0,0,3.53397798538208,0,0,0,0,0,0,0,0,0,0,0,0,0,0,0,0,0,0,0,0,0,0,0,0,0,0,0,0,0,0,0,0,0,0,0,0,0,0,0,0,0,0,0,0,0,157.96020758152,0,0,0,0,0,0,0,0,0,0,0,0,0,0,0,0,0,0,0,0,0,0,0,0,0,0,0,0,0
42.941317781806,0,122.022910267115,0,3.98651704192162,0,0,0,582.576443642378,0,0,0,0,0,1.79813432693481,0,1.53618946671486,0,7.56848649680614,0,0,0,0.89359013736248,0,288.42820315063,0,20.2869492769241,0,0,0,0,0,0,0,0,0,0,0,36.7302899062634,0,0,0,79.7604616582394,0,0,0,0,0,20.053588539362,0,11.9100072383881,0,0,0,0,0,22.5079297274351,0,4.16684338450432,0,30.5806267112494,0,0,0,0,0,0,170.861592113972,0,10.4662212133408,0,0,0,2.10705471038818,0,0,0,0,0,2.3458788394928,0,45.5357418060303,34.2174255996943,0,87.0735135674477,0,0
0,231.503861024976,0,63.9707174152136,0,24.9223197996616,0,0,0,690.125943765044,0,0,0,0,0,95.617434695363,0,0,0.509064972400665,0,0,0.284312814474106,0,367.87826217711,0,0,0,0,0,0,0,0,0,0,0,0,0,30.8402328044176,0.853267699480057,0,0,11.4631563872099,0,0,0,0.600480914115906,0,0,0,4.56636330485344,0,41.0138300359249,0,0,0,0,0,2.08144128322601,0,0,0,96.576628908515,0,0,0,0,166.617627978325,0,1.10202631354332,0,0,0,0,0,0,0,0,0,0,0,46.387592792511,0,44.0401323884726,2.454066157341,21.4779310524464,0,0
4.57264621555805,0,37.0855912193656,0,21.1705219745636,0,1.65986526012421,0,45.4529874175787,0,2099.79228505492,0,0,0,0,0,8.68829087913036,0.196676567196846,21.7157925367355,0,1222.42410445213,0,0,0,0,0,0,0,5.76962661743164,0,4.87884140014648,0,0,0,0,0,139.212668411434,0,1372.11259290576,0,5.9756870418787,0,399.849542289972,0,0,0,12.4311408475041,0,9.29824508726597,0,258.915099978447,0,152.519730329514,0,22.5079297274351,0,0,0,191.90263608098,0,4.41341611742973,0,0,288.620041847229,0,0,0,1.3903501033783,0,0,0,0,0,17.1838681548834,0,0,0,0,0,6.52699489146471,0,0,408.399928748608,0,740.049337387085,0,0.776447415351868
0,0.187070906162262,0.648259878158569,99.4447768330574,0,53.9684443473816,0,166.282844230533,0,15.7122471034527,0,2434.1926792711,0,2.33693890273571,0,0,3.39083470404148,2.11850389838219,14.4404903203249,421.126730412245,0,0,0,5.57793962955475,0,0,0,0,0,14.3476963043213,0,0,0,0,0,147.808823399246,0,412.543018952012,0,4.04910551011562,0,195.29528927803,0,0,0,40.2232643812895,0,0,0,74.1313896626234,0,532.919748723507,0,157.96020758152,0,2.08144128322601,0,0,0,81.7469026148319,0,25.863971143961,819.600936129689,0,0,0,1.06438139081001,0,0,0,0,0,79.0274526327848,0,0,0,0,0,32.834624171257,0,2.24862685799599,0,167.946545526385,0,675.882259711623,1.44054374098778,0
0,0,26.8027494847775,0,0,0,19.958785533905,0,0,0,759.965170800686,0,826.906552016735,0,2.29693484306335,0,0,0,0,0,0,0,0,0,0,0,0,0,90.1751611530781,0,2,0,0,0,0,0,0,0,0,0,0,0,0,0,0,0,0,0,0,0,3.46786952018738,0,0,0,4.16684338450432,0,191.90263608098,0,0,0,58.5717225074768,0,0,0,0,0,0,0,0,0,0,0,0,0,0,0,0,0,0,0,0,0,294.488307833672,19.504703938961,9.64641219377518,0,0
0,0,0,0,0,0,0,1,0,0,0,587.795080661774,0,672.878844439983,0,25.9636764526367,0,0,0,0,0,0,0,0,0,4.14974999427795,0,8.73017483949661,0,0,0,0,0,0,0,0,0,0,0,0,0,0,0,0,0,0,0,0,0,0,0,0.81154927611351,0,0,0,0,0,81.7469026148319,0,0,0,1.9756044447422,0,0,0,0,0,0,0,0,25.5716309547424,0,0,0,0,0,0,0,0,0,0,0,331.149884700775,2,0,0,0
1.08403359353542,0,48.3300233632326,0,0,0,0,0,10.9921373128891,0,0,0,0,0,31.6313889622688,0,0,0,0,0,0,0,0,0,0,0,0,0,0,0,0,0,0,0,0,0,0,0,0,0,0,0,15.8016031831503,0,0,0,0,0,20.8349593728781,0,21.3875197917223,0,0,0,30.5806267112494,0,4.41341611742973,0,58.5717225074768,0,0,0,0,0.295309752225876,0,0,0,0,0,0,0,0,0,0,0,0,0,0,0,0,0,0,20.1182816028595,23.1621165275574,70.3102153092623,0,0
0,82.9297793954611,0,131.788248836994,0,6.80878479778767,0,0,0,201.038025587797,0,0,0,4,0,85.017539203167,0,0,0,0,0,0,0,267.832393139601,0,0,0,0,0,0,0,0,0,0,0,0,0,1.26761186122894,0,0,0,4.47474670410156,0,0,0,0.516370832920074,0,0,0,28.3629007488489,0,97.0701631009579,0,0,0,96.576628908515,0,25.863971143961,0,1.9756044447422,0,0,0,0,0,0,1.54463225603104,0,1.15556156635284,0,0,0,0,0,0,0,0,0,0,0,0.935533553361893,0,139.974504798651,0,9.76548497378826,0,0
0,2.64527526497841,0,37.4462589919567,0,9.89737184345722,0,46.8835439682007,0,0,0,315.608357459307,0,0,0,0,11.4067486152053,26.5074249207973,104.57288826257,983.115023180842,0,0,0,0,0,0,0,0,0,0,0,0,0,0,0,1118.15364545584,0,163.560190349817,0,26.9466394931078,1.34300509095192,57.6339555755258,1.23451517522335,0,0,1501.18113007396,0.224008828401566,0,0,9.09699545800686,0,0,0,0,0,0,0,819.600936129689,0,0,0,0,0,0,0,0,0,0,0,0,0,0,101.509822122753,0,0,0,0,0,313.205674901605,0,275.628284439445,0.673755288124084,258.021873220801,0.343024112284184,1787.87290194631,4.85513562709093,0.28739058971405
1.89372612535954,0,5.74096208810806,0,7.5588136613369,0,0,0,2.73328237235546,0,32.2305856347084,0,0,0,0,0,23.9035155177116,5.71463120728731,69.1163409948349,0,849.294528245926,0,0,0,0,0,0,0,0,0,0,0,0,0,0,0.116619862616062,1218.21021583676,0,204.90852535516,0.280066668987274,61.8743526786566,0.33654873073101,141.143881075084,0,2.10753321647644,0.226427040994167,1740.95763519406,0,0.465093269944191,0,0,0,0,0,0,0,288.620041847229,0,0,0,0.295309752225876,0,0,0,0,0,0,0,0,0,0,0,0,5.12059620767832,0,0,0,0,0,756.914769485593,0,96.8321018740535,384.601502783597,0.145426660776138,1033.40417307615,0,2.81732421368361
0,0,0,0,0,0,0,0,0,0,0,0,0,0,0,0,0,1.41541987657547,0,0,0,7108.31779672205,0.295779496431351,37.6905821114779,0,10.9599633812904,0,31.6214227676392,0,0,0,0,0,0,0,0,0,307.818406000733,4.05908960103989,0,0,0,0,0,0,0,0,0,0,0.768905907869339,0,0,0,0,0,0,0,0,0,0,0,0,0,0,0,0,113.076688691974,0,6.25930908322334,0,2.00383412837982,0,0,0,0,0,0,0,0,0,84.6918127834797,1.04418876767159,340.124646663666,62.3413090109825,0,0,0
0,0,0,0,0,0,0,0,0,0,0,0,0,0,0,0,0,0,0,0,0,254.07582859695,5684.26651409268,0,29.6881372928619,0,70.5353569984436,0,0.731554508209229,0,0,0,0,0,0,0,0,2.48664338886738,100.533754810691,0,0,0,0,0,0,0,0,0,0,0,0,0,0,0,0,0,0,0,0,0,0,0,0,0,0,0,0,34.3107945621014,0,154.155372709036,0,50.9270598292351,0,0,0,0,0,0,0,0,2.97286680340767,70.1881094574928,108.56898804009,90.6017217636108,0,0,0
0,27.071117401123,0,6.67711156606674,0,6.02622938156128,0,0,0,107.189602896571,0,0,0,0,0,0,0,0,1.75638438761234,0,0,561.87685008347,0.712289661169052,1312.31105180085,0,450.997729286551,0,0,0,0,0,0,0,0,0,0,0,459.690415650606,1.56533254683018,0,0,3.70839370787144,0,0,0,0,0,0,0,7.81861186027527,0,0,0,0,0,166.617627978325,0,1.06438139081001,0,0,0,1.54463225603104,0,0,113.076688691974,0,0,0,144.863502398133,0,0,0,0,0,0,0,0,0,0,0,366.782747194171,0.813552692532539,70.6587569713593,0,124.982386410236,0,0
4.7348176240921,0,0.310166269540787,0,0,0,0,0,19.1911642998457,0,0,0,0,0,0,0,0,0,0.554207727313042,0,0,0,61.2387434989214,0,1500.62957635522,0,102.337661534548,0,0,0,0,0,0,0,0,0,0,1.58657070994377,518.942802205682,0,0,0,0,0,0,0,0,0,1.2751299738884,0,0,0,0,0,170.861592113972,0,1.3903501033783,0,0,0,0,0,0,0,0,34.3107945621014,0,0,0,16.1751896440983,0,0,0,0,0,0,0,0,0,0,0,296.290632560849,172.082335576415,0,24.5529431700706,0,0
0,0,0,0,0,0,0,0,0,7.7153412103653,0,0,0,0,0,0,0,0,0,0,0,293.61079671979,0,281.713218614459,0,686.521983280778,0,22.0331344008446,0,0,0,0,0,0,0,0,0,8.2066695690155,0,0,0,0,0,0,0,0,0,0,0,0,0,0,0,0,0,1.10202631354332,0,0,0,0,0,1.15556156635284,0,0,6.25930908322334,0,144.863502398133,0,0,0,1.79651595652103,0,0,0,0,0,0,0,0,0,20.8922113925219,0,30.3025446534157,0,0,0,0
0.179269269108772,0,0,0,0,0,0,0,74.1624834984541,0,0,0,0,0,5,0,51.8166670799255,0,0,0,0,0,522.962478935719,0,443.439971268177,0,295.079328373075,0,7.35121937096119,0,0,0,0,0,0,0,0,0,0,0,0,0,0,0,0,0,0,0,0,0,0,0,0,0,10.4662212133408,0,0,0,0,0,0,0,0,0,0,154.155372709036,0,16.1751896440983,0,0,0,70.520211905241,0,0,0,0,0,0,0,0,0,0,83.4831570982933,0,0,0,0
0,0,0,0,0,0,0,0,0,0,0,0,0,0,0,0,0,0,0,0,0,37.0624458491802,0,0,0,36.3641738593578,0,2313.79100947082,0,127.244896650314,0,0,0,0,0,0,0,0,0,0,0,0,0,0,0,0,0,0,0,0,0,0,0,0,0,0,0,0,0,25.5716309547424,0,0,0,0,2.00383412837982,0,0,0,1.79651595652103,0,0,0,118.305054962635,0,0,0,0,0,0,0,43.6432058811188,0,108.257090583444,0,0,0,0
0,0,0,0,0,0,0,0,0,0,0,0,0,0,0,0,0,0,0,0,0,0,28.8426607847214,0,0,0,18.2591240555048,0,2666.18503922224,0,36.0624980926514,0,0,0,0,0,0,0,176.366901159286,0,0,0,0,0,0,0,0,0,0,0,0,0,0,0,0,0,0,0,0,0,0,0,0,0,0,50.9270598292351,0,0,0,70.520211905241,0,0,0,0,0,0,0,0,0,0,0,4.33603191375732,127.059478163719,0,0,0,0
0,0.241124868392944,0,6.32401484251022,0,2.31040042638779,0,0,0,0,0,148.143542230129,0,0,0,0,0,1.09252846240997,6.69100464880466,0,0,0,0,0,0,0,0,2.98784857988358,0,757.075311288238,0,0,0,0,0,0.516425728797913,0,190.30994784832,0,2.70797422528267,0,3.03058309853077,0,0,0,8.641092851758,0,0,0,2.04294633865356,0,0,0,0,0,0,0,79.0274526327848,0,0,0,0,101.509822122753,0,0,0,0,0,0,0,118.305054962635,0,0,0,0,0,0,0,18.1675439476967,0,1.04562211036682,0,20.9004813581705,0,181.078041747212,0,0
0.503015965223312,0,13.7590209841728,0,9.55217200517654,0,0,0,3.01629222929478,0,40.8779592514038,0,0,0,0,0,10.5835700035095,0.125889137387276,7.54874435067177,0,0,0,0,0,0,0,0,0,2.06330513954163,0,1505.24525278807,0,0,0,0,0,0.289265766739845,0,75.2376548945904,0,1.77838695049286,0,15.0551668405533,0,0,0,4.95991546660662,0,2.10244204103947,0,0,0,0,0,2.10705471038818,0,17.1838681548834,0,0,0,0,0,0,5.12059620767832,0,0,0,0,0,0,0,0,0,0,0,0,0,0,0.194809660315514,0.951853923499584,0,223.040900826454,43.9594196155667,0,56.4652664959431,0,2.28585973381996
0,0,0,0,0,0,0,0,0,0,0,0,0,0,0,0,0,0,0,0,0,0,0,0,0,0,0,0,0,0,0,840.430837377906,879.321060687304,42.6384471058846,0,359.020084559917,0,0,0,0,0,0,0,0,0,0,0,77.4268918931484,0,0,0,0,0,0,0,0,0,0,0,0,0,0,0,0,0,0,0,0,0,0,0,0,0,0,0,71.1234946250916,435.266538500786,0,558.952351480722,0,0,0,110.451093196869,0,0,0,0
0,0,0,0,0,0,0,0,0,0,0,0,0,0,0,0,0,0,0,0,0,0,0,0,0,0,0,0,0,0,0,180.409852862358,799.146452941,0,2,0,4.8842306137085,0,0,0,10.2026174962521,0,0,0,0,0,0,3439.06722401828,19.2748981714249,0,0,0,0,0,0,0,0,0,0,0,0,0,0,0,0,0,0,0,0,0,0,0,0,0,71.1234946250916,0,0,43.5528644621372,0,273.655281096697,0,0,38.5538668632507,0,0,0,0
0,0,0,0,0,0,0,0,0,0,0,0,0,0,0,0,0,0,0,0,0,0,0,0.228146180510521,0,0,0,0,0,0,0,40.584103167057,0,2213.86063292623,1235.69177687168,178.373932018876,0,227.619716569781,17.4290964007378,0,0,0,0,0,0,0,0,458.355828464031,0,0,0,0,0,0,0,0,0,0,0,0,0,0,0,0,0,0,0,0,0,0,0,0,0,0,435.266538500786,0,0,226.238621205091,371.482867911458,0,539.451369076967,1.11394158005714,389.292268157005,0,0,0,0
0,0,0,0,0,0,0,0,0,0,0,0,0,0,0,0,0,0,0,0,0,0,0,0,0,0,0,0,0,0,0,25.228240698576,76.9666685163975,1415.40640497208,1444.34644594789,0,47.0293028056622,0.302636563777924,86.8220321983099,0,0,0,0,0,0,0,0,62.1801310181618,0,0,0,0,0,0,0,0,0,0,0,0,0,0,0,0,0,0,0,0,0,0,0,0,0,0,0,43.5528644621372,226.238621205091,0,0,946.097317814827,0,688.762843027711,197.645605042577,0,0,0,0
0,22.4454936087132,0,27.7471763715148,0,9.79449528455734,0,0,0,1.13702607154846,0,7.07131814956665,0,0,0,0,96.9449404776096,165.154247231781,1034.86504349113,105.227223277092,0,0,0,0,0.212639510631561,0,0,0,0,0,0,261.003303050995,44.3632715344429,206.888619214296,0,9700.83252950758,311.613217875361,690.367105782032,0,934.992401532829,4.91332550346851,770.647691294551,4.42903674393892,0,0,1231.2422221005,6.10199642181396,1159.28819206357,5.03857117891312,531.330802842975,0,0,0,0,0,0,0,32.834624171257,0,0,0,0,313.205674901605,0,0,0,0,0,0,0,0,0,18.1675439476967,0.194809660315514,558.952351480722,0,371.482867911458,0,0,13.5503753870726,1007.61559231579,0.188397705554962,1544.85601236671,7.61817146092653,709.473107092083,60.4914013147354,0.536523312330246
6.37797109782696,0,20.4088220000267,0,23.2842503637075,0,0,0,3.02888776361942,0,0,0,0,0,0,0,232.980272933841,52.8631461039186,1156.04514098912,0,285.187645733356,0,0,0,0,0,0,0,0,0,0,50.5108754038811,75.9884921461344,0.739507853984833,79.6275519132614,371.942751765251,10700.5824565962,0,125.009952224791,1.60289762914181,538.407453581691,8.25067256391048,593.653654046357,0,8.85482943058014,7.80302811414003,1374.79151140898,2091.14520451427,201.483129948378,0,1.98367369174957,0,0,0,2.3458788394928,0,6.52699489146471,0,0,0,0,0,0,756.914769485593,0,0,0,0,0,0,0,0,0,0.951853923499584,0,273.655281096697,0,946.097317814827,13.5503753870726,0,1.67021918296814,1127.06787781417,1480.99752186239,4.95394996553659,827.550072655082,0.977747440338135,35.4824467003345
0,1.75651478767395,0,3.1847235262394,0,2.02967509627342,0,0,0,61.5414254665375,0,2.60063529014587,0,0,0,0,3.92522396147251,8.87335459887981,60.5588443428278,6.74864959716797,0,830.496266052127,26.7915940731764,387.057242870331,0.207244798541069,42.8774616867304,0,0,0,0,0,0,0,874.531917750835,1.73453319072723,2308.58188180625,0,12013.8051879406,367.885900005698,15.0598271489143,0.0949070453643799,64.3961648195982,0.209299489855766,0,0,213.240722730756,0,0,0,139.280406564474,0,0,0,0,0,46.387592792511,0,2.24862685799599,0,0,0,0.935533553361893,275.628284439445,0,84.6918127834797,2.97286680340767,366.782747194171,0,20.8922113925219,0,43.6432058811188,0,1.04562211036682,0,0,0,539.451369076967,0,1007.61559231579,1.67021918296814,0,85.3066570907831,555.614409804344,0.940740525722504,185.813659474254,7.60339406132698,0
