0,0,0.25968739381089,0,0.154098220169544,0,0,0,0.171398637687556,0,0,0,0,0,0,0,0.288773818385033,0.251693564653397,0.245293843426875,0,0,0,0,0,0.204454935022763,0,0,0,0,0,0,0,0,0,0,0,0,0.315730224053065,0,0,0.322930514812469,0,0.293138259878525,0,0,0.266378402709961,0.286595977842808,0.26291262358427,0.268948625665386,0,0.256556037813425,0,0,0,0.181899647627558,0,0.358625434977668,0,0,0,0.165457054972649,0,0,0.397388271987438,0,0,0,0,0,0,0,0.278322547674179,0,0.359076321125031,0,0,0,0,0,0.403346478939056,0.394316623608271,0.444472062587738,0.236024487464823,0.246288351714611,0.350397010933334,0,0.271949529647827
0,0,0,0.17670190813286,0,0,0,0,0,0.199457356897302,0,0,0,0,0,0,0.305389787469591,0.261285960674286,0.230645491167752,0,0,0,0,0,0,0,0,0,0,0,0,0,0,0,0,0,0,0,0,0.405352744460106,0,0.340158140070217,0.380083099007607,0,0,0.270422279834747,0.341932058334351,0,0,0.198831469301255,0,0,0,0,0,0.183473767843884,0,0.356024190783501,0,0,0,0.214318163480077,0,0,0,0,0.209923346300383,0,0,0,0,0,0.372991492350896,0,0,0,0,0,0.462737715244293,0,0.453379511833191,0,0.198264923315127,0.306395649909973,0.220756938125684,0,0
0.25968739381089,0,0,0,0.13968092297343,0,0,0,0.17241231665433,0,0,0,0,0,0,0,0,0,0.280386060476303,0,0.307142794132233,0,0,0,0.253215149044991,0,0,0,0,0,0,0,0,0,0,0,0,0,0,0,0.276566208763556,0,0.272764020656445,0,0,0,0.314797068058058,0,0.213047609760843,0,0.234850584211962,0,0,0,0,0,0.256926105450128,0,0.242256103591485,0,0,0,0,0.319134429097176,0,0,0,0,0,0,0,0.23509681224823,0,0.285495544870694,0,0,0,0,0,0.389268189668655,0,0.318503528833389,0.247733056093707,0,0.286400373519587,0,0.250506930053234
0,0.17670190813286,0,0,0,0.185727273615507,0,0,0,0.159695042540198,0,0,0,0,0,0,0,0,0.259961768307469,0,0,0,0,0,0,0,0,0,0,0,0,0,0,0,0,0,0,0.286757582000324,0.306956008076668,0.259464814194611,0,0.298626479653996,0.281929602846503,0,0,0.268159419176031,0.284570768475533,0.303200967609882,0.233761198818684,0.270895600137187,0,0.196565088051469,0,0,0,0.163832830792328,0,0.273191277592925,0,0.191217940832887,0,0.169595554471016,0.276817431052526,0,0,0,0,0,0,0,0,0,0.295998321947201,0,0,0,0,0,0.300588690099262,0,0.335497878345789,0.277634501457214,0.254431954811554,0.259508612751961,0.265948572958304,0.285593374183884,0
0.154098220169544,0,0.13968092297343,0,0,0,0.132532083175399,0,0.16692987912231,0,0,0,0.131882249391996,0,0,0,0,0,0,0,0,0,0,0,0,0,0,0,0,0,0,0,0,0,0,0,0,0,0,0,0,0,0,0,0,0,0,0,0,0,0.199795381134788,0,0.158042255043983,0,0,0,0,0,0.13109678030014,0,0,0,0,0,0,0,0,0,0,0,0,0,0,0,0,0,0,0,0,0,0,0,0.132086666293164,0,0,0,0
0,0,0,0.185727273615507,0,0,0,0.160467179348836,0,0,0,0,0,0,0,0,0,0,0,0.191976185888052,0,0,0,0,0,0,0,0,0,0,0,0,0,0,0,0.218646917492151,0,0,0,0,0,0.262715640167395,0,0,0,0,0,0,0,0,0,0.191141145676374,0,0,0,0,0,0.310434056179864,0,0,0,0,0.231151608421522,0,0,0,0,0,0,0,0,0,0,0,0,0,0,0,0.235194179026977,0,0.325024038553238,0,0.173198562632832,0.169694353541773,0.188480077749161,0,0
0,0,0,0,0.132532083175399,0,0,0,0,0,0,0,0.12855771297346,0,0,0,0,0,0,0,0,0,0,0,0,0,0,0,0,0,0,0,0,0,0,0,0,0,0,0,0,0,0,0,0,0,0,0,0,0,0.153878444433212,0,0.137634307146072,0,0,0,0.20124284774065,0,0,0,0,0,0,0,0,0,0,0,0,0,0,0,0,0,0,0,0,0,0,0,0,0,0.1689936183393,0,0,0,0
0,0,0,0,0,0.160467179348836,0,0,0,0,0,0.205156106428773,0,0.182218642319952,0,0,0,0,0,0,0,0,0,0,0,0,0,0,0,0,0,0,0,0,0,0,0,0,0,0,0,0,0,0,0,0,0,0,0,0,0,0.161090553953097,0,0.174376447519786,0,0,0,0.219101845836028,0,0.170722422003746,0,0,0,0,0,0,0,0,0,0,0,0,0,0,0,0,0,0,0,0,0,0,0.178795799406038,0.149583831429482,0,0,0
0.171398637687556,0,0.17241231665433,0,0.16692987912231,0,0,0,0,0,0,0,0,0,0.166943082213402,0,0,0,0.235495848315103,0,0,0,0,0,0.190762329360713,0,0.1738083721311,0,0,0,0,0,0,0,0,0,0,0,0.151363305747509,0,0,0,0.257633338570595,0,0,0,0.284684471786022,0,0.253553512195746,0,0.235996805131435,0,0,0,0.199087395532804,0,0.302238728512417,0,0,0,0.190926571209461,0,0,0,0,0,0,0.195473257064819,0,0.168080198825622,0,0.268360003829002,0,0.297815501689911,0,0,0,0,0,0,0,0.175651111536556,0.216314478642126,0.276633270084858,0.21934026284296,0,0.229305172959963
0,0.199457356897302,0,0.159695042540198,0,0,0,0,0,0,0,0,0,0,0,0.175144287529009,0,0,0,0,0,0,0,0.176554783247411,0.234237834811211,0,0,0,0,0,0,0,0,0,0,0,0,0.166529047573286,0,0,0,0.272513826688131,0,0,0,0,0,0,0.270400911569595,0,0,0,0,0,0,0.227420473145565,0,0,0,0,0,0.184538143417223,0,0,0,0,0.215363343556722,0,0,0,0,0,0,0,0,0,0,0,0,0,0.189369243304182,0,0.177366132114115,0.18573818441767,0.24148399879535,0,0
0,0,0,0,0,0,0,0,0,0,0,0,0.147360358110144,0,0,0,0,0,0,0,0.174631488699357,0,0,0,0,0,0,0,0.152471016560282,0,0.185389593004543,0,0,0,0,0,0.138869997046211,0,0.150934189165066,0,0,0,0,0,0,0,0,0,0,0,0,0,0,0,0,0,0.200612259168452,0,0.160153901247123,0,0,0,0,0.194747617344062,0,0,0,0,0,0,0,0.159957826137543,0,0.194194505296981,0,0,0,0,0,0.149388238787651,0,0.170803485532938,0.150961014653454,0.1636132612461,0,0,0
0,0,0,0,0,0,0,0.205156106428773,0,0,0,0,0,0.176061234730955,0,0,0,0,0,0.136779604759067,0,0,0,0,0,0,0,0.156552728560331,0,0.150239947964163,0,0,0,0,0,0.155294222828611,0,0.147305662714943,0,0,0,0,0,0,0,0,0,0,0,0,0,0,0,0,0,0,0,0.182152638589894,0,0.166234330882445,0,0,0.155356115861303,0,0,0,0,0,0,0,0.152222967867194,0,0.197710095858965,0,0,0,0,0,0.143556752422404,0,0.154489688575268,0,0.164749498026712,0,0.258892384171486,0,0
0,0,0,0,0.131882249391996,0,0.12855771297346,0,0,0,0.147360358110144,0,0,0,0,0,0.121147842391541,0,0,0,0,0,0,0,0,0,0,0,0.160641531149546,0,0,0,0,0,0,0,0,0,0,0,0,0,0,0,0,0,0,0,0,0,0.13553375005722,0,0.132002388437589,0,0,0,0,0,0.169619957605998,0,0,0,0,0,0,0,0,0,0,0,0,0.16954630613327,0,0,0,0,0,0,0,0,0,0,0.129528187077355,0.21868684515357,0,0,0
0,0,0,0,0,0,0,0.182218642319952,0,0,0,0.176061234730955,0,0,0,0.160678029060364,0,0,0,0,0,0,0,0,0,0,0,0.15106615153226,0,0.18951028585434,0,0,0,0,0,0,0,0,0,0,0,0,0,0,0,0,0,0,0,0,0,0,0,0.184966926531094,0,0,0,0.17190461738242,0,0.169448180391956,0,0.212124317884445,0,0,0,0,0,0,0,0,0,0,0,0,0,0,0,0,0,0,0,0,0.16443357439559,0.198827372219578,0,0,0
0,0,0,0,0,0,0,0,0.166943082213402,0,0,0,0,0,0,0,0.171885040071276,0,0,0,0,0,0,0,0.179505854845047,0,0.16312463581562,0,0,0,0,0,0,0,0,0,0,0,0,0,0,0,0,0,0,0,0,0,0,0,0,0,0,0,0.188826964050531,0,0,0,0,0,0.226537556810813,0,0,0,0,0,0,0,0,0,0,0,0,0,0,0,0,0,0,0,0,0,0.127694245427847,0.178107874734061,0,0,0
0,0,0,0,0,0,0,0,0,0.175144287529009,0,0,0,0.160678029060364,0,0,0,0.171140902099155,0.204762786626816,0,0,0,0,0.167159602046013,0,0,0,0,0,0,0,0,0,0,0,0,0,0,0,0,0,0,0,0,0,0,0,0,0,0,0,0,0,0,0,0.227717944137428,0,0,0,0,0,0.135684196989775,0,0,0,0,0.175375692546368,0,0,0,0,0,0,0,0,0,0,0,0,0,0,0,0.184499301382753,0.215712890460871,0,0,0
0.288773818385033,0.305389787469591,0,0,0,0,0,0,0,0,0,0,0.121147842391541,0,0.171885040071276,0,0,0.207249977718657,0.270987707575065,0,0.351915717124939,0,0.225708536803722,0,0.166014209389687,0,0.165306483600157,0,0.143368343338948,0,0,0,0,0,0,0,0.371971011161804,0,0.429437845945358,0.336759574329242,0.292379852384329,0.295205683662341,0.268709721435842,0.367592585086823,0,0.318105708500918,0.312717186022795,0,0,0.287139505147934,0,0,0,0,0,0,0.332542552759773,0.337235391139984,0,0,0,0,0,0.339402180963329,0,0,0,0,0,0.190649657086893,0,0.280167877674103,0.323778197169304,0.321296841660632,0,0,0,0,0.374493553072003,0.361272206867984,0.381933848223379,0.390413683839142,0.192880501788082,0.150693500922298,0.338948647893294,0.275395199656487,0.262546210487684
0.251693564653397,0.261285960674286,0,0,0,0,0,0,0,0,0,0,0,0,0,0.171140902099155,0.207249977718657,0,0.263056801260321,0,0,0.148493265857299,0,0.162953733720563,0,0.143807032029994,0,0.162578519433737,0,0,0,0,0,0,0,0,0.349472761154175,0,0,0.308522627411181,0.288087095958846,0.264189858217629,0.275667748907033,0.296877980232239,0.295576930046082,0.285082870812127,0.312986834916506,0,0,0,0,0,0,0,0,0,0.296742064612252,0.357317194342613,0,0,0,0,0,0.316116045350614,0,0,0,0,0,0,0,0,0.381454795598984,0.290658718347549,0,0,0,0,0.33390413026015,0.357805857273537,0.364113472402096,0.369769055592386,0.183158580701849,0.154133982361935,0.322818317954187,0.255688928067684,0.268769833445549
0.245293843426875,0.230645491167752,0.280386060476303,0.259961768307469,0,0,0,0,0.235495848315103,0,0,0,0,0,0,0.204762786626816,0.270987707575065,0.263056801260321,0,0,0.354674306180742,0,0,0,0,0,0,0,0,0,0,0,0,0,0,0,0.369269348680973,0,0.360216595232487,0.309744525121184,0.281056729250628,0.245865657813122,0.247389322542465,0.295900275525839,0.230911701917648,0.283141172820096,0.306525522784112,0.281886041164398,0.224536169320345,0.260136026669951,0.242516871541739,0,0,0,0,0,0.301357001390146,0.380218286377688,0,0,0,0,0.246533423662186,0.323616675015305,0,0,0,0,0,0,0,0.295874834060669,0.364758724533021,0.315985229219833,0,0,0,0,0.352706297818704,0.362702148308561,0.416350883482585,0.388425690473103,0.230201414140383,0.212307652036349,0.335880658824156,0.238334592342377,0.248025136327507
0,0,0,0,0,0.191976185888052,0,0,0,0,0,0.136779604759067,0,0,0,0,0,0,0,0,0,0,0,0,0,0,0,0,0,0,0,0,0,0,0,0.146052864621285,0,0.139275560118988,0,0,0,0,0,0,0,0.216637740532557,0,0,0,0,0,0,0,0,0,0,0,0.140287026762962,0,0,0,0,0.174986638773193,0,0,0,0,0,0,0,0,0,0.137251675128937,0,0,0,0,0,0.173123064290347,0,0.234556607818336,0,0.200139949870044,0.27050673365593,0.186527382494149,0,0
0,0,0.307142794132233,0,0,0,0,0,0,0,0.174631488699357,0,0,0,0,0,0.351915717124939,0,0.354674306180742,0,0,0,0,0,0,0,0,0,0,0,0,0,0,0,0,0,0.175274170935154,0,0.174882022032849,0.296921968460083,0.262583434581757,0,0.310812493165334,0,0,0,0.271597517692313,0,0,0,0.196794217283076,0,0,0,0,0,0.208028057365755,0,0,0,0,0,0,0.241095921791652,0,0,0,0,0,0,0,0,0,0.316531635820866,0,0,0,0,0,0.18433045444066,0,0.18040214776332,0.202508730585115,0.254360571503639,0.295832327614396,0,0.477527290582657
0,0,0,0,0,0,0,0,0,0,0,0,0,0,0,0,0,0.148493265857299,0,0,0,0,0.113864514473322,0.233461139460903,0,0.152863940814646,0,0.168700054820095,0,0,0,0,0,0,0,0,0,0.212625362127595,0.408707916736603,0,0,0,0,0,0,0,0,0.365225970745087,0,0.228075396683481,0,0,0,0,0,0,0,0,0,0,0,0,0,0,0.208027867322571,0.0935596153140068,0.246361533349211,0.35901552438736,0.193181280184675,0,0.149438357571276,0,0,0,0,0,0,0,0,0,0.23362932122416,0.404770791530609,0.142586456874273,0.122759055073668,0,0,0
0,0,0,0,0,0,0,0,0,0,0,0,0,0,0,0,0.225708536803722,0,0,0,0,0.113864514473322,0,0,0.145089148283005,0,0,0,0.149511469192192,0,0,0,0,0,0,0,0,0.467231035232544,0.181456202933611,0,0,0,0,0,0,0,0,0.39833191037178,0.183949458359664,0,0,0,0,0,0,0,0,0,0,0,0,0,0,0,0.113045975958046,0.190724773537239,0,0.12658184224909,0,0.121798098087311,0,0,0,0,0,0,0,0,0,0,0,0.211127428544892,0.143974711521459,0.120734063593241,0,0,0
0,0,0,0,0,0,0,0,0,0.176554783247411,0,0,0,0,0,0.167159602046013,0,0.162953733720563,0,0,0,0.233461139460903,0,0,0.347804754972458,0.229759426137736,0,0,0,0,0,0,0,0,0,0,0,0.223280025213831,0.398742869496346,0,0,0,0,0,0,0,0,0.492900043725967,0,0.210552101333936,0,0,0,0,0,0.188058676464217,0,0,0,0,0,0,0,0,0.277373357383268,0,0.214331456855368,0,0.269265449047089,0,0,0,0,0,0,0,0,0,0,0,0.263885510544623,0.416960805654526,0.20380311228078,0.320853173732758,0.22010800242424,0,0
0.204454935022763,0,0.253215149044991,0,0,0,0,0,0.190762329360713,0.234237834811211,0,0,0,0,0.179505854845047,0,0.166014209389687,0,0,0,0,0,0.145089148283005,0.347804754972458,0,0,0.152267080251918,0,0,0,0,0,0,0,0,0,0,0.419181978702545,0.203118037282219,0,0,0,0.292683124542236,0,0,0,0,0.417827948927879,0.0867283294598262,0,0,0,0,0,0.185428127598686,0,0,0,0,0,0,0,0,0,0,0.200181634438609,0,0.204144812158537,0,0.184921416318094,0,0,0,0,0,0,0,0,0,0,0.293113440275192,0.183216692238558,0.217475993014299,0,0.216819291313489,0,0
0,0,0,0,0,0,0,0,0,0,0,0,0,0,0,0,0,0.143807032029994,0,0,0,0.152863940814646,0,0.229759426137736,0,0,0,0,0,0,0,0,0,0,0,0,0,0,0,0,0,0,0,0,0,0,0,0,0,0,0,0,0,0,0,0,0,0,0,0,0,0,0,0,0.173000295796702,0,0.258362274903517,0,0.175735407358124,0,0,0,0,0,0,0,0,0,0,0,0,0,0.130142599344254,0,0,0,0
0,0,0,0,0,0,0,0,0.1738083721311,0,0,0,0,0,0.16312463581562,0,0.165306483600157,0,0,0,0,0,0,0,0.152267080251918,0,0,0,0.167220949362486,0,0,0,0,0,0,0,0,0,0,0,0,0,0,0,0,0,0,0,0,0,0,0,0,0,0,0,0,0,0,0,0,0,0,0,0,0,0,0.211676672535035,0,0.154867561245864,0,0,0,0,0,0,0,0,0,0,0,0.285697728395462,0.140512454121009,0,0,0,0
0,0,0,0,0,0,0,0,0,0,0,0.156552728560331,0,0.15106615153226,0,0,0,0.162578519433737,0,0,0,0.168700054820095,0,0,0,0,0,0,0,0.177055725384326,0,0,0,0,0,0,0,0,0,0,0,0,0,0,0,0,0,0,0,0,0,0,0,0,0,0,0,0.153034515678883,0,0,0,0,0,0,0.114844582974911,0,0,0,0,0,0.169629548649347,0,0,0,0,0,0,0,0,0,0,0,0.164914761669934,0.193421825293511,0,0,0
0,0,0,0,0,0,0,0,0,0,0.152471016560282,0,0.160641531149546,0,0,0,0.143368343338948,0,0,0,0,0,0.149511469192192,0,0,0,0.167220949362486,0,0,0,0.150739464376654,0,0,0,0,0,0,0,0.153474350273609,0,0,0,0,0,0,0,0,0,0,0,0,0,0,0,0,0,0,0,0,0,0,0,0,0,0,0.142955528365241,0,0,0,0.14870208799839,0,0.187141212589397,0,0,0,0,0,0,0,0,0,0.206296295081217,0.142804281833844,0.141172762302791,0,0,0
0,0,0,0,0,0,0,0,0,0,0,0.150239947964163,0,0.18951028585434,0,0,0,0,0,0,0,0,0,0,0,0,0,0.177055725384326,0,0,0,0,0,0,0,0,0,0.134496692234072,0,0,0,0,0,0,0,0,0,0,0,0,0,0,0,0,0,0,0,0.137139320373535,0,0,0,0,0,0,0,0,0,0,0,0,0.149023794228347,0,0.166886556061581,0,0,0,0,0,0,0,0.165178835391998,0,0.148328227962521,0,0,0,0
0,0,0,0,0,0,0,0,0,0,0.185389593004543,0,0,0,0,0,0,0,0,0,0,0,0,0,0,0,0,0,0.150739464376654,0,0,0,0,0,0,0,0,0,0.157699201078642,0,0,0,0,0,0,0,0,0,0,0,0,0,0,0,0,0,0.190568998936684,0,0,0,0,0,0,0,0,0,0,0,0,0,0,0.148506838240122,0,0.159922290259394,0,0,0,0,0,0,0,0,0.156592033022616,0.163349896905914,0,0,0
0,0,0,0,0,0,0,0,0,0,0,0,0,0,0,0,0,0,0,0,0,0,0,0,0,0,0,0,0,0,0,0,0.200645754016893,0.2189561726598,0,0.240704379208993,0.161275448543685,0,0,0,0,0,0,0,0,0,0,0.467784793305106,0.458721223663776,0.507770709693432,0,0,0,0,0,0,0,0,0,0,0,0,0,0,0,0,0,0,0,0,0,0,0,0,0.246755350211519,0.154151787061289,0.241356350531514,0,0.258493852547624,0.357156965395679,0,0,0.238728951414426,0,0,0,0
0,0,0,0,0,0,0,0,0,0,0,0,0,0,0,0,0,0,0,0,0,0,0,0,0,0,0,0,0,0,0,0.200645754016893,0,0.332092406566847,0,0.174681002294624,0.1801991853863,0,0,0,0,0,0,0,0,0,0,0.313411399204786,0.507488548755646,0,0,0,0,0,0,0,0,0,0,0,0,0,0,0,0,0,0,0,0,0,0,0,0,0,0.229859785191596,0.215819005189465,0,0,0.212729632854462,0.250343744178562,0,0,0.282665293247174,0,0,0,0
0,0,0,0,0,0,0,0,0,0,0,0,0,0,0,0,0,0,0,0,0,0,0,0,0,0,0,0,0,0,0,0.2189561726598,0.332092406566847,0,0.286685071446818,0.181663309957119,0,0.313644929704341,0.530006047029237,0,0,0,0,0,0,0,0,0.4262079502969,0.543634365170689,0,0,0,0,0,0,0,0,0,0,0,0,0,0,0,0,0,0,0,0,0,0,0,0,0,0.227005221777492,0,0.233655561103311,0.165595317502147,0.230634160836538,0,0.202736794948578,0.550381788185665,0.303748397963254,0,0.592758340494973,0,0
0,0,0,0,0,0,0,0,0,0,0,0,0,0,0,0,0,0,0,0,0,0,0,0,0,0,0,0,0,0,0,0,0,0.286685071446818,0,0,0.144644189729969,0.667754166115794,0.623411150502909,0,0,0,0,0,0,0,0,0.364583929076604,0.682489653428396,0,0,0,0,0,0,0,0,0,0,0,0,0,0,0,0,0,0,0,0,0,0,0,0,0,0,0,0.184357784688473,0.209666438246305,0,0.193641731781619,0.741760568185286,0.243468853624331,0.29667682942085,0,0,0,0
0,0,0,0,0,0.218646917492151,0,0,0,0,0,0.155294222828611,0,0,0,0,0,0,0,0.146052864621285,0,0,0,0,0,0,0,0,0,0,0,0.240704379208993,0.174681002294624,0.181663309957119,0,0,0.147906262901094,0.186999791525966,0.170443248469383,0,0,0.324377417564392,0,0,0,0.238814464434475,0,0.199903001982059,0,0.271627718635968,0,0.233944565057755,0,0,0,0,0,0.139303542100466,0,0,0,0,0.178296953407366,0,0,0,0,0,0,0,0,0,0,0,0.269457716003635,0.160790683494674,0.227360362168586,0,0.209484974173911,0.14966027194996,0.2326235435204,0.164620012044907,0.224604405648943,0.228684215112166,0.224589775453825,0,0
0,0,0,0,0,0,0,0,0,0,0.138869997046211,0,0,0,0,0,0.371971011161804,0.349472761154175,0.369269348680973,0,0.175274170935154,0,0,0,0,0,0,0,0,0,0,0.161275448543685,0.1801991853863,0,0.144644189729969,0.147906262901094,0,0,0.192512078946838,0,0.33887967467308,0,0.278244954975028,0,0,0,0.279789670285853,0.204419481206913,0.250798415392637,0,0.212101741560868,0,0,0,0,0,0.25568532705307,0,0,0,0,0,0,0.219009746318666,0,0,0,0,0,0,0,0,0,0,0.229264691472054,0.222447021768011,0,0.16566007566452,0.163595595759546,0.222780571771428,0,0.237656149751218,0.199629319350878,0.193801700858847,0.205997017882584,0,0.421346500515938
0.315730224053065,0,0,0.286757582000324,0,0,0,0,0,0.166529047573286,0,0.147305662714943,0,0,0,0,0,0,0,0.139275560118988,0,0.212625362127595,0.467231035232544,0.223280025213831,0.419181978702545,0,0,0,0,0.134496692234072,0,0,0,0.313644929704341,0.667754166115794,0.186999791525966,0,0,0.453281252840002,0,0,0.257502889429981,0,0,0,0,0,0.739542720426213,0.479023104622251,0.264441310295037,0,0,0,0,0,0.195219498460314,0,0.148993100286747,0,0,0,0,0.148663144558668,0,0.242899932651198,0.389997486025095,0.243761988814737,0.380454286336899,0,0,0.155696389504841,0,0.154547777479497,0,0,0,0.186002040984201,0.359170436859131,0.206486707522,0.163679152727127,0.212046907136025,0.378246200661505,0.437392586257986,0.288073132867398,0.323352635286416,0,0
0,0,0,0.306956008076668,0,0,0,0,0.151363305747509,0,0.150934189165066,0,0,0,0,0,0.429437845945358,0,0.360216595232487,0,0.174882022032849,0.408707916736603,0.181456202933611,0.398742869496346,0.203118037282219,0,0,0,0.153474350273609,0,0.157699201078642,0,0,0.530006047029237,0.623411150502909,0.170443248469383,0.192512078946838,0.453281252840002,0,0,0.366825520992279,0.282392174005508,0.414564539988836,0,0,0,0.286038509437016,0.609697576136159,0.489630712864268,0.280121847987175,0,0,0,0,0.222017406607452,0,0.172016806997262,0,0,0,0,0,0,0.238063142975656,0.329548388719559,0.222835513726463,0,0.305302656061358,0,0.277184497117996,0,0.216948866844177,0,0.157246983429389,0,0,0.467916294932365,0.209109223064254,0.20124591588974,0.217577192069821,0.424840605035424,0.223965258063741,0.27730681128605,0.174544491103062,0.262775852034489,0,0.323397070169449
0,0.405352744460106,0,0.259464814194611,0,0,0,0,0,0,0,0,0,0,0,0,0.336759574329242,0.308522627411181,0.309744525121184,0,0.296921968460083,0,0,0,0,0,0,0,0,0,0,0,0,0,0,0,0,0,0,0,0.316612729254891,0.298688712782367,0.301240666610439,0.424152470297284,0,0.261680601004492,0.326935297861603,0.316885069012642,0,0.23357824845129,0.298424273729324,0,0,0,0,0,0.362737541397413,0.29993033898063,0,0,0,0,0.225027102563116,0.355410142378374,0,0,0,0,0,0,0,0,0.299437168613076,0.354350025455157,0,0,0,0,0.328407150909707,0.371704703883121,0.364377902417453,0.362565964460373,0.294956157449897,0.29636231644286,0.340111021772014,0.311790696159005,0.294733007748922
0.322930514812469,0,0.276566208763556,0,0,0,0,0,0,0,0,0,0,0,0,0,0.292379852384329,0.288087095958846,0.281056729250628,0,0.262583434581757,0,0,0,0,0,0,0,0,0,0,0,0,0,0,0,0.33887967467308,0,0.366825520992279,0.316612729254891,0,0.288143253326416,0.283647677714103,0,0.325017137023119,0.298581150562867,0.234693564027836,0,0.253272938955174,0.269822783768177,0.244335404213737,0,0,0,0,0,0.281804055183917,0.339355736970901,0.26531720161438,0,0,0,0,0.24279970528289,0,0,0,0,0,0,0,0,0.328819498419762,0.290580161141627,0,0,0,0,0.335353367030621,0.235885416683943,0.389608025550842,0.350436267833556,0.278799796567012,0.31632830016315,0.278160875435663,0,0.32934505841532
0,0.340158140070217,0,0.298626479653996,0,0.262715640167395,0,0,0,0.272513826688131,0,0,0,0,0,0,0.295205683662341,0.264189858217629,0.245865657813122,0,0,0,0,0,0,0,0,0,0,0,0,0,0,0,0,0.324377417564392,0,0.257502889429981,0.282392174005508,0.298688712782367,0.288143253326416,0,0.233823447532381,0.309832642475764,0,0.280229232476713,0.298595053702593,0.387387996477797,0.370137403408686,0.316613390260568,0,0.272025333983558,0,0,0,0.264082197632108,0.263562619686127,0.334886902056891,0,0,0,0,0.3366288463859,0.338122636079788,0,0,0,0,0,0,0,0,0.292008356590356,0.357185065746307,0,0,0,0,0.329428280794097,0.332542178886277,0.366584484397933,0.310771830379963,0.272063562952678,0.303424867205932,0.319074378251657,0.227629771559603,0.254457578063011
0.293138259878525,0.380083099007607,0.272764020656445,0.281929602846503,0,0,0,0,0.257633338570595,0,0,0,0,0,0,0,0.268709721435842,0.275667748907033,0.247389322542465,0,0.310812493165334,0,0,0,0.292683124542236,0,0,0,0,0,0,0,0,0,0,0,0.278244954975028,0,0.414564539988836,0.301240666610439,0.283647677714103,0.233823447532381,0,0,0.270666185962526,0.288670346736908,0.314344689153346,0.4106036901474,0.298882161174913,0.243719744682312,0.260871156397527,0,0,0,0,0,0.30202241937701,0.300213612616062,0.276252443591754,0,0,0,0,0.339308694205566,0,0,0,0,0,0,0,0.280939250193805,0.310098606348038,0.291747594219895,0,0,0,0,0.331059776246548,0.339653502198007,0.371062065164248,0.436644443431321,0.274664762176676,0.28719903593478,0.306669171894018,0.204969162742297,0.237335324954122
0,0,0,0,0,0,0,0,0,0,0,0,0,0,0,0,0.367592585086823,0.296877980232239,0.295900275525839,0,0,0,0,0,0,0,0,0,0,0,0,0,0,0,0,0,0,0,0,0.424152470297284,0,0.309832642475764,0,0,0,0.289524263143539,0.313355840742588,0,0,0,0,0,0,0,0,0,0,0,0,0,0,0,0,0,0,0,0,0,0,0,0,0,0,0,0,0,0,0,0.407750603432457,0,0.348380655050278,0,0.288820875542504,0,0.418663172460184,0,0
0,0,0,0,0,0,0,0,0,0,0,0,0,0,0,0,0,0.295576930046082,0.230911701917648,0,0,0,0,0,0,0,0,0,0,0,0,0,0,0,0,0,0,0,0,0,0.325017137023119,0,0.270666185962526,0,0,0,0.359321281823338,0,0,0,0,0,0,0,0,0,0,0,0,0,0,0,0,0.335565779890333,0,0,0,0,0,0,0,0,0,0,0,0,0,0,0,0.34733882089334,0,0.414371520280838,0.162680391967297,0,0.316430231842857,0,0.23700759280473
0.266378402709961,0.270422279834747,0,0.268159419176031,0,0,0,0,0,0,0,0,0,0,0,0,0.318105708500918,0.285082870812127,0.283141172820096,0.216637740532557,0,0,0,0,0,0,0,0,0,0,0,0,0,0,0,0.238814464434475,0,0,0,0.261680601004492,0.298581150562867,0.280229232476713,0.288670346736908,0.289524263143539,0,0,0.312243249623672,0,0,0.274797030470588,0,0,0,0,0,0,0.33436207473278,0.275413578248206,0,0,0,0,0.259188481528239,0.32814328931272,0,0,0,0,0,0,0,0,0.279654533122525,0.326263427734375,0,0,0,0,0.263478574576192,0.360420552392801,0.324348740092597,0.39337498943011,0.287663048531039,0.294914605942639,0.268242643033428,0,0
0.286595977842808,0.341932058334351,0.314797068058058,0.284570768475533,0,0,0,0,0.284684471786022,0,0,0,0,0,0,0,0.312717186022795,0.312986834916506,0.306525522784112,0,0.271597517692313,0,0,0,0,0,0,0,0,0,0,0,0,0,0,0,0.279789670285853,0,0.286038509437016,0.326935297861603,0.234693564027836,0.298595053702593,0.314344689153346,0.313355840742588,0.359321281823338,0.312243249623672,0,0,0.266369010720934,0,0.263593757059425,0,0,0,0,0,0.296281403958106,0.334999811649323,0.28244240794863,0,0,0,0,0.259111950780592,0,0,0,0,0,0,0,0.321239584684372,0.327367369617735,0.300323001680321,0,0,0,0,0.35190589427948,0.28489119456956,0.374838294254409,0.30299213842434,0.295579681355118,0.304398009410271,0.324576567476628,0.287140764296055,0.292032871034838
0.26291262358427,0,0,0.303200967609882,0,0,0,0,0,0,0,0,0,0,0,0,0,0,0.281886041164398,0,0,0.365225970745087,0.39833191037178,0.492900043725967,0.417827948927879,0,0,0,0,0,0,0.467784793305106,0.313411399204786,0.4262079502969,0.364583929076604,0.199903001982059,0.204419481206913,0.739542720426213,0.609697576136159,0.316885069012642,0,0.387387996477797,0.4106036901474,0,0,0,0,0,0.4996814443981,0.369464667183216,0,0,0,0,0,0,0,0,0,0,0,0,0,0,0,0.379943620945726,0,0.438812440633774,0,0,0,0,0,0,0.365579210114967,0.38142879686048,0.489275310188532,0.218970945248237,0.283289831007838,0.492394240185968,0.747270906863569,0.473027940398903,0.410397953749116,0.32058185338974,0.353459384931927,0,0
0.268948625665386,0,0.213047609760843,0.233761198818684,0,0,0,0,0.253553512195746,0.270400911569595,0,0,0,0,0,0,0,0,0.224536169320345,0,0,0,0.183949458359664,0,0.0867283294598262,0,0,0,0,0,0,0.458721223663776,0.507488548755646,0.543634365170689,0.682489653428396,0,0.250798415392637,0.479023104622251,0.489630712864268,0,0.253272938955174,0.370137403408686,0.298882161174913,0,0,0,0.266369010720934,0.4996814443981,0,0.289802283330448,0.242040030658245,0,0,0,0,0,0.268500218675895,0,0.257085576653481,0,0.228040831536055,0,0,0,0,0.270157521690598,0,0,0,0,0,0.229987268967013,0.326184093952179,0.272544057108462,0,0.492504075666269,0.405026177565257,0,0.25488418340683,0.343302755763656,0.473903248707453,0.29677114540037,0.416745410484471,0.245541542768478,0.29507045477209,0,0.322991102933884
0,0.198831469301255,0,0.270895600137187,0,0,0,0,0,0,0,0,0,0,0,0,0.287139505147934,0,0.260136026669951,0,0,0.228075396683481,0,0.210552101333936,0,0,0,0,0,0,0,0.507770709693432,0,0,0,0.271627718635968,0,0.264441310295037,0.280121847987175,0.23357824845129,0.269822783768177,0.316613390260568,0.243719744682312,0,0,0.274797030470588,0,0.369464667183216,0.289802283330448,0,0,0,0,0,0,0.215209036312076,0,0.336039018981597,0,0,0,0,0,0,0.259895518263604,0,0.247336739039683,0,0,0,0,0,0.306062853336334,0,0,0.347200691699982,0,0,0.254754392563794,0.3343645632267,0.308028729259968,0,0.361674759923362,0.256807718425989,0.302643279349193,0.324805409908295,0
0.256556037813425,0,0.234850584211962,0,0.199795381134788,0,0.153878444433212,0,0.235996805131435,0,0,0,0.13553375005722,0,0,0,0,0,0.242516871541739,0,0.196794217283076,0,0,0,0,0,0,0,0,0,0,0,0,0,0,0,0.212101741560868,0,0,0.298424273729324,0.244335404213737,0,0.260871156397527,0,0,0,0.263593757059425,0,0.242040030658245,0,0,0,0.195710097439587,0,0,0,0.230122317155774,0,0.251383437453029,0,0,0,0,0.227508530572609,0,0,0,0,0,0,0,0,0,0.260666359554638,0,0,0,0,0,0.310715903838476,0,0.318316131830215,0.197887014655862,0,0.24771298399816,0,0
0,0,0,0.196565088051469,0,0.191141145676374,0,0.161090553953097,0,0,0,0,0,0,0,0,0,0,0,0,0,0,0,0,0,0,0,0,0,0,0,0,0,0,0,0.233944565057755,0,0,0,0,0,0.272025333983558,0,0,0,0,0,0,0,0,0,0,0,0,0,0,0,0.250493506691894,0,0.233792877793312,0,0,0.294233113527298,0,0,0,0,0,0,0,0,0,0,0,0,0,0,0,0.231769770383835,0,0,0,0.190874504336676,0.187859654426575,0.285675085168712,0,0
0,0,0,0,0.158042255043983,0,0.137634307146072,0,0,0,0,0,0.132002388437589,0,0,0,0,0,0,0,0,0,0,0,0,0,0,0,0,0,0,0,0,0,0,0,0,0,0,0,0,0,0,0,0,0,0,0,0,0,0.195710097439587,0,0,0,0,0,0.152818578532187,0,0,0,0,0,0,0,0,0,0,0,0,0,0,0,0,0,0,0,0,0,0,0,0,0,0.184699669480324,0,0,0,0
0,0,0,0,0,0,0,0.174376447519786,0,0,0,0,0,0.184966926531094,0,0,0,0,0,0,0,0,0,0,0,0,0,0,0,0,0,0,0,0,0,0,0,0,0,0,0,0,0,0,0,0,0,0,0,0,0,0,0,0,0,0,0,0.23577456921339,0,0,0,0,0,0,0,0,0,0,0,0,0,0,0,0,0,0,0,0,0,0,0,0,0.151682098364008,0,0,0,0
0.181899647627558,0,0,0,0,0,0,0,0.199087395532804,0,0,0,0,0,0.188826964050531,0,0,0,0,0,0,0,0,0,0.185428127598686,0,0,0,0,0,0,0,0,0,0,0,0,0,0.222017406607452,0,0,0,0,0,0,0,0,0,0,0,0,0,0,0,0,0,0,0,0,0,0.209943013537315,0,0,0,0,0,0,0.202161879656032,0,0,0,0,0,0,0,0,0,0,0,0,0,0.212214442676136,0.157539807833158,0,0,0,0
0,0.183473767843884,0,0.163832830792328,0,0,0,0,0,0.227420473145565,0,0,0,0,0,0.227717944137428,0,0,0,0,0,0,0,0.188058676464217,0,0,0,0,0,0,0,0,0,0,0,0,0,0.195219498460314,0,0,0,0.264082197632108,0,0,0,0,0,0,0,0.215209036312076,0,0,0,0,0,0,0,0,0,0,0,0.221444253336354,0,0,0,0,0.231367560414751,0,0,0,0,0,0,0,0,0,0,0,0,0,0.223262843354523,0,0.184396145244439,0,0.215449110022746,0,0
0.358625434977668,0,0.256926105450128,0,0,0,0.20124284774065,0,0.302238728512417,0,0.200612259168452,0,0,0,0,0,0.332542552759773,0.296742064612252,0.301357001390146,0,0.208028057365755,0,0,0,0,0,0,0,0,0,0.190568998936684,0,0,0,0,0,0.25568532705307,0,0.172016806997262,0.362737541397413,0.281804055183917,0.263562619686127,0.30202241937701,0,0,0.33436207473278,0.296281403958106,0,0.268500218675895,0,0.230122317155774,0,0.152818578532187,0,0,0,0,0,0.23452837389071,0,0,0,0,0.28880209438855,0,0,0,0,0,0,0,0.279993186465332,0,0.274811843155301,0,0,0,0,0.399522393941879,0.284836123387019,0,0.272859672384877,0.267487316956038,0.233983860548699,0.332940617689916,0,0.314386701108488
0,0.356024190783501,0,0.273191277592925,0,0.310434056179864,0,0.219101845836028,0,0,0,0.182152638589894,0,0.17190461738242,0,0,0.337235391139984,0.357317194342613,0.380218286377688,0.140287026762962,0,0,0,0,0,0,0,0.153034515678883,0,0.137139320373535,0,0,0,0,0,0.139303542100466,0,0.148993100286747,0,0.29993033898063,0.339355736970901,0.334886902056891,0.300213612616062,0,0,0.275413578248206,0.334999811649323,0,0,0.336039018981597,0,0.250493506691894,0,0.23577456921339,0,0,0,0,0,0.2410397096707,0,0,0.214635480218713,0.3521728515625,0,0,0,0,0,0,0.262147772110115,0,0.219915619571886,0.369337022304535,0,0,0,0,0.202872681617737,0.426002636551857,0.210853644543224,0,0.241608392195392,0.349692672491074,0.345443284764501,0.415654122829437,0
0,0,0.242256103591485,0,0.13109678030014,0,0,0,0,0,0.160153901247123,0,0.169619957605998,0,0,0,0,0,0,0,0,0,0,0,0,0,0,0,0,0,0,0,0,0,0,0,0,0,0,0,0.26531720161438,0,0.276252443591754,0,0,0,0.28244240794863,0,0.257085576653481,0,0.251383437453029,0,0,0,0,0,0.23452837389071,0,0,0,0,0,0,0.293982756137848,0,0,0,0,0,0,0,0,0,0,0,0,0,0,0,0,0,0,0.170662896876985,0.207717698353987,0.270327520755986,0,0
0,0,0,0.191217940832887,0,0,0,0.170722422003746,0,0,0,0.166234330882445,0,0.169448180391956,0,0,0,0,0,0,0,0,0,0,0,0,0,0,0,0,0,0,0,0,0,0,0,0,0,0,0,0,0,0,0,0,0,0,0,0,0,0.233792877793312,0,0,0,0,0,0.2410397096707,0,0,0,0,0,0,0,0,0,0,0,0,0.172436930239201,0,0,0,0,0,0,0,0,0,0,0,0.154955176502159,0,0,0,0
0.165457054972649,0,0,0,0,0,0,0,0.190926571209461,0,0,0,0,0,0.226537556810813,0,0,0,0,0,0,0,0,0,0,0,0,0,0,0,0,0,0,0,0,0,0,0,0,0,0,0,0,0,0,0,0,0,0.228040831536055,0,0,0,0,0,0.209943013537315,0,0,0,0,0,0,0,0,0,0,0,0,0,0,0,0,0,0,0,0,0,0,0,0,0,0,0,0,0,0,0,0
0,0.214318163480077,0,0.169595554471016,0,0,0,0,0,0.184538143417223,0,0,0,0.212124317884445,0,0.135684196989775,0,0,0,0,0,0,0,0,0,0,0,0,0,0,0,0,0,0,0,0,0,0,0,0,0,0,0,0,0,0,0,0,0,0,0,0,0,0,0,0.221444253336354,0,0,0,0,0,0,0,0,0,0,0,0,0,0,0,0,0,0,0,0,0,0,0,0,0,0,0.162425138921507,0.24059395196245,0.221316903829575,0,0
0,0,0,0.276817431052526,0,0.231151608421522,0,0,0,0,0,0.155356115861303,0,0,0,0,0,0,0.246533423662186,0.174986638773193,0,0,0,0,0,0,0,0,0,0,0,0,0,0,0,0.178296953407366,0,0.148663144558668,0,0.225027102563116,0,0.3366288463859,0,0,0,0.259188481528239,0,0,0,0,0,0.294233113527298,0,0,0,0,0,0.214635480218713,0,0,0,0,0,0,0,0,0,0,0,0,0,0,0.24407574926552,0,0,0,0,0,0.226099895944655,0,0.298105000509078,0,0.202870709051689,0.256917886435986,0.281654022845472,0,0
0.397388271987438,0,0.319134429097176,0,0,0,0,0,0,0,0.194747617344062,0,0,0,0,0,0.339402180963329,0.316116045350614,0.323616675015305,0,0.241095921791652,0,0,0,0,0,0,0,0,0,0,0,0,0,0,0,0.219009746318666,0,0.238063142975656,0.355410142378374,0.24279970528289,0.338122636079788,0.339308694205566,0,0.335565779890333,0.32814328931272,0.259111950780592,0,0,0,0.227508530572609,0,0,0,0,0,0.28880209438855,0.3521728515625,0.293982756137848,0,0,0,0,0,0,0,0,0,0,0,0,0.259173512458801,0,0.296093180440785,0,0,0,0,0.32099903623263,0.249447195416705,0,0.28399238931845,0.285942340247351,0.282085403800011,0.314504333093644,0,0.427151098251343
0,0,0,0,0,0,0,0,0,0,0,0,0,0,0,0,0,0,0,0,0,0.208027867322571,0.113045975958046,0.277373357383268,0,0.173000295796702,0,0.114844582974911,0,0,0,0,0,0,0,0,0,0.242899932651198,0.329548388719559,0,0,0,0,0,0,0,0,0,0,0.259895518263604,0,0,0,0,0,0,0,0,0,0,0,0,0,0,0,0,0.267417056537276,0,0.291355558515134,0,0.254946012186442,0,0,0,0,0,0,0,0,0,0.282054240762625,0.347321450710297,0.155324942918251,0.137402768013999,0,0,0
0,0,0,0,0,0,0,0,0,0,0,0,0,0,0,0,0,0,0,0,0,0.0935596153140068,0.190724773537239,0,0.200181634438609,0,0,0,0.142955528365241,0,0,0,0,0,0,0,0,0.389997486025095,0.222835513726463,0,0,0,0,0,0,0,0,0.379943620945726,0.270157521690598,0,0,0,0,0,0,0,0,0,0,0,0,0,0,0,0,0,0,0.273417100560765,0,0,0,0,0,0,0,0,0,0,0,0,0,0.257106599905113,0.16205519913376,0.124691296469521,0,0,0
0,0.209923346300383,0,0,0,0,0,0,0,0.215363343556722,0,0,0,0,0,0.175375692546368,0,0,0,0,0,0.246361533349211,0,0.214331456855368,0,0.258362274903517,0,0,0,0,0,0,0,0,0,0,0,0.243761988814737,0,0,0,0,0,0,0,0,0,0,0,0.247336739039683,0,0,0,0,0,0.231367560414751,0,0,0,0,0,0,0,0,0.267417056537276,0,0,0,0.281515210717916,0,0,0,0,0,0,0,0,0,0,0,0.267436568223139,0.380317240953445,0.295671517295497,0.299462080001831,0,0,0
0,0,0,0,0,0,0,0,0.195473257064819,0,0,0,0,0,0,0,0,0,0,0,0,0.35901552438736,0.12658184224909,0,0.204144812158537,0,0.211676672535035,0,0,0,0,0,0,0,0,0,0,0.380454286336899,0.305302656061358,0,0,0,0,0,0,0,0,0.438812440633774,0,0,0,0,0,0,0.202161879656032,0,0,0,0,0,0,0,0,0,0,0.273417100560765,0,0,0,0.243730728596765,0,0,0,0,0,0,0,0,0,0,0.471161638696988,0.287870103605223,0.225053127167873,0,0.297123610973358,0,0
0,0,0,0,0,0,0,0,0,0,0,0,0,0,0,0,0,0,0,0,0,0.193181280184675,0,0.269265449047089,0,0.175735407358124,0,0,0,0,0,0,0,0,0,0,0,0,0,0,0,0,0,0,0,0,0,0,0,0,0,0,0,0,0,0,0,0,0,0,0,0,0,0,0.291355558515134,0,0.281515210717916,0,0,0,0.278138804446809,0,0,0,0,0,0,0,0,0,0,0,0.126303309574723,0,0,0,0
0,0,0,0,0,0,0,0,0.168080198825622,0,0,0,0,0,0,0,0.190649657086893,0,0,0,0,0,0.121798098087311,0,0.184921416318094,0,0.154867561245864,0,0.14870208799839,0,0,0,0,0,0,0,0,0,0.277184497117996,0,0,0,0,0,0,0,0,0,0,0,0,0,0,0,0,0,0,0,0,0,0,0,0,0,0,0,0,0.243730728596765,0,0,0,0,0,0,0,0,0,0,0,0,0.327300667762756,0.304040420055389,0.172473760716843,0,0,0,0
0,0,0,0,0,0,0,0,0,0,0,0.152222967867194,0,0,0,0,0,0,0,0,0,0.149438357571276,0,0,0,0,0,0.169629548649347,0,0.149023794228347,0,0,0,0,0,0,0,0.155696389504841,0,0,0,0,0,0,0,0,0,0,0,0,0,0,0,0,0,0,0,0.262147772110115,0,0.172436930239201,0,0,0,0,0.254946012186442,0,0,0,0.278138804446809,0,0,0,0,0,0,0,0,0,0,0,0.236196578212894,0,0.164672699502923,0.157909799988071,0,0,0
0.278322547674179,0,0.23509681224823,0,0,0,0,0,0.268360003829002,0,0.159957826137543,0,0.16954630613327,0,0,0,0.280167877674103,0,0.295874834060669,0,0,0,0,0,0,0,0,0,0.187141212589397,0,0.148506838240122,0,0,0,0,0,0,0,0.216948866844177,0,0,0,0.280939250193805,0,0,0,0.321239584684372,0,0.229987268967013,0,0,0,0,0,0,0,0.279993186465332,0,0,0,0,0,0,0.259173512458801,0,0,0,0,0,0,0,0,0,0.312131519828524,0,0,0,0,0,0,0,0.217262218395869,0.272516771212338,0.335436046123505,0.288899000100939,0,0.302689234657985
0,0.372991492350896,0,0.295998321947201,0,0,0,0,0,0,0,0.197710095858965,0,0,0,0,0.323778197169304,0.381454795598984,0.364758724533021,0.137251675128937,0,0,0,0,0,0,0,0,0,0.166886556061581,0,0,0,0,0,0,0,0.154547777479497,0,0.299437168613076,0.328819498419762,0.292008356590356,0.310098606348038,0,0,0.279654533122525,0.327367369617735,0,0.326184093952179,0.306062853336334,0,0,0,0,0,0,0,0.219915619571886,0,0,0,0,0.24407574926552,0,0,0,0,0,0,0,0,0,0,0,0,0,0,0,0.343989193439484,0,0.271739927785737,0.336995095014572,0.305666567200852,0.376409366726875,0.347597343550212,0.303056448698044,0
0.359076321125031,0,0.285495544870694,0,0,0,0,0,0.297815501689911,0,0.194194505296981,0,0,0,0,0,0.321296841660632,0.290658718347549,0.315985229219833,0,0.316531635820866,0,0,0,0,0,0,0,0,0,0.159922290259394,0,0,0,0,0,0,0,0.157246983429389,0.354350025455157,0.290580161141627,0.357185065746307,0.291747594219895,0,0,0.326263427734375,0.300323001680321,0,0.272544057108462,0,0.260666359554638,0,0,0,0,0,0.274811843155301,0.369337022304535,0,0,0,0,0,0.296093180440785,0,0,0,0,0,0,0,0.312131519828524,0,0,0,0,0,0,0.350949704647064,0.326376064487223,0.3375064432621,0.398831948637962,0.329931751510403,0.358223360318404,0.311347772525409,0,0.369670177125589
0,0,0,0,0,0,0,0,0,0,0,0,0,0,0,0,0,0,0,0,0,0,0,0,0,0,0,0,0,0,0,0.246755350211519,0.229859785191596,0.227005221777492,0,0.269457716003635,0.229264691472054,0,0,0,0,0,0,0,0,0,0,0.365579210114967,0,0,0,0,0,0,0,0,0,0,0,0,0,0,0,0,0,0,0,0,0,0,0,0,0,0,0,0,0.24770106561482,0,0.265043907807869,0.462375048949168,0,0,0.230357243191628,0,0,0,0
0,0,0,0,0,0,0,0,0,0,0,0,0,0,0,0,0,0,0,0,0,0,0,0,0,0,0,0,0,0,0,0.154151787061289,0.215819005189465,0,0,0.160790683494674,0.222447021768011,0,0,0,0,0,0,0,0,0,0,0.38142879686048,0.492504075666269,0.347200691699982,0,0,0,0,0,0,0,0,0,0,0,0,0,0,0,0,0,0,0,0,0,0,0,0,0,0,0,0.224063578515481,0,0.27873786711564,0,0,0.151731477493784,0,0,0,0
0,0,0,0,0,0,0,0,0,0,0,0,0,0,0,0,0,0,0,0,0,0,0,0,0,0,0,0,0,0,0,0.241356350531514,0,0.233655561103311,0.184357784688473,0.227360362168586,0,0.186002040984201,0.467916294932365,0,0,0,0,0,0,0,0,0.489275310188532,0.405026177565257,0,0,0,0,0,0,0,0,0,0,0,0,0,0,0,0,0,0,0,0,0,0,0,0,0,0.24770106561482,0,0,0,0.25746156038746,0,0.225120359383847,0,0.217910862832426,0,0,0,0
0,0,0,0,0,0,0,0,0,0,0,0,0,0,0,0,0,0,0,0,0,0,0,0,0,0,0,0,0,0,0,0,0,0.165595317502147,0.209666438246305,0,0.16566007566452,0.359170436859131,0.209109223064254,0,0,0,0,0,0,0,0,0.218970945248237,0,0,0,0,0,0,0,0,0,0,0,0,0,0,0,0,0,0,0,0,0,0,0,0,0,0,0,0.224063578515481,0,0,0,0.312241354987917,0,0.278786118294414,0.171868827239967,0,0,0,0
0,0.462737715244293,0,0.300588690099262,0,0.235194179026977,0,0,0,0,0,0.143556752422404,0,0,0,0,0.374493553072003,0.33390413026015,0.352706297818704,0.173123064290347,0,0,0,0,0,0,0,0,0,0,0,0.258493852547624,0.212729632854462,0.230634160836538,0,0.209484974173911,0.163595595759546,0.206486707522,0.20124591588974,0.328407150909707,0.335353367030621,0.329428280794097,0.331059776246548,0.407750603432457,0,0.263478574576192,0.35190589427948,0.283289831007838,0.25488418340683,0.254754392563794,0,0.231769770383835,0,0,0,0,0.399522393941879,0.202872681617737,0,0,0,0,0.226099895944655,0.32099903623263,0,0,0,0,0,0,0,0,0.343989193439484,0.350949704647064,0.265043907807869,0,0.25746156038746,0,0,0.396262194101627,0.271757616779586,0.424168884754181,0.20717044188826,0.234975501067109,0.292734069161296,0.368040482504199,0
0.403346478939056,0,0.389268189668655,0,0,0,0,0,0,0,0.149388238787651,0,0,0,0,0,0.361272206867984,0.357805857273537,0.362702148308561,0,0.18433045444066,0,0,0,0,0,0,0,0,0,0,0.357156965395679,0.250343744178562,0,0.193641731781619,0.14966027194996,0.222780571771428,0.163679152727127,0.217577192069821,0.371704703883121,0.235885416683943,0.332542178886277,0.339653502198007,0,0.34733882089334,0.360420552392801,0.28489119456956,0.492394240185968,0.343302755763656,0.3343645632267,0.310715903838476,0,0,0,0,0,0.284836123387019,0.426002636551857,0,0,0,0,0,0.249447195416705,0,0,0,0,0,0,0,0,0,0.326376064487223,0.462375048949168,0.27873786711564,0,0.312241354987917,0.396262194101627,0,0.398927471041679,0.27035607144423,0.24076221208407,0.210814141869545,0.378703328670484,0.354074974854787,0.362899714100708
0.394316623608271,0.453379511833191,0,0.335497878345789,0,0.325024038553238,0,0,0,0.189369243304182,0,0.154489688575268,0,0,0,0,0.381933848223379,0.364113472402096,0.416350883482585,0.234556607818336,0,0.23362932122416,0,0.263885510544623,0.293113440275192,0,0,0,0,0.165178835391998,0,0,0,0.202736794948578,0.741760568185286,0.2326235435204,0,0.212046907136025,0.424840605035424,0.364377902417453,0.389608025550842,0.366584484397933,0.371062065164248,0.348380655050278,0,0.324348740092597,0.374838294254409,0.747270906863569,0.473903248707453,0.308028729259968,0,0,0,0,0,0.223262843354523,0,0.210853644543224,0,0,0,0,0.298105000509078,0,0.282054240762625,0,0.267436568223139,0.471161638696988,0,0.327300667762756,0.236196578212894,0,0.271739927785737,0.3375064432621,0,0,0.225120359383847,0,0.271757616779586,0.398927471041679,0,0.385784278350665,0.396068618530652,0.271573915604561,0.392303480222885,0.41580741380302,0
