0,0,0.0230051992732357,0,0,0,0,0,0.0870877216060182,0,0,0,0.000932151895692937,0,0,0,7.53435210874484e-05,8.38759612525458e-05,0.00540645976757803,0,0,0,0,0,0,0,0,0,0,0,0,0,0,0,0,0,0,0,6.61415410768561e-05,3.42306488039564e-05,0.00116947189837659,0,0.0151282235787851,0,0,0,0.00595509083247216,0,0.0320121747110238,0,0,0,0,0,0.0746723031757643,0,0.00854180079980075,0,0.0053318840931097,0,0.011779940428325,0,0,0.00189541175279232,0,0,0,0.0010485404168023,0,0,0,0,0,4.36182837376328e-05,0,0,0,0,2.46432771613633e-06,0.00195709678823272,0,1.69333656631313e-05,0.000875227702629507,0,0.0195396151033771,0,0.000676452446151183
0,0,0,0.0431933010759268,0,0.00126314644040036,0,0,0,0.0395936655897128,0,0,0,0,0,0.0064070378018849,0,8.55213196849949e-06,0.00198154376898407,0,0,0,0,8.1027339753504e-05,0,0,0,0,0,0,0,0,0,0.000211113846889096,0,0,0,0.000259968720295704,0,0.000636190499254813,0,0.0184915137518428,0,0,0,9.21809187062043e-05,0,0,6.21170580262509e-05,0.0664009671693698,0,0,0,0,0,0.0982236753611292,0,0.000264723756213385,0,2.28654377008289e-05,0,0.0339823002623449,0,0,0,0,0.0136119039021287,0,0,0,0,0,0.00051759244610127,0,0,0,4.42819309443123e-05,0,7.50778880093788e-05,0,5.10440102425006e-05,0,0.0011833353407248,0,0.0228501328418282,0.000219406870161833,0
0.0230051992732357,0,0,0,0.0155831778391146,0,0,0,0.0307053365318443,0,0,0,0,0,0,0,7.71802243836506e-05,1.19352682656349e-05,0.000719569784240931,0,0.00541816983729336,0,0,0,0,0,0,0,0,0,0,0,0,0,0,5.12864278752282e-05,0.000263598487173016,0,0,3.14228166093458e-05,0.00678822056013127,4.84707971808484e-05,0.0237831593186453,0,0,0,0.0136305758817082,0.000240039426321127,0.00652469709608461,0.000203539122233136,0.0359375750231775,0,0,0,0.00659438088481893,0,0.013553296734948,1.32623423259237e-05,0.0092634287854272,0,0.0177937251538008,0,0,0.00534868004261248,0,0,0,0,0,0,0,0,6.47461733909e-05,0.00310314417955635,0,0,0,0,1.54615945112373e-05,0.00082371065995806,0,5.3538847208093e-05,0.000566778282774377,2.31992910828894e-05,0.0299779841555441,0,0.00257743252111408
0,0.0431933010759268,0,0,0,0.0456892061122274,0,0,0,0.00166575038831424,0,2.90463173577618e-05,0,0,0,0,4.89326286089297e-05,4.81086055744112e-05,0.000684784909707581,0.0117891743643367,0,0,0,0,0,0,0,0,0,0,0,0,0,0,0,0.000382359949288938,7.37821980398192e-06,0,0,0.0135131720612958,0,0.0151495405584212,0.000155562830388305,0,0,0.00555721307628456,0,0.000252906108385979,0.000423009998670528,0.00578037268301198,0,0.0031433630945515,0,0,0,0.0517358889196099,0,0.0116591825384905,0,0.0081530396604321,0,0.0259700618445479,0.000514270493704875,1.54771599787233e-05,0,0,0,0,0,0,0.000225872109718852,0,0.00734186576315439,0,0,0,0,0,0.000698435214333017,9.60411809769125e-06,0.000317834702428967,0,0.00120838208772759,5.62250690687348e-05,0.0374748193523975,0.00285333818482171,0
0,0,0.0155831778391146,0,0,0,0.0176348593263885,0,0.00285183998423506,0,0,0,0,0,0,0,0,0,0,0,0.0292427791401046,0,0,0,0,0,0,0,0,0,0,0,0,0,0,0,0.0012194175732416,0,0,0,0.000375765374116835,0,0,0,0,0,0.000354278528324936,0,3.88221819296665e-05,1.39625967266691e-05,0.183691411292526,0,0.0604720486920799,0,0.00305149242913953,0,0.0008680470717003,0,0,0,0,0,0,0.000201017642899232,0,0,0,0,0,0,0,0,0,0,0,0,0,0,0,0.000976018810733867,0,1.02367952047005e-05,0.000365177235204655,0,0.00692046947134837,0,0
0,0.00126314644040036,0,0.0456892061122274,0,0,0,0.0198791346736574,0,0.00480727378056084,0,0.00369073495655089,0,0,0,0,0,0,0,0.0238715829205066,0,0,0,0,0,0,0,0,0,0,0,0,0,0,0,0.000551340544768244,0,0,0,0.00108522200663144,0,0.000542659130803963,0,0,0,0.000294279744065306,0,0.0001001320333177,0,0.000312625115244077,0,0.0627300393031061,0,0,0,0.0389702061545913,0,0.00137602956364996,0,0,0,0.00315658696105645,0.00203005490924835,0,0,0,0,0,0,0,0,0,0.000200395834448993,0,0,0,0,0,3.80276917960541e-05,1.21324087801628e-05,1.20665476880961e-05,0,0.000308814042154667,9.86656290555973e-06,0.00877937890788086,0,0
0,0,0,0,0.0176348593263885,0,0,0,0,0,0.000367949814938026,0,0,0,0,0,0,0,0,0,0.13583993079864,0,0,0,0,0,0,0,0,0,0,0,0,0,0,0,0,0,0,0,0,0,0,0,0,0,0,0,0,0,0.00636219521964543,0,0.0466195649701766,0,0,0,0.000169273227442011,0,0,0,0,0,0,0.00408834838854089,0,0,0,0,0,0,0,0,0,0,0,0,0,0,0,0,0,0,0.000140617681350948,0,0,0,0
0,0,0,0,0,0.0198791346736574,0,0,0,0,0,0,0,0,0,0,0,0,0,0.0300155615482089,0,0,0,0,0,0,0,0,0,0,0,0,0,0,0,0,0,0,0,0,0,0,0,0,0,0,0,0,0,0,0,0,0,0.00484068430155793,0,0,0,0.0219356536524839,0,0,0,0,0,0,0,0,0,0,0,0,0,0,0,0,0,0,0,0,0,0,0,0,0.000402417068166652,0,0,0,0
0.0870877216060182,0,0.0307053365318443,0,0.00285183998423506,0,0,0,0,0.000134859504317404,0,0,0,0,0.00657516562398672,0,0.00531117573675228,0.000115554152609189,0.00184496561578616,0,0.000118571302643203,0,0,0,0.000605188761706052,0,0,0,0,0,0,0,0,0,0.000718876327226108,0,2.88973963560716e-06,0,0.0036782191987595,0,0.00188718565229824,0,0.00238678315974187,0,0,0,0.00227771651916933,0.000319191416149497,0.00280318334804127,1.20476667794374e-05,0.000683839285829692,0,0,0,0.184357742333993,0,0.000370495369059713,0,0,0,0.0124334988668277,0,0,0,0,0,0,5.37722603095503e-05,0,0.000213560895784516,0,0,0,0.00012323665330099,0,0,0,0.000132223767768733,0,7.09796436320993e-05,0,0.00140982582124445,0.000864100699521241,0,0.0118773378065057,0,0
0,0.0395936655897128,0,0.00166575038831424,0,0.00480727378056084,0,0,0.000134859504317404,0,0,0,0,0.00114292675122749,0,0.0282865576375159,0.000159181636882563,0.00147753549549052,0.00460533371214272,0.000162961236440473,0,0,0,0.00734622055872709,0,0.0088147977791197,0,0,0,0,0,0,0,0.000812166462322436,0,8.73856526956217e-05,0,0.00346409953672351,0,0.000204514474599259,1.61292183077162e-05,0.00277715561425012,0,0,0,0.000121176611729165,2.23056455811162e-05,0.00020207997409241,0,0.00364640802331628,0,0.000796324585695909,0,0,0,0.191150445104622,0,1.96237312097486e-05,0,0,0,0.0528184583803331,3.16567137155603e-05,1.31364763425446e-05,0,0,0.0123826058064006,0,0,0,0,0,0,0,0,0,0.000871174780547067,0,1.98816433054491e-06,1.46595686259902e-05,0.00085794083658324,0,0.00340179334020775,0.000112044208794469,0.00860177736180375,0.00169865389302083,0
0,0,0,0,0,0,0.000367949814938026,0,0,0,0,0,0.0257527690732794,0,0,0,0,0,0,0,0.156487865346812,0,0,0,0,0,0,0,0.000725745531779549,0,0.0066003286282015,0,0,0,0,0,0.0090363014081515,0,0.0446524511665242,0,0,0,0,0,0,0,0,0,0,0,0,0,0,0,0,0,0.074509137852783,0,0.0314608684425018,0,0,0,0,0.0420539473936443,0,0,0,0,0,0,0,0.0157655205717481,0,0.00422854120142249,0,0,0,0,0,0.00467948522027357,0,0.0281237932292755,0.00305960455424391,0.000206798698234697,1.7120439079261e-05,0,0
0,0,0,2.90463173577618e-05,0,0.00369073495655089,0,0,0,0,0,0,0,0.0500618531000001,0,0,0,0,0,0.111754970084321,0,0,0,0,0,0,0,0,0,0.00563892295692957,0,0,0,0,0,0.00951357716227099,0,0.0444754521949672,0,0,0,0,0,0,0,0.00018541645548648,0,0,0,0,0,0.00193720951511919,0,0.000485063309377171,0,0,0,0.16199060000535,0,0.0193207201752775,0,0,0.150844532477289,0,0,0,0,0,0,0,0,0,0.000322923148411377,0,0,0,0,0,0.00720851568194816,0,0.00971870156847987,0,0.00390249212244441,0,0.00055798966843955,0,0
0.000932151895692937,0,0,0,0,0,0,0,0,0,0.0257527690732794,0,0,0,0.00359452780517545,0,0,0,0,0,0,0,0,0,0,0,0,0,0.00326382271245456,0,0,0,0,0,0,0,0,0,0,0,0,0,0,0,0,0,0,0,0,0,0,0,0,0,0,0,0.0174950057739798,0,0.0388627191967707,0,0,0,0,0,0,0,0,0,0,0,0,0.000944725795116235,0,0,0,0,0,0,0,0,0,0,0.000563789070745799,0.0023476666913989,0,0,0
0,0,0,0,0,0,0,0,0,0.00114292675122749,0,0.0500618531000001,0,0,0,0.0284341331702522,0,0,0,0,0,0,0,0,0,0,0,0.0267251994832914,0,0.0603855785392944,0,0,0,0,0,0,0,0,0,0,0,0,0,0,0,0,0,0,0,0,0,0,0,0,0,0,0,0.107197136890645,0,0.139487810160352,0,0.0577810802601465,0,0,0,0,0,0,0,0,0.084516379935813,0,0.00292027070538735,0,0,0,0,0,0,0,0,0,0.000235463549764982,9.80187981957888e-05,0,0,0
0,0,0,0,0,0,0,0,0.00657516562398672,0,0,0,0.00359452780517545,0,0,0,0,0,0,0,0,0,0,0,0,0,0,0,0,0,0,0,0,0,0,0,0,0,5.76986588063608e-06,0,0,0,0,0,0,0,0,0,0,0,0,0,0,0,0.0103704258549812,0,0,0,0.00248680331025606,0,0.101210419322483,0,0,0,0,0,0,0,0,0.0147623676738646,0,0,0,0,0,0,0,0,0,0,0,0,0.000753600581524894,0,3.29214033449195e-05,0,0
0,0.0064070378018849,0,0,0,0,0,0,0,0.0282865576375159,0,0,0,0.0284341331702522,0,0,0,0,0,0,0,0,0,0.00218572734446298,0,0.0261543491574676,0,0,0,0,0,0,0,0,0,0,0,0,0,0,0,0,0,0,0,0,0,0,0,5.40246535451041e-05,0,0,0,0,0,0.269094937274202,0,0,0,0.0069198914458598,0,0.314157377604083,0,0,0,0,0.000454779162529428,0,0,0,0,0,0,0,0,0,0,0,0,0,0,0,0.000787437373668412,0,0,0,0
7.53435210874484e-05,0,7.71802243836506e-05,4.89326286089297e-05,0,0,0,0,0.00531117573675228,0.000159181636882563,0,0,0,0,0,0,0,0.277780973608373,0.119221324225359,0,0,0,0,0.000110956614970665,0,0,8.35849274994586e-05,0,0,0,0,0,0,0,0,0,9.11049304340807e-06,0,0,0.00340249447447602,0.00281472113416134,0.00104224096067521,0.00397799547583347,0,0,0.00065611727954755,0.00502162849751471,0,8.88337831443593e-06,5.56902750798154e-06,0,0,0,0,0,0,0.000149214788843474,4.85677831753397e-05,0,0,0,0,1.9828942589517e-05,0.000948369378974846,0,0,0,0,0,0,0,0,7.2419233308092e-05,3.33218493321239e-05,0,0,0,0,0.00101219833115188,0.00241157592359737,0.000268468663777656,0.000109680339648359,0.0116012028390205,0.000185444598370424,0.00469167273191053,3.80613179290213e-05,0.000263183478799664
8.38759612525458e-05,8.55213196849949e-06,1.19352682656349e-05,4.81086055744112e-05,0,0,0,0,0.000115554152609189,0.00147753549549052,0,0,0,0,0,0,0.277780973608373,0,0.118607988382764,0,0,0,0,0.000627940512875783,0,0.00385652817267019,0,0,0,0,0,0,0,6.92467727210749e-06,0,0,0,2.24360875208454e-05,0,0.00690565249121425,0.00166590923080272,0.00402505980078101,0.00166459151193547,0.000129216628720034,0,0.00112666354618241,0.00401002124951821,0,2.84168250054463e-05,6.73596106957956e-05,0,0,0,0,0,8.58646541523026e-05,6.57293050884618e-05,3.90417651197476e-05,0,0,0,0,9.84089516824857e-05,0.000862309266344897,0,0,1.99115369692434e-05,0,0,0,0,0,0.000350766791260994,5.31073393210983e-05,0,0,0,0,0.00205378570899685,0.00178554366444894,0.000830902303129714,1.49872872315825e-05,0.0111317289423728,4.25621113388608e-06,0.00452854783890926,0.000440955497926542,0.000140404878959569
0.00540645976757803,0.00198154376898407,0.000719569784240931,0.000684784909707581,0,0,0,0,0.00184496561578616,0.00460533371214272,0,0,0,0,0,0,0.119221324225359,0.118607988382764,0,0,0,0,0,0,0,0,0,0,0,0,0,0,0,0,0,0,5.37506722918703e-06,4.0764848913182e-06,0,0.0722110304492994,0.0220086374909002,0.0229510452717615,0.0298172111818914,0.00150586721445848,6.96089612247548e-05,0.0111137187975479,0.0489813144317206,0,0.000364094330831583,0.000323766861828146,0,0,0,0,0,0,0.00121979878014046,0.000610919221557037,0,0,0,2.04247152127987e-05,0.00159354460702127,0.00854539776274516,0,0,0,0,0,0,0,0,0.00489127217090566,0.000577128389928898,0,0,0,0,0.0147947565963272,0.0178394179836996,0.00509730019191186,0.000605545119079815,0.00799295892404711,0.000135226002570167,0.0472406431783087,0.00285358322640846,0.002834703737612
0,0,0,0.0117891743643367,0,0.0238715829205066,0,0.0300155615482089,0,0.000162961236440473,0,0.111754970084321,0,0,0,0,0,0,0,0,0,0,0,0,0,0,0,0,0,0,0,0,0,0,0,0.0282965295756413,3.51074589229755e-05,0.00829801173546559,0,0.000834998126980978,0,0.000530901428351907,0,0,0,0.000812341487990869,0,0,6.60403287578641e-05,0.000160888429777922,0,0.0100636857264098,0,0,0,0.00301304328624669,0,0.00473290564541106,0,3.18371447059615e-05,0,0.00203157785919018,0.149901728428667,0,0,0,0,0,0,0,1.79208132359125e-05,0,0.000706664292574246,0,0,0,0,0,0.0159022583836447,0,0.00563891765718579,0,0.00124406568161224,0,0.0119131662939222,0.000321677529224168,0
0,0,0.00541816983729336,0,0.0292427791401046,0,0.13583993079864,0,0.000118571302643203,0,0.156487865346812,0,0,0,0,0,0,0,0,0,0,0,0,0,0,0,0,0,0,0,0,0,0,0,0,0,0.0625419810113517,0,0.0056026721734239,0,0,0,0,0,0,0,0,0,0,0,0.00339393304290058,0,0.165659030431244,0,0,0,0.0447503003430173,0,0,0,0,0,0,0.0727793352232968,0,0,0,0,0,0,0,0,0,0,0,0,0,0,0,0.0257397619207238,0,0.0094286958333424,0.00588825466173095,2.74710766293021e-06,0.00207860916643517,0,0
0,0,0,0,0,0,0,0,0,0,0,0,0,0,0,0,0,0,0,0,0,0,0.100474083460322,0.00386394432938812,0,0.0011190336010497,0,0.00832269639457421,0,0,0,0,0,0.000826992346094739,0,0,0,0.0237851931043283,0.00147275098647777,0,0,0,0,0,0,0,0,0.00169729721242508,0,0.00874893901896538,0,0,0,0,0,0,0,0,0,0,0,0,0,0,0.153023146854249,0.0348068514602442,0.00584740105814215,0,0,0,0.00462144966880088,0,6.66394685277302e-05,0,0,0,0.00229554905066421,0,0,0,0.0289734439291068,7.39253883898642e-05,0.00764935018619703,0.00138371775851757,0,0,0
0,0,0,0,0,0,0,0,0,0,0,0,0,0,0,0,0,0,0,0,0,0.100474083460322,0,0,0.0133168002691714,0,0.00522505363949385,0,0.0314661445097069,0,0,0,0,0.000502900000506607,0,0,0,0.00184666708834621,0.0228821019887587,0,0,0,0,0,0,0,0,0.000153490204975644,0.00530139913480829,0,0,0,0,0,0,0,0,0,0,0,0,0,0,0,0.0149492401486875,0.21921830389493,0,0.00744252136268778,0,0.00621742757808827,0,0.0335808247959616,0,0,0,0,0.000283586429183334,2.16756108791002e-05,0,0,2.732267407408e-05,0.0352986558153882,0.00630887865178879,5.08517111775869e-05,0,0,0
0,8.1027339753504e-05,0,0,0,0,0,0,0,0.00734622055872709,0,0,0,0,0,0.00218572734446298,0.000110956614970665,0.000627940512875783,0,0,0,0.00386394432938812,0,0,0,0.0125259528604575,0,0,0,0,0,0,0,7.92615780462469e-05,0,0,0,0.0124577693050989,0,0,0,0,0,0,0,0,0,0.000579741480088973,0,0.00462589297231507,0,0,0,0,0,0.0197596644266792,0,0,0,0,0,0,0,0,0.0266559953848433,0,0.325679522844983,0,0,0,0,0,0,0,0,0,0.000379714835459468,0,0,0,0.00410542433632005,0,0.00276078290837546,0.000527670694998029,0.000468579299864941,0,0
0,0,0,0,0,0,0,0,0.000605188761706052,0,0,0,0,0,0,0,0,0,0,0,0,0,0.0133168002691714,0,0,0,0.0270053097384491,0,0,0,0,0,0,0,0,0,0,0,0.00565947481047079,0,0,0,0,0,0,0,0,0.000435131956627918,0.00274610565457899,0,0,0,0,0,0.0175948662680736,0,0,0,0,0,0,0,0,0,0,0.0102809954938373,0,0.482044483081102,0,0.000940379258719089,0,0,0,0,0,0,0,0,0,0,0,0.00734336059253378,0.000967514117359341,0,0.00197105026467663,0,0
0,0,0,0,0,0,0,0,0,0.0088147977791197,0,0,0,0,0,0.0261543491574676,0,0.00385652817267019,0,0,0,0.0011190336010497,0,0.0125259528604575,0,0,0,0,0,0,0,0,0,0,0,0,0,0,0,0,0,0,0,0,0,0,0,0,0,0,0,0,0,0,0,0.00690178128344794,0,0,0,0,0,0,0,0,0.0105813296219182,0,0.0479060248905729,0,0,0,0,0,0,0,0,0,0,0,0,0,0,0,1.32805487167138e-05,0,0,0,0
0,0,0,0,0,0,0,0,0,0,0,0,0,0,0,0,8.35849274994586e-05,0,0,0,0,0,0.00522505363949385,0,0.0270053097384491,0,0,0,0.000104898776044138,0,0,0,0,0,0,0,0,0,0,0,0,0,0,0,0,0,0,0,0,0,0,0,0,0,0.00409929141994363,0,0,0,0,0,0,0,0,0,0,0.00643016279323977,0,0.0568644976701078,0,0.0236635898159706,0,0.00263701591899992,0,0,0,0,0,0,0,0,0,0,9.95428855417001e-05,0,0,0,0
0,0,0,0,0,0,0,0,0,0,0,0,0,0.0267251994832914,0,0,0,0,0,0,0,0.00832269639457421,0,0,0,0,0,0,0,0.0597918720148444,0,0,0,0,0,0,0,0.000984817390681623,0,0,0,0,0,0,0,0,0,0,0,0,0,0,0,0,0,0,0,0,0,0.056136002095194,0,0,0,0,0.00617239895194883,0,0,0,0,0,0.325761617880815,0,0.0410144457529389,0,0,0,0,0,0,0,0.00207616174555805,0,0.000575875854640576,0.000104365223553728,0,0,0
0,0,0,0,0,0,0,0,0,0,0.000725745531779549,0,0.00326382271245456,0,0,0,0,0,0,0,0,0,0.0314661445097069,0,0,0,0.000104898776044138,0,0,0,0.0240187941815748,0,0,0,0,0,0,0,0.0036873463506146,0,0,0,0,0,0,0,0,0,0,0,0,0,0,0,0,0,0.000386527611231921,0,0,0,0,0,0,0,0,0.00916036824861469,0,0,0,0.0317903327307927,0,0.237925477360549,0,0.0913802841086831,0,0,0,0,0,0,0,0.000422877826517985,4.32242391498504e-05,0.000538523530516869,0,0,0
0,0,0,0,0,0,0,0,0,0,0,0.00563892295692957,0,0.0603855785392944,0,0,0,0,0,0,0,0,0,0,0,0,0,0.0597918720148444,0,0,0,0,0,0,0,0,0,0.00602400524507899,0,0,0,0,0,0,0,0,0,0,0,0,0,0,0,0,0,0,0,0.00314019503675408,0,0.00277323529512679,0,0,6.56832902731514e-05,0,0,0,0,0,0,0,0.0302230341947936,0,0.388687496051471,0,0,0,0,0,0,0,0.00847639103418321,0,0.000251054675336452,0,0,0,0
0,0,0,0,0,0,0,0,0,0,0.0066003286282015,0,0,0,0,0,0,0,0,0,0,0,0,0,0,0,0,0,0.0240187941815748,0,0,0,0,0,0,0,0,0,0.0139570062023368,0,0,0,0,0,0,0,0,0,0,0,0,0,0,0,0,0,0.00041716467092438,0,0,0,0,0,0,0,0,0,0,0,0,0,0,0.00195711416165308,0,0.174093510420889,0,0,0,0,0,0,0,0.0119870569140257,0.000506418982787949,0.00014790338089826,0,0,0
0,0,0,0,0,0,0,0,0,0,0,0,0,0,0,0,0,0,0,0,0,0,0,0,0,0,0,0,0,0,0,0,0.157585538311276,0.0212588190519046,0.0275177518967377,0.020528625922449,0.00135327103098251,0,0,0,0,0,0,0,0,0,0,0.028264750328033,0,0,0,0,0,0,0,0,0,0,0,0,0,0,0,0,0,0,0,0,0,0,0,0,0,0,0.396074791288119,0.186400193156601,0.00194404544111706,0.0181303786446013,0.0135555505048677,0.000114149825842219,0,0,0.00310207956011619,0,0,0,0
0,0,0,0,0,0,0,0,0,0,0,0,0,0,0,0,0,0,0,0,0,0,0,0,0,0,0,0,0,0,0,0.157585538311276,0,0.00177707676004993,0.0122714416213214,0.0101098209044658,0.0138255955981211,0,0,0,0,0,0,0,0,0,0,0.0538559364867125,0,0,0,0,0,0,0,0,0,0,0,0,0,0,0,0,0,0,0,0,0,0,0,0,0,0,0.171508401739081,0.32718630379531,0.000714770205303014,0.0280116342370526,0.000848382021009208,0.00702053663857637,0,0,0.00329215422749557,0,0,0,0
0,0.000211113846889096,0,0,0,0,0,0,0,0.000812166462322436,0,0,0,0,0,0,0,6.92467727210749e-06,0,0,0,0.000826992346094739,0.000502900000506607,7.92615780462469e-05,0,0,0,0,0,0,0,0.0212588190519046,0.00177707676004993,0,0.436853751565624,0.0144758222682889,0,0.0161122454125459,0.00398856906814787,0,0,0.000231886571083866,0,0,0,0,0,0.303856830653452,0.00158637570439526,0.000146357862273752,0,0,0,0,0,0.00233953596976537,0,0,0,0,0,3.09714293472325e-05,0,0,6.96382201241237e-05,0,0.000348965660981288,0,0,0,0,0,0,0,0.034913337833374,0.00126792090417025,0.2608870375213,0.620192789317217,0.00225148335659737,0,0.0146504787441088,0.012068481955787,0.00662077772862875,4.64487410493855e-05,0.000141204865490913,0,0
0,0,0,0,0,0,0,0,0.000718876327226108,0,0,0,0,0,0,0,0,0,0,0,0,0,0,0,0,0,0,0,0,0,0,0.0275177518967377,0.0122714416213214,0.436853751565624,0,0,0.0139708693894423,0.00783607482632832,0.0126584459611978,0,0,0,0.000166909736979515,0,0,0,0,0.199592554939132,0.000242555222944165,0.00050827140074342,0,0,0,0,7.29045148679889e-05,0,0,0,0,0,0,0,0,0,0,0,0,0,0,0,0,0,0,0,0.00837139590495754,0.00963057920473934,0.234783522697137,0.335065633046334,7.64484753996002e-06,0.00358293663510204,0.000611412866638335,0.00726865932468536,0.00367696615479124,0,0.000127086080094256,0,0
0,0,5.12864278752282e-05,0.000382359949288938,0,0.000551340544768244,0,0,0,8.73856526956217e-05,0,0.00951357716227099,0,0,0,0,0,0,0,0.0282965295756413,0,0,0,0,0,0,0,0,0,0,0,0.020528625922449,0.0101098209044658,0.0144758222682889,0,0,0.0592171075139961,0.00858981063740152,0.00170668757985627,9.43390932184688e-05,0.000250086902813491,9.51285347715344e-05,1.16779193320176e-05,0,0,0.000185719412085544,9.18268367702681e-06,4.17720358778535e-05,0.000133442988560524,0.000330119847296208,0,0.000133584639574916,0,0,0,5.05577593267045e-05,0,9.87650736226277e-05,0,0,0,8.45952811791392e-05,0.0318444402759788,6.56279350508854e-06,0,0,0,0,0,0,0,0,2.93236298328682e-05,0,0.00836453949804614,0.00602484850504352,0.000536750788274516,5.45698846231806e-06,0.171364562495297,0.0231293630430707,0.00131821818371609,0,0.0353184037693955,0.00138930406891853,0.00307200320048588,0,0
0,0,0.000263598487173016,7.37821980398192e-06,0.0012194175732416,0,0,0,2.88973963560716e-06,0,0.0090363014081515,0,0,0,0,0,9.11049304340807e-06,0,5.37506722918703e-06,3.51074589229755e-05,0.0625419810113517,0,0,0,0,0,0,0,0,0,0,0.00135327103098251,0.0138255955981211,0,0.0139708693894423,0.0592171075139961,0,5.76646568192073e-05,0.0097728177896519,0,0.00182380870175977,9.53189639929899e-06,4.30798961550416e-05,0,0,0,0.000749665470802427,0.000947574581543592,0.000293665355923265,0,8.47340726201204e-06,0,0,0,0,0,0.000642375169725727,0,0,0,0,0,0,0.0146273312882486,0,0,0,0,0,0,0,0,0,0,0.00148374944870273,0.0209590440163831,0,0.000874042062426923,0.00803767049128155,0.188698674868142,0,0.00533391252184015,0.0418629763040537,0.00205359461962357,0.00330666886196142,0,3.91911085215494e-06
0,0.000259968720295704,0,0,0,0,0,0,0,0.00346409953672351,0,0.0444754521949672,0,0,0,0,0,2.24360875208454e-05,4.0764848913182e-06,0.00829801173546559,0,0.0237851931043283,0.00184666708834621,0.0124577693050989,0,0,0,0.000984817390681623,0,0.00602400524507899,0,0,0,0.0161122454125459,0.00783607482632832,0.00858981063740152,5.76646568192073e-05,0,0.0373280452007319,1.07776445662923e-05,0,0.000214893688297682,0,0,0,5.69767052942369e-05,0,0.0209050848790586,0,0.00804158799543435,0,0,0,0,0,0.00338582437204586,0,0.0114024547859382,0,0,0,1.33829137827882e-05,0.00911721234790432,0,0.00674294679095254,4.86772227744389e-05,0.00599943866647141,0,0,0,0.00306278190510592,0,0.0151562670766981,0,0,0,0.0120049330368507,0.000212812530911515,0.00888436049702861,0,0.234583015049658,0.0208966136686548,0.0135235184671899,5.27600841139721e-05,0.00186554256586353,1.85517676125337e-05,0
6.61415410768561e-05,0,0,0,0,0,0,0,0.0036782191987595,0,0.0446524511665242,0,0,0,5.76986588063608e-06,0,0,0,0,0,0.0056026721734239,0.00147275098647777,0.0228821019887587,0,0.00565947481047079,0,0,0,0.0036873463506146,0,0.0139570062023368,0,0,0.00398856906814787,0.0126584459611978,0.00170668757985627,0.0097728177896519,0.0373280452007319,0,0,0,0,0.000220129279161557,0,0,0,0,0.00765750327277943,0.0088532995232679,0,0,0,0,0,0.00432498044679724,0,0.00591732189610547,0,0,0,0,0,0,0.00365223436907961,0,0.00172825147850001,0,0.0019749544718866,0,0,0,0.000245192697862689,0,0.00237561271487339,0,0,0.00221914868504169,0.0110330751769657,0,0.00360131024279658,0.00206615095590816,0.321299517001049,0.0135447733734615,0.00720081446294094,0.000759485968306698,0,0
3.42306488039564e-05,0.000636190499254813,3.14228166093458e-05,0.0135131720612958,0,0.00108522200663144,0,0,0,0.000204514474599259,0,0,0,0,0,0,0.00340249447447602,0.00690565249121425,0.0722110304492994,0.000834998126980978,0,0,0,0,0,0,0,0,0,0,0,0,0,0,0,9.43390932184688e-05,0,1.07776445662923e-05,0,0,0.00121985133695504,0.116542014151979,0.00407658427618331,0.00395175939279947,0,0.058502599892667,0.00234633064784512,0.00124089014355967,0.00018734682208178,0.0593764549907868,0,0,0,0,0,0.00220305791352241,8.5124613990982e-06,0.00297912519242967,0,1.77232961948724e-05,0,0.00120802376800985,0.0398519685102404,0.000168910515920834,0,0,0,0,0,0,1.79462045956955e-05,0,0.00827499916248891,9.24530334888143e-05,0,0,0,0,0.0154891197073219,0.000252440795682042,0.00275722140815796,4.87197204787691e-05,0.00217163536853665,8.14664421588219e-05,0.100782438839445,0.0163416339383072,0
0.00116947189837659,0,0.00678822056013127,0,0.000375765374116835,0,0,0,0.00188718565229824,1.61292183077162e-05,0,0,0,0,0,0,0.00281472113416134,0.00166590923080272,0.0220086374909002,0,0,0,0,0,0,0,0,0,0,0,0,0,0,0,0,0.000250086902813491,0.00182380870175977,0,0,0.00121985133695504,0,0.000607581636164229,0.0648404892972314,3.71148771456404e-05,0.000379679901308139,0.000268182167366842,0.0623203812536815,0.00662871051365549,0.0478872287443886,0.000125514123886093,0,0,0,0,3.3279555546502e-05,0,0.0014727201746829,9.32729353246239e-06,2.45428203455355e-05,0,0,0,0,0.0269724343381379,0,0,0,0,0,0,0,0,3.72997037512658e-05,0.000426318389001821,0,0,0,0,0.000110703286089013,0.0172162513574487,4.8459550066653e-05,0.00199731049899383,0.00115105884718372,0.000163692243476248,0.0579425080164486,0.000403948970159954,0.0164262751204077
0,0.0184915137518428,4.84707971808484e-05,0.0151495405584212,0,0.000542659130803963,0,0,0,0.00277715561425012,0,0,0,0,0,0,0.00104224096067521,0.00402505980078101,0.0229510452717615,0.000530901428351907,0,0,0,0,0,0,0,0,0,0,0,0,0,0.000231886571083866,0,9.51285347715344e-05,9.53189639929899e-06,0.000214893688297682,0,0.116542014151979,0.000607581636164229,0,0.0170782344456076,0.00366429580552438,0,0.0134582781920515,0.000628775808223192,0.00107533261869174,0.000171353422758062,0.0123832112656431,0,2.37838897575355e-05,0,0,0,0.00395720191120055,9.19573923031849e-06,0.0218665248803042,0,0,0,0.00144784182148231,0.0167132322899753,0,0,0,0,0,0,0,0.000120584528840523,0,0.0361764701108832,0,0,0,0,4.2997820544038e-05,0.00868485359433559,0.000122343520268509,0.0043977040982374,0,0.0048547834335089,0.000178844235706896,0.127904305987228,0.0698127370521889,0.000400662859266278
0.0151282235787851,0,0.0237831593186453,0.000155562830388305,0,0,0,0,0.00238678315974187,0,0,0,0,0,0,0,0.00397799547583347,0.00166459151193547,0.0298172111818914,0,0,0,0,0,0,0,0,0,0,0,0,0,0,0,0.000166909736979515,1.16779193320176e-05,4.30798961550416e-05,0,0.000220129279161557,0.00407658427618331,0.0648404892972314,0.0170782344456076,0,7.06214635559919e-05,0,0.000960984555687997,0.0531454938652632,0.000629273608680807,0.0114319393409791,7.09816096136514e-05,4.49707827631443e-05,0,0,0,0.000279343658434131,3.32590925858939e-05,0.0386046711183436,0,9.05272597506489e-05,0,4.57982991628153e-05,7.65006831764193e-05,0,0.0192395041668086,0,0,0,0,0,0,0,0,0.000227593076511253,0.0131775471672537,0,0,0,0,0.000379730564677537,0.01241170696895,0.000183152364942373,0.00167405216892035,0.00367116305655763,0.000331889864732734,0.146364283623042,0.000162179393712357,0.0544328787709415
0,0,0,0,0,0,0,0,0,0,0,0,0,0,0,0,0,0.000129216628720034,0.00150586721445848,0,0,0,0,0,0,0,0,0,0,0,0,0,0,0,0,0,0,0,0,0.00395175939279947,3.71148771456404e-05,0.00366429580552438,7.06214635559919e-05,0,0,0.000916256637040894,1.76886379587426e-05,0,0,0.000144819858421212,0,0,0,0,0,0,0,0,0,0,0,0,0,0,0,0,0,0,0,0,0,0,0.000402661668411068,0,0,0,0,0,0.000286001162587984,0,0.000223264831187761,0,0.00018277555638407,6.8358050068017e-06,0.00436009194932256,0.00876518537572836,0
0,0,0,0,0,0,0,0,0,0,0,0,0,0,0,0,0,0,6.96089612247548e-05,0,0,0,0,0,0,0,0,0,0,0,0,0,0,0,0,0,0,0,0,0,0.000379679901308139,0,0,0,0,0,0.000438343204204224,0,0,0,0,0,0,0,0,0,0.00036180731091269,0,0,0,0,0,0,0,0,0,0,0,0,0,0,0,0,5.7133317538309e-05,0,0,0,0,0,0.000109468093713539,0,7.66737885810119e-06,5.11153359061665e-07,0,0.00105263157085546,0,0
0,9.21809187062043e-05,0,0.00555721307628456,0,0.000294279744065306,0,0,0,0.000121176611729165,0,0.00018541645548648,0,0,0,0,0.00065611727954755,0.00112666354618241,0.0111137187975479,0.000812341487990869,0,0,0,0,0,0,0,0,0,0,0,0,0,0,0,0.000185719412085544,0,5.69767052942369e-05,0,0.058502599892667,0.000268182167366842,0.0134582781920515,0.000960984555687997,0.000916256637040894,0,0,0.000468979832983077,5.59124029475607e-05,0.000103791038437603,0.0029742030925591,0,0,0,0,0,0.000520914814275781,2.19940253869683e-05,0.00225232756188586,0,0,0,0.000576913653595436,0.0423169531420741,0.000100580453140345,0,0,0,0,0,0,0,0,0.01871959456187,0,0,0,0,0,0.0162163826511328,0.000196618789147856,0.0115395816446397,0,0.000365718909758437,1.2760167300701e-05,0.016794973502093,0.00058612218985645,0
0.00595509083247216,0,0.0136305758817082,0,0.000354278528324936,0,0,0,0.00227771651916933,2.23056455811162e-05,0,0,0,0,0,0,0.00502162849751471,0.00401002124951821,0.0489813144317206,0,0,0,0,0,0,0,0,0,0,0,0,0,0,0,0,9.18268367702681e-06,0.000749665470802427,0,0,0.00234633064784512,0.0623203812536815,0.000628775808223192,0.0531454938652632,1.76886379587426e-05,0.000438343204204224,0.000468979832983077,0,0.000394718809686972,0.00436545203082341,0.000111768874019714,0,0,0,0,0.000102211283514857,1.30668635138502e-05,0.00868473782311911,5.96579452092035e-05,1.06018108693553e-05,0,0,0,0,0.0675483512992705,0,0,0,0,0,0,0,0,5.76134708046708e-05,0.00492978628979001,0,0,0,0,0.000467948552017457,0.0235518476759445,9.63834842666051e-05,0.000591004999726054,0.00154293451198656,0.000138678246039846,0.0713356355285867,0.000158571496236815,0.0030157396498177
0,0,0.000240039426321127,0.000252906108385979,0,0.0001001320333177,0,0,0.000319191416149497,0.00020207997409241,0,0,0,0,0,0,0,0,0,0,0,0.00169729721242508,0.000153490204975644,0.000579741480088973,0.000435131956627918,0,0,0,0,0,0,0.028264750328033,0.0538559364867125,0.303856830653452,0.199592554939132,4.17720358778535e-05,0.000947574581543592,0.0209050848790586,0.00765750327277943,0.00124089014355967,0.00662871051365549,0.00107533261869174,0.000629273608680807,0,0,5.59124029475607e-05,0.000394718809686972,0,0.0962806490750066,0.048237846520958,0,0,0,0,0.000189386468614092,0.000186502228009252,7.66131388032457e-05,2.63676009248681e-05,0,0,0,0,0.00017040920082342,0.000185780869245993,0,0,0.000539383138535907,0.00020533246151515,0,0,7.88629200799496e-05,0,0.000246065619037374,1.29198174654501e-05,0.712405370429957,0.329919534841121,0.214290047957548,0.146046743722244,0.000599020679922139,0.00763438534000977,0.0357517468141212,0.0411256407778836,0.00557550881276073,1.80132738972555e-05,0.0119567377718824,0,2.87369605295532e-05
0.0320121747110238,6.21170580262509e-05,0.00652469709608461,0.000423009998670528,3.88221819296665e-05,0,0,0,0.00280318334804127,0,0,0,0,0,0,0,8.88337831443593e-06,2.84168250054463e-05,0.000364094330831583,6.60403287578641e-05,0,0,0.00530139913480829,0,0.00274610565457899,0,0,0,0,0,0,0,0,0.00158637570439526,0.000242555222944165,0.000133442988560524,0.000293665355923265,0,0.0088532995232679,0.00018734682208178,0.0478872287443886,0.000171353422758062,0.0114319393409791,0,0,0.000103791038437603,0.00436545203082341,0.0962806490750066,0,0.00418581639669036,9.38795485261212e-05,0,0,0,0.0111129701649377,0.000128096553175498,0.00438850148640415,0,0.000757227282938222,0,0.00916769508004149,0,0,0.00104443111192529,0,0.00374620809313146,0,0.0232386079826087,0,0.00593268111585759,0,0.00516296403904064,5.39366347203146e-05,0.00453234374047089,0.000104319018051337,0.00025560345379267,0.00344025315519165,0,2.98648571411084e-05,0.00405009504105152,6.68231252843752e-05,0.0213382718971553,0.00165927272761926,0.000119481475372692,0.0304318474124928,0,6.90121370504784e-05
0,0.0664009671693698,0.000203539122233136,0.00578037268301198,1.39625967266691e-05,0.000312625115244077,0,0,1.20476667794374e-05,0.00364640802331628,0,0,0,0,0,5.40246535451041e-05,5.56902750798154e-06,6.73596106957956e-05,0.000323766861828146,0.000160888429777922,0,0.00874893901896538,0,0.00462589297231507,0,0,0,0,0,0,0,0,0,0.000146357862273752,0.00050827140074342,0.000330119847296208,0,0.00804158799543435,0,0.0593764549907868,0.000125514123886093,0.0123832112656431,7.09816096136514e-05,0.000144819858421212,0,0.0029742030925591,0.000111768874019714,0.048237846520958,0.00418581639669036,0,0,0,0,0,0,0.0116472350780216,2.63070637331491e-05,0.00660848235081024,1.87856058674295e-05,0.000260704647128953,0,0.00293546591414056,0.00281652053366,1.76542598303726e-05,0.0155840775210534,0,0.0183145841083678,0,0.000195511654221415,0,0.00993002948126667,0,0.0089444418403942,0,0.00147359680619833,0,0.000477238495563647,0.000398276612264187,0.00545489020480486,6.38075265288837e-06,0.0178805570746237,0.000155178557230444,0.0013669204158903,6.45541235723377e-05,0.04110949057765,0.00100902212888016,0
0,0,0.0359375750231775,0,0.183691411292526,0,0.00636219521964543,0,0.000683839285829692,0,0,0,0,0,0,0,0,0,0,0,0.00339393304290058,0,0,0,0,0,0,0,0,0,0,0,0,0,0,0,8.47340726201204e-06,0,0,0,0,0,4.49707827631443e-05,0,0,0,0,0,9.38795485261212e-05,0,0,0,0,0,0.000101553164645395,0,0.0146145077762668,0,0.000502045002577355,0,0.00203094273739189,0,0,0.000314123575438337,0,0,0,0,0,0,0,0,0,0.000368964864265134,0,0,0,0,0,0,0,0,0.000372302164581872,0,0.00889254465849191,0,0
0,0,0,0.0031433630945515,0,0.0627300393031061,0,0,0,0.000796324585695909,0,0.00193720951511919,0,0,0,0,0,0,0,0.0100636857264098,0,0,0,0,0,0,0,0,0,0,0,0,0,0,0,0.000133584639574916,0,0,0,0,0,2.37838897575355e-05,0,0,0,0,0,0,0,0,0,0,0,0,0,0,0,0.0191365280359926,0,0,0,0,0.0013885583014606,0,0,0,0,0,0,0,0,0,0,0,0,0,0,0,2.92782897353354e-06,0,4.53439885428705e-06,0,0.00115711882999725,0,0.00793955642030804,0,0
0,0,0,0,0.0604720486920799,0,0.0466195649701766,0,0,0,0,0,0,0,0,0,0,0,0,0,0.165659030431244,0,0,0,0,0,0,0,0,0,0,0,0,0,0,0,0,0,0,0,0,0,0,0,0,0,0,0,0,0,0,0,0,0,0,0,0,0,0,0,0,0,0,0.00306303976773181,0,0,0,0,0,0,0,0,0,0,0,0,0,0,0,0,0,0,0.000284514848227483,0,0,0,0
0,0,0,0,0,0,0,0.00484068430155793,0,0,0,0.000485063309377171,0,0,0,0,0,0,0,0,0,0,0,0,0,0,0,0,0,0,0,0,0,0,0,0,0,0,0,0,0,0,0,0,0,0,0,0,0,0,0,0,0,0,0,0,0,0.0055461474986712,0,0,0,0,0,0,0,0,0,0,0,0,0,0,0,0,0,0,0,0,0,0,0,0,0.000743339895977759,0,0,0,0
0.0746723031757643,0,0.00659438088481893,0,0.00305149242913953,0,0,0,0.184357742333993,0,0,0,0,0,0.0103704258549812,0,0,0,0,0,0,0,0,0,0.0175948662680736,0,0.00409929141994363,0,0,0,0,0,0,0,7.29045148679889e-05,0,0,0,0.00432498044679724,0,3.3279555546502e-05,0,0.000279343658434131,0,0,0,0.000102211283514857,0.000189386468614092,0.0111129701649377,0,0.000101553164645395,0,0,0,0,0,6.13147019654647e-05,0,0.000259153977013725,0,0.000638136436346005,0,0,0,0,0,0,0.0561498033629137,0,0.000396442285595627,0,0,0,0,0,0,0,0.00020631438449094,0,0,0,0.00541183648827165,0.000144564151453949,0,0.0154359007001956,0,0
0,0.0982236753611292,0,0.0517358889196099,0,0.0389702061545913,0,0,0,0.191150445104622,0,0,0,0,0,0.269094937274202,0,8.58646541523026e-05,0,0.00301304328624669,0,0,0,0.0197596644266792,0,0.00690178128344794,0,0,0,0,0,0,0,0.00233953596976537,0,5.05577593267045e-05,0,0.00338582437204586,0,0.00220305791352241,0,0.00395720191120055,3.32590925858939e-05,0,0,0.000520914814275781,1.30668635138502e-05,0.000186502228009252,0.000128096553175498,0.0116472350780216,0,0,0,0,0,0,0,0.000219214989912874,0,0,0,0.0230677108701687,3.73436969947462e-05,0,0,0,0.0638235753455173,0,0,0,0,0,0.000725540182573595,0,0,0,0.00205959634251969,0,6.0859681443452e-05,0,0.000813573450300399,0,0.000907116396746361,0,0.0155671321478459,0.000584963644512992,0
0.00854180079980075,0,0.013553296734948,0,0.0008680470717003,0,0.000169273227442011,0,0.000370495369059713,0,0.074509137852783,0,0.0174950057739798,0,0,0,0.000149214788843474,6.57293050884618e-05,0.00121979878014046,0,0.0447503003430173,0,0,0,0,0,0,0,0.000386527611231921,0,0.00041716467092438,0,0,0,0,0,0.000642375169725727,0,0.00591732189610547,8.5124613990982e-06,0.0014727201746829,9.19573923031849e-06,0.0386046711183436,0,0.00036180731091269,2.19940253869683e-05,0.00868473782311911,7.66131388032457e-05,0.00438850148640415,2.63070637331491e-05,0.0146145077762668,0,0,0,6.13147019654647e-05,0,0,0,0.00775675615195917,0,0.00160899398579296,0,0,0.0392151364717303,0,0,0,0,0,0,0,0.00232944626580813,0,0.0219794284494339,0,0,0,0,0,0.00165112674669756,0,0.0013171262129299,0.00354132640239829,0.000123783035415518,0.0293357585843154,0,0.00230972449766767
0,0.000264723756213385,1.32623423259237e-05,0.0116591825384905,0,0.00137602956364996,0,0.0219356536524839,0,1.96237312097486e-05,0,0.16199060000535,0,0.107197136890645,0,0,4.85677831753397e-05,3.90417651197476e-05,0.000610919221557037,0.00473290564541106,0,0,0,0,0,0,0,0,0,0.00314019503675408,0,0,0,0,0,9.87650736226277e-05,0,0.0114024547859382,0,0.00297912519242967,9.32729353246239e-06,0.0218665248803042,0,0,0,0.00225232756188586,5.96579452092035e-05,2.63676009248681e-05,0,0.00660848235081024,0,0.0191365280359926,0,0.0055461474986712,0,0.000219214989912874,0,0,0,0.0188518268346384,0,0.00061598979287817,0.0459084385959658,0,0,0,0,0,0,0,0.015469328694824,0,0.0853257433713444,0,0,0,0,0,0.000421232483076022,1.84651135593878e-06,0.00145656956901632,0,0.00278511895561528,1.00573895281061e-05,0.0193919073843536,0.00335726786967663,0
0.0053318840931097,0,0.0092634287854272,0,0,0,0,0,0,0,0.0314608684425018,0,0.0388627191967707,0,0.00248680331025606,0,0,0,0,0,0,0,0,0,0,0,0,0,0,0,0,0,0,0,0,0,0,0,0,0,2.45428203455355e-05,0,9.05272597506489e-05,0,0,0,1.06018108693553e-05,0,0.000757227282938222,1.87856058674295e-05,0.000502045002577355,0,0,0,0.000259153977013725,0,0.00775675615195917,0,0,0,0.0175705392686927,0,0,0,0,0,0,0,0,0,0,0.00660320120592404,0,0,0,0,0,0,0,2.0380273941207e-06,0,0,8.80740002345247e-05,0.000380292546240355,0.000429489789965011,0,0
0,2.28654377008289e-05,0,0.0081530396604321,0,0,0,0,0,0,0,0.0193207201752775,0,0.139487810160352,0,0.0069198914458598,0,0,0,3.18371447059615e-05,0,0,0,0,0,0,0,0.056136002095194,0,0.00277323529512679,0,0,0,0,0,0,0,0,0,1.77232961948724e-05,0,0,0,0,0,0,0,0,0,0.000260704647128953,0,0,0,0,0,0,0,0.0188518268346384,0,0,0,0.0189244715811174,0,0,0,0,0,0,0,0,0.0348874848745898,0,0.000557269283532464,0,0,0,0,0,0,0,0,0,0.00111464771343553,0.00283421892132206,0.00118577276464928,0,0
0.011779940428325,0,0.0177937251538008,0,0,0,0,0,0.0124334988668277,0,0,0,0,0,0.101210419322483,0,0,0,0,0,0,0,0,0,0,0,0,0,0,0,0,0,0,0,0,0,0,0,0,0,0,0,4.57982991628153e-05,0,0,0,0,0,0.00916769508004149,0,0.00203094273739189,0,0,0,0.000638136436346005,0,0.00160899398579296,0,0.0175705392686927,0,0,0,0,3.48086463772832e-05,0,0,0,0,0,0.00750134008670105,0,0,0,5.78472983210621e-05,0,0,0,0,0,8.26845389417016e-06,0,0,0.000265462109714956,0,0.000164305813791187,0,0
0,0.0339823002623449,0,0.0259700618445479,0,0.00315658696105645,0,0,0,0.0528184583803331,0,0,0,0.0577810802601465,0,0.314157377604083,0,0,2.04247152127987e-05,0.00203157785919018,0,0,0,0,0,0,0,0,0,0,0,0,0,3.09714293472325e-05,0,8.45952811791392e-05,0,1.33829137827882e-05,0,0.00120802376800985,0,0.00144784182148231,7.65006831764193e-05,0,0,0.000576913653595436,0,0,0,0.00293546591414056,0,0,0,0,0,0.0230677108701687,0,0.00061598979287817,0,0.0189244715811174,0,0,0.000139699643742826,0,0,0,0.00115372633378786,0,0,0,0,0,0.000731743417219918,0,0,0,0,0,8.99844149673766e-05,0,7.44391615105987e-05,0,0.000128368724757598,0,0.00494438788109722,0,0
0,0,0,0.000514270493704875,0,0.00203005490924835,0,0,0,3.16567137155603e-05,0,0.150844532477289,0,0,0,0,1.9828942589517e-05,9.84089516824857e-05,0.00159354460702127,0.149901728428667,0,0,0,0,0,0,0,0,0,6.56832902731514e-05,0,0,0,0,0,0.0318444402759788,0,0.00911721234790432,0,0.0398519685102404,0,0.0167132322899753,0,0,0,0.0423169531420741,0,0.00017040920082342,0,0.00281652053366,0,0.0013885583014606,0,0,0,3.73436969947462e-05,0,0.0459084385959658,0,0,0,0.000139699643742826,0,0,0,0,0,0,0,0,0.000157726761922825,0,0.0402914192565031,0,0,0,0,0,0.0320940394276784,1.12915351501201e-05,0.0159890343643936,0,0.00113800855466377,1.16565750320834e-06,0.0300025625221015,0.00132981265770471,0
0.00189541175279232,0,0.00534868004261248,1.54771599787233e-05,0.000201017642899232,0,0.00408834838854089,0,0,1.31364763425446e-05,0.0420539473936443,0,0,0,0,0,0.000948369378974846,0.000862309266344897,0.00854539776274516,0,0.0727793352232968,0,0,0,0,0,0,0,0,0,0,0,0,0,0,6.56279350508854e-06,0.0146273312882486,0,0.00365223436907961,0.000168910515920834,0.0269724343381379,0,0.0192395041668086,0,0,0.000100580453140345,0.0675483512992705,0.000185780869245993,0.00104443111192529,1.76542598303726e-05,0.000314123575438337,0,0.00306303976773181,0,0,0,0.0392151364717303,0,0,0,3.48086463772832e-05,0,0,0,0,0,0,0,0,0,0,0,0,0.00922311908616981,0,0,0,0,5.8677318735583e-05,0.0436411299164563,1.576870069888e-05,0.00593515871655116,0.0014657914741348,1.55714028792048e-05,0.0328365808991054,0,0.000454282312728306
0,0,0,0,0,0,0,0,0,0,0,0,0,0,0,0,0,0,0,0,0,0.153023146854249,0.0149492401486875,0.0266559953848433,0,0.0105813296219182,0,0.00617239895194883,0,0,0,0,0,6.96382201241237e-05,0,0,0,0.00674294679095254,0,0,0,0,0,0,0,0,0,0,0,0.0155840775210534,0,0,0,0,0,0,0,0,0,0,0,0,0,0,0,0.000240311689716189,0.0131951071342473,0,0.000279414188381721,0,0.00137798278542764,0,1.74754938590523e-05,0,0,0,8.71623152646125e-05,0,0,0,0.00344754409051677,0,0.00253572068461896,0.000326793616184053,0,0,0
0,0,0,0,0,0,0,0,0,0,0,0,0,0,0,0,0,0,0,0,0,0.0348068514602442,0.21921830389493,0,0.0102809954938373,0,0.00643016279323977,0,0.00916036824861469,0,0,0,0,0,0,0,0,4.86772227744389e-05,0.00172825147850001,0,0,0,0,0,0,0,0,0,0.00374620809313146,0,0,0,0,0,0,0,0,0,0,0,0,0,0,0,0.000240311689716189,0,0,0.0100801006213993,0,0.00995607447931025,0,0.00384508038110366,0,0,0,0,0,1.33257101506181e-05,0,0,0,0.00583993360611577,0.00235499678440123,0,0,0,0
