0,0,0.176474639028311,0,0,0,0,0,0.165626236763985,0,0,0,0,0,0,0,0.322171062231064,0,0.285814397037029,0,0,0,0,0,0,0,0,0,0,0,0,0,0,0,0,0,0,0,0.220002651013233,0,0,0,0.198969557881355,0,0.329721629619598,0,0.28036658714215,0,0.183497322062715,0,0,0,0,0,0.207216730708305,0,0.182101366712767,0,0.201877575229715,0,0.182044180191082,0,0,0.210594363510609,0,0,0,0.235902133016934,0,0.168195779124896,0,0,0,0,0,0,0,0,0,0.286457132548094,0,0.246588991737211,0.242932099880826,0,0.229837614550555,0,0
0,0,0,0.13206947192147,0,0,0,0,0,0.190965029125045,0,0,0,0,0,0.153691679239273,0,0.282975928857923,0.268648101073323,0,0,0,0,0.172561998168627,0,0,0,0,0,0,0,0,0,0,0,0,0,0.212429903447628,0,0,0,0,0,0,0,0,0,0,0,0.162623397317253,0,0,0,0,0,0.234120264455253,0,0,0,0.188936918973923,0,0.194198138313368,0,0,0,0,0.210025854408741,0,0,0,0,0,0,0,0,0,0,0,0.246036559343338,0,0.25584926456213,0,0.200849674753289,0,0.17401319887975,0,0
0.176474639028311,0,0,0,0,0,0,0,0,0,0,0,0,0,0,0,0,0,0,0,0,0,0,0,0,0,0,0,0,0,0,0,0,0,0,0,0,0,0,0,0,0,0,0,0,0,0,0,0.16785770903031,0,0,0,0,0,0.182010397315025,0,0.145336209308533,0,0.160963541966804,0,0,0,0,0.225164294242859,0,0,0,0,0,0,0,0,0,0,0,0,0,0,0,0,0,0,0,0,0.166076392765369,0,0
0,0.13206947192147,0,0,0,0,0,0,0,0,0,0,0,0,0,0,0,0,0,0,0,0,0,0,0,0,0,0,0,0,0,0,0,0,0,0,0,0,0,0,0,0,0,0,0,0,0,0,0,0.144750719120645,0,0,0,0,0,0,0,0,0,0.180555800596873,0,0.121955873780563,0,0,0,0,0,0,0,0,0,0,0,0,0,0,0,0,0,0,0,0,0,0,0.158085590812798,0,0
0,0,0,0,0,0,0,0,0.112737521529198,0,0,0,0,0,0,0,0,0,0,0,0.111311884863036,0,0,0,0,0,0,0,0,0,0,0,0,0,0,0,0,0,0,0,0,0,0,0,0,0,0,0,0,0,0.208351915081342,0,0,0,0.123400464653969,0,0,0,0.219565652310848,0,0,0,0,0.160418130816465,0,0,0,0,0,0,0,0,0,0,0,0,0,0,0,0,0,0,0.14426301419735,0,0.147468438433422,0,0
0,0,0,0,0,0,0,0.161554709076881,0,0.117039229720831,0,0.136604238715437,0,0.231801038980484,0,0.21702210770713,0,0,0,0.125209589264815,0,0,0,0,0,0,0,0,0,0,0,0,0,0,0,0,0,0,0,0,0,0,0,0,0,0,0,0,0,0,0,0.245892009139061,0,0,0,0,0,0.16290770471096,0,0.212826320901513,0,0.200954971568925,0.164795664744313,0,0,0,0,0,0,0,0,0,0,0,0,0,0,0,0,0,0,0,0.165758927418313,0.17672510445118,0.211025471488635,0,0
0,0,0,0,0,0,0,0,0,0,0,0,0,0,0,0,0,0,0,0,0.134226444576468,0,0,0,0,0,0,0,0,0,0,0,0,0,0,0,0,0,0,0,0,0,0,0,0,0,0,0,0,0,0,0,0.181562938195254,0,0,0,0,0,0.228184162542738,0,0,0,0,0.132229830210025,0,0,0,0,0,0,0,0,0,0,0,0,0,0,0,0,0,0,0.182424675312734,0,0.223013259470463,0,0
0,0,0,0,0,0.161554709076881,0,0,0,0,0,0,0,0.200140908892666,0,0,0,0,0,0.150317541308166,0,0,0,0,0,0,0,0,0,0,0,0,0,0,0,0,0,0,0,0,0,0,0,0,0,0,0,0,0,0,0,0,0,0.20338186666821,0,0,0,0.173378546411792,0,0.192016819348702,0,0,0.153618485173758,0,0,0,0,0,0,0,0,0,0,0,0,0,0,0,0,0,0,0,0.173931968171162,0.193990039825439,0,0,0
0.165626236763985,0,0,0,0.112737521529198,0,0,0,0,0,0,0,0,0,0.181173622608185,0,0.164339751202539,0,0.147634004588638,0,0,0,0,0,0.180998321748586,0,0.160527778789401,0,0,0,0,0,0,0,0,0,0,0,0.196839472293854,0,0,0.136063814163208,0.147437740838335,0,0,0,0,0,0,0,0,0,0,0,0.177495745363409,0,0,0,0,0,0.190410702799757,0,0,0,0,0,0,0.223277505252275,0,0.170752791894807,0,0,0,0,0,0,0,0,0,0,0,0.229926724611913,0.157313030546509,0.142771977931261,0.18792643584311,0,0
0,0.190965029125045,0,0,0,0.117039229720831,0,0,0,0,0,0,0,0,0,0.170120362841755,0,0.238264039158821,0.186838292649814,0,0,0,0,0.182460815117166,0,0.198844505981965,0,0,0,0,0,0,0,0.231208831071854,0,0,0,0.174771997332573,0,0,0,0.150535937812593,0,0,0,0,0,0.352270200848579,0,0.169281038322619,0,0,0,0,0,0.213263054601587,0,0,0,0,0,0.164495730825833,0,0,0,0,0.20598900589076,0,0.201200033036562,0,0,0,0,0,0,0,0.245156807204088,0,0,0,0.233674557513842,0,0.180821738125209,0.228313963611921,0.251955956220627,0,0
0,0,0,0,0,0,0,0,0,0,0,0,0.189399816033219,0,0,0,0,0,0,0,0.145337859541178,0,0,0,0,0,0,0,0.166888393461704,0,0.193445317447186,0,0,0,0,0,0.201733351167705,0,0.224764165277102,0,0,0,0,0,0,0,0,0,0,0,0,0,0,0,0,0,0.188061119406131,0,0.199180733255979,0,0,0,0,0.147118582997633,0,0,0,0,0,0,0,0.16926982998848,0,0.183221994077458,0,0,0,0,0,0.197407459219297,0,0.209579814609846,0.200230216302655,0.175301692138116,0,0,0
0,0,0,0,0,0.136604238715437,0,0,0,0,0,0,0,0.235052943229675,0,0,0,0,0,0.14854959345993,0,0,0,0,0,0,0,0.221265163272619,0,0.249333376685778,0,0,0,0,0,0.151745902640479,0,0.247528878899364,0,0,0,0,0,0,0,0,0,0,0,0,0,0,0,0,0,0,0,0.189038920096365,0,0.205625274433539,0,0,0.172050880874906,0,0,0,0,0,0,0,0.20935572755841,0,0.206874801311642,0,0,0,0,0,0.159489884972572,0,0.229398670196533,0,0.188202919419279,0,0,0,0
0,0,0,0,0,0,0,0,0,0,0.189399816033219,0,0,0,0.161649137735367,0,0,0,0,0,0,0,0,0,0,0,0,0,0.20954875753094,0,0.161439672112465,0,0,0,0,0,0,0,0,0,0,0,0,0,0,0,0,0,0,0,0,0,0,0,0,0,0.189519928644101,0,0.198084678704088,0,0.191902848226683,0,0,0,0,0,0,0,0,0,0,0.167767129838467,0,0.163584694266319,0,0,0,0,0,0,0,0,0.2066419630971,0.214204895270242,0,0,0
0,0,0,0,0,0.231801038980484,0,0.200140908892666,0,0,0,0.235052943229675,0,0,0,0.196917900443077,0,0,0,0,0,0,0,0,0,0.171900302171707,0,0.18465067644914,0,0.219310656189919,0,0,0,0,0,0,0,0,0,0,0,0,0,0,0,0,0,0,0,0,0,0.219849670305848,0,0,0,0,0,0.23550207569049,0,0.205415424148163,0,0.199405397971471,0,0,0,0,0,0,0,0,0.206891616535129,0,0,0,0,0,0,0,0,0,0,0,0.182882593060383,0.18359175682641,0,0,0
0,0,0,0,0,0,0,0,0.181173622608185,0,0,0,0.161649137735367,0,0,0,0.155667569488287,0,0,0,0,0,0,0,0,0,0,0,0,0,0,0,0,0,0,0,0,0,0,0,0,0,0,0,0,0,0,0,0,0,0,0,0,0,0.207606636484464,0,0,0,0.168721145817212,0,0.174455706976555,0,0,0,0,0,0,0.288018614053726,0,0.209913410246372,0,0,0,0,0,0,0,0,0,0,0,0.277164489030838,0.172513158290417,0,0,0,0
0,0.153691679239273,0,0,0,0.21702210770713,0,0,0,0.170120362841755,0,0,0,0.196917900443077,0,0,0,0.162105075482811,0,0,0,0,0,0.150126665830612,0,0,0,0,0,0,0,0,0,0,0,0,0,0.212131708860397,0,0,0,0,0,0,0,0,0,0,0,0.176444455981255,0,0.214387542926348,0,0,0,0.187087400053062,0,0,0,0,0,0.169024102760028,0,0,0,0,0.152174174785614,0,0.19729633256793,0,0,0,0,0,0,0,0,0,0,0,0,0,0.17462550214729,0,0,0,0
0.322171062231064,0,0,0,0,0,0,0,0.164339751202539,0,0,0,0,0,0.155667569488287,0,0,0.128540114912073,0.224895933206389,0,0,0,0.172540029079031,0,0.162374768521368,0,0.167486062348505,0,0.179188134724444,0,0,0,0,0,0,0,0,0,0,0,0,0.178936204873025,0.216935776334543,0,0,0,0,0,0,0,0,0,0,0,0.165946200489998,0,0,0,0,0,0.183255328072442,0,0,0,0,0.19089380598913,0,0.170220315152285,0,0.175071892422099,0,0.21931404620409,0,0,0,0,0,0,0,0,0,0,0.181826049727627,0.142557739127888,0.300503500777742,0.180725187063217,0.203634703788189
0,0.282975928857923,0,0,0,0,0,0,0,0.238264039158821,0,0,0,0,0,0.162105075482811,0.128540114912073,0,0.271710307908703,0,0,0.209695275127888,0.13598745688796,0.177172533785686,0,0.160017353744408,0.14140849477715,0.175870549465929,0,0,0,0,0,0,0,0,0,0.193310951193174,0,0,0,0.241008839867216,0.14877978960673,0.412549048662186,0,0,0,0,0,0,0,0,0,0,0,0.197585081060727,0,0,0,0,0,0.177485090990861,0,0,0,0.143615499138832,0,0,0.178732346251326,0,0.188794192671776,0,0,0,0,0,0,0,0,0,0.226785040327481,0,0.184852802911294,0.131489482102701,0.324142945114146,0.206884931240763,0
0.285814397037029,0.268648101073323,0,0,0,0,0,0,0.147634004588638,0.186838292649814,0,0,0,0,0,0,0.224895933206389,0.271710307908703,0,0,0,0,0,0,0,0,0,0,0,0,0,0,0,0,0,0,0,0,0,0.345416235923767,0.305360755387773,0.181154560498209,0.182832463987421,0.26961302628198,0.228778442354958,0.352081313147559,0.328715711372134,0,0,0.184704586863518,0,0,0,0,0.172751531004906,0.185918921461472,0,0,0,0,0.226504921913147,0,0.335401594638824,0.3078994766662,0,0,0,0.16019560272495,0,0,0,0,0,0,0,0,0,0,0.297353308705183,0.31243115849793,0.214695736765862,0,0.219204371601892,0.237687493818147,0.303124940454712,0.200166909216807,0.182966471458716
0,0,0,0,0,0.125209589264815,0,0.150317541308166,0,0,0,0.14854959345993,0,0,0,0,0,0,0,0,0,0,0,0,0,0,0,0,0,0,0,0,0,0,0,0.176807993152744,0,0.180714712675774,0,0,0,0,0,0,0,0,0,0,0,0,0,0.150754798203707,0,0.142074750736356,0,0,0,0.137528464198112,0,0,0,0,0.162323322147131,0,0,0,0,0,0,0,0,0,0.267007857561111,0,0,0,0,0,0.180248683394975,0,0.188168428588386,0,0.166053724852768,0,0.16405468943872,0,0
0,0,0,0,0.111311884863036,0,0.134226444576468,0,0,0,0.145337859541178,0,0,0,0,0,0,0,0,0,0,0,0,0,0,0,0,0,0,0,0,0,0,0,0,0,0.180834843968385,0,0,0,0,0,0,0,0,0,0,0,0,0,0,0,0,0,0,0,0.158854614529345,0,0,0,0,0,0,0.188056709264149,0,0,0,0,0,0,0,0,0,0,0,0,0,0,0,0.184180337134625,0,0,0.156917422106772,0,0.120406758688066,0,0
0,0,0,0,0,0,0,0,0,0,0,0,0,0,0,0,0,0.209695275127888,0,0,0,0,0.169420063089241,0.196846320331097,0.162606433033943,0.183778395255407,0,0.20534413281609,0,0,0,0,0,0,0,0,0,0.181325786831704,0.178992475072543,0,0,0,0,0,0,0,0,0,0,0.265221659953778,0,0,0,0,0,0,0,0,0,0,0,0,0,0,0.203818457047149,0.176751794011304,0.214644212614406,0.168548382818699,0.183217481995115,0.18395784497261,0.197876353879821,0,0,0,0,0,0,0,0,0,0.192764808898265,0,0.173458636015932,0.207080940405528,0,0,0
0,0,0,0,0,0,0,0,0,0,0,0,0,0,0,0,0.172540029079031,0.13598745688796,0,0,0,0.169420063089241,0,0,0.176176170699107,0,0.165032170712948,0,0.177261124622254,0,0,0,0,0.500638484954834,0,0,0,0.482803612947464,0.248694246296637,0,0,0,0,0,0,0,0,0.358022863666217,0.235629848797213,0.555103659629822,0,0,0,0,0,0,0,0,0,0,0,0,0,0,0.15549107928845,0.19614016804924,0,0.189391426392831,0,0.199038821164259,0,0.187489843420168,0,0.258752205116408,0,0,0,0,0,0,0,0.242903205554168,0.188884229317918,0.178749003812023,0.349299793243408,0,0
0,0.172561998168627,0,0,0,0,0,0,0,0.182460815117166,0,0,0,0,0,0.150126665830612,0,0.177172533785686,0,0,0,0.196846320331097,0,0,0,0.149986666077987,0,0,0,0,0,0,0,0,0,0,0,0.23768108551433,0.526793166995049,0,0,0,0,0,0,0,0,0.467147675507209,0,0,0,0,0,0,0,0.193881619544256,0,0,0,0,0,0,0,0,0.189127067724864,0,0.221031585524619,0,0.224833470882952,0,0,0,0,0,0,0,0.272633447647095,0,0,0,0.287426883531682,0.575085580348969,0.190655463312301,0.304710358381271,0.293277233839035,0,0
0,0,0,0,0,0,0,0,0.180998321748586,0,0,0,0,0,0,0,0.162374768521368,0,0,0,0,0.162606433033943,0.176176170699107,0,0,0,0.165214242963564,0,0,0,0,0,0,0.220158502459526,0,0,0,0,0.191529470682144,0,0,0,0.153406649827957,0,0,0,0,0.273818373680115,0.228023717800776,0,0,0,0,0,0.197553718846942,0,0,0,0,0,0,0,0,0,0,0.205022930034569,0,0.205980230892218,0,0.171802932437023,0,0,0,0,0,0,0,0,0,0,0,0.237140537563123,0.162371416756911,0,0.224182918667793,0,0.163381963968277
0,0,0,0,0,0,0,0,0,0.198844505981965,0,0,0,0.171900302171707,0,0,0,0.160017353744408,0,0,0,0.183778395255407,0,0.149986666077987,0,0,0,0,0,0,0,0,0,0,0,0,0,0,0,0,0,0,0,0,0,0,0,0,0,0,0,0,0,0,0,0.180914460548333,0,0,0,0.152769818902016,0,0,0,0,0.18428461253643,0,0.197800282517384,0,0.22639503578345,0,0,0,0,0,0,0,0,0,0,0,0,0,0.203299079686403,0.226902984082699,0,0,0
0,0,0,0,0,0,0,0,0.160527778789401,0,0,0,0,0,0,0,0.167486062348505,0.14140849477715,0,0,0,0,0.165032170712948,0,0.165214242963564,0,0,0,0.190021689567301,0,0,0,0,0,0,0,0,0,0,0,0,0,0,0,0,0,0,0,0,0,0,0,0,0,0.173591271042824,0,0,0,0.202768877148628,0,0,0,0,0,0,0.22082993388176,0,0.177409418282055,0,0.18700169550406,0,0.193567224674755,0,0,0,0,0,0,0,0,0,0,0.191382576813217,0,0,0,0
0,0,0,0,0,0,0,0,0,0,0,0.221265163272619,0,0.18465067644914,0,0,0,0.175870549465929,0,0,0,0.20534413281609,0,0,0,0,0,0,0,0.205538391378453,0,0,0,0,0,0,0,0.205654784327462,0,0,0,0,0,0,0,0,0,0,0,0,0,0,0,0,0,0,0,0.216278724372387,0,0.207478879300576,0,0,0,0,0.201211232095957,0,0,0,0,0,0.194406395758692,0,0.179837905615568,0,0,0,0,0,0,0,0.210270249529889,0,0.208770288474362,0.213985095658,0,0,0
0,0,0,0,0,0,0,0,0,0,0.166888393461704,0,0.20954875753094,0,0,0,0.179188134724444,0,0,0,0,0,0.177261124622254,0,0,0,0.190021689567301,0,0,0,0.210443146172024,0,0,0,0,0,0,0,0.189660806547512,0,0,0,0,0,0,0,0,0,0,0,0,0,0,0,0,0,0.185697769542702,0,0.197510960002015,0,0,0,0,0,0,0.173908041448805,0,0,0,0.194371781001488,0,0.183708151112036,0,0.182662645029643,0,0,0,0,0,0,0,0.173534562190374,0.184049368479998,0.204233884492416,0,0,0
0,0,0,0,0,0,0,0,0,0,0,0.249333376685778,0,0.219310656189919,0,0,0,0,0,0,0,0,0,0,0,0,0,0.205538391378453,0,0,0,0,0,0,0,0,0,0.228587799642271,0,0,0,0,0,0,0,0,0,0,0,0,0,0,0,0,0,0,0,0.248651675879955,0,0.210931673645973,0,0,0,0,0,0,0,0,0,0,0.205236105770981,0,0.202440148381272,0,0,0,0,0,0,0,0.207639826325382,0,0.198654234747995,0,0,0,0
0,0,0,0,0,0,0,0,0,0,0.193445317447186,0,0.161439672112465,0,0,0,0,0,0,0,0,0,0,0,0,0,0,0,0.210443146172024,0,0,0,0,0,0,0,0,0,0.205250730703336,0,0,0,0,0,0,0,0,0,0,0,0,0,0,0,0,0,0.187968884586194,0,0.163957690199216,0,0,0,0,0,0,0,0,0,0,0,0,0.198247281696972,0,0.184717975125627,0,0,0,0,0,0,0,0.185311683561913,0.186167940497398,0,0,0,0
0,0,0,0,0,0,0,0,0,0,0,0,0,0,0,0,0,0,0,0,0,0,0,0,0,0,0,0,0,0,0,0,0.154735970677496,0.29659226462245,0.21259202595268,0.161057518810785,0.154117404821172,0.198281824588776,0.21248177587986,0.287731677293777,0,0.30892938375473,0,0,0,0,0,0.404928311705589,0,0,0,0,0,0,0,0,0,0,0,0,0,0,0,0,0,0,0,0,0,0,0,0,0,0,0.203046155779318,0.186413490808396,0.225244864066945,0.239884726962839,0.355361585712454,0.278276106213771,0.216150618025235,0.211590665082137,0.162976586259902,0,0.33135948330164,0,0
0,0,0,0,0,0,0,0,0,0,0,0,0,0,0,0,0,0,0,0,0,0,0,0,0,0,0,0,0,0,0,0.154735970677496,0,0,0.267022410264382,0.150594273387496,0.206223045625128,0,0.197120100259781,0,0,0,0,0,0,0,0,0.424375925213099,0,0,0,0,0,0,0,0,0,0,0,0,0,0,0,0,0,0,0,0,0,0,0,0,0,0,0.176594283572664,0.205037095170954,0.193696159124374,0.268437405801652,0.258068058009671,0.243904922207732,0,0.197139009833336,0.144623693306835,0,0,0,0
0,0,0,0,0,0,0,0,0,0.231208831071854,0,0,0,0,0,0,0,0,0,0,0,0,0.500638484954834,0,0.220158502459526,0,0,0,0,0,0,0.29659226462245,0,0,0.374437875729204,0.183258024117221,0,0.55828830940462,0.354279771707086,0,0,0,0,0,0,0,0,0.577963997888011,0,0.530582914298231,0,0,0,0,0,0.29282209277153,0,0,0,0,0,0,0,0,0,0,0.291988611221313,0,0,0,0,0,0,0,0.336280004458225,0.253474026918411,0.272832038237693,0.269456421429256,0.256588181227814,0.321139189104239,0.447979985179869,0.316044333564617,0.256730408304267,0.2015946391556,0.451470166444778,0,0
0,0,0,0,0,0,0,0,0,0,0,0,0,0,0,0,0,0,0,0,0,0,0,0,0,0,0,0,0,0,0,0.21259202595268,0.267022410264382,0.374437875729204,0,0,0.188523143529892,0.33147007594074,0.480471427582445,0,0.287011653184891,0,0,0,0,0,0,0.552462833653847,0.278939321637154,0.401482731813476,0,0,0,0,0,0,0,0,0,0,0,0,0,0,0,0,0,0,0,0,0,0,0,0,0.282986976671964,0.309282973408699,0.230590655096663,0.220467382296407,0.422857138602173,0.240381448095043,0.386539752578843,0.449776777905553,0.218475315719843,0.215494442979495,0.484164088964462,0,0
0,0,0,0,0,0,0,0,0,0,0,0.151745902640479,0,0,0,0,0,0,0,0.176807993152744,0,0,0,0,0,0,0,0,0,0,0,0.161057518810785,0.150594273387496,0.183258024117221,0,0,0.171121462301574,0.159603229517231,0,0.205312252044678,0,0,0,0,0,0.1810120649281,0,0,0,0.229233915607134,0,0,0,0,0,0,0,0.185003967621388,0,0,0,0,0.176382019069451,0,0,0,0,0,0,0,0,0,0,0,0.187205345302031,0.118071362376213,0.170751345157623,0,0.184411444008124,0.18065631897059,0.170320627100311,0.193495705723763,0.187007540091314,0.281513309404409,0.181400937582951,0,0
0,0,0,0,0,0,0,0,0,0,0.201733351167705,0,0,0,0,0,0,0,0,0,0.180834843968385,0,0,0,0,0,0,0,0,0,0,0.154117404821172,0.206223045625128,0,0.188523143529892,0.171121462301574,0,0,0.169277862858511,0,0.163325176546068,0,0.272832691669464,0,0,0,0.122461308259517,0.301366898417473,0.277206265500614,0,0,0,0,0,0,0,0.173131085783243,0,0,0,0,0,0,0.172683520764112,0,0,0,0,0,0,0,0,0,0,0.170542977648239,0.221063724270573,0,0.218382134477133,0.190553947483646,0.178243735680077,0.248677879571915,0.161665874245616,0.227454804482416,0.346249587041668,0.157724331725727,0,0
0,0.212429903447628,0,0,0,0,0,0,0,0.174771997332573,0,0.247528878899364,0,0,0,0.212131708860397,0,0.193310951193174,0,0.180714712675774,0,0.181325786831704,0.482803612947464,0.23768108551433,0,0,0,0.205654784327462,0,0.228587799642271,0,0.198281824588776,0,0.55828830940462,0.33147007594074,0.159603229517231,0,0,0.366050006467426,0,0,0,0,0,0,0,0,0.548865355140581,0.502214193344116,0.365813064171096,0,0,0,0,0,0.197893252206403,0,0.210533920631689,0,0,0,0,0.167345207631588,0,0.193121258468907,0.437059919039408,0.277184005926457,0,0.373187094926834,0,0.213067887932993,0,0.222639948751714,0,0.236217060685158,0,0.240111041069031,0.22259945476597,0.205373510286567,0,0.22984974455036,0.307073440802201,0.208520623694934,0.353922289663127,0.325181238229076,0,0
0.220002651013233,0,0,0,0,0,0,0,0.196839472293854,0,0.224764165277102,0,0,0,0,0,0,0,0,0,0,0.178992475072543,0.248694246296637,0.526793166995049,0.191529470682144,0,0,0,0.189660806547512,0,0.205250730703336,0.21248177587986,0.197120100259781,0.354279771707086,0.480471427582445,0,0.169277862858511,0.366050006467426,0,0,0,0,0.138839813795957,0,0,0,0,0.645801848369444,0.274725494561372,0.612077802419662,0,0,0,0,0.251740405372545,0,0.225751967369756,0,0,0,0.246057778596878,0,0,0,0,0.230538913240981,0.546580056349436,0.243888228123005,0,0.255923449612447,0,0.168574651917156,0,0.207009452059865,0.241114863235018,0,0.238094787778599,0.200558608839948,0.244933975430635,0.19416453696798,0.295537411642075,0.222995572370424,0.183634005674955,0.218920962647958,0.359551756278328,0,0
0,0,0,0,0,0,0,0,0,0,0,0,0,0,0,0,0,0,0.345416235923767,0,0,0,0,0,0,0,0,0,0,0,0,0.287731677293777,0,0,0,0.205312252044678,0,0,0,0,0.208194202965214,0.266419908155998,0.280050111934543,0.251755326158471,0,0.225149801442173,0.227600044459613,0.247033870163954,0.255930115779241,0.202844681001035,0,0,0,0,0,0,0,0,0,0,0,0,0.226593378664188,0,0,0,0,0,0,0,0,0,0,0,0,0,0,0,0.156191279533083,0.321583151817322,0.293538714759052,0,0.240176163613796,0.22430869564414,0.268636513668082,0.374452050374104,0
0,0,0,0,0,0,0,0,0,0,0,0,0,0,0,0,0,0,0.305360755387773,0,0,0,0,0,0,0,0,0,0,0,0,0,0,0,0.287011653184891,0,0.163325176546068,0,0,0.208194202965214,0,0.223065972328186,0.250773091667465,0,0.276883602887392,0.220842776553971,0.202650121671891,0.270020569879107,0.223889818710687,0.225683983415365,0,0,0,0,0,0,0,0,0,0,0,0,0,0.180119316276803,0,0,0,0,0,0,0,0,0,0,0,0,0,0.271534052491188,0.289786917467912,0.187492588982373,0,0.218885145481976,0.292855085788575,0,0.242109894959856,0,0.294423586130142
0,0,0,0,0,0,0,0,0.136063814163208,0.150535937812593,0,0,0,0,0,0,0.178936204873025,0.241008839867216,0.181154560498209,0,0,0,0,0,0,0,0,0,0,0,0,0.30892938375473,0,0,0,0,0,0,0,0.266419908155998,0.223065972328186,0,0.1815642222077,0.225090677193152,0.218497335910797,0.253687836827311,0.29113045334816,0.321231643943226,0.335224504272143,0.271387933850519,0,0,0,0,0,0,0,0.336658524737066,0,0,0,0,0.293620781175936,0,0,0,0.224961206316948,0,0,0,0,0,0.351709629538693,0,0,0.335682481527328,0,0,0.285458097344026,0.333355137280055,0.390408123264442,0,0.189346758960374,0.21383293485269,0.290761256871337,0.246522049671708,0.166885867714882
0.198969557881355,0,0,0,0,0,0,0,0.147437740838335,0,0,0,0,0,0,0,0.216935776334543,0.14877978960673,0.182832463987421,0,0,0,0,0,0.153406649827957,0,0,0,0,0,0,0,0,0,0,0,0.272832691669464,0,0.138839813795957,0.280050111934543,0.250773091667465,0.1815642222077,0,0,0.241528872461411,0.279174582234451,0.245460880637049,0.300182163715363,0.280623441569419,0,0,0,0,0,0,0.155554473400116,0.240420300443217,0,0,0,0,0,0,0.249887293378512,0,0,0,0,0,0,0,0,0,0.323882298625034,0,0,0,0,0,0.273558682530345,0,0.297154352915558,0.208417446946485,0.238837682995303,0.256041304086159,0,0.178503218564869
0,0,0,0,0,0,0,0,0,0,0,0,0,0,0,0,0,0.412549048662186,0.26961302628198,0,0,0,0,0,0,0,0,0,0,0,0,0,0,0,0,0,0,0,0,0.251755326158471,0,0.225090677193152,0,0,0,0.360264605214429,0,0,0,0.244444523006678,0,0,0,0,0,0,0,0,0,0,0,0,0.30077991102423,0,0,0,0,0,0,0,0,0,0,0,0,0,0,0,0.285067788645869,0,0,0,0.1973838960356,0.204253606241325,0.273870963401814,0.247690059244633,0
0.329721629619598,0,0,0,0,0,0,0,0,0,0,0,0,0,0,0,0,0,0.228778442354958,0,0,0,0,0,0,0,0,0,0,0,0,0,0,0,0,0,0,0,0,0,0.276883602887392,0.218497335910797,0.241528872461411,0,0,0,0.336067288608874,0,0.22965694963932,0,0,0,0,0,0,0,0,0,0,0,0,0,0,0.280417276546359,0,0,0,0,0,0,0,0,0,0,0,0,0,0,0,0.312072711531073,0,0,0.2248189720558,0.211738002650878,0.279161650590611,0,0
0,0,0,0,0,0,0,0,0,0,0,0,0,0,0,0,0,0,0.352081313147559,0,0,0,0,0,0,0,0,0,0,0,0,0,0,0,0,0.1810120649281,0,0,0,0.225149801442173,0.220842776553971,0.253687836827311,0.279174582234451,0.360264605214429,0,0,0.248519220302502,0.277264202634494,0.255971605579058,0.242103477250476,0,0,0,0,0,0,0,0,0,0,0,0,0.19760265524154,0,0,0,0,0,0,0,0,0,0,0,0,0,0,0,0.197854815072067,0.313252925872803,0.273185025688797,0,0.305672345382552,0.216883286833763,0.235860074839344,0.273009987175465,0
0.28036658714215,0,0,0,0,0,0,0,0,0,0,0,0,0,0,0,0,0,0.328715711372134,0,0,0,0,0,0,0,0,0,0,0,0,0,0,0,0,0,0.122461308259517,0,0,0.227600044459613,0.202650121671891,0.29113045334816,0.245460880637049,0,0.336067288608874,0.248519220302502,0,0.274098336696625,0.240041634946499,0.21892419143727,0,0,0,0,0,0,0.251320074001948,0,0.238956928253174,0,0,0,0,0.185574615696493,0,0,0,0,0,0,0,0,0,0,0,0,0,0,0.207402058773571,0.214808809741873,0,0.280183225778433,0.253986471282539,0,0.227763179936135,0,0
0,0,0,0,0,0,0,0,0,0.352270200848579,0,0,0,0,0,0,0,0,0,0,0,0,0.358022863666217,0.467147675507209,0.273818373680115,0,0,0,0,0,0,0.404928311705589,0.424375925213099,0.577963997888011,0.552462833653847,0,0.301366898417473,0.548865355140581,0.645801848369444,0.247033870163954,0.270020569879107,0.321231643943226,0.300182163715363,0,0,0.277264202634494,0.274098336696625,0,0.321804958861321,0.360943405214003,0,0,0,0,0,0,0,0,0,0,0,0,0,0,0.366323823278601,0.353567383828617,0.439370925499968,0.278409823775291,0,0.294473379850388,0,0.319501638412476,0,0,0.416571402630838,0.317869954875537,0.481866476330978,0.379347403582774,0.393775559620185,0.340156820279636,0.480124722840933,0.459172848214806,0.326143587749937,0.261015146736085,0.3872610619128,0,0
0.183497322062715,0,0.16785770903031,0,0,0,0,0,0,0,0,0,0,0,0,0,0,0,0,0,0,0,0.235629848797213,0,0.228023717800776,0,0,0,0,0,0,0,0,0,0.278939321637154,0,0.277206265500614,0.502214193344116,0.274725494561372,0.255930115779241,0.223889818710687,0.335224504272143,0.280623441569419,0,0.22965694963932,0.255971605579058,0.240041634946499,0.321804958861321,0,0.264208259483788,0,0,0,0,0.178757368241038,0,0.164165895819664,0,0.168834248727018,0,0.159091339111328,0,0,0.227647090500051,0,0.30842735846863,0,0.261246144865491,0,0.233535462196197,0,0.253060685228473,0,0.316976927220821,0,0,0,0.293676046437995,0.378519307344388,0.252324207236792,0.356744751930237,0.322025681069147,0.299114496274004,0.29767706990242,0.258335715534054,0,0
0,0.162623397317253,0,0.144750719120645,0,0,0,0,0,0.169281038322619,0,0,0,0,0,0.176444455981255,0,0,0.184704586863518,0,0,0.265221659953778,0.555103659629822,0,0,0,0,0,0,0,0,0,0,0.530582914298231,0.401482731813476,0.229233915607134,0,0.365813064171096,0.612077802419662,0.202844681001035,0.225683983415365,0.271387933850519,0,0.244444523006678,0,0.242103477250476,0.21892419143727,0.360943405214003,0.264208259483788,0,0,0,0,0,0,0.187944380300386,0,0.310753592035987,0,0.192713867872953,0,0.196005251916016,0.240174363217046,0.207304358482361,0.247569571964474,0,0.271628925433526,0,0.214399613230583,0,0.21970165176892,0,0.331661182480889,0,0.262919876724482,0,0.317122012376785,0.349602613983483,0.191861483110982,0.265126969527315,0.334281764785163,0.543540201016835,0.281902545131743,0.273119311779737,0.250305811039197,0,0
0,0,0,0,0.208351915081342,0,0,0,0,0,0,0,0,0,0,0,0,0,0,0,0,0,0,0,0,0,0,0,0,0,0,0,0,0,0,0,0,0,0,0,0,0,0,0,0,0,0,0,0,0,0,0,0.230591997504234,0,0,0,0.227968856692314,0,0.210068002343178,0,0.166283758357167,0,0,0.23600872275392,0,0,0,0,0,0,0,0,0,0,0,0,0,0,0,0,0,0,0,0,0.207850697247878,0,0
0,0,0,0,0,0.245892009139061,0,0,0,0,0,0,0,0.219849670305848,0,0.214387542926348,0,0,0,0.150754798203707,0,0,0,0,0,0,0,0,0,0,0,0,0,0,0,0,0,0,0,0,0,0,0,0,0,0,0,0,0,0,0,0,0,0,0,0,0,0.231372848153114,0,0.144242972135544,0,0,0.256276405064721,0,0,0,0,0,0,0,0,0,0,0,0,0,0,0,0,0,0,0,0.171689460802282,0.167363554239273,0.24183193062033,0,0
0,0,0,0,0,0,0.181562938195254,0,0,0,0,0,0,0,0,0,0,0,0,0,0,0,0,0,0,0,0,0,0,0,0,0,0,0,0,0,0,0,0,0,0,0,0,0,0,0,0,0,0,0,0.230591997504234,0,0,0,0,0,0.208647601983764,0,0,0,0,0,0,0.24180335019316,0,0,0,0,0,0,0,0,0,0,0,0,0,0,0,0,0,0,0.197259468876797,0,0.241707697510719,0,0
0,0,0,0,0,0,0,0.20338186666821,0,0,0,0,0,0,0,0,0,0,0,0.142074750736356,0,0,0,0,0,0,0,0,0,0,0,0,0,0,0,0,0,0,0,0,0,0,0,0,0,0,0,0,0,0,0,0,0,0,0,0,0,0.163774770285402,0,0.182446097626406,0,0,0.148825868964195,0,0,0,0,0,0,0,0,0,0,0,0,0,0,0,0,0,0,0,0.205644059391874,0,0,0,0
0.207216730708305,0,0.182010397315025,0,0.123400464653969,0,0,0,0.177495745363409,0,0,0,0,0,0.207606636484464,0,0.165946200489998,0,0.172751531004906,0,0,0,0,0,0.197553718846942,0,0.173591271042824,0,0,0,0,0,0,0,0,0,0,0,0.251740405372545,0,0,0,0,0,0,0,0,0,0.178757368241038,0,0,0,0,0,0,0,0.168081192299724,0,0.18689295815097,0,0.191439372233369,0,0,0,0,0,0,0.265865671965811,0,0.173969264825185,0,0,0,0,0,0,0,0,0,0,0,0.278588954865752,0.177302562413698,0,0.248340178085001,0,0
0,0.234120264455253,0,0,0,0,0,0,0,0.213263054601587,0,0,0,0,0,0.187087400053062,0,0.197585081060727,0.185918921461472,0,0,0,0,0.193881619544256,0,0.180914460548333,0,0,0,0,0,0,0,0.29282209277153,0,0,0,0.197893252206403,0,0,0,0,0.155554473400116,0,0,0,0,0,0,0.187944380300386,0,0,0,0,0,0,0,0,0,0.179172836244106,0,0.220948864521778,0,0,0,0,0.265671957213924,0,0.187995557601635,0,0,0,0,0,0,0,0.247811722968306,0,0,0,0.248424924453911,0,0.20209241080649,0.170255765318871,0,0,0
0.182101366712767,0,0.145336209308533,0,0,0,0,0,0,0,0.188061119406131,0,0.189519928644101,0,0,0,0,0,0,0,0.158854614529345,0,0,0,0,0,0,0,0.185697769542702,0,0.187968884586194,0,0,0,0,0,0.173131085783243,0,0.225751967369756,0,0,0,0.240420300443217,0,0,0,0.251320074001948,0,0.164165895819664,0,0.227968856692314,0,0.208647601983764,0,0.168081192299724,0,0,0,0.173276131705796,0,0.173300065908917,0,0,0.225760500092364,0,0.233347232143084,0,0.165006779134274,0,0.19305785097085,0,0.198922505646589,0,0.242274252481239,0,0,0,0,0,0.187097350756327,0,0.216300611187812,0.207546682785387,0.193365853528182,0.216992648555647,0,0
0,0,0,0,0,0.16290770471096,0,0.173378546411792,0,0,0,0.189038920096365,0,0.23550207569049,0,0,0,0,0,0.137528464198112,0,0,0,0,0,0,0,0.216278724372387,0,0.248651675879955,0,0,0,0,0,0.185003967621388,0,0.210533920631689,0,0,0,0.336658524737066,0,0,0,0,0,0,0,0.310753592035987,0,0.231372848153114,0,0.163774770285402,0,0,0,0,0,0.160544134535879,0,0.193977320919166,0.264767817242725,0,0,0,0,0,0,0,0.204713648557663,0,0.386830863612954,0,0,0,0,0,0,0,0.233630452305079,0,0.189625248191802,0,0.252071977099573,0,0
0.201877575229715,0,0.160963541966804,0,0.219565652310848,0,0.228184162542738,0,0,0,0.199180733255979,0,0.198084678704088,0,0.168721145817212,0,0,0,0,0,0,0,0,0,0,0,0.202768877148628,0,0.197510960002015,0,0.163957690199216,0,0,0,0,0,0,0,0,0,0,0,0,0,0,0,0.238956928253174,0,0.168834248727018,0,0.210068002343178,0,0,0,0.18689295815097,0,0.173276131705796,0,0,0,0.203997924960464,0,0,0.224364746809006,0,0,0,0.179144695401192,0,0.21597250640288,0,0.192729510038076,0,0.178309734910727,0,0,0,0,0,0,0,0.223527260124683,0.213106274581069,0.207971267851852,0.189003024510173,0,0
0,0.188936918973923,0,0.180555800596873,0,0.212826320901513,0,0.192016819348702,0,0,0,0.205625274433539,0,0.205415424148163,0,0,0,0,0,0,0,0,0,0,0,0.152769818902016,0,0.207478879300576,0,0.210931673645973,0,0,0,0,0,0,0,0,0,0,0,0,0,0,0,0,0,0,0,0.192713867872953,0,0.144242972135544,0,0.182446097626406,0,0.179172836244106,0,0.160544134535879,0,0,0,0.191774661549804,0,0,0,0,0,0,0.16620606046032,0,0.1936447258669,0,0.208913236856461,0,0,0,0,0,0,0,0,0,0.204477552795146,0.197668921798686,0.192440841346979,0,0
0.182044180191082,0,0,0,0,0,0,0,0.190410702799757,0,0,0,0.191902848226683,0,0.174455706976555,0,0.183255328072442,0,0.226504921913147,0,0,0,0,0,0,0,0,0,0,0,0,0,0,0,0,0,0,0,0.246057778596878,0,0,0,0,0,0,0,0,0,0.159091339111328,0,0.166283758357167,0,0,0,0.191439372233369,0,0.173300065908917,0,0.203997924960464,0,0,0,0,0.21614400545756,0,0,0,0.181704487651587,0,0.239302985551881,0,0,0,0,0,0,0,0,0,0,0,0.29678201675415,0.180623452755667,0,0.185658974618447,0,0
0,0.194198138313368,0,0.121955873780563,0,0.200954971568925,0,0,0,0.164495730825833,0,0,0,0.199405397971471,0,0.169024102760028,0,0.177485090990861,0,0,0,0,0,0,0,0,0,0,0,0,0,0,0,0,0,0,0,0,0,0,0,0,0,0,0,0,0,0,0,0.196005251916016,0,0,0,0,0,0.220948864521778,0,0.193977320919166,0,0.191774661549804,0,0,0,0,0,0,0,0,0.186922154823939,0,0,0,0,0,0,0,0,0,0,0,0,0,0.173441531112442,0,0,0,0
0,0,0,0,0,0.164795664744313,0,0.153618485173758,0,0,0,0.172050880874906,0,0,0,0,0,0,0.335401594638824,0.162323322147131,0,0,0,0,0,0,0,0,0,0,0,0,0,0,0,0.176382019069451,0,0.167345207631588,0,0.226593378664188,0,0.293620781175936,0,0.30077991102423,0,0.19760265524154,0,0,0,0.240174363217046,0,0.256276405064721,0,0.148825868964195,0,0,0,0.264767817242725,0,0,0,0,0,0,0,0,0,0,0,0,0,0,0.231413319706917,0,0,0,0,0,0.216633266605832,0,0.235209802911729,0,0.177859878588711,0,0.269826442853291,0,0
0.210594363510609,0,0.225164294242859,0,0.160418130816465,0,0.132229830210025,0,0,0,0.147118582997633,0,0,0,0,0,0,0,0.3078994766662,0,0.188056709264149,0,0,0,0,0,0,0,0,0,0,0,0,0,0,0,0.172683520764112,0,0,0,0.180119316276803,0,0.249887293378512,0,0.280417276546359,0,0.185574615696493,0,0.227647090500051,0.207304358482361,0.23600872275392,0,0.24180335019316,0,0,0,0.225760500092364,0,0.224364746809006,0,0.21614400545756,0,0,0,0,0,0,0,0,0,0,0,0,0,0,0,0,0,0,0.203522736510805,0,0.310659557580948,0.16203534254624,0,0.224483384637751,0,0
0,0,0,0,0,0,0,0,0,0,0,0,0,0,0,0,0,0,0,0,0,0.203818457047149,0.15549107928845,0.189127067724864,0,0.18428461253643,0,0.201211232095957,0,0,0,0,0,0,0,0,0,0.193121258468907,0,0,0,0,0,0,0,0,0,0.366323823278601,0,0.247569571964474,0,0,0,0,0,0,0,0,0,0,0,0,0,0,0,0.161713246292281,0.258816862271892,0,0.216316825429936,0,0.224432926267234,0,0.226584712704343,0,0,0,0,0,0,0,0.246879895603606,0.457256287336349,0.18671930516867,0.228186493118604,0.326840430498123,0,0
0,0,0,0,0,0,0,0,0,0,0,0,0,0,0,0,0.19089380598913,0.143615499138832,0,0,0,0.176751794011304,0.19614016804924,0,0.205022930034569,0,0.22082993388176,0,0.173908041448805,0,0,0,0,0,0,0,0,0.437059919039408,0.230538913240981,0,0,0,0,0,0,0,0,0.353567383828617,0.30842735846863,0,0,0,0,0,0,0,0.233347232143084,0,0,0,0,0,0,0,0.161713246292281,0,0,0.213487391514838,0,0.245279520178755,0,0.212006651256049,0,0.263032440618155,0,0,0,0,0,0,0,0.282952075967422,0.18349561911936,0.178895407955029,0.337344082656191,0,0
0,0.210025854408741,0,0,0,0,0,0,0,0.20598900589076,0,0,0,0,0,0.152174174785614,0,0,0,0,0,0.214644212614406,0,0.221031585524619,0,0.197800282517384,0,0,0,0,0,0,0,0.291988611221313,0,0,0,0.277184005926457,0.546580056349436,0,0,0.224961206316948,0,0,0,0,0,0.439370925499968,0,0.271628925433526,0,0,0,0,0,0.265671957213924,0,0,0,0,0,0,0,0,0.258816862271892,0,0,0,0.245721756417685,0,0.224703416228294,0,0,0,0,0,0.287069509134573,0,0,0,0.303007249810523,0.493247842788696,0.230678853111447,0.341162071396143,0.239295094932392,0,0
0.235902133016934,0,0,0,0,0,0,0,0.223277505252275,0,0,0,0,0,0.288018614053726,0,0.170220315152285,0,0.16019560272495,0,0,0.168548382818699,0.189391426392831,0,0.205980230892218,0,0.177409418282055,0,0,0,0,0,0,0,0,0,0,0,0.243888228123005,0,0,0,0,0,0,0,0,0.278409823775291,0.261246144865491,0,0,0,0,0,0.265865671965811,0,0.165006779134274,0,0.179144695401192,0,0.181704487651587,0,0,0,0,0.213487391514838,0,0,0,0.263488143939396,0,0,0,0,0,0,0,0,0,0,0,0.2589355750839,0.185556887345655,0,0.227710285205014,0,0
0,0,0,0,0,0,0,0,0,0.201200033036562,0,0,0,0,0,0.19729633256793,0,0.178732346251326,0,0,0,0.183217481995115,0,0.224833470882952,0,0.22639503578345,0,0,0,0,0,0,0,0,0,0,0,0.373187094926834,0,0,0,0,0,0,0,0,0,0,0,0.214399613230583,0,0,0,0,0,0.187995557601635,0,0,0,0.16620606046032,0,0.186922154823939,0,0,0.216316825429936,0,0.245721756417685,0,0,0,0.220309294046709,0,0,0,0,0,0,0,0,0,0.240339532494545,0,0.225147818414994,0.228294387648377,0.339411467313766,0,0
0.168195779124896,0,0,0,0,0,0,0,0.170752791894807,0,0,0,0,0,0.209913410246372,0,0.175071892422099,0,0,0,0,0.18395784497261,0.199038821164259,0,0.171802932437023,0,0.18700169550406,0,0.194371781001488,0,0,0,0,0,0,0,0,0,0.255923449612447,0,0,0,0,0,0,0,0,0.294473379850388,0.233535462196197,0,0,0,0,0,0.173969264825185,0,0.19305785097085,0,0.21597250640288,0,0.239302985551881,0,0,0,0,0.245279520178755,0,0.263488143939396,0,0,0,0.217468216557481,0,0.248742562073928,0,0,0,0,0,0,0,0.234511873742056,0.201627160554582,0,0.195573755850395,0,0
0,0,0,0,0,0,0,0,0,0,0,0.20935572755841,0,0.206891616535129,0,0,0,0.188794192671776,0,0,0,0.197876353879821,0,0,0,0,0,0.194406395758692,0,0.205236105770981,0,0,0,0,0,0,0,0.213067887932993,0,0,0,0,0,0,0,0,0,0,0,0.21970165176892,0,0,0,0,0,0,0,0.204713648557663,0,0.1936447258669,0,0,0,0,0.224432926267234,0,0.224703416228294,0,0.220309294046709,0,0,0,0.233455587153371,0,0,0,0,0,0,0,0.227534308989522,0,0.197059516508841,0.210928519242916,0,0,0
0,0,0,0,0,0,0,0,0,0,0.16926982998848,0,0.167767129838467,0,0,0,0.21931404620409,0,0,0,0,0,0.187489843420168,0,0,0,0.193567224674755,0,0.183708151112036,0,0.198247281696972,0,0,0,0,0,0,0,0.168574651917156,0,0,0,0,0,0,0,0,0.319501638412476,0.253060685228473,0,0,0,0,0,0,0,0.198922505646589,0,0.192729510038076,0,0,0,0,0,0,0.212006651256049,0,0,0,0.217468216557481,0,0,0,0.238880729190321,0,0,0,0,0,0,0,0.247438396342766,0.193120138806426,0.205544008481403,0.298147693276405,0,0
0,0,0,0,0,0,0,0,0,0,0,0.206874801311642,0,0,0,0,0,0,0,0.267007857561111,0,0,0,0,0,0,0,0.179837905615568,0,0.202440148381272,0,0,0,0,0,0,0,0.222639948751714,0,0,0,0.351709629538693,0,0,0,0,0,0,0,0.331661182480889,0,0,0,0,0,0,0,0.386830863612954,0,0.208913236856461,0,0,0.231413319706917,0,0.226584712704343,0,0,0,0,0,0.233455587153371,0,0,0,0,0,0,0,0,0,0.274595283460295,0,0.197791482524379,0,0.364276377177945,0,0
0,0,0,0,0,0,0,0,0,0,0.183221994077458,0,0.163584694266319,0,0,0,0,0,0,0,0,0,0.258752205116408,0,0,0,0,0,0.182662645029643,0,0.184717975125627,0,0,0,0,0,0,0,0.207009452059865,0,0,0,0.323882298625034,0,0,0,0,0,0.316976927220821,0,0,0,0,0,0,0,0.242274252481239,0,0.178309734910727,0,0,0,0,0,0,0.263032440618155,0,0,0,0.248742562073928,0,0.238880729190321,0,0,0,0,0,0.340321093797684,0,0,0,0.278447773398634,0.195186438659827,0,0.336110641681231,0,0
0,0,0,0,0,0,0,0,0,0,0,0,0,0,0,0,0,0,0,0,0,0,0,0,0,0,0,0,0,0,0,0.203046155779318,0.176594283572664,0.336280004458225,0.282986976671964,0.187205345302031,0.170542977648239,0.236217060685158,0.241114863235018,0,0,0,0,0,0,0,0,0.416571402630838,0,0.262919876724482,0,0,0,0,0,0,0,0,0,0,0,0,0,0,0,0,0,0,0,0,0,0,0,0,0,0.218734410454015,0.323076178803203,0.224149865350982,0.264182094818144,0.278008098924352,0.257639150870474,0.242348615263329,0.18579983951545,0,0,0,0
0,0,0,0,0,0,0,0,0,0,0,0,0,0,0,0,0,0,0,0,0,0,0,0,0,0,0,0,0,0,0,0.186413490808396,0.205037095170954,0.253474026918411,0.309282973408699,0.118071362376213,0.221063724270573,0,0,0,0,0.335682481527328,0,0,0,0,0,0.317869954875537,0,0,0,0,0,0,0,0,0,0,0,0,0,0,0,0,0,0,0,0,0,0,0,0,0,0,0.218734410454015,0,0.194997969269752,0.310256738255779,0.286049763116931,0.241430920859178,0.191424317657948,0.206924691796303,0.153001381882599,0,0.350919395685196,0,0
0,0,0,0,0,0,0,0,0,0.245156807204088,0,0,0,0,0,0,0,0,0,0,0,0,0,0.272633447647095,0,0,0,0,0,0,0,0.225244864066945,0.193696159124374,0.272832038237693,0.230590655096663,0.170751345157623,0,0.240111041069031,0.238094787778599,0,0,0,0,0,0,0,0,0.481866476330978,0,0.317122012376785,0,0,0,0,0,0.247811722968306,0,0,0,0,0,0,0,0,0,0,0.287069509134573,0,0,0,0,0,0,0,0.323076178803203,0.194997969269752,0,0.20654122446534,0.328672156910303,0.269710570573807,0.264140636083626,0.248681631913002,0.224067415468968,0.177623541818725,0.279285669326782,0,0
0,0,0,0,0,0,0,0,0,0,0,0,0,0,0,0,0,0,0,0,0,0,0,0,0,0,0,0,0,0,0,0.239884726962839,0.268437405801652,0.269456421429256,0.220467382296407,0,0.218382134477133,0.22259945476597,0.200558608839948,0,0.271534052491188,0,0,0,0,0,0,0.379347403582774,0.293676046437995,0.349602613983483,0,0,0,0,0,0,0,0,0,0,0,0,0,0,0,0,0,0,0,0,0,0,0,0.340321093797684,0.224149865350982,0.310256738255779,0.20654122446534,0,0.390486951880459,0.241272569985713,0.268139924105285,0.215173044276031,0.214323979549938,0.21603607076865,0.322752699255943,0,0
0,0.246036559343338,0,0,0,0,0,0,0,0,0,0.159489884972572,0,0,0,0,0,0,0.297353308705183,0.180248683394975,0,0,0,0,0,0,0,0,0,0,0,0.355361585712454,0.258068058009671,0.256588181227814,0.422857138602173,0.184411444008124,0.190553947483646,0.205373510286567,0.244933975430635,0.156191279533083,0.289786917467912,0.285458097344026,0,0.285067788645869,0,0.197854815072067,0.207402058773571,0.393775559620185,0.378519307344388,0.191861483110982,0,0,0,0,0,0,0,0,0,0,0,0,0.216633266605832,0,0,0,0,0,0,0,0,0,0,0,0.264182094818144,0.286049763116931,0.328672156910303,0.390486951880459,0,0.31257967613417,0.244426270049854,0.246026108006261,0.191384919105878,0.192908609906832,0.279062695084045,0.436593125574291,0
0.286457132548094,0,0,0,0,0,0,0,0,0,0.197407459219297,0,0,0,0,0,0,0,0.31243115849793,0,0.184180337134625,0,0,0,0,0,0,0,0,0,0,0.278276106213771,0.243904922207732,0.321139189104239,0.240381448095043,0.18065631897059,0.178243735680077,0,0.19416453696798,0.321583151817322,0.187492588982373,0.333355137280055,0.273558682530345,0,0.312072711531073,0.313252925872803,0.214808809741873,0.340156820279636,0.252324207236792,0.265126969527315,0,0,0,0,0,0,0.187097350756327,0,0,0,0,0,0,0.203522736510805,0,0,0,0,0,0,0,0,0,0,0.278008098924352,0.241430920859178,0.269710570573807,0.241272569985713,0.31257967613417,0,0.28558095296224,0.223796552406212,0.181611955192963,0.168693650620324,0.311011517780709,0,0.311412933927316
0,0.25584926456213,0,0,0,0,0,0,0,0.233674557513842,0,0.229398670196533,0,0,0,0,0,0.226785040327481,0.214695736765862,0.188168428588386,0,0.192764808898265,0,0.287426883531682,0,0,0,0.210270249529889,0,0.207639826325382,0,0.216150618025235,0,0.447979985179869,0.386539752578843,0.170320627100311,0.248677879571915,0.22984974455036,0.295537411642075,0.293538714759052,0,0.390408123264442,0,0,0,0.273185025688797,0,0.480124722840933,0.356744751930237,0.334281764785163,0,0,0,0,0,0.248424924453911,0,0.233630452305079,0,0,0,0,0.235209802911729,0,0.246879895603606,0,0.303007249810523,0,0.240339532494545,0,0.227534308989522,0,0.274595283460295,0,0.257639150870474,0.191424317657948,0.264140636083626,0.268139924105285,0.244426270049854,0.28558095296224,0,0.294335017759056,0.211599532244862,0.402392459673118,0.386994049295927,0.422570879459381,0
0.246588991737211,0,0,0,0,0,0,0,0.229926724611913,0,0.209579814609846,0,0,0,0.277164489030838,0,0,0,0,0,0,0,0.242903205554168,0.575085580348969,0.237140537563123,0,0,0,0.173534562190374,0,0.185311683561913,0.211590665082137,0.197139009833336,0.316044333564617,0.449776777905553,0.193495705723763,0.161665874245616,0.307073440802201,0.222995572370424,0,0.218885145481976,0,0.297154352915558,0,0,0,0.280183225778433,0.459172848214806,0.322025681069147,0.543540201016835,0,0,0,0,0.278588954865752,0,0.216300611187812,0,0.223527260124683,0,0.29678201675415,0,0,0.310659557580948,0.457256287336349,0.282952075967422,0.493247842788696,0.2589355750839,0,0.234511873742056,0,0.247438396342766,0,0.278447773398634,0.242348615263329,0.206924691796303,0.248681631913002,0.215173044276031,0.246026108006261,0.223796552406212,0.294335017759056,0,0.188399775950049,0.252170837416503,0.395149556436262,0,0.367149591445923
