0,0,0.166290151027564,0,0,0,0,0,0.182537078693257,0,0,0,0,0,0,0,0,0,0,0,0,0,0,0,0.159390812118848,0,0,0,0,0,0,0,0,0,0,0,0,0,0.191526846452193,0,0,0,0.22771733839597,0,0,0,0,0.298057834307353,0.175368469905908,0,0,0,0,0,0.161170153965992,0,0,0,0,0,0,0,0,0,0,0,0,0,0,0,0,0,0,0,0,0,0,0,0,0,0,0,0.185397435771378,0.174352079629898,0.167456214687416,0,0.147482238709927
0,0,0,0.154592373594642,0,0,0,0,0,0.198674428506174,0,0,0,0,0,0,0,0,0,0,0,0,0,0.174189547076821,0,0,0,0,0,0,0,0,0,0,0,0,0,0,0,0,0,0.202773656696081,0,0,0,0,0,0,0,0.150102770058055,0,0,0,0,0,0.182593170553446,0,0,0,0,0,0.156169848926997,0,0,0,0,0,0,0,0,0,0,0,0,0,0,0,0,0,0,0,0,0.167731317857073,0,0.206340824919088,0.166197175780932,0
0.166290151027564,0,0,0,0,0,0,0,0.132197253406048,0,0,0,0,0,0,0,0.257771506905556,0,0,0,0.232056592901548,0,0,0,0,0,0,0,0,0,0,0,0,0,0,0,0,0,0,0.236365839838982,0.269879966974258,0,0.277091835987383,0,0,0,0.209709978103638,0.253680863976479,0.175127492737524,0.263013020157814,0,0,0,0,0.128449261188507,0,0.250928431749344,0,0,0,0,0,0,0.235236562788486,0,0,0,0,0,0,0,0,0,0.287398129701614,0,0,0,0,0,0.274965282529593,0,0.308317947387695,0.166069540505608,0,0.184160361687342,0,0.22930309176445
0,0.154592373594642,0,0,0,0.151358713786448,0,0,0,0.149388590827584,0,0,0,0,0,0,0.247587449848652,0.263092130422592,0.241064459085464,0,0,0,0,0,0,0,0,0,0,0,0,0,0,0,0,0,0,0,0,0.222993034124374,0,0.258653955239999,0,0,0,0.185564172165147,0.219666376709938,0.252262726426125,0,0.230306654595412,0,0.152754430969556,0,0,0,0.154446898362575,0,0.269072582945228,0,0,0,0.166684890335256,0.214273855090141,0,0,0,0,0,0,0,0,0,0.272522915493358,0,0,0,0,0,0.270577907562256,0.230123728513718,0.282452550530434,0,0.149329726045069,0,0.183504457500848,0.272838234901428,0
0,0,0,0,0,0,0,0,0.209073912352324,0,0.232344701886177,0,0,0,0,0,0.203241035342216,0,0,0,0.302023272622715,0,0,0,0,0,0,0,0,0,0,0,0,0,0,0,0.214528877150129,0,0,0.233001755343543,0.243363166580329,0.19154366850853,0.24592183288346,0,0,0.234164204200109,0.245423551996549,0.263093638507759,0.247174113754212,0.256537903100252,0.169334992269675,0,0.180011302232742,0,0.128308318555355,0,0.238260371817483,0,0.153551042079926,0,0,0,0.216417849063873,0.312671662517078,0,0,0,0,0,0,0,0,0,0.276934751868248,0,0,0,0,0.235617980360985,0.243826012756373,0,0.292017773670309,0.192247422004123,0.200528740708591,0.23771911524525,0,0.228147685527802
0,0,0,0.151358713786448,0,0,0,0,0,0,0,0.192268013954163,0,0,0,0,0.220517963171005,0.255372849106789,0.259842465321223,0.306462000902385,0,0,0,0,0,0,0,0,0,0,0,0,0,0,0,0.20799133027422,0,0,0,0.221743103182107,0.200694561004639,0.241714189449946,0.253182530403137,0.224310621619225,0,0.205988719192131,0.215755136476623,0.255877324125984,0.23700059056282,0.238882995210588,0,0.154305929938952,0,0.127155348658562,0,0,0,0.25675135354201,0,0.194172809521357,0,0,0.304847287635009,0,0,0,0,0,0,0,0,0,0.283778388053179,0,0,0,0.322455823421478,0,0.22838208423211,0.208477109670639,0.261429001887639,0,0.166193501337578,0.252680994570255,0.216645306692674,0.22120526432991,0
0,0,0,0,0,0,0,0,0,0,0.187937175234159,0,0.115780293941498,0,0,0,0,0,0,0,0.209832323661872,0,0,0,0,0,0,0,0,0,0,0,0,0,0,0,0,0,0,0,0,0,0,0,0,0,0,0,0,0,0.162511203438044,0,0.15894327815852,0,0,0,0.163994480110705,0,0.155956979767949,0,0,0,0,0.240377432107925,0,0,0,0,0,0,0,0,0,0,0,0,0,0,0,0,0,0,0.22421135095989,0,0,0,0
0,0,0,0,0,0,0,0,0,0,0,0.221504086362464,0,0.178214803338051,0,0,0,0,0,0,0,0,0,0,0,0,0,0,0,0,0,0,0,0,0,0,0,0,0,0,0,0,0,0,0,0,0,0,0,0,0,0,0,0.216644202918948,0,0,0,0.159503218034903,0,0.214076666092431,0,0,0,0,0,0,0,0,0,0,0,0,0,0,0,0,0,0,0,0,0,0,0.166657617956496,0.170811564241137,0,0,0
0.182537078693257,0,0.132197253406048,0,0.209073912352324,0,0,0,0,0.1519492516915,0,0,0,0,0.146152192218737,0,0.154924421289632,0.160923727807846,0.156863566774588,0,0,0,0.159418500959873,0,0.187312852719734,0,0.148550445213914,0,0,0,0,0,0,0.406166940927505,0,0,0,0,0.255171106117112,0.250647604465485,0.268978403881192,0,0.228970889747143,0,0,0,0,0.320314451224274,0.123048401768169,0.369091272354126,0.138622319469085,0,0,0,0.181119794459919,0,0,0,0,0,0.126163539580173,0,0,0.25825709104538,0,0,0,0.123094532638788,0.164162442088127,0.167608206470807,0,0,0,0.312508225440979,0,0,0,0,0.301653802394867,0.292540464550257,0,0.223375944420695,0.16775128386226,0.24197503477335,0.21828040846672,0,0
0,0.198674428506174,0,0.149388590827584,0,0,0,0,0.1519492516915,0,0,0,0,0,0.159164875745773,0.138832673807687,0.144710038547163,0.14323899672456,0.162257642933616,0,0,0,0,0.191119081871484,0.132258459925652,0.127182978205383,0.146054044365883,0,0,0,0,0,0,0,0,0,0,0.236906237115985,0,0.253017415603002,0.217863515019417,0.251934243874116,0,0,0,0.276544898748398,0,0,0,0.151297461489836,0,0,0,0,0,0.175542046037097,0,0,0,0,0,0.156313414452597,0,0,0,0,0.174226925439305,0,0.134305842220783,0,0,0,0,0,0,0,0,0,0.293334690587861,0.271937042474747,0.22096760281876,0.21483638882637,0.152477905818211,0.189930812160416,0.230672956026834,0,0
0,0,0,0,0.232344701886177,0,0.187937175234159,0,0,0,0,0,0.174915937000308,0,0,0,0,0,0.298267871141434,0,0.19359631936465,0,0,0,0,0,0,0,0.149487770029477,0,0.179807275533676,0,0,0,0,0,0.155538946008071,0,0.168589794035412,0.238379001617432,0,0.257217079401016,0.260576236993074,0,0,0.202075272798538,0.282463073978821,0.264898702502251,0.260358601808548,0.250268869102001,0,0,0.170755481932844,0,0,0,0.166193990477347,0,0.171107661412206,0,0,0,0,0.22547548613511,0,0,0,0,0,0,0,0,0,0.249007449308528,0,0,0,0,0,0.234844861552119,0,0.197171188734513,0.167445374357085,0,0.28293103705614,0,0
0,0,0,0,0,0.192268013954163,0,0.221504086362464,0,0,0,0,0,0.154164650109079,0,0,0.274185657501221,0.294680257638295,0.326278885205587,0.16476251732644,0,0,0,0,0,0,0,0.145036429166794,0,0.164050413796338,0,0,0,0,0,0.154354575318548,0,0.165381076341821,0,0.240075149319389,0.227538987994194,0.262033116358977,0,0.306422173976898,0,0.246136958237554,0.240852385759354,0.264228349382227,0.221144035458565,0.241582740575839,0,0,0,0.210255930959075,0,0,0,0.172717346049485,0,0,0,0,0.233522590873763,0,0,0,0,0,0,0,0,0,0.328270185435788,0,0,0,0,0,0.177847424149513,0.222747191786766,0.17641976904772,0.313786506652832,0.162115917252056,0.159232171518462,0.293632943683596,0,0
0,0,0,0,0,0,0.115780293941498,0,0,0,0.174915937000308,0,0,0,0.163026326522231,0,0,0,0,0,0,0,0,0,0,0,0,0,0,0,0,0,0,0,0,0,0,0,0,0,0,0,0,0,0,0,0,0,0,0,0,0,0.148821621348983,0,0,0,0.172559795933857,0,0.176885491681999,0,0.165379943495447,0,0,0,0,0,0,0,0,0.134880483150482,0,0.153828843073411,0,0,0,0,0,0,0,0,0,0,0.174713641405106,0,0,0,0
0,0,0,0,0,0,0,0.178214803338051,0,0,0,0.154164650109079,0,0,0,0.114797218237072,0,0,0,0,0,0,0,0,0,0,0,0.136547793944677,0,0,0,0,0,0,0,0,0,0,0,0,0,0,0,0,0,0,0,0,0,0,0,0,0,0,0,0,0,0.149010496636232,0,0.159606708814344,0,0.0851225197315216,0,0,0,0,0,0,0,0,0.130997881293297,0,0,0,0,0,0,0,0,0,0,0,0.150423685395265,0,0,0,0
0,0,0,0,0,0,0,0,0.146152192218737,0.159164875745773,0,0,0.163026326522231,0,0,0,0.141881242777708,0.144457370959795,0.168808300048113,0,0,0,0.126644612848759,0,0,0,0.129352738335729,0,0,0,0,0,0,0,0,0,0,0,0,0,0,0,0,0,0,0,0,0,0.150335812734233,0,0,0,0,0,0,0,0,0,0.280130396996226,0,0.193941383863508,0,0,0,0,0,0,0,0,0.13619566783309,0,0,0,0,0,0,0,0,0.279655113816261,0,0,0.335444658994675,0.142239577495135,0,0.240175701677799,0,0
0,0,0,0,0,0,0,0,0,0.138832673807687,0,0,0,0.114797218237072,0,0,0.1449628478537,0.125848995723479,0,0,0,0,0,0.173418369558122,0,0.119779203619276,0,0,0,0,0,0,0,0,0,0,0,0,0,0,0,0,0,0,0,0,0,0,0,0.157653123140335,0,0,0,0,0,0,0,0,0,0.105943105369806,0,0.137229111231863,0,0,0,0,0.157955273985863,0,0.129838741487927,0,0,0,0,0,0,0,0,0,0,0,0,0,0.126235991502493,0.157028024169532,0,0,0
0,0,0.257771506905556,0.247587449848652,0.203241035342216,0.220517963171005,0,0,0.154924421289632,0.144710038547163,0,0.274185657501221,0,0,0.141881242777708,0.1449628478537,0,0.167778731044987,0.218196384405333,0,0,0,0.120776003067588,0.161929844455285,0.128676337681033,0.138029282043378,0.123996364144867,0,0,0,0,0,0,0,0,0,0,0.298104822635651,0,0.274557709383468,0.285633166288507,0.245470106013511,0.242974102846347,0.242451101541519,0.273760855197906,0.28467578902131,0.30399919620582,0.253024864941835,0.247092485427856,0.235827719171842,0,0,0,0,0.145831098034978,0,0.271889314055443,0.287255996465683,0,0,0.141637305617332,0.117728017270565,0.271420511934492,0.27647837554967,0,0.11562703824357,0.142579658991761,0.162315049927507,0.138564499361174,0.132962389795709,0,0,0.307131232486831,0.302796212956309,0,0,0,0,0.287941009435855,0.325032829465169,0.292102988915784,0.313915451028332,0.192826925103805,0.137359983118681,0.280745869841717,0.26471332354205,0.244571596384048
0,0,0,0.263092130422592,0,0.255372849106789,0,0,0.160923727807846,0.14323899672456,0,0.294680257638295,0,0,0.144457370959795,0.125848995723479,0.167778731044987,0,0.232672856158859,0.384807795286179,0,0.151846075696605,0.148240689337254,0.142262302956004,0.173562951385975,0.124822715774609,0.145052381241933,0.147404085534314,0,0,0,0,0,0,0,0.32157102227211,0,0.356030344963074,0,0.265232686955766,0.314842394827043,0.238201910279199,0.2483023518728,0.251637780240604,0.267517263690631,0.282322857344505,0.333354260240282,0.245305427908897,0.252245364444596,0.254722207000381,0,0,0,0,0.196862891316414,0.160654217004776,0.27279993891716,0.283773092123178,0,0,0.141418308019638,0.136300378933895,0.273574164509773,0.293130318820477,0.140924734994769,0,0.14291288684637,0.1540126399352,0.133160932561973,0.152748347967863,0,0,0.304802058216853,0.304175817304187,0,0,0,0,0.280536045599583,0.357731699729137,0.305276601174415,0.318727318040082,0.188597842138171,0.134651941542719,0.273745783476853,0.252678935072924,0.258222412317991
0,0,0,0.241064459085464,0,0.259842465321223,0,0,0.156863566774588,0.162257642933616,0.298267871141434,0.326278885205587,0,0,0.168808300048113,0,0.218196384405333,0.232672856158859,0,0.329642236232758,0.328375726938248,0,0.227159395813942,0.180389727155368,0.252880811691284,0.189518635471662,0.219743888486515,0,0,0,0,0,0,0,0,0.427167594432831,0,0.392073452472687,0.470976024866104,0.293180547372072,0.317064659326529,0.216381091721259,0.22631566913784,0.352826055230164,0.225959013216197,0.416418668112098,0.321988761425018,0.231819586909336,0.288168085739017,0.220798776485026,0,0,0,0,0.133899495005608,0,0.327438552271236,0.321649401866156,0,0,0,0,0.292750934170464,0.312067343151733,0,0,0.161503318697214,0.138575665652752,0,0.193729171529412,0,0,0.337459934927593,0.357702552089615,0,0,0,0,0.339658285490469,0.36698858232678,0.364843472013995,0.345415466639473,0.227536926306537,0.21203323362804,0.347746646122746,0.23656011088973,0.263426397334446
0,0,0,0,0,0.306462000902385,0,0,0,0,0,0.16476251732644,0,0,0,0,0,0.384807795286179,0.329642236232758,0,0,0,0,0,0,0,0,0,0,0.329655736684799,0,0,0,0,0,0.153211103448713,0,0.176960971441355,0,0.212966319918633,0.353694945573807,0.283615770439307,0.253355443477631,0,0,0.231866349776586,0.203156962990761,0.281446039676666,0,0.230471572705678,0,0,0,0,0,0,0,0.215627087736154,0,0,0,0,0.224578579719192,0,0,0,0,0,0,0,0,0,0.411669784993456,0,0,0,0,0,0.188988261470384,0,0.268141050695403,0.288479126989841,0.154015912053486,0,0.300286307930946,0.407707393169403,0
0,0,0.232056592901548,0,0.302023272622715,0,0.209832323661872,0,0,0,0.19359631936465,0,0,0,0,0,0,0,0.328375726938248,0,0,0,0,0,0,0,0,0,0,0,0,0,0,0,0,0,0.150849447224782,0,0.1649405094325,0.231191530823708,0.28161209821701,0,0.292223484317462,0,0,0.242440652102232,0.274304695137673,0.254501149058342,0.213490826884906,0,0,0,0,0,0,0,0.341060101985931,0.320567816495895,0,0,0,0,0.270415067672729,0.217822528656546,0,0,0,0,0,0,0,0,0,0.414434816156115,0,0,0,0,0.301998049020767,0.161475091432145,0.284244000911713,0.206215735105939,0.191306669881334,0.304158240556717,0.303185590288856,0,0.330594882369041
0,0,0,0,0,0,0,0,0,0,0,0,0,0,0,0,0,0.151846075696605,0,0,0,0,0.116905402653157,0.180876677259079,0,0.146978707219425,0,0.154466292807754,0,0,0,0,0,0,0,0,0,0.193927857805701,0.149444381184612,0,0,0.27873869240284,0,0,0,0,0,0.506231851875782,0,0.293388886554852,0,0,0,0,0,0,0,0,0,0,0,0,0,0,0.162061586339765,0.111055755090934,0.185168147350835,0,0.159098095324145,0,0.168972815236738,0,0,0,0,0,0,0,0,0,0.212590278196283,0.117048672503895,0.133327718827557,0.136379706031746,0.209197919742734,0,0
0,0,0,0,0,0,0,0,0.159418500959873,0,0,0,0,0,0.126644612848759,0,0.120776003067588,0.148240689337254,0.227159395813942,0,0,0.116905402653157,0,0,0.143156256688678,0,0.132954717698422,0,0.202971154203018,0,0,0,0,0,0.506913751363754,0,0,0,0.260530410743956,0,0,0,0,0,0,0,0,0.530517881115278,0.363613684325529,0,0,0,0,0,0,0,0,0,0,0,0.152878805994987,0,0,0,0.123624721919399,0.179824765288188,0,0.269201116128401,0,0.117324936275299,0,0.125222414731979,0,0,0,0,0,0,0.333592772483826,0,0.619604170322418,0.229750158135281,0.138427574575842,0.138740061363518,0.257281899452209,0,0
0,0.174189547076821,0,0,0,0,0,0,0,0.191119081871484,0,0,0,0,0,0.173418369558122,0.161929844455285,0.142262302956004,0.180389727155368,0,0,0.180876677259079,0,0,0,0.144056218784562,0,0,0,0,0,0,0,0,0,0,0,0.196263983483739,0,0,0,0.331983685493469,0,0,0,0,0,0,0,0.211827002465725,0,0,0,0,0,0.173634053561194,0,0,0,0,0,0,0,0,0.246679390658333,0,0.19568139870288,0,0.154621059810134,0,0,0,0,0,0,0,0,0,0,0,0.188039351327747,0.318511009216309,0.156260271212518,0,0.214208522326008,0,0
0.159390812118848,0,0,0,0,0,0,0,0.187312852719734,0.132258459925652,0,0,0,0,0,0,0.128676337681033,0.173562951385975,0.252880811691284,0,0,0,0.143156256688678,0,0,0,0.16802016666366,0,0,0,0,0,0,0,0,0,0,0,0.1917388068,0,0,0,0,0,0,0,0,0,0.229476286719243,0,0,0,0,0,0.196690270861427,0,0,0,0,0,0,0,0,0,0,0.229884335352469,0,0.213273403133813,0,0.15904478294154,0,0,0,0,0,0,0,0,0,0,0,0.192194363854539,0.168015021630782,0,0.216062693113691,0,0
0,0,0,0,0,0,0,0,0,0.127182978205383,0,0,0,0,0,0.119779203619276,0.138029282043378,0.124822715774609,0.189518635471662,0,0,0.146978707219425,0,0.144056218784562,0,0,0,0.169138633564163,0,0,0,0,0,0,0,0,0,0,0,0,0,0,0,0,0,0,0,0,0,0,0,0,0,0,0,0,0,0,0,0,0,0.142028833429019,0,0,0.137475278706123,0,0.156757167619752,0,0.141709381049233,0,0.163130900577495,0,0,0,0,0,0,0,0,0.249445900321007,0,0,0.137892024827675,0,0.17564885939161,0,0
0,0,0,0,0,0,0,0,0.148550445213914,0.146054044365883,0,0,0,0,0.129352738335729,0,0.123996364144867,0.145052381241933,0.219743888486515,0,0,0,0.132954717698422,0,0.16802016666366,0,0,0,0.185144523117277,0,0,0,0,0,0,0,0,0,0,0,0,0,0,0,0.253113001585007,0,0,0,0,0,0,0,0,0,0,0,0,0,0.155032107426274,0,0.154577221267107,0,0,0,0,0.167147487481648,0,0.182307841405816,0,0.151001883639117,0,0.167568378889834,0,0,0,0,0,0,0,0,0,0,0.148441555843903,0,0.346456259489059,0,0
0,0,0,0,0,0,0,0,0,0,0,0.145036429166794,0,0.136547793944677,0,0,0,0.147404085534314,0,0,0,0.154466292807754,0,0,0,0.169138633564163,0,0,0,0.159398279432652,0,0,0,0,0,0,0,0.158347034252414,0,0,0,0,0,0,0,0,0,0,0,0,0,0,0,0,0,0,0,0.154585480690002,0,0.142457970018898,0,0,0,0,0.140275661538287,0,0,0,0.166106298565865,0,0.160682580028921,0,0.153526286467736,0,0,0,0,0,0,0,0.163124751753923,0,0.150915601414763,0.179180925091108,0,0,0
0,0,0,0,0,0,0,0,0,0,0.149487770029477,0,0,0,0,0,0,0,0,0,0,0,0.202971154203018,0,0,0,0.185144523117277,0,0,0,0.165762083900386,0,0,0,0,0,0,0,0.158646467328072,0,0,0,0,0,0,0,0,0,0,0,0,0,0,0,0,0,0.184169860048728,0,0.164036633239852,0,0.136465867981315,0,0,0,0,0.191182017326355,0,0,0,0.179295880312566,0,0.155168346159287,0,0.179644046219751,0,0,0,0,0,0,0,0.177384039387107,0,0,0,0,0
0,0,0,0,0,0,0,0,0,0,0,0.164050413796338,0,0,0,0,0,0,0,0.329655736684799,0,0,0,0,0,0,0,0.159398279432652,0,0,0,0,0,0,0,0,0,0.178590499562271,0,0,0,0.293612390756607,0,0,0,0,0,0,0,0,0,0,0,0,0,0,0,0.181651038879698,0,0,0,0,0.289380898078283,0,0,0,0,0,0,0,0.156806289541478,0,0.158662447698354,0,0,0,0,0,0,0,0.167321714738888,0,0.157506165081916,0.147138471691272,0,0,0
0,0,0,0,0,0,0,0,0,0,0.179807275533676,0,0,0,0,0,0,0,0,0,0,0,0,0,0,0,0,0,0.165762083900386,0,0,0,0,0,0,0,0,0,0.170807032673447,0,0,0,0,0,0,0,0,0,0,0,0,0,0,0,0,0,0.183049203357199,0,0,0,0,0,0,0,0,0,0,0,0,0,0,0,0,0.192588897621416,0,0,0,0,0,0,0,0.155049840450287,0.163398683071136,0,0,0,0
0,0,0,0,0,0,0,0,0,0,0,0,0,0,0,0,0,0,0,0,0,0,0,0,0,0,0,0,0,0,0,0,0.248530010466665,0.535535788012517,0.157789271520941,0.169929782822122,0.149770349156165,0,0,0,0,0,0,0,0,0,0,0.517020127922297,0.309818476438522,0,0,0,0,0,0,0,0,0,0,0,0,0,0,0,0,0,0,0,0,0,0,0,0,0,0.337048541734542,0.486083706526599,0.304631772578931,0.230371192097664,0.439769466211196,0.670804664492607,0,0,0.147895148410003,0,0.252546757459641,0,0
0,0,0,0,0,0,0,0,0,0,0,0,0,0,0,0,0,0,0,0,0,0,0,0,0,0,0,0,0,0,0,0.248530010466665,0,0.17658540699631,0.192441780458797,0.148379019461572,0.160010682117632,0,0,0,0,0,0,0,0,0,0,0.501148971512258,0.327682696282864,0.201850675046444,0,0,0,0,0,0,0,0,0,0,0,0,0,0,0,0,0,0,0,0,0,0,0,0,0.319804031415257,0.402536183428279,0.282105080783367,0.464666928948933,0.467118544834303,0.375919740040332,0,0.439826190471649,0.169215742918243,0,0,0,0
0,0,0,0,0,0,0,0,0.406166940927505,0,0,0,0,0,0,0,0,0,0,0,0,0,0,0,0,0,0,0,0,0,0,0.535535788012517,0.17658540699631,0,0.194205649327962,0.16410052342373,0.180120833218098,0.20539006843107,0.19212879879134,0.341051548719406,0,0.247838605940342,0.46935440103213,0,0,0.308541973431905,0,0.471276983469181,0.540442462478365,0.503703987803952,0,0,0,0,0,0,0,0,0,0,0,0,0,0,0,0,0,0,0,0,0,0,0,0,0.267398489310461,0,0.241246348374325,0.238178531686633,0.19821979521567,0.220415844872434,0.20490774152433,0.505373434722424,0.183419215401686,0.190067114798646,0.26373428106308,0,0
0,0,0,0,0,0,0,0,0,0,0,0,0,0,0,0,0,0,0,0,0,0,0.506913751363754,0,0,0,0,0,0,0,0,0.157789271520941,0.192441780458797,0.194205649327962,0,0.165396273136139,0.188530033053287,0.496626037359238,0.334552598939765,0,0,0.471092128753662,0.291825711230437,0,0,0,0.278983652591705,0.397125766561181,0.394027068034599,0.591897745099333,0,0,0,0,0,0,0,0,0,0,0,0,0,0.300836652517319,0,0,0,0,0,0,0,0,0,0.341009527444839,0.159293984213183,0.320324385414521,0.193571747728491,0.368093074648075,0.336056292057037,0.239452171998581,0.356849715823219,0.306952255165202,0.20242904631519,0.181071867882195,0.408084447185198,0,0
0,0,0,0,0,0.20799133027422,0,0,0,0,0,0.154354575318548,0,0,0,0,0,0.32157102227211,0.427167594432831,0.153211103448713,0,0,0,0,0,0,0,0,0,0,0,0.169929782822122,0.148379019461572,0.16410052342373,0.165396273136139,0,0.163541900950608,0.17256274074316,0.170717895030975,0.167623254656792,0,0.307193517684937,0,0,0,0.230420211895128,0,0.14783184281127,0.210023899530542,0.188242319526163,0,0,0,0,0,0,0,0.147565264999866,0,0,0,0,0.173771719710302,0,0,0,0,0,0,0,0,0,0,0,0.184111545247764,0,0,0,0.183832678775673,0.168979993755075,0.208757944328286,0,0.178273265590287,0.181170109642403,0.219033681565807,0,0
0,0,0,0,0.214528877150129,0,0,0,0,0,0.155538946008071,0,0,0,0,0,0,0,0,0,0.150849447224782,0,0,0,0,0,0,0,0,0,0,0.149770349156165,0.160010682117632,0.180120833218098,0.188530033053287,0.163541900950608,0,0.189142293835941,0.185274415409652,0,0.186814939534223,0,0.308959916234016,0,0,0,0.202849321104773,0.153539312304929,0.206697241445772,0.165016089517035,0,0,0,0,0,0,0.183559522032738,0,0,0,0,0,0,0.177656150653516,0,0,0,0,0,0,0,0,0,0,0.168142149017917,0.178017607940141,0.17500664293766,0.241864975760965,0.158220050513275,0.184971796553109,0,0.222283806236191,0.164863731588997,0.183576257500821,0.210884109609299,0,0
0,0,0,0,0,0,0,0,0,0.236906237115985,0,0.165381076341821,0,0,0,0,0.298104822635651,0.356030344963074,0.392073452472687,0.176960971441355,0,0.193927857805701,0,0.196263983483739,0,0,0,0.158347034252414,0,0.178590499562271,0,0,0,0.20539006843107,0.496626037359238,0.17256274074316,0.189142293835941,0,0.170917725629987,0.26708921790123,0,0.237095504660498,0.498933377861977,0,0,0.264576345682144,0,0.478252151135753,0.631371839841207,0.406375749617495,0,0,0,0,0,0.22194346178461,0,0.174163683972977,0,0,0,0,0.199865634184937,0.290122866630554,0.185494579640882,0.214210525900126,0.215324540932973,0,0,0,0.153954570340937,0,0.198043242096901,0.32730621099472,0.275774803757668,0,0.193140081014979,0.717607259750366,0.17908397463643,0.23276886343956,0.17288385584315,0.183217078839478,0.177989593740211,0.161409560948835,0.322868573089702,0.252593040466309,0
0.191526846452193,0,0,0,0,0,0,0,0.255171106117112,0,0.168589794035412,0,0,0,0,0,0,0,0.470976024866104,0,0.1649405094325,0.149444381184612,0.260530410743956,0,0.1917388068,0,0,0,0.158646467328072,0,0.170807032673447,0,0,0.19212879879134,0.334552598939765,0.170717895030975,0.185274415409652,0.170917725629987,0,0,0.408697366714478,0.560915857553482,0.254143446303752,0,0,0,0.316790541013082,0.468751836612834,0.38793619344352,0.630334106183821,0,0,0,0,0.26229800685094,0,0.167464868018502,0,0,0,0,0,0,0.181052691489458,0.11135126894744,0.237546551270189,0,0.229988308067907,0,0,0,0,0,0.184104753263069,0,0.327750504016876,0.383407700061798,0.201154984189914,0,0.19708523174213,0.163867600633823,0.202842059741958,0.180949751429843,0.176251952089331,0.409781794195716,0.449570015072823,0.184617895632982
0,0,0.236365839838982,0.222993034124374,0.233001755343543,0.221743103182107,0,0,0.250647604465485,0.253017415603002,0.238379001617432,0.240075149319389,0,0,0,0,0.274557709383468,0.265232686955766,0.293180547372072,0.212966319918633,0.231191530823708,0,0,0,0,0,0,0,0,0,0,0,0,0.341051548719406,0,0.167623254656792,0,0.26708921790123,0,0,0.242753842129157,0.261177675193259,0.246806929890926,0.26192736501495,0.229591071605682,0.254806555703021,0.224830618145269,0.257275485631191,0.26736449517987,0.224626275621159,0,0.22020223736763,0,0,0,0,0.273805956045787,0.285694244852725,0,0,0,0,0.217222469252513,0.209537110158375,0,0,0,0,0,0,0,0,0.285103259188635,0.266802843321453,0,0,0,0,0.264325836612564,0.282625979320569,0.287478249494012,0.273428044915199,0.264244570839601,0.298038430511951,0.303318012042813,0.251424955576658,0.249670535326004
0,0,0.269879966974258,0,0.243363166580329,0.200694561004639,0,0,0.268978403881192,0.217863515019417,0,0.227538987994194,0,0,0,0,0.285633166288507,0.314842394827043,0.317064659326529,0.353694945573807,0.28161209821701,0,0,0,0,0,0,0,0,0,0,0,0,0,0,0,0.186814939534223,0,0.408697366714478,0.242753842129157,0,0.251835000750266,0.271159458368011,0,0.32363618016243,0.226180600432249,0.245846959438113,0.258989176372202,0.253529109964517,0.220879798134168,0.252065785229206,0,0,0,0,0,0.25819118456407,0.24543809145689,0,0,0,0,0.264214426279068,0.235501946475018,0,0,0,0,0,0.330414831638336,0,0,0.323728978633881,0.299945059749815,0,0,0,0.236944392323494,0.303796151721919,0.305144272136417,0.300251865386963,0.335255675280795,0.312005950904561,0.245730921626091,0.352011200533918,0.305939972400665,0.267608714600404
0,0.202773656696081,0,0.258653955239999,0.19154366850853,0.241714189449946,0,0,0,0.251934243874116,0.257217079401016,0.262033116358977,0,0,0,0,0.245470106013511,0.238201910279199,0.216381091721259,0.283615770439307,0,0.27873869240284,0,0.331983685493469,0,0,0,0,0,0.293612390756607,0,0,0,0.247838605940342,0.471092128753662,0.307193517684937,0,0.237095504660498,0.560915857553482,0.261177675193259,0.251835000750266,0,0.209324522540072,0.245038658380508,0,0.276701916758766,0.2404352247715,0.305375838425101,0.310177846997976,0.302758441603184,0,0.215312281250954,0,0,0,0,0.233953040093184,0.345607339212975,0,0,0,0,0.323296779172008,0.231442699537558,0.353733479976654,0,0.284809894859791,0.195788815617561,0,0,0,0,0.306991490320979,0.267540937330988,0,0,0.225792805785718,0.412489772836367,0.275195515972892,0.28390529078822,0.285242085905035,0.276580590570327,0.24637803926665,0.336582739068114,0.283205614843733,0.223040889312581,0.18554140356454
0.22771733839597,0,0.277091835987383,0,0.24592183288346,0.253182530403137,0,0,0.228970889747143,0,0.260576236993074,0,0,0,0,0,0.242974102846347,0.2483023518728,0.22631566913784,0.253355443477631,0.292223484317462,0,0,0,0,0,0,0,0,0,0,0,0,0.46935440103213,0.291825711230437,0,0.308959916234016,0.498933377861977,0.254143446303752,0.246806929890926,0.271159458368011,0.209324522540072,0,0,0.251324012875557,0.242829287690776,0.299246369958758,0.279005245580471,0.267176344473482,0.313895038606828,0.226146729042133,0,0,0,0,0,0.302833696176489,0.246596418321133,0,0,0,0,0.223631706088781,0.329324767116292,0,0,0,0,0,0,0,0,0.267802526801825,0.319726459255303,0,0,0.456736147403717,0.305619073028748,0.253881238839206,0.285570940225379,0.272812778130174,0.283343656105358,0.221092353543599,0.264074824750423,0.305178214800274,0.213165417313576,0.213427074889691
0,0,0,0,0,0.224310621619225,0,0,0,0,0,0.306422173976898,0,0,0,0,0.242451101541519,0.251637780240604,0.352826055230164,0,0,0,0,0,0,0,0,0,0,0,0,0,0,0,0,0,0,0,0,0.26192736501495,0,0.245038658380508,0,0,0,0.295308905343215,0,0,0,0,0,0,0,0,0,0,0,0.384334683418274,0,0,0,0,0.341178754965464,0,0,0,0,0,0,0,0,0,0.429942390748433,0.265883415937424,0,0,0,0,0.31568495126871,0.277956068515778,0.454553549177945,0.340452045202255,0.235953831672668,0,0.24548385788997,0.188208594918251,0
0,0,0,0,0,0,0,0,0,0,0,0,0,0,0,0,0.273760855197906,0.267517263690631,0.225959013216197,0,0,0,0,0,0,0,0.253113001585007,0,0,0,0,0,0,0,0,0,0,0,0,0.229591071605682,0.32363618016243,0,0.251324012875557,0,0,0,0.280511751770973,0,0.236321397125721,0,0,0,0,0,0,0,0.327029600739479,0,0,0,0,0,0,0.317630589008331,0,0,0,0,0,0,0,0,0,0.280847191810608,0,0,0,0,0,0.349987810620895,0,0.334871489968565,0.238065139168785,0,0.23486975249317,0,0
0,0,0,0.185564172165147,0.234164204200109,0.205988719192131,0,0,0,0.276544898748398,0.202075272798538,0.246136958237554,0,0,0,0,0.28467578902131,0.282322857344505,0.416418668112098,0.231866349776586,0.242440652102232,0,0,0,0,0,0,0,0,0,0,0,0,0.308541973431905,0,0.230420211895128,0,0.264576345682144,0,0.254806555703021,0.226180600432249,0.276701916758766,0.242829287690776,0.295308905343215,0,0,0.22528134390851,0.27687691780458,0.247408328538245,0.2507296090569,0.239878341555595,0.197190169245005,0,0,0,0,0.246288105845451,0.291058817878366,0,0,0,0,0.211428821027199,0.234019204974174,0,0,0,0,0,0.274954169988632,0,0,0.319163044036572,0.269278667294062,0,0,0,0,0.308984729680149,0.272243969674621,0.318569076712406,0.266132164866694,0.270245235775695,0.259758807718754,0.293606095342135,0.293829985391135,0.253122299909592
0,0,0.209709978103638,0.219666376709938,0.245423551996549,0.215755136476623,0,0,0,0,0.282463073978821,0.240852385759354,0,0,0,0,0.30399919620582,0.333354260240282,0.321988761425018,0.203156962990761,0.274304695137673,0,0,0,0,0,0,0,0,0,0,0,0,0,0.278983652591705,0,0.202849321104773,0,0.316790541013082,0.224830618145269,0.245846959438113,0.2404352247715,0.299246369958758,0,0.280511751770973,0.22528134390851,0,0.259184901791859,0.219849575682773,0.2364524773189,0.221269406378269,0,0,0,0,0,0.285380518556956,0,0.249891504645348,0,0,0,0.22698994152821,0.25530434332044,0,0,0,0,0,0,0,0,0.258455753326416,0.310957011031477,0,0,0,0.280931125084559,0.252700343728065,0.261227239453233,0.264350242084927,0.292795145233545,0.216859036093128,0,0.279257917066966,0,0.303995019086053
0.298057834307353,0,0.253680863976479,0.252262726426125,0.263093638507759,0.255877324125984,0,0,0.320314451224274,0,0.264898702502251,0.264228349382227,0,0,0,0,0.253024864941835,0.245305427908897,0.231819586909336,0.281446039676666,0.254501149058342,0.506231851875782,0.530517881115278,0,0,0,0,0,0,0,0,0.517020127922297,0.501148971512258,0.471276983469181,0.397125766561181,0.14783184281127,0.153539312304929,0.478252151135753,0.468751836612834,0.257275485631191,0.258989176372202,0.305375838425101,0.279005245580471,0,0,0.27687691780458,0.259184901791859,0,0.351733851786342,0.473755330683495,0.229916964968046,0.318539649248123,0,0,0,0,0.27261248677969,0.275197757035494,0,0,0,0,0.268031544983387,0.214139053391086,0.421017875274022,0.512165330350399,0.359529435634613,0,0,0,0,0,0.294767072796822,0.294859555363655,0.477259145900209,0.542809129606348,0.383619077150187,0.491977786268475,0.427994889114317,0.42266288950078,0.530810009630691,0.549199115813157,0.458909445913023,0.715227195194789,0.389607013809922,0.311111350854238,0.26651825436524
0.175368469905908,0,0.175127492737524,0,0.247174113754212,0.23700059056282,0,0,0.123048401768169,0,0.260358601808548,0.221144035458565,0,0,0.150335812734233,0,0.247092485427856,0.252245364444596,0.288168085739017,0,0.213490826884906,0,0.363613684325529,0,0.229476286719243,0,0,0,0,0,0,0.309818476438522,0.327682696282864,0.540442462478365,0.394027068034599,0.210023899530542,0.206697241445772,0.631371839841207,0.38793619344352,0.26736449517987,0.253529109964517,0.310177846997976,0.267176344473482,0,0.236321397125721,0.247408328538245,0.219849575682773,0.351733851786342,0,0.300240923923657,0.251181360334158,0,0,0,0.132324250285016,0,0.24940572217458,0.276925767461459,0,0,0.163769907572053,0,0.239946488291025,0.222608589719642,0.490771174430847,0.282285818309934,0,0.252617517529532,0,0.267784320132833,0,0.279377567768097,0,0.290768959692546,0,0,0.495902091264725,0.300858464712898,0.212896487430522,0.24533846238922,0.595540356636047,0.311806711283597,0.309043117066224,0.545727218190829,0.273000097092475,0.260555386543274,0.292577644028971
0,0.150102770058055,0.263013020157814,0.230306654595412,0.256537903100252,0.238882995210588,0,0,0.369091272354126,0.151297461489836,0.250268869102001,0.241582740575839,0,0,0,0.157653123140335,0.235827719171842,0.254722207000381,0.220798776485026,0.230471572705678,0,0.293388886554852,0,0.211827002465725,0,0,0,0,0,0,0,0,0.201850675046444,0.503703987803952,0.591897745099333,0.188242319526163,0.165016089517035,0.406375749617495,0.630334106183821,0.224626275621159,0.220879798134168,0.302758441603184,0.313895038606828,0,0,0.2507296090569,0.2364524773189,0.473755330683495,0.300240923923657,0,0.244666785001755,0.236056841909885,0,0,0,0.160038084469058,0.254929527640343,0.293235012360158,0,0,0,0.141857728362083,0.262309192778161,0.207428387724436,0.285200669185553,0,0.236751630311495,0,0.326097420909826,0,0.335067267532761,0,0.291276838785658,0.314949184656143,0.266341090202332,0.187538926800092,0.476822429895401,0.559103444814682,0.231605480584002,0.228547304587544,0.339901288149861,0.57876933504034,0.431550399122678,0.62241992354393,0.292065915486795,0.285580592023002,0.297895246744156
0,0,0,0,0.169334992269675,0,0.162511203438044,0,0.138622319469085,0,0,0,0,0,0,0,0,0,0,0,0,0,0,0,0,0,0,0,0,0,0,0,0,0,0,0,0,0,0,0,0.252065785229206,0,0.226146729042133,0,0,0.239878341555595,0.221269406378269,0.229916964968046,0.251181360334158,0.244666785001755,0,0,0.167126422604689,0,0.137253688914435,0,0.243625432252884,0,0.146069392561913,0,0,0,0,0,0,0,0,0,0,0,0,0,0,0.280680611729622,0,0,0,0,0,0.302210479974747,0,0.295865036547184,0.200045312444369,0,0.239027129916044,0,0.21069324016571
0,0,0,0.152754430969556,0,0.154305929938952,0,0,0,0,0,0,0,0,0,0,0,0,0,0,0,0,0,0,0,0,0,0,0,0,0,0,0,0,0,0,0,0,0,0.22020223736763,0,0.215312281250954,0,0,0,0.197190169245005,0,0.318539649248123,0,0.236056841909885,0,0,0,0,0,0.191351227462292,0,0.206925774614016,0,0.173873500577335,0,0.166291877627373,0.2362315133214,0,0,0,0,0,0,0,0,0,0.29279085000356,0,0,0,0,0,0.236681684851646,0,0.261764787137508,0,0,0,0.170796468853951,0,0
0,0,0,0,0.180011302232742,0,0.15894327815852,0,0,0,0.170755481932844,0,0.148821621348983,0,0,0,0,0,0,0,0,0,0,0,0,0,0,0,0,0,0,0,0,0,0,0,0,0,0,0,0,0,0,0,0,0,0,0,0,0,0.167126422604689,0,0,0,0,0,0.172919233126202,0,0.153952652445206,0,0,0,0,0,0,0,0,0,0,0,0,0,0,0,0,0,0,0,0,0,0,0,0.142986080476216,0,0,0,0
0,0,0,0,0,0.127155348658562,0,0.216644202918948,0,0,0,0.210255930959075,0,0,0,0,0,0,0,0,0,0,0,0,0,0,0,0,0,0,0,0,0,0,0,0,0,0,0,0,0,0,0,0,0,0,0,0,0,0,0,0,0,0,0,0,0,0.170363571494818,0,0.194843758642674,0,0,0,0,0,0,0,0,0,0,0,0,0,0,0,0,0,0,0,0,0,0,0.207056156506664,0.197667300701141,0,0,0
0.161170153965992,0,0.128449261188507,0,0.128308318555355,0,0,0,0.181119794459919,0,0,0,0,0,0,0,0.145831098034978,0.196862891316414,0.133899495005608,0,0,0,0,0,0.196690270861427,0,0,0,0,0,0,0,0,0,0,0,0,0,0.26229800685094,0,0,0,0,0,0,0,0,0,0.132324250285016,0,0.137253688914435,0,0,0,0,0,0,0,0,0,0,0,0,0,0,0,0,0,0,0,0,0,0,0,0,0,0,0,0,0,0,0.23489482689948,0.160877422449437,0,0,0,0
0,0.182593170553446,0,0.154446898362575,0,0,0,0,0,0.175542046037097,0,0,0,0,0,0,0,0.160654217004776,0,0,0,0,0,0.173634053561194,0,0,0,0,0,0,0,0,0,0,0,0,0,0.22194346178461,0,0,0,0,0,0,0,0,0,0,0,0.160038084469058,0,0.191351227462292,0,0,0,0,0,0,0,0,0,0.166474943098269,0,0,0,0,0.183733263611794,0,0,0,0,0,0.279080837965012,0,0,0,0,0,0,0,0.20824193418026,0,0.167276254201189,0,0.183569036032024,0,0
0,0,0.250928431749344,0,0.238260371817483,0,0.163994480110705,0,0,0,0.166193990477347,0,0.172559795933857,0,0,0,0.271889314055443,0.27279993891716,0.327438552271236,0,0.341060101985931,0,0,0,0,0,0,0,0.184169860048728,0,0.183049203357199,0,0,0,0,0,0.183559522032738,0,0.167464868018502,0.273805956045787,0.25819118456407,0.233953040093184,0.302833696176489,0,0.327029600739479,0.246288105845451,0.285380518556956,0.27261248677969,0.24940572217458,0.254929527640343,0.243625432252884,0,0.172919233126202,0,0,0,0,0,0.193575934489292,0,0,0,0,0.264741051990075,0,0,0,0,0,0,0,0,0.301421095927556,0.424088360800804,0,0,0,0,0.242725439369678,0.261042299697984,0.250419229269028,0.242797236524376,0.143458756192248,0,0.271299719792413,0,0.322870209813118
0,0,0,0.269072582945228,0,0.25675135354201,0,0.159503218034903,0,0,0,0.172717346049485,0,0.149010496636232,0,0,0.287255996465683,0.283773092123178,0.321649401866156,0.215627087736154,0.320567816495895,0,0,0,0,0,0,0.154585480690002,0,0.181651038879698,0,0,0,0,0,0.147565264999866,0,0.174163683972977,0,0.285694244852725,0.24543809145689,0.345607339212975,0.246596418321133,0.384334683418274,0,0.291058817878366,0,0.275197757035494,0.276925767461459,0.293235012360158,0,0.206925774614016,0,0.170363571494818,0,0,0,0,0,0.160538713137309,0,0,0.354991548790067,0,0,0,0.297092191874981,0,0.297031342983246,0,0.330312999150225,0,0.355564138136326,0.256523191928864,0,0,0.303514122962952,0,0.301817359218189,0,0.265919010048588,0.30712423154286,0.163633787419767,0.229684849580129,0.310852099481634,0.332814854383469,0.251258336007595
0,0,0,0,0.153551042079926,0,0.155956979767949,0,0,0,0.171107661412206,0,0.176885491681999,0,0.280130396996226,0,0,0,0,0,0,0,0,0,0,0,0.155032107426274,0,0.164036633239852,0,0,0,0,0,0,0,0,0,0,0,0,0,0,0,0,0,0.249891504645348,0,0,0,0.146069392561913,0,0.153952652445206,0,0,0,0.193575934489292,0,0,0,0.150565294814961,0,0,0,0,0,0,0,0,0,0,0.13391320258379,0,0,0,0,0,0,0,0,0,0,0.15052630007267,0,0.259865741940993,0,0
0,0,0,0,0,0.194172809521357,0,0.214076666092431,0,0,0,0,0,0.159606708814344,0,0.105943105369806,0,0,0,0,0,0,0,0,0,0,0,0.142457970018898,0,0,0,0,0,0,0,0,0,0,0,0,0,0,0,0,0,0,0,0,0,0,0,0.173873500577335,0,0.194843758642674,0,0,0,0.160538713137309,0,0,0,0.154600670071025,0,0,0,0,0,0,0,0,0.126369607448578,0,0,0,0,0,0,0,0,0,0,0,0.150078055262566,0,0,0,0
0,0,0,0,0,0,0,0,0.126163539580173,0,0,0,0.165379943495447,0,0.193941383863508,0,0.141637305617332,0.141418308019638,0,0,0,0,0.152878805994987,0,0,0,0.154577221267107,0,0.136465867981315,0,0,0,0,0,0,0,0,0,0,0,0,0,0,0,0,0,0,0,0.163769907572053,0,0,0,0,0,0,0,0,0,0.150565294814961,0,0,0,0,0,0,0,0,0,0,0.178630769252777,0,0,0,0,0,0,0,0,0,0,0,0,0.213323771953583,0,0,0,0
0,0.156169848926997,0,0.166684890335256,0,0,0,0,0,0.156313414452597,0,0,0,0.0851225197315216,0,0.137229111231863,0.117728017270565,0.136300378933895,0,0,0,0,0,0,0,0.142028833429019,0,0,0,0,0,0,0,0,0,0,0,0,0,0,0,0,0,0,0,0,0,0,0,0.141857728362083,0,0.166291877627373,0,0,0,0.166474943098269,0,0,0,0.154600670071025,0,0,0,0,0,0,0,0,0,0,0,0,0,0,0,0,0,0,0,0,0,0,0.14481674451381,0,0.162819549441338,0,0
0,0,0,0.214273855090141,0.216417849063873,0.304847287635009,0,0,0,0,0,0.233522590873763,0,0,0,0,0.271420511934492,0.273574164509773,0.292750934170464,0.224578579719192,0.270415067672729,0,0,0,0,0,0,0,0,0.289380898078283,0,0,0,0,0,0.173771719710302,0,0.199865634184937,0,0.217222469252513,0.264214426279068,0.323296779172008,0.223631706088781,0.341178754965464,0,0.211428821027199,0.22698994152821,0.268031544983387,0.239946488291025,0.262309192778161,0,0.2362315133214,0,0,0,0,0,0.354991548790067,0,0,0,0,0,0.210083097219467,0,0,0,0,0,0,0,0,0.377098019120364,0.266194671392441,0,0,0.328567087650299,0,0.254855333805586,0.330366231501102,0.318391534464917,0.279393765059384,0.183436708042378,0,0.277189464905719,0.291455278622693,0.230899542570114
0,0,0.235236562788486,0,0.312671662517078,0,0.240377432107925,0,0.25825709104538,0,0.22547548613511,0,0,0,0,0,0.27647837554967,0.293130318820477,0.312067343151733,0,0.217822528656546,0,0,0,0,0,0,0,0,0,0,0,0,0,0.300836652517319,0,0.177656150653516,0.290122866630554,0.181052691489458,0.209537110158375,0.235501946475018,0.231442699537558,0.329324767116292,0,0.317630589008331,0.234019204974174,0.25530434332044,0.214139053391086,0.222608589719642,0.207428387724436,0,0,0,0,0,0,0.264741051990075,0,0,0,0,0,0.210083097219467,0,0,0,0,0,0,0,0,0,0.284185963372389,0.350783966481686,0,0,0,0.260845825076103,0.266787963608901,0.27082630485772,0.280195601284504,0.267944126044258,0.211405403341527,0.144038401544094,0.304160570677898,0.220999956130981,0.313004507921463
0,0,0,0,0,0,0,0,0,0,0,0,0,0,0,0,0,0.140924734994769,0,0,0,0.162061586339765,0.123624721919399,0.246679390658333,0,0.137475278706123,0,0.140275661538287,0,0,0,0,0,0,0,0,0,0.185494579640882,0.11135126894744,0,0,0.353733479976654,0,0,0,0,0,0.421017875274022,0.490771174430847,0.285200669185553,0,0,0,0,0,0,0,0,0,0,0,0,0,0,0,0,0.246656173912736,0,0.238047353812118,0,0.216292467145693,0,0,0,0,0,0,0,0,0,0.262484871540908,0.0986862387508154,0.128583315123872,0,0.240398994566482,0,0
0,0,0,0,0,0,0,0,0,0,0,0,0,0,0,0,0.11562703824357,0,0,0,0,0.111055755090934,0.179824765288188,0,0.229884335352469,0,0.167147487481648,0,0.191182017326355,0,0,0,0,0,0,0,0,0.214210525900126,0.237546551270189,0,0,0,0,0,0,0,0,0.512165330350399,0.282285818309934,0,0,0,0,0,0,0,0,0,0,0,0,0,0,0,0,0,0,0.269716655774822,0,0,0,0,0,0,0,0,0,0,0,0,0,0.270076705929306,0.173570608787804,0.140893420035189,0.241080277562141,0,0
0,0,0,0,0,0,0,0,0,0.174226925439305,0,0,0,0,0,0.157955273985863,0.142579658991761,0.14291288684637,0.161503318697214,0,0,0.185168147350835,0,0.19568139870288,0,0.156757167619752,0,0,0,0,0,0,0,0,0,0,0,0.215324540932973,0,0,0,0.284809894859791,0,0,0,0,0,0.359529435634613,0,0.236751630311495,0,0,0,0,0,0.183733263611794,0,0.297092191874981,0,0,0,0,0,0,0.246656173912736,0,0,0,0.218551784557946,0,0.33012785871052,0,0,0,0,0,0,0,0,0,0.206235441322229,0,0.149058391021131,0,0.240590787559583,0,0
0,0,0,0,0,0,0,0,0.123094532638788,0,0,0,0,0,0,0,0.162315049927507,0.1540126399352,0.138575665652752,0,0,0,0.269201116128401,0,0.213273403133813,0,0.182307841405816,0,0,0,0,0,0,0,0,0,0,0,0.229988308067907,0,0,0.195788815617561,0,0,0,0,0,0,0.252617517529532,0,0,0,0,0,0,0,0,0,0,0,0,0,0,0,0,0.269716655774822,0,0,0,0,0,0,0,0,0,0,0,0,0,0,0,0.221684432151366,0.177114012574715,0,0.261210414194144,0,0
0,0,0,0,0,0,0,0,0.164162442088127,0.134305842220783,0,0,0,0,0,0.129838741487927,0.138564499361174,0.133160932561973,0,0,0,0.159098095324145,0,0.154621059810134,0,0.141709381049233,0,0.166106298565865,0,0,0,0,0,0,0,0,0,0,0,0,0,0,0,0,0,0,0,0,0,0.326097420909826,0,0,0,0,0,0,0,0.297031342983246,0,0,0,0,0,0,0.238047353812118,0,0.218551784557946,0,0,0,0.357960637925584,0,0,0,0,0,0,0,0.256680071353912,0,0,0,0.14108010265723,0,0.177010646050281,0,0
0,0,0,0,0,0,0,0,0.167608206470807,0,0,0,0.134880483150482,0,0.13619566783309,0,0.132962389795709,0.152748347967863,0.193729171529412,0,0,0,0.117324936275299,0,0.15904478294154,0,0.151001883639117,0,0.179295880312566,0,0,0,0,0,0,0,0,0,0,0,0.330414831638336,0,0,0,0,0.274954169988632,0,0,0.267784320132833,0,0,0,0,0,0,0,0,0,0,0,0.178630769252777,0,0,0,0,0,0,0,0,0,0,0.203233884913581,0,0,0,0,0,0,0,0,0,0,0.159051405475101,0,0,0,0
