0,0,4.39464837344573,0,0,0,0,0,4.68867500850132,0,0,0,0,0,0,0,7.61075866923613,0,12.5199706077576,0,0,0,0,0,0,0,0,0,0,0,0,0,0,0,0,0,0,0,0,0,0,0,8.08912904235138,0,0,0,0,0,4.72946047957564,0,0,0,0,0,5.00388622074183,0,6.83657162277787,0,0,0,3.63332413904595,0,0,0,0,0,0,0,0,0,0,0,0,0,0,0,0,0,0,0,0,0,4.97965926346102,0,5.48036585973234,0,0
0,0,0,4.36374136833918,0,0,0,0,0,6.50103449371626,0,0,0,0,0,0,0,0,5.14123789469401,0,0,0,0,0,0,0,0,0,0,0,0,0,0,0,0,0,0,0,0,0,0,6.30104749767404,0,0,0,0,0,0,0,3.80061915696725,0,0,0,0,0,4.87862756698866,0,4.50653457641602,0,4.69608495916639,0,3.76512673922947,0,0,0,0,0,0,0,0,0,0,0,0,0,0,0,0,0,0,0,0,3.62868086226443,0,3.8767575737614,0,0
4.39464837344573,0,0,0,0,0,0,0,0,0,0,0,0,0,0,0,0,0,0,0,0,0,0,0,0,0,0,0,0,0,0,0,0,0,0,0,0,0,0,0,0,0,0,0,0,0,0,0,6.00241819774567,0,0,0,0,0,3.36468759604863,0,3.08063191932345,0,4.11195998299649,0,4.17278777531215,0,0,0,0,0,0,0,0,0,0,0,0,0,0,0,0,0,0,0,0,0,0,0,6.38551867449725,0,0
0,4.36374136833918,0,0,0,0,0,0,0,5.41726160049438,0,0,0,0,0,0,0,0,0,0,0,0,0,0,0,0,0,0,0,0,0,0,0,0,0,0,0,0,0,0,0,0,0,0,0,0,0,0,0,4.92281523566682,0,0,0,0,0,4.64511807759603,0,5.29509418114372,0,4.3898491920569,0,4.89257963498433,0,0,0,0,0,0,0,0,0,0,0,0,0,0,0,0,0,0,0,0,0,0,4.58752148297795,0,0
0,0,0,0,0,0,3.43355183167891,0,0,0,0,0,0,0,0,0,0,0,0,0,4.16329009636589,0,0,0,0,0,0,0,0,0,0,0,0,0,0,0,0,0,0,0,0,0,0,0,0,0,0,0,0,0,3.32946342714872,0,0,0,0,0,0,0,2.99617722299364,0,3.06204378604889,0,0,0,0,0,0,0,0,0,0,0,0,0,0,0,0,0,0,0,0,0,3.9489374877485,0,3.07981300354004,0,0
0,0,0,0,0,0,0,3.97312986850739,0,0,0,0,0,0,0,5.71166396141052,0,0,0,4.02112423013521,0,0,0,0,0,0,0,0,0,0,0,0,0,0,0,0,0,0,0,0,0,0,0,0,0,0,0,0,0,0,0,3.03551338453378,0,2.74435257911682,0,0,0,4.84938270568848,0,4.1154168179927,0,4.10132923708782,4.40918750166893,0,0,0,0,0,0,0,0,0,0,0,0,0,0,0,0,0,0,0,3.13190355761485,2.74675250053406,3.91148279507955,0,0
0,0,0,0,3.43355183167891,0,0,0,0,0,0,0,0,0,0,0,0,0,0,0,0,0,0,0,0,0,0,0,0,0,0,0,0,0,0,0,0,0,0,0,0,0,0,0,0,0,0,0,0,0,3.0944168015859,0,3.004538582904,0,0,0,2.73919534683228,0,2.8034698565801,0,0,0,0,0,0,0,0,0,0,0,0,0,0,0,0,0,0,0,0,0,0,0,4.4202561378479,0,0,0,0
0,0,0,0,0,3.97312986850739,0,0,0,0,0,3.00037312507629,0,0,0,0,0,0,0,0,0,0,0,0,0,0,0,0,0,0,0,0,0,0,0,0,0,0,0,0,0,0,0,0,0,0,0,0,0,0,0,4.78499599456787,0,3.45941715491445,0,0,0,4.2392467781178,0,3.88169403970242,0,0,0,0,0,0,0,0,0,0,0,0,0,0,0,0,0,0,0,0,0,0,2.84228099289761,0,0,0,0
4.68867500850132,0,0,0,0,0,0,0,0,0,0,0,0,0,2.93269756957368,0,0,0,0,0,0,0,0,0,4.0760507783279,0,0,0,0,0,0,0,0,0,23.2071762084961,0,0,0,8.88006294819347,0,0,0,4.94140865252568,0,0,0,0,0,0,0,0,0,0,0,9.05960956637036,0,0,0,0,0,4.53786750601119,0,0,0,0,0,0,10.7215386731688,0,0,0,0,0,0,0,0,0,0,0,0,0,11.5774836791189,4.9191790524651,7.56770870231447,3.83041614294052,0,6.65534515380859
0,6.50103449371626,0,5.41726160049438,0,0,0,0,0,0,0,0,0,0,0,3.39968184062413,0,0,0,0,0,0,0,0,0,3.79530692100525,0,0,0,0,0,0,0,0,0,0,0,16.5581070780754,0,0,0,3.41319763660431,0,0,0,0,0,0,0,4.334395136152,0,0,0,0,0,7.53131337194093,0,0,0,0,0,4.562096699605,0,0,0,0,0,0,0,0,0,0,0,0,0,0,0,0,0,0,0,0,6.44301742099548,4.13742788694799,5.27023352895464,0,0
0,0,0,0,0,0,0,0,0,0,0,0,3.15370001792908,0,0,0,0,0,0,0,3.95097036286348,0,0,0,0,0,0,0,0,0,3.39158751747825,0,0,0,0,0,6.53932952880859,0,3.71048087850866,0,0,0,0,0,0,0,0,0,0,0,0,0,0,0,0,0,4.74410895429422,0,6.94108777576023,0,0,0,0,5.54599861211555,0,0,0,0,0,0,0,0,0,3.41445316076279,0,0,0,0,0,0,0,6.67029882222414,3.23323794041783,0,0,0,0
0,0,0,0,0,0,0,3.00037312507629,0,0,0,0,0,3.02047656266996,0,0,0,0,0,4.447879704948,0,0,0,0,0,0,0,3.23560426500109,0,4.45623725842518,0,0,0,0,0,3.79226916176932,0,4.02280474741309,0,0,0,0,0,0,0,0,0,0,0,0,0,2.73746109008789,0,0,0,0,0,4.07089868333532,0,3.24759608466609,0,0,4.99382478083883,0,0,0,0,0,0,0,3.54676571830374,0,3.88706290301155,0,0,0,0,0,0,0,4.72726789734067,0,3.58639279631681,0,7.99450709079874,0,0
0,0,0,0,0,0,0,0,0,0,3.15370001792908,0,0,0,4.34201221089614,0,0,0,0,0,0,0,0,0,0,0,0,0,4.23273543878035,0,0,0,0,0,0,0,0,0,0,0,0,0,0,0,0,0,0,0,0,0,0,0,0,0,0,0,6.12530469894409,0,4.76920316444253,0,6.37268042689219,0,0,0,0,0,0,0,0,0,0,3.6557583127703,0,0,0,0,0,0,0,0,0,0,3.90435477097829,3.22657410787935,0,0,0
0,0,0,0,0,0,0,0,0,0,0,3.02047656266996,0,0,0,4.65473182061139,0,4.1568622196777,0,0,0,0,0,0,0,2.73478031158447,0,0,0,0,0,0,0,0,0,0,0,0,0,0,0,0,0,0,0,0,0,0,0,0,0,4.71366589409964,0,0,0,0,0,3.35062892247413,0,4.35592607523771,0,3.97892244633609,0,0,0,0,0,0,0,0,0,0,0,0,0,0,0,0,0,0,0,0,3.12785767985553,3.05948180715803,0,0,0
0,0,0,0,0,0,0,0,2.93269756957368,0,0,0,4.34201221089614,0,0,0,4.21687532451055,0,0,0,0,0,0,0,4.34938987096151,0,0,0,2.9485080242157,0,0,0,0,0,0,0,0,0,0,0,0,0,0,0,0,0,0,0,0,0,0,0,0,0,4.09202778339386,0,0,0,6.02481125593185,0,3.68937503850019,0,0,0,0,0,0,0,0,3.35143375396729,0,0,0,0,0,0,0,0,0,0,0,0,3.46643612191484,6.25633509953817,0,0,0
0,0,0,0,0,5.71166396141052,0,0,0,3.39968184062413,0,0,0,4.65473182061139,0,0,0,5.60927008763212,0,0,0,0,0,3.59517860412598,0,4.052869896094,0,0,0,0,0,0,0,0,0,0,0,0,0,0,0,0,0,0,0,0,0,0,0,0,0,2.74469304084778,0,0,0,4.37518617510796,0,0,0,5.99508084569659,0,3.27819898948073,0,0,0,0,0,0,0,0,0,0,0,0,0,0,0,0,0,0,0,0,3.88699577439506,2.90024304389954,0,0,0
7.61075866923613,0,0,0,0,0,0,0,0,0,0,0,0,0,4.21687532451055,0,0,21.4914945499486,7.45620926350663,0,0,0,3.683709972045,0,4.95432865619659,0,5.13068793165056,0,0,0,0,0,0,0,0,0,0,0,0,0,0,0,12.8603610992432,0,0,0,0,0,0,0,0,0,0,0,0,0,0,0,0,0,0,0,0,0,0,0,0,0,0,6.76763319969177,0,0,0,0,0,0,0,0,0,0,0,0,7.81448858625041,5.51628305823021,7.88371472888523,0,12.2182083129883
0,0,0,0,0,0,0,0,0,0,0,0,0,4.1568622196777,0,5.60927008763212,21.4914945499486,0,6.59384128505581,0,0,2.92822520157387,0,4.54706787052801,0,4.89410227062157,0,3.15153010792202,0,0,0,0,0,0,0,0,0,0,0,0,0,0,0,0,0,0,0,0,0,0,0,0,0,0,0,0,0,0,0,5.90024423599243,0,5.96943667355706,0,0,2.97263108359443,0,0,0,4.69088079248156,0,4.08420275506519,0,0,0,0,0,0,0,0,0,0,0,7.14358300197164,4.91470292881131,5.85296356678009,0,0
12.5199706077576,5.14123789469401,0,0,0,0,0,0,0,0,0,0,0,0,0,0,7.45620926350663,6.59384128505581,0,0,0,0,0,0,0,0,0,0,0,0,0,0,0,0,0,0,0,0,0,0,0,5.66211637963679,5.46152455612065,5.09247909283096,5.6302439871156,0,12.9681491851807,0,0,0,0,0,0,0,0,0,0,0,0,0,0,0,0,0,0,0,3.58494472503662,0,0,0,0,0,0,0,0,0,0,0,35.9176814739521,0,0,0,6.69304853987534,9.60002527918134,5.44758143069179,5.75207605443682,5.40703648712203
0,0,0,0,0,4.02112423013521,0,0,0,0,0,4.447879704948,0,0,0,0,0,0,0,0,0,0,0,0,0,0,0,0,0,0,0,0,0,0,0,3.92511950211032,0,4.03827267268608,0,0,0,0,0,0,0,0,0,0,0,0,0,5.39368963913179,0,9.68259620666504,0,0,0,4.27684205931586,0,0,0,0,3.55030431126439,0,0,0,0,0,0,0,0,0,0,0,0,0,0,0,4.82686706488045,0,3.6202542415032,0,4.51960496413402,0,3.46835714278461,0,0
0,0,0,0,4.16329009636589,0,0,0,0,0,3.95097036286348,0,0,0,0,0,0,0,0,0,0,0,0,0,0,0,0,0,0,0,0,0,0,0,0,0,3.8786032591643,0,5.3914248046712,0,0,0,0,0,0,0,0,0,0,0,2.84255434485043,0,0,0,0,0,3.95029499937848,0,0,0,0,0,0,4.00067003533758,0,0,0,0,0,0,0,0,0,10.1098661422729,0,0,0,0,0,4.04287352512792,0,5.19447778351605,3.54398328738105,0,4.01280251610056,0,0
0,0,0,0,0,0,0,0,0,0,0,0,0,0,0,0,0,2.92822520157387,0,0,0,0,6.34569821755091,4.24968935142864,0,3.21759057998657,0,5.93244721019079,0,0,0,0,0,0,0,0,0,3.98541263276083,0,0,0,0,0,0,0,0,0,0,0,3.16326958254764,0,0,0,0,0,0,0,0,0,0,0,0,0,0,3.88364184643221,2.72658276557922,4.34491225980943,0,12.0503234806515,0,8.80663428277326,0,0,0,0,0,0,0,0,0,5.16895275295905,0,4.37722405920111,4.37220415115356,0,0,0
0,0,0,0,0,0,0,0,0,0,0,0,0,0,0,0,3.683709972045,0,0,0,0,6.34569821755091,0,0,7.07902016980307,0,4.11620530215177,0,0,0,0,0,0,0,0,0,0,0,4.28126655699502,0,0,0,0,0,0,0,0,0,4.52447601159414,0,0,0,0,0,0,0,0,0,0,0,0,0,0,0,0,4.98124719065389,0,8.14018370413486,0,0,0,0,0,0,0,0,0,0,0,0,0,3.82349134236574,4.68547596214535,4.70375944220501,0,0,0
0,0,0,0,0,0,0,0,0,0,0,0,0,0,0,3.59517860412598,0,4.54706787052801,0,0,0,4.24968935142864,0,0,0,3.16590396354073,0,0,0,0,0,0,0,0,0,0,0,3.8221324247829,0,0,0,0,0,0,0,0,0,0,0,0,0,0,0,0,0,2.77330121397972,0,0,0,0,0,0,0,0,6.77807681901114,0,3.45963781782724,0,5.25233725096675,0,0,0,0,0,0,0,0,0,0,0,5.60370531668299,0,3.35700923204422,0,0,0,0
0,0,0,0,0,0,0,0,4.0760507783279,0,0,0,0,0,4.34938987096151,0,4.95432865619659,0,0,0,0,0,7.07902016980307,0,0,0,3.24040882727679,0,0,0,0,0,0,0,0,0,0,0,3.88240087120621,0,0,0,0,0,0,0,0,0,14.9511399269104,0,0,0,0,0,3.65701193785548,0,0,0,0,0,3.74127691367577,0,0,0,0,9.43238031699578,0,4.07666063893075,0,3.72416664001554,0,0,0,0,0,0,0,0,0,0,0,4.46627640724182,3.95267557078957,24.7145290374756,0,0,0
0,0,0,0,0,0,0,0,0,3.79530692100525,0,0,0,2.73478031158447,0,4.052869896094,0,4.89410227062157,0,0,0,3.21759057998657,0,3.16590396354073,0,0,0,3.25392277617204,0,0,0,0,0,0,0,0,0,0,0,0,0,0,0,0,0,0,0,0,0,0,0,0,0,0,0,4.91639645894368,0,0,0,0,0,0,0,0,3.28171471357346,0,3.37129531654657,0,11.2612565796951,0,12.0277509689331,0,0,0,0,0,0,0,0,0,0,0,3.47559935251872,0,0,0,0
0,0,0,0,0,0,0,0,0,0,0,0,0,0,0,0,5.13068793165056,0,0,0,0,0,4.11620530215177,0,3.24040882727679,0,0,0,3.86706165986903,0,0,0,0,0,0,0,0,0,0,0,0,0,0,0,0,0,0,0,0,0,0,0,0,0,0,0,0,0,0,0,4.0049364566803,0,0,0,0,0,0,2.73947024345398,0,6.58396050204401,0,5.00646166801453,0,0,0,0,0,0,0,0,0,0,3.15195025483223,0,0,0,0
0,0,0,0,0,0,0,0,0,0,0,3.23560426500109,0,0,0,0,0,3.15153010792202,0,0,0,5.93244721019079,0,0,0,3.25392277617204,0,0,0,3.25925952869913,0,0,0,0,0,0,0,3.59576030833992,0,0,0,0,0,0,0,0,0,0,0,0,0,0,0,0,0,0,0,3.31805713474751,0,2.84636092185974,0,0,0,0,5.7689527335105,0,0,0,3.85969905058543,0,5.19623719715023,0,3.05736678296869,0,0,0,0,0,0,0,4.14768259184701,0,3.20722191674369,3.09192044734955,0,0,0
0,0,0,0,0,0,0,0,0,0,0,0,4.23273543878035,0,2.9485080242157,0,0,0,0,0,0,0,0,0,0,0,3.86706165986903,0,0,0,2.97304190598525,0,0,0,0,0,0,0,2.92068352789249,0,0,0,0,0,0,0,0,0,0,0,0,0,0,0,0,0,0,0,4.1412145802469,0,0,0,0,0,0,2.73883581161499,0,0,0,9.94719611273872,0,3.37603714889096,0,3.01054620742798,0,0,0,0,0,0,0,0,3.16445906427171,2.96222066879272,0,0,0
0,0,0,0,0,0,0,0,0,0,0,4.45623725842518,0,0,0,0,0,0,0,0,0,0,0,0,0,0,0,3.25925952869913,0,0,0,0,0,0,0,0,0,3.42666517055396,0,0,0,0,0,0,0,0,0,0,0,0,0,0,0,0,0,0,0,6.13259524420688,0,0,0,0,0,0,0,0,0,0,0,0,3.73395835812735,0,3.84012360739214,0,0,0,0,0,0,0,4.37950332316947,0,4.1840705871582,0,0,0,0
0,0,0,0,0,0,0,0,0,0,3.39158751747825,0,0,0,0,0,0,0,0,0,0,0,0,0,0,0,0,0,2.97304190598525,0,0,0,0,0,0,0,0,0,3.1463761289241,0,0,0,0,0,0,0,0,0,0,0,0,0,0,0,0,0,3.6192250696818,0,0,0,0,0,0,0,0,0,0,0,0,0,0,3.696052194761,0,3.32025579542949,0,0,0,0,0,0,0,2.74228143692017,3.01915923754374,0,0,0,0
0,0,0,0,0,0,0,0,0,0,0,0,0,0,0,0,0,0,0,0,0,0,0,0,0,0,0,0,0,0,0,0,4.1756253697602,22.7495550855994,16.0658377806346,5.04578218257367,10.8870620727539,0,42.8707008361816,0,0,0,0,0,0,0,0,6.89185643083777,7.35564756393433,21.9436187744141,0,0,0,0,0,0,0,0,0,0,0,0,0,0,0,0,0,0,0,0,0,0,0,0,4.08964897541518,4.61849528431414,22.0304612412597,10.2712676665362,4.88413941922494,9.44065129756927,24.9135599136353,31.0291420618693,3.81442242783385,0,0,0,0
0,0,0,0,0,0,0,0,0,0,0,0,0,0,0,0,0,0,0,0,0,0,0,0,0,0,0,0,0,0,0,4.1756253697602,0,4.28533919652303,11.6118997020955,7.94567739522016,6.1152399122715,0,0,0,0,0,0,0,0,0,0,6.77747786200904,7.72322815114802,9.08684090205601,0,0,0,0,0,0,0,0,0,0,0,0,0,0,0,0,0,0,0,0,0,0,0,0,6.01545703822169,4.36808805883705,20.5709304173787,15.149669331889,21.9707857121478,10.5308452872779,27.3839181264242,28.6814371744792,3.69588990986045,0,0,0,0
0,0,0,0,0,0,0,0,0,0,0,0,0,0,0,0,0,0,0,0,0,0,0,0,0,0,0,0,0,0,0,22.7495550855994,4.28533919652303,0,4.7173811918334,5.33565379443922,0,4.11838840104483,11.5657053179211,0,0,0,0,0,0,0,0,6.17350512128888,20.8814373016357,4.59787612018131,0,0,0,0,0,0,0,0,0,0,0,0,0,0,0,0,0,0,0,0,0,0,0,0,21.0123272222631,6.8110579252243,6.6660062500811,5.17708860471915,15.5769033206476,13.2811737060547,4.78376772759975,23.5206215598366,3.59632039481196,3.07846364378929,20.4597244262695,0,0
0,0,0,0,0,0,0,0,23.2071762084961,0,0,0,0,0,0,0,0,0,0,0,0,0,0,0,0,0,0,0,0,0,0,16.0658377806346,11.6118997020955,4.7173811918334,0,22.2206993103027,3.95591739390759,13.8778952563681,6.90820737002808,0,0,0,0,0,0,0,0,9.48554810668741,0,24.7530689239502,0,0,0,0,0,0,0,0,0,0,0,0,0,0,0,0,0,0,0,0,0,0,0,0,15.9640069007874,11.5061530677172,5.69503291960685,4.76683304251694,20.3273385094433,10.6034840914336,15.6873066048873,10.3525383813041,6.0485494069964,2.90675950050354,28.3102827072144,0,0
0,0,0,0,0,0,0,0,0,0,0,3.79226916176932,0,0,0,0,0,0,0,3.92511950211032,0,0,0,0,0,0,0,0,0,0,0,5.04578218257367,7.94567739522016,5.33565379443922,22.2206993103027,0,3.98454542076051,5.45411549573245,0,4.7762623363071,7.43953731324938,0,0,0,0,0,0,5.29466493094145,3.78499960899353,0,0,0,0,0,0,0,0,0,0,0,0,0,4.4202939212745,0,0,0,0,0,0,0,0,0,0,0,5.43260258901044,9.95301275375562,8.52071901990308,27.4623851776123,5.62573684599968,5.38067840343888,7.49515267957432,38.9117305755615,3.62702877620074,4.06094278962839,4.7998154481252,0,0
0,0,0,0,0,0,0,0,0,0,6.53932952880859,0,0,0,0,0,0,0,0,0,3.8786032591643,0,0,0,0,0,0,0,0,0,0,10.8870620727539,6.1152399122715,0,3.95591739390759,3.98454542076051,0,0,5.36987609997766,8.81958293914795,4.48267072927756,0,0,0,0,0,0,7.61633115261793,3.8276355266571,3.56452226638794,0,0,0,0,0,0,8.93227682963456,0,0,0,0,0,0,4.53002431981875,0,0,0,0,0,0,0,0,0,0,4.72772680010114,6.15954049764443,0,5.83385390043259,5.97043612697819,4.80450940547838,0,7.82187691533271,4.78319604747026,4.77187395914277,4.88240728026531,0,0
0,0,0,0,0,0,0,0,0,16.5581070780754,0,4.02280474741309,0,0,0,0,0,0,0,4.03827267268608,0,3.98541263276083,0,3.8221324247829,0,0,0,3.59576030833992,0,3.42666517055396,0,0,0,4.11838840104483,13.8778952563681,5.45411549573245,0,0,14.0848603311944,0,0,6.16653281450272,0,0,0,0,0,5.80764217555204,0,3.72937735489437,0,0,0,0,0,0,0,4.10270478153229,0,0,0,0,4.50704172421201,0,4.24165772503632,0,3.96201431495437,0,0,0,5.20187164154986,0,3.67644873778682,0,0,0,4.34109498193299,3.81386028017317,7.02490124031999,0,4.30580148936137,6.57303866878633,4.40912719771642,4.69098178832023,6.56371161341667,0,0
0,0,0,0,0,0,0,0,8.88006294819347,0,3.71048087850866,0,0,0,0,0,0,0,0,0,5.3914248046712,0,4.28126655699502,0,3.88240087120621,0,0,0,2.92068352789249,0,3.1463761289241,42.8707008361816,0,11.5657053179211,6.90820737002808,0,5.36987609997766,14.0848603311944,0,0,0,0,4.72665813991002,0,0,0,12.8009076118469,10.5465968718765,5.31134911773069,23.7296441396077,0,0,0,0,8.39617218290057,0,4.91753892267271,0,0,0,0,0,0,10.439936866208,0,7.76761761301671,0,4.26318829188975,0,0,0,3.81324446201324,0,3.18421788199952,0,31.8340197971889,30.6619771321615,7.82788887227041,58.3898658752441,6.89864744042175,18.3287654686444,4.70383619655179,4.97242324456975,5.20290062427521,5.89425589843672,0,0
0,0,0,0,0,0,0,0,0,0,0,0,0,0,0,0,0,0,0,0,0,0,0,0,0,0,0,0,0,0,0,0,0,0,0,4.7762623363071,8.81958293914795,0,0,0,12.9263102727778,20.630720470022,34.1842575073242,17.3590004319368,0,10.4328493982275,0,7.29913993896322,11.3559232921135,16.9742354634886,0,0,0,0,0,0,0,0,0,0,0,0,0,0,0,0,0,0,0,0,0,0,0,0,0,0,0,0,5.01498046262601,12.3992582559586,10.3610168752216,48.4416675567627,21.893384803772,0,8.09353189121401,36.7921859196254,0
0,0,0,0,0,0,0,0,0,0,0,0,0,0,0,0,0,0,0,0,0,0,0,0,0,0,0,0,0,0,0,0,0,0,0,7.43953731324938,4.48267072927756,0,0,12.9263102727778,0,0,19.0354121574825,0,18.883557768429,0,9.35405813668199,6.88089991995126,11.8733684572469,12.2748257092067,0,0,0,0,0,0,47.5619850158691,0,0,0,0,0,0,4.92095672431265,0,0,0,0,0,0,0,0,0,27.9391378826565,0,0,0,0,12.6984090089798,6.48476187954813,0,20.1904859216246,8.76438947021961,0,13.1038884120277,0,13.0187368392944
0,6.30104749767404,0,0,0,0,0,0,0,3.41319763660431,0,0,0,0,0,0,0,0,5.66211637963679,0,0,0,0,0,0,0,0,0,0,0,0,0,0,0,0,0,0,6.16653281450272,0,20.630720470022,0,0,8.00586745955727,15.8765231904231,0,18.9522696633078,0,15.9139453797113,23.9320096969604,14.0837907735834,0,0,0,0,0,0,0,13.1942388901344,0,15.7110335032145,0,0,0,0,0,0,0,0,0,0,17.32172721516,0,9.30711619059245,0,0,0,0,0,23.3419556169222,0,16.8721009859672,0,8.80025347499363,18.8926639556885,13.5139558403402,6.195287742147,0
8.08912904235138,0,0,0,0,0,0,0,4.94140865252568,0,0,0,0,0,0,0,12.8603610992432,0,5.46152455612065,0,0,0,0,0,0,0,0,0,0,0,0,0,0,0,0,0,0,0,4.72665813991002,34.1842575073242,19.0354121574825,8.00586745955727,0,13.2779706319173,6.85785401662191,0,14.3447067226124,6.83489402135213,9.77852900738795,15.7478466033936,0,0,0,0,5.41718138967242,0,14.0176951264849,0,15.0051403045654,0,0,0,0,24.6639078140259,0,0,0,0,0,0,0,23.49255324855,0,14.1282971287301,0,0,0,0,0,23.5122154836618,17.6637393951416,15.3711037899457,11.220360762021,27.8584870809241,10.9092539403814,0,4.5805187981692
0,0,0,0,0,0,0,0,0,0,0,0,0,0,0,0,0,0,5.09247909283096,0,0,0,0,0,0,0,0,0,0,0,0,0,0,0,0,0,0,0,0,17.3590004319368,0,15.8765231904231,13.2779706319173,0,7.40682194783137,10.4283080911448,0,24.1802768707275,0,30.0174166202545,0,0,0,0,0,0,0,0,0,0,0,0,0,0,0,0,0,0,0,0,0,0,0,0,0,0,0,0,23.2243487264069,0,0,0,8.07813953092728,0,9.13332382993893,0,0
0,0,0,0,0,0,0,0,0,0,0,0,0,0,0,0,0,0,5.6302439871156,0,0,0,0,0,0,0,0,0,0,0,0,0,0,0,0,0,0,0,0,0,18.883557768429,0,6.85785401662191,7.40682194783137,0,0,9.27069053649902,0,0,0,0,0,0,0,0,0,0,0,0,0,0,0,0,22.2482395172119,0,0,0,0,0,0,0,0,0,0,0,0,0,0,0,24.4344817852152,0,0,10.8343346310413,13.1032330989838,5.31870150759762,0,11.4704018831253
0,0,0,0,0,0,0,0,0,0,0,0,0,0,0,0,0,0,0,0,0,0,0,0,0,0,0,0,0,0,0,0,0,0,0,0,0,0,0,10.4328493982275,0,18.9522696633078,0,10.4283080911448,0,0,0,0,0,30.2574049915586,0,0,0,0,0,0,0,6.4223370552063,0,0,0,0,4.45417421738024,0,0,0,0,0,0,0,0,0,0,0,0,0,0,0,22.3324551350951,0,14.8803460179714,0,20.9136480256623,0,7.91505339243539,42.7080497741699,0
0,0,0,0,0,0,0,0,0,0,0,0,0,0,0,0,0,0,12.9681491851807,0,0,0,0,0,0,0,0,0,0,0,0,0,0,0,0,0,0,0,12.8009076118469,0,9.35405813668199,0,14.3447067226124,0,9.27069053649902,0,0,26.2895183563232,27.857229868571,0,0,0,0,0,0,0,36.51416015625,0,0,0,0,0,0,5.77407735046656,0,0,0,0,0,0,0,0,0,25.2559321721395,0,0,0,0,64.2711486816406,21.4748745857425,0,14.8583152766972,10.3057479858398,11.3579277992249,6.70894397596596,0,0
0,0,0,0,0,0,0,0,0,0,0,0,0,0,0,0,0,0,0,0,0,0,0,0,0,0,0,0,0,0,0,6.89185643083777,6.77747786200904,6.17350512128888,9.48554810668741,5.29466493094145,7.61633115261793,5.80764217555204,10.5465968718765,7.29913993896322,6.88089991995126,15.9139453797113,6.83489402135213,24.1802768707275,0,0,26.2895183563232,0,6.43603942013413,5.71793307866321,0,0,0,0,0,0,0,0,0,0,0,0,0,0,0,0,0,0,0,0,0,0,0,0,7.17027226451196,5.74642889635424,6.54456392902656,9.7686462506004,15.293421656502,7.31003258324095,7.40507802319828,10.5962610430735,5.57931903813236,7.07052024773189,13.9812130605541,0,0
4.72946047957564,0,6.00241819774567,0,0,0,0,0,0,0,0,0,0,0,0,0,0,0,0,0,0,0,4.52447601159414,0,14.9511399269104,0,0,0,0,0,0,7.35564756393433,7.72322815114802,20.8814373016357,0,3.78499960899353,3.8276355266571,0,5.31134911773069,11.3559232921135,11.8733684572469,23.9320096969604,9.77852900738795,0,0,0,27.857229868571,6.43603942013413,0,7.39597464709723,0,0,0,0,2.95969305719648,0,4.69823411002231,0,5.63379738611334,0,4.6479341506958,0,0,27.9911689758301,0,7.81706436073959,0,8.42359069824219,0,0,0,5.42584368612188,0,4.7300849822389,10.5738713612428,6.77729205249511,26.5319604873657,2.93806521097819,21.1488845288151,7.50589209689191,25.4187726413502,6.19307966725399,16.0077437321345,0,6.89905895674702,0,12.3916664123535
0,3.80061915696725,0,4.92281523566682,0,0,0,0,0,4.334395136152,0,0,0,0,0,0,0,0,0,0,0,3.16326958254764,0,0,0,0,0,0,0,0,0,21.9436187744141,9.08684090205601,4.59787612018131,24.7530689239502,0,3.56452226638794,3.72937735489437,23.7296441396077,16.9742354634886,12.2748257092067,14.0837907735834,15.7478466033936,30.0174166202545,0,30.2574049915586,0,5.71793307866321,7.39597464709723,0,0,0,0,0,0,3.55873055891557,0,5.11716324353919,0,6.04400995283416,0,5.50618579301489,0,0,6.83372001245632,0,8.18407092094421,0,12.6508474349976,0,5.86273300289965,0,6.0752532294559,0,6.11233163939582,12.7375469207764,7.87674632668495,20.6689791679382,18.9531607936612,14.1056462327639,5.08440622035847,32.8272587912423,8.74316745201747,0,17.5791291313635,3.99992966651917,0
0,0,0,0,3.32946342714872,0,3.0944168015859,0,0,0,0,0,0,0,0,0,0,0,0,0,2.84255434485043,0,0,0,0,0,0,0,0,0,0,0,0,0,0,0,0,0,0,0,0,0,0,0,0,0,0,0,0,0,0,0,2.94703769683838,0,0,0,0,0,2.8572142124176,0,0,0,0,2.95146434783936,0,0,0,0,0,0,0,0,0,0,0,0,0,0,0,0,0,0,3.93557970432733,0,0,0,0
0,0,0,0,0,3.03551338453378,0,4.78499599456787,0,0,0,2.73746109008789,0,4.71366589409964,0,2.74469304084778,0,0,0,5.39368963913179,0,0,0,0,0,0,0,0,0,0,0,0,0,0,0,0,0,0,0,0,0,0,0,0,0,0,0,0,0,0,0,0,0,3.12682444850604,0,0,0,4.95916180951255,0,4.5035971182364,0,3.82057371892427,5.27012997323816,0,0,0,0,0,0,0,0,0,0,0,0,0,0,0,0,0,0,0,3.29181527249953,2.9480094909668,4.23677177429199,0,0
0,0,0,0,0,0,3.004538582904,0,0,0,0,0,0,0,0,0,0,0,0,0,0,0,0,0,0,0,0,0,0,0,0,0,0,0,0,0,0,0,0,0,0,0,0,0,0,0,0,0,0,0,2.94703769683838,0,0,0,0,0,7.77628874327197,0,2.94428515434265,0,0,0,0,0,0,0,0,0,0,0,0,0,0,0,0,0,0,0,0,0,0,0,2.97064612128518,0,0,0,0
0,0,0,0,0,2.74435257911682,0,3.45941715491445,0,0,0,0,0,0,0,0,0,0,0,9.68259620666504,0,0,0,0,0,0,0,0,0,0,0,0,0,0,0,0,0,0,0,0,0,0,0,0,0,0,0,0,0,0,0,3.12682444850604,0,0,0,0,0,4.3408555316083,0,3.63547616997021,0,0,9.68070363998413,0,0,0,0,0,0,0,0,0,0,0,0,0,0,0,0,0,0,0,3.57038109269861,0,0,0,0
5.00388622074183,0,3.36468759604863,0,0,0,0,0,9.05960956637036,0,0,0,0,0,4.09202778339386,0,0,0,0,0,0,0,0,0,3.65701193785548,0,0,0,0,0,0,0,0,0,0,0,0,0,8.39617218290057,0,0,0,5.41718138967242,0,0,0,0,0,2.95969305719648,0,0,0,0,0,0,0,0,0,0,0,3.78052831955082,0,0,0,0,0,0,6.27789675086131,0,0,0,0,0,0,0,0,0,19.5950031280518,0,0,0,8.82798340585497,7.97559748514734,14.138505153656,4.39276440938314,0,8.40776348114014
0,4.87862756698866,0,4.64511807759603,0,0,0,0,0,7.53131337194093,0,0,0,0,0,4.37518617510796,0,0,0,0,0,0,0,2.77330121397972,0,4.91639645894368,0,0,0,0,0,0,0,0,0,0,0,0,0,0,0,0,0,0,0,0,0,0,0,3.55873055891557,0,0,0,0,0,0,0,0,0,0,0,4.92099784569911,0,0,0,0,0,0,0,0,0,0,0,0,0,0,0,0,0,0,0,0,7.79383226325339,5.72122505912207,14.9198398590088,0,0
6.83657162277787,0,3.08063191932345,0,0,0,2.73919534683228,0,0,0,4.74410895429422,0,6.12530469894409,0,0,0,0,0,0,0,3.95029499937848,0,0,0,0,0,0,0,0,0,3.6192250696818,0,0,0,0,0,8.93227682963456,0,4.91753892267271,0,47.5619850158691,0,14.0176951264849,0,0,0,36.51416015625,0,4.69823411002231,0,0,0,7.77628874327197,0,0,0,0,0,3.96800674718141,0,0,0,0,4.1601455789963,0,0,0,0,0,0,0,4.93953780405449,0,4.23333617744446,0,0,0,0,0,10.0896640777588,0,6.54938554616166,4.77304832394733,0,6.73092939116542,0,16.597074508667
0,4.50653457641602,0,5.29509418114372,0,4.84938270568848,0,4.2392467781178,0,0,0,4.07089868333532,0,3.35062892247413,0,0,0,0,0,4.27684205931586,0,0,0,0,0,0,0,3.31805713474751,0,6.13259524420688,0,0,0,0,0,0,0,4.10270478153229,0,0,0,13.1942388901344,0,0,0,6.4223370552063,0,0,0,5.11716324353919,0,4.95916180951255,0,4.3408555316083,0,0,0,0,0,5.96067288129226,0,7.7472543578217,5.79444740552687,0,0,0,0,0,0,0,6.59443915348021,0,4.97113880407379,0,0,0,0,0,0,0,8.03430579365164,0,3.34637594223022,0,5.1355157485375,14.2822732925415,0
0,0,4.11195998299649,0,2.99617722299364,0,2.8034698565801,0,0,0,6.94108777576023,0,4.76920316444253,0,6.02481125593185,0,0,0,0,0,0,0,0,0,0,0,0,0,4.1412145802469,0,0,0,0,0,0,0,0,0,0,0,0,0,15.0051403045654,0,0,0,0,0,5.63379738611334,0,2.8572142124176,0,2.94428515434265,0,0,0,3.96800674718141,0,0,0,7.89018179586059,0,0,0,0,0,0,0,0,7.40058240023526,0,6.18010605789545,0,0,0,0,0,0,0,0,0,0,4.15296442904528,3.17826696634293,4.78535844433692,0,0
0,4.69608495916639,0,4.3898491920569,0,4.1154168179927,0,3.88169403970242,0,0,0,3.24759608466609,0,4.35592607523771,0,5.99508084569659,0,5.90024423599243,0,0,0,0,0,0,0,0,0,2.84636092185974,0,0,0,0,0,0,0,0,0,0,0,0,0,15.7110335032145,0,0,0,0,0,0,0,6.04400995283416,0,4.5035971182364,0,3.63547616997021,0,0,0,5.96067288129226,0,0,0,5.40041813786011,0,0,0,0,0,0,0,0,3.46213377233761,0,0,0,0,0,0,0,0,0,0,0,3.21411865482143,3.54233697064891,5.4009452934535,0,0
3.63332413904595,0,4.17278777531215,0,3.06204378604889,0,0,0,4.53786750601119,0,0,0,6.37268042689219,0,3.68937503850019,0,0,0,0,0,0,0,0,0,3.74127691367577,0,4.0049364566803,0,0,0,0,0,0,0,0,0,0,0,0,0,0,0,0,0,0,0,0,0,4.6479341506958,0,0,0,0,0,3.78052831955082,0,0,0,7.89018179586059,0,0,0,0,0,0,0,0,0,0,0,0,0,0,0,0,0,0,0,0,0,0,0,4.85787275656865,6.1206940355755,0,0,0
0,3.76512673922947,0,4.89257963498433,0,4.10132923708782,0,0,0,4.562096699605,0,0,0,3.97892244633609,0,3.27819898948073,0,5.96943667355706,0,0,0,0,0,0,0,0,0,0,0,0,0,0,0,0,0,0,0,0,0,0,0,0,0,0,0,0,0,0,0,5.50618579301489,0,3.82057371892427,0,0,0,4.92099784569911,0,7.7472543578217,0,5.40041813786011,0,0,0,0,0,0,0,0,0,0,0,0,0,0,0,0,0,0,0,0,0,0,3.94118802963532,0,8.00437088012695,0,0
0,0,0,0,0,4.40918750166893,0,0,0,0,0,4.99382478083883,0,0,0,0,0,0,0,3.55030431126439,0,0,0,0,0,0,0,0,0,0,0,0,0,0,0,4.4202939212745,0,4.50704172421201,0,0,0,0,0,0,0,4.45417421738024,0,0,0,0,0,5.27012997323816,0,9.68070363998413,0,0,0,5.79444740552687,0,0,0,0,0,0,0,0,0,0,0,0,0,0,0,0,0,0,0,0,4.9371412727978,0,5.99008355969968,0,4.23079790264727,0,5.70753521951967,0,0
0,0,0,0,0,0,0,0,0,0,5.54599861211555,0,0,0,0,0,0,0,0,0,4.00067003533758,0,0,0,0,0,0,0,0,0,0,0,0,0,0,0,4.53002431981875,0,10.439936866208,0,4.92095672431265,0,24.6639078140259,0,22.2482395172119,0,5.77407735046656,0,27.9911689758301,0,2.95146434783936,0,0,0,0,0,4.1601455789963,0,0,0,0,0,0,0,0,0,0,0,0,0,0,0,0,11.3222930711858,0,0,0,0,0,16.7060296237469,0,11.1807262416263,3.85558767598044,0,5.8356823355051,0,12.5073289871216
0,0,0,0,0,0,0,0,0,0,0,0,0,0,0,0,0,2.97263108359443,0,0,0,3.88364184643221,0,6.77807681901114,0,3.28171471357346,0,5.7689527335105,0,0,0,0,0,0,0,0,0,4.24165772503632,0,0,0,0,0,0,0,0,0,0,0,6.83372001245632,0,0,0,0,0,0,0,0,0,0,0,0,0,0,0,0,6.93876816454717,0,9.84688705754426,0,9.45568232816902,0,0,0,0,0,0,0,0,0,5.82946163311339,0,4.16791494639523,3.80926265405572,0,0,0
0,0,0,0,0,0,0,0,0,0,0,0,0,0,0,0,0,0,0,0,0,2.72658276557922,4.98124719065389,0,9.43238031699578,0,0,0,2.73883581161499,0,0,0,0,0,0,0,0,0,7.76761761301671,0,0,0,0,0,0,0,0,0,7.81706436073959,0,0,0,0,0,0,0,0,0,0,0,0,0,0,0,0,0,0,8.47180688292746,0,15.7832138422449,0,10.1975950456077,0,0,0,0,0,0,0,0,0,6.42004066397124,4.33906989702037,0,0,0,0
0,0,0,0,0,0,0,0,0,0,0,0,0,0,0,0,0,0,3.58494472503662,0,0,4.34491225980943,0,3.45963781782724,0,3.37129531654657,0,0,0,0,0,0,0,0,0,0,0,3.96201431495437,0,0,0,0,0,0,0,0,0,0,0,8.18407092094421,0,0,0,0,0,0,0,0,0,0,0,0,0,0,6.93876816454717,0,0,0,7.21532282197332,0,0,0,0,0,0,0,0,0,0,0,5.72071131886663,0,3.52454454053647,0,3.87080401503693,0,0
0,0,0,0,0,0,0,0,10.7215386731688,0,0,0,0,0,0,0,0,0,0,0,0,0,8.14018370413486,0,4.07666063893075,0,2.73947024345398,0,0,0,0,0,0,0,0,0,0,0,4.26318829188975,0,0,0,0,0,0,0,0,0,8.42359069824219,0,0,0,0,0,6.27789675086131,0,0,0,0,0,0,0,0,0,0,8.47180688292746,0,0,0,0,0,0,0,0,0,0,0,0,0,0,0,5.95912313461304,4.61797872720621,23.5869930267334,0,0,0
0,0,0,0,0,0,0,0,0,0,0,0,0,0,0,0,0,4.69088079248156,0,0,0,12.0503234806515,0,5.25233725096675,0,11.2612565796951,0,3.85969905058543,0,0,0,0,0,0,0,0,0,0,0,0,0,0,0,0,0,0,0,0,0,12.6508474349976,0,0,0,0,0,0,0,0,0,0,0,0,0,0,9.84688705754426,0,7.21532282197332,0,0,0,9.20078982777066,0,0,0,0,0,0,0,0,0,0,0,2.88569699484726,0,0,0,0
0,0,0,0,0,0,0,0,0,0,0,0,0,0,3.35143375396729,0,6.76763319969177,0,0,0,0,0,0,0,3.72416664001554,0,6.58396050204401,0,9.94719611273872,0,0,0,0,0,0,0,0,0,0,0,0,0,0,0,0,0,0,0,0,0,0,0,0,0,0,0,0,0,7.40058240023526,0,0,0,0,0,0,15.7832138422449,0,0,0,0,0,9.00632242796232,0,0,0,0,0,0,0,0,0,0,3.4822142246442,0,0,0,0
0,0,0,0,0,0,0,0,0,0,0,3.54676571830374,0,0,0,0,0,4.08420275506519,0,0,0,8.80663428277326,0,0,0,12.0277509689331,0,5.19623719715023,0,3.73395835812735,0,0,0,0,0,0,0,5.20187164154986,0,0,0,17.32172721516,0,0,0,0,0,0,0,5.86273300289965,0,0,0,0,0,0,0,6.59443915348021,0,3.46213377233761,0,0,0,0,9.45568232816902,0,0,0,9.20078982777066,0,0,0,4.89444508393606,0,0,0,0,0,0,0,3.8598311865016,0,3.27808312642372,3.15771108865738,12.005926767985,0,0
0,0,0,0,0,0,0,0,0,0,0,0,3.6557583127703,0,0,0,0,0,0,0,0,0,0,0,0,0,5.00646166801453,0,3.37603714889096,0,3.696052194761,0,0,0,0,0,0,0,3.81324446201324,0,0,0,23.49255324855,0,0,0,0,0,5.42584368612188,0,0,0,0,0,0,0,4.93953780405449,0,6.18010605789545,0,0,0,0,0,0,10.1975950456077,0,0,0,9.00632242796232,0,0,0,4.67485805969794,0,0,0,0,0,0,0,4.02585387492881,3.14116210960647,3.1657513777415,16.1254254487845,0,0
0,0,0,0,0,0,0,0,0,0,0,3.88706290301155,0,0,0,0,0,0,0,0,0,0,0,0,0,0,0,3.05736678296869,0,3.84012360739214,0,0,0,0,0,0,0,3.67644873778682,0,0,0,9.30711619059245,0,0,0,0,0,0,0,6.0752532294559,0,0,0,0,0,0,0,4.97113880407379,0,0,0,0,0,0,0,0,0,0,0,0,4.89444508393606,0,0,0,0,0,0,0,0,0,5.54518455420661,0,3.35185170173645,0,7.17267034504865,0,0
0,0,0,0,0,0,0,0,0,0,3.41445316076279,0,0,0,0,0,0,0,0,0,10.1098661422729,0,0,0,0,0,0,0,3.01054620742798,0,3.32025579542949,0,0,0,0,0,0,0,3.18421788199952,0,27.9391378826565,0,14.1282971287301,0,0,0,25.2559321721395,0,4.7300849822389,0,0,0,0,0,0,0,4.23333617744446,0,0,0,0,0,0,11.3222930711858,0,0,0,0,0,0,0,4.67485805969794,0,0,0,0,0,0,0,35.7142462981375,0,4.48237951168647,5.08217310905457,0,6.89119313117459,0,14.7424583435059
0,0,0,0,0,0,0,0,0,0,0,0,0,0,0,0,0,0,0,0,0,0,0,0,0,0,0,0,0,0,0,4.08964897541518,6.01545703822169,21.0123272222631,15.9640069007874,5.43260258901044,4.72772680010114,0,0,0,0,0,0,0,0,0,0,7.17027226451196,10.5738713612428,6.11233163939582,0,0,0,0,0,0,0,0,0,0,0,0,0,0,0,0,0,0,0,0,0,0,0,0,0,11.789556942488,20.8396439386123,18.962043762207,7.21073743430051,14.7463546934582,25.2714188893636,0,3.44072702235745,0,0,0,0
0,0,0,0,0,0,0,0,0,0,0,0,0,0,0,0,0,0,0,0,0,0,0,0,0,0,0,0,0,0,0,4.61849528431414,4.36808805883705,6.8110579252243,11.5061530677172,9.95301275375562,6.15954049764443,0,31.8340197971889,0,0,0,0,0,0,0,0,5.74642889635424,6.77729205249511,12.7375469207764,0,0,0,0,0,0,0,0,0,0,0,0,0,0,0,0,0,0,0,0,0,0,0,0,11.789556942488,0,33.4712377548218,15.1930611884008,27.016319388124,6.33993464314109,40.3387959798177,24.781817500004,4.04201260678054,0,0,0,0
0,0,0,0,0,0,0,0,0,0,0,0,0,0,0,0,0,0,0,0,0,0,0,0,0,0,0,0,0,0,0,22.0304612412597,20.5709304173787,6.6660062500811,5.69503291960685,8.52071901990308,0,4.34109498193299,30.6619771321615,0,0,0,0,0,0,0,0,6.54456392902656,26.5319604873657,7.87674632668495,0,0,0,0,0,0,0,0,0,0,0,0,0,0,0,0,0,0,0,0,0,0,0,0,20.8396439386123,33.4712377548218,0,10.0473384804922,22.0550555950824,25.3043785095215,4.65601395070553,29.1308692051814,5.41892953341206,0,22.9863322575887,0,0
0,0,0,0,0,0,0,0,0,0,0,0,0,0,0,0,0,0,0,0,0,0,0,0,0,0,0,0,0,0,0,10.2712676665362,15.149669331889,5.17708860471915,4.76683304251694,27.4623851776123,5.83385390043259,3.81386028017317,7.82788887227041,0,0,0,0,0,0,0,0,9.7686462506004,2.93806521097819,20.6689791679382,0,0,0,0,19.5950031280518,0,0,0,0,0,0,0,0,0,0,0,0,0,0,0,0,0,0,0,18.962043762207,15.1930611884008,10.0473384804922,0,28.3174255077655,16.0044532691731,14.0158055132086,12.0831118174715,5.6195256613916,3.41561312145657,0,0,0
0,0,0,0,0,0,0,0,0,0,0,0,0,0,0,0,0,0,35.9176814739521,4.82686706488045,0,0,0,0,0,0,0,0,0,0,0,4.88413941922494,21.9707857121478,15.5769033206476,20.3273385094433,5.62573684599968,5.97043612697819,7.02490124031999,58.3898658752441,5.01498046262601,12.6984090089798,23.3419556169222,0,23.2243487264069,0,22.3324551350951,64.2711486816406,15.293421656502,21.1488845288151,18.9531607936612,0,0,0,0,0,0,0,0,0,0,0,0,4.9371412727978,0,0,0,0,0,0,0,0,0,0,0,7.21073743430051,27.016319388124,22.0550555950824,28.3174255077655,0,20.9984659742136,7.18752367487135,39.6199084888805,5.42714837231388,3.49285510666936,18.6077093043023,28.4848477300936,0
0,0,0,0,0,0,0,0,0,0,0,0,0,0,0,0,0,0,0,0,4.04287352512792,0,0,0,0,0,0,0,0,0,0,9.44065129756927,10.5308452872779,13.2811737060547,10.6034840914336,5.38067840343888,4.80450940547838,0,6.89864744042175,12.3992582559586,6.48476187954813,0,23.5122154836618,0,24.4344817852152,0,21.4748745857425,7.31003258324095,7.50589209689191,14.1056462327639,0,0,0,0,0,0,10.0896640777588,0,0,0,0,0,0,16.7060296237469,0,0,0,0,0,0,0,0,0,35.7142462981375,14.7463546934582,6.33993464314109,25.3043785095215,16.0044532691731,20.9984659742136,0,33.3246463428844,7.65314629258234,4.49992845261969,3.99764360727802,20.2506003657087,0,19.2594850328233
0,0,0,0,0,0,0,0,0,0,0,4.72726789734067,0,0,0,0,0,0,0,3.6202542415032,0,5.16895275295905,0,5.60370531668299,0,0,0,4.14768259184701,0,4.37950332316947,0,24.9135599136353,27.3839181264242,4.78376772759975,15.6873066048873,7.49515267957432,0,4.30580148936137,18.3287654686444,10.3610168752216,0,16.8721009859672,17.6637393951416,0,0,14.8803460179714,0,7.40507802319828,25.4187726413502,5.08440622035847,0,0,0,0,0,0,0,8.03430579365164,0,0,0,0,5.99008355969968,0,5.82946163311339,0,5.72071131886663,0,0,0,3.8598311865016,0,5.54518455420661,0,25.2714188893636,40.3387959798177,4.65601395070553,14.0158055132086,7.18752367487135,33.3246463428844,0,27.9027347549511,6.42491440489398,9.05637867045852,8.84805526369709,0,0
0,0,0,0,0,0,0,0,11.5774836791189,0,6.67029882222414,0,0,0,0,0,0,0,0,0,5.19447778351605,0,3.82349134236574,0,4.46627640724182,0,0,0,0,0,2.74228143692017,31.0291420618693,28.6814371744792,23.5206215598366,10.3525383813041,38.9117305755615,7.82187691533271,6.57303866878633,4.70383619655179,48.4416675567627,20.1904859216246,0,15.3711037899457,0,0,0,14.8583152766972,10.5962610430735,6.19307966725399,32.8272587912423,0,0,0,0,8.82798340585497,0,6.54938554616166,0,0,0,0,0,0,11.1807262416263,0,6.42004066397124,0,5.95912313461304,0,0,0,4.02585387492881,0,4.48237951168647,0,24.781817500004,29.1308692051814,12.0831118174715,39.6199084888805,7.65314629258234,27.9027347549511,0,5.55977178881668,4.23542393048604,11.1210002599707,0,17.3523074785868
4.97965926346102,3.62868086226443,0,0,3.9489374877485,3.13190355761485,4.4202561378479,2.84228099289761,4.9191790524651,6.44301742099548,3.23323794041783,3.58639279631681,3.90435477097829,3.12785767985553,3.46643612191484,3.88699577439506,7.81448858625041,7.14358300197164,6.69304853987534,4.51960496413402,3.54398328738105,4.37722405920111,4.68547596214535,3.35700923204422,3.95267557078957,3.47559935251872,3.15195025483223,3.20722191674369,3.16445906427171,4.1840705871582,3.01915923754374,3.81442242783385,3.69588990986045,3.59632039481196,6.0485494069964,3.62702877620074,4.78319604747026,4.40912719771642,4.97242324456975,21.893384803772,8.76438947021961,8.80025347499363,11.220360762021,8.07813953092728,10.8343346310413,20.9136480256623,10.3057479858398,5.57931903813236,16.0077437321345,8.74316745201747,3.93557970432733,3.29181527249953,2.97064612128518,3.57038109269861,7.97559748514734,7.79383226325339,4.77304832394733,3.34637594223022,4.15296442904528,3.21411865482143,4.85787275656865,3.94118802963532,4.23079790264727,3.85558767598044,4.16791494639523,4.33906989702037,3.52454454053647,4.61797872720621,2.88569699484726,3.4822142246442,3.27808312642372,3.14116210960647,3.35185170173645,5.08217310905457,3.44072702235745,4.04201260678054,5.41892953341206,5.6195256613916,5.42714837231388,4.49992845261969,6.42491440489398,5.55977178881668,0,5.51862866447988,7.22436999297366,4.00205704569817,4.76166047047136
0,0,0,0,0,2.74675250053406,0,0,7.56770870231447,4.13742788694799,0,0,3.22657410787935,3.05948180715803,6.25633509953817,2.90024304389954,5.51628305823021,4.91470292881131,9.60002527918134,0,0,4.37220415115356,4.70375944220501,0,24.7145290374756,0,0,3.09192044734955,2.96222066879272,0,0,0,0,3.07846364378929,2.90675950050354,4.06094278962839,4.77187395914277,4.69098178832023,5.20290062427521,0,0,18.8926639556885,27.8584870809241,0,13.1032330989838,0,11.3579277992249,7.07052024773189,0,0,0,2.9480094909668,0,0,14.138505153656,5.72122505912207,0,0,3.17826696634293,3.54233697064891,6.1206940355755,0,0,0,3.80926265405572,0,0,23.5869930267334,0,0,3.15771108865738,3.1657513777415,0,0,0,0,0,3.41561312145657,3.49285510666936,3.99764360727802,9.05637867045852,4.23542393048604,5.51862866447988,0,10.7916619016065,0,0
5.48036585973234,3.8767575737614,6.38551867449725,4.58752148297795,3.07981300354004,3.91148279507955,0,0,3.83041614294052,5.27023352895464,0,7.99450709079874,0,0,0,0,7.88371472888523,5.85296356678009,5.44758143069179,3.46835714278461,4.01280251610056,0,0,0,0,0,0,0,0,0,0,0,0,20.4597244262695,28.3102827072144,4.7998154481252,4.88240728026531,6.56371161341667,5.89425589843672,8.09353189121401,13.1038884120277,13.5139558403402,10.9092539403814,9.13332382993893,5.31870150759762,7.91505339243539,6.70894397596596,13.9812130605541,6.89905895674702,17.5791291313635,0,4.23677177429199,0,0,4.39276440938314,14.9198398590088,6.73092939116542,5.1355157485375,4.78535844433692,5.4009452934535,0,8.00437088012695,5.70753521951967,5.8356823355051,0,0,3.87080401503693,0,0,0,12.005926767985,16.1254254487845,7.17267034504865,6.89119313117459,0,0,22.9863322575887,0,18.6077093043023,20.2506003657087,8.84805526369709,11.1210002599707,7.22436999297366,10.7916619016065,0,7.21725248521374,6.10020587520195
0,0,0,0,0,0,0,0,0,0,0,0,0,0,0,0,0,0,5.75207605443682,0,0,0,0,0,0,0,0,0,0,0,0,0,0,0,0,0,0,0,0,36.7921859196254,0,6.195287742147,0,0,0,42.7080497741699,0,0,0,3.99992966651917,0,0,0,0,0,0,0,14.2822732925415,0,0,0,0,0,0,0,0,0,0,0,0,0,0,0,0,0,0,0,0,28.4848477300936,0,0,0,4.00205704569817,0,7.21725248521374,0,0
0,0,0,0,0,0,0,0,6.65534515380859,0,0,0,0,0,0,0,12.2182083129883,0,5.40703648712203,0,0,0,0,0,0,0,0,0,0,0,0,0,0,0,0,0,0,0,0,0,13.0187368392944,0,4.5805187981692,0,11.4704018831253,0,0,0,12.3916664123535,0,0,0,0,0,8.40776348114014,0,16.597074508667,0,0,0,0,0,0,12.5073289871216,0,0,0,0,0,0,0,0,0,14.7424583435059,0,0,0,0,0,19.2594850328233,0,17.3523074785868,4.76166047047136,0,6.10020587520195,0,0
