0,0,0.034801196518531,0,0,0,0,0,0.0304155046040044,0,0,0,0,0,0,0,0,3.44545803248699e-05,0.00286044871990617,0,0,0,0,0,0,0,0,0,0,0,0,0,0,0,0,0,0,0,5.83277291116031e-06,0,0.00104202815005147,0,0.00104175099636591,0,0.00366708570028623,0,0,0,0.0105332832125947,0,0,0,0,0,0.0360429857916024,0,0,0,0,0,0.00253521809246856,0,0,0,0,0,0,0.000596401294153594,0,0,0,0,0,0,0,0,0,0,0,9.33236893784806e-05,0,0,0.000656209294598593,0,0.0175292659509731,0,0
0,0,0,0.100298247713422,0,0,0,0,0,0.0370665718915623,0,0,0,0,0,0.00011565246544399,0.000157706189144525,2.48006984795214e-05,0.00272522846226528,0.000556265613130297,0,0,0,0.00479865834297908,0,0.000330271958076428,0,0,0,0,0,0,0,0,0,5.88453948770274e-05,0,0.000299254151638822,0,0,0,0.00687845423522036,3.45663136909389e-05,0,0,0.0128229763137527,0,0,0,0.0354649380596758,0,0,0,0,0,0.0106737799601052,0,0,0,0,0,0.000696315571705006,0.00069563056912308,0,0,0,0.00962147652925572,0,0.000950910792924879,0,0,0,0,0,0,0,0,0,0.00153417961020179,0,0.000285643000704496,0,0.000590159978349605,0,0.0211775469479514,6.84799814774603e-05,0
0.034801196518531,0,0,0,0.0295844604875796,0,0,0,0.0205222822160112,0,0,0,0,0,0,0,0,0,0,0,0,0,0,0,0,0,0,0,0,0,0,0,0,0,0,0,0.000257596958656805,0,0,0,0,0,0.00267842898826548,0,0,0,0.000652349337258614,0,0.00554535716500455,0,0.0152783622658639,0,0,0,0.0366144544153671,0,0.00159952698015254,0,0,0,0,0,0,0,0,0,0,0,0,0,0,0,0,0,0,0,0,0,0,1.07514520562915e-05,0,0,0.000384018919733762,0,0.016269955208719,0,0.00347962999022929
0,0.100298247713422,0,0,0,0,0,0,0,0.00432272091676681,0,0.00014404171461558,0,0,0,0,0,0,0,3.47270267770401e-05,0,0,0,0,0,0,0,0,0,0,0,0,0,0,0,5.31960954938977e-06,0,1.48699820818656e-05,0,0,0,2.53828298106531e-05,0,0,0,0.00123043342691735,0,0,0,0.0194822020194103,0,0,0,0,0,0,0,0.000281749328943821,0,0,0,0,0.000781001103370783,0,0,0,0,0,0,0,0,0,0,0,0,0,0,0,0.000187254323192552,0,7.38161342081246e-05,0,0.000192859949341281,0,0.0150588152701034,0,0
0,0,0.0295844604875796,0,0,0,0.00143869660321646,0,0.000272647567503132,0,0,0,0,0,0,0,0,0,0,0,0,0,0,0,0,0,0,0,0,0,0,0,0,0,0,0,0.000112300946108752,0,0,0,0,0,2.89726312536671e-05,0,0,0,0.000145635301712466,0,1.24305252109249e-05,0,0.066678042441008,0,0.000446261591505553,0,0.00127568773083835,0,0,0,0,0,0,0,0,0.000196856769184522,0,0,0,0,0,0,0,0,0,9.9822220281303e-05,0,0,0,0,0,0,0,5.22006119827497e-05,0.000495879639510581,0,0.00750301649428168,0,0
0,0,0,0,0,0,0,0,0,0.0210478421656695,0,0,0,0,0,0.00387980681511833,0,0,0,0,0,0,0,0,0,0,0,0,0,0,0,0,0,0,0,4.22369464371295e-05,0,0,0,0,0,0,0,0,0,0,0,0,0,0.000105878789326075,0,0.0368474414277979,0,0,0,0,0,0,0,0,0,0.00535044070560396,0,0,0,0,0,0,0,0,0,0,0,0,0,0,0,0,0,0,0,0,0.000756922599183375,0,0.00110830279797806,0,0
0,0,0,0,0.00143869660321646,0,0,0,0,0,0.00050424961223477,0,0,0,0,0,0,0,0,0,0.00416043342850421,0,0,0,0,0,0,0,0,0,0,0,0,0,0,0,0,0,0,0,0,0,0,0,0,0,0,0,0,0,0.0431681808702347,0,0.0899629065790717,0,0,0,0.00217249064501612,0,0.00852637638259031,0,0,0,0,0,0,0,0,0,0,0,0,0,0,0,0,0,0,0,0,0,0,0,0.000919587916274009,0,0,0,0
0,0,0,0,0,0,0,0,0,0,0,0.00104348066370938,0,0,0,0,0,0,0,0,0,0,0,0,0,0,0,0,0,0,0,0,0,0,0,0,0,0,0,0,0,0,0,0,0,0,0,0,0,0,0,0,0,0.0144215191820683,0,0,0,0.00455589665815825,0,0.00431596341952669,0,0,0,0,0,0,0,0,0,0,0,0,0,0,0,0,0,0,0,0,0,0,0.000715950458993418,0,0,0,0
0.0304155046040044,0,0.0205222822160112,0,0.000272647567503132,0,0,0,0,0,0,0,0,0,0.0196235857408149,0,0.000639653049741229,0,0,0,0,0,0,0,0.0409106658209815,0,0.0202801251970012,0,0,0,0,0,0,0,0,0,0,0,0.00127684825776858,0,0,0,0.000535194267808881,0,0,0,2.78327563859866e-05,0,0.000843081140259363,0,7.07917032474904e-05,0,0,0,0.123211297054681,0,0,0,0,0,0.016191495615812,0,0,0,0,0,0,0.0111008274347863,0,0.00118292607863663,0,0,0,0,0,0,0,0,0,0,0,0.00044763969522033,0.00102070760485722,0,0.00701888693900729,0,0.00468124421086036
0,0.0370665718915623,0,0.00432272091676681,0,0.0210478421656695,0,0,0,0,0,0,0,0,0,0.0531313455608851,0,4.30669899962629e-05,0,0,0,0,0,0.0299176178728481,0,0.00228347083023459,0,0,0,0,0,0,0,0,0,0,0,0.000278466587707289,0,0,0,0.012658040691777,0,0,0,0,0,0,0,0.00572239651793757,0,0,0,0,0,0.0466025944380721,0,0,0,0,0,0.0458996344740193,0,0,0,0,0.00274742194739146,0,0,0,0,0,0,0,0,0,0,0,0,0,7.72518838813219e-05,0,0.00136982174152395,0,0.00381048099691785,0.000508637098691135,0
0,0,0,0,0,0,0.00050424961223477,0,0,0,0,0,0.000469646042864605,0,0,0,0,0,0,0,0.0365670227400704,0,0,0,0,0,0,0,0.000709530328989298,0,0.00221676932440971,0,0,0,0,0,0.00088602451089186,0,0.0241062000430127,0,0,0,0,0,0,0,0,0,0,0,0,0,0.000244763912861528,0,0,0,0.115403869579829,0,0.00299944590802016,0,0,0,0,0.00967645457619721,0,0,0,0,0,0,0,0.000529451177329311,0,0.00313835775577813,0,0,0,0,0,0.000713333695796701,0,0.00657573317650058,0.00118694012269863,0,0.000148351289012151,0,0
0,0,0,0.00014404171461558,0,0,0,0.00104348066370938,0,0,0,0,0,0.0334501315663659,0,0,0,0,0,0.0222075825730763,0,0,0,0,0,0,0,0.00908426574413907,0,0.00710735045539193,0,0,0,0,0,0,0,0.00639330234064487,0,0,0,0,0,0,0,0,0,0,0,0,0,0,0,0,0,0,0,0.0954925033081664,0,0.00177979467125946,0,0,0.00141660833208173,0,0,0,0,0,0,0,0.00211277227694783,0,0.000696963513215063,0,0,0,0,0,0,0,0.000734623224378784,0,0.00420633684767376,0.000325277549549503,0.000495694238904682,0,0
0,0,0,0,0,0,0,0,0,0,0.000469646042864605,0,0,0,0.00107751458783615,0,0,0,0,0,0,0,0,0,0,0,3.85475230080526e-05,0,0.00813914757526082,0,0,0,0,0,0,0,0,0,0,0,0,0,0,0,0,0,0,0,0,0,0,0,0.00126129092504732,0,0,0,0.00126590343139925,0,0.041001338454483,0,0.000362459081604702,0,0,0,0,0,0,0,0,0.00018655171636726,0,0.00196766597543213,0,0,0,0,0,0,0,0,0,0,0.000493252749249039,8.98513175138756e-05,0,0,0
0,0,0,0,0,0,0,0,0,0,0,0.0334501315663659,0,0,0,0.00201339311501656,0,0,0,0,0,0,0,0,0,0.00109482029569701,0,0.00809239369457874,0,0.0089478313239927,0,0,0,0,0,0,0,0,0,0,0,0,0,0,0,0,0,0,0,0,0,0,0,0,0,0,0,0.000204204445447293,0,0.0332081155999916,0,0,0,0,0,0,0,0,0,0,0.00783901151132052,0,0,0,0,0,0,0,0,0,0,0,0.0014190092471873,0.00120809698968953,0,0,0
0,0,0,0,0,0,0,0,0.0196235857408149,0,0,0,0.00107751458783615,0,0,0,0.000597025045552766,0,0,0,0,0,0,0,0,0,0.00223224532429886,0,0,0,0,0,0,0,0,0,0,0,0,0,0,0,0,0,0,0,0,0,0,0,0,0,0,0,0.000359945965572168,0,0,0,0.00150672712048418,0,0.00799059443849585,0,0,0,0,0,0,0,0,0.00884566724440144,0,0.00356693423332903,0,0,0,0,0,0,0,0,0,0,1.87259372992379e-05,0,0,0,0
0,0.00011565246544399,0,0,0,0.00387980681511833,0,0,0,0.0531313455608851,0,0,0,0.00201339311501656,0,0,0,0.00317027188545002,0,0,0,0,0,0.0086245346112073,0,0.0128383577344492,0,0,0,0,0,0,0,0,0,0,0,2.38657129568225e-05,0,0,0,0,0,0,0,0,0,0,0,0.000632446908343614,0,0,0,0,0,0.00324324419802601,0,0,0,4.38713375054732e-05,0,0.0397960412281187,0,0,0,0,0.000451166483884671,0,0.00636434207938401,0,0,0,0,0,0,0,0,0,0,0,2.45720080470724e-05,0,0.000631934180134848,0,0,0,0
0,0.000157706189144525,0,0,0,0,0,0,0.000639653049741229,0,0,0,0,0,0.000597025045552766,0,0,0.121453368617975,0.0439387052085008,2.35587074728472e-05,0,0,0,0,0,0,0.00232534247317972,0,0,0,0,0,0,0,0,9.39170173952335e-06,1.99952122199202e-05,1.47821967659814e-05,0,0,0.0002151483722963,4.28699881374158e-05,0.000822886600364824,0,0,0.000280006191947407,3.18859843260295e-05,0,0.000559422350552159,0,0,0,0,0,0,0,0,0,0,0,7.84804559035234e-05,0,4.36960328058502e-05,0,0,0,0,0,0.00011752533969428,0.000957707371815331,0,0,0,0,0,0,0,0,0.000209906251478546,3.86729461528617e-05,0.000146015881223787,3.29770652796551e-05,0.00671055114665431,0,0.000300826848028618,0.000232435795208428,0.000226721615233345
3.44545803248699e-05,2.48006984795214e-05,0,0,0,0,0,0,0,4.30669899962629e-05,0,0,0,0,0,0.00317027188545002,0.121453368617975,0,0.0429798033995519,0.00010544613854768,0,0.00141471106711342,0,0.000969272495127925,0,0.0103387170601581,0.000191029983991732,1.03052139190543e-05,0,0,0,0,0,0,0,1.55114838942115e-05,1.01592779719561e-05,3.53212081666845e-05,0,0,0.000111647886792432,0.000267611002251163,0.000293304967481387,0,9.52657650725333e-06,0.000382199926292749,1.99592960405898e-05,0,0.000211003208112178,0,0,0,0,0,0,0,0,0,0,0,0,0.000292143693329874,5.54818667119957e-05,0,1.48259068737389e-05,0,3.54174010950524e-05,0,0.00331250416907938,5.51661058026853e-05,1.41854766669378e-05,0,0,0,0,0,0,0,0.000136525776001682,2.67392703108293e-05,0.00017904401429058,1.77638803820896e-06,0.0083918029393714,4.53835809821612e-06,0.000321007665654004,0.00019808859660409,0.000160609077922794
0.00286044871990617,0.00272522846226528,0,0,0,0,0,0,0,0,0,0,0,0,0,0,0.0439387052085008,0.0429798033995519,0,0.00251054114398055,0,0,0,0,0,0,0.000270225217341672,0,0,0,0,0,0,0,0,0.000251707470342591,0.000434526015351046,0.00055131956607942,0,1.87274620094989e-05,0.0157610958858889,0.0104269557297048,0.0483108135536107,0.000523086721406557,0.00838929263603889,0.0356650626287829,0.00440435877764439,0,0.0157432624666106,0,0,0,0,0,0,0,0,0,0,0,0,0,0.00334849518359562,0,0,0,0,0,0,0,0,0,0,0,0,0,0,0,0.00570792423555095,0.00265875102102668,0.00457380693198364,0.00107693493476193,0.0101295590663432,0.00013518043498634,0.0274670482014791,0.00883014612843493,0.0111050706855283
0,0.000556265613130297,0,3.47270267770401e-05,0,0,0,0,0,0,0,0.0222075825730763,0,0,0,0,2.35587074728472e-05,0.00010544613854768,0.00251054114398055,0,0,0,0,0,0,0,0,0,0,0,0,0,0,0,0,0.0118994145485135,0,0.00833788575793013,0,0,2.58868690286431e-05,0.0033984372697766,0.000127577758761348,0.000293760412572129,0,0.0236979356763326,1.509192483767e-05,0,4.04122713472892e-06,0,0,0,0,0,0,0,0,0.0275299840040892,0,0,0,0,0.173451875478665,0,0,0,0,0,0,0,0,0,0.00237689806645016,0,0,0,0,0,0.00193968799295667,0,0.00359851759793982,0,0.00325276718951802,0,0.0175888642134429,0.00220583506991494,1.71939748897371e-05
0,0,0,0,0,0,0.00416043342850421,0,0,0,0.0365670227400704,0,0,0,0,0,0,0,0,0,0,0,0,0,0,0,0,0,0,0,0,0,0,0,0,0,0.00956760996137962,0,0.00322876579857433,0,0,0,0,0,0,0,0.00436758321772948,0,0,0,0,0,0,0,0,0,0.000139273227438036,0,0,0,0,0,0,0.223168611264503,0,0,0,0,0,0,0,0,0,0,0,0,0,0,0,0.00186039586404146,0,0.00161901306569565,0.000639657981167685,0,0.00139286446302277,0,0
0,0,0,0,0,0,0,0,0,0,0,0,0,0,0,0,0,0.00141471106711342,0,0,0,0,0.00287723066732352,0.00560023178659109,0,0.00180597226963539,0,0.00285816948335755,0,0,0,0,0,0,0,0,0,0.0082032720651488,5.16089165858323e-05,0,0,0,0,0,0,0,0,0,0,0.00033093883796535,0,0,0,0,0,0,0,0,0,0,0,0,0,0,0.0921348138809389,0.000907280102906232,0.00392157509073845,0,0,0,0.00129226634222534,0,0,0,0,0,0,0,0,0,0.000961110445294628,0,0.00509582080229132,0.00128709464802301,0,0,0
0,0,0,0,0,0,0,0,0,0,0,0,0,0,0,0,0,0,0,0,0,0.00287723066732352,0,0,0.00545457199176063,0,0.00232704261940661,0,0.0071269651637783,0,0,0,0,0,0,0,0,7.14095104544091e-05,0.00605700720705533,0,0,0,0,0,0,0,0,0,7.78972448253435e-05,0,0,0,0,0,0,0,0,0,0,0,0,0,0,0,0,0.106536820033906,0,0.0011756170638969,0,0.00101375819693906,0,0.000270100631236412,0,0,0,0,0,0,0,0,0,0.000857467622096953,0.00381838711841023,0.00109981721103971,0,0,0
0,0.00479865834297908,0,0,0,0,0,0,0,0.0299176178728481,0,0,0,0,0,0.0086245346112073,0,0.000969272495127925,0,0,0,0.00560023178659109,0,0,0,0.0214910939212659,0,0,0,0,0,0,0,0,0,0,0,0.00925560744439956,0,0,0,0.00084938060722927,0,0,0,0,0,0.000278311370363344,0,0.00310900721774051,0,0,0,0,0,0.0350556523955396,0,0,0,0,0,0.000494319553907235,0,0,0.012191672232334,0,0.169908764215079,0,0.00264472509853403,0,0,0,0,0,0,0,0,0,0,0,0.00403972255887124,0,0.00110442253455944,0,0.00044120205596119,0,0
0,0,0,0,0,0,0,0,0.0409106658209815,0,0,0,0,0,0,0,0,0,0,0,0,0,0.00545457199176063,0,0,0,0.0125360208803313,0,0,0,0,0,0,0,0,0,0,0,0.00562953057790437,0,0,0,0,0,0,0,0,0,0,0,0,0,0,0,0.0268123000301836,0,0,0,0,0,0,0,0,0,0,0.00564280197834654,0,0.174207206081991,0,0.0129485763019579,0,0,0,0,0,0,0,0,0,0,0,0.000791100999152797,0.000870262503980971,0,0,0,0
0,0.000330271958076428,0,0,0,0,0,0,0,0.00228347083023459,0,0,0,0.00109482029569701,0,0.0128383577344492,0,0.0103387170601581,0,0,0,0.00180597226963539,0,0.0214910939212659,0,0,0,0.00329716374234854,0,0,0,0,0,0,0,0,0,4.47345390157598e-05,0,0,0,0,0,0,0,0,0,0,0,0.000559699345611454,0,0,0,0,0,0,0,0,0,0,0,0.00300425166861814,0,0,0.00260474143834114,0,0.00570379345870933,0,0.0652227550527734,0,0.0065704847937779,0,0,0,0,0,0,0,0,0,3.77949006721318e-05,0,0.000637662081592341,0,0,0,0
0,0,0,0,0,0,0,0,0.0202801251970012,0,0,0,3.85475230080526e-05,0,0.00223224532429886,0,0.00232534247317972,0.000191029983991732,0.000270225217341672,0,0,0,0.00232704261940661,0,0.0125360208803313,0,0,0,0,0,0,0,0,0,0,0,0,0,0,0,0,0,0,0,0,0,0,0,0,0,0,0,0,0,0,0,0,0,0,0,0,0,0,0,0,0.00257474636458425,0,0.000914960997365112,0,0.081691911596702,0,0.00225221766040148,0,0,0,0,0,0,0,0,0,0,0.000508938304015772,0,0,0,0
0,0,0,0,0,0,0,0,0,0,0,0.00908426574413907,0,0.00809239369457874,0,0,0,1.03052139190543e-05,0,0,0,0.00285816948335755,0,0,0,0.00329716374234854,0,0,0,0.0194482273840636,0,0,0,0,0,0,0,0.000965745789652801,0,0,0,0,0,0,0,0,0,0,0,0,0,0,0,0,0,0,0,7.11429029907271e-05,0,0.00597921187965245,0,0,0,0,0.000144883832821812,0,0,0,0.000835642561035299,0,0.0881675501686168,0,0.000877867202307764,0,0,0,0,0,0,0,0.000263393528869344,0,0.00251866661685141,0.00518422277591302,0,0,0
0,0,0,0,0,0,0,0,0,0,0.000709530328989298,0,0.00813914757526082,0,0,0,0,0,0,0,0,0,0.0071269651637783,0,0,0,0,0,0,0,0.020254829980879,0,0,0,0,0,0,0,0.00128058730207794,0,0,0,0,0,0,0,0,0,0,0,0,0,0,0,0,0,0,0,0.00437702224441465,0,0,0,0,0,0,0.00497247994760082,0,0,0,0.000557103138116353,0,0.0527971489427669,0,7.36965716655111e-05,0,0,0,0,0,0,0,0.000505832094978791,7.57142142833707e-05,0.000112636523737678,0,0,0
0,0,0,0,0,0,0,0,0,0,0,0.00710735045539193,0,0.0089478313239927,0,0,0,0,0,0,0,0,0,0,0,0,0,0.0194482273840636,0,0,0,0,0,0,0,0,0,0.00415165362179606,0,0,0,0,0,0,0,0,0,0,0,0,0,0,0,0,0,0,0,0.00199708983696897,0,4.13909218099995e-05,0,0,0,0,0,0,0,0,0,0,0.00130406583407099,0,0.147491028599305,0,0,0,0,0,0,0,0.0022031069274752,0,0.00188680176223413,0.00633025889259701,0.000101483565650168,0,0
0,0,0,0,0,0,0,0,0,0,0.00221676932440971,0,0,0,0,0,0,0,0,0,0,0,0,0,0,0,0,0,0.020254829980879,0,0,0,0,0,0,0,0,0,0.00659554289140601,0,0,0,0,0,0,0,0,0,0,0,0,0,0,0,0,0,0.00330459829728982,0,0,0,0,0,0,0,0,0,0,0,0,0,0,0.0103074749411071,0,0.11629794308074,0,0,0,0,0,0,0,0.000354295798469487,1.17085946633597e-05,0,0,0,0
0,0,0,0,0,0,0,0,0,0,0,0,0,0,0,0,0,0,0,0,0,0,0,0,0,0,0,0,0,0,0,0,0.0256587886385142,0.00120885994476407,0.000241846773523336,0.00163663264855092,0,0,0,0,0,0,0,0,0,0,0,0.0131500094330136,0,5.0675999674888e-05,0,0,0,0,0,0,0,0,0,0,0,0,0,0,0,0,0,0,0,0,0,0,0,0,0.0524990405057471,0.0058263248006218,0,0,0.000903395634594103,0,0,0,0.000431721320083027,0,0,0,0
0,0,0,0,0,0,0,0,0,0,0,0,0,0,0,0,0,0,0,0,0,0,0,0,0,0,0,0,0,0,0,0.0256587886385142,0,0.000802957025187638,0.0225013705944766,0.0015239253721987,0.00272342623658213,0,0,0,0,0,0,0,0,0,0,0.00379083666231363,0,0,0,0,0,0,0,0,0,0,0,0,0,0,0,0,0,0,0,0,0,0,0,0,0,0,0.00637368095034002,0.0612275143312556,0,0.00131050665421174,4.52838154454337e-05,4.24814634927197e-05,0,0,0.00153273136751706,0,0,0,0
0,0,0,0,0,0,0,0,0,0,0,0,0,0,0,0,0,0,0,0,0,0,0,0,0,0,0,0,0,0,0,0.00120885994476407,0.000802957025187638,0,0.0746868815110553,0.00458960922877019,0,0.00264267641771998,0.000216307367156993,0,0,0,0,0,0,0,0,0.0280517083594503,0,0.000342718420438958,0,0,0,0,0,0,0,0,0,0,0,0,0,0,0,0,0,0,0,0,0,0,0,0,0.000205634380108677,0.000258674913393833,0.183347863634831,0.00693911919528564,0.00210347418452696,0,0.00767974481109852,6.48121104741001e-05,0.000628601289854055,0,0,0,0
0,0,0,0,0,0,0,0,0,0,0,0,0,0,0,0,0,0,0,0,0,0,0,0,0,0,0,0,0,0,0,0.000241846773523336,0.0225013705944766,0.0746868815110553,0,0,0.00736873224926225,0.000100415489441332,0.00183011734194137,0,0,0,0,0,0,0,0,0.0857668112365066,0,0.00158172306360159,0,0,0,0,0,0,0,0,0,0,0,0,0,0,0,0,0,0,0,0,0,0,0,0,0,0.00269859969119091,0.0144106032676325,0.143504755629812,0,0.000360542143758502,0,0.0052314736631173,0.0026238706893835,0.000138241117897076,0,0,0
0,5.88453948770274e-05,0,5.31960954938977e-06,0,4.22369464371295e-05,0,0,0,0,0,0,0,0,0,0,9.39170173952335e-06,1.55114838942115e-05,0.000251707470342591,0.0118994145485135,0,0,0,0,0,0,0,0,0,0,0,0.00163663264855092,0.0015239253721987,0.00458960922877019,0,0,0.00340407208314583,0.0159239511477772,0.000425057130348278,0.000808049555854001,1.45915543868964e-06,0.000246370507131646,1.96475240180417e-05,7.55675433814122e-06,0,0.00129058072328304,1.24502191591273e-06,6.858411839213e-05,0,0.000654299966442314,0,0,0,0,0,0,0,9.28098181378231e-07,0,0,0,0,0.0047744917775329,0,0,0,0,0,0,0,0,0,0,0,0.000567258856274196,0,0.000868953047878201,0,0.102717848484253,8.88023296215669e-05,0.00557986575551155,0,0.0118119118477107,6.14671650050209e-05,0.000838982931139434,6.51590386099705e-06,4.32875006107857e-06
0,0,0.000257596958656805,0,0.000112300946108752,0,0,0,0,0,0.00088602451089186,0,0,0,0,0,1.99952122199202e-05,1.01592779719561e-05,0.000434526015351046,0,0.00956760996137962,0,0,0,0,0,0,0,0,0,0,0,0.00272342623658213,0,0.00736873224926225,0.00340407208314583,0,9.46286146650259e-05,0.0239630851288563,0.00142166942976537,4.64043471507657e-05,2.15866078202831e-06,0.000656825614491624,0,0.000143899917895472,0,0.000880494906216287,0.0016045171226848,4.01667879324583e-05,0.000250386891504618,0.000202076911632185,0,0,0,0,0,0.000481081073860662,0,0,0,0,0,0,0.00708021557360559,0,0,0,0,0,0,0,0,0,1.69443710340501e-06,0,0.000301503352350168,0,0.00203728104355397,0.000571868413942987,0.156671215225475,0,0.00626283996926573,0.00943442205191768,2.79001847873739e-05,0.00338602385230888,2.33877278554099e-06,4.78032767577677e-05
0,0.000299254151638822,0,1.48699820818656e-05,0,0,0,0,0,0.000278466587707289,0,0.00639330234064487,0,0,0,2.38657129568225e-05,1.47821967659814e-05,3.53212081666845e-05,0.00055131956607942,0.00833788575793013,0,0.0082032720651488,7.14095104544091e-05,0.00925560744439956,0,4.47345390157598e-05,0,0.000965745789652801,0,0.00415165362179606,0,0,0,0.00264267641771998,0.000100415489441332,0.0159239511477772,9.46286146650259e-05,0,0.00152328509025247,0,0,0.0022824288563755,7.84412526977319e-06,2.62136697178452e-05,0,0.00070620447277199,0,0.00115611089487015,0,0.00199270597107669,0,0,0,0,0,0.000235384093873173,0,0.00122842029926349,0,0,0,0,0.00661855878047746,0,0.00243826113844273,0,0.00244429173350992,0,0,0,0.000519893530755514,0,0.000338296945655805,0,0,0,0.00488453508967353,0,0.00242709840454262,0,0.173272653892049,9.92605966958273e-05,0.00845005239363097,0.000448027956466081,0.00654985488180499,0.000785454059178508,0
5.83277291116031e-06,0,0,0,0,0,0,0,0.00127684825776858,0,0.0241062000430127,0,0,0,0,0,0,0,0,0,0.00322876579857433,5.16089165858323e-05,0.00605700720705533,0,0.00562953057790437,0,0,0,0.00128058730207794,0,0.00659554289140601,0,0,0.000216307367156993,0.00183011734194137,0.000425057130348278,0.0239630851288563,0.00152328509025247,0,0,0,0,4.09751990280632e-05,0,0,0,0.000352901977706799,0.00234691835048628,1.98764367728767e-05,0,0,0,0,0,0.00129798615027804,0,0.00894570700914517,0,0,0,0,0,0,0.00284377848735309,0,0.00749838576574162,0,0.00278607617658104,0,0,0,0.00184064532432548,0,0.00640696563621338,0,0,4.95401489989606e-05,0.000780340038808347,3.83876089373639e-05,0.00865912384474461,0.000109166721518862,0.149239947994775,0.00801692212854072,0.000452883982314223,0.00350752195669076,0,3.0095621250105e-05
0,0,0,0,0,0,0,0,0,0,0,0,0,0,0,0,0,0,1.87274620094989e-05,0,0,0,0,0,0,0,0,0,0,0,0,0,0,0,0,0.000808049555854001,0.00142166942976537,0,0,0,0,0.00168557232029687,0,0,0,0.00191515844060285,0,0.0021573810790407,0,0.00901375770188738,0,0,0,0,0,0,0,0,0,0,0,0,0.00329294297292275,0,0,0,0,0,0,0,0,0,0,0,0,0,0,0,0.019807481942544,0.000676713664042161,4.96862631243499e-05,0,2.50804206554766e-05,0,0.0102510121997913,0.000345045762036593,0
0.00104202815005147,0,0,0,0,0,0,0,0,0,0,0,0,0,0,0,0.0002151483722963,0.000111647886792432,0.0157610958858889,2.58868690286431e-05,0,0,0,0,0,0,0,0,0,0,0,0,0,0,0,1.45915543868964e-06,4.64043471507657e-05,0,0,0,0,0.000627131206809689,0.0961950230481281,0,0.00420895586638915,0.000518543498958287,0.0872578334803581,1.98414647142337e-05,0.0385450652917064,0,0,0,0,0,0,0,8.66140349736484e-05,0,0,0,0,0,1.10176888260468e-05,0.00854159005145903,0,0,0,0,0,0,0,0,0,0.000904932402241649,0,0,0,0,2.25715942865661e-05,0.00294457602582608,2.83939542621546e-06,0.000265022185015643,0.000273137170905087,0,0.0510242619593129,0.000412022205096175,0.00540172274700357
0,0.00687845423522036,0,2.53828298106531e-05,0,0,0,0,0,0.012658040691777,0,0,0,0,0,0,4.28699881374158e-05,0.000267611002251163,0.0104269557297048,0.0033984372697766,0,0,0,0.00084938060722927,0,0,0,0,0,0,0,0,0,0,0,0.000246370507131646,2.15866078202831e-06,0.0022824288563755,0,0.00168557232029687,0.000627131206809689,0,0.00300256384652492,0.000453666121032377,1.85394946650708e-05,0.032611514503366,8.37667240012534e-05,4.65727079886464e-05,0.000140575414614883,0.0108224562490205,0,0,0,0,0,0,0,4.42118009588515e-05,0,0,0,0,0.0115318092997028,0,0,0,0.000358813316934536,0,0,0,0,0,0,0,0,0,0,0,0.00986904609395585,3.82328702348863e-05,0.00426380823393102,1.53010914565585e-05,0.00251316154256657,0,0.0939823675850325,0.0672065637524253,9.09236808825805e-05
0.00104175099636591,3.45663136909389e-05,0.00267842898826548,0,2.89726312536671e-05,0,0,0,0.000535194267808881,0,0,0,0,0,0,0,0.000822886600364824,0.000293304967481387,0.0483108135536107,0.000127577758761348,0,0,0,0,0,0,0,0,0,0,0,0,0,0,0,1.96475240180417e-05,0.000656825614491624,7.84412526977319e-06,4.09751990280632e-05,0,0.0961950230481281,0.00300256384652492,0,0.000109729575030915,0.00815344201821092,0.00096989182409444,0.00768201220352219,0,0.0636881184822008,0,0,0,0,0,0,0,0,0,0,0,0,0,0.000423557967617205,1.90696619288585e-05,0,0,0,0,0,0,0,0,0,8.10805173220939e-05,0,0,0,0,0.000294807557317154,0.00420972198045035,6.17387192543806e-05,0.00146887160945811,0.00377692191359433,0,0.0912307944754323,0.000237925883964107,0.167171498868662
0,0,0,0,0,0,0,0,0,0,0,0,0,0,0,0,0,0,0.000523086721406557,0.000293760412572129,0,0,0,0,0,0,0,0,0,0,0,0,0,0,0,7.55675433814122e-06,0,2.62136697178452e-05,0,0,0,0.000453666121032377,0.000109729575030915,0,0,0.000481303181779303,1.42721805326783e-05,0,0,0,0,0,0,0,0,0,0,0,0,0,0,0,2.39306217540642e-05,0,0,0,0,0,0,0,0,0,0,0,0,0,0,0,0.000181932271161096,0,0.000260031542724053,0,3.54151710197411e-05,0,0.00104778940826449,0.00155028812804473,0
0.00366708570028623,0,0,0,0,0,0,0,0,0,0,0,0,0,0,0,0,9.52657650725333e-06,0.00838929263603889,0,0,0,0,0,0,0,0,0,0,0,0,0,0,0,0,0,0.000143899917895472,0,0,0,0.00420895586638915,1.85394946650708e-05,0.00815344201821092,0,0,0,0.000610796338364991,0,0.00440747499963052,0,0,0,0,0,0,0,0,0,0,0,0,0,0,0,0,0,0,0,0,0,0,0,0,0,0,0,0,0,0,0.0015416700101673,0,0.000479170875241096,7.75882575352166e-05,0,0.00239264701091142,0,0.0108938484444915
0,0.0128229763137527,0,0.00123043342691735,0,0,0,0,0,0,0,0,0,0,0,0,0.000280006191947407,0.000382199926292749,0.0356650626287829,0.0236979356763326,0,0,0,0,0,0,0,0,0,0,0,0,0,0,0,0.00129058072328304,0,0.00070620447277199,0,0.00191515844060285,0.000518543498958287,0.032611514503366,0.00096989182409444,0.000481303181779303,0,0,0.000232067585799704,0,0.000211623679401971,2.12806162497574e-05,0,0,0,0,0,0,0,0,0,0,0,0,0.0603613246972236,0,0,0,0,0,0,0,0,0,0,0,0,0,0,0,0.00607340209758,4.316161684888e-06,0.00285153220801474,4.52567843483011e-06,0.00127694168965117,5.85916476370614e-06,0.0357628044784628,0.00182387976640351,7.42376029784605e-05
0,0,0.000652349337258614,0,0.000145635301712466,0,0,0,2.78327563859866e-05,0,0,0,0,0,0,0,3.18859843260295e-05,1.99592960405898e-05,0.00440435877764439,1.509192483767e-05,0.00436758321772948,0,0,0,0,0,0,0,0,0,0,0,0,0,0,1.24502191591273e-06,0.000880494906216287,0,0.000352901977706799,0,0.0872578334803581,8.37667240012534e-05,0.00768201220352219,1.42721805326783e-05,0.000610796338364991,0.000232067585799704,0,0,0.0100677433419606,0,3.82175631664554e-05,0,0,0,0,0,0.000441043012859593,0,0,0,0,0,3.92889027232749e-05,0.0285780248395053,0,0,0,0,0,0,0,0,0,0.00387862355742145,0,0,0,0,4.5628422367953e-05,0.0192510109614024,1.31900575963542e-05,0.00562754636377011,0.000212982225912578,0,0.0617442423014864,0,0.002284930043879
0,0,0,0,0,0,0,0,0,0,0,0,0,0,0,0,0,0,0,0,0,0,0,0.000278311370363344,0,0,0,0,0,0,0,0.0131500094330136,0.00379083666231363,0.0280517083594503,0.0857668112365066,6.858411839213e-05,0.0016045171226848,0.00115611089487015,0.00234691835048628,0.0021573810790407,1.98414647142337e-05,4.65727079886464e-05,0,0,0,0,0,0,0.00112173785650872,0.074218802888277,0,0,0,0,0,0,0,0,0,0,0,0,0,0,0,0,4.66064009714703e-05,0,0,0,0,0,0,0,0.00689324787943783,0.00224214485415074,0.00369147428709224,0.0164727492389278,0.00153079604686276,0.00367946597215357,0.00570287503595128,0.00573543801290392,0.00266284226528283,0,0.000254824921079226,0,0
0.0105332832125947,0,0.00554535716500455,0,1.24305252109249e-05,0,0,0,0.000843081140259363,0,0,0,0,0,0,0,0.000559422350552159,0.000211003208112178,0.0157432624666106,4.04122713472892e-06,0,0,7.78972448253435e-05,0,0,0,0,0,0,0,0,0,0,0,0,0,4.01667879324583e-05,0,1.98764367728767e-05,0,0.0385450652917064,0.000140575414614883,0.0636881184822008,0,0.00440747499963052,0.000211623679401971,0.0100677433419606,0.00112173785650872,0,0,0,0,0,0,0.00309761275114515,0,0.000867196701943914,0,0.00146992120038159,0,0.00224463130797061,0,0,0.000123565175857165,0,0.000597681884668801,0,3.45388829945634e-05,0,0,0,0,0,6.09958542305915e-05,0,0,0,0,8.27125978349375e-06,0.00125436164327502,0,0.000469534663815001,0.000576233320134199,0,0.0262397467011996,7.19803283047793e-05,0.0151281182767752
0,0.0354649380596758,0,0.0194822020194103,0,0.000105878789326075,0,0,0,0.00572239651793757,0,0,0,0,0,0.000632446908343614,0,0,0,0,0,0.00033093883796535,0,0.00310900721774051,0,0.000559699345611454,0,0,0,0,0,5.0675999674888e-05,0,0.000342718420438958,0.00158172306360159,0.000654299966442314,0.000250386891504618,0.00199270597107669,0,0.00901375770188738,0,0.0108224562490205,0,0,0,2.12806162497574e-05,0,0.074218802888277,0,0,0,0,0,0,0,0.000794327170274921,0,8.41290740144105e-06,0,0,0,0.00203047578168125,0,0,0.00152769941504542,0,0.00192541522904769,0,0.0046748757212814,0,0.00230406963999172,0,3.61633386056562e-05,0,0.000664338856935916,0,0.000121841191874618,0.00010762810670973,0.00505215455992744,0,0.00311398223765044,0,0.000781145746420222,0,0.0278187170226289,0.000163106541301006,0
0,0,0.0152783622658639,0,0.066678042441008,0,0.0431681808702347,0,7.07917032474904e-05,0,0,0,0,0,0,0,0,0,0,0,0,0,0,0,0,0,0,0,0,0,0,0,0,0,0,0,0.000202076911632185,0,0,0,0,0,0,0,0,0,3.82175631664554e-05,0,0,0,0,0,0.0168187006066829,0,0.00352513700822496,0,0,0,0,0,0,0,0,0,0,0,0,0,0,0,0,0,0,0,0,0,0,0,0,3.62732065471279e-06,0,0,0.000267099223406268,0,0.00444608537622323,0,0
0,0,0,0,0,0.0368474414277979,0,0,0,0,0,0,0,0,0,0,0,0,0,0,0,0,0,0,0,0,0,0,0,0,0,0,0,0,0,0,0,0,0,0,0,0,0,0,0,0,0,0,0,0,0,0,0,0,0,0,0,0,0,0,0,0.0056279229260998,0,0,0,0,0,0,0,0,0,0,0,0,0,0,0,0,0,0,0,0,0,0,0,0,0
0,0,0,0,0.000446261591505553,0,0.0899629065790717,0,0,0,0.000244763912861528,0,0.00126129092504732,0,0,0,0,0,0,0,0,0,0,0,0,0,0,0,0,0,0,0,0,0,0,0,0,0,0,0,0,0,0,0,0,0,0,0,0,0,0.0168187006066829,0,0,0,0,0,0.000462643769913206,0,0.0186436387126758,0,0,0,0,0,0,0,0,0,0,0,0,0,0,0,0,0,0,0,0,0,0,0,0.000354843919892868,0,0,0,0
0,0,0,0,0,0,0,0.0144215191820683,0,0,0,0,0,0,0,0,0,0,0,0,0,0,0,0,0,0,0,0,0,0,0,0,0,0,0,0,0,0,0,0,0,0,0,0,0,0,0,0,0,0,0,0,0,0,0,0,0,0,0,0.000667500932895524,0,0,0,0,0,0,0,0,0,0,0,0,0,0,0,0,0,0,0,0,0,0,0.000170157801685377,0,0,0,0
0.0360429857916024,0,0.0366144544153671,0,0.00127568773083835,0,0,0,0.123211297054681,0,0,0,0,0,0.000359945965572168,0,0,0,0,0,0,0,0,0,0.0268123000301836,0,0,0,0,0,0,0,0,0,0,0,0,0,0.00129798615027804,0,0,0,0,0,0,0,0,0,0.00309761275114515,0,0.00352513700822496,0,0,0,0,0,0,0,0,0,0.0266371938130887,0,0,0,0,0,0,0.0568213081004989,0,0,0,0,0,3.92714008739354e-05,0,0,0,0,0,0,0,0.00227661254562498,2.26725810675267e-05,0,0.000711167782011234,0,0
0,0.0106737799601052,0,0,0,0,0,0,0,0.0466025944380721,0,0,0,0,0,0.00324324419802601,0,0,0,0,0,0,0,0.0350556523955396,0,0,0,0,0,0,0,0,0,0,0,0,0,0.000235384093873173,0,0,0,0,0,0,0,0,0,0,0,0.000794327170274921,0,0,0,0,0,0,0,0,0,0,0,0.0145721415691627,0,0,0,0,0.0668162523782942,0,0.000290222250547918,0,0,0,0,0,0,0,0,0,0,0,0.000310908049567773,0,0.000107134402803675,0,0.000598872099025895,0,0
0,0,0.00159952698015254,0,0,0,0.00217249064501612,0,0,0,0.115403869579829,0,0.00126590343139925,0,0,0,0,0,0,0,0.000139273227438036,0,0,0,0,0,0,0,0,0,0.00330459829728982,0,0,0,0,0,0.000481081073860662,0,0.00894570700914517,0,8.66140349736484e-05,0,0,0,0,0,0.000441043012859593,0,0.000867196701943914,0,0,0,0.000462643769913206,0,0,0,0,0,0.000230718256580051,0,8.4387292497293e-05,0,0,0.00334649140334753,0,0,0,0,0,0,0,4.75526846199351e-05,0,0.013324927564821,0,0,0,0,0,7.07204873611718e-05,0,0.000275101833930823,0.000139352626582974,0,0.00666797062372485,0,0
0,0,0,0.000281749328943821,0,0,0,0.00455589665815825,0,0,0,0.0954925033081664,0,0.000204204445447293,0,0,0,0,0,0.0275299840040892,0,0,0,0,0,0,0,7.11429029907271e-05,0,0.00199708983696897,0,0,0,0,0,9.28098181378231e-07,0,0.00122842029926349,0,0,0,4.42118009588515e-05,0,0,0,0,0,0,0,8.41290740144105e-06,0,0,0,0,0,0,0,0,0,0.00621159930210566,0,0.00309282081583336,0.00448960378522886,0,0,0,0,0,0,0,0,0,0.0177320066503227,0,0,0,0,0,0,0,4.33699032460165e-05,0,0.000519954865023643,0,0.0118647006238081,0,0
0,0,0,0,0,0,0.00852637638259031,0,0,0,0.00299944590802016,0,0.041001338454483,0,0.00150672712048418,0,0,0,0,0,0,0,0,0,0,0,0,0,0.00437702224441465,0,0,0,0,0,0,0,0,0,0,0,0,0,0,0,0,0,0,0,0.00146992120038159,0,0,0,0.0186436387126758,0,0,0,0.000230718256580051,0,0,0,0.0160785711448736,0,0,0,0,0,0,0,0,0,0,0.00288166170618471,0,0,0,0,0,0,0,0,0,0,0.000225350644812403,0,0,0,0
0,0,0,0,0,0,0,0.00431596341952669,0,0,0,0.00177979467125946,0,0.0332081155999916,0,4.38713375054732e-05,0,0,0,0,0,0,0,0,0,0,0,0.00597921187965245,0,4.13909218099995e-05,0,0,0,0,0,0,0,0,0,0,0,0,0,0,0,0,0,0,0,0,0,0,0,0.000667500932895524,0,0,0,0.00621159930210566,0,0,0,0.000198958809628121,4.80571962070114e-05,0,0,0,0,0,0,0,0.00925050390273017,0,0,0,0,0,0,0,0,0,0,0,0.000105889796349857,9.51247548693275e-05,0.000109322738446901,0,0
0.00253521809246856,0,0,0,0,0,0,0,0.016191495615812,0,0,0,0.000362459081604702,0,0.00799059443849585,0,7.84804559035234e-05,0,0,0,0,0,0,0,0,0,0,0,0,0,0,0,0,0,0,0,0,0,0,0,0,0,0,0,0,0,0,0,0.00224463130797061,0,0,0,0,0,0.0266371938130887,0,8.4387292497293e-05,0,0.0160785711448736,0,0,0,0,0,0,0,0,0,0,0.00272593546005437,0,0.000671441745377508,0,0,0,0,0,0,0,0,0,0,2.78984749534986e-05,0,0,0,0
0,0.000696315571705006,0,0,0,0.00535044070560396,0,0,0,0.0458996344740193,0,0,0,0,0,0.0397960412281187,0,0.000292143693329874,0,0,0,0,0,0.000494319553907235,0,0.00300425166861814,0,0,0,0,0,0,0,0,0,0,0,0,0,0,0,0,0,0,0,0,0,0,0,0.00203047578168125,0,0.0056279229260998,0,0,0,0.0145721415691627,0,0.00309282081583336,0,0.000198958809628121,0,0,0.000110701037645562,0,0,0,0.00179006159215422,0,0.00766278790098364,0,0,0,0,0,0,0,0,0,0,0,0,0,0.000142133095401253,0,0.000152819540663008,0,0
0,0.00069563056912308,0,0.000781001103370783,0,0,0,0,0,0,0,0.00141660833208173,0,0,0,0,4.36960328058502e-05,5.54818667119957e-05,0.00334849518359562,0.173451875478665,0,0,0,0,0,0,0,0,0,0,0,0,0,0,0,0.0047744917775329,0,0.00661855878047746,0,0.00329294297292275,1.10176888260468e-05,0.0115318092997028,0.000423557967617205,2.39306217540642e-05,0,0.0603613246972236,3.92889027232749e-05,0,0,0,0,0,0,0,0,0,0,0.00448960378522886,0,4.80571962070114e-05,0,0.000110701037645562,0,0,0,0,0,0,0,0,0,0,0.000526946136037881,0,0,0,0,0,0.00457579209368659,0,0.00298019588593766,0,0.000332523904370142,0,0.0295832582057526,0.00258402946193916,9.60911924060334e-05
0,0,0,0,0.000196856769184522,0,0,0,0,0,0.00967645457619721,0,0,0,0,0,0,0,0,0,0.223168611264503,0,0,0,0,0,0,0,0,0,0,0,0,0,0,0,0.00708021557360559,0,0.00284377848735309,0,0.00854159005145903,0,1.90696619288585e-05,0,0,0,0.0285780248395053,0,0.000123565175857165,0,0,0,0,0,0,0,0.00334649140334753,0,0,0,0,0,0,0,0,0,0,0,0,0,0,0,0,0.00358913405196824,0,0,0,0,0,0.00762875514879142,0,0.00124178511063315,0.000713917930037326,0,0.0137987724316898,0,0
0,0,0,0,0,0,0,0,0,0,0,0,0,0,0,0,0,1.48259068737389e-05,0,0,0,0.0921348138809389,0,0.012191672232334,0,0.00260474143834114,0,0.000144883832821812,0,0,0,0,0,0,0,0,0,0.00243826113844273,0,0,0,0,0,0,0,0,0,0,0,0.00152769941504542,0,0,0,0,0,0,0,0,0,0,0,0,0,0,0,0,0.0108384448202988,0,0.000982246763041202,0,0.000514665397324423,0,0,0,0,0,0,0,0,0,0.0019143769797784,0,0.00044546879526942,0.000144276916611957,0,0,0
0,0,0,0,0,0,0,0,0,0,0,0,0,0,0,0,0,0,0,0,0,0.000907280102906232,0.106536820033906,0,0.00564280197834654,0,0.00257474636458425,0,0.00497247994760082,0,0,0,0,0,0,0,0,0,0.00749838576574162,0,0,0,0,0,0,0,0,0,0.000597681884668801,0,0,0,0,0,0,0,0,0,0,0,0,0,0,0,0,0,0,0.00126190812441461,0,0,0,0.000295729891851986,0,0,0,0,0,0,0,0,0,0.00143085052469416,0.000910008789308254,0.00015799821384048,0,0,0
0,0.00962147652925572,0,0,0,0,0,0,0,0.00274742194739146,0,0,0,0,0,0.000451166483884671,0,3.54174010950524e-05,0,0,0,0.00392157509073845,0,0.169908764215079,0,0.00570379345870933,0,0,0,0,0,0,0,0,0,0,0,0.00244429173350992,0,0,0,0.000358813316934536,0,0,0,0,0,4.66064009714703e-05,0,0.00192541522904769,0,0,0,0,0,0.0668162523782942,0,0,0,0,0,0.00179006159215422,0,0,0.0108384448202988,0,0,0,0.00445744285328695,0,0,0,0,0,0,0,0,0,0,0,0.00428696009212601,0,0.000159559395616696,0,0.00467970180872402,0,0
0.000596401294153594,0,0,0,0,0,0,0,0.0111008274347863,0,0,0,0,0,0,0,0,0,0,0,0,0,0.0011756170638969,0,0.174207206081991,0,0.000914960997365112,0,0,0,0,0,0,0,0,0,0,0,0.00278607617658104,0,0,0,0,0,0,0,0,0,3.45388829945634e-05,0,0,0,0,0,0.0568213081004989,0,0,0,0,0,0,0,0,0,0,0.00126190812441461,0,0,0,0,0,0,0,0,0,0,0,0,0,0,0,0.0013978206254707,0.000121090833079758,0,0.000500417371353549,0,0
0,0.000950910792924879,0,0,0,0,0,0,0,0,0,0,0,0,0,0.00636434207938401,0.00011752533969428,0.00331250416907938,0,0,0,0,0,0.00264472509853403,0,0.0652227550527734,0,0.000835642561035299,0,0,0,0,0,0,0,0,0,0,0,0,0,0,0,0,0,0,0,0,0,0.0046748757212814,0,0,0,0,0,0.000290222250547918,0,0,0,0,0,0.00766278790098364,0,0,0.000982246763041202,0,0.00445744285328695,0,0,0,0.00450884428345465,0,0,0,0,0,0,0,0,0,0,0,0.000164646233891727,0,0,0,0
0,0,0,0,0,0,0,0,0.00118292607863663,0,0,0,0.00018655171636726,0,0.00884566724440144,0,0.000957707371815331,5.51661058026853e-05,0,0,0,0,0.00101375819693906,0,0.0129485763019579,0,0.081691911596702,0,0.000557103138116353,0,0,0,0,0,0,0,0,0,0,0,0,0,0,0,0,0,0,0,0,0,0,0,0,0,0,0,0,0,0,0,0.00272593546005437,0,0,0,0,0,0,0,0,0,0,0.00695702578939106,0,0,0,0,0,0,0,0,0,0,0.000498387360947035,0,0,0,0
0,0,0,0,0,0,0,0,0,0,0,0.00211277227694783,0,0.00783901151132052,0,0,0,1.41854766669378e-05,0,0,0,0.00129226634222534,0,0,0,0.0065704847937779,0,0.0881675501686168,0,0.00130406583407099,0,0,0,0,0,0,0,0.000519893530755514,0,0,0,0,0,0,0,0,0,0,0,0.00230406963999172,0,0,0,0,0,0,0,0,0,0.00925050390273017,0,0,0,0,0.000514665397324423,0,0,0,0.00450884428345465,0,0,0,5.33044383692869e-05,0,0,0,0,0,0,0,0.000183369253950384,0,0.000623216906542026,0.000377831260099128,0,0,0
0,0,0,0,0,0,0,0,0,0,0.000529451177329311,0,0.00196766597543213,0,0.00356693423332903,0,0,0,0,0,0,0,0.000270100631236412,0,0,0,0.00225221766040148,0,0.0527971489427669,0,0.0103074749411071,0,0,0,0,0,0,0,0.00184064532432548,0,0,0,0,0,0,0,0,0,0,0,0,0,0,0,0,0,4.75526846199351e-05,0,0.00288166170618471,0,0.000671441745377508,0,0,0,0,0.000295729891851986,0,0,0,0.00695702578939106,0,0,0,0.000149800168376281,0,0,0,0,0,0,0,0.00749662755032776,5.6051485931486e-05,0,0,0,0
0,0,0,0,0,0,0,0,0,0,0,0.000696963513215063,0,0,0,0,0,0,0,0.00237689806645016,0,0,0,0,0,0,0,0.000877867202307764,0,0.147491028599305,0,0,0,0,0,0,0,0.000338296945655805,0,0,0,0,0,0,0,0,0,0,0,3.61633386056562e-05,0,0,0,0,0,0,0,0.0177320066503227,0,0,0,0,0.000526946136037881,0,0,0,0,0,0,0,5.33044383692869e-05,0,0,0,0,0,0,0,0,0,0.000224176656092533,0,0.00021757896660031,0.00114495544782145,0.00305163496375194,0,0
0,0,0,0,9.9822220281303e-05,0,0,0,0,0,0.00313835775577813,0,0,0,0,0,0,0,0,0,0,0,0,0,0,0,0,0,7.36965716655111e-05,0,0.11629794308074,0,0,0,0,0,1.69443710340501e-06,0,0.00640696563621338,0,0.000904932402241649,0,8.10805173220939e-05,0,0,0,0.00387862355742145,0,6.09958542305915e-05,0,0,0,0,0,3.92714008739354e-05,0,0.013324927564821,0,0,0,0,0,0,0.00358913405196824,0,0,0,0,0,0,0,0.000149800168376281,0,0,0,0,0,0,0,9.39053477157936e-05,0,0.00204596309006413,6.62975821924378e-05,0,0.0166851736594938,0,0
0,0,0,0,0,0,0,0,0,0,0,0,0,0,0,0,0,0,0,0,0,0,0,0,0,0,0,0,0,0,0,0.0524990405057471,0.00637368095034002,0.000205634380108677,0,0.000567258856274196,0,0,0,0,0,0,0,0,0,0,0,0.00689324787943783,0,0.000664338856935916,0,0,0,0,0,0,0,0,0,0,0,0,0,0,0,0,0,0,0,0,0,0,0,0,0,0,0.00544487044294101,0,0.000459995573157933,0,0,0,1.47563998984942e-05,0,0,0,0
0,0,0,0,0,0,0,0,0,0,0,0,0,0,0,0,0,0,0,0,0,0,0,0,0,0,0,0,0,0,0,0.0058263248006218,0.0612275143312556,0.000258674913393833,0.00269859969119091,0,0.000301503352350168,0,0,0,0,0,0,0,0,0,0,0.00224214485415074,0,0,0,0,0,0,0,0,0,0,0,0,0,0,0,0,0,0,0,0,0,0,0,0,0,0,0,0,0,0.00390707242740377,0,0,0,0,0.000321667204529062,0,0,0,0
0,0,0,0,0,0,0,0,0,0,0,0,0,0,0,0,0,0,0,0,0,0,0,0,0,0,0,0,0,0,0,0,0,0.183347863634831,0.0144106032676325,0.000868953047878201,0,0.00488453508967353,4.95401489989606e-05,0,0,0,0,0,0,0,0,0.00369147428709224,0,0.000121841191874618,0,0,0,0,0,0,0,0,0,0,0,0,0,0,0,0,0,0,0,0,0,0,0,0,0.00544487044294101,0,0,0,0.00108454117372861,0,0.00878991592829194,0,0.000306992127597419,0,0,0,0
0,0,0,0,0,0,0,0,0,0,0,0,0,0,0,0,0,0,0,0,0,0,0,0,0,0,0,0,0,0,0,0,0.00131050665421174,0.00693911919528564,0.143504755629812,0,0.00203728104355397,0,0.000780340038808347,0,0,0,0,0,0,0,0,0.0164727492389278,0,0.00010762810670973,0,0,0,0,0,0,0,0,0,0,0,0,0,0,0,0,0,0,0,0,0,0,0,0,0,0.00390707242740377,0,0,0,0,0,0.00573912011509043,0.00100729337258348,0,0,0,0
0,0.00153417961020179,0,0.000187254323192552,0,0,0,0,0,0,0,0,0,0,0,0,0.000209906251478546,0.000136525776001682,0.00570792423555095,0.00193968799295667,0,0,0,0,0,0,0,0,0,0,0,0.000903395634594103,4.52838154454337e-05,0.00210347418452696,0,0.102717848484253,0.000571868413942987,0.00242709840454262,3.83876089373639e-05,0.019807481942544,2.25715942865661e-05,0.00986904609395585,0.000294807557317154,0.000181932271161096,0,0.00607340209758,4.5628422367953e-05,0.00153079604686276,8.27125978349375e-06,0.00505215455992744,0,0,0,0,0,0,0,0,0,0,0,0,0.00457579209368659,0,0,0,0,0,0,0,0,0,0,0,0.000459995573157933,0,0.00108454117372861,0,0,1.20301767876897e-06,0.00626934154361424,0,0.00329664754819035,0.000109717598739259,0.00891234502488487,0.00147995132983657,3.76075880558209e-05
9.33236893784806e-05,0,1.07514520562915e-05,0,0,0,0,0,0,0,0.000713333695796701,0,0,0,0,0,3.86729461528617e-05,2.67392703108293e-05,0.00265875102102668,0,0.00186039586404146,0,0,0,0,0,0,0,0,0,0,0,4.24814634927197e-05,0,0.000360542143758502,8.88023296215669e-05,0.156671215225475,0,0.00865912384474461,0.000676713664042161,0.00294457602582608,3.82328702348863e-05,0.00420972198045035,0,0.0015416700101673,4.316161684888e-06,0.0192510109614024,0.00367946597215357,0.00125436164327502,0,3.62732065471279e-06,0,0,0,0,0,7.07204873611718e-05,0,0,0,0,0,0,0.00762875514879142,0,0,0,0,0,0,0,0,0,9.39053477157936e-05,0,0,0,0,1.20301767876897e-06,0,0,0.012821200922219,0.00223593840247449,0,0.00741542652858607,1.58626502320569e-05,0.000391729913379956
