0,0,9.00434043532924,0,15.7995431984172,0,0,0,8.54780018437724,0,0,0,0,0,0,0,0,0,0,0,0,0,0,0,0,0,0,0,0,0,0,0,0,0,0,0,0,0,19.7360992431641,0,0,0,17.155114279853,0,0,0,0,0,5.58055463335872,0,0,0,0,0,8.9843713220486,0,0,0,0,0,0,0,0,0,0,0,0,14.5043166478475,0,0,0,0,0,0,0,0,0,0,0,0,0,18.4489559173584,9.35480984413263,0,9.60736440581244,0,0
0,0,0,4.71252899548672,0,13.5317148720134,0,0,0,5.57990807022327,0,0,0,0,0,0,0,0,7.58503341674805,0,0,0,0,0,0,0,0,0,0,0,0,0,0,0,0,0,0,0,0,0,0,8.22437795003255,0,0,0,0,0,0,0,7.26471882755474,0,10.1928678039432,0,0,0,6.70443014195471,0,0,0,0,0,3.24732013796106,0,0,0,0,15.7041859259972,0,0,0,0,0,0,0,0,0,0,0,0,0,0,0,8.50362883240544,0,6.37736502507838,0,0
9.00434043532924,0,0,0,7.5732001772707,0,0,0,11.984442266258,0,0,0,0,0,0,0,0,0,0,0,0,0,0,0,0,0,0,0,0,0,0,0,0,0,53.4064960479736,0,0,0,0,0,57.8626899719238,0,27.8042402962844,0,0,0,12.1334477790607,50.4617674085829,10.0063326155886,0,0,0,0,0,14.4076910018921,0,0,0,0,0,0,0,0,0,0,0,0,0,0,0,0,0,0,0,0,0,0,59.6545295715332,0,59.4287528991699,0,0,11.5913156930502,0,12.0697697264808,0,0
0,4.71252899548672,0,0,0,9.87766139270846,0,0,0,3.14629736116954,0,0,0,0,0,0,0,0,9.08277225494385,0,0,0,0,0,0,0,0,0,0,0,0,50.7904853820801,0,57.6791324615479,0,0,0,0,0,43.2919940948486,0,26.5436897641137,0,0,0,12.1374618548044,0,52.9735622406006,0,8.86431672978202,0,6.27583541942002,0,0,0,5.96673876047134,0,3.74997886904964,0,3.8397902696029,0,5.06928736795255,15.7805299758911,0,0,0,0,0,0,0,0,0,0,0,0,0,0,0,45.891716003418,0,0,0,8.25439553199408,3.19594327167228,9.19925082421303,0,0
15.7995431984172,0,7.5732001772707,0,0,0,0,0,8.28668429729024,0,6.22059020129117,0,0,0,0,0,0,0,0,0,3.569251537323,0,0,0,0,0,0,0,0,0,0,0,0,0,55.24294090271,0,32.5807666778564,0,0,0,31.7613038221995,0,42.4644594926101,0,0,0,20.4441812923274,54.1825068155924,41.937800652272,45.9188785552979,3.22072552006419,0,5.50018882751465,0,10.5021749734879,0,6.62375752835334,0,4.14661524606788,0,0,0,0,12.1243597980544,0,0,0,0,0,0,0,0,0,0,0,0,0,54.8032855987549,0,53.0716749429703,0,78.9745635986328,11.4237834822457,0,15.4777620939108,0,0
0,13.5317148720134,0,9.87766139270846,0,0,0,0,0,6.58891845059085,0,0,0,3.00360035896301,0,0,107.593769073486,0,93.5928630828857,4.78460397720337,0,0,0,0,0,0,0,0,0,0,0,52.2818990434919,0,55.9638120651245,0,19.3496585573469,0,0,0,44.4574824501486,66.3037872314453,47.3582182384673,54.7923240661621,0,0,18.4293468710775,0,54.3004980778349,0,45.7640922270625,0,4.28927688546233,0,0,0,6.13229742149512,0,4.63044500350952,0,3.62569959958394,0,6.10492345002981,8.33509561134751,0,0,0,0,0,0,0,0,0,0,0,0,0,0,0,36.3138724911597,173.367080688477,69.802786509196,78.7178039550781,5.00409702809981,3.23080358721993,11.1567918641227,0,0
0,0,0,0,0,0,0,0,0,0,3.27236604690552,0,0,0,0,0,0,0,0,0,0,0,0,0,0,0,0,0,0,0,0,0,0,0,0,0,0,0,0,0,0,0,0,0,0,0,0,0,0,0,3.39065587520599,0,3.1739548379042,0,0,0,0,0,0,0,0,0,0,0,0,0,0,0,0,0,0,0,0,0,0,0,0,0,0,0,0,0,3.0006683427234,0,0,0,0
0,0,0,0,0,0,0,0,0,0,0,3.14519474723122,0,0,0,0,0,0,0,0,0,0,0,0,0,0,0,0,0,0,0,0,0,0,0,0,0,0,0,0,0,0,0,0,0,0,0,0,0,0,0,0,0,4.25926988399946,0,0,0,6.86174032092094,0,3.24523369471232,0,0,0,0,0,0,0,0,0,0,0,0,0,0,0,0,0,0,0,0,0,0,2.97155982255936,0,0,0,0
8.54780018437724,0,11.984442266258,0,8.28668429729024,0,0,0,0,61.6014410654704,0,0,0,63.2002906799316,8.24265008387358,63.4320049285889,23.2475775268128,47.6507385253906,28.5928964905007,0,0,49.5222997665405,61.3466606140137,62.990665435791,7.22462169358979,53.8068148295085,21.7227302632242,0,0,0,0,0,0,0,133.270401000977,0,0,0,5.76360704531782,72.9083035786947,63.0671552022298,79.145654296875,8.43692822069735,0,0,54.4397315979004,51.948549747467,61.548885345459,17.6146454309162,102.284397125244,0,0,0,0,8.061657657022,66.4832611083984,9.72272777557373,64.8051605224609,7.12262709935506,0,21.5133341550827,0,96.3627624511719,0,35.935359954834,0,38.7334007263184,8.05019389508201,59.5527687072754,21.659147977829,0,0,0,0,0,0,0,25.4979877471924,79.0940272013346,77.5245138168335,80.8878874778748,9.14233467802905,15.7848283871288,59.3074550628662,6.63749687504986,80.489990234375,56.2348658243815
0,5.57990807022327,0,3.14629736116954,0,6.58891845059085,0,0,61.6014410654704,0,0,0,0,0,69.9465866088867,29.4560556411743,50.4797282106294,27.7052033221103,47.0823212511399,0,0,16.829999089241,0,17.4475099159324,45.252368927002,19.3824406799517,55.318883895874,0,0,0,0,0,0,0,0,0,0,6.02704787254333,0,50.3207626342773,135.207733154297,8.19907990017453,81.4278030395508,0,0,79.4508845011393,0,0,0,10.2417171972769,0,13.4889702796936,0,0,0,5.87002541324285,0,0,0,0,0,3.46692152126976,68.78271484375,0,21.7924728393555,0,8.43484041874225,0,20.0631157352078,55.6996472676595,0,0,0,0,0,0,0,0,80.9631249564035,96.2867965698242,6.65923773447672,110.765146891276,13.5196574185221,4.66082116205301,5.91561517317413,0,50.7850036621094
0,0,0,0,6.22059020129117,0,3.27236604690552,0,0,0,0,0,0,0,0,0,0,0,0,0,4.82456716878454,0,0,0,0,0,0,0,0,0,3.92299353016747,0,0,0,0,0,5.36711834384277,0,4.13558200738276,0,0,0,15.7663850784302,0,0,0,14.8380231296315,0,47.9091237386068,0,0,0,0,0,0,0,4.24373751294379,0,0,0,0,0,0,9.0244667381594,0,0,0,0,0,0,0,0,0,5.75625958707598,0,0,0,0,119.381530761719,43.2183545430501,0,6.11579026494707,3.85201521687029,0,27.6358688354492,0,0
0,0,0,0,0,0,0,3.14519474723122,0,0,0,0,0,2.9561882019043,0,0,0,0,89.2562866210938,3.91978779032424,0,0,0,0,0,0,0,2.74637913703918,0,6.81654003991021,0,50.5407409667969,0,0,0,3.14163195870139,0,3.91388020483332,0,50.3139343261719,0,46.1241283416748,0,0,0,25.6041736602783,0,0,0,34.885799407959,0,2.7504551410675,0,3.16503887910109,0,0,0,7.79847183934579,0,0,0,0,4.1352085091851,0,0,0,0,0,0,0,0,0,9.82881577173869,0,0,0,0,0,3.62189900875092,0,6.82403940107764,0,3.73806928345938,0,7.57461340086801,0,0
0,0,0,0,0,0,0,0,0,0,0,0,0,0,2.74839806556702,0,0,0,0,0,0,0,0,0,0,0,0,0,0,0,0,0,0,0,0,0,0,0,0,0,0,0,0,0,0,0,0,0,0,0,0,0,0,0,0,0,0,0,0,0,2.73826730251312,0,0,0,0,0,0,0,0,0,0,0,0,0,0,0,0,0,0,0,0,0,0,0,0,0,0
0,0,0,0,0,3.00360035896301,0,0,63.2002906799316,0,0,2.9561882019043,0,0,0,5.86524133804517,0,12.7463096686772,0,0,0,0,0,0,0,0,0,3.50424695014954,0,0,0,0,0,0,0,0,0,0,0,0,0,0,0,0,0,0,0,0,0,0,0,3.11200934648514,0,0,0,0,0,3.19102358818054,0,3.09935537406376,0,3.42772150039673,0,0,0,0,0,0,0,0,0,0,0,0,0,0,0,0,0,0,0,0,5.52823256755221,6.62964010238647,0,0,0
0,0,0,0,0,0,0,0,8.24265008387358,69.9465866088867,0,0,2.74839806556702,0,0,0,12.6064059804468,52.4413382586311,45.9234945774078,0,0,0,0,0,0,0,7.29084331849042,0,0,0,0,0,0,0,0,0,0,0,0,0,0,0,0,0,0,0,0,0,0,0,0,0,0,0,9.52763161292443,0,0,0,3.14877345011784,0,4.00733952582637,0,0,0,0,0,0,25.5342063903809,0,14.6176238059998,0,0,0,0,0,0,0,0,111.019401550293,75.6146774291992,0,0,9.6297893906817,3.35325574874878,84.429313659668,0,0
0,0,0,0,0,0,0,0,63.4320049285889,29.4560556411743,0,0,0,5.86524133804517,0,0,61.5366441249847,21.5122859985474,61.0213106155395,0,0,30.8802293141683,0,31.3983106613159,0,21.7760980606079,0,0,0,0,0,0,0,0,0,0,0,0,0,101.681976318359,0,106.83528137207,83.3269729614258,0,0,0,0,0,0,0,0,3.42986226081848,0,0,0,5.14230675047094,0,0,0,3.23016602993011,76.7416915893555,3.42616232378142,0,0,34.4912557601929,0,0,0,55.4916648864746,59.2077941894531,0,0,0,0,0,0,0,0,107.878986358643,111.799495697021,114.937156677246,118.457134246826,27.6245119362264,10.7770965576172,0,0,0
0,0,0,0,0,107.593769073486,0,0,23.2475775268128,50.4797282106294,0,0,0,0,12.6064059804468,61.5366441249847,0,23.1748851699337,23.3622052262634,0,0,26.861335884441,14.2053048650424,39.423533984593,23.6303862162999,50.4704603655585,12.1977644274492,0,0,0,0,0,0,71.7813568115234,0,89.3628463745117,0,0,0,69.7264573640912,57.4220866854229,57.397378094225,49.3606007718894,54.8406191507975,52.0126289020885,60.4458655481753,57.8265977859497,66.9817161560059,68.4088460136862,77.1693572998047,0,0,0,0,23.3714778423309,47.4459171295166,49.5671195983887,58.1719741821289,0,0,17.976479860123,0,72.3580361343012,68.30615234375,37.9672676086426,0,36.5936410210349,26.679251835264,48.0875749086079,11.6655966169345,0,0,69.980110168457,71.5819931030273,0,0,0,66.2522926330566,81.0978701130444,72.1029979339013,79.5987177287063,65.4817383448283,16.3230178112782,27.7515296201373,55.4960542088667,56.4703491755894,46.2664185508353
0,0,0,0,0,0,0,0,47.6507385253906,27.7052033221103,0,0,0,12.7463096686772,52.4413382586311,21.5122859985474,23.1748851699337,0,18.4354563506669,0,0,19.9633212770735,28.181379699707,29.316283850516,36.8117091105535,12.4929263544218,42.851890039444,10.6181867718697,0,0,0,0,0,0,0,75.7408966064453,0,0,0,68.7654357040138,68.0503544277615,53.2532010866901,61.9830443323875,106.599319458008,49.4107678731283,61.5849593211029,66.9929379054478,67.273546854655,66.6168505350749,76.6162417275565,0,0,0,0,50.2497695799797,21.3867159202451,0,116.571834564209,0,0,53.3541634601095,24.0258014202118,67.4985697819636,87.596965154012,8.68799887126005,0,22.0026818773021,48.4824536187308,28.5896006975418,42.8893458956764,0,0,78.0074672698975,0,0,0,0,62.0040740966797,74.0498884908808,80.2997312893833,66.0990872118208,78.237304104699,16.7801187856888,9.91232526235626,59.2828353022186,51.0878527323405,53.1696067289873
0,7.58503341674805,0,9.08277225494385,0,93.5928630828857,0,0,28.5928964905007,47.0823212511399,0,89.2562866210938,0,0,45.9234945774078,61.0213106155395,23.3622052262634,18.4354563506669,0,0,0,45.2775964736938,37.1971435546875,33.8575642449515,57.6025630950928,32.8793230056763,50.3557825088501,0,0,0,92.1547164916992,0,0,78.7673416137695,51.4484457969666,52.8774013519287,0,0,0,55.4834701359427,49.4460847371281,37.0592707373403,40.1985445113725,19.9717714805603,15.1860049712031,45.9270218610764,45.1136499656821,58.15071688758,54.0947908042134,58.2203130237127,0,82.5536956787109,0,0,55.2209701538086,27.8345203399658,57.4733715057373,61.0820314233953,0,0,68.3076829910278,0,65.1662879272811,58.1206079739243,27.2879760742188,0,57.8322467803955,24.0189097268241,35.7779747009277,52.2824802398682,0,0,68.8604032935166,60.683466553688,0,0,0,56.9511521283318,63.0481510479302,57.6457161565733,60.7989066025167,61.1099984130497,14.4694255678378,8.84373873278013,35.2716971981334,23.2735285233884,40.0022075759604
0,0,0,0,0,4.78460397720337,0,0,0,0,0,3.91978779032424,0,0,0,0,0,0,0,0,0,0,0,0,0,0,0,0,0,0,0,0,0,0,0,5.39164411415488,0,14.8034990119934,0,0,0,0,0,0,0,13.8673188961469,0,0,0,0,0,0,0,0,0,0,0,5.14982944897243,0,0,0,0,6.06364169676401,0,0,0,0,0,0,0,0,0,13.1577550687288,0,0,0,0,0,8.46646069583151,0,16.3784839407057,0,4.51368409092143,5.43891444573036,5.22120944658915,0,0
0,0,0,0,3.569251537323,0,0,0,0,0,4.82456716878454,0,0,0,0,0,0,0,0,0,0,0,0,0,0,0,0,0,0,0,6.46117448806763,0,0,0,0,0,6.09312991315064,0,15.6109539270401,0,29.0678190329136,0,18.9074422762944,0,0,0,14.9626388947169,52.6697578430176,43.054970741272,0,0,0,0,0,0,0,9.12464484373728,0,0,0,0,0,0,6.73146001692865,0,0,0,0,0,0,0,0,0,11.5615562232765,0,0,0,56.2168159484863,0,15.8819678591357,0,14.0906233703881,3.91485712848184,4.84736613432566,15.3829262256622,0,16.4771630764008
0,0,0,0,0,0,0,0,49.5222997665405,16.829999089241,0,0,0,0,0,30.8802293141683,26.861335884441,19.9633212770735,45.2775964736938,0,0,0,2.9345415076431,3.92067718505859,0,3.62442390993237,0,3.03220856064244,0,0,0,0,0,0,0,0,0,5.51318168207086,0,0,0,0,0,0,0,72.7698211669922,0,21.9411602020264,0,6.70963604049345,0,0,0,0,35.694408416748,44.5294647216797,0,0,0,0,0,0,0,0,4.42583727312518,3.54294129518362,5.48486869151776,0,5.4292801276292,0,3.58851861953735,0,0,0,0,0,0,0,0,0,7.3412105627549,0,6.77574965213109,0,16.182487487793,0,57.6453475952148
0,0,0,0,0,0,0,0,61.3466606140137,0,0,0,0,0,0,0,14.2053048650424,28.181379699707,37.1971435546875,0,0,2.9345415076431,0,0,2.88957136285071,0,0,0,4.24456208892491,0,0,0,0,0,0,0,0,0,5.86370271865479,0,0,0,0,0,0,0,0,0,8.86435794830322,0,0,0,0,0,0,0,0,0,0,0,0,0,0,0,0,4.22496303938521,0,4.35525706539983,0,8.03433259328206,0,5.3531929898262,0,0,0,0,0,0,0,123.565849304199,0,6.17345507332773,4.6004255714146,0,0,0,0
0,0,0,0,0,0,0,0,62.990665435791,17.4475099159324,0,0,0,0,0,31.3983106613159,39.423533984593,29.316283850516,33.8575642449515,0,0,3.92067718505859,0,0,0,3.87216664850712,33.3154487609863,0,0,0,0,0,0,0,0,0,0,3.86558565996975,0,0,0,0,0,0,0,0,0,0,0,5.40713444545672,0,0,0,0,0,4.75188374185896,0,0,0,0,0,0,0,0,4.87993090421822,0,4.00438097903603,0,4.79585549525726,0,3.99046577347649,0,0,0,0,0,0,0,0,0,4.57024021076067,0,10.2841816513414,21.4612979888916,7.73532156944275,0,0
0,0,0,0,0,0,0,0,7.22462169358979,45.252368927002,0,0,0,0,0,0,23.6303862162999,36.8117091105535,57.6025630950928,0,0,0,2.88957136285071,0,0,34.4767990112305,3.87632981254094,0,0,0,0,0,0,0,0,0,0,0,3.4922124289331,74.1713485717773,0,0,0,0,0,0,0,0,4.95872640609741,0,0,0,0,0,4.98027480663137,42.407657623291,0,0,0,0,46.349702835083,0,99.4100799560547,0,19.8260307312012,3.91168241841452,57.2365493774414,3.73839152191259,36.5777905782064,3.95158408014907,0,0,0,0,0,0,0,0,119.977783203125,88.9989929199219,0,34.5969626903534,14.8220346893173,0,10.8725371360779,0,0
0,0,0,0,0,0,0,0,53.8068148295085,19.3824406799517,0,0,0,0,0,21.7760980606079,50.4704603655585,12.4929263544218,32.8793230056763,0,0,3.62442390993237,0,3.87216664850712,34.4767990112305,0,47.2366523742676,0,0,0,0,0,0,0,0,0,0,0,0,0,0,42.2241039276123,67.220588684082,0,0,0,0,0,0,0,0,0,0,0,60.5684089660645,6.22167409412445,0,0,0,0,0,0,0,0,8.13289828733964,0,4.67077445048912,0,3.02947238358584,0,0,0,0,0,0,0,0,0,0,0,0,0,24.8406716278621,0,0,0,0
0,0,0,0,0,0,0,0,21.7227302632242,55.318883895874,0,0,0,0,7.29084331849042,0,12.1977644274492,42.851890039444,50.3557825088501,0,0,0,0,33.3154487609863,3.87632981254094,47.2366523742676,0,0,0,0,0,0,0,0,0,0,0,0,0,0,0,0,49.9097728729248,0,0,0,0,0,0,0,0,0,0,0,8.35749240925437,50.3868293762207,0,0,0,0,8.96628985015713,0,0,0,0,0,0,3.98342707712356,0,4.24894738647173,0,0,0,0,0,0,0,0,0,118.401573181152,0,86.6052627563477,24.0871068684023,0,0,0,0
0,0,0,0,0,0,0,0,0,0,0,2.74637913703918,0,3.50424695014954,0,0,0,10.6181867718697,0,0,0,3.03220856064244,0,0,0,0,0,0,0,2.9611644113765,0,0,0,0,0,0,0,4.61963640318976,0,0,0,0,0,0,0,0,0,0,0,7.00251400470734,0,0,0,0,0,0,0,0,0,3.26497435569763,0,0,0,0,0,0,0,0,0,0,4.41203683055334,0,0,0,0,0,0,0,0,0,10.5341968536377,0,4.44674271139605,10.9356279373169,0,0,0
0,0,0,0,0,0,0,0,0,0,0,0,0,0,0,0,0,0,0,0,0,0,4.24456208892491,0,0,0,0,0,0,0,2.74751591682434,0,0,0,0,0,0,0,3.05154562879492,0,0,0,0,0,0,0,0,0,0,0,0,0,0,0,0,0,0,0,0,0,0,0,0,0,0,9.29554176330566,0,0,0,0,0,3.80104751828351,0,0,0,0,0,0,0,0,0,0,0,0,0,0,0
0,0,0,0,0,0,0,0,0,0,0,6.81654003991021,0,0,0,0,0,0,0,0,0,0,0,0,0,0,0,2.9611644113765,0,0,0,0,0,0,0,0,0,3.1441190706359,0,0,0,0,0,0,0,0,0,0,0,0,0,0,0,0,0,0,0,6.03418927192688,0,0,0,0,0,0,0,0,0,0,0,0,2.95395915135325,0,3.41839516593749,0,0,0,0,0,0,0,3.5282844804291,0,0,0,0,0,0
0,0,0,0,0,0,0,0,0,0,3.92299353016747,0,0,0,0,0,0,0,92.1547164916992,0,6.46117448806763,0,0,0,0,0,0,0,2.74751591682434,0,0,0,0,0,0,0,0,0,3.42906867712736,0,62.8850059509277,0,21.0340189933777,0,0,0,24.4673106010924,65.3894678751628,54.060245513916,0,0,0,0,0,0,0,3.93910198391608,0,0,0,0,0,0,17.5095344649421,0,0,0,0,0,0,0,0,0,3.48925373472016,0,0,0,0,0,48.8999666595459,0,9.35397203763326,2.75113952159882,0,12.2191975797926,0,21.0207681655884
0,0,0,50.7904853820801,0,52.2818990434919,0,0,0,0,0,50.5407409667969,0,0,0,0,0,0,0,0,0,0,0,0,0,0,0,0,0,0,0,0,6.84981178857199,3.79355581601461,9.4612500667572,4.83166239287827,0,0,0,29.0463752746582,0,0,0,0,0,36.181206657773,0,4.39410117497811,0,9.09070368607839,0,0,0,0,0,0,0,57.4526901245117,0,0,0,0,45.1120071411133,0,0,0,0,0,0,0,0,0,65.6684799194336,0,6.03655430041662,8.26825400646901,22.7724410576953,10.6619974437513,9.53722680553355,13.551417350769,28.9069315274556,0,4.86918925885801,0,37.385276222229,0,0
0,0,0,0,0,0,0,0,0,0,0,0,0,0,0,0,0,0,0,0,0,0,0,0,0,0,0,0,0,0,0,6.84981178857199,0,0,9.31032909776853,0,6.06796957651774,0,0,0,0,0,0,0,0,0,0,3.93196930885315,4.51376767158508,0,0,0,0,0,0,0,0,0,0,0,0,0,0,0,0,0,0,0,0,0,0,0,0,0,7.98729780234026,6.72803745495737,6.82388639450073,9.62897199697984,12.9082180658976,11.6367562157767,0,0,4.19048984126532,0,0,0,0
0,0,0,57.6791324615479,0,55.9638120651245,0,0,0,0,0,0,0,0,0,0,71.7813568115234,0,78.7673416137695,0,0,0,0,0,0,0,0,0,0,0,0,3.79355581601461,0,0,10.7114242121293,10.5117141447296,19.6158386130082,6.42235042298506,22.3866869608561,38.904477818807,0,37.046407699585,37.9986726760864,0,0,39.5006404856255,0,6.49009879347624,25.8620825205764,13.1295145553606,0,0,0,0,0,0,0,65.8796884873334,0,0,0,0,50.5864661721622,0,18.3833322525024,0,0,0,0,0,22.2632497151693,0,70.2249033791678,0,3.58699517865335,5.89707279205322,4.86424184427637,13.5809119035127,15.1026368208302,16.2238620122274,6.80148400022814,22.312015786767,6.98040713815128,2.92156606061118,26.1022289594014,44.894947052002,0
0,0,53.4064960479736,0,55.24294090271,0,0,0,133.270401000977,0,0,0,0,0,0,0,0,0,51.4484457969666,0,0,0,0,0,0,0,0,0,0,0,0,9.4612500667572,9.31032909776853,10.7114242121293,0,23.7930043339729,4.85867208442768,21.2722043991089,4.03201794343836,0,17.6374238052884,0,23.0600136915843,0,36.8888168334961,47.870626449585,39.3409664847634,5.94487844834097,10.596561610346,25.982595716204,0,0,0,0,0,0,61.9166584014893,0,0,0,0,0,0,49.3363083733453,0,0,0,0,0,0,0,0,0,68.4645589192708,11.8842635452747,19.8829588582208,14.7109186265484,5.81205554932902,20.1604852429752,9.89669459043536,18.888220466186,7.86190700998493,6.94492915870262,3.47000815917035,20.0836336876183,0,0
0,0,0,0,0,19.3496585573469,0,0,0,0,0,3.14163195870139,0,0,0,0,89.3628463745117,75.7408966064453,52.8774013519287,5.39164411415488,0,0,0,0,0,0,0,0,0,0,0,4.83166239287827,0,10.5117141447296,23.7930043339729,0,3.20204006087395,6.74307918966181,28.6609319051107,39.3742551388948,52.8687286376953,38.3221861923797,66.3176193237305,59.3151041666667,0,21.6429931894641,0,37.4073723577104,28.1651368141174,39.1301580029865,0,0,0,0,0,0,0,36.4413146972656,0,0,0,0,9.86932375561839,0,0,0,0,0,0,0,0,0,45.4233729044596,0,6.60897001053425,0,7.7684838701697,21.6291336732752,6.13591849608098,24.1782736778259,5.47829135507345,51.3540191650391,7.2021094679349,0,27.505394533646,54.0016021728516,0
0,0,0,0,32.5807666778564,0,0,0,0,0,5.36711834384277,0,0,0,0,0,0,0,0,0,6.09312991315064,0,0,0,0,0,0,0,0,0,0,0,6.06796957651774,19.6158386130082,4.85867208442768,3.20204006087395,0,24.7761383056641,6.6094503969744,0,4.67030959862929,0,32.8254776000977,0,0,0,15.2974813186516,30.0934268406459,30.031745062934,0,0,0,0,0,0,0,40.8771705627441,0,0,0,0,0,0,14.9474934044451,0,0,0,0,0,0,0,0,0,0,14.7277293205261,7.35017488984501,21.3399701227336,5.39703441361586,25.8626790223298,6.1387607210144,33.7118797302246,6.55817452441441,4.79003084753654,3.5789999961853,25.543789601326,0,0
0,0,0,0,0,0,0,0,0,6.02704787254333,0,3.91388020483332,0,0,0,0,0,0,0,14.8034990119934,0,5.51318168207086,0,3.86558565996975,0,0,0,4.61963640318976,0,3.1441190706359,0,0,0,6.42235042298506,21.2722043991089,6.74307918966181,24.7761383056641,0,14.8329502344131,0,0,6.80498560523987,0,0,0,20.4087665557861,0,8.76605762722336,33.0017738342285,6.27889649776104,0,0,0,0,0,5.61488944938384,0,4.70695552561018,0,0,0,0,15.0124137673602,0,6.03323923436464,0,5.30673693489505,0,0,0,5.17319939883201,0,3.3920049637924,0,0,0,6.69139783576345,21.2565131187439,9.16109644970505,0,6.05881769823618,31.0048656463623,4.91059635561139,3.58256202273899,4.6022388714505,0,0
19.7360992431641,0,0,0,0,0,0,0,5.76360704531782,0,4.13558200738276,0,0,0,0,0,0,0,0,0,15.6109539270401,0,5.86370271865479,0,3.4922124289331,0,0,0,3.05154562879492,0,3.42906867712736,0,0,22.3866869608561,4.03201794343836,28.6609319051107,6.6094503969744,14.8329502344131,0,0,0,0,5.02910608430452,0,0,0,13.5745105743408,6.05541228339786,7.40192881652287,0,0,0,0,0,7.16170661870171,0,11.5025781059265,0,0,0,0,0,0,16.5067210197449,0,5.50702172568597,0,3.71732559451809,0,0,0,6.55243148803711,0,5.2755858235889,0,39.3970146179199,23.6880429840088,12.4072338609553,30.4363327026367,11.2978494116272,16.1170637607574,5.98137704990985,4.82830242992293,2.95419859886169,5.29046605523341,0,0
0,0,0,43.2919940948486,0,44.4574824501486,0,0,72.9083035786947,50.3207626342773,0,50.3139343261719,0,0,0,101.681976318359,69.7264573640912,68.7654357040138,55.4834701359427,0,0,0,0,0,74.1713485717773,0,0,0,0,0,0,29.0463752746582,0,38.904477818807,0,39.3742551388948,0,0,0,0,67.4063925743103,24.6589825678758,52.179330778122,29.3080625750802,41.7085312737359,23.7280103155869,68.1940852403641,30.6745140769265,63.2154930114746,20.2014636364476,0,30.7047576904297,0,0,0,80.192008972168,0,51.2029614882036,0,0,0,0,19.5628700686115,75.9596900939941,0,0,0,74.0990982055664,0,0,0,0,53.6529144287109,80.8627166748047,0,0,0,0,25.9485099379018,73.4329663494177,32.9523675381567,69.4014698573521,32.7263144498775,47.0468762715658,24.5149031299691,42.1477032797677,56.4197928484748
0,0,57.8626899719238,0,31.7613038221995,66.3037872314453,0,0,63.0671552022298,135.207733154297,0,0,0,0,0,0,57.4220866854229,68.0503544277615,49.4460847371281,0,29.0678190329136,0,0,0,0,0,0,0,0,0,62.8850059509277,0,0,0,17.6374238052884,52.8687286376953,4.67030959862929,0,0,67.4063925743103,0,50.4697399139404,21.4686605287226,39.4711268742879,32.8999172293622,49.8982022775186,14.0803541043071,19.4960378958962,11.3884380061712,0,0,0,0,0,0,0,38.8176796954611,0,0,0,0,0,64.1837158203125,20.7633470736052,0,0,0,0,0,0,0,0,77.9552764892578,43.5494820967965,0,12.3042559623718,0,17.7648915493582,82.2853148533748,20.7091271176251,95.4169483184814,31.1122440906918,32.1497899469677,0,20.5726133381048,49.9134483337402,22.6522322937294
0,8.22437795003255,0,26.5436897641137,0,47.3582182384673,0,0,79.145654296875,8.19907990017453,0,46.1241283416748,0,0,0,106.83528137207,57.397378094225,53.2532010866901,37.0592707373403,0,0,0,0,0,0,42.2241039276123,0,0,0,0,0,0,0,37.046407699585,0,38.3221861923797,0,6.80498560523987,0,24.6589825678758,50.4697399139404,0,34.8806405089936,19.4677541262483,30.5499490102132,26.5011149954541,62.5482069015503,21.1101140616269,51.2441442353385,18.4619475089428,0,0,0,0,0,43.5216064453125,0,15.5948051873986,0,0,0,0,21.8429988619624,0,0,0,0,41.4323921203613,0,0,0,0,16.4262771006708,46.916033744812,0,0,0,0,33.2894155619787,66.8457339091968,24.156709040187,58.3110741646059,16.3951911941067,29.9738273620605,13.7599901935692,12.501462272596,38.6901531219482
17.155114279853,0,27.8042402962844,0,42.4644594926101,54.7923240661621,0,0,8.43692822069735,81.4278030395508,15.7663850784302,0,0,0,0,83.3269729614258,49.3606007718894,61.9830443323875,40.1985445113725,0,18.9074422762944,0,0,0,0,67.220588684082,49.9097728729248,0,0,0,21.0340189933777,0,0,37.9986726760864,23.0600136915843,66.3176193237305,32.8254776000977,0,5.02910608430452,52.179330778122,21.4686605287226,34.8806405089936,0,30.92937402947,24.8382590437211,41.2602322033473,22.6626997213557,15.5169053409363,13.494901982169,58.7772185381721,0,0,0,0,23.5437342325846,0,15.6563370909872,38.8962097167969,0,0,72.4113388061523,0,65.9769278208415,18.5162546713978,0,0,69.5231170654297,0,0,0,0,0,79.1152064005534,21.1580730930803,0,0,40.3783655166626,23.0208829749714,67.5621770294019,30.00346126789,60.6719007492065,26.9984545274769,12.7612864991292,81.8718872070312,14.0820618099031,50.3283294677734,9.58279540356047
0,0,0,0,0,0,0,0,0,0,0,0,0,0,0,0,54.8406191507975,106.599319458008,19.9717714805603,0,0,0,0,0,0,0,0,0,0,0,0,0,0,0,0,59.3151041666667,0,0,0,29.3080625750802,39.4711268742879,19.4677541262483,30.92937402947,0,12.2699312633938,9.49025319186786,16.2766865094503,36.637539545695,39.9394721984863,36.1511483945345,0,0,0,0,0,0,0,35.9603691101074,0,0,0,0,32.999078816381,0,0,0,0,0,0,0,0,0,48.6025438308716,55.5863170623779,0,0,0,40.0988502502441,38.4471331015933,48.1717828603891,35.1174471320176,47.3181512451172,27.0135014057159,0,23.5950646102428,36.38216648783,38.949444770813
0,0,0,0,0,0,0,0,0,0,0,0,0,0,0,0,52.0126289020885,49.4107678731283,15.1860049712031,0,0,0,0,0,0,0,0,0,0,0,0,0,0,0,36.8888168334961,0,0,0,0,41.7085312737359,32.8999172293622,30.5499490102132,24.8382590437211,12.2699312633938,0,25.076678276062,7.96663022041321,30.7990481636741,36.0741095542908,0,0,0,0,0,0,0,0,0,0,0,0,0,63.8953151702881,0,0,0,0,0,0,0,0,0,0,34.9869976043701,0,0,0,32.0801467895508,63.1308473859514,37.7211931121181,55.2895408630371,39.1014364476789,29.7502853870392,0,21.1769569585989,0,27.922359890408
0,0,0,12.1374618548044,0,18.4293468710775,0,0,54.4397315979004,79.4508845011393,0,25.6041736602783,0,0,0,0,60.4458655481753,61.5849593211029,45.9270218610764,13.8673188961469,0,72.7698211669922,0,0,0,0,0,0,0,0,0,36.181206657773,0,39.5006404856255,47.870626449585,21.6429931894641,0,20.4087665557861,0,23.7280103155869,49.8982022775186,26.5011149954541,41.2602322033473,9.49025319186786,25.076678276062,0,33.9459780817446,36.1796104886639,43.2461968104045,32.4777600470884,0,20.1803932189941,0,0,0,0,0,16.5419018144061,0,0,107.512214660645,0,12.1171831614003,48.6739921569824,0,0,0,0,0,0,0,0,22.069977996469,88.9092788696289,0,0,0,52.3369121551514,26.2225142526379,58.520317209178,28.7825139508961,55.468500526206,27.52671879141,13.435488986969,13.8556490661413,31.1937079620361,46.1190444401332
0,0,12.1334477790607,0,20.4441812923274,0,0,0,51.948549747467,0,14.8380231296315,0,0,0,0,0,57.8265977859497,66.9929379054478,45.1136499656821,0,14.9626388947169,0,0,0,0,0,0,0,0,0,24.4673106010924,0,0,0,39.3409664847634,0,15.2974813186516,0,13.5745105743408,68.1940852403641,14.0803541043071,62.5482069015503,22.6626997213557,16.2766865094503,7.96663022041321,33.9459780817446,0,36.2246104839236,30.1870324439473,37.2673503160477,0,0,0,0,0,0,19.1209961347716,0,0,0,0,0,85.3237571716309,12.5879138907062,0,0,0,0,0,0,0,0,63.8393630981445,24.5117645222298,0,0,0,39.5346992847531,75.9333127339681,25.3001261694012,65.5914655412946,26.3845303189029,24.009702113111,18.6491249084473,13.0052419667881,0,19.0805074941544
0,0,50.4617674085829,52.9735622406006,54.1825068155924,54.3004980778349,0,0,61.548885345459,0,0,0,0,0,0,0,66.9817161560059,67.273546854655,58.15071688758,0,52.6697578430176,21.9411602020264,0,0,0,0,0,0,0,0,65.3894678751628,4.39410117497811,3.93196930885315,6.49009879347624,5.94487844834097,37.4073723577104,30.0934268406459,8.76605762722336,6.05541228339786,30.6745140769265,19.4960378958962,21.1101140616269,15.5169053409363,36.637539545695,30.7990481636741,36.1796104886639,36.2246104839236,0,8.21747783479029,8.69518085113062,0,54.8010005950928,0,0,0,0,56.8407242114727,60.9090653657913,0,0,0,0,46.9488399045687,47.3982081311814,18.804162979126,0,0,0,0,0,18.6737257639567,0,67.6970594873968,63.6170742034912,4.98445768134539,3.92809384570402,7.28370496465685,7.53505995010926,16.276148552397,23.8127391496016,10.088579126287,10.145376688715,15.0715745479747,3.13803909041665,19.285662578038,32.8933881123861,35.5201901594798
5.58055463335872,0,10.0063326155886,0,41.937800652272,0,0,0,17.6146454309162,0,47.9091237386068,0,0,0,0,0,68.4088460136862,66.6168505350749,54.0947908042134,0,43.054970741272,0,8.86435794830322,0,4.95872640609741,0,0,0,0,0,54.060245513916,0,4.51376767158508,25.8620825205764,10.596561610346,28.1651368141174,30.031745062934,33.0017738342285,7.40192881652287,63.2154930114746,11.3884380061712,51.2441442353385,13.494901982169,39.9394721984863,36.0741095542908,43.2461968104045,30.1870324439473,8.21747783479029,0,4.11327094679711,0,0,0,0,0,0,44.0396708060002,0,0,0,0,0,37.560375213623,35.502729267601,0,5.67051850595782,0,5.29294533071847,0,4.69189569989189,0,5.1047576076683,0,52.9451714219718,0,6.64579246157692,29.917702454787,10.7753057234628,55.536215726067,29.1265346394211,51.8001302991595,19.4870024558307,16.1375283487027,42.95654296875,16.7486689776077,0,31.117355298996
0,7.26471882755474,0,8.86431672978202,45.9188785552979,45.7640922270625,0,0,102.284397125244,10.2417171972769,0,34.885799407959,0,0,0,0,77.1693572998047,76.6162417275565,58.2203130237127,0,0,6.70963604049345,0,5.40713444545672,0,0,0,7.00251400470734,0,0,0,9.09070368607839,0,13.1295145553606,25.982595716204,39.1301580029865,0,6.27889649776104,0,20.2014636364476,0,18.4619475089428,58.7772185381721,36.1511483945345,0,32.4777600470884,37.2673503160477,8.69518085113062,4.11327094679711,0,0,55.444149017334,0,0,0,12.0127497452956,51.579891204834,15.55933951101,0,3.61040618684557,0,4.34445983082501,35.3965828994225,39.5348561604818,9.49127867558728,0,7.67863852565825,0,0,0,5.66077708350825,0,45.100267950094,0,0,0,18.1390602111816,28.1241886138916,23.1890853425627,58.3791849382462,12.7264334632324,75.1270310538156,21.1966675181887,0,15.564692599807,27.6589679601716,42.6997680664062
0,0,0,0,3.22072552006419,0,3.39065587520599,0,0,0,0,0,0,0,0,0,0,0,0,0,0,0,0,0,0,0,0,0,0,0,0,0,0,0,0,0,0,0,0,0,0,0,0,0,0,0,0,0,0,0,0,0,4.10214549110782,0,0,0,5.51179678440094,0,3.17971652525443,0,2.73691099882126,0,0,0,0,0,0,0,0,0,0,0,0,0,0,0,0,0,0,0,0,0,0,0,0,0,0
0,10.1928678039432,0,6.27583541942002,0,4.28927688546233,0,0,0,13.4889702796936,0,2.7504551410675,0,3.11200934648514,0,3.42986226081848,0,0,82.5536956787109,0,0,0,0,0,0,0,0,0,0,0,0,0,0,0,0,0,0,0,0,30.7047576904297,0,0,0,0,0,20.1803932189941,0,54.8010005950928,0,55.444149017334,0,0,0,0,0,4.84827832171792,0,8.11757166862488,0,2.97739274501801,0,3.16435150478197,8.48086277643839,0,0,0,0,0,0,0,0,0,0,0,0,0,0,0,62.249439239502,0,0,0,5.86998530901395,0,9.27336524009705,0,0
0,0,0,0,5.50018882751465,0,3.1739548379042,0,0,0,0,0,0,0,0,0,0,0,0,0,0,0,0,0,0,0,0,0,0,0,0,0,0,0,0,0,0,0,0,0,0,0,0,0,0,0,0,0,0,0,4.10214549110782,0,0,0,0,0,0,0,0,0,0,0,0,0,0,0,0,0,0,0,0,0,0,0,0,0,0,0,0,0,0,0,0,0,0,0,0
0,0,0,0,0,0,0,4.25926988399946,0,0,0,3.16503887910109,0,0,0,0,0,0,0,0,0,0,0,0,0,0,0,0,0,0,0,0,0,0,0,0,0,0,0,0,0,0,0,0,0,0,0,0,0,0,0,0,0,0,0,0,0,3.40581388473511,0,2.91213746070862,0,0,0,0,0,0,0,0,0,0,0,0,0,0,0,0,0,0,0,0,0,0,4.9412544631958,0,0,0,0
8.9843713220486,0,14.4076910018921,0,10.5021749734879,0,0,0,8.061657657022,0,0,0,0,0,9.52763161292443,0,23.3714778423309,50.2497695799797,55.2209701538086,0,0,35.694408416748,0,0,4.98027480663137,60.5684089660645,8.35749240925437,0,0,0,0,0,0,0,0,0,0,0,7.16170661870171,0,0,0,23.5437342325846,0,0,0,0,0,0,0,0,0,0,0,0,57.7549743652344,4.0155987739563,0,4.1947246837616,0,4.58271543184916,0,0,0,0,0,0,5.79530362360405,0,23.1941165924072,0,0,0,0,0,0,0,0,0,0,0,5.73195229507074,15.7378796560085,0,10.6737168018635,0,0
0,6.70443014195471,0,5.96673876047134,0,6.13229742149512,0,0,66.4832611083984,5.87002541324285,0,0,0,0,0,5.14230675047094,47.4459171295166,21.3867159202451,27.8345203399658,0,0,44.5294647216797,0,4.75188374185896,42.407657623291,6.22167409412445,50.3868293762207,0,0,0,0,0,0,0,0,0,0,5.61488944938384,0,80.192008972168,0,43.5216064453125,0,0,0,0,0,0,0,12.0127497452956,0,4.84827832171792,0,0,57.7549743652344,0,0,0,0,0,0,0,66.508674621582,0,0,0,5.05628276008299,0,11.0966052214305,50.3691482543945,0,0,0,0,0,0,0,0,66.8230819702148,73.5190353393555,6.28424596223306,0,10.2099024796619,7.35636789982135,7.68706883192062,0,0
0,0,0,0,6.62375752835334,0,0,0,9.72272777557373,0,4.24373751294379,0,0,0,0,0,49.5671195983887,0,57.4733715057373,0,9.12464484373728,0,0,0,0,0,0,0,0,0,3.93910198391608,0,0,0,61.9166584014893,0,40.8771705627441,0,11.5025781059265,0,38.8176796954611,0,15.6563370909872,0,0,0,19.1209961347716,56.8407242114727,44.0396708060002,51.579891204834,5.51179678440094,0,0,0,4.0155987739563,0,0,0,5.92154536097068,0,0,0,0,13.8952511870375,0,0,0,0,0,0,0,7.69014802358847,0,6.10947527861947,0,0,0,61.3535289764404,83.4934425354004,45.1001355890642,0,18.7493327804234,23.1551851239698,0,8.79808876898598,0,15.4687361466257
0,0,0,3.74997886904964,0,4.63044500350952,0,6.86174032092094,64.8051605224609,0,0,7.79847183934579,0,3.19102358818054,0,0,58.1719741821289,116.571834564209,61.0820314233953,5.14982944897243,0,0,0,0,0,0,0,0,0,6.03418927192688,0,57.4526901245117,0,65.8796884873334,0,36.4413146972656,0,4.70695552561018,0,51.2029614882036,0,15.5948051873986,38.8962097167969,35.9603691101074,0,16.5419018144061,0,60.9090653657913,0,15.55933951101,0,8.11757166862488,0,3.40581388473511,0,0,0,0,0,5.72195085458718,0,7.59544058715772,10.0814484449946,0,0,0,0,0,0,0,5.00965042142143,0,5.73288181726191,0,0,0,0,0,64.3720427293044,86.9826965332031,7.49299115753738,84.5268630981445,37.458804361748,0,8.87210165039103,14.0680037033864,65.0213317871094
0,0,0,0,4.14661524606788,0,0,0,7.12262709935506,0,0,0,0,0,3.14877345011784,0,0,0,0,0,0,0,0,0,0,0,0,0,0,0,0,0,0,0,0,0,0,0,0,0,0,0,0,0,0,0,0,0,0,0,3.17971652525443,0,0,0,4.1947246837616,0,5.92154536097068,0,0,0,4.01712989807129,0,0,0,0,0,0,0,0,0,0,3.18948925336202,0,0,0,0,0,0,0,0,0,0,0,0,0,0,0
0,0,0,3.8397902696029,0,3.62569959958394,0,3.24523369471232,0,0,0,0,0,3.09935537406376,0,3.23016602993011,0,0,0,0,0,0,0,0,0,0,0,3.26497435569763,0,0,0,0,0,0,0,0,0,0,0,0,0,0,0,0,0,0,0,0,0,3.61040618684557,0,2.97739274501801,0,2.91213746070862,0,0,0,5.72195085458718,0,0,0,3.49680435506603,0,0,0,0,0,0,3.59002065658569,0,4.17952674243583,0,0,0,0,0,0,0,0,0,0,0,0,0,6.74127456120082,0,0
0,0,0,0,0,0,0,0,21.5133341550827,0,0,0,2.73826730251312,0,4.00733952582637,76.7416915893555,17.976479860123,53.3541634601095,68.3076829910278,0,0,0,0,0,46.349702835083,0,8.96628985015713,0,0,0,0,0,0,0,0,0,0,0,0,0,0,0,72.4113388061523,0,0,107.512214660645,0,0,0,0,2.73691099882126,0,0,0,4.58271543184916,0,0,0,4.01712989807129,0,0,0,0,0,0,0,0,26.9977016448975,0,18.2860628763835,0,0,0,0,0,0,0,0,0,0,0,0,50.3345489501953,0,0,0,0
0,3.24732013796106,0,5.06928736795255,0,6.10492345002981,0,0,0,3.46692152126976,0,0,0,3.42772150039673,0,3.42616232378142,0,24.0258014202118,0,0,0,0,0,0,0,0,0,0,0,0,0,0,0,0,0,0,0,0,0,0,0,0,0,0,0,0,0,0,0,4.34445983082501,0,3.16435150478197,0,0,0,0,0,7.59544058715772,0,3.49680435506603,0,0,0,0,0,0,0,0,0,0,0,0,0,0,0,0,0,0,0,0,0,0,7.26795996705147,0,0,0,0
0,0,0,15.7805299758911,0,8.33509561134751,0,0,96.3627624511719,68.78271484375,0,4.1352085091851,0,0,0,0,72.3580361343012,67.4985697819636,65.1662879272811,6.06364169676401,0,0,0,0,99.4100799560547,0,0,0,0,0,0,45.1120071411133,0,50.5864661721622,0,9.86932375561839,0,15.0124137673602,0,19.5628700686115,64.1837158203125,21.8429988619624,65.9769278208415,32.999078816381,63.8953151702881,12.1171831614003,85.3237571716309,46.9488399045687,37.560375213623,35.3965828994225,0,8.48086277643839,0,0,0,66.508674621582,0,10.0814484449946,0,0,0,0,0,0,0,0,0,0,0,0,0,0,16.0828820203966,0,0,0,0,0,13.7175515183115,96.6908597946167,15.5116502267861,83.0527776082357,22.7869917017718,8.01353087918512,12.4617229938507,28.6734439397262,62.9135386149089
0,0,0,0,12.1243597980544,0,0,0,0,0,9.0244667381594,0,0,0,0,0,68.30615234375,87.596965154012,58.1206079739243,0,6.73146001692865,0,0,0,0,0,0,0,0,0,17.5095344649421,0,0,0,49.3363083733453,0,14.9474934044451,0,16.5067210197449,75.9596900939941,20.7633470736052,0,18.5162546713978,0,0,48.6739921569824,12.5879138907062,47.3982081311814,35.502729267601,39.5348561604818,0,0,0,0,0,0,13.8952511870375,0,0,0,0,0,0,0,0,0,0,0,0,0,0,0,0,16.9251691983852,0,0,0,55.5975956916809,96.077091217041,25.2760205690053,0,19.9306358423796,12.1064059741042,9.80560507493861,11.3497281705153,0,15.2296523871245
0,0,0,0,0,0,0,0,35.935359954834,21.7924728393555,0,0,0,0,0,34.4912557601929,37.9672676086426,8.68799887126005,27.2879760742188,0,0,4.42583727312518,0,4.87993090421822,19.8260307312012,8.13289828733964,0,0,0,0,0,0,0,18.3833322525024,0,0,0,6.03323923436464,0,0,0,0,0,0,0,0,0,18.804162979126,0,9.49127867558728,0,0,0,0,0,0,0,0,0,0,0,0,0,0,0,0,5.21035537004471,0,6.35337074309822,0,8.50517162409696,0,0,0,0,0,0,0,0,0,7.99939592013944,0,5.09708270674086,0,13.5602343082428,0,0
0,0,0,0,0,0,0,0,0,0,0,0,0,0,0,0,0,0,0,0,0,3.54294129518362,4.22496303938521,0,3.91168241841452,0,0,0,9.29554176330566,0,0,0,0,0,0,0,0,0,5.50702172568597,0,0,0,0,0,0,0,0,0,5.67051850595782,0,0,0,0,0,0,0,0,0,0,0,0,0,0,0,0,0,0,5.59781980214457,0,5.4922964270522,0,5.493314281106,0,0,0,0,0,0,0,0,0,7.58058080664595,3.71660054975481,0,0,0,0
0,15.7041859259972,0,0,0,0,0,0,38.7334007263184,8.43484041874225,0,0,0,0,0,0,36.5936410210349,22.0026818773021,57.8322467803955,0,0,5.48486869151776,0,4.00438097903603,57.2365493774414,4.67077445048912,0,0,0,0,0,0,0,0,0,0,0,5.30673693489505,0,0,0,0,69.5231170654297,0,0,0,0,0,0,7.67863852565825,0,0,0,0,0,5.05628276008299,0,0,0,0,0,0,0,0,5.21035537004471,0,0,0,5.2049337496523,0,6.68977697078998,0,0,0,0,0,0,0,0,0,5.79252622621815,0,15.1610098347735,0,8.34712517839171,0,0
14.5043166478475,0,0,0,0,0,0,0,8.05019389508201,0,0,0,0,0,25.5342063903809,0,26.679251835264,48.4824536187308,24.0189097268241,0,0,0,4.35525706539983,0,3.73839152191259,0,3.98342707712356,0,0,0,0,0,0,0,0,0,0,0,3.71732559451809,74.0990982055664,0,41.4323921203613,0,0,0,0,0,0,5.29294533071847,0,0,0,0,0,5.79530362360405,0,0,0,0,0,26.9977016448975,0,0,0,0,5.59781980214457,0,0,0,5.57524166448283,0,6.1928653454435,0,0,0,0,0,0,0,89.4428596496582,0,3.44991666485804,17.8618372904288,0,4.28717757371756,0,0
0,0,0,0,0,0,0,0,59.5527687072754,20.0631157352078,0,0,0,0,0,55.4916648864746,48.0875749086079,28.5896006975418,35.7779747009277,0,0,5.4292801276292,0,4.79585549525726,36.5777905782064,3.02947238358584,0,0,0,0,0,0,0,0,0,0,0,0,0,0,0,0,0,0,0,0,0,0,0,0,0,0,0,0,0,11.0966052214305,0,0,0,3.59002065658569,0,0,0,0,6.35337074309822,0,5.2049337496523,0,0,0,5.05553617817301,0,0,0,0,0,0,0,0,0,0,0,30.720866171519,0,0,0,0
0,0,0,0,0,0,0,0,21.659147977829,55.6996472676595,0,0,0,0,14.6176238059998,59.2077941894531,11.6655966169345,42.8893458956764,52.2824802398682,0,0,0,8.03433259328206,0,3.95158408014907,0,4.24894738647173,0,0,0,0,0,0,0,0,0,0,0,0,0,0,0,0,0,0,0,0,0,4.69189569989189,0,0,0,0,0,23.1941165924072,50.3691482543945,0,0,0,0,18.2860628763835,0,0,0,0,5.4922964270522,0,5.57524166448283,0,0,0,4.33052199119475,0,0,0,0,0,0,98.1303482055664,0,0,0,28.8310845375061,63.2756614685059,0,0,0
0,0,0,0,0,0,0,0,0,0,0,0,0,0,0,0,0,0,0,0,0,3.58851861953735,0,3.99046577347649,0,0,0,4.41203683055334,0,2.95395915135325,0,0,0,22.2632497151693,0,0,0,5.17319939883201,0,0,0,0,0,0,0,0,0,18.6737257639567,0,5.66077708350825,0,0,0,0,0,0,0,5.00965042142143,0,4.17952674243583,0,0,0,0,8.50517162409696,0,6.68977697078998,0,5.05553617817301,0,0,0,3.83207464877085,0,0,0,0,0,0,0,7.36696049384613,0,0,0,4.95736145973206,0,0
0,0,0,0,0,0,0,0,0,0,0,0,0,0,0,0,0,0,0,0,0,0,5.3531929898262,0,0,0,0,0,3.80104751828351,0,0,0,0,0,0,0,0,0,6.55243148803711,0,0,0,0,0,0,0,0,0,5.1047576076683,0,0,0,0,0,0,0,7.69014802358847,0,3.18948925336202,0,0,0,0,0,0,5.493314281106,0,6.1928653454435,0,4.33052199119475,0,0,0,4.46680877758906,0,0,0,0,0,0,0,6.10416789553059,0,0,0,0,0
0,0,0,0,0,0,0,0,0,0,0,9.82881577173869,0,0,0,0,69.980110168457,78.0074672698975,68.8604032935166,13.1577550687288,0,0,0,0,0,0,0,0,0,3.41839516593749,0,65.6684799194336,0,70.2249033791678,0,45.4233729044596,0,3.3920049637924,0,53.6529144287109,77.9552764892578,16.4262771006708,79.1152064005534,48.6025438308716,0,22.069977996469,63.8393630981445,67.6970594873968,0,45.100267950094,0,0,0,0,0,0,0,5.73288181726191,0,0,0,0,16.0828820203966,0,0,0,0,0,0,0,3.83207464877085,0,0,0,0,0,0,0,53.0772737406068,88.5479117499457,6.55934824448466,80.1178258260091,61.8601753629487,0,19.5737817557717,17.5903525133745,0
0,0,0,0,0,0,0,0,0,0,5.75625958707598,0,0,0,0,0,71.5819931030273,0,60.683466553688,0,11.5615562232765,0,0,0,0,0,0,0,0,0,3.48925373472016,0,0,0,68.4645589192708,0,0,0,5.2755858235889,80.8627166748047,43.5494820967965,46.916033744812,21.1580730930803,55.5863170623779,34.9869976043701,88.9092788696289,24.5117645222298,63.6170742034912,52.9451714219718,0,0,0,0,0,0,0,6.10947527861947,0,0,0,0,0,0,16.9251691983852,0,0,0,0,0,0,0,4.46680877758906,0,0,0,0,0,68.7984441121419,101.393999099731,51.3996369096099,0,6.51936695730413,60.3380310058594,0,11.2982632487466,0,18.9830575266843
0,0,0,0,0,0,0,0,0,0,0,0,0,0,0,0,0,0,0,0,0,0,0,0,0,0,0,0,0,0,0,6.03655430041662,7.98729780234026,3.58699517865335,11.8842635452747,6.60897001053425,14.7277293205261,0,0,0,0,0,0,0,0,0,0,4.98445768134539,0,0,0,0,0,0,0,0,0,0,0,0,0,0,0,0,0,0,0,0,0,0,0,0,0,0,0,11.3853281282243,20.0147709732547,12.8735450414511,6.50579242060294,16.726759147644,29.0894501383712,0,5.74187915102183,0,0,0,0
