0,0,0.163490915614547,0,0,0,0,0,0.15907549147851,0,0,0,0,0,0,0,0.283633642537253,0,0.358564670596804,0,0,0,0,0,0,0,0,0,0,0,0,0,0,0,0,0,0,0,0,0,0,0,0.41289425114306,0,0.30035288631916,0,0.315810173749924,0,0.235569515547087,0,0,0,0,0,0.178999790828675,0,0.34468210571342,0,0,0,0.163903885537928,0,0,0.432216458022594,0,0,0,0,0,0,0,0,0,0.35798741132021,0,0,0,0,0,0.46020253499349,0,0.334942698478699,0.256284574210394,0.365211918950081,0.291847292114707,0,0
0,0,0,0.141397342215414,0,0,0,0,0,0.184900317454772,0,0,0,0,0,0,0.286308944225311,0,0.279506471185457,0,0,0,0,0,0,0,0,0,0,0,0,0,0,0,0,0,0,0,0,0,0,0.276357603248428,0,0,0,0,0,0,0,0.171180805375984,0,0.198589913547039,0,0,0,0.23148755156624,0,0.312894688919187,0,0,0,0.225306378534207,0,0,0,0,0,0,0,0,0,0,0,0,0,0,0,0,0.464119106531143,0,0,0,0.190660998542258,0,0.215162577250017,0.197708276601938,0
0.163490915614547,0,0,0,0.169622671604157,0,0,0,0.183736183991035,0,0,0,0,0,0,0,0,0,0,0,0,0,0,0,0,0,0,0,0,0,0,0,0,0,0,0,0,0,0,0,0,0,0.243003511097696,0,0,0,0,0,0.258133679628372,0,0.198877171094992,0,0,0,0.181836248165177,0,0.227711520450456,0,0,0,0,0,0,0.253104835748672,0,0,0,0,0,0,0,0,0,0.278772732615471,0,0,0,0,0,0,0,0.311001718044281,0.14318172078241,0,0.219081528359391,0,0.210440749923388
0,0.141397342215414,0,0,0,0.180961315958565,0,0,0,0.167380580678582,0,0,0,0,0,0,0,0,0.243113458156586,0.209599030288783,0,0,0,0,0,0,0,0,0,0,0,0,0,0,0,0.206101583829824,0,0,0,0.254464238882065,0,0.277508081989077,0,0,0,0.207478545606136,0,0,0,0.143426049694505,0,0.195642835831129,0,0,0,0.183475125829379,0,0.249483196506488,0,0,0,0,0.210428565740585,0,0,0,0,0,0,0,0,0,0.291667980903929,0,0,0,0,0,0.269045716394549,0,0.259736359119415,0,0.164097729295292,0,0.236779753643253,0.234920564107597,0
0,0,0.169622671604157,0,0,0,0,0,0,0,0,0,0,0,0,0,0,0,0,0,0.176575613734515,0,0,0,0,0,0,0,0,0,0,0,0,0,0,0,0.184838021794955,0,0,0,0,0,0,0,0,0,0,0,0,0,0.169838738437046,0,0.172244510971583,0,0,0,0.19888634258701,0,0,0,0,0,0,0.18343055082692,0,0,0,0,0,0,0,0,0,0,0,0,0,0,0,0.161027323454618,0,0,0.153766711090886,0,0.164395319704477,0,0
0,0,0,0.180961315958565,0,0,0,0.158965463248583,0,0.186912477016449,0,0.223351249737399,0,0,0,0,0,0,0,0.180944237325873,0,0,0,0,0,0,0,0,0,0,0,0,0,0,0,0.222051777056794,0,0,0,0,0,0.278112530708313,0,0,0,0,0,0,0,0.209720268845558,0,0.237176498761961,0,0,0,0,0,0.21066409775189,0,0.221168749034405,0,0.214455991983414,0.204148843884468,0,0,0,0,0,0,0,0,0,0,0,0,0,0,0,0.20227345575889,0,0,0,0.176434577389318,0,0.185082853424783,0,0
0,0,0,0,0,0,0,0,0,0,0,0,0.128846180593145,0,0,0,0,0,0,0,0,0,0,0,0,0,0,0,0,0,0,0,0,0,0,0,0,0,0,0,0,0,0,0,0,0,0,0,0,0,0,0,0.13419234752655,0,0,0,0,0,0.127883171476424,0,0,0,0,0,0,0,0,0,0,0,0,0,0,0,0,0,0,0,0,0,0,0,0.183705031871796,0,0,0,0
0,0,0,0,0,0.158965463248583,0,0,0,0,0,0.211541593293933,0,0,0,0,0,0,0,0.137692146003246,0,0,0,0,0,0,0,0,0,0,0,0,0,0,0,0.119485372304916,0,0,0,0,0,0,0,0,0,0,0,0,0,0,0,0,0,0.178097331727093,0,0,0,0.198175250824782,0,0,0,0,0.19873072206974,0,0,0,0,0,0,0,0,0,0,0,0,0,0,0,0.118476137518883,0,0,0,0.17825550736883,0,0,0,0
0.15907549147851,0,0.183736183991035,0,0,0,0,0,0,0,0,0,0,0,0.169418055225502,0,0.156069969444462,0,0.30998193025589,0,0,0,0,0,0.193025204539299,0,0.160733185708523,0,0,0,0,0,0,0,0,0,0,0,0.181888620058695,0,0,0,0.231544180977635,0,0.293849796056747,0,0.310520321130753,0,0.227303452216662,0,0.180180445313454,0,0,0,0.227147834001092,0,0.307004803791642,0,0,0,0.188754609498111,0,0,0,0,0,0,0.17528960108757,0,0.1560997234574,0,0,0,0,0,0,0,0,0,0,0,0.214482580622037,0.228784776256456,0.321775178909302,0.22614739778069,0,0.236906252801418
0,0.184900317454772,0,0.167380580678582,0,0.186912477016449,0,0,0,0,0,0,0,0,0,0.159520763282975,0,0.165980095816197,0.223780184984207,0,0,0,0,0.18459615111351,0,0,0,0,0,0,0,0,0,0,0,0,0,0.169515630664603,0,0,0,0.238475976941677,0,0,0,0,0,0,0,0.16394255830817,0,0.179867673827254,0,0,0,0.21591170299452,0,0.236080393195152,0,0,0,0.256192220374942,0,0,0,0,0.214407101273537,0,0,0,0,0,0,0,0,0,0.236162900924683,0,0,0,0.203563967416453,0,0.164526481967266,0.184416469761996,0.183512143017548,0.223608553409576,0
0,0,0,0,0,0,0,0,0,0,0,0,0.127862633516391,0,0,0,0,0,0,0,0.134742619842291,0,0,0,0,0,0,0,0,0,0.124017374590039,0,0,0,0,0,0.167221373090377,0,0.146180090872017,0,0,0,0,0,0,0,0,0,0,0,0,0,0,0,0,0,0.189733979525725,0,0.121823325753212,0,0,0,0,0,0,0,0,0,0,0,0,0,0,0.146358399925863,0,0,0,0,0,0.1461231559515,0,0.125801917165518,0.149572397424625,0,0,0,0
0,0,0,0,0,0.223351249737399,0,0.211541593293933,0,0,0,0,0,0.143909330509843,0,0,0,0,0,0.119308274465077,0,0,0,0,0,0,0,0,0,0.136110870167613,0,0,0,0,0,0.142432029048602,0,0.127648875296526,0,0,0,0,0,0,0,0,0,0,0,0,0,0.222085600097974,0,0.214536772223941,0,0,0,0.193145453247679,0,0,0,0,0.144949435502633,0,0,0,0,0,0,0,0,0,0,0,0,0,0,0,0.145600064264403,0,0.122473881644483,0,0.127010347781243,0,0.215095479041338,0,0
0,0,0,0,0,0,0.128846180593145,0,0,0,0.127862633516391,0,0,0,0,0,0,0,0,0,0,0,0,0,0,0,0,0,0,0,0,0,0,0,0,0,0,0,0,0,0,0,0,0,0,0,0,0,0,0,0,0,0,0,0,0,0.167128950357437,0,0.20240197579066,0,0,0,0,0,0,0,0,0,0,0,0,0,0,0,0,0,0,0,0,0,0,0,0.138876795768738,0,0,0,0
0,0,0,0,0,0,0,0,0,0,0,0.143909330509843,0,0,0,0,0,0.127341425667206,0,0,0,0,0,0,0,0.117792718112469,0,0.118880639374256,0,0,0,0,0,0,0,0,0,0,0,0,0,0,0,0,0,0,0,0,0,0,0,0,0,0,0,0,0,0.148350463747712,0,0.147691037505865,0,0,0,0,0,0,0,0,0,0,0,0,0,0,0,0,0,0,0,0,0,0,0.133440381320922,0,0,0,0
0,0,0,0,0,0,0,0,0.169418055225502,0,0,0,0,0,0,0,0.0867320746183395,0,0,0,0,0,0,0,0.162627309560776,0,0.166653126478195,0,0,0,0,0,0,0,0,0,0,0,0,0,0,0,0,0,0,0,0,0,0,0,0,0,0,0,0.173970388514655,0,0,0,0,0,0.13686691224575,0,0,0,0,0,0,0,0,0.144739562929687,0,0,0,0,0,0,0,0,0,0,0,0,0.138659499585629,0,0,0,0
0,0,0,0,0,0,0,0,0,0.159520763282975,0,0,0,0,0,0,0.118990952769915,0.124504786684997,0,0,0,0,0,0,0,0.114035148830975,0,0,0,0,0,0,0,0,0,0,0,0,0,0,0,0,0,0,0,0,0,0,0,0,0,0.184753367846662,0,0,0,0.209998377040029,0,0,0,0,0,0.164276227355003,0,0,0,0,0,0,0,0,0,0,0,0,0,0,0,0,0,0,0,0,0.161587658584118,0.214733030526869,0,0,0
0.283633642537253,0.286308944225311,0,0,0,0,0,0,0.156069969444462,0,0,0,0,0,0.0867320746183395,0.118990952769915,0,0.146418979586875,0.303469231761304,0,0.330935642123222,0.112176395952702,0,0,0,0,0.135761091278659,0,0,0,0,0,0,0,0,0,0.313437861204147,0,0,0.327383182618929,0.303157669305801,0.289701646476081,0.261034772025816,0.282089424845965,0.311139491777266,0.294951066098831,0.309324891242401,0,0.329036608338356,0.283542990684509,0,0,0,0,0,0,0.360102312432395,0.354498893022537,0,0,0,0,0,0.385618974604914,0,0,0,0,0,0,0,0,0.2808013210694,0.389755258689056,0,0,0,0,0.355370416112666,0.383450393657108,0,0,0.199440922542119,0.160674385726452,0.383228068145422,0.23233814643962,0.241523881385356
0,0,0,0,0,0,0,0,0,0.165980095816197,0,0,0,0.127341425667206,0,0.124504786684997,0.146418979586875,0,0.261323470327053,0,0,0.121337202092012,0,0.16650365665555,0,0.138232884671487,0,0.149299278855324,0,0,0,0,0,0,0,0,0.271992653608322,0,0,0.276799173039549,0.243923619389534,0.273134098890935,0.237323645502329,0.274702487696035,0.25223142405351,0.284695689818438,0.268306823913008,0,0,0,0,0,0,0,0,0,0,0.316064238548279,0,0,0,0.133454280665943,0.308613294363022,0.26158347427845,0,0,0,0,0.139043181602444,0,0,0,0.343883018940687,0,0,0,0,0,0.345736820782934,0.328368067741394,0,0,0.175861254625862,0.128718408553497,0.317269659873308,0.269833670365505,0.236839786171913
0.358564670596804,0.279506471185457,0,0.243113458156586,0,0,0,0,0.30998193025589,0.223780184984207,0,0,0,0,0,0,0.303469231761304,0.261323470327053,0,0,0.361049681901932,0,0,0,0,0,0,0,0,0,0,0,0,0,0,0.383024381739753,0.351238486441699,0,0.285706251859665,0.344526168499623,0.358357411893931,0.278054965576401,0.238833177470114,0.297505497871405,0.290061650997969,0.30598378585502,0.317583533002702,0,0.250349551439285,0.264476387947798,0,0,0,0,0,0,0.311300009256229,0.350739529074141,0,0,0,0,0.309079319641397,0.354645679827475,0,0,0,0,0,0,0,0,0.368964107342102,0.356151709431096,0,0,0,0,0.394956312390633,0.395938274608317,0.352711396084891,0.359432961791754,0.279163108222674,0.267253816127777,0.389494487719642,0.227187275848131,0.219738702009107
0,0,0,0.209599030288783,0,0.180944237325873,0,0.137692146003246,0,0,0,0.119308274465077,0,0,0,0,0,0,0,0,0,0,0,0,0,0,0,0,0,0,0,0,0,0,0,0.154885657254709,0,0.140912884999006,0,0,0,0,0,0,0,0,0,0,0,0,0,0.191669926047325,0,0,0,0,0,0.117302507162094,0,0,0,0,0.152992873029275,0,0,0,0,0,0,0,0,0,0,0,0,0,0,0,0.135996075692,0,0.132208355125927,0,0.160975326960151,0,0.200195530549102,0,0
0,0,0,0,0.176575613734515,0,0,0,0,0,0.134742619842291,0,0,0,0,0,0.330935642123222,0,0.361049681901932,0,0,0,0,0,0,0,0,0,0,0,0,0,0,0,0,0,0.179136025482102,0,0.151617843596662,0,0,0,0,0,0,0,0.313776903682285,0,0,0,0.18426394781896,0,0,0,0,0,0.142921594261432,0,0,0,0,0,0,0.229813352202573,0,0,0,0,0,0,0,0,0,0,0,0,0,0,0,0.22449425413838,0,0.21699322681678,0.193287997538673,0.255067348480225,0.202134058546664,0,0
0,0,0,0,0,0,0,0,0,0,0,0,0,0,0,0,0.112176395952702,0.121337202092012,0,0,0,0,0.1073098346591,0.172374267856796,0,0.17097840142762,0,0.14096352296031,0,0,0,0,0,0,0,0,0,0.224950438906108,0,0,0,0,0,0,0,0,0,0.400198732731772,0,0.250538964684193,0,0,0,0,0,0,0,0,0,0,0,0,0,0,0.210768084218897,0.135256015828678,0.214593942372166,0,0.148098796802132,0,0.252233491412231,0,0.295064238381797,0,0,0,0,0,0,0,0.301410196606158,0,0.13996854475204,0.140072358962224,0,0,0
0,0,0,0,0,0,0,0,0,0,0,0,0,0,0,0,0,0,0,0,0,0.1073098346591,0,0,0.228937134408114,0,0.182292446494102,0,0.156719509512186,0,0,0,0,0,0,0,0,0,0.200840627473913,0,0,0,0,0,0,0,0,0,0.295663259959451,0,0,0,0,0,0,0,0,0,0,0,0,0,0,0,0.0885455682873726,0.222106439288269,0,0.237342912009207,0,0.255936851950504,0,0.292725655526644,0,0.346215819319089,0,0,0,0,0,0,0,0.289585598875299,0.148871260198728,0.139273170381784,0.384911566972733,0,0
0,0,0,0,0,0,0,0,0,0.18459615111351,0,0,0,0,0,0,0,0.16650365665555,0,0,0,0.172374267856796,0,0,0,0.121860558539629,0,0,0,0,0,0,0,0,0,0,0,0.135123303187066,0,0,0,0.277235895395279,0,0,0,0,0,0,0,0.178894966344039,0,0,0,0,0,0.180549830198288,0,0,0,0,0,0,0,0,0.182799611014227,0,0.189293679768599,0,0,0,0,0,0,0,0,0,0,0,0,0,0.190065836977391,0,0.183740083347349,0,0.195104313495497,0,0
0,0,0,0,0,0,0,0,0.193025204539299,0,0,0,0,0,0.162627309560776,0,0,0,0,0,0,0,0.228937134408114,0,0,0,0.148195555457821,0,0,0,0,0,0,0,0,0,0,0,0.231100820019241,0,0,0,0.398301362991333,0,0,0,0,0.431316643953323,0.279341108032635,0,0,0,0,0,0.235301310694454,0,0,0,0,0,0,0,0,0,0,0.205190950350181,0,0.214949834020608,0,0.234977602434632,0,0,0,0,0,0,0,0,0,0,0,0.264890548714902,0.13068513572216,0,0.369683774404748,0,0
0,0,0,0,0,0,0,0,0,0,0,0,0,0.117792718112469,0,0.114035148830975,0,0.138232884671487,0,0,0,0.17097840142762,0,0.121860558539629,0,0,0,0.155268349581295,0,0,0,0,0,0,0,0,0,0,0,0,0,0,0,0,0,0,0,0,0,0,0,0,0,0,0,0.159127905964851,0,0,0,0,0,0.138058841228485,0,0,0,0,0,0,0.161047954526212,0,0,0,0,0,0,0,0,0,0,0,0,0,0.122816801443696,0.129518613219261,0,0,0
0,0,0,0,0,0,0,0,0.160733185708523,0,0,0,0,0,0.166653126478195,0,0.135761091278659,0,0,0,0,0,0.182292446494102,0,0.148195555457821,0,0,0,0,0,0,0,0,0,0,0,0,0,0,0,0,0,0,0,0,0,0,0,0,0,0,0,0,0,0,0,0,0,0,0,0,0,0,0,0,0,0,0.107308950275183,0,0.166900733576238,0,0,0,0,0,0,0,0,0,0,0,0,0.128379681706429,0,0,0,0
0,0,0,0,0,0,0,0,0,0,0,0,0,0.118880639374256,0,0,0,0.149299278855324,0,0,0,0.14096352296031,0,0,0,0.155268349581295,0,0,0,0.115421074132125,0,0,0,0,0,0,0,0.150274314155633,0,0,0,0,0,0,0,0,0,0,0,0.239535808563232,0,0,0,0,0,0,0,0.146954447031021,0,0.188008051280948,0,0,0,0,0.166571638413838,0,0,0,0.159398637179817,0,0.187562484546651,0,0.302533090114594,0,0,0,0,0,0,0,0.202322096987204,0,0.144922303071,0.152265031422888,0,0,0
0,0,0,0,0,0,0,0,0,0,0,0,0,0,0,0,0,0,0,0,0,0,0.156719509512186,0,0,0,0,0,0,0,0.172896360357602,0,0,0,0,0,0,0,0.176038201153278,0,0,0,0,0,0,0,0,0,0,0,0,0,0,0,0,0,0,0,0,0,0,0,0,0,0,0.197269304593404,0,0,0,0,0,0.205560216008352,0,0.176245188961426,0,0,0,0,0,0,0,0.225556494884713,0.130253488197923,0.132746582229932,0,0,0
0,0,0,0,0,0,0,0,0,0,0,0.136110870167613,0,0,0,0,0,0,0,0,0,0,0,0,0,0,0,0.115421074132125,0,0,0,0,0,0,0,0,0,0.146130411411231,0,0,0,0,0,0,0,0,0,0,0,0,0,0,0,0,0,0,0,0.150048767526944,0,0,0,0,0,0,0,0,0,0,0,0,0.130707450211048,0,0.152490685953469,0,0,0,0,0,0,0,0.142477918830183,0,0,0,0,0,0
0,0,0,0,0,0,0,0,0,0,0.124017374590039,0,0,0,0,0,0,0,0,0,0,0,0,0,0,0,0,0,0.172896360357602,0,0,0,0,0,0,0,0,0,0.147240871097893,0,0,0,0,0,0,0,0,0,0,0,0,0,0,0,0,0,0.141523148332323,0,0,0,0,0,0,0,0,0,0,0,0,0,0,0.168600064612204,0,0.170683459425345,0,0,0,0,0,0,0,0.130301804747432,0,0,0,0,0
0,0,0,0,0,0,0,0,0,0,0,0,0,0,0,0,0,0,0,0,0,0,0,0,0,0,0,0,0,0,0,0,0.178841811583057,0.264423201692865,0.144038599802227,0.19640725619834,0.151935474286156,0,0,0,0.47784236073494,0,0,0,0,0,0,0.446033553609512,0.515447980827755,0,0,0,0,0,0,0,0,0,0,0,0,0,0,0,0,0,0,0,0,0,0,0,0,0,0.253648397600294,0.162181613498635,0.267324659048543,0,0.344695778482162,0.268507729277356,0,0,0.162759392911738,0,0,0,0
0,0,0,0,0,0,0,0,0,0,0,0,0,0,0,0,0,0,0,0,0,0,0,0,0,0,0,0,0,0,0,0.178841811583057,0,0.232738137245178,0.264318364858627,0.162043824791908,0.155665310954346,0,0,0,0,0,0,0,0,0,0,0.282476611377806,0,0,0,0,0,0,0,0,0,0,0,0,0,0,0,0,0,0,0,0,0,0,0,0,0,0,0.20994604435834,0.223862489779961,0.196530137743269,0.247027488143155,0,0.20564364607089,0,0,0.159839819318482,0,0,0,0
0,0,0,0,0,0,0,0,0,0,0,0,0,0,0,0,0,0,0,0,0,0,0,0,0,0,0,0,0,0,0,0.264423201692865,0.232738137245178,0,0.239534514355501,0.19096155806902,0.255289733409882,0.252099638100009,0.297265121272502,0,0,0,0,0,0,0,0,0.323396069662047,0.409764111042023,0.326170818961185,0,0,0,0,0,0,0,0,0,0,0,0,0,0,0,0,0,0,0,0,0,0,0,0,0.253935924089617,0,0.238593634961341,0.169204229569415,0.32582343832272,0.293110859629355,0.316948734959702,0.287314713001251,0.210565241750573,0,0,0,0
0,0,0,0,0,0,0,0,0,0,0,0,0,0,0,0,0,0,0,0,0,0,0,0,0,0,0,0,0,0,0,0.144038599802227,0.264318364858627,0.239534514355501,0,0,0.17684661508382,0,0.285708099603653,0,0,0,0,0,0,0,0,0.462242526867395,0.366018414497375,0,0,0,0,0,0,0,0,0,0,0,0,0,0,0,0,0,0,0,0,0,0,0,0,0,0,0.208155323352133,0.175631235928143,0.220753166933506,0,0.203698366949617,0,0.185449746146473,0.191282453585644,0,0,0,0
0,0,0,0.206101583829824,0,0.222051777056794,0,0.119485372304916,0,0,0,0.142432029048602,0,0,0,0,0,0,0.383024381739753,0.154885657254709,0,0,0,0,0,0,0,0,0,0,0,0.19640725619834,0.162043824791908,0.19096155806902,0,0,0.167093590093859,0.149467341306468,0.118924628943205,0.210311414798101,0,0.299199812114239,0,0.394240856170654,0,0.211090742477349,0,0.336861538016212,0.492689244449139,0.219398184199082,0,0.220353424549103,0,0,0,0.22803521156311,0,0.322532117366791,0,0,0,0,0.185098312604732,0,0,0,0,0,0,0,0,0,0,0,0.21699199710901,0.161330327391624,0.204175990834225,0,0.224996056434178,0.149473069509879,0.204849977679528,0,0.18366708145789,0.121417612161325,0.226512982414172,0.361596345901489,0
0,0,0,0,0.184838021794955,0,0,0,0,0,0.167221373090377,0,0,0,0,0,0.313437861204147,0.271992653608322,0.351238486441699,0,0.179136025482102,0,0,0,0,0,0,0,0,0,0,0.151935474286156,0.155665310954346,0.255289733409882,0.17684661508382,0.167093590093859,0,0,0.173873291426414,0,0.222921084198687,0,0.308002467940349,0.372937977313995,0.352654612833454,0,0.270225669328983,0.186201184644149,0.258067647616069,0,0.225794349846087,0,0,0,0,0,0.192870076923143,0,0,0,0,0,0,0.163528043332543,0,0,0,0,0,0,0,0,0,0.284615205228329,0,0.142996879915396,0,0.162289382736473,0.207020356754462,0.220876570840573,0,0.156133151369343,0.169958381609866,0.222217588126659,0.243603291570163,0,0.321968019008636
0,0,0,0,0,0,0,0,0,0.169515630664603,0,0.127648875296526,0,0,0,0,0,0,0,0.140912884999006,0,0.224950438906108,0,0.135123303187066,0,0,0,0.150274314155633,0,0.146130411411231,0,0,0,0.252099638100009,0,0.149467341306468,0,0,0.171523169215236,0,0,0.378108647465706,0,0,0,0,0,0.552982816484438,0,0.282953747827223,0,0,0,0,0,0.171871525862,0,0.135369681933923,0,0,0,0,0.13979240000248,0,0.212300155006062,0,0.245945614171617,0,0,0,0.233034754823044,0,0.241402277920176,0,0,0,0.209458974841785,0,0.197668436436014,0,0.218676664272474,0.218054588884115,0.213355508179747,0,0.198069484414239,0,0
0,0,0,0,0,0,0,0,0.181888620058695,0,0.146180090872017,0,0,0,0,0,0,0,0.285706251859665,0,0.151617843596662,0,0.200840627473913,0,0.231100820019241,0,0,0,0.176038201153278,0,0.147240871097893,0,0,0.297265121272502,0.285708099603653,0.118924628943205,0.173873291426414,0.171523169215236,0,0,0,0,0.254478742736717,0,0,0,0,0.552636249141293,0.255043823617261,0,0,0,0,0,0.21709758240097,0,0.136913418795797,0,0,0,0,0,0,0.216761723160744,0,0.247548362840831,0,0.230350561487326,0,0,0,0.333234857539741,0,0.129949102640152,0,0,0,0.226670594877951,0,0.212625965476036,0.133065398782492,0.238354484944406,0.203725133773129,0.136376747997796,0.280466963694646,0,0
0,0,0,0.254464238882065,0,0,0,0,0,0,0,0,0,0,0,0,0.327383182618929,0.276799173039549,0.344526168499623,0,0,0,0,0,0,0,0,0,0,0,0,0,0,0,0,0.210311414798101,0,0,0,0,0,0.335334993477295,0.266580452521642,0.417925579579813,0.289968106895685,0.269501270018807,0.312498820324739,0.240684675542932,0,0.196094121006387,0,0,0,0,0,0,0,0.282083430886269,0,0,0,0,0.253414809082945,0.335686564445496,0,0,0,0,0,0,0,0,0.318975071112315,0,0,0,0,0,0.265924745669929,0.265492677688599,0,0,0.309385843453853,0.304022249248293,0.305880592425115,0.401824314098854,0.237282633781433
0,0,0,0,0,0,0,0,0,0,0,0,0,0,0,0,0.303157669305801,0.243923619389534,0.358357411893931,0,0,0,0,0,0,0,0,0,0,0,0,0.47784236073494,0,0,0,0,0.222921084198687,0,0,0,0,0.265786081552505,0.337305846356827,0,0.411346167325974,0.320834249258041,0.229050185731662,0.405128189360394,0.23997071847068,0.228972747921944,0,0,0,0,0,0,0.266173411160707,0,0,0,0,0,0,0.206799572540654,0,0,0,0,0,0,0,0,0,0.33191704750061,0,0,0,0,0.294264018535614,0.246825810462419,0,0.217117409641836,0.26873989917081,0,0.224825417254255,0,0.403796540742571
0,0.276357603248428,0,0.277508081989077,0,0.278112530708313,0,0,0,0.238475976941677,0,0,0,0,0,0,0.289701646476081,0.273134098890935,0.278054965576401,0,0,0,0,0.277235895395279,0,0,0,0,0,0,0,0,0,0,0,0.299199812114239,0,0.378108647465706,0,0.335334993477295,0.265786081552505,0,0.208961111835984,0.301100364627651,0.264215212729242,0.293137627365315,0.26740966796875,0.37170879417224,0,0.291314147046616,0,0.221632212400436,0,0,0,0.242929774026076,0.270516097545624,0.349686468412508,0,0,0,0,0.343765703939166,0.319735404103994,0,0,0,0,0,0,0,0,0.313532009420203,0.277280405163765,0,0,0,0,0.342196400078752,0.371057051420212,0.311734072623714,0,0.276039671046992,0.305155974100618,0.328309932615521,0.264717964272166,0.227289572760866
0.41289425114306,0,0.243003511097696,0,0,0,0,0,0.231544180977635,0,0,0,0,0,0,0,0.261034772025816,0.237323645502329,0.238833177470114,0,0,0,0,0,0.398301362991333,0,0,0,0,0,0,0,0,0,0,0,0.308002467940349,0,0.254478742736717,0.266580452521642,0.337305846356827,0.208961111835984,0,0.223498784682967,0.258840364347647,0.240071286757787,0.299558922115091,0.437891307100654,0.335549825114362,0.392089486122131,0,0,0,0,0.234476864337921,0,0.328175717977674,0.269485240181287,0.292607098817825,0,0.241826576155585,0,0,0.321902258040734,0,0,0,0.300632441043854,0,0,0,0,0.278078117540904,0.353215272506971,0,0,0,0,0.252720971902211,0.336568552808744,0,0.315435286913369,0.295298962704009,0.334304778392498,0.318017372155057,0.198508040489335,0.232190933681622
0,0,0,0,0,0,0,0,0,0,0,0,0,0,0,0,0.282089424845965,0.274702487696035,0.297505497871405,0,0,0,0,0,0,0,0,0,0,0,0,0,0,0,0,0.394240856170654,0.372937977313995,0,0,0.417925579579813,0,0.301100364627651,0.223498784682967,0,0.265531158074737,0.305073681085006,0.27584535760038,0,0,0.264974802732468,0,0,0,0,0,0,0.275097489356995,0.332286963539739,0,0,0,0,0.303418051451445,0.31441077341636,0,0,0,0,0,0,0,0,0.408095861474673,0.295993879437447,0,0,0,0,0.430232371429129,0.374020924170812,0,0,0.264158991012401,0.276350965723395,0.383038690907667,0.280245695044013,0.207008867671615
0.30035288631916,0,0,0,0,0,0,0,0.293849796056747,0,0,0,0,0,0,0,0.311139491777266,0.25223142405351,0.290061650997969,0,0,0,0,0,0,0,0,0,0,0,0,0,0,0,0,0,0.352654612833454,0,0,0.289968106895685,0.411346167325974,0.264215212729242,0.258840364347647,0.265531158074737,0,0.266508109867573,0.31793841148076,0,0,0,0,0,0,0,0,0,0.31175330777963,0.284884601831436,0,0,0,0,0,0.366137743885837,0,0,0,0,0,0,0,0,0,0.341617605515889,0,0,0,0,0.333816885948181,0.406672535855093,0,0.385173231363297,0.249393794354465,0.278871215879917,0.32351135383861,0.224223218858242,0.258177764713764
0,0,0,0.207478545606136,0,0,0,0,0,0,0,0,0,0,0,0,0.294951066098831,0.284695689818438,0.30598378585502,0,0,0,0,0,0,0,0,0,0,0,0,0,0,0,0,0.211090742477349,0,0,0,0.269501270018807,0.320834249258041,0.293137627365315,0.240071286757787,0.305073681085006,0.266508109867573,0,0.305411949753761,0,0.295460850000381,0.313555878400803,0,0,0,0,0,0,0,0.300514296354616,0,0,0,0,0.245833328053355,0.334240943193436,0,0,0,0,0,0,0,0,0.320644855499268,0.360376089811325,0,0,0,0,0.303574047370425,0.345678329467773,0.333643466234207,0,0.303011989507538,0.31915931776166,0.312216412765809,0.281091643497348,0.236547191441059
0.315810173749924,0,0,0,0,0,0,0,0.310520321130753,0,0,0,0,0,0,0,0.309324891242401,0.268306823913008,0.317583533002702,0,0.313776903682285,0,0,0,0,0,0,0,0,0,0,0,0,0,0,0,0.270225669328983,0,0,0.312498820324739,0.229050185731662,0.26740966796875,0.299558922115091,0.27584535760038,0.31793841148076,0.305411949753761,0,0,0.25048667056994,0,0,0,0,0,0,0,0.272697655217988,0.346651211380959,0,0,0,0,0,0.275921783891976,0,0,0,0,0,0,0,0,0.315878421068192,0.304358400404453,0,0,0,0,0.420952886343002,0.31199417999734,0,0.343167901039124,0.299666836608925,0.325140329343932,0.344523127669015,0.259575066241351,0.256529572937224
0,0,0,0,0,0,0,0,0,0,0,0,0,0,0,0,0,0,0,0,0,0.400198732731772,0,0,0.431316643953323,0,0,0,0,0,0,0.446033553609512,0.282476611377806,0.323396069662047,0.462242526867395,0.336861538016212,0.186201184644149,0.552982816484438,0.552636249141293,0.240684675542932,0.405128189360394,0.37170879417224,0.437891307100654,0,0,0,0,0,0.412059694995125,0.31505431942197,0,0,0,0,0,0.253581404685974,0,0,0,0,0,0,0,0,0.401178224455743,0,0.371464889018964,0.405978639017452,0,0,0,0,0.305093944072723,0,0.306826265930013,0.393768511795731,0.240696791302155,0.28770452347903,0.347804876511929,0.407634673536869,0.48089074334765,0.345484202000547,0.432305545717468,0,0.458382584272581,0.332300931215286,0
0.235569515547087,0,0.258133679628372,0,0,0,0,0,0.227303452216662,0,0,0,0,0,0,0,0.329036608338356,0,0.250349551439285,0,0,0,0.295663259959451,0,0.279341108032635,0,0,0,0,0,0,0.515447980827755,0,0.409764111042023,0.366018414497375,0.492689244449139,0.258067647616069,0,0.255043823617261,0,0.23997071847068,0,0.335549825114362,0,0,0.295460850000381,0.25048667056994,0.412059694995125,0,0.305544586122716,0.187896996736526,0,0,0,0.164667341858149,0,0.272672806514634,0,0.23417928814888,0,0.189634089717771,0,0,0.323350091775258,0,0.319881861307183,0,0.26781040148915,0,0,0,0.331569908074586,0,0.329818140715361,0,0.446017369627953,0,0.415829241275787,0.388719669739965,0.352625351925948,0,0.280906297720105,0.418588846858241,0.324937408169111,0.287950363124689,0,0.346745789051056
0,0.171180805375984,0,0.143426049694505,0,0.209720268845558,0,0,0,0.16394255830817,0,0,0,0,0,0,0.283542990684509,0,0.264476387947798,0,0,0.250538964684193,0,0.178894966344039,0,0,0,0.239535808563232,0,0,0,0,0,0.326170818961185,0,0.219398184199082,0,0.282953747827223,0,0.196094121006387,0.228972747921944,0.291314147046616,0.392089486122131,0.264974802732468,0,0.313555878400803,0,0.31505431942197,0.305544586122716,0,0,0.204733115962789,0,0,0,0.230162470607284,0,0.192981954746776,0,0,0,0.196528927368276,0.21601465344429,0,0.279296822124912,0,0.247425571998204,0,0,0,0.285301475362344,0,0.286347822945439,0,0,0,0.280943141929035,0,0.244336591508924,0.48632550239563,0.276117212125953,0,0.309211621284485,0.303022056818008,0.252446450660029,0.243073459714651,0
0,0,0.198877171094992,0,0.169838738437046,0,0,0,0.180180445313454,0,0,0,0,0,0,0,0,0,0,0,0.18426394781896,0,0,0,0,0,0,0,0,0,0,0,0,0,0,0,0.225794349846087,0,0,0,0,0,0,0,0,0,0,0,0.187896996736526,0,0,0,0,0,0.195406708452437,0,0.24154821494359,0,0.222580887241797,0,0.197728306687239,0,0,0.199910442743983,0,0,0,0,0,0,0,0,0,0,0,0,0,0,0,0,0,0,0.164465632703569,0,0.20901670115196,0,0
0,0.198589913547039,0,0.195642835831129,0,0.237176498761961,0,0,0,0.179867673827254,0,0.222085600097974,0,0,0,0.184753367846662,0,0,0,0.191669926047325,0,0,0,0,0,0,0,0,0,0,0,0,0,0,0,0.220353424549103,0,0,0,0,0,0.221632212400436,0,0,0,0,0,0,0,0.204733115962789,0,0,0,0.190514289339383,0,0,0,0.20360347130838,0,0.235980192583705,0,0.219223781885245,0.2128024995327,0,0,0,0,0,0,0,0,0,0,0,0,0,0,0,0,0,0,0,0.200319673825096,0,0.209012648937377,0,0
0,0,0,0,0.172244510971583,0,0.13419234752655,0,0,0,0,0,0,0,0,0,0,0,0,0,0,0,0,0,0,0,0,0,0,0,0,0,0,0,0,0,0,0,0,0,0,0,0,0,0,0,0,0,0,0,0,0,0,0,0,0,0,0,0.213250069568555,0,0,0,0,0,0,0,0,0,0,0,0,0,0,0,0,0,0,0,0,0,0,0,0.176222371868789,0,0,0,0
0,0,0,0,0,0,0,0.178097331727093,0,0,0,0.214536772223941,0,0,0,0,0,0,0,0,0,0,0,0,0,0,0,0,0,0,0,0,0,0,0,0,0,0,0,0,0,0,0,0,0,0,0,0,0,0,0,0.190514289339383,0,0,0,0,0,0.201507707364262,0,0,0,0,0,0,0,0,0,0,0,0,0,0,0,0,0,0,0,0,0,0,0,0,0.150956347584724,0,0,0,0
0.178999790828675,0,0.181836248165177,0,0,0,0,0,0.227147834001092,0,0,0,0,0,0.173970388514655,0,0,0,0,0,0,0,0,0,0.235301310694454,0,0,0,0,0,0,0,0,0,0,0,0,0,0.21709758240097,0,0,0,0.234476864337921,0,0,0,0,0,0.164667341858149,0,0.195406708452437,0,0,0,0,0,0.277103573083878,0,0,0,0.223788414000465,0,0,0,0,0,0,0.213946893179821,0,0.213730067014694,0,0,0,0,0,0,0,0,0,0,0,0.299553172361283,0.191637007368577,0,0.172028187130179,0,0
0,0.23148755156624,0,0.183475125829379,0,0,0,0,0,0.21591170299452,0,0,0,0,0,0.209998377040029,0,0,0,0,0,0,0,0.180549830198288,0,0.159127905964851,0,0,0,0,0,0,0,0,0,0.22803521156311,0,0.171871525862,0,0,0,0.242929774026076,0,0,0,0,0,0.253581404685974,0,0.230162470607284,0,0,0,0,0,0,0,0.229626173774401,0,0,0,0.224812600520558,0,0,0,0,0.217304461635649,0,0,0,0,0,0,0,0,0,0.26061375439167,0,0,0,0.208399932365865,0,0.189820195237796,0,0.206801218957436,0.16844791918993,0
0.34468210571342,0,0.227711520450456,0,0.19888634258701,0,0,0,0.307004803791642,0,0.189733979525725,0,0.167128950357437,0,0,0,0.360102312432395,0,0.311300009256229,0,0.142921594261432,0,0,0,0,0,0,0,0,0,0.141523148332323,0,0,0,0,0,0.192870076923143,0,0.136913418795797,0,0.266173411160707,0.270516097545624,0.328175717977674,0.275097489356995,0.31175330777963,0,0.272697655217988,0,0.272672806514634,0,0.24154821494359,0,0,0,0.277103573083878,0,0,0,0.251829086492459,0,0.241360253206006,0,0,0.279739600035452,0,0,0,0,0,0,0,0.300606042146683,0,0.303832240135873,0,0,0,0,0,0.269365216455152,0,0.341814368963242,0.241147779527452,0.218429406483968,0.299264899885642,0.253454208374023,0.336355103098828
0,0.312894688919187,0,0.249483196506488,0,0.21066409775189,0,0.198175250824782,0,0.236080393195152,0,0.193145453247679,0,0.148350463747712,0,0,0.354498893022537,0.316064238548279,0.350739529074141,0.117302507162094,0,0,0,0,0,0,0,0.146954447031021,0,0.150048767526944,0,0,0,0,0,0.322532117366791,0,0.135369681933923,0,0.282083430886269,0,0.349686468412508,0.269485240181287,0.332286963539739,0.284884601831436,0.300514296354616,0.346651211380959,0,0,0.192981954746776,0,0.20360347130838,0,0.201507707364262,0,0.229626173774401,0,0,0,0,0,0,0.268787380952402,0.349879205226898,0,0,0,0,0,0,0,0,0.347843335225032,0,0,0,0,0,0.296620087698102,0.374233961105347,0.253605529665947,0,0.275289255956947,0.327680662274361,0.284810639791569,0.351715107049261,0.274688363075256
0,0,0,0,0,0,0.127883171476424,0,0,0,0.121823325753212,0,0.20240197579066,0,0,0,0,0,0,0,0,0,0,0,0,0,0,0,0,0,0,0,0,0,0,0,0,0,0,0,0,0,0.292607098817825,0,0,0,0,0,0.23417928814888,0,0.222580887241797,0,0.213250069568555,0,0,0,0.251829086492459,0,0,0,0.206722524355758,0,0,0,0,0,0,0,0,0,0,0,0,0,0,0,0,0,0,0,0,0,0,0,0.261315310994784,0,0
0,0,0,0,0,0.221168749034405,0,0,0,0,0,0,0,0.147691037505865,0,0,0,0,0,0,0,0,0,0,0,0,0,0.188008051280948,0,0,0,0,0,0,0,0,0,0,0,0,0,0,0,0,0,0,0,0,0,0,0,0.235980192583705,0,0,0,0,0,0,0,0,0,0,0,0,0,0,0,0,0,0,0.205425106234603,0,0,0,0,0,0,0,0,0,0,0,0.150370850739345,0.177644267678261,0,0,0
0.163903885537928,0,0,0,0,0,0,0,0.188754609498111,0,0,0,0,0,0.13686691224575,0,0,0,0,0,0,0,0,0,0,0,0,0,0,0,0,0,0,0,0,0,0,0,0,0,0,0,0.241826576155585,0,0,0,0,0,0.189634089717771,0,0.197728306687239,0,0,0,0.223788414000465,0,0.241360253206006,0,0.206722524355758,0,0,0,0,0,0,0,0,0,0,0.148600548505783,0,0.261618107557297,0,0,0,0,0,0,0,0,0,0,0,0,0.214638688095978,0,0
0,0.225306378534207,0,0,0,0.214455991983414,0,0,0,0.256192220374942,0,0,0,0,0,0.164276227355003,0,0.133454280665943,0,0,0,0,0,0,0,0.138058841228485,0,0,0,0,0,0,0,0,0,0,0,0,0,0,0,0,0,0,0,0,0,0,0,0.196528927368276,0,0.219223781885245,0,0,0,0.224812600520558,0,0,0,0,0,0,0,0,0,0,0,0,0,0,0,0,0,0,0,0,0,0,0,0,0,0,0.150534826697725,0,0.213732689619064,0,0
0,0,0,0.210428565740585,0,0.204148843884468,0,0.19873072206974,0,0,0,0.144949435502633,0,0,0,0,0,0.308613294363022,0.309079319641397,0.152992873029275,0,0,0,0,0,0,0,0,0,0,0,0,0,0,0,0.185098312604732,0,0.13979240000248,0,0.253414809082945,0,0.343765703939166,0,0.303418051451445,0,0.245833328053355,0,0,0,0.21601465344429,0,0.2128024995327,0,0,0,0,0,0.268787380952402,0,0,0,0,0,0,0,0,0,0,0,0,0,0,0.304466859860854,0,0,0,0,0,0.244884070110329,0,0.128084187706312,0,0.219987011299684,0.298086792230606,0.288622551166101,0,0
0.432216458022594,0,0.253104835748672,0,0.18343055082692,0,0,0,0,0,0,0,0,0,0,0,0.385618974604914,0.26158347427845,0.354645679827475,0,0.229813352202573,0,0,0,0,0,0,0,0,0,0,0,0,0,0,0,0.163528043332543,0,0.216761723160744,0.335686564445496,0.206799572540654,0.319735404103994,0.321902258040734,0.31441077341636,0.366137743885837,0.334240943193436,0.275921783891976,0,0.323350091775258,0,0.199910442743983,0,0,0,0,0,0.279739600035452,0.349879205226898,0,0,0,0,0,0,0,0,0,0,0,0,0,0,0,0.330901992856035,0,0,0,0,0,0.287528777209918,0,0.323415602852659,0.330392720618922,0.302695577343305,0.310119888087716,0.275843441486359,0.497824306998934
0,0,0,0,0,0,0,0,0,0,0,0,0,0,0,0,0,0,0,0,0,0.210768084218897,0.0885455682873726,0.182799611014227,0,0,0,0.166571638413838,0,0,0,0,0,0,0,0,0,0.212300155006062,0,0,0,0,0,0,0,0,0,0.401178224455743,0,0.279296822124912,0,0,0,0,0,0,0,0,0,0,0,0,0,0,0,0,0.243363684372171,0,0,0,0.29109999729741,0,0.315488988702947,0,0,0,0,0,0,0,0.242924747922841,0,0.140457533422064,0.0965998694300652,0,0,0
0,0,0,0,0,0,0,0,0,0,0,0,0,0,0,0,0,0,0,0,0,0.135256015828678,0.222106439288269,0,0.205190950350181,0,0,0,0.197269304593404,0,0,0,0,0,0,0,0,0,0.247548362840831,0,0,0,0,0,0,0,0,0,0.319881861307183,0,0,0,0,0,0,0,0,0,0,0,0,0,0,0,0,0,0,0.222434407392347,0,0.280405435907213,0,0.293229624506817,0,0.334560805310806,0,0,0,0,0,0,0,0.284372557916209,0.167249426155489,0,0,0,0
0,0,0,0,0,0,0,0,0,0.214407101273537,0,0,0,0,0,0,0,0,0,0,0,0.214593942372166,0,0.189293679768599,0,0,0,0,0,0,0,0,0,0,0,0,0,0.245945614171617,0,0,0,0,0,0,0,0,0,0.371464889018964,0,0.247425571998204,0,0,0,0,0,0.217304461635649,0,0,0,0,0,0,0,0,0.243363684372171,0,0,0,0.193172624210517,0,0.221890799701214,0,0.236807197332382,0,0,0,0.278370122114817,0,0,0,0.282821866496311,0,0.148795579685204,0,0.243627884880687,0,0
0,0,0,0,0,0,0,0,0.17528960108757,0,0,0,0,0,0,0,0,0,0,0,0,0,0.237342912009207,0,0.214949834020608,0,0.107308950275183,0,0,0,0,0,0,0,0,0,0,0,0.230350561487326,0,0,0,0.300632441043854,0,0,0,0,0.405978639017452,0.26781040148915,0,0,0,0,0,0.213946893179821,0,0,0,0,0,0,0,0,0,0,0.222434407392347,0,0,0,0.289252500715,0,0,0,0,0,0,0,0,0,0,0,0.31467500750602,0.142263674665065,0,0.345238523888709,0,0
0,0,0,0,0,0,0,0,0,0,0,0,0,0,0,0,0,0.139043181602444,0,0,0,0.148098796802132,0,0,0,0.161047954526212,0,0.159398637179817,0,0,0,0,0,0,0,0,0,0,0,0,0,0,0,0,0,0,0,0,0,0,0,0,0,0,0,0,0,0,0,0,0,0,0,0,0,0,0.193172624210517,0,0,0,0.213995067619839,0,0,0,0,0,0,0,0,0,0,0,0.146584460511804,0,0,0,0
0,0,0,0,0,0,0,0,0.1560997234574,0,0,0,0,0,0.144739562929687,0,0,0,0,0,0,0,0.255936851950504,0,0.234977602434632,0,0.166900733576238,0,0,0,0,0,0,0,0,0,0,0,0,0,0,0,0,0,0,0,0,0,0,0,0,0,0,0,0.213730067014694,0,0,0,0,0,0.148600548505783,0,0,0,0,0.280405435907213,0,0.289252500715,0,0,0,0.275301956317642,0,0,0,0,0,0,0,0,0,0,0,0,0,0,0
0,0,0,0,0,0,0,0,0,0,0,0,0,0,0,0,0,0,0,0,0,0.252233491412231,0,0,0,0,0,0.187562484546651,0,0.130707450211048,0,0,0,0,0,0,0,0.233034754823044,0,0,0,0,0,0,0,0,0,0,0,0.285301475362344,0,0,0,0,0,0,0,0,0,0.205425106234603,0,0,0,0,0.29109999729741,0,0.221890799701214,0,0.213995067619839,0,0,0,0.292506338084671,0,0,0,0,0,0,0,0.249037957095412,0,0.132294195890427,0.14938884973526,0,0,0
0,0,0,0,0,0,0,0,0,0,0,0,0,0,0,0,0,0,0,0,0,0,0.292725655526644,0,0,0,0,0,0.205560216008352,0,0.168600064612204,0,0,0,0,0,0,0,0.333234857539741,0,0,0,0,0,0,0,0,0,0.331569908074586,0,0,0,0,0,0,0,0.300606042146683,0,0,0,0.261618107557297,0,0,0,0,0.293229624506817,0,0,0,0.275301956317642,0,0,0,0.196836002648641,0,0,0,0,0,0,0,0.299693441310592,0.129553679376841,0,0.277535796165466,0,0
0,0,0,0.291667980903929,0,0,0,0,0,0,0,0,0,0,0,0,0.2808013210694,0.343883018940687,0.368964107342102,0,0,0.295064238381797,0,0,0,0,0,0.302533090114594,0,0.152490685953469,0,0,0,0,0,0,0,0.241402277920176,0,0.318975071112315,0,0.313532009420203,0.278078117540904,0.408095861474673,0,0.320644855499268,0.315878421068192,0.305093944072723,0,0.286347822945439,0,0,0,0,0,0,0,0.347843335225032,0,0,0,0,0.304466859860854,0,0.315488988702947,0,0.236807197332382,0,0,0,0.292506338084671,0,0,0,0,0,0,0,0.319992503634206,0.336706191301346,0.29871753619757,0,0.351360950847061,0.330806106328964,0.375297376863387,0.346745273162579,0.266820516437292
0.35798741132021,0,0.278772732615471,0,0,0,0,0,0,0,0.146358399925863,0,0,0,0,0,0.389755258689056,0,0.356151709431096,0,0,0,0.346215819319089,0,0,0,0,0,0.176245188961426,0,0.170683459425345,0,0,0,0,0,0.284615205228329,0,0.129949102640152,0,0.33191704750061,0.277280405163765,0.353215272506971,0.295993879437447,0.341617605515889,0.360376089811325,0.304358400404453,0,0.329818140715361,0,0,0,0,0,0,0,0.303832240135873,0,0,0,0,0,0,0.330901992856035,0,0.334560805310806,0,0,0,0,0,0.196836002648641,0,0,0,0,0,0,0,0.319180564830701,0,0.322330702929736,0.353593593155875,0.365358640750249,0.369174631075426,0.315640181303024,0.38931994426709
0,0,0,0,0,0,0,0,0,0,0,0,0,0,0,0,0,0,0,0,0,0,0,0,0,0,0,0,0,0,0,0.253648397600294,0.20994604435834,0.253935924089617,0,0.21699199710901,0,0,0,0,0,0,0,0,0,0,0,0.306826265930013,0,0,0,0,0,0,0,0,0,0,0,0,0,0,0,0,0,0,0,0,0,0,0,0,0,0,0,0.200355764431289,0.317912627744178,0,0.245042875044064,0.264902331612327,0,0,0.18165380498731,0,0,0,0
0,0,0,0,0,0,0,0,0,0,0,0,0,0,0,0,0,0,0,0,0,0,0,0,0,0,0,0,0,0,0,0.162181613498635,0.223862489779961,0,0.208155323352133,0.161330327391624,0.142996879915396,0,0,0,0,0,0,0,0,0,0,0.393768511795731,0.446017369627953,0,0,0,0,0,0,0,0,0,0,0,0,0,0,0,0,0,0,0,0,0,0,0,0,0,0.200355764431289,0,0,0.31522210665362,0,0.250275773522647,0,0,0.12602737563294,0,0,0,0
0,0,0,0,0,0,0,0,0,0.236162900924683,0,0,0,0,0,0,0,0,0,0,0,0,0,0,0,0,0,0,0,0,0,0.267324659048543,0.196530137743269,0.238593634961341,0.175631235928143,0.204175990834225,0,0.209458974841785,0,0,0,0,0,0,0,0,0,0.240696791302155,0,0.280943141929035,0,0,0,0,0,0.26061375439167,0,0,0,0,0,0,0,0,0,0,0.278370122114817,0,0,0,0,0,0,0,0.317912627744178,0,0,0.160223264643487,0.266208104378791,0.300067007541656,0.278092852412305,0,0.195300054422185,0,0,0,0
0,0,0,0,0,0,0,0,0,0,0,0,0,0,0,0,0,0,0,0,0,0,0,0,0,0,0,0,0,0,0,0,0.247027488143155,0.169204229569415,0.220753166933506,0,0.162289382736473,0,0.226670594877951,0,0,0,0,0,0,0,0,0.28770452347903,0.415829241275787,0,0,0,0,0,0,0,0,0,0,0,0,0,0,0,0,0,0,0,0,0,0,0,0,0,0,0.31522210665362,0.160223264643487,0,0,0.267490996319113,0,0.27780782061642,0.17020382044407,0,0,0,0
0,0.464119106531143,0,0.269045716394549,0,0.20227345575889,0,0.118476137518883,0,0,0,0.145600064264403,0,0,0,0,0.355370416112666,0.345736820782934,0.394956312390633,0.135996075692,0,0,0,0,0,0,0,0,0,0,0,0.344695778482162,0,0.32582343832272,0,0.224996056434178,0.207020356754462,0.197668436436014,0,0.265924745669929,0.294264018535614,0.342196400078752,0.252720971902211,0.430232371429129,0.333816885948181,0.303574047370425,0.420952886343002,0.347804876511929,0.388719669739965,0.244336591508924,0,0,0,0,0,0,0,0.296620087698102,0,0,0,0,0.244884070110329,0,0,0,0,0,0,0,0,0,0.319992503634206,0,0.245042875044064,0,0.266208104378791,0,0,0.479416720569134,0.240833622982281,0,0.256775412603287,0.369190275669098,0.35395323686521,0.404978792395508,0.302010368555784
0.46020253499349,0,0,0,0.161027323454618,0,0,0,0,0,0.1461231559515,0,0,0,0,0,0.383450393657108,0.328368067741394,0.395938274608317,0,0.22449425413838,0,0,0,0,0,0,0,0,0,0,0.268507729277356,0.20564364607089,0.293110859629355,0.203698366949617,0.149473069509879,0.220876570840573,0,0.212625965476036,0.265492677688599,0.246825810462419,0.371057051420212,0.336568552808744,0.374020924170812,0.406672535855093,0.345678329467773,0.31199417999734,0.407634673536869,0.352625351925948,0.48632550239563,0,0,0,0,0,0,0.269365216455152,0.374233961105347,0,0,0,0,0,0.287528777209918,0,0,0,0,0,0,0,0,0.336706191301346,0.319180564830701,0.264902331612327,0.250275773522647,0.300067007541656,0.267490996319113,0.479416720569134,0,0,0.250165965615984,0.226182611138869,0.372358099619548,0.363618332829772,0.286066502332687,0.357871175204453
0,0,0,0.259736359119415,0,0,0,0,0,0.203563967416453,0,0.122473881644483,0,0,0,0,0,0,0.352711396084891,0.132208355125927,0,0.301410196606158,0,0.190065836977391,0,0,0,0.202322096987204,0,0.142477918830183,0,0,0,0.316948734959702,0,0.204849977679528,0,0.218676664272474,0.133065398782492,0,0,0.311734072623714,0,0,0,0.333643466234207,0,0.48089074334765,0,0.276117212125953,0,0,0,0,0,0.208399932365865,0,0.253605529665947,0,0,0,0,0.128084187706312,0,0.242924747922841,0,0.282821866496311,0,0,0,0.249037957095412,0,0.29871753619757,0,0,0,0.278092852412305,0,0.240833622982281,0,0,0,0.18092334893747,0,0.273005521344021,0.409019529819489,0
0.334942698478699,0,0.311001718044281,0,0,0,0,0,0.214482580622037,0,0.125801917165518,0,0,0,0,0,0,0,0.359432961791754,0,0.21699322681678,0,0.289585598875299,0,0.264890548714902,0,0,0,0.225556494884713,0,0.130301804747432,0,0,0.287314713001251,0.185449746146473,0,0.156133151369343,0.218054588884115,0.238354484944406,0,0.217117409641836,0,0.315435286913369,0,0.385173231363297,0,0.343167901039124,0.345484202000547,0.280906297720105,0,0,0,0,0,0.299553172361283,0,0.341814368963242,0,0,0,0,0,0,0.323415602852659,0,0.284372557916209,0,0.31467500750602,0,0,0,0.299693441310592,0,0.322330702929736,0,0,0,0.27780782061642,0,0.250165965615984,0,0,0.176671380566261,0,0.40778932561753,0,0.334190517663956
