0,0,5.55981462001801,0,0,0,0,0,7.41893406677623,0,0,0,0,0,7.06065901120504,0,8.93582391738892,0,26.5286781946818,0,0,0,0,0,0,0,0,0,0,0,0,0,0,0,0,0,49.4441299438477,0,33.9574337005615,0,36.694562218406,0,23.4082856685328,0,0,0,23.3639509134771,46.3762748718262,8.36877953874034,47.9738483428955,0,0,0,0,5.9257037618704,0,31.0920634269714,0,0,0,9.19236744533886,0,0,29.4494702418645,0,0,0,0,0,0,0,0,0,32.8963958740234,0,0,0,0,0,37.3184698492616,0,33.2786829331342,12.5007475094056,0,11.105643898127,0,14.5599185228348
0,0,0,5.94398333537273,0,10.2573928833008,0,0,0,6.14097320456393,0,0,0,0,0,5.50692090392113,0,0,17.2237740516663,0,0,0,0,10.2002866744995,0,0,0,0,0,0,0,0,0,0,0,55.0485768318176,0,14.2179811000824,0,27.976188659668,69.7039947509766,17.8986059427261,0,19.0318412780762,0,18.6383991241455,0,32.819185256958,44.7105191548665,4.88442393797356,0,0,0,0,0,6.5893841632872,0,21.8563585281372,0,0,0,5.58488626729429,0,0,0,0,7.9754524230957,0,0,0,23.6921272277832,0,25.3144345283508,0,0,0,0,54.3226509094238,39.0734044588529,0,37.0909824371338,0,10.9051905820496,12.4340229034424,11.7320306684119,5.66788490282165,0
5.55981462001801,0,0,0,9.42096464783995,0,0,0,7.87546656348489,0,0,0,0,0,0,0,17.0264739990234,0,31.5205968856812,0,0,0,0,0,0,0,0,0,0,0,0,0,0,0,0,0,46.2480379740397,0,37.5520337422689,0,35.1656003249319,0,36.4566376050313,0,0,0,22.6008537780407,0,8.76368026751125,0,9.92025724210237,0,0,0,7.48738553676199,0,15.052273140579,0,7.00894427703599,0,8.15603318751253,0,0,25.9434942991837,0,0,0,0,0,0,0,0,0,34.1946147038386,0,0,0,0,28.7113971710205,37.7524963827694,0,35.932934972975,13.2245420277547,0,13.8084808914707,0,12.8613758087158
0,5.94398333537273,0,0,0,7.13322281736009,0,0,0,7.44586105733304,0,0,0,0,0,0,53.0746765136719,56.2296304702759,41.7560064527724,5.26700305938721,0,0,0,23.5677185058594,0,0,0,0,0,0,0,0,0,0,0,13.0605674700444,30.4435104370117,0,0,27.4192712238857,0,31.3259092648824,35.8740863800049,18.6533586502075,0,20.0621088266373,0,0,30.8664859135946,16.4330480238971,0,5.38831293214228,0,0,0,6.68863355613255,0,24.6910889434814,0,3.27012077399663,0,5.8946457665141,28.1838178634644,0,0,0,0,0,0,0,0,0,27.3217795372009,0,0,0,0,0,35.9457085192704,0,37.2368713378906,0,10.5790141178544,0,17.8471987412391,21.0488531806252,0
0,0,9.42096464783995,0,0,0,3.62389763196309,0,2.87589557965597,0,4.27194007805416,0,0,0,0,0,0,0,0,0,10.1364290931008,0,0,0,0,0,0,0,0,0,0,0,0,0,0,34.746696472168,5.2010357287195,0,42.0257606506348,0,32.1360054016113,0,47.0022398630778,0,0,0,26.4747879084419,0,43.237054007394,0,7.9329013454503,0,4.34509992798169,0,6.63581589954655,0,10.4470177856652,0,8.93267718950907,0,14.8383817672729,0,0,26.3988917855655,0,0,0,0,0,0,0,0,0,37.6021761894226,0,0,0,0,0,27.2679396791661,0,39.8376398086548,5.46444443453138,0,8.27534255213576,0,43.9871711730957
0,10.2573928833008,0,7.13322281736009,0,0,0,4.02294683456421,0,2.99054329689235,0,3.47603327035904,0,0,0,0,0,0,80.4651031494141,3.76026897610358,0,0,0,0,0,0,0,0,0,0,0,0,0,0,0,7.93385352194309,0,0,0,22.7492580413818,0,36.7849704742432,0,0,0,0,0,0,0,9.49832820892334,0,3.85447600909642,0,0,0,3.6282447775205,0,3.83840945290356,0,0,0,0,5.50989107463671,0,0,0,0,0,0,0,0,0,0,0,0,0,0,0,41.4389966328939,0,0,0,7.16231321573257,3.59338855743408,10.9829761561225,0,0
0,0,0,0,3.62389763196309,0,0,0,0,0,2.74535465240479,0,0,0,0,0,0,0,0,0,4.04794760545095,0,0,0,0,0,0,0,0,0,0,0,0,0,0,0,3.82811361429643,0,0,0,0,0,0,0,0,0,0,0,0,0,8.53006116549174,0,3.41999103083755,0,0,0,3.02556437916226,0,2.92391435305277,0,0,0,0,0,0,0,0,0,0,0,0,0,0,0,0,0,0,0,0,0,0,0,3.49968556563059,2.89047771030002,7.57218885421753,0,0
0,0,0,0,0,4.02294683456421,0,0,0,0,0,3.22637141834606,0,3.0977210521698,0,0,0,0,0,4.23875141143799,0,0,0,0,0,0,0,0,0,0,0,0,0,0,0,2.95241379737854,0,0,0,0,0,0,0,0,0,0,0,0,0,0,0,4.21601366996765,0,2.94262957572937,0,0,0,0,0,0,0,0,0,0,0,0,0,0,0,0,0,0,0,0,0,0,0,0,0,0,0,0,3.26259650786718,0,0,0,0
7.41893406677623,0,7.87546656348489,0,2.87589557965597,0,0,0,0,0,0,0,0,0,4.56781877375938,0,13.7284279762548,36.4402894806444,11.1672854242282,0,29.3956489562988,0,24.3045928261497,0,9.26901106039683,0,22.5932047026498,0,0,0,0,0,0,0,0,0,55.8908833095006,0,14.3504544810245,48.000602722168,34.1016309356689,47.1762619018555,14.0621817475273,0,0,44.656795501709,24.9143985822363,32.2255191802979,13.8460560114003,62.4190654754639,0,0,0,0,5.22457024190553,0,24.2679133415222,0,0,0,3.90080631490964,0,0,29.1020729201181,0,0,0,10.4837696368878,0,5.34483312115525,0,0,0,29.3585870265961,0,0,0,0,55.5727977752686,39.6855358043349,53.9062232971191,23.5919838780942,8.49272090502948,0,17.2930855921337,0,5.19865328401
0,6.14097320456393,0,7.44586105733304,0,2.99054329689235,0,0,0,0,0,0,0,0,0,5.3731373945872,51.4265060424805,4.18530779464223,3.77167435125871,0,0,0,0,5.6516842970977,0,0,0,0,0,0,0,0,0,19.3800392150879,0,14.2205028533936,0,11.5457750176206,0,38.819507598877,0,11.4607693573524,0,28.0002593994141,0,26.92551612854,0,19.7419988632202,49.5474472045898,11.9345025486416,0,0,0,0,0,5.71616986861416,0,30.8206634521484,0,0,0,6.30082225799561,0,0,0,0,6.24167527222052,0,0,0,0,0,34.985294342041,0,0,0,0,0,0,0,16.1345891952515,0,5.77028182491841,0,19.4144427329302,5.24782003055919,0
0,0,0,0,4.27194007805416,0,2.74535465240479,0,0,0,0,0,4.32659649848938,0,0,0,0,0,0,0,3.42543936404277,0,0,0,0,0,0,0,6.34104776382446,0,7.53840430577596,0,0,0,0,0,3.19557347548635,0,4.17066916197106,0,41.0793151855469,0,0,0,0,0,56.4804916381836,0,0,0,7.24247767708518,0,0,0,0,0,5.10100384397244,0,4.08242749191864,0,0,0,0,9.26633226209217,0,0,0,0,0,0,0,3.27610919210646,0,7.39579775371654,0,0,0,0,0,12.4472770301663,0,5.71319378493877,4.10049037697874,3.82697955883332,21.0955810546875,0,0
0,0,0,0,0,3.47603327035904,0,3.22637141834606,0,0,0,0,0,5.44216274023056,0,0,0,0,0,4.30956207819992,0,0,0,0,0,0,0,7.49006968736649,0,3.45775577335647,0,0,0,0,0,4.66830052357714,0,5.06099100463445,0,0,0,0,0,0,0,14.0070072809855,0,0,0,0,0,5.5095489025116,0,0,0,0,0,4.99802256547488,0,3.88368787105267,0,0,6.73639419463373,0,0,0,0,0,0,0,9.46401847203573,0,6.22092624523673,0,0,0,0,0,0,0,5.81120811901621,0,4.05804624415671,0,15.3368298212687,0,0
0,0,0,0,0,0,0,0,0,0,4.32659649848938,0,0,0,3.18618943507855,0,0,0,0,0,0,0,0,0,0,0,0,0,5.42826834240475,0,0,0,0,0,0,0,0,0,0,0,0,0,0,0,0,0,0,0,0,0,0,0,0,0,0,0,5.13287521733178,0,3.43821896303047,0,4.20271503925323,0,0,0,0,0,0,0,0,0,0,4.26888635972651,0,0,0,0,0,0,0,0,0,0,2.94800825913747,3.01280456054501,0,0,0
0,0,0,0,0,0,0,3.0977210521698,0,0,0,5.44216274023056,0,0,0,3.12691444158554,0,0,0,0,0,0,0,0,0,0,0,3.53741917402848,0,0,0,0,0,0,0,0,0,0,0,0,0,0,0,0,0,0,0,0,0,0,0,0,0,0,0,0,0,9.08246897831963,0,3.51023268186493,0,0,0,0,0,0,0,0,0,0,4.21139063279322,0,10.721954536438,0,0,0,0,0,0,0,0,0,3.2164262981825,3.18148544201484,0,0,0
7.06065901120504,0,0,0,0,0,0,0,4.56781877375938,0,0,0,3.18618943507855,0,0,0,6.90430017521507,31.3412284851074,28.2617142995199,0,0,0,0,0,9.08782863616943,0,3.51538725999685,0,4.032581615448,0,0,0,0,0,0,0,0,0,0,0,0,0,38.996244430542,0,0,0,0,0,14.4570512090411,0,0,0,0,0,6.96171483470172,0,0,0,3.52906123992401,0,3.47972549040168,0,0,0,0,0,0,13.4413292359333,0,3.72264888882637,0,0,0,0,0,0,0,0,0,0,0,0,7.12391159209338,0,16.6329219818115,0,0
0,5.50692090392113,0,0,0,0,0,0,0,5.3731373945872,0,0,0,3.12691444158554,0,0,0,3.88548920231481,0,0,0,0,0,0,0,3.269007248037,0,0,0,0,0,0,0,0,0,0,0,0,0,0,0,0,0,0,0,0,0,0,0,3.27310264110565,0,4.46919226646423,0,0,0,7.68472772836685,0,0,0,2.98087642987569,0,3.36535390838981,0,0,0,0,6.136367651881,0,3.2210207939148,0,0,0,0,0,0,0,0,0,0,0,0,0,4.27024470357334,0,0,0,0
8.93582391738892,0,17.0264739990234,53.0746765136719,0,0,0,0,13.7284279762548,51.4265060424805,0,0,0,0,6.90430017521507,0,0,19.179980795673,21.2185556208322,0,0,0,17.089114061667,31.0229667883653,16.6197866544002,42.5512371063232,7.8942873595689,0,3.77298539790554,0,0,0,0,0,0,92.4905522664388,82.9508406321208,0,39.0012702941895,64.2316457960341,55.9363574356329,63.273365020752,42.905277570997,40.4512990315755,35.3576049804688,59.9391377766927,42.0710372373282,0,0,63.5566551208496,0,0,0,0,13.7452479600906,0,64.8198000590007,0,0,0,6.82424176678513,0,0,48.2879486083984,0,15.5321559906006,37.0660121917725,28.324728012085,38.2567539215088,9.46817833921883,0,5.06813144683838,0,66.429178237915,0,0,0,0,73.6039716932509,60.3340826659367,66.4326205253601,53.5601482815213,13.0022822679321,0,50.1436768528828,0,33.9586711551832
0,0,0,56.2296304702759,0,0,0,0,36.4402894806444,4.18530779464223,0,0,0,0,31.3412284851074,3.88548920231481,19.179980795673,0,17.382470831361,0,0,8.27565595081874,30.6050024385805,10.3772568838506,32.7975681139075,4.76647823310095,38.2876736450195,3.20222263549691,0,0,0,0,0,0,0,83.2145328521729,0,0,0,52.9627014898485,63.0976142883301,46.5912213828347,52.137728645688,42.3914578301566,0,49.014987446013,53.9542673746745,0,0,52.9220549265544,0,0,0,0,60.1001300811768,4.44124113023281,0,0,0,0,45.5634447733561,4.0225876386349,0,76.5300582885742,0,0,8.5921703851223,0,7.57349124859119,38.2406780719757,0,0,0,0,0,0,0,0,62.6850829940658,71.1969810903889,56.3410228330698,65.6829789479574,14.6443485785511,0,50.2418311279599,41.0235595703125,52.3416837056478
26.5286781946818,17.2237740516663,31.5205968856812,41.7560064527724,0,80.4651031494141,0,0,11.1672854242282,3.77167435125871,0,0,0,0,28.2617142995199,0,21.2185556208322,17.382470831361,0,0,49.249626159668,0,39.0427156595083,24.188100751241,33.4520100184849,0,30.7645100402832,0,0,0,0,0,0,0,0,63.200690812331,66.6266199111938,0,52.6560508728027,38.2042887388449,48.3614674224854,31.5427998904107,31.511905214001,35.062997840001,0,24.8703339119588,34.7697464371752,0,0,41.6365339252311,83.9547653198242,0,0,0,19.8155107498169,38.8443184792995,48.9827156066895,0,0,0,23.3712348937988,0,23.3505382537842,43.3494337499142,0,0,30.9735741615295,0,15.3157601356506,31.5644253322056,0,0,31.4871366941012,47.9649305343628,0,0,0,0,43.6788206036825,51.8891151163959,36.8776789454947,49.013201561527,18.2620108229682,0,31.7546399410253,17.232501682781,30.5287597896983
0,0,0,5.26700305938721,0,3.76026897610358,0,4.23875141143799,0,0,0,4.30956207819992,0,0,0,0,0,0,0,0,0,0,0,0,0,0,0,0,0,0,0,0,0,0,0,5.69744142025163,0,4.04934165235293,0,0,0,0,0,0,0,6.45435876112718,0,0,0,0,0,5.23043593493375,0,0,0,0,0,4.63891198780897,0,0,0,0,5.12252561355635,0,0,0,0,0,0,0,0,0,0,0,0,0,0,0,4.31264060404566,0,6.13693512280782,0,3.55871092754862,0,9.85670017451048,0,0
0,0,0,0,10.1364290931008,0,4.04794760545095,0,29.3956489562988,0,3.42543936404277,0,0,0,0,0,0,0,49.249626159668,0,0,0,0,0,0,0,0,0,0,0,0,0,0,0,0,0,4.28257150965557,0,6.18619056218107,0,21.5428740183512,0,0,0,0,0,32.5846048990885,0,51.535572052002,0,12.5468584895134,0,4.4926376389985,0,15.4988911492484,0,3.59798648399589,0,10.8502493951379,0,11.3136951446533,0,0,5.06493344602659,0,0,0,0,0,0,0,0,0,5.65157871660979,0,0,0,0,0,6.01953453985091,0,6.09837609457101,5.50519368397562,0,6.10241625105688,0,0
0,0,0,0,0,0,0,0,0,0,0,0,0,0,0,0,0,8.27565595081874,0,0,0,0,6.65289058925475,4.7944954841856,0,5.67119622784992,0,3.99647164344788,0,0,0,0,0,0,0,0,0,4.38724656927753,28.2102565765381,0,0,0,0,0,0,0,0,19.5601357051304,0,4.21865944428877,0,0,0,0,0,0,0,0,0,0,0,0,0,0,4.55887483428404,6.63688484773244,5.9686128597039,0,6.02113664150238,0,5.55107440948486,0,0,0,0,0,0,0,0,0,6.19070170115419,0,5.33886521047759,6.27983545594745,0,0,0
0,0,0,0,0,0,0,0,24.3045928261497,0,0,0,0,0,0,0,17.089114061667,30.6050024385805,39.0427156595083,0,0,6.65289058925475,0,0,5.07065880978515,0,11.5618770718575,0,4.71064809498034,0,0,0,0,0,0,0,0,7.2221057150099,4.61618723499943,0,0,0,47.296703338623,0,0,0,59.1934719085693,20.1132442767803,4.37992769772889,0,0,0,0,0,0,0,0,0,0,0,0,0,0,0,5.84127765595913,4.7167885164269,0,5.28770014030092,0,8.0047768462788,0,5.05822357808129,0,0,0,0,0,12.0346374511719,0,0,14.0676207951137,6.76879275870447,5.28098964608949,5.75445995877721,91.8108787536621,0,0
0,10.2002866744995,0,23.5677185058594,0,0,0,0,0,5.6516842970977,0,0,0,0,0,0,31.0229667883653,10.3772568838506,24.188100751241,0,0,4.7944954841856,0,0,0,6.19398375561363,0,0,0,0,0,0,0,17.0529747009277,0,0,0,6.74249009866463,0,0,0,5.05110330581665,0,0,0,0,69.6806106567383,14.3697915960241,0,9.04774951934814,0,0,0,0,0,10.1651695787907,0,0,0,0,0,0,0,0,8.84426631550609,0,4.27219970816803,0,6.2255690314553,52.7036819458008,0,0,0,0,0,0,10.7409191131592,0,106.107666015625,75.0684509277344,8.03751686787171,0,5.29096702859873,4.01295757293701,9.49576069326962,5.46666526794434,0
0,0,0,0,0,0,0,0,9.26901106039683,0,0,0,0,0,9.08782863616943,0,16.6197866544002,32.7975681139075,33.4520100184849,0,0,0,5.07065880978515,0,0,0,6.40314312647748,0,0,0,0,0,0,0,0,0,0,0,5.70227528192911,0,49.3601531982422,0,15.2742279171944,0,0,0,0,13.962157422846,7.19433797889513,0,0,0,0,0,3.57901690204938,0,0,0,0,0,3.80328512191772,0,0,0,0,5.09179597291333,33.0746917724609,5.66946576020685,0,5.56455271614922,0,0,0,0,0,0,0,0,0,88.4121723175049,0,5.80443885529146,11.547999377026,0,6.3776496114402,0,42.6989936828613
0,0,0,0,0,0,0,0,0,0,0,0,0,0,0,3.269007248037,42.5512371063232,4.76647823310095,0,0,0,5.67119622784992,0,6.19398375561363,0,0,0,3.85344578280593,0,0,0,0,0,0,0,0,0,0,0,0,0,0,0,0,0,0,0,0,0,0,0,0,0,0,0,0,0,0,0,0,0,0,0,0,8.34982813917441,0,5.68301328368809,0,5.04163772631914,0,5.07378323376179,0,0,0,0,0,0,0,0,0,0,0,5.37811058687876,0,0,0,0
0,0,0,0,0,0,0,0,22.5932047026498,0,0,0,0,0,3.51538725999685,0,7.8942873595689,38.2876736450195,30.7645100402832,0,0,0,11.5618770718575,0,6.40314312647748,0,0,0,3.89415359241622,0,0,0,0,0,0,0,0,0,0,0,0,0,109.228233337402,0,0,0,0,0,10.1319332122803,0,0,0,0,0,25.1189041137695,0,0,0,0,0,0,0,0,0,0,5.00253435969353,0,5.46747836199674,0,4.50496279003399,0,4.56642773632511,0,0,0,0,0,0,0,69.4319508870443,64.2114639282227,0,6.30197796263593,0,61.5931625366211,0,0
0,0,0,0,0,0,0,0,0,0,0,7.49006968736649,0,3.53741917402848,0,0,0,3.20222263549691,0,0,0,3.99647164344788,0,0,0,3.85344578280593,0,0,0,5.02123015306733,0,0,0,0,0,0,0,5.0638960870107,0,0,0,0,0,0,0,0,0,0,0,0,0,0,0,0,0,0,0,10.3789421874033,0,3.92008962631226,0,0,0,0,4.34577568546756,0,0,0,4.20191255069914,0,5.2080144816866,0,8.6941360927743,0,0,0,0,0,0,0,9.72653888194497,0,3.92705054160876,3.39014685153961,0,0,0
0,0,0,0,0,0,0,0,0,0,6.34104776382446,0,5.42826834240475,0,4.032581615448,0,3.77298539790554,0,0,0,0,0,4.71064809498034,0,0,0,3.89415359241622,0,0,0,3.52956653004739,0,0,0,0,0,0,0,4.54302919221961,0,0,0,0,0,0,0,0,0,0,0,0,0,0,0,0,0,3.16179299354553,0,3.9414533774058,0,0,0,0,0,0,6.02367651101315,0,0,0,5.2664076089859,0,4.61799467315267,0,5.80595914767339,0,0,0,0,0,0,0,7.82590698473381,4.74562904828457,3.09826149259295,0,0,0
0,0,0,0,0,0,0,0,0,0,0,3.45775577335647,0,0,0,0,0,0,0,0,0,0,0,0,0,0,0,5.02123015306733,0,0,0,0,0,0,0,0,0,4.58186804032351,0,0,0,0,0,0,0,0,0,0,0,0,0,0,0,0,0,0,0,6.25624874058892,0,0,0,0,0,0,0,0,0,0,0,0,7.65787350357353,0,5.01582975378848,0,0,0,0,0,0,0,5.0400042898953,0,4.02486619472504,0,0,0,0
0,0,0,0,0,0,0,0,0,0,7.53840430577596,0,0,0,0,0,0,0,0,0,0,0,0,0,0,0,0,0,3.52956653004739,0,0,0,0,0,0,0,0,0,3.52545474043411,0,0,0,0,0,0,0,0,0,0,0,0,0,0,0,0,0,5.45351042954818,0,0,0,0,0,0,0,0,0,0,0,0,0,0,5.30523322349371,0,4.49023067101665,0,0,0,0,0,0,0,7.26997260389657,3.27746008185723,2.80424543789455,0,0,0
0,0,0,0,0,0,0,0,0,0,0,0,0,0,0,0,0,0,0,0,0,0,0,0,0,0,0,0,0,0,0,0,3.73974089439099,14.4676105181376,0,8.30873101136466,5.94091278476657,0,0,0,0,0,0,0,0,0,0,5.32411936072053,9.05113567977116,5.14710402488708,0,0,0,0,0,0,0,0,0,0,0,0,0,0,0,0,0,0,0,0,0,0,0,0,4.65859248715898,5.15078925513304,13.7913393124767,0,9.44600181418694,9.09817303263623,0,0,7.87279719980354,0,0,0,0
0,0,0,0,0,0,0,0,0,0,0,0,0,0,0,0,0,0,0,0,0,0,0,0,0,0,0,0,0,0,0,3.73974089439099,0,10.6241014480591,6.52725874088906,3.47826027870178,4.90705720977929,0,0,0,0,0,0,0,0,0,0,4.22930868158661,4.61991715431213,0,0,0,0,0,0,0,0,0,0,0,0,0,0,0,0,0,0,0,0,0,0,0,0,0,4.57516832414426,3.25279902063075,0,4.90422793613967,7.19010448455811,9.64269065935361,0,0,3.47195490668802,0,0,0,0
0,0,0,0,0,0,0,0,0,19.3800392150879,0,0,0,0,0,0,0,0,0,0,0,0,0,17.0529747009277,0,0,0,0,0,0,0,14.4676105181376,10.6241014480591,0,4.72382693391179,6.60345647566295,0,5.03815676002968,12.8298244078954,0,0,0,14.7185049057007,0,0,0,0,5.77332062662097,19.2172449079611,9.28459919053455,0,0,0,0,0,0,0,0,0,0,0,0,0,0,0,0,0,0,0,0,0,0,0,0,17.3646421432495,4.96372569691051,6.19728775861293,4.63704337261754,17.9949621967971,23.1628346876665,5.22220941126802,20.566933854421,5.5771906564633,4.0757579841311,17.2137813568115,0,0
0,0,0,0,0,0,0,0,0,0,0,0,0,0,0,0,0,0,0,0,0,0,0,0,0,0,0,0,0,0,0,0,6.52725874088906,4.72382693391179,0,0,10.8784966698825,11.2836496565077,3.63258516054887,0,0,0,0,0,0,0,0,5.65290692966758,8.90412419182914,18.5728273391724,0,0,0,0,0,0,0,0,0,0,0,0,0,0,0,0,0,0,0,0,0,0,0,0,0,5.23234576445359,4.85501480600975,5.2070049016742,0,10.0783237844445,12.8269270016597,6.50068957865303,5.43003884736482,3.34015684127808,4.36448466777802,0,0
0,55.0485768318176,0,13.0605674700444,34.746696472168,7.93385352194309,0,2.95241379737854,0,14.2205028533936,0,4.66830052357714,0,0,0,0,92.4905522664388,83.2145328521729,63.200690812331,5.69744142025163,0,0,0,0,0,0,0,0,0,0,0,8.30873101136466,3.47826027870178,6.60345647566295,0,0,4.39493080908365,4.96085785887529,0,36.0463578472399,0,52.6170286602444,58.5754127502441,65.9865631103516,0,31.175386752911,87.961306254069,18.1296908354304,8.8705884748035,28.5772365665436,0,13.0451803207397,0,0,0,30.8388907909393,31.6123714447021,6.53995532255906,38.2575035095215,0,0,0,8.06219932707356,0,0,0,0,0,0,0,0,0,71.3121426900228,0,7.32561175745869,3.76169323921204,7.59624447822571,0,6.57185946192878,4.93312134187901,5.77509374332867,0,5.56511144592422,3.61100684960683,25.1582867317415,37.390007019043,0
49.4441299438477,0,46.2480379740397,30.4435104370117,5.2010357287195,0,3.82811361429643,0,55.8908833095006,0,3.19557347548635,0,0,0,0,0,82.9508406321208,0,66.6266199111938,0,4.28257150965557,0,0,0,0,0,0,0,0,0,0,5.94091278476657,4.90705720977929,0,10.8784966698825,4.39493080908365,0,0,5.17043605856624,0,69.3832473754883,0,50.2850691477458,0,0,36.4929351806641,48.0919375684526,7.86526289251116,53.4795130320958,0,17.8726329803467,0,4.70348850886027,0,37.0565376281738,0,3.75126142363522,0,19.4423345565796,0,17.6379566192627,0,0,6.02286666307678,0,0,0,0,0,0,0,0,48.2225952148438,58.3653573989868,6.12235513451981,4.58380333362239,0,9.62028407929512,5.17993225278081,6.3869004925757,0,8.77226044661408,4.70273525805243,3.91859708859067,17.6696934447383,0,0
0,14.2179811000824,0,0,0,0,0,0,0,11.5457750176206,0,5.06099100463445,0,0,0,0,0,0,0,4.04934165235293,0,4.38724656927753,7.2221057150099,6.74249009866463,0,0,0,5.0638960870107,0,4.58186804032351,0,0,0,5.03815676002968,11.2836496565077,4.96085785887529,0,0,5.81689283507211,0,0,7.99835717267004,0,0,0,0,0,8.93858391564825,20.050191561381,4.76279229307573,0,0,0,0,0,16.2638545597301,0,5.20025858012113,0,0,0,0,5.13586804454709,0,5.94128698605323,0,6.37414446235518,0,0,0,3.57729649543762,0,4.77967671308302,0,0,0,5.74989600772129,13.0564088821411,5.4536740262379,0,5.24309395905462,11.0253317851525,5.25631174772558,4.60933278198529,6.59674956721644,7.63359085718791,0
33.9574337005615,0,37.5520337422689,0,42.0257606506348,0,0,0,14.3504544810245,0,4.17066916197106,0,0,0,0,0,39.0012702941895,0,52.6560508728027,0,6.18619056218107,28.2102565765381,4.61618723499943,0,5.70227528192911,0,0,0,4.54302919221961,0,3.52545474043411,0,0,12.8298244078954,3.63258516054887,0,5.17043605856624,5.81689283507211,0,0,6.95334196090698,0,30.1926150768995,0,0,0,45.2737407684326,8.42949415057715,7.01385681214342,0,0,0,0,0,10.1286558628082,0,7.00947765800523,0,0,0,36.7192459106445,0,0,11.0606976781736,5.30057411193848,6.70221044316011,0,8.92403408459255,0,0,0,9.41840385836224,0,5.51851817736259,0,0,13.2273435592651,6.49697063172736,0,6.22896754595258,9.43981051707006,5.26391268230833,4.96701146980858,3.23677707583175,9.3176138025743,0,22.9830272197723
0,27.976188659668,0,27.4192712238857,0,22.7492580413818,0,0,48.000602722168,38.819507598877,0,0,0,0,0,0,64.2316457960341,52.9627014898485,38.2042887388449,0,0,0,0,0,0,0,0,0,0,0,0,0,0,0,0,36.0463578472399,0,0,0,0,89.9555816650391,20.245986692538,54.2086902856827,33.8568990153651,0,14.4688210360842,81.0185419718425,0,40.2263450622559,15.7308961323329,0,0,0,0,0,45.9590167999268,0,38.2890396118164,0,0,0,35.6467900276184,4.37408690907982,79.9118194580078,0,0,0,0,0,0,0,0,40.6257184346517,0,0,0,0,0,11.820096841082,79.8459854125977,18.3611080863259,0,38.565898912135,0,13.3263924928372,20.0594154287268,58.2727584838867
36.694562218406,69.7039947509766,35.1656003249319,0,32.1360054016113,0,0,0,34.1016309356689,0,41.0793151855469,0,0,0,0,0,55.9363574356329,63.0976142883301,48.3614674224854,0,21.5428740183512,0,0,0,49.3601531982422,0,0,0,0,0,0,0,0,0,0,0,69.3832473754883,0,6.95334196090698,89.9555816650391,0,0,31.3028939782449,0,0,0,14.0424864564838,0,10.2158730718278,0,36.5005416870117,0,0,0,30.567040125529,0,41.4415479387556,0,30.9416662851969,0,35.1336992263794,0,0,7.02798197827272,0,0,0,0,0,0,0,0,0,44.9857450008392,0,0,0,0,0,12.4773156499237,92.1472244262695,12.9334476353371,32.1998977168625,0,14.531128525885,0,28.1221355393875
0,17.8986059427261,0,31.3259092648824,0,36.7849704742432,0,0,47.1762619018555,11.4607693573524,0,0,0,0,0,0,63.273365020752,46.5912213828347,31.5427998904107,0,0,0,0,5.05110330581665,0,0,0,0,0,0,0,0,0,0,0,52.6170286602444,0,7.99835717267004,0,20.245986692538,0,0,16.0898940083842,19.745058003922,10.9493103027344,38.7420018166304,59.905668258667,19.3875517845154,9.05505180358887,18.0094224462261,0,0,0,0,0,27.7962010456966,0,22.1752789417903,0,0,0,37.0190204273571,55.0772171020508,43.7372817993164,0,0,9.03718852996826,0,0,0,48.7905807495117,0,14.7614644134746,0,0,0,0,0,37.1745477843189,77.2779388427734,20.1230073284041,64.8119178771973,20.9561922588445,32.3677110671997,17.8543202749546,12.0311787726948,0
23.4082856685328,0,36.4566376050313,35.8740863800049,47.0022398630778,0,0,0,14.0621817475273,0,0,0,0,0,38.996244430542,0,42.905277570997,52.137728645688,31.511905214001,0,0,0,47.296703338623,0,15.2742279171944,0,109.228233337402,0,0,0,0,0,0,14.7185049057007,0,58.5754127502441,50.2850691477458,0,30.1926150768995,54.2086902856827,31.3028939782449,16.0898940083842,0,22.3888207753499,14.6172879120199,45.2680909898546,23.8300199693723,11.0100311153813,12.2199076769368,21.151908584263,49.2147407531738,0,0,0,23.7406162420909,0,23.6824995657977,59.1558952331543,46.9172477722168,0,41.4094193776449,0,0,35.9502310392236,0,0,0,0,0,53.2554969787598,0,0,0,36.000955064246,0,0,14.1060165564219,12.6789855957031,47.3036711319633,31.8489267389906,49.7573177814484,35.7297984558766,24.1373153315341,33.6525077819824,14.0450225348818,66.2090835571289,7.46736862869824
0,19.0318412780762,0,18.6533586502075,0,0,0,0,0,28.0002593994141,0,0,0,0,0,0,40.4512990315755,42.3914578301566,35.062997840001,0,0,0,0,0,0,0,0,0,0,0,0,0,0,0,0,65.9865631103516,0,0,0,33.8568990153651,0,19.745058003922,22.3888207753499,0,0,26.5347021504452,0,0,0,46.7854906717936,0,0,0,0,0,27.2680358886719,0,0,0,0,0,24.2088985443115,0,0,0,0,0,0,0,0,0,0,0,0,0,0,0,0,46.4464490073068,61.7212257385254,43.3113828386579,0,17.294050440442,0,22.1088923335075,26.5500194842999,0
0,0,0,0,0,0,0,0,0,0,0,0,0,0,0,0,35.3576049804688,0,0,0,0,0,0,0,0,0,0,0,0,0,0,0,0,0,0,0,0,0,0,0,0,10.9493103027344,14.6172879120199,0,0,0,0,0,0,0,0,0,0,0,0,0,0,0,0,0,0,0,0,0,0,0,0,0,0,0,0,0,0,0,0,0,0,0,0,0,0,0,14.5454473495483,0,21.4511795043945,0,0
0,18.6383991241455,0,20.0621088266373,0,0,0,0,44.656795501709,26.92551612854,0,14.0070072809855,0,0,0,0,59.9391377766927,49.014987446013,24.8703339119588,6.45435876112718,0,0,0,0,0,0,0,0,0,0,0,0,0,0,0,31.175386752911,36.4929351806641,0,0,14.4688210360842,0,38.7420018166304,45.2680909898546,26.5347021504452,0,0,81.6738891601562,0,35.2764718797472,32.6769161793723,0,0,0,0,0,30.9668949127197,0,28.6312315622965,0,0,0,26.7800651550293,8.64513481481325,0,0,0,0,0,0,0,0,0,36.8974704742432,0,0,0,0,0,17.864419853677,61.8608983357747,19.0247102245208,0,22.8434372066304,0,18.0760960606497,0,0
23.3639509134771,0,22.6008537780407,0,26.4747879084419,0,0,0,24.9143985822363,0,56.4804916381836,0,0,0,0,0,42.0710372373282,53.9542673746745,34.7697464371752,0,32.5846048990885,0,59.1934719085693,69.6806106567383,0,0,0,0,0,0,0,0,0,0,0,87.961306254069,48.0919375684526,0,45.2737407684326,81.0185419718425,14.0424864564838,59.905668258667,23.8300199693723,0,0,81.6738891601562,0,58.8005561828613,40.1903735354728,65.9225463867188,28.4287532806396,0,0,0,29.0003404264097,0,35.8386352345095,0,29.1773242950439,0,29.1738382770169,0,0,10.6966988368268,0,0,0,0,0,0,0,0,0,42.3389672341107,0,0,0,41.0246925354004,56.9939422607422,24.7432838037577,0,36.6678558139626,27.8148794934659,0,24.2799462624513,0,34.8495035691695
46.3762748718262,32.819185256958,0,0,0,0,0,0,32.2255191802979,19.7419988632202,0,0,0,0,0,0,0,0,0,0,0,19.5601357051304,20.1132442767803,14.3697915960241,13.962157422846,0,0,0,0,0,0,5.32411936072053,4.22930868158661,5.77332062662097,5.65290692966758,18.1296908354304,7.86526289251116,8.93858391564825,8.42949415057715,0,0,19.3875517845154,11.0100311153813,0,0,0,58.8005561828613,0,10.0335754172179,8.13375543344516,0,0,0,0,17.1136951446533,0,0,0,0,0,59.4615287780762,0,0,0,20.4805769920349,0,12.840265194575,14.8500781589084,0,0,0,0,0,0,5.99930230493415,8.21138752599421,7.31102384521115,6.93631966617129,9.59345898162487,11.3591349134506,9.20320938805402,14.8314566630742,7.93722245034345,17.3011622428894,9.04550906736404,0,0
8.36877953874034,44.7105191548665,8.76368026751125,30.8664859135946,43.237054007394,0,0,0,13.8460560114003,49.5474472045898,0,0,0,0,14.4570512090411,0,0,0,0,0,51.535572052002,0,4.37992769772889,0,7.19433797889513,0,10.1319332122803,0,0,0,0,9.05113567977116,4.61991715431213,19.2172449079611,8.90412419182914,8.8705884748035,53.4795130320958,20.050191561381,7.01385681214342,40.2263450622559,10.2158730718278,9.05505180358887,12.2199076769368,0,0,35.2764718797472,40.1903735354728,10.0335754172179,0,16.7364336434164,36.6983220236642,0,0,0,10.2693632722376,59.9175758361816,38.4376217842102,0,18.3986451625824,0,9.51864628738146,0,0,44.5338039147226,0,4.75839746439898,0,6.2309299375316,0,3.65894485361436,0,3.0184870560964,53.099437713623,51.3577848581167,10.0490332800767,9.32948519562332,21.588045441586,5.99254960219065,29.2660134633382,18.8781957280313,24.4206892251968,7.80930296847762,15.3878720139348,0,10.0185263585734,0,0
47.9738483428955,4.88442393797356,0,16.4330480238971,0,9.49832820892334,0,0,62.4190654754639,11.9345025486416,0,0,0,0,0,3.27310264110565,63.5566551208496,52.9220549265544,41.6365339252311,0,0,4.21865944428877,0,9.04774951934814,0,0,0,0,0,0,0,5.14710402488708,0,9.28459919053455,18.5728273391724,28.5772365665436,0,4.76279229307573,0,15.7308961323329,0,18.0094224462261,21.151908584263,46.7854906717936,0,32.6769161793723,65.9225463867188,8.13375543344516,16.7364336434164,0,0,0,0,0,56.9734992980957,15.9250146491187,0,12.0141271677884,0,0,53.0294322967529,5.06276991389213,0,0,7.08167720685403,0,4.80030391274429,0,4.91831502421149,0,5.54362373352051,0,6.90417185246619,83.0987319946289,6.46046900749207,16.6803703308105,9.15126295089722,21.3843529851813,13.6266284156404,23.7674733545179,4.37650028812258,25.8646912480531,15.2296850737184,0,10.9718709150368,18.4165646870931,0
0,0,9.92025724210237,0,7.9329013454503,0,8.53006116549174,0,0,0,7.24247767708518,0,0,0,0,0,0,0,83.9547653198242,0,12.5468584895134,0,0,0,0,0,0,0,0,0,0,0,0,0,0,0,17.8726329803467,0,0,0,36.5005416870117,0,49.2147407531738,0,0,0,28.4287532806396,0,36.6983220236642,0,0,0,3.71438922200884,0,0,0,5.78589951550519,0,4.59575267822023,0,4.27968788146973,0,0,15.7215000152588,0,0,0,0,0,0,0,0,0,41.1262741088867,0,0,0,0,0,37.6568018595378,0,0,25.2880886622838,0,10.8003956501731,0,0
0,0,0,5.38831293214228,0,3.85447600909642,0,4.21601366996765,0,0,0,5.5095489025116,0,0,0,4.46919226646423,0,0,0,5.23043593493375,0,0,0,0,0,0,0,0,0,0,0,0,0,0,0,13.0451803207397,0,0,0,0,0,0,0,0,0,0,0,0,0,0,0,0,0,3.36953683495522,0,4.73488211631775,0,4.7257294159431,0,0,0,3.11147483189901,5.99920976161957,0,0,0,0,0,0,0,0,0,0,0,0,0,0,0,0,0,0,0,22.9708360036214,0,19.1740853786469,0,0
0,0,0,0,4.34509992798169,0,3.41999103083755,0,0,0,0,0,0,0,0,0,0,0,0,0,4.4926376389985,0,0,0,0,0,0,0,0,0,0,0,0,0,0,0,4.70348850886027,0,0,0,0,0,0,0,0,0,0,0,0,0,3.71438922200884,0,0,0,0,0,3.24495979617624,0,0,0,0,0,0,0,0,0,0,0,0,0,0,0,0,0,0,0,0,0,0,0,0,0,4.49096853242201,2.94462656974792,5.9016033411026,0,0
0,0,0,0,0,0,0,2.94262957572937,0,0,0,0,0,0,0,0,0,0,0,0,0,0,0,0,0,0,0,0,0,0,0,0,0,0,0,0,0,0,0,0,0,0,0,0,0,0,0,0,0,0,0,3.36953683495522,0,0,0,0,0,4.8697969880369,0,0,0,0,0,0,0,0,0,0,0,0,0,0,0,0,0,0,0,0,0,0,0,0,0,0,0,0,0
5.9257037618704,0,7.48738553676199,0,6.63581589954655,0,0,0,5.22457024190553,0,0,0,0,0,6.96171483470172,0,13.7452479600906,60.1001300811768,19.8155107498169,0,15.4988911492484,0,0,0,3.57901690204938,0,25.1189041137695,0,0,0,0,0,0,0,0,0,37.0565376281738,0,10.1286558628082,0,30.567040125529,0,23.7406162420909,0,0,0,29.0003404264097,17.1136951446533,10.2693632722376,56.9734992980957,0,0,0,0,0,0,19.7758171898978,0,15.7629804611206,0,4.39499651171126,0,0,29.9141665867397,0,0,0,4.74874222998349,0,15.883366394043,0,0,0,36.6370674133301,0,0,0,0,0,40.4262218475342,0,13.2106694242229,6.33950967293281,0,12.1644092206032,0,7.99845282236735
0,6.5893841632872,0,6.68863355613255,0,3.6282447775205,0,0,0,5.71616986861416,0,0,0,0,0,7.68472772836685,0,4.44124113023281,38.8443184792995,0,0,0,0,10.1651695787907,0,0,0,0,0,0,0,0,0,0,0,30.8388907909393,0,16.2638545597301,0,45.9590167999268,0,27.7962010456966,0,27.2680358886719,0,30.9668949127197,0,0,59.9175758361816,15.9250146491187,0,4.73488211631775,0,0,0,0,0,30.3796571095784,0,0,0,0,0,0,0,0,7.05012830712579,0,0,0,0,0,34.2976230621338,0,0,0,0,0,44.5135142986591,0,14.7481719493866,0,9.65496328641784,0,21.7483564390169,25.5219955444336,0
31.0920634269714,0,15.052273140579,0,10.4470177856652,0,3.02556437916226,0,24.2679133415222,0,5.10100384397244,0,5.13287521733178,0,0,0,64.8198000590007,0,48.9827156066895,0,3.59798648399589,0,0,0,0,0,0,0,3.16179299354553,0,5.45351042954818,0,0,0,0,31.6123714447021,3.75126142363522,0,7.00947765800523,0,41.4415479387556,0,23.6824995657977,0,0,0,35.8386352345095,0,38.4376217842102,0,5.78589951550519,0,3.24495979617624,0,19.7758171898978,0,0,0,4.34549915222895,0,9.53194692929586,0,0,6.71323455560987,0,0,0,0,0,0,0,4.58093781158572,0,5.2028808312494,0,0,0,0,0,40.2061168243145,0,7.59602804934041,6.49335832553813,7.5045288152216,8.84851613981383,0,13.2322579643943
0,21.8563585281372,0,24.6910889434814,0,3.83840945290356,0,0,0,30.8206634521484,0,4.99802256547488,0,9.08246897831963,0,0,0,0,0,4.63891198780897,0,0,0,0,0,0,0,10.3789421874033,0,6.25624874058892,0,0,0,0,0,6.53995532255906,0,5.20025858012113,0,38.2890396118164,0,22.1752789417903,59.1558952331543,0,0,28.6312315622965,0,0,0,12.0141271677884,0,4.7257294159431,0,4.8697969880369,0,30.3796571095784,0,0,0,4.03815227792931,0,17.2072249650955,5.56592803336026,0,0,0,0,0,0,0,12.4115634375605,0,5.89440516688607,0,0,0,0,0,50.9724935804095,0,8.43286995543647,0,5.32132397057875,0,6.90353832784689,13.6164922714233,0
0,0,7.00894427703599,0,8.93267718950907,0,2.92391435305277,0,0,0,4.08242749191864,0,3.43821896303047,0,3.52906123992401,0,0,0,0,0,10.8502493951379,0,0,0,0,0,0,0,3.9414533774058,0,0,0,0,0,0,38.2575035095215,19.4423345565796,0,0,0,30.9416662851969,0,46.9172477722168,0,0,0,29.1773242950439,0,18.3986451625824,0,4.59575267822023,0,0,0,15.7629804611206,0,4.34549915222895,0,0,0,3.29015885381138,0,0,11.5599837303162,0,0,0,0,0,2.95144867897034,0,4.69281999881451,0,34.0915870666504,0,0,0,0,0,50.1234423319499,0,36.9523544311523,13.8246368726095,3.20197943161274,7.41090233198234,0,0
0,0,0,3.27012077399663,0,0,0,0,0,0,0,3.88368787105267,0,3.51023268186493,0,2.98087642987569,0,0,0,0,0,0,0,0,0,0,0,3.92008962631226,0,0,0,0,0,0,0,0,0,0,0,0,0,0,0,0,0,0,0,0,0,0,0,0,0,0,0,0,0,4.03815227792931,0,0,0,4.05421447753906,0,0,0,0,0,0,0,0,4.77642848968506,0,0,0,0,0,0,0,0,0,0,0,3.6161627396525,0,0,0,0
9.19236744533886,0,8.15603318751253,0,14.8383817672729,0,0,0,3.90080631490964,0,0,0,4.20271503925323,0,3.47972549040168,0,6.82424176678513,45.5634447733561,23.3712348937988,0,11.3136951446533,0,0,0,3.80328512191772,0,0,0,0,0,0,0,0,0,0,0,17.6379566192627,0,36.7192459106445,0,35.1336992263794,0,41.4094193776449,0,0,0,29.1738382770169,59.4615287780762,9.51864628738146,53.0294322967529,4.27968788146973,0,0,0,4.39499651171126,0,9.53194692929586,0,3.29015885381138,0,0,0,0,26.6736583709717,0,0,0,0,0,4.2058892250061,0,0,0,34.9185173034668,0,0,0,0,0,43.3988708047306,0,0,11.6849063453028,0,13.0409433461524,0,0
0,5.58488626729429,0,5.8946457665141,0,0,0,0,0,6.30082225799561,0,0,0,0,0,3.36535390838981,0,4.0225876386349,0,0,0,0,0,0,0,0,0,0,0,0,0,0,0,0,0,0,0,0,0,35.6467900276184,0,37.0190204273571,0,24.2088985443115,0,26.7800651550293,0,0,0,5.06276991389213,0,3.11147483189901,0,0,0,0,0,17.2072249650955,0,4.05421447753906,0,0,0,0,0,0,0,0,3.38378577882593,0,0,0,32.5165634155273,0,0,0,0,0,51.1004269917806,0,41.5456733703613,0,11.2358281314373,0,26.9012676988329,23.9514846801758,0
0,0,0,28.1838178634644,0,5.50989107463671,0,0,0,0,0,6.73639419463373,0,0,0,0,0,0,23.3505382537842,5.12252561355635,0,0,0,0,0,0,0,0,0,0,0,0,0,0,0,8.06219932707356,0,5.13586804454709,0,4.37408690907982,0,55.0772171020508,0,0,0,8.64513481481325,0,0,0,0,0,5.99920976161957,0,0,0,0,0,5.56592803336026,0,0,0,0,0,0,0,0,0,0,0,0,0,0,0,0,0,0,0,0,5.72996112870874,0,7.01447982152303,0,4.59036877138395,0,9.97980261610646,0,0
29.4494702418645,0,25.9434942991837,0,26.3988917855655,0,0,0,29.1020729201181,0,9.26633226209217,0,0,0,0,0,48.2879486083984,76.5300582885742,43.3494337499142,0,5.06493344602659,0,0,0,0,0,0,0,0,0,0,0,0,0,0,0,6.02286666307678,0,11.0606976781736,79.9118194580078,7.02798197827272,43.7372817993164,35.9502310392236,0,0,0,10.6966988368268,0,44.5338039147226,0,15.7215000152588,0,0,0,29.9141665867397,0,6.71323455560987,0,11.5599837303162,0,26.6736583709717,0,0,0,0,0,0,0,0,0,0,0,0,14.3883318542088,0,0,0,0,0,8.75330635664856,0,10.987777089786,27.2444024455191,0,13.0274719572443,0,20.3019155774798
0,0,0,0,0,0,0,0,0,0,0,0,0,0,0,0,0,0,0,0,0,4.55887483428404,5.84127765595913,8.84426631550609,0,8.34982813917441,0,4.34577568546756,0,0,0,0,0,0,0,0,0,5.94128698605323,5.30057411193848,0,0,0,0,0,0,0,0,20.4805769920349,0,7.08167720685403,0,0,0,0,0,0,0,0,0,0,0,0,0,0,0,13.0410990715027,9.19728437813814,0,8.70123489109837,0,3.69220699528718,0,0,0,0,0,0,0,0,0,6.45874179003339,0,4.84729353680883,4.56409482632653,0,0,0
0,0,0,0,0,0,0,0,0,0,0,0,0,0,0,0,15.5321559906006,0,0,0,0,6.63688484773244,4.7167885164269,0,5.09179597291333,0,5.00253435969353,0,6.02367651101315,0,0,0,0,0,0,0,0,0,6.70221044316011,0,0,0,0,0,0,0,0,0,4.75839746439898,0,0,0,0,0,0,0,0,0,0,0,0,0,0,0,13.0410990715027,0,0,5.29719166057866,0,3.93626390519689,0,5.39421786367893,0,0,0,0,0,0,0,0,12.9677114486694,4.48139891669864,5.6919744172072,3.32740009824435,0,0,0
0,7.9754524230957,0,0,0,0,0,0,0,6.24167527222052,0,0,0,0,0,6.136367651881,37.0660121917725,8.5921703851223,30.9735741615295,0,0,5.9686128597039,0,4.27219970816803,33.0746917724609,5.68301328368809,0,0,0,0,0,0,0,0,0,0,0,6.37414446235518,0,0,0,9.03718852996826,0,0,0,0,0,12.840265194575,0,4.80030391274429,0,0,0,0,0,7.05012830712579,0,0,0,0,0,0,0,0,9.19728437813814,0,0,0,4.15973215620473,0,0,0,0,0,0,0,0,0,0,0,5.47174546657464,0,6.29314160836886,9.2532065709432,5.39389894613579,0,0
0,0,0,0,0,0,0,0,10.4837696368878,0,0,0,0,0,13.4413292359333,0,28.324728012085,0,0,0,0,0,5.28770014030092,0,5.66946576020685,0,5.46747836199674,0,0,0,0,0,0,0,0,0,0,0,8.92403408459255,0,0,0,0,0,0,0,0,14.8500781589084,6.2309299375316,0,0,0,0,0,4.74874222998349,0,0,0,0,0,0,0,0,0,0,5.29719166057866,0,0,0,6.39871247744156,0,0,0,0,0,0,0,0,0,0,0,11.4936275929213,12.3679106235504,0,5.1086741566658,0,0
0,0,0,0,0,0,0,0,0,0,0,0,0,0,0,3.2210207939148,38.2567539215088,7.57349124859119,15.3157601356506,0,0,6.02113664150238,0,6.2255690314553,0,5.04163772631914,0,4.20191255069914,0,0,0,0,0,0,0,0,0,0,0,0,0,0,0,0,0,0,0,0,0,4.91831502421149,0,0,0,0,0,0,0,0,0,0,0,3.38378577882593,0,0,8.70123489109837,0,4.15973215620473,0,0,0,4.78901501893997,0,0,0,0,0,0,0,0,0,0,0,7.5896020460937,0,0,0,0
0,0,0,0,0,0,0,0,5.34483312115525,0,0,0,0,0,3.72264888882637,0,9.46817833921883,38.2406780719757,31.5644253322056,0,0,0,8.0047768462788,52.7036819458008,5.56455271614922,0,4.50496279003399,0,5.2664076089859,0,0,0,0,0,0,0,0,0,0,0,0,0,53.2554969787598,0,0,0,0,0,3.65894485361436,0,0,0,0,0,15.883366394043,0,0,0,2.95144867897034,0,4.2058892250061,0,0,0,0,3.93626390519689,0,6.39871247744156,0,0,0,4.88687458817733,0,0,0,0,0,0,0,0,0,0,6.19922606568587,0,0,0,0
0,23.6921272277832,0,0,0,0,0,0,0,0,0,9.46401847203573,0,4.21139063279322,0,0,0,0,0,0,0,5.55107440948486,0,0,0,5.07378323376179,0,5.2080144816866,0,7.65787350357353,0,0,0,0,0,0,0,3.57729649543762,0,0,0,48.7905807495117,0,0,0,0,0,0,0,5.54362373352051,0,0,0,0,0,0,0,12.4115634375605,0,4.77642848968506,0,0,0,0,3.69220699528718,0,0,0,4.78901501893997,0,0,0,11.3740879118443,0,0,0,0,0,50.3207702636719,0,8.92475476861,0,5.0190965788705,0,7.42257976531982,0,0
0,0,0,0,0,0,0,0,0,0,3.27610919210646,0,4.26888635972651,0,0,0,5.06813144683838,0,0,0,0,0,5.05822357808129,0,0,0,4.56642773632511,0,4.61799467315267,0,5.30523322349371,0,0,0,0,0,0,0,9.41840385836224,0,0,0,0,0,0,0,0,0,3.0184870560964,0,0,0,0,0,0,0,4.58093781158572,0,4.69281999881451,0,0,0,0,0,0,5.39421786367893,0,0,0,4.88687458817733,0,0,0,4.9690655055799,0,0,0,0,0,0,0,15.9538908004761,6.24231013127394,3.65111508775265,8.18600630760193,0,0
0,25.3144345283508,0,27.3217795372009,0,0,0,0,0,34.985294342041,0,6.22092624523673,0,10.721954536438,0,0,0,0,31.4871366941012,0,0,0,0,0,0,0,0,8.6941360927743,0,5.01582975378848,0,0,0,0,0,71.3121426900228,48.2225952148438,4.77967671308302,0,40.6257184346517,0,14.7614644134746,0,0,0,36.8974704742432,0,0,53.099437713623,6.90417185246619,0,0,0,0,0,34.2976230621338,0,5.89440516688607,0,0,0,32.5165634155273,0,0,0,0,0,0,0,0,11.3740879118443,0,0,0,0,0,0,0,51.6290986802843,0,6.13378250161442,0,22.101930473532,0,6.45687331587953,17.4180547926161,0
32.8963958740234,0,34.1946147038386,0,37.6021761894226,0,0,0,29.3585870265961,0,7.39579775371654,0,0,0,0,0,66.429178237915,0,47.9649305343628,0,5.65157871660979,0,0,0,0,0,0,0,5.80595914767339,0,4.49023067101665,0,0,0,0,0,58.3653573989868,0,5.51851817736259,0,44.9857450008392,0,36.000955064246,0,0,0,42.3389672341107,0,51.3577848581167,83.0987319946289,41.1262741088867,0,0,0,36.6370674133301,0,5.2028808312494,0,34.0915870666504,0,34.9185173034668,0,0,14.3883318542088,0,0,0,0,0,0,0,4.9690655055799,0,0,0,0,0,0,0,55.2799136696792,0,7.30325431975025,14.070769820828,7.52998352050781,20.2903782150575,0,20.8438172576451
0,0,0,0,0,0,0,0,0,0,0,0,0,0,0,0,0,0,0,0,0,0,0,0,0,0,0,0,0,0,0,4.65859248715898,4.57516832414426,17.3646421432495,0,7.32561175745869,6.12235513451981,0,0,0,0,0,0,0,0,0,0,5.99930230493415,10.0490332800767,6.46046900749207,0,0,0,0,0,0,0,0,0,0,0,0,0,0,0,0,0,0,0,0,0,0,0,0,0,10.6369890344554,11.0546916796944,0,7.47122662787756,14.0973500609398,0,0,6.04371484748104,0,0,0,0
0,0,0,0,0,0,0,0,0,0,0,0,0,0,0,0,0,0,0,0,0,0,0,0,0,0,0,0,0,0,0,5.15078925513304,3.25279902063075,4.96372569691051,5.23234576445359,3.76169323921204,4.58380333362239,0,0,0,0,0,0,0,0,0,0,8.21138752599421,9.32948519562332,16.6803703308105,0,0,0,0,0,0,0,0,0,0,0,0,0,0,0,0,0,0,0,0,0,0,0,0,10.6369890344554,0,0,7.89685886639815,0,7.25117574204475,0,0,3.44820233696666,0,11.8242692947388,0,0
0,0,0,0,0,0,0,0,0,0,0,0,0,0,0,0,0,0,0,0,0,0,0,10.7409191131592,0,0,0,0,0,0,0,13.7913393124767,0,6.19728775861293,4.85501480600975,7.59624447822571,0,5.74989600772129,13.2273435592651,0,0,0,14.1060165564219,0,0,0,0,7.31102384521115,21.588045441586,9.15126295089722,0,0,0,0,0,0,0,0,0,0,0,0,0,0,0,0,0,0,0,0,0,0,0,0,11.0546916796944,0,0,9.78878080403363,8.57715451188249,24.6442530014936,5.57214456789223,23.9182156456841,8.90235483747247,7.2528904115138,13.822069975046,0,0
