0,0,134.579150483012,0,90.7271817922592,0,0,0,409.461987182498,0,0,0,0,0,71.8035654425621,0,2.26221114397049,1.09355172514915,16.586731955409,0,0,0,0,0,44.350656196475,0,0,0,0,0,0,0,0,0,0,0,12.0372751653194,0.155309826135635,20.3446006476879,1.63470780849457,0.195507988333702,0.716773688793182,142.75866202265,0,0,0,3.72059667110443,0,301.947871044278,0,61.0465883165598,0,0,0,497.416847005486,0,9.2319146245718,0,0,0,98.008728697896,0,0,0,0,0,0,151.802392438054,0,11.8091069161892,0,232.917710989714,0,199.562859341502,0,0,0,0,0,2.96401672065258,0.769252419471741,37.6140802502632,194.374777585268,2.889847189188,682.165049657226,0,0
0,0,0,25.5760694518685,0,0,0,0,0,239.704001352191,0,0,0,4.10744524002075,0,50.4652669876814,2.96138787269592,0.408801019191742,22.3440588340163,0,0,0,0.14843262732029,62.2655051797628,0,0,0,0,0,0,0,0,0,0,0.445464670658112,0.20675565302372,0,27.9014396965504,0.383885681629181,7.62371547520161,0,505.19980571419,1.72471487522125,0,0,3.67697460949421,0,0.127886712551117,0,156.335643023252,0,0,0,0,0,384.193751513958,0,20.512711584568,0,45.3266869336367,0,57.9519715607166,0,0,0,0,333.915789991617,0.151508986949921,12.4991023391485,0,324.983516380191,0,181.541302502155,0,0,0,0,0,5.2585264891386,0,27.0082062035799,0.987564325332642,82.6852487176657,38.8640995770693,790.29700884968,0.116636589169502,0
134.579150483012,0,0,0,125.661406129599,0,0,0,55.5049340128899,0,0,0,0,0,84.6386160254478,0,0,0,0,0,0,0,0,0,1.1155386865139,0,0,0,0,0,0,0,0,0,0,0,0,0,0,0,0,0,35.5970023274422,0,0,0,22.5171117633581,0,59.4546458721161,0,44.4092467725277,0,0,0,53.5254549533129,0,248.703076452017,0,11.8466653823853,0,69.0038949251175,0,0,0,0,0,0,4.85203878581524,0,0.953588545322418,0,2.72473861277103,0,2.40885426104069,0,0,0,0,1.53178882598877,0,0,0,80.1431201398373,64.0493301749229,103.504642963409,0,0
0,25.5760694518685,0,0,0,60.8391189277172,0,0,0,39.4626285210252,0,0,0,0,0,156.817126125097,0,0,0,2.821014970541,0,0,0,0,0,0,0,0,0,0,0,0,0,0,0,14.2934101223946,0,0.436562716960907,0,6.41612917929888,0,122.613501228392,4.21439170837402,0,0,7.69031106680632,0,0.26263502240181,0,6.81934767961502,0,15.1735939234495,0,0,0,73.7028318941593,0,29.158025354147,0,33.1820299327374,0,161.650985062122,0.546108305454254,0,0,0,0,0,0,0,0,0,0.748483747243881,0,0,0,0,0,8.1546206921339,0,0,0,73.7898918092251,74.4128075689077,333.811720922589,0,0
90.7271817922592,0,125.661406129599,0,0,0,27.1599510908127,0,115.0085324049,0,0,0,0,0,97.6833654791117,0,0,0,0,0,80.6802161037922,0,0,0,0,0,0,0,0,0,0,0,0,0,0,0,76.5290871709585,0,0,0,0,0,4.54907932132483,0,0,0,0,0,57.5919066220522,0,161.603626668453,0,1,0,45.6977339833975,0,47.1746146678925,0,15.3600803762674,0,15.866296261549,0,0,41.7141660451889,0,0,0,6.6564961373806,0,0,0,5.42021557688713,0,3.61326013505459,0,0,0,0,0,4.08351548016071,0,1.15327620506287,295.454912111163,64.5316208600998,156.526413232088,0,0
0,0,0,60.8391189277172,0,0,0,4.63247072696686,0,71.7595225572586,0,2.94148823618889,0,0,0,34.0612062811852,0,0,0,61.7277638465166,0,0,0,0,0,0,0,0,0,0,0,0,0,0,0,84.4081633985043,0,0,0,6.19165506958961,0,3.10466653853655,0,0,0,0,0,0,0,0.465398073196411,0,265.59971216321,0,39.155160844326,0,29.77552485466,0,53.5639555603266,0,30.447191119194,0,24.184347525239,10.4761129021645,0,0,0,0,0,0,0,0,0,0,0,0,0,0,0,20.8517226725817,0,0,0,627.720206439495,95.1073015928268,23.4611950069666,0,0
0,0,0,0,27.1599510908127,0,0,0,0,0,0,0,46.8264410495758,0,0,0,0,0,0,0,76.898431956768,0,0,0,0,0,0,0,0,0,0,0,0,0,0,0,39.4909966886044,0,0,0,0,0,0,0,0,0,0,0,0,0,0,0,74.4350275993347,0,0,0,80.3559340834618,0,127.776437804103,0,0,0,0,2.21279348433018,0,0,0,0,0,0,0,0,0,0,0,0,0,0,0,0,0,0,72.8354310393333,3,16.2428987026215,0,0
0,0,0,0,0,4.63247072696686,0,0,0,0,0,11.9093494415283,0,0,0,0,0,0,0,21.9430608153343,0,0,0,0,0,0,0,0,0,0,0,0,0,0,0,0,0,0,0,0,0,0,0,0,0,0,0,0,0,0,0,0,0,23.9234976768494,0,0,0,2,0,0,0,0,0,0,0,0,0,0,0,0,0,0,0,0,0,0,0,0,0,0,0,0,166.938280940056,68.6126366853714,0,0,0
409.461987182498,0,55.5049340128899,0,115.0085324049,0,0,0,0,0.280179336667061,0,0,0,0,134.212687343359,0.102781377732754,34.8424010276794,0.594254791736603,167.974381282926,0,0,0,0,0.247321709990501,196.688015043736,0,48.2138976305723,0,0,0,0,0,0,0,0,1.67721045017242,11.0060597062111,0.781834706664085,159.093027748168,0,1.4853927642107,0.178986400365829,194.243040278554,0,0,0,5.62710279226303,0,43.179608412087,0,7.16644036769867,0,0,0,748.044594034553,0.282562553882599,40.5858050584793,0,0,0,154.422083348036,0.123292110860348,0,0,0.533900439739227,0,0.127407222986221,174.132334604859,0,29.9821408092976,0,131.970688804984,0,152.869567394257,0,0,0,0,0,18.1867050528526,2.84428656101227,100.439651839435,678.074261464179,178.263501733541,223.100543372333,0,0.837431520223618
0,239.704001352191,0,39.4626285210252,0,71.7595225572586,0,0,0.280179336667061,0,0,0,0,0,0,95.4852319359779,4.64316943287849,21.3340946212411,232.715062476695,0,0,0,0.850812248885632,64.0727468132973,0.66568798571825,0,0,0,0,0,0,0,0,0,0,5.73421361297369,0,20.4735859781504,5.44510377943516,8.10890644043684,3.97019171714783,272.733177952468,0.960786990821362,0,0,3.28456833958626,0.107888020575047,0,0,11.354171320796,0,4.20193807780743,0,0,0.09016302973032,526.036902993917,0,20.1914294660091,0,1.54541647434235,0,40.2938612252474,0,0,0,1.00195807218552,124.220366515219,0.841297619044781,1.92281582951546,0,47.2692269310355,0,298.698976129293,0,0,0,0,0,26.6373941525817,0,69.4216766282916,6.592150375247,502.106074534357,27.7402118444443,148.271228417754,0,0
0,0,0,0,0,0,0,0,0,0,0,0,158.308388262987,0,0,0,0,0,0,0,330.960847049952,0,0,0,0,0,0,0,13.3078643977642,0,116.559732019901,0,0,0,0,0,163.067603141069,0,188.664405450225,0,0,0,0,0,0,0,0,0,0,0,0,0,1.80462753772736,0,0,0,1947.16706599295,0,31.2211485356092,0,0,0,0,6.90514680743217,0,0,0,0,0,0,0,9.38025099039078,0,177.966996490955,0,0,0,0,0,8.74985027313232,0,6.87648025155067,53.0422850549221,0,3.81664191186428,0,0
0,0,0,0,0,2.94148823618889,0,11.9093494415283,0,0,0,0,0,450.792781859636,0,0.506304815411568,0,0,0,535.59918102622,0,0,0,0,0,0,0,117.954460680485,0,77.8490183949471,0,0,0,0,0,317.093215838075,0,169.294860422611,0,0,0,0,0,0,0,0,0,0,0,0,0,0,0,0,0,0,0,3165.36440236866,0,4.51358595490456,0,0.256439357995987,38.6454025357962,0,0,0,0,0,0,0,0.835863173007965,0,62.8142609894276,0,0,0,0,0,14.5908223539591,0,15.9575322270393,0,167.180363804102,32.2412076294422,0.418248862028122,0,0
0,0,0,0,0,0,46.8264410495758,0,0,0,158.308388262987,0,0,0,0.307877063751221,0,0,0,0,0,0,0,0,0,0,0,0,0,12.0037802308798,0,0,0,0,0,0,0,0,0,0,0,0,0,0,0,0,0,0,0,0,0,0,0,31.076819062233,0,0,0,172.093900769949,0,531.28026099503,0,2.91703243553638,0,0,0,0,0,0,0,0,0,0,41.5525526106358,0,9.38030725717545,0,0,0,0,0,0,0,0,201.248424381018,205.353428483009,0,0,0
0,4.10744524002075,0,0,0,0,0,0,0,0,0,450.792781859636,0,0,0,87.4681905210018,0,0,0.131133496761322,0,0,0,0,0,0,0,0,131.980534046888,0,0,0,0,0,0,0,0,0,3.98945388197899,0.142865896224976,0.741065919399261,0,3.36457592248917,0,0,0,0.26097497344017,0,0,0,21.7194206416607,0,0,0,0,0,0,0,34.1783691346645,0,1431.49719780684,0,53.1337685137987,0,0,0,0,0,0,19.9189001470804,0,10.1183211654425,0,1.15166656672955,0,0,0,0,0,0,0,0,1.24607470631599,144.314646191895,148.635304987431,31.6281055808067,0,0
71.8035654425621,0,84.6386160254478,0,97.6833654791117,0,0,0,134.212687343359,0,0,0,0.307877063751221,0,0,0,0.239842265844345,0,0,0,1.69968464970589,0,0,0,0,0,0,0,0,0,0,0,0,0,0,0,0,0,4.21682295203209,0,0,0,2.02664804458618,0,0,0,0,0,58.5133933126926,0,2.04078900814056,0,0,0,8.66816374659538,0,21.6767019927502,0,11.3859861195087,0,746.056035488844,0,0,0.695770561695099,0,0,0,3.63282719254494,0,51.5203238874674,0,4.16306279599667,0,1.95397593080997,0,0,0,0,0,0.149060502648354,0,0,105.686023518443,33.6926184296608,11.835977345705,0,0
0,50.4652669876814,0,156.817126125097,0,34.0612062811852,0,0,0.102781377732754,95.4852319359779,0,0.506304815411568,0,87.4681905210018,0,0,0,0,1.37080772221088,0.260884076356888,0,0,0.168176025152206,0.87248882651329,0,7.1769652068615,0,0,0,0,0,0,0,0,0,1.04016615450382,0,3.15216420590878,1.64362751692533,2.86845088750124,0,38.2986552715302,0,0,0,1.20713545382023,0,0.140822649002075,0.226942956447601,89.8262623846531,0,11.1670133471489,0,0,0,29.5679216384888,0,23.508294865489,0,16.0670199394226,0,344.924524217844,0.901993364095688,0,0,0,2.91779297590256,0.494965702295303,50.2573669701815,0,15.8659727275372,0,37.5628436207771,0,0,0,0,0,2.20352873951197,0,4.24151015281677,1.46621586382389,119.146900907159,15.6330105215311,94.503416903317,0,0
2.26221114397049,2.96138787269592,0,0,0,0,0,0,34.8424010276794,4.64316943287849,0,0,0,0,0.239842265844345,0,0,9912.52140868455,1651.73761659861,0,0,0,221.900243714452,0,54.6760125160217,0,224.130949914455,0,0,0,0,0,0,0,0,4.36610487103462,28.2613955438137,0.729041218757629,0.383518978953362,23.5651468038559,27.3410010412335,41.6160808801651,109.683200284839,0,0,29.1873048096895,84.3315036892891,0,0.755074620246887,0,0,0,0,0,12.4485573917627,0.630766212940216,0,0,0,0,0,0,0,0.523486450314522,0,3.00382679700851,1.03925220668316,0,0,0,0,2.10508640110493,24.3505560010672,9.7372720092535,0,0,0,0,66.6483593657613,87.1536494791508,23.209247790277,16.1264013648033,10643.5549088567,1581.31600604951,150.79747377336,0.13330452144146,2.4907389357686
1.09355172514915,0.408801019191742,0,0,0,0,0,0,0.594254791736603,21.3340946212411,0,0,0,0,0,0,9912.52140868455,0,1873.06936752796,0,0,142.285433590412,0,30.4217648506165,0,112.778809607029,0,0,0,0,0,0,0,0,0,22.5675350651145,12.163710385561,2.08832630515099,0,47.0925987064838,9.42668158560991,89.1228222027421,29.5911301746964,0,0,75.386455334723,21.153228610754,0,0,3.32417006790638,0,0,0,0,0.33235439658165,5.1530430316925,0,0.16552671790123,0,0,0,2,0.196766018867493,0,0,0,0,0,17.2979217469692,0,2.30412778258324,2.13558395206928,31.7937259450555,2.43859058618546,0,0,0,0,143.241973772645,30.4484516382217,33.3895660191774,5.53000929951668,8911.00966204703,4715.15528855473,98.7510964125395,1.15786780416965,1.29947843402624
16.586731955409,22.3440588340163,0,0,0,0,0,0,167.974381282926,232.715062476695,0,0,0,0.131133496761322,0,1.37080772221088,1651.73761659861,1873.06936752796,0,0,0,0,0,1.93087160587311,0,0,0,0,0,0,0,0,0,0.183424234390259,0,76.9054042100906,134.866823166609,30.3444187417626,15.7517239004374,157.69037899375,147.277540244162,661.009424440563,670.786918327212,0,0,305.019141800702,336.505356062204,0,7.86290529370308,4.67590706050396,0,0,0,0,61.3392565026879,87.2466816306114,0,1.989905372262,0,0,0.178121075034142,0,1.82317660748959,4.49341434240341,0,0,17.6981373280287,6.30940456688404,0,0.578778892755508,30.3499163389206,17.9882918745279,303.229087464511,80.6122870892286,0,0,0,0,720.292677596211,542.466486491263,319.896474547684,151.406021565199,3010.071725972,225.965471550822,1095.78998290747,5.4885189011693,7.39515320211649
0,0,0,2.821014970541,0,61.7277638465166,0,21.9430608153343,0,0,0,535.59918102622,0,0,0,0.260884076356888,0,0,0,0,0,0,0,0,0,0,0,0,0,0,0,0,0,0,0,380.208309113979,0,222.756045877934,0,0,0,0,0,0,0,36.5279621332884,0,0,0,0,0,0,0,0,0,0,0,567.278804600239,0,1.4733812212944,0,0.804714426398277,1627.86660169065,0,0,0,0,0,0,0,0,0,0,0,0,0,0,0,48.1898131817579,0,7.91476687788963,0,328.178048849106,0,267.018696948886,0,0
0,0,0,0,80.6802161037922,0,76.898431956768,0,0,0,330.960847049952,0,0,0,1.69968464970589,0,0,0,0,0,0,0,0,0,0,0,0,0,0,0,0,0,0,0,0,0,921.719346866012,0,489.637401074171,0,0,0,0,0,0,0,0,0,0,0,67.2787814289331,0,19.328052058816,0,0,0,310.771374166012,0,28.98364174366,0,4.88751131296158,0,0,1233.70640349388,0,0,0,0,0,0,0,0,0,20.2577560245991,0,0,0,0,0,255.736713074148,0,340.305457487702,108.179310560226,0,43.1850958168507,0,0
0,0,0,0,0,0,0,0,0,0,0,0,0,0,0,0,0,142.285433590412,0,0,0,0,609.63873976469,265.045050948858,0.412975400686264,74.666570931673,0,47.9329566955566,0,0,0,0,0,0,0,0,0,1531.87136410177,8.93789204955101,0,0,0,0,0,0,0,0,3.37768334150314,0,8.64049765467644,0,0,0,0,0,0,0,0,0,0,0,0,0,0,12736.8940205649,181.56185375154,129.157650962472,0,168.349255368114,0,100.463444977999,0,0,0,0,0,0,0,0,0,415.866744160652,33.8202298283577,2214.97553546727,680.18309044838,0.214840337634087,0,0
0,0.14843262732029,0,0,0,0,0,0,0,0.850812248885632,0,0,0,0,0,0.168176025152206,221.900243714452,0,0,0,0,609.63873976469,0,0.790007576346397,283.725049942732,0,0,0,59.6165571212769,0,0,0,0,1.36823987960815,0,0,0,42.6349707841873,965.276460282505,0,0,1.59820152819157,3.89381510019302,0,0,0,0,2.92450141906738,102.168741494417,4.25820432603359,0,0,0,0,0,0.574461877346039,0,0,0,0,0,0.401644691824913,0,0,15.6120575517416,8663.91504975408,4.64937578141689,360.125576376915,0,299.15172842145,0,3.75522327423096,0,0,0,0,0,0,0,0,60.6008474379778,287.399254858494,2334.55534270406,1048.32006368041,1.31779932975769,0,0
0,62.2655051797628,0,0,0,0,0,0,0.247321709990501,64.0727468132973,0,0,0,0,0,0.87248882651329,0,30.4217648506165,1.93087160587311,0,0,265.045050948858,0.790007576346397,0,0.332907535135746,96.1362889707088,0,0,0,0,0,0,0,0,0.853493869304657,0.756057798862457,0,194.366655081511,10.1888975203037,0,0,17.7290451526642,0,0,0,0,0,3.18400651216507,0,7.77100242674351,0,0,0,0,0.465217739343643,126.089156016707,0,0,0,0,0.141635477542877,0.268106341362,0,0,172.721888542175,0.287254422903061,1026.82705159485,1.09158928692341,46.4517010748386,0,21.2200470268726,0,8.32622867822647,0,0,0,0,0,0,0,15.7275870293379,14.3723834306002,94.4125334620476,7.12831652164459,16.136715516448,0,0
44.350656196475,0,1.1155386865139,0,0,0,0,0,196.688015043736,0.66568798571825,0,0,0,0,0,0,54.6760125160217,0,0,0,0,0.412975400686264,283.725049942732,0.332907535135746,0,0,198.011474922299,0,0,0,0,0,0,0,0,0,0,2.38100656867027,245.829823613167,0,0,0.817796945571899,7.57636262476444,0,0,0,0,0,22.8795924335718,0.14519901573658,0,0,0,0,143.381102532148,0,0,0,0,0,14.690375238657,0.213277250528336,0,0,0,207.000227063894,0.878526441752911,1413.83079354465,0,68.052569180727,0,7.79830461740494,0,1.42827916145325,0,0,0,0,0,0,3.40544778108597,91.1790726780891,399.833379715681,1.40366992354393,23.1277538836002,0,0
0,0,0,0,0,0,0,0,0,0,0,0,0,0,0,7.1769652068615,0,112.778809607029,0,0,0,74.666570931673,0,96.1362889707088,0,0,0,0,0,0,0,0,0,0,0,0,0,5.68355648219585,0,0,0,0,0,0,0,0,0,0,0,0,0,0,0,0,0,0,0,0,0,0,0,1.40099292993546,0,0,11.2197747826576,0,3.73620310425758,0,1135.6617475152,0,5.27276715636253,0,0,0,0,0,0,0,0,0,1.20669203996658,0,85.2996026724577,0,0,0,0
0,0,0,0,0,0,0,0,48.2138976305723,0,0,0,0,0,0,0,224.130949914455,0,0,0,0,0,0,0,198.011474922299,0,0,0,58.1275691390038,0,0,0,0,0,0,0,0,0,0.505117848515511,0,0,0,0,0,0,0,0,0,0,0,0,0,0,0,7.67411369085312,0,0,0,0,0,0,0,0,0,0,0,0,23.6751529723406,0,752.388830572367,0,3.08854103088379,0,0,0,0,0,0,0,0,0,0.780772060155869,104.334750279784,0,0,0,0
0,0,0,0,0,0,0,0,0,0,0,117.954460680485,0,131.980534046888,0,0,0,0,0,0,0,47.9329566955566,0,0,0,0,0,0,0,113.406370699406,0,0,0,0,0,0,0,3.74371695518494,0,0,0,0,0,0,0,0,0,0,0,0,0,0,0,0,0,0,0,0,0,9.16718363761902,0,0,0,0,51.8866593837738,0,0,0,6.03037950396538,0,832.400617927313,0,0,0,0,0,0,0,0,0,0,0,36.3256504535675,98.2232427597046,0,0,0
0,0,0,0,0,0,0,0,0,0,13.3078643977642,0,12.0037802308798,0,0,0,0,0,0,0,0,0,59.6165571212769,0,0,0,58.1275691390038,0,0,0,215.917095497251,0,0,0,0,0,0,0,117.18815818429,0,0,0,0,0,0,0,0,0,0,0,0,0,0,0,0,0,1.24716919660568,0,0,0,0,0,0,0,0,27.7116487622261,0,0,0,0,0,872.378936067224,0,26.6146100312471,0,0,0,0,0,0,0,8.85005629062653,75.0858778208494,331.46341240406,0,0,0
0,0,0,0,0,0,0,0,0,0,0,77.8490183949471,0,0,0,0,0,0,0,0,0,0,0,0,0,0,0,113.406370699406,0,0,0,0,0,0,0,0,0,125.93032425642,0,0,0,0,0,0,0,0,0,0,0,0,0,0,0,0,0,0,0,40.8832942545414,0,0,0,0,0,0,0,0,0,0,0,0,0,0,207.353070676327,0,0,0,0,0,0,0,0,0,89.8437309861183,3,0,0,0
0,0,0,0,0,0,0,0,0,0,116.559732019901,0,0,0,0,0,0,0,0,0,0,0,0,0,0,0,0,0,215.917095497251,0,0,0,0,0,0,0,0,0,100.182664960623,0,0,0,0,0,0,0,0,0,0,0,0,0,0,0,0,0,4.54101920127869,0,0,0,0,0,0,0,0,0,0,0,0,0,0,0.804128974676132,0,647.149258077145,0,0,0,0,0,0,0,17.2034139633179,34.2993216365576,0,0,0,0
0,0,0,0,0,0,0,0,0,0,0,0,0,0,0,0,0,0,0,0,0,0,0,0,0,0,0,0,0,0,0,0,310.149255037308,2.73821768164635,0,335.14936798811,65.1071817278862,0,0,0,0,0,0,0,0,0,0,72.5399885475636,0,0.362890064716339,0,0,0,0,0,0,0,0,0,0,0,0,0,0,0,0,0,0,0,0,0,0,0,0,796.911185950041,56.6527359187603,115.815642476082,0,514.450768262148,0,0,0,428.130520761013,0,0,0,0
0,0,0,0,0,0,0,0,0,0,0,0,0,0,0,0,0,0,0,0,0,0,0,0,0,0,0,0,0,0,0,310.149255037308,0,0,117.208382964134,79.3561294078827,181.319941937923,0,0,0,2.18005798757076,0,0,0,0,0,0,290.307268604636,36.6638202667236,0,0,0,0,0,0,0,0,0,0,0,0,0,0,0,0,0,0,0,0,0,0,0,0,0,17.3389054536819,1104.90822060406,0,72.6717767864466,0,192.396355465055,0,0,52.1887857317924,0,0,0,0
0,0,0,0,0,0,0,0,0,0,0,0,0,0,0,0,0,0,0.183424234390259,0,0,0,1.36823987960815,0,0,0,0,0,0,0,0,2.73821768164635,0,0,1207.73662877083,241.748856551945,5.98125815391541,92.2076655030251,14.9692014604807,1.01153552532196,0,32.2981630861759,1.7943232357502,0,0,0,0,1444.98791815341,0,112.791221246123,0,0,0,0,0,0,0,0,0,0,0,0,0,0,0,0,0,0,0,0,0,0,0,0,56.735319674015,0,2567.11099924147,430.37202629447,102.918271377683,0,268.833449706435,15.0716317892075,458.378416270018,194.642092674971,10.1224122494459,0,0
0,0.445464670658112,0,0,0,0,0,0,0,0,0,0,0,0,0,0,0,0,0,0,0,0,0,0.853493869304657,0,0,0,0,0,0,0,0,117.208382964134,1207.73662877083,0,0,548.279743120074,8.08234138786793,282.790549904108,0,0,1.36342304944992,3.81540215015411,0,0,0,0.649207927286625,1129.41542831063,158.373057365417,4.89250533282757,0,0,0,0,0,0.383470714092255,0,0,0,0,0,0,0,0,0.468545883893967,0,0.423697680234909,0,0,0,0,0,0,0,0,7.8737844824791,321.716420888901,2498.40974538028,0,131.458854004741,1.60710027813911,120.275428652763,368.070520982146,140.822506546974,1.26058368384838,0,0
0,0.20675565302372,0,14.2934101223946,0,84.4081633985043,0,0,1.67721045017242,5.73421361297369,0,317.093215838075,0,0,0,1.04016615450382,4.36610487103462,22.5675350651145,76.9054042100906,380.208309113979,0,0,0,0.756057798862457,0,0,0,0,0,0,0,335.14936798811,79.3561294078827,241.748856551945,0,0,789.822287589312,1875.44844314456,6.82771170139313,409.637877397239,86.2598689347506,195.513288296759,15.962783664465,0,0,58.801476791501,0.115324236452579,108.135648578405,2.73124265670776,676.258161589503,0,0.572164237499237,0,0,0,1.59499558806419,0,29.4179897755384,0,8.99644102156162,0,3.88428094983101,396.294011816382,0,0,0,0,0,0,0,0,0,4.39481366425753,0,123.832615196705,99.8512115478516,242.058694459498,0,14495.5524581,712.972743451595,1793.91112851351,0.4685348123312,1619.25800021738,16.2945416867733,302.188556902111,0,0
12.0372751653194,0,0,0,76.5290871709585,0,39.4909966886044,0,11.0060597062111,0,163.067603141069,0,0,0,0,0,28.2613955438137,12.163710385561,134.866823166609,0,921.719346866012,0,0,0,0,0,0,0,0,0,0,65.1071817278862,181.319941937923,5.98125815391541,548.279743120074,789.822287589312,0,0,2433.49498681724,1.58143366873264,802.369518622756,2.55763621628284,140.246309742332,0,0,0,139.436977691948,65.7730314284563,607.16212528199,2.72891235351562,171.66931040585,0,0,0,3.13566219806671,0,4.46444100141525,0,0,0,0.127464935183525,0,0,1091.26351688057,0,0,0,0,0,0,0,0.833534300327301,2.18280529975891,3.40374051034451,0,34.7658632099628,0,158.297453284264,360.687820732594,16569.5294211134,0.914150536060333,2150.93298179656,1263.77221731097,290.49990619719,194.797325737774,0,3.32813119888306
0.155309826135635,27.9014396965504,0,0.436562716960907,0,0,0,0,0.781834706664085,20.4735859781504,0,169.294860422611,0,3.98945388197899,0,3.15216420590878,0.729041218757629,2.08832630515099,30.3444187417626,222.756045877934,0,1531.87136410177,42.6349707841873,194.366655081511,2.38100656867027,5.68355648219585,0,3.74371695518494,0,125.93032425642,0,0,0,92.2076655030251,8.08234138786793,1875.44844314456,0,0,218.652836941183,1.67284996807575,0,82.0275686010718,0.635608792304993,0,0,49.0690247491002,1.18856632709503,288.554053500295,16.4858936965466,243.898929417133,0,0,0,0,1.42015689611435,49.7976013123989,0,0,0,0,0.292758673429489,10.7132150530815,609.588066853583,0,829.02877612412,17.1970250308514,322.511300414801,7.95960499346256,46.8877321183681,0,77.3985049724579,0,96.9139883667231,0,0,0,166.74522536993,0,920.056126959622,0.557562708854675,11810.6290634722,313.763180494308,1473.8134746626,135.200764656067,83.5750155746937,0.280105799436569,0
20.3446006476879,0.383885681629181,0,0,0,0,0,0,159.093027748168,5.44510377943516,188.664405450225,0,0,0.142865896224976,4.21682295203209,1.64362751692533,0.383518978953362,0,15.7517239004374,0,489.637401074171,8.93789204955101,965.276460282505,10.1888975203037,245.829823613167,0,0.505117848515511,0,117.18815818429,0,100.182664960623,0,0,14.9692014604807,282.790549904108,6.82771170139313,2433.49498681724,218.652836941183,0,0,3.55834370851517,17.1266971975565,154.991338655353,0,0,0,13.4548770412803,295.635645002127,273.300702810287,25.479022115469,0,0,0,0,94.6341152340174,5.57745327800512,127.170861929655,0,0,0,39.9410847127438,1.2273638099432,0,253.25156313926,6.10662169754505,1129.09380421042,15.7450260818005,250.620000258088,2.01415284723043,32.6537173688412,0,25.6418046951294,0,57.8947395533323,0,0,0,220.162425011396,0,731.155111946166,286.343085706234,14032.6413953826,1348.12395373732,280.781544700265,76.6273481398821,0,0
1.63470780849457,7.62371547520161,0,6.41612917929888,0,6.19165506958961,0,0,0,8.10890644043684,0,0,0,0.741065919399261,0,2.86845088750124,23.5651468038559,47.0925987064838,157.69037899375,0,0,0,0,0,0,0,0,0,0,0,0,0,0,1.01153552532196,0,409.637877397239,1.58143366873264,1.67284996807575,0,0,123.660403013229,795.569353237748,4.13899087905884,0,0,749.262363776565,0.756406843662262,740.086511775851,248.052810370922,1575.67324659973,0,0,0,0,0,12.1016924977303,0,0,0,0.527155146002769,0,3.21526411175728,33.2505869120359,0.106427818536758,0,0,0.375419661402702,0,0.533153764903545,0,0.512664452195168,0,7.62585956603289,0,0,0,0,0,786.642274446785,7.20414771139622,4.18866936117411,0,421.050962761045,9.59176544845104,1867.2510548234,5.38214799761772,0
0.195507988333702,0,0,0,0,0,0,0,1.4853927642107,3.97019171714783,0,0,0,0,0,0,27.3410010412335,9.42668158560991,147.277540244162,0,0,0,0,0,0,0,0,0,0,0,0,0,2.18005798757076,0,0,86.2598689347506,802.369518622756,0,3.55834370851517,123.660403013229,0,0.0977047756314278,336.224527403712,0,0,2.95633809268475,385.112575933337,658.555433765054,2895.89977994561,95.7917551696301,0,0,0,0,4.49049215018749,0,0,0,0,0,0.181875884532928,0,0,39.8947905898094,0,0,0,0,0,0,0.159666687250137,0.142707630991936,0,1.92598220705986,0,86.04241797328,0,0,58.9206305295229,1358.72438846529,2.18066174536943,23.1816268861294,259.863555409014,1.59942939132452,1022.20004221797,0,14.4037100672722
0.716773688793182,505.19980571419,0,122.613501228392,0,3.10466653853655,0,0,0.178986400365829,272.733177952468,0,0,0,3.36457592248917,0,38.2986552715302,41.6160808801651,89.1228222027421,661.009424440563,0,0,0,1.59820152819157,17.7290451526642,0.817796945571899,0,0,0,0,0,0,0,0,32.2981630861759,1.36342304944992,195.513288296759,2.55763621628284,82.0275686010718,17.1266971975565,795.569353237748,0.0977047756314278,0,358.189474254847,0,0,1185.11204683036,3.70196862518787,102.133215337992,32.1892006099224,832.998577259481,0,0,0,0,0.452009290456772,464.161329343915,0,1.20325088500977,0,11.3913404941559,0,67.7598036974669,6.87732158601284,0,0,0.810929626226425,60.2412974685431,0,6.17317187786102,0,104.486120425165,0.149286076426506,349.073372222483,0.740237712860107,0,0,3.74902500212193,0,898.587196469307,2.92377019673586,205.922223441303,15.2244421541691,2765.02720165998,254.480496823788,1912.80532912165,79.8087860718369,0
142.75866202265,1.72471487522125,35.5970023274422,4.21439170837402,4.54907932132483,0,0,0,194.243040278554,0.960786990821362,0,0,0,0,2.02664804458618,0,109.683200284839,29.5911301746964,670.786918327212,0,0,0,3.89381510019302,0,7.57636262476444,0,0,0,0,0,0,0,0,1.7943232357502,3.81540215015411,15.962783664465,140.246309742332,0.635608792304993,154.991338655353,4.13899087905884,336.224527403712,358.189474254847,0,0,5.98866248130798,4.66348300874233,1948.23610358685,241.111219912767,626.555211484432,61.6401300579309,0.425048872828484,0,0,0,106.105046510696,0.419408917427063,0.833221435546875,0,0,0,46.0946564674377,0,0,17.2868667989969,0,0.474344313144684,0.203932404518127,10.7202249914408,0,8.46686492860317,0,231.210766233504,2.45392164587975,282.399896927178,0,0,0,0,33.3760267049074,629.918796397746,4.03175716102123,152.135114632547,2983.99887505919,16.8119298443198,2661.84600939602,0,206.739114075899
0,0,0,0,0,0,0,0,0,0,0,0,0,0,0,0,0,0,0,0,0,0,0,0,0,0,0,0,0,0,0,0,0,0,0,0,0,0,0,0,0,0,0,0,0,0,0,0,0,0,0,0,0,0,0,0,0,0,0,0,0,0,0,0,0,0,0,0,0,0,0,0,0,0,0,0,0,0,0,0,0,0,0,0,0,0,0
0,0,0,0,0,0,0,0,0,0,0,0,0,0,0,0,0,0,0,0,0,0,0,0,0,0,0,0,0,0,0,0,0,0,0,0,0,0,0,0,0,0,5.98866248130798,0,0,0,0.739493355154991,0,2.3996639251709,0,0,0,0,0,0,0,0,0,0,0,0,0,0,0,0,0,0,0,0,0,0,0,0,0,0,0,0,0,0,0.176198750734329,0,0,0,0,0.622318476438522,0,0
0,3.67697460949421,0,7.69031106680632,0,0,0,0,0,3.28456833958626,0,0,0,0.26097497344017,0,1.20713545382023,29.1873048096895,75.386455334723,305.019141800702,36.5279621332884,0,0,0,0,0,0,0,0,0,0,0,0,0,0,0,58.801476791501,0,49.0690247491002,0,749.262363776565,2.95633809268475,1185.11204683036,4.66348300874233,0,0,0,2.95784162729979,0,0,4.88697177171707,0,0,0,0,0,16.7043951302767,0,1.81001207232475,0,0.196494445204735,0,2.80937199294567,1733.12101040781,0,0,0,0.564046174287796,0,0,0,0.117711946368217,0,15.4843346178532,0.105466298758984,0,0,0,0,1378.30581232905,1.09169967472553,143.588559269905,0,397.112321302295,29.7426230832934,1044.88223496079,6.90110912919044,0
3.72059667110443,0,22.5171117633581,0,0,0,0,0,5.62710279226303,0.107888020575047,0,0,0,0,0,0,84.3315036892891,21.153228610754,336.505356062204,0,0,0,0,0,0,0,0,0,0,0,0,0,0,0,0.649207927286625,0.115324236452579,139.436977691948,1.18856632709503,13.4548770412803,0.756406843662262,385.112575933337,3.70196862518787,1948.23610358685,0,0.739493355154991,2.95784162729979,0,0,13.908746086061,0,0,0,0,0,0.222078546881676,0.436833947896957,0.561418972909451,0,0,0,0,0,0,2207.63213021308,0,0,0,0,0,0,0,1.87605313956738,1.23228565603495,18.2552347332239,0,0,0,0,6.39052765071392,1265.28348971158,6.27399984002113,99.0870239436626,279.118383906782,9.18595159053802,1230.45748008788,0,16.9439468234777
0,0.127886712551117,0,0.26263502240181,0,0,0,0,0,0,0,0,0,0,0,0.140822649002075,0,0,0,0,0,3.37768334150314,2.92450141906738,3.18400651216507,0,0,0,0,0,0,0,72.5399885475636,290.307268604636,1444.98791815341,1129.41542831063,108.135648578405,65.7730314284563,288.554053500295,295.635645002127,740.086511775851,658.555433765054,102.133215337992,241.111219912767,0,0,0,0,0,543.884916692972,754.764547422528,0,0,0,0,0,0.372218057513237,0,0,0,0,0,0.803292691707611,0,0,5.24569553136826,2.48290883004665,0.96230548620224,0,0,0,0,0,0,0,14.1358168125153,121.428520143032,203.887668579817,63.9724276214838,100.418500065804,142.916501149535,253.83816049993,240.447645455599,2319.11629913747,27.2125987708569,184.359861567616,0,0
301.947871044278,0,59.4546458721161,0,57.5919066220522,0,0,0,43.179608412087,0,0,0,0,0,58.5133933126926,0.226942956447601,0.755074620246887,0,7.86290529370308,0,0,0,102.168741494417,0,22.8795924335718,0,0,0,0,0,0,0,36.6638202667236,0,158.373057365417,2.73124265670776,607.16212528199,16.4858936965466,273.300702810287,248.052810370922,2895.89977994561,32.1892006099224,626.555211484432,0,2.3996639251709,0,13.908746086061,543.884916692972,0,160.035636991262,12.6244254261255,0,0,0,61.5519744902849,0.385455653071404,19.3441604077816,0,16.8523444384336,0,265.20774166286,0.155571922659874,0,1.12455040216446,0.643959075212479,3.6082743704319,0.820351704955101,31.0175841003656,0,385.277298375964,0,214.901845425367,0.326009899377823,17.7778176218271,0,178.445234313607,0,51.5586897134781,2.44284439086914,644.199419438839,8.94772979617119,310.234087914228,603.280172795057,2.71905103325844,1812.50603297353,0,0
0,156.335643023252,0,6.81934767961502,0,0.465398073196411,0,0,0,11.354171320796,0,0,0,21.7194206416607,0,89.8262623846531,0,3.32417006790638,4.67590706050396,0,0,8.64049765467644,4.25820432603359,7.77100242674351,0.14519901573658,0,0,0,0,0,0,0.362890064716339,0,112.791221246123,4.89250533282757,676.258161589503,2.72891235351562,243.898929417133,25.479022115469,1575.67324659973,95.7917551696301,832.998577259481,61.6401300579309,0,0,4.88697177171707,0,754.764547422528,160.035636991262,0,0,0.293815582990646,0,0,0,17.9615326076746,0,0,0,46.3016232848167,0,284.685347229242,1.17311787605286,0,3.62963725626469,0.469248741865158,21.0258083790541,0,107.083071291447,0,114.975417658687,0,40.4098107367754,0,0,0,43.3376911878586,0,518.201308503747,1.35548631846905,636.259182557464,29.1976348459721,1851.98475073278,9.05068046599627,1283.77224779129,1.41777938604355,0
61.0465883165598,0,44.4092467725277,0,161.603626668453,0,0,0,7.16644036769867,0,0,0,0,0,2.04078900814056,0,0,0,0,0,67.2787814289331,0,0,0,0,0,0,0,0,0,0,0,0,0,0,0,171.66931040585,0,0,0,0,0,0.425048872828484,0,0,0,0,0,12.6244254261255,0,0,0,0,0,4.6673761755228,0,23.3229041844606,0,46.3365121781826,0,141.072706773877,0,0,17.9025604873896,0,0,0,2.15079832077026,0,0,0,1.44888658821583,0,1.69758927822113,0,0,0,0,0,10.2979184091091,0,0,313.346101969481,0,1.27307760715485,0,0
0,0,0,15.1735939234495,0,265.59971216321,0,0,0,4.20193807780743,0,0,0,0,0,11.1670133471489,0,0,0,0,0,0,0,0,0,0,0,0,0,0,0,0,0,0,0,0.572164237499237,0,0,0,0,0,0,0,0,0,0,0,0,0,0.293815582990646,0,0,0,0,0,17.4844870567322,0,44.9426208883524,0,5.56850007176399,0,26.3757594823837,2.59900239109993,0,0,0,0,0,0,0,0,0,0,0,0,0,0,0,0.399216830730438,0,0,0,5.00542774796486,7.53202785551548,1.15262170135975,0,0
0,0,0,0,1,0,74.4350275993347,0,0,0,1.80462753772736,0,31.076819062233,0,0,0,0,0,0,0,19.328052058816,0,0,0,0,0,0,0,0,0,0,0,0,0,0,0,0,0,0,0,0,0,0,0,0,0,0,0,0,0,0,0,0,0,0,0,27.1978363394737,0,5.95219990611076,0,0,0,0,0,0,0,0,0,0,0,0,0,0,0,0,0,0,0,0,0,0,0,0,0,0,0,0
0,0,0,0,0,39.155160844326,0,23.9234976768494,0,0,0,0,0,0,0,0,0,0,0,0,0,0,0,0,0,0,0,0,0,0,0,0,0,0,0,0,0,0,0,0,0,0,0,0,0,0,0,0,0,0,0,0,0,0,0,0,0,2,0,3,0,0,0,0,0,0,0,0,0,0,0,0,0,0,0,0,0,0,0,0,0,0,170.446776270866,8.03485000133514,0,0,0
497.416847005486,0,53.5254549533129,0,45.6977339833975,0,0,0,748.044594034553,0.09016302973032,0,0,0,0,8.66816374659538,0,12.4485573917627,0.33235439658165,61.3392565026879,0,0,0,0,0.465217739343643,143.381102532148,0,7.67411369085312,0,0,0,0,0,0,0,0,0,3.13566219806671,1.42015689611435,94.6341152340174,0,4.49049215018749,0.452009290456772,106.105046510696,0,0,0,0.222078546881676,0,61.5519744902849,0,4.6673761755228,0,0,0,0,0.125416725873947,12.8498422503471,0,0,0,52.8197190463543,0,0,0,0.655058681964874,0,0.373679496347904,168.463005706668,0,4.91298939287663,0,110.514171972871,0,90.0828788131475,0,0,0,0,0.129238411784172,4.98372869193554,0.560914725065231,30.8287389874458,266.968775883317,18.6891976743937,206.146990120411,0,0.402556955814362
0,384.193751513958,0,73.7028318941593,0,29.77552485466,0,0,0.282562553882599,526.036902993917,0,0,0,0,0,29.5679216384888,0.630766212940216,5.1530430316925,87.2466816306114,0,0,0,0.574461877346039,126.089156016707,0,0,0,0,0,0,0,0,0,0,0.383470714092255,1.59499558806419,0,49.7976013123989,5.57745327800512,12.1016924977303,0,464.161329343915,0.419408917427063,0,0,16.7043951302767,0.436833947896957,0.372218057513237,0.385455653071404,17.9615326076746,0,17.4844870567322,0,0,0.125416725873947,0,0,10.6979265213013,0,0.928657323122025,0,91.4881955906749,0,0,0,0,247.162287510931,0.494215339422226,2.01342058181763,0,104.178484216332,0,497.555753670633,0,0,0,0,0,23.910527780652,0,62.9244604706764,5.33300131559372,268.339579001069,84.6960880607367,261.217429868877,0,0
9.2319146245718,0,248.703076452017,0,47.1746146678925,0,80.3559340834618,0,40.5858050584793,0,1947.16706599295,0,172.093900769949,0,21.6767019927502,0,0,0,0,0,310.771374166012,0,0,0,0,0,0,0,1.24716919660568,0,4.54101920127869,0,0,0,0,0,4.46444100141525,0,127.170861929655,0,0,0,0.833221435546875,0,0,0,0.561418972909451,0,19.3441604077816,0,23.3229041844606,0,27.1978363394737,0,12.8498422503471,0,0,0,711.378156915307,0,16.2680978626013,0,0,46.1165684610605,0,0,0,0,0,2.69287264347076,0,33.8202579021454,0,91.2040617614985,0,0,0,0,0,0.74507749080658,0,0,9.15411499142647,15.4578951299191,225.233394309878,0,0
0,20.512711584568,0,29.158025354147,0,53.5639555603266,0,2,0,20.1914294660091,0,3165.36440236866,0,34.1783691346645,0,23.508294865489,0,0.16552671790123,1.989905372262,567.278804600239,0,0,0,0,0,0,0,0,0,40.8832942545414,0,0,0,0,0,29.4179897755384,0,0,0,0,0,1.20325088500977,0,0,0,1.81001207232475,0,0,0,0,0,44.9426208883524,0,2,0,10.6979265213013,0,0,0,404.088710963726,0,45.1442527770996,224.667351827025,0,0,0,0,0,0,0,319.482814699411,0,1010.1092903316,0,0,0,0,0,0.410815991461277,0,1.49889603257179,0,59.3804643452168,61.4328867346048,215.484495520592,0,0
0,0,11.8466653823853,0,15.3600803762674,0,127.776437804103,0,0,0,31.2211485356092,0,531.28026099503,0,11.3859861195087,0,0,0,0,0,28.98364174366,0,0,0,0,0,0,0,0,0,0,0,0,0,0,0,0,0,0,0,0,0,0,0,0,0,0,0,16.8523444384336,0,46.3365121781826,0,5.95219990611076,0,0,0,711.378156915307,0,0,0,162.428829908371,0,0,7.57028220593929,0,0,0,0,0,0,0,0.734868705272675,0,0,0,0,0,0,0,0,0,0,31.1049280166626,2,10.8303243219852,0,0
0,45.3266869336367,0,33.1820299327374,0,30.447191119194,0,0,0,1.54541647434235,0,4.51358595490456,0,1431.49719780684,0,16.0670199394226,0,0,0,1.4733812212944,0,0,0,0,0,0,0,9.16718363761902,0,0,0,0,0,0,0,8.99644102156162,0,0,0,0.527155146002769,0,11.3913404941559,0,0,0,0.196494445204735,0,0,0,46.3016232848167,0,5.56850007176399,0,3,0,0.928657323122025,0,404.088710963726,0,0,0,39.3561175912619,2.5722981095314,0,0,0,0,0,37.5588788837194,0,86.553934559226,0,2.08906772732735,0,0,0,0,0,0,0,0,0,23.9252648353577,2.62586799263954,57.6147044450045,0,0
98.008728697896,0,69.0038949251175,0,15.866296261549,0,0,0,154.422083348036,0,0,0,2.91703243553638,0,746.056035488844,0,0,0,0.178121075034142,0,4.88751131296158,0,0,0.141635477542877,14.690375238657,0,0,0,0,0,0,0,0,0,0,0,0.127464935183525,0.292758673429489,39.9410847127438,0,0.181875884532928,0,46.0946564674377,0,0,0,0,0,265.20774166286,0,141.072706773877,0,0,0,52.8197190463543,0,16.2680978626013,0,162.428829908371,0,0,0,0,1.82558915019035,0,0,0,30.8581412881613,0,156.763277515769,0,20.9668742269278,0,2.17349573969841,0,0,0,0,0,0,0,7.14083188772202,35.1397100687027,0.669635146856308,433.314002126455,0,0
0,57.9519715607166,0,161.650985062122,0,24.184347525239,0,0,0.123292110860348,40.2938612252474,0,0.256439357995987,0,53.1337685137987,0,344.924524217844,0,2,0,0.804714426398277,0,0,0.401644691824913,0.268106341362,0.213277250528336,1.40099292993546,0,0,0,0,0,0,0,0,0,3.88428094983101,0,10.7132150530815,1.2273638099432,3.21526411175728,0,67.7598036974669,0,0,0,2.80937199294567,0,0.803292691707611,0.155571922659874,284.685347229242,0,26.3757594823837,0,0,0,91.4881955906749,0,45.1442527770996,0,39.3561175912619,0,0,0.163861244916916,0,0,0,8.27747301757336,0.343098476529121,53.2561842054129,0,38.2990247160196,0,12.2489833831787,0,0,0,0,0,0.300266146659851,0,0.207887038588524,2.81646382808685,42.8529856726527,1.48257507383823,169.04083301127,0,0
0,0,0,0.546108305454254,0,10.4761129021645,0,0,0,0,0,38.6454025357962,0,0,0,0.901993364095688,0,0.196766018867493,1.82317660748959,1627.86660169065,0,0,0,0,0,0,0,0,0,0,0,0,0,0,0,396.294011816382,0,609.588066853583,0,33.2505869120359,0,6.87732158601284,0,0,0,1733.12101040781,0,0,0,1.17311787605286,0,2.59900239109993,0,0,0,0,0,224.667351827025,0,2.5722981095314,0,0.163861244916916,0,0,0,0,0,0,0,0,0,0,242.849086254835,0,0,0,0,0,501.705047532916,0,511.694816701114,0,123.912606850266,0,977.135472796857,0,0
0,0,0,0,41.7141660451889,0,2.21279348433018,0,0,0,6.90514680743217,0,0,0,0.695770561695099,0,0.523486450314522,0,4.49341434240341,0,1233.70640349388,0,0,0,0,0,0,0,0,0,0,0,0,0,0,0,1091.26351688057,0,253.25156313926,0.106427818536758,39.8947905898094,0,17.2868667989969,0,0,0,2207.63213021308,0,1.12455040216446,0,17.9025604873896,0,0,0,0,0,46.1165684610605,0,7.57028220593929,0,1.82558915019035,0,0,0,0,0,0,0,0,0,0,0.274900451302528,0,77.9708657637239,0,0,0,0,0,950.108991168439,0,822.113347157836,65.7211252972484,0,984.511538945138,0,0
0,0,0,0,0,0,0,0,0.533900439739227,0,0,0,0,0,0,0,0,0,0,0,0,12736.8940205649,15.6120575517416,172.721888542175,0,11.2197747826576,0,51.8866593837738,0,0,0,0,0,0,0.468545883893967,0,0,829.02877612412,6.10662169754505,0,0,0,0,0,0,0,0,5.24569553136826,0.643959075212479,3.62963725626469,0,0,0,0,0.655058681964874,0,0,0,0,0,0,0,0,0,0,1.41197043657303,54.5462224632502,0.754330545663834,124.245281353593,0,554.746966198087,0,0,0,0,0,0,0,0,0,290.853962406516,21.3930464833975,796.995067872107,222.728574648499,0,0,0
0,0,0,0,0,0,0,0,0,1.00195807218552,0,0,0,0,0,0,3.00382679700851,0,0,0,0,181.56185375154,8663.91504975408,0.287254422903061,207.000227063894,0,0,0,27.7116487622261,0,0,0,0,0,0,0,0,17.1970250308514,1129.09380421042,0,0,0.810929626226425,0.474344313144684,0,0,0,0,2.48290883004665,3.6082743704319,0.469248741865158,0,0,0,0,0,0,0,0,0,0,0,0,0,0,1.41197043657303,0,3.66664178669453,104.709691017866,0,28.6797957420349,0,26.2521820068359,0,0,0,0,0,0,0,0,18.3494754880667,494.465207323432,725.944713011384,140.611541002989,0.595109462738037,0,0
0,333.915789991617,0,0,0,0,0,0,0.127407222986221,124.220366515219,0,0,0,0,0,2.91779297590256,1.03925220668316,0,17.6981373280287,0,0,129.157650962472,4.64937578141689,1026.82705159485,0.878526441752911,3.73620310425758,0,0,0,0,0,0,0,0,0.423697680234909,0,0,322.511300414801,15.7450260818005,0.375419661402702,0,60.2412974685431,0.203932404518127,0,0,0.564046174287796,0,0.96230548620224,0.820351704955101,21.0258083790541,0,0,0,0,0.373679496347904,247.162287510931,0,0,0,0,0,8.27747301757336,0,0,54.5462224632502,3.66664178669453,0,2.07126148045063,7.58123156428337,0,37.3246639668941,0,41.0117506235838,0,0,0,0,0,0.191954851150513,0.264656484127045,276.462828859687,25.7983448207378,66.0516482442617,18.8270825743675,55.7562529891729,0,0
151.802392438054,0.151508986949921,4.85203878581524,0,6.6564961373806,0,0,0,174.132334604859,0.841297619044781,0,0,0,0,3.63282719254494,0.494965702295303,0,0,6.30940456688404,0,0,0,360.125576376915,1.09158928692341,1413.83079354465,0,23.6751529723406,0,0,0,0,0,0,0,0,0,0,7.95960499346256,250.620000258088,0,0,0,10.7202249914408,0,0,0,0,0,31.0175841003656,0,2.15079832077026,0,0,0,168.463005706668,0.494215339422226,0,0,0,0,30.8581412881613,0.343098476529121,0,0,0.754330545663834,104.709691017866,2.07126148045063,0,0,9.73341871798038,0,17.375770509243,0,1.66259154677391,0,0,0,0,0,0,8.16529226303101,272.767130255699,152.415326341987,3.16433726251125,45.838140770793,0,0
0,12.4991023391485,0,0,0,0,0,0,0,1.92281582951546,0,0,0,19.9189001470804,0,50.2573669701815,0,17.2979217469692,0,0,0,168.349255368114,0,46.4517010748386,0,1135.6617475152,0,6.03037950396538,0,0,0,0,0,0,0,0,0,46.8877321183681,2.01415284723043,0.533153764903545,0,6.17317187786102,0,0,0,0,0,0,0,107.083071291447,0,0,0,0,0,2.01342058181763,0,0,0,37.5588788837194,0,53.2561842054129,0,0,124.245281353593,0,7.58123156428337,0,0,0,113.883629962802,0,3.35116006433964,0,0,0,0,0,0,0,0.872379273176193,1.71811780333519,4.52104343473911,0.215741485357285,40.382851600647,0,0
11.8091069161892,0,0.953588545322418,0,0,0,0,0,29.9821408092976,0,0,0,0,0,51.5203238874674,0,0,0,0.578778892755508,0,0,0,299.15172842145,0,68.052569180727,0,752.388830572367,0,0,0,0,0,0,0,0,0,0,0,32.6537173688412,0,0,0,8.46686492860317,0,0,0,0,0,385.277298375964,0,0,0,0,0,4.91298939287663,0,2.69287264347076,0,0,0,156.763277515769,0,0,0,0,28.6797957420349,0,9.73341871798038,0,0,0,33.7308010756969,0,0.217536389827728,0,0,0,0,0,0,0,0.768424719572067,2.99619388580322,0,29.8377011716366,0,0
