0,0,358.908382698894,0,10.2414980381727,0,0,0,329.32976603508,0,0,0,0,0,0,0,1.75098520517349,0,71.9382802546024,0,0,0,0,0,0,0,0,0,0,0,0,0,0,0,0,0,0,0,0,0,0,0.970885396003723,3.73088252544403,0,0,0,0,0,904.457528293133,0,0,0,0,0,407.437552437186,0,2.634585916996,0,0,0,23.2944532930851,0,0,0,0,0,0,4.6802930533886,0,0,0,1.20416575670242,0,1.26630455255508,0,0,0,0,0,0,0,0,409.813246190548,0,314.546885460615,0,0
0,0,0,170.740492656827,0,0,0,0,0,512.605598419905,0,0,0,0,0,1.21625828742981,0,0,4.23438918590546,0,0,0,0,7.81266182661057,0,0,0,0,0,0,0,0,0,0,0,0,0,0,0,0,0,20.9184160530567,0,0,0,0,0,0,0,781.081597015262,0,0,0,0,0,542.386318027973,0,7.22395533323288,0,4.49002793431282,0,114.017804294825,0,0,0,0,112.322641521692,0,0.557949066162109,0,0,0,0,0,0,0,0,0,0,0,0,0,376.77065461874,2.98624634742737,299.638595297933,3.16831916570663,0
358.908382698894,0,0,0,185.06226760149,0,0,0,253.859304979444,0,0,0,0,0,0,0,0,0,0,0,6.21250486373901,0,0,0,0,0,0,0,0,0,0,0,0,0,0,0,1.58028280735016,0,0.205016255378723,0,5.12751200795174,0,0.321215480566025,0,0,0,40.7620113790035,0,277.865772157907,0,20.2051740884781,0,0,0,42.8869490772486,0,51.7235859930515,0,4.29416960477829,0,0,0,0,22.7189337909222,0,0,0,0,0,0,0,0,0,0,0,0,0,0,0,0,0,3.32058957219124,33.179636567831,0,1368.83283816278,0,0
0,170.740492656827,0,0,0,108.404688745737,0,0,0,254.454220294952,0,0,0,0,0,0,0,0,0.453251630067825,0,0,0,0,0,0,0,0,0,0,0,0,0,0,0,0,4.3803872615099,0,0,0,24.9548689126968,0,98.3641200661659,2.21675835549831,0,0,332.409457072616,0,7.34433975815773,2.90767857432365,223.39406272769,0,0,0,0,0,199.041083604097,0,0,0,6.32068458199501,0,67.5519704222679,0,0,0,0,0,0,0,0,0,0,0.731561154127121,0,0,0,0,0,34.1912750005722,0,28.278973788023,0,381.616543956101,0,636.026466503739,3.07357805967331,0
10.2414980381727,0,185.06226760149,0,0,0,0,0,69.4534157216549,0,3.07279571890831,0,0,0,0,0,0,0,0,0,121.026944607496,0,0,0,0,0,0,0,0,0,0,0,0,0,0,0,5.82575866580009,0,0,0,3.76106917858124,0,2.49517089128494,0,0,0,31.0310102105141,0,20.9212807416916,0,531.103294163942,0,3.3261901140213,0,99.5133203268051,0,12.1151440739632,0,21.6690566539764,0,0,0,0,146.466063201427,0,0,0,0,0,0,0,0,0,0,0,0,0,0,0,8.86876413226128,0,1.88846276700497,99.7491497993469,0,131.442178606987,0,0
0,0,0,108.404688745737,0,0,0,0.927463710308075,0,0,0,0,0,0,0,0,0,0,0,0,0,0,0,0,0,0,0,0,0,0,0,0,0,0,0,0.664777457714081,0,0,0,2.01906898617744,0,2.66242381930351,0.302698850631714,0,0,103.653698652983,0,1.93463070690632,3.8656120300293,6.24381314218044,0,78.1316356658936,0,0,0,26.9295854568481,0,0,0,0,0,0,8.10612735152245,0,0,0,0,0,0,0,0,0,0.367516100406647,0,0,0,0,0,8.8005653321743,0,2.95163384079933,0,174.033344119787,78.9971297383308,383.312827855349,0,0
0,0,0,0,0,0,0,0,0,0,140.608413368464,0,0,0,0,0,0,0,0,0,49.3532158434391,0,0,0,0,0,0,0,0,0,0,0,0,0,0,0,1.29405653476715,0,0,0,0,0,0,0,0,0,0,0,0,0,2.5212110877037,0,47.010641515255,0,0,0,0,0,0,0,0,0,0,2.12844944000244,0,0,0,0,0,0,0,0,0,0,0,0,0,0,0,0.924357622861862,0,0,101.461068928242,0,1.21383905410767,0,0
0,0,0,0,0,0.927463710308075,0,0,0,0,0,129.169165819883,0,0,0,0,0,0,0,0,0,0,0,0,0,0,0,0,0,0,0,0,0,0,0,0,0,0,0,0,0,0,0,0,0,0,0,0,0,0,0,0,0,15.1654262542725,0,0,0,11.5975980758667,0,0,0,0,0,0,0,0,0,0,0,0,0,0,0,0,0,0,0,0,0,0,0,0,219.488076448441,0,0,0,0
329.32976603508,0,253.859304979444,0,69.4534157216549,0,0,0,0,0,0,0,0,0,14.5042816698551,0,444.249795004725,9.10210853815079,34.9332741200924,0,1.12476572394371,0,11.5941632091999,0,43.4608793258667,0,14.1510899066925,0,0,0,0,0,0,0,0,0,0.823502719402313,0,11.7538399100304,0,0,0,0.684239417314529,0,0,0,5.48147033154964,3.5167318880558,37.5776281356812,0,2.54956257343292,0,0,0,232.544579386711,0,9.55731415748596,0,0,0,34.073285639286,0,0,1.66850054264069,0,1.04841768741608,0,30.9147426337004,0,23.9228621721268,0,0,0,0,0,0,0,0,0,0,0,24.6419066786766,381.268765732646,0,262.015197604895,0,0
0,512.605598419905,0,254.454220294952,0,0,0,0,0,0,0,0,0,0,0,1.17489147186279,48.6303811073303,162.886413455009,60.2203440964222,0,0,0.730780512094498,0,87.2674311995506,0.329447269439697,1.34133088588715,0,0,0,0,0,0,0,0,0,0,0,166.984495431185,0,1.15924143791199,0,5.03548336029053,0,0,0,38.3497883975506,0,6.58471965789795,2.60259389877319,105.207329824567,0,0,0,0,0,768.022956863046,0,0,0,0,0,1.89067751169205,0,0,0.392466723918915,0,357.128248214722,4.20627677440643,0,0,0,0,0,0,0,0,0,0,7.3267867565155,0,137.278034105897,0,2349.13651266694,62.3465223312378,147.872698917985,0,0
0,0,0,0,3.07279571890831,0,140.608413368464,0,0,0,0,0,0,0,0,0,0,0,0,0,1177.18446792662,0,0,0,0,0,0,0,0,0,307.999093949795,0,0,0,0,0,101.741602301598,0,956.639846622944,0,0,0,7.28694289922714,0,0,0,6.09312449395657,0,0.224832400679588,0,2.07853528857231,0,33.0139499604702,0,0,0,1398.11116756499,0,0,0,0,0,0,98.5509512871504,0,0,0,0,0,0,0,0,0,165.939729481936,0,0,0,0,0,5.44003614783287,0,80.2985893934965,746.864233791828,47.5203428268433,17.2106316685677,0,2.3380970954895
0,0,0,0,0,0,0,129.169165819883,0,0,0,0,0,0,0,0,0,0,0,601.394128233194,0,0,0,0,0,0,0,1.86349773406982,0,303.482388138771,0,0,0,0,0,149.066219478846,0,944.792489737272,0,0,0,0,0,0,0,0,0,0,0,0.452280879020691,0,0,0,5,0,0,0,1646.28369125724,0,2.54466813802719,0,0,83.5805023908615,0,0,0,0,0,0,0,0,0,101.682782351971,0,0,0,0,0,4.87170648574829,0,270.090428411961,0,652.668790057302,3.42737942934036,24.07868501544,0,0
0,0,0,0,0,0,0,0,0,0,0,0,0,0,46.3113184571266,0,0,0,0,0,0,0,0,0,0,0,0,0,0,0,17.1718099117279,0,0,0,0,0,0,0,0,0,0,0,0,0,0,0,0,0,0,0,0,0,0,0,0,0,0,0,389.412496060133,0,4.05966776609421,0,0,0,0,0,0,0,0,0,0,0,0,8.50238531827927,0,0,0,0,0,0,0,0,8.38706183433533,0,0,0,0
0,0,0,0,0,0,0,0,0,0,0,0,0,0,0,0,0,0,0,0,0,0,0,0,0,0,0,0,0,0,0,0,0,0,0,0,0,0,0,0,0,0,0,0,0,0,0,0,0,0,0,0,0,0,0,0,0,7.08514177799225,0,235.818724513054,0,30.0534811019897,0,0,0,0,0,0,0,0,0,0,0,0,0,0,0,0,0,0,0,0,0,0,0,0,0
0,0,0,0,0,0,0,0,14.5042816698551,0,0,0,46.3113184571266,0,0,0,309.405948907137,10.81447955966,0,0,0,2.05768537521362,18.4284904301167,0,16.8173235803843,0,13.7647116780281,0,1.77765882015228,0,0,0,0,0,0,0,0,0,0,0,0,0,0,0,0,0,0,0,2.50198459625244,0,0,0,0,0,1.58981192111969,0,4.33932742476463,0,219.057507574558,0,480.097125977278,0,0,0,0,8.5265407115221,0,8.32006195187569,0,8.5792061984539,0,0,0,0,0,0,0,0,0,0,0,0,273.456262513995,0,0,0,0
0,1.21625828742981,0,0,0,0,0,0,0,1.17489147186279,0,0,0,0,0,0,0,229.672327145934,0,0,0,0,0,0,0,0,0,0,0,0,0,0,0,0,0,0,0,0,0,0,0,0,0,0,0,0,0,0,0,68.5494222640991,0,0,0,0,0,5.7408881187439,0,0,0,0,0,19.8221837878227,0,0,0,0,0,0,0,0,0,0,0,0,0,0,0,0,0,0,0,0,48.6976422071457,0,0,0,0
1.75098520517349,0,0,0,0,0,0,0,444.249795004725,48.6303811073303,0,0,0,0,309.405948907137,0,0,12400.919926405,4370.7247326225,0,1.46255376935005,98.5830302089453,1802.9730566293,15.1923158913851,1193.01742057502,19.1698197126389,3774.42577314377,0,18.8032852709293,0,0,0,0,0,0,1.29984593391418,4.10983434319496,0,1.20766767859459,11.0017883777618,0,36.0283684879541,231.942878782749,9.49060852825642,25.9884925037622,8.38462483882904,70.2955973148346,0,0,2.85735654830933,0,0,0,0,248.925532281399,0,0.425116121768951,0,0,0,88.7733590602875,0,0,5.83015432953835,1.99904108047485,577.414652615786,0,589.261122301221,2.1952847391367,759.683876752853,0,55.5872614681721,0,0,0,0,0,0,41.0446361303329,51.2151607275009,25.6449549794197,32.7020141929388,10936.6274612844,185.241118431091,152.448511853814,0,55.0478905439377
0,0,0,0,0,0,0,0,9.10210853815079,162.886413455009,0,0,0,0,10.81447955966,229.672327145934,12400.919926405,0,6474.74668599665,0,0,528.122362986207,115.318423315883,387.418513894081,133.470644906163,276.01623018086,16.9811636805534,0.945046663284302,0,0,0,0,0,0,0,0.57658152282238,1.39657804369926,0,0,14.7193632721901,0,43.5200306028128,23.7707135677338,11.3121238052845,1.94970738887787,2.71284303069115,9.93908512592316,0,0,11.7873240709305,0,0,0,0,8.58824488520622,1.21390843391418,0.159354031085968,0,0,0,0.395085364580154,31.0724202990532,0,0.270633339881897,75.3241620957851,60.6918497830629,0,122.441673278809,109.301471024752,13.2813373059034,0,0,0,0,0,0,0,0,49.9661735966802,7.96695545315742,20.1375274658203,1.85414603352547,9705.41590978205,859.392856806517,27.8546320050955,0,1.80299769341946
71.9382802546024,4.23438918590546,0,0.453251630067825,0,0,0,0,34.9332741200924,60.2203440964222,0,0,0,0,0,0,4370.7247326225,6474.74668599665,0,0,15.8611937612295,58.3946132659912,27.2349654138088,20.3739895820618,13.8293648809195,3.90817204117775,17.1631097197533,0,0,0,0,0,0,0.367247372865677,0,51.9574953764677,87.3978310972452,0,10.5494354367256,253.130483776331,21.2493161261082,1004.53483033925,1490.63030348718,368.620020925999,188.746916010976,144.270158946514,850.281667083502,0.316649556159973,0,158.136828318238,0,0,0,0,9.75198739767075,0,1.00535556674004,0,0,0,1.51192700862885,0,0,74.8462328314781,4.02784007787704,11.8915990144014,0,23.2938489019871,5.83680385351181,2.36287859082222,0,0,1.36365035176277,0,2.16661223769188,0,1.96133279800415,0,1957.2361234948,650.608245849609,495.05708669126,195.892536252737,10605.0707497373,0,1245.85707531869,19.9451596289873,303.631118610501
0,0,0,0,0,0,0,0,0,0,0,601.394128233194,0,0,0,0,0,0,0,0,0,0,0,0,0,0,0,0,0,0,0,0,0,0,0,672.404750674963,0,127.090399563313,0,1.22402650117874,0,0,0,1.10210025310516,0,180.570865169168,0,0,0,0.809793144464493,0,0,0,0,0,0,0,3.83429904282093,0,0,0,0,1269.67695595324,0,0,0,0,0,0,0,0,0,19.561952829361,0,0,0,0,0,271.041904091835,0,302.946188122034,0,428.671872347593,0,191.737040907145,0,0
0,0,6.21250486373901,0,121.026944607496,0,49.3532158434391,0,1.12476572394371,0,1177.18446792662,0,0,0,0,0,1.46255376935005,0,15.8611937612295,0,0,0,0,0,0,0,0,0,0,0,22.0380965769291,0,0,0,0,0,1699.56728921831,0,606.444615513086,0,10.9459867924452,0.604471951723099,166.126437306404,0,5.75178515911102,0,726.902069866657,0,11.0545753985643,0,104.638068199158,0,1.83006462454796,0,0,0,1157.43198731542,0,0,0,0,0,0,3676.46065083146,0,0,0,0,0,0,0,0,0,11.2302786707878,0,0,0,0,0.747206389904022,1306.84178439528,0,605.786371082067,461.999976366758,0,451.898474812508,0,24.9329552799463
0,0,0,0,0,0,0,0,0,0.730780512094498,0,0,0,0,2.05768537521362,0,98.5830302089453,528.122362986207,58.3946132659912,0,0,0,66.776708483696,382.251203209162,2.79257667064667,1.02503263950348,0,0,0,0,0,0,0,0,0,0,0,1080.38677367568,0,0,0,0,0,0,0,0,0,17.8064516484737,0,661.351682141423,0,0,0,0,2.48170137405396,0,0,0.95059522986412,0,0,0,0,0,0,5775.98371459544,1.85734796524048,58.426137059927,3.76865220069885,0,0.633688509464264,122.428305923939,0,41.8137367963791,0,0,0,0,0,0,0,585.671804636717,0,1129.90255369246,134.627484381199,1.21761167049408,0,0
0,0,0,0,0,0,0,0,11.5941632091999,0,0,0,0,0,18.4284904301167,0,1802.9730566293,115.318423315883,27.2349654138088,0,0,66.776708483696,0,0,436.726144462824,0,89.3253489136696,0,92.7206615209579,0,0,0,0,0,0,0,0,0,614.961705669761,0,0,0,0.424709111452103,0,0,0,0,12.5866860449314,179.944613367319,0,0,0,0,0,6.99771937727928,0,0,0,0,0,4.38085436820984,0,0,0,0,4360.40842671692,0,244.991503760219,0,125.909031361341,0,67.2587327510118,0,0,0,0,0,0,2.25889916718006,0,0,256.465294077992,925.279704868793,89.1768363118172,3.18955856561661,0,0.234806939959526
0,7.81266182661057,0,0,0,0,0,0,0,87.2674311995506,0,0,0,0,0,0,15.1923158913851,387.418513894081,20.3739895820618,0,0,382.251203209162,0,0,0.823395013809204,91.7009119093418,0,0,0,0,0,0,0,0,0,0,0,750.289869174361,0,0,0,2.80426955223083,0,0,0,0,0,10.6617780774832,0,53.090280264616,0,0,0,0,0,184.803957164288,0,0,0,0,0,0,0,0,202.592411220074,1.07119822502136,1212.48455327749,0,0.894711434841156,0,1.22384071350098,0,0,0,0,0,0,0,0,0.276055693626404,280.268617942929,0,568.022401958704,0,74.1936796009541,0,0
0,0,0,0,0,0,0,0,43.4608793258667,0.329447269439697,0,0,0,0,16.8173235803843,0,1193.01742057502,133.470644906163,13.8293648809195,0,0,2.79257667064667,436.726144462824,0.823395013809204,0,0.489424407482147,93.3148782849312,0,0,0,0,0,0,0,0,0,0,0,730.446561649442,0,0,0,0.377863973379135,0.301164388656616,0,0,0,1.58027440309525,32.4912812262774,0,0,0,0,0,54.2601468116045,0,0,0,0,0,0,0,0,0,1.02575346827507,189.969313547015,0,1326.73504732549,0,226.354497343302,0,0,0,0,0,0,0,0,0.349145263433456,1.63235819339752,0,167.510120600462,291.728495880961,0,20.8103145062923,0,0.414021730422974
0,0,0,0,0,0,0,0,0,1.34133088588715,0,0,0,0,0,0,19.1698197126389,276.01623018086,3.90817204117775,0,0,1.02503263950348,0,91.7009119093418,0.489424407482147,0,0,0.911698460578918,0,0,0,0,0,0,0,0,0,0,0,0,0,0,0,0,0,0,0,0,0,0,0,0,0,0,0,0,0,0,0,0,0,3.7307365834713,0,0,0.533445835113525,0,0,0,146.91309607029,0,0,0,0,0,0,0,0,0,0,0,0,0,28.5428075194359,0,0,0,0
0,0,0,0,0,0,0,0,14.1510899066925,0,0,0,0,0,13.7647116780281,0,3774.42577314377,16.9811636805534,17.1631097197533,0,0,0,89.3253489136696,0,93.3148782849312,0,0,0,15.1870820820332,0,0,0,0,0,0,0,0,0,0,0,0,0,0,0,0,0,0,0,0,0,0,0,0,0,4.77571052312851,0,0,0,3.61625945568085,0,0.829550102353096,0,0,0,0,14.6149258315563,0,29.5003762245178,0,156.235271424055,0,1.41303169727325,0,0,0,0,0,0,0,0,0,0,360.818328917027,0,0,0,0
0,0,0,0,0,0,0,0,0,0,0,1.86349773406982,0,0,0,0,0,0.945046663284302,0,0,0,0,0,0,0,0.911698460578918,0,0,0,144.886805057526,0,0,0,0,0,0,0,0,0,0,0,0,0,0,0,0,0,0,0,0,0,0,0,0,0,0,0,0,0,0,0,0,0,0,0,0,0,0,0,0,497.351924836636,0,17.3078560829163,0,0,0,0,0,0,0,0,0,1,0,0,0,0
0,0,0,0,0,0,0,0,0,0,0,0,0,0,1.77765882015228,0,18.8032852709293,0,0,0,0,0,92.7206615209579,0,0,0,15.1870820820332,0,0,0,12.488921880722,0,0,0,0,0,0,0,12.937476336956,0,0,0,0,0,0,0,0,0,0,0,0,0,0,0,0,0,0,0,0,0,0,0,0,0,0,87.9227777719498,0,0,0,2,0,383.099483788013,0,32.4945102334023,0,0,0,0,0,0,0,0,3.84497213363647,0,0,0,0
0,0,0,0,0,0,0,0,0,0,0,303.482388138771,0,0,0,0,0,0,0,0,0,0,0,0,0,0,0,144.886805057526,0,0,0,0,0,0,0,0,0,155.9895901829,0,0,0,0,0,0,0,0,0,0,0,0,0,0,0,0,0,0,0,48.1327367573977,0,0,0,0,0,0,0,0,0,0,0,0,0,0,451.596064329147,0,0,0,0,0,0,0,157.076016843319,0,37.6719187349081,0,0,0,0
0,0,0,0,0,0,0,0,0,0,307.999093949795,0,17.1718099117279,0,0,0,0,0,0,0,22.0380965769291,0,0,0,0,0,0,0,12.488921880722,0,0,0,0,0,0,0,0,0,515.752147316933,0,0,0,0,0,0,0,1.3392835855484,0,0,0,0,0,0,0,0,0,38.0040896832943,0,0,0,0,0,0,10.8072059452534,0,0,0,0,0,0,0,128.39475363493,0,830.838596493006,0,0,0,0,0,0,0,154.053661495447,200.021662384272,1,0.309899002313614,0,0
0,0,0,0,0,0,0,0,0,0,0,0,0,0,0,0,0,0,0,0,0,0,0,0,0,0,0,0,0,0,0,0,537.734432831407,156.010777279735,2.63862466812134,120.550828650594,0,0,0,0,0,0,0,0,0,0,0,52.950654655695,0,0,0,0,0,0,0,0,0,0,0,0,0,0,0,0,0,0,0,0,0,0,0,0,0,0,502.579899758101,3.58327442407608,193.297907471657,0,24.8279964327812,0,0.340850830078125,0,2243.32252621651,0,0,0,0
0,0,0,0,0,0,0,0,0,0,0,0,0,0,0,0,0,0,0,0,0,0,0,0,0,0,0,0,0,0,0,537.734432831407,0,41.4610739946365,36.7673362791538,0,217.335995137691,0,0,0,0,0,0,0,0,0,0,0,0,0,0,0,0,0,0,0,0,0,0,0,0,0,0,0,0,0,0,0,0,0,0,0,0,0,144.885468751192,99.0779884159565,3.11654531955719,97.9404782056808,0,176.145462155342,0,0.21729888021946,411.960844010115,0,0,0,0
0,0,0,0,0,0,0,0,0,0,0,0,0,0,0,0,0,0,0.367247372865677,0,0,0,0,0,0,0,0,0,0,0,0,156.010777279735,41.4610739946365,0,391.53681203723,1012.43646456301,0,107.30280187726,0,0.303305774927139,0,1.64962331950665,0,0,0,0,0,1103.79682447016,1.87083849310875,0.989900395274162,0,0,0,0,0,0,0,0,0,0,0,0,0,0,0,0,0,0,0,0,0,0,0,0,102.306420847774,0,1275.74977988005,67.8373471051455,227.242426216602,0,284.82561172545,69.5458006113768,851.594404459,203.267590910196,0.143117263913155,0,0
0,0,0,0,0,0,0,0,0,0,0,0,0,0,0,0,0,0,0,0,0,0,0,0,0,0,0,0,0,0,0,2.63862466812134,36.7673362791538,391.53681203723,0,0,392.511814549565,0,102.549060881138,0,0,0,0,0,0,0,0,720.221535235643,0,0,0,0,0,0,0,0,0,0,0,0,0,0,0,0,0,0,0,0,0,0,0,0,0,0,0.712537825107574,80.3087524026632,161.174742281437,1181.21207380295,0,353.196770206094,0,330.007680878043,223.079469338059,2.03581655025482,0,0,0
0,0,0,4.3803872615099,0,0.664777457714081,0,0,0,0,0,149.066219478846,0,0,0,0,1.29984593391418,0.57658152282238,51.9574953764677,672.404750674963,0,0,0,0,0,0,0,0,0,0,0,120.550828650594,0,1012.43646456301,0,0,13.4688682556152,1769.24992986023,0,32.2936291769147,0,47.8927023857832,1.95851361751556,28.1244997829199,0.372437089681625,102.471622526646,0,17.1601552963257,48.1078226864338,28.3374194800854,0,0,0,0,0,0,0,3.6298999786377,0,0,0,0,1256.66058322787,0,0,0,0,0,0,0,0,0,0.337603613734245,0,75.5874498486519,0,564.113307774067,0,10410.9064125493,0.639201998710632,682.428335405886,1.24051702022552,2593.22714287788,6.31476426124573,83.9411254227161,0,0
0,0,1.58028280735016,0,5.82575866580009,0,1.29405653476715,0,0.823502719402313,0,101.741602301598,0,0,0,0,0,4.10983434319496,1.39657804369926,87.3978310972452,0,1699.56728921831,0,0,0,0,0,0,0,0,0,0,0,217.335995137691,0,392.511814549565,13.4688682556152,0,0,2149.36321620643,0,4.76413612067699,1.67046056687832,188.980640411377,1.12828993797302,31.1110332161188,0,309.761950321496,12.3676512241364,11.1256478875875,0,9.61981272697449,0,0,0,0,0,11.9088349342346,0,0,0,0,0,0,429.653084225953,0,0,0,0,0,0,0,0,0,0,0,45.4155622720718,0,137.500358730555,1.16825366020203,12760.4233595282,0,2200.16236594319,3162.48375091702,74.2011051774025,246.093103669584,0,33.6560598611832
0,0,0,0,0,0,0,0,0,166.984495431185,0,944.792489737272,0,0,0,0,0,0,0,127.090399563313,0,1080.38677367568,0,750.289869174361,0,0,0,0,0,155.9895901829,0,0,0,107.30280187726,0,1769.24992986023,0,0,0,0,0,7.06438541412354,0,1.37916803359985,0,25.719585314393,0,729.248894676566,0,295.16074219346,0,0,0,0,0,24.0167824923992,0,131.493397638202,0,0,0,0,16.0996960699558,0,325.097904890776,0,549.734564885497,0,0,0,43.8423205465078,0,127.514396011829,0,0,0,49.5789957046509,0,1061.63794593513,0,8496.76249201596,0,2403.85981810093,34.3126182258129,143.249313801527,0,0
0,0,0.205016255378723,0,0,0,0,0,11.7538399100304,0,956.639846622944,0,0,0,0,0,1.20766767859459,0,10.5494354367256,0,606.444615513086,0,614.961705669761,0,730.446561649442,0,0,0,12.937476336956,0,515.752147316933,0,0,0,102.549060881138,0,2149.36321620643,0,0,0,0,0,118.415371656418,0,11.2090770304203,0,95.7703788876534,610.927751377225,226.277323439717,0,0,0,0,0,64.5645959824324,0,142.907662242651,0,0,0,0,0,0,205.584485799074,0,132.323418185115,0,156.978186741471,0,0,0,151.183386981487,0,244.74114407599,0,0,0,0,0,461.920914024115,0,9654.57946681976,3248.78363230824,0,278.126775935292,0,57.5987153053284
0,0,0,24.9548689126968,0,2.01906898617744,0,0,0,1.15924143791199,0,0,0,0,0,0,11.0017883777618,14.7193632721901,253.130483776331,1.22402650117874,0,0,0,0,0,0,0,0,0,0,0,0,0,0.303305774927139,0,32.2936291769147,0,0,0,0,0,945.353160321712,88.9546529054642,129.275934427977,0.183066919445992,1623.94823797047,2.21388133615255,44.4588367044926,2.16851758956909,1658.6103098467,0,0,0,0,0,0,0,0,0,0,0,0,114.945388391614,3.04749174416065,0,0,0,0,0,0,0,0,5.43423913419247,0,0,0,0.506881728768349,0,871.307193942368,0,134.385867215693,0.80139634013176,505.320111431181,0,1141.4081813246,1.95527344942093,0.267761774361134
0,0,5.12751200795174,0,3.76106917858124,0,0,0,0,0,0,0,0,0,0,0,0,0,21.2493161261082,0,10.9459867924452,0,0,0,0,0,0,0,0,0,0,0,0,0,0,0,4.76413612067699,0,0,0,0,0,195.017661854625,0.268117755651474,12.9229385256767,0,346.559968650341,0,575.001809328794,0,2.64264619350433,0,0,0,0,0,2.91469210386276,0,0,0,0,0,0,75.1533311158419,0,0,0,0,0,0,0,0,0,0,0,0,0,0,0,186.106084868312,0,128.190940320492,3.7978939563036,0,375.330310404301,0,54.5605448484421
0.970885396003723,20.9184160530567,0,98.3641200661659,0,2.66242381930351,0,0,0,5.03548336029053,0,0,0,0,0,0,36.0283684879541,43.5200306028128,1004.53483033925,0,0.604471951723099,0,0,2.80426955223083,0,0,0,0,0,0,0,0,0,1.64962331950665,0,47.8927023857832,1.67046056687832,7.06438541412354,0,945.353160321712,0,0,1065.23759941012,382.998201668262,2.72616896033287,318.993968494236,7.46081927418709,31.4749989286065,0.943817317485809,1084.37403977662,0,0,0,0,0,0,0,0,0,0,0,0,21.0705413222313,0.442092180252075,0,0,0,0,0,0,0,0,69.4433852285147,0,6.82888902723789,0,5.88990569114685,0,2635.38154669851,5.53904220461845,755.555688247085,1.15850639343262,2340.88893292099,0,2981.08534931391,1899.79930505157,8.75737236440182
3.73088252544403,0,0.321215480566025,2.21675835549831,2.49517089128494,0.302698850631714,0,0,0.684239417314529,0,7.28694289922714,0,0,0,0,0,231.942878782749,23.7707135677338,1490.63030348718,0,166.126437306404,0,0.424709111452103,0,0.377863973379135,0,0,0,0,0,0,0,0,0,0,1.95851361751556,188.980640411377,0,118.415371656418,88.9546529054642,195.017661854625,1065.23759941012,0,29.117449387908,133.394055217505,36.3093905448914,1221.68282234669,2.31328223645687,231.627932369709,69.714214079082,0,0,0,0,0,0,183.125505298376,0,0,0,0,0,0,366.561244137585,0,0,0,0,0,0,0,0,0.187908291816711,0.80463719367981,0,0,0.13183881342411,0,139.403209067881,2694.74916600436,62.6776380836964,1336.70006932318,872.156287588179,0,6958.49253661931,0.860107064247131,1471.23138846457
0,0,0,0,0,0,0,0,0,0,0,0,0,0,0,0,9.49060852825642,11.3121238052845,368.620020925999,1.10210025310516,0,0,0,0,0.301164388656616,0,0,0,0,0,0,0,0,0,0,28.1244997829199,1.12828993797302,1.37916803359985,0,129.275934427977,0.268117755651474,382.998201668262,29.117449387908,0,6.42802421748638,101.720341056585,5.21000218391418,1.11674804240465,0,28.1372657120228,0,0,0,0,0,0,0.240074828267097,0,0,0,0,0,0,4.62858629226685,0,0,0,0.593079328536987,0,0,0,0,26.8085176944733,0,0,0,0.155738398432732,0,838.134791970253,3.00825853645802,578.695053242147,2.64376629889011,82.3706127554178,0,156.888338699937,1.42270632088184,2.72854271531105
0,0,0,0,0,0,0,0,0,0,0,0,0,0,0,0,25.9884925037622,1.94970738887787,188.746916010976,0,5.75178515911102,0,0,0,0,0,0,0,0,0,0,0,0,0,0,0.372437089681625,31.1110332161188,0,11.2090770304203,0.183066919445992,12.9229385256767,2.72616896033287,133.394055217505,6.42802421748638,0,0.550851762294769,132.651458501816,0,0,0,0,0,0,0,0,0,0,0,0,0,0,0,0,10.2685676813126,0,0,0,0,0,0,0,0,0,0,0,0,0,0,5.07133401930332,134.563203498721,0.126797467470169,104.031252428889,37.2065566629171,0,121.74312120676,0,28.8101883232594
0,0,0,332.409457072616,0,103.653698652983,0,0,0,38.3497883975506,0,0,0,0,0,0,8.38462483882904,2.71284303069115,144.270158946514,180.570865169168,0,0,0,0,0,0,0,0,0,0,0,0,0,0,0,102.471622526646,0,25.719585314393,0,1623.94823797047,0,318.993968494236,36.3093905448914,101.720341056585,0.550851762294769,0,1.5855638384819,29.9457822442055,32.9988828748465,314.044515013695,0,0,0,0,0,0,0,1.62715092301369,0,0,0,0,1971.0806556046,0,0,0,0,0,0,0,0,0,218.076158568263,0,0.528571844100952,0,0.279670298099518,0,2411.0548517853,0.846984848380089,1906.04430431128,2.73207791149616,532.812120504677,19.4822242856026,2323.83800674975,3.56022347509861,1.00692674517632
0,0,40.7620113790035,0,31.0310102105141,0,0,0,5.48147033154964,0,6.09312449395657,0,0,0,0,0,70.2955973148346,9.93908512592316,850.281667083502,0,726.902069866657,0,0,0,0,0,0,0,0,0,1.3392835855484,0,0,0,0,0,309.761950321496,0,95.7703788876534,2.21388133615255,346.559968650341,7.46081927418709,1221.68282234669,5.21000218391418,132.651458501816,1.5855638384819,0,0.148244738578796,328.366845950484,0.195947363972664,29.4565173685551,0,0,0,0,0,63.3928501158953,0,0,0,0,0,0,2510.40579198301,0,0,0,0,0,0,0,0,0,0,0,0,0,0,13.0141436904669,2811.55055753887,2.7300688251853,679.535355135798,282.504527248442,1.05280768871307,1941.26950389147,0,39.2040705382824
0,0,0,7.34433975815773,0,1.93463070690632,0,0,3.5167318880558,6.58471965789795,0,0,0,0,0,0,0,0,0.316649556159973,0,0,17.8064516484737,12.5866860449314,10.6617780774832,1.58027440309525,0,0,0,0,0,0,52.950654655695,0,1103.79682447016,720.221535235643,17.1601552963257,12.3676512241364,729.248894676566,610.927751377225,44.4588367044926,0,31.4749989286065,2.31328223645687,1.11674804240465,0,29.9457822442055,0.148244738578796,0,1984.15296775103,462.150421857834,0,0,0,0,5.82894393801689,2.16374576091766,0,0,0,0,0,0,0,0,13.7584458589554,25.5193837583065,49.1825876832008,8.55961376428604,0,0,0,0,0.997540175914764,0,31.8331395834684,0,943.397765934467,181.141011238098,216.954329639673,271.844291687012,2071.28143541515,2693.4304728061,981.702602893114,82.7846228480339,495.209567934275,0.933496832847595,0.314565181732178
904.457528293133,0,277.865772157907,2.90767857432365,20.9212807416916,3.8656120300293,0,0,37.5776281356812,2.60259389877319,0.224832400679588,0,0,0,2.50198459625244,0,0,0,0,0,11.0545753985643,0,179.944613367319,0,32.4912812262774,0,0,0,0,0,0,0,0,1.87083849310875,0,48.1078226864338,11.1256478875875,0,226.277323439717,2.16851758956909,575.001809328794,0.943817317485809,231.627932369709,0,0,32.9988828748465,328.366845950484,1984.15296775103,0,61.3412189781666,3.64645871520042,0,0,0,101.610283434391,0,47.0675823688507,0,6.24731278419495,0,32.9335506856441,0,0,74.4067465662956,0,248.700780838728,0,194.849690884352,0,53.1875232458115,0,65.0306144952774,0,2.93558621406555,0,0,4.73851630091667,0,20.5735152363777,686.742621302605,0,1167.75632101297,191.9873226583,2.21895122528076,1869.22718921304,0,0.303921163082123
0,781.081597015262,0,223.39406272769,0,6.24381314218044,0,0,0,105.207329824567,0,0.452280879020691,0,0,0,68.5494222640991,2.85735654830933,11.7873240709305,158.136828318238,0.809793144464493,0,661.351682141423,0,53.090280264616,0,0,0,0,0,0,0,0,0,0.989900395274162,0,28.3374194800854,0,295.16074219346,0,1658.6103098467,0,1084.37403977662,69.714214079082,28.1372657120228,0,314.044515013695,0.195947363972664,462.150421857834,61.3412189781666,0,0,0,0,0,0,30.9269727170467,0,200.003946051002,0,41.038737654686,0,98.013741850853,3.25573256611824,0.259722203016281,103.22276109457,0,4.48619902133942,0,1.99173963069916,0,182.065237224102,0,394.84722417593,0,7.77081674337387,0,16.7670287936926,0,372.660641357303,2.09115678071976,1201.6813730374,0,557.856751039624,0.512993037700653,1980.90213116258,15.654696136713,1.82375085353851
0,0,20.2051740884781,0,531.103294163942,0,2.5212110877037,0,2.54956257343292,0,2.07853528857231,0,0,0,0,0,0,0,0,0,104.638068199158,0,0,0,0,0,0,0,0,0,0,0,0,0,0,0,9.61981272697449,0,0,0,2.64264619350433,0,0,0,0,0,29.4565173685551,0,3.64645871520042,0,0,0,0,0,14.4124703407288,0,36.053937792778,0,49.3512128591537,0,1,0,0,177.629612222314,0,0,0,0,0,0,0,0,0,0,0,0,0,0,0,29.2396976351738,0,2.18524265289307,102.508889704943,0,100.073229014874,0,0
0,0,0,0,0,78.1316356658936,0,0,0,0,0,0,0,0,0,0,0,0,0,0,0,0,0,0,0,0,0,0,0,0,0,0,0,0,0,0,0,0,0,0,0,0,0,0,0,0,0,0,0,0,0,0,0,0,0,4.05808103084564,0,0,0,0,0,0,0,0,0,0,0,0,0,0,0,0,0,0,0,0,0,0,0,0,0,0,0,0,0,0,0
0,0,0,0,3.3261901140213,0,47.010641515255,0,0,0,33.0139499604702,0,0,0,0,0,0,0,0,0,1.83006462454796,0,0,0,0,0,0,0,0,0,0,0,0,0,0,0,0,0,0,0,0,0,0,0,0,0,0,0,0,0,0,0,0,0,0,0,0,0,0,0,0,0,0,1.88070070743561,0,0,0,0,0,0,0,0,0,0,0,0,0,0,0,0,0,0,12.120665282011,0,0,0,0
0,0,0,0,0,0,0,15.1654262542725,0,0,0,5,0,0,0,0,0,0,0,0,0,0,0,0,0,0,0,0,0,0,0,0,0,0,0,0,0,0,0,0,0,0,0,0,0,0,0,0,0,0,0,0,0,0,0,0,0,0,0,0,0,0,0,0,0,0,0,0,0,0,0,0,0,0,0,0,0,0,0,0,0,0,0,0,0,0,0
407.437552437186,0,42.8869490772486,0,99.5133203268051,0,0,0,232.544579386711,0,0,0,0,0,1.58981192111969,0,248.925532281399,8.58824488520622,9.75198739767075,0,0,2.48170137405396,6.99771937727928,0,54.2601468116045,0,4.77571052312851,0,0,0,0,0,0,0,0,0,0,0,64.5645959824324,0,0,0,0,0,0,0,0,5.82894393801689,101.610283434391,0,14.4124703407288,0,0,0,0,0,0,0,45.7612047195435,0,179.980212152004,0,0,0,0,1.23417767882347,0,384.31111317873,0,4.26790076494217,0,0,0,0,0,0,0,0,0,0,0,164.349422439933,51.2746637165546,0,191.767084628344,0,0
0,542.386318027973,0,199.041083604097,0,26.9295854568481,0,0,0,768.022956863046,0,0,0,0,0,5.7408881187439,0,1.21390843391418,0,0,0,0,0,184.803957164288,0,0,0,0,0,0,0,0,0,0,0,0,0,24.0167824923992,0,0,0,0,0,0,0,0,0,2.16374576091766,0,30.9269727170467,0,4.05808103084564,0,0,0,0,0,0,0,0,0,7.10306471586227,0,0,0,0,569.66563513875,0,0,0,0,0,0,0,0,0,0,0,0,0,33.1323167681694,0,93.6005255877972,0,24.3855391144753,0,0
2.634585916996,0,51.7235859930515,0,12.1151440739632,0,0,0,9.55731415748596,0,1398.11116756499,0,0,0,4.33932742476463,0,0.425116121768951,0.159354031085968,1.00535556674004,0,1157.43198731542,0,0,0,0,0,0,0,0,0,38.0040896832943,0,0,0,0,0,11.9088349342346,0,142.907662242651,0,2.91469210386276,0,183.125505298376,0.240074828267097,0,0,63.3928501158953,0,47.0675823688507,0,36.053937792778,0,0,0,0,0,0,0,422.292476341128,0,52.4782397449017,0,0,870.903276413679,0,0,0,0,0,0,0,3.25760796666145,0,563.373290613294,0,0,0,0,0,21.6632412821054,0,68.2163635194302,82.5816252082586,0,1207.62815862894,0,4.12414252758026
0,7.22395533323288,0,0,0,0,0,11.5975980758667,0,0,0,1646.28369125724,0,7.08514177799225,0,0,0,0,0,3.83429904282093,0,0.95059522986412,0,0,0,0,0,0,0,48.1327367573977,0,0,0,0,0,3.6298999786377,0,131.493397638202,0,0,0,0,0,0,0,1.62715092301369,0,0,0,200.003946051002,0,0,0,0,0,0,0,0,0,72.0449240207672,0,14.0860100984573,45.4031779170036,0,0,0,0,0,0,0,271.28089556098,0,486.208640813828,0,0,0,0,0,0,0,149.974091246724,0,86.3204567432404,0,538.778334408998,0,0
0,0,4.29416960477829,0,21.6690566539764,0,0,0,0,0,0,0,389.412496060133,0,219.057507574558,0,0,0,0,0,0,0,0,0,0,0,3.61625945568085,0,0,0,0,0,0,0,0,0,0,0,0,0,0,0,0,0,0,0,0,0,6.24731278419495,0,49.3512128591537,0,0,0,45.7612047195435,0,422.292476341128,0,0,0,255.860192790627,0,0,0,0,0,0,0,0,3.2755252122879,0,70.1214306354523,0,0,0,0,0,0,0,0,0,0,18.2878810167313,0,1.17425799369812,0,0
0,4.49002793431282,0,6.32068458199501,0,0,0,0,0,0,0,2.54466813802719,0,235.818724513054,0,0,0,0,0,0,0,0,0,0,0,0,0,0,0,0,0,0,0,0,0,0,0,0,0,0,0,0,0,0,0,0,0,0,0,41.038737654686,0,0,0,0,0,0,0,72.0449240207672,0,0,0,22.97485896945,0,0,0,0,0,0,0,0,324.421500533819,0,0,0,0,0,0,0,0,0,0,0,0,0,6.58100217580795,0,0
23.2944532930851,0,0,0,0,0,0,0,34.073285639286,0,0,0,4.05966776609421,0,480.097125977278,0,88.7733590602875,0.395085364580154,1.51192700862885,0,0,0,4.38085436820984,0,0,0,0.829550102353096,0,0,0,0,0,0,0,0,0,0,0,0,0,0,0,0,0,0,0,0,0,32.9335506856441,0,1,0,0,0,179.980212152004,0,52.4782397449017,0,255.860192790627,0,0,0,0,0,0,0,0,3.94219614565372,0,0.421127796173096,0,0,0,0,0,0,0,0,0,0,0,0,111.3501958251,0,0,0,0
0,114.017804294825,0,67.5519704222679,0,0,0,0,0,1.89067751169205,0,0,0,30.0534811019897,0,19.8221837878227,0,31.0724202990532,0,0,0,0,0,0,0,3.7307365834713,0,0,0,0,0,0,0,0,0,0,0,0,0,0,0,0,0,0,0,0,0,0,0,98.013741850853,0,0,0,0,0,7.10306471586227,0,14.0860100984573,0,22.97485896945,0,0,0,0,0,0,0,0,142.423143655062,0,0,0,0,0,0,0,0,0,0,0,0,0,0,0,0,0,0
0,0,0,0,0,8.10612735152245,0,0,0,0,0,83.5805023908615,0,0,0,0,0,0,0,1269.67695595324,0,0,0,0,0,0,0,0,0,0,0,0,0,0,0,1256.66058322787,0,16.0996960699558,0,114.945388391614,0,21.0705413222313,0,0,0,1971.0806556046,0,0,0,3.25573256611824,0,0,0,0,0,0,0,45.4031779170036,0,0,0,0,0,0,0,0,0,0,0,0,0.488624960184097,0,49.6439315378666,0,0,0,0,0,1224.31856971234,0,247.830348163843,0,313.159028291702,0,723.13358861208,0,0
0,0,22.7189337909222,0,146.466063201427,0,2.12844944000244,0,1.66850054264069,0,98.5509512871504,0,0,0,0,0,5.83015432953835,0.270633339881897,74.8462328314781,0,3676.46065083146,0,0,0,0,0,0,0,0,0,10.8072059452534,0,0,0,0,0,429.653084225953,0,205.584485799074,3.04749174416065,75.1533311158419,0.442092180252075,366.561244137585,4.62858629226685,10.2685676813126,0,2510.40579198301,0,74.4067465662956,0.259722203016281,177.629612222314,0,1.88070070743561,0,0,0,870.903276413679,0,0,0,0,0,0,0,0,0,0,0,0,0,0,0,0,24.7631841897964,0,0,0,0,1.59539380669594,1815.46767983586,0,618.138613253832,98.7238654643297,4.03867474198341,1930.12420385331,0,46.4978309571743
0,0,0,0,0,0,0,0,0,0.392466723918915,0,0,0,0,0,0,1.99904108047485,75.3241620957851,4.02784007787704,0,0,5775.98371459544,0,202.592411220074,1.02575346827507,0.533445835113525,0,0,0,0,0,0,0,0,0,0,0,325.097904890776,0,0,0,0,0,0,0,0,0,13.7584458589554,0,103.22276109457,0,0,0,0,0,0,0,0,0,0,0,0,0,0,0,0,520.396350741386,0,182.722659751773,0,80.1611535400152,0,20.867896437645,0,0,0,0,0,0,0,607.483707338572,0,261.345716223121,9.69791030883789,0.372598022222519,0,0
0,0,0,0,0,0,0,0,1.04841768741608,0,0,0,0,0,8.5265407115221,0,577.414652615786,60.6918497830629,11.8915990144014,0,0,1.85734796524048,4360.40842671692,1.07119822502136,189.969313547015,0,14.6149258315563,0,87.9227777719498,0,0,0,0,0,0,0,0,0,132.323418185115,0,0,0,0,0,0,0,0,25.5193837583065,248.700780838728,0,0,0,0,0,1.23417767882347,0,0,0,0,0,0,0,0,0,0,0,0,383.639505192637,0,249.632338166237,0,506.80368937552,0,2.69952699542046,0,0,0,0,0,0,0,1246.66326712072,311.132726609707,0,0,0,0
0,112.322641521692,0,0,0,0,0,0,0,357.128248214722,0,0,0,0,0,0,0,0,0,0,0,58.426137059927,0,1212.48455327749,0,0,0,0,0,0,0,0,0,0,0,0,0,549.734564885497,0,0,0,0,0,0,0,0,0,49.1825876832008,0,4.48619902133942,0,0,0,0,0,569.66563513875,0,0,0,0,0,0,0,0,520.396350741386,0,0,0,74.6208783984184,0,14.494172975421,0,0,0,0,0,0,0,0,0,121.779580280185,0,179.277715146542,0,145.535115331411,0,0
4.6802930533886,0,0,0,0,0,0,0,30.9147426337004,4.20627677440643,0,0,0,0,8.32006195187569,0,589.261122301221,122.441673278809,23.2938489019871,0,0,3.76865220069885,244.991503760219,0,1326.73504732549,0,29.5003762245178,0,0,0,0,0,0,0,0,0,0,0,156.978186741471,0,0,0,0,0.593079328536987,0,0,0,8.55961376428604,194.849690884352,0,0,0,0,0,384.31111317873,0,0,0,0,0,3.94219614565372,0,0,0,0,383.639505192637,0,0,0,297.547522321343,0,0,0,0,0,0,0,0,0,0,0,100.830603808165,115.87023986876,0,64.1633475124836,0,0
0,0.557949066162109,0,0,0,0,0,0,0,0,0,0,0,0,0,0,2.1952847391367,109.301471024752,5.83680385351181,0,0,0,0,0.894711434841156,0,146.91309607029,0,0,0,0,0,0,0,0,0,0,0,0,0,0,0,0,0,0,0,0,0,0,0,1.99173963069916,0,0,0,0,0,0,0,0,0,0,0,142.423143655062,0,0,182.722659751773,0,74.6208783984184,0,0,0,80.9880387187004,0,0,0,0,0,0,0,0,0,0,0,13.3473867624998,0,0,0,0
0,0,0,0,0,0,0,0,23.9228621721268,0,0,0,0,0,8.5792061984539,0,759.683876752853,13.2813373059034,2.36287859082222,0,0,0.633688509464264,125.909031361341,0,226.354497343302,0,156.235271424055,0,2,0,0,0,0,0,0,0,0,0,0,0,0,0,0,0,0,0,0,0,53.1875232458115,0,0,0,0,0,4.26790076494217,0,0,0,3.2755252122879,0,0.421127796173096,0,0,0,0,249.632338166237,0,297.547522321343,0,0,0,35.3532649874687,0,0,0,0,0,0,0,0,0,0,70.489786118269,0,3.66663438081741,0,0
0,0,0,0,0,0,0,0,0,0,0,0,0,0,0,0,0,0,0,0,0,122.428305923939,0,1.22384071350098,0,0,0,497.351924836636,0,0,0,0,0,0,0,0,0,43.8423205465078,0,0,0,0,0,0,0,0,0,0,0,182.065237224102,0,0,0,0,0,0,0,271.28089556098,0,324.421500533819,0,0,0.488624960184097,0,80.1611535400152,0,14.494172975421,0,80.9880387187004,0,0,0,435.01734611392,0,0,0,0,0,0,0,194.99900560081,0,2.01331254839897,0,380.269672989845,0,0
1.20416575670242,0,0,0,0,0,0,0,0,0,0,0,0,0,0,0,55.5872614681721,0,0,0,0,0,67.2587327510118,0,0,0,1.41303169727325,0,383.099483788013,0,128.39475363493,0,0,0,0,0,0,0,151.183386981487,0,0,0,0,0,0,0,0,0,65.0306144952774,0,0,0,0,0,0,0,3.25760796666145,0,70.1214306354523,0,0,0,0,0,0,506.80368937552,0,0,0,35.3532649874687,0,0,0,76.7875872850418,0,0,0,0,0,0,0,476.348483264446,3.92713916301727,0,0,0,0
0,0,0,0.731561154127121,0,0.367516100406647,0,0,0,0,0,101.682782351971,0,0,0,0,0,0,1.36365035176277,19.561952829361,0,41.8137367963791,0,0,0,0,0,17.3078560829163,0,451.596064329147,0,0,0,0,0,0.337603613734245,0,127.514396011829,0,5.43423913419247,0,69.4433852285147,0.187908291816711,26.8085176944733,0,218.076158568263,0,0.997540175914764,0,394.84722417593,0,0,0,0,0,0,0,486.208640813828,0,0,0,0,49.6439315378666,0,20.867896437645,0,0,0,0,0,435.01734611392,0,0,0,0,0,0,0,27.3664841800928,0.128692880272865,1125.41871871054,0,4.94662147760391,0,670.704721555114,17.0520553588867,0
1.26630455255508,0,0,0,0,0,0,0,0,0,165.939729481936,0,8.50238531827927,0,0,0,0,0,0,0,11.2302786707878,0,0,0,0,0,0,0,32.4945102334023,0,830.838596493006,0,0,0,0,0,0,0,244.74114407599,0,0,0,0.80463719367981,0,0,0,0,0,2.93558621406555,0,0,0,0,0,0,0,563.373290613294,0,0,0,0,0,0,24.7631841897964,0,2.69952699542046,0,0,0,0,0,76.7875872850418,0,0,0,0,0,0,0,0,0,450.920012950897,61.6567143201828,0,8.24904119968414,0,0
0,0,0,0,0,0,0,0,0,0,0,0,0,0,0,0,0,0,2.16661223769188,0,0,0,0,0,0,0,0,0,0,0,0,502.579899758101,144.885468751192,102.306420847774,0.712537825107574,75.5874498486519,0,0,0,0,0,6.82888902723789,0,0,0,0.528571844100952,0,31.8331395834684,0,7.77081674337387,0,0,0,0,0,0,0,0,0,0,0,0,0,0,0,0,0,0,0,0,0,0,0,0,0,0,293.130236834288,0,5.44564627110958,0,1.99648979306221,0.211059004068375,742.912752762437,0,0,0,0
0,0,0,0,0,0,0,0,0,0,0,0,0,0,0,0,0,0,0,0,0,0,0,0,0,0,0,0,0,0,0,3.58327442407608,99.0779884159565,0,80.3087524026632,0,45.4155622720718,0,0,0,0,0,0,0,0,0,0,0,0,0,0,0,0,0,0,0,0,0,0,0,0,0,0,0,0,0,0,0,0,0,0,0,0,0,0,0,0,460.754249349236,0,130.424158573151,0,49.7149969264865,20.4781692028046,0,0,0,0
0,0,0,0,0,0,0,0,0,0,0,0,0,0,0,0,0,0,1.96133279800415,0,0,0,0,0,0,0,0,0,0,0,0,193.297907471657,3.11654531955719,1275.74977988005,161.174742281437,564.113307774067,0,49.5789957046509,0,0.506881728768349,0,5.88990569114685,0.13183881342411,0.155738398432732,0,0.279670298099518,0,943.397765934467,4.73851630091667,16.7670287936926,0,0,0,0,0,0,0,0,0,0,0,0,0,0,0,0,0,0,0,0,0,0,0,0,293.130236834288,0,0,1.31472659111023,277.534297838807,0,308.367335706949,47.2295947819948,701.935555279255,0,0.153173968195915,0,0
0,0,0,0,0,0,0,0,0,0,0,0,0,0,0,0,0,0,0,0,0,0,0,0,0,0,0,0,0,0,0,0,97.9404782056808,67.8373471051455,1181.21207380295,0,137.500358730555,0,0,0,0,0,0,0,0,0,0,181.141011238098,0,0,0,0,0,0,0,0,0,0,0,0,0,0,0,0,0,0,0,0,0,0,0,0,0,0,0,460.754249349236,1.31472659111023,0,0,318.280685335398,0,507.102596670389,102.107688337564,1.09325098991394,0,0,0
0,0,0,34.1912750005722,0,8.8005653321743,0,0,0,7.3267867565155,0,4.87170648574829,0,0,0,0,41.0446361303329,49.9661735966802,1957.2361234948,271.041904091835,0.747206389904022,0,2.25889916718006,0,0.349145263433456,0,0,0,0,0,0,24.8279964327812,0,227.242426216602,0,10410.9064125493,1.16825366020203,1061.63794593513,0,871.307193942368,0,2635.38154669851,139.403209067881,838.134791970253,5.07133401930332,2411.0548517853,13.0141436904669,216.954329639673,20.5735152363777,372.660641357303,0,0,0,0,0,0,0,0,0,0,0,0,1224.31856971234,1.59539380669594,0,0,0,0,0,0,0,0,27.3664841800928,0,5.44564627110958,0,277.534297838807,0,0,8.19223217666149,2215.09440811723,4.25433813035488,1568.70271483809,2.3494930267334,1201.75447518378,27.3337009400129,12.1486180722713
0,0,0,0,8.86876413226128,0,0.924357622861862,0,0,0,5.44003614783287,0,0,0,0,0,51.2151607275009,7.96695545315742,650.608245849609,0,1306.84178439528,0,0,0.276055693626404,1.63235819339752,0,0,0,0,0,0,0,176.145462155342,0,353.196770206094,0.639201998710632,12760.4233595282,0,461.920914024115,0,186.106084868312,5.53904220461845,2694.74916600436,3.00825853645802,134.563203498721,0.846984848380089,2811.55055753887,271.844291687012,686.742621302605,2.09115678071976,29.2396976351738,0,0,0,0,0,21.6632412821054,0,0,0,0,0,0,1815.46767983586,0,0,0,0,0,0,0,0,0.128692880272865,0,0,130.424158573151,0,318.280685335398,8.19223217666149,0,1.68435165286064,1820.56938003004,1165.62052557617,0,1830.82434441149,0,508.607138320804
0,0,0,28.278973788023,0,2.95163384079933,0,0,0,137.278034105897,0,270.090428411961,0,0,0,0,25.6449549794197,20.1375274658203,495.05708669126,302.946188122034,0,585.671804636717,0,280.268617942929,0,0,0,0,0,157.076016843319,0,0.340850830078125,0,284.82561172545,0,682.428335405886,0,8496.76249201596,0,134.385867215693,0,755.555688247085,62.6776380836964,578.695053242147,0.126797467470169,1906.04430431128,2.7300688251853,2071.28143541515,0,1201.6813730374,0,0,0,0,0,33.1323167681694,0,149.974091246724,0,0,0,0,247.830348163843,0,607.483707338572,0,121.779580280185,0,0,0,194.99900560081,0,1125.41871871054,0,1.99648979306221,0,308.367335706949,0,2215.09440811723,1.68435165286064,0,2.02189987897873,682.425320826471,5.20429557561874,988.810817807913,251.558553650975,5.0547601133585
