0,0,0,0,0,0,0,0,3.87998908680978,0,0,0,0,0,0,0,3.03080080425929,0,5.78624246087039,0,0,0,0,0,9.81481300081525,0,0,0,0,0,0,0,0,0,32.5644580296108,0,0,0,15.9401058197021,0,0,0,15.0745947335718,0,3.3632915019989,0,0,37.1946125030518,0,0,0,0,0,0,3.0947127847039,0,0,0,0,0,7.99211454391479,0,0,0,0,0,0,6.58041930198669,0,8.55861398151943,0,0,0,0,0,0,0,32.0102462768555,0,0,0,20.5620466868083,7.38053837114451,9.82585509618123,4.12914507738268,0,0
0,0,0,2.74323558807373,0,0,0,0,0,3.16991853713989,0,0,0,0,0,0,0,2.72997891902924,2.94779490545148,0,0,0,0,0,37.1041965484619,0,0,0,0,0,0,0,0,29.0945234298706,0,0,0,17.2110850016276,31.8129523782169,0,0,7.09575947489408,0,0,0,0,0,0,36.1465367942021,3.43566911842512,0,0,0,0,0,3.36910806099574,0,0,0,0,0,3.30123840746029,0,0,0,44.2592913309733,0,42.1788414001465,0,44.0606002807617,2.80660025278727,0,3.21117747913707,0,0,0,0,0,0,0,0,33.7320289611816,12.0625755178201,0,4.57412246363504,0,0
0,0,0,0,0,0,0,0,0,0,0,0,0,0,0,0,0,0,0,0,0,0,0,0,0,0,0,0,0,0,0,0,0,0,0,0,0,0,0,0,0,0,0,0,0,0,5.98868083953857,0,0,0,0,0,0,0,0,0,2.97528892404893,0,0,0,0,0,0,0,0,0,0,0,0,0,0,0,0,0,0,0,0,0,0,0,0,0,3.73407105148816,0,3.51793684187719,0,0
0,2.74323558807373,0,0,0,0,0,0,0,0,0,0,0,0,0,0,0,0,0,4.82418726004806,0,0,0,0,0,0,0,0,0,0,0,0,0,0,0,0,0,0,0,0,0,0,0,0,0,0,0,0,0,0,0,0,0,0,0,0,0,4.72045409679413,0,0,0,0,0,0,0,0,0,0,0,0,0,0,0,0,0,0,0,0,0,0,0,0,3.4313293337822,0,3.48342213837997,0,0
0,0,0,0,0,0,2.92258011211048,0,0,0,3.3458343744278,0,0,0,0,0,0,0,0,0,3.98299175365405,0,0,0,0,0,0,0,0,0,0,0,0,0,0,0,0,0,0,0,0,0,0,0,0,0,0,0,0,0,3.99470829963684,0,0,0,0,0,4.41550922393799,0,0,0,0,0,0,6.61649142361055,0,0,0,0,0,0,0,0,0,0,0,0,0,0,0,0,0,0,3.4240464561287,3.70543515482428,3.57355960210164,0,0
0,0,0,0,0,0,0,0,0,0,0,0,0,0,0,0,0,0,0,0,0,0,0,0,0,0,0,0,0,0,0,0,0,0,0,0,0,0,0,0,0,0,0,0,0,0,0,0,0,0,0,2.79394322633743,0,0,0,0,0,0,0,0,0,0,0,0,0,0,0,0,0,0,0,0,0,0,0,0,0,0,0,0,0,0,3.21523318751105,3.88520997385435,0,0,0
0,0,0,0,2.92258011211048,0,0,0,0,0,4.44901906276487,0,0,0,0,0,0,0,0,0,4.63033140754314,0,0,0,0,0,0,0,0,0,0,0,0,0,0,0,0,0,0,0,0,0,0,0,0,0,0,0,0,0,0,0,3.42518248558044,0,0,0,7.1458838780721,0,0,0,0,0,0,7.41617830594381,0,0,0,0,0,0,0,0,0,0,0,0,0,0,0,0,0,0,3.28993910694697,5.5743228306373,3.35988680521647,0,0
0,0,0,0,0,0,0,0,0,0,0,0,0,0,0,0,0,0,0,0,0,0,0,0,0,0,0,0,0,0,0,0,0,0,0,0,0,0,0,0,0,0,0,0,0,0,0,0,0,0,0,2.90931435554258,0,3.03797088905617,0,0,0,2.7807195186615,0,3.03446006774902,0,0,0,0,0,0,0,0,0,0,0,0,0,0,0,0,0,0,0,0,0,0,2.8053503036499,0,0,0,0
3.87998908680978,0,0,0,0,0,0,0,0,0,0,0,0,0,3.45946722084217,0,2.80337706633977,0,5.33298447447003,0,0,0,10.3159828186035,0,7.97478548030263,0,2.84093087911606,0,0,0,0,0,0,0,31.2164801690812,0,0,0,10.551788927714,0,0,0,5.04140370542353,0,0,0,0,33.9448963447853,0,0,0,0,0,0,3.49238095201295,0,0,0,0,0,3.6464669606289,0,0,0,0,0,0,5.29731708961098,0,5.20236077039473,0,0,0,0,0,0,0,30.1989322662354,0,0,41.1130167643229,14.2632659412012,7.72640844386652,17.4864673614502,4.68292298325578,0,3.77425980567932
0,3.16991853713989,0,0,0,0,0,0,0,0,0,0,0,0,0,3.70103206634521,0,0,4.70700369446965,0,0,0,0,4.26855346204478,0,3.16116645702949,0,0,0,0,0,0,0,25.5694128460354,33.6764121336095,0,0,11.0293998718262,46.0241775512695,0,0,3.94634222643716,0,0,0,0,0,28.3063513577639,34.013632774353,0,0,0,0,0,56.4737854003906,3.44082993607772,0,0,0,0,0,3.32750898599625,0,0,65.5788116455078,0,5.0976557291922,56.4236259460449,3.69682941436768,0,0,0,0,0,0,0,0,34.6124961853027,0,0,14.8410179215755,31.317387898763,4.8962592355321,0,4.6546185458148,0,0
0,0,0,0,3.3458343744278,0,4.44901906276487,0,0,0,0,0,5.42011147704204,0,0,0,0,0,0,0,4.55747976533034,0,0,0,0,0,0,0,3.21124129295349,0,6.23019647598267,0,0,0,0,0,3.65696365591409,0,3.11336091922231,0,0,0,0,0,0,0,0,0,0,0,0,0,0,0,0,0,3.76333215074426,0,5.13183332728101,0,0,0,0,7.5662008636138,0,0,0,0,0,0,0,3.8736721106938,0,8.00436226526896,0,0,0,0,0,4.68529807083996,0,3.75722043701772,3.30585748070403,3.10171755984589,6.60298760732015,0,0
0,0,0,0,0,0,0,0,0,0,0,0,0,3.46247486910109,0,0,0,0,0,3.54044849662488,0,0,0,0,0,0,0,13.9899039268494,0,2.95091470550088,0,0,0,0,0,4.10089087771457,0,3.04271184443615,0,0,0,0,0,0,0,0,0,0,0,0,0,0,0,0,0,0,0,3.70720005404891,0,3.89208446519648,0,0,5.09847281831603,0,0,0,0,0,0,0,14.407827116549,0,3.72049005826314,0,0,0,0,0,0,0,4.89455192544487,0,3.56108995278676,4.36542354311262,7.5894432749067,0,0
0,0,0,0,0,0,0,0,0,0,5.42011147704204,0,0,0,0,0,0,0,0,0,0,0,0,0,0,0,0,0,0,0,0,0,0,0,0,0,0,0,0,0,0,0,0,0,0,0,0,0,0,0,0,0,0,0,0,0,7.04579695200516,0,3.97807823902852,0,0,0,0,0,0,0,0,0,0,0,0,0,0,0,0,0,0,0,0,0,0,0,3.72220210510751,3.69157509258039,0,0,0
0,0,0,0,0,0,0,0,0,0,0,3.46247486910109,0,0,0,0,0,2.74644017219543,0,0,0,0,0,0,0,0,0,3.58668481241358,0,0,0,0,0,0,0,0,0,0,0,0,0,0,0,0,0,0,0,0,0,0,0,0,0,0,0,0,0,3.16258193896367,0,3.33301660687274,0,0,0,0,0,0,0,0,0,0,6.88201813697815,0,0,0,0,0,0,0,0,0,0,0,4.1375413451876,3.69079802131307,0,0,0
0,0,0,0,0,0,0,0,3.45946722084217,0,0,0,0,0,0,0,3.33613259019986,0,0,0,0,0,0,0,9.10668992996216,0,0,0,0,0,0,0,0,0,0,0,0,0,0,0,0,0,0,0,0,0,0,0,0,0,0,0,0,0,4.00499367713928,0,0,0,4.94033050537109,0,2.80484006955073,0,0,0,0,0,0,10.3561047929706,0,12.4381503264109,0,0,0,0,0,0,0,0,0,0,0,0,4.19664364201682,3.99726768334707,0,0,0
0,0,0,0,0,0,0,0,0,3.70103206634521,0,0,0,0,0,0,0,0,0,0,0,0,0,5.48291873931885,0,0,0,0,0,0,0,0,0,0,0,0,0,0,0,0,0,0,0,0,0,0,0,0,0,0,0,0,0,0,0,6.05225193500519,0,0,0,0,0,0,0,0,0,0,9.75561205546061,0,0,0,0,0,0,0,0,0,0,0,0,0,0,0,0,3.28794900576274,0,0,0
3.03080080425929,0,0,0,0,0,0,0,2.80337706633977,0,0,0,0,0,3.33613259019986,0,0,4.66331639331034,13.2550051838312,0,0,0,3.53133173848762,0,0,0,3.41492159882484,0,2.79800545252286,0,0,0,0,0,0,0,0,0,0,39.1244430541992,40.5209350585938,25.5130615234375,22.133078511556,0,25.9387054443359,47.0634841918945,0,0,0,0,0,0,0,0,0,0,0,0,2.74187501271566,0,3.50057448197797,0,45.1532325744629,0,0,7.19769525527954,0,0,0,3.47808012209441,0,0,0,0,0,0,0,0,0,0,0,0,5.54839111598835,6.83862191945949,15.2415047592587,0,0
0,2.72997891902924,0,0,0,0,0,0,0,0,0,0,0,2.74644017219543,0,0,4.66331639331034,0,10.9855701120876,0,0,6.30801851953779,0,8.58778296075426,0,3.73850938638471,0,2.96210772650582,0,0,0,0,0,0,0,0,0,0,0,0,0,31.5613792419434,26.0059539249965,28.0711421966553,26.589173634847,0,0,0,0,0,0,0,0,0,0,0,0,0,0,0,0,0,0,0,4.04788458347321,0,5.06040096282959,0,7.53675574064255,0,0,0,0,0,0,0,0,0,0,0,0,0,6.89464371037556,5.98759251260365,24.7395290193104,0,0
5.78624246087039,2.94779490545148,0,0,0,0,0,0,5.33298447447003,4.70700369446965,0,0,0,0,0,0,13.2550051838312,10.9855701120876,0,0,0,0,0,0,0,0,0,0,0,0,0,0,0,0,0,0,0,0,0,22.5513484418604,26.1790760755539,6.41675094755432,5.49718033489443,3.84060632895402,4.62961126407979,13.5424028078715,15.542330080463,0,0,0,0,0,0,0,0,0,0,0,0,0,0,0,27.1079129819517,25.8477325439453,0,0,0,0,0,0,0,0,0,0,0,0,0,0,29.7711181990597,24.5023162498903,0,26.9647541046143,7.36546088571782,10.5923614833928,6.71322409315621,3.92837522310369,3.35688990790669
0,0,0,4.82418726004806,0,0,0,0,0,0,0,3.54044849662488,0,0,0,0,0,0,0,0,0,0,0,0,0,0,0,0,0,0,0,0,0,0,0,3.72181822592954,0,0,0,8.02325077056885,0,30.0922298431396,0,0,0,6.06405876548427,0,0,0,12.8800745010376,0,0,0,0,0,0,0,6.59177890825343,0,0,0,0,4.22538890780655,0,0,0,0,0,0,0,0,0,0,0,0,0,0,0,0,0,8.60942566394806,0,4.02755599551731,0,4.84077842806982,0,0
0,0,0,0,3.98299175365405,0,4.63033140754314,0,0,0,4.55747976533034,0,0,0,0,0,0,0,0,0,0,0,0,0,0,0,0,0,0,0,0,0,0,0,0,0,3.58379968398849,0,4.27149734891709,0,0,0,0,0,0,0,7.09510326385498,0,0,0,4.013240249921,0,0,0,0,0,4.60906468162389,0,0,0,0,0,0,4.58784048323251,0,0,0,0,0,0,0,0,0,11.7820926079383,0,0,0,0,0,3.30100595840956,0,9.0294341468811,3.99455679223893,3.73576545715332,4.32693064103833,0,0
0,0,0,0,0,0,0,0,0,0,0,0,0,0,0,0,0,6.30801851953779,0,0,0,0,3.54186437072137,3.85071973354496,0,6.84153630369801,0,2.98123506019855,0,0,0,0,0,0,0,0,0,3.45994872211181,3.67654011042222,0,0,0,0,0,0,0,0,31.726224899292,0,2.84460312790341,0,0,0,0,0,0,0,0,0,0,0,0,0,0,3.26928596627751,4.46851139491004,5.24806552103588,0,0,0,3.38365260047474,0,0,0,0,0,0,0,0,0,3.91440526265947,8.51950796445211,3.55030242176522,3.61784872401844,0,0,0
0,0,0,0,0,0,0,0,10.3159828186035,0,0,0,0,0,0,0,3.53133173848762,0,0,0,0,3.54186437072137,0,35.2616844177246,5.22456827597185,0,6.3817689845927,0,3.92655137541947,0,0,0,0,0,27.0753846168518,0,0,0,3.39579825979479,0,0,0,0,0,0,0,0,26.8020191192627,2.93930933210585,0,0,0,0,0,17.4227733612061,0,0,0,0,0,0,0,0,0,5.70734418093503,3.33894971326278,0,4.85334538221359,0,4.09875406413318,0,3.60412196687606,0,0,0,0,0,25.1204795837402,0,0,32.0995979309082,3.68685930443608,4.19213403026902,3.68318130994084,35.7057647705078,0,0
0,0,0,0,0,0,0,0,0,4.26855346204478,0,0,0,0,0,5.48291873931885,0,8.58778296075426,0,0,0,3.85071973354496,35.2616844177246,0,31.6416094038222,4.57015903877175,0,0,0,0,0,0,0,17.8993785513772,30.5375522330955,0,0,4.58500201573169,24.6001783013344,0,0,0,0,0,0,0,0,22.291127607125,28.8962667364823,4.59940812910668,0,0,0,0,0,5.07212755084038,0,0,0,0,0,10.534369468689,0,0,5.03854900062497,35.722533416748,4.32954922786152,35.0718887874058,4.13528823345265,0,0,0,0,0,0,0,23.0621995925903,28.0731325149536,0,0,6.82575919144736,25.4343631835211,4.24359971463653,8.58631742341178,20.0619545416398,0,0
9.81481300081525,37.1041965484619,0,0,0,0,0,0,7.97478548030263,0,0,0,0,0,9.10668992996216,0,0,0,0,0,0,0,5.22456827597185,31.6416094038222,0,0,4.00777017081957,0,0,0,0,0,0,0,23.1832167687623,0,0,29.2485084533691,4.49481884237635,0,0,0,19.4711499214172,0,0,0,0,26.560269311417,4.54146558233777,38.3895060221354,0,0,0,0,7.9008961844314,0,0,0,0,0,11.9470869769221,0,0,0,39.1405601501465,4.58538703025855,31.1220649719238,4.19372155967268,0,3.9861782646779,0,0,0,0,0,0,0,23.3882601261139,0,0,28.4432660901869,7.20480867538412,5.29693472904629,3.94149319614683,15.541853427887,0,0
0,0,0,0,0,0,0,0,0,3.16116645702949,0,0,0,0,0,0,0,3.73850938638471,0,0,0,6.84153630369801,0,4.57015903877175,0,0,0,0,0,0,0,0,0,0,0,0,0,0,0,0,0,0,0,0,0,0,0,0,0,0,0,0,0,0,0,4.0745211328779,0,0,0,0,0,0,0,0,0,0,7.75059247016907,0,3.77008447192964,0,0,0,0,0,0,0,0,0,0,0,12.8152656555176,0,4.35787174807992,0,0,0,0
0,0,0,0,0,0,0,0,2.84093087911606,0,0,0,0,0,0,0,3.41492159882484,0,0,0,0,0,6.3817689845927,0,4.00777017081957,0,0,0,0,0,0,0,0,0,0,0,0,0,0,0,0,0,0,0,0,0,0,0,0,0,0,0,0,0,0,0,0,0,0,0,2.93083834648132,0,0,0,0,2.76184980074565,0,3.60126749106816,0,3.39298575789064,0,0,0,0,0,0,0,0,0,0,0,0,6.49769664725526,0,0,0,0
0,0,0,0,0,0,0,0,0,0,0,13.9899039268494,0,3.58668481241358,0,0,0,2.96210772650582,0,0,0,2.98123506019855,0,0,0,0,0,0,0,3.10389437574021,0,0,0,0,0,0,0,6.39769883950551,0,0,0,0,0,0,0,0,0,0,0,0,0,0,0,0,0,0,0,0,0,4.63079044612554,0,0,0,0,3.43030700153775,0,0,0,0,0,3.3790356412523,0,3.3632777929306,0,0,0,0,0,0,0,0,0,3.18541324336058,3.45913336434717,0,0,0
0,0,0,0,0,0,0,0,0,0,3.21124129295349,0,0,0,0,0,2.79800545252286,0,0,0,0,0,3.92655137541947,0,0,0,0,0,0,0,6.53155289590359,0,0,0,0,0,0,0,8.75529850853814,0,0,0,0,0,0,0,0,0,0,0,0,0,0,0,0,0,5.46867532200283,0,0,0,0,0,0,0,0,0,0,0,0,0,0,3.58322783178458,0,6.46173238408738,0,0,0,0,0,0,0,0,3.20275896933021,2.98371686023315,0,0,0
0,0,0,0,0,0,0,0,0,0,0,2.95091470550088,0,0,0,0,0,0,0,0,0,0,0,0,0,0,0,3.10389437574021,0,0,0,0,0,0,0,0,0,3.12370461975877,0,0,0,0,0,0,0,0,0,0,0,0,0,0,0,0,0,0,0,3.34217271208763,0,0,0,0,0,0,0,0,0,0,0,0,4.63680921430173,0,3.25236468057375,0,0,0,0,0,0,0,5.67064611455227,0,2.93192967662105,0,0,0,0
0,0,0,0,0,0,0,0,0,0,6.23019647598267,0,0,0,0,0,0,0,0,0,0,0,0,0,0,0,0,0,6.53155289590359,0,0,0,0,0,0,0,0,0,3.88631037490426,0,0,0,0,0,0,0,0,0,0,0,0,0,0,0,0,0,4.69305658340454,0,0,0,0,0,0,0,0,0,0,0,0,0,0,6.04284695603631,0,4.43408651535328,0,0,0,0,0,0,0,4.22898909780714,3.57753592634958,3.01434540003538,0,0,0
0,0,0,0,0,0,0,0,0,0,0,0,0,0,0,0,0,0,0,0,0,0,0,0,0,0,0,0,0,0,0,0,6.60755093895555,22.9982378022085,25.9034657478333,5.0000954469045,5.02990578640546,0,0,0,0,0,0,0,0,0,0,13.885617769797,21.2441298744895,20.3293298085531,0,0,0,0,0,0,0,0,0,0,0,0,0,0,0,0,0,0,0,0,0,0,0,0,4.26771958760797,5.93420754311499,22.4020877725938,28.6576861213235,7.92416971921921,8.95947572818169,0,0,4.91221575005345,0,0,0,0
0,0,0,0,0,0,0,0,0,0,0,0,0,0,0,0,0,0,0,0,0,0,0,0,0,0,0,0,0,0,0,6.60755093895555,0,19.7689909934998,19.0142039306024,5.75456652598785,6.52525293597317,0,0,0,0,0,0,0,0,0,0,12.3714050871771,14.1554540528191,19.2472565968831,0,0,0,0,0,0,0,0,0,0,0,0,0,0,0,0,0,0,0,0,0,0,0,0,5.34641158951266,4.78953415070017,19.8453149795532,20.7042240367706,10.4735494463943,8.88007220065955,0,0,3.44767349329426,0,0,0,0
0,29.0945234298706,0,0,0,0,0,0,0,25.5694128460354,0,0,0,0,0,0,0,0,0,0,0,0,0,17.8993785513772,0,0,0,0,0,0,0,22.9982378022085,19.7689909934998,0,5.89685577023448,5.10386855261666,0,12.2441339841341,15.5077111522357,0,0,24.9843528182418,0,0,0,0,0,15.832997424161,22.1066938521157,15.2797082265218,0,0,0,0,0,27.7091182072957,0,0,0,0,0,0,0,0,18.7783260345459,0,19.4392206313762,0,0,0,0,28.4171671186175,0,0,21.8057655884959,22.111130128827,3.81129418710319,7.12537085793235,23.4044442858015,17.9016189575195,8.12668274709271,15.5823756597375,16.2052642313334,16.6254109882173,24.0075619485643,0,0
32.5644580296108,0,0,0,0,0,0,0,31.2164801690812,33.6764121336095,0,0,0,0,0,0,0,0,0,0,0,0,27.0753846168518,30.5375522330955,23.1832167687623,0,0,0,0,0,0,25.9034657478333,19.0142039306024,5.89685577023448,0,0,6.11154788373465,20.5123761481926,16.7538561687256,0,0,32.972728729248,34.0150367736816,0,0,0,0,13.7497437234381,12.5268356402715,22.0298324161106,0,0,0,0,30.382688594438,39.1438649495443,0,0,0,0,0,0,0,0,36.4605354732937,22.5871391296387,36.2706570876272,23.6179589785062,0,0,0,0,0,0,28.2416106462479,19.982366803219,4.65627192401741,5.11399831487643,23.6604659557343,9.38987877964973,15.705968824809,14.4819583649106,16.9955352364629,19.1081723137335,31.3522344827652,0,0
0,0,0,0,0,0,0,0,0,0,0,4.10089087771457,0,0,0,0,0,0,0,3.72181822592954,0,0,0,0,0,0,0,0,0,0,0,5.0000954469045,5.75456652598785,5.10386855261666,0,0,4.5854845959011,3.31925934534224,0,7.6551083723704,0,23.3592883518764,0,0,0,4.17951032192032,0,5.51834686753963,9.04999887943268,31.0752271016439,0,0,0,0,0,0,0,5.24302092823414,0,0,0,0,3.9137419087126,0,0,0,0,0,0,0,0,0,0,0,4.49501063426336,7.24435321987888,5.37977262560756,0,4.75840405385295,5.94608721656214,4.44771350900848,0,3.66393418754948,5.00069419754788,7.17984957993031,0,0
0,0,0,0,0,0,0,0,0,0,3.65696365591409,0,0,0,0,0,0,0,0,0,3.58379968398849,0,0,0,0,0,0,0,0,0,0,5.02990578640546,6.52525293597317,0,6.11154788373465,4.5854845959011,0,0,3.87757713905601,0,4.31836605072021,0,0,0,0,0,5.306118582336,4.65311566436399,5.3431339263916,0,0,0,0,0,0,0,4.60592216616559,0,0,0,0,0,0,4.46078668236733,0,0,0,0,0,0,0,0,0,0,4.51566008946795,5.93079042282994,0,3.08802156978183,4.83987912319633,4.55727759474008,0,0,3.68860972584054,4.00364968797638,4.51689451348548,0,0
0,17.2110850016276,0,0,0,0,0,0,0,11.0293998718262,0,3.04271184443615,0,0,0,0,0,0,0,0,0,3.45994872211181,0,4.58500201573169,29.2485084533691,0,0,6.39769883950551,0,3.12370461975877,0,0,0,12.2441339841341,20.5123761481926,3.31925934534224,0,0,14.111286322104,0,0,13.1769547739694,0,0,0,8.08021559034075,0,10.1314972393889,22.4696175976681,6.26525535056679,0,0,0,0,45.3609561920166,10.7146966558822,0,4.2042217061445,0,0,0,0,6.6484309832255,0,4.73595736968231,35.2027037585223,5.29921682553414,32.9593855539958,0,35.2795419692993,0,29.4728221235604,3.63385374067535,0,0,0,4.76031997116334,19.2286530335744,3.90665715299876,0,4.28878833492606,13.4878798501589,6.99987206660713,9.20275835990906,17.6539141666598,0,0
15.9401058197021,31.8129523782169,0,0,0,0,0,0,10.551788927714,46.0241775512695,3.11336091922231,0,0,0,0,0,0,0,0,0,4.27149734891709,3.67654011042222,3.39579825979479,24.6001783013344,4.49481884237635,0,0,0,8.75529850853814,0,3.88631037490426,0,0,15.5077111522357,16.7538561687256,0,3.87757713905601,14.111286322104,0,0,0,28.470682144165,19.9263826551892,0,0,0,9.00059166950966,11.9640099326999,4.84896921557049,28.026693037578,0,0,0,0,10.2942134265919,0,3.78219196261192,0,0,0,0,0,0,7.11687640277473,14.7805377738229,3.93466383988115,25.9204219110411,4.38665564301263,0,10.5537557601929,0,6.6879342397054,0,4.59113363669469,0,0,24.2041091918945,15.8179992366041,0,5.07329931470817,19.8732380441203,3.60261268156691,6.44834362290516,6.14849705896645,11.699680878243,0,0
0,0,0,0,0,0,0,0,0,0,0,0,0,0,0,0,39.1244430541992,0,22.5513484418604,8.02325077056885,0,0,0,0,0,0,0,0,0,0,0,0,0,0,0,7.6551083723704,0,0,0,0,0,23.1890674991254,0,16.9546732212248,0,9.23494647334403,0,12.7711462974548,23.110969543457,23.313023292265,0,0,0,0,0,0,0,0,0,0,0,0,5.02050722029901,0,0,0,0,0,0,0,0,0,29.4037780761719,0,0,0,0,0,18.108546576516,28.8571910858154,23.983067768524,0,21.1721468744502,15.6301369667053,18.1819747754506,27.5427074432373,0
0,0,0,0,0,0,0,0,0,0,0,0,0,0,0,0,40.5209350585938,0,26.1790760755539,0,0,0,0,0,0,0,0,0,0,0,0,0,0,0,0,0,4.31836605072021,0,0,0,0,0,21.3402439851395,0,18.5390879747537,0,12.9992715991597,0,22.3191150239442,20.150071589152,0,0,0,0,0,0,0,0,0,0,0,0,0,4.97809270554245,0,0,0,0,0,0,0,0,0,28.7054827213287,0,0,0,0,0,21.1878811425801,0,18.8801565095782,18.3229075840541,0,17.1181231021063,0,0
0,7.09575947489408,0,0,0,0,0,0,0,3.94634222643716,0,0,0,0,0,0,25.5130615234375,31.5613792419434,6.41675094755432,30.0922298431396,0,0,0,0,0,0,0,0,0,0,0,0,0,24.9843528182418,32.972728729248,23.3592883518764,0,13.1769547739694,28.470682144165,23.1890674991254,0,0,9.04519568487655,8.78458922252923,0,19.6804471468813,0,27.9419998895554,34.2082879808214,17.323826873839,0,0,0,0,0,4.95806665155623,0,4.62857151031494,0,0,0,0,23.7325626027664,0,0,0,6.2542130947113,36.2968597412109,0,0,6.12690544128418,0,3.84392535686493,0,0,0,0,0,22.3219612651197,0,9.99328460105478,0,9.06415795795223,49.3369255065918,11.2102649317825,4.22146119911176,0
15.0745947335718,0,0,0,0,0,0,0,5.04140370542353,0,0,0,0,0,0,0,22.133078511556,26.0059539249965,5.49718033489443,0,0,0,0,0,19.4711499214172,0,0,0,0,0,0,0,0,0,34.0150367736816,0,0,0,19.9263826551892,0,21.3402439851395,9.04519568487655,0,8.48813329424177,9.71502029284738,0,16.7454129692742,16.0007514953613,10.8228692567016,14.2467149098714,0,0,0,0,6.23989514332668,0,14.3533286685611,0,16.2815333879911,0,0,0,0,23.6035112180385,0,29.6737434680645,0,23.150057389186,0,16.1879012244088,0,0,0,16.0147161483765,0,0,0,32.4989471435547,14.0871184666952,20.9173626616099,19.6261405944824,20.4677806770277,9.13629264527825,0,10.1551023465579,0,5.66829724805714
0,0,0,0,0,0,0,0,0,0,0,0,0,0,0,0,0,28.0711421966553,3.84060632895402,0,0,0,0,0,0,0,0,0,0,0,0,0,0,0,0,0,0,0,0,16.9546732212248,0,8.78458922252923,8.48813329424177,0,0,11.0534737864043,0,0,0,0,0,0,0,0,0,0,0,0,0,0,0,0,21.200225030423,0,0,0,0,0,0,0,0,0,0,0,0,0,0,0,22.5646608509045,0,17.8929347991943,0,13.0091806820461,0,7.75740098905722,8.18193204062326,0
3.3632915019989,0,0,0,0,0,0,0,0,0,0,0,0,0,0,0,25.9387054443359,26.589173634847,4.62961126407979,0,0,0,0,0,0,0,0,0,0,0,0,0,0,0,0,0,0,0,0,0,18.5390879747537,0,9.71502029284738,0,0,0,10.0948017970877,0,31.8498439788818,0,0,0,0,0,0,0,35.3780835469564,0,0,0,0,0,0,20.8195973087001,0,0,0,0,0,0,0,0,0,0,0,0,0,0,0,22.349036026812,0,23.7051840782166,9.92433752282693,0,6.84709828923211,0,12.4682599703471
0,0,0,0,0,0,0,0,0,0,0,0,0,0,0,0,47.0634841918945,0,13.5424028078715,6.06405876548427,0,0,0,0,0,0,0,0,0,0,0,0,0,0,0,4.17951032192032,0,8.08021559034075,0,9.23494647334403,0,19.6804471468813,0,11.0534737864043,0,0,0,0,0,23.5864914527306,0,0,0,0,0,0,0,9.06538534164429,0,0,0,0,7.88360025779755,0,0,0,0,0,0,0,0,0,10.0876714161464,0,0,0,0,0,14.7316112770237,0,10.6435479235824,0,23.6952467937859,0,8.82975502415717,18.7251731554667,0
0,0,5.98868083953857,0,0,0,0,0,0,0,0,0,0,0,0,0,0,0,15.542330080463,0,7.09510326385498,0,0,0,0,0,0,0,0,0,0,0,0,0,0,0,5.306118582336,0,9.00059166950966,0,12.9992715991597,0,16.7454129692742,0,10.0948017970877,0,0,0,21.3283571868107,0,0,0,0,0,0,0,0,0,0,0,0,0,0,10.5001840842469,0,0,0,0,0,0,0,0,0,29.7087900427323,0,0,0,0,0,15.6767545338845,0,13.3936875466512,13.1446279287338,0,9.39514429100594,0,0
37.1946125030518,0,0,0,0,0,0,0,33.9448963447853,28.3063513577639,0,0,0,0,0,0,0,0,0,0,0,31.726224899292,26.8020191192627,22.291127607125,26.560269311417,0,0,0,0,0,0,13.885617769797,12.3714050871771,15.832997424161,13.7497437234381,5.51834686753963,4.65311566436399,10.1314972393889,11.9640099326999,12.7711462974548,0,27.9419998895554,16.0007514953613,0,0,0,0,0,12.6808551148578,6.04546430777695,0,0,0,0,33.9462034188065,30.8067313602992,0,0,0,0,0,0,0,0,28.285426457723,28.817361831665,18.7480475075391,29.6849130483774,0,0,0,28.0195861076241,0,0,12.3985494672582,7.47380286851451,6.02418298930067,12.382023813133,10.0581501683379,5.9178772682075,8.51020863116977,10.5584597426826,9.3019171228725,21.5420585296772,20.6098205215401,0,32.6816787719727
0,36.1465367942021,0,0,0,0,0,0,0,34.013632774353,0,0,0,0,0,0,0,0,0,0,0,0,2.93930933210585,28.8962667364823,4.54146558233777,0,0,0,0,0,0,21.2441298744895,14.1554540528191,22.1066938521157,12.5268356402715,9.04999887943268,5.3431339263916,22.4696175976681,4.84896921557049,23.110969543457,22.3191150239442,34.2082879808214,10.8228692567016,0,31.8498439788818,0,21.3283571868107,12.6808551148578,0,16.1725341529411,0,0,0,0,7.51865323384603,40.9440854390462,4.46028941991378,0,4.17683818808013,0,5.11163878663678,0,0,30.0901145935059,32.4698959350586,9.15079188780958,29.6796857446313,6.31765006658312,0,4.7652125706513,0,5.69975306270839,0,15.0440654754639,14.3150797517676,4.97226586228325,13.3804780814959,6.77701173429414,14.6504079440366,10.9219076374662,25.2404773034782,10.2512577935885,12.1354614778076,17.2364312807719,11.5281227709669,0,0
0,3.43566911842512,0,0,0,0,0,0,0,0,0,0,0,0,0,0,0,0,0,12.8800745010376,0,2.84460312790341,0,4.59940812910668,38.3895060221354,0,0,0,0,0,0,20.3293298085531,19.2472565968831,15.2797082265218,22.0298324161106,31.0752271016439,0,6.26525535056679,28.026693037578,23.313023292265,20.150071589152,17.323826873839,14.2467149098714,0,0,23.5864914527306,0,6.04546430777695,16.1725341529411,0,0,0,0,0,0,0,0,3.04971692800522,0,0,0,3.05379164218903,31.9552268981934,0,3.4358351457119,42.3934478759766,4.58434482571214,39.8915750715468,3.15951445515595,44.9455718994141,3.38499714902981,0,3.40149950654539,0,7.16596702734629,0,3.8760254652995,15.6482655207316,17.7031374953428,15.0435472635122,6.12017272744584,28.741390815148,9.79252349308559,17.9921054840088,8.57505023590699,0,0
0,0,0,0,3.99470829963684,0,0,0,0,0,0,0,0,0,0,0,0,0,0,0,4.013240249921,0,0,0,0,0,0,0,0,0,0,0,0,0,0,0,0,0,0,0,0,0,0,0,0,0,0,0,0,0,0,0,0,0,0,0,0,0,0,0,0,0,0,6.93361977419239,0,0,0,0,0,0,0,0,0,0,0,0,0,0,0,0,0,0,4.20699071884155,0,2.72516477108002,0,0
0,0,0,0,0,2.79394322633743,0,2.90931435554258,0,0,0,0,0,0,0,0,0,0,0,0,0,0,0,0,0,0,0,0,0,0,0,0,0,0,0,0,0,0,0,0,0,0,0,0,0,0,0,0,0,0,0,0,0,0,0,0,0,0,0,0,0,0,0,0,0,0,0,0,0,0,0,0,0,0,0,0,0,0,0,0,0,0,3.38372288193235,0,0,0,0
0,0,0,0,0,0,3.42518248558044,0,0,0,0,0,0,0,0,0,0,0,0,0,0,0,0,0,0,0,0,0,0,0,0,0,0,0,0,0,0,0,0,0,0,0,0,0,0,0,0,0,0,0,0,0,0,0,0,0,0,0,0,0,0,0,0,0,0,0,0,0,0,0,0,0,0,0,0,0,0,0,0,0,0,0,4.00921616053939,12.3452299833298,0,0,0
0,0,0,0,0,0,0,3.03797088905617,0,0,0,0,0,0,0,0,0,0,0,0,0,0,0,0,0,0,0,0,0,0,0,0,0,0,0,0,0,0,0,0,0,0,0,0,0,0,0,0,0,0,0,0,0,0,0,0,0,0,0,2.91924764264014,0,0,0,0,0,0,0,0,0,0,0,0,0,0,0,0,0,0,0,0,0,0,3.01796377673108,0,0,0,0
3.0947127847039,0,0,0,0,0,0,0,3.49238095201295,56.4737854003906,0,0,0,0,4.00499367713928,0,0,0,0,0,0,0,17.4227733612061,0,7.9008961844314,0,0,0,0,0,0,0,0,0,30.382688594438,0,0,45.3609561920166,10.2942134265919,0,0,0,6.23989514332668,0,0,0,0,33.9462034188065,7.51865323384603,0,0,0,0,0,0,0,0,0,0,0,5.67666736341292,0,0,0,0,16.0153260231018,0,5.07704510871987,0,8.08888940431135,0,0,0,0,0,0,0,29.9366834163666,0,0,39.6732330322266,13.8115261086267,11.1358439185857,17.7057228088379,5.61692027047623,0,0
0,3.36910806099574,0,0,0,0,0,0,0,3.44082993607772,0,0,0,0,0,6.05225193500519,0,0,0,0,0,0,0,5.07212755084038,0,4.0745211328779,0,0,0,0,0,0,0,27.7091182072957,39.1438649495443,0,0,10.7146966558822,0,0,0,4.95806665155623,0,0,0,0,0,30.8067313602992,40.9440854390462,0,0,0,0,0,0,0,0,0,0,0,0,0,0,0,0,0,5.08075177537906,42.8431587219238,0,0,0,0,0,0,0,0,0,32.2202377319336,0,0,7.53773350258396,46.0676002502441,4.82409620285034,0,4.48052025746696,0,0
0,0,2.97528892404893,0,4.41550922393799,0,7.1458838780721,0,0,0,3.76333215074426,0,7.04579695200516,0,0,0,0,0,0,0,4.60906468162389,0,0,0,0,0,0,0,5.46867532200283,0,4.69305658340454,0,0,0,0,0,4.60592216616559,0,3.78219196261192,0,0,0,14.3533286685611,0,35.3780835469564,0,0,0,4.46028941991378,0,0,0,0,0,0,0,0,0,3.81003197932589,0,0,0,0,7.07749368515951,0,0,0,0,0,0,0,7.31047797522137,0,3.29473621209462,0,0,0,0,0,5.91664270169473,0,5.23053479194641,3.32301432899358,3.21140286882045,5.31541858317256,0,15.0248800913493
0,0,0,4.72045409679413,0,0,0,2.7807195186615,0,0,0,3.70720005404891,0,3.16258193896367,0,0,0,0,0,6.59177890825343,0,0,0,0,0,0,0,0,0,3.34217271208763,0,0,0,0,0,5.24302092823414,0,4.2042217061445,0,0,0,4.62857151031494,0,0,0,9.06538534164429,0,0,0,3.04971692800522,0,0,0,0,0,0,0,0,0,5.30145973234034,0,2.74741220474243,7.19433697591585,0,0,0,0,0,0,0,6.45499540255449,0,3.75325943377152,0,0,0,0,0,0,0,8.93769642710686,0,3.66627821266251,4.8474588394165,5.31341501359407,0,0
0,0,0,0,0,0,0,0,0,0,5.13183332728101,0,3.97807823902852,0,4.94033050537109,0,2.74187501271566,0,0,0,0,0,0,0,0,0,0,0,0,0,0,0,0,0,0,0,0,0,0,0,0,0,16.2815333879911,0,0,0,0,0,4.17683818808013,0,0,0,0,0,0,0,3.81003197932589,0,0,0,3.6788344045855,0,0,4.47064234993675,0,0,0,0,0,0,0,6.54832625389099,0,0,0,0,0,0,0,0,0,0,3.9585575343962,5.9045726748986,5.43418060545999,0,0
0,0,0,0,0,0,0,3.03446006774902,0,0,0,3.89208446519648,0,3.33301660687274,0,0,0,0,0,0,0,0,0,0,0,0,0,4.63079044612554,0,0,0,0,0,0,0,0,0,0,0,0,0,0,0,0,0,0,0,0,0,0,0,0,0,2.91924764264014,0,0,0,5.30145973234034,0,0,0,2.84136741501944,0,0,0,0,0,0,0,0,9.67083773207157,0,0,0,0,0,0,0,0,0,0,0,4.99931270879427,3.35836343989413,0,0,0
7.99211454391479,0,0,0,0,0,0,0,3.6464669606289,0,0,0,0,0,2.80484006955073,0,3.50057448197797,0,0,0,0,0,0,0,11.9470869769221,0,2.93083834648132,0,0,0,0,0,0,0,0,0,0,0,0,0,0,0,0,0,0,0,0,0,5.11163878663678,0,0,0,0,0,5.67666736341292,0,0,0,3.6788344045855,0,0,0,0,0,0,0,0,11.5469155737694,0,13.5750103897936,0,0,0,0,0,0,0,0,0,0,0,0,3.58135386308034,0,12.4301338195801,0,0
0,3.30123840746029,0,0,0,0,0,0,0,3.32750898599625,0,0,0,0,0,0,0,0,0,0,0,0,0,10.534369468689,0,0,0,0,0,0,0,0,0,0,0,0,0,0,0,0,0,0,0,0,0,0,0,0,0,3.05379164218903,0,0,0,0,0,0,0,2.74741220474243,0,2.84136741501944,0,0,0,0,0,0,11.2869620323181,0,0,0,0,0,0,0,0,0,0,0,0,0,0,0,0,0,0,0,0
0,0,0,0,0,0,0,0,0,0,0,5.09847281831603,0,0,0,0,45.1532325744629,0,27.1079129819517,4.22538890780655,0,0,0,0,0,0,0,0,0,0,0,0,0,0,0,3.9137419087126,0,6.6484309832255,0,5.02050722029901,0,23.7325626027664,0,21.200225030423,0,7.88360025779755,0,0,0,31.9552268981934,0,0,0,0,0,0,0,7.19433697591585,0,0,0,0,0,0,0,0,0,0,0,0,0,0,11.0188234647115,0,0,0,0,0,5.53427716868895,0,5.76055809169404,0,5.48299045797805,0,9.17044483826078,29.732520421346,0
0,0,0,0,6.61649142361055,0,7.41617830594381,0,0,0,7.5662008636138,0,0,0,0,0,0,0,25.8477325439453,0,4.58784048323251,0,0,0,0,0,0,0,0,0,0,0,0,0,0,0,4.46078668236733,0,7.11687640277473,0,4.97809270554245,0,23.6035112180385,0,20.8195973087001,0,10.5001840842469,0,30.0901145935059,0,6.93361977419239,0,0,0,0,0,7.07749368515951,0,4.47064234993675,0,0,0,0,0,0,0,0,0,0,0,0,0,0,12.2032387531721,0,0,0,0,0,9.65796623854363,0,9.15691156034738,3.94711869641354,0,12.0859893031179,0,0
0,0,0,0,0,0,0,0,0,65.5788116455078,0,0,0,0,0,0,0,4.04788458347321,0,0,0,3.26928596627751,5.70734418093503,5.03854900062497,39.1405601501465,0,0,3.43030700153775,0,0,0,0,0,18.7783260345459,36.4605354732937,0,0,4.73595736968231,14.7805377738229,0,0,0,0,0,0,0,0,28.285426457723,32.4698959350586,3.4358351457119,0,0,0,0,0,0,0,0,0,0,0,0,0,0,0,7.99062214106539,5.49226744263684,41.3198471069336,0,0,4.16632923778735,0,0,0,0,0,0,39.6371765136719,0,0,9.05713620185852,29.7995228486903,4.79058951736824,6.16924672886945,29.0099853515625,0,0
0,44.2592913309733,0,0,0,0,0,0,0,0,0,0,0,0,0,0,7.19769525527954,0,0,0,0,4.46851139491004,3.33894971326278,35.722533416748,4.58538703025855,0,2.76184980074565,0,0,0,0,0,0,0,22.5871391296387,0,0,35.2027037585223,3.93466383988115,0,0,0,29.6737434680645,0,0,0,0,28.817361831665,9.15079188780958,42.3934478759766,0,0,0,0,16.0153260231018,0,0,0,0,0,0,0,0,0,7.99062214106539,0,37.1501423228871,6.15453542812237,0,3.06340920180082,0,3.14024022221565,0,0,0,0,0,0,0,0,34.3324864175585,6.081659921578,6.67442168373811,4.0874460787555,25.4474711093036,0,0
0,0,0,0,0,0,0,0,0,5.0976557291922,0,0,0,0,0,9.75561205546061,0,5.06040096282959,0,0,0,5.24806552103588,0,4.32954922786152,31.1220649719238,7.75059247016907,0,0,0,0,0,0,0,19.4392206313762,36.2706570876272,0,0,5.29921682553414,25.9204219110411,0,0,6.2542130947113,0,0,0,0,0,18.7480475075391,29.6796857446313,4.58434482571214,0,0,0,0,0,5.08075177537906,0,0,0,0,0,11.2869620323181,0,0,5.49226744263684,37.1501423228871,0,35.0538991895215,6.71527528762817,37.0944805145264,0,0,0,0,0,0,23.6179103851318,33.7185277938843,0,0,6.98482431819594,25.5032077900414,5.78082737255053,16.0400087152209,15.4118399156165,0,0
6.58041930198669,42.1788414001465,0,0,0,0,0,0,5.29731708961098,56.4236259460449,0,0,0,0,10.3561047929706,0,0,0,0,0,0,0,4.85334538221359,35.0718887874058,4.19372155967268,0,3.60126749106816,0,0,0,0,0,0,0,23.6179589785062,0,0,32.9593855539958,4.38665564301263,0,0,36.2968597412109,23.150057389186,0,0,0,0,29.6849130483774,6.31765006658312,39.8915750715468,0,0,0,0,5.07704510871987,42.8431587219238,0,0,0,0,11.5469155737694,0,0,0,41.3198471069336,6.15453542812237,35.0538991895215,0,0,6.13190145384182,0,0,0,0,0,0,0,23.8509429295858,0,0,31.7730443495557,7.86985566694412,7.80920094650434,4.2155876329967,15.4609000735981,0,0
0,0,0,0,0,0,0,0,0,3.69682941436768,0,0,0,0,0,0,0,7.53675574064255,0,0,0,0,0,4.13528823345265,0,3.77008447192964,0,0,0,0,0,0,0,0,0,0,0,0,0,0,0,0,0,0,0,0,0,0,0,3.15951445515595,0,0,0,0,0,0,0,0,0,0,0,0,0,0,0,0,6.71527528762817,0,0,0,3.31332980261909,0,0,0,0,0,0,0,0,0,0,0,4.42968916152575,0,0,0,0
8.55861398151943,44.0606002807617,0,0,0,0,0,0,5.20236077039473,0,0,0,0,0,12.4381503264109,0,3.47808012209441,0,0,0,0,0,4.09875406413318,0,3.9861782646779,0,3.39298575789064,0,0,0,0,0,0,0,0,0,0,35.2795419692993,10.5537557601929,0,0,0,16.1879012244088,0,0,0,0,0,4.7652125706513,44.9455718994141,0,0,0,0,8.08888940431135,0,0,0,0,0,13.5750103897936,0,0,0,0,3.06340920180082,37.0944805145264,6.13190145384182,0,0,0,3.53338526459627,0,0,0,0,0,0,0,0,34.4829659095177,15.993724822998,5.0744933953652,0,21.2831835997732,0,0
0,2.80660025278727,0,0,0,0,0,0,0,0,0,14.407827116549,0,6.88201813697815,0,0,0,0,0,0,0,3.38365260047474,0,0,0,0,0,3.3790356412523,0,4.63680921430173,0,0,0,0,0,0,0,0,0,0,0,6.12690544128418,0,0,0,0,0,0,0,3.38499714902981,0,0,0,0,0,0,0,6.45499540255449,0,9.67083773207157,0,0,0,0,4.16632923778735,0,0,0,3.31332980261909,0,0,0,2.74653681119283,0,0,0,0,0,0,0,0,0,3.76276111429533,3.49942227484475,7.41524417606401,0,0
0,0,0,0,0,0,0,0,0,0,3.8736721106938,0,0,0,0,0,0,0,0,0,0,0,3.60412196687606,0,0,0,0,0,3.58322783178458,0,6.04284695603631,0,0,28.4171671186175,0,0,0,29.4728221235604,6.6879342397054,0,0,0,0,0,0,0,0,28.0195861076241,5.69975306270839,0,0,0,0,0,0,0,7.31047797522137,0,6.54832625389099,0,0,0,0,0,0,3.14024022221565,0,0,0,3.53338526459627,0,0,0,6.0583861772467,0,0,0,0,0,0,32.6739437920707,4.57749122750245,7.2621456681908,3.60599022139521,0,0,0
0,3.21117747913707,0,0,0,0,0,0,0,0,0,3.72049005826314,0,0,0,0,0,0,0,0,0,0,0,0,0,0,0,3.3632777929306,0,3.25236468057375,0,0,0,0,0,0,0,3.63385374067535,0,29.4037780761719,0,3.84392535686493,0,0,0,10.0876714161464,0,0,0,3.40149950654539,0,0,0,0,0,0,0,3.75325943377152,0,0,0,0,11.0188234647115,0,0,0,0,0,0,0,2.74653681119283,0,0,0,0,0,0,0,0,0,7.05381504694621,0,3.9694938659668,0,4.01248482977797,0,0
0,0,0,0,0,0,0,0,0,0,8.00436226526896,0,0,0,0,0,0,0,0,0,11.7820926079383,0,0,0,0,0,0,0,6.46173238408738,0,4.43408651535328,0,0,0,0,0,0,0,4.59113363669469,0,28.7054827213287,0,16.0147161483765,0,0,0,29.7087900427323,0,15.0440654754639,0,0,0,0,0,0,0,3.29473621209462,0,0,0,0,0,0,12.2032387531721,0,0,0,0,0,0,0,6.0583861772467,0,0,0,0,0,0,0,20.483951985836,0,4.3454127614781,3.93429212931143,0,6.88130966341123,0,0
0,0,0,0,0,0,0,0,0,0,0,0,0,0,0,0,0,0,0,0,0,0,0,0,0,0,0,0,0,0,0,4.26771958760797,5.34641158951266,21.8057655884959,28.2416106462479,4.49501063426336,4.51566008946795,0,0,0,0,0,0,0,0,0,0,12.3985494672582,14.3150797517676,7.16596702734629,0,0,0,0,0,0,0,0,0,0,0,0,0,0,0,0,0,0,0,0,0,0,0,0,0,10.3802995999654,21.2197115103096,36.1215677261353,31.7559432983398,10.7989200183323,0,0,3.32102471590042,0,0,0,0
0,0,0,0,0,0,0,0,0,0,0,0,0,0,0,0,0,0,0,0,0,0,0,0,0,0,0,0,0,0,0,5.93420754311499,4.78953415070017,22.111130128827,19.982366803219,7.24435321987888,5.93079042282994,0,0,0,0,0,0,0,0,0,0,7.47380286851451,4.97226586228325,0,0,0,0,0,0,0,0,0,0,0,0,0,0,0,0,0,0,0,0,0,0,0,0,0,10.3802995999654,0,23.5257259368896,20.8743160634715,11.5316139888763,13.1685788208079,0,22.6302145177668,4.71611833722968,0,0,0,0
0,0,0,0,0,0,0,0,0,0,0,0,0,0,0,0,0,0,0,0,0,0,0,23.0621995925903,0,0,0,0,0,0,0,22.4020877725938,19.8453149795532,3.81129418710319,4.65627192401741,5.37977262560756,0,4.76031997116334,24.2041091918945,0,0,0,0,0,0,0,0,6.02418298930067,13.3804780814959,3.8760254652995,0,0,0,0,0,0,0,0,0,0,0,0,0,0,0,0,23.6179103851318,0,0,0,0,0,0,0,21.2197115103096,23.5257259368896,0,7.16306739650002,4.02227416932583,19.155331463284,4.62176848860348,16.4775724411011,7.93944464342994,24.1193151473999,0,0,0
32.0102462768555,0,0,0,0,0,0,0,30.1989322662354,34.6124961853027,0,0,0,0,0,0,0,0,0,0,0,0,25.1204795837402,28.0731325149536,23.3882601261139,0,0,0,0,0,0,28.6576861213235,20.7042240367706,7.12537085793235,5.11399831487643,0,3.08802156978183,19.2286530335744,15.8179992366041,0,0,0,32.4989471435547,0,0,0,0,12.382023813133,6.77701173429414,15.6482655207316,0,0,0,0,29.9366834163666,32.2202377319336,0,0,0,0,0,0,0,0,39.6371765136719,0,33.7185277938843,23.8509429295858,0,0,0,0,0,0,36.1215677261353,20.8743160634715,7.16306739650002,0,20.3869488239288,0,13.0156943321228,6.48023127672965,12.3538763323664,20.7333237528801,30.9929908752441,0,0
0,0,0,0,0,0,0,0,0,0,0,0,0,0,0,0,0,0,29.7711181990597,0,0,0,0,0,0,0,0,0,0,0,0,7.92416971921921,10.4735494463943,23.4044442858015,23.6604659557343,4.75840405385295,4.83987912319633,3.90665715299876,0,18.108546576516,0,22.3219612651197,14.0871184666952,22.5646608509045,0,14.7316112770237,0,10.0581501683379,14.6504079440366,17.7031374953428,0,0,0,0,0,0,0,0,0,0,0,0,5.53427716868895,0,0,0,0,0,0,0,0,0,0,0,31.7559432983398,11.5316139888763,4.02227416932583,20.3869488239288,0,10.6263763563788,5.83978849186015,0,4.68740290205279,7.96845857374269,15.6371854800639,14.0571376193653,0
0,0,0,0,0,0,0,0,0,0,4.68529807083996,0,0,0,0,0,0,0,24.5023162498903,0,3.30100595840956,0,0,0,0,0,0,0,0,0,0,8.95947572818169,8.88007220065955,17.9016189575195,9.38987877964973,5.94608721656214,4.55727759474008,0,5.07329931470817,28.8571910858154,21.1878811425801,0,20.9173626616099,0,22.349036026812,0,15.6767545338845,5.9178772682075,10.9219076374662,15.0435472635122,0,0,0,0,0,0,5.91664270169473,0,0,0,0,0,0,9.65796623854363,0,0,0,0,0,0,0,0,0,20.483951985836,10.7989200183323,13.1685788208079,19.155331463284,0,10.6263763563788,0,0,8.12354565370157,3.75389721460749,4.23292660537426,18.701870537527,0,14.6798480312999
0,0,0,0,0,0,0,0,41.1130167643229,14.8410179215755,0,4.89455192544487,0,0,0,0,0,0,0,8.60942566394806,0,3.91440526265947,32.0995979309082,6.82575919144736,28.4432660901869,12.8152656555176,0,0,0,5.67064611455227,0,0,0,8.12668274709271,15.705968824809,4.44771350900848,0,4.28878833492606,19.8732380441203,23.983067768524,0,9.99328460105478,19.6261405944824,17.8929347991943,0,10.6435479235824,0,8.51020863116977,25.2404773034782,6.12017272744584,0,0,0,0,39.6732330322266,7.53773350258396,0,8.93769642710686,0,0,0,0,5.76055809169404,0,9.05713620185852,34.3324864175585,6.98482431819594,31.7730443495557,0,34.4829659095177,0,32.6739437920707,7.05381504694621,0,0,0,4.62176848860348,13.0156943321228,5.83978849186015,0,0,21.080607021747,7.30099709228344,9.41149546040429,11.9938776780134,11.0082156847918,0
20.5620466868083,33.7320289611816,0,0,0,0,0,0,14.2632659412012,31.317387898763,3.75722043701772,0,0,0,0,0,0,0,26.9647541046143,0,9.0294341468811,8.51950796445211,3.68685930443608,25.4343631835211,7.20480867538412,0,0,0,0,0,4.22898909780714,0,0,15.5823756597375,14.4819583649106,0,0,13.4878798501589,3.60261268156691,0,18.8801565095782,0,20.4677806770277,0,23.7051840782166,0,13.3936875466512,10.5584597426826,10.2512577935885,28.741390815148,0,0,0,0,13.8115261086267,46.0676002502441,5.23053479194641,0,0,0,0,0,0,9.15691156034738,29.7995228486903,6.081659921578,25.5032077900414,7.86985566694412,0,15.993724822998,0,4.57749122750245,0,4.3454127614781,0,22.6302145177668,16.4775724411011,6.48023127672965,0,8.12354565370157,21.080607021747,0,6.7856064966061,8.2717432867397,10.5663174977296,0,17.681391398112
7.38053837114451,12.0625755178201,3.73407105148816,3.4313293337822,3.4240464561287,3.21523318751105,3.28993910694697,2.8053503036499,7.72640844386652,4.8962592355321,3.30585748070403,3.56108995278676,3.72220210510751,4.1375413451876,4.19664364201682,0,5.54839111598835,6.89464371037556,7.36546088571782,4.02755599551731,3.99455679223893,3.55030242176522,4.19213403026902,4.24359971463653,5.29693472904629,4.35787174807992,6.49769664725526,3.18541324336058,3.20275896933021,2.93192967662105,3.57753592634958,4.91221575005345,3.44767349329426,16.2052642313334,16.9955352364629,3.66393418754948,3.68860972584054,6.99987206660713,6.44834362290516,21.1721468744502,18.3229075840541,9.06415795795223,9.13629264527825,13.0091806820461,9.92433752282693,23.6952467937859,13.1446279287338,9.3019171228725,12.1354614778076,9.79252349308559,4.20699071884155,3.38372288193235,4.00921616053939,3.01796377673108,11.1358439185857,4.82409620285034,3.32301432899358,3.66627821266251,3.9585575343962,4.99931270879427,3.58135386308034,0,5.48299045797805,3.94711869641354,4.79058951736824,6.67442168373811,5.78082737255053,7.80920094650434,4.42968916152575,5.0744933953652,3.76276111429533,7.2621456681908,3.9694938659668,3.93429212931143,3.32102471590042,4.71611833722968,7.93944464342994,12.3538763323664,4.68740290205279,3.75389721460749,7.30099709228344,6.7856064966061,0,4.84290159416254,9.04737892112429,0,13.7076072692871
9.82585509618123,0,0,0,3.70543515482428,3.88520997385435,5.5743228306373,0,17.4864673614502,0,3.10171755984589,4.36542354311262,3.69157509258039,3.69079802131307,3.99726768334707,3.28794900576274,6.83862191945949,5.98759251260365,10.5923614833928,0,3.73576545715332,3.61784872401844,3.68318130994084,8.58631742341178,3.94149319614683,0,0,3.45913336434717,2.98371686023315,0,3.01434540003538,0,0,16.6254109882173,19.1081723137335,5.00069419754788,4.00364968797638,9.20275835990906,6.14849705896645,15.6301369667053,0,49.3369255065918,0,0,0,0,0,21.5420585296772,17.2364312807719,17.9921054840088,0,0,12.3452299833298,0,17.7057228088379,0,3.21140286882045,4.8474588394165,5.9045726748986,3.35836343989413,0,0,0,0,6.16924672886945,4.0874460787555,16.0400087152209,4.2155876329967,0,0,3.49942227484475,3.60599022139521,0,0,0,0,24.1193151473999,20.7333237528801,7.96845857374269,4.23292660537426,9.41149546040429,8.2717432867397,4.84290159416254,0,9.30639697121573,0,0
