0,0,58.5095295459032,0,0,0,0,0,439.445653364062,0,0,0,0,0,22.9152237176895,0,19.924456268549,0.808167815208435,123.113703742623,0,0,0,0,0,70.1706591099501,0,0,0,0,0,0.328266710042953,0,0,0,0,0,0,0.15136830508709,130.150037661195,0,8.6787416934967,0.171040385961533,653.782822780311,0,0,0,25.6927118077874,0.174188479781151,241.792978718877,0,0,0,0,0,362.33096447587,0,37.0249663740396,0,54.0250694006681,0,173.440904840827,0,0,1.4536744505167,0,0,0,99.1176756471395,0,38.2238637059927,0,44.4150803685188,0,6.44986173510551,0,0,0,0,0,17.4546808600426,0,119.698468118906,352.999132856727,1.35783848166466,1121.84196001291,0,0.862716004252434
0,0,0,254.090346381068,0,0.633198380470276,0,0,0.13862270116806,339.368046849966,0,0,0,0,0,20.3898192644119,0.700202882289886,1.79871793091297,110.026838436723,0,0,0,0,22.1362262368202,1.23435832560062,4.73948626220226,0,0,0,0,0,0,0,0,0,0,0,3.31662201881409,3.2467739880085,27.9075539335608,0,559.150832757354,0,2.06137369573116,0,66.4579829573631,0,0.863325446844101,0,585.180113494396,0,0,0,0,0.121415250003338,614.926315024495,0,56.5441059917212,0,159.867569357157,0,257.484370484948,2.96237269043922,0,0,0.317975997924805,50.4719132333994,1.60202917456627,54.551708728075,0,9.73819619417191,0,8.45157979428768,0,0,0,0,0,25.4139474704862,0.858784377574921,106.014479972422,1.66693523526192,283.070751130581,8.73717834055424,1665.69981268793,0.910059899091721,0
58.5095295459032,0,0,0,169.166148871183,0,0,0,44.8914556205273,0,0.841921508312225,0,0,0,0,0,1.37793374061584,0.209528103470802,8.45565542578697,0,18.9977433085442,0,0,0,8.89383244514465,0,0,0,0,0,0,0,0,0,0,0,0,0,9.73302064836025,0.503203809261322,31.0722962766886,0,308.477158918977,0,5.86196041107178,0,38.9458198174834,0.158600956201553,38.5346148982644,0,100.176344633102,0,0,0,92.3600965961814,0,10.7494951784611,0,82.4775895625353,0,4.92006474733353,0,0,0.408599033951759,0,0,0,12.7732517272234,0,0.235107809305191,0,2.18259805440903,0,1.26589691638947,0,0,0,0,0,12.926917642355,0,33.1431071609259,43.1052786782384,0.918479070067406,417.382295198739,0.154417559504509,0.316774353384972
0,254.090346381068,0,0,0,176.366419166327,0,0,0,258.158786550164,0,1.57167565822601,0,0,0,0,0,2.2180465310812,15.5894912779331,14.0004389286041,0,0,0,2.02929055690765,0,0,0,0,0,0,0,0,0,0,0,15.8848226815462,0,0,0,26.3548824489117,0,297.54239513725,0,5.4471540749073,0,83.278585895896,2.31409674882889,0,0,266.717390075326,0,379.681459367275,0,0,0,435.819254890084,0,37.6352842748165,0,37.8299936950207,0,90.7001775205135,1.88483168184757,0,0,0,0.246877789497375,0,0,0,2.1480712890625,0,5.42151372134686,0,0,0,0,0,25.216419711709,0,21.1911976113915,0,232.980097919703,6.29443837702274,744.660708710551,1.0495920330286,0
0,0,169.166148871183,0,0,0,0,0,0,0,1.41541862487793,0,0,0,0,0,0,0,0,0,41.5892606973648,0,0,0,0,0,0,0,0,0,0,0,0,0,0,0,1.17278252542019,0,0,0,0.286630153656006,0,15.9611001163721,0,0,0,5.70389965176582,0,2.47690010070801,0,75.4395282864571,0,0,0,0,0,2.76105040311813,0,0,0,0,0,0,2.66799101233482,0,0,0,0,0,0,0,0,0,0,0,0,0,0,0,0,0,0.851586222648621,119.301294639707,0,121.066174954176,0,0
0,0.633198380470276,0,176.366419166327,0,0,0,0,0,5.36569976806641,0,20.7532613873482,0,0,0,0,0,0,0,9.4724834561348,0,0,0,0,0,0,0,0,0,0,0,0,0,0,0,11.5339892804623,0,0,0,0,0,1.20808963477612,0,0,0,0,0,0,0,1.18807101249695,0,125.301337569952,0,0,0,0,0,10.8119452893734,0,0,0,0,0.855822324752808,0,0,0,0,0,0,0,0,0,0,0,0,0,0,0,1.38567686080933,0,0,0,1157.38702663779,86.274737238884,39.4835465997458,0,0
0,0,0,0,0,0,0,0,0,0,17.6743510961533,0,0,0,0,0,0,0,0,0,0,0,0,0,0,0,0,0,0,0,0,0,0,0,0,0,1.56975516676903,0,0,0,0,0,0,0,0,0,0,0,0,0,0,0,359.641471385956,0,0,0,75.9188686609268,0,0,0,0,0,0,0,0,0,0,0,0,0,0,0,0,0,0,0,0,0,0,0,0,0,50.4168630242348,8,0,0,0
0,0,0,0,0,0,0,0,0,0,0,0,0,3.68883192539215,0,0,0,0,0,14.7593887448311,0,0,0,0,0,0,0,0,0,0,0,0,0,0,0,0,0,0,0,0,0,0,0,0,0,0,0,0,0,0,0,0,0,132.413123130798,0,0,0,4,0,0,0,0,0.727195680141449,0,0,0,0,0,0,0,0,0,0,0,0,0,0,0,0,0,0,0,47.6118767261505,3,0,0,0
439.445653364062,0.13862270116806,44.8914556205273,0,0,0,0,0,0,0,0,0,0,0,90.3645516932011,0,38.5936879217625,0.244166284799576,63.8939945846796,0,0,0,1.52376028895378,0,463.14514708519,0,127.834452345967,0,0,0,0,0,0,0,0,0,0,0,21.1581715196371,0,5.14765746891499,1.03922517597675,298.444276042283,0,0,0,13.4134805500507,0,137.093903437257,0,0,0,0,0,788.627637580037,0,12.3705297857523,0,11.8936499804258,0,102.985516279936,0,0,0.130799293518066,0,0.219804584980011,0,215.035841047764,0,34.0439833700657,0,2.85938102006912,0,5.05239136517048,0,0,0,0,0.6196319013834,3.99923634529114,0.953571408987045,29.7581717967987,553.523345574737,52.0980419963598,510.816421769559,0,35.8285463452339
0,339.368046849966,0,258.158786550164,0,5.36569976806641,0,0,0,0,0,0,0,0,0,407.102554798126,2.22407291829586,29.9836603105068,25.8718817681074,0,0,0,0,203.307333558798,0,78.9619492739439,0,0,0,0,0,0,0,0,0,0,0,1.91212520003319,0,3.91690477728844,0,589.2367400527,0.121882393956184,1.3051954805851,0,2.3644834831357,0.542740881443024,0,0,156.65986058116,0,5.17961621284485,0,0,0,1044.88786394894,0,10.0429781973362,0,1.42675489187241,0,109.095082342625,0,0,0,0,166.49582400918,0,64.9519195854664,0,8.85832199454308,0,9.87375482916832,0,0,0,0,0,1.0086815059185,0,1.98620341718197,0,1064.46061591059,472.069332331419,316.976309940219,27.0227590054274,0
0,0,0.841921508312225,0,1.41541862487793,0,17.6743510961533,0,0,0,0,0,113.570177257061,0,0,0,0,0,0.522615775465965,0,186.236657530069,0,0,0,0,0,0,0,13.2284690141678,0,318.394014656544,0,0,0,0,0,20.2697369754314,0,687.215289279819,0,0,0,0,0,0,0,0.910691052675247,0,0,0,0,0,0,0,0.783069312572479,0,1696.90816874057,0,20.0283853113651,0,0,0,0,50.8492675423622,0,0,0,0,0,0,0,0,0,255.406453892589,0,0,0,0,0,0,0,18.2366065979004,319.405034393072,0,109.586081601679,0,0
0,0,0,1.57167565822601,0,20.7532613873482,0,0,0,0,0,0,0,477.786244034767,0,0,0,0,0,261.64014929533,0,0,0,0,0,0,0,209.237292379141,0,347.9523961097,0,0,0,0,0,27.5955037623644,0,645.354540348053,0,0,0,0,0,0,0,5.37527365982533,0,0,0,0,0,53.1404360532761,0,0,0,0,0,2745.98306256533,0,1556.69619996846,0,0,55.9288978874683,0,0,0,0,0,0,0,4.48310726881027,0,497.746286511421,0,0,0,0,0,0.358108580112457,0,73.7655922025442,0,388.475583508611,35.0017952919006,4.1235060095787,0,0
0,0,0,0,0,0,0,0,0,0,113.570177257061,0,0,0,0,0,0,0,0,0,0,0,0,0,0,0,0,0,80.4997766017914,0,3.62752097845078,0,0,0,0,0,0,0,0,0,0,0,0,0,0,0,0,0,0,0,0,0,0,0,0,0,98.6556283533573,0,647.289957761765,0,0,0,0,0,0,0,0,0,0,0,0,8.76619672775269,0,0,0,0,0,0,0,0,0,0,152.902859091759,206.009599685669,0,0,0
0,0,0,0,0,0,0,3.68883192539215,0,0,0,477.786244034767,0,0,0,0,0,0,0,0,0,0,0,0,0,0,0,29.9578801095486,0,0,0,0,0,0,0,0,0,0,0,0,0,0,0,0,0,0,0,0,0,0,0,0,0,9.14736557006836,0,0,0,45.9202120155096,0,1171.89301176369,0,0,0,0,0,0,0,0,0,0,216.42327272892,0,9.77036300301552,0,0,0,0,0,0,0,0,0,196.962116032839,576.743149459362,0,0,0
22.9152237176895,0,0,0,0,0,0,0,90.3645516932011,0,0,0,0,0,0,0,1,0,0,0,0,0,0,0,0,0,9.69763883948326,0,0,0,0,0,0,0,0,0,0,0,1.70817442238331,0,0,0,0.712324857711792,0,0,0,0,0,2.72127677500248,0,0,0,0,0,33.2716116309166,0,0,0,0,0,409.236619070172,0,0,0,0,0,0,0.932347878813744,0,2.59256280958652,0,0,0,0,0,0,0,0,0,0,0,0.909030303359032,59.3698481321335,0,10.6677670031786,0,0
0,20.3898192644119,0,0,0,0,0,0,0,407.102554798126,0,0,0,0,0,0,0,28.262492120266,0,0,0,0,0,0,0,4.2824989259243,0,0,0,0,0,0,0,0,0,0,0,0,0,0,0,0,0,0,0,0,0,0,0,0,0,0,0,0,0,84.6591125130653,0,0,0,0,0,70.0565059483051,0,0,0,0,0,0,70.0140643566847,0,0,0,0,0,0,0,0,0,0,0,0,0,22.8860219717026,0,0,0,0
19.924456268549,0.700202882289886,1.37793374061584,0,0,0,0,0,38.5936879217625,2.22407291829586,0,0,0,0,1,0,0,6699.38214191794,3288.10295246542,0,0,0,156.625688105822,0,31.3083152621984,0,156.792283952236,0,0,0,0,0,0,0,0,0,0,0,15.8614074885845,13.0231673195958,19.3012727200985,36.867214769125,70.847533993423,5.28062732517719,4.84785728156567,26.7889562323689,92.2456826046109,0,0,0,0,0,0,0,0.260267712175846,0,0,0,0,0,2.68375182151794,0,0,4.47160530090332,0,79.1257797032595,0,16.6203296035528,0,2.03879153728485,0,0,0,1.76964265108109,0,0,0,0,6.70303253829479,28.9723188728094,13.2370387762785,57.86840672791,11542.5268514678,3901.07076855004,224.140222080052,8.41593776643276,8.28484444320202
0.808167815208435,1.79871793091297,0.209528103470802,2.2180465310812,0,0,0,0,0.244166284799576,29.9836603105068,0,0,0,0,0,28.262492120266,6699.38214191794,0,2924.53203406185,0,0,389.327509284019,0,13.9466968774796,0.504463672637939,239.775642186403,0,0,0,0,0,0,0,0,0,0,0,0,0.899872273206711,35.1841218918562,9.00271658599377,85.1284151226282,29.0574078634381,11.2681433707476,0,44.0976276397705,46.4202933311462,0,0,2.36121985316277,0,0,0,0,0,0,0,0,0,0,0,0,2.11875754594803,4.56297713518143,45.6564242243767,0,0.767677128314972,0,140.897992670536,0,0,0,0.727562665939331,1.19070553779602,0,0,0,0,12.9169336557388,11.8658553510904,26.0021643713117,18.1222408488393,13946.5052667409,5314.66619918495,170.470936715603,13.4593388587236,4.18418032675982
123.113703742623,110.026838436723,8.45565542578697,15.5894912779331,0,0,0,0,63.8939945846796,25.8718817681074,0.522615775465965,0,0,0,0,0,3288.10295246542,2924.53203406185,0,0,0,0,0,4.50267922878265,0.239272207021713,0,0,0,0,0,0.725503027439117,0,0,0,0,0,0,2.25830526649952,40.7119675129652,462.041704073548,190.204858653247,1379.74353763461,1437.03684658557,64.4363371506333,32.1034336090088,540.578508511186,1052.92690140754,0,5.10947376489639,7.63892867416143,2.78234124183655,0,0,0,29.2048852667212,13.1408313065767,3.10070909559727,0.269679203629494,0.792361199855804,0,0.298955202102661,0,7.64672447741032,71.0511863827705,0,0,0,1.1078315526247,0,0.163237825036049,0.212561473250389,0.402097821235657,0.151826038956642,8.67955546081066,0,0,0,0,178.876795969903,380.176431305707,377.272323392332,468.133581019938,8723.4539173767,1157.59419120848,3239.84517925978,180.689132891595,154.769764661789
0,0,0,14.0004389286041,0,9.4724834561348,0,14.7593887448311,0,0,0,261.64014929533,0,0,0,0,0,0,0,0,0,0,0,0,0,0,0,0,0,0,0,0,0,0,0,1379.39277411997,0,77.2833127230406,0,0,0,0,0,0,0,21.11082264781,0,0,0,0,0,1.84794074296951,0,0,0,0,0,597.643344223499,0,0,0,0,2141.64928691089,0,0,0,0,0,0,0,0,0,34.5517398118973,0,0,0,0,0,106.376075237989,0,348.172463357449,0,185.725257560611,0,156.15751709044,0,0
0,0,18.9977433085442,0,41.5892606973648,0,0,0,0,0,186.236657530069,0,0,0,0,0,0,0,0,0,0,0,0,0,0,0,0,0,0,0,0,0,0,0,0,0,1086.63455601037,0,193.561299026012,0,0,0,0,0,0,0,18.0758656561375,0,0,0,22.4581185877323,0,0,0,0,0,153.878307580948,0,0,0,0,0,0,1233.83685444295,0,0,0,0,0,0,0,0,0,14.8998899757862,0,0,0,0,0,297.969126418233,0,62.6181227117777,219.712995141745,0,65.9173896461725,0,0
0,0,0,0,0,0,0,0,0,0,0,0,0,0,0,0,0,389.327509284019,0,0,0,0,346.121684253216,87.7227643579245,0,4.00340211391449,0,149.810233354568,0,0,0,0,0,0,0,0,0,722.496364086866,0,0,0,0,0,0,0,0,0,0,0,1.8017785847187,0,0,0,0,0,0,0,0,0,0,0,0,0,0,5548.90294952691,0,21.5722213685513,0,18.771908313036,0,0,0,0,0,0,0,0,0,0,0,134.039663434029,0,1663.32534915209,154.323181986809,0,0,0
0,0,0,0,0,0,0,0,1.52376028895378,0,0,0,0,0,0,0,156.625688105822,0,0,0,0,346.121684253216,0,0,422.754504799843,0,91.5232489407063,0,187.716628611088,0,0,0,0,0,7.20570206642151,0,0,43.9929528832436,1104.81127481163,0,0,0,1.15977901220322,0,0,0,0,0.912188783288002,37.0633577108383,0,0,0,0,0,0,0,0,0,0,0,0,0,0,0,0,4443.77287784219,0.174003571271896,157.936610117555,0,69.8607084304094,0,9.38377946615219,0,0,0,0,0,0,0,0,0,35.3997500836849,1510.7881026268,343.450418502092,0,0,0
0,22.1362262368202,0,2.02929055690765,0,0,0,0,0,203.307333558798,0,0,0,0,0,0,0,13.9466968774796,4.50267922878265,0,0,87.7227643579245,0,0,3.67806117236614,239.433892130852,0,0,0,0,0,0,0,0,0,0,0,399.549626886845,4.04852770268917,0,0,3.11602289974689,0,0,0,0,0,0.313908874988556,0,2.60912899672985,0,0,0,0,0,290.359712585807,0,0,0,0,0,0.287411719560623,0,0,265.238255560398,0,1083.79083766043,1.85137695074081,482.155193850398,0,0,0,0,0,0,0,0,0,0,0,33.1890598237514,4.5465764850378,871.549274265766,205.740335330367,21.9448394477367,0,0
70.1706591099501,1.23435832560062,8.89383244514465,0,0,0,0,0,463.14514708519,0,0,0,0,0,0,0,31.3083152621984,0.504463672637939,0.239272207021713,0,0,0,422.754504799843,3.67806117236614,0,0,441.964778363705,0,0,0,0,0,0,0,4.19290578365326,0,0,7.29807378351688,531.146611183882,0,0,0,14.5383394062519,0,0,0,2.6677787899971,4.06100772321224,42.1001336872578,0.226619690656662,0,0,0,0,203.903370633721,0.671453565359116,7.48791866004467,0,4.93417744338512,0,5.48381394147873,0,0,0,0.311461687088013,958.188755959272,10.5503235608339,975.335765525699,0,303.352541327477,0,0.802540481090546,0,0,0,0,0,0,0,0,1.58387975394726,203.627593562007,541.7345187217,77.6849206984043,23.7646737843752,0,0
0,4.73948626220226,0,0,0,0,0,0,0,78.9619492739439,0,0,0,0,0,4.2824989259243,0,239.775642186403,0,0,0,4.00340211391449,0,239.433892130852,0,0,0,9.63923770189285,0,0,0,0,0,0,0,0,0,16.4247802942991,0,0,0,0,0,0,0,0,0,0,0,0,0,0,0,0,0,46.8837621361017,0,0,0,0,0,0,0,0,20.0354113578796,0,195.017500460148,0,608.909606397152,0,18.2444783449173,0,0,0,0,0,0,0,0,0,0,0,59.0452535003424,0,0,0,0
0,0,0,0,0,0,0,0,127.834452345967,0,0,0,0,0,9.69763883948326,0,156.792283952236,0,0,0,0,0,91.5232489407063,0,441.964778363705,0,0,0,0,0,0,0,0,0,0,0,0,0,4.33300395309925,0,0,0,0,0,0,0,0,0,2.14212024211884,0,0,0,0,0,89.5238164812326,0,0,0,0,0,1.97264015674591,0,0,0,0,31.3402396887541,0,24.1706078052521,0,438.289676651359,0,0,0,0,0,0,0,0,0,0,0,0,195.159210279584,0,0,0,0
0,0,0,0,0,0,0,0,0,0,0,209.237292379141,0,29.9578801095486,0,0,0,0,0,0,0,149.810233354568,0,0,0,9.63923770189285,0,0,0,258.334427297115,0,0,0,0,0,0,0,526.10125118494,0,0,0,0,0,0,0,0,0,0,0,0,0,0,0,0,0,0,0,0.65678733587265,0,10.6066010892391,0,0,0,0,9.24351263046265,0,0,0,0,0,3484.79462614655,0,3.99860125780106,0,0,0,0,0,0,0,3.74579787254333,0,833.802992939949,612.220076739788,0,0,0
0,0,0,0,0,0,0,0,0,0,13.2284690141678,0,80.4997766017914,0,0,0,0,0,0,0,0,0,187.716628611088,0,0,0,0,0,0,0,528.639963775873,0,0,0,0,0,0,0,36.5266641676426,0,0,0,0,0,0,0,0,0,0,0,0,0,0,0,0,0,0,0,1.36294603347778,0,0,0,0,0,0,69.7955152392387,0,0,0,0,0,1329.61395481229,0,47.2736955285072,0,0,0,0,0,0,0,4.86110150814056,423.733477711678,718.30884540081,0,0,0
0,0,0,0,0,0,0,0,0,0,0,347.9523961097,0,0,0,0,0,0,0,0,0,0,0,0,0,0,0,258.334427297115,0,0,0,0,0,0,0,0,0,308.302974060178,0,0,0,0,0,0,0,0,0,0,0,0,0,0,0,0,0,0,0,116.992456659675,0,0,0,0,0,0,0,0,0,0,0,0,8.94558894634247,0,1270.71596354246,0,0,0,0,0,0,0,50.3324422836304,0,151.580987527966,367.103610187769,0,0,0
0.328266710042953,0,0,0,0,0,0,0,0,0,318.394014656544,0,3.62752097845078,0,0,0,0,0,0.725503027439117,0,0,0,0,0,0,0,0,0,528.639963775873,0,0,0,0,0,0,0,0,0,0,0,0,0,0,0,0,0,0,0,0,0,0,0,0,0,0,0,103.125864356756,0,0,0,0,0,0,4.76260802149773,0,0,0,0,0,0,0,0.908298552036285,0,2655.98746287823,0,0,0,0,0,2.07993173599243,0,29.2573955357075,5.28953266143799,0,20.9932133853436,0,1.52130496501923
0,0,0,0,0,0,0,0,0,0,0,0,0,0,0,0,0,0,0,0,0,0,0,0,0,0,0,0,0,0,0,0,276.830171644688,281.892583012581,5.97084283828735,275.896980166435,63.6951873898506,0,0,0,0,0,0,0,0,0,0,549.65606957674,0,0.314033448696136,0,0,0,0,0,0,0,0,0,0,0,0,0,0,0,0,0,0,0,0,0,0,0,0,868.045456826687,53.160965681076,54.7952961921692,0,205.699105873704,0,0,0,427.873135983944,0,0,0,0
0,0,0,0,0,0,0,0,0,0,0,0,0,0,0,0,0,0,0,0,0,0,0,0,0,0,0,0,0,0,0,276.830171644688,0,0,123.413312852383,2.71338856220245,3.80276355147362,0,0,0,0,0,0,0,0,0,0,285.845820322633,4.13606913387775,0.268139988183975,0,0,0,0,0,0,0,0,0,0,0,0,0,0,0,0,0,0,0,0,0,0,0,0,2.28002095222473,464.546142667532,0,16.4632067978382,0,38.4445077031851,0,0,6,0,0,0,0
0,0,0,0,0,0,0,0,0,0,0,0,0,0,0,0,0,0,0,0,0,0,0,0,0,0,0,0,0,0,0,281.892583012581,0,0,462.788409531116,130.337632730603,0,257.871304169297,0,0,0,0,0,0,0,0,0,1661.98565679789,0.484316647052765,0,0,0,0,0,0,0,0,0,0,0,0,0,0,0,0,0,0,0,0,0,0,0,0,0,16.2373898029327,0,2780.67169499397,269.683967322111,36.5849201232195,0,271.470653757453,0.487948149442673,1004.17446924746,2.18236917257309,0,0,0
0,0,0,0,0,0,0,0,0,0,0,0,0,0,0,0,0,0,0,0,0,0,7.20570206642151,0,4.19290578365326,0,0,0,0,0,0,5.97084283828735,123.413312852383,462.788409531116,0,0,227.052475869656,109.381015181541,335.82040694356,0,0,0,0,0,0,0,0,1397.31660816073,0,1.64654886722565,0,0,0,0,0,0,0,0,0,0,0,0,0,0,0,3.25063559412956,0,0,0,0,0,0,0,0,4.93032121658325,93.8358155488968,355.871245145798,2757.25907215476,0,3.38268528878689,196.575930476189,338.409245491028,291.192565709352,129.791166722775,0,0,0
0,0,0,15.8848226815462,0,11.5339892804623,0,0,0,0,0,27.5955037623644,0,0,0,0,0,0,0,1379.39277411997,0,0,0,0,0,0,0,0,0,0,0,275.896980166435,2.71338856220245,130.337632730603,0,0,941.127670794725,1230.70485462993,0,13.0184616148472,0,18.2908052504063,0,0,0,57.042235404253,0,242.781398192048,0,2.24551551043987,0,0.448485046625137,0,0,0,0,0,0,0,0.136906921863556,0,0,1600.29813221097,0,0,0,0,0,0,0,0,0,1.19799996912479,0,6.33693514764309,0,48.0684747099876,0,13987.3280630559,687.333424448967,1678.20235837996,0,1713.34654036164,1.09101361036301,354.761083498597,0,0
0,0,0,0,1.17278252542019,0,1.56975516676903,0,0,0,20.2697369754314,0,0,0,0,0,0,0,0,0,1086.63455601037,0,0,0,0,0,0,0,0,0,0,63.6951873898506,3.80276355147362,0,227.052475869656,941.127670794725,0,0,1207.27398717403,0,4.54840219020844,0,0,0,0,0,2.64708203077316,99.5670845657587,3.97376582026482,0,1.73108133673668,0,0,0,0,0,0,0,0.206885054707527,0,0,0,0,1085.85486678779,0,0,0,0,0,0,0,0,0,0,0,26.9494132995605,0,93.8267771303654,209.066415578127,10479.4714119583,0,772.14387974143,1898.32866300642,5.49536657333374,117.33335249126,0,0
0.15136830508709,3.31662201881409,0,0,0,0,0,0,0,1.91212520003319,0,645.354540348053,0,0,0,0,0,0,2.25830526649952,77.2833127230406,0,722.496364086866,43.9929528832436,399.549626886845,7.29807378351688,16.4247802942991,0,526.10125118494,0,308.302974060178,0,0,0,257.871304169297,109.381015181541,1230.70485462993,0,0,82.9599067717791,0.563288033008575,0,24.3294323533773,0.489977225661278,0,0,13.1039997115731,0,1428.03172108531,1.51497766375542,341.078472450376,0,0,0,0,0.543873272836208,12.7757834196091,0,75.2335156202316,0,0,0.120106928050518,0,178.490624070168,0,295.19300737977,0.868482902646065,315.338065057993,1.82709990441799,124.859605818987,0,5.82328176498413,0,76.3134804517031,0,0,0,37.0911354720592,0,340.61915680021,0,21773.8426407874,70.9445903003216,4124.19579027593,665.523624911904,156.445243492723,0,0
130.150037661195,3.2467739880085,9.73302064836025,0,0,0,0,0,21.1581715196371,0,687.215289279819,0,0,0,1.70817442238331,0,15.8614074885845,0.899872273206711,40.7119675129652,0,193.561299026012,0,1104.81127481163,4.04852770268917,531.146611183882,0,4.33300395309925,0,36.5266641676426,0,0,0,0,0,335.82040694356,0,1207.27398717403,82.9599067717791,0,0,1.96985100209713,4.88310581445694,161.896248564124,0,1.56822991371155,0,149.570654258132,2701.37328355014,81.6122558712959,3.08486384153366,0,0,0,0,128.57066065073,3.66457605361938,254.184299379587,0,4.94375547766685,0,22.9831930994987,0,0,433.791452944279,2.47221860289574,797.371158510447,18.6945710033178,361.450738295913,0,7.76404869556427,0,0.741575956344604,0,2.93338394165039,0,0,0,69.6616038829088,0,576.864077433944,188.494846008718,18408.4037671387,2949.05816924572,920.101302102208,448.428414449096,0,1.6927644610405
0,27.9075539335608,0.503203809261322,26.3548824489117,0,0,0,0,0,3.91690477728844,0,0,0,0,0,0,13.0231673195958,35.1841218918562,462.041704073548,0,0,0,0,0,0,0,0,0,0,0,0,0,0,0,0,13.0184616148472,0,0.563288033008575,0,0,0,966.904567532241,2.0348633825779,51.8543379157782,0,521.074339084327,17.5827870517969,21.0102999508381,1.72705006599426,46.1765399128199,0,1.96521532535553,0,0,0,0.371349066495895,0,1.00825931876898,0,0,0,0,9.76862388849258,0,0,0,0,0,0,0,0.147864788770676,0,3.59662301838398,0,0,0,0,0,637.14707133919,2.97744433581829,69.9700524508953,2.83739399909973,350.345691181719,50.4651128947735,1352.92568785697,60.9751874357462,1.47194921970367
8.6787416934967,0,31.0722962766886,0,0.286630153656006,0,0,0,5.14765746891499,0,0,0,0,0,0,0,19.3012727200985,9.00271658599377,190.204858653247,0,0,0,0,0,0,0,0,0,0,0,0,0,0,0,0,0,4.54840219020844,0,1.96985100209713,0,0,1.6674836575985,244.12690474093,0.370390921831131,6.73422694206238,0.207682892680168,182.526345267892,25.2245710790157,1298.74200209975,235.84667262435,1.66033017635345,0,0,0,11.201511412859,0,0.224420204758644,0,0,0,0.116835951805115,0,0,59.3781314790249,0,0,0,1.6493281275034,0,0,0,0,0,0,0,0,0,0,0.957683995366096,1502.88231939077,0,14.5453010424972,185.702640153468,3.9608988314867,283.394888862967,0,8.02524293959141
0.171040385961533,559.150832757354,0,297.54239513725,0,1.20808963477612,0,0,1.03922517597675,589.2367400527,0,0,0,0,0,0,36.867214769125,85.1284151226282,1379.74353763461,0,0,0,0,3.11602289974689,0,0,0,0,0,0,0,0,0,0,0,18.2908052504063,0,24.3294323533773,4.88310581445694,966.904567532241,1.6674836575985,0,131.313750572503,96.2567970007658,0.277751892805099,728.242612883449,25.3887778520584,42.6807755231857,66.5514542013407,816.378832302988,0,5.97561728954315,0,0,1.02956867218018,217.154782280326,0.136623844504356,29.3402411341667,0,19.5125899761915,0,29.8644178211689,74.444354146719,1.97699058055878,0,0,4.90781672298908,0,0.87186798453331,0,10.2707148492336,0,42.9973293542862,0,0,0,0,0,145.775496564806,7.12807068228722,262.753635212779,6.37855734676123,3299.18633572012,177.946228608489,5221.28900081664,664.351144626737,0.882419168949127
653.782822780311,0,308.477158918977,0,15.9611001163721,0,0,0,298.444276042283,0.121882393956184,0,0,0,0,0.712324857711792,0,70.847533993423,29.0574078634381,1437.03684658557,0,0,0,1.15977901220322,0,14.5383394062519,0,0,0,0,0,0,0,0,0,0,0,0,0.489977225661278,161.896248564124,2.0348633825779,244.12690474093,131.313750572503,0,3.09775598347187,66.1785231679678,4.94627444446087,1737.66636894643,232.960153713822,532.506155744195,146.525233313441,6.23113723099232,0,0,0,273.717070609331,0,18.091918155551,0,27.228976726532,0,167.165865145624,0,0,68.9215098023415,0,0.77197439968586,0,29.8386702463031,0,9.649557903409,0,14.0352604091167,0,7.5309077501297,0,0,0,0,2.12582264840603,418.316614843905,2.09172315895557,295.875579312444,3020.36562313139,123.771530501544,4152.57526160032,1.76178552210331,273.220275565982
0,2.06137369573116,0,5.4471540749073,0,0,0,0,0,1.3051954805851,0,0,0,0,0,0,5.28062732517719,11.2681433707476,64.4363371506333,0,0,0,0,0,0,0,0,0,0,0,0,0,0,0,0,0,0,0,0,51.8543379157782,0.370390921831131,96.2567970007658,3.09775598347187,0,0,75.7675252407789,0.529588431119919,0,0,5.25778675824404,0,0,0,0,0,1.58171688020229,0,0,0,0,0,0,0.866714775562286,0,0,0,0,0,0,0,0,0,0,0,0,0,0,0,8.28422470390797,0,12.9701761603355,1.67306062579155,56.2189564332366,13.1504850760102,134.786114245653,9.24648480117321,0
0,0,5.86196041107178,0,0,0,0,0,0,0,0,0,0,0,0,0,4.84785728156567,0,32.1034336090088,0,0,0,0,0,0,0,0,0,0,0,0,0,0,0,0,0,0,0,1.56822991371155,0,6.73422694206238,0.277751892805099,66.1785231679678,0,0,0,81.0603552609682,0.210906222462654,0.124915756285191,0,2.96317261457443,0,0,0,2.1541348695755,0,0,0,0,0,0,0,0,2.48623882234097,0,0,0,0,0,0,0,0,0,0,0,0,0,0,0.127600088715553,9.74533215165138,0,3.88388113677502,57.9955827370286,0.755656540393829,44.0034992024302,0,2.21799460053444
0,66.4579829573631,0,83.278585895896,0,0,0,0,0,2.3644834831357,0,5.37527365982533,0,0,0,0,26.7889562323689,44.0976276397705,540.578508511186,21.11082264781,0,0,0,0,0,0,0,0,0,0,0,0,0,0,0,57.042235404253,0,13.1039997115731,0,521.074339084327,0.207682892680168,728.242612883449,4.94627444446087,75.7675252407789,0,0,13.3397335857153,0,0,25.2810311466455,0,0.147170096635818,0,0,0,6.49615132808685,0,5.29148582369089,0,0.367919430136681,0,0.28349381685257,1981.48923307657,0,0,0,0,0,0,0,0.696309432387352,0,9.54557007551193,0,0,0,0,0,174.655488677323,1.79951356351376,582.40052960068,4.19689370691776,529.373605690897,65.0006898269057,2055.91067750007,7.40638884902,0.691129356622696
25.6927118077874,0,38.9458198174834,2.31409674882889,5.70389965176582,0,0,0,13.4134805500507,0.542740881443024,0.910691052675247,0,0,0,0,0,92.2456826046109,46.4202933311462,1052.92690140754,0,18.0758656561375,0,0,0,2.6677787899971,0,0,0,0,0,0,0,0,0,0,0,2.64708203077316,0,149.570654258132,17.5827870517969,182.526345267892,25.3887778520584,1737.66636894643,0.529588431119919,81.0603552609682,13.3397335857153,0,0.186568692326546,30.7361904084682,0,1.57719075679779,0,0,0,11.7589081972837,3.21062016487122,38.4224938601255,0,0.735235750675201,0,2.35830090939999,0,0.143277794122696,2303.07384814322,0,0,0,0.175658375024796,0,1.09376075863838,0,0.39252182841301,0,8.31559380888939,0,0,0,0,7.31253948062658,537.706914491951,2.88539737462997,632.041763342917,981.985529474914,60.5755244120955,1789.89216234535,1.92540633678436,17.2310988306999
0.174188479781151,0.863325446844101,0.158600956201553,0,0,0,0,0,0,0,0,0,0,0,0,0,0,0,0,0,0,0,0.912188783288002,0.313908874988556,4.06100772321224,0,0,0,0,0,0,549.65606957674,285.845820322633,1661.98565679789,1397.31660816073,242.781398192048,99.5670845657587,1428.03172108531,2701.37328355014,21.0102999508381,25.2245710790157,42.6807755231857,232.960153713822,0,0.210906222462654,0,0.186568692326546,0,2007.61466026306,2193.24445566535,0,0,0,0,1.65934121608734,0.911063924431801,0,0,0,0,0.168105870485306,0,0,0,0,1.49513337016106,1.97876900434494,0.681493178009987,1.34727573394775,0,0,0,0,0,95.8959247171879,29.2856934070587,153.729648336768,292.791948348284,315.045856714249,532.702509462833,449.164436176419,131.051908820868,3234.80118919909,0,215.403509840369,0,0
241.792978718877,0,38.5346148982644,0,2.47690010070801,0,0,0,137.093903437257,0,0,0,0,0,2.72127677500248,0,0,0,5.10947376489639,0,0,0,37.0633577108383,0,42.1001336872578,0,2.14212024211884,0,0,0,0,0,4.13606913387775,0.484316647052765,0,0,3.97376582026482,1.51497766375542,81.6122558712959,1.72705006599426,1298.74200209975,66.5514542013407,532.506155744195,0,0.124915756285191,0,30.7361904084682,2007.61466026306,0,2984.64185187221,0,0,0,0,114.512503385544,0,3.80502730607986,0,34.2140806615353,0,95.7591370418668,0,0,1.21587759256363,0,124.18473508954,0,42.1468758434057,0,94.7588213086128,0,0.966093920171261,0,0.381247594952583,0,4.3314762711525,0,0,0,42.208303809166,0,6.03008070588112,2349.51890304685,3.32962950319052,861.54678684473,0,0.128435239195824
0,585.180113494396,0,266.717390075326,0,1.18807101249695,0,0,0,156.65986058116,0,0,0,0,0,0,0,2.36121985316277,7.63892867416143,0,0,1.8017785847187,0,2.60912899672985,0.226619690656662,0,0,0,0,0,0,0.314033448696136,0.268139988183975,0,1.64654886722565,2.24551551043987,0,341.078472450376,3.08486384153366,46.1765399128199,235.84667262435,816.378832302988,146.525233313441,5.25778675824404,0,25.2810311466455,0,2193.24445566535,2984.64185187221,0,0,0,0,0,0.516643434762955,105.776919439435,0,17.718321941793,0,35.3857151418924,0,97.0921723842621,0.953955285251141,0,316.187608122826,0,1.06440925598145,0,194.566141918302,0,20.9365548342466,0,2.28654602169991,0,0,0,0,0,4.41201307624578,0,4.99832184612751,0.252742379903793,2978.9226616323,8.30471625179052,1187.49728892744,0.393905818462372,0
0,0,100.176344633102,0,75.4395282864571,0,0,0,0,0,0,0,0,0,0,0,0,0,2.78234124183655,0,22.4581185877323,0,0,0,0,0,0,0,0,0,0,0,0,0,0,0,1.73108133673668,0,0,0,1.66033017635345,0,6.23113723099232,0,2.96317261457443,0,1.57719075679779,0,0,0,0,0,0,0,0,0,177.564289137721,0,17.4346388578415,0,0,0,0,4.31926828622818,0,0,0,0,0,0,0,0,0,0,0,0,0,0,0,1.60247315466404,0,1.98453414440155,149.002222508192,2.30248713493347,126.856810167432,0,0
0,0,0,379.681459367275,0,125.301337569952,0,0,0,5.17961621284485,0,53.1404360532761,0,0,0,0,0,0,0,1.84794074296951,0,0,0,0,0,0,0,0,0,0,0,0,0,0,0,0.448485046625137,0,0,0,1.96521532535553,0,5.97561728954315,0,0,0,0.147170096635818,0,0,0,0,0,0,0,0,0,0,0,61.186224013567,0,0,0,0,1.44527018070221,0,0,0,0,0,0,0,0,0,0,0,0,0,0,0,0,0,0.753506779670715,0,57.3946933746338,3.03989952802658,5.19060465693474,0,0
0,0,0,0,0,0,359.641471385956,0,0,0,0,0,0,0,0,0,0,0,0,0,0,0,0,0,0,0,0,0,0,0,0,0,0,0,0,0,0,0,0,0,0,0,0,0,0,0,0,0,0,0,0,0,0,0,0,0,0,0,1,0,0,0,0,0,0,0,0,0,0,0,0,0,0,0,0,0,0,0,0,0,0,0,0,0,0,0,0
0,0,0,0,0,0,0,132.413123130798,0,0,0,0,0,9.14736557006836,0,0,0,0,0,0,0,0,0,0,0,0,0,0,0,0,0,0,0,0,0,0,0,0,0,0,0,0,0,0,0,0,0,0,0,0,0,0,0,0,0,0,0,0,0,0,0,0,0,0,0,0,0,0,0,0,0,0,0,0,0,0,0,0,0,0,0,0,54.1994673013687,0,0,0,0
362.33096447587,0.121415250003338,92.3600965961814,0,0,0,0,0,788.627637580037,0,0.783069312572479,0,0,0,33.2716116309166,0,0.260267712175846,0,29.2048852667212,0,0,0,0,0,203.903370633721,0,89.5238164812326,0,0,0,0,0,0,0,0,0,0,0.543873272836208,128.57066065073,0,11.201511412859,1.02956867218018,273.717070609331,0,2.1541348695755,0,11.7589081972837,1.65934121608734,114.512503385544,0.516643434762955,0,0,0,0,0,0,24.1373482197523,0,14.8146044760942,0,18.953672632575,0,0,0,0,0,0,179.107007145882,0,50.4724026620388,0,14.0330327749252,0,0.815463244915009,0,0,0,0,0,16.4543138891459,0,41.082663744688,393.359434016049,0.426513902842999,470.246766328812,0,40.2766221165657
0,614.926315024495,0,435.819254890084,0,0,0,0,0,1044.88786394894,0,0,0,0,0,84.6591125130653,0,0,13.1408313065767,0,0,0,0,290.359712585807,0.671453565359116,46.8837621361017,0,0,0,0,0,0,0,0,0,0,0,12.7757834196091,3.66457605361938,0.371349066495895,0,217.154782280326,0,1.58171688020229,0,6.49615132808685,3.21062016487122,0.911063924431801,0,105.776919439435,0,0,0,0,0,0,0,11.5199620723724,0,3.52321979403496,0,204.592672199011,0,0,0,0.152563855051994,233.544921293855,1.03109841048717,70.7461989820004,0,3.68942201137543,0,4.94137606024742,0,0,0,0,0,2.30180152505636,0,5.92765335738659,2.93254464864731,323.784853890538,9.67272745072842,377.994372144341,3.67331844568253,0
37.0249663740396,0,10.7494951784611,0,2.76105040311813,0,75.9188686609268,0,12.3705297857523,0,1696.90816874057,0,98.6556283533573,0,0,0,0,0,3.10070909559727,0,153.878307580948,0,0,0,7.48791866004467,0,0,0,0,0,103.125864356756,0,0,0,0,0,0,0,254.184299379587,0,0.224420204758644,0.136623844504356,18.091918155551,0,0,0,38.4224938601255,0,3.80502730607986,0,177.564289137721,0,0,0,24.1373482197523,0,0,0,165.260331243277,0,4.75279238820076,0,0,211.938326835632,0,0,0,9.01818576455116,0,0,0,4.98785397410393,0,364.785936415195,0,0,0,0,0,0.203905954957008,0,0.201040774583817,12.7944005578756,0.195931240916252,421.745885118842,0,0
0,56.5441059917212,0,37.6352842748165,0,10.8119452893734,0,4,0,10.0429781973362,0,2745.98306256533,0,45.9202120155096,0,0,0,0,0.269679203629494,597.643344223499,0,0,0,0,0,0,0,0.65678733587265,0,116.992456659675,0,0,0,0,0,0,0,75.2335156202316,0,1.00825931876898,0,29.3402411341667,0,0,0,5.29148582369089,0,0,0,17.718321941793,0,61.186224013567,0,0,0,11.5199620723724,0,0,0,22.2339551448822,0,7.72791646420956,645.663562819362,0,0,0,0,0,4.76555120944977,0,4.02802091836929,0,671.23542034626,0,0,0,0,0,0.306566789746284,0,2.24464001506567,0,31.2565707713366,0.139853373169899,581.993955627084,0.170321598649025,0
54.0250694006681,0,82.4775895625353,0,0,0,0,0,11.8936499804258,0,20.0283853113651,0,647.289957761765,0,0,0,0,0,0.792361199855804,0,0,0,0,0,4.93417744338512,0,0,0,1.36294603347778,0,0,0,0,0,0,0,0.206885054707527,0,4.94375547766685,0,0,0,27.228976726532,0,0,0,0.735235750675201,0,34.2140806615353,0,17.4346388578415,0,1,0,14.8146044760942,0,165.260331243277,0,0,0,22.3522188216448,0,0,0,0,0,0,7.72465333342552,0,0,0,199.45284768939,0,0,0,0,0,0,0,0,0,0.953875154256821,73.6260146796703,20.1092209666967,86.8735195845366,0,0
0,159.867569357157,0,37.8299936950207,0,0,0,0,0,1.42675489187241,0,1556.69619996846,0,1171.89301176369,0,0,0,0,0,0,0,0,0,0,0,0,0,10.6066010892391,0,0,0,0,0,0,0,0.136906921863556,0,0,0,0,0,19.5125899761915,0,0,0,0.367919430136681,0,0,0,35.3857151418924,0,0,0,0,0,3.52321979403496,0,22.2339551448822,0,0,0,17.8177067190409,0,0,0,0,0,0,24.646127820015,0,613.879271656275,0,2.1707569360733,0,0,0,0,0,0,0,0,0,41.5613884776831,7.70050716400146,123.81858856231,0,0
173.440904840827,0,4.92006474733353,0,0,0,0,0,102.985516279936,0,0,0,0,0,409.236619070172,0,2.68375182151794,0,0.298955202102661,0,0,0,0,0,5.48381394147873,0,1.97264015674591,0,0,0,0,0,0,0,0,0,0,0.120106928050518,22.9831930994987,0,0.116835951805115,0,167.165865145624,0,0,0,2.35830090939999,0.168105870485306,95.7591370418668,0,0,0,0,0,18.953672632575,0,4.75279238820076,0,22.3522188216448,0,0,0,0,0,0,0,0,40.2640031427145,0,168.104244947433,0,7.97135519981384,0,0,0,0,0,0,0,1.01004634797573,0,8.47852428257465,31.4283286482096,0,359.599693998694,0,0
0,257.484370484948,0,90.7001775205135,0,0,0,0,0,109.095082342625,0,0,0,0,0,70.0565059483051,0,0,0,0,0,0,0,0.287411719560623,0,0,0,0,0,0,0,0,0,0,0,0,0,0,0,0,0,29.8644178211689,0,0,0,0.28349381685257,0,0,0,97.0921723842621,0,0,0,0,0,204.592672199011,0,7.72791646420956,0,17.8177067190409,0,0,0.167238801717758,0,0,0,3.50071820616722,0,262.830513119698,0,7.69564136862755,0,0,0,0,0,0,0,0,0,0,0,5.57218670845032,3.00934994220734,240.651722416282,0,0
0,2.96237269043922,0,1.88483168184757,0,0.855822324752808,0,0.727195680141449,0,0,0,55.9288978874683,0,0,0,0,0,2.11875754594803,7.64672447741032,2141.64928691089,0,0,0,0,0,0,0,0,0,0,0,0,0,0,0,1600.29813221097,0,178.490624070168,0,9.76862388849258,0,74.444354146719,0,0.866714775562286,0,1981.48923307657,0.143277794122696,0,0,0.953955285251141,0,1.44527018070221,0,0,0,0,0,645.663562819362,0,0,0,0.167238801717758,0,0,0,0,0,0,0,0,0,0,38.99825399369,0,0,0,0,0,987.617793977261,0,301.104542955756,0,172.409402035177,3.52905181050301,1253.62377125025,0,0
1.4536744505167,0,0.408599033951759,0,2.66799101233482,0,0,0,0.130799293518066,0,50.8492675423622,0,0,0,0,0,4.47160530090332,4.56297713518143,71.0511863827705,0,1233.83685444295,0,0,0,0,0,0,0,0,0,4.76260802149773,0,0,0,0,0,1085.85486678779,0,433.791452944279,0,59.3781314790249,1.97699058055878,68.9215098023415,0,2.48623882234097,0,2303.07384814322,0,1.21587759256363,0,4.31926828622818,0,0,0,0,0,211.938326835632,0,0,0,0,0,0,0,0,0,0,0,0,0,0,0,0,42.2975884377956,0,0,0,0,0.427399128675461,679.437728084624,0,248.703906461596,350.315143890679,6.61811132729053,1421.65226764232,0.268474519252777,0
0,0,0,0,0,0,0,0,0,0,0,0,0,0,0,0,0,45.6564242243767,0,0,0,5548.90294952691,0,265.238255560398,0.311461687088013,20.0354113578796,0,9.24351263046265,0,0,0,0,0,0,0,0,0,295.19300737977,2.47221860289574,0,0,0,0,0,0,0,0,0,0,316.187608122826,0,0,0,0,0,0,0,0,0,0,0,0,0,0,0,0,113.740724056959,0.406528919935226,187.717331707478,0,12.369285941124,0,0,0,0,0,0,0,0,0,214.221909105778,0.219860017299652,376.322421729565,28.6280715465546,0,0,0
0,0.317975997924805,0,0,0,0,0,0,0.219804584980011,0,0,0,0,0,0,0,79.1257797032595,0,0,0,0,0,4443.77287784219,0,958.188755959272,0,31.3402396887541,0,69.7955152392387,0,0,0,0,0,3.25063559412956,0,0,0.868482902646065,797.371158510447,0,0,0,0.77197439968586,0,0,0,0,1.49513337016106,124.18473508954,0,0,0,0,0,0,0.152563855051994,0,0,0,0,0,0,0,0,0,0,0,237.253426626325,0,159.502943247557,0,32.9378124475479,0,0,0,0,0,0,0,0,0.567064672708511,6.07279196381569,496.41862218082,79.4137624800205,0.233197495341301,0,0
0,50.4719132333994,0,0.246877789497375,0,0,0,0,0,166.49582400918,0,0,0,0,0,0,0,0.767677128314972,0,0,0,21.5722213685513,0.174003571271896,1083.79083766043,10.5503235608339,195.017500460148,0,0,0,0,0,0,0,0,0,0,0,315.338065057993,18.6945710033178,0,0,4.90781672298908,0,0,0,0,0,1.97876900434494,0,1.06440925598145,0,0,0,0,0,233.544921293855,0,0,0,0,0,3.50071820616722,0,0,113.740724056959,0,0,4.73260834813118,145.832063227892,0,0,0,0,0,0,0,0,0,0,0,92.7353247702122,10.9606634378433,728.400705054402,113.365873992443,39.6145016252995,0,0
99.1176756471395,1.60202917456627,12.7732517272234,0,0,0,0,0,215.035841047764,0,0,0,0,0,0.932347878813744,0,16.6203296035528,0,1.1078315526247,0,0,0,157.936610117555,1.85137695074081,975.335765525699,0,24.1706078052521,0,0,0,0,0,0,0,0,0,0,1.82709990441799,361.450738295913,0,1.6493281275034,0,29.8386702463031,0,0,0,0.175658375024796,0.681493178009987,42.1468758434057,0,0,0,0,0,179.107007145882,1.03109841048717,9.01818576455116,0,7.72465333342552,0,40.2640031427145,0,0,0,0.406528919935226,237.253426626325,4.73260834813118,0,0.290112197399139,91.6563745439053,0,2.0920529961586,0,0,0,0,0,0,0,0.118097066879272,1.57988232374191,68.988563850522,162.629271283746,15.7957164496183,54.3220477253199,0,0
0,54.551708728075,0,0,0,0,0,0,0,64.9519195854664,0,0,0,0,0,70.0140643566847,0,140.897992670536,0,0,0,18.771908313036,0,482.155193850398,0,608.909606397152,0,0,0,0,0,0,0,0,0,0,0,124.859605818987,0,0,0,0.87186798453331,0,0,0,0,0,1.34727573394775,0,194.566141918302,0,0,0,0,0,70.7461989820004,0,4.76555120944977,0,24.646127820015,0,262.830513119698,0,0,187.717331707478,0,145.832063227892,0.290112197399139,0,0,132.185099512339,0,0,0,0,0,0,0,0,0,6.00836870074272,0,53.6801737397909,4.26511858403683,17.9398751407862,0,0
38.2238637059927,0,0.235107809305191,0,0,0,0,0,34.0439833700657,0,0,0,0,0,2.59256280958652,0,2.03879153728485,0,0.163237825036049,0,0,0,69.8607084304094,0,303.352541327477,0,438.289676651359,0,0,0,0,0,0,0,0,0,0,0,7.76404869556427,0,0,0,9.649557903409,0,0,0,1.09376075863838,0,94.7588213086128,0,0,0,0,0,50.4724026620388,0,0,0,0,0,168.104244947433,0,0,0,0,159.502943247557,0,91.6563745439053,0,0,0,4.88302445411682,0,0,0,0,0,0,0,0,0,1.90620535612106,117.464022621512,0,92.6280727088451,0,0
0,9.73819619417191,0,2.1480712890625,0,0,0,0,0,8.85832199454308,0,4.48310726881027,0,216.42327272892,0,0,0,0,0.212561473250389,0,0,0,0,0,0,18.2444783449173,0,3484.79462614655,0,8.94558894634247,0,0,0,0,0,0,0,5.82328176498413,0,0.147864788770676,0,10.2707148492336,0,0,0,0.696309432387352,0,0,0,20.9365548342466,0,0,0,0,0,3.68942201137543,0,4.02802091836929,0,613.879271656275,0,7.69564136862755,0,0,12.369285941124,0,0,0,132.185099512339,0,0,0,51.3813084065914,0,0,0,0,0,0.325720243155956,0,0.128470048308372,0,514.106829151511,347.919189170003,44.1016367450356,0.29017898440361,0
44.4150803685188,0,2.18259805440903,0,0,0,0,0,2.85938102006912,0,0,0,8.76619672775269,0,0,0,0,0,0.402097821235657,0,0,0,9.38377946615219,0,0.802540481090546,0,0,0,1329.61395481229,0,0.908298552036285,0,0,0,0,0,0,0,0.741575956344604,0,0,0,14.0352604091167,0,0,0,0.39252182841301,0,0.966093920171261,0,0,0,0,0,14.0330327749252,0,4.98785397410393,0,199.45284768939,0,7.97135519981384,0,0,0,0,32.9378124475479,0,2.0920529961586,0,4.88302445411682,0,0,0,0,0,0,0,0,0,0,0,27.1252886354923,133.947476051748,89.9435289651155,15.2780999243259,0,0
0,8.45157979428768,0,5.42151372134686,0,0,0,0,0,9.87375482916832,0,497.746286511421,0,9.77036300301552,0,0,0,0.727562665939331,0.151826038956642,34.5517398118973,0,0,0,0,0,0,0,3.99860125780106,0,1270.71596354246,0,0,0,0,0,1.19799996912479,0,76.3134804517031,0,3.59662301838398,0,42.9973293542862,0,0,0,9.54557007551193,0,0,0,2.28654602169991,0,0,0,0,0,4.94137606024742,0,671.23542034626,0,2.1707569360733,0,0,38.99825399369,0,0,0,0,0,0,0,51.3813084065914,0,0,0,0,0,0,0,1.58651522547007,0,17.791605502367,0,42.8767494559288,0.302306972444057,319.976608864963,0,0
6.44986173510551,0,1.26589691638947,0,0,0,0,0,5.05239136517048,0,255.406453892589,0,0,0,0,0,1.76964265108109,1.19070553779602,8.67955546081066,0,14.8998899757862,0,0,0,0,0,0,0,47.2736955285072,0,2655.98746287823,0,0,0,0,0,0,0,2.93338394165039,0,0,0,7.5309077501297,0,0,0,8.31559380888939,0,0.381247594952583,0,0,0,0,0,0.815463244915009,0,364.785936415195,0,0,0,0,0,0,42.2975884377956,0,0,0,0,0,0,0,0,0,0,0,0,0,0,0,0.396892964839935,0,36.861548602581,31.8044713884592,1.46946227550507,226.236800283194,0,0
0,0,0,0,0,0,0,0,0,0,0,0,0,0,0,0,0,0,0,0,0,0,0,0,0,0,0,0,0,0,0,868.045456826687,2.28002095222473,16.2373898029327,4.93032121658325,6.33693514764309,0,0,0,0,0,0,0,0,0,0,0,95.8959247171879,0,0,0,0,0,0,0,0,0,0,0,0,0,0,0,0,0,0,0,0,0,0,0,0,0,0,0,0,6.51890790462494,0,110.313294544816,0,0,0,31.1161638498306,0,0,0,0
0,0,0,0,0,0,0,0,0,0,0,0,0,0,0,0,0,0,0,0,0,0,0,0,0,0,0,0,0,0,0,53.160965681076,464.546142667532,0,93.8358155488968,0,26.9494132995605,0,0,0,0,0,0,0,0,0,0,29.2856934070587,4.3314762711525,0,0,0,0,0,0,0,0,0,0,0,0,0,0,0,0,0,0,0,0,0,0,0,0,0,0,0,0,80.0625355243683,0,83.2170903086662,0,0,0,0,0,0,0
