0,0,27.6281025856733,0,0,0,0,0,126.388638973236,0,0,0,0,0,0,0,0,0,2.83245539665222,0,0,0,0,0,0,0,0,0,0,0,0,0,0,0,0,0.28578394651413,0.208826705813408,0,0,0,0,1.43779514729977,40.5945101082325,0,0,0,0,0.177710309624672,65.727052718401,0,0,0,0,0,85.0885502099991,0,0.472579896450043,0,0,0,59.9280347824097,0,0,0,0,0,0,0,0,0,0,0,0,0.280801564455032,0,0,0,0,0,9.09040832519531,0,0.181044548749924,16.1863869726658,0,213.885221719742,0,1.35785654187202
0,0,0,99.3954277038574,0,0,0,0,0,245.452431917191,0,0,0,0,0,0,0,0,0.658563107252121,0,0,0,0,3.94119879603386,0,0,0,0,0,0,0,0,0,0,0,0,0,0,0,0,0,86.729938134551,0.35105636715889,0,0,0,0,0,0,112.756832316518,0,0,0,0,0,234.189710706472,0,0.468977004289627,0,0,0,1.35276103019714,0,0,0,0,2.38498637080193,0,0,0,0,0,0,0,0,0,0,0,0.563617676496506,0,0,0,8.34274569153786,0,97.9765745997429,0,0
27.6281025856733,0,0,0,0,0,0,0,132.350254297256,0,0,0,0,0,0,0,0,0,2.72704970836639,0,0.703265517950058,0,0,0,0,0,0,0,0,0,0,0,0,0,0,0,0,0,0.782450914382935,0,0.830915600061417,0,50.9897623062134,0,0,0,0.927203774452209,0,40.7173464894295,0,3.76843385398388,0,0,0,64.9831483364105,0,36.393949136138,0,0,0,7.43387317657471,0,0,0,0,0,0,0,0,0,0,0.478239804506302,0,21.2258858978748,0,0,0,0,0,0.663012742996216,0,4.2308032810688,198.844273477793,1.24560801684856,75.0833539664745,0,8.49083775281906
0,99.3954277038574,0,0,0,213.417400419712,0,0,0,71.5887836366892,0,0,0,0,0,0,0,0.327999472618103,7.08945102989674,11.9110753536224,0,0,0,0,0,0,0,0,0,0,0,0,0,0,0,8.09306237101555,0,0,0,26.3401328027248,0,90.8019615709782,0.745222851634026,0,0,32.2789927423,0,7.78966116905212,0,149.003240428865,0,73.4112642705441,0,0,0,239.999336719513,0,70.573858782649,0,41.1185634732246,0,16.0293616056442,1.87725016474724,0,0,0,0,0,0,0,0,0,49.4929404854774,0,0,0,0,0,3.67646572738886,0,6.94177955389023,0,237.629663340747,1.81901687383652,471.206155709922,1.79338943958282,0
0,0,0,0,0,0,0,0,0,0,0,0,0,0,0,0,0,0,0,0,25.6761797070503,0,0,0,0,0,0,0,0,0,0,0,0,0,0,0,16.1203618198633,0,0,0,8.2296687066555,0,12.7777388691902,0,0,0,0.259889990091324,0,30.1320270448923,0,135.750255584717,0,0,0,0,0,15.2106926143169,0,21.8714318573475,0,0.433081179857254,0,0,4.69279877841473,0,0,0,0,0,0,0,0,0,3.31084525585175,0,0,0,0,0,5.78378868103027,0,0,17.2046408206224,0,76.8107692748308,0,0
0,0,0,213.417400419712,0,0,0,17.2581617534161,0,0,0,8.67034056782722,0,0,0,0,0,0,0,124.380595356226,0,0,0,0,0,0,0,0,0,0,0,0,0,0,0,15.2543596029282,0,0,0,1.38962408900261,0,1.0280756354332,0.724635064601898,0,0,8.36981286108494,0,0,0,13.1266718059778,0,181.790898710489,0,1.26630905270576,0,4.75128734111786,0,16.6774543225765,0,0,0,23.917819082737,28.8883557021618,0,0,0,0,0,0,0,0,0,1.38489447534084,0,0,0,0,0,42.3018607199192,0,0.26683247089386,0,632.077972874045,2.08752653002739,233.781957291067,0,0
0,0,0,0,0,0,0,0,0,0,0,0,8.73464488983154,0,0,0,0,0,0,0,0,0,0,0,0,0,0,0,0,0,0,0,0,0,0,0,0,0,0,0,0,0,0,0,0,0,0,0,0,0,0,0,2,0,0,0,0,0,78.6096925735474,0,0,0,0,0,0,0,0,0,0,0,0,0,0,0,0,0,0,0,0,0,0,0,0,0,0,0,0
0,0,0,0,0,17.2581617534161,0,0,0,0,0,98.9015172123909,0,15.5383388996124,0,0,0,0,0,32.591419428587,0,0,0,0,0,0,0,0,0,0,0,0,0,0,0,0,0,0,0,0,0,0,0,0,0,0,0,0,0,0,0,0,0,11.4182326197624,0,0,0,0,0,77.6017090678215,0,0,129.392596662045,0,0,0,0,0,0,0,0,0,0,0,0,0,0,0,0,0,0,0,384.812135100365,0,0,0,0
126.388638973236,0,132.350254297256,0,0,0,0,0,0,0,0.493919104337692,0,0,0,17.4286386966705,0,0,0,0.890716910362244,0,0,0,0,0,38.7306080311537,0,22.748527765274,0,0,0,0,0,0,0,0,0,1.026442527771,0,71.0268638730049,0,2.79043287038803,0,25.4399655014277,0,0,0,0,0,23.657407566905,0,60.5251438617706,0,0,0,872.535179883242,0,5.01003712415695,0,0,0,18.1980907917023,0,0,1.15829718112946,0,0,0,0,0,0,0,0,0,1.43474233150482,0,0,0,0,0,0,0,20.447742164135,68.0051045566797,0,194.1546138376,0,0
0,245.452431917191,0,71.5887836366892,0,0,0,0,0,0,0,0,0,0,0,35.0719739794731,0,0.529309153556824,0,0,0,0,0,16.8586556017399,0,0,0,0,0,0,0,0,0,0,0,0,0,188.111445710063,0,0,0,112.563576489687,0,0,0,5.41133135557175,0,0,0,80.7134195566177,0,4.82051536440849,0,0,0,321.359588295221,0,1.19707813858986,0,0.587852120399475,0,63.1454427540302,0,0,0,0,0,0,0,0,0,0,0,0,0,0,0,0,0,0,47.5274205356836,0,524.983866587281,0,328.106170728803,0,0
0,0,0,0,0,0,0,0,0.493919104337692,0,0,0,45.1873468160629,0,0,0,2.4892166852951,0.158543586730957,5.15069702267647,0,759.77537304163,0,0,0,0,0,0,0,0,0,6.95857062935829,0,0,0,0,0,460.735374748707,0,476.340257525444,0.932112455368042,0,0,1.03913527727127,0,0,0,1.13455876708031,0,0.916650876402855,0,0,0,1,0,0,0,377.661025866866,0,141.675407171249,0,0,0,0,204.063126206398,0,0,0,0,0,0,0,0,0,28.1939407587051,0,0,0,0,0,392.769779339433,0,269.712640821934,74.0120175331831,0,2.14120797067881,0,1.06041467189789
0,0,0,0,0,8.67034056782722,0,98.9015172123909,0,0,0,0,0,512.929415464401,0,0,0,0,0,108.015570089221,0,0,0,0,0,0,0,0,0,139.067060232162,0,0,0,0,0,503.017354011536,0,1602.88771401346,0,0,0,0,0,0,0,0.474885910749435,0,0,0,0,0,1.58352467417717,0,22.5588000118732,0,0,0,1565.22807899117,0,0,0,0,107.305865317583,0,0,0,0,0,0,0,0,0,10.3488252162933,0,0,0,0,0,104.717116117477,0,410.017045587301,0,674.196906939149,0,2.30761040747166,0,0
0,0,0,0,0,0,8.73464488983154,0,0,0,45.1873468160629,0,0,0,0,0,0,0,0,0,0,0,0,0,0,0,0,0,0,0,0,0,0,0,0,0,0,0,0,0,0,0,0,0,0,0,0,0,0,0,0,0,0,0,0,0,0,0,0,0,0,0,0,0,0,0,0,0,0,0,0,0,0,0,0,0,0,0,0,0,0,0,0,0,0,0,0
0,0,0,0,0,0,0,15.5383388996124,0,0,0,512.929415464401,0,0,0,0,0,0,0,0,0,0,0,0,0,0,0,0,0,0,0,0,0,0,0,0,0,0,0,0,0,0,0,0,0,0,0,0,0,0,0,0,0,0,0,0,0,236.220978707075,0,300.456012606621,0,0,0,0,0,0,0,0,0,0,0,0,0,0,0,0,0,0,0,0,0,0,192.210140347481,0,0,0,0
0,0,0,0,0,0,0,0,17.4286386966705,0,0,0,0,0,0,0,3.23915135860443,0,0,0,0,0,0,0,0,0,0,0,0,0,0,0,0,0,0,0,0,0,0,0,0,0,0,0,0,0,0,0,0,0,0,0,0,0,57.3870057761669,0,0,0,0,0,0,0,0,0,0,0,0,0,0,0,0,0,0,0,0,0,0,0,0,0,0,0,0,0,0,0,0
0,0,0,0,0,0,0,0,0,35.0719739794731,0,0,0,0,0,0,0,39.9382037520409,0,0,0,0,0,0,0,0.804196029901505,0,0,0,0,0,0,0,0,0,0,0,0,0,0,0,0,0,0,0,0,0,0,0,0,0,0,0,0,0,20.3679416775703,0,0,0,0,0,0,0,0,0,0,0,0,0,0,0,0,0,0,0,0,0,0,0,0,0,0,25.7903242409229,0,0,0,0
0,0,0,0,0,0,0,0,0,0,2.4892166852951,0,0,0,3.23915135860443,0,0,9314.5688758865,4462.63335241377,0,3.35924273729324,0,825.093828722835,0,80.730163872242,0.224903717637062,83.5280014872551,0,0,0,0,0,0,0,0,8.79521916806698,14.7991848662496,0,2.57756340503693,27.2773300260305,16.4661888331175,33.1348340511322,53.0937375128269,0,2.02230048179626,2.25059342384338,51.5873906314373,2.98651900887489,1.47709429264069,2.43996503949165,0,0,0,0,0,0,10.4196149855852,0,0,0,0,0,11.1477139145136,28.0573745816946,0,5.96793700754642,0,1.0900913476944,0,0,0,0.263796925544739,0.524685204029083,14.0651598125696,0,0,0,0,57.2124319523573,171.681002944708,8.70822012424469,83.8670487105846,8962.00916345417,128.412968888879,57.3388800024986,1.76705080270767,25.6144464462996
0,0,0,0.327999472618103,0,0,0,0,0,0.529309153556824,0.158543586730957,0,0,0,0,39.9382037520409,9314.5688758865,0,4806.48957283795,0,0,29.0721641480923,3.89418441057205,170.960135936737,12.3216927051544,544.51816830039,1.55251967906952,0,0,0,0,0,0,0,0,16.0856847167015,4.58096423745155,0,1.84389173984528,34.0478269606829,11.571316421032,22.0461151152849,16.245190680027,0,0,3.25600671768188,22.9518530890346,1.73326742649078,0,3.25937202572823,0,0,0,0,0,0,6.33938027918339,0.208193972706795,0,0,0,0,2.31197921931744,11.9721023440361,0,0,27.1196338832378,0,19.2225080430508,0,0,0,0,2.03309540450573,0,0,0,0,48.6079325377941,59.1928681135178,9.95781765878201,27.7023447751999,9791.74423673749,396.228865981102,38.5290136188269,5.77671730518341,3.7074601650238
2.83245539665222,0.658563107252121,2.72704970836639,7.08945102989674,0,0,0,0,0.890716910362244,0,5.15069702267647,0,0,0,0,0,4462.63335241377,4806.48957283795,0,0,1.46870315074921,0,3.68572649359703,0,2.84173762798309,0.318069785833359,0,0,0,0,0,0,0,0,0,423.433646731079,125.660440549254,4.35198347270489,27.7432958185673,1217.59167807549,273.575270980597,758.833940207958,514.019365012646,0,8.80685439705849,151.540687799454,608.861301325262,13.0034996047616,11.9460852667689,121.027087785304,0,0,0,0,0,0,85.1944110244513,110.211079120636,0,0,0,0,158.378311663866,220.592047765851,0,0,0,0,0,0,0,0.239705175161362,255.318247899413,143.684068910778,0,0,0,0,2031.28029560298,1776.5633058846,686.760642915964,693.853890806437,3192.82386917621,8.14893375337124,1377.01703454554,231.430564194918,129.847869664431
0,0,0,11.9110753536224,0,124.380595356226,0,32.591419428587,0,0,0,108.015570089221,0,0,0,0,0,0,0,0,0,0,0,0,0,0,0,0,0,0,0,0,0,0,0,816.835736244917,0,707.277701705694,0,0,0,0.127795040607452,0,0,0,1.37111511826515,0,0,0,6.62538778781891,0,0,0,0,0,0,0,9.34718632698059,0,0,0,0,1326.62005785108,0,0,0,0,0,0,0,0,0,3.04951870441437,0,0,0,0,0,321.704992681742,0,316.131915092468,0,134.810544207692,1.07101476192474,164.271438896656,0,0
0,0,0.703265517950058,0,25.6761797070503,0,0,0,0,0,759.77537304163,0,0,0,0,0,3.35924273729324,0,1.46870315074921,0,0,0,0,0,0,0,0,0,0,0,0,0,0,0,0,0.602211594581604,669.490336224437,0,120.04009309411,0,11.5488656014204,0,7.01028273999691,0,0,0,4.43785786628723,0,8.43457533419132,0,72.2707178890705,0,6.22711658477783,0,0,0,222.585236474872,0,0,0,0,0,0,1166.66208285093,0,0,0,0,0,0,0,0,0,5.52865393459797,0,0,0,0,0,530.881028905511,0,98.9159436821938,158.889752604067,0,44.0513129234314,0,0.478603422641754
0,0,0,0,0,0,0,0,0,0,0,0,0,0,0,0,0,29.0721641480923,0,0,0,0,111.324014335871,74.4804429113865,0,106.993708610535,0,5.76662111282349,0,0,0,0,0,0,0,0,0,843.948476746678,0,0,0,0,0,0,0,0,0,25.9675890207291,0,156.410882472992,0,0,0,0,0,0,0,0,0,0,0,0,0,0,6793.12870438397,0,446.535866737366,0,15.6161060035229,0,11.7012286186218,0,0,0,0,0,0,0,0,0,841.624164491892,0,665.687287822366,103.670763105154,13.0503295511007,0,0
0,0,0,0,0,0,0,0,0,0,0,0,0,0,0,0,825.093828722835,3.89418441057205,3.68572649359703,0,0,111.324014335871,0,0,101.123423039913,0,8.05415317416191,0,122.291438445449,0,0,0,0,0,0,0,0.126886665821075,0,373.572603493929,0,0,0,0,0,0,0,0,1.59820854663849,94.1738440543413,0,0,0,0,0,0,0,0,0,0,0,0,0,0,0,81.3478929400444,6574.13964432478,0,21.8142006099224,0,0,0,0,0,0,0,0,0,0,0,0,0,149.397044181824,964.272222161293,154.890068590641,7.77841407060623,0,0
0,3.94119879603386,0,0,0,0,0,0,0,16.8586556017399,0,0,0,0,0,0,0,170.960135936737,0,0,0,74.4804429113865,0,0,0,20.75332903862,0,0,0,0,0,0,0,0,0,0,0,92.2742819935083,0,0,0,0,0,0,0,0,0,51.2977208793163,0,68.0498774945736,0,0,0,0,0,24.7835264503956,0,0,0,0,0,1.06491577625275,0,0,13.6705976426601,0,561.384085804224,0,25.7425343096256,0,1.96613317728043,0,0,0,0,0,0,0,0,0,125.853004425764,0,325.572095036507,0,264.773107737303,0,0
0,0,0,0,0,0,0,0,38.7306080311537,0,0,0,0,0,0,0,80.730163872242,12.3216927051544,2.84173762798309,0,0,0,101.123423039913,0,0,0,297.215573489666,0,0,0,0,0,0,0,0,0,0,0,123.952936947346,0,0,0,0,0,0,0,0,1.47179935872555,90.2920025885105,0,0,0,0,0,182.269963547587,0,0,0,0,0,0,0,1.76255834102631,0,0,108.82612529397,0,308.25101056695,0,96.4149197340012,0,0,0,0,0,0,0,0,0,0,0,176.178233772516,230.544844433665,0,126.812247931957,0,0
0,0,0,0,0,0,0,0,0,0,0,0,0,0,0,0.804196029901505,0.224903717637062,544.51816830039,0.318069785833359,0,0,106.993708610535,0,20.75332903862,0,0,0,0,0,0,0,0,0,0,0,0,0,0,0,0,0,0,0,0,0,0,0,0,0,0,0,0,0,0,0,0,0,0,0,0,0,0,0,0,4.92783340811729,0,57.271887332201,0,17.0535943508148,0,0,0,0,0,0,0,0,0,0,0,0,0,159.432325556874,0,0,0,0
0,0,0,0,0,0,0,0,22.748527765274,0,0,0,0,0,0,0,83.5280014872551,1.55251967906952,0,0,0,0,8.05415317416191,0,297.215573489666,0,0,0,0,0,0,0,0,0,0,0,0,0,0,0,0,0,0,0,0,0,0,0,0,0,0,0,0,0,22.2728319168091,0,0,0,0,0,0,0,0,0,0,0,0,133.858889222145,0,2,0,0,0,0,0,0,0,0,0,0,0,0,39.8414867520332,0,0,0,0
0,0,0,0,0,0,0,0,0,0,0,0,0,0,0,0,0,0,0,0,0,5.76662111282349,0,0,0,0,0,0,0,67.0693483352661,0,0,0,0,0,0,0,24.0712647438049,0,0,0,0,0,0,0,0,0,0,0,0,0,0,0,0,0,0,0,7.23545455932617,0,0,0,0,0,0,0,0,0,0,3.62999367713928,0,773.122290194035,0,467.069602161646,0,0,0,0,0,0,0,58.7878351211548,0,3.71421873569489,0,0,0,0
0,0,0,0,0,0,0,0,0,0,0,0,0,0,0,0,0,0,0,0,0,0,122.291438445449,0,0,0,0,0,0,0,3,0,0,0,0,0,0,0,0,0,0,0,0,0,0,0,0,0,0,0,0,0,0,0,0,0,0,0,0,0,0,0,0,0,0,21.3305878639221,0,0,0,0,0,245.821947574615,0,0,0,0,0,0,0,0,0,2.40243172645569,9,0,0,0,0
0,0,0,0,0,0,0,0,0,0,0,139.067060232162,0,0,0,0,0,0,0,0,0,0,0,0,0,0,0,67.0693483352661,0,0,0,0,0,0,0,0,0,178.27702562511,0,0,0,0,0,0,0,0,0,0,0,0,0,0,0,0,0,0,0,149.671485245228,0,0,0,0,0,0,0,0,0,0,0,0,0,0,583.604530215263,0,0,0,0,0,0,0,90.0042699575424,0,0,0,0,0,0
0,0,0,0,0,0,0,0,0,0,6.95857062935829,0,0,0,0,0,0,0,0,0,0,0,0,0,0,0,0,0,3,0,0,0,0,0,0,0,0,0,448.741871714592,0,0,0,1.60232496261597,0,0,0,0,0,0,0,0,0,0,0,0,0,0.196275964379311,0,0,0,0,0,0,0.167826175689697,0,0,0,0,0,0,0,5,0,219.955726236105,0,0,0,0,0,0,0,179.068539500237,20.2766389846802,0.263087749481201,0,0,0
0,0,0,0,0,0,0,0,0,0,0,0,0,0,0,0,0,0,0,0,0,0,0,0,0,0,0,0,0,0,0,0,1646.24867060781,37.5536738932133,2.83585539460182,337.673621192575,57.7402093410492,0,0,0,0,0,0,0,0,0,0,1527.56350290775,60.81558573246,0,0,0,0,0,0,0,0,0,0,0,0,0,0,0,0,0,0,0,0,0,0,0,0,0,1589.04668466747,709.499544963241,52.1727476865053,0.337240248918533,231.917145729065,23.5320705771446,0,0,745.186581641436,0,0,0,0
0,0,0,0,0,0,0,0,0,0,0,0,0,0,0,0,0,0,0,0,0,0,0,0,0,0,0,0,0,0,0,1646.24867060781,0,126.302094772458,39.7754436582327,11.4631252884865,196.379391878843,0,0,0,0,0,0,0,0,0,0,1484.1653290689,15.9990783929825,0,0,0,0,0,0,0,0,0,0,0,0,0,0,0,0,0,0,0,0,0,0,0,0,0,370.534678846598,3058.74761348963,8.72888097167015,35.4199071675539,4.68256908655167,587.400927722454,0,0,226.346471935511,0,0,0,0
0,0,0,0,0,0,0,0,0,0,0,0,0,0,0,0,0,0,0,0,0,0,0,0,0,0,0,0,0,0,0,37.5536738932133,126.302094772458,0,2383.2474129647,561.338712394238,0,7.782430768013,0.712458968162537,0,0,0,0,0,0,0,0,3080.2080591023,33.5718780606985,2.90871033072472,0,0,0,0,0,0,0,0,0,0,0,0,0,0,0,0,0,0,0,0,0,0,0,0,77.390878111124,133.488093703985,2177.31799954176,1747.24768278003,127.36706982553,0.290928184986115,49.0783998370171,1.01933020353317,828.3896548599,7.29536437988281,0,0,0
0,0,0,0,0,0,0,0,0,0,0,0,0,0,0,0,0,0,0,0,0,0,0,0,0,0,0,0,0,0,0,2.83585539460182,39.7754436582327,2383.2474129647,0,0,531.699073284864,0,170.084022849798,0,0,0,0,0,0,0,0,1277.35356473923,1.53784024715424,0,0,0,0,0,0,0,0,0,0,0,0,0,0,0,0,0,0,0,0,0,0,0,0,0,0.276229590177536,107.123834520578,506.851543724537,1760.02286458015,2.8142691552639,287.017975926399,0,298.318753153086,210.247745245695,0,0,0,0
0.28578394651413,0,0,8.09306237101555,0,15.2543596029282,0,0,0,0,0,503.017354011536,0,0,0,0,8.79521916806698,16.0856847167015,423.433646731079,816.835736244917,0.602211594581604,0,0,0,0,0,0,0,0,0,0,337.673621192575,11.4631252884865,561.338712394238,0,0,1223.74283628166,2159.1853062287,0,44.0121796131134,2.06008561700583,151.351316422224,1.66023835539818,1.46719555556774,0,266.4634135589,6.03221207857132,223.655172236264,0,123.186817832291,0,0,0,0,0,0,0.460123807191849,4.71188382804394,0,0,0,0,882.949703618884,1.24312415719032,0,0,0,0,0,0,0,0,3.99974408745766,0,151.521739594638,3.57697108387947,149.824819475412,0,17432.5945237204,358.411554425955,368.996552482247,5.52758567035198,3814.55032794923,461.341714076698,218.016533590853,27.0703097581863,0
0.208826705813408,0,0,0,16.1203618198633,0,0,0,1.026442527771,0,460.735374748707,0,0,0,0,0,14.7991848662496,4.58096423745155,125.660440549254,0,669.490336224437,0,0.126886665821075,0,0,0,0,0,0,0,0,57.7402093410492,196.379391878843,0,531.699073284864,1223.74283628166,0,0,2608.20583389699,0.548357717692852,6.26976668834686,0.471337050199509,58.2593089193106,0,1.46171787381172,0.170740485191345,126.747921355069,635.566083267331,25.7228101864457,0.490923583507538,31.9937946051359,0,0,0,0,0,37.0766025930643,0,0,0,0,0,0,524.219101905823,0,0,0,0,0,0,0,0,0.194491863250732,4.04936307668686,7.08019968867302,26.3999289870262,0,77.7360578924417,671.076684743166,15755.5990078449,0.381663531064987,677.621853761375,3235.53432789445,903.751624405384,249.279650136828,0,8.81009915471077
0,0,0,0,0,0,0,0,0,188.111445710063,0,1602.88771401346,0,0,0,0,0,0,4.35198347270489,707.277701705694,0,843.948476746678,0,92.2742819935083,0,0,0,24.0712647438049,0,178.27702562511,0,0,0,7.782430768013,0,2159.1853062287,0,0,149.919978260994,0,0,5.16654998809099,0,0,0,1.40751814097166,0,344.404062077403,0,159.346238464117,0,0,0,0,0,21.194945320487,0,94.9990319013596,0,0,0,0,2.93602868914604,0,254.584932759404,0,307.318199872971,0,0,0,0,0,31.5414695739746,0,0,0,36.5793015360832,0,1442.81690084189,0,10988.9651995897,79.0996125340462,1493.68640787899,167.275499463081,96.2427375018597,0.205388098955154,0
0,0,0.782450914382935,0,0,0,0,0,71.0268638730049,0,476.340257525444,0,0,0,0,0,2.57756340503693,1.84389173984528,27.7432958185673,0,120.04009309411,0,373.572603493929,0,123.952936947346,0,0,0,0,0,448.741871714592,0,0,0.712458968162537,170.084022849798,0,2608.20583389699,149.919978260994,0,2.72004985809326,2.49330599606037,0,19.9686070084572,0,0,0,13.2206711322069,38.2734970748425,437.498684719205,0,0,0,0,0,164.026947528124,0,42.5771953761578,0,0,0,0,0,0,222.290075138211,0,167.448609307408,0,186.144648075104,0,0,0,0,0,17.833772778511,0,0,0,275.192714482546,1.76499032974243,1579.74397739768,1,9966.55116719007,1859.07747329772,143.625557720661,157.567970827222,0,14.1820649504662
0,0,0,26.3401328027248,0,1.38962408900261,0,0,0,0,0.932112455368042,0,0,0,0,0,27.2773300260305,34.0478269606829,1217.59167807549,0,0,0,0,0,0,0,0,0,0,0,0,0,0,0,0,44.0121796131134,0.548357717692852,0,2.72004985809326,0,8.13325268030167,1740.13209150732,37.0231952294707,3.66486296057701,0,334.301255360246,25.422295473516,1.22489643096924,0.858217060565948,774.466306991875,0,0,0,0,0,0,0.855145990848541,21.6364968419075,0,0,0,0,106.023264750838,4.26502338051796,0,0,0,0,0,0,0,0,24.6426227986813,1.44157107174397,0,0,0,0,446.395732142031,28.1379351392388,61.706113062799,5.2373875528574,588.19314211607,27.9652806073427,1247.81667325646,70.9122574478388,3.16442346572876
0,0,0.830915600061417,0,8.2296687066555,0,0,0,2.79043287038803,0,0,0,0,0,0,0,16.4661888331175,11.571316421032,273.575270980597,0,11.5488656014204,0,0,0,0,0,0,0,0,0,0,0,0,0,0,2.06008561700583,6.26976668834686,0,2.49330599606037,8.13325268030167,0,8.63718022406101,471.963939100504,0,5.24233762919903,0,345.363644406199,2.95005966722965,114.542104840279,0.443624004721642,20.3876637220383,0,0,0,0,0,71.8740604072809,0,0.654932782053947,0,0,0,2.06022500991821,359.452410675585,0,0,0,0,0,0,0,0.203785732388496,0,37.2354755848646,0,0,0,0,6.96037491410971,471.101672112942,0,58.9408624619246,115.067905507982,8.31115366518497,749.026496164501,0.895481050014496,22.6725797504187
1.43779514729977,86.729938134551,0,90.8019615709782,0,1.0280756354332,0,0,0,112.563576489687,0,0,0,0,0,0,33.1348340511322,22.0461151152849,758.833940207958,0.127795040607452,0,0,0,0,0,0,0,0,0,0,0,0,0,0,0,151.351316422224,0.471337050199509,5.16654998809099,0,1740.13209150732,8.63718022406101,0,442.161432445049,0.622578412294388,0,109.17828425765,14.7052372694016,16.0822266340256,0.685348927974701,888.997499004006,0,0,0,0,0,1.47512340545654,2.21937617659569,766.852684095502,0,0,0,0,128.904146373272,4.35705569386482,0,0,0,0,0,0,0,0,1054.04042188823,0.995066523551941,0,0,0,0,1118.76856657863,20.8172886446118,238.900174975395,7.86063519120216,871.295933634043,46.2949261218309,3421.61439416558,313.928350150585,0.143524527549744
40.5945101082325,0.35105636715889,50.9897623062134,0.745222851634026,12.7777388691902,0.724635064601898,0,0,25.4399655014277,0,1.03913527727127,0,0,0,0,0,53.0937375128269,16.245190680027,514.019365012646,0,7.01028273999691,0,0,0,0,0,0,0,0,0,1.60232496261597,0,0,0,0,1.66023835539818,58.2593089193106,0,19.9686070084572,37.0231952294707,471.963939100504,442.161432445049,0,0,17.8017776608467,1.59116251766682,278.698878228664,53.9749007076025,598.922206543386,7.96403405070305,16.0213722288609,0,0,0,0,0,690.466710671782,1.08660830557346,1.09361463785172,0,0,0,3.19085249304771,296.16454680264,0.232067048549652,0.297086656093597,0,0,0,0,0,19.0248887836933,0.214759320020676,1079.4483025521,0,0,0.28791880607605,0,19.3782927319407,1587.2084172368,5.397352039814,474.984477579594,1039.04215126485,33.0885655283928,3408.56043376774,0.858439475297928,657.13890273869
0,0,0,0,0,0,0,0,0,0,0,0,0,0,0,0,0,0,0,0,0,0,0,0,0,0,0,0,0,0,0,0,0,0,0,1.46719555556774,0,0,0,3.66486296057701,0,0.622578412294388,0,0,0,0,0,0,0,0,0,0,0,0,0,0,0,8.09338337182999,0,0,0,0,0.780776500701904,0,0,0,0,0,0,0,0,0,16.425640642643,0,0,0,0,0,6.99671645462513,0,30.2682245075703,0,0,0,23.2168559730053,0,0
0,0,0,0,0,0,0,0,0,0,0,0,0,0,0,0,2.02230048179626,0,8.80685439705849,0,0,0,0,0,0,0,0,0,0,0,0,0,0,0,0,0,1.46171787381172,0,0,0,5.24233762919903,0,17.8017776608467,0,0,0,9.23958978056908,0,0,0,0,0,0,0,0,0,1.28093504905701,0,0,0,0,0,0,3.2351251989603,0,0,0,0,0,0,0,0,0,1.35970318317413,0,0,0,0,0,19.1870553418994,0,13.2047431766987,2.95466220378876,0,39.071387887001,0,2.08480900526047
0,0,0,32.2789927423,0,8.36981286108494,0,0,0,5.41133135557175,0,0.474885910749435,0,0,0,0,2.25059342384338,3.25600671768188,151.540687799454,1.37111511826515,0,0,0,0,0,0,0,0,0,0,0,0,0,0,0,266.4634135589,0.170740485191345,1.40751814097166,0,334.301255360246,0,109.17828425765,1.59116251766682,0,0,0,0.37042024731636,8.02488860487938,4.51954627037048,186.788507394493,0,0,0,0,0,0,0,198.728215284646,0,0,0,0,1598.38659533113,0,0,0,0,0,0,0,0,0,183.894477419555,0,0,0,0,0,1842.89040612802,3.27813673764467,682.343085497618,0,163.552354373038,2.04717712104321,1020.12390812486,3.15908960998058,0
0,0,0.927203774452209,0,0.259889990091324,0,0,0,0,0,1.13455876708031,0,0,0,0,0,51.5873906314373,22.9518530890346,608.861301325262,0,4.43785786628723,0,0,0,0,0,0,0,0,0,0,0,0,0,0,6.03221207857132,126.747921355069,0,13.2206711322069,25.422295473516,345.363644406199,14.7052372694016,278.698878228664,0,9.23958978056908,0.37042024731636,0,4.61353278160095,21.9998462498188,1.61048114299774,0.568753063678741,0,0,0,0,0,45.9334809631109,0,0,0,0,0,2.51117795705795,634.461428135633,0,0,0,0,0,0,0,0.296521931886673,0.166812613606453,23.4464206397533,0,0,0,0,34.9759696871042,1781.42060745507,5.89405809342861,389.867311529815,145.956499755383,15.2376600652933,446.26632347703,1.2020266354084,16.5793609470129
0.177710309624672,0,0,7.78966116905212,0,0,0,0,0,0,0,0,0,0,0,0,2.98651900887489,1.73326742649078,13.0034996047616,0,0,25.9675890207291,1.59820854663849,51.2977208793163,1.47179935872555,0,0,0,0,0,0,1527.56350290775,1484.1653290689,3080.2080591023,1277.35356473923,223.655172236264,635.566083267331,344.404062077403,38.2734970748425,1.22489643096924,2.95005966722965,16.0822266340256,53.9749007076025,0,0,8.02488860487938,4.61353278160095,0,4082.47218665481,1521.53559033573,0,0,0,0,0,0,0,0,0,0,0,0,0,0,57.9889484345913,1.01469692587852,62.0152312070131,0.440618008375168,0,0,0,0,0.325527340173721,0,4118.9171333611,2602.6060025245,1069.25715120137,404.963258087635,490.560421079397,952.217899538577,528.955043137074,0.213806554675102,2917.81945767999,1.03938928246498,1052.63816615194,2.57539582252502,0.151496380567551
65.727052718401,0,40.7173464894295,0,30.1320270448923,0,0,0,23.657407566905,0,0.916650876402855,0,0,0,0,0,1.47709429264069,0,11.9460852667689,0,8.43457533419132,0,94.1738440543413,0,90.2920025885105,0,0,0,0,0,0,60.81558573246,15.9990783929825,33.5718780606985,1.53784024715424,0,25.7228101864457,0,437.498684719205,0.858217060565948,114.542104840279,0.685348927974701,598.922206543386,0,0,4.51954627037048,21.9998462498188,4082.47218665481,0,64.3432814031839,29.9011584892869,0,0,0,97.1443060040474,0,65.403988622129,0,2.62558858841658,0,0.685765743255615,0,0,36.8824793696404,0,305.606026262045,0,112.125000998378,0,3.6846336722374,0,71.4188761264086,0,12.6577834635973,79.6079386472702,0,77.3809030950069,0,36.6632173955441,404.689216993749,0.294767469167709,370.2795573771,1736.17742022872,10.9824369028211,1115.42645129561,0,2.88270263373852
0,112.756832316518,0,149.003240428865,0,13.1266718059778,0,0,0,80.7134195566177,0,0,0,0,0,0,2.43996503949165,3.25937202572823,121.027087785304,6.62538778781891,0,156.410882472992,0,68.0498774945736,0,0,0,0,0,0,0,0,0,2.90871033072472,0,123.186817832291,0.490923583507538,159.346238464117,0,774.466306991875,0.443624004721642,888.997499004006,7.96403405070305,0,0,186.788507394493,1.61048114299774,1521.53559033573,64.3432814031839,0,0,0,0,0,0,68.3880662322044,0,235.244809083641,0,0,0,0.899351865053177,14.6114599481225,0,732.497419849038,0.385360896587372,170.812692865729,0,29.6537725180387,0,155.134806990623,0,55.0307193696499,0,12.3480064272881,0,5.47823312878609,0,119.950286209583,2.24011582136154,95.7632492929697,1.85962355136871,967.306970454752,23.4030991345644,1608.17006922513,37.6499637961388,0
0,0,3.76843385398388,0,135.750255584717,0,0,0,60.5251438617706,0,0,0,0,0,0,0,0,0,0,0,72.2707178890705,0,0,0,0,0,0,0,0,0,0,0,0,0,0,0,31.9937946051359,0,0,0,20.3876637220383,0,16.0213722288609,0,0,0,0.568753063678741,0,29.9011584892869,0,0,0,0,0,0,0,15.0416848212481,0,39.7033215165138,0,33.5365785062313,0,0,51.5912653654814,0,0,0,0,0,0,0,0,0,0,0,0,0,0,0,24.0534637272358,0,0.983099460601807,44.2055263072252,0,383.481244318187,0,0
0,0,0,73.4112642705441,0,181.790898710489,0,0,0,4.82051536440849,0,1.58352467417717,0,0,0,0,0,0,0,0,0,0,0,0,0,0,0,0,0,0,0,0,0,0,0,0,0,0,0,0,0,0,0,0,0,0,0,0,0,0,0,0,0,0,0,0,0,7.44374924898148,0,117.28814125061,0,2.76209044456482,0,0,0,0,0,0,0,0,0,0,0,0,0,0,0,0,0,0,0,0,421.126697361469,0,5.90185734629631,0,0
0,0,0,0,0,0,2,0,0,0,1,0,0,0,0,0,0,0,0,0,6.22711658477783,0,0,0,0,0,0,0,0,0,0,0,0,0,0,0,0,0,0,0,0,0,0,0,0,0,0,0,0,0,0,0,0,0,0,0,0,0,0,0,0,0,0,0,0,0,0,0,0,0,0,0,0,0,0,0,0,0,0,0,0,0,5.67966449260712,0,0,0,0
0,0,0,0,0,1.26630905270576,0,11.4182326197624,0,0,0,22.5588000118732,0,0,0,0,0,0,0,0,0,0,0,0,0,0,0,0,0,0,0,0,0,0,0,0,0,0,0,0,0,0,0,0,0,0,0,0,0,0,0,0,0,0,0,0,0,172.002714246511,0,3.52935254573822,0,0,0,0,0,0,0,0,0,0,0,0,0,0,0,0,0,0,0,0,0,0,162.390058875084,0,0,0,0
85.0885502099991,0,64.9831483364105,0,0,0,0,0,872.535179883242,0,0,0,0,0,57.3870057761669,0,0,0,0,0,0,0,0,0,182.269963547587,0,22.2728319168091,0,0,0,0,0,0,0,0,0,0,0,164.026947528124,0,0,0,0,0,0,0,0,0,97.1443060040474,0,0,0,0,0,0,0,0,0,0,0,168.157743871212,0,0,0,0,0,0,86.2582010030746,0,5.98719167709351,0,0,0,0,0,0,0,0,0,0,0,202.68196567893,152.339894026518,0,91.3915994465351,0,0
0,234.189710706472,0,239.999336719513,0,4.75128734111786,0,0,0,321.359588295221,0,0,0,0,0,20.3679416775703,0,0,0,0,0,0,0,24.7835264503956,0,0,0,0,0,0,0,0,0,0,0,0,0,21.194945320487,0,0,0,1.47512340545654,0,0,0,0,0,0,0,68.3880662322044,0,0,0,0,0,0,0,0,0,0,0,138.811822474003,0,0,0,0,35.416482001543,0,0,0,0,0,0,0,0,0,0,0,0,0,20.3555608391762,0,37.5022692084312,0,7.48891088366508,0,0
0.472579896450043,0,36.393949136138,0,15.2106926143169,0,0,0,5.01003712415695,0,377.661025866866,0,0,0,0,0,10.4196149855852,6.33938027918339,85.1944110244513,0,222.585236474872,0,0,0,0,0,0,0,0,0,0.196275964379311,0,0,0,0,0.460123807191849,37.0766025930643,0,42.5771953761578,0.855145990848541,71.8740604072809,2.21937617659569,690.466710671782,0,1.28093504905701,0,45.9334809631109,0,65.403988622129,0,15.0416848212481,0,0,0,0,0,0,0,75.5899824649096,0,0,0,0,1184.73455861211,0,0,0,0,0,0,0,246.616634085774,0.198453813791275,550.923622071743,0,0,0,0,0.744228199124336,133.029365964234,1.3189685344696,63.9875952601433,330.174955181777,7.27782113850117,1342.77937035263,1.0120062828064,214.939872443676
0,0.468977004289627,0,70.573858782649,0,16.6774543225765,0,0,0,1.19707813858986,0,1565.22807899117,0,236.220978707075,0,0,0,0.208193972706795,110.211079120636,9.34718632698059,0,0,0,0,0,0,0,7.23545455932617,0,149.671485245228,0,0,0,0,0,4.71188382804394,0,94.9990319013596,0,21.6364968419075,0,766.852684095502,1.08660830557346,8.09338337182999,0,198.728215284646,0,0,0,235.244809083641,0,7.44374924898148,0,172.002714246511,0,0,0,0,0,0,0,0,219.541281282902,0,0,0,11.2952926158905,0,3.72456812858582,0,222.606440991163,0,178.327696919441,0,0,0,0,0,9.92543981969357,0.845184564590454,34.2640067562461,0,257.304404757917,11.0581027269363,1218.84849623591,42.8120696544647,0
0,0,0,0,21.8714318573475,0,78.6096925735474,0,0,0,141.675407171249,0,0,0,0,0,0,0,0,0,0,0,0,0,0,0,0,0,0,0,0,0,0,0,0,0,0,0,0,0,0.654932782053947,0,1.09361463785172,0,0,0,0,0,2.62558858841658,0,39.7033215165138,0,0,0,0,0,75.5899824649096,0,0,0,2.03133207559586,0,0,0,0,0,0,0,0,0,0,83.6434203386307,0,0.796901226043701,0,0,0,0,0,0.62633341550827,0,0,6,0,31.0699738413095,0,0
0,0,0,41.1185634732246,0,0,0,77.6017090678215,0,0.587852120399475,0,0,0,300.456012606621,0,0,0,0,0,0,0,0,0,0,0,0,0,0,0,0,0,0,0,0,0,0,0,0,0,0,0,0,0,0,0,0,0,0,0,0,0,117.28814125061,0,3.52935254573822,0,0,0,0,0,0,0,0,0,0,0,0,0,0,0,0,201.052318096161,0,0,0,0,0,0,0,0,0,0,0,61.1660169363022,0,0,0,0
59.9280347824097,0,7.43387317657471,0,0.433081179857254,0,0,0,18.1980907917023,0,0,0,0,0,0,0,0,0,0,0,0,0,0,0,0,0,0,0,0,0,0,0,0,0,0,0,0,0,0,0,0,0,0,0,0,0,0,0,0.685765743255615,0,33.5365785062313,0,0,0,168.157743871212,0,0,0,2.03133207559586,0,0,0,0,0,0,0,0,0,0,47.020027756691,0,0,0,0,0,0,0,0,0,0,0,0,0,0,0,0,0
0,1.35276103019714,0,16.0293616056442,0,23.917819082737,0,0,0,63.1454427540302,0,0,0,0,0,0,0,0,0,0,0,0,0,1.06491577625275,0,0,0,0,0,0,0,0,0,0,0,0,0,0,0,0,0,0,0,0,0,0,0,0,0,0.899351865053177,0,2.76209044456482,0,0,0,138.811822474003,0,0,0,0,0,0,0,0,0,0,2.46503792703152,0,0,0,0,0,0,0,0,0,0,0,0,0,0,0,0,0,9.58981478214264,0,0
0,0,0,1.87725016474724,0,28.8883557021618,0,129.392596662045,0,0,0,107.305865317583,0,0,0,0,11.1477139145136,2.31197921931744,158.378311663866,1326.62005785108,0,0,0,0,1.76255834102631,0,0,0,0,0,0,0,0,0,0,882.949703618884,0,2.93602868914604,0,106.023264750838,2.06022500991821,128.904146373272,3.19085249304771,0.780776500701904,0,1598.38659533113,2.51117795705795,0,0,14.6114599481225,0,0,0,0,0,0,0,219.541281282902,0,0,0,0,0,0,0,0,0,0,0,0,0,0,58.4934547096491,0,0,0,0,0,1749.45026869327,5.78079050779343,303.5991987288,0,384.707437813282,3.09798215329647,664.003259003162,3.2040718048811,0
0,0,0,0,4.69279877841473,0,0,0,1.15829718112946,0,204.063126206398,0,0,0,0,0,28.0573745816946,11.9721023440361,220.592047765851,0,1166.66208285093,0,0,0,0,0,0,0,0,0,0.167826175689697,0,0,0,0,1.24312415719032,524.219101905823,0,222.290075138211,4.26502338051796,359.452410675585,4.35705569386482,296.16454680264,0,3.2351251989603,0,634.461428135633,0,36.8824793696404,0,51.5912653654814,0,0,0,0,0,1184.73455861211,0,0,0,0,0,0,0,0,0,0,0,0,0,0,1.39364291727543,0,122.919789135456,0,0,0,0,12.9551417827606,2606.36783449352,0,1295.89300605655,223.698054552078,9.19534099847078,761.715000584722,0.212067946791649,14.7322577089071
0,0,0,0,0,0,0,0,0,0,0,0,0,0,0,0,0,0,0,0,0,6793.12870438397,81.3478929400444,13.6705976426601,0,4.92783340811729,0,0,0,0,0,0,0,0,0,0,0,254.584932759404,0,0,0,0,0.232067048549652,0,0,0,0,57.9889484345913,0,732.497419849038,0,0,0,0,0,0,0,0,0,0,0,0,0,0,0,0,218.329285919666,0,64.3582397401333,0,1.84508442878723,0,0,0,0,0,0,0,0,0,766.206811740994,0,113.129836052656,0.386264890432358,17.4980398863554,0,0
0,0,0,0,0,0,0,0,0,0,0,0,0,0,0,0,5.96793700754642,0,0,0,0,0,6574.13964432478,0,108.82612529397,0,0,0,21.3305878639221,0,0,0,0,0,0,0,0,0,167.448609307408,0,0,0,0.297086656093597,0,0,0,0,1.01469692587852,305.606026262045,0.385360896587372,0,0,0,0,0,0,0,0,0,0,0,0,0,0,0,0,0,177.724449276924,0,26.7552807331085,0,11.8226383924484,0,0,0,0,0,0,0,0,0,356.770435705781,135.60152733326,0,16.6352534890175,0,0
0,2.38498637080193,0,0,0,0,0,0,0,0,0,0,0,0,0,0,0,27.1196338832378,0,0,0,446.535866737366,0,561.384085804224,0,57.271887332201,0,0,0,0,0,0,0,0,0,0,0,307.318199872971,0,0,0,0,0,0,0,0,0,62.0152312070131,0,170.812692865729,0,0,0,0,0,35.416482001543,0,11.2952926158905,0,0,0,2.46503792703152,0,0,218.329285919666,0,0,0,399.227194786072,0,70.7472367882729,0,0,0,0,0,0,0,0,0,415.132380232215,0,175.551674813032,0,226.266538694501,0,0
0,0,0,0,0,0,0,0,0,0,0,0,0,0,0,0,1.0900913476944,0,0,0,0,0,21.8142006099224,0,308.25101056695,0,133.858889222145,0,0,0,0,0,0,0,0,0,0,0,186.144648075104,0,0,0,0,0,0,0,0,0.440618008375168,112.125000998378,0,0,0,0,0,86.2582010030746,0,0,0,0,0,0,0,0,0,0,177.724449276924,0,0,0,23.9520705342293,0,1.29656112194061,0,0,0,0,0,0,0,0,0,42.26858279109,64.1057970523834,0,382.968653291464,0,0
0,0,0,0,0,0,0,0,0,0,0,0,0,0,0,0,0,19.2225080430508,0,0,0,15.6161060035229,0,25.7425343096256,0,17.0535943508148,0,3.62999367713928,0,0,0,0,0,0,0,0,0,0,0,0,0,0,0,0,0,0,0,0,0,29.6537725180387,0,0,0,0,0,0,0,3.72456812858582,0,0,0,0,0,0,64.3582397401333,0,399.227194786072,0,0,0,142.804858714342,0,0,0,0,0,0,0,0,0,0,0,1.79446363449097,0,11.0364969223738,0,0
0,0,0,0,0,0,0,0,0,0,0,0,0,0,0,0,0,0,0,0,0,0,0,0,96.4149197340012,0,2,0,0,0,0,0,0,0,0,0,0,0,0,0,0,0,0,0,0,0,0,0,3.6846336722374,0,0,0,0,0,5.98719167709351,0,0,0,0,0,47.020027756691,0,0,0,0,26.7552807331085,0,23.9520705342293,0,0,0,371.598937988281,0,0,0,0,0,0,0,0,0,0,0,0,0,0,0
0,0,0,0,0,0,0,0,0,0,0,0,0,0,0,0,0,0,0,0,0,11.7012286186218,0,1.96613317728043,0,0,0,773.122290194035,0,0,0,0,0,0,0,0,0,0,0,0,0,0,0,0,0,0,0,0,0,155.134806990623,0,0,0,0,0,0,0,222.606440991163,0,201.052318096161,0,0,0,0,1.84508442878723,0,70.7472367882729,0,142.804858714342,0,0,0,125.694422066212,0,0,0,0,0,0,0,195.039458543062,0,14.5061740875244,0,32.2209874838591,0,0
0,0,0.478239804506302,0,0,0,0,0,0,0,0,0,0,0,0,0,0.263796925544739,0,0.239705175161362,0,0,0,0,0,0,0,0,0,245.821947574615,0,5,0,0,0,0,0,0,0,0,0,0.203785732388496,0,19.0248887836933,0,0,0,0.296521931886673,0,71.4188761264086,0,0,0,0,0,0,0,246.616634085774,0,83.6434203386307,0,0,0,0,1.39364291727543,0,11.8226383924484,0,1.29656112194061,0,371.598937988281,0,0,0,309.127731412649,0,0,0,0,0,0,0,365.854839459062,50.4036487340927,0,33.2623333781958,0,0.900586783885956
0,0,0,49.4929404854774,0,1.38489447534084,0,0,0,0,0,10.3488252162933,0,0,0,0,0.524685204029083,0,255.318247899413,3.04951870441437,0,0,0,0,0,0,0,467.069602161646,0,583.604530215263,0,0,0,0,0,3.99974408745766,0.194491863250732,31.5414695739746,0,24.6426227986813,0,1054.04042188823,0.214759320020676,16.425640642643,0,183.894477419555,0.166812613606453,0.325527340173721,0,55.0307193696499,0,0,0,0,0,0,0.198453813791275,178.327696919441,0,0,0,0,58.4934547096491,0,0,0,0,0,0,0,125.694422066212,0,0,0,0,0,0,0,12.2237074673176,5.02816762030125,64.9350514858961,0.160264149308205,54.530780389905,10.1543729603291,482.781629189849,89.899472489953,0
0.280801564455032,0,21.2258858978748,0,3.31084525585175,0,0,0,1.43474233150482,0,28.1939407587051,0,0,0,0,0,14.0651598125696,2.03309540450573,143.684068910778,0,5.52865393459797,0,0,0,0,0,0,0,0,0,219.955726236105,0,0,0,0,0,4.04936307668686,0,17.833772778511,1.44157107174397,37.2354755848646,0.995066523551941,1079.4483025521,0,1.35970318317413,0,23.4464206397533,0,12.6577834635973,0,0,0,0,0,0,0,550.923622071743,0,0.796901226043701,0,0,0,0,122.919789135456,0,0,0,0,0,0,0,309.127731412649,0,0,0,0,0,0,2.50837302207947,52.4167194291949,0.64101830124855,343.125065334141,176.631021261215,4.09216105937958,854.659136340022,2.57207751274109,266.208334341645
0,0,0,0,0,0,0,0,0,0,0,0,0,0,0,0,0,0,0,0,0,0,0,0,0,0,0,0,0,0,0,1589.04668466747,370.534678846598,77.390878111124,0.276229590177536,151.521739594638,7.08019968867302,0,0,0,0,0,0,0,0,0,0,4118.9171333611,79.6079386472702,12.3480064272881,0,0,0,0,0,0,0,0,0,0,0,0,0,0,0,0,0,0,0,0,0,0,0,0,0,152.091521531343,239.908593550324,0.262139439582825,310.039577238262,17.2800728976727,0,0,1068.3757917285,0,0,0,0
0,0,0,0,0,0,0,0,0,0,0,0,0,0,0,0,0,0,0,0,0,0,0,0,0,0,0,0,0,0,0,709.499544963241,3058.74761348963,133.488093703985,107.123834520578,3.57697108387947,26.3999289870262,0,0,0,0,0,0,0,0,0,0,2602.6060025245,0,0,0,0,0,0,0,0,0,0,0,0,0,0,0,0,0,0,0,0,0,0,0,0,0,0,152.091521531343,0,30.3847825527191,199.29833766818,11.703835695982,390.531116753817,0,0,80.2858957797289,0,0,0,0
0,0,0,0,0,0,0,0,0,0,0,0,0,0,0,0,0,0,0,0,0,0,0,0,0,0,0,0,0,0,0,52.1727476865053,8.72888097167015,2177.31799954176,506.851543724537,149.824819475412,0,36.5793015360832,0,0,0,0,0.28791880607605,0,0,0,0,1069.25715120137,77.3809030950069,5.47823312878609,0,0,0,0,0,0,0,0,0,0,0,0,0,0,0,0,0,0,0,0,0,0,0,0,239.908593550324,30.3847825527191,0,167.347731590271,176.716203913093,2.2082679271698,87.0826432108879,0,520.827398374677,57.5721950531006,0,0,0
0,0,0,0,0,0,0,0,0,0,0,0,0,0,0,0,0,0,0,0,0,0,0,0,0,0,0,0,0,0,0,0.337240248918533,35.4199071675539,1747.24768278003,1760.02286458015,0,77.7360578924417,0,275.192714482546,0,0,0,0,0,0,0,0,404.963258087635,0,0,0,0,0,0,0,0,0,0,0,0,0,0,0,0,0,0,0,0,0,0,0,0,0,0,0.262139439582825,199.29833766818,167.347731590271,0,3.60079848766327,364.854007363319,0,337.532355129719,292.167381823063,0,0,0,0
0,0.563617676496506,0,3.67646572738886,0,42.3018607199192,0,0,0,0,0,104.717116117477,0,0,0,0,57.2124319523573,48.6079325377941,2031.28029560298,321.704992681742,0,0,0,0,0,0,0,0,0,0,0,231.917145729065,4.68256908655167,127.36706982553,2.8142691552639,17432.5945237204,671.076684743166,1442.81690084189,1.76499032974243,446.395732142031,6.96037491410971,1118.76856657863,19.3782927319407,6.99671645462513,0,1842.89040612802,34.9759696871042,490.560421079397,36.6632173955441,119.950286209583,0,0,0,0,0,0,0.744228199124336,9.92543981969357,0,0,0,0,1749.45026869327,12.9551417827606,0,0,0,0,0,0,0,0,12.2237074673176,2.50837302207947,310.039577238262,11.703835695982,176.716203913093,3.60079848766327,0,158.284326463938,1917.4965113923,19.6597912013531,2476.02130191028,100.787006497383,955.381635345519,125.936822764575,0.870016694068909
9.09040832519531,0,0.663012742996216,0,5.78378868103027,0,0,0,0,0,392.769779339433,0,0,0,0,0,171.681002944708,59.1928681135178,1776.5633058846,0,530.881028905511,0,0,0,0,0,0,0,0,0,0,23.5320705771446,587.400927722454,0.290928184986115,287.017975926399,358.411554425955,15755.5990078449,0,1579.74397739768,28.1379351392388,471.101672112942,20.8172886446118,1587.2084172368,0,19.1870553418994,3.27813673764467,1781.42060745507,952.217899538577,404.689216993749,2.24011582136154,24.0534637272358,0,0,0,0,0,133.029365964234,0.845184564590454,0.62633341550827,0,0,0,5.78079050779343,2606.36783449352,0,0,0,0,0,0,0,0,5.02816762030125,52.4167194291949,17.2800728976727,390.531116753817,2.2082679271698,364.854007363319,158.284326463938,0,9.76436322927475,2695.65989538282,3259.7300869301,168.072844542563,1637.52870709449,1.42375855147839,176.130387857556
0,0,0,6.94177955389023,0,0.26683247089386,0,0,0,47.5274205356836,0,410.017045587301,0,0,0,0,8.70822012424469,9.95781765878201,686.760642915964,316.131915092468,0,841.624164491892,0,125.853004425764,0,0,0,58.7878351211548,0,90.0042699575424,0,0,0,49.0783998370171,0,368.996552482247,0.381663531064987,10988.9651995897,1,61.706113062799,0,238.900174975395,5.397352039814,30.2682245075703,0,682.343085497618,5.89405809342861,528.955043137074,0.294767469167709,95.7632492929697,0,0,0,0,0,20.3555608391762,1.3189685344696,34.2640067562461,0,0,0,0,303.5991987288,0,766.206811740994,0,415.132380232215,0,0,0,195.039458543062,0,64.9350514858961,0.64101830124855,0,0,87.0826432108879,0,1917.4965113923,9.76436322927475,0,0.900154173374176,504.823861859739,31.9673885554075,580.933114424348,150.492255702615,0.156083971261978
0.181044548749924,0,4.2308032810688,0,0,0,0,0,20.447742164135,0,269.712640821934,0,0,0,0,0,83.8670487105846,27.7023447751999,693.853890806437,0,98.9159436821938,0,149.397044181824,0,176.178233772516,0,0,0,2.40243172645569,0,179.068539500237,0,0,1.01933020353317,298.318753153086,5.52758567035198,677.621853761375,79.0996125340462,9966.55116719007,5.2373875528574,58.9408624619246,7.86063519120216,474.984477579594,0,13.2047431766987,0,389.867311529815,0.213806554675102,370.2795573771,1.85962355136871,0.983099460601807,0,0,0,202.68196567893,0,63.9875952601433,0,0,0,0,0,0,1295.89300605655,0,356.770435705781,0,42.26858279109,0,0,0,365.854839459062,0.160264149308205,343.125065334141,0,0,0,337.532355129719,19.6597912013531,2695.65989538282,0.900154173374176,0,1337.90071374923,94.8046384677291,544.667651005089,1.2204537242651,387.205175623298
