0,0,3.72029622395833,0,0,0,0,0,6.30213381129851,0,0,0,0,0,0,0,8.24474518334688,0,10.2571521316256,0,0,0,0,0,0,0,0,0,0,0,0,0,0,0,0,0,0,0,0,0,0,0,18.1812882923409,0,0,0,21.2636156082153,0,6.81728627375507,0,0,0,0,0,4.08907005472838,0,16.5051164627075,0,0,0,4.49382908389253,0,0,0,0,0,0,9.6254727045695,0,0,0,0,0,0,0,0,0,0,0,0,0,0,6.98153035830607,0,12.9709727788401,0,0
0,0,0,8.39547230215634,0,16.4442739486694,0,0,0,7.74907647814583,0,0,0,0,0,0,0,14.1315977152656,11.0456975502304,0,0,0,0,0,0,0,0,0,0,0,0,0,0,0,0,0,0,0,0,32.7728462219238,0,14.9281399474593,0,0,0,18.74121597835,0,0,0,5.82230592208353,0,0,0,0,0,5.33811108453977,0,19.1247601142296,0,0,0,4.61867734523135,0,0,0,0,4.5123529289708,0,3.72716382571629,0,0,0,0,0,0,0,0,0,31.2152628898621,0,0,0,7.74607798907222,0,7.88807599067688,18.5240516662598,0
3.72029622395833,0,0,0,8.86285539813664,0,0,0,10.5778710184426,0,0,0,0,0,0,0,47.5707944234212,59.1990509033203,38.5792582585261,0,0,0,0,0,0,0,0,0,0,0,0,0,0,0,0,0,20.0190943640632,0,0,62.9742965698242,34.9382443147547,0,26.6268042026422,0,0,0,20.9872278467814,0,29.4878691832225,0,6.00950491428375,0,0,0,8.69616544246674,0,23.3493576049805,0,0,0,2.78002047538757,0,0,31.1401739681468,0,0,0,0,0,0,0,0,0,0,0,0,0,0,0,36.7189061045647,0,0,24.4532383510045,0,18.6270098757521,0,18.6959383249283
0,8.39547230215634,0,0,0,7.3905472501119,0,0,0,9.35187222276415,0,0,0,0,0,0,65.1565437316895,46.5056571960449,27.6836520603725,3.3807315826416,0,0,0,0,0,0,0,0,0,0,0,0,0,0,0,17.6278600389995,0,0,0,35.5241818564279,0,24.4768342596513,0,20.7635917663574,0,19.9851978123188,72.7269592285156,30.6382579803467,28.797652721405,13.1307744432837,0,5.68395831187566,0,0,0,0,0,22.3689848170223,0,0,0,0,17.4760010507372,0,0,0,0,0,0,0,0,0,0,0,0,0,0,0,23.140683713949,0,0,0,23.2374895736215,0,14.5050304920672,19.8693194525582,0
0,0,8.86285539813664,0,0,0,0,0,10.246972152165,0,0,0,0,0,0,0,69.2063446044922,0,38.7628746032715,0,4.13162258955149,0,0,0,0,0,0,0,0,0,0,0,0,0,0,0,0,0,0,0,48.3395779927572,0,33.6484016107053,0,21.3063936233521,0,25.5780293464661,0,33.6637620925903,0,4.8298708597819,0,0,0,0,0,31.354941368103,0,0,0,4.79617500305176,0,0,11.7380044636903,0,0,0,0,0,0,0,0,0,0,0,0,0,0,0,40.8985485076904,0,0,25.8510309366079,0,21.4544250211626,0,29.4394264221191
0,16.4442739486694,0,7.3905472501119,0,0,0,4.26456361550551,0,12.0927750987391,0,0,0,0,0,4.81780157089233,0,56.4076881408691,16.679012298584,4.04965730813833,0,0,0,0,0,0,0,0,0,0,0,0,0,0,0,0,0,0,0,40.9079432487488,0,29.7019371676755,0,0,0,25.0188252925873,0,0,32.0264701843262,28.0531532353368,0,4.21790754089694,0,3.82538876750252,0,21.3032779693604,0,22.7884186466535,0,6.11985794703166,0,4.38743584685855,8.47773747217088,0,0,0,0,0,0,0,0,0,0,0,0,0,0,0,41.4018759727478,0,0,0,8.99487320149793,0,22.4290892634281,25.7538644350492,0
0,0,0,0,0,0,0,0,0,0,3.69729626178741,0,2.94478392601013,0,0,0,0,0,0,0,5.28598785400391,0,0,0,0,0,0,0,0,0,0,0,0,0,0,0,0,0,0,0,0,0,0,0,0,0,0,0,0,0,0,0,3.12753719753689,0,0,0,2.89252827848707,0,2.73466658592224,0,0,0,0,0,0,0,0,0,0,0,0,0,0,0,0,0,0,0,0,0,0,0,2.95749751726786,0,0,0,0
0,0,0,0,0,4.26456361550551,0,0,0,0,0,3.95384135739557,0,0,0,0,0,0,0,3.77494738101959,0,0,0,0,0,0,0,0,0,0,0,0,0,0,0,0,0,0,0,0,0,0,0,0,0,0,0,0,0,0,0,4.17372922677743,0,3.71601799425453,0,0,0,8.16639434513838,0,5.70968224435644,0,0,4.87048611769805,0,0,0,0,0,0,0,0,0,0,0,0,0,0,0,0,0,0,0,3.18295678535065,3.06852865219116,0,0,0
6.30213381129851,0,10.5778710184426,0,10.246972152165,0,0,0,0,0,0,0,0,0,3.35999021530151,0,6.12912173081611,47.2667226791382,10.8699432719838,0,0,0,18.3460731506348,0,3.42723673040217,0,3.20133197825888,0,0,0,0,0,0,0,0,0,0,0,0,0,43.65398534139,0,32.4254100358847,0,0,0,31.8278956413269,0,10.7483570912746,0,0,0,0,0,6.84974815848042,0,0,0,0,0,3.35246469860985,0,0,28.1669654846191,0,0,0,5.12545566331773,0,3.83363835789875,0,0,0,0,0,0,0,0,90.4150695800781,41.6608779009651,0,0,7.2714192019803,0,18.8922714711933,0,25.1180936495463
0,7.74907647814583,0,9.35187222276415,0,12.0927750987391,0,0,0,0,0,0,0,0,0,6.50199085137377,38.3937270793509,7.68095215457877,23.2549855444166,0,0,0,0,6.16056025028229,0,0,0,0,0,0,0,0,0,16.8912659751044,0,0,0,7.24146588122258,0,32.5675239562988,0,27.4997550763225,75.3895492553711,0,0,21.3764781951904,0,18.3585297266642,0,10.019753769501,0,0,0,0,0,6.83031134258697,0,30.4049169100248,0,0,0,6.11869719624519,0,0,0,0,7.55569096172557,0,0,0,0,0,0,0,0,0,0,0,35.3008581542969,96.6818313598633,8.90057887836378,0,8.77801340881753,0,15.465649916144,22.762246131897,0
0,0,0,0,0,0,3.69729626178741,0,0,0,0,0,3.24269094082785,0,0,0,0,0,0,0,3.61509831343413,0,0,0,0,0,0,0,3.2049968848463,0,3.20721009799412,0,0,0,0,0,3.6848459434048,0,3.87532263503799,0,0,0,0,0,0,0,0,0,0,0,0,0,5.33062589168549,0,0,0,3.54192771025107,0,3.47716550592341,0,0,0,0,3.88183215336922,0,0,0,0,0,0,0,3.75223230671238,0,4.26775680541992,0,0,0,0,0,4.05882622329483,0,6.26534465469477,3.73021339209734,3.75624456479377,0,0,0
0,0,0,0,0,0,0,3.95384135739557,0,0,0,0,0,3.97488297789833,0,0,0,0,0,4.08712294137249,0,0,0,0,0,0,0,4.97822614192963,0,4.58807975431032,0,0,0,0,0,4.02424508750818,0,4.37839245297099,0,0,0,0,0,0,0,0,0,0,0,0,0,0,0,0,0,0,0,3.8074181716528,0,4.21841423922572,0,0,4.47317746106316,0,0,0,0,0,0,0,4.08810952215484,0,5.68248693148295,0,0,0,0,0,4.79189011670541,0,4.47094727868326,0,3.38659844867331,0,5.04932022094727,0,0
0,0,0,0,0,0,2.94478392601013,0,0,0,3.24269094082785,0,0,0,2.74991798400879,0,0,0,0,0,0,0,0,0,0,0,0,0,0,0,3.58746004104614,0,0,0,0,0,0,0,0,0,0,0,0,0,0,0,0,0,0,0,0,0,0,0,0,0,4.20512747764587,0,4.5417391698779,0,0,0,0,0,0,0,0,0,0,0,0,0,0,0,0,0,0,0,0,0,0,0,3.05502223968506,2.94412541389465,0,0,0
0,0,0,0,0,0,0,0,0,0,0,3.97488297789833,0,0,0,3.59053766079571,0,5.82327808033336,0,0,0,0,0,0,0,4.12217041424343,0,4.09443709905757,0,3.948416526501,0,0,0,0,0,0,0,0,0,0,0,0,0,0,0,0,0,0,0,0,0,0,0,0,0,0,0,4.22629780027601,0,4.13954834557647,0,3.37081608154791,0,0,0,0,0,0,0,0,4.27371819814046,0,0,0,0,0,0,0,0,0,0,0,4.25270026984968,3.71306282769209,0,0,0
0,0,0,0,0,0,0,0,3.35999021530151,0,0,0,2.74991798400879,0,0,0,4.37058487829271,0,0,0,0,0,0,0,0,0,0,0,0,0,0,0,0,0,0,0,0,0,0,0,0,0,0,0,0,0,0,0,0,0,0,0,0,0,6.70506711602211,0,0,0,2.9267384324755,0,3.12585516770681,0,0,0,0,0,0,0,0,3.05407122943712,0,0,0,0,0,0,0,0,0,0,0,0,3.9681604044778,0,0,0,0
0,0,0,0,0,4.81780157089233,0,0,0,6.50199085137377,0,0,0,3.59053766079571,0,0,39.9735369001116,5.66607300813542,28.788646697998,0,0,0,0,2.75203728675842,0,6.32603605218636,0,4.68996324638526,0,0,0,0,0,0,0,0,0,0,0,0,0,0,0,0,0,0,0,0,0,0,0,0,0,0,0,7.58655788657371,0,0,0,0,0,3.5548572063446,0,0,0,0,0,0,3.14392590522766,0,0,0,0,0,0,0,0,0,0,0,0,0,6.1532362377157,2.88525005687367,0,0,0
8.24474518334688,0,47.5707944234212,65.1565437316895,69.2063446044922,0,0,0,6.12912173081611,38.3937270793509,0,0,0,0,4.37058487829271,39.9735369001116,0,21.1549382503415,17.5166119151458,0,0,30.4799180030823,10.1898211362975,0,0,34.6605327129364,8.94502913252471,0,0,0,0,0,0,0,0,0,0,0,0,69.1833624689834,55.7276542744738,57.441573809802,43.2086993494034,59.2000179290771,41.2049104902479,61.6863683553842,48.9874556785406,0,54.4660625457764,67.4454561869303,0,0,0,0,10.3764612552447,38.2579750838103,36.9406510761806,61.7980949000308,0,0,0,47.6175155639648,69.1618881225586,60.4779031276703,16.6522693634033,9.60051048343832,0,0,38.0497436523438,15.9289495199919,0,0,0,0,0,0,0,0,72.8407770010141,58.1760852868608,0,0,13.1320203707331,4.88251103878021,45.1754468267663,52.8249156475067,39.5533901675717
0,14.1315977152656,59.1990509033203,46.5056571960449,0,56.4076881408691,0,0,47.2667226791382,7.68095215457877,0,0,0,5.82327808033336,0,5.66607300813542,21.1549382503415,0,17.9950901189149,0,0,12.32688624036,25.2693601058701,0,0,5.15354352476054,32.6989619987352,3.60148600548033,0,0,0,0,0,0,0,0,0,0,0,57.8653840320074,67.0726003504511,45.1878669676947,57.6195595308861,41.8648038403741,52.5459442138672,49.4882418001202,58.4872678381498,0,0,56.3861885070801,0,0,0,0,40.5373881657918,7.61383701573404,41.8238983154297,41.8111005056472,0,7.22125554084778,0,5.90849966612019,59.8396830558777,67.489677247547,12.6165562128199,29.4333205223083,0,0,4.04952415360345,29.0232543945312,2.97036645734632,0,0,0,0,0,0,0,60.9347214136368,65.792481088019,0,0,11.1088208618811,4.23121491452338,45.5175867827696,40.1233622368346,51.9138446220985
10.2571521316256,11.0456975502304,38.5792582585261,27.6836520603725,38.7628746032715,16.679012298584,0,0,10.8699432719838,23.2549855444166,0,0,0,0,0,28.788646697998,17.5166119151458,17.9950901189149,0,0,0,0,45.7368431091309,0,0,0,42.393984079361,0,0,0,0,0,0,0,0,54.0276126861572,53.0536041259766,0,0,44.3944115262463,43.2589810073376,33.4096290409117,34.6713204633604,26.2563669681549,29.4341144859791,33.2873171703823,34.2116314540137,0,12.5476948950026,13.5799303568327,0,0,0,0,0,16.7986574172974,32.6487301826477,37.8521246702775,0,0,0,40.0832252502441,48.8319519890679,48.3544238396133,42.1072616577148,46.6520156860352,0,0,0,0,0,0,0,0,0,0,0,0,42.2759568029406,43.8605599061312,0,0,19.6151311203305,0,37.0859742390549,34.3932038670156,29.5158357646154
0,0,0,3.3807315826416,0,4.04965730813833,0,3.77494738101959,0,0,0,4.08712294137249,0,0,0,0,0,0,0,0,0,0,0,0,0,0,0,0,0,0,0,0,0,0,0,3.98223639709458,0,4.99237567628235,0,0,0,0,0,0,0,19.1883211135864,0,0,0,0,0,0,0,9.70484574635824,0,0,0,10.8522414572827,0,0,0,0,3.99127995321903,0,0,0,0,0,0,0,0,0,0,0,0,0,0,0,4.12908310128068,0,4.33287540771676,0,8.02777855193361,0,4.2786442911698,0,0
0,0,0,0,4.13162258955149,0,5.28598785400391,0,0,0,3.61509831343413,0,0,0,0,0,0,0,0,0,0,0,0,0,0,0,0,0,0,0,0,0,0,0,0,0,4.0672805348922,0,4.00567802202584,0,0,0,0,0,0,0,19.923703511556,0,0,0,0,0,0,0,0,0,3.72509966350277,0,0,0,0,0,0,5.25342378270535,0,0,0,0,0,0,0,0,0,0,0,0,0,0,0,4.75864607906053,0,4.18682560972545,11.7024699270725,0,4.72183020548387,0,0
0,0,0,0,0,0,0,0,0,0,0,0,0,0,0,0,30.4799180030823,12.32688624036,0,0,0,0,4.72957703162884,5.05061991735436,8.85163386662801,3.04560438243822,0,3.11979893395598,0,0,0,0,0,0,0,0,0,4.11040974143368,6.94789663950602,75.1823196411133,0,0,0,0,0,0,0,0,0,0,0,0,0,0,0,0,0,0,0,0,0,0,0,0,3.96877103730723,7.99223090353466,4.77510061630836,0,3.08463333356075,0,3.31711621717973,0,0,0,0,0,12.5661694208781,0,0,0,4.6776803657355,7.17410564422607,4.62380752279911,5.70799493789673,0,0,0
0,0,0,0,0,0,0,0,18.3460731506348,0,0,0,0,0,0,0,10.1898211362975,25.2693601058701,45.7368431091309,0,0,4.72957703162884,0,0,4.66704601210517,0,4.05071135910078,0,3.48968149949369,0,0,0,0,0,0,0,0,3.44596250851949,3.56116588092406,0,0,0,0,0,0,0,0,0,4.41304745674133,0,0,0,0,0,0,38.9288330078125,0,0,0,0,0,0,0,0,4.85964333128046,4.09796104544685,0,4.19377780378911,0,3.35568505014692,0,3.82560006730697,0,0,0,0,0,0,0,0,0,4.19354498165253,4.67379176708604,5.43799459934235,62.0404319763184,0,0
0,0,0,0,0,0,0,0,0,6.16056025028229,0,0,0,0,0,2.75203728675842,0,0,0,0,0,5.05061991735436,0,0,0,5.11765968616192,0,0,0,0,0,0,0,19.450688680013,0,0,0,5.85193638234761,26.5523815155029,0,0,0,0,0,0,0,0,14.5507008047665,0,5.74271668706621,0,0,0,0,0,3.87222918868065,0,0,0,0,0,7.58107948303223,0,0,8.84533929824829,0,5.32833051859443,0,5.21320126909728,0,0,0,0,0,0,0,0,0,0,0,6.20764982827166,0,4.00486571341753,0,4.36320689641512,0,0
0,0,0,0,0,0,0,0,3.42723673040217,0,0,0,0,0,0,0,0,0,0,0,0,8.85163386662801,4.66704601210517,0,0,0,3.1958354735861,0,0,0,0,0,0,0,0,0,0,0,4.08973737439566,0,0,0,0,0,0,0,0,0,5.53339958190918,0,0,0,0,0,5.45120790600777,0,0,0,0,0,0,0,0,0,0,7.08239585161209,0,4.14226295522877,0,2.92917850812276,0,0,0,0,0,0,0,0,0,0,0,4.10812918317443,4.61325599948565,0,5.45894285406058,0,0
0,0,0,0,0,0,0,0,0,0,0,0,0,4.12217041424343,0,6.32603605218636,34.6605327129364,5.15354352476054,0,0,0,3.04560438243822,0,5.11765968616192,0,0,32.5633716583252,3.39139684041341,0,0,0,0,0,0,0,0,0,0,0,0,0,0,0,0,0,0,0,0,0,0,0,0,0,0,0,4.65447550866662,0,0,0,5.3999832868576,0,6.34721086614875,0,0,3.73431824815684,0,3.02327876431601,0,3.46238114353683,0,3.17662880587023,0,0,0,0,0,0,0,0,0,0,0,5.3476473974145,0,0,0,0
0,0,0,0,0,0,0,0,3.20133197825888,0,0,0,0,0,0,0,8.94502913252471,32.6989619987352,42.393984079361,0,0,0,4.05071135910078,0,3.1958354735861,32.5633716583252,0,0,2.84007918834686,0,0,0,0,0,0,0,0,0,0,64.7352333068848,84.0965792338053,0,41.5664482116699,44.2308540344238,0,0,67.780148824056,0,0,0,0,0,0,0,3.52623394402591,38.2569551467896,0,0,0,0,0,0,0,0,0,3.66891483406522,0,13.2785081863403,0,3.00205980970504,0,0,0,0,0,0,0,0,0,0,0,0,9.54078405294845,0,63.7146523793538,0,0
0,0,0,0,0,0,0,0,0,0,0,4.97822614192963,0,4.09443709905757,0,4.68996324638526,0,3.60148600548033,0,0,0,3.11979893395598,0,0,0,3.39139684041341,0,0,0,3.47479470341476,0,0,0,0,0,0,0,3.62146515584098,0,0,0,0,0,0,0,0,0,0,0,0,0,0,0,0,0,0,0,5.23544025421143,0,3.80457536243811,0,4.02330366770426,0,0,3.74689645290375,0,0,0,3.19622770945231,0,4.21187559975449,0,3.43889186505918,0,0,0,0,0,0,0,3.98310896881083,0,3.63493683420379,5.40167922358359,0,0,0
0,0,0,0,0,0,0,0,0,0,3.2049968848463,0,0,0,0,0,0,0,0,0,0,0,3.48968149949369,0,0,0,2.84007918834686,0,0,0,3.15860307230237,0,0,0,0,0,0,0,3.27984806586956,0,0,0,0,0,0,0,0,0,0,0,0,0,0,0,0,0,0,0,0,0,0,0,0,0,0,3.95644131440383,0,0,0,2.9884475602044,0,3.74791619437081,0,5.82871449476964,0,0,0,0,0,0,0,5.75340384741624,2.95293855667114,0,0,0,0
0,0,0,0,0,0,0,0,0,0,0,4.58807975431032,0,3.948416526501,0,0,0,0,0,0,0,0,0,0,0,0,0,3.47479470341476,0,0,0,0,0,0,0,0,0,3.48205781289619,0,0,0,0,0,0,0,0,0,0,0,0,0,0,0,0,0,0,0,4.37811980122014,0,4.44567879041036,0,0,0,0,0,0,0,0,0,0,3.73058502068595,0,4.12511112184796,0,0,0,0,0,0,0,4.4321585521102,0,4.97488454797051,2.72665492693583,0,0,0
0,0,0,0,0,0,0,0,0,0,3.20721009799412,0,3.58746004104614,0,0,0,0,0,0,0,0,0,0,0,0,0,0,0,3.15860307230237,0,0,0,0,0,0,0,0,0,3.56065674596814,0,0,0,0,0,0,0,0,0,0,0,0,0,0,0,0,0,0,0,0,0,0,0,0,0,0,0,0,0,0,0,0,3.20571998187474,0,4.0375712200587,0,0,0,0,0,0,0,3.74214393024188,2.91390781402588,0,0,0,0
0,0,0,0,0,0,0,0,0,0,0,0,0,0,0,0,0,0,0,0,0,0,0,0,0,0,0,0,0,0,0,0,4.46109173117682,5.88883109481967,5.44306454425905,3.40787438067748,3.34319407410092,0,0,0,0,0,0,0,0,0,0,5.4366149247993,0,0,0,0,0,0,0,0,0,0,0,0,0,0,0,0,0,0,0,0,0,0,0,0,0,0,7.18432198837703,5.09378937016363,7.58991198931167,3.37040420940944,4.33556847098173,0,0,0,3.8126343551435,0,0,0,0
0,0,0,0,0,0,0,0,0,0,0,0,0,0,0,0,0,0,0,0,0,0,0,0,0,0,0,0,0,0,0,4.46109173117682,0,4.21666545745654,0,2.89208561182022,3.59038229197101,0,0,0,0,0,0,0,0,0,0,4.32942643290463,0,0,0,0,0,0,0,0,0,0,0,0,0,0,0,0,0,0,0,0,0,0,0,0,0,0,9.24259949091709,4.02005385492266,8.20812702178955,6.54542551040649,7.41522097587585,4.30217358067786,0,0,3.32029486957349,0,0,0,0
0,0,0,0,0,0,0,0,0,16.8912659751044,0,0,0,0,0,0,0,0,0,0,0,0,0,19.450688680013,0,0,0,0,0,0,0,5.88883109481967,4.21666545745654,0,4.04916332260245,3.19213826277039,0,4.7826215114097,3.55761468196344,0,0,18.703556060791,0,0,0,0,0,4.84850096232539,9.45522499084473,0,0,0,0,0,0,0,0,0,0,0,0,0,0,0,0,0,15.9471271514893,0,0,0,0,0,0,0,6.51416834195455,5.05452513694763,4.90426758992798,3.68220951165812,4.23982693765547,0,4.79138156230633,7.63684802055359,5.80953775574179,0,17.8639588885837,0,0
0,0,0,0,0,0,0,0,0,0,0,0,0,0,0,0,0,0,0,0,0,0,0,0,0,0,0,0,0,0,0,5.44306454425905,0,4.04916332260245,0,0,3.66316639510068,4.75775563716888,5.82927899629297,0,0,0,17.8146965026855,0,0,0,0,4.26795079119977,0,0,0,0,0,0,0,0,0,0,0,0,0,0,0,0,0,0,0,0,0,0,0,0,0,0,0,0,4.93024331500584,4.06474112320273,0,4.39633078126346,10.4281128644943,5.17676815063723,5.6007882162582,0,16.2102123896281,0,0
0,0,0,17.6278600389995,0,0,0,0,0,0,0,4.02424508750818,0,0,0,0,0,0,54.0276126861572,3.98223639709458,0,0,0,0,0,0,0,0,0,0,0,3.40787438067748,2.89208561182022,3.19213826277039,0,0,3.40221804020828,5.6116047358404,9.43053356806437,23.7505267063777,0,32.8069489796956,0,15.9514245986938,0,21.7632768553704,0,5.40094587220086,0,20.2344497416141,0,0,0,0,0,0,0,7.4165236701568,0,0,0,0,6.53434577382391,0,0,0,0,0,0,0,0,0,0,0,4.02977465868748,0,3.51038529367158,0,5.51921439228206,3.4329698155908,5.84897036061567,0,4.44116413097397,2.96479650104747,20.0874918555205,31.7463417053223,0
0,0,20.0190943640632,0,0,0,0,0,0,0,3.6848459434048,0,0,0,0,0,0,0,53.0536041259766,0,4.0672805348922,0,0,0,0,0,0,0,0,0,0,3.34319407410092,3.59038229197101,0,3.66316639510068,3.40221804020828,0,6.26864036917686,4.42596254162918,0,7.08203196134724,0,25.9678421020508,0,0,0,26.0143526384566,3.76521645522699,19.7267868041992,0,0,0,0,0,0,0,4.65166035835737,0,0,0,0,0,0,8.26390372451501,0,0,0,0,0,0,0,0,0,0,5.78364638721242,3.54834277441006,0,6.1970471391138,3.86008895101329,5.52770481734135,0,6.02079021399968,4.62544310974685,2.96843118698169,20.5043629657723,0,38.3498954772949
0,0,0,0,0,0,0,0,0,7.24146588122258,0,4.37839245297099,0,0,0,0,0,0,0,4.99237567628235,0,4.11040974143368,3.44596250851949,5.85193638234761,0,0,0,3.62146515584098,0,3.48205781289619,0,0,0,4.7826215114097,4.75775563716888,5.6116047358404,6.26864036917686,0,4.87364360894866,0,0,11.7027501106262,0,0,0,0,0,7.47162428990251,22.2009406089783,6.70050225465864,0,0,0,0,0,0,0,5.37073897441034,0,0,0,18.783712387085,5.34938774340683,0,5.03625037109151,0,6.36295436316238,0,0,0,3.6825252188013,0,4.85839323598053,0,0,0,5.69282264612159,0,7.45630339678187,8.18427385602679,4.63077756808406,6.98106030845642,4.28845253624058,0,6.04159935125818,0,0
0,0,0,0,0,0,0,0,0,0,3.87532263503799,0,0,0,0,0,0,0,0,0,4.00567802202584,6.94789663950602,3.56116588092406,26.5523815155029,4.08973737439566,0,0,0,3.27984806586956,0,3.56065674596814,0,0,3.55761468196344,5.82927899629297,9.43053356806437,4.42596254162918,4.87364360894866,0,0,0,0,9.86415768832695,0,0,0,14.6809463500977,8.69634336536214,6.92833908214125,0,0,0,0,0,6.80309666527642,0,4.13171376364942,0,0,0,0,0,0,11.7440193610532,7.19158840179443,3.94624913565003,0,5.02964448444383,0,0,0,3.52553361654282,0,4.21712580137846,0,0,4.93545679526754,6.68923994067876,0,8.13560675742046,10.8471543243953,4.82361103456396,5.29395071120565,3.63389186348234,6.07602380364752,0,0
0,32.7728462219238,62.9742965698242,35.5241818564279,0,40.9079432487488,0,0,0,32.5675239562988,0,0,0,0,0,0,69.1833624689834,57.8653840320074,44.3944115262463,0,0,75.1823196411133,0,0,0,0,64.7352333068848,0,0,0,0,0,0,0,0,23.7505267063777,0,0,0,0,70.4976348876953,18.5737780554945,64.8727917671204,21.8128323387681,0,18.1949898748641,69.3167379042682,0,43.097282409668,17.170839703083,0,0,0,0,0,0,0,41.722670991542,0,0,0,0,12.5330382080542,0,0,0,0,0,0,0,0,0,0,0,0,0,0,0,15.3730208126661,86.5431872776577,3.15483101209005,0,39.5614721632977,0,14.3172746511259,29.4624597984448,0
0,0,34.9382443147547,0,48.3395779927572,0,0,0,43.65398534139,0,0,0,0,0,0,0,55.7276542744738,67.0726003504511,43.2589810073376,0,0,0,0,0,0,0,84.0965792338053,0,0,0,0,0,0,0,0,0,7.08203196134724,0,0,70.4976348876953,0,69.5164041519165,17.9004867582038,0,26.5869203295027,61.5664367675781,9.56914777812999,0,12.9573880530692,0,0,0,0,0,0,0,54.1532635688782,93.3113555908203,0,0,0,0,0,11.6190492166347,0,0,0,0,0,0,0,0,0,0,0,0,0,0,81.4914154052734,17.6159180501647,0,0,36.6069153118552,0,14.7851141563258,85.5638208389282,34.3876082102458
0,14.9281399474593,0,24.4768342596513,0,29.7019371676755,0,0,0,27.4997550763225,0,0,0,0,0,0,57.441573809802,45.1878669676947,33.4096290409117,0,0,0,0,0,0,0,0,0,0,0,0,0,0,18.703556060791,0,32.8069489796956,0,11.7027501106262,0,18.5737780554945,69.5164041519165,0,16.5747949749651,12.2055879701268,0,32.8335640967647,66.0313197771708,17.9332365989685,41.9787273406982,15.5735171182233,0,0,0,0,0,6.1050386428833,0,15.0433107538663,0,0,0,20.2574692478886,18.501749683112,81.8271522521973,71.7137451171875,76.67822265625,0,0,0,0,0,0,4.58092297613621,0,0,0,0,0,22.7158374079487,74.414003718983,5.86257257181055,0,20.9284573535903,0,14.4561218547091,8.59242281336693,68.9510108947754
18.1812882923409,0,26.6268042026422,0,33.6484016107053,0,0,0,32.4254100358847,75.3895492553711,0,0,0,0,0,0,43.2086993494034,57.6195595308861,34.6713204633604,0,0,0,0,0,0,0,41.5664482116699,0,0,0,0,0,0,0,17.8146965026855,0,25.9678421020508,0,9.86415768832695,64.8727917671204,17.9004867582038,16.5747949749651,0,76.2782688140869,9.22798894047737,78.9530410766602,24.1964880737041,10.5280184494822,17.821166853255,49.5741386413574,0,0,0,0,26.6671264966329,0,20.1876922868053,70.3146629333496,0,0,0,0,65.8173522949219,23.1321040088444,0,0,0,0,0,0,0,0,0,0,0,0,0,18.8632122039795,72.7439575195312,25.3738489460083,0,12.182517187936,24.836928340605,0,16.97728794393,54.2423922220866,9.19317899011586
0,0,0,20.7635917663574,0,0,0,0,0,0,0,0,0,0,0,0,59.2000179290771,41.8648038403741,26.2563669681549,0,0,0,0,0,0,0,44.2308540344238,0,0,0,0,0,0,0,0,15.9514245986938,0,0,0,21.8128323387681,0,12.2055879701268,76.2782688140869,0,0,23.158442179362,74.3502960205078,0,0,11.7525949478149,0,0,0,0,0,0,0,26.1415481567383,0,0,0,0,21.399320602417,0,0,0,0,0,0,0,0,0,0,0,0,0,0,0,27.1584870711617,0,0,0,19.741436252594,0,17.3249191227959,23.9029650688171,0
0,0,0,0,21.3063936233521,0,0,0,0,0,0,0,0,0,0,0,41.2049104902479,52.5459442138672,29.4341144859791,0,0,0,0,0,0,0,0,0,0,0,0,0,0,0,0,0,0,0,0,0,26.5869203295027,0,9.22798894047737,0,0,0,19.9810708363851,0,12.4164802763197,0,0,0,0,0,0,0,0,0,0,0,0,0,0,23.8031929016113,0,0,0,0,0,0,0,0,0,0,0,0,0,0,0,26.1109043757121,0,0,17.9840419769287,0,20.4693071191961,0,0
0,18.74121597835,0,19.9851978123188,0,25.0188252925873,0,0,0,21.3764781951904,0,0,0,0,0,0,61.6863683553842,49.4882418001202,33.2873171703823,19.1883211135864,0,0,0,0,0,0,0,0,0,0,0,0,0,0,0,21.7632768553704,0,0,0,18.1949898748641,61.5664367675781,32.8335640967647,78.9530410766602,23.158442179362,0,0,59.5588538429954,0,44.6150061289469,29.4596594469752,0,0,0,0,0,0,0,26.3730716404162,0,0,0,0,12.7386092919196,74.2790209452311,0,0,0,0,0,0,0,0,0,0,0,0,0,0,13.3706106971619,67.5951449076335,0,0,28.3017996310095,0,15.6265903268324,32.8239074071248,0
21.2636156082153,0,20.9872278467814,72.7269592285156,25.5780293464661,0,0,0,31.8278956413269,0,0,0,0,0,0,0,48.9874556785406,58.4872678381498,34.2116314540137,0,19.923703511556,0,0,0,0,0,67.780148824056,0,0,0,0,0,0,0,0,0,26.0143526384566,0,14.6809463500977,69.3167379042682,9.56914777812999,66.0313197771708,24.1964880737041,74.3502960205078,19.9810708363851,59.5588538429954,0,0,25.7587867624619,17.832160949707,0,0,0,0,0,59.5752716064453,25.7749321606694,73.2380285263062,0,0,0,0,0,12.827167604905,0,0,0,0,0,0,0,0,0,0,0,0,0,0,74.5459841410319,16.3409884173883,0,12.3961788041251,31.9507285363679,0,20.4285068332046,65.5631240844727,40.6900257873535
0,0,0,30.6382579803467,0,0,0,0,0,18.3585297266642,0,0,0,0,0,0,0,0,0,0,0,0,0,14.5507008047665,0,0,0,0,0,0,0,5.4366149247993,4.32942643290463,4.84850096232539,4.26795079119977,5.40094587220086,3.76521645522699,7.47162428990251,8.69634336536214,0,0,17.9332365989685,10.5280184494822,0,0,0,0,0,7.58152089964664,8.75191814692344,0,0,0,0,0,0,0,0,0,0,0,0,38.1139526367188,0,0,0,13.2465884950426,0,0,0,0,0,0,0,5.14790565152222,5.21589811183204,5.351886679052,4.00286791246262,5.03019356239787,4.61628930161639,8.54423480141831,8.7055454265077,6.70535058113981,0,7.14009478758704,0,0
6.81728627375507,0,29.4878691832225,28.797652721405,33.6637620925903,32.0264701843262,0,0,10.7483570912746,0,0,0,0,0,0,0,54.4660625457764,0,12.5476948950026,0,0,0,4.41304745674133,0,5.53339958190918,0,0,0,0,0,0,0,0,9.45522499084473,0,0,19.7267868041992,22.2009406089783,6.92833908214125,43.097282409668,12.9573880530692,41.9787273406982,17.821166853255,0,12.4164802763197,44.6150061289469,25.7587867624619,7.58152089964664,0,11.8881555561229,0,0,0,0,11.5026926560835,0,30.3037107785543,0,0,0,0,0,36.3314666748047,37.0776958278581,0,5.4242771316219,0,3.96603983214923,0,3.4251739025116,0,0,0,0,0,0,12.1933870315552,7.19880275726318,29.1455421447754,36.6715406454526,21.6916818618774,5.60018532268715,12.5135878397256,0,12.1057135365997,0,13.7103033799392
0,5.82230592208353,0,13.1307744432837,0,28.0531532353368,0,0,0,10.019753769501,0,0,0,0,0,0,67.4454561869303,56.3861885070801,13.5799303568327,0,0,0,0,5.74271668706621,0,0,0,0,0,0,0,0,0,0,0,20.2344497416141,0,6.70050225465864,0,17.170839703083,0,15.5735171182233,49.5741386413574,11.7525949478149,0,29.4596594469752,17.832160949707,8.75191814692344,11.8881555561229,0,0,0,0,0,0,9.82506390074466,0,23.4766964716698,0,0,0,3.78895660144527,21.9391194019053,0,4.58823422023228,0,5.70451220186943,0,6.66269134209219,0,2.82505697011948,0,5.91999404770987,0,0,0,0,0,34.8117792901426,0,6.09353852272034,26.8526954650879,14.7536410499009,0,11.7796851989853,31.9213208198547,0
0,0,6.00950491428375,0,4.8298708597819,0,0,0,0,0,0,0,0,0,0,0,0,0,0,0,0,0,0,0,0,0,0,0,0,0,0,0,0,0,0,0,0,0,0,0,0,0,0,0,0,0,0,0,0,0,0,0,0,0,0,0,4.48593766975403,0,0,0,0,0,0,0,0,0,0,0,0,0,0,0,0,0,0,0,0,0,0,0,0,0,2.95398656527201,0,6.76374006271362,0,0
0,0,0,5.68395831187566,0,4.21790754089694,0,4.17372922677743,0,0,0,0,0,0,0,0,0,0,0,0,0,0,0,0,0,0,0,0,0,0,0,0,0,0,0,0,0,0,0,0,0,0,0,0,0,0,0,0,0,0,0,0,0,5.35591349601746,0,0,0,4.2575705527113,0,3.11701913851841,0,2.84231179410761,0,0,0,0,0,0,0,0,0,0,0,0,0,0,0,0,0,0,0,0,3.62672027914582,0,5.2622857093811,0,0
0,0,0,0,0,0,3.12753719753689,0,0,0,5.33062589168549,0,0,0,0,0,0,0,0,0,0,0,0,0,0,0,0,0,0,0,0,0,0,0,0,0,0,0,0,0,0,0,0,0,0,0,0,0,0,0,0,0,0,0,0,0,6.22937613185805,0,0,0,0,0,0,0,0,0,0,0,0,0,0,0,0,0,0,0,0,0,0,0,0,0,4.42916973431905,0,0,0,0
0,0,0,0,0,3.82538876750252,0,3.71601799425453,0,0,0,0,0,0,0,0,0,0,0,9.70484574635824,0,0,0,0,0,0,0,0,0,0,0,0,0,0,0,0,0,0,0,0,0,0,0,0,0,0,0,0,0,0,0,5.35591349601746,0,0,0,0,0,4.49370404705405,0,3.50446239011041,0,0,10.7465000152588,0,0,0,0,0,0,0,0,0,0,0,0,0,0,0,0,0,0,0,4.50010425993737,3.04383097376142,0,0,0
4.08907005472838,0,8.69616544246674,0,0,0,0,0,6.84974815848042,0,0,0,0,0,6.70506711602211,0,10.3764612552447,40.5373881657918,0,0,0,0,0,0,5.45120790600777,0,3.52623394402591,0,0,0,0,0,0,0,0,0,0,0,6.80309666527642,0,0,0,26.6671264966329,0,0,0,0,0,11.5026926560835,0,0,0,0,0,0,0,0,0,0,0,5.96732973632308,0,0,0,0,0,0,5.89653482684144,0,4.31457522918618,0,0,0,0,0,0,0,0,0,0,0,7.3663536959681,13.7530909023787,0,7.10042901111372,0,0
0,5.33811108453977,0,0,0,21.3032779693604,0,0,0,6.83031134258697,0,0,0,0,0,7.58655788657371,38.2579750838103,7.61383701573404,16.7986574172974,0,0,0,38.9288330078125,3.87222918868065,0,4.65447550866662,38.2569551467896,0,0,0,0,0,0,0,0,0,0,0,0,0,0,6.1050386428833,0,0,0,0,59.5752716064453,0,0,9.82506390074466,0,0,0,0,0,0,0,0,0,0,0,6.27634266718659,0,0,30.0840702056885,0,4.4602464514631,0,5.12475579039094,0,0,0,0,0,0,0,0,0,91.3661117553711,0,9.35860273573134,0,9.69094562530518,0,6.27185768750362,0,0
16.5051164627075,0,23.3493576049805,0,31.354941368103,0,2.89252827848707,0,0,0,3.54192771025107,0,4.20512747764587,0,0,0,36.9406510761806,41.8238983154297,32.6487301826477,0,3.72509966350277,0,0,0,0,0,0,0,0,0,0,0,0,0,0,0,4.65166035835737,0,4.13171376364942,0,54.1532635688782,0,20.1876922868053,0,0,0,25.7749321606694,0,30.3037107785543,0,4.48593766975403,0,6.22937613185805,0,0,0,0,0,3.45150297149839,0,2.74374222755432,0,0,13.3771458712418,0,0,0,0,0,0,0,4.2167820930481,0,8.21153254216572,0,0,0,0,70.0156936645508,17.4194131222303,0,6.25059561533471,7.58850372118581,3.15417299121618,7.61599867718835,0,12.3307334184647
0,19.1247601142296,0,22.3689848170223,0,22.7884186466535,0,8.16639434513838,0,30.4049169100248,0,3.8074181716528,0,4.22629780027601,0,0,61.7980949000308,41.8111005056472,37.8521246702775,10.8522414572827,0,0,0,0,0,0,0,5.23544025421143,0,4.37811980122014,0,0,0,0,0,7.4165236701568,0,5.37073897441034,0,41.722670991542,93.3113555908203,15.0433107538663,70.3146629333496,26.1415481567383,0,26.3730716404162,73.2380285263062,0,0,23.4766964716698,0,4.2575705527113,0,4.49370404705405,0,0,0,0,0,4.67808600820479,0,0,7.81909352245494,0,0,0,0,0,0,0,5.16894899095808,0,3.46149285060843,0,0,0,0,0,24.4550620290968,75.266855875651,7.37610120557796,0,14.7228020865508,2.95995047217921,11.3061266398713,14.5835751215617,0
0,0,0,0,0,0,2.73466658592224,0,0,0,3.47716550592341,0,4.5417391698779,0,2.9267384324755,0,0,0,0,0,0,0,0,0,0,0,0,0,0,0,0,0,0,0,0,0,0,0,0,0,0,0,0,0,0,0,0,0,0,0,0,0,0,0,0,0,3.45150297149839,0,0,0,2.75027501583099,0,0,0,0,0,0,0,0,0,0,3.16920733451843,0,0,0,0,0,0,0,0,0,0,3.06747886381651,0,0,0,0
0,0,0,0,0,6.11985794703166,0,5.70968224435644,0,0,0,4.21841423922572,0,4.13954834557647,0,0,0,7.22125554084778,0,0,0,0,0,0,0,5.3999832868576,0,3.80457536243811,0,4.44567879041036,0,0,0,0,0,0,0,0,0,0,0,0,0,0,0,0,0,0,0,0,0,3.11701913851841,0,3.50446239011041,0,0,0,4.67808600820479,0,0,0,0,0,0,0,0,0,0,0,0,5.26806783676147,0,0,0,0,0,0,0,0,0,0,0,3.62342634347564,3.36155449427091,0,0,0
4.49382908389253,0,2.78002047538757,0,4.79617500305176,0,0,0,3.35246469860985,0,0,0,0,0,3.12585516770681,0,0,0,0,0,0,0,0,0,0,0,0,0,0,0,0,0,0,0,0,0,0,0,0,0,0,0,0,0,0,0,0,0,0,0,0,0,0,0,5.96732973632308,0,2.74374222755432,0,2.75027501583099,0,0,0,0,0,0,0,0,0,0,3.03079915046692,0,0,0,0,0,0,0,0,0,0,0,0,3.33865442540911,0,14.7227964401245,0,0
0,4.61867734523135,0,0,0,4.38743584685855,0,0,0,6.11869719624519,0,0,0,3.37081608154791,0,3.5548572063446,47.6175155639648,5.90849966612019,40.0832252502441,0,0,0,0,7.58107948303223,0,6.34721086614875,0,4.02330366770426,0,0,0,0,0,0,0,0,0,18.783712387085,0,0,0,20.2574692478886,0,0,0,0,0,0,0,3.78895660144527,0,2.84231179410761,0,0,0,6.27634266718659,0,0,0,0,0,0,0,0,0,0,6.99082340371041,0,2.74675965309143,0,0,0,0,0,0,0,0,0,0,0,16.2137126922607,0,5.57014105215451,3.13566190855844,16.7922089364794,0,0
0,0,0,17.4760010507372,0,8.47773747217088,0,4.87048611769805,0,0,0,4.47317746106316,0,0,0,0,69.1618881225586,59.8396830558777,48.8319519890679,3.99127995321903,0,0,0,0,0,0,0,0,0,0,0,0,0,0,0,6.53434577382391,0,5.34938774340683,0,12.5330382080542,0,18.501749683112,65.8173522949219,21.399320602417,0,12.7386092919196,0,38.1139526367188,36.3314666748047,21.9391194019053,0,0,0,10.7465000152588,0,0,0,7.81909352245494,0,0,0,0,0,0,0,0,0,0,0,0,0,0,0,0,0,0,0,0,8.42222823222256,0,6.68804849897112,0,12.7318547836266,0,10.8176069922891,24.8042440414429,0
0,0,31.1401739681468,0,11.7380044636903,0,0,0,28.1669654846191,0,3.88183215336922,0,0,0,0,0,60.4779031276703,67.489677247547,48.3544238396133,0,5.25342378270535,0,0,0,0,0,0,0,0,0,0,0,0,0,0,0,8.26390372451501,0,11.7440193610532,0,11.6190492166347,81.8271522521973,23.1321040088444,0,23.8031929016113,74.2790209452311,12.827167604905,0,37.0776958278581,0,0,0,0,0,0,0,13.3771458712418,0,0,0,0,0,0,0,0,0,0,0,0,0,0,0,0,0,0,0,0,0,96.8589706420898,14.1365627670913,0,11.7887940430289,28.1502543545802,0,16.0390328703255,97.4258193969727,55.0842157999674
0,0,0,0,0,0,0,0,0,0,0,0,0,0,0,0,16.6522693634033,12.6165562128199,42.1072616577148,0,0,3.96877103730723,4.85964333128046,8.84533929824829,0,3.73431824815684,0,3.74689645290375,0,0,0,0,0,0,0,0,0,5.03625037109151,7.19158840179443,0,0,71.7137451171875,0,0,0,0,0,0,0,4.58823422023228,0,0,0,0,0,30.0840702056885,0,0,0,0,0,0,0,0,0,10.3539762496948,4.56297722458839,0,4.88116457784713,0,4.02915598001695,0,0,0,0,0,13.3975932598114,0,0,0,4.81821321582794,0,5.13416175631916,0,0,0,0
0,0,0,0,0,0,0,0,0,0,0,0,0,0,0,0,9.60051048343832,29.4333205223083,46.6520156860352,0,0,7.99223090353466,4.09796104544685,0,7.08239585161209,0,3.66891483406522,0,3.95644131440383,0,0,0,0,0,0,0,0,0,3.94624913565003,0,0,76.67822265625,0,0,0,0,0,0,5.4242771316219,0,0,0,0,0,0,0,0,0,0,0,0,0,0,0,10.3539762496948,0,0,5.70713056912623,0,3.70091816641036,0,4.23875076500411,0,0,0,0,0,0,0,0,0,4.54873296070526,4.37350432405767,0,0,0,0
0,4.5123529289708,0,0,0,0,0,0,0,7.55569096172557,0,0,0,0,0,0,0,0,0,0,0,4.77510061630836,0,5.32833051859443,0,3.02327876431601,0,0,0,0,0,0,0,15.9471271514893,0,0,0,6.36295436316238,0,0,0,0,0,0,0,0,0,13.2465884950426,0,5.70451220186943,0,0,0,0,0,4.4602464514631,0,0,0,0,0,6.99082340371041,0,0,4.56297722458839,0,0,0,6.17006529199666,0,0,0,0,0,0,0,0,0,0,0,5.82437066487079,0,8.22435033321381,0,5.40945156602808,0,0
9.6254727045695,0,0,0,0,0,0,0,5.12545566331773,0,0,0,0,0,0,0,0,0,0,0,0,0,4.19377780378911,0,4.14226295522877,0,13.2785081863403,0,0,0,0,0,0,0,0,0,0,0,5.02964448444383,0,0,0,0,0,0,0,0,0,3.96603983214923,0,0,0,0,0,5.89653482684144,0,0,0,0,0,0,0,0,0,0,5.70713056912623,0,0,0,5.14798455238342,0,0,0,0,0,0,0,0,0,0,0,6.24875440553788,4.58639126732236,0,5.70903269623667,0,0
0,3.72716382571629,0,0,0,0,0,0,0,0,0,0,0,0,0,3.14392590522766,38.0497436523438,4.04952415360345,0,0,0,3.08463333356075,0,5.21320126909728,0,3.46238114353683,0,3.19622770945231,0,0,0,0,0,0,0,0,0,0,0,0,0,0,0,0,0,0,0,0,0,6.66269134209219,0,0,0,0,0,5.12475579039094,0,0,0,0,0,2.74675965309143,0,0,4.88116457784713,0,6.17006529199666,0,0,0,5.08826718832317,0,0,0,0,0,0,0,0,0,0,0,3.23285561137729,0,8.69337304433187,0,0
0,0,0,0,0,0,0,0,3.83363835789875,0,0,0,0,0,3.05407122943712,0,15.9289495199919,29.0232543945312,0,0,0,0,3.35568505014692,0,2.92917850812276,0,3.00205980970504,0,2.9884475602044,0,0,0,0,0,0,0,0,0,0,0,0,0,0,0,0,0,0,0,3.4251739025116,0,0,0,0,0,4.31457522918618,0,0,0,0,0,3.03079915046692,0,0,0,0,3.70091816641036,0,5.14798455238342,0,0,0,3.47890541003936,0,0,0,0,0,0,0,0,0,0,6.73046922683716,0,0,0,0
0,0,0,0,0,0,0,0,0,0,0,4.08810952215484,0,4.27371819814046,0,0,0,2.97036645734632,0,0,0,3.31711621717973,0,0,0,3.17662880587023,0,4.21187559975449,0,3.73058502068595,0,0,0,0,0,0,0,3.6825252188013,0,0,0,0,0,0,0,0,0,0,0,2.82505697011948,0,0,0,0,0,0,0,5.16894899095808,0,5.26806783676147,0,0,0,0,4.02915598001695,0,0,0,5.08826718832317,0,0,0,4.22011779149373,0,0,0,0,0,0,0,4.38620835002999,0,3.16126948765346,3.44735807180405,0,0,0
0,0,0,0,0,0,0,0,0,0,3.75223230671238,0,0,0,0,0,0,0,0,0,0,0,3.82560006730697,0,0,0,0,0,3.74791619437081,0,3.20571998187474,0,0,0,0,0,0,0,3.52553361654282,0,0,0,0,0,0,0,0,0,0,0,0,0,0,0,0,0,4.2167820930481,0,3.16920733451843,0,0,0,0,0,0,4.23875076500411,0,0,0,3.47890541003936,0,0,0,3.85619827364221,0,0,0,0,0,0,0,5.50557319715819,0,0,0,0,0
0,0,0,0,0,0,0,0,0,0,0,5.68248693148295,0,0,0,0,0,0,0,0,0,0,0,0,0,0,0,3.43889186505918,0,4.12511112184796,0,0,0,0,0,0,0,4.85839323598053,0,0,0,4.58092297613621,0,0,0,0,0,0,0,5.91999404770987,0,0,0,0,0,0,0,3.46149285060843,0,0,0,0,0,0,0,0,0,0,0,0,4.22011779149373,0,0,0,0,0,0,0,0,0,5.08116718598433,0,3.1473138605962,3.15719938278198,5.45127486179562,0,0
0,0,0,0,0,0,0,0,0,0,4.26775680541992,0,0,0,0,0,0,0,0,0,0,0,0,0,0,0,0,0,5.82871449476964,0,4.0375712200587,0,0,0,0,0,0,0,4.21712580137846,0,0,0,0,0,0,0,0,0,0,0,0,0,0,0,0,0,8.21153254216572,0,0,0,0,0,0,0,0,0,0,0,0,0,0,3.85619827364221,0,0,0,0,0,0,0,0,0,5.10221036937502,3.02943432807922,0,0,0,0
0,0,0,0,0,0,0,0,0,0,0,0,0,0,0,0,0,0,0,0,0,0,0,0,0,0,0,0,0,0,0,7.18432198837703,9.24259949091709,6.51416834195455,0,4.02977465868748,5.78364638721242,0,0,0,0,0,0,0,0,0,0,5.14790565152222,0,0,0,0,0,0,0,0,0,0,0,0,0,0,0,0,0,0,0,0,0,0,0,0,0,0,0,9.30494792120797,8.14149574944566,0,5.04409707438561,0,0,0,3.7914167686745,0,0,0,0
0,0,0,0,0,0,0,0,0,0,0,0,0,0,0,0,0,0,0,0,0,0,0,0,0,0,0,0,0,0,0,5.09378937016363,4.02005385492266,5.05452513694763,0,0,3.54834277441006,0,0,0,0,0,0,0,0,0,0,5.21589811183204,0,0,0,0,0,0,0,0,0,0,0,0,0,0,0,0,0,0,0,0,0,0,0,0,0,0,9.30494792120797,0,0,7.31742769674672,0,6.76002590851075,0,0,2.91558779259117,0,0,0,0
0,0,0,0,0,0,0,0,0,0,0,0,0,0,0,0,0,0,0,0,0,12.5661694208781,0,0,0,0,0,0,0,0,0,7.58991198931167,8.20812702178955,4.90426758992798,4.93024331500584,3.51038529367158,0,5.69282264612159,4.93545679526754,0,0,0,0,0,0,0,0,5.351886679052,12.1933870315552,0,0,0,0,0,0,0,0,0,0,0,0,0,0,0,13.3975932598114,0,0,0,0,0,0,0,0,0,8.14149574944566,0,0,6.8034544058249,5.05652080848813,0,6.22101829415661,18.925874710083,5.34360690042377,0,22.9777069091797,0,0
0,0,0,0,0,0,0,0,0,0,0,0,0,0,0,0,0,0,0,0,0,0,0,0,0,0,0,0,0,0,0,3.37040420940944,6.54542551040649,3.68220951165812,4.06474112320273,0,6.1970471391138,0,6.68923994067876,0,0,0,18.8632122039795,0,0,0,0,4.00286791246262,7.19880275726318,0,0,0,0,0,0,0,0,0,0,0,0,0,0,0,0,0,0,0,0,0,0,0,0,0,0,7.31742769674672,6.8034544058249,0,0,7.25264454959484,0,5.11571483690329,7.26532240042429,0,17.2290964126587,0,0
0,31.2152628898621,0,23.140683713949,0,41.4018759727478,0,0,90.4150695800781,35.3008581542969,0,4.79189011670541,0,0,0,0,72.8407770010141,60.9347214136368,42.2759568029406,4.12908310128068,0,0,0,0,0,0,0,0,0,0,0,4.33556847098173,7.41522097587585,4.23982693765547,0,5.51921439228206,3.86008895101329,7.45630339678187,0,15.3730208126661,81.4914154052734,22.7158374079487,72.7439575195312,27.1584870711617,0,13.3706106971619,74.5459841410319,5.03019356239787,29.1455421447754,34.8117792901426,0,0,0,0,0,91.3661117553711,70.0156936645508,24.4550620290968,0,0,0,0,8.42222823222256,96.8589706420898,0,0,0,0,0,0,0,0,0,0,5.04409707438561,0,5.05652080848813,0,0,58.0468130880787,6.55921141890333,0,15.6489564546623,2.94404101371765,22.5842131676307,47.0180192311605,64.9568557739258
0,0,36.7189061045647,0,40.8985485076904,0,0,0,41.6608779009651,96.6818313598633,4.05882622329483,0,0,0,0,0,58.1760852868608,65.792481088019,43.8605599061312,0,4.75864607906053,0,0,0,0,0,0,0,0,0,0,0,4.30217358067786,0,4.39633078126346,3.4329698155908,5.52770481734135,8.18427385602679,8.13560675742046,86.5431872776577,17.6159180501647,74.414003718983,25.3738489460083,0,26.1109043757121,67.5951449076335,16.3409884173883,4.61628930161639,36.6715406454526,0,0,0,0,0,0,0,17.4194131222303,75.266855875651,0,0,0,0,0,14.1365627670913,0,0,0,0,0,0,0,0,0,0,0,6.76002590851075,0,7.25264454959484,58.0468130880787,0,0,7.38365368869842,13.1213245144764,4.47006400038556,23.8829932039913,51.8961277008057,48.8667382326993
0,0,0,0,0,0,0,0,0,8.90057887836378,0,4.47094727868326,0,0,0,0,0,0,0,4.33287540771676,0,4.6776803657355,0,6.20764982827166,0,0,0,3.98310896881083,0,4.4321585521102,0,0,0,4.79138156230633,10.4281128644943,5.84897036061567,0,4.63077756808406,10.8471543243953,3.15483101209005,0,5.86257257181055,0,0,0,0,0,8.54423480141831,21.6916818618774,6.09353852272034,0,0,0,0,0,9.35860273573134,0,7.37610120557796,0,0,0,16.2137126922607,6.68804849897112,0,4.81821321582794,0,5.82437066487079,0,0,0,4.38620835002999,0,5.08116718598433,0,0,0,6.22101829415661,0,6.55921141890333,0,0,25.5720439710115,4.3521780452855,0,7.69213711284101,0,0
0,0,0,0,0,0,0,0,0,0,6.26534465469477,0,0,0,0,0,0,0,0,0,4.18682560972545,7.17410564422607,4.19354498165253,0,4.10812918317443,0,0,0,5.75340384741624,0,3.74214393024188,0,0,7.63684802055359,5.17676815063723,0,6.02079021399968,6.98106030845642,4.82361103456396,0,0,0,12.182517187936,0,0,0,12.3961788041251,8.7055454265077,5.60018532268715,26.8526954650879,0,0,0,0,7.3663536959681,0,6.25059561533471,0,0,0,0,0,0,11.7887940430289,0,4.54873296070526,0,6.24875440553788,0,0,0,5.50557319715819,0,5.10221036937502,0,0,18.925874710083,5.11571483690329,0,7.38365368869842,25.5720439710115,0,6.13441521673778,3.20824886012722,6.96121121394007,0,0
6.98153035830607,7.74607798907222,24.4532383510045,23.2374895736215,25.8510309366079,8.99487320149793,2.95749751726786,3.18295678535065,7.2714192019803,8.77801340881753,3.73021339209734,3.38659844867331,3.05502223968506,4.25270026984968,3.9681604044778,6.1532362377157,13.1320203707331,11.1088208618811,19.6151311203305,8.02777855193361,11.7024699270725,4.62380752279911,4.67379176708604,4.00486571341753,4.61325599948565,5.3476473974145,9.54078405294845,3.63493683420379,2.95293855667114,4.97488454797051,2.91390781402588,3.8126343551435,3.32029486957349,5.80953775574179,5.6007882162582,4.44116413097397,4.62544310974685,4.28845253624058,5.29395071120565,39.5614721632977,36.6069153118552,20.9284573535903,24.836928340605,19.741436252594,17.9840419769287,28.3017996310095,31.9507285363679,6.70535058113981,12.5135878397256,14.7536410499009,2.95398656527201,3.62672027914582,4.42916973431905,4.50010425993737,13.7530909023787,9.69094562530518,7.58850372118581,14.7228020865508,3.06747886381651,3.62342634347564,3.33865442540911,5.57014105215451,12.7318547836266,28.1502543545802,5.13416175631916,4.37350432405767,8.22435033321381,4.58639126732236,3.23285561137729,6.73046922683716,3.16126948765346,0,3.1473138605962,3.02943432807922,3.7914167686745,2.91558779259117,5.34360690042377,7.26532240042429,15.6489564546623,13.1213245144764,4.3521780452855,6.13441521673778,0,4.21660523050464,23.0427849844264,30.3872827663783,31.3233452535639
