0,0,0.00916961529169487,0,0,0,0,0,0.0258652199993852,0,0,0,0,0,0.0112632126471033,0,0,0,0.000664235976877243,0,0,0,0,0,3.14297804636715e-05,0,0,0,0,0,0,0,0,0,0,0,0,0,6.94767457962083e-06,0,0,0,0,0,0,0,0,0,0.0159393105271448,0,0,0,0,0,0.00496339486581255,0,0,0,0,0,0.0236653276132909,0,0,0,0,0,0,3.15641969826867e-05,0,0,0,0,0,0,0,0,0,0,0,0,0,0,0.000112926103764717,0,0.000704451568196873,0,0
0,0,0,0.013060256612158,0,0,0,0,0,0.00972188598484715,0,0,0,0,0,0,0,0,0,0,0,2.76543284890994e-05,0,0.000591232904017991,0,0,0,0,0,0,0,0,0,0,0,0,0,0.000644984070194712,0,0,0,0.000110366011338032,0,0,0,0,0,0,0,0.0302425083923195,0,0,0,0,0,0.0348275774110551,0,0,0,0,0,0.0011407036460826,0,0,0,0,0,0,0,0,9.65963981286358e-06,0,0,0,0,0,0,0,0,0,0.000931356711238396,0,0.000361767821113305,0,0.0123074106576849,0,0
0.00916961529169487,0,0,0,0.0488973670079616,0,0,0,0.0174711326153596,0,0,0,0,0,0,0,0,0,0,0,0,0,0,0,0,0,0,0,0,0,0,0,0,0,0,0,0,0,1.38825148532763e-05,0,0,0,0.000399826570966409,0,0,0,0.0111559467330375,0,0.0165669734425783,0,0.000875455498457883,0,0,0,0.00343632050693507,0,3.91660961340801e-05,0,0,0,0,0,0,0,0,0,0,0,0,0,0,3.26044010019876e-05,0,0.000268790309422685,0,0,0,0,0,0,0,4.48591973807069e-05,1.84030598338605e-05,0,0.022530467484282,0,0
0,0.013060256612158,0,0,0,0.00696013468247926,0,0,0,0.018559111847158,0,0,0,0,0,0,0,3.19847260411912e-05,5.06819668058892e-05,6.99819165577154e-05,0,0,0,0,0,0,0,0,0,0,0,0,0,0,0,0.000366293927938096,0,0,0,0.00094500893815247,0,0.000300137026909474,0,0,0,0.0181069882752059,0,0.000120190403621903,0,0.00863889274137344,0,0,0,0,0,0,0,5.95662801655267e-05,0,0,0,0,0.000169960494847205,0,0,0,0,0,0,0,0,0,0,0,0,0,0,0,6.06646404060942e-05,0,0,0,0.000313298108616565,5.07805680871128e-05,0.0216657069146092,0,0
0,0,0.0488973670079616,0,0,0,0.0295440495543508,0,0.00522316423879736,0,0,0,0,0,0,0,0,0,0,0,0,0,0,0,2.27556154105768e-05,0,0,0,0,0,0,0,0,0,0,0,0,0,0,0,0,0,0,0,0,0,0.00143290479494371,0,0,0,0.192160246010087,0,0.0048444136497128,0,0.00316680194372105,0,0,0,0.000151261454203494,0,0.000263402416959845,0,0,0,0,0,0,0,0,0,0,0,0,0,0,0,0,0,0,0,0,0,0.00240374415323775,0,0.00223509730107642,0,0
0,0,0,0.00696013468247926,0,0,0,0.00037463925699318,0,0,0,0.000789445167759598,0,0,0,0,0,0,0,0,0,0,0,0,0,0,0,0,0,0,0,0,0,0,0,0,0,0,0,0,0,0,0,0,0,0,0,0,0,0,0,0.00210143156444076,0,0.00503804244734946,0,0,0,0.0121526992932069,0,0,0,0,0,0,0,0,0,0,0,0,0,0,0,0,0,0,0,0,0,0,0,0,0,0,0.00065160466785362,0,0
0,0,0,0,0.0295440495543508,0,0,0,0,0,0,0,0.00158066331074222,0,0,0,0,0,0,0,0,0,0,0,0,0,0,0,0,0,0,0,0,0,0,0,0,0,0,0,0,0,0,0,0,0,0,0,0,0,0,0,0.0845023448042914,0,0,0,0.000153038411957324,0,0.00781686373433486,0,0,0,0,0,0,0,0,0,0,0,0,0,0,0,0,0,0,0,0,0,0,0,0.000451475925101838,0,0,0,0
0,0,0,0,0,0.00037463925699318,0,0,0,0,0,0.0116854086826391,0,0,0,0,0,0,0,0.000989986615139951,0,0,0,0,0,0,0,0,0,0,0,0,0,0,0,0,0,0,0,0,0,0,0,0,0,0,0,0,0,0,0,6.06842385704309e-05,0,0.0262286782534635,0,0,0,0,0,0,0,0,0,0,0,0,0,0,0,0,0,0,0,0,0,0,0,0,0,0,0,0,5.58669743534068e-05,0,0.000251361280939239,0,0
0.0258652199993852,0,0.0174711326153596,0,0.00522316423879736,0,0,0,0,0,0,0,0,0,0.0462660074309982,0,0.000172011041965086,0,0,0,0,0,0,0,0.00492485579081428,0,0,0,0,0,0,0,0,0,0,0,0,0,0.00174604920929177,0,0,0,0,0,0,0,0,0,0.00270736294644293,0,0,0,0,0,0.0468473457490543,0,0,0,0,0,0.0307313694967553,0,0,0,0,0,0,0.00642051350306322,0,0,0,0,0,0,0,0,0,1.72116210123896e-05,0,0,0,0.00113875380564816,0.000307744731632674,0.000472764636662128,0.00168936881525931,0,0
0,0.00972188598484715,0,0.018559111847158,0,0,0,0,0,0,0,0,0,0,0,0.0228319420339857,0,0,4.5344505798887e-05,0,0,0.000392963589845619,0,0.00259875305546516,0,5.65761777978355e-05,0,0,0,0,0,0,0,0,0,0,0,0.00731002079772291,0,0,0,0.000129014107991949,0,0,0,0,0,0,0,7.90784350932288e-05,0,0,0,0,0,0.0311533245645081,0,0,0,0,0,0.0131687018897435,0,0,0.000185569350237823,0,6.98441933805246e-05,0,2.03953072446916e-05,0,0,0,0,0,0,0,0,0,0,0,0.00217781879513574,0,0.000494891531677075,0.000134493186451212,0.000170197236985265,4.31363802195495e-05,0
0,0,0,0,0,0,0,0,0,0,0,0,0.00869788155677627,0,0,0,0,0,0,0,0.0138390887511407,0,0,0,0,0,0,0,0.00390955683743018,0,0.00984650644431624,0,0,0,0,0,0.00230923316034044,0,0.00440749673827593,0,0,0,0,0,0,0,0,0,0,0,0,0,0.000302115995765266,0,0,0,0.109339900816248,0,0.00947539339933121,0,0,0,0,0.0011488505057293,0,2.42144812717216e-05,0,0,0,0,0,0.00336079037373219,0,0.00953350516692856,0,0,0,0,0,0.00024743455459367,0,0.00145725804805855,0.00128586331603861,0,1.67879063086561e-05,0,0
0,0,0,0,0,0.000789445167759598,0,0.0116854086826391,0,0,0,0,0,0.00364417082057029,0,0,0,0,0,0.0160598795743668,0,0,0,0,0,0,0,4.66679121018387e-05,0,0,0,0,0,0,0,0.000472718608923607,0,0.000958484963503239,0,0,0,0,0,0,0,0,0,0,0,0,0,0,0,0.000482161801597281,0,0,0,0.00933948372794625,0,0.0022178692577691,0,0,0.00093957874514303,0,0,0,0,0,0,0,0,0,0,0,0,0,0,0,0,0,0,0,0.0015289633476613,0,0.000243715612627906,0,0
0,0,0,0,0,0,0.00158066331074222,0,0,0,0.00869788155677627,0,0,0,0.00766510458625164,0,0,0,0,0,0,0,0,0,0,0,0,0,0.00286343079549032,0,0,0,0,0,0,0,0,0,0,0,0,0,0,0,0,0,0,0,0,0,0,0,0.0140279909722788,0,0,0,0.00501292300903964,0,0.0215298650604893,0,0.000554534495493053,0,0,0,0,0,0,0,0,4.98906152445674e-05,0,0.000234854201225719,0,1.20993989195016e-05,0,0,0,0,0,0,0,0,0.000388893381053882,0,0,0,0
0,0,0,0,0,0,0,0,0,0,0,0.00364417082057029,0,0,0,0,0,0,0,0,0,0,0,0,0,0,0,0,0,0,0,0,0,0,0,0,0,0,0,0,0,0,0,0,0,0,0,0,0,0,0,0,0,0,0,0,0,0,0,0.00441639795839061,0,0,0,0,0,0,0,0,0,0,0.00033501538564451,0,0,0,0,0,0,0,0,0,0,0,2.0857683611896e-05,4.01042730108767e-05,0,0,0
0.0112632126471033,0,0,0,0,0,0,0,0.0462660074309982,0,0,0,0.00766510458625164,0,0,0,0,0,0,0,0,0,0,0,0.00022473173754571,0,0,0,0,0,0,0,0,0,0,0,0,0,0.000212109669790541,0,0,0,0,0,0,0,0,0,0.00092991915670681,0,0,0,0,0,0.0242107413260947,0,0,0,0.0174464861767293,0,0.0299003604569361,0,0,0,0,0,0,0.0028771080948881,0,0.0114992703214432,0,0.000890575171444754,0,0,0,0,0,0,0,0,0,6.99344108433569e-05,1.23156889410415e-05,0,0.000144717647767368,0,0
0,0,0,0,0,0,0,0,0,0.0228319420339857,0,0,0,0,0,0,0,0,0,0,0,0,0,0.00136861696475617,0,0.00402545965122577,0,0,0,0,0,0,0,0,0,0,0,0,0,0,0,0,0,0,0,0,0,0,0,0.000196903761523726,0,0,0,0,0,0.00557334874455688,0,0,0,0,0,0.0131053431736386,0,0,0,0,0.000230962743580849,0,0.00252478264443936,0,0,0,0,0,0,0,0,0,0,0,0,0,0,0,0,0,0
0,0,0,0,0,0,0,0,0.000172011041965086,0,0,0,0,0,0,0,0,0.133923231567651,0.0577908457081204,0,5.98720944499751e-05,0,0.00561487912515665,0,0.00649609818571283,0.000748609073662146,0.00589446953296516,0,0,0,0,0,0,0,0,0,0,0,0,0,0,0.000260899027066541,0.00406093420100512,0.000873053276203823,0.00141652711184494,1.23886830183215e-05,5.88678469728488e-06,0,2.25173930162607e-05,0,0,0,0,0,0,0,0,0,0,0,0,0,0,0.00018680705245198,0.000198871650233708,4.92132925120721e-05,0,0,0.000329611742256718,0,0,9.20977270477092e-05,0,0.000723112351826448,0,0,0,0,0,0,0,0.00039476863664908,0.0145216890455864,0.000847210860451932,0.00542991636856322,2.93086449501272e-05,0.000825296017504587
0,0,0,3.19847260411912e-05,0,0,0,0,0,0,0,0,0,0,0,0,0.133923231567651,0,0.0555502362400173,0,0,0.000949908661940886,0,0,0.000116413363181302,0.00887073973221612,2.68330261940968e-05,0,0,0,0,0,0,0,0,0,0,0,0,0,0,0.00232757146185182,0.000531411268954508,0.00397984086556135,2.42352081943139e-05,3.579506310514e-05,0,0,0,0,0,0,0,0,0,0,0,0,0,0,0,0,0,0,0.0011693484427782,0,0,0,0.00236360105978119,0,0,0,0,1.38901804685295e-05,0,0,0,0,1.44159922918258e-06,0,0,4.56645604929171e-06,0.0162611578011141,0.014304736858391,0.00115068180073903,0.000219761081281778,9.96478757688284e-05
0.000664235976877243,0,0,5.06819668058892e-05,0,0,0,0,0,4.5344505798887e-05,0,0,0,0,0,0,0.0577908457081204,0.0555502362400173,0,0,0.000430927737976591,0,0,0,4.94483248484195e-05,0,0,0,0,0,0,0,0,0,0,0,0,2.28113184206967e-05,5.42602865208088e-05,7.29628567854726e-05,0,0.036015819160131,0.0503872340368808,0.0370394423502736,0.0226351583147638,0.000657477918528476,0.000604579597565309,0,0.000145209376356302,1.16746010613424e-05,0,0,0,0,0,0,1.00775983741225e-05,9.83655003269836e-06,0,0,0,0,0,0.00132065146393206,0,0.000164348524803938,0,0,0.000116387880118308,0,0,0.000660165423307255,2.32841284171529e-05,0.00591401244569304,0,0,0,0,1.6643561052984e-05,0,1.02417765857427e-05,0.00187147263744405,0.0117038334561575,0.000611288053470298,0.0488403476092203,0.00572357050966861,0.00993992817943786
0,0,0,6.99819165577154e-05,0,0,0,0.000989986615139951,0,0,0,0.0160598795743668,0,0,0,0,0,0,0,0,0,0,0,0,0,0,0,0,0,0,0,0,0,0,0,0.00389027347591961,0,0.00389468924945501,0,0,0,0,0,0,0,0.000599660317191121,0,0,0,0,0,0,0,0,0,0,0,0.00516202953813906,0,0,0,0,0.0727415037570375,0,0,0,0,0,0,0,0,0,0,0,0,0,0,0,0.00192610314189407,0,0.00593953344804744,0,0.000721231828424076,0,0.00362706320476552,0,0
0,0,0,0,0,0,0,0,0,0,0.0138390887511407,0,0,0,0,0,5.98720944499751e-05,0,0.000430927737976591,0,0,0,0,0,0,0,0,0,0,0,0,0,0,0,0,0,0.0113548480834773,0,0.00128117113518795,0,0,0,0.00013153736868022,0,0.000183215475547255,0,0.00418001641572678,0,0,0,0,0,0,0,0,0,0.0267715773863698,0,0,0,0,0,0,0.0734469496255191,0,0,0,0,0,0,0,0,0,0.00601938511283023,0,0,0,0,0,0.000383955250215746,0,0.000998551829105258,0.000866156046049872,0,0.00580008637494566,0,5.55525572849738e-05
0,2.76543284890994e-05,0,0,0,0,0,0,0,0.000392963589845619,0,0,0,0,0,0,0,0.000949908661940886,0,0,0,0,0.0065950950089118,0.00150374579645811,0,0.00932692779339655,0,0.00137947100722504,0,0,0,0,0,0,0,0,0,0.00184170202924585,0,0,0,0,0,0,0,0,0,0,0,0.00334220516415082,0,0,0,0,0,0.000712342503747542,0,0,0,0,0,0,0,0,0.131542739344572,0,0.00124618527867003,0,0.00208832036317536,0,7.70857311344382e-05,0,0,0,0,0,0,0,0,0,0.00261326826848269,0,0.00647745426547507,0.00102143314863382,0,0,0
0,0,0,0,0,0,0,0,0,0,0,0,0,0,0,0,0.00561487912515665,0,0,0,0,0.0065950950089118,0,0,0.0121486738937677,0,0.000331412248433031,0,0.00199281715730774,0,0,0,0,0,0,0,0,0,0.00544973336407238,0,0,0,0,0,0,0,0,0,0.000489521682647997,0,0,0,0,0,0,0,0,0,0,0,0,0,0,0,0,0.0650734499281711,0,0.00272343351948162,0,0.000873915703357105,0,0.0016089581680531,0,0,0,0,0,0,0,0,0,0.00258108957665095,0.00387841924249617,0.000357411327672116,0,0,0
0,0.000591232904017991,0,0,0,0,0,0,0,0.00259875305546516,0,0,0,0,0,0.00136861696475617,0,0,0,0,0,0.00150374579645811,0,0,0,0.0291859545115455,0,0,0,0,0,0,0,0,0,0,0,0.000349150214937431,0,0,0,0.000961627116086154,0,0,0,0,0,0,0,0.000744588104184938,0,0,0,0,0,0.00424756307443613,0,0.000137275739252166,0,0,0,0.00251868777860878,0,0,0.000841546774960812,0,0.0140489992122425,0,0.0242360178002718,0,2.19351031202149e-05,0,0,0,0,0,0,0,0,0,0.000233418723167149,0,3.27472495409752e-05,0,0.00093394795250965,0.0058865280093093,0
3.14297804636715e-05,0,0,0,2.27556154105768e-05,0,0,0,0.00492485579081428,0,0,0,0,0,0.00022473173754571,0,0.00649609818571283,0.000116413363181302,4.94483248484195e-05,0,0,0,0.0121486738937677,0,0,0,0.00167198002253158,0,0,0,0,0,0,0,0,0,0,0,0.00660982531371907,0,0,0,0,0,0,0,0,0,0.00107168705685917,0,0,0,0,0,0.00823031429183887,0,0,0,0,0,0.00317199735217715,0,0,0,0,0.00150426906976753,0,0.0740534335448499,0,0.0286055354650636,0,0,0,0,0,0,0,0,0,0,0,0.000896169918463828,0.000593989489961651,0,1.35578287378392e-05,0,0
0,0,0,0,0,0,0,0,0,5.65761777978355e-05,0,0,0,0,0,0.00402545965122577,0.000748609073662146,0.00887073973221612,0,0,0,0.00932692779339655,0,0.0291859545115455,0,0,0,0.00477294378770502,0,0,0,0,0,0,0,0,0,7.01736086368898e-05,0,0,0,0,0,0,0,0,0,0,0,0,0,0,0,0,0,0.00280407717819894,0,0,0,0,0,0.00525172850107555,0,0,0.00864722738627515,0,0.0807785944312176,0,0.0731296115627709,0,0.0018714721957967,0,0,0,0,0,0,0,0,0,0.000138803867122868,0,0.000194136376801809,0.000470360797595138,0,0,0
0,0,0,0,0,0,0,0,0,0,0,0,0,0,0,0,0.00589446953296516,2.68330261940968e-05,0,0,0,0,0.000331412248433031,0,0.00167198002253158,0,0,0,0,0,0,0,0,0,0,0,0,0,0,0,0,0,0,0,0,0,0,0,0,0,0,0,0,0,0,0,0,0,0,0,0,0,0,0,0,0,0,0,0,0.0958136508340134,0,0,0,0,0,0,0,0,0,0,0,0,0.000300320444128759,0,0,0,0
0,0,0,0,0,0,0,0,0,0,0,4.66679121018387e-05,0,0,0,0,0,0,0,0,0,0.00137947100722504,0,0,0,0.00477294378770502,0,0,0,0.0093703353855204,0,0,0,0,0,0,0,3.32049162739551e-05,0,0,0,0,0,0,0,0,0,0,0,0,0,0,0,0,0,0,0,0,0,0,0,0,0,0,0,0,0,0,0.000240512587499293,0,0.0346230076097572,0,0,0,0,0,0,0,0,0,0.000311084907442908,0,0.000365475777624227,0,0,0,0
0,0,0,0,0,0,0,0,0,0,0.00390955683743018,0,0.00286343079549032,0,0,0,0,0,0,0,0,0,0.00199281715730774,0,0,0,0,0,0,0,0.021859445788205,0,0,0,0,0,0,0,0.00210275173771643,0,0,0,1.38681762555516e-05,0,0,0,0,0,0,0,0,0,0,0,0,0,3.5923882457059e-05,0,0.000228438598896559,0,0,0,0,0,0,0.00127324818429944,0,0,0,0,0,0.0454867674551688,0,6.00122396357891e-05,0,0,0,0,0,0,0,0,0.000486175191011677,3.89521873712343e-05,2.77399373819195e-05,0,0
0,0,0,0,0,0,0,0,0,0,0,0,0,0,0,0,0,0,0,0,0,0,0,0,0,0,0,0.0093703353855204,0,0,0,0,0,0,0,0,0,0.000627357127888545,0,0,0,0,0,0,0,0,0,0,0,0,0,0,0,0,0,0,0,0.000732480309863691,0,0,0,0,0,0,0,0,0,0,0,0,0.0029446135314881,0,0.0472446856465585,0,0,0,0,0,0,0,0.00200422169446248,0,0.000473999269653634,0,0,0,0
0,0,0,0,0,0,0,0,0,0,0.00984650644431624,0,0,0,0,0,0,0,0,0,0,0,0,0,0,0,0,0,0.021859445788205,0,0,0,0,0,0,0,0,0,0.00770166250853485,0,0,0,0,0,0,0,0,0,0,0,0,0,0,0,0,0,0.00293014618244582,0,0.000426435762580323,0,0,0,0,0,0,0,0,0,0,0,0,0.024173931713276,0,0.0220157734081197,0,0,0,0,0,0,0,0.00028295272286186,0.000316610874756189,2.98720180822342e-05,0,0,0
0,0,0,0,0,0,0,0,0,0,0,0,0,0,0,0,0,0,0,0,0,0,0,0,0,0,0,0,0,0,0,0,0.0563282280284404,0.00592263785415651,0.00101054296486143,0.00315539249678297,3.05229184614257e-06,0,0,0.000137393606209766,7.10333707815286e-05,0,0,0,0,0,0,0.0628925979879012,0.000306004244043225,0.000188102206004675,0,0,0,0,0,0,0,0,0,0,0,0,0,0,0,0,0,0,0,0,0,0,0,0,0.0398035659010433,0.0128439981115179,0.0127875228001294,0,0.0020348629743313,3.03200614298184e-05,0,0,0.000436748180464151,0,0.000159855126968747,0,0
0,0,0,0,0,0,0,0,0,0,0,0,0,0,0,0,0,0,0,0,0,0,0,0,0,0,0,0,0,0,0,0.0563282280284404,0,0.00267087181457841,0.0107330502109924,0.000237904330203574,0.00162142386119812,0,0,0,0,0,0,0,0,0,0,0.0384758300660459,0,6.32854782534227e-05,0,0,0,0,0,0,0,0,0,0,0,0,0,0,0,0,0,0,0,0,0,0,0,0,0.0319543088467188,0.0723664071867162,0,0.0103908481289076,2.44482859789251e-05,0.00221098605223091,0,0,0.000308497393969283,0,0,0,0
0,0,0,0,0,0,0,0,0,0,0,0,0,0,0,0,0,0,0,0,0,0,0,0,0,0,0,0,0,0,0,0.00592263785415651,0.00267087181457841,0,0.0978659503294351,0.00530380785542146,4.61936761384744e-05,0.00880155184409545,0.000824067792619694,0,0,0,0,0,0,0,0,0.221700090594708,7.21549671489283e-05,7.2522946640576e-05,0,0,0,0,0,0,0,0,0,0,0,0,0,0,0,0,0,0,0,0,0,0,0,0,0.00212845736833395,0.000290001209085925,0.272180594413234,0.0470582086557329,0.000683718726752614,0.000369599946569236,0.00671403043378717,3.85873504260524e-05,0.00440658599052973,0.000626052854064919,0,0,0
0,0,0,0,0,0,0,0,0,0,0,0,0,0,0,0,0,0,0,0,0,0,0,0,0,0,0,0,0,0,0,0.00101054296486143,0.0107330502109924,0.0978659503294351,0,0,0.010958870974116,0.000104309934253442,0.00669221922686327,0,0,0,0,0,0,0,0,0.0821875475306431,0.00474849413273412,0,0,0,0,0,0,0,0,0,0,0,0,0,0,0,0,0,0,0,0,0,0,0,0,0,0.000537478218567748,0.00278275912665147,0.037020949298412,0.179080082931982,0,0.00490281924931318,0.000190373511777003,0.0393920613990199,0.00269319360516384,7.83873542511427e-05,2.06863786054793e-05,0,0
0,0,0,0.000366293927938096,0,0,0,0,0,0,0,0.000472718608923607,0,0,0,0,0,0,0,0.00389027347591961,0,0,0,0,0,0,0,0,0,0,0,0.00315539249678297,0.000237904330203574,0.00530380785542146,0,0,0.00048489597284873,0.0139683374150536,0,5.98238494600345e-05,3.67560982556005e-05,1.79098362520819e-05,0,0,0,0.000390267123229244,0,0.000863353556591607,0.000104018244077246,0.000169558074434365,0,0,0,0,0,0,0,9.47169655979622e-06,0,0,0,0,0.00428073702961051,0,0,0,0,0,0,0,0,0,0,0,0.00255585042163466,0,0.00524642867695287,0,0.0608981865219786,0.00012516256188845,0.023145868370677,0,0.00706894509583943,0.000191148886011334,0.00158666745036287,7.21191774914574e-06,0
0,0,0,0,0,0,0,0,0,0,0.00230923316034044,0,0,0,0,0,0,0,0,0,0.0113548480834773,0,0,0,0,0,0,0,0,0,0,3.05229184614257e-06,0.00162142386119812,4.61936761384744e-05,0.010958870974116,0.00048489597284873,0,0,0.0130527849671074,0,0,0,0,0,0,0,1.09932449374591e-05,0.000255074741828147,0,0,0,0,0,0,0,0,8.65859465591453e-05,0,0,0,0,0,0,0.00368809212544809,0,0,0,0,0,0,0,0,0,0,0,0.00184019760459344,6.52922244862769e-05,0.00183425517577406,0,0.0874711059473937,0,0.016811413786554,0.00426448972210543,6.20891139401656e-05,0.000843750186606965,0,0
0,0.000644984070194712,0,0,0,0,0,0,0,0.00731002079772291,0,0.000958484963503239,0,0,0,0,0,0,2.28113184206967e-05,0.00389468924945501,0,0.00184170202924585,0,0.000349150214937431,0,7.01736086368898e-05,0,3.32049162739551e-05,0,0.000627357127888545,0,0,0,0.00880155184409545,0.000104309934253442,0.0139683374150536,0,0,0.000750019702460321,0,0,0.00163475163213888,0,0,0,0,0,0.00245589780577977,0,0.000170816996657916,0,0,0,0,0,0.00317804016817189,0,1.70720060332168e-05,0,0,0,0,0.000449091610730263,0,0.000867216813152054,0,0,0,0,0,0.000172709750455671,0,0.00149815693299781,0,0,0,0.00314157701614511,0.000156721237899618,0.00213423531828526,0,0.115669550538958,0.000402660390337738,0.0077213872424584,0.00261641197916132,0.00226180388413819,0.00152157788892546,0
6.94767457962083e-06,0,1.38825148532763e-05,0,0,0,0,0,0.00174604920929177,0,0.00440749673827593,0,0,0,0.000212109669790541,0,0,0,5.42602865208088e-05,0,0.00128117113518795,0,0.00544973336407238,0,0.00660982531371907,0,0,0,0.00210275173771643,0,0.00770166250853485,0,0,0.000824067792619694,0.00669221922686327,0,0.0130527849671074,0.000750019702460321,0,0,0,0,0.000333673938829912,0,0,0,3.39330777083917e-05,0.00333215084912834,0.0056867454072018,0,0,0,0,0,0.00473519506163125,0,0.000700860219864455,0,0,0,0.000327799968874314,0,0,0,0,0.00387030827268662,0,0.00566395520768566,0,0,0,0.000108256228678068,0,0.0111262220289164,0,0,0.000983040395297374,0.000193745956425539,0,0.00334052581656255,0.000871425428720069,0.145706009795102,0.00808467756544704,0.00033621202326066,0.000597527038151222,0,0
0,0,0,0.00094500893815247,0,0,0,0,0,0,0,0,0,0,0,0,0,0,7.29628567854726e-05,0,0,0,0,0,0,0,0,0,0,0,0,0.000137393606209766,0,0,0,5.98238494600345e-05,0,0,0,0,0.000808411302301622,0.0799393049132937,0,0.00334312633402784,0,0.0193340607819333,0,0.000617762642344234,0.00493817742549569,0.0262222703684188,0,0,0,0,0,0,0,0,0,0,0,0,0.000799937080384737,0,0,0,0,0,0,0,0,0,0,0,0,0,0,0,0.00663157327038943,0.000247463953188809,0.00108095029889258,0,0.000142186008718591,0,0.0512484036272792,0.0026541537138341,0
0,0,0,0,0,0,0,0,0,0,0,0,0,0,0,0,0,0,0,0,0,0,0,0,0,0,0,0,0,0,0,7.10333707815286e-05,0,0,0,3.67560982556005e-05,0,0,0,0.000808411302301622,0,0,0.00119378143662338,0,0,0,0.0422221981009171,0.000165941081898453,0.0192788494451543,0.00206086883782005,0,0,0,0,0,0,0,0,0,0,0,0,0,3.18093103498238e-05,0,0,0,0,0,0,0,0,0,0,0,0,0,0,0.000468976117192427,0.00174393189122436,0,0,0,0,0.0274541679144302,0,0
0,0.000110366011338032,0,0.000300137026909474,0,0,0,0,0,0.000129014107991949,0,0,0,0,0,0,0.000260899027066541,0.00232757146185182,0.036015819160131,0,0,0,0,0.000961627116086154,0,0,0,0,0,0,0,0,0,0,0,1.79098362520819e-05,0,0.00163475163213888,0,0.0799393049132937,0,0,0.00206197324024111,0.0122914058189327,0,0.0315856169524638,0,0.00345066112567072,0,0.036771294192123,0,0,0,0,0,0,0,0.003710079248489,0,0,0,0,0.000944202621069786,5.82839613821207e-05,0,0,0,0,0,0,0.000573982601259958,0,0.00444364365340395,0,0,0,0,0,0.00796880384455696,0,0.0151865472514285,1.75824258490215e-06,0.00621822939039326,0.000256520816492296,0.140133747574706,0.242231146073382,1.26062360161956e-05
0,0,0.000399826570966409,0,0,0,0,0,0,0,0,0,0,0,0,0,0.00406093420100512,0.000531411268954508,0.0503872340368808,0,0.00013153736868022,0,0,0,0,0,0,0,1.38681762555516e-05,0,0,0,0,0,0,0,0,0,0.000333673938829912,0,0.00119378143662338,0.00206197324024111,0,0.000632835941657841,0.0254353715534738,0,0.0115377825319096,0.00442927623907632,0.0128245826293667,0,0,0,0,0,1.74765610937255e-05,0,0.00151336310402491,0,0,0,0,0,0,0.000361430252652293,0,0.000637744906703447,0,0,0,0,0,0.00262777026337127,0,0.0139738419195231,0,0,0,9.44503179684193e-05,0,1.21358875062604e-05,0,0.00417493438438014,0.00362069640292199,0.000229824541806038,0.161927784915793,0,0.0881444140213303
0,0,0,0,0,0,0,0,0,0,0,0,0,0,0,0,0.000873053276203823,0.00397984086556135,0.0370394423502736,0,0,0,0,0,0,0,0,0,0,0,0,0,0,0,0,0,0,0,0,0.00334312633402784,0,0.0122914058189327,0.000632835941657841,0,0.00104885748059598,0.00389033081210326,0,0,0,0,0,0,0,0,0,0,0,0,0,0,0,0,0.000122187181082208,7.57834851067632e-05,0,0,0,0,0,0,0,0,0,0.00103675173213029,0,0,0,0,9.83205153845406e-05,0,1.0060106948291e-05,3.68637627067708e-06,0.000358264240725973,0.000114092255477585,0.00424239020997463,0.0541423399728234,0.000521822831529106
0,0,0,0,0,0,0,0,0,0,0,0,0,0,0,0,0.00141652711184494,2.42352081943139e-05,0.0226351583147638,0,0.000183215475547255,0,0,0,0,0,0,0,0,0,0,0,0,0,0,0,0,0,0,0,0,0,0.0254353715534738,0.00104885748059598,0,0,0.0148582874992049,0,0,0,0,0,0,0,0,0,0,0,0,0,0,0,0,0.000605275362615648,0,0,0,0,0,0,0,0,0,0.00160283643114081,0,0,0,0,0,0,0,2.56758811033317e-05,5.69380842263926e-05,0,0.0187333296883697,0,0.00430713370373086
0,0,0,0.0181069882752059,0,0,0,0,0,0,0,0,0,0,0,0,1.23886830183215e-05,3.579506310514e-05,0.000657477918528476,0.000599660317191121,0,0,0,0,0,0,0,0,0,0,0,0,0,0,0,0.000390267123229244,0,0,0,0.0193340607819333,0,0.0315856169524638,0,0.00389033081210326,0,0,0,0,0,0.000459052426726071,0,0,0,0,0,0,0,0.00783125794711302,0,0,0,0,0.0761686754783091,0,0,0,0,0,0,0,0,0,0,0,0,0,0,0,0.00517242753340269,0,0,0,0.000254925483679061,1.03246383259111e-06,0.074936798709513,0,0
0,0,0.0111559467330375,0,0.00143290479494371,0,0,0,0,0,0,0,0,0,0,0,5.88678469728488e-06,0,0.000604579597565309,0,0.00418001641572678,0,0,0,0,0,0,0,0,0,0,0,0,0,0,0,1.09932449374591e-05,0,3.39330777083917e-05,0,0.0422221981009171,0,0.0115377825319096,0,0.0148582874992049,0,0,0,0.000578211896185417,0,0,0,0,0,0,0,0.000228580477436769,0,0,0,0,0,0,0.0910931640269268,0,0.000467816626629294,0,0,0,0,0,0.000530034810569133,0,0.0146540915035763,0,0,0,0,0,0.00155560605760096,0,0.00149713000375556,2.93912592919522e-05,0,0.111507554815209,0,0
0,0,0,0.000120190403621903,0,0,0,0,0,0,0,0,0,0,0,0,0,0,0,0,0,0,0,0,0,0,0,0,0,0,0,0.0628925979879012,0.0384758300660459,0.221700090594708,0.0821875475306431,0.000863353556591607,0.000255074741828147,0.00245589780577977,0.00333215084912834,0.000617762642344234,0.000165941081898453,0.00345066112567072,0.00442927623907632,0,0,0,0,0,0.0820720538326664,0.0650879243475891,0,0,0,0,0,0,0,0,0,0,0,0,0,0,0,0,0,0,0,0,0,0,0,0,0.0614854706123962,0.0622230750976037,0.0776566413256069,0.0471183932281982,0.0164085182120283,0.0183516645883469,0.00314583062239511,0.00423897499698105,0.00175897872273674,4.49530062966717e-05,0.0214183736095726,0,0
0.0159393105271448,0,0.0165669734425783,0,0,0,0,0,0.00270736294644293,0,0,0,0,0,0.00092991915670681,0,2.25173930162607e-05,0,0.000145209376356302,0,0,0,0.000489521682647997,0,0.00107168705685917,0,0,0,0,0,0,0.000306004244043225,0,7.21549671489283e-05,0.00474849413273412,0.000104018244077246,0,0,0.0056867454072018,0.00493817742549569,0.0192788494451543,0,0.0128245826293667,0,0,0,0.000578211896185417,0.0820720538326664,0,0.0459639335653631,0,0,0,0,0.00466386110187003,0,0.00439979460844059,0,0.00067375293155643,0,0.0192455137542183,0,0,0,0,0.0101522680472494,0,0.0051007415796845,0,0.000209583046066021,0,0.0020334021524263,0,0.00410996492445698,0.000373730459692159,0.00199976393802252,0,0.0011793324262223,0.00501710836032121,0.00940946178023205,0,0.00705634278755427,0.000544783076145152,0,0.0362214745415967,0,0
0,0.0302425083923195,0,0.00863889274137344,0,0,0,0,0,7.90784350932288e-05,0,0,0,0,0,0.000196903761523726,0,0,1.16746010613424e-05,0,0,0.00334220516415082,0,0.000744588104184938,0,0,0,0,0,0,0,0.000188102206004675,6.32854782534227e-05,7.2522946640576e-05,0,0.000169558074434365,0,0.000170816996657916,0,0.0262222703684188,0.00206086883782005,0.036771294192123,0,0,0,0.000459052426726071,0,0.0650879243475891,0.0459639335653631,0,0,0,0,0,0,0.00228138141061584,0,0.000819143967127643,0,0,0,0.0050981751971722,0,0,0.009111922054048,0,0.00100000127270216,0,0.01403215285168,0,0.0104387225678023,0,0.00165530755740499,0,0.000432672715830296,0,0.000744921596011045,0,0.00299261337175035,0.00040409314540144,0.00472170543345475,0,0.000208929998499441,8.32376409777119e-06,0.0494409201247035,0.00140088041151522,0
0,0,0.000875455498457883,0,0.192160246010087,0,0,0,0,0,0,0,0,0,0,0,0,0,0,0,0,0,0,0,0,0,0,0,0,0,0,0,0,0,0,0,0,0,0,0,0,0,0,0,0,0,0,0,0,0,0,0,0.00897825120910804,0,0,0,0,0,0.000352658313229907,0,0.00108677061080518,0,0,0,0,0,0,0,0,0,0,0,0,0,0,0,0,0,0,0,0,0,0.00142702815531405,0,4.59591206159859e-06,0,0
0,0,0,0,0,0.00210143156444076,0,6.06842385704309e-05,0,0,0,0,0,0,0,0,0,0,0,0,0,0,0,0,0,0,0,0,0,0,0,0,0,0,0,0,0,0,0,0,0,0,0,0,0,0,0,0,0,0,0,0,0,0.0125180475299385,0,0,0,0.000851186113153216,0,0,0,0,0,0,0,0,0,0,0,0,0,0,0,0,0,0,0,0,0,0,0,0,0,0,0.000259926745824306,0,0
0,0,0,0,0.0048444136497128,0,0.0845023448042914,0,0,0,0.000302115995765266,0,0.0140279909722788,0,0,0,0,0,0,0,0,0,0,0,0,0,0,0,0,0,0,0,0,0,0,0,0,0,0,0,0,0,0,0,0,0,0,0,0,0,0.00897825120910804,0,0,0,0,0,0.000145913312540039,0,0.0210342116351089,0,0,0,0,0,0,0,0,0,0,0,0,0,0,0,0,0,0,0,0,0,0,0,0.0001857713090107,0,0,0,0
0,0,0,0,0,0.00503804244734946,0,0.0262286782534635,0,0,0,0.000482161801597281,0,0,0,0,0,0,0,0,0,0,0,0,0,0,0,0,0,0,0,0,0,0,0,0,0,0,0,0,0,0,0,0,0,0,0,0,0,0,0,0.0125180475299385,0,0,0,0,0,0.00191982564739895,0,0,0,0,0,0,0,0,0,0,0,0,0,0,0,0,0,0,0,0,0,0,0,0,4.15905806567798e-05,0,0,0,0
0.00496339486581255,0,0.00343632050693507,0,0.00316680194372105,0,0,0,0.0468473457490543,0,0,0,0,0,0.0242107413260947,0,0,0,0,0,0,0,0,0,0.00823031429183887,0,0,0,0,0,0,0,0,0,0,0,0,0,0.00473519506163125,0,0,0,1.74765610937255e-05,0,0,0,0,0,0.00466386110187003,0,0,0,0,0,0,0,0,0,0,0,0.0108459114755959,0,0,0,0,0,0,0.0191860667795032,0,0,0,0,0,0,0,0,0,0,0,0,0,0.0031099642916621,9.65896808097325e-05,0,0.00261400616709813,0,0
0,0.0348275774110551,0,0,0,0,0,0,0,0.0311533245645081,0,0,0,0,0,0.00557334874455688,0,0,0,0,0,0.000712342503747542,0,0.00424756307443613,0,0.00280407717819894,0,0,0,0,0,0,0,0,0,0,0,0.00317804016817189,0,0,0,0,0,0,0,0,0,0,0,0.00228138141061584,0,0,0,0,0,0,0,0,0,0,0,0.0251487912539115,0,0,0.000422823477119209,0,0.00121034025335807,0,0.000681508301980364,0,0,0,0,0,0,0,0,0,0,0,0.0037261500126017,0,0.000129915644356574,0,4.53690150971646e-05,0,0
0,0,3.91660961340801e-05,0,0,0,0.000153038411957324,0,0,0,0.109339900816248,0,0.00501292300903964,0,0,0,0,0,1.00775983741225e-05,0,0.0267715773863698,0,0,0,0,0,0,0,3.5923882457059e-05,0,0.00293014618244582,0,0,0,0,0,8.65859465591453e-05,0,0.000700860219864455,0,0,0,0.00151336310402491,0,0,0,0.000228580477436769,0,0.00439979460844059,0,0,0,0.000145913312540039,0,0,0,0,0,0.0140943405294495,0,0.000754196291025576,0,0,0.0303085025821116,0,0.000544740259236375,0,0,0,1.34241468395046e-05,0,0.0492898516743893,0,0.0409474930164795,0,0,0,0,0,1.18300233829565e-05,0,0.00123770470717921,0.0007562254706123,0,0.0158357481098824,0,0
0,0,0,5.95662801655267e-05,0,0.0121526992932069,0,0,0,0,0,0.00933948372794625,0,0,0,0,0,0,9.83655003269836e-06,0.00516202953813906,0,0,0,0.000137275739252166,0,0,0,0,0,0.000732480309863691,0,0,0,0,0,9.47169655979622e-06,0,1.70720060332168e-05,0,0,0,0.003710079248489,0,0,0,0.00783125794711302,0,0,0,0.000819143967127643,0,0.000851186113153216,0,0.00191982564739895,0,0,0,0,0,9.48316737776622e-05,0,0,0.0339117223966585,0,0,0,0,0,0,0,0.00457396778212426,0,0.00520160517181422,0,0,0,0,0,1.59640076574563e-06,0,0,0,3.57055729144051e-05,0,0.0155054500201525,0.00216364995100568,0
0,0,0,0,0.000151261454203494,0,0.00781686373433486,0,0,0,0.00947539339933121,0,0.0215298650604893,0,0.0174464861767293,0,0,0,0,0,0,0,0,0,0,0,0,0,0.000228438598896559,0,0.000426435762580323,0,0,0,0,0,0,0,0,0,0,0,0,0,0,0,0,0,0.00067375293155643,0,0.000352658313229907,0,0.0210342116351089,0,0,0,0.0140943405294495,0,0,0,0.0104778852547146,0,0,0,0,0,0,0,0,0.00315463283872086,0,0.0257512437465084,0,3.35702570498902e-05,0,0,0,0,0,0,0,3.57939092750409e-05,0.000553408786534592,0,0,0,0
0,0,0,0,0,0,0,0,0,0,0,0.0022178692577691,0,0.00441639795839061,0,0,0,0,0,0,0,0,0,0,0,0,0,0,0,0,0,0,0,0,0,0,0,0,0,0,0,0,0,0,0,0,0,0,0,0,0,0,0,0,0,0,0,9.48316737776622e-05,0,0,0,0,0,0,0,0,0,0,0,0,0,0,0,0,0,0,0,0,0,0,0,0,0,0,0,0,0
0.0236653276132909,0,0,0,0.000263402416959845,0,0,0,0.0307313694967553,0,0,0,0.000554534495493053,0,0.0299003604569361,0,0,0,0,0,0,0,0,0,0.00317199735217715,0,0,0,0,0,0,0,0,0,0,0,0,0,0.000327799968874314,0,0,0,0,0,0,0,0,0,0.0192455137542183,0,0.00108677061080518,0,0,0,0.0108459114755959,0,0.000754196291025576,0,0.0104778852547146,0,0,0,0,0,0,0,0,0.00450725662206219,0,0.031142918160628,0,0.00316925770863773,0,0.000565054876159233,0,0,0,0,0,0,0,0.000256349197717934,4.61267772105407e-06,0,0.00106084447715353,0,0
0,0.0011407036460826,0,0,0,0,0,0,0,0.0131687018897435,0,0,0,0,0,0.0131053431736386,0,0,0,0,0,0,0,0.00251868777860878,0,0.00525172850107555,0,0,0,0,0,0,0,0,0,0,0,0,0,0,0,0,0,0,0,0,0,0,0,0.0050981751971722,0,0,0,0,0,0.0251487912539115,0,0,0,0,0,0,0,0,0,0,0.00303500574160412,0,0.0266949109782467,0,0,0,0,0,0,0,0,0,0,0,0,0,3.98546763160355e-06,0,0.000174868030059853,0,0
0,0,0,0.000169960494847205,0,0,0,0,0,0,0,0.00093957874514303,0,0,0,0,0,0,0,0.0727415037570375,0,0,0,0,0,0,0,0,0,0,0,0,0,0,0,0.00428073702961051,0,0.000449091610730263,0,0.000799937080384737,0,0.000944202621069786,0,0.000122187181082208,0,0.0761686754783091,0,0,0,0,0,0,0,0,0,0,0,0.0339117223966585,0,0,0,0,0,0,0,0,0,0,0,0,0,0,0,0,0,0,0,0,0.00635392979123283,0,0.00660985349910758,0,0.000565688765290756,0,0.0131871614291829,0,0
0,0,0,0,0,0,0,0,0,0,0.0011488505057293,0,0,0,0,0,0.00018680705245198,0,0.00132065146393206,0,0.0734469496255191,0,0,0,0,0,0,0,0,0,0,0,0,0,0,0,0.00368809212544809,0,0,0,3.18093103498238e-05,5.82839613821207e-05,0.000361430252652293,7.57834851067632e-05,0.000605275362615648,0,0.0910931640269268,0,0,0,0,0,0,0,0,0,0.0303085025821116,0,0,0,0,0,0,0,0,0.000240938030791586,0,0,0,0,0,0.00187589356467337,0,0.0182133285353867,0,0,0,0,0,0.00655151556891264,0,0.000829174079203694,9.95046883090734e-05,0,0.0153277049343788,0,0.000329706729713804
0,0,0,0,0,0,0,0,0,0.000185569350237823,0,0,0,0,0,0,0.000198871650233708,0.0011693484427782,0,0,0,0.131542739344572,0,0.000841546774960812,0,0.00864722738627515,0,0,0,0,0,0,0,0,0,0,0,0.000867216813152054,0,0,0,0,0,0,0,0,0,0,0,0.009111922054048,0,0,0,0,0,0.000422823477119209,0,0,0,0,0,0,0,0,0,0,0.00239450139305691,0,0.00293466080634957,0,0.00208502447336254,0,0,0,0,0,0,0,0,0,0.00296560826594181,0,0.00161055595226397,1.55710351707706e-05,0,0,0
0,0,0,0,0,0,0,0,0,0,2.42144812717216e-05,0,0,0,0,0,4.92132925120721e-05,0,0.000164348524803938,0,0,0,0.0650734499281711,0,0.00150426906976753,0,0,0,0.00127324818429944,0,0,0,0,0,0,0,0,0,0.00387030827268662,0,0,0,0.000637744906703447,0,0,0,0.000467816626629294,0,0.0101522680472494,0,0,0,0,0,0,0,0.000544740259236375,0,0,0,0,0,0,0.000240938030791586,0,0,0,0.00578024878535021,0,0.00156665908215371,0,0.0106890691566315,0,0.00124285992432104,0,0,0,0,0,0,0,0.010422755191107,0.00105856195941062,0,0.000460155657846938,0,0
0,0,0,0,0,0,0,0,0,6.98441933805246e-05,0,0,0,0,0,0.000230962743580849,0,0,0,0,0,0.00124618527867003,0,0.0140489992122425,0,0.0807785944312176,0,0,0,0,0,0,0,0,0,0,0,0,0,0,0,0,0,0,0,0,0,0,0,0.00100000127270216,0,0,0,0,0,0.00121034025335807,0,0,0,0,0,0.00303500574160412,0,0,0.00239450139305691,0,0,0,0.0511440983413943,0,7.04674792148423e-05,0,0,0,0,0,0,0,0,0,0,0,4.55030755748125e-05,0,6.47531309288388e-05,0,0
3.15641969826867e-05,0,0,0,0,0,0,0,0.00642051350306322,0,0,0,0,0,0.0028771080948881,0,0,0,0,0,0,0,0.00272343351948162,0,0.0740534335448499,0,0,0,0,0,0,0,0,0,0,0,0,0,0.00566395520768566,0,0,0,0,0,0,0,0,0,0.0051007415796845,0,0,0,0,0,0.0191860667795032,0,0,0,0,0,0.00450725662206219,0,0,0,0,0.00578024878535021,0,0,0,0.0141907820915161,0,0,0,0,0,0,0,0,0,0,0,0.000392671079804959,4.55869842736102e-05,0,8.07725217562092e-05,0,0
0,0,0,0,0,0,0,0,0,2.03953072446916e-05,0,0,0,0,0,0.00252478264443936,0.000329611742256718,0.00236360105978119,0.000116387880118308,0,0,0.00208832036317536,0,0.0242360178002718,0,0.0731296115627709,0,0.000240512587499293,0,0,0,0,0,0,0,0,0,0,0,0,0,0,0,0,0,0,0,0,0,0.01403215285168,0,0,0,0,0,0.000681508301980364,0,0,0,0,0,0.0266949109782467,0,0,0.00293466080634957,0,0.0511440983413943,0,0,0,0.0350660981250137,0,0,0,0,0,0,0,0,0,1.63330091154872e-05,0,0.000200217471009726,0,6.45374655443634e-05,0,0
0,0,0,0,0,0,0,0,0,0,0,0,4.98906152445674e-05,0,0.0114992703214432,0,0,0,0,0,0,0,0.000873915703357105,0,0.0286055354650636,0,0.0958136508340134,0,0,0,0,0,0,0,0,0,0,0,0,0,0,0,0,0,0,0,0,0,0.000209583046066021,0,0,0,0,0,0,0,1.34241468395046e-05,0,0.00315463283872086,0,0.031142918160628,0,0,0,0,0.00156665908215371,0,0.0141907820915161,0,0,0,0.0170127135893123,0,0,0,0,0,0,0,0,0,0.000479732049419834,0.000903609434323823,0,0,0,0
0,9.65963981286358e-06,0,0,0,0,0,0,0,0,0,0,0,0.00033501538564451,0,0,0,0,0,0,0,7.70857311344382e-05,0,2.19351031202149e-05,0,0.0018714721957967,0,0.0346230076097572,0,0.0029446135314881,0,0,0,0,0,0,0,0.000172709750455671,0,0,0,0.000573982601259958,0,0,0,0,0,0,0,0.0104387225678023,0,0,0,0,0,0,0,0.00457396778212426,0,0,0,0,0,0,0.00208502447336254,0,7.04674792148423e-05,0,0.0350660981250137,0,0,0,0.00199347143122954,0,0,0,0,0,0,0,0.00239154001427044,0,2.68685018198948e-05,0,0.00442229301571416,0.000307797871145485,0
0,0,3.26044010019876e-05,0,0,0,0,0,0,0,0.00336079037373219,0,0.000234854201225719,0,0.000890575171444754,0,9.20977270477092e-05,0,0.000660165423307255,0,0,0,0.0016089581680531,0,0,0,0,0,0.0454867674551688,0,0.024173931713276,0,0,0,0,0,0,0,0.000108256228678068,0,0,0,0.00262777026337127,0,0,0,0.000530034810569133,0,0.0020334021524263,0,0,0,0,0,0,0,0.0492898516743893,0,0.0257512437465084,0,0.00316925770863773,0,0,0.00187589356467337,0,0.0106890691566315,0,0,0,0.0170127135893123,0,0,0,0.0105373259411568,0,0,0,0,0,0,0,0.00692344411149052,0.000298757426568938,0,0.00565744535987182,0,0
0,0,0,0,0,0,0,0,0,0,0,0,0,0,0,0,0,0,2.32841284171529e-05,0,0,0,0,0,0,0,0,0,0,0.0472446856465585,0,0,0,0,0,0,0,0.00149815693299781,0,0,0,0.00444364365340395,0,0,0,0,0,0,0,0.00165530755740499,0,0,0,0,0,0,0,0.00520160517181422,0,0,0,0,0,0,0,0,0,0,0,0,0.00199347143122954,0,0,0,0,0,0,0,0,0,0.00266140777004395,0,1.93870214879385e-05,0,0.0137007160296281,0.00180739073974464,0
0,0,0.000268790309422685,0,0,0,0,0,0,0,0.00953350516692856,0,1.20993989195016e-05,0,0,0,0.000723112351826448,1.38901804685295e-05,0.00591401244569304,0,0.00601938511283023,0,0,0,0,0,0,0,6.00122396357891e-05,0,0.0220157734081197,0,0,0,0,0,0,0,0.0111262220289164,0,0,0,0.0139738419195231,0.00103675173213029,0.00160283643114081,0,0.0146540915035763,0,0.00410996492445698,0,0,0,0,0,0,0,0.0409474930164795,0,3.35702570498902e-05,0,0.000565054876159233,0,0,0.0182133285353867,0,0.00124285992432104,0,0,0,0,0,0.0105373259411568,0,0,0,0,0,0,0,0,0,0.0119282971744826,0.000453951025207807,2.08405616563016e-06,0.0132899039772051,0,0.000679801877385136
0,0,0,0,0,0,0,0,0,0,0,0,0,0,0,0,0,0,0,0,0,0,0,0,0,0,0,0,0,0,0,0.0398035659010433,0.0319543088467188,0.00212845736833395,0.000537478218567748,0.00255585042163466,0,0,0,0,0,0,0,0,0,0,0,0.0614854706123962,0.000373730459692159,0.000432672715830296,0,0,0,0,0,0,0,0,0,0,0,0,0,0,0,0,0,0,0,0,0,0,0,0,0,0.0112074279859111,0.053374931430781,0,0.00181132979776127,0,0,0,0.000219316296784193,0,0,0,0
0,0,0,0,0,0,0,0,0,0,0,0,0,0,0,0,0,0,0,0,0,0,0,0,0,0,0,0,0,0,0,0.0128439981115179,0.0723664071867162,0.000290001209085925,0.00278275912665147,0,0.00184019760459344,0,0,0,0,0,0,0,0,0,0,0.0622230750976037,0.00199976393802252,0,0,0,0,0,0,0,0,0,0,0,0,0,0,0,0,0,0,0,0,0,0,0,0,0,0.0112074279859111,0,0,0.0934806053940704,0,0.009090338025225,0,0,0.000214889757478042,0,0,0,0
0,0,0,0,0,0,0,0,0,0,0,0,0,0,0,0,0,0,0,0,0,0,0,0,0,0,0,0,0,0,0,0.0127875228001294,0,0.272180594413234,0.037020949298412,0.00524642867695287,6.52922244862769e-05,0.00314157701614511,0.000983040395297374,0,0,0,0,0,0,0,0,0.0776566413256069,0,0.000744921596011045,0,0,0,0,0,0,0,0,0,0,0,0,0,0,0,0,0,0,0,0,0,0,0,0,0.053374931430781,0,0,0.0216241761564215,0.00780827423987049,0.000176449864394839,0.014534481999719,6.41006630256457e-05,0.00161495999483099,0.000771189692423318,8.8241442501785e-05,0,0
0,0,0,0,0,0,0,0,1.72116210123896e-05,0,0,0,0,0,0,0,0,0,0,0,0,0,0,0,0,0,0,0,0,0,0,0,0.0103908481289076,0.0470582086557329,0.179080082931982,0,0.00183425517577406,0.000156721237899618,0.000193745956425539,0,0,0,9.44503179684193e-05,0,0,0,0,0.0471183932281982,0.0011793324262223,0,0,0,0,0,0,0,0,0,0,0,0,0,0,0,0,0,0,0,0,0,0,0,0,0,0,0.0934806053940704,0.0216241761564215,0,0,0.00776148869889038,0.000112923703992542,0.01036557873272,0.00162525423236396,7.03910886994653e-05,0.000210907615772814,0,0
0,0,0,6.06646404060942e-05,0,0,0,0,0,0,0,0,0,0,0,0,0,1.44159922918258e-06,1.6643561052984e-05,0.00192610314189407,0,0,0,0,0,0,0,0,0,0,0,0.0020348629743313,2.44482859789251e-05,0.000683718726752614,0,0.0608981865219786,0,0.00213423531828526,0,0.00663157327038943,0.000468976117192427,0.00796880384455696,0,9.83205153845406e-05,0,0.00517242753340269,0,0.0164085182120283,0.00501710836032121,0.00299261337175035,0,0,0,0,0,0,0,1.59640076574563e-06,0,0,0,0,0.00635392979123283,0,0,0,0,0,0,0,0,0,0,0,0.00181132979776127,0,0.00780827423987049,0,0,0.000389204961637369,0.0158613071610241,0,0.00120424149256679,0.000133719082443243,0.0177507475674881,0.000205816603201119,0
0,0,0,0,0,0,0,0,0,0,0.00024743455459367,0,0,0,0,0,0,0,0,0,0.000383955250215746,0,0,0,0,0,0,0,0,0,0,3.03200614298184e-05,0.00221098605223091,0.000369599946569236,0.00490281924931318,0.00012516256188845,0.0874711059473937,0,0.00334052581656255,0.000247463953188809,0.00174393189122436,0,1.21358875062604e-05,0,0,0,0.00155560605760096,0.0183516645883469,0.00940946178023205,0.00040409314540144,0,0,0,0,0,0,1.18300233829565e-05,0,0,0,0,0,0,0.00655151556891264,0,0,0,0,0,0,0,0,0,0,0,0.009090338025225,0.000176449864394839,0.00776148869889038,0.000389204961637369,0,0,0.0116378248360097,0.00136908639338548,2.95631242901361e-05,0.00159507380998084,0,0
0,0.000931356711238396,0,0,0,0,0,0,0,0.00217781879513574,0,0,0,0,0,0,0,0,1.02417765857427e-05,0.00593953344804744,0,0.00261326826848269,0,0.000233418723167149,0,0.000138803867122868,0,0.000311084907442908,0,0.00200422169446248,0,0,0,0.00671403043378717,0.000190373511777003,0.023145868370677,0,0.115669550538958,0.000871425428720069,0.00108095029889258,0,0.0151865472514285,0,1.0060106948291e-05,0,0,0,0.00314583062239511,0,0.00472170543345475,0,0,0,0,0,0.0037261500126017,0,0,0,0,0,0,0.00660985349910758,0,0.00296560826594181,0,0,0,1.63330091154872e-05,0,0.00239154001427044,0,0.00266140777004395,0,0,0,0.014534481999719,0.000112923703992542,0.0158613071610241,0,0,0.000157647119345045,0.00300769902105053,0.00131183035889953,0.0296284628669787,0.00415929892112275,0
0,0,4.48591973807069e-05,0,0,0,0,0,0.00113875380564816,0,0.00145725804805855,0,0,0,6.99344108433569e-05,0,0.00039476863664908,4.56645604929171e-06,0.00187147263744405,0,0.000998551829105258,0,0.00258108957665095,0,0.000896169918463828,0,0,0,0,0,0.00028295272286186,0,0,3.85873504260524e-05,0.0393920613990199,0,0.016811413786554,0.000402660390337738,0.145706009795102,0,0,1.75824258490215e-06,0.00417493438438014,3.68637627067708e-06,2.56758811033317e-05,0,0.00149713000375556,0.00423897499698105,0.00705634278755427,0,0,0,0,0,0.0031099642916621,0,0.00123770470717921,0,3.57939092750409e-05,0,0.000256349197717934,0,0,0.000829174079203694,0,0.010422755191107,0,0.000392671079804959,0,0.000479732049419834,0,0.00692344411149052,0,0.0119282971744826,0,0,6.41006630256457e-05,0.01036557873272,0,0.0116378248360097,0.000157647119345045,0,0.00485189471411464,0.000248941117923129,0.00277906991929716,0,1.49481715612841e-05
