0,0,17.0479182600975,0,0,0,0,0,304.466182500124,0,0,0,0,0,0,0,1.52153384685516,0,23.7101107388735,0,0,0,0,0,0,0,0,0,0,0,0,0,0,0,0,0,0,0,0,0,0,0,14.4835933446884,0,0,0,2.78185200691223,0,44.3186196088791,0,0,0,0,0,360.166490882635,0,0,0,0,0,18.5200940221548,0,0,0.970657736063004,0,0,0,0,0,0,0,0,0,0,0,0,0,0,0.707851827144623,0.566751331090927,0,0,190.753462508321,0,188.826217055321,0,0
0,0,0,25.6792418509722,0,0,0,0,0,56.3293744921684,0,0,0,0,0,0,0,0,15.5761943906546,0,0,0,0,0,0,0,0,0,0,0,0,0,0,0,0,0.15790556371212,0,0,0,0.659971594810486,0,19.3191856443882,0,0,0,1.66900420188904,0,0,0,112.305321753025,0,0,0,0,0,17.3874954581261,0,0.248177319765091,0,0,0,7.56508010625839,0,0,0,0,0,0,0,0,0,0,0.787493973970413,0,0,0,0,0,11.5490912944078,0,3.67304456233978,0,70.1783943474293,0,148.828812718391,0,0
17.0479182600975,0,0,0,6.1177573800087,0,0,0,53.2299823313951,0,0,0,0,0,0,0,0,0,4.92667962610722,0,8.59727048873901,0,0,0,0,0,0,0,0,0,0,0,0,0,0,0,0,0,0.214654192328453,0,0.441093072295189,0,84.5309002995491,0,0,0,1.59258976578712,1.57561028003693,53.206673681736,0,40.5148283392191,0,0,0,47.9888926148415,0,60.5247827619314,0,12.6022573113441,0,6.4902471601963,0,0,0.857256174087524,0,0,0,0,0,0,0,3.60608342289925,0,27.2507411986589,0,0,0,0,0,3.4767489284277,0,10.3646849095821,89.4158872887492,2.44024328142405,265.318280920386,0,7.97511652112007
0,25.6792418509722,0,0,0,5.07224981486797,0,0,0,115.41071164608,0,0,0,0,0,0,0,0,5.20101255178452,0,0,0,0,0,0,0,0,0,0,0,0,0,0,0,0,13.4172582626343,0,0,0,9.40644666552544,0,78.7516139596701,0,0,0,9.64394457638264,0,6.21022395789623,0,133.408534690738,0,245.928378358483,0,0,0,56.6839245557785,0,16.8696963042021,0,8.99641633033752,0,4.74270617961884,3.39079412072897,0,0,0,0,0,0,0,0.996112704277039,0,65.3756504356861,0,0,0,0,0,16.0500431209803,0,24.360554471612,0,45.3471874073148,1.43889003247023,403.868246987462,5.97802989184856,0
0,0,6.1177573800087,0,0,0,8.85356760025024,0,40.6533477306366,0,0,0,0,0,3.97999757528305,0,0,0,0,0,53.9767674803734,0,0,0,0,0,0,0,0,0,0,0,0,0,0,0,2.10289642214775,0,0,0,0,0,2.71120285987854,0,0,0,0.189559534192085,0.222047716379166,0,0,343.674623265862,0,0,0,14.0689015388489,0,29.9835487902164,0,0,0,6.09785434603691,0,0,11.2668569684029,0,0,0,0,0,0,0,0,0,0.705553218722343,0,0,0,0,0,0.97365614771843,0,0,112.319318197668,0.0939603969454765,103.170809447765,0,0
0,0,0,5.07224981486797,0,0,0,4.33382320404053,0,1.12689554691315,0,6.11494892835617,0,0,0,7.94330358505249,0,0,0,55.6657696664333,0,0,0,0,0,0,0,0,0,0,0,0,0,0,0,5.6902762055397,0,0,0,0.618901610374451,0,9.02444741129875,0,0,0,1.73198744654655,0,10.3838346451521,1.14946520328522,33.9030741304159,0,790.110635817051,0,29.4569056034088,0,6.63164469599724,0,1.50851252675056,0,0,0,0,59.2426114678383,0,0,0,0,0,0,0,0,0,6.81172499060631,0,0,0,0,0,3.05934125185013,0,2.46146297454834,0,623.133590489626,0.114447258412838,155.413508191705,0,0
0,0,0,0,8.85356760025024,0,0,0,0,0,0.632630050182343,0,32.1576300859451,0,0,0,0,0,0,0,6.57373955845833,0,0,0,0,0,0,0,0,0,0,0,0,0,0,0,0,0,0,0,0,0,0,0,0,0,0,0,0,0,55.0763877630234,0,77.4825709164143,0,0,0,18.8780709207058,0,86.5845260620117,0,0,0,0,15.8372821807861,0,0,0,0,0,0,0,0,0,0,0,0,0,0,0,0,0,0,18.4456654191017,0,0,0,0
0,0,0,0,0,4.33382320404053,0,0,0,0,0,29.7655333578587,0,57.9004772901535,0,0,0,0,0,0,0,0,0,0,0,0,0,0,0,0,0,0,0,0,0,0,0,0,0,0,0,0,0,0,0,0,0,0,0,0,0,51.6352102160454,0,851.960742086172,0,0,0,13.4884693026543,0,47.3109847307205,0,0,0,0,0,0,0,0,0,0,0,0,0,0,0,0,0,0,0,0,0,0,37.8756999373436,0,0,0,0
304.466182500124,0,53.2299823313951,0,40.6533477306366,0,0,0,0,0,0,0,0,0,108.208626270294,0,9.91151741147041,0,0,0,0,0,0,0,25.5735618472099,0,0,0,0,0,0,0,0,0,0,0,0.697812795639038,0,25.1902623027563,0,0,0,0.803045809268951,0,0,0,0,0,26.2794977128506,0,73.9158222079277,0,0,0,379.897092968225,0,8.74790713191032,0,0.733276307582855,0,46.6279868036509,0,0,0,0,0,0,1.82437056303024,0,0,0,0.875982224941254,0,1.06782603263855,0,0,0,0,0,0,0,26.6763866692781,505.14161362499,9.76964068412781,63.5994224101305,0,0
0,56.3293744921684,0,115.41071164608,0,1.12689554691315,0,0,0,0,0,0,0,0,0,31.6499752998352,0,33.877527654171,0,0,0,0,0,87.3474189341068,0,0,0,0,0,0,0,0,0,0,0,0,0,22.9634102582932,0,0,0,0,0,0,0,0,0,0,0,31.2683735489845,0,65.5533388257027,0,0,0,297.07259953022,0,0,0,0,0,0,0,0,0,0,5.84022063016891,0,0,0,0,0,0,0,0,0,0,0,0,0,3.52326673269272,0,421.486218035221,0,24.2025493085384,0,0
0,0,0,0,0,0,0.632630050182343,0,0,0,0,0,116.892581582069,0,0,0,0,0,0,0,129.060468554497,0,0,0,0,0,0,0,1.5534154176712,0,1.74052095413208,0,0,0,0,0,111.723691225052,0,427.674779683352,0,0,0,0,0,0,0,0,0,0,0,0,0,9.03912037611008,0,0,0,1118.98788355291,0,413.172264635563,0,0,0,0,167.605190902948,0,0,0,0,0,0,0,0,0,24.7505429536104,0,0,0,0,0,0,0,187.412820190191,6.03958368301392,0,0,0,0
0,0,0,0,0,6.11494892835617,0,29.7655333578587,0,0,0,0,0,386.223938107491,0,0,0,0,0,85.1125039756298,0,0,0,0,0,0,0,0,0,55.7540743350983,0,0,0,0,0,0.303723633289337,0,260.292010188103,0,0,0,0,0,0,0,1.60832437872887,0,0,0,0,0,20.2554688006639,0,5.84815460443497,0,0,0,974.957830525935,0,138.896856427193,0,0,426.175963446498,0,0,0,0,0,0,0,0,0,72.9774403423071,0,0,0,0,0,0,0,84.5926157236099,0,96.0217260122299,0,45.1239182054996,0,0
0,0,0,0,0,0,32.1576300859451,0,0,0,116.892581582069,0,0,0,62.7555859088898,0,0,0,0,0,0,0,0,0,0,0,0,0,0,0,0,0,0,0,0,0,0,0,0,0,0,0,0,0,0,0,0,0,0,0,0,0,2.75342977046967,0,0,0,22.0556676387787,0,170.870478123426,0,9.60427194833755,0,0,0,0,0,0,0,0,0,0,0,0,0,0,0,0,0,0,0,0,0,4.6424189209938,9.69320344924927,0,0,0
0,0,0,0,0,0,0,57.9004772901535,0,0,0,386.223938107491,0,0,0,0,0,0,0,0,0,0,0,0,0,0,0,4.12481617927551,0,0,0,0,0,0,0,0,0,0,0,0,0,0,0,0,0,0,0,0,0,0,0,75.4394845962524,0,43.9715596437454,0,0,0,101.253874778748,0,526.73489522934,0,0,0,0,0,0,0,0,0,0,0,0,0,0,0,0,0,0,0,0,0,0,14.9762320518494,0,0,0,0
0,0,0,0,3.97999757528305,0,0,0,108.208626270294,0,0,0,62.7555859088898,0,0,0,55.8186568319798,0,0,0,0,0,0,0,0.372270137071609,0,0,0,0,0,0,0,0,0,0,0,0,0,0,0,0,0,0,0,0,0,0,0,0,0,2.55518388748169,0,0,0,15.2074368000031,0,0,0,2,0,1.93759524822235,0,0,0,0,0,0,0,0,0,0,0,0,0,0,0,0,0,0,0,0,0,27.5662699043751,124.758995771408,0,0,0
0,0,0,0,0,7.94330358505249,0,0,0,31.6499752998352,0,0,0,0,0,0,0,0,0,0,0,0,0,0,0,0,0,0,0,0,0,0,0,0,0,0,0,0,0,0,0,0,0,0,0,0,0,0,0,0,0,24.3710434436798,0,0,0,33.5835272073746,0,0,0,0,0,60.7168388366699,0,0,0,0,0,0,0,0,0,0,0,0,0,0,0,0,0,0,0,0,100.155725479126,0,0,0,0
1.52153384685516,0,0,0,0,0,0,0,9.91151741147041,0,0,0,0,0,55.8186568319798,0,0,10858.5400506034,3174.53175321966,0,0,1.5819034576416,71.7032039761543,32.1845270842314,62.7081637084484,0,1154.44081969559,0,10.7713627815247,0,0,0,0,0,0,0.794443905353546,0,0,0.405516445636749,13.9988327771425,7.47234431654215,17.4893262833357,3.03119248896837,5.93646168708801,5.94086596369743,4.59543409943581,6.31374509632587,0,0,2.63807851076126,0,0,0,0,0,0,0.683448910713196,0,0,0,20.6054651737213,0,5.84692920744419,5.06510056555271,0,20.6952397823334,0,9.64065918326378,0,42.0055180490017,0,0.220220863819122,2.42754584550858,0.699736416339874,0,0,0,0,69.5345880687237,34.8380242958665,7.25184901058674,15.022079885006,9819.88023018092,228.503270789981,43.7372483089566,1.29667024314404,0.241553425788879
0,0,0,0,0,0,0,0,0,33.877527654171,0,0,0,0,0,0,10858.5400506034,0,3703.31751147658,0,0,232.218394905329,0,219.445109993219,0,232.455432906747,5.59096920490265,0,0,0,0,0,0,0,0,1.4802437722683,0,0.233074724674225,0.227345451712608,11.2846672236919,10.0900194942951,27.0019405037165,2.67457389831543,2.5135010778904,2.00842142105103,6.68718747794628,8.45800188928843,0,0.24192613363266,2.88700015842915,0,0,0,0,0,0.545355200767517,1.60767412185669,1.06733082234859,0,0,0,0,4.72664779424667,10.2764124572277,26.6099276542664,0,43.1149507164955,0,7.0258686542511,0,0,0.196276754140854,10.1067838519812,0,0,0,0,0,75.0670526251197,39.6636718809605,12.4111811667681,9.71744185686111,8702.26214785874,954.173064947128,58.7955272570252,1.37703105807304,0
23.7101107388735,15.5761943906546,4.92667962610722,5.20101255178452,0,0,0,0,0,0,0,0,0,0,0,0,3174.53175321966,3703.31751147658,0,0,0,1.56521189212799,0,19.1106180250645,0,0,0,0,0,0,0,0,0,0,0,20.868871845305,18.0246023386717,2.00208176672459,9.58457028865814,446.366473302245,275.60336060077,832.398054875433,623.162673078477,175.462646923959,192.343325391412,275.938782922924,304.957843363285,7.0593776255846,11.5692417025566,41.7267748266459,0,0,0,0,0,0,55.7995602786541,60.5296746492386,0,0,0,0,118.571758165956,142.003060527146,0,0,0.541728794574738,0,1.10581135749817,0,0.533643901348114,5.99478301405907,277.730150461197,49.3619040846825,0,0,0.881479680538177,0,1428.44093388319,1198.26122301072,294.440758287907,306.878510348499,2831.49042358249,1.78775170445442,2100.15755061805,240.81074706465,180.624642945826
0,0,0,0,0,55.6657696664333,0,0,0,0,0,85.1125039756298,0,0,0,0,0,0,0,0,0,0,0,0,0,0,0,0,0,0,0,0,0,0,0,1093.64324069023,0,34.710993424058,0,0,0,4.50786431133747,0,0,0,0.286001235246658,0,11.8054766058922,0,7.35263100266457,0,89.4066756367683,0,0,0,0,0,65.8808418810368,0,0,0,0,1023.01937906444,0,0,0,0,0,0,0,0,0,0.480790942907333,0,0,0,0,0,263.502525135875,0,64.6522784754634,0,32.2644163072109,0,44.7250661998987,0,0
0,0,8.59727048873901,0,53.9767674803734,0,6.57373955845833,0,0,0,129.060468554497,0,0,0,0,0,0,0,0,0,0,0,0,0,0,0,0,0,0,0,0,0,0,0,0,0,428.640202969313,0,159.33868406713,0,0,0,0,0,0,0,6.1137284040451,1.73096561431885,0,0,5.83197966217995,0,0,0,0,0,65.9049268811941,0,0,0,0,0,0,680.160372599959,0,0,0,0,0,0,0,0,0,0,0,0,0,0,0,174.379588931799,0,116.953641369939,74.2559583559632,0.136444732546806,164.692873075604,0,1.0476895570755
0,0,0,0,0,0,0,0,0,0,0,0,0,0,0,0,1.5819034576416,232.218394905329,1.56521189212799,0,0,0,355.813575923443,28.4078741967678,0,190.949480295181,0,99.2199490070343,0,0,0,0,0,0,0,0,0,2087.05439706147,0,0,0,1.15495920181274,0,0,0,0,0,0,0,619.450766742229,0,0,0,0,0,0,0,0.952615052461624,0,0,0,0,0.843466997146606,0,7385.64666065574,2,19.5934769809246,0,111.167948305607,0,359.063898220658,0,6.66223245859146,0,0,0,0,0,0,0,1037.99535448849,0,858.974611625075,104.616408824921,6.76848214864731,0,0
0,0,0,0,0,0,0,0,0,0,0,0,0,0,0,0,71.7032039761543,0,0,0,0,355.813575923443,0,0,11.3429552018642,0,0,0,22.0127145051956,0,0,0,0,0,0,0,0,0,1351.13216385245,0,0,0,0.143850401043892,0,0,0,0,1.38262930512428,171.639749109745,0,0,0,0,0,0,0,0,0,0,0,0,0,0,0,13.518298625946,6359.3229162842,0,129.976554900408,0,18.770635008812,0,28.0676682889462,0,0,0,0,0,0,0,0,0,691.504018299282,770.749293252826,62.5268568992615,2.55713354051113,0,0
0,0,0,0,0,0,0,0,0,87.3474189341068,0,0,0,0,0,0,32.1845270842314,219.445109993219,19.1106180250645,0,0,28.4078741967678,0,0,0,66.2774356603622,0,0,0,0,0,0,0,0,0,0,0,617.205274164677,0,0,0,0,0,0,0,0,0,0,0,32.1341423690319,0,0,0,0,0,33.6706013977528,0,0,0,0,0,0,0,0,55.3324468135834,0,202.644880071282,0,3.95176947116852,0,0,0,0,0,0,0,0,0,0,0,481.572590917349,0,150.508353054523,0,9.99547922611237,0,0
0,0,0,0,0,0,0,0,25.5735618472099,0,0,0,0,0,0.372270137071609,0,62.7081637084484,0,0,0,0,0,11.3429552018642,0,0,0,1,0,0,0,0,0,0,0,0,0,0,0,276.761749669909,0,0,0,2.55964542925358,0,0,0,0,5.60128393769264,15.0985133349895,0,0,0,0,0,97.5059015005827,0,0,0,0,0,0,0,0,0,0,9.86652638018131,0,70.1878321170807,0,54.3719329833984,0,0,0,0,0,0,0,0,0,0,0,430.068961381912,30.4713448286057,0,8.29534554481506,0,0
0,0,0,0,0,0,0,0,0,0,0,0,0,0,0,0,0,232.455432906747,0,0,0,190.949480295181,0,66.2774356603622,0,0,0,0,0,0,0,0,0,0,0,0,0,0,0,0,0,0,0,0,0,0,0,0,0,0,0,0,0,0,0,0,0,0,0,0,0,1,0,0,1.68513965606689,0,188.176368951797,0,101.922578036785,0,0,0,0,0,0,0,0,0,0,0,0,0,82.2299760580063,0,0,0,0
0,0,0,0,0,0,0,0,0,0,0,0,0,0,0,0,1154.44081969559,5.59096920490265,0,0,0,0,0,0,1,0,0,0,0,0,0,0,0,0,0,0,0,0,0,0,0,0,0,0,0,0,0,0,0,0,0,0,0,0,7.2321252822876,0,0,0,0,0,0,0,0,0,0,0,0,20.0681464076042,0,79.7346642911434,0,0,0,0,0,0,0,0,0,0,0,0,37.3363986164331,0,0,0,0
0,0,0,0,0,0,0,0,0,0,0,0,0,4.12481617927551,0,0,0,0,0,0,0,99.2199490070343,0,0,0,0,0,0,0,354.357357949018,0,0,0,0,0,0,0,35.7941434383392,0,0,0,0,0,0,0,0,0,0,0,0,0,0,0,0,0,0,0,0,0,115.638485193253,0,0,0,0,9.72885295748711,0,0,0,1.51720416545868,0,508.312376618385,0,15.6429962068796,0,0,0,0,0,0,0,3.84814989566803,0,0,1,0,0,0
0,0,0,0,0,0,0,0,0,0,1.5534154176712,0,0,0,0,0,10.7713627815247,0,0,0,0,0,22.0127145051956,0,0,0,0,0,0,0,2,0,0,0,0,0,0,0,3.04067826271057,0,0,0,0,0,0,0,0,0,0,0,0,0,0,0,0,0,0,0,0,0,0,0,0,0,0,11.5582690238953,0,0,0,17.4367941319942,0,599.754620835185,0,0,0,0,0,0,0,0,0,12.6167302131653,9.31271147727966,0,0,0,0
0,0,0,0,0,0,0,0,0,0,0,55.7540743350983,0,0,0,0,0,0,0,0,0,0,0,0,0,0,0,354.357357949018,0,0,0,0,0,0,0,0,0,334.40996325016,0,0,0,0,0,0,0,0,0,0,0,0,0,0,0,0,0,0,0,8.39481893181801,0,0,0,0,0,0,0,0,0,0,0,0,247.833395525813,0,282.941538512707,0,0,0,0,0,0,0,131.835167378187,0,0,0,0,0,0
0,0,0,0,0,0,0,0,0,0,1.74052095413208,0,0,0,0,0,0,0,0,0,0,0,0,0,0,0,0,0,2,0,0,0,0,0,0,0,0,0,109.815288603306,0,0,0,0,0,0,0,0,0,0,0,0,0,0,0,0,0,2.2738591581583,0,0,0,0,0,0,0,0,0,0,0,0,0,0,9.50903129577637,0,113.014953568578,0,0,0,0,0,0,0,20.2118222117424,20.1063083410263,0,0,0,0
0,0,0,0,0,0,0,0,0,0,0,0,0,0,0,0,0,0,0,0,0,0,0,0,0,0,0,0,0,0,0,0,459.234434068203,24.4935563802719,0,1037.64682990313,34.4246501326561,0,0,0,0,0,0,0,0,0,0,691.590829432011,2.33635795116425,0,0,0,0,0,0,0,0,0,0,0,0,0,0,0,0,0,0,0,0,0,0,0,0,0,584.918866410851,441.397483795881,0.625045895576477,0,242.027399301529,13.7102628946304,0,0,128.550998568535,0,0,0,0
0,0,0,0,0,0,0,0,0,0,0,0,0,0,0,0,0,0,0,0,0,0,0,0,0,0,0,0,0,0,0,459.234434068203,0,0,0.602508068084717,65.316241979599,124.564602151513,0,0,0,0,0,0,0,0,0,0,416.703682109714,0,0,0,0,0,0,0,0,0,0,0,0,0,0,0,0,0,0,0,0,0,0,0,0,0,0,536.359023332596,368.388588994741,0,15.3235031664371,3.13215258717537,384.956772983074,0,0,74.4077215194702,0,0,0,0
0,0,0,0,0,0,0,0,0,0,0,0,0,0,0,0,0,0,0,0,0,0,0,0,0,0,0,0,0,0,0,24.4935563802719,0,0,902.612283498049,290.59467291832,0,299.510113477707,0,0,0,0,0,0,0,0,0,1000.14398470521,0,70.706656396389,0,0,0,0,0,0,0,0,0,0,0,0,0,0,0,0,0,0,0,0,0,0,0,0,53.5548656284809,0,1425.07549102604,523.267139017582,211.265736311674,0,250.274488300085,0,92.7274598777294,0,0,0,0
0,0,0,0,0,0,0,0,0,0,0,0,0,0,0,0,0,0,0,0,0,0,0,0,0,0,0,0,0,0,0,0,0.602508068084717,902.612283498049,0,0,441.310664579272,0,238.512482360005,0,0,0,0,0,0,0,0,477.553378552198,0.472850650548935,0,0,0,0,0,0,0,0,0,0,0,0,0,0,0,0,0,0,0,0,0,0,0,0,0,0,0,534.58464756608,1280.34336414933,0,165.066642343998,0,198.237867206335,54.3005356490612,0,0,0,0
0,0.15790556371212,0,13.4172582626343,0,5.6902762055397,0,0,0,0,0,0.303723633289337,0,0,0,0,0.794443905353546,1.4802437722683,20.868871845305,1093.64324069023,0,0,0,0,0,0,0,0,0,0,0,1037.64682990313,65.316241979599,290.59467291832,0,0,639.346134960651,2045.83456367254,0,17.5126992538571,0,41.3691220730543,0,2.98297026753426,0,27.9078032746911,1.60080122947693,368.106715485454,2.68592491745949,48.2377415895462,0,7.78257524967194,0,0,0,0,0,0.569814324378967,0,0,0,0,1529.30414064974,0,0,0,0,0,0,0,0,0,0.275796920061111,0,954.735283851624,76.1104680299759,344.646031230688,0,15901.3704348058,322.006505608559,808.299519903958,0,436.229629442096,55.865576416254,132.52646908164,24.793340086937,0
0,0,0,0,2.10289642214775,0,0,0,0.697812795639038,0,111.723691225052,0,0,0,0,0,0,0,18.0246023386717,0,428.640202969313,0,0,0,0,0,0,0,0,0,0,34.4246501326561,124.564602151513,0,441.310664579272,639.346134960651,0,0,2992.31024672091,0,0,0.697254061698914,24.8022750094533,0,1.71418689191341,0,25.8529212251306,47.1225856542587,0.62942561507225,0,0,0,0,0,0.3103868663311,0,61.0488718748093,0,0,0,0,0,0,794.681922838092,0,0,0,0,0,0,0,0,0,0,77.3444139957428,28.529887124896,0,207.015338465571,190.99459451437,13009.8399010971,0,980.047751374543,643.442506700754,50.0193457007408,106.379855439067,0,3.31532260030508
0,0,0,0,0,0,0,0,0,22.9634102582932,0,260.292010188103,0,0,0,0,0,0.233074724674225,2.00208176672459,34.710993424058,0,2087.05439706147,0,617.205274164677,0,0,0,35.7941434383392,0,334.40996325016,0,0,0,299.510113477707,0,2045.83456367254,0,0,150.431507468224,0,0,3.09078140556812,0,0,0,9.88960032165051,0,713.232768028975,0,258.351915061474,0,0,0,0,0,0.511299908161163,0,185.843124181032,0,0,0,0,143.28775306046,0,819.757205277681,0,362.290637895465,0,0,0,159.956238567829,0,119.455004125834,0,0,0,723.328668043017,28.2043902873993,1247.9622887969,0,9501.65620560944,248.258616000414,747.185747176409,0,116.823494493961,1.2367340773344,0
0,0,0.214654192328453,0,0,0,0,0,25.1902623027563,0,427.674779683352,0,0,0,0,0,0.405516445636749,0.227345451712608,9.58457028865814,0,159.33868406713,0,1351.13216385245,0,276.761749669909,0,0,0,3.04067826271057,0,109.815288603306,0,0,0,238.512482360005,0,2992.31024672091,150.431507468224,0,0,0.945478275418282,0,18.7786822021008,0,1.08038504421711,0,20.0704574882984,163.883466988802,380.880744695663,0,0,0,0,0,125.841551825404,0,364.952088564634,0,0,0,0,0,0,104.828829035163,0,548.23880636692,0,299.70781365037,0,0,0,139.780192017555,0,37.7664746642113,0,0,0,118.354603454471,1.23040902614594,2144.25855915248,1,9753.80792450905,466.176800556481,37.193722397089,165.481881409883,0,1.30124835669994
0,0.659971594810486,0,9.40644666552544,0,0.618901610374451,0,0,0,0,0,0,0,0,0,0,13.9988327771425,11.2846672236919,446.366473302245,0,0,0,0,0,0,0,0,0,0,0,0,0,0,0,0,17.5126992538571,0,0,0,0,0,1395.01253069937,20.3332994878292,56.1014221459627,0.805792927742004,101.882881879807,0.139709815382957,80.4020191729069,0,185.000432819128,0,8.64293690025806,0,0,0,0,0,1.77357214689255,0,0,0,0,134.139770433307,0.199334129691124,0,0,0,0,0,0,0.335444197058678,0,11.1038012802601,0,0,0,0.375942766666412,0,928.540484286845,11.3886433243752,12.1149824261665,1.53375864028931,58.3740224689245,1.77351821959019,886.865834414959,192.418979763985,0
0,0,0.441093072295189,0,0,0,0,0,0,0,0,0,0,0,0,0,7.47234431654215,10.0900194942951,275.60336060077,0,0,0,0,0,0,0,0,0,0,0,0,0,0,0,0,0,0,0,0.945478275418282,0,0,2.17421735823154,731.261652633548,0.383815407752991,66.042729228735,0.988724768161774,184.047522798181,3.44843500852585,274.661392405629,0.286285310983658,0,0,0,0,0,0,5.30843180418015,2.31016087532043,0,0,0,0,0.811557292938232,85.9215267598629,0,0,0,0,0,0,0,0,0,5.08746179938316,0,0,0,0,4.46970152854919,245.95678525418,0,22.9538363441825,56.8749556615949,2.51156216859818,721.778873257339,0.499327540397644,47.0881005376577
0,19.3191856443882,0,78.7516139596701,0,9.02444741129875,0,0,0,0,0,0,0,0,0,0,17.4893262833357,27.0019405037165,832.398054875433,4.50786431133747,0,1.15495920181274,0,0,0,0,0,0,0,0,0,0,0,0,0,41.3691220730543,0.697254061698914,3.09078140556812,0,1395.01253069937,2.17421735823154,0,298.963215008378,72.9744706451893,1.91986413300037,131.696561470628,2.53191210329533,157.869586870074,1.28931120038033,384.516775816679,0,7.88134156167507,0,0,0,0,0,733.257831588387,0,0,0,0,394.450348578393,5.53562378883362,1.96036952733994,0,0.310789167881012,0.458470791578293,0,0,25.3118261396885,0,934.59536460042,0,0,0,4.14138260483742,0,1602.46523670852,12.6111285686493,140.842167958617,4.48365634679794,1002.42345518619,31.0643863007426,3350.03163013607,742.327974632382,1.5039479136467
14.4835933446884,0,84.5309002995491,0,2.71120285987854,0,0,0,0.803045809268951,0,0,0,0,0,0,0,3.03119248896837,2.67457389831543,623.162673078477,0,0,0,0.143850401043892,0,2.55964542925358,0,0,0,0,0,0,0,0,0,0,0,24.8022750094533,0,18.7786822021008,20.3332994878292,731.261652633548,298.963215008378,0,3.02087743580341,95.3940503448248,18.1323658972979,174.64237074554,154.260045528412,331.520900636911,5.27583087980747,2.33130121231079,0,0,0,22.5759226828814,0,671.883137911558,0.149921804666519,7.05441623926163,0,0.236705586314201,0,3.88138823956251,298.974038407207,0,12.4878167062998,0,22.5601042211056,0,0,0,140.333649039268,0.174003481864929,430.820170804858,0,0,0,0.854858577251434,9.43651156127453,1364.20906875283,0,298.2098974213,951.532448008657,13.9784819707274,3740.27065101266,11.5718279629946,646.828252971172
0,0,0,0,0,0,0,0,0,0,0,0,0,0,0,0,5.93646168708801,2.5135010778904,175.462646923959,0,0,0,0,0,0,0,0,0,0,0,0,0,0,0,0,2.98297026753426,0,0,0,56.1014221459627,0.383815407752991,72.9744706451893,3.02087743580341,0,1.31041347980499,6.20023839175701,0.24814236164093,4.39807163178921,0,6.03387659788132,0,0,0,0,0,0,0,0,0,0,0,0,27.1554547548294,0.522409081459045,0,0,0,0,0,0,0,0,7.99774122238159,0,0,0,0,0,165.873863264918,5.59992644190788,22.6378279477358,3.40279221534729,34.7186287641525,2.72336709499359,212.271445870399,10.0123328268528,0.261573970317841
0,0,0,0,0,0,0,0,0,0,0,0,0,0,0,0,5.94086596369743,2.00842142105103,192.343325391412,0,0,0,0,0,0,0,0,0,0,0,0,0,0,0,0,0,1.71418689191341,0,1.08038504421711,0.805792927742004,66.042729228735,1.91986413300037,95.3940503448248,1.31041347980499,0,0,38.8109606653452,0,1.33017726242542,0,0,0,0,0,0,0,3.36620011925697,0,0,0,0,0,0,37.7164583653212,0,0,0,0,0,0,0,0,0,6.04528871178627,0,0,0,0,1.68760728091002,292.258893869817,0,53.5250611752272,42.7963603660464,0.78352390229702,201.579957738519,0,20.969900906086
0,1.66900420188904,0,9.64394457638264,0,1.73198744654655,0,0,0,0,0,1.60832437872887,0,0,0,0,4.59543409943581,6.68718747794628,275.938782922924,0.286001235246658,0,0,0,0,0,0,0,0,0,0,0,0,0,0,0,27.9078032746911,0,9.88960032165051,0,101.882881879807,0.988724768161774,131.696561470628,18.1323658972979,6.20023839175701,0,0,3.97211861610413,4.08482396602631,0,11.554573237896,0,2.95009115338326,0,0,0,0,0,16.6690456718206,0,0,0,0,650.822634212673,0,0,0,0,0,0,0,3.42293332517147,0,123.902128994465,0.216181978583336,0,0,2.64152097702026,0,923.201403878629,15.3601837903261,640.991616755724,1.40950310230255,29.2334449589252,0.42965067923069,471.349915362895,10.9214616119862,0.195660337805748
2.78185200691223,0,1.59258976578712,0,0.189559534192085,0,0,0,0,0,0,0,0,0,0,0,6.31374509632587,8.45800188928843,304.957843363285,0,6.1137284040451,0,0,0,0,0,0,0,0,0,0,0,0,0,0,1.60080122947693,25.8529212251306,0,20.0704574882984,0.139709815382957,184.047522798181,2.53191210329533,174.64237074554,0.24814236164093,38.8109606653452,3.97211861610413,0,8.2629436403513,8.48456631600857,0,0,0,0,0,0,0,18.8672127723694,0,0,0,0,0,0,1485.35343054682,0,0,0,0,0,0,0,0,1.11379659175873,32.6751880049706,0,0,0,0,3.42200105637312,1494.99681860954,2.05716633796692,572.246549472213,42.4997859820724,0.971432685852051,779.183815419674,0,12.6523871272802
0,0,1.57561028003693,6.21022395789623,0.222047716379166,10.3838346451521,0,0,0,0,0,0,0,0,0,0,0,0,7.0593776255846,11.8054766058922,1.73096561431885,0,1.38262930512428,0,5.60128393769264,0,0,0,0,0,0,691.590829432011,416.703682109714,1000.14398470521,477.553378552198,368.106715485454,47.1225856542587,713.232768028975,163.883466988802,80.4020191729069,3.44843500852585,157.869586870074,154.260045528412,4.39807163178921,0,4.08482396602631,8.2629436403513,0,2311.09032548964,799.120380327106,0.570241212844849,9.6672600209713,0,0,0,0,2.76879125833511,0,0,0,0,0,3.3967068195343,0.928988397121429,0,29.239879861474,0,49.6096928417683,0,0,0,0,0,0,3475.08321784437,2848.47277152538,472.219209194183,95.0847380459309,2299.58554961532,1239.1946362406,76.70066806674,49.1358437389135,1164.32721523196,13.8100034967065,1321.36474822462,6.88657800853252,1.40914024412632
44.3186196088791,0,53.206673681736,0,0,1.14946520328522,0,0,26.2794977128506,0,0,0,0,0,0,0,0,0.24192613363266,11.5692417025566,0,0,0,171.639749109745,0,15.0985133349895,0,0,0,0,0,0,2.33635795116425,0,0,0.472850650548935,2.68592491745949,0.62942561507225,0,380.880744695663,0,274.661392405629,1.28931120038033,331.520900636911,0,1.33017726242542,0,8.48456631600857,2311.09032548964,0,179.680411443114,0,0,0,0,17.485031068325,0,122.741391301155,0,10.2143513560295,0,24.1925408244133,0,0,3.31544834375381,0,322.858222842216,0,39.7124525010586,0,4.48786786198616,0,121.181636333466,0,14.4376977086067,4.52227830886841,2.72179681062698,0,76.892776787281,2.2829704284668,445.897351123393,0,263.753098487854,452.691345378757,9.59255908429623,1078.00583003461,0,15.1672586351633
0,112.305321753025,0,133.408534690738,0,33.9030741304159,0,0,0,31.2683735489845,0,0,0,0,0,0,2.63807851076126,2.88700015842915,41.7267748266459,7.35263100266457,0,619.450766742229,0,32.1341423690319,0,0,0,0,0,0,0,0,0,70.706656396389,0,48.2377415895462,0,258.351915061474,0,185.000432819128,0.286285310983658,384.516775816679,5.27583087980747,6.03387659788132,0,11.554573237896,0,799.120380327106,179.680411443114,0,0,10.8276762515306,0,0,0,0,0,50.5671188980341,0,63.8804570436478,0,48.6352974772453,12.889781370759,0,265.826661005616,0,84.4614693522453,0,2.73067334294319,0,73.0772744417191,0,10.7831031382084,0,0,0,17.0363331437111,0,440.801453396678,0.194839134812355,124.485488340259,0,265.786274366081,8.58118367195129,1186.39228183031,35.5365443974733,0.173589333891869
0,0,40.5148283392191,0,343.674623265862,0,55.0763877630234,0,73.9158222079277,0,0,0,0,0,2.55518388748169,0,0,0,0,0,5.83197966217995,0,0,0,0,0,0,0,0,0,0,0,0,0,0,0,0,0,0,0,0,0,2.33130121231079,0,0,0,0,0.570241212844849,0,0,0,0,96.8436784744263,0,48.7301270663738,0,261.403003096581,0,35.5689180493355,0,49.1825385987759,0,0,6.97251442074776,0,0,0,0,0,0,0,0,0,0,0,0,0,0,0,0,0,0,366.494551509619,0,58.5025583356619,0,0
0,0,0,245.928378358483,0,790.110635817051,0,51.6352102160454,0,65.5533388257027,0,20.2554688006639,0,75.4394845962524,0,24.3710434436798,0,0,0,89.4066756367683,0,0,0,0,0,0,0,0,0,0,0,0,0,0,0,7.78257524967194,0,0,0,8.64293690025806,0,7.88134156167507,0,0,0,2.95009115338326,0,9.6672600209713,0,10.8276762515306,0,0,0,24.6412159204483,0,142.60569447279,0,132.252270743251,0,12.2051494121552,0,55.5661334991455,25.1640982329845,0,0,0,0,0,0,0,0.991608142852783,0,3.81953425705433,0,0,0,0,0,0.540887162089348,0,0,0,283.799819812179,0.355860784649849,235.088716626167,0,0
0,0,0,0,0,0,77.4825709164143,0,0,0,9.03912037611008,0,2.75342977046967,0,0,0,0,0,0,0,0,0,0,0,0,0,0,0,0,0,0,0,0,0,0,0,0,0,0,0,0,0,0,0,0,0,0,0,0,0,96.8436784744263,0,0,0,0,0,227.48704123497,0,0,0,0,0,0,30.8589110374451,0,0,0,0,0,0,0,0,0,0,0,0,0,0,0,0,0,0,25.7893052101135,0,0,0,0
0,0,0,0,0,29.4569056034088,0,851.960742086172,0,0,0,5.84815460443497,0,43.9715596437454,0,0,0,0,0,0,0,0,0,0,0,0,0,0,0,0,0,0,0,0,0,0,0,0,0,0,0,0,0,0,0,0,0,0,0,0,0,24.6412159204483,0,0,0,0,0,3.8648185133934,0,89.676265001297,0,0,0,0,0,0,0,0,0,0,0,0,0,0,0,0,0,0,0,0,0,0,179.126178562641,0,0,0,0
360.166490882635,0,47.9888926148415,0,14.0689015388489,0,0,0,379.897092968225,0,0,0,0,0,15.2074368000031,0,0,0,0,0,0,0,0,0,97.5059015005827,0,7.2321252822876,0,0,0,0,0,0,0,0,0,0.3103868663311,0,125.841551825404,0,0,0,22.5759226828814,0,0,0,0,0,17.485031068325,0,48.7301270663738,0,0,0,0,0,27.4240438938141,0,2.27055008709431,0,346.779266223311,0,0,0,0,0,0,192.206206142902,0,0,0,3.03591799736023,0,11.1798875629902,0,0,0,0,0,1.20263651013374,0,254.807181864977,137.374752208591,0.435555636882782,108.550059318542,0,1.12378633022308
0,17.3874954581261,0,56.6839245557785,0,6.63164469599724,0,0,0,297.07259953022,0,0,0,0,0,33.5835272073746,0,0.545355200767517,0,0,0,0,0,33.6706013977528,0,0,0,0,0,0,0,0,0,0,0,0,0,0.511299908161163,0,0,0,0,0,0,0,0,0,0,0,0,0,142.60569447279,0,0,0,0,0,0,0,0,0,162.001895904541,0,0,0,0,88.2165607511997,0,0,0,0,0,0,0,0,0,0,0,0,0,73.1255000531673,0,69.4102070331573,0,10.9161625802517,0,0
0,0,60.5247827619314,0,29.9835487902164,0,18.8780709207058,0,8.74790713191032,0,1118.98788355291,0,22.0556676387787,0,0,0,0.683448910713196,1.60767412185669,55.7995602786541,0,65.9049268811941,0,0,0,0,0,0,0,0,0,2.2738591581583,0,0,0,0,0,61.0488718748093,0,364.952088564634,0,5.30843180418015,0,671.883137911558,0,3.36620011925697,0,18.8672127723694,2.76879125833511,122.741391301155,0,261.403003096581,0,227.48704123497,0,27.4240438938141,0,0,0,784.72104293108,0,84.1745172590017,0,0,441.529200725257,0,0,0,0,0,1.83904600143433,0,226.839548707008,0,343.223924204707,0,0,0,0,1.30195772647858,23.5299265682697,0,132.838261157274,208.890382565558,0.352989174425602,1199.59196674824,0,77.8572416007519
0,0.248177319765091,0,16.8696963042021,0,1.50851252675056,0,13.4884693026543,0,0,0,974.957830525935,0,101.253874778748,0,0,0,1.06733082234859,60.5296746492386,65.8808418810368,0,0.952615052461624,0,0,0,0,0,0,0,8.39481893181801,0,0,0,0,0,0.569814324378967,0,185.843124181032,0,1.77357214689255,2.31016087532043,733.257831588387,0.149921804666519,0,0,16.6690456718206,0,0,0,50.5671188980341,0,132.252270743251,0,3.8648185133934,0,0,0,0,0,331.819779425859,0,15.6666538715363,308.395755290985,0,4.74374540150166,0,0.233615577220917,0,15.3929864168167,0,457.318464756012,0,1120.52302634716,0,0,0,0,0,8.57443218678236,2.23765861988068,33.4647788852453,0,124.127154558897,1.53165648877621,333.111003577709,127.291592687368,0
0,0,12.6022573113441,0,0,0,86.5845260620117,0,0.733276307582855,0,413.172264635563,0,170.870478123426,0,2,0,0,0,0,0,0,0,0,0,0,0,0,0,0,0,0,0,0,0,0,0,0,0,0,0,0,0,7.05441623926163,0,0,0,0,0,10.2143513560295,0,35.5689180493355,0,0,0,2.27055008709431,0,784.72104293108,0,0,0,292.036666378379,0,0,0,0,0,0,0,0,20.016371846199,0,62.3081605732441,0,4.40356040000916,0,0,0,0,0,1.47005999088287,0,0,15.2824261188507,0,17.0231031775475,0,2.4734058380127
0,0,0,8.99641633033752,0,0,0,47.3109847307205,0,0,0,138.896856427193,0,526.73489522934,0,0,0,0,0,0,0,0,0,0,0,0,0,115.638485193253,0,0,0,0,0,0,0,0,0,0,0,0,0,0,0,0,0,0,0,0,0,63.8804570436478,0,12.2051494121552,0,89.676265001297,0,0,0,331.819779425859,0,0,0,73.8968552350998,0,0,3.71901297569275,0,0,0,168.182925462723,0,304.740800708532,0,0,0,0,0,0,0,0,0,0,0,123.359811782837,0,1.33031868934631,0,0
18.5200940221548,0,6.4902471601963,0,6.09785434603691,0,0,0,46.6279868036509,0,0,0,9.60427194833755,0,1.93759524822235,0,20.6054651737213,0,0,0,0,0,0,0,0,0,0,0,0,0,0,0,0,0,0,0,0,0,0,0,0,0,0.236705586314201,0,0,0,0,0,24.1925408244133,0,49.1825385987759,0,0,0,346.779266223311,0,84.1745172590017,0,292.036666378379,0,0,0,0,0,0,0,0,0,0,0,0,0,0,0.327980369329453,0,0,0,0,0,0,0,0,10.0747981145978,0,8.09520834684372,0,0
0,7.56508010625839,0,4.74270617961884,0,0,0,0,0,0,0,0,0,0,0,60.7168388366699,0,0,0,0,0,0,0,0,0,1,0,0,0,0,0,0,0,0,0,0,0,0,0,0,0,0,0,0,0,0,0,0,0,48.6352974772453,0,55.5661334991455,0,0,0,162.001895904541,0,15.6666538715363,0,73.8968552350998,0,0,0,0,0,0,0,0,24.1603724956512,0,0,0,0,0,0,0,0,0,0,0,2.75673246383667,0,22.4253387451172,0,4.58242920041084,0,0
0,0,0,3.39079412072897,0,59.2426114678383,0,0,0,0,0,426.175963446498,0,0,0,0,5.84692920744419,4.72664779424667,118.571758165956,1023.01937906444,0,0.843466997146606,0,0,0,0,0,0,0,0,0,0,0,0,0,1529.30414064974,0,143.28775306046,0,134.139770433307,0.811557292938232,394.450348578393,3.88138823956251,27.1554547548294,0,650.822634212673,0,3.3967068195343,0,12.889781370759,0,25.1640982329845,0,0,0,0,0,308.395755290985,0,0,0,0,0,0.293378591537476,1.08666759729385,0,0,0,0,0,52.2038838118315,0,1000.81677753478,0,0,0,0,0,2023.8867238462,4.38438123464584,1075.47168786079,0,247.306642055511,0.0789829790592194,1131.65387993306,5.62960557639599,0
0.970657736063004,0,0.857256174087524,0,11.2668569684029,0,15.8372821807861,0,0,0,167.605190902948,0,0,0,0,0,5.06510056555271,10.2764124572277,142.003060527146,0,680.160372599959,0,0,0,0,0,0,0,0,0,0,0,0,0,0,0,794.681922838092,0,104.828829035163,0.199334129691124,85.9215267598629,5.53562378883362,298.974038407207,0.522409081459045,37.7164583653212,0,1485.35343054682,0.928988397121429,3.31544834375381,0,6.97251442074776,0,30.8589110374451,0,0,0,441.529200725257,0,0,0,0,0,0.293378591537476,0,0,0,0,0,0,0,0,1.06135366857052,4.08380229771137,131.881483584642,0,0,0,0,6.45506396889687,2155.38910977542,0.601406037807465,530.486745111644,119.231716059148,10.1341762840748,1881.15871827304,0.128873348236084,3.83582478761673
0,0,0,0,0,0,0,0,0,0,0,0,0,0,0,0,0,26.6099276542664,0,0,0,7385.64666065574,13.518298625946,55.3324468135834,0,1.68513965606689,0,9.72885295748711,0,0,0,0,0,0,0,0,0,819.757205277681,0,0,0,1.96036952733994,0,0,0,0,0,0,0,265.826661005616,0,0,0,0,0,0,0,4.74374540150166,0,3.71901297569275,0,0,1.08666759729385,0,0,0,255.390782013535,0,240.605586402118,0,1284.96144962311,0,1.23197865486145,0,0,0,0,0,0,0,919.989706471562,0,260.782148510218,1,64.5679817348719,0,0
0,0,0,0,0,0,0,0,0,0,0,0,0,0,0,0,20.6952397823334,0,0,0,0,2,6359.3229162842,0,9.86652638018131,0,0,0,11.5582690238953,0,0,0,0,0,0,0,0,0,548.23880636692,0,0,0,12.4878167062998,0,0,0,0,29.239879861474,322.858222842216,0,0,0,0,0,0,0,0,0,0,0,0,0,0,0,0,0,0,399.27098403126,0,290.161831870675,0,356.502214565873,0,0,0,0,0,0,0,0,0,970.828185610473,211.989475414157,0.17893885076046,15.844913482666,0,0
0,0,0,0,0,0,0,0,0,5.84022063016891,0,0,0,0,0,0,0,43.1149507164955,0.541728794574738,0,0,19.5934769809246,0,202.644880071282,0,188.176368951797,0,0,0,0,0,0,0,0,0,0,0,362.290637895465,0,0,0,0.310789167881012,0,0,0,0,0,0,0,84.4614693522453,0,0,0,0,0,88.2165607511997,0,0.233615577220917,0,0,0,0,0,0,255.390782013535,0,0,0,88.08142362535,0,35.0400266498327,0,0,0,0,0,0,0,0,0,639.554471313953,0,116.113966464996,0,167.000359356403,0,0
0,0,0,0,0,0,0,0,1.82437056303024,0,0,0,0,0,0,0,9.64065918326378,0,0,0,0,0,129.976554900408,0,70.1878321170807,0,20.0681464076042,0,0,0,0,0,0,0,0,0,0,0,299.70781365037,0,0,0.458470791578293,22.5601042211056,0,0,0,0,49.6096928417683,39.7124525010586,0,0,0,0,0,192.206206142902,0,0,0,0,0,0,0,0,0,0,399.27098403126,0,0,0,156.657399177551,0,9.05245253443718,0,0,0,0,0,0,0,0,0,288.377503663301,73.3187688291073,1.42289642989635,46.8467695862055,0,0
0,0,0,0,0,0,0,0,0,0,0,0,0,0,0,0,0,7.0258686542511,1.10581135749817,0,0,111.167948305607,0,3.95176947116852,0,101.922578036785,0,1.51720416545868,0,0,0,0,0,0,0,0,0,0,0,0,0,0,0,0,0,0,0,0,0,2.73067334294319,0,0,0,0,0,0,0,15.3929864168167,0,168.182925462723,0,24.1603724956512,0,0,240.605586402118,0,88.08142362535,0,0,0,322.940101005137,0,0,0,0,0,0,0,0,0,0,0,84.8028660416603,0,1.35719668865204,0,0
0,0,0,0,0,0,0,0,0,0,0,0,0,0,0,0,42.0055180490017,0,0,0,0,0,18.770635008812,0,54.3719329833984,0,79.7346642911434,0,17.4367941319942,0,0,0,0,0,0,0,0,0,0,0,0,0,0,0,0,0,0,0,4.48786786198616,0,0,0,0,0,0,0,1.83904600143433,0,20.016371846199,0,0,0,0,0,0,290.161831870675,0,156.657399177551,0,0,0,215.373568668962,0,0,0,0,0,0,0,0,0,0,4.89025682210922,0,0,0,0
0,0,0,0.996112704277039,0,0,0,0,0,0,0,0,0,0,0,0,0,0,0.533643901348114,0,0,359.063898220658,0,0,0,0,0,508.312376618385,0,247.833395525813,0,0,0,0,0,0,0,159.956238567829,0,0.335444197058678,0,25.3118261396885,0,0,0,3.42293332517147,0,0,0,73.0772744417191,0,0.991608142852783,0,0,0,0,0,457.318464756012,0,304.740800708532,0,0,52.2038838118315,0,1284.96144962311,0,35.0400266498327,0,322.940101005137,0,0,0,646.075410783291,0,0,0,0,0,2.61160098016262,0,388.638151496649,0,34.6954928636551,48.6470656394958,10.9823206365108,1.65153151750565,0
0,0,3.60608342289925,0,0,0,0,0,0.875982224941254,0,0,0,0,0,0,0,0.220220863819122,0.196276754140854,5.99478301405907,0,0,0,28.0676682889462,0,0,0,0,0,599.754620835185,0,9.50903129577637,0,0,0,0,0,0,0,139.780192017555,0,0,0,140.333649039268,0,0,0,0,0,121.181636333466,0,0,0,0,0,3.03591799736023,0,226.839548707008,0,62.3081605732441,0,0,0,0,1.06135366857052,0,356.502214565873,0,9.05245253443718,0,215.373568668962,0,0,0,112.468354925513,0,0,0,0,0,0.612025320529938,0,628.919431164861,139.587773531675,0,114.993105530739,0,11.7510443925858
0,0.787493973970413,0,65.3756504356861,0,6.81172499060631,0,0,0,0,0,72.9774403423071,0,0,0,0,2.42754584550858,10.1067838519812,277.730150461197,0.480790942907333,0,6.66223245859146,0,0,0,0,0,15.6429962068796,0,282.941538512707,0,0,0,0,0,0.275796920061111,0,119.455004125834,0,11.1038012802601,0,934.59536460042,0.174003481864929,7.99774122238159,0,123.902128994465,1.11379659175873,0,0,10.7831031382084,0,3.81953425705433,0,0,0,0,0,1120.52302634716,0,0,0,0,1000.81677753478,4.08380229771137,1.23197865486145,0,0,0,0,0,646.075410783291,0,0,0,0,0,0,0,45.0795118361712,0,446.592819541693,0.799684137105942,179.856775462627,2.67713822424412,446.486954510212,250.230679064989,0
0,0,27.2507411986589,0,0.705553218722343,0,0,0,1.06782603263855,0,24.7505429536104,0,0,0,0,0,0.699736416339874,0,49.3619040846825,0,0,0,0,0,0,0,0,0,0,0,113.014953568578,0,0,0,0,0,0,0,37.7664746642113,0,5.08746179938316,0,430.820170804858,0,6.04528871178627,0.216181978583336,32.6751880049706,0,14.4376977086067,0,0,0,0,0,11.1798875629902,0,343.223924204707,0,4.40356040000916,0,0.327980369329453,0,0,131.881483584642,0,0,0,0,0,0,0,112.468354925513,0,0,0,0,0,0,0.152410358190536,31.9635955244303,0,413.370337963104,181.630494602025,1.052789747715,298.219901680946,0,149.251223623753
0,0,0,0,0,0,0,0,0,0,0,0,0,0,0,0,0,0,0,0,0,0,0,0,0,0,0,0,0,0,0,584.918866410851,536.359023332596,53.5548656284809,0,954.735283851624,77.3444139957428,0,0,0,0,0,0,0,0,0,0,3475.08321784437,4.52227830886841,0,0,0,0,0,0,0,0,0,0,0,0,0,0,0,0,0,0,0,0,0,0,0,0,0,0,183.589529037476,716.179680660367,7.46639722585678,896.132945477962,28.5986536741257,0,0,248.535278141499,0,0,0,0
0,0,0,0,0,0,0,0,0,0,0,0,0,0,0,0,0,0,0,0,0,0,0,0,0,0,0,0,0,0,0,441.397483795881,368.388588994741,0,0,76.1104680299759,28.529887124896,0,0,0,0,0,0,0,0,0,0,2848.47277152538,2.72179681062698,0,0,0,0,0,0,0,0,0,0,0,0,0,0,0,0,0,0,0,0,0,0,0,0,0,183.589529037476,0,0,201.116413891315,2.60678279399872,570.951280534267,0,0.668363928794861,71.169472977519,0,0,0,0
0,0,0,0,0,0,0,0,0,0,0,0,0,0,0,0,0,0,0.881479680538177,0,0,0,0,0,0,0,0,0,0,0,0,0.625045895576477,0,1425.07549102604,534.58464756608,344.646031230688,0,723.328668043017,0,0.375942766666412,0,4.14138260483742,0,0,0,2.64152097702026,0,472.219209194183,0,17.0363331437111,0,0,0,0,0,0,0,0,0,0,0,0,0,0,0,0,0,0,0,0,0,0,0,0,716.179680660367,0,0,35.9930749535561,1997.71019031107,0,1744.35390025377,0,167.170579701662,0,2.30923795700073,0,0
0,0,0,0,0,0,0,0,0,0,0,0,0,0,0,0,0,0,0,0,0,0,0,0,0,0,0,0,0,0,0,0,15.3235031664371,523.267139017582,1280.34336414933,0,207.015338465571,28.2043902873993,118.354603454471,0,0,0,0.854858577251434,0,0,0,0,95.0847380459309,76.892776787281,0,0,0,0,0,0,0,0,0,0,0,0,0,0,0,0,0,0,0,0,0,0,0,0,0,7.46639722585678,201.116413891315,35.9930749535561,0,0,1335.63206195086,0,613.805627062917,502.658619165421,0.277621954679489,0,0,0.647721529006958
0.707851827144623,11.5490912944078,0,16.0500431209803,0,3.05934125185013,0,0,0,0,0,0,0,0,0,0,69.5345880687237,75.0670526251197,1428.44093388319,263.502525135875,0,0,0,0,0,0,0,0,0,0,0,242.027399301529,3.13215258717537,211.265736311674,0,15901.3704348058,190.99459451437,1247.9622887969,1.23040902614594,928.540484286845,4.46970152854919,1602.46523670852,9.43651156127453,165.873863264918,1.68760728091002,923.201403878629,3.42200105637312,2299.58554961532,2.2829704284668,440.801453396678,0,0.540887162089348,0,0,0,0,1.30195772647858,8.57443218678236,0,0,0,0,2023.8867238462,6.45506396889687,0,0,0,0,0,0,2.61160098016262,0,45.0795118361712,0.152410358190536,896.132945477962,2.60678279399872,1997.71019031107,0,0,217.333167545497,4139.57763234526,5.30226419866085,2393.36238940805,48.3038647323847,1075.7391474694,284.200557142496,0.309472501277924
0.566751331090927,0,3.4767489284277,0,0.97365614771843,0,0,0,0,0,0,0,0,0,0,0,34.8380242958665,39.6636718809605,1198.26122301072,0,174.379588931799,0,0,0,0,0,0,0,0,0,0,13.7102628946304,384.956772983074,0,165.066642343998,322.006505608559,13009.8399010971,0,2144.25855915248,11.3886433243752,245.95678525418,12.6111285686493,1364.20906875283,5.59992644190788,292.258893869817,15.3601837903261,1494.99681860954,1239.1946362406,445.897351123393,0.194839134812355,0,0,0,0,1.20263651013374,0,23.5299265682697,2.23765861988068,1.47005999088287,0,0,0,4.38438123464584,2155.38910977542,0,0,0,0,0,0,0,0.612025320529938,0,31.9635955244303,28.5986536741257,570.951280534267,0,1335.63206195086,217.333167545497,0,2.2449379786849,2944.44758321345,1953.23248911649,10.8330478817225,1549.85323803127,2.69256244599819,117.863510690629
