0,0,0.068202319678,0,0,0,0,0,0.011294743058688,0,0,0,0,0,0,0,0,0,0.000425022059451984,0,0,0,0,0,0.00016894745931495,0,0.000171130319358781,0,0,0,0,0,0,0,0,0,1.8389861949876e-05,0,0,2.38418520706832e-05,0,0,0.00170819653513086,0,0.000256665078722636,0,0.000173808251142872,0,0.0448102090719348,0,0,0,0,0,0.013262946026235,0,5.15145841199251e-05,0,0,0,0.000165180041221902,0,0,0,0,0,0,0,0,0,0,0,0,5.59347468112505e-05,0,0,0,0,0,0.000109240733205502,0,5.50441573304933e-05,0.00191649941085384,0,0.00365094474747512,0,0.00220812585926617
0,0,0,0.059685705871858,0,0,0,0,0,0.126810216923871,0,0,0,0,0,0,0,0,0.000373850634761055,0,0,0,0,0.00469677783322903,0,0,0,0,0,0,0,0,0,0,0,0,0,0,0,0,0,0.000139835905273472,0,0,0,0,0,0,0,0.000497926954452031,0,0,0,0,0,0.0544481753442589,0,0,0,0,0,0.0137392809028698,3.81749882580017e-05,0,0,0,0.00934519560718304,0,0,0,0,0,0,0,0,0,0,0,0,0,0,0,0.000279841865285234,0,0.00497147012522299,0,0
0.068202319678,0,0,0,0.0147326472240707,0,0,0,0.0139668231435647,0,0,0,0,0,0,0,0,0,0,0,0,0,0,0,0,0,0,0,0,0,0,0,0,0,0,0,1.26606595858844e-05,0,0,0,0,0,0.00179651075166802,0,0,0,0.000488996586858416,0,0.00999366931632113,0,0.0154901970366133,0,0,0,0.031324428485666,0,0.000696548734659403,0,0,0,0,0,0,0.000398531746475089,0,0,0,0,0,0,0,0.000135839139995696,0,0.00125939840608787,0,0,0,0,0,1.36522384063984e-05,0,2.27655989571089e-05,0.000845651202133622,0,0.00720062619200864,0,0.000879085859688551
0,0.059685705871858,0,0,0,0.0400545811438395,0,0,0,0.027490653365481,0,0,0,0,0,0,0,0,0,0,0,0,0,0,0,0,0,0,0,0,0,0,0,0,0,0,0,0,0,0,0,0.000296214185946824,0,0,0,0.000746776118402884,0,0,0,0,0,0.00020790021517314,0,0,0,0.0108802372269807,0,1.56710920951369e-05,0,0,0,0,0,0,0,0,0,0,0,0,2.17941259460404e-05,0,0,0,0,0,0,0,0,0,0,0,0.000407256474766322,8.78114869076753e-05,0.00260964299173175,0,0
0,0,0.0147326472240707,0,0,0,0.0018043197879944,0,0.0127656866902436,0,0.00106761792034881,0,0,0,0,0,0,0,0,0,0.0066474839399052,0,0,0,0,0,0,0,0,0,0,0,0,0,0,0,4.84586033067252e-05,0,0,0,0.000357978928772918,0,0.000474589904005112,0,0,0,0.00187936931322645,0.000135840884061141,0.000208968549170852,0,0.0543515333777151,0,0.00269545103521769,0,0,0,0.00722719494674005,0,0.00395306590277359,0,0,0,0,0.0154940121426467,0,0,0,0,0,0,0,3.2284768503754e-05,0,0.00116772486695336,0,0,0,0,0,7.90574002405525e-05,0,2.72978327354945e-05,0.00248774337995361,7.70326029092669e-05,0.00686550390658062,0,0.000397796346785622
0,0,0,0.0400545811438395,0,0,0,0.00768590913389684,0,0.0135909871522197,0,0,0,0,0,0,0,0,2.40625768670899e-05,0.00140300028455475,0,0,0,0,0,0,0,0,0,0,0,0.000170588951377663,0,4.47565322648165e-05,0,9.43385873483356e-06,0,0,0,0.000409083612274974,0,0.000515353863996915,0,0,0,0.00136508008845266,0,0.000653626933065932,0,0.000505084653707696,0,0.0153868233058419,0,0.00740289666680545,0,0.00158133148066944,0,0.000279029838107833,0,0,0,0.000510692654643208,0.000256672454405716,0,0,0,0,0,0,0,0,0,0.000565005144310411,0,0,0,0.000201775538153339,0,1.11901784720185e-05,0,1.50400147655934e-05,0,0.000835717644667895,2.07137163165047e-05,0.0156746045472104,0.000169799074633719,0
0,0,0,0,0.0018043197879944,0,0,0,0,0,0.00394375082633242,0,0.000318918246193789,0,0,0,0,0,0,0,0.00452187226338988,0,0,0,0,0,0,0,0,0,0,0,0,0,0,0,0,0,0,0,0,0,0,0,0,0,0,0,0,0,0.000337377261341498,0,0.0348999144370503,0,0,0,0.000790167461749922,0,0,0,0,0,0,0,0,0,0,0,0,0,0,0,0,0,0,0,0,0,0,0,0,0,0.000385202135814919,9.76295967667316e-05,0,0,0
0,0,0,0,0,0.00768590913389684,0,0,0,0,0,0.000677909934150003,0,0,0,0,0,0,0,0.000261013284502978,0,0,0,0,0,0,0,0,0,0,0,0,0,0,0,0,0,0,0,0,0,0,0,0,0,0,0,0,0,0,0,0,0,0.0310896293243246,0,0,0,0,0,0,0,0,0,0,0,0,0,0,0,0,0,0,0,0,0,0,0,0,0,0,0,0,0.000806931692523283,0,0,0,0
0.011294743058688,0,0.0139668231435647,0,0.0127656866902436,0,0,0,0,0.00373034329887829,0,0,0,0,0.0212756381732475,4.36686595634383e-05,0.0358958949614261,0.00373258198862391,0.0120530841707421,0,0,0,0,0.000108157332630032,0.0147298241720467,0,0.000575283235152899,0,0,0,0,0,0,0,0,0,0,0,0.00176965901780473,3.31786066726123e-05,4.59397839630647e-05,0.000123150179600802,0.00245831485704993,0,0,9.05791060296555e-05,5.68985270092683e-05,0,0.0018957611884123,0,0.000416639363875339,0,0,0,0.0889165662388485,0,0,0,0,0,0.00803329030589734,0,0,9.51321031033257e-06,0,0,0,0.00808481028217026,4.5367293084503e-05,0.00602677538292495,0,0,2.39076657398071e-05,0,0,0,0,0,1.72877243470376e-05,6.4804003259877e-05,0,0.000743678925425039,0.00711416154344494,0.000157453036928095,0.00617893694593922,0,0.00337953142209416
0,0.126810216923871,0,0.027490653365481,0,0.0135909871522197,0,0,0.00373034329887829,0,0,0,0,0,0.000706654143836069,0.0063305039402973,0.0024496302702819,0.0158860791672527,0.0119306750281281,0,0,0,0,0.00906342954916184,0.000253387823834461,0.00216220298685544,0,0,0,0,0,0,0,0,0,0,0,0.000368719235142102,0,0,0,0.00165563713062051,4.51762597698227e-05,0,0,0,2.20205473852814e-05,0,0,0.000361872979336994,0,0,0,0,0,0.0234484355038995,0,0,0,0,0,0.0053318604091972,0,2.19377727530374e-05,0,0,0.0132143860250519,0.00191455242514456,0.000435096535824395,0.00024271822396843,0,0,0,0,0.000133118495285356,0,0,0,2.54992819497747e-05,1.8224042808099e-05,0.000437223548632354,0,0.00476281065395567,0.000190894470958162,0.00216206682893008,0,0
0,0,0,0,0.00106761792034881,0,0.00394375082633242,0,0,0,0,0,0.00375853641945217,0,0,0,0,0,4.54860029491162e-05,0,0.0261311647478261,0,0,0,0,0,0,0,0,0,0.00248533247827057,0,0,0,0,0,0.00201837230891869,0,0.00843458516136171,0,1.70895818922328e-05,0,5.22004002542155e-05,0,0,0,0.000349050242385123,0,2.578987732637e-05,0,0.000220882525598951,0,0.00781116062322912,0,0,0,0.0734672911403308,0,0.00125901616535539,0,0,0,0,0.00643025609488528,0,0,0,0,0,0,0,0,0,0.00552471093390538,0,0,0,0,0,6.59787898576917e-05,0,0.00188926937588285,0.00159950539464387,1.14246213342994e-05,8.34630923361683e-05,0,0
0,0,0,0,0,0,0,0.000677909934150003,0,0,0,0,0,0.000225557188588115,0,0,0,0,0,0.0198063677801207,0,0,0,0,0,0,0,0,0,0.00236852845515187,0,0,0,0,0,0.0016099859471488,0,0.0121820883201129,0,0,0,2.13774725270335e-05,0,0,0,0.000938205345945216,0,0,0,0,0,0,0,0,0,0,0,0.0489675154606488,0,4.49721155746374e-05,0,0,0.00366999492417229,0,0,0,0,0,0,0,0,0,0.00242705690128788,0,0,0,0,0,5.33280951818921e-05,0,0.00623985129016784,0,0.00130185384724705,0,0.000247414924608379,0,0
0,0,0,0,0,0,0.000318918246193789,0,0,0,0.00375853641945217,0,0,0,0.000766492653749597,0,0.000151302796916023,0,0,0,0,0,0,0,0,0,0.00126317195472949,0,9.9274286245718e-05,0,0,0,0,0,0,0,0,0,0,0,0,0,0,0,0,0,0,0,0,0,0,0,0,0,0,0,6.55033371895928e-05,0,0.00533218211137633,0,0,0,0,0,0,0,0,0,0,0,0,0,0,0,0,0,0,0,0,0,0,0,7.74163180931305e-05,0,0,0,0
0,0,0,0,0,0,0,0,0,0,0,0.000225557188588115,0,0,0,0.00565053218714655,0,0.00127574694780564,0,0,0,0,0,0,0,0,0,0.000442542258885148,0,0,0,0,0,0,0,0,0,0,0,0,0,0,0,0,0,0,0,0,0,0,0,0,0,0,0,0,0,0,0,0.012027639615701,0,0.000883597527035384,0,0,0,0,0,0,0,0,0,0,0,0,0,0,0,0,0,0,0,0,0.000127780098752151,0,0,0,0
0,0,0,0,0,0,0,0,0.0212756381732475,0.000706654143836069,0,0,0.000766492653749597,0,0,3.75745254226024e-05,0.0109281548334533,0.000239086897080648,0.000504501877821121,0,0,0,0,0,0.000296433660239519,0,0.00755143152524447,0,0.000140836018740565,0,0,0,0,0,0,0,0,0,0,0,0,0,0,0,0,0,0,0,0,0,0,0,0,0,0.025703935349524,0,0,0,0,0,0.028723452921862,0,0,8.56759312297013e-05,0,0,0,0.000155275235494115,0,0.00160707259330566,0,0,0,0,0,0,0,0,0,3.18914564653491e-05,0,1.76475588551532e-05,0.00130273400742129,9.72013962530415e-05,3.25872873152841e-05,0,0
0,0,0,0,0,0,0,0,4.36686595634383e-05,0.0063305039402973,0,0,0,0.00565053218714655,3.75745254226024e-05,0,0.000950768297884433,0.0209535468413263,0.00131023270438181,0,0,0,0,0.000463265590611303,0.000452203077362184,0.00462852212227467,0,0,0,0,0,0,0,0,0,0,0,0,0,0,0,2.17434093023041e-05,1.23625811597223e-05,0,0,0,0,0,0,0,0,0,0,0,0,0.00781795904939319,0,0,0,0.00202220007600331,0,0.0698566029794433,0,0,0,0,0,0,0.000146742511096822,0,0,0,0,0.000206758775584912,0,0,0,0,2.32559358381704e-06,0,0,0,0.00205920530567896,0.000385153390583741,2.7147681096802e-05,0,0
0,0,0,0,0,0,0,0,0.0358958949614261,0.0024496302702819,0,0,0.000151302796916023,0,0.0109281548334533,0.000950768297884433,0,0.103012283572027,0.103359889264807,0,1.39728901313258e-05,0,0.000380385844593252,9.40008033030487e-05,0.00208995272514285,0.000120322341468789,0.00386286167819566,0,0,0,0,0,0,0,0,4.99273522819242e-06,3.2657296334021e-05,0,0,0.000279164141824571,0.000441729674244987,0.000700331728940266,0.00152297293446743,0.000168084157506628,0.000151044431034371,0.000148725815142009,0.00123581466980375,0,0,1.07043165183194e-05,0,0,0,0,0.00227838240929709,0.000234838448395724,3.80412061714479e-05,0,0,0,0.00432426502912758,0.000460409112735333,0,0.000254336613500543,0,3.35939412060551e-05,0,0.00274985278748447,0,0.00220798227801983,0,6.09154086714024e-05,1.29002716536576e-05,0.000117476533485287,2.37492982712697e-05,0,0,0,0.000318222885026076,0.000879302162124465,2.43645750531524e-05,0.000445856960215825,0.0496160929956402,0.0012894583501746,0.00157630920079511,0.00011716980322267,0.00012541301482824
0,0,0,0,0,0,0,0,0.00373258198862391,0.0158860791672527,0,0,0,0.00127574694780564,0.000239086897080648,0.0209535468413263,0.103012283572027,0,0.0833542996950644,0,0,0,0,0.00197374936293312,0.000511622179065038,0.00537879961015913,1.51393270406378e-05,0.000132370913999907,0,0,0,0,0,0,0,1.06040481373458e-05,2.43417480941114e-05,0,0,0.000683158348802706,0.000199304170266223,0.00146471968324787,0.000395902294048025,0.000308449507917306,8.12361556493885e-05,0.000313965291246734,0.000365812589744957,8.51254540002103e-06,5.79924413156342e-06,5.99312609559648e-05,0,0,0,0,0.000124851611831254,0.0023087845606305,3.28093537624886e-06,3.1703660758525e-06,0,0.000326946660442242,0.00012120479598493,0.00796043974925599,0,7.32440687875104e-05,0,0,0,0.00100419641724895,0.000284517259072942,0.000163682987040423,0,0,3.4073740155161e-06,4.55986090736236e-05,1.84331556521793e-05,0,0,0,0.000563849632021866,0.000244431380111583,5.89662709980988e-05,0.000126124247352774,0.0543484053020455,0.0153884786841847,0.000800200181684679,0.000183018091299945,0.000197186217119564
0.000425022059451984,0.000373850634761055,0,0,0,2.40625768670899e-05,0,0,0.0120530841707421,0.0119306750281281,4.54860029491162e-05,0,0,0,0.000504501877821121,0.00131023270438181,0.103359889264807,0.0833542996950644,0,4.99612424504237e-06,7.00581726301276e-05,0,0,0.000296818642455619,0.000756929985460179,0.000327145087136615,0,0,0,0,0,7.40751887656765e-06,0,0,1.19009664208982e-05,9.0986376497998e-05,0.000413832155661797,0,4.52041405132409e-06,0.0101202150998461,0.00518709930360508,0.0206300497396022,0.022226933960283,0.020143114654957,0.00696877906956762,0.0065735272167936,0.0123510655348631,0.000126970437744738,5.34723710602596e-05,0.00144095003154606,0,0,0,0,0.000422397989002158,0.000672321418559126,0.000703949377479692,0.000205042076400386,0,0,0.000311480298013185,0.000461598114569725,7.17938141632296e-05,0.00364134265887356,0,0,0,0.000423771746040695,2.60344823822967e-05,0.000155991682800613,8.85562267727833e-06,0.000234409234636034,0.000555633359849644,0.00295827992016152,0.000141374787020599,0,0,0,0.00936063831160274,0.00735027435986604,0.00101278017990623,0.00508047093867524,0.041611241045241,0.00241491608587557,0.0278082944486572,0.00601801638604014,0.00413420130843783
0,0,0,0,0,0.00140300028455475,0,0.000261013284502978,0,0,0,0.0198063677801207,0,0,0,0,0,0,4.99612424504237e-06,0,0,0,0,0,0,0,0,0,0,0,0,0,0,0,0,0.0062975958681632,0,0.00150638824254009,0,0.000607182205772209,0,0,0,0,0,0.00753261220693989,0,8.01995592856234e-05,0,5.61449491165946e-05,0,0,0,0,0,0,0,0.007788901939395,0,0,0,0,0.0993247241069721,0,0,0,0,0,0,0,0.000119438161458615,0,0.00155059964151979,0,0,0,0,0,0.00575994600354894,0,0.00156637453402221,0,0.00436262242339608,2.04850095607966e-06,0.00173381525224607,0,0
0,0,0,0,0.0066474839399052,0,0.00452187226338988,0,0,0,0.0261311647478261,0,0,0,0,0,1.39728901313258e-05,0,7.00581726301276e-05,0,0,0,0,0,0,0,0,0,0,0,0,0,7.20365736631436e-05,0,0,0,0.00435159026904604,0,0.00254783548115428,0,0.000886972366454662,0,0.00116688191209131,0,0.000269383226310878,0,0.0084897342594012,0.00188464438469414,0.00142747854339617,0,0.00140306283863389,0,0.00347989226633995,0,0,0,0.0130636234952872,0,0,0,0,0,0,0.125874109439512,0,0,0,0,0,0,0,0.000531186578373734,0,0.0125984186640434,0,0,0,0,0,0.0121118771382363,0,0.00972702621077542,0.00190134415303068,1.03439982617029e-05,0.00169666230767394,0,0.000563211891630467
0,0,0,0,0,0,0,0,0,0,0,0,0,0,0,0,0,0,0,0,0,0,0.000277596739829153,0.000710929848758895,0,0.000118647526940975,0,0.000129523678942044,0,0,0,0,0,2.92190332379268e-05,0,0,0,0.00423900210032312,0,0,0,0,0,0,0,0,0,2.73483253099606e-05,0,0.00366457756918357,0,0,0,0,0,0,0,0,0,0,0,0,0,0,0.0384937654513052,0,0.00530468335173669,0,0.00188158237523812,0,0.00117551337861163,0,0,0,0,0,0,0,0,0,0.000774220295264357,0,0.00181422487568411,0.000332325933528836,0,0,0
0,0,0,0,0,0,0,0,0,0,0,0,0,0,0,0,0.000380385844593252,0,0,0,0,0.000277596739829153,0,0,0.00191623712071372,0,1.99068363144761e-05,0,0,0,0,0,0,0,0,0,0,0,0.00671710648248554,0,0,0,0,0,0,0,0,0,0.00411581199293825,0,0,0,0,0,0,0,0,0,0,0,0,0,0,0,2.73080422630301e-05,0.0329454453563379,0,0.000168736746074632,0,0.000763874635227022,0,0.00041843461831541,0,0,0,0,0,0,0,0,0,0.00116435863319643,0.00220618754367977,0.000291257526637503,0,0,0
0,0.00469677783322903,0,0,0,0,0,0,0.000108157332630032,0.00906342954916184,0,0,0,0,0,0.000463265590611303,9.40008033030487e-05,0.00197374936293312,0.000296818642455619,0,0,0.000710929848758895,0,0,0,0.00621037499895121,0,0,0,0,0,0,0,0,0,0,0,0.0033517070325746,0,0,0,0.000384128368164158,0,0,0,0,0,0,0,0.0058868787599064,0,0,0,0,0,0.000106419392261466,0,0,0,0,0,0.000193937821386686,0,0,0.000682577024372431,0,0.0913379217722168,0,0.0098998464057116,0,0,0,0,0,0,0,0,0,0,0,0.00042687133431013,0,0.00041659540503045,0,0.00344640534498656,0,0
0.00016894745931495,0,0,0,0,0,0,0,0.0147298241720467,0.000253387823834461,0,0,0,0,0.000296433660239519,0.000452203077362184,0.00208995272514285,0.000511622179065038,0.000756929985460179,0,0,0,0.00191623712071372,0,0,0,0.00228811589277384,0,0,0,0,0,0,0,0,0,0,0,0.00315159923444598,0,0,0,0,0,0,0,0,0,0.00561280983757,0,0,0,0,0,0.00069274732520054,0,0,0,0,0,0,0,0,0,0,0.00241642439962103,0,0.0413662145038744,0,0.00107421015331165,0,0,0,0,0,0,0,0,0,0,0,0.00234918696410556,0.00130180367719831,0,0.00142363220171641,0,0
0,0,0,0,0,0,0,0,0,0.00216220298685544,0,0,0,0,0,0.00462852212227467,0.000120322341468789,0.00537879961015913,0.000327145087136615,0,0,0.000118647526940975,0,0.00621037499895121,0,0,0,0,0,0,0,0,0,0,0,0,0,0,0,0,0,0,0,0,0,0,0,0,0,0,0,0,0,0,0,0.00169183138837579,0,0,0,0,0,0.00568031139498381,0,0,0,0,0.00409852793692567,0,0.0647240975446209,0,0.00201924756455441,0,0,0,0,0,0,0,0,0,0,0,0.000354351601634955,3.73661201676737e-05,0,0.000719566293777091,0
0.000171130319358781,0,0,0,0,0,0,0,0.000575283235152899,0,0,0,0.00126317195472949,0,0.00755143152524447,0,0.00386286167819566,1.51393270406378e-05,0,0,0,0,1.99068363144761e-05,0,0.00228811589277384,0,0,0,0,0,0,0,0,0,0,0,0,0,0,0,0,0,0,0,0,0,0,0,0,0,0,0,0,0,0.000359971192665398,0,0,0,0,0,0.000767220697147289,0,0,0,0,0,0,0.000303862456343976,0,0.000527217752396732,0,0.000486354988366171,0,0,0,0,0,0,0,0,0,0,5.77650341048971e-05,0,0,0,0
0,0,0,0,0,0,0,0,0,0,0,0,0,0.000442542258885148,0,0,0,0.000132370913999907,0,0,0,0.000129523678942044,0,0,0,0,0,0,0,0.00096426637494252,0,0,0,0,0,0,0,0,0,0,0,0,0,0,0,0,0,0,0,0,0,0,0,0,0,0,0,0,0,0.00232425759124002,0,0,0,0,2.58993930763346e-05,0,0,0,0,0,0.0318171197784769,0,5.22097798238974e-05,0,0,0,0,0,0,0,2.5662344692315e-05,0,0.00058762941757834,1.78151080618083e-05,0,0,0
0,0,0,0,0,0,0,0,0,0,0,0,9.9274286245718e-05,0,0.000140836018740565,0,0,0,0,0,0,0,0,0,0,0,0,0,0,0,0.0109511790911229,0,0,0,0,0,0,0,0,0,0,0,0,0,0,0,0,0,0,0,0,0,0,0,0,0,0,0,0,0,0,0,0,0,0,0,0,0,0,0,0,0.00651040188395936,0,0.00796872692421596,0,0,0,0,0,0,0,0,7.23448965800344e-06,0,0,0,0
0,0,0,0,0,0,0,0,0,0,0,0.00236852845515187,0,0,0,0,0,0,0,0,0,0,0,0,0,0,0,0.00096426637494252,0,0,0,0,0,0,0,0,0,0.000264441988373962,0,0,0,0,0,0,0,0,0,0,0,0,0,0,0,0,0,0,0,0.0186838252412557,0,0,0,0,0,0,0,0,0,0,0,0,7.73373505714671e-05,0,0.0512691496983678,0,0,0,0,0,0,0,6.8540445222002e-05,0,9.61642542052585e-05,0,0,0,0
0,0,0,0,0,0,0,0,0,0,0.00248533247827057,0,0,0,0,0,0,0,0,0,0,0,0,0,0,0,0,0,0.0109511790911229,0,0,0,0,0,0,0,0,0,0.0020108945612585,0,0,0,0,0,0,0,0,0,0,0,0,0,0,0,0,0,0.000429610546404929,0,0,0,0,0,0,0,0,0,0,0,0,0,0,0.000678698686177336,0,0.018141004030578,0,0,0,0,0,0,0,0.000969240597516203,0,0,0,0,0
0,0,0,0,0,0.000170588951377663,0,0,0,0,0,0,0,0,0,0,0,0,7.40751887656765e-06,0,0,0,0,0,0,0,0,0,0,0,0,0,0.437986823058841,0.000175840146581273,0.00438817568939178,0.000704702489250355,0.000157933574498574,0,0,0.0052728160636479,0,0.000170426078890222,0,0,0,0.00147618628208322,0,0.0340184463133563,1.99617941861407e-05,0.00326653067655309,0,0,0,0,0,0,0,2.29091066717563e-05,0,0,0,0,0.000183171012155534,0,0,0,0,0,0,0,4.70969835048925e-05,0,3.15164036355439e-05,0,0.314886506926376,0.112516694621314,0.00119505867278118,0.00122230952274165,0.000935347667182404,0.000179702533179029,2.84309870116621e-05,0,0.000741343630207219,0,0.000567025422750057,0,0
0,0,0,0,0,0,0,0,0,0,0,0,0,0,0,0,0,0,0,0,7.20365736631436e-05,0,0,0,0,0,0,0,0,0,0,0.437986823058841,0,0.00155619310113892,0.00148892437154773,0.00141786711731419,0.00204255574137832,0,0,0,0,8.21908429616755e-06,0,0,0,3.73259356275368e-05,0.000487763472260723,0.060796042667132,0.0034132092648513,0,0,0,0,0,0,0,0,0,0,0,0,0,2.37036278998024e-05,0.000700901131341673,0,0,0,0,0,0,0,0,0,0,0.479966587744069,0.197853848518253,0.0108728307269811,0.00720904806275666,0.000104362282907685,0.00236315201453066,0,0,0.00232417471374655,0,0.00026975854741562,0,0
0,0,0,0,0,4.47565322648165e-05,0,0,0,0,0,0,0,0,0,0,0,0,0,0,0,2.92190332379268e-05,0,0,0,0,0,0,0,0,0,0.000175840146581273,0.00155619310113892,0,0.127670152898086,0.00292050175355938,4.69678142004636e-05,0.001834840063285,0,0.00137778729003585,0,0.000250176722751442,0.00024832919482792,0,0,0.000528022064381405,0,0.105064101778882,6.08340359915235e-05,0.00620636627881218,0,0,0,0,0,0,0,1.91043243833343e-05,0,0,0,0,2.27990518145455e-05,7.84822704294925e-05,0,0,0,0,0,0,0,0,9.21926507907707e-05,0,0,0.000181290028190049,0.168052442016609,0.0436789594503536,0.00792817378385677,0,0.00570131303075134,0,0.00212371490884482,0,0.00218036853744062,2.26162893090329e-05,0
0,0,0,0,0,0,0,0,0,0,0,0,0,0,0,0,0,0,1.19009664208982e-05,0,0,0,0,0,0,0,0,0,0,0,0,0.00438817568939178,0.00148892437154773,0.127670152898086,0,0.000315108539884614,0.0034170126488554,5.43454541619292e-05,0.00245187138207981,0,0,0,8.98044502153101e-05,0,0,0,8.32248897336685e-05,0.0873404056950888,0.00780858531613228,0,0,0,0,0,0,0,1.97289082693083e-05,0,0,0,0,0,0,3.23257967299752e-05,0,0,0,0,0,0,0,0,0,0,0.00707937847675531,0.00437605604361827,0.130481528716035,0.236130334167898,0.000333364594220955,0.00312556295426506,0.000182679306393541,0.00719028570367169,0.000527104402186967,0,5.39275627413072e-05,0,0
0,0,0,0,0,9.43385873483356e-06,0,0,0,0,0,0.0016099859471488,0,0,0,0,4.99273522819242e-06,1.06040481373458e-05,9.0986376497998e-05,0.0062975958681632,0,0,0,0,0,0,0,0,0,0,0,0.000704702489250355,0.00141786711731419,0.00292050175355938,0.000315108539884614,0,0.00196974955162555,0.0100260662481054,0,0.00108126125060177,2.66864104461702e-05,0.000940632509435851,6.40959565289878e-06,1.6390709513661e-05,0,0.00231636150087627,2.71558301466972e-06,0.00258463767728717,1.51855631334224e-06,0.000193395790873569,0,0,0,0,0,0,0,9.99960719120268e-05,0,0,0,0,0.0022992276360685,0,0,0,0,0,0,0,1.10453889174671e-05,0,8.53276744664767e-05,0,0.000583148112280887,0.000314925926302745,0.00264641457635818,0,0.0798322678933682,0.000845104390601774,0.00625393043914672,0,0.0113628698440803,0.000966429472180357,0.00169803197553528,0.000233469090866628,0
1.8389861949876e-05,0,1.26606595858844e-05,0,4.84586033067252e-05,0,0,0,0,0,0.00201837230891869,0,0,0,0,0,3.2657296334021e-05,2.43417480941114e-05,0.000413832155661797,0,0.00435159026904604,0,0,0,0,0,0,0,0,0,0,0.000157933574498574,0.00204255574137832,4.69678142004636e-05,0.0034170126488554,0.00196974955162555,0,0,0.0157860216144804,1.43417273037937e-05,0.00068359086798417,4.93497318541558e-05,0.00124743873960869,0,9.51483864736072e-05,2.41852672510284e-05,0.00211369796339999,0.000800912928184716,0.00113113735420588,3.31431708351414e-05,0,0,0,0,0,0,0.00015216690653469,0,0,0,0,0,0,0.00410067434836373,0,0,0,2.89196144297524e-06,0,0,0,7.62558862679124e-06,0,9.45168012929224e-05,0,0.00158786635584816,5.47753484585574e-05,0.000267971680622625,0.000126078003984456,0.0905163057637298,0,0.0171013182236828,0.0102766713858811,0.00415338976606562,0.00351736210227847,0,0.000114127682844707
0,0,0,0,0,0,0,0,0,0.000368719235142102,0,0.0121820883201129,0,0,0,0,0,0,0,0.00150638824254009,0,0.00423900210032312,0,0.0033517070325746,0,0,0,0,0,0.000264441988373962,0,0,0,0.001834840063285,5.43454541619292e-05,0.0100260662481054,0,0,0,0,0,0.00106799324903224,0,0,0,0,0,0.0116463762140743,0,0.00494384445546481,0,0,0,0,0,1.79252030342941e-05,0,6.62433236336832e-05,0,0,0,0,0.00117913046319146,0,0.00110268967868495,0,0.00053238271072852,0,0,0,4.00743354493489e-06,0,0.00012848450227024,0,0,0,0.00414850903284686,0.000419100114625109,0.00356137421440061,0,0.0640031704666358,7.51738389226375e-06,0.00259708912318347,0.000107843770876406,0.00325934258562735,8.89264136447047e-06,0
0,0,0,0,0,0,0,0,0.00176965901780473,0,0.00843458516136171,0,0,0,0,0,0,0,4.52041405132409e-06,0,0.00254783548115428,0,0.00671710648248554,0,0.00315159923444598,0,0,0,0,0,0.0020108945612585,0,0,0,0.00245187138207981,0,0.0157860216144804,0,0,0,0,0,0.000808415521111696,0,0,0,0.000100035065776893,0.000379785060097841,0.00309488507668901,0,0,0,0,0,0.0013379724463307,0,0,0,0,0,0,0,0,0.000294485933728403,0,0.00546873988284002,0,0.0008001687212744,0,0,0,0.000860002036145755,0,4.3437776607079e-05,0,0,0,0.000873233778362466,0,0.00184950322599225,0,0.0631749942558495,0.00706093152600649,0.00491921784550823,0.00298429447458399,0,8.63366633653269e-06
2.38418520706832e-05,0,0,0,0,0.000409083612274974,0,0,3.31786066726123e-05,0,0,0,0,0,0,0,0.000279164141824571,0.000683158348802706,0.0101202150998461,0.000607182205772209,0,0,0,0,0,0,0,0,0,0,0,0.0052728160636479,0,0.00137778729003585,0,0.00108126125060177,1.43417273037937e-05,0,0,0,0.000103113176113509,0.0487753541196193,0.000507605308939033,0.0182963506982781,0.000520367756131966,0.0658420329509942,0.000803374174151782,0.0178407813229645,0.000183960159408945,0.0437588289632369,0,0,0,0,0,0,0,0.000732977774758152,0,0,0,0,0.00698339390065895,2.35828842780869e-05,0,0,0,0,0,0,0.000209707555458436,7.15483317660724e-06,0.00101515150667259,5.03029471810996e-05,0.00189340908589751,0,0.00054043295334341,3.80035365072783e-05,0.0161728276913261,3.9758181316728e-05,0.00128868097829918,1.56671854464182e-05,0.00123036967241507,7.07902969927443e-05,0.0245608619531869,0.019425344378098,0
0,0,0,0,0.000357978928772918,0,0,0,4.59397839630647e-05,0,1.70895818922328e-05,0,0,0,0,0,0.000441729674244987,0.000199304170266223,0.00518709930360508,0,0.000886972366454662,0,0,0,0,0,0,0,0,0,0,0,0,0,0,2.66864104461702e-05,0.00068359086798417,0,0,0.000103113176113509,0,0.000126832463236563,0.0205882585060154,0,0.00183684441992117,1.61321201508755e-05,0.0422971631424425,0.0164915875716865,0.0280561461984988,0,1.89036996837066e-05,0,0,0,0,0,0.000341950460042927,0,0,0,0.000130794698758084,0,0,0.0160036288231234,0,0,0,0,0,0,0,8.88955066108889e-05,0,0.00148287356481488,0,0,0,4.22892253614908e-05,3.21539030884621e-05,0.014519081013621,2.0128899584779e-06,0.000772220393756896,0.000441287953645152,3.08586913511717e-05,0.0183363842466456,0,0.000684209669412559
0,0.000139835905273472,0,0.000296214185946824,0,0.000515353863996915,0,0,0.000123150179600802,0.00165563713062051,0,2.13774725270335e-05,0,0,0,2.17434093023041e-05,0.000700331728940266,0.00146471968324787,0.0206300497396022,0,0,0,0,0.000384128368164158,0,0,0,0,0,0,0,0.000170426078890222,8.21908429616755e-06,0.000250176722751442,0,0.000940632509435851,4.93497318541558e-05,0.00106799324903224,0,0.0487753541196193,0.000126832463236563,0,0.00730002366709096,0.00893031325899152,0.000243261349217413,0.0176804990180756,0.000567547300371195,0.00766894443474904,1.31542701219841e-05,0.0198781434661614,0,0,0,0,0,0,2.88465336112931e-05,0.00539808739583503,0,0,0,0,0.0181998003836138,6.68672533259113e-05,0,0,3.24120073418668e-05,0,0,0,0.00117366200362711,3.75979591875602e-06,0.0144017331164069,7.08287152835371e-05,0.00116517693705624,0,0.000122712643418637,0,0.022067604272153,0.000185005170096413,0.00803619210898637,7.44010755607497e-05,0.00406474503277548,9.25727387166873e-05,0.0679359305909157,0.0600158862248297,0.00010339677395501
0.00170819653513086,0,0.00179651075166802,0,0.000474589904005112,0,0,0,0.00245831485704993,4.51762597698227e-05,5.22004002542155e-05,0,0,0,0,1.23625811597223e-05,0.00152297293446743,0.000395902294048025,0.022226933960283,0,0.00116688191209131,0,0,0,0,0,0,0,0,0,0,0,0,0.00024832919482792,8.98044502153101e-05,6.40959565289878e-06,0.00124743873960869,0,0.000808415521111696,0.000507605308939033,0.0205882585060154,0.00730002366709096,0,0.000147205514692,0.00088501680070016,0.00017053710869568,0.0139941897085602,0.0034273214007204,0.0128869984452771,0.000138741537593772,1.59080962986718e-05,0,0,0,5.08093050646793e-05,0,0.00252744751047214,0,0,0,0,0,0,0.0340126473818916,0,0,0,0,0,0,0,0.0012169387522892,0,0.0109397315153015,1.79969372059814e-05,0,3.72331683040585e-05,0,0.000154139719108737,0.01813467511932,2.90734416993242e-05,0.00627897394577295,0.00371925946600895,4.72939607455861e-05,0.102091252485528,0.000252783111259158,0.0384655375597377
0,0,0,0,0,0,0,0,0,0,0,0,0,0,0,0,0.000168084157506628,0.000308449507917306,0.020143114654957,0,0,0,0,0,0,0,0,0,0,0,0,0,0,0,0,1.6390709513661e-05,0,0,0,0.0182963506982781,0,0.00893031325899152,0.000147205514692,0,0,0.00572852495805479,0.000196804840502146,0,0,0.00224097670733658,0,0,0,0,0,0,0,0.00185860956033404,0,0,0,0,9.05187358892631e-05,0,0,0,0,0,0,0,0,0,0.0106200076031813,0,0.000299773810978868,0,0,0,0.00514516012319517,2.0675004558479e-06,0.0047158883929934,7.91744612722129e-06,0.00033862032905548,7.04665275471088e-06,0.0140204057075173,0.00425411559374682,0
0.000256665078722636,0,0,0,0,0,0,0,0,0,0,0,0,0,0,0,0.000151044431034371,8.12361556493885e-05,0.00696877906956762,0,0.000269383226310878,0,0,0,0,0,0,0,0,0,0,0,0,0,0,0,9.51483864736072e-05,0,0,0.000520367756131966,0.00183684441992117,0.000243261349217413,0.00088501680070016,0,0,0.000153636257405067,0.00176449752119312,0,0,0,0,0,0,0,0,0,0.00013587765954917,0,0,0,0,0,0,0.00106301085994715,0,0,0,0,0,0,0,0,8.59388228098645e-05,0.000638169811672949,0,0,0,0,1.77191144733468e-05,0.000976162041025678,4.21473383290605e-05,0.00127238915596774,0.000353964076755485,0,0.00597776471378409,0,0
0,0,0,0.000746776118402884,0,0.00136508008845266,0,0,9.05791060296555e-05,0,0,0.000938205345945216,0,0,0,0,0.000148725815142009,0.000313965291246734,0.0065735272167936,0.00753261220693989,0,0,0,0,0,0,0,0,0,0,0,0.00147618628208322,3.73259356275368e-05,0.000528022064381405,0,0.00231636150087627,2.41852672510284e-05,0,0,0.0658420329509942,1.61321201508755e-05,0.0176804990180756,0.00017053710869568,0.00572852495805479,0.000153636257405067,0,0.000241841333259631,0.00721182787661681,0.000139683415030386,0.0047552586001284,0,0,0,0,0,0,0,0.0153209002083953,0,0,0,0,0.114131240360952,1.7391915268786e-05,0,0,0,0,0,0,0.00173131813331489,0,0.0138597417796256,2.74279306261366e-05,0.0024885836689289,0,0.0002324168461589,0,0.0319704995226136,1.53517343252822e-05,0.0130603685971694,1.35968560159635e-05,0.00155578274494657,5.78167800565877e-05,0.0574280541782541,0.00580515342226302,0.000128618553408781
0.000173808251142872,0,0.000488996586858416,0,0.00187936931322645,0,0,0,5.68985270092683e-05,2.20205473852814e-05,0.000349050242385123,0,0,0,0,0,0.00123581466980375,0.000365812589744957,0.0123510655348631,0,0.0084897342594012,0,0,0,0,0,0,0,0,0,0,0,0.000487763472260723,0,8.32248897336685e-05,2.71558301466972e-06,0.00211369796339999,0,0.000100035065776893,0.000803374174151782,0.0422971631424425,0.000567547300371195,0.0139941897085602,0.000196804840502146,0.00176449752119312,0.000241841333259631,0,0.00531227212407369,0.0122280316986013,0.00012677341144008,9.81966122814906e-05,0,0,0,0,0,0.0042828248989935,0,0,0,0,0,0,0.0611522105580953,0,0,0,0,0,0,0,0.0011201843228284,2.12730533322883e-05,0.0109741237338259,0,1.15164334820138e-05,0,0,0.000124895073241057,0.0256270838800929,2.21174474931238e-05,0.00940335941349264,0.00198429985970682,6.63405554103708e-05,0.0199473285454651,0.000105361416168007,0.00191684297508017
0,0,0,0,0.000135840884061141,0.000653626933065932,0,0,0,0,0,0,0,0,0,0,0,8.51254540002103e-06,0.000126970437744738,8.01995592856234e-05,0.00188464438469414,2.73483253099606e-05,0,0,0,0,0,0,0,0,0,0.0340184463133563,0.060796042667132,0.105064101778882,0.0873404056950888,0.00258463767728717,0.000800912928184716,0.0116463762140743,0.000379785060097841,0.0178407813229645,0.0164915875716865,0.00766894443474904,0.0034273214007204,0,0,0.00721182787661681,0.00531227212407369,0,0.0664848320144182,0.0419704788399987,0,0,0,0,0,0,4.91248960129798e-05,0.000170072882030565,0,0,0,0,0.00170478036452447,0.00707194162270074,3.58683304158862e-05,0,0,0,0,0,1.15853981296758e-05,0,0.000273304100973116,0.000137462362103969,0.0445704282837716,0.0315127777939951,0.10987633882259,0.0180310703027722,0.00475414036530847,0.00628403849833095,0.00982696643320995,0.0112123777079431,0.00412076284422058,1.85775047128355e-05,0.0216759886044998,0.000427530334067073,0
0.0448102090719348,0,0.00999366931632113,0,0.000208968549170852,0,0,0,0.0018957611884123,0,2.578987732637e-05,0,0,0,0,0,0,5.79924413156342e-06,5.34723710602596e-05,0,0.00142747854339617,0,0.00411581199293825,0,0.00561280983757,0,0,0,0,0,0,1.99617941861407e-05,0.0034132092648513,6.08340359915235e-05,0.00780858531613228,1.51855631334224e-06,0.00113113735420588,0,0.00309488507668901,0.000183960159408945,0.0280561461984988,1.31542701219841e-05,0.0128869984452771,0,0,0.000139683415030386,0.0122280316986013,0.0664848320144182,0,0,0,0,0,0,0.00497667387886688,0,0.000842468543117064,0,0,0,0,0,4.76995542768519e-05,0.0077100046685269,0,0.0103419543210603,0,0.00598127532222451,0,0.00953210456561781,0,0.00743957298381837,1.66047724779262e-05,0.00197442322991683,4.14476579037562e-05,0.000272644693627982,4.34132597892101e-05,0.00454393838793567,2.70929148967673e-05,0.0072210703114961,4.7599174015934e-06,0.00942597931847885,0.000644945930307473,0,0.0248615620820433,0,0.000334942427116957
0,0.000497926954452031,0,0,0,0.000505084653707696,0,0,0,0.000361872979336994,0,0,0,0,0,0,1.07043165183194e-05,5.99312609559648e-05,0.00144095003154606,5.61449491165946e-05,0,0.00366457756918357,0,0.0058868787599064,0,0,0,0,0,0,0,0.00326653067655309,0,0.00620636627881218,0,0.000193395790873569,3.31431708351414e-05,0.00494384445546481,0,0.0437588289632369,0,0.0198781434661614,0.000138741537593772,0.00224097670733658,0,0.0047552586001284,0.00012677341144008,0.0419704788399987,0,0,0,0,0,0,0,0.00621971160571244,0,0.0100029870305302,0,7.7117996479764e-05,0,0.000221080723899527,0.0017010278025114,0,0.0116313702208526,0,0.0146553980186961,0,0.0107249629516798,0,0.0081744986266012,0,0.0363118548584763,0,0.003752589006512,0,0.00134682966951815,3.81631680510322e-05,0.00650742126093429,0,0.0102270237391858,7.03226894153481e-06,0.000557156688490713,2.07673405856902e-05,0.0240403369483655,0.00493935774733225,0
0,0,0.0154901970366133,0,0.0543515333777151,0,0.000337377261341498,0,0.000416639363875339,0,0.000220882525598951,0,0,0,0,0,0,0,0,0,0.00140306283863389,0,0,0,0,0,0,0,0,0,0,0,0,0,0,0,0,0,0,0,1.89036996837066e-05,0,1.59080962986718e-05,0,0,0,9.81966122814906e-05,0,0,0,0,0,0.000102215904908798,0,0.0042512810266266,0,0.00109890164697261,0,0.00384577031442838,0,0.00704645892213588,0,0,0.00111961713196846,0,0,0,0,0,0,0,3.89872264898649e-05,0,0,0,0,0,0,0,1.30073316297783e-05,0,0,0.000180266104460254,0,0.000889070681792539,0,0
0,0,0,0.00020790021517314,0,0.0153868233058419,0,0,0,0,0,0,0,0,0,0,0,0,0,0,0,0,0,0,0,0,0,0,0,0,0,0,0,0,0,0,0,0,0,0,0,0,0,0,0,0,0,0,0,0,0,0,0,0,0,0,0,0,0,0,0,0,0,0,0,0,0,0,0,0,0,0,0,0,0,0,0,0,0,0,0,0,0,0,0.000583112312728155,0,0
0,0,0,0,0.00269545103521769,0,0.0348999144370503,0,0,0,0.00781116062322912,0,0,0,0,0,0,0,0,0,0.00347989226633995,0,0,0,0,0,0,0,0,0,0,0,0,0,0,0,0,0,0,0,0,0,0,0,0,0,0,0,0,0,0.000102215904908798,0,0,0,0,0,0.0122886675411114,0,0,0,0,0,0,0,0,0,0,0,0,0,0,0,0,0,0,0,0,0,0,0,0,0,5.4767205644222e-05,0,0,0,0
0,0,0,0,0,0.00740289666680545,0,0.0310896293243246,0,0,0,0,0,0,0,0,0,0,0,0,0,0,0,0,0,0,0,0,0,0,0,0,0,0,0,0,0,0,0,0,0,0,0,0,0,0,0,0,0,0,0,0,0,0,0,0,0,0,0,0,0,0,0,0,0,0,0,0,0,0,0,0,0,0,0,0,0,0,0,0,0,0,5.04041012448081e-06,0,0,0,0
0.013262946026235,0,0.031324428485666,0,0,0,0,0,0.0889165662388485,0,0,0,0,0,0.025703935349524,0,0.00227838240929709,0.000124851611831254,0.000422397989002158,0,0,0,0,0,0.00069274732520054,0,0.000359971192665398,0,0,0,0,0,0,0,0,0,0,0,0.0013379724463307,0,0,0,5.08093050646793e-05,0,0,0,0,0,0.00497667387886688,0,0.0042512810266266,0,0,0,0,0,0,0,5.64233577710657e-05,0,0.00301265011210654,3.72788105784654e-05,0,0,0,0,0,0.00135244707879478,0,0.000163733115186915,0,0,0,0,0,0,0,0,0,0,0,0.00142153782163208,0.000423216348098792,2.90052261288599e-05,0.000180686356617636,0,0
0,0.0544481753442589,0,0.0108802372269807,0,0.00158133148066944,0,0,0,0.0234484355038995,0,0,0,0,0,0.00781795904939319,0.000234838448395724,0.0023087845606305,0.000672321418559126,0,0,0,0,0.000106419392261466,0,0.00169183138837579,0,0,0,0,0,0,0,0,0,0,0,1.79252030342941e-05,0,0,0,0,0,0,0,0,0,0,0,0.00621971160571244,0,0,0,0,0,0,0,0,0,0,0,0.0093252409922982,0,0,0,0,0.000510738901511654,0,0.000117708811566662,0,0,0,0,0,0,0,0,0,2.0818472337706e-06,0,7.40414458363511e-05,0,0.000313371978792265,0.000113942921154177,0,0,0
5.15145841199251e-05,0,0.000696548734659403,0,0.00722719494674005,0,0.000790167461749922,0,0,0,0.0734672911403308,0,6.55033371895928e-05,0,0,0,3.80412061714479e-05,3.28093537624886e-06,0.000703949377479692,0,0.0130636234952872,0,0,0,0,0,0,0,0,0,0.000429610546404929,0,0,0,1.97289082693083e-05,0,0.00015216690653469,0,0,0,0.000341950460042927,2.88465336112931e-05,0.00252744751047214,0,0.00013587765954917,0,0.0042828248989935,4.91248960129798e-05,0.000842468543117064,0,0.00109890164697261,0,0.0122886675411114,0,0,0,0,0,0.00871402499882224,0,0,0,0,0.0190915764179486,0,0,0,0,0,0,0,0.0176625465306234,0,0.0287944992401054,0,0,0,0,1.75090640305853e-06,0.000461144641915926,0,0.000852907456416891,0.00016536966769209,1.20612267780632e-06,0.00817240545583507,0,0.00186610217234665
0,0,0,1.56710920951369e-05,0,0.000279029838107833,0,0,0,0,0,0.0489675154606488,0,0,0,0,0,3.1703660758525e-06,0.000205042076400386,0.007788901939395,0,0,0,0,0,0,0,0,0,0.0186838252412557,0,2.29091066717563e-05,0,1.91043243833343e-05,0,9.99960719120268e-05,0,6.62433236336832e-05,0,0.000732977774758152,0,0.00539808739583503,0,0.00185860956033404,0,0.0153209002083953,0,0.000170072882030565,0,0.0100029870305302,0,0,0,0,0,0,0,0,0,0.00338173765813835,0,0.00109195688057877,0.0540796070561278,0,0,0,0,0,0.00224117812669982,0,0.0195017711728423,0,0.044498194042453,0,0,0,0,0,0.000307039998193374,0,0.00134652400291364,0,0.000434778746870008,0,0.01137226409438,0.00730594510913624,0
0,0,0,0,0.00395306590277359,0,0,0,0,0,0.00125901616535539,0,0.00533218211137633,0,0,0,0,0,0,0,0,0,0,0,0,0,0,0,0,0,0,0,0,0,0,0,0,0,0,0,0,0,0,0,0,0,0,0,0,0,0.00384577031442838,0,0,0,5.64233577710657e-05,0,0.00871402499882224,0,0,0,0,0,0,0,0,0,0,0,0,0,0,0,0,0,0,0,0,0,0,0,0,0,0,0,0,0,0
0,0,0,0,0,0,0,0,0,0,0,4.49721155746374e-05,0,0.012027639615701,0,0.00202220007600331,0,0.000326946660442242,0,0,0,0,0,0,0,0,0,0.00232425759124002,0,0,0,0,0,0,0,0,0,0,0,0,0,0,0,0,0,0,0,0,0,7.7117996479764e-05,0,0,0,0,0,0,0,0.00338173765813835,0,0,0,0,0,0,0,0,0,0,0.00189202345596437,0,0.00748556173073474,0,0,0,0,0,0,0,0,0,0,0,9.58035549631719e-06,0,0,0,0
0.000165180041221902,0,0,0,0,0,0,0,0.00803329030589734,0,0,0,0,0,0.028723452921862,0,0.00432426502912758,0.00012120479598493,0.000311480298013185,0,0,0,0,0,0,0,0.000767220697147289,0,0,0,0,0,0,0,0,0,0,0,0,0,0.000130794698758084,0,0,0,0,0,0,0,0,0,0.00704645892213588,0,0,0,0.00301265011210654,0,0,0,0,0,0,0,0,0,0,0,0,0,0,0,0,0,0,0,0,0,0,0,0,1.4581085291983e-05,0,0,0.000828561463515106,0,0,0,0
0,0.0137392809028698,0,0,0,0.000510692654643208,0,0,0,0.0053318604091972,0,0,0,0.000883597527035384,0,0.0698566029794433,0.000460409112735333,0.00796043974925599,0.000461598114569725,0,0,0,0,0.000193937821386686,0,0.00568031139498381,0,0,0,0,0,0,0,0,0,0,0,0,0,0,0,0,0,0,0,0,0,0,0,0.000221080723899527,0,0,0,0,3.72788105784654e-05,0.0093252409922982,0,0.00109195688057877,0,0,0,0,0,0,0,0,0,4.69654816139553e-05,3.44186559128406e-05,0,0,0,0,0,0,0,0,0,0,0,0,0,0.000469981746415685,0.000159018077701746,8.23522410958109e-06,0,0
0,3.81749882580017e-05,0,0,0,0.000256672454405716,0,0,0,0,0,0.00366999492417229,0,0,0,0,0,0,7.17938141632296e-05,0.0993247241069721,0,0,0,0,0,0,0,0,0,0,0,0.000183171012155534,2.37036278998024e-05,2.27990518145455e-05,0,0.0022992276360685,0,0.00117913046319146,0,0.00698339390065895,0,0.0181998003836138,0,9.05187358892631e-05,0,0.114131240360952,0,0.00170478036452447,4.76995542768519e-05,0.0017010278025114,0,0,0,0,0,0,0,0.0540796070561278,0,0,0,0,0,0,0,0,0,0,0,0,0.00258719129677509,0,0.00552921877240881,0,0.000476389747202973,0,0.000172316820776061,0,0.0189993819342037,0,0.00719812121824271,0,0.00106870125284919,0,0.0267627021943006,0.00116501974820489,0
0,0,0.000398531746475089,0,0.0154940121426467,0,0,0,9.51321031033257e-06,2.19377727530374e-05,0.00643025609488528,0,0,0,8.56759312297013e-05,0,0.000254336613500543,7.32440687875104e-05,0.00364134265887356,0,0.125874109439512,0,0,0,0,0,0,0,0,0,0,0,0.000700901131341673,7.84822704294925e-05,3.23257967299752e-05,0,0.00410067434836373,0,0.000294485933728403,2.35828842780869e-05,0.0160036288231234,6.68672533259113e-05,0.0340126473818916,0,0.00106301085994715,1.7391915268786e-05,0.0611522105580953,0.00707194162270074,0.0077100046685269,0,0.00111961713196846,0,0,0,0,0,0.0190915764179486,0,0,0,0,0,0,0,0,0,0,0,0,0,0,0.00313695618768273,0,0.0231921084607246,0,1.83818542573689e-05,0,0,0,0.0184269818884279,1.69986316752124e-05,0.0124314023980322,0.00160461598585804,3.87692340182542e-05,0.0335652028594936,0,0.00453662578561128
0,0,0,0,0,0,0,0,0,0,0,0,0,0,0,0,0,0,0,0,0,0.0384937654513052,2.73080422630301e-05,0.000682577024372431,0,0,0,2.58993930763346e-05,0,0,0,0,0,0,0,0,0,0.00110268967868495,0,0,0,0,0,0,0,0,0,3.58683304158862e-05,0,0.0116313702208526,0,0,0,0,0,0,0,0,0,0,0,0,0,0,0,0,0.0153996733651307,0,0.000349320345049013,0,0.0136231044442572,0,0,0,0,0,0,0,0,0,0.00597948403617318,0,0.000456764202219936,3.13414764125589e-05,0,0,0
0,0,0,0,0,0,0,0,0,0,0,0,0,0,0,0,3.35939412060551e-05,0,0,0,0,0,0.0329454453563379,0,0.00241642439962103,0,0,0,0,0,0,0,0,0,0,0,0,0,0.00546873988284002,0,0,0,0,0,0,0,0,0,0.0103419543210603,0,0,0,0,0,0,0,0,0,0,0,0,0,0,0,0,0,0,0.00733008796156867,0,3.65330195637853e-05,0,0.000225531695962512,0,0,0,0,0,0,0,0,0,0.0122583887746709,0.000283115863568086,4.22751145819989e-05,0,0,0
0,0.00934519560718304,0,0,0,0,0,0,0,0.0132143860250519,0,0,0,0,0,0,0,0,0,0,0,0.00530468335173669,0,0.0913379217722168,0,0.00409852793692567,0,0,0,0,0,0,0,0,0,0,0,0.00053238271072852,0,0,0,3.24120073418668e-05,0,0,0,0,0,0,0,0.0146553980186961,0,0,0,0,0,0.000510738901511654,0,0,0,0,0,0,0,0,0.0153996733651307,0,0,0,0.00119673123818206,0,0,0,0,0,0,0,0,0,0,0,0.00108380364323143,0,0.000487068497282973,2.71618007624477e-05,0.00653193287593069,0,0
