0,0,0.0109404437373575,0,0.000438958035624791,0,0,0,0.0859631557404031,0,0,0,0,0,0,0,0,0,0,0,0,0,0,0,0,0,0,0,0,0,0,0,0,0,0,0,0,0,0,0,0,0,0.00110027080992784,0,0,0,0,0,0.0126684654423435,0,0,0,0,0,0.0587563634592752,0,0,0,0,0,0.00405811158349857,0,0,0,0,0,0,0,0,0,0,0,0,0,0,0,0,0,0,0,0,0,0.000236370402645622,0,0.00611936444415747,0,0.000933638530660453
0,0,0,0.0201077024627898,0,0,0,0,0,0.0494058136749484,0,0,0,0,0,0,0,5.144619772517e-06,6.01860264349814e-05,0,0,0,0,0.000371926126560762,0,0,0,0,0,0,0,0,0,0,0,0,0,0,0,0,0,0.00478355171784183,0,0,0,0,0,1.59536044515897e-05,0,0.0039468635871939,0,0,0,0,0,0.0496239256607635,0,0.00339602526519806,0,0.00100229880340188,0,0.0036857724489146,0,0,0,0,0.00632019535488923,0,0,0,0,0,0,0,0,0,0,0,0,0,0,0,0.00024501665674791,0,0.00307940034861963,8.48268318766193e-05,0
0.0109404437373575,0,0,0,0.00567165243774235,0,0,0,0.0215610264179252,0,0,0,0,0,0,0,0,0,6.34245742121516e-05,0,0,0,0,0,0,0,0,0,0,0,0,0,0,0,0,0,0,0,0,0,1.67078350331046e-05,0,0.00510800937359327,0,0,0,0.00022459625818783,0,0.00997639764157668,0,0.000961742933829044,0,0,0,0.0207063569413666,0,0.000648837304614448,0,0,0,0,0,0,0.000605495343593758,0,0,0,0,0,0,0,1.79584635935949e-05,0,0.000278886519980313,0,0,0,0,0,1.63745683276554e-05,0,0,0.000691778798255239,0,0.01395165504949,0,0.000619596552321954
0,0.0201077024627898,0,0,0,0.028772906032547,0,0,0,0.0199737761650775,0,0,0,0,0,0.00217779671663686,0,0,0,0,0,0,0,0,0,0,0,0,0,0,0,0,0,0,0,0,0,0,0,0.000570796261289671,0,0.00584425424026623,0,0,0,0.000134676325359083,0,2.30068801869508e-05,0,0.01388109847123,0,0.0164290081185199,0,0,0,0.0113292965846049,0,0.00299767654410105,0,5.21752475311893e-05,0,0,0.000122357890597343,0,0,0,0,0,0,0,0.000138113504305619,0,0.000647935916751248,0,0,0,0,0,0,0,1.31507988400789e-05,0,0.000332647156131615,0,0.0215959159038143,0.000666006548509088,0
0.000438958035624791,0,0.00567165243774235,0,0,0,0.000507438875884371,0,0.0186018688729487,0,0,0,0,0,0.00016709416740056,0,0,0,0,0,0.00375561509569171,0,0,0,0,0,0,0,0,0,0,0,0,0,0,0,0,0,0,0,0.000245572730069565,0,0,0,0,0,0.000356525078898299,0,0.000739565103766933,0,0.0627894955973957,0,0.00361836967810484,0,0.0150011151770637,0,0.000495536449120227,0,0,0,0.00358360329993543,0,0,0.00257958147148166,0,0,0,0,0,0,0,0,0,0,0,0,0,0,0,1.77860826860415e-05,0,0,0.000921006718507239,2.0375532769004e-05,0.0050461521871342,0,0
0,0,0,0.028772906032547,0,0,0,0,0,0.00464914751003053,0,0,0,0,0,0.0105592813918147,0,0,0,0.00470496872042185,0,0,0,0,0,0,0,0,0,0,0,0,0,0,0,5.66895679770621e-06,0,0,0,0.000841005064486757,0,0.000513161341016759,1.25617055854341e-05,0,0,0.0019288856407885,0,0.000266104949350269,0,0.00076919571580035,0,0.0123134407794417,0,0,0,0.000456637924866073,0,0.000237083186071735,0,0.00402612509333247,0,0,0.0100589747432457,0,0,0,0,0,0,0,2.30939539511313e-05,0,0.000198470923292897,0,0,0,0,0,9.78598156753095e-05,0,1.45089059447188e-06,0,0.00026416146099868,2.84189080815024e-06,0.0127392053679615,0,0
0,0,0,0,0.000507438875884371,0,0,0,0,0,0.000838649074175082,0,0.00240141614809956,0,0,0,0,0,0,0,0.000887261932107076,0,0,0,0,0,0,0,0,0,0,0,0,0,0,0,0,0,0,0,0,0,0,0,0,0,0,0,0,0,0.00161495088704115,0,0.0583152557620385,0,0,0,0.0213988014611607,0,0.00045881723939796,0,0,0,0,0.000724935701777198,0,0,0,0,0,0,0,0,0,0,0,0,0,0,0,0,0,0,0.00140225314753456,3.22120022639132e-05,0,0,0
0,0,0,0,0,0,0,0,0,0,0,0,0,0.00260797889418311,0,0,0,0,0,0,0,0,0,0,0,0,0,0,0,0,0,0,0,0,0,8.71091560838977e-06,0,0,0,0,0,0,0,0,0,0,0,0,0,0,0,0,0,0.0180355347373809,0,0,0,0,0,0,0,0,0,0,0,0,0,0,0,0,0,0,0,0,0,0,0,0,0,0,0,0,0.000132013440691428,0,0,0,0
0.0859631557404031,0,0.0215610264179252,0,0.0186018688729487,0,0,0,0,4.92252105071317e-05,0,0,0,0,0.0115299126488261,0,0.00350101134798982,0.000352697557563263,0.000653958209033007,0,0,0,6.19379585921955e-06,0.000530045600453014,0.00417814881225646,2.64990012356685e-05,0.00176876427951564,0,0,0,0,0,0,0,0,0,0,0,0.000846942889343032,0,0.000141753120572723,0,0.000767602287469983,0,0,0,1.02745351948169e-05,0,0.00152329897351882,0,0.000205852571796283,0,0,0,0.201477189267084,0,3.10281818763151e-05,0,0,0,0.00184285048932365,0,0,0,0,4.95748985377158e-05,0,0.00227124707306344,0,0.00374622818321461,0,0,0,3.32177016459934e-05,0,0,0,0,0,0,0,0.000697295040248302,0.00224343780875663,0.000246145853508333,0.00726271196756548,0.000133602245773532,0.000491307285306417
0,0.0494058136749484,0,0.0199737761650775,0,0.00464914751003053,0,0,4.92252105071317e-05,0,0,0,0,0,0,0.00708957360012688,0.00046348022525416,0.00491120537009737,0.00055181219197021,0,0,0,0,0.0072579670336753,0,0.000435030299142826,0,0,0,0,0,0,0,0,0,0,0,0.000180916797143905,0,0,0,1.37268594546224e-05,0,0,0,5.61155776494212e-05,0,3.25174089155908e-05,0,0.00348660428326058,0,0,0,0,0.000348415471864035,0.137174349277541,0,0,0,0,0,0.000367690164560418,0,0,0,0,0.00697674959390691,0,0.000635773945358471,0,0,0,0,0,0,0,0,0,0,0,9.55348127572142e-05,0,0.00091113045624916,0,0.00336883856018404,6.16579050997162e-05,0
0,0,0,0,0,0,0.000838649074175082,0,0,0,0,0,0.00901216910875189,0,0,0,0,0,0,0,0.0268376365062902,0,0,0,0,0,0,0,0,0,0.00273467944746198,0,0,0,0,0,0.00180423008267139,0,0.0105208409236129,0,2.88972195101635e-05,0,0,0,0,0,0,0,0,0,0,0,0.000608096653206969,0,0,0,0.103953894849748,0,0.00100448130785542,0,0,0,0,0.00898762280791067,0,0,0,0,0,0,0,0,0,0.002826788800664,0,0,0,0,0,0.0014921401754659,0,0.00815249284407148,0.000560520034125473,0.000235910697980446,8.64629822940966e-05,0,0
0,0,0,0,0,0,0,0,0,0,0,0,0,0.00968282181430872,0,0,0,0,0,0.00237109267633676,0,0,0,0,0,0,0,0,0,0.000838846242236682,0,0,0,0,0,0.000648751753004738,0,0.00968646438890339,0,0,0,0,0,0,0,0,0,0,0,0,0,0,0,0,0,0,0,0.042786411480074,0,0.00195281593220242,0,0,0.0115290622553763,0,0,0,0,0,0,0,0,0,0.00416208889795894,0,0,0,0,0,0.000385239204647174,0,0.00458568213917449,0,0.000166532670811477,0,0,0,0
0,0,0,0,0,0,0.00240141614809956,0,0,0,0.00901216910875189,0,0,0,0.00375534442729526,0,0,0,0,0,0,0,0,0,0,0,0,0,3.40356018568855e-05,0,0,0,0,0,0,0,0,0,0,0,0,0,0,0,0,0,0,0,0,0,0,0,0.00200598133821654,0,0,0,0.0025331458772258,0,0.0223801488580526,0,0.000572438793010689,0,0,0,0,0,0,0,0,0,0,0,0,0,0,0,0,0,0,0,0,0,0.000526054434147753,9.91350540743881e-05,0,0,0
0,0,0,0,0,0,0,0.00260797889418311,0,0,0,0.00968282181430872,0,0,0,0.0043624250589301,0,0.000409847521380839,0,0,0,0,0,0,0,6.60817730355583e-05,0,0.00172240039807229,0,0.00314529581689071,0,0,0,0,0,0,0,0,0,0,0,0,0,0,0,0,0,0,0,0,0,0.000453787779395469,0,0.00162327177268514,0,0,0,0.00556077795733165,0,0.0182878722994458,0,0,0,0,0,0,0,0,0,0,0.000842091200975954,0,0,0,0,0,0,0,0,0,0,0,0.000199178057178585,0.000175525351598213,0,0,0
0,0,0,0,0.00016709416740056,0,0,0,0.0115299126488261,0,0,0,0.00375534442729526,0,0,0,0.000396320452313508,0,0,0,0,0,0,0,0.00113171747454336,0,0.00146831656492482,0,3.29727649642023e-05,0,0,0,0,0,0,0,0,0,0,0,0,0,0,0,0,0,0,0,0,0,0.000581620928506216,0,0,0,0.0363057843504191,0,0,0,0.00122019450935654,0,0.0390139648383794,0,0,0,0,0,0,0.000182965872227214,0,0.000151424330460387,0,0,0,0,0,0,0,0,0,0,0,0,0.000249324376436229,1.68515072557533e-05,0,0,0
0,0,0,0.00217779671663686,0,0.0105592813918147,0,0,0,0.00708957360012688,0,0,0,0.0043624250589301,0,0,0.000454839104740656,0.00678732993086813,0.000501138620751621,0,0,0,0,0.000266209771234505,0,0.00113959395012333,0.000184955298901904,0,0,0,0,0,0,0,0,0,0,0,0,0,0,0,0,0,0,0,0,0,0,0,0,0.00176347983021067,0,0,0,0.0259953571555843,0,0,0,0.00214054734519694,0,0.0106402175049464,0,0,0,0,0,0,0.000917332127969606,0,0,0,0,0,0,0,0,0,0,0,0,0,0.0010771232628883,5.17348903937853e-06,0,0,0
0,0,0,0,0,0,0,0,0.00350101134798982,0.00046348022525416,0,0,0,0,0.000396320452313508,0.000454839104740656,0,0.0869881709772609,0.0512962720188593,0,0,0.000105928442297229,0.00286289073585294,0.00240209546489077,0.00437075634977737,0.000774166982055367,0.0337636879306172,0,0.00419434147592749,0,0,0,0,0,0,0,0,0,0,0.000191328462191384,1.98266507633275e-05,0.00028604886548706,0.000452606927785899,1.51942190759641e-05,9.54224656738763e-06,0,0,0,0,0,0,0,0,0,0.00708685328738926,5.08592335164539e-05,0,0,0,0,0.00572012158605305,4.25517513601994e-05,9.94059492211035e-05,0,0,8.02311220529761e-05,0.00011363632663103,0.000793820099295663,0.0013477661728818,0.020854670434913,0,0.00312591788690608,6.99925280675333e-06,0,0,0,0,0,0.000213622825150344,0.000155207058053374,8.4446863441172e-06,0,0.0250809708849936,0.00467886421365044,0.000461563895538954,4.97661179763452e-05,6.6914087052129e-05
0,5.144619772517e-06,0,0,0,0,0,0,0.000352697557563263,0.00491120537009737,0,0,0,0.000409847521380839,0,0.00678732993086813,0.0869881709772609,0,0.0569423064424843,0,0,0.000944418179499656,4.81672765937182e-05,0.0134977651328585,0.000382188178239663,0.0243015348335846,0.000537019062235465,0.000611111645005254,0,0,0,0,0,0,0,0,0,0,0,7.75658809097489e-05,2.85717170707019e-05,0.000555669212320758,0.000297419659394983,0.000109169322431097,4.87698830734273e-05,5.46614003689829e-06,0,1.21988405237821e-05,8.81481458681749e-06,0,0,0,0,0,0.00108093867038498,0.00180929375649248,0,0,0,0,0.000250590905915505,0.00366275277644194,7.4511733559638e-05,0,1.29022647227437e-05,0,0.00119920626371071,4.7521141709069e-06,0.0185887981517514,0.00050487621626799,0.000140369285856075,0,3.39568640229181e-06,0,0,0,0,0,0.000301839126993331,0.000137575393171965,5.57164002238326e-05,2.36025675596501e-06,0.0245766743730177,0.00117543515390059,0.000454581989808289,0.000108964204327004,0.000125290963679442
0,6.01860264349814e-05,6.34245742121516e-05,0,0,0,0,0,0.000653958209033007,0.00055181219197021,0,0,0,0,0,0.000501138620751621,0.0512962720188593,0.0569423064424843,0,0,0,5.87793824152703e-06,5.97990014052814e-05,0.00173914266859621,0.000149257888819188,0.00137878177096745,0.000586657707736468,0,0,0,0,0,0,0,0,0.000127505278316151,7.66890872325511e-05,0,0,0.00629212908350581,0.00210682458378533,0.0191173861961561,0.0246542360838444,0.00617755240760718,0.00204382830415029,0.000300070070303759,7.43892812080209e-05,0.000112882123436332,0.000584598981817867,0.000252089948685156,0,0,0,0,0.00251523397147016,1.98723755929027e-05,0.000309083308558619,0.00022875850813898,0,0,0.000693796260089914,9.51876119042179e-05,0.002469001699104,0.000157294435424445,0,0,0,9.41806835072327e-06,0.00213463806258515,0.00098153369827526,2.1103468439517e-05,0,0.000275892579378269,0.000113346691592639,0,0,0,0,0.008945662768253,0.0107223692653572,0.00143422264719637,0.000441657998882572,0.016375236523706,2.18198698845569e-05,0.0211601121549289,0.00499553186062837,0.00336351204660369
0,0,0,0,0,0.00470496872042185,0,0,0,0,0,0.00237109267633676,0,0,0,0,0,0,0,0,0,0,0,0,0,0,0,0,0,0,0,0,0,0,0,0.00725841670914031,0,0.00558591765243679,0,0,0,0,0,0,0,0.000536834357408614,0,0,0,0,0,0,0,0,0,0,0,0.000124933096538877,0,0,0,0,0.030463533556136,0,0,0,0,0,0,0,0,0,0,0,0,0,0,0,0.00673463405801239,0,0.00770339438901099,0,0.000439685646141043,0,0.000855325852091311,0,0
0,0,0,0,0.00375561509569171,0,0.000887261932107076,0,0,0,0.0268376365062902,0,0,0,0,0,0,0,0,0,0,0,0,0,0,0,0,0,0,0,0,0,0,0,0,0,0.00288164295890514,0,0.00212352526968611,0,0,0,0,0,0,0,0.00111611346644156,0,0,0,0,0,0,0,0,0,0.00392964739850839,0,0,0,0,0,0,0.0507909693551714,0,0,0,0,0,0,0,0,0,0.00153083915109774,0,0,0,0,0,0.00538780052070654,0,0.000866048548094736,7.23069427682727e-05,0,0.000408603921620982,0,0
0,0,0,0,0,0,0,0,0,0,0,0,0,0,0,0,0.000105928442297229,0.000944418179499656,5.87793824152703e-06,0,0,0,0.00214249928050618,0.00613974818834935,0,0.00215967263758522,0,0.0015278141517135,0,0,0,0,0,0,0,0,0,0.00514120497874746,0,0,0,1.24414652838506e-05,0,0,0,0,0,6.56584690337999e-06,0,0.00320258682872826,0,0,0,0,0,0,0,0,0,0,0,0,0,0,0.0821917831994759,0,0.00637778095617678,0,0.00129799501366343,0,0.00198820140502828,0,2.7900738934677e-05,0,0,0,0,0,0,0,0.00449489805891855,0,0.00136698856475103,9.70875009322446e-05,5.91335753032851e-06,0,0
0,0,0,0,0,0,0,0,6.19379585921955e-06,0,0,0,0,0,0,0,0.00286289073585294,4.81672765937182e-05,5.97990014052814e-05,0,0,0.00214249928050618,0,0,0.00481101964030471,0,0.00216069348920109,0,0.000888944296707347,0,0,0,0,0,0,0,0,0,0.00695324375990862,0,0,0,0,0,0,0,0,0,0.00176099494920921,0,0,0,0,0,3.99063155567629e-05,0,0,0,0,0,0,0,0,0,0.000445479432410264,0.0818383868831131,0,0.00285885971716178,0,0.00273791712072353,0,2.1034884399039e-05,0,0,0,0,0,0,0,0,0,0.00521592891275676,0.00292574680862611,7.50533307338852e-05,8.03771090100963e-05,0,0
0,0.000371926126560762,0,0,0,0,0,0,0.000530045600453014,0.0072579670336753,0,0,0,0,0,0.000266209771234505,0.00240209546489077,0.0134977651328585,0.00173914266859621,0,0,0.00613974818834935,0,0,0,0.0483006291966723,0,0,0,0,0,0,0,0,0,0,0,0.00392202009088281,0,2.16092294671188e-05,0,0,0,0,0,0,0,0.00183539633489439,0,0.0128668470971657,0,0,0,0,0,0.00712480171530041,0,0,0,0,0,0.000572705987185734,0,0,0.00510282770039746,0,0.185405871725309,0.000366874493394898,0.0216725829753049,0.000457485526306207,5.28087862682455e-05,0,0,0,0,0,0,0,0,2.13056746290483e-06,0.00298256162011552,0,0.00157313245346063,0,0.00152179679150888,0,0
0,0,0,0,0,0,0,0,0.00417814881225646,0,0,0,0,0,0.00113171747454336,0,0.00437075634977737,0.000382188178239663,0.000149257888819188,0,0,0,0.00481101964030471,0,0,0,0.105037245956416,0,0.000109094035913285,0,0,0,0,0,0,0,0,0,0.00118497946372791,0,0,0,0,0,0,0,0,0,0.00527577182925161,0,0,0,0,0,0.00515529876351194,0,0,0,0,0,0,0,0,0,0,0.00166903478579749,0,0.124156245068571,0,0.00969804886234456,0,0,0,0,0,0,0,0,0,0,0,0.000433576482117512,0.000714763205151856,0,0.000620232436902926,0,0
0,0,0,0,0,0,0,0,2.64990012356685e-05,0.000435030299142826,0,0,0,6.60817730355583e-05,0,0.00113959395012333,0.000774166982055367,0.0243015348335846,0.00137878177096745,0,0,0.00215967263758522,0,0.0483006291966723,0,0,7.74298756207326e-05,0.00258499047388314,0,0,0,0,0,0,0,0,0,0,0,1.20733580902322e-05,0,0,0,0,0,0,0,0,0,0.000160375695111414,0,0,0,0,5.19981633620523e-05,0.00130253585730633,0,0,0,0,0,0.00164911616421133,0,0,0.00665765836515302,0,0.0146238885939084,0,0.0403833689910537,0,0.000121848013164965,0,0,0,0,0,0,0,1.33915446364852e-05,0,0,0,0.000965649353290097,8.0498200520818e-06,0,0,0
0,0,0,0,0,0,0,0,0.00176876427951564,0,0,0,0,0,0.00146831656492482,0.000184955298901904,0.0337636879306172,0.000537019062235465,0.000586657707736468,0,0,0,0.00216069348920109,0,0.105037245956416,7.74298756207326e-05,0,0,0.00603712497962917,0,0,0,0,0,0,0,0,0,0,0,0,0,0,0,0,0,0,0,0,0,0,0,0,0,0.00291119119497792,0,0,0,0,0,0.00392200549011595,0,0,0,0,0.0029957824450706,0,0.078388001870498,0,0.0594378300877794,0,0.00106541906939652,0,0,0,0,0,0,6.65948558799739e-06,0,0,0,0.000799552340759117,6.77406100957057e-05,0,0,0
0,0,0,0,0,0,0,0,0,0,0,0,0,0.00172240039807229,0,0,0,0.000611111645005254,0,0,0,0.0015278141517135,0,0,0,0.00258499047388314,0,0,0,0.0236802242028118,0,0,0,0,0,0,0,9.37101627522275e-05,0,0,0,0,0,0,0,0,0,0,0,0,0,0,0,0,0,0,0,0,0,0.00308786438221289,0,0,0,0,0.000932155481872549,0,0,0,0,0,0.0199727734010323,0,0.00470564922975555,0,0,0,0,0,0,0,0.00020887550751975,0,0.000307414249972791,0,0,0,0
0,0,0,0,0,0,0,0,0,0,0,0,3.40356018568855e-05,0,3.29727649642023e-05,0,0.00419434147592749,0,0,0,0,0,0.000888944296707347,0,0.000109094035913285,0,0.00603712497962917,0,0,0,0,0,0,0,0,0,0,0,0.000355035184739149,0,0,0,0,0,0,0,0,0,0,0,0,0,0,0,0,0,0,0,0,0,0.000410467602945942,0,0,0,0,0.00059688246834233,0,0,0,0.000728621238978051,0,0.014981867281634,0,0,0,0,0,0,0,0,0,0.000599901609007285,0.000203317676971805,2.28560971786744e-05,0,0,0
0,0,0,0,0,0,0,0,0,0,0,0.000838846242236682,0,0.00314529581689071,0,0,0,0,0,0,0,0,0,0,0,0,0,0.0236802242028118,0,0,0,0,0,0,0,0,0,0.000300682955641896,0,0,0,0,0,0,0,1.64674312817239e-05,0,0,0,0,0,0,0,0,0,0,0,0.00245401190825169,0,0.00315853550914124,0,0,0.000292477970754348,0,0,0,0,0,0,0,0.00354087276231782,0,0.0454658105905535,0,0,0,0,0,0,0,0,0,1.2049261217982e-05,0,0,0,0
0,0,0,0,0,0,0,0,0,0,0.00273467944746198,0,0,0,0,0,0,0,0,0,0,0,0,0,0,0,0,0,0,0,0,0,0,0,0,0,0,0,0.00142251271119024,0,0,0,0,0,0,0,0,0,0,0,0,0,0,0,0,0,0.00249844777421025,0,0,0,0,0,0,0,0,0,0,0,0,0,0,0,0,0.0467045471205743,0,0,0,0,0,0,0,0.000800891694091449,0,0,0,0,0
0,0,0,0,0,0,0,0,0,0,0,0,0,0,0,0,0,0,0,0,0,0,0,0,0,0,0,0,0,0,0,0,0.0330279877393701,0.000112855296696926,0.00011779627329149,0.00227741970103762,0,0,0,0.00028976950893114,0,2.48626806863166e-05,0,0,0,0,0,0.0608565624822592,0.000787399003589567,0.00101307633566784,0,0,0,0,0,0,0,0,0,0,0,0,0,0,0,0,0,0,0,0,0,0,0,0,0.213354649193778,0.00511027952181326,0.00447343180649866,0.000148558995187592,0.00535689486795697,0,6.39747812101348e-06,0,0.00224700268170925,0,9.01663461970443e-06,0,0
0,0,0,0,0,0,0,0,0,0,0,0,0,0,0,0,0,0,0,0,0,0,0,0,0,0,0,0,0,0,0,0.0330279877393701,0,0.00235208995706371,0.00269096937953805,3.3135720221277e-06,0.00106341975713,0,0,8.07810787464315e-05,0.000128655828727047,0,0,0,0,0,0,0.0465288802431451,0.0024975821919159,0.00037203341074372,0,0,0,0,0,0,0,0,0,0,0,0,0,0,0,0,0,0,0,0,0,0,0,0,0.0102474238798322,0.0882180021078085,0.00409368692407173,0.0020045574584461,1.58976812357311e-05,0.00197483122304697,0,0,0.000554347292172864,0,5.03795558929286e-05,0,0
0,0,0,0,0,0,0,0,0,0,0,0,0,0,0,0,0,0,0,0,0,0,0,0,0,0,0,0,0,0,0,0.000112855296696926,0.00235208995706371,0,0.069861849787639,0.00385300446184737,0,0.00144622055106106,0,0,0,0.00168746002568863,3.41290767851693e-05,0,0,0,0,0.0257145468180635,0,0.0013444742949972,0,0,0,0,0,0,0,0,0,0,0,0,0,0,0,0,0,0,0,0,0,0,4.52086868814403e-05,0,0.00146070537663043,0.000102680983887996,0.208118410035483,0.0249035441462077,0.00585629237475475,0,0.0012285514286405,0,0.00188616641701099,0.000168528718404049,6.01714035468001e-05,0,0
0,0,0,0,0,0,0,0,0,0,0,0,0,0,0,0,0,0,0,0,0,0,0,0,0,0,0,0,0,0,0,0.00011779627329149,0.00269096937953805,0.069861849787639,0,0,0.00362523261299795,0,0.00467335042686093,0,0,0,0.00230965766276203,0,0,0,0,0.0398760275780922,0.0035942995103874,0.000103803138577849,0,0,0,0,0,0,0,0,0,0,0,0,0,0,0,0,0,0,0,0,0,0,0,0.0015142372873244,0,0.00251848362913904,0.0372139981457497,0.235541426629032,0,0.00428448213181592,0,0.00916765354991544,0.00316667285565124,0.000114198159084703,0.000347806456955341,0,0
0,0,0,0,0,5.66895679770621e-06,0,8.71091560838977e-06,0,0,0,0.000648751753004738,0,0,0,0,0,0,0.000127505278316151,0.00725841670914031,0,0,0,0,0,0,0,0,0,0,0,0.00227741970103762,3.3135720221277e-06,0.00385300446184737,0,0,0.000788756497336163,0.0180943661360045,0.000207883783118895,2.14648477966958e-05,0,0.000613658004657088,1.46887954877963e-05,0.000297341221022533,0,1.27135977626532e-05,0,0.00344251021842253,0,6.53088488544977e-05,0,0,0,0,0,0,1.43128683211666e-06,5.43699802667153e-05,0,0,0,0,0.00212887398385691,0,0,0,0,0,0,0,0,0,1.37865024631383e-05,0,0.000879430369745677,0,0.00181110359734712,0,0.0495843402759959,8.7759683685347e-06,0.00270424679180456,0,0.00483745903770556,0.00286460576186941,0.000155686272510157,0.000390152543628591,0
0,0,0,0,0,0,0,0,0,0,0.00180423008267139,0,0,0,0,0,0,0,7.66890872325511e-05,0,0.00288164295890514,0,0,0,0,0,0,0,0,0,0,0,0.00106341975713,0,0.00362523261299795,0.000788756497336163,0,9.08010919444555e-05,0.013267048569155,0,4.74057791151366e-05,2.05323681186918e-06,0.000305038603012581,0,9.57732361427396e-05,0,4.38313361537795e-05,0.00359283755487481,0,0,0,0,0,0,0,0,7.40513305110253e-05,0,0,0,0,0,0,0.00178526852924812,0,0,0,0,0,0,0,0,0,2.50699345862926e-06,0,0.000225639200743984,0,0.00196086647584331,0.000293743110867184,0.0541024365375729,1.75432033515032e-05,0.00121991656335962,0.00495290213719058,0.0025582832196211,0.000233334848075092,0,4.7918118662539e-05
0,0,0,0,0,0,0,0,0,0.000180916797143905,0,0.00968646438890339,0,0,0,0,0,0,0,0.00558591765243679,0,0.00514120497874746,0,0.00392202009088281,0,0,0,9.37101627522275e-05,0,0.000300682955641896,0,0,0,0.00144622055106106,0,0.0180943661360045,9.08010919444555e-05,0,0.00531405188372593,0,0,7.2697867846792e-05,0,0,0,1.41680827776452e-05,0,0.00824548908952923,0,0.00389552410715755,0,0,0,0,0,0.000412131682705993,0,0.000848950944862757,0,0,0,0,0.00190992735961691,0,0.00133094814389648,0,0.000770934206328091,0,0,0,0.000716360429688737,0,0.00113085049320517,0,0,0,0.00628852783508466,0,0.00735848225682929,0,0.0778847693307927,4.38085454894724e-05,0.00465829226175873,0.00225380107121955,0.000347239168359086,1.25524016524312e-05,0
0,0,0,0,0,0,0,0,0.000846942889343032,0,0.0105208409236129,0,0,0,0,0,0,0,0,0,0.00212352526968611,0,0.00695324375990862,0,0.00118497946372791,0,0,0,0.000355035184739149,0,0.00142251271119024,0,0,0,0.00467335042686093,0.000207883783118895,0.013267048569155,0.00531405188372593,0,0,0,0,0.000246604530227433,0,0,0,6.42674895052667e-06,0.00204078637075011,0.00498873063483367,0,0,0,0,0,0.00101398853794098,0,0.000400020716055498,0,0,0,0,0,0,4.24591418563622e-05,0,0.00293696654696635,0,0.000488354126531894,0,0,0,3.25900755038844e-05,0,0.000546485574263862,0,0,0,0.00208692824863159,0,0.00687739854818609,0.00144533299469917,0.0717337459254546,0.00309509594806926,0.000768279052125151,0.00141412187442334,0,0
0,0,0,0.000570796261289671,0,0.000841005064486757,0,0,0,0,0,0,0,0,0,0,0.000191328462191384,7.75658809097489e-05,0.00629212908350581,0,0,0,0,2.16092294671188e-05,0,1.20733580902322e-05,0,0,0,0,0,0.00028976950893114,8.07810787464315e-05,0,0,2.14648477966958e-05,0,0,0,0,5.30325503485319e-06,0.0203365969437213,0.000104754274961542,0.00991071022367491,0,0.004153714697326,0,0.0180536426174934,0,0.019771599307986,0,6.20968237305869e-05,0,0,0,0,0,0.00157816912408502,0,5.34447468626188e-05,0,0,0.00229730987791409,0,0,0,0,0,0,0,0.000214615895242697,0,0.0016899060140705,0,0.00132670364265573,0,0,0,0.00555348266924128,1.16595642913856e-06,0.000840806248398686,0,0.000129766088838757,0,0.0192004250302495,0.00399954200008952,0.000222333343517563
0,0,1.67078350331046e-05,0,0.000245572730069565,0,0,0,0.000141753120572723,0,2.88972195101635e-05,0,0,0,0,0,1.98266507633275e-05,2.85717170707019e-05,0.00210682458378533,0,0,0,0,0,0,0,0,0,0,0,0,0,0.000128655828727047,0,0,0,4.74057791151366e-05,0,0,5.30325503485319e-06,0,0,0.00881297894189256,0,0.00215791727655264,0,0.000453681583901386,0.00887591987455987,0.0225184491144416,0,3.11607407304159e-05,0,0,0,1.50375604039347e-05,0,0.000694995905233419,0,0,0,0,0,0,0.00232815336128989,0,0,0,0,0,0,0,0,0,0.000321161156507771,0,0.00386927569603102,0,0.000144039498122454,0,0.00358590204565245,0,0.00152455045139718,4.77625641108143e-05,0,0.0105761925409619,0,0.00363050016943078
0,0.00478355171784183,0,0.00584425424026623,0,0.000513161341016759,0,0,0,1.37268594546224e-05,0,0,0,0,0,0,0.00028604886548706,0.000555669212320758,0.0191173861961561,0,0,1.24414652838506e-05,0,0,0,0,0,0,0,0,0,2.48626806863166e-05,0,0.00168746002568863,0,0.000613658004657088,2.05323681186918e-06,7.2697867846792e-05,0,0.0203365969437213,0,0,0.00704034127487098,0.00533141053850499,0.000225699887064654,0.00184526999389443,2.03637195126656e-05,0.0192424876730196,0.00010037072071358,0.0227925996415137,0,0.000124975199993586,0,0,0.000112603490923287,1.9473307043803e-05,0,0.0283139755313588,0,0.000584418417959013,0,0,0.00730955278987152,0,0,0,0,0,2.61906251768909e-05,0,0.00539794391458141,0,0.01896011425661,0,5.04013384541111e-05,0,0.0101541662444429,3.62842214167353e-05,0.0156214677015098,0.000151811378486609,0.00654120052935408,0,0.0025950300681317,2.65881059540239e-05,0.0754779144398851,0.102585132813028,0.000108735334898448
0.00110027080992784,0,0.00510800937359327,0,0,1.25617055854341e-05,0,0,0.000767602287469983,0,0,0,0,0,0,0,0.000452606927785899,0.000297419659394983,0.0246542360838444,0,0,0,0,0,0,0,0,0,0,0,0,0,0,3.41290767851693e-05,0.00230965766276203,1.46887954877963e-05,0.000305038603012581,0,0.000246604530227433,0.000104754274961542,0.00881297894189256,0.00704034127487098,0,0,0.00133092097656712,0,0.000201305684784103,0.0308495697410854,0.0182713692552798,0,1.97362212395745e-05,0,0,0,0.000162371052874465,0,0.00662358650447132,0,0,0,0,0,0.000105812390954682,0.00280808818742702,0,0,0,0,0,0,0,0.000264188670157772,3.73901632879539e-05,0.00209450085516672,0,0,0,0.00129241756016367,6.9390266603003e-05,0.0164745891651437,0,0.000611487085183456,0.00306501564138289,3.45977710215302e-05,0.110109520118753,0.000618565678882131,0.118871828534151
0,0,0,0,0,0,0,0,0,0,0,0,0,0,0,0,1.51942190759641e-05,0.000109169322431097,0.00617755240760718,0,0,0,0,0,0,0,0,0,0,0,0,0,0,0,0,0.000297341221022533,0,0,0,0.00991071022367491,0,0.00533141053850499,0,0,0,0.000374082445699467,0,0.000145570809209103,0,7.42894516944934e-05,0,0,0,0,0,0,0.000182275543597378,0.000172358069288914,0,0,0,0,0.00131999932842361,0,0,0,0,0,0,0,0.000237763789719962,0,0.00463658861653619,0,0.000346934850421022,0,0.000202765855365546,0,0.00542966637025597,0,0.00567562277305834,7.59288657897219e-05,0.00016929731624311,1.18786698033649e-05,0.00356013391299214,0.00368114707024514,0
0,0,0,0,0,0,0,0,0,0,0,0,0,0,0,0,9.54224656738763e-06,4.87698830734273e-05,0.00204382830415029,0,0,0,0,0,0,0,0,0,0,0,0,0,0,0,0,0,9.57732361427396e-05,0,0,0,0.00215791727655264,0.000225699887064654,0.00133092097656712,0,0,0,0,6.38791441547998e-05,0.000471472609971918,0,0,0,0,0,0,0,0.000220531973407377,0,0,0,0,0,0,0.00036683944432921,0,0,0,0,0,0,0,0,0,0.00108728966285797,0,0,0,0,1.17836831908229e-05,0.00369041104710144,0,0.000611157716592554,3.76605354344531e-05,0,0.00195887631220646,0,0.000325061303239535
0,0,0,0.000134676325359083,0,0.0019288856407885,0,0,0,5.61155776494212e-05,0,0,0,0,0,0,0,5.46614003689829e-06,0.000300070070303759,0.000536834357408614,0,0,0,0,0,0,0,0,0,1.64674312817239e-05,0,0,0,0,0,1.27135977626532e-05,0,1.41680827776452e-05,0,0.004153714697326,0,0.00184526999389443,0,0.000374082445699467,0,0,0,0.00168204577961313,3.5554222075589e-05,0.00287370043542493,0,0.000295361557953755,0,0,0,5.71210750159395e-05,0,0.000741915547982418,0,3.03250248765335e-05,0,0,0.00863885601987448,0,0,0,0,0,0,0,0.000214246199471132,0,0.00131766619543699,0,0,0,0,0,0.00134326440432334,0,0.00446469254285116,0,2.9299557635906e-05,0,0.00983714455585963,0.000155099441735232,0
0,0,0.00022459625818783,0,0.000356525078898299,0,0,0,1.02745351948169e-05,0,0,0,0,0,0,0,0,0,7.43892812080209e-05,0,0.00111611346644156,0,0,0,0,0,0,0,0,0,0,0,0,0,0,0,4.38313361537795e-05,0,6.42674895052667e-06,0,0.000453681583901386,2.03637195126656e-05,0.000201305684784103,0,0,0,0,0.000251644362596989,0.000882107048038791,0,0.000177655887284752,0,0,0,1.09442085753343e-05,0,0.00357657916923692,0,0,0,0,0,0,0.0115607375517074,0,0,0,0,0,0,0,1.960369633508e-05,0,0.0014108349587909,0,0,0,0,0,0.00315435772496125,0,0.00296822995445413,2.55133129069167e-05,0,0.0049707084864938,0,3.3465723914214e-05
0,1.59536044515897e-05,0,2.30068801869508e-05,0,0.000266104949350269,0,0,0,3.25174089155908e-05,0,0,0,0,0,0,0,1.21988405237821e-05,0.000112882123436332,0,0,6.56584690337999e-06,0,0.00183539633489439,0,0,0,0,0,0,0,0.0608565624822592,0.0465288802431451,0.0257145468180635,0.0398760275780922,0.00344251021842253,0.00359283755487481,0.00824548908952923,0.00204078637075011,0.0180536426174934,0.00887591987455987,0.0192424876730196,0.0308495697410854,0.000145570809209103,6.38791441547998e-05,0.00168204577961313,0.000251644362596989,0,0.0284467359110487,0.0759712084203179,0,2.55655569239653e-05,0,0,0,0.000107767272211299,0.000129918566252883,0.000240586773373386,0,0,0,0,0.000115681988626758,0.000504137660637534,0,0,0.00184693850283353,0,0,0,0.000107351421798551,0,0.000573353043876211,4.58349684463297e-05,0.050998750385489,0.0841341876804694,0.139196168835844,0.0944214003119913,0.00721062268013422,0.0072927231931632,0.00748677582005638,0.01275561367974,0.008322555890299,6.92660000819955e-05,0.0214056007469548,7.30910017925253e-05,0.000113997641150317
0.0126684654423435,0,0.00997639764157668,0,0.000739565103766933,0,0,0,0.00152329897351882,0,0,0,0,0,0,0,0,8.81481458681749e-06,0.000584598981817867,0,0,0,0.00176099494920921,0,0.00527577182925161,0,0,0,0,0,0,0.000787399003589567,0.0024975821919159,0,0.0035942995103874,0,0,0,0.00498873063483367,0,0.0225184491144416,0.00010037072071358,0.0182713692552798,0,0.000471472609971918,3.5554222075589e-05,0.000882107048038791,0.0284467359110487,0,5.89898507016161e-05,0.000150722713057916,0,0,0,0.00144226557033625,0,0.0046231413424378,7.53802555956181e-06,2.77318607013925e-05,0,0,0,0,0.000933226648887921,0,0.00974569552949366,0,0.0174388130380274,0,0.00549311953658152,0,0.010384267467753,1.00233002847706e-05,0.00762836622396717,0.000254979463527492,0.00431609348872875,0,0.00186051939125188,3.38183909218777e-06,0.00177280517270616,0,0.0100724366639175,0.000342350186985063,7.00641022508767e-06,0.0464972886367292,0,0.000608992478744392
0,0.0039468635871939,0,0.01388109847123,0,0.00076919571580035,0,0,0,0.00348660428326058,0,0,0,0,0,0,0,0,0.000252089948685156,0,0,0.00320258682872826,0,0.0128668470971657,0,0.000160375695111414,0,0,0,0,0,0.00101307633566784,0.00037203341074372,0.0013444742949972,0.000103803138577849,6.53088488544977e-05,0,0.00389552410715755,0,0.019771599307986,0,0.0227925996415137,0,7.42894516944934e-05,0,0.00287370043542493,0,0.0759712084203179,5.89898507016161e-05,0,0,0.00029832363806377,0,0,0,0.00267840961555111,0,0.00439167216052596,0,0.000228133881659138,0,0.00300651318361252,0.00134110656026481,0,0.00576562047620521,0,0.0318369385375866,0,0.000597214104238876,0,0.0040577076116512,0,0.00912824864423798,0,0.00388850857473709,2.78665060309191e-05,0.0103677004762422,0,0.00202654452671145,0,0.00810519871960584,0,0.000843045147684426,4.94845484941065e-06,0.0243483586650004,0.00203201111492462,0
0,0,0.000961742933829044,0,0.0627894955973957,0,0.00161495088704115,0,0.000205852571796283,0,0,0,0,0,0.000581620928506216,0,0,0,0,0,0,0,0,0,0,0,0,0,0,0,0,0,0,0,0,0,0,0,0,0,3.11607407304159e-05,0,1.97362212395745e-05,0,0,0,0.000177655887284752,0,0.000150722713057916,0,0,0,0,0,0,0,0.00591964021491791,0,0.00220227676917339,0,0.00106323536249076,0,0,0.00726147221989884,0,0,0,0,0,0,0,0,0,4.10660778337145e-05,0,0,0,0,0,2.79775362475628e-05,0,0,0.000268766650685156,0,0.00295384300036439,0,0
0,0,0,0.0164290081185199,0,0.0123134407794417,0,0,0,0,0,0,0,0.000453787779395469,0,0.00176347983021067,0,0,0,0,0,0,0,0,0,0,0,0,0,0,0,0,0,0,0,0,0,0,0,6.20968237305869e-05,0,0.000124975199993586,0,0,0,0.000295361557953755,0,2.55655569239653e-05,0,0.00029832363806377,0,0,0,0,0,0.000509365902376756,0,0.00685240096137448,0,0.00392008789850955,0,0.000588739885242651,0.00441072639506447,0,0,0,0,0,0,0,0,0,0,0,0,0,0,0,0,0,0,0,0,0,0.00269066935435075,0,0
0,0,0,0,0.00361836967810484,0,0.0583152557620385,0,0,0,0.000608096653206969,0,0.00200598133821654,0,0,0,0,0,0,0,0,0,0,0,0,0,0,0,0,0,0,0,0,0,0,0,0,0,0,0,0,0,0,0,0,0,0,0,0,0,0,0,0,0,0,0,0.012596779265035,0,0.00124516949468618,0,0,0,0,0,0,0,0,0,0,0,0,0,0,0,0,0,0,0,0,0,0,0,0.000659233880316516,0,0,0,0
0,0,0,0,0,0,0,0.0180355347373809,0,0,0,0,0,0.00162327177268514,0,0,0,0,0,0,0,0,0,0,0,0,0,0,0,0,0,0,0,0,0,0,0,0,0,0,0,0,0,0,0,0,0,0,0,0,0,0,0,0,0,0,0,0.000808649996267771,0,0.00169380906898157,0,0,0,0,0,0,0,0,0,0,0,0,0,0,0,0,0,0,0,0,0,0,8.27434812980362e-05,0,0,0,0
0.0587563634592752,0,0.0207063569413666,0,0.0150011151770637,0,0,0,0.201477189267084,0.000348415471864035,0,0,0,0,0.0363057843504191,0,0.00708685328738926,0.00108093867038498,0.00251523397147016,0,0,0,3.99063155567629e-05,0,0.00515529876351194,5.19981633620523e-05,0.00291119119497792,0,0,0,0,0,0,0,0,0,0,0,0.00101398853794098,0,1.50375604039347e-05,0.000112603490923287,0.000162371052874465,0,0,0,1.09442085753343e-05,0,0.00144226557033625,0,0,0,0,0,0,0,7.63721926142822e-05,0,0,0,0.00739425340122614,0,0,2.29064623060975e-05,0,4.9277111896181e-05,0,0.0310836998273316,0,0.00931655704552203,0,0,0,3.75284009766514e-05,0,0,0,0,0,2.20894766592098e-05,0,0.00232021381344723,0.000583128221594753,5.82275482460207e-06,0.00316570297265102,0,0
0,0.0496239256607635,0,0.0113292965846049,0,0.000456637924866073,0,0,0,0.137174349277541,0,0,0,0,0,0.0259953571555843,5.08592335164539e-05,0.00180929375649248,1.98723755929027e-05,0,0,0,0,0.00712480171530041,0,0.00130253585730633,0,0,0,0,0,0,0,0,0,0,0,0.000412131682705993,0,0,0,1.9473307043803e-05,0,0,0,5.71210750159395e-05,0,0.000107767272211299,0,0.00267840961555111,0,0.000509365902376756,0,0,0,0,0,6.84373990035315e-05,0,0.000582494063409695,0,0.00141274452936879,0,0,0,0,0.0736447277927138,0,0.00155752339241963,0.000335505927243775,1.29197745766716e-05,0,0,0,0,0,0,0,0,0,0.00038241162375525,0,0.000116316307512945,0,0.00268541475419119,0,0
0,0,0.000648837304614448,0,0.000495536449120227,0,0.0213988014611607,0,3.10281818763151e-05,0,0.103953894849748,0,0.0025331458772258,0,0,0,0,0,0.000309083308558619,0,0.00392964739850839,0,0,0,0,0,0,0,0,0,0.00249844777421025,0,0,0,0,1.43128683211666e-06,7.40513305110253e-05,0,0.000400020716055498,0,0.000694995905233419,0,0.00662358650447132,0.000182275543597378,0.000220531973407377,0,0.00357657916923692,0.000129918566252883,0.0046231413424378,0,0.00591964021491791,0,0.012596779265035,0,7.63721926142822e-05,0,0,0,0.0236978571873533,0,3.5801230143526e-05,0,0,0.0476260080417607,0,0,0,0,0,0,0,0.0153203757839314,0,0.0323590175906527,0,0,0,0,0,0.00071909119333655,0,0.00092692093159739,0.00133606395586467,0,0.0215685731886229,0,0.00308890622931172
0,0.00339602526519806,0,0.00299767654410105,0,0.000237083186071735,0,0,0,0,0,0.042786411480074,0,0.00556077795733165,0,0,0,0,0.00022875850813898,0.000124933096538877,0,0,0,0,0,0,0,0,0,0.00245401190825169,0,0,0,0,0,5.43699802667153e-05,0,0.000848950944862757,0,0.00157816912408502,0,0.0283139755313588,0,0.000172358069288914,0,0.000741915547982418,0,0.000240586773373386,7.53802555956181e-06,0.00439167216052596,0,0.00685240096137448,0,0.000808649996267771,0,6.84373990035315e-05,0,0,0,0.0173577142457851,0,0.00164526020027421,0.0361382187442657,0,0,0,0,0,0,0,0.0233358484876213,0,0.0245351802734306,0,0,0,0,0,0.000221213212101909,0,0.0016754343866786,0,0.000143319374302536,0,0.0153681518038102,0.00357943377711208,0
0,0,0,0,0,0,0.00045881723939796,0,0,0,0.00100448130785542,0,0.0223801488580526,0,0.00122019450935654,0,0,0,0,0,0,0,0,0,0,0,0,0,0,0,0,0,0,0,0,0,0,0,0,0,0,0,0,0,0,0,0,0,2.77318607013925e-05,0,0.00220227676917339,0,0.00124516949468618,0,0,0,0.0236978571873533,0,0,0,0.0113629387590285,0,0,0.000424841724317174,0,0,0,0,0,0.00357972537684151,0,0.00138201916802389,0,0,0,0,0,0,0,0,0,0,0.000735717020149268,0.000452262799913447,0.00041629107940802,0,0
0,0.00100229880340188,0,5.21752475311893e-05,0,0.00402612509333247,0,0,0,0,0,0.00195281593220242,0,0.0182878722994458,0,0.00214054734519694,0,0,0,0,0,0,0,0,0,0,0,0.00308786438221289,0,0.00315853550914124,0,0,0,0,0,0,0,0,0,5.34447468626188e-05,0,0.000584418417959013,0,0,0,3.03250248765335e-05,0,0,0,0.000228133881659138,0,0.00392008789850955,0,0.00169380906898157,0,0.000582494063409695,0,0.0173577142457851,0,0,0,0.00723084169576655,0.00150885459297263,0,0,0,0,0,0.00359055697377538,0,0.00786633324856153,0,0,0,0,0,0,0,0,0,0,0,0.000356609757779428,6.3736843352374e-05,0.000239293991042498,0.000245265697682356,0
0.00405811158349857,0,0,0,0.00358360329993543,0,0,0,0.00184285048932365,0,0,0,0.000572438793010689,0,0.0390139648383794,0,0.00572012158605305,0.000250590905915505,0.000693796260089914,0,0,0,0,0,0,0,0.00392200549011595,0,0.000410467602945942,0,0,0,0,0,0,0,0,0,0,0,0,0,0,0,0,0,0,0,0,0,0.00106323536249076,0,0,0,0.00739425340122614,0,3.5801230143526e-05,0,0.0113629387590285,0,0,0,0,0,0,0,0,0,0,0.000552458487210186,0,0,0,0,0,0,0,0,0,0,0,0,0.000269938991268851,1.39124234519768e-05,0,0,0
0,0.0036857724489146,0,0,0,0,0,0,0,0.000367690164560418,0,0,0,0,0,0.0106402175049464,4.25517513601994e-05,0.00366275277644194,9.51876119042179e-05,0,0,0,0,0.000572705987185734,0,0.00164911616421133,0,0,0,0,0,0,0,0,0,0,0,0,0,0,0,0,0,0,0,0,0,0,0,0.00300651318361252,0,0.000588739885242651,0,0,0,0.00141274452936879,0,0.00164526020027421,0,0.00723084169576655,0,0,0,0,0,0,0.000150855980484541,0,0.000522189483082108,0.000123696910166391,0,0,0,0,0,0,0,0,0,0,0,0,0.000402985535018757,3.33089137464614e-06,0,0,0
0,0,0,0.000122357890597343,0,0.0100589747432457,0,0,0,0,0,0.0115290622553763,0,0,0,0,9.94059492211035e-05,7.4511733559638e-05,0.002469001699104,0.030463533556136,0,0,0,0,0,0,0,0,0,0.000292477970754348,0,0,0,0,0,0.00212887398385691,0,0.00190992735961691,0,0.00229730987791409,0,0.00730955278987152,0.000105812390954682,0.00131999932842361,0,0.00863885601987448,0,0.000115681988626758,0,0.00134110656026481,0,0.00441072639506447,0,0,0,0,0,0.0361382187442657,0,0.00150885459297263,0,0,0,0,0,0,0,0,0,0,0.0038384830401303,0,0.0122906625629342,0,0,0,0,0,0.0270325326147041,1.28855178609629e-05,0.0203144760775437,0,0.000776866876840514,0,0.0103567822236036,0.00129207020875747,0
0,0,0.000605495343593758,0,0.00257958147148166,0,0.000724935701777198,0,0,0,0.00898762280791067,0,0,0,0,0,0,0,0.000157294435424445,0,0.0507909693551714,0,0,0,0,0,0,0,0,0,0,0,0,0,0,0,0.00178526852924812,0,4.24591418563622e-05,0,0.00232815336128989,0,0.00280808818742702,0,0.00036683944432921,0,0.0115607375517074,0.000504137660637534,0.000933226648887921,0,0.00726147221989884,0,0,0,2.29064623060975e-05,0,0.0476260080417607,0,0.000424841724317174,0,0,0,0,0,0,0,0,0,0,0,0,0.000156415689232967,0,0.00662217853846567,0,0,0,0,0,0.0342066156922412,0,0.0093202908557031,0.000426106507200551,0,0.0123514593737556,0,0.000691078494493722
0,0,0,0,0,0,0,0,0,0,0,0,0,0,0,0,0,1.29022647227437e-05,0,0,0,0.0821917831994759,0.000445479432410264,0.00510282770039746,0,0.00665765836515302,0,0.000932155481872549,0,0,0,0,0,0,0,0,0,0.00133094814389648,0,0,0,0,0,0,0,0,0,0,0,0.00576562047620521,0,0,0,0,0,0,0,0,0,0,0,0,0,0,0,0,0.00550935504088465,0,0.00928124340912854,0,0.00910219541792724,0,0,0,0,0,0,0,0,0,0.00996346558507772,0,0.000945539559812697,9.81446656499551e-05,2.8777478258848e-06,0,0
0,0,0,0,0,0,0,0,4.95748985377158e-05,0,0,0,0,0,0,0,8.02311220529761e-05,0,0,0,0,0,0.0818383868831131,0,0.00166903478579749,0,0.0029957824450706,0,0.00059688246834233,0,0,0,0,0,0,0,0,0,0.00293696654696635,0,0,0,0,0,0,0,0,0,0.00974569552949366,0,0,0,0,0,4.9277111896181e-05,0,0,0,0,0,0,0,0,0,0,0,0,0.00387254266475431,0,0.00613051126930073,0,0.00217132307064307,0,0,0,0,0,0,0,0,0,0.00672416983213245,0.00107435115005588,4.54158407592331e-06,6.28200109559218e-06,0,0
0,0.00632019535488923,0,0,0,0,0,0,0,0.00697674959390691,0,0,0,0,0,0,0.00011363632663103,0.00119920626371071,0,0,0,0.00637778095617678,0,0.185405871725309,0,0.0146238885939084,0,0,0,0,0,0,0,0,0,0,0,0.000770934206328091,0,0,0,0,0,0,0,0,0,0.00184693850283353,0,0.0318369385375866,0,0,0,0,0,0.0736447277927138,0,0,0,0,0,0.000150855980484541,0,0,0.00550935504088465,0,0,0,0.0129021458954115,0,7.71020387707452e-05,0,0,0,0,0,0,0,0,0,0.00321892831848299,0,0.000552047238879639,0,0.00161202961742379,0,0
0,0,0,0,0,0,0,0,0.00227124707306344,0,0,0,0,0,0.000182965872227214,0,0.000793820099295663,4.7521141709069e-06,9.41806835072327e-06,0,0,0,0.00285885971716178,0.000366874493394898,0.124156245068571,0,0.078388001870498,0,0,0,0,0,0,0,0,0,0,0,0.000488354126531894,0,0,0,0,0,0,0,0,0,0.0174388130380274,0,0,0,0,0,0.0310836998273316,0,0,0,0,0,0,0,0,0,0,0.00387254266475431,0,0,0,0.00935628552302933,0,0.000144296506994425,0,0,0,0,0,0,0,0,0,0.00199482048147164,8.95665555816958e-05,0,0.00229350036594216,0,0
0,0,0,0,0,0,0,0,0,0.000635773945358471,0,0,0,0,0,0.000917332127969606,0.0013477661728818,0.0185887981517514,0.00213463806258515,0,0,0.00129799501366343,0,0.0216725829753049,0,0.0403833689910537,0,0,0,0,0,0,0,0,0,0,0,0,0,0,0,2.61906251768909e-05,0,0,0,0,0,0,0,0.000597214104238876,0,0,0,0,0,0.00155752339241963,0,0,0,0.00359055697377538,0,0.000522189483082108,0,0,0.00928124340912854,0,0.0129021458954115,0,0,0,0.0127218208231499,0,0,0,0,0,0,0,0,0,0,0,0.00100606827860392,1.04211572178963e-05,7.32303922983975e-06,0,0
