0,0,4.48650097681416,0,19.0281024932861,0,0,0,5.15370901002742,0,0,0,0,0,12.7817692756653,0,24.5511252403259,42.8494052886963,26.5408696830273,0,16.4686813354492,0,0,0,5.11704119188445,0,0,0,0,0,0,0,0,0,0,0,0,0,0,49.7218475341797,0,0,17.9894021545968,0,0,0,0,0,7.43021836071587,0,0,0,0,0,4.42579472689759,0,0,0,0,0,16.4092065811157,0,0,0,0,0,0,5.75489857873401,0,0,0,0,56.1488723754883,0,0,0,0,0,54.6506338119507,0,0,0,8.11877587161113,0,7.30222130163596,0,13.5573668046431
0,0,0,3.51069178581238,0,0,0,0,0,5.09010779276127,0,0,0,0,0,0,25.9154677391052,0,25.8140414328802,0,0,0,0,0,0,0,0,0,0,0,0,0,0,0,43.5014228820801,0,0,20.0847063064575,0,27.1636873881022,0,19.125946956721,42.9218463897705,0,0,25.6805143356323,0,38.8149232130784,48.9934940338135,10.9216133274444,0,0,0,0,0,3.72079870223999,0,22.3938865661621,0,0,0,5.24584424336751,0,0,0,0,0,0,0,0,0,0,22.0597787919592,0,0,0,0,0,31.2027890205383,0,26.0275990168254,0,13.3822794475673,0,20.7782607411934,14.1294436454773,0
4.48650097681416,0,0,0,9.13379912260102,0,0,0,9.56163900460654,0,0,0,0,0,0,0,0,0,39.4962787628174,0,10.4994019699097,0,0,0,0,0,0,0,0,0,0,0,0,0,0,28.7981071472168,28.1614176432292,0,0,0,40.1559429713658,42.8798389434814,25.53957490968,0,0,0,19.4662631206023,41.7824192047119,16.2464315780802,34.8209678649902,4.71514799044682,0,0,0,8.91604129875099,0,5.69971434275309,0,3.5769823829333,0,4.91180289761301,0,0,15.1193022955032,0,0,0,0,0,0,0,0,0,0,0,0,0,0,32.8879508972168,32.272904423834,0,0,18.63488922975,0,17.0536875681046,0,15.9178490638733
0,3.51069178581238,0,0,0,13.8803931077321,0,0,0,3.63477442264557,0,0,0,0,0,0,0,0,95.3775939941406,14.2574573755264,0,0,0,0,0,0,0,0,0,0,0,0,0,0,0,14.559694925944,33.3146438598633,0,0,37.9899563020276,50.3908615112305,30.896554192426,55.7126617431641,0,0,30.8809299468994,0,46.9595597585042,50.9566526412964,22.4684677509701,0,0,0,0,56.7119598388672,0,54.739990234375,6.68582821505911,0,4.93390351457277,0,7.16975545883179,20.9673331434076,0,0,0,0,0,0,0,0,0,25.3365110669817,0,0,0,0,0,34.2768461590722,0,28.1344400552603,0,18.3842367100592,0,17.0564354891982,16.1634312272072,0
19.0281024932861,0,9.13379912260102,0,0,0,0,0,12.5518180302211,0,5.75684475898743,0,0,0,0,0,0,0,0,0,6.8262600407158,0,0,0,0,0,0,0,0,0,0,0,0,0,0,0,34.2594509124756,0,0,0,39.6043523152669,0,45.479241265191,0,0,0,31.4139459783381,48.529727935791,40.8218735059102,42.1550254821777,5.16798910140991,0,0,0,5.14231988003379,0,5.5057578427451,0,5.90827530622482,0,7.56986611230033,0,0,6.1400813208686,0,0,0,0,0,0,0,0,0,0,0,0,0,0,0,43.5485874811808,0,0,16.8056522221179,13.4886053630284,20.8444304234773,0,68.258056640625
0,0,0,13.8803931077321,0,0,0,0,0,0,0,0,0,0,0,0,0,0,0,0,0,0,0,0,0,0,0,0,0,0,0,0,0,0,0,9.85644402870765,0,0,0,0,0,0,0,0,0,0,0,0,0,40.374631245931,0,2.73802864551544,0,0,0,0,0,5.87784645686278,0,0,0,0,0,0,0,0,0,0,0,0,0,0,0,0,0,0,0,0,0,0,0,0,9.09054798238418,0,12.1619486628838,0,0
0,0,0,0,0,0,0,0,0,0,4.60391906897227,0,0,0,0,0,0,0,0,0,5.29444871450725,0,0,0,0,0,0,0,0,0,0,0,0,0,0,0,0,0,0,0,0,0,0,0,0,0,0,0,0,0,0,0,2.79762809204333,0,0,0,2.84652638435364,0,2.74100252560207,0,0,0,0,0,0,0,0,0,0,0,0,0,0,0,0,0,0,0,0,0,0,0,2.88673710469846,4.31294669423785,0,0,0
0,0,0,0,0,0,0,0,0,0,0,0,0,3.57812436610933,0,0,0,0,0,0,0,0,0,0,0,0,0,0,0,0,0,0,0,0,0,0,0,0,0,0,0,0,0,0,0,0,0,0,0,0,0,0,0,2.92316370010376,0,0,0,2.94962382316589,0,3.54829044818878,0,0,0,0,0,0,0,0,0,0,0,0,0,0,0,0,0,0,0,0,0,0,3.58211946487427,0,0,0,0
5.15370901002742,0,9.56163900460654,0,12.5518180302211,0,0,0,0,18.5678539276123,0,0,0,0,2.9661086930169,0,4.55162174555293,26.0339803695679,6.48644865814008,0,12.9475604837591,0,0,0,8.53565156459808,0,2.80414009094238,0,0,0,0,0,0,0,0,34.3939399719238,37.7664909362793,0,6.26203422781862,41.2779922485352,31.718563079834,0,9.80280376426757,0,0,0,26.827267964681,0,8.254237445918,43.6511917114258,0,0,0,0,7.80868115579824,0,18.3145534992218,0,0,0,3.80569272774916,0,0,13.7247910499573,0,0,0,10.3061721175909,0,0,0,0,0,0,0,0,0,0,0,39.1257400512695,0,8.50869882106781,4.26787566225988,5.88584341321673,12.319379104771,0,10.5055981742011
0,5.09010779276127,0,3.63477442264557,0,0,0,0,18.5678539276123,0,0,0,0,0,0,7.47944918800803,32.6162420000349,11.2598739862442,24.5683517456055,0,0,0,0,10.5150954255434,0,7.82793540857276,36.1832656860352,0,0,0,0,0,0,18.1528644561768,0,0,0,7.72960044592107,0,0,0,4.9941954996394,0,0,0,0,0,12.6787176132202,0,0,0,0,0,0,0,5.11692673006283,0,38.855297088623,0,0,0,5.08535535676139,0,0,0,0,18.1854684829712,0,12.8762741088867,0,0,0,0,0,0,0,0,0,0,0,12.0613837838173,0,6.51389139459091,21.7406063079834,6.06702734846057,0,0
0,0,0,0,5.75684475898743,0,4.60391906897227,0,0,0,0,0,3.145907887053,0,0,0,0,0,0,0,3.95050252598023,0,0,0,0,0,0,0,2.94952113676391,0,6.42901905418991,0,0,0,0,0,3.39742749363515,0,3.73912161102147,0,0,0,0,0,0,0,0,0,0,0,3.2612761259079,0,3.92179576555888,0,0,0,4.86430672292317,0,3.51005743182985,0,0,0,0,4.17600268657391,0,0,0,0,0,0,0,0,0,9.30218668040551,0,0,0,0,0,4.33761210369885,0,4.38346574109504,3.4339537130143,0,0,0,0
0,0,0,0,0,0,0,0,0,0,0,0,0,3.10657150404794,0,0,0,0,0,4.5286462495064,0,0,0,0,0,0,0,3.70910401662191,0,2.89311259057787,0,0,0,0,0,3.87447448228238,0,5.21371898875141,0,0,0,0,0,0,0,20.6439342498779,0,0,0,0,0,0,0,0,0,0,0,3.4468571264874,0,3.10731436721678,0,0,5.28608797217371,0,0,0,0,0,0,0,0,0,3.62707517006818,0,0,0,0,0,4.49756150824588,0,4.96851929625854,0,3.39595260008787,4.86472606658936,13.6941797733307,0,0
0,0,0,0,0,0,0,0,0,0,3.145907887053,0,0,0,3.61067400614421,0,0,0,0,0,0,0,0,0,0,0,0,0,0,0,0,0,0,0,0,0,0,0,0,0,0,0,0,0,0,0,0,0,0,0,0,0,0,0,0,0,3.73811698568828,0,3.07479660018466,0,5.33394711358207,0,0,0,0,0,0,0,0,0,0,3.32705971814584,0,0,0,0,0,0,0,0,0,0,2.9797084389381,3.45524402618408,0,0,0
0,0,0,0,0,0,0,3.57812436610933,0,0,0,3.10657150404794,0,0,0,2.84240115922073,0,0,0,0,0,0,0,0,0,0,0,2.97408638550685,0,0,0,0,0,0,0,0,0,0,0,0,0,0,0,0,0,0,0,0,0,0,0,0,0,0,0,0,0,3.66713649695401,0,3.54512521880014,0,0,0,0,0,0,0,0,0,0,2.89869385957718,0,0,0,0,0,0,0,0,0,0,0,3.97985519243009,6.08160298211234,0,0,0
12.7817692756653,0,0,0,0,0,0,0,2.9661086930169,0,0,0,3.61067400614421,0,0,0,6.87348157501221,0,0,0,0,0,0,0,0,0,4.99572193622589,0,0,0,0,0,0,0,0,0,0,0,0,0,0,0,0,0,0,0,0,0,0,0,0,0,0,0,9.22428828683393,0,0,0,4.00659477710724,0,4.0784658612089,0,0,0,0,0,0,12.4470686912537,0,0,0,0,0,0,0,0,0,0,0,0,0,0,5.04498398654601,0,0,0,0
0,0,0,0,0,0,0,0,0,7.47944918800803,0,0,0,2.84240115922073,0,0,45.6820818583171,7.55544355757096,28.2476558685303,0,0,18.540288734436,0,19.4629306793213,0,5.6649003153046,0,0,0,0,0,0,0,0,0,0,0,0,0,0,0,0,0,0,0,0,0,0,0,0,0,0,0,0,0,3.86777504351961,0,0,0,2.91973371128384,0,3.02228927612305,0,0,23.1505880355835,0,0,0,5.26211576602038,0,0,0,0,0,0,0,0,0,0,0,0,0,15.6937519530175,24.3287048339844,0,0,0
24.5511252403259,25.9154677391052,0,0,0,0,0,0,4.55162174555293,32.6162420000349,0,0,0,0,6.87348157501221,45.6820818583171,0,25.0358050043039,18.9537928309592,0,0,35.2958304376313,10.5075742003299,31.7423886972315,16.4626743422614,40.3886528602013,9.45939948530459,0,5.70252180099487,0,0,0,0,0,0,0,0,0,0,63.1346537272135,59.2616873550415,61.6303127034505,48.8739825835915,0,0,56.1048633769407,55.0418198256843,0,60.0178756713867,54.1117610931396,0,0,0,0,5.47146186828613,0,57.5151011149089,55.1200587463379,0,0,8.11621102646216,0,66.6368964059012,63.8149499893188,32.2350716590881,5.68966484069824,32.9696797835521,0,41.1704697608948,12.9949063985578,0,0,56.681124420166,0,0,0,0,0,64.918594212048,61.6462998251984,59.7576940709894,52.887580871582,16.2600401841189,9.14246900781351,55.3414474878939,38.936562460822,44.6488082408905
42.8494052886963,0,0,0,0,0,0,0,26.0339803695679,11.2598739862442,0,0,0,0,0,7.55544355757096,25.0358050043039,0,22.8646760896459,0,0,11.2780874089822,43.2688857769144,12.8499304920324,39.5079212188721,8.30917140492335,41.2071995962234,0,0,0,0,0,0,0,0,0,0,0,0,56.2268776063494,65.2594444877223,48.2321663628454,60.6329385823217,0,0,54.1337938643338,62.6480362974567,0,86.7721900939941,62.1353950500488,0,0,0,0,0,3.92952966690063,61.9061965942383,50.2715141432626,0,0,42.4314371744792,9.43404229482015,60.6134430278431,66.2349918365478,13.9358843173832,0,17.2745112911347,0,9.6830873308417,42.0368061065674,0,0,52.4259747823079,0,0,0,0,0,59.5398588766599,69.403180764646,55.1336669692074,0,15.8222304251306,11.5616040469257,53.6903265902871,63.4239508310954,65.0575370788574
26.5408696830273,25.8140414328802,39.4962787628174,95.3775939941406,0,0,0,0,6.48644865814008,24.5683517456055,0,0,0,0,0,28.2476558685303,18.9537928309592,22.8646760896459,0,0,0,39.9685236612956,27.6456963062286,36.8073591504778,30.2923719618056,36.2036425979049,23.7157032297946,0,0,0,0,0,0,0,0,0,0,0,0,44.3068153930873,42.4784744861079,35.2644143981249,24.8096233489328,24.4256267547607,8.64929032325745,44.8269792830516,38.4634715095826,49.814019203186,39.3663016727992,57.7223052978516,0,0,0,0,0,0,40.5651245117188,38.9509730301504,0,0,0,0,49.1388283341618,43.8568241093434,22.7959461212158,0,38.3500289916992,0,37.179957707723,25.968701256646,0,0,41.5026039609722,0,0,0,0,0,50.0412699363825,40.7581064889319,41.6694452119252,35.2644453048706,17.8225881550422,37.0939422130585,35.1183285134758,27.7878988186518,11.8025448110635
0,0,0,14.2574573755264,0,0,0,0,0,0,0,4.5286462495064,0,0,0,0,0,0,0,0,0,0,0,0,0,0,0,0,0,0,0,0,0,0,0,4.13119540600216,0,4.2498027638579,0,0,0,0,0,0,0,11.3733027458191,0,0,0,38.2866060468886,0,0,0,0,0,0,0,5.39865479156049,0,0,0,0,4.16668794741487,0,0,0,0,0,0,0,0,0,4.04061074817882,0,0,0,0,0,6.01054034900273,0,3.42882697722491,0,5.29424981337327,23.0279560089111,14.1081688897363,0,0
16.4686813354492,0,10.4994019699097,0,6.8262600407158,0,5.29444871450725,0,12.9475604837591,0,3.95050252598023,0,0,0,0,0,0,0,0,0,0,0,0,0,0,0,0,0,0,0,0,0,0,0,0,0,4.54250770259548,0,4.13923755633473,0,14.591028213501,0,49.1019372940063,0,0,0,30.7329082489014,0,36.8847846984863,0,7.62328348661724,0,0,0,12.7588384628296,0,5.27688871768483,0,0,0,0,0,0,4.1355310196035,0,0,0,0,0,0,0,0,0,0,0,0,0,0,0,6.68605195925786,0,7.78788926204046,7.35110403936291,10.8104943387649,14.9750242060509,0,0
0,0,0,0,0,0,0,0,0,0,0,0,0,0,0,18.540288734436,35.2958304376313,11.2780874089822,39.9685236612956,0,0,0,6.56893470621946,5.78899685186999,0,8.89971969950767,34.1954536437988,2.89342921972275,0,0,0,0,0,8.8146527665002,0,0,0,5.80064117286703,5.63415384292603,64.1941006978353,0,38.3444290161133,0,0,0,66.9722290039062,0,0,0,9.8107675928058,0,0,0,0,0,0,0,0,0,0,0,0,0,0,4.03786783619285,10.0147119334766,4.60003862661474,0,7.48905498757322,27.1902694702148,3.9404141108195,0,0,0,0,0,8.17146549224853,0,71.5845006306966,0,6.89167255695768,18.2783813476562,5.72374029465606,5.17384615296984,67.3773527145386,0,0
0,0,0,0,0,0,0,0,0,0,0,0,0,0,0,0,10.5075742003299,43.2688857769144,27.6456963062286,0,0,6.56893470621946,0,0,3.58850585089789,0,5.13226256870454,0,4.29992383632107,0,0,0,0,0,0,0,0,13.388596849008,4.32578387294578,0,0,0,0,0,0,0,86.5528106689453,0,8.63284811766251,0,0,0,0,0,0,0,0,0,0,0,0,0,0,0,5.03515533121621,3.96491266959102,25.3108081817627,3.18861459012617,0,6.10825303641843,0,4.76162537661466,0,0,0,0,0,0,84.5821571350098,73.416862487793,13.6411911311902,7.3843068337908,6.48710527663683,5.45645178148078,0,0,0
0,0,0,0,0,0,0,0,0,10.5150954255434,0,0,0,0,0,19.4629306793213,31.7423886972315,12.8499304920324,36.8073591504778,0,0,5.78899685186999,0,0,0,8.32103069071867,0,0,0,0,0,0,0,0,0,0,0,4.96254568821506,0,51.5978851318359,0,0,0,0,0,0,0,0,0,9.71626977920532,0,0,0,0,0,3.61913193355907,0,0,0,0,0,0,0,0,3.56268223524094,0,3.79931238950707,0,12.1242333094279,0,0,0,58.9622421264648,0,0,0,16.6327559153239,0,64.9241962432861,87.5901756286621,7.51823704583304,0,10.235158839878,19.5699231965201,7.07558785591807,0,0
5.11704119188445,0,0,0,0,0,0,0,8.53565156459808,0,0,0,0,0,0,0,16.4626743422614,39.5079212188721,30.2923719618056,0,0,0,3.58850585089789,0,0,0,7.02661930361102,0,0,0,0,0,0,0,0,0,0,0,3.37708139419556,0,60.4218826293945,0,10.9867521921794,0,0,0,79.7916488647461,0,0,0,0,0,0,0,8.20918402305016,0,0,0,0,0,0,0,0,0,0,3.83575383561556,0,3.9088707036673,0,14.7321634292603,0,0,0,0,0,0,0,0,77.6395111083984,52.4778137207031,0,11.3989906311035,5.74799526043427,22.3201160430908,8.00882615645727,0,11.7987608909607
0,0,0,0,0,0,0,0,0,7.82793540857276,0,0,0,0,0,5.6649003153046,40.3886528602013,8.30917140492335,36.2036425979049,0,0,8.89971969950767,0,8.32103069071867,0,0,35.4678497314453,4.01865525046984,0,0,0,0,0,0,0,0,0,0,0,54.6551246643066,0,33.1842994689941,0,0,0,44.8470039367676,60.5931911468506,0,0,0,0,0,0,0,0,4.92335571561541,0,0,0,0,0,0,0,0,11.1870432558987,0,3.96982344366469,0,4.45158744155219,34.034854888916,3.68275892360328,0,0,0,0,0,0,0,49.4536018371582,0,0,0,10.6287223211156,14.7848055998484,58.2951507568359,0,0
0,0,0,0,0,0,0,0,2.80414009094238,36.1832656860352,0,0,0,0,4.99572193622589,0,9.45939948530459,41.2071995962234,23.7157032297946,0,0,34.1954536437988,5.13226256870454,0,7.02661930361102,35.4678497314453,0,0,3.23973065385452,0,0,0,0,0,0,0,0,0,0,86.3798675537109,78.0110778808594,76.6303863525391,0,0,0,0,0,0,0,0,0,0,0,0,2.73439812660217,0,0,68.0024642944336,0,0,0,0,0,0,0,5.06300674475633,0,4.18124869891575,0,3.84839553775481,0,5.03087572030798,0,0,0,0,0,0,75.5496566772461,0,75.2440643310547,0,7.396129585988,14.4719159603119,50.2834132512411,47.2410087585449,0
0,0,0,0,0,0,0,0,0,0,0,3.70910401662191,0,2.97408638550685,0,0,0,0,0,0,0,2.89342921972275,0,0,0,4.01865525046984,0,0,0,3.32930688063304,0,0,0,0,0,0,0,3.0258999528556,0,0,0,0,0,0,0,0,0,0,0,0,0,0,0,0,0,0,0,4.07784715565768,0,0,0,0,0,0,4.85228234529495,0,0,0,3.35737757700527,0,3.82564073328783,0,3.7433037770761,0,0,0,0,0,0,0,5.21256190792644,0,3.29704462157355,0,0,0,0
0,0,0,0,0,0,0,0,0,0,2.94952113676391,0,0,0,0,0,5.70252180099487,0,0,0,0,0,4.29992383632107,0,0,0,3.23973065385452,0,0,0,4.04439340543941,0,0,0,0,0,0,0,3.68512583354424,0,0,0,0,0,0,0,0,0,0,0,0,0,0,0,0,0,3.88025883217932,0,2.85296504314129,0,3.57712149620056,0,0,0,0,3.31430243734104,0,0,0,4.96485768055004,0,4.3257549645366,0,4.52583557576182,0,0,0,0,0,0,0,8.47204651615836,3.52284080788021,4.69086945851644,0,0,0
0,0,0,0,0,0,0,0,0,0,0,2.89311259057787,0,0,0,0,0,0,0,0,0,0,0,0,0,0,0,3.32930688063304,0,0,0,0,0,0,0,0,0,3.52992765693104,0,0,0,0,0,0,0,0,0,0,0,0,0,0,0,0,0,0,0,3.1201219698962,0,0,0,0,0,0,0,0,0,0,0,0,0,0,5.37004682605963,0,0,0,0,0,0,0,4.75921312570572,0,3.88883759211568,0,0,0,0
0,0,0,0,0,0,0,0,0,0,6.42901905418991,0,0,0,0,0,0,0,0,0,0,0,0,0,0,0,0,0,4.04439340543941,0,0,0,0,0,0,0,0,0,3.27450752911502,0,0,0,0,0,0,0,0,0,0,0,0,0,0,0,0,0,4.49680040923642,0,0,0,0,0,0,0,0,0,0,0,0,0,0,3.2214412348611,0,3.56984072964838,0,0,0,0,0,0,0,4.99935089003655,2.96737125847075,2.96175456047058,0,0,0
0,0,0,0,0,0,0,0,0,0,0,0,0,0,0,0,0,0,0,0,0,0,0,0,0,0,0,0,0,0,0,0,3.07674661852034,3.668150862058,0,4.26194914511718,2.95230209827423,0,0,0,0,0,0,0,0,0,0,3.22491722318191,0,0,0,0,0,0,0,0,0,0,0,0,0,0,0,0,0,0,0,0,0,0,0,0,0,0,4.12628082542262,3.47414919481439,20.5311491249392,0,4.66777182746322,2.94243085384369,0,0,2.96915853384769,0,0,0,0
0,0,0,0,0,0,0,0,0,0,0,0,0,0,0,0,0,0,0,0,0,0,0,0,0,0,0,0,0,0,0,3.07674661852034,0,3.26934942603111,4.03623934813908,3.63800997445078,3.8690387532353,0,0,0,0,0,0,0,0,0,0,3.6836162281103,0,10.3188877105713,0,0,0,0,0,0,0,0,0,0,0,0,0,0,0,0,0,0,0,0,0,0,0,0,7.09805062316512,3.35411821268713,0,6.93867588043213,19.5854969024658,6.59485314342014,0,0,3.17042940341874,0,0,0,0
0,0,0,0,0,0,0,0,0,18.1528644561768,0,0,0,0,0,0,0,0,0,0,0,8.8146527665002,0,0,0,0,0,0,0,0,0,3.668150862058,3.26934942603111,0,5.0592089039324,3.16229447831913,0,4.90846056550356,5.69507203353079,0,0,0,0,0,0,0,0,6.89034671446254,18.3371175550065,0,0,0,0,0,0,17.8375323368953,0,0,0,0,0,0,0,0,17.4825992584229,0,18.6766818364461,0,0,0,0,0,0,0,3.38344895839691,3.78792917728424,3.4464570868209,5.16923893843928,5.00145918390025,0,5.85587243796789,18.7817013160042,5.64366008175744,4.86307430267334,15.4496541023254,0,0
0,43.5014228820801,0,0,0,0,0,0,0,0,0,0,0,0,0,0,0,0,0,0,0,0,0,0,0,0,0,0,0,0,0,0,4.03623934813908,5.0592089039324,0,0,4.46631388503964,0,4.42567684971694,0,0,0,0,0,0,0,0,4.99450229933154,2.73451364040375,22.4212917751736,0,0,0,0,0,0,0,48.3258934020996,0,0,0,0,0,0,0,0,0,13.5048151016235,0,0,0,0,0,0,0,0,6.68833792037482,5.18260334974505,0,4.42477290706547,19.3511034094769,4.77782744519851,4.90609788362299,3.33542506448154,26.7527248676007,0,0
0,0,28.7981071472168,14.559694925944,0,9.85644402870765,0,0,34.3939399719238,0,0,3.87447448228238,0,0,0,0,0,0,0,4.13119540600216,0,0,0,0,0,0,0,0,0,0,0,4.26194914511718,3.63800997445078,3.16229447831913,0,0,3.14541345712424,5.32622334994512,4.53408741950989,3.75461144447327,0,18.1103172302246,0,0,0,0,0,12.3969163894653,0,20.0362552827404,0,0,0,0,0,0,0,6.32490863413424,0,19.0944157380324,0,0,4.39677779526506,0,0,0,0,0,0,0,0,0,0,0,19.4583509352899,0,6.40429274007386,0,4.56293843242954,3.57368915807109,5.96292377369744,0,3.84201617435714,3.83850211887569,13.2851260105769,0,0
0,0,28.1614176432292,33.3146438598633,34.2594509124756,0,0,0,37.7664909362793,0,3.39742749363515,0,0,0,0,0,0,0,0,0,4.54250770259548,0,0,0,0,0,0,0,0,0,0,2.95230209827423,3.8690387532353,0,4.46631388503964,3.14541345712424,0,4.85126581192017,4.85625463092488,0,3.50316142494028,45.8667793273926,50.945255279541,0,0,0,38.8266353607178,4.12590531146888,0,0,0,0,0,0,0,0,3.69421940425347,35.3905410766602,0,0,0,0,36.1583595275879,5.28764727662821,0,0,0,0,0,0,0,0,0,0,28.829252243042,6.82202193562577,0,5.36200120925903,5.52846295544595,5.8362391432571,0,3.59866254637686,4.1774957272587,3.44802499998291,21.7919314929417,0,0
0,20.0847063064575,0,0,0,0,0,0,0,7.72960044592107,0,5.21371898875141,0,0,0,0,0,0,0,4.2498027638579,0,5.80064117286703,13.388596849008,4.96254568821506,0,0,0,3.0258999528556,0,3.52992765693104,0,0,0,4.90846056550356,0,5.32622334994512,4.85126581192017,0,4.47440887582365,0,0,7.05212021477615,0,0,0,21.227688630422,0,8.1867561340332,21.4303131103516,8.05643862130166,0,0,0,0,0,8.23106856471144,0,5.2511163140243,0,0,0,0,8.61157818598168,0,5.82384751196746,15.6261110305786,7.92075464769763,0,0,0,2.99689208093237,0,3.21229630708694,0,0,0,9.07853615190591,0,5.77223827683357,0,4.64890537374386,4.97917256020663,3.60877883787809,5.49053754409154,6.36635834646423,0,0
0,0,0,0,0,0,0,0,6.26203422781862,0,3.73912161102147,0,0,0,0,0,0,0,0,0,4.13923755633473,5.63415384292603,4.32578387294578,0,3.37708139419556,0,0,0,3.68512583354424,0,3.27450752911502,0,0,5.69507203353079,4.42567684971694,4.53408741950989,4.85625463092488,4.47440887582365,0,0,0,0,2.95617735385895,0,0,0,0,14.636357486248,5.98615188933358,20.7788829803467,0,0,0,0,6.34659376144409,0,4.1131522597898,0,0,0,0,0,0,4.35211495746522,0,4.34183979499883,0,5.64882910744218,0,0,0,5.14485728740692,0,3.96376154972957,0,0,0,5.68039460414793,0,6.27285188010761,5.34877186203003,4.58161809690271,3.61649797683173,3.15726951758067,4.5966281085401,0,0
49.7218475341797,27.1636873881022,0,37.9899563020276,0,0,0,0,41.2779922485352,0,0,0,0,0,0,0,63.1346537272135,56.2268776063494,44.3068153930873,0,0,64.1941006978353,0,51.5978851318359,0,54.6551246643066,86.3798675537109,0,0,0,0,0,0,0,0,3.75461144447327,0,0,0,0,74.5242488567646,23.5130237069423,64.9145743052165,21.1541617088711,47.6098480224609,8.78968879061468,57.5858786733527,0,78.98463003976,15.1549034937647,0,0,0,0,0,0,0,40.4704074710608,0,41.1274944104646,0,0,6.0716480255127,63.6939697265625,0,0,0,0,56.8859710693359,0,0,0,40.8576781809831,0,0,0,0,0,21.584634671634,76.4562973294939,24.0717127064489,0,33.8797867467365,69.0789963858468,17.1196564960564,31.4078767082908,44.7792816162109
0,0,40.1559429713658,50.3908615112305,39.6043523152669,0,0,0,31.718563079834,0,0,0,0,0,0,0,59.2616873550415,65.2594444877223,42.4784744861079,0,14.591028213501,0,0,0,60.4218826293945,0,78.0110778808594,0,0,0,0,0,0,0,0,0,3.50316142494028,0,0,74.5242488567646,0,52.1752198934555,22.076159610657,0,26.3300146102905,70.2634819030762,10.8364657626387,4.39035689749685,8.27707430158836,51.2576589584351,0,0,0,0,50.296459197998,0,39.507450527615,63.7840705871582,0,0,54.8438835144043,0,67.7515411376953,6.53934639099381,0,0,0,0,0,0,0,0,81.9361782073975,0,0,0,0,0,71.6616557139271,21.2881709591313,67.6098635991414,0,32.9045598469083,68.7100372314453,13.5245508167853,0,22.6446785101011
0,19.125946956721,42.8798389434814,30.896554192426,0,0,0,0,0,4.9941954996394,0,0,0,0,0,0,61.6303127034505,48.2321663628454,35.2644143981249,0,0,38.3444290161133,0,0,0,33.1842994689941,76.6303863525391,0,0,0,0,0,0,0,0,18.1103172302246,45.8667793273926,7.05212021477615,0,23.5130237069423,52.1752198934555,0,19.1892427444458,17.4429191228912,0,23.2275159428085,51.4387309405268,15.0564135198724,39.0494723556065,13.4483857965241,0,0,0,0,59.8495178222656,7.43434168895086,66.06640625,17.5627881069773,0,41.1777881622314,0,0,21.1582954921897,0,0,0,0,0,0,0,0,0,18.2235724523582,0,0,0,0,37.0962600708008,25.5953052193422,72.6680128678032,25.7625307589401,45.5543834686279,23.9193503949715,56.4327697753906,16.3246618784825,12.8832635727335,21.0726600534776
17.9894021545968,42.9218463897705,25.53957490968,55.7126617431641,45.479241265191,0,0,0,9.80280376426757,0,0,0,0,0,0,0,48.8739825835915,60.6329385823217,24.8096233489328,0,49.1019372940063,0,0,0,10.9867521921794,0,0,0,0,0,0,0,0,0,0,0,50.945255279541,0,2.95617735385895,64.9145743052165,22.076159610657,19.1892427444458,0,19.7961711883545,10.8260526657104,63.8981214250837,20.4348122708563,9.24648021601642,11.4483361478446,21.3937035560608,0,0,0,0,25.9935726366545,0,14.6625460539714,66.0750389099121,0,61.6339111328125,0,0,66.9746398925781,17.7714634091442,0,0,0,12.2225480079651,0,0,0,0,63.304746900286,13.765200138092,0,0,0,0,58.6033487541731,31.1242078029098,58.4483213424683,22.9300271670024,19.766542943903,77.4653574625651,15.0661426200786,54.7660484313965,9.86834283677596
0,0,0,0,0,0,0,0,0,0,0,0,0,0,0,0,0,0,24.4256267547607,0,0,0,0,0,0,0,0,0,0,0,0,0,0,0,0,0,0,0,0,21.1541617088711,0,17.4429191228912,19.7961711883545,0,0,17.6976613998413,48.3436622619629,0,0,24.8601055145264,0,0,0,0,0,0,0,34.6393814086914,0,0,0,0,26.9893351236979,0,0,0,0,0,0,0,0,0,0,0,0,0,0,0,28.8586908976237,0,28.984489440918,0,7.50074106454849,0,7.7427762267936,12.5968990325928,17.7052993774414
0,0,0,0,0,0,0,0,0,0,0,0,0,0,0,0,0,0,8.64929032325745,0,0,0,0,0,0,0,0,0,0,0,0,0,0,0,0,0,0,0,0,47.6098480224609,26.3300146102905,0,10.8260526657104,0,0,0,17.8551355188543,0,0,0,0,0,0,0,0,0,0,0,0,0,0,0,0,23.035045782725,0,0,0,0,0,0,0,0,0,0,0,0,0,0,0,28.4365184412593,0,22.4723806381226,0,0,13.7694228312065,0,0
0,25.6805143356323,0,30.8809299468994,0,0,0,0,0,0,0,20.6439342498779,0,0,0,0,56.1048633769407,54.1337938643338,44.8269792830516,11.3733027458191,0,66.9722290039062,0,0,0,44.8470039367676,0,0,0,0,0,0,0,0,0,0,0,21.227688630422,0,8.78968879061468,70.2634819030762,23.2275159428085,63.8981214250837,17.6976613998413,0,0,59.1126374744234,0,52.6907367706299,32.5413020617926,0,0,0,0,0,0,0,34.7941838786716,0,0,0,0,16.6423938790547,0,0,0,0,0,0,0,0,0,38.2420247167134,0,0,0,0,0,23.4899724586955,75.6117517380487,25.0524773412897,0,35.0233958404843,63.891650390625,17.7128039592051,38.6206665039062,87.3996276855469
0,0,19.4662631206023,0,31.4139459783381,0,0,0,26.827267964681,0,0,0,0,0,0,0,55.0418198256843,62.6480362974567,38.4634715095826,0,30.7329082489014,0,86.5528106689453,0,79.7916488647461,60.5931911468506,0,0,0,0,0,0,0,0,0,0,38.8266353607178,0,0,57.5858786733527,10.8364657626387,51.4387309405268,20.4348122708563,48.3436622619629,17.8551355188543,59.1126374744234,0,47.4823837280273,25.2176590943948,49.6382038116455,0,0,0,0,29.3585645181161,0,27.4767608642578,75.0771128336589,0,0,0,0,61.3973515828451,8.82279148518929,0,0,0,0,0,0,0,0,56.8955726623535,0,0,0,0,0,63.6562306763696,14.5027327756019,69.287344125601,9.71596522759321,29.9761136526609,0,17.7827502687699,0,33.3991200129191
0,38.8149232130784,41.7824192047119,46.9595597585042,48.529727935791,0,0,0,0,12.6787176132202,0,0,0,0,0,0,0,0,49.814019203186,0,0,0,0,0,0,0,0,0,0,0,0,3.22491722318191,3.6836162281103,6.89034671446254,4.99450229933154,12.3969163894653,4.12590531146888,8.1867561340332,14.636357486248,0,4.39035689749685,15.0564135198724,9.24648021601642,0,0,0,47.4823837280273,0,9.58660028638078,11.5680034049003,0,0,0,0,0,0,52.0900688171387,40.4532786778041,0,0,0,0,33.0458374023438,0,0,0,0,0,0,0,0,0,0,0,4.44370271529902,4.55000433016812,5.90537855275702,9.06811024691607,5.17478791242156,6.45399479335226,10.451506665048,13.6815817774667,8.80984816551208,0,11.8745380997992,37.6270217895508,12.0206495285034
7.43021836071587,48.9934940338135,16.2464315780802,50.9566526412964,40.8218735059102,0,0,0,8.254237445918,0,0,0,0,0,0,0,60.0178756713867,86.7721900939941,39.3663016727992,0,36.8847846984863,0,8.63284811766251,0,0,0,0,0,0,0,0,0,0,18.3371175550065,2.73451364040375,0,0,21.4303131103516,5.98615188933358,78.98463003976,8.27707430158836,39.0494723556065,11.4483361478446,0,0,52.6907367706299,25.2176590943948,9.58660028638078,0,21.8692490356175,0,0,0,0,13.7921541690826,0,19.4973466873169,48.646647644043,0,0,34.7726821899414,0,70.5694224039714,29.2804556759921,0,8.11810926154808,0,5.35301079352697,0,0,0,0,61.0385437011719,3.47345013040485,0,5.02274595607411,19.2031225760778,0,86.7976722717285,8.01022180905418,22.3921802534279,6.42570584867059,19.1917195495396,0,11.5894225342952,40.1579780578613,11.8502895567152
0,10.9216133274444,34.8209678649902,22.4684677509701,42.1550254821777,40.374631245931,0,0,43.6511917114258,0,0,0,0,0,0,0,54.1117610931396,62.1353950500488,57.7223052978516,38.2866060468886,0,9.8107675928058,0,9.71626977920532,0,0,0,0,0,0,0,0,10.3188877105713,0,22.4212917751736,20.0362552827404,0,8.05643862130166,20.7788829803467,15.1549034937647,51.2576589584351,13.4483857965241,21.3937035560608,24.8601055145264,0,32.5413020617926,49.6382038116455,11.5680034049003,21.8692490356175,0,0,0,0,0,41.5642528533936,0,0,23.7754503032064,0,15.391003587842,0,4.90919405772906,31.4793511087244,0,3.54563850994352,0,11.6611342474679,0,3.51438999432389,0,0,0,18.6818542499813,0,3.83826709191004,0,5.18958593408267,24.2101007461548,32.685876020698,56.1888933181763,7.54517573424564,24.8336836616948,14.2887893221694,0,14.2132939964855,35.9560559590658,0
0,0,4.71514799044682,0,5.16798910140991,0,0,0,0,0,3.2612761259079,0,0,0,0,0,0,0,0,0,7.62328348661724,0,0,0,0,0,0,0,0,0,0,0,0,0,0,0,0,0,0,0,0,0,0,0,0,0,0,0,0,0,0,0,0,0,0,0,4.57626003026962,0,4.22018337249756,0,0,0,0,7.13961781395806,0,0,0,0,0,0,0,0,0,0,0,0,0,0,0,0,0,0,2.95209884643555,0,5.42020315699058,0,0
0,0,0,0,0,2.73802864551544,0,0,0,0,0,0,0,0,0,0,0,0,0,0,0,0,0,0,0,0,0,0,0,0,0,0,0,0,0,0,0,0,0,0,0,0,0,0,0,0,0,0,0,0,0,0,0,2.73914623260498,0,0,0,4.22646808624268,0,0,0,0,0,0,0,0,0,0,0,0,0,0,0,0,0,0,0,0,0,0,0,0,0,0,0,0,0
0,0,0,0,0,0,2.79762809204333,0,0,0,3.92179576555888,0,0,0,0,0,0,0,0,0,0,0,0,0,0,0,0,0,0,0,0,0,0,0,0,0,0,0,0,0,0,0,0,0,0,0,0,0,0,0,0,0,0,0,0,0,0,0,0,0,0,0,0,0,0,0,0,0,0,0,0,0,0,0,0,0,0,0,0,0,0,0,2.97879885224735,0,0,0,0
0,0,0,0,0,0,0,2.92316370010376,0,0,0,0,0,0,0,0,0,0,0,0,0,0,0,0,0,0,0,0,0,0,0,0,0,0,0,0,0,0,0,0,0,0,0,0,0,0,0,0,0,0,0,2.73914623260498,0,0,0,0,0,3.47976928072817,0,0,0,0,0,0,0,0,0,0,0,0,0,0,0,0,0,0,0,0,0,0,0,0,0,0,0,0,0
4.42579472689759,0,8.91604129875099,56.7119598388672,5.14231988003379,0,0,0,7.80868115579824,0,0,0,0,0,9.22428828683393,0,5.47146186828613,0,0,0,12.7588384628296,0,0,0,8.20918402305016,0,2.73439812660217,0,0,0,0,0,0,0,0,0,0,0,6.34659376144409,0,50.296459197998,59.8495178222656,25.9935726366545,0,0,0,29.3585645181161,0,13.7921541690826,41.5642528533936,0,0,0,0,0,0,7.07142134813162,0,0,0,9.2573628402783,0,0,23.7589778900146,0,0,0,6.27314637470005,0,0,0,0,0,0,0,0,0,0,36.9579963684082,42.5432908799913,0,0,22.8620429232314,0,16.5049317080011,0,0
0,3.72079870223999,0,0,0,0,0,0,0,5.11692673006283,0,0,0,0,0,3.86777504351961,0,3.92952966690063,0,0,0,0,0,3.61913193355907,0,4.92335571561541,0,0,0,0,0,0,0,17.8375323368953,0,0,0,8.23106856471144,0,0,0,7.43434168895086,0,0,0,0,0,0,0,0,0,0,0,0,0,0,0,0,0,0,0,5.17314119821541,0,0,0,0,3.09245410832492,0,0,0,0,0,0,0,0,0,19.1556297302246,0,0,0,11.6594666385651,0,3.49542643405773,0,5.5341454273776,0,0
0,0,5.69971434275309,54.739990234375,5.5057578427451,0,2.84652638435364,0,18.3145534992218,0,4.86430672292317,0,3.73811698568828,0,0,0,57.5151011149089,61.9061965942383,40.5651245117188,0,5.27688871768483,0,0,0,0,0,0,0,3.88025883217932,0,4.49680040923642,0,0,0,0,0,3.69421940425347,0,4.1131522597898,0,39.507450527615,66.06640625,14.6625460539714,0,0,0,27.4767608642578,52.0900688171387,19.4973466873169,0,4.57626003026962,0,0,0,7.07142134813162,0,0,0,4.20047194420636,0,3.81572204922873,0,0,5.69486417240567,0,0,0,0,0,0,0,0,0,8.04587735984003,0,0,0,0,98.8113174438477,37.1434902191162,0,4.10325109958649,4.90982422977686,0,8.79954215571367,57.9633331298828,13.3569549560547
0,22.3938865661621,0,6.68582821505911,0,5.87784645686278,0,2.94962382316589,0,38.855297088623,0,3.4468571264874,0,3.66713649695401,0,0,55.1200587463379,50.2715141432626,38.9509730301504,5.39865479156049,0,0,0,0,0,0,68.0024642944336,4.07784715565768,0,3.1201219698962,0,0,0,0,48.3258934020996,6.32490863413424,35.3905410766602,5.2511163140243,0,40.4704074710608,63.7840705871582,17.5627881069773,66.0750389099121,34.6393814086914,0,34.7941838786716,75.0771128336589,40.4532786778041,48.646647644043,23.7754503032064,0,4.22646808624268,0,3.47976928072817,0,0,0,0,0,5.99893985282291,0,4.826096534729,8.2500123887661,0,0,0,0,0,50.7979164123535,0,0,0,7.60709141554166,0,0,0,0,0,33.3478954650836,78.251314163208,23.6737003485362,0,18.3259695150503,35.1809085210164,10.6798982321096,16.9434752577827,0
0,0,3.5769823829333,0,5.90827530622482,0,2.74100252560207,0,0,0,3.51005743182985,0,3.07479660018466,0,4.00659477710724,0,0,0,0,0,0,0,0,0,0,0,0,0,2.85296504314129,0,0,0,0,0,0,0,0,0,0,0,0,0,0,0,0,0,0,0,0,0,4.22018337249756,0,0,0,0,0,4.20047194420636,0,0,0,4.71045646332858,0,0,0,0,0,0,0,0,0,0,3.05260664224625,0,0,0,0,0,0,0,0,0,0,3.01806648572286,2.94396368094853,6.2579703792449,0,0
0,0,0,4.93390351457277,0,0,0,3.54829044818878,0,0,0,3.10731436721678,0,3.54512521880014,0,2.91973371128384,0,0,0,0,0,0,0,0,0,0,0,0,0,0,0,0,0,0,0,19.0944157380324,0,0,0,41.1274944104646,0,41.1777881622314,61.6339111328125,0,0,0,0,0,0,15.391003587842,0,0,0,0,0,0,0,5.99893985282291,0,0,0,0,39.2898184458415,0,0,0,0,0,0,0,0,0,30.513834423489,0,0,0,0,0,35.9080885373629,0,33.2255526951381,0,6.61231371968292,24.9527267932892,8.45152080000901,0,0
16.4092065811157,0,4.91180289761301,0,7.56986611230033,0,0,0,3.80569272774916,0,0,0,5.33394711358207,0,4.0784658612089,0,8.11621102646216,42.4314371744792,0,0,0,0,0,0,0,0,0,0,3.57712149620056,0,0,0,0,0,0,0,0,0,0,0,54.8438835144043,0,0,0,0,0,0,0,34.7726821899414,0,0,0,0,0,9.2573628402783,0,3.81572204922873,0,4.71045646332858,0,0,0,0,8.85763645172119,0,0,0,17.6276931762695,0,2.81696192423503,0,0,0,0,0,0,0,0,0,79.8960113525391,0,0,6.03506351685991,0,8.1249622038041,0,0
0,5.24584424336751,0,7.16975545883179,0,0,0,0,0,5.08535535676139,0,0,0,0,0,3.02228927612305,0,9.43404229482015,0,0,0,0,0,0,0,0,0,0,0,0,0,0,0,0,0,0,0,0,0,0,0,0,0,0,0,0,0,0,0,4.90919405772906,0,0,0,0,0,5.17314119821541,0,4.826096534729,0,0,0,0,0,0,0,0,0,0,2.98944813864572,0,0,0,0,0,0,0,0,0,0,0,0,0,4.69014031688372,0,3.79806077215407,0,0
0,0,0,20.9673331434076,0,0,0,0,0,0,0,5.28608797217371,0,0,0,0,66.6368964059012,60.6134430278431,49.1388283341618,4.16668794741487,0,0,0,0,0,0,0,0,0,0,0,0,0,0,0,4.39677779526506,36.1583595275879,8.61157818598168,0,6.0716480255127,67.7515411376953,21.1582954921897,66.9746398925781,26.9893351236979,0,16.6423938790547,61.3973515828451,33.0458374023438,70.5694224039714,31.4793511087244,0,0,0,0,0,0,0,8.2500123887661,0,39.2898184458415,0,0,0,0,0,0,0,0,0,0,0,0,12.9683198139166,0,0,0,0,0,9.58487869369658,79.0202458699544,13.435663365334,0,9.61043069977486,21.0695610046387,16.7489846331536,15.5450445413589,0
0,0,15.1193022955032,0,6.1400813208686,0,0,0,13.7247910499573,0,4.17600268657391,0,0,0,0,0,63.8149499893188,66.2349918365478,43.8568241093434,0,4.1355310196035,0,0,0,0,0,0,0,0,0,0,0,0,0,0,0,5.28764727662821,0,4.35211495746522,63.6939697265625,6.53934639099381,0,17.7714634091442,0,23.035045782725,0,8.82279148518929,0,29.2804556759921,0,7.13961781395806,0,0,0,23.7589778900146,0,5.69486417240567,0,0,0,8.85763645172119,0,0,0,0,0,0,0,0,0,0,0,0,0,0,0,0,0,93.2805252075195,7.40174275445854,65.7393417358398,10.8515741579252,12.0659608811808,8.02223968505859,10.6185758007363,0,15.595424592495
0,0,0,0,0,0,0,0,0,0,0,0,0,0,0,23.1505880355835,32.2350716590881,13.9358843173832,22.7959461212158,0,0,4.03786783619285,5.03515533121621,3.56268223524094,0,11.1870432558987,0,4.85228234529495,0,0,0,0,0,17.4825992584229,0,0,0,5.82384751196746,0,0,0,0,0,0,0,0,0,0,0,3.54563850994352,0,0,0,0,0,0,0,0,0,0,0,0,0,0,0,15.2112169265747,3.78153816553263,0,11.2914812311982,0,3.29851593971252,0,0,0,0,0,0,0,67.6759757995605,0,9.08830881482772,0,6.05434825743238,4.96791075566493,0,0,0
0,0,0,0,0,0,0,0,0,0,0,0,0,0,0,0,5.68966484069824,0,0,0,0,10.0147119334766,3.96491266959102,0,3.83575383561556,0,5.06300674475633,0,3.31430243734104,0,0,0,0,0,0,0,0,15.6261110305786,4.34183979499883,0,0,0,0,0,0,0,0,0,8.11810926154808,0,0,0,0,0,0,0,0,0,0,0,0,0,0,0,15.2112169265747,0,0,3.2124890259334,0,5.65662433041467,0,5.56539528710501,0,0,0,0,0,0,0,0,0,5.45596183263339,5.38679514737196,6.68524934784059,0,0,0
0,0,0,0,0,0,0,0,0,18.1854684829712,0,0,0,0,0,0,32.9696797835521,17.2745112911347,38.3500289916992,0,0,4.60003862661474,25.3108081817627,3.79931238950707,0,3.96982344366469,0,0,0,0,0,0,0,18.6766818364461,0,0,0,7.92075464769763,0,0,0,0,0,0,0,0,0,0,0,11.6611342474679,0,0,0,0,0,3.09245410832492,0,0,0,0,0,0,0,0,3.78153816553263,0,0,0,4.75049471855164,0,0,0,58.5890159606934,0,0,0,19.3884338802761,0,0,0,11.4832697149082,0,7.64193010632954,0,6.38459763020196,0,0
5.75489857873401,0,0,0,0,0,0,0,10.3061721175909,0,0,0,0,0,12.4470686912537,0,0,0,0,0,0,0,3.18861459012617,0,3.9088707036673,0,4.18124869891575,0,0,0,0,0,0,0,13.5048151016235,0,0,0,5.64882910744218,0,0,0,12.2225480079651,0,0,0,0,0,5.35301079352697,0,0,0,0,0,6.27314637470005,0,0,0,0,0,17.6276931762695,0,0,0,0,3.2124890259334,0,0,0,0,0,0,0,0,0,0,0,0,0,0,0,8.92506807191031,5.1103731454429,0,4.91819938465401,0,0
0,0,0,0,0,0,0,0,0,12.8762741088867,0,0,0,0,0,5.26211576602038,41.1704697608948,9.6830873308417,37.179957707723,0,0,7.48905498757322,0,12.1242333094279,0,4.45158744155219,0,3.35737757700527,0,0,0,0,0,0,0,0,0,0,0,56.8859710693359,0,0,0,0,0,0,0,0,0,3.51438999432389,0,0,0,0,0,0,0,50.7979164123535,0,0,0,2.98944813864572,0,0,11.2914812311982,0,4.75049471855164,0,0,0,4.07869884616039,0,0,0,0,0,0,0,55.2285804748535,0,47.8778419494629,0,10.6126644286242,19.1246741612752,4.20201335748037,0,0
0,0,0,0,0,0,0,0,0,0,0,0,0,0,0,0,12.9949063985578,42.0368061065674,25.968701256646,0,0,27.1902694702148,6.10825303641843,0,14.7321634292603,34.034854888916,3.84839553775481,0,4.96485768055004,0,0,0,0,0,0,0,0,0,0,0,0,0,0,0,0,0,0,0,0,0,0,0,0,0,0,0,0,0,0,0,2.81696192423503,0,0,0,0,5.65662433041467,0,0,0,0,0,5.15785188260286,0,0,0,0,0,0,0,0,0,0,8.45934081732058,15.3652009963989,0,0,0
0,0,0,0,0,0,0,0,0,0,0,0,0,2.89869385957718,0,0,0,0,0,0,0,3.9404141108195,0,0,0,3.68275892360328,0,3.82564073328783,0,0,0,0,0,0,0,0,0,2.99689208093237,0,0,0,0,0,0,0,0,0,0,0,0,0,0,0,0,0,0,0,0,0,0,0,0,0,0,3.29851593971252,0,0,0,4.07869884616039,0,0,0,0,0,0,0,0,0,0,0,4.88922610618802,0,3.39352489772596,0,0,0,0
0,0,0,0,0,0,0,0,0,0,0,0,3.32705971814584,0,0,0,0,0,0,0,0,0,4.76162537661466,0,0,0,5.03087572030798,0,4.3257549645366,0,3.2214412348611,0,0,0,0,0,0,0,5.14485728740692,0,0,0,0,0,0,0,0,0,0,0,0,0,0,0,0,0,0,0,3.05260664224625,0,0,0,0,0,0,5.56539528710501,0,0,0,5.15785188260286,0,0,0,5.50271749156772,0,0,0,0,0,0,0,4.56609859442711,3.37661312235163,6.33873716990153,0,0,0
56.1488723754883,22.0597787919592,0,25.3365110669817,0,0,0,0,0,0,0,3.62707517006818,0,0,0,0,56.681124420166,52.4259747823079,41.5026039609722,4.04061074817882,0,0,0,58.9622421264648,0,0,0,3.7433037770761,0,5.37004682605963,0,0,0,0,0,0,0,3.21229630708694,0,40.8576781809831,81.9361782073975,18.2235724523582,63.304746900286,0,0,38.2420247167134,56.8955726623535,0,61.0385437011719,18.6818542499813,0,0,0,0,0,0,0,7.60709141554166,0,30.513834423489,0,0,12.9683198139166,0,0,0,58.5890159606934,0,0,0,0,0,0,0,0,0,0,0,42.643291287952,69.5109252929688,5.99122553503774,0,28.0242018106893,0,14.4525215436899,19.2633150299983,0
0,0,0,0,0,0,0,0,0,0,9.30218668040551,0,0,0,0,0,0,0,0,0,0,0,0,0,0,0,0,0,4.52583557576182,0,3.56984072964838,0,0,0,0,0,0,0,3.96376154972957,0,0,0,13.765200138092,0,0,0,0,0,3.47345013040485,0,0,0,0,0,0,0,8.04587735984003,0,0,0,0,0,0,0,0,0,0,0,0,0,0,5.50271749156772,0,0,0,0,0,0,0,0,0,7.83130921966459,3.62926987409592,0,0,0,0
0,0,0,0,0,0,0,0,0,0,0,0,0,0,0,0,0,0,0,0,0,0,0,0,0,0,0,0,0,0,0,4.12628082542262,7.09805062316512,3.38344895839691,0,19.4583509352899,28.829252243042,0,0,0,0,0,0,0,0,0,0,4.44370271529902,0,3.83826709191004,0,0,0,0,0,0,0,0,0,0,0,0,0,0,0,0,0,0,0,0,0,0,0,0,0,9.13105091094971,10.917347347023,0,9.83467620321479,22.0986003875732,0,0,3.74654025501675,0,0,0,0
0,0,0,0,0,0,0,0,0,0,0,0,0,0,0,0,0,0,0,0,0,0,0,0,0,0,0,0,0,0,0,3.47414919481439,3.35411821268713,3.78792917728424,0,0,6.82202193562577,0,0,0,0,0,0,0,0,0,0,4.55000433016812,5.02274595607411,0,0,0,0,0,0,0,0,0,0,0,0,0,0,0,0,0,0,0,0,0,0,0,0,0,9.13105091094971,0,0,4.52084343776267,0,6.01728336773221,0,0,3.46293218612671,0,0,0,0
0,0,0,0,0,0,0,0,0,0,0,0,0,0,0,0,0,0,0,0,0,8.17146549224853,0,16.6327559153239,0,0,0,0,0,0,0,20.5311491249392,0,3.4464570868209,6.68833792037482,6.40429274007386,0,9.07853615190591,0,0,0,0,0,0,0,0,0,5.90537855275702,19.2031225760778,5.18958593408267,0,0,0,0,0,19.1556297302246,0,0,0,0,0,0,0,0,0,0,19.3884338802761,0,0,0,0,0,0,0,10.917347347023,0,0,6.57420747556936,24.3268939323307,49.1367111206055,5.70176403268439,20.9629486083984,6.49987124329183,0,6.81336390972137,0,0
0,0,0,0,0,0,0,0,0,0,0,0,0,0,0,0,0,0,0,0,0,0,0,0,0,0,0,0,0,0,0,0,6.93867588043213,5.16923893843928,5.18260334974505,0,5.36200120925903,0,5.68039460414793,0,0,37.0962600708008,0,0,0,0,0,9.06811024691607,0,24.2101007461548,0,0,0,0,0,0,0,0,0,0,0,0,0,0,0,0,0,0,0,0,0,0,0,0,0,4.52084343776267,6.57420747556936,0,0,9.4276180267334,22.1790110270182,5.08437772030416,3.2436789792517,3.73955315351486,25.0974502563477,0,0
54.6506338119507,31.2027890205383,32.8879508972168,34.2768461590722,0,0,0,0,0,0,0,4.49756150824588,0,0,0,0,64.918594212048,59.5398588766599,50.0412699363825,6.01054034900273,0,71.5845006306966,84.5821571350098,64.9241962432861,77.6395111083984,49.4536018371582,75.5496566772461,0,0,0,0,4.66777182746322,19.5854969024658,5.00145918390025,0,4.56293843242954,5.52846295544595,5.77223827683357,0,21.584634671634,71.6616557139271,25.5953052193422,58.6033487541731,28.8586908976237,0,23.4899724586955,63.6562306763696,5.17478791242156,86.7976722717285,32.685876020698,0,0,0,0,36.9579963684082,0,98.8113174438477,33.3478954650836,0,35.9080885373629,0,0,9.58487869369658,93.2805252075195,67.6759757995605,0,0,0,55.2285804748535,0,0,0,42.643291287952,0,9.83467620321479,0,24.3268939323307,0,0,46.7355419183389,14.1737052745244,0,19.6676444908276,12.265931727336,19.9191508336543,37.4578323364258,71.3075434366862
0,0,32.272904423834,0,43.5485874811808,0,0,0,39.1257400512695,0,4.33761210369885,0,0,0,0,0,61.6462998251984,69.403180764646,40.7581064889319,0,6.68605195925786,0,73.416862487793,87.5901756286621,52.4778137207031,0,0,0,0,0,0,2.94243085384369,6.59485314342014,0,4.42477290706547,3.57368915807109,5.8362391432571,0,6.27285188010761,76.4562973294939,21.2881709591313,72.6680128678032,31.1242078029098,0,28.4365184412593,75.6117517380487,14.5027327756019,6.45399479335226,8.01022180905418,56.1888933181763,0,0,0,0,42.5432908799913,0,37.1434902191162,78.251314163208,0,0,79.8960113525391,0,79.0202458699544,7.40174275445854,0,0,0,0,0,0,0,0,69.5109252929688,0,22.0986003875732,6.01728336773221,49.1367111206055,9.4276180267334,46.7355419183389,0,90.605691389604,4.33268701235453,18.6479211448243,27.8846674362818,24.5651644142364,0,26.2949204462879
