0,0,4.02684923135317,0,0,0,0,0,6.44507958443184,0,0,0,0,0,0,0,0,0,6.37280454780116,0,0,0,0,0,20.4517402648926,0,0,0,0,0,0,0,0,0,0,0,0,0,0,0,0,0,17.2674617767334,0,0,0,0,0,4.9109808823158,0,10.672785282135,0,0,0,7.51330588161945,0,0,0,0,0,0,0,0,0,0,0,0,0,0,0,0,0,0,0,0,0,0,0,0,42.3639053344727,0,0,6.38988175526471,0,8.38766536933963,0,12.6054983139038
0,0,0,5.14206267739164,0,0,0,0,0,3.97183529403475,0,0,0,0,0,3.61260386308034,0,0,0,0,0,0,0,8.7410483956337,0,0,0,0,0,0,0,0,0,0,0,0,0,0,0,0,0,8.91996542612712,0,0,0,0,0,0,0,3.9622120213887,0,0,0,0,0,4.29900222146109,0,4.27203344106674,0,0,0,3.438808980741,0,0,0,0,6.9373080862893,0,0,0,0,0,0,0,0,0,0,0,0,0,37.8692626953125,0,4.96225658371335,0,6.44142093289878,0,0
4.02684923135317,0,0,0,11.6184925411059,0,0,0,4.14356523089939,0,0,0,0,0,0,0,0,0,0,0,0,0,0,0,0,0,0,0,0,0,0,0,0,0,0,0,0,0,0,0,42.0580539703369,0,28.1128977008332,0,0,0,7.84440886515837,44.5498593648275,16.0202341330679,0,3.557723792394,0,0,0,3.03125584125519,0,26.703244527181,0,0,0,0,0,0,26.5439937114716,0,0,0,0,0,0,0,0,0,33.150063196818,0,0,0,0,0,42.5483436584473,0,34.3027286529541,11.0618627657865,0,17.9917825714747,0,22.880298614502
0,5.14206267739164,0,0,0,7.35970651507378,0,0,0,5.13740831613541,0,0,0,0,0,0,0,0,0,0,0,0,0,0,0,0,0,0,0,0,0,0,0,0,0,31.3942966461182,0,0,0,0,0,27.342325592041,0,23.1760854721069,0,10.2138294051675,0,0,0,6.01516806637799,0,3.548691204616,0,0,0,3.78554223679207,0,10.4925434929984,0,0,0,0,0,0,0,0,0,0,0,0,0,0,33.840202331543,0,0,0,0,0,51.7413864135742,0,38.4897222518921,0,6.34210474440392,0,9.22791323661804,28.6014375686646,0
0,0,11.6184925411059,0,0,0,3.36563750108083,0,0,0,0,0,0,0,0,0,0,0,0,0,4.17878608255578,0,0,0,0,0,0,0,0,0,0,0,0,0,52.9927864074707,0,29.6551759719849,0,0,0,49.75412940979,0,38.3866091208024,0,0,0,22.3672570680317,51.2292547225952,46.1347258431571,42.9395694732666,3.42909015843898,0,3.81891861061255,0,0,0,29.2907707691193,0,4.95103211204211,0,0,0,0,8.21982509075706,0,0,0,0,0,0,0,0,0,43.3223598186786,0,0,0,0,0,41.7123203277588,0,48.9670219421387,4.39364792744042,0,10.2051931484725,0,32.7475814819336
0,0,0,7.35970651507378,0,0,0,0,0,4.62493698685258,0,0,0,0,0,3.06224167346954,0,0,0,4.71985089814485,0,0,0,0,0,0,0,0,0,0,0,0,0,0,0,37.5557723478837,0,0,0,50.6399383544922,0,42.5365779296212,62.4561882019043,0,0,21.4206095695496,0,49.9970371848659,0,46.5694593949751,0,3.36134165016251,0,3.36089596965096,0,0,0,17.9605016570825,0,3.50901941692128,0,3.51067392031352,8.24449002207312,0,0,0,0,0,0,0,0,0,43.4206943511963,0,63.6318054199219,0,62.2630081176758,0,61.4557240804036,0,47.9182269756611,0,4.12357972471321,8.15487936268682,12.8766654001342,34.1440935134888,0
0,0,0,0,3.36563750108083,0,0,0,0,0,4.30576893480697,0,0,0,0,0,0,0,0,0,6.31635405467107,0,0,0,0,0,0,0,0,0,0,0,0,0,0,0,0,0,0,0,0,0,0,0,0,0,0,0,0,0,4.62627204259237,0,3.92306923238855,0,0,0,4.25062646616751,0,0,0,0,0,0,0,0,0,0,0,0,0,0,0,0,0,0,0,0,0,0,0,0,0,4.01729019517941,0,0,0,0
0,0,0,0,0,0,0,0,0,0,0,4.15385160889736,0,2.95148372650146,0,0,0,0,0,7.34688649727748,0,0,0,0,0,0,0,0,0,0,0,0,0,0,0,6.01905051867167,0,0,0,0,0,0,0,0,0,0,0,0,0,0,0,0,0,3.46765543777905,0,0,0,6.62370427723589,0,0,0,0,0,0,0,0,0,0,0,0,0,0,0,0,0,0,0,0,6.25955937125466,0,0,0,5.4764938739516,0,3.02438902854919,0,0
6.44507958443184,0,4.14356523089939,0,0,0,0,0,0,59.9764347076416,0,0,0,0,7.85261131767044,63.0887107849121,20.9559302825616,44.4212612924697,28.7399751646765,0,0,0,0,58.7641506195068,10.3633331710642,0,18.3740204192222,0,0,0,0,0,0,0,0,0,0,0,13.1615543220354,0,0,0,5.34705313946466,0,0,0,0,0,5.93644818137674,0,0,0,0,0,5.84616930258535,58.2182559967041,0,0,0,0,9.18288240713232,0,0,0,0,0,0,9.28787936335025,61.7607116699219,20.8656391143799,0,0,0,0,0,0,0,29.6572322845459,0,62.0099849700928,0,16.6967111011095,13.3677575846611,0,9.84073303311558,0,31.6633796691895
0,3.97183529403475,0,5.13740831613541,0,4.62493698685258,0,0,59.9764347076416,0,0,0,0,0,0,9.67983235082319,48.4017802438428,27.8577613278209,32.6368646866236,0,0,27.1715279629356,0,14.1696562790557,0,15.0224773381886,52.2551765441895,0,0,0,0,0,0,0,0,0,0,10.5022086254482,0,72.7179050445557,0,4.74549768865108,0,0,0,0,0,0,0,4.60290978539665,0,0,0,0,0,5.10846476971099,0,0,0,0,0,12.6271285132358,0,0,30.0539697011312,0,9.97093566258748,0,11.1373219490051,0,0,0,0,0,0,0,23.1560456593831,0,0,0,14.883748844058,0,15.5122029371659,6.68500506877899,7.96305876469794,0,0
0,0,0,0,0,0,4.30576893480697,0,0,0,0,0,5.04911061771755,0,0,0,0,0,0,0,3.91236621701256,0,0,0,0,0,0,0,0,0,8.94431146665623,0,0,0,0,0,3.28245401678618,0,4.50320505490308,0,0,0,0,0,0,0,12.0462210973104,0,0,0,0,0,5.40202721338424,0,0,0,6.67239952388704,0,3.97068132956823,0,0,0,0,5.81235269421623,0,0,0,0,0,0,0,0,0,9.0178828424023,0,0,0,0,0,4.19837538808839,0,6.45448850114425,4.01333907934336,0,3.86754715442657,0,0
0,0,0,0,0,0,0,4.15385160889736,0,0,0,0,0,4.55791718877998,0,0,0,0,0,5.37687791824341,0,0,0,0,0,0,0,3.18405905110495,0,7.44137787998171,0,0,0,0,0,5.74095775770104,0,9.13028855889531,0,0,0,0,0,0,0,14.0853819847107,0,0,0,0,0,0,0,3.89056774973869,0,0,0,6.71115611838829,0,8.5170323763065,0,0,11.6710907822674,0,0,0,0,0,0,0,3.71469222798067,0,9.4036379393303,0,0,0,0,0,11.8913268573949,0,7.06629536016932,0,5.1604844941742,0,8.21355279286703,0,0
0,0,0,0,0,0,0,0,0,0,5.04911061771755,0,0,0,2.83293546648587,0,14.7524309158325,0,0,0,0,0,0,0,0,0,4.84320418039958,0,4.22003001848857,0,0,0,0,0,0,0,0,0,0,0,0,0,0,0,0,0,0,0,0,0,0,0,0,0,0,0,3.55509740511576,0,4.02181864727688,0,5.45458017455207,0,0,0,0,0,0,0,0,0,0,0,0,0,0,0,0,0,0,0,0,0,4.00689526398977,3.00440722703934,0,0,0
0,0,0,0,0,0,0,2.95148372650146,0,0,0,4.55791718877998,0,0,0,3.38657237016238,0,11.0800123214722,0,0,0,0,0,0,0,0,0,2.9743067073822,0,0,0,0,0,0,0,0,0,0,0,0,0,0,0,0,0,0,0,0,0,0,0,2.94884037971497,0,0,0,0,0,3.72379400730133,0,5.65714499629136,0,5.06250990231832,0,0,0,0,0,0,0,0,2.95046338909551,0,0,0,0,0,0,0,0,0,0,0,2.99758203824361,3.0531715631485,0,0,0
0,0,0,0,0,0,0,0,7.85261131767044,0,0,0,2.83293546648587,0,0,0,13.2571223855494,48.6327214922224,30.5893999735514,0,0,0,0,0,0,0,7.40064484028777,0,6.25339243412018,0,0,0,0,0,0,0,0,0,0,0,0,0,36.5374450683594,0,30.2152214050293,0,0,0,0,0,0,0,0,0,4.8150794506073,74.1371688842773,0,0,0,0,3.45286589860916,0,0,0,0,0,0,0,0,47.2127838134766,0,0,0,0,0,0,0,0,0,65.6942825317383,0,0,10.5877316483745,0,45.9106903076172,0,0
0,3.61260386308034,0,0,0,3.06224167346954,0,0,63.0887107849121,9.67983235082319,0,0,0,3.38657237016238,0,0,42.6351870854696,16.3750202485493,36.3835233052572,0,0,21.0676121344933,0,15.0763862424967,0,8.2862113125353,0,5.05144333839417,0,0,0,0,0,0,0,0,0,0,0,110.394546508789,0,0,0,0,0,0,0,0,0,0,0,3.49217879204523,0,0,0,4.12538197805297,0,0,0,5.5086933004445,0,3.43358647678838,0,0,23.0944862365723,0,5.25358748435974,0,7.60883665084839,0,0,0,0,0,0,0,0,0,0,0,0,0,12.7598677258554,7.24283313751221,0,0,83.1229095458984
0,0,0,0,0,0,0,0,20.9559302825616,48.4017802438428,0,0,14.7524309158325,0,13.2571223855494,42.6351870854696,0,20.4332259622042,22.2350995458656,0,0,49.0215772628784,3.64425290447392,35.5222148895264,7.53102968868456,41.8161089280072,12.5781930330482,0,4.74089468562085,0,0,0,0,0,0,106.4987449646,0,0,0,83.8794708251953,73.629908879598,72.8040672302246,52.4742365983816,48.4983711242676,45.9960343837738,0,48.5027847290039,66.5399017333984,107.151435852051,102.190188090007,0,0,0,0,18.179037740356,43.9407316843669,48.8281517028809,0,0,0,12.5523958472939,37.9291186862522,0,77.4626312255859,26.4395399093628,0,29.6388384501139,11.4886764287949,30.7671699523926,15.9244130963865,0,0,0,68.3037414550781,0,0,70.700553894043,0,88.0319960989603,77.9993235270182,79.5064061482747,69.5879054069519,16.4285307939172,5.01184835989181,56.3883991448776,67.0511919657389,51.1894186460055
0,0,0,0,0,0,0,0,44.4212612924697,27.8577613278209,0,0,0,11.0800123214722,48.6327214922224,16.3750202485493,20.4332259622042,0,21.8434498144444,0,0,16.8825079690842,0,24.0837032322411,25.9418888092041,12.8353558022847,37.6971216731601,7.74679657816887,0,0,0,0,0,0,0,95.600227355957,96.8398971557617,0,0,63.2426624298096,70.930362701416,61.5531547546387,63.4822296427789,67.0439457893372,46.5702255912449,0,0,0,0,90.0166473388672,0,0,0,0,42.8531484603882,28.5917431276236,0,101.001762390137,0,0,37.3412976264954,16.4109177268314,0,89.4240016937256,23.6609806219737,0,23.2353071212769,0,21.0913879243951,34.5894773483276,0,0,58.4333686828613,74.3174947102865,0,0,0,0,90.9049502478705,89.0024446234646,97.8128051757812,81.0610069861779,14.7541231521862,6.83830366607841,67.7187156677246,43.4448254903158,61.6389492882623
6.37280454780116,0,0,0,0,0,0,0,28.7399751646765,32.6368646866236,0,0,0,0,30.5893999735514,36.3835233052572,22.2350995458656,21.8434498144444,0,0,0,40.4036153793335,0,37.904692996632,0,23.3370931625366,36.6153684616089,0,0,0,0,0,39.5827941894531,0,0,66.8369111185489,74.8622098650251,100.182988484701,0,46.5568075735358,50.1433478180243,32.078266452764,29.2549937977701,16.3965651988983,19.9681586246533,29.1679055955675,22.627836227417,64.536509513855,55.0316651662191,49.6965081351144,0,0,0,0,60.7834434509277,18.090274810791,23.9444103240967,37.901525815328,0,0,22.5812177658081,0,52.2857232301132,55.0616623986628,33.9491271972656,0,13.4961605072021,0,21.8548018137614,27.4922204017639,0,0,41.4119812936494,45.0247567918566,0,0,55.7822685241699,0,57.3490521614266,57.4600690426803,45.6636816842215,50.4999551809059,18.6687711575916,35.3480519025754,30.874023411759,25.1005943490084,27.7390649671908
0,0,0,0,0,4.71985089814485,0,7.34688649727748,0,0,0,5.37687791824341,0,0,0,0,0,0,0,0,0,0,0,0,0,0,0,0,0,0,0,0,0,0,0,4.79641126537323,0,8.73399089849912,0,32.7892026901245,0,69.9689197540283,0,0,0,15.5586342811584,0,0,0,41.5209617614746,0,5.99065089225769,0,0,0,0,0,7.95337412609317,0,0,0,0,5.44942103594232,0,0,0,0,0,0,0,13.8556251525879,0,15.4912842084777,0,0,0,0,0,9.51505647442843,0,17.3715997778001,0,4.30628333421662,50.9446229934692,0,0,0
0,0,0,0,4.17878608255578,0,6.31635405467107,0,0,0,3.91236621701256,0,0,0,0,0,0,0,0,0,0,0,0,0,0,0,0,0,0,0,0,0,0,0,0,0,3.83438628610938,0,3.99811553008973,0,0,0,0,0,0,0,0,0,0,0,0,0,0,0,0,0,5.63768595854441,0,0,0,0,0,0,5.38693703848582,0,0,0,0,0,0,0,0,0,9.27913582925316,0,0,0,0,0,6.91664981640419,0,5.87927315529429,3.58280337586695,0,6.89334154636302,0,0
0,0,0,0,0,0,0,0,0,27.1715279629356,0,0,0,0,0,21.0676121344933,49.0215772628784,16.8825079690842,40.4036153793335,0,0,0,4.11450934843584,4.5780283750686,0,4.20209301312765,0,3.22330617904663,0,0,0,0,0,25.5052661895752,0,0,0,5.77395608994813,3.65652372837067,70.2818984985352,0,0,0,0,0,0,0,0,0,10.077234170678,0,0,0,0,0,0,0,24.5520092311658,0,22.0609254837036,0,18.3400983810425,0,0,5.90265326982595,5.75667435982648,4.6658589726892,0,4.89892365202612,0,7.28047341808306,0,0,0,0,0,11.587306022644,0,65.4268341064453,91.8843460083008,9.49015960997077,5.81978726387024,7.29119164581052,3.84490095014158,16.8660067603702,0,0
0,0,0,0,0,0,0,0,0,0,0,0,0,0,0,0,3.64425290447392,0,0,0,0,4.11450934843584,0,0,3.15238499641418,0,2.98414713760902,0,3.37875256448422,0,0,0,0,0,0,0,0,0,4.0522224123961,0,0,0,0,0,0,0,0,0,4.29896496994721,0,0,0,0,0,0,0,0,0,0,0,0,0,0,0,0,5.60563225871566,0,7.96164007484913,0,4.21442342939831,0,5.47630934010852,0,0,0,0,0,0,0,0,0,7.44328153536516,4.57324509362917,3.59036231040955,0,0,0
0,8.7410483956337,0,0,0,0,0,0,58.7641506195068,14.1696562790557,0,0,0,0,0,15.0763862424967,35.5222148895264,24.0837032322411,37.904692996632,0,0,4.5780283750686,0,0,0,3.50664005233246,53.7360954284668,0,0,0,0,0,0,0,0,0,0,7.4847534156981,0,0,0,39.7461013793945,0,0,74.2832107543945,0,0,0,0,6.84003697982942,0,0,0,0,0,11.8347677673612,0,21.657876088069,0,12.6502098242442,0,13.8336166774525,30.7694129943848,0,7.5886827475989,0,4.8704977679897,0,6.69881536593804,41.4062194824219,8.207523558821,0,0,0,0,0,0,0,0,0,7.88604800947781,0,12.8381205535651,0,8.35733919432669,0,0
20.4517402648926,0,0,0,0,0,0,0,10.3633331710642,0,0,0,0,0,0,0,7.53102968868456,25.9418888092041,0,0,0,0,3.15238499641418,0,0,0,4.20244288848618,0,0,0,0,0,0,0,0,0,0,0,6.36149988174438,0,0,0,0,0,0,0,0,0,7.53463731493269,0,0,0,0,0,11.5053213053736,0,0,0,0,0,0,0,0,0,0,5.25393817192171,0,4.39470216963026,0,4.65170356962416,0,0,0,0,0,0,0,0,0,0,0,8.64602918387776,4.37961917182049,0,4.1044916528644,0,0
0,0,0,0,0,0,0,0,0,15.0224773381886,0,0,0,0,0,8.2862113125353,41.8161089280072,12.8353558022847,23.3370931625366,0,0,4.20209301312765,0,3.50664005233246,0,0,0,3.60837817192078,0,0,0,0,0,0,0,0,0,0,0,0,0,0,0,0,0,0,0,0,0,0,0,0,0,0,0,16.1105307737986,0,0,0,0,0,6.8520573927806,0,0,14.1890194283591,0,3.22697691321373,0,5.02646158026023,0,0,0,0,0,0,0,0,0,82.7527770996094,0,0,0,14.6753117886582,0,0,0,0
0,0,0,0,0,0,0,0,18.3740204192222,52.2551765441895,0,0,4.84320418039958,0,7.40064484028777,0,12.5781930330482,37.6971216731601,36.6153684616089,0,0,0,2.98414713760902,53.7360954284668,4.20244288848618,0,0,0,3.84283527495369,0,0,0,0,0,0,0,0,0,0,0,0,0,0,0,0,0,0,0,0,0,0,0,0,0,14.315468788147,0,0,0,0,0,5.57925216968243,0,0,0,0,3.05558609962463,90.6001739501953,4.44989691178004,46.1847457885742,4.12567188883238,0,6.32674360275269,0,0,0,0,0,0,0,0,73.9428558349609,67.1442718505859,12.101189059347,0,0,0,0
0,0,0,0,0,0,0,0,0,0,0,3.18405905110495,0,2.9743067073822,0,5.05144333839417,0,7.74679657816887,0,0,0,3.22330617904663,0,0,0,3.60837817192078,0,0,0,3.79014921188354,0,0,0,0,0,0,0,2.9286998737426,0,0,0,0,0,0,0,0,0,0,0,0,0,0,0,0,0,0,0,3.63949823379517,0,3.15166068077087,0,0,0,0,3.69333946704865,0,0,0,3.89646529234373,0,6.20382250115837,0,4.01812829857781,0,0,0,0,0,0,0,5.06079836686452,0,2.96785417417201,2.90718685879427,0,0,0
0,0,0,0,0,0,0,0,0,0,0,0,4.22003001848857,0,6.25339243412018,0,4.74089468562085,0,0,0,0,0,3.37875256448422,0,0,0,3.84283527495369,0,0,0,3.10847067151751,0,0,0,0,0,0,0,4.29196216739141,0,0,0,0,0,0,0,0,0,0,0,0,0,0,0,0,0,0,0,3.22860635952516,0,0,0,0,0,0,9.60118270956952,0,0,0,4.54307807437957,0,3.91305333320226,0,2.92511974062238,0,0,0,0,0,0,0,15.6263968149821,5.14050789674123,0,0,0,0
0,0,0,0,0,0,0,0,0,0,0,7.44137787998171,0,0,0,0,0,0,0,0,0,0,0,0,0,0,0,3.79014921188354,0,0,0,0,0,0,0,0,0,3.48676742469111,0,0,0,0,0,0,0,0,0,0,0,0,0,0,0,0,0,0,0,8.8196890601572,0,0,0,0,0,0,0,0,0,0,0,0,13.0727740596322,0,4.78494758626599,0,0,0,0,0,0,0,5.32014220221001,0,3.60603728294373,0,0,0,0
0,0,0,0,0,0,0,0,0,0,8.94431146665623,0,0,0,0,0,0,0,0,0,0,0,0,0,0,0,0,0,3.10847067151751,0,0,0,0,0,0,0,0,0,2.93996044567653,0,0,0,0,0,0,0,0,0,0,0,0,0,0,0,0,0,8.26184997558594,0,0,0,0,0,0,0,0,0,0,0,0,0,0,11.9463796615601,0,4.60720025704353,0,0,0,0,0,0,0,4.95168027010831,3.47816900412242,0,0,0,0
0,0,0,0,0,0,0,0,0,0,0,0,0,0,0,0,0,0,0,0,0,0,0,0,0,0,0,0,0,0,0,0,3.80002783554046,7.57808457680468,3.92197370156646,5.45795518931221,2.82416078448296,0,0,5.36027193069458,0,0,0,0,0,0,0,5.62241995841499,0,10.2664084513982,0,0,0,0,0,0,0,0,0,0,0,0,44.7934589385986,0,0,0,0,0,0,0,0,0,0,0,5.86892049531329,5.10406796561347,6.48035517692566,6.04052870710131,6.29432522776967,0,0,0,3.31813256199748,0,0,0,0
0,0,0,0,0,0,0,0,0,0,0,0,0,0,0,0,0,0,39.5827941894531,0,0,0,0,0,0,0,0,0,0,0,0,3.80002783554046,0,2.85216090895913,4.18026135797086,5.24197038309074,4.6457483919361,0,0,0,8.5103432337443,0,58.2191677093506,0,0,0,37.8285700480143,5.07754392576756,8.67474826176961,8.20351886749268,0,0,0,0,0,0,0,0,0,0,0,0,0,51.0535939534505,0,0,0,0,0,0,0,0,0,0,5.06466286775847,5.32913376402566,5.26198689142863,5.25810551032042,12.1233334541321,6.93693602110316,0,0,3.35716818101006,0,15.9645535427591,0,0
0,0,0,0,0,0,0,0,0,0,0,0,0,0,0,0,0,0,0,0,0,25.5052661895752,0,0,0,0,0,0,0,0,0,7.57808457680468,2.85216090895913,0,4.35245537949221,5.28152774318572,0,6.41461981201722,0,35.9363441467285,0,19.0416693687439,0,0,0,39.1623725891113,0,6.68025290248866,0,9.49472284852789,0,0,0,0,0,0,0,0,0,0,0,0,41.5583801269531,0,0,0,0,0,0,0,0,0,18.101526260376,0,3.63690396308899,6.5063464641571,6.06566400189622,4.69709053870278,8.41604112210821,0,7.92347454098822,0,5.03049842239672,0,19.9453146934509,0,0
0,0,0,0,52.9927864074707,0,0,0,0,0,0,0,0,0,0,0,0,0,0,0,0,0,0,0,0,0,0,0,0,0,0,3.92197370156646,4.18026135797086,4.35245537949221,0,0,4.51100402251455,3.38943600654602,3.93579256755334,0,24.3622426986694,0,20.5195449193319,0,0,0,37.8654420035226,6.01599290404464,10.5940831542015,12.3855810165405,0,0,0,0,0,0,63.4881610870361,0,0,0,0,0,0,48.5148620605469,0,0,0,0,0,0,0,0,0,0,4.75005602836609,9.5384298818452,7.24128385826393,5.04979241456822,0,6.22257180991283,13.8614843686422,5.62979368418455,4.49470716426807,3.27627958191766,12.6703502822468,0,8.80000972747803
0,0,0,31.3942966461182,0,37.5557723478837,0,6.01905051867167,0,0,0,5.74095775770104,0,0,0,0,106.4987449646,95.600227355957,66.8369111185489,4.79641126537323,0,0,0,0,0,0,0,0,0,0,0,5.45795518931221,5.24197038309074,5.28152774318572,0,0,3.16892910642283,6.91635389977218,0,39.8553863957871,36.4532585144043,45.5840542533181,45.0420534470502,48.6566645580789,0,13.3156680423434,26.4134724934896,20.3880301508037,22.6529062390327,26.6517644365864,0,0,0,6.1987351249246,0,0,0,49.7290574350665,0,0,0,0,17.0200694133166,50.3120613098145,0,0,0,0,0,0,86.2854080200195,0,61.2815878731864,49.7365417480469,4.43358659744263,0,4.84726093517794,0,8.2721192803639,4.8216207317684,11.2221101292783,54.4260692596436,8.16943803725328,8.6065089301094,29.8368442032072,48.6333198944728,37.1018714904785
0,0,0,0,29.6551759719849,0,0,0,0,0,3.28245401678618,0,0,0,0,0,0,96.8398971557617,74.8622098650251,0,3.83438628610938,0,0,0,0,0,0,0,0,0,0,2.82416078448296,4.6457483919361,0,4.51100402251455,3.16892910642283,0,0,5.54778523124951,0,17.3052069300511,0,49.8487802777128,0,58.2843796302532,82.5066375732422,16.1378988753918,18.4242015702384,27.8390826163469,15.2341046149914,0,0,0,0,0,0,0,0,0,0,0,0,0,27.1547244933241,0,0,0,0,0,0,0,0,0,61.8521368844169,0,6.5913305580616,0,13.3158950328827,5.17902445793152,7.60250642649692,0,8.92440289653552,5.89518478361932,4.90639848857405,37.2470953500451,0,46.6313665289628
0,0,0,0,0,0,0,0,0,10.5022086254482,0,9.13028855889531,0,0,0,0,0,0,100.182988484701,8.73399089849912,0,5.77395608994813,0,7.4847534156981,0,0,0,2.9286998737426,0,3.48676742469111,0,0,0,6.41461981201722,3.38943600654602,6.91635389977218,0,0,3.97304140561587,95.0692176818848,0,10.9099727180642,0,61.8697967529297,0,0,0,6.0488393210076,0,10.9687290576632,0,0,0,0,0,16.044061563005,0,11.1673348144915,0,0,0,0,19.9836444195281,0,7.49902085641556,0,9.75617037204482,0,0,0,5.35518525386679,0,3.48923766372988,0,0,0,7.89716050263201,2.74623227119446,13.077404782176,0,6.13323406050496,4.35564917759087,5.32796151479601,5.50922585097996,6.94099585215251,25.8977375030518,0
0,0,0,0,0,0,0,0,13.1615543220354,0,4.50320505490308,0,0,0,0,0,0,0,0,0,3.99811553008973,3.65652372837067,4.0522224123961,0,6.36149988174438,0,0,0,4.29196216739141,0,2.93996044567653,0,0,0,3.93579256755334,0,5.54778523124951,3.97304140561587,0,0,0,0,11.3543690596857,0,59.0423698425293,0,63.5193557739258,5.26831501871882,6.8748757764863,0,0,0,0,0,13.3110907206897,0,11.9696479082108,0,0,0,0,0,0,12.1938081014724,4.10923237800598,4.79949984461272,0,8.64249390714309,0,0,0,0,0,5.82281084358692,0,0,0,8.95501165649518,0,9.30578030915487,4.51799361242188,5.86977121049695,4.82539835078803,5.37271586893383,6.07747483087911,0,33.3328021367391
0,0,0,0,0,50.6399383544922,0,0,0,72.7179050445557,0,0,0,0,0,110.394546508789,83.8794708251953,63.2426624298096,46.5568075735358,32.7892026901245,0,70.2818984985352,0,0,0,0,0,0,0,0,0,5.36027193069458,0,35.9363441467285,0,39.8553863957871,0,95.0692176818848,0,0,91.3337783813477,22.3890416773758,63.4891222903603,34.6862272594286,63.6043043136597,13.1954301737954,0,15.7233879042835,59.1636848449707,10.1868613688769,0,0,0,0,0,0,0,62.8476627349853,0,0,0,0,10.2619343596261,86.7413101196289,0,0,0,0,0,0,0,0,62.6080684661865,0,15.7103435652597,0,27.0646068368639,0,20.7975184434794,85.5777943929036,56.8052874317876,0,53.262622660728,64.8662433624268,19.5343345509033,33.2156202053202,56.8149731953939
0,0,42.0580539703369,0,49.75412940979,0,0,0,0,0,0,0,0,0,0,0,73.629908879598,70.930362701416,50.1433478180243,0,0,0,0,0,0,0,0,0,0,0,0,0,8.5103432337443,0,24.3622426986694,36.4532585144043,17.3052069300511,0,0,91.3337783813477,0,72.6145553588867,21.6222243609618,33.4206714630127,29.8940042437929,0,8.98194927929117,10.8091448763726,8.47850837970873,18.8136915479388,0,0,0,0,0,0,39.0361595153809,0,0,0,0,0,0,13.2263335605686,0,0,0,0,0,0,0,0,0,38.4319137997097,0,6.55267763137817,0,52.90234375,93.6392288208008,15.4292574790074,98.3850708007812,36.9743091234794,40.9318724055039,40.7342796325684,18.406286081088,0,18.1947373238163
0,8.91996542612712,0,27.342325592041,0,42.5365779296212,0,0,0,4.74549768865108,0,0,0,0,0,0,72.8040672302246,61.5531547546387,32.078266452764,69.9689197540283,0,0,0,39.7461013793945,0,0,0,0,0,0,0,0,0,19.0416693687439,0,45.5840542533181,0,10.9099727180642,0,22.3890416773758,72.6145553588867,0,8.80892418117585,26.3930980403249,46.6698843638102,23.0062320778169,0,13.5362618271687,0,12.3122346605012,0,0,0,0,0,11.4595732688904,0,18.4060055383029,0,0,0,0,24.2438069668562,79.0994338989258,0,0,41.8435668945312,0,35.8494453430176,0,25.1355082568,0,18.7299583990743,0,0,0,22.8298577354068,0,33.1947565708223,71.1618749445135,26.986603161512,55.4302889506022,17.9785948039792,61.1079924210258,13.6099449160233,9.10953715523202,13.5211550295353
17.2674617767334,0,28.1128977008332,0,38.3866091208024,62.4561882019043,0,0,5.34705313946466,0,0,0,0,0,36.5374450683594,0,52.4742365983816,63.4822296427789,29.2549937977701,0,0,0,0,0,0,0,0,0,0,0,0,0,58.2191677093506,0,20.5195449193319,45.0420534470502,49.8487802777128,0,11.3543690596857,63.4891222903603,21.6222243609618,8.80892418117585,0,38.4134773526873,13.9845298825649,66.2958068847656,20.7993410268768,13.8274449087644,9.19739306753376,51.1347955703735,40.4349451065063,0,0,0,4.82778882980347,0,23.3209970824573,77.3510074615479,0,0,0,0,65.5178527832031,23.5760798731919,0,0,0,0,0,0,53.4988670349121,0,60.1381085713704,14.4464806062955,0,0,0,17.5020112991333,72.0600178718567,32.610090891644,60.6972889370388,25.0221664673726,21.9065981654031,54.6320758395725,14.4674318420272,47.8349990844727,9.68889612108028
0,0,0,23.1760854721069,0,0,0,0,0,0,0,0,0,0,0,0,48.4983711242676,67.0439457893372,16.3965651988983,0,0,0,0,0,0,0,0,0,0,0,0,0,0,0,0,48.6566645580789,0,61.8697967529297,0,34.6862272594286,33.4206714630127,26.3930980403249,38.4134773526873,0,42.2609415054321,12.2998445951022,0,0,0,0,0,0,0,0,0,0,0,20.6851339975993,0,0,0,0,31.8019294057574,39.7638511657715,0,0,0,0,0,0,31.8199987411499,0,24.4619089032783,0,0,0,0,0,43.9162882118743,58.4703140258789,28.577068220211,0,21.4924219716679,61.2105712890625,14.7512769120581,16.9866995077867,0
0,0,0,0,0,0,0,0,0,0,0,0,0,0,30.2152214050293,0,45.9960343837738,46.5702255912449,19.9681586246533,0,0,0,0,74.2832107543945,0,0,0,0,0,0,0,0,0,0,0,0,58.2843796302532,0,59.0423698425293,63.6043043136597,29.8940042437929,46.6698843638102,13.9845298825649,42.2609415054321,0,0,9.56621894836426,0,34.8738493238177,0,0,0,0,0,0,0,20.6294951968723,0,0,0,36.4570579528809,0,0,36.639755657741,0,0,0,0,0,0,0,0,0,25.8422295813467,0,0,0,0,71.9294319152832,39.607983081185,73.1949920654297,29.5846475445947,22.490772776521,57.9142112731934,17.3342362153365,33.4657440185547,16.9026162624359
0,0,0,10.2138294051675,0,21.4206095695496,0,0,0,0,0,14.0853819847107,0,0,0,0,0,0,29.1679055955675,15.5586342811584,0,0,0,0,0,0,0,0,0,0,0,0,0,39.1623725891113,0,13.3156680423434,82.5066375732422,0,0,13.1954301737954,0,23.0062320778169,66.2958068847656,12.2998445951022,0,0,38.0541648864746,34.1797823091833,0,28.0640951535517,0,19.289858341217,0,0,0,0,0,21.0688708824898,0,0,0,0,9.19784498097042,0,0,0,0,0,0,0,30.1754913330078,0,22.3839910397163,0,40.722785949707,0,44.6783854166667,0,27.8927579409516,0,21.5348179171162,0,20.5418961409367,0,10.6100006853597,18.6149776542888,0
0,0,7.84440886515837,0,22.3672570680317,0,0,0,0,0,12.0462210973104,0,0,0,0,0,48.5027847290039,0,22.627836227417,0,0,0,0,0,0,0,0,0,0,0,0,0,37.8285700480143,0,37.8654420035226,26.4134724934896,16.1378988753918,0,63.5193557739258,0,8.98194927929117,0,20.7993410268768,0,9.56621894836426,38.0541648864746,0,38.1775772094727,29.2838199876195,29.8955745697021,0,0,0,0,0,0,12.291233224339,0,0,0,0,0,0,10.019019513156,0,0,0,0,0,0,0,0,0,17.3122093263736,0,41.9182739257812,0,42.1613502502441,0,20.7410815993508,0,15.0368383814077,18.8694323550214,0,11.4357639633624,0,17.3116039519614
0,0,44.5498593648275,0,51.2292547225952,49.9970371848659,0,0,0,0,0,0,0,0,0,0,66.5399017333984,0,64.536509513855,0,0,0,0,0,0,0,0,0,0,0,0,5.62241995841499,5.07754392576756,6.68025290248866,6.01599290404464,20.3880301508037,18.4242015702384,6.0488393210076,5.26831501871882,15.7233879042835,10.8091448763726,13.5362618271687,13.8274449087644,0,0,34.1797823091833,38.1775772094727,0,6.56604912915021,7.85586303646616,48.3927993774414,0,0,0,0,0,0,55.6213808926669,0,0,0,0,43.7693704675745,45.335357938494,0,0,0,0,0,0,0,0,29.3353099822998,63.8363366560502,7.33841081832672,6.29314844003992,9.40629157570063,7.02735852771848,7.53428962239228,8.14104891895835,30.5511741297586,22.0234927654266,11.4380297936645,0,9.88285818416683,15.854946231842,25.664839806764
4.9109808823158,0,16.0202341330679,0,46.1347258431571,0,0,0,5.93644818137674,0,0,0,0,0,0,0,107.151435852051,0,55.0316651662191,0,0,0,4.29896496994721,0,7.53463731493269,0,0,0,0,0,0,0,8.67474826176961,0,10.5940831542015,22.6529062390327,27.8390826163469,0,6.8748757764863,59.1636848449707,8.47850837970873,0,9.19739306753376,0,34.8738493238177,0,29.2838199876195,6.56604912915021,0,5.52341439507224,4.8692512512207,0,0,0,16.1096901893616,0,31.7741502126058,0,0,0,0,0,0,34.2963314609251,0,5.94237175699097,0,5.8551718705687,0,3.61785751342773,0,3.26229336045005,0,8.74636686490681,0,9.02893623228996,0,6.46425234449321,0,16.6389524282728,0,5.60329017662766,19.2660623483612,0,11.1259319399107,0,27.2423541545868
0,3.9622120213887,0,6.01516806637799,42.9395694732666,46.5694593949751,0,0,0,4.60290978539665,0,0,0,0,0,0,102.190188090007,90.0166473388672,49.6965081351144,41.5209617614746,0,10.077234170678,0,6.84003697982942,0,0,0,0,0,0,0,10.2664084513982,8.20351886749268,9.49472284852789,12.3855810165405,26.6517644365864,15.2341046149914,10.9687290576632,0,10.1868613688769,18.8136915479388,12.3122346605012,51.1347955703735,0,0,28.0640951535517,29.8955745697021,7.85586303646616,5.52341439507224,0,0,0,0,0,0,5.52259931345096,0,17.4404032315934,0,9.40950389469371,0,5.48419078191121,34.434414791531,41.0635032653809,9.27164480220135,0,7.26171277903049,0,5.81252531672633,0,7.22623229450023,0,12.6417634632276,0,7.16379781564077,0,12.7872949279084,0,18.4113377086949,0,8.51525056981545,0,19.2686888407982,0,10.2598243606642,23.599553155899,0
10.672785282135,0,3.557723792394,0,3.42909015843898,0,4.62627204259237,0,0,0,0,0,0,0,0,0,0,0,0,0,0,0,0,0,0,0,0,0,0,0,0,0,0,0,0,0,0,0,0,0,0,0,40.4349451065063,0,0,0,0,48.3927993774414,4.8692512512207,0,0,0,3.87714861057423,0,0,0,7.15113471772936,0,4.66078723271688,0,0,0,0,0,0,0,0,0,0,0,0,0,0,40.8258056640625,0,0,0,0,0,46.7578907012939,0,44.0404586791992,17.6603579180581,0,5.67512242868543,0,0
0,0,0,3.548691204616,0,3.36134165016251,0,0,0,0,0,0,0,2.94884037971497,0,3.49217879204523,0,0,0,5.99065089225769,0,0,0,0,0,0,0,0,0,0,0,0,0,0,0,0,0,0,0,0,0,0,0,0,0,19.289858341217,0,0,0,0,0,0,0,2.97896978590224,0,0,0,3.98492630611766,0,3.57770660945347,0,3.23096481959025,7.11008436029608,0,0,0,0,0,0,0,0,0,0,0,0,0,0,0,0,0,0,0,4.89778420504402,0,6.21220636367798,0,0
0,0,0,0,3.81891861061255,0,3.92306923238855,0,0,0,5.40202721338424,0,0,0,0,0,0,0,0,0,0,0,0,0,0,0,0,0,0,0,0,0,0,0,0,0,0,0,0,0,0,0,0,0,0,0,0,0,0,0,3.87714861057423,0,0,0,0,0,5.49302311738332,0,0,0,0,0,0,0,0,0,0,0,0,0,0,0,0,0,0,0,0,0,0,0,0,0,0,0,0,0,0
0,0,0,0,0,3.36089596965096,0,3.46765543777905,0,0,0,3.89056774973869,0,0,0,0,0,0,0,0,0,0,0,0,0,0,0,0,0,0,0,0,0,0,0,6.1987351249246,0,0,0,0,0,0,0,0,0,0,0,0,0,0,0,2.97896978590224,0,0,0,0,0,5.13551223278046,0,3.56207652713942,0,0,0,0,0,0,0,0,0,0,0,0,0,0,0,0,0,0,6.13505034697683,0,0,0,4.15575036249663,0,0,0,0
7.51330588161945,0,3.03125584125519,0,0,0,0,0,5.84616930258535,0,0,0,0,0,4.8150794506073,0,18.179037740356,42.8531484603882,60.7834434509277,0,0,0,0,0,11.5053213053736,0,14.315468788147,0,0,0,0,0,0,0,0,0,0,0,13.3110907206897,0,0,0,4.82778882980347,0,0,0,0,0,16.1096901893616,0,0,0,0,0,0,0,0,0,0,0,2.95093766848246,0,0,0,0,0,0,13.1069985481731,0,14.5489194393158,0,0,0,0,0,0,0,19.7845363616943,0,63.0287895202637,0,14.4690819821616,16.8494321453956,0,12.7487875644977,0,0
0,4.29900222146109,0,3.78554223679207,0,0,0,0,58.2182559967041,5.10846476971099,0,0,0,0,74.1371688842773,4.12538197805297,43.9407316843669,28.5917431276236,18.090274810791,0,0,0,0,11.8347677673612,0,16.1105307737986,0,0,0,0,0,0,0,0,0,0,0,16.044061563005,0,0,0,11.4595732688904,0,0,0,0,0,0,0,5.52259931345096,0,0,0,0,0,0,0,0,0,0,0,4.36800122872377,0,0,26.9827632904053,0,5.89038551481147,0,14.2570051193237,0,0,0,0,0,0,0,25.1003309885661,0,0,0,17.7990218397539,0,9.38719271809867,0,11.7765754749035,0,0
0,0,26.703244527181,0,29.2907707691193,0,4.25062646616751,0,0,0,6.67239952388704,0,3.55509740511576,0,0,0,48.8281517028809,0,23.9444103240967,0,5.63768595854441,0,0,0,0,0,0,0,0,0,8.26184997558594,0,0,0,63.4881610870361,0,0,0,11.9696479082108,0,39.0361595153809,0,23.3209970824573,0,20.6294951968723,0,12.291233224339,0,31.7741502126058,0,7.15113471772936,0,5.49302311738332,0,0,0,0,0,6.49987428288323,0,9.7727617820104,0,0,6.53574377250157,0,0,0,0,0,0,0,0,0,5.63330392506153,0,0,0,0,0,42.8789105299042,0,8.17461866525868,15.6010384971713,0,8.95619693994522,0,18.6622408760919
0,4.27203344106674,0,10.4925434929984,0,17.9605016570825,0,6.62370427723589,0,0,0,6.71115611838829,0,3.72379400730133,0,0,0,101.001762390137,37.901525815328,7.95337412609317,0,24.5520092311658,0,21.657876088069,0,0,0,3.63949823379517,0,8.8196890601572,0,0,0,0,0,49.7290574350665,0,11.1673348144915,0,62.8476627349853,0,18.4060055383029,77.3510074615479,20.6851339975993,0,21.0688708824898,0,55.6213808926669,0,17.4404032315934,0,3.98492630611766,0,5.13551223278046,0,0,0,0,0,5.04763490654701,0,0,11.7322676799431,0,27.1832218170166,0,19.9805220934301,0,13.1895912294802,0,7.8184275574997,0,7.29825834515168,0,0,0,61.8916625976562,0,46.3083663145221,0,19.6347637392033,0,16.5460881157355,0,11.5975757737288,16.8843781443743,0
0,0,0,0,4.95103211204211,0,0,0,0,0,3.97068132956823,0,4.02181864727688,0,0,0,0,0,0,0,0,0,0,0,0,0,0,0,3.22860635952516,0,0,0,0,0,0,0,0,0,0,0,0,0,0,0,0,0,0,0,0,0,4.66078723271688,0,0,0,0,0,6.49987428288323,0,0,0,3.29930830001831,0,0,0,0,0,0,0,0,0,0,3.42330845594406,0,0,0,0,0,0,0,0,0,0,5.40525612036387,0,6.14700810114543,0,0
0,0,0,0,0,3.50901941692128,0,0,0,0,0,8.5170323763065,0,5.65714499629136,0,5.5086933004445,0,0,0,0,0,22.0609254837036,0,12.6502098242442,0,0,0,3.15166068077087,0,0,0,0,0,0,0,0,0,0,0,0,0,0,0,0,0,0,0,0,0,9.40950389469371,0,3.57770660945347,0,3.56207652713942,0,0,0,5.04763490654701,0,0,0,3.82585854505105,0,0,0,0,13.3079841320331,0,5.72302150137631,0,4.05484830538432,0,0,0,0,0,0,0,0,0,0,0,6.43704570770264,3.59604930877686,0,0,0
0,0,0,0,0,0,0,0,9.18288240713232,0,0,0,5.45458017455207,0,3.45286589860916,0,12.5523958472939,37.3412976264954,22.5812177658081,0,0,0,0,0,0,0,5.57925216968243,0,0,0,0,0,0,0,0,0,0,0,0,0,0,0,0,0,36.4570579528809,0,0,0,0,0,0,0,0,0,2.95093766848246,0,9.7727617820104,0,3.29930830001831,0,0,0,0,0,0,0,0,0,0,0,0,0,0,0,0,0,0,0,0,0,0,0,10.9778135078294,0,0,0,0
0,3.438808980741,0,0,0,3.51067392031352,0,0,0,12.6271285132358,0,0,0,5.06250990231832,0,3.43358647678838,37.9291186862522,16.4109177268314,0,0,0,18.3400983810425,0,13.8336166774525,0,6.8520573927806,0,0,0,0,0,0,0,0,0,0,0,0,0,0,0,0,0,0,0,0,0,0,0,5.48419078191121,0,3.23096481959025,0,0,0,4.36800122872377,0,0,0,3.82585854505105,0,0,0,0,0,0,0,0,3.16874599456787,0,0,0,0,0,0,0,0,0,0,0,0,0,10.9117763511136,5.36450046651504,0,0,0
0,0,0,0,0,8.24449002207312,0,0,0,0,0,11.6710907822674,0,0,0,0,0,0,52.2857232301132,5.44942103594232,0,0,0,30.7694129943848,0,0,0,0,0,0,0,44.7934589385986,0,41.5583801269531,0,17.0200694133166,0,19.9836444195281,0,10.2619343596261,0,24.2438069668562,65.5178527832031,31.8019294057574,0,9.19784498097042,0,43.7693704675745,0,34.434414791531,0,7.11008436029608,0,0,0,0,0,11.7322676799431,0,0,0,0,0,0,0,0,29.5681457519531,0,27.0463981628418,0,18.1870577578642,0,17.4487372332553,0,44.0146636962891,0,54.3622131347656,0,12.1933351471233,0,17.3080311526624,107.318908691406,17.1603571959501,49.9598028182983,13.8173905916974,19.9110923860131,0
0,0,26.5439937114716,0,8.21982509075706,0,0,0,0,0,5.81235269421623,0,0,0,0,0,77.4626312255859,89.4240016937256,55.0616623986628,0,5.38693703848582,0,0,0,0,0,0,0,0,0,0,0,51.0535939534505,0,48.5148620605469,50.3120613098145,27.1547244933241,0,12.1938081014724,86.7413101196289,13.2263335605686,79.0994338989258,23.5760798731919,39.7638511657715,36.639755657741,0,10.019019513156,45.335357938494,34.2963314609251,41.0635032653809,0,0,0,0,0,0,6.53574377250157,0,0,0,0,0,0,0,0,0,0,0,0,0,0,0,0,17.1752271600203,0,0,0,0,104.275461832682,13.4460125646671,88.927360534668,12.6872197285738,24.7891012380289,35.0492903292179,11.8354226626816,87.5785064697266,22.4862435658773
0,0,0,0,0,0,0,0,0,30.0539697011312,0,0,0,0,0,23.0944862365723,26.4395399093628,23.6609806219737,33.9491271972656,0,0,5.90265326982595,0,7.5886827475989,0,14.1890194283591,0,3.69333946704865,0,0,0,0,0,0,0,0,0,7.49902085641556,4.10923237800598,0,0,0,0,0,0,0,0,0,0,9.27164480220135,0,0,0,0,0,26.9827632904053,0,27.1832218170166,0,0,0,0,0,0,0,0,4.39463994229511,0,7.48849540411257,0,7.6286080083406,0,0,0,0,0,0,0,0,0,7.26893852926819,0,6.80952285814889,0,16.8412574096159,0,0
0,0,0,0,0,0,0,0,0,0,0,0,0,0,0,0,0,0,0,0,0,5.75667435982648,5.60563225871566,0,5.25393817192171,0,3.05558609962463,0,9.60118270956952,0,0,0,0,0,0,0,0,0,4.79949984461272,0,0,0,0,0,0,0,0,0,5.94237175699097,0,0,0,0,0,0,0,0,0,0,0,0,0,0,0,0,0,0,5.93718844093945,0,6.2533053455314,0,6.51260703260248,0,0,0,0,0,0,0,0,0,7.49454554613971,7.59305328204308,0,0,0,0
0,6.9373080862893,0,0,0,0,0,0,0,9.97093566258748,0,0,0,0,0,5.25358748435974,29.6388384501139,23.2353071212769,13.4961605072021,0,0,4.6658589726892,0,4.8704977679897,0,3.22697691321373,90.6001739501953,0,0,0,0,0,0,0,0,0,0,9.75617037204482,0,0,0,41.8435668945312,0,0,0,0,0,0,0,7.26171277903049,0,0,0,0,0,5.89038551481147,0,19.9805220934301,0,13.3079841320331,0,0,29.5681457519531,0,4.39463994229511,0,0,0,5.33792192248975,0,7.16126968053528,0,45.5115737915039,0,0,0,0,0,0,0,10.7637583017349,0,5.3801785644732,0,9.45776418681295,0,0
0,0,0,0,0,0,0,0,9.28787936335025,0,0,0,0,0,0,0,11.4886764287949,0,0,0,0,0,7.96164007484913,0,4.39470216963026,0,4.44989691178004,0,0,0,0,0,0,0,0,0,0,0,8.64249390714309,0,0,0,0,0,0,0,0,0,5.8551718705687,0,0,0,0,0,13.1069985481731,0,0,0,0,0,0,0,0,0,0,5.93718844093945,0,0,0,4.85367698202262,0,0,0,0,0,0,0,18.9405765533447,0,0,0,10.1548538316204,4.7304353420551,7.99738931655884,7.96586840654136,0,0
0,0,0,0,0,0,0,0,61.7607116699219,11.1373219490051,0,0,0,0,0,7.60883665084839,30.7671699523926,21.0913879243951,21.8548018137614,0,0,4.89892365202612,0,6.69881536593804,0,5.02646158026023,46.1847457885742,3.89646529234373,0,0,0,0,0,0,0,0,0,0,0,0,0,35.8494453430176,0,0,0,0,0,0,0,5.81252531672633,0,0,0,0,0,14.2570051193237,0,13.1895912294802,0,5.72302150137631,0,3.16874599456787,27.0463981628418,0,7.48849540411257,0,5.33792192248975,0,0,0,7.32960436730411,0,0,0,0,0,0,0,56.8183670043945,0,0,0,12.1519448508819,0,10.2742447853088,35.152868270874,0
0,0,0,0,0,0,0,0,20.8656391143799,0,0,0,0,0,47.2127838134766,0,15.9244130963865,34.5894773483276,27.4922204017639,0,0,0,4.21442342939831,41.4062194824219,4.65170356962416,0,4.12567188883238,0,4.54307807437957,0,0,0,0,0,0,0,0,0,0,0,0,0,0,0,0,0,0,0,3.61785751342773,0,0,0,0,0,14.5489194393158,0,0,0,0,0,0,0,0,0,0,6.2533053455314,0,4.85367698202262,0,0,0,6.26908198242395,0,0,0,0,0,0,0,0,0,0,9.88268351199022,0,0,0,0
0,0,0,0,0,0,0,0,0,0,0,3.71469222798067,0,2.95046338909551,0,0,0,0,0,13.8556251525879,0,7.28047341808306,0,8.207523558821,0,0,0,6.20382250115837,0,13.0727740596322,0,0,0,0,0,86.2854080200195,0,5.35518525386679,0,0,0,25.1355082568,53.4988670349121,31.8199987411499,0,30.1754913330078,0,0,0,7.22623229450023,0,0,0,0,0,0,0,7.8184275574997,0,4.05484830538432,0,0,18.1870577578642,0,7.6286080083406,0,7.16126968053528,0,7.32960436730411,0,0,0,11.9817068390548,0,0,0,72.1893997192383,0,57.0789031982422,0,4.48511782967218,0,6.87578019681184,4.1755124181509,14.2310543575802,24.4755996704102,0
0,0,0,0,0,0,0,0,0,0,0,0,0,0,0,0,0,0,0,0,0,0,5.47630934010852,0,0,0,6.32674360275269,0,3.91305333320226,0,11.9463796615601,0,0,0,0,0,0,0,0,0,0,0,0,0,0,0,0,0,3.26229336045005,0,0,0,0,0,0,0,0,0,3.42330845594406,0,0,0,0,0,0,6.51260703260248,0,0,0,6.26908198242395,0,0,0,7.24992516510923,0,0,0,0,0,0,0,6.83736259067604,3.60009145736694,0,0,0,0
0,0,0,33.840202331543,0,43.4206943511963,0,0,0,0,0,9.4036379393303,0,0,0,0,0,58.4333686828613,41.4119812936494,15.4912842084777,0,0,0,0,0,0,0,4.01812829857781,0,4.78494758626599,0,0,0,18.101526260376,0,61.2815878731864,0,3.48923766372988,0,62.6080684661865,0,18.7299583990743,60.1381085713704,24.4619089032783,0,22.3839910397163,0,29.3353099822998,0,12.6417634632276,0,0,0,0,0,0,0,7.29825834515168,0,0,0,0,17.4487372332553,0,0,0,45.5115737915039,0,0,0,11.9817068390548,0,0,0,0,0,0,0,47.3819130274875,0,8.75186226239653,0,6.46832055478663,82.2926406860352,14.5724892498243,18.4422833238329,0
0,0,33.150063196818,0,43.3223598186786,0,0,0,0,0,9.0178828424023,0,0,0,0,0,68.3037414550781,74.3174947102865,45.0247567918566,0,9.27913582925316,0,0,0,0,0,0,0,2.92511974062238,0,4.60720025704353,0,0,0,0,49.7365417480469,61.8521368844169,0,5.82281084358692,0,38.4319137997097,0,14.4464806062955,0,25.8422295813467,0,17.3122093263736,63.8363366560502,8.74636686490681,0,40.8258056640625,0,0,0,0,0,5.63330392506153,0,0,0,0,0,0,17.1752271600203,0,0,0,0,0,0,0,7.24992516510923,0,0,0,0,0,33.2968292236328,0,48.7461280822754,0,6.22062727997943,44.2380670808977,67.3553848266602,11.9432748283088,0,21.1512403039371
0,0,0,0,0,63.6318054199219,0,0,0,0,0,0,0,0,0,0,0,0,0,0,0,0,0,0,0,0,0,0,0,0,0,5.86892049531329,5.06466286775847,3.63690396308899,4.75005602836609,4.43358659744263,0,0,0,15.7103435652597,0,0,0,0,0,40.722785949707,0,7.33841081832672,0,7.16379781564077,0,0,0,0,0,0,0,0,0,0,0,0,44.0146636962891,0,0,0,0,0,0,0,0,0,0,0,0,6.31357545011184,4.46642812619022,0,4.8172705229675,0,0,0,4.70366151766344,0,0,0,0
0,0,0,0,0,0,0,0,0,0,0,0,0,0,0,0,0,0,0,0,0,0,0,0,0,0,0,0,0,0,0,5.10406796561347,5.32913376402566,6.5063464641571,9.5384298818452,0,6.5913305580616,0,0,0,6.55267763137817,0,0,0,0,0,41.9182739257812,6.29314844003992,9.02893623228996,0,0,0,0,0,0,0,0,0,0,0,0,0,0,0,0,0,0,0,0,0,0,0,0,0,6.31357545011184,0,5.52815854549408,5.55473207899078,0,4.61443024658295,0,0,5.85074279869797,0,0,0,0
0,0,0,0,0,62.2630081176758,0,0,0,23.1560456593831,0,0,0,0,0,0,70.700553894043,0,55.7822685241699,0,0,11.587306022644,0,0,0,0,0,0,0,0,0,6.48035517692566,5.26198689142863,6.06566400189622,7.24128385826393,4.84726093517794,0,7.89716050263201,0,27.0646068368639,0,22.8298577354068,0,0,0,44.6783854166667,0,9.40629157570063,0,12.7872949279084,0,0,0,0,0,25.1003309885661,0,61.8916625976562,0,0,0,0,54.3622131347656,0,0,0,0,0,0,0,72.1893997192383,0,0,0,4.46642812619022,5.52815854549408,0,8.71159771556405,5.53821290623058,0,6.42771597291094,0,7.06872092764597,0,24.1382310092449,0,0
0,0,0,0,0,0,0,0,29.6572322845459,0,0,0,0,0,0,0,0,0,0,0,0,0,0,0,0,0,0,0,0,0,0,6.04052870710131,5.25810551032042,4.69709053870278,5.04979241456822,0,13.3158950328827,2.74623227119446,8.95501165649518,0,52.90234375,0,17.5020112991333,0,0,0,42.1613502502441,7.02735852771848,6.46425234449321,0,0,0,0,0,19.7845363616943,0,0,0,0,0,0,0,0,0,0,0,0,18.9405765533447,0,0,0,0,0,33.2968292236328,0,5.55473207899078,8.71159771556405,0,0,5.63558306239492,16.026951789856,5.01047844527236,5.76201920793931,6.75324556189524,13.3831009742541,0,18.041088104248
