0,0,149.993158295751,0,0,0,0,0,203.707839131355,0,0,0,0,0,0,0,0,1.64773863554001,70.6788255125284,0,0,0,0,0,0,0,0,0,0,0,0,0,0,0,0,0,0,0,0.407527089118958,0,8.29245978593826,0,16.8440713435411,0,11.7090044617653,0,0,0,290.471071615815,0,0,0,0,0,153.579160153866,0,0,0,0,0,13.3098951280117,0,0,0,0,0,0,2.39991891384125,0,0,0,0,0,0,0,0,0,0,0,8.05430097877979,0,0,312.332316949964,0,501.249369576573,0,0
0,0,0,501.390928506851,0,0,0,0,0,239.950448408723,0,0,0,0,0,0.781463742256165,7.63471451401711,1.19809699058533,68.6607663035393,5.27701383084059,0,0,0,33.6985794007778,0,2.50676402449608,0,0,0,0,0,0,0,0,0,5.48624448478222,0,21.3927821964025,0,0,0,118.023959860206,0.575684666633606,0,0,175.783770799637,0,0,0,815.126137763262,0,0,0,0,0,46.1801080256701,0,0,0,0,0,4.39862537384033,7.48428937792778,0,0,0,48.0977600365877,0,6.7937825024128,0,0,0,0,0,0,0,0,0,134.686390869319,0,17.0517448186874,0,281.181717142463,0,615.85366743803,0.297922164201736,0
149.993158295751,0,0,0,142.153333544731,0,0,0,117.808156192303,0,0,0,0,0,0,0,0,0,0,0,0,0,0,0,0,0,0,0,0,0,0,0,0,0,0,0,22.5884205102921,0,0,0,0,0,40.7442599385977,0,0,0,7.99780294299126,0,147.614634364843,0,55.6056016683578,0,0,0,120.974152177572,0,17.6155900359154,0,0,0,0,0,0,0,0,0,0,0,0,0,0,0,0,0,0,0,0,0,0,0.917614907026291,0,0,182.411868855357,0,449.669029593468,0,10.0961467921734
0,501.390928506851,0,0,0,0,0,0,0,22.6272818446159,0,1.90559995174408,0,0,0,0,0,0,0,0.28641115128994,0,0,0,0,0,0,0,0,0,0,0,0,0,0,0,0.489364169538021,0,1.04458647966385,0,0,0,0.404081970453262,0,0,0,15.3428895920515,0,0,0,423.640471428633,0,0,0,0,0,0,0,3.01584482192993,0,0,0,0,7.43513043224812,0,0,0,0,0,0,0,0,0,0,0,0,0,0,0,16.2071421667933,0,4.3150697350502,0,91.649170845747,0,419.260009109974,0,0
0,0,142.153333544731,0,0,0,9.84643983840942,0,1.96101766824722,0,0,0,0,0,0,0,0,0,0,0,0,0,0,0,0,0,0,0,0,0,0,0,0,0,0,0,10.0106186568737,0,0,0,0,0,0.482799917459488,0,0,0,1.9969512373209,0,0.348943501710892,0,339.491254091263,0,2.26656270027161,0,6.06717079877853,0,0,0,0,0,0,0,0,1.9800838381052,0,0,0,0,0,0,0,0,0,0.71981805562973,0,0,0,0,0,0,0,3.09518302977085,236.266559958458,0,218.262757658958,0,0
0,0,0,0,0,0,0,0,0,141.8940346241,0,0,0,0,0,27.2556426525116,0,0,0,0,0,0,0,0,0,0,0,0,0,0,0,0,0,0,0,3.94913321733475,0,0,0,0,0,0,0,0,0,0,0,0,0,2.4618935585022,0,198.644559055567,0,0,0,0,0,0,0,0,0,35.232650578022,0,0,0,0,0,0,0,0,0,0,0,0,0,0,0,0,0,0,0,0,360.838645935059,0,32.5270249843597,0,0
0,0,0,0,9.84643983840942,0,0,0,0,0,7.66056001186371,0,0,0,0,0,0,0,0,0,41.3422265052795,0,0,0,0,0,0,0,0,0,0,0,0,0,0,0,0,0,0,0,0,0,0,0,0,0,0,0,0,0,245.130521059036,0,509.729843497276,0,0,0,28.3553472608328,0,112.47142970562,0,0,0,0,0,0,0,0,0,0,0,0,0,0,0,0,0,0,0,0,0,0,0,438.686175704002,0,0,0,0
0,0,0,0,0,0,0,0,0,0,0,16.3169067800045,0,0,0,0,0,0,0,0,0,0,0,0,0,0,0,0,0,0,0,0,0,0,0,0,0,0,0,0,0,0,0,0,0,0,0,0,0,0,0,0,0,94.2302069664001,0,0,0,59.7346397638321,0,59.9228368997574,0,0,0,0,0,0,0,0,0,0,0,0,0,0,0,0,0,0,0,0,0,0,341.951199620962,0,0,0,0
203.707839131355,0,117.808156192303,0,1.96101766824722,0,0,0,0,0,0,0,0,0,131.723324865103,0,31.5707165002823,0,0,0,0,0,0,0,299.241056129336,0,162.971087098122,0,0,0,0,0,0,0,0,0,0,0,91.0380023419857,0,0,0,9.41915127635002,0,0,0,0.407680287957191,0,24.4552550017834,0,0.426661610603333,0,0,0,701.257080808282,0,0,0,0,0,108.16728502512,0,0,0,0,0,0,60.5494619160891,0,9.59234750270844,0,0,0,0,0,0,0,0,0,0,0,26.9611135721207,487.280729010701,0,210.745596811175,0,24.7591014206409
0,239.950448408723,0,22.6272818446159,0,141.8940346241,0,0,0,0,0,0,0,0,0,371.520921513438,0,2.09066542983055,0,0,0,0,0,217.142069503665,0,17.8693002462387,0,0,0,0,0,0,0,0,0,0,0,19.972319200635,0,0,0,220.173962295055,0,0,0,0,0,0,0,132.871190473437,0,0,0,0,0,212.601034551859,0,0,0,0,0,300.7573633641,0,0,0,0,14.3813796788454,0,0,0,0,0,0,0,0,0,0,0,0,0,4.62982152402401,0,652.974194779992,0,111.708064764738,2.33260974287987,0
0,0,0,0,0,0,7.66056001186371,0,0,0,0,0,9.39315551519394,0,0,0,0,0,0,0,647.163178116083,0,0,0,0,0,0,0,18.7156369686127,0,35.1247083842754,0,0,0,0,0,86.3776417151093,0,1897.43511676788,0,0,0,0,0,0,0,0,0,0,0,0,0,3.28644490242004,0,0,0,2401.90066376328,0,62.8443924188614,0,0,0,0,178.109663248062,0,0,0,0,0,0,0,12.8566631674767,0,48.8297101259232,0,0,0,0,0,67.8722737953067,0,444.795736163855,575.437459230423,0,5.55397567152977,0,0
0,0,0,1.90559995174408,0,0,0,16.3169067800045,0,0,0,0,0,679.204933807254,0,0,0,0,0,393.451738208532,0,0,0,0,0,0,0,238.938900560141,0,113.657200366259,0,0,0,0,0,0,0,509.65809661895,0,0,0,0,0,0,0,0,0,0,0,0,0,0,0,0,0,0,0,1926.41808123887,0,37.2795804142952,0,0,26.9006834477186,0,0,0,0,0,0,0,56.6645514667034,0,11.5779581665993,0,0,0,0,0,0,0,49.9003833830357,0,2038.7294074893,60.665402173996,18.4948483705521,0,0
0,0,0,0,0,0,0,0,0,0,9.39315551519394,0,0,0,12.0385315418243,0,0,0,0,0,0,0,0,0,0,0,0.481689840555191,0,190.659537911415,0,0,0,0,0,0,0,0,0,0,0,0,0,0,0,0,0,0,0,0,0,0,0,13.2113919258118,0,0,0,22.6096688508987,0,738.00359326601,0,4.03797532618046,0,0,0,0,0,0,0,0,2.34476861357689,0,41.9713003635406,0,0,0,0,0,0,0,0,0,0,237.676292955875,16.5037097930908,0,0,0
0,0,0,0,0,0,0,0,0,0,0,679.204933807254,0,0,0,25.3556671738625,0,0,0,0,0,0,0,0,0,14.6996042728424,0,193.476990193129,0,121.668141588569,0,0,0,0,0,0,0,0,0,0,0,0,0,0,0,0,0,0,0,0,0,0,0,0,0,0,0,3.63065283000469,0,616.076941013336,0,0,0,0,0,0,0,0,0,0,191.475687667727,0,0,0,0,0,0,0,0,0,0,0,684.369034200907,222.422138392925,0,0,0
0,0,0,0,0,0,0,0,131.723324865103,0,0,0,12.0385315418243,0,0,0,28.621679186821,0,0,0,0,0,0,0,0,0,14.7785796523094,0,0,0,0,0,0,0,0,0,0,0,0,0,0,0,0,0,0,0,0,0,0,0,0,0,0,0,1.53912895917892,0,0,0,18.2675601840019,0,42.0704807937145,0,0,0,0,0,0,0,0,59.2084763050079,0,55.1269698143005,0,0,0,0,0,0,0,0,0,0,8.91316270828247,0,0,0,0
0,0.781463742256165,0,0,0,27.2556426525116,0,0,0,371.520921513438,0,0,0,25.3556671738625,0,0,0,154.798034131527,0,0,0,0,0,65.0419291257858,0,104.106242120266,0,0,0,0,0,0,0,0,0,0,0,1.71847456693649,0,0,0,0,0,0,0,0,0,0,0,14.8643999099731,0,0,0,0,0,15.7151397019625,0,0,0,0.580615192651749,0,272.045733243227,0,0,0,0,2.48953661322594,0,48.7731345295906,0,0,0,0,0,0,0,0,0,0,0,1.4796035438776,0,301.412999272346,0,0,0,0
0,7.63471451401711,0,0,0,0,0,0,31.5707165002823,0,0,0,0,0,28.621679186821,0,0,10989.3434012681,2960.0406986177,1.21703107655048,0,0,0,0,0,0,114.555675566196,0,0,0,0,0,0,0,0,1.27167868614197,2.62546129524708,1.68014451861382,0,0,10.8900572955608,2.5435406267643,48.4083616584539,0,0,15.6471656560898,1.78164535015821,0,39.2910280972719,0,0,0,0,0,0,0,0,0,0,0,3.75988078117371,0,2.31291835010052,0,0,0,0,0,5.79605573415756,47.2504075169563,0,0,0,0,0,0,0,0,27.2801514491439,4.98739865422249,14.874491609633,3.3457704782486,3480.24619805813,0,21.4349659979343,10.8137265145779,10.5464093536139
1.64773863554001,1.19809699058533,0,0,0,0,0,0,0,2.09066542983055,0,0,0,0,0,154.798034131527,10989.3434012681,0,2891.05793699622,5.43653924763203,0,126.956876635551,0,47.5849772393703,0,513.431029975414,9.39141571521759,0.619786500930786,0,0,0,0,0,0,0,2.09874257445335,1.33292263746262,4.01100587844849,0,0,5.63983711600304,15.8504651039839,17.2244803011417,0,0.435836106538773,21.3189199566841,1.11319978535175,0,14.7982876896858,0,0,0,0,0,0,0,0,0,0,0,0,14.1362491250038,2.93110711872578,0,1,0,1.6670970916748,0,163.026542112231,2.71610331535339,0.860498130321503,0,0,0,0,0,0,0,17.7294423803687,3.44566240906715,18.2207721322775,0.180046692490578,4351.32618062198,1,22.8401774913073,9.19556993246078,7.45467013120651
70.6788255125284,68.6607663035393,0,0,0,0,0,0,0,0,0,0,0,0,0,0,2960.0406986177,2891.05793699622,0,71.4073230475187,0,0,0,0,0,0,7.03869119286537,0,0,0,0,0,0,0,0,28.238557882607,46.9670461863279,49.8632728755474,0,0.521522343158722,431.854044467211,376.569501772523,1720.39637391269,11.8978688120842,189.891643047333,1164.99929072708,143.841955542564,0,740.224580608308,0,0,0,0,0,0,0,0,0,0,0,0,0,99.5022061914206,0,0,0,0,0,0,0,0,0,0,0,0,0,0,0,609.303800158203,281.154945366085,359.741354748607,84.2604669183493,5018.24940995127,26.6615687310696,1319.43463813514,205.804213419557,258.753697440028
0,5.27701383084059,0,0.28641115128994,0,0,0,0,0,0,0,393.451738208532,0,0,0,0,1.21703107655048,5.43653924763203,71.4073230475187,0,0,0,0,0,0,0,0,0,0,0,0,0,0,0,0,1148.055495359,0,623.136082082987,0,0,0.302669264376163,69.3519104868174,2.53918015211821,2.0673388838768,0,401.845898855478,0.255823217332363,0,0.126532837748528,0,0,0,0,0,0,0,0,418.221735529602,0,0,0,0,2429.62709064782,0,0,0,0,0,0,0,0,0,27.6433241069317,0,0,0,0,0,176.587260231376,0,226.506890371442,0,1560.34750279039,0,568.63039637357,16.7621412724257,0.130545258522034
0,0,0,0,0,0,41.3422265052795,0,0,0,647.163178116083,0,0,0,0,0,0,0,0,0,0,0,0,0,0,0,0,0,0,0,0,0,0,0,0,0,882.458923384547,0,237.173828631639,0,0,0,0,0,0,0,73.3972361832857,0,0,0,0,0,0,0,0,0,2.16681289672852,0,0,0,0,0,0,2935.00209704041,0,0,0,0,0,0,0,0,0,0,0,0,0,0,0,167.236559465528,0,101.005370005965,306.749586760998,0,44.8265582323074,0,0
0,0,0,0,0,0,0,0,0,0,0,0,0,0,0,0,0,126.956876635551,0,0,0,0,259.451404601336,271.353619292378,0,88.5314674079418,0,170.071088537574,0,0,0,0,0,0,0,0,0,926.3012008816,5.76912832260132,0,0,0,0,0,0,0,0,0,0,21.3175903260708,0,0,0,0,0,0,0,0,0,0,0,0,0,0,6155.52700532973,62.6789940595627,182.080686420202,0,0,0,77.5631190687418,0,0,0,0,0,0,0,0,0,97.1946922540665,0,2639.03133170307,282.780490756035,0,0,0
0,0,0,0,0,0,0,0,0,0,0,0,0,0,0,0,0,0,0,0,0,259.451404601336,0,0,266.586750164628,0,115.410844802856,0,431.355985879898,0,0,0,0,0,0,0,0,8.14007723331451,683.584743589163,0,0,0,0,0,0,0,0,0,5.49693608283997,0,0,0,0,0,0,0,0,0,0,0,0,0,0,0,0,7474.35688608885,0,55.2704609036446,0,50.3518509864807,0,15.7819793224335,0,0,0,0,0,0,0,0,0,87.2807702422142,1981.56918525696,242.81490495801,0,0,0
0,33.6985794007778,0,0,0,0,0,0,0,217.142069503665,0,0,0,0,0,65.0419291257858,0,47.5849772393703,0,0,0,271.353619292378,0,0,0,179.977167218924,0,0,0,0,0,0,0,0,0,0,0,668.916623711586,0,0,0,15.2404358386993,0,0,0,0,0,3.88800978660583,0,73.8964395821095,0,0,0,0,0,179.169443458319,0,0,0,0,0,3.51041036844254,0,0,318.970732524991,0,982.667325511575,0,20.9700250923634,0,0,0,0,0,0,0,0,0,0,0,244.324432909489,0,527.068520501256,0,13.1764993518591,0,0
0,0,0,0,0,0,0,0,299.241056129336,0,0,0,0,0,0,0,0,0,0,0,0,0,266.586750164628,0,0,0,90.5414062738419,0,0,0,0,0,0,0,0,0,0,0,396.800276100636,0,0,0,0,0,0,0,0,0,0,0,0,0,0,0,130.790395900607,0,0,0,0,0,0,0,0,0,0,156.782439380884,0,808.495637014508,0,94.4663429260254,0,0,0,0,0,0,0,0,0,0,0,47.004057392478,414.751002281904,0,0,0,0
0,2.50676402449608,0,0,0,0,0,0,0,17.8693002462387,0,0,0,14.6996042728424,0,104.106242120266,0,513.431029975414,0,0,0,88.5314674079418,0,179.977167218924,0,0,0,64.0441099703312,0,0,0,0,0,0,0,0,0,3.25841909646988,0,0,0,0,0,0,0,0,0,0,0,13.6208426952362,0,0,0,0,0,0,0,0,0,0,0,23.0396056473255,0,0,69.626039981842,0,36.2247917950153,0,554.165149569511,0,131.025324165821,0,0,0,0,0,0,0,0,0,2.307303160429,0,304.676216870546,0,0,0,0
0,0,0,0,0,0,0,0,162.971087098122,0,0,0,0.481689840555191,0,14.7785796523094,0,114.555675566196,9.39141571521759,7.03869119286537,0,0,0,115.410844802856,0,90.5414062738419,0,0,0,0,0,0,0,0,0,0,0,0,0,0,0,0,0,0,0,0,0,0,0,0,0,0,0,0,0,0,0,0,0,0,0,0,0,0,0,0,73.3957181572914,0,4.90647828578949,0,654.924031406641,0,37.7888344526291,0,0,0,0,0,0,0,0,0,0,242.917783021927,0,0,0,0
0,0,0,0,0,0,0,0,0,0,0,238.938900560141,0,193.476990193129,0,0,0,0.619786500930786,0,0,0,170.071088537574,0,0,0,64.0441099703312,0,0,0,381.088003881276,0,0,0,0,0,0,0,80.4669022262096,0,0,0,0,0,0,0,0,0,0,0,0,0,0,0,0,0,0,0,1.6915647983551,0,146.786663740873,0,0,0,0,5.39148959517479,0,0,0,15.8592419624329,0,2682.36548618972,0,17.7465238273144,0,0,0,0,0,0,0,18.8405397236347,0,1229.82454568893,985.557073011994,0,0,0
0,0,0,0,0,0,0,0,0,0,18.7156369686127,0,190.659537911415,0,0,0,0,0,0,0,0,0,431.355985879898,0,0,0,0,0,0,0,390.300435617566,0,0,0,0,0,0,0,105.182321995497,0,0,0,0,0,0,0,0,0,0,0,0,0,0,0,0,0,0,0,106.696486592293,0,0,0,0,0,0,196.089750647545,0,0,0,10.5548759996891,0,1462.87700892985,0,1.39901885390282,0,0,0,0,0,0,0,35.94771720469,36.9661016464233,21.4071350097656,0,0,0
0,0,0,0,0,0,0,0,0,0,0,113.657200366259,0,121.668141588569,0,0,0,0,0,0,0,0,0,0,0,0,0,381.088003881276,0,0,0,0,0,0,0,0,0,303.112233787775,0,0,0,0,0,0,0,0,0,0,0,0,0,0,0,0,0,0,0,26.8928121328354,0,0.589344620704651,0,0,0,0,0,0,0,0,0,0,26.2280247956514,0,1460.82490450144,0,0,0,0,0,0,0,134.872005701065,0,901.840286061168,1138.15525351465,3.10575222969055,0,0
0,0,0,0,0,0,0,0,0,0,35.1247083842754,0,0,0,0,0,0,0,0,0,0,0,0,0,0,0,0,0,390.300435617566,0,0,0,0,0,0,0,0,0,472.263956338167,0,0,0,0,0,0,0,0,0,0,0,0,0,0,0,0,0,45.2895215004683,0,0,0,0,0,0,0,0,0,0,0,0,0,0,177.030882850289,0,982.833934366703,0,0,0,0,0,0,0,21.4469422250986,5.5931898355484,0,0,0,0
0,0,0,0,0,0,0,0,0,0,0,0,0,0,0,0,0,0,0,0,0,0,0,0,0,0,0,0,0,0,0,0,231.429447293282,12.7734187841415,2.45353555679321,155.272244870663,0,0,0,0,0,0,0,0,0,0,0,194.975193887949,0,1.24792182445526,0,0,0,0,0,0,0,0,0,0,0,0,0,0,0,0,0,0,0,0,0,0,0,0,455.717914536595,50.1559164524078,0,0,80.7924790978432,0,0,0,206.402297854424,0,0,0,0
0,0,0,0,0,0,0,0,0,0,0,0,0,0,0,0,0,0,0,0,0,0,0,0,0,0,0,0,0,0,0,231.429447293282,0,8.08176243305206,216.991973057389,143.815128445625,245.847765564919,0,0,0,0,0,0,0,0,0,0,54.3056330531836,0,0,0,0,0,0,0,0,0,0,0,0,0,0,0,0,0,0,0,0,0,0,0,0,0,0,52.1303374767303,496.371434912086,0,10.9125891625881,4.02711236476898,3.73541629314423,0,0,732.017166927457,0,0,0,0
0,0,0,0,0,0,0,0,0,0,0,0,0,0,0,0,0,0,0,0,0,0,0,0,0,0,0,0,0,0,0,12.7734187841415,8.08176243305206,0,835.783526420593,440.228421792388,0,196.017883181572,15.7993069291115,0,0,0,0,0,0,0,0,445.250765830278,0,8.79792460799217,0,0,0,0,0,0,0,0,0,0,0,0,0,0,0,0,0,0,0,0,0,0,0,0,2,2.49724769592285,1845.21287083626,68.5168641805649,190.317086309195,0,479.085530936718,4.01650375127792,301.186141312122,0,0,0,0
0,0,0,0,0,0,0,0,0,0,0,0,0,0,0,0,0,0,0,0,0,0,0,0,0,0,0,0,0,0,0,2.45353555679321,216.991973057389,835.783526420593,0,0,673.479996740818,7.40589332580566,132.902202263474,0,0,0,0,0,0,0,0,1325.18306089938,0,39.9377176463604,0,0,0,0,0,0,0,0,0,0,0,0,0,0,0,0,0,0,0,0,0,0,0,0,0,24.9148212373257,138.954246044159,1356.47870729864,0,32.1084405779839,0,321.997213065624,1256.08759367466,24.9578446745872,0,0,0
0,5.48624448478222,0,0.489364169538021,0,3.94913321733475,0,0,0,0,0,0,0,0,0,0,1.27167868614197,2.09874257445335,28.238557882607,1148.055495359,0,0,0,0,0,0,0,0,0,0,0,155.272244870663,143.815128445625,440.228421792388,0,0,599.542181923985,2523.63571421057,66.8816784024239,77.4798290431499,0.139257416129112,25.6599811166525,2.03642649948597,0.686021059751511,0,129.96405556798,0.125368729233742,6.87068851292133,0,71.9582761228085,0,0,0,0,0,0,0,0.0918227881193161,0,0,0,0,466.718512680382,0,0,0,0,0,0,0,0,0,0,0,53.340770483017,0,82.0035327523947,0,17953.4366969988,15.4324238300323,818.507693260908,0,6655.34509381652,16.3051800727844,97.3841017670929,0.595188707113266,0.395377218723297
0,0,22.5884205102921,0,10.0106186568737,0,0,0,0,0,86.3776417151093,0,0,0,0,0,2.62546129524708,1.33292263746262,46.9670461863279,0,882.458923384547,0,0,0,0,0,0,0,0,0,0,0,245.847765564919,0,673.479996740818,599.542181923985,0,14.6088124066591,3672.28278812766,130.487931162119,4.23843392729759,0.2159783244133,65.3856754302979,0,12.4577032327652,0,85.0522880256176,154.160398006439,4.45672598481178,26.5103392601013,17.7778171300888,0,0,0,0,0,45.8705982193351,0,0,0,0,0,0,658.052932314575,0,0,0,0,0,0,0,0,0,0.152660310268402,0,27.0932426452637,0,183.519300818443,97.6087913811207,26584.5992564857,0,890.438086479902,5277.08251529187,7.2865936756134,379.146619260311,0.20404389500618,4.17023840546608
0,21.3927821964025,0,1.04458647966385,0,0,0,0,0,19.972319200635,0,509.65809661895,0,0,0,1.71847456693649,1.68014451861382,4.01100587844849,49.8632728755474,623.136082082987,0,926.3012008816,8.14007723331451,668.916623711586,0,3.25841909646988,0,80.4669022262096,0,303.112233787775,0,0,0,196.017883181572,7.40589332580566,2523.63571421057,14.6088124066591,0,206.562026634812,0,0,188.089260220528,0.64246129989624,1.80973935127258,0,55.7601404488087,0,90.6789817810059,0,175.822422832251,0,0,0,0,0,16.3769657611847,0,94.8242173790932,0,0,0,0,503.063400179148,0,220.973518937826,0,171.706602141261,0,0,0,43.5870924293995,0,24.9089740663767,0,0,0,354.744255959988,0,371.44193597883,0,21649.5517572984,12.3612695336342,4577.3848419562,109.10466966033,617.844533484429,54.667210996151,0
0.407527089118958,0,0,0,0,0,0,0,91.0380023419857,0,1897.43511676788,0,0,0,0,0,0,0,0,0,237.173828631639,5.76912832260132,683.584743589163,0,396.800276100636,0,0,0,105.182321995497,0,472.263956338167,0,0,15.7993069291115,132.902202263474,66.8816784024239,3672.28278812766,206.562026634812,0,0,0,0,3.30958735942841,0,0,0,27.4623034000397,181.420306041837,1.83217018842697,0,0,0,0,0,89.3825710713863,0,684.986216247082,0,0,0,0,0,0,210.908831954002,0,688.119352936745,0,191.195866212249,0,0,0,147.328016996384,0,456.928784683347,0,0,3.54177379608154,55.6405844390392,5.8313273191452,1306.71807548404,13.5161504745483,18416.2836819962,4333.67544201016,109.774093329906,326.88877312839,0,2.06034624576569
0,0,0,0,0,0,0,0,0,0,0,0,0,0,0,0,0,0,0.521522343158722,0,0,0,0,0,0,0,0,0,0,0,0,0,0,0,0,77.4798290431499,130.487931162119,0,0,0,0,33.3945585638285,0,0,0,31.3358229473233,0,34.1707605421543,0,231.090204596519,0,0,0,0,0,0,0,0,0,0,0,0,44.166599676013,0,0,0,0,0,0,0,0,0,0,0,0,0,0,0,1791.4679274559,60.527975320816,3.09791371226311,0,12.0161172896624,0,325.305619001389,2.41670040786266,0
8.29245978593826,0,0,0,0,0,0,0,0,0,0,0,0,0,0,0,10.8900572955608,5.63983711600304,431.854044467211,0.302669264376163,0,0,0,0,0,0,0,0,0,0,0,0,0,0,0,0.139257416129112,4.23843392729759,0,0,0,0,12.1437687575817,1814.23818711936,0,24.765496134758,8.25210124254227,1388.09767334163,0.305379986763,1166.66278010607,0,0,0,0,0,0,0,1.26984832435846,0,0,0,0,0,0.142838820815086,104.672919653356,0,0,0,0,0,0,0,0,0,8.51269926130772,0,0,0,0,2.03135317564011,262.055498540401,0.175762832164764,16.2962135672569,130.738606318831,0,1596.3449838832,2.70121768116951,35.3785834908485
0,118.023959860206,0,0.404081970453262,0,0,0,0,0,220.173962295055,0,0,0,0,0,0,2.5435406267643,15.8504651039839,376.569501772523,69.3519104868174,0,0,0,15.2404358386993,0,0,0,0,0,0,0,0,0,0,0,25.6599811166525,0.2159783244133,188.089260220528,0,33.3945585638285,12.1437687575817,0,82.7956962287426,6.67320203781128,0.270658075809479,803.188967987895,2.06258809566498,1.12268173694611,5.47998110949993,366.929973527789,0,0,0,0,0,0,0,1.01083648204803,0,0,0,0,250.003853060305,0,0,0,5.71212875843048,0,0,0,0,0,0,0,0,0,0,0,974.183412827551,3.73577210307121,301.095217384398,1.07421314716339,1224.84080053866,0,3759.38861968368,1026.3114297241,1.38790458440781
16.8440713435411,0.575684666633606,40.7442599385977,0,0.482799917459488,0,0,0,9.41915127635002,0,0,0,0,0,0,0,48.4083616584539,17.2244803011417,1720.39637391269,2.53918015211821,0,0,0,0,0,0,0,0,0,0,0,0,0,0,0,2.03642649948597,65.3856754302979,0.64246129989624,3.30958735942841,0,1814.23818711936,82.7956962287426,0,1.55876350402832,114.922768488526,23.3986400067806,185.282457217574,0,2450.62334240973,0,0,0,0,0,0,0,0,0,0,0,0,0,8.96905144304037,0.390270173549652,0,0,0,0,0,0,0,0,0,1.42847657203674,0,0,0,0,28.952165812254,409.214460536838,4.32865583896637,102.381822824478,1838.8566756621,0,3603.34264788032,3.51345162093639,2467.53485372663
0,0,0,0,0,0,0,0,0,0,0,0,0,0,0,0,0,0,11.8978688120842,2.0673388838768,0,0,0,0,0,0,0,0,0,0,0,0,0,0,0,0.686021059751511,0,1.80973935127258,0,0,0,6.67320203781128,1.55876350402832,0,0,5.41923324763775,0.160611987113953,0,0,0,0,0,0,0,0,0,0,0,0,0,0,0,0.198863461613655,0,0,0,0,0,0,0,0,0,0,0,0,0,0,0,15.5263727754354,0,14.8860255181789,0,16.7868256866932,0,27.9042037129402,2.94787274301052,0
11.7090044617653,0,0,0,0,0,0,0,0,0,0,0,0,0,0,0,0,0.435836106538773,189.891643047333,0,0,0,0,0,0,0,0,0,0,0,0,0,0,0,0,0,12.4577032327652,0,0,0,24.765496134758,0.270658075809479,114.922768488526,0,0,0,6.80610355734825,0,112.401631698012,0,0,0,0,0,0,0,0,0,0,0,0,0,0,0,0,0,0,0,0,0,0,0,0,0,0,0,0,0,0,129.85640604049,0,27.1809666156769,36.768338561058,0,63.4553901404142,0,19.440073132515
0,175.783770799637,0,15.3428895920515,0,0,0,0,0,0,0,0,0,0,0,0,15.6471656560898,21.3189199566841,1164.99929072708,401.845898855478,0,0,0,0,0,0,0,0,0,0,0,0,0,0,0,129.96405556798,0,55.7601404488087,0,31.3358229473233,8.25210124254227,803.188967987895,23.3986400067806,5.41923324763775,0,0,4.91356710344553,0,7.5195183083415,0.648090541362762,0,0,0,0,0,0,0,0,0,0,0,0,1100.35676009953,0,0,0,0,0,0,0,0,0,0,0,0,0,0,0,578.558368120342,0.406845733523369,191.527435541153,0.302111655473709,617.938245780766,1.08830177783966,1307.16628611088,21.5600834488869,0.877080164849758
0,0,7.99780294299126,0,1.9969512373209,0,0,0,0.407680287957191,0,0,0,0,0,0,0,1.78164535015821,1.11319978535175,143.841955542564,0.255823217332363,73.3972361832857,0,0,0,0,0,0,0,0,0,0,0,0,0,0,0.125368729233742,85.0522880256176,0,27.4623034000397,0,1388.09767334163,2.06258809566498,185.282457217574,0.160611987113953,6.80610355734825,4.91356710344553,0,0,357.671680517495,0,0.479496657848358,0,0,0,0,0,8.78557663410902,0,0,0,0,0,0.715981341898441,500.501245729625,0,0,0,0,0,0,0,0,0,56.8838912919164,0,0,0,0,4.34633546322584,1814.50404079258,0.885850876569748,375.633094236255,103.065192610025,0,2256.44328082353,0,26.9815962463617
0,0,0,0,0,0,0,0,0,0,0,0,0,0,0,0,0,0,0,0,0,0,0,3.88800978660583,0,0,0,0,0,0,0,194.975193887949,54.3056330531836,445.250765830278,1325.18306089938,6.87068851292133,154.160398006439,90.6789817810059,181.420306041837,34.1707605421543,0.305379986763,1.12268173694611,0,0,0,0,0,0,39.271480768919,2221.48010846972,0,0,0,0,0,0,0,0,0,0,0,0,0,0,0,0,0.556783378124237,0,0,0,0,0,0,0,96.4124085307121,31.1983237564564,52.8785244971514,232.834064424038,145.024558663368,344.905793696642,380.059543550014,379.869538828731,1287.21125295758,0,9.18083202838898,0,0
290.471071615815,0,147.614634364843,0,0.348943501710892,0,0,0,24.4552550017834,0,0,0,0,0,0,0,39.2910280972719,14.7982876896858,740.224580608308,0.126532837748528,0,0,5.49693608283997,0,0,0,0,0,0,0,0,0,0,0,0,0,4.45672598481178,0,1.83217018842697,0,1166.66278010607,5.47998110949993,2450.62334240973,0,112.401631698012,7.5195183083415,357.671680517495,39.271480768919,0,0,0,0,0,0,82.3051195442677,0,29.7270700111985,0,50.5924818813801,0,61.8609176874161,0,0,3.93839272856712,0,29.5715063512325,0,0.909529715776443,0,0,0,0,0,1.77043521404266,0,0,0,0,0.90665003657341,136.241860762239,0,38.0832528471947,287.12209161371,0,1335.72116388381,1.88404916226864,395.872595667839
0,815.126137763262,0,423.640471428633,0,2.4618935585022,0,0,0,132.871190473437,0,0,0,0,0,14.8643999099731,0,0,0,0,0,21.3175903260708,0,73.8964395821095,0,13.6208426952362,0,0,0,0,0,1.24792182445526,0,8.79792460799217,39.9377176463604,71.9582761228085,26.5103392601013,175.822422832251,0,231.090204596519,0,366.929973527789,0,0,0,0.648090541362762,0,2221.48010846972,0,0,0,0,0,0,0,16.7384592145681,0,0.241357892751694,0,0,0,46.8288623094559,0,0,64.3535741269588,0,41.8681530207396,0,111.685119062662,0,81.4154515564442,0,0.908694267272949,0,15.8012991249561,0,2.93917495012283,2.57586354017258,528.134536616504,0,238.039034090936,0,385.257938846946,0,1274.83442142606,3.44097721576691,0
0,0,55.6056016683578,0,339.491254091263,0,245.130521059036,0,0.426661610603333,0,0,0,0,0,0,0,0,0,0,0,0,0,0,0,0,0,0,0,0,0,0,0,0,0,0,0,17.7778171300888,0,0,0,0,0,0,0,0,0,0.479496657848358,0,0,0,0,0,65.8199827075005,0,12.6570043563843,0,0,0,0,0,0,0,0,0,0,0,0,0,0,0,0,0,0,0,0,0,0,0,0,0.310623794794083,0,0,126.950657874346,0,124.154707282782,0,0
0,0,0,0,0,198.644559055567,0,0,0,0,0,0,0,0,0,0,0,0,0,0,0,0,0,0,0,0,0,0,0,0,0,0,0,0,0,0,0,0,0,0,0,0,0,0,0,0,0,0,0,0,0,0,0,0,0,0,0,0,0,0,0,29.2764553725719,0,0,0,0,0,0,0,0,0,0,0,0,0,0,0,0,0,0,0,0,0,0,0,0,0
0,0,0,0,2.26656270027161,0,509.729843497276,0,0,0,3.28644490242004,0,13.2113919258118,0,0,0,0,0,0,0,0,0,0,0,0,0,0,0,0,0,0,0,0,0,0,0,0,0,0,0,0,0,0,0,0,0,0,0,0,0,65.8199827075005,0,0,0,0,0,5.22186018526554,0,213.022213578224,0,0,0,0,0,0,0,0,0,0,0,0,0,0,0,0,0,0,0,0,0,0,0,168.650756597519,0,0,0,0
0,0,0,0,0,0,0,94.2302069664001,0,0,0,0,0,0,0,0,0,0,0,0,0,0,0,0,0,0,0,0,0,0,0,0,0,0,0,0,0,0,0,0,0,0,0,0,0,0,0,0,0,0,0,0,0,0,0,0,0,0,0,7.90521371364594,0,0,0,0,0,0,0,0,0,0,0,0,0,0,0,0,0,0,0,0,0,0,80.9232211112976,0,0,0,0
153.579160153866,0,120.974152177572,0,6.06717079877853,0,0,0,701.257080808282,0,0,0,0,0,1.53912895917892,0,0,0,0,0,0,0,0,0,130.790395900607,0,0,0,0,0,0,0,0,0,0,0,0,0,89.3825710713863,0,0,0,0,0,0,0,0,0,82.3051195442677,0,12.6570043563843,0,0,0,0,0,0,0,0,0,113.048251569271,0,0,0,0,0,0,171.486700370908,0,0,0,0,0,0.224239692091942,0,0,0,0,0,0,0,131.572272911668,10.7685354501009,0,19.6204086095095,0,0
0,46.1801080256701,0,0,0,0,0,0,0,212.601034551859,0,0,0,0,0,15.7151397019625,0,0,0,0,0,0,0,179.169443458319,0,0,0,0,0,0,0,0,0,0,0,0,0,16.3769657611847,0,0,0,0,0,0,0,0,0,0,0,16.7384592145681,0,0,0,0,0,0,0,0,0,0,0,64.1975684016943,0,0,0,0,206.295182928443,0,1.51873299479485,0,0,0,0,0,0,0,0,0,0,0,17.9656653702259,0,50.8393984138966,0,16.2707563638687,0,0
0,0,17.6155900359154,0,0,0,28.3553472608328,0,0,0,2401.90066376328,0,22.6096688508987,0,0,0,0,0,0,0,2.16681289672852,0,0,0,0,0,0,0,0,0,45.2895215004683,0,0,0,0,0,45.8705982193351,0,684.986216247082,0,1.26984832435846,0,0,0,0,0,8.78557663410902,0,29.7270700111985,0,0,0,5.22186018526554,0,0,0,0,0,4.34027171134949,0,1.00868131220341,0,0,54.4356995895505,0,0,0,0,0,0,0,1.0529590845108,0,178.807201519608,0,0,0,0,0,6.57757095247507,0,18.0197208821774,67.2609845101833,0,235.366019666195,0,0
0,0,0,3.01584482192993,0,0,0,59.7346397638321,0,0,0,1926.41808123887,0,3.63065283000469,0,0,0,0,0,418.221735529602,0,0,0,0,0,0,0,1.6915647983551,0,26.8928121328354,0,0,0,0,0,0.0918227881193161,0,94.8242173790932,0,0,0,1.01083648204803,0,0,0,0,0,0,0,0.241357892751694,0,0,0,0,0,0,0,0,0,114.420766413212,0,37.1818916201591,73.9168369695544,0,0,0,0,0,0,0,0,0,249.781914532185,0,0,0,0,0,0,0,2.83643493056297,0,250.698824614286,0,412.719541668892,0,0
0,0,0,0,0,0,112.47142970562,0,0,0,62.8443924188614,0,738.00359326601,0,18.2675601840019,0,0,0,0,0,0,0,0,0,0,0,0,0,106.696486592293,0,0,0,0,0,0,0,0,0,0,0,0,0,0,0,0,0,0,0,50.5924818813801,0,0,0,213.022213578224,0,0,0,4.34027171134949,0,0,0,194.422081887722,0,0,0,0,0,0,0,0,0,0,64.2091867029667,0,0,0,0,0,0,0,0,0,0,108.800753116608,0,0,0,0
0,0,0,0,0,0,0,59.9228368997574,0,0,0,37.2795804142952,0,616.076941013336,0,0.580615192651749,0,0,0,0,0,0,0,0,0,0,0,146.786663740873,0,0.589344620704651,0,0,0,0,0,0,0,0,0,0,0,0,0,0,0,0,0,0,0,0,0,0,0,7.90521371364594,0,0,0,114.420766413212,0,0,0,2.54557847976685,0.828337848186493,0,0,0,0,0,0,0,231.882384002209,0,0,0,0,0,0,0,0,0,0,0,51.1370966434479,17.5743455886841,3.88729801774025,0,0
13.3098951280117,0,0,0,0,0,0,0,108.16728502512,0,0,0,4.03797532618046,0,42.0704807937145,0,3.75988078117371,0,0,0,0,0,0,0,0,0,0,0,0,0,0,0,0,0,0,0,0,0,0,0,0,0,0,0,0,0,0,0,61.8609176874161,0,0,0,0,0,113.048251569271,0,1.00868131220341,0,194.422081887722,0,0,0,0,0,0,0,0,0,0,18.1588196754456,0,10.3556463718414,0,0,0,0,0,0,0,0,0,0,13.2782089710236,0,0,0,0
0,4.39862537384033,0,0,0,35.232650578022,0,0,0,300.7573633641,0,0,0,0,0,272.045733243227,0,14.1362491250038,0,0,0,0,0,3.51041036844254,0,23.0396056473255,0,0,0,0,0,0,0,0,0,0,0,0,0,0,0,0,0,0,0,0,0,0,0,46.8288623094559,0,29.2764553725719,0,0,0,64.1975684016943,0,37.1818916201591,0,2.54557847976685,0,0,1.19977784156799,0,0,0,9.08993270993233,0,55.3521504104137,0,0,0,0,0,0,0,0,0,0,0,0,0,67.7305384278297,0,4.45614123344421,0,0
0,7.48428937792778,0,7.43513043224812,0,0,0,0,0,0,0,26.9006834477186,0,0,0,0,2.31291835010052,2.93110711872578,99.5022061914206,2429.62709064782,0,0,0,0,0,0,0,0,0,0,0,0,0,0,0,466.718512680382,0,503.063400179148,0,44.166599676013,0.142838820815086,250.003853060305,8.96905144304037,0.198863461613655,0,1100.35676009953,0.715981341898441,0,0,0,0,0,0,0,0,0,0,73.9168369695544,0,0.828337848186493,0,1.19977784156799,0,0,0,0,0,0,0,0,0,0,6.79892256855965,0,0,0,0,0,422.398219216615,0,191.379233933985,0,159.934357389808,0,994.041836701334,22.9242171645164,0.851848423480988
0,0,0,0,1.9800838381052,0,0,0,0,0,178.109663248062,0,0,0,0,0,0,0,0,0,2935.00209704041,0,0,0,0,0,0,0,0,0,0,0,0,0,0,0,658.052932314575,0,210.908831954002,0,104.672919653356,0,0.390270173549652,0,0,0,500.501245729625,0,3.93839272856712,0,0,0,0,0,0,0,54.4356995895505,0,0,0,0,0,0,0,0,0,0,0,0,0,0,0,0,39.5253393575549,0,0,0,0,0,691.176660142839,0,78.3510510548949,342.86695560813,0,453.862334884703,0,0
0,0,0,0,0,0,0,0,0,0,0,0,0,0,0,0,0,1,0,0,0,6155.52700532973,0,318.970732524991,0,69.626039981842,0,5.39148959517479,0,0,0,0,0,0,0,0,0,220.973518937826,0,0,0,0,0,0,0,0,0,0,0,64.3535741269588,0,0,0,0,0,0,0,0,0,0,0,0,0,0,0,0,261.634635135531,0,25.8183557987213,0,19.4183248281479,0,0,0,0,0,0,0,0,0,150.922782361507,0,220.77010217309,28.4822101593018,0,0,0
0,0,0,0,0,0,0,0,0,0,0,0,0,0,0,0,0,0,0,0,0,62.6789940595627,7474.35688608885,0,156.782439380884,0,73.3957181572914,0,196.089750647545,0,0,0,0,0,0,0,0,0,688.119352936745,0,0,0,0,0,0,0,0,0,29.5715063512325,0,0,0,0,0,0,0,0,0,0,0,0,0,0,0,0,0,0,32.7143363058567,0,0,0,11.04270195961,0,0,0,0,0,0,0,0,0,115.468920379877,453.061546683311,31.5503486394882,0,0,0
0,48.0977600365877,0,0,0,0,0,0,0,14.3813796788454,0,0,0,0,0,2.48953661322594,0,1.6670970916748,0,0,0,182.080686420202,0,982.667325511575,0,36.2247917950153,0,0,0,0,0,0,0,0,0,0,0,171.706602141261,0,0,0,5.71212875843048,0,0,0,0,0,0.556783378124237,0,41.8681530207396,0,0,0,0,0,206.295182928443,0,0,0,0,0,9.08993270993233,0,0,261.634635135531,0,0,0,26.3234295248985,0,0,0,0,0,0,0,0,0,0,0,250.602824807167,0,75.8243811577559,0,130.28991907835,0,0
2.39991891384125,0,0,0,0,0,0,0,60.5494619160891,0,0,0,0,0,0,0,0,0,0,0,0,0,55.2704609036446,0,808.495637014508,0,4.90647828578949,0,0,0,0,0,0,0,0,0,0,0,191.195866212249,0,0,0,0,0,0,0,0,0,0.909529715776443,0,0,0,0,0,171.486700370908,0,0,0,0,0,0,0,0,0,0,32.7143363058567,0,0,0,0,0,0,0,0,0,0,0,0,0,0,0,80.4529654532671,57.4844231307507,0,13.6874154210091,0,0
0,6.7937825024128,0,0,0,0,0,0,0,0,0,0,0,0,0,48.7731345295906,5.79605573415756,163.026542112231,0,0,0,0,0,20.9700250923634,0,554.165149569511,0,15.8592419624329,0,0,0,0,0,0,0,0,0,0,0,0,0,0,0,0,0,0,0,0,0,111.685119062662,0,0,0,0,0,1.51873299479485,0,0,0,0,0,55.3521504104137,0,0,25.8183557987213,0,26.3234295248985,0,0,0,87.9044285416603,0,0,0,0,0,0,0,0,0,0,0,78.5949536561966,0,0,0,0
0,0,0,0,0,0,0,0,9.59234750270844,0,0,0,2.34476861357689,0,59.2084763050079,0,47.2504075169563,2.71610331535339,0,0,0,0,50.3518509864807,0,94.4663429260254,0,654.924031406641,0,10.5548759996891,0,0,0,0,0,0,0,0,0,0,0,0,0,0,0,0,0,0,0,0,0,0,0,0,0,0,0,0,0,0,0,18.1588196754456,0,0,0,0,0,0,0,0,0,0,117.236318737268,0,0,0,0,0,0,0,0,0,0,237.918167024851,0,0,0,0
0,0,0,0,0,0,0,0,0,0,0,56.6645514667034,0,191.475687667727,0,0,0,0.860498130321503,0,0,0,77.5631190687418,0,0,0,131.025324165821,0,2682.36548618972,0,26.2280247956514,0,0,0,0,0,0,0,43.5870924293995,0,0,0,0,0,0,0,0,0,0,0,81.4154515564442,0,0,0,0,0,0,0,0,0,231.882384002209,0,0,0,0,19.4183248281479,0,0,0,87.9044285416603,0,0,0,1.10516092181206,0,0,0,0,0,0,0,13.2112962007523,0,304.629343524575,72.0238947868347,0,0,0
0,0,0,0,0,0,0,0,0,0,12.8566631674767,0,41.9713003635406,0,55.1269698143005,0,0,0,0,0,0,0,15.7819793224335,0,0,0,37.7888344526291,0,1462.87700892985,0,177.030882850289,0,0,0,0,0,0,0,147.328016996384,0,0,0,0,0,0,0,0,0,0,0,0,0,0,0,0,0,1.0529590845108,0,64.2091867029667,0,10.3556463718414,0,0,0,0,11.04270195961,0,0,0,117.236318737268,0,0,0,2.5299751162529,0,0,0,0,0,0,0,517.057398945093,27.2487287819386,0,0,0,0
0,0,0,0,0,0,0,0,0,0,0,11.5779581665993,0,0,0,0,0,0,0,27.6433241069317,0,0,0,0,0,0,0,17.7465238273144,0,1460.82490450144,0,0,0,0,0,0,0,24.9089740663767,0,0,0,0,0,0,0,0,0,0,0,0.908694267272949,0,0,0,0,0,0,0,249.781914532185,0,0,0,0,6.79892256855965,0,0,0,0,0,0,0,1.10516092181206,0,0,0,0,0,0,0,0,0,13.8629723191261,0,104.131880491972,206.568851411343,95.2842551469803,0,0
0,0,0,0,0.71981805562973,0,0,0,0,0,48.8297101259232,0,0,0,0,0,0,0,0,0,0,0,0,0,0,0,0,0,1.39901885390282,0,982.833934366703,0,0,0,0,0,0.152660310268402,0,456.928784683347,0,8.51269926130772,0,1.42847657203674,0,0,0,56.8838912919164,0,1.77043521404266,0,0,0,0,0,0.224239692091942,0,178.807201519608,0,0,0,0,0,0,39.5253393575549,0,0,0,0,0,0,0,2.5299751162529,0,0,0,0,0,0,0,8.24056981503963,0,123.265180528164,31.6513622105122,0,501.289363101125,0,0
0,0,0,0,0,0,0,0,0,0,0,0,0,0,0,0,0,0,0,0,0,0,0,0,0,0,0,0,0,0,0,455.717914536595,52.1303374767303,2,0,53.340770483017,0,0,0,0,0,0,0,0,0,0,0,96.4124085307121,0,15.8012991249561,0,0,0,0,0,0,0,0,0,0,0,0,0,0,0,0,0,0,0,0,0,0,0,0,0,0,44.5281480550766,0,40.7516993284225,0,0,0,7.0425066947937,0,0,0,0
0,0,0,0,0,0,0,0,0,0,0,0,0,0,0,0,0,0,0,0,0,0,0,0,0,0,0,0,0,0,0,50.1559164524078,496.371434912086,2.49724769592285,24.9148212373257,0,27.0932426452637,0,0,0,0,0,0,0,0,0,0,31.1983237564564,0,0,0,0,0,0,0,0,0,0,0,0,0,0,0,0,0,0,0,0,0,0,0,0,0,0,0,0,0,30.9283853173256,0,0,0,0,153.492828190327,0,0,0,0
0,0,0,0,0,0,0,0,0,0,0,0,0,0,0,0,0,0,0,0,0,0,0,0,0,0,0,0,0,0,0,0,0,1845.21287083626,138.954246044159,82.0035327523947,0,354.744255959988,3.54177379608154,0,0,0,0,0,0,0,0,52.8785244971514,0,2.93917495012283,0,0,0,0,0,0,0,0,0,0,0,0,0,0,0,0,0,0,0,0,0,0,0,0,44.5281480550766,0,0,0,96.4477048963308,0,534.734552517533,0,146.616066336632,0,0,0,0
0,0,0,0,0,0,0,0,0,0,0,0,0,0,0,0,0,0,0,0,0,0,0,0,0,0,0,0,0,0,0,0,10.9125891625881,68.5168641805649,1356.47870729864,0,183.519300818443,0,55.6405844390392,0,0,0,0,0,0,0,0,232.834064424038,0,2.57586354017258,0,0,0,0,0,0,0,0,0,0,0,0,0,0,0,0,0,0,0,0,0,0,0,0,0,30.9283853173256,0,0,0,0,0,345.687304913998,480.880860567093,0,0,0,0
0,134.686390869319,0,16.2071421667933,0,0,0,0,0,0,0,0,0,0,0,0,27.2801514491439,17.7294423803687,609.303800158203,176.587260231376,0,0,0,0,0,0,0,0,0,0,0,80.7924790978432,4.02711236476898,190.317086309195,0,17953.4366969988,97.6087913811207,371.44193597883,5.8313273191452,1791.4679274559,2.03135317564011,974.183412827551,28.952165812254,15.5263727754354,0,578.558368120342,4.34633546322584,145.024558663368,0.90665003657341,528.134536616504,0,0,0,0,0,0,0,0,0,0,0,0,422.398219216615,0,0,0,0,0,0,0,0,0,0,0,40.7516993284225,0,96.4477048963308,0,0,0.202519610524178,885.535064160824,0,1839.53756668419,28.5074300765991,985.999512154609,127.132254347205,3.23036020994186
8.05430097877979,0,0.917614907026291,0,0,0,0,0,0,0,67.8722737953067,0,0,0,0,0,4.98739865422249,3.44566240906715,281.154945366085,0,167.236559465528,0,0,0,0,0,0,0,0,0,0,0,3.73541629314423,0,32.1084405779839,15.4324238300323,26584.5992564857,0,1306.71807548404,60.527975320816,262.055498540401,3.73577210307121,409.214460536838,0,129.85640604049,0.406845733523369,1814.50404079258,344.905793696642,136.241860762239,0,0.310623794794083,0,0,0,0,0,6.57757095247507,0,0,0,0,0,0,691.176660142839,0,0,0,0,0,0,0,0,0,8.24056981503963,0,0,0,0,0.202519610524178,0,0,1792.8782825619,1245.42324839532,0,812.975433304906,1.34678663313389,33.2564983516932
0,17.0517448186874,0,4.3150697350502,0,0,0,0,0,4.62982152402401,0,49.9003833830357,0,0,0,1.4796035438776,14.874491609633,18.2207721322775,359.741354748607,226.506890371442,0,97.1946922540665,0,244.324432909489,0,2.307303160429,0,18.8405397236347,0,134.872005701065,0,0,0,479.085530936718,0,818.507693260908,0,21649.5517572984,13.5161504745483,3.09791371226311,0.175762832164764,301.095217384398,4.32865583896637,14.8860255181789,0,191.527435541153,0.885850876569748,380.059543550014,0,238.039034090936,0,0,0,0,0,17.9656653702259,0,2.83643493056297,0,0,0,0,191.379233933985,0,150.922782361507,0,250.602824807167,0,0,0,13.2112962007523,0,13.8629723191261,0,0,0,534.734552517533,0,885.535064160824,0,0,0,1979.69981882721,26.5747362077236,1311.68511603773,243.866462349892,2.78574354946613
0,0,0,0,3.09518302977085,0,0,0,26.9611135721207,0,444.795736163855,0,0,0,0,0,3.3457704782486,0.180046692490578,84.2604669183493,0,101.005370005965,0,87.2807702422142,0,47.004057392478,0,0,0,35.94771720469,0,21.4469422250986,0,0,4.01650375127792,321.997213065624,0,890.438086479902,12.3612695336342,18416.2836819962,0,16.2962135672569,1.07421314716339,102.381822824478,0,27.1809666156769,0.302111655473709,375.633094236255,379.869538828731,38.0832528471947,0,0,0,0,0,131.572272911668,0,18.0197208821774,0,0,0,0,0,0,78.3510510548949,0,115.468920379877,0,80.4529654532671,0,0,0,517.057398945093,0,123.265180528164,0,0,0,345.687304913998,0,1792.8782825619,0,0,874.278186805546,39.8340350687504,1198.13966758549,0.531764447689056,67.6211012601852
312.332316949964,281.181717142463,182.411868855357,91.649170845747,236.266559958458,360.838645935059,438.686175704002,341.951199620962,487.280729010701,652.974194779992,575.437459230423,2038.7294074893,237.676292955875,684.369034200907,8.91316270828247,301.412999272346,3480.24619805813,4351.32618062198,5018.24940995127,1560.34750279039,306.749586760998,2639.03133170307,1981.56918525696,527.068520501256,414.751002281904,304.676216870546,242.917783021927,1229.82454568893,36.9661016464233,901.840286061168,5.5931898355484,206.402297854424,732.017166927457,301.186141312122,1256.08759367466,6655.34509381652,5277.08251529187,4577.3848419562,4333.67544201016,12.0161172896624,130.738606318831,1224.84080053866,1838.8566756621,16.7868256866932,36.768338561058,617.938245780766,103.065192610025,1287.21125295758,287.12209161371,385.257938846946,126.950657874346,0,168.650756597519,80.9232211112976,10.7685354501009,50.8393984138966,67.2609845101833,250.698824614286,108.800753116608,51.1370966434479,13.2782089710236,67.7305384278297,159.934357389808,342.86695560813,220.77010217309,453.061546683311,75.8243811577559,57.4844231307507,78.5949536561966,237.918167024851,304.629343524575,27.2487287819386,104.131880491972,31.6513622105122,7.0425066947937,153.492828190327,146.616066336632,480.880860567093,1839.53756668419,1245.42324839532,1979.69981882721,874.278186805546,0,750.845157504082,4118.82207563519,30.3754596412182,517.948516592383
0,0,0,0,0,0,0,0,0,0,0,60.665402173996,16.5037097930908,222.422138392925,0,0,0,1,26.6615687310696,0,0,282.780490756035,242.81490495801,0,0,0,0,985.557073011994,21.4071350097656,1138.15525351465,0,0,0,0,24.9578446745872,16.3051800727844,7.2865936756134,109.10466966033,109.774093329906,0,0,0,0,0,0,1.08830177783966,0,0,0,0,0,0,0,0,0,0,0,0,0,17.5743455886841,0,0,0,0,28.4822101593018,31.5503486394882,0,0,0,0,72.0238947868347,0,206.568851411343,0,0,0,0,0,28.5074300765991,0,26.5747362077236,39.8340350687504,750.845157504082,0,1.00510084629059,0,0
501.249369576573,615.85366743803,449.669029593468,419.260009109974,218.262757658958,32.5270249843597,0,0,210.745596811175,111.708064764738,5.55397567152977,18.4948483705521,0,0,0,0,21.4349659979343,22.8401774913073,1319.43463813514,568.63039637357,44.8265582323074,0,0,13.1764993518591,0,0,0,0,0,3.10575222969055,0,0,0,0,0,97.3841017670929,379.146619260311,617.844533484429,326.88877312839,325.305619001389,1596.3449838832,3759.38861968368,3603.34264788032,27.9042037129402,63.4553901404142,1307.16628611088,2256.44328082353,9.18083202838898,1335.72116388381,1274.83442142606,124.154707282782,0,0,0,19.6204086095095,16.2707563638687,235.366019666195,412.719541668892,0,3.88729801774025,0,4.45614123344421,994.041836701334,453.862334884703,0,0,130.28991907835,13.6874154210091,0,0,0,0,95.2842551469803,501.289363101125,0,0,0,0,985.999512154609,812.975433304906,1311.68511603773,1198.13966758549,4118.82207563519,1.00510084629059,0,662.288755729795,636.237826615572
0,0.297922164201736,0,0,0,0,0,0,0,2.33260974287987,0,0,0,0,0,0,10.8137265145779,9.19556993246078,205.804213419557,16.7621412724257,0,0,0,0,0,0,0,0,0,0,0,0,0,0,0,0.595188707113266,0.20404389500618,54.667210996151,0,2.41670040786266,2.70121768116951,1026.3114297241,3.51345162093639,2.94787274301052,0,21.5600834488869,0,0,1.88404916226864,3.44097721576691,0,0,0,0,0,0,0,0,0,0,0,0,22.9242171645164,0,0,0,0,0,0,0,0,0,0,0,0,0,0,0,127.132254347205,1.34678663313389,243.866462349892,0.531764447689056,30.3754596412182,0,662.288755729795,0,0.359521359205246
