0,0.286962389945984,0.277680201189859,0.256108946033887,0.34661412363251,0.258277833461761,0,0,0.312379036574176,0.293565899133682,0,0,0,0,0.210829156968329,0.299757057944169,0.257135505477587,0.29845488568147,0.267919635657447,0.294283837080002,0,0,0,0,0.304638766289986,0,0,0,0,0,0,0,0,0,0.27589239180088,0.277765821326863,0.273719367786096,0.278698086738586,0.311799488046713,0,0.28607940476788,0.28265464122881,0.290947937395468,0.338763773441315,0.274772276245168,0.274961516261101,0.270487510312849,0,0.269718300140902,0.295222944890459,0,0,0,0,0.321594593736033,0.260036438703537,0,0.282770338558382,0,0.279719771687375,0.257969239167869,0.294160676841763,0.272333332109001,0.293670251965523,0,0,0,0.310582559564703,0,0.26908772081545,0,0,0.289652427037557,0,0,0,0,0,0.276690948754549,0.290988566965735,0.298951089382172,0.339840047889286,0.279854999480067,0.25497181578116,0.286119603599116,0,0.279340510368347
0.286962389945984,0,0,0.224140822887421,0,0.106427930295467,0,0,0,0.211232152457039,0,0.388426031385149,0,0.332934990525246,0,0.22084336798286,0.316449254751205,0.258941527207692,0.288877371660213,0.378371290770578,0,0,0,0.260479180953082,0,0.259470867117246,0,0,0,0,0,0,0,0,0,0.286986138139452,0,0.375234852234523,0,0.387652099132538,0,0.222641702371699,0.324177116155624,0.231562420725822,0,0.289868619861239,0.314456164836884,0,0,0.226756591183036,0,0,0,0,0.245822355151176,0.234473008923233,0,0.28788955095595,0,0.286933870439057,0,0.254439326448251,0.306919975791659,0,0,0,0.268039544399013,0,0.31788197454686,0.272346198558807,0.318769137369343,0,0.316325460871061,0,0,0,0.328776776790619,0,0.327219632364088,0,0.399489368711199,0,0.242866647471288,0.341493730270673,0.314996855447861,0,0
0.277680201189859,0,0,0.237974286079407,0.262581040261458,0.216516584157944,0,0,0.166726366701451,0,0,0,0,0,0.275370612740517,0,0,0,0,0,0,0,0,0,0,0,0,0,0,0,0,0,0,0,0,0,0.22681928396225,0,0,0,0.25930680334568,0.249209463596344,0.251977153122425,0,0.223282843828201,0,0.248525219987024,0,0.29256524118994,0.231666341423988,0.204239310664043,0,0,0,0.212814783367018,0,0.16077080865701,0,0.178080062381923,0.282367706298828,0.213229134678841,0.272016108036041,0,0,0,0,0,0,0,0,0,0,0,0,0,0,0,0,0,0.25440321210092,0,0,0.208056452271556,0.1866362251101,0.190343515681369,0,0
0.256108946033887,0.224140822887421,0.237974286079407,0,0,0.238993452455764,0,0,0.24992111325264,0.188460724770415,0,0,0,0,0.225496172904968,0.234676337603367,0,0,0.284083603909521,0.270189452502463,0,0,0,0,0,0,0,0,0,0,0,0,0,0,0,0.231413545431914,0.253256216645241,0,0,0,0,0.252153293923898,0.262800024822354,0.266255050897598,0,0.199660378216787,0,0,0.263403624296188,0.255902335735468,0,0,0,0,0.207861363887787,0.206999352574348,0,0.270151744091977,0,0.238797038704866,0.255067894563955,0.229575519605229,0.212212996350394,0,0,0,0,0.246145397424698,0,0,0.296987384557724,0,0,0,0,0,0,0,0.264619253575802,0,0.346519738435745,0,0.238478068424308,0.234717532633299,0.217864929665354,0,0.261475269993146
0.34661412363251,0,0.262581040261458,0,0,0,0,0,0.235480337039284,0,0,0,0,0,0.256686629951,0,0,0,0,0,0,0,0,0,0,0,0,0,0,0,0,0,0,0,0,0.235452935099602,0.206209742360645,0,0,0.242573827505112,0,0,0,0,0.211532399058342,0,0,0,0.328468841086164,0,0.193595536421111,0,0,0,0.237050558839525,0,0,0,0.174834946791331,0,0.26413632327102,0,0,0,0,0,0,0,0,0.322098761796951,0,0,0,0,0,0,0,0,0,0.217775673605502,0,0,0.206521414261656,0.183718849612579,0.247855776548386,0,0
0.258277833461761,0.106427930295467,0.216516584157944,0.238993452455764,0,0,0,0.170103915621725,0.263753116130829,0.177544040605426,0,0.283497941493988,0,0,0.223303988575935,0.219525948166847,0,0.240195080637932,0.227841768413782,0.228037019059354,0,0,0,0,0,0,0,0,0,0,0,0,0,0,0,0.216321224516088,0,0,0,0,0,0.212198932965597,0.253305226564407,0.22748863697052,0,0.212691754102707,0,0,0,0.265358143619129,0,0.165100620593876,0,0.15441634002186,0.246362373232841,0.237901121377945,0,0.299137858093762,0,0.230553332135218,0.243090086749622,0.233855366706848,0.223613856780914,0,0,0,0,0,0,0.272064298391342,0,0,0,0,0,0,0,0,0.195171747462285,0.324111074209213,0,0,0.230750689131868,0.186056530901364,0.282023974336111,0,0
0,0,0,0,0,0,0,0,0,0,0,0,0,0,0,0,0,0,0,0,0,0,0,0,0,0,0,0,0,0,0,0,0,0,0,0,0,0,0,0,0,0,0,0,0,0,0,0,0,0,0,0,0,0,0,0,0,0,0.121534815856389,0,0,0,0,0,0,0,0,0,0,0,0,0,0,0,0,0,0,0,0,0,0,0,0,0,0,0,0
0,0,0,0,0,0.170103915621725,0,0,0,0,0,0.143291532993317,0,0,0,0,0,0,0,0.213802407681942,0,0,0,0,0,0,0,0,0,0,0,0,0,0,0,0.201893942321048,0,0,0,0,0,0,0,0,0,0,0,0,0,0,0,0.146750302268909,0,0.163537067398429,0,0,0,0.149215151090175,0,0.127122640609741,0,0,0.222621455788612,0,0,0,0,0,0,0,0,0,0,0,0,0,0,0,0.203580367565155,0,0,0,0.188888268946759,0.191246145963669,0,0,0
0.312379036574176,0,0.166726366701451,0.24992111325264,0.235480337039284,0.263753116130829,0,0,0,0.319969534873962,0,0,0,0,0.215796346776187,0.269956151644389,0.201585268111605,0,0.244838456157595,0.307330906391144,0,0,0,0,0.171851986607585,0,0.119080422446132,0,0,0,0,0,0,0,0,0,0,0,0.208410094923048,0,0.279948219656944,0.287703923203728,0.272472953173014,0,0.27445076749875,0.273259893059731,0.244248394261707,0,0.274811976722309,0.292733890314897,0,0,0,0,0.262969394433873,0,0,0.285074487328529,0,0.29043835401535,0.291448891473313,0.29053593724966,0.268931269645691,0,0,0,0,0.27992321291031,0,0.258660219077553,0,0,0,0,0,0,0,0,0,0.302980762720108,0,0.276301739631959,0.179706936458073,0.226817610819598,0.300442161982499,0,0
0.293565899133682,0.211232152457039,0,0.188460724770415,0,0.177544040605426,0,0,0.319969534873962,0,0,0.43692800005277,0,0.267303645610809,0,0.134896685196235,0.337090123582769,0.303451053085534,0.302981738074153,0.439711109721574,0,0,0,0.149103720428606,0.29872590303421,0.215625405311584,0,0,0,0,0,0,0,0.352585792541504,0,0.361610838373502,0.35870686173439,0.389091238126916,0,0.324921141068141,0.277688086032867,0.179572855773037,0.369546195635429,0.263764975326402,0.292760759592056,0.36127216669671,0.319021265208721,0,0.304981678724289,0.220323080295011,0,0.149055180450281,0,0,0,0.20405435642118,0,0.351789360455537,0,0.220249594535146,0.284502610564232,0.201557755710617,0.398062622894736,0,0,0,0.175074309159022,0,0.299214413762093,0,0.32733218924494,0,0.339509931068088,0,0,0,0.355898842215538,0,0.375183344018041,0.302489548921585,0.395796879800291,0,0.211360159355452,0.175943645515612,0.316955394769838,0.24946291744709,0.40180492401123
0,0,0,0,0,0,0,0,0,0,0,0,0.176881745457649,0,0,0,0,0,0,0,0.155448842507142,0,0,0,0,0,0,0,0.155979692935944,0,0,0,0,0,0,0,0.231259650883779,0,0.217441095162857,0,0,0,0,0,0,0,0,0,0,0,0,0,0,0,0,0,0.184599253183543,0,0.14718062704315,0,0,0,0,0.136754512786865,0,0,0,0,0,0,0,0,0,0.144352170825005,0,0,0,0,0,0,0,0.22723536984995,0.152620680116374,0,0.150901451706886,0,0
0,0.388426031385149,0,0,0,0.283497941493988,0,0.143291532993317,0,0.43692800005277,0,0,0,0.114977415118899,0,0,0,0.332678914070129,0.347599508321804,0.229749048079964,0,0,0,0,0,0,0,0,0,0.186592029035091,0,0,0,0,0,0.223960489900469,0,0.218321104358227,0,0,0,0.383334845304489,0,0.284439980983734,0,0.321522821982702,0,0,0,0.328168630599976,0,0,0,0.16994009912014,0,0.472995555826596,0,0.201623543563557,0,0.372002333402634,0,0.30415603518486,0.248532589186322,0,0,0,0,0,0,0,0,0,0.140995476744138,0,0,0,0,0,0.248899853715066,0,0,0,0.201338065914544,0.197345789325865,0.332301511367162,0,0
0,0,0,0,0,0,0,0,0,0,0.176881745457649,0,0,0,0,0,0,0,0,0,0,0,0,0,0,0,0,0,0,0,0,0,0,0,0,0,0,0,0,0,0.23761273920536,0,0,0,0,0,0,0,0.18959878385067,0,0,0,0,0,0,0,0,0,0.169357772286929,0,0.186016425490379,0,0,0,0,0,0,0,0,0,0,0.161464557051659,0,0,0,0,0,0,0,0,0,0,0.188978474587202,0.163023646231051,0,0,0
0,0.332934990525246,0,0,0,0,0,0,0,0.267303645610809,0,0.114977415118899,0,0,0,0.245678123707573,0,0,0.232473492622375,0,0,0,0,0.394716590642929,0,0,0,0.196804953257689,0,0.175131154557069,0,0,0,0,0,0,0,0,0,0,0,0.307993297066007,0,0,0,0,0,0,0,0,0,0,0,0,0,0,0,0.291450980518545,0,0.202776028917529,0,0.283162984946003,0,0,0,0,0.37513385117054,0,0.32269839476794,0,0.265987538513105,0,0.191621216634909,0,0,0,0,0,0,0,0.312670022249222,0,0.19934188396729,0.17551806453003,0.402277944106904,0,0
0.210829156968329,0,0.275370612740517,0.225496172904968,0.256686629951,0.223303988575935,0,0,0.215796346776187,0,0,0,0,0,0,0,0.204649537017471,0,0.251017063856125,0.262997180223465,0,0,0,0,0.156303737312555,0,0.220214955508709,0,0,0,0,0,0,0,0,0,0.248412703474363,0,0,0,0.265122324228287,0,0.274235874414444,0,0.24576215694348,0,0,0,0.237852804907938,0.230480208992958,0.238624736666679,0,0,0,0.225058145382825,0,0,0,0,0.281802207231522,0.225067276592928,0.263015484809875,0.239882826805115,0,0,0,0,0.257435038685799,0,0.233006585708686,0,0,0,0,0,0,0,0,0,0.271635286509991,0.260967284440994,0,0.2382279118523,0.219919236642974,0.261025633662939,0,0
0.299757057944169,0.22084336798286,0,0.234676337603367,0,0.219525948166847,0,0,0.269956151644389,0.134896685196235,0,0,0,0.245678123707573,0,0,0,0.161690883338451,0.29240887126197,0.312832629680634,0,0,0,0.174253189469062,0,0.204185331741778,0,0.229512348771095,0,0,0,0,0,0,0,0.260550856590271,0,0.289272516965866,0,0,0.263555288314819,0.294677205237688,0.292803561145609,0.290111109614372,0,0.277077202092518,0.259424209594727,0,0.297715326150258,0.238908123224974,0,0,0,0,0.281223483383656,0.179209561661837,0,0.305047513487247,0,0.197416415830859,0.299998407363892,0.23193131260252,0.241931313818151,0,0,0,0.216394715247111,0.297845304012299,0.263986368880552,0.287874579429626,0.364166427969308,0,0.37913105743272,0,0,0,0,0,0.29045033454895,0.280438646674156,0.221912279725075,0,0.197493052807323,0.245610990887443,0.343183802440763,0.269759505987167,0.281376400164195
0.257135505477587,0.316449254751205,0,0,0,0,0,0,0.201585268111605,0.337090123582769,0,0,0,0,0.204649537017471,0,0,0.228888339580829,0.301326934883477,0.328419612720609,0,0,0.246070358695255,0,0.227586421239759,0.212987273931503,0.171810453015614,0,0,0,0,0,0,0,0,0.30141740043958,0.348426692187786,0.359882801771164,0.287544498455177,0,0.309937350451946,0.353469222784042,0.369997020016928,0.293283879756927,0.294766283035278,0.328580427567164,0.330897163493293,0,0.297013411919276,0,0,0,0,0,0.320659250020981,0.303605780005455,0,0.312284216284752,0,0,0.209880482859728,0,0.333525636616875,0,0,0,0,0.258113862243608,0.191869780421257,0.188904584757984,0,0,0.299155682325363,0,0,0,0,0,0.330596409738064,0.325669367398535,0,0.281200283765793,0.226882381504787,0.166480410605267,0.341692554922599,0,0.418809742799827
0.29845488568147,0.258941527207692,0,0,0,0.240195080637932,0,0,0,0.303451053085534,0,0.332678914070129,0,0,0,0.161690883338451,0.228888339580829,0,0.278870979360062,0.334299334996863,0.298326760530472,0.193992173947188,0,0.213950807547054,0,0.191553573373117,0,0,0,0,0,0,0,0.336773753166199,0.369525283575058,0.330276334285736,0.33996898860767,0.312875044345856,0.324051946401596,0,0.315329237778982,0.309833381325006,0.37649249331873,0.240605355964767,0.299356410590311,0.321713325753808,0.328519259772357,0,0.37315434217453,0.289886437356472,0,0,0,0,0.271622717380524,0.27693900813659,0,0.321956601407793,0,0.276841074228287,0.248048402369022,0.282962461312612,0.34143405854702,0,0.210814024902817,0,0.236132979393005,0,0.187453798956017,0.346057832241058,0.334766715764999,0,0,0,0,0,0,0,0.32769616941611,0.329036988814672,0.341145707294345,0.307889550924301,0.209587575415621,0.194841619686197,0.344996735779314,0,0.392290347243009
0.267919635657447,0.288877371660213,0,0.284083603909521,0,0.227841768413782,0,0,0.244838456157595,0.302981738074153,0,0.347599508321804,0,0.232473492622375,0.251017063856125,0.29240887126197,0.301326934883477,0.278870979360062,0,0.348378202688465,0.324568086862564,0,0,0.250213198363781,0.263038356389318,0,0,0,0,0,0,0,0,0.29970401876113,0.376463015874227,0.295052336029163,0.340066671652614,0.3120214986273,0.308251023292542,0.312122007211049,0.313247666637462,0.189853088999654,0.28447867135647,0.201762359295236,0.314126172050747,0.305873525012859,0.336707459949601,0,0.277201324701309,0.286901310595692,0,0,0,0,0.26367504298687,0.304342456637545,0,0.334217225082896,0,0.306277273939206,0.255157583888541,0.288384970718174,0.317238269664949,0,0,0,0.279453694820404,0.293325241122927,0,0.268891636444175,0.328766206215168,0,0.345309298971425,0,0,0,0.265798699855804,0,0.306016304792073,0.310482382457307,0.34158924559273,0.284444838762283,0.23470544821963,0.272755298701939,0.314711036593555,0.169740390045882,0.382641952060446
0.294283837080002,0.378371290770578,0,0.270189452502463,0,0.228037019059354,0,0.213802407681942,0.307330906391144,0.439711109721574,0,0.229749048079964,0,0,0.262997180223465,0.312832629680634,0.328419612720609,0.334299334996863,0.348378202688465,0,0,0,0,0,0,0,0,0,0,0,0,0,0,0.323675140738487,0,0.239250188215362,0,0.284277608100543,0,0,0.327695682644844,0.306063127020995,0.362651692969458,0.306211922317743,0.296607241034508,0.32571718186268,0.334533493965864,0,0,0.30713270814158,0,0,0,0,0,0.488241581439646,0,0.281640616896975,0,0.267936752665611,0.280890549222628,0.312749285388876,0.28592108811068,0,0,0,0,0,0,0.276854008436203,0.400311435262362,0,0.363852970302105,0,0,0,0,0,0.277704497373949,0,0.27845190743931,0,0.316987082078222,0.338036745786667,0.339585843246158,0.313359067417108,0.332520633935928
0,0,0,0,0,0,0,0,0,0,0.155448842507142,0,0,0,0,0,0,0.298326760530472,0.324568086862564,0,0,0,0,0,0,0,0,0,0,0,0,0,0,0,0,0,0.245748390777781,0,0.147326686634467,0,0.190118672816377,0,0.257998940845331,0,0,0,0.236178159505337,0,0.240108788013458,0,0,0,0,0,0,0,0.158014096319675,0,0,0,0,0,0,0.213237823455957,0,0,0,0,0,0,0,0,0,0,0,0,0,0,0,0.247109530341653,0,0.172603335351713,0.220165726527559,0,0.214765846993016,0,0.215269990265369
0,0,0,0,0,0,0,0,0,0,0,0,0,0,0,0,0,0.193992173947188,0,0,0,0,0.128137722258319,0.196071047982401,0,0.180553651668809,0,0.258350314076013,0,0,0,0,0,0,0,0,0,0.230956499661568,0,0,0,0,0,0,0,0,0,0,0,0.274237910906474,0,0,0,0,0,0,0,0,0,0,0,0,0,0,0.196377143647627,0.135718712977001,0.140756723520003,0,0.156487288326025,0,0.313851035067013,0,0,0,0,0,0,0,0,0,0.178340795139472,0,0.152007382744551,0.18053965020336,0,0,0
0,0,0,0,0,0,0,0,0,0,0,0,0,0,0,0,0.246070358695255,0,0,0,0,0.128137722258319,0,0,0.210303077660048,0,0.161451433073072,0,0.154423219061667,0,0,0,0,0,0,0,0,0,0.343769439914095,0,0,0,0,0,0,0,0,0,0.27151958489418,0,0,0,0,0,0,0,0,0,0,0,0,0,0,0,0,0.221870338108171,0,0.219927040437713,0,0.262849460045497,0,0.146679083016557,0,0,0,0,0,0,0,0,0,0.442651249001937,0.142831075601038,0.143525934177126,0,0,0
0,0.260479180953082,0,0,0,0,0,0,0,0.149103720428606,0,0,0,0.394716590642929,0,0.174253189469062,0,0.213950807547054,0.250213198363781,0,0,0.196071047982401,0,0,0,0.251089986029736,0,0,0,0,0,0,0,0,0,0,0,0.26291702191035,0,0,0,0,0,0,0,0.243873983621597,0,0,0,0.241119302809238,0,0,0,0,0,0.16311894676515,0,0.242992132902145,0,0.307007500103542,0,0.225425252647594,0,0,0.192262632387697,0,0.225260593598052,0,0.283961034529117,0,0.253812572018045,0,0,0,0,0,0,0,0,0,0.271123017860514,0,0.211807970106602,0.305920970626175,0.354736760258675,0,0
0.304638766289986,0,0,0,0,0,0,0,0.171851986607585,0.29872590303421,0,0,0,0,0.156303737312555,0,0.227586421239759,0,0.263038356389318,0,0,0,0.210303077660048,0,0,0,0.221661210474041,0,0,0,0,0,0,0,0,0,0,0,0.251168598637993,0,0,0.300690859556198,0.173039563000202,0,0,0,0,0,0,0,0,0,0,0,0.221640943705895,0,0,0,0,0,0.303389409184456,0,0,0,0,0.191833593231395,0,0.267780004314941,0,0.281165332823503,0,0,0,0,0,0,0,0,0,0,0,0.239415414478063,0.233514790462097,0.277662613957199,0.247838750481606,0,0
0,0.259470867117246,0,0,0,0,0,0,0,0.215625405311584,0,0,0,0,0,0.204185331741778,0.212987273931503,0.191553573373117,0,0,0,0.180553651668809,0,0.251089986029736,0,0,0,0.237829326197158,0,0,0,0,0,0,0,0,0,0.347804213600124,0,0,0,0.273557126522064,0,0,0,0,0,0,0,0.259140249213268,0,0,0,0,0,0.11284463852644,0,0,0,0,0,0.183526633679867,0,0,0.198510847321831,0,0.234780997399566,0,0.199452631708931,0,0.219738960266113,0,0,0,0,0,0,0,0,0,0.352036999482097,0,0.206783100003094,0.253486123222571,0.343575901255525,0,0
0,0,0,0,0,0,0,0,0.119080422446132,0,0,0,0,0,0.220214955508709,0,0.171810453015614,0,0,0,0,0,0.161451433073072,0,0.221661210474041,0,0,0,0.183502294123173,0,0,0,0,0,0,0,0,0,0,0,0,0,0,0,0,0,0,0,0,0,0,0,0,0,0,0,0,0,0,0,0,0,0,0,0,0.287285686781009,0,0.233344904739748,0,0.21702945060594,0,0.204322141299183,0,0,0,0,0,0,0,0,0,0,0.143416494539339,0,0,0,0
0,0,0,0,0,0,0,0,0,0,0,0,0,0.196804953257689,0,0.229512348771095,0,0,0,0,0,0.258350314076013,0,0,0,0.237829326197158,0,0,0,0.220842525548289,0,0,0,0,0,0,0,0.131585568189621,0,0,0,0,0,0,0,0,0,0,0,0,0,0,0,0,0,0,0,0,0,0.198202445739653,0,0,0,0,0.294995400133182,0,0,0,0.164106110001312,0,0.243864347649298,0,0.219081618956157,0,0,0,0,0,0,0,0,0,0.208185978233814,0.195300300244778,0,0,0
0,0,0,0,0,0,0,0,0,0,0.155979692935944,0,0,0,0,0,0,0,0,0,0,0,0.154423219061667,0,0,0,0.183502294123173,0,0,0,0.1485371299088,0,0,0,0,0,0,0,0.148663476109505,0,0,0,0,0,0,0,0,0,0,0,0,0,0,0,0,0,0,0,0.165591934323311,0,0,0,0,0,0,0,0,0,0,0.210576647344758,0,0.193825701410114,0,0.245381936430931,0,0,0,0,0,0,0,0,0.186492373455655,0,0,0,0
0,0,0,0,0,0,0,0,0,0,0,0.186592029035091,0,0.175131154557069,0,0,0,0,0,0,0,0,0,0,0,0,0,0.220842525548289,0,0,0,0,0,0,0,0,0,0.206022108280868,0,0,0,0,0,0,0,0,0,0,0,0,0,0,0,0,0,0,0,0.175965142746766,0,0,0,0,0,0,0,0,0,0,0,0,0.220952692066248,0,0.185712644680478,0,0,0,0,0,0,0,0,0,0.154561686774959,0.168407740071416,0,0,0
0,0,0,0,0,0,0,0,0,0,0,0,0,0,0,0,0,0,0,0,0,0,0,0,0,0,0,0,0.1485371299088,0,0,0,0,0,0,0,0,0,0.207844911381984,0,0,0,0,0,0,0,0,0,0,0,0,0,0,0,0,0,0.181677976623178,0,0,0,0,0,0,0,0,0,0,0,0,0,0,0.228323165057362,0,0.179462270536126,0,0,0,0,0,0,0,0.186124427657988,0,0,0,0,0
0,0,0,0,0,0,0,0,0,0,0,0,0,0,0,0,0,0,0,0,0,0,0,0,0,0,0,0,0,0,0,0,0.162221626551063,0,0,0.158061916309018,0,0,0,0,0,0,0,0,0,0,0,0.123797823523366,0,0,0,0,0,0,0,0,0,0,0,0,0,0,0,0,0,0,0,0,0,0,0,0,0,0,0.144757549853429,0,0,0,0.154340452494773,0,0,0,0.14876054470787,0,0,0,0
0,0,0,0,0,0,0,0,0,0,0,0,0,0,0,0,0,0,0,0,0,0,0,0,0,0,0,0,0,0,0,0.162221626551063,0,0,0,0,0.223340080844031,0,0,0,0.260780450243216,0,0,0,0,0,0,0.201003263984914,0.270324229707281,0,0,0,0,0,0,0,0,0,0,0,0,0,0,0,0,0,0,0,0,0,0,0,0,0,0,0.275989456538498,0,0,0,0.28179378577344,0,0,0.154229461215436,0,0,0,0
0,0,0,0,0,0,0,0,0,0.352585792541504,0,0,0,0,0,0,0,0.336773753166199,0.29970401876113,0.323675140738487,0,0,0,0,0,0,0,0,0,0,0,0,0,0,0.210290179552756,0.160596346584233,0.169001817703247,0.175881855920249,0.141921542584896,0.249497808318223,0,0.258526458190038,0,0,0,0.24841420352459,0,0.150031749344041,0,0.241367196494883,0,0,0,0,0,0.354335733822414,0,0,0,0,0,0,0.280519301692645,0,0,0,0,0,0,0,0,0,0,0,0,0,0.151864298946079,0.198540141652612,0.173105291481772,0,0.201080945257528,0.304157882928848,0.18997344155522,0.332273364067078,0.282901903986931,0.260716711481412,0
0.27589239180088,0,0,0,0,0,0,0,0,0,0,0,0,0,0,0,0,0.369525283575058,0.376463015874227,0,0,0,0,0,0,0,0,0,0,0,0,0,0,0.210290179552756,0,0,0.276914975548766,0.203523787887807,0.269232010718473,0,0.320084341797411,0.480081767536873,0.313944062879009,0,0,0,0.310883373022079,0.343663953916796,0.317721155325309,0.22041316815587,0,0,0,0,0,0,0,0,0,0,0,0,0.35998073220253,0.243951879441738,0,0,0,0,0,0,0,0,0,0,0,0.171599820256233,0,0.248111598925707,0,0.244155308800242,0.236420929431915,0.311168415001068,0.26016361493578,0.171788565376226,0.32729973230097,0,0.318037688732147
0.277765821326863,0.286986138139452,0,0.231413545431914,0.235452935099602,0.216321224516088,0,0.201893942321048,0,0.361610838373502,0,0.223960489900469,0,0,0,0.260550856590271,0.30141740043958,0.330276334285736,0.295052336029163,0.239250188215362,0,0,0,0,0,0,0,0,0,0,0,0.158061916309018,0,0.160596346584233,0,0,0.218883876866925,0.249220782097244,0.136248491704464,0.264333686232567,0,0.275326744852395,0.322678074240685,0.298613159552864,0,0.286439502820434,0.328797906637192,0.205328156612813,0.252614572644234,0.231736634202577,0,0.218096404574638,0,0.203611927399082,0.294705212116241,0.363084343976753,0,0.250969258640309,0,0.256205263565171,0.290827146598271,0.265700507164001,0.241356122256134,0,0,0,0,0,0,0,0.359944730997086,0,0.345642507076263,0,0.152136567108175,0,0.158679966403628,0.208833269774914,0.21383691873667,0.196343385902318,0.243645999931278,0,0.212049759413662,0.192794428734313,0.269175336325079,0.277745395496085,0.2477747797966
0.273719367786096,0,0.22681928396225,0.253256216645241,0.206209742360645,0,0,0,0,0.35870686173439,0.231259650883779,0,0,0,0.248412703474363,0,0.348426692187786,0.33996898860767,0.340066671652614,0,0.245748390777781,0,0,0,0,0,0,0,0,0,0,0,0.223340080844031,0.169001817703247,0.276914975548766,0.218883876866925,0,0,0.184069860457689,0.201289431591119,0.309374635516371,0.267682477831841,0.269307769234142,0,0.285457587667874,0.32343066483736,0.269162990830161,0.240827432107133,0.307238387525301,0.315386025208822,0.15352500975132,0,0,0,0.225031569600105,0,0.207860107701945,0.268823385238647,0,0.30837482213974,0.255638221899668,0.268430841465791,0.318210676312447,0.222606749538023,0,0,0,0.254127204418182,0,0,0,0,0,0,0,0.266414140435782,0,0.266200759591748,0.167774636546771,0.215172316492441,0.312216252088547,0.23143874789228,0.213794056001851,0.201781422178322,0.277734410700586,0,0.280836552381516
0.278698086738586,0.375234852234523,0,0,0,0,0,0,0,0.389091238126916,0,0.218321104358227,0,0,0,0.289272516965866,0.359882801771164,0.312875044345856,0.3120214986273,0.284277608100543,0,0.230956499661568,0,0.26291702191035,0,0.347804213600124,0,0.131585568189621,0,0.206022108280868,0,0,0,0.175881855920249,0.203523787887807,0.249220782097244,0,0,0.308223800185849,0,0,0.174602979513187,0.35977703332901,0.286239832639694,0,0.28768980177966,0,0.469480189384172,0,0.376727100835747,0,0,0,0,0,0.431484146912893,0,0.228011625839203,0,0.258016973733902,0.307181507349014,0.273229509592056,0.300982333958361,0,0.243250979820383,0,0.243926002644002,0,0.36653657295765,0,0.355989463627338,0,0.203075986278468,0,0,0,0.15220197028405,0.207706740981824,0.264273999542652,0,0.22311253525453,0.494673765812601,0.28584981330851,0.372283720818882,0.278499077473368,0.27760551571846,0
0.311799488046713,0,0,0,0,0,0,0,0.208410094923048,0,0.217441095162857,0,0,0,0,0,0.287544498455177,0.324051946401596,0.308251023292542,0,0.147326686634467,0,0.343769439914095,0,0.251168598637993,0,0,0,0.148663476109505,0,0.207844911381984,0,0,0.141921542584896,0.269232010718473,0.136248491704464,0.184069860457689,0.308223800185849,0,0,0.269730481980503,0.230648408715542,0.216352136675702,0,0.224547430872917,0,0.26048103471597,0.333207358113107,0.28679465434768,0.272503852844238,0,0,0,0,0.272189432976104,0,0.202774975185885,0,0,0,0.319396913051605,0.275560706853867,0,0.209111514237692,0,0.339011542667124,0,0.296710593505117,0,0,0,0.260204916199048,0,0.205933522045826,0,0,0,0.280518810234218,0,0.171167202260462,0.531291253440748,0.237881652394598,0.241651780207298,0.450777697322473,0.290995872722795,0,0
0,0.387652099132538,0,0,0.242573827505112,0,0,0,0,0.324921141068141,0,0,0,0,0,0,0,0,0.312122007211049,0,0,0,0,0,0,0,0,0,0,0,0,0,0,0.249497808318223,0,0.264333686232567,0.201289431591119,0,0,0,0,0.315523437833464,0,0.297655403614044,0,0.216432618498802,0,0.250657945871353,0.391397476196289,0.297094428692206,0,0,0,0,0,0.318144783377647,0,0,0,0,0.255851209163666,0,0.328265557134593,0,0,0,0,0,0,0,0,0,0,0,0,0,0.232437280292558,0,0.40359600769071,0,0.29244299088755,0,0.345811116998478,0,0.300430041991852,0.293692737817764,0
0.28607940476788,0,0.25930680334568,0,0,0,0,0,0.279948219656944,0.277688086032867,0,0,0.23761273920536,0,0.265122324228287,0.263555288314819,0.309937350451946,0.315329237778982,0.313247666637462,0.327695682644844,0.190118672816377,0,0,0,0,0,0,0,0,0,0,0,0.260780450243216,0,0.320084341797411,0,0.309374635516371,0,0.269730481980503,0,0,0.269500772158305,0.300757629064624,0,0.228056611859892,0.293118363618851,0.296342798573448,0.284373544156551,0.265472335981674,0,0,0,0,0,0.271623939275742,0.299323588609695,0,0.348417788743973,0.235399559140205,0,0.276376772412034,0.296916276216507,0.325093969702721,0.195544649362564,0,0,0,0.257568722963333,0,0.278183059219052,0,0,0,0,0,0.253630328923464,0,0.2799520380795,0.321174442768097,0.280885333390082,0,0.196462751705517,0.301534089229761,0.320159438997507,0.240289690884404,0,0.267930635955276
0.28265464122881,0.222641702371699,0.249209463596344,0.252153293923898,0,0.212198932965597,0,0,0.287703923203728,0.179572855773037,0,0.383334845304489,0,0.307993297066007,0,0.294677205237688,0.353469222784042,0.309833381325006,0.189853088999654,0.306063127020995,0,0,0,0,0.300690859556198,0.273557126522064,0,0,0,0,0,0,0,0.258526458190038,0.480081767536873,0.275326744852395,0.267682477831841,0.174602979513187,0.230648408715542,0.315523437833464,0.269500772158305,0,0.333454810099145,0.220477734560829,0.273912813514471,0.283186152333447,0.265546960963143,0.451029709750332,0.308204785840852,0.307293987803304,0,0.209531769156456,0,0,0.28860016805785,0.237560444392941,0,0.227257872809474,0,0.247668090246921,0.297823750055753,0.279748072655037,0.271614127522034,0,0,0,0.283676400780678,0,0.322404078074864,0.274362921714783,0.322121493752227,0,0.300059942813481,0,0,0,0.239163279533386,0.458446055914448,0.269166743012791,0.276089962571859,0.262777377651738,0.373656648397446,0.326594654759276,0.303534025547805,0.322795529482034,0.208721462050973,0.312851687564569
0.290947937395468,0.324177116155624,0.251977153122425,0.262800024822354,0,0.253305226564407,0,0,0.272472953173014,0.369546195635429,0,0,0,0,0.274235874414444,0.292803561145609,0.369997020016928,0.37649249331873,0.28447867135647,0.362651692969458,0.257998940845331,0,0,0,0.173039563000202,0,0,0,0,0,0,0,0,0,0.313944062879009,0.322678074240685,0.269307769234142,0.35977703332901,0.216352136675702,0,0.300757629064624,0.333454810099145,0,0.174510486920675,0.323628287824492,0.358456423696207,0.325477032360439,0.272610956430435,0.332734023913359,0.265779631212354,0,0,0,0,0.229186259350687,0.302128046751022,0,0.276594821895872,0,0.276231345534325,0.292566516780638,0.286535056574004,0.354076368941201,0.327460259199142,0,0,0,0.267754035070539,0,0.287438754524503,0,0,0,0,0,0,0,0.319188903730649,0.341098897986942,0.28132607105063,0.334771111607552,0.231334668397903,0.271888739655863,0.271681568789773,0.286545603734988,0.23306730389595,0.319520768915352
0.338763773441315,0.231562420725822,0,0.266255050897598,0,0.22748863697052,0,0,0,0.263764975326402,0,0.284439980983734,0,0,0,0.290111109614372,0.293283879756927,0.240605355964767,0.201762359295236,0.306211922317743,0,0,0,0,0,0,0,0,0,0,0,0,0,0,0,0.298613159552864,0,0.286239832639694,0,0.297655403614044,0,0.220477734560829,0.174510486920675,0,0.29275968670845,0.312178558811614,0.280978341897329,0,0,0.301773481070995,0,0,0,0,0,0,0,0.297913563251495,0,0.283052124910884,0.331060618162155,0.28440212044451,0.317190653399417,0,0,0,0,0,0,0,0.331394463777542,0,0.26105585694313,0,0,0,0,0,0.297220150629679,0.269396871328354,0.299878165125847,0,0.228674673935869,0.263176253175034,0.22408610701561,0.194842145076165,0.368990838527679
0.274772276245168,0,0.223282843828201,0,0.211532399058342,0,0,0,0.27445076749875,0.292760759592056,0,0,0,0,0.24576215694348,0,0.294766283035278,0.299356410590311,0.314126172050747,0.296607241034508,0,0,0,0,0,0,0,0,0,0,0,0,0,0,0,0,0.285457587667874,0,0.224547430872917,0,0.228056611859892,0.273912813514471,0.323628287824492,0.29275968670845,0,0.309257428112783,0.320267492996322,0,0.262634960003197,0.265790216624737,0,0,0,0,0.262982219457626,0,0,0,0,0.310988426208496,0.263755439642514,0.256723259886106,0.326027292758226,0.258693665266037,0,0,0,0.2770058773458,0,0.261683586765738,0,0,0,0,0,0,0,0,0.339787662029266,0.264251220414019,0,0,0.284124703341632,0.299277675779242,0.271352502059483,0,0.281264963902925
0.274961516261101,0.289868619861239,0,0.199660378216787,0,0.212691754102707,0,0,0.273259893059731,0.36127216669671,0,0.321522821982702,0,0,0,0.277077202092518,0.328580427567164,0.321713325753808,0.305873525012859,0.32571718186268,0,0,0,0.243873983621597,0,0,0,0,0,0,0,0,0,0.24841420352459,0,0.286439502820434,0.32343066483736,0.28768980177966,0,0.216432618498802,0.293118363618851,0.283186152333447,0.358456423696207,0.312178558811614,0.309257428112783,0,0.323288013041019,0,0,0.248918799107725,0,0.181136986613274,0,0,0.265784211456776,0.335192157463594,0,0.236800663066253,0,0.226918118790938,0.293860122561455,0.270535610943494,0.254507018409926,0,0,0,0.267346322536469,0,0,0,0.287096999585629,0,0.315889428768839,0,0,0,0,0,0.295891993362265,0.330670312047005,0.340797331716333,0,0.318093373168814,0.278638667961273,0.294384193745336,0.273296361726139,0.380546216781323
0.270487510312849,0.314456164836884,0.248525219987024,0,0,0,0,0,0.244248394261707,0.319021265208721,0,0,0,0,0,0.259424209594727,0.330897163493293,0.328519259772357,0.336707459949601,0.334533493965864,0.236178159505337,0,0,0,0,0,0,0,0,0,0,0,0,0,0.310883373022079,0.328797906637192,0.269162990830161,0,0.26048103471597,0,0.296342798573448,0.265546960963143,0.325477032360439,0.280978341897329,0.320267492996322,0.323288013041019,0,0,0.247574219420748,0.273114114999771,0,0,0,0,0.262919262051582,0.312987685203552,0,0.276060596108437,0,0.270852655172348,0.24617779098059,0.266911756247282,0.325920056965616,0.216588278477256,0,0,0.256239056587219,0.263139896922641,0,0.261667210884668,0,0,0,0,0,0,0,0,0.326948255300522,0.275503276777362,0.31521013379097,0.27205975436502,0.310510513369705,0.290260580182076,0.26779917756498,0,0.262252552624055
0,0,0,0,0,0,0,0,0,0,0,0,0,0,0,0,0,0,0,0,0,0,0,0,0,0,0,0,0,0,0,0.123797823523366,0.201003263984914,0.150031749344041,0.343663953916796,0.205328156612813,0.240827432107133,0.469480189384172,0.333207358113107,0.250657945871353,0.284373544156551,0.451029709750332,0.272610956430435,0,0,0,0,0,0.29594911029394,0.226716097729858,0,0,0,0,0,0,0,0,0,0,0,0,0,0,0,0,0,0,0,0,0,0,0,0,0.136169849894941,0.195345780207025,0.251530186883334,0.307993310198341,0.334617555141449,0.271540177719934,0.262946229897627,0.40017667923109,0.422754379878227,0.430836237393893,0.385560214989803,0,0
0.269718300140902,0,0.29256524118994,0.263403624296188,0.328468841086164,0,0,0,0.274811976722309,0.304981678724289,0,0,0.18959878385067,0,0.237852804907938,0.297715326150258,0.297013411919276,0.37315434217453,0.277201324701309,0,0.240108788013458,0,0.27151958489418,0,0,0,0,0,0,0,0,0,0.270324229707281,0,0.317721155325309,0.252614572644234,0.307238387525301,0,0.28679465434768,0.391397476196289,0.265472335981674,0.308204785840852,0.332734023913359,0,0.262634960003197,0,0.247574219420748,0.29594911029394,0,0.379561320707434,0.234630025923252,0,0,0,0,0,0,0.290555328130722,0.191163571043448,0.280576080083847,0.21327853307486,0.285710978507996,0.286967232823372,0.246107906103134,0,0.280203190473753,0,0.221810139861761,0,0.256000762805343,0,0,0,0,0,0.27231906112165,0,0.286869439739807,0.331400096416473,0.265949230998346,0,0.272887099586742,0.301935086282201,0.249241122693727,0.351163429179961,0.212868794798851,0
0.295222944890459,0.226756591183036,0.231666341423988,0.255902335735468,0,0.265358143619129,0,0,0.292733890314897,0.220323080295011,0,0.328168630599976,0,0,0.230480208992958,0.238908123224974,0,0.289886437356472,0.286901310595692,0.30713270814158,0,0.274237910906474,0,0.241119302809238,0,0.259140249213268,0,0,0,0,0,0,0,0.241367196494883,0.22041316815587,0.231736634202577,0.315386025208822,0.376727100835747,0.272503852844238,0.297094428692206,0,0.307293987803304,0.265779631212354,0.301773481070995,0.265790216624737,0.248918799107725,0.273114114999771,0.226716097729858,0.379561320707434,0,0,0,0,0,0.296263655026754,0.224494043149446,0,0.229189960333594,0,0.219550569329345,0.291540014206386,0.227437763071772,0.220505612392495,0,0.245640719575541,0,0.220477978911316,0.296865791082382,0.228993868855965,0.291792117059231,0.251182133768217,0,0.341857409902981,0,0,0,0.264673512403794,0,0.229527657907271,0.272334396839142,0.366973189485578,0.396670445799828,0.285854837116772,0.292367517764186,0.344311470207095,0.229988604784012,0.272286725895745
0,0,0.204239310664043,0,0.193595536421111,0,0,0,0,0,0,0,0,0,0.238624736666679,0,0,0,0,0,0,0,0,0,0,0,0,0,0,0,0,0,0,0,0,0,0.15352500975132,0,0,0,0,0,0,0,0,0,0,0,0.234630025923252,0,0,0,0.168851926922798,0,0.187426917254925,0,0,0,0.143329261418651,0,0.21735814863697,0,0,0,0,0,0,0,0,0,0,0,0,0,0,0,0,0,0,0,0,0,0.177290589233393,0.2159264087677,0,0,0
0,0,0,0,0,0.165100620593876,0,0.146750302268909,0,0.149055180450281,0,0,0,0,0,0,0,0,0,0,0,0,0,0,0,0,0,0,0,0,0,0,0,0,0,0.218096404574638,0,0,0,0,0,0.209531769156456,0,0,0,0.181136986613274,0,0,0,0,0,0,0,0.172019779469286,0,0,0,0.194202678168521,0,0.262959852814674,0,0,0,0,0,0,0,0,0,0,0,0,0,0,0,0,0,0,0.226482247327303,0,0,0,0.206353853605688,0.166132474808316,0.195677109062672,0,0
0,0,0,0,0,0,0,0,0,0,0,0,0,0,0,0,0,0,0,0,0,0,0,0,0,0,0,0,0,0,0,0,0,0,0,0,0,0,0,0,0,0,0,0,0,0,0,0,0,0,0.168851926922798,0,0,0,0,0,0,0,0,0,0,0,0,0,0,0,0,0,0,0,0,0,0,0,0,0,0,0,0,0,0,0,0,0,0,0,0
0,0,0,0,0,0.15441634002186,0,0.163537067398429,0,0,0,0.16994009912014,0,0,0,0,0,0,0,0,0,0,0,0,0,0,0,0,0,0,0,0,0,0,0,0.203611927399082,0,0,0,0,0,0,0,0,0,0,0,0,0,0,0,0.172019779469286,0,0,0,0,0,0.189488798379898,0,0.119994543492794,0,0,0,0,0,0,0,0,0,0,0,0,0,0,0,0,0,0,0.213387999197711,0,0,0,0.197245294812421,0,0,0,0
0.321594593736033,0.245822355151176,0.212814783367018,0.207861363887787,0.237050558839525,0.246362373232841,0,0,0.262969394433873,0,0,0,0,0,0.225058145382825,0.281223483383656,0.320659250020981,0.271622717380524,0.26367504298687,0,0,0,0,0,0.221640943705895,0,0,0,0,0,0,0,0,0,0,0.294705212116241,0.225031569600105,0,0.272189432976104,0,0.271623939275742,0.28860016805785,0.229186259350687,0,0.262982219457626,0.265784211456776,0.262919262051582,0,0,0.296263655026754,0.187426917254925,0,0,0,0,0,0.165197210386395,0.215214878320694,0.159133533636729,0.299190700054169,0.294021198629505,0.272973418235779,0.255943179130554,0,0,0,0,0.318875865635396,0,0.261201639970144,0,0,0,0,0,0,0,0,0.254600703716278,0.301774591207504,0,0.316670879418567,0.217248985597415,0.265689481350414,0.278551698125229,0,0
0.260036438703537,0.234473008923233,0,0.206999352574348,0,0.237901121377945,0,0,0,0.20405435642118,0,0.472995555826596,0,0,0,0.179209561661837,0.303605780005455,0.27693900813659,0.304342456637545,0.488241581439646,0,0,0,0.16311894676515,0,0.11284463852644,0,0,0,0,0,0,0,0.354335733822414,0,0.363084343976753,0,0.431484146912893,0,0.318144783377647,0.299323588609695,0.237560444392941,0.302128046751022,0,0,0.335192157463594,0.312987685203552,0,0,0.224494043149446,0,0,0,0,0,0,0,0.368680267000055,0,0.307239923804473,0,0.272226513458226,0.445886937303281,0,0,0,0.160828639097788,0,0.328313130140305,0,0.334092172387155,0,0.358837495451091,0,0,0,0,0,0.363373927333776,0,0.425061554112266,0,0.20272244149845,0.30158535774265,0.300305539061014,0.197906857728958,0
0,0,0.16077080865701,0,0,0,0,0,0,0,0.184599253183543,0,0,0,0,0,0,0,0,0,0.158014096319675,0,0,0,0,0,0,0,0,0,0.181677976623178,0,0,0,0,0,0.207860107701945,0,0.202774975185885,0,0,0,0,0,0,0,0,0,0,0,0,0,0,0,0.165197210386395,0,0,0,0.20179270284692,0,0,0,0,0.1302925977442,0,0,0,0,0,0,0,0,0,0.157754515817291,0,0,0,0,0,0,0,0,0.141191526254018,0,0.17565629743906,0,0
0.282770338558382,0.28788955095595,0,0.270151744091977,0,0.299137858093762,0,0.149215151090175,0.285074487328529,0.351789360455537,0,0.201623543563557,0,0.291450980518545,0,0.305047513487247,0.312284216284752,0.321956601407793,0.334217225082896,0.281640616896975,0,0,0,0.242992132902145,0,0,0,0,0,0.175965142746766,0,0,0,0,0,0.250969258640309,0.268823385238647,0.228011625839203,0,0,0.348417788743973,0.227257872809474,0.276594821895872,0.297913563251495,0,0.236800663066253,0.276060596108437,0,0.290555328130722,0.229189960333594,0,0.194202678168521,0,0.189488798379898,0.215214878320694,0.368680267000055,0,0,0,0.232829588716014,0.288172653317451,0.292411392549013,0.231492571078053,0,0,0,0.275927469134331,0,0,0,0.35727110132575,0,0.189999017281273,0,0,0,0,0,0.253988051100781,0,0.365850953119142,0,0.24256698195861,0.267441460029866,0.291137059024948,0.236958377063274,0
0,0,0.178080062381923,0,0.174834946791331,0,0.121534815856389,0,0,0,0.14718062704315,0,0.169357772286929,0,0,0,0,0,0,0,0,0,0,0,0,0,0,0,0.165591934323311,0,0,0,0,0,0,0,0,0,0,0,0.235399559140205,0,0,0,0,0,0,0,0.191163571043448,0,0.143329261418651,0,0,0,0.159133533636729,0,0.20179270284692,0,0,0,0.184300512075424,0,0,0,0,0,0,0,0,0,0,0,0,0,0,0,0,0,0,0,0,0,0.165837377309799,0,0.148255631327629,0,0
0.279719771687375,0.286933870439057,0.282367706298828,0.238797038704866,0,0.230553332135218,0,0.127122640609741,0.29043835401535,0.220249594535146,0,0.372002333402634,0,0.202776028917529,0.281802207231522,0.197416415830859,0,0.276841074228287,0.306277273939206,0.267936752665611,0,0,0,0.307007500103542,0,0,0,0.198202445739653,0,0,0,0,0,0,0,0.256205263565171,0.30837482213974,0.258016973733902,0,0,0,0.247668090246921,0.276231345534325,0.283052124910884,0.310988426208496,0.226918118790938,0.270852655172348,0,0.280576080083847,0.219550569329345,0,0.262959852814674,0,0.119994543492794,0.299190700054169,0.307239923804473,0,0.232829588716014,0,0,0.289129595458508,0.236112172994083,0.234316963946455,0,0,0,0.300073739141226,0,0.37218773663044,0.277612119913101,0.291197853283284,0,0.32634095962231,0,0,0,0,0,0.293056968599558,0.263205498456955,0.323154193162918,0.263606935739517,0.234351658847096,0.238462067155306,0.290875588087633,0.249309331178665,0.274647759066688
0.257969239167869,0,0.213229134678841,0.255067894563955,0.26413632327102,0.243090086749622,0,0,0.291448891473313,0.284502610564232,0,0,0.186016425490379,0,0.225067276592928,0.299998407363892,0.209880482859728,0.248048402369022,0.255157583888541,0.280890549222628,0,0,0,0,0.303389409184456,0,0,0,0,0,0,0,0,0,0,0.290827146598271,0.255638221899668,0.307181507349014,0.319396913051605,0.255851209163666,0.276376772412034,0.297823750055753,0.292566516780638,0.331060618162155,0.263755439642514,0.293860122561455,0.24617779098059,0,0.21327853307486,0.291540014206386,0.21735814863697,0,0,0,0.294021198629505,0,0,0.288172653317451,0.184300512075424,0.289129595458508,0,0.293580544191402,0.269833434195746,0,0,0,0,0.281753237430866,0,0.238995917638143,0,0,0.28760489821434,0,0,0,0,0,0.28705093051706,0.277605218933774,0,0.334655874967575,0.264703190516397,0.246249846436761,0.271907978351802,0,0.277655485001477
0.294160676841763,0.254439326448251,0.272016108036041,0.229575519605229,0,0.233855366706848,0,0,0.29053593724966,0.201557755710617,0,0.30415603518486,0,0.283162984946003,0.263015484809875,0.23193131260252,0,0.282962461312612,0.288384970718174,0.312749285388876,0,0,0,0.225425252647594,0,0.183526633679867,0,0,0,0,0,0,0,0,0,0.265700507164001,0.268430841465791,0.273229509592056,0.275560706853867,0,0.296916276216507,0.279748072655037,0.286535056574004,0.28440212044451,0.256723259886106,0.270535610943494,0.266911756247282,0,0.285710978507996,0.227437763071772,0,0,0,0,0.272973418235779,0.272226513458226,0,0.292411392549013,0,0.236112172994083,0.293580544191402,0,0.230666725750429,0,0,0,0.276745992159093,0.269449934363365,0.219132358628356,0.276258352398872,0.410268086533359,0,0.319444234172503,0,0,0,0,0,0.296680720789092,0.264304935932159,0.308478325605392,0,0.218151900660047,0.269278775821949,0.308673653762912,0.249004319310188,0.283896673809398
