0,0,47.8715056180954,0,0,0,0,0,499.304956287146,0,0,0,0,0,48.4310582876205,0,0,0,3.56845284998417,0,0,0,0,0,39.6952922344208,0,3.88957834243774,0,0,0,0,0,0,0,0,0,0,0,0,0,0,0,8.29403939843178,0,0,0,0,0.414612144231796,610.978980481625,0,0,0,0,0,68.8938311934471,0,0,0,0,0,188.83878993988,0,0,0,0,0,0,0,0,28.5932216644287,0,0,0,0,0,0,0,0,0,0,0,0,237.0649343431,0,158.749545156956,0,0
0,0,0,73.6290355920792,0,2.68333792686462,0,0,0,854.548978865147,0,0,0,0,0,10.6206482648849,0,0,10.4317681789398,0,0,0,0,0.662257313728333,0,0,0,0,0,0,0,0,0,0,0,0,0,0.385879755020142,0,0,0,13.8130637407303,0,0,0,0,0,1.34358325600624,0.353975176811218,119.573443055153,0,2.92463755607605,0,0,0,521.593933612108,0,0,0,0,0,1.67579019069672,0,0,0,0,0,0,0,0,0,0,0,0,0,0,0.815587759017944,0,0,0,0,0,284.073283076286,0,111.916670262814,27.3092449903488,0
47.8715056180954,0,0,0,8.92079384624958,0,0,0,61.1023862063885,0,0,0,0,0,0,0,0,0.183563053607941,3.49181354045868,0,1.95481859147549,0,0,0,0,0,0,0,0,0,0,0,0,0,0,0,0.435635700821877,0,0,0,1.71188154816628,0,23.8704811036587,0,0,0,36.0317653566599,0.815294697880745,11.1182677596807,0,1.42026616632938,0,0,0,7.80765818059444,0,30.550685107708,0,0,0,0,0,0,3.39537847042084,0,0,0,0,0,0,0,0,0,5.51745991408825,0,0,0,0,0,0.13026174902916,0,0.226406887173653,108.3922354877,0,374.977335974574,0,0
0,73.6290355920792,0,0,0,36.7940323352814,0,0,0,407.484297126532,0,0,0,0,0,73.088324368,0.162512049078941,1.88968884944916,0,0,0,0,0,0,0,0,0,0,0,0,0,0,0,0.356393456459045,0,1.20868062973022,0.113987773656845,0,0,24.8252879083157,0,11.3830881267786,0.630916401743889,1.67146281898022,0,84.2384786754847,0,12.9883134067059,1.65159507095814,18.4133038520813,0,17.8514275550842,0,0,0,201.958044230938,0,4.66887211799622,0,0,0,96.5208182930946,3.71551734209061,0,0,0,0,0,0,0,0,0,0.363981872797012,0.192148804664612,0,0,5.86379781365395,0,0.277351960539818,0.575718224048615,3.22900395095348,0,99.0131181031466,2.41703844070435,795.547657683492,0.367933124303818,0
0,0,8.92079384624958,0,0,0,12.6047065258026,0,110.098027735949,0,3.34673954546452,0,0,0,0,0,3.05516290664673,0,1.03610832989216,0,182.240325137973,0,0,0,0,0,0,0,0,0,0,0,0.698078319430351,0,0.694524213671684,0,89.5181730464101,0,6.86096188426018,0,35.6886108368635,0.125700637698174,33.5144079625607,0,0,0,94.3329839706421,12.9202972501516,109.381382569671,0,602.623309612274,0,1.98027265071869,0,153.721607387066,0,60.6746318042278,0,0,0,0,0,0,163.333112150431,0,0,0,0,0,0,0,0,0,13.445294007659,0,0,0,0,0,73.7233170568943,0.133374288678169,58.2247055843472,270.63747433573,0,254.815915316343,0,0.417907729744911
0,2.68333792686462,0,36.7940323352814,0,0,0,371.187974512577,0,263.572079658508,0,0,0,24.9315781891346,0,36.412715613842,0.429235696792603,0,2.0273857191205,0,0,0,0,0,0,0,0,0,0,0,0,0,0,0.938450932502747,0,23.7819643616676,0,0,0,44.7574633806944,0,15.9388851076365,0.726621598005295,0.963216602802277,0,355.595437005162,0.282304346561432,25.9552543982863,22.08377956599,47.0213130563498,0,2124.62549871206,0,249.471022546291,0,13.8909245431423,0,30.4061292111874,0,154.299365222454,0,24.3996322154999,52.0633140131831,0,0,0,0,0,0,0,0,0,0,0,0,0,7.3592514321208,0,45.3598921224475,0.33526711165905,2.37075544893742,0,1198.88138265908,0,99.8395602032542,0.408930726349354,0.847711071372032
0,0,0,0,12.6047065258026,0,0,0,0,0,15.0092481970787,0,0,0,0,0,0,0,0,0,0,0,0,0,0,0,0,0,0,0,0,0,0,0,0,0,0,0,0,0,0,0,0,0,0,0,0,0,0,0,78.7235367298126,0,133.854093790054,0,0,0,0.72590434551239,0,0,0,0,0,0,0,0,0,0,0,0,0,0,0,0,0,0,0,0,0,0,0,0,0,146.417473077774,0,0,0,0
0,0,0,0,0,371.187974512577,0,0,0,0,0,96.1106386184692,0,155.599624812603,0,0,0,0,0,0,0,0,0,0,0,0,0,0,0,0,0,0,0,0,0,0,0,0,0,0,0,0,0,0,0,0,0,0,0,0,0,73.4092482328415,0,400.648089945316,0,0,0,0.393135011196136,0,76.1424600481987,0,0,0,0,0,0,0,0,0,0,0,0,0,0,0,0,0,0,0,0,0,0,369.314840108156,0,0,0,0
499.304956287146,0,61.1023862063885,0,110.098027735949,0,0,0,0,3.97404487431049,0.243368491530418,0,0,0,261.190210744739,0,577.417811051011,72.403393894434,163.777593672276,0,0,0,0,3.08751267194748,176.891899883747,0.745675206184387,43.8303118944168,0,0,0,0,0,0,0,0,0,0,0,264.931589633226,3.23980511724949,0.770263820886612,10.7142136991024,11.1249902993441,0.299490690231323,0,2.07316236197948,10.4136650413275,0.266589194536209,39.1394737958908,0,7.63677859306335,0,0,0,1712.83907285333,4.89727294445038,4.42477168142796,0,0,0,96.2576693892479,0,0.194539606571198,2.14195415377617,0,0,0,42.3556289076805,0,2.54596307873726,0,0,0,1.71916478872299,0,0,1.11951494216919,0,2.75413048267365,10.5712759494781,5.30103413760662,30.6161324679852,1074.89973808825,0,129.593102365732,0.366495013237,4.76584509015083
0,854.548978865147,0,407.484297126532,0,263.572079658508,0,0,3.97404487431049,0,0,0,0,0,0,114.27989038825,40.0337158292532,139.008470132947,40.7384954839945,0,0,0,0,72.2481590211391,0.66234727203846,4.7616786211729,0,0,0,0,0,0,0,0,0,0,0,19.4528269916773,0.359356939792633,2.71355080604553,0.613898038864136,40.5068289935589,0.385987818241119,0,0,0,0,0,0,0,0,18.631940215826,0,0,0,706.302965074778,0,0,0,6.84522417187691,0,44.9488387256861,0,0,0,0,1,0,10.6654801368713,0,0,0,0,0,0,0,0,0,0,0.175906136631966,20.0143764019012,1.95481824874878,1033.10807560384,3.3981317281723,80.9190015792847,1.15845155715942,0
0,0,0,0,3.34673954546452,0,15.0092481970787,0,0.243368491530418,0,0,0,26.7990462779999,0,0,0,3.48124301433563,0.307763159275055,18.4184024780989,0,292.708888724446,0,0,0,0,0,0,0,0,0,93.4754620939493,0,0,0,0,0,252.631431423128,0,296.452474474907,0.22049742937088,3.09440529346466,0.235075086355209,13.0724868178368,0,0.782594442367554,1.45824325084686,16.2315568327904,0.227205231785774,1.14329682290554,0,0.196480140089989,0,68.4749152064323,0,0,0,526.434416785836,0,0,0,0,0,0,167.374478086829,0,0,0,0,0,1.45851242542267,0,0,0,1.05672596395016,0,0,0,0,0,292.332501582801,0.526746153831482,18.6592953503132,219.678441561759,0,17.842618137598,0,3.55700150132179
0,0,0,0,0,0,0,96.1106386184692,0,0,0,0,0,113.223222136497,0,0,0,0,0.154800832271576,152.717141762376,0,0,0,0,0,0,0,0,0,22.1444212198257,0,0,0,0,0,2,0,620.607982650399,0,0.952929511666298,0,1.97274619340897,0,0,0,83.3042029589415,0,0.324667304754257,0,0,0,0,0,0,0,0,0,811.189722269773,0,37.3374031186104,0,0,168.676583990455,0,0,0,0,0,0,0,0,0,25.5516733825207,0,0,0,0,0,5.56756693124771,0,192.038041174412,0,625.851951032877,0,12.590280175209,0,0
0,0,0,0,0,0,0,0,0,0,26.7990462779999,0,0,0,1,0,0,0,0,0,0,0,0,0,0,0,0,0,0,0,0,0,0,0,0,0,0,0,0,0,0,0,0,0,0,0,0,0,0,0,0,0,0,0,0,0,3.0823130607605,0,28.7867743968964,0,0,0,0,0,0,0,0,0,0,0,0,0,0,0,0,0,0,0,0,0,0,0,1,0,0,0,0
0,0,0,0,0,24.9315781891346,0,155.599624812603,0,0,0,113.223222136497,0,0,0,26.1410673856735,0.790152132511139,21.9104818403721,0,0,0,0.258905827999115,0,1.70472067594528,0,0,0,34.2713493108749,0,0,0,0,0,0,0,0,0,0,0,0,0,0,0,0,0,0,0,0,0,0,0,34.1190158128738,0,5.46653735637665,0,0,0,43.2294840812683,0,1248.9682854414,0,222.643883705139,0,0,0,0,0,0,0.565776109695435,0,77.5599381923676,0,0,0,0,0,0,0,0,0,0,0,118.694661736488,42.4334425330162,0,0,0
48.4310582876205,0,0,0,0,0,0,0,261.190210744739,0,0,0,1,0,0,0,100.49019280076,6.19209522008896,4.29187321662903,0,0,0,0,0,13.0523723959923,0,12.2950479984283,0,0,0,0,0,0,0,0,0,0,0,0,0,0,0.932816922664642,0,0,0,0,0,0,0,0.230715274810791,2.78810572624207,0,0,0,218.90029323101,0,0,0,58.0523118972778,0,321.562437534332,0,0,0,0,0,0,2.13056254386902,0,0,0,0,0,0,0,0,0,0,0.0846958234906197,0.19073212146759,0,0,86.3272159397602,1.69709354639053,0,0,0
0,10.6206482648849,0,73.088324368,0,36.412715613842,0,0,0,114.27989038825,0,0,0,26.1410673856735,0,0,27.4429586678743,250.079376131296,4.66178858280182,0,0,0,0,2.42981296777725,0,65.2743844985962,0,1.59078896045685,0,0,0,0,0,0,0,0,0,0,0,0,0,0,0,0,0,0,0,0,0,5.10067427158356,0,7.98887673020363,0,0,0,0,0,5.78379222750664,0,94.5682336986065,0,350.370983481407,0,0,0,0,0,0,26.2196895182133,0,0,0,0,0,0,0,0,0,0,3.37830877304077,0,0,295.821010038257,6.57452386617661,0,0,0
0,0,0,0.162512049078941,3.05516290664673,0.429235696792603,0,0,577.417811051011,40.0337158292532,3.48124301433563,0,0,0.790152132511139,100.49019280076,27.4429586678743,0,11249.0434392616,4300.13306865841,0,0,124.858290031552,798.726500824094,107.035841524601,582.665740519762,185.349549233913,992.862742200494,5.52391847968102,8.73785120248795,0,0,0,0,2.2480161935091,0,0.692963488399982,3.5990484803915,0,1.25430998206139,20.0307386294007,17.5279263183475,44.070556730032,36.8979323282838,6.2960469275713,4.70474016666412,2.89290727674961,9.82387606054544,2.55897409468889,0.170356526970863,4.77138712257147,0,0,0,0,0,11.0515126287937,12.2255046591163,0.185137197375298,0,0,3.03781387209892,51.5607612431049,0,0.226438596844673,4.054527759552,35.3890095949173,2.05384629964828,0,204.514511942863,40.069453895092,0,0,0.437219500541687,3.46715468168259,0,0,1.40952774882317,0,24.9893627986312,76.0960403978825,15.3205570653081,39.7200677841902,15629.26522737,845.686438113451,51.0370512530208,2.92503669112921,9.10917833447456
0,0,0.183563053607941,1.88968884944916,0,0,0,0,72.403393894434,139.008470132947,0.307763159275055,0,0,21.9104818403721,6.19209522008896,250.079376131296,11249.0434392616,0,4072.36246600002,0.212988957762718,0,955.833484187722,11.3503823280334,385.226603075862,117.423354998231,3547.81833678484,35.6196347549558,1087.1949891299,0,0,0,0,0,2.95757293701172,0,2.36264677345753,2.84503652900457,0,0.449378848075867,33.4499829560518,17.7616341784596,119.689913734794,41.6129125952721,8.69248449802399,3.86028516292572,6.28654778748751,12.7098504453897,3.80213447660208,0.149654716253281,20.3910343423486,0,0,0,0,0,5.55083914101124,5.49443589895964,1.58898749947548,0,0,0,302.06645180285,2.54507103562355,0.721338778734207,10.7980520427227,0,57.5947992801666,0,2294.44934530556,6.39173386991024,38.1611948311329,0.211689651012421,0.927018716931343,4.61564658582211,0,0,2.40946553647518,0,89.0472183823586,34.6106130108237,47.6815452724695,15.4723808020353,13016.4043966979,876.081146255136,48.9954706281424,6.14079084992409,8.41377486288548
3.56845284998417,10.4317681789398,3.49181354045868,0,1.03610832989216,2.0273857191205,0,0,163.777593672276,40.7384954839945,18.4184024780989,0.154800832271576,0,0,4.29187321662903,4.66178858280182,4300.13306865841,4072.36246600002,0,0.582039296627045,5.97967547178268,13.7231295257807,5.35262149572372,86.991839542985,65.0147839933634,88.1170296221972,28.6062407791615,1.50097525119781,0,0,0,1.25754356384277,0,24.5676669925451,0,42.6715882569551,37.2224853262305,4.32216110825539,36.4834765940905,631.53786124289,320.689650632441,1545.3136145547,719.852911829948,523.460877969861,122.335369721055,186.847203075886,567.899220086634,48.5372125729918,10.5111150443554,214.859641984105,0.634582340717316,0,0,0,0,6.6162284463644,180.382516145706,45.8571769297123,0,0,0.73166435956955,22.2043138444424,53.1061287522316,40.9281792864203,1.12416338920593,1.50473237037659,2.10539621114731,0,108.831452444196,32.5052136778831,0,0,62.3683630004525,138.770457714796,0,0,53.2368851974607,0,1149.66875509173,1406.59321731329,757.229732938111,706.890038684011,5116.13778910786,22.1421694010496,1365.41124646366,253.596882402897,114.547065854073
0,0,0,0,0,0,0,0,0,0,0,152.717141762376,0,0,0,0,0,0.212988957762718,0.582039296627045,0,0,0,0,0,0,0,0,0,0,0,0,0,0,0.932495206594467,0.210283905267715,700.803826898336,0,14.5242964029312,0,16.1044901013374,0,35.579612351954,0,0.858422458171844,0,368.459489509463,0.123674295842648,6.05195844173431,5.83111691474915,15.6544981747866,0,0,0,0,0,0,0,29.8460432291031,0,0,0,0,1202.72632134706,0,0,0,0,0,0,0,0,0,6.65835407376289,0,0,0,0.701262518763542,0,157.694596864283,0,7.53540188074112,0,240.085306808352,0,38.1274278461933,0,0
0,0,1.95481859147549,0,182.240325137973,0,0,0,0,0,292.708888724446,0,0,0,0,0,0,0,5.97967547178268,0,0,0,0,0,0,0,0,0,0,0,0,0,0,0,0,0,759.104192972183,0,230.073859319091,0,1.66356064379215,0.718621373176575,14.8127736747265,0,0,0,39.2387630939484,0.231898650527,1.63872027397156,0,24.9241454452276,0,0,0,0,0,417.698929488659,0,0,0,0,0,0,1506.58992996812,0,0,0,0,0,0,0,0,0,6.55440671741962,0,0,0,0.152006387710571,0,1812.5939347446,0,958.175522834063,791.971023350954,0,152.974227629602,0,2.0700449347496
0,0,0,0,0,0,0,0,0,0,0,0,0,0.258905827999115,0,0,124.858290031552,955.833484187722,13.7231295257807,0,0,0,81.6297717094421,195.461707741022,0,130.639477834105,0,217.636925190687,0,0,0,0,0,0,0,0,0,999.684266328812,0,0.191059827804565,0,4.21730548143387,1.03623843193054,0,0,1.67126646637917,0,0,0,556.686767339706,0,0,0,0,0,0,0,10.9827558249235,0,0,0,1.64710199832916,0.550444737076759,0,3668.12919508666,0,73.3295971751213,0,79.2299229204655,0,464.440377160907,0,85.5918903499842,0,0,0,0,0,0.190437793731689,0,861.936236038804,0,1659.39632686973,573.18642270565,7.96975825726986,0,0
0,0,0,0,0,0,0,0,0,0,0,0,0,0,0,0,798.726500824094,11.3503823280334,5.35262149572372,0,0,81.6297717094421,0,0,3.38727235794067,0,21.5492124259472,0,5.24018454551697,0,0,0,0,0,0,0,0,0,433.669180080295,0,0,0,0,0,0,0,0,0,315.223477274179,0,0,0,0,0,0,0,0.306181132793427,0,0,0,0,0,0,0,3.3836305141449,2372.78289234638,0,0,0,6.94172143936157,0,0.758651793003082,0,0.296149134635925,0,0,0,0,0,0,0,310.68452142179,474.548478901386,1.10160967707634,0,0,0
0,0.662257313728333,0,0,0,0,0,0,3.08751267194748,72.2481590211391,0,0,0,1.70472067594528,0,2.42981296777725,107.035841524601,385.226603075862,86.991839542985,0,0,195.461707741022,0,0,18.8124262392521,231.219277009368,5.56298154592514,0.389719486236572,0,0,0,0,0,0,0,0,0,324.180383116007,0,0,0.537660717964172,3.03541928529739,0,0,0,0,0,0,0,152.310589194298,0,0,0,0,0,26.2084674537182,0,0,0,0,0,12.4512239247561,0,0,76.2280423939228,0,1433.40585589409,0,28.8145375996828,0,5.27780950069427,0,0,0,0,0,0,0,0.808456122875214,0,58.5120261609554,0,1247.60467679799,2.73894952237606,2.25659066438675,0,0.171927228569984
39.6952922344208,0,0,0,0,0,0,0,176.891899883747,0.66234727203846,0,0,0,0,13.0523723959923,0,582.665740519762,117.423354998231,65.0147839933634,0,0,0,3.38727235794067,18.8124262392521,0,0,371.598696738482,0,0,0,0,0,0,0,0,0.267220050096512,0.303260192275047,0,186.871077179909,3.02160787582397,0.12880103290081,5.32508072257042,7.90573489665985,0,0.14444425702095,1.80896423757076,0.516226202249527,0.127218440175056,85.1392976939678,0.117179326713085,0,0,0,0,91.0023097991943,0,0.148221924901009,0,0,0,0,0.258923709392548,0,0.183785185217857,0,0,0,120.554047077894,0,130.883444398642,0,0,0,0,0,0,0,0,1.73594951629639,10.2649238854647,1.52846911549568,35.9849033951759,1382.38893353939,1.14141726493835,31.8370669037104,0,4.54422456026077
0,0,0,0,0,0,0,0,0.745675206184387,4.7616786211729,0,0,0,0,0,65.2743844985962,185.349549233913,3547.81833678484,88.1170296221972,0,0,130.639477834105,0,231.219277009368,0,0,0,197.783004283905,0,0,0,0,0,0,0,0,0,0,0,3.14437666535378,0,0.165034830570221,0,0,0,0,0,0,0,0,0,0,0,0,0,4.26068592071533,0,0,0,0,0,5.97448736429214,0,0,2.54683673381805,0,20.8905060589314,0,339.817180305719,0,33.5478824973106,0,0,0,0,0,0,0,0.114091940224171,0,0.274806886911392,0,827.747173666954,78.241460442543,0,0,0.1101154088974
3.88957834243774,0,0,0,0,0,0,0,43.8303118944168,0,0,0,0,0,12.2950479984283,0,992.862742200494,35.6196347549558,28.6062407791615,0,0,0,21.5492124259472,5.56298154592514,371.598696738482,0,0,0,42.3125505447388,0,0,0,0,0,0,0,0,0,0,0.638982057571411,0,0.244389325380325,2.99656900763512,0,0,0,0,0,0,0,0,0,0,0,37.8690138757229,0,0,0,0,0,0,0.985267579555511,0,0,0,0.409384220838547,0,93.5084274709225,0,149.092206731439,0,190.769936800003,0,0,0,0,0,0,0.505668252706528,1.36511227488518,0,2.91641712188721,583.392470687628,16.2077848911285,4.70259718596935,0.2566799223423,0
0,0,0,0,0,0,0,0,0,0,0,0,0,34.2713493108749,0,1.59078896045685,5.52391847968102,1087.1949891299,1.50097525119781,0,0,217.636925190687,0,0.389719486236572,0,197.783004283905,0,0,0,29.7662280797958,0,0,0,0,0,0,0,0,0,0,0,0,0,0,0,0,0,0,0,0,0,0,0,0,0,0,0,0,0,2.34893679618835,0,0,0,0,16.2771095633507,0,0,0,42.3206046521664,0,808.436193674803,0,0,0,0,0,0,0,0,0,40.6283431053162,0,309.450568467379,46.6835997402668,0,0,0
0,0,0,0,0,0,0,0,0,0,0,0,0,0,0,0,8.73785120248795,0,0,0,0,0,5.24018454551697,0,0,0,42.3125505447388,0,0,0,14.504653096199,0,0,0,0,0,0,0,56.1058931350708,0,0,0,0,0,0,0,0,0,0,0,0,0,0,0,0,0,0,0,0,0,0,0,0,0,0,49.056697934866,0,0,0,0,0,365.70990768075,0,0,0,0,0,0,0,0,0,247.258601233363,12.1934702396393,12.6881875991821,0,0,0
0,0,0,0,0,0,0,0,0,0,0,22.1444212198257,0,0,0,0,0,0,0,0,0,0,0,0,0,0,0,29.7662280797958,0,0,0,0,0,0,0,0,0,622.959446012974,0,0,0,0,0,0,0,0,0,0,0,0,0,0,0,0,0,0,0,6.03679347038269,0,0,0,0,0,0,0,0,0,0,0,0,0,0,320.765597194433,0,0,0,0,0,0,0,130.64925724268,0,206.562852621078,0,0,0,0
0,0,0,0,0,0,0,0,0,0,93.4754620939493,0,0,0,0,0,0,0,0,0,0,0,0,0,0,0,0,0,14.504653096199,0,0,0,0,0,0,0,0,0,63.2128257751465,0,0,0,0,0,0,0,0,0,0,0,0,0,0,0,0,0,10.8941257447004,0,0,0,0,0,0,0,0,0,0,0,0,0,0,0,0,92.0713813602924,0,0,0,0,0,0,0,0,0,56.4428209066391,0,0,0
0,0,0,0,0,0,0,0,0,0,0,0,0,0,0,0,0,0,1.25754356384277,0,0,0,0,0,0,0,0,0,0,0,0,0,1954.19131578505,140.16105350107,3.06779146194458,20.1465689912438,15.766829252243,0,0,0,0,0.901918441057205,0,0,0,1.48592749238014,0,562.825458213687,2.89983981847763,4.86884890496731,0,0,0,0,0,0,0,0,0,0,0,0,0,0,0,0,0,0,0,0,0,0,0,0,1669.16387684643,670.260310515761,52.7608232349157,0,35.9376600980759,333.659564390779,0.768608942627907,0,374.327292189002,0,3.36684287339449,0.150122046470642,0
0,0,0,0,0.698078319430351,0,0,0,0,0,0,0,0,0,0,0,0,0,0,0,0,0,0,0,0,0,0,0,0,0,0,1954.19131578505,0,154.691515803337,37.7152107954025,24.1045777201653,275.896818906069,0,0,0,3.54668553173542,0.168475598096848,0.149024456739426,0,0,0.670268148183823,2.22254630923271,314.795218348503,17.5679509788752,1.98615616559982,0,0,0,0,0,0,0.308297038078308,0,0,0,0,0,0,2.17941844463348,0,0,0,0,0,0,0,0,0,0,2537.84931994975,3285.31805683672,325.711520940065,154.165631592274,22.4571087956429,1992.94669683278,0,0,374.208226948977,0,0.347134590148926,0,0
0,0,0,0.356393456459045,0,0.938450932502747,0,0,0,0,0,0,0,0,0,0,2.2480161935091,2.95757293701172,24.5676669925451,0.932495206594467,0,0,0,0,0,0,0,0,0,0,0,140.16105350107,154.691515803337,0,1810.05952522159,606.048503257334,105.095449745655,34.3247790038586,1.00477731227875,27.6387731358409,0,70.3346692696214,20.3753282427788,1.9003944247961,0,4.57811610400677,1.77196598052979,2768.42700576037,283.507099121809,208.060056827962,0,0,0,0,0,0,0.139204055070877,0.408172160387039,0,0,0,0,2.95057287067175,0,0,0,0,0,0,0,0,0,0.6143998503685,0,116.847013495862,0.35155938565731,2444.87064692378,603.318565964699,408.41830778867,3.58415046334267,245.827925294638,1.64733058214188,782.696724638343,0,59.2060099616647,4.32449179887772,0.141421630978584
0,0,0,0,0.694524213671684,0,0,0,0,0,0,0,0,0,0,0,0,0,0,0.210283905267715,0,0,0,0,0,0,0,0,0,0,0,3.06779146194458,37.7152107954025,1810.05952522159,0,15.4972289204597,56.6439118385315,78.0908870697021,153.144804358482,0.667818784713745,1.62089098989964,0.635212697088718,0.520006000995636,0,0,4.44192476570606,2.46804586052895,1058.11160491407,593.281799122691,8.17374232411385,0.326985090970993,0,0,0,0.180074274539948,0,0.433706119656563,0,0,0,0,0,0.947248548269272,2.02314269542694,0,0,0,0,0,0,0,0,0,0,5.54225969314575,57.1998837888241,3556.51661232114,3330.00402057171,6.98034620285034,112.860100962222,1.1589420735836,176.628192782402,133.449468567967,0,10.0844597518444,0.239331528544426,0
0,0,0,1.20868062973022,0,23.7819643616676,0,0,0,0,0,2,0,0,0,0,0.692963488399982,2.36264677345753,42.6715882569551,700.803826898336,0,0,0,0,0.267220050096512,0,0,0,0,0,0,20.1465689912438,24.1045777201653,606.048503257334,15.4972289204597,0,635.904521644115,1714.42246077955,0,16.4244809001684,0,100.317011967301,4.84533824026585,6.35747596621513,0,314.295610040426,0,34.4950090944767,73.7007102966309,21.5037893652916,0,0,0,0,0,0,1.12053537368774,4.58620534092188,0,0,0,0,335.841869220138,0,0,0,0,0,0,0,0,0,4.78100150823593,0,111.307589866221,0,285.24061921984,0,16119.8158020005,156.496995210648,447.240715406835,0.468293279409409,3577.0943634063,1366.9728539288,79.9426317587495,6.56264154613018,0.552843868732452
0,0,0.435635700821877,0.113987773656845,89.5181730464101,0,0,0,0,0,252.631431423128,0,0,0,0,0,3.5990484803915,2.84503652900457,37.2224853262305,0,759.104192972183,0,0,0,0.303260192275047,0,0,0,0,0,0,15.766829252243,275.896818906069,105.095449745655,56.6439118385315,635.904521644115,0,0,1513.85414583236,2.6210546195507,28.4282215833664,8.19672580808401,76.8067713156343,0,0,0,283.805255718529,9.41532860696316,124.35457380116,1.45616626739502,2.88885182142258,0,0,0,0,0,20.2751964554191,0,0,0,0,0,0,314.908344484866,0,0,0,0,0,0.342018485069275,0,0,0,5.82787846773863,0,4.0585053563118,14.2970933914185,0,43.7523336708546,12757.6001505554,0.237882390618324,1633.89766681194,2877.9260083288,1277.69894950092,56.9172576740384,0.452477902173996,4.89127416163683
0,0.385879755020142,0,0,0,0,0,0,0,19.4528269916773,0,620.607982650399,0,0,0,0,0,0,4.32216110825539,14.5242964029312,0,999.684266328812,0,324.180383116007,0,0,0,0,0,622.959446012974,0,0,0,34.3247790038586,78.0908870697021,1714.42246077955,0,0,0,0,0,341.180475145578,0.265955537557602,0,0,14.8690374642611,0,208.533931061625,4.45293635129929,310.552773058414,0,0,0,0,0,0,0,49.37957637012,0,0,0,0,6.56474334001541,0,372.673546016216,0,47.7218393236399,0,0,0,30.7919422984123,0,13.5789156258106,0,0,0,116.545378297567,0,485.307977437973,0,9438.50729945302,0,1573.07179239392,372.82936514914,257.040102034807,0.8878303617239,0.409357845783234
0,0,0,0,6.86096188426018,0,0,0,264.931589633226,0.359356939792633,296.452474474907,0,0,0,0,0,1.25430998206139,0.449378848075867,36.4834765940905,0,230.073859319091,0,433.669180080295,0,186.871077179909,0,0,0,56.1058931350708,0,63.2128257751465,0,0,1.00477731227875,153.144804358482,0,1513.85414583236,0,0,0.625758811831474,13.0462629497051,1.28457336127758,31.4681086987257,0,3.93958735466003,0,46.5074744299054,363.509665042162,297.169212073088,0.507063552737236,0,0,0,0,141.311860889196,0,5.32645265758038,0,0,0,0,0,0,143.612316131592,0,155.339742600918,0,43.2118114233017,0,0,0,2,0,2.84435819089413,0,0,1.46605089306831,14.8908632993698,0.463232785463333,449.837575472891,1.04181027412415,7307.80639190227,1278.17837118357,882.46535769105,95.7019798904657,0,8.27315153181553
0,0,0,24.8252879083157,0,44.7574633806944,0,0,3.23980511724949,2.71355080604553,0.22049742937088,0.952929511666298,0,0,0,0,20.0307386294007,33.4499829560518,631.53786124289,16.1044901013374,0,0.191059827804565,0,0,3.02160787582397,3.14437666535378,0.638982057571411,0,0,0,0,0,0,27.6387731358409,0.667818784713745,16.4244809001684,2.6210546195507,0,0.625758811831474,0,4.76667995750904,1255.24984653294,44.3145188763738,20.113341063261,1.14970955252647,1390.61134810746,9.14067200571299,286.86277063936,29.7099288925529,717.279757358134,0,0,0,0,0,0,4.82819591462612,28.9592963084579,0,0,0,0,212.309600278735,0,0.219314187765121,0,0,0,0.193576574325562,0,0.160749718546867,0,21.5638637989759,0,0.150777533650398,0,52.7253737896681,0,527.309133052826,14.0593267083168,87.9767675176263,15.9346698522568,658.197396993637,2.3869047164917,629.092684239149,33.5967225879431,4.15254409611225
0,0,1.71188154816628,0,35.6886108368635,0,0,0,0.770263820886612,0.613898038864136,3.09440529346466,0,0,0,0,0,17.5279263183475,17.7616341784596,320.689650632441,0,1.66356064379215,0,0,0.537660717964172,0.12880103290081,0,0,0,0,0,0,0,3.54668553173542,0,1.62089098989964,0,28.4282215833664,0,13.0462629497051,4.76667995750904,0,20.2993936613202,707.818212963641,0.382217213511467,1.51637668907642,2.49314078688622,1545.2088476643,58.2914205566049,531.678305581212,1.53255605697632,3.75029419362545,0,0,0,0.21281586587429,0,46.6349343210459,0,0,0,0,0,0.296493738889694,92.1586346775293,0,0.240354135632515,0,0,0,0.183662757277489,0,0,0,24.3040371239185,0,0,1.65542867779732,0.231131970882416,9.70282978564501,891.284789606929,7.42987471818924,111.517749518156,130.914684318006,0,888.605234503746,0.976295322179794,31.4472030997276
0,13.8130637407303,0,11.3830881267786,0.125700637698174,15.9388851076365,0,0,10.7142136991024,40.5068289935589,0.235075086355209,1.97274619340897,0,0,0.932816922664642,0,44.070556730032,119.689913734794,1545.3136145547,35.579612351954,0.718621373176575,4.21730548143387,0,3.03541928529739,5.32508072257042,0.165034830570221,0.244389325380325,0,0,0,0,0.901918441057205,0.168475598096848,70.3346692696214,0.635212697088718,100.317011967301,8.19672580808401,341.180475145578,1.28457336127758,1255.24984653294,20.2993936613202,0,193.240514352918,77.4154159575701,0.827137514948845,476.534868389368,18.3688190430403,436.494860380888,13.2876372337341,1198.60346701741,0,0,0,0,0,0,24.7310664132237,357.398761183023,0,0,0,2.33171081542969,735.61024287343,0,1.85458767414093,0,0,0,0.279297918081284,0.218699082732201,3.4551540017128,0,508.968139857054,9.60428576171398,0.478707030415535,0,91.0730922818184,0,1802.71317548305,69.2676556780934,1247.20536970347,29.8978591263294,1561.79962480813,2.89090242236853,1643.80506467819,908.006399683654,11.0321996510029
8.29403939843178,0,23.8704811036587,0.630916401743889,33.5144079625607,0.726621598005295,0,0,11.1249902993441,0.385987818241119,13.0724868178368,0,0,0,0,0,36.8979323282838,41.6129125952721,719.852911829948,0,14.8127736747265,1.03623843193054,0,0,7.90573489665985,0,2.99656900763512,0,0,0,0,0,0.149024456739426,20.3753282427788,0.520006000995636,4.84533824026585,76.8067713156343,0.265955537557602,31.4681086987257,44.3145188763738,707.818212963641,193.240514352918,0,4.71615612506866,11.2868645340204,6.59163668006659,399.80419383198,154.93555995822,607.230118438601,22.7816417068243,4.16749583184719,0,0,0,1.17349797487259,0,867.133548624814,0.997891470789909,0,0,0,0,2.40575042366982,460.699097797275,0,2.2674323618412,0,0,0.501026093959808,4.56976139545441,0,3.27934217453003,3.35208271443844,666.954348251224,0,0,20.6482276320457,0,72.702421747148,2366.24124380201,58.8194672986865,855.203338928521,844.83596123755,1.43695668876171,2640.87031611055,25.9813030958176,551.938412070274
0,0,0,1.67146281898022,0,0.963216602802277,0,0,0.299490690231323,0,0,0,0,0,0,0,6.2960469275713,8.69248449802399,523.460877969861,0.858422458171844,0,0,0,0,0,0,0,0,0,0,0,0,0,1.9003944247961,0,6.35747596621513,0,0,0,20.113341063261,0.382217213511467,77.4154159575701,4.71615612506866,0,0,9.42303425818682,4.98095260560513,6.7146952599287,0,35.0888871699572,0,0,0,0,0,0,0.214991554617882,7.80791872739792,0,0,0,0,5.11956198513508,0,0,0,0,0,0,0,1.17541080713272,0,30.9588095545769,0.181096285581589,0,0,8.47648113965988,0,103.498581796885,2.296630859375,355.337373077869,4.1654634475708,34.3831590414047,0,30.1131121516228,6.72359153628349,0
0,0,0,0,0,0,0,0,0,0,0.782594442367554,0,0,0,0,0,4.70474016666412,3.86028516292572,122.335369721055,0,0,0,0,0,0.14444425702095,0,0,0,0,0,0,0,0,0,0,0,0,0,3.93958735466003,1.14970955252647,1.51637668907642,0.827137514948845,11.2868645340204,0,0,0,2.91374297440052,0,0.834671288728714,0,0,0,0,0,0,0,10.8329287320375,0,0,0,0,0,0,2.63647675514221,0,0,0,0,0,0,0,0,0,7.35101839900017,0,0,0,0,1.51732456684113,22.3117156773806,0.19062277674675,72.9678529947996,11.4444233328104,0,8.5470208376646,0,4.59474168717861
0,0,0,84.2384786754847,0,355.595437005162,0,0,2.07316236197948,0,1.45824325084686,83.3042029589415,0,0,0,0,2.89290727674961,6.28654778748751,186.847203075886,368.459489509463,0,1.67126646637917,0,0,1.80896423757076,0,0,0,0,0,0,1.48592749238014,0.670268148183823,4.57811610400677,4.44192476570606,314.295610040426,0,14.8690374642611,0,1390.61134810746,2.49314078688622,476.534868389368,6.59163668006659,9.42303425818682,0,0,6.44046886265278,144.848463624716,240.578838393092,273.304670847952,0,0,0,0,0,0,2.93268585205078,326.091779857874,0,0,0,0,2062.3730667457,0,0,0,0,0,0,0,0.513975605368614,0,289.208234541118,0.761525213718414,2.05297422409058,0,27.5045829042792,0,2565.58679781854,10.5979892015457,980.807252109051,1.66780939698219,465.747589454055,53.6055717915297,1213.81217507273,68.9778635725379,0
0,0,36.0317653566599,0,94.3329839706421,0.282304346561432,0,0,10.4136650413275,0,16.2315568327904,0,0,0,0,0,9.82387606054544,12.7098504453897,567.899220086634,0.123674295842648,39.2387630939484,0,0,0,0.516226202249527,0,0,0,0,0,0,0,2.22254630923271,1.77196598052979,2.46804586052895,0,283.805255718529,0,46.5074744299054,9.14067200571299,1545.2088476643,18.3688190430403,399.80419383198,4.98095260560513,2.91374297440052,6.44046886265278,0,83.7208514362574,513.535331189632,3.24389809370041,2.978162124753,0,0,0,0.482448816299438,0,170.044220678508,0.269041627645493,0,0,0,0,2.39297914505005,668.09325863421,0,0,0,0,0.477660626173019,0,0,0,0.156466528773308,76.1594777554274,0,0.280436009168625,0.263777077198029,1.62135034799576,23.8868125602603,2177.4876871258,12.4228917956352,487.620922528207,199.148850277066,0.845523990690708,693.273584723473,2.34368014335632,15.7638706564903
0.414612144231796,1.34358325600624,0.815294697880745,12.9883134067059,12.9202972501516,25.9552543982863,0,0,0.266589194536209,0,0.227205231785774,0.324667304754257,0,0,0,0,2.55897409468889,3.80213447660208,48.5372125729918,6.05195844173431,0.231898650527,0,0,0,0.127218440175056,0,0,0,0,0,0,562.825458213687,314.795218348503,2768.42700576037,1058.11160491407,34.4950090944767,9.41532860696316,208.533931061625,363.509665042162,286.86277063936,58.2914205566049,436.494860380888,154.93555995822,6.7146952599287,0,144.848463624716,83.7208514362574,0,4287.24702258408,1001.84256003797,1.44679953157902,0,0,0,0,0,6.25331735610962,3.77944234758615,0,0,0,0,55.5921666771173,10.0083541572094,0,0,0,0,0,0,0,0,9.09082464128733,0.723558023571968,488.267112538218,406.893477708101,2812.97013538331,508.762402027845,197.996497936547,1136.33985075355,49.1098722368479,61.3231654912233,852.783794336021,2.61217984557152,1542.55860430747,31.2787788063288,1.04070690274239
610.978980481625,0.353975176811218,11.1182677596807,1.65159507095814,109.381382569671,22.08377956599,0,0,39.1394737958908,0,1.14329682290554,0,0,0,0,0,0.170356526970863,0.149654716253281,10.5111150443554,5.83111691474915,1.63872027397156,0,315.223477274179,0,85.1392976939678,0,0,0,0,0,0,2.89983981847763,17.5679509788752,283.507099121809,593.281799122691,73.7007102966309,124.35457380116,4.45293635129929,297.169212073088,29.7099288925529,531.678305581212,13.2876372337341,607.230118438601,0,0.834671288728714,240.578838393092,513.535331189632,4287.24702258408,0,54.8065926134586,11.5923120379448,0,0,0,1.24628704786301,0,156.738655112684,0.12570758163929,0,0,51.7845063209534,0,17.2640765160322,59.0222579389811,0,379.822248250246,0,381.392690852284,0,100.78077968955,0,231.623330950737,1.61082503199577,10.1069719046354,0.532345473766327,37.0536572188139,344.129867583513,42.1433644890785,16.8671674802899,125.579546876252,4.22600829601288,1123.35404222459,395.535749234259,0,1133.66746708751,0.678336903452873,1.30768886208534
0,119.573443055153,0,18.4133038520813,0,47.0213130563498,0,0,0,0,0,0,0,0,0.230715274810791,5.10067427158356,4.77138712257147,20.3910343423486,214.859641984105,15.6544981747866,0,556.686767339706,0,152.310589194298,0.117179326713085,0,0,0,0,0,0,4.86884890496731,1.98615616559982,208.060056827962,8.17374232411385,21.5037893652916,1.45616626739502,310.552773058414,0.507063552737236,717.279757358134,1.53255605697632,1198.60346701741,22.7816417068243,35.0888871699572,0,273.304670847952,3.24389809370041,1001.84256003797,54.8065926134586,0,0,0,0,0,0,18.8227767944336,1.69569918513298,97.3995298296213,0,2.20509815216064,0,2,174.270593971014,0.4764564037323,357.689137011766,0,152.472973123193,0,0,0,29.643139064312,0,211.821444451809,1.75915192067623,13.8267179578543,0,186.11079081893,1.40751022100449,442.684992291033,3.74568832665682,519.258863158524,3.54671140760183,386.136326692998,1.9161806255579,750.545256443322,114.96902769804,4.47432006895542
0,0,1.42026616632938,0,602.623309612274,0,78.7235367298126,0,7.63677859306335,0,0.196480140089989,0,0,0,2.78810572624207,0,0,0,0.634582340717316,0,24.9241454452276,0,0,0,0,0,0,0,0,0,0,0,0,0,0.326985090970993,0,2.88885182142258,0,0,0,3.75029419362545,0,4.16749583184719,0,0,0,2.978162124753,1.44679953157902,11.5923120379448,0,0,0,0,0,2,0,26.5778328925371,0,0.360944300889969,0,127.783433675766,0,0,42.9078746885061,0,0,0,0,0,0,0,0,0,1.03006637096405,0,0,0,0,0,7.47173202782869,0,0.561982586979866,24.2984644323587,0,18.7763856500387,0,0
0,2.92463755607605,0,17.8514275550842,0,2124.62549871206,0,73.4092482328415,0,18.631940215826,0,0,0,34.1190158128738,0,7.98887673020363,0,0,0,0,0,0,0,0,0,0,0,0,0,0,0,0,0,0,0,0,0,0,0,0,0,0,0,0,0,0,0,0,0,0,0,0,0,94.311229288578,0,8.77895081043243,0,124.073706269264,0,214.470444858074,0,57.4223571121693,0,0,0,0,0,0,0,0,0,0,0,0,0,0,0,0,0,0,0,0,242.365291774273,0,0,0,0
0,0,0,0,1.98027265071869,0,133.854093790054,0,0,0,68.4749152064323,0,0,0,0,0,0,0,0,0,0,0,0,0,0,0,0,0,0,0,0,0,0,0,0,0,0,0,0,0,0,0,0,0,0,0,0,0,0,0,0,0,0,0,0,0,1.30936586856842,0,0,0,0,0,0,0,0,0,0,0,0,0,0,0,0,0,0,0,0,0,0,0,0,0,13.8178399801254,0,0,0,0
0,0,0,0,0,249.471022546291,0,400.648089945316,0,0,0,0,0,5.46653735637665,0,0,0,0,0,0,0,0,0,0,0,0,0,0,0,0,0,0,0,0,0,0,0,0,0,0,0,0,0,0,0,0,0,0,0,0,0,94.311229288578,0,0,0,0,0,0,0,71.4715387821198,0,0,0,0,0,0,0,0,0,0,0,0,0,0,0,0,0,0,0,0,0,0,98.6323759555817,1.83592462539673,0,0,0
68.8938311934471,0,7.80765818059444,0,153.721607387066,0,0,0,1712.83907285333,0,0,0,0,0,218.90029323101,0,0,0,0,0,0,0,0,0,91.0023097991943,0,37.8690138757229,0,0,0,0,0,0,0,0.180074274539948,0,0,0,141.311860889196,0,0.21281586587429,0,1.17349797487259,0,0,0,0.482448816299438,0,1.24628704786301,0,2,0,0,0,0,0,22.9416313916445,0,0,0,203.319887369871,0,0,0,0,0,0,24.0315126776695,0,28.5942409038544,0,0,0,0,0,0,0,0,0,0,0,47.1717634499073,113.960924118757,0,9.09946678578854,0,0
0,521.593933612108,0,201.958044230938,0,13.8909245431423,0,0,4.89727294445038,706.302965074778,0,0,0,0,0,0,11.0515126287937,5.55083914101124,6.6162284463644,0,0,0,0,26.2084674537182,0,4.26068592071533,0,0,0,0,0,0,0,0,0,0,0,0,0,0,0,0,0,0,0,0,0,0,0,18.8227767944336,0,8.77895081043243,0,0,0,0,0,0,0,13.062514424324,0,14.6603036820889,0,0,0,0,9.88729757070541,0,2.07512217760086,0,0,0,0,0,0,0,0,0,0,0,0,0,85.3585031926632,0,3.33854705095291,0,0
0,0,30.550685107708,0,60.6746318042278,0,0.72590434551239,0,4.42477168142796,0,526.434416785836,0,3.0823130607605,0,0,0,12.2255046591163,5.49443589895964,180.382516145706,0,417.698929488659,0,0.306181132793427,0,0.148221924901009,0,0,0,0,0,10.8941257447004,0,0.308297038078308,0.139204055070877,0.433706119656563,1.12053537368774,20.2751964554191,0,5.32645265758038,4.82819591462612,46.6349343210459,24.7310664132237,867.133548624814,0.214991554617882,10.8329287320375,2.93268585205078,170.044220678508,6.25331735610962,156.738655112684,1.69569918513298,26.5778328925371,0,1.30936586856842,0,22.9416313916445,0,0,0.220143556594849,7.21172571182251,0,4.28281792998314,0,0,1078.94769617915,0,0.610618591308594,0,0,0,0.857391119003296,0,172.427679866552,0.930456250905991,268.841440573335,0,0,0,0,8.76449550688267,149.134660251439,9.99388825893402,162.375503472984,87.215573400259,0,724.337999403477,1.6641521602869,103.888410210609
0,0,0,4.66887211799622,0,30.4061292111874,0,0.393135011196136,0,0,0,811.189722269773,0,43.2294840812683,0,5.78379222750664,0.185137197375298,1.58898749947548,45.8571769297123,29.8460432291031,0,10.9827558249235,0,0,0,0,0,0,0,6.03679347038269,0,0,0,0.408172160387039,0,4.58620534092188,0,49.37957637012,0,28.9592963084579,0,357.398761183023,0.997891470789909,7.80791872739792,0,326.091779857874,0.269041627645493,3.77944234758615,0.12570758163929,97.3995298296213,0,124.073706269264,0,0,0,0,0.220143556594849,0,0,321.023016870022,0,36.6086527705193,167.936293855309,0,7.34200717508793,0,0,0,0,0,16.0946740210056,0,397.709169447422,0.917083382606506,0,0,0.671077661216259,0,72.5627967640758,0.168912455439568,75.5800383687019,0.714481368660927,25.311572805047,0.239508956670761,100.204429991543,67.6384673789144,1.48457753658295
0,0,0,0,0,0,0,0,0,0,0,0,28.7867743968964,0,58.0523118972778,0,0,0,0,0,0,0,0,0,0,0,0,0,0,0,0,0,0,0,0,0,0,0,0,0,0,0,0,0,0,0,0,0,0,0,0.360944300889969,0,0,0,0,0,7.21172571182251,0,0,0,0,0,0,0.184887081384659,0,0,0,0,0,0,0,0,0,0,0,0,0,0,0,0,0,0,0,0,0,0,0
0,0,0,0,0,154.299365222454,0,76.1424600481987,0,6.84522417187691,0,37.3374031186104,0,1248.9682854414,0,94.5682336986065,0,0,0,0,0,0,0,0,0,0,0,2.34893679618835,0,0,0,0,0,0,0,0,0,0,0,0,0,0,0,0,0,0,0,0,0,2.20509815216064,0,214.470444858074,0,71.4715387821198,0,13.062514424324,0,321.023016870022,0,0,0,125.678498625755,0,0,0,0,0,0,0,0,15.6157004833221,0,0,0,0,0,0,0,0,0,0,0,58.6088017225266,3.39411854743958,0,0,0
188.83878993988,0,0,0,0,0,0,0,96.2576693892479,0,0,0,0,0,321.562437534332,0,3.03781387209892,0,0.73166435956955,0,0,0,0,0,0,0,0,0,0,0,0,0,0,0,0,0,0,0,0,0,0,0,0,0,0,0,0,0,51.7845063209534,0,127.783433675766,0,0,0,203.319887369871,0,4.28281792998314,0,0,0,0,0,0,0,0,0,0,0,0,26.3806915283203,0,5.861741065979,0,0,0,0,0,0,0,0,0,0,1.99694830179214,0,0,0,0
0,1.67579019069672,0,96.5208182930946,0,24.3996322154999,0,0,0,44.9488387256861,0,0,0,222.643883705139,0,350.370983481407,51.5607612431049,302.06645180285,22.2043138444424,0,0,1.64710199832916,0,12.4512239247561,0.258923709392548,5.97448736429214,0.985267579555511,0,0,0,0,0,0,0,0,0,0,0,0,0,0,2.33171081542969,0,0,0,0,0,0,0,2,0,57.4223571121693,0,0,0,14.6603036820889,0,36.6086527705193,0,125.678498625755,0,0,0,0,0,0,0,0,21.5448338389397,0.9215247631073,0,0,0,0,0,0,0,0,0,0,0,0,188.613475888968,13.4172424674034,0,0,0
0,0,0,3.71551734209061,0,52.0633140131831,0,0,0.194539606571198,0,0,168.676583990455,0,0,0,0,0,2.54507103562355,53.1061287522316,1202.72632134706,0,0.550444737076759,0,0,0,0,0,0,0,0,0,0,0,2.95057287067175,0.947248548269272,335.841869220138,0,6.56474334001541,0,212.309600278735,0.296493738889694,735.61024287343,2.40575042366982,5.11956198513508,0,2062.3730667457,2.39297914505005,55.5921666771173,17.2640765160322,174.270593971014,0,0,0,0,0,0,0,167.936293855309,0,0,0,0,0,0,0.553780734539032,0,0,0,0,0,1.2694586366415,0,76.1385325714946,0,0,0,3.22860653698444,0,1725.8279928863,2.18000501394272,410.474125690758,0,144.291923515499,0.576082497835159,423.288262151182,18.4840910583735,0
0,0,3.39537847042084,0,163.333112150431,0,0,0,2.14195415377617,0,167.374478086829,0,0,0,0,0,0.226438596844673,0.721338778734207,40.9281792864203,0,1506.58992996812,0,0,0,0.183785185217857,0,0,0,0,0,0,0,2.17941844463348,0,2.02314269542694,0,314.908344484866,0,143.612316131592,0,92.1586346775293,0,460.699097797275,0,2.63647675514221,0,668.09325863421,10.0083541572094,59.0222579389811,0.4764564037323,42.9078746885061,0,0,0,0,0,1078.94769617915,0,0.184887081384659,0,0,0,0,0,0,0,0,0,0,0,0,0.373773634433746,0,90.1093657165766,0,0,0,0,0.305779203772545,2682.21788838506,0.245645061135292,556.332241900265,132.642920590937,0.570380449295044,524.649685256183,0.257619589567184,8.06953893601894
0,0,0,0,0,0,0,0,0,0,0,0,0,0,0,0,4.054527759552,10.7980520427227,1.12416338920593,0,0,3668.12919508666,3.3836305141449,76.2280423939228,0,2.54683673381805,0,16.2771095633507,0,0,0,0,0,0,0,0,0,372.673546016216,0,0.219314187765121,0,1.85458767414093,0,0,0,0,0,0,0,357.689137011766,0,0,0,0,0,0,0,7.34200717508793,0,0,0,0,0.553780734539032,0,0,0,81.6074185073376,0,19.8646997213364,0,219.123608708382,0,22.8736454546452,0,0,0,0,0,0,0,405.921696677804,0,270.531275838614,28.8736655712128,2.61130677163601,0,0
0,0,0,0,0,0,0,0,0,0,0,0,0,0,0,0,35.3890095949173,0,1.50473237037659,0,0,0,2372.78289234638,0,0,0,0.409384220838547,0,49.056697934866,0,0,0,0,0,0,0,0,0,155.339742600918,0,0.240354135632515,0,2.2674323618412,0,0,0,0,0,379.822248250246,0,0,0,0,0,0,0,0.610618591308594,0,0,0,0,0,0,0,0,0,0,25.9392738342285,0,280.09483024478,0,494.328611731529,0,10.8876555860043,0,0,0,0,0,0,0,367.023675501347,116.888199031353,1.68376326560974,0,0,0
