0,0,3.12943525314331,0,0,0,0,0,3.715665228732,0,0,0,0,0,0,0,34.746574988732,50.3649031321208,25.7625255444471,0,0,0,0,0,0,0,0,0,0,0,0,0,0,0,0,0,0,0,0,52.1135139465332,0,50.2985992431641,16.6493974353956,0,0,0,15.5082166671753,0,4.13959277983635,0,0,0,0,0,4.64470455884933,0,0,0,0,0,3.83012850040739,0,82.6149139404297,0,0,0,0,0,0,0,0,0,0,0,0,0,0,0,0,34.0964777469635,0,0,12.9308264953334,0,12.3729176427189,0,0
0,0,0,4.05851171741003,0,0,0,0,0,4.57152677458875,0,0,0,0,0,0,48.9314470291138,18.1889437895555,16.4525350761414,0,0,0,0,2.95755672454834,0,0,0,0,0,0,0,0,0,0,0,0,0,0,0,45.799706141154,0,15.1711760361989,0,13.7015218734741,0,16.0179877281189,49.0065307617188,0,0,4.12987484907111,0,0,0,0,0,4.33295962706856,0,19.1085629463196,0,0,0,4.86364855738573,35.4068756103516,0,0,0,5.52782910445641,0,10.3337346076965,0,0,0,21.9038235346476,0,0,0,0,0,37.5750663757324,0,26.7480020523071,0,6.38306739655408,0,12.5104495500907,12.4533786773682,0
3.12943525314331,0,0,56.4970283508301,10.2324528694153,0,0,0,4.21738833189011,0,0,0,0,0,0,0,0,0,63.8121325174967,0,0,0,0,0,0,0,0,0,0,0,0,0,0,0,55.4215469360352,0,19.3109903335571,0,0,42.2829551696777,40.7194492633526,0,29.2213405385676,0,41.4893760681152,0,26.6570636749268,49.7815984090169,33.8707050310599,0,6.41108105399392,0,0,0,8.11084818840027,0,30.4961615244548,71.3985290527344,3.59786810477575,0,0,0,56.4771728515625,0,0,0,0,0,0,0,0,25.8513870239258,0,30.0039516448975,0,0,0,0,0,46.4915877448188,0,34.2029590606689,27.7482779065768,29.1142503061602,31.3779832513436,0,20.9147438049316
0,4.05851171741003,56.4970283508301,0,0,6.52119016647339,0,0,0,3.71754216064106,0,0,0,0,0,0,66.229398727417,62.3579444885254,46.9537891149521,11.6620945249285,0,0,0,0,0,0,0,0,0,0,0,0,0,0,0,18.9162523269653,0,0,0,37.0329900317722,0,29.8271402763598,77.7013301849365,35.1555633544922,0,23.5156507925554,43.9708566665649,54.5813112258911,35.2882633209229,35.036880258304,0,6.66434270805783,0,0,0,8.00865962587554,57.8748234835538,18.1337609534361,58.7468147277832,5.4282654543392,0,4.70404571294785,21.9190988131932,53.581335067749,0,0,0,0,0,0,31.750114440918,0,29.2553449969425,71.3227920532227,0,0,0,0,45.2162648095025,71.0839385986328,33.7760382432204,0,17.7052380491834,27.990065350252,16.603288747931,27.6559934616089,68.4647521972656
0,0,10.2324528694153,0,0,0,0,0,4.54049978777766,0,0,0,0,0,4.85347478026929,0,0,0,0,0,12.3808844884237,0,0,0,0,0,0,0,0,0,0,0,0,0,0,0,0,0,0,40.0442390441895,43.998280843099,0,38.7927432340734,0,0,0,0,62.1439399719238,44.1173662458147,0,4.32992486339627,0,0,0,3.36161398887634,0,0,0,0,0,4.98666773202284,0,0,12.6359224319458,0,0,0,0,0,0,0,0,0,0,0,0,0,0,0,0,0,0,15.1552766928306,27.9127359390259,16.497901682196,0,53.2616386413574
0,0,0,6.52119016647339,0,0,0,2.84360206127167,0,3.16154358784358,0,0,0,0,0,3.19452281792959,0,0,55.1648025512695,0,0,0,0,0,0,0,0,0,0,0,0,0,0,0,0,11.0533981323242,0,0,0,35.3934288024902,0,34.7416308720907,0,0,0,0,0,60.9125061035156,41.9577789306641,35.3660564422607,0,3.17457163635053,0,2.95038509368896,0,3.36865615844727,0,6.38327254189385,0,5.27040433883667,0,3.02550179308111,4.42731189727783,0,0,0,0,0,0,0,0,0,0,0,0,0,0,0,0,0,0,0,4.80361082039627,34.5682907104492,26.9511474370956,0,0
0,0,0,0,0,0,0,0,0,0,4.21247914959403,0,3.10951793193817,0,0,0,0,0,0,0,0,0,0,0,0,0,0,0,0,0,0,0,0,0,0,0,0,0,0,0,0,0,0,0,0,0,0,0,0,0,0,0,3.01431549963404,0,0,0,3.98086168663353,0,3.35118883497575,0,0,0,0,0,0,0,0,0,0,0,0,0,0,0,0,0,0,0,0,0,0,0,0,0,0,0,0
0,0,0,0,0,2.84360206127167,0,0,0,0,0,3.77017683478502,0,2.94924449920654,0,0,0,0,0,3.63151156902313,0,0,0,0,0,0,0,0,0,0,0,0,0,0,0,0,0,0,0,0,0,0,0,0,0,0,0,0,0,0,0,3.29287490844727,0,3.06927784423382,0,0,0,3.71283233715938,0,3.54604314721149,0,0,3.68892550468445,0,0,0,0,0,0,0,0,0,0,0,0,0,0,0,0,0,0,0,2.95725718140602,0,0,0,0
3.715665228732,0,4.21738833189011,0,4.54049978777766,0,0,0,0,0,0,0,0,0,3.30938612739995,0,10.8603162370264,40.6348862801829,22.9146785736084,0,0,0,0,0,6.22433445567176,0,0,0,0,0,0,0,0,0,0,0,0,0,6.51505909287013,87.8148880004883,0,0,5.48631081581116,0,0,0,0,0,7.12829443613688,0,6.84642166561551,0,0,0,3.93767356950537,0,0,0,0,0,3.45255888501803,0,0,0,0,0,0,5.94894629366258,0,5.30096902166094,0,0,0,0,0,0,0,0,100.989196777344,0,0,10.7207855518828,5.80202293855229,4.33290410041809,7.96217382132117,0,0
0,4.57152677458875,0,3.71754216064106,0,3.16154358784358,0,0,0,0,0,0,0,0,0,3.47337678316477,0,4.6469173696306,0,0,0,0,0,7.22109954224692,0,2.99710303544998,0,0,0,0,0,0,0,19.6068086624146,0,0,0,9.07903823688113,0,0,0,9.50032704526728,0,0,0,0,0,19.1954649382947,0,10.2689326650956,0,0,0,0,0,4.26961392219591,0,0,0,0,0,4.81960866600275,0,0,0,0,9.26531051635742,0,0,0,0,0,19.1229686737061,0,0,0,21.8171306409334,0,0,0,12.5267712291918,0,3.77839111888937,0,9.4552607474389,0,0
0,0,0,0,0,0,4.21247914959403,0,0,0,0,0,3.22364848113257,0,0,0,0,0,0,0,2.81412105974944,0,0,0,0,0,0,0,0,0,3.16159728857187,0,0,0,0,0,2.96018884755388,0,3.29656180848626,0,0,0,0,0,0,0,0,0,0,0,0,0,0,0,0,0,8.14407073554096,0,3.69920475035906,0,0,0,0,7.22450675964356,0,0,0,0,0,0,0,0,0,8.39745798757521,0,0,0,0,0,4.71404801607132,0,4.15230768513305,7.55016678174337,0,0,0,0
0,0,0,0,0,0,0,3.77017683478502,0,0,0,0,0,2.94536444998735,0,0,0,0,0,3.33978284051863,0,0,0,0,0,0,0,3.34656602541606,0,2.8219286441803,0,0,0,0,0,3.13022884527842,0,3.67298305835648,0,0,0,43.3626823425293,0,0,0,36.4734907150269,0,0,0,0,0,5.23043133083143,0,6.41864965791288,0,0,0,5.88816011495664,0,6.04921238368863,0,0,7.73297414365689,0,0,0,0,0,0,0,4.46900129318237,0,9.7370149838297,0,0,0,0,0,10.6467333640252,0,6.25156021636465,0,4.38686294797101,0,14.4515781402588,0,0
0,0,0,0,0,0,3.10951793193817,0,0,0,3.22364848113257,0,0,0,3.39536137345396,0,0,0,0,0,0,0,0,0,0,0,0,0,0,0,0,0,0,0,0,0,0,0,0,0,0,0,0,0,0,0,0,0,0,0,0,0,0,0,0,0,3.30127809231098,0,4.07569097836812,0,4.45689255578177,0,0,0,0,0,0,0,0,0,0,4.23167750570509,0,0,0,0,0,0,0,0,0,0,0,0,0,0,0
0,0,0,0,0,0,0,2.94924449920654,0,0,0,2.94536444998735,0,0,0,3.6658224105835,0,0,0,0,0,0,0,0,0,3.46188378334045,0,0,0,0,0,0,0,0,0,0,0,0,0,0,0,0,0,0,0,0,0,0,0,0,0,3.15934038162231,0,0,0,0,0,3.94884005459872,0,4.92912686554094,0,3.81591053570018,0,0,0,0,0,0,0,0,2.95368880695767,0,0,0,0,0,0,0,0,0,0,0,3.07838746957612,2.95763373374939,0,0,0
0,0,0,0,4.85347478026929,0,0,0,3.30938612739995,0,0,0,3.39536137345396,0,0,0,8.74251219204494,0,0,0,0,0,0,0,0,0,3.68153702890551,0,0,0,0,0,0,0,0,0,0,0,0,0,0,0,0,0,0,0,0,0,0,0,4.53786102501122,0,0,0,3.97204497586126,0,0,0,5.1594322420593,0,3.22906426091989,0,0,0,0,0,0,0,0,4.10430192947388,0,0,0,0,0,0,0,0,0,0,0,0,6.93016959491529,0,0,0,0
0,0,0,0,0,3.19452281792959,0,0,0,3.47337678316477,0,0,0,3.6658224105835,0,0,44.821044921875,8.64327451738261,0,0,0,0,0,0,0,0,0,2.95968413352966,0,0,0,0,0,0,0,0,0,0,0,0,0,0,0,0,0,0,0,0,0,0,0,3.20119295120239,0,0,0,4.01348766740763,0,0,0,3.41209186378278,0,3.13552834895941,0,0,0,0,0,0,0,0,2.94975578784943,0,0,0,0,0,0,0,0,0,0,0,4.32630566755931,3.38764839172363,0,0,0
34.746574988732,48.9314470291138,0,66.229398727417,0,0,0,0,10.8603162370264,0,0,0,0,0,8.74251219204494,44.821044921875,0,21.8171631733782,18.6002459501281,0,0,31.6350338799613,5.19373359734362,23.468282699585,10.6983566036472,46.9886320432027,4.81570892761915,0,2.81309435367584,0,0,0,0,0,0,93.093563079834,91.1654434204102,0,0,67.4629696344925,60.9088563919067,56.3176723336274,43.8569341088146,46.9114097413563,40.4626216230721,58.5362029204497,54.7998100831547,0,0,0,0,0,0,0,0,0,69.342098236084,84.6398906707764,0,0,3.50226697921753,0,73.6423254341915,67.7300235203334,17.2940988540649,0,0,7.29151992797852,0,6.00515886994659,0,0,68.2340812683105,58.8473972744412,0,0,0,0,73.5786682103304,70.0813415877115,79.0942363739014,44.4087753295898,16.2551202686216,5.7947528055736,55.165193426198,58.4305750218833,41.6498488974064
50.3649031321208,18.1889437895555,0,62.3579444885254,0,0,0,0,40.6348862801829,4.6469173696306,0,0,0,0,0,8.64327451738261,21.8171631733782,0,20.636996577213,0,0,10.695116284073,0,9.12711560063892,26.3429459521645,8.69950084482227,0,5.23708695264963,0,0,0,0,0,0,0,102.346332550049,83.4365844726562,0,0,63.8437201976776,75.1598137219747,47.4908390045166,60.1678997097593,46.1547904014587,51.1462563276291,61.0671819256198,53.2812999104769,0,28.2245531082153,0,0,0,0,0,0,4.77049179077148,67.1743083000183,69.0224058363173,0,0,0,9.43550304266123,77.4838038126628,67.8607687950134,17.3851385116577,0,0,0,15.0295042533141,0,8.02041435241699,0,71.6169628567166,86.711664835612,0,0,0,0,71.4603197743015,68.3335962996763,61.1673725673131,0,13.649673267209,5.70432858113889,55.1679098777349,47.7516062561895,52.6374114541446
25.7625255444471,16.4525350761414,63.8121325174967,46.9537891149521,0,55.1648025512695,0,0,22.9146785736084,0,0,0,0,0,0,0,18.6002459501281,20.636996577213,0,46.3187828063965,0,33.4406642913818,0,40.4476356506348,24.0729522705078,24.1569638933454,0,0,0,0,0,0,0,0,0,81.8804921236905,83.7206181493299,0,0,44.4876838059859,43.9635279885855,29.3981249759446,29.9619391990765,20.9549915687643,25.8655090788815,41.0076928138733,45.60136632482,0,25.8807979311262,26.6180372238159,0,0,0,0,0,0,46.8392822050279,33.9805709556297,68.1086235046387,0,0,0,53.4072742032851,55.0579345333042,29.1034202575684,0,0,0,26.5631623268127,0,0,0,33.3027104777675,39.0204905485496,0,0,0,0,54.951549724757,53.8059019379011,38.0952189542393,40.820825152927,18.1063063328407,38.4800148010254,33.2129850412413,25.9338035297279,28.7298694338117
0,0,0,11.6620945249285,0,0,0,3.63151156902313,0,0,0,3.33978284051863,0,0,0,0,0,0,46.3187828063965,0,0,0,0,0,0,0,0,0,0,0,0,0,0,0,0,5.19351714213214,0,4.97819361394765,0,38.9582374572754,0,36.3760941505432,0,33.4861068725586,0,12.3904047012329,0,56.2638320922852,0,48.3057778676351,0,7.66947380701701,0,0,0,0,0,5.6310426863757,0,0,0,0,6.05081689255168,0,0,0,0,0,0,0,0,0,8.9958016037941,0,0,0,0,0,8.47107720669405,0,3.48571526562726,0,10.122558445089,30.0245497567313,9.73701272010803,28.6517105102539,0
0,0,0,0,12.3808844884237,0,0,0,0,0,2.81412105974944,0,0,0,0,0,0,0,0,0,0,0,0,0,0,0,0,0,0,0,0,0,0,0,0,0,5.12376524387679,0,3.19982458077944,44.6991539001465,44.3590383529663,0,42.2238432566325,0,0,0,10.2995262145996,61.0462369918823,40.5221750086004,0,17.3077564239502,0,0,0,0,0,4.92951548996792,0,0,0,0,0,0,5.82536841506389,0,0,0,0,0,0,0,0,0,0,0,0,0,0,0,7.3768771830771,0,2.92319464242017,15.6188236309422,31.9468770027161,10.2621671098929,0,0
0,0,0,0,0,0,0,0,0,0,0,0,0,0,0,0,31.6350338799613,10.695116284073,33.4406642913818,0,0,0,3.27646327935732,4.05058221228094,0,6.70517446597417,0,2.95623888969421,0,0,0,0,0,0,0,0,0,4.82618081920287,0,0,0,0,57.643985748291,0,0,0,0,20.8233291544813,0,6.98495424575493,0,0,0,0,0,0,0,0,0,0,0,0,0,0,5.19317577948063,6.09728503227234,5.05656834524505,0,0,0,4.07716447966439,0,0,0,0,0,0,0,0,0,3.5569023104275,0,4.3728482906635,4.21808412184123,17.4644610087077,53.6776466369629,0
0,0,0,0,0,0,0,0,0,0,0,0,0,0,0,0,5.19373359734362,0,0,0,0,3.27646327935732,0,0,8.38047282157406,0,3.76314281162463,0,3.68170013427734,0,0,0,0,0,0,0,0,0,4.73796536756116,0,0,0,0,0,0,0,0,0,10.3100239558098,0,0,0,0,0,0,0,0,0,0,0,0,0,0,0,0,4.21207619092635,0,11.2259807787443,0,6.30063587427139,0,5.69239197969437,0,0,0,0,0,0,0,0,0,5.90341559443811,4.61616289882233,4.88622294664383,0,0,0
0,2.95755672454834,0,0,0,0,0,0,0,7.22109954224692,0,0,0,0,0,0,23.468282699585,9.12711560063892,40.4476356506348,0,0,4.05058221228094,0,0,0,3.8570993664753,0,0,0,0,0,0,0,20.2425651550293,0,0,0,4.71031356988688,0,0,0,0,0,0,0,0,0,17.7536271837023,0,6.16571207356647,0,0,0,0,0,8.48022586107254,0,0,0,0,0,10.8804533481598,0,0,7.46551693559767,0,5.4782609451722,0,9.39273611704508,0,0,0,0,0,0,0,17.5439777374268,0,0,0,5.87115306558862,0,4.85391002051574,0,9.50519752725262,0,0
0,0,0,0,0,0,0,0,6.22433445567176,0,0,0,0,0,0,0,10.6983566036472,26.3429459521645,24.0729522705078,0,0,0,8.38047282157406,0,0,0,3.225327796289,0,0,0,0,0,0,0,0,0,0,0,5.40276994287353,0,0,91.5170669555664,0,0,0,0,0,0,9.02802125358582,0,0,0,0,0,5.10138921737671,0,0,0,0,0,0,0,0,0,0,9.80432265334659,0,4.23229814908519,0,4.46606764793396,0,0,0,0,0,0,0,0,0,0,0,8.37686153029052,4.93806700664776,0,10.2678533250635,0,0
0,0,0,0,0,0,0,0,0,2.99710303544998,0,0,0,3.46188378334045,0,0,46.9886320432027,8.69950084482227,24.1569638933454,0,0,6.70517446597417,0,3.8570993664753,0,0,0,3.51934786579188,0,0,0,0,0,0,0,0,0,0,0,0,0,0,0,50.5222587585449,0,57.5245475769043,0,0,0,0,0,0,0,0,0,3.10039585828781,0,0,0,0,0,3.5846118927002,0,0,0,0,4.12227269424789,0,4.37280456164411,0,4.36661291122437,0,0,0,0,0,0,0,70.9086685180664,72.1681900024414,0,0,4.96274934212367,0,65.5158138275146,0,0
0,0,0,0,0,0,0,0,0,0,0,0,0,0,3.68153702890551,0,4.81570892761915,0,0,0,0,0,3.76314281162463,0,3.225327796289,0,0,0,3.31850372041975,0,0,0,0,0,0,0,0,0,0,0,0,0,0,0,0,0,0,0,0,0,0,0,0,0,0,0,0,0,0,0,3.68098098891122,0,0,0,0,0,0,3.67045819492084,0,3.44005805662823,0,2.78834934234619,0,0,0,0,0,0,0,0,0,0,4.16898414573154,9.91654491424561,0,0,0
0,0,0,0,0,0,0,0,0,0,0,3.34656602541606,0,0,0,2.95968413352966,0,5.23708695264963,0,0,0,2.95623888969421,0,0,0,3.51934786579188,0,0,0,3.14048086210739,0,0,0,0,0,0,0,2.91839740011427,0,0,0,0,0,0,0,0,0,0,0,0,0,0,0,0,0,0,0,3.30509430730445,0,3.17134821414948,0,0,0,0,3.68572015058799,0,0,0,6.57865216486123,0,5.36495525849902,0,3.78530660976063,0,0,0,0,0,0,0,3.02116338411967,0,4.59021357729517,0,0,0,0
0,0,0,0,0,0,0,0,0,0,0,0,0,0,0,0,2.81309435367584,0,0,0,0,0,3.68170013427734,0,0,0,3.31850372041975,0,0,0,3.448815105138,0,0,0,0,0,0,0,3.29022788179332,0,0,0,0,0,0,0,0,0,0,0,0,0,0,0,0,0,2.95733690261841,0,0,0,0,0,0,0,0,3.85439369413588,0,0,0,3.22767935079687,0,4.02227374079264,0,3.02808977257122,0,0,0,0,0,0,0,0,3.47113758987851,0,0,0,0
0,0,0,0,0,0,0,0,0,0,0,2.8219286441803,0,0,0,0,0,0,0,0,0,0,0,0,0,0,0,3.14048086210739,0,0,0,0,0,0,0,0,0,2.83030733608064,0,0,0,0,0,0,0,0,0,0,0,0,0,0,0,0,0,0,0,3.41629227399826,0,0,0,0,0,0,0,0,0,0,0,0,4.14757122443272,0,4.66615585292258,0,0,0,0,0,0,0,3.64934051036835,0,0,0,0,0,0
0,0,0,0,0,0,0,0,0,0,3.16159728857187,0,0,0,0,0,0,0,0,0,0,0,0,0,0,0,0,0,3.448815105138,0,0,0,0,0,0,0,0,0,3.31026427447796,0,0,0,0,0,0,0,0,0,0,0,0,0,0,0,0,0,4.40134221315384,0,0,0,0,0,0,0,0,0,0,0,0,0,0,0,0,3.93805878471445,0,0,0,0,0,0,0,5.13852016549361,2.73550788561503,0,0,0,0
0,0,0,0,0,0,0,0,0,0,0,0,0,0,0,0,0,0,0,0,0,0,0,0,0,0,0,0,0,0,0,0,3.38955019007757,9.89794357617696,7.58987481777485,3.73428629062794,0,0,0,0,0,0,0,0,0,0,0,5.56755142581874,10.9545069535573,10.2921159267426,0,0,0,0,0,0,0,0,0,0,0,0,0,0,0,0,0,0,0,0,0,0,0,0,5.67157836467028,5.40960698114894,9.76448507492359,7.86792755126953,6.05245507148004,12.3961050821387,0,0,3.76963092883428,0,16.280960559845,0,0
0,0,0,0,0,0,0,0,0,0,0,0,0,0,0,0,0,0,0,0,0,0,0,0,0,0,0,0,0,0,0,3.38955019007757,0,5.0120917728969,5.69206292099423,3.78841493346474,3.48001572101013,0,0,0,0,0,0,0,0,0,0,4.06961202411502,11.8956694602966,12.2257699966431,0,0,0,0,0,0,0,0,0,0,0,0,0,0,0,0,0,0,0,0,0,0,0,0,3.96635117154372,4.66516005370839,5.13973653316498,10.9042855034704,8.90205962593491,6.17915764701166,0,0,3.90403741556448,0,0,0,0
0,0,0,0,0,0,0,0,0,19.6068086624146,0,0,0,0,0,0,0,0,0,0,0,0,0,20.2425651550293,0,0,0,0,0,0,0,9.89794357617696,5.0120917728969,0,5.07634018075601,3.75857414258644,0,6.59294142241587,3.59968900680542,0,0,13.1032762527466,0,0,0,0,0,5.99585768578909,15.187706340443,6.41889314651489,0,0,0,0,0,21.649263381958,0,0,0,0,0,0,0,0,0,0,17.4914321899414,0,0,0,0,0,0,0,7.33697824943356,6.52914094924927,6.4607713652568,5.86889056839679,6.28586404734644,0,4.72603879710972,18.8376793861389,3.55440748591172,0,15.3741834640503,0,0
0,0,55.4215469360352,0,0,0,0,0,0,0,0,0,0,0,0,0,0,0,0,0,0,0,0,0,0,0,0,0,0,0,0,7.58987481777485,5.69206292099423,5.07634018075601,0,0,4.14503235906925,0,4.85740654974273,0,0,0,37.6103353500366,0,0,0,0,5.0536547599905,10.281952381134,17.9177541732788,0,0,0,0,0,0,0,0,0,0,0,0,0,57.3267478942871,0,0,0,0,0,0,0,0,0,0,7.58790059089661,5.72838104895826,4.47198813933963,5.32927187329658,0,7.3033765071449,0,5.01589781446286,4.0837509298139,2.85976362228394,21.4676702640675,0,0
0,0,0,18.9162523269653,0,11.0533981323242,0,0,0,0,0,3.13022884527842,0,0,0,0,93.093563079834,102.346332550049,81.8804921236905,5.19351714213214,0,0,0,0,0,0,0,0,0,0,0,3.73428629062794,3.78841493346474,3.75857414258644,0,0,3.0625814392838,5.30503920278515,0,75.7488830566406,0,52.5834912520189,0,54.4862153189523,0,16.5282236374915,0,4.40492487634931,0,18.4275024731954,0,0,0,0,0,0,111.162445068359,9.63857460021973,0,0,0,0,7.53723494126378,0,0,0,0,0,0,0,0,0,111.6220703125,0,5.94577157811115,3.98837455113729,7.40203647329516,0,5.99418635209805,5.25238988740104,7.84271000629097,0,4.67151781495412,3.93807618823273,14.1077512249982,47.2017936706543,0
0,0,19.3109903335571,0,0,0,0,0,0,0,2.96018884755388,0,0,0,0,0,91.1654434204102,83.4365844726562,83.7206181493299,0,5.12376524387679,0,0,0,0,0,0,0,0,0,0,0,3.48001572101013,0,4.14503235906925,3.0625814392838,0,0,4.22090269910054,0,90.4398040771484,0,64.3379461958602,0,51.9625795152452,0,26.7048506975174,20.9550054073334,37.8788604736328,0,0,0,0,0,0,0,3.67512204647064,0,0,0,0,0,0,6.17387932806786,0,0,0,0,0,0,0,0,0,0,0,3.58780891205891,0,9.03432334855545,5.12869573250795,5.58694745935746,0,5.05412487995221,4.98505310552196,5.1044544649951,15.1601027081431,0,49.7121225992839
0,0,0,0,0,0,0,0,0,9.07903823688113,0,3.67298305835648,0,0,0,0,0,0,0,4.97819361394765,0,4.82618081920287,0,4.71031356988688,0,0,0,2.91839740011427,0,2.83030733608064,0,0,0,6.59294142241587,0,5.30503920278515,0,0,6.38352293438382,0,0,7.63219656944275,0,0,0,0,0,10.2861187354693,0,9.13472972561916,0,0,0,0,0,12.8018403471333,0,4.71830771082923,0,0,0,0,8.31955072283745,0,5.9071583044731,0,6.52000857436139,0,0,0,4.8014337007816,0,5.5056565060335,0,0,0,6.88270558998627,0,6.87794146906388,0,5.83858464688553,3.60547916997563,5.17291216859424,4.82358009497325,7.7104864362943,0,0
0,0,0,0,0,0,0,0,6.51505909287013,0,3.29656180848626,0,0,0,0,0,0,0,0,0,3.19982458077944,0,4.73796536756116,0,5.40276994287353,0,0,0,3.29022788179332,0,3.31026427447796,0,0,3.59968900680542,4.85740654974273,0,4.22090269910054,6.38352293438382,0,0,0,0,5.60096846128765,0,0,0,0,6.47214871105506,6.40904499743726,0,0,0,0,0,8.20871496500082,0,4.12354145330541,0,0,0,0,0,0,17.7178740501404,0,5.48559114566216,0,9.39454355384364,0,0,0,5.62970740265316,0,4.3196961557543,0,0,16.3921597798665,8.88813099339604,0,6.26041421134052,13.3115882907115,5.02226653828896,4.18158398970314,4.15661906359488,6.32584856578282,0,0
52.1135139465332,45.799706141154,42.2829551696777,37.0329900317722,40.0442390441895,35.3934288024902,0,0,87.8148880004883,0,0,0,0,0,0,0,67.4629696344925,63.8437201976776,44.4876838059859,38.9582374572754,44.6991539001465,0,0,0,0,0,0,0,0,0,0,0,0,0,0,75.7488830566406,0,0,0,0,77.2899703979492,15.8101503258599,64.6887403348597,26.5606009471847,68.5210983276367,17.7966925946493,62.6223362232077,6.44217681884766,0,7.00934368496659,0,47.5728378295898,0,0,0,0,48.6621673985531,52.7496565038508,50.3183116912842,47.0295829772949,0,0,8.66941628149412,57.052165222168,0,0,0,0,0,0,0,0,43.7091084770534,61.275580406189,0,0,0,0,16.3818224768868,68.2426345131614,16.4474110236535,57.7217712402344,46.0202862066666,37.617786026001,14.3744795786108,17.8660649853056,61.9306936264038
0,0,40.7194492633526,0,43.998280843099,0,0,0,0,0,0,0,0,0,0,0,60.9088563919067,75.1598137219747,43.9635279885855,0,44.3590383529663,0,0,0,0,0,0,0,0,0,0,0,0,0,0,0,90.4398040771484,0,0,77.2899703979492,0,69.5542358398438,20.6133994997517,56.1931533813477,30.5340301937527,97.879753112793,32.4463554775848,8.48554486939401,8.12773494062753,0,0,0,0,0,0,0,48.6033097726327,0,47.9428672790527,0,55.6848068237305,0,88.9493840535482,11.3210310729372,0,0,0,0,0,0,0,0,0,57.8537901853904,0,0,0,0,87.7536419139189,30.967282746277,0,56.0901679992676,43.7080834893619,41.5617287953695,19.1028170878372,54.4958890279134,18.529261222093
50.2985992431641,15.1711760361989,0,29.8271402763598,0,34.7416308720907,0,0,0,9.50032704526728,0,43.3626823425293,0,0,0,0,56.3176723336274,47.4908390045166,29.3981249759446,36.3760941505432,0,0,0,0,91.5170669555664,0,0,0,0,0,0,0,0,13.1032762527466,0,52.5834912520189,0,7.63219656944275,0,15.8101503258599,69.5542358398438,0,13.5213114777796,20.3065371934105,35.6810544331869,31.3945296615456,62.7344620227814,15.3470289272628,4.42655563354492,13.199602775646,0,0,0,0,0,42.913948059082,75.1778455880972,20.0260827647365,0,36.8899021148682,0,34.49658203125,24.1092440803702,73.6503670432351,0,0,0,0,0,0,20.0990654173351,0,16.7785228400598,73.5776564280192,0,0,0,0,28.1569814131294,73.6404129766649,21.3690507474464,52.5520439147949,18.7427506317575,30.9525995254517,15.6767445209059,9.15392646297022,62.8271473475865
16.6493974353956,0,29.2213405385676,77.7013301849365,38.7927432340734,0,0,0,5.48631081581116,0,0,0,0,0,0,0,43.8569341088146,60.1678997097593,29.9619391990765,0,42.2238432566325,57.643985748291,0,0,0,0,0,0,0,0,0,0,0,0,37.6103353500366,0,64.3379461958602,0,5.60096846128765,64.6887403348597,20.6133994997517,13.5213114777796,0,0,21.349968548744,66.5773849487305,26.950288340555,15.676013860048,15.4457440132554,23.2980117797852,0,0,0,0,28.8034229278564,0,21.5629562137885,86.3025550842285,36.4478805376136,0,33.507137298584,0,78.5839642116002,29.4620438497488,0,0,0,0,0,0,0,19.858005311754,0,21.1026283485836,0,0,0,0,82.8901145935059,24.3087725476413,92.9823150634766,24.6475620518128,23.637612229412,33.5829304967608,16.8988207001783,69.524024327596,9.84287586923095
0,13.7015218734741,0,35.1555633544922,0,0,0,0,0,0,0,0,0,0,0,0,46.9114097413563,46.1547904014587,20.9549915687643,33.4861068725586,0,0,0,0,0,50.5222587585449,0,0,0,0,0,0,0,0,0,54.4862153189523,0,0,0,26.5606009471847,56.1931533813477,20.3065371934105,0,0,22.9453659057617,30.9553948811122,54.2260484695435,0,0,0,0,0,0,0,0,0,0,29.4133136749268,0,0,0,0,41.0171626164363,80.0964266459147,0,0,0,0,0,0,0,0,35.097939751365,0,0,0,0,0,33.8302354907045,64.9065818786621,32.1472473144531,0,33.1908409118652,27.5218200683594,21.8166750110475,16.0111803574996,0
0,0,41.4893760681152,0,0,0,0,0,0,0,0,0,0,0,0,0,40.4626216230721,51.1462563276291,25.8655090788815,0,0,0,0,0,0,0,0,0,0,0,0,0,0,0,0,0,51.9625795152452,0,0,68.5210983276367,30.5340301937527,35.6810544331869,21.349968548744,22.9453659057617,0,0,20.1452580941926,0,0,0,0,0,0,0,0,0,43.6166933604649,0,0,0,0,0,57.7651977539062,32.3339034838554,0,0,0,0,0,0,0,0,71.3488464355469,31.2181302706401,0,0,0,0,66.7458854675293,29.3300249772371,0,30.0544128417969,20.2846557403279,27.3806934356689,21.2201326833321,74.2360973358154,22.019623597463
0,16.0179877281189,0,23.5156507925554,0,0,0,0,0,0,0,36.4734907150269,0,0,0,0,58.5362029204497,61.0671819256198,41.0076928138733,12.3904047012329,0,0,0,0,0,57.5245475769043,0,0,0,0,0,0,0,0,0,16.5282236374915,0,0,0,17.7966925946493,97.879753112793,31.3945296615456,66.5773849487305,30.9553948811122,0,0,61.2292202397397,50.2226028442383,47.7920532226562,46.6949756145477,0,0,0,0,0,0,62.7932821420523,29.9935411223792,64.9872589111328,0,0,0,16.3468066540217,66.460455758231,0,0,0,0,0,0,0,0,30.8537680206785,78.6734008789062,0,0,0,0,20.297060669536,77.9082091649373,20.0884940380187,0,30.1961207773861,35.4685609817505,17.6880097680354,42.1789945363998,53.899356842041
15.5082166671753,49.0065307617188,26.6570636749268,43.9708566665649,0,0,0,0,0,0,0,0,0,0,0,0,54.7998100831547,53.2812999104769,45.60136632482,0,10.2995262145996,0,0,0,0,0,0,0,0,0,0,0,0,0,0,0,26.7048506975174,0,0,62.6223362232077,32.4463554775848,62.7344620227814,26.950288340555,54.2260484695435,20.1452580941926,61.2292202397397,0,52.8651933670044,44.2763470680483,0,0,0,0,0,0,0,38.0433853533141,35.8523750305176,27.7087242820046,0,0,0,72.5621853878624,14.7376828570956,0,0,0,0,0,0,0,0,65.3406349182129,38.6490497470642,0,0,0,0,79.3634846698807,19.0216985574006,53.3832664489746,25.1916491608871,41.0104362629662,36.4674371636432,26.6830765804901,68.9294919967651,43.3926262488732
0,0,49.7815984090169,54.5813112258911,62.1439399719238,60.9125061035156,0,0,0,19.1954649382947,0,0,0,0,0,0,0,0,0,56.2638320922852,61.0462369918823,20.8233291544813,0,17.7536271837023,0,0,0,0,0,0,0,5.56755142581874,4.06961202411502,5.99585768578909,5.0536547599905,4.40492487634931,20.9550054073334,10.2861187354693,6.47214871105506,6.44217681884766,8.48554486939401,15.3470289272628,15.676013860048,0,0,50.2226028442383,52.8651933670044,0,8.0831632151995,7.52148053871418,0,0,0,0,0,20.890399998632,54.6704639434814,63.9103698730469,55.1977996826172,0,61.5859146118164,0,60.3995056152344,38.5802783966064,20.8611106872559,0,22.580562432607,0,0,0,18.2923946380615,0,73.0504875183105,60.9502970377604,5.851930663146,5.31719269931028,5.67409182511843,6.18010101956167,5.87894390471681,8.22886310374345,9.88018492332001,6.04660153826078,7.89497305074245,45.0756324768066,14.8697026429056,31.6269901275635,0
4.13959277983635,0,33.8707050310599,35.2882633209229,44.1173662458147,41.9577789306641,0,0,7.12829443613688,0,0,0,0,0,0,0,0,28.2245531082153,25.8807979311262,0,40.5221750086004,0,10.3100239558098,0,9.02802125358582,0,0,0,0,0,0,10.9545069535573,11.8956694602966,15.187706340443,10.281952381134,0,37.8788604736328,0,6.40904499743726,0,8.12773494062753,4.42655563354492,15.4457440132554,0,0,47.7920532226562,44.2763470680483,8.0831632151995,0,12.2208279811818,6.3323335647583,0,0,0,7.6553333160725,0,35.7654279911,56.8475227355957,36.2358389854431,0,5.32983705271845,0,37.3521900177002,37.9662352667915,0,9.20481908015716,0,6.82327529820063,0,4.13367423830153,0,3.49411688222514,0,9.45896604706029,10.8059415083665,0,0,0,51.6759910583496,10.379694806661,0,6.09910541912075,14.4539009971278,32.3240630538375,11.9524084168269,0,55.7451553344727
0,4.12987484907111,0,35.036880258304,0,35.3660564422607,0,0,0,10.2689326650956,0,0,0,0,0,0,0,0,26.6180372238159,48.3057778676351,0,6.98495424575493,0,6.16571207356647,0,0,0,0,0,0,0,10.2921159267426,12.2257699966431,6.41889314651489,17.9177541732788,18.4275024731954,0,9.13472972561916,0,7.00934368496659,0,13.199602775646,23.2980117797852,0,0,46.6949756145477,0,7.52148053871418,12.2208279811818,0,0,0,0,0,0,10.2164494650705,51.6365604400635,8.77401792903741,0,26.0847471356392,0,4.38555516302586,47.1941552511076,0,6.46705674486501,0,5.76679111651655,0,4.08860284586747,0,9.64390131474754,0,10.1877613380307,0,0,0,0,10.9335136413574,8.2449286254247,78.3814811706543,6.32381157483776,0,16.8238033727736,36.1940252780914,11.8135786199542,10.6460066890717,0
0,0,6.41108105399392,0,4.32992486339627,0,0,0,6.84642166561551,0,0,0,0,0,4.53786102501122,0,0,0,0,0,17.3077564239502,0,0,0,0,0,0,0,0,0,0,0,0,0,0,0,0,0,0,0,0,0,0,0,0,0,0,0,6.3323335647583,0,0,0,2.96978243192037,0,3.52782012057561,0,5.31983244484478,0,3.99082592039397,0,3.61018179183783,0,0,12.268889100211,0,0,0,0,0,0,0,0,0,0,0,0,0,0,0,25.4727751413981,0,0,2.9814862402474,0,7.63903119284827,0,0
0,0,0,6.66434270805783,0,3.17457163635053,0,3.29287490844727,0,0,0,5.23043133083143,0,3.15934038162231,0,3.20119295120239,0,0,0,7.66947380701701,0,0,0,0,0,0,0,0,0,0,0,0,0,0,0,0,0,0,0,47.5728378295898,0,0,0,0,0,0,0,0,0,0,0,0,0,3.999475147666,0,2.95030073324839,0,4.24992350892071,0,2.88714933395386,0,3.3217608332634,11.7726150751114,0,0,0,0,0,0,0,0,0,0,0,0,0,0,0,0,0,0,0,3.27012276908626,0,7.09053347442324,0,0
0,0,0,0,0,0,3.01431549963404,0,0,0,0,0,0,0,0,0,0,0,0,0,0,0,0,0,0,0,0,0,0,0,0,0,0,0,0,0,0,0,0,0,0,0,0,0,0,0,0,0,0,0,2.96978243192037,0,0,0,0,0,3.30575185418129,0,0,0,0,0,0,0,0,0,0,0,0,0,0,0,0,0,0,0,0,0,0,0,0,0,3.26440521081289,0,0,0,0
0,0,0,0,0,2.95038509368896,0,3.06927784423382,0,0,0,6.41864965791288,0,0,0,0,0,0,0,0,0,0,0,0,0,0,0,0,0,0,0,0,0,0,0,0,0,0,0,0,0,0,0,0,0,0,0,0,0,0,0,3.999475147666,0,0,0,0,0,4.92767578354614,0,0,0,0,0,0,0,0,0,0,0,0,0,0,0,0,0,0,0,0,0,0,0,0,3.16640377044678,0,10.0528155565262,0,0
4.64470455884933,0,8.11084818840027,0,3.36161398887634,0,0,0,3.93767356950537,0,0,0,0,0,3.97204497586126,0,0,0,0,0,0,0,0,0,5.10138921737671,0,0,0,0,0,0,0,0,0,0,0,0,0,8.20871496500082,0,0,0,28.8034229278564,0,0,0,0,0,7.6553333160725,0,3.52782012057561,0,0,0,0,0,0,0,0,0,7.17618181958177,0,0,0,0,0,0,7.71913663960435,0,10.1118177307977,0,0,0,0,0,0,0,0,0,0,0,7.60183313496993,4.7648519931301,0,9.15562792476133,0,0
0,4.33295962706856,0,8.00865962587554,0,3.36865615844727,0,0,0,4.26961392219591,0,0,0,0,0,4.01348766740763,0,4.77049179077148,0,0,0,0,0,8.48022586107254,0,3.10039585828781,0,0,0,0,0,0,0,21.649263381958,0,0,0,12.8018403471333,0,0,0,42.913948059082,0,0,0,0,0,20.890399998632,0,10.2164494650705,0,2.95030073324839,0,0,0,0,0,0,0,0,0,7.42656328176997,0,0,0,0,9.09848986094511,0,17.6461702935836,0,0,0,0,0,0,0,23.5441793642546,0,0,0,11.8892426127591,0,6.1803080990201,0,10.7064079830521,0,0
0,0,30.4961615244548,57.8748234835538,0,0,3.98086168663353,0,0,0,8.14407073554096,0,3.30127809231098,0,0,0,69.342098236084,67.1743083000183,46.8392822050279,0,4.92951548996792,0,0,0,0,0,0,0,2.95733690261841,0,4.40134221315384,0,0,0,0,111.162445068359,3.67512204647064,0,4.12354145330541,48.6621673985531,48.6033097726327,75.1778455880972,21.5629562137885,0,43.6166933604649,62.7932821420523,38.0433853533141,54.6704639434814,35.7654279911,51.6365604400635,5.31983244484478,0,3.30575185418129,0,0,0,0,74.0605154037476,5.45104866318586,63.9457702636719,7.80390421036751,0,63.4002435207367,10.790855226405,0,0,0,0,0,0,86.1284484863281,6.04369941124549,74.4386444091797,7.59791860896942,0,0,0,0,87.4992133246528,45.5260535994572,81.4123077392578,13.1498898126311,22.6661084348505,41.716122847337,20.9132934758936,114.731094360352,16.1328204509824
0,19.1085629463196,71.3985290527344,18.1337609534361,0,6.38327254189385,0,3.71283233715938,0,0,0,5.88816011495664,0,3.94884005459872,0,0,84.6398906707764,69.0224058363173,33.9805709556297,5.6310426863757,0,0,0,0,0,0,0,3.30509430730445,0,3.41629227399826,0,0,0,0,0,9.63857460021973,0,4.71830771082923,0,52.7496565038508,0,20.0260827647365,86.3025550842285,29.4133136749268,0,29.9935411223792,35.8523750305176,63.9103698730469,56.8475227355957,8.77401792903741,0,4.24992350892071,0,4.92767578354614,0,0,74.0605154037476,0,78.6826629638672,3.6924897614497,66.6962356567383,3.33503867450513,10.7573565065434,0,0,0,14.2205457687378,0,0,0,5.8459528357118,0,10.3992870222714,85.6933670043945,0,0,0,0,48.3967943466627,87.9736709594727,7.88763612859389,0,15.8837689213131,41.2698621749878,15.5399366887924,18.0920480218264,0
0,0,3.59786810477575,58.7468147277832,0,0,3.35118883497575,0,0,0,3.69920475035906,0,4.07569097836812,0,5.1594322420593,0,0,0,68.1086235046387,0,0,0,0,0,0,0,0,0,0,0,0,0,0,0,0,0,0,0,0,50.3183116912842,47.9428672790527,0,36.4478805376136,0,0,64.9872589111328,27.7087242820046,55.1977996826172,36.2358389854431,0,3.99082592039397,0,0,0,0,0,5.45104866318586,78.6826629638672,0,0,5.07899593082922,0,62.2963371276855,9.02149391174316,0,0,0,0,0,0,0,5.8598546205565,0,34.3522891998291,0,0,0,0,0,37.5115699768066,0,0,35.1173276901245,18.6252589225769,20.0788564611364,0,31.6240577697754
0,0,0,5.4282654543392,0,5.27040433883667,0,3.54604314721149,0,0,0,6.04921238368863,0,4.92912686554094,0,3.41209186378278,0,0,0,0,0,0,0,0,0,0,0,3.17134821414948,0,0,0,0,0,0,0,0,0,0,0,47.0295829772949,0,36.8899021148682,0,0,0,0,0,0,0,26.0847471356392,0,2.88714933395386,0,0,0,0,63.9457702636719,3.6924897614497,0,0,0,3.28744978280295,10.9049158096313,0,0,0,0,0,0,0,4.22911159127159,0,0,0,0,0,0,0,49.0207366943359,96.9958267211914,0,0,4.14886377917396,34.568733215332,12.7176423217311,0,0
3.83012850040739,0,0,0,4.98666773202284,0,0,0,3.45255888501803,0,0,0,4.45689255578177,0,3.22906426091989,0,3.50226697921753,0,0,0,0,0,0,0,0,0,3.68098098891122,0,0,0,0,0,0,0,0,0,0,0,0,0,55.6848068237305,0,33.507137298584,0,0,0,0,61.5859146118164,5.32983705271845,0,3.61018179183783,0,0,0,7.17618181958177,0,7.80390421036751,66.6962356567383,5.07899593082922,0,0,0,0,0,0,0,0,9.85889261599743,0,4.98109731674194,0,0,0,0,0,0,0,0,0,43.7204933166504,0,0,5.48953890800476,0,17.1039030456543,0,28.0422134399414
0,4.86364855738573,0,4.70404571294785,0,3.02550179308111,0,0,0,4.81960866600275,0,0,0,3.81591053570018,0,3.13552834895941,0,9.43550304266123,0,0,0,0,0,10.8804533481598,0,3.5846118927002,0,0,0,0,0,0,0,0,0,0,0,0,0,0,0,34.49658203125,0,0,0,0,0,0,0,4.38555516302586,0,3.3217608332634,0,0,0,7.42656328176997,0,3.33503867450513,0,3.28744978280295,0,0,0,0,0,0,9.76114495782291,0,0,0,0,0,0,0,0,0,0,0,0,0,0,0,3.48410794138908,4.27541661262512,7.98544552109458,0,0
82.6149139404297,35.4068756103516,56.4771728515625,21.9190988131932,0,4.42731189727783,0,3.68892550468445,0,0,0,7.73297414365689,0,0,0,0,73.6423254341915,77.4838038126628,53.4072742032851,6.05081689255168,0,0,0,0,0,0,0,0,0,0,0,0,0,0,0,7.53723494126378,0,8.31955072283745,0,8.66941628149412,88.9493840535482,24.1092440803702,78.5839642116002,41.0171626164363,57.7651977539062,16.3468066540217,72.5621853878624,60.3995056152344,37.3521900177002,47.1941552511076,0,11.7726150751114,0,0,0,0,63.4002435207367,10.7573565065434,62.2963371276855,10.9049158096313,0,0,0,73.797368367513,0,0,0,0,0,0,21.7783679962158,0,19.5362792023825,72.2424659729004,0,0,0,0,11.5564050004223,83.8896894454956,17.2783493448835,86.0397453308105,29.1986787844512,38.024055480957,14.6917972823502,33.3815951193533,68.3588924407959
0,0,0,53.581335067749,12.6359224319458,0,0,0,0,0,7.22450675964356,0,0,0,0,0,67.7300235203334,67.8607687950134,55.0579345333042,0,5.82536841506389,0,0,0,0,0,0,0,0,0,0,0,0,0,57.3267478942871,0,6.17387932806786,0,17.7178740501404,57.052165222168,11.3210310729372,73.6503670432351,29.4620438497488,80.0964266459147,32.3339034838554,66.460455758231,14.7376828570956,38.5802783966064,37.9662352667915,0,12.268889100211,0,0,0,0,0,10.790855226405,0,9.02149391174316,0,0,0,73.797368367513,0,0,0,0,0,0,0,0,0,0,20.7550740024586,0,0,0,0,89.9164166259766,14.8997843281631,71.9396133422852,24.8456441760063,30.7311929961909,45.0640363693237,18.449713755366,62.9089050292969,39.8234818690532
0,0,0,0,0,0,0,0,0,0,0,0,0,0,0,0,17.2940988540649,17.3851385116577,29.1034202575684,0,0,5.19317577948063,0,7.46551693559767,0,0,0,3.68572015058799,0,0,0,0,0,0,0,0,0,5.9071583044731,0,0,0,0,0,0,0,0,0,20.8611106872559,0,6.46705674486501,0,0,0,0,0,0,0,0,0,0,0,0,0,0,0,0,7.11059587749083,0,0,0,3.85629832552043,0,0,0,0,0,0,0,0,0,4.06433365219518,0,7.14371319149816,6.96591401100159,0,0,0
0,0,0,0,0,0,0,0,0,0,0,0,0,0,0,0,0,0,0,0,0,6.09728503227234,4.21207619092635,0,9.80432265334659,0,0,0,3.85439369413588,0,0,0,0,0,0,0,0,0,5.48559114566216,0,0,0,0,0,0,0,0,0,9.20481908015716,0,0,0,0,0,0,0,0,0,0,0,0,0,0,0,0,0,0,9.89106409229449,0,0,0,4.91046128982355,0,0,0,0,0,0,0,0,0,5.11240218129269,3.36018053345058,3.17596817016602,0,0,0
0,5.52782910445641,0,0,0,0,0,0,0,9.26531051635742,0,0,0,0,0,0,0,0,0,0,0,5.05656834524505,0,5.4782609451722,0,4.12227269424789,0,0,0,0,0,0,0,17.4914321899414,0,0,0,6.52000857436139,0,0,0,0,0,0,0,0,0,22.580562432607,0,5.76679111651655,0,0,0,0,0,9.09848986094511,0,14.2205457687378,0,0,0,9.76114495782291,0,0,7.11059587749083,0,0,0,4.64028514274018,0,11.4437714917319,0,0,0,0,0,22.5930995941162,0,0,0,8.37418615906327,0,6.17846155166626,0,7.99004484331885,0,0
0,0,0,0,0,0,0,0,5.94894629366258,0,0,0,0,0,0,0,7.29151992797852,0,0,0,0,0,11.2259807787443,0,4.23229814908519,0,3.67045819492084,0,0,0,0,0,0,0,0,0,0,0,9.39454355384364,0,0,0,0,0,0,0,0,0,6.82327529820063,0,0,0,0,0,7.71913663960435,0,0,0,0,0,9.85889261599743,0,0,0,0,9.89106409229449,0,0,0,4.97931258044112,0,0,0,0,0,0,0,0,0,0,0,6.3327794733223,4.13309438692199,0,10.7619048745736,0,0
0,10.3337346076965,0,0,0,0,0,0,0,0,0,0,0,0,0,0,0,15.0295042533141,26.5631623268127,0,0,0,0,9.39273611704508,0,4.37280456164411,0,6.57865216486123,0,0,0,0,0,0,0,0,0,0,0,0,0,0,0,0,0,0,0,0,0,4.08860284586747,0,0,0,0,0,17.6461702935836,0,0,0,0,0,0,0,0,0,0,4.64028514274018,0,0,0,6.21295011393229,0,0,0,0,0,0,0,0,0,0,0,5.318410112888,0,3.8624815200139,0,0
0,0,0,0,0,0,0,0,5.30096902166094,0,0,0,0,0,4.10430192947388,0,6.00515886994659,0,0,0,0,0,6.30063587427139,0,4.46606764793396,0,3.44005805662823,0,3.22767935079687,0,0,0,0,0,0,0,0,0,0,0,0,0,0,0,0,0,0,0,4.13367423830153,0,0,0,0,0,10.1118177307977,0,0,0,0,0,4.98109731674194,0,0,0,0,0,0,4.97931258044112,0,0,0,0,0,0,0,0,0,0,0,0,0,0,3.74067974645038,0,4.89934253692627,0,0
0,0,0,31.750114440918,0,0,0,0,0,0,0,4.46900129318237,0,2.95368880695767,0,2.94975578784943,0,8.02041435241699,0,0,0,4.07716447966439,0,0,0,4.36661291122437,0,5.36495525849902,0,4.14757122443272,0,0,0,0,0,0,0,4.8014337007816,0,0,0,20.0990654173351,0,0,0,0,0,18.2923946380615,0,9.64390131474754,0,0,0,0,0,0,86.1284484863281,5.8459528357118,0,4.22911159127159,0,0,21.7783679962158,0,3.85629832552043,0,11.4437714917319,0,6.21295011393229,0,0,0,5.22739992603179,0,0,0,0,0,0,0,4.95276881484985,0,3.21500208992628,0,15.3718728768198,18.2603893280029,0
0,0,25.8513870239258,0,0,0,0,0,0,0,0,0,4.23167750570509,0,0,0,0,0,0,0,0,0,5.69239197969437,0,0,0,2.78834934234619,0,4.02227374079264,0,0,0,0,0,0,0,0,0,5.62970740265316,0,0,0,19.858005311754,0,0,0,0,0,3.49411688222514,0,0,0,0,0,0,0,6.04369941124549,0,5.8598546205565,0,0,0,0,0,0,4.91046128982355,0,0,0,0,0,0,0,4.62345252538982,0,0,0,0,0,0,0,6.10756019205331,11.9258818626404,0,6.3953754390989,0,13.6375900904338
0,21.9038235346476,0,29.2553449969425,0,0,0,0,0,19.1229686737061,0,9.7370149838297,0,0,0,0,68.2340812683105,71.6169628567166,33.3027104777675,8.9958016037941,0,0,0,0,0,0,0,3.78530660976063,0,4.66615585292258,0,0,0,0,0,111.6220703125,0,5.5056565060335,0,43.7091084770534,0,16.7785228400598,0,35.097939751365,71.3488464355469,30.8537680206785,65.3406349182129,73.0504875183105,0,10.1877613380307,0,0,0,0,0,0,74.4386444091797,10.3992870222714,0,0,0,0,19.5362792023825,0,0,0,0,0,0,0,5.22739992603179,0,0,87.3130798339844,0,0,0,0,62.4751082829067,105.007904052734,5.12669575913333,0,37.2288489596534,39.3282667160034,15.4513764057235,19.6975714224803,0
0,0,30.0039516448975,71.3227920532227,0,0,0,0,0,0,8.39745798757521,0,0,0,0,0,58.8473972744412,86.711664835612,39.0204905485496,0,0,0,0,0,0,0,0,0,3.02808977257122,0,3.93805878471445,0,0,0,0,0,0,0,4.3196961557543,61.275580406189,57.8537901853904,73.5776564280192,21.1026283485836,0,31.2181302706401,78.6734008789062,38.6490497470642,60.9502970377604,9.45896604706029,0,0,0,0,0,0,0,7.59791860896942,85.6933670043945,34.3522891998291,0,0,0,72.2424659729004,20.7550740024586,0,0,0,0,0,0,0,4.62345252538982,87.3130798339844,0,0,0,0,0,89.4651832580566,56.0589553584223,0,6.12603375025285,29.1525857059129,44.341833114624,16.6404772310345,0,18.9875772521609
0,0,0,0,0,0,0,0,0,0,0,0,0,0,0,0,0,0,0,0,0,0,0,0,0,0,0,0,0,0,0,5.67157836467028,3.96635117154372,7.33697824943356,7.58790059089661,5.94577157811115,0,0,0,0,0,0,0,0,0,0,0,5.851930663146,10.8059415083665,0,0,0,0,0,0,0,0,0,0,0,0,0,0,0,0,0,0,0,0,0,0,0,0,0,0,7.60491601626078,6.77489455143611,7.78842806816101,5.09624219778341,15.9628205299377,0,0,4.01308154066404,0,0,0,0
0,0,0,0,0,0,0,0,0,0,0,0,0,0,0,0,0,0,0,0,0,0,0,0,0,0,0,0,0,0,0,5.40960698114894,4.66516005370839,6.52914094924927,5.72838104895826,3.98837455113729,3.58780891205891,0,0,0,0,0,0,0,0,0,0,5.31719269931028,0,0,0,0,0,0,0,0,0,0,0,0,0,0,0,0,0,0,0,0,0,0,0,0,0,0,7.60491601626078,0,11.7274152437846,8.1424687223302,11.0510744571686,5.23399688531371,0,0,4.9126676706004,0,0,0,0
0,0,0,0,0,0,0,0,0,21.8171306409334,0,0,0,0,0,0,0,0,0,0,0,0,0,17.5439777374268,0,0,0,0,0,0,0,9.76448507492359,5.13973653316498,6.4607713652568,4.47198813933963,7.40203647329516,0,6.88270558998627,16.3921597798665,0,0,0,0,0,0,0,0,5.67409182511843,0,0,0,0,0,0,0,23.5441793642546,0,0,0,0,0,0,0,0,0,0,22.5930995941162,0,0,0,0,0,0,0,6.77489455143611,11.7274152437846,0,6.48328320775713,5.41472351306807,0,6.03385165005365,14.7680568695068,4.81529903195613,0,10.3412103652954,0,0
0,0,0,0,0,0,0,0,0,0,0,0,0,0,0,0,0,0,0,0,0,0,0,0,0,0,0,0,0,0,0,7.86792755126953,10.9042855034704,5.86889056839679,5.32927187329658,0,9.03432334855545,0,8.88813099339604,0,0,0,0,0,0,0,0,6.18010101956167,0,10.9335136413574,0,0,0,0,0,0,0,0,0,0,0,0,0,0,0,0,0,0,0,0,0,0,0,0,7.78842806816101,8.1424687223302,6.48328320775713,0,0,7.20853087220077,0,8.11718980465883,5.64958908989674,0,0,0,0
