0,0,6.93891686659593,0,0,0,0,0,3.13100562009725,0,0,0,0,0,0,0,0,0,5.49032020568848,0,0,0,0,0,0,0,0,0,0,0,0,0,0,0,0,0,0,0,0,0,0,0,0,0,7.60320520401001,0,0,0,0,0,0,0,0,0,0,0,0,0,0,0,0,0,0,0,0,0,0,0,0,0,0,0,0,0,0,0,0,0,0,25.1213397979736,0,0,3.86301905722231,0,5.70852604577708,0,0
0,0,0,3.93761013601428,0,8.43533325195312,0,0,0,3.82037142348689,0,0,0,0,0,2.81497716903687,0,0,4.25219087600708,0,0,0,0,0,0,0,0,0,0,0,0,0,0,0,0,0,0,13.266095049241,0,45.0062039319207,0,19.0016214695012,0,8.20241832733154,0,67.3380355834961,0,35.9448554412178,0,23.2898340041821,0,0,0,0,0,4.96985735745595,0,0,0,0,0,0,0,0,0,0,0,0,0,0,0,0,19.9070145909379,0,0,0,0,0,0,0,25.2368064641953,0,4.83522869170327,0,13.7662856272917,0,0
6.93891686659593,0,0,0,0,0,0,0,2.74216496944427,0,0,0,0,0,0,0,0,0,0,0,0,0,0,0,0,0,0,0,0,0,0,0,0,0,0,0,0,0,0,0,0,0,0,0,0,0,8.13310711724418,0,2.75067162513733,0,0,0,0,0,0,0,0,0,0,0,0,0,0,0,0,0,0,0,0,0,0,0,0,0,0,0,0,0,0,0,0,0,9.26894998550415,0,9.52123792785587,0,0
0,3.93761013601428,0,0,0,3.55084216055559,0,0,0,4.49204252299653,0,0,0,0,0,0,0,0,5.06149530410767,0,0,0,0,0,0,0,0,0,0,0,0,39.6416244506836,0,45.1718266805013,0,0,0,0,0,33.3374443054199,0,32.2822768770415,34.5727882385254,0,0,12.5903420247389,0,41.4156199610511,0,28.3067946656469,0,0,0,0,0,11.2533977993073,0,69.5224456787109,0,0,0,0,0,0,0,0,0,0,0,0,0,0,55.4909089740954,0,0,0,45.5617504119873,0,50.7777774810791,0,40.2663046165749,0,6.07958532623623,0,11.3339981719369,0,0
0,0,0,0,0,0,0,0,0,0,0,0,0,0,0,0,0,0,0,0,0,0,0,0,0,0,0,0,0,0,0,0,0,0,0,0,0,0,0,0,0,0,0,0,0,0,0,0,0,0,2.94995582103729,0,0,0,0,0,0,0,2.95905351638794,0,0,0,0,0,0,0,0,0,0,0,0,0,0,0,0,0,0,0,0,0,0,0,0,0,14.3625409603119,0,0
0,8.43533325195312,0,3.55084216055559,0,0,0,0,0,2.84212267398834,0,0,0,0,0,0,0,0,0,0,0,0,0,0,0,0,0,0,0,0,0,0,0,0,0,2.96410775184631,0,0,0,0,0,0,0,0,0,0,0,0,0,0,0,3.05315482616425,0,0,0,3.51325980822245,0,0,0,0,0,3.54297223091125,0,0,0,0,0,0,0,0,0,0,0,0,0,0,0,0,0,0,0,0,2.95389413833618,0,5.36050522327423,0,0
0,0,0,0,0,0,0,0,0,0,0,0,0,0,0,0,0,0,0,0,0,0,0,0,0,0,0,0,0,0,0,0,0,0,0,0,0,0,0,0,0,0,0,0,0,0,0,0,0,0,0,0,0,0,0,0,0,0,0,0,0,0,0,0,0,0,0,0,0,0,0,0,0,0,0,0,0,0,0,0,0,0,0,0,0,0,0
0,0,0,0,0,0,0,0,0,0,0,0,0,0,0,0,0,0,0,0,0,0,0,0,0,0,0,0,0,0,0,0,0,0,0,0,0,0,0,0,0,0,0,0,0,0,0,0,0,0,0,0,0,0,0,0,0,0,0,0,0,0,0,0,0,0,0,0,0,0,0,0,0,0,0,0,0,0,0,0,0,0,0,0,0,0,0
3.13100562009725,0,2.74216496944427,0,0,0,0,0,0,0,0,0,0,0,2.84788191318512,0,0,0,0,0,0,0,0,0,0,0,0,0,0,0,0,0,0,0,0,0,0,0,0,0,0,0,3.26338080492887,0,0,0,0,0,0,0,0,0,0,0,4.47375078618526,0,0,0,0,0,0,0,0,0,0,0,0,0,0,0,0,0,0,0,0,0,0,0,0,0,0,0,4.69435948943333,3.28550043106079,7.05059604644775,0,0
0,3.82037142348689,0,4.49204252299653,0,2.84212267398834,0,0,0,0,0,0,0,0,0,2.95857618575872,24.9600596427917,0,5.94476342201233,0,0,0,0,11.9653925770937,0,0,0,0,0,0,0,0,0,0,0,0,0,16.6841684418756,0,0,0,0,0,0,0,0,0,0,0,2.83002247810364,0,0,0,0,0,7.8201017780003,0,0,0,0,0,2.90409388996306,0,0,0,0,11.9441777530469,0,0,0,0,0,0,0,0,0,0,0,0,0,20.6209107398987,0,5.3042621786518,7.99118516905003,6.32142135751156,4.50991535186768,0
0,0,0,0,0,0,0,0,0,0,0,0,0,0,0,0,0,0,0,0,3.81298690466654,0,0,0,0,0,0,0,0,0,2.85536800249658,0,0,0,0,0,2.79226652313681,0,3.10838959835194,0,0,0,0,0,0,0,0,0,0,0,0,0,0,0,0,0,2.91481595395881,0,0,0,0,0,0,4.63219612464309,0,0,0,0,0,0,0,0,0,0,0,0,0,0,0,2.72824287414551,0,3.28549118638039,2.84657994111379,0,0,0,0
0,0,0,0,0,0,0,0,0,0,0,0,0,2.96216106414795,0,0,0,0,0,3.44646326753131,0,0,0,0,0,0,0,2.858917872111,0,2.94067945607692,0,0,0,0,0,3.17639436903041,0,2.96324466471626,0,0,0,0,0,0,0,0,0,0,0,0,0,0,0,0,0,0,0,2.73589134216309,0,0,0,0,3.30253358263718,0,0,0,0,0,0,0,2.91100090049034,0,2.95944692910354,0,0,0,0,0,2.97916565338771,0,3.28776050806974,0,0,0,0,0,0
0,0,0,0,0,0,0,0,0,0,0,0,0,0,3.03020646992852,0,0,0,0,0,0,0,0,0,0,0,0,0,0,0,0,0,0,0,0,0,0,0,0,0,0,0,0,0,0,0,0,0,0,0,0,0,0,0,0,0,0,0,0,0,0,0,0,0,0,0,0,0,0,0,0,0,0,0,0,0,0,0,0,0,0,0,2.93940313657125,0,0,0,0
0,0,0,0,0,0,0,0,0,0,0,2.96216106414795,0,0,0,3.01721927523613,0,0,0,0,0,0,0,0,0,0,0,3.66929356257121,0,0,0,0,0,0,0,0,0,0,0,0,0,0,0,0,0,0,0,0,0,0,0,0,0,0,0,0,0,2.77919724782308,0,3.15000359217326,0,2.93669407091279,0,0,0,0,0,0,0,0,0,0,0,0,0,0,0,0,0,0,0,0,3.38097293753373,0,0,0,0
0,0,0,0,0,0,0,0,2.84788191318512,0,0,0,3.03020646992852,0,0,0,0,0,0,0,0,0,0,0,0,0,0,0,0,0,0,0,0,0,0,0,0,0,0,0,0,0,0,0,0,0,0,0,0,0,0,0,0,0,0,0,0,0,0,0,0,0,0,0,0,0,0,0,0,0,0,0,0,0,0,0,0,0,0,0,0,0,4.13345717152106,0,0,0,0
0,2.81497716903687,0,0,0,0,0,0,0,2.95857618575872,0,0,0,3.01721927523613,0,0,0,0,0,0,0,0,0,0,0,0,0,0,0,0,0,0,0,0,0,0,0,0,0,0,0,0,0,0,0,0,0,0,0,0,0,0,0,0,0,2.80356560434614,0,0,0,2.74791049957275,0,2.87595697641373,0,0,0,0,0,0,0,0,0,0,0,0,0,0,0,0,0,0,0,0,3.73637206172828,4.73860383033752,0,0,0
0,0,0,0,0,0,0,0,0,24.9600596427917,0,0,0,0,0,0,0,8.83569031652804,18.5398054317558,0,0,0,3.75561258927831,24.3133045196533,4.80384919643402,0,0,0,0,0,0,0,0,0,0,0,0,0,0,64.4117115819177,47.4207118178859,44.990244269371,34.8200803914005,39.5369732196514,28.0206105064425,53.2750129699707,37.0451806948735,0,56.3410887564382,0,0,0,0,0,0,0,0,0,0,0,0,0,0,50.3821135069195,0,0,0,0,0,0,0,0,51.2013139724731,58.8488738915859,0,0,0,0,62.9719885734663,49.2082565857744,63.1157822418213,49.3703777352831,10.8506011712071,0,42.6351079383337,44.2608002882737,31.4208125871481
0,0,0,0,0,0,0,0,0,0,0,0,0,0,0,0,8.83569031652804,0,16.3853862468081,0,0,3.24191204168029,0,6.01761017538406,0,0,0,0,0,0,0,0,0,0,0,0,0,0,0,45.2718512578842,61.0321730700406,29.949261898385,41.6071901321411,26.982569439811,30.1421867538901,33.9807653881255,41.6174335944943,68.8219718933105,68.2143840789795,0,0,0,0,0,0,0,48.8903846740723,0,0,0,0,0,0,51.0087280273438,0,0,0,0,0,0,0,0,43.2390158971151,69.7168796908471,0,0,0,0,48.4648016218948,61.9950022427541,49.4956382172448,66.9782387018204,10.8100038623655,27.3185602823893,38.6886258457528,29.262753868103,43.8341364860535
5.49032020568848,4.25219087600708,0,5.06149530410767,0,0,0,0,0,5.94476342201233,0,0,0,0,0,0,18.5398054317558,16.3853862468081,0,0,0,0,0,0,0,0,0,0,0,0,0,0,0,0,0,0,0,0,0,27.9151812064285,31.4996055367552,15.1543918824398,21.8011307531549,6.6971955953704,13.2436520813259,29.9802327649347,37.6622965395451,43.4961731854607,42.4073786417643,35.9660396575928,0,0,0,0,0,0,25.8849986394246,19.1948108673096,0,0,0,0,0,35.4332161222185,0,0,0,0,0,0,0,0,26.4974640655518,57.8951415754344,0,0,0,0,32.4956279899888,30.2334326937643,33.5509205068861,36.1143100781318,19.756847229575,0,22.2963264825359,12.670040463593,13.3896490356233
0,0,0,0,0,0,0,0,0,0,0,3.44646326753131,0,0,0,0,0,0,0,0,0,0,0,0,0,0,0,0,0,0,0,0,0,0,0,2.93739392672898,0,2.92809664898989,0,0,0,0,0,0,0,0,0,0,0,0,0,0,0,0,0,0,0,4.0352266728878,0,0,0,0,2.782790184021,0,0,0,0,0,0,0,0,0,0,0,0,0,0,0,3.46790348988503,0,3.19677949925722,0,3.59798601105169,0,0,0,0
0,0,0,0,0,0,0,0,0,0,3.81298690466654,0,0,0,0,0,0,0,0,0,0,0,0,0,0,0,0,0,0,0,0,0,0,0,0,0,2.79099759222969,0,2.83704814910889,0,0,0,0,0,0,0,0,0,0,0,0,0,0,0,0,0,3.28689746061961,0,0,0,0,0,0,0,0,0,0,0,0,0,0,0,0,0,0,0,0,0,0,2.83809269042242,0,2.88111758991412,0,0,0,0,0
0,0,0,0,0,0,0,0,0,0,0,0,0,0,0,0,0,3.24191204168029,0,0,0,0,3.4347367658908,2.92483108384269,0,0,0,2.80895431836446,0,0,0,0,0,21.853928565979,0,0,0,3.97617133503843,0,0,0,0,0,0,0,0,0,22.143066181856,0,10.1895318689446,0,0,0,0,0,0,0,0,0,0,0,0,0,0,3.13340859643256,3.77031610732855,0,0,0,0,0,0,0,0,0,0,20.3679993947347,0,0,0,4.33157494417707,0,5.69571047055258,8.65227399311132,0,0,0
0,0,0,0,0,0,0,0,0,0,0,0,0,0,0,0,3.75561258927831,0,0,0,0,3.4347367658908,0,0,2.99675389994746,0,0,0,0,0,0,0,0,0,0,0,0,0,3.11512606760089,0,0,0,0,0,0,0,0,0,0,0,0,0,0,0,0,0,0,0,0,0,0,0,0,0,0,3.22989022749148,0,0,0,0,0,0,0,0,0,0,0,0,0,0,0,3.96066732458446,3.772372503089,4.09117476500612,0,0,0
0,0,0,0,0,0,0,0,0,11.9653925770937,0,0,0,0,0,0,24.3133045196533,6.01761017538406,0,0,0,2.92483108384269,0,0,0,2.76016272544861,0,0,0,0,0,0,0,0,0,0,0,3.8378598349435,0,0,0,0,0,0,0,0,0,0,0,0,0,0,0,0,0,0,0,0,0,0,0,0,0,0,2.96206188201904,0,2.90605072067817,0,0,0,0,0,0,0,0,0,0,0,0,0,2.73097681999207,0,4.07636840378134,0,3.59242725372314,0,0
0,0,0,0,0,0,0,0,0,0,0,0,0,0,0,0,4.80384919643402,0,0,0,0,0,2.99675389994746,0,0,0,0,0,0,0,0,0,0,0,0,0,0,0,3.29789772900668,0,0,0,0,0,0,0,0,0,0,0,0,0,0,0,0,0,0,0,0,0,0,0,0,0,0,0,0,2.74825429916382,0,0,0,0,0,0,0,0,0,0,0,0,0,4.27299103736877,2.97691315817601,0,0,0,0
0,0,0,0,0,0,0,0,0,0,0,0,0,0,0,0,0,0,0,0,0,0,0,2.76016272544861,0,0,0,2.85047367546293,0,0,0,0,0,0,0,0,0,0,0,0,0,0,0,0,0,0,0,0,0,0,0,0,0,0,0,0,0,0,0,0,0,0,0,0,3.07212953244225,0,2.99197486301638,0,0,0,0,0,0,0,0,0,0,0,0,0,0,0,0,0,0,0,0
0,0,0,0,0,0,0,0,0,0,0,0,0,0,0,0,0,0,0,0,0,0,0,0,0,0,0,0,0,0,0,0,0,0,0,0,0,0,0,0,0,0,0,0,0,0,0,0,0,0,0,0,0,0,0,0,0,0,0,0,0,0,0,0,0,0,0,0,0,0,0,0,0,0,0,0,0,0,0,0,0,0,0,0,0,0,0
0,0,0,0,0,0,0,0,0,0,0,2.858917872111,0,3.66929356257121,0,0,0,0,0,0,0,2.80895431836446,0,0,0,2.85047367546293,0,0,0,3.10595318675041,0,0,0,0,0,0,0,0,0,0,0,0,0,0,0,0,0,0,0,0,0,0,0,0,0,0,0,2.72766065597534,0,0,0,0,0,0,2.74901763598124,0,0,0,3.02232214120718,0,3.04245413665892,0,0,0,0,0,0,0,0,0,0,0,3.6036857134336,3.74125569847459,0,0,0
0,0,0,0,0,0,0,0,0,0,0,0,0,0,0,0,0,0,0,0,0,0,0,0,0,0,0,0,0,0,0,0,0,0,0,0,0,0,0,0,0,0,0,0,0,0,0,0,0,0,0,0,0,0,0,0,0,0,0,0,0,0,0,0,0,0,0,0,0,0,0,0,0,0,0,0,0,0,0,0,0,0,0,0,0,0,0
0,0,0,0,0,0,0,0,0,0,0,2.94067945607692,0,0,0,0,0,0,0,0,0,0,0,0,0,0,0,3.10595318675041,0,0,0,0,0,0,0,0,0,2.87330479386412,0,0,0,0,0,0,0,0,0,0,0,0,0,0,0,0,0,0,0,0,0,0,0,0,0,0,0,0,0,0,0,0,3.01066540027487,0,2.73701667785645,0,0,0,0,0,0,0,2.91876615010775,0,3.04451032110623,0,0,0,0
0,0,0,0,0,0,0,0,0,0,2.85536800249658,0,0,0,0,0,0,0,0,0,0,0,0,0,0,0,0,0,0,0,0,0,0,0,0,0,0,0,2.73097562789917,0,0,0,0,0,0,0,0,0,0,0,0,0,0,0,0,0,2.88591408729553,0,0,0,0,0,0,0,0,0,0,0,0,0,0,0,0,0,0,0,0,0,0,0,0,2.7904472053051,0,0,0,0,0
0,0,0,39.6416244506836,0,0,0,0,0,0,0,0,0,0,0,0,0,0,0,0,0,0,0,0,0,0,0,0,0,0,0,0,3.12872744679451,27.1575109362602,0,3.83947297004943,0,37.2923885186513,0,0,0,0,0,0,0,23.8788523674011,0,3.75028904752895,0,8.99166231529385,0,0,0,0,0,0,0,0,0,0,0,0,0,0,0,0,0,0,0,0,0,0,0,0,4.16137862139001,4.85541963577271,12.7037242579273,0,7.37817535805086,0,20.827330212844,0,2.95298347531295,0,0,0,0
0,0,0,0,0,0,0,0,0,0,0,0,0,0,0,0,0,0,0,0,0,0,0,0,0,0,0,0,0,0,0,3.12872744679451,0,3.58265399932861,4.44108189217871,3.79046189785004,2.83388782065848,0,33.3597946166992,0,0,0,0,0,0,0,0,4.96960908004216,15.7040151596069,0,0,0,0,0,0,0,0,0,0,0,0,0,0,0,0,0,0,0,0,0,0,0,0,0,0,4.10118353355356,0,7.47089173710137,0,2.95557856559753,0,0,2.97949258180765,0,23.8528079986572,0,0
0,0,0,45.1718266805013,0,0,0,0,0,0,0,0,0,0,0,0,0,0,0,0,0,21.853928565979,0,0,0,0,0,0,0,0,0,27.1575109362602,3.58265399932861,0,5.16984798881631,3.40727755322176,0,9.24854618958805,19.90672087025,26.0642957687378,0,12.9394178023705,0,0,0,28.4762836613067,0,5.10484295221496,19.1215614431045,9.43097296642931,0,0,0,0,0,0,0,0,0,0,0,0,0,0,0,0,0,0,0,0,0,0,34.1771152496338,0,7.11827092894008,0,5.35903262759119,8.67803439367532,7.23147637771207,0,6.16654422262288,16.6613048448868,4.71141041141969,3.99990686774254,10.5494222193956,0,0
0,0,0,0,0,0,0,0,0,0,0,0,0,0,0,0,0,0,0,0,0,0,0,0,0,0,0,0,0,0,0,0,4.44108189217871,5.16984798881631,0,0,3.76855721130371,21.1429837021647,10.3119095173038,0,0,0,0,0,0,0,29.1420727593558,4.22447749333722,10.6570777745894,16.2068707817479,0,0,0,0,0,0,0,0,0,0,0,0,0,0,0,0,0,0,0,0,0,0,0,0,0,19.483964936609,10.6703629630154,4.35973728149168,0,4.0136556411184,15.7474579156951,6.58100505972265,3.93313260530903,3.01375327951768,19.5069771726081,0,0
0,0,0,0,0,2.96410775184631,0,0,0,0,0,3.17639436903041,0,0,0,0,0,0,0,2.93739392672898,0,0,0,0,0,0,0,0,0,0,0,3.83947297004943,3.79046189785004,3.40727755322176,0,0,5.73149478793368,3.25641387241432,0,0,0,0,0,0,0,8.47999238967896,0,3.08694451564067,0,23.5697860717773,0,0,0,0,0,0,0,3.3207071965391,0,0,0,0,3.08627147942173,0,0,0,0,0,0,0,0,0,0,0,3.51902564840338,3.80407285690308,3.32657442510743,0,4.41672137935856,3.77649926394224,3.02029755915976,0,7.22149170209092,6.71276659265637,27.0699024200439,0,0
0,0,0,0,0,0,0,0,0,0,2.79226652313681,0,0,0,0,0,0,0,0,0,2.79099759222969,0,0,0,0,0,0,0,0,0,0,0,2.83388782065848,0,3.76855721130371,5.73149478793368,0,0,3.29056613966329,0,0,0,0,0,0,0,13.2531150182088,0,0,0,0,0,0,0,0,0,0,0,0,0,0,0,0,2.89892286062241,0,0,0,0,0,0,0,0,0,0,0,3.64480382902128,28.9886569976807,5.39138815055291,8.6524257906552,4.08986017999978,0,4.34079987406731,6.02544995826055,5.95861792691849,13.7548828125,0,0
0,13.266095049241,0,0,0,0,0,0,0,16.6841684418756,0,2.96324466471626,0,0,0,0,0,0,0,2.92809664898989,0,3.97617133503843,0,3.8378598349435,0,0,0,0,0,2.87330479386412,0,37.2923885186513,0,9.24854618958805,21.1429837021647,3.25641387241432,0,0,9.47108502388,0,0,8.23291476333843,0,0,0,0,0,11.4881030496768,30.0965409960066,5.26581307791607,0,0,0,0,0,0,0,4.03757460912069,0,0,0,0,3.05432482560476,0,4.98523458779284,0,7.18956089019775,0,0,0,0,0,0,0,32.6693926130022,0,14.4348593238574,26.382394354684,2.93188743487648,0,4.99864550057167,25.2354242310804,4.930868116173,0,5.92889340038957,14.3641642963185,0
0,0,0,0,0,0,0,0,0,0,3.10838959835194,0,0,0,0,0,0,0,0,0,2.83704814910889,0,3.11512606760089,0,3.29789772900668,0,0,0,0,0,2.73097562789917,0,33.3597946166992,19.90672087025,10.3119095173038,0,3.29056613966329,9.47108502388,0,0,0,0,3.46461041768392,0,0,0,0,9.37178916219038,5.27997176320755,35.6362800598145,0,0,0,0,0,0,0,0,0,0,0,0,0,0,0,4.45647760961474,0,0,0,0,0,0,0,0,0,44.6722330365862,22.88546011183,12.6168523652213,0,2.88747535433088,28.4133562521501,4.21208414323121,3.80087591780991,2.74847221374512,6.37951332848688,0,0
0,45.0062039319207,0,33.3374443054199,0,0,0,0,0,0,0,0,0,0,0,0,64.4117115819177,45.2718512578842,27.9151812064285,0,0,0,0,0,0,0,0,0,0,0,0,0,0,26.0642957687378,0,0,0,0,0,0,95.4510281880697,18.4716332774211,49.3310112739677,18.4594329168835,65.5868123372396,22.7070647478104,0,17.9424701914844,68.5562210083008,13.596253952302,0,0,0,0,0,0,0,32.3325077056885,0,0,0,0,35.599437713623,99.816535949707,0,0,0,0,0,0,0,0,36.7444953418715,94.9824246493253,0,0,34.84845495224,0,26.0381537594684,87.0084075927734,20.2197832552826,61.8666843067516,33.0072745358234,37.7435646057129,17.6330018850262,35.1144060516357,81.1824417114258
0,0,0,0,0,0,0,0,0,0,0,0,0,0,0,0,47.4207118178859,61.0321730700406,31.4996055367552,0,0,0,0,0,0,0,0,0,0,0,0,0,0,0,0,0,0,0,0,95.4510281880697,0,58.3694152832031,22.5955870124952,0,18.6413658020659,0,28.8590084566389,18.0615626871586,14.8781070910945,0,0,0,0,0,0,0,45.8847036361694,0,0,0,0,0,0,6.1283811803134,0,0,0,0,0,0,0,0,101.77375793457,40.7680746746273,0,0,0,0,87.132817586263,11.1673158946103,93.7718734741211,29.3749933609754,34.0911029255221,0,25.4039474394007,89.0335311889648,37.7174873352051
0,19.0016214695012,0,32.2822768770415,0,0,0,0,0,0,0,0,0,0,0,0,44.990244269371,29.949261898385,15.1543918824398,0,0,0,0,0,0,0,0,0,0,0,0,0,0,12.9394178023705,0,0,0,8.23291476333843,0,18.4716332774211,58.3694152832031,0,11.3262354160817,10.8625417352789,43.1125564575195,20.8732721348124,0,12.7686717240083,0,12.4236768130363,0,0,0,0,0,0,30.3943920135498,13.1937699222865,0,0,0,0,14.5996923219975,0,0,0,0,0,0,0,0,0,16.5063930016207,53.3990772792271,0,0,13.3098973649921,0,24.3228558893439,75.7007675170898,27.1154064117705,46.3392906188965,12.7729894640912,16.0694036143167,15.0676298050009,8.52418192438332,0
0,0,0,34.5727882385254,0,0,0,0,3.26338080492887,0,0,0,0,0,0,0,34.8200803914005,41.6071901321411,21.8011307531549,0,0,0,0,0,0,0,0,0,0,0,0,0,0,0,0,0,0,0,3.46461041768392,49.3310112739677,22.5955870124952,11.3262354160817,0,44.0592231750488,10.5130708520375,21.6770479512769,22.7965154206311,9.28269770113716,13.83423047422,44.5935724431818,0,0,0,0,0,0,10.90895599139,0,0,0,0,0,0,22.5741499907582,0,0,0,0,0,0,0,0,36.7566562228733,21.4708214142607,0,0,0,10.6215898990631,46.3021409722823,21.2167976272062,42.6940389301466,20.3878425787521,15.4362833643636,18.8733877894479,12.6387296512609,47.2436866760254,4.65098911523819
0,8.20241832733154,0,0,0,0,0,0,0,0,0,0,0,0,0,0,39.5369732196514,26.982569439811,6.6971955953704,0,0,0,0,0,0,0,0,0,0,0,0,0,0,0,0,0,0,0,0,18.4594329168835,0,10.8625417352789,44.0592231750488,0,39.893684387207,5.78927487250671,0,27.39424917433,0,33.4436181386312,0,0,0,0,0,0,0,0,0,0,0,0,0,0,0,0,0,0,0,0,0,0,0,0,0,0,0,0,19.909702546338,61.8877105712891,28.4125169084427,0,18.9722450971603,0,11.6249817695751,16.8771497607231,0
7.60320520401001,0,0,0,0,0,0,0,0,0,0,0,0,0,0,0,28.0206105064425,30.1421867538901,13.2436520813259,0,0,0,0,0,0,0,0,0,0,0,0,0,0,0,0,0,0,0,0,65.5868123372396,18.6413658020659,43.1125564575195,10.5130708520375,39.893684387207,0,0,6.34284165927342,0,28.6518239974976,0,0,0,0,0,0,0,0,0,0,0,0,0,0,20.3989568883722,0,0,0,0,0,0,0,0,0,57.9468116760254,0,0,0,0,61.0477873484294,20.0413582300996,63.2078425089518,20.8458569844564,37.5614534842001,0,9.96209037905702,45.7648048400879,0
0,67.3380355834961,0,12.5903420247389,0,0,0,0,0,0,0,0,0,0,0,0,53.2750129699707,33.9807653881255,29.9802327649347,0,0,0,0,0,0,0,0,0,0,0,0,23.8788523674011,0,28.4762836613067,0,8.47999238967896,0,0,0,22.7070647478104,0,20.8732721348124,21.6770479512769,5.78927487250671,0,0,0,27.1906302992101,0,26.9391828048565,0,0,0,0,0,0,0,57.1053447723389,0,0,0,0,4.84785927567527,0,0,0,0,0,0,0,0,0,46.1399771746467,0,24.6195492744446,0,30.8012185865833,0,21.4629489120893,0,29.1012182490831,0,24.0550158906781,21.2132943471273,12.5199215072508,29.8573659261068,0
0,0,8.13310711724418,0,0,0,0,0,0,0,0,0,0,0,0,0,37.0451806948735,41.6174335944943,37.6622965395451,0,0,0,0,0,0,0,0,0,0,0,0,0,0,0,29.1420727593558,0,13.2531150182088,0,0,0,28.8590084566389,0,22.7965154206311,0,6.34284165927342,0,0,26.5703228052925,29.7613272405966,16.4146849314372,0,0,0,0,0,0,43.3468137468611,0,0,0,0,0,0,13.4012972322004,0,0,0,0,0,0,0,0,0,58.9699629957348,0,0,0,30.3524156130277,62.4393882751465,20.3619392386158,61.6637401580811,47.4054327734111,27.7579940192553,0,16.9789098671744,0,0
0,35.9448554412178,0,41.4156199610511,0,0,0,0,0,0,0,0,0,0,0,0,0,68.8219718933105,43.4961731854607,0,0,22.143066181856,0,0,0,0,0,0,0,0,0,3.75028904752895,4.96960908004216,5.10484295221496,4.22447749333722,3.08694451564067,0,11.4881030496768,9.37178916219038,17.9424701914844,18.0615626871586,12.7686717240083,9.28269770113716,27.39424917433,0,27.1906302992101,26.5703228052925,0,7.44990540783004,8.3739620605616,0,0,0,0,0,0,0,29.2020127105713,0,0,0,0,31.5066981845432,0,32.1942825317383,16.8642711639404,0,0,0,0,0,0,29.0401222849061,0,4.42153939748917,4.36729272820507,6.95766362438091,6.47345096703219,26.2091637134552,15.8602937161922,19.1265450777806,10.9353183523494,8.92451064626047,4.51254510331428,14.7125905515324,34.6766827901204,0
0,0,2.75067162513733,0,0,0,0,0,0,0,0,0,0,0,0,0,56.3410887564382,68.2143840789795,42.4073786417643,0,0,0,0,0,0,0,0,0,0,0,0,0,15.7040151596069,19.1215614431045,10.6570777745894,0,0,30.0965409960066,5.27997176320755,68.5562210083008,14.8781070910945,0,13.83423047422,0,28.6518239974976,0,29.7613272405966,7.44990540783004,0,17.5487958431244,0,0,0,0,0,0,0,0,0,0,0,0,0,25.3617820739746,0,0,0,0,0,0,0,0,0,31.8249470987652,0,0,24.1012098789215,7.16455814522274,67.6733169555664,16.2431450195248,29.2833786089885,19.298229695167,19.1966426870097,0,14.6439247430794,0,40.9984919230143
0,23.2898340041821,0,28.3067946656469,0,0,0,0,0,2.83002247810364,0,0,0,0,0,0,0,0,35.9660396575928,0,0,10.1895318689446,0,0,0,0,0,0,0,0,0,8.99166231529385,0,9.43097296642931,16.2068707817479,23.5697860717773,0,5.26581307791607,35.6362800598145,13.596253952302,0,12.4236768130363,44.5935724431818,33.4436181386312,0,26.9391828048565,16.4146849314372,8.3739620605616,17.5487958431244,0,0,0,0,0,0,10.8278134890965,0,11.288812528813,0,2.96404695510864,0,2.73772287368774,23.948942546603,0,6.5594328987983,0,0,0,0,0,3.11257386207581,0,23.5634484002165,61.6365814208984,10.383209604966,0,7.89793214543535,15.023032951355,17.1038223683051,0,26.681494387742,30.7478478208501,12.7178474414404,33.4254020690918,20.0348054284441,29.6460601806641,0
0,0,0,0,2.94995582103729,0,0,0,0,0,0,0,0,0,0,0,0,0,0,0,0,0,0,0,0,0,0,0,0,0,0,0,0,0,0,0,0,0,0,0,0,0,0,0,0,0,0,0,0,0,0,0,0,0,0,0,0,0,2.95842576026917,0,0,0,0,0,0,0,0,0,0,0,0,0,0,0,0,0,0,0,0,0,0,0,0,0,0,0,0
0,0,0,0,0,3.05315482616425,0,0,0,0,0,0,0,0,0,0,0,0,0,0,0,0,0,0,0,0,0,0,0,0,0,0,0,0,0,0,0,0,0,0,0,0,0,0,0,0,0,0,0,0,0,0,0,0,0,0,0,0,0,0,0,0,0,0,0,0,0,0,0,0,0,0,0,0,0,0,0,0,0,0,0,0,0,0,0,0,0
0,0,0,0,0,0,0,0,0,0,0,0,0,0,0,0,0,0,0,0,0,0,0,0,0,0,0,0,0,0,0,0,0,0,0,0,0,0,0,0,0,0,0,0,0,0,0,0,0,0,0,0,0,0,0,0,0,0,0,0,0,0,0,0,0,0,0,0,0,0,0,0,0,0,0,0,0,0,0,0,0,0,0,0,0,0,0
0,0,0,0,0,0,0,0,0,0,0,0,0,0,0,0,0,0,0,0,0,0,0,0,0,0,0,0,0,0,0,0,0,0,0,0,0,0,0,0,0,0,0,0,0,0,0,0,0,0,0,0,0,0,0,0,0,0,0,0,0,0,0,0,0,0,0,0,0,0,0,0,0,0,0,0,0,0,0,0,0,0,0,0,0,0,0
0,0,0,0,0,0,0,0,4.47375078618526,0,0,0,0,0,0,0,0,0,0,0,0,0,0,0,0,0,0,0,0,0,0,0,0,0,0,0,0,0,0,0,0,0,0,0,0,0,0,0,0,0,0,0,0,0,0,0,0,0,0,0,0,0,0,0,0,0,0,0,0,0,0,0,0,0,0,0,0,0,0,0,0,0,5.61260220312303,0,0,0,0
0,4.96985735745595,0,11.2533977993073,0,3.51325980822245,0,0,0,7.8201017780003,0,0,0,0,0,2.80356560434614,0,0,0,0,0,0,0,0,0,0,0,0,0,0,0,0,0,0,0,0,0,0,0,0,0,0,0,0,0,0,0,0,0,10.8278134890965,0,0,0,0,0,0,0,0,0,0,0,0,0,0,0,0,2.75497591495514,0,0,0,0,0,0,0,0,0,0,0,0,0,0,0,3.07837448716164,0,0,0,0
0,0,0,0,0,0,0,0,0,0,2.91481595395881,0,0,0,0,0,0,48.8903846740723,25.8849986394246,0,3.28689746061961,0,0,0,0,0,0,0,0,0,2.88591408729553,0,0,0,0,0,0,0,0,0,45.8847036361694,30.3943920135498,10.90895599139,0,0,0,43.3468137468611,0,0,0,0,0,0,0,0,0,0,0,0,0,0,0,0,4.53537964820862,0,0,0,0,0,0,0,0,0,6.50764134255323,0,0,0,0,69.2048950195312,0,0,0,11.7655828866092,0,19.9865019321442,0,10.7084803822674
0,0,0,69.5224456787109,0,0,0,0,0,0,0,2.73589134216309,0,2.77919724782308,0,0,0,0,19.1948108673096,4.0352266728878,0,0,0,0,0,0,0,2.72766065597534,0,0,0,0,0,0,0,3.3207071965391,0,4.03757460912069,0,32.3325077056885,0,13.1937699222865,0,0,0,57.1053447723389,0,29.2020127105713,0,11.288812528813,0,0,0,0,0,0,0,0,0,2.85760486125946,0,0,3.59826016426086,0,0,0,0,0,0,0,0,0,3.56963147113198,0,0,0,0,0,3.57903218269348,0,5.73598390817642,0,22.8903328577677,0,5.38034137692791,12.8570475101471,0
0,0,0,0,2.95905351638794,0,0,0,0,0,0,0,0,0,0,0,0,0,0,0,0,0,0,0,0,0,0,0,0,0,0,0,0,0,0,0,0,0,0,0,0,0,0,0,0,0,0,0,0,0,2.95842576026917,0,0,0,0,0,0,0,0,0,0,0,0,0,0,0,0,0,0,0,0,0,0,0,0,0,0,0,0,0,0,0,0,0,0,0,0
0,0,0,0,0,0,0,0,0,0,0,0,0,3.15000359217326,0,2.74791049957275,0,0,0,0,0,0,0,0,0,0,0,0,0,0,0,0,0,0,0,0,0,0,0,0,0,0,0,0,0,0,0,0,0,2.96404695510864,0,0,0,0,0,0,0,2.85760486125946,0,0,0,0,0,0,0,0,0,0,0,0,0,0,0,0,0,0,0,0,0,0,0,0,3.65262936610802,0,0,0,0
0,0,0,0,0,0,0,0,0,0,0,0,0,0,0,0,0,0,0,0,0,0,0,0,0,0,0,0,0,0,0,0,0,0,0,0,0,0,0,0,0,0,0,0,0,0,0,0,0,0,0,0,0,0,0,0,0,0,0,0,0,0,0,0,0,0,0,0,0,0,0,0,0,0,0,0,0,0,0,0,0,0,3.571857213974,0,0,0,0
0,0,0,0,0,3.54297223091125,0,0,0,2.90409388996306,0,0,0,2.93669407091279,0,2.87595697641373,0,0,0,0,0,0,0,0,0,0,0,0,0,0,0,0,0,0,0,0,0,0,0,0,0,0,0,0,0,0,0,0,0,2.73772287368774,0,0,0,0,0,0,0,0,0,0,0,0,0,0,0,0,0,0,0,0,0,0,0,0,0,0,0,0,0,0,0,0,2.98638087251912,4.36235014597575,0,0,0
0,0,0,0,0,0,0,0,0,0,0,3.30253358263718,0,0,0,0,0,0,0,2.782790184021,0,0,0,0,0,0,0,0,0,0,0,0,0,0,0,3.08627147942173,0,3.05432482560476,0,35.599437713623,0,14.5996923219975,0,0,0,4.84785927567527,0,31.5066981845432,0,23.948942546603,0,0,0,0,0,0,0,3.59826016426086,0,0,0,0,0,0,0,0,0,0,0,0,0,0,8.5075836119512,0,0,0,0,0,4.06923358559608,0,4.68428620017401,0,5.40057652917775,0,8.194319510864,0,0
0,0,0,0,0,0,0,0,0,0,4.63219612464309,0,0,0,0,0,50.3821135069195,51.0087280273438,35.4332161222185,0,0,0,0,0,0,0,0,0,0,0,0,0,0,0,0,0,2.89892286062241,0,0,99.816535949707,6.1283811803134,0,22.5741499907582,0,20.3989568883722,0,13.4012972322004,0,25.3617820739746,0,0,0,0,0,0,0,4.53537964820862,0,0,0,0,0,0,0,0,0,0,0,0,0,0,0,0,44.5584060668945,0,0,0,0,0,42.817876180013,0,10.5065871477127,21.926594376564,0,21.5113186069897,0,0
0,0,0,0,0,0,0,0,0,0,0,0,0,0,0,0,0,0,0,0,0,3.13340859643256,0,2.96206188201904,0,3.07212953244225,0,2.74901763598124,0,0,0,0,0,0,0,0,0,4.98523458779284,0,0,0,0,0,0,0,0,0,32.1942825317383,0,6.5594328987983,0,0,0,0,0,0,0,0,0,0,0,0,0,0,0,0,0,0,0,0,2.9422682762146,0,0,0,0,0,0,0,0,0,4.99809639586694,0,3.55506561640147,6.24328837611459,0,0,0
0,0,0,0,0,0,0,0,0,0,0,0,0,0,0,0,0,0,0,0,0,3.77031610732855,3.22989022749148,0,0,0,0,0,0,0,0,0,0,0,0,0,0,0,4.45647760961474,0,0,0,0,0,0,0,0,16.8642711639404,0,0,0,0,0,0,0,0,0,0,0,0,0,0,0,0,0,0,0,0,0,0,0,0,0,0,0,0,0,0,0,0,0,7.36426403116883,3.28752579412501,2.82568488802229,0,0,0
0,0,0,0,0,0,0,0,0,11.9441777530469,0,0,0,0,0,0,0,0,0,0,0,0,0,2.90605072067817,0,2.99197486301638,0,0,0,0,0,0,0,0,0,0,0,7.18956089019775,0,0,0,0,0,0,0,0,0,0,0,0,0,0,0,0,0,2.75497591495514,0,0,0,0,0,0,0,0,0,0,0,0,0,0,0,0,0,0,0,0,0,0,0,0,8.96753949210757,0,0,0,0,0,0
0,0,0,0,0,0,0,0,0,0,0,0,0,0,0,0,0,0,0,0,0,0,0,0,2.74825429916382,0,0,0,0,0,0,0,0,0,0,0,0,0,0,0,0,0,0,0,0,0,0,0,0,0,0,0,0,0,0,0,0,0,0,0,0,0,0,0,0,0,0,0,0,0,0,0,0,0,0,0,0,0,0,0,0,0,2.81129108483975,0,0,0,0
0,0,0,0,0,0,0,0,0,0,0,0,0,0,0,0,0,0,0,0,0,0,0,0,0,0,0,3.02232214120718,0,0,0,0,0,0,0,0,0,0,0,0,0,0,0,0,0,0,0,0,0,0,0,0,0,0,0,0,0,0,0,0,0,0,0,0,0,0,0,0,0,0,0,0,0,0,0,0,0,0,0,0,0,0,0,0,0,0,0
0,0,0,0,0,0,0,0,0,0,0,0,0,0,0,0,0,0,0,0,0,0,0,0,0,0,0,0,0,0,0,0,0,0,0,0,0,0,0,0,0,0,0,0,0,0,0,0,0,0,0,0,0,0,0,0,0,0,0,0,0,0,0,0,0,0,0,0,0,0,0,0,0,0,0,0,0,0,0,0,0,0,0,0,0,0,0
0,0,0,0,0,0,0,0,0,0,0,2.91100090049034,0,0,0,0,0,0,0,0,0,0,0,0,0,0,0,3.04245413665892,0,3.01066540027487,0,0,0,0,0,0,0,0,0,0,0,0,0,0,0,0,0,0,0,3.11257386207581,0,0,0,0,0,0,0,0,0,0,0,0,0,0,2.9422682762146,0,0,0,0,0,0,0,0,0,0,0,0,0,0,0,0,0,0,4.06673300266266,0,0,0
0,0,0,0,0,0,0,0,0,0,0,0,0,0,0,0,0,0,0,0,0,0,0,0,0,0,0,0,0,0,0,0,0,0,0,0,0,0,0,0,0,0,0,0,0,0,0,0,0,0,0,0,0,0,0,0,0,0,0,0,0,0,0,0,0,0,0,0,0,0,0,0,0,0,0,0,0,0,0,0,0,0,0,0,0,0,0
0,19.9070145909379,0,55.4909089740954,0,0,0,0,0,0,0,2.95944692910354,0,0,0,0,51.2013139724731,43.2390158971151,26.4974640655518,0,0,0,0,0,0,0,0,0,0,2.73701667785645,0,0,0,34.1771152496338,0,0,0,0,0,36.7444953418715,101.77375793457,16.5063930016207,36.7566562228733,0,0,46.1399771746467,0,29.0401222849061,0,23.5634484002165,0,0,0,0,0,0,0,3.56963147113198,0,0,0,0,8.5075836119512,0,0,0,0,0,0,0,0,0,0,0,0,0,44.8273019790649,0,54.336671617296,0,27.521463054531,54.2074661254883,21.1685884323987,26.9386949539185,10.3291405553257,15.9617731426346,0
0,0,0,0,0,0,0,0,0,0,0,0,0,0,0,0,58.8488738915859,69.7168796908471,57.8951415754344,0,0,0,0,0,0,0,0,0,0,0,0,0,0,0,0,0,0,0,0,94.9824246493253,40.7680746746273,53.3990772792271,21.4708214142607,0,57.9468116760254,0,58.9699629957348,0,31.8249470987652,61.6365814208984,0,0,0,0,0,0,6.50764134255323,0,0,0,0,0,0,44.5584060668945,0,0,0,0,0,0,0,0,0,0,0,0,0,0,78.4602177937825,33.9506678613823,0,7.30681634980279,43.4731198495893,55.8536065419515,24.2739499350014,86.0105667114258,17.6232406291884
0,0,0,0,0,0,0,0,0,0,0,0,0,0,0,0,0,0,0,0,0,0,0,0,0,0,0,0,0,0,0,4.16137862139001,0,7.11827092894008,0,3.51902564840338,0,32.6693926130022,0,0,0,0,0,0,0,24.6195492744446,0,4.42153939748917,0,10.383209604966,0,0,0,0,0,0,0,0,0,0,0,0,0,0,0,0,0,0,0,0,0,0,0,0,0,0,19.0829883492729,0,12.1061621912652,0,21.3955003994027,0,3.43940110640092,0,11.8026266098022,0,0
0,0,0,0,0,0,0,0,0,0,0,0,0,0,0,0,0,0,0,0,0,0,0,0,0,0,0,0,0,0,0,4.85541963577271,4.10118353355356,0,19.483964936609,3.80407285690308,3.64480382902128,0,44.6722330365862,0,0,0,0,0,0,0,0,4.36729272820507,0,0,0,0,0,0,0,0,0,0,0,0,0,0,0,0,0,0,0,0,0,0,0,0,0,0,0,0,0,15.6534709353545,0,17.11681163311,0,45.0077514648438,3.17639875873443,0,0,0,0
0,0,0,45.5617504119873,0,0,0,0,0,0,0,0,0,0,0,0,0,0,0,0,0,20.3679993947347,0,0,0,0,0,0,0,0,0,12.7037242579273,0,5.35903262759119,10.6703629630154,3.32657442510743,28.9886569976807,14.4348593238574,22.88546011183,34.84845495224,0,13.3098973649921,0,0,0,30.8012185865833,0,6.95766362438091,24.1012098789215,7.89793214543535,0,0,0,0,0,0,0,0,0,0,0,0,0,0,0,0,0,0,0,0,0,0,44.8273019790649,0,19.0829883492729,0,0,14.0219691698029,3.92106789436184,0,5.7745045565117,19.4542822164648,7.22987570452235,41.5984992980957,16.6595551186594,0,0
0,0,0,0,0,0,0,0,0,0,0,0,0,0,0,0,0,0,0,0,0,0,0,0,0,0,0,0,0,0,0,0,7.47089173710137,8.67803439367532,4.35973728149168,0,5.39138815055291,26.382394354684,12.6168523652213,0,0,0,10.6215898990631,0,0,0,30.3524156130277,6.47345096703219,7.16455814522274,15.023032951355,0,0,0,0,0,0,0,0,0,0,0,0,0,0,0,0,0,0,0,0,0,0,0,0,0,15.6534709353545,14.0219691698029,0,0,7.02269338489918,15.483994425898,8.25931359054451,4.7742959126318,2.93237977102399,26.2959405899048,0,0
0,0,0,50.7777774810791,0,0,0,0,0,0,0,2.97916565338771,0,0,0,0,62.9719885734663,48.4648016218948,32.4956279899888,3.46790348988503,0,0,0,0,0,0,0,0,0,0,0,7.37817535805086,0,7.23147637771207,0,4.41672137935856,8.6524257906552,2.93188743487648,0,26.0381537594684,87.132817586263,24.3228558893439,46.3021409722823,19.909702546338,61.0477873484294,21.4629489120893,62.4393882751465,26.2091637134552,67.6733169555664,17.1038223683051,0,0,0,0,0,0,69.2048950195312,3.57903218269348,0,0,0,0,4.06923358559608,0,0,0,0,0,0,0,0,0,54.336671617296,78.4602177937825,12.1061621912652,0,3.92106789436184,0,0,70.1452295229985,26.057528897799,73.864192114936,29.4748387067877,7.44928774968633,25.6800890165436,18.310999071695,0
25.1213397979736,0,0,0,0,0,0,0,0,0,2.72824287414551,0,0,0,0,0,49.2082565857744,61.9950022427541,30.2334326937643,0,2.83809269042242,0,0,0,0,0,0,0,0,0,0,0,2.95557856559753,0,4.0136556411184,3.77649926394224,4.08986017999978,0,2.88747535433088,87.0084075927734,11.1673158946103,75.7007675170898,21.2167976272062,61.8877105712891,20.0413582300996,0,20.3619392386158,15.8602937161922,16.2431450195248,0,0,0,0,0,0,0,0,0,0,0,0,0,0,42.817876180013,0,0,0,0,0,0,0,0,0,33.9506678613823,0,17.11681163311,0,7.02269338489918,70.1452295229985,0,106.624130249023,18.077742498368,11.6244195042824,6.89129837969659,23.8994539151597,62.9100456237793,32.6207733154297
0,25.2368064641953,0,40.2663046165749,0,0,0,0,0,20.6209107398987,0,3.28776050806974,0,0,0,0,63.1157822418213,49.4956382172448,33.5509205068861,3.19677949925722,0,4.33157494417707,0,2.73097681999207,0,0,0,0,0,2.91876615010775,0,20.827330212844,0,6.16654422262288,15.7474579156951,3.02029755915976,0,4.99864550057167,28.4133562521501,20.2197832552826,93.7718734741211,27.1154064117705,42.6940389301466,28.4125169084427,63.2078425089518,29.1012182490831,61.6637401580811,19.1265450777806,29.2833786089885,26.681494387742,0,0,0,0,0,0,0,5.73598390817642,0,0,0,0,4.68428620017401,0,4.99809639586694,0,8.96753949210757,0,0,0,0,0,27.521463054531,0,21.3955003994027,0,5.7745045565117,15.483994425898,26.057528897799,106.624130249023,0,26.8307306342411,15.4413123750345,30.292565536499,19.3928058860419,19.243195154318,79.8409729003906
0,0,0,0,0,0,0,0,0,0,3.28549118638039,0,0,0,0,0,49.3703777352831,66.9782387018204,36.1143100781318,0,2.88111758991412,0,3.96066732458446,0,4.27299103736877,0,0,0,0,0,2.7904472053051,0,0,16.6613048448868,6.58100505972265,0,4.34079987406731,25.2354242310804,4.21208414323121,61.8666843067516,29.3749933609754,46.3392906188965,20.3878425787521,0,20.8458569844564,0,47.4054327734111,10.9353183523494,19.298229695167,30.7478478208501,0,0,0,0,0,0,0,0,0,0,0,0,0,10.5065871477127,0,7.36426403116883,0,0,0,0,0,0,54.2074661254883,7.30681634980279,0,45.0077514648438,19.4542822164648,8.25931359054451,73.864192114936,18.077742498368,26.8307306342411,0,9.38432429654824,51.4691638946533,20.0143731602264,80.9747161865234,19.1328417086633
3.86301905722231,4.83522869170327,9.26894998550415,6.07958532623623,0,2.95389413833618,0,0,4.69435948943333,5.3042621786518,2.84657994111379,0,2.93940313657125,3.38097293753373,4.13345717152106,3.73637206172828,10.8506011712071,10.8100038623655,19.756847229575,3.59798601105169,0,5.69571047055258,3.772372503089,4.07636840378134,2.97691315817601,0,0,3.6036857134336,0,3.04451032110623,0,2.95298347531295,2.97949258180765,4.71141041141969,3.93313260530903,7.22149170209092,6.02544995826055,4.930868116173,3.80087591780991,33.0072745358234,34.0911029255221,12.7729894640912,15.4362833643636,18.9722450971603,37.5614534842001,24.0550158906781,27.7579940192553,8.92451064626047,19.1966426870097,12.7178474414404,0,0,0,0,5.61260220312303,3.07837448716164,11.7655828866092,22.8903328577677,0,3.65262936610802,3.571857213974,2.98638087251912,5.40057652917775,21.926594376564,3.55506561640147,3.28752579412501,0,2.81129108483975,0,0,0,0,21.1685884323987,43.4731198495893,3.43940110640092,3.17639875873443,7.22987570452235,4.7742959126318,29.4748387067877,11.6244195042824,15.4413123750345,9.38432429654824,0,6.431309201049,20.2295546604737,5.68400921434017,22.2606931466323
0,0,0,0,0,0,0,0,3.28550043106079,7.99118516905003,0,0,0,0,0,4.73860383033752,0,27.3185602823893,0,0,0,8.65227399311132,4.09117476500612,0,0,0,0,3.74125569847459,0,0,0,0,0,3.99990686774254,3.01375327951768,6.71276659265637,5.95861792691849,0,2.74847221374512,37.7435646057129,0,16.0694036143167,18.8733877894479,0,0,21.2132943471273,0,4.51254510331428,0,33.4254020690918,0,0,0,0,0,0,0,0,0,0,0,4.36235014597575,0,0,6.24328837611459,2.82568488802229,0,0,0,0,4.06673300266266,0,26.9386949539185,55.8536065419515,0,0,41.5984992980957,2.93237977102399,7.44928774968633,6.89129837969659,30.292565536499,51.4691638946533,6.431309201049,0,35.6067132949829,0,0
5.70852604577708,13.7662856272917,9.52123792785587,11.3339981719369,14.3625409603119,5.36050522327423,0,0,7.05059604644775,6.32142135751156,0,0,0,0,0,0,42.6351079383337,38.6886258457528,22.2963264825359,0,0,0,0,3.59242725372314,0,0,0,0,0,0,0,0,23.8528079986572,10.5494222193956,19.5069771726081,27.0699024200439,13.7548828125,5.92889340038957,6.37951332848688,17.6330018850262,25.4039474394007,15.0676298050009,12.6387296512609,11.6249817695751,9.96209037905702,12.5199215072508,16.9789098671744,14.7125905515324,14.6439247430794,20.0348054284441,0,0,0,0,0,0,19.9865019321442,5.38034137692791,0,0,0,0,8.194319510864,21.5113186069897,0,0,0,0,0,0,0,0,10.3291405553257,24.2739499350014,11.8026266098022,0,16.6595551186594,26.2959405899048,25.6800890165436,23.8994539151597,19.3928058860419,20.0143731602264,20.2295546604737,35.6067132949829,0,12.2709402059214,16.1258620149949
0,0,0,0,0,0,0,0,0,4.50991535186768,0,0,0,0,0,0,44.2608002882737,29.262753868103,12.670040463593,0,0,0,0,0,0,0,0,0,0,0,0,0,0,0,0,0,0,14.3641642963185,0,35.1144060516357,89.0335311889648,8.52418192438332,47.2436866760254,16.8771497607231,45.7648048400879,29.8573659261068,0,34.6766827901204,0,29.6460601806641,0,0,0,0,0,0,0,12.8570475101471,0,0,0,0,0,0,0,0,0,0,0,0,0,0,15.9617731426346,86.0105667114258,0,0,0,0,18.310999071695,62.9100456237793,19.243195154318,80.9747161865234,5.68400921434017,0,12.2709402059214,0,0
0,0,0,0,0,0,0,0,0,0,0,0,0,0,0,0,31.4208125871481,43.8341364860535,13.3896490356233,0,0,0,0,0,0,0,0,0,0,0,0,0,0,0,0,0,0,0,0,81.1824417114258,37.7174873352051,0,4.65098911523819,0,0,0,0,0,40.9984919230143,0,0,0,0,0,0,0,10.7084803822674,0,0,0,0,0,0,0,0,0,0,0,0,0,0,0,0,17.6232406291884,0,0,0,0,0,32.6207733154297,79.8409729003906,19.1328417086633,22.2606931466323,0,16.1258620149949,0,0
