0,0,3.46692259311676,0,20.522876739502,0,0,0,10.5703384876251,0,0,0,0,0,11.9099589983622,0,0,0,0,0,0,0,0,0,0,0,0,0,0,0,0,0,0,0,0,0,0,0,0,0,0,0,29.4719765002911,0,11.7855958938599,0,0,33.8508338928223,23.0850773576622,0,20.5188522338867,0,0,0,0,0,5.12163464228312,0,7.35263971848921,0,7.53633994876214,0,0,0,0,0,0,0,0,0,0,0,0,25.3046236038208,0,0,0,0,0,0,0,23.5710716247559,8.41020028752492,0,6.64641916936396,0,0
0,0,0,5.01346879045502,0,0,0,0,0,12.4894422354157,0,0,0,0,0,19.8765350341797,0,0,0,29.991792678833,0,0,0,0,0,0,0,0,0,32.6571884155273,0,0,0,0,0,0,0,0,0,0,0,26.0539019584656,0,0,0,21.2888214588165,0,0,0,25.33841147543,0,0,0,0,0,6.71143536738308,0,4.73561791345185,0,4.11943863034248,0,17.9490146977561,0,0,0,0,0,0,0,0,0,0,16.4039495885372,0,0,0,0,0,0,0,0,0,7.80049688286251,0,17.1494493919303,0,0
3.46692259311676,0,0,0,7.05761368731235,0,0,0,7.60966514658045,0,0,0,0,0,0,0,0,0,0,0,0,0,0,0,0,0,0,0,0,0,0,0,0,0,0,0,0,0,0,0,0,0,0,0,0,0,0,0,3.74079934358597,0,0,0,0,0,6.08673468948657,0,4.21108441352844,0,7.47132229804993,0,5.46187130346338,0,0,0,0,0,0,0,0,0,0,0,0,30.0146532058716,0,0,0,0,0,0,0,0,4.73156398534775,0,5.13157448575303,0,0
0,5.01346879045502,0,0,0,3.4622535051084,0,0,0,10.2948481302995,0,0,0,0,0,0,0,0,0,0,0,0,0,0,0,0,0,0,0,0,0,0,0,0,0,0,0,25.1194553375244,0,0,0,24.2636747611196,0,0,0,0,0,0,0,19.8371900320053,0,4.40798443502134,0,0,0,4.94485123086041,0,14.2517474889755,0,3.01848753293355,0,3.88245729037694,0,0,0,0,0,0,0,0,0,0,0,0,0,0,0,0,0,0,0,0,8.21289667785168,0,7.29266380668238,13.4440520150321,0
20.522876739502,0,7.05761368731235,0,0,0,3.75463287646954,0,2.73406004905701,0,0,0,9.00924963421292,0,6.98843760056929,0,0,0,0,0,0,0,0,0,0,0,0,0,0,0,0,0,0,0,0,0,0,0,0,0,0,0,0,0,0,0,0,0,56.0475082397461,0,4.11893173370242,0,0,0,3.25824084174767,0,9.70381013552348,0,6.20755726695061,0,6.72293306008363,0,0,8.63992349306742,0,0,0,0,0,0,0,0,0,0,0,0,0,0,0,0,0,0,3.5089589805778,3.42636933326721,10.4983559449514,0,0
0,0,0,3.4622535051084,0,0,0,3.40924373841444,0,0,0,0,0,0,0,0,0,0,0,5.59613904688093,0,0,0,0,0,0,0,0,0,0,0,0,0,0,0,2.84984648227692,0,0,0,0,0,0,0,0,0,0,0,0,0,0,0,4.43586228872491,0,4.93347779540129,0,0,0,5.18052590997131,0,0,0,0,6.5573365688324,0,0,0,0,0,0,0,0,0,0,0,0,0,0,0,3.16502038637797,0,0,0,3.69509421659438,0,4.04457602572085,0,0
0,0,0,0,3.75463287646954,0,0,0,0,0,0,0,3.46969333716801,0,0,0,0,0,0,0,0,0,0,0,0,0,0,0,0,0,0,0,0,0,0,0,3.20389403708994,0,0,0,0,0,0,0,0,0,0,0,0,0,0,0,3.00701731017658,0,0,0,2.83448848724365,0,3.22108744608389,0,0,0,0,0,0,0,0,0,0,0,0,0,0,0,0,0,0,0,0,0,0,0,3.2764595746994,3.17630884051323,0,0,0
0,0,0,0,0,3.40924373841444,0,0,0,0,0,0,0,0,0,0,0,0,0,0,0,0,0,0,0,0,0,0,0,0,0,0,0,0,0,0,0,0,0,0,0,0,0,0,0,0,0,0,0,0,0,4.42090964317322,0,3.6659451952768,0,0,0,7.30421367997215,0,0,0,0,8.28372722201877,0,0,0,0,0,0,0,0,0,0,0,0,0,0,0,0,0,0,0,5.46482388178508,0,0,0,0
10.5703384876251,0,7.60966514658045,0,2.73406004905701,0,0,0,0,0,0,0,0,0,12.9949200153351,0,5.95969440255846,0,20.0043950080872,0,0,0,28.7892255783081,0,7.71569805531888,0,0,0,0,0,0,0,0,0,0,0,0,44.4848108291626,23.1809240874894,0,0,40.3789215087891,10.1969328689575,0,0,0,0,0,17.0449314117432,0,0,0,0,0,12.2544488844119,0,6.82318067550659,0,25.4699286585269,0,18.867126027743,0,0,0,0,0,0,7.44700622248959,0,17.7395000457764,0,0,0,28.4522794087728,0,0,0,0,0,0,0,22.7194758017086,15.4168154208556,8.57997457186381,9.58174721490253,0,5.57661074399948
0,12.4894422354157,0,10.2948481302995,0,0,0,0,0,0,0,0,0,0,0,11.9780372945886,0,10.935830116272,34.6849632263184,0,0,0,0,24.6872649590174,0,0,0,0,0,0,0,0,0,0,0,0,0,19.4136431317934,43.8244132995605,0,0,43.4838873813027,38.6948941548665,0,0,0,0,0,0,38.000737508138,0,0,0,0,0,9.7847896084335,0,25.0279361724854,0,0,0,22.4432604474536,21.672830581665,0,0,0,22.4752561485066,0,0,0,0,0,0,0,0,0,0,0,0,0,20.469895358013,0,25.8059379029692,7.13061562290898,22.2284284245734,10.5514640808105,0
0,0,0,0,0,0,0,0,0,0,0,0,3.79366393347044,0,0,0,0,0,0,0,3.04764140787579,0,0,0,0,0,0,0,4.10093731880188,0,12.1276039396014,0,0,0,0,0,3.25290871659915,0,6.73067663976927,0,0,0,0,0,0,0,0,0,0,0,0,0,9.6954642534256,0,0,0,5.2730946432389,0,3.46973510583242,0,0,0,0,3.02370977401733,0,0,0,0,0,0,0,9.52329301834106,0,9.55477406428411,0,0,0,0,0,5.19230771064758,0,6.8149722922932,5.24632371064708,4.29985680580139,0,0,0
0,0,0,0,0,0,0,0,0,0,0,0,0,2.87256093458696,0,0,0,57.726912689209,42.8414077758789,5.07898778471041,0,0,0,0,0,0,0,0,0,7.48454314317459,0,0,0,0,0,3.18361837313725,0,3.85098394426969,0,0,0,0,0,0,0,29.3463464736938,0,0,0,0,0,0,0,3.20027027811323,0,0,0,5.87721918105834,0,3.03972719026648,0,0,9.78495120431515,0,0,0,0,0,0,0,0,0,14.3705343093376,0,0,0,0,0,0,0,9.03112819459703,0,4.93643698655069,2.9702685049602,18.8012911081314,0,0
0,0,0,0,9.00924963421292,0,3.46969333716801,0,0,0,3.79366393347044,0,0,0,7.29189768959494,0,0,0,0,0,0,0,0,0,0,0,0,0,0,0,0,0,0,0,0,0,0,0,0,0,0,0,0,0,0,0,0,0,0,0,0,0,0,0,0,0,8.71544477939606,0,4.7145694588858,0,7.97553130098291,0,0,0,0,0,0,0,0,0,0,0,0,0,0,0,0,0,0,0,0,0,4.01898864891838,4.22861045783176,0,0,0
0,0,0,0,0,0,0,0,0,0,0,2.87256093458696,0,0,0,3.17391203641891,0,0,0,0,0,0,0,0,0,0,0,2.85887897014618,0,0,0,0,0,0,0,0,0,0,0,0,0,0,0,0,0,0,0,0,0,0,0,0,0,0,0,0,0,2.74760794639587,0,3.38388100266457,0,0,0,0,0,0,0,0,0,0,0,0,0,0,0,0,0,0,0,0,0,0,3.3347432185442,2.7843761920929,0,0,0
11.9099589983622,0,0,0,6.98843760056929,0,0,0,12.9949200153351,0,0,0,7.29189768959494,0,0,0,0,0,0,0,0,0,0,0,0,0,0,0,0,0,0,0,0,0,0,0,0,0,0,0,0,0,42.3070438929967,0,0,0,0,0,19.396490869068,0,5.73807616972587,0,0,0,18.6646299780461,0,0,0,6.75038979270242,0,5.54468773680124,0,0,0,0,0,0,0,0,0,0,0,0,0,0,0,0,0,0,0,0,0,5.97054596279943,6.93608084321022,17.3937132286303,0,0
0,19.8765350341797,0,0,0,0,0,0,0,11.9780372945886,0,0,0,3.17391203641891,0,0,33.442741394043,5.05390071868896,48.135046005249,0,0,0,0,26.9799499511719,0,0,0,0,0,0,0,0,0,0,0,0,0,35.3982088906424,0,0,0,47.1012232971191,0,0,0,0,0,0,0,42.0449387232463,0,0,0,0,0,13.3849658915337,0,0,0,0,0,2.854532122612,0,0,0,0,27.1548000335693,0,0,0,0,0,0,0,0,0,0,0,0,0,34.3334438323975,0,34.2901861137814,0,28.548883650038,0,0
0,0,0,0,0,0,0,0,5.95969440255846,0,0,0,0,0,0,33.442741394043,0,9.85615737565861,17.7857840253724,72.7677536010742,0,10.5063519477844,3.31710033313088,0,0,0,9.35094758180472,0,0,73.4368438720703,0,0,0,0,0,0,0,0,0,0,0,53.0106288508365,44.0320508940569,53.4840002059937,39.0552418231964,53.7255966969025,44.1664703005836,0,52.7002059307295,0,0,0,0,0,0,0,0,59.537971496582,0,0,0,0,65.8429718017578,0,0,3.15563201904297,0,0,0,0,0,0,69.6923133850098,48.8933354695638,0,0,0,0,0,0,81.7219696044922,55.9167252474053,7.02554419842851,6.03273336560489,48.1027593517494,51.6990432739258,46.7279635288919
0,0,0,0,0,0,0,0,0,10.935830116272,0,57.726912689209,0,0,0,5.05390071868896,9.85615737565861,0,17.7000413463787,46.6384288242885,0,6.09606553232947,0,15.1882195970286,0,9.01389600313627,0,10.5395634061885,0,57.4655342102051,0,0,0,0,0,0,0,0,0,0,0,42.108755399596,49.1947445609353,40.6442135777967,44.3125974867079,42.4826450245903,47.6275881174448,0,61.7795003255208,0,0,0,0,0,0,3.4300109744072,0,48.7352102528448,0,0,0,0,47.6350627475315,0,0,0,0,0,0,0,0,0,52.9311851017059,65.2518836975098,0,0,0,0,0,0,56.1563814603365,64.0281684875488,8.58388942266174,6.25873530802758,45.5401931329141,38.9287239119064,55.7061763490949
0,0,0,0,0,0,0,0,20.0043950080872,34.6849632263184,0,42.8414077758789,0,0,0,48.135046005249,17.7857840253724,17.7000413463787,0,44.3512880151922,0,0,32.8529003991021,25.0696495197437,30.4318437576294,31.0933036804199,0,0,0,43.7563858032227,0,0,0,0,0,0,0,11.6023090362549,26.8825682726773,0,0,25.7647171580904,26.6365633942469,25.3156620888483,18.7202169145857,27.7995184310759,27.0169188857924,0,39.7201539576054,24.5581073760986,0,0,0,0,36.6615810394287,32.1059470176697,35.2115650177002,35.1918217585637,42.4718379974365,0,0,47.7360916137695,39.5414897203445,41.3546920776367,30.1010732650757,34.5492687225342,24.8894245841286,32.3864471117655,27.2079327901204,0,26.4474449157715,50.8283131917318,43.8655004341509,37.8412365961556,0,0,0,0,0,0,43.9413381009488,43.1849256999002,9.06317800195198,20.0288718541463,30.395141359625,26.096735181147,30.8235042452487
0,29.991792678833,0,0,0,5.59613904688093,0,0,0,0,0,5.07898778471041,0,0,0,0,72.7677536010742,46.6384288242885,44.3512880151922,0,0,0,0,0,0,0,0,0,0,0,0,0,0,0,0,4.93231986897458,0,0,0,0,0,31.4834594726562,0,0,0,20.5932391285896,0,0,0,0,0,0,0,0,0,0,0,7.89868919849396,0,0,0,0,8.29328709409592,0,0,0,0,0,0,0,0,0,17.8458784565781,0,0,0,0,0,4.66364362239838,0,19.4154758453369,0,14.1423938083649,0,11.2418973807133,0,0
0,0,0,0,0,0,0,0,0,0,3.04764140787579,0,0,0,0,0,0,0,0,0,0,0,0,0,0,0,0,0,0,0,0,0,0,0,0,0,3.35040934715864,0,0,0,0,0,0,0,0,0,10.2424351596832,0,0,0,13.4538066387177,0,0,0,0,0,5.94927482861574,0,12.5474829673767,0,0,0,0,6.66283003312823,0,0,0,0,0,0,0,0,0,0,0,0,0,0,0,4.16130174786212,0,0,2.92942433059216,0,5.31484199870716,0,0
0,0,0,0,0,0,0,0,0,0,0,0,0,0,0,0,10.5063519477844,6.09606553232947,0,0,0,0,3.90348870323618,5.32265485234621,0,0,0,3.40620194331254,0,0,0,0,0,0,0,0,0,4.92884409971752,3.07010320461158,0,0,0,0,0,0,0,0,0,0,0,0,0,0,0,0,0,0,0,0,0,0,0,0,0,4.24308207302409,3.91465044021606,3.30625235918656,0,5.00329319636027,0,3.52975185191045,0,0,0,0,0,0,0,0,0,8.55197844588966,0,3.62130932483447,3.11600339898157,0,0,0
0,0,0,0,0,0,0,0,28.7892255783081,0,0,0,0,0,0,0,3.31710033313088,0,32.8529003991021,0,0,3.90348870323618,0,0,4.23059809142055,0,3.33511610984802,0,3.98539179150421,0,0,0,0,0,0,0,0,39.096977927468,10.8695319512685,0,0,38.0515737130608,24.2824971429233,0,0,0,0,19.970599006204,4.8192633339889,0,0,0,0,0,27.0496237618583,0,0,0,0,0,0,0,0,0,3.15587038993835,4.0541304327073,0,3.87104425256111,0,3.75808809325099,0,3.38905048370361,0,0,0,0,0,0,0,0,0,11.9234788537731,16.877955120872,5.11339369610216,26.4215373039246,0,0
0,0,0,0,0,0,0,0,0,24.6872649590174,0,0,0,0,0,26.9799499511719,0,15.1882195970286,25.0696495197437,0,0,5.32265485234621,0,0,0,2.73957848548889,0,0,0,0,0,0,0,0,0,0,0,8.74233631815229,41.1512153625488,0,0,22.0781245231628,35.7435373159555,0,0,0,0,39.740650177002,0,17.2229590415955,0,0,0,0,0,13.5747601335699,0,0,0,0,0,27.5319196156093,0,0,5.21358283360799,0,3.9680504453355,0,3.23406362533569,0,0,0,0,0,0,0,0,0,0,0,9.18792193475431,0,26.3859198924267,31.8425121307373,18.3312602951413,0,0
0,0,0,0,0,0,0,0,7.71569805531888,0,0,0,0,0,0,0,0,0,30.4318437576294,0,0,0,4.23059809142055,0,0,0,3.76137618223826,0,0,0,0,0,0,0,0,0,0,40.5913055419922,16.0109354044262,0,0,39.9204397413466,22.5619097036474,0,0,0,0,19.4190120697021,0,0,0,0,0,0,9.99319199834551,0,0,0,0,0,16.7413787841797,0,0,0,0,4.85552507943885,0,5.98612889766693,0,6.49177107568515,0,10.3144607543945,0,0,0,0,0,0,0,0,0,15.6539895118229,22.4426250103091,0,34.585807800293,0,0
0,0,0,0,0,0,0,0,0,0,0,0,0,0,0,0,0,9.01389600313627,31.0933036804199,0,0,0,0,2.73957848548889,0,0,0,4.91536855697632,0,0,0,0,0,0,0,0,0,16.0411553382874,0,0,0,24.4045846121652,38.8241806030273,0,0,0,0,0,0,0,0,0,0,0,0,0,0,0,0,0,0,0,0,0,0,0,0,0,0,0,9.25884278615316,0,0,0,0,0,0,0,0,0,10.9328441619873,0,26.4339114586512,17.467989563942,18.016544342041,0,0
0,0,0,0,0,0,0,0,0,0,0,0,0,0,0,0,9.35094758180472,0,0,0,0,0,3.33511610984802,0,3.76137618223826,0,0,0,0,0,0,0,0,0,0,0,0,0,0,0,0,0,0,0,0,0,0,0,0,0,0,0,0,0,0,0,0,0,0,0,14.1280894088745,0,0,0,0,5.13939283769342,0,3.49761860711234,0,6.44586551868678,0,3.57855785026979,0,0,0,0,0,0,0,0,0,0,0,0,0,0,0
0,0,0,0,0,0,0,0,0,0,0,0,0,2.85887897014618,0,0,0,10.5395634061885,0,0,0,3.40620194331254,0,0,0,4.91536855697632,0,0,0,3.91294311053717,0,0,0,0,0,0,0,4.61781881389947,0,0,0,0,0,0,0,0,0,0,0,0,0,0,0,0,0,0,0,0,0,3.14442579562847,0,0,0,0,3.33098972544951,0,0,0,8.91188867468583,0,3.96299884423351,0,4.17895773478917,0,0,0,0,0,0,0,0,0,3.28686842199874,5.59022093541694,0,0,0
0,0,0,0,0,0,0,0,0,0,4.10093731880188,0,0,0,0,0,0,0,0,0,0,0,3.98539179150421,0,0,0,0,0,0,0,2.79754662513733,0,0,0,0,0,0,0,4.42267311703075,0,0,0,0,0,0,0,0,0,0,0,0,0,0,0,0,0,7.68836049306191,0,0,0,0,0,0,0,0,0,0,0,0,3.75546380877495,0,4.00012895341903,0,2.84730708599091,0,0,0,0,0,0,0,5.84930740258633,5.40463619761997,0,0,0,0
0,32.6571884155273,0,0,0,0,0,0,0,0,0,7.48454314317459,0,0,0,0,73.4368438720703,57.4655342102051,43.7563858032227,0,0,0,0,0,0,0,0,3.91294311053717,0,0,0,0,0,0,0,0,0,3.33112636287655,0,0,0,0,0,0,0,24.4374930063883,0,0,0,0,0,0,0,0,0,0,0,6.67981465454519,0,0,0,0,22.2603005495938,0,0,0,0,0,0,0,4.98001341636364,0,4.68996239949928,0,0,0,0,0,0,0,3.655374039544,0,4.3412789106369,2.96000456809998,27.3824253082275,0,0
0,0,0,0,0,0,0,0,0,0,12.1276039396014,0,0,0,0,0,0,0,0,0,0,0,0,0,0,0,0,0,2.79754662513733,0,0,0,0,0,0,0,0,0,6.83722857890591,0,0,0,0,0,0,0,0,0,0,0,0,0,0,0,0,0,6.55587177891885,0,0,0,0,0,0,0,0,0,0,0,0,0,0,5.96318150576899,0,4.26224506146287,0,0,0,0,0,0,0,2.95728715260824,15.1427195072174,0,0,0,0
0,0,0,0,0,0,0,0,0,0,0,0,0,0,0,0,0,0,0,0,0,0,0,0,0,0,0,0,0,0,0,0,5.10551581382751,6.97312358890971,0,7.57647991120516,2.9132901770728,0,0,0,15.8095581531525,0,0,0,0,0,0,9.47128824830055,0,0,0,0,0,0,0,0,0,0,0,0,0,0,0,0,0,0,0,0,0,0,0,0,0,0,4.52780166860153,5.11006225417642,9.06417938885768,0,9.39063164738203,25.3185723811486,0,0,3.38002651929855,0,0,0,0
0,0,0,0,0,0,0,0,0,0,0,0,0,0,0,0,0,0,0,0,0,0,0,0,0,0,0,0,0,0,0,5.10551581382751,0,0,11.844507991143,17.2991529464722,3.08678796026442,0,0,0,0,0,0,0,0,0,0,4.77591589342277,0,5.27084875106812,0,0,0,0,0,0,0,0,0,0,0,0,0,0,0,0,0,0,0,0,0,0,0,0,12.1978257352656,6.63209540371734,0,8.52839873053811,16.9017752011617,7.06694698225368,0,0,6.24253845214844,0,0,0,0
0,0,0,0,0,0,0,0,0,0,0,0,0,0,0,0,0,0,0,0,0,0,0,0,0,0,0,0,0,0,0,6.97312358890971,0,0,3.09228505908318,3.59283416632897,0,3.57459501786665,0,0,0,7.18583898544312,0,0,0,0,0,3.67437591063852,0,0,0,0,0,0,0,0,0,0,0,0,0,0,0,0,0,0,0,0,0,0,0,0,0,0,4.47628970506812,0,4.32513555733239,4.59900462362501,3.48016463181911,0,5.42691244577107,0,2.88171690160578,0,0,0,0
0,0,0,0,0,0,0,0,0,0,0,0,0,0,0,0,0,0,0,0,0,0,0,0,0,0,0,0,0,0,0,0,11.844507991143,3.09228505908318,0,0,4.68203284019024,3.01421785354614,5.63336237994107,0,0,6.94446897506714,0,0,0,0,0,6.24072761391093,15.0828926563263,0,0,0,0,0,0,0,0,0,0,0,0,0,0,0,0,0,0,0,0,0,0,0,0,0,0,12.2389490299109,3.21981406369746,5.29325315021152,0,9.94601366183902,9.97548379898071,4.1078692511303,6.89907659220899,7.6655557906791,0,0,0
0,0,0,0,0,2.84984648227692,0,0,0,0,0,3.18361837313725,0,0,0,0,0,0,0,4.93231986897458,0,0,0,0,0,0,0,0,0,0,0,7.57647991120516,17.2991529464722,3.59283416632897,0,0,3.11537552136247,4.26703824422298,0,11.9400988275355,12.2138204962257,0,0,0,0,4.04757354565156,0,5.95303360128825,0,16.2252642313639,0,0,0,0,0,0,0,3.98761800130208,0,0,0,0,4.32830611747854,0,0,0,0,0,0,0,0,0,0,0,6.29453039988619,7.58964029947917,5.21230824593386,0,5.21399839044939,10.5420256864457,5.22471295148536,0,3.8751441836737,3.39270041723671,8.67833046913147,0,0
0,0,0,0,0,0,3.20389403708994,0,0,0,3.25290871659915,0,0,0,0,0,0,0,0,0,3.35040934715864,0,0,0,0,0,0,0,0,0,0,2.9132901770728,3.08678796026442,0,4.68203284019024,3.11537552136247,0,3.28382650613785,4.51195610310398,0,24.5972855431693,0,0,0,0,0,10.7983859357216,13.4003265769618,0,0,0,0,0,0,0,0,3.57457615462216,0,0,0,0,0,0,6.42691329362333,0,0,0,0,0,0,0,0,0,0,17.0183391571045,3.17421710274436,0,5.12675393754786,5.60397722747888,5.52026113267345,0,6.45278939875689,4.02257075581619,11.5953701169867,6.19393369981221,0,0
0,0,0,25.1194553375244,0,0,0,0,44.4848108291626,19.4136431317934,0,3.85098394426969,0,0,0,35.3982088906424,0,0,11.6023090362549,0,0,4.92884409971752,39.096977927468,8.74233631815229,40.5913055419922,16.0411553382874,0,4.61781881389947,0,3.33112636287655,0,0,0,3.57459501786665,3.01421785354614,4.26703824422298,3.28382650613785,0,9.22433256992074,0,0,6.68344862588489,19.3817566765679,0,0,0,0,5.85263916866199,0,10.1298712335784,0,0,0,0,0,20.2688016809124,0,10.6154908821454,0,0,0,36.0226006507874,5.59630259087211,0,10.5562081606883,40.8496284484863,10.4017476449933,40.5379962921143,16.1791450912888,0,13.4970885310322,0,3.39382423487577,0,0,0,3.43315348360274,0,5.34117103726208,0,5.31425756607934,23.9415838718414,5.75776816611965,6.64834299861875,9.26181381287113,11.3340781529744,0
0,0,0,0,0,0,0,0,23.1809240874894,43.8244132995605,6.73067663976927,0,0,0,0,0,0,0,26.8825682726773,0,0,3.07010320461158,10.8695319512685,41.1512153625488,16.0109354044262,0,0,0,4.42267311703075,0,6.83722857890591,0,0,0,5.63336237994107,0,4.51195610310398,9.22433256992074,0,0,0,31.6158456288851,21.5212743685911,0,0,0,0,15.5590530499335,15.2609372846373,38.4651978810628,0,0,0,0,28.3853460637535,45.2374747140067,8.96657855170114,0,32.4054260253906,0,0,0,0,0,2.92624606026544,6.08175848466214,39.2326074327741,10.4590922764369,42.9902426979759,0,39.8545582580566,8.42985169092814,0,4.18292478440513,0,0,0,8.15249702589852,0,8.37305975134993,26.9507783743051,6.03274141014682,14.1948240857735,10.0315242001885,21.0308011466382,0,0
0,0,0,0,0,0,0,0,0,0,0,0,0,0,0,0,0,0,0,0,0,0,0,0,0,0,0,0,0,0,0,0,0,0,0,11.9400988275355,0,0,0,0,16.0218286438422,9.51513853857789,0,0,0,5.40303420566089,0,6.1992513173964,5.77254983584086,4.82277280907071,0,0,0,0,0,0,0,0,0,0,0,0,4.96801171651701,0,0,0,0,0,0,0,0,0,44.1600761413574,0,0,0,17.0047225952148,0,8.30816689318592,22.4097947875659,0,0,9.73612229964312,0,6.37444989087476,0,0
0,0,0,0,0,0,0,0,0,0,0,0,0,0,0,0,0,0,0,0,0,0,0,0,0,0,0,0,0,0,0,15.8095581531525,0,0,0,12.2138204962257,24.5972855431693,0,0,16.0218286438422,0,0,5.16955376372618,0,0,0,8.47993535400416,8.37826191302662,5.0595348174188,8.56594831183337,0,0,0,0,0,0,0,0,0,0,0,0,0,6.33371905553139,0,0,0,0,0,0,0,0,0,0,18.3205269322251,10.3862194844655,0,0,23.0208152751813,7.483060315304,0,4.08142399787903,16.6894595623016,0,6.11170169052506,0,0
0,26.0539019584656,0,24.2636747611196,0,0,0,0,40.3789215087891,43.4838873813027,0,0,0,0,0,47.1012232971191,53.0106288508365,42.108755399596,25.7647171580904,31.4834594726562,0,0,38.0515737130608,22.0781245231628,39.9204397413466,24.4045846121652,0,0,0,0,0,0,0,7.18583898544312,6.94446897506714,0,0,6.68344862588489,31.6158456288851,9.51513853857789,0,0,10.4275970811194,15.8619204163551,24.66628074646,9.85380527090143,29.0228002548218,6.41946159818637,46.1740493774414,7.92351251230007,0,0,0,0,40.4587135314941,31.5473410300557,0,23.1945734732431,0,24.2033309936523,0,47.9396513076056,23.1474549594678,0,26.8484662373861,39.1542406815749,20.2448413287892,39.7121188722808,23.7127989866795,0,22.8042734944543,0,19.4582809659105,35.0602957407633,0,0,0,11.5672133279883,9.35882438421249,0,9.74997843496981,26.8954586717818,10.6569900273939,10.2367875427008,10.4915085769917,9.45956471698119,54.924129486084
29.4719765002911,0,0,0,0,0,0,0,10.1969328689575,38.6948941548665,0,0,0,0,42.3070438929967,0,44.0320508940569,49.1947445609353,26.6365633942469,0,0,0,24.2824971429233,35.7435373159555,22.5619097036474,38.8241806030273,0,0,0,0,0,0,0,0,0,0,0,19.3817566765679,21.5212743685911,0,5.16955376372618,10.4275970811194,0,0,21.764897273137,47.0158297220866,9.37453002393915,6.47317951182368,14.7955160480043,31.7790772120158,32.5251998901367,0,0,0,0,39.6834907531738,25.3640195301601,0,34.3294573757899,0,42.1509187698364,0,0,27.8283138275146,0,23.6869056156703,34.788434615502,23.6337887763977,37.0157420349121,0,35.5096469176443,19.4663912455241,63.2096112569173,20.1659325342722,0,0,0,11.834820429484,0,19.6053095533137,27.5789699554443,26.2497358279569,10.6904781422473,23.9066764593124,10.7231561249151,38.0151033401489,10.1939612574152
0,0,0,0,0,0,0,0,0,0,0,0,0,0,0,0,53.4840002059937,40.6442135777967,25.3156620888483,0,0,0,0,0,0,0,0,0,0,0,0,0,0,0,0,0,0,0,0,0,0,15.8619204163551,0,0,0,12.5423492193222,22.9755392074585,0,0,0,0,0,0,0,0,0,0,0,0,0,0,0,0,0,0,0,0,0,0,0,0,0,0,0,0,0,0,0,0,0,0,0,11.9853330339704,0,15.2253499999642,25.8394985198975,0
11.7855958938599,0,0,0,0,0,0,0,0,0,0,0,0,0,0,0,39.0552418231964,44.3125974867079,18.7202169145857,0,0,0,0,0,0,0,0,0,0,0,0,0,0,0,0,0,0,0,0,0,0,24.66628074646,21.764897273137,0,0,49.2111654281616,6.99768512248993,0,0,0,0,0,0,0,0,0,0,0,0,0,0,0,0,0,0,0,0,0,0,0,0,0,66.0905075073242,0,0,0,0,0,0,0,0,73.0679111480713,14.0215373332684,0,8.2474525085202,0,42.1706792831421
0,21.2888214588165,0,0,0,0,0,0,0,0,0,29.3463464736938,0,0,0,0,53.7255966969025,42.4826450245903,27.7995184310759,20.5932391285896,0,0,0,0,0,0,0,0,0,24.4374930063883,0,0,0,0,0,4.04757354565156,0,0,0,5.40303420566089,0,9.85380527090143,47.0158297220866,12.5423492193222,49.2111654281616,0,22.1061447143555,0,0,16.0388517379761,0,0,0,0,0,0,0,24.0031605561574,0,0,0,0,7.32787458345077,0,0,0,0,0,0,0,0,0,26.7764671998865,0,0,0,0,0,7.37523818984135,0,30.6797151565552,85.3232091267904,18.6883175606969,0,7.86352580347906,29.8966435750326,72.2152252197266
0,0,0,0,0,0,0,0,0,0,0,0,0,0,0,0,44.1664703005836,47.6275881174448,27.0169188857924,0,10.2424351596832,0,0,0,0,0,0,0,0,0,0,0,0,0,0,0,10.7983859357216,0,0,0,8.47993535400416,29.0228002548218,9.37453002393915,22.9755392074585,6.99768512248993,22.1061447143555,0,17.5897932919589,22.5510125782179,31.1065130233765,0,0,0,0,0,0,0,0,0,0,0,0,0,7.40147584580963,0,0,0,0,0,0,0,0,0,27.1425442377726,0,0,0,0,0,9.99411227518269,0,31.3662166595459,21.9472542294001,27.5666693369548,7.70309398299666,32.6464586257935,40.0581778358011
33.8508338928223,0,0,0,0,0,0,0,0,0,0,0,0,0,0,0,0,0,0,0,0,0,19.970599006204,39.740650177002,19.4190120697021,0,0,0,0,0,0,9.47128824830055,4.77591589342277,3.67437591063852,6.24072761391093,5.95303360128825,13.4003265769618,5.85263916866199,15.5590530499335,6.1992513173964,8.37826191302662,6.41946159818637,6.47317951182368,0,0,0,17.5897932919589,0,7.55366196356061,4.86434815609443,0,0,0,0,0,0,0,0,43.2731590270996,0,23.6166286468506,0,0,0,0,19.2343400319417,0,23.4040632247925,0,0,39.9864025115967,0,0,0,7.25109486381213,8.3611406039142,4.65748749162767,7.26516716860002,7.93476378978232,11.2043099196947,7.28877850628774,5.23625215731169,5.73775341215258,5.52904081344604,8.70509871491441,0,0
23.0850773576622,0,3.74079934358597,0,56.0475082397461,0,0,0,17.0449314117432,0,0,0,0,0,19.396490869068,0,52.7002059307295,61.7795003255208,39.7201539576054,0,0,0,4.8192633339889,0,0,0,0,0,0,0,0,0,0,0,15.0828926563263,0,0,0,15.2609372846373,5.77254983584086,5.0595348174188,46.1740493774414,14.7955160480043,0,0,0,22.5510125782179,7.55366196356061,0,5.58331950451877,0,0,0,0,17.8620348818162,0,13.9555670781569,0,26.2409661863875,0,14.5762241285954,0,0,29.0940550290621,0,4.78841563585763,0,15.1820287534169,0,9.91649169047203,0,9.58321388079822,0,7.99830952565768,0,5.25547528266907,0,14.7680040322817,22.6821448802948,8.382316116312,0,8.29513533734031,16.2687059976981,0,12.8576571461006,0,24.1982997894287
0,25.33841147543,0,19.8371900320053,0,0,0,0,0,38.000737508138,0,0,0,0,0,42.0449387232463,0,0,24.5581073760986,0,0,0,0,17.2229590415955,0,0,0,0,0,0,0,0,5.27084875106812,0,0,16.2252642313639,0,10.1298712335784,38.4651978810628,4.82277280907071,8.56594831183337,7.92351251230007,31.7790772120158,0,0,16.0388517379761,31.1065130233765,4.86434815609443,5.58331950451877,0,0,0,0,0,0,27.9500540931626,0,22.5350464563521,0,15.3155618906021,0,29.9487383067608,0,27.6099433898926,0,0,15.610387281938,0,16.7815633253618,0,12.7774578784328,0,11.3896397677335,0,5.93551950454712,8.74642133712769,7.2955953280131,12.400220990181,7.30385608922811,13.9795123494466,10.5567860417493,0,10.3848706344649,28.99778175354,9.34799799410161,0,0
20.5188522338867,0,0,0,4.11893173370242,0,0,0,0,0,0,0,0,0,5.73807616972587,0,0,0,0,0,13.4538066387177,0,0,0,0,0,0,0,0,0,0,0,0,0,0,0,0,0,0,0,0,0,32.5251998901367,0,0,0,0,0,0,0,0,0,2.73060631752014,0,3.89549790895902,0,9.52689722854726,0,6.17055408509223,0,5.5310570740364,0,0,14.8909536089216,0,0,0,0,0,0,0,0,0,0,0,0,0,0,0,0,0,0,4.09199703216553,3.38479804992676,9.57828725141192,0,0
0,0,0,4.40798443502134,0,4.43586228872491,0,4.42090964317322,0,0,0,0,0,0,0,0,0,0,0,0,0,0,0,0,0,0,0,0,0,0,0,0,0,0,0,0,0,0,0,0,0,0,0,0,0,0,0,0,0,0,0,0,0,3.79667448997498,0,0,0,4.63699892494414,0,2.95219170479547,0,2.96686005592346,6.41085963249207,0,0,0,0,0,0,0,0,0,0,0,0,0,0,0,0,0,0,0,4.29141387547532,6.54408884048462,5.55606377869844,0,0
0,0,0,0,0,0,3.00701731017658,0,0,0,9.6954642534256,0,0,0,0,0,0,0,0,0,0,0,0,0,0,0,0,0,0,0,0,0,0,0,0,0,0,0,0,0,0,0,0,0,0,0,0,0,0,0,2.73060631752014,0,0,0,0,0,7.86343736201525,0,3.25070729255676,0,0,0,0,0,0,0,0,0,0,0,0,0,0,0,0,0,0,0,0,0,0,0,2.79432010650635,0,0,0,0
0,0,0,0,0,4.93347779540129,0,3.6659451952768,0,0,0,3.20027027811323,0,0,0,0,0,0,0,0,0,0,0,0,0,0,0,0,0,0,0,0,0,0,0,0,0,0,0,0,0,0,0,0,0,0,0,0,0,0,0,3.79667448997498,0,0,0,0,0,5.29715415520397,0,0,0,0,7.02664025930258,0,0,0,0,0,0,0,0,0,0,0,0,0,0,0,0,0,0,0,5.66999238729477,0,0,0,0
0,0,6.08673468948657,0,3.25824084174767,0,0,0,12.2544488844119,0,0,0,0,0,18.6646299780461,0,0,0,36.6615810394287,0,0,0,27.0496237618583,0,9.99319199834551,0,0,0,0,0,0,0,0,0,0,0,0,0,28.3853460637535,0,0,40.4587135314941,0,0,0,0,0,0,17.8620348818162,0,3.89549790895902,0,0,0,0,0,5.83110974145972,0,4.21391868591309,0,15.3367041087732,0,0,0,0,27.8613929748535,0,8.24828705764734,0,0,0,0,0,0,0,0,0,0,0,0,0,20.4963839224407,21.6281768414153,9.29115390777588,11.6495940135075,0,0
0,6.71143536738308,0,4.94485123086041,0,0,0,0,0,9.7847896084335,0,0,0,0,0,13.3849658915337,0,3.4300109744072,32.1059470176697,0,0,0,0,13.5747601335699,0,0,0,0,0,0,0,0,0,0,0,0,0,20.2688016809124,45.2374747140067,0,0,31.5473410300557,39.6834907531738,0,0,0,0,0,0,27.9500540931626,0,0,0,0,0,0,0,0,0,0,0,11.6551385813965,0,0,0,0,12.6879222366545,0,0,0,0,0,0,0,0,0,0,0,0,0,19.3513818945089,0,32.991320706342,37.9372711181641,23.4260395462833,0,0
5.12163464228312,0,4.21108441352844,0,9.70381013552348,0,2.83448848724365,0,6.82318067550659,0,5.2730946432389,0,8.71544477939606,0,0,0,0,0,35.2115650177002,0,5.94927482861574,0,0,0,0,0,0,0,7.68836049306191,0,6.55587177891885,0,0,0,0,0,3.57457615462216,0,8.96657855170114,0,0,0,25.3640195301601,0,0,0,0,0,13.9555670781569,0,9.52689722854726,0,7.86343736201525,0,5.83110974145972,0,0,0,6.57727474743741,0,5.96337663284456,0,0,6.89923787975687,0,0,0,0,0,0,0,7.41985216111007,0,8.39988611213162,0,0,0,0,0,14.3104487765919,0,18.2940289774739,7.06188807948943,0,6.12674198178039,0,16.3673267364502
0,4.73561791345185,0,14.2517474889755,0,5.18052590997131,0,7.30421367997215,0,25.0279361724854,0,5.87721918105834,0,2.74760794639587,0,0,59.537971496582,48.7352102528448,35.1918217585637,7.89868919849396,0,0,0,0,0,0,0,0,0,6.67981465454519,0,0,0,0,0,3.98761800130208,0,10.6154908821454,0,0,0,23.1945734732431,0,0,0,24.0031605561574,0,0,0,22.5350464563521,0,4.63699892494414,0,5.29715415520397,0,0,0,0,0,4.88274297880123,0,4.23422861099243,7.1734302734884,0,0,0,0,0,0,0,7.79358950038636,0,8.3077633130286,0,0,0,0,0,0,0,12.1056648800882,0,13.5197915508634,3.03831727688129,9.86321198800479,12.3922691587674,0
7.35263971848921,0,7.47132229804993,0,6.20755726695061,0,3.22108744608389,0,25.4699286585269,0,3.46973510583242,0,4.7145694588858,0,6.75038979270242,0,0,0,42.4718379974365,0,12.5474829673767,0,0,0,0,0,0,0,0,0,0,0,0,0,0,0,0,0,32.4054260253906,0,0,0,34.3294573757899,0,0,0,0,43.2731590270996,26.2409661863875,0,6.17055408509223,0,3.25070729255676,0,4.21391868591309,0,6.57727474743741,0,0,0,5.18853442803869,0,0,10.8600193890658,0,0,0,0,0,6.20829719142691,0,5.29640898337731,0,29.6732308069865,0,0,0,0,0,24.6144351959229,0,40.6000099182129,6.91288245179271,4.48756321271261,10.7932926385407,0,23.0124601884322
0,4.11943863034248,0,3.01848753293355,0,0,0,0,0,0,0,3.03972719026648,0,3.38388100266457,0,0,0,0,0,0,0,0,0,0,0,0,0,3.14442579562847,0,0,0,0,0,0,0,0,0,0,0,0,0,24.2033309936523,0,0,0,0,0,0,0,15.3155618906021,0,2.95219170479547,0,0,0,0,0,4.88274297880123,0,0,0,4.46663403683814,0,0,0,0,0,0,8.31952088529413,0,6.8264074697843,0,11.2161089873608,0,0,0,0,0,0,0,0,0,2.87310352325439,0,9.84954299301398,0,0
7.53633994876214,0,5.46187130346338,0,6.72293306008363,0,0,0,18.867126027743,0,0,0,7.97553130098291,0,5.54468773680124,0,0,0,0,0,0,0,0,0,16.7413787841797,0,14.1280894088745,0,0,0,0,0,0,0,0,0,0,0,0,0,0,0,42.1509187698364,0,0,0,0,23.6166286468506,14.5762241285954,0,5.5310570740364,0,0,0,15.3367041087732,0,5.96337663284456,0,5.18853442803869,0,0,0,0,14.8512196540833,0,0,0,22.7214851379395,0,6.70286106553164,0,0,0,0,0,0,0,31.6751670837402,0,0,0,24.4159253438314,8.89743786766416,0,12.2395133417432,0,25.3315086364746
0,17.9490146977561,0,3.88245729037694,0,0,0,0,0,22.4432604474536,0,0,0,0,0,2.854532122612,0,0,47.7360916137695,0,0,0,0,27.5319196156093,0,0,0,0,0,0,0,0,0,0,0,0,0,36.0226006507874,0,0,0,47.9396513076056,0,0,0,0,0,0,0,29.9487383067608,0,2.96686005592346,0,0,0,11.6551385813965,0,4.23422861099243,0,4.46663403683814,0,0,0,0,0,0,26.4812090947078,0,4.0322789400816,0,0,0,0,0,0,0,0,0,0,0,34.822057056427,0,51.1144755227225,0,28.0147221201942,0,0
0,0,0,0,0,6.5573365688324,0,8.28372722201877,0,21.672830581665,0,9.78495120431515,0,0,0,0,65.8429718017578,47.6350627475315,39.5414897203445,8.29328709409592,0,0,0,0,0,0,0,0,0,22.2603005495938,0,0,0,0,0,4.32830611747854,0,5.59630259087211,0,4.96801171651701,0,23.1474549594678,0,0,0,7.32787458345077,0,0,0,0,0,6.41085963249207,0,7.02664025930258,0,0,0,7.1734302734884,0,0,0,0,0,0,0,0,0,0,0,0,16.511124216277,0,18.2627537532895,0,0,0,0,0,6.421338672674,0,25.5087114263464,0,18.3480227463682,0,12.2232789997929,13.0230958461761,0
0,0,0,0,8.63992349306742,0,0,0,0,0,3.02370977401733,0,0,0,0,0,0,0,41.3546920776367,0,6.66283003312823,0,0,0,0,0,0,0,0,0,0,0,0,0,0,0,6.42691329362333,0,0,0,6.33371905553139,0,27.8283138275146,0,0,0,7.40147584580963,0,29.0940550290621,27.6099433898926,14.8909536089216,0,0,0,0,0,6.89923787975687,0,10.8600193890658,0,14.8512196540833,0,0,0,0,0,0,0,0,0,0,21.0828834261213,0,23.4547910615412,0,0,0,0,0,11.9838726252986,0,28.3564174943588,2.97284173965454,0,11.696766377183,0,0
0,0,0,0,0,0,0,0,0,0,0,0,0,0,0,0,0,0,30.1010732650757,0,0,4.24308207302409,3.15587038993835,5.21358283360799,0,0,0,3.33098972544951,0,0,0,0,0,0,0,0,0,10.5562081606883,2.92624606026544,0,0,26.8484662373861,0,0,0,0,0,0,0,0,0,0,0,0,0,0,0,0,0,0,0,0,0,0,0,0,3.74458516120911,0,4.19185104602721,0,3.4855206041109,0,0,0,0,0,0,0,0,0,4.13439682366223,0,10.3734444749766,0,17.8216581344604,0,0
0,0,0,0,0,0,0,0,0,0,0,0,0,0,0,0,3.15563201904297,0,34.5492687225342,0,0,3.91465044021606,4.0541304327073,0,4.85552507943885,0,5.13939283769342,0,0,0,0,0,0,0,0,0,0,40.8496284484863,6.08175848466214,0,0,39.1542406815749,23.6869056156703,0,0,0,0,19.2343400319417,4.78841563585763,0,0,0,0,0,27.8613929748535,0,0,0,0,0,0,0,0,0,0,0,0,4.93484184680841,0,4.96737100951599,0,3.8636037188691,0,0,0,0,0,0,0,0,0,7.81948973509398,19.5157304900678,25.7959470748901,26.8721646202935,0,0
0,0,0,0,0,0,0,0,0,22.4752561485066,0,0,0,0,0,27.1548000335693,0,0,24.8894245841286,0,0,3.30625235918656,0,3.9680504453355,0,0,0,0,0,0,0,0,0,0,0,0,0,10.4017476449933,39.2326074327741,0,0,20.2448413287892,34.788434615502,0,0,0,0,0,0,15.610387281938,0,0,0,0,0,12.6879222366545,0,0,0,0,0,26.4812090947078,0,0,3.74458516120911,0,0,0,11.2018136978149,0,0,0,0,0,0,0,0,0,0,0,8.48970721535763,0,28.1522213690872,28.6904633839925,21.2371694340425,0,0
0,0,0,0,0,0,0,0,7.44700622248959,0,0,0,0,0,0,0,0,0,32.3864471117655,0,0,0,3.87104425256111,0,5.98612889766693,0,3.49761860711234,0,0,0,0,0,0,0,0,0,0,40.5379962921143,10.4590922764369,0,0,39.7121188722808,23.6337887763977,0,0,0,0,23.4040632247925,15.1820287534169,0,0,0,0,0,8.24828705764734,0,0,0,0,0,22.7214851379395,0,0,0,0,4.93484184680841,0,0,0,7.46185882921889,0,11.6048145294189,0,0,0,0,0,0,0,0,0,23.7583961486816,26.5751089724306,27.9571886062622,35.3879981381553,0,0
0,0,0,0,0,0,0,0,0,0,0,0,0,0,0,0,0,0,27.2079327901204,0,0,5.00329319636027,0,3.23406362533569,0,0,0,8.91188867468583,0,0,0,0,0,0,0,0,0,16.1791450912888,42.9902426979759,0,0,23.7127989866795,37.0157420349121,0,0,0,0,0,0,16.7815633253618,0,0,0,0,0,0,0,0,0,8.31952088529413,0,4.0322789400816,0,0,4.19185104602721,0,11.2018136978149,0,0,0,4.97001873148845,0,0,0,0,0,0,0,0,0,12.8293251991272,0,30.2221349612833,29.8182563781738,18.871475543616,0,0
0,0,0,0,0,0,0,0,17.7395000457764,0,0,0,0,0,0,0,0,0,0,0,0,0,3.75808809325099,0,6.49177107568515,0,6.44586551868678,0,3.75546380877495,0,0,0,0,0,0,0,0,0,0,0,0,0,0,0,0,0,0,0,9.91649169047203,0,0,0,0,0,0,0,0,0,6.20829719142691,0,6.70286106553164,0,0,0,0,4.96737100951599,0,7.46185882921889,0,0,0,6.3968305285288,0,0,0,0,0,0,0,0,0,23.3501284917196,0,0,9.75091902414958,0,0
0,0,0,0,0,0,0,0,0,0,0,0,0,0,0,0,0,0,26.4474449157715,0,0,3.52975185191045,0,0,0,9.25884278615316,0,3.96299884423351,0,4.98001341636364,0,0,0,0,0,0,0,13.4970885310322,39.8545582580566,0,0,22.8042734944543,35.5096469176443,0,0,0,0,39.9864025115967,0,12.7774578784328,0,0,0,0,0,0,0,7.79358950038636,0,6.8264074697843,0,0,16.511124216277,0,3.4855206041109,0,0,0,4.97001873148845,0,0,0,5.44924866699325,0,0,0,0,0,0,0,12.9893010033637,40.9355354309082,25.9769352914949,9.47584382387308,14.7772706150138,0,0
0,0,0,0,0,0,0,0,0,0,9.52329301834106,0,0,0,0,0,0,0,50.8283131917318,0,0,0,3.38905048370361,0,10.3144607543945,0,3.57855785026979,0,4.00012895341903,0,5.96318150576899,0,0,0,0,0,0,0,8.42985169092814,0,0,0,19.4663912455241,0,0,0,0,0,9.58321388079822,0,0,0,0,0,0,0,7.41985216111007,0,5.29640898337731,0,0,0,0,21.0828834261213,0,3.8636037188691,0,11.6048145294189,0,6.3968305285288,0,0,0,5.19891486352728,0,0,0,0,0,0,0,6.3150549557209,5.79754401022388,5.50688314437866,7.83087117604089,0,18.2950820922852
0,16.4039495885372,0,0,0,0,0,0,0,0,0,14.3705343093376,0,0,0,0,69.6923133850098,52.9311851017059,43.8655004341509,17.8458784565781,0,0,0,0,0,0,0,4.17895773478917,0,4.68996239949928,0,0,0,0,0,0,0,3.39382423487577,0,44.1600761413574,0,19.4582809659105,63.2096112569173,0,66.0905075073242,26.7764671998865,0,0,0,11.3896397677335,0,0,0,0,0,0,0,8.3077633130286,0,11.2161089873608,0,0,18.2627537532895,0,0,0,0,0,0,0,5.44924866699325,0,0,0,0,0,0,0,41.0582733154297,0,8.19777016571539,97.9231033325195,22.9351241391733,3.79253558551564,16.400040695871,22.9350747328538,79.8213958740234
25.3046236038208,0,30.0146532058716,0,0,0,0,0,28.4522794087728,0,9.55477406428411,0,0,0,0,0,48.8933354695638,65.2518836975098,37.8412365961556,0,0,0,0,0,0,0,0,0,2.84730708599091,0,4.26224506146287,0,0,0,0,0,0,0,4.18292478440513,0,0,35.0602957407633,20.1659325342722,0,0,0,27.1425442377726,0,7.99830952565768,0,0,0,0,0,0,0,8.39988611213162,0,29.6732308069865,0,0,0,0,23.4547910615412,0,0,0,0,0,0,0,5.19891486352728,0,0,0,0,0,0,0,0,0,6.92549339960158,28.3632597418392,0,14.1502571552092,0,21.9248665809631
0,0,0,0,0,0,0,0,0,0,0,0,0,0,0,0,0,0,0,0,0,0,0,0,0,0,0,0,0,0,0,4.52780166860153,12.1978257352656,4.47628970506812,0,6.29453039988619,17.0183391571045,0,0,0,18.3205269322251,0,0,0,0,0,0,7.25109486381213,0,5.93551950454712,0,0,0,0,0,0,0,0,0,0,0,0,0,0,0,0,0,0,0,0,0,0,0,0,0,18.2268665631612,7.99253531895062,0,11.3783881480877,24.3053790672481,0,0,3.62903052738735,0,0,0,0
0,0,0,0,0,0,0,0,0,0,0,0,0,0,0,0,0,0,0,0,0,0,0,0,0,0,0,0,0,0,0,5.11006225417642,6.63209540371734,0,12.2389490299109,7.58964029947917,3.17421710274436,0,0,0,10.3862194844655,0,0,0,0,0,0,8.3611406039142,5.25547528266907,8.74642133712769,0,0,0,0,0,0,0,0,0,0,0,0,0,0,0,0,0,0,0,0,0,0,0,0,18.2268665631612,0,0,9.69988281300678,19.656183719635,12.1917224918281,0,0,4.55200640360514,0,0,0,0
0,0,0,0,0,0,0,0,0,0,0,0,0,0,0,0,0,0,0,0,0,0,0,0,0,0,0,0,0,0,0,9.06417938885768,0,4.32513555733239,3.21981406369746,5.21230824593386,0,3.43315348360274,0,17.0047225952148,0,0,0,0,0,0,0,4.65748749162767,0,7.2955953280131,0,0,0,0,0,0,0,0,0,0,0,0,0,0,0,0,0,0,0,0,0,0,0,0,7.99253531895062,0,0,0,4.99573992694598,0,5.09295507839748,0,7.15361455508641,0,0,0,0
0,0,0,0,0,0,0,0,0,0,0,0,0,0,0,0,0,0,0,0,0,0,0,0,0,0,0,0,0,0,0,0,8.52839873053811,4.59900462362501,5.29325315021152,0,5.12675393754786,0,8.15249702589852,0,0,11.5672133279883,11.834820429484,0,0,0,0,7.26516716860002,14.7680040322817,12.400220990181,0,0,0,0,0,0,0,0,0,0,31.6751670837402,0,0,0,0,0,0,0,0,0,0,0,0,0,0,9.69988281300678,0,0,0,6.09046520548386,10.9929423332214,5.11354950051559,9.09906615802949,7.54800334279937,14.591410461225,0,0
0,0,0,0,0,3.16502038637797,0,0,0,0,0,0,0,0,0,0,0,0,0,4.66364362239838,0,0,0,0,0,0,0,0,0,0,0,9.39063164738203,16.9017752011617,3.48016463181911,0,5.21399839044939,5.60397722747888,5.34117103726208,0,8.30816689318592,23.0208152751813,9.35882438421249,0,0,0,7.37523818984135,0,7.93476378978232,22.6821448802948,7.30385608922811,0,0,0,0,0,0,0,0,0,0,0,0,6.421338672674,0,0,0,0,0,0,0,0,0,41.0582733154297,0,11.3783881480877,19.656183719635,4.99573992694598,0,0,25.0214666689046,4.33625983513123,0,4.83331784602094,4.09205695857172,8.902521600734,0,0
0,0,0,0,0,0,0,0,0,0,5.19230771064758,0,0,0,0,0,0,0,0,0,4.16130174786212,0,0,0,0,0,0,0,0,0,0,25.3185723811486,7.06694698225368,0,9.94601366183902,10.5420256864457,5.52026113267345,0,8.37305975134993,22.4097947875659,7.483060315304,0,19.6053095533137,0,0,0,9.99411227518269,11.2043099196947,8.382316116312,13.9795123494466,0,0,0,0,0,0,14.3104487765919,0,24.6144351959229,0,0,0,0,11.9838726252986,0,0,0,0,0,0,0,0,0,0,24.3053790672481,12.1917224918281,0,6.09046520548386,25.0214666689046,0,0,6.77861708164937,8.14426440831484,6.20155730247498,10.2178451181054,0,0
0,0,0,0,0,0,0,0,0,20.469895358013,0,9.03112819459703,0,0,0,34.3334438323975,81.7219696044922,56.1563814603365,43.9413381009488,19.4154758453369,0,8.55197844588966,0,9.18792193475431,0,10.9328441619873,0,0,0,3.655374039544,0,0,0,5.42691244577107,9.97548379898071,5.22471295148536,0,5.31425756607934,26.9507783743051,0,0,9.74997843496981,27.5789699554443,0,0,30.6797151565552,0,7.28877850628774,0,10.5567860417493,0,0,0,0,0,19.3513818945089,0,12.1056648800882,0,0,0,34.822057056427,25.5087114263464,0,4.13439682366223,0,8.48970721535763,0,12.8293251991272,0,12.9893010033637,0,8.19777016571539,0,0,0,5.09295507839748,10.9929423332214,4.33625983513123,0,0,29.1455554962158,10.4235251998423,11.873643887043,13.114567934848,28.0448875427246,0
23.5710716247559,0,0,0,0,0,0,0,22.7194758017086,0,6.8149722922932,0,0,0,0,0,55.9167252474053,64.0281684875488,43.1849256999002,0,0,0,11.9234788537731,0,15.6539895118229,0,0,0,5.84930740258633,0,2.95728715260824,0,0,0,4.1078692511303,0,6.45278939875689,23.9415838718414,6.03274141014682,0,4.08142399787903,26.8954586717818,26.2497358279569,0,73.0679111480713,85.3232091267904,31.3662166595459,5.23625215731169,8.29513533734031,0,0,0,0,0,20.4963839224407,0,18.2940289774739,0,40.6000099182129,0,24.4159253438314,0,0,28.3564174943588,0,7.81948973509398,0,23.7583961486816,0,23.3501284917196,40.9355354309082,6.3150549557209,97.9231033325195,6.92549339960158,0,0,0,5.11354950051559,0,6.77861708164937,29.1455554962158,0,16.3822172066328,9.77964945939871,21.0020203661756,0,39.0849636925591
8.41020028752492,7.80049688286251,4.73156398534775,8.21289667785168,3.5089589805778,3.69509421659438,3.2764595746994,5.46482388178508,15.4168154208556,25.8059379029692,5.24632371064708,4.93643698655069,4.01898864891838,3.3347432185442,5.97054596279943,34.2901861137814,7.02554419842851,8.58388942266174,9.06317800195198,14.1423938083649,2.92942433059216,3.62130932483447,16.877955120872,26.3859198924267,22.4426250103091,26.4339114586512,0,3.28686842199874,5.40463619761997,4.3412789106369,15.1427195072174,3.38002651929855,6.24253845214844,2.88171690160578,6.89907659220899,3.8751441836737,4.02257075581619,5.75776816611965,14.1948240857735,9.73612229964312,16.6894595623016,10.6569900273939,10.6904781422473,11.9853330339704,14.0215373332684,18.6883175606969,21.9472542294001,5.73775341215258,16.2687059976981,10.3848706344649,4.09199703216553,4.29141387547532,2.79432010650635,5.66999238729477,21.6281768414153,32.991320706342,7.06188807948943,13.5197915508634,6.91288245179271,2.87310352325439,8.89743786766416,51.1144755227225,18.3480227463682,2.97284173965454,10.3734444749766,19.5157304900678,28.1522213690872,26.5751089724306,30.2221349612833,0,25.9769352914949,5.79754401022388,22.9351241391733,28.3632597418392,3.62903052738735,4.55200640360514,7.15361455508641,9.09906615802949,4.83331784602094,8.14426440831484,10.4235251998423,16.3822172066328,0,5.24685430193664,13.9759313051082,20.3243244080316,23.1069054245949
