0,0,7.69893099415687,0,0,0,0,0,3.66028465138804,0,0,0,0,0,35.1527214050293,0,33.3079903920492,42.6986516316732,7.05128345706246,0,0,0,0,0,0,0,0,0,0,0,0,0,0,0,0,0,0,0,0,0,77.6374664306641,0,29.1061390572852,0,0,0,24.0639915466309,31.5639335087367,5.30074146012552,0,0,0,0,0,4.31990394645563,0,0,0,0,0,0,0,0,0,0,0,0,5.60257023572922,0,3.17348957061768,0,0,0,0,0,0,0,0,98.850471496582,37.1599680582682,0,0,16.4699474878089,0,10.6519092389366,0,18.7744026184082
0,0,0,4.18863844359893,0,0,0,0,0,4.73615086796772,0,0,0,0,0,8.50564479827881,36.7208061218262,39.7372407913208,7.66630821060716,0,0,0,0,0,0,0,0,0,0,0,0,0,0,0,0,0,0,0,0,27.6272309621175,0,13.2666977994582,0,0,0,27.6380144755046,0,32.6445119380951,0,6.610117154462,0,0,0,0,0,7.41620558297859,0,0,0,0,0,9.70431244164183,0,0,0,0,8.50913124228243,0,9.99510866800944,0,0,0,13.1257603963216,0,0,0,0,0,36.3658312507298,0,41.5079854329427,0,12.6017032281949,0,8.66922125022966,0,0
7.69893099415687,0,0,0,9.78144781885583,0,0,0,7.66744384765625,0,0,0,0,0,0,0,0,0,98.8374404907227,0,0,0,0,0,0,0,0,0,0,0,0,0,0,0,0,0,67.3280658721924,0,0,0,35.2987421989441,38.5953651428223,36.0223986235532,0,0,0,18.4920414621516,42.7422702495868,12.500504235547,29.5076904296875,7.19273517006322,0,0,0,5.93227934514609,0,9.67597489058971,0,5.38935470581055,0,6.42675265398892,0,0,29.6232036863055,0,0,0,0,0,0,0,0,0,39.3586241404215,0,0,0,0,0,37.3763615534856,0,36.8377441993127,15.795635832291,6.94067077636719,14.1419353224693,0,16.4670944213867
0,4.18863844359893,0,0,0,7.42025991848537,0,0,0,5.26145544367017,0,0,0,0,0,0,0,0,4.40214538574219,0,0,0,0,0,0,0,0,0,0,0,0,0,0,0,0,40.6689519882202,0,0,0,33.9284240722656,0,32.5973403371614,0,0,0,14.1511067254203,0,42.5036506652832,0,8.92536446271232,0,6.42683189151851,0,0,0,4.85306080147689,0,2.94980889558792,0,4.39794228293679,0,4.85692830958398,12.5369927232916,0,0,0,0,0,0,0,0,0,49.4826965332031,0,0,0,0,0,43.0287745549129,0,54.8728847503662,0,10.6143188346177,0,9.86147282216642,0,0
0,0,9.78144781885583,0,0,0,3.56010397997769,0,2.74051082134247,0,0,0,0,0,0,0,67.9280548095703,0,0,0,6.2670395692922,0,0,0,0,0,0,0,0,0,0,0,0,0,0,0,16.2464715441068,0,0,0,43.9019268177174,0,54.3176143335742,0,0,0,25.2364250611568,46.5231323242188,46.7387593388557,0,5.36352290404534,0,11.7218838152678,0,20.2243022918701,0,0,0,3.59412149588267,0,3.93024734656016,0,0,10.3837616669802,0,0,0,0,0,0,0,0,0,0,0,0,0,0,0,23.6022487816058,0,48.9007740020752,10.1921149864793,4.29989204406738,14.053109031565,0,74.1402816772461
0,0,0,7.42025991848537,0,0,0,0,0,3.11565860834989,0,0,0,0,0,0,0,0,108.556503295898,5.42355744764595,0,0,0,0,0,0,0,0,0,0,0,0,0,0,0,16.3698708907418,0,0,0,38.2574814558029,0,45.577647617885,0,35.6404685974121,0,14.6045830836062,0,48.6913108825684,0,45.3803307851156,0,4.01718029379845,0,2.74605399370193,0,4.16065935861497,0,17.2564042409261,0,0,0,21.2184047698975,10.0108006973944,0,0,0,0,0,0,0,0,0,0,0,0,0,0,0,19.5011706423759,0,47.1603965759277,0,7.10254719361015,3.72637271881104,14.9305109604479,0,0
0,0,0,0,3.56010397997769,0,0,0,0,0,0,0,4.11091921879695,0,0,0,0,0,0,0,2.91991864551197,0,0,0,0,0,0,0,0,0,0,0,0,0,0,0,0,0,0,0,0,0,0,0,0,0,0,0,0,0,3.74686467194859,0,3.1804946815526,0,0,0,0,0,3.4901618307287,0,0,0,0,3.52501042683919,0,0,0,0,0,0,0,0,0,0,0,0,0,0,0,0,0,0,2.82706639501784,0,0,0,0
0,0,0,0,0,0,0,0,0,0,0,4.06899788379669,0,0,0,0,0,0,0,4.28082301066472,0,0,0,0,0,0,0,0,0,0,0,0,0,0,0,0,0,0,0,0,0,0,0,0,0,0,0,0,0,0,0,3.00262446204821,0,3.23560084066083,0,0,0,3.64492062851787,0,0,0,0,0,0,0,0,0,0,0,0,0,0,0,0,0,0,0,0,0,0,0,0,3.69464361667633,0,0,0,0
3.66028465138804,0,7.66744384765625,0,2.74051082134247,0,0,0,0,47.3545481363932,0,0,0,0,7.79674199113139,0,20.5392920717992,38.5279610824585,13.0786775565295,0,0,0,23.7884731292725,0,7.67831207724179,0,16.7872464568527,0,0,0,0,0,0,0,0,0,0,0,3.67805768205569,61.7556571960449,0,0,23.8428164985445,0,0,0,44.0002403259277,0,9.57413019074334,0,4.52460727095604,0,0,0,5.14716725431823,0,0,0,0,0,7.1594173334263,40.3825836181641,0,0,0,21.7925764719645,0,3.87294759750366,0,7.84724145350249,0,0,0,0,0,0,0,0,0,75.4987716674805,0,9.31858306371865,13.0107301838006,4.55406279563904,6.99134462575118,90.1213073730469,9.62227606773376
0,4.73615086796772,0,5.26145544367017,0,3.11565860834989,0,0,47.3545481363932,0,0,0,0,0,48.9261817932129,6.21871325211932,40.7241654933843,26.0979439267716,18.3403145734929,0,0,29.9894609451294,0,15.5465022991521,0,14.3954661687215,46.8145179748535,0,0,0,0,0,0,0,0,0,0,6.1319320987964,0,90.3556340535482,65.3776092529297,9.39651987863624,0,0,0,0,48.7861194610596,0,0,8.05857430945198,0,3.60435446103414,0,0,0,5.29554307514362,0,0,0,11.1821041107178,33.8855972290039,5.55054944124653,71.513069152832,0,0,0,12.007325284481,0,7.11482031528766,0,0,0,0,0,0,0,0,0,0,0,8.69433924582152,95.049934387207,10.0963749212184,20.2465057373047,5.13807885416092,7.05782052337146,57.0954704284668
0,0,0,0,0,0,0,0,0,0,0,0,2.93880414045774,0,0,0,0,0,0,0,4.58777334690094,0,0,0,0,0,0,0,0,0,3.55832292884588,0,0,0,0,0,2.86175030379126,0,3.72426302816484,0,0,0,0,0,0,0,0,0,0,0,0,0,0,0,0,0,5.10480848377586,0,2.74581241607666,0,0,0,0,5.42143446427804,0,0,0,0,0,0,0,0,0,5.37591622204616,0,0,0,0,0,3.11108143786167,0,3.81543489336967,3.71769057520738,3.88285422325134,2.99111062288284,0,0
0,0,0,0,0,0,0,4.06899788379669,0,0,0,0,0,2.95022011491796,0,0,0,0,0,3.27957997061199,0,0,0,0,0,0,0,0,0,6.1246266981651,0,0,0,0,0,3.80202341079712,0,3.30991110728897,0,0,0,0,0,0,0,0,0,0,0,0,0,0,0,3.00682896375656,0,0,0,4.50061961052965,0,0,0,0,11.1384201049805,0,0,0,0,0,0,0,0,0,11.0889497995377,0,0,0,0,0,3.57886169637953,0,5.54057238454508,0,3.23193294079073,0,0,0,0
0,0,0,0,0,0,4.11091921879695,0,0,0,2.93880414045774,0,0,0,3.35389398759411,0,0,0,0,0,0,0,0,0,0,0,0,0,0,0,0,0,0,0,0,0,0,0,0,0,0,0,0,0,0,0,0,0,0,0,0,0,0,0,0,0,2.74458789825439,0,3.73265820172987,0,3.67797633875971,0,0,0,0,0,0,0,0,0,0,0,0,0,0,0,0,0,0,0,0,0,4.03913289850408,4.47667376200358,0,0,0
0,0,0,0,0,0,0,0,0,0,0,2.95022011491796,0,0,0,4.36401066593095,39.8554039001465,11.133084451451,0,0,0,0,0,0,0,6.35231979688009,0,4.35976939785237,0,0,0,0,0,0,0,0,0,0,0,0,0,0,0,0,0,0,0,0,0,0,0,0,0,0,0,0,0,3.23076976440391,0,4.22675013772903,0,0,0,0,0,0,0,0,0,0,0,0,0,0,0,0,0,0,0,0,0,0,5.44118828713139,6.01839993794759,0,0,0
35.1527214050293,0,0,0,0,0,0,0,7.79674199113139,48.9261817932129,0,0,3.35389398759411,0,0,0,14.1148553338089,44.1083866568173,27.7691806030273,0,0,0,22.4161336081369,0,23.7990310668945,0,13.4835995902186,0,0,0,0,0,0,0,0,0,0,0,0,0,60.3471717834473,0,58.2309169769287,0,0,0,59.0755360921224,0,0,0,2.74152612686157,0,0,0,4.67105331746015,0,0,0,5.90943296750387,0,3.31678771264482,0,0,0,0,25.6493906974792,0,0,0,15.1592931097204,0,0,0,0,0,0,0,0,113.465194702148,0,0,0,11.3686021462646,3.20456480979919,60.394947052002,0,0
0,8.50564479827881,0,0,0,0,0,0,0,6.21871325211932,0,0,0,4.36401066593095,0,0,41.6525666373117,15.7485540216754,56.9189729690552,0,0,24.2938556671143,0,24.5524839401245,0,5.03396953145663,0,8.12366676330566,0,0,0,0,0,0,0,0,0,0,0,0,0,0,0,0,0,0,0,0,0,0,0,0,0,0,0,10.7844432830811,0,0,0,5.7006208552764,0,4.28924107551575,0,0,0,0,9.27522087097168,0,4.73109521565737,0,0,0,0,0,0,0,0,0,0,0,0,0,8.12918643046308,6.36209744673509,0,0,0
33.3079903920492,36.7208061218262,0,0,67.9280548095703,0,0,0,20.5392920717992,40.7241654933843,0,0,0,39.8554039001465,14.1148553338089,41.6525666373117,0,21.4094187540213,25.5324914463995,0,0,32.8123552958171,7.52453646049124,27.2143297889016,17.1805624650872,42.8362369155884,11.3944268941879,0,0,0,0,0,0,0,0,106.017833709717,90.8473358154297,0,0,77.9390552721525,67.4497893431006,74.4738820565713,59.7548082001355,54.4007122516632,45.9008331298828,68.5457866668701,63.9330047445094,0,70.1856662205287,85.0676629202706,0,0,0,0,22.2528607504708,27.0917612711589,0,0,0,37.0607643127441,11.1193529319763,38.6819850697237,80.0986270904541,76.8324772227894,0,12.5661008124258,26.3579950332642,0,41.3158204669044,10.5191418952252,0,104.803810119629,70.4920972188314,67.6456359227498,0,0,0,0,87.0340096059472,74.2465413974098,88.5286766688029,68.1216668197789,21.6326757851282,4.79353810389403,62.6721939903228,51.9920135498047,45.9415828704834
42.6986516316732,39.7372407913208,0,0,0,0,0,0,38.5279610824585,26.0979439267716,0,0,0,11.133084451451,44.1083866568173,15.7485540216754,21.4094187540213,0,27.1749563017548,0,0,11.7238676221747,41.891122671274,13.1405889778647,31.9806294441223,15.873917512058,35.7378305312126,3.92088349660238,0,0,0,0,0,0,0,93.0899856567383,88.5778408050537,0,0,64.8449210149592,72.3456210469091,58.3947655261876,66.9667897033691,37.1774547718189,35.5846548080444,65.4329427752578,65.2639382969249,0,77.0040992736816,68.7407126793495,0,91.2331695556641,0,0,48.9896474565778,25.4405738996423,76.9224853515625,0,0,10.4449873272377,42.9968117607964,13.4232740097858,69.8468923114595,75.6950554480919,3.58201932907104,46.9151920318604,5.07143116271359,0,17.8042876776395,23.8293313980103,11.9573601314,0,53.3629932403564,0,0,0,0,0,70.0879028736461,79.302237317606,67.9720607376099,76.048823928833,19.4500587423772,6.88771681760901,57.47848291987,43.4819393891555,62.3465406244451
7.05128345706246,7.66630821060716,98.8374404907227,4.40214538574219,0,108.556503295898,0,0,13.0786775565295,18.3403145734929,0,0,0,0,27.7691806030273,56.9189729690552,25.5324914463995,27.1749563017548,0,0,0,40.2681519644601,48.677562713623,33.0159986495972,31.6648993492126,44.7215161757036,25.9081629344395,0,0,0,0,0,0,0,0,62.3582341330392,70.6038318047157,53.2486356099447,0,42.1479447658151,50.8936123207434,36.4043955716395,37.0104178244629,16.1658624552805,19.1873576557427,37.3318132426552,41.9061984179036,49.469246673584,59.5287713000649,48.9364778163821,0,0,0,0,15.107867377145,0,48.0827407836914,62.3234405517578,0,0,22.1443134756649,36.5222124099731,42.1431264143724,55.8709182805028,0,34.8235204219818,33.5258636474609,3.58315793673197,40.2842146158218,16.3571880742123,0,48.9480476379395,47.4172842025757,48.8065415859222,80.5364227294922,0,0,0,47.6098318888792,53.5146983321191,49.7140049567589,53.4363628233322,17.0153622597131,6.44281899929047,36.1754871746321,32.0101706079868,26.192738878727
0,0,0,0,0,5.42355744764595,0,4.28082301066472,0,0,0,3.27957997061199,0,0,0,0,0,0,0,0,0,0,0,0,0,0,0,0,0,0,0,0,0,0,0,3.29616726012457,0,5.53132393780877,0,0,0,0,0,0,0,0,0,0,0,0,0,5.36195413271586,0,0,0,0,0,3.62637970748457,0,0,0,0,4.25927660789019,0,0,0,0,0,0,0,0,0,10.9195717380893,0,0,0,0,0,6.00644564779499,0,9.73337182704313,0,3.42853701974928,3.38465332984924,3.42024031929348,0,0
0,0,0,0,6.2670395692922,0,2.91991864551197,0,0,0,4.58777334690094,0,0,0,0,0,0,0,0,0,0,0,0,0,0,0,0,0,0,0,0,0,0,0,0,0,3.23738118725003,0,4.3385641820847,0,0,0,58.3372192382812,0,0,0,11.735116822379,0,0,0,0,0,0,0,0,0,3.34494677488355,0,0,0,0,0,0,6.06653619429161,0,0,0,0,0,0,0,0,0,0,0,0,0,0,0,6.65476539301774,0,4.70862344076049,4.61636378214909,0,7.62506644585553,0,0
0,0,0,0,0,0,0,0,0,29.9894609451294,0,0,0,0,0,24.2938556671143,32.8123552958171,11.7238676221747,40.2681519644601,0,0,0,3.38639163970947,4.34792469529545,0,5.62876896063487,43.3622856140137,0,0,0,0,0,0,0,0,0,0,8.27335149539877,0,0,0,84.2720108032227,0,0,0,0,0,0,0,12.438604176884,0,0,0,0,0,0,0,0,0,0,0,25.523736000061,0,0,5.19441810421616,3.17712020874023,10.0967000706991,0,6.31046901941299,0,4.30461450134005,0,0,0,0,0,0,0,0,0,7.86149441736132,0,4.75800791740417,29.8302555084229,0,0,0
0,0,0,0,0,0,0,0,23.7884731292725,0,0,0,0,0,22.4161336081369,0,7.52453646049124,41.891122671274,48.677562713623,0,0,3.38639163970947,0,0,6.11958765983582,0,3.50711296020298,0,0,0,0,0,0,0,0,0,0,0,6.36516649808202,0,0,0,0,0,0,0,0,0,13.9971395990123,0,0,0,0,0,22.2046308517456,0,0,0,0,0,20.6285915374756,0,0,0,0,4.52475163916134,0,6.75527161359787,0,5.7954942544866,0,0,0,0,0,0,0,0,0,0,0,9.07853257073841,16.3805167723675,0,20.1621398925781,0,0
0,0,0,0,0,0,0,0,0,15.5465022991521,0,0,0,0,0,24.5524839401245,27.2143297889016,13.1405889778647,33.0159986495972,0,0,4.34792469529545,0,0,0,4.64298796986425,26.7798461914062,0,0,0,0,0,0,0,0,0,0,4.74384151463923,0,119.565170288086,81.4676361083984,0,64.4413833618164,0,0,0,66.8095855712891,0,0,7.29673119024797,0,0,0,0,31.6437664031982,8.25737312436104,0,0,0,0,0,15.21105149587,0,0,2.87003717422485,0,4.14872015317281,0,6.26549567253778,0,0,0,0,0,0,0,0,0,88.7823791503906,0,6.73165866732597,0,14.4344378092833,25.2885444959005,11.8643898963928,0,0
0,0,0,0,0,0,0,0,7.67831207724179,0,0,0,0,0,23.7990310668945,0,17.1805624650872,31.9806294441223,31.6648993492126,0,0,0,6.11958765983582,0,0,0,3.75282949020988,0,0,0,0,0,0,0,0,0,0,0,4.80392759740353,0,0,0,0,0,0,0,0,0,9.98676443099976,0,0,0,0,0,4.47527540267051,0,0,0,0,0,0,0,0,0,0,8.23388188415104,0,3.67745949909454,0,4.46262076577061,0,0,0,0,0,0,0,0,90.3990020751953,0,0,3.69546494685428,11.7322012950213,37.7402801513672,8.77045716737446,0,52.2105674743652
0,0,0,0,0,0,0,0,0,14.3954661687215,0,0,0,6.35231979688009,0,5.03396953145663,42.8362369155884,15.873917512058,44.7215161757036,0,0,5.62876896063487,0,4.64298796986425,0,0,0,2.9569673538208,0,0,0,0,0,0,0,0,0,0,0,0,76.9438858032227,45.8929405212402,0,0,0,75.4282608032227,73.2821865081787,0,0,0,0,0,0,0,59.6435508728027,0,0,0,0,0,0,4.48593203949206,0,0,0,0,3.93132526179155,0,3.9613734818191,0,0,0,0,0,0,0,0,0,75.9013112386068,100.050533294678,0,0,19.4754715452389,17.328896522522,59.5153541564941,0,0
0,0,0,0,0,0,0,0,16.7872464568527,46.8145179748535,0,0,0,0,13.4835995902186,0,11.3944268941879,35.7378305312126,25.9081629344395,0,0,43.3622856140137,3.50711296020298,26.7798461914062,3.75282949020988,0,0,0,2.74730078379313,0,0,0,0,0,0,0,0,0,0,0,63.188517888387,0,42.7139279842377,0,0,0,51.5329351425171,0,0,0,0,0,0,0,12.1083839416504,0,0,0,0,0,12.6322191821204,0,0,0,0,5.020876039505,0,3.42210947174624,0,3.61829660592332,0,0,0,0,0,0,0,0,0,70.3207836151123,0,57.5218658447266,13.8275405496602,0,58.2482172648112,0,40.4360179901123
0,0,0,0,0,0,0,0,0,0,0,0,0,4.35976939785237,0,8.12366676330566,0,3.92088349660238,0,0,0,0,0,0,0,2.9569673538208,0,0,0,2.87474719807506,0,0,0,0,0,0,0,3.38631010055542,0,0,0,0,0,0,0,0,0,0,0,0,0,0,0,0,0,0,0,0,0,0,0,0,0,0,0,0,0,0,5.50269460678101,0,5.5991788968234,0,2.90096363425255,0,0,0,0,0,0,0,2.91175311803818,0,4.74248063424054,10.9594783782959,0,0,0
0,0,0,0,0,0,0,0,0,0,0,0,0,0,0,0,0,0,0,0,0,0,0,0,0,0,2.74730078379313,0,0,0,2.74670211474101,0,0,0,0,0,0,0,2.86591470241547,0,0,0,0,0,0,0,0,0,0,0,0,0,0,0,0,0,0,0,0,0,0,0,0,0,0,0,0,0,0,4.11223745346069,0,4.52179062025888,0,0,0,0,0,0,0,0,0,5.00959904988607,2.79979646205902,0,0,0,0
0,0,0,0,0,0,0,0,0,0,0,6.1246266981651,0,0,0,0,0,0,0,0,0,0,0,0,0,0,0,2.87474719807506,0,0,0,0,0,0,0,0,0,3.46203453010983,0,0,0,0,0,0,0,0,0,0,0,0,0,0,0,0,0,0,0,6.22973850038317,0,0,0,0,0,0,0,0,0,0,0,0,0,0,3.791473577802,0,0,0,0,0,0,0,4.38088216781616,0,0,0,0,0,0
0,0,0,0,0,0,0,0,0,0,3.55832292884588,0,0,0,0,0,0,0,0,0,0,0,0,0,0,0,0,0,2.74670211474101,0,0,0,0,0,0,0,0,0,2.86607178888823,0,0,0,0,0,0,0,0,0,0,0,0,0,0,0,0,0,4.56860249383109,0,0,0,0,0,0,0,0,0,0,0,0,0,0,0,0,5.50169902454222,0,0,0,0,0,0,0,0,0,5.82324290275574,0,0,0
0,0,0,0,0,0,0,0,0,0,0,0,0,0,0,0,0,0,0,0,0,0,0,0,0,0,0,0,0,0,0,0,3.6341054873033,19.4089780720797,5.19328647046476,3.47654647442884,2.96904451950737,0,0,0,0,0,0,0,0,0,0,3.38431327958261,0,6.00578489303589,0,0,0,0,0,0,0,0,0,0,0,0,0,0,0,0,0,0,0,0,0,0,0,0,4.98957232368673,3.92002654075623,15.1260247972776,0,7.09194048245748,3.23759349187215,0,0,3.517225744488,0,0,0,0
0,0,0,0,0,0,0,0,0,0,0,0,0,0,0,0,0,0,0,0,0,0,0,0,0,0,0,0,0,0,0,3.6341054873033,0,4.85018229484558,15.3646538634049,0,3.92463287711143,0,0,0,0,0,0,0,0,0,0,3.32378267550814,0,0,0,0,0,0,0,0,0,0,0,0,0,0,0,0,0,0,0,0,0,0,0,0,0,0,4.55994460257617,5.53971173825344,11.2537509713854,17.2612302541733,13.9772430419922,9.46053264510464,0,0,2.99498847552708,0,0,0,0
0,0,0,0,0,0,0,0,0,0,0,0,0,0,0,0,0,0,0,0,0,0,0,0,0,0,0,0,0,0,0,19.4089780720797,4.85018229484558,0,4.1061655076702,6.12630996669548,0,4.18018873347792,6.01349258422852,0,0,0,0,0,0,0,0,5.69550134964633,24.2583733608848,8.279894053936,0,0,0,0,0,0,0,0,0,0,0,0,0,0,0,0,0,0,0,0,0,0,0,0,24.2333120288271,0,6.05627686798717,4.84257498742534,11.6666486458618,0,7.0436322296367,13.5374805172787,3.81988194897689,5.87307388207008,15.652943611145,0,0
0,0,0,0,0,0,0,0,0,0,0,0,0,0,0,0,0,0,0,0,0,0,0,0,0,0,0,0,0,0,0,5.19328647046476,15.3646538634049,4.1061655076702,0,0,7.5179663917114,0,3.72233907651093,0,0,0,0,0,0,0,0,5.09893340186897,5.16663457797124,22.4535769144694,0,0,0,0,0,0,0,0,0,0,0,0,0,0,0,0,0,0,0,0,0,0,0,0,4.84373092651367,23.276132767149,6.01412119051305,6.12666871878648,17.7556276321411,8.63441119784802,22.7289997736613,4.15819827588399,3.94388150154276,4.71153987296904,0,0,0
0,0,0,40.6689519882202,0,16.3698708907418,0,0,0,0,0,3.80202341079712,0,0,0,0,106.017833709717,93.0899856567383,62.3582341330392,3.29616726012457,0,0,0,0,0,0,0,0,0,0,0,3.47654647442884,0,6.12630996669548,0,0,4.15427507188311,7.22211618209429,0,72.2769988039707,0,70.215408932079,87.4851455688477,53.2532561165946,0,50.5643934684225,0,3.49952694227998,0,50.4736614227295,0,18.9503542582194,0,0,0,0,0,3.9457536538442,0,19.7775688171387,0,0,23.76605703555,0,0,0,0,0,0,0,0,0,79.4663429260254,0,21.8007578091789,0,10.542046436823,0,7.46314713260613,3.69742620536704,13.85836958343,0,5.43252532586,9.94595971535541,31.2657830547541,38.4299659729004,0
0,0,67.3280658721924,0,16.2464715441068,0,0,0,0,0,2.86175030379126,0,0,0,0,0,90.8473358154297,88.5778408050537,70.6038318047157,0,3.23738118725003,0,0,0,0,0,0,0,0,0,0,2.96904451950737,3.92463287711143,0,7.5179663917114,4.15427507188311,0,0,7.03369180842112,103.272529602051,73.381863960853,0,69.1519543262238,0,50.6676475524902,0,43.2092522503039,4.82455841055861,64.4724982261658,80.3539886474609,0,0,0,0,0,0,68.6586761474609,0,0,0,0,0,0,21.0219680141,0,0,0,0,0,0,0,0,0,62.464714050293,0,16.2650924936126,0,27.9895076230662,4.71928109420884,7.47118583771547,0,14.7005055009419,5.0516596022146,5.50395388235233,38.2143374681473,0,58.8187522888184
0,0,0,0,0,0,0,0,0,6.1319320987964,0,3.30991110728897,0,0,0,0,0,0,53.2486356099447,5.53132393780877,0,8.27335149539877,0,4.74384151463923,0,0,0,3.38631010055542,0,3.46203453010983,0,0,0,4.18018873347792,0,7.22211618209429,0,0,2.74507340788841,71.2545443943569,0,9.97984806696574,0,46.1906871795654,0,52.4857289791107,0,5.16261014630718,0,6.141774877399,0,0,0,0,0,5.01415236940924,0,4.36633285399406,0,0,0,0,15.7331145637914,0,7.77491972822892,0,8.78629568644932,0,0,0,5.05025252317771,0,2.93855237960815,0,0,0,4.61517228020562,0,11.2799351494076,0,6.04550406741357,2.77390074729919,5.75332736857584,6.38330514431,9.05711845489773,0,0
0,0,0,0,0,0,0,0,3.67805768205569,0,3.72426302816484,0,0,0,0,0,0,0,0,0,4.3385641820847,0,6.36516649808202,0,4.80392759740353,0,0,0,2.86591470241547,0,2.86607178888823,0,0,6.01349258422852,3.72233907651093,0,7.03369180842112,2.74507340788841,0,0,42.2693061828613,0,5.7763887767134,0,49.3073348999023,0,45.3669677214189,6.61096745152627,7.57952267400334,24.8194452921549,0,0,0,0,4.0355740070343,0,4.23749724173579,0,0,0,0,0,0,13.1596292602682,0,8.72372510008616,0,4.43824342115601,0,0,0,0,0,2.7235324382782,0,0,0,4.54271045923233,0,6.80930657536341,28.2388706207275,5.59930456994811,4.7016655238899,3.71361705626564,5.64940675745583,0,0
0,27.6272309621175,0,33.9284240722656,0,38.2574814558029,0,0,61.7556571960449,90.3556340535482,0,0,0,0,0,0,77.9390552721525,64.8449210149592,42.1479447658151,0,0,0,0,119.565170288086,0,0,0,0,0,0,0,0,0,0,0,72.2769988039707,103.272529602051,71.2545443943569,0,0,82.2685016285289,26.6491960579517,61.1105624112216,29.1187681694553,0,22.979604383489,80.4712158203125,37.5646532132075,0,20.6849039428711,0,42.4798393249512,0,0,0,35.0780372619629,0,38.1383749008179,0,31.3466021219889,0,32.3841008080377,11.7968471966755,82.6306838989258,0,0,0,0,0,0,50.0350780487061,0,50.7904364703453,0,19.423957824707,0,0,0,19.7727356975408,92.368092956543,53.8029511148912,90.7910733222961,43.4616695181379,60.6547012329102,19.9504129547827,35.2696007609846,58.7616539001465
77.6374664306641,0,35.2987421989441,0,43.9019268177174,0,0,0,0,65.3776092529297,0,0,0,0,60.3471717834473,0,67.4497893431006,72.3456210469091,50.8936123207434,0,0,0,0,81.4676361083984,0,76.9438858032227,63.188517888387,0,0,0,0,0,0,0,0,0,73.381863960853,0,42.2693061828613,82.2685016285289,0,61.2238493294551,31.1646244802325,62.7319240570068,31.0300930218819,79.867618560791,21.8774978263038,19.7889271463667,26.6546017562262,42.8907737731934,51.3957466125488,0,0,0,64.8560943603516,0,45.0967846171061,0,0,0,0,0,87.3440933227539,10.6144547693938,0,0,0,0,95.2620391845703,0,0,50.122683933803,0,52.5475775037493,0,0,0,0,102.569350609413,29.8533066235971,106.591832478841,43.6129158291935,45.9075734130049,0,24.6053163386919,87.898432413737,29.0066675135964
0,13.2666977994582,38.5953651428223,32.5973403371614,0,45.577647617885,0,0,0,9.39651987863624,0,0,0,0,0,0,74.4738820565713,58.3947655261876,36.4043955716395,0,0,84.2720108032227,0,0,0,45.8929405212402,0,0,0,0,0,0,0,0,0,70.215408932079,0,9.97984806696574,0,26.6491960579517,61.2238493294551,0,15.6142321347352,27.6119136477316,0,34.9695255456857,67.569208463033,19.5810080651314,33.0072580973307,16.9479842068894,0,52.798764705658,0,0,45.1660804748535,44.3782019615173,0,14.320523601554,0,47.0994288126628,0,30.9944557613797,21.2134192762241,77.7952651977539,0,0,34.7895011901855,0,0,0,20.0252841407177,0,19.9138273578628,46.2868461608887,0,0,0,0,32.3449132005434,75.8956404021292,39.8871732140216,61.3034862942166,20.1927040301658,0,18.9837099773446,14.5038851556244,39.6297672271728
29.1061390572852,0,36.0223986235532,0,54.3176143335742,0,0,0,23.8428164985445,0,0,0,0,0,58.2309169769287,0,59.7548082001355,66.9667897033691,37.0104178244629,0,58.3372192382812,0,0,64.4413833618164,0,0,42.7139279842377,0,0,0,0,0,0,0,0,87.4851455688477,69.1519543262238,0,5.7763887767134,61.1105624112216,31.1646244802325,15.6142321347352,0,39.2526330947876,33.6883662003737,92.5237506866455,40.3758740696671,15.8333495877824,24.5084030587399,67.2927805582682,51.164721402255,0,0,0,37.5080342254639,60.9143753051758,57.655482249217,0,29.6026840209961,0,0,0,66.1503620147705,35.3322420855931,0,0,0,0,0,0,0,33.5000296698676,0,24.034662074248,0,0,0,0,72.2505782522806,33.9476878367823,62.6193170547485,37.7436170569006,27.0748948694639,0,23.7696315955886,38.9082424640656,11.1404162419949
0,0,0,0,0,35.6404685974121,0,0,0,0,0,0,0,0,0,0,54.4007122516632,37.1774547718189,16.1658624552805,0,0,0,0,0,0,0,0,0,0,0,0,0,0,0,0,53.2532561165946,0,46.1906871795654,0,29.1187681694553,62.7319240570068,27.6119136477316,39.2526330947876,0,0,27.2813355182779,0,32.0586485862732,0,31.3743994406291,0,0,0,0,0,0,0,0,0,0,0,0,35.8651215689523,0,0,0,0,0,0,0,0,0,24.4501029968262,0,0,0,0,0,35.2559559467303,63.6708272298177,30.1266404142474,48.1316604614258,22.981819193893,0,20.7364588068166,38.1098005121404,46.149040222168
0,0,0,0,0,0,0,0,0,0,0,0,0,0,0,0,45.9008331298828,35.5846548080444,19.1873576557427,0,0,0,0,0,0,0,0,0,0,0,0,0,0,0,0,0,50.6676475524902,0,49.3073348999023,0,31.0300930218819,0,33.6883662003737,0,0,108.47981262207,27.5034109115601,37.8211701711019,28.9767205374581,0,0,0,0,0,0,0,16.6031761169434,0,0,0,0,0,0,35.57315381368,0,0,0,0,0,0,0,0,0,25.6876672661823,0,0,0,0,0,37.2617638236598,0,30.1477269218082,26.9213788244459,0,20.6372764547363,0,20.8769969940186
0,27.6380144755046,0,14.1511067254203,0,14.6045830836062,0,0,0,0,0,0,0,0,0,0,68.5457866668701,65.4329427752578,37.3318132426552,0,0,0,0,0,0,75.4282608032227,0,0,0,0,0,0,0,0,0,50.5643934684225,0,52.4857289791107,0,22.979604383489,79.867618560791,34.9695255456857,92.5237506866455,27.2813355182779,108.47981262207,0,59.0153846740723,38.0928089835427,0,34.9541322968223,0,16.7204685518819,0,0,0,0,0,16.8030222067192,0,21.2306671142578,0,24.3099451065063,13.1332914852,85.5291290283203,0,0,0,0,65.4811172485352,0,29.4961576815005,0,25.8814581802211,0,0,0,0,0,25.9026512926341,90.2029766506619,33.737748790649,84.0381713867187,27.9242211062953,0,15.3031732571293,33.1351351737976,63.4229011535645
24.0639915466309,0,18.4920414621516,0,25.2364250611568,0,0,0,44.0002403259277,48.7861194610596,0,0,0,0,59.0755360921224,0,63.9330047445094,65.2639382969249,41.9061984179036,0,11.735116822379,0,0,66.8095855712891,0,73.2821865081787,51.5329351425171,0,0,0,0,0,0,0,0,0,43.2092522503039,0,45.3669677214189,80.4712158203125,21.8774978263038,67.569208463033,40.3758740696671,0,27.5034109115601,59.0153846740723,0,38.6065147089404,36.5725482419965,38.0055658552382,24.2749413081578,0,0,0,25.7796032428741,0,28.1196411090661,0,0,0,0,0,0,11.427666418037,0,0,0,0,0,0,0,39.0979178643996,0,31.7713827997725,0,0,0,0,100.040687561035,24.8388788826682,87.6757278442383,26.8580256824908,34.3732217708492,46.5940322875977,20.1702805177138,0,42.321424432703
31.5639335087367,32.6445119380951,42.7422702495868,42.5036506652832,46.5231323242188,48.6913108825684,0,0,0,0,0,0,0,0,0,0,0,0,49.469246673584,0,0,0,0,0,0,0,0,0,0,0,0,3.38431327958261,3.32378267550814,5.69550134964633,5.09893340186897,3.49952694227998,4.82455841055861,5.16261014630718,6.61096745152627,37.5646532132075,19.7889271463667,19.5810080651314,15.8333495877824,32.0586485862732,37.8211701711019,38.0928089835427,38.6065147089404,0,8.73836348822296,9.81862716120828,0,47.8546142578125,0,0,0,44.4771461486816,0,52.4782435099284,0,49.4159240722656,0,31.4586696624756,47.8456315994263,60.4863891601562,0,0,13.4741411209106,0,0,0,0,0,64.6914834976196,61.4454708099365,11.9456082312804,6.47200973109686,10.1045028815691,8.78710325019245,7.52803445232773,7.00699487215155,13.4590635008217,13.9596479219375,9.39324272264071,5.70688606585775,11.5564815820107,0,43.1166928609212
5.30074146012552,0,12.500504235547,0,46.7387593388557,0,0,0,9.57413019074334,0,0,0,0,0,0,0,70.1856662205287,77.0040992736816,59.5287713000649,0,0,0,13.9971395990123,0,9.98676443099976,0,0,0,0,0,0,0,0,24.2583733608848,5.16663457797124,0,64.4724982261658,0,7.57952267400334,0,26.6546017562262,33.0072580973307,24.5084030587399,0,28.9767205374581,0,36.5725482419965,8.73836348822296,0,26.1841246854691,45.6186380386353,0,0,0,12.0198617882845,0,17.4931467910866,0,3.63453285217285,0,3.9995829826448,0,0,43.9211081227949,0,10.0573563682499,0,8.0984614610672,0,3.8627782198099,0,5.65414806905684,0,18.4098732908567,0,7.44650268554688,24.6340007075557,8.22598632176717,95.781623840332,19.4384978360641,24.3523788452148,9.9931916206519,24.5273876187539,11.9753875732422,21.5152073824909,0,32.9973398208618
0,6.610117154462,29.5076904296875,8.92536446271232,0,45.3803307851156,0,0,0,8.05857430945198,0,0,0,0,0,0,85.0676629202706,68.7407126793495,48.9364778163821,0,0,12.438604176884,0,7.29673119024797,0,0,0,0,0,0,0,6.00578489303589,0,8.279894053936,22.4535769144694,50.4736614227295,80.3539886474609,6.141774877399,24.8194452921549,20.6849039428711,42.8907737731934,16.9479842068894,67.2927805582682,31.3743994406291,0,34.9541322968223,38.0055658552382,9.81862716120828,26.1841246854691,0,0,45.2658236367362,0,0,0,11.4622552779413,0,9.49946038090453,0,6.43697822093964,0,19.521574605595,38.5619772742776,51.3063049316406,11.8416334152222,0,7.59621185873022,0,4.13905475689815,0,5.15220675606658,0,29.1099883944301,0,0,0,0,24.6428103013472,16.2589650825829,79.3715591430664,14.9266753966092,27.8693294525146,25.9736652760479,0,18.4725913410327,49.0196711676461,0
0,0,7.19273517006322,0,5.36352290404534,0,3.74686467194859,0,4.52460727095604,0,0,0,0,0,2.74152612686157,0,0,0,0,0,0,0,0,0,0,0,0,0,0,0,0,0,0,0,0,0,0,0,0,0,51.3957466125488,0,51.164721402255,0,0,0,24.2749413081578,0,45.6186380386353,0,0,0,5.10774186212723,0,4.10825562477112,0,8.88558149337769,0,3.60077357292175,0,0,0,0,11.60003389631,0,0,0,0,0,0,0,0,0,0,0,0,0,0,0,35.6063558915082,0,61.2826843261719,6.62532301190533,0,12.1657274156003,0,0
0,0,0,6.42683189151851,0,4.01718029379845,0,3.00262446204821,0,3.60435446103414,0,0,0,0,0,0,0,91.2331695556641,0,5.36195413271586,0,0,0,0,0,0,0,0,0,0,0,0,0,0,0,18.9503542582194,0,0,0,42.4798393249512,0,52.798764705658,0,0,0,16.7204685518819,0,47.8546142578125,0,45.2658236367362,0,0,0,0,0,4.21487847963969,0,0,0,0,0,4.78121963930871,12.3964394696868,0,0,0,0,0,0,0,0,0,0,0,0,0,0,0,20.729430715243,0,44.689380645752,0,20.1738998413086,0,14.8407055743431,77.1977462768555,0
0,0,0,0,11.7218838152678,0,3.1804946815526,0,0,0,0,0,0,0,0,0,0,0,0,0,0,0,0,0,0,0,0,0,0,0,0,0,0,0,0,0,0,0,0,0,0,0,0,0,0,0,0,0,0,0,5.10774186212723,0,0,0,0,0,4.13468100897079,0,0,0,0,0,0,0,0,0,0,0,0,0,0,0,0,0,0,0,0,0,0,0,0,0,3.88398816585541,0,0,0,0
0,0,0,0,0,2.74605399370193,0,3.23560084066083,0,0,0,3.00682896375656,0,0,0,0,0,0,0,0,0,0,0,0,0,0,0,0,0,0,0,0,0,0,0,0,0,0,0,0,0,0,0,0,0,0,0,0,0,0,0,0,0,0,0,0,0,2.79644954204559,0,0,0,0,0,0,0,0,0,0,0,0,0,0,0,0,0,0,0,0,0,0,0,0,2.87846779823303,0,0,0,0
4.31990394645563,0,5.93227934514609,0,20.2243022918701,0,0,0,5.14716725431823,0,0,0,0,0,4.67105331746015,0,22.2528607504708,48.9896474565778,15.107867377145,0,0,0,22.2046308517456,31.6437664031982,4.47527540267051,59.6435508728027,12.1083839416504,0,0,0,0,0,0,0,0,0,0,0,4.0355740070343,0,64.8560943603516,45.1660804748535,37.5080342254639,0,0,0,25.7796032428741,0,12.0198617882845,0,4.10825562477112,0,0,0,0,0,0,0,0,0,5.05513863785322,0,0,0,0,23.8982048034668,0,5.0205715786327,0,23.8302745819092,0,0,0,38.497917175293,0,0,0,0,0,40.493091583252,0,20.481038838625,14.1645227440617,0,13.8367748967894,0,0
0,7.41620558297859,0,4.85306080147689,0,4.16065935861497,0,0,0,5.29554307514362,0,0,0,0,0,10.7844432830811,27.0917612711589,25.4405738996423,0,0,0,0,0,8.25737312436104,0,0,0,0,0,0,0,0,0,0,0,0,0,5.01415236940924,0,35.0780372619629,0,44.3782019615173,60.9143753051758,0,0,0,0,44.4771461486816,0,11.4622552779413,0,4.21487847963969,0,0,0,0,0,0,0,0,0,7.31446491294648,0,0,0,0,8.11824951270701,0,8.2735150541578,0,0,0,0,0,0,0,0,0,0,0,4.85030252913125,0,8.68728620476193,0,18.3415407510031,6.63886025216844,0
0,0,9.67597489058971,0,0,0,0,0,0,0,5.10480848377586,0,2.74458789825439,0,0,0,0,76.9224853515625,48.0827407836914,0,3.34494677488355,0,0,0,0,0,0,0,0,0,4.56860249383109,0,0,0,0,0,68.6586761474609,0,4.23749724173579,0,45.0967846171061,0,57.655482249217,0,16.6031761169434,0,28.1196411090661,0,17.4931467910866,0,8.88558149337769,0,4.13468100897079,0,0,0,0,0,4.01853421359386,0,5.976034914746,0,0,7.52664805102993,0,0,0,0,0,0,0,6.3290704331308,0,7.37100938556548,0,0,0,0,0,52.3724840641022,0,6.97420308535749,6.08626835529621,3.23258792786371,8.63401021164834,0,13.3386058807373
0,0,0,2.94980889558792,0,17.2564042409261,0,3.64492062851787,0,0,0,4.50061961052965,0,3.23076976440391,0,0,0,0,62.3234405517578,3.62637970748457,0,0,0,0,0,0,0,0,0,6.22973850038317,0,0,0,0,0,3.9457536538442,0,4.36633285399406,0,38.1383749008179,0,14.320523601554,0,0,0,16.8030222067192,0,52.4782435099284,0,9.49946038090453,0,0,0,2.79644954204559,0,0,0,0,0,5.63129662936112,0,5.84536013819955,7.85904534098813,0,21.0960674285889,0,19.1121290922165,0,20.354754447937,0,8.47769262086813,0,6.7471075574249,0,0,0,0,0,20.4926827170632,0,8.42841392748488,0,4.87584320474894,4.16113789876302,9.87953394837116,11.3835793601142,0
0,0,5.38935470581055,0,3.59412149588267,0,3.4901618307287,0,0,0,2.74581241607666,0,3.73265820172987,0,5.90943296750387,0,0,0,0,0,0,0,0,0,0,0,0,0,0,0,0,0,0,0,0,0,0,0,0,0,0,0,29.6026840209961,0,0,0,0,0,3.63453285217285,0,3.60077357292175,0,0,0,0,0,4.01853421359386,0,0,0,5.55002258671362,0,0,0,0,0,0,0,0,3.70089351853659,0,0,0,0,0,0,0,0,0,0,0,0,3.75548633407144,0,0,0,0
0,0,0,4.39794228293679,0,0,0,0,0,11.1821041107178,0,0,0,4.22675013772903,0,5.7006208552764,37.0607643127441,10.4449873272377,0,0,0,0,0,0,0,0,0,0,0,0,0,0,0,0,0,19.7775688171387,0,0,0,31.3466021219889,0,47.0994288126628,0,0,0,21.2306671142578,0,49.4159240722656,0,6.43697822093964,0,0,0,0,0,0,0,5.63129662936112,0,0,0,5.61892184231674,0,0,0,0,0,0,14.3155097961426,0,6.47754794943566,0,9.4775538444519,0,0,0,0,0,29.2333698272705,0,93.4474105834961,0,7.85158591356106,4.93320112493303,12.7792823684627,0,0
0,0,6.42675265398892,0,3.93024734656016,0,0,0,7.1594173334263,33.8855972290039,0,0,3.67797633875971,0,3.31678771264482,0,11.1193529319763,42.9968117607964,22.1443134756649,0,0,0,20.6285915374756,0,0,0,12.6322191821204,0,0,0,0,0,0,0,0,0,0,0,0,0,0,0,0,0,0,0,0,0,3.9995829826448,0,0,0,0,0,5.05513863785322,0,5.976034914746,0,5.55002258671362,0,0,0,0,0,0,24.4682312011719,0,0,0,11.5927839279175,0,0,0,0,0,0,0,0,0,0,0,0,11.5682740540881,0,23.5380339622498,0,0
0,9.70431244164183,0,4.85692830958398,0,21.2184047698975,0,0,40.3825836181641,5.55054944124653,0,0,0,0,0,4.28924107551575,38.6819850697237,13.4232740097858,36.5222124099731,0,0,25.523736000061,0,15.21105149587,0,4.48593203949206,0,0,0,0,0,0,0,0,0,0,0,0,0,32.3841008080377,0,30.9944557613797,0,0,0,24.3099451065063,0,31.4586696624756,0,19.521574605595,0,4.78121963930871,0,0,0,7.31446491294648,0,5.84536013819955,0,5.61892184231674,0,0,0,0,0,0,12.4662368392944,0,5.64864797592163,0,0,0,0,0,0,0,0,0,0,0,46.6838912963867,0,12.9677237504866,5.2603801091512,12.0553833301821,0,0
0,0,0,12.5369927232916,0,10.0108006973944,0,0,0,71.513069152832,0,11.1384201049805,0,0,0,0,80.0986270904541,69.8468923114595,42.1431264143724,4.25927660789019,0,0,0,0,0,0,0,0,0,0,0,0,0,0,0,23.76605703555,0,15.7331145637914,0,11.7968471966755,87.3440933227539,21.2134192762241,66.1503620147705,35.8651215689523,0,13.1332914852,0,47.8456315994263,0,38.5619772742776,0,12.3964394696868,0,0,0,0,0,7.85904534098813,0,0,0,0,0,0,0,0,0,0,0,0,20.2841467327542,0,15.7130528392214,0,0,0,0,0,15.8136895519992,87.9421310424805,15.4850736525069,0,36.0060248760616,4.42583131790161,12.7634381204204,38.8928128242493,0
0,0,29.6232036863055,0,10.3837616669802,0,3.52501042683919,0,0,0,5.42143446427804,0,0,0,0,0,76.8324772227894,75.6950554480919,55.8709182805028,0,6.06653619429161,0,0,0,0,0,0,0,0,0,0,0,0,0,0,0,21.0219680141,0,13.1596292602682,82.6306838989258,10.6144547693938,77.7952651977539,35.3322420855931,0,35.57315381368,85.5291290283203,11.427666418037,60.4863891601562,43.9211081227949,51.3063049316406,11.60003389631,0,0,0,0,0,7.52664805102993,0,0,0,0,0,0,0,0,0,0,0,0,0,0,19.4958170890808,0,35.4989969730377,0,0,0,0,95.8806610107422,15.0058407428181,90.8888359069824,13.5047575527938,31.5175004057262,0,15.1258094017247,116.202224731445,49.2980003356934
0,0,0,0,0,0,0,0,0,0,0,0,0,0,0,0,0,3.58201932907104,0,0,0,5.19441810421616,0,2.87003717422485,0,0,0,0,0,0,0,0,0,0,0,0,0,7.77491972822892,0,0,0,0,0,0,0,0,0,0,0,11.8416334152222,0,0,0,0,0,0,0,21.0960674285889,0,0,0,0,0,0,0,0,5.77073774679724,0,5.64101887568079,0,4.09321109688617,0,0,0,0,0,0,0,0,0,7.45671436818267,0,4.14038051057745,0,0,0,0
0,0,0,0,0,0,0,0,21.7925764719645,0,0,0,0,0,25.6493906974792,0,12.5661008124258,46.9151920318604,34.8235204219818,0,0,3.17712020874023,4.52475163916134,0,8.23388188415104,0,5.020876039505,0,0,0,0,0,0,0,0,0,0,0,8.72372510008616,0,0,0,0,0,0,0,0,0,10.0573563682499,0,0,0,0,0,23.8982048034668,0,0,0,0,0,24.4682312011719,0,0,0,0,0,0,6.90538515147772,0,10.3116103536942,0,0,0,0,0,0,0,0,0,0,0,7.54586998324966,15.574140522791,0,21.5496501922607,55.4183082580566,0
0,8.50913124228243,0,0,0,0,0,0,0,12.007325284481,0,0,0,0,0,9.27522087097168,26.3579950332642,5.07143116271359,33.5258636474609,0,0,10.0967000706991,0,4.14872015317281,0,3.93132526179155,0,0,0,0,0,0,0,0,0,0,0,8.78629568644932,0,0,0,34.7895011901855,0,0,0,0,0,13.4741411209106,0,7.59621185873022,0,0,0,0,0,8.11824951270701,0,19.1121290922165,0,0,0,12.4662368392944,0,0,5.77073774679724,0,0,0,4.72773200958808,0,6.15281341105332,0,0,0,0,0,0,0,0,0,6.78188866367805,0,7.49501779675484,22.9384117126465,9.48803455791166,0,0
5.60257023572922,0,0,0,0,0,0,0,3.87294759750366,0,0,0,0,0,0,0,0,0,3.58315793673197,0,0,0,6.75527161359787,0,3.67745949909454,0,3.42210947174624,0,0,0,0,0,0,0,0,0,0,0,4.43824342115601,0,0,0,0,0,0,0,0,0,8.0984614610672,0,0,0,0,0,5.0205715786327,0,0,0,0,0,0,0,0,0,0,6.90538515147772,0,0,0,6.90950922427639,0,0,0,0,0,0,0,0,0,0,0,3.45344914345259,3.37556578494884,0,6.75320173576834,0,0
0,9.99510866800944,0,0,0,0,0,0,0,7.11482031528766,0,0,0,0,0,4.73109521565737,41.3158204669044,17.8042876776395,40.2842146158218,0,0,6.31046901941299,0,6.26549567253778,0,3.9613734818191,0,5.50269460678101,0,0,0,0,0,0,0,0,0,0,0,0,95.2620391845703,0,0,0,0,65.4811172485352,0,0,0,4.13905475689815,0,0,0,0,0,8.2735150541578,0,20.354754447937,0,14.3155097961426,0,5.64864797592163,0,0,5.64101887568079,0,4.72773200958808,0,0,0,4.42461242769541,0,0,0,0,0,0,0,0,0,86.375862121582,0,22.8412838314855,12.7179393768311,3.45291666072958,0,0
3.17348957061768,0,0,0,0,0,0,0,7.84724145350249,0,0,0,0,0,15.1592931097204,0,10.5191418952252,23.8293313980103,16.3571880742123,0,0,0,5.7954942544866,0,4.46262076577061,0,3.61829660592332,0,4.11223745346069,0,0,0,0,0,0,0,0,0,0,0,0,0,0,0,0,0,0,0,3.8627782198099,0,0,0,0,0,23.8302745819092,0,0,0,3.70089351853659,0,11.5927839279175,0,0,0,0,10.3116103536942,0,6.90950922427639,0,0,0,3.58488585697977,0,0,0,0,0,0,0,0,0,0,5.17690304051275,0,0,0,0
0,0,0,0,0,0,0,0,0,0,0,0,0,0,0,0,0,11.9573601314,0,0,0,4.30461450134005,0,0,0,0,0,5.5991788968234,0,0,0,0,0,0,0,0,0,5.05025252317771,0,50.0350780487061,0,20.0252841407177,0,0,0,29.4961576815005,0,0,0,5.15220675606658,0,0,0,0,0,0,0,8.47769262086813,0,6.47754794943566,0,0,20.2841467327542,0,4.09321109688617,0,6.15281341105332,0,4.42461242769541,0,0,0,5.92919842823924,0,0,0,0,0,0,0,5.13818462092886,0,11.1069927513599,0,20.1454738385929,19.3320376452278,0
0,0,0,0,0,0,0,0,0,0,0,0,0,0,0,0,104.803810119629,0,48.9480476379395,0,0,0,0,0,0,0,0,0,4.52179062025888,0,0,0,0,0,0,0,0,0,0,0,50.122683933803,0,33.5000296698676,0,0,0,39.0979178643996,0,5.65414806905684,0,0,0,0,0,0,0,6.3290704331308,0,0,0,0,0,0,19.4958170890808,0,0,0,0,0,3.58488585697977,0,0,0,5.30899483968341,0,0,0,0,0,60.4689583778381,0,8.4678703546524,54.4377613067627,0,12.9908243967501,0,20.4110895792643
0,13.1257603963216,0,49.4826965332031,0,0,0,0,0,0,0,11.0889497995377,0,0,0,0,70.4920972188314,53.3629932403564,47.4172842025757,10.9195717380893,0,0,0,0,0,0,0,2.90096363425255,0,3.791473577802,0,0,0,0,0,79.4663429260254,0,2.93855237960815,0,50.7904364703453,0,19.9138273578628,0,24.4501029968262,0,25.8814581802211,0,64.6914834976196,0,29.1099883944301,0,0,0,0,0,0,0,6.7471075574249,0,9.4775538444519,0,0,15.7130528392214,0,0,0,0,0,0,0,5.92919842823924,0,0,0,0,0,0,0,56.8213292216207,0,5.15839201988866,80.0144653320312,46.6889197826385,0,17.3294404905418,18.8567147359361,0
0,0,39.3586241404215,0,0,0,0,0,0,0,5.37591622204616,0,0,0,0,0,67.6456359227498,0,48.8065415859222,0,0,0,0,0,0,0,0,0,0,0,5.50169902454222,0,0,0,0,0,62.464714050293,0,2.7235324382782,0,52.5475775037493,46.2868461608887,24.034662074248,0,25.6876672661823,0,31.7713827997725,61.4454708099365,18.4098732908567,0,0,0,0,0,38.497917175293,0,7.37100938556548,0,0,0,0,0,0,35.4989969730377,0,0,0,0,0,0,0,5.30899483968341,0,0,0,0,0,0,80.6902236938477,59.963832605665,0,5.2450139231152,51.410003389631,0,11.1581549765537,0,19.8728647086085
0,0,0,0,0,0,0,0,0,0,0,0,0,0,0,0,0,0,80.5364227294922,0,0,0,0,0,0,0,0,0,0,0,0,4.98957232368673,4.55994460257617,24.2333120288271,4.84373092651367,21.8007578091789,0,0,0,19.423957824707,0,0,0,0,0,0,0,11.9456082312804,0,0,0,0,0,0,0,0,0,0,0,0,0,0,0,0,0,0,0,0,0,0,0,0,0,0,0,5.57549565633138,12.663291333316,0,11.8283850643052,0,0,0,5.1008448093725,0,47.6069526672363,0,0
0,0,0,0,0,0,0,0,0,0,0,0,0,0,0,0,0,0,0,0,0,0,0,0,0,0,0,0,0,0,0,3.92002654075623,5.53971173825344,0,23.276132767149,0,16.2650924936126,0,0,0,0,0,0,0,0,0,0,6.47200973109686,7.44650268554688,0,0,0,0,0,0,0,0,0,0,0,0,0,0,0,0,0,0,0,0,0,0,0,0,0,5.57549565633138,0,8.55612945556641,16.5593154435626,0,6.05510755947658,0,17.4898056030273,5.33134465574104,0,0,0,0
0,0,0,0,0,0,0,0,0,0,0,0,0,0,0,0,0,0,0,0,0,0,0,0,0,0,0,0,0,0,0,15.1260247972776,11.2537509713854,6.05627686798717,6.01412119051305,10.542046436823,0,4.61517228020562,0,0,0,0,0,0,0,0,0,10.1045028815691,24.6340007075557,0,0,0,0,0,0,0,0,0,0,0,0,0,0,0,0,0,0,0,0,0,0,0,0,0,12.663291333316,8.55612945556641,0,16.8811300324231,12.6539112331314,23.1635905674526,4.38283445241865,25.7767538606075,4.31995052468117,5.46077997034246,26.0626811981201,0,0
