0,0,7.39709091186523,0,0,0,0,0,4.50853713522566,0,0,0,0,0,0,0,0,0,7.96788152058919,0,0,0,0,0,0,0,0,0,0,0,0,0,0,0,0,0,0,0,0,0,0,0,18.6027879714966,0,0,0,0,0,3.01436177889506,0,0,0,0,0,4.39936789344339,0,0,0,0,0,3.85222033353952,0,0,0,0,0,0,0,0,0,0,0,0,0,0,0,0,0,0,0,0,0,4.55405306286282,0,10.0034299422119,0,0
0,0,0,4.2439402995571,0,0,0,0,0,3.80831653777867,0,0,0,0,0,3.89543037414551,0,0,9.33325230280558,0,0,0,0,0,0,0,0,0,0,0,0,0,0,0,0,0,0,19.5574417114258,0,0,0,22.0688486099243,0,0,0,0,0,0,0,19.2403475332806,0,0,0,0,0,3.86337878567273,0,8.52689790725708,0,0,0,3.51347109979513,0,0,0,0,0,0,0,0,0,0,17.2036352157593,0,0,0,0,0,0,0,21.7357561928885,0,5.49936621529715,0,10.1891571684888,0,0
7.39709091186523,0,0,57.9797515869141,8.21201018764548,0,0,0,8.20236096382141,0,0,0,0,0,0,0,0,0,0,0,0,0,0,0,0,0,0,0,0,0,0,0,0,0,0,0,0,0,0,0,0,34.499729792277,29.6627762794495,0,0,43.4392471313477,14.5793054580688,44.9284375508626,29.8427420906399,45.9044647216797,4.36547572569414,0,0,0,8.2022966628379,0,23.8547515869141,0,3.03224172592163,0,3.16474151611328,0,0,0,0,0,0,0,0,0,0,0,68.0594635009766,0,0,0,0,0,0,59.4116630554199,70.1549911499023,0,23.8514730393492,0,21.6915497253607,0,0
0,4.2439402995571,57.9797515869141,0,0,3.29447121429443,0,0,0,0,0,0,0,0,0,0,0,0,53.6567322867257,0,0,0,0,0,0,0,0,0,0,0,0,0,0,61.27610206604,0,27.5264248053233,0,31.3213701248169,0,49.1047681172689,0,34.4206735395616,73.3913116455078,0,0,34.5687630971273,49.9831047058105,50.6021690368652,0,15.5098762685253,0,3.21684012396468,0,0,0,0,72.6824951171875,19.5996631383896,0,0,0,0,10.1052228952005,62.8095909118652,0,0,0,0,0,0,0,0,28.352700636122,0,0,0,58.3832130432129,0,40.0842954847548,0,0,0,25.9040096861417,27.4154841105143,10.6688637559719,0,0
0,0,8.21201018764548,0,0,0,0,0,0,0,3.98932981491089,0,0,0,0,0,0,0,0,0,3.42334568500519,0,0,0,0,0,0,0,0,0,0,0,0,0,0,0,0,0,0,0,0,0,0,0,0,0,0,0,0,0,2.9837963250604,0,0,0,3.0610114203559,0,0,0,0,0,0,0,0,7.88596557282113,0,0,0,0,0,0,0,0,0,0,0,0,0,0,0,0,0,0,3.43395372750103,0,9.70058642306798,0,0
0,0,0,3.29447121429443,0,0,0,0,0,0,0,0,0,0,0,0,0,0,0,0,0,0,0,0,0,0,0,0,0,0,0,0,0,0,0,0,0,0,0,0,0,0,0,0,0,0,0,0,0,0,0,3.37329125404358,0,0,0,3.51140311786107,0,3.40537200655256,0,3.63372510009342,0,3.71007078488668,11.5220174789429,0,0,0,0,0,0,0,0,0,0,0,0,0,0,0,0,0,0,0,0,0,10.7530183792114,0,0
0,0,0,0,0,0,0,0,0,0,3.19802257674081,0,0,0,0,0,0,0,0,0,3.49123883247375,0,0,0,0,0,0,0,0,0,0,0,0,0,0,0,0,0,0,0,0,0,0,0,0,0,0,0,0,0,0,0,3.31484995529666,0,0,0,4.77991881106141,0,0,0,0,0,0,0,0,0,0,0,0,0,0,0,0,0,0,0,0,0,0,0,0,0,2.79913038015366,0,0,0,0
0,0,0,0,0,0,0,0,0,0,0,4.09402798644958,0,0,0,0,0,0,0,0,0,0,0,0,0,0,0,0,0,0,0,0,0,0,0,0,0,0,0,0,0,0,0,0,0,0,0,0,0,0,0,0,0,2.88070285916328,0,0,0,4.93218601097181,0,2.8543027639389,0,0,0,0,0,0,0,0,0,0,0,0,0,0,0,0,0,0,0,0,0,0,0,0,0,0,0
4.50853713522566,0,8.20236096382141,0,0,0,0,0,0,0,0,0,0,0,18.9485416412354,0,20.9199269206025,51.0717349052429,36.2066646303449,0,0,0,49.1041762034098,0,5.32988948822022,0,0,0,0,0,0,0,0,0,0,0,0,0,7.15719912522031,0,0,0,26.8682522773743,0,20.1047420501709,0,0,0,10.1198637826102,0,0,0,0,0,4.95688335917527,0,0,0,0,0,0,0,0,13.5139837265015,0,41.3143482208252,0,5.72400665283203,0,0,0,0,0,0,0,0,0,0,0,47.5217147827148,91.6541976928711,6.41037033344137,10.6388458454091,0,6.12746653408358,0,18.1542873382568
0,3.80831653777867,0,0,0,0,0,0,0,0,0,0,0,0,0,3.5104957314638,0,3.58316993713379,0,0,0,0,0,4.53174229005797,0,2.95041501522064,0,0,0,0,0,0,0,0,0,0,0,12.3015558024247,0,0,0,10.7377519607544,0,0,0,0,0,22.5084800720215,0,15.9560279846191,0,0,0,0,0,4.73873827621049,0,0,0,0,0,3.05880343914032,0,0,0,0,5.60885388127873,0,0,0,0,0,19.9594405038016,0,0,0,0,0,0,0,12.7948627369598,0,4.46855115282292,0,11.7037677764893,0,0
0,0,0,0,3.98932981491089,0,3.19802257674081,0,0,0,0,0,3.1874509566539,0,0,0,0,0,0,0,5.21501808012686,0,0,0,0,0,0,0,3.81352567672729,0,6.23251736164093,0,0,0,0,0,2.96023106575012,0,3.86650610307478,0,32.8781623840332,0,0,0,0,0,0,0,0,0,4.01774003108342,0,2.98922505643633,0,0,0,5.23214151336821,0,3.45109351476034,0,0,0,0,7.13877332082359,0,0,0,0,0,0,0,2.96437430381775,0,8.63514265580611,0,0,0,0,0,3.9238336533308,0,6.37021203835805,3.71290675019906,0,7.49801049913679,0,0
0,0,0,0,0,0,0,4.09402798644958,0,0,0,0,0,4.71187813465412,0,0,0,0,0,4.50852132454897,0,0,0,0,0,0,0,0,0,8.64384644193253,0,0,0,0,0,0,0,7.29622636735439,0,0,0,0,0,0,0,0,0,0,0,0,0,0,0,4.77692666053772,0,0,0,6.80141417500087,0,9.27839487702099,0,0,8.24655453364054,0,0,0,0,0,0,0,0,0,10.2698771510265,0,0,0,0,0,16.7513686815898,0,12.5795087723792,0,6.91387535839019,0,4.10284352302551,0,0
0,0,0,0,0,0,0,0,0,0,3.1874509566539,0,0,0,0,0,0,0,0,0,0,0,0,0,0,0,0,0,0,0,0,0,0,0,0,0,0,0,0,0,0,0,0,0,0,0,0,0,0,0,0,0,0,0,0,0,3.03233554196912,0,3.58654069900513,0,0,0,0,0,0,0,0,0,0,0,0,0,0,0,0,0,0,0,0,0,0,0,2.99476214817592,0,0,0,0
0,0,0,0,0,0,0,0,0,0,0,4.71187813465412,0,0,0,2.87447698654667,0,0,0,0,0,0,0,0,0,0,0,2.95589256286621,0,3.4360849423842,0,0,0,0,0,0,0,0,0,0,0,0,0,0,0,0,0,0,0,0,0,0,0,0,0,0,0,4.35731331862551,0,3.26612647841958,0,0,0,0,0,0,0,0,0,0,2.85026109218597,0,8.95116624832153,0,0,0,0,0,0,0,0,0,8.42316806316376,0,0,0,0
0,0,0,0,0,0,0,0,18.9485416412354,0,0,0,0,0,0,0,14.6322000821431,55.6315116882324,61.0051536560059,0,0,0,27.9398012161255,0,24.2667865753174,0,7.89272379875183,0,0,0,0,0,0,0,0,0,0,0,0,0,0,0,0,0,0,0,0,0,0,0,0,0,0,0,0,0,0,0,3.01352020410391,0,2.94688141345978,0,0,0,0,30.0260566364635,0,0,0,19.5942802429199,0,0,0,0,0,0,0,0,0,0,0,0,11.4976952672005,0,0,0,0
0,3.89543037414551,0,0,0,0,0,0,0,3.5104957314638,0,0,0,2.87447698654667,0,0,0,0,0,0,0,0,0,7.28154444694519,0,0,0,0,0,0,0,0,0,0,0,0,0,22.0202163696289,0,0,0,0,0,0,0,0,0,0,0,22.7708835601807,0,0,0,0,0,4.38083675453783,0,0,0,2.82670044898987,0,3.16569793224335,0,0,0,0,10.6517196655273,0,3.17194763819377,0,3.59441566467285,0,0,0,0,0,0,0,0,0,18.7274188995361,0,2.78654559453328,0,0,0,0
0,0,0,0,0,0,0,0,20.9199269206025,0,0,0,0,0,14.6322000821431,0,0,28.4135643691643,23.4818311578697,0,0,16.2324860095978,19.4362102481639,35.3437801996867,26.5038753608984,37.5898208618164,11.2312256249275,0,9.27256965637207,0,0,0,0,0,0,103.829719131057,86.0429077148438,80.4385643005371,0,69.5352745056152,61.8531657627651,60.4027330498946,37.3834812097382,0,42.3372444152832,75.5283173781175,34.1912412643433,0,0,83.8835601806641,0,0,0,0,20.0242211985034,0,70.6155120849609,63.4895210266113,0,0,7.38417720794678,0,86.8023885091146,76.5353012084961,0,18.963216281917,0,23.9463160329585,0,12.2409927047601,0,0,77.5154228210449,61.0356864929199,0,0,0,0,84.1819025142464,66.8330565343929,74.3966568769035,57.5873273213704,18.7179861286487,22.539152262962,62.2258454532158,0,31.1962111790975
0,0,0,0,0,0,0,0,51.0717349052429,3.58316993713379,0,0,0,0,55.6315116882324,0,28.4135643691643,0,23.3271814110521,0,0,10.2831131678361,46.2241954219585,7.64022641279259,46.6354659007146,14.7201417514256,45.1042422371349,0,0,0,0,0,0,0,0,89.9055511156718,86.9079971313477,78.9153785705566,0,62.5925740328702,64.9614588829779,45.2368118839879,50.7479107024822,48.4403076171875,52.3068779536656,63.0237592061361,60.0407349722726,0,0,104.665573120117,0,0,0,0,45.4847176200465,0,82.4594548543294,84.0111401875814,0,0,0,0,70.8421453588149,77.7448303222656,0,41.1741632436285,5.333163022995,40.0473963303999,5.64813075065613,48.5889030638195,0,0,72.7815586853027,0,0,0,0,0,73.9535718426355,76.2168594474223,62.355825213532,60.9525718688965,18.4281384623135,12.4787325265004,56.7604018650698,40.5165510177612,55.7302574157715
7.96788152058919,9.33325230280558,0,53.6567322867257,0,0,0,0,36.2066646303449,0,0,0,0,0,61.0051536560059,0,23.4818311578697,23.3271814110521,0,0,0,0,42.4084866642952,0,43.3126260638237,0,50.1733914693197,0,0,0,0,0,0,0,40.0137138366699,68.0727176766911,65.9782376889829,57.6261744499207,76.6110153198242,46.1945957530629,39.1143418545193,31.4082041617171,16.9035617275269,25.1988000869751,17.3125442249116,42.4753398784853,33.1126528657893,54.4820122718811,49.1605091094971,49.5521863301595,0,0,0,0,39.7291433811188,0,47.4684451863736,52.278302238101,0,0,0,0,53.2028404541735,49.7699746489525,0,41.354826885721,0,38.5477676391602,0,42.2620487213135,0,0,50.1898861154478,41.0657824788775,0,0,0,54.9628111521403,53.1470289964513,46.5330582797919,48.5833641468549,37.1994173608977,24.9549973191501,48.9307098388672,28.5228496226142,35.1112379762861,14.9416481491604
0,0,0,0,0,0,0,0,0,0,0,4.50852132454897,0,0,0,0,0,0,0,0,0,0,0,0,0,0,0,0,0,0,0,0,0,0,0,7.54333767493566,0,8.62811271349589,0,0,0,0,0,0,0,0,0,0,0,0,0,0,0,0,0,0,0,3.71861691670875,0,0,0,0,5.90962152459003,0,0,0,0,0,0,0,0,0,11.2919086813927,0,0,0,0,0,8.86397433799246,0,12.9715447283503,0,5.34106750060351,0,12.3662221005985,0,0
0,0,0,0,3.42334568500519,0,3.49123883247375,0,0,0,5.21501808012686,0,0,0,0,0,0,0,0,0,0,0,0,0,0,0,0,0,0,0,0,0,0,0,0,0,3.60403879346519,0,4.68725252151489,0,0,0,31.8306596279144,0,0,0,16.5740122113909,0,32.911979675293,0,6.66801680051363,0,0,0,0,0,6.21875314062292,0,0,0,0,0,0,4.82848861516622,0,0,0,0,0,0,0,0,0,9.77963214450412,0,0,0,0,0,5.36029209066557,0,8.87939548119903,14.3333345317841,0,9.58833752601377,0,0
0,0,0,0,0,0,0,0,0,0,0,0,0,0,0,0,16.2324860095978,10.2831131678361,0,0,0,0,3.43290951950797,4.06243036126578,0,3.9706741418594,0,4.52746890179098,0,0,0,0,0,0,0,0,0,5.42407567705959,4.86492490768433,0,0,0,0,0,0,0,0,0,0,4.41727201143901,0,0,0,0,0,0,0,0,0,0,0,0,0,0,4.7314934849122,0,3.72801470756531,0,6.12791204452515,0,3.99036685625712,0,0,0,0,0,0,0,0,0,6.33240007999661,0,3.94528189951316,4.69315744900122,0,0,0
0,0,0,0,0,0,0,0,49.1041762034098,0,0,0,0,0,27.9398012161255,0,19.4362102481639,46.2241954219585,42.4084866642952,0,0,3.43290951950797,0,0,24.741869354248,0,11.6421112067079,0,2.75027775764465,0,0,0,0,0,0,0,0,0,4.52995500170199,0,0,0,0,0,0,0,0,0,4.57181598699611,0,0,0,0,0,47.1646766662598,0,0,0,0,0,0,0,0,0,5.70811939239502,5.16843586918909,0,8.06527453974674,0,12.3564826294228,0,0,0,0,0,0,0,0,0,0,0,4.09469616738825,8.91078605662742,4.6418386391231,0,0,0
0,0,0,0,0,0,0,0,0,4.53174229005797,0,0,0,0,0,7.28154444694519,35.3437801996867,7.64022641279259,0,0,0,4.06243036126578,0,0,0,0,0,0,0,0,0,0,0,0,0,0,0,6.86786926420111,0,0,0,6.74649572372437,0,0,0,0,0,0,0,0,0,0,0,0,0,7.0738278583244,0,0,0,0,0,0,0,0,3.22438287734985,0,4.43537515892095,0,0,0,0,0,0,0,0,0,24.6009674072266,0,0,0,9.99950047232888,0,4.68919616160185,0,19.5409259796143,13.8409481048584,0
0,0,0,0,0,0,0,0,5.32988948822022,0,0,0,0,0,24.2667865753174,0,26.5038753608984,46.6354659007146,43.3126260638237,0,0,0,24.741869354248,0,0,0,20.4166781035337,0,0,0,0,0,0,0,0,0,0,0,5.89218620459239,0,0,0,69.3698577880859,0,0,91.9820938110352,0,0,5.86202716146197,0,0,0,0,0,4.69056081236079,0,95.4439315795898,0,0,0,12.9397163391113,0,0,0,0,7.5049284696579,0,4.09922048764199,0,9.86413989748274,0,0,0,0,0,0,0,0,87.884521484375,0,79.0358963012695,4.08401420712471,24.5542346502988,0,8.38561308383942,0,0
0,0,0,0,0,0,0,0,0,2.95041501522064,0,0,0,0,0,0,37.5898208618164,14.7201417514256,0,0,0,3.9706741418594,0,0,0,0,0,3.02420568466187,0,0,0,0,0,0,0,0,0,0,0,0,0,0,0,0,0,0,0,0,0,0,0,0,0,0,0,0,0,0,0,0,0,0,0,0,4.64228299084832,0,5.00492281913757,0,3.04322467756665,0,2.93300866573415,0,0,0,0,0,0,0,0,0,0,0,24.0975594520569,0,0,0,0
0,0,0,0,0,0,0,0,0,0,0,0,0,0,7.89272379875183,0,11.2312256249275,45.1042422371349,50.1733914693197,0,0,0,11.6421112067079,0,20.4166781035337,0,0,0,3.51334142155117,0,0,0,0,0,0,0,0,0,0,0,0,0,0,0,0,0,0,0,0,0,0,0,0,0,0,0,0,0,0,0,0,0,0,0,0,17.2919657996723,0,10.8656227191289,0,7.15032299235463,0,0,0,0,0,0,0,0,0,0,0,0,12.1276268669858,23.5759220123291,0,0,0
0,0,0,0,0,0,0,0,0,0,0,0,0,2.95589256286621,0,0,0,0,0,0,0,4.52746890179098,0,0,0,3.02420568466187,0,0,0,3.1610707803206,0,0,0,0,0,0,0,4.35033644820159,0,0,0,0,0,0,0,0,0,0,0,0,0,0,0,0,0,0,0,0,0,4.01394367218018,0,0,0,0,5.00283203731772,0,0,0,0,0,4.1523044159255,0,4.50439651807149,0,0,0,0,0,0,0,5.18087035206193,0,3.31058183364337,2.88625033696493,0,0,0
0,0,0,0,0,0,0,0,0,0,3.81352567672729,0,0,0,0,0,9.27256965637207,0,0,0,0,0,2.75027775764465,0,0,0,3.51334142155117,0,0,0,2.91797151198754,0,0,0,0,0,0,0,0,0,0,0,0,0,0,0,0,0,0,0,0,0,0,0,0,0,3.85426557064056,0,0,0,0,0,0,0,0,0,0,0,0,0,0,4.49226212226295,0,7.3227639882291,0,0,0,0,0,0,0,9.08780384063721,5.48962052663167,0,0,0,0
0,0,0,0,0,0,0,0,0,0,0,8.64384644193253,0,3.4360849423842,0,0,0,0,0,0,0,0,0,0,0,0,0,3.1610707803206,0,0,0,0,0,0,0,0,0,4.41203572780547,0,0,0,0,0,0,0,0,0,0,0,0,0,0,0,0,0,0,0,4.53802087589314,0,0,0,0,0,0,0,0,0,0,0,0,3.5692034851421,0,7.43945858057807,0,0,0,0,0,0,0,6.47892403210679,0,5.69381504399436,0,0,0,0
0,0,0,0,0,0,0,0,0,0,6.23251736164093,0,0,0,0,0,0,0,0,0,0,0,0,0,0,0,0,0,2.91797151198754,0,0,0,0,0,0,0,0,0,3.0991434423547,0,0,0,0,0,0,0,0,0,0,0,0,0,0,0,0,0,9.14283528810815,0,0,0,0,0,0,0,0,0,0,0,0,0,0,0,0,5.38418744480328,0,0,0,0,0,0,0,3.11762842535973,0,0,0,0,0
0,0,0,0,0,0,0,0,0,0,0,0,0,0,0,0,0,0,0,0,0,0,0,0,0,0,0,0,0,0,0,0,4.09631049495052,5.132967710495,4.94300965581621,3.05243023959073,0,0,0,0,0,0,0,0,0,0,0,3.15188361775307,0,0,0,0,0,0,0,0,0,0,0,0,0,0,0,0,0,0,0,0,0,0,0,0,0,0,5.49285739856147,4.17965699945177,4.84240618348122,9.02340888977051,4.09314354714131,0,0,0,3.68870348560399,0,0,0,0
0,0,0,0,0,0,0,0,0,0,0,0,0,0,0,0,0,0,0,0,0,0,0,0,0,0,0,0,0,0,0,4.09631049495052,0,4.74450492858887,7.20978945493698,3.4765446731663,3.00016001580467,0,0,0,0,0,0,0,0,0,0,3.72160064500003,5.32892735799154,13.8979635238647,0,0,0,0,0,0,0,0,0,0,0,0,0,0,0,0,0,0,0,0,0,0,0,0,7.54225350591473,5.32161250971911,6.90673067172368,7.59766468634972,12.9276685714722,3.7173998947362,0,0,3.58792694757894,0,0,0,0
0,0,0,61.27610206604,0,0,0,0,0,0,0,0,0,0,0,0,0,0,0,0,0,0,0,0,0,0,0,0,0,0,0,5.132967710495,4.74450492858887,0,5.73838201757637,4.33049155057382,0,3.29205379778879,4.13762001764207,0,0,14.6250041325887,0,0,0,0,0,6.50516951038653,0,20.3136111135068,0,0,0,0,0,0,0,0,0,0,0,0,0,0,0,0,0,0,0,0,0,0,0,0,4.17205282493874,0,4.15702854136433,6.55200031404511,8.53730546856841,0,5.10547307705502,14.8878934336644,4.57018752000055,2.73079010418483,17.5615681330363,0,0
0,0,0,0,0,0,0,0,0,0,0,0,0,0,0,0,0,0,40.0137138366699,0,0,0,0,0,0,0,0,0,0,0,0,4.94300965581621,7.20978945493698,5.73838201757637,0,0,3.91417162850879,6.38303260803223,3.28629412460912,0,0,0,14.0079618470859,0,0,0,43.3634694417318,4.96907209894692,8.60718190960768,0,0,0,0,0,0,0,0,0,0,0,0,0,0,0,0,0,0,0,0,0,0,0,0,0,9.91593414545059,7.94698001641148,5.06073060406742,4.35336570209423,0,4.9128679172099,0,5.56638861093656,4.84703437043302,0,13.7944903706395,0,0
0,0,0,27.5264248053233,0,0,0,0,0,0,0,0,0,0,0,0,103.829719131057,89.9055511156718,68.0727176766911,7.54333767493566,0,0,0,0,0,0,0,0,0,0,0,3.05243023959073,3.4765446731663,4.33049155057382,0,0,3.26980179150899,6.03699761139203,2.80530534471784,69.8486698695591,0,50.064973749579,86.4839324951172,48.3753395080566,0,49.410217752262,0,97.4413452148438,0,38.3338737487793,0,0,0,0,0,0,0,77.3934265136719,0,0,0,0,27.4688581380044,95.8391342163086,0,0,0,0,0,0,0,0,66.3287182762509,0,4.21433749951814,3.25547801123725,8.27201858907938,0,8.61703128276231,101.58469080925,9.17565751646963,0,9.43879963173317,5.09790418942769,27.7733563797341,53.1690740585327,75.4436111450195
0,0,0,0,0,0,0,0,0,0,2.96023106575012,0,0,0,0,0,86.0429077148438,86.9079971313477,65.9782376889829,0,3.60403879346519,0,0,0,0,0,0,0,0,0,0,0,3.00016001580467,0,3.91417162850879,3.26980179150899,0,0,6.75070371696396,0,54.3069489796956,0,50.8565862053319,0,58.7183589935303,0,14.3240639709291,4.00191926956177,0,0,0,0,0,0,0,0,75.2633794148763,0,0,0,0,0,0,9.8386777817461,0,0,0,0,0,0,0,0,0,0,0,4.69281719906539,0,5.98572730516719,2.85096291700999,7.21407111209797,0,6.84603631364585,6.00018455900348,3.09120996793111,14.5754288774112,0,57.4347991943359
0,19.5574417114258,0,31.3213701248169,0,0,0,0,0,12.3015558024247,0,7.29622636735439,0,0,0,22.0202163696289,80.4385643005371,78.9153785705566,57.6261744499207,8.62811271349589,0,5.42407567705959,0,6.86786926420111,0,0,0,4.35033644820159,0,4.41203572780547,0,0,0,3.29205379778879,6.38303260803223,6.03699761139203,0,0,3.50562839706739,49.1490020751953,0,21.764251658257,67.214958190918,0,0,88.5581130981445,0,5.81126510977304,0,5.65877572650259,0,0,0,0,0,17.3899896565606,0,11.889180012521,0,0,0,0,13.6684252147017,0,4.08168341183618,0,12.0704955475671,0,0,0,5.42709046293188,0,5.11645095074763,0,0,0,7.07897140029678,0,11.5124414992402,80.097053527832,5.76541123521093,3.14762575924397,7.00307355690538,4.84298261213769,14.7938530741399,16.8656001974035,0
0,0,0,0,0,0,0,0,7.15719912522031,0,3.86650610307478,0,0,0,0,0,0,0,76.6110153198242,0,4.68725252151489,4.86492490768433,4.52995500170199,0,5.89218620459239,0,0,0,0,0,3.0991434423547,0,0,4.13762001764207,3.28629412460912,2.80530534471784,6.75070371696396,3.50562839706739,0,0,0,0,6.18719264864922,0,0,0,13.2400932312012,4.03994257083993,8.47994549282582,0,0,0,0,0,9.50215630628625,0,6.41940778493881,0,0,0,0,0,0,6.45211490269365,0,3.32519773926054,0,6.7067775660091,0,0,0,0,0,3.12600452559335,0,0,0,6.19197408854961,0,7.29666542410851,6.20961929559708,5.52732610055788,4.47697617399926,4.511965438471,5.13703070687984,0,0
0,0,0,49.1047681172689,0,0,0,0,0,0,0,0,0,0,0,0,69.5352745056152,62.5925740328702,46.1945957530629,0,0,0,0,0,0,0,0,0,0,0,0,0,0,0,0,69.8486698695591,0,49.1490020751953,0,0,75.2027740478516,14.4009084389844,0,0,0,9.95491544405619,0,4.47052379746556,0,4.19140154087615,0,0,0,0,0,0,47.4800796508789,24.8574028015137,0,0,0,0,12.2854755993547,52.7495994567871,0,0,0,0,0,0,0,0,56.2301203409831,0,0,0,0,0,8.06694135833056,0,10.4854476259305,0,46.6692243303571,0,11.2288581834712,0,0
0,0,0,0,0,0,0,0,0,0,32.8781623840332,0,0,0,0,0,61.8531657627651,64.9614588829779,39.1143418545193,0,0,0,0,0,0,0,0,0,0,0,0,0,0,0,0,0,54.3069489796956,0,0,75.2027740478516,0,51.982536315918,18.7423569275382,0,25.6761550684085,99.719841003418,14.5175066189459,7.94082811299492,5.98603131663751,0,0,0,0,0,0,0,46.1299468592594,0,0,0,0,0,0,14.157143949006,0,72.4916534423828,0,0,0,0,0,0,0,0,0,0,0,0,95.3107280731201,11.728281908278,0,43.4846902174108,47.6351789327768,0,11.8580434386584,0,15.7914924775815
0,22.0688486099243,34.499729792277,34.4206735395616,0,0,0,0,0,10.7377519607544,0,0,0,0,0,0,60.4027330498946,45.2368118839879,31.4082041617171,0,0,0,0,6.74649572372437,0,0,0,0,0,0,0,0,0,14.6250041325887,0,50.064973749579,0,21.764251658257,0,14.4009084389844,51.982536315918,0,12.9704681851013,13.6501284599304,21.9070434570312,17.1012266127658,53.4176502227783,10.3246705698364,0,13.419492298762,0,0,0,0,0,0,45.1125837053571,14.3791610094993,0,0,0,0,23.3687267612865,46.8098594120571,0,0,0,0,0,0,0,0,16.7197814203814,0,0,0,7.87899005413055,0,25.6999413090393,74.7147057851156,20.3323619164849,41.0554275512695,20.7487390754558,29.9412752219609,14.0910803954959,17.8837766034263,32.9388870239258
18.6027879714966,0,29.6627762794495,73.3913116455078,0,0,0,0,26.8682522773743,0,0,0,0,0,0,0,37.3834812097382,50.7479107024822,16.9035617275269,0,31.8306596279144,0,0,0,69.3698577880859,0,0,0,0,0,0,0,0,0,14.0079618470859,86.4839324951172,50.8565862053319,67.214958190918,6.18719264864922,0,18.7423569275382,12.9704681851013,0,0,8.86886180074591,47.1575026512146,22.671991441157,9.91002997126591,15.2276708158913,54.400218963623,0,0,0,0,41.542163848877,0,18.7302131607226,64.6646881103516,0,0,0,0,60.5096778869629,25.3198281874771,0,0,0,0,0,0,0,0,0,21.8687171595437,0,0,0,11.9913586112833,76.9023115370009,23.8148493879604,71.365288734436,18.9207774056979,21.2733491729517,27.0571989762156,12.7864489333282,0,7.16500893752732
0,0,0,0,0,0,0,0,0,0,0,0,0,0,0,0,0,48.4403076171875,25.1988000869751,0,0,0,0,0,0,0,0,0,0,0,0,0,0,0,0,48.3753395080566,0,0,0,0,0,13.6501284599304,0,0,0,0,0,32.6780223846436,0,0,0,0,0,0,0,0,0,0,0,0,0,0,0,0,0,0,0,0,0,0,0,0,0,0,0,0,0,0,33.7511901855469,0,0,0,43.9148802757263,0,16.8992147445679,0,0
0,0,0,0,0,0,0,0,20.1047420501709,0,0,0,0,0,0,0,42.3372444152832,52.3068779536656,17.3125442249116,0,0,0,0,0,0,0,0,0,0,0,0,0,0,0,0,0,58.7183589935303,0,0,0,25.6761550684085,21.9070434570312,8.86886180074591,0,0,0,12.2512634141105,0,0,0,0,0,0,0,0,0,28.6035011836461,0,0,0,0,0,0,32.2651892768012,0,0,0,0,0,0,0,0,45.1310234069824,35.0545835494995,0,0,0,0,75.3951187133789,33.9931577405622,0,28.6446652045617,35.7173521916072,0,18.1447706131708,0,25.9167943000793
0,0,43.4392471313477,34.5687630971273,0,0,0,0,0,0,0,0,0,0,0,0,75.5283173781175,63.0237592061361,42.4753398784853,0,0,0,0,0,91.9820938110352,0,0,0,0,0,0,0,0,0,0,49.410217752262,0,88.5581130981445,0,9.95491544405619,99.719841003418,17.1012266127658,47.1575026512146,0,0,0,40.2464480929904,32.8590030670166,0,25.2886836263869,0,0,0,0,0,0,54.0542523066203,37.8863637924194,0,0,0,0,11.8842014034106,44.8201817479627,0,87.3979187011719,0,0,0,0,0,0,48.5918960571289,58.9963035583496,0,0,0,0,20.0488231520761,108.4453125,54.8450850775075,0,47.3711396748434,0,27.7929627158092,18.2903079986572,0
0,0,14.5793054580688,49.9831047058105,0,0,0,0,0,0,0,0,0,0,0,0,34.1912412643433,60.0407349722726,33.1126528657893,0,16.5740122113909,0,0,0,0,0,0,0,0,0,0,0,0,0,43.3634694417318,0,14.3240639709291,0,13.2400932312012,0,14.5175066189459,53.4176502227783,22.671991441157,0,12.2512634141105,40.2464480929904,0,32.6738002300262,25.3731780733381,25.7101898193359,0,0,0,0,24.0238418579102,0,12.8694488785484,0,0,0,0,0,0,15.7835668686008,0,0,0,0,0,0,0,0,63.3773345947266,14.2619260034443,0,0,0,37.8671271006266,65.8875942230225,23.2942966082469,65.5234451293945,12.4547915512559,25.4125063568354,0,13.6971913532263,0,16.316045443217
0,0,44.9284375508626,50.6021690368652,0,0,0,0,0,22.5084800720215,0,0,0,0,0,0,0,0,54.4820122718811,0,0,0,0,0,0,0,0,0,0,0,0,3.15188361775307,3.72160064500003,6.50516951038653,4.96907209894692,97.4413452148438,4.00191926956177,5.81126510977304,4.03994257083993,4.47052379746556,7.94082811299492,10.3246705698364,9.91002997126591,32.6780223846436,0,32.8590030670166,32.6738002300262,0,8.58550092597079,7.05892372452883,0,0,0,0,0,24.7244726816813,55.3132934570312,32.3443228403727,0,0,0,0,49.1058127085368,26.8756487104628,0,0,0,0,0,0,0,0,69.5190124511719,0,5.16216502337145,4.44468388510865,6.21864900981645,5.68466322617499,4.77848468648512,5.39056037514059,5.02529317885637,7.76611632239036,6.58652874112001,41.4290447235107,8.24650107640903,0,0
3.01436177889506,0,29.8427420906399,0,0,0,0,0,10.1198637826102,0,0,0,0,0,0,0,0,0,49.1605091094971,0,32.911979675293,0,4.57181598699611,0,5.86202716146197,0,0,0,0,0,0,0,5.32892735799154,0,8.60718190960768,0,0,0,8.47994549282582,0,5.98603131663751,0,15.2276708158913,0,0,0,25.3731780733381,8.58550092597079,0,3.48169314861298,0,0,0,0,9.56962915703102,0,8.31092886697678,0,0,0,8.90395390510559,0,0,23.4685723839737,0,4.67695669015249,0,5.44148669133381,0,4.63924643672104,0,6.04094643356236,0,4.56084729077523,0,7.91132481892904,0,5.28614877813003,0,9.17469583308684,0,6.05562441377909,6.49416880189937,0,9.11563681947553,0,0
0,19.2403475332806,45.9044647216797,15.5098762685253,0,0,0,0,0,15.9560279846191,0,0,0,0,0,22.7708835601807,83.8835601806641,104.665573120117,49.5521863301595,0,0,4.41727201143901,0,0,0,0,0,0,0,0,0,0,13.8979635238647,20.3136111135068,0,38.3338737487793,0,5.65877572650259,0,4.19140154087615,0,13.419492298762,54.400218963623,0,0,25.2886836263869,25.7101898193359,7.05892372452883,3.48169314861298,0,0,0,0,0,0,16.8648031779698,0,19.1749092067391,0,0,0,0,35.9423575810024,38.7811584472656,3.6862335937065,0,4.97417648907365,0,3.59336766804734,0,3.27388718561693,0,15.696222241856,0,0,14.9012613296509,12.8831421770368,0,18.625855470315,0,5.79198442968688,0,19.6570968967316,29.7195879618327,13.5749586973958,23.5466638292585,0
0,0,4.36547572569414,0,2.9837963250604,0,0,0,0,0,4.01774003108342,0,0,0,0,0,0,0,0,0,6.66801680051363,0,0,0,0,0,0,0,0,0,0,0,0,0,0,0,0,0,0,0,0,0,0,0,0,0,0,0,0,0,0,0,0,0,0,0,3.42376832340075,0,0,0,0,0,0,6.86815639682438,0,0,0,0,0,0,0,0,0,0,0,0,0,0,0,0,0,0,2.8910566723865,0,5.84007272879283,0,0
0,0,0,3.21684012396468,0,3.37329125404358,0,0,0,0,0,0,0,0,0,0,0,0,0,0,0,0,0,0,0,0,0,0,0,0,0,0,0,0,0,0,0,0,0,0,0,0,0,0,0,0,0,0,0,0,0,0,0,0,0,0,0,3.05648481845856,0,3.78116891528136,0,3.75921469108731,11.2612026759556,0,0,0,0,0,0,0,0,0,0,0,0,0,0,0,0,0,0,0,0,0,0,0,0
0,0,0,0,0,0,3.31484995529666,0,0,0,2.98922505643633,0,0,0,0,0,0,0,0,0,0,0,0,0,0,0,0,0,0,0,0,0,0,0,0,0,0,0,0,0,0,0,0,0,0,0,0,0,0,0,0,0,0,0,0,0,5.46854219417023,0,0,0,0,0,0,0,0,0,0,0,0,0,0,0,0,0,0,0,0,0,0,0,0,0,0,0,0,0,0
0,0,0,0,0,0,0,2.88070285916328,0,0,0,4.77692666053772,0,0,0,0,0,0,0,0,0,0,0,0,0,0,0,0,0,0,0,0,0,0,0,0,0,0,0,0,0,0,0,0,0,0,0,0,0,0,0,0,0,0,0,0,0,5.40898671192878,0,3.51423241110409,0,0,0,0,0,0,0,0,0,0,0,0,0,0,0,0,0,0,0,0,0,0,0,0,0,0,0
4.39936789344339,0,8.2022966628379,0,3.0610114203559,0,0,0,4.95688335917527,0,0,0,0,0,0,0,20.0242211985034,45.4847176200465,39.7291433811188,0,0,0,47.1646766662598,0,4.69056081236079,0,0,0,0,0,0,0,0,0,0,0,0,0,9.50215630628625,0,0,0,41.542163848877,0,0,0,24.0238418579102,0,9.56962915703102,0,0,0,0,0,0,0,0,0,0,0,4.17178958351329,0,0,0,0,0,0,4.06281002989986,0,0,0,10.1555805206299,0,0,0,0,0,0,0,96.6869125366211,0,8.68076908640015,12.3085937462747,0,8.21302054162885,0,0
0,3.86337878567273,0,0,0,3.51140311786107,0,0,0,4.73873827621049,0,0,0,0,0,4.38083675453783,0,0,0,0,0,0,0,7.0738278583244,0,0,0,0,0,0,0,0,0,0,0,0,0,17.3899896565606,0,0,0,0,0,0,0,0,0,24.7244726816813,0,16.8648031779698,0,0,0,0,0,0,0,0,0,0,0,3.28226284158641,0,0,0,0,6.32986065904064,0,0,0,0,0,0,0,0,0,0,0,0,0,13.6974040868435,0,5.34284612609119,0,6.07612422796396,0,0
0,0,23.8547515869141,72.6824951171875,0,0,4.77991881106141,0,0,0,5.23214151336821,0,3.03233554196912,0,0,0,70.6155120849609,82.4594548543294,47.4684451863736,0,6.21875314062292,0,0,0,95.4439315795898,0,0,0,3.85426557064056,0,9.14283528810815,0,0,0,0,0,75.2633794148763,0,6.41940778493881,47.4800796508789,46.1299468592594,45.1125837053571,18.7302131607226,0,28.6035011836461,54.0542523066203,12.8694488785484,55.3132934570312,8.31092886697678,0,3.42376832340075,0,5.46854219417023,0,0,0,0,71.6341552734375,4.55710985587032,0,2.85663729906082,0,69.563346862793,9.11565946045326,0,0,0,0,0,0,0,4.11799137375572,0,5.38721754003403,0,0,0,61.1273231506348,131.008193969727,40.5497227647251,0,16.0491075345448,25.6578003107196,27.118824005127,11.4917737203506,0,14.8284439873277
0,8.52689790725708,0,19.5996631383896,0,3.40537200655256,0,4.93218601097181,0,0,0,6.80141417500087,0,4.35731331862551,0,0,63.4895210266113,84.0111401875814,52.278302238101,3.71861691670875,0,0,0,0,0,0,0,0,0,4.53802087589314,0,0,0,0,0,77.3934265136719,0,11.889180012521,0,24.8574028015137,0,14.3791610094993,64.6646881103516,0,0,37.8863637924194,0,32.3443228403727,0,19.1749092067391,0,3.05648481845856,0,5.40898671192878,0,0,71.6341552734375,0,0,2.74310731887817,0,0,7.35861865052006,0,0,0,0,0,0,0,3.56583166122437,0,5.19585330310826,0,0,0,0,0,43.4584508953672,0,7.71019283628464,0,15.1571639939694,36.3986053466797,9.13653995344735,15.962247303554,0
0,0,3.03224172592163,0,0,0,0,0,0,0,3.45109351476034,0,3.58654069900513,0,3.01352020410391,0,0,0,0,0,0,0,0,0,0,0,0,0,0,0,0,0,0,0,0,0,0,0,0,0,0,0,0,0,0,0,0,0,0,0,0,0,0,0,0,0,4.55710985587032,0,0,0,3.27784030525773,0,0,0,0,0,0,0,0,3.16531372070312,0,3.51008115874396,0,0,0,0,0,0,0,0,0,0,3.30617396036784,0,3.79406034946442,0,0
0,0,0,0,0,3.63372510009342,0,2.8543027639389,0,0,0,9.27839487702099,0,3.26612647841958,0,2.82670044898987,0,0,0,0,0,0,0,0,0,0,0,4.01394367218018,0,0,0,0,0,0,0,0,0,0,0,0,0,0,0,0,0,0,0,0,0,0,0,3.78116891528136,0,3.51423241110409,0,0,0,2.74310731887817,0,0,0,0,0,0,0,0,0,0,0,0,3.14048677020603,0,0,0,0,0,0,0,0,0,0,0,10.3790136850797,0,0,0,0
3.85222033353952,0,3.16474151611328,0,0,0,0,0,0,0,0,0,0,0,2.94688141345978,0,7.38417720794678,0,0,0,0,0,0,0,12.9397163391113,0,0,0,0,0,0,0,0,0,0,0,0,0,0,0,0,0,0,0,0,0,0,0,8.90395390510559,0,0,0,0,0,4.17178958351329,0,2.85663729906082,0,3.27784030525773,0,0,0,0,0,0,0,0,7.64135404912437,0,4.3302171960169,0,6.14493856357254,0,0,0,0,0,0,0,0,0,0,0,0,15.0950111661639,0,0
0,3.51347109979513,0,0,0,3.71007078488668,0,0,0,3.05880343914032,0,0,0,0,0,3.16569793224335,0,0,0,0,0,0,0,0,0,0,0,0,0,0,0,0,0,0,0,0,0,0,0,0,0,0,0,0,0,0,0,0,0,0,0,3.75921469108731,0,0,0,3.28226284158641,0,0,0,0,0,0,0,0,0,0,0,0,2.95807313919067,0,0,0,0,0,0,0,0,0,0,0,0,0,0,0,6.63579964637756,0,0
0,0,0,10.1052228952005,0,11.5220174789429,0,0,0,0,0,8.24655453364054,0,0,0,0,86.8023885091146,70.8421453588149,53.2028404541735,5.90962152459003,0,0,0,0,0,0,0,0,0,0,0,0,0,0,0,27.4688581380044,0,13.6684252147017,0,12.2854755993547,0,23.3687267612865,60.5096778869629,0,0,11.8842014034106,0,49.1058127085368,0,35.9423575810024,0,11.2612026759556,0,0,0,0,69.563346862793,7.35861865052006,0,0,0,0,0,59.9572937011719,0,106.88956451416,0,0,0,0,0,0,16.4268300366067,0,0,0,51.8622303009033,0,13.57116139275,119.180816650391,13.9562049359542,0,29.0933729066543,35.2215385437012,14.9762328315941,19.7492809295654,0
0,0,0,62.8095909118652,7.88596557282113,0,0,0,13.5139837265015,0,7.13877332082359,0,0,0,0,0,76.5353012084961,77.7448303222656,49.7699746489525,0,4.82848861516622,0,0,0,0,0,0,0,0,0,0,0,0,0,0,95.8391342163086,9.8386777817461,0,6.45211490269365,52.7495994567871,14.157143949006,46.8098594120571,25.3198281874771,0,32.2651892768012,44.8201817479627,15.7835668686008,26.8756487104628,23.4685723839737,38.7811584472656,6.86815639682438,0,0,0,0,0,9.11565946045326,0,0,0,0,0,59.9572937011719,0,0,0,0,0,0,118.624061584473,0,0,76.5067850748698,15.4851311785011,0,0,0,45.2293802897135,0,17.5627203770456,79.4611167907715,10.356878091001,21.9405501731064,0,15.860451965078,0,29.0010553995768
0,0,0,0,0,0,0,0,0,0,0,0,0,0,0,0,0,0,0,0,0,4.7314934849122,5.70811939239502,3.22438287734985,0,4.64228299084832,0,5.00283203731772,0,0,0,0,0,0,0,0,0,4.08168341183618,0,0,0,0,0,0,0,0,0,0,0,3.6862335937065,0,0,0,0,0,0,0,0,0,0,0,0,0,0,0,0,7.8686377615902,0,8.12422048574436,0,6.46685591388023,0,0,0,0,0,0,0,0,0,4.50208280903746,0,4.35487899078043,0,0,0,0
0,0,0,0,0,0,0,0,41.3143482208252,0,0,0,0,0,30.0260566364635,0,18.963216281917,41.1741632436285,41.354826885721,0,0,0,5.16843586918909,0,7.5049284696579,0,17.2919657996723,0,0,0,0,0,0,0,0,0,0,0,3.32519773926054,0,72.4916534423828,0,0,0,0,87.3979187011719,0,0,4.67695669015249,0,0,0,0,0,0,0,0,0,0,0,0,0,106.88956451416,0,0,0,0,6.17231554190318,0,10.5090403556824,0,3.41021091993465,0,0,0,0,0,0,88.3090337117513,0,132.556869506836,4.67640076851358,18.8445022393757,8.69642746448517,68.3183822631836,0,0
0,0,0,0,0,0,0,0,0,5.60885388127873,0,0,0,0,0,10.6517196655273,0,5.333163022995,0,0,0,3.72801470756531,0,4.43537515892095,0,5.00492281913757,0,0,0,0,0,0,0,0,0,0,0,12.0704955475671,0,0,0,0,0,0,0,0,0,0,0,4.97417648907365,0,0,0,0,0,6.32986065904064,0,0,0,0,0,0,0,0,7.8686377615902,0,0,0,4.79506690525975,0,5.99054271233182,0,0,0,0,0,24.1758193969727,0,0,0,10.4953458022188,0,5.21237404823303,0,8.40417643388112,0,0
0,0,0,0,0,0,0,0,5.72400665283203,0,0,0,0,0,0,0,23.9463160329585,40.0473963303999,38.5477676391602,0,0,0,8.06527453974674,0,4.09922048764199,0,10.8656227191289,0,0,0,0,0,0,0,0,0,0,0,6.7067775660091,0,0,0,0,0,0,0,0,0,5.44148669133381,0,0,0,0,0,4.06281002989986,0,0,0,0,0,7.64135404912437,0,0,0,0,6.17231554190318,0,0,0,5.35405379429198,0,0,0,0,0,0,0,0,0,0,0,5.43036054797556,24.3745833360232,22.7640514373779,7.65155572493871,0,0
0,0,0,0,0,0,0,0,0,0,0,0,0,0,0,3.17194763819377,0,5.64813075065613,0,0,0,6.12791204452515,0,0,0,3.04322467756665,0,0,0,0,0,0,0,0,0,0,0,0,0,0,0,0,0,0,0,0,0,0,0,3.59336766804734,0,0,0,0,0,0,0,0,0,0,0,2.95807313919067,0,0,8.12422048574436,0,4.79506690525975,0,0,0,5.75299041713783,0,0,0,0,0,0,0,0,0,0,0,2.92503452301025,0,0,0,0
0,0,0,0,0,0,0,0,0,0,0,0,0,0,19.5942802429199,0,12.2409927047601,48.5889030638195,42.2620487213135,0,0,0,12.3564826294228,0,9.86413989748274,0,7.15032299235463,0,0,0,0,0,0,0,0,0,0,0,0,0,0,0,0,0,0,0,0,0,4.63924643672104,0,0,0,0,0,0,0,0,0,3.16531372070312,0,4.3302171960169,0,0,118.624061584473,0,10.5090403556824,0,5.35405379429198,0,0,0,4.11400483186963,0,0,0,0,0,0,0,0,0,0,20.9123005659684,0,10.7685918807983,0,0
0,0,0,0,0,0,0,0,0,0,0,0,0,2.85026109218597,0,3.59441566467285,0,0,0,0,0,3.99036685625712,0,0,0,2.93300866573415,0,4.1523044159255,0,3.5692034851421,0,0,0,0,0,0,0,5.42709046293188,0,0,0,0,0,0,0,0,0,0,0,3.27388718561693,0,0,0,0,0,0,0,3.56583166122437,0,3.14048677020603,0,0,0,0,6.46685591388023,0,5.99054271233182,0,5.75299041713783,0,0,0,3.6320093870163,0,0,0,0,0,0,0,5.28035648042622,0,3.2114724242498,0,0,0,0
0,0,0,0,0,0,0,0,0,0,2.96437430381775,0,0,0,0,0,0,0,0,0,0,0,0,0,0,0,0,0,4.49226212226295,0,0,0,0,0,0,0,0,0,0,0,0,0,0,0,0,0,0,0,6.04094643356236,0,0,0,0,0,10.1555805206299,0,4.11799137375572,0,3.51008115874396,0,6.14493856357254,0,0,0,0,3.41021091993465,0,0,0,4.11400483186963,0,0,0,13.9388599395752,0,0,0,0,0,0,0,3.34327476758223,3.29467519124349,0,0,0,0
0,17.2036352157593,68.0594635009766,28.352700636122,0,0,0,0,0,19.9594405038016,0,10.2698771510265,0,8.95116624832153,0,0,77.5154228210449,72.7815586853027,50.1898861154478,11.2919086813927,0,0,0,0,0,0,0,4.50439651807149,0,7.43945858057807,0,0,0,0,0,66.3287182762509,0,5.11645095074763,0,56.2301203409831,0,16.7197814203814,0,0,45.1310234069824,48.5918960571289,63.3773345947266,69.5190124511719,0,15.696222241856,0,0,0,0,0,0,0,5.19585330310826,0,0,0,0,16.4268300366067,76.5067850748698,0,0,0,0,0,0,3.6320093870163,0,0,0,0,0,65.1030349731445,0,50.6470164800707,0,7.74874267409138,0,32.9890423506626,39.6971588134766,13.7213368634488,20.1340161446602,0
0,0,0,0,0,0,0,0,0,0,8.63514265580611,0,0,0,0,0,61.0356864929199,0,41.0657824788775,0,9.77963214450412,0,0,0,0,0,0,0,7.3227639882291,0,5.38418744480328,0,0,0,0,0,0,0,3.12600452559335,0,0,0,21.8687171595437,0,35.0545835494995,58.9963035583496,14.2619260034443,0,4.56084729077523,0,0,0,0,0,0,0,5.38721754003403,0,0,0,0,0,0,15.4851311785011,0,0,0,0,0,0,0,13.9388599395752,0,0,0,0,0,0,140.622772216797,43.6172851365188,0,3.73419761843979,32.6801588875907,0,6.83875949735995,0,17.8779520988464
0,0,0,0,0,0,0,0,0,0,0,0,0,0,0,0,0,0,0,0,0,0,0,0,0,0,0,0,0,0,0,5.49285739856147,7.54225350591473,4.17205282493874,9.91593414545059,4.21433749951814,0,0,0,0,0,0,0,0,0,0,0,5.16216502337145,0,0,0,0,0,0,0,0,0,0,0,0,0,0,0,0,0,0,0,0,0,0,0,0,0,0,0,9.64879393577576,6.7250961639263,0,4.93596055852361,0,0,0,5.37760890715303,0,10.9284954071045,0,0
0,0,0,0,0,0,0,0,0,0,0,0,0,0,0,0,0,0,0,0,0,0,0,0,0,0,0,0,0,0,0,4.17965699945177,5.32161250971911,0,7.94698001641148,3.25547801123725,4.69281719906539,0,0,0,0,0,0,0,0,0,0,4.44468388510865,7.91132481892904,14.9012613296509,0,0,0,0,0,0,0,0,0,0,0,0,0,0,0,0,0,0,0,0,0,0,0,0,9.64879393577576,0,0,7.46762942284653,15.3592987060547,6.07294658435932,0,0,4.92422892340464,0,0,0,0
0,0,0,58.3832130432129,0,0,0,0,0,0,0,0,0,0,0,0,0,0,0,0,0,0,0,24.6009674072266,0,0,0,0,0,0,0,4.84240618348122,6.90673067172368,4.15702854136433,5.06073060406742,8.27201858907938,0,7.07897140029678,0,0,0,7.87899005413055,0,0,0,0,0,6.21864900981645,0,12.8831421770368,0,0,0,0,0,0,0,0,0,0,0,0,51.8622303009033,0,0,0,24.1758193969727,0,0,0,0,0,65.1030349731445,0,6.7250961639263,0,0,9.21109745866161,5.3759813265367,0,6.37141510826385,15.0377883381314,4.98452614602588,0,12.3015562346002,0,0
0,0,0,0,0,0,0,0,0,0,0,0,0,0,0,0,0,0,54.9628111521403,0,0,0,0,0,0,0,0,0,0,0,0,9.02340888977051,7.59766468634972,6.55200031404511,4.35336570209423,0,5.98572730516719,0,6.19197408854961,0,0,0,11.9913586112833,0,0,0,37.8671271006266,5.68466322617499,5.28614877813003,0,0,0,0,0,0,0,61.1273231506348,0,0,0,0,0,0,45.2293802897135,0,0,0,0,0,0,0,0,0,0,0,7.46762942284653,9.21109745866161,0,0,7.34154895524825,0,6.19916230910759,7.16516337384303,0,12.3346073262678,0,0
0,0,0,40.0842954847548,0,0,0,0,0,0,0,16.7513686815898,0,0,0,0,84.1819025142464,73.9535718426355,53.1470289964513,8.86397433799246,0,0,0,0,87.884521484375,0,0,0,0,0,0,4.09314354714131,12.9276685714722,8.53730546856841,0,8.61703128276231,2.85096291700999,11.5124414992402,0,8.06694135833056,95.3107280731201,25.6999413090393,76.9023115370009,33.7511901855469,75.3951187133789,20.0488231520761,65.8875942230225,4.77848468648512,0,18.625855470315,0,0,0,0,0,0,131.008193969727,43.4584508953672,0,0,0,0,13.57116139275,0,0,88.3090337117513,0,0,0,0,0,0,50.6470164800707,140.622772216797,4.93596055852361,15.3592987060547,5.3759813265367,0,0,107.059561920166,16.3640488756513,0,20.2705108684143,14.9425086975098,24.8247006276534,44.0629566333912,54.7987480163574
0,0,59.4116630554199,0,0,0,0,0,47.5217147827148,0,3.9238336533308,0,0,0,0,0,66.8330565343929,76.2168594474223,46.5330582797919,0,5.36029209066557,0,0,0,0,0,0,0,0,0,0,0,3.7173998947362,0,4.9128679172099,101.58469080925,7.21407111209797,80.097053527832,7.29666542410851,0,11.728281908278,74.7147057851156,23.8148493879604,0,33.9931577405622,108.4453125,23.2942966082469,5.39056037514059,9.17469583308684,0,0,0,0,0,96.6869125366211,0,40.5497227647251,0,0,0,0,0,119.180816650391,17.5627203770456,0,0,0,0,0,0,0,0,0,43.6172851365188,0,6.07294658435932,0,7.34154895524825,107.059561920166,0,124.451988220215,8.30579868547095,15.5492415756273,3.59493822800486,19.1415765505667,0,24.743131847172
0,21.7357561928885,70.1549911499023,0,0,0,0,0,91.6541976928711,12.7948627369598,0,12.5795087723792,0,0,0,18.7274188995361,74.3966568769035,62.355825213532,48.5833641468549,12.9715447283503,0,6.33240007999661,0,9.99950047232888,79.0358963012695,0,0,5.18087035206193,0,6.47892403210679,0,0,0,5.10547307705502,0,9.17565751646963,0,5.76541123521093,6.20961929559708,10.4854476259305,0,20.3323619164849,71.365288734436,0,0,54.8450850775075,65.5234451293945,5.02529317885637,0,5.79198442968688,0,0,0,0,0,13.6974040868435,0,7.71019283628464,0,0,0,0,13.9562049359542,79.4611167907715,4.50208280903746,132.556869506836,10.4953458022188,0,0,0,5.28035648042622,0,7.74874267409138,0,0,0,6.37141510826385,0,16.3640488756513,124.451988220215,0,0,12.94997127429,6.86564548342836,20.8246912987816,22.9203472892837,48.7518877983093
0,0,0,0,0,0,0,0,6.41037033344137,0,6.37021203835805,0,0,0,0,0,57.5873273213704,60.9525718688965,37.1994173608977,0,8.87939548119903,0,4.09469616738825,0,4.08401420712471,0,0,0,9.08780384063721,0,3.11762842535973,0,0,14.8878934336644,5.56638861093656,0,6.84603631364585,3.14762575924397,5.52732610055788,0,43.4846902174108,41.0554275512695,18.9207774056979,0,28.6446652045617,0,12.4547915512559,7.76611632239036,6.05562441377909,0,0,0,0,0,8.68076908640015,0,16.0491075345448,0,0,0,0,0,0,10.356878091001,0,4.67640076851358,0,5.43036054797556,0,0,0,3.34327476758223,0,3.73419761843979,0,0,15.0377883381314,6.19916230910759,0,8.30579868547095,0,0,7.19726677267659,4.82074791908264,6.57347635662726,0,14.7609174801753
4.55405306286282,5.49936621529715,23.8514730393492,25.9040096861417,3.43395372750103,0,2.79913038015366,0,10.6388458454091,4.46855115282292,3.71290675019906,6.91387535839019,2.99476214817592,8.42316806316376,11.4976952672005,2.78654559453328,18.7179861286487,18.4281384623135,24.9549973191501,5.34106750060351,14.3333345317841,3.94528189951316,8.91078605662742,4.68919616160185,24.5542346502988,24.0975594520569,12.1276268669858,3.31058183364337,5.48962052663167,5.69381504399436,0,3.68870348560399,3.58792694757894,4.57018752000055,4.84703437043302,9.43879963173317,6.00018455900348,7.00307355690538,4.47697617399926,46.6692243303571,47.6351789327768,20.7487390754558,21.2733491729517,43.9148802757263,35.7173521916072,47.3711396748434,25.4125063568354,6.58652874112001,6.49416880189937,19.6570968967316,2.8910566723865,0,0,0,12.3085937462747,5.34284612609119,25.6578003107196,15.1571639939694,3.30617396036784,10.3790136850797,0,0,29.0933729066543,21.9405501731064,4.35487899078043,18.8445022393757,5.21237404823303,24.3745833360232,2.92503452301025,20.9123005659684,3.2114724242498,3.29467519124349,32.9890423506626,32.6801588875907,5.37760890715303,4.92422892340464,4.98452614602588,7.16516337384303,20.2705108684143,15.5492415756273,12.94997127429,7.19726677267659,0,6.82925122505876,19.1557951299652,32.7813756282513,27.2768490681281
