0,0,0.1901553565493,0,0.160447560124478,0,0,0,0.16233243880903,0,0,0,0,0,0,0,0.379596270620823,0,0.305526640956049,0,0,0,0,0,0.275311589241028,0,0,0,0,0,0,0,0,0,0,0,0.31871235370636,0,0,0,0,0,0.332790494076978,0,0,0,0.406288236379623,0,0.232360371947289,0,0,0,0,0,0.17860507301776,0,0.400105983018875,0,0,0,0.187650789107595,0,0,0.444198280572891,0,0,0,0,0,0,0,0,0,0.321145477203222,0,0,0,0,0.355095893144608,0.469127011299133,0,0.332701146602631,0.296225063958947,0.409636214375496,0.299262931662561,0,0.23126528208906
0,0,0,0.162087849575525,0,0,0,0,0,0.222875692976609,0,0,0,0,0,0.150349721312523,0,0,0,0,0,0,0,0,0,0,0,0,0,0,0,0,0,0,0,0,0,0,0,0,0,0.2936734837113,0,0,0,0,0,0,0,0.200839182425101,0,0,0,0,0,0.229704773143655,0,0.263370199562752,0,0,0,0.220722726947359,0,0,0,0,0,0,0,0,0,0,0,0,0,0,0,0,0,0,0,0,0.201797441664067,0.189266537626584,0.265262467520578,0,0
0.1901553565493,0,0,0,0.169510372688896,0,0,0,0.158310702987134,0,0.362712651491165,0,0,0,0.248258486390114,0,0,0,0.33910608291626,0,0.36963028460741,0,0,0,0,0,0,0,0,0,0,0,0,0,0,0,0.351970185836156,0,0.386869505047798,0,0.281195603311062,0,0.368447145171787,0,0,0,0.361657172441483,0,0.21274068924012,0,0.247795268893242,0,0,0,0.173558482343389,0,0.288431158730092,0,0,0,0.252504359644193,0,0,0.398551305135091,0,0,0,0,0,0,0,0,0,0.388229975104332,0,0,0,0,0,0.395357476813453,0,0.325273439288139,0.415723369399596,0.463436290621758,0.224766085651469,0,0.366174115075005
0,0.162087849575525,0,0,0,0.22670288954043,0,0,0,0.16062630222568,0,0,0,0,0,0,0.328477472066879,0,0.301219781239827,0,0,0,0,0,0,0,0,0,0,0,0,0,0,0,0,0.302231580018997,0.280007757819616,0,0,0.370244741439819,0,0.325031155012023,0,0.345820993185043,0,0.210608597602937,0,0.299280398421817,0.296784000595411,0.195342032114665,0,0.253367497139618,0,0,0,0.195513680306348,0,0.324201554059982,0,0.267303309761561,0,0.233695543371141,0.421260967850685,0,0,0,0,0,0,0,0,0,0.33160514327196,0,0,0,0,0,0.295826914409796,0.278361913561821,0.353960398584604,0,0.265485099117671,0.205210762179416,0.260213247522784,0.307265308770266,0
0.160447560124478,0,0.169510372688896,0,0,0,0.270315105716387,0,0.187692142857446,0,0,0,0,0,0.230398371815681,0,0,0,0,0,0.302808627486229,0,0,0,0,0,0,0,0,0,0,0,0,0,0,0,0.22652232981458,0,0,0,0.257934884230296,0,0.286453381180763,0,0,0,0.258061438798904,0,0.216358880201975,0,0.220166378316626,0,0.212991539388895,0,0.202159269402424,0,0.263180895536034,0,0.262102319938796,0,0.233074670418715,0,0,0.331461807092031,0,0,0,0,0,0,0,0,0,0.313025906682014,0,0,0,0,0,0.261764282981555,0,0,0.218200861111931,0.231698114957128,0.261335510667413,0,0
0,0,0,0.22670288954043,0,0,0,0,0,0.14106164375941,0,0,0,0,0,0,0,0.318115890026093,0.275263386964798,0.206109612497665,0,0,0,0,0,0,0,0,0,0,0,0,0,0,0,0.234141305372829,0.251922728759902,0,0,0,0.267836302518845,0.275872123241425,0,0,0,0.288881356595084,0,0.26722603765401,0.268379152848803,0.266174754500389,0,0.206206222840895,0,0,0,0.21028664521873,0,0.274827316403389,0,0,0,0.220287894209226,0.269817358974753,0,0,0,0,0,0,0,0,0,0.287127964198589,0,0,0,0,0,0.278741451313621,0.271112337708473,0,0,0.191507272174396,0.180065945620762,0.278781292863018,0.256112068891525,0
0,0,0,0,0.270315105716387,0,0,0,0,0,0,0,0,0,0,0,0,0,0,0,0.181907420357068,0,0,0,0,0,0,0,0,0,0,0,0,0,0,0,0,0,0,0,0.228715350230535,0,0,0,0,0,0,0,0,0,0.191447320121985,0,0.238113927059486,0,0.212515369057655,0,0.229888516503411,0,0.20263755889166,0,0,0,0,0,0,0,0,0,0,0,0,0,0,0,0,0,0,0,0,0,0,0,0.17174643167743,0.189168954268098,0.223155854713349,0,0
0,0,0,0,0,0,0,0,0,0,0,0,0,0,0,0,0,0,0,0,0,0,0,0,0,0,0,0,0,0,0,0,0,0,0,0,0,0,0,0,0,0,0,0,0,0,0,0,0,0,0,0,0,0.147815594155537,0,0,0,0,0,0,0,0,0,0,0,0,0,0,0,0,0,0,0,0,0,0,0,0,0,0,0,0,0.204746735592683,0,0,0,0
0.16233243880903,0,0.158310702987134,0,0.187692142857446,0,0,0,0,0.185064852237701,0.320775419473648,0,0,0,0.171184284612536,0.20335955619812,0.252985978002944,0.231334432192585,0.247752365677856,0,0.314511820673943,0.230849735438824,0.224235475063324,0.21145932469517,0.310713516513132,0.195595517754555,0.182380886032031,0,0,0,0,0,0,0,0,0,0.294640908638636,0,0.30833038282087,0,0.272384665906429,0,0.28804051480256,0,0,0,0.327080428600311,0,0.217383128537494,0,0.256550669670105,0,0,0,0.27202161507271,0.207792326807976,0.275724811517462,0,0.271417926996946,0,0.203297017650171,0.212695956230164,0,0.343589520454407,0.16970993578434,0,0.194841044644515,0.285082986634789,0.215884938836098,0.153721940238029,0,0,0,0.342307657003403,0,0,0,0.295944273471832,0,0.361182540655136,0,0.365873255899974,0.226948429017651,0.197772460324424,0.312459453407743,0,0.273704573512077
0,0.222875692976609,0,0.16062630222568,0,0.14106164375941,0,0,0.185064852237701,0,0,0,0,0,0,0.205270988866687,0.22216767941912,0.243595803092266,0.260555289685726,0,0,0.228649742901325,0.25744953751564,0.201520517752284,0,0,0.223898261785507,0,0,0,0,0,0,0,0,0,0,0.25138633698225,0,0,0,0.308070543633446,0,0,0,0,0,0,0,0.201435325380701,0,0,0,0,0,0.239165194106824,0,0,0,0,0,0.236863158643246,0,0,0,0,0.184995614596315,0,0.202086433768272,0,0,0,0,0,0,0,0,0,0,0,0,0,0.239552870961427,0.168289149036774,0.282558053882625,0.206729157882578,0
0,0,0.362712651491165,0,0,0,0,0,0.320775419473648,0,0,0,0.214905220704774,0,0,0,0.386322431266308,0.342568248510361,0.377481506151312,0,0.259844271544398,0,0,0,0,0,0,0,0.126530524343252,0,0.289072176846473,0,0,0,0,0,0.298419494268506,0,0.147692679518008,0,0.330962111552556,0.328168451786041,0.394445331767201,0,0,0,0.34006744325161,0,0.306439135755811,0,0.243057032426198,0,0.270675480365753,0,0.31326612830162,0,0.254162184280179,0,0.228089429184117,0,0.344124495983124,0,0,0.321493876095002,0,0,0,0,0,0,0,0,0,0.341786422512748,0,0,0,0,0.329834997653961,0.306825773074077,0,0.171314907846627,0.20945664411349,0.448095917701721,0.414987845001397,0,0.398010895170014
0,0,0,0,0,0,0,0,0,0,0,0,0,0.229803197492253,0,0,0,0,0,0.262128836836344,0,0,0,0,0,0,0,0,0,0.274358040094376,0,0,0,0,0,0.180369481178267,0,0.200501185633353,0,0,0,0,0,0,0,0,0,0,0,0,0,0.309180825948715,0,0,0,0,0,0.205838748736907,0,0,0,0,0,0,0,0,0,0,0,0,0,0,0.366445763243569,0,0,0,0,0,0,0,0.367639372135373,0,0.268020005933656,0,0.368127226829529,0,0
0,0,0,0,0,0,0,0,0,0,0.214905220704774,0,0,0,0.22688144145172,0,0,0,0,0,0,0,0,0,0,0,0,0,0,0,0,0,0,0,0,0,0,0,0,0,0,0,0,0,0,0,0,0,0,0,0,0,0,0,0,0,0.175851710140705,0,0.240286374326657,0,0.220193452969955,0,0,0,0,0,0,0,0,0,0,0,0,0,0,0,0,0,0,0,0,0,0.369481676154666,0.375411610080771,0,0,0
0,0,0,0,0,0,0,0,0,0,0,0.229803197492253,0,0,0,0.156555336307396,0,0,0,0,0,0,0,0,0,0,0,0,0,0,0,0,0,0,0,0,0,0,0,0,0,0,0,0,0,0,0,0,0,0,0,0.231963977217674,0,0,0,0,0,0.179084677535754,0,0.189683838889299,0,0.237018917997678,0,0,0,0,0,0,0,0,0,0,0,0,0,0,0,0,0,0,0,0,0,0,0,0,0
0,0,0.248258486390114,0,0.230398371815681,0,0,0,0.171184284612536,0,0,0,0.22688144145172,0,0,0,0,0,0,0,0,0,0,0,0,0,0,0,0,0,0,0,0,0,0,0,0,0,0,0,0,0,0,0,0,0,0,0,0.204523976360049,0,0.250036697089672,0,0,0,0.188874777534912,0,0.286428284645081,0,0.250296162462783,0,0.209244147743155,0,0,0,0,0,0,0.202475726604462,0,0.201957596199853,0,0,0,0,0,0,0,0,0,0,0,0,0.12316782772541,0.130475863814354,0.361410568157832,0,0
0,0.150349721312523,0,0,0,0,0,0,0.20335955619812,0.205270988866687,0,0,0,0.156555336307396,0,0,0.205449419863084,0.182973389218493,0.237623291356223,0,0,0.188262320616666,0.182904476920764,0.201269987556669,0.201805169694126,0.190774899766301,0.203073446949323,0.175645634531975,0,0,0,0,0,0,0,0,0,0,0,0,0,0,0,0,0,0,0,0,0,0.150164540857077,0,0,0,0,0,0.164504073773112,0,0,0,0.238540599743525,0,0.173570130053941,0,0,0.1891848135453,0.174379304051399,0.200392721728845,0.210427597165108,0.187741274329332,0.221601828932762,0.173707902431488,0,0,0,0,0,0,0,0,0,0,0,0.202489660769109,0.195264708664682,0,0,0
0.379596270620823,0,0,0.328477472066879,0,0,0,0,0.252985978002944,0.22216767941912,0.386322431266308,0,0,0,0,0.205449419863084,0,0.229267994098456,0.340273424077892,0,0.380246334150434,0.204106351397685,0.164543654666484,0.227827807473686,0.231288300004316,0.204117239940734,0.177375239318637,0.239091775483555,0.194823617115617,0,0,0,0,0,0,0.365484137745465,0.37665750031118,0,0.405326783657074,0.384678993374109,0.385678327509335,0.340072479986009,0.348537408686303,0.366725319623947,0.340149237350984,0.324596270918846,0.365108375416862,0.357951924204826,0.367307484149933,0.350388017296791,0.322380483150482,0,0,0,0.344718903303146,0.207885693758726,0.393581669860416,0,0,0,0,0.197067977219331,0.345685571432114,0.413005704923374,0.208419981598854,0.158739403526062,0.232544143225106,0.234596238994017,0.210610100943031,0.17486865688764,0.197686865925789,0,0.358313173055649,0.3822304142846,0,0,0,0,0.389886058585824,0.398601841642743,0.34364178776741,0.392189284563065,0.231209610374253,0.185338761318184,0.36373152025044,0.335973218083382,0.357171192765236
0,0,0,0,0,0.318115890026093,0,0,0.231334432192585,0.243595803092266,0.342568248510361,0,0,0,0,0.182973389218493,0.229267994098456,0,0.372429686643328,0,0.377914022654295,0.189452339001433,0.197982309331671,0.224616826250428,0.23438532865539,0.182927226457669,0.222922791508918,0.16983150719533,0,0,0,0,0,0,0,0.385098042090734,0.359427023441234,0,0.358158220847448,0.384716246397265,0.337830919027328,0.363106698839815,0.333159731193022,0.37077422440052,0.335492759943008,0.322742573916912,0.345161797369228,0.377248600125313,0,0.35783260847841,0,0,0,0,0,0.232555155553957,0.364931039512157,0,0,0,0,0.193121401400402,0,0.372832977212965,0.1780739643263,0.187660564122529,0.225455726249998,0.268128744865719,0.182932600315355,0.218115445486335,0.16769975002219,0,0.376273632049561,0.385842338204384,0,0,0,0,0.387962003398423,0.387660496253917,0,0.387581851619941,0.232034165291756,0.215201632187202,0.377437482783749,0.348740443587303,0.350450468063355
0.305526640956049,0,0.33910608291626,0.301219781239827,0,0.275263386964798,0,0,0.247752365677856,0.260555289685726,0.377481506151312,0,0,0,0,0.237623291356223,0.340273424077892,0.372429686643328,0,0,0.369371722507574,0.277665627039509,0.268798295940672,0.308433865298744,0.297583023784682,0.269922403884786,0.29521456733346,0.328947229604972,0,0,0.36191987991333,0,0,0,0,0.406411000738179,0.380194704027942,0,0.368534328306423,0.384964189885152,0.367394005134702,0.297419263624539,0.273501963619296,0.47488821374959,0.28646722359535,0.310793980150609,0.328512314955393,0.377122158805529,0.36336113512516,0.356621787465852,0,0,0,0,0.31702207326889,0.361247777938843,0.366572367001886,0.327598029375076,0,0,0.320399925112724,0.259190393611789,0.361378192901611,0.394293354763746,0.27856087202535,0.26953845222791,0.293438534355826,0.310386739098109,0.293793736957014,0.29350275794665,0,0,0.339401265978813,0.365092742316266,0,0,0,0,0.414315843142843,0.405792464264217,0.383448061347008,0.374375919765192,0.284192141636031,0.290280849025363,0.361629804675518,0.331723531610087,0.30471437681805
0,0,0,0,0,0.206109612497665,0,0,0,0,0,0.262128836836344,0,0,0,0,0,0,0,0,0,0,0,0,0,0,0,0,0,0,0,0,0,0,0,0.180498597141384,0,0.193861308669256,0,0,0,0,0,0,0,0.208657150467237,0,0.288327842950821,0,0,0,0,0,0,0,0,0,0.275503610480915,0,0,0,0,0.189283123404701,0,0,0,0,0,0,0,0,0,0.374908018471866,0,0,0,0,0,0.241934103408345,0,0.317435998446666,0,0.236977331798295,0,0.302685004556683,0,0
0,0,0.36963028460741,0,0.302808627486229,0,0.181907420357068,0,0.314511820673943,0,0.259844271544398,0,0,0,0,0,0.380246334150434,0.377914022654295,0.369371722507574,0,0,0,0,0,0,0,0.330574572086334,0,0,0,0.342848241329193,0,0,0,0,0.391586403052012,0.262406586025319,0,0.226549888743048,0.370408368607362,0.322914977557957,0.346899807453156,0.334781219147214,0.346751570701599,0.352034036602293,0.319711029529572,0.319497714960138,0.38489043712616,0.312655605516344,0.346022794644038,0.257402850347653,0,0.203118303583728,0,0.31049433350563,0,0.308263998212083,0,0.304073528828901,0,0.345513408382734,0.318192929029465,0,0.309654888952147,0.348094612360001,0,0.324098020792007,0,0,0,0,0,0,0.349844379803619,0,0,0,0,0.372605677587645,0.276197757996295,0,0.24704305059457,0.341640435918873,0.339480777581533,0.340909164189033,0,0.389868875344594
0,0,0,0,0,0,0,0,0.230849735438824,0.228649742901325,0,0,0,0,0,0.188262320616666,0.204106351397685,0.189452339001433,0.277665627039509,0,0,0,0.137447216548026,0.176046954349,0.189052220582962,0.169021048346026,0.199442562460899,0.166572770114705,0,0,0,0,0,0,0,0,0,0.299634796292779,0,0.318902581930161,0,0,0,0,0,0,0,0.312648193703757,0,0.320590085298805,0,0,0,0,0,0.195911720395088,0,0.326946378455443,0,0,0,0.180975557519839,0,0,0.210093657595549,0,0.157616726226277,0.20455002784729,0.15790968047556,0.195706555247307,0.29300133595864,0,0.329156552507417,0,0,0,0,0,0,0.35459777712822,0.334221200752034,0,0.184339923387418,0.197212338905188,0.30237981135195,0,0
0,0,0,0,0,0,0,0,0.224235475063324,0.25744953751564,0,0,0,0,0,0.182904476920764,0.164543654666484,0.197982309331671,0.268798295940672,0,0,0.137447216548026,0,0.204789405067762,0.207543962095913,0.1939623100417,0.152602367952247,0.177396394312382,0,0,0,0,0,0,0,0,0,0,0.209137770824504,0,0,0,0,0,0,0,0,0,0.292597250323876,0,0,0,0,0,0,0,0,0,0,0,0,0.173380687832832,0,0,0.17747942507267,0.210484908119658,0.182471483945847,0.269480220973492,0.175804004073143,0.177842984978969,0,0.285499666667273,0,0,0,0,0,0,0,0,0,0.238916802113173,0.182816615922381,0.17524856935942,0,0,0
0,0,0,0,0,0,0,0,0.21145932469517,0.201520517752284,0,0,0,0,0,0.201269987556669,0.227827807473686,0.224616826250428,0.308433865298744,0,0,0.176046954349,0.204789405067762,0,0.204334337460367,0.198617461955909,0.230040081418478,0.189059287309647,0,0,0,0,0,0,0,0,0,0,0,0,0,0.279950201511383,0,0,0,0,0.264754116535187,0,0,0,0,0,0,0,0,0.177445953242651,0,0,0,0,0,0.191880738033968,0,0,0.180259193450508,0.176459729671478,0.168997837377063,0.241310209035873,0.191917544161832,0.224962417036295,0.189829453825951,0,0,0.323861718177795,0,0,0,0,0.343665570020676,0.39890618622303,0,0,0.219966720600923,0.187057179667182,0.311894292632739,0,0
0.275311589241028,0,0,0,0,0,0,0,0.310713516513132,0,0,0,0,0,0,0.201805169694126,0.231288300004316,0.23438532865539,0.297583023784682,0,0,0.189052220582962,0.207543962095913,0.204334337460367,0,0.194007617731889,0.209226229334179,0.158121168613434,0,0,0,0,0,0,0,0,0.351033896207809,0,0.295324499468978,0,0.366260230541229,0.324874758720398,0.304328143596649,0,0,0,0,0,0.293698370456696,0,0,0,0,0,0.350527563341003,0.224899604916573,0,0,0,0,0,0.190622438676655,0,0.372407525777817,0.195069083571434,0.175223185867071,0.197295191884041,0.246577359908661,0.198583060503006,0.199630802135332,0,0,0,0,0,0,0,0,0.388331845402718,0,0,0.283042748769124,0.238675717431932,0.220907997753885,0.374908642810688,0,0
0,0,0,0,0,0,0,0,0.195595517754555,0,0,0,0,0,0,0.190774899766301,0.204117239940734,0.182927226457669,0.269922403884786,0,0,0.169021048346026,0.1939623100417,0.198617461955909,0.194007617731889,0,0.185208121935527,0.167855950717169,0,0,0,0,0,0,0,0.31103503704071,0,0,0,0,0,0,0,0,0,0,0,0,0,0,0,0,0,0,0,0,0,0,0,0,0,0.179635131504478,0,0,0.164088577590883,0,0.181857184890439,0.193251430988312,0.176973713815005,0.183012902736664,0.158817516345727,0,0,0,0,0,0,0,0.377285689115524,0.340587958693504,0,0,0.191544549890927,0.180824526783192,0.355335712432861,0,0
0,0,0,0,0,0,0,0,0.182380886032031,0.223898261785507,0,0,0,0,0,0.203073446949323,0.177375239318637,0.222922791508918,0.29521456733346,0,0.330574572086334,0.199442562460899,0.152602367952247,0.230040081418478,0.209226229334179,0.185208121935527,0,0,0.164656928607396,0,0,0,0,0,0,0,0.404913038015366,0,0,0,0,0.251215547323227,0.316624522209167,0,0,0,0,0,0,0,0,0,0,0,0.168009095467054,0,0.369251847267151,0,0,0,0,0.161123409867287,0,0.408700078725815,0.2063401222229,0.148057368583977,0.213622912764549,0.189787015813515,0.202284701168537,0.190572654953963,0,0,0,0,0,0,0,0,0,0.377448543906212,0,0.374490678310394,0.201890535261188,0.179626332572949,0,0,0
0,0,0,0,0,0,0,0,0,0,0,0,0,0,0,0.175645634531975,0.239091775483555,0.16983150719533,0.328947229604972,0,0,0.166572770114705,0.177396394312382,0.189059287309647,0.158121168613434,0.167855950717169,0,0,0,0.256186008453369,0,0,0,0,0,0,0,0.128457067906857,0,0,0,0,0,0,0,0,0,0,0,0,0,0,0,0,0,0,0,0,0,0.250454197327296,0,0,0,0,0.165495718884117,0,0.180113285779953,0,0.171404426917434,0.226960495114326,0.182296650379132,0,0.289067763090134,0,0,0,0,0,0,0,0,0,0.181090481983094,0.177289812880404,0,0,0
0,0,0,0,0,0,0,0,0,0,0.126530524343252,0,0,0,0,0,0.194823617115617,0,0,0,0,0,0,0,0,0,0.164656928607396,0,0,0,0.140482388436794,0,0,0,0,0,0,0,0.17475451529026,0,0,0,0,0,0,0,0,0,0,0,0,0,0,0,0,0,0,0,0,0,0,0,0,0,0,0.155588150024414,0,0,0,0.254379905760288,0,0.2215215472579,0,0,0,0,0,0,0,0,0,0.219059298435847,0,0,0,0,0
0,0,0,0,0,0,0,0,0,0,0,0.274358040094376,0,0,0,0,0,0,0,0,0,0,0,0,0,0,0,0.256186008453369,0,0,0,0,0,0,0,0,0,0.262729581561871,0,0,0,0,0,0,0,0,0,0,0,0,0,0,0,0,0,0,0,0,0,0,0,0,0,0,0,0,0,0,0,0,0.281161009023587,0,0.268022257808981,0,0,0,0,0,0,0,0.299264579730214,0,0,0,0,0,0
0,0,0,0,0,0,0,0,0,0,0.289072176846473,0,0,0,0,0,0,0,0.36191987991333,0,0.342848241329193,0,0,0,0,0,0,0,0.140482388436794,0,0,0,0,0,0,0,0.317757427692413,0,0.185854810961457,0,0.339267492294312,0,0.306803335746129,0,0,0,0.334960669279099,0,0,0,0,0,0,0,0.335180222988129,0,0.34031775876008,0,0,0,0,0,0,0.355237443532263,0,0,0,0,0,0,0,0,0,0.270501559910675,0,0,0,0,0,0.305816628038883,0,0,0.150249463915825,0,0.338026233017445,0,0.387215286493301
0,0,0,0,0,0,0,0,0,0,0,0,0,0,0,0,0,0,0,0,0,0,0,0,0,0,0,0,0,0,0,0,0.321455379062933,0.284481403512367,0.316512583444516,0.245052750612426,0.178477997779846,0,0,0.229470506310463,0.487495043104695,0.296499955654144,0,0,0,0.24709352850914,0,0.38041486872302,0.470854081870878,0.223778034511365,0,0,0,0,0,0,0,0,0,0,0,0,0,0,0,0,0,0,0,0,0,0,0,0,0.328882384832416,0.271703638136387,0.346004559365037,0,0.207781608308758,0.323200367142757,0.290329456329346,0.379811942577362,0.279993520266768,0,0.260237857699394,0.279289275407791,0
0,0,0,0,0,0,0,0,0,0,0,0,0,0,0,0,0,0,0,0,0,0,0,0,0,0,0,0,0,0,0,0.321455379062933,0,0.308446293874156,0.188840355191912,0,0.160331374406815,0,0,0,0.492280737442129,0,0,0,0,0,0,0.367501074250217,0.443370572877246,0,0,0,0,0,0,0,0,0,0,0,0,0,0,0,0,0,0,0,0,0,0,0,0,0,0.324044221695864,0.200186212244746,0.32292165466257,0.252324336341449,0,0.329233044917834,0,0.261948049068451,0.237164027865147,0,0,0,0
0,0,0,0,0,0,0,0,0,0,0,0,0,0,0,0,0,0,0,0,0,0,0,0,0,0,0,0,0,0,0,0.284481403512367,0.308446293874156,0,0.290423585947077,0.207891870048835,0.202759429812431,0.286530091846522,0,0,0.457747109234333,0.293442386164241,0,0,0,0,0,0.507915760061618,0.413563562764062,0.267186945812269,0,0,0,0,0,0,0,0,0,0,0,0,0,0,0,0,0,0,0,0,0,0,0,0,0.278703885409567,0,0.376655173589076,0,0.206409864127636,0,0.381265417298176,0,0.300886771082878,0.230007920946394,0.32238263242385,0.340649753808975,0
0,0,0,0,0,0,0,0,0,0,0,0,0,0,0,0,0,0,0,0,0,0,0,0,0,0,0,0,0,0,0,0.316512583444516,0.188840355191912,0.290423585947077,0,0.203264714163892,0.177647486329079,0,0.356818592825601,0,0,0,0.25248480470557,0,0,0,0,0.274291426644936,0.321180145666003,0,0,0,0,0,0,0,0,0,0,0,0,0,0,0,0,0,0,0,0,0,0,0,0,0,0.238505916297436,0.151405384143194,0.280571378639474,0.228668604204483,0,0.227406532400184,0,0.299341399870489,0.236391873533032,0,0.304014041287,0,0
0,0,0,0.302231580018997,0,0.234141305372829,0,0,0,0,0,0.180369481178267,0,0,0,0,0.365484137745465,0.385098042090734,0.406411000738179,0.180498597141384,0.391586403052012,0,0,0,0,0.31103503704071,0,0,0,0,0,0.245052750612426,0,0.207891870048835,0.203264714163892,0,0.204522173401419,0.151979748403928,0.153804391622543,0.298972501052082,0.279696941375732,0.33769303560257,0.390216335654259,0.443702382754676,0,0.258034372830813,0,0.30383595974135,0.279510465360457,0.320188194513321,0,0.264293402433395,0,0,0,0,0.392403423786163,0.304279237985611,0,0,0,0,0.239404856693854,0,0,0,0,0,0,0,0,0,0.319902926683426,0,0.161250457167625,0,0.14790053665638,0,0.257589261763721,0.193808516229156,0.149574696810709,0.359758615493774,0.203251509878875,0.14701928215715,0.298244084142944,0.308939596017202,0
0.31871235370636,0,0.351970185836156,0.280007757819616,0.22652232981458,0.251922728759902,0,0,0.294640908638636,0,0.298419494268506,0,0,0,0,0,0.37665750031118,0.359427023441234,0.380194704027942,0,0.262406586025319,0,0,0,0.351033896207809,0,0.404913038015366,0,0,0,0.317757427692413,0.178477997779846,0.160331374406815,0.202759429812431,0.177647486329079,0.204522173401419,0,0,0.212474779066266,0.333168370028337,0.270004260761679,0.332409309844176,0.319953291826276,0,0.387479271207537,0.24322360352828,0.304601234408606,0.445323457320531,0.275986872315407,0.314995110034943,0.283679913315508,0.258299266298612,0,0,0.263695314526558,0,0.322909947644253,0,0.329824071447804,0,0.331284891366959,0,0.260472917556763,0.299442340668444,0,0,0,0,0,0,0,0,0.258684456348419,0.322584333164351,0.164354074994723,0.272461589011881,0,0.283619026343028,0.330200974146525,0.267925140094515,0,0.235966405968843,0.218225261273872,0.178417929075658,0.340497419827155,0.332967579364777,0.342791929841042
0,0,0,0,0,0,0,0,0,0.25138633698225,0,0.200501185633353,0,0,0,0,0,0,0,0.193861308669256,0,0.299634796292779,0,0,0,0,0,0.128457067906857,0,0.262729581561871,0,0,0,0.286530091846522,0,0.151979748403928,0,0,0.130448009727932,0,0,0.279833274218916,0,0,0,0,0,0.406897385703756,0,0.320378904316516,0,0,0,0,0,0.243544414639473,0,0.305511140823364,0,0,0,0,0,0,0.29769630882664,0,0.205907311094435,0,0,0,0.313208394190844,0,0.29971147749735,0,0,0,0.32856399444478,0,0.149092167615891,0,0.276519176431633,0,0.205050116091076,0,0.289470100217195,0,0
0,0,0.386869505047798,0,0,0,0,0,0.30833038282087,0,0.147692679518008,0,0,0,0,0,0.405326783657074,0.358158220847448,0.368534328306423,0,0.226549888743048,0,0.209137770824504,0,0.295324499468978,0,0,0,0.17475451529026,0,0.185854810961457,0,0,0,0.356818592825601,0.153804391622543,0.212474779066266,0.130448009727932,0,0.39938548207283,0.383783236145973,0.298443600535393,0.358207664646945,0,0,0,0.355968654155731,0.288397309184074,0.316086520678003,0.327611744403839,0,0,0,0,0.274700118705284,0,0.2618485074094,0,0.362251400947571,0,0,0,0,0.275908827221132,0,0.392695976368019,0,0.338593998551369,0,0.312738120555878,0,0.29207941013224,0,0.29817995671616,0,0,0,0.342370965772054,0.346311748027802,0.21624330445325,0,0.24279856471856,0.170077608298911,0.172386246476985,0.340550893952496,0,0.392746659687587
0,0,0,0.370244741439819,0,0,0,0,0,0,0,0,0,0,0,0,0.384678993374109,0.384716246397265,0.384964189885152,0,0.370408368607362,0.318902581930161,0,0,0,0,0,0,0,0,0,0.229470506310463,0,0,0,0.298972501052082,0.333168370028337,0,0.39938548207283,0,0.322590932250023,0.352986996362435,0.35992323855559,0.557833657810402,0,0.347469633772888,0.330144633849462,0.302918039700564,0.306717325340618,0.299543967831276,0,0,0,0,0,0,0.348446375131607,0.364038020372391,0,0,0,0,0.276595011666789,0.384919030591846,0,0,0,0,0,0,0,0,0.335338696837425,0.377069547772408,0,0,0,0,0.31065685122588,0.365233529230644,0.30934060897146,0.350260561704636,0.35824431519564,0.322100192308426,0.347263839185034,0.378946218465894,0.325914770364761
0,0,0.281195603311062,0,0.257934884230296,0.267836302518845,0.228715350230535,0,0.272384665906429,0,0.330962111552556,0,0,0,0,0,0.385678327509335,0.337830919027328,0.367394005134702,0,0.322914977557957,0,0,0,0.366260230541229,0,0,0,0,0,0.339267492294312,0.487495043104695,0.492280737442129,0.457747109234333,0,0.279696941375732,0.270004260761679,0,0.383783236145973,0.322590932250023,0,0.282309278845787,0.28248193251415,0,0,0.266315633058548,0.188654392037863,0.476451945339524,0.452750791960851,0.293514877557755,0.25853783975948,0,0,0,0.279348867358985,0,0.317492040546284,0,0.276000150225379,0,0.280096745491028,0,0.272500514984131,0.268897423182021,0,0,0,0,0,0,0,0,0,0.333621987929711,0.46959026157856,0.314277470111847,0.447065442800522,0,0.319155928492546,0.391387012992902,0,0.233010715713688,0.312679409191308,0.271951940655708,0.258952506541333,0,0.290537589788437
0,0.2936734837113,0,0.325031155012023,0,0.275872123241425,0,0,0,0.308070543633446,0.328168451786041,0,0,0,0,0,0.340072479986009,0.363106698839815,0.297419263624539,0,0.346899807453156,0,0,0.279950201511383,0.324874758720398,0,0.251215547323227,0,0,0,0,0.296499955654144,0,0.293442386164241,0,0.33769303560257,0.332409309844176,0.279833274218916,0.298443600535393,0.352986996362435,0.282309278845787,0,0.20269634272934,0.319880279987753,0.277551680803299,0.349175081952758,0.300145541628202,0.366243065683061,0.333582035873247,0.312378560601197,0,0.268143534660339,0,0,0,0.30738169575731,0.337241090834141,0.368369211753209,0,0,0,0.282085806131363,0.336868829511973,0.361388391256332,0,0,0,0,0,0,0,0,0.390720704529021,0,0.286576956510544,0,0.314240666812864,0,0.341755043945436,0.337905709141044,0.343101924428573,0.316600846893647,0.295189223100807,0.352310512214899,0.343575003424787,0.253337689890617,0.251992440649441
0.332790494076978,0,0.368447145171787,0,0.286453381180763,0,0,0,0.28804051480256,0,0.394445331767201,0,0,0,0,0,0.348537408686303,0.333159731193022,0.273501963619296,0,0.334781219147214,0,0,0,0.304328143596649,0,0.316624522209167,0,0,0,0.306803335746129,0,0,0,0.25248480470557,0.390216335654259,0.319953291826276,0,0.358207664646945,0.35992323855559,0.28248193251415,0.20269634272934,0,0,0.229557380908065,0.284167736768723,0.282374989290287,0.496110099956796,0.505712963675793,0.303641980886459,0.29582467675209,0,0,0,0.292149826622846,0,0.407825451437576,0,0.415810766720003,0,0.417525106668472,0,0,0.400761296074571,0,0.283180415630341,0,0,0,0,0,0.372907429933548,0,0.375167594082546,0,0,0,0.267380966991186,0.336771169508045,0.310056817109498,0,0.351103995216492,0.398184741600706,0.332476331651965,0.322966070358078,0.350949168205261,0.274907976388931
0,0,0,0.345820993185043,0,0,0,0,0,0,0,0,0,0,0,0,0.366725319623947,0.37077422440052,0.47488821374959,0,0.346751570701599,0,0,0,0,0,0,0,0,0,0,0,0,0,0,0.443702382754676,0,0,0,0.557833657810402,0,0.319880279987753,0,0,0,0.433553241193295,0,0.393484801054001,0,0.546150181223364,0,0,0,0,0,0,0,0.404602378606796,0,0,0,0,0,0,0,0.265054374933243,0,0,0,0,0,0,0.458537498625313,0,0,0,0,0,0.528068215858015,0.426708966493607,0.460011411706607,0,0.405499665254957,0.426684528589249,0.472773308131625,0.342685568332672,0
0,0,0,0,0,0,0,0,0,0,0,0,0,0,0,0,0.340149237350984,0.335492759943008,0.28646722359535,0,0.352034036602293,0,0,0,0,0,0,0,0,0,0,0,0,0,0,0,0.387479271207537,0,0,0,0,0.277551680803299,0.229557380908065,0,0,0,0.286105111241341,0,0,0,0,0,0,0,0,0,0.343866229057312,0,0,0,0,0,0,0.37451776436397,0,0,0,0,0,0,0,0,0,0,0,0,0,0,0.410612851381302,0.379735264441241,0,0.370667710900307,0.283272544804372,0.282934576272964,0.227806102958592,0,0.263789474964142
0,0,0,0.210608597602937,0,0.288881356595084,0,0,0,0,0,0,0,0,0,0,0.324596270918846,0.322742573916912,0.310793980150609,0.208657150467237,0.319711029529572,0,0,0,0,0,0,0,0,0,0,0.24709352850914,0,0,0,0.258034372830813,0.24322360352828,0,0,0.347469633772888,0.266315633058548,0.349175081952758,0.284167736768723,0.433553241193295,0,0,0,0.273687832817739,0.276361832762287,0.269325435394421,0,0.345808347066243,0,0,0,0,0,0.354815257012203,0,0,0,0,0.291477623168145,0,0,0,0,0,0,0,0,0,0.380778188821521,0,0,0,0,0,0.299935888591761,0.254856224445736,0.374166234372103,0,0.290730999507142,0.265658728778362,0.335885172339099,0.335950191531863,0
0.406288236379623,0,0.361657172441483,0,0.258061438798904,0,0,0,0.327080428600311,0,0.34006744325161,0,0,0,0,0,0.365108375416862,0.345161797369228,0.328512314955393,0,0.319497714960138,0,0,0.264754116535187,0,0,0,0,0,0,0.334960669279099,0,0,0,0,0,0.304601234408606,0,0.355968654155731,0.330144633849462,0.188654392037863,0.300145541628202,0.282374989290287,0,0.286105111241341,0,0,0.284787029027939,0.292701142840087,0.332843518257141,0.284895092248917,0,0,0,0.29078321531415,0,0.342242666837331,0,0,0,0,0,0,0.301021752230237,0,0,0,0,0,0,0,0,0,0.353636277839541,0,0,0,0,0.346374246478081,0.313652155113505,0,0.355450373142958,0.320836433768272,0.318259626626968,0.291471355609962,0,0.320485923971449
0,0,0,0.299280398421817,0,0.26722603765401,0,0,0,0,0,0,0,0,0,0,0.357951924204826,0.377248600125313,0.377122158805529,0.288327842950821,0.38489043712616,0.312648193703757,0,0,0,0,0,0,0,0,0,0.38041486872302,0.367501074250217,0.507915760061618,0.274291426644936,0.30383595974135,0.445323457320531,0.406897385703756,0.288397309184074,0.302918039700564,0.476451945339524,0.366243065683061,0.496110099956796,0.393484801054001,0,0.273687832817739,0.284787029027939,0,0.446218846995173,0.369671293552891,0,0,0,0,0.289140224456787,0,0.469743400812149,0.297267903884252,0,0,0,0,0.305716584126155,0,0,0,0,0,0,0,0,0,0.323263674974442,0,0.368155334501163,0.306788556166549,0.426525102830247,0.319817868171271,0.339912443888103,0.378298616825254,0.469829739067601,0.327344758509416,0.520270493708179,0.276352749102645,0.32564281292241,0.309747303525607,0.2824667096138
0.232360371947289,0,0.21274068924012,0.296784000595411,0.216358880201975,0.268379152848803,0,0,0.217383128537494,0,0.306439135755811,0,0,0,0.204523976360049,0,0.367307484149933,0,0.36336113512516,0,0.312655605516344,0,0.292597250323876,0,0.293698370456696,0,0,0,0,0,0,0.470854081870878,0.443370572877246,0.413563562764062,0.321180145666003,0.279510465360457,0.275986872315407,0,0.316086520678003,0.306717325340618,0.452750791960851,0.333582035873247,0.505712963675793,0,0,0.276361832762287,0.292701142840087,0.446218846995173,0,0.295100861539443,0.267506886096228,0.283297449350357,0,0,0.243138111172578,0,0.332880492675175,0.290246327718099,0.303736572915857,0,0.241448820166334,0,0.288714880293066,0.283269113869894,0,0.321144009940725,0,0.272932301618551,0,0.31562231694559,0,0.326895080649533,0.324687441190084,0.339147491722691,0.439576709812338,0.309915924614126,0.395899613698324,0.300018814348039,0.27162080130926,0.401171701233126,0.318763476610184,0.37688901756341,0.592243907061035,0.302582574387391,0.342092574707099,0.329359114170074,0.361359713474909
0,0.200839182425101,0,0.195342032114665,0,0.266174754500389,0,0,0,0.201435325380701,0,0,0,0,0,0.150164540857077,0.350388017296791,0.35783260847841,0.356621787465852,0,0.346022794644038,0.320590085298805,0,0,0,0,0,0,0,0,0,0.223778034511365,0,0.267186945812269,0,0.320188194513321,0.314995110034943,0.320378904316516,0.327611744403839,0.299543967831276,0.293514877557755,0.312378560601197,0.303641980886459,0.546150181223364,0,0.269325435394421,0.332843518257141,0.369671293552891,0.295100861539443,0,0,0.216198794543743,0,0,0,0.207502625984688,0.365024581551552,0.312910694715589,0,0,0,0.203866689845368,0.295368331670761,0.386743411421776,0.33503362800926,0,0.250941216945648,0,0.269457434920164,0,0.325548235192697,0,0.294986828617428,0,0.193900149936477,0,0.19065260070644,0,0.317623388625497,0.341051341398903,0.340289992876727,0.380956822633743,0.417528147690863,0.279259316623211,0.287487602228242,0.322365393241247,0.291346654295921
0,0,0.247795268893242,0,0.220166378316626,0,0.191447320121985,0,0.256550669670105,0,0.243057032426198,0,0,0,0.250036697089672,0,0.322380483150482,0,0,0,0.257402850347653,0,0,0,0,0,0,0,0,0,0,0,0,0,0,0,0.283679913315508,0,0,0,0.25853783975948,0,0.29582467675209,0,0,0,0.284895092248917,0,0.267506886096228,0,0,0,0.213028829544783,0,0.224343612790108,0,0.273318654596806,0,0.273176407547501,0,0.238356121561744,0,0,0.342269978352955,0,0,0,0,0,0,0,0,0,0,0,0,0,0,0,0.307895423277565,0,0,0.221605924108336,0.238392385840416,0.262680252530298,0,0
0,0,0,0.253367497139618,0,0.206206222840895,0,0,0,0,0,0.309180825948715,0,0.231963977217674,0,0,0,0,0,0,0,0,0,0,0,0,0,0,0,0,0,0,0,0,0,0.264293402433395,0.258299266298612,0,0,0,0,0.268143534660339,0,0,0,0.345808347066243,0,0,0.283297449350357,0.216198794543743,0,0,0,0,0,0.198391357064247,0,0.211074304339048,0,0.228115752339363,0,0.214112924383237,0.341398112475872,0,0,0,0,0,0,0,0,0,0,0,0,0,0,0,0.262293696403503,0.297544792294502,0,0,0.274385085701942,0,0.320863487113506,0,0
0,0,0,0,0.212991539388895,0,0.238113927059486,0,0,0,0.270675480365753,0,0,0,0,0,0,0,0,0,0.203118303583728,0,0,0,0,0,0,0,0,0,0,0,0,0,0,0,0,0,0,0,0,0,0,0,0,0,0,0,0,0,0.213028829544783,0,0,0,0,0,0.155391096391461,0,0.245781406760216,0,0,0,0,0.350979059934616,0,0,0,0,0,0,0,0,0,0,0,0,0,0,0,0,0,0,0.165707872613617,0.165127620100975,0.257314443588257,0,0
0,0,0,0,0,0,0,0.147815594155537,0,0,0,0,0,0,0,0,0,0,0,0,0,0,0,0,0,0,0,0,0,0,0,0,0,0,0,0,0,0,0,0,0,0,0,0,0,0,0,0,0,0,0,0,0,0,0,0,0,0,0,0,0,0,0,0,0,0,0,0,0,0,0,0,0,0,0,0,0,0,0,0,0,0,0,0,0,0,0
0.17860507301776,0,0.173558482343389,0,0.202159269402424,0,0.212515369057655,0,0.27202161507271,0,0.31326612830162,0,0,0,0.188874777534912,0,0.344718903303146,0,0.31702207326889,0,0.31049433350563,0,0,0,0.350527563341003,0,0.168009095467054,0,0,0,0.335180222988129,0,0,0,0,0,0.263695314526558,0,0.274700118705284,0,0.279348867358985,0,0.292149826622846,0,0,0,0.29078321531415,0.289140224456787,0.243138111172578,0,0.224343612790108,0,0,0,0,0,0.276850136365005,0,0,0,0.228963119997865,0,0,0.288989424705505,0,0,0,0.292186785418547,0,0,0,0,0,0.314105348927634,0,0,0,0,0.33245050907135,0.323319034917014,0,0.336272820830345,0.271576397430977,0.230487768848737,0.286707531733272,0,0.254405554383993
0,0.229704773143655,0,0.195513680306348,0,0.21028664521873,0,0,0.207792326807976,0.239165194106824,0,0,0,0,0,0.164504073773112,0.207885693758726,0.232555155553957,0.361247777938843,0,0,0.195911720395088,0,0.177445953242651,0.224899604916573,0,0,0,0,0,0,0,0,0,0,0,0,0.243544414639473,0,0,0,0.30738169575731,0,0,0,0,0,0,0,0.207502625984688,0,0.198391357064247,0,0,0,0,0,0,0,0,0,0.165972514001995,0,0,0,0,0.206712250908216,0,0,0,0,0,0,0,0,0,0,0,0.343380242586136,0,0,0,0.242764828419222,0,0.26651008745544,0,0
0.400105983018875,0,0.288431158730092,0,0.263180895536034,0,0.229888516503411,0,0.275724811517462,0,0.254162184280179,0,0.175851710140705,0,0.286428284645081,0,0.393581669860416,0.364931039512157,0.366572367001886,0,0.308263998212083,0,0,0,0,0,0.369251847267151,0,0,0,0.34031775876008,0,0,0,0,0.392403423786163,0.322909947644253,0,0.2618485074094,0.348446375131607,0.317492040546284,0.337241090834141,0.407825451437576,0,0.343866229057312,0,0.342242666837331,0.469743400812149,0.332880492675175,0.365024581551552,0.273318654596806,0,0.155391096391461,0,0.276850136365005,0,0,0,0.31011321832459,0,0.296188644931785,0,0,0.374412147993125,0,0,0,0,0,0,0,0.357625005578776,0.357899397611618,0.365614124869692,0,0,0,0,0.363903333743413,0.33033742238351,0,0.402148678898811,0.336866886697517,0.397904032559106,0.375232293333194,0,0.408176767651314
0,0.263370199562752,0,0.324201554059982,0,0.274827316403389,0,0,0,0,0,0.205838748736907,0,0.179084677535754,0,0,0,0,0.327598029375076,0.275503610480915,0,0.326946378455443,0,0,0,0,0,0,0,0,0,0,0,0,0,0.304279237985611,0,0.305511140823364,0,0.364038020372391,0,0.368369211753209,0,0.404602378606796,0,0.354815257012203,0,0.297267903884252,0.290246327718099,0.312910694715589,0,0.211074304339048,0,0,0,0,0,0,0,0.23135617166935,0,0.221491643175101,0.323256880576218,0,0.327635300159454,0,0,0,0.249568278590838,0,0.304835384984811,0,0.317253938284937,0,0,0,0,0,0.347217631836732,0.352061182260513,0.362156690300191,0,0.184995956009343,0,0.319870754865418,0.386385987202326,0
0,0,0,0,0.262102319938796,0,0.20263755889166,0,0.271417926996946,0,0.228089429184117,0,0.240286374326657,0,0.250296162462783,0,0,0,0,0,0.304073528828901,0,0,0,0,0,0,0,0,0,0,0,0,0,0,0,0.329824071447804,0,0.362251400947571,0,0.276000150225379,0,0.415810766720003,0,0,0,0,0,0.303736572915857,0,0.273176407547501,0,0.245781406760216,0,0,0,0.31011321832459,0,0,0,0.287375578543414,0,0,0.368756571807057,0,0,0,0,0,0.259986908899413,0,0.357817858457565,0,0.37034279533795,0,0,0,0,0,0.347991471871352,0,0,0.230675583231379,0.246451279148459,0.340506964584567,0,0.403003621846437
0,0,0,0.267303309761561,0,0,0,0,0,0,0,0,0,0.189683838889299,0,0.238540599743525,0,0,0,0,0,0,0,0,0,0,0,0.250454197327296,0,0,0,0,0,0,0,0,0,0,0,0,0,0,0,0,0,0,0,0,0,0,0,0.228115752339363,0,0,0,0,0,0.23135617166935,0,0,0,0.232762655879878,0,0,0,0,0,0,0,0,0.257694573471179,0,0.255949147045612,0,0,0,0,0,0,0,0,0,0,0,0.306346893310547,0,0
0.187650789107595,0,0.252504359644193,0,0.233074670418715,0,0,0,0.203297017650171,0,0.344124495983124,0,0.220193452969955,0,0.209244147743155,0,0,0,0.320399925112724,0,0.345513408382734,0,0,0,0,0,0,0,0,0,0,0,0,0,0,0,0.331284891366959,0,0,0,0.280096745491028,0,0.417525106668472,0,0,0,0,0,0.241448820166334,0,0.238356121561744,0,0,0,0.228963119997865,0,0.296188644931785,0,0.287375578543414,0,0,0,0,0.356998754739761,0,0,0,0.218393931786219,0,0.234370568284282,0,0,0,0.316248502582312,0,0,0,0,0,0.349423982203007,0,0.403645306825638,0.267863482946441,0,0.330312537841308,0,0
0,0.220722726947359,0,0.233695543371141,0,0.220287894209226,0,0,0.212695956230164,0.236863158643246,0,0,0,0.237018917997678,0,0.173570130053941,0.197067977219331,0.193121401400402,0.259190393611789,0,0.318192929029465,0.180975557519839,0.173380687832832,0.191880738033968,0.190622438676655,0.179635131504478,0.161123409867287,0,0,0,0,0,0,0,0,0,0,0,0,0,0,0.282085806131363,0,0,0,0,0,0,0,0.203866689845368,0,0.214112924383237,0,0,0,0.165972514001995,0,0.221491643175101,0,0.232762655879878,0,0,0,0,0.179249583681424,0.164420187473297,0.184384397097996,0.211767002940178,0.225454858877246,0.197517444690069,0.234611352284749,0,0.246269858876864,0,0,0,0,0,0,0,0,0,0.186664753034711,0.18211148775393,0.261977478861809,0,0
0,0,0,0.421260967850685,0,0.269817358974753,0,0,0,0,0,0,0,0,0,0,0.345685571432114,0,0.361378192901611,0.189283123404701,0,0,0,0,0,0,0,0,0,0,0,0,0,0,0,0.239404856693854,0.260472917556763,0,0,0.276595011666789,0.272500514984131,0.336868829511973,0,0,0,0.291477623168145,0,0.305716584126155,0.288714880293066,0.295368331670761,0,0.341398112475872,0,0,0,0,0,0.323256880576218,0,0,0,0,0,0,0,0,0,0,0,0,0,0,0.376824614272189,0,0,0,0,0,0.293551669756728,0.275429308414459,0.341708955764771,0,0.191357260509845,0,0.341110170357467,0.351384063561757,0
0.444198280572891,0,0.398551305135091,0,0.331461807092031,0,0,0,0.343589520454407,0,0.321493876095002,0,0,0,0,0,0.413005704923374,0.372832977212965,0.394293354763746,0,0.309654888952147,0,0,0,0.372407525777817,0,0.408700078725815,0,0,0,0.355237443532263,0,0,0,0,0,0.299442340668444,0,0.275908827221132,0.384919030591846,0.268897423182021,0.361388391256332,0.400761296074571,0,0.37451776436397,0,0.301021752230237,0,0.283269113869894,0.386743411421776,0.342269978352955,0,0.350979059934616,0,0.288989424705505,0,0.374412147993125,0,0.368756571807057,0,0.356998754739761,0,0,0,0,0,0,0,0,0,0,0.345225244760513,0,0.365217478038966,0,0,0,0,0.368577432301309,0.311210084622401,0,0.400119858902434,0.330755193084068,0.349883326225811,0.429237368427927,0.352102398872375,0.41577427235565
0,0,0,0,0,0,0,0,0.16970993578434,0,0,0,0,0,0,0.1891848135453,0.208419981598854,0.1780739643263,0.27856087202535,0,0.348094612360001,0.210093657595549,0.17747942507267,0.180259193450508,0.195069083571434,0.164088577590883,0.2063401222229,0.165495718884117,0,0,0,0,0,0,0,0,0,0.29769630882664,0,0,0,0,0,0,0,0,0,0,0,0.33503362800926,0,0,0,0,0,0,0,0.327635300159454,0,0,0,0.179249583681424,0,0,0,0.18367138504982,0.146865122744607,0,0.163140389201946,0,0.316549093127251,0,0.314969851605354,0,0,0,0,0,0.330203384160995,0,0.301674236069646,0,0.175794392158376,0.193423430288309,0.296637469530106,0,0
0,0,0,0,0,0,0,0,0,0,0,0,0,0,0,0.174379304051399,0.158739403526062,0.187660564122529,0.26953845222791,0,0,0,0.210484908119658,0.176459729671478,0.175223185867071,0,0.148057368583977,0,0.155588150024414,0,0,0,0,0,0,0,0,0,0.392695976368019,0,0,0,0.283180415630341,0.265054374933243,0,0,0,0,0.321144009940725,0,0,0,0,0,0,0,0,0,0,0,0,0.164420187473297,0,0,0.18367138504982,0,0,0.286405511756441,0,0.287453002098835,0,0.264171053771266,0,0,0,0,0,0,0,0,0,0.358673156225361,0.184091617525323,0.183839573214451,0.29760945836703,0,0
