0,0,0.17659813631326,0,0,0,0,0,0.171551116526464,0,0.371908016502857,0,0,0,0,0,0,0,0.394002619066409,0,0.292733309597805,0,0,0,0.168619190454483,0,0.172755463048816,0,0,0,0,0,0,0,0,0,0.370062394274606,0,0.347843289375305,0,0.356115019983715,0,0.249756525521693,0,0.252459108829498,0,0.271430632897786,0,0.20584651556882,0,0,0,0,0,0.159649736356516,0,0.352502718567848,0,0,0,0.183396924120277,0,0,0.288839049637318,0,0,0,0.16566675901413,0,0.17065212561896,0,0,0,0,0,0,0,0,0.33261826634407,0.343985982709103,0,0.397636948262944,0.39740498964825,0,0.250312045420686,0,0.351307779550552
0,0,0,0.128629959560931,0,0,0,0,0,0.192833296576615,0,0,0,0,0,0,0,0,0,0,0,0,0,0,0,0,0,0,0,0,0,0,0,0,0,0,0,0,0,0.245620161294937,0,0.201694098611673,0,0,0,0,0,0,0,0.218090400099754,0,0,0,0,0,0.230917556380684,0,0.246124485364327,0,0.243433313071728,0,0.192628296637776,0,0,0,0,0.15710483789444,0,0,0,0,0,0,0,0,0,0,0,0.380069047212601,0,0,0,0.128097980485662,0,0.190260200596908,0,0
0.17659813631326,0,0,0.226424917578697,0.141891298281563,0,0,0,0.120696914568543,0,0.337588518857956,0,0,0,0,0,0,0,0.274994379281998,0,0.28605226269274,0,0,0,0,0,0,0,0,0,0,0,0,0,0,0.292256474494934,0.333489320107869,0,0.316078424453735,0,0.28122512783323,0,0.28120497862498,0,0,0.231982496380806,0.300847400512014,0.284236305952072,0.253082927839815,0.30080047249794,0.159112271453653,0,0,0,0.147649230109048,0,0.323489806614816,0,0.209786965408259,0,0.157564593725894,0,0,0.295033550184024,0,0,0,0,0,0,0,0,0,0,0,0,0,0,0.273129597306252,0.304738524887297,0,0.33652538061142,0.19998535030293,0.317193542917569,0.236571495000371,0,0.308351933956146
0,0.128629959560931,0.226424917578697,0,0,0.157276374874292,0,0,0,0.140395763264575,0.26987686753273,0.325972521305084,0,0.233412228524685,0,0,0,0.289372563362122,0.272411934203572,0.312157081440091,0,0,0,0,0,0,0,0,0,0,0,0,0,0,0,0.194095018423266,0.245718583464622,0,0,0.278443749214328,0,0.292879076649065,0.237122468650341,0,0,0.246056762550558,0,0.272137166992311,0.252403398822336,0.257664566654466,0,0.222864493370056,0,0,0,0.171777540429689,0.257760190046751,0.306620588163277,0.244128812104464,0.259768254716288,0.238272119313478,0.246118531668488,0.286913150300582,0.231224710742633,0,0,0,0,0,0,0,0,0.324836354940496,0,0,0,0,0,0.252744502880994,0.287858441472054,0.314860630493898,0.275734752416611,0.179638438193815,0.180579881582941,0.270669161134512,0.243052373781349,0.277686223387718
0,0,0.141891298281563,0,0,0,0.231477446854115,0,0.129238830808597,0,0,0,0,0,0.165426115577038,0,0,0,0,0,0.181656935675578,0,0,0,0,0,0,0,0,0,0,0,0,0,0,0,0.200759127736092,0,0,0,0.254139952361584,0,0.224473744630814,0,0,0.208282649517059,0,0.309688419103622,0.245453347762426,0,0.163022505127369,0,0,0,0.139560996687838,0,0.166612663865089,0,0.202877581119537,0,0.189779341220856,0,0,0.200312902530034,0,0,0,0,0,0,0,0,0,0,0,0,0,0,0.227888643741608,0.228452950716019,0,0,0.166046834499999,0,0.176516595139968,0,0
0,0,0,0.157276374874292,0,0,0,0.191087592925344,0,0.17800610332963,0,0.253222674131393,0,0.168217301368713,0,0,0,0,0,0.165163753414026,0,0,0,0,0,0,0,0,0,0,0,0,0,0,0,0.183934118350347,0,0,0,0.22401274740696,0,0.247035657366117,0,0,0,0.162826091051102,0,0,0.220627535134554,0.230999352410436,0,0.21456387561137,0,0.191292321681976,0,0.12171575200877,0.236366396149,0.273442670702934,0,0.203430489253472,0.221738286316395,0,0.2043566139681,0,0,0,0,0,0,0,0,0,0,0,0,0,0,0,0.191154260326315,0,0,0,0.15730611334525,0.18682512268424,0.196827500954009,0,0
0,0,0,0,0.231477446854115,0,0,0,0,0,0.177063576855268,0,0.230760976672173,0,0,0,0,0,0,0,0.20140207807223,0,0,0,0,0,0,0,0,0,0,0,0,0,0,0,0,0,0,0,0,0,0,0,0,0,0,0,0,0,0.168933061261972,0,0.166489578526596,0,0,0,0.130090039223433,0,0,0,0,0,0,0,0,0,0,0,0,0,0,0,0,0,0,0,0,0,0,0,0,0,0.181422882846424,0,0,0,0
0,0,0,0,0,0.191087592925344,0,0,0,0,0,0.257721323519945,0,0.153516332308451,0,0,0,0,0,0.145088527065057,0,0,0,0,0,0,0,0,0,0,0,0,0,0,0,0,0,0,0,0,0,0,0,0,0,0,0,0,0,0,0,0.197094873889633,0,0.21440892297756,0,0,0,0.248282053012759,0,0.203153143418424,0,0,0.156174771487713,0,0,0,0,0,0,0,0,0,0,0,0,0,0,0,0,0,0,0,0.191320609244885,0.192205518484116,0,0,0
0.171551116526464,0,0.120696914568543,0,0.129238830808597,0,0,0,0,0,0,0,0,0,0.188547345094903,0,0.191510983030001,0.194606930017471,0.239637389265258,0,0.390783935785294,0,0.196043302233403,0,0.200608565982269,0,0.20421526320789,0,0,0,0,0,0,0,0,0,0.347421914339066,0,0.240440976890651,0,0,0.196030095219612,0.221197616357308,0,0,0,0.23006796836853,0.223447720209757,0.189232032746077,0,0.163826817274094,0,0,0,0.237382244857152,0,0.283693015575409,0,0,0,0.183742545456404,0,0,0.322039008140564,0,0.204695688684781,0,0.17712262320903,0,0.195078990337524,0,0,0,0,0,0,0,0,0.349646478891373,0.29937471250693,0,0.312571310997009,0.193109127125438,0.260203070938587,0.278378579992157,0,0
0,0.192833296576615,0,0.140395763264575,0,0.17800610332963,0,0,0,0,0,0.294473648071289,0,0,0,0.16072939469346,0.196803584694862,0.204477810240411,0.253707885742188,0,0,0,0,0.211715617743523,0,0.157630659639835,0,0,0,0,0,0,0,0,0,0.14492134253184,0.270863801240921,0.212503088265657,0,0,0,0.320327141346076,0,0,0,0,0,0,0.279820799827576,0.214103313783805,0,0,0,0,0,0.259424039659232,0.250623613595963,0.276520560185115,0,0,0,0.166993773409298,0,0,0,0,0.13516887029012,0,0,0,0,0,0.277889221906662,0,0,0,0,0,0.203454852104187,0,0,0,0.176546515571515,0.190087169048286,0.26919304464351,0,0
0.371908016502857,0,0.337588518857956,0.26987686753273,0,0,0.177063576855268,0,0,0,0,0,0.13194754081113,0,0.244265854358673,0,0.357470933880125,0,0.32755772368266,0,0.257533761455077,0,0,0,0,0,0,0,0,0,0.33224201068796,0,0,0,0,0,0.140811017853148,0,0.195428001199129,0,0.300055001037461,0.267391383647919,0.316460188316262,0,0,0,0.335557650774717,0,0.297446694813277,0.315567448735237,0,0,0.136468358337879,0,0.298861488699913,0,0.232358659365165,0,0.257081603010495,0,0,0,0,0.285436188956035,0,0.284629166126251,0,0,0,0,0,0,0,0.264225764383732,0,0,0,0,0.312836885452271,0.154530628204898,0,0.181582914175172,0.181082769746997,0.364919006824493,0.343087490825426,0,0.357524080622581
0,0,0,0.325972521305084,0,0.253222674131393,0,0.257721323519945,0,0.294473648071289,0,0,0,0.24754566944217,0,0,0,0.321949392557144,0.365418502917657,0.288493577648418,0,0,0,0,0,0,0,0,0,0.21655626807894,0,0,0,0,0,0.126729775558818,0,0.214697630724959,0,0.287199961642424,0,0.330163333204485,0.31381519138813,0.408202990889549,0,0.353643580153584,0,0,0.345285803079605,0.309823894500732,0,0.247575402259827,0,0.253867207908295,0,0,0,0.242728396488395,0,0.240923579563113,0,0,0.344192900939992,0,0,0,0,0,0,0,0,0,0.391721722052758,0,0,0,0,0,0.338161940375964,0,0.212935395394834,0.318200916051865,0.209725360014395,0.406703382730484,0.347299129501277,0.362292919428118,0
0,0,0,0,0,0,0.230760976672173,0,0,0,0.13194754081113,0,0,0,0,0,0,0,0,0,0,0,0,0,0,0,0,0,0.176864294956128,0,0,0,0,0,0,0,0,0,0,0,0,0,0,0,0,0,0,0,0.188278377056122,0,0,0,0.254937559366226,0,0,0,0.215120515653065,0,0.224346548991485,0,0.212036366264025,0,0,0,0,0,0,0,0,0,0,0.20049987821018,0,0,0,0,0,0,0,0,0,0,0.270799525082111,0,0,0,0
0,0,0,0.233412228524685,0,0.168217301368713,0,0.153516332308451,0,0,0,0.24754566944217,0,0,0,0.161414073159297,0,0,0,0,0,0,0,0,0,0,0,0.182891392045551,0,0.230310748020808,0,0,0,0,0,0,0,0,0,0,0,0,0,0,0,0,0,0,0,0,0,0.218757924437523,0,0.141912641850385,0,0,0,0.251609169287619,0,0.207357204358875,0,0.180009145925685,0,0,0,0,0,0,0,0,0.157606002688408,0,0.246466077607254,0,0,0,0,0,0,0,0,0,0.221516918149087,0,0,0,0
0,0,0,0,0.165426115577038,0,0,0,0.188547345094903,0,0.244265854358673,0,0,0,0,0,0.168637071487804,0.174857891031674,0.21562693019708,0,0,0,0.174920516879591,0,0.190104526631972,0,0.179599281759174,0,0,0,0,0,0,0,0,0,0.320708900690079,0,0.163203358650208,0,0,0.210713639855385,0,0,0,0,0,0,0,0,0.164879033962886,0,0,0,0.176637653065355,0,0,0,0,0,0.181110552801432,0,0,0,0,0.187486591774064,0,0.183287113904953,0,0.179056197404861,0,0,0,0,0,0,0,0,0,0.326187709967295,0,0.378358840942383,0.184697556949903,0.165610531514341,0,0,0
0,0,0,0,0,0,0,0,0,0.16072939469346,0,0,0,0.161414073159297,0,0,0,0.170106290392578,0,0,0,0.171886533498764,0,0.135660645193779,0,0.154582022447829,0,0.135349382956823,0,0,0,0,0,0,0,0,0,0,0,0,0,0,0,0,0,0,0,0,0,0,0,0,0,0,0,0.121583338119561,0,0,0,0.204573248441403,0,0.18776074143232,0,0,0,0,0,0,0.136768554838804,0,0,0,0,0,0,0,0,0,0,0,0,0,0.149370387583971,0,0,0,0
0,0,0,0,0,0,0,0,0.191510983030001,0.196803584694862,0.357470933880125,0,0,0,0.168637071487804,0,0,0.169270873107333,0.32488081174442,0.282647371292114,0.332933477380059,0.148718610405922,0.157188916964365,0.166930244863033,0.181954153597875,0,0.150317210017493,0,0,0,0.41234079003334,0,0,0,0,0.313204938173294,0.351346960481332,0,0.249853726476431,0.337813750902812,0.29835595800118,0.2574308719486,0.264820176760356,0.296772941946983,0,0.321629881858826,0.304817891434619,0,0,0.278631746768951,0,0,0,0,0.193001735806465,0,0.315307919184367,0,0.364064395427704,0,0.171837022629651,0,0.326951970656713,0.317380932244388,0.160058170557022,0.161590477037761,0,0.190841214110454,0.165979146957397,0.154884921146497,0,0,0,0,0,0,0,0,0.301922062268624,0.330359024497179,0.291148295005163,0.343001672973881,0.22167344916638,0.208580119535327,0.302553710077896,0,0.287175610661507
0,0,0,0.289372563362122,0,0,0,0,0.194606930017471,0.204477810240411,0,0.321949392557144,0,0,0.174857891031674,0.170106290392578,0.169270873107333,0,0.271392184362855,0,0.306302949786186,0.143797353941661,0.175567031253216,0.152415453880391,0.176395052075386,0.161615365661964,0.176957648793856,0.121666480600834,0,0,0,0,0,0,0,0.314238156263645,0.295821633476477,0,0.225108828395605,0.288359550052676,0.269278150051832,0.25610025251498,0.246642569346087,0,0.230883181095123,0.28014948964119,0.275213316082954,0,0.289821043610573,0.266038371250033,0,0,0,0,0.209815979003906,0.187706511537984,0.276751360722951,0.30905182659626,0,0,0.196035802364349,0.163006725809435,0.292398628261354,0.3068623021245,0.135257254251175,0.167853763874839,0,0.208228662610054,0.155225113493531,0.176947368452182,0,0,0.247636020183563,0,0,0,0.26634094119072,0,0.293320093581926,0.294528676261162,0.312372257312139,0.300439371090186,0.177156034982622,0.245797423052264,0.264317340588057,0.257863154013952,0.24094008654356
0.394002619066409,0,0.274994379281998,0.272411934203572,0,0,0,0,0.239637389265258,0.253707885742188,0.32755772368266,0.365418502917657,0,0,0.21562693019708,0,0.32488081174442,0.271392184362855,0,0.368114208579063,0.319634602692142,0.233947982390722,0.271504530999936,0.238210772474607,0.236516216867848,0,0.255165853537619,0,0,0,0.339823246002197,0,0,0,0,0.358306056676909,0.332764360870494,0,0.331559047102928,0.331443874002434,0.278204847910465,0.234447479510517,0.220859033875752,0.320746448019455,0.217110299294995,0.353685001700611,0.267985599962148,0.250922502949834,0.22468202159955,0.260409627426812,0,0.247872233390808,0,0,0.252132182319959,0.233093579610189,0.317455119878343,0.360517618099326,0,0,0.268585324287415,0,0.34132958677682,0.307570621871308,0,0.268495758826082,0,0.26111051440239,0.275333642959595,0.233785977853196,0,0,0.349650127732235,0.33602237701416,0.358853101730347,0,0,0,0.331300560361946,0.317393662114284,0.338655841007881,0.328229163239256,0.247232069812898,0.285149882237117,0.27305899103472,0.258905769152156,0.217704503672329
0,0,0,0.312157081440091,0,0.165163753414026,0,0.145088527065057,0,0,0,0.288493577648418,0,0,0,0,0.282647371292114,0,0.368114208579063,0,0,0,0,0,0,0,0,0,0,0,0,0,0,0,0,0.174474165554029,0,0.237861572200376,0,0.293296173214912,0,0.30803680923078,0.3084317445755,0.42653053800265,0,0.324847334583334,0,0,0.330372035503387,0.317929354153181,0,0.176155950488715,0,0.146326038986444,0,0,0,0.423432916170892,0,0,0,0,0.204628514843218,0,0,0,0,0,0,0,0,0,0.413988629976908,0,0,0,0,0,0.214674578757544,0.32353413105011,0.206204544489432,0,0.163810981549151,0.357341510057449,0.347305260278204,0.342743440422901,0
0.292733309597805,0,0.28605226269274,0,0.181656935675578,0,0.20140207807223,0,0.390783935785294,0,0.257533761455077,0,0,0,0,0,0.332933477380059,0.306302949786186,0.319634602692142,0,0,0,0,0,0,0,0.309017658233643,0,0,0,0.403085649013519,0,0,0,0,0.347845941781998,0.226072629393633,0,0.255088892112027,0,0.315767515120627,0.29321809609731,0.319989318532921,0,0.337641936209467,0.269475996494293,0.357603407718919,0.31410077214241,0.307735207534972,0,0.234204610004349,0,0.204042247048131,0,0,0,0.262535555822812,0,0.279401627214005,0,0,0,0.330960124731064,0.251963449588255,0,0.316110730171204,0,0,0,0,0,0.396650522947311,0,0.456321388483047,0,0,0,0,0.32335106531779,0.252394561973117,0,0.272251140954937,0.236207102294638,0.324060305953026,0.315960463758737,0,0.336752171877404
0,0,0,0,0,0,0,0,0,0,0,0,0,0,0,0.171886533498764,0.148718610405922,0.143797353941661,0.233947982390722,0,0,0,0.129836281087804,0.176467226260463,0,0.130600917954342,0.14954736828804,0.180326248590763,0,0,0,0,0,0,0,0,0,0.261535546628771,0.122291199862957,0,0,0.374803796410561,0,0,0,0.324720323085785,0,0.438605717250279,0,0.347727906954958,0,0,0,0,0,0,0,0.335965397513726,0,0,0,0.145887359976768,0.336778903007507,0,0.217228629408972,0.210386484861374,0.174548374957468,0,0.139792928687082,0,0.329423955550381,0,0.314072753169707,0,0,0,0,0,0,0,0.304614159277423,0,0.18847919925927,0.23745251425675,0.353716211127383,0,0
0,0,0,0,0,0,0,0,0.196043302233403,0,0,0,0,0,0.174920516879591,0,0.157188916964365,0.175567031253216,0.271504530999936,0,0,0.129836281087804,0,0,0.171491564572358,0,0.154889036385092,0,0.184663433883641,0,0.333255082368851,0,0,0,0,0,0.302957385778427,0.120760567486286,0.232772981647007,0.262043684720993,0,0,0.231838162988424,0,0,0,0,0,0.292321207421009,0,0,0,0,0,0.190476633608341,0,0.366140305995941,0,0,0,0.176927206416925,0,0,0.268241306145986,0.194682225584984,0.194200835977409,0,0.224585735372135,0,0.162128673129094,0,0.382102724719555,0,0.424607142806053,0,0,0,0,0.255110487341881,0.303732930259271,0,0.225194285960258,0.195182460887978,0.21794233741851,0.273065873980522,0,0
0,0,0,0,0,0,0,0,0,0.211715617743523,0,0,0,0,0,0.135660645193779,0.166930244863033,0.152415453880391,0.238210772474607,0,0,0.176467226260463,0,0,0,0.151322355475089,0,0,0,0,0,0,0,0,0,0,0,0.182115735602565,0,0,0,0,0,0,0,0,0,0,0,0.278003421624502,0,0,0,0,0,0.141696707768874,0,0.285211741924286,0,0,0,0.161383576691151,0,0,0.176363333497407,0,0.164104916500563,0,0.172519736718841,0,0.306261880831285,0,0,0,0,0,0,0,0,0,0.152100018358656,0,0.163879890637933,0,0.189301838356305,0,0
0.168619190454483,0,0,0,0,0,0,0,0.200608565982269,0,0,0,0,0,0.190104526631972,0,0.181954153597875,0.176395052075386,0.236516216867848,0,0,0,0.171491564572358,0,0,0,0.181464023126738,0,0,0,0,0,0,0,0,0,0,0,0.141170138742511,0,0,0,0.21873739361763,0,0,0,0,0,0.208367316560312,0,0,0,0,0,0.17177140865777,0,0.296988219022751,0,0,0,0.188273581418585,0,0,0,0,0.176450143744414,0,0.150962556177002,0,0.192176307168077,0,0,0,0,0,0,0,0,0,0.311573098103205,0,0.167631722986698,0.190398714809041,0,0.239077224909702,0,0
0,0,0,0,0,0,0,0,0,0.157630659639835,0,0,0,0,0,0.154582022447829,0,0.161615365661964,0,0,0,0.130600917954342,0,0.151322355475089,0,0,0,0.128441634070542,0,0,0,0,0,0,0,0,0,0,0,0,0,0,0,0,0,0,0,0,0,0,0,0,0,0,0,0,0,0,0,0,0,0.149830941612331,0,0,0.155871138899727,0,0.159214071929455,0,0.140697131783378,0,0.154894836246967,0,0,0,0,0,0,0,0,0,0,0,0.163535167293478,0,0,0,0
0.172755463048816,0,0,0,0,0,0,0,0.20421526320789,0,0,0,0,0,0.179599281759174,0,0.150317210017493,0.176957648793856,0.255165853537619,0,0.309017658233643,0.14954736828804,0.154889036385092,0,0.181464023126738,0,0,0,0.246979322698381,0,0,0,0,0,0,0,0,0,0.193097066879272,0,0,0,0,0,0,0,0,0,0.180691295769066,0,0,0,0,0,0.188176146149635,0,0,0,0,0,0.162587059129562,0,0,0.26874603331089,0,0.141465540919172,0,0.185307136178017,0,0.162452990656654,0,0.189896315336227,0,0.295647203922272,0,0,0,0,0,0.305298159519831,0,0.305039495229721,0.176220771947654,0.159728735685349,0.258188118537267,0,0
0,0,0,0,0,0,0,0,0,0,0,0,0,0.182891392045551,0,0.135349382956823,0,0.121666480600834,0,0,0,0.180326248590763,0,0,0,0.128441634070542,0,0,0,0.22412553320836,0,0,0,0,0,0,0,0,0,0,0,0,0,0,0,0,0,0,0,0,0,0,0,0,0,0,0,0.229793642421026,0,0.170102963844935,0,0.133257625003656,0,0,0.276552292285487,0,0,0,0.134552850335274,0,0.178994921085082,0,0.237877741890649,0,0,0,0,0,0,0,0.203834492231713,0,0,0,0,0,0
0,0,0,0,0,0,0,0,0,0,0,0,0.176864294956128,0,0,0,0,0,0,0,0,0,0.184663433883641,0,0,0,0.246979322698381,0,0,0,0.193284929827417,0,0,0,0,0,0,0,0.243848909708587,0,0,0,0,0,0,0,0,0,0,0,0,0,0,0,0,0,0,0,0.196540588403449,0,0,0,0,0,0,0.212613547390158,0,0,0,0.207738095947674,0,0.203986884882227,0,0,0,0,0,0,0,0,0,0.190010207203718,0.129342387119929,0,0,0,0
0,0,0,0,0,0,0,0,0,0,0,0.21655626807894,0,0.230310748020808,0,0,0,0,0,0,0,0,0,0,0,0,0,0.22412553320836,0,0,0,0,0,0,0,0,0,0.288950664813028,0,0,0,0,0,0,0,0,0,0,0,0,0,0,0,0,0,0,0,0.215558933615685,0,0.233366250991821,0,0,0,0,0,0,0,0,0,0,0.228741066564213,0,0.251635328278761,0,0,0,0,0,0,0,0.240999425158781,0,0.227288696169853,0,0,0,0
0,0,0,0,0,0,0,0,0,0,0.33224201068796,0,0,0,0,0,0.41234079003334,0,0.339823246002197,0,0.403085649013519,0,0.333255082368851,0,0,0,0,0,0.193284929827417,0,0,0,0,0,0,0,0,0,0.283784784938223,0,0,0,0.361235123872757,0,0,0,0,0,0.330409616231918,0,0,0,0,0,0,0,0.380916056704363,0,0,0,0,0,0,0.362904693000019,0,0,0,0,0,0,0,0,0,0.264362492524598,0,0,0,0,0,0.347645491361618,0,0.420496801535289,0.343719606013859,0,0.364520094933964,0,0.351565510034561
0,0,0,0,0,0,0,0,0,0,0,0,0,0,0,0,0,0,0,0,0,0,0,0,0,0,0,0,0,0,0,0,0.226110956082595,0.258665996155253,0.2413499802351,0.24673041275323,0.212950859036479,0,0,0,0.37148180603981,0,0,0,0,0,0,0.392341488930234,0.376492942372958,0.372318017482758,0,0,0,0,0,0,0,0,0,0,0,0,0,0,0,0,0,0,0,0,0,0,0,0,0.303249343883964,0.205715871105591,0.236594704838542,0.286893956363201,0.300120833380656,0.391201053023338,0,0,0.214912920579081,0,0,0,0
0,0,0,0,0,0,0,0,0,0,0,0,0,0,0,0,0,0,0,0,0,0,0,0,0,0,0,0,0,0,0,0.226110956082595,0,0.235917134210467,0.297510462999344,0.310698422400848,0.182125783598227,0,0,0,0.392531722784042,0,0,0,0,0,0,0.373417252798875,0.359962742845967,0,0,0,0,0,0,0,0,0,0,0,0,0,0,0,0,0,0,0,0,0,0,0,0,0,0.265088382557682,0.284362586556854,0.167937634719743,0.303915587954285,0.2946715777119,0.354154220907452,0,0,0.254995379095616,0,0,0,0
0,0,0,0,0,0,0,0,0,0,0,0,0,0,0,0,0,0,0,0,0,0,0,0,0,0,0,0,0,0,0,0.258665996155253,0.235917134210467,0,0.176330548724238,0.170743322451588,0.206452332437038,0.25830380071839,0,0,0.362621799111366,0,0,0,0,0.292392402887344,0,0.319431202392424,0.394914760401374,0.394269445112773,0,0,0,0,0,0,0,0,0,0,0,0,0,0,0,0,0,0,0,0,0,0,0,0,0.211182464718819,0,0.209380295130676,0.214789013444173,0.169196422513761,0.369118347764015,0.24085576021107,0.52971039712429,0.194669868526423,0,0.366345907960619,0,0
0,0,0,0,0,0,0,0,0,0,0,0,0,0,0,0,0,0,0,0,0,0,0,0,0,0,0,0,0,0,0,0.2413499802351,0.297510462999344,0.176330548724238,0,0,0.166342739771482,0,0.24061174414776,0,0.320891574025154,0,0.279336075851883,0,0,0,0,0.370187902619608,0.299857713019147,0,0,0,0,0,0,0,0,0,0,0,0,0,0,0,0,0,0,0,0,0,0,0,0,0,0.247599312971378,0.239755769570669,0.184516516482008,0.247613989561796,0,0.220030481805374,0,0.242281545529311,0.219127306863382,0,0.406391844153404,0,0
0,0,0.292256474494934,0.194095018423266,0,0.183934118350347,0,0,0,0.14492134253184,0,0.126729775558818,0,0,0,0,0.313204938173294,0.314238156263645,0.358306056676909,0.174474165554029,0.347845941781998,0,0,0,0,0,0,0,0,0,0,0.24673041275323,0.310698422400848,0.170743322451588,0,0,0.366325063976996,0.179430325129903,0.110524066856929,0.310320160512266,0.355951726436615,0.32024325501776,0.313857370189258,0.417175215482712,0,0.298826388736147,0.268544346094131,0.333297250025413,0.260695651757951,0.291270216080275,0,0.22253392636776,0,0,0,0.162742376327515,0.255188524723053,0.249510210539613,0.293034225702286,0,0,0,0.210270129424103,0,0,0,0,0,0,0,0,0,0.300391107797623,0,0.290512103799286,0.693370940004076,0.253442722402479,0,0.23697152412347,0.345498275811687,0.217636982593732,0.264210224151611,0.175989074962389,0.203036819595888,0.273698048816819,0.342057096569434,0
0.370062394274606,0,0.333489320107869,0.245718583464622,0.200759127736092,0,0,0,0.347421914339066,0.270863801240921,0.140811017853148,0,0,0,0.320708900690079,0,0.351346960481332,0.295821633476477,0.332764360870494,0,0.226072629393633,0,0.302957385778427,0,0,0,0,0,0,0,0,0.212950859036479,0.182125783598227,0.206452332437038,0.166342739771482,0.366325063976996,0,0,0.219514987711171,0.329386919736862,0.27495518570336,0.281404623761773,0.308136050499255,0,0.322884495769228,0.269992541521788,0.28674020093273,0.229544684704807,0.331321454793215,0.317337363958359,0.259991725464519,0,0,0,0,0,0.333631513302336,0,0.309643824398518,0,0,0,0.356462955474854,0.249654768626331,0,0.348202303051949,0,0,0,0,0,0,0,0.326339066028595,0.423450852319392,0.27060951923497,0,0.200910923625129,0.364767022295977,0.244551059752475,0,0.264638551993385,0.199369116682398,0.187841644263373,0.320432808882785,0,0.334546226804907
0,0,0,0,0,0,0,0,0,0.212503088265657,0,0.214697630724959,0,0,0,0,0,0,0,0.237861572200376,0,0.261535546628771,0.120760567486286,0.182115735602565,0,0,0,0,0,0.288950664813028,0,0,0,0.25830380071839,0,0.179430325129903,0,0,0.129242578077884,0.289771661162376,0,0.330288747946421,0,0.41971093416214,0,0.30405256152153,0,0.451643404487061,0,0.373326023121529,0,0,0,0,0,0,0,0.279598012835056,0,0.254410773515701,0,0.22010163962841,0.156981107028755,0,0.221772409467231,0,0.16760233218131,0,0.224770526712139,0,0.304837872238122,0,0.310120774592672,0,0,0,0.255700626651998,0,0.218940389486042,0,0.214575615282441,0.139866255223751,0.211401565243919,0.270511865615845,0.283329119249595,0,0
0.347843289375305,0,0.316078424453735,0,0,0,0,0,0.240440976890651,0,0.195428001199129,0,0,0,0.163203358650208,0,0.249853726476431,0.225108828395605,0.331559047102928,0,0.255088892112027,0.122291199862957,0.232772981647007,0,0.141170138742511,0,0.193097066879272,0,0.243848909708587,0,0.283784784938223,0,0,0,0.24061174414776,0.110524066856929,0.219514987711171,0.129242578077884,0,0,0.28016558703449,0.252011202275753,0.300575380399823,0,0.363259712855021,0,0.284703141794755,0.271264478564262,0.235684034459472,0,0,0,0,0,0.233805154760679,0,0.225932083028924,0,0.255947887897491,0,0,0,0,0.263224303338747,0,0.209496576765901,0,0.185388289573716,0,0,0,0.187697638358389,0,0.460503578186035,0,0,0,0.296624089613677,0.295295804738998,0.24235618642133,0,0.197788979306404,0.205074670043309,0.178394086419258,0.283762612008009,0,0.348726761341095
0,0.245620161294937,0,0.278443749214328,0,0.22401274740696,0,0,0,0,0,0.287199961642424,0,0,0,0,0.337813750902812,0.288359550052676,0.331443874002434,0.293296173214912,0,0,0.262043684720993,0,0,0,0,0,0,0,0,0,0,0,0,0.310320160512266,0.329386919736862,0.289771661162376,0,0,0.287302426993847,0.276414966873492,0.261402526072093,0.386446734792308,0.341598868370056,0.212803600739027,0.247359298169613,0.210664470558581,0.270112901926041,0.262390794929016,0,0,0,0,0,0.221638888120651,0,0.306571678278294,0,0,0,0.260999828577042,0.224435457792775,0.314455956220627,0,0,0,0,0,0,0,0,0.318872783865247,0,0,0,0,0,0.23454942857319,0.315386412774815,0.296275851684947,0,0.315453201037491,0.396123150984446,0.29535580137096,0.268028267533393,0
0.356115019983715,0,0.28122512783323,0,0.254139952361584,0,0,0,0,0,0.300055001037461,0,0,0,0,0,0.29835595800118,0.269278150051832,0.278204847910465,0,0.315767515120627,0,0,0,0,0,0,0,0,0,0,0.37148180603981,0.392531722784042,0.362621799111366,0.320891574025154,0.355951726436615,0.27495518570336,0,0.28016558703449,0.287302426993847,0,0.221078634262085,0.267418259127433,0,0.284313413577202,0.276229947805405,0.28670330225675,0.404367811027789,0.330359907702358,0,0.256826404602297,0,0,0,0.268606852740049,0,0.282823003510351,0,0.272046455360473,0,0.258938007734039,0,0.322765022516251,0.273132345294235,0,0,0,0,0,0,0,0,0,0.296304071491415,0.338991641998291,0,0,0.355793744325638,0.311402504642804,0.26364912423163,0,0.252374523878098,0.292415011178684,0.287847770885988,0.287108043052167,0.246503263711929,0.26594634540379
0,0.201694098611673,0,0.292879076649065,0,0.247035657366117,0,0,0.196030095219612,0.320327141346076,0.267391383647919,0.330163333204485,0,0,0.210713639855385,0,0.2574308719486,0.25610025251498,0.234447479510517,0.30803680923078,0.29321809609731,0.374803796410561,0,0,0,0,0,0,0,0,0,0,0,0,0,0.32024325501776,0.281404623761773,0.330288747946421,0.252011202275753,0.276414966873492,0.221078634262085,0,0.211709459850548,0.335543536665765,0.220285923944579,0.289486933367472,0.217733891172843,0.335576319417288,0.307845130562782,0.283035928346741,0,0.386748760938644,0,0,0,0.245244021926607,0.258930077155431,0.327297051761985,0.261888340115547,0.253785296082497,0,0,0.330985434753511,0.288249868899584,0,0,0,0,0,0,0.397608190774918,0,0.341434037610262,0,0.233976403872172,0,0.305230975151062,0,0.274394135700811,0.270739279860674,0.288600969248766,0.273501335332791,0.259117517556029,0.311897795181721,0.289677253817361,0.204890544067353,0.175736381113529
0.249756525521693,0,0.28120497862498,0.237122468650341,0.224473744630814,0,0,0,0.221197616357308,0,0.316460188316262,0.31381519138813,0,0,0,0,0.264820176760356,0.246642569346087,0.220859033875752,0.3084317445755,0.319989318532921,0,0.231838162988424,0,0.21873739361763,0,0,0,0,0,0.361235123872757,0,0,0,0.279336075851883,0.313857370189258,0.308136050499255,0,0.300575380399823,0.261402526072093,0.267418259127433,0.211709459850548,0,0,0.190505177421229,0.285217146788325,0.240907212982677,0.349583545530384,0.412939674107366,0.406556855142117,0.276599799096584,0,0,0,0.254136145603461,0,0.328918238339841,0.311405554413795,0.299089097688275,0,0.316666310896044,0,0.277157056331635,0.289052667459193,0,0,0,0,0,0,0,0.359696447849274,0.286647468805313,0.368110292836239,0,0.400589808821678,0,0.341421408473321,0.280022632017314,0.292220331790535,0.287501284166386,0.327257887770732,0.326064709857307,0.352773319929838,0.281017112805027,0.216640280752346,0.21468376482104
0,0,0,0,0,0,0,0,0,0,0,0.408202990889549,0,0,0,0,0.296772941946983,0,0.320746448019455,0.42653053800265,0,0,0,0,0,0,0,0,0,0,0,0,0,0,0,0.417175215482712,0,0.41971093416214,0,0.386446734792308,0,0.335543536665765,0,0,0,0.438262423643699,0,0,0,0.378086045384407,0,0,0,0,0,0,0,0.406291401591794,0,0,0,0,0.434398197465473,0,0,0,0,0,0,0,0,0,0.39779769256711,0,0,0,0.415026813745499,0,0.434375262310525,0,0.426302257511351,0,0.334609599577056,0,0.4372578850016,0.360859600397257,0
0.252459108829498,0,0,0,0,0,0,0,0,0,0,0,0,0,0,0,0,0.230883181095123,0.217110299294995,0,0.337641936209467,0,0,0,0,0,0,0,0,0,0,0,0,0,0,0,0.322884495769228,0,0.363259712855021,0.341598868370056,0.284313413577202,0.220285923944579,0.190505177421229,0,0,0,0.277227045639473,0,0.221855849027634,0.2279299000899,0,0,0,0,0,0,0.272045463323593,0,0,0,0,0,0.320833265781403,0.326357911933552,0,0,0,0,0,0,0,0,0,0,0,0,0,0,0.325025138529864,0.319127759272638,0,0.288207620382309,0.231448095291853,0.220233611762524,0.173246047610328,0,0.196267165243626
0,0,0.231982496380806,0.246056762550558,0.208282649517059,0.162826091051102,0,0,0,0,0,0.353643580153584,0,0,0,0,0.321629881858826,0.28014948964119,0.353685001700611,0.324847334583334,0.269475996494293,0.324720323085785,0,0,0,0,0,0,0,0,0,0,0,0.292392402887344,0,0.298826388736147,0.269992541521788,0.30405256152153,0,0.212803600739027,0.276229947805405,0.289486933367472,0.285217146788325,0.438262423643699,0,0,0.259895265102386,0.274820693514564,0.257854045368731,0.253390650831017,0,0.268263041973114,0,0,0,0.207505444685618,0.248579232643048,0.376231557588962,0.250545966956351,0,0.249939955770969,0,0.228634297654302,0.250008761882782,0,0,0,0,0,0,0,0,0.373598259096303,0,0.262564705176787,0,0.326508444547653,0,0.272586352717558,0.290816237529119,0.317492436467265,0,0.284982923552933,0.298518230969256,0.267959335205657,0.286486607633139,0.276763632893562
0.271430632897786,0,0.300847400512014,0,0,0,0,0,0.23006796836853,0,0.335557650774717,0,0,0,0,0,0.304817891434619,0.275213316082954,0.267985599962148,0,0.357603407718919,0,0,0,0,0,0,0,0,0,0,0,0,0,0,0.268544346094131,0.28674020093273,0,0.284703141794755,0.247359298169613,0.28670330225675,0.217733891172843,0.240907212982677,0,0.277227045639473,0.259895265102386,0,0,0.210322972800997,0,0,0,0,0,0,0,0.288322328527768,0.262807786464691,0.230475311477979,0,0.28813773393631,0,0.313168942928314,0.252211266450791,0,0,0,0,0,0,0,0,0,0.330364719033241,0,0,0,0,0.307788699865341,0.312420211349622,0.338801324367523,0.294504996050488,0.29496479305354,0.276184923119015,0.26571203376497,0,0.224243921952115
0,0,0.284236305952072,0.272137166992311,0.309688419103622,0,0,0,0.223447720209757,0,0,0,0,0,0,0,0,0,0.250922502949834,0,0.31410077214241,0.438605717250279,0,0,0,0,0,0,0,0,0,0.392341488930234,0.373417252798875,0.319431202392424,0.370187902619608,0.333297250025413,0.229544684704807,0.451643404487061,0.271264478564262,0.210664470558581,0.404367811027789,0.335576319417288,0.349583545530384,0,0,0.274820693514564,0,0,0.515679745660985,0.418266756295886,0,0,0,0,0.245807804167271,0.233127251267433,0.340856194496155,0.315078228712082,0.292399615049362,0,0.259915143251419,0,0.285486102104187,0,0.44953465461731,0,0,0,0,0,0,0,0,0.583100378513336,0.40570490458194,0.368795983619135,0.346085241476209,0.437590830547382,0.313507660307015,0.421100007625125,0.495707621462351,0.632684868066344,0.500542562205954,0.305113136768341,0.385371835052607,0.218465223908424,0
0.20584651556882,0,0.253082927839815,0.252403398822336,0.245453347762426,0.220627535134554,0,0,0.189232032746077,0.279820799827576,0.297446694813277,0.345285803079605,0.188278377056122,0,0,0,0,0.289821043610573,0.22468202159955,0.330372035503387,0.307735207534972,0,0.292321207421009,0,0.208367316560312,0,0.180691295769066,0,0,0,0.330409616231918,0.376492942372958,0.359962742845967,0.394914760401374,0.299857713019147,0.260695651757951,0.331321454793215,0,0.235684034459472,0.270112901926041,0.330359907702358,0.307845130562782,0.412939674107366,0,0.221855849027634,0.257854045368731,0.210322972800997,0.515679745660985,0,0.424167891596856,0.248900055885315,0.218622647225857,0,0,0.156762710994198,0.237128037959337,0.27195670065236,0.308443039655685,0.24638646703235,0,0.214186697577437,0.240955263376236,0.293048386772474,0.272536984783538,0,0.273249791857476,0,0.189683670901563,0,0.234380444501548,0,0.333323195750442,0.315369054675102,0.317789820464034,0.331687331199646,0.408639382570982,0.375616163015366,0.34613583581201,0.240769515816982,0.335265832321371,0.303781133890152,0.403776847145159,0.585501719176723,0.341439932584763,0.291704595194465,0,0.309340313076973
0,0.218090400099754,0.30080047249794,0.257664566654466,0,0.230999352410436,0,0,0,0.214103313783805,0.315567448735237,0.309823894500732,0,0,0,0,0.278631746768951,0.266038371250033,0.260409627426812,0.317929354153181,0,0.347727906954958,0,0.278003421624502,0,0,0,0,0,0,0,0.372318017482758,0,0.394269445112773,0,0.291270216080275,0.317337363958359,0.373326023121529,0,0.262390794929016,0,0.283035928346741,0.406556855142117,0.378086045384407,0.2279299000899,0.253390650831017,0,0.418266756295886,0.424167891596856,0,0,0.243327227505771,0,0,0,0.216375288481896,0.326054096221924,0.29037586768967,0,0.256310991942883,0,0.206511273616698,0.323310666548924,0.272663027048111,0.338179874426841,0.314748644828796,0.252581931216624,0,0.204787210179003,0,0.381049758804742,0,0.308926228275805,0,0.279810125448487,0,0.452717643645075,0,0.250220818623922,0.311024207960476,0.406651099871796,0.478531628847122,0.50919482221025,0.292527829607328,0.297975289996403,0.260634294765837,0.424120157957077
0,0,0.159112271453653,0,0.163022505127369,0,0.168933061261972,0,0.163826817274094,0,0,0,0,0,0.164879033962886,0,0,0,0,0,0.234204610004349,0,0,0,0,0,0,0,0,0,0,0,0,0,0,0,0.259991725464519,0,0,0,0.256826404602297,0,0.276599799096584,0,0,0,0,0,0.248900055885315,0,0,0,0.189759030938148,0,0.229581999353,0,0.223028480279736,0,0.193993195039885,0,0.208624623466337,0,0,0.278581686046002,0,0,0,0,0,0,0,0,0,0,0,0,0,0,0,0.288429042181143,0,0,0.184686851475322,0.241679504513741,0.212872387119457,0,0
0,0,0,0.222864493370056,0,0.21456387561137,0,0.197094873889633,0,0,0,0.247575402259827,0,0.218757924437523,0,0,0,0,0.247872233390808,0.176155950488715,0,0,0,0,0,0,0,0,0,0,0,0,0,0,0,0.22253392636776,0,0,0,0,0,0.386748760938644,0,0,0,0.268263041973114,0,0,0.218622647225857,0.243327227505771,0,0,0,0.20924384583687,0,0,0,0.275387371287626,0,0.223810961076192,0,0.231953241504156,0.218111535637743,0,0,0,0,0,0,0,0,0,0,0,0,0,0,0,0.225660996635755,0,0.288013517856598,0,0.18050266432424,0.139741793274879,0.260760922180979,0,0
0,0,0,0,0,0,0.166489578526596,0,0,0,0.136468358337879,0,0.254937559366226,0,0,0,0,0,0,0,0.204042247048131,0,0,0,0,0,0,0,0,0,0,0,0,0,0,0,0,0,0,0,0,0,0,0,0,0,0,0,0,0,0.189759030938148,0,0,0,0,0,0.125128068029881,0,0.257367372512817,0,0,0,0,0.249699883162975,0,0,0,0,0,0,0,0,0,0,0,0,0,0,0,0,0,0,0.140492150758175,0,0,0,0
0,0,0,0,0,0.191292321681976,0,0.21440892297756,0,0,0,0.253867207908295,0,0.141912641850385,0,0,0,0,0,0.146326038986444,0,0,0,0,0,0,0,0,0,0,0,0,0,0,0,0,0,0,0,0,0,0,0,0,0,0,0,0,0,0,0,0.20924384583687,0,0,0,0,0,0.258709942689909,0,0.240989048382976,0,0,0.186352965367191,0,0,0,0,0,0,0,0,0,0,0,0,0,0,0,0,0,0,0,0.147285167127848,0,0.21346141397953,0,0
0.159649736356516,0,0.147649230109048,0,0.139560996687838,0,0,0,0.237382244857152,0,0.298861488699913,0,0,0,0.176637653065355,0,0.193001735806465,0.209815979003906,0.252132182319959,0,0,0,0.190476633608341,0,0.17177140865777,0,0.188176146149635,0,0,0,0,0,0,0,0,0,0,0,0.233805154760679,0,0.268606852740049,0,0.254136145603461,0,0,0,0,0.245807804167271,0.156762710994198,0,0.229581999353,0,0,0,0,0,0.183495432138443,0,0,0,0.222353038601053,0,0,0,0,0.164774015545845,0,0.168342576078747,0,0.172631549391341,0,0,0,0,0,0,0,0,0,0.285836827009916,0,0,0.215738636649026,0,0.197542451591377,0,0
0,0.230917556380684,0,0.171777540429689,0,0.12171575200877,0,0,0,0.259424039659232,0,0,0,0,0,0.121583338119561,0,0.187706511537984,0.233093579610189,0,0,0,0,0.141696707768874,0,0,0,0,0,0,0,0,0,0,0,0.162742376327515,0,0,0,0.221638888120651,0,0.245244021926607,0,0,0,0.207505444685618,0,0.233127251267433,0.237128037959337,0.216375288481896,0,0,0,0,0,0,0.223064467310905,0.26959830224514,0.240731611847878,0,0,0.189517089137525,0,0,0,0,0.13730591237545,0,0,0,0,0,0.291707009077072,0,0,0,0,0,0.238396547734737,0,0,0,0.188733711025932,0.167713782191277,0.231886462691952,0,0
0.352502718567848,0,0.323489806614816,0.257760190046751,0.166612663865089,0.236366396149,0.130090039223433,0,0.283693015575409,0.250623613595963,0.232358659365165,0,0.215120515653065,0,0,0,0.315307919184367,0.276751360722951,0.317455119878343,0,0.262535555822812,0,0.366140305995941,0,0.296988219022751,0,0,0,0,0,0.380916056704363,0,0,0,0,0.255188524723053,0.333631513302336,0,0.225932083028924,0,0.282823003510351,0.258930077155431,0.328918238339841,0,0.272045463323593,0.248579232643048,0.288322328527768,0.340856194496155,0.27195670065236,0.326054096221924,0.223028480279736,0,0.125128068029881,0,0.183495432138443,0.223064467310905,0,0.288679584860802,0.2544415747249,0,0.205873731213311,0,0,0.345993250365176,0,0.409844321700243,0,0,0,0,0,0.376892347284553,0.29934087395668,0.356292827872119,0,0,0,0,0.259675194819768,0.314801908813525,0.278197169303894,0.318199227005243,0.209353365591078,0.321347252527873,0.323869243314118,0.259708821773529,0.351268123596086
0,0.246124485364327,0,0.306620588163277,0,0.273442670702934,0,0.248282053012759,0,0.276520560185115,0,0.242728396488395,0,0.251609169287619,0,0,0,0.30905182659626,0.360517618099326,0.423432916170892,0,0.335965397513726,0,0.285211741924286,0,0,0,0.229793642421026,0,0.215558933615685,0,0,0,0,0,0.249510210539613,0,0.279598012835056,0,0.306571678278294,0,0.327297051761985,0.311405554413795,0.406291401591794,0,0.376231557588962,0.262807786464691,0.315078228712082,0.308443039655685,0.29037586768967,0,0.275387371287626,0,0.258709942689909,0,0.26959830224514,0.288679584860802,0,0.287876933813095,0.240531403197342,0,0.210362154634103,0.345018384696271,0,0.333441280573607,0,0.251106076439222,0,0.244237229875896,0,0.304923607971418,0,0.351011380525854,0,0,0,0,0,0.288936719524138,0,0.285659232842071,0,0.293524750237223,0.397455515606063,0.310863060635443,0.363813430830172,0
0,0,0.209786965408259,0.244128812104464,0.202877581119537,0,0,0,0,0,0.257081603010495,0,0.224346548991485,0,0,0,0.364064395427704,0,0,0,0.279401627214005,0,0,0,0,0,0,0,0.196540588403449,0,0,0,0,0,0,0.293034225702286,0.309643824398518,0,0.255947887897491,0,0.272046455360473,0.261888340115547,0.299089097688275,0,0,0.250545966956351,0.230475311477979,0.292399615049362,0.24638646703235,0,0.193993195039885,0,0.257367372512817,0,0,0.240731611847878,0.2544415747249,0.287876933813095,0,0,0.207326752234654,0,0.235394244392713,0.314787736122913,0,0,0,0,0,0.235855266451836,0,0.248276110381839,0,0,0,0,0,0,0.244948126375675,0.28218803022589,0,0.32107537984848,0.264129384287766,0.297755688428879,0.245915220454748,0,0
0,0.243433313071728,0,0.259768254716288,0,0.203430489253472,0,0.203153143418424,0,0,0,0.240923579563113,0,0.207357204358875,0,0.204573248441403,0,0,0,0,0,0,0,0,0,0,0,0.170102963844935,0,0.233366250991821,0,0,0,0,0,0,0,0.254410773515701,0,0,0,0.253785296082497,0,0,0,0,0,0,0,0.256310991942883,0,0.223810961076192,0,0.240989048382976,0,0,0,0.240531403197342,0,0,0,0.222819008584161,0,0,0,0,0,0,0.232069570571184,0,0.216476224163637,0,0.249722560246785,0,0,0,0,0,0,0,0,0,0.205966797821662,0,0.247451307273459,0,0
0.183396924120277,0,0.157564593725894,0.238272119313478,0.189779341220856,0.221738286316395,0,0,0.183742545456404,0,0,0,0.212036366264025,0,0.181110552801432,0,0.171837022629651,0.196035802364349,0.268585324287415,0,0,0,0.176927206416925,0,0.188273581418585,0,0.162587059129562,0,0,0,0,0,0,0,0,0,0,0,0,0,0.258938007734039,0,0.316666310896044,0,0,0.249939955770969,0.28813773393631,0.259915143251419,0.214186697577437,0,0.208624623466337,0,0,0,0.222353038601053,0,0.205873731213311,0,0.207326752234654,0,0,0,0,0,0,0.187179960665249,0,0.192626227107313,0,0.196533757879073,0,0.247889474034309,0,0,0,0,0,0,0.207884952425957,0.286574192345142,0,0,0.183864967994595,0.167781511114703,0.21835081039489,0,0.217660486698151
0,0.192628296637776,0,0.246118531668488,0,0,0,0,0,0.166993773409298,0,0,0,0.180009145925685,0,0.18776074143232,0,0.163006725809435,0,0,0,0.145887359976768,0,0.161383576691151,0,0.149830941612331,0,0.133257625003656,0,0,0,0,0,0,0,0,0,0.22010163962841,0,0.260999828577042,0,0,0,0,0,0,0,0,0.240955263376236,0.206511273616698,0,0.231953241504156,0,0,0,0.189517089137525,0,0.210362154634103,0,0.222819008584161,0,0,0,0,0,0,0,0,0.189293254344236,0,0.21408599615097,0,0,0,0,0,0,0,0,0,0,0,0.157505050198785,0,0.216328299045563,0,0
0,0,0,0.286913150300582,0,0.2043566139681,0,0.156174771487713,0,0,0,0.344192900939992,0,0,0,0,0.326951970656713,0.292398628261354,0.34132958677682,0.204628514843218,0.330960124731064,0.336778903007507,0,0,0,0,0,0,0,0,0,0,0,0,0,0.210270129424103,0.356462955474854,0.156981107028755,0,0.224435457792775,0.322765022516251,0.330985434753511,0.277157056331635,0.434398197465473,0.320833265781403,0.228634297654302,0.313168942928314,0.285486102104187,0.293048386772474,0.323310666548924,0,0.218111535637743,0,0.186352965367191,0,0,0,0.345018384696271,0.235394244392713,0,0,0,0,0,0,0,0.271476417779922,0,0,0,0.348730355501175,0,0.369755660804609,0,0,0,0,0,0.252505328104275,0.389663875102997,0.247634331799216,0.320115268230438,0.222166266328501,0.353737963438034,0.317745423880509,0.316642612218857,0.236359462141991
