0,0,16.5004145205021,0,0,0,0,0,62.687728613615,0,0,0,0,0,5.25237502157688,0,23.9268223196268,1.82826928794384,86.7403204590082,0,0,0,0,0,0,0,0,0,0,0,0,0,0,0,0,0,0.179643720388412,0,0,0,11.3535492271185,0,29.7818191200495,0,7.66985374689102,0,1.11275804042816,0,63.5815753787756,0,0,0,0,0,8.55061012506485,0,2.20267954468727,0,64.5804782807827,0,34.915194734931,0,0,8.2398975789547,0,0,0,0.604416608810425,0,0,0,0,0,1.05842009186745,0,0,0,0,0,112.024786233902,0,7.56597164273262,178.760977245867,0,541.272733613849,0,1.12354205548763
0,0,0,62.0214983820915,0,0,0,0,0,553.426387310028,0,0,0,0,0,12.1679601669312,0.756251335144043,0.208716422319412,52.3997783660889,0,0,0,0,1.15808749198914,0,0,0,0,0,0,0,0,0,0,0,0,0,1.4853373169899,0,0.828226089477539,0,646.363388955593,0,9.01050877571106,0.172712504863739,0.748608112335205,0.857365444302559,0,0,245.436225429177,0,0,0,0,0,174.593448877335,1.66370725631714,3.29664859175682,0,5.42838901281357,0,35.3095454275608,2.39756512641907,0.459343522787094,0,0,0,0,0,0,0,0,0,0,0,0,0,0,1.16087162494659,4.00402475893497,1.42265188694,0,137.250140681863,2.97708316147327,531.768030531704,58.484403476119,0
16.5004145205021,0,0,0,0,0,0,0,74.9853473603725,0,0,0,0,0,24.817655518651,0,1.58267557621002,0,8.43466675281525,0,0,0,0,0,0,0,0,0,0,0,0,0,0,0,0,0,0.120580412447453,0,0,0,0,0,110.974978201091,0,0.327276289463043,0,0.553425431251526,0,38.6540664359927,0,19.5558895468712,0,0,0,0,0,70.8314395993948,0,4.54121187329292,0,68.3022646009922,0,0,3.21179753541946,0,0,0,0,0,0,0,0,0,9.60177604854107,0,0,0,0,0,7.53847543895245,0,0.181531772017479,82.5779372602701,0,322.889951921999,0,24.3461979329586
0,62.0214983820915,0,0,0,93.6837289631367,0,0,0,17.7285546064377,0,0,0,0,0,0,0,0,3.06704741716385,0,0,0,0,0,0,0,0,0,0,0,0,0,0,0,0,0,0,0,0,0.554460614919662,0,138.489331871271,0,0,0,0,0,0,0,170.123610720038,0,309.74813260138,0,0,0,0,0,70.771766141057,0,18.9934238046408,0,228.669181227684,1.20530565083027,0,0,0,0,0,0,0,0,0,3.01397129893303,0,0,0,0,0,4.11542151868343,0,0.244340047240257,0,108.641890019178,0.59672549366951,259.783754944801,56.1971925497055,0
0,0,0,0,0,0,0,0,27.6562750339508,0,0,0,0.429297536611557,0,1.54795986413956,0,0,0,0,0,26.0262445807457,0,0,0,0,0,0,0,0,0,0,0,0,0,0,0,6.82494574785233,0,0,0,4.42581510543823,0,5.77790248394012,0,0,0,0,0,0,0,66.9480943828821,0,0,0,1,0,4.43144333362579,0,5.73021674156189,0,17.1050102114677,0,0,0,0,0,0,0,0,0,0,0,0,0,0,0,0,0,0,0,0,0,50.7109313011169,2.02411490678787,152.638126954436,0,0
0,0,0,93.6837289631367,0,0,0,0,0,7.01269292831421,0,0,0,0,0,0,0,0,0,0,0,0,0,0,0,0,0,0,0,0,0,0,0,0,0,0,0,0,0,0,0,0,0,0,0,0,0,0,0,9.99479508399963,0,78.6005473732948,0,0,0,0,0,0,0,1,0,0,0,0,0,0,0,0,0,0,0,0,0,0,0,0,0,0,0,0,0,0,131.332698881626,100.055421352386,75.2995736896992,0,0
0,0,0,0,0,0,0,0,0,0,0.961431354284286,0,0,0,0,0,0,0,0,0,0,0,0,0,0,0,0,0,0,0,0,0,0,0,0,0,0,0,0,0,0,0,0,0,0,0,0,0,0,0,0,0,109.286543816328,0,0,0,9.8308277130127,0,0,0,0,0,0,0,0,0,0,0,0,0,0,0,0,0,0,0,0,0,0,0,0,0,10.0942383259535,0.252307415008545,3.35919052362442,0,0
0,0,0,0,0,0,0,0,0,0,0,0,0,0,0,0,0,0,0,0,0,0,0,0,0,0,0,0,0,0,0,0,0,0,0,0,0,0,0,0,0,0,0,0,0,0,0,0,0,0,0,154.061110794544,0,29.1413946151733,0,0,0,127.891895413399,0,20.2483444213867,0,0,0,0,0,0,0,0,0,0,0,0,0,0,0,0,0,0,0,0,0,0,0,0,0,0,0
62.687728613615,0,74.9853473603725,0,27.6562750339508,0,0,0,0,0,0,0,0,0,209.898330017924,0,201.357147350907,8.49142351746559,1.85633951425552,0,0,0,0,0,38.377750813961,0,0,0,0,0,0,0,0,0,0,0,0,0,9.26003557443619,0,0,0,1.91860687732697,0,0,0,0.374958574771881,0,99.5338993221521,0,0,0,0,0,720.436586588621,0,0,0,0,0,167.995851740241,0,0,0,0,0,0,26.2891098558903,0,74.9922418892384,0,0,0,0,0,0,0,0,0,0.140106439590454,0,2.29249435663223,191.41693405807,19.0934012383223,114.501731961966,0,0
0,553.426387310028,0,17.7285546064377,0,7.01269292831421,0,0,0,0,0,0,0,0,0,37.2487549185753,0,20.8316058814526,0,0,0,0,0,12.2795319408178,0,0,0,0,0,0,0,0,0,0,0,0,0,41.5688243657351,0,0,0,16.8762704879045,0,0,0,0,0,0,0,4.41066235303879,0,0,0,0,0,199.264285624027,0,0,0,0,0,30.9486903995275,0,0,0,0,20.5812767148018,0,0,0,0,0,0,0,0,0,0,0,0,0,137.98069755733,0,313.5312435776,40.504974514246,22.5831976979971,0.838667064905167,0
0,0,0,0,0,0,0.961431354284286,0,0,0,0,0,12.5428038239479,0,0,0,0,0,0,0,397.8774523139,0,0,0,0,0,0,0,0,0,2.54813414812088,0,0,0,0,0,151.079664826393,0,632.318320780993,0,0,0,0,0,0,0,0,0,0,0,0,0,206.540861621499,0,0,0,916.655328921974,0,0,0,0,0,0,97.8762831836939,0,0,0,0,0,0,0,0,0,45.9506822526455,0,0,0,0,0,1.50004816055298,0,58.9550833106041,126.457141339779,0,0,0,0
0,0,0,0,0,0,0,0,0,0,0,0,0,39.5041151046753,0,0,0,0,0,189.873073220253,0,0,0,0,0,0,0,0,0,0.32679072022438,0,0,0,0,0,203.197457075119,0,287.830615460873,0,0,0,0,0,0,0,0,0,0,0,0,0,16.3422963321209,0,1.72570300102234,0,0,0,1321.86636343598,0,324.550782442093,0,0,91.776136636734,0,0,0,0,0,0,0,0,0,84.3655398786068,0,0,0,0,0,0.201976656913757,0,0,0,22.0188291072845,0,0,0,0
0,0,0,0,0.429297536611557,0,0,0,0,0,12.5428038239479,0,0,0,1.44721844792366,0,0,0,0,0,0,0,0,0,0,0,0,0,0,0,0,0,0,0,0,0,0,0,0,0,0,0,0,0,0,0,0,0,0,0,0,0,0,0,0,0,5.73443323373795,0,198.931067228317,0,0,0,0,0,0,0,0,0,0,0,0,0,0,0,0,0,0,0,0,0,0,0,79.648707151413,79.7379274368286,0,0,0
0,0,0,0,0,0,0,0,0,0,0,39.5041151046753,0,0,0,0.783571064472198,0,0,0,0,0,0,0,0,0,0,0,8,0,0,0,0,0,0,0,0,0,0,0,0,0,0,0,0,0,0,0,0,0,0,0,2,0,0,0,0,0,0,0,664.959345936775,0,167.12819391489,0,0,0,0,0,0,0,0,0,0,0,0,0,0,0,0,0,0,0,0,95.4923256635666,172.12230026722,0,0,0
5.25237502157688,0,24.817655518651,0,1.54795986413956,0,0,0,209.898330017924,0,0,0,1.44721844792366,0,0,0,8.92824286222458,0,0.368981868028641,0,0,0,0,0,2.30015110969543,0,0,0,0,0,0,0,0,0,0,0,0,0,0,0,0,0,0,0,0,0,0,0,0,0,0,0,0,0,60.9368688315153,0,86.8172897845507,0,35.4491960406303,0,79.7201673388481,0,0,0,0,0,0,0,0,0,0,0,0,0,0,0,0,0,0,0,0,0,19.4534177482128,10.6763836145401,9.09748704731464,0,0
0,12.1679601669312,0,0,0,0,0,0,0,37.2487549185753,0,0,0,0.783571064472198,0,0,0,8.67791357636452,0,0,0,0,0,0,0,0,0,0,0,0,0,0,0,0,0,0,0,0,0,0,0,0,0,0,0,0,0,0,0,0,0,0,0,0,0,114.011615917087,0,0,0,0,0,278.281630039215,0,0,0,0,0,0,0,0,0,0,0,0,0,0,0,0,0,0,0,0,52.4146149009466,27.9954096078873,0,0,0
23.9268223196268,0.756251335144043,1.58267557621002,0,0,0,0,0,201.357147350907,0,0,0,0,0,8.92824286222458,0,0,14870.7110608518,3371.18993766606,0,0,0.891357421875,276.282342791557,23.8383180499077,496.290163710713,0,177.113289892673,0,32.0204669237137,0,0,0,0,0,0,0,0,0,0,20.6383865103126,1.42987689375877,11.2873087525368,12.8766355514526,38.1034444794059,8.94796977937222,0,15.1675395220518,0,0.161495342850685,0,0,0,0,0,10.9772712886333,0,0,0,0,0,37.91733700037,0,6.29476365447044,16.1309919655323,0,1.94379770755768,0,4.8371170759201,0,37.0341032743454,0,0,0,0,0,0,0,0,29.7109740376472,30.1273059099913,0.250185936689377,0,8933.31650984287,1774.34675998986,78.7436595112085,0.751936100423336,3.93123707175255
1.82826928794384,0.208716422319412,0,0,0,0,0,0,8.49142351746559,20.8316058814526,0,0,0,0,0,8.67791357636452,14870.7110608518,0,3511.81190656126,0,0,78.8173539340496,0,127.975504368544,23.5503700226545,53.9535291790962,0,0,0,0,0,0,0,0,0,2.28723168373108,0,0,0,31.216201633215,2.20542567968369,15.4402182549238,1.65769934654236,24.5800585001707,0.983959853649139,0.982312649488449,8.3364550024271,0,0,0,0,0,0,0,0,0,1.99075782299042,0,0,0,0,0,6.90358838438988,4.61509867012501,52.0612495541573,0,19.1872292459011,0,58.7953150272369,0,0,0,0,0,0,0,0,0,19.5233231186867,13.9429007917643,1.51937076449394,0,10171.0345076472,1349.46609915793,55.8597158640623,2.28492853045464,4.3758373260498
86.7403204590082,52.3997783660889,8.43466675281525,3.06704741716385,0,0,0,0,1.85633951425552,0,0,0,0,0,0.368981868028641,0,3371.18993766606,3511.81190656126,0,0,0.202806487679482,0,0,0,1.51435814797878,0,0,0,0,0,0,0,0,0,0,16.4217907115817,13.485023573041,0,0,725.246041417122,247.627716466784,1614.84886993468,600.757492527366,783.778038933873,274.587563306093,37.6021532416344,412.515402317047,8.6814866065979,26.8834176957607,15.9263904839754,0,0.460056304931641,0,0,0,0,19.1892655491829,32.9048270881176,0,0,0,0,85.5734000205994,439.980299502611,0,0,0,0,0,0,0,0,0.765197694301605,1.50626502931118,0,0,0,0,1117.07839100063,1547.58219817281,47.2747807502747,10.3141642957926,3806.34675025195,2.79526630043983,3352.74784281105,167.7326528579,290.1569416821
0,0,0,0,0,0,0,0,0,0,0,189.873073220253,0,0,0,0,0,0,0,0,0,0,0,0,0,0,0,0,0,0,0,0,0,0,0,411.711519241333,0,117.323508858681,0,0,0,6.67852458357811,0,0,0,11.4584295749664,0,0.673617899417877,0,0,0,0.365902245044708,0,0,0,0,0,54.2254939079285,0,0,0,0,1615.23068891466,0,0,0,0,0,0,0,0,0,0,0,0,0,0,0,130.713004872203,0,1.53968644142151,0,163.604954600334,0,42.823603361845,0,0
0,0,0,0,26.0262445807457,0,0,0,0,0,397.8774523139,0,0,0,0,0,0,0,0.202806487679482,0,0,0,0,0,0,0,0,0,0,0,0,0,0,0,0,0,399.405036449432,0,202.855001628399,0,2.00251463055611,0,0.434857249259949,0,0.307718068361282,0,1.15440383553505,0,0,0,38.0993680357933,0,0,0,0,0,222.114590153098,0,0.345889210700989,0,0,0,0,538.974305391312,0,0,0,0,0,0,0,0,0,8.56491816043854,0,0,0,0,0,338.547766730189,0,4.81458353996277,37.0218127965927,0,190.092037662864,0,0
0,0,0,0,0,0,0,0,0,0,0,0,0,0,0,0,0.891357421875,78.8173539340496,0,0,0,0,267.003105223179,100.681781619787,0,215.218986272812,0,3.51312327384949,0,0,0,0,0,0,0,0,0,1268.66782158613,0,0,0,0,0,0,0,0,0,0,0,1.81039768457413,0,0,0,0,0,0.274428963661194,0,0,0,0,0,0,0,0,3853.67447289824,55.967310667038,53.7348955273628,0,80.4625526666641,0,128.394138783216,0,0,0,0,0,0,0,0,0,987.882016152143,0,691.68560539186,4.98317956924438,0,0,0
0,0,0,0,0,0,0,0,0,0,0,0,0,0,0,0,276.282342791557,0,0,0,0,267.003105223179,0,0,0.485817521810532,0,82.0369535684586,0,31.6230802536011,0,0,0,0,0,0,0,0,13.5565571784973,1018.49168485403,0,0,0,0,0,0,0,0,0,56.5163875073195,0,0,0,0,0,0,0,0,0,0,0,0,0,0,0,12.5346029996872,3924.80514656007,0,0,0,12.0695698261261,0,50.3229332268238,0,0,0,0,0,0,0,0,0,286.885563477874,399.80654796958,7.82290554046631,0,0,0
0,1.15808749198914,0,0,0,0,0,0,0,12.2795319408178,0,0,0,0,0,0,23.8383180499077,127.975504368544,0,0,0,100.681781619787,0,0,0,0,0,0,0,0,0,0,0,0,0,0,0,263.200366288424,0,0,0,0,0,0,0,0,0,0,0,0,0,0,0,0,0,104.406728416681,0,0,0,0,0,0,0,0,179.923244416714,0,819.094109892845,0,0,0,0,0,0,0,0,0,0,0,0,0,453.910826101899,0,195.47311847657,1.25850653648376,9.22381326556206,0,0
0,0,0,0,0,0,0,0,38.377750813961,0,0,0,0,0,2.30015110969543,0,496.290163710713,23.5503700226545,1.51435814797878,0,0,0,0.485817521810532,0,0,0,0,0,0,0,0,0,0,0,0,0,0,0,510.674688100815,0,0,0,0,0,0,0,0,0,11.1977896094322,0,0,0,0,0,192.837416440248,0,0,0,0,0,9.8884205520153,0,0,0,0,0,0,79.7440100610256,0,270.605278909206,0,0,0,0,0,0,0,0,0,0,0,262.941401466727,190.085129588842,0,18.4844458699226,0,0
0,0,0,0,0,0,0,0,0,0,0,0,0,0,0,0,0,53.9535291790962,0,0,0,215.218986272812,0,0,0,0,0,40.117945432663,0,0,0,0,0,0,0,0,0,0,0,0,0,0,0,0,0,0,0,0,0,0,0,0,0,0,0,0,0,0,0,0,0,0,0,0,9.18871182203293,0,0.586915850639343,0,152.237108916044,0,0,0,0,0,0,0,0,0,0,0,0,0,0,0,0,0,0
0,0,0,0,0,0,0,0,0,0,0,0,0,0,0,0,177.113289892673,0,0,0,0,0,82.0369535684586,0,0,0,0,0,48.0308868288994,0,0,0,0,0,0,0,0,0,0,0,0,0,0,0,0,0,0,0,0,0,0,0,0,0,0,0,0,0,0,0,0.891637086868286,0,0,0,0,23.0874438285828,0,0,0,78.4334548711777,0,0,0,0,0,0,0,0,0,0,0,0,10.6027729511261,1.43513894081116,0,0,0
0,0,0,0,0,0,0,0,0,0,0,0,0,8,0,0,0,0,0,0,0,3.51312327384949,0,0,0,40.117945432663,0,0,0,94.4781408905983,0,0,0,0,0,0,0,49.635002553463,0,0,0,0,0,0,0,0,0,0,0,0,0,0,0,0,0,0,0,0,0,33.1009531021118,0,0,0,0,25.1230895519257,0,0,0,260.536056697369,0,1936.01261246204,0,67.121954023838,0,0,0,0,0,0,0,8.77615407109261,0,29.7526271939278,330.252162516117,0,0,0
0,0,0,0,0,0,0,0,0,0,0,0,0,0,0,0,32.0204669237137,0,0,0,0,0,31.6230802536011,0,0,0,48.0308868288994,0,0,0,560.273035645485,0,0,0,0,0,0,0,31.1182336807251,0,0,0,0,0,0,0,0,0,0,0,0,0,0,0,0,0,0,0,25.652007818222,0,0,0,0,0,0,1.76688957214355,0,0,0,0.83518922328949,0,627.388450622559,0,189.057911396027,0,0,0,0,0,0,0,26.2337038516998,162.184914708138,5.13571059703827,0,0,0
0,0,0,0,0,0,0,0,0,0,0,0.32679072022438,0,0,0,0,0,0,0,0,0,0,0,0,0,0,0,94.4781408905983,0,0,0,0,0,0,0,0,0,152.494305551052,0,0,0,0,0,0,0,0,0,0,0,0,0,0,0,0,0,0,0,9.68078298866749,0,0,0,0,0,0,0,0,0,0,0,0,235.335583120584,0,559.763530239463,0,0,0,0,0,0,0,18.7212429940701,0,0,0,0,0,0
0,0,0,0,0,0,0,0,0,0,2.54813414812088,0,0,0,0,0,0,0,0,0,0,0,0,0,0,0,0,0,560.273035645485,0,0,0,0,0,0,0,0,0,126.384737432003,0,0,0,0,0,0,0,0,0,0,0,0,0,0,0,0,0,0,0,0,0,0,0,0,0,0,0,0,0,0,0,0,29.1929640769958,0,171.057387843728,0,0,0,0,0,0,0,120.897919535637,9.85582399368286,0,0,0,0
0,0,0,0,0,0,0,0,0,0,0,0,0,0,0,0,0,0,0,0,0,0,0,0,0,0,0,0,0,0,0,0,822.644204899669,0,3,249.469717249274,1.93008315563202,0,0,0,1.25411403179169,0,0,0,0,0,0,1232.09873780608,8.64347106218338,0,0,0,0,0,0,0,0,0,0,0,0,0,0,0,0,0,0,0,0,0,0,0,0,0,744.237862236798,816.680488675833,1.96011796593666,0,183.989381141961,0,0,0,118.381223857403,0,0,0,0
0,0,0,0,0,0,0,0,0,0,0,0,0,0,0,0,0,0,0,0,0,0,0,0,0,0,0,0,0,0,0,822.644204899669,0,0,1.92554181814194,0,277.915886864066,0,0,0.624112248420715,3.38538753986359,0,0,0,0,0,0,1254.40590652823,33.3093302547932,0,0,0,0,0,0,0,0,0,0,0,0,0,0,0,0,0,0,0,0,0,0,0,0,0,29.0175977945328,684.205150693655,0,0,2.37667602300644,25.8214592188597,0,0,457.594478309155,0,0,0,0
0,0,0,0,0,0,0,0,0,0,0,0,0,0,0,0,0,0,0,0,0,0,0,0,0,0,0,0,0,0,0,0,0,0,1142.13020586967,225.080481737852,0,109.304854661226,32.8027884960175,0,0,0,11.4726164191961,0,0,0,0,1338.34955365956,0,0,0,0,0,0,0,0,0,0,0,0,0,0,0,0,0,0,0,0,0,0,0,0,0,0,1.15549826622009,0,1400.3744893074,1021.027605474,123.598384141922,0,348.194379076362,4.57759523391724,186.209032565355,8.40148150920868,8.43110014498234,0,0
0,0,0,0,0,0,0,0,0,0,0,0,0,0,0,0,0,0,0,0,0,0,0,0,0,0,0,0,0,0,0,3,1.92554181814194,1142.13020586967,0,9.28616905212402,524.408094972372,0,176.960430204868,0,0,1.44338178634644,0,0,0,0,0,998.388098090887,0,0,0,0,0,0,0,0,0,0,0,0,0,0,0,0,0,0,0,0,0,0,0,0,0,0,0,0,167.866341769695,1407.1354572773,3.984787940979,248.783020362258,0,195.265066161752,28.2449224293232,0,1.44795948266983,0,0
0,0,0,0,0,0,0,0,0,0,0,203.197457075119,0,0,0,0,0,2.28723168373108,16.4217907115817,411.711519241333,0,0,0,0,0,0,0,0,0,0,0,249.469717249274,0,225.080481737852,9.28616905212402,0,733.301347523928,1923.41930923611,0,4.64970706403255,0,59.6822153553367,13.8609692752361,3.99207623302937,0,244.400737978518,0,223.815912842751,0,18.8323051035404,0,0,0,0,0,0,0,285.792734146118,0,0,0,0,576.845220476389,0,0,0,0,0,0,0,0,0,0,0,130.705842703581,5.99092298746109,508.070084035397,0,17686.1932700202,164.72304444015,333.361633680761,0,2284.57674021274,156.329957187176,109.681941404939,7.13451862335205,1.55529510974884
0.179643720388412,0,0.120580412447453,0,6.82494574785233,0,0,0,0,0,151.079664826393,0,0,0,0,0,0,0,13.485023573041,0,399.405036449432,0,0,0,0,0,0,0,0,0,0,1.93008315563202,277.915886864066,0,524.408094972372,733.301347523928,0,6.31563371419907,2280.1451735273,0,0,0.172008380293846,9.0958868265152,0.677134990692139,5.12040098011494,0,25.8306897580624,148.928102150559,0.768244490027428,0,0,0,0,0,0,0,3.33561547100544,0,0,0,0,0,0,195.637840121984,0,0,0,0,0,0,0,0,0,0,3.45405504107475,348.862862929702,0,91.8003945499659,94.2314890921116,16048.2749703377,0,178.729935504496,2211.07285962999,52.1945105493069,61.977270334959,0,3.12586514651775
0,1.4853373169899,0,0,0,0,0,0,0,41.5688243657351,0,287.830615460873,0,0,0,0,0,0,0,117.323508858681,0,1268.66782158613,13.5565571784973,263.200366288424,0,0,0,49.635002553463,0,152.494305551052,0,0,0,109.304854661226,0,1923.41930923611,6.31563371419907,0,138.766405582428,0,0,0.980896949768066,3.26579487323761,0,0,5.24695821106434,0,853.186194747686,0,127.255773589015,0,0,0,0,0,34.5773108899593,0,128.316282570362,0,0,0,0,23.8746055066586,0,412.119435682893,0,385.265971630812,0,0,0,52.273796081543,0,75.3803697675467,0,0,0,259.275737985969,0,1179.00028353184,0,10524.9161361381,6.0438060760498,2242.33399383724,565.042249321938,73.1958568394184,1.78754958510399,0
0,0,0,0,0,0,0,0,9.26003557443619,0,632.318320780993,0,0,0,0,0,0,0,0,0,202.855001628399,0,1018.49168485403,0,510.674688100815,0,0,0,31.1182336807251,0,126.384737432003,0,0,32.8027884960175,176.960430204868,0,2280.1451735273,138.766405582428,0,0,0,0,0,0,0,0,0,467.646041095257,876.446672856808,0,0,0,0,0,141.851199537516,0,267.566625624895,0,0,0,0,0,0,528.401319250464,0,154.454873800278,0,191.945581257343,0,0.970293879508972,0,8.82251939177513,0,32.9454950690269,0,0,0,403.636095613241,0,1696.8520482704,17.129771053791,9669.75061354786,1789.85530401766,330.627211630344,22.2174380719662,0,0
0,0.828226089477539,0,0.554460614919662,0,0,0,0,0,0,0,0,0,0,0,0,20.6383865103126,31.216201633215,725.246041417122,0,0,0,0,0,0,0,0,0,0,0,0,0,0.624112248420715,0,0,4.64970706403255,0,0,0,0,14.1620720624924,1231.51967532933,1.15698634088039,94.9192930459976,2.26762075722218,56.1609828472137,11.013173609972,214.094304069877,590.747108712792,749.357192531228,0,0,0,0,0,0,0,16.4786361977458,0,0,0,0.519843101501465,36.0196231603622,4.09886230528355,0,0,0,0,0,0,0,0,2.95189303159714,0,0,0,0,0,218.448568060994,5.03143821656704,1.24269065260887,0,78.6041262894869,0,958.544564045966,221.912359192967,0.176498293876648
11.3535492271185,0,0,0,4.42581510543823,0,0,0,0,0,0,0,0,0,0,0,1.42987689375877,2.20542567968369,247.627716466784,0,2.00251463055611,0,0,0,0,0,0,0,0,0,0,1.25411403179169,3.38538753986359,0,0,0,0,0,0,14.1620720624924,0,0.878644794225693,333.214242070913,0.960881173610687,42.4314530044794,0,107.305670127273,166.90523648262,581.664834409952,20.4912578165531,0,0,0,0,0,0,17.6969290524721,0,0,0,0,0,0,54.4636864736676,0,0,0,0,0,0,0,0,0,1.16079246997833,1.2965749502182,0,0,0,0.785133674740791,555.130499690771,1.04370296001434,0,44.3108428940177,0,526.554902628064,0,185.416555486619
0,646.363388955593,0,138.489331871271,0,0,0,0,0,16.8762704879045,0,0,0,0,0,0,11.2873087525368,15.4402182549238,1614.84886993468,6.67852458357811,0,0,0,0,0,0,0,0,0,0,0,0,0,0,1.44338178634644,59.6822153553367,0.172008380293846,0.980896949768066,0,1231.51967532933,0.878644794225693,0,398.710170447826,246.019030183554,3.57905200123787,44.6452296674252,1.99258618056774,676.930064216256,34.4500947296619,1018.2123093307,0,10.0296167135239,0,0,0,0.172244146466255,0,101.527633696795,0,12.2586773633957,0,12.966561883688,191.507659852505,6.53822869062424,0,0,0,0,0,0,0,0,7.56999012827873,0,0,0,0,0,1448.5074108243,9.13104468584061,38.8307197839022,0,1601.41943530738,48.6296030730009,3989.43009477854,690.063654974103,22.1122200489044
29.7818191200495,0,110.974978201091,0,5.77790248394012,0,0,0,1.91860687732697,0,0,0,0,0,0,0,12.8766355514526,1.65769934654236,600.757492527366,0,0.434857249259949,0,0,0,0,0,0,0,0,0,0,0,0,11.4726164191961,0,13.8609692752361,9.0958868265152,3.26579487323761,0,1.15698634088039,333.214242070913,398.710170447826,0,1.18996322154999,70.2014356553555,0,180.066108644009,1137.68463340402,1323.86620900035,65.4568221718073,0.39458093047142,0,0,0,0,0,357.653576314449,0,0,0,0,0,0,209.984951943159,0,0,0,0,0,0,0,0,0,85.3193227648735,0,0,0,0,12.3252442926168,814.248085286468,0,10.5800991654396,1299.97930371016,12.4289577454329,5816.23097201437,3.65531097352505,1612.58071018755
0,9.01050877571106,0,0,0,0,0,0,0,0,0,0,0,0,0,0,38.1034444794059,24.5800585001707,783.778038933873,0,0,0,0,0,0,0,0,0,0,0,0,0,0,0,0,3.99207623302937,0.677134990692139,0,0,94.9192930459976,0.960881173610687,246.019030183554,1.18996322154999,0,2.21650168299675,3.95650112628937,4.23645009100437,0,0,0,0,0,0,0,0,0,3.5630818605423,0,0,0,0,0,23.7067673504353,15.7153612375259,0,0,0,0,0,0,0,0,0,0,0,0,0,0,161.159067764878,15.2381906732917,4.40007504820824,0,95.8615031242371,0,211.034904956818,7.46785515546799,0
7.66985374689102,0.172712504863739,0.327276289463043,0,0,0,0,0,0,0,0,0,0,0,0,0,8.94796977937222,0.983959853649139,274.587563306093,0,0.307718068361282,0,0,0,0,0,0,0,0,0,0,0,0,0,0,0,5.12040098011494,0,0,2.26762075722218,42.4314530044794,3.57905200123787,70.2014356553555,2.21650168299675,0,0,78.2783531248569,0,0.155378833413124,0,0,0,0,0,0,0,0.9068603515625,0,0,0,0,0,0,41.9858224093914,0,0,0,0,0,0,0,0,0,0,0,0,0,0,6.5298457890749,201.30549300462,0,3.8192081451416,150.633863449097,0,136.254486888647,0.485874235630035,13.3717926442623
0,0.748608112335205,0,0,0,0,0,0,0,0,0,0,0,0,0,0,0,0.982312649488449,37.6021532416344,11.4584295749664,0,0,0,0,0,0,0,0,0,0,0,0,0,0,0,244.400737978518,0,5.24695821106434,0,56.1609828472137,0,44.6452296674252,0,3.95650112628937,0,0,0,0,0,1.14561676979065,0,0,0,0,0,0,0,38.5206819102168,0,0,0,0,1323.08543641865,0,0,0,0,0,0,0,0,0,11.8535755425692,0,0,0,0,0,667.886033803225,1.74392509460449,193.710600912571,0,3.02615663409233,0,580.597314082086,0,0
1.11275804042816,0.857365444302559,0.553425431251526,0,0,0,0,0,0.374958574771881,0,0,0,0,0,0,0,15.1675395220518,8.3364550024271,412.515402317047,0,1.15440383553505,0,0,0,0,0,0,0,0,0,0,0,0,0,0,0,25.8306897580624,0,0,11.013173609972,107.305670127273,1.99258618056774,180.066108644009,4.23645009100437,78.2783531248569,0,0,0,0.299636840820312,0.427612692117691,0,0,0,0,0,0,3.6132045686245,0,0,0,0,0,2.20576632022858,514.99666967988,0,0,0,0,0,0,0,0,0,0.744854509830475,0,0,0,0,4.63892030715942,764.615413069725,0,20.0889175832272,133.315509796143,0,233.778937697411,0.656986579298973,8.56416544318199
0,0,0,0,0,0,0,0,0,0,0,0,0,0,0,0,0,0,8.6814866065979,0.673617899417877,0,0,0,0,0,0,0,0,0,0,0,1232.09873780608,1254.40590652823,1338.34955365956,998.388098090887,223.815912842751,148.928102150559,853.186194747686,467.646041095257,214.094304069877,166.90523648262,676.930064216256,1137.68463340402,0,0,0,0,0,4129.04878170788,1319.00798770785,0,0,0,0,0,0,0,0,0,0,0,0,0,0.275768160820007,0,0,0,0,0,0,0,0,0,0,669.433074861765,155.481909811497,11.8585966825485,144.560164302588,1051.23797061294,763.653769209981,17.2103600502014,262.218968808651,2369.10788491368,7.27227310836315,1792.98035097122,2.97509905695915,8.03594596683979
63.5815753787756,0,38.6540664359927,0,0,0,0,0,99.5338993221521,0,0,0,0,0,0,0,0.161495342850685,0,26.8834176957607,0,0,0,56.5163875073195,0,11.1977896094322,0,0,0,0,0,0,8.64347106218338,33.3093302547932,0,0,0,0.768244490027428,0,876.446672856808,590.747108712792,581.664834409952,34.4500947296619,1323.86620900035,0,0.155378833413124,0,0.299636840820312,4129.04878170788,0,937.691297903657,0,0,0,0,83.4467293024063,0,8.55499273538589,0,7.16065999865532,0,29.0579268932343,0,0,3.18826328217983,0,96.6100896596909,0,150.130599409342,0,0.862319082021713,0,32.1189997792244,0,8.7857783138752,21.8233368396759,1.07918989658356,0,0,0,168.058829158545,0,909.44151198864,530.49139521271,0,1611.13912500441,0,6.1673591285944
0,245.436225429177,0,170.123610720038,0,9.99479508399963,0,0,0,4.41066235303879,0,0,0,0,0,0,0,0,15.9263904839754,0,0,1.81039768457413,0,0,0,0,0,0,0,0,0,0,0,0,0,18.8323051035404,0,127.255773589015,0,749.357192531228,20.4912578165531,1018.2123093307,65.4568221718073,0,0,1.14561676979065,0.427612692117691,1319.00798770785,937.691297903657,0,0,2.19805973768234,0,0,0,0,0,63.4385869503021,0,25.6207688748837,0,27.8403844833374,6.31152355670929,0.25769168138504,1.01264713704586,0,0,0,0,0,6.4984233379364,0,0.903640568256378,0,16.6429131627083,0,1.34835612773895,0,602.407055623829,0,58.8141964673996,0,335.271191030741,3.68510057032108,1445.16143544018,141.839545115829,3.01991045475006
0,0,19.5558895468712,0,66.9480943828821,0,0,0,0,0,0,0,0,0,0,0,0,0,0,0,38.0993680357933,0,0,0,0,0,0,0,0,0,0,0,0,0,0,0,0,0,0,0,0,0,0.39458093047142,0,0,0,0,0,0,0,0,0,0,0,0,0,167.758548229933,0,183.964532390237,0,6.98671291768551,0,0,6.64906117320061,0,0,0,0,0,0,0,0,0,0,0,0,0,0,0,0,0,0,0,0,26.6559394747019,0,0
0,0,0,309.74813260138,0,78.6005473732948,0,154.061110794544,0,0,0,16.3422963321209,0,2,0,0,0,0,0.460056304931641,0.365902245044708,0,0,0,0,0,0,0,0,0,0,0,0,0,0,0,0,0,0,0,0,0,10.0296167135239,0,0,0,0,0,0,0,2.19805973768234,0,0,0,54.5509412288666,0,0,0,66.7868190705776,0,29.572366014123,0,39.4828461259604,0.99464738368988,0,0,0,0,0,0,0,0,0,0,0,0,0,0,0,0,0,0,0,21.1201223134995,36.9421352148056,343.1403632164,5.78958277404308,0
0,0,0,0,0,0,109.286543816328,0,0,0,206.540861621499,0,0,0,0,0,0,0,0,0,0,0,0,0,0,0,0,0,0,0,0,0,0,0,0,0,0,0,0,0,0,0,0,0,0,0,0,0,0,0,0,0,0,0,0,0,78.1163016706705,0,0,0,0,0,0,0,0,0,0,0,0,0,0,0,0,0,0,0,0,0,0,0,0,0,21.7996911406517,0,0,0,0
0,0,0,0,0,0,0,29.1413946151733,0,0,0,1.72570300102234,0,0,0,0,0,0,0,0,0,0,0,0,0,0,0,0,0,0,0,0,0,0,0,0,0,0,0,0,0,0,0,0,0,0,0,0,0,0,0,54.5509412288666,0,0,0,0,0,158.059576690197,0,57.6957101821899,0,0,0,0,0,0,0,0,0,0,0,0,0,0,0,0,0,0,0,0,0,0,0,0,0,0,0
8.55061012506485,0,0,0,1,0,0,0,720.436586588621,0,0,0,0,0,60.9368688315153,0,10.9772712886333,0,0,0,0,0,0,0,192.837416440248,0,0,0,0,0,0,0,0,0,0,0,0,0,141.851199537516,0,0,0,0,0,0,0,0,0,83.4467293024063,0,0,0,0,0,0,0,0,0,0,0,150.941299393773,0,0,0,0,0,0,204.663045406342,0,5.55000315606594,0,0,0,0,0,0,0,0,0,0,0,161.63072091341,51.3045403808355,10.0944758355618,88.9128338992596,0,0
0,174.593448877335,0,0,0,0,0,0,0,199.264285624027,0,0,0,0,0,114.011615917087,0,0,0,0,0,0.274428963661194,0,104.406728416681,0,0,0,0,0,0,0,0,0,0,0,0,0,34.5773108899593,0,0,0,0.172244146466255,0,0,0,0,0,0,0,0,0,0,0,0,0,0,0,0,0,0,0,63.5822674483061,0,0,0,0,212.023988217115,0,0,0,0,0,0,0,0,0,0,0,0,0,175.054772779346,0,21.0293021798134,0,3.24034987390041,0,0
2.20267954468727,1.66370725631714,70.8314395993948,0,4.43144333362579,0,9.8308277130127,0,0,0,916.655328921974,0,5.73443323373795,0,86.8172897845507,0,0,1.99075782299042,19.1892655491829,0,222.114590153098,0,0,0,0,0,0,0,0,0,0,0,0,0,0,0,3.33561547100544,0,267.566625624895,0,17.6969290524721,0,357.653576314449,3.5630818605423,0.9068603515625,0,3.6132045686245,0,8.55499273538589,0,167.758548229933,0,78.1163016706705,0,0,0,0,0,580.155128791928,0,66.6833220124245,0,0,968.157266452909,0,0,0,0,0,0,0,0,0,310.736573711038,0,0,0,0,0.551508754491806,108.769629903138,0,18.1225767582655,199.18292863667,0,958.967345699668,0,121.597035482526
0,3.29664859175682,0,70.771766141057,0,0,0,127.891895413399,0,0,0,1321.86636343598,0,0,0,0,0,0,32.9048270881176,54.2254939079285,0,0,0,0,0,0,0,0,0,9.68078298866749,0,0,0,0,0,285.792734146118,0,128.316282570362,0,16.4786361977458,0,101.527633696795,0,0,0,38.5206819102168,0,0,0,63.4385869503021,0,66.7868190705776,0,158.059576690197,0,0,0,0,0,100.108811929822,0,2.41771496832371,276.358226768672,0,0,0,0,0,2.62844622135162,0,125.209107518196,0,228.669025093317,0,0,0,0,0,2.06213074922562,0,11.4266564846039,0,29.0729771703482,3.80044785141945,1122.8690404743,1.44101965427399,0
64.5804782807827,0,4.54121187329292,0,5.73021674156189,0,0,0,0,0,0,0,198.931067228317,0,35.4491960406303,0,0,0,0,0,0.345889210700989,0,0,0,0,0,0,0,25.652007818222,0,0,0,0,0,0,0,0,0,0,0,0,0,0,0,0,0,0,0,7.16065999865532,0,183.964532390237,0,0,0,0,0,580.155128791928,0,0,0,106.904427453876,0,0,0,0,0,0,0,0,0,0,50.0988440513611,0,0,0,0,0,0,0,0,0,0,0,5.08286046981812,27.4813647866249,0,0
0,5.42838901281357,0,18.9934238046408,0,1,0,20.2483444213867,0,0,0,324.550782442093,0,664.959345936775,0,0,0,0,0,0,0,0,0,0,0,0,0,33.1009531021118,0,0,0,0,0,0,0,0,0,0,0,0,0,12.2586773633957,0,0,0,0,0,0,0,25.6207688748837,0,29.572366014123,0,57.6957101821899,0,0,0,100.108811929822,0,0,0,9.48308052122593,0,0,0,0,0,0,2.64416635036469,0,18.355183839798,0,0,0,0,0,0,0,0,0,0,0,109.206738650799,3,19.7152583003044,1.36552777886391,0
34.915194734931,0,68.3022646009922,0,17.1050102114677,0,0,0,167.995851740241,0,0,0,0,0,79.7201673388481,0,37.91733700037,0,0,0,0,0,0,0,9.8884205520153,0,0.891637086868286,0,0,0,0,0,0,0,0,0,0,0,0,0,0,0,0,0,0,0,0,0,29.0579268932343,0,6.98671291768551,0,0,0,150.941299393773,0,66.6833220124245,0,106.904427453876,0,0,0,0,0,0,0,0,12.9877744019032,0,51.6270893663168,0,0,0,0,0,0,0,0,0,0,0,0,61.7062723040581,0,9.18812412023544,0,0.523965656757355
0,35.3095454275608,0,228.669181227684,0,0,0,0,0,30.9486903995275,0,0,0,167.12819391489,0,278.281630039215,0,0,0,0,0,0,0,0,0,0,0,0,0,0,0,0,0,0,0,0,0,0,0,0.519843101501465,0,12.966561883688,0,0,0,0,0,0,0,27.8403844833374,0,39.4828461259604,0,0,0,63.5822674483061,0,2.41771496832371,0,9.48308052122593,0,0,0,0,0,0,0,0,6.66938781738281,0,0,0,0,0,0,0,0,0,0,0,0,0,42.1686456352472,0,28.5397025346756,5.65397275984287,0
0,2.39756512641907,0,1.20530565083027,0,0,0,0,0,0,0,91.776136636734,0,0,0,0,6.29476365447044,6.90358838438988,85.5734000205994,1615.23068891466,0,0,0,0,0,0,0,0,0,0,0,0,0,0,0,576.845220476389,0,23.8746055066586,0,36.0196231603622,0,191.507659852505,0,23.7067673504353,0,1323.08543641865,2.20576632022858,0,0,6.31152355670929,0,0.99464738368988,0,0,0,0,0,276.358226768672,0,0,0,0,0,0,0,0,0,0,0,0,0,0,41.8872385546565,0,0,0,0,0,739.93355627358,1.34481334686279,245.950705558062,0,28.596144542098,0,1692.09851545095,0.108387969434261,0
8.2398975789547,0.459343522787094,3.21179753541946,0,0,0,0,0,0,0,97.8762831836939,0,0,0,0,0,16.1309919655323,4.61509867012501,439.980299502611,0,538.974305391312,0,0,0,0,0,0,0,0,0,0,0,0,0,0,0,195.637840121984,0,528.401319250464,4.09886230528355,54.4636864736676,6.53822869062424,209.984951943159,15.7153612375259,41.9858224093914,0,514.99666967988,0.275768160820007,3.18826328217983,0.25769168138504,6.64906117320061,0,0,0,0,0,968.157266452909,0,0,0,0,0,0,0,0,0,0,0,0,0,0,0,0,113.344219893217,0,0,0,0,2.41229264438152,1483.67164392769,0,166.631385728717,288.926277562976,0,1260.85386557877,0,19.4916984587908
0,0,0,0,0,0,0,0,0,0,0,0,0,0,0,0,0,52.0612495541573,0,0,0,3853.67447289824,12.5346029996872,179.923244416714,0,9.18871182203293,0,25.1230895519257,0,0,0,0,0,0,0,0,0,412.119435682893,0,0,0,0,0,0,0,0,0,0,0,1.01264713704586,0,0,0,0,0,0,0,0,0,0,0,0,0,0,0,0,57.3392541110516,0,102.848436832428,0,113.033464968204,0,0,0,0,0,0,0,0,0,513.175540834665,0,199.462161719799,0,0,0,0
0,0,0,0,0,0,0,0,0,0,0,0,0,0,0,0,1.94379770755768,0,0,0,0,55.967310667038,3924.80514656007,0,0,0,23.0874438285828,0,1.76688957214355,0,0,0,0,0,0,0,0,0,154.454873800278,0,0,0,0,0,0,0,0,0,96.6100896596909,0,0,0,0,0,0,0,0,0,0,0,0,0,0,0,0,0,0,0,0,350.40101839602,0,290.195393756032,0,0,0,0,0,0,0,0,0,144.885053157806,108.506290212274,2,0,0,0
0,0,0,0,0,0,0,0,0,20.5812767148018,0,0,0,0,0,0,0,19.1872292459011,0,0,0,53.7348955273628,0,819.094109892845,0,0.586915850639343,0,0,0,0,0,0,0,0,0,0,0,385.265971630812,0,0,0,0,0,0,0,0,0,0,0,0,0,0,0,0,0,212.023988217115,0,0,0,0,0,0,0,0,57.3392541110516,0,0,0,0,0,0,0,0,0,0,0,0,0,0,0,335.300538524985,0,93.7962931096554,0,158.957898378372,0,0
0.604416608810425,0,0,0,0,0,0,0,26.2891098558903,0,0,0,0,0,0,0,4.8371170759201,0,0,0,0,0,0,0,79.7440100610256,0,0,0,0,0,0,0,0,0,0,0,0,0,191.945581257343,0,0,0,0,0,0,0,0,0,150.130599409342,0,0,0,0,0,204.663045406342,0,0,0,0,0,12.9877744019032,0,0,0,0,0,0,0,0,3.8399011939764,0,0,0,0,0,0,0,0,0,0,0,371.30369143188,53.9492173492908,0,66.4691592752934,0,0
0,0,0,0,0,0,0,0,0,0,0,0,0,0,0,0,0,58.7953150272369,0,0,0,80.4625526666641,0,0,0,152.237108916044,0,260.536056697369,0,0,0,0,0,0,0,0,0,0,0,0,0,0,0,0,0,0,0,0,0,0,0,0,0,0,0,0,0,2.62844622135162,0,2.64416635036469,0,6.66938781738281,0,0,102.848436832428,0,0,0,0,0,201.135558396578,0,0,0,0,0,0,0,0,0,0,0,0,0,0,0,0
0,0,0,0,0,0,0,0,74.9922418892384,0,0,0,0,0,0,0,37.0341032743454,0,0,0,0,0,12.0695698261261,0,270.605278909206,0,78.4334548711777,0,0.83518922328949,0,0,0,0,0,0,0,0,0,0.970293879508972,0,0,0,0,0,0,0,0,0,0.862319082021713,0,0,0,0,0,5.55000315606594,0,0,0,0,0,51.6270893663168,0,0,0,0,350.40101839602,0,3.8399011939764,0,0,0,32.014752343297,0,0,0,0,0,0,0,0,0,0.817836344242096,4.82039779424667,2.37716031074524,0,0,0
0,0,0,0,0,0,0,0,0,0,0,0,0,0,0,0,0,0,0,0,0,128.394138783216,0,0,0,0,0,1936.01261246204,0,235.335583120584,0,0,0,0,0,0,0,52.273796081543,0,0,0,0,0,0,0,0,0,0,0,6.4984233379364,0,0,0,0,0,0,0,125.209107518196,0,18.355183839798,0,0,0,0,113.033464968204,0,0,0,201.135558396578,0,0,0,183.933305323124,0,0,0,0,0,0,0,251.763680785894,0,40.5473167896271,108.281764745712,0,0,0
0,0,0,0,0,0,0,0,0,0,0,0,0,0,0,0,0,0,0,0,0,0,50.3229332268238,0,0,0,0,0,627.388450622559,0,29.1929640769958,0,0,0,0,0,0,0,8.82251939177513,0,0,0,0,0,0,0,0,0,32.1189997792244,0,0,0,0,0,0,0,0,0,50.0988440513611,0,0,0,0,0,0,290.195393756032,0,0,0,32.014752343297,0,0,0,3.86391067504883,0,0,0,0,0,0,0,18.6532995998859,105.23580801487,2,0,0,0
0,0,0,3.01397129893303,0,0,0,0,0,0,0,84.3655398786068,0,0,0,0,0,0,0.765197694301605,0,0,0,0,0,0,0,0,67.121954023838,0,559.763530239463,0,0,0,0,0,0,0,75.3803697675467,0,2.95189303159714,0,7.56999012827873,0,0,0,11.8535755425692,0,0,0,0.903640568256378,0,0,0,0,0,0,0,228.669025093317,0,0,0,0,41.8872385546565,0,0,0,0,0,0,0,183.933305323124,0,0,0,0,0,0,0,0,0,73.8556483387947,0,1.47772973775864,0,96.5907218903303,0,0
1.05842009186745,0,9.60177604854107,0,0,0,0,0,0,0,45.9506822526455,0,0,0,0,0,0,0,1.50626502931118,0,8.56491816043854,0,0,0,0,0,0,0,189.057911396027,0,171.057387843728,0,0,0,0,0,0,0,32.9454950690269,0,1.16079246997833,0,85.3193227648735,0,0,0,0.744854509830475,0,8.7857783138752,0,0,0,0,0,0,0,310.736573711038,0,0,0,0,0,0,113.344219893217,0,0,0,0,0,0,0,3.86391067504883,0,0,0,0,0,0,0,9.22066503763199,0,373.343911662698,77.8113019019365,0,243.130341887474,0,34.6425440609455
0,0,0,0,0,0,0,0,0,0,0,0,0,0,0,0,0,0,0,0,0,0,0,0,0,0,0,0,0,0,0,744.237862236798,29.0175977945328,1.15549826622009,0,130.705842703581,3.45405504107475,0,0,0,1.2965749502182,0,0,0,0,0,0,669.433074861765,21.8233368396759,16.6429131627083,0,0,0,0,0,0,0,0,0,0,0,0,0,0,0,0,0,0,0,0,0,0,0,0,0,73.4941215515137,503.397051826119,0,424.377250745893,0.618772387504578,0,0,54.8041880130768,0,0,0,0
0,0,0,0,0,0,0,0,0,0,0,0,0,0,0,0,0,0,0,0,0,0,0,0,0,0,0,0,0,0,0,816.680488675833,684.205150693655,0,0,5.99092298746109,348.862862929702,0,0,0,0,0,0,0,0,0,0,155.481909811497,1.07918989658356,0,0,0,0,0,0,0,0,0,0,0,0,0,0,0,0,0,0,0,0,0,0,0,0,0,73.4941215515137,0,0,209.936893075705,10.3540676534176,115.101149618626,0,0,725.929855525494,0,0,0,0
0,0,0,0,0,0,0,0,0,0,0,0,0,0,0,0,0,0,0,0,0,0,0,0,0,0,0,0,0,0,0,1.96011796593666,0,1400.3744893074,167.866341769695,508.070084035397,0,259.275737985969,0,0,0,0,0,0,0,0,0,11.8585966825485,0,1.34835612773895,0,0,0,0,0,0,0,0,0,0,0,0,0,0,0,0,0,0,0,0,0,0,0,0,503.397051826119,0,0,215.195647031069,610.802441336215,0,251.032035306096,0,47.4665733575821,0,0,0,0
0,0,0,0,0,0,0,0,0,0,0,0,0,0,0,0,0,0,0,0,0,0,0,0,0,0,0,0,0,0,0,0,0,1021.027605474,1407.1354572773,0,91.8003945499659,0,403.636095613241,0,0,0,0,0,0,0,0,144.560164302588,0,0,0,0,0,0,0,0,0,0,0,0,0,0,0,0,0,0,0,0,0,0,0,0,0,0,0,209.936893075705,215.195647031069,0,0,214.448482066393,0,433.597454980016,49.275884360075,0,0.151123449206352,0,0
0,1.16087162494659,0,4.11542151868343,0,0,0,0,0,0,0,0.201976656913757,0,0,0,0,29.7109740376472,19.5233231186867,1117.07839100063,130.713004872203,0,0,0,0,0,0,0,0,0,0,0,183.989381141961,2.37667602300644,123.598384141922,3.984787940979,17686.1932700202,94.2314890921116,1179.00028353184,0,218.448568060994,0.785133674740791,1448.5074108243,12.3252442926168,161.159067764878,6.5298457890749,667.886033803225,4.63892030715942,1051.23797061294,0,602.407055623829,0,0,0,0,0,0,0.551508754491806,2.06213074922562,0,0,0,0,739.93355627358,2.41229264438152,0,0,0,0,0,0,0,0,0,0,424.377250745893,10.3540676534176,610.802441336215,0,0,121.131571568549,1060.27424246818,0,987.658214680851,64.5166953802109,1590.66712466627,181.361585810781,4.66170674562454
112.024786233902,4.00402475893497,7.53847543895245,0,0,0,0,0,0.140106439590454,0,1.50004816055298,0,0,0,0,0,30.1273059099913,13.9429007917643,1547.58219817281,0,338.547766730189,0,0,0,0,0,0,0,0,0,0,0,25.8214592188597,0,248.783020362258,164.72304444015,16048.2749703377,0,1696.8520482704,5.03143821656704,555.130499690771,9.13104468584061,814.248085286468,15.2381906732917,201.30549300462,1.74392509460449,764.615413069725,763.653769209981,168.058829158545,0,0,0,0,0,0,0,108.769629903138,0,0,0,0,0,1.34481334686279,1483.67164392769,0,0,0,0,0,0,0,0,0,9.22066503763199,0.618772387504578,115.101149618626,0,214.448482066393,121.131571568549,0,0,2523.09243898839,1716.08594822884,2.71483898162842,940.755940493196,2.77614597976208,277.576930649579
0,1.42265188694,0,0.244340047240257,0,0,0,0,0,137.98069755733,0,0,0,0,0,0,0.250185936689377,1.51937076449394,47.2747807502747,1.53968644142151,0,987.882016152143,0,453.910826101899,0,0,0,8.77615407109261,0,18.7212429940701,0,0,0,348.194379076362,0,333.361633680761,0,10524.9161361381,17.129771053791,1.24269065260887,1.04370296001434,38.8307197839022,0,4.40007504820824,0,193.710600912571,0,17.2103600502014,0,58.8141964673996,0,0,0,0,0,175.054772779346,0,11.4266564846039,0,0,0,0,245.950705558062,0,513.175540834665,0,335.300538524985,0,0,0,251.763680785894,0,73.8556483387947,0,0,0,251.032035306096,0,1060.27424246818,0,0,0,472.881324693561,64.5067735016346,253.976271867752,14.1928333640099,0
7.56597164273262,0,0.181531772017479,0,0,0,0,0,2.29249435663223,0,58.9550833106041,0,0,0,0,0,0,0,10.3141642957926,0,4.81458353996277,0,286.885563477874,0,262.941401466727,0,0,0,26.2337038516998,0,120.897919535637,0,0,4.57759523391724,195.265066161752,0,178.729935504496,6.0438060760498,9669.75061354786,0,0,0,10.5800991654396,0,3.8192081451416,0,20.0889175832272,262.218968808651,909.44151198864,0,0,0,0,0,161.63072091341,0,18.1225767582655,0,0,0,0,0,0,166.631385728717,0,144.885053157806,0,371.30369143188,0,0.817836344242096,0,18.6532995998859,0,373.343911662698,0,0,0,433.597454980016,0,2523.09243898839,0,0,375.053761675954,26.2472685575485,31.945309907198,0,16.5321788191795
178.760977245867,137.250140681863,82.5779372602701,108.641890019178,50.7109313011169,131.332698881626,10.0942383259535,0,191.41693405807,313.5312435776,126.457141339779,22.0188291072845,79.648707151413,95.4923256635666,19.4534177482128,52.4146149009466,8933.31650984287,10171.0345076472,3806.34675025195,163.604954600334,37.0218127965927,691.68560539186,399.80654796958,195.47311847657,190.085129588842,0,10.6027729511261,29.7526271939278,162.184914708138,0,9.85582399368286,118.381223857403,457.594478309155,186.209032565355,28.2449224293232,2284.57674021274,2211.07285962999,2242.33399383724,1789.85530401766,78.6041262894869,44.3108428940177,1601.41943530738,1299.97930371016,95.8615031242371,150.633863449097,3.02615663409233,133.315509796143,2369.10788491368,530.49139521271,335.271191030741,0,21.1201223134995,21.7996911406517,0,51.3045403808355,21.0293021798134,199.18292863667,29.0729771703482,0,109.206738650799,61.7062723040581,42.1686456352472,28.596144542098,288.926277562976,199.462161719799,108.506290212274,93.7962931096554,53.9492173492908,0,4.82039779424667,40.5473167896271,105.23580801487,1.47772973775864,77.8113019019365,54.8041880130768,725.929855525494,47.4665733575821,49.275884360075,987.658214680851,1716.08594822884,472.881324693561,375.053761675954,0,3985.89274749905,3402.42157670856,77.1048167198896,150.592458128929
0,2.97708316147327,0,0.59672549366951,2.02411490678787,100.055421352386,0.252307415008545,0,19.0934012383223,40.504974514246,0,0,79.7379274368286,172.12230026722,10.6763836145401,27.9954096078873,1774.34675998986,1349.46609915793,2.79526630043983,0,0,4.98317956924438,7.82290554046631,1.25850653648376,0,0,1.43513894081116,330.252162516117,5.13571059703827,0,0,0,0,8.40148150920868,0,156.329957187176,52.1945105493069,565.042249321938,330.627211630344,0,0,48.6296030730009,12.4289577454329,0,0,0,0,7.27227310836315,0,3.68510057032108,0,36.9421352148056,0,0,10.0944758355618,0,0,3.80044785141945,5.08286046981812,3,0,0,0,0,0,2,0,0,0,2.37716031074524,108.281764745712,2,0,0,0,0,0,0,64.5166953802109,2.71483898162842,64.5067735016346,26.2472685575485,3985.89274749905,0,44.533787868917,6.82342934608459,1.59293240308762
