0,0,5.27872158499325,0,0,0,0,0,7.58395284414291,0,0,0,0,0,0,0,30.5268030166626,41.0405197143555,10.5809787459744,0,27.1666736602783,0,0,0,2.95315861701965,0,0,0,0,0,0,0,0,47.3482856750488,0,0,44.4382362365723,50.3796742757161,0,0,30.4954004439097,49.1353511810303,25.2395668508563,0,0,50.6926193237305,25.5588146527608,0,7.13630125980185,52.4609394073486,0,0,0,0,3.02519234021505,0,14.8914890289307,0,3.64188265800476,0,2.95342022180557,0,0,31.0977687835693,0,0,0,0,0,0,0,0,0,25.0032905578613,0,0,0,0,61.1325531005859,43.8257596333822,48.554027557373,0,7.51614845388289,85.9515914916992,22.8075205892756,0,0
0,0,54.7665519714355,6.0593077391386,0,0,0,0,0,5.90833053862055,0,0,0,0,0,0,0,58.0440254211426,10.5881222316197,0,0,0,0,0,0,0,0,0,0,0,0,0,0,0,0,57.3033866882324,0,0,0,38.5850582122803,0,19.3326226426966,38.7875480651855,0,0,21.6023757283281,0,34.742546081543,43.771484375,10.453410970203,0,0,0,0,0,6.15186670981348,0,17.9437288708157,0,0,0,5.75054597470068,30.7949441054772,0,0,0,0,0,0,0,23.1711781819661,0,25.7458286114082,0,0,0,0,0,30.5078460064131,159.249877929688,32.2273755541035,0,7.70505135474667,0,15.6606583288974,0,0
5.27872158499325,54.7665519714355,0,49.2566986083984,0,0,0,0,3.72303782724867,0,23.7421016693115,0,0,0,0,0,67.5956573486328,0,46.718053817749,0,24.633650154903,0,0,0,0,0,0,0,0,0,0,0,0,0,0,0,65.4038722991943,0,66.710108757019,0,44.6918019294739,0,33.5003292274475,0,0,0,18.8678130346631,53.8063297271729,17.7566358758769,42.5895658220564,9.4815512913924,0,0,0,0,59.8136978149414,21.7751913760082,0,4.86947371231185,0,7.45016656398773,0,0,18.5485313776377,0,0,0,0,0,0,0,0,69.7829742431641,37.1359233856201,0,0,0,0,75.6639709472656,48.0553078697723,0,35.5291381910735,9.86561909881798,30.6984767913818,17.5763035545114,0,18.9916221618652
0,6.0593077391386,49.2566986083984,0,0,0,0,0,0,11.6999002774556,0,0,0,0,0,8.56959577040239,0,0,24.7926902770996,0,0,0,0,0,0,0,0,0,0,0,0,0,0,0,0,11.5413349866867,0,0,0,33.7253026740496,0,36.7735248307387,69.1360473632812,0,0,27.4171068668365,47.6723937988281,0,0,21.5788533687592,0,0,0,0,0,9.68633254701622,52.9368438720703,4.72133486722348,0,4.32013290235312,0,6.85519108916774,14.0655025181017,0,0,0,0,0,0,0,28.8603715896606,0,31.7894803001767,0,0,0,0,54.6003303527832,15.6791828224458,76.4514389038086,40.9404329572405,0,12.9296009689569,25.0585842132568,21.3868115490133,0,0
0,0,0,0,0,0,3.517184100653,0,3.38952994346619,0,0,0,0,0,0,0,0,76.237663269043,0,0,7.33279539009915,0,0,0,0,0,0,0,0,0,0,0,0,0,0,0,61.5862979888916,0,41.3142929077148,0,49.3293190002441,0,49.8529226779938,0,0,0,25.0682589213053,55.2181005477905,49.6480916341146,45.5453262329102,4.24859020738123,0,0,0,0,0,33.2862159729004,0,0,0,4.96939280765509,0,0,13.3688231821413,0,0,0,0,0,0,0,0,0,71.4144515991211,0,0,0,0,0,50.6293850626264,0,43.4570215013292,17.1476892410441,0,36.0600559851703,0,0
0,0,0,0,0,0,0,0,0,5.03011071681976,0,0,0,0,0,3.73983794973608,0,0,0,0,0,0,0,0,0,0,0,0,0,0,0,0,0,0,0,0,0,0,0,0,0,0,0,0,0,0,0,0,0,0,0,2.86827685832977,0,0,0,0,0,9.51626873016357,0,0,0,0,0,0,0,0,0,0,0,0,0,0,0,0,0,0,0,0,0,0,0,0,3.28371128705469,3.36336630933425,9.46844153934055,0,0
0,0,0,0,3.517184100653,0,0,0,0,0,2.87994204248701,0,0,0,0,0,0,0,0,0,0,0,0,0,0,0,0,0,0,0,0,0,0,0,0,0,0,0,0,0,0,0,0,0,0,0,0,0,0,0,4.71815295815468,0,3.42877655858579,0,0,0,3.00253526369731,0,0,0,0,0,0,0,0,0,0,0,0,0,0,0,0,0,0,0,0,0,0,0,0,0,2.81387861569723,0,0,0,0
0,0,0,0,0,0,0,0,0,0,0,0,0,0,0,0,0,0,0,0,0,0,0,0,0,0,0,0,0,0,0,0,0,0,0,0,0,0,0,0,0,0,0,0,0,0,0,0,0,0,0,0,0,2.85511342684428,0,0,0,4.55448042021857,0,0,0,0,0,0,0,0,0,0,0,0,0,0,0,0,0,0,0,0,0,0,0,0,2.95218515396118,0,0,0,0
7.58395284414291,0,3.72303782724867,0,3.38952994346619,0,0,0,0,0,0,0,0,0,4.65389537811279,0,9.52636936732701,35.5094003116383,59.6221523284912,0,0,0,0,0,13.4247616926829,0,17.8622294834682,0,0,0,0,0,0,0,0,0,17.5037670135498,39.8025026321411,43.9743309020996,0,42.872034072876,0,17.6097120788862,0,0,0,34.9439148902893,39.0972112019857,45.5857645670573,45.6705322265625,30.8004283905029,0,0,0,4.47057395276059,54.2988700866699,0,0,0,0,0,0,0,0,66.2370834350586,0,0,0,0,0,0,0,0,0,0,0,0,0,0,53.392017364502,40.7222423553467,30.0351932843526,7.45480338876898,0,8.96510452264315,0,0
0,5.90833053862055,0,11.6999002774556,0,5.03011071681976,0,0,0,0,0,0,0,0,0,4.02814430312106,0,0,24.3578929901123,0,0,0,0,3.93363366874994,0,0,0,0,0,0,0,0,0,23.9555591134464,0,0,0,9.18612576366097,0,49.698247273763,0,27.6607285854863,0,0,0,27.4226303100586,54.7812385559082,0,0,11.7716113726298,0,0,0,0,0,4.6486228353837,0,0,0,0,0,2.95868754386902,0,0,0,0,3.16896812121073,0,0,0,0,0,37.8097276687622,0,0,0,0,0,52.9117383956909,0,10.8715119715964,0,5.48540136259915,6.35084252932976,13.8926052174398,0,0
0,0,23.7421016693115,0,0,0,2.87994204248701,0,0,0,0,0,3.46216671884397,0,0,0,0,0,54.3847153981527,0,3.97787994669195,0,0,0,0,0,0,0,3.79859132248422,0,3.78121626167967,0,0,0,0,0,3.62869574369644,0,5.44732516970284,0,0,0,18.068546295166,0,0,0,9.23598289489746,0,0,0,0,0,2.94677979605538,0,0,0,4.31893273059029,0,3.46079775691032,0,0,0,0,6.77634738286336,0,0,0,0,0,0,0,0,0,0,0,0,0,0,0,4.29478385119603,0,7.67106122104683,3.56617837525997,0,22.7635998725891,0,16.3372030258179
0,0,0,0,0,0,0,0,0,0,0,0,0,5.03861460075003,0,0,0,0,0,4.19113496048697,0,0,0,0,0,0,0,2.82408866286278,0,12.3484343801226,0,0,0,0,0,5.802229740082,0,3.76032656056064,0,0,0,0,0,0,0,0,0,0,0,0,0,0,0,0,0,0,0,4.69502883943634,0,4.05398706065284,0,0,11.0807598842664,0,0,0,0,0,0,0,2.82205545902252,0,8.41309573998054,0,0,0,0,0,7.16579727729162,0,3.87438611144369,0,3.72639543445487,0,5.67705154418945,0,0
0,0,0,0,0,0,0,0,0,0,3.46216671884397,0,0,0,0,0,3.10138951029096,0,0,0,0,0,0,0,0,0,0,0,2.86770033836365,0,0,0,0,0,0,0,0,0,0,0,0,0,0,0,0,0,0,0,0,0,0,0,2.92297550610134,0,0,0,2.95758257373687,0,3.1542853046866,0,0,0,0,0,0,0,0,0,0,0,0,0,0,0,0,0,0,0,0,0,0,0,0,0,0,0,0
0,0,0,0,0,0,0,0,0,0,0,5.03861460075003,0,0,0,2.92616128921509,0,0,0,0,0,0,0,0,0,0,0,0,0,0,0,0,0,0,0,0,0,0,0,0,0,0,0,0,0,0,0,0,0,0,0,0,0,0,0,0,0,0,0,3.04787724358695,0,3.15048025714027,0,0,0,0,0,0,0,0,0,0,0,0,0,0,0,0,0,0,0,0,3.11971964752465,0,0,0,0
0,0,0,0,0,0,0,0,4.65389537811279,0,0,0,0,0,0,0,9.24123632712442,37.489718914032,0,0,0,0,0,0,18.546582698822,0,5.37647825998712,0,4.56846605028425,0,0,0,0,0,0,0,0,0,0,0,0,0,0,0,0,0,0,0,0,0,0,0,0,0,2.74026075998942,0,0,0,3.95656761154532,0,2.97792566906322,0,0,0,0,0,0,0,0,3.68409486386761,0,5.70843458175659,0,0,0,0,0,0,0,0,0,0,6.40097837919717,0,0,0,0
0,0,0,8.56959577040239,0,3.73983794973608,0,0,0,4.02814430312106,0,0,0,2.92616128921509,0,0,0,0,100.821762084961,0,0,0,0,0,0,0,0,0,0,0,0,0,0,0,0,0,0,40.8036766052246,0,42.1831447056362,0,47.0109750270843,0,0,0,37.7527575492859,67.4660339355469,55.4527435302734,0,35.1545093760771,0,0,0,0,0,4.4024104475975,0,46.9276898701986,0,0,0,3.8270583226357,0,0,0,0,0,0,0,0,0,0,37.8707227292268,0,0,0,0,0,54.4133338928223,72.8999099731445,51.3476728711809,0,5.32281044662976,3.10064211644624,41.3543554363829,0,0
30.5268030166626,0,67.5956573486328,0,0,0,0,0,9.52636936732701,0,0,0,3.10138951029096,0,9.24123632712442,0,0,20.1323718761219,24.247144498488,0,54.7755371729533,0,7.16196520215478,0,15.438659114497,0,9.71647962478742,0,5.6154272249957,0,0,0,0,0,0,89.5079605102539,85.3945638868544,49.7023620605469,79.4507776896159,74.5287228837798,65.3668754153781,68.3905319706086,50.533145230157,0,0,64.0170220084812,55.4035020446777,0,61.799232006073,76.8494644165039,63.8355865478516,0,0,0,0,0,59.7351559859056,66.9613494873047,0,0,66.6128082275391,0,69.0889671325684,73.0344146092733,0,6.58059001820428,0,0,0,10.3538879762616,0,0,68.0891803394664,0,0,0,0,0,73.4272594086512,70.8098772872578,76.9355164974108,64.3337173087924,16.1910253498578,11.1858148620679,60.1909216647326,66.4445753097534,47.1257492945744
41.0405197143555,58.0440254211426,0,0,76.237663269043,0,0,0,35.5094003116383,0,0,0,0,0,37.489718914032,0,20.1323718761219,0,19.0389065566858,0,0,4.21340864534957,23.574670014558,3.13641247772364,25.6527896595462,2.93272025244577,34.8922378398754,0,0,0,0,0,0,0,0,82.1367599487305,105.451862335205,0,135.168697357178,64.4597237708233,79.9264116499159,53.9530051846167,69.125465965271,0,0,61.92019182093,71.2355590820312,0,74.6822967529297,69.8091290791829,0,0,0,0,0,0,69.0625953674316,0,0,0,0,0,69.754451751709,71.4643058776855,3.45318415700173,0,0,0,3.67845821380615,0,48.1457862854004,0,62.1987881016087,0,0,0,0,0,66.5854473976092,86.2518033315969,64.3468736605629,84.9543155670166,12.1713384806257,6.57495992833918,62.3498434122636,44.980897200735,0
10.5809787459744,10.5881222316197,46.718053817749,24.7926902770996,0,0,0,0,59.6221523284912,24.3578929901123,54.3847153981527,0,0,0,0,100.821762084961,24.247144498488,19.0389065566858,0,0,43.3811807632446,0,34.9951884746552,5.60223007202148,33.1135806317599,0,48.5812840779622,0,0,0,0,0,0,0,0,62.8957161834275,72.2942203058857,47.3301414489746,90.32892518885,50.0308189948119,50.8915160270397,35.8386266290406,43.4318284674924,13.7159624099731,17.5595680475235,37.3030222163481,37.1690173194522,43.4911241531372,44.8080239729448,39.7716242472331,41.8681831359863,0,0,0,0,0,47.2846929531286,49.2016143798828,0,0,0,0,48.5374437812867,48.346685218811,0,0,0,0,0,0,37.0386991500854,34.3598480224609,34.3468767767083,46.8620109558105,0,0,0,96.53515625,48.1497807836357,57.6406799690565,44.9837452740896,52.618399035233,18.3375812403873,47.3875715255737,37.8466676026662,19.8769162277599,28.7160445360037
0,0,0,0,0,0,0,0,0,0,0,4.19113496048697,0,0,0,0,0,0,0,0,0,0,0,0,0,0,0,0,0,0,0,0,0,0,0,4.35363152842891,0,4.45199120450182,0,0,0,0,0,0,0,0,0,0,0,0,0,14.9554624557495,0,0,0,15.4986872673035,0,8.78388726083856,0,12.2090779410468,0,0,7.37813486978412,0,0,0,0,0,0,0,0,0,0,0,0,0,0,0,5.62812353670597,0,3.91105842590332,0,16.1720931265089,0,6.45031948347349,0,0
27.1666736602783,0,24.633650154903,0,7.33279539009915,0,0,0,0,0,3.97787994669195,0,0,0,0,0,54.7755371729533,0,43.3811807632446,0,0,0,0,0,0,0,0,0,0,0,0,0,0,0,0,0,4.42209303415293,0,8.75027081182787,0,50.5353845596313,54.3239898681641,43.8769561543184,0,0,0,8.89253260082144,76.5066604614258,49.1563587188721,53.9477958679199,9.55085061970404,0,0,0,0,0,11.4423907068041,0,33.1907005310059,0,32.887035369873,0,0,5.27492606883146,0,0,0,0,0,0,0,0,0,80.962028503418,0,0,0,0,0,9.28139183692755,79.6976318359375,8.27933952291806,11.057586382647,0,16.845679493725,0,17.0951516628265
0,0,0,0,0,0,0,0,0,0,0,0,0,0,0,0,0,4.21340864534957,0,0,0,0,4.93105144178545,8.81198384211614,0,0,0,5.6587410569191,0,0,0,0,0,0,0,0,0,6.97543150963991,7.48744649396223,0,0,0,37.6814670562744,0,0,0,0,29.3938007354736,43.8236289978027,7.68902819734631,0,0,0,0,0,0,0,0,0,0,0,0,0,0,4.90802543146784,6.40088069779532,5.48961333919344,0,0,0,5.17665801265023,0,0,0,0,0,0,0,0,0,6.49504599519687,47.9955237252372,4.48178874223896,3.34295052786668,24.2581954755281,0,0
0,0,0,0,0,0,0,0,0,0,0,0,0,0,0,0,7.16196520215478,23.574670014558,34.9951884746552,0,0,4.93105144178545,0,0,4.24860364068544,0,4.61740862716328,0,15.6982431411743,0,0,0,0,0,0,0,0,7.78807210922241,5.55518628096923,0,0,0,0,0,0,0,0,36.1869208017985,8.02606345642445,0,0,0,0,0,0,0,0,0,0,0,0,0,0,0,0,4.3177714505482,0,4.30082370239554,0,4.74138543267888,0,3.78845408088283,0,0,0,0,0,0,0,0,0,5.09944305086308,4.08798130246995,3.40865659280257,17.2075247234768,0,0
0,0,0,0,0,0,0,0,0,3.93363366874994,0,0,0,0,0,0,0,3.13641247772364,5.60223007202148,0,0,8.81198384211614,0,0,0,2.8711998002571,0,0,0,0,0,0,0,0,0,0,0,5.35571441559564,0,0,0,0,0,0,0,0,0,0,0,9.73302070299784,0,0,0,0,0,4.02579940855503,0,0,0,0,0,0,0,0,3.78847317436022,0,3.49194730095437,0,4.9127035273446,0,0,0,0,0,0,0,0,0,0,0,6.50687868175236,0,3.66836091783312,0,8.38592211405436,0,0
2.95315861701965,0,0,0,0,0,0,0,13.4247616926829,0,0,0,0,0,18.546582698822,0,15.438659114497,25.6527896595462,33.1135806317599,0,0,0,4.24860364068544,0,0,0,5.98895356059074,0,0,0,0,0,0,0,0,0,0,0,3.85458141121983,0,0,65.3081970214844,0,0,0,0,0,0,7.11935032858993,0,0,0,0,0,3.86253716395451,0,0,0,0,0,0,0,73.0399856567383,0,0,3.730716978211,0,3.50442744004691,0,4.29138268232346,0,0,0,0,0,0,0,0,70.9531428019206,98.1650161743164,74.3684387207031,4.59803067554127,10.6725978643998,28.0410270690918,6.66987518288872,0,0
0,0,0,0,0,0,0,0,0,0,0,0,0,0,0,0,0,2.93272025244577,0,0,0,0,0,2.8711998002571,0,0,0,0,0,0,0,0,0,0,0,0,0,0,0,0,0,0,0,0,0,0,0,0,0,0,0,0,0,0,0,0,0,0,0,0,0,0,0,0,3.73168852422145,0,2.89005925571709,0,0,0,0,0,0,0,0,0,0,0,0,0,0,0,0,0,0,0,0
0,0,0,0,0,0,0,0,17.8622294834682,0,0,0,0,0,5.37647825998712,0,9.71647962478742,34.8922378398754,48.5812840779622,0,0,0,4.61740862716328,0,5.98895356059074,0,0,0,4.28522289112995,0,0,0,0,0,0,0,0,0,0,0,98.7971878051758,0,0,0,0,0,0,0,0,0,0,0,0,0,0,0,0,0,0,0,0,0,0,0,0,4.94584452168325,0,4.16644817590714,0,3.96779515072257,0,3.56474839846293,0,0,0,0,0,0,0,0,0,0,8.17957210567381,0,0,0,0
0,0,0,0,0,0,0,0,0,0,0,2.82408866286278,0,0,0,0,0,0,0,0,0,5.6587410569191,0,0,0,0,0,0,0,3.06456658114558,0,0,0,0,0,0,0,3.39608092271783,0,0,0,0,0,0,0,0,0,0,0,0,0,0,0,0,0,0,0,0,0,0,0,0,0,0,2.84361433982849,0,0,0,2.89495052610125,0,3.63173735403491,0,0,0,0,0,0,0,0,0,0,0,4.91167990366618,0,0,0,0
0,0,0,0,0,0,0,0,0,0,3.79859132248422,0,2.86770033836365,0,4.56846605028425,0,5.6154272249957,0,0,0,0,0,15.6982431411743,0,0,0,4.28522289112995,0,0,0,3.58747345209122,0,0,0,0,0,0,0,5.66616641021356,0,0,0,0,0,0,0,0,0,0,0,0,0,0,0,0,0,0,0,2.95803214073181,0,0,0,0,0,0,0,0,0,0,4.43487441539764,0,4.41430050853815,0,5.66285806559445,0,0,0,0,0,0,0,9.44817998192527,3.96955927780696,0,0,0,0
0,0,0,0,0,0,0,0,0,0,0,12.3484343801226,0,0,0,0,0,0,0,0,0,0,0,0,0,0,0,3.06456658114558,0,0,0,0,0,0,0,0,0,3.19573800243549,0,0,0,0,0,0,0,0,0,0,0,0,0,0,0,0,0,0,0,6.82928904066695,0,0,0,0,0,0,0,0,0,0,0,0,3.88158796679589,0,3.232424664678,0,0,0,0,0,0,0,3.36968563448998,0,2.99503751595815,0,0,0,0
0,0,0,0,0,0,0,0,0,0,3.78121626167967,0,0,0,0,0,0,0,0,0,0,0,0,0,0,0,0,0,3.58747345209122,0,0,0,0,0,0,0,0,0,3.00852459669113,0,0,0,0,0,0,0,0,0,0,0,0,0,0,0,0,0,2.93500929529017,0,0,0,0,0,0,0,0,0,0,0,0,0,0,3.45123210975102,0,3.93859361298981,0,0,0,0,0,0,0,5.20008593797684,2.90684684239901,0,0,0,0
0,0,0,0,0,0,0,0,0,0,0,0,0,0,0,0,0,0,0,0,0,0,0,0,0,0,0,0,0,0,0,0,3.08249653302706,2.78181872367859,0,3.07797971838399,10.7574169158936,0,0,0,0,0,0,0,0,0,0,4.12852118171264,0,0,0,0,0,0,0,0,0,0,0,0,0,0,0,0,0,0,0,0,0,0,0,0,0,0,3.83294482207377,10.6813181096857,3.16755032539368,0,9.12913937480361,14.2323892471638,0,0,3.24937106452155,0,0,0,0
0,0,0,0,0,0,0,0,0,0,0,0,0,0,0,0,0,0,0,0,0,0,0,0,0,0,0,0,0,0,0,3.08249653302706,0,3.85940975802285,16.7990845785551,10.8469397340502,4.34793719402334,0,0,0,0,0,0,0,0,0,0,5.37736987883083,0,10.397310256958,0,0,0,0,0,0,0,0,0,0,0,0,0,0,0,0,0,0,0,0,0,0,0,0,3.44152801148843,8.88378795497438,0,19.5206866292228,15.9856307632045,22.7704057509761,0,0,4.25903399275621,0,0,0,0
47.3482856750488,0,0,0,0,0,0,0,0,23.9555591134464,0,0,0,0,0,0,0,0,0,0,0,0,0,0,0,0,0,0,0,0,0,2.78181872367859,3.85940975802285,0,3.89701553584101,3.11186384048659,0,7.19648989964658,13.5289772050134,0,0,0,21.0146131515503,0,0,0,0,5.81216855069511,24.4906517489926,4.70431713263194,0,0,0,0,0,23.7518813307856,0,0,0,0,0,0,0,0,0,0,17.6420836448669,0,0,0,0,0,0,0,3.55506499290466,6.01209712028503,4.18944569112389,5.34385403785212,4.14753263745989,0,5.81572204113007,27.3172746486765,4.87576495136049,0,22.9202671051025,0,0
0,0,0,0,0,0,0,0,0,0,0,0,0,0,0,0,0,0,0,0,0,0,0,0,0,0,0,0,0,0,0,0,16.7990845785551,3.89701553584101,0,49.4055080413818,5.37696003946719,23.8865957260132,7.33771670173196,0,66.7682266235352,0,0,0,0,0,0,7.06739572795624,3.64823623137041,23.1536914157329,0,0,0,0,0,0,0,0,0,0,0,0,0,0,0,0,0,0,0,0,0,0,0,0,0,17.7171165489632,8.39158418414357,5.36774031841092,18.6865602493286,16.4911818577083,25.3523609080213,7.24459089173211,4.51373737205159,2.8936843244653,30.991003036499,0,73.2555847167969
0,57.3033866882324,0,11.5413349866867,0,0,0,0,0,0,0,5.802229740082,0,0,0,0,89.5079605102539,82.1367599487305,62.8957161834275,4.35363152842891,0,0,0,0,0,0,0,0,0,0,0,3.07797971838399,10.8469397340502,3.11186384048659,49.4055080413818,0,6.10787084711578,7.96231379387874,0,22.295023727417,0,59.9994235992432,0,0,0,43.2743241882324,23.392541885376,5.77927403000818,0,28.5551828284013,0,16.5315777460734,0,0,0,18.5569556309627,0,10.5565823665885,0,14.9547909940227,0,16.113671252602,14.4892360506799,0,0,0,0,0,0,0,0,0,0,0,4.46799256425155,22.9497040235079,3.72682670752207,49.6961936950684,6.4351097192252,5.79513265753667,14.3231418957272,0,6.43329206090416,4.89152263678037,19.6871673413893,32.9753532409668,0
44.4382362365723,0,65.4038722991943,0,61.5862979888916,0,0,0,17.5037670135498,0,3.62869574369644,0,0,0,0,0,85.3945638868544,105.451862335205,72.2942203058857,0,4.42209303415293,0,0,0,0,0,0,0,0,0,0,10.7574169158936,4.34793719402334,0,5.37696003946719,6.10787084711578,0,0,7.7821366890547,0,79.2761131695339,128.010833740234,73.8080502995905,0,48.358129119873,79.0990028381348,33.414009541796,8.14038249447112,55.7824618523581,46.1580931923606,21.3095646517617,0,0,0,0,0,15.4232140392452,0,21.2981951577323,0,71.4941469828288,0,0,7.75984416884396,0,0,0,0,0,0,0,0,107.450073242188,102.344505310059,0,5.68499820837703,0,6.69721178103682,8.890283658145,7.44274469071832,110.289211273193,9.68520771330603,9.84010205878129,6.26163459462444,32.997588648268,0,41.8539878443668
50.3796742757161,0,0,0,0,0,0,0,39.8025026321411,9.18612576366097,0,3.76032656056064,0,0,0,40.8036766052246,49.7023620605469,0,47.3301414489746,4.45199120450182,0,6.97543150963991,7.78807210922241,5.35571441559564,0,0,0,3.39608092271783,0,3.19573800243549,0,0,0,7.19648989964658,23.8865957260132,7.96231379387874,0,0,13.5622366406748,0,0,9.78666412129122,24.725076675415,0,0,44.5543193817139,0,8.30307904593522,26.9726159638221,6.5971187695213,0,0,0,0,0,11.4288033685147,0,5.40385925347411,0,0,0,0,14.2728226832797,0,8.72050663007272,42.661495753697,6.52656289519068,0,0,0,4.40144679546356,0,3.97029670149879,0,0,0,4.86733858841132,26.1943283081055,10.3380394118617,0,6.37574784715255,31.4909493342582,6.59722845398066,4.88459333919343,23.3336286713166,0,0
0,0,66.710108757019,0,41.3142929077148,0,0,0,43.9743309020996,0,5.44732516970284,0,0,0,0,0,79.4507776896159,135.168697357178,90.32892518885,0,8.75027081182787,7.48744649396223,5.55518628096923,0,3.85458141121983,0,0,0,5.66616641021356,0,3.00852459669113,0,0,13.5289772050134,7.33771670173196,0,7.7821366890547,13.5622366406748,0,0,77.7898059421115,92.9878845214844,7.92186150925883,0,24.5391941070557,0,16.2681709054398,10.2260337136818,6.43331663564033,37.503111001217,72.056396484375,0,0,0,3.49996836561906,0,7.27397415328161,0,0,0,0,0,0,10.6000949112635,0,7.4343313634635,0,4.34340452241354,0,0,0,7.51983111783078,0,3.17280761400859,0,33.5664901733398,8.65685844421387,7.18630227852951,152.033981323242,16.5238192914785,16.2606447818233,5.27025056042549,7.07316134940796,9.57593609889348,12.4625598668146,0,57.5169334411621
0,38.5850582122803,0,33.7253026740496,0,0,0,0,0,49.698247273763,0,0,0,0,0,42.1831447056362,74.5287228837798,64.4597237708233,50.0308189948119,0,0,0,0,0,0,0,0,0,0,0,0,0,0,0,0,22.295023727417,0,0,0,0,83.3931770324707,22.9456837554986,72.4818878173828,39.1165199279785,0,31.4258733977442,145.215621948242,0,0,13.0704244088244,0,0,0,0,0,43.0831578063965,0,43.809352238973,0,35.5479583740234,0,42.3285552130805,55.47242475439,0,0,0,0,0,0,0,50.7170352935791,0,55.1941259124062,0,0,0,0,0,14.5841653885455,103.18802134196,46.5142051081621,0,42.1333996920082,0,17.2667787302023,17.7993960827589,65.3722534179688
30.4954004439097,0,44.6918019294739,0,49.3293190002441,0,0,0,42.872034072876,0,0,0,0,0,0,0,65.3668754153781,79.9264116499159,50.8915160270397,0,50.5353845596313,0,0,0,0,0,98.7971878051758,0,0,0,0,0,0,0,66.7682266235352,0,79.2761131695339,0,77.7898059421115,83.3931770324707,0,69.5172326829698,25.8505992572516,0,0,72.3336846033732,12.1772256022943,50.1498293195452,19.4273697036718,55.450349908126,51.6420029670961,0,0,0,0,0,43.954665066766,0,50.7933959960938,0,48.5781696026142,0,87.4940776824951,27.8585778858229,0,0,0,0,0,0,0,0,97.6257057189941,33.6075556959425,0,0,0,0,91.0049022806102,49.163410621973,92.8176671346029,53.2508218944073,42.1799209947004,45.2114633832659,28.2317118989919,82.155818939209,28.360363735093
49.1353511810303,19.3326226426966,0,36.7735248307387,0,0,0,0,0,27.6607285854863,0,0,0,0,0,47.0109750270843,68.3905319706086,53.9530051846167,35.8386266290406,0,54.3239898681641,0,0,0,65.3081970214844,0,0,0,0,0,0,0,0,0,0,59.9994235992432,128.010833740234,9.78666412129122,92.9878845214844,22.9456837554986,69.5172326829698,0,17.4449613415278,17.6881856918335,0,24.0557909288842,65.7001342773438,13.6152661187308,24.3365372249058,23.5109542575611,74.9165115356445,0,0,0,0,30.7954498620614,0,19.975187411483,0,49.3129081726074,0,40.8304261539293,28.2853174106309,57.8997230529785,0,0,14.3334503173828,0,0,0,22.834018539738,0,23.2549418640988,0,0,0,0,0,22.9433214711945,86.4803379603795,25.1283098427873,65.5918072594537,22.6944019212505,37.1569671630859,16.0906416792447,12.1633559143732,0
25.2395668508563,38.7875480651855,33.5003292274475,69.1360473632812,49.8529226779938,0,0,0,17.6097120788862,0,18.068546295166,0,0,0,0,0,50.533145230157,69.125465965271,43.4318284674924,0,43.8769561543184,37.6814670562744,0,0,0,0,0,0,0,0,0,0,0,21.0146131515503,0,0,73.8080502995905,24.725076675415,7.92186150925883,72.4818878173828,25.8505992572516,17.4449613415278,0,0,0,60.6807861328125,45.636532889965,17.7629225912847,12.2024223254816,26.7550929083544,53.3585247259874,0,0,0,0,40.3394818987165,18.4155816688612,0,44.8127710819244,0,41.1956951434796,46.1533813476562,0,25.5896698397433,0,0,28.4710397720337,0,0,0,89.228645324707,0,58.8458366394043,15.4190409718728,0,0,21.3356580734253,0,99.5225296020508,39.3508460032736,39.4249452352524,36.45727186492,29.2089308554282,40.9794859290123,18.6986091409322,0,9.03377006579471
0,0,0,0,0,0,0,0,0,0,0,0,0,0,0,0,0,0,13.7159624099731,0,0,0,0,0,0,0,0,0,0,0,0,0,0,0,0,0,0,0,0,39.1165199279785,0,17.6881856918335,0,0,0,0,0,0,0,0,0,0,0,0,0,0,0,0,0,0,0,0,0,0,0,0,0,0,0,0,0,0,0,0,0,0,0,0,0,0,0,0,0,0,4.51581051770379,0,0
0,0,0,0,0,0,0,0,0,0,0,0,0,0,0,0,0,0,17.5595680475235,0,0,0,0,0,0,0,0,0,0,0,0,0,0,0,0,0,48.358129119873,0,24.5391941070557,0,0,0,0,0,0,0,0,0,0,0,0,0,0,0,0,0,0,0,0,0,0,0,0,0,0,0,0,0,0,0,0,0,0,0,0,0,0,0,0,39.0130784511566,0,26.7144746780396,26.0721082687378,0,19.9730453491211,0,0
50.6926193237305,21.6023757283281,0,27.4171068668365,0,0,0,0,0,27.4226303100586,0,0,0,0,0,37.7527575492859,64.0170220084812,61.92019182093,37.3030222163481,0,0,0,0,0,0,0,0,0,0,0,0,0,0,0,0,43.2743241882324,79.0990028381348,44.5543193817139,0,31.4258733977442,72.3336846033732,24.0557909288842,60.6807861328125,0,0,0,35.4419951719396,0,0,30.8649159431458,0,0,0,0,0,34.3818194071452,0,38.4338623046875,0,0,41.2319183349609,37.7587604522705,12.1219060981659,52.5386510576521,0,0,0,0,0,0,0,0,41.2313569110373,0,0,0,0,0,15.619078505164,59.9195817800669,42.8281410041365,54.6061401367188,30.4768530305826,0,23.3269555752342,58.6205558776855,0
25.5588146527608,0,18.8678130346631,47.6723937988281,25.0682589213053,0,0,0,34.9439148902893,54.7812385559082,9.23598289489746,0,0,0,0,67.4660339355469,55.4035020446777,71.2355590820312,37.1690173194522,0,8.89253260082144,0,0,0,0,0,0,0,0,0,0,0,0,0,0,23.392541885376,33.414009541796,0,16.2681709054398,145.215621948242,12.1772256022943,65.7001342773438,45.636532889965,0,0,35.4419951719396,0,55.9659136817569,41.0395037667793,40.9169026869762,27.4627677031926,0,0,0,0,59.6108779907227,15.6596055145035,0,21.3068831761678,0,24.3967827067656,0,73.9598007202148,7.07169569808565,0,0,0,0,0,0,0,0,68.7411117553711,56.5319419588361,0,0,0,59.9571170806885,82.227468363444,17.1495865493973,74.0634002685547,17.1033727720882,23.9916984434728,31.4682426452637,19.2615148048547,0,0
0,34.742546081543,53.8063297271729,0,55.2181005477905,0,0,0,39.0972112019857,0,0,0,0,0,0,55.4527435302734,0,0,43.4911241531372,0,76.5066604614258,29.3938007354736,36.1869208017985,0,0,0,0,0,0,0,0,4.12852118171264,5.37736987883083,5.81216855069511,7.06739572795624,5.77927403000818,8.14038249447112,8.30307904593522,10.2260337136818,0,50.1498293195452,13.6152661187308,17.7629225912847,0,0,0,55.9659136817569,0,12.1751193815348,12.790558576032,63.5351003011068,0,0,0,0,26.5666446685791,70.8416915893555,0,61.3717994689941,0,0,0,0,63.1806663513184,27.9828491210938,30.3105317629301,22.7062330245972,0,0,0,0,0,0,0,7.43077728945401,6.79743238351419,7.83762997817847,8.63288887238171,8.14986975393171,9.54580840718889,12.0988173452052,13.878400985228,14.2867713117449,41.6524116516113,12.6726024577255,0,72.4823608398438
7.13630125980185,43.771484375,17.7566358758769,0,49.6480916341146,0,0,0,45.5857645670573,0,0,0,0,0,0,0,61.799232006073,74.6822967529297,44.8080239729448,0,49.1563587188721,43.8236289978027,8.02606345642445,0,7.11935032858993,0,0,0,0,0,0,0,0,24.4906517489926,3.64823623137041,0,55.7824618523581,26.9726159638221,6.43331663564033,0,19.4273697036718,24.3365372249058,12.2024223254816,0,0,0,41.0395037667793,12.1751193815348,0,24.5059845290533,50.8388613594903,0,0,0,0,45.076050567627,36.2835948399135,0,20.5436257719994,0,6.79498385632132,0,0,44.5111200968424,48.2346115112305,9.26442372103332,38.866535949707,5.2744678957909,0,0,0,2.78022691181728,0,14.0598929393582,0,0,23.9331633134322,14.5897651116053,39.7360674540202,34.1507272405757,27.9866867707326,6.82062266767025,22.6176418309278,33.2899993062019,17.5641099354622,0,30.3024638782848
52.4609394073486,10.453410970203,42.5895658220564,21.5788533687592,45.5453262329102,0,0,0,45.6705322265625,11.7716113726298,0,0,0,0,0,35.1545093760771,76.8494644165039,69.8091290791829,39.7716242472331,0,53.9477958679199,7.68902819734631,0,9.73302070299784,0,0,0,0,0,0,0,0,10.397310256958,4.70431713263194,23.1536914157329,28.5551828284013,46.1580931923606,6.5971187695213,37.503111001217,13.0704244088244,55.450349908126,23.5109542575611,26.7550929083544,0,0,30.8649159431458,40.9169026869762,12.790558576032,24.5059845290533,0,49.8156694932417,0,0,0,0,44.6541205501556,55.4805179172092,15.7102754061563,47.4986000061035,4.56100826080029,50.7921358744303,7.97286586094063,21.8590350151062,47.2785900115967,6.68325375334213,0,4.11720517855972,0,3.43685443798701,0,17.5305576154164,0,26.9252985235046,0,7.67715316283994,0,7.46512750542682,23.2558153275521,8.10907181122304,60.5884033537259,15.3800547807867,30.5167174455596,18.1633505996373,27.6239016106788,16.8712457162674,18.7868986129761,60.4933776855469
0,0,9.4815512913924,0,4.24859020738123,0,4.71815295815468,0,30.8004283905029,0,0,0,0,0,0,0,63.8355865478516,0,41.8681831359863,0,9.55085061970404,0,0,0,0,0,0,0,0,0,0,0,0,0,0,0,21.3095646517617,0,72.056396484375,0,51.6420029670961,74.9165115356445,53.3585247259874,0,0,0,27.4627677031926,63.5351003011068,50.8388613594903,49.8156694932417,0,0,3.65673750638962,0,0,0,30.5985728104909,0,3.55564585013732,0,5.0581450270648,0,0,12.2483693064906,0,0,0,0,0,0,0,0,0,74.334888458252,0,0,0,0,81.9710159301758,35.1812275343163,0,43.7566944215356,26.6432401941851,46.6116269429525,18.4370894915872,0,30.9312553405762
0,0,0,0,0,2.86827685832977,0,0,0,0,0,0,0,0,0,0,0,0,0,14.9554624557495,0,0,0,0,0,0,0,0,0,0,0,0,0,0,0,16.5315777460734,0,0,0,0,0,0,0,0,0,0,0,0,0,0,0,0,0,0,0,0,0,7.18373107910156,0,0,0,0,0,0,0,0,0,0,0,0,0,0,0,0,0,0,0,0,19.0451799120222,0,0,0,7.06733431286282,0,8.37707051363858,0,0
0,0,0,0,0,0,3.42877655858579,0,0,0,2.94677979605538,0,2.92297550610134,0,0,0,0,0,0,0,0,0,0,0,0,0,0,0,0,0,0,0,0,0,0,0,0,0,0,0,0,0,0,0,0,0,0,0,0,0,3.65673750638962,0,0,0,0,0,3.30878961963571,0,0,0,0,0,0,0,0,0,0,0,0,0,0,0,0,0,0,0,0,0,0,0,0,0,3.0445290406545,0,0,0,0
0,0,0,0,0,0,0,2.85511342684428,0,0,0,0,0,0,0,0,0,0,0,0,0,0,0,0,0,0,0,0,0,0,0,0,0,0,0,0,0,0,0,0,0,0,0,0,0,0,0,0,0,0,0,0,0,0,0,0,0,3.20354471887861,0,2.75262093544006,0,0,0,0,0,0,0,0,0,0,0,0,0,0,0,0,0,0,0,0,0,0,0,0,0,0,0
3.02519234021505,0,0,0,0,0,0,0,4.47057395276059,0,0,0,0,0,2.74026075998942,0,0,0,0,0,0,0,0,0,3.86253716395451,0,0,0,0,0,0,0,0,0,0,0,0,0,3.49996836561906,0,0,0,0,0,0,0,0,0,0,0,0,0,0,0,0,0,0,0,0,0,0,0,0,0,0,0,0,3.74350092170435,0,0,0,0,0,0,0,0,0,0,0,0,0,4.14948579427358,10.2423991976362,0,3.98905186219649,0,0
0,6.15186670981348,59.8136978149414,9.68633254701622,0,0,0,0,54.2988700866699,4.6486228353837,0,0,0,0,0,4.4024104475975,0,0,0,15.4986872673035,0,0,0,4.02579940855503,0,0,0,0,0,0,0,0,0,23.7518813307856,0,18.5569556309627,0,11.4288033685147,0,43.0831578063965,0,30.7954498620614,40.3394818987165,0,0,34.3818194071452,59.6108779907227,26.5666446685791,45.076050567627,44.6541205501556,0,0,0,0,0,0,0,13.0680285215378,0,3.13911587397258,0,3.3097046028484,19.3519630432129,0,0,0,4.27689874506442,0,0,0,0,0,37.2562828063965,0,0,0,0,0,28.1305697514461,0,9.19812420111935,60.5864486694336,21.0562138485186,33.1956977844238,21.514801214912,0,0
14.8914890289307,0,21.7751913760082,52.9368438720703,33.2862159729004,0,3.00253526369731,0,0,0,4.31893273059029,0,2.95758257373687,0,0,0,59.7351559859056,69.0625953674316,47.2846929531286,0,11.4423907068041,0,0,0,0,0,0,0,0,0,2.93500929529017,0,0,0,0,0,15.4232140392452,0,7.27397415328161,0,43.954665066766,0,18.4155816688612,0,0,0,15.6596055145035,70.8416915893555,36.2835948399135,55.4805179172092,30.5985728104909,0,3.30878961963571,0,0,0,0,0,3.77140091387731,0,23.8352164427439,0,114.33039855957,6.3488593069137,0,0,0,0,0,0,0,0,93.9460296630859,14.6376393267087,0,0,0,0,93.9818649291992,49.9337946778984,74.0357055664062,28.5386491072805,28.8109042252671,49.4229850769043,15.8093379217342,0,17.0070776137095
0,17.9437288708157,0,4.72133486722348,0,9.51626873016357,0,4.55448042021857,0,0,0,4.69502883943634,0,0,0,46.9276898701986,66.9613494873047,0,49.2016143798828,8.78388726083856,0,0,0,0,0,0,0,0,0,6.82928904066695,0,0,0,0,0,10.5565823665885,0,5.40385925347411,0,43.809352238973,0,19.975187411483,0,0,0,38.4338623046875,0,0,0,15.7102754061563,0,7.18373107910156,0,3.20354471887861,0,13.0680285215378,0,0,0,4.48184797517185,0,6.83157300949097,9.17096217665903,0,0,0,0,0,0,0,6.61384547566905,0,7.31069429469837,0,0,0,0,0,15.5928346608334,0,5.23125729755479,0,16.6840622275026,0,9.3881522125623,15.4811792373657,0
3.64188265800476,0,4.86947371231185,0,0,0,0,0,0,0,3.46079775691032,0,3.1542853046866,0,3.95656761154532,0,0,0,0,0,33.1907005310059,0,0,0,0,0,0,0,2.95803214073181,0,0,0,0,0,0,0,21.2981951577323,0,0,0,50.7933959960938,0,44.8127710819244,0,0,0,21.3068831761678,61.3717994689941,20.5436257719994,47.4986000061035,3.55564585013732,0,0,0,0,0,3.77140091387731,0,0,0,3.41957979382209,0,0,14.2352983826085,0,0,0,0,0,0,0,3.48345539916275,0,0,0,0,0,0,0,26.0692878591603,84.3666229248047,0,21.5700068473816,43.3806037902832,9.47868338704625,0,0
0,0,0,4.32013290235312,0,0,0,0,0,0,0,4.05398706065284,0,3.04787724358695,0,0,0,0,0,12.2090779410468,0,0,0,0,0,0,0,0,0,0,0,0,0,0,0,14.9547909940227,0,0,0,35.5479583740234,0,49.3129081726074,0,0,0,0,0,0,0,4.56100826080029,0,0,0,2.75262093544006,0,3.13911587397258,0,4.48184797517185,0,0,0,2.86918811798096,12.2799911499023,0,0,0,0,0,0,0,0,0,0,0,0,0,0,0,17.5096723238627,0,0,0,18.0114334919015,0,6.91418496200017,0,0
2.95342022180557,0,7.45016656398773,0,4.96939280765509,0,0,0,0,0,0,0,0,0,2.97792566906322,0,66.6128082275391,0,0,0,32.887035369873,0,0,0,0,0,0,0,0,0,0,0,0,0,0,0,71.4941469828288,0,0,0,48.5781696026142,0,41.1956951434796,0,0,41.2319183349609,24.3967827067656,0,6.79498385632132,50.7921358744303,5.0581450270648,0,0,0,0,0,23.8352164427439,0,3.41957979382209,0,0,0,0,27.5952415466309,0,0,0,0,0,2.73944330215454,0,0,0,26.1699848175049,0,0,0,0,0,51.8579552261918,0,41.4043006896973,27.0760126467104,0,37.5793331885824,0,0
0,5.75054597470068,0,6.85519108916774,0,0,0,0,0,2.95868754386902,0,0,0,3.15048025714027,0,3.8270583226357,0,0,0,0,0,0,0,0,0,0,0,0,0,0,0,0,0,0,0,16.113671252602,0,0,0,42.3285552130805,0,40.8304261539293,46.1533813476562,0,0,37.7587604522705,0,0,0,7.97286586094063,0,0,0,0,0,3.3097046028484,0,6.83157300949097,0,2.86918811798096,0,0,38.5792831420898,0,0,0,3.26477793284825,0,2.95764143650348,0,34.9793033599854,0,36.6006665663286,0,0,0,0,0,22.1111709527802,0,41.3689796447754,0,15.8331135493427,5.23827114105225,17.3485020430012,0,0
0,30.7949441054772,0,14.0655025181017,0,0,0,0,0,0,0,11.0807598842664,0,0,0,0,69.0889671325684,69.754451751709,48.5374437812867,7.37813486978412,0,0,0,0,73.0399856567383,0,0,0,0,0,0,0,0,0,0,14.4892360506799,0,14.2728226832797,0,55.47242475439,87.4940776824951,28.2853174106309,0,0,0,12.1219060981659,73.9598007202148,0,0,21.8590350151062,0,0,0,0,0,19.3519630432129,114.33039855957,9.17096217665903,0,12.2799911499023,0,38.5792831420898,0,83.3125152587891,0,0,0,0,0,0,19.4382473468781,0,22.3370231730924,0,0,0,0,0,16.9528548960878,89.0664749145508,26.0307294028716,0,35.9573934907005,0,15.6876191684803,57.5174102783203,0
31.0977687835693,0,18.5485313776377,0,13.3688231821413,0,0,0,0,0,6.77634738286336,0,0,0,0,0,73.0344146092733,71.4643058776855,48.346685218811,0,5.27492606883146,0,0,0,0,0,0,0,0,0,0,0,0,0,0,0,7.75984416884396,0,10.6000949112635,0,27.8585778858229,57.8997230529785,25.5896698397433,0,0,52.5386510576521,7.07169569808565,63.1806663513184,44.5111200968424,47.2785900115967,12.2483693064906,0,0,0,0,0,6.3488593069137,0,14.2352983826085,0,27.5952415466309,0,83.3125152587891,0,0,0,0,0,0,0,0,0,0,31.9967314004898,0,0,0,0,0,10.0780931692457,0,9.62181361998327,33.9832881402798,31.1771850585938,11.4896446331919,0,17.618903986613
0,0,0,0,0,0,0,0,66.2370834350586,0,0,0,0,0,0,0,0,3.45318415700173,0,0,0,4.90802543146784,0,3.78847317436022,0,3.73168852422145,0,2.84361433982849,0,0,0,0,0,0,0,0,0,8.72050663007272,0,0,0,0,0,0,0,0,0,27.9828491210938,48.2346115112305,6.68325375334213,0,0,0,0,0,0,0,0,0,0,0,0,0,0,0,0,5.20071434454106,0,0,0,5.64003499687141,0,0,0,0,0,0,0,0,0,8.08324019059882,56.9822654724121,6.31601303193107,2.73828339576721,17.8870870272319,0,0
0,0,0,0,0,0,0,0,0,0,0,0,0,0,0,0,6.58059001820428,0,0,0,0,6.40088069779532,4.3177714505482,0,3.730716978211,0,4.94584452168325,0,0,0,0,0,0,0,0,0,0,42.661495753697,7.4343313634635,0,0,0,0,0,0,0,0,30.3105317629301,9.26442372103332,0,0,0,0,0,0,0,0,0,0,0,0,0,0,0,0,0,0,4.54195106471026,0,5.87305262883504,0,0,0,0,0,0,0,0,0,0,0,5.53383042793425,5.14479683355619,0,23.3395047468298,0,0
0,0,0,0,0,0,0,0,0,3.16896812121073,0,0,0,0,0,0,0,0,0,0,0,5.48961333919344,0,3.49194730095437,0,2.89005925571709,0,0,0,0,0,0,0,17.6420836448669,0,0,0,6.52656289519068,0,0,0,14.3334503173828,28.4710397720337,0,0,0,0,22.7062330245972,38.866535949707,4.11720517855972,0,0,0,0,0,4.27689874506442,0,0,0,0,0,3.26477793284825,0,0,5.20071434454106,0,0,0,4.31753286737681,0,0,0,0,0,0,0,0,0,0,0,7.36521484343278,45.9770164489746,9.8459131404607,0,7.29241580155588,0,0
0,0,0,0,0,0,0,0,0,0,0,0,0,0,0,0,0,0,0,0,0,0,4.30082370239554,0,3.50442744004691,0,4.16644817590714,0,0,0,0,0,0,0,0,0,0,0,4.34340452241354,0,0,0,0,0,0,0,0,0,5.2744678957909,0,0,0,0,0,3.74350092170435,0,0,0,0,0,0,0,0,0,0,4.54195106471026,0,0,0,3.76767712169223,0,0,0,0,0,0,0,0,0,0,0,4.74045825747058,2.84649324417114,0,6.87880154277967,0,0
0,0,0,0,0,0,0,0,0,0,0,0,0,0,0,0,0,3.67845821380615,0,0,0,0,0,4.9127035273446,0,0,0,2.89495052610125,0,0,0,0,0,0,0,0,0,0,0,0,0,0,0,0,0,0,0,0,0,3.43685443798701,0,0,0,0,0,0,0,0,0,0,0,2.95764143650348,0,0,0,0,4.31753286737681,0,0,0,0,0,0,0,0,0,0,0,0,0,0,0,0,0,0,0,0
0,0,0,0,0,0,0,0,0,0,0,0,0,0,3.68409486386761,0,10.3538879762616,0,0,0,0,0,4.74138543267888,0,4.29138268232346,0,3.96779515072257,0,4.43487441539764,0,0,0,0,0,0,0,0,0,0,0,0,0,0,0,0,0,0,0,0,0,0,0,0,0,0,0,0,0,0,0,2.73944330215454,0,0,0,0,5.87305262883504,0,3.76767712169223,0,0,0,4.34557867050171,0,0,0,0,0,0,0,0,0,0,14.4001473903656,0,0,0,0
0,23.1711781819661,0,28.8603715896606,0,0,0,0,0,0,0,2.82205545902252,0,0,0,0,0,48.1457862854004,37.0386991500854,0,0,5.17665801265023,0,0,0,0,0,3.63173735403491,0,3.88158796679589,0,0,0,0,0,0,0,4.40144679546356,0,50.7170352935791,0,22.834018539738,89.228645324707,0,0,0,0,0,0,17.5305576154164,0,0,0,0,0,0,0,6.61384547566905,0,0,0,34.9793033599854,19.4382473468781,0,5.64003499687141,0,0,0,0,0,0,0,5.4931270785448,0,0,0,0,0,49.4375368754069,0,3.78859473529615,0,17.7157959086554,0,19.9523671726128,16.5914287567139,0
0,0,0,0,0,0,0,0,0,0,0,0,0,0,5.70843458175659,0,0,0,34.3598480224609,0,0,0,3.78845408088283,0,0,0,3.56474839846293,0,4.41430050853815,0,3.45123210975102,0,0,0,0,0,0,0,7.51983111783078,0,0,0,0,0,0,0,0,0,2.78022691181728,0,0,0,0,0,0,0,0,0,3.48345539916275,0,0,0,0,0,0,0,0,0,0,4.34557867050171,0,0,0,4.81316556653445,0,0,0,0,0,0,0,4.46250174111183,2.85533654689789,0,0,0,0
0,25.7458286114082,69.7829742431641,31.7894803001767,0,0,0,0,0,37.8097276687622,0,8.41309573998054,0,0,0,37.8707227292268,68.0891803394664,62.1987881016087,34.3468767767083,0,0,0,0,0,0,0,0,0,0,3.232424664678,0,0,0,0,0,0,107.450073242188,3.97029670149879,0,55.1941259124062,97.6257057189941,23.2549418640988,58.8458366394043,0,0,41.2313569110373,68.7411117553711,0,0,26.9252985235046,0,0,0,0,0,37.2562828063965,93.9460296630859,7.31069429469837,0,0,0,36.6006665663286,22.3370231730924,0,0,0,0,0,0,0,5.4931270785448,0,0,0,0,0,0,0,45.4377743653737,97.1211929321289,8.96031331553043,80.6495269775391,25.5240862776194,0,22.7498578081271,17.7323959032694,52.4718589782715
25.0032905578613,0,37.1359233856201,0,71.4144515991211,0,0,0,0,0,0,0,0,0,0,0,0,0,46.8620109558105,0,80.962028503418,0,0,0,0,0,0,0,5.66285806559445,0,3.93859361298981,0,0,0,0,0,102.344505310059,0,3.17280761400859,0,33.6075556959425,0,15.4190409718728,0,0,0,56.5319419588361,0,14.0598929393582,0,74.334888458252,0,0,0,0,0,14.6376393267087,0,0,0,26.1699848175049,0,0,31.9967314004898,0,0,0,0,0,0,0,4.81316556653445,0,0,0,0,0,0,0,63.7713896433512,0,3.99713658627277,42.7387010317582,0,10.8228779122546,0,18.4917219924927
0,0,0,0,0,0,0,0,0,0,0,0,0,0,0,0,0,0,0,0,0,0,0,0,0,0,0,0,0,0,0,3.83294482207377,3.44152801148843,3.55506499290466,0,4.46799256425155,0,0,0,0,0,0,0,0,0,0,0,7.43077728945401,0,7.67715316283994,0,0,0,0,0,0,0,0,0,0,0,0,0,0,0,0,0,0,0,0,0,0,0,0,0,0,3.34224015910451,0,21.7419814220145,16.3343358039856,0,0,3.95491542777077,0,9.79725488026937,0,0
0,0,0,0,0,0,0,0,0,0,0,0,0,0,0,0,0,0,0,0,0,0,0,0,0,0,0,0,0,0,0,10.6813181096857,8.88378795497438,6.01209712028503,17.7171165489632,22.9497040235079,5.68499820837703,0,33.5664901733398,0,0,0,0,0,0,0,0,6.79743238351419,0,0,0,0,0,0,0,0,0,0,0,0,0,0,0,0,0,0,0,0,0,0,0,0,0,0,0,0,21.3967456817627,12.7475629846855,18.4876274297267,22.0987456419587,0,0,5.48174842423008,0,0,0,0
0,0,0,0,0,0,0,0,0,0,0,0,0,0,0,0,0,0,0,0,0,0,0,0,0,0,0,0,0,0,0,3.16755032539368,0,4.18944569112389,8.39158418414357,3.72682670752207,0,4.86733858841132,8.65685844421387,0,0,0,21.3356580734253,0,0,0,0,7.83762997817847,23.9331633134322,7.46512750542682,0,0,0,0,0,0,0,0,0,0,0,0,0,0,0,0,0,0,0,0,0,0,0,0,3.34224015910451,21.3967456817627,0,22.9844685161815,3.2751014417815,0,4.11539082872324,26.4437359080595,7.94984920004494,0,14.1180359976632,0,0
0,0,0,54.6003303527832,0,0,0,0,0,0,0,0,0,0,0,0,0,0,96.53515625,0,0,0,0,0,0,0,0,0,0,0,0,0,19.5206866292228,5.34385403785212,5.36774031841092,49.6961936950684,6.69721178103682,26.1943283081055,7.18630227852951,0,0,0,0,0,0,0,59.9571170806885,8.63288887238171,14.5897651116053,23.2558153275521,0,0,0,0,0,0,0,0,0,0,0,0,0,0,0,0,0,0,0,0,0,0,0,0,0,12.7475629846855,22.9844685161815,0,28.5975896661932,31.3060447532938,27.6250230244228,6.97576842163548,6.32713307857513,33.2888031005859,24.5468528747559,0,0
61.1325531005859,30.5078460064131,75.6639709472656,15.6791828224458,0,0,0,0,0,52.9117383956909,0,7.16579727729162,0,0,0,54.4133338928223,73.4272594086512,66.5854473976092,48.1497807836357,5.62812353670597,0,0,0,0,70.9531428019206,0,0,0,0,0,0,9.12913937480361,15.9856307632045,4.14753263745989,18.6865602493286,6.4351097192252,8.890283658145,10.3380394118617,152.033981323242,14.5841653885455,91.0049022806102,22.9433214711945,99.5225296020508,0,0,15.619078505164,82.227468363444,8.14986975393171,39.7360674540202,8.10907181122304,81.9710159301758,19.0451799120222,0,0,0,28.1305697514461,93.9818649291992,15.5928346608334,0,17.5096723238627,0,22.1111709527802,16.9528548960878,0,0,0,0,0,0,0,49.4375368754069,0,45.4377743653737,0,21.7419814220145,18.4876274297267,3.2751014417815,28.5975896661932,0,19.2242727647359,15.3131709685177,100.792793273926,27.4853783925675,6.77947837511698,23.4412559409805,29.027545838129,101.295341491699
