0,0,32.4544219821692,0,0,0,0,0,413.39838129282,0,0,0,0,0,0,0,17.7976647019386,0,102.830973625183,0,0,0,0,0,0,0,0,0,0,0,0,0,0,0,0,0.792026817798615,5.05490460246801,0,0,0,2.96283167600632,0,264.751597598195,0,0,0,0.945920407772064,0,60.6514765918255,0,1.53618860244751,0,0,0,365.871957719326,0,4.25710025429726,0,1.16875872015953,0,1.6123548746109,0,0,2.58062267303467,0,0,0,0,0,0,0,0.217407688498497,0,20.8928766399622,0,0,0,0,0,17.5737629085779,0,5.97333803772926,122.053060159087,0,270.745373308659,0,0.718650698661804
0,0,0,37.7209688127041,0,0,0,0,0,727.51262614131,0,0,0,0,0,37.2307308316231,4.37094958126545,4.1879643201828,57.0357684642076,0.131188899278641,0,0,0,0,0,0,0,0,0,0,0,0,0,0,0,41.0303818807006,0.155171602964401,19.1442814916372,0,5.89997075498104,0.273452937602997,1602.49461010844,1.92662526667118,8.1646109521389,0,32.9785220772028,2.58392983675003,0,0,422.147983521223,0,0,0,0,0,15.2526871114969,0.240347921848297,9.82395441830158,0,0,0,176.821456342936,3.78504875302315,0,0,0,0.986064791679382,0,51.0106526762247,0,0,0,97.853950470686,0,0,0,0,0,64.584415525198,5.00453037023544,25.1660710126162,0,431.518437445164,12.6034345701337,1187.0589492768,1.64311510324478,0
32.4544219821692,0,0,0,156.876157194376,0,0,0,121.906941443682,0,0,0,0,0,0,0,6.41120782494545,2.78468883037567,1.70853814482689,0,0.479624137282372,0,0,0,0,0,0,0,0,0,0,0,0,0,0,1.80395984649658,66.1891577243805,0,0,0,30.5335636734962,0,163.1804009974,0,1.32397420704365,1.08394968509674,25.3127572089434,0,89.5225687325001,0,294.284822493792,0,0,0,337.730032280087,0,51.1116681993008,0,46.6475352048874,0,24.3567145466805,0,0,2.78126026690006,0,0,0,0,0,0,0,0.305659890174866,0,29.7699033766985,0,0,0,0,1.31895910203457,40.7935991287231,0,0.856997177004814,225.240822583437,0,381.667503520846,0,3.73437924683094
0,37.7209688127041,0,0,0,180.333402276039,0,0,0,410.710725769401,0,0,0,0,0,18.0555195808411,5.38724032044411,4.18886651098728,44.9950115531683,76.9742645025253,0,0,0,0,0,0,0,0,0,0,0,0,0,0,0,126.876149222255,1.33620864152908,0,0,11.94339607656,1.68564423918724,143.091207966208,1.31461834907532,22.5161207541823,0.409333676099777,106.605590879917,1.14924451708794,0,0,56.3265093117952,0,161.764755964279,0,0,0,436.093788176775,0,0.927521154284477,0,0,0,37.0146407783031,97.542253062129,0,0,0,0,0,0,0,0,0,39.9450871050358,0,0,0,0,0,229.623628146946,0.400660261511803,14.8932321071625,0,682.426776349545,34.4988321959972,786.824044719338,0.310420423746109,0
0,0,156.876157194376,0,0,0,0,0,4,0,0,0,0,0,0,0,0,0,0,0,0,0,0,0,0,0,0,0,0,0,0,0,0,0,0,0,40.9648576676846,0,0,0,4.92283666133881,0,2.60541926324368,0,0,0,2.53774705529213,0,1.81366114318371,0,178.76278629899,0,0,0,4.18535351753235,0,85.3553609848022,0,7.55454930663109,0,19.1482690870762,0,0,0,0,0,0,0,0,0,0,0,0,3.0225924551487,0,0,0,0,0.507943972945213,0.724763512611389,0,0,296.494247108698,22.4503551721573,81.5579593628645,0,0
0,0,0,180.333402276039,0,0,0,69.8745240271091,0,0.447481542825699,0,0,0,0,0,4.26339995861053,0,0,0,0,0,0,0,0,0,0,0,0,0,0,0,0,0,0,0,51.5010932683945,0,0,0,0,0,0,0,0,0,0,0,0,0,0,0,594.457390427589,0,20.375151515007,0,3.86421218514442,0,1.16431879997253,0,10.5680534243584,0,21.3685800433159,0,0,0,0,0,0,0,0,0,0,0,0,0,0,0,0,7.45215356349945,0,0,0,666.495461761951,59.7363511174917,2.56139808893204,0,0
0,0,0,0,0,0,0,0,0,0,36.1459193229675,0,17.9699776172638,0,0,0,0,0,0,0,0,0,0,0,0,0,0,0,0,0,0,0,0,0,0,0,0,0,0,0,0,0,0,0,0,0,0,0,0,0,0,0,41.4358830451965,0,0,0,140.935195565224,0,17.0766139030457,0,0,0,0,0,0,0,0,0,0,0,0,0,0,0,0,0,0,0,0,0,0,0,135.720570802689,0,0,0,0
0,0,0,0,0,69.8745240271091,0,0,0,0,0,0,0,0,0,0,0,0,0,0,0,0,0,0,0,0,0,0,0,0,0,0,0,0,0,129.636564791203,0,0,0,0,0,0,0,0,0,0,0,0,0,0,0,7.06803920865059,0,34.0937488079071,0,0,0,1,0,42.2843635380268,0,0,0,0,0,0,0,0,0,0,0,0,0,0,0,0,0,0,5.09349669516087,0,0,0,151.330546289682,22.6044609546661,0,0,0
413.39838129282,0,121.906941443682,0,4,0,0,0,0,0,0,0,0,0,9.66149961948395,0,0,0,1.70399382710457,0,0,0,0,0,2.9265655875206,0,0,0,0,0,0,0,0,0,0,0,0.88610477745533,0,6.2902917265892,0,0,0,84.8378037512302,0,0,0,0.192728355526924,0,37.7647727280855,0,0,0,0,0,636.517179131508,0,10.034416243434,0,4.62329456210136,0,3.49551773071289,0,0,0.140183597803116,0,0,0,66.976095020771,0,1.9614759683609,0,0,0,9.05916973948479,0,0,0,0,0,0.305033177137375,0,6.57579234242439,247.270912885666,243.42978233099,278.598899647593,0,5.98373585939407
0,727.51262614131,0,410.710725769401,0,0.447481542825699,0,0,0,0,0,0,0,0,0,111.459874093533,0.95385879278183,9.19887971878052,32.6824094504118,0,0,0,0,263.254393011332,0,0,0,0,0,0,0,0,0,0,0,1.5786660015583,0,112.79777829349,0,1.53923250734806,0,170.027406826615,0.389559358358383,8.82335835695267,1.33581006526947,5.77398054301739,1.63061720132828,0,0,24.065611153841,0,0,0,0,0,453.156568408012,0,0,0,0,0,41.8932775706053,0.378238216042519,0,0,0,100.314772903919,0,0,0,0,0,18.3872323036194,0,0,0,0,0,6.87253646552563,0.218950256705284,16.0564567297697,0,695.111520722508,68.3988043516874,229.554772689939,0.642567217350006,0
0,0,0,0,0,0,36.1459193229675,0,0,0,0,0,3,0,0,0,0,0,0,0,47.1339981555939,0,0,0,0,0,0,0,0,0,25.3600100278854,0,0,0,0,0,65.7688269019127,0,252.337808787823,0,0,0,0,0,0,0,0,0,0,0,0,0,0,0,0,0,1212.77360740304,0,205.325418114662,0,0,0,0,7.21177452802658,0,0,0,0,0,0,0,0,0,0,0,0,0,0,0,5.04155707359314,0,0,395.645442485809,22.4177551269531,0.127354145050049,0,0
0,0,0,0,0,0,0,0,0,0,0,0,0,386.06155526638,0,0,0,0,0,123.256857275963,0,0,0,0,0,0,0,0,0,0,0,0,0,0,0,517.919009298086,0,789.252159684896,0,0,0,0,0,0,0,0.25882562994957,0,0,0,0,0,0,0,0,0,0,0,2782.15207827091,0,63.8113028407097,0,0,95.8635758757591,0,0,0,0,0,0,0,0,0,397.524035304785,0,0,0,0,0,50.1700049340725,0,72.6175207048655,0,813.889415040612,155.853720068932,2.95903606712818,0,0
0,0,0,0,0,0,17.9699776172638,0,0,0,3,0,0,0,0,0,0,0,0,0,0,0,0,0,0,0,0,0,0,0,0,0,0,0,0,0,0,0,0,0,0,0,0,0,0,0,0,0,0,0,0,0,0,0,0,0,97.8592149615288,0,64.3549685776234,0,0,0,0,0,0,0,0,0,0,0,0,0,0,0,0,0,0,0,0,0,0,0,23.4220342636108,0,0,0,0
0,0,0,0,0,0,0,0,0,0,0,386.06155526638,0,0,0,0,0,4.80394816398621,0,0,0,0,0,0,0,0,0,59.1702952980995,0,0,0,0,0,0,0,0,0,0,0,0,0,0,0,0,0,0,0,0,0,0,0,0,0,13.1042761206627,0,0,0,89.7047881186008,0,1377.26740810275,0,0,0,0,0,0,0,0,0,0,13.8425681591034,0,0,0,0,0,0,0,0,0,0,0,201.548331856728,355.866025924683,0,0,0
0,0,0,0,0,0,0,0,9.66149961948395,0,0,0,0,0,0,0,0,0,0,0,0,0,0,0,0,0,0,0,0,0,0,0,0,0,0,0,0,0,0,0,0,0,0,0,0,0,0,0,0,0,0,0,0,0,0,0,0,0,0.964381277561188,0,96.4340784549713,0,0,0,0,0,0,0,0,0,0,0,0,0,0,0,0,0,0,0,0,0,0.84084814786911,47.0713288187981,0,0,0
0,37.2307308316231,0,18.0555195808411,0,4.26339995861053,0,0,0,111.459874093533,0,0,0,0,0,0,0,2.69260647892952,0,0,0,0,0,85.0390654057264,0,0.622057795524597,0,0,0,0,0,0,0,0,0,0,0,0,0,0,0,0,0,0,0,0,0,0,0,82.9545959830284,0,4.89084166288376,0,0,0,100.512032166123,0,42.5475227236748,0,15.4456460475922,0,268.687582790852,0,0,0,0,0.848567232489586,0,2.97634923458099,0,0,0,1.20317542552948,0,0,0,0,0,0,0,0,0,114.271569207311,45.2353498339653,0.459421128034592,0,0
17.7976647019386,4.37094958126545,6.41120782494545,5.38724032044411,0,0,0,0,0,0.95385879278183,0,0,0,0,0,0,0,13892.3687871546,4626.81754203886,0,0,0,226.24937723577,0,239.041507959366,0,558.309995993972,0,0,0,0,0,0,0,2.37882924079895,58.0909230262041,106.503951050341,0,0,35.2706973254681,91.3806393146515,64.1847037822008,70.3240847736597,26.2833779454231,30.6198130398989,178.468440622091,272.434856258333,0,0.475419834256172,0.608036562800407,0,0,0,0,0,0,12.9531000554562,0,0,0,0,0,9.61329492926598,13.7360179275274,0,0,0,0,0,0,0,0,0,72.4808928817511,0,0,0,0,180.64892218262,231.111594207585,34.4527952522039,8.16641707718372,8253.19618985057,160.43049891293,453.693940639496,9.26741553843021,26.0733380168676
0,4.1879643201828,2.78468883037567,4.18886651098728,0,0,0,0,0,9.19887971878052,0,0,0,4.80394816398621,0,2.69260647892952,13892.3687871546,0,3058.15727008879,0,0,180.099723935127,5.87477716803551,31.955486446619,20.6426771581173,335.510140657425,18.0379578769207,15.9053716659546,0,0,0,0,0,0,0,30.0113441348076,47.0436988472939,0,0,18.3741073459387,24.4040798991919,56.684775210917,15.2269506305456,32.0480333268642,15.7079502940178,153.76766166836,87.7738603800535,0,0.112779527902603,1.90975604206324,0,0,0,0,0,2.91510006785393,5.92947533726692,0,0,0,0,0,11.6280220374465,3.83321824669838,0,0,16.9817223548889,0,0,0,0,0,6.70626685023308,16.5709996968508,0,0,0,0,124.130135193467,88.289409391582,11.2903978973627,0.406215250492096,9071.58255256712,379.835205480456,154.104853019118,6.37343156337738,9.85319904983044
102.830973625183,57.0357684642076,1.70853814482689,44.9950115531683,0,0,0,0,1.70399382710457,32.6824094504118,0,0,0,0,0,0,4626.81754203886,3058.15727008879,0,0,0,0,4.83536837995052,0,5.64664027094841,0,1.869155138731,0,0,0,0,0,0,0,0,332.672592177987,638.058355815709,0.450128078460693,0,347.891983516514,640.046377278864,2245.66528411955,650.603885158896,272.556221663952,252.615245074034,1622.32336843014,1244.92048322409,0,33.5107081234455,68.171583712101,0,0,0,0,0,6.58903062343597,38.65249581635,1.79141047596931,0,0,0,1.02182379364967,95.6746691763401,77.4572991356254,0,0,0,0,0,0,0,0,140.11429361999,124.339879482985,0,0,0,0,1287.75123759359,1150.19302923232,156.094427570701,31.3159672766924,3253.17220769823,38.1215552166104,2872.25340570509,344.003507114947,255.850357636809
0,0.131188899278641,0,76.9742645025253,0,0,0,0,0,0,0,123.256857275963,0,0,0,0,0,0,0,0,0,0,0,0,0,0,0,0,0,0,0,0,0,0,0,1170.32282366604,0,136.064145088196,0,0.237043902277946,0,0.854769587516785,0,0,0,56.3134957998991,0,0,0,4.11566406488419,0,0,0,0,0,0,0,5.13788817822933,0,0,0,0,2081.32990628481,0,0,0,0,0,0,0,0,0,0.674084767699242,0,0,0,0,0,717.684880763292,0,6.86414204537868,0,812.066834039986,0,149.416865512729,0,0
0,0,0.479624137282372,0,0,0,0,0,0,0,47.1339981555939,0,0,0,0,0,0,0,0,0,0,0,0,0,0,0,0,0,0,0,0,0,0,0,0,0,1149.57887129486,0,0.550341248512268,0,0,0,1.29173983633518,0,0,0,4.55575188994408,0,0,0,0,0,0,0,0,0,60.80486369133,0,0.525953382253647,0,0,0,0,1593.0509930253,0,0,0,0,0,0,0,0,0,1.48242496699095,0,0,0,0,0,357.70277492702,0,42.7659339755774,141.900894135237,0,128.461193926632,0,0
0,0,0,0,0,0,0,0,0,0,0,0,0,0,0,0,0,180.099723935127,0,0,0,0,510.401576459408,22.3904873132706,0,3.99766737222672,0,30.1066949367523,0,0,0,0,0,0,0,0,0,1744.04775956273,0.58680821955204,0,0,0,0,0,0,0,0,0,0,6.21907997131348,0,0,0,0,0,0,0,0,0,0,0,0,0,0,6291.08772070706,0,12.7531224787235,0,7.84932255744934,0,62.9861945509911,0,0,0,0,0,0,0,0,0,553.722146764398,0,1605.59935705364,153.052926540375,0.724080562591553,0,0
0,0,0,0,0,0,0,0,0,0,0,0,0,0,0,0,226.24937723577,5.87477716803551,4.83536837995052,0,0,510.401576459408,0,0,43.6244373321533,0,117.918253779411,0,25.0214757919312,0,0,0,0,0,0,1.75682377815247,0,0,802.084274590015,0,0,0,0,0,0,0.18999907374382,1.06234860420227,0,123.743045270443,0,0,0,0,0,0,0,0,0,0,0,0,0,0,0,16.5613506436348,5119.29775194824,0,0.44416669011116,0,0,0,22.7328767776489,0,0,0,0,0,0,0,0,0,245.438209682703,358.235149919987,0,0.912950992584229,0,0
0,0,0,0,0,0,0,0,0,263.254393011332,0,0,0,0,0,85.0390654057264,0,31.955486446619,0,0,0,22.3904873132706,0,0,0,144.943537771702,0,0,0,0,0,0,0,0,0,0,0,1235.6850682497,0,0,0,0.543483138084412,0,0,0,0,0,0,0,0.758395344018936,0,0,0,0,0,207.876451522112,0,0,0,0,0,22.4352884143591,0,0,30.3190050721169,0,578.061701178551,0,20.9828437268734,0,0,0,0,0,0,0,0,0,0,0,552.451336413622,0,179.939981102943,0,110.398616045713,0,0
0,0,0,0,0,0,0,0,2.9265655875206,0,0,0,0,0,0,0,239.041507959366,20.6426771581173,5.64664027094841,0,0,0,43.6244373321533,0,0,0,14.0001355409622,0,0,0,0,0,0,0,0,0,0,0,624.588335424662,0,0,0,34.6808092296124,0,0,0,0,0,236.6319899261,0,0,0,0,0,4.97257736325264,0,0,0,0,0,0,0,0,0,0,0.298141092061996,0,517.01496347785,0,0,0,0,0,0,0,0,0,0,0,0,0,66.5176184475422,325.13427233696,0,102.196545630693,0,0
0,0,0,0,0,0,0,0,0,0,0,0,0,0,0,0.622057795524597,0,335.510140657425,0,0,0,3.99766737222672,0,144.943537771702,0,0,0,0,0,0,0,0,0,0,0,0,0,0,0,0,0,0,0,0,0,0,0,0,0,0,0,0,0,0,0,0,0,0,0,0,0,18.2645218074322,0,0,159.353104397655,0,43.1586472839117,0,82.7967399954796,0,0,0,0,0,0,0,0,0,0,0,0,0,14.8384673595428,0,0,0,0
0,0,0,0,0,0,0,0,0,0,0,0,0,0,0,0,558.309995993972,18.0379578769207,1.869155138731,0,0,0,117.918253779411,0,14.0001355409622,0,0,0,0,0,0,0,0,0,0,0,0,0,0,0,0,0,0,0,0,0,0,0,0,0,0,0,0,0,0,0,0,0,0,0,0,0,0,0,0,0,0,0,0,328.743238449097,0,0,0,0,0,0,0,0,0,0,0,0,221.075609326363,0,2.90697695314884,0,0
0,0,0,0,0,0,0,0,0,0,0,0,0,59.1702952980995,0,0,0,15.9053716659546,0,0,0,30.1066949367523,0,0,0,0,0,0,0,193.870626926422,0,0,0,0,0,0,0,2,0,0,0,0,0,0,0,0,0,0,0,0,0,0,0,0,0,0,0,0,0,0.602872848510742,0,0,0,0,105.909698009491,0,0,0,0,0,1239.64485830069,0,12.2221977710724,0,0,0,0,0,0,0,18.8176188468933,0,29.7147123813629,31.2857975959778,0,0,0
0,0,0,0,0,0,0,0,0,0,0,0,0,0,0,0,0,0,0,0,0,0,25.0214757919312,0,0,0,0,0,0,0,0,0,0,0,0,0,0,0,2,0,0,0,0,0,0,0,0,0,0,0,0,0,0,0,0,0,0,0,0,0,0,0,0,0,0,1,0,0,0,0,0,90.3396275043488,0,67.129789441824,0,0,0,0,0,0,0,95.3857414722443,110.656994342804,0,0,0,0
0,0,0,0,0,0,0,0,0,0,0,0,0,0,0,0,0,0,0,0,0,0,0,0,0,0,0,193.870626926422,0,0,0,0,0,0,0,0,0,2.28737998008728,0,0,0,0,0,0,0,0,0,0,0,0,0,0,0,0,0,0,0,0,0,0,0,0,0,0,0,0,0,0,0,0,37.4941409826279,0,805.369013041258,0,0,0,0,0,0,0,126.345921382308,0,20.4200358390808,0,0,0,0
0,0,0,0,0,0,0,0,0,0,25.3600100278854,0,0,0,0,0,0,0,0,0,0,0,0,0,0,0,0,0,0,0,0,0,0,0,0,0,0,0,25.7987983226776,0,0,0,0,0,0,0,1.05987204611301,0,0,0,0,0,0,0,0,0,72.5584499388933,0,0,0,0,0,0,2.32436503469944,0,0,0,0,0,0,0,0,0,281.659374177456,0,0,0,0,0,0.160344913601875,0,34.7677278518677,61.4597483873367,10.2099652290344,1.11427244544029,0,0
0,0,0,0,0,0,0,0,0,0,0,0,0,0,0,0,0,0,0,0,0,0,0,0,0,0,0,0,0,0,0,0,0,132.368527382612,0,391.533576667309,1.12969493865967,0,0,0,0,0,0,0,0,0,0,177.232858300209,0,0.957299530506134,0,0,0,0,0,0,0,0,0,0,0,0,0,0,0,0,0,0,0,0,0,0,0,0,868.707663416862,0,271.2304341048,0,174.353532701731,0,0,0,229.953384876251,0,0,0,0
0,0,0,0,0,0,0,0,0,0,0,0,0,0,0,0,0,0,0,0,0,0,0,0,0,0,0,0,0,0,0,0,0,0,154.417367428541,0,93.6570943593979,0,0,0,0,0,0,0,0,0,0,485.600846678019,9.19639953970909,0,0,0,0,0,0,0,0,0,0,0,0,0,0,0,0,0,0,0,0,0,0,0,0,0,0,895.662258654833,0,135.791759997606,0,80.7784412801266,0,0,82.8915793895721,0,0,0,0
0,0,0,0,0,0,0,0,0,0,0,0,0,0,0,0,0,0,0,0,0,0,0,0,0,0,0,0,0,0,0,132.368527382612,0,0,365.475628733635,225.080118209124,0,93.3117512464523,0,2.70425593852997,0,1.9148530960083,0.920345425605774,0,0,0,0,905.868473485112,0,83.0627497285604,0,0,0,0,0,0,0,0,0,0,0,0,0,0,0,0,0,0,0,0,0,0,0,0,78.457021638751,0,1560.79414828122,147.754855722189,24.0843748897314,0,51.6806533485651,0,538.265219449997,52.3518414497375,12.0484898686409,0,0
0,0,0,0,0,0,0,0,0,0,0,0,0,0,0,0,2.37882924079895,0,0,0,0,0,0,0,0,0,0,0,0,0,0,0,154.417367428541,365.475628733635,0,0,212.344797760248,0,43.7576034665108,0,0,0,0.223731249570847,0,0.604491353034973,0,0,1073.65371248126,41.1805759072304,0,0,0,0,0,0,0,0,0,0,0,0,0,0,0,0,0,0,0,0,0,0,0,0,0,0,151.404507339001,101.069380223751,1927.97682271898,0,256.118509590626,0,132.109536886215,279.42402780056,0,1.36626958847046,0,0
0.792026817798615,41.0303818807006,1.80395984649658,126.876149222255,0,51.5010932683945,0,129.636564791203,0,1.5786660015583,0,517.919009298086,0,0,0,0,58.0909230262041,30.0113441348076,332.672592177987,1170.32282366604,0,0,1.75682377815247,0,0,0,0,0,0,0,0,391.533576667309,0,225.080118209124,0,0,565.946504980326,1999.69103032351,0,73.1048372238874,2.3073126077652,248.59611723572,2.67775291949511,38.8267142549157,0.791778087615967,376.626902833581,9.58562959730625,786.383409887552,8.68365782499313,425.693833693862,0,0,0,1.57656621932983,0,0.145883962512016,1.65433724224567,205.26981857419,0,0,0.196328297257423,0.885599732398987,495.408073492348,1.44920344650745,0,0,0,0,0,0,0,0,1.95252619683743,2.2328008711338,85.668152064085,0,63.5228201150894,0,20445.7857147828,348.461796998978,1020.20889423788,0.322861194610596,3282.80122111738,76.648003898561,535.552524425089,51.2284925431013,0.567571967840195
5.05490460246801,0.155171602964401,66.1891577243805,1.33620864152908,40.9648576676846,0,0,0,0.88610477745533,0,65.7688269019127,0,0,0,0,0,106.503951050341,47.0436988472939,638.058355815709,0,1149.57887129486,0,0,0,0,0,0,0,0,0,0,1.12969493865967,93.6570943593979,0,212.344797760248,565.946504980326,0,0,1967.44197438657,0,43.3663290962577,7.22307884693146,117.974697597325,0.76338304579258,101.824472866952,15.5804236084223,456.37678540498,395.76070600003,546.229338400066,0,9.00154960155487,0,0,0,11.9378797411919,0,186.14171475172,0,2.66062487661839,0,5.78987722098827,0,2.85810303688049,968.570036448538,0,0,0,0,0,0,0,0,0.591057598590851,22.4062686786056,0,109.71521705389,0,216.889653339982,458.556687168777,25915.1356808916,2.13973706960678,659.622319728136,6471.13359578699,23.7842455655336,687.08470467478,0.182267636060715,27.6286256685853
0,19.1442814916372,0,0,0,0,0,0,0,112.79777829349,0,789.252159684896,0,0,0,0,0,0,0.450128078460693,136.064145088196,0,1744.04775956273,0,1235.6850682497,0,0,0,2,0,2.28737998008728,0,0,0,93.3117512464523,0,1999.69103032351,0,0,18.3193519115448,0,0,13.9410004019737,0,0.267777889966965,0,2.13910493254662,0,492.000221371651,0,99.6112940907478,0,0,0,0,0,54.1420073509216,0,210.211005270481,0,0,0,0.471839725971222,144.218582645059,0,1410.51210860908,0,1310.37286996841,0,0,0,3,0,119.587039753795,0,0,0,7.37475633621216,0,604.504264727235,0,13776.2759400904,320.261689662933,2608.38312208652,459.187860965729,115.88617362082,0,0
0,0,0,0,0,0,0,0,6.2902917265892,0,252.337808787823,0,0,0,0,0,0,0,0,0,0.550341248512268,0.58680821955204,802.084274590015,0,624.588335424662,0,0,0,2,0,25.7987983226776,0,0,0,43.7576034665108,0,1967.44197438657,18.3193519115448,0,0,0.257569968700409,0,0,0,0,0,0,107.705138608813,791.760942742229,0,0,0,0,0,86.8744492828846,0,5.78069868683815,0,0,0,0,0,0,0,0,47.8075293749571,0,346.285127311945,0,0,0,0,0,22.9627346992493,0,0,0,33.7226132899523,0,854.277090072632,0,8145.53204636276,1738.03272017837,24.935964345932,110.322953641415,0,0
0,5.89997075498104,0,11.94339607656,0,0,0,0,0,1.53923250734806,0,0,0,0,0,0,35.2706973254681,18.3741073459387,347.891983516514,0.237043902277946,0,0,0,0,0,0,0,0,0,0,0,0,0,2.70425593852997,0,73.1048372238874,0,0,0,0,5.19722533226013,659.829735651612,2.11094915866852,34.5208929330111,0.219812661409378,172.174639984965,5.09029108285904,1094.7419052124,299.908836007118,2947.22928351164,0,0,0,0,0,0,0.201115116477013,0,0,0,0,0,32.1375558674335,1.83505475521088,0,0,0,0,0,0,0,0,0.151452153921127,2.5836808681488,0,0,5.86032137274742,0,764.22825088352,4.00217194855213,21.6833836734295,0,384.662637121975,3.7023661583662,1432.13069701195,64.5930370092392,0
2.96283167600632,0.273452937602997,30.5335636734962,1.68564423918724,4.92283666133881,0,0,0,0,0,0,0,0,0,0,0,91.3806393146515,24.4040798991919,640.046377278864,0,0,0,0,0,0,0,0,0,0,0,0,0,0,0,0,2.3073126077652,43.3663290962577,0,0.257569968700409,5.19722533226013,0,6.26839911937714,1085.0455622524,1.49641425907612,243.498118400574,7.00568443536758,369.042673945427,33.9482808411121,2006.93296326697,0,2.29065668582916,0,0,0,4.63682526350021,2.56731247901917,6.27864657342434,0,0,0,0.286657392978668,0,0,27.2490661889315,0,0,0,0,0,0,0,0,1.32860291004181,10.1825955063105,0,0.80440765619278,0,0,19.3453169465065,392.030116207898,2.58075833320618,7.44310282170773,267.85422308743,0.118154637515545,1201.17260726541,0,76.9752450287342
0,1602.49461010844,0,143.091207966208,0,0,0,0,0,170.027406826615,0,0,0,0,0,0,64.1847037822008,56.684775210917,2245.66528411955,0.854769587516785,0,0,0,0.543483138084412,0,0,0,0,0,0,0,0,0,1.9148530960083,0,248.59611723572,7.22307884693146,13.9410004019737,0,659.829735651612,6.26839911937714,0,290.428363025188,175.679167285562,10.6092790067196,2044.08980903774,9.16699087619781,126.055955141783,0,630.950197502971,0,0,0,0,0,34.2143598943949,0.340730994939804,6.81564545631409,0,0,0,84.1642893403769,224.213976897299,1.45271515846252,0,0,1.15317150950432,0,0,0,0,0,185.621642261744,1.29959321022034,0.174405708909035,0,2.96135187149048,0,696.650889478624,11.4047171920538,58.3344485014677,1.94839608669281,5396.89595144242,217.141743585467,4092.43645166606,598.348104000092,0.701290443539619
264.751597598195,1.92662526667118,163.1804009974,1.31461834907532,2.60541926324368,0,0,0,84.8378037512302,0.389559358358383,0,0,0,0,0,0,70.3240847736597,15.2269506305456,650.603885158896,0,1.29173983633518,0,0,0,34.6808092296124,0,0,0,0,0,0,0,0,0.920345425605774,0.223731249570847,2.67775291949511,117.974697597325,0,0,2.11094915866852,1085.0455622524,290.428363025188,0,8.8520417585969,256.086500987411,8.6175484508276,889.313780933619,90.4114893376827,867.750930979848,0,0.789298743009567,0,0,0,45.2338564544916,4.21183300018311,217.530016228557,0,105.128961950541,0,20.5824912488461,0,0.976750016212463,189.395646706223,0,0,0,42.3116017282009,0,0,0,3.42072856426239,0.60580550134182,368.212789773941,0,0,0,0,10.6963497102261,730.233620755374,0,13.9117548912764,4313.90251889825,1.40672858059406,5437.05579894781,0.74436591565609,761.679915621877
0,8.1646109521389,0,22.5161207541823,0,0,0,0,0,8.82335835695267,0,0,0,0,0,0,26.2833779454231,32.0480333268642,272.556221663952,0,0,0,0,0,0,0,0,0,0,0,0,0,0,0,0,38.8267142549157,0.76338304579258,0.267777889966965,0,34.5208929330111,1.49641425907612,175.679167285562,8.8520417585969,0,0.480210795998573,249.961013436317,15.3082879781723,0.165903180837631,0,3.22018341720104,0,0,0,0,0,4.37665069103241,0,0.206618115305901,0,0,0,0,25.5004565268755,0.230810075998306,0,0,0.299729287624359,0,0,0,0,0,6.05353188514709,0.418354570865631,0,0,0.200992986559868,0,129.943185940385,9.57817792892456,16.0296670794487,0,155.240684151649,9.27417189627886,117.291713066399,30.3160218223929,0.227637857198715
0,0,1.32397420704365,0.409333676099777,0,0,0,0,0,1.33581006526947,0,0,0,0,0,0,30.6198130398989,15.7079502940178,252.615245074034,0,0,0,0,0,0,0,0,0,0,0,0,0,0,0,0.604491353034973,0.791778087615967,101.824472866952,0,0,0.219812661409378,243.498118400574,10.6092790067196,256.086500987411,0.480210795998573,0,3.85153760015965,220.176683783531,0,5.35103930532932,0,0,0,0,0,0,0,0.915908396244049,0,0,0,0,0,0,104.917687863111,0,0,0,0,0,0,0,0,0,6.06219705939293,0,0,0,0,11.1844202727079,276.722010627389,0,4.38847886025906,133.11404286325,0.647680521011353,367.555708102882,0.314264863729477,43.4649577587843
0,32.9785220772028,1.08394968509674,106.605590879917,0,0,0,0,0,5.77398054301739,0,0.25882562994957,0,0,0,0,178.468440622091,153.76766166836,1622.32336843014,56.3134957998991,0,0,0.18999907374382,0,0,0,0,0,0,0,0,0,0,0,0,376.626902833581,15.5804236084223,2.13910493254662,0,172.174639984965,7.00568443536758,2044.08980903774,8.6175484508276,249.961013436317,3.85153760015965,0,36.8268993571401,0,0.204369574785233,29.2142504602671,0,0,0,0,0,1.20014089345932,0.637240275740623,5.74528481066227,0,0,0,1.01049686968327,2754.77781708539,1.05055347084999,0,0,0.251478165388107,0,0,0,0,0,89.4977413266897,3.53205020725727,0,0,0,0,1007.88287975639,25.8877481222153,344.132374480367,0,844.250671595335,47.5385989770293,2222.29819031805,27.0803043842316,1.66013431549072
0.945920407772064,2.58392983675003,25.3127572089434,1.14924451708794,2.53774705529213,0,0,0,0.192728355526924,1.63061720132828,0,0,0,0,0,0,272.434856258333,87.7738603800535,1244.92048322409,0,4.55575188994408,0,1.06234860420227,0,0,0,0,0,0,0,1.05987204611301,0,0,0,0,9.58562959730625,456.37678540498,0,0,5.09029108285904,369.042673945427,9.16699087619781,889.313780933619,15.3082879781723,220.176683783531,36.8268993571401,0,0,15.7278764247894,0.764737010002136,0.322487771511078,0,0,0,1.19575679302216,0.754891514778137,123.275401383638,0,1.36896577477455,0,1.24135130643845,0,1.57047198712826,1924.630821459,0,0,0,0,0,0,0,0.324550330638885,3.10127191245556,119.147402703762,0,0,0,0,48.0725954249501,1601.66034029424,3.04779756069183,161.011269003153,688.030349723995,1.88732635974884,1790.54249738157,7.15017065405846,33.6145212650299
0,0,0,0,0,0,0,0,0,0,0,0,0,0,0,0,0,0,0,0,0,0,0,0,0,0,0,0,0,0,0,177.232858300209,485.600846678019,905.868473485112,1073.65371248126,786.383409887552,395.76070600003,492.000221371651,107.705138608813,1094.7419052124,33.9482808411121,126.055955141783,90.4114893376827,0.165903180837631,0,0,0,0,2294.65540841222,1965.31106185913,0,0,0,0,0,0,0,0,0,0,0,0,0,0,0,0,0,0,0,0,0,0,0,0,36.1786025762558,1316.32800650597,142.518205821514,315.088416755199,285.962152928114,789.162212118506,11.8688128590584,129.191926717758,3718.87137757242,62.6680168509483,1160.12013173103,0,0
60.6514765918255,0,89.5225687325001,0,1.81366114318371,0,0,0,37.7647727280855,0,0,0,0,0,0,0,0.475419834256172,0.112779527902603,33.5107081234455,0,0,0,123.743045270443,0,236.6319899261,0,0,0,0,0,0,0,9.19639953970909,0,41.1805759072304,8.68365782499313,546.229338400066,0,791.760942742229,299.908836007118,2006.93296326697,0,867.750930979848,0,5.35103930532932,0.204369574785233,15.7278764247894,2294.65540841222,0,273.153213441372,0,0,0,0,21.8776926100254,0,43.0649906247854,0,252.526907920837,0,0.245669037103653,0,0,0.453940004110336,0,545.593678295612,0,138.422299325466,0,0.979239642620087,0,72.6013036966324,0,30.5298163294792,0,230.163232862949,0,12.4629635214806,0.56946924328804,1595.96429257095,0,1357.87079055607,823.891257949173,0,4443.15673344582,0,20.3717230707407
0,422.147983521223,0,56.3265093117952,0,0,0,0,0,24.065611153841,0,0,0,0,0,82.9545959830284,0.608036562800407,1.90975604206324,68.171583712101,4.11566406488419,0,6.21907997131348,0,0.758395344018936,0,0,0,0,0,0,0,0.957299530506134,0,83.0627497285604,0,425.693833693862,0,99.6112940907478,0,2947.22928351164,0,630.950197502971,0,3.22018341720104,0,29.2142504602671,0.764737010002136,1965.31106185913,273.153213441372,0,0,0,0,0,0,1.14903450012207,0,4.67274641990662,0,0,0,161.262472629547,32.371061809361,0,29.5567766427994,0,44.1676172912121,0,25.5087434649467,0,116.12149849534,0,98.3728142976761,0,9.04009702801704,0,47.3182879239321,0,528.148813903332,1.16111472249031,117.637148857117,0,771.035224184394,27.5574680268764,2407.81670975685,1.65153957903385,0
1.53618860244751,0,294.284822493792,0,178.76278629899,0,0,0,0,0,0,0,0,0,0,0,0,0,0,0,0,0,0,0,0,0,0,0,0,0,0,0,0,0,0,0,9.00154960155487,0,0,0,2.29065668582916,0,0.789298743009567,0,0,0,0.322487771511078,0,0,0,0,0,41.3818836212158,0,9.76449236273766,0,204.568260073662,0,15.5949410498142,0,15.2325578927994,0,0,0,0,0,0,0,0,0,0,0,0,0,0,0,0,0,0,2.2665913105011,0,0,69.3431333303452,2.12499725818634,128.17385007441,0,0
0,0,0,161.764755964279,0,594.457390427589,0,7.06803920865059,0,0,0,0,0,0,0,4.89084166288376,0,0,0,0,0,0,0,0,0,0,0,0,0,0,0,0,0,0,0,0,0,0,0,0,0,0,0,0,0,0,0,0,0,0,0,0,0,8.77359449863434,0,0,0,0,0,4.85358321666718,0,149.637997806072,0,0,0,0,0,0,0,0,0,0,0,0,0,0,0,0,0,0,0,0,296.6501108706,0,0,0,0
0,0,0,0,0,0,41.4358830451965,0,0,0,0,0,0,0,0,0,0,0,0,0,0,0,0,0,0,0,0,0,0,0,0,0,0,0,0,0,0,0,0,0,0,0,0,0,0,0,0,0,0,0,41.3818836212158,0,0,0,0,0,109.093935966492,0,103.020961284637,0,0,0,0,0,0,0,0,0,0,0,0,0,0,0,0,0,0,0,0,0,0,0,0,0,0,0,0
0,0,0,0,0,20.375151515007,0,34.0937488079071,0,0,0,0,0,13.1042761206627,0,0,0,0,0,0,0,0,0,0,0,0,0,0,0,0,0,0,0,0,0,1.57656621932983,0,0,0,0,0,0,0,0,0,0,0,0,0,0,0,8.77359449863434,0,0,0,0,0,1.60336101055145,0,337.271650999784,0,0,0,0,0,0,0,0,0,0,0,0,0,0,0,0,0,0,0,0,0,0,2.163609623909,0,0,0,0
365.871957719326,0,337.730032280087,0,4.18535351753235,0,0,0,636.517179131508,0,0,0,0,0,0,0,0,0,0,0,0,0,0,0,4.97257736325264,0,0,0,0,0,0,0,0,0,0,0,11.9378797411919,0,86.8744492828846,0,4.63682526350021,0,45.2338564544916,0,0,0,1.19575679302216,0,21.8776926100254,0,9.76449236273766,0,0,0,0,0,7.23271498084068,0,0.246241137385368,0,92.2267847061157,0,0,0.629799485206604,0,0,0,309.121505856514,0,28.258399605751,0,0,0,4.22019861638546,0,0,0,0,0,1.18374383449554,0,66.346509039402,68.0436021387577,19.2712085843086,132.682932034135,0,2.15550750494003
0,15.2526871114969,0,436.093788176775,0,3.86421218514442,0,0,0,453.156568408012,0,0,0,0,0,100.512032166123,0,2.91510006785393,6.58903062343597,0,0,0,0,207.876451522112,0,0,0,0,0,0,0,0,0,0,0,0.145883962512016,0,54.1420073509216,0,0,2.56731247901917,34.2143598943949,4.21183300018311,4.37665069103241,0,1.20014089345932,0.754891514778137,0,0,1.14903450012207,0,0,0,0,0,0,0,0,0,0,0,142.470182821155,0,0,0,0,297.83076159656,0,0,0,0,0,1.73467716574669,0,0,0,0,0,2.97626575827599,0,22.8773000240326,0,91.6241522282362,10.5897244811058,79.330908447504,0,0
4.25710025429726,0.240347921848297,51.1116681993008,0,85.3553609848022,0,140.935195565224,0,10.034416243434,0,1212.77360740304,0,97.8592149615288,0,0,0,12.9531000554562,5.92947533726692,38.65249581635,0,60.80486369133,0,0,0,0,0,0,0,0,0,72.5584499388933,0,0,0,0,1.65433724224567,186.14171475172,0,5.78069868683815,0.201115116477013,6.27864657342434,0.340730994939804,217.530016228557,0,0.915908396244049,0.637240275740623,123.275401383638,0,43.0649906247854,0,204.568260073662,0,109.093935966492,0,7.23271498084068,0,0,0,451.820833802223,0,10.8787679821253,0,2.31082558631897,528.863729864359,0,0,0,0,0,0,0,253.954383254051,0,830.317353621125,0,0,0,0,3.32814720273018,303.267548188567,0,25.8193357437849,307.044604048133,2.26404072344303,809.463927187026,0,15.7327315956354
0,9.82395441830158,0,0.927521154284477,0,1.16431879997253,0,1,0,0,0,2782.15207827091,0,89.7047881186008,0,42.5475227236748,0,0,1.79141047596931,5.13788817822933,0,0,0,0,0,0,0,0,0,0,0,0,0,0,0,205.26981857419,0,210.211005270481,0,0,0,6.81564545631409,0,0.206618115305901,0,5.74528481066227,0,0,0,4.67274641990662,0,0,0,1.60336101055145,0,0,0,0,0,848.951595008373,0,27.0689136981964,25.498112782836,0,0,0,0,0,0,0,18.2718164920807,0,344.835911124945,0,0,0,0,0,3.19067381322384,0,0.864169120788574,0,371.664360612631,0.381790369749069,318.429224342108,0,0
1.16875872015953,0,46.6475352048874,0,7.55454930663109,0,17.0766139030457,0,4.62329456210136,0,205.325418114662,0,64.3549685776234,0,0.964381277561188,0,0,0,0,0,0.525953382253647,0,0,0,0,0,0,0,0,0,0,0,0,0,0,0,2.66062487661839,0,0,0,0,0,105.128961950541,0,0,0,1.36896577477455,0,252.526907920837,0,15.5949410498142,0,103.020961284637,0,0.246241137385368,0,451.820833802223,0,0,0,6.90020555257797,0,0,1.16995696723461,0,0,0,0,0,0,0,0,0,2.39399671554565,0,0,0,0,0,3.05563794076443,0,0,29.3614951372147,1.33079032599926,218.04111020267,0,12.1412359178066
0,0,0,0,0,10.5680534243584,0,42.2843635380268,0,0,0,63.8113028407097,0,1377.26740810275,0,15.4456460475922,0,0,0,0,0,0,0,0,0,0,0,0.602872848510742,0,0,0,0,0,0,0,0,0,0,0,0,0,0,0,0,0,0,0,0,0,0,0,4.85358321666718,0,337.271650999784,0,0,0,848.951595008373,0,0,0,6.66323554515839,0,0,0,0,0,0,0,0,90.5197667479515,0,0,0,0,0,0,0,0,0,0,0,145.5851983428,23.515266418457,14.0944620966911,0,0
1.6123548746109,0,24.3567145466805,0,19.1482690870762,0,0,0,3.49551773071289,0,0,0,0,0,96.4340784549713,0,0,0,0,0,0,0,0,0,0,0,0,0,0,0,0,0,0,0,0,0.196328297257423,5.78987722098827,0,0,0,0.286657392978668,0,20.5824912488461,0,0,0,1.24135130643845,0,0.245669037103653,0,15.2325578927994,0,0,0,92.2267847061157,0,10.8787679821253,0,6.90020555257797,0,0,0,0,0,0,0,0,0,0,132.313383102417,0,0,0,0,0,0,0,0,0,0,0,0,6.86839210987091,0,18.5024221688509,0,0
0,176.821456342936,0,37.0146407783031,0,21.3685800433159,0,0,0,41.8932775706053,0,0,0,0,0,268.687582790852,0,0,1.02182379364967,0,0,0,0,22.4352884143591,0,18.2645218074322,0,0,0,0,0,0,0,0,0,0.885599732398987,0,0.471839725971222,0,0,0,84.1642893403769,0,0,0,1.01049686968327,0,0,0,161.262472629547,0,149.637997806072,0,0,0,142.470182821155,0,27.0689136981964,0,6.66323554515839,0,0,0.531365990638733,0,0,0,4.47883728146553,0,119.433640062809,0,0,0,0.751937091350555,0,0,0,0,0,0.469172239303589,0,0,0,81.9222252368927,1.14516770839691,270.177759096026,0,0
0,3.78504875302315,0,97.542253062129,0,0,0,0,0,0.378238216042519,0,95.8635758757591,0,0,0,0,9.61329492926598,11.6280220374465,95.6746691763401,2081.32990628481,0,0,0,0,0,0,0,0,0,0,0,0,0,0,0,495.408073492348,2.85810303688049,144.218582645059,0,32.1375558674335,0,224.213976897299,0.976750016212463,25.5004565268755,0,2754.77781708539,1.57047198712826,0,0,32.371061809361,0,0,0,0,0,0,2.31082558631897,25.498112782836,0,0,0,0.531365990638733,0,0,0,0,0,0,0,0,0,0,155.74047293514,0,0,0,0,0,663.55500896275,0.208101093769073,92.866763651371,0,275.863217934966,6.40774866938591,1096.64095807076,0,0
2.58062267303467,0,2.78126026690006,0,0,0,0,0,0.140183597803116,0,7.21177452802658,0,0,0,0,0,13.7360179275274,3.83321824669838,77.4572991356254,0,1593.0509930253,0,0,0,0,0,0,0,0,0,2.32436503469944,0,0,0,0,1.44920344650745,968.570036448538,0,0,1.83505475521088,27.2490661889315,1.45271515846252,189.395646706223,0.230810075998306,104.917687863111,1.05055347084999,1924.630821459,0,0.453940004110336,0,0,0,0,0,0.629799485206604,0,528.863729864359,0,1.16995696723461,0,0,0,0,0,0,0,0,0,0,0,0,0.131537646055222,0,244.645560510457,0,0,0,0,2.63888812065125,1325.98840912431,0,209.922721371055,172.745939269662,0.468160793185234,578.308075495064,0,0.750966086983681
0,0,0,0,0,0,0,0,0,0,0,0,0,0,0,0,0,0,0,0,0,6291.08772070706,16.5613506436348,30.3190050721169,0,159.353104397655,0,105.909698009491,0,0,0,0,0,0,0,0,0,1410.51210860908,0,0,0,0,0,0,0,0,0,0,0,29.5567766427994,0,0,0,0,0,0,0,0,0,0,0,0,0,0,0,0,257.552840739489,0,280.406761348248,0,120.048764944077,0,0,0,0,0,0,0,0,0,465.708511859179,0,507.169518008828,14.0823199748993,0,0,0
0,0,0,0,0,0,0,0,0,0,0,0,0,0,0,0,0,0,0,0,0,0,5119.29775194824,0,0.298141092061996,0,0,0,1,0,0,0,0,0,0,0,0,0,47.8075293749571,0,0,0,0,0,0,0,0,0,545.593678295612,0,0,0,0,0,0,0,0,0,0,0,0,0,0,0,0,0,0,162.643380522728,0,1.41465118527412,0,55.8091602325439,0,0,0,0,0,0,0,0,0,317.546486318111,74.0164061188698,0,0,0,0
0,0.986064791679382,0,0,0,0,0,0,0,100.314772903919,0,0,0,0,0,0.848567232489586,0,16.9817223548889,0,0,0,12.7531224787235,0,578.061701178551,0,43.1586472839117,0,0,0,0,0,0,0,0,0,0,0,1310.37286996841,0,0,0,1.15317150950432,0,0.299729287624359,0,0.251478165388107,0,0,0,44.1676172912121,0,0,0,0,0,297.83076159656,0,0,0,0,0,4.47883728146553,0,0,257.552840739489,0,0,0,39.9984606653452,0,0,0,0,0,0,0,0,0,0,0,842.104369938374,0,38.2825965732336,1.70668053627014,242.842395633459,0,0
0,0,0,0,0,0,0,0,66.976095020771,0,0,0,0,0,0,0,0,0,0,0,0,0,0.44416669011116,0,517.01496347785,0,0,0,0,0,0,0,0,0,0,0,0,0,346.285127311945,0,0,0,42.3116017282009,0,0,0,0,0,138.422299325466,0,0,0,0,0,309.121505856514,0,0,0,0,0,0,0,0,0,0,162.643380522728,0,0,0,0.69335263967514,0,0,0,0,0,0,0,0,0,0,0,194.427083075047,83.4496491849422,0,366.807264298201,0,0
0,51.0106526762247,0,0,0,0,0,0,0,0,0,0,0,0,0,2.97634923458099,0,0,0,0,0,7.84932255744934,0,20.9828437268734,0,82.7967399954796,0,0,0,0,0,0,0,0,0,0,0,0,0,0,0,0,0,0,0,0,0,0,0,25.5087434649467,0,0,0,0,0,0,0,0,0,0,0,119.433640062809,0,0,280.406761348248,0,39.9984606653452,0,0,0,537.315173372626,0,0,0,0,0,0,0,0,0,0,0,1,0,13.934206455946,0,0
0,0,0,0,0,0,0,0,1.9614759683609,0,0,0,0,0,0,0,0,0,0,0,0,0,0,0,0,0,328.743238449097,0,0,0,0,0,0,0,0,0,0,0,0,0,0,0,0,0,0,0,0,0,0.979239642620087,0,0,0,0,0,28.258399605751,0,0,0,0,0,132.313383102417,0,0,0,0,1.41465118527412,0,0.69335263967514,0,0,0,0,0,0,0,0,0,0,0,0,0,0,0,0,0,0,0
0,0,0,0,0,0,0,0,0,0,0,0,0,13.8425681591034,0,0,0,0,0,0,0,62.9861945509911,0,0,0,0,0,1239.64485830069,0,37.4941409826279,0,0,0,0,0,0,0,3,0,0,0,0,0,0,0,0,0,0,0,116.12149849534,0,0,0,0,0,0,0,18.2718164920807,0,90.5197667479515,0,0,0,0,120.048764944077,0,0,0,537.315173372626,0,0,0,19.2937712371349,0,0,0,0,0,0,0,414.686222210526,0,0,0,4.61855971813202,0,0
0.217407688498497,0,0.305659890174866,0,0,0,0,0,0,0,0,0,0,0,0,0,0,0,0,0,0,0,22.7328767776489,0,0,0,0,0,90.3396275043488,0,0,0,0,0,0,0,0,0,0,0,0,0,3.42072856426239,0,0,0,0.324550330638885,0,72.6013036966324,0,0,0,0,0,0,0,253.954383254051,0,0,0,0,0,0,0.131537646055222,0,55.8091602325439,0,0,0,0,0,0,0,245.433448344469,0,0,0,0,0,0.774808205664158,0,118.805325999856,0.347215712070465,0,30.216730967164,0,0
0,97.853950470686,0,39.9450871050358,0,0,0,0,0,18.3872323036194,0,397.524035304785,0,0,0,1.20317542552948,0,6.70626685023308,140.11429361999,0.674084767699242,0,0,0,0,0,0,0,12.2221977710724,0,805.369013041258,0,0,0,0,0,1.95252619683743,0.591057598590851,119.587039753795,0,0.151452153921127,1.32860291004181,185.621642261744,0.60580550134182,6.05353188514709,0,89.4977413266897,3.10127191245556,0,0,98.3728142976761,0,0,0,0,0,1.73467716574669,0,344.835911124945,0,0,0,0.751937091350555,155.74047293514,0,0,0,0,0,0,0,19.2937712371349,0,0,0,0,0,0,0,8.94769661873579,0.457512974739075,147.099877461791,0,373.894367933273,9.98371814191341,631.044134639204,6.19256417453289,0.213138446211815
20.8928766399622,0,29.7699033766985,0,3.0225924551487,0,0,0,9.05916973948479,0,0,0,0,0,0,0,72.4808928817511,16.5709996968508,124.339879482985,0,1.48242496699095,0,0,0,0,0,0,0,67.129789441824,0,281.659374177456,0,0,0,0,2.2328008711338,22.4062686786056,0,22.9627346992493,2.5836808681488,10.1825955063105,1.29959321022034,368.212789773941,0.418354570865631,6.06219705939293,3.53205020725727,119.147402703762,0,30.5298163294792,0,0,0,0,0,4.22019861638546,0,830.317353621125,0,2.39399671554565,0,0,0,0,244.645560510457,0,0,0,0,0,0,0,245.433448344469,0,0,0,0,0,0,3.70370193570852,71.7349488213658,0,244.613004550338,307.358407326043,0.768807709217072,1754.5596896261,0,67.177894949913
0,0,0,0,0,0,0,0,0,0,0,0,0,0,0,0,0,0,0,0,0,0,0,0,0,0,0,0,0,0,0,868.707663416862,0,78.457021638751,0,85.668152064085,0,0,0,0,0,0.174405708909035,0,0,0,0,0,36.1786025762558,0,9.04009702801704,0,0,0,0,0,0,0,0,0,0,0,0,0,0,0,0,0,0,0,0,0,0,0,0,0,0,98.7307489812374,0,61.6026683151722,0,0.943648457527161,0,3.64738124608994,0,0,0,0
0,0,0,0,0,0,0,0,0,0,0,0,0,0,0,0,0,0,0,0,0,0,0,0,0,0,0,0,0,0,0,0,895.662258654833,0,151.404507339001,0,109.71521705389,0,0,0,0.80440765619278,0,0,0,0,0,0,1316.32800650597,230.163232862949,0,0,0,0,0,0,0,0,0,0,0,0,0,0,0,0,0,0,0,0,0,0,0,0,0,0,0,0,262.675823152065,0,340.898851945996,0,0,85.0631462335587,0,0,0,0
0,0,0,0,0,0,0,0,0,0,0,0,0,0,0,0,0,0,0,0,0,0,0,0,0,0,0,0,0,0,0,271.2304341048,0,1560.79414828122,101.069380223751,63.5228201150894,0,7.37475633621216,0,5.86032137274742,0,2.96135187149048,0,0.200992986559868,0,0,0,142.518205821514,0,47.3182879239321,0,0,0,0,0,0,0,0,0,0,0,0,0,0,0,0,0,0,0,0,0,0,0,0,98.7307489812374,0,0,0,19.360359609127,0,312.140729010105,0,155.945811659098,0,8.4114972949028,0,0
0,0,0,0,0,0,0,0,0,0,0,0,0,0,0,0,0,0,0,0,0,0,0,0,0,0,0,0,0,0,0,0,135.791759997606,147.754855722189,1927.97682271898,0,216.889653339982,0,33.7226132899523,0,0,0,0,0,0,0,0,315.088416755199,12.4629635214806,0,0,0,0,0,0,0,0,0,0,0,0,0,0,0,0,0,0,0,0,0,0,0,0,0,0,262.675823152065,0,0,0,334.718108952045,0,150.750389918685,173.685299888253,0,0,0,0
0,64.584415525198,1.31895910203457,229.623628146946,0.507943972945213,7.45215356349945,0,5.09349669516087,0,6.87253646552563,0,50.1700049340725,0,0,0,0,180.64892218262,124.130135193467,1287.75123759359,717.684880763292,0,0,0,0,0,0,0,0,0,0,0,174.353532701731,0,24.0843748897314,0,20445.7857147828,458.556687168777,604.504264727235,0,764.22825088352,19.3453169465065,696.650889478624,10.6963497102261,129.943185940385,11.1844202727079,1007.88287975639,48.0725954249501,285.962152928114,0.56946924328804,528.148813903332,0,0,0,0,0,2.97626575827599,3.32814720273018,3.19067381322384,0,0,0,0.469172239303589,663.55500896275,2.63888812065125,0,0,0,0,0,0,0,0,8.94769661873579,3.70370193570852,61.6026683151722,0,19.360359609127,0,0,254.256256178021,1294.19931089878,0,1858.14318650216,61.4455434158444,1115.63579401374,98.7763903513551,2.08618885278702
