0,0,4.3088542883995,0,0,0,0,0,3.63703303199878,0,0,0,0,0,0,0,14.0436158180237,13.6510148481889,5.39133627363976,0,0,0,0,0,0,0,0,0,0,0,0,0,0,0,0,0,0,0,0,0,0,0,22.5430057325077,0,0,0,17.333775119348,0,3.88342877229055,0,0,0,0,0,3.2417129278183,0,0,0,0,0,0,0,0,19.8769260170185,0,0,0,0,0,0,0,0,0,0,0,0,0,0,0,24.1055485696504,0,23.7569597829687,4.80044121917967,0,6.63604403993984,0,0
0,0,0,4.09195161958969,0,0,0,0,0,4.22549164993007,0,0,0,0,0,0,0,0,4.225645359342,0,0,0,0,0,0,0,0,0,0,0,0,0,0,0,0,68.879524230957,0,0,0,27.2137028376261,0,26.8581067238481,0,0,0,15.4602766513824,0,26.2072973251343,0,4.45648675379546,0,0,0,0,0,4.63780403137207,0,0,0,0,0,0,0,0,0,0,0,0,0,0,0,0,0,0,0,0,0,0,29.0142765968077,0,31.0124702453613,0,23.5098802599712,0,5.50496077807852,0,0
4.3088542883995,0,0,0,5.28444987423015,0,0,0,6.7533016204834,0,0,0,0,0,0,0,0,0,4.44862395875594,0,0,0,0,0,0,0,0,0,0,0,0,0,0,0,0,0,8.95661902427673,0,0,0,14.4009488776878,0,23.2124862670898,0,0,0,9.18684868559276,0,13.5707379976908,0,0,0,0,0,3.17181876880019,0,0,0,0,0,0,0,0,0,0,0,0,0,0,0,0,0,0,0,0,0,0,0,0,24.6252403259277,0,0,6.49061521694996,0,8.51716280360964,0,0
0,4.09195161958969,0,0,0,5.65823918779691,0,0,0,4.18366649783388,0,0,0,0,0,0,0,0,4.94167304039001,0,0,0,0,0,0,0,0,0,0,0,0,0,0,0,0,0,0,0,0,29.302734375,0,35.157341003418,0,0,0,71.1979064941406,0,0,0,4.65812739133835,0,0,0,0,0,0,0,0,0,0,0,0,0,0,0,0,0,0,0,0,0,0,0,0,0,0,0,0,30.6294425964355,0,30.798755645752,0,4.4435835370311,0,5.46444401184092,0,0
0,0,5.28444987423015,0,0,0,0,0,2.98305806692909,0,0,0,0,0,0,0,0,0,0,0,5.79722777445605,0,0,0,0,0,0,0,0,0,0,0,0,0,0,0,4.49722489714622,0,0,0,0,0,0,0,0,0,0,0,0,0,2.82304148719861,0,0,0,3.04412860686076,0,0,0,0,0,0,0,0,0,0,0,0,0,0,0,0,0,0,0,0,0,0,0,0,3.96591463088989,0,0,4.84187619388103,5.07455214332132,5.81803110588429,0,0
0,0,0,5.65823918779691,0,0,0,0,0,2.95925962700034,0,0,0,0,0,0,0,0,0,3.41605403154127,0,0,0,0,0,0,0,0,0,0,0,0,0,0,0,3.85837934468244,0,0,0,41.2788320842542,0,45.55399303113,0,0,0,18.6842775344849,0,49.2974853515625,0,46.8224606513977,0,2.74037075042725,0,0,0,0,0,0,0,0,0,0,0,0,0,0,0,0,0,0,0,0,0,0,0,0,0,0,5.26702200373014,0,52.4428863525391,0,14.0507844984531,24.3734829902649,16.1770796092351,0,0
0,0,0,0,0,0,0,0,0,0,0,0,0,0,0,0,0,0,0,0,2.78889555732409,0,0,0,0,0,0,0,0,0,0,0,0,0,0,0,0,0,0,0,0,0,0,0,0,0,0,0,0,0,0,0,0,0,0,0,2.74839210510254,0,0,0,0,0,0,0,0,0,0,0,0,0,0,0,0,0,0,0,0,0,0,0,0,0,2.89896400769552,0,0,0,0
0,0,0,0,0,0,0,0,0,0,0,0,0,0,0,0,0,0,0,3.52341888745626,0,0,0,0,0,0,0,0,0,0,0,0,0,0,0,0,0,0,0,0,0,0,0,0,0,0,0,0,0,0,0,0,0,0,0,0,0,2.81463654836019,0,0,0,0,0,0,0,0,0,0,0,0,0,0,0,0,0,0,0,0,0,0,0,0,0,0,0,0,0
3.63703303199878,0,6.7533016204834,0,2.98305806692909,0,0,0,0,17.7312269210815,0,0,0,0,2.84039256344103,0,4.72253016969518,18.1885553323306,12.953292243569,0,0,0,0,0,0,0,0,0,0,0,0,0,0,0,0,0,0,0,0,0,0,0,0,0,0,0,0,0,0,0,0,0,0,0,3.98636448241415,0,0,0,0,0,2.92784080785864,0,0,0,0,0,0,0,0,0,0,0,0,0,0,0,0,0,0,0,0,0,6.46767899984962,3.88365626335144,11.7828121185303,0,0
0,4.22549164993007,0,4.18366649783388,0,2.95925962700034,0,0,17.7312269210815,0,0,0,0,0,0,3.00535032241651,22.8269081115723,3.82106639518112,5.07660890537865,0,0,0,0,4.64049673080444,0,2.8086619552444,0,0,0,0,0,0,0,0,0,0,0,0,0,0,0,3.39326914516064,0,0,0,0,0,0,0,0,0,0,0,0,0,3.21623206452319,0,0,0,0,0,2.91947147720738,0,0,0,0,0,0,2.89696140062241,0,0,0,0,0,0,0,0,0,34.7865943908691,0,0,0,4.13466143881744,4.43317803558038,4.41299912621416,0,0
0,0,0,0,0,0,0,0,0,0,0,0,0,0,0,0,0,0,0,0,3.35757467291328,0,0,0,0,0,0,0,0,0,0,0,0,0,0,0,2.76636022891638,0,3.21354764557341,0,0,0,0,0,0,0,0,0,0,0,0,0,0,0,0,0,2.73298120498657,0,0,0,0,0,0,3.01894500761321,0,0,0,0,0,0,0,0,0,0,0,0,0,0,0,2.75551414489746,0,3.93274963617111,2.8344942842211,0,0,0,0
0,0,0,0,0,0,0,0,0,0,0,0,0,3.20929624746174,0,0,0,0,0,3.89134996285299,0,0,0,0,0,0,0,0,0,0,0,0,0,0,0,2.77580900223839,0,3.34555675306297,0,0,0,0,0,0,0,0,0,0,0,0,0,0,0,0,0,0,0,2.98439483524214,0,3.23712998855979,0,0,4.84015908473875,0,0,0,0,0,0,0,0,0,0,0,0,0,0,0,0,0,3.2385062681803,0,2.95328470972868,0,0,0,0
0,0,0,0,0,0,0,0,0,0,0,0,0,0,0,0,0,0,0,0,0,0,0,0,0,0,0,0,0,0,0,0,0,0,0,0,0,0,0,0,0,0,0,0,0,0,0,0,0,0,0,0,0,0,0,0,0,0,2.97274250703699,0,0,0,0,0,0,0,0,0,0,0,0,0,0,0,0,0,0,0,0,0,0,0,2.90649574995041,2.99040921571407,0,0,0
0,0,0,0,0,0,0,0,0,0,0,3.20929624746174,0,0,0,3.3866009414196,0,0,0,0,0,0,0,0,0,0,0,0,0,0,0,0,0,0,0,0,0,0,0,0,0,0,0,0,0,0,0,0,0,0,0,0,0,0,0,0,0,3.15237865667192,0,3.49598334004447,0,0,0,0,0,0,0,0,0,0,0,0,0,0,0,0,0,0,0,0,0,0,3.7369476043261,3.52003495507377,0,0,0
0,0,0,0,0,0,0,0,2.84039256344103,0,0,0,0,0,0,0,0,0,0,0,0,0,0,0,0,0,0,0,0,0,0,0,0,0,0,0,0,0,0,0,0,0,0,0,0,0,0,0,0,0,0,0,0,0,2.80947923660278,0,0,0,0,0,0,0,0,0,0,0,0,0,0,0,0,0,0,0,0,0,0,0,0,0,0,0,2.76806880746569,2.94762349128723,0,0,0
0,0,0,0,0,0,0,0,0,3.00535032241651,0,0,0,3.3866009414196,0,0,0,3.08431026853364,0,0,0,0,0,0,0,0,0,0,0,0,0,0,0,0,0,0,0,0,0,0,0,0,0,0,0,0,0,0,0,0,0,0,0,0,0,3.00895967467221,0,0,0,2.77850360870361,0,2.77594582239787,0,0,0,0,0,0,2.73693752288818,0,0,0,0,0,0,0,0,0,0,0,0,0,3.78832570711772,0,0,0,0
14.0436158180237,0,0,0,0,0,0,0,4.72253016969518,22.8269081115723,0,0,0,0,0,0,0,7.34068501377947,14.61592779945,0,0,0,2.93351152878773,0,0,0,0,0,0,0,0,0,0,0,0,0,0,0,0,55.6992612595254,40.910587310791,35.691310188987,28.786916128894,36.2597219944,27.766085257897,47.1204367927883,40.8509457906087,0,0,0,0,0,0,0,0,0,0,0,0,0,0,0,47.594419002533,43.3187890733991,0,2.95824384689331,0,0,0,0,0,0,0,0,0,0,0,0,57.9674950274792,45.1253006374529,52.8266428947449,43.622222328186,6.58318256790047,3.30219615713099,40.7606984865298,35.521297454834,29.3875166340878
13.6510148481889,0,0,0,0,0,0,0,18.1885553323306,3.82106639518112,0,0,0,0,0,3.08431026853364,7.34068501377947,0,12.690898759916,0,0,0,0,6.68276683231453,0,2.93344358297495,0,0,0,0,0,0,0,0,0,0,0,0,0,43.7453012114666,36.8812446594238,31.1245713986849,0,31.1660011291504,0,42.1789953613281,37.1293369928996,0,0,0,0,0,0,0,0,0,0,0,0,0,0,0,36.8868817985058,41.4356511433919,0,0,12.4572315216064,0,3.4122734969517,0,0,0,0,0,0,0,0,0,46.2184311723534,45.3356395477944,43.8597202493687,48.2451515197754,8.28145237450435,6.1541519219179,40.0028547777895,29.2167032931713,55.2914619445801
5.39133627363976,4.225645359342,4.44862395875594,4.94167304039001,0,0,0,0,12.953292243569,5.07660890537865,0,0,0,0,0,0,14.61592779945,12.690898759916,0,0,0,0,0,5.40234969065974,5.54644379248986,0,0,0,0,0,0,0,0,0,0,0,0,0,0,34.653836945667,26.3891602887048,21.5085170571052,25.3540572555921,17.3695306010839,14.2946493840525,25.7239659051807,23.2074415691406,0,4.78786838054657,12.571522295475,0,0,0,0,0,0,0,0,0,0,0,0,22.9287923920877,26.9626317229925,0,0,8.16531709035238,0,0,0,0,0,0,0,0,0,0,0,35.2228947914037,33.6649959366641,32.7440171011356,32.9579302817583,11.768815425514,0,21.0777457248073,18.0768511279736,29.5207200248706
0,0,0,0,0,3.41605403154127,0,3.52341888745626,0,0,0,3.89134996285299,0,0,0,0,0,0,0,0,0,0,0,0,0,0,0,0,0,0,0,0,0,0,0,3.08256125755017,0,3.48338711261749,0,0,0,0,0,0,0,0,0,0,0,0,0,3.38342374376953,0,3.56142204606594,0,0,0,4.27014740292664,0,0,0,0,2.9096900792349,0,0,0,0,0,0,0,0,0,0,0,0,0,0,0,3.24558582901955,0,3.78991556167603,0,2.74873335221234,0,4.11818140950696,0,0
0,0,0,0,5.79722777445605,0,2.78889555732409,0,0,0,3.35757467291328,0,0,0,0,0,0,0,0,0,0,0,0,0,0,0,0,0,0,0,0,0,0,0,0,0,2.87743396387707,0,2.95169278979301,0,0,0,0,0,0,0,0,0,0,0,3.96623570861121,0,2.9244677289327,0,0,0,3.02777182996863,0,0,0,0,0,0,2.90308575970786,0,0,0,0,0,0,0,0,0,0,0,0,0,0,0,3.05954266428947,0,3.1710596481959,5.10147443271819,0,4.34589828635162,0,0
0,0,0,0,0,0,0,0,0,0,0,0,0,0,0,0,0,0,0,0,0,0,3.96547053312105,0,0,0,0,3.79988221582839,0,0,0,0,0,0,0,0,0,3.05310868876321,2.93165757574818,0,0,0,0,0,0,0,0,0,0,3.33485217498521,0,0,0,0,0,0,0,0,0,0,0,0,0,0,3.48863535657854,3.52071158424045,3.58058280856521,0,0,0,3.91991000705295,0,0,0,0,0,0,0,0,0,3.23174523230236,3.24531408873471,3.57884156612751,3.76111877105645,0,0,0
0,0,0,0,0,0,0,0,0,0,0,0,0,0,0,0,2.93351152878773,0,0,0,0,3.96547053312105,0,0,2.82382890156337,0,2.88390669226646,0,3.22328531087478,0,0,0,0,0,0,0,0,0,2.98249922139304,0,0,0,0,0,0,0,0,0,3.19579102644106,0,0,0,0,0,0,0,0,0,0,0,0,0,0,0,3.85970807084321,3.3328644251935,0,2.83532086662624,0,0,0,3.4112744450847,0,0,0,0,0,0,0,0,0,3.23821700331853,3.23538486265037,3.54345566960814,0,0,0
0,0,0,0,0,0,0,0,0,4.64049673080444,0,0,0,0,0,0,0,6.68276683231453,5.40234969065974,0,0,0,0,0,0,3.00082461822013,0,0,0,0,0,0,0,0,0,0,0,4.22226986671105,0,0,0,12.6622447967529,0,0,0,0,0,11.3792448043823,0,7.83469080924988,0,0,0,0,0,0,0,0,0,0,0,0,0,0,0,0,3.30351641174164,0,3.28767471313477,0,0,0,0,0,0,0,0,0,0,0,5.32295391477388,0,4.43498331138488,0,6.79590167999268,0,0
0,0,0,0,0,0,0,0,0,0,0,0,0,0,0,0,0,0,5.54644379248986,0,0,0,2.82382890156337,0,0,0,2.78994331995646,0,0,0,0,0,0,0,0,0,0,0,3.05385800202688,0,0,0,2.95625877380371,0,0,0,0,0,2.74442970752716,0,0,0,0,0,0,0,0,0,0,0,0,0,0,0,0,0,0,2.86828178034888,0,2.8415293176691,0,0,0,0,0,0,0,0,0,0,0,3.33409604043451,2.85589170455933,0,0,0,0
0,0,0,0,0,0,0,0,0,2.8086619552444,0,0,0,0,0,0,0,2.93344358297495,0,0,0,0,0,3.00082461822013,0,0,0,0,0,0,0,0,0,0,0,0,0,0,0,0,0,0,0,0,0,0,0,0,0,0,0,0,0,0,0,0,0,0,0,0,0,0,0,0,0,0,2.99170064926147,0,3.01073150975364,0,0,0,0,0,0,0,0,0,0,0,0,0,3.52002598574069,0,0,0,0
0,0,0,0,0,0,0,0,0,0,0,0,0,0,0,0,0,0,0,0,0,0,2.88390669226646,0,2.78994331995646,0,0,0,2.86436153541912,0,0,0,0,0,0,0,0,0,0,0,0,0,0,0,0,0,0,0,0,0,0,0,0,0,0,0,0,0,0,0,0,0,0,0,0,0,0,2.9351122379303,0,0,0,3.01029149691264,0,0,0,0,0,0,0,0,0,0,0,0,0,0,0
0,0,0,0,0,0,0,0,0,0,0,0,0,0,0,0,0,0,0,0,0,3.79988221582839,0,0,0,0,0,0,0,3.51146306816091,0,0,0,0,0,0,0,0,0,0,0,0,0,0,0,0,0,0,0,0,0,0,0,0,0,0,0,0,0,2.86829899730104,0,0,0,0,3.20035996039708,0,0,0,0,0,3.07758565350842,0,3.66825982489398,0,0,0,0,0,0,0,0,0,2.84008853776114,3.09150467380401,0,0,0
0,0,0,0,0,0,0,0,0,0,0,0,0,0,0,0,0,0,0,0,0,0,3.22328531087478,0,0,0,2.86436153541912,0,0,0,0,0,0,0,0,0,0,0,2.7318394780159,0,0,0,0,0,0,0,0,0,2.73954832553864,0,0,0,0,0,0,0,0,0,0,0,0,0,0,0,0,0,0,0,0,0,0,3.2094790894969,0,0,0,0,0,0,0,0,0,0,2.85214315112839,2.95491143775313,0,0,0
0,0,0,0,0,0,0,0,0,0,0,0,0,0,0,0,0,0,0,0,0,0,0,0,0,0,0,3.51146306816091,0,0,0,0,0,0,0,0,0,3.06471876687901,0,0,0,0,0,0,0,0,0,0,0,0,0,0,0,0,0,0,0,0,0,0,0,0,0,0,0,0,0,0,0,0,4.28678549187524,0,3.80536082045546,0,0,0,0,0,0,0,0,0,2.72495365142822,0,0,0,0
0,0,0,0,0,0,0,0,0,0,0,0,0,0,0,0,0,0,0,0,0,0,0,0,0,0,0,0,0,0,0,0,0,0,0,0,0,0,3.79098411489573,0,0,0,0,0,0,0,0,0,0,0,0,0,0,0,0,0,0,0,0,0,0,0,0,0,0,0,0,0,0,0,0,0,0,4.22148494720459,0,0,0,0,0,0,0,3.45404982566833,0,0,0,0,0
0,0,0,0,0,0,0,0,0,0,0,0,0,0,0,0,0,0,0,0,0,0,0,0,0,0,0,0,0,0,0,0,3.38725349075436,0,3.00536290804545,5.22824820825609,5.78288618239642,0,0,0,0,0,0,0,0,0,0,6.16560259750455,0,0,0,0,0,0,0,0,0,0,0,0,0,0,0,0,0,0,0,0,0,0,0,0,0,0,3.88933041565626,4.56321167544784,4.21538209915161,2.95832140105111,3.65099018307055,7.03455562126346,0,0,2.89687416950862,0,0,0,0
0,0,0,0,0,0,0,0,0,0,0,0,0,0,0,0,0,0,0,0,0,0,0,0,0,0,0,0,0,0,0,3.38725349075436,0,0,0,3.43367505999755,3.19857750051467,0,0,0,0,0,0,0,0,0,0,3.47043212254842,0,0,0,0,0,0,0,0,0,0,0,0,0,0,0,0,0,0,0,0,0,0,0,0,0,0,3.43711823918832,2.97753080598851,2.740797996521,0,3.387675582422,3.56549211321623,0,0,0,0,0,0,0
0,0,0,0,0,0,0,0,0,0,0,0,0,0,0,0,0,0,0,0,0,0,0,0,0,0,0,0,0,0,0,0,0,0,8.74675292849332,4.1522140363128,0,3.15881362557411,14.8263878509647,0,0,0,0,0,0,0,0,5.78538412080166,15.3633575439453,0,0,0,0,0,0,0,0,0,0,0,0,0,0,0,0,0,0,0,0,0,0,0,0,0,4.49301583079968,0,3.59804191613079,4.23181246906016,2.96647399893854,0,0,14.242011478969,3.02408303893529,3.64874855677287,0,0,0
0,0,0,0,0,0,0,0,0,0,0,0,0,0,0,0,0,0,0,0,0,0,0,0,0,0,0,0,0,0,0,3.00536290804545,0,8.74675292849332,0,0,3.04734726991067,0,2.98074894746145,0,0,0,0,0,0,0,0,5.87676896505601,0,11.827374458313,0,0,0,0,0,0,0,0,0,0,0,0,0,0,0,0,0,0,0,0,0,0,0,0,3.89091714223226,0,3.45870264719039,3.58948333670453,0,3.08988389602074,0,3.13107399653671,2.83165121078491,0,0,0,0
0,68.879524230957,0,0,0,3.85837934468244,0,0,0,0,0,2.77580900223839,0,0,0,0,0,0,0,3.08256125755017,0,0,0,0,0,0,0,0,0,0,0,5.22824820825609,3.43367505999755,4.1522140363128,0,0,3.44821757606877,2.88616363891703,0,19.6413277169932,0,29.3083625971842,0,0,0,13.9845474243164,0,20.0112896065676,0,26.2268381261114,0,3.792129723231,0,0,0,0,0,2.76268004945346,0,0,0,0,3.27191842285109,0,0,0,0,0,0,0,0,0,0,0,6.08439568003768,3.62616789762953,4.13051621072796,0,3.53370221478554,3.10070258901944,0,0,5.72852091975026,3.57839601051312,21.3405380638022,0,0
0,0,8.95661902427673,0,4.49722489714622,0,0,0,0,0,2.76636022891638,0,0,0,0,0,0,0,0,0,2.87743396387707,0,0,0,0,0,0,0,0,0,0,5.78288618239642,3.19857750051467,0,3.04734726991067,3.44821757606877,0,0,2.75194642760537,24.448992729187,4.87314605712891,30.0007179260254,25.4526411692301,0,0,16.7542866793546,4.88259796487208,12.955432678972,23.2833290100098,27.6618140935898,4.24370990298752,0,0,0,0,0,0,0,0,0,0,0,0,3.04285362369412,0,0,0,0,0,0,0,0,0,0,8.78976569912298,3.32866148629488,0,3.13244771212339,4.26031304607872,3.32034055789118,0,0,5.53696694614898,4.36863424280811,7.46092093617777,0,0
0,0,0,0,0,0,0,0,0,0,0,3.34555675306297,0,0,0,0,0,0,0,3.48338711261749,0,3.05310868876321,0,4.22226986671105,0,0,0,0,0,3.06471876687901,0,0,0,3.15881362557411,0,2.88616363891703,0,0,4.09000155984933,0,0,4.5634965771123,0,0,0,0,0,5.33812364860562,0,8.00885493194212,0,0,0,0,0,0,0,2.80681594848633,0,0,0,0,3.81102615456248,0,2.73032800356547,0,6.46797623292869,0,0,0,0,0,3.35417918805723,0,0,0,3.57890066504478,0,3.07024138684392,0,4.05172106372409,4.00995507344279,7.0757826079785,3.04659872584873,6.19410654910806,0,0
0,0,0,0,0,0,0,0,0,0,3.21354764557341,0,0,0,0,0,0,0,0,0,2.95169278979301,2.93165757574818,2.98249922139304,0,3.05385800202688,0,0,0,2.7318394780159,0,3.79098411489573,0,0,14.8263878509647,2.98074894746145,0,2.75194642760537,4.09000155984933,0,0,0,0,0,0,0,0,0,7.13058977851811,0,0,0,0,0,0,0,0,3.26217667956769,0,0,0,0,0,0,0,3.11392270349989,3.01241153597832,0,2.93714466040162,0,0,0,0,0,2.93788433074951,0,0,4.21924614906311,3.65948561827342,0,2.74989926815033,4.35500931295258,3.12075064761589,3.02247872074662,3.54106651033674,0,0,0
0,27.2137028376261,0,29.302734375,0,41.2788320842542,0,0,0,0,0,0,0,0,0,0,55.6992612595254,43.7453012114666,34.653836945667,0,0,0,0,0,0,0,0,0,0,0,0,0,0,0,0,19.6413277169932,24.448992729187,0,0,0,0,17.4624059256104,0,22.0476856194582,0,10.1462622556188,0,14.3125905430918,0,9.98711037906059,0,0,0,0,0,0,0,0,0,0,0,0,5.4102754517954,72.8486531575521,0,0,0,0,0,0,0,0,0,0,0,0,0,0,7.05505921679397,78.4238706316267,15.4102194216645,83.8384399414062,31.9505109670075,34.1357635215477,14.4350953736899,20.2113188693398,0
0,0,14.4009488776878,0,0,0,0,0,0,0,0,0,0,0,0,0,40.910587310791,36.8812446594238,26.3891602887048,0,0,0,0,0,0,0,0,0,0,0,0,0,0,0,0,0,4.87314605712891,0,0,0,0,0,11.0139823073433,0,16.8957605361938,0,20.190849878036,3.29470996423201,11.3479643119986,0,0,0,0,0,0,0,0,0,0,0,0,0,0,0,0,0,0,0,0,0,0,0,0,0,0,0,0,0,0,7.34521723924762,0,51.7885398864746,23.1184805679321,0,13.1579180728935,0,39.2514457702637
0,26.8581067238481,0,35.157341003418,0,45.55399303113,0,0,0,3.39326914516064,0,0,0,0,0,0,35.691310188987,31.1245713986849,21.5085170571052,0,0,0,0,12.6622447967529,0,0,0,0,0,0,0,0,0,0,0,29.3083625971842,30.0007179260254,4.5634965771123,0,17.4624059256104,0,0,0,0,0,26.6360947022141,0,4.61245354225761,0,14.0606497946787,0,0,0,0,0,4.09788697787694,0,0,0,0,0,0,15.3094589561628,0,0,0,9.2417311157499,0,0,0,0,0,10.6227183592947,0,0,0,0,0,18.8501347837777,0,15.1056163588236,0,33.8091238760668,38.2030962717261,21.1403151506118,9.155490499024,0
22.5430057325077,0,23.2124862670898,0,0,0,0,0,0,0,0,0,0,0,0,0,28.786916128894,0,25.3540572555921,0,0,0,0,0,2.95625877380371,0,0,0,0,0,0,0,0,0,0,0,25.4526411692301,0,0,0,11.0139823073433,0,0,0,24.8867216110229,0,19.2502810993064,0,9.17520602995952,0,0,0,0,0,0,0,0,0,0,0,0,0,0,18.2092232487418,0,0,0,0,0,0,0,0,0,0,0,0,0,0,0,36.9335861206055,0,22.001944065094,26.3785725054352,33.7653818130493,15.9235352693377,0,7.24059521822119
0,0,0,0,0,0,0,0,0,0,0,0,0,0,0,0,36.2597219944,31.1660011291504,17.3695306010839,0,0,0,0,0,0,0,0,0,0,0,0,0,0,0,0,0,0,0,0,22.0476856194582,0,0,0,0,0,16.1490399486252,0,0,0,0,0,0,0,0,0,0,0,0,0,0,0,0,21.1705965314593,0,0,0,0,0,0,0,0,0,0,0,0,0,0,0,23.6545309398485,49.8241195678711,25.5791495132446,53.3153190612793,15.2905294858492,15.873370885849,13.0008390786043,0,0
0,0,0,0,0,0,0,0,0,0,0,0,0,0,0,0,27.766085257897,0,14.2946493840525,0,0,0,0,0,0,0,0,0,0,0,0,0,0,0,0,0,0,0,0,0,16.8957605361938,0,24.8867216110229,0,0,0,14.9502349283503,0,0,0,0,0,0,0,0,0,0,0,0,0,0,0,0,20.7998592670147,0,0,0,0,0,0,0,0,0,0,0,0,0,0,52.9550399780273,24.4319625331931,0,25.0708309102941,16.878439839681,0,19.33411878496,0,0
0,15.4602766513824,0,71.1979064941406,0,18.6842775344849,0,0,0,0,0,0,0,0,0,0,47.1204367927883,42.1789953613281,25.7239659051807,0,0,0,0,0,0,0,0,0,0,0,0,0,0,0,0,13.9845474243164,16.7542866793546,0,0,10.1462622556188,0,26.6360947022141,0,16.1490399486252,0,0,0,33.6561303933462,0,27.112766443909,0,0,0,0,0,0,0,0,0,0,0,0,7.57408462573254,0,0,0,0,0,0,0,0,0,0,0,0,0,0,0,44.5715964481395,52.4572441101074,17.5734577814124,0,17.7064657145723,17.1530795464149,13.39487227747,0,0
17.333775119348,0,9.18684868559276,0,0,0,0,0,0,0,0,0,0,0,0,0,40.8509457906087,37.1293369928996,23.2074415691406,0,0,0,0,0,0,0,0,0,0,0,0,0,0,0,0,0,4.88259796487208,0,0,0,20.190849878036,0,19.2502810993064,0,14.9502349283503,0,0,0,22.4195171458322,0,0,0,0,0,0,0,0,0,0,0,0,0,0,18.6046326657136,0,0,0,0,0,0,0,0,0,0,0,0,0,0,62.9187278747559,38.4057690699895,0,14.5132817375326,15.8237957559674,0,14.2284092140184,0,37.8400554656982
0,26.2072973251343,0,0,0,49.2974853515625,0,0,0,0,0,0,0,0,0,0,0,0,0,0,0,0,0,11.3792448043823,0,0,0,0,0,0,0,6.16560259750455,3.47043212254842,5.78538412080166,5.87676896505601,20.0112896065676,12.955432678972,5.33812364860562,7.13058977851811,14.3125905430918,3.29470996423201,4.61245354225761,0,0,0,33.6561303933462,0,0,6.93614463678456,6.85921223864446,0,0,0,0,0,0,0,0,0,0,0,0,0,0,0,0,13.8582914216178,0,0,0,0,0,0,0,6.45035629247394,3.11449229470525,4.64628146177136,5.0966437756857,7.26183596137882,3.77946244101775,4.83556874593099,8.93769289799107,14.0079409888141,39.1168626149495,14.4871323474959,0,0
3.88342877229055,0,13.5707379976908,0,0,0,0,0,0,0,0,0,0,0,0,0,0,0,4.78786838054657,0,0,0,3.19579102644106,0,2.74442970752716,0,0,0,2.73954832553864,0,0,0,0,15.3633575439453,0,0,23.2833290100098,0,0,0,11.3479643119986,0,9.17520602995952,0,0,0,22.4195171458322,6.93614463678456,0,4.60708977565293,0,0,0,0,0,0,0,0,0,0,0,0,0,0,0,3.3086997071902,0,0,0,0,0,0,0,0,0,0,13.094259262085,3.59304662274592,0,4.96080712396271,0,3.83236133818533,20.2965076986481,0,16.7578926094467,0,0
0,4.45648675379546,0,4.65812739133835,0,46.8224606513977,0,0,0,0,0,0,0,0,0,0,0,0,12.571522295475,0,0,3.33485217498521,0,7.83469080924988,0,0,0,0,0,0,0,0,0,0,11.827374458313,26.2268381261114,27.6618140935898,8.00885493194212,0,9.98711037906059,0,14.0606497946787,0,0,0,27.112766443909,0,6.85921223864446,4.60708977565293,0,0,0,0,0,0,0,0,0,0,0,0,0,0,0,3.69369227787447,0,7.65555975748145,0,0,0,0,0,9.03642669019773,0,0,0,0,0,6.37982719934904,0,4.80958704877305,0,18.8806896399988,35.7967196770434,16.7283431275987,0,0
0,0,0,0,2.82304148719861,0,0,0,0,0,0,0,0,0,0,0,0,0,0,0,3.96623570861121,0,0,0,0,0,0,0,0,0,0,0,0,0,0,0,4.24370990298752,0,0,0,0,0,0,0,0,0,0,0,0,0,0,0,0,0,0,0,0,0,0,0,0,0,0,0,0,0,0,0,0,0,0,0,0,0,0,0,0,0,0,4.25663726690204,0,0,12.6274826964554,0,10.0439696993147,0,0
0,0,0,0,0,2.74037075042725,0,0,0,0,0,0,0,0,0,0,0,0,0,3.38342374376953,0,0,0,0,0,0,0,0,0,0,0,0,0,0,0,3.792129723231,0,0,0,0,0,0,0,0,0,0,0,0,0,0,0,0,0,0,0,0,0,0,0,0,0,0,0,0,0,0,0,0,0,0,0,0,0,0,0,0,0,0,4.21000909805298,0,0,0,2.74546718597412,0,0,0,0
0,0,0,0,0,0,0,0,0,0,0,0,0,0,0,0,0,0,0,0,2.9244677289327,0,0,0,0,0,0,0,0,0,0,0,0,0,0,0,0,0,0,0,0,0,0,0,0,0,0,0,0,0,0,0,0,0,0,0,0,0,0,0,0,0,0,0,0,0,0,0,0,0,0,0,0,0,0,0,0,0,0,0,0,0,0,0,0,0,0
0,0,0,0,0,0,0,0,0,0,0,0,0,0,0,0,0,0,0,3.56142204606594,0,0,0,0,0,0,0,0,0,0,0,0,0,0,0,0,0,0,0,0,0,0,0,0,0,0,0,0,0,0,0,0,0,0,0,0,0,0,0,0,0,0,4.40672540664673,0,0,0,0,0,0,0,0,0,0,0,0,0,0,0,0,0,0,0,0,0,0,0,0
3.2417129278183,0,3.17181876880019,0,3.04412860686076,0,0,0,3.98636448241415,0,0,0,0,0,2.80947923660278,0,0,0,0,0,0,0,0,0,0,0,0,0,0,0,0,0,0,0,0,0,0,0,0,0,0,0,0,0,0,0,0,0,0,0,0,0,0,0,0,0,0,0,0,0,2.74587154388428,0,0,0,0,0,0,0,0,0,0,0,0,0,0,0,0,0,0,0,0,0,3.03066346956336,3.20761197805405,3.0986777329054,0,0
0,4.63780403137207,0,0,0,0,0,0,0,3.21623206452319,0,0,0,0,0,3.00895967467221,0,0,0,0,0,0,0,0,0,0,0,0,0,0,0,0,0,0,0,0,0,0,0,0,0,4.09788697787694,0,0,0,0,0,0,0,0,0,0,0,0,0,0,0,0,0,0,0,2.86706456271085,0,0,0,0,0,0,0,0,0,0,0,0,0,0,0,0,0,0,0,0,4.85865577061971,0,13.2155578931173,0,0
0,0,0,0,0,0,2.74839210510254,0,0,0,2.73298120498657,0,0,0,0,0,0,0,0,0,3.02777182996863,0,0,0,0,0,0,0,0,0,0,0,0,0,0,0,0,0,3.26217667956769,0,0,0,0,0,0,0,0,0,0,0,0,0,0,0,0,0,0,0,0,0,0,0,0,3.38014054298401,0,0,0,0,0,0,0,0,0,0,0,0,0,0,0,0,0,4.46480045848423,3.70240981762226,0,0,0,0
0,0,0,0,0,0,0,2.81463654836019,0,0,0,2.98439483524214,0,3.15237865667192,0,0,0,0,0,4.27014740292664,0,0,0,0,0,0,0,0,0,0,0,0,0,0,0,2.76268004945346,0,2.80681594848633,0,0,0,0,0,0,0,0,0,0,0,0,0,0,0,0,0,0,0,0,0,3.30447352577462,0,0,5.01072387877709,0,0,0,0,0,0,0,0,0,0,0,0,0,0,0,0,0,0,0,2.98759973513616,0,0,0,0
0,0,0,0,0,0,0,0,0,0,0,0,2.97274250703699,0,0,0,0,0,0,0,0,0,0,0,0,0,0,0,0,0,0,0,0,0,0,0,0,0,0,0,0,0,0,0,0,0,0,0,0,0,0,0,0,0,0,0,0,0,0,0,0,0,0,0,0,0,0,0,0,0,0,0,0,0,0,0,0,0,0,0,0,0,3.00011169304282,3.16779017396482,0,0,0
0,0,0,0,0,0,0,0,0,0,0,3.23712998855979,0,3.49598334004447,0,2.77850360870361,0,0,0,0,0,0,0,0,0,0,0,2.86829899730104,0,0,0,0,0,0,0,0,0,0,0,0,0,0,0,0,0,0,0,0,0,0,0,0,0,0,0,0,0,3.30447352577462,0,0,0,0,0,0,0,0,0,0,0,0,0,0,0,0,0,0,0,0,0,0,0,0,3.12369547522798,3.41811123131758,0,0,0
0,0,0,0,0,0,0,0,2.92784080785864,0,0,0,0,0,0,0,0,0,0,0,0,0,0,0,0,0,0,0,0,0,0,0,0,0,0,0,0,0,0,0,0,0,0,0,0,0,0,0,0,0,0,0,0,0,2.74587154388428,0,0,0,0,0,0,0,0,0,0,0,0,0,0,0,0,0,0,0,0,0,0,0,0,0,0,0,0,0,0,0,0
0,0,0,0,0,0,0,0,0,2.91947147720738,0,0,0,0,0,2.77594582239787,0,0,0,0,0,0,0,0,0,0,0,0,0,0,0,0,0,0,0,0,0,0,0,0,0,0,0,0,0,0,0,0,0,0,0,0,0,0,0,2.86706456271085,0,0,0,0,0,0,0,0,0,0,0,0,0,0,0,0,0,0,0,0,0,0,0,0,0,0,2.74097196261088,0,0,0,0
0,0,0,0,0,0,0,0,0,0,0,4.84015908473875,0,0,0,0,47.594419002533,36.8868817985058,22.9287923920877,2.9096900792349,0,0,0,0,0,0,0,0,0,0,0,0,0,0,0,3.27191842285109,0,3.81102615456248,0,5.4102754517954,0,15.3094589561628,0,21.1705965314593,0,7.57408462573254,0,0,0,0,0,0,0,4.40672540664673,0,0,0,5.01072387877709,0,0,0,0,0,0,0,0,0,0,0,0,0,0,0,0,0,0,0,0,3.76941008169301,61.0726623535156,4.93319304690088,0,9.20754170755968,0,11.9911614426066,15.2925054467755,0
19.8769260170185,0,0,0,0,0,0,0,0,0,3.01894500761321,0,0,0,0,0,43.3187890733991,41.4356511433919,26.9626317229925,0,2.90308575970786,0,0,0,0,0,0,0,0,0,0,0,0,0,0,0,3.04285362369412,0,0,72.8486531575521,0,0,18.2092232487418,0,20.7998592670147,0,18.6046326657136,0,0,0,0,0,0,0,0,0,3.38014054298401,0,0,0,0,0,0,0,0,0,0,0,0,0,0,0,0,0,0,0,0,0,72.4594924926758,4.24553886148118,65.9538345336914,4.15137535786327,22.5982069015503,0,16.8006823507945,0,18.134734471639
0,0,0,0,0,0,0,0,0,0,0,0,0,0,0,0,0,0,0,0,0,3.48863535657854,3.85970807084321,0,0,0,0,3.20035996039708,0,0,0,0,0,0,0,0,0,2.73032800356547,3.11392270349989,0,0,0,0,0,0,0,0,0,0,3.69369227787447,0,0,0,0,0,0,0,0,0,0,0,0,0,0,0,3.83941573455944,0,0,0,0,0,0,0,0,0,0,0,0,0,0,4.7858813449518,0,2.86292342032925,2.97544424286049,0,0,0
0,0,0,0,0,0,0,0,0,0,0,0,0,0,0,0,2.95824384689331,0,0,0,0,3.52071158424045,3.3328644251935,0,0,0,0,0,0,0,0,0,0,0,0,0,0,0,3.01241153597832,0,0,0,0,0,0,0,0,0,3.3086997071902,0,0,0,0,0,0,0,0,0,0,0,0,0,0,0,3.83941573455944,0,0,0,0,0,0,0,0,0,0,0,0,0,0,0,0,3.6739452679952,2.95658046480621,3.77186945586834,0,0,0
0,0,0,0,0,0,0,0,0,0,0,0,0,0,0,0,0,12.4572315216064,8.16531709035238,0,0,3.58058280856521,0,3.30351641174164,0,2.99170064926147,0,0,0,0,0,0,0,0,0,0,0,6.46797623292869,0,0,0,9.2417311157499,0,0,0,0,0,13.8582914216178,0,7.65555975748145,0,0,0,0,0,0,0,0,0,0,0,0,0,0,0,0,0,0,0,0,0,0,0,0,0,0,0,0,0,0,6.7921656015757,0,6.36908860828566,0,7.2164073255327,0,0
0,0,0,0,0,0,0,0,0,0,0,0,0,0,0,0,0,0,0,0,0,0,2.83532086662624,0,2.86828178034888,0,2.9351122379303,0,0,0,0,0,0,0,0,0,0,0,2.93714466040162,0,0,0,0,0,0,0,0,0,0,0,0,0,0,0,0,0,0,0,0,0,0,0,0,0,0,0,0,0,0,3.0582309961319,0,0,0,0,0,0,0,0,0,0,0,3.77244815073515,0,0,0,0,0
0,0,0,0,0,0,0,0,0,2.89696140062241,0,0,0,0,0,2.73693752288818,0,3.4122734969517,0,0,0,0,0,3.28767471313477,0,3.01073150975364,0,0,0,0,0,0,0,0,0,0,0,0,0,0,0,0,0,0,0,0,0,0,0,0,0,0,0,0,0,0,0,0,0,0,0,0,0,0,0,0,0,0,0,0,0,0,0,0,0,0,0,0,0,0,0,0,3.83363784520879,0,0,0,0
0,0,0,0,0,0,0,0,0,0,0,0,0,0,0,0,0,0,0,0,0,0,0,0,2.8415293176691,0,0,0,0,0,0,0,0,0,0,0,0,0,0,0,0,0,0,0,0,0,0,0,0,0,0,0,0,0,0,0,0,0,0,0,0,0,0,0,0,0,0,3.0582309961319,0,0,0,0,0,0,0,0,0,0,0,0,0,0,0,0,0,0,0
0,0,0,0,0,0,0,0,0,0,0,0,0,0,0,0,0,0,0,0,0,3.91991000705295,0,0,0,0,0,3.07758565350842,0,4.28678549187524,0,0,0,0,0,0,0,0,0,0,0,0,0,0,0,0,0,0,0,0,0,0,0,0,0,0,0,0,0,0,0,0,0,0,0,0,0,0,0,0,0,0,4.71376341540797,0,0,0,0,0,0,0,0,0,2.90759523230863,2.89649992278128,0,0,0
0,0,0,0,0,0,0,0,0,0,0,0,0,0,0,0,0,0,0,0,0,0,3.4112744450847,0,0,0,3.01029149691264,0,3.2094790894969,0,0,0,0,0,0,0,0,0,0,0,0,0,0,0,0,0,0,0,0,0,0,0,0,0,0,0,0,0,0,0,0,0,0,0,0,0,0,0,0,0,0,0,0,0,0,0,0,0,0,0,0,0,2.92814795537428,2.95826344820805,0,0,0
0,0,0,0,0,0,0,0,0,0,0,0,0,0,0,0,0,0,0,0,0,0,0,0,0,0,0,3.66825982489398,0,3.80536082045546,0,0,0,0,0,0,0,3.35417918805723,0,0,0,10.6227183592947,0,0,0,0,0,0,0,9.03642669019773,0,0,0,0,0,0,0,0,0,0,0,0,0,0,0,0,0,0,0,0,4.71376341540797,0,0,0,0,0,0,0,0,0,3.71331061505213,0,3.79472720623016,0,3.82820617068898,0,0
0,0,0,0,0,0,0,0,0,0,0,0,0,0,0,0,0,0,0,0,0,0,0,0,0,0,0,0,0,0,4.22148494720459,0,0,0,0,0,0,0,2.93788433074951,0,0,0,0,0,0,0,0,0,0,0,0,0,0,0,0,0,0,0,0,0,0,0,0,0,0,0,0,0,0,0,0,0,0,0,0,0,0,0,0,0,0,0,0,0,0,0,0
0,0,0,0,0,0,0,0,0,0,0,0,0,0,0,0,0,0,0,0,0,0,0,0,0,0,0,0,0,0,0,3.88933041565626,3.43711823918832,4.49301583079968,3.89091714223226,6.08439568003768,8.78976569912298,0,0,0,0,0,0,0,0,0,0,6.45035629247394,0,0,0,0,0,0,0,0,0,0,0,0,0,0,0,0,0,0,0,0,0,0,0,0,0,0,0,4.05351555560989,4.49111674488455,2.99325110018253,3.5483611907224,11.9349768108792,0,0,3.00392799758911,0,0,0,0
0,0,0,0,0,0,0,0,0,0,0,0,0,0,0,0,0,0,0,0,0,0,0,0,0,0,0,0,0,0,0,4.56321167544784,2.97753080598851,0,0,3.62616789762953,3.32866148629488,0,0,0,0,0,0,0,0,0,0,3.11449229470525,0,0,0,0,0,0,0,0,0,0,0,0,0,0,0,0,0,0,0,0,0,0,0,0,0,0,4.05351555560989,0,0,0,3.49201781174232,3.7360625427231,0,0,2.88403682959707,0,0,0,0
0,0,0,0,0,0,0,0,0,0,0,0,0,0,0,0,0,0,0,0,0,0,0,0,0,0,0,0,0,0,0,4.21538209915161,2.740797996521,3.59804191613079,3.45870264719039,4.13051621072796,0,3.57890066504478,4.21924614906311,0,0,0,0,0,0,0,0,4.64628146177136,13.094259262085,0,0,0,0,0,0,0,0,0,0,0,0,0,0,0,0,0,0,0,0,0,0,0,0,0,4.49111674488455,0,0,4.25373849413586,3.4043447131842,0,0,0,3.81735221147537,0,0,0,0
0,0,0,0,0,0,0,0,0,0,0,0,0,0,0,0,0,0,0,0,0,0,0,0,0,0,0,0,0,0,0,2.95832140105111,0,4.23181246906016,3.58948333670453,0,3.13244771212339,0,3.65948561827342,0,0,0,0,0,0,0,0,5.0966437756857,3.59304662274592,0,0,0,0,0,0,0,0,0,0,0,0,0,0,0,0,0,0,0,0,0,0,0,0,0,2.99325110018253,0,4.25373849413586,0,0,3.64305786733274,0,3.94764850186367,2.90954144403968,0,0,0,0
0,29.0142765968077,0,30.6294425964355,0,5.26702200373014,0,0,0,34.7865943908691,0,0,0,0,0,0,57.9674950274792,46.2184311723534,35.2228947914037,3.24558582901955,0,0,0,0,0,0,0,0,0,0,0,3.65099018307055,3.387675582422,2.96647399893854,0,3.53370221478554,4.26031304607872,3.07024138684392,0,7.05505921679397,0,18.8501347837777,0,23.6545309398485,52.9550399780273,44.5715964481395,62.9187278747559,7.26183596137882,0,6.37982719934904,0,4.21000909805298,0,0,0,0,0,0,0,0,0,0,3.76941008169301,72.4594924926758,0,0,0,0,0,0,0,0,0,0,3.5483611907224,3.49201781174232,3.4043447131842,0,0,17.4857896482994,9.27828517426615,75.6626487731934,23.4043076778475,3.08693551901193,22.2998858972518,24.399097442627,0
24.1055485696504,0,24.6252403259277,0,3.96591463088989,0,0,0,0,0,2.75551414489746,0,0,0,0,0,45.1253006374529,45.3356395477944,33.6649959366641,0,3.05954266428947,0,0,0,0,0,0,0,0,0,0,7.03455562126346,3.56549211321623,0,3.08988389602074,3.10070258901944,3.32034055789118,0,2.74989926815033,78.4238706316267,7.34521723924762,0,36.9335861206055,49.8241195678711,24.4319625331931,52.4572441101074,38.4057690699895,3.77946244101775,4.96080712396271,0,4.25663726690204,0,0,0,0,0,0,0,0,0,0,0,61.0726623535156,4.24553886148118,0,0,0,0,0,0,0,0,0,0,11.9349768108792,3.7360625427231,0,3.64305786733274,17.4857896482994,0,73.710506439209,48.3209918737411,18.8994081827562,3.53742493937413,24.3959075110414,0,65.2237548828125
0,31.0124702453613,0,30.798755645752,0,52.4428863525391,0,0,0,0,0,3.2385062681803,0,0,0,0,52.8266428947449,43.8597202493687,32.7440171011356,3.78991556167603,0,3.23174523230236,0,5.32295391477388,0,0,0,0,0,0,0,0,0,0,0,0,0,4.05172106372409,4.35500931295258,15.4102194216645,0,15.1056163588236,0,25.5791495132446,0,17.5734577814124,0,4.83556874593099,0,4.80958704877305,0,0,0,0,0,0,0,0,0,0,0,0,4.93319304690088,65.9538345336914,4.7858813449518,0,6.7921656015757,0,0,0,0,0,3.71331061505213,0,0,0,0,0,9.27828517426615,73.710506439209,0,4.42187746017139,16.7816271423604,29.4481060504913,13.4241709914872,16.0356756736492,0
23.7569597829687,0,0,0,0,0,0,0,0,0,3.93274963617111,0,0,0,0,0,43.622222328186,48.2451515197754,32.9579302817583,0,3.1710596481959,3.24531408873471,3.23821700331853,0,3.33409604043451,0,0,0,0,0,3.45404982566833,0,0,14.242011478969,3.13107399653671,0,0,4.00995507344279,3.12075064761589,83.8384399414062,51.7885398864746,0,22.001944065094,53.3153190612793,25.0708309102941,0,14.5132817375326,8.93769289799107,3.83236133818533,0,0,0,0,0,0,0,4.46480045848423,0,0,0,0,0,0,4.15137535786327,0,3.6739452679952,0,3.77244815073515,0,0,0,0,0,0,0,0,0,3.94764850186367,75.6626487731934,48.3209918737411,4.42187746017139,0,5.21983296779805,2.931121741516,12.8326291639502,0,0
4.80044121917967,23.5098802599712,6.49061521694996,4.4435835370311,4.84187619388103,14.0507844984531,2.89896400769552,0,6.46767899984962,4.13466143881744,2.8344942842211,2.95328470972868,2.90649574995041,3.7369476043261,2.76806880746569,3.78832570711772,6.58318256790047,8.28145237450435,11.768815425514,2.74873335221234,5.10147443271819,3.57884156612751,3.23538486265037,4.43498331138488,2.85589170455933,3.52002598574069,0,2.84008853776114,2.85214315112839,2.72495365142822,0,2.89687416950862,0,3.02408303893529,2.83165121078491,5.72852091975026,5.53696694614898,7.0757826079785,3.02247872074662,31.9505109670075,23.1184805679321,33.8091238760668,26.3785725054352,15.2905294858492,16.878439839681,17.7064657145723,15.8237957559674,14.0079409888141,20.2965076986481,18.8806896399988,12.6274826964554,2.74546718597412,0,0,3.03066346956336,4.85865577061971,3.70240981762226,2.98759973513616,3.00011169304282,3.12369547522798,0,2.74097196261088,9.20754170755968,22.5982069015503,2.86292342032925,2.95658046480621,6.36908860828566,0,3.83363784520879,0,2.90759523230863,2.92814795537428,3.79472720623016,0,3.00392799758911,2.88403682959707,3.81735221147537,2.90954144403968,23.4043076778475,18.8994081827562,16.7816271423604,5.21983296779805,0,5.57034791569973,12.5923967375622,28.8622806072235,32.7970363429335
0,0,0,0,5.07455214332132,24.3734829902649,0,0,3.88365626335144,4.43317803558038,0,0,2.99040921571407,3.52003495507377,2.94762349128723,0,3.30219615713099,6.1541519219179,0,0,0,3.76111877105645,3.54345566960814,0,0,0,0,3.09150467380401,2.95491143775313,0,0,0,0,3.64874855677287,0,3.57839601051312,4.36863424280811,3.04659872584873,3.54106651033674,34.1357635215477,0,38.2030962717261,33.7653818130493,15.873370885849,0,17.1530795464149,0,39.1168626149495,0,35.7967196770434,0,0,0,0,3.20761197805405,0,0,0,3.16779017396482,3.41811123131758,0,0,0,0,2.97544424286049,3.77186945586834,0,0,0,0,2.89649992278128,2.95826344820805,0,0,0,0,0,0,3.08693551901193,3.53742493937413,29.4481060504913,2.931121741516,5.57034791569973,0,15.2500740338456,0,0
6.63604403993984,5.50496077807852,8.51716280360964,5.46444401184092,5.81803110588429,16.1770796092351,0,0,11.7828121185303,4.41299912621416,0,0,0,0,0,0,40.7606984865298,40.0028547777895,21.0777457248073,4.11818140950696,4.34589828635162,0,0,6.79590167999268,0,0,0,0,0,0,0,0,0,0,0,21.3405380638022,7.46092093617777,6.19410654910806,0,14.4350953736899,13.1579180728935,21.1403151506118,15.9235352693377,13.0008390786043,19.33411878496,13.39487227747,14.2284092140184,14.4871323474959,16.7578926094467,16.7283431275987,10.0439696993147,0,0,0,3.0986777329054,13.2155578931173,0,0,0,0,0,0,11.9911614426066,16.8006823507945,0,0,7.2164073255327,0,0,0,0,0,3.82820617068898,0,0,0,0,0,22.2998858972518,24.3959075110414,13.4241709914872,12.8326291639502,12.5923967375622,15.2500740338456,0,15.5588610309574,11.365797428459
0,0,0,0,0,0,0,0,0,0,0,0,0,0,0,0,35.521297454834,29.2167032931713,18.0768511279736,0,0,0,0,0,0,0,0,0,0,0,0,0,0,0,0,0,0,0,0,20.2113188693398,0,9.155490499024,0,0,0,0,0,0,0,0,0,0,0,0,0,0,0,0,0,0,0,0,15.2925054467755,0,0,0,0,0,0,0,0,0,0,0,0,0,0,0,24.399097442627,0,16.0356756736492,0,28.8622806072235,0,15.5588610309574,0,0
0,0,0,0,0,0,0,0,0,0,0,0,0,0,0,0,29.3875166340878,55.2914619445801,29.5207200248706,0,0,0,0,0,0,0,0,0,0,0,0,0,0,0,0,0,0,0,0,0,39.2514457702637,0,7.24059521822119,0,0,0,37.8400554656982,0,0,0,0,0,0,0,0,0,0,0,0,0,0,0,0,18.134734471639,0,0,0,0,0,0,0,0,0,0,0,0,0,0,0,65.2237548828125,0,0,32.7970363429335,0,11.365797428459,0,0
