0,0,3.35849183797836,0,0,0,0,0,3.66194972476444,0,0,0,0,0,0,0,42.9367442131042,0,5.58005683352838,0,0,0,0,0,0,0,0,0,0,0,0,0,0,0,0,0,57.3680553436279,0,14.7450574288001,0,27.205415725708,0,16.4126843870356,0,0,0,26.6100766992056,30.1385631561279,14.0331086860576,0,0,0,0,0,5.36678125670082,0,17.0298908551534,0,0,0,3.56717639810899,0,0,27.8188104629517,0,0,0,0,0,0,0,0,0,17.3094496219716,0,0,0,0,0,35.2207194782744,0,33.8232933680216,8.90906589631816,0,13.1745715838948,0,11.2798002447401
0,0,0,4.83069975283239,0,0,0,0,0,6.42424021113104,0,0,0,0,0,0,66.1610870361328,72.6944541931152,10.806649302735,0,0,0,0,12.555151436064,0,0,0,0,0,0,0,0,0,0,0,0,0,14.7681580611638,0,28.2209358215332,0,20.3535628094336,59.5278129577637,0,0,0,58.6082201004028,26.3231710013697,0,8.37106689604522,0,0,0,0,0,5.82960266358144,0,11.741651242992,0,6.966475519267,0,7.08070616447489,0,0,0,0,7.28811502878645,0,0,0,15.3080766042074,0,22.350922231321,0,0,0,0,0,33.5803850037711,0,29.7001319726308,0,11.0967217098932,0,15.7529115380289,0,0
3.35849183797836,0,0,0,0,0,0,0,0,0,0,0,0,0,0,0,0,0,0,0,17.1999912261963,0,0,0,0,0,0,0,0,0,0,0,0,0,0,0,0,0,29.3286552429199,0,27.8270092010498,0,17.1487956888535,0,0,0,27.6739025115967,0,7.8870156288147,38.7938423156738,0,0,0,0,0,0,17.9696479685166,0,5.40497709274292,0,6.97358672959464,0,0,12.771170661563,0,0,0,0,0,0,0,0,0,29.7330131530762,0,0,0,0,0,36.7555153369904,0,30.5392391204834,17.3055951749125,0,12.0137908775309,0,12.2856630597796
0,4.83069975283239,0,0,0,11.9549380143483,0,0,0,19.0082499504089,0,15.3443676341664,0,0,0,0,68.6596069335938,0,16.8525182219113,0,0,0,0,22.725279490153,0,0,0,0,0,0,0,0,0,0,0,21.7469844818115,0,25.8737370627267,0,45.3510360717773,0,32.470475996955,0,0,0,24.5201256695916,0,53.5784721374512,0,10.7518309013264,0,0,0,0,0,10.4878628158569,0,11.8356054003319,0,6.25137642604202,0,8.49113664200635,54.7970771789551,0,0,0,22.3471733093262,0,0,0,0,0,30.5611029920907,0,0,0,0,0,66.1290669441223,39.3054536183675,40.0774077791156,0,21.5819869018183,0,20.3889073346739,0,0
0,0,0,0,0,0,0,0,4.6879849655112,0,0,0,0,0,0,0,0,0,0,0,0,0,0,0,0,0,0,0,0,0,0,0,0,0,0,0,0,0,0,0,0,0,0,0,0,0,0,0,0,0,3.59753441810608,0,0,0,4.86259269714355,0,0,0,0,0,0,0,0,0,0,0,0,0,0,0,0,0,0,0,0,0,0,0,0,0,0,0,7.96899364211343,0,0,0,0
0,0,0,11.9549380143483,0,0,0,0,0,3.06047642230988,0,0,0,0,0,0,0,0,0,2.78556394577026,0,0,0,0,0,0,0,0,0,0,0,0,0,0,0,25.328706741333,0,0,0,0,0,0,0,0,0,0,0,0,0,21.2606528600057,0,2.93776255607605,0,0,0,3.2107693981706,0,2.7435245513916,0,0,0,3.2993260383606,0,0,0,0,0,0,0,0,0,0,0,0,0,0,0,0,0,0,0,0,21.9025081396103,0,14.8203007349601,0,0
0,0,0,0,0,0,0,0,0,0,2.84731829166412,0,2.85325741767883,0,0,0,0,0,0,0,0,0,0,0,0,0,0,0,0,0,0,0,0,0,0,0,0,0,0,0,0,0,0,0,0,0,0,0,0,0,0,0,0,0,0,0,4.56707948659148,0,4.68714213069481,0,0,0,0,0,0,0,0,0,0,0,0,0,0,0,0,0,0,0,0,0,0,0,2.95506296157837,0,0,0,0
0,0,0,0,0,0,0,0,0,0,0,0,0,0,0,0,0,0,0,0,0,0,0,0,0,0,0,0,0,0,0,0,0,0,0,0,0,0,0,0,0,0,0,0,0,0,0,0,0,0,0,0,0,0,0,0,0,0,0,0,0,0,0,0,0,0,0,0,0,0,0,0,0,0,0,0,0,0,0,0,0,0,2.74693310260773,0,0,0,0
3.66194972476444,0,0,0,4.6879849655112,0,0,0,0,0,0,0,0,0,5.05309522946676,0,4.19598366034151,0,0,0,0,0,0,0,4.24807432444409,0,3.38105821609497,0,0,0,0,0,0,0,0,0,0,0,6.13205930273584,0,0,0,5.93995141983032,0,0,0,0,0,4.64985052744548,0,0,0,0,0,5.04484463514755,0,18.989875793457,0,0,0,4.58050704683576,0,0,0,0,0,0,6.87032056216038,0,0,0,0,0,0,0,0,0,0,0,0,0,5.205894947052,4.83297021016338,7.22848755827447,5.8759395022725,0,6.13335405077253
0,6.42424021113104,0,19.0082499504089,0,3.06047642230988,0,0,0,0,0,0,0,0,0,0,0,70.1719970703125,41.1544392903646,0,0,0,0,3.51328760782878,0,0,0,0,0,0,0,0,0,0,0,0,0,12.2784120341142,0,0,0,25.3614309469859,0,0,0,0,0,30.4419914592396,0,19.231422662735,0,0,0,0,0,7.46437827954488,0,22.1569777402011,0,0,0,2.98964037155283,0,0,0,0,6.67417066634735,0,2.95104455947876,0,18.9503078460693,0,22.4624325678899,0,0,0,0,0,0,0,8.58127454091918,0,9.77202453779862,2.95288975490546,13.766009032208,0,0
0,0,0,0,0,0,2.84731829166412,0,0,0,0,0,3.44044384786061,0,0,0,0,0,0,0,5.04956883564591,0,0,0,0,0,0,0,0,0,3.79953479766846,0,0,0,0,0,3.39621958387903,0,4.58544906012091,0,0,0,0,0,0,0,0,0,0,0,0,0,0,0,0,0,5.32315514580362,0,4.08401726133683,0,0,0,0,7.87426220178604,0,0,0,0,0,0,0,3.22488843310963,0,9.6220615170583,0,0,0,0,0,8.43699417045812,0,5.78224259111551,4.81215778780347,0,4.08719552130926,0,0
0,0,0,15.3443676341664,0,0,0,0,0,0,0,0,0,3.20762464038113,0,0,0,0,0,4.09536182880402,0,0,0,0,0,0,0,3.65448727327235,0,3.64344803024741,0,0,0,0,0,3.55858660207854,0,4.05814053139004,0,0,0,0,0,0,0,0,0,0,0,25.1033802032471,0,0,0,0,0,21.9320392608643,0,4.77845470831514,0,3.13984788770982,0,0,5.33709953355451,0,0,0,0,0,0,0,2.74666976928711,0,4.97064933776855,0,0,0,0,0,0,0,5.96473790032883,0,3.72214449551089,0,13.8268119812012,0,0
0,0,0,0,0,0,2.85325741767883,0,0,0,3.44044384786061,0,0,0,3.36335108154698,0,0,0,0,0,0,0,0,0,0,0,0,0,3.44713412693569,0,0,0,0,0,0,0,0,0,0,0,0,0,0,0,0,0,0,0,0,0,0,0,0,0,0,0,4.04943894386292,0,3.20164788853038,0,0,0,0,0,0,0,0,0,0,0,0,4.57707440151888,0,0,0,0,0,0,0,0,0,0,3.05810194923764,3.36161246666541,0,0,0
0,0,0,0,0,0,0,0,0,0,0,3.20762464038113,0,0,0,3.11706048250198,0,0,0,0,0,0,0,0,0,0,0,0,0,0,0,0,0,0,0,0,0,0,0,0,0,0,0,0,0,0,0,0,0,0,0,0,0,0,0,0,0,2.72884821891785,0,3.18482916167357,0,0,0,0,0,0,0,0,0,0,0,0,0,0,0,0,0,0,0,0,0,0,2.8838177257114,0,0,0,0
0,0,0,0,0,0,0,0,5.05309522946676,0,0,0,3.36335108154698,0,0,0,3.29258043898477,0,0,0,0,0,0,0,10.7626390457153,0,5.07429217798105,0,0,0,0,0,0,0,0,0,0,0,0,0,0,0,0,0,0,0,0,0,0,0,0,0,0,0,8.09409353137016,0,0,0,0,0,3.01316061102111,0,0,0,0,0,0,12.4493199807626,0,2.9441957672437,0,0,0,0,0,0,0,0,0,0,0,0,3.298821125945,2.83896391391754,0,0,0
0,0,0,0,0,0,0,0,0,0,0,0,0,3.11706048250198,0,0,0,0,0,0,0,0,0,0,0,0,0,0,0,0,0,0,0,0,0,0,0,0,0,0,0,0,0,0,0,0,0,0,0,0,0,0,0,0,0,0,0,0,0,2.99215621252855,0,2.93556480407715,0,0,0,0,0,0,3.5558066368103,0,0,0,0,0,0,0,0,0,0,0,0,0,0,0,0,0,0
42.9367442131042,66.1610870361328,0,68.6596069335938,0,0,0,0,4.19598366034151,0,0,0,0,0,3.29258043898477,0,0,18.8433280241884,15.6171282438,0,0,14.2043933868408,3.30490641593933,0,0,0,4.68803972636952,0,4.07157635688782,0,0,0,0,0,0,85.4636116027832,103.059474945068,44.4538841247559,0,63.6302903288154,59.917316087087,53.1201201926032,40.0163683553713,47.9135808944702,0,55.1797426011827,56.5869701997733,0,0,50.8431498209635,0,0,0,0,4.23319721221924,0,46.6915855407715,64.2319050598145,0,0,0,0,71.4716110229492,66.1569644383022,0,0,76.8938636779785,0,0,0,0,0,67.6767615614266,52.6541768242331,0,0,0,0,65.1315351934994,65.3177326415396,64.0732513541606,59.3836619889916,15.0912134408351,13.3462398476493,51.9875323526407,60.2920248368207,35.2840527658877
0,72.6944541931152,0,0,0,0,0,0,0,70.1719970703125,0,0,0,0,0,0,18.8433280241884,0,17.3941584405833,0,0,6.90674557581625,0,20.4777727603912,0,3.10841228280749,0,0,0,0,0,0,0,0,0,77.8726119995117,95.9089965820312,63.6791038513184,0,61.4017755547348,67.2700595277728,40.5513604293561,52.8278854390517,37.3737545013428,0,50.8891127586365,63.3937064737513,81.2655754089355,0,54.9285405476888,0,0,0,0,0,0,57.8768548965454,57.7732067108154,0,0,0,0,66.4635667800903,58.3733100891113,5.42962259054184,0,65.6641159057617,0,4.40426155828661,0,55.9244976043701,0,57.6924902925786,64.7004792955187,0,0,0,0,62.7733260220244,73.896365394277,57.7786988268126,70.7959398668866,14.2807453177489,11.7547701509987,54.3880452127697,35.8438623055168,50.9907580784389
5.58005683352838,10.806649302735,0,16.8525182219113,0,0,0,0,0,41.1544392903646,0,0,0,0,0,0,15.6171282438,17.3941584405833,0,0,33.5301818847656,0,0,40.7948479652405,0,0,0,0,0,0,0,0,0,0,0,63.6194451649984,81.0344866239108,51.7102458953857,41.7513580322266,49.0974883859016,41.3646589236313,25.8854486144834,28.0935950731948,23.2046051025391,0,42.0489415740967,39.4422508633921,0,47.8248825073242,40.4580339431763,0,0,0,0,0,29.4144921302795,35.080223719279,36.8553884832353,0,0,0,0,56.8598213513692,43.7793949127197,0,0,43.1832792758942,0,0,0,51.0452613830566,0,40.8214182349724,41.2619821684701,0,0,0,0,46.9126784105951,48.3162881105338,43.5993096235111,49.8392028808594,16.2072782066065,39.0487603274259,34.3999418145923,27.7064516957246,24.351502467846
0,0,0,0,0,2.78556394577026,0,0,0,0,0,4.09536182880402,0,0,0,0,0,0,0,0,0,0,0,0,0,0,0,0,0,0,0,0,0,0,0,3.79111657797122,0,4.65516033551551,0,0,0,0,0,0,0,0,0,0,0,0,0,2.84782770633698,0,2.7484587430954,0,0,0,4.6418259257362,0,13.2246856689453,0,0,3.87794483254438,0,0,0,0,0,0,0,0,0,6.93742227554321,0,0,0,0,0,6.32111719473084,0,4.99711751937866,0,6.9169400552424,0,3.34116770823797,0,0
0,0,17.1999912261963,0,0,0,0,0,0,0,5.04956883564591,0,0,0,0,0,0,0,33.5301818847656,0,0,0,0,0,0,0,0,0,0,0,0,0,0,0,0,0,4.308837329474,0,5.51404034882261,0,0,0,63.0040906270345,0,0,0,34.468936920166,0,23.0013828277588,0,4.77356216311455,0,12.6058416366577,0,12.4616203308105,0,3.99449346574296,0,0,0,12.4758701324463,0,0,6.12620766712279,0,0,0,0,0,0,0,0,0,6.36350064277649,0,0,0,0,0,7.27045215773828,0,7.60912695169726,5.08222855975449,9.49534606933594,7.3647928237915,0,16.7893199920654
0,0,0,0,0,0,0,0,0,0,0,0,0,0,0,0,14.2043933868408,6.90674557581625,0,0,0,0,4.14658400072045,3.4435819831549,0,2.9239851550052,0,2.85989956443126,0,0,0,0,0,0,0,0,0,6.01149356807981,0,0,0,0,0,0,0,0,0,0,0,8.75127742739467,0,0,0,0,0,0,0,0,0,0,0,0,0,0,4.54620572502125,2.86032802408392,3.78331851190136,0,4.76681101322174,0,5.53283515225453,0,0,0,0,0,0,0,98.3217620849609,0,7.24975051103829,0,4.76720979075064,4.95773651947578,0,0,0
0,0,0,0,0,0,0,0,0,0,0,0,0,0,0,0,3.30490641593933,0,0,0,0,4.14658400072045,0,0,3.68294970393181,0,3.00531636584889,0,3.11689302083608,0,0,0,0,0,0,0,0,5.03350335756938,4.65020466069437,0,0,0,0,0,0,0,0,0,5.23215528509834,0,0,0,0,0,0,0,0,0,0,0,0,0,0,0,4.27940464019775,5.54958622672777,0,4.56296195586522,0,0,0,2.95844221115112,0,0,0,0,0,0,0,0,3.16973733901978,4.24006838296886,4.77773992821132,4.99485476370211,0,0,0
0,12.555151436064,0,22.725279490153,0,0,0,0,0,3.51328760782878,0,0,0,0,0,0,0,20.4777727603912,40.7948479652405,0,0,3.4435819831549,0,0,0,3.80860407162557,0,0,0,0,0,0,0,0,0,0,0,4.06485832104316,0,0,0,40.387122631073,0,0,0,0,75.3498382568359,0,0,12.1655235091845,0,0,0,0,0,2.95692313634432,0,18.540073076884,0,0,0,0,0,0,3.51778465927027,0,3.89722120602926,0,3.40330717975287,0,0,0,22.8877201080322,0,0,0,0,0,0,0,7.84974339522567,0,24.1887313961983,0,15.5104323029518,0,0
0,0,0,0,0,0,0,0,4.24807432444409,0,0,0,0,0,10.7626390457153,0,0,0,0,0,0,0,3.68294970393181,0,0,0,3.39336013793945,0,0,0,0,0,0,0,0,0,0,0,3.7268376741253,0,0,0,9.50644207000732,0,0,0,0,0,5.1710262298584,0,0,0,0,0,6.22537561632552,0,0,0,0,0,10.9911413192749,0,0,0,0,3.14285075421236,0,3.3242016616909,0,2.9080839807337,0,0,0,0,0,0,0,0,0,0,0,5.03025072343122,5.19563323469723,0,3.38743195241811,0,0
0,0,0,0,0,0,0,0,0,0,0,0,0,0,0,0,0,3.10841228280749,0,0,0,2.9239851550052,0,3.80860407162557,0,0,0,0,0,0,0,0,0,0,0,0,0,0,0,0,0,0,0,0,0,0,0,0,0,0,0,0,0,0,0,0,0,0,0,0,0,0,0,0,3.3859838308209,0,3.92347562631821,0,3.02189387862844,0,3.26847344444644,0,0,0,0,0,0,0,0,0,0,0,2.89551889896393,0,0,0,0
0,0,0,0,0,0,0,0,3.38105821609497,0,0,0,0,0,5.07429217798105,0,4.68803972636952,0,0,0,0,0,3.00531636584889,0,3.39336013793945,0,0,0,3.9079755198571,0,0,0,0,0,0,0,0,0,0,0,0,0,0,0,0,0,0,0,4.67034928798676,0,0,0,0,0,6.68841767311096,0,0,0,0,0,6.62356869900813,0,0,0,0,3.5091172059377,0,3.68259635012029,0,3.41311250013464,0,4.18085878235953,0,0,0,0,0,0,0,0,0,0,4.14209354084891,7.18825101852417,0,0,0
0,0,0,0,0,0,0,0,0,0,0,3.65448727327235,0,0,0,0,0,0,0,0,0,2.85989956443126,0,0,0,0,0,0,0,3.39833796806023,0,0,0,0,0,0,0,3.07866770426432,0,0,0,0,0,0,0,0,0,0,0,0,0,0,0,0,0,0,0,0,0,0,0,0,0,0,2.92375527109419,0,0,0,0,0,3.33498515256246,0,3.96247733723034,0,0,0,0,0,0,0,3.24969245837285,0,2.91403397646817,0,0,0,0
0,0,0,0,0,0,0,0,0,0,0,0,3.44713412693569,0,0,0,4.07157635688782,0,0,0,0,0,3.11689302083608,0,0,0,3.9079755198571,0,0,0,3.1405593397912,0,0,0,0,0,0,0,4.58243972243685,0,0,0,0,0,0,0,0,0,4.19916325145298,0,0,0,0,0,0,0,0,0,0,0,0,0,0,0,0,5.28523228588584,0,0,0,4.83492612838745,0,3.35060495640858,0,3.71885734651147,0,0,0,0,0,0,0,5.15790075108521,4.54890413542052,0,0,0,0
0,0,0,0,0,0,0,0,0,0,0,3.64344803024741,0,0,0,0,0,0,0,0,0,0,0,0,0,0,0,3.39833796806023,0,0,0,0,0,0,0,0,0,3.55713525486453,0,0,0,0,0,0,0,0,0,0,0,0,0,0,0,0,0,0,0,4.03214008099324,0,2.88171140900974,0,0,0,0,0,0,0,0,0,0,3.88044693751936,0,3.7846327465634,0,0,0,0,0,0,0,5.06425761200888,0,2.85124143958092,0,0,0,0
0,0,0,0,0,0,0,0,0,0,3.79953479766846,0,0,0,0,0,0,0,0,0,0,0,0,0,0,0,0,0,3.1405593397912,0,0,0,0,0,0,0,0,0,3.33517253398895,0,0,0,0,0,0,0,0,0,0,0,0,0,0,0,0,0,3.79142600611637,0,0,0,0,0,0,0,0,0,0,0,0,0,0,3.47069929705726,0,3.72067686910552,0,0,0,0,0,0,0,4.41186991759709,2.88462007045746,0,0,0,0
0,0,0,0,0,0,0,0,0,0,0,0,0,0,0,0,0,0,0,0,0,0,0,0,0,0,0,0,0,0,0,0,4.08899458783918,6.12718265453974,2.95607288678487,4.64440654832234,0,0,0,0,0,0,0,0,0,0,0,6.30266027381836,14.1250342063184,7.42779664070375,0,0,0,0,0,0,0,0,0,0,0,0,0,0,0,0,0,0,0,0,0,0,0,0,3.78546965432713,3.32705617426467,9.94233110760958,8.64942455291748,7.51397185606115,0,0,0,2.76567525130052,0,0,0,0
0,0,0,0,0,0,0,0,0,0,0,0,0,0,0,0,0,0,0,0,0,0,0,0,0,0,0,0,0,0,0,4.08899458783918,0,10.9039431512356,0,3.99093953768412,2.96190980118765,0,0,0,0,0,0,0,0,0,0,4.70377283779021,0,0,0,0,0,0,0,0,0,0,0,0,0,0,0,0,0,0,0,0,0,0,0,0,0,0,4.43162074829768,2.99683159080137,24.2702131271362,2.75562882423401,0,4.48701192977581,0,0,4.15894011259079,0,0,0,0
0,0,0,0,0,0,0,0,0,0,0,0,0,0,0,0,0,0,0,0,0,0,0,0,0,0,0,0,0,0,0,6.12718265453974,10.9039431512356,0,3.60471816235671,3.39305981679599,0,3.99788904190063,4.07888457749752,0,0,5.99461460113525,0,0,0,0,0,5.20445079341904,0,0,0,0,0,0,0,0,0,0,0,0,0,0,0,0,0,0,0,0,0,0,0,0,0,0,7.14242005348206,0,4.15176179260015,3.93455421433194,4.99755684372519,0,4.13497476967481,2.96152360374863,3.98698227082936,0,0,0,0
0,0,0,0,0,0,0,0,0,0,0,0,0,0,0,0,0,0,0,0,0,0,0,0,0,0,0,0,0,0,0,2.95607288678487,0,3.60471816235671,0,0,3.87794675485862,0,3.43858392615067,0,0,0,7.06918016517952,0,0,0,0,5.08443506082692,6.0272274017334,10.5146083831787,0,0,0,0,0,0,0,0,0,0,0,0,0,0,0,0,0,0,0,0,0,0,0,0,0,0,4.64094430201051,4.68071369045601,0,6.75146095263652,0,3.28972833951314,5.30365973640891,0,10.8703988393148,0,0
0,0,0,21.7469844818115,0,25.328706741333,0,0,0,0,0,3.55858660207854,0,0,0,0,85.4636116027832,77.8726119995117,63.6194451649984,3.79111657797122,0,0,0,0,0,0,0,0,0,0,0,4.64440654832234,3.99093953768412,3.39305981679599,0,0,3.57212108222532,5.67477248991123,0,64.9773025512695,0,56.9701978510076,0,0,0,33.5587706565857,105.585380554199,6.28261702146557,0,0,0,0,0,0,0,24.2676067352295,0,4.50071361099464,0,19.3194389343262,0,22.8946066962348,5.88728919573374,0,0,0,0,0,0,0,0,0,47.6433639526367,0,4.63010311559542,6.74519538879395,4.63359570807599,0,6.05462020778188,3.51714160087261,9.63950059947773,0,4.30069174218045,3.35830605414606,10.2141337661795,0,0
57.3680553436279,0,0,0,0,0,0,0,0,0,3.39621958387903,0,0,0,0,0,103.059474945068,95.9089965820312,81.0344866239108,0,4.308837329474,0,0,0,0,0,0,0,0,0,0,0,2.96190980118765,0,3.87794675485862,3.57212108222532,0,0,5.08781786738099,0,79.6195755004883,0,52.2078151702881,79.262092590332,0,0,62.3428405761719,4.28986410270932,0,0,0,0,0,0,0,0,3.92114421900581,0,0,0,0,0,0,6.60638828884215,0,0,0,0,0,0,0,0,0,68.5575180053711,0,4.15784045477598,0,5.14729551173726,6.52143126237588,6.3550160327983,0,6.61330557125659,5.40085924412654,8.85196927706401,14.3113121479116,0,71.8489456176758
0,14.7681580611638,0,25.8737370627267,0,0,0,0,0,12.2784120341142,0,4.05814053139004,0,0,0,0,44.4538841247559,63.6791038513184,51.7102458953857,4.65516033551551,0,6.01149356807981,5.03350335756938,4.06485832104316,0,0,0,3.07866770426432,0,3.55713525486453,0,0,0,3.99788904190063,0,5.67477248991123,0,0,2.95158091696297,78.612548828125,0,32.3063637097677,62.9927291870117,0,0,13.6546664237976,0,6.51791116169521,0,10.0045041998392,0,0,0,0,0,15.7799795695714,0,4.86894982550319,0,0,0,0,8.56651717635383,0,7.54381124506292,0,4.96802248133679,0,0,0,5.48710873040808,0,4.23487965580654,0,0,0,4.43840323492538,0,8.96598650905041,86.0150146484375,5.78909813911089,3.34999591561983,5.58200145522848,0,9.08618156014933,0,0
14.7450574288001,0,29.3286552429199,0,0,0,0,0,6.13205930273584,0,4.58544906012091,0,0,0,0,0,0,0,41.7513580322266,0,5.51404034882261,0,4.65020466069437,0,3.7268376741253,0,0,0,4.58243972243685,0,3.33517253398895,0,0,4.07888457749752,3.43858392615067,0,5.08781786738099,2.95158091696297,0,0,0,72.9343719482422,11.2956999104991,0,0,0,0,5.95956484141288,6.49133180751847,0,0,0,0,0,13.2597509479243,0,10.3808879499082,0,0,0,0,0,0,11.4763262271881,0,4.6418110832572,0,5.95570156937939,0,0,0,4.89572655418773,83.9158706665039,8.31497085612753,0,0,3.8950183391571,4.56567405617755,0,7.74980878790794,2.9951977998438,5.51809160662627,6.45303747988284,5.37507104873657,10.0521919171397,0,14.6542529639076
0,28.2209358215332,0,45.3510360717773,0,0,0,0,0,0,0,0,0,0,0,0,63.6302903288154,61.4017755547348,49.0974883859016,0,0,0,0,0,0,0,0,0,0,0,0,0,0,0,0,64.9773025512695,0,78.612548828125,0,0,80.8567428588867,20.3408211280185,69.8066858564104,28.5074413523954,0,7.45920055818734,90.2760096958705,11.0704974375273,13.6457567214966,6.76872568057455,0,0,0,0,0,0,0,33.3963230252266,0,0,0,0,22.1719554827303,109.769348144531,0,0,0,0,0,0,0,0,43.0168472276366,0,0,0,0,0,21.5730679747382,96.4985941106623,39.5210402224162,89.2832063947405,48.807177987592,68.7762222290039,11.5739130962883,14.9399147298601,54.7871589660645
27.205415725708,0,27.8270092010498,0,0,0,0,0,0,0,0,0,0,0,0,0,59.917316087087,67.2700595277728,41.3646589236313,0,0,0,0,0,0,0,0,0,0,0,0,0,0,0,0,0,79.6195755004883,0,0,80.8567428588867,0,51.1749114990234,19.8687464928064,68.9546127319336,0,0,6.74647849355766,45.7703475952148,12.2077169481298,0,0,0,0,0,0,0,0,0,0,0,0,0,0,4.7760207404693,0,0,0,0,0,0,0,0,0,29.9595629748176,0,0,0,0,78.707509358724,9.83041988735663,94.8442878723145,44.7309510582372,39.2334586129044,81.9343032836914,13.0243077224289,0,21.0180886586507
0,20.3535628094336,0,32.470475996955,0,0,0,0,0,25.3614309469859,0,0,0,0,0,0,53.1201201926032,40.5513604293561,25.8854486144834,0,0,0,0,40.387122631073,0,0,0,0,0,0,0,0,0,5.99461460113525,0,56.9701978510076,0,32.3063637097677,72.9343719482422,20.3408211280185,51.1749114990234,0,16.6149338009966,13.8103935235255,0,28.2661757469177,65.8459959030151,9.27929031247678,58.7716369628906,12.2449110008783,0,0,0,0,0,29.9704014006115,0,19.9520615594058,0,26.1961269378662,0,28.8368903073398,24.0023722857672,0,0,0,36.8053063612718,0,0,0,21.8507558713194,0,18.2754646295524,0,0,0,10.3401971817017,0,20.9947044255713,74.5394326234475,21.3558323362798,67.7393966674805,14.258300167434,9.45164094368617,13.5361782979216,9.22733575427343,50.5782615661621
16.4126843870356,59.5278129577637,17.1487956888535,0,0,0,0,0,5.93995141983032,0,0,0,0,0,0,0,40.0163683553713,52.8278854390517,28.0935950731948,0,63.0040906270345,0,0,0,9.50644207000732,0,0,0,0,0,0,0,0,0,7.06918016517952,0,52.2078151702881,62.9927291870117,11.2956999104991,69.8066858564104,19.8687464928064,16.6149338009966,0,48.5702276229858,0,58.8701520647321,18.7138202557504,8.8210435685571,10.1812261410307,43.7215693473816,0,0,0,0,17.6664657592773,0,18.0138736161669,66.5103476388114,0,0,0,0,0,22.7477794361115,0,0,0,0,0,0,0,0,71.0395489742881,18.7664895951384,0,0,0,9.76803354783492,74.0289930299271,25.0379688688044,72.6651907784598,21.5744352231936,21.5257081631351,19.8276577546046,13.5018862377925,56.4557298932757,9.90835137029115
0,0,0,0,0,0,0,0,0,0,0,0,0,0,0,0,47.9135808944702,37.3737545013428,23.2046051025391,0,0,0,0,0,0,0,0,0,0,0,0,0,0,0,0,0,79.262092590332,0,0,28.5074413523954,68.9546127319336,13.8103935235255,48.5702276229858,0,0,21.281696955363,47.6732139587402,34.8013648986816,0,22.9880731370714,0,0,0,0,0,0,0,30.7493743896484,0,0,0,0,30.0424255571867,0,0,0,0,0,0,0,0,0,34.8123105367025,0,0,0,0,0,32.7281283934911,54.5918636322021,38.7586044311523,0,12.8108080489726,0,16.8204617125265,0,0
0,0,0,0,0,0,0,0,0,0,0,0,0,0,0,0,0,0,0,0,0,0,0,0,0,0,0,0,0,0,0,0,0,0,0,0,0,0,0,0,0,0,0,0,0,0,0,0,0,0,0,0,0,0,0,0,0,0,0,0,0,0,0,0,0,0,0,0,0,0,0,0,0,0,0,0,0,0,0,0,0,0,0,0,0,0,0
0,0,0,24.5201256695916,0,0,0,0,0,0,0,0,0,0,0,0,55.1797426011827,50.8891127586365,42.0489415740967,0,0,0,0,0,0,0,0,0,0,0,0,0,0,0,0,33.5587706565857,0,13.6546664237976,0,7.45920055818734,0,28.2661757469177,58.8701520647321,21.281696955363,0,0,68.3761100769043,0,0,22.6865606307983,0,0,0,0,0,0,0,33.5217312971751,0,0,0,0,6.48777176690905,0,0,0,0,0,0,0,0,0,38.7309914784259,0,0,0,0,0,20.8118028722819,94.1490097045898,16.9262204179107,0,37.4167983032936,0,14.0658958410527,65.9472503662109,0
26.6100766992056,58.6082201004028,27.6739025115967,0,0,0,0,0,0,0,0,0,0,0,0,0,56.5869701997733,63.3937064737513,39.4422508633921,0,34.468936920166,0,0,75.3498382568359,0,0,0,0,0,0,0,0,0,0,0,105.585380554199,62.3428405761719,0,0,90.2760096958705,6.74647849355766,65.8459959030151,18.7138202557504,47.6732139587402,0,68.3761100769043,0,51.1272160212199,31.7557679414749,63.7787170410156,0,0,0,0,0,0,37.2120289272732,82.2042661394392,0,0,0,0,85.6615371704102,4.95996157458973,0,0,0,0,0,0,0,0,86.8114807128906,46.7414004516602,0,0,0,0,91.8918380737305,34.1087951526114,91.899787902832,26.2464605587632,40.0717727161255,64.5151443481445,14.8265953549483,87.7923965454102,49.6120480128697
30.1385631561279,26.3231710013697,0,53.5784721374512,0,0,0,0,0,30.4419914592396,0,0,0,0,0,0,0,81.2655754089355,0,0,0,0,0,0,0,0,0,0,0,0,0,6.30266027381836,4.70377283779021,5.20445079341904,5.08443506082692,6.28261702146557,4.28986410270932,6.51791116169521,5.95956484141288,11.0704974375273,45.7703475952148,9.27929031247678,8.8210435685571,34.8013648986816,0,0,51.1272160212199,0,6.12571941772503,7.47948328306105,0,0,0,0,0,29.3849739467396,0,37.1608409881592,0,0,0,0,0,0,0,0,0,0,0,0,37.8869705200195,0,0,85.5842132568359,6.49857178253774,3.50657180282805,6.07602230263101,5.25989258362472,6.54640193911744,6.42794925507868,7.76804145177205,5.30450639235668,7.92588298171103,3.58190956115723,11.0594684156238,0,8.07935771942139
14.0331086860576,0,7.8870156288147,0,0,0,0,0,4.64985052744548,0,0,0,0,0,0,0,0,0,47.8248825073242,0,23.0013828277588,0,5.23215528509834,0,5.1710262298584,0,4.67034928798676,0,4.19916325145298,0,0,14.1250342063184,0,0,6.0272274017334,0,0,0,6.49133180751847,13.6457567214966,12.2077169481298,58.7716369628906,10.1812261410307,0,0,0,31.7557679414749,6.12571941772503,0,8.6199939022205,0,0,0,0,7.27064752578735,0,14.8083794376124,0,5.51729426885906,0,14.5027446746826,0,0,34.4029139005221,0,4.49048354449096,0,4.75018126651889,0,5.18072280725597,0,5.24350572158309,0,7.57984614028711,11.1251879930496,4.02294754981995,0,4.64654830694199,0,13.854267500458,0,5.52978992434595,16.1558077422487,0,10.5404106656028,0,17.8891592025757
0,8.37106689604522,38.7938423156738,10.7518309013264,0,21.2606528600057,0,0,0,19.231422662735,0,25.1033802032471,0,0,0,0,50.8431498209635,54.9285405476888,40.4580339431763,0,0,8.75127742739467,0,12.1655235091845,0,0,0,0,0,0,0,7.42779664070375,0,0,10.5146083831787,0,0,10.0045041998392,0,6.76872568057455,0,12.2449110008783,43.7215693473816,22.9880731370714,0,22.6865606307983,63.7787170410156,7.47948328306105,8.6199939022205,0,0,0,0,0,0,23.5747576493483,0,16.4910141282719,0,8.9898436398796,0,9.50045225068266,41.2336672544479,0,5.20250938035278,0,6.01620059647828,0,6.94925513163857,0,7.68424353006114,0,15.9614762569517,0,7.81975056860182,16.5412285327911,3.35798227787018,14.4832875728607,7.08678744625113,46.0247913996379,6.27357522589164,0,13.4244723131331,0,9.94440281820614,0,0
0,0,0,0,3.59753441810608,0,0,0,0,0,0,0,0,0,0,0,0,0,0,0,4.77356216311455,0,0,0,0,0,0,0,0,0,0,0,0,0,0,0,0,0,0,0,0,0,0,0,0,0,0,0,0,0,0,0,0,0,0,0,0,0,0,0,0,0,0,12.157710287306,0,0,0,0,0,0,0,0,0,0,0,0,0,0,0,0,0,0,4.80092644691467,0,12.0755526304245,0,0
0,0,0,0,0,2.93776255607605,0,0,0,0,0,0,0,0,0,0,0,0,0,2.84782770633698,0,0,0,0,0,0,0,0,0,0,0,0,0,0,0,0,0,0,0,0,0,0,0,0,0,0,0,0,0,0,0,0,0,0,0,0,0,4.13580012321472,0,4.52135705947876,0,2.96179461479187,0,0,0,0,0,0,0,0,0,0,0,0,0,0,0,0,0,0,0,0,24.2063185373942,0,5.0344898592342,0,0
0,0,0,0,0,0,0,0,0,0,0,0,0,0,0,0,0,0,0,0,12.6058416366577,0,0,0,0,0,0,0,0,0,0,0,0,0,0,0,0,0,0,0,0,0,0,0,0,0,0,0,0,0,0,0,0,0,0,0,4.8547030497681,0,3.8294498186845,0,0,0,0,0,0,0,0,0,0,0,0,0,0,0,0,0,0,0,0,0,0,0,0,0,0,0,0
0,0,0,0,0,0,0,0,0,0,0,0,0,0,0,0,0,0,0,2.7484587430954,0,0,0,0,0,0,0,0,0,0,0,0,0,0,0,0,0,0,0,0,0,0,0,0,0,0,0,0,0,0,0,0,0,0,0,0,0,0,0,0,0,0,0,0,0,0,0,0,0,0,0,0,0,0,0,0,0,0,0,0,0,0,2.95272481441498,0,0,0,0
5.36678125670082,0,0,0,4.86259269714355,0,0,0,5.04484463514755,0,0,0,0,0,8.09409353137016,0,4.23319721221924,0,0,0,12.4616203308105,0,0,0,6.22537561632552,0,6.68841767311096,0,0,0,0,0,0,0,0,0,0,0,13.2597509479243,0,0,0,17.6664657592773,0,0,0,0,0,7.27064752578735,0,0,0,0,0,0,0,0,0,0,0,6.6547496622684,0,0,11.9007429395403,0,0,0,4.66536124358101,0,0,0,0,0,0,0,0,0,0,0,0,0,15.4063510894775,4.11235462535511,9.41737604141235,9.33770242989475,0,0
0,5.82960266358144,0,10.4878628158569,0,3.2107693981706,0,0,0,7.46437827954488,0,21.9320392608643,0,0,0,0,0,0,29.4144921302795,0,0,0,0,2.95692313634432,0,0,0,0,0,0,0,0,0,0,0,24.2676067352295,0,15.7799795695714,0,0,0,29.9704014006115,0,0,0,0,0,29.3849739467396,0,23.5747576493483,0,0,0,0,0,0,0,46.5981798171997,0,0,0,2.94948720932007,54.1752853393555,0,0,0,5.95652043277567,0,0,0,0,0,43.2774810791016,0,0,0,0,0,0,84.328369140625,8.14963751259245,0,19.5839217767483,0,15.7480860518321,0,0
17.0298908551534,0,17.9696479685166,0,0,0,4.56707948659148,0,18.989875793457,0,5.32315514580362,0,4.04943894386292,0,0,0,46.6915855407715,57.8768548965454,35.080223719279,0,3.99449346574296,0,0,0,0,0,0,0,0,0,3.79142600611637,0,0,0,0,0,3.92114421900581,0,10.3808879499082,0,0,0,18.0138736161669,0,0,0,37.2120289272732,0,14.8083794376124,0,0,0,4.8547030497681,0,0,0,0,0,5.43749657336702,0,4.86653807759285,0,0,3.65650615966331,0,0,0,0,0,0,0,3.60158732185116,70.7349166870117,5.44203216160714,0,0,0,0,0,19.0715395909435,0,8.16332779578792,18.5419309561845,0,7.67388536640715,0,13.0358037471771
0,11.741651242992,0,11.8356054003319,0,2.7435245513916,0,0,0,22.1569777402011,0,4.77845470831514,0,2.72884821891785,0,0,64.2319050598145,57.7732067108154,36.8553884832353,4.6418259257362,0,0,0,18.540073076884,0,0,0,0,0,4.03214008099324,0,0,0,0,0,4.50071361099464,0,4.86894982550319,0,33.3963230252266,0,19.9520615594058,66.5103476388114,30.7493743896484,0,33.5217312971751,82.2042661394392,37.1608409881592,0,16.4910141282719,0,4.13580012321472,0,0,0,46.5981798171997,0,0,0,4.22959357061568,0,7.48868446797132,9.05882331829886,0,0,0,19.0737018585205,0,0,0,3.80512110162153,0,6.42872949837595,81.520502726237,0,0,0,0,38.913639539248,89.1923511211689,8.86007092579415,81.8215744018555,22.3008586501247,0,11.5753115281911,16.9998505910238,71.1691284179688
0,0,5.40497709274292,0,0,0,4.68714213069481,0,0,0,4.08401726133683,0,3.20164788853038,0,0,0,0,0,0,0,0,0,0,0,0,0,0,0,0,0,0,0,0,0,0,0,0,0,0,0,0,0,0,0,0,0,0,0,5.51729426885906,0,0,0,3.8294498186845,0,0,0,5.43749657336702,0,0,0,3.21256335576375,0,0,9.85961718992754,0,0,0,0,0,0,0,5.55615911881129,0,9.90624523162842,0,0,0,0,0,43.0989379882812,0,0,6.27474251815251,3.52771476529679,7.19654489329883,0,0
0,6.966475519267,0,6.25137642604202,0,0,0,0,0,0,0,3.13984788770982,0,3.18482916167357,0,2.99215621252855,0,0,0,13.2246856689453,0,0,0,0,0,0,0,0,0,2.88171140900974,0,0,0,0,0,19.3194389343262,0,0,0,0,0,26.1961269378662,0,0,0,0,0,0,0,8.9898436398796,0,4.52135705947876,0,0,0,0,0,4.22959357061568,0,0,0,4.83633824800834,9.24703121185303,0,0,0,0,0,0,0,12.0795968373617,0,13.4617757797241,0,0,0,0,0,0,0,0,0,5.00583875282951,0,9.32303001359767,0,0
3.56717639810899,0,6.97358672959464,0,0,0,0,0,4.58050704683576,0,0,0,0,0,3.01316061102111,0,0,0,0,0,12.4758701324463,0,0,0,10.9911413192749,0,6.62356869900813,0,0,0,0,0,0,0,0,0,0,0,0,0,0,0,0,0,0,0,0,0,14.5027446746826,0,0,0,0,0,6.6547496622684,0,4.86653807759285,0,3.21256335576375,0,0,0,0,11.0949409090239,0,0,0,12.7939801649614,0,5.134308497111,0,8.03176879882812,0,9.5879533290863,0,0,0,0,0,0,0,0,2.94437175989151,0,9.46251507474905,0,0
0,7.08070616447489,0,8.49113664200635,0,3.2993260383606,0,0,0,2.98964037155283,0,0,0,0,0,2.93556480407715,0,0,0,0,0,0,0,0,0,0,0,0,0,0,0,0,0,0,0,22.8946066962348,0,0,0,0,0,28.8368903073398,0,0,0,0,0,0,0,9.50045225068266,0,2.96179461479187,0,0,0,2.94948720932007,0,7.48868446797132,0,4.83633824800834,0,0,0,0,0,0,0,0,0,0,0,0,0,0,0,0,0,0,18.7767276763916,0,0,0,24.5831162096506,0,12.8987430244791,0,0
0,0,0,54.7970771789551,0,0,0,0,0,0,0,5.33709953355451,0,0,0,0,71.4716110229492,66.4635667800903,56.8598213513692,3.87794483254438,0,0,0,0,0,0,0,0,0,0,0,0,0,0,0,5.88728919573374,0,8.56651717635383,0,22.1719554827303,0,24.0023722857672,0,30.0424255571867,0,6.48777176690905,85.6615371704102,0,0,41.2336672544479,0,0,0,0,0,54.1752853393555,0,9.05882331829886,0,9.24703121185303,0,0,0,72.5081634521484,0,0,0,0,0,0,12.1773357391357,0,16.0160936365904,0,0,0,0,0,11.7700789850365,97.9048957824707,13.8679541504434,0,18.4573110666312,78.1716766357422,16.5991814330341,0,0
27.8188104629517,0,12.771170661563,0,0,0,0,0,0,0,7.87426220178604,0,0,0,0,0,66.1569644383022,58.3733100891113,43.7793949127197,0,6.12620766712279,0,0,0,0,0,0,0,0,0,0,0,0,0,0,0,6.60638828884215,0,11.4763262271881,109.769348144531,4.7760207404693,0,22.7477794361115,0,0,0,4.95996157458973,0,34.4029139005221,0,12.157710287306,0,0,0,11.9007429395403,0,3.65650615966331,0,9.85961718992754,0,11.0949409090239,0,72.5081634521484,0,0,0,0,0,0,0,0,0,0,12.2753225049665,0,0,0,0,0,10.0713435104915,86.5210418701172,10.390572239334,11.0480063988833,0,10.2724571692158,59.3571319580078,45.8793601989746
0,0,0,0,0,0,0,0,0,0,0,0,0,0,0,0,0,5.42962259054184,0,0,0,4.54620572502125,4.27940464019775,3.51778465927027,0,3.3859838308209,0,2.92375527109419,0,0,0,0,0,0,0,0,0,7.54381124506292,0,0,0,0,0,0,0,0,0,0,0,5.20250938035278,0,0,0,0,0,0,0,0,0,0,0,0,0,0,0,4.84139728546143,4.95981647683816,0,4.41281035825678,0,6.20698662057327,0,0,0,0,0,0,0,0,0,8.21136062054694,0,5.71836934844367,3.45894757906596,0,0,0
0,0,0,0,0,0,0,0,0,0,0,0,0,0,0,0,0,0,0,0,0,2.86032802408392,5.54958622672777,0,3.14285075421236,0,3.5091172059377,0,5.28523228588584,0,0,0,0,0,0,0,0,0,4.6418110832572,0,0,0,0,0,0,0,0,0,4.49048354449096,0,0,0,0,0,0,0,0,0,0,0,0,0,0,0,4.84139728546143,0,0,14.9529466629028,0,4.27640456419725,0,5.14280621828544,0,0,0,0,0,0,0,0,0,5.36134519463494,4.27394448159492,3.70998674851877,0,0,0
0,7.28811502878645,0,22.3471733093262,0,0,0,0,0,6.67417066634735,0,0,0,0,0,0,76.8938636779785,65.6641159057617,43.1832792758942,0,0,3.78331851190136,0,3.89722120602926,0,3.92347562631821,0,0,0,0,0,0,0,0,0,0,0,4.96802248133679,0,0,0,36.8053063612718,0,0,0,0,0,0,0,6.01620059647828,0,0,0,0,0,5.95652043277567,0,19.0737018585205,0,0,0,0,0,0,4.95981647683816,0,0,0,4.85847556001787,0,22.894681930542,0,22.2016173771449,0,0,0,0,0,79.4089813232422,0,7.28779650683292,0,21.4663977189498,0,8.53218490340145,0,0
0,0,0,0,0,0,0,0,6.87032056216038,0,0,0,0,0,12.4493199807626,0,0,0,0,0,0,0,4.56296195586522,0,3.3242016616909,0,3.68259635012029,0,0,0,0,0,0,0,0,0,0,0,5.95570156937939,0,0,0,0,0,0,0,0,0,4.75018126651889,0,0,0,0,0,4.66536124358101,0,0,0,0,0,12.7939801649614,0,0,0,0,14.9529466629028,0,0,0,2.95519399642944,0,0,0,0,0,0,0,0,0,0,0,7.54692453578444,6.9765408039093,0,3.9741647861622,0,0
0,0,0,0,0,0,0,0,0,2.95104455947876,0,0,0,0,0,3.5558066368103,0,4.40426155828661,0,0,0,4.76681101322174,0,3.40330717975287,0,3.02189387862844,0,0,0,0,0,0,0,0,0,0,0,0,0,0,0,0,0,0,0,0,0,0,0,6.94925513163857,0,0,0,0,0,0,0,0,0,0,0,0,0,0,4.41281035825678,0,4.85847556001787,0,0,0,7.89985363049941,0,0,0,0,0,0,0,0,0,0,0,2.95850706100464,0,0,0,0
0,0,0,0,0,0,0,0,0,0,0,0,0,0,2.9441957672437,0,0,0,0,0,0,0,0,0,2.9080839807337,0,3.41311250013464,0,4.83492612838745,0,0,0,0,0,0,0,0,0,0,0,0,0,0,0,0,0,0,0,5.18072280725597,0,0,0,0,0,0,0,0,0,0,0,5.134308497111,0,0,0,0,4.27640456419725,0,2.95519399642944,0,0,0,5.18238493529233,0,0,0,0,0,0,0,0,0,0,0,0,0,0,0
0,15.3080766042074,0,0,0,0,0,0,0,18.9503078460693,0,2.74666976928711,0,0,0,0,0,55.9244976043701,51.0452613830566,0,0,5.53283515225453,0,0,0,3.26847344444644,0,3.33498515256246,0,3.88044693751936,0,0,0,0,0,0,0,5.48710873040808,0,0,0,21.8507558713194,0,0,0,0,0,37.8869705200195,0,7.68424353006114,0,0,0,0,0,0,0,3.80512110162153,0,12.0795968373617,0,0,12.1773357391357,0,6.20698662057327,0,22.894681930542,0,7.89985363049941,0,0,0,4.76740771427489,0,0,0,0,0,0,0,4.78784323406377,0,28.0543965612139,0,16.3186084971708,0,0
0,0,0,0,0,0,0,0,0,0,3.22488843310963,0,4.57707440151888,0,0,0,0,0,0,0,0,0,2.95844221115112,0,0,0,4.18085878235953,0,3.35060495640858,0,3.47069929705726,0,0,0,0,0,0,0,4.89572655418773,0,0,0,0,0,0,0,0,0,5.24350572158309,0,0,0,0,0,0,0,3.60158732185116,0,5.55615911881129,0,8.03176879882812,0,0,0,0,5.14280621828544,0,0,0,5.18238493529233,0,0,0,3.44796880383358,0,0,0,0,0,0,0,4.84280046214902,3.11175329643383,0,3.813521027565,0,0
0,22.350922231321,0,30.5611029920907,0,0,0,0,0,22.4624325678899,0,4.97064933776855,0,0,0,0,67.6767615614266,57.6924902925786,40.8214182349724,6.93742227554321,0,0,0,22.8877201080322,0,0,0,3.96247733723034,0,3.7846327465634,0,0,0,0,0,47.6433639526367,0,4.23487965580654,83.9158706665039,43.0168472276366,0,18.2754646295524,71.0395489742881,34.8123105367025,0,38.7309914784259,86.8114807128906,0,0,15.9614762569517,0,0,0,0,0,43.2774810791016,70.7349166870117,6.42872949837595,0,13.4617757797241,0,0,16.0160936365904,0,0,0,22.2016173771449,0,0,0,4.76740771427489,0,0,0,0,0,0,0,49.6142413139343,92.0600011488971,5.80886681119421,88.9115905761719,28.7281407980731,112.516464233398,26.869696485709,21.7192972236209,67.6111895243327
17.3094496219716,0,29.7330131530762,0,0,0,0,0,0,0,9.6220615170583,0,0,0,0,0,52.6541768242331,64.7004792955187,41.2619821684701,0,6.36350064277649,0,0,0,0,0,0,0,3.71885734651147,0,3.72067686910552,0,0,0,0,0,68.5575180053711,0,8.31497085612753,0,29.9595629748176,0,18.7664895951384,0,0,0,46.7414004516602,85.5842132568359,7.57984614028711,0,0,0,0,0,0,0,5.44203216160714,81.520502726237,9.90624523162842,0,9.5879533290863,0,0,12.2753225049665,0,0,0,0,0,0,0,3.44796880383358,0,0,0,0,0,0,93.0824966430664,32.7379287538074,91.1525802612305,4.51101464284977,28.3179061577238,0,8.23350051278314,88.8096389770508,18.0272713498371
0,0,0,0,0,0,0,0,0,0,0,0,0,0,0,0,0,0,0,0,0,0,0,0,0,0,0,0,0,0,0,3.78546965432713,4.43162074829768,7.14242005348206,0,4.63010311559542,0,0,0,0,0,0,0,0,0,0,0,6.49857178253774,11.1251879930496,7.81975056860182,0,0,0,0,0,0,0,0,0,0,0,0,0,0,0,0,0,0,0,0,0,0,0,0,0,0,8.4460042222638,0,6.02496464569871,0,15.1651811003685,0,3.23006722588598,0,0,0,0
0,0,0,0,0,0,0,0,0,0,0,0,0,0,0,0,0,0,0,0,0,0,0,0,0,0,0,0,0,0,0,3.32705617426467,2.99683159080137,0,0,6.74519538879395,4.15784045477598,0,0,0,0,0,0,0,0,0,0,3.50657180282805,4.02294754981995,16.5412285327911,0,0,0,0,0,0,0,0,0,0,0,0,0,0,0,0,0,0,0,0,0,0,0,0,0,0,0,5.80703620309344,0,4.42417794622285,0,0,5.7217972278595,0,0,0,0
0,0,0,0,0,0,0,0,0,0,0,0,0,0,0,0,0,0,0,0,0,0,0,0,0,0,0,0,0,0,0,9.94233110760958,24.2702131271362,4.15176179260015,4.64094430201051,4.63359570807599,0,4.43840323492538,3.8950183391571,0,0,10.3401971817017,0,0,0,0,0,6.07602230263101,0,3.35798227787018,0,0,0,0,0,0,0,0,0,0,0,0,0,0,0,0,0,0,0,0,0,0,0,0,8.4460042222638,0,0,7.72650175624424,6.66508822154062,0,4.57850831536035,0,3.92152660397383,0,0,0,0
0,0,0,0,0,0,0,0,0,0,0,0,0,0,0,0,0,0,0,0,0,0,0,0,0,0,0,0,0,0,0,8.64942455291748,2.75562882423401,3.93455421433194,4.68071369045601,0,5.14729551173726,0,4.56567405617755,0,0,0,9.76803354783492,0,0,0,0,5.25989258362472,4.64654830694199,14.4832875728607,0,0,0,0,0,0,0,0,0,0,0,0,0,0,0,0,0,0,0,0,0,0,0,0,0,5.80703620309344,7.72650175624424,0,0,6.5784128663931,0,5.20898009839473,4.73844057221652,0,11.9748284816742,0,0
0,33.5803850037711,0,66.1290669441223,0,0,0,0,0,0,0,0,0,0,0,0,65.1315351934994,62.7733260220244,46.9126784105951,6.32111719473084,0,98.3217620849609,0,0,0,0,0,0,0,0,0,7.51397185606115,0,4.99755684372519,0,6.05462020778188,6.52143126237588,8.96598650905041,0,21.5730679747382,78.707509358724,20.9947044255713,74.0289930299271,32.7281283934911,0,20.8118028722819,91.8918380737305,6.54640193911744,0,7.08678744625113,0,0,0,0,0,0,0,38.913639539248,0,0,0,18.7767276763916,11.7700789850365,0,0,0,79.4089813232422,0,0,0,0,0,49.6142413139343,93.0824966430664,6.02496464569871,0,6.66508822154062,0,0,75.5831911581534,11.8439593843952,92.2887545498935,22.7803846259644,82.2283416748047,15.7649849138244,18.0540114010082,69.8437538146973
35.2207194782744,0,36.7555153369904,39.3054536183675,0,0,0,0,0,0,8.43699417045812,0,0,0,0,0,65.3177326415396,73.896365394277,48.3162881105338,0,7.27045215773828,0,0,0,0,0,0,0,0,0,0,0,4.48701192977581,0,6.75146095263652,3.51714160087261,6.3550160327983,86.0150146484375,7.74980878790794,96.4985941106623,9.83041988735663,74.5394326234475,25.0379688688044,54.5918636322021,0,94.1490097045898,34.1087951526114,6.42794925507868,13.854267500458,46.0247913996379,0,0,0,0,0,84.328369140625,19.0715395909435,89.1923511211689,43.0989379882812,0,0,0,97.9048957824707,10.0713435104915,0,0,0,0,0,0,0,0,92.0600011488971,32.7379287538074,0,4.42417794622285,0,6.5784128663931,75.5831911581534,0,95.0292994181315,9.77613088473879,19.3560765800711,8.28120649596791,24.0174199484244,80.6488278706868,30.9547859517539
0,29.7001319726308,0,40.0774077791156,0,0,0,0,0,8.58127454091918,0,5.96473790032883,0,0,0,0,64.0732513541606,57.7786988268126,43.5993096235111,4.99711751937866,0,7.24975051103829,3.16973733901978,7.84974339522567,0,0,0,3.24969245837285,0,5.06425761200888,0,0,0,4.13497476967481,0,9.63950059947773,0,5.78909813911089,2.9951977998438,39.5210402224162,94.8442878723145,21.3558323362798,72.6651907784598,38.7586044311523,0,16.9262204179107,91.899787902832,7.76804145177205,0,6.27357522589164,0,0,0,0,0,8.14963751259245,0,8.86007092579415,0,0,0,0,13.8679541504434,86.5210418701172,8.21136062054694,0,7.28779650683292,0,0,0,4.78784323406377,0,5.80886681119421,91.1525802612305,15.1651811003685,0,4.57850831536035,0,11.8439593843952,95.0292994181315,0,98.8998527526855,17.2334314200907,61.7181701660156,25.3032034448588,15.1752805709839,0
33.8232933680216,0,30.5392391204834,0,0,0,0,0,5.205894947052,0,5.78224259111551,0,0,0,0,0,59.3836619889916,70.7959398668866,49.8392028808594,0,7.60912695169726,0,4.24006838296886,0,5.03025072343122,0,0,0,5.15790075108521,0,4.41186991759709,0,0,2.96152360374863,3.28972833951314,0,6.61330557125659,3.34999591561983,5.51809160662627,89.2832063947405,44.7309510582372,67.7393966674805,21.5744352231936,0,0,0,26.2464605587632,5.30450639235668,5.52978992434595,0,0,0,0,0,15.4063510894775,0,8.16332779578792,81.8215744018555,0,0,0,0,0,10.390572239334,0,5.36134519463494,0,7.54692453578444,0,0,0,4.84280046214902,88.9115905761719,4.51101464284977,0,0,0,5.20898009839473,92.2887545498935,9.77613088473879,98.8998527526855,0,19.4471593108544,0,15.0916026168399,69.6750564575195,17.893380692033
