0,0,0.0660654604225065,0,0.0290573734797855,0,0,0,0.0844059864359316,0,0,0,0,0,0.00735269241993207,0,0,0,0.00150470686973354,0,0,0,0,0,0,0,0,0,0,0,0,0,0,0,0,0,0,0,0.000109647404296438,0,0,0,0.00388380456317109,0,0,0,0.000141196930751101,0.000144782128474461,0.0199889522405053,0,0.00026939601409058,0,0,0,0.00668755104344094,0,0,0,0,0,0,0,0,0,0,0,0,0,0,0,0,0,0,0,0,0,0,0,0,0,0,0,0.002651728848948,0,0.0125519845157666,0,0.00183577928482079
0,0,0,0.207957469725218,0,0.00398748778746102,0,0,0,0.062545774198437,0,0,0,0,0,0,0,0,0,0,0,0,0,0,0,0,0,0,0,0,0,0,0,0,0,0,0,0,0,0,0,0.0016576701802762,0,0,0,0,0,0,0,0.00821659961423944,0,0.00905842367320708,0,0,0,0.0816465258541993,0,0,0,0,0,0.00135350561680537,0,0,0,0,0,0,0,0,0,0,0,0,0,0,0,0,0,0,0,0,0.00199138267245747,0,0.00421267784293038,7.71338553085818e-05,0
0.0660654604225065,0,0,0,0.0524892321850367,0,0,0,0.0245747316997291,0,0,0,0,0,0,0,2.97144844654961e-06,0,6.51815677255746e-05,0,0,0,0,0,0,0,0,0,0,0,0,3.62752527524081e-05,0,0,0.000646530073034624,0,0,0,6.96286882955355e-06,0,0.000715834824038145,0,0.00173916660620957,0,0,0,0.0527694341793149,0.00279823099577096,0.00232106084545075,6.00608050147939e-05,0.00271554442955013,0,0,0,0.00276452125498274,0,0.0068157161088207,0,0.000217639635427464,0,0,0,0,0.0010468988268405,0,0,0,0,0,0,0,0,0,7.08208019083592e-05,0,0,0,0,0,9.89754232690846e-06,0,2.87853875559181e-05,0.000630094418530428,0,0.021957401030577,0,0
0,0.207957469725218,0,0,0,0.0195896676414694,0,0,0,0.007256461701979,0,0,0,0,0,0.00384551445121531,0,6.67963454005353e-06,8.19397790169357e-05,0,0,0,0,0,0,9.39412799878699e-05,0,0,0,0,0,0.0002459231244233,0,3.52362278585568e-05,0,2.18537468212238e-06,0,0,0,0.000899454004019345,0,0.000316371898635343,0,0,0,0.0801049462142583,0,0.000308578987947227,0,0.0241627010929243,0,0.0302966720335647,0,0,0,0.00449685254771835,0,0.00012396225451619,0,0.000569965640724417,0,0.0127280479481235,0.00175933379295857,0,0,0,0,0,0,0,0,0,0.000230048174482552,0,0,0,0,0,1.58925048982084e-05,0,4.52782425322133e-05,0,0.00069426730488967,0,0.049709042448217,0,0
0.0290573734797855,0,0.0524892321850367,0,0,0,0.0026416265967355,0,0.0450839717704074,0,0,0,0,0,0,0,0,0,4.42021290589592e-05,0,0.000125334683136826,0,0,0,0,0,0,0,0,0,0,2.22036007954673e-05,0,0,4.31908766864739e-05,0,1.13290878937935e-05,0,0,0,0.00174629688289486,0,0.000249922372056404,0,0.000148637017447786,0,0.0142818479790454,0.000468581659426081,0.00112858445999327,7.23589121728619e-05,0.127323003585305,0,0.0264832810487893,0,0.00510689896209292,0,0,0,0.000597819458158337,0,0.0138837887514833,0,0,0.000961464954942163,0,0,0,0,0,0,0,0,0,3.05701322752382e-05,0,0,0,0,0,2.7900023124497e-05,0,2.22448312489286e-06,0.00235936838145948,0,0.0037822062936241,0,0.000141603055129766
0,0.00398748778746102,0,0.0195896676414694,0,0,0,0.00436726173663849,0,0.0157602870860277,0,0,0,0,0,0,3.17317054622862e-06,0,3.82146041430428e-05,0.00149309884417482,0,0,0,0,0,0,0,0,0,0,0,0.000134700919594902,0,4.19694040354572e-05,0.000300392119935954,0.000110379081049867,0,0,0,0.0105825066484158,0,0.000297081239673301,0,0,0,0.0241261484609671,0,0.00044519487618522,0,0.00211019953612141,0,0.0712504819003508,0,0.00159544468655557,0,0.0110261348547093,0,0.0017133472337406,0,0.00193466418452837,0,0.0044350999040678,0.0275588458091178,0,0,0,0,0,0,0,0,0,0.0002144877327834,0,0,0,0,0,7.79096440107385e-05,0,2.22438653833161e-05,0,0.00299100999756559,0.000536307827962297,0.00544873708106524,0,0
0,0,0,0,0.0026416265967355,0,0,0,0,0,0,0,0.00221161340161921,0,0,0,0,0,0,0,0,0,0,0,0,0,0,0,0,0,0,0,0,0,0,0,0,0,0,0,0,0,0,0,0,0,0,0,0,0,0.0120758372085709,0,0.156872656583753,0,0,0,0,0,0.000282385406480902,0,0,0,0,0,0,0,0,0,0,0,0,0,0,0,0,0,0,0,0,0,0,0,0.000687731373015049,6.44497794097652e-05,0,0,0
0,0,0,0,0,0.00436726173663849,0,0,0,0,0,0.00303212863756949,0,0.0020508698965331,0,0,0,0,0,0,0,0,0,0,0,0,0,0,0,0,0,0,0,0,0,0,0,0,0,0,0,0,0,0,0,0,0,0,0,0,0,0.036531255616496,0,0.0638696783524329,0,0,0,0.00594710280949175,0,0.00374397840200843,0,0,0,0,0,0,0,0,0,0,0,0,0,0,0,0,0,0,0,0,0,0,0.000173187964513072,0,0,0,0
0.0844059864359316,0,0.0245747316997291,0,0.0450839717704074,0,0,0,0,0.000107212540107173,0,0,0,0,0.0214895662273554,0.000519275088049255,0.00712759003776202,0.00151392098174587,0.00233310138670234,0,0,0,3.60122096038651e-05,2.74866380794592e-05,0.00714362218888776,0.000635026229114722,0.00463086178680073,0,0.000587820437996213,0,0,0,0,0,0,0,0,0,0.00167428555075963,3.64787480026526e-05,0.000655736466588383,1.06813608894214e-05,0.00172773024670565,0,0,0,0.00372936248823468,0.000190445427065372,0.00133099013265803,0.000289344670080743,0,0,0,0,0.158177067351888,0.000137261894293722,0,0,0,0,0.0129016679234965,0,0,0,1.69019018609964e-05,4.45216705971519e-05,0,0.000731589900071444,0.000626558584193582,0.00311082937910819,0,0,0,0,0,0,0,0,5.7292477481672e-06,3.12822263502871e-05,4.37784393889635e-06,0.00032276936617012,0.00422260975644187,0,0.00940856568909457,0,0.00084560618664857
0,0.062545774198437,0,0.007256461701979,0,0.0157602870860277,0,0,0.000107212540107173,0,0,0,0,0.000135548289998275,0,0.0290461567462085,0.00101268951139984,0.0196846542943101,0.00219723790747171,0,0,2.9958512704667e-05,0,0.0610022357610154,0.000261663850136585,0.0389867880581931,0.00115286022193471,0.000891422479449754,0,0,0,0,0,0,0,0,0,0.000965974590635602,0,3.00432939567361e-05,0.000168286611701027,0.00206300486013261,1.40089305196195e-05,0,0,0,0,0,0,0.003605142838369,0,0.000195297544977636,0,0,0,0.0833028265397821,0,0,0,0,0,0.00590054817737805,0,0,1.15254472308314e-05,0,0.0178614214524342,0,0.0174669935593284,0.000897164022066969,0.000372233860609102,0,0,0,0,0,0,0,0,1.26784755581079e-06,0.000229868967509028,3.70832536492169e-05,0.00385087517822679,3.09373667088508e-05,0.00635200086336028,0.000357931942253647,0
0,0,0,0,0,0,0,0,0,0,0,0,4.19691932620481e-05,0,0,0,0,0,0,0,0.00853663762693582,0,0,0,0,0,0,0,0,0,0.000612515305712198,0,0,0,0,0,0,0,0.00480284334080713,0,0,0,0,0,0,0,0,0,0,0,0,0,6.52762828394771e-05,0,0,0,0.0113241472744956,0,0,0,0,0,0,0.00210970086728747,0,0,0,0,0,0,0,0,0,0.000282494672045546,0,0,0,0,0,0,0,0.00174256633973332,0.000183783026365342,0,0.000439579316149759,0,0
0,0,0,0,0,0,0,0.00303212863756949,0,0,0,0,0,7.6484757300932e-05,0,0,0,0,0,0.0637935548260036,0,0,0,0,0,0,0,0,0,0.000579978075729151,0,9.80786161262833e-06,0,0,0,0.000889237901455698,0,0.00645527829585266,0,8.85969326195931e-05,0,1.56931838748166e-05,0,1.65598699707449e-05,0,0.000605886056885561,0,2.14487014439063e-05,0,1.83421042215344e-05,0,0,0,0,0,0,0,0.0151698784522137,0,0,0,0,0.00441655728485063,0,0,0,0,0,0,0,0,0,0.000178547922385989,0,0,0,0,0,1.50252999524708e-05,0,0.00360418783855383,0,0.00104443531591614,0,4.26904622163646e-05,0,0
0,0,0,0,0,0,0.00221161340161921,0,0,0,4.19691932620481e-05,0,0,0,0.0140395659613632,0,2.98446533574272e-05,0,0,0,0,0,0,0,0,0,0,0,0.00489864581552619,0,0,0,0,0,0,0,0,0,0,0,0,0,0,0,0,0,0,0,0.000268620027573619,0,0,0,0.0109467648981046,0,0,0,0,0,0.0014137490816577,0,0.00213789880404065,0,0,0,0,0,0,0,0,0,0,0,0,0,0,0,0,0,0,0,0,0,0.00036331991019188,0,0,0,0
0,0,0,0,0,0,0,0.0020508698965331,0,0.000135548289998275,0,7.6484757300932e-05,0,0,0,0.0115709423562311,2.19529683141318e-05,0.00508216581618202,0.00019236266873165,0,0,1.56608822086142e-05,0,0,0,0.00321634459769256,0,0.000260333382988908,0,0,0,0,0,0,0,0,0,0,0,2.39044119723316e-05,0,0.000109895978858861,0,0,0,3.03563407540123e-05,0,0,0,0,0,0.000809437435925542,0,0.00280115023763012,0,0.000242364220875714,0,0.00169959970892287,0,0.0181993215072887,0,0.00757936875847,0,0,0,0,0,0,0.00414483476745345,0,4.0350780934608e-05,0,0,0,0,0,0,0,0,0,0,0,0.000429134317970574,5.95345944347204e-05,0,0,0
0.00735269241993207,0,0,0,0,0,0,0,0.0214895662273554,0,0,0,0.0140395659613632,0,0,0,0.0208754251153491,0.000721630486240452,0.000317005944634982,0,0,0,0.000108842381486315,0,0.000841563354857387,0.000939358797904244,0.0305108781727341,0,0.00497249256928362,0,0,0,0,0,0,0,0,0,0,0,0,0,0,6.977224206776e-05,0,0,0,0,0,0,0,0,0,0,0.0957423892782964,0,0,0,0.00684151960511832,0,0.0354135087093029,0,0,0,0,0,0,0,0.000349382871205572,0.00461793091556048,0,7.70571470511535e-05,0,0,0,0,0,0,0,4.68210218669833e-06,0,2.92106398811634e-06,0.00108786523227872,0,4.40108440462549e-05,0,0
0,0,0,0.00384551445121531,0,0,0,0,0.000519275088049255,0.0290461567462085,0,0,0,0.0115709423562311,0,0,0.000272075534857224,0.019049356907339,0.000751733749301322,0,0,1.21061692050032e-05,0,0.0124525027356676,0,0.0197726908712575,0,0.0027156038517053,0,0,0,0,0,0,0,0,0,0,0,0,3.57225857021276e-05,2.0939529905301e-05,0,0,0,1.64423567145188e-05,0,0,0,8.00001746351238e-05,0,0,0,0,0,0.0291161037138313,0,0.00171999012355536,0,0.00764658575059351,0,0.0456039730073406,0,0,0,0,0.00507523142649981,0,0.0198710447196339,0,0.000493849998619441,0,0,0,0,0,0,0,1.57958447366008e-06,0,0,0,0.000752354800743354,6.82789305698536e-05,1.13942900800404e-05,0,0
0,0,2.97144844654961e-06,0,0,3.17317054622862e-06,0,0,0.00712759003776202,0.00101268951139984,0,0,2.98446533574272e-05,2.19529683141318e-05,0.0208754251153491,0.000272075534857224,0,0.133492706657668,0.0837997345926948,3.29878668074332e-06,0,0.000454249513152287,0.00575524132219716,0.00214252613053494,0.00482063755233552,0.00292121249798371,0.0600060829324632,9.63485237533859e-05,0.00368891344530594,0,0,0,0,0,0,1.42728433240772e-05,0,0,0,0.000693759054771644,0.00238662081941333,0.000596270567536498,0.00208786735429527,0.000116212448248114,0.000362400515704725,0.000351333594216845,9.331495478865e-05,7.33124064581237e-06,0.000202233460735705,7.39931417152928e-05,0,0,0,0,0.00315873326177961,0.00024212014980555,0,0,0,0.000197982122838371,0.00858596143886347,0.000158706322078538,1.97655498003827e-05,0,0.000557450100579947,0.00298718909993193,4.59217314088118e-05,6.26696547367041e-05,0.0019610879042309,0.0228336346333328,0,0,4.70584653478807e-05,9.67607901779224e-05,0,0,0,0,0.000737382411159571,0.00167772516025795,0.000369765325765689,0.00137378257943794,0.0366123218084052,0.00428663598548956,0.000835502283980905,0.000116491626110582,7.57412543694453e-05
0,0,0,6.67963454005353e-06,0,0,0,0,0.00151392098174587,0.0196846542943101,0,0,0,0.00508216581618202,0.000721630486240452,0.019049356907339,0.133492706657668,0,0.113244484933753,0,0,0.0092734458579916,0.000137245552813386,0.0127144899894649,0.00172814231508774,0.0464393438412133,0.00689007532735862,0.00523317860762003,2.97178351421092e-05,0,0,0,0,0,0,6.23238472947128e-05,0,0,0,0.0017074796060591,0.00123098028364422,0.00216758025996033,0.000614752127705843,0.000269624881301772,0.000343140927250654,0.000746437744687739,0.000116360642679981,4.32115122543457e-06,2.95272531524493e-05,0.000206312178872489,0,0,0,0,0.000899036845429712,0.00734437286885696,0,0,0,0.000130056027621436,0.000450659476461255,0.00749050074546449,6.84027969522002e-05,0,0.00763881228466778,4.48403957611281e-06,0.00115074439318151,0,0.026893480825461,0.00221129157021007,0.00223976092026324,0,0.000190021756089825,0,0,0,0,0,0.00198892446190276,0.000567033289775848,0.00176969108430487,0.000321186088199823,0.0375958077383084,0.00139085889427218,0.00122319587400931,0.000442731549898748,1.1977383432537e-05
0.00150470686973354,0,6.51815677255746e-05,8.19397790169357e-05,4.42021290589592e-05,3.82146041430428e-05,0,0,0.00233310138670234,0.00219723790747171,0,0,0,0.00019236266873165,0.000317005944634982,0.000751733749301322,0.0837997345926948,0.113244484933753,0,0,0,4.65192883375601e-05,1.30971643439635e-05,0.00202864200468777,0.000964381287374077,0.00325002067004199,0.00304628227428849,0.000284251110497795,0.000151647560167319,2.988692215893e-05,0,0,0,0,0,0.000509053501725038,0,2.09517997793005e-05,0,0.0240808452026515,0.0363442798302912,0.0246388534205683,0.029014291302453,0.00940489837892899,0.00439794400881261,0.01346055948474,0.00124988147383535,0.000210141928019615,0.00179173419780263,0.00175262089430691,0,0,0,0,0.000238549815669462,0.000654205222602616,2.90241817981363e-06,7.53175249051691e-05,0,0,0.000275962449005884,0.000517558342432058,0.000489950528303363,0,5.01713844076881e-05,5.32704985381185e-06,6.98062198927017e-05,0,0.00258270068770517,0.00154693111046467,5.25412801039254e-05,0,0.00185845642754325,0.00108306738638007,0,0,0,0,0.0183663309704248,0.0128763106886007,0.0108244404786304,0.00776387500240694,0.0180570353875123,5.12336458257476e-05,0.0177459005735411,0.00531947777860223,0.00384072974876101
0,0,0,0,0,0.00149309884417482,0,0,0,0,0,0.0637935548260036,0,0,0,0,3.29878668074332e-06,0,0,0,0,0,0,0,0,0,0,0,0,0.000809696707900152,0,0,0,0,0,0.007423252884238,0,0.00157715794400552,0,0.00236120826708206,0,0.000543788548609137,0,0,0,0.00503402007397462,0,0,0,1.33258281798114e-05,0,0,0,0,0,0,0,0.0163813071000418,0,0,0,0,0.170241871539117,0,0,0,0,0,0,0,0,0,0.00209136610034313,0,0,0,0,0,0.00617899373596122,0,0.00870574006525365,0,0.00355520924114307,3.322226282993e-05,0.000293316238423027,0,0
0,0,0,0,0.000125334683136826,0,0,0,0,0,0.00853663762693582,0,0,0,0,0,0,0,0,0,0,0,0,0,0,0,0,0,0,0,0,0,0,0,0,0,0.00860270687132069,0,0.00432045065093804,0,0.000219308476224567,0,0,0,0,0,0.00976359991009968,0,0,0,0,0,0,0,0,0,0.000285570014625628,0,0,0,0,0,0,0.161585113637892,0,0,0,0,0,0,0,0,0,0.000636794230894816,0,0,0,0,0,0.00659963942963386,0,0.00403422219984625,0.00104251237222025,0,0.00327975165145779,0,0
0,0,0,0,0,0,0,0,0,2.9958512704667e-05,0,0,0,1.56608822086142e-05,0,1.21061692050032e-05,0.000454249513152287,0.0092734458579916,4.65192883375601e-05,0,0,0,0.000560014809579143,0.00524135316932034,0,0.00254110831472427,0,0,0,0,0,0,0,0,0,0,0,0.0099869764677799,0,0,3.00421840880336e-06,0,0,0,0,0,0,0,0,0.000128718335153625,0,0,0,0,0,1.08040057999976e-05,0,0,0,0,0,0,0,0,0.0222857611734549,0,0.003077665566571,0,0.00368659702320477,0,0,0,0,0,0,0,0,0,0,0,0.00420730818409419,0,0.00276010222808267,0.000416017685021597,0,0,0
0,0,0,0,0,0,0,0,3.60122096038651e-05,0,0,0,0,0,0.000108842381486315,0,0.00575524132219716,0.000137245552813386,1.30971643439635e-05,0,0,0.000560014809579143,0,0,0.00227548659128484,0,0.00535528463446988,0,0.000871965160344799,0,0,0,0,0,0,0,0,0,0.008154797556003,0,0,0,0,0,0,0,0,0,0.00194436224339323,0,0,0,0,0,4.23541983164542e-05,0,0,0,0,0,1.47226155461909e-05,0,0,0,0,0.0168803797514611,0,0.000712187846184929,0,0.00319171747668485,0,9.31125530484713e-05,0,0,0,0,0,0,8.65059908584541e-06,0,0,0.00265342065069563,0.00249903008117203,0.000880574754742375,0,0,0
0,0,0,0,0,0,0,0,2.74866380794592e-05,0.0610022357610154,0,0,0,0,0,0.0124525027356676,0.00214252613053494,0.0127144899894649,0.00202864200468777,0,0,0.00524135316932034,0,0,0.00123862880030212,0.0535396743112104,0.0021597496601807,6.14036420128043e-05,0,0,0,0,0,0,0,0,0,0.0114348622607499,0,0.000123142825811432,4.90074059040094e-05,6.73160806407198e-05,3.78062132977116e-05,0,0,3.74981334822938e-05,0,0,0,0.00379421281695014,0,0,0,0,6.44642221514953e-05,0.0260929067503294,0,0,0,0.000108814520476418,0.000449793106961017,0.00236317591811847,0,0,0.000392765629127434,0,0.134830405128079,0,0.0151064761156067,0.00176257398755058,6.33996436280012e-05,0,0,0,0,0,0,0,1.95665920807707e-06,2.29756132051818e-05,0.00185624144547956,0,0.00259399245624695,1.14401873868632e-05,0.00115753936326763,0,0
0,0,0,0,0,0,0,0,0.00714362218888776,0.000261663850136585,0,0,0,0,0.000841563354857387,0,0.00482063755233552,0.00172814231508774,0.000964381287374077,0,0,0,0.00227548659128484,0.00123862880030212,0,0,0.0180445984356754,0,0,0,0,0,0,0,0,0,0,0,0.00182737421071235,0,1.79507303425391e-05,0,1.14684111234406e-05,0,0,0,0,0,0.00295250402600159,0,0,0,0,0,0.00690286032891609,0,0,0,0,0,0.000545992368440915,0,0,0,0,0.000866267541137484,0,0.0405914381384386,0,0.0035240698751186,0,0,0,0,0,0,0,0,1.77147090349959e-05,2.51060574543385e-06,0,0.000519267625108745,0.00127384388925204,0,0.0100113110814153,0,0
0,0,0,9.39412799878699e-05,0,0,0,0,0.000635026229114722,0.0389867880581931,0,0,0,0.00321634459769256,0.000939358797904244,0.0197726908712575,0.00292121249798371,0.0464393438412133,0.00325002067004199,0,0,0.00254110831472427,0,0.0535396743112104,0,0,0.00163187618230856,0.012015233289133,0,0,0,0,0,0,0,0,0,0,0,0,0.000121375480453229,5.13157175541798e-05,0,0,0,0,0,0,0,1.75512650068719e-05,0,0,0,0,0.000272131691166451,0.0118904695527995,0,0,0,0.000695544330705294,0,0.0225465901196797,0,0,0.000416383129807282,0,0.0322401089124056,0,0.131735521435748,0,0.00607648800967109,0,0,0,0,0,0,0,6.9636439798085e-06,1.22552284330801e-06,7.56791309391861e-06,0,0.00236551313645652,0,1.46936091531202e-05,8.51159379352739e-05,0
0,0,0,0,0,0,0,0,0.00463086178680073,0.00115286022193471,0,0,0,0,0.0305108781727341,0,0.0600060829324632,0.00689007532735862,0.00304628227428849,0,0,0,0.00535528463446988,0.0021597496601807,0.0180445984356754,0.00163187618230856,0,0,0.00658318649112303,0,0,0,0,0,0,0,0,0,0,7.35179822440868e-05,0,0.000107144053322775,7.89236242440608e-05,0.000375529802732213,0,2.7559196282799e-05,0,0,0,0,0,0,0,0,0.00558936870534391,0,0,0,0,0,0.0118753149155685,0,0,0,0,0.000703650199804543,0,0.000303516827383082,0.00141614750521048,0.108385088910556,0,0.000230801166805308,0,0,0,0,0,0,2.50841678948438e-05,0,9.91552380456438e-06,1.0154582182767e-05,0.00470488461480991,0,6.78392521791097e-06,0,3.86043013306412e-05
0,0,0,0,0,0,0,0,0,0.000891422479449754,0,0,0,0.000260333382988908,0,0.0027156038517053,9.63485237533859e-05,0.00523317860762003,0.000284251110497795,0,0,0,0,6.14036420128043e-05,0,0.012015233289133,0,0,0,0,0,0,0,0,0,0,0,0.00154681914795857,0,0,0,0,0,0,0,0,0,0,0,0,0,0,0,0,7.10979952051141e-05,0.000419817239643132,0,0,0,0.0002364874811704,0,0.00287847197106876,0,0,0,0,0,0,0.00543048230188815,0,0.0155924244013442,0,0,0,0,0,0,0,0,0,3.49011200811531e-05,0,0.000133897183472608,6.72877401353779e-06,0,0,0
0,0,0,0,0,0,0,0,0.000587820437996213,0,0,0,0.00489864581552619,0,0.00497249256928362,0,0.00368891344530594,2.97178351421092e-05,0.000151647560167319,0,0,0,0.000871965160344799,0,0,0,0.00658318649112303,0,0,0,0,0,0,0,0,0,0,0,0.000128245010699224,0,0,0,0,0,0,0,0,0,0,0,0,0,0,0,0.000109719591775699,0,0,0,0,0,8.54724594566217e-05,0,0,0,0,7.93736326276592e-05,0,0,0,0,0,0.0147352683620559,0,0,0,0,0,0,0,0,0,0.000536924398040358,0.000415215009763049,0,0,0,0
0,0,0,0,0,0,0,0,0,0,0,0.000579978075729151,0,0,0,0,0,0,2.988692215893e-05,0.000809696707900152,0,0,0,0,0,0,0,0,0,0,0,0,0,0,0,5.04152296193432e-06,0,0.00427394073987378,0,0.000126078983677072,0,0.000162430391895405,0,0,0,0.000849878069757584,0,3.64328478103804e-05,0,4.75970983574159e-05,0,0,0,0,0,0,0,0.00219701118572917,0,0,0,0,0.000879296116209543,0,0,0,0,0,0,0,0,0,0.000860677149281932,0,0,0,0,0,2.53632568294631e-05,0,0.000582719703497823,0,5.32260992258671e-06,0,0.000169582778477199,0.000196141927843729,0
0,0,0,0,0,0,0,0,0,0,0.000612515305712198,0,0,0,0,0,0,0,0,0,0,0,0,0,0,0,0,0,0,0,0,0,0,0,0,0,0,0,0,0,0,0,0,0,0,0,0,0,0,0,0,0,0,0,0,0,0.000936727779414671,0,0,0,0,0,0,0,0,0,0,0,0,0,0,0,0,0.00854542720893128,0,0,0,0,0,0,0,0,0,0,0,0,0
0,0,3.62752527524081e-05,0.0002459231244233,2.22036007954673e-05,0.000134700919594902,0,0,0,0,0,9.80786161262833e-06,0,0,0,0,0,0,0,0,0,0,0,0,0,0,0,0,0,0,0,0,0.0334836741160009,0.0095021038249343,0.0113435831782933,0.00126233095551473,0.000157905964165238,2.11298658401309e-06,0,0.00106420531301318,2.22719141194797e-05,0,0,0,0,0.00296216570996962,0.000478541983415046,0.0316398691103933,0,0.00296530528617434,0,0,0,0,0,0,0,6.60723696683472e-05,0,0,0,0,9.2769395298122e-05,0,0,0,0,0,0,0,0,0,8.49798059857996e-05,0,0.10806762762039,0.00462580389941438,0.0170031349915896,0.00210945078466111,0.00369965670096739,2.00276084449206e-06,9.53439899870264e-05,0,0.00460482158575844,0,0.000436498514574455,0,0
0,0,0,0,0,0,0,0,0,0,0,0,0,0,0,0,0,0,0,0,0,0,0,0,0,0,0,0,0,0,0,0.0334836741160009,0,5.26477378687152e-05,0.00923568882578703,4.19764647651794e-06,0.00129358937420747,0,0,0,0,0,0,0,0,3.713539783477e-05,2.00653322497801e-05,0.0418918865261117,0.00169836744326277,0.000216502545557699,0,0,0,0,0,0,0,0,0,0,0,0,0,0,0,0,0,0,0,0,0,0,0,0,0.0046936390552363,0.0137005067333507,0.000780383129075587,0.0208564509776543,0.00017552182990062,0.000627527199051366,0,0,0.000887053065243941,0,4.70262397063052e-06,0,0
0,0,0,3.52362278585568e-05,0,4.19694040354572e-05,0,0,0,0,0,0,0,0,0,0,0,0,0,0,0,0,0,0,0,0,0,0,0,0,0,0.0095021038249343,5.26477378687152e-05,0,0.226046314769517,0.00350867458290121,1.9381567013852e-05,0.000382786073356353,6.69788173610216e-06,0.000165348403134882,0,0,0,0,0,0.000217390293519545,0,0.0471772483145722,0.000218856053665672,0.0224239382344055,0,0,0,0,0,0,0,5.01385318287141e-05,0,0,0,0,1.33163877034915e-05,0,0,0,0,0,0,0,0,0,5.29588966509645e-05,0,0.00249285166768333,0,0.189060071180731,0.186821171540872,0.000635457969758144,0,0.0187923588733856,3.59684863321084e-05,0.00253494481520559,0,0.000284344532006903,0,0
0,0,0.000646530073034624,0,4.31908766864739e-05,0.000300392119935954,0,0,0,0,0,0,0,0,0,0,0,0,0,0,0,0,0,0,0,0,0,0,0,0,0,0.0113435831782933,0.00923568882578703,0.226046314769517,0,1.05455331801896e-05,0.000144842319115898,0,0.00129409312118487,0,0.000208919723575898,6.10293746335206e-05,0.00142180552105879,0,0,0.000567594279611319,0.000970826352264037,0.123330254172944,0.00602684634124817,0.00696681024392271,0,0,0,0,0,0,0,0,0,0,0,0,2.67934090661281e-05,0,0,0,0,0,0,0,0,0,9.7837780535623e-05,0,0,0.00139329121477589,0.0384851367618604,0.193617646312241,0.00104867467974067,0.000378191881697221,0.00146462295002494,0.000826843606345799,0.000709268656083761,0,0.00185498605929707,0,0.000192245187050445
0,0,0,2.18537468212238e-06,0,0.000110379081049867,0,0,0,0,0,0.000889237901455698,0,0,0,0,1.42728433240772e-05,6.23238472947128e-05,0.000509053501725038,0.007423252884238,0,0,0,0,0,0,0,0,0,5.04152296193432e-06,0,0.00126233095551473,4.19764647651794e-06,0.00350867458290121,1.05455331801896e-05,0,0.00162179919485837,0.00762179624669655,0,0.000311496833926731,5.65272346965204e-06,0.000145484244088224,1.03540189374396e-05,0.000418802777238689,0,0.00256890225975587,0,0.00296159485078356,0,0.00104011319191164,0,0,0,0,0,0,0,2.96126098975932e-06,0,0,0,0,0.00132662889393887,0,0,0,0,0,0,0,0,0,3.58855773021469e-05,0,2.03291991514284e-05,0,1.12833543891968e-05,0,0.0277245459140687,9.2548846421888e-05,0.00623025866358311,8.76394799819305e-07,0.00614490721275798,0.00010433416041183,0.000386432610002017,1.61357745714618e-05,0
0,0,0,0,1.13290878937935e-05,0,0,0,0,0,0,0,0,0,0,0,0,0,0,0,0.00860270687132069,0,0,0,0,0,0,0,0,0,0,0.000157905964165238,0.00129358937420747,1.9381567013852e-05,0.000144842319115898,0.00162179919485837,0,0,0.00644796592733368,0,0.00237638677169116,0,0,0,0,0,0.00152189621764563,6.0368680331918e-05,1.08242162534656e-06,6.23785908932953e-05,0,0,0,0,0,0,0,0,0,0,0,0,0,0.00174293491492337,0,0,0,0,0,0,0,0,0,0,0,5.13510095541972e-05,0,0,6.97293917658095e-05,0.0365925050811961,0,0.00271541647305245,0.00399207346030115,0.000198005256692229,0.000131561224008446,0,0
0,0,0,0,0,0,0,0,0,0.000965974590635602,0,0.00645527829585266,0,0,0,0,0,0,2.09517997793005e-05,0.00157715794400552,0,0.0099869764677799,0,0.0114348622607499,0,0,0,0.00154681914795857,0,0.00427394073987378,0,2.11298658401309e-06,0,0.000382786073356353,0,0.00762179624669655,0,0,0,4.05137937064139e-05,0,0.000816174065383903,0,1.34047410983081e-05,0,0.000347103583043225,0,0.0024366353727127,0,0.00199433995192657,0,0,0,0,0,0.000205008623179535,0,0.000864610818004087,0,0,0,0,0.000838736955852516,0,0.00501688776476607,0,0.000888196830097566,0,0,0,0,0,0.000104373890389883,0,0,0,0.00193535626002382,0,0.000403506067727884,7.63080821389058e-05,0.0336255498438911,0.000539372003813625,0.00734192689786748,0.000504062314612446,0.00306212744525513,0,0
0.000109647404296438,0,6.96286882955355e-06,0,0,0,0,0,0.00167428555075963,0,0.00480284334080713,0,0,0,0,0,0,0,0,0,0.00432045065093804,0,0.008154797556003,0,0.00182737421071235,0,0,0,0.000128245010699224,0,0,0,0,6.69788173610216e-06,0.00129409312118487,0,0.00644796592733368,0,0,0,0,0,0.000295165266417589,0,0,0,0,0.00328756503988647,0.00197918491500793,2.67727558975282e-06,0,0,0,0,0.000209048006636575,0,0,0,0,0,0,0,0,0,0,0.00653587813871011,0,6.14212265821678e-05,0,0,0,0,0,0,0,0,0,0.00221591016331465,0,0.00103223906529303,0,0.0398909752452507,0.00585880435307871,0.000766950078203551,0.000817009067888671,0,1.12781064021213e-05
0,0,0,0.000899454004019345,0,0.0105825066484158,0,0,3.64787480026526e-05,3.00432939567361e-05,0,8.85969326195931e-05,0,2.39044119723316e-05,0,0,0.000693759054771644,0.0017074796060591,0.0240808452026515,0.00236120826708206,0,0,0,0.000123142825811432,0,0,7.35179822440868e-05,0,0,0.000126078983677072,0,0.00106420531301318,0,0.000165348403134882,0,0.000311496833926731,0,4.05137937064139e-05,0,0,0.00127674582331257,0.0584677581982954,0.000615088401875985,0.00819952423926353,0.000106197883646055,0.0648234557427904,3.35808255041856e-05,0.00174439903975871,0.000108688227665444,0.0437469082443926,0,0,0,0,0,0,0,0.000334313409332029,0,0,0,0,0.0100616064132339,0,0,0,0,0,0,2.54092632088442e-05,0,0,0.00233159653933438,6.31860370328419e-05,0,0,0.000608583058899111,0,0.0105679897347773,0.000144001157744489,0.00366876991772514,2.86012319893053e-05,0.000452141585743345,3.15746068279936e-06,0.0192827508452719,0.0056247089963573,2.96603775099631e-05
0,0,0.000715834824038145,0,0.00174629688289486,0,0,0,0.000655736466588383,0.000168286611701027,0,0,0,0,0,3.57225857021276e-05,0.00238662081941333,0.00123098028364422,0.0363442798302912,0,0.000219308476224567,3.00421840880336e-06,0,4.90074059040094e-05,1.79507303425391e-05,0.000121375480453229,0,0,0,0,0,2.22719141194797e-05,0,0,0.000208919723575898,5.65272346965204e-06,0.00237638677169116,0,0,0.00127674582331257,0,0.00419304841350431,0.0642085512929377,6.05696774924392e-05,0.0206238892734719,0.000606864911774064,0.0852731072983575,0.0103231587019698,0.0529952588329002,0.000844478708112585,0,0,0,0,0,1.66124927800952e-05,9.35117567518537e-05,0,0,0,0,0,1.14775155690207e-05,0.0056880352404165,0,0,0,0,0,0,0,0,5.25086019460415e-05,0.00499499627669271,0,0,0,0,0.000557427666405824,0.0100011697638448,0.000296756148645639,0.00426560274677469,0.00168542050228745,0,0.026681667508484,0.00037170089772379,0.00773660536070206
0,0.0016576701802762,0,0.000316371898635343,0,0.000297081239673301,0,0,1.06813608894214e-05,0.00206300486013261,0,1.56931838748166e-05,0,0.000109895978858861,0,2.0939529905301e-05,0.000596270567536498,0.00216758025996033,0.0246388534205683,0.000543788548609137,0,0,0,6.73160806407198e-05,0,5.13157175541798e-05,0.000107144053322775,0,0,0.000162430391895405,0,0,0,0,6.10293746335206e-05,0.000145484244088224,0,0.000816174065383903,0,0.0584677581982954,0.00419304841350431,0,0.0111719062454766,0.00190682285469904,3.13630412590345e-05,0.0156896003511131,0.000104193681592859,0.00584179352865385,0.00167497834420218,0.0258799801397725,0,0,0,0,0,0,0,0.0086041463070746,0,0,0,1.35217693737599e-05,0.0195429409006226,0,0,0,0,0,3.91576536177611e-05,0,6.92689625631177e-05,0,0.0664875754293393,0.000104195360158996,0,0,2.23905449102772e-05,8.57157601587975e-05,0.0216348178950349,0.000723292055410479,0.0167159469698069,0.000703289443624184,0.0050625513296036,0,0.0730122106773562,0.0323095091531443,0.00011643124390931
0.00388380456317109,0,0.00173916660620957,0,0.000249922372056404,0,0,0,0.00172773024670565,1.40089305196195e-05,0,0,0,0,0,0,0.00208786735429527,0.000614752127705843,0.029014291302453,0,0,0,0,3.78062132977116e-05,1.14684111234406e-05,0,7.89236242440608e-05,0,0,0,0,0,0,0,0.00142180552105879,1.03540189374396e-05,0,0,0.000295165266417589,0.000615088401875985,0.0642085512929377,0.0111719062454766,0,2.14558698530021e-05,0.00826596177078443,0.000184892682069099,0.0234134098400643,0.00917544156261996,0.0449747394552078,0.000329287935252298,0,0,0,0,0.000194741352279834,0,0.000142488319554498,0,0,0,0,0,8.26543657210128e-06,0.000999612182163694,0,0,1.4734391561982e-05,0,0,6.33573178527441e-05,0,0,0.000112761479760542,0.0418575531663751,0,0,0,1.8953597845958e-05,0.000488031112555296,0.0203442305298849,0.000435824319802766,0.026525734912821,0.00445311078845989,0,0.0654086967520559,0.000402660561834835,0.0545291182158947
0,0,0,0,0,0,0,0,0,0,0,1.65598699707449e-05,0,0,6.977224206776e-05,0,0.000116212448248114,0.000269624881301772,0.00940489837892899,0,0,0,0,0,0,0,0.000375529802732213,0,0,0,0,0,0,0,0,0.000418802777238689,0,1.34047410983081e-05,0,0.00819952423926353,6.05696774924392e-05,0.00190682285469904,2.14558698530021e-05,0,0,0.00396894557559681,0,5.91595807186032e-05,0,0.000812907384018056,0,0,0,0,0,0,0,3.20924416359661e-05,0,0,0,0,8.80389893495094e-05,0,0,0,0,0,0,0,0,0,0.000963552164475713,0,0,0,0,0,0.00417465747415372,4.03983581609887e-05,0.00542534722055655,0,3.11459069199478e-05,0,0.00127229818267715,0.000712249527953665,0
0,0,0,0,0.000148637017447786,0,0,0,0,0,0,0,0,0,0,0,0.000362400515704725,0.000343140927250654,0.00439794400881261,0,0,0,0,0,0,0,0,0,0,0,0,0,0,0,0,0,0,0,0,0.000106197883646055,0.0206238892734719,3.13630412590345e-05,0.00826596177078443,0,0,0,0.00162317780580696,8.05911181686724e-05,0.000252856177106837,1.69688897858392e-05,0,0,0,0,0,0,0,0,0,0,0,0,0,0,0,0,0,0,0,0,0,0,0,0.000880761844075227,0,0,0,0,1.8793808918085e-05,0.00592091267733256,5.24406150828488e-06,0.000600419781187813,6.41749059625078e-05,0,0.00531904358957992,0.000143571825375035,0
0,0,0,0.0801049462142583,0,0.0241261484609671,0,0,0,0,0,0.000605886056885561,0,3.03563407540123e-05,0,1.64423567145188e-05,0.000351333594216845,0.000746437744687739,0.01346055948474,0.00503402007397462,0,0,0,3.74981334822938e-05,0,0,2.7559196282799e-05,0,0,0.000849878069757584,0,0.00296216570996962,3.713539783477e-05,0.000217390293519545,0.000567594279611319,0.00256890225975587,0,0.000347103583043225,0,0.0648234557427904,0.000606864911774064,0.0156896003511131,0.000184892682069099,0.00396894557559681,0,0,5.60598731625403e-06,0.0056088288486859,1.01076951703627e-05,0.0271948548121553,0,0,0,0,0,0,0,0.0117024655306299,0,0,0,0,0.0520342668323155,0,0,0,0,0,0,0,0,0,0.0277033681729129,3.81875792466362e-05,1.38598545418949e-05,0,0.000430139500543319,0.000218410268697662,0.0241191958738253,8.21742943541399e-05,0.0151891943546319,2.89807275116545e-05,0.000446539273773021,2.39764952672321e-05,0.0282791322295574,0.000910924268770676,4.42391805078038e-05
0.000141196930751101,0,0.0527694341793149,0,0.0142818479790454,0,0,0,0.00372936248823468,0,0,0,0,0,0,0,9.331495478865e-05,0.000116360642679981,0.00124988147383535,0,0.00976359991009968,0,0,0,0,0,0,0,0,0,0,0.000478541983415046,2.00653322497801e-05,0,0.000970826352264037,0,0.00152189621764563,0,0,3.35808255041856e-05,0.0852731072983575,0.000104193681592859,0.0234134098400643,0,0.00162317780580696,5.60598731625403e-06,0,0.018230676861088,0.0123497137832608,0.00354870116489402,0,0,0,0,0,0,0.00237133508068528,0,0,0,0,0,0,0.0901239873461246,0,0,0,0,0,0,0,0,0,0.0154395256853749,0,0,0,0.000410131365620655,2.43181131838295e-05,0.0298612430865762,6.962985088757e-06,0.00979700626067355,0.00100474440656495,2.58914232685314e-05,0.0680725796008338,0.000143935044411616,0.000859505584853688
0.000144782128474461,0,0.00279823099577096,0.000308578987947227,0.000468581659426081,0.00044519487618522,0,0,0.000190445427065372,0,0,2.14487014439063e-05,0,0,0,0,7.33124064581237e-06,4.32115122543457e-06,0.000210141928019615,0,0,0,0,0,0,0,0,0,0,3.64328478103804e-05,0,0.0316398691103933,0.0418918865261117,0.0471772483145722,0.123330254172944,0.00296159485078356,6.0368680331918e-05,0.0024366353727127,0.00328756503988647,0.00174439903975871,0.0103231587019698,0.00584179352865385,0.00917544156261996,5.91595807186032e-05,8.05911181686724e-05,0.0056088288486859,0.018230676861088,0,0.0314964440310686,0.130843908278505,0,0,0,0,0,0,1.39803839527359e-05,0.000294743072811906,0,0,0,0,0.00051962702023743,2.91366925908284e-05,0,0,0,0,0,0,0,0,0.00034913926528392,0.000297828958517178,0.0193570570087489,0.0193396940418769,0.00535548142385853,0.0533951217649209,0.00170342079044378,0.000462710659713297,0.00193900330215968,0.000446218148187702,0.00178586986660466,0,0.0299559606855726,8.53823680851492e-05,0.00166459617423428
0.0199889522405053,0,0.00232106084545075,0,0.00112858445999327,0,0,0,0.00133099013265803,0,0,0,0.000268620027573619,0,0,0,0.000202233460735705,2.95272531524493e-05,0.00179173419780263,0,0,0,0.00194436224339323,0,0.00295250402600159,0,0,0,0,0,0,0,0.00169836744326277,0.000218856053665672,0.00602684634124817,0,1.08242162534656e-06,0,0.00197918491500793,0.000108688227665444,0.0529952588329002,0.00167497834420218,0.0449747394552078,0,0.000252856177106837,1.01076951703627e-05,0.0123497137832608,0.0314964440310686,0,0.000833815657322047,0,0,0,0,0.000250547511436016,0,0.00516198911718486,0,5.44092174707498e-05,0,0,0,0,0.00143106686370057,0,0.000767323729933775,0,0.000929854216214083,0,0,0,0.00544761704063088,0,0.00313531486334175,0,9.9544491751276e-05,4.15290869546061e-05,0.000299845256619814,4.42780457242759e-05,0.00443324347985422,0.000176131278568744,0.00380502858398319,0.00123824470248469,0,0.0308622458905081,6.02983101887881e-05,0.00271836065448372
0,0.00821659961423944,6.00608050147939e-05,0.0241627010929243,7.23589121728619e-05,0.00211019953612141,0,0,0.000289344670080743,0.003605142838369,0,1.83421042215344e-05,0,0,0,8.00001746351238e-05,7.39931417152928e-05,0.000206312178872489,0.00175262089430691,1.33258281798114e-05,0,0.000128718335153625,0,0.00379421281695014,0,1.75512650068719e-05,0,0,0,4.75970983574159e-05,0,0.00296530528617434,0.000216502545557699,0.0224239382344055,0.00696681024392271,0.00104011319191164,6.23785908932953e-05,0.00199433995192657,2.67727558975282e-06,0.0437469082443926,0.000844478708112585,0.0258799801397725,0.000329287935252298,0.000812907384018056,1.69688897858392e-05,0.0271948548121553,0.00354870116489402,0.130843908278505,0.000833815657322047,0,0,0.00270902231663706,0,0,0,0.00226093625486386,0,0.00436646166595855,0,0.000337472894813572,0,0.00158917881604934,0.00586771466832328,1.64025827539961e-05,0.00233640143927226,0,0.00372292243435116,0,0.00138034728206468,0,0.00964188264195343,0,0.00717717904003567,8.5751937132332e-06,0.000514175503358407,0,0.0032025299009725,0.0067274976179691,0.00333578993915653,8.72840974053515e-05,0.0110399230856064,3.65833369644305e-05,0.00155596811853385,0,0.0509182636859819,0.00246319157983547,1.32144634132656e-05
0.00026939601409058,0,0.00271554442955013,0,0.127323003585305,0,0.0120758372085709,0,0,0,0,0,0,0,0,0,0,0,0,0,0,0,0,0,0,0,0,0,0,0,0,0,0,0,0,0,0,0,0,0,0,0,0,0,0,0,0,0,0,0,0,0,0.0608012209714254,0,0.00839393123111666,0,0.0114615832888046,0,0.00590740415747839,0,0.00450936356911047,0,0,6.1322759568579e-05,0,0,0,0,0,0,0,0,0,0,0,0,0,0,0,0,0,0,0.0005371545781326,0,0.001453493283806,0,0
0,0.00905842367320708,0,0.0302966720335647,0,0.0712504819003508,0,0.036531255616496,0,0.000195297544977636,0,0,0,0.000809437435925542,0,0,0,0,0,0,0,0,0,0,0,0,0,0,0,0,0,0,0,0,0,0,0,0,0,0,0,0,0,0,0,0,0,0,0,0.00270902231663706,0,0,0,0.0025830761602183,0,0.00514191766806649,0,0.00492851716947511,0,0.00757692764575265,0,0.00666139600529659,0,0,0,0,0,0,0,0,0,0,0,0,0,0,0,0,0,0,0,0,0.000451207723597559,3.78736091462449e-06,0,0,0
0,0,0,0,0.0264832810487893,0,0.156872656583753,0,0,0,6.52762828394771e-05,0,0.0109467648981046,0,0,0,0,0,0,0,0,0,0,0,0,0,0,0,0,0,0,0,0,0,0,0,0,0,0,0,0,0,0,0,0,0,0,0,0,0,0.0608012209714254,0,0,0,0,0,0,0,0.0172664196806754,0,0,0,0,0,0,0,0,0,0,0,0,0,0,0,0,0,0,0,0,0,0,0,0.000548604903248209,0,0,0,0
0,0,0,0,0,0.00159544468655557,0,0.0638696783524329,0,0,0,0,0,0.00280115023763012,0,0,0,0,0,0,0,0,0,0,0,0,0,0,0,0,0,0,0,0,0,0,0,0,0,0,0,0,0,0,0,0,0,0,0,0,0,0.0025830761602183,0,0,0,0,0,0,0,0.00205686890439406,0,0,0,0,0,0,0,0,0,0,0,0,0,0,0,0,0,0,0,0,0,0,0,0,0,0,0
0.00668755104344094,0,0.00276452125498274,0,0.00510689896209292,0,0,0,0.158177067351888,0,0,0,0,0,0.0957423892782964,0,0.00315873326177961,0.000899036845429712,0.000238549815669462,0,0,0,4.23541983164542e-05,6.44642221514953e-05,0.00690286032891609,0.000272131691166451,0.00558936870534391,7.10979952051141e-05,0.000109719591775699,0,0,0,0,0,0,0,0,0,0.000209048006636575,0,0,0,0.000194741352279834,0,0,0,0,0,0.000250547511436016,0,0.00839393123111666,0,0,0,0,0,0,0,0,0,0.0189284203921728,0,0,0,0,0,0,0.000797485304785718,0.000712312109872559,0.00656609666285865,0,0,0,0,0,0,0,0,1.66669707755632e-06,0,5.63154075185643e-06,5.71071984235002e-05,0.00111563244530755,0,0.000761339277169103,0,0
0,0.0816465258541993,0,0.00449685254771835,0,0.0110261348547093,0,0,0.000137261894293722,0.0833028265397821,0,0,0,0.000242364220875714,0,0.0291161037138313,0.00024212014980555,0.00734437286885696,0.000654205222602616,0,0,1.08040057999976e-05,0,0.0260929067503294,0,0.0118904695527995,0,0.000419817239643132,0,0,0,0,0,0,0,0,0,0.000205008623179535,0,0,1.66124927800952e-05,0,0,0,0,0,0,0,0,0.00226093625486386,0,0.00514191766806649,0,0,0,0,0,0,0,3.32419492194498e-05,0,0.00356714068959449,0,0,0,0,0.00674075854983116,0,0.0125231457276511,0.000614963597075199,0.000302371594891274,0,0,0,0,0,0,0,0,0,0.000142436677183186,0,0.000836651358609869,7.65186806147434e-06,0.00119264400386473,0,0
0,0,0.0068157161088207,0,0,0,0,0,0,0,0.0113241472744956,0,0,0,0,0,0,0,2.90241817981363e-06,0,0.000285570014625628,0,0,0,0,0,0,0,0,0,0.000936727779414671,0,0,0,0,0,0,0,0,0,9.35117567518537e-05,0,0.000142488319554498,0,0,0,0.00237133508068528,1.39803839527359e-05,0.00516198911718486,0,0.0114615832888046,0,0,0,0,0,0,0,0.00326624128917048,0,0.000134162628108449,0,0,0.00211983396974309,0,0,0,0,0,0,0,0,0,0.0115221836541401,0,0,0,0,0,0.000153663189044639,0,0.00115358712151606,3.92842489086289e-07,0,0.00659777396210046,0,0.000155755864008405
0,0,0,0.00012396225451619,0,0.0017133472337406,0,0.00594710280949175,0,0,0,0.0151698784522137,0,0.00169959970892287,0,0.00171999012355536,0,0,7.53175249051691e-05,0.0163813071000418,0,0,0,0,0,0,0,0,0,0.00219701118572917,0,6.60723696683472e-05,0,5.01385318287141e-05,0,2.96126098975932e-06,0,0.000864610818004087,0,0.000334313409332029,0,0.0086041463070746,0,3.20924416359661e-05,0,0.0117024655306299,0,0.000294743072811906,0,0.00436646166595855,0,0.00492851716947511,0,0,0,0,0,0,0,0.0120314636321159,0,0,0.027907979913624,0,0,0,0,0,0,0,0,0,0.0105900208313182,0,0,0,0,0,0.000153180427305061,9.33383965802993e-07,0.00072018683439703,0,1.18858517313312e-05,0,0.00855271915678628,0.00121647023838446,0
0,0,0.000217639635427464,0,0.000597819458158337,0,0.000282385406480902,0,0,0,0,0,0.0014137490816577,0,0.00684151960511832,0,0,0,0,0,0,0,0,0,0,0,0,0,0,0,0,0,0,0,0,0,0,0,0,0,0,0,0,0,0,0,0,0,5.44092174707498e-05,0,0.00590740415747839,0,0.0172664196806754,0,0,0,0.00326624128917048,0,0,0,0.00233332265531155,0,0,0,0,0,0,0,0,0,0,0,0,0,0,0,0,0,0,0,0,0,0,0,0.00049789875149516,0,0
0,0,0,0.000569965640724417,0,0.00193466418452837,0,0.00374397840200843,0,0,0,0,0,0.0181993215072887,0,0.00764658575059351,0.000197982122838371,0.000130056027621436,0,0,0,0,0,0.000108814520476418,0,0.000695544330705294,0,0.0002364874811704,0,0,0,0,0,0,0,0,0,0,0,0,0,0,0,0,0,0,0,0,0,0.000337472894813572,0,0.00757692764575265,0,0.00205686890439406,0,3.32419492194498e-05,0,0.0120314636321159,0,0,0,0.0021156555685294,0,0,0,0,0,0,0.000517580380823136,0,1.81004324434403e-05,0,0,0,0,0,0,0,0,0,0,0,4.62036801473994e-05,0,0,0,0
0,0,0,0,0.0138837887514833,0,0,0,0.0129016679234965,0,0,0,0.00213789880404065,0,0.0354135087093029,0,0.00858596143886347,0.000450659476461255,0.000275962449005884,0,0,0,1.47226155461909e-05,0.000449793106961017,0.000545992368440915,0,0.0118753149155685,0,8.54724594566217e-05,0,0,0,0,0,0,0,0,0,0,0,0,0,0,0,0,0,0,0,0,0,0.00450936356911047,0,0,0,0.0189284203921728,0,0.000134162628108449,0,0.00233332265531155,0,0,0,0,0,0,0,0,0,0,0.0071244033096142,0,0,0,0,0,0,0,0,0,0,1.16130714865759e-05,0,0.000518017398880689,0,0,0,0
