0,0,8.91299419663846,0,0,0,0,0,7.17349080912835,0,0,0,0,0,5.80973219871521,0,28.0761263711112,0,14.3623451764385,0,23.5332765579224,0,0,0,11.3817281723022,0,0,0,0,0,0,0,0,0,0,0,46.7923927307129,40.436274210612,17.8289403915405,0,26.3218426704407,0,16.0325516090393,0,30.8719635009766,0,30.0559234619141,34.2797734396798,7.55135684686083,0,52.325023651123,0,0,0,4.54207327961922,0,13.5418822616339,0,23.0103054046631,0,7.79785979986191,0,0,23.9687229394913,59.888858795166,0,51.7255821228027,11.1890540122986,0,0,0,25.1803771972656,0,22.5046705881755,0,0,0,0,0,34.7026726858956,0,28.430069964865,12.9714619819508,0,10.9872018685106,0,11.9413673612807
0,0,0,4.37207228295943,0,0,0,0,0,4.12785552098201,0,0,0,0,0,0,0,0,35.2371203104655,0,0,0,0,17.4573580878121,0,0,0,0,0,0,0,0,0,0,0,0,0,21.5385508537292,0,57.3210948944092,0,19.7448718158735,0,0,0,0,0,25.4113178253174,0,8.72076608799122,0,0,0,0,0,6.64492835911405,0,0,0,5.46406954526901,0,5.30674092292786,0,0,0,0,20.4688563125078,0,31.2730569839478,0,0,0,37.5425074895223,0,0,0,0,0,60.7749799092611,0,104.779426574707,0,13.3893754297925,0,12.0096937164759,6.23359553019206,0
8.91299419663846,0,0,0,9.15394525527954,0,0,0,9.31505172483383,0,0,0,0,0,6.98163074917263,0,50.0475921630859,0,41.2929773330688,0,0,0,0,0,0,0,0,0,0,0,0,0,0,0,0,0,23.2918198903402,0,29.988501739502,0,42.3963403701782,0,27.9791729820186,0,0,0,42.1782638231913,53.0480117797852,13.3152643736095,0,7.70326507763985,0,0,0,6.020859677451,0,26.0218852532876,0,19.4290712594986,0,5.62878546785952,0,0,41.8629547999455,0,0,0,0,0,0,0,27.4831152174208,0,27.2332481467811,0,0,0,0,0,55.6705926259359,0,46.3495669364929,11.2397602807058,0,23.5127814728079,0,19.3912739276886
0,4.37207228295943,0,0,0,8.51526399453481,0,0,0,9.24040348189218,0,5.49628019332886,0,0,0,0,35.1786804199219,50.2592124938965,35.9540705680847,9.77425920963287,0,0,0,0,0,0,0,0,0,0,0,0,0,0,0,15.7818859324736,0,0,0,40.3538382848104,51.3271408081055,35.0186336835225,43.3326473236084,0,0,37.8130249977112,64.7761840820312,0,35.9707527160645,6.38431459108988,0,11.7206762873608,0,0,0,5.88930229154126,0,5.15639515303395,0,4.40478266988482,0,5.53042445057317,34.4420070648193,0,0,0,0,0,0,0,0,0,35.3256189727783,0,0,0,0,0,18.2327595566804,62.839054107666,58.6460590362549,0,14.0839925630637,15.5777924711054,14.171910865223,31.9956936836243,0
0,0,9.15394525527954,0,0,0,0,0,4.51231486425487,0,0,0,0,0,3.98175893783569,0,0,0,0,0,0,0,0,0,0,0,0,0,0,0,0,0,0,0,0,0,7.92929005622864,0,0,0,69.6655883789062,0,39.2462890625,0,0,0,0,0,42.1525650024414,0,2.95763454437256,0,0,0,0,0,34.9955177307129,0,0,0,3.87477151552836,0,0,0,0,0,0,0,0,0,0,0,0,38.3590049743652,0,0,0,0,0,23.9289791584015,0,0,11.0175581546057,0,27.4644544124603,0,0
0,0,0,8.51526399453481,0,0,0,2.96007907390594,0,10.4632849579766,0,0,0,0,0,5.07987356185913,0,0,50.6764583587646,15.7897615432739,0,0,0,0,0,0,0,0,0,0,0,0,0,0,0,0,0,0,0,0,0,38.9863624572754,0,0,0,0,0,0,0,17.0522041320801,0,3.82030936454733,0,0,0,12.2255019883852,0,3.97096203502856,0,2.84743815660477,0,4.34563317469188,15.2105941772461,0,0,0,0,0,0,0,0,0,0,0,0,0,0,0,0,0,0,0,8.39434642791748,18.4859628677368,19.0356162275587,0,0
0,0,0,0,0,0,0,0,0,0,0,0,0,0,0,0,0,0,0,0,0,0,0,0,0,0,0,0,0,0,0,0,0,0,0,0,0,0,0,0,0,0,0,0,0,0,0,0,0,0,0,0,2.7399275302887,0,0,0,3.1537082195282,0,2.99422659873962,0,0,0,0,0,0,0,0,0,0,0,0,0,0,0,0,0,0,0,0,0,0,0,0,0,0,0,0
0,0,0,0,0,2.96007907390594,0,0,0,0,0,0,0,0,0,0,0,0,0,0,0,0,0,0,0,0,0,0,0,0,0,0,0,0,0,0,0,0,0,0,0,0,0,0,0,0,0,0,0,0,0,2.96288275718689,0,3.10828821999686,0,0,0,0,0,0,0,0,0,0,0,0,0,0,0,0,0,0,0,0,0,0,0,0,0,0,0,0,0,0,0,0,0
7.17349080912835,0,9.31505172483383,0,4.51231486425487,0,0,0,0,0,0,0,0,0,5.32926172433898,0,0,0,41.3596680959066,0,0,0,0,0,6.21635680718181,0,6.7474045753479,0,0,0,0,0,0,0,0,0,0,35.4290809631348,7.55236398882982,0,0,0,20.9599700195845,0,0,0,0,53.4744262695312,13.7713512420654,0,3.27588930130005,0,0,0,5.98144307803932,0,16.5011384010315,0,36.4961433410645,0,6.78747951984406,0,0,0,0,0,0,4.68865769131239,0,10.3677137295405,0,61.3321762084961,0,35.3353080749512,0,0,0,0,0,0,39.0065078735352,11.3118504069068,7.10079586176062,3.45754982898762,7.58356314727238,0,0
0,4.12785552098201,0,9.24040348189218,0,10.4632849579766,0,0,0,0,0,11.4960165023804,0,0,0,4.59951752323215,0,0,32.6646728515625,14.4679619284237,0,44.386417388916,0,10.0793484018909,0,0,0,0,0,0,0,0,0,0,0,19.1939725875854,0,9.93932579916877,0,54.3049850463867,0,13.7405658949793,0,0,0,0,0,0,40.7836036682129,15.3220623731613,0,8.35627388272967,0,0,0,5.85638665360028,0,10.4327971718528,0,0,0,4.12998844385147,13.7590561220723,0,38.578634262085,0,12.8122257169733,0,30.3855266571045,0,0,0,32.265354792277,0,0,0,0,0,49.8490333557129,0,18.418636497904,0,8.75846704134501,18.74973487854,14.7618163957828,16.6864635944366,0
0,0,0,0,0,0,0,0,0,0,0,0,3.22144913673401,0,0,0,0,0,0,0,3.05485291349087,0,0,0,0,0,0,0,8.90469308332963,0,6.08256405797498,0,0,0,0,0,2.86909760747637,0,3.21948885523583,0,0,0,0,0,0,0,40.6002025604248,0,0,0,0,0,0,0,0,0,5.40667179541584,0,2.94195632636547,0,0,0,0,26.3916036215695,0,0,0,0,0,0,0,10.1553322884344,0,7.57188974494365,0,0,0,0,0,0,0,14.3376474380493,3.20647011509648,0,0,0,0
0,0,0,5.49628019332886,0,0,0,0,0,11.4960165023804,0,0,0,2.9477398238913,0,0,0,0,0,3.25987259546916,0,0,0,0,0,0,0,2.75022912025452,0,7.46361642900635,0,0,0,0,0,4.96365636587143,0,6.06409788305742,0,0,0,0,0,0,0,0,0,0,0,0,0,0,0,0,0,11.0820865631104,0,6.05487954494947,0,3.70054219245911,0,0,3.12833311444237,0,0,0,0,0,0,0,0,0,9.34452413412845,0,0,0,0,0,3.73669544952672,0,2.98320677545336,0,2.94649595022202,0,6.93727588653564,0,0
0,0,0,0,0,0,0,0,0,0,3.22144913673401,0,0,0,4.46587709585826,0,0,0,40.3586769104004,0,0,0,0,0,0,0,0,0,3.22870898246765,0,0,0,0,0,0,0,0,0,0,0,47.1977767944336,0,25.8577919006348,0,0,0,0,0,27.2059274673462,0,0,0,0,0,0,0,12.8455123371548,0,4.6872483998053,0,3.84263976414998,0,0,0,0,0,0,0,0,0,0,10.3011351426442,0,29.7931747436523,0,0,0,0,0,0,0,0,4.29221577060466,0,25.9971330430773,0,22.7662286758423
0,0,0,0,0,0,0,0,0,0,0,2.9477398238913,0,0,0,5.7541828205711,0,0,0,0,0,0,0,0,0,0,0,0,0,0,0,0,0,0,0,0,0,0,0,0,0,0,0,0,0,0,0,0,0,6.20741481781006,0,0,0,0,0,0,0,3.92383473890799,0,5.56534510855119,0,5.77939346642,0,0,0,0,0,0,0,0,3.80854272842407,0,0,0,0,0,0,0,0,0,0,0,3.18427262617194,3.34544474369771,0,0,0
5.80973219871521,0,6.98163074917263,0,3.98175893783569,0,0,0,5.32926172433898,0,0,0,4.46587709585826,0,0,0,0,0,0,0,0,0,0,0,0,0,0,0,0,0,0,0,0,0,0,0,0,0,0,0,0,0,0,0,0,0,0,0,10.5023234571729,0,3.00765336187262,0,0,0,4.94182080881936,0,6.23070074617863,0,4.84219921297497,0,4.49868109190642,0,0,0,0,0,0,0,0,4.869788646698,0,0,0,0,0,0,0,0,0,0,0,0,4.96332196755843,0,31.2010364532471,0,0
0,0,0,0,0,5.07987356185913,0,0,0,4.59951752323215,0,0,0,5.7541828205711,0,0,0,4.31279110139416,0,0,0,0,0,13.1545917510986,0,4.22260160368632,0,0,0,0,0,0,0,0,0,0,0,0,0,0,0,0,0,0,0,0,0,0,0,8.85174655914307,0,4.02397429891922,0,0,0,3.84059843588411,0,12.3354036808014,0,8.21389755593523,0,4.84255427622613,0,0,0,0,13.8408800125122,0,6.73444176673889,0,0,0,0,0,0,0,0,0,0,0,34.3027102152506,0,6.91682374477386,0,0,0,0
28.0761263711112,0,50.0475921630859,35.1786804199219,0,0,0,0,0,0,0,0,0,0,0,0,0,22.2380463039858,24.1810865675249,0,0,0,3.90005382339833,0,9.86147016027699,30.4035368832675,3.98234670336654,0,0,0,0,0,0,0,0,99.4735961914062,90.2804651260376,0,63.3291263580322,71.7683645395132,62.9558305131628,65.4208763122559,39.6386000700671,56.7808204650879,0,67.4712852478027,49.0013602191004,0,58.055721282959,65.1552505493164,0,0,0,0,0,0,72.2619323730469,88.5999984741211,0,0,0,0,72.3710647583008,61.9893889157277,0,0,0,0,44.7880573272705,5.28820546468099,0,62.4285252888997,73.4755061222957,81.8618316650391,0,0,0,0,86.9156193452723,65.3748413489117,77.622323513031,67.0802736282349,16.9364222668855,4.55361000930562,55.1096549220591,53.9343757629395,37.5091279563257
0,0,0,50.2592124938965,0,0,0,0,0,0,0,0,0,0,0,4.31279110139416,22.2380463039858,0,20.1641234917432,0,0,4.66715991621032,0,4.95101798057556,0,6.97907941508265,0,0,0,0,0,0,0,0,0,85.4264062245687,84.0582987467448,0,0,62.1826749662074,66.5182240804036,46.4568059735182,48.9949889500936,44.1967661115858,0,59.2659837771685,61.089293162028,0,0,77.0871994018555,0,0,0,0,0,0,0,61.0642509460449,0,0,0,0,65.6299004988237,72.6854513301406,6.6506769657135,0,2.95709383487701,0,8.08022256093482,0,0,0,65.642081366645,0,0,0,0,0,73.254750511863,69.3768979537586,63.2651533020867,82.5795475641886,13.7184417650995,4.67795994978151,58.232726048379,43.4180435180664,48.2027958631516
14.3623451764385,35.2371203104655,41.2929773330688,35.9540705680847,0,50.6764583587646,0,0,41.3596680959066,32.6646728515625,0,0,40.3586769104004,0,0,0,24.1810865675249,20.1641234917432,0,0,44.6245212554932,0,0,47.1095390319824,0,35.2557792663574,0,0,0,0,0,0,0,0,0,65.0059345142261,65.4287715122617,0,48.8323268890381,44.3824687637421,41.8106793023772,24.2568024538677,24.0034423570387,14.9433269137767,22.4469325201852,39.9041773400656,35.4294913512297,0,34.9385091781616,37.3532199244345,0,48.8100337982178,0,0,0,39.0955085754395,37.6708594428168,37.7126678466797,36.1335368156433,0,0,0,47.3308714130257,51.144254434633,0,0,0,0,0,0,0,44.5932439565659,35.267972229267,46.3599613734654,0,0,0,0,50.2778651388536,45.9554722564315,37.1807560508634,46.1153054819642,15.720357195653,0,33.6652751342471,23.6370311609904,22.6320878756352
0,0,0,9.77425920963287,0,15.7897615432739,0,0,0,14.4679619284237,0,3.25987259546916,0,0,0,0,0,0,0,0,0,0,0,0,0,0,0,0,0,0,0,0,0,0,0,4.84838088758432,0,3.23987152462914,0,0,0,0,0,0,0,17.7695184435163,0,0,0,0,0,0,0,0,0,13.5529672449285,0,4.62967467308044,0,0,0,0,5.09477777836562,0,0,0,0,0,0,0,0,0,36.4738693237305,0,0,0,0,0,14.0605524835132,0,3.85012895920697,0,8.28593958748711,0,7.94234671026973,0,0
23.5332765579224,0,0,0,0,0,0,0,0,0,3.05485291349087,0,0,0,0,0,0,0,44.6245212554932,0,0,0,0,0,0,0,0,0,0,0,17.4069838523865,0,0,0,0,0,7.69780526656715,0,10.7919941661002,0,78.9901428222656,0,43.0084384918213,0,0,0,37.8363228359738,0,47.2196617126465,0,14.5197286605835,0,0,0,0,0,5.2833869841791,0,0,0,0,0,0,10.4079517396854,0,0,0,0,0,0,0,14.1760206222534,0,15.0554363016497,0,0,0,0,0,10.369440439473,0,18.465280774814,16.8724733904788,0,13.8904106783312,0,28.6962036405291
0,0,0,0,0,0,0,0,0,44.386417388916,0,0,0,0,0,0,0,4.66715991621032,0,0,0,0,5.45535422960917,9.22763457635175,0,3.21059260050456,0,2.96202373504639,0,0,0,0,0,0,0,0,0,7.20263211466844,0,0,0,0,0,0,0,0,0,24.0621201197306,0,7.99585468952472,0,0,0,0,0,34.4655799865723,0,0,0,0,0,0,0,0,5.49766369110723,3.30880445374383,22.5774997428611,0,3.15233438014984,0,0,0,0,0,0,0,0,0,0,0,8.03502934223009,0,3.97629850102925,4.14889228053209,36.0685691833496,0,0
0,0,0,0,0,0,0,0,0,0,0,0,0,0,0,0,3.90005382339833,0,0,0,0,5.45535422960917,0,0,10.8348850381785,0,3.37949109077454,0,2.75596380233765,0,0,0,0,0,0,0,0,0,5.45780986310657,0,0,0,0,0,0,0,0,0,10.6681275108752,0,0,0,0,0,0,0,0,0,0,0,0,0,0,0,0,5.14191168549249,0,14.160177490928,0,12.0314856767654,0,0,0,0,0,0,0,0,0,0,0,9.52003618953122,4.14017471093782,0,25.7611709594727,0,0
0,17.4573580878121,0,0,0,0,0,0,0,10.0793484018909,0,0,0,0,0,13.1545917510986,0,4.95101798057556,47.1095390319824,0,0,9.22763457635175,0,0,0,4.71900502840678,0,0,0,0,0,0,0,0,0,0,0,8.69555211394745,0,0,0,12.473252137502,0,0,0,0,0,15.9176895050775,0,7.36073756685444,0,0,0,0,0,13.0712821935242,0,15.0885877609253,0,0,0,18.866125033452,0,0,11.6974324149601,0,6.23440342817464,42.1899909973145,8.28708427482181,0,0,0,0,0,0,0,0,0,0,0,7.53127909795506,0,5.68093139078559,0,7.85640698465808,0,0
11.3817281723022,0,0,0,0,0,0,0,6.21635680718181,0,0,0,0,0,0,0,9.86147016027699,0,0,0,0,0,10.8348850381785,0,0,0,4.52565412556947,0,0,0,0,0,0,0,0,0,0,36.791020711263,7.33705504022362,0,0,0,27.8814401626587,0,0,0,0,29.3855764600966,9.51993773219822,0,0,0,0,0,7.55350419779143,0,0,0,0,0,12.4924778805839,0,0,0,0,10.5395401734859,0,3.94373938200157,0,5.1538399549341,0,0,0,0,0,0,0,0,0,0,0,8.72981630045202,5.31036790323929,0,9.10417033905207,0,0
0,0,0,0,0,0,0,0,0,0,0,0,0,0,0,4.22260160368632,30.4035368832675,6.97907941508265,35.2557792663574,0,0,3.21059260050456,0,4.71900502840678,0,0,0,5.59806073234376,0,0,0,0,0,0,0,0,0,0,0,0,0,0,0,0,0,0,0,0,0,0,0,0,0,0,0,0,0,0,0,0,0,4.60958993112719,0,0,10.5842990875244,0,6.13917938172817,0,5.05244657066133,0,6.53835725784302,0,0,0,0,0,0,0,0,0,0,0,5.9074991902367,0,0,0,0
0,0,0,0,0,0,0,0,6.7474045753479,0,0,0,0,0,0,0,3.98234670336654,0,0,0,0,0,3.37949109077454,0,4.52565412556947,0,0,0,0,0,0,0,0,0,0,0,0,0,0,0,0,0,0,0,0,0,0,0,0,0,0,0,0,0,0,0,0,0,0,0,0,0,0,0,0,4.3459765625,0,3.43137001991272,0,3.4979380187781,0,4.25089869896571,0,0,0,0,0,0,0,0,0,0,4.18618468905604,0,0,0,0
0,0,0,0,0,0,0,0,0,0,0,2.75022912025452,0,0,0,0,0,0,0,0,0,2.96202373504639,0,0,0,5.59806073234376,0,0,0,3.04723228727068,0,0,0,0,0,0,0,4.94314199009457,0,0,0,0,0,0,0,0,0,0,0,0,0,0,0,0,0,0,0,2.74818253517151,0,4.23443826039632,0,0,0,0,4.72363049051036,0,0,0,7.12903136741824,0,5.58004032911534,0,11.8041120008989,0,0,0,0,0,0,0,12.0250635790021,0,0,0,0,0,0
0,0,0,0,0,0,0,0,0,0,8.90469308332963,0,3.22870898246765,0,0,0,0,0,0,0,0,0,2.75596380233765,0,0,0,0,0,0,0,3.07400568631979,0,0,0,0,0,0,0,3.59964055674417,0,0,0,0,0,0,0,0,0,0,0,0,0,0,0,0,0,0,0,3.23812294006348,0,0,0,0,0,0,0,0,0,0,0,0,4.24804073441638,0,0,0,0,0,0,0,0,0,0,3.95076810170526,0,0,0,0
0,0,0,0,0,0,0,0,0,0,0,7.46361642900635,0,0,0,0,0,0,0,0,0,0,0,0,0,0,0,3.04723228727068,0,0,0,0,0,0,0,0,0,4.18119685039964,0,0,0,0,0,0,0,0,0,0,0,0,0,0,0,0,0,0,0,8.18327101584404,0,0,0,0,0,0,0,0,0,0,0,0,11.8677322069804,0,4.85432522947138,0,0,0,0,0,0,0,4.48135323183877,0,0,0,0,0,0
0,0,0,0,0,0,0,0,0,0,6.08256405797498,0,0,0,0,0,0,0,0,0,17.4069838523865,0,0,0,0,0,0,0,3.07400568631979,0,0,0,0,0,0,0,0,0,2.84737771749496,0,0,0,0,0,0,0,42.2190322875977,0,0,0,0,0,0,0,0,0,5.28903379627303,0,0,0,0,0,0,23.7287839889526,0,0,0,0,0,0,0,3.09351207812627,0,4.06088200334795,0,0,0,0,0,0,0,3.59053659439087,2.74148392677307,0,73.8260345458984,0,0
0,0,0,0,0,0,0,0,0,0,0,0,0,0,0,0,0,0,0,0,0,0,0,0,0,0,0,0,0,0,0,0,4.05677874284248,8.26892164849887,7.94048565084284,19.3121322093866,0,0,0,0,0,0,0,0,0,0,0,6.97410987092883,16.8319789341518,0,0,0,0,0,0,0,0,0,0,0,0,0,0,0,0,0,0,0,0,0,0,0,0,0,8.3049544728074,3.58369062325665,6.58933553802833,0,18.3871954866078,0,0,0,2.98592826979501,0,5.16940498352051,0,0
0,0,0,0,0,0,0,0,0,0,0,0,0,0,0,0,0,0,0,0,0,0,0,0,0,0,0,0,0,0,0,4.05677874284248,0,6.25114216254308,6.19939301863755,2.85393565893173,20.2512501314895,0,0,0,0,0,0,0,0,0,0,7.9658627888513,10.6891769279133,0,0,0,0,0,0,0,0,0,0,0,0,0,0,0,0,0,0,0,0,0,0,0,0,0,10.0027079582214,5.79210934407002,10.6630773544312,6.26770643234253,0,18.4830788014504,0,0,3.40029378498302,0,0,0,0
0,0,0,0,0,0,0,0,0,0,0,0,0,0,0,0,0,0,0,0,0,0,0,0,0,0,0,0,0,0,0,8.26892164849887,6.25114216254308,0,6.09072520343769,4.84128956666729,0,3.82452843365846,16.8437357902527,0,0,60.9554634094238,15.0516905254788,0,0,0,0,7.72811038774228,22.6272184784348,5.11446215124691,0,0,0,0,0,0,0,0,0,0,0,0,0,0,0,0,0,0,0,42.4510307312012,0,0,0,0,5.19984292250413,0,4.13902024081861,4.18683101926435,9.15161670338024,0,6.59870164749689,20.4378452301025,10.7852701464879,0,22.5024944032942,0,0
0,0,0,0,0,0,0,0,0,0,0,0,0,0,0,0,0,0,0,0,0,0,0,0,0,0,0,0,0,0,0,7.94048565084284,6.19939301863755,6.09072520343769,0,38.6230812072754,2.89646932482719,15.5342226028442,7.53499767359565,0,0,0,0,0,0,0,0,4.8669192527571,9.19058690071106,17.9532566070557,0,0,0,0,0,0,0,0,0,0,0,0,0,0,0,0,0,0,0,0,0,0,0,0,10.5825672516456,4.04684910669432,11.0034392796674,3.48211108947979,15.8614710639505,6.17006002301755,17.533417224884,5.61912379325446,3.44747226043317,3.48933273553848,8.50672973286022,0,0
0,0,0,15.7818859324736,0,0,0,0,0,19.1939725875854,0,4.96365636587143,0,0,0,0,99.4735961914062,85.4264062245687,65.0059345142261,4.84838088758432,0,0,0,0,0,0,0,0,0,0,0,19.3121322093866,2.85393565893173,4.84128956666729,38.6230812072754,0,3.58456020004917,5.1380843717845,3.47955694198608,80.5086406318235,0,55.9108340696855,95.1972885131836,49.8257856515738,0,27.1209273213304,84.4424362182617,7.44729924201965,0,91.0240631103516,0,15.1090562343597,0,0,0,21.1032933394114,0,14.9662679377056,0,15.9045543670654,0,19.3317554473877,6.9302396163183,110.519325256348,0,0,0,0,0,0,0,0,64.3681774139404,0,26.5837929983103,0,5.02638074980309,0,8.29799364974247,7.00540294802401,19.2423032099507,0,9.52023519253044,5.07640940112037,24.4513548121068,48.2562026977539,0
46.7923927307129,0,23.2918198903402,0,7.92929005622864,0,0,0,0,0,2.86909760747637,0,0,0,0,0,90.2804651260376,84.0582987467448,65.4287715122617,0,7.69780526656715,0,0,0,0,0,0,0,0,0,0,0,20.2512501314895,0,2.89646932482719,3.58456020004917,0,0,6.05563626848659,96.3691940307617,12.3870814376407,0,55.2484754562378,0,0,0,38.6668667075908,10.1473682032477,70.0608062744141,113.472236633301,22.5475959777832,0,0,0,0,0,3.54666831397047,0,30.9551052093506,0,19.2456240653992,0,0,15.7380142233338,0,0,0,0,0,0,0,0,0,57.7178802490234,0,22.3442507432057,0,3.3702081044515,5.14134306078372,7.56213927118074,0,9.21981628653046,6.16016061459333,5.25855886019193,13.7460460837029,0,39.9415549039841
40.436274210612,21.5385508537292,0,0,0,0,0,0,35.4290809631348,9.93932579916877,0,6.06409788305742,0,0,0,0,0,0,0,3.23987152462914,0,7.20263211466844,0,8.69555211394745,36.791020711263,0,0,4.94314199009457,0,4.18119685039964,0,0,0,3.82452843365846,15.5342226028442,5.1380843717845,0,0,4.20204955941709,0,0,16.778468039728,0,0,0,27.4051361083984,0,13.168193915311,28.263213596344,5.88953277246276,0,0,0,0,0,17.4856681395113,46.9911766052246,6.3413088425346,0,0,0,28.2152895927429,9.2758420308431,0,11.6640247103029,0,10.2055959534087,38.0011507670085,14.096435546875,43.5143089294434,4.82022929191589,0,3.68577941981229,0,0,0,3.69561896469387,0,5.87922699596887,0,6.22694312134131,3.30709681777578,8.48258766990442,2.90475496649742,19.3990968439748,14.717431306839,0
17.8289403915405,0,29.988501739502,0,0,0,0,0,7.55236398882982,0,3.21948885523583,0,0,0,0,0,63.3291263580322,0,48.8323268890381,0,10.7919941661002,0,5.45780986310657,0,7.33705504022362,0,0,0,3.59964055674417,0,2.84737771749496,0,0,16.8437357902527,7.53499767359565,3.47955694198608,6.05563626848659,4.20204955941709,0,0,76.0243377685547,0,31.4650674733249,0,0,0,38.8138944268227,6.13984693647825,6.46603317848749,23.9106473922729,0,0,0,0,12.6019850080664,0,3.69804812754904,0,0,0,0,0,0,20.2974959450947,0,8.12721582689242,0,8.57558916784027,0,14.0812126816093,0,0,0,3.26091172031521,0,0,25.2124824523926,8.50668413211138,5.49341630935669,10.9369903889077,9.62065059661865,5.83504601169838,8.27110095676285,4.10268540815874,11.5714628875256,0,24.5785211835589
0,57.3210948944092,0,40.3538382848104,0,0,0,0,0,54.3049850463867,0,0,0,0,0,0,71.7683645395132,62.1826749662074,44.3824687637421,0,0,0,0,0,0,0,0,0,0,0,0,0,0,0,0,80.5086406318235,96.3691940307617,0,0,0,79.9234689076741,25.1515134142606,51.3291866039408,31.5107583999634,0,14.4701144134505,82.0566467285156,6.11268711090088,0,34.3373698412654,0,0,0,0,0,44.5723609924316,0,50.1540163101688,0,36.4748268127441,0,0,26.4052945461149,88.2388868331909,0,0,0,0,0,0,0,0,44.6923774421638,0,0,0,0,0,40.7672953961564,81.5594134475246,52.6122759959144,95.0959739685059,40.2568281474866,29.8884159434925,35.5194070505814,38.6155277021004,53.7536125183105
26.3218426704407,0,42.3963403701782,51.3271408081055,69.6655883789062,0,0,0,0,0,0,0,47.1977767944336,0,0,0,62.9558305131628,66.5182240804036,41.8106793023772,0,78.9901428222656,0,0,0,0,0,0,0,0,0,0,0,0,0,0,0,12.3870814376407,0,76.0243377685547,79.9234689076741,0,71.4950160980225,17.8173674109735,57.5678691864014,27.30464331309,68.1225547790527,14.4032872269663,9.12184991880699,6.60212344997196,0,54.4797515869141,0,0,0,52.2081489562988,0,46.9797401428223,0,51.9130172729492,0,45.893004099528,0,83.9553146362305,40.4214868280623,0,0,0,0,0,0,0,68.5299911499023,89.1364669799805,19.8275206920712,0,0,0,0,89.5211219787598,11.1780373167992,94.6681060791016,14.4730593752354,39.4341626776026,0,12.3545822313886,0,22.3139335844252
0,19.7448718158735,0,35.0186336835225,0,38.9863624572754,0,0,0,13.7405658949793,0,0,0,0,0,0,65.4208763122559,46.4568059735182,24.2568024538677,0,0,0,0,12.473252137502,0,0,0,0,0,0,0,0,0,60.9554634094238,0,55.9108340696855,0,16.778468039728,0,25.1515134142606,71.4950160980225,0,9.36488460213118,39.0964203884727,0,28.3610877918275,59.070839881897,10.4353540039062,61.4538726806641,14.1044132364621,0,38.9005611419678,0,0,0,40.6510558561845,0,17.7445837155452,0,37.8310222625732,0,41.3419933319092,29.3178860329051,75.4580993652344,0,0,0,0,0,0,16.140570640564,0,19.0714924892323,0,0,0,92.1569938659668,0,39.6224710117318,62.1563873291016,27.9412941917321,63.822151184082,14.2500375559822,22.4702775743273,17.4808459723841,13.857184770714,39.8654594421387
16.0325516090393,0,27.9791729820186,43.3326473236084,39.2462890625,0,0,0,20.9599700195845,0,0,0,25.8577919006348,0,0,0,39.6386000700671,48.9949889500936,24.0034423570387,0,43.0084384918213,0,0,0,27.8814401626587,0,0,0,0,0,0,0,0,15.0516905254788,0,95.1972885131836,55.2484754562378,0,31.4650674733249,51.3291866039408,17.8173674109735,9.36488460213118,0,40.954418182373,13.6246026425526,40.7781064987183,16.1077390275964,10.1341318418395,11.3094655817649,26.892639541626,41.7802674429757,0,0,0,21.5045166015625,0,21.4456529948238,60.2262763977051,30.3595735168457,0,36.7591063711378,0,42.7277255588108,28.2379443449061,0,0,0,28.8909149169922,0,0,0,24.4550050994725,70.1053816477458,31.5572418332751,0,0,17.2025725046794,0,72.1949466705322,24.0459481717773,60.3001036643982,36.8800370893406,14.3998825608985,23.7197608947754,10.8804510487476,8.22388291358948,7.90544286018573
0,0,0,0,0,0,0,0,0,0,0,0,0,0,0,0,56.7808204650879,44.1967661115858,14.9433269137767,0,0,0,0,0,0,0,0,0,0,0,0,0,0,0,0,49.8257856515738,0,0,0,31.5107583999634,57.5678691864014,39.0964203884727,40.954418182373,0,0,30.357999933177,61.4036305745443,0,0,32.7745291392008,0,0,0,0,0,0,0,15.6084890365601,0,0,0,0,39.9536959330241,62.8418184916178,0,0,0,0,0,0,64.695915222168,0,48.851521174113,0,0,0,0,0,35.3367699456277,64.8855720520019,37.5617781480153,0,25.6211988994053,11.1557521820068,18.386995163034,80.8555679321289,35.0563837687174
30.8719635009766,0,0,0,0,0,0,0,0,0,0,0,0,0,0,0,0,0,22.4469325201852,0,0,0,0,0,0,0,0,0,0,0,0,0,0,0,0,0,0,0,0,0,27.30464331309,0,13.6246026425526,0,0,0,18.0471697547219,0,19.7257976531982,0,0,0,0,0,0,0,0,0,0,0,0,0,0,32.6807607650757,0,0,0,0,0,0,0,0,0,0,0,0,0,0,0,31.7618853251139,0,0,9.06702367464701,0,10.1853041773041,0,15.6936747233073
0,0,0,37.8130249977112,0,0,0,0,0,0,0,0,0,0,0,0,67.4712852478027,59.2659837771685,39.9041773400656,17.7695184435163,0,0,0,0,0,0,0,0,0,0,0,0,0,0,0,27.1209273213304,0,27.4051361083984,0,14.4701144134505,68.1225547790527,28.3610877918275,40.7781064987183,30.357999933177,0,0,66.4812650680542,52.9309438069661,0,39.477790469215,0,0,0,0,0,47.1822293599447,0,22.0921349845856,0,0,0,0,6.85836106722816,87.4454639979771,0,0,0,0,0,0,35.6066017150879,0,25.0855696811232,0,0,0,0,0,21.6770274851075,75.6847799619039,22.8466613196402,67.8857345581055,29.7853533069601,22.68468319286,14.8192008016234,36.5415685827082,52.4099403381348
30.0559234619141,0,42.1782638231913,64.7761840820312,0,0,0,0,0,0,40.6002025604248,0,0,0,0,0,49.0013602191004,61.089293162028,35.4294913512297,0,37.8363228359738,0,0,0,0,0,0,0,0,0,42.2190322875977,0,0,0,0,84.4424362182617,38.6668667075908,0,38.8138944268227,82.0566467285156,14.4032872269663,59.070839881897,16.1077390275964,61.4036305745443,18.0471697547219,66.4812650680542,0,0,39.2404433979708,0,0,0,0,0,0,0,36.4447197151184,78.273796081543,35.5915321622576,0,45.5639533996582,0,78.0333480834961,12.6520314719055,0,0,0,0,0,0,0,38.9006885245994,84.4013977050781,38.9827923272785,0,0,0,0,87.8739859841087,19.3214192328669,81.5189757347107,34.1692809208419,30.754143741239,0,17.6453364857657,0,34.1965999603271
34.2797734396798,25.4113178253174,53.0480117797852,0,0,0,0,0,53.4744262695312,0,0,0,0,0,0,0,0,0,0,0,0,24.0621201197306,0,15.9176895050775,29.3855764600966,0,0,0,0,0,0,6.97410987092883,7.9658627888513,7.72811038774228,4.8669192527571,7.44729924201965,10.1473682032477,13.168193915311,6.13984693647825,6.11268711090088,9.12184991880699,10.4353540039062,10.1341318418395,0,0,52.9309438069661,0,0,8.01926082617732,7.5944238185025,0,0,0,0,32.9929857254028,0,0,0,0,0,47.6071815490723,0,0,0,21.5488652449388,40.2300262451172,14.5973036766052,29.6191034731658,0,30.8042231968471,0,0,0,0,14.0165443337337,10.4208991946277,9.12733581368885,4.406760374705,6.18820518434266,8.54638916562473,12.2648869946712,5.17185384756441,7.37510320859569,4.62372054693834,10.6693303323248,0,0
7.55135684686083,0,13.3152643736095,35.9707527160645,42.1525650024414,0,0,0,13.7713512420654,40.7836036682129,0,0,27.2059274673462,0,10.5023234571729,0,58.055721282959,0,34.9385091781616,0,47.2196617126465,0,10.6681275108752,0,9.51993773219822,0,0,0,0,0,0,16.8319789341518,10.6891769279133,22.6272184784348,9.19058690071106,0,70.0608062744141,28.263213596344,6.46603317848749,0,6.60212344997196,61.4538726806641,11.3094655817649,0,19.7257976531982,0,39.2404433979708,8.01926082617732,0,8.59211555616123,45.2375946044922,0,0,0,7.61930024407127,0,17.3539638900757,0,25.4458642719748,0,8.66559922589665,0,0,45.8137184143066,41.3542003631592,13.6610112166191,37.4397754669189,7.29869198799133,0,11.9314907110654,0,27.2307916205862,0,23.5682348945353,20.2280737559001,15.158081130705,24.0214088703024,0,71.142219543457,8.88981641750192,31.2130341432532,4.87333066001771,9.94561794919258,19.5918579101562,10.7641989071934,0,16.9199463020671
0,8.72076608799122,0,6.38431459108988,0,17.0522041320801,0,0,0,15.3220623731613,0,0,0,6.20741481781006,0,8.85174655914307,65.1552505493164,77.0871994018555,37.3532199244345,0,0,7.99585468952472,0,7.36073756685444,0,0,0,0,0,0,0,0,0,5.11446215124691,17.9532566070557,91.0240631103516,113.472236633301,5.88953277246276,23.9106473922729,34.3373698412654,0,14.1044132364621,26.892639541626,32.7745291392008,0,39.477790469215,0,7.5944238185025,8.59211555616123,0,0,87.3525390625,0,0,0,6.88966191646665,0,9.35937966971562,108.300109863281,5.30034000456998,0,4.25878991517756,49.0528737581693,0,7.76547066370646,0,4.37843080722924,0,4.69886983991638,0,5.3066590407799,0,18.4080100798271,0,7.05144095420837,0,6.35507574677467,0,9.83932427597488,98.6554794311523,8.43497685201807,0,13.742626902357,15.9170894622803,13.6079417539601,13.7265400937263,76.2600631713867
52.325023651123,0,7.70326507763985,0,2.95763454437256,0,0,0,3.27588930130005,0,0,0,0,0,3.00765336187262,0,0,0,0,0,14.5197286605835,0,0,0,0,0,0,0,0,0,0,0,0,0,0,0,22.5475959777832,0,0,0,54.4797515869141,0,41.7802674429757,0,0,0,0,0,45.2375946044922,0,0,0,0,0,3.5071201781704,0,7.54366044677905,0,6.07912077903748,0,5.98083961350577,0,0,9.76655960974292,0,0,0,0,0,0,0,57.8639717102051,0,40.4783363342285,0,0,0,0,0,49.1113243103027,0,0,19.1010475423601,0,11.6931573364632,0,0
0,0,0,11.7206762873608,0,3.82030936454733,0,2.96288275718689,0,8.35627388272967,0,0,0,0,0,4.02397429891922,0,0,48.8100337982178,0,0,0,0,0,0,0,0,0,0,0,0,0,0,0,0,15.1090562343597,0,0,0,0,0,38.9005611419678,0,0,0,0,0,0,0,87.3525390625,0,0,0,0,0,8.62407439095633,0,4.50958805084228,0,3.00991566040937,0,4.68488686951435,5.9096614519755,0,0,0,0,0,0,0,0,0,38.4151420593262,0,0,0,0,0,0,0,0,0,14.3793281572206,18.3493204116821,14.3226975565371,0,0
0,0,0,0,0,0,2.7399275302887,0,0,0,0,0,0,0,0,0,0,0,0,0,0,0,0,0,0,0,0,0,0,0,0,0,0,0,0,0,0,0,0,0,0,0,0,0,0,0,0,0,0,0,0,0,0,0,0,0,0,0,2.949920129776,0,0,0,0,0,0,0,0,0,0,0,0,0,0,0,0,0,0,0,0,0,0,0,0,0,0,0,0
0,0,0,0,0,0,0,3.10828821999686,0,0,0,0,0,0,0,0,0,0,0,0,0,0,0,0,0,0,0,0,0,0,0,0,0,0,0,0,0,0,0,0,0,0,0,0,0,0,0,0,0,0,0,0,0,0,0,0,0,0,0,0,0,0,0,0,0,0,0,0,0,0,0,0,0,0,0,0,0,0,0,0,0,0,0,0,0,0,0
4.54207327961922,0,6.020859677451,0,0,0,0,0,5.98144307803932,0,0,0,0,0,4.94182080881936,0,0,0,0,0,0,0,0,0,7.55350419779143,0,0,0,0,0,0,0,0,0,0,0,0,0,12.6019850080664,0,52.2081489562988,0,21.5045166015625,0,0,0,0,32.9929857254028,7.61930024407127,0,3.5071201781704,0,0,0,0,0,28.3622465133667,0,29.0740623474121,0,9.98551660378774,0,0,0,0,0,0,5.10095098783385,0,15.622228940328,0,33.1247081756592,0,33.0086181640625,0,0,0,0,0,0,0,7.8945055391914,9.71750677518608,0,18.5759240537882,0,25.5133666992188
0,6.64492835911405,0,5.88930229154126,0,12.2255019883852,0,0,0,5.85638665360028,0,11.0820865631104,0,0,0,3.84059843588411,0,0,39.0955085754395,13.5529672449285,0,34.4655799865723,0,13.0712821935242,0,0,0,0,0,0,0,0,0,0,0,21.1032933394114,0,17.4856681395113,0,44.5723609924316,0,40.6510558561845,0,0,0,47.1822293599447,0,0,0,6.88966191646665,0,8.62407439095633,0,0,0,0,0,7.55718792606803,0,4.34053368121386,0,5.32117654361587,14.8793254196644,0,38.5658926963806,0,10.4023501123192,0,24.9149613631399,0,0,0,37.7506713867188,0,0,0,0,0,23.5648336410522,65.4481658935547,18.8622402118194,0,19.7518299199585,20.7652285439628,10.584763819842,0,0
13.5418822616339,0,26.0218852532876,0,34.9955177307129,0,3.1537082195282,0,16.5011384010315,0,5.40667179541584,0,12.8455123371548,0,6.23070074617863,0,72.2619323730469,0,37.6708594428168,0,5.2833869841791,0,0,0,0,0,0,0,0,0,5.28903379627303,0,0,0,0,0,3.54666831397047,46.9911766052246,3.69804812754904,0,46.9797401428223,0,21.4456529948238,0,0,0,36.4447197151184,0,17.3539638900757,0,7.54366044677905,0,0,0,28.3622465133667,0,0,0,6.01053757765639,0,4.88963969628016,0,0,20.0338666934932,0,0,0,0,0,0,0,6.88759608017771,0,7.82525324670042,0,0,0,0,101.083251953125,38.4810136630211,0,0,15.6992632166132,0,13.7004075391605,0,17.1637013223436
0,0,0,5.15639515303395,0,3.97096203502856,0,0,0,10.4327971718528,0,6.05487954494947,0,3.92383473890799,0,12.3354036808014,88.5999984741211,61.0642509460449,37.7126678466797,4.62967467308044,0,0,0,15.0885877609253,0,0,0,2.74818253517151,0,8.18327101584404,0,0,0,0,0,14.9662679377056,0,6.3413088425346,0,50.1540163101688,0,17.7445837155452,60.2262763977051,15.6084890365601,0,22.0921349845856,78.273796081543,0,0,9.35937966971562,0,4.50958805084228,0,0,0,7.55718792606803,0,0,0,4.18885550411736,0,3.9528401686595,7.40980635981523,0,0,0,0,0,6.93294127782186,0,5.11121374048838,0,10.3633462364426,0,0,0,0,0,40.0199845995222,78.3615341186523,11.7405803998311,0,20.3203938903188,18.441014289856,10.9339339277706,17.5850392631862,0
23.0103054046631,0,19.4290712594986,0,0,0,2.99422659873962,0,36.4961433410645,0,2.94195632636547,0,4.6872483998053,0,4.84219921297497,0,0,0,36.1335368156433,0,0,0,0,0,0,0,0,0,3.23812294006348,0,0,0,0,0,0,0,30.9551052093506,0,0,0,51.9130172729492,0,30.3595735168457,0,0,0,35.5915321622576,0,25.4458642719748,108.300109863281,6.07912077903748,0,2.949920129776,0,29.0740623474121,0,6.01053757765639,0,0,0,3.2546335251435,0,0,12.8421561231419,0,0,0,0,0,0,0,10.173443901686,0,29.6393412421731,0,0,0,0,0,43.947592373552,0,0,26.1445876451639,0,16.9013496370263,0,25.3255957365036
0,5.46406954526901,0,4.40478266988482,0,2.84743815660477,0,0,0,0,0,3.70054219245911,0,5.56534510855119,0,8.21389755593523,0,0,0,0,0,0,0,0,0,0,0,4.23443826039632,0,0,0,0,0,0,0,15.9045543670654,0,0,0,36.4748268127441,0,37.8310222625732,0,0,0,0,0,0,0,5.30034000456998,0,3.00991566040937,0,0,0,4.34053368121386,0,4.18885550411736,0,0,0,7.44969650373055,0,0,0,0,0,0,7.8962077690709,0,3.75895828491458,0,36.1191571553548,0,0,0,0,0,0,0,0,0,10.8340522078581,4.36528346171746,17.7929778224544,0,0
7.79785979986191,0,5.62878546785952,0,3.87477151552836,0,0,0,6.78747951984406,0,0,0,3.84263976414998,0,4.49868109190642,0,0,0,0,0,0,0,0,0,12.4924778805839,0,0,0,0,0,0,0,0,0,0,0,19.2456240653992,0,0,0,45.893004099528,0,36.7591063711378,0,0,0,45.5639533996582,47.6071815490723,8.66559922589665,0,5.98083961350577,0,0,0,9.98551660378774,0,4.88963969628016,0,3.2546335251435,0,0,0,0,8.16450979596093,0,0,0,11.7246214259755,0,4.50354635550679,0,31.7043762207031,0,35.7772445678711,0,0,0,0,0,66.3792018890381,0,0,21.1258090209961,0,18.9968145387929,0,0
0,5.30674092292786,0,5.53042445057317,0,4.34563317469188,0,0,0,4.12998844385147,0,0,0,5.77939346642,0,4.84255427622613,0,0,0,0,0,0,0,18.866125033452,0,4.60958993112719,0,0,0,0,0,0,0,0,0,19.3317554473877,0,28.2152895927429,0,0,0,41.3419933319092,0,0,0,0,0,0,0,4.25878991517756,0,4.68488686951435,0,0,0,5.32117654361587,0,3.9528401686595,0,7.44969650373055,0,0,11.3955383300781,0,0,0,19.4541713031563,0,4.15625443458557,0,3.62803726196289,0,43.5044097900391,0,0,0,0,0,21.2571830749512,0,32.0426506466336,0,13.2189287092628,0,12.5196099695952,0,0
0,0,0,34.4420070648193,0,15.2105941772461,0,0,0,13.7590561220723,0,3.12833311444237,0,0,0,0,72.3710647583008,65.6299004988237,47.3308714130257,5.09477777836562,0,0,0,0,0,0,0,0,0,0,0,0,0,0,0,6.9302396163183,0,9.2758420308431,0,26.4052945461149,83.9553146362305,29.3178860329051,42.7277255588108,39.9536959330241,0,6.85836106722816,78.0333480834961,0,0,49.0528737581693,0,5.9096614519755,0,0,0,14.8793254196644,0,7.40980635981523,0,0,0,11.3955383300781,0,84.3514582316081,0,0,0,0,0,0,0,0,14.0398458005333,0,0,0,0,0,15.3846615716999,85.0427904129028,12.049383334758,83.8304748535156,38.6379839286208,0,9.94854698096404,39.0476502312554,82.4663219451904
23.9687229394913,0,41.8629547999455,0,0,0,0,0,0,0,26.3916036215695,0,0,0,0,0,61.9893889157277,72.6854513301406,51.144254434633,0,10.4079517396854,0,0,0,0,0,0,0,0,0,23.7287839889526,0,0,0,0,110.519325256348,15.7380142233338,0,20.2974959450947,88.2388868331909,40.4214868280623,75.4580993652344,28.2379443449061,62.8418184916178,32.6807607650757,87.4454639979771,12.6520314719055,0,45.8137184143066,0,9.76655960974292,0,0,0,0,0,20.0338666934932,0,12.8421561231419,0,8.16450979596093,0,84.3514582316081,0,0,0,0,0,0,0,0,31.0965803052698,89.9704574584961,30.5559490688497,0,0,0,0,102.957833607992,17.9717525161506,96.6171455383301,23.9139494681915,33.6990851034386,0,30.0661223762672,0,30.1395949597629
59.888858795166,0,0,0,0,0,0,0,0,38.578634262085,0,0,0,0,0,0,0,6.6506769657135,0,0,0,5.49766369110723,0,11.6974324149601,0,10.5842990875244,0,4.72363049051036,0,0,0,0,0,0,0,0,0,11.6640247103029,0,0,0,0,0,0,0,0,0,21.5488652449388,41.3542003631592,7.76547066370646,0,0,0,0,0,38.5658926963806,0,0,0,0,0,0,0,0,0,0,13.8361310652637,52.9291229248047,9.92807149887085,0,4.62620674447282,0,0,0,0,0,0,0,0,0,8.85813381553681,0,4.82494912486105,6.23689794540405,36.9297437667847,0,0
0,0,0,0,0,0,0,0,0,0,0,0,0,0,0,0,0,0,0,0,0,3.30880445374383,5.14191168549249,0,10.5395401734859,0,4.3459765625,0,0,0,0,0,0,0,0,0,0,0,8.12721582689242,0,0,0,0,0,0,0,0,40.2300262451172,13.6610112166191,0,0,0,0,0,0,0,0,0,0,0,0,0,0,0,0,0,0,8.61868834778254,0,6.58573310323005,0,4.81588276147842,0,0,0,0,0,0,0,0,0,6.88777366696535,6.78925374934548,0,24.4493048818488,0,0
51.7255821228027,20.4688563125078,0,0,0,0,0,0,0,12.8122257169733,0,0,0,0,0,13.8408800125122,0,2.95709383487701,0,0,0,22.5774997428611,0,6.23440342817464,0,6.13917938172817,0,0,0,0,0,0,0,0,0,0,0,10.2055959534087,0,0,0,0,0,0,0,0,0,14.5973036766052,37.4397754669189,4.37843080722924,0,0,0,0,0,10.4023501123192,0,0,0,0,0,19.4541713031563,0,0,13.8361310652637,0,0,44.6037330627441,7.12987343047528,0,8.49446630477905,0,0,0,0,0,23.8234539031982,0,0,0,9.79264294811027,0,9.28873425722122,0,7.26818257037217,0,0
11.1890540122986,0,0,0,0,0,0,0,4.68865769131239,0,0,0,0,0,0,0,0,0,0,0,0,0,14.160177490928,42.1899909973145,3.94373938200157,0,3.43137001991272,0,0,0,0,0,0,0,0,0,0,38.0011507670085,8.57558916784027,0,0,0,28.8909149169922,0,0,0,0,29.6191034731658,7.29869198799133,0,0,0,0,0,5.10095098783385,0,0,0,0,0,11.7246214259755,0,0,0,52.9291229248047,8.61868834778254,44.6037330627441,0,0,4.61900368049031,0,0,0,0,0,0,0,0,0,0,40.0953369140625,6.27615277166967,21.4584320891987,0,9.72738900665843,0,0
0,31.2730569839478,0,0,0,0,0,0,0,30.3855266571045,0,0,0,0,0,6.73444176673889,44.7880573272705,8.08022256093482,0,0,0,3.15233438014984,0,8.28708427482181,0,5.05244657066133,0,7.12903136741824,0,0,0,0,0,0,0,0,0,14.096435546875,0,0,0,0,0,0,0,0,0,0,0,4.69886983991638,0,0,0,0,0,24.9149613631399,0,6.93294127782186,0,7.8962077690709,0,4.15625443458557,0,0,9.92807149887085,0,7.12987343047528,0,0,0,7.73863451231539,0,0,0,0,0,0,0,0,0,0,0,4.0456862449646,0,13.2417888641357,0,0
0,0,0,0,0,0,0,0,10.3677137295405,0,0,0,0,0,4.869788646698,0,5.28820546468099,0,0,0,0,0,12.0314856767654,0,5.1538399549341,0,3.4979380187781,0,0,0,0,0,0,42.4510307312012,0,0,0,43.5143089294434,14.0812126816093,0,0,0,0,0,0,0,0,30.8042231968471,11.9314907110654,0,0,0,0,0,15.622228940328,0,0,0,0,0,4.50354635550679,0,0,0,0,6.58573310323005,0,4.61900368049031,0,0,0,3.17239492515038,0,0,0,0,0,0,0,0,0,12.7029836177826,14.0173983940711,0,13.4574797189058,0,0
0,0,0,0,0,0,0,0,0,0,0,0,0,3.80854272842407,0,0,0,0,0,0,0,0,0,0,0,6.53835725784302,0,5.58004032911534,0,11.8677322069804,0,0,0,0,0,0,0,4.82022929191589,0,0,0,16.140570640564,0,64.695915222168,0,35.6066017150879,0,0,0,5.3066590407799,0,0,0,0,0,0,0,5.11121374048838,0,3.75895828491458,0,3.62803726196289,0,0,4.62620674447282,0,8.49446630477905,0,7.73863451231539,0,0,0,8.22345084988553,0,0,0,0,0,0,0,8.41923523079324,0,0,0,7.02301605248157,0,0
25.1803771972656,0,27.4831152174208,0,0,0,0,0,61.3321762084961,0,10.1553322884344,0,10.3011351426442,0,0,0,62.4285252888997,0,44.5932439565659,0,14.1760206222534,0,0,0,0,0,4.25089869896571,0,4.24804073441638,0,3.09351207812627,0,0,0,0,0,0,0,0,0,68.5299911499023,0,24.4550050994725,0,0,0,38.9006885245994,0,27.2307916205862,0,57.8639717102051,0,0,0,33.1247081756592,0,6.88759608017771,0,10.173443901686,0,31.7043762207031,0,0,31.0965803052698,0,4.81588276147842,0,0,0,3.17239492515038,0,0,0,5.5517217951123,0,0,0,0,0,44.3742389036029,0,4.3822676234129,13.2631461444226,0,17.8330304951958,0,19.7715938772474
0,37.5425074895223,0,35.3256189727783,0,0,0,0,0,32.265354792277,0,9.34452413412845,0,0,0,0,73.4755061222957,65.642081366645,35.267972229267,36.4738693237305,0,0,0,0,0,0,0,11.8041120008989,0,4.85432522947138,0,0,0,0,0,64.3681774139404,0,3.68577941981229,0,44.6923774421638,89.1364669799805,19.0714924892323,70.1053816477458,48.851521174113,0,25.0855696811232,84.4013977050781,0,0,18.4080100798271,0,38.4151420593262,0,0,0,37.7506713867188,0,10.3633462364426,0,36.1191571553548,0,43.5044097900391,14.0398458005333,89.9704574584961,0,0,0,0,0,0,8.22345084988553,0,0,120.458473205566,0,0,0,0,53.6797293494729,93.0687670026507,5.67055929911452,0,28.3708698978163,31.9316231409709,20.1170085269958,19.1171999457929,0
22.5046705881755,0,27.2332481467811,0,38.3590049743652,0,0,0,35.3353080749512,0,7.57188974494365,0,29.7931747436523,0,0,0,81.8618316650391,0,46.3599613734654,0,15.0554363016497,0,0,0,0,0,0,0,0,0,4.06088200334795,0,0,0,0,0,57.7178802490234,0,3.26091172031521,0,19.8275206920712,0,31.5572418332751,0,0,0,38.9827923272785,0,23.5682348945353,0,40.4783363342285,0,0,0,33.0086181640625,0,7.82525324670042,0,29.6393412421731,0,35.7772445678711,0,0,30.5559490688497,0,0,0,0,0,0,0,5.5517217951123,120.458473205566,0,0,0,0,0,0,45.5932710443224,0,4.00551854712622,26.9119294559149,0,12.3230720313712,0,20.9030581665039
0,0,0,0,0,0,0,0,0,0,0,0,0,0,0,0,0,0,0,0,0,0,0,0,0,0,0,0,0,0,0,8.3049544728074,10.0027079582214,5.19984292250413,10.5825672516456,26.5837929983103,0,0,0,0,0,0,0,0,0,0,0,14.0165443337337,20.2280737559001,7.05144095420837,0,0,0,0,0,0,0,0,0,0,0,0,0,0,0,0,0,0,0,0,0,0,0,0,0,0,5.8115061768999,0,28.1149749914805,0,0,0,3.59023407372561,0,0,0,0
0,0,0,0,0,0,0,0,0,0,0,0,0,0,0,0,0,0,0,0,0,0,0,0,0,0,0,0,0,0,0,3.58369062325665,5.79210934407002,0,4.04684910669432,0,22.3442507432057,0,0,0,0,0,0,0,0,0,0,10.4208991946277,15.158081130705,0,0,0,0,0,0,0,0,0,0,0,0,0,0,0,0,0,0,0,0,0,0,0,0,0,0,0,0,3.95061036145305,0,20.4886070384354,0,0,3.25930719526987,0,0,0,0
0,0,0,0,0,0,0,0,0,0,0,0,0,0,0,0,0,0,0,0,0,0,0,0,0,0,0,0,0,0,0,6.58933553802833,10.6630773544312,4.13902024081861,11.0034392796674,5.02638074980309,0,3.69561896469387,25.2124824523926,0,0,92.1569938659668,17.2025725046794,0,0,0,0,9.12733581368885,24.0214088703024,6.35507574677467,0,0,0,0,0,0,0,0,0,0,0,0,0,0,0,0,23.8234539031982,0,0,0,0,0,0,0,5.8115061768999,0,0,4.97076237201691,9.39773844573904,0,5.49959518351453,0,7.09907162437836,0,25.5787527561188,0,0
