0,0,6.74879723979581,0,0,0,0,0,7.59323564304929,0,0,0,0,0,0,0,31.517014503479,23.6168899536133,22.7499576807022,0,0,0,0,0,20.0252621968587,0,0,0,0,0,0,0,0,0,0,0,0,0,0,0,25.4899082917434,0,19.9346823521468,32.4750785827637,0,41.0865163803101,22.2451124191284,0,7.90593904823553,0,0,0,0,0,6.91892146830465,0,20.1451425552368,0,0,0,4.64743845443415,0,0,29.4592533111572,0,0,0,0,0,0,0,0,0,0,0,0,0,0,55.929469426473,27.1162284851074,0,25.4927787780762,9.84242394480152,0,16.1945934175337,42.0371513366699,21.3391468048096
0,0,0,16.1929063528952,0,0,0,0,0,9.39228188849631,0,0,0,0,0,0,46.9447174072266,28.0489025115967,24.5221419334412,0,0,0,0,0,0,0,0,0,0,0,0,0,0,0,0,0,0,0,0,0,0,22.5814491340092,0,0,0,32.1588554382324,0,0,0,11.9734006355613,0,0,0,0,0,6.4215296513123,0,12.848968152077,0,12.3139104514286,0,12.2878383935667,22.4559304714203,0,0,0,0,0,0,0,0,0,0,0,0,0,0,0,0,0,0,0,10.5887366870664,0,12.9309820811404,0,0
6.74879723979581,0,0,0,8.75616884231567,0,0,0,8.57570687990225,0,0,0,0,0,0,0,0,0,39.7320419549942,0,18.6563000245528,0,0,0,0,0,0,0,0,0,0,0,0,0,0,0,26.1581478118896,0,0,0,41.3116027046652,38.2461357116699,25.130140873281,0,0,52.7854175567627,18.206836537617,37.460391998291,29.1074461302859,40.4591355323792,6.66888364156087,0,0,0,7.10228061676025,0,23.0650115694318,0,0,0,3.24694969654083,0,70.9053573608398,25.2382782383969,0,0,0,0,0,0,0,0,0,27.253978729248,0,0,0,0,69.9932746887207,39.6307080112286,0,30.6764068603516,25.2396612759054,0,21.2311907020913,0,18.2423652366356
0,16.1929063528952,0,0,0,9.80114620072501,0,0,0,24.2406271542822,0,0,0,0,0,0,69.0153160095215,62.0712432861328,43.5646867330095,0,56.6800384521484,0,0,0,0,0,0,0,0,0,0,0,0,0,0,25.2119512557983,0,0,0,35.8978765010834,75.1448198954264,27.7025471683567,51.3272421700614,29.3241330252753,0,28.2521648679461,0,0,58.1455855369568,6.93032096296668,0,5.2273830500516,0,0,0,4.46176674365997,0,25.5766058509568,0,0,0,0,29.3651439078712,60.9252548217773,0,0,0,0,0,0,0,0,0,0,0,0,0,0,35.929154857105,100.231079101562,0,0,26.480122760102,10.6568803787231,25.2345100256962,28.2195479287042,0
0,0,8.75616884231567,0,0,0,0,0,4.12196666853769,0,0,0,3.29269258181254,0,3.59814916716682,0,0,0,0,0,3.56246185919334,0,0,0,0,0,0,0,0,0,0,0,0,0,0,0,0,0,0,0,0,0,32.0046768188477,0,0,0,0,0,48.2852751413981,51.6532325744629,5.60292584872325,0,0,0,0,0,0,0,0,0,4.22841024398804,0,0,9.03784799575806,0,0,0,0,0,0,0,0,0,0,0,0,0,0,0,0,0,0,3.91144920039821,0,20.0968946477641,0,0
0,0,0,9.80114620072501,0,0,0,2.83483699651865,0,3.8987866129194,0,7.73604384335605,0,2.83158314228058,0,3.41987065474192,0,0,0,0,0,0,0,0,0,0,0,0,0,0,0,0,0,0,0,16.2146368026733,0,0,0,0,0,29.7821977788752,0,24.7229696909587,0,33.9860715866089,0,0,0,0,0,4.66806507485468,0,2.93953704833984,0,0,0,9.8487168395001,0,0,0,6.56289919217428,0,0,0,0,0,0,0,0,0,0,0,0,0,0,0,0,0,0,0,0,5.20858678298119,5.40956687927246,26.7401566351614,0,0
0,0,0,0,0,0,0,0,0,0,2.93822057106916,0,3.47067243423102,0,4.8460578918457,0,0,0,0,0,3.31212125295474,0,0,0,0,0,0,0,0,0,0,0,0,0,0,0,6.11228704452515,0,0,0,0,0,0,0,0,0,0,0,0,0,0,0,0,0,0,0,4.03559069335461,0,3.58119920167056,0,0,0,0,6.54721330106258,0,0,0,0,0,0,0,0,0,0,0,0,0,0,0,6.31921065496114,0,32.6263593037923,2.95224351882935,0,0,0,0
0,0,0,0,0,2.83483699651865,0,0,0,0,0,0,0,3.0271897315979,0,0,0,0,0,3.5523458409619,0,0,0,0,0,0,0,0,0,0,0,0,0,0,0,0,0,0,0,0,0,0,0,0,0,0,0,0,0,0,0,0,0,3.06394642277768,0,0,0,3.56587338447571,0,2.93377888202667,0,0,0,0,0,0,0,0,0,0,0,0,0,0,0,0,0,0,0,0,0,0,3.0926162335261,0,0,0,0
7.59323564304929,0,8.57570687990225,0,4.12196666853769,0,0,0,0,0,0,0,0,0,4.58018744878532,0,7.91152697720495,33.3788571357727,30.5229206085205,0,0,0,0,0,11.9787581053964,0,3.24440820455551,0,0,0,0,0,0,0,0,0,0,0,6.7529562086162,0,0,0,14.7557577250297,0,0,0,0,0,5.26183381590824,0,0,0,0,0,6.47842824342585,0,18.9417579174042,0,0,0,4.88042406799379,0,0,0,0,0,0,10.7436263659229,0,4.51921108033922,0,0,0,0,0,0,0,22.1923732757568,74.5606079101562,0,0,18.1747468942549,8.19479175647201,6.30894346237183,9.66990402340889,0,9.49022041048322
0,9.39228188849631,0,24.2406271542822,0,3.8987866129194,0,0,0,0,0,0,0,0,0,6.11649847874323,40.5594619750977,10.0858386797755,32.9413440704346,0,0,39.5921173095703,0,10.6611787781571,0,0,0,0,0,0,0,0,0,0,0,0,0,8.19228586657294,39.82080078125,0,0,11.7224079382072,0,0,0,41.8782081604004,0,0,0,21.9192052302153,0,0,0,0,0,5.13731044100159,0,18.1619294265221,0,26.0427265167236,0,5.07234591533545,29.8184155055455,0,0,0,9.57661852836609,0,3.58363842964172,0,0,0,0,0,0,0,17.7077236175537,0,37.5089937845866,61.293342590332,9.31797718721278,0,8.51101510540181,4.9375886288095,10.7942318029182,8.08126002091628,0
0,0,0,0,0,0,2.93822057106916,0,0,0,0,0,3.31784923750579,0,0,0,0,0,0,0,3.2715334551675,0,0,0,0,0,0,0,2.97993054756751,0,5.54229310094094,0,0,0,0,0,3.36335720484998,0,5.81816201484023,0,29.2426166534424,0,0,0,0,0,19.762903213501,0,0,0,0,0,0,0,0,0,6.18942277209949,0,4.49956584935212,0,0,0,0,10.6439712201212,0,0,0,0,0,0,0,0,0,0,0,0,0,0,0,12.7669856040864,0,7.93140995915915,4.91939902140607,0,29.3175573348999,0,0
0,0,0,0,0,7.73604384335605,0,0,0,0,0,0,0,3.85929175909015,0,0,0,0,0,3.90665984969629,0,0,0,0,0,0,0,3.72704430439012,0,2.93097301891872,0,0,0,0,0,3.2166111582169,0,3.64842096373232,0,0,0,0,0,0,0,0,0,0,0,0,0,6.45710582581777,0,0,0,0,0,4.2049457661267,0,3.55212460055757,0,0,8.80507618544577,0,0,0,0,0,0,0,4.42136399098385,0,3.0533192091518,0,0,0,0,0,5.05463600158691,0,3.4478227297465,0,3.96159047160008,3.18280860552421,0,0,0
0,0,0,0,3.29269258181254,0,3.47067243423102,0,0,0,3.31784923750579,0,0,0,2.86026529118985,0,0,0,0,0,0,0,0,0,0,0,2.71926140785217,0,2.92627460615976,0,0,0,0,0,0,0,0,0,0,0,0,0,0,0,0,0,0,0,0,0,3.15532875061035,0,0,0,0,0,5.65027271634654,0,3.64850529420468,0,3.40941651936235,0,0,0,0,0,0,0,0,0,0,2.72840964794159,0,0,0,0,0,0,0,0,0,0,3.11904548715662,3.09149360055683,0,0,0
0,0,0,0,0,2.83158314228058,0,3.0271897315979,0,0,0,3.85929175909015,0,0,0,4.48953077426324,0,0,0,0,0,0,0,0,0,2.72342133522034,0,4.36020570812803,0,0,0,0,0,0,0,0,0,0,0,0,0,0,0,0,0,0,0,0,0,6.6145112991333,0,0,0,0,0,0,0,4.62646333092735,0,3.25672332922618,0,4.92012349576182,0,0,0,0,0,0,3.90296480390761,0,3.81582021328711,0,0,0,0,0,0,0,0,0,0,0,3.70209951400757,3.64755816162171,0,0,0
0,0,0,0,3.59814916716682,0,4.8460578918457,0,4.58018744878532,0,0,0,2.86026529118985,0,0,0,5.27141105135282,0,0,0,0,0,0,0,9.05041170120239,0,4.42888736724854,0,0,0,0,0,0,0,0,0,0,0,0,0,0,0,0,0,0,0,0,0,0,0,3.71353434261523,0,4.67680168151855,0,7.83982697681144,0,0,0,3.32036024332047,0,3.61006393665221,0,0,0,0,0,0,0,0,0,0,0,0,0,0,0,0,0,0,0,0,44.1009788513184,3.83699364297128,3.15969456566705,0,0,0
0,0,0,0,0,3.41987065474192,0,0,0,6.11649847874323,0,0,0,4.48953077426324,0,0,0,4.75296375640603,0,0,0,0,0,3.28135435921805,0,0,0,0,0,0,0,0,0,0,0,0,0,0,0,0,0,0,0,0,0,0,0,0,0,6.42719841003418,0,0,0,0,0,7.24182294004104,0,0,0,4.41265365282695,0,4.35973192123045,0,0,0,0,0,0,2.75218558311462,0,0,0,0,0,0,0,0,0,0,0,0,0,4.91334725321138,3.95690850700651,0,0,0
31.517014503479,46.9447174072266,0,69.0153160095215,0,0,0,0,7.91152697720495,40.5594619750977,0,0,0,0,5.27141105135282,0,0,19.7834750016825,23.1384599683571,0,0,19.8474394480387,5.45541750046672,0,7.61700598969053,30.9698524475098,5.28136594375485,0,2.79129012425741,0,0,0,0,0,0,0,0,0,0,66.1098837852478,72.831151453654,63.3941094682023,60.1156609853109,48.6021780967712,0,60.4683745628179,65.7541055679321,0,0,0,0,0,0,0,7.42285060882568,0,0,60.1105718612671,0,0,3.55249667167664,0,65.7568490770128,69.9086822509766,0,5.9537512426791,0,9.26529071547768,0,4.99465139989751,0,0,0,0,0,0,0,0,65.3261365774201,74.7197899137225,0,35.5714721679688,11.9803140958747,6.05173220657978,57.8141739983712,57.3994443075998,52.3750381469727
23.6168899536133,28.0489025115967,0,62.0712432861328,0,0,0,0,33.3788571357727,10.0858386797755,0,0,0,0,0,4.75296375640603,19.7834750016825,0,17.5986302181379,0,0,6.13047201199616,31.693946202596,5.92550315856934,0,5.34662305434351,23.2148623996311,2.91599180549383,0,0,0,0,0,0,0,0,0,24.5659767150879,0,0,64.0007232071517,44.6888217436962,66.8260024615696,48.3947028380174,0,61.5875780260241,65.5466403961182,0,0,0,0,0,0,0,0,8.84641984273803,0,49.395565032959,0,0,0,2.89027727643649,66.6906802528783,74.7688294924223,12.3174263636271,0,7.1315643787384,0,3.93273176193237,30.0862581464979,0,0,0,0,0,0,0,0,64.4982187197759,68.5838040464065,26.181455373764,0,11.0563642913876,6.89042326862911,56.2482522881549,44.3097183227539,63.2883690728082
22.7499576807022,24.5221419334412,39.7320419549942,43.5646867330095,0,0,0,0,30.5229206085205,32.9413440704346,0,0,0,0,0,0,23.1384599683571,17.5986302181379,0,0,0,0,0,0,0,0,48.6714668273926,0,0,0,0,0,0,0,0,0,0,0,0,37.2105754161703,41.458689653005,17.310191417934,22.5906931016541,17.4293544445774,0,35.1234334507468,46.220095540963,0,0,0,0,0,0,0,0,0,22.1915737298819,39.3415535876625,0,0,0,0,38.8322209193789,47.1709278698625,0,0,0,0,0,0,0,0,0,0,0,0,0,0,41.421310187354,44.8127345275879,0,26.7981929779053,16.2129141108739,19.1372371086707,27.3000308549519,19.8387804826101,16.707531796226
0,0,0,0,0,0,0,3.5523458409619,0,0,0,3.90665984969629,0,0,0,0,0,0,0,0,0,0,0,0,0,0,0,0,0,0,0,0,0,0,0,6.35983393645016,0,3.97551244031173,0,21.5161831595681,0,36.9138984680176,0,0,0,0,0,0,0,33.2417301450457,0,0,0,3.99907846286379,0,0,0,3.73865204321014,0,0,0,0,6.79224980961193,0,0,0,0,0,0,0,0,0,0,0,0,0,0,0,6.31590382575989,0,3.75475539479937,0,7.21116501837969,6.79417006174723,30.4206514855226,0,0
0,0,18.6563000245528,56.6800384521484,3.56246185919334,0,3.31212125295474,0,0,0,3.2715334551675,0,0,0,0,0,0,0,0,0,0,0,0,0,0,0,0,0,0,0,0,0,0,0,0,0,4.48945196318454,0,3.5256084307536,0,45.5243229336209,43.8315544128418,39.9450786404493,0,0,0,21.0494979222616,34.8813247680664,40.4099058454687,41.8372808514219,11.3782378526834,0,0,0,0,0,12.6795606613159,0,0,0,0,0,68.1250228881836,7.23451545911966,0,0,0,0,0,0,0,0,0,0,0,0,0,0,0,10.0596521574922,0,22.6216027641296,11.3145504075717,22.3278675079346,18.665092648047,0,45.8314323425293
0,0,0,0,0,0,0,0,0,39.5921173095703,0,0,0,0,0,0,19.8474394480387,6.13047201199616,0,0,0,0,6.43601822867529,14.5654922035378,0,6.46198764356595,0,3.39884214705609,0,0,0,0,0,0,0,0,0,5.03057269631026,7.2139790074466,0,0,0,0,0,0,0,0,19.1964793205261,0,7.95516435305278,0,0,0,0,0,21.2804412841797,0,0,0,0,0,0,0,0,5.38562656087281,5.07545855757478,16.0280415330614,0,4.43448216782676,0,2.92241566521781,0,0,0,0,0,0,28.06911277771,0,0,6.70954159913084,22.2534818649292,6.08020742400055,5.72852777348917,17.1597387949626,0,0
0,0,0,0,0,0,0,0,0,0,0,0,0,0,0,0,5.45541750046672,31.693946202596,0,0,0,6.43601822867529,0,25.3564658164978,6.40300995111465,0,7.56644827610738,0,4.28005279951948,0,0,0,0,0,20.4627017974854,0,0,8.95881200800038,4.01443865343803,0,0,0,0,0,0,0,0,0,3.22867544492086,0,0,0,0,0,0,0,0,0,0,0,0,0,0,0,7.36107748369627,5.12876266033741,0,4.18941075461251,0,9.87136840820312,0,5.77850992812051,0,0,0,0,0,13.8527855873108,0,0,0,5.59841840002272,6.14570079195259,5.53692568296071,0,0,0
0,0,0,0,0,0,0,0,0,10.6611787781571,0,0,0,0,0,3.28135435921805,0,5.92550315856934,0,0,0,14.5654922035378,25.3564658164978,0,0,5.74957392203114,0,0,0,0,0,0,0,0,0,0,0,8.92117850336743,21.6613445281982,0,0,0,0,0,0,0,0,19.8176436424255,0,14.7709369182587,0,0,0,0,0,6.79885751984336,0,0,0,0,0,5.14008824030558,0,0,9.63876481248875,0,5.71982536413898,0,6.46936056605059,0,0,0,0,0,0,0,19.6805057525635,0,0,0,7.57462962732276,14.7239580154419,6.57377387032993,13.7489473422368,8.40236271421115,0,0
20.0252621968587,0,0,0,0,0,0,0,11.9787581053964,0,0,0,0,0,9.05041170120239,0,7.61700598969053,0,0,0,0,0,6.40300995111465,0,0,0,4.32035112380981,0,0,0,0,0,0,0,0,0,0,0,5.32820414543152,0,0,0,0,0,0,0,0,0,3.22709432670048,0,0,0,0,0,8.28591029392266,0,0,0,0,0,0,0,0,0,0,7.57457717259725,0,4.21731140098056,0,3.77302884125367,0,0,0,0,0,0,0,16.9141772588094,0,0,0,13.2461647878994,7.27115834544728,9.29985306354669,4.87208832445599,0,0
0,0,0,0,0,0,0,0,0,0,0,0,0,2.72342133522034,0,0,30.9698524475098,5.34662305434351,0,0,0,6.46198764356595,0,5.74957392203114,0,0,0,3.22764537531791,0,0,0,0,0,0,0,0,0,0,0,0,0,0,0,0,0,0,0,0,0,0,0,0,0,0,0,0,0,0,0,0,0,0,0,0,0,0,5.92443750798702,0,4.67029401187239,0,3.96737810969353,0,0,0,0,0,0,0,0,0,0,0,4.71238386631012,3.98436068058014,0,0,0
0,0,0,0,0,0,0,0,3.24440820455551,0,0,0,2.71926140785217,0,4.42888736724854,0,5.28136594375485,23.2148623996311,48.6714668273926,0,0,0,7.56644827610738,0,4.32035112380981,0,0,0,3.62199727566012,0,0,0,0,0,0,0,0,0,0,0,0,0,0,0,0,0,0,0,0,0,0,0,0,0,4.1932228519803,0,0,0,0,0,0,0,0,0,0,0,0,4.20337508175824,0,4.56192397336078,0,2.94875717163086,0,0,0,0,0,0,0,0,0,0,5.87243813876958,4.71374083820142,0,0,0
0,0,0,0,0,0,0,0,0,0,0,3.72704430439012,0,4.36020570812803,0,0,0,2.91599180549383,0,0,0,3.39884214705609,0,0,0,3.22764537531791,0,0,0,4.07228897404425,0,0,0,0,0,0,0,2.98185331540949,0,0,0,0,0,0,0,0,0,0,0,0,0,0,0,0,0,0,0,0,0,3.64328627209914,0,3.81799232555648,0,0,4.14654112435304,0,0,0,4.06716796638459,0,3.645954858705,0,12.6764994401198,0,0,0,0,0,0,0,2.74667096138,0,3.46211263935361,3.26619187248087,0,0,0
0,0,0,0,0,0,0,0,0,0,2.97993054756751,0,2.92627460615976,0,0,0,2.79129012425741,0,0,0,0,0,4.28005279951948,0,0,0,3.62199727566012,0,0,0,3.53221616070156,0,0,0,0,0,0,0,3.25778110822042,0,0,0,0,0,0,0,0,0,0,0,0,0,0,0,0,0,3.43429736967211,0,3.06533093982273,0,0,0,0,0,0,4.36042202197439,0,0,0,3.14080862998962,0,3.8450804338636,0,4.28893564854349,0,0,0,0,0,0,0,0,4.7540823760098,5.27551818974973,0,0,0
0,0,0,0,0,0,0,0,0,0,0,2.93097301891872,0,0,0,0,0,0,0,0,0,0,0,0,0,0,0,4.07228897404425,0,0,0,0,0,0,0,0,0,3.55525790178998,0,0,0,0,0,0,0,0,0,0,0,0,0,0,0,0,0,0,0,3.54173319538434,0,0,0,0,0,0,0,0,0,0,0,0,4.39334164397203,0,5.13753079887082,0,0,0,0,0,0,0,3.33298492431641,0,3.11450900779672,3.5109963121493,0,0,0
0,0,0,0,0,0,0,0,0,0,5.54229310094094,0,0,0,0,0,0,0,0,0,0,0,0,0,0,0,0,0,3.53221616070156,0,0,0,0,0,0,0,0,0,3.49017146861914,0,0,0,0,0,0,0,0,0,0,0,0,0,0,0,0,0,2.93360241889954,0,0,0,0,0,0,0,0,0,0,0,0,0,0,4.22736197290942,0,3.45410983678003,0,0,0,0,0,0,0,3.64853447245568,4.02510948181152,3.80536079406738,0,0,0
0,0,0,0,0,0,0,0,0,0,0,0,0,0,0,0,0,0,0,0,0,0,0,0,0,0,0,0,0,0,0,0,3.73963670347445,8.67213751092742,4.6353802813424,3.75077376913975,4.83779913187027,0,0,0,0,0,0,0,0,0,0,6.86102744314406,0,0,0,0,0,0,0,0,0,0,0,0,0,0,0,0,0,0,0,0,0,0,0,0,0,0,3.54338203291198,4.16142797470093,10.4211616367102,0,4.02513521416434,4.78880993525187,0,0,3.47995786120494,0,0,0,0
0,0,0,0,0,0,0,0,0,0,0,0,0,0,0,0,0,0,0,0,0,0,0,0,0,0,0,0,0,0,0,3.73963670347445,0,27.3605303619847,4.90928088157408,5.15136067650535,4.12785234771857,0,0,0,0,0,0,0,0,0,0,6.48205010409646,0,0,0,0,0,0,0,0,0,0,0,0,0,0,0,0,0,0,0,0,0,0,0,0,0,0,4.05893911052802,4.37176406110516,3.29914840062459,7.74712556486676,3.25599659317955,3.80353795157539,0,0,3.37243815511465,0,0,0,0
0,0,0,0,0,0,0,0,0,0,0,0,0,0,0,0,0,0,0,0,0,0,0,0,0,0,0,0,0,0,0,8.67213751092742,27.3605303619847,0,5.5594616556576,3.61435639472317,6.8871592463869,4.11751508359556,8.71770249009132,0,0,0,0,0,0,0,0,6.5728766310249,0,8.64081366856893,0,0,0,0,0,0,0,0,0,0,0,0,0,0,0,0,0,0,0,0,0,0,0,0,12.6124901916042,0,5.20059312788851,8.69147141425164,3.9904520745213,0,5.18251349666752,0,4.88951246785183,4.49764180183411,0,0,0
0,0,0,0,0,0,0,0,0,0,0,0,0,0,0,0,0,0,0,0,0,0,20.4627017974854,0,0,0,0,0,0,0,0,4.6353802813424,4.90928088157408,5.5594616556576,0,0,3.783161560368,11.4213988780975,4.93879331020599,0,0,0,0,0,0,0,0,7.56508179274102,0,16.5088685094094,0,0,0,0,0,0,0,0,0,0,0,0,0,0,0,0,0,0,0,0,0,0,0,0,0,8.75583175420761,4.71517521641166,5.26396704366564,0,4.66407606266297,16.8616446615595,7.11147578184902,7.02522951278134,9.85204091279403,0,0,0
0,0,0,25.2119512557983,0,16.2146368026733,0,0,0,0,0,3.2166111582169,0,0,0,0,0,0,0,6.35983393645016,0,0,0,0,0,0,0,0,0,0,0,3.75077376913975,5.15136067650535,3.61435639472317,0,0,3.51987172146378,5.6712863818809,6.41367259025574,16.1973816156387,0,28.4387958526611,0,0,0,32.5376545588175,38.8307838439941,0,0,29.3394379933675,0,0,0,0,0,0,0,4.10301391125909,0,0,0,0,5.47123715477849,0,0,0,0,0,0,0,0,0,0,0,3.90719139978793,0,5.01730054578474,0,4.4743025571397,3.8865461743124,6.92675464518749,0,3.93086500267395,3.33480022664656,17.9580674245568,0,0
0,0,26.1581478118896,0,0,0,6.11228704452515,0,0,0,3.36335720484998,0,0,0,0,0,0,0,0,0,4.48945196318454,0,0,0,0,0,0,0,0,0,0,4.83779913187027,4.12785234771857,6.8871592463869,3.783161560368,3.51987172146378,0,0,4.27230295255756,0,0,0,34.6014855702718,0,0,0,31.7252434440281,3.66848847682659,31.1360614174291,31.6222238540649,0,0,0,0,0,0,4.1492177808986,0,0,0,0,0,0,8.98442580236417,0,0,0,0,0,0,0,0,0,0,6.11594867706299,3.54973339537779,0,4.42807873281149,4.21897455963987,4.86831772920332,0,7.02978315724799,3.89623771675873,3.3992861405315,21.0514729562467,0,0
0,0,0,0,0,0,0,0,0,8.19228586657294,0,3.64842096373232,0,0,0,0,0,24.5659767150879,0,3.97551244031173,0,5.03057269631026,8.95881200800038,8.92117850336743,0,0,0,2.98185331540949,0,3.55525790178998,0,0,0,4.11751508359556,11.4213988780975,5.6712863818809,0,0,5.01136834005747,0,0,0,0,0,0,0,0,12.9203766626755,0,6.35240030042056,0,0,0,0,0,9.37405574944482,0,4.53277360301472,0,0,0,0,7.09050504012629,0,4.3805488486732,5.19076188405355,8.4829518961675,0,0,0,3.13245371849306,0,3.6733716344222,0,0,0,4.06869724645453,15.3292131026586,5.82602228153957,3.37703225016594,5.32807479785226,7.32698831707239,4.84359633548603,6.04427843857435,10.2584579538326,0,0
0,0,0,0,0,0,0,0,6.7529562086162,39.82080078125,5.81816201484023,0,0,0,0,0,0,0,0,0,3.5256084307536,7.2139790074466,4.01443865343803,21.6613445281982,5.32820414543152,0,0,0,3.25778110822042,0,3.49017146861914,0,0,8.71770249009132,4.93879331020599,6.41367259025574,4.27230295255756,5.01136834005747,0,0,0,0,4.46956710020701,0,0,0,0,7.49524204075685,6.8188797156016,26.1205389234755,0,0,0,0,9.92277580168512,0,6.16316840378568,0,0,0,0,0,0,4.76314375549555,10.9183612551008,3.94241570130345,25.4992709159851,4.71501426026225,0,0,0,3.5207949443297,0,3.15908074378967,0,0,3.76184794434115,8.10419687778438,8.12270927429199,5.87917267835581,6.8193071991408,5.89334538728552,4.64557582683897,4.58708471854528,5.18702154934027,0,0
0,0,0,35.8978765010834,0,0,0,0,0,0,0,0,0,0,0,0,66.1098837852478,0,37.2105754161703,21.5161831595681,0,0,0,0,0,0,0,0,0,0,0,0,0,0,0,16.1973816156387,0,0,0,0,75.1881146430969,17.5263049328414,59.6741676330566,22.5814932654886,0,8.13611668916749,75.8508605957031,0,0,9.81533371264509,0,0,0,0,0,0,0,42.9510092735291,0,0,0,0,17.8470790493873,0,0,0,0,0,0,0,0,0,0,0,0,0,0,0,11.7411918758036,88.5253931681315,0,0,34.6058943952833,0,10.6404606822328,34.5220987319946,0
25.4899082917434,0,41.3116027046652,75.1448198954264,0,0,0,0,0,0,29.2426166534424,0,0,0,0,0,72.831151453654,64.0007232071517,41.458689653005,0,45.5243229336209,0,0,0,0,0,0,0,0,0,0,0,0,0,0,0,0,0,0,75.1881146430969,0,59.2777486280961,20.2027976900844,54.3381071472168,0,70.347484085586,32.651468200538,0,10.7267848069395,0,0,0,0,0,0,0,51.5436058044434,65.0327854156494,0,0,0,0,82.8493804931641,25.8960785496803,0,0,0,0,0,0,0,0,0,0,0,0,0,0,80.1443623184064,20.314717325946,0,0,41.5660963948151,0,20.2166467203813,63.6756286621094,39.6841972492359
0,22.5814491340092,38.2461357116699,27.7025471683567,0,29.7821977788752,0,0,0,11.7224079382072,0,0,0,0,0,0,63.3941094682023,44.6888217436962,17.310191417934,36.9138984680176,43.8315544128418,0,0,0,0,0,0,0,0,0,0,0,0,0,0,28.4387958526611,0,0,0,17.5263049328414,59.2777486280961,0,9.83834184510367,12.2901017945328,0,21.9597668135405,47.1252085367839,5.96911346344721,0,9.50779027047783,0,0,0,0,0,37.7399711608887,0,15.9095337451749,0,22.3555768469106,0,26.1474215189616,24.8144129592528,93.5495758056641,0,0,0,0,0,0,0,0,0,0,0,0,0,0,18.9964864210962,72.8773727416992,0,0,13.3810546944839,3.998206615448,11.8864327796309,8.67946164171575,31.7291095256805
19.9346823521468,0,25.130140873281,51.3272421700614,32.0046768188477,0,0,0,14.7557577250297,0,0,0,0,0,0,0,60.1156609853109,66.8260024615696,22.5906931016541,0,39.9450786404493,0,0,0,0,0,0,0,0,0,0,0,0,0,0,0,34.6014855702718,0,4.46956710020701,59.6741676330566,20.2027976900844,9.83834184510367,0,36.5938396453857,0,56.6877015431722,37.2416122651869,7.09077633386371,16.2104278269681,48.3008027076721,0,0,0,0,12.5567326545715,0,18.0743528227359,81.0578308105469,0,0,25.1325804392497,0,67.1923620435927,30.9020929124191,0,0,0,0,0,0,0,0,0,40.6414070129395,0,0,0,0,68.9185152053833,23.6908514788096,0,43.080717086792,17.5523558557875,0,13.8708477632581,33.9155354499817,10.5553796502203
32.4750785827637,0,0,29.3241330252753,0,24.7229696909587,0,0,0,0,0,0,0,0,0,0,48.6021780967712,48.3947028380174,17.4293544445774,0,0,0,0,0,0,0,0,0,0,0,0,0,0,0,0,0,0,0,0,22.5814932654886,54.3381071472168,12.2901017945328,36.5938396453857,0,0,19.2879965613693,62.833472442627,0,36.8951759338379,0,0,0,0,0,0,0,80.7014999389648,38.132776260376,0,0,0,0,28.5150249527722,57.0963745117188,0,0,0,0,0,0,0,0,0,0,0,0,0,0,23.4483896718807,63.7323553297255,0,0,22.5588764594151,0,16.442794004396,16.8353454694152,41.0367469787598
0,0,0,0,0,0,0,0,0,0,0,0,0,0,0,0,0,0,0,0,0,0,0,0,0,0,0,0,0,0,0,0,0,0,0,0,0,0,0,0,0,0,0,0,0,0,0,0,0,0,0,0,0,0,0,0,0,0,0,0,0,0,0,0,0,0,0,0,0,0,0,0,0,0,0,0,0,0,0,0,0,0,0,0,0,0,0
41.0865163803101,32.1588554382324,52.7854175567627,28.2521648679461,0,33.9860715866089,0,0,0,41.8782081604004,0,0,0,0,0,0,60.4683745628179,61.5875780260241,35.1234334507468,0,0,0,0,0,0,0,0,0,0,0,0,0,0,0,0,32.5376545588175,0,0,0,8.13611668916749,70.347484085586,21.9597668135405,56.6877015431722,19.2879965613693,0,0,67.5290546417236,0,70.5956420898438,46.7535018920898,0,0,0,0,0,0,0,33.1001635619572,0,0,0,0,15.2882728299522,71.0472634633382,0,0,0,0,0,0,0,0,0,0,0,0,0,0,13.6649291587735,74.6419195629302,0,0,44.7718933555375,0,19.1482684988347,34.4140609705223,42.2034149169922
22.2451124191284,0,18.206836537617,0,0,0,0,0,0,0,19.762903213501,0,0,0,0,0,65.7541055679321,65.5466403961182,46.220095540963,0,21.0494979222616,0,0,0,0,0,0,0,0,0,0,0,0,0,0,38.8307838439941,31.7252434440281,0,0,75.8508605957031,32.651468200538,47.1252085367839,37.2416122651869,62.833472442627,0,67.5290546417236,0,63.4711761474609,48.8177463279668,45.0936848033558,0,0,0,0,0,0,10.405299446039,0,0,0,0,0,0,10.6215454553574,0,0,0,0,0,0,0,0,0,0,0,0,0,0,78.0000784301758,9.61233913574546,0,13.1586118561881,36.7721061233647,0,17.8905238709869,0,42.4443712234497
0,0,37.460391998291,0,0,0,0,0,0,0,0,0,0,0,0,0,0,0,0,0,34.8813247680664,19.1964793205261,0,19.8176436424255,0,0,0,0,0,0,0,6.86102744314406,6.48205010409646,6.5728766310249,7.56508179274102,0,3.66848847682659,12.9203766626755,7.49524204075685,0,0,5.96911346344721,7.09077633386371,0,0,0,63.4711761474609,0,7.16341816867056,6.12465572692259,0,0,0,0,0,20.3577680587769,0,0,0,0,0,0,0,0,0,0,18.1060456931591,0,0,0,18.980278968811,0,0,0,5.77224863270376,4.99487471418316,7.25570260325727,6.82151421664161,4.44685394404233,8.50738856455824,8.68122300948451,7.72891073567527,6.33073404653921,4.36008714139462,8.35171837011973,0,0
7.90593904823553,0,29.1074461302859,58.1455855369568,48.2852751413981,0,0,0,5.26183381590824,0,0,0,0,0,0,0,0,0,0,0,40.4099058454687,0,3.22867544492086,0,3.22709432670048,0,0,0,0,0,0,0,0,0,0,0,31.1360614174291,0,6.8188797156016,0,10.7267848069395,0,16.2104278269681,36.8951759338379,0,70.5956420898438,48.8177463279668,7.16341816867056,0,6.53988296494764,0,0,0,0,7.6672879983713,0,46.1357898712158,67.7932891845703,3.80231189727783,0,3.82218450718913,0,72.5389017377581,37.3022586277553,0,4.24057516895357,0,5.10948899057176,0,0,0,3.48529839515686,0,0,0,6.69763088226318,11.4690728187561,0,71.9903060913086,12.5423512708907,0,4.48822796854198,17.7460771617645,0,15.1288471395606,0,0
0,11.9734006355613,40.4591355323792,6.93032096296668,51.6532325744629,0,0,0,0,21.9192052302153,0,0,0,6.6145112991333,0,6.42719841003418,0,0,0,33.2417301450457,41.8372808514219,7.95516435305278,0,14.7709369182587,0,0,0,0,0,0,0,0,0,8.64081366856893,16.5088685094094,29.3394379933675,31.6222238540649,6.35240030042056,26.1205389234755,9.81533371264509,0,9.50779027047783,48.3008027076721,0,0,46.7535018920898,45.0936848033558,6.12465572692259,6.53988296494764,0,0,0,0,0,0,13.23336001989,50.7882652282715,8.41345703942435,0,6.00314628501807,0,5.95608424915458,38.7506059010824,0,0,0,13.0828037396663,0,3.50089147511651,0,4.53794375061989,0,3.38431015881625,0,4.41805410385132,0,5.05194283667065,18.5930148533412,6.31985609768001,60.0409838358561,5.52641937938187,35.8187414805094,10.6044589044986,22.067045992071,11.8618703288733,14.2479100227356,0
0,0,6.66888364156087,0,5.60292584872325,0,0,0,0,0,0,0,3.15532875061035,0,3.71353434261523,0,0,0,0,0,11.3782378526834,0,0,0,0,0,0,0,0,0,0,0,0,0,0,0,0,0,0,0,0,0,0,0,0,0,0,0,0,0,0,0,3.79845237731934,0,0,0,4.45416470068806,0,0,0,0,0,0,0,0,0,0,0,0,0,0,0,0,0,0,0,0,0,0,0,0,0,3.95394931618984,0,10.0441104888916,0,0
0,0,0,5.2273830500516,0,4.66806507485468,0,0,0,0,0,6.45710582581777,0,0,0,0,0,0,0,0,0,0,0,0,0,0,0,0,0,0,0,0,0,0,0,0,0,0,0,0,0,0,0,0,0,0,0,0,0,0,0,0,0,2.87319301423572,0,0,0,5.37245479786934,0,4.45500835776329,0,3.50460603929335,0,0,0,0,0,0,0,0,0,0,0,0,0,0,0,0,0,0,0,0,5.04693625808193,0,5.96060759088267,0,0
0,0,0,0,0,0,0,0,0,0,0,0,0,0,4.67680168151855,0,0,0,0,0,0,0,0,0,0,0,0,0,0,0,0,0,0,0,0,0,0,0,0,0,0,0,0,0,0,0,0,0,0,0,3.79845237731934,0,0,0,0,0,0,0,0,0,0,0,0,0,0,0,0,0,0,0,0,0,0,0,0,0,0,0,0,0,0,0,2.95727396011353,0,0,0,0
0,0,0,0,0,2.93953704833984,0,3.06394642277768,0,0,0,0,0,0,0,0,0,0,0,3.99907846286379,0,0,0,0,0,0,0,0,0,0,0,0,0,0,0,0,0,0,0,0,0,0,0,0,0,0,0,0,0,0,0,2.87319301423572,0,0,0,0,0,4.46472438263329,0,3.07257997989655,0,0,0,0,0,0,0,0,0,0,0,0,0,0,0,0,0,0,0,0,0,0,3.26357202111064,2.9617121219635,0,0,0
6.91892146830465,0,7.10228061676025,0,0,0,0,0,6.47842824342585,0,0,0,0,0,7.83982697681144,0,7.42285060882568,0,0,0,0,0,0,0,8.28591029392266,0,4.1932228519803,0,0,0,0,0,0,0,0,0,0,0,9.92277580168512,0,0,0,12.5567326545715,0,0,0,0,0,7.6672879983713,0,0,0,0,0,0,0,0,0,0,0,6.88429003123323,0,0,0,0,0,0,8.83216500599474,0,12.6616725921631,0,0,0,0,0,0,0,21.8414055217396,0,0,0,17.7332275981765,11.9540602000984,0,9.38709429426799,0,0
0,6.4215296513123,0,4.46176674365997,0,0,0,0,0,5.13731044100159,0,0,0,0,0,7.24182294004104,0,8.84641984273803,0,0,0,21.2804412841797,0,6.79885751984336,0,0,0,0,0,0,0,0,0,0,0,0,0,9.37405574944482,0,0,0,37.7399711608887,0,0,0,0,0,20.3577680587769,0,13.23336001989,0,0,0,0,0,0,0,29.6437282562256,0,0,0,5.57643209753203,0,0,0,0,4.82682041483168,0,4.08172223784707,0,0,0,0,0,0,0,21.97292137146,0,35.5121116638184,0,10.2010813675701,0,9.5854547488062,18.1593493548307,8.50602010115981,0,0
20.1451425552368,0,23.0650115694318,0,0,0,4.03559069335461,0,18.9417579174042,0,6.18942277209949,0,5.65027271634654,0,0,0,0,0,22.1915737298819,0,12.6795606613159,0,0,0,0,0,0,0,3.43429736967211,0,2.93360241889954,0,0,0,0,0,4.1492177808986,0,6.16316840378568,0,51.5436058044434,0,18.0743528227359,80.7014999389648,0,0,10.405299446039,0,46.1357898712158,50.7882652282715,4.45416470068806,0,0,0,0,0,0,0,6.21472821270891,0,3.2885235267527,0,0,4.76399498763292,0,0,0,0,0,0,0,0,0,4.77148083051046,0,0,0,0,0,11.5419502258301,0,5.67535748848548,10.871831612336,0,10.0417717980557,0,13.4299304451741
0,12.848968152077,0,25.5766058509568,0,9.8487168395001,0,3.56587338447571,0,18.1619294265221,0,4.2049457661267,0,4.62646333092735,0,0,60.1105718612671,49.395565032959,39.3415535876625,3.73865204321014,0,0,0,0,0,0,0,0,0,3.54173319538434,0,0,0,0,0,4.10301391125909,0,4.53277360301472,0,42.9510092735291,65.0327854156494,15.9095337451749,81.0578308105469,38.132776260376,0,33.1001635619572,0,0,67.7932891845703,8.41345703942435,0,5.37245479786934,0,4.46472438263329,0,29.6437282562256,0,0,0,5.78080113826714,0,7.1436429421107,9.1099198583089,0,0,0,0,0,0,0,0,0,3.70870197564363,0,0,0,0,0,39.650539970398,90.9422470092773,0,0,11.1622114635649,3.91082227230072,14.5172194917691,14.003609649406,0
0,0,0,0,0,0,3.58119920167056,0,0,0,4.49956584935212,0,3.64850529420468,0,3.32036024332047,0,0,0,0,0,0,0,0,0,0,0,0,0,3.06533093982273,0,0,0,0,0,0,0,0,0,0,0,0,0,0,0,0,0,0,0,3.80231189727783,0,0,0,0,0,0,0,6.21472821270891,0,0,0,3.56558517383353,0,0,0,0,0,0,0,0,0,0,0,0,0,0,0,0,0,0,0,0,0,3.28198813786308,3.09567154447238,0,0,0
0,12.3139104514286,0,0,0,0,0,2.93377888202667,0,26.0427265167236,0,3.55212460055757,0,3.25672332922618,0,4.41265365282695,0,0,0,0,0,0,0,0,0,0,0,3.64328627209914,0,0,0,0,0,0,0,0,0,0,0,0,0,22.3555768469106,0,0,0,0,0,0,0,6.00314628501807,0,4.45500835776329,0,3.07257997989655,0,0,0,5.78080113826714,0,0,0,5.01772418178496,30.6926898956299,0,0,0,0,0,0,0,2.73699355125427,0,0,0,0,0,0,0,0,0,0,0,3.29742885417626,3.54323460563781,13.4362825497985,0,0
4.64743845443415,0,3.24694969654083,0,4.22841024398804,0,0,0,4.88042406799379,0,0,0,3.40941651936235,0,3.61006393665221,0,3.55249667167664,0,0,0,0,0,0,0,0,0,0,0,0,0,0,0,0,0,0,0,0,0,0,0,0,0,25.1325804392497,0,0,0,0,0,3.82218450718913,0,0,0,0,0,6.88429003123323,0,3.2885235267527,0,3.56558517383353,0,0,0,0,0,0,0,0,22.2608571052551,0,0,0,0,0,0,0,0,0,0,0,0,0,0,3.75220943915161,3.07089276790619,16.8454863727093,0,0
0,12.2878383935667,0,0,0,6.56289919217428,0,0,0,5.07234591533545,0,0,0,4.92012349576182,0,4.35973192123045,0,2.89027727643649,0,0,0,0,0,5.14008824030558,0,0,0,3.81799232555648,0,0,0,0,0,0,0,0,0,0,0,0,0,26.1474215189616,0,0,0,0,0,0,0,5.95608424915458,0,3.50460603929335,0,0,0,5.57643209753203,0,7.1436429421107,0,5.01772418178496,0,0,0,0,0,0,4.73724036163359,0,3.40794699532645,0,3.57565879821777,0,0,0,0,0,0,0,0,0,0,0,4.23317251190331,4.11739421486855,20.9966004827748,0,0
0,22.4559304714203,70.9053573608398,29.3651439078712,0,0,0,0,0,29.8184155055455,0,8.80507618544577,0,0,0,0,65.7568490770128,66.6906802528783,38.8322209193789,6.79224980961193,68.1250228881836,0,0,0,0,0,0,0,0,0,0,0,0,0,0,5.47123715477849,0,7.09050504012629,0,17.8470790493873,82.8493804931641,24.8144129592528,67.1923620435927,28.5150249527722,0,15.2882728299522,0,0,72.5389017377581,38.7506059010824,0,0,0,0,0,0,0,9.1099198583089,0,30.6926898956299,0,0,0,94.7672398885091,0,0,0,0,0,0,0,0,0,0,0,0,0,0,10.5660016743092,87.1243351527623,0,0,12.9474945652357,0,16.6997050413968,29.9272981926247,0
29.4592533111572,0,25.2382782383969,60.9252548217773,9.03784799575806,0,6.54721330106258,0,0,0,10.6439712201212,0,0,0,0,0,69.9086822509766,74.7688294924223,47.1709278698625,0,7.23451545911966,0,0,0,0,0,0,0,0,0,0,0,0,0,0,0,8.98442580236417,0,4.76314375549555,0,25.8960785496803,93.5495758056641,30.9020929124191,57.0963745117188,0,71.0472634633382,10.6215454553574,0,37.3022586277553,0,0,0,0,0,0,0,4.76399498763292,0,0,0,0,0,94.7672398885091,0,0,0,0,0,0,0,0,0,0,11.1078357696533,0,0,0,0,85.5076684951782,10.8627426842475,0,9.7827756901062,14.5863476384295,0,11.6236608191677,79.2194175720215,47.8180208939772
0,0,0,0,0,0,0,0,0,0,0,0,0,0,0,0,0,12.3174263636271,0,0,0,5.38562656087281,7.36107748369627,9.63876481248875,0,0,0,4.14654112435304,0,0,0,0,0,0,0,0,0,4.3805488486732,10.9183612551008,0,0,0,0,0,0,0,0,0,0,0,0,0,0,0,0,0,0,0,0,0,0,0,0,0,0,5.91129408384624,11.9765311956406,0,3.77842873142612,0,5.17441487312317,0,0,0,0,0,0,0,0,0,5.41739858875206,0,4.734742624988,4.07123174765004,0,0,0
0,0,0,0,0,0,0,0,0,0,0,0,0,0,0,0,5.9537512426791,0,0,0,0,5.07545855757478,5.12876266033741,0,7.57457717259725,0,0,0,4.36042202197439,0,0,0,0,0,0,0,0,5.19076188405355,3.94241570130345,0,0,0,0,0,0,0,0,0,4.24057516895357,0,0,0,0,0,0,0,0,0,0,0,0,0,0,0,5.91129408384624,0,0,3.85403951476602,0,3.464121563094,0,4.84540701919878,0,0,0,0,0,0,0,0,0,5.31040711094011,4.15449380458787,4.12371807885401,0,0,0
0,0,0,0,0,0,0,0,0,9.57661852836609,0,0,0,0,0,0,0,7.1315643787384,0,0,0,16.0280415330614,0,5.71982536413898,0,5.92443750798702,0,0,0,0,0,0,0,0,0,0,0,8.4829518961675,25.4992709159851,0,0,0,0,0,0,0,0,18.1060456931591,0,13.0828037396663,0,0,0,0,0,4.82682041483168,0,0,0,0,0,4.73724036163359,0,0,11.9765311956406,0,0,0,3.67954707362435,0,0,0,0,0,0,0,20.0241775512695,0,0,0,7.72851225199452,0,10.236168238969,21.3018576015126,10.032873580035,0,0
0,0,0,0,0,0,0,0,10.7436263659229,0,0,0,0,0,0,0,9.26529071547768,0,0,0,0,0,4.18941075461251,0,4.21731140098056,0,4.20337508175824,0,0,0,0,0,0,0,0,0,0,0,4.71501426026225,0,0,0,0,0,0,0,0,0,5.10948899057176,0,0,0,0,0,8.83216500599474,0,0,0,0,0,22.2608571052551,0,0,0,0,3.85403951476602,0,0,0,4.7041738600958,0,0,0,0,0,0,0,0,0,0,0,7.51720928588471,8.04098305036855,0,6.14060317032726,0,0
0,0,0,0,0,0,0,0,0,3.58363842964172,0,0,0,3.90296480390761,0,2.75218558311462,0,3.93273176193237,0,0,0,4.43448216782676,0,6.46936056605059,0,4.67029401187239,0,4.06716796638459,0,0,0,0,0,0,0,0,0,0,0,0,0,0,0,0,0,0,0,0,0,3.50089147511651,0,0,0,0,0,4.08172223784707,0,0,0,0,0,3.40794699532645,0,0,3.77842873142612,0,3.67954707362435,0,0,0,4.71981141791526,0,0,0,0,0,0,0,0,0,0,0,5.2963623244371,3.8854909918525,0,0,0
0,0,0,0,0,0,0,0,4.51921108033922,0,0,0,0,0,0,0,4.99465139989751,30.0862581464979,0,0,0,0,9.87136840820312,0,3.77302884125367,0,4.56192397336078,0,3.14080862998962,0,0,0,0,0,0,0,0,0,0,0,0,0,0,0,0,0,0,0,0,0,0,0,0,0,12.6616725921631,0,0,0,0,0,0,0,0,0,0,3.464121563094,0,4.7041738600958,0,0,0,5.7425873875618,0,0,0,0,0,0,0,0,0,0,3.80037576070538,0,6.13300800323486,0,0
0,0,0,0,0,0,0,0,0,0,0,4.42136399098385,0,3.81582021328711,0,0,0,0,0,0,0,2.92241566521781,0,0,0,3.96737810969353,0,3.645954858705,0,4.39334164397203,0,0,0,0,0,0,0,3.13245371849306,0,0,0,0,0,0,0,0,0,18.980278968811,0,4.53794375061989,0,0,0,0,0,0,0,0,0,2.73699355125427,0,3.57565879821777,0,0,5.17441487312317,0,0,0,4.71981141791526,0,0,0,5.33800740062066,0,0,0,0,0,0,0,2.75549697875977,0,3.15496221789113,3.37972141421118,0,0,0
0,0,0,0,0,0,0,0,0,0,0,0,2.72840964794159,0,0,0,0,0,0,0,0,0,5.77850992812051,0,0,0,2.94875717163086,0,3.8450804338636,0,4.22736197290942,0,0,0,0,0,0,0,3.5207949443297,0,0,0,0,0,0,0,0,0,3.48529839515686,0,0,0,0,0,0,0,0,0,0,0,0,0,0,0,0,4.84540701919878,0,0,0,5.7425873875618,0,0,0,5.12704595592287,0,0,0,0,0,0,0,3.58622895202775,4.86691529650084,3.80442979568388,5.27159833908081,0,0
0,0,0,0,0,0,0,0,0,0,0,3.0533192091518,0,0,0,0,0,0,0,0,0,0,0,0,0,0,0,12.6764994401198,0,5.13753079887082,0,0,0,0,0,0,0,3.6733716344222,0,0,0,0,0,0,0,0,0,0,0,3.38431015881625,0,0,0,0,0,0,0,3.70870197564363,0,0,0,0,0,0,0,0,0,0,0,0,5.33800740062066,0,0,0,0,0,0,0,0,0,4.33184933662415,0,3.07798947916402,3.54545831680298,0,0,0
0,0,27.253978729248,0,0,0,0,0,0,0,0,0,0,0,0,0,0,0,0,0,0,0,0,0,0,0,0,0,4.28893564854349,0,3.45410983678003,0,0,0,0,0,0,0,3.15908074378967,0,0,0,40.6414070129395,0,0,0,0,0,0,0,0,0,0,0,0,0,4.77148083051046,0,0,0,0,0,0,11.1078357696533,0,0,0,0,0,0,0,5.12704595592287,0,0,0,0,0,0,0,0,0,3.04188080231349,27.087984085083,0,5.60190627574921,0,0
0,0,0,0,0,0,0,0,0,0,0,0,0,0,0,0,0,0,0,0,0,0,0,0,0,0,0,0,0,0,0,3.54338203291198,4.05893911052802,12.6124901916042,0,3.90719139978793,6.11594867706299,0,0,0,0,0,0,0,0,0,0,5.77224863270376,0,4.41805410385132,0,0,0,0,0,0,0,0,0,0,0,0,0,0,0,0,0,0,0,0,0,0,0,0,0,6.18274482091268,13.2279708536172,0,7.59099217889981,0,0,0,3.72908055362989,0,0,0,0
0,0,0,0,0,0,0,0,0,0,0,0,0,0,0,0,0,0,0,0,0,0,0,0,0,0,0,0,0,0,0,4.16142797470093,4.37176406110516,0,8.75583175420761,0,3.54973339537779,0,0,0,0,0,0,0,0,0,0,4.99487471418316,6.69763088226318,0,0,0,0,0,0,0,0,0,0,0,0,0,0,0,0,0,0,0,0,0,0,0,0,0,6.18274482091268,0,17.5059547424316,7.94615917923091,0,3.48339941978455,0,0,3.38975156608381,0,0,0,0
0,0,0,0,0,0,0,0,0,17.7077236175537,0,0,0,0,0,0,0,0,0,0,0,0,0,19.6805057525635,0,0,0,0,0,0,0,10.4211616367102,3.29914840062459,5.20059312788851,4.71517521641166,5.01730054578474,0,4.06869724645453,3.76184794434115,0,0,0,0,0,0,0,0,7.25570260325727,11.4690728187561,5.05194283667065,0,0,0,0,0,21.97292137146,0,0,0,0,0,0,0,0,0,0,20.0241775512695,0,0,0,0,0,0,0,13.2279708536172,17.5059547424316,0,8.09777008809827,6.71515077561349,0,5.49976653929338,4.85057910283407,3.82713258843268,4.81359577178955,0,0,0
0,0,0,0,0,0,0,0,22.1923732757568,0,0,0,0,0,0,0,0,0,0,0,0,28.06911277771,13.8527855873108,0,16.9141772588094,0,0,0,0,0,0,0,7.74712556486676,8.69147141425164,5.26396704366564,0,4.42807873281149,15.3292131026586,8.10419687778438,0,0,0,0,0,0,0,0,6.82151421664161,0,18.5930148533412,0,0,0,0,21.8414055217396,0,0,0,0,0,0,0,0,0,0,0,0,0,0,0,0,0,0,0,0,7.94615917923091,8.09777008809827,0,0,4.28377356896034,21.1814981058609,5.16429596741994,10.3215591030736,11.3603961530485,0,0,0
55.929469426473,0,69.9932746887207,35.929154857105,0,0,0,0,74.5606079101562,37.5089937845866,0,5.05463600158691,0,0,0,0,65.3261365774201,64.4982187197759,41.421310187354,6.31590382575989,0,0,0,0,0,0,0,0,0,0,0,4.02513521416434,3.25599659317955,3.9904520745213,0,4.4743025571397,4.21897455963987,5.82602228153957,8.12270927429199,11.7411918758036,80.1443623184064,18.9964864210962,68.9185152053833,23.4483896718807,0,13.6649291587735,78.0000784301758,4.44685394404233,71.9903060913086,6.31985609768001,0,0,0,0,0,35.5121116638184,0,39.650539970398,0,0,0,0,10.5660016743092,85.5076684951782,0,0,0,0,0,0,0,0,0,0,7.59099217889981,0,6.71515077561349,0,0,65.2022851077574,6.60494457149631,0,11.3881743836377,4.3065398704438,20.2638514042828,23.9519025484721,87.6684926350911
27.1162284851074,0,39.6307080112286,100.231079101562,0,0,6.31921065496114,0,0,61.293342590332,12.7669856040864,0,0,0,0,0,74.7197899137225,68.5838040464065,44.8127345275879,0,10.0596521574922,0,0,0,0,0,0,0,0,0,0,4.78880993525187,3.80353795157539,0,4.66407606266297,3.8865461743124,4.86831772920332,3.37703225016594,5.87917267835581,88.5253931681315,20.314717325946,72.8773727416992,23.6908514788096,63.7323553297255,0,74.6419195629302,9.61233913574546,8.50738856455824,12.5423512708907,60.0409838358561,0,0,0,0,0,0,11.5419502258301,90.9422470092773,0,0,0,0,87.1243351527623,10.8627426842475,0,0,0,0,0,0,0,0,0,0,0,3.48339941978455,0,4.28377356896034,65.2022851077574,0,0,9.68763785507228,13.0678792535643,3.61375863361359,26.7808384654815,74.785774230957,50.5860866888975
0,0,0,0,0,0,0,0,0,9.31797718721278,0,3.4478227297465,0,0,0,0,0,26.181455373764,0,3.75475539479937,0,6.70954159913084,0,7.57462962732276,0,0,0,2.74667096138,0,3.33298492431641,0,0,0,5.18251349666752,16.8616446615595,6.92675464518749,0,5.32807479785226,6.8193071991408,0,0,0,0,0,0,0,0,8.68122300948451,0,5.52641937938187,0,0,0,0,0,10.2010813675701,0,0,0,0,0,0,0,0,5.41739858875206,0,7.72851225199452,0,0,0,2.75549697875977,0,4.33184933662415,0,0,0,5.49976653929338,21.1814981058609,6.60494457149631,0,0,20.1260733074612,5.85368565063851,9.88932641126491,10.3754816249771,0,0
25.4927787780762,0,30.6764068603516,0,0,0,32.6263593037923,0,18.1747468942549,0,7.93140995915915,0,0,0,44.1009788513184,0,35.5714721679688,0,26.7981929779053,0,22.6216027641296,22.2534818649292,5.59841840002272,14.7239580154419,13.2461647878994,0,0,0,0,0,3.64853447245568,0,0,0,7.11147578184902,0,7.02978315724799,7.32698831707239,5.89334538728552,0,0,0,43.080717086792,0,0,0,13.1586118561881,7.72891073567527,4.48822796854198,35.8187414805094,0,0,0,0,17.7332275981765,0,5.67535748848548,0,0,0,0,0,0,9.7827756901062,0,5.31040711094011,0,7.51720928588471,0,0,0,3.58622895202775,0,3.04188080231349,0,0,4.85057910283407,5.16429596741994,0,9.68763785507228,20.1260733074612,0,6.88389688853652,6.88820638439872,5.72190230866377,0,0
