0,0,4.83019040114966,0,16.2249691812616,0,0,0,4.98118517747739,0,0,0,0,0,0,0,0,0,5.32250064128154,0,0,0,0,0,0,0,0,0,0,0,0,0,0,0,0,0,0,0,0,0,0,0,13.8668077985446,0,0,0,18.4761772155762,0,4.14379239704298,0,12.2157459599631,0,0,0,6.18135996792382,0,9.54804662259898,0,6.02915471447401,0,5.76554985841115,0,0,0,0,0,0,18.7527122497559,0,0,0,0,0,0,0,0,0,0,0,36.4523620605469,0,19.4768362045288,6.7616890478009,0,8.06548594722517,0,14.1996831893921
0,0,0,5.05458802914881,0,13.8869425511993,0,0,0,7.39238527173439,0,0,0,0,0,0,0,0,4.59715223312378,0,0,0,0,15.734734967351,0,0,0,0,0,0,0,0,0,0,0,0,0,0,0,0,0,12.2892933661543,0,7.24318194389343,0,0,0,0,0,10.1635653790104,0,13.3831817763192,0,0,0,7.72372793502548,0,6.37097423160777,0,7.05060386657715,0,4.95249745580885,0,0,0,0,12.7064446040562,0,0,0,0,0,0,0,0,0,0,0,0,0,0,0,5.12792461073917,0,12.1945903722771,10.6546835899353,0
4.83019040114966,0,0,0,10.1482453013266,0,0,0,5.8513122071101,0,0,0,0,0,7.18496465682983,0,0,0,0,0,0,0,0,0,0,0,0,0,0,0,0,0,0,0,0,0,11.0681441307068,0,0,0,42.0095100402832,0,24.5454240125768,0,0,0,9.84150097105238,46.7967981610979,11.4278365633704,0,7.47545644972059,0,0,0,11.0388758603264,0,28.7829364670648,0,2.73173975944519,0,4.01721334457397,0,0,18.4534997940063,0,0,0,0,0,0,0,0,0,35.2354555996982,0,0,0,0,0,41.9647854434119,0,39.6245388031006,6.02960397205812,0,8.12419817128468,0,20.6802780628204
0,5.05458802914881,0,0,0,6.1500374920228,0,0,0,5.07745200395584,0,3.68231111764908,0,0,0,0,0,0,0,0,0,0,0,0,0,0,0,0,0,0,0,0,0,0,0,0,0,0,0,0,0,21.3116860594486,0,0,0,9.71162424665509,0,0,0,9.21539699725616,0,6.02033364772797,0,0,0,6.95166532198588,0,32.0440406799316,0,0,0,0,11.8228750228882,0,0,0,0,0,0,0,0,0,0,0,0,0,0,0,45.9542541503906,0,0,0,4.32603775062452,3.36008501052856,5.95281265651719,0,0
16.2249691812616,0,10.1482453013266,0,0,0,6.97130260467529,0,13.4990933327259,0,0,0,3.1658710638682,0,0,0,0,0,69.1647853851318,0,6.79153210792727,0,0,0,0,0,0,0,0,0,0,0,0,0,0,0,29.3959415586371,0,0,0,48.0437063134235,0,48.6495047397301,0,0,0,19.2068769218995,52.8798684512868,36.0953956931627,0,4.75021530963756,0,0,0,7.93382519413443,0,31.674623799324,0,2.95823515454928,0,5.40374612808228,0,0,10.3334702607921,0,0,0,0,0,0,0,0,0,40.2713775634766,0,0,0,0,0,31.1067268579526,0,51.6539438687838,6.76608809286089,4.15798846699975,9.84144836295917,0,80.9501266479492
0,13.8869425511993,0,6.1500374920228,0,0,0,0,0,9.83303230650285,0,0,0,0,0,0,0,0,74.4632530212402,7.68737383683523,0,0,0,0,0,0,0,0,0,0,0,0,0,0,0,3.08057343959808,0,0,0,49.8697167855722,0,48.0173674190746,34.5185852050781,30.0767879486084,0,17.1656868691538,0,47.7814610799154,41.0529327392578,48.905332298689,0,3.43333289358351,0,0,0,3.96673193322607,0,0,0,0,0,0,10.9576364334892,0,0,0,0,0,0,0,0,0,39.1348686218262,0,0,0,0,0,48.6583433884841,0,63.9558448791504,0,5.71676253355466,3.05074787139893,7.62768196331477,0,0
0,0,0,0,6.97130260467529,0,0,0,0,0,0,0,0,0,0,0,0,0,0,0,4.39637684168881,0,0,0,0,0,0,0,0,0,0,0,0,0,0,0,0,0,0,0,0,0,0,0,0,0,16.035103225708,0,41.5203132629395,0,0,0,2.88545224666595,0,0,0,3.515032403495,0,0,0,0,0,0,7.90670994825141,0,0,0,0,0,0,0,0,0,0,0,0,0,0,0,13.4050364494324,0,0,3.43289933782635,0,6.23858585357666,0,0
0,0,0,0,0,0,0,0,0,0,0,3.35254259904226,0,3.20599780763899,0,0,0,0,0,0,0,0,0,0,0,0,0,0,0,0,0,0,0,0,0,0,0,0,0,0,0,0,0,0,0,0,0,0,0,0,0,0,0,3.69626044568995,0,0,0,4.45283960874102,0,3.44683680226726,0,0,0,0,0,0,0,0,0,0,0,0,0,0,0,0,0,0,0,0,0,0,2.88418225447337,0,0,0,0
4.98118517747739,0,5.8513122071101,0,13.4990933327259,0,0,0,0,37.4463994026184,0,0,0,0,7.46975724659269,54.4365735735212,16.5120063213282,36.319694519043,12.2688208164707,0,0,0,0,34.8545068105062,9.34523647810732,41.5939415522984,10.3188177870031,0,0,0,0,0,0,0,0,0,0,0,8.65748419381876,0,76.5804824829102,0,78.7318318684896,29.2127799987793,0,0,10.5684743881226,21.4004650115967,8.88085014479501,0,11.3764245212078,0,0,0,5.77424550252822,39.0713235855103,0,0,0,0,10.3919952624553,49.7403246561686,0,74.3920822143555,0,0,40.1723917180842,9.00659071572936,44.0754257202148,18.2405038613539,0,0,0,0,0,0,0,23.486070950826,86.4655570983887,58.09743309021,0,13.7761486802782,10.7124008591709,40.4280484517415,8.42064343215528,0,0
0,7.39238527173439,0,5.07745200395584,0,9.83303230650285,0,0,37.4463994026184,0,0,0,0,0,40.9403629302979,8.884625349726,37.1524337940115,19.6483448810577,14.7288673501266,0,0,0,0,9.62938771767639,36.5979801813761,14.2998123433855,45.1129003671499,0,0,0,0,0,0,22.2235231399536,0,0,0,6.85718825169865,27.5107765197754,0,0,14.0491822228503,49.9668798446655,14.3642082214355,0,34.9556159973145,0,19.0020298957825,0,10.528101729565,0,9.71299202101571,0,0,0,5.90383152816434,0,0,0,0,44.0514678955078,10.4397846804215,0,0,33.8163725535075,0,18.0529879842486,0,23.7609902143478,34.4105027516683,0,0,27.8554134368896,0,0,0,0,0,59.4512227376302,89.2820053100586,10.4222694853177,69.8105392456055,6.58498968390229,16.1019711494446,6.31578106822738,12.0074038254587,0
0,0,0,0,0,0,0,0,0,0,0,0,3.24144358830909,0,0,0,0,0,0,0,3.31134679529565,0,0,0,0,0,0,0,3.02855879068375,0,3.02432374159495,0,0,0,0,0,3.31074477566613,0,3.72396678837599,0,0,0,0,0,0,0,8.28486855824788,0,0,0,0,0,0,0,0,0,4.74766981824446,0,4.85612392425537,0,0,0,0,4.73037494101175,0,0,0,0,0,0,0,0,0,3.1472327709198,0,0,0,0,0,4.82497495412827,0,4.85678982525541,3.27275813157674,0,11.7767567634583,0,0
0,0,0,3.68231111764908,0,0,0,3.35254259904226,0,0,0,0,0,3.17496447453554,0,0,0,0,0,4.76921227810194,0,0,0,0,0,0,0,0,0,2.89405564161447,0,0,0,0,0,3.24613913664451,0,3.71632958577974,0,0,0,0,0,19.4006013870239,0,13.6177810367785,0,53.9627914428711,0,54.1082725524902,0,0,0,5.49251508712769,0,0,0,3.93278643086707,0,2.85192239284515,0,0,8.25849228982986,0,0,0,0,0,0,0,0,0,5.29611024611136,0,0,0,0,0,6.79552235603333,0,5.4289061147256,0,3.64128519258192,4.39987436930339,6.07517910003662,0,0
0,0,0,0,3.1658710638682,0,0,0,0,0,3.24144358830909,0,0,0,2.8786854372112,0,0,0,0,0,0,0,0,0,0,0,0,0,0,0,0,0,0,0,0,0,0,0,0,0,0,0,0,0,0,0,0,0,0,0,0,0,0,0,0,0,3.71160171605364,0,3.38399288988761,0,2.88101687413805,0,0,0,0,0,0,0,0,0,0,0,0,0,0,0,0,0,0,0,0,0,3.10299885185966,0,0,0,0
0,0,0,0,0,0,0,3.20599780763899,0,0,0,3.17496447453554,0,0,0,4.9167896478604,0,0,0,0,0,0,0,0,0,2.98985154586926,0,2.8869526386261,0,0,0,0,0,0,0,0,0,0,0,0,0,0,0,0,0,0,0,0,0,0,0,0,0,3.47609025239944,0,0,0,4.21683259010315,0,3.85175073941549,0,4.01097582145171,0,0,0,0,0,0,0,0,0,0,0,0,0,0,0,0,0,0,0,0,3.41923774242401,3.60269297544773,0,0,0
0,0,7.18496465682983,0,0,0,0,0,7.46975724659269,40.9403629302979,0,0,2.8786854372112,0,0,59.6063117980957,16.2234030863967,32.3293810052387,24.8488540649414,0,0,0,0,39.983772277832,19.0621502949641,36.9207992553711,18.9700057085823,0,0,0,0,0,0,0,0,0,0,0,0,0,0,0,56.1339206695557,0,0,0,0,0,0,0,0,0,0,0,4.88966612111438,32.423412322998,4.86124229431152,0,3.41478751954578,0,4.42201265887679,59.5666770935059,0,0,0,0,42.9880523681641,0,28.2816925048828,25.4104200090681,0,0,0,0,0,0,0,0,0,0,0,0,16.2111925995141,20.7231529553731,78.6139144897461,82.4671783447266,0
0,0,0,0,0,0,0,0,54.4365735735212,8.884625349726,0,0,0,4.9167896478604,59.6063117980957,0,39.0264045360477,20.3507041382596,24.8547935925997,0,0,17.1324182510376,0,23.60031054914,42.6895837783813,9.71880861063196,44.3655776977539,0,0,0,0,0,0,0,0,0,0,0,0,0,60.5630493164062,36.3367733001709,82.2432403564453,0,0,0,77.5916748046875,0,0,77.9536972045898,0,0,0,0,46.2233734130859,5.24596259710768,0,0,0,3.22042047002099,0,5.4704679186855,0,0,0,0,26.1181520734515,0,19.7370003819466,48.1445251464844,0,0,0,0,0,0,0,0,63.7129834493001,103.810222625732,0,69.6550140380859,14.57454482775,6.39488172531128,60.2375679016113,29.0390300750732,0
0,0,0,0,0,0,0,0,16.5120063213282,37.1524337940115,0,0,0,0,16.2234030863967,39.0264045360477,0,15.55097678982,19.1177346100206,0,0,17.9277224974199,2.96146559715271,33.1483727863857,18.8776146001921,36.7626217603683,10.3306224667749,0,0,0,0,0,0,0,0,0,0,0,0,76.3142013549805,55.639833904448,62.3866949314024,45.5511518067951,54.3694038391113,31.8642444610596,98.9638080596924,65.0980055067274,0,71.2271931966146,44.0385398864746,0,0,0,0,14.6764235496521,33.5469625336783,0,0,0,0,10.961213244812,41.9901936408317,0,68.6758689880371,19.9590709606806,0,30.1760321763846,0,33.642956888108,10.6491643805937,0,0,0,64.5661841498481,89.4030532836914,0,0,0,74.9885199471806,65.0739458760908,73.0635537041558,60.0155310090055,15.7938420514706,14.2769750465046,56.683163801829,46.6073398590088,45.0272766113281
0,0,0,0,0,0,0,0,36.319694519043,19.6483448810577,0,0,0,0,32.3293810052387,20.3507041382596,15.55097678982,0,19.6821500082588,0,0,6.27808990037389,0,16.2735462526842,25.296961273734,9.53670403943139,24.4342111160881,3.85791811735734,0,0,0,0,0,0,0,100.858360290527,96.478401184082,0,0,55.4145579262385,68.4512138366699,42.7125348830272,52.2400901982042,38.0691194534302,34.0959968566895,57.9899559020996,53.1273587544759,67.4164962768555,76.5851898193359,65.8645024980817,0,0,0,0,36.0807771046956,21.6353560857921,0,85.5520172119141,0,0,36.1109321382311,21.510246201082,61.6338768005371,84.2916564941406,8.43224296170709,0,17.7863435800048,0,12.8040059099772,30.9619034661187,3.46220566749573,0,57.3379264244666,55.2534885406494,76.5180053710938,0,0,0,63.9741501349669,71.2050377595509,57.2161662079567,66.1072035444544,13.3884797519288,8.74685532619917,51.5703937990446,36.8264886856079,116.143928527832
5.32250064128154,4.59715223312378,0,0,69.1647853851318,74.4632530212402,0,0,12.2688208164707,14.7288673501266,0,0,0,0,24.8488540649414,24.8547935925997,19.1177346100206,19.6821500082588,0,0,0,40.209375,0,31.3861271353329,28.0333145646488,30.5294844395406,36.7920813751221,0,0,0,0,0,0,0,0,0,70.8639930725098,0,0,47.0716800689697,47.9683036272534,30.2784545786046,33.5916710096177,10.3476523079918,21.8959364255269,34.2079619039403,29.147851890564,55.4099012374878,54.8937832161232,53.6604862856061,0,0,0,0,14.773712793986,22.7836151834744,46.8539115681368,52.0425345102946,0,0,26.1085986883744,24.4706700977526,61.5226285117013,54.6964091676654,33.2762985229492,0,31.51184565265,5.68125534057617,35.4194053526848,35.3880226347182,0,0,52.7788812169489,49.6257769844749,55.4999942073116,0,0,0,48.5768002409751,50.7672008240095,49.6019021254319,49.2370560117973,13.306489721239,28.6558036804199,31.1356656293963,22.800853960216,19.9445055335176
0,0,0,0,0,7.68737383683523,0,0,0,0,0,4.76921227810194,0,0,0,0,0,0,0,0,0,0,0,0,0,0,0,0,0,0,0,0,0,0,0,4.1928145760169,0,4.05306368403965,0,36.3046928405762,0,46.3231002807617,32.1641159057617,0,0,12.5452701872674,0,0,37.6764011383057,42.5754160630076,0,0,0,0,0,0,0,5.79671118152675,0,0,0,0,4.50099948942661,0,0,0,0,0,0,0,0,0,8.96806395896757,0,0,0,0,0,6.78562597709616,0,13.0113710039276,0,3.7740430382012,0,9.80154070075677,0,0
0,0,0,0,6.79153210792727,0,4.39637684168881,0,0,0,3.31134679529565,0,0,0,0,0,0,0,0,0,0,0,0,0,0,0,0,0,0,0,3.96597218513489,0,0,0,0,0,3.41377271562553,0,3.67527473905812,0,47.3521499633789,0,71.7822189331055,0,19.3058547973633,0,13.3855199495951,54.9468018668039,44.4163648817274,0,0,0,0,0,0,0,3.69859627357819,0,0,0,0,0,0,4.38160999636901,0,0,0,0,0,0,0,0,0,7.3969505528609,0,0,0,0,0,5.28047955058137,0,4.24208425952167,5.85576522897143,10.3482270240784,7.7726547398518,0,0
0,0,0,0,0,0,0,0,0,0,0,0,0,0,0,17.1324182510376,17.9277224974199,6.27808990037389,40.209375,0,0,0,4.05253318915234,5.40019135630649,0,7.49954244068691,24.4495258331299,3.31593427501741,0,0,0,0,0,0,0,0,0,4.10399873602095,3.16861541611808,0,0,24.6667518615723,0,0,0,66.1918411254883,0,0,0,6.09060482978821,0,0,0,0,0,21.7313194274902,0,0,0,0,41.105396270752,24.0414056777954,0,0,4.93194340265329,4.7323358323839,4.59961941357582,0,8.51965963455939,0,9.86812476224678,0,0,0,0,0,15.6214532852173,0,0,0,6.23641960735781,3.24844481205118,4.29003427264609,0,26.3170738220215,0,0
0,0,0,0,0,0,0,0,0,0,0,0,0,0,0,0,2.96146559715271,0,0,0,0,4.05253318915234,0,0,5.36168672646653,0,3.192830417977,0,3.07309307456017,0,0,0,0,0,0,0,0,0,8.82756158631099,0,0,0,0,0,0,0,0,0,9.29317334982065,0,0,0,0,0,0,0,0,0,0,0,0,0,0,0,4.50073429516384,4.0156312796453,0,5.91008180379868,0,5.83741577120795,0,2.95210003852844,0,0,0,0,0,0,0,0,0,13.0597696438566,3.68941714645792,0,24.0238151550293,0,0
0,15.734734967351,0,0,0,0,0,0,34.8545068105062,9.62938771767639,0,0,0,0,39.983772277832,23.60031054914,33.1483727863857,16.2735462526842,31.3861271353329,0,0,5.40019135630649,0,0,16.0350112915039,5.71697820768766,32.0222034454346,0,0,0,0,0,0,0,0,0,0,5.10415404396057,0,0,0,27.7436672846476,87.004280090332,0,0,0,0,17.9525011777878,0,5.28981653126803,0,0,0,0,0,10.4501441062951,0,0,0,0,34.6143112182617,24.7418831155655,0,0,11.3686423238955,0,3.65105379518421,0,7.83469635993242,23.7244358062744,0,0,0,0,0,0,21.6535949707031,0,0,0,6.97850615028443,0,8.28555097761033,0,8.52106317743525,0,0
0,0,0,0,0,0,0,0,9.34523647810732,36.5979801813761,0,0,0,0,19.0621502949641,42.6895837783813,18.8776146001921,25.296961273734,28.0333145646488,0,0,0,5.36168672646653,16.0350112915039,0,25.9311218261719,3.88169256289294,0,0,0,0,0,0,0,0,0,0,0,3.65667911838083,0,0,0,0,0,0,0,0,0,11.8277540206909,0,0,0,0,0,10.0000474178791,32.9648995399475,0,0,0,0,23.1398010253906,33.4795341491699,0,0,0,5.260801742695,17.1412976582845,4.87259443572989,35.7925682067871,5.55115044667171,0,0,0,0,0,0,0,0,0,0,0,11.0433521920984,12.7877108007669,0,0,0,0
0,0,0,0,0,0,0,0,41.5939415522984,14.2998123433855,0,0,0,2.98985154586926,36.9207992553711,9.71880861063196,36.7626217603683,9.53670403943139,30.5294844395406,0,0,7.49954244068691,0,5.71697820768766,25.9311218261719,0,34.7733955383301,3.65967637300491,0,0,0,0,0,0,0,0,0,0,0,0,0,47.8290367126465,0,0,0,0,0,0,0,0,0,0,0,0,0,14.672975063324,0,0,0,3.58689737319946,34.9535795847575,7.03476079109267,0,0,6.47790520531791,0,6.06561880400687,0,7.05501422875047,35.6044502258301,6.2193630309332,0,0,0,0,0,0,0,0,0,0,0,12.0816263167155,13.5546600818634,30.5325698852539,35.5962371826172,0
0,0,0,0,0,0,0,0,10.3188177870031,45.1129003671499,0,0,0,0,18.9700057085823,44.3655776977539,10.3306224667749,24.4342111160881,36.7920813751221,0,0,24.4495258331299,3.192830417977,32.0222034454346,3.88169256289294,34.7733955383301,0,0,3.18522461255391,0,0,0,0,0,0,0,0,0,0,0,0,0,53.0813102722168,0,0,0,0,0,0,0,0,0,0,0,4.69755094250043,37.9968989236014,0,0,0,0,17.7891221727644,45.0994631449381,0,0,0,3.09994975090027,24.2449843088786,3.83521933322186,0,5.26267282168071,0,2.94361257553101,0,0,0,0,0,0,0,79.9977035522461,0,88.8586807250977,21.2142255800742,40.4771537780762,0,0,0
0,0,0,0,0,0,0,0,0,0,0,0,0,2.8869526386261,0,0,0,3.85791811735734,0,0,0,3.31593427501741,0,0,0,3.65967637300491,0,0,0,3.30586177009647,0,0,0,0,0,0,0,4.34152712052067,0,0,0,0,0,0,0,0,0,0,0,0,0,0,0,0,0,0,0,0,0,3.21808117628098,0,0,0,0,3.36622937999923,0,0,0,2.73453211784363,0,4.58554966908073,0,3.7142531758263,0,0,0,0,0,0,0,5.10525573293368,0,4.17557235558828,3.5918755531311,0,0,0
0,0,0,0,0,0,0,0,0,0,3.02855879068375,0,0,0,0,0,0,0,0,0,0,0,3.07309307456017,0,0,0,3.18522461255391,0,0,0,5.41938792358745,0,0,0,0,0,0,0,3.02154295785087,0,0,0,0,0,0,0,0,0,0,0,0,0,0,0,0,0,3.66122574806213,0,2.89605736732483,0,0,0,0,0,0,2.9593448638916,0,0,0,0,0,3.44372131607749,0,8.71184402245742,0,0,0,0,0,0,0,10.8893831769625,2.83589148521423,0,0,0,0
0,0,0,0,0,0,0,0,0,0,0,2.89405564161447,0,0,0,0,0,0,0,0,0,0,0,0,0,0,0,3.30586177009647,0,0,0,0,0,0,0,0,0,4.85943880647716,0,0,0,0,0,0,0,0,0,0,0,0,0,0,0,0,0,0,0,0,0,0,0,0,10.0941832860311,0,0,0,0,0,0,0,4.58848810195923,0,4.35574874442977,0,0,0,0,0,0,0,3.00165632792882,0,2.91744518280029,0,0,0,0
0,0,0,0,0,0,0,0,0,0,3.02432374159495,0,0,0,0,0,0,0,0,0,3.96597218513489,0,0,0,0,0,0,0,5.41938792358745,0,0,0,0,0,0,0,0,0,3.05837238891215,0,0,0,0,0,0,0,0,0,0,0,0,0,0,0,0,0,4.23951328746856,0,0,0,0,0,0,11.7811899185181,0,0,0,0,0,0,0,6.09372441739029,0,4.19454992925042,0,0,0,0,0,0,0,5.70235238075256,4.0168365750994,0,0,0,0
0,0,0,0,0,0,0,0,0,0,0,0,0,0,0,0,0,0,0,0,0,0,0,0,0,0,0,0,0,0,0,0,4.96983813740486,8.93394376472993,13.9163284301758,5.48590782163768,4.39078779609836,0,0,6.07157802581787,0,0,0,0,0,0,0,4.6966635988009,16.1785917282104,7.56276875275832,0,0,0,0,0,0,0,0,0,0,0,0,0,0,0,0,0,0,0,0,0,0,0,0,6.82426521584794,10.4720283067504,12.2970391606003,43.4180692036947,6.46884009841555,16.5355534934998,0,0,4.83155978373078,0,31.5109488169352,0,0
0,0,0,0,0,0,0,0,0,0,0,0,0,0,0,0,0,0,0,0,0,0,0,0,0,0,0,0,0,0,0,4.96983813740486,0,11.3044842293388,9.05028414726257,9.07573021624399,3.14676948624688,0,0,0,0,0,0,0,0,0,0,4.22278188296727,0,0,0,0,0,0,0,0,0,0,0,0,0,0,0,0,0,0,0,0,0,0,0,0,0,0,8.33465382325513,12.0108180305074,8.35320531901191,18.4267095465993,12.1792875487229,8.73438835383419,0,0,4.10144542771227,0,0,0,0
0,0,0,0,0,0,0,0,0,22.2235231399536,0,0,0,0,0,0,0,0,0,0,0,0,0,0,0,0,0,0,0,0,0,8.93394376472993,11.3044842293388,0,6.25597978634145,3.21124430198585,0,5.39951931389285,7.91958906650543,0,0,21.9923071092175,0,0,0,0,0,5.65895459609117,20.5285336038341,7.09495520591736,0,0,0,0,0,20.4121913909912,0,0,0,0,0,0,0,0,0,0,0,0,0,0,0,0,0,0,38.8959278643131,29.48955068805,5.32310518984688,4.90858522158864,4.22799187121184,16.3810630087125,7.45215683450385,17.7058580943516,4.01853475340973,3.73932605228205,21.2080812039583,23.8185222625732,0
0,0,0,0,0,0,0,0,0,0,0,0,0,0,0,0,0,0,0,0,0,0,0,0,0,0,0,0,0,0,0,13.9163284301758,9.05028414726257,6.25597978634145,0,14.5250883102417,7.33897314219451,3.82069325447083,5.17007419612858,0,0,0,0,0,0,0,0,7.15603934847708,11.9735176086426,20.2991407513618,0,0,0,0,0,0,0,0,0,0,0,0,0,0,0,0,26.3870363235474,0,0,0,0,0,0,0,17.3497438430786,14.9983759233267,9.31667584446227,5.20530631583618,15.7024294046255,7.68064664260686,18.8217927427853,4.96104184405131,4.57291761483902,3.61420267927432,72.711540222168,0,0
0,0,0,0,0,3.08057343959808,0,0,0,0,0,3.24613913664451,0,0,0,0,0,100.858360290527,0,4.1928145760169,0,0,0,0,0,0,0,0,0,0,0,5.48590782163768,9.07573021624399,3.21124430198585,14.5250883102417,0,4.88084313421993,6.00214091112261,0,29.4697067316841,0,39.3915231550062,61.0836915969849,64.8834533691406,0,14.3162780622157,34.9963035583496,5.55256742563043,14.2664175900546,22.9296151230438,0,0,0,0,0,0,0,0,0,0,0,0,6.64552560524691,0,0,0,0,0,0,0,0,0,66.5515530904134,0,4.3818046513641,10.4898739859696,9.3561266276796,20.5793762207031,6.0292139315754,5.66003358605689,6.11350395909587,0,5.15391621334965,2.74307604630788,17.8202035137684,0,0
0,0,11.0681441307068,0,29.3959415586371,0,0,0,0,0,3.31074477566613,0,0,0,0,0,0,96.478401184082,70.8639930725098,0,3.41377271562553,0,0,0,0,0,0,0,0,0,0,4.39078779609836,3.14676948624688,0,7.33897314219451,4.88084313421993,0,0,10.0644162824346,0,78.8766225179036,0,55.0066498976487,0,53.5881417014382,0,47.4401752531528,3.95443298922006,74.3122036933899,0,28.858850479126,0,0,0,0,0,73.6130574544271,0,0,0,0,0,0,20.4536393589951,0,0,0,0,0,0,0,0,0,72.0974464416504,8.11899789742061,5.33780245489004,20.3411738077799,5.36178009914902,5.86850957602871,7.06390131161913,0,5.21374673169592,4.87282092112804,5.81493186950684,48.3228355223133,0,64.0445346832275
0,0,0,0,0,0,0,0,0,6.85718825169865,0,3.71632958577974,0,0,0,0,0,0,0,4.05306368403965,0,4.10399873602095,0,5.10415404396057,0,0,0,4.34152712052067,0,4.85943880647716,0,0,0,5.39951931389285,3.82069325447083,6.00214091112261,0,0,3.73833605770237,0,0,12.0637076881541,0,0,0,16.5381792508639,0,7.87540461436859,0,7.94465816668581,0,0,0,0,0,8.23033923572964,0,4.0089278881736,0,0,0,0,7.1545627117157,0,7.20937635961516,0,9.01165595492945,0,0,0,4.96947324471396,0,5.62636683572013,0,0,0,6.74242957465371,4.58273550638786,6.98385847503968,0,5.60798316050928,3.74362417386503,5.03569413917473,4.34923126620631,8.9652351740448,15.2588076774891,0
0,0,0,0,0,0,0,0,8.65748419381876,27.5107765197754,3.72396678837599,0,0,0,0,0,0,0,0,0,3.67527473905812,3.16861541611808,8.82756158631099,0,3.65667911838083,0,0,0,3.02154295785087,0,3.05837238891215,0,0,7.91958906650543,5.17007419612858,0,10.0644162824346,3.73833605770237,0,0,0,0,7.42979009747505,0,0,0,55.9044303894043,5.3226670069052,7.17845124731193,25.6995677947998,0,0,0,0,6.0139554977417,0,4.20146965750913,0,0,0,0,0,0,7.12193083072054,3.08607620941965,5.83433646612973,0,6.05068659485869,0,0,0,8.49869541933307,0,3.22420382163894,0,0,6.8472086429596,6.79475009364218,0,11.7226646291423,12.6898766664358,5.42271305693185,5.39984936101721,3.55845598479947,8.27579510730246,0,0
0,0,0,0,0,49.8697167855722,0,0,0,0,0,0,0,0,0,0,76.3142013549805,55.4145579262385,47.0716800689697,36.3046928405762,0,0,0,0,0,0,0,0,0,0,0,6.07157802581787,0,0,0,29.4697067316841,0,0,0,0,0,27.9438093531926,30.6177386425911,30.3628207226189,0,28.3585545720476,0,17.8421079346112,18.2106033238498,18.7341738610756,0,0,0,0,0,0,0,52.8684508800507,0,0,0,67.0946502685547,31.0738722727849,0,0,0,0,0,0,0,0,0,57.1537808690752,0,58.6494760513306,0,0,0,24.1629467022894,80.2890227635701,46.9570850543122,72.3940734863281,38.6474988589599,0,26.1573940750534,28.3172725594562,87.3727188110352
0,0,42.0095100402832,0,48.0437063134235,0,0,0,76.5804824829102,0,0,0,0,0,0,60.5630493164062,55.639833904448,68.4512138366699,47.9683036272534,0,47.3521499633789,0,0,0,0,0,0,0,0,0,0,0,0,0,0,0,78.8766225179036,0,0,0,0,53.3041604849008,27.7543917606379,61.0716667175293,31.5166112780571,0,34.6394138142542,27.6375169754028,20.7635530189362,0,46.8347015380859,0,0,0,0,99.9805603027344,52.438484609127,0,0,0,0,54.6408653259277,0,19.4691774230737,0,0,0,0,0,0,0,0,0,54.5280397104663,0,0,0,0,68.4243711744036,26.1422598972522,59.9189224243164,35.3061447192968,38.6444105040038,0,25.8195818150007,42.4692535400391,36.3829621887207
0,12.2892933661543,0,21.3116860594486,0,48.0173674190746,0,0,0,14.0491822228503,0,0,0,0,0,36.3367733001709,62.3866949314024,42.7125348830272,30.2784545786046,46.3231002807617,0,24.6667518615723,0,27.7436672846476,0,47.8290367126465,0,0,0,0,0,0,0,21.9923071092175,0,39.3915231550062,0,12.0637076881541,0,27.9438093531926,53.3041604849008,0,19.2420259857306,26.5608319888204,33.7209453582764,25.9720596028565,49.6816163063049,26.1093260077543,52.7074264526367,22.5412592102536,0,0,0,0,0,40.7427252531052,63.0989360809326,19.6080379898203,0,0,34.5025444030762,39.1849892934163,19.7762747064662,0,37.3092803955078,0,60.7984580993652,0,28.6561641693115,65.3195495605469,29.5138448079427,0,26.8574394091316,76.1766341073172,33.7133658245356,0,21.4729120254517,0,30.7047616494636,58.291073186057,33.1170883836417,57.6858372407801,24.9630099339019,22.6675796508789,17.5188822422262,10.4482216672424,71.2415084838867
13.8668077985446,0,24.5454240125768,0,48.6495047397301,34.5185852050781,0,0,78.7318318684896,49.9668798446655,0,0,0,0,56.1339206695557,82.2432403564453,45.5511518067951,52.2400901982042,33.5916710096177,32.1641159057617,71.7822189331055,0,0,87.004280090332,0,0,53.0813102722168,0,0,0,0,0,0,0,0,61.0836915969849,55.0066498976487,0,7.42979009747505,30.6177386425911,27.7543917606379,19.2420259857306,0,39.973762512207,25.0638397251476,34.4018879380337,34.1198136778603,23.5276167869568,16.3669326337122,31.6095605996939,50.2192764282227,0,0,0,0,45.2366600036621,25.2648314976017,73.2094230651855,0,0,68.5450687408447,0,54.0377070109049,28.4503531145943,0,0,0,0,0,0,0,0,58.3748947143555,28.0917966548744,0,0,22.454309463501,0,57.4224113205732,30.9045398024495,47.6891690063477,28.488311987326,24.4187384203766,0,18.6461598753411,35.8413387026106,12.3635349280101
0,7.24318194389343,0,0,0,30.0767879486084,0,0,29.2127799987793,14.3642082214355,0,19.4006013870239,0,0,0,0,54.3694038391113,38.0691194534302,10.3476523079918,0,0,0,0,0,0,0,0,0,0,0,0,0,0,0,0,64.8834533691406,0,0,0,30.3628207226189,61.0716667175293,26.5608319888204,39.973762512207,0,0,14.0393901666005,0,42.2832775115967,0,36.8379225297408,0,0,0,0,0,84.4593353271484,0,18.2439316340855,0,0,0,0,22.2376346588135,0,0,0,0,0,0,0,0,0,22.627499593099,0,42.9620962142944,0,0,0,32.666898727417,79.4770355224609,26.2587792792288,0,25.7699983174151,0,18.2739046381921,23.0970673220498,0
0,0,0,0,0,0,0,0,0,0,0,0,0,0,0,0,31.8642444610596,34.0959968566895,21.8959364255269,0,19.3058547973633,0,0,0,0,0,0,0,0,0,0,0,0,0,0,0,53.5881417014382,0,0,0,31.5166112780571,33.7209453582764,25.0638397251476,0,0,0,14.8935378502155,0,30.5075511932373,0,0,0,0,0,0,0,22.4528412818909,0,0,0,0,0,0,32.8515043258667,0,0,0,0,0,0,0,0,0,22.2854159824432,0,0,0,0,54.9854955673218,33.4117283600603,42.7151412963867,27.9975322781851,15.0592817664146,0,22.3014967756823,0,50.8124446868896
0,0,0,9.71162424665509,0,17.1656868691538,0,0,0,34.9556159973145,0,13.6177810367785,0,0,0,0,98.9638080596924,57.9899559020996,34.2079619039403,12.5452701872674,0,66.1918411254883,0,0,0,0,0,0,0,0,0,0,0,0,0,14.3162780622157,0,16.5381792508639,0,28.3585545720476,0,25.9720596028565,34.4018879380337,14.0393901666005,0,0,0,34.5916470831091,27.2426302823153,34.2994285858879,0,0,0,0,0,52.8973617553711,0,16.5712771224976,0,0,0,0,9.60552916018254,0,0,0,0,0,0,0,20.3503360748291,0,21.0642532387343,61.2970161437988,40.0280807495117,0,0,0,25.7708168723602,77.8704652786255,19.6003610002415,0,27.2603484751875,0,14.8106259929016,29.1108365249634,0
18.4761772155762,0,9.84150097105238,0,19.2068769218995,0,16.035103225708,0,10.5684743881226,0,8.28486855824788,0,0,0,0,77.5916748046875,65.0980055067274,53.1273587544759,29.147851890564,0,13.3855199495951,0,0,0,0,0,0,0,0,0,0,0,0,0,0,34.9963035583496,47.4401752531528,0,55.9044303894043,0,34.6394138142542,49.6816163063049,34.1198136778603,0,14.8935378502155,0,0,46.8093454737059,38.132280758449,27.5800342559814,18.1661491394043,0,0,0,0,0,18.8256760176859,0,0,0,0,0,0,11.6558555147318,0,0,0,0,0,0,0,0,0,18.6663352022963,0,0,0,0,45.8382892608643,23.8388176929245,59.2765274047852,20.8182071933334,27.6874742412884,0,15.1778057294604,0,21.0882512972905
0,0,46.7967981610979,0,52.8798684512868,47.7814610799154,0,0,21.4004650115967,19.0020298957825,0,53.9627914428711,0,0,0,0,0,67.4164962768555,55.4099012374878,0,54.9468018668039,0,0,17.9525011777878,0,0,0,0,0,0,0,4.6966635988009,4.22278188296727,5.65895459609117,7.15603934847708,5.55256742563043,3.95443298922006,7.87540461436859,5.3226670069052,17.8421079346112,27.6375169754028,26.1093260077543,23.5276167869568,42.2832775115967,0,34.5916470831091,46.8093454737059,0,10.3093031346123,10.3415656160487,52.983856678009,0,0,0,0,0,61.7303657531738,53.8595782688686,0,0,0,0,41.7629809909397,51.4236494892775,23.5832042694092,0,16.9928012314965,17.1167999903361,0,0,0,0,60.5390064239502,64.8625925381978,5.00036476270573,8.04388402169009,8.67221434487443,7.41945405764296,8.97303427594254,12.823381351296,12.2191125441434,12.4071214364158,14.4937770303927,3.52073021077398,23.0919540593935,45.5895309448242,27.2818145751953
4.14379239704298,0,11.4278365633704,0,36.0953956931627,41.0529327392578,41.5203132629395,0,8.88085014479501,0,0,0,0,0,0,0,71.2271931966146,76.5851898193359,54.8937832161232,37.6764011383057,44.4163648817274,0,9.29317334982065,0,11.8277540206909,0,0,0,0,0,0,16.1785917282104,0,20.5285336038341,11.9735176086426,14.2664175900546,74.3122036933899,0,7.17845124731193,18.2106033238498,20.7635530189362,52.7074264526367,16.3669326337122,0,30.5075511932373,27.2426302823153,38.132280758449,10.3093031346123,0,8.56468920948125,45.3866828571666,0,0,0,10.8607101036656,0,50.2256264094765,53.3687286376953,0,0,0,0,37.2922368049622,44.0734420427816,0,5.98854705561762,0,4.43206531206767,0,0,0,0,52.4978851318359,58.7216423980328,0,0,22.940283540177,15.9426851868629,21.8829855322838,21.7367053249631,26.0762040045954,12.1119320562908,23.6469230365401,0,21.8083034276545,0,30.0346813201904
0,10.1635653790104,0,9.21539699725616,0,48.905332298689,0,0,0,10.528101729565,0,54.1082725524902,0,0,0,77.9536972045898,44.0385398864746,65.8645024980817,53.6604862856061,42.5754160630076,0,6.09060482978821,0,5.28981653126803,0,0,0,0,0,0,0,7.56276875275832,0,7.09495520591736,20.2991407513618,22.9296151230438,0,7.94465816668581,25.6995677947998,18.7341738610756,0,22.5412592102536,31.6095605996939,36.8379225297408,0,34.2994285858879,27.5800342559814,10.3415656160487,8.56468920948125,0,0,0,0,0,0,10.8978277206421,0,56.7963359015329,0,0,0,38.366943359375,43.1009760514284,44.6381454467773,9.31550146179435,0,6.37117589856477,0,4.138569633166,0,5.99093817397592,0,35.2910781435592,0,26.6389164924622,0,5.79096180742437,22.9758522510529,22.3314852360576,42.8072021190937,11.7016827659621,23.4130813777447,32.0051874006885,0,22.422991695463,37.1025465184992,0
12.2157459599631,0,7.47545644972059,0,4.75021530963756,0,0,0,11.3764245212078,0,0,0,0,0,0,0,0,0,0,0,0,0,0,0,0,0,0,0,0,0,0,0,0,0,0,0,28.858850479126,0,0,0,46.8347015380859,0,50.2192764282227,0,0,0,18.1661491394043,52.983856678009,45.3866828571666,0,0,0,0,0,7.33620719859997,0,2.99958668814765,0,4.25182426125435,0,5.83320935343353,0,0,10.8164375168937,0,0,0,0,0,0,0,0,0,37.8141593933105,0,0,0,0,0,19.9507284164429,0,0,30.8826133728027,0,6.60100207159755,0,0
0,13.3831817763192,0,6.02033364772797,0,3.43333289358351,0,0,0,9.71299202101571,0,0,0,0,0,0,0,0,0,0,0,0,0,0,0,0,0,0,0,0,0,0,0,0,0,0,0,0,0,0,0,0,0,0,0,0,0,0,0,0,0,0,0,0,0,4.15844345092773,0,0,0,4.12082334031764,0,0,0,0,0,0,0,0,0,0,0,0,0,0,0,0,0,0,0,0,0,0,0,0,16.2210712432861,0,0
0,0,0,0,0,0,2.88545224666595,0,0,0,0,0,0,0,0,0,0,0,0,0,0,0,0,0,0,0,0,0,0,0,0,0,0,0,0,0,0,0,0,0,0,0,0,0,0,0,0,0,0,0,0,0,0,0,0,0,2.97712060984443,0,0,0,0,0,0,0,0,0,0,0,0,0,0,0,0,0,0,0,0,0,0,0,0,0,3.12125419486653,0,0,0,0
0,0,0,0,0,0,0,3.69626044568995,0,0,0,5.49251508712769,0,3.47609025239944,0,0,0,0,0,0,0,0,0,0,0,0,0,0,0,0,0,0,0,0,0,0,0,0,0,0,0,0,0,0,0,0,0,0,0,0,0,0,0,0,0,0,0,6.28022153704774,0,3.80610289940467,0,0,0,0,0,0,0,0,0,0,0,0,0,0,0,0,0,0,0,0,0,0,4.08743671270517,0,0,0,0
6.18135996792382,0,11.0388758603264,0,7.93382519413443,0,0,0,5.77424550252822,0,0,0,0,0,4.88966612111438,46.2233734130859,14.6764235496521,36.0807771046956,14.773712793986,0,0,0,0,0,10.0000474178791,0,4.69755094250043,0,0,0,0,0,0,0,0,0,0,0,6.0139554977417,0,0,0,0,0,0,0,0,0,10.8607101036656,0,7.33620719859997,0,0,0,0,56.1165084838867,0,0,0,0,8.11834473251015,0,0,0,0,0,0,10.4408115100339,0,0,0,0,0,0,0,0,0,0,0,0,0,7.96261486821218,9.5801198947124,7.59380054473877,10.7365171704973,0,0
0,7.72372793502548,0,6.95166532198588,0,3.96673193322607,0,0,39.0713235855103,5.90383152816434,0,0,0,0,32.423412322998,5.24596259710768,33.5469625336783,21.6353560857921,22.7836151834744,0,0,21.7313194274902,0,10.4501441062951,32.9648995399475,14.672975063324,37.9968989236014,0,0,0,0,0,0,20.4121913909912,0,0,0,8.23033923572964,0,0,99.9805603027344,40.7427252531052,45.2366600036621,84.4593353271484,0,52.8973617553711,0,0,0,10.8978277206421,0,4.15844345092773,0,0,56.1165084838867,0,0,0,0,0,32.589937210083,7.5309380108202,0,0,0,0,6.19016878156854,0,18.5550295966012,31.2626078679011,0,0,0,0,0,0,0,0,62.7696418762207,66.536792755127,9.29483722385607,0,18.0266715000837,0,9.72362538225511,0,0
9.54804662259898,0,28.7829364670648,0,31.674623799324,0,3.515032403495,0,0,0,4.74766981824446,0,3.71160171605364,0,4.86124229431152,0,0,0,46.8539115681368,0,3.69859627357819,0,0,0,0,0,0,0,3.66122574806213,0,4.23951328746856,0,0,0,0,0,73.6130574544271,0,4.20146965750913,0,52.438484609127,63.0989360809326,25.2648314976017,0,22.4528412818909,0,18.8256760176859,61.7303657531738,50.2256264094765,0,2.99958668814765,0,2.97712060984443,0,0,0,0,0,5.48337004891592,0,8.17826214096763,0,0,9.0823971329473,0,0,0,0,0,0,0,7.49692408243815,0,4.32028416906084,0,0,0,0,55.7630195617676,51.3536915833923,0,19.3680180727049,12.778329260209,0,16.3489914516426,0,15.182968069654
0,6.37097423160777,0,32.0440406799316,0,0,0,4.45283960874102,0,0,0,3.93278643086707,0,4.21683259010315,0,0,0,85.5520172119141,52.0425345102946,5.79671118152675,0,0,0,0,0,0,0,0,0,0,0,0,0,0,0,0,0,4.0089278881736,0,52.8684508800507,0,19.6080379898203,73.2094230651855,18.2439316340855,0,16.5712771224976,0,53.8595782688686,53.3687286376953,56.7963359015329,0,0,0,6.28022153704774,0,0,0,0,0,6.05906125239968,0,8.04962862383935,9.00632290127257,0,0,0,0,0,0,0,5.24856803152296,0,5.60705791602131,0,0,0,0,0,54.0681970441664,90.7246627807617,7.53761488983506,0,19.4820418080618,0,11.7553094652647,14.3726404997019,0
6.02915471447401,0,2.73173975944519,0,2.95823515454928,0,0,0,0,0,4.85612392425537,0,3.38399288988761,0,3.41478751954578,0,0,0,0,0,0,0,0,0,0,0,0,0,2.89605736732483,0,0,0,0,0,0,0,0,0,0,0,0,0,0,0,0,0,0,0,0,0,4.25182426125435,0,0,0,0,0,5.48337004891592,0,0,0,4.65315425452822,0,0,0,0,0,0,0,0,6.42208061471653,0,4.18267152365297,0,0,0,0,0,0,0,0,0,0,3.01888343752647,2.96557116508484,10.2879857420921,0,0
0,7.05060386657715,0,0,0,0,0,3.44683680226726,0,0,0,2.85192239284515,0,3.85175073941549,0,3.22042047002099,0,0,0,0,0,0,0,0,0,3.58689737319946,0,3.21808117628098,0,0,0,0,0,0,0,0,0,0,0,0,0,0,0,0,0,0,0,0,0,0,0,4.12082334031764,0,3.80610289940467,0,0,0,6.05906125239968,0,0,0,3.70765062827098,0,0,0,0,0,0,0,0,2.924496616636,0,0,0,0,0,0,0,0,0,0,0,4.41678909821944,0,0,0,0
5.76554985841115,0,4.01721334457397,0,5.40374612808228,0,0,0,10.3919952624553,44.0514678955078,0,0,2.88101687413805,0,4.42201265887679,0,10.961213244812,36.1109321382311,26.1085986883744,0,0,41.105396270752,0,34.6143112182617,23.1398010253906,34.9535795847575,17.7891221727644,0,0,0,0,0,0,0,0,0,0,0,0,0,0,34.5025444030762,68.5450687408447,0,0,0,0,0,0,0,5.83320935343353,0,0,0,8.11834473251015,32.589937210083,8.17826214096763,0,4.65315425452822,0,0,0,0,0,0,0,0,0,45.4361619949341,11.4727348259517,0,0,0,0,0,0,0,0,0,0,0,52.2110786437988,10.229393793477,3.65479643180453,0,0,0
0,4.95249745580885,0,0,0,0,0,0,49.7403246561686,10.4397846804215,0,0,0,4.01097582145171,59.5666770935059,5.4704679186855,41.9901936408317,21.510246201082,24.4706700977526,0,0,24.0414056777954,0,24.7418831155655,33.4795341491699,7.03476079109267,45.0994631449381,0,0,0,0,0,0,0,0,0,0,0,0,67.0946502685547,54.6408653259277,39.1849892934163,0,0,0,0,0,0,0,38.366943359375,0,0,0,0,0,7.5309380108202,0,8.04962862383935,0,3.70765062827098,0,0,0,0,32.4542617797852,0,26.0824081420898,0,20.6333045387268,41.6185436248779,0,0,0,0,0,0,0,0,0,0,0,61.0324516296387,21.7615210751819,27.8077189922333,18.4671751658122,32.2129554748535,0
0,0,0,11.8228750228882,0,10.9576364334892,0,0,0,0,0,8.25849228982986,0,0,0,0,0,61.6338768005371,61.5226285117013,4.50099948942661,0,0,0,0,0,0,0,0,0,10.0941832860311,0,0,0,0,0,6.64552560524691,0,7.1545627117157,0,31.0738722727849,0,19.7762747064662,54.0377070109049,22.2376346588135,0,9.60552916018254,0,41.7629809909397,37.2922368049622,43.1009760514284,0,0,0,0,0,0,0,9.00632290127257,0,0,0,0,0,0,0,0,0,0,0,0,18.2767278353373,0,15.4875432398096,0,0,0,0,0,8.63171473781148,0,12.243590657711,0,12.1134937560305,0,9.4466129345972,22.407849362022,0
0,0,18.4534997940063,0,10.3334702607921,0,7.90670994825141,0,74.3920822143555,0,4.73037494101175,0,0,0,0,0,68.6758689880371,84.2916564941406,54.6964091676654,0,4.38160999636901,0,0,0,0,0,0,0,0,0,11.7811899185181,0,0,0,0,0,20.4536393589951,0,7.12193083072054,0,19.4691774230737,0,28.4503531145943,0,32.8515043258667,0,11.6558555147318,51.4236494892775,44.0734420427816,44.6381454467773,10.8164375168937,0,0,0,0,0,9.0823971329473,0,0,0,0,0,0,0,0,0,0,0,0,0,0,0,0,11.8416335893298,0,0,0,0,40.2622261047363,11.5566742839454,0,12.1885624358101,12.5818021130064,14.9560059309006,11.357184681997,0,22.3760238329569
0,0,0,0,0,0,0,0,0,33.8163725535075,0,0,0,0,0,0,19.9590709606806,8.43224296170709,33.2762985229492,0,0,4.93194340265329,4.50073429516384,11.3686423238955,0,6.47790520531791,0,3.36622937999923,0,0,0,0,0,0,0,0,0,7.20937635961516,3.08607620941965,0,0,37.3092803955078,0,0,0,0,0,23.5832042694092,0,9.31550146179435,0,0,0,0,0,0,0,0,0,0,0,32.4542617797852,0,0,0,3.7843211889267,5.38282712782272,0,6.11822539829072,32.6178131103516,6.90889946447277,0,0,0,0,0,24.2661581039429,0,0,0,8.81007934176583,0,4.99855717674631,28.2639726003011,22.7751607894897,0,0
0,0,0,0,0,0,0,0,0,0,0,0,0,0,0,0,0,0,0,0,0,4.7323358323839,4.0156312796453,0,5.260801742695,0,3.09994975090027,0,2.9593448638916,0,0,0,0,0,0,0,0,0,5.83433646612973,0,0,0,0,0,0,0,0,0,5.98854705561762,0,0,0,0,0,0,0,0,0,0,0,0,0,0,0,3.7843211889267,0,0,5.62342871152438,0,5.35769099697713,0,0,0,0,0,0,0,0,0,0,0,9.29894798142569,3.5669608546085,2.96130418777466,0,0,0
0,12.7064446040562,0,0,0,0,0,0,40.1723917180842,18.0529879842486,0,0,0,0,42.9880523681641,26.1181520734515,30.1760321763846,17.7863435800048,31.51184565265,0,0,4.59961941357582,0,3.65105379518421,17.1412976582845,6.06561880400687,24.2449843088786,0,0,0,0,0,0,0,26.3870363235474,0,0,9.01165595492945,0,0,0,60.7984580993652,0,0,0,0,0,16.9928012314965,0,6.37117589856477,0,0,0,0,0,6.19016878156854,0,0,0,0,0,26.0824081420898,0,0,5.38282712782272,0,0,0,4.59677243117734,27.8033974965413,7.83777770072378,0,0,0,0,0,20.7467384338379,0,0,0,6.25059996687048,0,13.209450817838,23.252387046814,8.59611431522482,0,0
18.7527122497559,0,0,0,0,0,0,0,9.00659071572936,0,0,0,0,0,0,0,0,0,5.68125534057617,0,0,0,5.91008180379868,0,4.87259443572989,0,3.83521933322186,0,0,0,0,0,0,0,0,0,0,0,6.05068659485869,0,0,0,0,0,0,0,0,17.1167999903361,4.43206531206767,0,0,0,0,0,10.4408115100339,0,0,0,0,0,0,0,0,0,0,5.62342871152438,0,0,0,3.92538502958954,0,0,0,0,0,0,0,0,0,0,0,7.59948460261027,4.76198328068826,0,11.5232392391527,0,12.3457913398743
0,0,0,0,0,0,0,0,44.0754257202148,23.7609902143478,0,0,0,0,28.2816925048828,19.7370003819466,33.642956888108,12.8040059099772,35.4194053526848,0,0,8.51965963455939,0,7.83469635993242,35.7925682067871,7.05501422875047,0,2.73453211784363,0,0,0,0,0,0,0,0,0,0,0,0,0,28.6561641693115,0,0,0,0,0,0,0,4.138569633166,0,0,0,0,0,18.5550295966012,0,0,0,0,45.4361619949341,20.6333045387268,0,0,6.11822539829072,0,4.59677243117734,0,0,33.1135177612305,5.31460199224083,0,0,0,0,0,0,0,0,0,0,0,17.1737222595648,19.2591722011566,0,0,0
0,0,0,0,0,0,0,0,18.2405038613539,34.4105027516683,0,0,0,0,25.4104200090681,48.1445251464844,10.6491643805937,30.9619034661187,35.3880226347182,0,0,0,5.83741577120795,23.7244358062744,5.55115044667171,35.6044502258301,5.26267282168071,0,0,0,0,0,0,0,0,0,0,0,0,0,0,65.3195495605469,0,0,0,0,0,0,0,0,0,0,0,0,0,31.2626078679011,0,0,6.42208061471653,0,11.4727348259517,41.6185436248779,0,0,32.6178131103516,5.35769099697713,27.8033974965413,3.92538502958954,33.1135177612305,0,0,7.41056060791016,0,0,0,0,0,0,75.0430068969727,94.5803858439128,0,0,19.678558176639,22.5697288513184,0,0,0
0,0,0,0,0,0,0,0,0,0,0,0,0,0,0,0,0,3.46220566749573,0,0,0,9.86812476224678,0,0,0,6.2193630309332,0,4.58554966908073,0,4.58848810195923,0,0,0,0,0,0,0,4.96947324471396,0,0,0,29.5138448079427,0,0,0,20.3503360748291,0,0,0,5.99093817397592,0,0,0,0,0,0,0,5.24856803152296,0,2.924496616636,0,0,18.2767278353373,0,6.90889946447277,0,7.83777770072378,0,5.31460199224083,0,0,0,3.91325385759303,0,0,0,0,0,0,0,8.81666724654502,0,3.5372731950548,2.96413135528564,7.96956872940063,0,0
0,0,0,0,0,0,0,0,0,0,0,0,0,0,0,0,0,0,0,0,0,0,2.95210003852844,0,0,0,2.94361257553101,0,3.44372131607749,0,6.09372441739029,0,0,0,0,0,0,0,8.49869541933307,0,0,0,0,0,0,0,0,0,0,0,0,0,0,0,0,0,7.49692408243815,0,4.18267152365297,0,0,0,0,0,0,0,0,0,0,7.41056060791016,0,0,0,5.96250732272279,0,0,0,0,0,0,0,5.91062212767808,2.82095813751221,0,0,0,0
0,0,0,0,0,39.1348686218262,0,0,0,27.8554134368896,0,5.29611024611136,0,0,0,0,0,57.3379264244666,52.7788812169489,8.96806395896757,0,0,0,0,0,0,0,3.7142531758263,0,4.35574874442977,0,0,0,0,0,66.5515530904134,0,5.62636683572013,0,57.1537808690752,0,26.8574394091316,58.3748947143555,22.627499593099,0,21.0642532387343,0,60.5390064239502,52.4978851318359,35.2910781435592,0,0,0,0,0,0,0,5.60705791602131,0,0,0,0,15.4875432398096,0,0,0,0,0,0,0,3.91325385759303,0,0,0,0,0,0,0,53.7022230391069,89.7201061248779,10.3642118081942,69.8664016723633,43.3715262310846,0,21.0910487576996,18.5483247540854,0
0,0,35.2354555996982,0,40.2713775634766,0,0,0,0,0,3.1472327709198,0,0,0,0,0,64.5661841498481,55.2534885406494,49.6257769844749,0,7.3969505528609,0,0,0,0,0,0,0,8.71184402245742,0,4.19454992925042,0,0,0,0,0,72.0974464416504,0,3.22420382163894,0,54.5280397104663,76.1766341073172,28.0917966548744,0,22.2854159824432,61.2970161437988,18.6663352022963,64.8625925381978,58.7216423980328,0,37.8141593933105,0,0,0,0,0,4.32028416906084,0,0,0,0,0,0,11.8416335893298,0,0,0,0,0,0,0,5.96250732272279,0,0,0,0,0,0,73.0994415283203,53.2570250785514,0,13.8713486323803,40.3661570974759,0,19.7610352336736,51.165657043457,18.5967871468022
