0,0,0.087141171383821,0,0,0,0,0,0.0105942967912864,0,0,0,0,0,0,0,0.000153656967517842,0,0.000434047308515124,0,0,0,0,0,0,0,0,0,0,0,0,0,0,0,0,0,0,0,0.000186437734772925,0,0,0,0.00741712383844963,0,0,0,0,0,0.0200963958420308,0,0,0,0,0,0.00257171063853715,0,0,0,0,0,0,0,0,0,0,0,0,0,0,0,0,0,0,0,0,0,0,0,0,0,0,0,0.00240406379659797,0,0.0035387409114,0,0.00452600097096663
0,0,0,0.230416331557823,0,0,0,0,0,0.00526954479044572,0,0,0,0,0,0,0,0,0.0021375527389712,0,0,0,0,0,0,0,0,0,0,0,0,0,0,0,0,6.98787485224387e-05,0,0,0,0,0,0.00558899300576936,0,0,0,0,0,0,0,0.0599039232509562,0,0,0,0,0,0.0513096865651213,0,0.00164429975737444,0,0,0,0.00420535143110228,0,0,0,0,0,0,0,0,0,0,0,0,0,0,0,0,0,0,0,0,0.002032312436482,0,0.00923579264441666,0.0081605457701828,0
0.087141171383821,0,0,0,0.0186607612265706,0,0,0,0.00125192078416055,0,0,0,0,0,0,0,0,0,0.000264051586034883,0,0,0,0,0,0,0,0,0,0,0,0,0,0,0,0,0,0.000623372113238155,0,0,0,0,0,0.00305694873739679,0,0.0017172195320415,0,0.00277360705399083,0,0.0514558813566934,0,0,0,0,0,0.0124951383888179,0,0,0,0,0,0,0,0,0,0,0,0,0,0,0,0,0,0,0,0,0,0,0,0,1.93930814662091e-05,0,0,0.00164312852824517,0,0.0277374863750494,0,0.00631463591272085
0,0.230416331557823,0,0,0,0.0688879778458037,0,0,0,0.0138652187014217,0,0,0,0,0,0.00500686370792176,0,0,0.00233913833505205,0,0,0,0,0,0,0,0,0,0,0,0,0,0,0,0,0.000763321357903137,0,0,0,0,0,5.94232043443577e-05,0,0,0,0.000477385082076759,0,0,0,0.105641577532348,0,0,0,0,0,0.00463423866956703,0,0,0,0,0,0.00876037622354778,0,0,0,0,0,0,0,0,0,0,0,0,0,0,0,0,0,0,2.4513987427725e-05,0,0.00112136423062339,0,0.0187600327878769,0.00189690821470207,0
0,0,0.0186607612265706,0,0,0,0.00185614766909247,0,0.00028554570269082,0,0,0,0,0,0,0,0,0,0,0,0,0,0,0,0,0,0,0,0,0,0,0,0,0,0,0,8.05378044357321e-06,0,0,0,0,0,0,0,0,0,0,0,0,0,0.00215520350705656,0,0.0142288414918134,0,0,0,0,0,0,0,0,0,0,0,0,0,0,0,0,0,0,0,0,0,0,0,0,0,0,0,0,0,0.000311030492317767,0,0.000170087609553779,0,0
0,0,0,0.0688879778458037,0,0,0,0,0,0.00189941217013647,0,0,0,0,0,0,0,0,0,0,0,0,0,0,0,0,0,0,0,0,0,0,0,0,0,0.00132784723267043,0,0,0,0,0,0,0,0,0,0,0,0,0,0,0,0.043621962988751,0,0,0,0.00106387217501905,0,0.00795547643455745,0,0,0,0,0,0,0,0,0,0,0,0,0,0,0,0,0,0,0,0,0.000547345241965868,0,0,0,0.00101723914733418,0,0.00036115391185795,0,0
0,0,0,0,0.00185614766909247,0,0,0,0,0,0.000122394103439418,0,0,0,0,0,0,0,0,0,0,0,0,0,0,0,0,0,0,0,0,0,0,0,0,0,0,0,0,0,0,0,0,0,0,0,0,0,0,0,0.000844906433009572,0,0.208999800183647,0,0,0,0.0118735404125159,0,0.000158191933760053,0,0,0,0,0,0,0,0,0,0,0,0,0,0,0,0,0,0,0,0,0,0,0,0.0010977587261456,0,0,0,0
0,0,0,0,0,0,0,0,0,0,0,0,0,0.000728356009275389,0,0,0,0,0,0,0,0,0,0,0,0,0,0,0,0,0,0,0,0,0,0,0,0,0,0,0,0,0,0,0,0,0,0,0,0,0,0,0,0.101302304354119,0,0,0,0.005003075035296,0,0.000807199346769373,0,0,0,0,0,0,0,0,0,0,0,0,0,0,0,0,0,0,0,0,0,0,0,0,0,0,0
0.0105942967912864,0,0.00125192078416055,0,0.00028554570269082,0,0,0,0,0.0182661734536184,0.000108342129813632,0,0,0,0.0156423406527793,5.29365481196724e-05,0.0592992325022244,0.00997965631590156,0.0254513044476886,0,0,7.6487960519002e-06,0,0.00796625477220412,0.0810739192274643,0,0.104109237184747,0,0,0,0,0,0,0,1.59773063623477e-05,0.000102998530576259,0.000652113685894807,0,0.00160840095762749,0.000546767354629253,0.00113920715312506,0.00122116738249572,0.0286694337090615,0.00224220971329875,0.000130168856116559,0.00057510460643366,1.83446534654037e-05,0.00027101612672777,0.0010086967380757,0.000293010297498682,0.000567740037197995,0,0,0,0.115907161751522,0.00996450868149835,0,0,0,0,0,0,0,0.000128033193792273,0,0,0.000610980241134516,0.0425542708448236,3.23481133396386e-05,0.0139110890437538,0,0,0.000439443390218369,0,0,0,0,0,0.000677396195785403,0.000927870402008989,0.000421911456319054,0.000279570881689336,0.0120435134476857,3.44790220981265e-06,0.00271219158553674,0,0.00532940993073012
0,0.00526954479044572,0,0.0138652187014217,0,0.00189941217013647,0,0,0.0182661734536184,0,2.84893325118501e-05,0,0,0,4.36625321651712e-05,0.0363761602348448,0.00720018257475271,0.0142395855011665,0.00711597062136645,0,2.82182289506605e-05,0.000301346550050805,0,0.0892350607635751,0.000949618412984957,0.0156152584470496,0,0,0,0,0,0,0,0,0,0.00041264898334274,2.17287987511789e-05,0,8.14239769546477e-06,0,0.000297495989944064,0.000333722523842577,0.000272781126379257,0.000836403375987518,0,0,0,0.000461507592364484,0,0.000157676031104476,0,0,0,0,0.0117909885218739,0.073020091375194,0,0,0,0,0,0.00231587743631924,2.07630447734142e-05,0,9.72730012218423e-05,0,0.0316486489174946,0,0.00645244814301597,0,0,0,0,0.000534977652055457,0,0,0,0,9.10628761982275e-06,0.000343184341880653,4.9269962827482e-05,7.62567076640383e-05,0.00554291270063799,0,0.000385414867372769,0,0
0,0,0,0,0,0,0.000122394103439418,0,0.000108342129813632,2.84893325118501e-05,0,0,8.04990922915749e-05,0,3.16896853742681e-05,0,8.13529556312155e-05,1.87720564165782e-05,0.00100279174884133,0,0.00318020246201611,0,0,0,2.29763434694196e-05,0,0,0,0,0,0.000321181219177106,0,0.000300063574009597,0,0.000684794419798018,2.57175511496179e-05,0.00184298157749084,0,0.00482439619692206,5.44413981755799e-05,0.001056748896037,0.000173886997629757,0.0131018703559288,0.000570574199652849,0,0,0.0102580099086435,0.000808943275586343,0.00181706281091258,0.00043334440972499,0,0,0.00101615207442537,0,2.35543180585279e-05,3.19506721082436e-05,0.0290362184598801,0,0,0,0,0,0,0.01857815852765,0,0,0,0,0,0,0,0,0,0.00103155643569917,0,4.44001145318018e-05,0,0.000905823641812577,6.02226603002146e-05,0.000811586188202695,9.74146378470743e-06,0.000509561000920137,0.000961708336204646,0,0.00755310299279278,0,0.0111133861212761
0,0,0,0,0,0,0,0,0,0,0,0,0,0,0,0,0,0,0.000106495707794037,0.00243287931036763,0,0,0,0,0,0,0,0,0,0.0091269983466136,0,0,0,2.36913905090708e-05,0,0.00353132297493641,0,0.0127441829955697,0,0,0,5.83835277004618e-05,0,0,0,5.95006795840606e-05,0,0,0,0.000151575465636285,0,0,0,0.00985353206232958,0,0,0,0.0987012570252163,0,0,0,0,0.0020118968780231,0,0,0,0,0,0,0,0,0,0.00458911584679067,0,0,0,0,0,3.47369346577766e-05,0,0.0073075224148867,0,0.00264445220763783,0,6.01019149282478e-06,0,0
0,0,0,0,0,0,0,0,0,0,8.04990922915749e-05,0,0,0,0,0,0,0,0,0,0,0,0,0,0,0,0,0,0,0,0,0,0,0,0,0,0,0,0,0,0,0,0,0,0,0,0,0,0,0,0,0,0,0,0,0,0,0,0.0148651004197407,0,0,0,0,0,0,0,0,0,0,0,0,0,0,0,0,0,0,0,0,0,0,0,0.000170775992486786,0,0,0,0
0,0,0,0,0,0,0,0.000728356009275389,0,0,0,0,0,0,0,0,0,0,0,0,0,0,0,0,0,0,0,0,0,0,0,0,0,0,0,0,0,0,0,0,0,0,0,0,0,0,0,0,0,0,0,0,0,0.000848050641636851,0,0,0,0.000193195116670916,0,0.0507265214199499,0,0,0,0,0,0,0,0,0,0,0,0,0,0,0,0,0,0,0,0,0,0,0.000293915591349414,0,0,0,0
0,0,0,0,0,0,0,0,0.0156423406527793,4.36625321651712e-05,3.16896853742681e-05,0,0,0,0,0,0.00435254343810998,0.000239640447727195,0.000137826513783956,0,0,0,0,0,0.00172093759941685,0,0.01220795710579,0,0,0,0,0,0,0,0,0,0,0,0,0,0,0,1.22254598943158e-05,0,0,0,0,0,0,0,0,0,0,0,0.00460138986580542,0.000499623078677831,0,0,0.00370435149099057,0,0,0,0,0,0,0,0,0,0,0.00507885581087872,0,0,0,0,0,0,0,0,0,2.94567462254353e-06,0,6.85298567463556e-06,0.00018556815469411,0,1.34263698856364e-05,0,0
0,0,0,0.00500686370792176,0,0,0,0,5.29365481196724e-05,0.0363761602348448,0,0,0,0,0,0,0,0.00520028166082266,0.000187872880281397,0,0,0,0,0.015858165489466,0,0.065807666844254,0,0.000799484042379705,0,0,0,0,0,0,0,0,0,0,0,0,0,0,0,0,0,0,0,0,0,0.00464631146585903,0,0,0,0,0,0.00712680551868801,0,0,0,0,0,0.0127447172164715,0,0,0,0,0,0,0.0540148299983693,0,0.000341779645459207,0,0,0,0,0,0,0,0,0,0,0,0.000523372798560257,0,0,0,0
0.000153656967517842,0,0,0,0,0,0,0,0.0592992325022244,0.00720018257475271,8.13529556312155e-05,0,0,0,0.00435254343810998,0,0,0.15762080428098,0.0385580156892601,6.25174849143038e-06,0,0,1.68082262825042e-05,0.00382328791864191,0.00489041130621975,7.96564579942353e-05,0.00190069468887907,0,0,0,5.27540115686365e-06,0,0,3.16364431287664e-06,7.47005311535687e-06,0.000413273526371462,0.000192881186562356,0,0.000465587922182524,0.00114558192534185,0.00103628297773226,0.00142868862031505,0.000939050391368513,0.000559851092611836,0.000325664892867548,0.000114526108300269,0.000170279500972363,1.0877896782514e-05,0.000139362770596028,1.26317964392199e-05,0,0,0,0,0.0112680659496767,0.00467480966887541,7.34093224140717e-06,3.87334267547056e-05,0,0,0,0,7.47384630372002e-05,2.0718365328747e-05,0,0,4.56405948405171e-05,0.00176636326334663,2.14996805506448e-05,6.50416072487736e-05,0,0,0.000249069588911804,5.69343829650188e-06,0,0,3.89906573008327e-06,1.82666946537272e-05,0.00178550499765796,0.00259650796435952,0.000761470257512042,0.000586565792102849,0.0349716529585656,0.000658488894170705,0.0019795386159342,0.000357313209707907,1.46601411723866e-05
0,0,0,0,0,0,0,0,0.00997965631590156,0.0142395855011665,1.87720564165782e-05,0,0,0,0.000239640447727195,0.00520028166082266,0.15762080428098,0,0.0609719316091934,1.62056009969674e-05,0,0.000173284629326319,0,0.00952573302923653,0.00151057591225285,0.0184900066988685,0.000465100927200831,0,0,0,0,0,0,0,9.12238007936848e-06,0.000287122131280103,0.000150694312330005,0,5.55869635091809e-05,0.000235306389173174,0.000548216008830849,0.000963196007232697,0.00077208806336453,0.00132353198765078,0.000304546391561566,0.000193948245896774,0.000119305309128494,1.79629356840097e-05,6.83453686802777e-05,3.7956243865454e-05,0,0,0,0,0.00365040491835761,0.00771973822657908,4.64300600965493e-06,7.77068899774714e-06,0,0,0,0.000150364210990602,0.000166117935954828,3.07382096804737e-05,0,0,0.00043428374358077,0.000225606573581217,0.0110453601370562,0,0,0,0.00017666771945789,0,0,4.78529483549013e-06,5.9378714907835e-06,0,0.00134676723553575,0.00152561956839752,0.000380932419159665,0.000301197644504944,0.0266086780081076,0.000843623999179405,0.00182037009039779,0.000494447044668344,0
0.000434047308515124,0.0021375527389712,0.000264051586034883,0.00233913833505205,0,0,0,0,0.0254513044476886,0.00711597062136645,0.00100279174884133,0.000106495707794037,0,0,0.000137826513783956,0.000187872880281397,0.0385580156892601,0.0609719316091934,0,0.000229037600642454,6.07313555557798e-05,7.4794868127389e-06,0,0.00211571245196061,0.00121997425217642,0.000119219201079396,0.00081795596834829,0,0,0,0.000189355006092887,1.86094112247708e-05,0,0.000289774107145664,0.000403913807540739,0.00302638432200936,0.00191768545001238,8.48428086640927e-06,0.00103402574138759,0.0105170264248091,0.0151493777791777,0.0236763794246277,0.0188888031264666,0.0110564136571887,0.00128016906323314,0.0019046227328685,0.00191627699194039,0.000840461744780157,0.00157026799030457,0.00210855175368918,0,0,0,0,0.0030137024496346,0.00184031190690281,5.22963104678873e-05,0.000258907465162136,0,0,0,0,0.000663872394674929,0.000571695601623806,0,0,5.33069599008371e-05,0.000195820548828176,0,0,0,0,0.000744022806140666,9.14123022897591e-05,0.000113824317526728,9.92403600381123e-05,0.00102792221945825,0.000295327587477532,0.0160737477533532,0.0219218791086737,0.0038405769837684,0.00446322657548046,0.0121880110507517,0,0.0349178360692396,0.00515910702220527,0.000693015912803607
0,0,0,0,0,0,0,0,0,0,0,0.00243287931036763,0,0,0,0,6.25174849143038e-06,1.62056009969674e-05,0.000229037600642454,0,0,0,0,0,0,0,0,0,0,0.000341243987726182,0,0,0,0,2.35767541930752e-05,0.00753243198095567,0,0.000200274336209028,0,0.000197865707581458,0,0.000889804817446012,0,0.000141158272858967,0,0.00940011518541363,0,0.000133188033245779,0,0.000684397897138473,0,0,0,0,0,0,0,0.0141543227551001,0,0,0,0,0.120777983501125,0,0,0,0,0,0,0,0,0,0.0140919291000565,0,0.000736036960640007,0,0.000251661318817042,2.41469588945021e-05,0.00409504636290859,0,0.0171912635153734,0,0.00219196688600179,4.38928628488921e-05,0.000495107948856333,0.000586723045873988,0
0,0,0,0,0,0,0,0,0,2.82182289506605e-05,0.00318020246201611,0,0,0,0,0,0,0,6.07313555557798e-05,0,0,0,0,0,0,0,0,0,0,0,0.000107177267028003,0,0,0,9.84336120711538e-05,0,0.00411852446005281,0,0.00203276399400593,0,0.00063431189829598,9.93740091199269e-06,0.00019788969001499,0,0,0,0.0210741785148708,6.89188688025881e-05,0.000333578287634971,0.000181013484660687,0,0,0,0,0,0,0.00342557645265655,0,0,0,0,0,0,0.114424542400485,0,0,0,0,0,0,0,0,0,0.00607880601233946,0,5.26411651198154e-05,0,0.000102303461341461,0,0.0102220152543065,0,0.00322339867388028,0.00176541921309902,0,0.000857995663340955,0,0.0003595629944607
0,0,0,0,0,0,0,0,7.6487960519002e-06,0.000301346550050805,0,0,0,0,0,0,0,0.000173284629326319,7.4794868127389e-06,0,0,0,0.0135245793717276,0.00209859936995267,0,4.65630357457413e-05,0,0.000266749648289988,0,0,0,0,0,1.08029921479231e-05,0,0,0,0.0154993205845951,0.000322396405855186,0,0,0,0,0,0,0,0,3.21643473782048e-05,0,9.87336198825101e-05,0,0,0,0,0,0.00121442321012964,0,0,0,0,0,0,0,0,0.0288267108905766,0.00145417405690937,0.00416996915281339,0,0,0,8.64640514919301e-05,0,0,0,0,0,3.05986924744513e-05,0,0,0,0.00423183985416578,0,0.00346447965829001,5.8999485190725e-06,0,0,0
0,0,0,0,0,0,0,0,0,0,0,0,0,0,0,0,1.68082262825042e-05,0,0,0,0,0.0135245793717276,0,0,0.00180202015678146,0,0.00182218354506116,0,5.74341320316307e-05,0,0,0,0,0,4.61020299885927e-05,0,0,0.000341269642281457,0.013134218011149,0,0,0,0,0,0,0,0,7.38720938752242e-05,0.00591531554016658,0,0,0,0,0,0,0,0,0,0,0,0,0,0,0,0.0011776978783851,0.0992187286948048,0,0,0,5.59556415963107e-05,0,0.000107419467015822,0,0,0,0,0,0,0,0,0,0.00711325465919705,0.00357598178159113,0,9.34269763704554e-05,0,0
0,0,0,0,0,0,0,0,0.00796625477220412,0.0892350607635751,0,0,0,0,0,0.015858165489466,0.00382328791864191,0.00952573302923653,0.00211571245196061,0,0,0.00209859936995267,0,0,0.00127968487138236,0.0449677694554158,0,0,0,0,0,0,0,0,0,0,0,0.000141358544983261,0,0,0,0.00419559615091141,0,0.000283323983385611,0,0,0,0,0,0,0,0,0,0,0.00138091516841117,0.15989667931678,0,0,0,0,0,0.00166083669672512,0,0,0.00229079088546343,0,0.109450701875512,0,0.0156299651805757,0,0,0,0,0,0,0,0,0,3.40055856412356e-05,2.36616661057505e-05,4.61081803694526e-06,0,0.00285126763894082,0,7.49317815164929e-05,0,0
0,0,0,0,0,0,0,0,0.0810739192274643,0.000949618412984957,2.29763434694196e-05,0,0,0,0.00172093759941685,0,0.00489041130621975,0.00151057591225285,0.00121997425217642,0,0,0,0.00180202015678146,0.00127968487138236,0,0,0.0618911858526576,0,0,0,0,0,0,0,0,3.92285405448637e-06,2.7830535656827e-06,0,0.00102314593488194,0,0.000198919575168098,0,0.000707702516094302,0,0,0,0,3.44228639789447e-05,5.05108149147452e-05,0,0,0,0,0,0.130151896653936,0.00240429474864121,0,0,0,0,0,0,0,0,0,0,0,0.078088036952157,0,0.0003408493403157,0,0,0,0,0,0,0,0,1.98749514483332e-05,6.97298227857438e-05,0,0.000753931175324186,0.00180868199678192,0,0.000324560512607058,0,0
0,0,0,0,0,0,0,0,0,0.0156152584470496,0,0,0,0,0,0.065807666844254,7.96564579942353e-05,0.0184900066988685,0.000119219201079396,0,0,4.65630357457413e-05,0,0.0449677694554158,0,0,0,0.000286355170828756,0,0,0,0,0,0,0,0,0,0,0,0,0,0,0,0,0,0,0,0,0,0,0,0,0,0,0.000240526743661455,0.00919833389698857,0,0,0,0,0,0.0214586052112449,0,0,0,0,0.00277792149188902,0,0.10872749419107,0,0,0,0,0,0,0,0,0,0,0,0,0,0.00103699150499693,0,0,0,0
0,0,0,0,0,0,0,0,0.104109237184747,0,0,0,0,0,0.01220795710579,0,0.00190069468887907,0.000465100927200831,0.00081795596834829,0,0,0,0.00182218354506116,0,0.0618911858526576,0,0,0,0,0,0,0,0,0,0,0,0,0,0,0,0,0,0.000137030968642389,0,0,0,0,0,0,0,0,0,0,0,0.0281637235995563,0.00107187005335427,0,0,0,0,0,0,0,0,0,0,0.000373501736513005,0.00238988121994562,0,0.0134542524330938,0,0,0,0,0,0,0,0,4.2580933885558e-05,8.12032090049377e-05,3.41618592370938e-06,5.01898456412605e-06,0.00150946728355927,0,0,0,0
0,0,0,0,0,0,0,0,0,0,0,0,0,0,0,0.000799484042379705,0,0,0,0,0,0.000266749648289988,0,0,0,0.000286355170828756,0,0,0,0.00110628688815828,0,0,0,0,0,0,0,0.000542927125020235,0,0,0,0,0,0,0,0,0,0,0,0,0,0,0,0,0,0,0,0,0,0,0,0,0,0,4.07224142691121e-05,0,0,0,0,0,0.0116439941166437,0,0,0,0,0,0,0,0,0,1.81704199349042e-05,0,3.02014922804704e-05,0,0,0,0
0,0,0,0,0,0,0,0,0,0,0,0,0,0,0,0,0,0,0,0,0,0,5.74341320316307e-05,0,0,0,0,0,0,0,0.00297545919449783,0,0,0,0,0,0,0,0.0034321439448535,0,0,0,0,0,0,0,0,0,0,0,0,0,0,0,0,0,0,0,0,0,0,0,0,0,0,0,0,0,0,0,0,0.0402820673850176,0,0,0,0,0,0,0,0,0,0.00628903695907516,0,0,0,0,0
0,0,0,0,0,0,0,0,0,0,0,0.0091269983466136,0,0,0,0,0,0,0,0.000341243987726182,0,0,0,0,0,0,0,0.00110628688815828,0,0,0,0,0,0,0,0,0,0.013783313486364,0,0,0,0,0,0,0,1.79948615653819e-05,0,0,0,0,0,0,0,0,0,0,0,0,0,0,0,0,4.20783231100963e-05,0,0,0,0,0,0,0,0,0,0.0343258927218428,0,0,0,0,0,0,0,0.00528748476795723,0,0.000367058145744687,0,0,0,0
0,0,0,0,0,0,0,0,0,0,0.000321181219177106,0,0,0,0,0,5.27540115686365e-06,0,0.000189355006092887,0,0.000107177267028003,0,0,0,0,0,0,0,0.00297545919449783,0,0,0,0,0,8.11849189061853e-05,0,0,0,0.00331622680916742,0,0,0,0.00759340466004562,0,0,0,0.00285692444719964,0,0.00116124300568743,0.000110052612148435,0,0,0,0,0,0,0.00113766152391301,0,0,0,0,0,0,0.0037997510604222,0,0,0,0,0,0,0,0,0,0.0355788177457042,0,2.99746831956091e-05,0,5.96883803853122e-05,0,0,0,0.00332702443220942,3.0380713157629e-06,0,0.00343223493582473,0,0.00637281657623324
0,0,0,0,0,0,0,0,0,0,0,0,0,0,0,0,0,0,1.86094112247708e-05,0,0,0,0,0,0,0,0,0,0,0,0,0,0.157726751635684,0.0194163351248127,0.0154263909517299,0.0117624290662769,0.00805484287011561,1.24305414230298e-05,0,0.00785246636436024,0.000842618057883606,0.00148926515893346,0.000561439730829316,0,0,0.00298434488710197,7.77590705667575e-05,0.0464012149200591,0.000347944437459629,0.00763110716104385,0,0,0,0,0,0,0,0.00011877840511943,0,0,0,0,0.00178775299095524,0,0,0,0,0,0,0,0,0,0.000264966176670144,0,0.086394193746861,0.081401292024304,0.0143175703491052,0.0017398222228831,0.0387801641683626,0.00256626831914546,0.000311976233117735,3.39298633911743e-05,0.00142950689410623,0,0.0039928641751855,0.000446939795965994,0
0,0,0,0,0,0,0,0,0,0,0.000300063574009597,0,0,0,0,0,0,0,0,0,0,0,0,0,0,0,0,0,0,0,0,0.157726751635684,0,0.00174133635059278,0.0609147749009858,0.00183849118643356,0.024730965746448,0,2.38640578302216e-05,0.000601407751796238,0.00473773613525193,0.000144476745099521,0.000159242475222169,0,0,4.47819089929285e-05,0.00166423213413704,0.0526856634521929,0.00137474496300766,0.00368276577789825,0,0,0,0,0,0,8.32496450393037e-05,0,0,0,0,0,2.14053316208293e-05,0.000884819554316022,0,0,0,0,0,0,0,0,0,0,0.00893054852286745,0.375615684958873,0.000538825668009592,0.0120591357154107,0.0020343860238904,0.0306782522727634,3.09970823104348e-06,0.000286673625966612,0.00246395382151929,0,0.000902053543596675,0,0
0,0,0,0,0,0,0,0,0,0,0,2.36913905090708e-05,0,0,0,0,3.16364431287664e-06,0,0.000289774107145664,0,0,1.08029921479231e-05,0,0,0,0,0,0,0,0,0,0.0194163351248127,0.00174133635059278,0,0.445866390423457,0.00824422045621269,0.00241285192379108,0.00492768916775899,0.000193480697597303,0.0117016646930942,0,0.0335017335851624,0.00141425922619018,0,0,0.00184847303405993,2.18117607445579e-05,0.135015829921068,0.000713075287629839,0.018350679005171,0,0,0,0,0,0,0,9.43120765453007e-05,0,0,0,0,0.001239337461033,0,0,0,0,0,0,0,0,0,0.000568600380107035,0,0.0229463280581811,0,0.953302130096811,0.0606987771493124,0.00746414012952298,2.1753538722706e-05,0.0203620730275257,0.000393700308883112,0.00611184735222964,0,0.00783125477076507,0.00233941829012974,0
0,0,0,0,0,0,0,0,1.59773063623477e-05,0,0.000684794419798018,0,0,0,0,0,7.47005311535687e-06,9.12238007936848e-06,0.000403913807540739,2.35767541930752e-05,9.84336120711538e-05,0,4.61020299885927e-05,0,0,0,0,0,0,0,8.11849189061853e-05,0.0154263909517299,0.0609147749009858,0.445866390423457,0,0.00479504673265495,0.014509971145132,0.000572303051337063,0.00356090831184679,0.000113368849780287,0.00930562691971813,0.00901173128558033,0.0219320836739447,0,0,0.000121454284336157,0.00474250137108217,0.133152291574886,0.0368676223325884,0.00792012982883455,0,0,0,0,0,0,6.04185258577133e-05,0,0,0,0,0,0.000184610337944837,0.000809053476574908,0,0,0,0,0,0,0,0,2.01214075109656e-05,5.53634381519484e-05,0.00171310001213137,0.00860610930895869,0.449463907538311,0.853964855320565,0.00276812131395207,0.00398849985419507,0.000458972853544181,0.0235334387500514,0.00284762343918521,0,0.0116414642757936,0.000844143858414469,0.00168435395742433
0,6.98787485224387e-05,0,0.000763321357903137,0,0.00132784723267043,0,0,0.000102998530576259,0.00041264898334274,2.57175511496179e-05,0.00353132297493641,0,0,0,0,0.000413273526371462,0.000287122131280103,0.00302638432200936,0.00753243198095567,0,0,0,0,3.92285405448637e-06,0,0,0,0,0,0,0.0117624290662769,0.00183849118643356,0.00824422045621269,0.00479504673265495,0,0.00749590124322665,0.0196968504634439,0.00125746223181744,0.00119951072014469,7.90482108153066e-05,0.00403069157740217,0.000198467854088852,0.000747234586162657,2.41622404657436e-05,0.00355782957448965,0,0.00170015221868554,6.05523084327713e-05,0.000674553402807493,0,0,0,0,4.27286767770178e-05,5.71491372837221e-05,0,0.000120083235671946,0,0,0,0,0.00518043852340239,0,0,0,0,0,0,0,0,0,5.97446996280819e-05,0,0.00231184737140224,0.000386051385526888,0.0011777235489733,0.000277279197870431,0.141018125227108,0.000370496493219768,0.0173538726951259,3.73208104112376e-05,0.0267445141593386,0.0204273901371074,0.00202458726196334,0.000646955612360425,0
0,0,0.000623372113238155,0,8.05378044357321e-06,0,0,0,0.000652113685894807,2.17287987511789e-05,0.00184298157749084,0,0,0,0,0,0.000192881186562356,0.000150694312330005,0.00191768545001238,0,0.00411852446005281,0,0,0,2.7830535656827e-06,0,0,0,0,0,0,0.00805484287011561,0.024730965746448,0.00241285192379108,0.014509971145132,0.00749590124322665,0,0,0.040168861858546,0,0.00373657140473091,0.000134692897349591,0.00186791368884279,0,0.00013351635767194,2.57447007266304e-06,0.00352016873353097,0.00198407432028896,0.000914627382704602,5.8985141176538e-05,0,0,0,0,1.83642492672486e-05,0,7.69687425502051e-05,1.34737169830707e-05,0,0,0,0,3.07265027362428e-05,0.00338851092458486,0,0,0,0,0,0,0,0,2.77089919853133e-05,0,0.00271434204448875,0.0014075754615786,0.000805225971585186,0.00381302781816294,0.00498665900056703,0.140665384358364,4.3137212792241e-05,0.012524524752521,0.0411710157962371,0.0233186389050453,0.00232238791732826,0.000104044949070738,6.71566303586531e-05
0,0,0,0,0,0,0,0,0,0,0,0.0127441829955697,0,0,0,0,0,0,8.48428086640927e-06,0.000200274336209028,0,0.0154993205845951,0.000341269642281457,0.000141358544983261,0,0,0,0.000542927125020235,0,0.013783313486364,0,1.24305414230298e-05,0,0.00492768916775899,0.000572303051337063,0.0196968504634439,0,0,0.016403780442916,0,0,0.0018835193674497,0,0,0,1.45032629997298e-05,0,0.0018069719650603,3.96263969489145e-06,0.00479690128413646,0,0,0,0,0,0,0,0.00141790134060406,0,0,0,0,0.000278521436154837,0,0.00115397036807728,0,0.00277585319352988,0,0,0,0.00143457910198285,0,0.000287750599860387,0,0,0,0.00384553668727488,0,0.00722925966202136,0,0.119517291981368,0.000870747099034519,0.0181741867373213,0.0150455578450948,0.000748226530753184,9.44836885749022e-05,0
0.000186437734772925,0,0,0,0,0,0,0,0.00160840095762749,8.14239769546477e-06,0.00482439619692206,0,0,0,0,0,0.000465587922182524,5.55869635091809e-05,0.00103402574138759,0,0.00203276399400593,0.000322396405855186,0.013134218011149,0,0.00102314593488194,0,0,0,0.0034321439448535,0,0.00331622680916742,0,2.38640578302216e-05,0.000193480697597303,0.00356090831184679,0.00125746223181744,0.040168861858546,0.016403780442916,0,0,0.000204059196691086,0.000142196314264962,0.0049979987032072,0,0,0,0.002387032048211,0.000193582278030474,0.00497028220643017,3.15723006774861e-05,0,0,0,0,0.000444231420112895,0,0.00190932725540846,0,0,0,0,0,0,0.00601181233908239,0,0.00610433499855359,0,0.0012289995458759,0,0,0,5.48528030814637e-05,0,0.00167357301729162,0,0,0,0.00274308384526433,1.49526295862402e-05,0.0127867878164198,0.0014859817081548,0.126022471433513,0.0195239314300066,0.013308082591648,0.00426298849267419,0,0.00151957525252326
0,0,0,0,0,0,0,0,0.000546767354629253,0,5.44413981755799e-05,0,0,0,0,0,0.00114558192534185,0.000235306389173174,0.0105170264248091,0.000197865707581458,0,0,0,0,0,0,0,0,0,0,0,0.00785246636436024,0.000601407751796238,0.0117016646930942,0.000113368849780287,0.00119951072014469,0,0,0,0,0.000540686328457948,0.071732050065745,0.000410891345428561,0.000833876223914183,0.000123577820348762,0.0327160170539639,6.81619837520665e-05,0.059439637148155,0.00265645950038137,0.0383874135458566,0,0,0,0,0,0,0,0.000344682166626389,0,0,0,0,0.00982475025313643,0,0,0,0,0,0,0,0,0,0.00191992231480805,0,0.0197403302568286,0,0.041390179346766,0,0.0242314573930721,0.000108755737275469,0.00441295717581361,1.91946656209597e-05,0.000405511876539213,0,0.0243157164451728,0.00413284823836173,0
0,0,0,0,0,0,0,0,0.00113920715312506,0.000297495989944064,0.001056748896037,0,0,0,0,0,0.00103628297773226,0.000548216008830849,0.0151493777791777,0,0.00063431189829598,0,0,0,0.000198919575168098,0,0,0,0,0,0,0.000842618057883606,0.00473773613525193,0,0.00930562691971813,7.90482108153066e-05,0.00373657140473091,0,0.000204059196691086,0.000540686328457948,0,0.00177145799354492,0.058982700463537,0.000896612656352616,0.00129679769169861,0.000224716977136409,0.087658280009341,0.0277840080821207,0.030972925885995,0.0124896734468071,0,0,0,0,0.000454096626398864,0.000144107447295216,3.31207630844209e-05,0,0,0,0,0,0.000203930354929077,0.00931187741811081,0,0,0,5.93427914897153e-05,0,0,0,0,2.28015870988633e-05,0,0.000501070333125523,0.0025132071132287,3.09807539832932e-05,0.0203223521198251,0.000115988731742915,0.026156561321369,8.45179596715624e-05,0.00356300526786356,0.000792751182703281,0,0.0249449359331046,0.000150089518396349,0.00943356578519093
0,0.00558899300576936,0,5.94232043443577e-05,0,0,0,0,0.00122116738249572,0.000333722523842577,0.000173886997629757,5.83835277004618e-05,0,0,0,0,0.00142868862031505,0.000963196007232697,0.0236763794246277,0.000889804817446012,9.93740091199269e-06,0,0,0.00419559615091141,0,0,0,0,0,0,0,0.00148926515893346,0.000144476745099521,0.0335017335851624,0.00901173128558033,0.00403069157740217,0.000134692897349591,0.0018835193674497,0.000142196314264962,0.071732050065745,0.00177145799354492,0,0.00989247804955711,0.00482882581219284,0,0.0282222370208579,2.56058410230271e-05,0.0589653125583912,0.000791492987348273,0.0397103178940776,0,0,0,0,0.000279488063278654,0.0033339126889877,0,0.00587346244207411,0,0,0,0,0.0211971192821883,3.68508483194243e-05,0,0,0.00478012101663874,0,0,0,0,0,0.0315955127001764,0,0.00273745826018644,0,0.053275441327789,0.0036975292360509,0.0615173402036021,0.00166817110435526,0.0462813070499228,0.00124801701233666,0.00449307559230298,0,0.0776432635684437,0.0987765306185989,0.000372269226978752
0.00741712383844963,0,0.00305694873739679,0,0,0,0,0,0.0286694337090615,0.000272781126379257,0.0131018703559288,0,0,0,1.22254598943158e-05,0,0.000939050391368513,0.00077208806336453,0.0188888031264666,0,0.00019788969001499,0,0,0,0.000707702516094302,0,0.000137030968642389,0,0,0,0.00759340466004562,0.000561439730829316,0.000159242475222169,0.00141425922619018,0.0219320836739447,0.000198467854088852,0.00186791368884279,0,0.0049979987032072,0.000410891345428561,0.058982700463537,0.00989247804955711,0,0.000537859138650788,0.000855153901185308,7.34667310491261e-06,0.0252206014418236,0.0431564104524061,0.118046107613329,0.000484294994086453,0,0,0,0,0.000685237792550029,0.000132065984693125,0.00208890583527603,4.58183591470196e-06,0,0,0,0,5.24064604686223e-05,0.0114191856140402,0,0,0,0.000200778478185972,0,0,0,0,0,0.00465768073295116,0.000112630491978007,0.00117401957537337,0.000730735908398927,0.049653235253481,0.000400815032759481,0.0615372953774232,0.000173160649761647,0.0372767283064053,0.00346098300908362,0,0.115671481658411,0.000903568377336469,0.0761896101060138
0,0,0,0,0,0,0,0,0.00224220971329875,0.000836403375987518,0.000570574199652849,0,0,0,0,0,0.000559851092611836,0.00132353198765078,0.0110564136571887,0.000141158272858967,0,0,0,0.000283323983385611,0,0,0,0,0,0,0,0,0,0,0,0.000747234586162657,0,0,0,0.000833876223914183,0.000896612656352616,0.00482882581219284,0.000537859138650788,0,0.0014104355765408,0.00328067086240306,0,0,0,0.000634315728025046,0,0,0,0,0,6.00544493068499e-05,0,5.38677943693645e-05,0,0,0,0,8.97282927347729e-05,0,0,0,0,0,0,0,0,0,0.00167669230977315,0,0,0,4.33207477091102e-05,0,0.00279073876667114,0.000298191370325597,0.000615932920057917,6.428443055851e-05,0.000197565431494865,0,0.00487810756523432,0.00677264899587669,0.000630014536847421
0,0,0.0017172195320415,0,0,0,0,0,0.000130168856116559,0,0,0,0,0,0,0,0.000325664892867548,0.000304546391561566,0.00128016906323314,0,0,0,0,0,0,0,0,0,0,0,0,0,0,0,0,2.41622404657436e-05,0.00013351635767194,0,0,0.000123577820348762,0.00129679769169861,0,0.000855153901185308,0.0014104355765408,0,0,0.000544764978291382,0,4.85992740240093e-05,0,0,0,0,0,0,0,0,0,0,0,0,0,0,0.000303035610619319,0,0,0,0,0,0,0,0,4.70126320504258e-05,0,0,0,0,0,2.48161263770082e-05,0.00117927914608638,0,0.000168186853462015,2.83847600572121e-05,0,0.00164102789898959,0,0.000740838571258383
0,0,0,0.000477385082076759,0,0,0,0,0.00057510460643366,0,0,5.95006795840606e-05,0,0,0,0,0.000114526108300269,0.000193948245896774,0.0019046227328685,0.00940011518541363,0,0,0,0,0,0,0,0,0,1.79948615653819e-05,0,0.00298434488710197,4.47819089929285e-05,0.00184847303405993,0.000121454284336157,0.00355782957448965,2.57447007266304e-06,1.45032629997298e-05,0,0.0327160170539639,0.000224716977136409,0.0282222370208579,7.34667310491261e-06,0.00328067086240306,0,0,0.000140645003304329,0.0097328221664136,5.0843186970309e-05,0.0320709718113328,0,0,0,0,0,0,0,0.00292648708461741,0,0,0,0,0.149992474752531,0,0,0,0,0,0,0,0,0,0.012959481255406,0,0.0100439226725851,0,0.00746956811500206,1.05821778674299e-05,0.0162809519084117,8.04246499966011e-05,0.0136317097236578,2.50370422910108e-05,5.34243223795537e-05,0,0.0371271328360801,0.00436856142578277,0
0,0,0.00277360705399083,0,0,0,0,0,1.83446534654037e-05,0,0.0102580099086435,0,0,0,0,0,0.000170279500972363,0.000119305309128494,0.00191627699194039,0,0.0210741785148708,0,0,0,0,0,0,0,0,0,0.00285692444719964,7.77590705667575e-05,0.00166423213413704,2.18117607445579e-05,0.00474250137108217,0,0.00352016873353097,0,0.002387032048211,6.81619837520665e-05,0.087658280009341,2.56058410230271e-05,0.0252206014418236,0,0.000544764978291382,0.000140645003304329,0,0.00722160913736995,0.0363214155731084,0.00396004213877583,0,0,0,0,0,0,0.00272163053059522,0,0,0,0,0,0,0.0807947435062152,0,0,0,0,0,0,0,0,0,0.00384992760582797,2.14136388641832e-05,0.00112500103334131,0,0.00465548274326515,3.74423202689663e-06,0.0352791861223402,4.26406589042945e-06,0.00828059057482189,0.00023764399321056,3.10727163534263e-06,0.0547825199223115,0,0.00531198832036008
0,0,0,0,0,0,0,0,0.00027101612672777,0.000461507592364484,0.000808943275586343,0,0,0,0,0,1.0877896782514e-05,1.79629356840097e-05,0.000840461744780157,0.000133188033245779,6.89188688025881e-05,3.21643473782048e-05,7.38720938752242e-05,0,3.44228639789447e-05,0,0,0,0,0,0,0.0464012149200591,0.0526856634521929,0.135015829921068,0.133152291574886,0.00170015221868554,0.00198407432028896,0.0018069719650603,0.000193582278030474,0.059439637148155,0.0277840080821207,0.0589653125583912,0.0431564104524061,0,0,0.0097328221664136,0.00722160913736995,0,0.0862636717557494,0.114040158701539,0,0,0,0,0,0,6.16253131493605e-05,0.000131833422403389,0,0,0,0,0.00424654650414886,0.00146173384221682,0,0,0,0,0,0,0,0,0.00176175461873435,0,0.029432993122791,0.0154917899955226,0.157074214371039,0.0724084493188329,0.00679642115355004,0.00477123115282876,0.00679505471131957,0.00388987298829522,0.00257678708233132,0,0.0240436108304882,0.0036913677819032,0.00303184887802109
0.0200963958420308,0,0.0514558813566934,0,0,0,0,0,0.0010086967380757,0,0.00181706281091258,0,0,0,0,0,0.000139362770596028,6.83453686802777e-05,0.00157026799030457,0,0.000333578287634971,0,0.00591531554016658,0,5.05108149147452e-05,0,0,0,0,0,0.00116124300568743,0.000347944437459629,0.00137474496300766,0.000713075287629839,0.0368676223325884,6.05523084327713e-05,0.000914627382704602,3.96263969489145e-06,0.00497028220643017,0.00265645950038137,0.030972925885995,0.000791492987348273,0.118046107613329,0,4.85992740240093e-05,5.0843186970309e-05,0.0363214155731084,0.0862636717557494,0,0.021494030855898,0,0,0,0,0.000654820979988891,0,0.000507969607330229,0,0,0,0,0,3.03516017809651e-05,0.0190711433608858,0,6.20474697573528e-05,0,0,0,0,0,0.0068021269072644,0,0.00101409764043661,0,0.00273172513039975,0.000187127961820722,0.0954486093600028,6.37163678349276e-05,0.016248947499943,1.3965010668875e-05,0.0300392234257538,0.000542439921199282,0,0.0466769867702916,0,0.0056671742394784
0,0.0599039232509562,0,0.105641577532348,0,0,0,0,0.000293010297498682,0.000157676031104476,0.00043334440972499,0.000151575465636285,0,0,0,0.00464631146585903,1.26317964392199e-05,3.7956243865454e-05,0.00210855175368918,0.000684397897138473,0.000181013484660687,9.87336198825101e-05,0,0,0,0,0,0,0,0,0.000110052612148435,0.00763110716104385,0.00368276577789825,0.018350679005171,0.00792012982883455,0.000674553402807493,5.8985141176538e-05,0.00479690128413646,3.15723006774861e-05,0.0383874135458566,0.0124896734468071,0.0397103178940776,0.000484294994086453,0.000634315728025046,0,0.0320709718113328,0.00396004213877583,0.114040158701539,0.021494030855898,0,0,0,0,0,0,0.00106432663890199,2.10047921149576e-05,0.00466887618655668,0,0.000241708151803618,0,0.0132091015512646,0.0404583605600765,0.000314987102669421,0.0022028493092371,0,0,0,0,0,0.00204024731608105,0,0.0134179132612416,3.04021586012594e-05,0.0467762946232427,5.34279121860381e-05,0.0396132260513573,0.00457118816577003,0.00642023874146532,0.000572151661663846,0.0112090969734663,0.000311854062719086,0.000325558138727577,0,0.0432497197075203,0.0106788408981247,0.000320656441788772
0,0,0,0,0.00215520350705656,0,0.000844906433009572,0,0.000567740037197995,0,0,0,0,0,0,0,0,0,0,0,0,0,0,0,0,0,0,0,0,0,0,0,0,0,0,0,0,0,0,0,0,0,0,0,0,0,0,0,0,0,0,0,0.00218995464987716,0,0,0,0.00414095945043519,0,0.0291760841491108,0,0.0238338390052029,0,0,0,0,0,0,0,0,0,0,0,0,0,0,0,0,0,0,0,0,0,1.62636901928984e-05,0,0,0,0
0,0,0,0,0,0.043621962988751,0,0,0,0,0,0,0,0,0,0,0,0,0,0,0,0,0,0,0,0,0,0,0,0,0,0,0,0,0,0,0,0,0,0,0,0,0,0,0,0,0,0,0,0,0,0,0,0,0,0,0,0,0,0,0,0,0,0,0,0,0,0,0,0,0,0,0,0,0,0,0,0,0,0,0,0,5.30266288478742e-06,0,0,0,0
0,0,0,0,0.0142288414918134,0,0.208999800183647,0,0,0,0.00101615207442537,0,0,0,0,0,0,0,0,0,0,0,0,0,0,0,0,0,0,0,0,0,0,0,0,0,0,0,0,0,0,0,0,0,0,0,0,0,0,0,0.00218995464987716,0,0,0,0,0,0.0196017241405723,0,0.00549012811397627,0,0,0,0,0,0,0,0,0,0,0,0,0,0,0,0,0,0,0,0,0,0,0,0.000309252197622658,0,0,0,0
0,0,0,0,0,0,0,0.101302304354119,0,0,0,0.00985353206232958,0,0.000848050641636851,0,0,0,0,0,0,0,0,0,0,0,0,0,0,0,0,0,0,0,0,0,0,0,0,0,0,0,0,0,0,0,0,0,0,0,0,0,0,0,0,0,0,0,0.00623078040826983,0,0.00269119413163904,0,0,0,0,0,0,0,0,0,0,0,0,0,0,0,0,0,0,0,0,0,0,1.0604819181026e-05,0,0,0,0
0.00257171063853715,0,0.0124951383888179,0,0,0,0,0,0.115907161751522,0.0117909885218739,2.35543180585279e-05,0,0,0,0.00460138986580542,0,0.0112680659496767,0.00365040491835761,0.0030137024496346,0,0,0,0,0.00138091516841117,0.130151896653936,0.000240526743661455,0.0281637235995563,0,0,0,0,0,0,0,0,4.27286767770178e-05,1.83642492672486e-05,0,0.000444231420112895,0,0.000454096626398864,0.000279488063278654,0.000685237792550029,0,0,0,0,0,0.000654820979988891,0,0,0,0,0,0,0.00427776287942715,0,0,0,0,0,0,0,0,0,0,0,0.14877786725463,0,0.000521717833425583,0,0,0,0,0,0,0,0,4.14119414273604e-05,0.000115456093766175,2.68549880413022e-05,5.09874326675156e-05,0.0037929577949621,0,0.000214332240690471,0,0.0001638090875692
0,0.0513096865651213,0,0.00463423866956703,0,0.00106387217501905,0,0,0.00996450868149835,0.073020091375194,3.19506721082436e-05,0,0,0,0.000499623078677831,0.00712680551868801,0.00467480966887541,0.00771973822657908,0.00184031190690281,0,0,0.00121442321012964,0,0.15989667931678,0.00240429474864121,0.00919833389698857,0.00107187005335427,0,0,0,0,0,0,0,0,5.71491372837221e-05,0,0,0,0,0.000144107447295216,0.0033339126889877,0.000132065984693125,6.00544493068499e-05,0,0,0,0,0,0.00106432663890199,0,0,0,0,0.00427776287942715,0,0,0,0,0,0,0.0181044010559095,0,0,0,0,0.0839861480298394,0,0.000502986684442631,0,0,0,0,0,0,0,0,0,3.6385358122298e-06,7.58675811426916e-05,0,2.70991621224717e-05,0.00273555970730128,0,0.000822667256490125,0,0
0,0,0,0,0,0,0.0118735404125159,0,0,0,0.0290362184598801,0,0,0,0,0,7.34093224140717e-06,4.64300600965493e-06,5.22963104678873e-05,0,0.00342557645265655,0,0,0,0,0,0,0,0,0,0.00113766152391301,0,8.32496450393037e-05,0,6.04185258577133e-05,0,7.69687425502051e-05,0,0.00190932725540846,0,3.31207630844209e-05,0,0.00208890583527603,0,0,0,0.00272163053059522,6.16253131493605e-05,0.000507969607330229,2.10047921149576e-05,0.00414095945043519,0,0.0196017241405723,0,0,0,0,0,0.0324154260144911,0,0,0,0,0.00615406037619529,0,0,0,0,0,0,0,0,0,0.0266603118564223,0,0,0,0.000104692385229988,0,4.00378762649622e-05,0,0.000666138211906948,3.22812529801879e-05,0,0.00190504354894198,0,0.00120558354050144
0,0.00164429975737444,0,0,0,0.00795547643455745,0,0.005003075035296,0,0,0,0.0987012570252163,0,0.000193195116670916,0,0,3.87334267547056e-05,7.77068899774714e-06,0.000258907465162136,0.0141543227551001,0,0,0,0,0,0,0,0,0,0,0,0.00011877840511943,0,9.43120765453007e-05,0,0.000120083235671946,1.34737169830707e-05,0.00141790134060406,0,0.000344682166626389,0,0.00587346244207411,4.58183591470196e-06,5.38677943693645e-05,0,0.00292648708461741,0,0.000131833422403389,0,0.00466887618655668,0,0,0,0.00623078040826983,0,0,0,0,0,0.000345847728515459,0,0,0.0199516452147293,0,0,0,0,0,0,0,0,0,0.0180218490977151,0,0.00034439077255105,0,0.00030838651765279,0,0.000164773889366024,2.10795475373332e-05,0.00421559039543897,1.75929245058653e-06,0.00202472450908173,0,0.00187261479634459,0.00218850451224676,0
0,0,0,0,0,0,0.000158191933760053,0,0,0,0,0,0.0148651004197407,0,0.00370435149099057,0,0,0,0,0,0,0,0,0,0,0,0,0,0,0,0,0,0,0,0,0,0,0,0,0,0,0,0,0,0,0,0,0,0,0,0.0291760841491108,0,0.00549012811397627,0,0,0,0.0324154260144911,0,0,0,0.00469460403613323,0,0,0,0,0,0,0,0,0,0,0,0,0,0,0,0,0,0,0,0,0,0.000478220110668931,0,0,0,0
0,0,0,0,0,0,0,0.000807199346769373,0,0,0,0,0,0.0507265214199499,0,0,0,0,0,0,0,0,0,0,0,0,0,0,0,0,0,0,0,0,0,0,0,0,0,0,0,0,0,0,0,0,0,0,0,0.000241708151803618,0,0,0,0.00269119413163904,0,0,0,0.000345847728515459,0,0,0,0,0,0,0,0,0,0,0,0,0.00245960955998861,0,0,0,0,0,0,0,0,0,0,0,0,0,0,0,0
0,0,0,0,0,0,0,0,0,0,0,0,0,0,0,0,0,0,0,0,0,0,0,0,0,0,0,0,0,0,0,0,0,0,0,0,0,0,0,0,0,0,0,0,0,0,0,0,0,0,0.0238338390052029,0,0,0,0,0,0,0,0.00469460403613323,0,0,0,0,0,0,0,0,0,0,0,0,0,0,0,0,0,0,0,0,0,0,0,0,0,0,0,0
0,0.00420535143110228,0,0.00876037622354778,0,0,0,0,0,0.00231587743631924,0,0,0,0,0,0.0127447172164715,0,0.000150364210990602,0,0,0,0,0,0.00166083669672512,0,0.0214586052112449,0,0,0,0,0,0,0,0,0,0,0,0,0,0,0,0,0,0,0,0,0,0,0,0.0132091015512646,0,0,0,0,0,0.0181044010559095,0,0,0,0,0,0,0,0,0,0,0,0,0.0193181486780333,0,0,0,0,0,0,0,0,0,0,0,0,0,0.00021086573536394,0,0,0,0
0,0,0,0,0,0,0,0,0,2.07630447734142e-05,0,0.0020118968780231,0,0,0,0,7.47384630372002e-05,0.000166117935954828,0.000663872394674929,0.120777983501125,0,0,0,0,0,0,0,0,0,4.20783231100963e-05,0,0.00178775299095524,2.14053316208293e-05,0.001239337461033,0.000184610337944837,0.00518043852340239,3.07265027362428e-05,0.000278521436154837,0,0.00982475025313643,0.000203930354929077,0.0211971192821883,5.24064604686223e-05,8.97282927347729e-05,0,0.149992474752531,0,0.00424654650414886,3.03516017809651e-05,0.0404583605600765,0,0,0,0,0,0,0,0.0199516452147293,0,0,0,0,0,0,0,0,0,0,0,0,0,0,0.0269262784942542,0,0.00663065056496889,0,0.0048874766979745,6.88898926180861e-05,0.0121702901102666,2.46442532101228e-05,0.0376930491314288,1.19365254999517e-05,0.00137984038434548,0,0.00928660591153546,0.00443316222419154,0
