0,0,16.4237419808352,0,0,0,0,0,5.46944271863162,0,0,0,0,0,9.36267614364624,0,16.2103475390888,44.1218447685242,11.9767117045372,0,26.2034065246582,0,0,0,0,0,0,0,0,0,0,0,0,0,0,0,53.8654193878174,0,28.1267757415771,60.0363807678223,33.8870596399113,0,17.8539821956216,0,0,0,0,0,5.61412180122451,0,0,0,0,0,5.8177109944985,0,23.4825446772021,0,0,0,5.24678577076305,0,0,30.6085208546032,0,0,0,0,0,23.603889465332,0,0,0,29.6432778835297,0,0,0,0,68.6431312561035,43.8315614748605,0,30.9492845313494,13.1511912805384,33.6960258483887,14.4097846521695,0,21.0018965005875
0,0,0,5.48769418285411,0,0,0,0,0,7.95094851837602,0,0,0,0,0,9.74114724722776,46.1571884155273,55.298820177714,16.2339567493748,0,0,36.649631023407,0,14.6301666758708,0,0,0,0,0,0,0,0,0,0,0,46.5159969329834,0,21.2951266078626,0,31.9735660552979,0,26.0600765995178,0,12.2935789108276,0,21.8650531768799,0,0,0,11.0497780817629,0,0,0,0,0,7.78698157129605,0,17.502349281311,0,9.88992118835449,0,8.7632613219032,29.1329393386841,0,41.0917663574219,0,12.2741728283638,0,25.5999982357025,0,29.679287264424,0,28.0919478472541,0,0,0,0,0,43.168924845182,0,31.6190028397933,0,11.5447612733584,0,16.7459994182097,16.7896528244019,0
16.4237419808352,0,0,0,12.0611516031726,0,0,0,7.80232107639313,0,0,0,0,0,0,0,52.2442283630371,33.5042419433594,17.6312750543867,0,0,0,0,0,0,0,0,0,0,0,0,0,0,0,0,32.3538770675659,52.5804901123047,0,37.1565132141113,0,42.2731914520264,0,30.8609567441438,0,24.3434410095215,0,18.6866626739502,40.4498466491699,6.32674923376604,0,6.4899135205598,0,0,0,5.81945129994596,0,27.1739894801173,0,8.34822058677673,0,4.64312092959881,0,0,40.2574026107788,0,0,0,0,0,0,0,0,0,32.2326838175456,0,0,0,0,0,53.0740247302585,0,37.6937052408854,20.4446571324323,33.8090972900391,16.1032554449445,0,23.049578666687
0,5.48769418285411,0,0,0,9.79574565887451,0,0,0,11.3188259760539,0,0,0,0,0,7.15738759169707,0,53.3821894327799,38.1083571717546,15.0064663205828,0,47.3935274396624,0,25.3233542442322,0,0,0,0,0,0,0,0,0,0,0,14.7499477361378,0,32.1683146953583,0,30.5431247438703,0,37.8149177414215,0,18.2731231689453,62.3858947753906,24.1582882165909,0,0,0,13.7159128954811,0,11.4033131222976,0,0,0,8.56172352348925,0,5.01440244454604,0,5.23454442108877,0,7.15001173052832,34.847714805603,0,51.3426074981689,0,27.7202264612371,0,33.3173215389252,0,35.4130629606025,0,33.9148707554258,0,0,0,0,0,32.2932895134235,0,37.4035615921021,0,15.3547773886535,32.6088638305664,18.1188543979512,24.9507422447205,0
0,0,12.0611516031726,0,0,0,3.33294677734375,0,4.20696557114977,0,0,0,0,0,4.4178327023983,0,102.783897399902,0,42.8897190093994,0,4.91377050356757,0,0,0,0,0,0,0,0,0,0,0,0,0,0,0,11.762580871582,0,46.7859191894531,0,47.3134765625,0,50.6039622882465,0,0,0,54.3258380889893,49.6784515380859,46.1262054443359,0,5.66934754798256,0,6.14558374881744,0,10.9570112228394,0,24.8790098610571,0,0,0,8.65715026855469,0,0,23.0186793463571,0,0,0,0,0,0,0,36.9699859619141,0,44.2139587402344,0,0,0,0,0,77.3072563171387,0,47.0758666992188,9.0554915767605,0,15.3336147016949,0,41.4730059305827
0,0,0,9.79574565887451,0,0,0,0,0,3.75116277995862,0,0,0,0,0,3.02208980917931,0,0,0,14.9591000420707,0,0,0,0,0,0,0,0,0,0,0,0,0,0,0,15.6785632597434,0,0,0,0,0,0,0,0,0,0,0,0,0,0,0,4.45481639937427,0,0,0,3.72647137142891,0,7.32137222201736,0,0,0,4.50451801717281,17.033805847168,0,0,0,0,0,0,0,0,0,0,0,0,0,0,0,21.4798765182495,0,0,0,16.5268076155559,0,8.58967045733803,0,0
0,0,0,0,3.33294677734375,0,0,0,0,0,0,0,0,0,0,0,0,0,0,0,4.4986348219007,0,0,0,0,0,0,0,0,0,0,0,0,0,0,0,0,0,0,0,0,0,0,0,0,0,0,0,0,0,2.98686075210571,0,4.01372662006609,0,0,0,0,0,0,0,0,0,0,4.72288155555725,0,0,0,0,0,0,0,0,0,0,0,0,0,0,0,0,0,0,2.88163842095269,0,0,0,0
0,0,0,0,0,0,0,0,0,0,0,4.60082166989644,0,0,0,0,0,0,0,3.09011313120524,0,0,0,0,0,0,0,0,0,0,0,0,0,0,0,0,0,0,0,0,0,0,0,0,0,0,0,0,0,0,0,3.96346765603775,0,3.44787024550077,0,0,0,5.63330926516005,0,3.74683769693914,0,0,12.1035499572754,0,0,0,0,0,0,0,0,0,0,0,0,0,0,0,0,0,0,0,3.11067136035246,2.87370498975118,0,0,0
5.46944271863162,0,7.80232107639313,0,4.20696557114977,0,0,0,0,0,0,0,0,0,4.27301047256638,0,19.4846605062485,0,5.62247238709376,0,0,0,0,0,3.5931508342425,0,2.90847493542565,0,0,0,0,0,0,0,0,0,0,0,6.41956898473924,0,41.309642791748,0,17.1406229551022,0,0,0,0,0,6.08513096022227,0,3.76394833837237,0,0,0,6.74311200259985,0,25.5435345172882,0,0,0,4.79000260365211,0,0,0,0,0,0,9.96930001763737,0,9.06170177459717,0,0,0,0,0,0,0,0,0,50.8170928955078,0,9.58669893806045,4.61652321439689,2.74989199638367,7.08944959886029,0,0
0,7.95094851837602,0,11.3188259760539,0,3.75116277995862,0,0,0,0,0,0,0,0,0,4.25089360645839,0,7.20343617914112,39.7310405731201,0,0,34.2805264790853,0,6.06763487176378,0,17.2561817169189,0,0,0,0,0,0,0,0,0,20.9182876586914,0,11.5388805691789,0,62.1725044250488,0,13.5903921232224,0,31.3393306732178,0,29.787636756897,0,0,0,23.5428240883107,0,4.08978855609894,0,0,0,4.32093354785435,0,0,0,0,0,6.80085721697126,87.868034362793,0,38.0141525268555,0,10.4963285111632,0,26.3456373214722,0,26.0947863715036,0,27.3408288955688,0,0,0,0,0,50.3755916595459,0,14.244914810832,0,6.11923711575204,5.56283207806674,15.6321762482795,0,0
0,0,0,0,0,0,0,0,0,0,0,0,4.22343164682388,0,0,0,0,0,0,0,4.71325147030305,0,0,0,0,0,0,0,0,0,3.18172013759613,0,0,0,0,0,23.0506162643433,0,7.1937270748849,0,52.8017349243164,0,0,0,0,0,31.9458274841309,0,0,0,0,0,3.4890860915184,0,0,0,5.71170768444275,0,2.91181832551956,0,0,0,0,20.5870867919922,0,0,0,0,0,0,0,3.87546887851897,0,8.06219262235305,0,0,0,0,0,52.9360046386719,0,11.7970833778381,3.6032842193331,0,10.2481538454692,0,0
0,0,0,0,0,0,0,4.60082166989644,0,0,0,0,0,4.37953714273309,0,0,0,0,0,2.9967449076934,0,0,0,0,0,0,0,0,0,5.90623009204865,0,0,0,0,0,2.96604752540588,0,2.96442651748657,0,0,0,0,0,0,0,0,0,0,0,0,0,0,0,0,0,0,0,6.12796840806177,0,5.46549092756735,0,0,9.07650923728943,0,0,0,0,0,0,0,0,0,3.24743150781702,0,0,0,0,0,0,0,0,0,7.89841759531121,2.7442638874054,0,0,0
0,0,0,0,0,0,0,0,0,0,4.22343164682388,0,0,0,0,0,0,0,0,0,0,0,0,0,0,0,0,0,0,0,0,0,0,0,0,0,0,0,0,0,0,0,0,0,0,0,0,0,0,0,0,0,0,0,0,0,3.50424305597941,0,3.58037769858212,0,4.09606122970581,0,0,0,0,0,0,0,0,0,0,2.82465162277222,0,0,0,0,0,0,0,0,0,0,3.05717748403549,3.09687809149424,0,0,0
0,0,0,0,0,0,0,0,0,0,0,4.37953714273309,0,0,0,3.08323809262869,0,0,0,0,0,0,0,0,0,5.28267385399407,0,4.61702165170149,0,0,0,0,0,0,0,0,0,0,0,0,0,0,0,0,0,0,0,0,0,0,0,0,0,0,0,0,0,3.06852847337723,0,4.42690045434518,0,5.06905555725098,0,0,0,0,0,0,8.86638103618103,0,0,0,0,0,0,0,0,0,0,0,0,0,4.51844854327454,0,0,0,0
9.36267614364624,0,0,0,4.4178327023983,0,0,0,4.27301047256638,0,0,0,0,0,0,0,11.5481699844201,57.1691360473633,112.441307067871,0,0,0,0,0,0,0,4.24464015960693,0,4.2112774848938,0,0,0,0,0,0,0,0,0,0,0,0,0,0,0,0,0,0,0,5.06202077865601,0,2.82091967264811,0,0,0,9.53794455069762,0,0,0,3.09239681561788,0,3.76433628354754,0,0,0,0,0,0,0,0,4.01989005363151,0,0,0,0,0,0,0,0,0,0,0,0,5.83431157800886,4.09351561286233,0,0,0
0,9.74114724722776,0,7.15738759169707,0,3.02208980917931,0,0,0,4.25089360645839,0,0,0,3.08323809262869,0,0,0,13.7575338363647,71.8082427978516,0,0,0,0,12.1690505550754,0,4.65159159171872,0,0,0,0,0,0,0,0,0,0,0,29.1689472198486,0,0,0,39.8981056213379,0,0,0,28.2539215087891,0,0,0,10.6790035752689,0,2.74071478843689,0,0,0,5.25192454530688,0,8.79723589760917,0,4.62405061721802,0,4.23326740264893,70.5629272460938,0,0,0,0,0,6.90178434761165,0,40.4170837402344,0,41.3299674987793,0,0,0,0,0,0,0,0,0,5.879991970626,3.59435629844666,28.7857242628585,0,0
16.2103475390888,46.1571884155273,52.2442283630371,0,102.783897399902,0,0,0,19.4846605062485,0,0,0,0,0,11.5481699844201,0,0,23.8951459345163,26.5171078784275,0,0,0,4.62412749637257,0,0,0,12.4368225171927,0,11.3312327318024,0,0,0,0,0,0,82.7448272705078,83.4475898742676,0,66.7310638427734,81.6659022111159,64.3574447324199,64.1189306259155,47.4617118763744,53.5064688837805,37.4617500305176,68.871218919754,90.9916229248047,0,55.0846659115383,83.2221984863281,0,0,0,0,0,0,67.9979145050049,0,56.3818740844727,99.284782409668,0,65.8065414428711,82.4272657541128,74.9320035863806,0,0,0,0,0,4.00576274735587,0,0,88.8622366587321,69.7098304748535,0,0,0,0,87.3506509656104,72.5649485765692,96.3491617838542,70.8644514083862,16.2586639636833,12.9914033329683,59.3882505548411,57.8709590218284,34.7644917170207
44.1218447685242,55.298820177714,33.5042419433594,53.3821894327799,0,0,0,0,0,7.20343617914112,0,0,0,0,57.1691360473633,13.7575338363647,23.8951459345163,0,18.9566502694426,73.8163681030273,0,0,0,7.66844781239827,0,5.42906810573696,51.4608402252197,0,70.6582768758138,0,0,0,0,0,0,0,0,62.4500846862793,0,75.299564230031,77.6220269814516,49.0055673243636,71.2200383273038,44.6567240005884,0,58.496670218075,77.9657020568848,0,82.1690139770508,65.8817189534505,0,0,0,0,0,4.83114337921143,83.4423217773438,0,0,0,0,83.9287872314453,75.8773927891508,111.493792533875,0,0,0,0,13.0281370387358,0,93.0821342468262,0,71.3971592585246,0,0,0,0,0,78.7541237244239,88.2532516479492,69.5077377319336,0,13.4090709452066,14.7695684386689,60.7090978165195,37.8352579863175,98.0948867797852
11.9767117045372,16.2339567493748,17.6312750543867,38.1083571717546,42.8897190093994,0,0,0,5.62247238709376,39.7310405731201,0,0,0,0,112.441307067871,71.8082427978516,26.5171078784275,18.9566502694426,0,57.2029324581749,32.8639793395996,66.3594799041748,0,57.6824798583984,0,0,57.5466690063477,0,0,0,0,0,0,0,0,56.2735920341647,62.441263785729,55.4498049418131,37.0230918884277,43.5902837373877,50.2526640247905,17.9209255226086,31.2944374035716,18.8328664599596,23.9236106872559,42.757035318249,98.8207321166992,0,20.9167874302975,45.9294214835534,0,0,0,0,0,53.1750944037186,45.3390012887808,51.5582408905029,0,0,0,62.2373390197754,52.5329309614815,55.9619727236159,64.9069519042969,0,56.5578514099121,0,61.9868869781494,0,52.0229001575046,0,45.640265685756,39.6240669250488,0,0,0,0,52.3158321320082,59.677493516882,44.4037393742673,47.3571621304467,16.166879333048,22.3707391408182,30.2149658273739,11.8010594519613,29.5803588839138
0,0,0,15.0064663205828,0,14.9591000420707,0,3.09011313120524,0,0,0,2.9967449076934,0,0,0,0,0,73.8163681030273,57.2029324581749,0,0,66.4469757080078,0,0,0,0,0,0,0,0,0,0,0,0,0,5.64620934213911,0,10.6701829539878,0,0,0,37.7516704135471,0,49.9294681549072,0,13.2502483170608,0,0,0,58.2616395950317,0,14.1772984928555,0,0,0,0,0,6.24709620979262,0,18.2829666137695,0,14.9271349906921,8.23063294206597,0,0,0,0,0,0,0,57.414098739624,0,57.5111888538707,0,0,0,0,0,9.35503292332093,0,18.4424396122203,0,5.31554143406204,0,12.6599398728963,0,0
26.2034065246582,0,0,0,4.91377050356757,0,4.4986348219007,0,0,0,4.71325147030305,0,0,0,0,0,0,0,32.8639793395996,0,0,0,0,0,0,0,0,0,0,0,0,0,0,0,0,0,4.76436816699098,0,5.20108462031718,0,46.4424673716227,0,61.6764653523763,0,0,0,20.5976860523224,28.8977298736572,0,0,12.7976694464684,0,8.87035989761353,0,0,0,7.13795223602882,0,0,0,0,0,0,7.52835641938053,0,0,0,0,0,0,0,0,0,14.9855844974518,0,0,0,0,0,10.1315192513996,0,7.58214855194092,13.2064086519924,0,6.00935971605909,0,0
0,36.649631023407,0,47.3935274396624,0,0,0,0,0,34.2805264790853,0,0,0,0,0,0,0,0,66.3594799041748,66.4469757080078,0,0,4.51115961530101,6.87942406574078,0,6.6254874196479,0,5.33763279000374,0,0,0,0,0,0,0,67.2143936157227,0,11.4629040006753,0,0,0,33.5411019325256,0,60.4075813293457,0,62.2469139099121,0,21.528470993042,0,9.47882141851694,0,0,0,0,0,0,0,0,0,0,0,27.0549405779157,57.9403508504232,0,5.04627700518502,6.57959539549691,11.2481920578901,0,10.9020382769156,0,8.9733907707402,0,0,0,0,0,0,0,98.3269119262695,0,10.6361646708156,0,6.21681985801592,5.55498186200857,32.2299183795327,30.2213592529297,0
0,0,0,0,0,0,0,0,0,0,0,0,0,0,0,0,4.62412749637257,0,0,0,0,4.51115961530101,0,0,6.84375989101302,0,6.84089136123657,0,4.09239323606196,0,0,0,0,0,0,0,0,0,4.03310694013323,0,0,0,0,0,0,0,0,0,5.21650914756619,0,0,0,0,0,0,0,0,0,0,0,0,0,0,0,5.66229225272563,4.60616483886338,0,8.39505024025073,0,6.13194463871143,0,4.48577834545881,0,0,0,0,0,0,0,0,0,13.2768824717828,4.41304943827982,4.99745143628588,0,0,0
0,14.6301666758708,0,25.3233542442322,0,0,0,0,0,6.06763487176378,0,0,0,0,0,12.1690505550754,0,7.66844781239827,57.6824798583984,0,0,6.87942406574078,0,0,0,8.22229418306376,0,0,0,0,0,0,0,0,0,0,0,6.86238449474551,0,0,0,12.9073108567132,0,0,0,62.1568438212077,0,0,0,13.2953613996506,0,0,0,0,0,5.98139284852103,0,29.3833465576172,0,0,0,18.6138703495848,0,0,10.3236120142643,0,5.1702791687517,0,8.55345720064809,0,0,0,0,0,0,0,0,0,0,0,10.6701132971266,0,8.40997978280352,0,17.2542821004473,0,0
0,0,0,0,0,0,0,0,3.5931508342425,0,0,0,0,0,0,0,0,0,0,0,0,0,6.84375989101302,0,0,0,4.83788704167941,0,0,0,0,0,0,0,0,0,0,0,4.64007648177769,0,0,0,0,0,0,0,0,0,7.11424250438296,0,0,0,0,0,4.12073004955782,0,0,0,0,0,6.12368984942166,0,0,0,0,8.38780216460532,0,6.64139289645111,0,6.01986667195909,0,0,0,0,0,0,0,0,0,0,0,5.61860888378293,5.61191153893104,0,5.99351620674133,0,0
0,0,0,0,0,0,0,0,0,17.2561817169189,0,0,0,5.28267385399407,0,4.65159159171872,0,5.42906810573696,0,0,0,6.6254874196479,0,8.22229418306376,0,0,0,3.37113002273771,0,0,0,0,0,0,0,0,0,10.0632660388947,0,0,0,55.2323789596558,0,0,0,0,0,0,0,12.5304008211408,0,0,0,0,0,16.6478751373291,0,14.0770306587219,0,3.91063945634024,0,8.90632674763504,0,0,5.6262606736776,0,10.5839208126068,0,6.26128177964932,0,0,0,0,0,0,0,0,0,71.1404495239258,0,0,0,7.67045275849032,0,32.0806865692139,0,0
0,0,0,0,0,0,0,0,2.90847493542565,0,0,0,0,0,4.24464015960693,0,12.4368225171927,51.4608402252197,57.5466690063477,0,0,0,6.84089136123657,0,4.83788704167941,0,0,0,3.41669322435672,0,0,0,0,0,0,0,0,0,0,0,0,0,0,0,0,0,0,0,0,0,0,0,0,0,4.33475187846592,0,0,0,7.43459726988904,0,0,0,0,0,0,4.0874188847012,0,8.6783797899882,0,4.05304539579106,0,3.84546748367516,0,0,0,0,0,0,0,0,0,0,13.8533935410636,17.0416297912598,0,0,0
0,0,0,0,0,0,0,0,0,0,0,0,0,4.61702165170149,0,0,0,0,0,0,0,5.33763279000374,0,0,0,3.37113002273771,0,0,0,3.38329814462101,0,0,0,0,0,0,0,5.23689261078835,0,0,0,0,0,0,0,0,0,0,0,0,0,0,0,0,0,0,0,0,0,3.18484020233154,0,0,0,0,4.72507842381795,0,0,0,4.82797916170577,0,4.47107512442958,0,6.28841277309086,0,0,0,0,0,0,0,5.57036979993184,0,2.93003220558167,0,0,0,0
0,0,0,0,0,0,0,0,0,0,0,0,0,0,4.2112774848938,0,11.3312327318024,70.6582768758138,0,0,0,0,4.09239323606196,0,0,0,3.41669322435672,0,0,0,3.53013450340186,0,0,0,0,0,0,0,3.09915279348691,0,0,0,0,0,0,0,0,0,0,0,0,0,0,0,0,0,2.95974699656169,0,6.47246558666229,0,0,0,0,0,0,6.75958614754227,0,0,0,3.2296779475995,0,4.31380510279092,0,4.05810143947601,0,0,0,0,0,0,0,0,5.06646490463844,6.56918162107468,0,0,0
0,0,0,0,0,0,0,0,0,0,0,5.90623009204865,0,0,0,0,0,0,0,0,0,0,0,0,0,0,0,3.38329814462101,0,0,0,0,0,0,0,0,0,2.98721241950989,0,0,0,0,0,0,0,0,0,0,0,0,0,0,0,0,0,0,0,2.89546452249799,0,0,0,0,0,0,0,0,0,0,0,0,9.93652688358959,0,7.60515832587017,0,0,0,0,0,0,0,8.23275652953557,0,3.17686279614766,0,0,0,0
0,0,0,0,0,0,0,0,0,0,3.18172013759613,0,0,0,0,0,0,0,0,0,0,0,0,0,0,0,0,0,3.53013450340186,0,0,0,0,0,0,0,0,0,3.04837730952672,0,0,0,0,0,0,0,0,0,0,0,0,0,0,0,0,0,5.27139002084732,0,0,0,0,0,0,22.7039070129395,0,0,0,0,0,0,0,4.79195218434617,0,6.77972265427986,0,0,0,0,0,0,0,3.53565937280655,2.89512486457825,0,0,0,0
0,0,0,0,0,0,0,0,0,0,0,0,0,0,0,0,0,0,0,0,0,0,0,0,0,0,0,0,0,0,0,0,3.40802558665537,3.68181729042667,0,4.14232099056244,0,0,0,9.60896952946981,0,0,0,0,0,0,0,10.2949713952299,0,14.1100996865167,0,0,0,0,0,0,0,0,0,0,0,0,0,0,0,0,0,0,0,0,0,0,0,0,3.27601347013424,2.91268181800842,3.7156553559187,6.95597791671753,8.97664843364195,0,0,0,3.17535480288149,0,0,0,0
0,0,0,0,0,0,0,0,0,0,0,0,0,0,0,0,0,0,0,0,0,0,0,0,0,0,0,0,0,0,0,3.40802558665537,0,4.8454122543335,3.39817237574607,6.11695861816406,4.01755363559865,0,0,18.3368784586589,0,0,0,0,0,0,0,6.07470981762849,5.17691915602911,12.8694668345981,0,0,0,0,0,0,0,0,0,0,0,0,0,0,0,0,0,0,0,0,0,0,0,0,5.30739537275062,6.05463968180763,5.60256188090255,3.76315133060728,0,15.1637987738118,0,0,3.28432602872781,0,0,0,0
0,0,0,0,0,0,0,0,0,0,0,0,0,0,0,0,0,0,0,0,0,0,0,0,0,0,0,0,0,0,0,3.68181729042667,4.8454122543335,0,3.3065339538399,3.98626757977056,0,3.5017917020626,5.53134795239097,0,0,0,0,0,0,0,0,6.46422260973877,0,13.0368955475943,0,0,0,0,0,0,0,0,0,0,0,0,0,0,0,0,0,0,0,0,0,0,0,0,4.23321127891541,5.6981315612793,4.40617713989899,4.6089330132191,5.70713107460424,0,6.15482231356063,0,3.41811679876768,3.67868334671547,0,0,0
0,0,0,0,0,0,0,0,0,0,0,0,0,0,0,0,0,0,0,0,0,0,0,0,0,0,0,0,0,0,0,0,3.39817237574607,3.3065339538399,0,0,8.26101217208764,0,4.26500450453516,0,0,0,0,0,0,0,0,5.07139171378033,3.56323082216324,0,0,0,0,0,0,0,0,0,0,0,0,0,0,0,0,0,0,0,0,0,0,0,0,0,0,4.94255660423308,3.13611992800011,5.05161226458787,0,6.71492719650269,0,5.12143105939657,3.35111298927894,0,0,0,0
0,46.5159969329834,32.3538770675659,14.7499477361378,0,15.6785632597434,0,0,0,20.9182876586914,0,2.96604752540588,0,0,0,0,82.7448272705078,0,56.2735920341647,5.64620934213911,0,67.2143936157227,0,0,0,0,0,0,0,0,0,4.14232099056244,6.11695861816406,3.98626757977056,0,0,3.24091415834262,6.84694666157522,0,17.4743766784668,63.4608192443848,38.7329388260841,54.5923252105713,43.5354858398438,0,31.8612648523771,47.9739189147949,5.71945966801173,0,11.8746583671767,0,19.2833938697459,0,0,0,21.3562832000928,48.1629020690918,17.2397837690128,0,19.4297241913645,0,18.7066124769358,9.7479770905554,0,0,0,0,0,57.108024597168,0,60.032782236735,0,57.5065239800347,0,4.30541486418649,11.1769037246704,5.46073989332586,0,6.475672167044,35.9633869941418,9.1448337298737,0,5.58295320016707,8.15163857596261,13.0016301433639,41.4573440551758,0
53.8654193878174,0,52.5804901123047,0,11.762580871582,0,0,0,0,0,23.0506162643433,0,0,0,0,0,83.4475898742676,0,62.441263785729,0,4.76436816699098,0,0,0,0,0,0,0,0,0,0,0,4.01755363559865,0,8.26101217208764,3.24091415834262,0,2.91424088478088,4.62569838355569,113.566070556641,48.2327627870772,0,70.0032836066352,0,0,96.6233749389648,35.8051379183505,9.6034412824807,11.0789125546273,0,21.3946409225464,0,0,0,0,0,41.7331763852027,0,43.5938682556152,0,0,0,0,7.89501644689451,0,0,0,0,0,0,0,0,0,0,0,4.99529662302562,0,6.73759336322903,3.90192941774296,5.52244859407039,0,6.82089804185403,5.73229320276934,5.41551366219154,25.5645721727802,0,46.2689781188965
0,21.2951266078626,0,32.1683146953583,0,0,0,0,0,11.5388805691789,0,2.96442651748657,0,0,0,29.1689472198486,0,62.4500846862793,55.4498049418131,10.6701829539878,0,11.4629040006753,0,6.86238449474551,0,10.0632660388947,0,5.23689261078835,0,2.98721241950989,0,0,0,3.5017917020626,0,6.84694666157522,2.91424088478088,0,6.39974654567698,77.2376575469971,0,16.0178369401032,0,57.2793312072754,0,26.8952564942209,0,8.93547805427259,0,10.6179105543967,0,0,0,0,0,10.4699529447863,0,19.5134647687276,0,0,0,29.2786783490862,16.5349448410521,0,15.1559301603158,0,6.93691809259494,0,16.0923368644714,0,7.46266814549764,0,18.0116834867568,0,0,0,3.47985924780369,0,8.41795782046485,0,6.26791235593549,3.30766515504746,10.0996229245295,0,15.7424932071666,31.483881632487,0
28.1267757415771,0,37.1565132141113,0,46.7859191894531,0,0,0,6.41956898473924,0,7.1937270748849,0,0,0,0,0,66.7310638427734,0,37.0230918884277,0,5.20108462031718,0,4.03310694013323,0,4.64007648177769,0,0,0,3.09915279348691,0,3.04837730952672,0,0,5.53134795239097,4.26500450453516,0,4.62569838355569,6.39974654567698,0,0,68.8841705322266,0,50.6062726240892,0,0,0,22.6582527160645,6.26897640863382,9.11999627194141,0,45.8241500854492,0,0,0,7.35478684797392,0,6.89069337561979,0,0,0,0,0,0,15.8909918853215,0,3.77316468603471,0,7.3574776180789,0,0,0,5.36298556888805,0,4.67276307514736,0,0,10.3927637549008,8.27773188627683,0,8.79720548872095,9.59291253771101,5.54264212175167,6.04695852170157,0,7.56373424464107,0,31.5437602996826
60.0363807678223,31.9735660552979,0,30.5431247438703,0,0,0,0,0,62.1725044250488,0,0,0,0,0,0,81.6659022111159,75.299564230031,43.5902837373877,0,0,0,0,0,0,0,0,0,0,0,0,9.60896952946981,18.3368784586589,0,0,17.4743766784668,113.566070556641,77.2376575469971,0,0,96.339469909668,26.5574193457534,89.1538314819336,30.5771948730244,0,15.0670054867154,0,6.76699211796125,11.0782850165116,8.57300114814739,0,0,0,0,0,40.6576728820801,129.572250366211,34.5431442260742,0,0,0,49.6010036468506,26.2100516508317,0,0,0,0,0,0,0,68.438720703125,0,67.4135516240047,0,8.09711384773254,18.7860546112061,0,0,14.3841134352613,102.303843180339,52.8613555530707,0,49.5516186321483,0,21.1581033369141,29.6881071423727,0
33.8870596399113,0,42.2731914520264,0,47.3134765625,0,0,0,41.309642791748,0,52.8017349243164,0,0,0,0,0,64.3574447324199,77.6220269814516,50.2526640247905,0,46.4424673716227,0,0,0,0,0,0,0,0,0,0,0,0,0,0,63.4608192443848,48.2327627870772,0,68.8841705322266,96.339469909668,0,96.8045558929443,29.436172115509,76.8878682454427,36.2211541020593,97.9086583455404,13.4102253934042,0,9.44739636933362,0,0,0,0,0,0,0,59.7500939263238,0,0,0,0,0,83.4722569783529,28.3553058967339,0,0,0,0,0,0,0,0,0,26.1099106788635,0,0,0,0,113.751941680908,48.0621024546928,115.244842529297,64.7277615236681,48.7232077856484,49.462478984486,36.5871463991079,0,35.4699805577596
0,26.0600765995178,0,37.8149177414215,0,0,0,0,0,13.5903921232224,0,0,0,0,0,39.8981056213379,64.1189306259155,49.0055673243636,17.9209255226086,37.7516704135471,0,33.5411019325256,0,12.9073108567132,0,55.2323789596558,0,0,0,0,0,0,0,0,0,38.7329388260841,0,16.0178369401032,0,26.5574193457534,96.8045558929443,0,12.8878593903321,13.5776359859833,0,22.1554265759363,0,11.4860002027976,17.0803849110838,19.6511209431033,0,0,0,0,0,29.4181302256054,75.9272003173828,43.9937090192522,0,44.2134133852445,0,29.9593904194725,32.9819410677176,72.2638549804688,34.506601969401,0,24.6529071728388,0,25.6765835285187,0,31.6628441551859,0,32.0611862758183,0,0,0,0,0,35.0858118836488,95.8850544520787,28.6029593656803,0,14.895119680843,34.9464502334595,16.253410824132,11.5342556884127,0
17.8539821956216,0,30.8609567441438,0,50.6039622882465,0,0,0,17.1406229551022,0,0,0,0,0,0,0,47.4617118763744,71.2200383273038,31.2944374035716,0,61.6764653523763,0,0,0,0,0,0,0,0,0,0,0,0,0,0,54.5923252105713,70.0032836066352,0,50.6062726240892,89.1538314819336,29.436172115509,12.8878593903321,0,35.6853275299072,11.1982760656448,68.6799774169922,44.1855930600847,51.4911755720774,8.99214274267321,28.0335519313812,49.0728956604004,0,0,0,37.1920998732249,0,35.1347919401461,0,35.8794006771512,0,0,0,58.8626174926758,37.6990174107582,0,25.838191986084,0,11.6277197491039,0,0,0,63.4765205383301,0,58.448727077908,0,0,0,0,95.1908721923828,39.8080885881452,0,61.488993372236,19.0636443359366,37.7617913497122,18.5756257531092,0,13.0462978042907
0,12.2935789108276,0,18.2731231689453,0,0,0,0,0,31.3393306732178,0,0,0,0,0,0,53.5064688837805,44.6567240005884,18.8328664599596,49.9294681549072,0,60.4075813293457,0,0,0,0,0,0,0,0,0,0,0,0,0,43.5354858398438,0,57.2793312072754,0,30.5771948730244,76.8878682454427,13.5776359859833,35.6853275299072,0,0,30.0056005432492,0,0,0,34.8190728739688,0,0,0,0,0,30.2058040912335,0,0,0,26.0463790893555,0,28.4809436798096,30.8701999418197,0,0,0,0,0,45.4449183146159,0,48.7454738616943,0,49.0711784362793,0,0,0,0,0,38.6725153939924,85.8219299316406,31.4753536763399,0,21.2191481732804,31.137088060379,21.1083737860669,17.2528781096141,0
0,0,24.3434410095215,62.3858947753906,0,0,0,0,0,0,0,0,0,0,0,0,37.4617500305176,0,23.9236106872559,0,0,0,0,0,0,0,0,0,0,0,0,0,0,0,0,0,0,0,0,0,36.2211541020593,0,11.1982760656448,0,0,0,37.9232597351074,0,39.9393463134766,0,0,0,0,0,26.3892583847046,0,41.9592196146647,0,0,0,0,0,0,35.2237930297852,0,0,0,0,0,0,0,0,0,0,0,0,0,0,0,41.142234709955,0,41.0860557556152,15.0275969043855,16.7971801757812,37.4317323684692,0,0
0,21.8650531768799,0,24.1582882165909,0,0,0,0,0,29.787636756897,0,0,0,0,0,28.2539215087891,68.871218919754,58.496670218075,42.757035318249,13.2502483170608,0,62.2469139099121,0,62.1568438212077,0,0,0,0,0,0,0,0,0,0,0,31.8612648523771,96.6233749389648,26.8952564942209,0,15.0670054867154,97.9086583455404,22.1554265759363,68.6799774169922,30.0056005432492,0,0,0,0,0,45.1700063112403,0,0,0,0,0,39.6255749464035,0,41.7949554443359,0,26.4852294921875,0,30.6490421295166,13.3138344885062,0,80.1061019897461,0,51.1048965454102,0,53.5334527757433,0,52.4149486835186,0,49.5496850967407,0,0,0,0,0,19.1775786069978,80.5833028157552,29.3928558590971,0,38.3096512022929,0,19.9029788973992,39.4002153396606,0
0,0,18.6866626739502,0,54.3258380889893,0,0,0,0,0,31.9458274841309,0,0,0,0,0,90.9916229248047,77.9657020568848,98.8207321166992,0,20.5976860523224,0,0,0,0,0,0,0,0,0,0,0,0,0,0,47.9739189147949,35.8051379183505,0,22.6582527160645,0,13.4102253934042,0,44.1855930600847,0,37.9232597351074,0,0,50.7322800954183,47.3765080769857,0,0,0,0,0,0,0,36.9237085360925,0,0,0,0,0,0,14.3497019220043,0,0,0,0,0,0,0,44.0697593688965,0,44.4257972023704,0,0,0,0,0,21.3487012741468,0,15.6265769901328,34.9726319164038,45.9172668457031,22.546172867062,0,46.3688087463379
0,0,40.4498466491699,0,49.6784515380859,0,0,0,0,0,0,0,0,0,0,0,0,0,0,0,28.8977298736572,21.528470993042,0,0,0,0,0,0,0,0,0,10.2949713952299,6.07470981762849,6.46422260973877,5.07139171378033,5.71945966801173,9.6034412824807,8.93547805427259,6.26897640863382,6.76699211796125,0,11.4860002027976,51.4911755720774,0,0,0,50.7322800954183,0,4.78980642087421,6.31643499803555,0,0,0,0,0,0,48.5336031420478,0,0,0,0,0,0,43.9572992324829,27.6758623123169,31.9041347503662,0,0,0,0,0,0,0,63.1453475952148,7.0431850828959,7.28812128995772,5.70051070622035,4.27097711670815,6.57725023206376,12.1084218973292,7.76931882634455,10.4110864770305,4.69982114007703,7.02845420335469,8.65714594547565,0,0
5.61412180122451,0,6.32674923376604,0,46.1262054443359,0,0,0,6.08513096022227,0,0,0,0,0,5.06202077865601,0,55.0846659115383,82.1690139770508,20.9167874302975,0,0,0,5.21650914756619,0,7.11424250438296,0,0,0,0,0,0,0,5.17691915602911,0,3.56323082216324,0,11.0789125546273,0,9.11999627194141,11.0782850165116,9.44739636933362,17.0803849110838,8.99214274267321,0,39.9393463134766,0,47.3765080769857,4.78980642087421,0,6.98703478184196,45.0249938964844,0,0,0,8.06838176782067,0,46.1752179601918,0,7.66539879143238,0,4.90929665377266,0,0,56.9247639973958,0,7.95516913000289,0,6.86093727025119,0,8.3518154037242,0,9.96151827342475,0,6.99238238172624,0,8.30879218761737,0,4.51716956784648,0,7.87329582756474,0,6.86654412275464,8.27841045082209,31.8106109619141,7.20907001901302,0,21.9872344970703
0,11.0497780817629,0,13.7159128954811,0,0,0,0,0,23.5428240883107,0,0,0,0,0,10.6790035752689,83.2221984863281,65.8817189534505,45.9294214835534,58.2616395950317,0,9.47882141851694,0,13.2953613996506,0,12.5304008211408,0,0,0,0,0,14.1100996865167,12.8694668345981,13.0368955475943,0,11.8746583671767,0,10.6179105543967,0,8.57300114814739,0,19.6511209431033,28.0335519313812,34.8190728739688,0,45.1700063112403,0,6.31643499803555,6.98703478184196,0,0,0,0,0,0,23.385268740032,0,12.1306642095248,0,7.61979909472995,0,9.57511147497749,34.3897746871499,0,7.07087847100435,0,14.4147112333595,0,13.6865054601646,0,10.4815805363538,0,14.2493082158109,0,8.59794231823513,16.1357334136963,6.04683983509357,0,14.5562772212884,0,7.92974993574474,96.7443542480469,13.0530424101637,22.0847949981689,14.0475853217867,23.1613393290001,0
0,0,6.4899135205598,0,5.66934754798256,0,2.98686075210571,0,3.76394833837237,0,0,0,0,0,2.82091967264811,0,0,0,0,0,12.7976694464684,0,0,0,0,0,0,0,0,0,0,0,0,0,0,0,21.3946409225464,0,45.8241500854492,0,0,0,49.0728956604004,0,0,0,0,0,45.0249938964844,0,0,0,4.5246150540067,0,3.53863921761513,0,7.17374378508264,0,3.90432750095021,0,4.01833629608154,0,0,10.0573607206345,0,0,0,0,0,0,0,0,0,0,0,0,0,0,0,24.2559108734131,0,0,5.69044088878515,39.5438385009766,13.1755372881889,0,0
0,0,0,11.4033131222976,0,4.45481639937427,0,3.96346765603775,0,4.08978855609894,0,0,0,0,0,2.74071478843689,0,0,0,14.1772984928555,0,0,0,0,0,0,0,0,0,0,0,0,0,0,0,19.2833938697459,0,0,0,0,0,0,0,0,0,0,0,0,0,0,0,0,0,2.88811999818553,0,3.57783598899841,0,7.61451152165731,0,0,0,2.71854877471924,17.626155926631,0,0,0,0,0,0,0,0,0,45.6269664764404,0,0,0,0,0,22.5266638924094,0,0,0,21.2005450648646,0,9.93841325376452,0,0
0,0,0,0,6.14558374881744,0,4.01372662006609,0,0,0,3.4890860915184,0,0,0,0,0,0,0,0,0,8.87035989761353,0,0,0,0,0,0,0,0,0,0,0,0,0,0,0,0,0,0,0,0,0,0,0,0,0,0,0,0,0,4.5246150540067,0,0,0,0,0,5.5385385884179,0,0,0,0,0,0,5.70293521881104,0,0,0,0,0,0,0,0,0,0,0,0,0,0,0,0,0,0,3.05191575830633,0,0,0,0
0,0,0,0,0,0,0,3.44787024550077,0,0,0,0,0,0,0,0,0,0,0,0,0,0,0,0,0,0,0,0,0,0,0,0,0,0,0,0,0,0,0,0,0,0,0,0,0,0,0,0,0,0,0,2.88811999818553,0,0,0,0,0,3.79252353244358,0,0,0,0,0,0,0,0,0,0,0,0,0,0,0,0,0,0,0,0,0,0,0,0,2.94338250160217,0,0,0,0
5.8177109944985,0,5.81945129994596,0,10.9570112228394,0,0,0,6.74311200259985,0,0,0,0,0,9.53794455069762,0,0,0,0,0,0,0,0,0,4.12073004955782,0,4.33475187846592,0,0,0,0,0,0,0,0,0,0,0,7.35478684797392,0,0,0,37.1920998732249,0,26.3892583847046,0,0,0,8.06838176782067,0,3.53863921761513,0,0,0,0,0,32.4363914489746,0,29.5657825469971,0,6.29865176010132,0,0,0,0,0,0,5.0955450828351,0,9.1133122410093,0,0,0,0,0,0,0,0,0,0,0,8.4940845723291,9.57591398100099,0,8.38060771215421,0,42.553882598877
0,7.78698157129605,0,8.56172352348925,0,3.72647137142891,0,0,0,4.32093354785435,0,0,0,0,0,5.25192454530688,0,4.83114337921143,53.1750944037186,0,0,0,0,5.98139284852103,0,16.6478751373291,0,0,0,0,0,0,0,0,0,21.3562832000928,0,10.4699529447863,0,40.6576728820801,0,29.4181302256054,0,30.2058040912335,0,39.6255749464035,0,0,0,23.385268740032,0,3.57783598899841,0,0,0,0,0,18.6887954076131,0,24.7945823669434,0,6.67624018799444,69.9006729125977,0,0,0,7.1148254105023,0,32.8717617034912,0,40.0898714065552,0,45.1545617239816,0,0,0,0,0,38.0404956605699,0,17.0231275757154,0,23.2772731206096,35.1088943481445,20.6512604814661,56.19580078125,0
23.4825446772021,0,27.1739894801173,0,24.8790098610571,0,0,0,25.5435345172882,0,5.71170768444275,0,3.50424305597941,0,0,0,67.9979145050049,83.4423217773438,45.3390012887808,0,7.13795223602882,0,0,0,0,0,0,0,2.95974699656169,0,5.27139002084732,0,0,0,0,48.1629020690918,41.7331763852027,0,6.89069337561979,129.572250366211,59.7500939263238,75.9272003173828,35.1347919401461,0,41.9592196146647,0,36.9237085360925,48.5336031420478,46.1752179601918,0,7.17374378508264,0,5.5385385884179,0,32.4363914489746,0,0,0,4.85110496335325,0,4.27931960423787,0,0,12.8540437182753,0,23.3240770551893,0,0,0,19.2295197677612,0,6.20525645414988,0,7.34947540452284,0,0,0,0,0,47.8948492300315,0,22.2852077186108,33.5474424769369,39.0217600735751,15.662740324394,0,19.5837114377954
0,17.502349281311,0,5.01440244454604,0,7.32137222201736,0,5.63330926516005,0,0,0,6.12796840806177,0,3.06852847337723,0,8.79723589760917,0,0,51.5582408905029,6.24709620979262,0,0,0,29.3833465576172,0,14.0770306587219,0,0,0,2.89546452249799,0,0,0,0,0,17.2397837690128,0,19.5134647687276,0,34.5431442260742,0,43.9937090192522,0,0,0,41.7949554443359,0,0,0,12.1306642095248,0,7.61451152165731,0,3.79252353244358,0,18.6887954076131,0,0,0,4.54433970422191,0,7.40963657874365,11.807013540111,0,0,0,34.0353813171387,0,10.163606729533,0,6.84854731180148,0,8.00175237491213,0,0,0,0,0,18.7049452231748,0,11.9202526903152,0,15.9603595329543,0,8.06266716760081,23.9759368896484,0
0,0,8.34822058677673,0,0,0,0,0,0,0,2.91181832551956,0,3.58037769858212,0,3.09239681561788,0,56.3818740844727,0,0,0,0,0,0,0,0,0,7.43459726988904,0,6.47246558666229,0,0,0,0,0,0,0,43.5938682556152,0,0,0,0,0,35.8794006771512,0,0,0,0,0,7.66539879143238,0,3.90432750095021,0,0,0,29.5657825469971,0,4.85110496335325,0,0,0,5.43183845418939,0,0,17.4572613579886,0,27.1376919746399,0,12.9716057777405,0,7.01621524102049,0,5.94785304618961,0,38.2327480316162,0,0,0,0,0,59.7974014282227,0,0,24.3721643606822,0,20.3784991900126,0,25.4556563241141
0,9.88992118835449,0,5.23454442108877,0,0,0,3.74683769693914,0,0,0,5.46549092756735,0,4.42690045434518,0,4.62405061721802,99.284782409668,0,0,18.2829666137695,0,0,0,0,0,3.91063945634024,0,3.18484020233154,0,0,0,0,0,0,0,19.4297241913645,0,0,0,0,0,44.2134133852445,0,26.0463790893555,0,26.4852294921875,0,0,0,7.61979909472995,0,0,0,0,0,24.7945823669434,0,4.54433970422191,0,0,0,4.33876112470486,16.6062707034024,0,0,0,0,0,4.78214347904379,0,4.64571767052015,0,39.2968692779541,0,0,0,0,0,23.3291138807933,0,0,0,5.6512720006885,0,10.1029425144196,0,0
5.24678577076305,0,4.64312092959881,0,8.65715026855469,0,0,0,4.79000260365211,0,0,0,4.09606122970581,0,3.76433628354754,0,0,0,0,0,0,0,0,0,6.12368984942166,0,0,0,0,0,0,0,0,0,0,0,0,0,0,0,0,0,0,0,0,0,0,0,4.90929665377266,0,4.01833629608154,0,0,0,6.29865176010132,0,4.27931960423787,0,5.43183845418939,0,0,0,0,0,0,25.4616184234619,0,7.84684800534021,0,5.28065221288563,0,4.7992058931771,0,0,0,0,0,0,0,0,0,0,12.3695855140686,0,8.27353417873383,0,33.8320846557617
0,8.7632613219032,0,7.15001173052832,0,4.50451801717281,0,0,0,6.80085721697126,0,0,0,5.06905555725098,0,4.23326740264893,65.8065414428711,83.9287872314453,62.2373390197754,14.9271349906921,0,27.0549405779157,0,18.6138703495848,0,8.90632674763504,0,0,0,0,0,0,0,0,0,18.7066124769358,0,29.2786783490862,0,49.6010036468506,0,29.9593904194725,0,28.4809436798096,0,30.6490421295166,0,0,0,9.57511147497749,0,2.71854877471924,0,0,0,6.67624018799444,0,7.40963657874365,0,4.33876112470486,0,0,24.4413040161133,0,32.8666693369548,0,21.8372047117778,0,6.20512450809634,0,20.9482371807098,0,45.214572429657,0,0,0,0,0,29.9748922771878,0,51.0797973632813,0,25.2276670662862,0,15.9586458568604,31.9164428710938,0
0,29.1329393386841,0,34.847714805603,0,17.033805847168,0,12.1035499572754,0,87.868034362793,0,9.07650923728943,0,0,0,70.5629272460938,82.4272657541128,75.8773927891508,52.5329309614815,8.23063294206597,0,57.9403508504232,0,0,0,0,0,0,0,0,0,0,0,0,0,9.7479770905554,0,16.5349448410521,0,26.2100516508317,83.4722569783529,32.9819410677176,58.8626174926758,30.8701999418197,0,13.3138344885062,0,0,0,34.3897746871499,0,17.626155926631,0,0,0,69.9006729125977,0,11.807013540111,0,16.6062707034024,0,24.4413040161133,0,0,50.9950675964355,0,40.4128036499023,0,26.7988500084196,0,39.5162681818008,0,29.1409441819558,0,0,0,0,0,13.8683085433893,102.479113769531,17.8207283767723,91.6878814697266,30.8528428846949,78.5895233154297,17.874985590665,48.1401653289795,127.290161132812
30.6085208546032,0,40.2574026107788,0,23.0186793463571,0,4.72288155555725,0,0,0,20.5870867919922,0,0,0,0,0,74.9320035863806,111.493792533875,55.9619727236159,0,7.52835641938053,0,0,0,0,0,0,0,0,0,22.7039070129395,0,0,0,0,0,7.89501644689451,0,15.8909918853215,0,28.3553058967339,72.2638549804688,37.6990174107582,0,35.2237930297852,0,14.3497019220043,43.9572992324829,56.9247639973958,0,10.0573607206345,0,5.70293521881104,0,0,0,12.8540437182753,0,17.4572613579886,0,0,0,0,0,0,0,0,0,0,0,0,22.0354273148945,0,18.0945334675766,0,0,0,0,0,19.4666300946808,131.856994628906,9.41179968416691,28.2232981516469,0,13.9703407493382,0,31.0353361765544
0,41.0917663574219,0,51.3426074981689,0,0,0,0,0,38.0141525268555,0,0,0,0,0,0,0,0,64.9069519042969,0,0,5.04627700518502,5.66229225272563,10.3236120142643,0,5.6262606736776,0,4.72507842381795,0,0,0,0,0,0,0,0,0,15.1559301603158,0,0,0,34.506601969401,0,0,0,80.1061019897461,0,27.6758623123169,0,7.07087847100435,0,0,0,0,0,0,0,0,0,0,0,32.8666693369548,50.9950675964355,0,0,16.2791023254395,9.58210867250359,0,6.9194388377017,0,7.56405475092869,0,0,0,0,0,0,0,0,0,9.87693877289047,0,9.18742715957781,5.9233531832695,25.1477521260579,0,0
0,0,0,0,0,0,0,0,0,0,0,0,0,0,0,0,0,0,0,0,0,6.57959539549691,4.60616483886338,0,8.38780216460532,0,4.0874188847012,0,6.75958614754227,0,0,0,0,0,0,0,0,0,3.77316468603471,0,0,0,25.838191986084,0,0,0,0,31.9041347503662,7.95516913000289,0,0,0,0,0,0,0,23.3240770551893,0,27.1376919746399,0,25.4616184234619,0,0,0,16.2791023254395,0,0,6.34936911959044,0,5.74461088035379,0,10.0640789903539,0,18.3841852611966,0,0,0,0,0,0,0,9.86295144520459,6.91844314247815,4.88957877386184,27.4468691689628,0,0
0,12.2741728283638,0,27.7202264612371,0,0,0,0,0,10.4963285111632,0,0,0,0,0,0,0,0,56.5578514099121,0,0,11.2481920578901,0,5.1702791687517,0,10.5839208126068,0,0,0,0,0,0,0,0,0,0,0,6.93691809259494,0,0,0,24.6529071728388,0,0,0,51.1048965454102,0,0,0,14.4147112333595,0,0,0,0,0,7.1148254105023,0,34.0353813171387,0,0,0,21.8372047117778,40.4128036499023,0,9.58210867250359,0,0,0,9.50292467016034,0,3.769362449646,0,27.8500728607178,0,0,0,0,0,79.9426574707031,0,8.25072053220401,0,11.9832805178382,0,12.9679651767977,0,0
0,0,0,0,0,0,0,0,9.96930001763737,0,0,0,0,0,0,0,0,0,0,0,0,0,8.39505024025073,0,6.64139289645111,0,8.6783797899882,0,0,0,0,0,0,0,0,0,0,0,7.3574776180789,0,0,0,11.6277197491039,0,0,0,0,0,6.86093727025119,0,0,0,0,0,5.0955450828351,0,0,0,12.9716057777405,0,7.84684800534021,0,0,0,0,6.34936911959044,0,0,0,7.26632161487436,0,16.0913455486298,0,0,0,0,0,0,0,0,0,6.31550550321226,9.13755266581263,0,8.18175356697153,0,0
0,25.5999982357025,0,33.3173215389252,0,0,0,0,0,26.3456373214722,0,0,0,8.86638103618103,0,6.90178434761165,0,13.0281370387358,61.9868869781494,0,0,10.9020382769156,0,8.55345720064809,0,6.26128177964932,0,4.82797916170577,0,0,0,0,0,0,0,57.108024597168,0,16.0923368644714,0,0,0,25.6765835285187,0,45.4449183146159,0,53.5334527757433,0,0,0,13.6865054601646,0,0,0,0,0,32.8717617034912,0,10.163606729533,0,4.78214347904379,0,6.20512450809634,26.7988500084196,0,6.9194388377017,0,9.50292467016034,0,0,0,4.51127568452643,0,38.9308075904846,0,0,0,0,0,65.7155467442104,0,40.9191246032715,0,23.277668547123,0,20.4173364090854,0,0
23.603889465332,0,0,0,0,0,0,0,9.06170177459717,0,0,0,0,0,4.01989005363151,0,4.00576274735587,0,0,0,0,0,6.13194463871143,0,6.01986667195909,0,4.05304539579106,0,3.2296779475995,0,0,0,0,0,0,0,0,0,0,0,0,0,0,0,0,0,0,0,8.3518154037242,0,0,0,0,0,9.1133122410093,0,19.2295197677612,0,7.01621524102049,0,5.28065221288563,0,0,0,0,5.74461088035379,0,7.26632161487436,0,0,0,9.7791122295146,0,17.6199685732524,0,0,0,0,0,0,0,0,10.8398417198297,0,11.9799041218228,0,0
0,29.679287264424,0,35.4130629606025,0,0,0,0,0,26.0947863715036,0,0,0,0,0,40.4170837402344,0,93.0821342468262,52.0229001575046,57.414098739624,0,8.9733907707402,0,0,0,0,0,4.47107512442958,0,9.93652688358959,0,0,0,0,0,60.032782236735,0,7.46266814549764,0,68.438720703125,0,31.6628441551859,0,48.7454738616943,0,52.4149486835186,0,0,0,10.4815805363538,0,0,0,0,0,40.0898714065552,0,6.84854731180148,0,4.64571767052015,0,20.9482371807098,39.5162681818008,0,7.56405475092869,0,3.769362449646,0,4.51127568452643,0,0,0,4.84583136247463,0,0,0,0,0,69.9162612642561,0,5.91995380563779,0,32.8977142636369,0,21.7268939144147,25.6721886528863,0
0,0,0,0,36.9699859619141,0,0,0,0,0,3.87546887851897,0,2.82465162277222,0,0,0,0,0,0,0,0,0,4.48577834545881,0,0,0,3.84546748367516,0,4.31380510279092,0,4.79195218434617,0,0,0,0,0,0,0,5.36298556888805,0,0,0,63.4765205383301,0,0,0,44.0697593688965,0,9.96151827342475,0,0,0,0,0,0,0,6.20525645414988,0,5.94785304618961,0,4.7992058931771,0,0,22.0354273148945,0,10.0640789903539,0,16.0913455486298,0,9.7791122295146,0,0,0,7.35914780158489,0,0,0,0,0,56.604002732497,0,4.88406928157509,13.8835334024931,0,18.13187586028,0,0
0,28.0919478472541,0,33.9148707554258,0,0,0,0,0,27.3408288955688,0,3.24743150781702,0,0,0,41.3299674987793,88.8622366587321,71.3971592585246,45.640265685756,57.5111888538707,0,0,0,0,0,0,0,6.28841277309086,0,7.60515832587017,0,0,0,0,0,57.5065239800347,0,18.0116834867568,0,67.4135516240047,0,32.0611862758183,0,49.0711784362793,0,49.5496850967407,0,0,0,14.2493082158109,0,45.6269664764404,0,0,0,45.1545617239816,0,8.00175237491213,0,39.2968692779541,0,45.214572429657,29.1409441819558,0,0,0,27.8500728607178,0,38.9308075904846,0,4.84583136247463,0,0,0,0,0,0,0,63.1474202753423,0,7.25606587794439,0,36.1510836196272,0,22.0304413613568,23.3338840098321,0
29.6432778835297,0,32.2326838175456,0,44.2139587402344,0,0,0,0,0,8.06219262235305,0,0,0,0,0,69.7098304748535,0,39.6240669250488,0,14.9855844974518,0,0,0,0,0,0,0,4.05810143947601,0,6.77972265427986,0,0,0,0,0,0,0,4.67276307514736,0,26.1099106788635,0,58.448727077908,0,0,0,44.4257972023704,63.1453475952148,6.99238238172624,0,0,0,0,0,0,0,7.34947540452284,0,38.2327480316162,0,0,0,0,18.0945334675766,0,18.3841852611966,0,0,0,17.6199685732524,0,7.35914780158489,0,0,0,0,0,0,0,57.3213788460994,0,5.94280298704518,36.8037021213108,40.5398025512695,6.79640382466001,0,21.743143081665
