0,1.37077861253527e-05,0.0373511762248434,0,0,0,0,0,0.0196340439524185,0,4.1209752826999e-05,0,0,0,0.000727011675093495,0,0.000610092021789339,3.44014316610638e-05,0.0015681647383722,0,0.000395716270938366,0,0,0,0,0,0,0,0,0,0,0,0,0,0,0,0,0,0,3.66112156949287e-05,0,2.04936553333747e-05,0.0030740092440553,0,0,0.000116893882744374,0.00104751591126457,0,0.0234626900896703,0,0,0,0,0,0.0585074122485396,0,0.0031289595738509,0,0.0180823580984795,0,0.0160113457258905,0,0,0.0029050049098166,0,0,0,0,0,0,0,0,0,0.000620105798182772,0,0,0,0,1.2108305340087e-05,0.00100930734971678,0,5.52877672532913e-05,0.000390336590510583,0,0.0155510628508282,0,9.59628135262037e-05
1.37077861253527e-05,0,0,0.00946653809188297,0,0,0,0,0,0.0584023162770268,0,0,0,0,0,0.00841785882173526,1.31561555453176e-05,0,0.00038406581422987,0,0,0,0,0,0,0,0,0,0,0,0,0,0,0,0,0,0,1.89592950398812e-05,5.22967580690511e-06,0.000145749453332502,0,0.0219622801128797,0,0,0,1.1899359657687e-05,3.54294811562211e-05,0.000252023099331519,0,0.00759937182711444,0,0,0,0,0,0.108903105281149,0,0,0,0,0,0,0,7.44431100560105e-06,0,0,0,0,0,0,0,0,2.10891496642108e-05,0,0,0,0,0,0,1.14392099796436e-05,0,0,0.00111637277629332,9.89832726745645e-07,0.0139913654333845,0,0
0.0373511762248434,0,0,3.80171609373054e-05,0.00106365738853826,0,0,0,0.0111358286549335,0,1.74038024364374e-05,0,0,0,0,0,0,0,0.000294464724856447,0,0.000183106679832939,0,0,0,0,0,0,0,0,0,0,0,0,0,0,0,0,0,0,0.00030290295340934,0.00191696952160398,0.000111468286168416,0.00272342742491318,0,0,5.94272702935062e-05,0.00197361216034154,0,0.0055896466838418,0.000199134049757497,0.0109901077801824,0,0,0,0.01242387547544,0,0.00181136614133515,0,0.0019441235727026,0,0.0102371278712596,0,0,0.000808891324223896,0,0,0,0,0,0,0,3.83217167242346e-05,0,0.00116051361823635,0,0,0,0,1.29582547645667e-06,0.000109466214054173,0,3.62931005596937e-06,0.000110937430902451,0,0.0114712704972845,0,0.00177593668171241
0,0.00946653809188297,3.80171609373054e-05,0,0,0.00929365148709321,0,0,0,0.00443903501242051,0,0,0,0,0,0.00230211196197495,0,0,0.000123754051664628,0,0,0,0,0,0,0,0,0,0,0,0,0,0,0,0,0.000678889280612733,0,0,0,0.00326090565642638,0.000460586345347,0.0164869016466914,0.000478630478333855,0,0,0.00331908963287476,0.000339527497238869,0.000701326345047492,0.00180631674626267,0.0102875866389289,0,0.0704961889849055,0,0,0,0.00826597847256451,4.35061200484907e-05,0.000335684471024187,0,0.00356268789070103,0,0.06349690948096,6.57233358657529e-05,0,0,0,0,0,0,0,0,4.72520595905983e-05,0.000298689527843235,0,0,0,0,0,0.000283179614107511,1.50414251716711e-06,6.04222407661918e-05,0,0.000697852736935467,1.86695891012502e-05,0.0285734331629889,0.000543788002513102,0.000967731003073944
0,0,0.00106365738853826,0,0,0,0,0,0.00593086176827194,0,0,0,0,0,0,0,0,0,0,0,0.00239981839184612,0,0,0,0,0,0,0,0,0,0,0,0,0,0,0,0.000148089323512071,0,0,0,0,0,0,0,0,0,0,0,0,0,0.0665703528540354,0,0,0,0,0,0.000578983879762508,0,0.000185458987524677,0,0.00131625124905568,0,0,0.000390467151646528,0,0,0,0,0,0,0,0,0,0.000115974088917714,0,0,0,0,0,0,0,0,0.000640026405978059,2.21132657600843e-05,0.00360729173946657,0,0
0,0,0,0.00929365148709321,0,0,0,0.0124430287418811,0,0.000139885501498852,0,0,0,0,0,0,0,0,0,0.000214961313758977,0,0,0,0,0,0,0,0,0,0,0,0,0,0,0,1.83923719755895e-06,0,0,0,1.35665596608121e-05,0,4.16188468768116e-05,0,0,0,0,0,0,0,1.53453305227504e-05,0,0.0672004497769845,0,0.000267676399492319,0,0.000198573132302912,0,0.000464950513942099,0,0,0,0.00305674551192203,0,0,0,0,0,0,0,0,0,0,0,0,0,0,0,0,1.97910891801545e-05,0,0,0,0.00241215605013629,0.000197776379927231,0.000232616046839894,0,0
0,0,0,0,0,0,0,0,0,0,0.00279877095392399,0,0.00156854554120158,0,0,0,0,0,0,0,0.00072157646335088,0,0,0,0,0,0,0,0,0,0,0,0,0,0,0,0,0,0,0,0,0,0,0,0,0,0,0,0,0,0,0,0.0321890112961949,0,0,0,0.00337685283949549,0,0.00484937559183763,0,0,0,0,0,0,0,0,0,0,0,0,0,0,0,0,0,0,0,0,0,0,0,0.00253646955657355,8.26649764191468e-05,0,0,0
0,0,0,0,0,0.0124430287418811,0,0,0,0,0,0.00335574148130389,0,0,0,0,0,0,0,0,0,0,0,0,0,0,0,0,0,0,0,0,0,0,0,0,0,0,0,0,0,0,0,0,0,0,0,0,0,0,0,0.00598201953153409,0,0.117720851057138,0,0,0,0.00628976705601175,0,0.000230298948305176,0,0,0,0,0,0,0,0,0,0,0,0,0,0,0,0,0,0,0,0,0,0,0.00028192285745248,0,0,0,0
0.0196340439524185,0,0.0111358286549335,0,0.00593086176827194,0,0,0,0,0,0,0,0,0,0.0103755832930087,0,0.00333709517508324,8.55636819384271e-05,2.81816926386066e-05,0,0,0,0.000107945693190868,0,0.0104022415735721,0,0.00234741798893603,0,0,0,0,0,0,0,0,0,0,0,0.000474580756484672,0,0,0,0,0,0,0,0,0,0.00440430916978965,0,0,0,0,0,0.0769468892164649,0,9.95263050821169e-05,0,0.00702553058696331,0,0.0166002981522188,0,0,0,0,0,0,0.00477991151460512,0,0.0110687065323635,0,0,0,0,0,0,0,0,0,0,0,0.000550870208805857,0.00191077126595236,2.4891340391991e-05,0.00196627341863043,0,0
0,0.0584023162770268,0,0.00443903501242051,0,0.000139885501498852,0,0,0,0,0,0,0,0,0,0.0189884137119639,0,2.31468093261356e-05,0,0,0,0,0,0.0105572557665735,0,0,0,0,0,0,0,0,0,0,0,0,0,0.000569736987348643,2.79524267344085e-06,0,0,0.000499125999236409,0,0,0,0,0,0,0,0,0,0,0,0,0,0.067826650077932,0,0,0,0,0,0.00924485520011837,0,0,0,0,0.0211497526324097,0,0,0,0,0,0,0,0,0,0,0,0,0,0.00276536081402561,0,0.0028609991346522,4.11612114630547e-06,0.000604327058798345,0,0
4.1209752826999e-05,0,1.74038024364374e-05,0,0,0,0.00279877095392399,0,0,0,0,0,0.0138224604901932,0,0,0,3.13199939810799e-06,0,8.13991547684266e-05,0,0.0470721190158467,0,0,0,0,0,0,0,0,0,0.00691788902702055,0,0,0,0,0,0.00116215686831678,0,0.0126914199951564,0,3.81143216744016e-05,0,6.83469110505193e-05,0,0,0,0.000190089897547396,0,0,0,0.000608418634272205,0,0.00166475329915702,0,0,0,0.0891323985316457,0,0.00427632882619525,0,0,0,0,0.00428935619559909,0,0,0,0,0,0,0,0,0,0.000935271148137386,0,0,0,0,0,4.11903426445338e-05,0,0.00162645908578811,0.00165542174516556,9.88555032655565e-05,0.000128895590832174,0,0.000203209304997517
0,0,0,0,0,0,0,0.00335574148130389,0,0,0,0,0,0.00984633291759619,0,0,0,0,0,0.0171582775477343,0,0,0,0,0,0,0,0.00479791427640636,0,0.00112668840971933,0,0,0,0,0,0.00129892025759939,0,0.00575099426797288,0,0,0,0,0,0,0,0,0,0,0,0,0,0,0,0.00226950353854817,0,0,0,0.0964060465723453,0,0.0176344384307262,0,0,0.00492771969691397,0,0,0,0,0,0,0,6.32647268318555e-05,0,0.0185383809843818,0,0,0,0,0,0.000143577787141491,0,0.00104807151590102,0,0.000517236277992109,0,0.00201234538433528,0,0
0,0,0,0,0,0,0.00156854554120158,0,0,0,0.0138224604901932,0,0,0,0.00172810603731947,0,0,0,0,0,0,0,0,0,0,0,0,0,0.00157750027755764,0,0,0,0,0,0,0,0,0,0,0,0,0,0,0,0,0,0,0,0,0,0,0,0,0,0,0,0.000722569618070292,0,0.0193488655997679,0,0,0,0,0,0,0,0,0,0,0,0,0,0,0,0,0,0,0,0,0,0,0,0.0011216245083727,0.000756486957354919,0,0,0
0,0,0,0,0,0,0,0,0,0,0,0.00984633291759619,0,0,0,0,0,0,0,0,0,0,0,0,0,0,0,0,0,0,0,0,0,0,0,0,0,0,0,0,0,0,0,0,0,0,0,0,0,0,0,0,0,0.00133965999204671,0,0,0,0,0,0.0289864971054167,0,0,0,0,0,0,0,0,0,0,0,0,0,0,0,0,0,0,0,0,0,0,0.00122861622147887,0.00288231912112524,0,0,0
0.000727011675093495,0,0,0,0,0,0,0,0.0103755832930087,0,0,0,0.00172810603731947,0,0,0,0.000379489648679723,0,0,0,0,0,0,0,0,0,0.00977284566968201,0,0,0,0,0,0,0,0,0,0,0,0,0,0,0,0,0,0,0,0,0,0,0,0,0,0,0,0.00423660090681806,0,0,0,0.00345387059431206,0,0.0623615873761972,0,0,0,0,0,0,0,0,0.0183746903374592,0,0,0,0,0,0,0,0,0,0,0,0,0.000472190764369132,0,0,0,0
0,0.00841785882173526,0,0.00230211196197495,0,0,0,0,0,0.0189884137119639,0,0,0,0,0,0,0,0,0,0,0,0,0,0,0,0,0,0,0,0,0,0,0,0,0,0,0,0,0,0,0,0,0,0,0,0,0,0,0,0,0,0,0,0,0,0.0368583390695938,0,0,0,0,0,0.00048411674125029,0,0,0,0,0,0,0,0,0,0,0,0,0,0,0,0,0,0,0,0,0.000422544783232224,0,0,0,0
0.000610092021789339,1.31561555453176e-05,0,0,0,0,0,0,0.00333709517508324,0,3.13199939810799e-06,0,0,0,0.000379489648679723,0,0,0.111882899322867,0.0820526760280731,0,0.00016814610732468,0,0.00536600556062086,0,0.0336101814581409,0,0.0430272707308055,0,0.000717409712548107,0,0,0,0,0,0,7.31906333708708e-06,0,0,0,0.00120249150771853,0.000219095194110815,0.000691472997923218,0.000949548359459293,0,6.50929105905922e-05,0.000866883967279633,0.00388562101860145,0,0,5.06591523825937e-06,0,0,0,0,0,0,0.000390285988721359,0,2.62104472764708e-06,0,0.000408473659339003,0,1.44872314193835e-05,0.00167214639749662,0,0,0,0,0,0.00201686098892164,0,5.59882407511012e-06,4.84220687683036e-06,0.000192493908405027,0,0,0,0,0.000345046362031961,0.00238299862882406,2.38286521439487e-05,0.000111962618014917,0.02993491751579,0.00352563327365836,0.00311533619095037,8.07893321184299e-06,0.00159029696806298
3.44014316610638e-05,0,0,0,0,0,0,0,8.55636819384271e-05,2.31468093261356e-05,0,0,0,0,0,0,0.111882899322867,0,0.0962210155167251,0,0,0.00627668162353366,0.000149142222198055,0.00696758068969617,0.00138062304550914,0.00482924701563282,0.000221626014309109,8.65595540685844e-05,0,0,0,0,0,0,0,0,0,0,0,0.000200901030954628,5.39972608726172e-06,0.000225808054274619,8.85553758470541e-05,0,0,0.000214187595980126,0.00094234158577955,0,0,0,0,0,0,0,0,0,9.53129987964083e-06,0,0,0,0,0,1.33347527800324e-05,0.000231272798922718,0.000506541704309317,0,0.00153140711526318,0,0.00217055077754286,0,0,0,0,2.5792794095523e-05,0,0,0,0,6.81228450094398e-05,0.000363157586308603,1.2489389774965e-05,0,0.0258174047312759,0.000431001198733246,0.000498586514404595,0,0.000210818490717784
0.0015681647383722,0.00038406581422987,0.000294464724856447,0.000123754051664628,0,0,0,0,2.81816926386066e-05,0,8.13991547684266e-05,0,0,0,0,0,0.0820526760280731,0.0962210155167251,0,0,0.000443919758664339,0,4.57152953657375e-05,0,0.00103539035245292,0,5.4819887387805e-05,0,0,0,0,0,0,0,0,0.000237715955076354,0,0,4.01737383237535e-06,0.0437907218883034,0.00262220773200771,0.0507341737048582,0.017394366811017,0,0.00164240542850839,0.010459511214551,0.0373317531245572,2.70813477643105e-05,0.000295353167719133,0.000171734907680839,0,0,0,0,0,5.71237337420975e-06,0.00100669095512668,0,0,0,0,0,0.000353861651250646,0.00684862658869107,0,0,0,0,0,0,0,5.74062115024786e-05,0.000474903652467531,0.000730863320436701,0,0,0,0,0.0132458811848896,0.00991958291136206,0.00351457036626795,0.000208424056244052,0.0125487300678315,0.000210124885012612,0.045852118513053,0.00508168545752753,0.0238428256900541
0,0,0,0,0,0.000214961313758977,0,0,0,0,0,0.0171582775477343,0,0,0,0,0,0,0,0,0,0,0,0,0,0,0,0,0,0,0,0,0,0,0,0.00101536705841318,0,0.00345304934777627,0,0,0,0,0,0,0,0.00325759626957518,0,0,0,0,0,0,0,0,0,0,0,0.00548026070440154,0,0,0,0,0.245966153706453,0,0,0,0,0,0,0,0,0,0.00117127838246685,0,0,0,0,0,0.00229601584877798,0,0.00110606294220542,0,0.00030651721474026,1.33207278150552e-05,0.00362144853491148,0,0
0.000395716270938366,0,0.000183106679832939,0,0.00239981839184612,0,0.00072157646335088,0,0,0,0.0470721190158467,0,0,0,0,0,0.00016814610732468,0,0.000443919758664339,0,0,0,3.52668835986483e-06,0,0,0,0,0,0,0,0,0,0,0,0,0,0.0121679373145446,0,0.00871625269575681,8.95026934622e-06,1.26824491264115e-05,8.36814092097585e-05,0.000514219784848279,0,0,0,0.00150515796942186,0,0,0,0.000665962288492999,0,0,0,0,0,0.0459602782600673,0,2.62672566961051e-05,0,0,0,0,0.0764086949601906,0,0,0,0,0,0,0,0,0,0.000432299662066574,0,0,0,0,1.08801760566096e-05,0.0101272802375766,0,0.0010193498547485,0.00176026257476191,2.26359313658258e-05,0.00270661739857931,0,0.00138116567486769
0,0,0,0,0,0,0,0,0,0,0,0,0,0,0,0,0,0.00627668162353366,0,0,0,0,0.00547666609132015,0.00124305460457968,0,7.78071291697479e-05,0,0.000824779238712433,0,0,0,0,0,0,0,0,0,0.00466542007957051,0.000191689737367506,0,0,0,0,0,0,0,0,0,0,0.00375627073124792,0,0,0,0,0,0,0,0,0,0,0,0,0,0,0.0391411443542549,0.00147032418676419,4.37121511255979e-05,0,0,0,0,0,0,0,0,0,0,0,0,0,0.00260862908673324,0,0.00445321736257128,0.00677999797947428,0,0,0
0,0,0,0,0,0,0,0,0.000107945693190868,0,0,0,0,0,0,0,0.00536600556062086,0.000149142222198055,4.57152953657375e-05,0,3.52668835986483e-06,0.00547666609132015,0,0,0.00931998029018976,0,0.00503401825199084,0,1.87654222827405e-05,0,0,0,0,0,0,0,0,0.000765375332119032,0.00670917492892008,0,0,0,0,0,0,0,0,0,0.00444384088027897,0,0,0,0,0,0,0,0,0,0,0,0,0,0,0,0,0.0594801743218647,0,0.000910280625024615,0,0,0,0.000237913120104077,0,0,0,0,0,0,0,0,0,0.00233394023610502,0.00643657051212282,0.00627831612366271,0,0,0
0,0,0,0,0,0,0,0,0,0.0105572557665735,0,0,0,0,0,0,0,0.00696758068969617,0,0,0,0.00124305460457968,0,0,0,0.142185537390162,0,0,0,0,0,0,0,0,0,0,0,0.00445513047299599,0,0,0,0,0,0,0,0,0,0,0,0,0,0,0,0,0,0.00467780817303267,0,0,0,0,0,0,0,0,0.000925177667282185,0,0.0532835502433052,0,0.0497297374329849,0,0,0,0,0,0,0,0,0,0,0,0.00335200888666554,0,0.00170285332899517,0.000144486346174748,0.000151134778228774,0,0
0,0,0,0,0,0,0,0,0.0104022415735721,0,0,0,0,0,0,0,0.0336101814581409,0.00138062304550914,0.00103539035245292,0,0,0,0.00931998029018976,0,0,0,0.0550652884302413,0,0,0,0,0,0,0,2.52867410159142e-05,0,0,0,0.00463838006139116,3.19682549068884e-05,0,1.04030179641971e-05,1.44625047399181e-05,0,0,0,0.000169264678058255,0,0.00336097060176196,0,0,0,0,0,0.0340973357293859,0,0,0,0,0,0,0,0,0.000100525743679923,0,0.00162765660490981,0,0.15399852634185,0,0.0439146038785094,0,0,0,0,0,0,0,0,2.91285680257441e-06,8.53305411098779e-05,0,0.0021413980370264,0.00190477971204694,0,0.00115442479563498,0.000188175507749067,0.00115552351120978
0,0,0,0,0,0,0,0,0,0,0,0,0,0,0,0,0,0.00482924701563282,0,0,0,7.78071291697479e-05,0,0.142185537390162,0,0,0,0,0,0,0,0,0,0,0,0,0,0,0,0,0,0,0,0,0,0,0,0,0,0,0,0,0,0,0,0,0,0,0,0,0,0,0,0,0,0,0.0421823460485865,0,0.0251211416942628,0,0,0,0,0,0,0,0,0,0,0,0,0,9.81311390227301e-05,0,0,0,0
0,0,0,0,0,0,0,0,0.00234741798893603,0,0,0,0,0,0.00977284566968201,0,0.0430272707308055,0.000221626014309109,5.4819887387805e-05,0,0,0,0.00503401825199084,0,0.0550652884302413,0,0,0,0.00017297168537944,0,0,0,0,0,0,0,0,0,0,1.95133065294322e-05,0,1.49339851883754e-05,0,0,0,0,3.3160800595869e-05,0,0,0,0,0,0,0,0,0,0,0,0,0,0,0,0,0,0,0,0,0.0023125900359354,0,0.0313914308745399,0,0,0,0,0,0,0,0,1.87040107083513e-06,0,0,0,0.00348869760195742,4.89053743755467e-05,1.75602620646965e-05,0,0
0,0,0,0,0,0,0,0,0,0,0,0.00479791427640636,0,0,0,0,0,8.65595540685844e-05,0,0,0,0.000824779238712433,0,0,0,0,0,0,0,0.0100654118322965,0,0,0,0,0,0,0,0.00284155890483128,0,0,0,0,0,0,0,0,0,0,0,0,0,0,0,0,0,0,0,0,0,0,0,0,0,0,0.000846645740509818,0,0,0,0.000799081392493154,0,0.0044150381064123,0,0.000190631596708969,0,0,0,0,0,0,0,0.000228694322630143,0,0.000679727432293901,0.00149199248360921,0,0,0
0,0,0,0,0,0,0,0,0,0,0,0,0.00157750027755764,0,0,0,0.000717409712548107,0,0,0,0,0,1.87654222827405e-05,0,0,0,0.00017297168537944,0,0,0,0.000250712968409061,0,0,0,0,0,0,0,0.00103445643080351,0,0,0,0,0,0,0,0,0,0,0,0,0,0,0,0,0,0,0,0.00153841526026228,0,0,0,0,0,0,0,0,0,0,0,0,0.0168582248955134,0,0,0,0,0,0,0,0,0,0.000171631303096563,0.000546237167531705,0.000158001242811893,0,0,0
0,0,0,0,0,0,0,0,0,0,0,0.00112668840971933,0,0,0,0,0,0,0,0,0,0,0,0,0,0,0,0.0100654118322965,0,0,0,0,0,0,0,0,0,0.00551508857564865,0,0,0,0,0,0,0,0,0,0,0,0,0,0,0,0,0,0,0,0.000789999027844181,0,0,0,0,0,0,0,0,0,0,0,0,0.0311516776000207,0,0.0859850116840826,0,0,0,0,0,0,0,0.000558962092628383,0,3.30585066876665e-06,0,0,0,0
0,0,0,0,0,0,0,0,0,0,0.00691788902702055,0,0,0,0,0,0,0,0,0,0,0,0,0,0,0,0,0,0.000250712968409061,0,0,0,0,0,0,0,0,0,0.00039620403880021,0,0,0,0,0,0,0,0,0,0,0,0,0,0,0,0,0,0.000658157711109698,0,0,0,0,0,0,0,0,0,0,0,0,0,0,0,0,0.053329016752125,0,0,0,0,0,0,0,0.000113444207972481,0.000179358648675331,0,0,0,0
0,0,0,0,0,0,0,0,0,0,0,0,0,0,0,0,0,0,0,0,0,0,0,0,0,0,0,0,0,0,0,0,0.092456491629224,0.0031181724794927,0,0.00368583610368946,0.000493951130724918,0,0,0,3.64300135369255e-05,0,0,0,0,0,0,0.208009993792686,0.0153385348972203,0.00928221189666508,0,0,0,0,0,0,0,0,0,0,0,0,0,0,0,0,0,0,0,0,0,0,0,0,0.041584311298625,0.0145194050670491,0.0153640944947534,0,0.00121806855632526,4.7253585811619e-05,0,0,0.000287822355442411,0,0,0,0
0,0,0,0,0,0,0,0,0,0,0,0,0,0,0,0,0,0,0,0,0,0,0,0,0,0,0,0,0,0,0,0.092456491629224,0,0,0.00140768731050608,1.78528087576885e-05,0.0034187572666681,0,0,0,0,0,0,0,0,0,0,0.0431577151598458,0,0,0,0,0,0,0,0,0,0,0,0,0,0,0,0,0,0,0,0,0,0,0,0,0,0,0.00305620554666586,0.102326112043853,0,0.00151738193818781,0,0.000993349369491949,0,0,0.000707036976733566,0,6.23989294911663e-05,0,0
0,0,0,0,0,0,0,0,0,0,0,0,0,0,0,0,0,0,0,0,0,0,0,0,0,0,0,0,0,0,0,0.0031181724794927,0,0,0.0453509899644816,0.00454447677645378,0,0.00338376400387716,0.0139647742363904,0,0,0,0,0,0,0,0,0.0692727525557648,0,0,0,0,0,0,0,0,0,0,0,0,0,0,0,0,0,0,0,0,0,0,0,0,0,0,0,0,0.121821120456769,0.0974830254677676,0.000339076236370382,0,3.30056858747926e-05,0.000849738550104047,0.00159361535798115,5.51511707120624e-05,1.71797920153359e-05,0,0
0,0,0,0,0,0,0,0,0,0,0,0,0,0,0,0,0,0,0,0,0,0,0,0,2.52867410159142e-05,0,0,0,0,0,0,0,0.00140768731050608,0.0453509899644816,0,0,0.00978686410449688,0.000610778187612385,0.00556827661763498,0,0,0,0,0,0,0,0,0.0445535456532719,0.000185060970301933,0,0,0,0,0,7.69100795251472e-05,0,0,0,0,0,0,0,0,0,0,0,0,0,0,0,0,0,0,0,0,0.00905468972995329,0.000992263285562392,0.239796941702017,0,0.0026958117436348,0,0.00465926981943904,0.000439666252507403,0.00014383126737215,6.65570073860493e-05,0,0
0,0,0,0.000678889280612733,0,1.83923719755895e-06,0,0,0,0,0,0.00129892025759939,0,0,0,0,7.31906333708708e-06,0,0.000237715955076354,0.00101536705841318,0,0,0,0,0,0,0,0,0,0,0,0.00368583610368946,1.78528087576885e-05,0.00454447677645378,0,0,0.00813399998160231,0.0135319398381902,0.00103050937667475,7.13739064876707e-05,0,0.000177786847545504,5.65787224590436e-06,0,0,0.00107987094405784,1.373604954849e-05,0.000744542399745945,1.8374225199771e-06,5.32021119486672e-05,0,1.48997712434641e-06,0,0,0,1.70433605721619e-06,0,0,0,0,0,0,0.00751874391493346,0,0,0,0,0,0,0,0,0,1.42354857204179e-06,0,0.00170313056814531,0,0.00547889515355251,0,0.0629602413023236,0.00237219648409199,0.00656214928075405,0,0.00512762249479786,0.000841384291323829,0.00126791367033623,2.34818742752648e-05,4.18567733698021e-06
0,0,0,0,0.000148089323512071,0,0,0,0,0,0.00116215686831678,0,0,0,0,0,0,0,0,0,0.0121679373145446,0,0,0,0,0,0,0,0,0,0,0.000493951130724918,0.0034187572666681,0,0.00978686410449688,0.00813399998160231,0,1.91573020268929e-05,0.0148108666048818,0,0.000579427120392716,0,7.25677936869854e-06,0,0,0,0,0.0010405387489061,2.24654011946579e-05,0,0,0,0,0,0,0,0.00100873716292362,0,0,0,0,0,0,0.00323038303897984,0,0,0,0,0,0,0,0,0,0,0.000180046142234734,2.0883911929559e-05,0,0.00164779635365995,0.000497430158154165,0.066135272466386,0,0.00686981941605123,0.00802052086144078,0.000996879635831119,0.000285615315526254,0,0
0,1.89592950398812e-05,0,0,0,0,0,0,0,0.000569736987348643,0,0.00575099426797288,0,0,0,0,0,0,0,0.00345304934777627,0,0.00466542007957051,0.000765375332119032,0.00445513047299599,0,0,0,0.00284155890483128,0,0.00551508857564865,0,0,0,0.00338376400387716,0.000610778187612385,0.0135319398381902,1.91573020268929e-05,0,0.0129735326191544,0,0,3.33278690456216e-05,5.13958307467774e-06,0,0,8.12070649157765e-05,0,0.00452916976544137,0,0.00059513693813437,0,0,0,0,0,0.000100811832363255,0,0.00250007161130481,0,0,0,0,0.000210476841008035,0,0.00230053985799184,4.13736172607727e-05,0.00355473816179782,0,0,0,0.0113827467302369,0,0.00385382279325748,0,0,0,0.000498509002884112,0,0.00974099131598528,0,0.063747633476441,0.00109619444966964,0.00639256373904729,0.000745968434112459,0.000757197267815019,0,0
0,5.22967580690511e-06,0,0,0,0,0,0,0.000474580756484672,2.79524267344085e-06,0.0126914199951564,0,0,0,0,0,0,0,4.01737383237535e-06,0,0.00871625269575681,0.000191689737367506,0.00670917492892008,0,0.00463838006139116,0,0,0,0.00103445643080351,0,0.00039620403880021,0,0,0.0139647742363904,0.00556827661763498,0.00103050937667475,0.0148108666048818,0.0129735326191544,0,0,0,2.74597876951639e-06,0,0,0,0,0,0.0036448652330251,0.0133380919073172,9.71826220134663e-06,0,0,0,0,0.000864941791777241,0,0.00304464417018649,0,0,0,0,0,0,0.000149418633675613,0,0.00487051931873687,0,0.00674499621554372,0,1.26253465601643e-05,0,7.04031980256903e-05,0,0.000131287945021843,0,0,0,0.000867669499900696,2.2138661898807e-05,0.0063805713612208,0.000670049131943998,0.0791214024217906,0.00897955646631468,0.00255568879091403,0.00369776100858406,0,0
3.66112156949287e-05,0.000145749453332502,0.00030290295340934,0.00326090565642638,0,1.35665596608121e-05,0,0,0,0,0,0,0,0,0,0,0.00120249150771853,0.000200901030954628,0.0437907218883034,0,8.95026934622e-06,0,0,0,3.19682549068884e-05,0,1.95133065294322e-05,0,0,0,0,0,0,0,0,7.13739064876707e-05,0,0,0,0,0.00107078844865534,0.0905209522756309,0.00304731916461381,0,1.67516466210404e-05,0.0303553796592853,0.00727962697635203,9.29325401062206e-05,0.00104409984083668,0.0146198143508421,0,0.00067018845786796,0,0,0,0,0.00128559468714749,0,0,0,0,0,0.000990559696997495,0.000664821589354032,0,0,0,0,0,0,0,0,0.000209190138378253,0.000108552670163931,0,0,0,0,0.00287619874831858,0.000453814046321648,0.000461208312403707,1.5770702608822e-06,0.00118738522071616,2.41517996484836e-05,0.0569174262249061,0.00476437760925531,0.00188632183446346
0,0,0.00191696952160398,0.000460586345347,0,0,0,0,0,0,3.81143216744016e-05,0,0,0,0,0,0.000219095194110815,5.39972608726172e-06,0.00262220773200771,0,1.26824491264115e-05,0,0,0,0,0,0,0,0,0,0,3.64300135369255e-05,0,0,0,0,0.000579427120392716,0,0,0.00107078844865534,0,0.000105014828980612,0.00942983444736294,0,0.000142237306782083,0.00027286662233063,0.0187142577470108,0.000753840704112332,0.0211965978564799,0.00212884447760804,6.3511162438871e-05,0,0,0,0,0,0.00254245405355836,0,0.000217011528536925,0,6.15298548761675e-05,0,0,0.00423231900201647,0,0,0,0,0,0,0,0,0,2.07898102812703e-05,0,0,0,0,1.07644811675598e-05,0.00645504335339061,4.76842729266744e-06,0.000172369597107437,0.000144196454856952,0,0.022355476453662,0,0.0037638984786361
2.04936553333747e-05,0.0219622801128797,0.000111468286168416,0.0164869016466914,0,4.16188468768116e-05,0,0,0,0.000499125999236409,0,0,0,0,0,0,0.000691472997923218,0.000225808054274619,0.0507341737048582,0,8.36814092097585e-05,0,0,0,1.04030179641971e-05,0,1.49339851883754e-05,0,0,0,0,0,0,0,0,0.000177786847545504,0,3.33278690456216e-05,2.74597876951639e-06,0.0905209522756309,0.000105014828980612,0,0.0273363360892764,0,0,0.0105045451336397,0.00260198373507279,0.00823770689619001,0.000916689860936592,0.0112127318467396,0,0.00100729051744032,0,0,0,0.000705616014127545,0.000229455853913903,0.000157693352041029,0,0,0,0,0.00101716075931295,0.00060610605796723,0,0,0,0,0,0,0,0,0.00293114812531226,3.37346909968334e-05,0,0,0,0,0.00505411210110025,0.000491300260149855,0.000572789983319288,1.50598839346711e-05,0.00837180735314545,7.8786715858663e-06,0.079692126575006,0.0111642671994276,0.00169244032669281
0.0030740092440553,0,0.00272342742491318,0.000478630478333855,0,0,0,0,0,0,6.83469110505193e-05,0,0,0,0,0,0.000949548359459293,8.85553758470541e-05,0.017394366811017,0,0.000514219784848279,0,0,0,1.44625047399181e-05,0,0,0,0,0,0,0,0,0,0,5.65787224590436e-06,7.25677936869854e-06,5.13958307467774e-06,0,0.00304731916461381,0.00942983444736294,0.0273363360892764,0,0,0.013740192011232,0.000554560358887868,0.0397083778031465,0.0307131855951171,0.0488257559447016,0.000967893089702163,0.000247979894175173,4.95183519856569e-05,0,0,0,0,0.00912458301255315,0,0.000654170094491564,0,0.000230347544749064,0,5.13668927680164e-06,0.00476536409106074,0,0,0,0,0,0,0,0.000300129681820488,7.67493443641499e-05,0.00491283954929552,0,0,0,0,0.000387870641433622,0.00675779311901381,5.05766868528833e-05,0.000118048211778978,0.00472668507312817,1.1254254513133e-05,0.117193637972397,0.000283829872892624,0.0873122410210731
0,0,0,0,0,0,0,0,0,0,0,0,0,0,0,0,0,0,0,0,0,0,0,0,0,0,0,0,0,0,0,0,0,0,0,0,0,0,0,0,0,0,0,0,0,0,0,0,0,0,0,0,0,0,0,0,0,0,0,0,0,0,0,0,0,0,0,0,0,0,0,0,0,0,0,0,0,0,0,0,0,0,0,0,0,0,0
0,0,0,0,0,0,0,0,0,0,0,0,0,0,0,0,6.50929105905922e-05,0,0.00164240542850839,0,0,0,0,0,0,0,0,0,0,0,0,0,0,0,0,0,0,0,0,1.67516466210404e-05,0.000142237306782083,0,0.013740192011232,0,0,0,0.0021102571654146,0,0.000242075737233083,0,0,0,0,0,0,0,2.89355121525906e-05,0,0,0,0,0,0,4.47407645989008e-05,0,0,0,0,0,0,0,0,0,0,0,0,0,0,2.26714407754766e-05,0.000232558144240312,0,0,4.10707095590589e-05,0,0.0018639832029549,0,0.00343782747500915
0.000116893882744374,1.1899359657687e-05,5.94272702935062e-05,0.00331908963287476,0,0,0,0,0,0,0,0,0,0,0,0,0.000866883967279633,0.000214187595980126,0.010459511214551,0.00325759626957518,0,0,0,0,0,0,0,0,0,0,0,0,0,0,0,0.00107987094405784,0,8.12070649157765e-05,0,0.0303553796592853,0.00027286662233063,0.0105045451336397,0.000554560358887868,0,0,0,0.00334729007113314,1.35775826210442e-05,0.000361589926473869,0.00105451798513258,0,0,0,0,0,0,3.89381817672383e-05,0,0,0,0,4.09560588099486e-05,0.0409778429890387,0.000352776986038013,0,0,0,0,0,0,0,0,0.000634059245147747,1.65263147876983e-05,0,0,0,0,0.00858696890468606,0.000167151087659024,0.00316257450273704,1.01994890337241e-05,0.000343042840042913,5.49052772280772e-07,0.0414891639131607,0.000353403062815186,0.000170716781945022
0.00104751591126457,3.54294811562211e-05,0.00197361216034154,0.000339527497238869,0,0,0,0,0,0,0.000190089897547396,0,0,0,0,0,0.00388562101860145,0.00094234158577955,0.0373317531245572,0,0.00150515796942186,0,0,0,0.000169264678058255,0,3.3160800595869e-05,0,0,0,0,0,0,0,0,1.373604954849e-05,0,0,0,0.00727962697635203,0.0187142577470108,0.00260198373507279,0.0397083778031465,0,0.0021102571654146,0.00334729007113314,0,0,0.000770196303544011,0.000152987406181497,0.000132733745935774,0,0,0,0,0,0.00541545223206381,0,0.000124791561174597,0,0,0,1.07501819321238e-05,0.0421920064374837,0,0,0,0,0,0,0,0.000275152460474458,0.000134094527988561,0.00254544232690444,0,0,0,0,0.000557900033964387,0.00828376318747048,2.51232255084358e-05,0.000200305106118825,0.00152490775026909,8.16778944927578e-06,0.0309596247213592,4.60523815232726e-05,0.0111146784333157
0,0.000252023099331519,0,0.000701326345047492,0,0,0,0,0,0,0,0,0,0,0,0,0,0,2.70813477643105e-05,0,0,0,0,0,0,0,0,0,0,0,0,0.208009993792686,0.0431577151598458,0.0692727525557648,0.0445535456532719,0.000744542399745945,0.0010405387489061,0.00452916976544137,0.0036448652330251,9.29325401062206e-05,0.000753840704112332,0.00823770689619001,0.0307131855951171,0,0,1.35775826210442e-05,0,0,0.175063504127767,0.0468139831918206,0,2.50860701250989e-05,0,0,0,0,0,0,0,0,0,0,0,0,0,0,0,0,0,0,0,0,0,0,0.0441328564679127,0.11685685821005,5.72641565719568e-05,0.0103551342356394,0.00256228317191844,0.00248472135026071,0.000358257677131109,0.00361283626653926,0.0100770232986766,0.000296899732752925,0.0128345518972804,9.13507035591764e-05,4.43008090557032e-05
0.0234626900896703,0,0.0055896466838418,0.00180631674626267,0,0,0,0,0.00440430916978965,0,0,0,0,0,0,0,0,0,0.000295353167719133,0,0,0,0.00444384088027897,0,0.00336097060176196,0,0,0,0,0,0,0.0153385348972203,0,0,0.000185060970301933,1.8374225199771e-06,2.24654011946579e-05,0,0.0133380919073172,0.00104409984083668,0.0211965978564799,0.000916689860936592,0.0488257559447016,0,0.000242075737233083,0.000361589926473869,0.000770196303544011,0.175063504127767,0,0.0593475327959497,0.000190256723155795,7.50897286334282e-05,0,0,0.0103629882125731,6.95369080268727e-05,0.00305968555388078,0,0.000546745255657255,0,0.000216975295531359,8.24053806447228e-06,0,0.000145116669719845,0,0.0221321939728727,0,0.0176251736756939,0,0.0105743638699692,0,0.00391455376536531,8.60996457772344e-06,0.00305945505087704,0,0.00781635089030229,0,0.000490911547771873,1.00658181204205e-05,0.0146095333336335,0,0.0235899470878009,0.00398121509784615,2.16760167969413e-06,0.0344908261363022,0.000300495579755173,0.00103247084753028
0,0.00759937182711444,0.000199134049757497,0.0102875866389289,0,1.53453305227504e-05,0,0,0,0,0,0,0,0,0,0,5.06591523825937e-06,0,0.000171734907680839,0,0,0.00375627073124792,0,0,0,0,0,0,0,0,0,0.00928221189666508,0,0,0,5.32021119486672e-05,0,0.00059513693813437,9.71826220134663e-06,0.0146198143508421,0.00212884447760804,0.0112127318467396,0.000967893089702163,0,0,0.00105451798513258,0.000152987406181497,0.0468139831918206,0.0593475327959497,0,0,0.000649464793758247,0,0,0,0.00042745088808239,0.000285661958401261,3.01068970025116e-05,0,0,0,0.00011190063378308,6.13361025783078e-06,0,0.00950510559745076,0,0.000635042122837136,0,0.00112108543425759,0,0.00606031874146917,0,0.000103482669491362,0,0,0.00024542048682386,0,0,0.00044447195442515,5.24266393947927e-06,0.00034323489365022,0,0.00105799709827208,0,0.0130561381144989,0.000317480580467466,9.83252148400099e-05
0,0,0.0109901077801824,0,0.0665703528540354,0,0,0,0,0,0.000608418634272205,0,0,0,0,0,0,0,0,0,0.000665962288492999,0,0,0,0,0,0,0,0,0,0,0,0,0,0,0,0,0,0,0,6.3511162438871e-05,0,0.000247979894175173,0,0,0,0.000132733745935774,0,0.000190256723155795,0,0,0,0,0,0,0,0.0111945415723173,0,0.0143573026463713,0,0.00611737285641849,0,0,0.000141456752284516,0,0,0,0,0,0,0,0,0,0.00027772962837239,0,0,0,0,0,0,0,0,0.000248537481921058,0,0.000681090068884165,0,0
0,0,0,0.0704961889849055,0,0.0672004497769845,0,0.00598201953153409,0,0,0,0,0,0,0,0,0,0,0,0,0,0,0,0,0,0,0,0,0,0,0,0,0,0,0,1.48997712434641e-06,0,0,0,0.00067018845786796,0,0.00100729051744032,4.95183519856569e-05,0,0,0,0,2.50860701250989e-05,7.50897286334282e-05,0.000649464793758247,0,0,0,0.0202406643803606,0,0.00222650278371753,1.53987370912356e-05,0.00215007837717429,0,0.000107552056111877,0,0.000323674690882342,0,0,0,0,0,0,0,0,0,0,0,0,0,0,0,0,2.97442050304142e-06,0,0,0,0.00121681166419693,0,0.00252357416584828,0,0
0,0,0,0,0,0,0.0321890112961949,0,0,0,0.00166475329915702,0,0,0,0,0,0,0,0,0,0,0,0,0,0,0,0,0,0,0,0,0,0,0,0,0,0,0,0,0,0,0,0,0,0,0,0,0,0,0,0,0,0,0,0,0,0.0013775048769531,0,0.000164231745126003,0,0,0,0,0,0,0,0,0,0,0,0,0,0,0,0,0,0,0,0,0,0,0,0.00132555494432163,8.40302738206479e-05,0,0,0
0,0,0,0,0,0.000267676399492319,0,0.117720851057138,0,0,0,0.00226950353854817,0,0.00133965999204671,0,0,0,0,0,0,0,0,0,0,0,0,0,0,0,0,0,0,0,0,0,0,0,0,0,0,0,0,0,0,0,0,0,0,0,0,0,0.0202406643803606,0,0,0,0,0,0.0249801377055117,0,0.000882389136943492,0,0,0,0,0,0,0,0,0,0,0,0,0,0,0,0,0,0,0,0,0,0,0.000213834219636206,0,0,0,0
0.0585074122485396,0,0.01242387547544,0,0,0,0,0,0.0769468892164649,0,0,0,0,0,0.00423660090681806,0,0,0,0,0,0,0,0,0,0.0340973357293859,0,0,0,0,0,0,0,0,0,7.69100795251472e-05,0,0,0,0.000864941791777241,0,0,0,0,0,0,0,0,0,0.0103629882125731,0,0,0,0,0,0,0,0.000916539175034146,0,0.00218364102745101,0,0.00899347475528429,0,0,0,0,0,0,0.0505453952397063,0,0,0,0,0,0.000111783614500048,0,0,0,0,0,0,0,0.0053821410062307,0.000272043379740942,0,0.00643027896599245,0,0
0,0.108903105281149,0,0.00826597847256451,0,0.000198573132302912,0,0,0,0.067826650077932,0,0,0,0,0,0.0368583390695938,0,0,5.71237337420975e-06,0,0,0,0,0.00467780817303267,0,0,0,0,0,0,0,0,0,0,0,1.70433605721619e-06,0,0.000100811832363255,0,0,0,0.000705616014127545,0,0,0,0,0,0,6.95369080268727e-05,0.00042745088808239,0,0.00222650278371753,0,0,0,0,0,0,0,0,0,0.00579826151032026,0,0,0,0,0.0726409788963898,0,0,0,0,0,0,0,0,0,0,0,0,0,0.00095720333264324,0,5.15622983251636e-05,0,0.000934055671430067,0,0
0.0031289595738509,0,0.00181136614133515,4.35061200484907e-05,0.000578983879762508,0,0.00337685283949549,0,9.95263050821169e-05,0,0.0891323985316457,0,0.000722569618070292,0,0,0,0.000390285988721359,9.53129987964083e-06,0.00100669095512668,0,0.0459602782600673,0,0,0,0,0,0,0,0,0,0.000658157711109698,0,0,0,0,0,0.00100873716292362,0,0.00304464417018649,0.00128559468714749,0.00254245405355836,0.000229455853913903,0.00912458301255315,0,2.89355121525906e-05,3.89381817672383e-05,0.00541545223206381,0,0.00305968555388078,0.000285661958401261,0.0111945415723173,1.53987370912356e-05,0.0013775048769531,0,0.000916539175034146,0,0,0,0.0270426027007473,0,0.00112098224725547,0,0,0.0667773997797281,0,0,0,0,0,0,0,0.00183643891899902,0,0.00677165628280068,0,0,0,0,7.94582869215074e-06,0.00302715010108143,0,0.000233682222235624,0.00157333669493244,2.50484120391992e-05,0.0287434301030337,0,0.00536679312728854
0,0,0,0.000335684471024187,0,0.000464950513942099,0,0.00628976705601175,0,0,0,0.0964060465723453,0,0,0,0,0,0,0,0.00548026070440154,0,0,0,0,0,0,0,0,0,0.000789999027844181,0,0,0,0,0,0,0,0.00250007161130481,0,0,0,0.000157693352041029,0,0,0,0,0,0,0,3.01068970025116e-05,0,0.00215007837717429,0,0.0249801377055117,0,0,0,0,0,0.00866398103201906,0,0,0.00160511875369972,0,0,0,0,0,0,0,0.00341438193642513,0,0.0457406081081465,0,0,0,0,0,1.89263498040073e-06,0,0.000482519263611034,0,3.23182941537173e-05,0,0.00307256725386788,0,0
0.0180823580984795,0,0.0019441235727026,0,0.000185458987524677,0,0.00484937559183763,0,0.00702553058696331,0,0.00427632882619525,0,0.0193488655997679,0,0.00345387059431206,0,2.62104472764708e-06,0,0,0,2.62672566961051e-05,0,0,0,0,0,0,0,0.00153841526026228,0,0,0,0,0,0,0,0,0,0,0,0.000217011528536925,0,0.000654170094491564,0,0,0,0.000124791561174597,0,0.000546745255657255,0,0.0143573026463713,0,0.000164231745126003,0,0.00218364102745101,0,0.0270426027007473,0,0,0,0.00524608401521232,0,0,0.00026939096264251,0,0,0,0,0,0.000212520542416128,0,0,0,6.96964322143565e-05,0,0,0,0,0,6.42192364512091e-05,0,0,0.000809503438434571,0.000161668403544934,0.00365617350608805,0,0.000115757848466371
0,0,0,0.00356268789070103,0,0,0,0.000230298948305176,0,0,0,0.0176344384307262,0,0.0289864971054167,0,0,0,0,0,0,0,0,0,0,0,0,0,0,0,0,0,0,0,0,0,0,0,0,0,0,0,0,0,0,0,0,0,0,0,0,0,0.000107552056111877,0,0.000882389136943492,0,0,0,0.00866398103201906,0,0,0,0,0,0,0,0,0,0,0,0,0.000124494280718474,0,0,0,0,0,0,0,0,0,0,0,0.000375377379675878,0.000116180332183004,0.00144286171875036,0,0
0.0160113457258905,0,0.0102371278712596,0,0.00131625124905568,0,0,0,0.0166002981522188,0,0,0,0,0,0.0623615873761972,0,0.000408473659339003,0,0,0,0,0,0,0,0,0,0,0,0,0,0,0,0,0,0,0,0,0,0,0,6.15298548761675e-05,0,0.000230347544749064,0,0,0,0,0,0.000216975295531359,0,0.00611737285641849,0,0,0,0.00899347475528429,0,0.00112098224725547,0,0.00524608401521232,0,0,0,0,0.000125833631168075,0,0,0,0,0,0.00264236775540779,0,0,0,0,0,0,0,0,0,5.86647675216898e-06,0,0,0.000432653483955549,0,0.000824200878621753,0,0
0,0,0,0.06349690948096,0,0.00305674551192203,0,0,0,0.00924485520011837,0,0,0,0,0,0.00048411674125029,0,0,0,0,0,0,0,0,0,0,0,0,0,0,0,0,0,0,0,0,0,0,0,0,0,0,0,0,0,4.09560588099486e-05,0,0,8.24053806447228e-06,0.00011190063378308,0,0.000323674690882342,0,0,0,0.00579826151032026,0,0,0,0,0,0,0,0,0,0,0,0,0,0,0,0,0,0,0,0,0,0,0,0,0,0,9.0042921673006e-05,0,2.48197242150898e-05,0,0
0,0,0,6.57233358657529e-05,0,0,0,0,0,0,0,0.00492771969691397,0,0,0,0,1.44872314193835e-05,1.33347527800324e-05,0.000353861651250646,0.245966153706453,0,0,0,0,0,0,0,0,0,0,0,0,0,0,0,0.00751874391493346,0,0.000210476841008035,0,0.000990559696997495,0,0.00101716075931295,5.13668927680164e-06,0,0,0.0409778429890387,1.07501819321238e-05,0,0,6.13361025783078e-06,0,0,0,0,0,0,0,0.00160511875369972,0,0,0,0,0,5.09598935466427e-06,0,0,0,0,0,0,0,0,0.00169333144491721,3.15572672976872e-05,0,0,0,0,0.00822971525829829,4.73943520942977e-06,0.00172369999264257,0,0.00082203673226367,2.80000197692527e-05,0.0352658212001554,0,0
0.0029050049098166,7.44431100560105e-06,0.000808891324223896,0,0.000390467151646528,0,0,0,0,0,0.00428935619559909,0,0,0,0,0,0.00167214639749662,0.000231272798922718,0.00684862658869107,0,0.0764086949601906,0,0,0,0.000100525743679923,0,0,0,0,0,0,0,0,0,0,0,0.00323038303897984,0,0.000149418633675613,0.000664821589354032,0.00423231900201647,0.00060610605796723,0.00476536409106074,0,4.47407645989008e-05,0.000352776986038013,0.0421920064374837,0,0.000145116669719845,0,0.000141456752284516,0,0,0,0,0,0.0667773997797281,0,0.00026939096264251,0,0.000125833631168075,0,5.09598935466427e-06,0,0,0,0,0,0,0,0,0.000183856407902652,1.1850946875363e-05,0.0124763663581995,0,0,0,0,8.06237238905106e-05,0.0154497391418179,0,0.000728518653295028,0.000776981810177127,1.10059400377615e-06,0.018491051009437,0,0.00367677200315078
0,0,0,0,0,0,0,0,0,0,0,0,0,0,0,0,0,0.000506541704309317,0,0,0,0.0391411443542549,0,0.000925177667282185,0,0,0,0.000846645740509818,0,0,0,0,0,0,0,0,0,0.00230053985799184,0,0,0,0,0,0,0,0,0,0,0,0.00950510559745076,0,0,0,0,0,0,0,0,0,0,0,0,0,0,0,0,0.00319755773458943,0,0.00469205597506537,0,0.00211745577064589,0,0,0,0,0,0,0,0,0,0.00125177007797324,0,0.00132861412520656,0.000527543806653883,0,0,0
0,0,0,0,0,0,0,0,0,0,0,0,0,0,0,0,0,0,0,0,0,0.00147032418676419,0.0594801743218647,0,0.00162765660490981,0,0,0,0,0,0,0,0,0,0,0,0,4.13736172607727e-05,0.00487051931873687,0,0,0,0,0,0,0,0,0,0.0221321939728727,0,0,0,0,0,0,0,0,0,0,0,0,0,0,0,0,0,0,0.00343297218913223,0,0.00462434426744229,0,0.00261155247714247,0,0,0,0,0,0,0,0,0,0.0025352896209719,0.000845280966463523,0.000741917965715394,1.72218131888364e-05,0,0
0,0,0,0,0,0,0,0,0,0.0211497526324097,0,0,0,0,0,0,0,0.00153140711526318,0,0,0,4.37121511255979e-05,0,0.0532835502433052,0,0.0421823460485865,0,0,0,0,0,0,0,0,0,0,0,0.00355473816179782,0,0,0,0,0,0,0,0,0,0,0,0.000635042122837136,0,0,0,0,0,0.0726409788963898,0,0,0,0,0,0,0,0,0.00319755773458943,0,0,0,0.00252789886522309,0,0,0,0,0,0,0,0,0,0,0,0.000845479665768349,0,0.000518426668121743,0,5.89425256230815e-05,0,0
0,0,0,0,0,0,0,0,0.00477991151460512,0,0,0,0,0,0,0,0,0,0,0,0,0,0.000910280625024615,0,0.15399852634185,0,0.0023125900359354,0,0,0,0,0,0,0,0,0,0,0,0.00674499621554372,0,0,0,0,0,0,0,0,0,0.0176251736756939,0,0,0,0,0,0.0505453952397063,0,0,0,0,0,0,0,0,0,0,0.00343297218913223,0,0,0,0.0412476069042576,0,0,0,0,0,0,0,0,0,0,0,0.00222567118755468,0.000662481951478033,0,0.00183763792820442,0,0
0,0,0,0,0,0,0,0,0,0,0,0,0,0,0,0,0,0.00217055077754286,0,0,0,0,0,0.0497297374329849,0,0.0251211416942628,0,0.000799081392493154,0,0,0,0,0,0,0,0,0,0,0,0,0,0,0,0,0,0,0,0,0,0.00112108543425759,0,0,0,0,0,0,0,0,0,0,0,0,0,0,0.00469205597506537,0,0.00252789886522309,0,0,0,0.00500627161469383,0,0,0,0,0,0,0,0,0,0,0,0,0,0,0,0
0,0,0,0,0,0,0,0,0.0110687065323635,0,0,0,0,0,0.0183746903374592,0,0.00201686098892164,0,0,0,0,0,0,0,0.0439146038785094,0,0.0313914308745399,0,0,0,0,0,0,0,0,0,0,0,1.26253465601643e-05,0,0,0,0,0,0,0,0,0,0.0105743638699692,0,0,0,0,0,0,0,0,0,0.000212520542416128,0,0.00264236775540779,0,0,0,0,0.00462434426744229,0,0.0412476069042576,0,0,0,5.99999332721113e-05,0,0,0,0,0,0,0,0,0,2.7371088292183e-05,0.000171172340363221,0,6.66731851917729e-05,0,0
0,0,0,0,0,0,0,0,0,0,0,6.32647268318555e-05,0,0,0,0,0,0,0,0,0,0,0,0,0,0,0,0.0044150381064123,0,0.0311516776000207,0,0,0,0,0,0,0,0.0113827467302369,0,0,0,0,0,0,0,0,0,0,0,0.00606031874146917,0,0,0,0,0,0,0,0.00341438193642513,0,0.000124494280718474,0,0,0,0,0.00211745577064589,0,0,0,0.00500627161469383,0,0,0,0.00350617056886055,0,0,0,0,0,0,0,0.00432041829778081,0,0.000524490456799891,0.00063546693742534,0.00208212692696548,0,0
0,0,3.83217167242346e-05,4.72520595905983e-05,0,0,0,0,0,0,0,0,0,0,0,0,5.59882407511012e-06,0,5.74062115024786e-05,0,0,0,0.000237913120104077,0,0,0,0,0,0.0168582248955134,0,0,0,0,0,0,0,0,0,7.04031980256903e-05,0,0,0,0.000300129681820488,0,0,0,0.000275152460474458,0,0.00391455376536531,0,0,0,0,0,0,0,0.00183643891899902,0,0,0,0,0,0,0.000183856407902652,0,0.00261155247714247,0,0,0,5.99999332721113e-05,0,0,0,0.0014350551116069,0,0,0,0,0,2.98186908786898e-05,0,0.000951077866365202,5.99538934708972e-05,0,0.00019032481059304,0,5.88251373390613e-05
0,2.10891496642108e-05,0,0.000298689527843235,0,0,0,0,0,0,0,0.0185383809843818,0,0,0,0,4.84220687683036e-06,0,0.000474903652467531,0.00117127838246685,0,0,0,0,0,0,0,0.000190631596708969,0,0.0859850116840826,0,0,0,0,0,1.42354857204179e-06,0,0.00385382279325748,0,0.000209190138378253,0,0.00293114812531226,7.67493443641499e-05,0,0,0.000634059245147747,0.000134094527988561,0,8.60996457772344e-06,0.000103482669491362,0,0,0,0,0,0,0,0.0457406081081465,0,0,0,0,0.00169333144491721,1.1850946875363e-05,0,0,0,0,0,0,0.00350617056886055,0,0,0,0,0,0,0,1.36688823915355e-05,4.48542970237264e-06,0.0026180612039749,0,4.90868772512717e-05,0,0.0115251205624358,0.000796707882830879,0
