0,0,16.069118639318,0,21.0550036363901,0,25.2106649875641,0,12.6486106309814,0,0,0,21.4659403943001,0,13.3205133264937,0,25.7605292797089,43.6099090576172,15.8707242969893,0,0,0,0,0,2.96662139892578,0,0,0,0,0,0,0,0,0,0,0,47.7697525024414,0,0,0,0,0,21.685230886235,0,39.2462348937988,0,16.6832675513099,0,12.6368231955607,0,20.4216791714809,0,0,0,11.0433919119641,0,17.1950545443429,0,21.8404083338651,0,13.9333703641064,0,0,32.614239692688,0,0,0,0,0,5.12675797939301,0,34.8225135803223,0,0,0,0,0,0,0,35.5840311050415,0,0,22.3334088918102,26.6786975860596,13.5218717386556,0,20.1673894651008
0,0,0,11.7575201755617,0,19.2437492370605,0,0,0,13.1148291062989,0,0,0,0,0,7.43110426136705,0,0,27.6665501403809,0,0,0,0,16.230366230011,0,0,0,0,0,0,0,0,0,0,0,23.76047706604,0,19.0707699399476,0,36.6391258239746,0,18.6798263144677,0,23.232884089152,0,21.2103710584114,0,0,0,8.13502342237843,0,26.1269435882568,0,0,0,8.74619906524132,0,8.15342586690729,0,7.03464688195123,0,6.69688541971739,21.9067938668387,0,0,0,16.2360254434439,0,0,0,0,0,0,0,0,0,0,0,23.1582288742065,0,24.0496403376261,0,17.4515339162615,17.8743341309684,10.8620349318429,18.1635471979777,0
16.069118639318,0,0,0,17.9367680397662,0,13.6373246312141,0,18.3921800099886,0,0,0,14.2537260651588,0,13.1170054292679,0,48.6500086784363,48.7576484680176,26.4934775128084,0,16.1653226852417,0,0,0,0,0,0,0,0,0,0,0,0,0,0,0,18.8329943355761,0,0,0,11.5397958755493,0,26.6369963139296,0,20.6836516062419,0,15.2002425557176,0,11.9952091127634,0,15.1009550179478,0,23.2668514251709,0,10.7234819661575,0,19.9595734150179,0,17.3147377761205,0,12.4772604989462,0,0,18.7570233084939,0,0,0,0,0,0,0,28.9547595977783,0,0,0,0,0,0,0,16.8735128362128,0,0,19.0951521737235,17.2742365598679,20.0144196730534,0,25.1980128288269
0,11.7575201755617,0,0,0,14.219332905605,0,0,0,13.0262840947631,0,0,0,0,0,13.7774909913071,0,55.3034744262695,40.8988339350774,15.9824722078111,0,0,0,24.2655544281006,0,0,0,0,0,0,0,0,0,0,0,17.1165558054685,0,31.068259133233,0,31.3923445940018,0,24.9673818794649,0,23.2413201765581,0,19.0676729578509,0,0,0,10.6417355167056,0,10.2314845456757,0,0,0,10.5489876610892,0,3.87174592018127,0,3.6275897354161,0,9.51280181983422,18.4715410255524,0,0,0,23.5608470439911,0,0,0,0,0,0,0,0,0,0,0,18.1337423897707,0,28.1215511322021,0,19.0374005760956,20.273685946907,17.6186597870384,23.312079111735,0
21.0550036363901,0,17.9367680397662,0,0,0,4.17298838647745,0,22.7330780029297,0,14.5108000437419,0,9.95509117323419,0,14.4121940476554,0,56.0543746948242,0,0,0,17.4655189807598,0,0,0,0,0,0,0,0,0,0,0,0,0,0,0,21.9152088165283,0,0,0,0,0,40.7238006591797,0,41.5894241333008,0,29.1684590359123,0,19.424576415199,0,7.99856982043102,0,7.351887976251,0,17.79530619764,0,19.3839560875111,0,13.7883058057034,0,14.5209934594748,0,0,27.3387905267569,0,0,0,0,0,0,0,0,0,0,0,0,0,0,0,20.9118100067095,0,0,11.6037486570988,18.5246836240174,31.7640522026247,0,36.5646018981934
0,19.2437492370605,0,14.219332905605,0,0,0,3.33989934965011,0,8.02603102364921,0,0,0,5.79253774029868,0,6.02272948070809,0,0,0,11.6893238323491,0,0,0,0,0,0,0,0,0,0,0,0,0,0,0,16.3131450957653,0,39.9147109985352,0,0,0,37.3332722705344,0,33.1348990390175,0,28.7062132575295,0,0,0,24.1989188194275,0,5.37558954102652,0,3.13443060602461,0,8.36945546590365,0,8.81458140822018,0,6.57374161359502,0,11.6172965809151,11.1304045216791,0,0,0,38.9529495239258,0,0,0,0,0,0,0,0,0,0,0,28.0564923867947,0,0,0,9.29667355750389,8.21812396647463,25.3292547852203,0,0
25.2106649875641,0,13.6373246312141,0,4.17298838647745,0,0,0,17.2303123474121,0,3.83488288304664,0,3.17625451564789,0,0,0,0,0,0,0,4.40875291824341,0,0,0,0,0,0,0,0,0,0,0,0,0,0,0,15.7481449127197,0,0,0,0,0,0,0,0,0,0,0,0,0,6.17591543819593,0,3.96612289791781,0,15.4503962198893,0,3.44335512111061,0,5.49732312174107,0,11.7208922704061,0,0,26.301726659139,0,0,0,0,0,0,0,0,0,0,0,0,0,0,0,29.1810746192932,0,0,5.13569599339086,3.94174989787015,27.8894055230277,0,0
0,0,0,0,0,3.33989934965011,0,0,0,0,0,0,0,7.26979494094849,0,0,0,0,0,0,0,0,0,0,0,0,0,0,0,0,0,0,0,0,0,0,0,0,0,0,0,0,0,0,0,0,0,0,0,0,0,3.43589559736706,0,3.56348370488097,0,0,0,2.94269847869873,0,4.55383601784706,0,0,0,0,0,0,0,0,0,0,0,0,0,0,0,0,0,0,0,0,0,0,0,0,0,0,0
12.6486106309814,0,18.3921800099886,0,22.7330780029297,0,17.2303123474121,0,0,0,0,0,21.6763098537922,0,12.1780876762183,0,12.6925408182473,36.0205192565918,29.6256131596035,0,23.8360786437988,0,0,0,6.60576216663633,0,0,0,0,0,0,0,0,0,0,0,16.8353730307685,0,7.94982002705944,0,0,0,13.3815757322311,0,0,0,34.3034489280299,0,17.6299335672992,0,23.0162070616511,0,0,0,11.9071983135277,0,18.0883842136549,0,22.0175956590422,0,13.7903102343482,0,0,35.707674407959,0,0,0,7.99068316817284,0,29.8136378696987,0,30.1007932027181,0,0,0,0,0,0,0,20.2160604476929,0,12.9099539518356,11.8816452246446,10.5808941528931,19.0020249856936,0,7.37925252047452
0,13.1148291062989,0,13.0262840947631,0,8.02603102364921,0,0,0,0,0,0,0,0,0,5.8556959548311,0,9.05906957762582,43.9358002512079,13.7047500610352,0,0,0,8.97285216271877,0,0,0,0,0,0,0,0,0,0,0,9.8381423108718,0,24.8007670645344,0,0,0,35.2361606712916,0,31.6874464352926,0,30.0503776395643,0,0,0,19.6942178515862,0,12.9361699104309,0,0,0,7.59883364041646,0,0,0,35.1639823913574,0,7.72882448109713,0,0,0,0,18.6290724252487,0,0,0,0,0,0,0,0,0,0,0,29.7013233184814,0,23.3993732300564,0,10.3614300465294,9.86899987431531,29.2972261926625,0,0
0,0,0,0,14.5108000437419,0,3.83488288304664,0,0,0,0,0,4.22671416156181,0,0,0,0,0,0,0,4.41508853553545,0,0,0,0,0,0,0,2.98407457669576,0,3.73437299898693,0,0,0,0,0,4.42210789656235,0,4.24811751909659,0,0,0,0,0,0,0,0,0,0,0,9.74055010080338,0,3.30637367872091,0,12.4132585525513,0,5.46637981462434,0,6.80832914360465,0,0,0,0,9.98715720638152,0,0,0,0,0,0,0,0,0,0,0,0,0,0,0,0,0,5.25514044290707,3.76045506280386,0,5.72327470779419,0,0
0,0,0,0,0,0,0,0,0,0,0,0,0,3.85144835710526,0,0,0,0,0,4.61680038495047,0,0,0,0,0,0,0,0,0,5.89154577255249,0,0,0,0,0,3.73587950070699,0,3.61929839044004,0,0,0,0,0,0,0,0,0,0,0,0,0,0,0,0,0,0,0,5.89362539316429,0,2.80022130693708,0,0,7.67076050556772,0,0,0,0,0,0,0,0,0,10.4160493214925,0,0,0,0,0,0,0,0,0,4.79221287266961,0,0,0,0
21.4659403943001,0,14.2537260651588,0,9.95509117323419,0,3.17625451564789,0,21.6763098537922,0,4.22671416156181,0,0,0,5.99562881969327,0,0,0,40.8866691589355,0,0,0,0,0,0,0,2.74676942825317,0,3.24824875195821,0,0,0,0,0,0,0,0,0,0,0,0,0,34.358998298645,0,0,0,29.5646253313337,0,15.4262167612712,0,6.06008768588939,0,2.874383131663,0,19.8392158084446,0,10.5333294550578,0,4.58443807515139,0,9.22965036147481,0,0,0,0,0,0,0,0,11.2767465379503,0,11.7595672607422,0,36.4388771057129,0,0,0,0,0,0,0,0,6.68272904099011,4.99496271393516,30.35027662913,0,0
0,0,0,0,0,5.79253774029868,0,7.26979494094849,0,0,0,3.85144835710526,0,0,0,3.26390971740087,0,0,0,0,0,0,0,0,0,0,0,0,0,0,0,0,0,0,0,0,0,0,0,0,0,0,0,0,0,0,0,0,0,0,0,3.72334476617666,0,5.40197748229617,0,0,0,5.50364126099481,0,3.37291668702087,0,3.58558392524719,0,0,0,0,0,0,0,0,0,0,0,0,0,0,0,0,0,0,0,0,3.37267569417045,3.98039850166866,0,0,0
13.3205133264937,0,13.1170054292679,0,14.4121940476554,0,0,0,12.1780876762183,0,0,0,5.99562881969327,0,0,0,3.81834802260766,0,0,0,0,0,0,0,0,0,3.48947429656982,0,0,0,0,0,0,0,0,0,0,0,0,0,0,0,31.6476084391276,0,0,0,29.9128711407001,0,14.883828313657,0,9.27995451539755,0,0,0,15.6570464556034,0,18.0536673594329,0,7.84118987952679,0,10.0610332677404,0,0,61.4159049987793,0,0,0,0,0,12.3956126727556,0,16.3930181662242,0,0,0,0,0,0,0,18.1236438751221,0,0,11.162307991747,8.63512629491312,29.3661010861397,0,25.2792072296143
0,7.43110426136705,0,13.7774909913071,0,6.02272948070809,0,0,0,5.8556959548311,0,0,0,3.26390971740087,0,0,0,6.30459870963261,42.9733371734619,0,0,0,0,5.89950272288636,0,4.00455651152025,0,0,0,0,0,0,0,0,0,26.2962379455566,0,35.3260720570882,0,0,0,34.4664821948035,0,31.9848074913025,0,25.8019019146355,0,0,0,9.64617544763228,0,3.36006610017074,0,0,0,10.9118510995592,0,0,0,3.13673213124275,0,3.96595109539267,0,0,0,0,12.8703663899348,0,4.91537268956502,0,0,0,0,0,0,0,0,0,25.9310708045959,0,0,0,8.2110743315533,6.32644144735188,29.1692609105791,0,0
25.7605292797089,0,48.6500086784363,0,56.0543746948242,0,0,0,12.6925408182473,0,0,0,0,0,3.81834802260766,0,0,16.038775283336,12.579212201417,0,0,6.71189427375793,3.04550206661224,0,0,0,3.12426269054413,0,0,0,0,0,0,0,0,0,55.5058975219727,0,0,0,0,49.9552215127384,28.1070481762412,0,26.7205506430732,48.149751663208,34.3116798228528,0,35.8095686435699,0,51.216609954834,0,0,0,6.72591985974993,0,35.5106556039107,0,43.0451435609297,0,3.38379836082458,0,0,54.7014694213867,8.87836996714274,0,0,0,0,0,0,0,0,39.5786018371582,0,0,0,0,0,59.9568614959717,0,0,10.3883794387606,6.07081927968087,30.409334210132,43.8566029866536,26.0691463724772
43.6099090576172,0,48.7576484680176,55.3034744262695,0,0,0,0,36.0205192565918,9.05906957762582,0,0,0,0,0,6.30459870963261,16.038775283336,0,15.383538331693,0,0,4.7623345375061,0,7.22526337951422,0,3.45517597879682,0,0,0,0,0,0,0,0,0,0,0,21.023980140686,0,0,0,34.1189351606119,45.1350523141714,25.7971875450828,34.0434850056966,41.2063331604004,61.6162538528442,0,0,52.1569747924805,0,0,0,0,0,16.9401831097073,0,0,63.2189807891846,0,0,17.5100104212761,0,0,2.74672114849091,0,16.6629720415388,0,3.66949852307638,0,0,0,0,0,0,0,0,0,0,0,23.41999067579,0,8.52859227630755,5.95611255278954,38.706780350324,32.6300229072571,41.0443115234375
15.8707242969893,27.6665501403809,26.4934775128084,40.8988339350774,0,0,0,0,29.6256131596035,43.9358002512079,0,0,40.8866691589355,0,0,42.9733371734619,12.579212201417,15.383538331693,0,0,0,0,0,42.5563659667969,0,0,0,0,0,0,0,0,0,0,0,0,0,45.9281247456869,0,37.3819138663156,0,23.216096720947,16.7574572409169,20.4272106621634,9.24678663557481,30.6893259475727,23.7671609892774,0,22.1729764370691,36.259256362915,44.3103675842285,0,0,0,45.6399440765381,47.676197052002,34.6996450805664,0,42.9038124084473,0,28.678514957428,48.337963104248,38.0441589355469,62.2864952087402,0,0,37.7869400978088,0,0,0,0,39.3209045410156,0,0,0,0,0,0,0,63.3796615600586,41.9881610870361,0,14.1601365434551,30.0169140100479,25.0394459201773,20.6664004737886,16.9287709834728
0,0,0,15.9824722078111,0,11.6893238323491,0,0,0,13.7047500610352,0,4.61680038495047,0,0,0,0,0,0,0,0,0,0,0,0,0,0,0,0,0,0,0,0,0,0,0,4.71131432254011,0,3.45339982383348,0,22.7803258895874,0,0,0,0,0,9.25866234964795,0,0,0,0,0,10.6684735825187,0,0,0,0,0,3.90021544939851,0,0,0,0,4.1433038945475,0,0,0,0,0,0,0,0,0,0,0,0,0,0,0,7.89109018314176,0,4.79952396024572,0,8.04363047107791,9.90938639640808,4.50599888463815,0,0
0,0,16.1653226852417,0,17.4655189807598,0,4.40875291824341,0,23.8360786437988,0,4.41508853553545,0,0,0,0,0,0,0,0,0,0,0,0,0,0,0,0,0,0,0,0,0,0,0,0,0,5.62483970120422,0,5.84029351468423,0,0,0,43.3494453430176,0,0,0,7.66371493496581,0,0,0,15.2195169140311,0,28.3550128936768,0,18.2655718760057,0,18.1632779353374,0,16.3084166875852,0,18.8313481467111,0,0,10.6705955984012,0,0,0,0,0,0,0,0,0,6.34336657524109,0,0,0,0,0,6.68496877673056,0,8.0084792917425,5.28046609423742,0,14.2514660874749,0,0
0,0,0,0,0,0,0,0,0,0,0,0,0,0,0,0,6.71189427375793,4.7623345375061,0,0,0,0,0,5.03895978416715,0,3.33251353672573,0,0,0,0,0,0,0,0,0,0,0,5.24485249895798,0,0,0,0,0,0,0,0,0,0,0,4.64427980299919,0,0,0,0,0,0,0,0,0,0,0,0,0,0,4.98130165461888,0,3.83747429683291,0,4.26355882136376,0,0,0,0,0,0,0,0,0,0,0,5.96650853302839,0,4.14844729138549,3.44598458251175,0,0,0
0,0,0,0,0,0,0,0,0,0,0,0,0,0,0,0,3.04550206661224,0,0,0,0,0,0,0,10.6837623701141,0,5.47173171159698,0,2.74599528312683,0,0,0,0,0,0,0,0,0,7.79915846900389,0,0,0,0,0,0,0,0,0,15.4563452175685,0,0,0,0,0,0,0,0,0,0,0,0,0,0,0,0,5.00532725984576,0,11.6200928961395,0,11.1856217009298,0,5.05433069404803,0,0,0,0,0,0,0,0,0,9.29996207986283,4.11421900749207,0,17.3030586242676,0,0
0,16.230366230011,0,24.2655544281006,0,0,0,0,0,8.97285216271877,0,0,0,0,0,5.89950272288636,0,7.22526337951422,42.5563659667969,0,0,5.03895978416715,0,0,0,3.45034690101941,0,0,0,0,0,0,0,0,0,0,0,8.01111094384689,0,0,0,8.56064116954803,0,0,0,0,0,0,0,21.7863202776228,0,0,0,0,0,7.75218933861831,0,0,0,0,0,6.47767706021019,0,0,7.72513304683897,0,4.99805638246369,0,3.76566443945232,0,0,0,0,0,0,0,0,0,0,0,10.4491098736347,0,4.75604694954892,31.6230285644531,11.5920057405125,0,0
2.96662139892578,0,0,0,0,0,0,0,6.60576216663633,0,0,0,0,0,0,0,0,0,0,0,0,0,10.6837623701141,0,0,0,7.12486373859903,0,0,0,0,0,0,0,0,0,0,0,7.583281571298,0,0,0,0,0,0,0,0,0,5.14842142229495,0,0,0,0,0,5.67652185678183,0,0,0,0,0,0,0,0,0,0,9.66259821530046,0,3.88086686115856,0,7.50171784294976,0,0,0,0,0,0,0,0,0,0,0,4.883548201777,4.64399147033691,0,9.25079177555285,0,0
0,0,0,0,0,0,0,0,0,0,0,0,0,0,0,4.00455651152025,0,3.45517597879682,0,0,0,3.33251353672573,0,3.45034690101941,0,0,0,3.16821845372518,0,0,0,0,0,0,0,0,0,21.7375774383545,0,0,0,0,0,0,0,0,0,0,0,0,0,0,0,0,0,3.79246473312378,0,0,0,0,0,3.92243197113995,0,0,5.75269152519461,0,5.38548377582005,0,4.15574031236888,0,0,0,0,0,0,0,0,0,0,0,19.5151348114014,0,2.9518407980601,0,0,0,0
0,0,0,0,0,0,0,0,0,0,0,0,2.74676942825317,0,3.48947429656982,0,3.12426269054413,0,0,0,0,0,5.47173171159698,0,7.12486373859903,0,0,0,5.48816537857056,0,0,0,0,0,0,0,0,0,0,0,0,0,0,0,0,0,0,0,15.4633801778158,0,0,0,0,0,0,0,0,0,0,0,2.9515775486275,0,0,0,0,11.2843472162882,0,9.27862649177437,0,5.63642064411275,0,6.08382993478041,0,0,0,0,0,0,0,0,0,0,0,0,0,0,0
0,0,0,0,0,0,0,0,0,0,0,0,0,0,0,0,0,0,0,0,0,0,0,0,0,3.16821845372518,0,0,0,0,0,0,0,0,0,0,0,0,0,0,0,0,0,0,0,0,0,0,0,0,0,0,0,0,0,0,0,0,0,0,0,0,0,0,0,0,0,0,0,0,3.27558299165275,0,0,0,0,0,0,0,0,0,0,0,2.74562846289741,0,0,0,0
0,0,0,0,0,0,0,0,0,0,2.98407457669576,0,3.24824875195821,0,0,0,0,0,0,0,0,0,2.74599528312683,0,0,0,5.48816537857056,0,0,0,3.47833271026611,0,0,0,0,0,0,0,0,0,0,0,0,0,0,0,0,0,0,0,0,0,0,0,0,0,0,0,0,0,0,0,0,0,0,4.21348810195923,0,0,0,5.51112050887866,0,3.57671016876144,0,0,0,0,0,0,0,0,0,0,4.03738027148777,3.0669447183609,0,0,0
0,0,0,0,0,0,0,0,0,0,0,5.89154577255249,0,0,0,0,0,0,0,0,0,0,0,0,0,0,0,0,0,0,0,0,0,0,0,0,0,3.12125988006592,0,0,0,0,0,0,0,0,0,0,0,0,0,0,0,0,0,0,0,7.60250043869019,0,0,0,0,0,0,0,0,0,0,0,0,9.75476428424871,0,4.43064682908369,0,0,0,0,0,0,0,0,0,0,0,0,0,0
0,0,0,0,0,0,0,0,0,0,3.73437299898693,0,0,0,0,0,0,0,0,0,0,0,0,0,0,0,0,0,3.47833271026611,0,0,0,0,0,0,0,0,0,4.4995393000151,0,0,0,0,0,0,0,0,0,0,0,0,0,0,0,0,0,0,0,0,0,0,0,0,0,0,0,0,0,0,0,0,3.05354694219736,0,3.78735481234763,0,0,0,0,0,0,0,3.64941009741563,3.96404130175962,0,6.78958417971929,0,0
0,0,0,0,0,0,0,0,0,0,0,0,0,0,0,0,0,0,0,0,0,0,0,0,0,0,0,0,0,0,0,0,3.6824377412838,4.00509136201792,0,4.52422818862332,8.02110918362935,0,0,0,0,0,0,0,0,0,0,7.6976361821779,9.97692131996155,5.54024180122044,0,0,0,0,0,0,0,0,0,0,0,0,0,0,0,0,0,0,0,0,0,0,0,0,5.01956916585149,3.13735258579254,4.21741222540537,0,5.64915732345508,11.7242589526706,0,0,3.89386430502811,0,0,0,0
0,0,0,0,0,0,0,0,0,0,0,0,0,0,0,0,0,0,0,0,0,0,0,0,0,0,0,0,0,0,0,3.6824377412838,0,0,8.70814541257951,3.58370836575826,0,0,0,0,0,0,0,0,0,0,0,6.06649412904313,9.56662181397559,0,0,0,0,0,0,0,0,0,0,0,0,0,0,0,0,0,0,0,0,0,0,0,0,0,3.38924992084503,3.41875880428833,0,5.71007689237595,0,4.12987587206504,0,0,3.0842763315333,0,19.9080009460449,0,0
0,0,0,0,0,0,0,0,0,0,0,0,0,0,0,0,0,0,0,0,0,0,0,0,0,0,0,0,0,0,0,4.00509136201792,0,0,4.02812231517636,3.16019774015461,0,5.91485837689873,3.6917462348938,0,0,0,0,0,0,0,0,5.97329927525472,0,14.8929049173991,0,0,0,0,0,0,0,0,0,0,0,0,0,0,0,0,0,0,0,0,0,0,0,0,4.15000897912837,0,4.55891806179296,5.22832881587825,8.06156622933912,0,6.42806972557964,0,3.98095778443597,3.39084200482619,0,0,0
0,0,0,0,0,0,0,0,0,0,0,0,0,0,0,0,0,0,0,0,0,0,0,0,0,0,0,0,0,0,0,0,8.70814541257951,4.02812231517636,0,3.98172060181113,3.5378095785259,3.0044729868571,4.78631665569325,0,0,0,0,0,0,0,0,6.84962922945002,13.5218830713585,0,0,0,0,0,0,0,0,0,0,0,0,0,0,0,0,0,0,0,0,0,0,0,0,0,0,8.68211480975151,0,4.16646524849061,0,7.46154060959816,0,5.35873187427789,5.23515016382391,2.92467205226421,0,0,0
0,23.76047706604,0,17.1165558054685,0,16.3131450957653,0,0,0,9.8381423108718,0,3.73587950070699,0,0,0,26.2962379455566,0,0,0,4.71131432254011,0,0,0,0,0,0,0,0,0,0,0,4.52422818862332,3.58370836575826,3.16019774015461,3.98172060181113,0,4.55189347143547,4.37275521907334,0,14.4837866425514,7.73136587142944,25.4333600997925,0,0,0,14.0052382297376,0,10.113455707015,18.383992767334,12.3507088594625,0,24.09984470865,0,0,0,25.6986522674561,0,6.11161246299744,0,0,0,22.0350242283033,10.0425224002852,0,0,0,0,0,0,0,0,0,0,0,6.82280580839249,0,7.53110206850157,0,5.10342967333695,6.8288290833318,5.77847633796256,0,5.05856315380982,5.14449907933609,8.78751524397282,0,0
47.7697525024414,0,18.8329943355761,0,21.9152088165283,0,15.7481449127197,0,16.8353730307685,0,4.42210789656235,0,0,0,0,0,55.5058975219727,0,0,0,5.62483970120422,0,0,0,0,0,0,0,0,0,0,8.02110918362935,0,0,3.5378095785259,4.55189347143547,0,0,4.29587066671296,0,4.36610733592971,0,36.2416793823242,0,0,0,12.7411074006002,5.64948457292041,13.2260798215866,0,22.3325929388855,0,20.3405067920685,0,24.675972865178,0,26.6319569236354,0,23.9060606623131,0,26.6321727752686,0,0,10.3009025281334,0,0,0,0,0,0,0,0,0,0,7.19215869903564,3.56461703777313,0,3.41293914715449,10.532925877659,5.42780403375934,0,5.43651015348821,4.56315878465569,4.67366312158869,8.29097806161909,0,31.2621167500814
0,19.0707699399476,0,31.068259133233,0,39.9147109985352,0,0,0,24.8007670645344,0,3.61929839044004,0,0,0,35.3260720570882,0,21.023980140686,45.9281247456869,3.45339982383348,0,5.24485249895798,0,8.01111094384689,0,21.7375774383545,0,0,0,3.12125988006592,0,0,0,5.91485837689873,3.0044729868571,4.37275521907334,0,0,3.97625787747212,19.5787525177002,0,6.76659617704504,0,0,0,0,0,8.02334722594211,0,6.69586908146604,0,0,0,0,0,17.7782022910459,0,5.15687595367432,0,0,0,31.194108581543,11.0814614295959,0,4.04596158411863,0,9.2030391636047,0,0,0,0,0,3.25622779982431,0,0,0,3.88687666562887,0,7.88984100530772,0,5.24723243518716,3.31098655767219,6.97593598486378,7.78878921993895,5.63082106466647,0,0
0,0,0,0,0,0,0,0,7.94982002705944,0,4.24811751909659,0,0,0,0,0,0,0,0,0,5.84029351468423,0,7.79915846900389,0,7.583281571298,0,0,0,0,0,4.4995393000151,0,0,3.6917462348938,4.78631665569325,0,4.29587066671296,3.97625787747212,0,0,0,0,4.40929147601128,0,0,0,0,5.11960321950241,4.36724198413884,0,0,0,0,0,9.81132036516036,0,6.77470261710031,0,0,0,0,0,0,0,0,9.70948482573166,0,5.38245144833855,0,8.81414771080017,0,5.57062951001254,0,5.5310639407685,0,0,0,3.31546773910522,0,5.36913762425267,4.85348663330078,5.11413500804955,4.02627123397109,5.00058181137688,6.50497337268237,0,0
0,36.6391258239746,0,31.3923445940018,0,0,0,0,0,0,0,0,0,0,0,0,0,0,37.3819138663156,22.7803258895874,0,0,0,0,0,0,0,0,0,0,0,0,0,0,0,14.4837866425514,0,19.5787525177002,0,0,0,43.1803402370877,0,39.4207048416138,0,9.93461861828066,0,7.69933123058743,9.39212142096626,4.66443614090995,0,0,0,0,0,0,0,33.5637664794922,0,0,0,0,13.1167865567626,0,0,0,0,0,0,0,0,0,0,0,0,0,0,0,7.08084654283687,0,5.1823673248291,0,32.122472204268,0,17.2440642942985,0,0
0,0,11.5397958755493,0,0,0,0,0,0,0,0,0,0,0,0,0,0,0,0,0,0,0,0,0,0,0,0,0,0,0,0,0,0,0,0,7.73136587142944,4.36610733592971,0,0,0,0,0,5.44908551938138,0,0,0,5.08277674013384,9.21994277663615,5.78641883108597,0,0,0,0,0,0,0,0,0,33.2493934631348,0,0,0,0,7.71117058506718,0,0,0,0,0,0,0,0,0,8.47866426195417,0,0,0,0,0,6.1400226934459,0,5.05916247945843,5.99210053074117,0,6.84833823028186,0,0
0,18.6798263144677,0,24.9673818794649,0,37.3332722705344,0,0,0,35.2361606712916,0,0,0,0,0,34.4664821948035,49.9552215127384,34.1189351606119,23.216096720947,0,0,0,0,8.56064116954803,0,0,0,0,0,0,0,0,0,0,0,25.4333600997925,0,6.76659617704504,0,43.1803402370877,0,0,7.32225334543007,12.8662806531278,38.5270538330078,15.1495255982634,32.359375,16.8755839824677,17.2160882949829,16.328746869164,0,37.1625811258952,0,0,0,32.5748741257359,0,27.1195049285889,0,0,0,31.2909926356691,17.095187153135,0,0,0,16.6325283050537,0,0,0,0,0,5.48106390551517,0,0,0,0,0,40.6236483256022,0,8.65654950528531,0,10.5743978920029,42.6225644840914,9.35276810650493,7.33130802848169,45.3015012741089
21.685230886235,0,26.6369963139296,0,40.7238006591797,0,0,0,13.3815757322311,0,0,0,34.358998298645,0,31.6476084391276,0,28.1070481762412,45.1350523141714,16.7574572409169,0,43.3494453430176,0,0,0,0,0,0,0,0,0,0,0,0,0,0,0,36.2416793823242,0,4.40929147601128,0,5.44908551938138,7.32225334543007,0,52.1628952026367,5.99044452643976,50.2703294754028,11.1652377726346,8.19778229354264,6.32545458861972,10.0106234868368,38.3169470893012,0,0,0,30.1088574727376,0,13.9123890727174,0,25.9333983165462,0,30.308116546044,0,0,40.6783938407898,0,0,0,0,0,0,0,12.5407560122641,0,9.82465717280022,0,0,0,0,0,37.2852490881215,0,13.4860608279705,8.52160301583272,24.3144277876074,7.05390404936041,50.1057777404785,6.22651793872239
0,23.232884089152,0,23.2413201765581,0,33.1348990390175,0,0,0,31.6874464352926,0,0,0,0,0,31.9848074913025,0,25.7971875450828,20.4272106621634,0,0,0,0,0,0,0,0,0,0,0,0,0,0,0,0,0,0,0,0,39.4207048416138,0,12.8662806531278,52.1628952026367,0,0,15.2719017617145,0,0,35.1111259460449,25.899146270752,0,0,0,0,0,29.4171188354492,0,0,0,0,0,29.5739879608154,43.508918762207,0,0,0,34.7211380004883,0,0,0,0,0,0,0,0,0,0,0,0,0,0,0,17.7749834085248,41.6577275594076,15.3267185516495,13.1056871992169,0
39.2462348937988,0,20.6836516062419,0,41.5894241333008,0,0,0,0,0,0,0,0,0,0,0,26.7205506430732,34.0434850056966,9.24678663557481,0,0,0,0,0,0,0,0,0,0,0,0,0,0,0,0,0,0,0,0,0,0,38.5270538330078,5.99044452643976,0,0,50.3035583496094,8.27560479890916,0,23.8604507446289,0,0,0,0,0,31.5386819839478,0,36.8943099975586,0,0,0,0,0,0,0,0,0,0,0,0,0,0,0,0,0,0,0,0,0,0,0,0,0,12.5701406215046,23.2838031832732,7.02958541670932,0,7.25170595018487
0,21.2103710584114,0,19.0676729578509,0,28.7062132575295,0,0,0,30.0503776395643,0,0,0,0,0,25.8019019146355,48.149751663208,41.2063331604004,30.6893259475727,9.25866234964795,0,0,0,0,0,0,0,0,0,0,0,0,0,0,0,14.0052382297376,0,0,0,9.93461861828066,0,15.1495255982634,50.2703294754028,15.2719017617145,50.3035583496094,0,0,0,0,20.8479002272145,0,28.098862612689,0,0,0,28.1538931846619,0,23.9066550731659,0,29.3494968414307,0,24.9615522272447,8.7699503176704,0,0,0,0,0,0,0,0,0,18.0728549957275,0,0,0,0,0,12.2065525054932,0,0,0,22.4019865348389,26.8413639718836,15.8849219796022,38.4633520841599,0
16.6832675513099,0,15.2002425557176,0,29.1684590359123,0,0,0,34.3034489280299,0,0,0,29.5646253313337,0,29.9128711407001,0,34.3116798228528,61.6162538528442,23.7671609892774,0,7.66371493496581,0,0,0,0,0,0,0,0,0,0,0,0,0,0,0,12.7411074006002,0,0,0,5.08277674013384,32.359375,11.1652377726346,0,8.27560479890916,0,0,0,18.7258093938306,0,28.3265560510996,0,0,0,26.7994797446511,0,30.5382141607476,0,28.9858192946885,0,25.2018990107945,0,0,11.0192364907199,0,0,0,0,0,0,0,35.2755928039551,0,45.546443939209,0,0,0,0,0,14.9685537145029,0,0,21.931506738516,22.3790242936876,12.8873633889174,59.7076301574707,27.0286486466726
0,0,0,0,0,0,0,0,0,0,0,0,0,0,0,0,0,0,0,0,0,0,0,0,0,0,0,0,0,0,0,7.6976361821779,6.06649412904313,5.97329927525472,6.84962922945002,10.113455707015,5.64948457292041,8.02334722594211,5.11960321950241,7.69933123058743,9.21994277663615,16.8755839824677,8.19778229354264,0,0,0,0,0,5.77703328744613,7.18631979785113,0,0,0,0,0,0,0,0,0,0,0,0,0,12.631240272522,0,0,0,0,0,0,0,0,23.9925346374512,19.57773251967,8.80916416574679,6.42868189009792,4.4143226146698,5.18562603400925,9.59462946171602,9.80375257445394,13.244431933278,9.36923286685577,5.10938833603414,0,5.73346754157816,0,0
12.6368231955607,0,11.9952091127634,0,19.424576415199,0,0,0,17.6299335672992,0,0,0,15.4262167612712,0,14.883828313657,0,35.8095686435699,0,22.1729764370691,0,0,0,15.4563452175685,0,5.14842142229495,0,15.4633801778158,0,0,0,0,9.97692131996155,9.56662181397559,0,13.5218830713585,18.383992767334,13.2260798215866,0,4.36724198413884,9.39212142096626,5.78641883108597,17.2160882949829,6.32545458861972,35.1111259460449,23.8604507446289,0,18.7258093938306,5.77703328744613,0,6.21765062413798,16.9953107978358,0,0,0,11.0379338208367,0,18.0446428960683,0,12.1968325381457,0,10.9220497431294,0,0,12.6424003277185,0,9.38620030879974,0,4.40644076435836,0,3.8831542448564,0,4.93238076208253,0,9.1345662608877,12.5062445231846,7.85655730703603,0,4.91106096066927,18.1923956437544,8.36651399035107,0,7.88048356941465,8.73462213837791,23.4911618232727,6.52326450923394,0,15.9272079467773
0,8.13502342237843,0,10.6417355167056,0,24.1989188194275,0,0,0,19.6942178515862,0,0,0,0,0,9.64617544763228,0,52.1569747924805,36.259256362915,0,0,4.64427980299919,0,21.7863202776228,0,0,0,0,0,0,0,5.54024180122044,0,14.8929049173991,0,12.3507088594625,0,6.69586908146604,0,4.66443614090995,0,16.328746869164,10.0106234868368,25.899146270752,0,20.8479002272145,0,7.18631979785113,6.21765062413798,0,0,24.67431640625,0,0,0,16.1247665063115,0,3.93547206175955,0,4.34407538175583,0,6.65790626436895,16.8861648537392,0,8.28931993100701,0,19.468931645155,0,7.06994038066645,0,4.6548713925597,0,5.01618214057443,36.0754928588867,5.54896424876319,0,0,0,9.70482003737187,0,5.80366267760595,35.142017364502,9.24217645541642,26.7499276775203,10.8324241112936,19.5011852264404,0
20.4216791714809,0,15.1009550179478,0,7.99856982043102,0,6.17591543819593,0,23.0162070616511,0,9.74055010080338,0,6.06008768588939,0,9.27995451539755,0,51.216609954834,0,44.3103675842285,0,15.2195169140311,0,0,0,0,0,0,0,0,0,0,0,0,0,0,0,22.3325929388855,0,0,0,0,0,38.3169470893012,0,0,0,28.3265560510996,0,16.9953107978358,0,0,0,5.28150612676246,0,15.346938003512,0,14.4745609101021,0,12.7789768206107,0,12.9959062326188,0,0,23.4144970908094,0,0,0,0,0,0,0,0,0,0,0,0,0,0,0,23.1406779650095,0,0,17.4225260696999,19.1539484616872,26.5880735500817,0,32.7919295628866
0,26.1269435882568,0,10.2314845456757,0,5.37558954102652,0,3.43589559736706,0,12.9361699104309,0,0,0,3.72334476617666,0,3.36006610017074,0,0,0,10.6684735825187,0,0,0,0,0,0,0,0,0,0,0,0,0,0,0,24.09984470865,0,0,0,0,0,37.1625811258952,0,0,0,28.098862612689,0,0,0,24.67431640625,0,0,0,3.50111533613766,0,3.28573671976725,0,7.04785933861366,0,5.23308959292818,0,4.87749247162987,10.6246949771665,0,0,0,0,0,0,0,0,0,0,0,0,0,0,0,26.8403797149658,0,0,0,7.57045789223289,12.2640745980399,9.99072723813576,0,0
0,0,23.2668514251709,0,7.351887976251,0,3.96612289791781,0,0,0,3.30637367872091,0,2.874383131663,0,0,0,0,0,0,0,28.3550128936768,0,0,0,0,0,0,0,0,0,0,0,0,0,0,0,20.3405067920685,0,0,0,0,0,0,0,0,0,0,0,0,0,5.28150612676246,0,0,0,38.2647743225098,0,8.10098123550415,0,5.41851742537516,0,13.6791896820068,0,0,26.5627746582031,0,0,0,0,0,0,0,0,0,0,0,0,0,0,0,25.9121205012004,0,0,5.72014668211341,0,30.3442344665527,0,0
0,0,0,0,0,3.13443060602461,0,3.56348370488097,0,0,0,0,0,5.40197748229617,0,0,0,0,0,0,0,0,0,0,0,0,0,0,0,0,0,0,0,0,0,0,0,0,0,0,0,0,0,0,0,0,0,0,0,0,0,3.50111533613766,0,0,0,0,0,4.04695058822632,0,4.30860803848089,0,0,0,0,0,0,0,0,0,0,0,0,0,0,0,0,0,0,0,0,0,0,4.25933514322553,0,10.33176612854,0,0
11.0433919119641,0,10.7234819661575,0,17.79530619764,0,15.4503962198893,0,11.9071983135277,0,12.4132585525513,0,19.8392158084446,0,15.6570464556034,0,6.72591985974993,0,45.6399440765381,0,18.2655718760057,0,0,0,5.67652185678183,0,0,0,0,0,0,0,0,0,0,0,24.675972865178,0,9.81132036516036,0,0,0,30.1088574727376,0,31.5386819839478,0,26.7994797446511,0,11.0379338208367,0,15.346938003512,0,38.2647743225098,0,0,0,17.6181869606177,0,18.1182890278952,0,12.6680694490671,0,0,18.9435727861192,0,0,0,4.852114059688,0,15.4098138014475,0,31.2020568847656,0,0,0,0,0,0,0,23.8252674905877,0,11.1619159346041,18.0274390748569,18.0424289395732,26.264174947506,0,19.6252737045288
0,8.74619906524132,0,10.5489876610892,0,8.36945546590365,0,0,0,7.59883364041646,0,0,0,0,0,10.9118510995592,0,16.9401831097073,47.676197052002,0,0,0,0,7.75218933861831,0,3.79246473312378,0,0,0,0,0,0,0,0,0,25.6986522674561,0,17.7782022910459,0,0,0,32.5748741257359,0,29.4171188354492,0,28.1538931846619,0,0,0,16.1247665063115,0,3.28573671976725,0,0,0,0,0,0,0,0,0,6.60414214593818,0,0,0,0,9.40878027938752,0,0,0,0,0,0,0,0,0,0,0,26.3730010986328,0,17.6055895905746,0,13.1439342928208,19.089600098193,17.7956975083143,27.9703044891357,0
17.1950545443429,0,19.9595734150179,0,19.3839560875111,0,3.44335512111061,0,18.0883842136549,0,5.46637981462434,0,10.5333294550578,0,18.0536673594329,0,35.5106556039107,0,34.6996450805664,0,18.1632779353374,0,0,0,0,0,0,0,0,0,0,0,0,0,0,0,26.6319569236354,0,6.77470261710031,0,0,0,13.9123890727174,0,36.8943099975586,0,30.5382141607476,0,18.0446428960683,0,14.4745609101021,0,8.10098123550415,0,17.6181869606177,0,0,0,8.5221694164768,0,18.1578227871596,0,0,16.882017965917,0,0,0,0,0,0,0,4.17588415086269,0,4.01513411225499,0,0,0,0,0,27.087011849008,0,10.6149841717311,21.1529799719542,36.6330256462097,11.1248704107346,0,12.6257983405015
0,8.15342586690729,0,3.87174592018127,0,8.81458140822018,0,2.94269847869873,0,0,0,5.89362539316429,0,5.50364126099481,0,0,0,0,0,3.90021544939851,0,0,0,0,0,0,0,0,0,7.60250043869019,0,0,0,0,0,6.11161246299744,0,5.15687595367432,0,33.5637664794922,0,27.1195049285889,0,0,0,23.9066550731659,0,0,0,3.93547206175955,0,7.04785933861366,0,4.04695058822632,0,0,0,0,0,4.0936009924043,0,4.56883809566498,12.4319761158472,0,0,0,0,0,0,0,3.25128101371788,0,3.67590398158667,0,0,0,0,0,21.3382400512695,0,0,0,7.64109167371477,15.8065462112427,6.36335791934351,0,0
21.8404083338651,0,17.3147377761205,0,13.7883058057034,0,5.49732312174107,0,22.0175956590422,0,6.80832914360465,0,4.58443807515139,0,7.84118987952679,0,43.0451435609297,63.2189807891846,42.9038124084473,0,16.3084166875852,0,0,0,0,0,0,0,0,0,0,0,0,0,0,0,23.9060606623131,0,0,0,33.2493934631348,0,25.9333983165462,0,0,0,28.9858192946885,0,12.1968325381457,0,12.7789768206107,0,5.41851742537516,0,18.1182890278952,0,8.5221694164768,0,0,0,9.96564866164824,0,0,23.8591007955011,0,0,0,0,0,12.8429923534393,0,11.940616616836,0,28.948299407959,0,0,0,0,0,26.5745012871921,0,0,20.0940579690394,10.9400730626336,22.7225153944139,0,22.7312532082582
0,7.03464688195123,0,3.6275897354161,0,6.57374161359502,0,4.55383601784706,0,35.1639823913574,0,2.80022130693708,0,3.37291668702087,0,3.13673213124275,0,0,0,0,0,0,0,0,0,0,0,0,0,0,0,0,0,0,0,0,0,0,0,0,0,0,0,0,0,29.3494968414307,0,0,0,4.34407538175583,0,5.23308959292818,0,4.30860803848089,0,0,0,4.0936009924043,0,0,0,4.74704499556639,16.4892520904541,0,0,0,0,0,0,0,0,0,0,0,0,0,0,0,0,0,0,0,6.56586965868029,3.7225638117109,7.59171176778859,0,0
13.9333703641064,0,12.4772604989462,0,14.5209934594748,0,11.7208922704061,0,13.7903102343482,0,0,0,9.22965036147481,0,10.0610332677404,0,3.38379836082458,0,28.678514957428,0,18.8313481467111,0,0,0,0,0,2.9515775486275,0,0,0,0,0,0,0,0,0,26.6321727752686,0,0,0,0,0,30.308116546044,0,0,0,25.2018990107945,0,10.9220497431294,0,12.9959062326188,0,13.6791896820068,0,12.6680694490671,0,18.1578227871596,0,9.96564866164824,0,0,0,0,0,0,0,0,0,0,6.5999106323446,0,9.82306952476501,0,0,0,0,0,0,0,24.4754597056996,0,0,16.4161954489817,13.7603194609932,23.5181796247607,0,23.1681623458862
0,6.69688541971739,0,9.51280181983422,0,11.6172965809151,0,0,0,7.72882448109713,0,0,0,3.58558392524719,0,3.96595109539267,0,17.5100104212761,48.337963104248,0,0,0,0,6.47767706021019,0,3.92243197113995,0,0,0,0,0,0,0,0,0,22.0350242283033,0,31.194108581543,0,0,0,31.2909926356691,0,29.5739879608154,0,24.9615522272447,0,0,0,6.65790626436895,0,4.87749247162987,0,0,0,6.60414214593818,0,4.56883809566498,0,4.74704499556639,0,0,23.546012878418,0,0,0,9.92366397380829,0,3.47696769237518,0,0,0,0,0,0,0,0,0,25.0902587345668,0,0,0,15.6374273912622,12.4207192659378,24.8869984993461,27.8085880279541,0
0,21.9067938668387,0,18.4715410255524,0,11.1304045216791,0,0,0,0,0,7.67076050556772,0,0,0,0,0,0,38.0441589355469,4.1433038945475,0,0,0,0,0,0,0,0,0,0,0,0,0,0,0,10.0425224002852,0,11.0814614295959,0,13.1167865567626,0,17.095187153135,0,43.508918762207,0,8.7699503176704,0,0,0,16.8861648537392,0,10.6246949771665,0,0,0,0,0,12.4319761158472,0,16.4892520904541,0,23.546012878418,0,0,0,0,0,0,0,0,0,0,0,0,0,0,0,0,6.60881608970894,0,0,0,10.7434373537699,39.0029792785645,9.70676927341634,0,0
32.614239692688,0,18.7570233084939,0,27.3387905267569,0,26.301726659139,0,35.707674407959,0,9.98715720638152,0,0,0,61.4159049987793,0,54.7014694213867,0,62.2864952087402,0,10.6705955984012,0,0,0,0,0,0,0,0,0,0,0,0,0,0,0,10.3009025281334,0,0,0,7.71117058506718,0,40.6783938407898,0,0,0,11.0192364907199,12.631240272522,12.6424003277185,0,23.4144970908094,0,26.5627746582031,0,18.9435727861192,0,16.882017965917,0,23.8591007955011,0,0,0,0,0,0,0,0,0,0,0,0,0,0,0,0,0,0,0,0,9.71351967603625,0,0,14.375516025138,0,20.1190186506076,0,37.6596175602504
0,0,0,0,0,0,0,0,0,0,0,0,0,0,0,0,8.87836996714274,2.74672114849091,0,0,0,4.98130165461888,0,7.72513304683897,0,5.75269152519461,0,0,0,0,0,0,0,0,0,0,0,4.04596158411863,0,0,0,0,0,0,0,0,0,0,0,8.28931993100701,0,0,0,0,0,0,0,0,0,0,0,0,0,0,0,0,7.0362837507079,0,6.32592959665272,0,7.60224413871765,0,0,0,0,0,0,0,0,0,6.03227604816319,0,4.07096160321996,2.85118063290914,0,0,0
0,0,0,0,0,0,0,0,0,0,0,0,0,0,0,0,0,0,0,0,0,0,5.00532725984576,0,9.66259821530046,0,11.2843472162882,0,4.21348810195923,0,0,0,0,0,0,0,0,0,9.70948482573166,0,0,0,0,0,0,0,0,0,9.38620030879974,0,0,0,0,0,0,0,0,0,0,0,0,0,0,0,0,0,0,11.184546393055,0,7.64691830765117,0,5.36363471558491,0,0,0,0,0,0,0,0,0,10.1710345122963,3.54633844283319,0,0,0,0
0,16.2360254434439,0,23.5608470439911,0,38.9529495239258,0,0,0,18.6290724252487,0,0,0,0,0,12.8703663899348,0,16.6629720415388,37.7869400978088,0,0,3.83747429683291,0,4.99805638246369,0,5.38548377582005,0,0,0,0,0,0,0,0,0,0,0,9.2030391636047,0,0,0,16.6325283050537,0,34.7211380004883,0,0,0,0,0,19.468931645155,0,0,0,0,0,9.40878027938752,0,0,0,0,0,9.92366397380829,0,0,7.0362837507079,0,0,0,3.42332525088869,0,0,0,0,0,0,0,0,0,0,0,8.98919576185721,0,21.369084992192,33.8970286959694,6.77542042589473,0,0
0,0,0,0,0,0,0,0,7.99068316817284,0,0,0,0,0,0,0,0,0,0,0,0,0,11.6200928961395,0,3.88086686115856,0,9.27862649177437,0,0,0,0,0,0,0,0,0,0,0,5.38245144833855,0,0,0,0,0,0,0,0,0,4.40644076435836,0,0,0,0,0,4.852114059688,0,0,0,0,0,0,0,0,0,0,11.184546393055,0,0,0,8.21732457011354,0,0,0,0,0,0,0,0,0,0,0,5.03916178709931,0,0,7.66004936146525,0,0
0,0,0,0,0,0,0,0,0,0,0,0,0,0,0,4.91537268956502,0,3.66949852307638,0,0,0,4.26355882136376,0,3.76566443945232,0,4.15574031236888,0,0,0,0,0,0,0,0,0,0,0,0,0,0,0,0,0,0,0,0,0,0,0,7.06994038066645,0,0,0,0,0,0,0,0,0,0,0,3.47696769237518,0,0,6.32592959665272,0,3.42332525088869,0,0,0,5.20246497435053,0,0,0,0,0,0,0,0,0,0,0,0,0,4.92363591988881,0,0
5.12675797939301,0,0,0,0,0,0,0,29.8136378696987,0,0,0,11.2767465379503,0,12.3956126727556,0,0,0,0,0,0,0,11.1856217009298,0,7.50171784294976,0,5.63642064411275,0,5.51112050887866,0,0,0,0,0,0,0,0,0,8.81414771080017,0,0,0,0,0,0,0,0,0,3.8831542448564,0,0,0,0,0,15.4098138014475,0,0,0,12.8429923534393,0,6.5999106323446,0,0,0,0,7.64691830765117,0,8.21732457011354,0,0,0,5.31219225550977,0,10.4218307336171,0,0,0,0,0,0,0,10.7346677780151,44.0530967712402,0,0,0,0
0,0,0,0,0,0,0,0,0,0,0,0,0,0,0,0,0,0,0,0,0,0,0,0,0,0,0,3.27558299165275,0,9.75476428424871,0,0,0,0,0,0,0,0,0,0,0,0,0,0,0,0,0,0,0,4.6548713925597,0,0,0,0,0,0,0,3.25128101371788,0,0,0,0,0,0,7.60224413871765,0,0,0,5.20246497435053,0,0,0,3.70863627928954,0,0,0,0,0,0,0,4.81463925664211,0,0,0,3.27447578642103,0,0
34.8225135803223,0,28.9547595977783,0,0,0,0,0,30.1007932027181,0,0,0,11.7595672607422,0,16.3930181662242,0,0,0,39.3209045410156,0,0,0,5.05433069404803,0,0,0,6.08382993478041,0,3.57671016876144,0,3.05354694219736,0,0,0,0,0,0,0,5.57062951001254,0,0,0,12.5407560122641,0,0,0,35.2755928039551,0,4.93238076208253,0,0,0,0,0,31.2020568847656,0,4.17588415086269,0,11.940616616836,0,9.82306952476501,0,0,0,0,5.36363471558491,0,0,0,5.31219225550977,0,0,0,4.96183736203453,0,0,0,0,0,0,0,7.0274364894359,23.885923465093,39.4237365722656,5.65467030602384,0,11.890775680542
0,0,0,0,0,0,0,0,0,0,0,10.4160493214925,0,0,0,0,0,0,0,0,0,0,0,0,0,0,0,0,0,4.43064682908369,0,0,0,0,0,0,0,3.25622779982431,0,0,0,5.48106390551517,0,0,0,18.0728549957275,0,23.9925346374512,0,5.01618214057443,0,0,0,0,0,0,0,3.67590398158667,0,0,0,0,0,0,0,0,0,0,0,0,3.70863627928954,0,0,0,0,0,0,0,0,0,4.87525805098969,0,13.9292166233063,0,4.63376240214786,0,0
0,0,0,0,0,0,0,0,0,0,0,0,36.4388771057129,0,0,0,39.5786018371582,0,0,0,6.34336657524109,0,0,0,0,0,0,0,0,0,3.78735481234763,0,0,0,0,0,0,0,5.5310639407685,0,8.47866426195417,0,9.82465717280022,0,0,0,45.546443939209,19.57773251967,9.1345662608877,36.0754928588867,0,0,0,0,0,0,4.01513411225499,0,28.948299407959,0,0,0,0,0,0,0,0,0,0,10.4218307336171,0,4.96183736203453,0,0,0,0,0,0,0,0,0,6.03645434792374,14.6126902017249,0,5.63729539479835,0,13.4108180999756
0,0,0,0,0,0,0,0,0,0,0,0,0,0,0,0,0,0,0,0,0,0,0,0,0,0,0,0,0,0,0,5.01956916585149,3.38924992084503,4.15000897912837,0,6.82280580839249,7.19215869903564,0,0,0,0,0,0,0,0,0,0,8.80916416574679,12.5062445231846,5.54896424876319,0,0,0,0,0,0,0,0,0,0,0,0,0,0,0,0,0,0,0,0,0,0,0,0,0,0,4.16553833320556,0,5.46547257236693,12.8347983360291,0,0,4.18217651844025,0,0,0,0
0,0,0,0,0,0,0,0,0,0,0,0,0,0,0,0,0,0,0,0,0,0,0,0,0,0,0,0,0,0,0,3.13735258579254,3.41875880428833,0,8.68211480975151,0,3.56461703777313,0,0,0,0,0,0,0,0,0,0,6.42868189009792,7.85655730703603,0,0,0,0,0,0,0,0,0,0,0,0,0,0,0,0,0,0,0,0,0,0,0,0,0,0,0,0,11.1759755457601,0,3.70209825812996,0,0,3.23920186360677,0,0,0,0
0,0,0,0,0,0,0,0,0,0,0,0,0,0,0,0,0,0,0,0,0,0,0,0,0,0,0,0,0,0,0,4.21741222540537,0,4.55891806179296,0,7.53110206850157,0,3.88687666562887,0,0,0,0,0,0,0,0,0,4.4143226146698,0,0,0,0,0,0,0,0,0,0,0,0,0,0,0,0,0,0,0,0,0,0,0,0,0,0,4.16553833320556,0,0,0,4.59585272445881,0,4.0322179277991,0,6.24371468743613,0,0,0,0
0,0,0,0,0,0,0,0,0,0,0,0,0,0,0,0,0,0,0,0,0,0,0,0,0,0,0,0,0,0,0,0,5.71007689237595,5.22832881587825,4.16646524849061,0,3.41293914715449,0,3.31546773910522,0,0,0,0,0,0,0,0,5.18562603400925,4.91106096066927,0,0,0,0,0,0,0,0,0,0,0,0,0,0,0,0,0,0,0,0,0,0,0,0,0,0,11.1759755457601,0,0,0,6.86523399908076,0,4.57652730311988,3.88807678923887,0,0,0,0
0,23.1582288742065,0,18.1337423897707,0,28.0564923867947,0,0,0,29.7013233184814,0,0,0,0,0,25.9310708045959,0,0,0,7.89109018314176,0,0,0,0,0,0,0,0,0,0,0,5.64915732345508,0,8.06156622933912,0,5.10342967333695,10.532925877659,7.88984100530772,0,7.08084654283687,0,40.6236483256022,0,0,0,12.2065525054932,0,9.59462946171602,18.1923956437544,9.70482003737187,0,26.8403797149658,0,0,0,26.3730010986328,0,21.3382400512695,0,0,0,25.0902587345668,6.60881608970894,0,0,0,0,0,0,0,0,0,0,0,5.46547257236693,0,4.59585272445881,0,0,15.9297462508485,7.23028511620789,0,6.18578508652297,6.57686978091999,12.4483758810303,0,0
35.5840311050415,0,16.8735128362128,0,20.9118100067095,0,29.1810746192932,0,20.2160604476929,0,0,0,0,0,18.1236438751221,0,59.9568614959717,0,63.3796615600586,0,6.68496877673056,0,0,0,0,0,0,0,0,0,0,11.7242589526706,4.12987587206504,0,7.46154060959816,6.8288290833318,5.42780403375934,0,5.36913762425267,0,6.1400226934459,0,37.2852490881215,0,0,0,14.9685537145029,9.80375257445394,8.36651399035107,0,23.1406779650095,0,25.9121205012004,0,23.8252674905877,0,27.087011849008,0,26.5745012871921,0,24.4754597056996,0,0,9.71351967603625,0,0,0,0,0,0,0,0,0,0,12.8347983360291,3.70209825812996,0,6.86523399908076,15.9297462508485,0,0,6.35052178395605,7.44851613524855,4.8453040518946,14.7426999158578,0,27.4697105089823
0,24.0496403376261,0,28.1215511322021,0,0,0,0,0,23.3993732300564,0,0,0,0,0,0,0,23.41999067579,41.9881610870361,4.79952396024572,0,5.96650853302839,0,10.4491098736347,0,19.5151348114014,0,0,0,0,0,0,0,6.42806972557964,0,5.77847633796256,0,5.24723243518716,4.85348663330078,5.1823673248291,0,8.65654950528531,0,0,0,0,0,13.244431933278,0,5.80366267760595,0,0,0,0,0,17.6055895905746,0,0,0,0,0,0,0,0,6.03227604816319,0,8.98919576185721,0,0,0,4.81463925664211,0,4.87525805098969,0,0,0,4.0322179277991,0,7.23028511620789,0,0,0,8.8567628140543,9.08747226025196,6.97134277214958,0,0
