0,0,363.057511672378,0,0,0,0,0,124.576036959887,0,0,0,0,0,0,0,0,0,0.188430324196815,0,0.0907813906669617,0,0,0,0.220425739884377,0,0,0,0,0,0,0,0,0,0,0,0,0,1.04387038201094,0,0.249670587480068,0.269525557756424,48.3541029542685,0,0,0,0,3.72328120470047,633.076671242714,0,0,0,0,0,273.010783299804,0,11.556882686913,0,0.0976186841726303,0,123.446405649185,0,0,4.30360919982195,0,0,0,0,0,0,0,0,0,10.5157074928284,0,0,0,0,0,3.35818232595921,0,13.7852316424251,46.1717262193561,0,130.964824341238,0,2.47923330962658
0,0,0,12.4007129669189,0,0.499354422092438,0,0,0,149.212826043367,0,0,0,0,0,7.60401177406311,0,0,1.40356254577637,0,0,0,0,0.435326680541039,0,0,0,0,0,0,0,0,0,0,0,0,0,0.644844934344292,0,0.415460497140884,0,144.89287750423,0,0,0,0,0,0.430251881480217,0,61.2698452174664,0,0,0,0,0,478.030585676432,0,14.2404338270426,0,0,0,2.06380116939545,0,0,0,0,0,0,0,0,2.42604583501816,0,18.7384575456381,0,0,0,0,0,1.76855792850256,0,16.6729927882552,0,112.071452885866,6.44528329372406,255.213586784899,1.01925747096539,0
363.057511672378,0,0,0,0,0,0,0,71.1873508244753,0,0,0,0,0,0,0,0,0,0,0,0,0,0,0,0,0,0,0,0,0,0,0,0,0,0,0,0,0,1.10752411186695,0,0,0,20.9908192008734,0,0,0,0,0.479074954986572,2.33160385489464,0,0,0,0,0,13.7539266198874,0,0.490168303251266,0,0,0,0,0,0,0,0,0,0,0,0,0,0,0,0,0.373737245798111,0,0,0,0,0,0,0,0.112552456557751,45.7623575627804,0,30.5765413045883,0,0.110257379710674
0,12.4007129669189,0,0,0,291.983365565538,0,0,0,0,0,0.837818086147308,0,0,0,0,0,0,0.585839509963989,0,0,0,0,0,0,0,0,0,0,0,0,0,0,0,0,1.39631348848343,0,0.183655425906181,0,0.745531469583511,0,213.389397233725,0,0,0,3.7518059015274,0,0,0,39.8706971555948,0,175.198096588254,0,0,0,0,0,163.90547093749,0,129.144476816058,0,97.0000692009926,4.30098035931587,0,0,0,0,0,0,0,0,0,108.037764377892,0,0,0,0,0,8.01769978553057,0,13.6183808296919,0,94.1227366253734,0,372.550618447363,50.3686761856079,0
0,0,0,0,0,0,0,0,10.2102384567261,0,0,0,0,0,2,0,0,0,0,0,67.9856288433075,0,0,0,0,0,0,0,0,0,0,0,0,0,0,0,100.032666072249,0,0,0,0,0,0,0,0,0,0,0,0,0,22.66902333498,0,0,0,0,0,0,0,0,0,0,0,0,253.728487208486,0,0,0,0,0,0,0,0,0,0,0,0,0,0,0,1.66748368740082,0,0,102.753900110722,1,215.152947545052,0,0
0,0.499354422092438,0,291.983365565538,0,0,0,1,0,13.4513783752918,0,11.1274369508028,0,0,0,0,0,0,0,42.5543795228004,0,0,0,0,0,0,0,0,0,0,0,0,0,0,0,34.345620572567,0,0,0,0,0,6.33494146168232,0,0,0,2.15447065234184,0,0,0,0,0,124.526909977198,0,0,0,1.66559427976608,0,77.7243931144476,0,0,0,0,39.5779072344303,0,0,0,0,0,0,0,0,0,4.79498785734177,0,0,0,0,0,0.764963328838348,0,0.295365780591965,0,120.389460295439,0,208.605873659253,0.177849665284157,0
0,0,0,0,0,0,0,0,0,0,35.7195846438408,0,0,0,0,0,0,0,0,0,11.1465145349503,0,0,0,0,0,0,0,0,0,0,0,0,0,0,0,223.355139493942,0,0,0,0,0,0,0,0,0,0,0,0,0,0,0,22.8473029732704,0,0,0,61.2143743038177,0,0,0,0,0,0,1.28698122501373,0,0,0,0,0,0,0,0,0,0,0,0,0,0,0,2.31090044975281,0,0,39.917809844017,40.9413092136383,0,0,0
0,0,0,0,0,1,0,0,0,0,0,88.0746412277222,0,0,0,0,0,0,0,0,0,0,0,0,0,0,0,0,0,0,0,0,0,0,0,0,0,0,0,0,0,0,0,0,0,0,0,0,0,0,0,0,0,57.6180968284607,0,0,0,1,0,0,0,0,0,0,0,0,0,0,0,0,0,0,0,0,0,0,0,0,0,0,0,0,0,0,0,0,0
124.576036959887,0,71.1873508244753,0,10.2102384567261,0,0,0,0,0,0,0,0,0,103.151586294174,0,776.955343648791,55.199652582407,16.5278954207897,0,0,0,0,4.87152016162872,59.4314607679844,0,0.998372614383698,0,0,0,0,0,0,0,0,0,0.29083040356636,0,42.2917839437723,0,5.3371511772275,0.207230448722839,32.0008096322417,0,0,0,0,0,72.5240528285503,0,10.181036233902,0,0,0,374.582257062197,0,7.50284896045923,0,0,0,12.4437966942787,0,0,4.42583353072405,0,0,0,44.7941134274006,0,2.80020052194595,0,0,0,10.6682620942593,0,0,0,0,0,42.13372708112,0,38.9530743807554,878.242597684264,0,348.621855564415,0,0.44115523993969
0,149.212826043367,0,0,0,13.4513783752918,0,0,0,0,0,0,0,0,0,65.0421643853188,2.59986302256584,106.632412448525,36.2868484556675,0,0,0,0,61.7033519893885,0,179.19377887249,0,0,0,0,0,0,0,0,0,0,0,61.094207957387,0,0,0,35.248070910573,0,0,0,0,0,1.02395102381706,0,9.89359992742538,0,0,0,0,0,903.756586685777,0,0,0,0,0,22.947297334671,0,0,0,0,0,0,1.12741267681122,0,0,0,0,0,0,0,1.35176293551922,0,0,0,54.3562754243612,0,988.941154137254,15.317932009697,70.7697182297707,0,0
0,0,0,0,0,0,35.7195846438408,0,0,0,0,0,5,0,0,0,0,0,0.127936735749245,0,281.669120669365,0,0,0,0,0,0,0,0,0,0,0,0,0,0,0,0,0,216.996694087982,0,0,0,0,0,0,0,0,0,0,0,0,0,14.1969729661942,0,0,0,1031.44486583024,0,0,0,0,0,0,65.2745790332556,0,0,0,0,0,0,0,0,0,0,0,0,0,0,0,3.0363797545433,0,438.487009733915,143.955029927194,0,4.49428272247314,0,0
0,0,0,0.837818086147308,0,11.1274369508028,0,88.0746412277222,0,0,0,0,0,516.573390960693,0,0,0,0,0,0,0,0,0,0,0,0,0,0,0,0,0,0,0,0,0,37.7109395265579,0,393.848999351263,0,0.171898990869522,0,0,0,0,0,0,0,0,0,0,0,0.321830183267593,0,17.4463204145432,0,0,0,1277.66006436944,0,96.8386607170105,0,0,9.05757203698158,0,0,0,0,0,0,0,0,0,43.394813939929,0,0,0,0,0,45.4539082050323,0,5.31750559806824,0,97.8184271454811,0,25.7958849072456,0,0
0,0,0,0,0,0,0,0,0,0,5,0,0,0,0,0,0,0,0,0,0,0,0,0,0,0,0,0,0,0,0,0,0,0,0,0,0,0,0,0,0,0,0,0,0,0,0,0,0,0,0,0,0,0,0,0,2,0,312.96495783329,0,0,0,0,0,0,0,0,0,0,0,0,0,0,0,0,0,0,0,0,0,0,0,124.043314099312,0,0,0,0
0,0,0,0,0,0,0,0,0,0,0,516.573390960693,0,0,0,0,0,0,0,0,0,0,0,0,0,0,0,0,0,0,0,0,0,0,0,0,0,0,0,0,0,0,0,0,0,0,0,0,0,0,0,0,0,0,0,0,0,186.593855023384,0,133.951725959778,0,2,0,0,0,0,0,0,0,0,0,0,0,0,0,0,0,0,0,0,0,0,2.54903274774551,1,0,0,0
0,0,0,0,2,0,0,0,103.151586294174,0,0,0,0,0,0,0,716.737477645278,45.6599279493093,8.92620232701302,0,0,0,0,2.37510824203491,0,0,0.622770607471466,0,0,0,0,0,0,0,0,0,0,0,0,0,0.142056196928024,0,0,0,0,0,0,0,0,0,4,0,0,0,12.3205939531326,0,0,0,0,0,32.4797414839268,0,0,0,0,0,0,0,0,2.16631728410721,0,0,0,0,0,0,0,0,0,1.76816785335541,0,0,201.690051153302,0,0,0,0
0,7.60401177406311,0,0,0,0,0,0,0,65.0421643853188,0,0,0,0,0,0,12.4172924160957,14.5452821850777,0,0,0,0,0,0,0,0,0,0,0,0,0,0,0,0,0,0,0,0,0,0,0,0,0,0,0,0,0,0,0,0,0,0,0,0,0,250.622571706772,0,0,0,0,0,27.6711149215698,0,0,0,0,0,0,0,0,0,0,0,0,0,0,0,0,0,0,0,0,3.28847450017929,0,0,0,0
0,0,0,0,0,0,0,0,776.955343648791,2.59986302256584,0,0,0,0,716.737477645278,12.4172924160957,0,15836.5932549387,5830.15216328204,0,0,0,11.982745885849,69.9429698884487,64.3945867866278,5.14572501182556,95.7383431792259,0,0,0,0,0,0,0,0,1.71168006211519,24.2102717384696,0,0,53.8648213669658,135.134236611426,60.3646921366453,194.434746161103,4.66090139746666,6.89876055717468,3.87482076883316,19.4648813456297,0.788046419620514,0,0,0,0,0,0,54.7935066372156,0,23.6016791313887,0.367736756801605,0,0,388.737908259034,4.70097970962524,3.55494828522205,14.882923938334,0,0,3.28119468688965,52.7240935266018,0,184.112373143435,0,0,1.39732798933983,32.805609755218,0,0,0,0.647705376148224,125.036684624851,410.473805427551,6.507897824049,101.247401639819,9048.36431818455,345.216194838285,197.61225566268,14.064181484282,57.1910418048501
0,0,0,0,0,0,0,0,55.199652582407,106.632412448525,0,0,0,0,45.6599279493093,14.5452821850777,15836.5932549387,0,7713.83690727502,0,0,1,0,174.06800866127,7.0632152557373,106.717877924442,0.970953941345215,5.30530768632889,0,0,0,0,0,0,0,4.39980587363243,1.21339476853609,0,0,60.8790975362062,7.07620160281658,130.125480510294,14.1723957285285,2.20269012451172,0,12.6165603250265,0.307049348950386,0,0,0,0,0,0,0,3.19180838763714,13.0883948206902,2.25398696959019,1.24063541740179,0,0,31.1135658621788,6.52554929256439,1.45283463597298,1.36655484139919,0,0,9.75683188438416,0.327832102775574,2.48283267021179,4.98649796843529,0,0,2.59376291930676,3.68338017165661,0,0,0,0,124.333411566913,56.77571824193,5.59422951191664,17.2065418958664,9691.1409778595,2455.75697739422,83.1625688895583,42.4294480085373,4.82874043285847
0.188430324196815,1.40356254577637,0,0.585839509963989,0,0,0,0,16.5278954207897,36.2868484556675,0.127936735749245,0,0,0,8.92620232701302,0,5830.15216328204,7713.83690727502,0,0,0.137986615300179,0,0,236.146101117134,0.817236602306366,1.22180020809174,0.989705920219421,0,0,0,0,0,0,0,0,22.4537505730987,51.891880273819,0,1.81287342309952,754.167389683425,234.943152651191,1000.56016762555,323.330671906471,124.775923937559,0.87276978045702,114.027641549706,65.5572213754058,0.120801262557507,0.166179910302162,11.7237892001867,0,0,0,0,0,0,69.0123955160379,214.079839609563,0,0,1.92660534381866,0,8.85631641745567,51.6107355877757,0,0,7.79239702224731,3.83090043067932,0,0,0,0,243.225021407008,135.4658581689,0,0,0,0,1658.35142928362,1067.72853978723,196.03628205508,283.526000581682,7485.13378749043,7.57299008965492,2113.64709176868,481.907949216664,134.842559620738
0,0,0,0,0,42.5543795228004,0,0,0,0,0,0,0,0,0,0,0,0,0,0,0,0,0,0,0,0,0,0,0,0,0,0,0,0,0,597.935965299606,0,246.792803645134,0,0,0,0,0,0,0,12.2869774997234,0,0,0,0,0,0,0,0,0,0,0,0,0,0,0,0,811.702304825187,0,0,0,0,0,0,0,0,0,0,0,0,0,0,0,292.549920842052,0,1.11187174171209,0,84.5159718692303,7.16185522079468,227.838782221079,0,0
0.0907813906669617,0,0,0,67.9856288433075,0,11.1465145349503,0,0,0,281.669120669365,0,0,0,0,0,0,0,0.137986615300179,0,0,0,0,0,0,0,0,0,0,0,0,0,0,0,0,0,105.383963122964,0,5.08099377155304,0,0,0,0,0,0,0,0,0,0,0,21.2084681093693,0,0,0,0,0,28.2941224724054,0,0,0,0,0,0,1564.32417353988,0,0,0,0,0,0,0,0,0,3.23518431186676,0,0,0,0,0,586.593408726156,0,164.922783523798,180.030995607376,0,12.9862689599395,0,0
0,0,0,0,0,0,0,0,0,0,0,0,0,0,0,0,0,1,0,0,0,0,69.1092904806137,2.77860032021999,0,4.71411733329296,0,0,0,0,0,0,0,0,0,0,0,762.814476057887,43.5161876678467,0,0,0,0,0,0,0,0,0.268653988838196,0,1.24675361812115,0,0,0,0,0,0,0,0,0,0,0,0,0,0,2057.75743883848,0,214.63620197773,0,234.860648795962,0,3.18034495413303,0,0,0,0,0,0,0,0,0,448.362947255373,0,460.13093829155,103.186779141426,0,0,0
0,0,0,0,0,0,0,0,0,0,0,0,0,0,0,0,11.982745885849,0,0,0,0,69.1092904806137,0,0,15.285115391016,0,0,0,51.6493170261383,0,0,0,0,0,0,0,0,0,1329.47024832666,0,0,0,0,0,0,0,0,0,16.1409310400486,0,0,0,0,0,0,0,0,0,0,0,0,0,0,0,0,1813.78793868423,0,1.8022575378418,0,0,0,0,0,0,0,0,0,0,0,0,0,249.983256787062,142.150296717882,63.773418366909,4.48540019989014,0,0
0,0.435326680541039,0,0,0,0,0,0,4.87152016162872,61.7033519893885,0,0,0,0,2.37510824203491,0,69.9429698884487,174.06800866127,236.146101117134,0,0,2.77860032021999,0,0,0,6,0,0,0,0,0,0,0,0,0,0,0,434.250877574086,0,0,0,0,0.481100261211395,0,0,0,0,0,0,0.936873644590378,0,0,0,0,0,76.7482477426529,0,0,0,0,0,0,0,0,0.467118054628372,0,163.958449825644,0,11.4447531104088,0,1.45714868605137,0,0,0,0,0,3.70063400268555,0,0,0,92.0316916704178,0,317.755998775363,0,36.0086004585028,0,0
0.220425739884377,0,0,0,0,0,0,0,59.4314607679844,0,0,0,0,0,0,0,64.3945867866278,7.0632152557373,0.817236602306366,0,0,0,15.285115391016,0,0,0,165.21871638298,0,0,0,0,0,0,0,0,0,0,0,232.20837457478,0,0,0,0,0,0,0,0,0,0,0,0,0,0,0,75.9913341701031,0,0,0,0,0,0,0,0,0,0,50.7584567666054,0,653.848058015108,0,2.9883958697319,0,0,0,0,0,0,0,0,0,0,0,145.393831282854,422.160563498735,0,14.5322458148003,0,0
0,0,0,0,0,0,0,0,0,179.19377887249,0,0,0,0,0,0,5.14572501182556,106.717877924442,1.22180020809174,0,0,4.71411733329296,0,6,0,0,0,0,0,0,0,0,0,0,0,0,0,0,0,0,0,0,0,0,0,0,0,0,0,0,0,0,0,0,0,272.31431555748,0,0,0,0,0,0,0,0,7.17847490310669,0,333.292441964149,0,79.567121475935,0,0,0,0,0,0,0,0,0,0,0,0,0,0,0,0,0,0
0,0,0,0,0,0,0,0,0.998372614383698,0,0,0,0,0,0.622770607471466,0,95.7383431792259,0.970953941345215,0.989705920219421,0,0,0,0,0,165.21871638298,0,0,0,0,0,0,0,0,0,0,0,0,0,0,0,0,0,0,0,0,0,0,0,0,0,0,0,0,0,351.612773001194,0,0,0,0,0,0,0,0,0,0,0,0,563.511136472225,0,0,0,0,0,0,0,0,0,0,0,0,0,0,5.62519294023514,0,0,0,0
0,0,0,0,0,0,0,0,0,0,0,0,0,0,0,0,0,5.30530768632889,0,0,0,0,0,0,0,0,0,0,0,112.321911096573,0,0,0,0,0,0,0,0,0,0,0,0,0,0,0,0,0,0,0,0,0,0,0,0,0,0,0,0,0,0,0,0,0,0,30.2996072769165,0,0,0,0,0,594.284017086029,0,0,0,0,0,0,0,0,0,0,0,1,0,0,0,0
0,0,0,0,0,0,0,0,0,0,0,0,0,0,0,0,0,0,0,0,0,0,51.6493170261383,0,0,0,0,0,0,0,159.085649430752,0,0,0,0,0,0,0,0,0,0,0,0,0,0,0,0,0,0,0,0,0,0,0,0,0,0,0,0,0,0,0,0,0,0,0,0,0,0,0,0,48.3992624282837,0,18.5205740332603,0,0,0,0,0,0,0,0,2,0,0,0,0
0,0,0,0,0,0,0,0,0,0,0,0,0,0,0,0,0,0,0,0,0,0,0,0,0,0,0,112.321911096573,0,0,0,0,0,0,0,0,0,72.9402766227722,0,0,0,0,0,0,0,0,0,0,0,0,0,0,0,0,0,0,0,0,0,0,0,0,0,0,0,0,0,0,0,0,6.10722732543945,0,212.652540445328,0,0,0,0,0,0,0,0,0,0,0,0,0,0
0,0,0,0,0,0,0,0,0,0,0,0,0,0,0,0,0,0,0,0,0,0,0,0,0,0,0,0,159.085649430752,0,0,0,0,0,0,0,0,0,56.5885530114174,0,0,0,0,0,0,0,0,0,0,0,0,0,0,0,0,0,0,0,0,0,0,0,0,0,0,0,0,0,0,0,0,7.70820617675781,0,140.106065392494,0,0,0,0,0,0,0,271.216500014067,164.25573220849,0,0,0,0
0,0,0,0,0,0,0,0,0,0,0,0,0,0,0,0,0,0,0,0,0,0,0,0,0,0,0,0,0,0,0,0,1860.41610473394,48.590106934309,0.916218757629395,202.538685321808,57.1987397670746,0,0,0,0,0,0,0,0,0,0,6339.73319454491,0.2771315574646,32.1585311293602,0,0,0,0,0,0,0,0,0,0,0,0,0,0,0,0,0,0,0,0,0,0,0,0,695.960652843118,500.619773894548,32.7121632695198,2.99597573280334,243.698956936598,91.1311804652214,0,0,111.244590997696,0,2.41382291913033,0,0
0,0,0,0,0,0,0,0,0,0,0,0,0,0,0,0,0,0,0,0,0,0,0,0,0,0,0,0,0,0,0,1860.41610473394,0,67.6145374774933,2.74301290512085,0,122.121427297592,0,0,0,1.31700754165649,0,0,0,0,0,0,1770.66443449259,2.59472820162773,0,0,0,0,0,0,0,0,0,0,0,0,0,0,0,0,0,0,0,0,0,0,0,0,0,156.10269755125,1965.90583311021,11.5839776694775,7.13687509298325,0,1151.56315495074,0,0,302.054560631514,0,0,0,0
0,0,0,0,0,0,0,0,0,0,0,0,0,0,0,0,0,0,0,0,0,0,0,0,0,0,0,0,0,0,0,48.590106934309,67.6145374774933,0,1074.15013775229,494.75176346302,0,120.847936332226,58.7201304286718,0.411913335323334,0,0,0.608296394348145,0,0,0,0,5116.20302891731,1.13495171070099,5.22586339712143,0,0,0,0,0,0,0,0,0,0,0,0,0,0,0,0,0,0,0,0,0,0,0,0,6.22600023448467,33.1841361522675,1235.20337669551,377.889057502151,170.272656306624,24.3704671263695,67.3856274485588,0,371.108111292124,13.753190279007,11.5382724702358,0,0
0,0,0,0,0,0,0,0,0,0,0,0,0,0,0,0,0,0,0,0,0,0,0,0,0,0,0,0,0,0,0,0.916218757629395,2.74301290512085,1074.15013775229,0,0,317.383510574698,48.164248675108,255.445516735315,0,6.2574864923954,0,7.83038167655468,0,0,0,0,3853.80542251468,110.315771013498,5.62212654948235,0,0,0,0,0,0,0,0,0,0,0,0,0,0,0,0,0,0,0,0,0,0,0,0,0,207.771595478058,273.250506579876,1175.10396543145,0,232.977800831199,0,37.3464087843895,154.576977819204,0,31.2984238117933,0,0
0,0,0,1.39631348848343,0,34.345620572567,0,0,0,0,0,37.7109395265579,0,0,0,0,1.71168006211519,4.39980587363243,22.4537505730987,597.935965299606,0,0,0,0,0,0,0,0,0,0,0,202.538685321808,0,494.75176346302,0,0,278.243094593287,1587.07151336968,0,4.79815240204334,0,48.7430317029357,4.97749316692352,2.38576032966375,0,76.7130672931671,0,372.744475752115,0,6.29917861521244,0,0,0,0,0,0,0.15080526471138,0.162598446011543,0,0,0,0,197.835079059005,0,0,0,0,0,0,0,0,0,0,0,69.5831756442785,0,275.632012426853,0,8371.87344953418,28.4378246068954,1286.86139788479,0,724.464811876416,225.51707521081,51.3337807804346,3.64104802906513,0
0,0,0,0,100.032666072249,0,223.355139493942,0,0.29083040356636,0,0,0,0,0,0,0,24.2102717384696,1.21339476853609,51.891880273819,0,105.383963122964,0,0,0,0,0,0,0,0,0,0,57.1987397670746,122.121427297592,0,317.383510574698,278.243094593287,0,0,1393.44505259395,3.68467716872692,39.1976494565606,0,172.901136226952,0,2.29994888603687,1.02487230300903,5.35524908453226,48.4330706298351,61.1866897195578,9.53429192304611,37.098537504673,0,0,0,0,0,8.00272310525179,0,0,0,0,0,0,518.300767846406,0,0,0,0,0,0,0,0,0,0.314001470804214,0,70.2790293544531,0,120.104431152344,48.2960307970643,8392.00013771653,0,947.404232122004,1364.76550932974,691.280643567443,232.144199050963,0,23.8828740268946
0,0.644844934344292,0,0.183655425906181,0,0,0,0,0,61.094207957387,0,393.848999351263,0,0,0,0,0,0,0,246.792803645134,0,762.814476057887,0,434.250877574086,0,0,0,0,0,72.9402766227722,0,0,0,120.847936332226,48.164248675108,1587.07151336968,0,0,80.0560359358788,0,0,3.15874366462231,1.15786129236221,0,0,0,0,1082.01598659158,0.250308305025101,182.129714086652,0,0,0,0,0,32.1655460596085,0,594.293607324362,0,0,0,0,154.684239983559,0,370.850305467844,0,932.927921637893,0,0,0,9.05543053150177,0,1.2113636136055,0,0,0,105.305109247565,12.3798370957375,206.043836787343,0,7136.28462639451,0,488.599724441767,45.4187058806419,76.8951311856508,0.176794216036797,0
1.04387038201094,0,1.10752411186695,0,0,0,0,0,42.2917839437723,0,216.996694087982,0,0,0,0,0,0,0,1.81287342309952,0,5.08099377155304,43.5161876678467,1329.47024832666,0,232.20837457478,0,0,0,0,0,56.5885530114174,0,0,58.7201304286718,255.445516735315,0,1393.44505259395,80.0560359358788,0,0,0,0.466611951589584,25.756821513176,0,0,0,0,2104.07920050621,394.074304699898,0,0,0,0,0,13.9718979001045,0,0,0,0,0,0,0,0,20.9063657075167,0,440.771636679769,0,163.441338077188,0,0,0,0,0,0,0,0,0,90.9300765991211,0,313.649407789111,1,8345.64483550191,845.582176923752,57.2910723686218,190.295742228627,0,0
0,0.415460497140884,0,0.745531469583511,0,0,0,0,0,0,0,0.171898990869522,0,0,0,0,53.8648213669658,60.8790975362062,754.167389683425,0,0,0,0,0,0,0,0,0,0,0,0,0,0,0.411913335323334,0,4.79815240204334,3.68467716872692,0,0,0,10.4136557132006,2032.77577060461,16.516089387238,18.9248476326466,2.16305619478226,167.672112233937,4.70356824994087,334.768189102411,0,253.802381187677,0,0,0,0,0,0,0,3.52848751097918,0,0,0,0,10.119308643043,0.601124465465546,0,0,0,0,0,0,0,0,3.64367634057999,0,0.482405155897141,0,0,0,515.236212156713,18.8987790122628,9.81699833273888,0.200335621833801,372.518110528588,0,1169.12826519459,107.276261493564,2.42954061180353
0.249670587480068,0,0,0,0,0,0,0,5.3371511772275,0,0,0,0,0,0.142056196928024,0,135.134236611426,7.07620160281658,234.943152651191,0,0,0,0,0,0,0,0,0,0,0,0,0,1.31700754165649,0,6.2574864923954,0,39.1976494565606,0,0,10.4136557132006,0,7.4533751308918,1156.09331012517,0.14262218773365,42.9019591584802,0,269.016022235155,256.270201966166,303.43354165554,0,0,0,0,0,0,0,1.44668816030025,0.166885375976562,0,0,0,0,0.149395599961281,91.1804649308324,0,0,0,0,0,0,0,0,0,1.96550609916449,0,2.75560609996319,0,0.475576475262642,21.3327615335584,1142.05140709877,0,45.057275608182,155.003720790148,0,1095.59228634834,0.625413343310356,117.106144443154
0.269525557756424,144.89287750423,0,213.389397233725,0,6.33494146168232,0,0,0.207230448722839,35.248070910573,0,0,0,0,0,0,60.3646921366453,130.125480510294,1000.56016762555,0,0,0,0,0,0,0,0,0,0,0,0,0,0,0,0,48.7430317029357,0,3.15874366462231,0.466611951589584,2032.77577060461,7.4533751308918,0,516.556808955967,11.5074009746313,1.14431765675545,12.8683036565781,0.188391149044037,121.925569728017,1.25702628493309,706.120483033359,0,2.42856876552105,0,0,0,7.98807659745216,0,907.085642069578,0,0,0,0,142.679702356458,0.160551056265831,0,0,0,0,0,0.169325694441795,0,0,287.903806969523,0,0,0,0,0,2241.53256621957,11.0253618657589,150.625605784357,0,1214.61847158521,1.35410979390144,4129.89536843449,748.307271175086,13.6351848393679
48.3541029542685,0,20.9908192008734,0,0,0,0,0,32.0008096322417,0,0,0,0,0,0,0,194.434746161103,14.1723957285285,323.330671906471,0,0,0,0,0.481100261211395,0,0,0,0,0,0,0,0,0,0.608296394348145,7.83038167655468,4.97749316692352,172.901136226952,1.15786129236221,25.756821513176,16.516089387238,1156.09331012517,516.556808955967,0,0.929840922355652,82.0155580490828,0.311194866895676,217.069806441665,434.54911480844,303.210321038961,7.44599530100822,3.4305956363678,0,0,0,6.57071322202682,0,1208.63513793051,0,49.4009210467339,0,0.189445316791534,0,0,612.382277041674,0,0,0,0,0,0,0,0,0,712.496150523424,0,0,0,8.9721200466156,18.9701876416802,2168.10001654923,2.17073559761047,234.396477133036,975.414073832333,0.309698015451431,3359.61799865216,2.21649919450283,1094.41750692576
0,0,0,0,0,0,0,0,0,0,0,0,0,0,0,0,4.66090139746666,2.20269012451172,124.775923937559,0,0,0,0,0,0,0,0,0,0,0,0,0,0,0,0,2.38576032966375,0,0,0,18.9248476326466,0.14262218773365,11.5074009746313,0.929840922355652,0,0,0,0,0,0,1.66119480133057,0,0,0,0,0,0,0,3.98312741518021,0,0,0,0,0.957282304763794,0,0,0,0,0,0,0,0,0,2.64650627970695,0,0,0,0,0,80.5256735607982,0,16.8034385815263,0,18.6620055437088,0,74.8092261776328,0,0
0,0,0,0,0,0,0,0,0,0,0,0,0,0,0,0,6.89876055717468,0,0.87276978045702,0,0,0,0,0,0,0,0,0,0,0,0,0,0,0,0,0,2.29994888603687,0,0,2.16305619478226,42.9019591584802,1.14431765675545,82.0155580490828,0,0,0,7.49466836452484,0,0,0,0,0,0,0,0,0,0,0.768479466438293,0,0,0,0,0,3.19890947639942,0,0,0,0,0,0,0,0,0,0.666930675506592,0,0,0,0,0.376671656966209,131.675882287323,0,1.07667434215546,6.38245531916618,0,34.2945976853371,0,3.86013275384903
0,0,0,3.7518059015274,0,2.15447065234184,0,0,0,0,0,0,0,0,0,0,3.87482076883316,12.6165603250265,114.027641549706,12.2869774997234,0,0,0,0,0,0,0,0,0,0,0,0,0,0,0,76.7130672931671,1.02487230300903,0,0,167.672112233937,0,12.8683036565781,0.311194866895676,0,0,0,0,0,0,0,0,0,0,0,0,0,0,203.289408840239,0,0,0,0,1104.79829566926,0,0,0,0,0,0,0,0,0,103.433030448854,0,0,0,0,0,1014.65990892798,1.45889002084732,516.787522234023,0,22.7364817336202,0,687.529758520424,1.27782547473907,1.18420481681824
0,0,0,0,0,0,0,0,0,0,0,0,0,0,0,0,19.4648813456297,0.307049348950386,65.5572213754058,0,0,0,0,0,0,0,0,0,0,0,0,0,0,0,0,0,5.35524908453226,0,0,4.70356824994087,269.016022235155,0.188391149044037,217.069806441665,0,7.49466836452484,0,0,3.34349223971367,3.52043721079826,0,0,0,0,0,0,0,0,0,0,0,0,0,0,40.57093963027,0,0,0,0,0,0,0,0,0,1.92045456171036,0,0,0,0,3.59671851247549,508.410452723503,0,16.9711908847094,105.867957882583,0,145.536173447967,0,8.60681901872158
3.72328120470047,0.430251881480217,0.479074954986572,0,0,0,0,0,0,1.02395102381706,0,0,0,0,0,0,0.788046419620514,0,0.120801262557507,0,0,0.268653988838196,0,0,0,0,0,0,0,0,0,6339.73319454491,1770.66443449259,5116.20302891731,3853.80542251468,372.744475752115,48.4330706298351,1082.01598659158,2104.07920050621,334.768189102411,256.270201966166,121.925569728017,434.54911480844,0,0,0,3.34349223971367,0,1746.64857776463,922.042175993323,0,0,0,0,0,0.418015465140343,1.61955596506596,0,0.473169162869453,0,0,0,0,0.347521409392357,1.71210542321205,0,0,0,0,0,4.94648809731007,0,0,0,1420.11584670842,2578.7397929728,159.434052273631,405.740227028728,1259.66228044033,3908.35995678604,6.55929988622665,152.903629615903,1660.76873062551,0.929242759943008,2370.58343484998,0.780076324939728,0.966982305049896
633.076671242714,0,2.33160385489464,0,0,0,0,0,72.5240528285503,0,0,0,0,0,0,0,0,0,0.166179910302162,0,0,0,16.1409310400486,0,0,0,0,0,0,0,0,0.2771315574646,2.59472820162773,1.13495171070099,110.315771013498,0,61.1866897195578,0.250308305025101,394.074304699898,0,303.43354165554,1.25702628493309,303.210321038961,0,0,0,3.52043721079826,1746.64857776463,0,13.7763410806656,0,0,0,0,59.9327256083488,0,3.66488943994045,0,0.393942192196846,0,2,0,0,0.579388082027435,0,112.370987981558,0,37.4982984364033,0,0,0,0,0,3.33283515274525,0,24.6402583420277,0,20.5689018368721,0.101211652159691,364.095343634486,0,470.695685625076,366.46770594269,0,1277.32631203532,0,2.04845126718283
0,61.2698452174664,0,39.8706971555948,0,0,0,0,0,9.89359992742538,0,0,0,0,0,0,0,0,11.7237892001867,0,0,1.24675361812115,0,0.936873644590378,0,0,0,0,0,0,0,32.1585311293602,0,5.22586339712143,5.62212654948235,6.29917861521244,9.53429192304611,182.129714086652,0,253.802381187677,0,706.120483033359,7.44599530100822,1.66119480133057,0,0,0,922.042175993323,13.7763410806656,0,0,0,0,0,0,0,0,18.5785163342953,0,0,0,0,0.560630470514297,0,4.1635537147522,0,26.0669577717781,0,5.41402921080589,0,13.9851243197918,0,107.261995568871,0,11.2417922466993,0,0,1.04697293043137,416.599910847843,0,445.206815242767,0,284.306915864348,0,1094.63497615606,9.76704695820808,0
0,0,0,0,22.66902333498,0,0,0,10.181036233902,0,0,0,0,0,4,0,0,0,0,0,21.2084681093693,0,0,0,0,0,0,0,0,0,0,0,0,0,0,0,37.098537504673,0,0,0,0,0,3.4305956363678,0,0,0,0,0,0,0,0,0,0,0,10.3266000747681,0,69.9746947735548,0,89.3166104853153,0,0,0,0,189.781143248081,0,0,0,0,0,0,0,0,0,0,0,0,0,0,0,1.59321418404579,0,0,1,0,153.986442133784,0,0
0,0,0,175.198096588254,0,124.526909977198,0,0,0,0,0,0.321830183267593,0,0,0,0,0,0,0,0,0,0,0,0,0,0,0,0,0,0,0,0,0,0,0,0,0,0,0,0,0,2.42856876552105,0,0,0,0,0,0,0,0,0,0,0,0,0,0,0,177.691915854812,0,0,0,0,13.4077231287956,0,0,0,0,0,0,0,0,0,1.51877743005753,0,0,0,0,0,0,0,0,0,0.430072516202927,0,13.3870057761669,0.799726068973541,0
0,0,0,0,0,0,22.8473029732704,0,0,0,14.1969729661942,0,0,0,0,0,0,0,0,0,0,0,0,0,0,0,0,0,0,0,0,0,0,0,0,0,0,0,0,0,0,0,0,0,0,0,0,0,0,0,0,0,0,0,0,0,15.6274327039719,0,79.1850673854351,0,0,0,0,0,0,0,0,0,0,0,0,0,0,0,0,0,0,0,0,0,0,0,2,0,0,0,0
0,0,0,0,0,0,0,57.6180968284607,0,0,0,17.4463204145432,0,0,0,0,0,0,0,0,0,0,0,0,0,0,0,0,0,0,0,0,0,0,0,0,0,0,0,0,0,0,0,0,0,0,0,0,0,0,0,0,0,0,0,0,0,0,0,0,0,0,0,0,0,0,0,0,0,0,0,0,0,0,0,0,0,0,0,0,0,0,0,0,0,0,0
273.010783299804,0,13.7539266198874,0,0,0,0,0,374.582257062197,0,0,0,0,0,12.3205939531326,0,54.7935066372156,3.19180838763714,0,0,0,0,0,0,75.9913341701031,0,351.612773001194,0,0,0,0,0,0,0,0,0,0,0,13.9718979001045,0,0,0,6.57071322202682,0,0,0,0,0,59.9327256083488,0,10.3266000747681,0,0,0,0,0,0,0,0,0,233.995001643896,0,0,0,0,0,0,52.0740641355515,0,0,0,0,0,0,0,0,0,0,0,0,0,44.6071092933416,30.9210058897734,0,39.7257472425699,0,0
0,478.030585676432,0,0,0,1.66559427976608,0,0,0,903.756586685777,0,0,0,0,0,250.622571706772,0,13.0883948206902,0,0,0,0,0,76.7482477426529,0,272.31431555748,0,0,0,0,0,0,0,0,0,0,0,32.1655460596085,0,0,0,7.98807659745216,0,0,0,0,0,0.418015465140343,0,0,0,0,0,0,0,0,0,0,0,0,0,36.6351010203362,0,0,0,0,9.58292642235756,0,0,0,0,0,0,0,0,0,2.00429308414459,0,0,0,125.801369383931,0,70.872195199132,0,60.8460485339165,0,0
11.556882686913,0,0.490168303251266,0,0,0,61.2143743038177,0,7.50284896045923,0,1031.44486583024,0,2,0,0,0,23.6016791313887,2.25398696959019,69.0123955160379,0,28.2941224724054,0,0,0,0,0,0,0,0,0,0,0,0,0,0,0.15080526471138,8.00272310525179,0,0,0,1.44668816030025,0,1208.63513793051,0,0,0,0,1.61955596506596,3.66488943994045,0,69.9746947735548,0,15.6274327039719,0,0,0,0,0,204.732394009829,0,0,0,0,966.08008030802,0,0,0,0,0,0,0,0,0,122.004139944911,0,0,0,0,0.110949948430061,61.8224833458662,0,0.830125853419304,234.057405382395,0,870.682118043303,0,97.8943898379803
0,14.2404338270426,0,163.90547093749,0,77.7243931144476,0,1,0,0,0,1277.66006436944,0,186.593855023384,0,0,0.367736756801605,1.24063541740179,214.079839609563,0,0,0,0,0,0,0,0,0,0,0,0,0,0,0,0,0.162598446011543,0,594.293607324362,0,3.52848751097918,0.166885375976562,907.085642069578,0,3.98312741518021,0.768479466438293,203.289408840239,0,0,0,18.5785163342953,0,177.691915854812,0,0,0,0,0,0,0,7.05619296431541,0,0,762.694234825671,0,0,0,0,0,0,0,1.21912425756454,0,424.94872829318,0,0,0,0,0,6.27543515712023,0.144982576370239,28.8827024251223,0,192.527727670968,0,791.995133042336,81.7798611372709,0
0.0976186841726303,0,0,0,0,0,0,0,0,0,0,0,312.96495783329,0,0,0,0,0,0,0,0,0,0,0,0,0,0,0,0,0,0,0,0,0,0,0,0,0,0,0,0,0,49.4009210467339,0,0,0,0,0.473169162869453,0.393942192196846,0,89.3166104853153,0,79.1850673854351,0,0,0,204.732394009829,0,0,0,52.9462602138519,0,0,17.8146380484104,0,0,0,0,0,0,0,0,0,0.936397582292557,0,0,0,0,0,0,0,0,2.13947841525078,0,126.159852609038,0,2.46987929940224
0,0,0,129.144476816058,0,0,0,0,0,0,0,96.8386607170105,0,133.951725959778,0,0,0,0,0,0,0,0,0,0,0,0,0,0,0,0,0,0,0,0,0,0,0,0,0,0,0,0,0,0,0,0,0,0,0,0,0,0,0,0,0,0,0,7.05619296431541,0,0,0,0,0,0,0,0,0,0,0,0,0,0,0,0,0,0,0,0,0,0,0,0,0,0,0,0,0
123.446405649185,0,0,0,0,0,0,0,12.4437966942787,0,0,0,0,0,32.4797414839268,0,388.737908259034,31.1135658621788,1.92660534381866,0,0,0,0,0,0,0,0,0,0,0,0,0,0,0,0,0,0,0,0,0,0,0,0.189445316791534,0,0,0,0,0,2,0,0,0,0,0,233.995001643896,0,0,0,52.9462602138519,0,0,0,0,0,0,0,0,0,0,0,0,0,0,0,0,0,0,0,0,0,0,0,41.6806719303131,0,0.245566129684448,0,0
0,2.06380116939545,0,97.0000692009926,0,0,0,0,0,22.947297334671,0,0,0,2,0,27.6711149215698,4.70097970962524,6.52554929256439,0,0,0,0,0,0,0,0,0,0,0,0,0,0,0,0,0,0,0,0,0,0,0,0,0,0,0,0,0,0,0,0,0,0,0,0,0,36.6351010203362,0,0,0,0,0,0,0,0,0,0,0,0,0,0,0,0,0,0,0,0,0,0,0,0,0.221409052610397,0,4.32730223238468,2,0,0,0
0,0,0,4.30098035931587,0,39.5779072344303,0,0,0,0,0,9.05757203698158,0,0,0,0,3.55494828522205,1.45283463597298,8.85631641745567,811.702304825187,0,0,0,0,0,0,0,0,0,0,0,0,0,0,0,197.835079059005,0,154.684239983559,0,10.119308643043,0.149395599961281,142.679702356458,0,0.957282304763794,0,1104.79829566926,0,0,0,0.560630470514297,0,13.4077231287956,0,0,0,0,0,762.694234825671,0,0,0,0,0,0,0,0,0,0,0,0,0,0,157.163965657353,0,0,0,0,0,1074.59078830481,0,241.243863858283,0,106.066531039774,2.59598535299301,716.286879457533,2.60157410800457,0
4.30360919982195,0,0,0,253.728487208486,0,1.28698122501373,0,4.42583353072405,0,65.2745790332556,0,0,0,0,0,14.882923938334,1.36655484139919,51.6107355877757,0,1564.32417353988,0,0,0,0,0,0,0,0,0,0,0,0,0,0,0,518.300767846406,0,20.9063657075167,0.601124465465546,91.1804649308324,0.160551056265831,612.382277041674,0,3.19890947639942,0,40.57093963027,0.347521409392357,0.579388082027435,0,189.781143248081,0,0,0,0,0,966.08008030802,0,17.8146380484104,0,0,0,0,0,0,0,0,0,0,0,0,0,0.435417056083679,117.456134460866,0,0,0,0,11.6318958178163,661.048311769962,0,881.634676381946,387.48927552253,0,539.743508368731,0,50.3926294967532
0,0,0,0,0,0,0,0,0,0,0,0,0,0,0,0,0,0,0,0,0,2057.75743883848,0,0.467118054628372,0,7.17847490310669,0,30.2996072769165,0,0,0,0,0,0,0,0,0,370.850305467844,0,0,0,0,0,0,0,0,0,1.71210542321205,0,4.1635537147522,0,0,0,0,0,0,0,0,0,0,0,0,0,0,0,0,480.262144267559,0,16.5159477442503,0,546.18867610395,0,0,0,0,0,0,0,0,0,299.685886114836,0,19.1514450907707,0,0,0,0
0,0,0,0,0,0,0,0,0,0,0,0,0,0,0,0,0,0,0,0,0,0,1813.78793868423,0,50.7584567666054,0,0,0,0,0,0,0,0,0,0,0,0,0,440.771636679769,0,0,0,0,0,0,0,0,0,112.370987981558,0,0,0,0,0,0,0,0,0,0,0,0,0,0,0,0,0,0,197.941948354244,0,66.2901786863804,0,4,0,0,0,0,0,0,0,0,0,423.659114897251,26.693286895752,37.2013655900955,2.83161520957947,0,0
0,0,0,0,0,0,0,0,0,0,0,0,0,0,0,0,3.28119468688965,9.75683188438416,7.79239702224731,0,0,214.63620197773,0,163.958449825644,0,333.292441964149,0,0,0,0,0,0,0,0,0,0,0,932.927921637893,0,0,0,0,0,0,0,0,0,0,0,26.0669577717781,0,0,0,0,0,9.58292642235756,0,0,0,0,0,0,0,0,480.262144267559,0,0,0,180.582573726773,0,35.8571279644966,0,0,0,0,0,1.79386341571808,0,0,0,420.734200522304,0,21.8617798238993,0,332.771034106612,0,0
0,0,0,0,0,0,0,0,44.7941134274006,0,0,0,0,0,0,0,52.7240935266018,0.327832102775574,3.83090043067932,0,0,0,1.8022575378418,0,653.848058015108,0,563.511136472225,0,0,0,0,0,0,0,0,0,0,0,163.441338077188,0,0,0,0,0,0,0,0,0,37.4982984364033,0,0,0,0,0,52.0740641355515,0,0,0,0,0,0,0,0,0,0,197.941948354244,0,0,0,33.7499232292175,0,0,0,0,0,0,0,0,0,0,0,316.414297431707,318.01205638051,0,5.12807655334473,0,0
0,0,0,0,0,0,0,0,0,1.12741267681122,0,0,0,0,0,0,0,2.48283267021179,0,0,0,234.860648795962,0,11.4447531104088,0,79.567121475935,0,0,0,0,0,0,0,0,0,0,0,0,0,0,0,0,0,0,0,0,0,0,0,5.41402921080589,0,0,0,0,0,0,0,0,0,0,0,0,0,0,16.5159477442503,0,180.582573726773,0,0,0,340.195686131716,0,0,0,0,0,0,0,0,0,0,0,0.15585695207119,0,0,0,0
0,0,0,0,0,0,0,0,2.80020052194595,0,0,0,0,0,2.16631728410721,0,184.112373143435,4.98649796843529,0,0,0,0,0,0,2.9883958697319,0,0,0,0,0,0,0,0,0,0,0,0,0,0,0,0,0.169325694441795,0,0,0,0,0,0,0,0,0,0,0,0,0,0,0,0,0,0,0,0,0,0,0,66.2901786863804,0,33.7499232292175,0,0,0,0,0,0,0,0,0,0,0,0,0,0,72.2045490443707,0,0,0,0
0,2.42604583501816,0,0,0,0,0,0,0,0,0,0,0,0,0,0,0,0,0,0,0,3.18034495413303,0,1.45714868605137,0,0,0,594.284017086029,0,6.10722732543945,0,0,0,0,0,0,0,9.05543053150177,0,0,0,0,0,0,0,0,0,4.94648809731007,0,13.9851243197918,0,0,0,0,0,0,0,1.21912425756454,0,0,0,0,0,0,546.18867610395,0,35.8571279644966,0,340.195686131716,0,0,0,58.2335624098778,0,0,0,0.287114769220352,0,0,0,208.46041585505,0,0,0,0,0,0
0,0,0,0,0,0,0,0,0,0,0,0,0,0,0,0,0,0,0,0,0,0,0,0,0,0,0,0,48.3992624282837,0,7.70820617675781,0,0,0,0,0,0,0,0,0,0,0,0,0,0,0,0,0,0,0,0,0,0,0,0,0,0,0,0,0,0,0,0,0,0,4,0,0,0,0,0,0,0,20.7051993012428,0,0,0,0,0,0,0,267.465621173382,0,0,0,0,0
0,18.7384575456381,0,108.037764377892,0,4.79498785734177,0,0,0,0,0,43.394813939929,0,0,0,0,1.39732798933983,2.59376291930676,243.225021407008,0,0,0,0,0,0,0,0,0,0,212.652540445328,0,0,0,0,0,0,0,1.2113636136055,0,3.64367634057999,0,287.903806969523,0,2.64650627970695,0,103.433030448854,0,0,0,107.261995568871,0,1.51877743005753,0,0,0,0,0,424.94872829318,0,0,0,0,157.163965657353,0.435417056083679,0,0,0,0,0,0,58.2335624098778,0,0,0,0,0,0,0,4.85224090516567,0,150.803432166576,0,20.4148449152708,0,466.184771709144,86.2326653450727,0
10.5157074928284,0,0.373737245798111,0,0,0,0,0,10.6682620942593,0,0,0,0,0,0,0,32.805609755218,3.68338017165661,135.4658581689,0,3.23518431186676,0,0,0,0,0,0,0,18.5205740332603,0,140.106065392494,0,0,0,0,0,0.314001470804214,0,0,0,1.96550609916449,0,712.496150523424,0,0.666930675506592,0,1.92045456171036,0,3.33283515274525,0,0,0,0,0,0,0,122.004139944911,0,0.936397582292557,0,0,0,0,117.456134460866,0,0,0,0,0,0,0,20.7051993012428,0,0,0,0,0,0,1.10194672644138,22.6335699856281,0,216.058976665139,377.984461419284,3.6901239156723,593.349863782525,0.93930047750473,131.352745518088
0,0,0,0,0,0,0,0,0,0,0,0,0,0,0,0,0,0,0,0,0,0,0,0,0,0,0,0,0,0,0,695.960652843118,156.10269755125,6.22600023448467,0,69.5831756442785,0,0,0,0.482405155897141,0,0,0,0,0,0,0,1420.11584670842,0,11.2417922466993,0,0,0,0,0,0,0,0,0,0,0,0,0,0,0,0,0,0,0,0,0,0,0,0,0,71.5654619932175,174.522778943181,0,13.6563392579556,69.6001881957054,0,0,15.7302231192589,0,0,0,0
0,0,0,0,0,0,0,0,0,0,0,0,0,0,0,0,0,0,0,0,0,0,0,0,0,0,0,0,0,0,0,500.619773894548,1965.90583311021,33.1841361522675,207.771595478058,0,70.2790293544531,0,0,0,2.75560609996319,0,0,0,0,0,0,2578.7397929728,24.6402583420277,0,0,0,0,0,0,0,0,0,0,0,0,0,0,0,0,0,0,0,0,0,0,0,0,0,71.5654619932175,0,0,462.231670871377,0,1656.23986163735,0,0,250.263053715229,0,0,0,0
0,0,0,0,0,0,0,0,0,1.35176293551922,0,0,0,0,0,0,0,0,0,0,0,0,0,3.70063400268555,0,0,0,0,0,0,0,32.7121632695198,11.5839776694775,1235.20337669551,273.250506579876,275.632012426853,0,105.305109247565,0,0,0,0,0,0,0,0,0,159.434052273631,0,0,0,0,0,0,0,2.00429308414459,0,0,0,0,0,0,0,0,0,0,1.79386341571808,0,0,0,0.287114769220352,0,0,0,174.522778943181,0,0,68.725298166275,1191.28171899915,0,801.967499092221,0,261.248957067728,5.55860194563866,0,0,0
0,0,0,0,0,0,0,0,0,0,0,0,0,0,0,0,0.647705376148224,0,0,0,0,0,0,0,0,0,0,0,0,0,0,2.99597573280334,7.13687509298325,377.889057502151,1175.10396543145,0,120.104431152344,12.3798370957375,90.9300765991211,0,0.475576475262642,0,8.9721200466156,0,0,0,0,405.740227028728,20.5689018368721,1.04697293043137,0,0,0,0,0,0,0,0,0,0,0,0,0,0,0,0,0,0,0,0,0,0,0,0,0,462.231670871377,68.725298166275,0,0,780.17763492465,0,867.789312899113,181.406165510416,47.4115133285522,14.6680375933647,0,0
0,1.76855792850256,0,8.01769978553057,0,0.764963328838348,0,0,0,0,0,45.4539082050323,0,0,0,0,125.036684624851,124.333411566913,1658.35142928362,292.549920842052,0,0,0,0,0,0,0,0,0,0,0,243.698956936598,0,170.272656306624,0,8371.87344953418,48.2960307970643,206.043836787343,0,515.236212156713,21.3327615335584,2241.53256621957,18.9701876416802,80.5256735607982,0.376671656966209,1014.65990892798,3.59671851247549,1259.66228044033,0.101211652159691,416.599910847843,0,0,0,0,0,0,0.110949948430061,6.27543515712023,0,0,0,0,1074.59078830481,11.6318958178163,0,0,0,0,0,0,0,0,4.85224090516567,1.10194672644138,13.6563392579556,0,1191.28171899915,0,0,35.3556925430894,1362.19019974768,2.23219515383244,552.965269930661,54.8106019645929,625.132259912789,166.778719440103,9.77511987090111
3.35818232595921,0,0,0,1.66748368740082,0,2.31090044975281,0,42.13372708112,0,3.0363797545433,0,0,0,1.76816785335541,0,410.473805427551,56.77571824193,1067.72853978723,0,586.593408726156,0,0,0,0,0,0,0,0,0,0,91.1311804652214,1151.56315495074,24.3704671263695,232.977800831199,28.4378246068954,8392.00013771653,0,313.649407789111,18.8987790122628,1142.05140709877,11.0253618657589,2168.10001654923,0,131.675882287323,1.45889002084732,508.410452723503,3908.35995678604,364.095343634486,0,1.59321418404579,0,0,0,0,0,61.8224833458662,0.144982576370239,0,0,0,0,0,661.048311769962,0,0,0,0,0,0,0,0,0,22.6335699856281,69.6001881957054,1656.23986163735,0,780.17763492465,35.3556925430894,0,1.61215257644653,996.404988110065,1503.24398712814,180.118691802025,1894.139923729,1.79133962094784,321.415276557207
0,16.6729927882552,0,13.6183808296919,0,0.295365780591965,0,0,0,54.3562754243612,0,5.31750559806824,0,0,0,0,6.507897824049,5.59422951191664,196.03628205508,1.11187174171209,0,448.362947255373,0,92.0316916704178,0,0,0,0,0,0,0,0,0,67.3856274485588,0,1286.86139788479,0,7136.28462639451,1,9.81699833273888,0,150.625605784357,2.17073559761047,16.8034385815263,0,516.787522234023,0,6.55929988622665,0,445.206815242767,0,0,0,0,0,125.801369383931,0,28.8827024251223,0,0,0,0.221409052610397,241.243863858283,0,299.685886114836,0,420.734200522304,0,0,0,208.46041585505,0,150.803432166576,0,0,0,801.967499092221,0,1362.19019974768,1.61215257644653,0,0,382.768171101809,24.6830227375031,181.419452689588,46.046054571867,0.656616151332855
13.7852316424251,0,0.112552456557751,0,0,0,0,0,38.9530743807554,0,438.487009733915,0,0,0,0,0,101.247401639819,17.2065418958664,283.526000581682,0,164.922783523798,0,249.983256787062,0,145.393831282854,0,0,0,0,0,271.216500014067,0,0,0,37.3464087843895,0,947.404232122004,0,8345.64483550191,0.200335621833801,45.057275608182,0,234.396477133036,0,1.07667434215546,0,16.9711908847094,152.903629615903,470.695685625076,0,0,0,0,0,44.6071092933416,0,0.830125853419304,0,0,0,0,0,0,881.634676381946,0,423.659114897251,0,316.414297431707,0,0,0,267.465621173382,0,216.058976665139,0,0,0,867.789312899113,2.23219515383244,996.404988110065,0,0,691.446459792554,11.5106055736542,358.159962058067,1.53524422645569,237.938506029546
46.1717262193561,112.071452885866,45.7623575627804,94.1227366253734,102.753900110722,120.389460295439,39.917809844017,0,878.242597684264,988.941154137254,143.955029927194,97.8184271454811,124.043314099312,2.54903274774551,201.690051153302,3.28847450017929,9048.36431818455,9691.1409778595,7485.13378749043,84.5159718692303,180.030995607376,460.13093829155,142.150296717882,317.755998775363,422.160563498735,0,5.62519294023514,1,2,0,164.25573220849,111.244590997696,302.054560631514,371.108111292124,154.576977819204,724.464811876416,1364.76550932974,488.599724441767,845.582176923752,372.518110528588,155.003720790148,1214.61847158521,975.414073832333,18.6620055437088,6.38245531916618,22.7364817336202,105.867957882583,1660.76873062551,366.46770594269,284.306915864348,1,0.430072516202927,2,0,30.9210058897734,70.872195199132,234.057405382395,192.527727670968,2.13947841525078,0,41.6806719303131,4.32730223238468,106.066531039774,387.48927552253,19.1514450907707,26.693286895752,21.8617798238993,318.01205638051,0.15585695207119,72.2045490443707,0,0,20.4148449152708,377.984461419284,15.7302231192589,250.263053715229,261.248957067728,181.406165510416,552.965269930661,1503.24398712814,382.768171101809,691.446459792554,0,2220.25684590638,3006.01252952218,173.00035867095,105.539043948054
0,6.44528329372406,0,0,1,0,40.9413092136383,0,0,15.317932009697,0,0,0,1,0,0,345.216194838285,2455.75697739422,7.57299008965492,7.16185522079468,0,103.186779141426,63.773418366909,0,0,0,0,0,0,0,0,0,0,13.753190279007,0,225.51707521081,691.280643567443,45.4187058806419,57.2910723686218,0,0,1.35410979390144,0.309698015451431,0,0,0,0,0.929242759943008,0,0,0,0,0,0,0,0,0,0,0,0,0,2,2.59598535299301,0,0,37.2013655900955,0,0,0,0,0,0,0,3.6901239156723,0,0,5.55860194563866,47.4115133285522,54.8106019645929,180.118691802025,24.6830227375031,11.5106055736542,2220.25684590638,0,0.427478402853012,0,0
