0,0,19.1032220177028,0,0,120.259422302246,0,0,5.66616014351228,0,0,0,0,0,0,0,0,115.392280578613,25.1145211905241,0,0,0,0,0,0,0,0,0,0,0,0,0,0,0,0,0,0,0,29.2954359054565,121.468505859375,68.3664530091366,82.0731811523438,48.9678474828309,0,0,109.941408793132,78.9799237781101,39.3846099972725,17.5216900556937,0,0,0,0,0,3.91297358814683,0,96.9616394042969,0,109.904113769531,0,0,0,116.210975646973,0,0,0,0,0,0,0,0,0,80.7301864624023,31.3075835488059,0,0,0,0,81.4336013793945,60.6703147888184,132.121475219727,32.2711471557617,21.6346844605037,96.8905836406507,20.9132827947648,0,27.8120794296265
0,0,0,5.67889437624883,0,12.6324586868286,0,0,0,5.93105083139836,0,0,0,0,0,3.37502336502075,0,0,122.874298095703,0,0,0,0,0,0,0,0,0,0,0,0,0,0,0,0,0,0,24.9706846872966,0,70.0058746337891,0,17.9717077970505,0,0,0,0,66.9087219238281,44.8612070083618,0,8.41133242500407,0,0,0,0,0,4.45285903662443,0,16.6103140255984,0,0,0,4.3919289363058,0,0,0,0,3.03270609378815,0,0,0,0,0,29.4996188770641,0,79.6401062011719,0,39.8389739990234,0,0,0,0,45.7306900024414,6.27965078777049,40.4629249572754,14.7998286119886,6.54360485076904,0
19.1032220177028,0,0,0,3.36701965332031,62.7814865112305,0,0,6.44462839608054,0,0,0,0,0,0,0,75.6545009613037,87.4653498331706,63.2280485446637,0,23.9708119801113,0,0,0,0,0,0,0,0,0,0,0,0,0,0,0,20.5042843182882,0,0,44.3329524993896,47.8338639034944,63.4031515855056,46.213449385108,113.930435180664,0,49.5491619110107,34.3396059963333,51.5975230202746,24.7535083594227,37.4316654205322,2.95421886444092,0,0,0,4.57767079770565,0,3.43962876001994,55.982364654541,31.2480821609497,0,0,0,0,20.8357317636883,0,0,0,0,0,0,0,0,0,43.0369769505092,0,0,0,0,66.3901348114014,34.6770222933968,131.314498901367,41.6600660461089,44.7278990988004,46.2404834032059,21.6546790490558,0,58.6186351776123
0,5.67889437624883,0,0,0,12.5392377308437,0,0,67.7013320922852,7.60771033167839,0,0,0,0,0,0,105.760631561279,78.555195201527,56.348212315486,15.1345720291138,0,0,0,0,0,0,0,0,0,0,0,0,0,67.893440246582,0,23.4021463394165,64.5433654785156,46.1593721177843,0,43.3065980191262,0,39.7665892390922,57.9354972839355,37.7455148696899,0,21.4529115582655,57.9076671600342,55.4688115119934,50.0974133809408,24.2548634351067,0,0,0,0,0,6.75571155548096,0,25.2526429730993,0,0,0,0,23.9875145841528,82.6250610351562,0,80.4804763793945,0,0,0,0,34.3977005004883,0,35.5994938685241,0,0,0,68.1039581298828,0,42.0802015918796,82.7841949462891,42.15170857955,88.1019344329834,32.2936903722825,47.9867343902588,14.6317933584699,32.3606126719508,0
0,0,3.36701965332031,0,0,0,10.9266990721226,0,3.9925752808066,0,3.15472984313965,0,0,0,0,0,0,0,0,0,11.7622718991827,0,0,0,0,0,0,0,0,0,0,0,0,0,0,0,23.140298742997,0,0,0,49.3370761871338,0,53.5895767211914,0,0,0,39.7559501647949,55.1587371826172,46.3496266533347,40.7681770324707,3.90391333897909,0,0,0,2.97330093383789,0,0,0,0,0,0,0,0,13.7044995390339,0,0,0,0,0,0,0,0,0,0,0,0,0,0,0,21.2608653759134,0,0,70.7762775421143,0,44.146544232088,0,0
120.259422302246,12.6324586868286,62.7814865112305,12.5392377308437,0,0,0,3.28134623270356,0,4.67139245094137,0,7.71306104660034,0,0,0,4.62279679900722,0,0,68.1720539093018,7.12956603318914,0,0,0,0,0,113.454765319824,0,0,0,0,0,0,0,0,0,19.9541036493638,0,0,0,38.6695097143,45.6619148254395,46.9936278898325,0,0,0,15.8270509632919,54.7324701944987,51.830615234375,0,43.1688162618213,0,3.50651381951011,0,3.48583157245929,0,3.57825122597397,0,39.8029064893723,62.4630470275879,0,0,4.66924033648726,12.4029032329888,0,0,0,0,0,0,0,34.9279556274414,0,40.7104094961415,0,0,0,0,0,29.1567258065747,80.7849502563477,47.6993722413716,0,6.54556851246778,16.1021617412567,20.7434316074254,28.0241781870524,0
0,0,0,0,10.9266990721226,0,0,0,0,0,3.63176645835241,0,4.22266387939453,0,0,0,0,0,0,0,6.71932453579373,0,0,0,0,0,0,0,0,0,0,0,0,0,0,0,0,0,0,0,0,0,0,0,0,0,0,0,0,0,8.47505693965488,0,2.87380326911807,0,0,0,3.00590723128546,0,3.04646662148562,0,0,0,0,8.52079337835312,0,0,0,0,0,0,0,0,0,0,0,0,0,0,0,0,0,0,4.15301263773883,0,0,0,0
0,0,0,0,0,3.28134623270356,0,0,0,0,0,5.37530846700692,0,3.17025748888652,0,0,0,0,0,6.26167642681495,0,0,0,0,0,0,0,0,0,0,0,0,0,0,0,0,0,0,0,0,0,0,0,0,0,0,0,0,0,0,0,0,0,3.22532532396524,0,0,0,4.21920113052641,0,0,0,0,12.7448704242706,0,0,0,0,0,0,0,0,0,0,0,0,0,0,0,0,0,0,0,4.80857313665232,2.96261366208394,0,0,0
5.66616014351228,0,6.44462839608054,67.7013320922852,3.9925752808066,0,0,0,0,0,0,0,0,0,3.86952921299808,0,7.80964402148598,33.1980216082405,45.3831743399302,0,14.9451954992194,0,0,0,4.72998097964695,0,4.09067416191101,0,0,0,0,0,0,0,37.706259727478,0,25.1538327534993,0,10.2586627801259,72.1310138702393,61.0937323136763,45.1738395690918,44.3024565312598,0,0,44.4275436401367,33.059362411499,34.8745118733999,31.4485398319032,43.8734294346401,0,0,0,0,5.2917784995645,0,51.1979198455811,0,0,0,3.23246807850582,0,0,19.1663030896868,0,0,0,14.0727871114557,0,0,0,0,0,47.9301660325792,0,64.1359710693359,0,35.4541776657104,0,39.8042615370317,81.3680648803711,17.9922270057565,7.25933825136089,27.7041558485765,31.6490438767062,0,19.7697296142578
0,5.93105083139836,0,7.60771033167839,0,4.67139245094137,0,0,0,0,0,0,0,0,0,3.50539949411675,47.0619223458426,14.7163309684822,51.7529118855794,0,0,19.1776674710787,0,10.5287157021,0,5.40006944190624,0,0,0,0,0,0,0,0,0,0,0,13.0284476900754,0,79.7847442626953,67.9777755737305,13.799009916683,0,0,0,31.0973167419434,0,0,0,3.39161846485544,0,4.65914863155734,0,0,0,5.07381810645262,0,27.7817395528158,0,0,0,3.96191873325138,24.600887298584,0,0,0,4.98858141899109,0,5.33136297407604,0,0,0,40.0636405944824,0,66.6787796020508,0,0,0,44.4210980733236,0,16.4999025889805,79.1433792114258,6.38678666176158,10.6119065476289,9.13657326859943,0,0
0,0,0,0,3.15472984313965,0,3.63176645835241,0,0,0,0,0,3.58222110782351,0,0,0,0,0,0,0,4.18329066983888,0,0,0,0,0,0,0,0,0,3.44354632165697,0,0,0,0,0,4.512436373551,0,4.10305485997557,0,0,0,0,0,0,0,0,0,0,0,2.74733996391296,0,3.09935982525349,0,0,0,4.01255032379408,0,3.75064377455876,0,0,0,0,7.47370023488429,0,0,0,0,0,0,0,3.66896248900372,0,3.96683903741514,0,0,0,0,0,0,0,4.97113834623355,3.24860522855862,0,0,0,0
0,0,0,0,0,7.71306104660034,0,5.37530846700692,0,0,0,0,0,3.29444547354336,0,0,0,0,0,5.17230929359258,0,0,0,0,0,0,0,3.47066688449294,0,3.44623609484318,0,0,0,0,0,3.40701368329811,0,3.26547169685364,0,0,0,41.7557792663574,0,0,0,14.9232597351074,0,0,0,53.2967185974121,0,0,0,6.47126813145865,0,0,0,4.20693813378657,0,0,0,0,5.97553203090275,0,0,0,0,0,0,0,0,0,3.08386267934527,0,0,0,0,0,4.48348617855708,0,3.96378799826213,0,3.52801425316754,3.12344689991163,8.50188040733337,0,0
0,0,0,0,0,0,4.22266387939453,0,0,0,3.58222110782351,0,0,0,3.17837438943251,0,0,0,0,0,0,0,0,0,0,0,0,0,7.70683443649955,0,0,0,0,0,0,0,0,0,0,0,0,0,0,0,0,0,0,0,0,0,0,0,0,0,0,0,4.20193004860449,0,3.55370190742085,0,3.83251316547394,0,0,0,0,0,0,0,0,0,0,5.09527832886268,0,0,0,0,0,0,0,0,0,0,3.37321740518849,3.24873191601521,0,0,0
0,0,0,0,0,0,0,3.17025748888652,0,0,0,3.29444547354336,0,0,0,3.39869331261691,0,0,0,0,0,0,0,0,0,3.05249924009497,0,4.00780129432678,0,0,0,0,0,0,0,0,0,0,0,0,0,0,0,0,0,0,0,0,0,0,0,0,0,0,0,0,0,3.95252853458848,0,3.44960893388466,0,3.15753054618835,0,0,0,0,0,0,0,0,3.28604407310486,0,0,0,0,0,0,0,0,0,0,0,4.27263867198013,4.6351850486937,0,0,0
0,0,0,0,0,0,0,0,3.86952921299808,0,0,0,3.17837438943251,0,0,0,4.50133223286809,39.0778884887695,12.4824677194868,0,0,0,0,0,0,0,3.90265840291977,0,0,0,0,0,0,0,0,0,0,0,0,0,61.075122833252,0,47.620475769043,0,0,67.0360107421875,0,0,0,0,0,0,0,0,3.60706608235335,0,0,0,2.95877695083618,0,3.63707441385242,0,0,0,0,0,0,0,0,0,0,0,0,0,0,0,0,0,0,0,0,125.576400756836,5.16300258978954,0,55.0967407226562,0,0
0,3.37502336502075,0,0,0,4.62279679900722,0,0,0,3.50539949411675,0,0,0,3.39869331261691,0,0,39.6385056177775,8.10649335559677,50.1119422912598,0,0,18.0350401666429,0,12.8871715068817,0,4.3945311326247,0,3.15287852287292,0,0,0,0,0,0,0,0,0,28.879487991333,0,0,0,0,0,0,0,0,0,0,0,3.16549730300903,0,0,0,0,0,3.82363489820948,0,0,0,3.35225697915018,0,3.09932992764569,0,0,0,0,0,0,3.62705758832536,0,0,0,0,0,0,0,0,0,0,83.5644149780273,35.177001953125,0,7.0350897553165,0,117.550498962402,0,0
0,0,75.6545009613037,105.760631561279,0,0,0,0,7.80964402148598,47.0619223458426,0,0,0,0,4.50133223286809,39.6385056177775,0,18.9136106950857,22.6150173975176,0,0,39.5178649425507,5.44648241555249,30.4263693400792,4.05974590778351,35.2884994745255,3.51018602149726,0,3.45806965827942,0,0,0,0,0,0,0,0,0,54.2185325622559,76.2723117890905,66.357462981253,67.0362628971765,56.8867192599338,65.0609753926595,0,83.1734667691317,63.3664985703354,66.3181190490723,73.1591382026672,75.2528266906738,0,0,0,0,6.32419258554776,38.9442138671875,0,80.4030598231724,83.1024780273438,0,0,0,78.7484321594238,68.7947460977655,29.4265434265137,0,54.9663314819336,0,0,0,0,0,75.4511399520071,64.1234709087171,0,0,0,0,75.6885637433341,68.4382445647937,75.607583023781,64.9500965410184,11.0929877657957,6.19259851569702,60.3634327226891,48.9116008758545,57.0502782549177
115.392280578613,0,87.4653498331706,78.555195201527,0,0,0,0,33.1980216082405,14.7163309684822,0,0,0,0,39.0778884887695,8.10649335559677,18.9136106950857,0,26.4349203692336,0,0,8.30970232915713,0,13.9461245413727,0,6.39553579924076,0,4.01010990142822,0,0,0,0,0,0,0,57.5257759094238,0,0,72.2529678344727,63.4323522602013,74.3073732742411,56.054172687109,62.8046345352437,50.0354958772659,0,58.2574956453764,73.6153694982114,0,91.718132019043,88.973352432251,0,0,0,0,25.4086151123047,22.3825198737058,0,78.4708590507507,0,0,0,4.80025476879544,85.9733145577567,79.0404018055309,14.2362925422953,0,17.3588767051697,0,6.31204293171565,0,0,0,63.1992919796803,73.7512188787046,0,0,0,0,65.8495097197886,74.1327865913463,61.6171566295624,74.0329527562978,16.1530649454578,6.84374674317104,61.6965798423404,55.3566165337196,73.5287243236195
25.1145211905241,122.874298095703,63.2280485446637,56.348212315486,0,68.1720539093018,0,0,45.3831743399302,51.7529118855794,0,0,0,0,12.4824677194868,50.1119422912598,22.6150173975176,26.4349203692336,0,0,57.8425273895264,44.7078417369298,0,33.1096868515015,4.17422262827555,39.3638356526693,58.7985076904297,0,0,0,0,0,0,0,0,0,0,0,47.8773265838623,43.1985874966877,45.1789126113541,38.0971099053306,37.4880733978844,38.6417224502563,0,32.8062940207053,39.657667757926,50.7446530659994,49.2326536912185,63.6472691127232,0,0,0,0,51.6906044006348,42.8068542480469,93.7024765014648,48.1564653714498,0,0,0,0,43.2485021591187,41.9273069672665,35.8951657613119,0,33.4093004862467,0,0,0,95.7986755371094,0,41.0217233085632,31.8255660487156,0,0,0,0,45.5662734680348,44.1814727122818,44.9014658466235,42.8303546490554,23.2289596948409,61.7124228781842,30.6051470369152,30.2803707675657,17.661337718629
0,0,0,15.1345720291138,0,7.12956603318914,0,6.26167642681495,0,0,0,5.17230929359258,0,0,0,0,0,0,0,0,0,0,0,0,0,0,0,0,0,0,0,0,0,0,0,4.25426738849146,0,3.65181913277028,0,30.2660395304362,0,0,0,0,0,13.8605212587299,0,0,0,49.0736846923828,0,10.3073110580444,0,8.61770468229776,0,0,0,8.99102282325427,0,0,0,0,5.02704025286778,0,0,0,0,0,0,0,0,0,0,0,0,0,0,0,5.96586257652628,0,18.6516041687231,0,5.40915467009252,34.5726318359375,8.6289004450259,0,0
0,0,23.9708119801113,0,11.7622718991827,0,6.71932453579373,0,14.9451954992194,0,4.18329066983888,0,0,0,0,0,0,0,57.8425273895264,0,0,0,0,0,0,0,0,0,0,0,0,0,0,0,0,0,6.38176796890082,0,5.78619041852653,45.1519330342611,0,0,42.0270445081923,0,0,0,0,51.2641048431396,39.1664438247681,0,9.78250124782183,0,0,0,14.0478839874268,0,4.27935557016011,0,0,0,0,0,0,4.14388315120269,0,0,0,0,0,0,0,0,0,0,0,0,0,0,0,5.15782682297161,0,5.68095922249675,13.5101187323446,0,8.88805612873387,0,0
0,0,0,0,0,0,0,0,0,19.1776674710787,0,0,0,0,0,18.0350401666429,39.5178649425507,8.30970232915713,44.7078417369298,0,0,0,3.73098993064159,6.45739997134489,0,10.4168435297401,0,0,0,0,0,0,0,0,0,0,0,4.2310009262168,0,88.8748054504395,0,78.0537872314453,0,0,0,0,0,0,0,5.96793680720859,0,0,0,0,0,28.4113416671753,0,0,0,0,0,0,78.2189025878906,0,4.9672514903217,0,7.06948118550437,0,3.64975281821357,0,4.87813163300355,0,102.409828186035,0,0,0,0,0,74.2701416015625,0,4.50846503698637,47.7985954284668,5.15374696852134,4.63697452609603,65.0277938842773,0,0
0,0,0,0,0,0,0,0,0,0,0,0,0,0,0,0,5.44648241555249,0,0,0,0,3.73098993064159,0,0,5.54191631918786,0,5.91534578172784,0,3.50612634342986,0,0,0,0,0,0,0,0,3.33288035436308,4.98985270355941,0,0,0,0,0,0,0,0,22.6247901916504,0,0,0,0,0,0,0,0,0,0,0,0,0,0,0,0,3.05821512767247,4.24635922175384,0,7.23627673980244,0,0,0,3.95177837780544,0,0,0,0,0,0,0,0,3.61797499249124,11.6727835530555,3.79216868279165,4.77850559543323,21.2410945892334,0,0
0,0,0,0,0,0,0,0,0,10.5287157021,0,0,0,0,0,12.8871715068817,30.4263693400792,13.9461245413727,33.1096868515015,0,0,6.45739997134489,0,0,0,5.33530872339344,0,0,0,0,0,0,0,0,0,0,0,3.91054661526321,0,56.0509490966797,0,69.9857924779256,73.9796371459961,35.6199722290039,0,44.8353881835938,54.7604598999023,0,0,5.20543084144592,0,0,0,0,0,6.41664077758789,0,72.2665557861328,0,0,0,0,0,0,0,0,3.55734666904307,0,4.20845697197733,0,0,0,60.1531982421875,0,0,0,0,0,61.1566475762261,73.104975382487,8.99388661425867,70.3615264892578,9.42731447004734,102.836029052734,7.80529996421602,0,54.4122200012207
0,0,0,0,0,0,0,0,4.72998097964695,0,0,0,0,0,0,0,4.05974590778351,0,4.17422262827555,0,0,0,5.54191631918786,0,0,0,6.2568965775626,0,0,0,0,0,0,0,0,0,0,0,5.87166255220836,0,0,0,15.5777708053589,0,0,0,0,0,0,0,0,0,0,0,0,0,0,0,0,0,0,0,0,0,0,4.51850095513749,0,3.59873975109933,0,0,0,0,0,0,0,0,0,0,0,0,0,6.71222911647816,4.4959643509403,0,49.0847778320312,0,0
0,0,0,0,0,113.454765319824,0,0,0,5.40006944190624,0,0,0,3.05249924009497,0,4.3945311326247,35.2884994745255,6.39553579924076,39.3638356526693,0,0,10.4168435297401,0,5.33530872339344,0,0,0,3.13268287460525,0,0,0,0,0,0,0,0,0,0,0,57.8075714111328,91.5978164672852,45.273375193278,44.0736465454102,0,0,0,90.0357971191406,0,0,0,0,0,0,0,0,4.46778461497317,0,0,0,4.02849816481272,0,0,0,0,13.9456357955933,0,4.25551848919665,0,3.2301820548805,0,3.21159264491155,0,0,0,0,0,0,0,0,62.5767440795898,53.7337811787923,63.2655448913574,7.38345377743856,0,0,0,0
0,0,0,0,0,0,0,0,4.09067416191101,0,0,0,0,0,3.90265840291977,0,3.51018602149726,0,58.7985076904297,0,0,0,5.91534578172784,0,6.2568965775626,0,0,0,3.71767862637838,0,0,0,0,0,0,0,0,0,0,0,0,0,0,0,0,0,0,0,0,0,0,0,0,0,4.40717839926816,0,0,0,0,0,0,0,0,0,0,2.95683844566345,0,0,0,2.97896787282583,0,0,0,0,0,0,0,0,0,0,0,0,3.49468824463169,0,0,0,0
0,0,0,0,0,0,0,0,0,0,0,3.47066688449294,0,4.00780129432678,0,3.15287852287292,0,4.01010990142822,0,0,0,0,0,0,0,3.13268287460525,0,0,0,3.52838105519613,0,0,0,0,0,0,0,2.92089255650838,0,0,0,0,0,0,0,0,0,0,0,0,0,0,0,0,0,0,0,4.42128434583738,0,4.14628291130066,0,0,0,0,0,0,0,0,0,0,4.07404112290127,0,3.62878015603912,0,0,0,0,0,0,0,4.09904325925387,0,3.5769151852646,3.19445984665005,0,0,0
0,0,0,0,0,0,0,0,0,0,0,0,7.70683443649955,0,0,0,3.45806965827942,0,0,0,0,0,3.50612634342986,0,0,0,3.71767862637838,0,0,0,0,0,0,0,0,0,0,0,3.96360931458411,0,0,0,0,0,0,0,0,0,0,0,0,0,0,0,0,0,0,0,0,0,0,0,0,0,0,3.9188376876007,0,0,0,3.08452861361496,0,3.21625536525117,0,0,0,0,0,0,0,0,0,4.17378516197205,4.923825424987,5.18732109151258,0,0,0
0,0,0,0,0,0,0,0,0,0,0,3.44623609484318,0,0,0,0,0,0,0,0,0,0,0,0,0,0,0,3.52838105519613,0,0,0,0,0,0,0,0,0,3.03996862249171,0,0,0,0,0,0,0,0,0,0,0,0,0,0,0,0,0,0,0,3.88772903414939,0,0,0,0,0,0,0,0,0,0,0,0,0,0,3.75332781093221,0,0,0,0,0,0,0,4.12141385125877,0,3.9270865809722,2.92355728149414,0,0,0
0,0,0,0,0,0,0,0,0,0,3.44354632165697,0,0,0,0,0,0,0,0,0,0,0,0,0,0,0,0,0,0,0,0,0,0,0,0,0,0,0,5.33988789094758,0,0,0,0,0,0,0,0,0,0,0,0,0,0,0,0,0,3.37080449149722,0,0,0,0,0,0,0,0,0,0,0,0,0,0,3.6645989626646,0,3.77873344225838,0,0,0,0,0,0,0,7.26242187129917,2.77019045903133,0,0,0,0
0,0,0,0,0,0,0,0,0,0,0,0,0,0,0,0,0,0,0,0,0,0,0,0,0,0,0,0,0,0,0,0,4.68844369857208,58.3228282928467,6.51844679681878,3.78534921155793,15.6895850312476,58.4095153808594,0,0,14.7142162322998,0,0,0,0,0,0,7.39906852018265,12.9109731912613,0,0,0,0,0,0,0,0,0,0,0,0,0,0,0,0,0,0,0,0,0,0,0,0,0,5.25142770129384,4.99832739139817,24.3046738952398,0,4.14140436104456,9.61459018967368,0,0,2.98093402639348,0,76.1537628173828,0,0
0,0,0,0,0,0,0,0,0,0,0,0,0,0,0,0,0,0,0,0,0,0,0,0,0,0,0,0,0,0,0,4.68844369857208,0,8.19250774383545,11.5088036682295,3.93113704949371,3.79815659191241,0,0,0,0,0,0,0,0,0,0,5.74588602176435,0,0,0,0,0,0,73.5432510375977,0,0,0,0,0,0,0,0,0,0,0,0,0,0,0,0,0,0,0,13.6822752166727,4.13069666011629,0,35.5136103164859,2.73757290840149,4.59652325270677,0,44.6412048339844,3.94477997121785,0,0,0,0
0,0,0,67.893440246582,0,0,0,0,0,0,0,0,0,0,0,0,0,0,0,0,0,0,0,0,0,0,0,0,0,0,0,58.3228282928467,8.19250774383545,0,3.06865503095633,3.24574959110206,70.7428817749023,4.12914138518916,2.90980262505381,0,0,40.7413088480631,0,0,0,0,0,8.21259561512205,65.6798858642578,0,0,0,0,0,0,0,0,0,0,0,0,0,0,0,0,0,0,0,0,0,0,0,0,0,25.2752048422676,0,5.28068471083956,5.43620181542176,5.32371527649635,71.9927215576172,6.0474511056333,0,3.3429023043639,3.07552906870842,53.8126220703125,0,0
0,0,0,0,0,0,0,0,37.706259727478,0,0,0,0,0,0,0,0,0,0,0,0,0,0,0,0,0,0,0,0,0,0,6.51844679681878,11.5088036682295,3.06865503095633,0,0,3.25071325915805,21.770719104343,4.92480836004393,0,0,0,37.7373419867622,0,0,0,0,6.56852984311697,0,28.2369448343913,0,0,0,0,31.767244010136,0,0,0,0,0,0,0,0,0,0,0,0,31.9338652292887,0,0,0,0,0,0,15.5780640382033,16.4576029507619,10.4633386013684,5.52181081301891,16.4794826507568,4.52848916454994,19.9639802977096,7.67990802731034,4.50014330275048,0,49.1164916992187,0,38.807071685791
0,0,0,23.4021463394165,0,19.9541036493638,0,0,0,0,0,3.40701368329811,0,0,0,0,0,57.5257759094238,0,4.25426738849146,0,0,0,0,0,0,0,0,0,0,0,3.78534921155793,3.93113704949371,3.24574959110206,0,0,4.64658911596418,6.21698193994573,0,12.2873404366629,12.6641960276498,42.8707286610323,0,0,0,9.41796191874005,0,6.05566053324572,8.06885954345145,10.1301392282365,0,14.0820322036743,0,0,0,0,0,14.0164487578652,0,0,0,0,4.71830378844438,0,0,0,0,0,0,0,0,0,34.8618583679199,0,4.34576345639786,4.41189547093311,15.9702837903991,0,4.33761567612183,4.75744011624708,8.21668607337708,0,4.09226269177578,5.74015054169586,11.7932095731606,0,0
0,0,20.5042843182882,64.5433654785156,23.140298742997,0,0,0,25.1538327534993,0,4.512436373551,0,0,0,0,0,0,0,0,0,6.38176796890082,0,0,0,0,0,0,0,0,0,0,15.6895850312476,3.79815659191241,70.7428817749023,3.25071325915805,4.64658911596418,0,74.7026062011719,4.88564133624752,10.8786776860555,4.81944148181236,0,25.9730682373047,0,0,0,14.0195659510061,6.35662211109967,11.8582879578195,11.3746182542098,18.7397193272909,0,0,0,22.6006088256836,0,5.33023770512761,0,22.1486907958984,0,0,0,0,5.37641473708872,0,0,0,0,0,0,0,0,0,0,18.3085779311165,4.67356041911735,0,6.95825304155764,4.79808065554847,4.63050705286636,0,4.95187365895805,4.58401036465638,4.95668976369247,12.4099244591143,0,0
0,24.9706846872966,0,46.1593721177843,0,0,0,0,0,13.0284476900754,0,3.26547169685364,0,0,0,28.879487991333,0,0,0,3.65181913277028,0,4.2310009262168,3.33288035436308,3.91054661526321,0,0,0,2.92089255650838,0,3.03996862249171,0,58.4095153808594,0,4.12914138518916,21.770719104343,6.21698193994573,74.7026062011719,0,7.42263325417396,57.8136787414551,0,9.72408111051682,0,0,0,37.1263160705566,81.6956253051758,10.8340475148811,24.5956897735596,5.45501449959619,0,0,0,0,41.7239284515381,11.9693598679521,0,14.040901722908,0,0,0,21.7291812896729,5.07004620234172,0,6.46074882177549,37.7082702930157,7.13828639505487,37.8804550170898,0,0,10.0643841425578,0,4.6531790047884,0,51.4554051516349,0,13.4092157518686,22.9313654899597,5.29136998641706,88.0820770263672,4.43039775369652,26.7922289037259,4.97213194975033,3.18139732286193,6.89904537110198,17.8135947314176,0
29.2954359054565,0,0,0,0,0,0,0,10.2586627801259,0,4.10305485997557,0,0,0,0,0,54.2185325622559,72.2529678344727,47.8773265838623,0,5.78619041852653,0,4.98985270355941,0,5.87166255220836,0,0,0,3.96360931458411,0,5.33988789094758,0,0,2.90980262505381,4.92480836004393,0,4.88564133624752,7.42263325417396,0,0,0,75.6007461547852,27.1825286865234,0,0,0,27.3140112559001,8.31154568759107,7.43790536382225,31.1455500974494,0,0,0,0,13.1345806650059,0,4.17210948380241,0,0,0,0,0,0,6.20276743137475,42.5479135513306,7.32113600574164,0,6.38460386200111,0,0,44.5655422210693,5.31033610261005,0,4.87993949174463,0,33.3252792358398,5.9174747467041,10.2692120024767,0,5.71510684659295,26.3182108207416,4.39073739211303,4.34667590247604,3.3376977206125,11.7073288576944,42.6108818054199,22.0808936527797
121.468505859375,70.0058746337891,44.3329524993896,43.3065980191262,0,38.6695097143,0,0,72.1310138702393,79.7847442626953,0,0,0,0,0,0,76.2723117890905,63.4323522602013,43.1985874966877,30.2660395304362,45.1519330342611,88.8748054504395,0,56.0509490966797,0,57.8075714111328,0,0,0,0,0,0,0,0,0,12.2873404366629,10.8786776860555,57.8136787414551,0,0,39.5640619550433,27.6552113477485,68.8911555608114,27.8241830865542,0,13.213934295349,45.8296419884548,21.2793193933915,31.1659324610675,15.5201323173719,0,50.4341036478678,0,0,52.2213672637939,0,43.2679778205024,50.5095428326222,46.7734667460124,0,46.860107421875,0,10.41364029468,56.2214641571045,0,0,56.1124801635742,0,0,0,74.742244720459,0,45.2414978952367,81.3828067779541,0,0,31.8468427658081,0,16.1830303696735,69.2921595139937,46.0901117351222,85.9718520220588,47.8692400665844,52.0590693809298,20.2978794875948,38.7686184630997,71.4293174743652
68.3664530091366,0,47.8338639034944,0,49.3370761871338,45.6619148254395,0,0,61.0937323136763,67.9777755737305,0,0,0,0,61.075122833252,0,66.357462981253,74.3073732742411,45.1789126113541,0,0,0,0,0,0,91.5978164672852,0,0,0,0,0,14.7142162322998,0,0,0,12.6641960276498,4.81944148181236,0,0,39.5640619550433,0,59.9591517252465,27.5022514369167,64.1354738871257,0,49.3346062978109,15.788843009725,8.3905888439773,11.2981551550142,25.3928801218669,0,0,0,0,56.4300231933594,0,42.3227834701538,72.9763188362122,42.9628047943115,0,0,0,35.179370880127,43.1859327874533,0,0,0,0,0,0,0,0,88.2673419605602,51.1971962822808,22.4778861999512,11.5948085784912,47.0609512329102,0,81.0933612476696,28.5305888592656,89.8575057983398,56.9377507125067,51.6636869338603,57.6104415847175,29.7511409261866,68.0915842056274,46.6815753469662
82.0731811523438,17.9717077970505,63.4031515855056,39.7665892390922,0,46.9936278898325,0,0,45.1738395690918,13.799009916683,0,41.7557792663574,0,0,0,0,67.0362628971765,56.054172687109,38.0971099053306,0,0,78.0537872314453,0,69.9857924779256,0,45.273375193278,0,0,0,0,0,0,0,40.7413088480631,0,42.8707286610323,0,9.72408111051682,75.6007461547852,27.6552113477485,59.9591517252465,0,27.704039366256,24.5129791375802,0,35.6249189531147,58.0848204488973,11.9639522099174,64.6035997217352,12.8099820602378,0,50.0340216954549,0,0,51.9186401367188,9.46584224700928,0,29.207286483659,0,0,0,0,30.7408180782451,64.2001045772007,0,0,53.7482109069824,0,0,0,32.1509253978729,0,28.039493228127,44.7512017822266,63.7923007965088,0,26.6384709676107,0,30.6273562110769,65.6760413882969,37.0941804699578,61.2179242914373,20.1199462886241,48.8149434596695,22.4232154354097,20.2513272937546,30.9924242108367
48.9678474828309,0,46.213449385108,57.9354972839355,53.5895767211914,0,0,0,44.3024565312598,0,0,0,0,0,47.620475769043,0,56.8867192599338,62.8046345352437,37.4880733978844,0,42.0270445081923,0,0,73.9796371459961,15.5777708053589,44.0736465454102,0,0,0,0,0,0,0,0,37.7373419867622,0,25.9730682373047,0,27.1825286865234,68.8911555608114,27.5022514369167,27.704039366256,0,29.9130579630534,0,60.2173346110753,33.1807840353314,13.9874800418888,20.0017052971296,58.1290588378906,0,0,0,0,51.6803938734765,0,42.713954108102,69.9553108215332,44.6271734237671,0,0,0,84.507007598877,42.9617668905376,0,0,0,0,0,0,61.0084190368652,0,64.7342595356267,23.81171921545,0,59.7579650878906,0,34.7437106912786,76.7426171553762,33.7486394043598,66.8174708793903,43.8725872343915,22.3195205158522,51.1420832065114,29.5470512153797,41.7126474380493,23.372230895928
0,0,113.930435180664,37.7455148696899,0,0,0,0,0,0,0,0,0,0,0,0,65.0609753926595,50.0354958772659,38.6417224502563,0,0,0,0,35.6199722290039,0,0,0,0,0,0,0,0,0,0,0,0,0,0,0,27.8241830865542,64.1354738871257,24.5129791375802,29.9130579630534,0,0,25.12435131073,72.3706378936768,0,99.9653167724609,24.3353741168976,0,0,0,0,0,0,0,57.0914715986985,0,0,0,0,36.658300944737,0,0,0,0,0,0,0,0,0,50.7055399417877,0,0,0,0,0,35.5520482610484,74.0576774597168,50.628644519382,87.8560028076172,25.7837286410124,21.9952580357941,16.1570153909437,44.0628442764282,0
0,0,0,0,0,0,0,0,0,0,0,0,0,0,0,0,0,0,0,0,0,0,0,0,0,0,0,0,0,0,0,0,0,0,0,0,0,0,0,0,0,0,0,0,0,0,15.1174449920654,0,0,0,0,0,0,0,0,0,0,0,0,0,0,0,0,0,0,0,0,0,0,0,0,0,0,0,0,0,0,0,0,28.8908199734158,0,31.8683195114136,0,0,0,0,0
109.941408793132,0,49.5491619110107,21.4529115582655,0,15.8270509632919,0,0,44.4275436401367,31.0973167419434,0,14.9232597351074,0,0,67.0360107421875,0,83.1734667691317,58.2574956453764,32.8062940207053,13.8605212587299,0,0,0,44.8353881835938,0,0,0,0,0,0,0,0,0,0,0,9.41796191874005,0,37.1263160705566,0,13.213934295349,49.3346062978109,35.6249189531147,60.2173346110753,25.12435131073,0,0,54.7082984132587,41.4326277256012,40.910182279699,31.0175088953867,0,13.9098088924701,0,0,0,0,46.5603904724121,23.323948406569,0,0,0,0,9.80854179769073,73.2140922546387,65.5306854248047,0,0,0,0,0,50.6218566894531,0,30.6863572825964,54.1911926269531,85.6992416381836,0,0,0,18.3950562100831,73.0795757069307,32.7355183159433,90.7673742120916,33.9568803076651,34.0899555206299,17.5682780247144,20.2074841658274,0
78.9799237781101,66.9087219238281,34.3396059963333,57.9076671600342,39.7559501647949,54.7324701944987,0,0,33.059362411499,0,0,0,0,0,0,0,63.3664985703354,73.6153694982114,39.657667757926,0,0,0,0,54.7604598999023,0,90.0357971191406,0,0,0,0,0,0,0,0,0,0,14.0195659510061,81.6956253051758,27.3140112559001,45.8296419884548,15.788843009725,58.0848204488973,33.1807840353314,72.3706378936768,15.1174449920654,54.7082984132587,0,46.2878584557391,36.4817131830897,38.8162535985311,18.9130477905273,0,0,0,31.3795552253723,0,25.3905245780945,63.71760060237,29.140510559082,0,0,0,59.2031313578288,10.1274540592564,0,0,59.7351684570312,0,0,0,0,0,83.4209571049131,55.6383995387865,0,0,0,0,82.079280424118,20.6214693255565,83.9405843485957,38.2539289335833,46.5040914526733,50.3513134857938,25.1984119956548,59.0308598605069,56.1017197502984
39.3846099972725,44.8612070083618,51.5975230202746,55.4688115119934,55.1587371826172,51.830615234375,0,0,34.8745118733999,0,0,0,0,0,0,0,66.3181190490723,0,50.7446530659994,0,51.2641048431396,0,22.6247901916504,0,0,0,0,0,0,0,0,7.39906852018265,5.74588602176435,8.21259561512205,6.56852984311697,6.05566053324572,6.35662211109967,10.8340475148811,8.31154568759107,21.2793193933915,8.3905888439773,11.9639522099174,13.9874800418888,0,0,41.4326277256012,46.2878584557391,0,7.27616701819448,10.1098267138201,0,0,0,0,27.6750939161258,0,51.5770357572115,48.8974867321196,52.8103544447157,0,50.7643852233887,0,0,65.5458348592122,33.0821049634148,23.7757702154272,0,16.9927742860028,0,0,32.0939826965332,0,66.5909684499105,60.6605567932129,7.56000508695458,6.58128878972443,7.6202455582819,8.69999075880266,10.506866979599,8.00056997231994,11.5213952846301,11.483465402541,9.985267798532,49.1401191438947,16.4690386673006,41.0098492304484,29.7045733663771
17.5216900556937,0,24.7535083594227,50.0974133809408,46.3496266533347,0,0,0,31.4485398319032,0,0,0,0,0,0,0,73.1591382026672,91.718132019043,49.2326536912185,0,39.1664438247681,0,0,0,0,0,0,0,0,0,0,12.9109731912613,0,65.6798858642578,0,8.06885954345145,11.8582879578195,24.5956897735596,7.43790536382225,31.1659324610675,11.2981551550142,64.6035997217352,20.0017052971296,99.9653167724609,0,40.910182279699,36.4817131830897,7.27616701819448,0,14.4256202547174,44.5810165405273,0,0,0,32.8464612129631,0,36.8530895479264,60.0579195022583,43.1636605943952,0,49.8906745910645,0,0,48.9953283733792,0,0,0,13.6295612539564,0,0,0,0,83.7130126953125,14.2186784013972,13.5438029766083,0,60.2564163208008,52.5334739685059,58.395601272583,13.4545695146362,78.5900974273682,8.20017306194749,21.8691691003997,53.367421923457,24.1138302902094,55.4463157653809,21.2300877571106
0,8.41133242500407,37.4316654205322,24.2548634351067,40.7681770324707,43.1688162618213,0,0,43.8734294346401,3.39161846485544,0,53.2967185974121,0,0,0,3.16549730300903,75.2528266906738,88.973352432251,63.6472691127232,49.0736846923828,0,5.96793680720859,0,5.20543084144592,0,0,0,0,0,0,0,0,0,0,28.2369448343913,10.1301392282365,11.3746182542098,5.45501449959619,31.1455500974494,15.5201323173719,25.3928801218669,12.8099820602378,58.1290588378906,24.3353741168976,0,31.0175088953867,38.8162535985311,10.1098267138201,14.4256202547174,0,0,44.9839458465576,0,0,43.0892585754395,4.01761641869178,35.7011706034342,26.8874739664896,35.331371307373,0,0,3.73640043051668,43.6933294023786,42.9537010192871,7.57639270946693,43.1693820953369,5.22932247768749,41.0309209823608,3.7952222896491,0,6.1110181255617,0,22.4194782214929,39.7269821166992,0,0,0,22.147456741333,19.3382707991819,36.4030202494727,7.79721864916839,33.2717792400415,14.3969005539926,54.3716180862919,13.0240944671698,19.6234763952402,0
0,0,2.95421886444092,0,3.90391333897909,0,8.47505693965488,0,0,0,2.74733996391296,0,0,0,0,0,0,0,0,0,9.78250124782183,0,0,0,0,0,0,0,0,0,0,0,0,0,0,0,18.7397193272909,0,0,0,0,0,0,0,0,0,18.9130477905273,0,44.5810165405273,0,0,0,0,0,0,0,2.81084078755872,0,0,0,0,0,0,10.4669640020359,0,0,0,0,0,0,0,0,0,0,0,0,0,0,0,18.5864023481097,0,0,24.4142837524414,0,5.50025694216451,0,0
0,0,0,0,0,3.50651381951011,0,0,0,4.65914863155734,0,0,0,0,0,0,0,0,0,10.3073110580444,0,0,0,0,0,0,0,0,0,0,0,0,0,0,0,14.0820322036743,0,0,0,50.4341036478678,0,50.0340216954549,0,0,0,13.9098088924701,0,0,0,44.9839458465576,0,0,0,0,0,6.7087311063494,0,25.7848987579346,0,0,0,4.0995663783767,11.1765960394907,0,0,0,0,0,0,0,0,0,38.0927658081055,0,0,0,0,0,40.9029350280762,87.2646713256836,40.0074590047201,0,25.0088388125102,0,30.8855723953247,0,0
0,0,0,0,0,0,2.87380326911807,0,0,0,3.09935982525349,0,0,0,0,0,0,0,0,0,0,0,0,0,0,0,0,0,0,0,0,0,0,0,0,0,0,0,0,0,0,0,0,0,0,0,0,0,0,0,0,0,0,0,0,0,0,0,3.0272214779487,0,0,0,0,0,0,0,0,0,0,0,0,0,0,0,0,0,0,0,0,0,0,0,3.49517650157213,3.39334841569265,0,0,0
0,0,0,0,0,3.48583157245929,0,3.22532532396524,0,0,0,6.47126813145865,0,0,0,0,0,0,0,8.61770468229776,0,0,0,0,0,0,0,0,0,0,0,0,0,0,0,0,0,0,0,0,0,0,0,0,0,0,0,0,0,0,0,0,0,0,0,0,0,4.9210746568792,0,0,0,0,11.5158732732137,0,0,0,0,0,0,0,0,0,0,0,0,0,0,0,0,0,0,0,5.5318439801534,0,0,0,0
3.91297358814683,0,4.57767079770565,0,2.97330093383789,0,0,0,5.2917784995645,0,0,0,0,0,3.60706608235335,0,6.32419258554776,25.4086151123047,51.6906044006348,0,14.0478839874268,0,0,0,0,0,4.40717839926816,0,0,0,0,0,73.5432510375977,0,31.767244010136,0,22.6006088256836,41.7239284515381,13.1345806650059,52.2213672637939,56.4300231933594,51.9186401367188,51.6803938734765,0,0,0,31.3795552253723,27.6750939161258,32.8464612129631,43.0892585754395,0,0,0,0,0,0,0,0,0,0,3.33861201417212,0,0,22.0081097284953,0,0,0,7.44825117968949,0,0,0,0,85.149169921875,33.4262008666992,0,61.5796768188477,0,31.1526091893514,0,31.2378036975861,49.9064750671387,13.0872705399209,8.05953759489915,43.0409291585286,16.7237637708584,0,27.2056674957275
0,4.45285903662443,0,6.75571155548096,0,3.57825122597397,0,0,0,5.07381810645262,0,0,0,0,0,3.82363489820948,38.9442138671875,22.3825198737058,42.8068542480469,0,0,28.4113416671753,0,6.41664077758789,0,4.46778461497317,0,0,0,0,0,0,0,0,0,0,0,11.9693598679521,0,0,0,9.46584224700928,0,0,0,0,0,0,0,4.01761641869178,0,6.7087311063494,0,0,0,0,0,0,0,0,0,4.27316744125197,0,0,0,0,4.34872059094704,0,4.68687999248505,0,0,0,0,0,0,0,0,0,0,0,14.4631211451995,0,9.60111798083081,9.59364501635234,10.2769351482391,0,0
96.9616394042969,0,3.43962876001994,0,0,0,3.00590723128546,0,51.1979198455811,0,4.01255032379408,0,4.20193004860449,0,0,0,0,0,93.7024765014648,0,4.27935557016011,0,0,0,0,0,0,0,0,0,3.37080449149722,0,0,0,0,0,5.33023770512761,0,4.17210948380241,43.2679778205024,42.3227834701538,0,42.713954108102,0,0,46.5603904724121,25.3905245780945,51.5770357572115,36.8530895479264,35.7011706034342,2.81084078755872,0,0,0,0,0,0,65.505500793457,2.9588610458374,0,0,0,0,6.75898109504793,0,0,0,0,0,0,0,0,0,4.46109404771224,0,0,0,0,0,17.1226477164058,0,7.82378177081837,7.05376192639927,44.2279726664225,9.92837896002563,0,0
0,16.6103140255984,55.982364654541,25.2526429730993,0,39.8029064893723,0,4.21920113052641,0,27.7817395528158,0,4.20693813378657,0,3.95252853458848,0,0,80.4030598231724,78.4708590507507,48.1564653714498,8.99102282325427,0,0,0,72.2665557861328,0,0,0,4.42128434583738,0,3.88772903414939,0,0,0,0,0,14.0164487578652,0,14.040901722908,0,50.5095428326222,72.9763188362122,29.207286483659,69.9553108215332,57.0914715986985,0,23.323948406569,63.71760060237,48.8974867321196,60.0579195022583,26.8874739664896,0,25.7848987579346,0,4.9210746568792,0,0,65.505500793457,0,0,0,0,0,10.0009115453805,66.1851959228516,0,0,0,0,0,0,6.78473376750946,0,11.2125804795741,61.8838399251302,85.3125762939453,0,0,0,51.1024497531404,82.2255904253791,24.1267990962319,86.0493927001953,35.7275829578081,47.6383941985559,23.5806045076488,18.2962354670514,44.9148139953613
109.904113769531,0,31.2480821609497,0,0,62.4630470275879,3.04646662148562,0,0,0,3.75064377455876,0,3.55370190742085,0,2.95877695083618,0,83.1024780273438,0,0,0,0,0,0,0,0,0,0,0,0,0,0,0,0,0,0,0,22.1486907958984,0,0,46.7734667460124,42.9628047943115,0,44.6271734237671,0,0,0,29.140510559082,52.8103544447157,43.1636605943952,35.331371307373,0,0,3.0272214779487,0,0,0,2.9588610458374,0,0,0,2.88684155630029,0,0,12.8041195869446,0,0,0,0,0,0,0,0,0,0,0,0,0,0,0,19.1659055328369,0,0,3.70075515254599,3.18139561585018,27.9688647118482,0,0
0,0,0,0,0,0,0,0,0,0,0,0,0,3.44960893388466,0,3.35225697915018,0,0,0,0,0,0,0,0,0,4.02849816481272,0,4.14628291130066,0,0,0,0,0,0,0,0,0,0,0,0,0,0,0,0,0,0,0,0,0,0,0,0,0,0,0,0,0,0,0,0,0,3.09867441086542,0,0,0,0,0,0,0,0,2.82869057471936,0,0,0,0,0,0,0,0,0,0,0,3.8466200720995,3.26844568252563,0,0,0
0,0,0,0,0,0,0,0,3.23246807850582,0,0,0,3.83251316547394,0,3.63707441385242,0,0,0,0,0,0,0,0,0,0,0,0,0,0,0,0,0,0,0,0,0,0,0,0,46.860107421875,0,0,0,0,0,0,0,50.7643852233887,49.8906745910645,0,0,0,0,0,3.33861201417212,0,0,0,2.88684155630029,0,0,0,0,0,0,0,0,0,0,0,0,0,0,0,0,0,0,0,0,0,0,0,3.31960174441338,0,44.5706043243408,0,0
0,4.3919289363058,0,0,0,4.66924033648726,0,0,0,3.96191873325138,0,0,0,3.15753054618835,0,3.09932992764569,0,4.80025476879544,0,0,0,0,0,0,0,0,0,0,0,0,0,0,0,0,0,0,0,21.7291812896729,0,0,0,0,0,0,0,0,0,0,0,3.73640043051668,0,4.0995663783767,0,0,0,4.27316744125197,0,0,0,3.09867441086542,0,0,0,0,0,0,5.74008254753916,0,0,0,0,0,0,0,0,0,0,0,0,0,33.1287279129028,0,4.72411342100664,0,5.29716595552735,0,0
116.210975646973,0,0,23.9875145841528,0,12.4029032329888,0,12.7448704242706,0,24.600887298584,0,5.97553203090275,0,0,0,0,78.7484321594238,85.9733145577567,43.2485021591187,5.02704025286778,0,78.2189025878906,0,0,0,0,0,0,0,0,0,0,0,0,0,4.71830378844438,0,5.07004620234172,0,10.41364029468,35.179370880127,30.7408180782451,84.507007598877,36.658300944737,0,9.80854179769073,59.2031313578288,0,0,43.6933294023786,0,11.1765960394907,0,11.5158732732137,0,0,0,10.0009115453805,0,0,0,0,0,60.8465728759766,0,0,0,0,0,0,17.8357156117757,0,15.2517613337519,0,0,0,0,0,13.1059955365107,80.3391316731771,21.3940096471275,0,12.2438159904341,50.9857392744585,16.9840292350371,18.3046529769897,0
0,0,20.8357317636883,82.6250610351562,13.7044995390339,0,8.52079337835312,0,19.1663030896868,0,7.47370023488429,0,0,0,0,0,68.7947460977655,79.0404018055309,41.9273069672665,0,4.14388315120269,0,0,0,0,0,0,0,0,0,0,0,0,0,0,0,5.37641473708872,0,6.20276743137475,56.2214641571045,43.1859327874533,64.2001045772007,42.9617668905376,0,0,73.2140922546387,10.1274540592564,65.5458348592122,48.9953283733792,42.9537010192871,10.4669640020359,0,0,0,22.0081097284953,0,6.75898109504793,66.1851959228516,12.8041195869446,0,0,0,60.8465728759766,0,0,0,0,0,0,0,0,0,79.308666229248,9.97948091529137,0,0,0,0,107.312242507935,7.52851753885096,86.9449584960937,7.59196486476837,29.9430304348089,55.0636931886064,11.1785509404141,63.4187297821045,40.9687156677246
0,0,0,0,0,0,0,0,0,0,0,0,0,0,0,0,29.4265434265137,14.2362925422953,35.8951657613119,0,0,4.9672514903217,3.05821512767247,0,0,13.9456357955933,0,0,0,0,0,0,0,0,0,0,0,6.46074882177549,42.5479135513306,0,0,0,0,0,0,65.5306854248047,0,33.0821049634148,0,7.57639270946693,0,0,0,0,0,0,0,0,0,0,0,0,0,0,0,57.2682113647461,4.83256594494623,56.4487075805664,8.1351135454796,0,6.83185264486704,0,0,0,0,0,0,0,0,0,7.13415944336887,46.8297883896601,5.32004282040337,3.30728732079876,39.8029767274857,0,0
0,0,0,80.4804763793945,0,0,0,0,0,0,0,0,0,0,0,0,0,0,0,0,0,0,4.24635922175384,0,4.51850095513749,0,2.95683844566345,0,3.9188376876007,0,0,0,0,0,0,0,0,37.7082702930157,7.32113600574164,0,0,0,0,0,0,0,0,23.7757702154272,0,43.1693820953369,0,0,0,0,0,0,0,0,0,0,0,0,0,0,57.2682113647461,0,0,4.72524783120933,0,0,53.8860244750977,2.86897959709167,0,0,0,0,0,0,0,0,42.7328161057972,9.67409645588443,4.86815118440342,4.84997721416194,40.1243446350098,0,0
0,3.03270609378815,0,0,0,0,0,0,0,4.98858141899109,0,0,0,0,0,0,54.9663314819336,17.3588767051697,33.4093004862467,0,0,7.06948118550437,0,3.55734666904307,0,4.25551848919665,0,0,0,0,0,0,0,0,0,0,0,7.13828639505487,0,56.1124801635742,0,53.7482109069824,0,0,0,0,59.7351684570312,0,0,5.22932247768749,0,0,0,0,0,4.34872059094704,0,0,0,0,0,5.74008254753916,0,0,4.83256594494623,0,0,0,8.68827751350864,0,7.6143420292781,0,0,0,0,0,0,0,55.6078910827637,0,10.0170651084748,0,14.3334655146445,0,5.19647035450165,0,0
0,0,0,0,0,0,0,0,14.0727871114557,0,0,0,0,0,0,0,0,0,0,0,0,0,7.23627673980244,0,3.59873975109933,0,0,0,0,0,0,0,0,0,31.9338652292887,0,0,37.8804550170898,6.38460386200111,0,0,0,0,0,0,0,0,16.9927742860028,13.6295612539564,41.0309209823608,0,0,0,0,7.44825117968949,0,0,0,0,0,0,0,0,0,56.4487075805664,4.72524783120933,0,0,0,0,0,0,0,0,0,70.5858383178711,0,33.9843188694545,0,0,46.3818083869086,7.37419428917078,7.26543121502317,0,13.550124652802,0,0
0,0,0,0,0,0,0,0,0,5.33136297407604,0,0,0,0,0,3.62705758832536,0,6.31204293171565,0,0,0,3.64975281821357,0,4.20845697197733,0,3.2301820548805,0,0,0,0,0,0,0,0,0,0,0,0,0,0,0,0,0,0,0,0,0,0,0,3.7952222896491,0,0,0,0,0,4.68687999248505,0,0,0,0,0,0,0,0,8.1351135454796,0,8.68827751350864,0,0,0,5.18500512524655,0,0,0,0,0,0,0,0,0,0,0,4.41198847691218,0,0,0,0
0,0,0,0,0,0,0,0,0,0,0,0,0,0,0,0,0,0,0,0,0,0,0,0,0,0,2.97896787282583,0,3.08452861361496,0,0,0,0,0,0,0,0,0,0,0,0,0,0,0,0,0,0,0,0,0,0,0,0,0,0,0,0,0,0,0,0,0,0,0,0,0,0,0,0,0,0,0,0,0,0,0,0,0,0,0,0,0,0,0,0,0,0
0,0,0,34.3977005004883,0,34.9279556274414,0,0,0,0,0,0,0,3.28604407310486,0,0,0,0,95.7986755371094,0,0,4.87813163300355,0,0,0,3.21159264491155,0,4.07404112290127,0,0,0,0,0,0,0,0,0,10.0643841425578,44.5655422210693,74.742244720459,0,32.1509253978729,61.0084190368652,0,0,50.6218566894531,0,32.0939826965332,0,6.1110181255617,0,0,0,0,0,0,0,6.78473376750946,0,2.82869057471936,0,0,17.8357156117757,0,6.83185264486704,53.8860244750977,7.6143420292781,0,5.18500512524655,0,0,0,0,0,0,0,0,0,0,0,5.94626050505019,43.9935080210368,5.60165501713122,3.53898075132659,27.682153565543,20.5830707550049,0
0,0,0,0,0,0,0,0,0,0,3.66896248900372,0,5.09527832886268,0,0,0,0,0,0,0,0,0,3.95177837780544,0,0,0,0,0,3.21625536525117,0,3.6645989626646,0,0,0,0,0,0,0,5.31033610261005,0,0,0,0,0,0,0,0,0,0,0,0,0,0,0,0,0,0,0,0,0,0,0,0,0,0,2.86897959709167,0,0,0,0,0,0,0,4.4475622177124,0,0,0,0,0,0,0,3.23644423484802,6.06585973501205,4.46799198577279,0,0,0
