0,0,0.164378577139642,0,0,0,0,0,0.151160969088475,0,0,0,0,0,0,0,0,0,0.271504696458578,0,0,0,0,0,0,0,0,0,0,0,0,0,0,0,0,0,0,0,0,0,0,0,0.337062907747076,0,0,0,0.351419051488241,0,0.160202447710366,0,0,0,0,0,0.17810640335083,0,0.260899305343628,0,0.265469051897526,0,0.165599068298059,0,0,0,0,0,0,0,0,0,0,0,0,0,0,0,0,0,0,0.420187503099442,0,0,0.29696446515265,0,0.254396459691122,0,0
0,0,0,0.243718176015786,0,0,0,0,0,0.147266507008166,0,0,0,0,0,0,0.299728473027547,0.322978523042467,0.291574323195621,0,0,0,0,0,0,0,0,0,0,0,0,0,0,0,0,0,0,0,0,0.359954833984375,0.335547029972076,0.32560911517384,0.27557784318924,0.313463032245636,0,0.396959295639625,0.343979611992836,0,0,0.212570619110654,0,0,0,0,0,0.170577303534847,0,0,0,0,0,0.203833386301994,0,0,0,0,0.238481104373932,0,0,0,0,0,0,0,0,0,0,0,0.355069804191589,0,0,0,0.217827834610669,0,0.295646459893747,0.300262272357941,0.271697908639908
0.164378577139642,0,0,0,0.147993698716164,0,0,0,0.153509035205641,0,0,0,0,0,0,0,0.290264715751012,0.291472375392914,0.263587806712497,0,0,0,0,0,0,0,0,0,0,0,0,0,0,0,0,0,0.280085545510818,0,0,0.293675363063812,0.272927399724722,0.268512308597565,0.286298545176873,0,0.283509515225887,0,0.31448391576608,0,0.261093423290308,0,0.194024130702019,0,0,0,0.156050940857658,0,0.252670429646969,0,0.198265542586644,0,0,0,0,0.291989055772622,0,0,0,0,0,0,0,0,0,0,0,0,0,0,0.316836014389992,0.2766215867148,0.326199144124985,0.265436977148056,0.249352032296798,0.272160524831099,0.222886653847387,0,0.272934822241465
0,0.243718176015786,0,0,0,0.182003367278311,0,0,0,0.118800071214349,0,0.294070273637772,0,0,0,0,0,0,0.283897544850003,0,0,0,0,0,0,0,0,0,0,0,0,0,0,0,0,0.258092808168988,0,0,0,0.247494458425336,0,0.295612948466193,0,0,0.257804080843925,0.283719917138418,0,0.304519400000572,0,0.259948478373763,0,0.230462370602877,0,0,0,0.157600153237581,0,0.26366816705941,0,0.253032778394732,0,0.209784136029581,0.310517080805518,0,0,0,0,0,0,0,0,0,0.320234522223473,0,0,0,0,0,0.274856644469922,0,0.308718314225023,0,0.239589428882374,0.245566620713189,0.269761388636383,0.266474660705118,0
0,0,0.147993698716164,0,0,0,0,0,0.122260950505733,0,0,0,0,0,0,0,0,0,0,0,0.187299571659082,0,0,0,0,0,0,0,0,0,0,0,0,0,0,0,0.204769354065259,0,0,0,0,0,0.253972669442495,0,0,0,0,0,0.236492297053337,0,0.193126678506218,0,0.183471292257309,0,0,0,0.226140722632408,0,0,0,0,0,0,0,0,0,0,0,0,0,0,0,0,0,0,0,0,0,0,0.195244488274229,0,0,0.182029993010637,0.16379383765161,0.219117988433157,0,0.267451912164688
0,0,0,0.182003367278311,0,0,0,0.173729911446571,0,0.218111185232798,0,0.179693769058611,0,0,0,0.20514555612825,0,0,0,0.182787951495912,0,0,0,0,0,0,0,0,0,0,0,0,0,0,0,0.213298243333082,0,0,0,0.334276139736176,0,0.225113324820995,0,0,0,0,0,0,0,0,0,0.18276197393512,0,0,0,0,0,0.251880291849375,0,0,0,0,0.168380983173847,0,0,0,0,0,0,0,0,0,0,0,0,0,0,0,0.213778882869519,0,0.239361025393009,0,0.177654986821972,0.165158907989128,0.194372468168222,0,0
0,0,0,0,0,0,0,0,0,0,0,0,0,0,0,0,0,0,0,0,0.147184796631336,0,0,0,0,0,0,0,0,0,0,0,0,0,0,0,0,0,0,0,0,0,0,0,0,0,0,0,0,0,0,0,0.169136384307449,0,0,0,0.139851933786635,0,0,0,0,0,0,0,0,0,0,0,0,0,0,0,0,0,0,0,0,0,0,0,0,0,0.214567940792388,0.19460945725441,0,0,0
0,0,0,0,0,0.173729911446571,0,0,0,0,0,0,0,0.200560033321381,0,0,0,0,0,0,0,0,0,0,0,0,0,0,0,0,0,0,0,0,0,0.188143362601598,0,0,0,0,0,0,0,0,0,0,0,0,0,0,0,0.197688912351926,0,0.16967422749315,0,0,0,0.297821320593357,0,0.195620054006577,0,0,0,0,0,0,0,0,0,0,0,0,0,0,0,0,0,0,0,0,0,0,0.182313088575999,0,0,0,0
0.151160969088475,0,0.153509035205641,0,0.122260950505733,0,0,0,0,0,0,0,0,0,0.189669601905804,0,0.193999341013385,0.209885676701864,0.20685395039618,0,0.177354872226715,0,0,0,0.218974218836852,0,0.110499562961715,0,0,0,0,0,0,0,0.194747060537338,0,0.198444691300392,0,0.209010237111495,0,0.267738871276379,0,0.164761821811016,0,0,0,0.336026906967163,0,0.197932653269678,0,0,0,0,0,0.245925271235677,0,0,0,0,0,0.161872926888601,0,0,0.20326341688633,0,0,0,0,0,0.171609774231911,0,0,0,0,0,0,0,0,0,0.275358155369759,0,0.29208766337898,0.179808511015902,0.188098182970727,0.176431034880182,0,0
0,0.147266507008166,0,0.118800071214349,0,0.218111185232798,0,0,0,0,0,0,0,0,0,0.24292621621401,0,0,0.277273178100586,0,0,0,0,0.208747471506531,0,0,0,0,0,0,0,0,0,0.248846147999619,0,0,0,0.202992438168833,0,0,0,0.237187320599332,0,0,0,0,0,0.189280590415001,0,0.276909227482975,0,0.233178943395615,0,0,0,0.260764459466316,0,0.226442292332649,0,0,0,0.265600777446077,0,0,0,0,0.271710142041698,0,0,0,0,0,0.259630739688873,0,0,0,0,0,0.287813872098923,0,0.259704247301007,0,0.202836140897602,0.233911766636151,0.247666430214177,0,0
0,0,0,0,0,0,0,0,0,0,0,0,0.141267096767059,0,0,0,0,0,0,0,0.131665402482081,0,0,0,0,0,0,0,0,0,0,0,0,0,0,0,0.141319549164257,0,0.147992644968786,0,0,0,0,0,0,0,0,0,0,0,0,0,0.196527809356198,0,0,0,0.236254595496036,0,0.15207175248199,0,0,0,0,0.188250036159558,0,0,0,0,0,0,0,0,0,0.246387393110328,0,0,0,0,0,0.132374659180641,0,0,0.128133604427179,0.181844441592693,0.302727067470551,0,0
0,0,0,0.294070273637772,0,0.179693769058611,0,0,0,0,0,0,0,0.151011466213635,0,0,0,0,0,0.129593887761848,0,0,0,0,0,0,0,0.121585701406002,0,0.257772436986367,0,0,0,0,0,0.158776141501762,0,0.158721714158895,0,0,0,0,0,0,0,0,0,0,0,0,0,0.236097097396851,0,0,0,0,0,0.212749748472523,0,0.172991504333913,0,0,0.162003976189428,0,0,0,0,0,0,0,0,0,0.229139354698446,0,0,0,0,0,0.267614836494128,0,0.15874520497771,0,0.162965764004139,0.224031031131744,0.260882192536404,0,0
0,0,0,0,0,0,0,0,0,0,0.141267096767059,0,0,0,0,0,0,0,0,0,0,0,0,0,0,0,0,0,0,0,0,0,0,0,0,0,0,0,0,0,0,0,0,0,0,0,0,0,0,0,0,0,0,0,0,0,0,0,0,0,0,0,0,0,0,0,0,0,0,0,0,0,0,0,0,0,0,0,0,0,0,0,0.191390773902337,0.30662328004837,0,0,0
0,0,0,0,0,0,0,0.200560033321381,0,0,0,0.151011466213635,0,0,0,0,0,0,0,0,0,0,0,0,0,0,0,0,0,0,0,0,0,0,0,0,0,0,0,0,0,0,0,0,0,0,0,0,0,0,0,0,0,0.202383985122045,0,0,0,0.203705286202223,0,0.16188813465052,0,0,0,0,0,0,0,0,0,0,0,0,0,0,0,0,0,0,0,0,0,0,0.117046360027146,0.155394926667213,0,0,0
0,0,0,0,0,0,0,0,0.189669601905804,0,0,0,0,0,0,0,0.146040999138628,0.16006151586771,0.206993013620377,0,0,0,0,0,0.158517494797707,0,0.14790712084089,0,0.145878588159879,0,0,0,0,0,0,0,0,0,0,0,0,0,0,0,0,0,0,0,0,0,0,0,0,0,0.241936670808957,0,0,0,0.199193432927132,0,0.166405723563262,0,0,0,0,0,0,0,0,0.159673228859901,0,0,0,0,0,0,0,0,0,0,0,0,0.153671280759845,0.170416438952088,0,0,0
0,0,0,0,0,0.20514555612825,0,0,0,0.24292621621401,0,0,0,0,0,0,0,0,0,0,0,0,0,0,0,0,0,0,0,0,0,0,0,0,0,0,0,0.242800056934357,0,0,0,0,0,0,0,0,0,0,0,0,0,0.222421745459239,0,0,0,0.250607480543741,0,0,0,0,0,0,0,0,0,0,0.255575905243556,0,0,0,0,0,0,0,0,0,0,0,0,0,0,0,0.193261961918324,0.214930560439825,0.254475977271795,0,0
0,0.299728473027547,0.290264715751012,0,0,0,0,0,0.193999341013385,0,0,0,0,0,0.146040999138628,0,0,0.200573888377181,0.303935827003746,0,0,0,0.157723066325371,0,0.165393657038384,0.135098695755005,0.145727190291918,0,0.127017647773027,0,0,0,0,0,0,0.323834935824076,0.29146733880043,0,0,0.29254050552845,0.311869922463454,0.275314690401921,0.252712043100282,0.269442637761434,0.273677685804534,0.325254163146019,0.319510666223673,0,0.314596951007843,0,0,0,0,0,0.205078519880772,0,0.300876975059509,0.303406566381454,0,0,0.177529937587678,0,0.298658686024802,0.310385864008875,0,0,0,0.142852392047644,0,0.154664934412218,0,0,0.31334525346756,0,0,0,0,0,0.308125258386135,0.316094529090656,0.314497048656146,0.323421001434326,0.221703732850746,0.169650396918061,0.303825001888381,0.248822856890528,0.251682426454951
0,0.322978523042467,0.291472375392914,0,0,0,0,0,0.209885676701864,0,0,0,0,0,0.16006151586771,0,0.200573888377181,0,0.294052880631908,0,0,0,0.145088195800781,0,0.172111976146698,0.152893495674317,0.16671039477775,0,0,0,0,0,0,0,0,0.260628182973181,0,0,0,0.29039498211609,0.311579308928327,0.263259310769824,0.262418307040049,0.278700803455554,0.267554211797136,0.312115433697517,0.311922979851564,0,0,0.295339673757553,0,0,0,0,0.187937244772911,0,0.293708195288976,0.312636236349742,0,0,0,0,0.30144471966702,0.291920149326324,0,0,0,0,0,0.185858899727464,0,0,0,0,0,0,0,0,0.304394291820882,0.307001168174403,0.341203008379255,0.287236213684082,0.197079157585142,0.199270599814709,0.293463417909284,0.26059739452142,0.262872137567576
0.271504696458578,0.291574323195621,0.263587806712497,0.283897544850003,0,0,0,0,0.20685395039618,0.277273178100586,0,0,0,0,0.206993013620377,0,0.303935827003746,0.294052880631908,0,0,0,0,0.198937624692917,0,0.205303572118282,0,0.273900243639946,0,0,0,0,0,0,0,0,0.286955213088256,0.246836446225643,0,0,0.350516567944117,0.317150081484272,0.262747199713187,0.220246067721446,0.287828791373189,0.262550334212276,0.381574382223814,0.344293740860232,0,0.231644496321678,0.281588609516621,0,0,0,0,0,0,0.305293062799855,0.395821429240076,0.283087283372879,0,0,0,0.315023098047489,0.319891408586235,0,0,0,0,0,0.233355589210987,0,0,0.405998692700737,0.363725543022156,0,0,0,0,0.332731048307753,0.325284609728784,0.446687647413866,0.348649893488203,0.249174791034613,0.240867858423906,0.352734240160122,0.225060531326607,0.214955237989474
0,0,0,0,0,0.182787951495912,0,0,0,0,0,0.129593887761848,0,0,0,0,0,0,0,0,0,0,0,0,0,0,0,0,0,0,0,0,0,0,0,0.169237613346104,0,0.140504617440073,0,0,0,0,0,0,0,0,0,0,0,0,0,0,0,0,0,0,0,0.388895273208618,0,0,0,0,0.199202150788841,0,0,0,0,0,0,0,0,0,0.284088730812073,0,0,0,0,0,0.230545709991645,0,0.254134009810204,0,0.15298777113066,0.210695400834084,0.346888362184951,0,0
0,0,0,0,0.187299571659082,0,0.147184796631336,0,0.177354872226715,0,0.131665402482081,0,0,0,0,0,0,0,0,0,0,0,0,0,0,0,0,0,0,0,0,0,0,0,0,0,0.193205156035444,0,0.0941401549748012,0,0,0,0,0,0,0,0.246582979957263,0,0.189403936266899,0,0.258919670778369,0,0,0,0,0,0.17485870498543,0,0.306225284934044,0,0,0,0,0.223481229239223,0,0,0,0,0,0,0,0,0,0,0,0,0,0,0,0.226972173635207,0,0.253893022735914,0.163109691644257,0,0.310848632684121,0,0
0,0,0,0,0,0,0,0,0,0,0,0,0,0,0,0,0,0,0,0,0,0,0.115629900956438,0.162710807433254,0,0,0,0.120324870150897,0,0,0,0,0,0,0,0,0,0.200473517295002,0.125962503254414,0,0,0,0,0,0,0,0,0,0,0,0,0,0,0,0,0,0,0,0,0,0,0,0,0,0.21021895984562,0,0.162129392708415,0,0,0,0.162265961865584,0,0,0,0,0,0,0,0,0,0.227881903826939,0,0.150361555445616,0.123054988512939,0,0,0
0,0,0,0,0,0,0,0,0,0,0,0,0,0,0,0,0.157723066325371,0.145088195800781,0.198937624692917,0,0,0.115629900956438,0,0,0.156602161936462,0,0,0,0,0,0,0,0,0,0,0,0,0.123093284666538,0.185266518479456,0,0,0,0,0,0,0,0,0,0.259040303528309,0,0,0,0,0,0,0,0,0,0,0,0,0,0,0,0,0.204243959990088,0,0,0,0,0,0.130477177600066,0,0,0,0,0,0,0,0,0,0.220607155889627,0.136537676811672,0.144329607486725,0,0,0
0,0,0,0,0,0,0,0,0,0.208747471506531,0,0,0,0,0,0,0,0,0,0,0,0.162710807433254,0,0,0,0.149964395753095,0,0,0,0,0,0,0,0,0,0,0,0.178795560630592,0,0,0,0,0,0,0,0,0,0,0,0.244407630392483,0,0,0,0,0,0.254548458382487,0,0,0,0,0,0,0,0,0.192358338923165,0,0.232415532952623,0,0.158349514007568,0,0,0,0,0,0,0,0,0,0,0,0.25681968869773,0,0.165226580722937,0,0.239122526299569,0,0
0,0,0,0,0,0,0,0,0.218974218836852,0,0,0,0,0,0.158517494797707,0,0.165393657038384,0.172111976146698,0.205303572118282,0,0,0,0.156602161936462,0,0,0,0.178294373055299,0,0,0,0,0,0,0,0,0,0,0,0.196163030305447,0,0,0,0.238705969105164,0,0,0,0,0,0.296993981297894,0,0,0,0,0,0.245190603228716,0,0,0,0,0,0,0,0,0,0,0.221774560213089,0,0.22211984710037,0,0.170198100308577,0,0,0,0,0,0,0,0,0,0,0,0.234417260356286,0.172761120263813,0.201459549367428,0.264479761943221,0,0
0,0,0,0,0,0,0,0,0,0,0,0,0,0,0,0,0.135098695755005,0.152893495674317,0,0,0,0,0,0.149964395753095,0,0,0,0.168690536171198,0,0,0,0,0,0,0,0,0,0,0,0,0,0,0,0,0,0,0,0,0,0,0,0,0,0,0,0,0,0,0,0,0,0,0,0,0.166352674365044,0,0.153816502541304,0,0.219890728102703,0,0.215132215619087,0,0,0,0,0,0,0,0,0,0,0,0.152310948286738,0,0,0,0
0,0,0,0,0,0,0,0,0.110499562961715,0,0,0,0,0,0.14790712084089,0,0.145727190291918,0.16671039477775,0.273900243639946,0,0,0,0,0,0.178294373055299,0,0,0,0,0,0,0,0,0,0,0,0,0,0,0,0,0,0,0,0,0,0,0,0,0,0,0,0,0,0,0,0,0,0,0,0,0,0,0,0,0,0,0.147960796952248,0,0,0,0,0,0,0,0,0,0,0,0,0,0,0.155132281100925,0.161621019244194,0,0,0
0,0,0,0,0,0,0,0,0,0,0,0.121585701406002,0,0,0,0,0,0,0,0,0,0.120324870150897,0,0,0,0.168690536171198,0,0,0,0.117000428438187,0,0,0,0,0,0,0,0.111640908178829,0,0,0,0,0,0,0,0,0,0,0,0,0,0,0,0,0,0,0,0.119504303417423,0,0,0,0,0,0,0.185944460332394,0,0,0,0.144202574937031,0,0.143913576261954,0,0,0,0,0,0,0,0,0,0,0,0.113870846107602,0,0,0,0
0,0,0,0,0,0,0,0,0,0,0,0,0,0,0.145878588159879,0,0.127017647773027,0,0,0,0,0,0,0,0,0,0,0,0,0,0.139719176698815,0,0,0,0,0,0,0,0.136885388029946,0,0,0,0,0,0,0,0,0,0,0,0,0,0,0,0,0,0,0,0,0,0,0,0,0,0,0,0,0,0,0,0,0.162928784337208,0,0.140399287853922,0,0,0,0,0,0,0,0.132769465446472,0.133362574236734,0,0,0,0
0,0,0,0,0,0,0,0,0,0,0,0.257772436986367,0,0,0,0,0,0,0,0,0,0,0,0,0,0,0,0.117000428438187,0,0,0,0,0,0,0,0,0,0.213835849820203,0,0,0,0,0,0,0,0,0,0,0,0,0,0,0,0,0,0,0,0.211912376540048,0,0,0,0,0,0,0,0,0,0,0,0,0.114367956700532,0,0.199094387920374,0,0,0,0,0,0,0,0.175698375063283,0,0.158632808457349,0,0,0,0
0,0,0,0,0,0,0,0,0,0,0,0,0,0,0,0,0,0,0,0,0,0,0,0,0,0,0,0,0.139719176698815,0,0,0,0,0,0,0,0,0,0.220525953918695,0,0,0,0,0,0,0,0,0,0,0,0,0,0,0,0,0,0,0,0,0,0,0,0,0,0,0,0,0,0,0,0,0,0,0.271652574524955,0,0,0,0,0,0,0,0,0.156894482175509,0,0,0,0
0,0,0,0,0,0,0,0,0,0,0,0,0,0,0,0,0,0,0,0,0,0,0,0,0,0,0,0,0,0,0,0,0.121923754281468,0.289651904071941,0,0.136922887635308,0,0,0,0,0,0,0,0,0,0,0,0.328143041253589,0,0.466171781222026,0,0,0,0,0,0,0,0,0,0,0,0,0,0,0,0,0,0,0,0,0,0,0,0,0.215340001682364,0.145454973639811,0.240582358608555,0,0.256480517306111,0,0,0,0.155006901059352,0,0,0,0
0,0,0,0,0,0,0,0,0,0,0,0,0,0,0,0,0,0,0,0,0,0,0,0,0,0,0,0,0,0,0,0.121923754281468,0,0.199698273837566,0.211050707527569,0,0.17553790363443,0,0,0,0,0,0,0,0,0,0,0.252987831883633,0,0,0,0,0,0,0,0,0,0,0,0,0,0,0,0,0,0,0,0,0,0,0,0,0,0,0.16031183488667,0.255679631647391,0.218492016196251,0.206145402292411,0,0.200992026759519,0,0,0.176836117581277,0,0,0,0
0,0,0,0,0,0,0,0,0,0.248846147999619,0,0,0,0,0,0,0,0,0,0,0,0,0,0,0,0,0,0,0,0,0,0.289651904071941,0.199698273837566,0,0.174757154859078,0.178404302090064,0,0.285483438718521,0,0,0,0,0.436066418886185,0,0,0,0,0.276570535753338,0.380533874034882,0,0,0,0,0,0,0.267888804276784,0,0,0,0,0,0,0,0,0,0,0,0,0,0,0,0,0,0,0.283635368527368,0.246587651280256,0.221668134934342,0.181020597665055,0.193786729810506,0,0.347628252814478,0,0.237975151604646,0.184352693813188,0.325196593999863,0,0
0,0,0,0,0,0,0,0,0.194747060537338,0,0,0,0,0,0,0,0,0,0,0,0,0,0,0,0,0,0,0,0,0,0,0,0.211050707527569,0.174757154859078,0,0,0.177478289898531,0.148882403969765,0.199378541279847,0,0,0,0,0,0,0,0,0.330784678797628,0,0,0,0,0,0,0,0,0,0,0,0,0,0,0,0,0,0,0,0,0,0,0,0,0,0,0,0.260001187141125,0.185803960360911,0.228607290506219,0,0.171725849101418,0,0.446316307571726,0.189682209556051,0,0.327253147959709,0,0
0,0,0,0.258092808168988,0,0.213298243333082,0,0.188143362601598,0,0,0,0.158776141501762,0,0,0,0,0.323834935824076,0.260628182973181,0.286955213088256,0.169237613346104,0,0,0,0,0,0,0,0,0,0,0,0.136922887635308,0,0.178404302090064,0,0,0.135063533513592,0.187875909002757,0,0.262328267097473,0,0.267178813147443,0,0.333514428138733,0,0.270964854322052,0.284714907407761,0,0,0.267339375283983,0,0.225957150260607,0,0,0,0,0,0.208303689956665,0,0.228060759603977,0,0.242476254701614,0.208257856551649,0,0,0,0,0,0,0,0,0,0.246188640594482,0,0.145825830304764,0,0.192777898723554,0,0.238521077728565,0.174128522927111,0.211646706029352,0,0.183493836376362,0.172574392773888,0.256230410009908,0.279380483286721,0
0,0,0.280085545510818,0,0.204769354065259,0,0,0,0.198444691300392,0,0.141319549164257,0,0,0,0,0,0.29146733880043,0,0.246836446225643,0,0.193205156035444,0,0,0,0,0,0,0,0,0,0,0,0.17553790363443,0,0.177478289898531,0.135063533513592,0,0,0.18724758805577,0,0.270359318880808,0,0.288842778120722,0,0.327025532722473,0,0.229833301018786,0,0.202224888120379,0,0.228604656954606,0,0,0,0.234982778628667,0,0.26289422981476,0,0.277812138199806,0,0,0,0,0.244745539942968,0,0,0,0,0,0,0,0,0,0,0,0.191934393624128,0,0.162363290786743,0.12710171915365,0.219898399736526,0,0.204196461551898,0.166350446651817,0.197419746502026,0.273817874694412,0,0.29305924475193
0,0,0,0,0,0,0,0,0,0.202992438168833,0,0.158721714158895,0,0,0,0.242800056934357,0,0,0,0.140504617440073,0,0.200473517295002,0.123093284666538,0.178795560630592,0,0,0,0.111640908178829,0,0.213835849820203,0,0,0,0.285483438718521,0.148882403969765,0.187875909002757,0,0,0.151115911851327,0,0,0,0,0,0,0.264900982379913,0,0.34451184038804,0,0.402439929060335,0,0,0,0,0,0.23982981130755,0,0.22412523257187,0,0,0,0,0.240093869845504,0,0.242853575820074,0,0.28013396882609,0,0,0,0.220515504479408,0,0.242469935489246,0,0,0,0.302845947444439,0,0.229114738021993,0,0.249103141854271,0.13997960537672,0.18895404764175,0.189956541447078,0.264435859039576,0,0
0,0,0,0,0,0,0,0,0.209010237111495,0,0.147992644968786,0,0,0,0,0,0,0,0,0,0.0941401549748012,0.125962503254414,0.185266518479456,0,0.196163030305447,0,0,0,0.136885388029946,0,0.220525953918695,0,0,0,0.199378541279847,0,0.18724758805577,0.151115911851327,0,0,0,0,0.256336073080699,0,0,0,0,0.488027506901158,0.449024655497991,0,0,0,0,0,0.269502821719386,0,0,0,0,0,0,0,0,0,0,0.331550567876548,0,0.315126315516941,0,0,0,0,0,0.262361668050289,0,0,0,0.221843649250896,0,0.156856192660346,0.171584345724272,0.253837360400498,0.181911787009596,0.240860338012377,0.373889319786821,0,0
0,0.359954833984375,0.293675363063812,0.247494458425336,0,0.334276139736176,0,0,0,0,0,0,0,0,0,0,0.29254050552845,0.29039498211609,0.350516567944117,0,0,0,0,0,0,0,0,0,0,0,0,0,0,0,0,0.262328267097473,0,0,0,0,0.285189107060432,0.29035294265984,0.264120311421507,0.425199593901634,0.277065766354402,0.36074484064675,0.311070837612663,0,0,0.221890159343418,0,0.235190853476524,0,0,0,0.225407809019089,0.296412348747253,0.298066026785157,0,0,0,0.26009801030159,0.231463632266211,0.297997246185939,0,0,0,0,0,0,0,0,0.279749937355518,0,0,0,0,0,0.277944127489862,0.312369421952301,0.295752502585712,0,0.274698488591682,0.312060624361038,0.311146062049037,0.317591340120147,0.233425669372082
0,0.335547029972076,0.272927399724722,0,0,0,0,0,0.267738871276379,0,0,0,0,0,0,0,0.311869922463454,0.311579308928327,0.317150081484272,0,0,0,0,0,0,0,0,0,0,0,0,0,0,0,0,0,0.270359318880808,0,0,0.285189107060432,0,0.262928826541736,0.279161533149466,0.29943388913359,0.409608849590806,0.313038821731295,0.352140035566895,0.361969441175461,0.226542156313856,0.305044740438461,0.257583171129227,0,0,0,0.231142237782478,0,0.281888874433935,0,0.365955829620361,0,0,0,0.309665590524673,0.313572122255961,0,0,0,0,0,0.28381834179163,0,0,0.317942559719086,0.34647524356842,0,0,0,0,0.298354033297963,0.284071990099675,0.323825806379318,0.293684586882591,0.318489403113142,0.309991843998432,0.375382801902922,0.272019113813128,0.303710622660488
0,0.32560911517384,0.268512308597565,0.295612948466193,0,0.225113324820995,0,0,0,0.237187320599332,0,0,0,0,0,0,0.275314690401921,0.263259310769824,0.262747199713187,0,0,0,0,0,0,0,0,0,0,0,0,0,0,0,0,0.267178813147443,0,0,0,0.29035294265984,0.262928826541736,0,0.257267241033248,0.311173009417825,0.24130200445652,0.288036499899697,0.27546186034496,0.407137484351794,0.406060221948122,0.324577444171818,0,0.254578201472759,0,0,0,0.273847736810383,0.29179447889328,0.33995049148798,0,0.230122610926628,0,0.276403261224429,0.306623400386219,0.284897688776255,0,0,0,0,0,0,0,0,0.332254801988602,0,0,0,0,0.452511180192232,0.287146753986229,0.276259713563599,0.396311306795537,0,0.275832135998682,0.286201168661532,0.293993380314952,0.235134311906311,0.229249014095827
0.337062907747076,0.27557784318924,0.286298545176873,0,0.253972669442495,0,0,0,0.164761821811016,0,0,0,0,0,0,0,0.252712043100282,0.262418307040049,0.220246067721446,0,0,0,0,0,0.238705969105164,0,0,0,0,0,0,0,0,0.436066418886185,0,0,0.288842778120722,0,0.256336073080699,0.264120311421507,0.279161533149466,0.257267241033248,0,0.229704171419144,0.237853832891054,0.258405793097711,0.243066132815848,0.397430997628432,0.324814881126359,0.352218170960744,0.264672262328012,0,0,0,0.255617700517178,0,0.312949431461037,0.288499861955643,0.311400615012468,0,0,0,0.272968187100357,0.296967476461698,0,0,0,0.246330946683884,0,0.197406888008118,0,0,0,0.326656023661296,0,0,0,0.409123453226956,0.275432629869619,0.277885321521797,0.294569551944733,0.382741761207581,0.313592288030782,0.267482205231984,0.279813539135863,0.20819803371149,0.227856966598688
0,0.313463032245636,0,0,0,0,0,0,0,0,0,0,0,0,0,0,0.269442637761434,0.278700803455554,0.287828791373189,0,0,0,0,0,0,0,0,0,0,0,0,0,0,0,0,0.333514428138733,0,0,0,0.425199593901634,0.29943388913359,0.311173009417825,0.229704171419144,0,0.24306172463629,0.415366600666727,0.290292846038938,0,0,0,0,0,0,0,0,0.259020417928696,0,0.308759689331055,0,0,0,0,0.350451780991121,0.301275541385015,0,0,0,0,0,0,0,0,0.472687900066376,0,0,0,0,0,0.407138222828507,0.293287507692973,0.493021769298089,0,0.272531609733899,0,0.427640422446686,0.301269067560925,0.247515413910151
0,0,0.283509515225887,0.257804080843925,0,0,0,0,0,0,0,0,0,0,0,0,0.273677685804534,0.267554211797136,0.262550334212276,0,0,0,0,0,0,0,0,0,0,0,0,0,0,0,0,0,0.327025532722473,0,0,0.277065766354402,0.409608849590806,0.24130200445652,0.237853832891054,0.24306172463629,0,0.296984864132745,0.417394755747583,0,0,0.233068630099297,0.249305322766304,0,0,0,0,0,0.313854657113552,0,0,0,0,0,0.295418238639832,0.350962483939135,0,0,0,0,0,0,0,0,0.315123558044434,0.410706162452698,0,0,0,0,0.286317440015929,0.389175354004459,0.316106498241425,0.454915535449982,0.274498899635814,0,0.368029691443689,0.248159950971603,0.235498559200901
0,0.396959295639625,0,0.283719917138418,0,0,0,0,0,0,0,0,0,0,0,0,0.325254163146019,0.312115433697517,0.381574382223814,0,0,0,0,0,0,0,0,0,0,0,0,0,0,0,0,0.270964854322052,0,0.264900982379913,0,0.36074484064675,0.313038821731295,0.288036499899697,0.258405793097711,0.415366600666727,0.296984864132745,0,0.315521328373158,0,0,0.269273008665313,0.277601599693298,0.219824783504009,0,0,0,0,0,0.311847593838518,0,0,0,0.225811183452606,0.265367554477266,0.307933398655483,0,0,0,0,0,0,0,0,0.327851681651608,0,0,0,0,0,0.292621550361352,0.31126603782177,0.336725672802689,0,0.292153755343089,0.298871618178156,0.360689034402198,0.274248203635216,0.268243721553258
0.351419051488241,0.343979611992836,0.31448391576608,0,0,0,0,0,0.336026906967163,0,0,0,0,0,0,0,0.319510666223673,0.311922979851564,0.344293740860232,0,0.246582979957263,0,0,0,0,0,0,0,0,0,0,0,0,0,0,0.284714907407761,0.229833301018786,0,0,0.311070837612663,0.352140035566895,0.27546186034496,0.243066132815848,0.290292846038938,0.417394755747583,0.315521328373158,0,0,0.273820197870654,0.283847960829735,0,0,0,0,0,0,0.30132057338953,0.360081076622009,0,0,0,0,0.311169334433296,0.320154517661717,0,0,0,0,0,0,0,0,0,0.310678340494633,0,0,0,0,0.311365288992723,0.325032321709807,0.352652072906494,0.329631478819129,0.336533758322579,0.318126978243099,0.332744055434229,0.290167039632797,0.222431771303045
0,0,0,0.304519400000572,0,0,0,0,0,0.189280590415001,0,0,0,0,0,0,0,0,0,0,0,0,0,0,0,0,0,0,0,0,0,0.328143041253589,0.252987831883633,0.276570535753338,0.330784678797628,0,0,0.34451184038804,0.488027506901158,0,0.361969441175461,0.407137484351794,0.397430997628432,0,0,0,0,0,0.449895544034646,0.439798444528392,0,0,0,0,0,0,0.273528307676315,0.330746561288834,0,0,0,0,0,0,0,0,0.267727702856064,0,0,0,0,0,0,0,0.351128522303835,0.385151655015466,0.310108461788952,0.407348640078843,0.348325130760029,0.300615011307658,0.394087519417317,0.490306109825582,0.508477386700309,0.296962686181068,0.394967393885862,0,0
0.160202447710366,0,0.261093423290308,0,0.236492297053337,0,0,0,0.197932653269678,0,0,0,0,0,0,0,0.314596951007843,0,0.231644496321678,0,0.189403936266899,0,0.259040303528309,0,0.296993981297894,0,0,0,0,0,0,0,0,0.380533874034882,0,0,0.202224888120379,0,0.449024655497991,0,0.226542156313856,0.406060221948122,0.324814881126359,0,0,0,0.273820197870654,0.449895544034646,0,0.403978072382786,0.229823067784309,0,0,0,0.185579894908837,0,0.264441515415164,0,0.218070566654205,0,0.192969270050526,0,0,0.277545154094696,0,0.255520926741174,0,0.29688602751257,0,0,0,0,0,0.300778431817889,0,0.455247147215737,0,0,0,0.268231991678476,0,0.377388826566179,0.396375720401223,0.255467552319169,0.334546794371675,0,0.298387570513619
0,0.212570619110654,0,0.259948478373763,0,0,0,0,0,0.276909227482975,0,0,0,0,0,0,0,0.295339673757553,0.281588609516621,0,0,0,0,0.244407630392483,0,0,0,0,0,0,0,0.466171781222026,0,0,0,0.267339375283983,0,0.402439929060335,0,0.221890159343418,0.305044740438461,0.324577444171818,0.352218170960744,0,0.233068630099297,0.269273008665313,0.283847960829735,0.439798444528392,0.403978072382786,0,0,0.26513600597779,0,0,0,0.231466934084892,0.279290705919266,0.30178095014007,0,0.269228359063466,0,0.270069533959031,0.281718803445498,0,0.227993704492354,0,0.250101053155959,0,0.181875889499982,0,0.228992571953743,0,0.295693924029668,0,0.473903851849692,0.469665706157684,0.412354946136475,0,0.322396174916681,0.317800730466843,0.403939655988381,0.442000269889832,0.369236214843471,0.261108687921856,0.298704975797995,0.291893002390862,0
0,0,0.194024130702019,0,0.193126678506218,0,0,0,0,0,0,0,0,0,0,0,0,0,0,0,0.258919670778369,0,0,0,0,0,0,0,0,0,0,0,0,0,0,0,0.228604656954606,0,0,0,0.257583171129227,0,0.264672262328012,0,0.249305322766304,0.277601599693298,0,0,0.229823067784309,0,0,0,0,0,0,0,0.276251630761005,0,0.286521404981613,0,0,0,0,0.301544191752687,0,0,0,0,0,0,0,0,0,0,0,0,0,0,0,0.251763995736837,0,0,0.171483416186304,0,0.302690225026824,0,0
0,0,0,0.230462370602877,0,0.18276197393512,0,0.197688912351926,0,0.233178943395615,0,0.236097097396851,0,0,0,0.222421745459239,0,0,0,0,0,0,0,0,0,0,0,0,0,0,0,0,0,0,0,0.225957150260607,0,0,0,0.235190853476524,0,0.254578201472759,0,0,0,0.219824783504009,0,0,0,0.26513600597779,0,0,0,0,0,0,0,0.293867969512939,0,0,0,0,0.27768736332655,0,0,0,0,0,0,0,0,0,0.287682741880417,0,0,0,0,0,0.234383735650529,0,0.294515269994736,0,0.188745754460494,0.169817747040228,0.233688424377983,0,0
0,0,0,0,0.183471292257309,0,0.169136384307449,0,0,0,0.196527809356198,0,0,0,0,0,0,0,0,0,0,0,0,0,0,0,0,0,0,0,0,0,0,0,0,0,0,0,0,0,0,0,0,0,0,0,0,0,0,0,0,0,0,0,0,0,0.210261901893185,0,0,0,0,0,0,0,0,0,0,0,0,0,0,0,0,0,0,0,0,0,0,0,0,0,0.188944664895535,0.152952611446381,0,0,0
0,0,0,0,0,0,0,0.16967422749315,0,0,0,0,0,0.202383985122045,0,0,0,0,0,0,0,0,0,0,0,0,0,0,0,0,0,0,0,0,0,0,0,0,0,0,0,0,0,0,0,0,0,0,0,0,0,0,0,0,0,0,0,0.296777622057841,0,0.19355408847332,0,0,0,0,0,0,0,0,0,0,0,0,0,0,0,0,0,0,0,0,0,0,0.153071150183678,0,0,0,0
0.17810640335083,0,0.156050940857658,0,0,0,0,0,0.245925271235677,0,0,0,0,0,0.241936670808957,0,0.205078519880772,0.187937244772911,0,0,0,0,0,0,0.245190603228716,0,0,0,0,0,0,0,0,0,0,0,0.234982778628667,0,0.269502821719386,0,0.231142237782478,0,0.255617700517178,0,0,0,0,0,0.185579894908837,0,0,0,0,0,0,0,0.218605421483517,0,0,0,0.17848563873977,0,0,0.21463517844677,0,0,0,0.227774547785521,0,0,0,0,0,0,0,0,0,0,0,0.212602818012238,0,0.305939383214653,0.235013362329468,0,0.220140913694069,0,0
0,0.170577303534847,0,0.157600153237581,0,0,0,0,0,0.260764459466316,0,0,0,0,0,0.250607480543741,0,0,0,0,0,0,0,0.254548458382487,0,0,0,0,0,0,0,0,0,0.267888804276784,0,0,0,0.23982981130755,0,0.225407809019089,0,0.273847736810383,0,0.259020417928696,0,0,0,0,0,0.231466934084892,0,0,0,0,0,0,0,0.304759830236435,0,0,0,0.256718162130686,0,0,0,0,0.269649366958667,0,0,0,0,0,0,0,0,0,0,0,0,0,0.331593833225114,0,0.190590140051567,0,0.235015554024893,0,0
0.260899305343628,0,0.252670429646969,0,0.226140722632408,0,0.139851933786635,0,0,0,0.236254595496036,0,0,0,0,0,0.300876975059509,0.293708195288976,0.305293062799855,0,0.17485870498543,0,0,0,0,0,0,0,0,0,0,0,0,0,0,0,0.26289422981476,0,0,0.296412348747253,0.281888874433935,0.29179447889328,0.312949431461037,0,0.313854657113552,0,0.30132057338953,0.273528307676315,0.264441515415164,0.279290705919266,0.276251630761005,0,0.210261901893185,0,0.218605421483517,0,0,0,0.229554344680818,0,0,0,0.297424038251241,0.311643951959263,0,0,0,0,0,0,0,0,0,0.359887242217859,0,0,0,0,0.298850417137146,0.292350730482844,0,0,0.278156829742007,0.24331213782231,0.284212281829806,0.27934704720974,0.321197191511628
0,0,0,0.26366816705941,0,0.251880291849375,0,0.297821320593357,0,0.226442292332649,0,0.212749748472523,0,0.203705286202223,0,0,0.303406566381454,0.312636236349742,0.395821429240076,0.388895273208618,0,0,0,0,0,0,0,0.119504303417423,0,0.211912376540048,0,0,0,0,0,0.208303689956665,0,0.22412523257187,0,0.298066026785157,0,0.33995049148798,0.288499861955643,0.308759689331055,0,0.311847593838518,0.360081076622009,0.330746561288834,0,0.30178095014007,0,0.293867969512939,0,0.296777622057841,0,0.304759830236435,0,0,0,0.278524719178677,0,0.266189023852348,0.266701282565648,0,0,0,0,0,0,0,0,0,0.250471524267553,0,0,0,0,0,0.294898236294587,0.320854216814041,0.231475844979286,0,0.27401604555374,0.298006969193618,0.294064420626786,0.379984149645115,0.286315158009529
0.265469051897526,0,0.198265542586644,0,0,0,0,0,0,0,0.15207175248199,0,0,0,0.199193432927132,0,0,0,0.283087283372879,0,0.306225284934044,0,0,0,0,0,0,0,0,0,0,0,0,0,0,0,0.277812138199806,0,0,0,0.365955829620361,0,0.311400615012468,0,0,0,0,0,0.218070566654205,0,0.286521404981613,0,0,0,0,0,0.229554344680818,0,0,0,0.211788326501846,0,0,0.307365135351817,0,0,0,0,0,0,0,0.229535876117923,0,0,0,0,0,0,0,0.252450639551336,0,0,0.221136718988419,0,0.248582038173982,0,0.290791889031728
0,0,0,0.253032778394732,0,0,0,0.195620054006577,0,0,0,0.172991504333913,0,0.16188813465052,0,0,0,0,0,0,0,0,0,0,0,0,0,0,0,0,0,0,0,0,0,0.228060759603977,0,0,0,0,0,0.230122610926628,0,0,0,0,0,0,0,0.269228359063466,0,0,0,0.19355408847332,0,0,0,0.278524719178677,0,0,0,0,0,0,0,0,0,0,0,0,0,0,0,0,0,0,0,0,0.267098731228283,0,0,0,0.203360403361528,0,0.273416499617279,0,0
0.165599068298059,0,0,0,0,0,0,0,0.161872926888601,0,0,0,0,0,0.166405723563262,0,0.177529937587678,0,0,0,0,0,0,0,0,0,0,0,0,0,0,0,0,0,0,0,0,0,0,0,0,0,0,0,0,0,0,0,0.192969270050526,0,0,0,0,0,0.17848563873977,0,0,0,0.211788326501846,0,0,0,0,0,0,0,0,0,0,0.236653447151184,0,0,0,0,0,0,0,0,0,0,0,0,0.158411214443354,0,0,0,0
0,0.203833386301994,0,0.209784136029581,0,0,0,0,0,0.265600777446077,0,0,0,0,0,0,0,0,0,0,0,0,0,0,0,0,0,0,0,0,0,0,0,0,0,0.242476254701614,0,0,0,0.26009801030159,0,0.276403261224429,0,0,0,0.225811183452606,0,0,0,0.270069533959031,0,0,0,0,0,0.256718162130686,0,0.266189023852348,0,0,0,0,0.287317872047424,0,0,0,0.252307587862015,0,0,0,0,0,0,0,0,0,0,0,0.264597989618778,0,0.274784237146378,0,0.218880672854456,0,0.252222631465305,0,0
0,0,0,0.310517080805518,0,0.168380983173847,0,0,0,0,0,0.162003976189428,0,0,0,0,0.298658686024802,0.30144471966702,0.315023098047489,0.199202150788841,0,0,0,0,0,0,0,0,0,0,0,0,0,0,0,0.208257856551649,0,0.240093869845504,0,0.231463632266211,0.309665590524673,0.306623400386219,0.272968187100357,0.350451780991121,0.295418238639832,0.265367554477266,0.311169334433296,0,0,0.281718803445498,0,0.27768736332655,0,0,0,0,0.297424038251241,0.266701282565648,0,0,0,0.287317872047424,0,0.317427086333434,0,0,0,0,0,0,0,0,0.279414666862023,0,0,0,0,0,0.273513439678527,0.315622402594821,0.281956049808418,0,0.278776107780766,0.267620866497358,0.319345981323507,0.290024011582136,0.286737725138664
0,0,0.291989055772622,0,0,0,0,0,0.20326341688633,0,0.188250036159558,0,0,0,0,0,0.310385864008875,0.291920149326324,0.319891408586235,0,0.223481229239223,0,0,0,0,0,0,0,0,0,0,0,0,0,0,0,0.244745539942968,0,0,0.297997246185939,0.313572122255961,0.284897688776255,0.296967476461698,0.301275541385015,0.350962483939135,0.307933398655483,0.320154517661717,0,0.277545154094696,0,0.301544191752687,0,0,0,0.21463517844677,0,0.311643951959263,0,0.307365135351817,0,0,0,0.317427086333434,0,0,0,0,0,0,0,0,0,0,0.31177675889598,0,0,0,0,0.316738916635513,0.266825678869864,0,0.291335501495352,0.233902226697574,0.323504611849785,0.320107862206213,0.295306454102198,0.285030014631225
0,0,0,0,0,0,0,0,0,0,0,0,0,0,0,0,0,0,0,0,0,0.21021895984562,0,0.192358338923165,0,0.166352674365044,0,0.185944460332394,0,0,0,0,0,0,0,0,0,0.242853575820074,0,0,0,0,0,0,0,0,0,0,0,0.227993704492354,0,0,0,0,0,0,0,0,0,0,0,0,0,0,0,0,0.209347350421277,0,0,0,0.254418117140545,0,0,0,0,0,0,0,0,0,0.269883987948714,0,0.148667219831393,0.175954360049218,0,0,0
0,0,0,0,0,0,0,0,0,0,0,0,0,0,0,0,0,0,0,0,0,0,0.204243959990088,0,0.221774560213089,0,0,0,0,0,0,0,0,0,0,0,0,0,0.331550567876548,0,0,0,0,0,0,0,0,0,0.255520926741174,0,0,0,0,0,0,0,0,0,0,0,0,0,0,0,0,0,0,0.242796069809369,0,0.233915699653606,0,0,0,0,0,0,0,0,0,0,0,0.297340454780866,0.153749775925749,0,0,0,0
0,0.238481104373932,0,0,0,0,0,0,0,0.271710142041698,0,0,0,0,0,0.255575905243556,0,0,0,0,0,0.162129392708415,0,0.232415532952623,0,0.153816502541304,0,0,0,0,0,0,0,0,0,0,0,0.28013396882609,0,0,0,0,0,0,0,0,0,0.267727702856064,0,0.250101053155959,0,0,0,0,0,0.269649366958667,0,0,0,0,0,0.252307587862015,0,0,0.209347350421277,0,0,0,0,0,0,0,0,0,0,0,0,0,0,0,0.361510768503986,0,0.187566345205178,0,0.239544645119249,0,0
0,0,0,0,0,0,0,0,0,0,0,0,0,0,0,0,0.142852392047644,0,0,0,0,0,0,0,0.22211984710037,0,0.147960796952248,0,0,0,0,0,0,0,0,0,0,0,0.315126315516941,0,0,0,0.246330946683884,0,0,0,0,0,0.29688602751257,0,0,0,0,0,0.227774547785521,0,0,0,0,0,0,0,0,0,0,0.242796069809369,0,0,0,0,0,0,0,0,0,0,0,0,0,0,0,0.35157510840467,0.166249230504036,0,0.265965924660365,0,0
0,0,0,0,0,0,0,0,0,0,0,0,0,0,0,0,0,0,0,0,0,0,0,0.158349514007568,0,0.219890728102703,0,0.144202574937031,0,0,0,0,0,0,0,0,0,0,0,0,0,0,0,0,0,0,0,0,0,0.181875889499982,0,0,0,0,0,0,0,0,0,0,0,0,0,0,0,0,0,0,0,0,0.249955562608583,0,0.191652894020081,0,0,0,0,0,0,0,0,0,0.151113783319791,0,0,0,0
0,0,0,0,0,0,0,0,0.171609774231911,0,0,0,0,0,0.159673228859901,0,0.154664934412218,0.185858899727464,0.233355589210987,0,0,0,0,0,0.170198100308577,0,0,0,0,0,0,0,0,0,0,0,0,0,0,0,0.28381834179163,0,0.197406888008118,0,0,0,0,0,0,0,0,0,0,0,0,0,0,0,0,0,0.236653447151184,0,0,0,0,0.233915699653606,0,0,0,0,0,0,0,0,0,0,0,0,0,0,0,0,0.179299489915872,0,0,0,0
0,0,0,0,0,0,0,0,0,0,0,0,0,0,0,0,0,0,0,0,0,0.162265961865584,0,0,0,0.215132215619087,0,0.143913576261954,0,0.114367956700532,0,0,0,0,0,0,0,0.220515504479408,0,0,0,0,0,0,0,0,0,0,0,0.228992571953743,0,0,0,0,0,0,0,0,0,0,0,0,0,0,0.254418117140545,0,0,0,0.249955562608583,0,0,0,0.271415337920189,0,0,0,0,0,0,0,0.258088349443203,0,0.132521023352941,0,0,0,0
0,0,0,0,0,0,0,0,0,0,0,0,0,0,0,0,0,0,0,0,0,0,0.130477177600066,0,0,0,0,0,0.162928784337208,0,0,0,0,0,0,0,0,0,0,0,0,0,0,0,0,0,0,0,0,0,0,0,0,0,0,0,0,0,0.229535876117923,0,0,0,0,0,0,0,0,0,0,0,0,0,0,0,0,0,0,0,0,0,0,0.254839006735354,0.122881273073809,0,0,0,0
0,0,0,0.320234522223473,0,0,0,0,0,0.259630739688873,0,0.229139354698446,0,0,0,0,0.31334525346756,0,0.405998692700737,0.284088730812073,0,0,0,0,0,0,0,0,0,0.199094387920374,0,0,0,0,0,0.246188640594482,0,0.242469935489246,0,0.279749937355518,0.317942559719086,0.332254801988602,0,0.472687900066376,0.315123558044434,0.327851681651608,0,0,0,0.295693924029668,0,0.287682741880417,0,0,0,0,0,0.250471524267553,0,0,0,0,0.279414666862023,0,0,0,0,0,0.191652894020081,0,0.271415337920189,0,0,0,0,0,0,0,0.255375243723392,0.347061663866043,0.262251459905131,0,0.276028459110568,0,0.310670501342765,0.380048000386783,0.342766106128693
0,0,0,0,0,0,0,0,0,0,0.246387393110328,0,0,0,0,0,0,0,0.363725543022156,0,0,0,0,0,0,0,0,0,0.140399287853922,0,0.271652574524955,0,0,0,0,0,0,0,0.262361668050289,0,0.34647524356842,0,0.326656023661296,0,0.410706162452698,0,0.310678340494633,0,0.300778431817889,0,0,0,0,0,0,0,0.359887242217859,0,0,0,0,0,0,0.31177675889598,0,0,0,0,0,0,0,0,0,0,0,0,0,0,0,0.364402323961258,0,0.233078941702843,0.177539793508393,0,0.264769525631614,0,0
0,0,0,0,0,0,0,0,0,0,0,0,0,0,0,0,0,0,0,0,0,0,0,0,0,0,0,0,0,0,0,0.215340001682364,0.16031183488667,0.283635368527368,0,0.145825830304764,0,0,0,0,0,0,0,0,0,0,0,0.351128522303835,0,0.473903851849692,0,0,0,0,0,0,0,0,0,0,0,0,0,0,0,0,0,0,0,0,0,0,0,0,0,0.388636701065919,0.269034320657904,0,0.254847942658606,0,0,0,0.165529638404648,0,0,0,0
0,0,0,0,0,0,0,0,0,0,0,0,0,0,0,0,0,0,0,0,0,0,0,0,0,0,0,0,0,0,0,0.145454973639811,0.255679631647391,0.246587651280256,0.260001187141125,0,0.191934393624128,0,0,0,0,0,0,0,0,0,0,0.385151655015466,0.455247147215737,0.469665706157684,0,0,0,0,0,0,0,0,0,0,0,0,0,0,0,0,0,0,0,0,0,0,0,0,0.388636701065919,0,0.284507364034653,0.235988028821716,0.462653398513794,0.237526308856348,0,0,0.170415262877941,0,0,0,0
0,0,0,0,0,0,0,0,0,0,0,0,0,0,0,0,0,0,0,0,0,0,0,0,0,0,0,0,0,0,0,0.240582358608555,0.218492016196251,0.221668134934342,0.185803960360911,0.192777898723554,0,0.302845947444439,0,0,0,0,0,0,0,0,0,0.310108461788952,0,0.412354946136475,0,0,0,0,0,0,0,0,0,0,0,0,0,0,0,0,0,0,0,0,0,0,0,0,0.269034320657904,0.284507364034653,0,0,0.278317697030508,0,0.330923748751209,0,0.22468393257299,0.224038727581501,0.387331396341324,0,0
0,0,0,0,0,0,0,0,0,0,0,0,0,0,0,0,0,0,0,0,0,0,0,0,0,0,0,0,0,0,0,0,0.206145402292411,0.181020597665055,0.228607290506219,0,0.162363290786743,0,0.221843649250896,0,0,0.452511180192232,0.409123453226956,0,0,0,0,0.407348640078843,0,0,0,0,0,0,0,0,0,0,0,0,0,0,0,0,0,0,0,0,0,0,0,0,0,0,0,0.235988028821716,0,0,0,0,0,0.272333660888635,0.408209524277983,0,0.391737833357694,0,0
0,0.355069804191589,0.316836014389992,0.274856644469922,0,0.213778882869519,0,0,0,0.287813872098923,0,0.267614836494128,0,0,0,0,0.308125258386135,0.304394291820882,0.332731048307753,0.230545709991645,0,0,0,0,0,0,0,0,0,0,0,0.256480517306111,0,0.193786729810506,0,0.238521077728565,0.12710171915365,0.229114738021993,0,0.277944127489862,0.298354033297963,0.287146753986229,0.275432629869619,0.407138222828507,0.286317440015929,0.292621550361352,0.311365288992723,0.348325130760029,0,0.322396174916681,0,0.234383735650529,0,0,0,0,0.298850417137146,0.294898236294587,0,0.267098731228283,0,0.264597989618778,0.273513439678527,0.316738916635513,0,0,0,0,0,0,0,0,0.255375243723392,0,0.254847942658606,0.462653398513794,0.278317697030508,0,0,0.303953898427161,0.255356941634625,0,0.239437407504251,0.301392020548091,0.346028207417342,0.307444067937987,0.26700303144753
0.420187503099442,0,0.2766215867148,0,0.195244488274229,0,0,0,0.275358155369759,0,0.132374659180641,0,0,0,0,0,0.316094529090656,0.307001168174403,0.325284609728784,0,0.226972173635207,0,0,0,0,0,0,0,0,0,0,0,0.200992026759519,0,0.171725849101418,0.174128522927111,0.219898399736526,0,0.156856192660346,0.312369421952301,0.284071990099675,0.276259713563599,0.277885321521797,0.293287507692973,0.389175354004459,0.31126603782177,0.325032321709807,0.300615011307658,0.268231991678476,0.317800730466843,0.251763995736837,0,0,0,0.212602818012238,0,0.292350730482844,0.320854216814041,0.252450639551336,0,0,0,0.315622402594821,0.266825678869864,0,0,0,0,0,0,0,0,0.347061663866043,0.364402323961258,0,0.237526308856348,0,0,0.303953898427161,0,0.322580710053444,0.212480753660202,0.255290976416425,0.282287201378495,0.337829341139774,0.281557183464368,0.289235126682978
0,0,0.326199144124985,0.308718314225023,0,0.239361025393009,0,0,0,0.259704247301007,0,0.15874520497771,0,0,0,0,0.314497048656146,0.341203008379255,0.446687647413866,0.254134009810204,0,0.227881903826939,0,0.25681968869773,0,0,0,0,0,0.175698375063283,0,0,0,0.347628252814478,0,0.211646706029352,0,0.249103141854271,0.171584345724272,0.295752502585712,0.323825806379318,0.396311306795537,0.294569551944733,0.493021769298089,0.316106498241425,0.336725672802689,0.352652072906494,0.394087519417317,0,0.403939655988381,0,0.294515269994736,0,0,0,0.331593833225114,0,0.231475844979286,0,0,0,0.274784237146378,0.281956049808418,0,0.269883987948714,0,0.361510768503986,0,0,0,0.258088349443203,0,0.262251459905131,0,0,0,0.330923748751209,0,0.255356941634625,0.322580710053444,0,0,0.260389418573277,0.230148155242205,0.41270596314879,0.434952122441838,0
