0,0,281.231825158,0,0.375300377607346,0,0,0,431.039695128798,0,0,0,0,0,6.31627511978149,0,28.7530179321766,2.59443926811218,22.5829103142023,0,0,0,0,0,0,0,0,0,0,0,0,0,0,0,0,0,6.17366275191307,0,1.37822782993317,0,0,0,15.2843936383724,0,0,0,7.87602812051773,0,240.820548385382,0,0.282107591629028,0,0,0,248.773924991488,0,13.1214033961296,0,36.8933511078358,0,127.686011150479,0,0,1.03676368296146,0,0,0,0.670214414596558,0,0,0,0,0,1.46374823153019,0,0,0,0,0,16.0845066457987,0,21.0037128925323,264.650868266821,0,291.676739409566,0,0.533743381500244
0,0,0,741.910276681185,0,34.1814467012882,0,0,0,548.601473897696,0,0,0,0,0,32.4795007109642,0,0,35.3888939619064,0,0,0,0,40.7714729905128,0,0,0,0,0,0,0,0,0,0,0,0,0,0,0,0,0,88.6709457188845,0,0,0,0,0,0,0,62.9067271053791,0,0,0,0,0,210.676473930478,0,114.205903023481,0,8.24555113911629,0,78.4088139235973,2.96351104974747,0,0,0,0.352303147315979,0,0,0,3.09143510460854,0,3.51598304510117,0,0,0,0,0,0,0,0,0,677.801119029522,20.0415626764297,556.6922224015,10.1900778412819,0
281.231825158,0,0,0,18.1543196439743,0,0,0,69.1941254734993,0,0,0,0,0,0,0,0,0,0,0,0,0,0,0,0,0,0,0,0,0,0,0,0,0,0,0,2.98062407970428,0,0.293994605541229,0,0.617811411619186,0.423338815569878,32.502282500267,0,0,2.13025212287903,86.9784831106663,0,79.3511757552624,0,0,0,0,0,6.94399684667587,0,14.3335682749748,0,0.684621214866638,0,2.32990527153015,0,2.61798471212387,8.26962991058826,0,0,0,0,0,0,0,0,0,12.2527703791857,0,0,0,1.77360224723816,0,4.04659499228001,0,2.19474390149117,57.3517736196518,0,1249.62600332499,0,1.1834968328476
0,741.910276681185,0,0,0,66.4228863716125,0,0,0,40.9315689206123,0,2.18144631385803,0,0,0,0,0,0,13.3534669578075,0,0,0,0,0,0,0,0,0,0,0,0,0,0,0,0,0.90574437379837,0,0,0,0.642848968505859,0,57.9062971770763,0,0,0,2.08880972862244,0,0,0,23.7876721322536,0,11.4067568778992,0,0,0,34.8176776766777,0,4.62913936376572,0,5.03889870643616,0,146.921316444874,0.396679759025574,0,0,0,0,0,0,0,0,0,0,0,0,0,0,0,0,0,0.232932448387146,0,361.478522792459,24.7812123298645,302.777409613132,7.16701079905033,0
0.375300377607346,0,18.1543196439743,0,0,0,10.5146690905094,0,1,0,19.5896602869034,0,0,0,0,0,0.266733467578888,0,1.42535439133644,0,139.427820652723,0,0,0,0,0,0,0,0,0,0,0,0,0,0,0.255801171064377,1.42774181067944,0,0.151625841856003,0,5.22616168856621,0.175145745277405,42.4923678040504,0,0,7.48621155321598,41.3625523895025,0,30.339776456356,0,220.533096879721,0,107.365565240383,0,8.67157137393951,0,89.3584316000342,0,5.91716998815536,0,6.33078864216805,0,0.706325590610504,494.593902722001,0,0,0,0,0,0,0,0,0,5.40776416659355,0,0,0,0,0.313120394945145,3.63273181021214,0,0.460417479276657,25.0731754750013,0,138.103003516793,0.146578535437584,0.166174069046974
0,34.1814467012882,0,66.4228863716125,0,0,0,34.8971047699451,0,96.5702754855156,0,11.3177928328514,0,0,0,0,0,0,0,0,0,0,0,0,0,0,0,0,0,0,0,0,0,0,0,4.07740390300751,0,0,0,0.245333269238472,0,3.51769787073135,0,0,0,0,0,0,0,0,0,193.470503538847,0,212.120582133532,0,6.93303406238556,0,5.26626920700073,0,0,0,5.90813863277435,6.08790510892868,0,0,0,0,0,0,0,0,0,0,0,0,0,0,0,0,0,0,0,503.181287318468,79.7482514381409,41.8668097853661,0,0
0,0,0,0,10.5146690905094,0,0,0,0,0,78.180158868432,0,11.2591658234596,0,0,0,0,0,0,0,59.4108256995678,0,0,0,0,0,0,0,0,0,0,0,0,0,0,0,0,0,0,0,0,0,0,0,0,0,0,0,0,0,20.2229455709457,0,374.768830001354,0,0,0,156.343932449818,0,0,0,0,0,0,1.04495096206665,0,0,0,0,0,0,0,0,0,0,0,0,0,0,0,0,0,0,38.7343633174896,0.863417148590088,0,0,0
0,0,0,0,0,34.8971047699451,0,0,0,0,0,40.0612728595734,0,0,0,0,0,0,0,1.1293673813343,0,0,0,0,0,0,0,0,0,0,0,0,0,0,0,113.372463405132,0,0,0,0,0,0,0,0,0,0,0,0,0,0,0,11.2261719703674,0,410.591395884752,0,0,0,6.34498298168182,0,0,0,0,0,0,0,0,0,0,0,0,0,0,0,0,0,0,0,0,11.1027944087982,0,0,0,110.199505150318,138.354479938745,0,0,0
431.039695128798,0,69.1941254734993,0,1,0,0,0,0,25.6530396193266,0,0,1.65143072605133,0,17.3201677799225,10.4309917390347,626.628797218204,219.426322244108,135.157044172287,0,0,0,0,0,29.4167730808258,6.13892674446106,0,0,0,0,0,0,0,0,0,0,2.94415068626404,0,0.886134684085846,0,0,0.932037025690079,4.40954193472862,0,0,0,1.03222227096558,0,9.68795242905617,0,1,0,0,0,468.0064753443,0,0,0,4.6509085893631,0,320.881173416972,5.75732344388962,0,0,0,0,0,203.528420954943,1.36647295951843,2.23505663871765,0,0,0,1.28771698474884,0,0,0,0,0.162503689527512,4.95590457320213,0.135550111532211,7.67475619912148,336.586438797414,0,40.433186635375,0,6.37139737606049
0,548.601473897696,0,40.9315689206123,0,96.5702754855156,0,0,25.6530396193266,0,0,0,0,0,0,84.561593234539,426.081977307796,1164.16243226826,187.799688607454,0,0,0,0,49.3493357598782,6.91470450162888,3.75606399774551,0,0,0,0,0,0,0,0,0,0,0,134.16047847271,0,0,0,10.193145647645,0.638194859027863,0,0,0,0.658125162124634,0,0,0.456476509571075,0,10.6394100189209,0,0,6.58008055388927,595.920863360167,0.176306962966919,0,0,0,0.281691640615463,145.109918951988,0,0,0,0,43.1262215077877,1.5798522233963,0,0,0,0,0,0,0,0,0,0,0,0.97659707069397,63.9883863925934,0,929.244475513697,13.4234728515148,86.2843409180641,2.10703945159912,0
0,0,0,0,19.5896602869034,0,78.180158868432,0,0,0,0,0,93.8696423768997,0,0,0,0,0,0,0,218.710586845875,0,0,0,0,0,0,0,107.607129722834,0,199.782228916883,0,0,0,0,0,61.5129306316376,0,174.597173288465,0,0,0,0,0,0,0,1.38603596389294,0,0.81104764342308,0,1.71211993694305,0,140.942092269659,0,0,0,1546.00313659012,0,14.9076526165009,0,0,0,0,21.8330124616623,0,0,0,0,0,0,0,83.5546934008598,0,48.8125892281532,0,0,0,0,0,0,0,77.4389542341232,595.752544626594,0,2.07413202524185,0,0
0,0,0,2.18144631385803,0,11.3177928328514,0,40.0612728595734,0,0,0,0,0,177.764281764627,0,0,0,0,0,230.260646387935,0,0,0,0,0,0,0,37.4258103966713,0,188.427655130625,0,0,0,0,0,45.1329127252102,0,742.415941543877,0,0,0,0,0,0,0,7.77811059355736,0,0,0,0,0,3.20772409439087,0,25.9831932783127,0,0,0,1857.64362740517,0,41.4272288680077,0,0,34.4176455885172,0,0,0,0,0,0,0,3.70418608188629,0,285.167246729136,0,0,0,0,0,83.4929940104485,0,36.9101256877184,0,494.714827038348,0,13.745457559824,0,0
0,0,0,0,0,0,11.2591658234596,0,1.65143072605133,0,93.8696423768997,0,0,0,0,0,0,0,0,0,0,0,0,0,0,0,0,0,0,0,0,0,0,0,0,0,0,0,0,0,0,0,0,0,0,0,0,0,0,0,0,0,9.08194041252136,0,0,0,8.40783619880676,0,20.7225630879402,0,12.3952178359032,0,0,0,0,0,0,0,0,0,0,4.71117913722992,0,0,0,0,0,0,0,0,0,0,23.8792295455933,50.1818227767944,0,0,0
0,0,0,0,0,0,0,0,0,0,0,177.764281764627,0,0,0,47.0885920524597,2.83362218737602,154.167703866959,0,0,0,0,0,0,0,1.07313966751099,0,62.119046330452,0,0,0,0,0,0,0,0,0,0,0,0,0,0,0,0,0,0,0,0,0,0,0,0,0,0,0,0,0,0,0,349.447384163737,0,41.6582124829292,0,0,0,0,0,0,0,0,22.1644891500473,0,0,0,0,0,0,0,0,0,0,0,85.4108636677265,14.9684035778046,0,0,0
6.31627511978149,0,0,0,0,0,0,0,17.3201677799225,0,0,0,0,0,0,0.689677357673645,80.906279116869,9.45377279818058,0.308373987674713,0,0,0,0,0,0,0,0,0,0,0,0,0,0,0,0,0,0,0,0,0,0,0,0,0,0,0,0,0,0,0,0,0,0,0,3.63681483268738,0,0,0,2.60840475559235,0,124.278765529394,0,0,0,0,0,0,0,0,6.82208597660065,0,0,0,0,0,0,0,0,0,0,0,0,27.2890085279942,0,0,0,0
0,32.4795007109642,0,0,0,0,0,0,10.4309917390347,84.561593234539,0,0,0,47.0885920524597,0.689677357673645,0,116.156426861882,571.402616217732,25.0675871446729,0,0,0,0,0,0.74146531522274,2.60670080780983,0,2.9668927192688,0,0,0,0,0,0,0,0,0,0,0,0,0,0,0,0,0,0,0,0,0,0,0,0,0,0,0.645592957735062,7.53093278408051,0,0,0,39.2363319993019,0,162.829913452268,0,0,0,0,0,0,34.6093703210354,0,16.1995036303997,0,0,0,0,0,0,0,0.190180435776711,0,0,0,211.348320372403,7.04439687728882,0,0,0
28.7530179321766,0,0,0,0.266733467578888,0,0,0,626.628797218204,426.081977307796,0,0,0,2.83362218737602,80.906279116869,116.156426861882,0,12861.9349857271,5578.71167744696,0,0,5.75322678685188,3,0,210.219528570771,22.8589190840721,1,0.348964363336563,0,0,0,0,0,0,0,1.8787297308445,36.466088488698,0,6.45344911515713,12.2619612812996,0.299451470375061,106.929792836308,134.366279229522,5.25444695353508,1.83198764920235,0,57.3645063787699,0,0,2.95857697725296,0,0,0,0,171.316993489861,12.8136265724897,0.268359467387199,0,0,0,230.993590414524,80.2621225863695,1.03993201255798,8.75314919650555,0,0,0,9.33338913321495,6.55501264333725,57.2998779416084,0,0,0.199216365814209,6.36948589980602,0,0,0,0,44.28681845963,117.13517999649,9.38455291092396,55.747606292367,5119.57315650582,89.3990566730499,347.636268332601,18.1786604970694,113.615042626858
2.59443926811218,0,0,0,0,0,0,0,219.426322244108,1164.16243226826,0,0,0,154.167703866959,9.45377279818058,571.402616217732,12861.9349857271,0,5800.86553507298,0,0.337695926427841,178.535326957703,0,16.7665045261383,150.595970332623,139.440983578563,0,239.845638304949,0,0,0,0,0,0,0,2.23825408518314,12.3025049716234,0,0.47343698143959,17.9255930036306,0,139.706795237958,50.1004511043429,0.806250423192978,0,3.12802782654762,20.3003930747509,0,0,1.42411631345749,0,0,0,0,35.1510320007801,64.3304543048143,1.8420507311821,0.37496130168438,0,11.6647593975067,24.2520341277122,246.390752792358,1.97788743674755,3.285569652915,3.93977499008179,0,0,1.00947761535645,3.3209519982338,1.88851177692413,0,0,0.679369390010834,1.62587022781372,0,0,0,0,38.4259063005447,38.060643941164,2.82431395351887,12.9452312737703,8373.11463540792,270.588237196207,154.918919026852,36.5943023338914,37.2043834626675
22.5829103142023,35.3888939619064,0,13.3534669578075,1.42535439133644,0,0,0,135.157044172287,187.799688607454,0,0,0,0,0.308373987674713,25.0675871446729,5578.71167744696,5800.86553507298,0,1.36077547073364,1.83938170969486,0,0,0,62.1375116109848,11.0778588652611,0,0,0,0,0,0,0,0,0,60.9049307852983,265.191984176636,0,37.0440054088831,290.468036226928,7.19568283855915,2147.27097597718,952.261248990893,78.7045339047909,10.5792160183191,32.5385036021471,460.785691790283,4.94394528865814,5.52559064328671,45.9647490829229,0,0,0,0,22.4699907302856,15.5743822455406,10.6752231046557,6.77419133484364,0,0,4.34032297134399,29.2820550650358,19.1828844994307,33.0566241517663,0,0,0,5.27816846966743,1.78480935096741,0,0,0.113743960857391,28.5368057489395,46.3884495347738,1.92776441574097,0,1.41596603393555,0,595.062815673649,787.132471062243,82.5697031468153,310.514533616602,5690.57519507408,28.4639012515545,2404.88609214127,479.756878435612,433.002840742469
0,0,0,0,0,0,0,1.1293673813343,0,0,0,230.260646387935,0,0,0,0,0,0,1.36077547073364,0,2.31821477413177,0,0,0,0,0,0,0,0,0,0,0,0,0,0,503.150151923299,0.204533278942108,182.664304643869,0,7.06586921215057,0,5.46186652779579,0.14831106364727,0,0,138.376968368888,3.52793908119202,4.096938803792,2.24851825833321,6.50728996098042,0,0,0,0,0,0,2.03124943375587,200.575731605291,0,0,0,0,1263.78417874873,6.59390911459923,0,0,0,0,0,0,0,0,29.4311958253384,0.767941057682037,8.14329034090042,0,0,0,95.7008281573653,2.64974318444729,28.7528953254223,0,997.589267536998,32.8844522088766,205.092716790736,0,0
0,0,0,0,139.427820652723,0,59.4108256995678,0,0,0,218.710586845875,0,0,0,0,0,0,0.337695926427841,1.83938170969486,2.31821477413177,0,0,0,0,0,0,0,0,0,0,0,0,0,0,0,0,439.634712792933,0,467.179089799523,0,4.69285172224045,0.297486752271652,10.5024976357818,0,0.329368561506271,1.34930753707886,12.7389201074839,0,2.88261744379997,0,1.05734553933144,0,5.2261775135994,0,0,0,708.960886657238,0,0,0,0,0,2.09515869617462,957.610143601894,0,0,0,0,0,0,0,3.16134905815125,0.461019814014435,323.168180286884,0,0,0,0,0,1381.93112790585,0.913334667682648,1073.32383498549,242.627905979753,0,36.9884451404214,0,0
0,0,0,0,0,0,0,0,0,0,0,0,0,0,0,0,5.75322678685188,178.535326957703,0,0,0,0,297.732885211706,81.6629234552383,0,29.3364880084991,0,92.1564352810383,0,0,0,0,0,0,0,0,0,678.329763501883,103.983531713486,0,0,0,0,0,0,0,0,0.656497538089752,0,27.0055919289589,0,0,0,0,0,0,0,0,0,0,0,0,0,0,4458.57777418196,21.5132601857185,157.713722020388,0,137.226171404123,0,164.047403156757,0,2.48047140240669,0,0,0,0.386788964271545,0,0,0,305.663151592016,0.768470793962479,75.7626220285892,8,0,0,0
0,0,0,0,0,0,0,0,0,0,0,0,0,0,0,0,3,0,0,0,0,297.732885211706,0,0,132.930861696601,0,96.1276737004519,0,178.406582474709,0,0,0,0,0,0.224021062254906,0,0,0,1398.36958777905,0,0,0,0,0,0,0,0,2.7582072019577,21.0004192590714,0,0,0,0,0,0,0,0,0,0,0,0,0,0,0,0,4126.88330942392,0,74.4738444983959,0,327.801210731268,0,426.121916025877,0,4.20610412955284,0,0,0,0,0,0,0,1020.18800637126,345.148225963116,137.512718081474,0,0,0
0,40.7714729905128,0,0,0,0,0,0,0,49.3493357598782,0,0,0,0,0,0,0,16.7665045261383,0,0,0,81.6629234552383,0,0,0,25.6007838249207,0,0,0,0,0,0,0,0,0,0,0,377.871191382408,0,0,0,0,0,0,0,0,0,0,0,7.45421868562698,0,0,0,0,0,13.7255603373051,0,0,0,0,0,0,0,0,0,0,461.460026651621,0,28.968654692173,0,0,0,0,0,0,0,0,0,0,0,67.1302327215672,0,35.4206191599369,0,76.685992628336,0,0
0,0,0,0,0,0,0,0,29.4167730808258,6.91470450162888,0,0,0,0,0,0.74146531522274,210.219528570771,150.595970332623,62.1375116109848,0,0,0,132.930861696601,0,0,0,43.6029658615589,0,0,0,0,0,0,0,0,0,0,0,74.1813269853592,0,0,0,0,0,0,0,0,0,10.3213196992874,0,0,0,0,0,3.10249471664429,0,0,0,0,0,0,0.444165378808975,0,0,0,34.2574798613787,0,982.521841347218,0,163.691398382187,0,0,0,0,0,0,0,0,0,0,0,0,75.6520713120699,0,1.10732042789459,0,0
0,0,0,0,0,0,0,0,6.13892674446106,3.75606399774551,0,0,0,1.07313966751099,0,2.60670080780983,22.8589190840721,139.440983578563,11.0778588652611,0,0,29.3364880084991,0,25.6007838249207,0,0,0,266.83553263545,0,0,0,0,0,0,0,0,0,0,0,0,0,0,0,0,0,0,0,0,0,0,0,0,0,0,0,0,0,0,0,0,0,0,0,0,26.9840002655983,0,0.436616033315659,0,516.631877273321,0,180.626948416233,0,0,0,0,0,0,0,0,0,0,0,58.9463477730751,0,0,0,0
0,0,0,0,0,0,0,0,0,0,0,0,0,0,0,0,1,0,0,0,0,0,96.1276737004519,0,43.6029658615589,0,0,0,16.1335742473602,0,0,0,0,0,0,0,0,0,0,0,0,0,0,0,0,0,0,0,0,0,0,0,0,0,0,0,0,0,0,0,0,0,0,0,0,44.4979659616947,0,0,0,518.867149144411,0,39.6531050205231,0,0,0,0,0,0,0,0,0,0,1.52262771129608,0,0,0,0
0,0,0,0,0,0,0,0,0,0,0,37.4258103966713,0,62.119046330452,0,2.9668927192688,0.348964363336563,239.845638304949,0,0,0,92.1564352810383,0,0,0,266.83553263545,0,0,0,248.006583571434,0,0,0,0,0,0,0,3.70285546779633,0,0,0,0,0,0,0,0,0,0,0,0,0,0,0,0,0,0,0,0,0,127.486209481955,0,0,0,0,127.136815607548,0,0,0,51.543417930603,0,1807.11088988185,0,70.2073511183262,0,0,0,0,0,0,0,7.69471636414528,0,126.365765661001,0,0,0,0
0,0,0,0,0,0,0,0,0,0,107.607129722834,0,0,0,0,0,0,0,0,0,0,0,178.406582474709,0,0,0,16.1335742473602,0,0,0,454.080284044147,0,0,0,0,0,0,0,118.597092315555,0,0,0,0,0,0,0,0,0,0,0,0,0,0,0,0,0,0,0,0,0,0,0,0,0,0,30.7154408097267,0,0,0,19.1983799636364,0,708.807541012764,0,31.3293631076813,0,0,0,0,0,0,0,62.502637386322,41.7037072777748,0,0,0,0
0,0,0,0,0,0,0,0,0,0,0,188.427655130625,0,0,0,0,0,0,0,0,0,0,0,0,0,0,0,248.006583571434,0,0,0,0,0,0,0,0,0,127.260005414486,0,0,0,0,0,0,0,0,0,0,0,0,0,0,0,0,0,0,0,2.88995757699013,0,25.987760335207,0,0,0,0,0,0,0,0,0,0,636.919339299202,0,718.356249779463,0,0,0,0,0,0,0,52.7860578298569,0,0,0,0,0,0
0,0,0,0,0,0,0,0,0,0,199.782228916883,0,0,0,0,0,0,0,0,0,0,0,0,0,0,0,0,0,454.080284044147,0,0,0,0,0,0,0,0,0,115.771639853716,0,0,0,0,0,0,0,0,0,0,0,0,0,0,0,0,0,38.6372550427914,0,0,0,0,0,0,0,0,0,0,0,0,0,0,162.390282392502,0,690.788670301437,0,0,0,0,0,0,0,414.764278233051,70.7711471915245,3,0,0,0
0,0,0,0,0,0,0,0,0,0,0,0,0,0,0,0,0,0,0,0,0,0,0,0,0,0,0,0,0,0,0,0,3129.77291762829,200.443299949169,7.19492906332016,738.635077670217,54.968802511692,0,0,0.46778504550457,0,3.69288194179535,0,0,0,1.21258494257927,0,725.63790230453,0,0,0,0,0,0,0,0,0,0,0,0,0,0,0.586588695645332,0,0,0,0,0,0,0,0,0,0,0,1855.51644149423,2007.86586692929,10.2897219657898,51.3910915851593,301.381445541978,111.475147813559,0,0,255.623089015484,0,0,0.276113927364349,0
0,0,0,0,0,0,0,0,0,0,0,0,0,0,0,0,0,0,0,0,0,0,0,0,0,0,0,0,0,0,0,3129.77291762829,0,71.6625414043665,93.9774434864521,10.9433650970459,639.658734083176,0,0,0,0,0,0,0,0,0,0,192.209558427334,5.58703738451004,0,0,0,0,0,0,0,0,0,0,0,0,0,0,0,0,0,0,0,0,0,0,0,0,0,1888.04853579402,2489.61096200347,0,229.658231198788,0,767.524040102959,0,0,398.241597026587,0,0,0,0
0,0,0,0,0,0,0,0,0,0,0,0,0,0,0,0,0,0,0,0,0,0,0,0,0,0,0,0,0,0,0,200.443299949169,71.6625414043665,0,1996.99660378695,1500.56913775206,0,211.142167687416,29.2267935574055,0.290613055229187,0,1.28237368166447,0,0,0,0,0,1521.8725130558,5.11337739229202,73.7179083228111,0,0,0,0,0,0,0,0,0,0,0,0,0,0,0,0,0,0,0,0,0,0,1.88059759140015,0,70.3151121735573,27.9114893078804,2405.76119600236,1680.97412097454,432.935649335384,3.41583955287933,814.037809431553,54.1297996044159,388.494421318173,296.995697528124,3.41348963975906,0,0
0,0,0,0,0,0,0,0,0,0,0,0,0,0,0,0,0,0,0,0,0,0,0.224021062254906,0,0,0,0,0,0,0,0,7.19492906332016,93.9774434864521,1996.99660378695,0,0,426.566259235144,0,251.57427573204,0,0,0,0,0,0,0,0,1156.92013838887,99.1452780365944,0,0,0,0,0,0,0,0,0,0,0,0,0,0,0,0,0,0,0,0,0,0,0,0,0,0,60.3938071131706,107.313222229481,5070.69953495264,0,306.670545816422,0,192.493632614613,235.278751388192,106.862614274025,0,0,0
0,0,0,0.90574437379837,0.255801171064377,4.07740390300751,0,113.372463405132,0,0,0,45.1329127252102,0,0,0,0,1.8787297308445,2.23825408518314,60.9049307852983,503.150151923299,0,0,0,0,0,0,0,0,0,0,0,738.635077670217,10.9433650970459,1500.56913775206,0,0,442.60720308125,1803.59309980273,0,71.7397129535675,0,283.061907246709,2.69046956300735,1.87877884507179,0,409.864973068237,1.90317092835903,196.560836732388,10.1898514926434,2.28763028979301,0,0,0,0.876477420330048,0,0,0.243193432688713,1.52908234298229,0,0,0,0,684.906618468463,1.95613178610802,0,0,0,0,0,0,0,0,5.60264326632023,0,559.090088829398,0,592.928675174713,0,28065.7967276871,133.269865639508,394.638867020607,0.830462545156479,5109.12468966097,188.11971154809,269.893717162311,43.5372086763382,0
6.17366275191307,0,2.98062407970428,0,1.42774181067944,0,0,0,2.94415068626404,0,61.5129306316376,0,0,0,0,0,36.466088488698,12.3025049716234,265.191984176636,0.204533278942108,439.634712792933,0,0,0,0,0,0,0,0,0,0,54.968802511692,639.658734083176,0,426.566259235144,442.60720308125,0,0,3081.49097298086,2.43996339291334,5.98833948373795,19.0095937922597,571.240616492927,0,4.71320208907127,4.75015656650066,201.824944995344,2.90069031715393,63.9874641522765,0.205755159258842,0.583392545580864,0,0,0,0,0,23.807996340096,0.952125087380409,0,0,0,0,3.43211875855923,366.419491522014,0,0,0,0,0,0,0,1.28137515485287,0.914543136954308,32.0057050064206,4.29771256446838,152.497723147273,0,107.06797863543,72.0719612762332,16286.4925619513,2.03668463230133,794.300687529147,3553.2949617058,153.716286458075,615.91054815799,2.84708800911903,84.7592723816633
0,0,0,0,0,0,0,0,0,134.16047847271,0,742.415941543877,0,0,0,0,0,0,0,182.664304643869,0,678.329763501883,0,377.871191382408,0,0,0,3.70285546779633,0,127.260005414486,0,0,0,211.142167687416,0,1803.59309980273,0,0,83.627471446991,0,0,74.8912073820829,0,0,0,4.27803567051888,0,500.916602224112,0,175.430253744125,0,0,0,0,0,20.1412749886513,0,46.2147525846958,0,0,0,0,55.4435158371925,0,171.307201355696,0,56.4944234192371,0,0,0,33.4659401476383,0,123.969677269459,0,0,0,47.3089582622051,0,352.721284240484,0,13348.8826014102,8.17292046546936,2020.18971596658,65.161758095026,439.1400629282,1.02536571025848,0
1.37822782993317,0,0.293994605541229,0,0.151625841856003,0,0,0,0.886134684085846,0,174.597173288465,0,0,0,0,0,6.45344911515713,0.47343698143959,37.0440054088831,0,467.179089799523,103.983531713486,1398.36958777905,0,74.1813269853592,0,0,0,118.597092315555,0,115.771639853716,0,0,29.2267935574055,251.57427573204,0,3081.49097298086,83.627471446991,0,0,0,0.162112072110176,70.7572112679482,0,0.362948834896088,0.172072514891624,46.9249901026487,528.870184153318,128.465279534459,0,0,0,0,0,0,0,3.85641074180603,0,0,0,0,0,1.21820724010468,23.8824788182974,0,619.3498698771,0,42.3586532175541,0,3.09441447257996,0,79.7586945593357,0,60.3848668932915,0,0,15.5424797832966,193.219792559743,0,517.129802703857,57.3275140523911,22053.790263772,2744.89360947162,510.692927598953,184.249540671706,0,27.0942578613758
0,0,0,0.642848968505859,0,0.245333269238472,0,0,0,0,0,0,0,0,0,0,12.2619612812996,17.9255930036306,290.468036226928,7.06586921215057,0,0,0,0,0,0,0,0,0,0,0,0.46778504550457,0,0.290613055229187,0,71.7397129535675,2.43996339291334,0,0,0,0,746.305820085108,12.0735329538584,55.8450798094273,0,744.175937868655,3.84982407093048,64.6892421394587,4.07018598914146,102.894236445427,0,0,0,0,0,0,3.89976835250854,1.11141418665648,0,0,0,0,207.38708139956,1.81907641887665,0,0,0,0,0,0,1.04676377773285,0,8.55612403899431,0,35.8974075466394,0,3.93241606652737,0,1041.95251770318,3.68699744343758,39.1897967010736,0.274646580219269,162.675889261067,3.1846162378788,265.237080223858,384.172842741013,2.91365347802639
0,0,0.617811411619186,0,5.22616168856621,0,0,0,0,0,0,0,0,0,0,0,0.299451470375061,0,7.19568283855915,0,4.69285172224045,0,0,0,0,0,0,0,0,0,0,0,0,0,0,0,5.98833948373795,0,0,0,0,0.177816182374954,86.5932171046734,0,0.592157185077667,0,57.6005982607603,9.53628972172737,104.176648557186,0,0,0,0,0,0,0,22.1544440835714,0,0,0,0,0,0,416.852448537946,0,0,0,0,0,0,0,0,0,0.473524540662766,0,0,0,0.703037083148956,0,2006.33273480833,0,7.63195883482695,9.58288007974625,0,312.22569861263,0,6.34395623207092
0,88.6709457188845,0.423338815569878,57.9062971770763,0.175145745277405,3.51769787073135,0,0,0.932037025690079,10.193145647645,0,0,0,0,0,0,106.929792836308,139.706795237958,2147.27097597718,5.46186652779579,0.297486752271652,0,0,0,0,0,0,0,0,0,0,3.69288194179535,0,1.28237368166447,0,283.061907246709,19.0095937922597,74.8912073820829,0.162112072110176,746.305820085108,0.177816182374954,0,175.069935470819,199.912774071097,1.74293863773346,173.001991741359,30.0441009253263,133.654879823327,3.4456624686718,888.81409060955,0,0,0,0,0,10.8165571540594,3.18541215360165,345.063000395894,0,1.57656320929527,0,0,974.388542979956,2.38772570341825,0,0,0,0,0,0,33.6422969400883,0,400.780428633094,1.19358703494072,21.8982142955065,0,22.5077815055847,0,4446.1788514778,34.9574254602194,285.16130040586,7.77349410951138,1470.11298843473,15.7957375943661,3531.31010766327,2569.45651483536,20.9741596579552
15.2843936383724,0,32.502282500267,0,42.4923678040504,0,0,0,4.40954193472862,0.638194859027863,0,0,0,0,0,0,134.366279229522,50.1004511043429,952.261248990893,0.14831106364727,10.5024976357818,0,0,0,0,0,0,0,0,0,0,0,0,0,0,2.69046956300735,571.240616492927,0,70.7572112679482,12.0735329538584,86.5932171046734,175.069935470819,0,0,10.1325758546591,5.57470658421516,555.857072949409,116.838970303535,509.335018888116,15.992608293891,3.39529831707478,0,0,0,0.345354229211807,0,375.564834363759,0,0.730357825756073,0,0,0,1.59554387629032,240.976646691561,0,0,0,0,0,0,0,47.2119165360928,1.07718056440353,1288.8438282758,0,0,0.295881003141403,0,30.7743476182222,1917.1222563535,0.651133418083191,906.288874045014,732.43164999783,0,4474.17514839768,8.83421593904495,1281.19046749175
0,0,0,0,0,0,0,0,0,0,0,0,0,0,0,0,5.25444695353508,0.806250423192978,78.7045339047909,0,0,0,0,0,0,0,0,0,0,0,0,0,0,0,0,1.87877884507179,0,0,0,55.8450798094273,0,199.912774071097,0,0,0,8.74298506975174,0,0,0,3.44019818305969,0,0,0,0,0,0,0.144476056098938,26.9025223404169,0,0,0,0,28.8198409974575,0,0,0,0,0,0,0,0.53759378194809,0,70.9592062532902,0,1.03354597091675,0,0,0,60.9357202202082,0,145.77249391377,0,19.2279962003231,0.555894628167152,380.785645529628,90.493374556303,0
0,0,0,0,0,0,0,0,0,0,0,0,0,0,0,0,1.83198764920235,0,10.5792160183191,0,0.329368561506271,0,0,0,0,0,0,0,0,0,0,0,0,0,0,0,4.71320208907127,0,0.362948834896088,0,0.592157185077667,1.74293863773346,10.1325758546591,0,0,3.1610279083252,14.9463643580675,0,0,0,0,0,0,0,0,0,0,0,0,0,0,0,0,0.261219523847103,0,0,0,0,0,0,0,0,0,6.86686253547668,0,0,0,0,0.234676346182823,23.9798454940319,0,5.1591902077198,3.38003093004227,0,45.2270096838474,0,1.46497282385826
0,0,2.13025212287903,2.08880972862244,7.48621155321598,0,0,0,0,0,0,7.77811059355736,0,0,0,0,0,3.12802782654762,32.5385036021471,138.376968368888,1.34930753707886,0,0,0,0,0,0,0,0,0,0,1.21258494257927,0,0,0,409.864973068237,4.75015656650066,4.27803567051888,0.172072514891624,744.175937868655,0,173.001991741359,5.57470658421516,8.74298506975174,3.1610279083252,0,12.6413315236568,21.2021213918924,83.1012136042118,32.6619532704353,0.864179372787476,0,0,0,0,0,26.677903547883,194.686113163829,0,0,0,0,831.448940336704,53.5272951945662,0,0,0,0,1.54505658149719,0,7.38243621587753,0.534194633364677,295.257579781115,6.42109334468842,50.9227449670434,0,0.317360058426857,0,3075.81348285079,6.73896247893572,841.180477306247,6.59784296154976,145.551162995398,32.2189694195986,1102.34592917562,26.9060291647911,0
7.87602812051773,0,86.9784831106663,0,41.3625523895025,0,0,0,1.03222227096558,0.658125162124634,1.38603596389294,0,0,0,0,0,57.3645063787699,20.3003930747509,460.785691790283,3.52793908119202,12.7389201074839,0,0,0,0,0,0,0,0,0,0,0,0,0,0,1.90317092835903,201.824944995344,0,46.9249901026487,3.84982407093048,57.6005982607603,30.0441009253263,555.857072949409,0,14.9463643580675,12.6413315236568,0,11.1127330064774,86.1722001433372,1.86729204654694,7.48235139250755,0,0,0,0.727910876274109,0,43.4013505205512,0,0,0,0,0,9.15310803055763,195.925716102123,0,0,0,0,0,0,0,0.242619037628174,0,67.5980830565095,0,0,0.194896250963211,0,9.44658081233501,859.315965287387,3.29851084947586,236.537346512079,168.995663784444,0.300249397754669,549.121366627514,2.31698995828629,60.6085706055164
0,0,0,0,0,0,0,0,0,0,0,0,0,0,0,0,0,0,4.94394528865814,4.096938803792,0,0.656497538089752,2.7582072019577,0,0,0,0,0,0,0,0,725.63790230453,192.209558427334,1521.8725130558,1156.92013838887,196.560836732388,2.90069031715393,500.916602224112,528.870184153318,64.6892421394587,9.53628972172737,133.654879823327,116.838970303535,0,0,21.2021213918924,11.1127330064774,0,1419.29923154414,865.246392279863,0,0,0,0,0,0,1.0730787217617,0,0,0,0,0,47.0067607462406,5.31280620396137,0,2.27784702181816,0.344103038311005,0,0,0,0.389180868864059,0,4.25444599986076,0,655.975587397814,368.553291082382,539.215940281749,1090.26862418652,686.005113497376,614.446867525578,173.977148473263,345.284757614136,794.117491602898,123.794039383531,511.505237191916,0.675823122262955,0
240.820548385382,0,79.3511757552624,0,30.339776456356,0,0,0,9.68795242905617,0,0.81104764342308,0,0,0,0,0,0,0,5.52559064328671,2.24851825833321,2.88261744379997,0,21.0004192590714,0,10.3213196992874,0,0,0,0,0,0,0,5.58703738451004,5.11337739229202,99.1452780365944,10.1898514926434,63.9874641522765,0,128.465279534459,4.07018598914146,104.176648557186,3.4456624686718,509.335018888116,0,0,83.1012136042118,86.1722001433372,1419.29923154414,0,0,6.75672778487206,0,0,0,0.400232970714569,0,61.9006455540657,1.8166356086731,0,0,117.054217427969,0,37.5176951438189,160.891626566648,0,11.0639433264732,0,47.1760967969894,0,90.7992637455463,0.16225977241993,95.8149351477623,2.15983004868031,47.2311553061008,1.98183310031891,3.36186504364014,0,53.0922310054302,101.711774423718,221.000798262656,4.3577167391777,404.85792145133,131.033029615879,1.90793269872665,1425.72794493288,0,6.31673741340637
0,62.9067271053791,0,23.7876721322536,0,0,0,0,0,0.456476509571075,0,0,0,0,0,0,2.95857697725296,1.42411631345749,45.9647490829229,6.50728996098042,0,27.0055919289589,0,7.45421868562698,0,0,0,0,0,0,0,0,0,73.7179083228111,0,2.28763028979301,0.205755159258842,175.430253744125,0,102.894236445427,0,888.81409060955,15.992608293891,3.44019818305969,0,32.6619532704353,1.86729204654694,865.246392279863,0,0,0,0,0,0,0,0,0.215694010257721,88.1291998326778,0,38.179107606411,0,9.68028381466866,52.0897592753172,0.241737633943558,100.934991240501,0,89.4003435373306,0,8.33881008625031,0,59.3916806727648,0,86.375385299325,0,16.0204984843731,0,122.226162999868,0,762.610547997057,1.40384504199028,763.490063816309,0.358029276132584,157.568942070007,0.535877361893654,477.379827126861,17.6390912979841,0.705899238586426
0.282107591629028,0,0,0,220.533096879721,0,20.2229455709457,0,1,0,1.71211993694305,0,0,0,0,0,0,0,0,0,1.05734553933144,0,0,0,0,0,0,0,0,0,0,0,0,0,0,0,0.583392545580864,0,0,0,0,0,3.39529831707478,0,0,0.864179372787476,7.48235139250755,0,6.75672778487206,0,0,0,117.934875577688,0,4.14293622970581,0,38.373737514019,0,41.6134947240353,0,27.7992327511311,0,0,27.4621402025223,0,0,0,0,0,0,0,1.16964316368103,1.41354036331177,1.55509918928146,0,0,0,0,0,0.407704323530197,0,0,3.72171071171761,0.276029467582703,21.1660413146019,0,0
0,0,0,11.4067568778992,0,193.470503538847,0,11.2261719703674,0,10.6394100189209,0,3.20772409439087,0,0,0,0,0,0,0,0,0,0,0,0,0,0,0,0,0,0,0,0,0,0,0,0,0,0,0,0,0,0,0,0,0,0,0,0,0,0,0,0,0,31.8589718341827,0,0,0,18.6716908216476,0,0,0,14.6369223594666,0,0,0,0,0,0,0,0,0,0,0,0,0,0,0,0,0,0,0,0,13.9733800888062,0,0,0,0
0,0,0,0,107.365565240383,0,374.768830001354,0,0,0,140.942092269659,0,9.08194041252136,0,0,0,0,0,0,0,5.2261775135994,0,0,0,0,0,0,0,0,0,0,0,0,0,0,0,0,0,0,0,0,0,0,0,0,0,0,0,0,0,117.934875577688,0,0,0,0,0,359.453875735402,0,7.18653333187103,0,0,0,0,0,0,0,0,0,0,0,0,0,0,0,0,0,0,0,0,0,0,0,2.06724616885185,0,0,0,0
0,0,0,0,0,212.120582133532,0,410.591395884752,0,0,0,25.9831932783127,0,0,0,0,0,0,0,0,0,0,0,0,0,0,0,0,0,0,0,0,0,0,0,0.876477420330048,0,0,0,0,0,0,0,0,0,0,0,0,0,0,0,31.8589718341827,0,0,0,0,0,117.876528203487,0,0,0,0,0,0,0,0,0,0,0,0,0,0,0,0,0,0,0,0,0,0,0,0,61.1704235374928,0,0,0,0
248.773924991488,0,6.94399684667587,0,8.67157137393951,0,0,0,468.0064753443,6.58008055388927,0,0,0,0,3.63681483268738,0.645592957735062,171.316993489861,35.1510320007801,22.4699907302856,0,0,0,0,0,3.10249471664429,0,0,0,0,0,0,0,0,0,0,0,0,0,0,0,0,0,0.345354229211807,0,0,0,0.727910876274109,0,0.400232970714569,0,4.14293622970581,0,0,0,0,0,0,0,0,0,107.958088338375,1.20354603230953,0,0,0,0,0,669.935586512089,0,0,0,0,0,0,0,0,0,0,0,0,0,1.8064798116684,137.735966257751,0,0,0,2.01844549179077
0,210.676473930478,0,34.8176776766777,0,6.93303406238556,0,0,0,595.920863360167,0,0,0,0,0,7.53093278408051,12.8136265724897,64.3304543048143,15.5743822455406,0,0,0,0,13.7255603373051,0,0,0,0,0,0,0,0,0,0,0,0,0,20.1412749886513,0,0,0,10.8165571540594,0,0,0,0,0,0,0,0,0,0,0,0,0,0,0,0,0,0,0,76.6086671352386,0,0,0,0,50.5855241119862,0,0,0,0,0,0,0,0,0,0,0,0,0,63.2738111019135,0,124.790905535221,0,23.1656498163939,1.27250099182129,0
13.1214033961296,0,14.3335682749748,0,89.3584316000342,0,156.343932449818,0,0,0.176306962966919,1546.00313659012,0,8.40783619880676,0,0,0,0.268359467387199,1.8420507311821,10.6752231046557,2.03124943375587,708.960886657238,0,0,0,0,0,0,0,0,0,38.6372550427914,0,0,0,0,0.243193432688713,23.807996340096,0,3.85641074180603,3.89976835250854,22.1544440835714,3.18541215360165,375.564834363759,0.144476056098938,0,26.677903547883,43.4013505205512,1.0730787217617,61.9006455540657,0.215694010257721,38.373737514019,0,359.453875735402,0,0,0,0,0,618.148708492517,0,102.011879891157,0,12.61511041224,767.819074951112,0,0,0,0,0,4.0216355919838,0,539.496423825622,1.08589841425419,394.727052852511,0,0,0,0,8.30096757411957,39.8042516335845,1.97460843622684,4.71200674772263,139.026822261512,0.912562549114227,1304.02894318104,0,31.9482591748238
0,114.205903023481,0,4.62913936376572,0,5.26626920700073,0,6.34498298168182,0,0,0,1857.64362740517,0,0,0,0,0,0.37496130168438,6.77419133484364,200.575731605291,0,0,0,0,0,0,0,0,0,2.88995757699013,0,0,0,0,0,1.52908234298229,0.952125087380409,46.2147525846958,0,1.11141418665648,0,345.063000395894,0,26.9025223404169,0,194.686113163829,0,0,1.8166356086731,88.1291998326778,0,18.6716908216476,0,117.876528203487,0,0,0,0,0,294.357237488031,0,152.147201687098,782.600331440568,0.788210332393646,0,0,0,0,14.4744119644165,0,747.336935222149,0,528.793400093913,0,0,0,0,0,9.06656687706709,0,95.406084805727,0,77.3802894502878,5.01610213518143,401.986842907965,77.5236183106899,0
36.8933511078358,0,0.684621214866638,0,5.91716998815536,0,0,0,4.6509085893631,0,14.9076526165009,0,20.7225630879402,0,2.60840475559235,0,0,0,0,0,0,0,0,0,0,0,0,0,0,0,0,0,0,0,0,0,0,0,0,0,0,0,0.730357825756073,0,0,0,0,0,0,0,41.6134947240353,0,7.18653333187103,0,0,0,618.148708492517,0,0,0,218.870896697044,0,0,1.87559676170349,0,0,0,0,0,154.838375866413,0,130.911129593849,0,0,0,0,0,0,0,0,0,0,21.7639281749725,4.90511703491211,10.8420159816742,0,0
0,8.24555113911629,0,5.03889870643616,0,0,0,0,0,0,0,41.4272288680077,0,349.447384163737,0,39.2363319993019,0,11.6647593975067,0,0,0,0,0,0,0,0,0,127.486209481955,0,25.987760335207,0,0,0,0,0,0,0,0,0,0,0,1.57656320929527,0,0,0,0,0,0,0,38.179107606411,0,0,0,0,0,0,0,294.357237488031,0,0,0,69.6397732198238,1.81908893585205,0,0,0,0,0,6.31183776259422,0,56.6758877635002,0,1.74953213334084,0,0,0,0,0,0,0,0,0,7.2354633808136,0,16.7724628448486,0,0
127.686011150479,0,2.32990527153015,0,6.33078864216805,0,0,0,320.881173416972,0.281691640615463,0,0,12.3952178359032,0,124.278765529394,0,230.993590414524,24.2520341277122,4.34032297134399,0,0,0,0,0,0,0,0,0,0,0,0,0,0,0,0,0,0,0,0,0,0,0,0,0,0,0,0,0,117.054217427969,0,27.7992327511311,0,0,0,107.958088338375,0,102.011879891157,0,218.870896697044,0,0,0,0,0,0,0,0,0,0,0,0,0,0,0,0,0,0,0,0,0,0,0,17.627050369978,0,22.1641050875187,0,0
0,78.4088139235973,0,146.921316444874,0,5.90813863277435,0,0,5.75732344388962,145.109918951988,0,0,0,41.6582124829292,0,162.829913452268,80.2621225863695,246.390752792358,29.2820550650358,0,0,0,0,0,0.444165378808975,0,0,0,0,0,0,0,0,0,0,0,0,0,0,0,0,0,0,0,0,0,0,0,0,9.68028381466866,0,14.6369223594666,0,0,1.20354603230953,76.6086671352386,0,152.147201687098,0,69.6397732198238,0,0,2.41917544603348,0,0,0,0,0,42.1536041498184,0,68.2382294535637,0,1.23101857304573,0,0,0,0,0,0,0,0,0,122.341789782047,0,15.3923417329788,0,1.84026527404785
0,2.96351104974747,2.61798471212387,0.396679759025574,0.706325590610504,6.08790510892868,0,0,0,0,0,34.4176455885172,0,0,0,0,1.03993201255798,1.97788743674755,19.1828844994307,1263.78417874873,2.09515869617462,0,0,0,0,0,0,0,0,0,0,0.586588695645332,0,0,0,684.906618468463,3.43211875855923,55.4435158371925,1.21820724010468,207.38708139956,0,974.388542979956,1.59554387629032,28.8198409974575,0,831.448940336704,9.15310803055763,47.0067607462406,37.5176951438189,52.0897592753172,0,0,0,0,0,0,12.61511041224,782.600331440568,0,1.81908893585205,0,2.41917544603348,0,28.9362014308572,0,0,0,0,0.536530315876007,0,39.217557489872,0.33902907371521,120.736875489354,2.02342768013477,62.8320023715496,0,1.06755024194717,0,1779.52890861779,3.16267919540405,553.590870752931,3.2461244314909,258.843180410564,60.0534863770008,636.238749414682,145.043609380722,0
1.03676368296146,0,8.26962991058826,0,494.593902722001,0,1.04495096206665,0,0,0,21.8330124616623,0,0,0,0,0,8.75314919650555,3.285569652915,33.0566241517663,6.59390911459923,957.610143601894,0,0,0,0,0,0,0,0,0,0,0,0,0,0,1.95613178610802,366.419491522014,0,23.8824788182974,1.81907641887665,416.852448537946,2.38772570341825,240.976646691561,0,0.261219523847103,53.5272951945662,195.925716102123,5.31280620396137,160.891626566648,0.241737633943558,27.4621402025223,0,0,0,0,0,767.819074951112,0.788210332393646,1.87559676170349,0,0,0,28.9362014308572,0,0,0,0,0,0,0,0,8.67637431621552,3.24768085032701,267.197091504931,2.04347205162048,0,0,1.64443707466125,11.4984044134617,1576.36815996468,1.54436385631561,578.400254093111,82.8022822216153,2.58727019280195,758.594530969858,0,18.956533074379
0,0,0,0,0,0,0,0,0,0,0,0,0,0,0,0,0,3.93977499008179,0,0,0,4458.57777418196,0,0,0,26.9840002655983,0,127.136815607548,0,0,0,0,0,0,0,0,0,171.307201355696,0,0,0,0,0,0,0,0,0,0,0,100.934991240501,0,0,0,0,0,0,0,0,0,0,0,0,0,0,0,0,393.539676636457,0,156.480945706367,0,264.641428157687,0,20.4329308867455,0,0,0,0,0,0,0,808.312906563282,0,24.5868549346924,0,0,0,0
0,0,0,0,0,0,0,0,0,0,0,0,0,0,0,0,0,0,0,0,0,21.5132601857185,4126.88330942392,0,34.2574798613787,0,44.4979659616947,0,30.7154408097267,0,0,0,0,0,0,0,0,0,619.3498698771,0,0,0,0,0,0,0,0,2.27784702181816,11.0639433264732,0,0,0,0,0,0,0,0,0,0,0,0,0,0,0,0,0,0,261.30871668458,0,497.50006493926,0,336.494462877512,0,6.19551655650139,0,0,0,0,0,0,0,1230.10016535223,108.286963433027,74.009595990181,0,0,0
0,0.352303147315979,0,0,0,0,0,0,0,43.1262215077877,0,0,0,0,0,0,0,0,0,0,0,157.713722020388,0,461.460026651621,0,0.436616033315659,0,0,0,0,0,0,0,0,0,0,0,56.4944234192371,0,0,0,0,0,0,0,0,0,0.344103038311005,0,89.4003435373306,0,0,0,0,0,50.5855241119862,0,0,0,0,0,0,0,0,393.539676636457,0,0,0,16.7193417549133,0,13.1971130371094,0,0,0,0,0,0,0,0,0,249.326727822423,0,47.5806648433208,0,80.5653515458107,0,0
0.670214414596558,0,0,0,0,0,0,0,203.528420954943,1.5798522233963,0,0,0,0,0,0,9.33338913321495,1.00947761535645,5.27816846966743,0,0,0,74.4738444983959,0,982.521841347218,0,0,0,0,0,0,0,0,0,0,0,0,0,42.3586532175541,0,0,0,0,0,0,0,0,0,47.1760967969894,0,0,0,0,0,669.935586512089,0,0,0,0,0,0,0,0,0,0,261.30871668458,0,0,0.549574613571167,1.48732136189938,0,5.3103956580162,0,0,0,0,0,0,0,0,0,17.1565888226032,2.02783679962158,0,0,0,0
0,0,0,0,0,0,0,0,1.36647295951843,0,0,0,0,0,0,34.6093703210354,6.55501264333725,3.3209519982338,1.78480935096741,0,0,137.226171404123,0,28.968654692173,0,516.631877273321,0,51.543417930603,0,0,0,0,0,0,0,0,0,0,0,0,0,0,0,0,0,1.54505658149719,0,0,0,8.33881008625031,0,0,0,0,0,0,0,14.4744119644165,0,6.31183776259422,0,42.1536041498184,0.536530315876007,0,156.480945706367,0,16.7193417549133,0.549574613571167,0,0,886.556869238615,0,0.374726414680481,0,0,0,0,0,0,0,0,0,7.8038866519928,0,45.9439589083195,0,0
0,0,0,0,0,0,0,0,2.23505663871765,0,0,0,0,0,6.82208597660065,0,57.2998779416084,1.88851177692413,0,0,0,0,327.801210731268,0,163.691398382187,0,518.867149144411,0,19.1983799636364,0,0,0,0,0,0,0,0,0,3.09441447257996,0,0,0,0,0,0,0,0,0,90.7992637455463,0,0,0,0,0,0,0,4.0216355919838,0,154.838375866413,0,0,0,0,0,0,497.50006493926,0,1.48732136189938,0,0,0,751.749988973141,0,0,0,0,0,0,0,0,0,0,13.0119114518166,0.881289124488831,0,0,0
0,3.09143510460854,0,0,0,0,0,0,0,0,0,3.70418608188629,0,22.1644891500473,0,16.1995036303997,0,0,0,0,0,164.047403156757,0,0,0,180.626948416233,0,1807.11088988185,0,636.919339299202,0,0,0,0,0,0,0,33.4659401476383,0,1.04676377773285,0,33.6422969400883,0,0.53759378194809,0,7.38243621587753,0,0.389180868864059,0.16225977241993,59.3916806727648,0,0,0,0,0,0,0,747.336935222149,0,56.6758877635002,0,68.2382294535637,39.217557489872,0,264.641428157687,0,13.1971130371094,0,886.556869238615,0,0,0,819.048682823777,0,0,0,0,0,1.60622905194759,0,121.819916024804,0,5.56904098391533,0.285612106323242,108.545780152082,11.6356934309006,0
0,0,0,0,0,0,0,0,0,0,83.5546934008598,0,4.71117913722992,0,0,0,0,0,0.113743960857391,0,3.16134905815125,0,426.121916025877,0,0,0,39.6531050205231,0,708.807541012764,0,162.390282392502,0,0,0,0,0,1.28137515485287,0,79.7586945593357,0,0,0,47.2119165360928,0,0,0.534194633364677,0.242619037628174,0,95.8149351477623,0,1.16964316368103,0,0,0,0,0,539.496423825622,0,130.911129593849,0,0,0,0.33902907371521,8.67637431621552,0,336.494462877512,0,5.3103956580162,0,751.749988973141,0,0,0,184.570659309626,0,0,0,0,0,2.60662937164307,0,68.791677236557,0.41918408870697,0,76.8715112805367,0,5.56397730112076
0,3.51598304510117,0,0,0,0,0,0,0,0,0,285.167246729136,0,0,0,0,0.199216365814209,0.679369390010834,28.5368057489395,29.4311958253384,0.461019814014435,2.48047140240669,0,0,0,0,0,70.2073511183262,0,718.356249779463,0,0,0,1.88059759140015,0,5.60264326632023,0.914543136954308,123.969677269459,0,8.55612403899431,0,400.780428633094,1.07718056440353,70.9592062532902,0,295.257579781115,0,4.25444599986076,2.15983004868031,86.375385299325,1.41354036331177,0,0,0,0,0,1.08589841425419,528.793400093913,0,1.74953213334084,0,1.23101857304573,120.736875489354,3.24768085032701,20.4329308867455,0,0,0,0.374726414680481,0,819.048682823777,0,0,0,0,0,1.54660618305206,0,29.0224117562175,0.321626454591751,1047.28169892728,0.191567376255989,23.5786721408367,2.81492759287357,785.821037329733,120.767276808619,0
