0,61.2466011047363,8.77728477735368,0,0,0,0,0,4.97488673003595,0,0,0,0,0,6.3206615447998,0,48.0976867675781,0,5.28359018828341,0,0,0,0,0,0,0,0,0,0,0,0,0,0,0,0,0,0,40.4261283874512,20.0025463104248,87.4931564331055,37.0107154846191,62.0114135742188,20.8335214103509,0,0,0,26.146953868866,37.3024415102872,5.23660602267966,40.8129787445068,0,0,0,0,6.23157478438483,0,0,0,0,0,3.60614047050476,0,0,0,0,0,0,0,0,3.89495301246643,0,41.3766975402832,0,33.9052278078519,0,0,0,0,0,37.7004704066685,0,32.5498187541962,19.7490429017554,76.7813491821289,14.153608037238,0,6.85990201799493
61.2466011047363,0,0,4.185245875016,0,0,0,0,68.1129531860352,4.92307809467973,0,0,0,0,0,0,0,0,9.83981544630868,0,0,0,0,0,0,0,0,0,0,0,0,0,0,0,0,0,0,0,0,34.0924362455096,0,24.1273112176847,0,0,0,18.6106264694877,0,39.5084158579508,34.1231918334961,4.20838867596218,0,0,0,0,0,3.70324653172664,0,3.46735948428773,0,4.75003633256686,0,4.78879746049643,9.35958604812622,0,0,0,0,0,15.4074490865072,0,25.7850077946981,0,27.5146297454834,0,0,0,0,0,37.5511535821959,0,36.533542905535,0,18.2360422883068,0,12.0504967102936,22.4465045928955,0
8.77728477735368,0,0,0,17.6140328575583,0,0,0,8.13495609339546,0,0,0,0,0,0,0,94.8951835632324,91.734130859375,68.5705591837565,0,0,0,0,0,0,0,0,0,0,0,0,0,0,0,62.4562454223633,0,37.1993999481201,0,0,61.9220237731934,34.7165424173528,0,31.0560294154392,0,0,0,31.5582125046674,56.0502068655831,33.1199730951852,0,9.05762953941639,0,0,0,6.78348676363627,0,3.8346470745304,0,5.07008874614209,0,7.52463399280201,0,0,28.1843357086182,0,0,0,0,0,0,0,32.6928869883219,0,27.6418732344502,0,0,0,65.497688293457,0,40.6936019094367,0,47.0202979212222,16.4158739496809,24.9477582772573,17.9559116841581,0,20.1014738082886
0,4.185245875016,0,0,0,4.83067779897529,0,0,0,8.92100042520567,0,3.78048801422119,0,0,0,0,121.7190284729,68.7441177368164,58.9791591962179,0,0,0,0,0,0,0,0,0,0,0,0,0,0,72.1195030212402,0,17.9954514694214,35.8651485443115,70.8633193969727,0,43.561333171905,0,39.0190737366676,43.9916427612305,13.7093410491943,0,29.7846752035207,0,47.0687323738547,34.2082997004191,18.3266313483401,0,6.19529563787753,0,0,0,0,0,5.31450124743477,0,6.55467666213105,0,7.58540532570477,13.467035807096,0,0,0,0,0,0,0,37.4249881397594,0,28.9538693916141,0,0,0,0,0,41.324729742148,34.3146317799886,45.0793255892667,63.4307670593262,19.3365091217889,19.4265419786627,14.5654973788498,61.7678955623082,0
0,0,17.6140328575583,0,0,0,4.14241671562195,0,2.94903755187988,0,0,0,0,0,0,0,0,0,0,0,4.59890336649759,0,0,0,0,0,0,0,0,0,0,0,0,0,0,0,29.1434001922607,0,0,0,41.0251216888428,0,41.1977519989014,0,0,0,44.7438854217529,68.9120292663574,40.5185108184814,0,4.82270638786093,0,2.8345901966095,0,28.4696292877197,0,0,0,0,0,0,0,0,8.85574849446615,0,0,0,0,0,0,0,0,0,38.6050624847412,0,0,0,0,0,0,0,61.6025047302246,6.8121861272388,25.7167816162109,8.98600292681854,0,59.7752456665039
0,0,0,4.83067779897529,0,0,0,0,0,0,0,2.98377553621928,0,0,0,4.52081699598403,0,0,0,3.79135097397698,0,0,0,0,0,0,0,0,0,0,0,0,0,0,0,19.7551062901815,0,0,0,33.6717224121094,0,47.6928861406114,0,0,0,39.1938104629517,0,68.59619140625,0,34.51552734375,0,2.99016940350435,0,2.76659039656321,0,0,0,2.82036501627702,0,5.68378400802612,0,0,10.4038981861538,0,0,0,0,0,0,0,0,0,37.5307998657227,0,0,0,0,0,28.6755548477173,0,0,0,4.60775912143815,26.9188003540039,7.14442901350871,0,0
0,0,0,0,4.14241671562195,0,0,0,0,0,5.50408267974854,0,0,0,0,0,0,0,0,0,4.41865969246084,0,0,0,0,0,0,0,0,0,0,0,0,0,0,0,0,0,0,0,0,0,0,0,0,0,0,0,0,0,2.75286841392517,0,2.80586163202922,0,0,0,0,0,0,0,0,0,0,5.0545129776001,0,0,0,0,0,0,0,0,0,0,0,0,0,0,0,0,0,0,3.63562064700656,0,4.1370757818222,0,0
0,0,0,0,0,0,0,0,0,0,0,2.72383332252502,0,0,0,0,0,0,0,0,0,0,0,0,0,0,0,0,0,0,0,0,0,0,0,0,0,0,0,0,0,0,0,0,0,0,0,0,0,0,0,0,0,3.27259273155063,0,0,0,2.96031475067139,0,2.73428916931152,0,0,0,0,0,0,0,0,0,0,0,0,0,0,0,0,0,0,0,0,0,0,2.72785520553589,3.10075879096985,0,0,0
4.97488673003595,68.1129531860352,8.13495609339546,0,2.94903755187988,0,0,0,0,16.5286549992032,0,0,0,0,5.24297033615832,0,12.7769905295941,21.6427932164026,7.95658178230127,0,0,0,0,0,13.1266108921596,0,0,0,0,0,0,0,0,0,0,0,0,43.8906364440918,8.46261660462802,46.4135565324263,0,43.1536998748779,10.9432563272297,0,0,40.6831219991048,0,41.4336910247803,4.11229476561913,0,0,0,0,0,8.11692998107714,0,0,0,0,0,3.275439341863,0,49.7178258895874,0,0,0,0,9.30184216334902,0,4.3519112666448,0,0,47.6503486633301,39.143718401591,0,0,0,0,58.2922546863556,64.4207534790039,0,9.89546137435414,6.35918352520774,29.9413280487061,13.1581406343452,0,6.80878305435181
0,4.92307809467973,0,8.92100042520567,0,0,0,0,16.5286549992032,0,0,0,0,0,0,4.00073679855892,20.7947268486023,0,4.46899817039917,0,0,0,0,5.44805297897745,0,3.58469471064481,0,0,0,0,0,0,0,20.2579582759312,0,0,0,8.28000169338249,0,63.0933113098145,0,19.052837675268,0,0,0,37.0324935913086,36.5607681274414,0,0,4.71259861900693,0,0,0,0,0,6.5546250079624,0,38.1840057373047,0,0,0,3.15891586409675,0,0,0,0,4.97370303244818,0,3.15938514471054,0,0,0,38.1514110565186,0,0,0,22.7359453502454,0,0,0,13.7914012556984,0,6.08032017557424,0,7.42418132882261,11.5866202116013,0
0,0,0,0,0,0,5.50408267974854,0,0,0,0,0,2.9985732707532,0,0,0,0,0,0,0,3.37661165616983,0,0,0,0,0,0,0,3.08348179667184,0,3.16979487318742,0,0,0,0,0,3.26882982254028,0,3.79624271708376,0,0,0,0,0,0,0,0,0,0,0,7.85034138815744,0,3.19829304612798,0,0,0,4.4527907112949,0,3.59448789225684,0,0,0,0,3.68828404076556,0,0,0,0,0,0,0,3.06169562998826,0,0,0,0,0,0,0,3.59315188725789,0,4.86497837846929,3.21696308282045,3.60420786512309,0,0,0
0,0,0,3.78048801422119,0,2.98377553621928,0,2.72383332252502,0,0,0,0,0,3.15889912130643,0,0,0,0,56.8243103027344,3.2858924851845,0,0,0,0,0,0,0,2.73463082313538,0,3.7942947546641,0,0,0,0,0,3.18562636219884,0,3.72444192831181,0,0,0,0,0,0,0,0,0,0,0,0,0,2.99826288223267,0,0,0,0,0,3.90547134447611,0,3.43768811247351,0,0,3.74293060104052,0,0,0,0,0,0,0,0,0,10.0274796119103,0,0,0,0,0,4.41786821020974,0,4.2834783692347,0,3.25282464027405,0,4.93315096462474,0,0
0,0,0,0,0,0,0,0,0,0,2.9985732707532,0,0,0,3.4406890074412,0,0,0,0,0,0,0,0,0,0,0,0,0,0,0,0,0,0,0,0,0,0,0,0,0,0,0,0,0,0,0,0,0,0,0,0,0,0,0,0,0,3.30444592793783,0,4.27835025047434,0,6.10559765249491,0,0,0,0,0,0,0,0,0,0,0,0,0,0,0,0,0,0,0,0,0,0,0,0,0,0
0,0,0,0,0,0,0,0,0,0,0,3.15889912130643,0,0,0,3.48853720914597,0,0,0,0,0,0,0,0,0,0,0,0,0,0,0,0,0,0,0,0,0,0,0,0,0,0,0,0,0,0,0,0,0,0,0,0,0,0,0,0,0,3.45028033818582,0,3.2086591190762,0,3.32809404960045,0,0,0,0,0,0,3.58410513401031,0,0,0,0,0,0,0,0,0,0,0,0,0,2.94639341533184,3.038764330057,0,0,0
6.3206615447998,0,0,0,0,0,0,0,5.24297033615832,0,0,0,3.4406890074412,0,0,0,0,0,0,0,0,0,0,0,0,0,0,0,0,0,0,0,0,0,0,0,0,0,0,0,0,0,0,0,0,0,0,0,3.16214847564697,0,0,0,0,0,9.19269300889278,0,0,0,4.5965164268718,0,4.71998460542143,0,0,0,0,0,0,0,0,0,0,0,0,0,0,0,0,0,0,0,0,0,0,0,0,0,0
0,0,0,0,0,4.52081699598403,0,0,0,4.00073679855892,0,0,0,3.48853720914597,0,0,0,0,0,0,0,0,0,0,0,0,0,2.97134408354759,0,0,0,0,0,0,0,0,0,0,0,0,0,0,0,0,0,0,0,0,0,0,0,4.98926038742065,0,0,0,8.58200490676751,0,0,0,3.55138083126234,0,3.47937434120516,0,0,0,0,0,0,7.91348430845473,0,3.3875181241469,0,0,0,0,0,0,0,0,0,0,0,3.30903797883254,0,0,0,0
48.0976867675781,0,94.8951835632324,121.7190284729,0,0,0,0,12.7769905295941,20.7947268486023,0,0,0,0,0,0,0,23.9430907074236,24.0958350980847,0,0,0,7.30310821533203,44.4630317687988,10.8009869217873,42.7904968261719,8.46548568861825,0,0,0,0,0,0,0,0,0,0,0,0,69.5575852281465,60.678344698718,70.9980175369664,53.5945540697147,26.6753792762756,0,59.9237022725945,55.4797855321099,0,105.385448455811,88.7638549804688,75.8348617553711,0,0,0,0,0,77.5329055786133,72.8989448547363,0,0,0,0,65.0612079620361,60.6492023468018,0,3.25828849701654,29.1954650878906,0,33.9406749725342,5.61835464564237,0,0,58.4717051188151,56.0509251681241,0,0,0,0,76.5006365960883,67.1261876477693,75.361092200646,61.2065337243741,15.3726775589311,11.1688595064103,59.7346702869548,0,49.7215834907863
0,0,91.734130859375,68.7441177368164,0,0,0,0,21.6427932164026,0,0,0,0,0,0,0,23.9430907074236,0,21.1033496838224,0,0,0,0,15.0755736986796,20.7330844402313,15.2190730412801,51.8495445251465,0,0,0,0,0,0,0,0,0,0,0,0,63.913880206169,66.9443235044126,56.5492592710928,69.4481924317724,22.6881580352783,0,57.5855312261107,59.246819280809,0,0,64.6471643447876,101.95751953125,0,0,0,0,0,0,33.2409820556641,0,0,0,0,65.7905277524676,52.026798248291,0,0,8.43763156370683,0,14.8216763313611,0,0,0,70.4463653564453,63.6784884134928,0,0,0,0,70.2563442722444,76.373852580583,67.3873833478507,73.6149182874103,17.1912874790033,5.27338836881012,61.1991457275197,57.7958418528239,64.7663911183675
5.28359018828341,9.83981544630868,68.5705591837565,58.9791591962179,0,0,0,0,7.95658178230127,4.46899817039917,0,56.8243103027344,0,0,0,0,24.0958350980847,21.1033496838224,0,0,0,0,0,0,32.4132986068726,29.2964992523193,0,0,0,0,0,0,0,0,0,0,78.3289756774902,0,0,49.8994517041913,48.8351226142544,42.5994453392093,42.2353912035886,9.91531573316102,0,43.2629587313357,41.5810464654526,80.5643463134766,59.6679992675781,53.4266314798472,85.6602630615234,0,0,0,0,5.48042297363281,41.0672543843587,44.8586082458496,0,47.263843536377,62.984806060791,107.780616760254,50.5978550565416,48.8466567993164,0,0,0,0,23.7586385726929,0,57.2011683327811,34.4133682250977,44.6606370104038,37.2492402833084,0,0,0,0,56.3653646426414,51.0604540212602,50.141401974022,46.0688987213185,17.4550715210001,65.4946617646651,39.3671131227246,44.6979324403016,41.0828651230911
0,0,0,0,0,3.79135097397698,0,0,0,0,0,3.2858924851845,0,0,0,0,0,0,0,0,0,0,0,0,0,0,0,0,0,0,0,0,0,0,0,3.94606191781215,0,4.75974662448758,0,0,0,0,0,0,0,0,0,0,0,0,0,0,0,0,0,0,0,4.56402338078592,0,0,0,0,4.97110011998345,0,0,0,0,0,0,0,0,0,0,0,0,0,0,0,5.83211909054558,0,3.8029650745508,0,3.36066358722746,0,3.68958783149719,0,0
0,0,0,0,4.59890336649759,0,4.41865969246084,0,0,0,3.37661165616983,0,0,0,0,0,0,0,0,0,0,0,0,0,0,0,0,0,0,0,0,0,0,0,0,0,3.78670828686678,0,3.5213549041748,0,40.146167755127,0,0,0,0,0,7.74865531921387,0,0,0,7.24344959259033,0,4.33986044699146,0,0,0,3.83768520015464,0,0,0,0,0,0,4.96458070916556,0,0,0,0,0,0,0,0,0,0,0,0,0,0,0,4.36163356229358,0,3.19053265026637,3.72851194873933,0,11.5529669523239,0,0
0,0,0,0,0,0,0,0,0,0,0,0,0,0,0,0,0,0,0,0,0,0,4.23733130279852,5.5312983522882,0,3.33519972756852,0,3.16222810745239,0,0,0,0,0,0,0,0,0,5.20405329298776,2.74381995201111,0,0,0,0,0,0,0,0,13.1118871688843,0,4.54347606556274,0,0,0,0,0,0,0,0,0,0,0,0,0,0,5.08324483324033,3.68663530464632,15.6899679624117,0,3.26032809055213,0,3.06043761968613,0,0,0,0,0,16.2558178901672,0,0,0,9.1701353560919,0,4.6130115050959,3.65755848008759,0,0,0
0,0,0,0,0,0,0,0,0,0,0,0,0,0,0,0,7.30310821533203,0,0,0,0,4.23733130279852,0,0,5.4855579899666,0,0,0,2.86507220591529,0,0,0,0,0,0,0,0,7.61617136001587,5.97384711764829,0,0,0,0,0,0,0,0,29.0240316390991,6.84115113941736,0,0,0,0,0,0,0,0,0,0,0,0,0,0,0,5.48968613147736,5.25291991401726,0,3.91165175755819,0,3.61763562474932,0,3.445108294487,0,0,0,0,0,0,0,0,0,6.89690969988357,5.0397054152642,5.50008249282837,0,0,0
0,0,0,0,0,0,0,0,0,5.44805297897745,0,0,0,0,0,0,44.4630317687988,15.0755736986796,0,0,0,5.5312983522882,0,0,0,8.46022426435746,0,0,0,0,0,0,0,18.3109760284424,0,0,0,8.11358115717862,0,0,0,9.4961953163147,0,0,0,0,0,0,0,8.16426154971123,0,0,0,0,0,5.23257314433222,0,0,0,0,0,0,0,0,4.04439347320133,0,4.29677340738552,0,9.70783379673958,0,0,0,0,0,0,0,18.0607738494873,0,0,0,8.78853080684541,0,5.68656538928729,0,4.51411041346463,0,0
0,0,0,0,0,0,0,0,13.1266108921596,0,0,0,0,0,0,0,10.8009869217873,20.7330844402313,32.4132986068726,0,0,0,5.4855579899666,0,0,0,3.29561466329238,0,0,0,0,0,0,0,0,0,0,0,4.60854377580243,0,0,0,0,0,0,0,0,0,6.92432685902244,0,0,0,0,0,8.39767205715179,0,0,0,0,0,0,0,0,0,0,7.03487562738071,0,4.14127903990448,0,3.03110551007903,0,0,0,0,0,0,0,0,0,0,0,3.72784803859119,5.18421012163162,0,3.13650346524788,0,0
0,0,0,0,0,0,0,0,0,3.58469471064481,0,0,0,0,0,0,42.7904968261719,15.2190730412801,29.2964992523193,0,0,3.33519972756852,0,8.46022426435746,0,0,0,3.08420051468743,0,0,0,0,0,0,0,0,0,0,0,0,0,0,0,0,0,0,0,0,0,0,0,0,0,0,0,0,0,0,0,0,0,0,0,0,3.25548747528431,0,4.46320643614042,0,3.9758283181624,0,3.32884966410123,0,0,0,0,0,0,0,0,0,0,0,13.7542501091957,0,0,0,0
0,0,0,0,0,0,0,0,0,0,0,0,0,0,0,0,8.46548568861825,51.8495445251465,0,0,0,0,0,0,3.29561466329238,0,0,0,3.95574059656688,0,0,0,0,0,0,0,0,0,0,0,0,0,0,0,0,0,0,0,0,0,0,0,0,0,0,0,0,0,0,0,0,0,0,0,0,0,0,0,0,3.81859647310697,0,2.91076099177202,0,0,0,0,0,0,0,0,0,0,0,0,0,0,0
0,0,0,0,0,0,0,0,0,0,0,2.73463082313538,0,0,0,2.97134408354759,0,0,0,0,0,3.16222810745239,0,0,0,3.08420051468743,0,0,0,3.06547043829437,0,0,0,0,0,0,0,3.10597273281642,0,0,0,0,0,0,0,0,0,0,0,0,0,0,0,0,0,0,0,2.73298597335815,0,3.1792197227478,0,3.36676049232483,0,0,3.20869320631027,0,0,0,3.12524616534893,0,3.01395726387317,0,5.12479365256525,0,0,0,0,0,0,0,14.1436281204224,0,2.74518985748291,0,0,0,0
0,0,0,0,0,0,0,0,0,0,3.08348179667184,0,0,0,0,0,0,0,0,0,0,0,2.86507220591529,0,0,0,3.95574059656688,0,0,0,3.30919295007532,0,0,0,0,0,0,0,2.91146968758625,0,0,0,0,0,0,0,0,0,0,0,0,0,0,0,0,0,0,0,0,0,0,0,0,0,0,3.10203053951263,0,0,0,0,0,3.3445123584903,0,4.22165178075249,0,0,0,0,0,0,0,3.45036365304674,3.00907249450684,0,0,0,0
0,0,0,0,0,0,0,0,0,0,0,3.7942947546641,0,0,0,0,0,0,0,0,0,0,0,0,0,0,0,3.06547043829437,0,0,0,0,0,0,0,0,0,3.45346531867981,0,0,0,0,0,0,0,0,0,0,0,0,0,0,0,0,0,0,0,3.7358090877533,0,0,0,0,0,0,0,0,0,0,0,0,3.3067427442624,0,3.80495481088128,0,0,0,0,0,0,0,4.16273864110311,0,2.95080065727234,0,0,0,0
0,0,0,0,0,0,0,0,0,0,3.16979487318742,0,0,0,0,0,0,0,0,0,0,0,0,0,0,0,0,0,3.30919295007532,0,0,0,0,0,0,0,0,0,2.86286532311212,0,0,0,0,0,0,0,0,0,0,0,0,0,0,0,0,0,3.61021504402161,0,0,0,0,0,0,0,0,0,0,0,0,0,0,3.00094769825445,0,3.72604258855184,0,0,0,0,0,0,0,3.0806828516501,0,0,0,0,0
0,0,0,0,0,0,0,0,0,0,0,0,0,0,0,0,0,0,0,0,0,0,0,0,0,0,0,0,0,0,0,0,3.33147744099183,7.43706024776806,0,3.25211945824001,2.969546854496,0,0,0,0,0,0,0,0,0,0,6.17183328846979,20.5420026779175,9.23728716373444,0,0,0,0,0,0,0,0,0,0,0,0,0,0,0,0,0,0,0,0,0,0,0,0,6.22170222326706,4.62773971385563,3.61558031199271,0,10.0415038130653,0,0,0,2.87183435404742,0,0,0,0
0,0,0,0,0,0,0,0,0,0,0,0,0,0,0,0,0,0,0,0,0,0,0,0,0,0,0,0,0,0,0,3.33147744099183,0,4.69612382888794,17.9096168493613,3.07322911782698,3.50987819847065,0,0,0,0,0,0,0,0,0,0,6.36726856754537,0,10.648547410965,0,0,0,0,0,0,0,0,0,0,0,0,0,0,0,0,0,0,0,0,0,0,0,0,3.97747925081984,5.08671347153907,6.08230006694794,7.15255343914032,3.42414898342556,8.25714139221819,0,0,2.8960643697668,0,0,0,0
0,0,0,72.1195030212402,0,0,0,0,0,20.2579582759312,0,0,0,0,0,0,0,0,0,0,0,0,0,18.3109760284424,0,0,0,0,0,0,0,7.43706024776806,4.69612382888794,0,6.69753691169169,12.2932918242046,0,5.52090601429684,0,79.2857360839844,0,0,0,0,0,73.1025085449219,0,6.5675124888504,23.6718754439518,12.6154265403748,0,0,0,0,0,21.051869392395,0,0,0,0,0,0,77.1624298095703,0,0,0,18.0837545394897,30.4335861206055,0,0,0,0,0,0,14.5140329677368,3.1699268023173,6.09532327273168,5.59547319753229,17.0790887421575,0,5.41642919708701,21.3595710330539,7.26368530357585,0,29.8571094936795,0,0
0,0,62.4562454223633,0,0,0,0,0,0,0,0,0,0,0,0,0,0,0,0,0,0,0,0,0,0,0,0,0,0,0,0,0,17.9096168493613,6.69753691169169,0,0,4.25579081227056,2.74688410758972,5.33526137561509,0,30.6438074111938,0,18.9971361160278,0,0,77.4613876342773,63.6562061309814,5.28241694918509,19.9663175543149,17.588468683177,0,0,0,0,0,0,0,0,0,0,0,0,0,0,0,0,0,0,0,0,0,0,0,76.5190277099609,19.7620849609375,19.8011171046845,4.63791469117286,3.43182151597052,0,9.47519044783893,0,6.38797063422653,5.48723293753231,0,27.161722946167,0,0
0,0,0,17.9954514694214,0,19.7551062901815,0,0,0,0,0,3.18562636219884,0,0,0,0,0,0,0,3.94606191781215,0,0,0,0,0,0,0,0,0,0,0,3.25211945824001,3.07322911782698,12.2932918242046,0,0,3.25571599136404,4.72415297005317,0,14.7539033889771,0,0,0,48.9289093017578,0,21.6332613945007,0,5.46722156426002,16.8827075958252,37.3878765106201,0,23.6473805354192,0,0,0,0,0,5.00409792451298,0,0,0,0,5.06350677570697,0,0,0,0,0,0,0,0,0,0,0,5.99700214507732,3.41272889047661,9.70501595162542,0,5.37170828950589,3.90062785148621,5.26554153434318,0,4.82351750647992,6.13133382797241,12.9837271650088,0,0
0,0,37.1993999481201,35.8651485443115,29.1434001922607,0,0,0,0,0,3.26882982254028,0,0,0,0,0,0,0,78.3289756774902,0,3.78670828686678,0,0,0,0,0,0,0,0,0,0,2.969546854496,3.50987819847065,0,4.25579081227056,3.25571599136404,0,3.68370521068573,4.51597848131498,0,10.2099385695024,0,0,0,0,0,37.7515319188436,12.6570843458176,36.5671642303467,38.3313140869141,28.1579540570577,0,0,0,0,0,5.78615276813507,0,0,0,0,0,0,4.65268601759886,0,0,0,0,0,0,0,0,0,0,0,6.96458460388354,0,5.20792303720392,4.36825316380232,6.16886962540951,0,5.62185311395486,5.42192726861686,4.06469115614891,12.6508329868317,0,0
40.4261283874512,0,0,70.8633193969727,0,0,0,0,43.8906364440918,8.28000169338249,0,3.72444192831181,0,0,0,0,0,0,0,4.75974662448758,0,5.20405329298776,7.61617136001587,8.11358115717862,0,0,0,3.10597273281642,0,3.45346531867981,0,0,0,5.52090601429684,2.74688410758972,4.72415297005317,3.68370521068573,0,4.93820609917512,0,0,17.0287709236145,0,0,0,83.8522071838379,0,9.36380711992963,24.1183962041681,6.8185051809295,0,0,0,0,0,9.20183819591409,0,3.97255931426263,0,0,0,0,11.8065214594708,0,6.00417351942458,0,9.48272339135466,32.8389711380005,0,0,8.03602424380067,0,5.22126149429995,0,0,0,10.2326936037486,4.52386716873415,6.32117446534261,0,5.45514676639375,3.87528948783874,6.13230796255495,5.55565216143926,12.0881158797699,15.196216583252,0
20.0025463104248,0,0,0,0,0,0,0,8.46261660462802,0,3.79624271708376,0,0,0,0,0,0,0,0,0,3.5213549041748,2.74381995201111,5.97384711764829,0,4.60854377580243,0,0,0,2.91146968758625,0,2.86286532311212,0,0,0,5.33526137561509,0,4.51597848131498,4.93820609917512,0,0,0,0,0,0,0,0,0,10.5305550098419,7.67203642774935,27.3283209119524,0,0,0,0,7.92786432229556,0,5.54291393611971,0,0,0,0,0,0,6.09858129574702,0,6.83373471495293,0,7.01436992535375,0,0,0,6.09387307167053,0,10.8208922095921,0,0,0,8.18337044640193,0,7.97191275795467,0,4.71781725993374,4.36450778460893,3.10437210400899,5.08026884916501,0,0
87.4931564331055,34.0924362455096,61.9220237731934,43.561333171905,0,33.6717224121094,0,0,46.4135565324263,63.0933113098145,0,0,0,0,0,0,69.5575852281465,63.913880206169,49.8994517041913,0,0,0,0,0,0,0,0,0,0,0,0,0,0,79.2857360839844,0,14.7539033889771,0,0,0,0,78.114436340332,25.0153837096735,62.6882368723551,27.4505004286766,0,18.9906373008207,80.6454888620684,8.38515964454534,65.5879411697388,12.8027628016798,0,59.3393300374349,0,0,0,0,0,47.6847443831594,0,46.8051789601644,0,50.133985042572,8.7187864796043,0,0,0,0,0,0,0,56.0521799723307,0,48.9267066556054,0,0,0,0,0,21.9556866828461,106.994716057411,39.0108894303038,87.4720179239909,42.0711950910386,40.6875117261645,21.4920726405341,35.2560869372168,0
37.0107154846191,0,34.7165424173528,0,41.0251216888428,0,0,0,0,0,0,0,0,0,0,0,60.678344698718,66.9443235044126,48.8351226142544,0,40.146167755127,0,0,0,0,0,0,0,0,0,0,0,0,0,30.6438074111938,0,10.2099385695024,0,0,78.114436340332,0,75.0314570109049,24.6229822091561,0,0,67.3557303292411,15.8391815285587,14.9971866686266,10.4914573177868,0,42.2225498199463,0,0,0,40.8099555969238,0,45.3159154256185,0,43.1312762669155,0,0,0,81.5699996948242,7.06496981145571,0,0,0,0,0,0,0,54.8318138122559,0,37.9854033128271,0,0,0,32.3910980224609,93.1355056762695,14.135153134208,0,25.9337718836845,40.8186843026641,38.4725693659996,21.3876349604437,57.7467231750488,26.3704578249078
62.0114135742188,24.1273112176847,0,39.0190737366676,0,47.6928861406114,0,0,43.1536998748779,19.052837675268,0,0,0,0,0,0,70.9980175369664,56.5492592710928,42.5994453392093,0,0,0,0,9.4961953163147,0,0,0,0,0,0,0,0,0,0,0,0,0,17.0287709236145,0,25.0153837096735,75.0314570109049,0,14.5651764306304,26.6872320175171,0,41.6882573555767,67.392673145641,23.0729760298362,48.9352974891663,24.7660289405008,0,54.6488185882568,0,0,0,7.38034152984619,0,21.5751167160191,0,42.2058900197347,0,52.843240014438,25.8722617716029,0,0,0,0,0,26.9907855987549,0,27.9118344248558,0,20.8532970880929,60.3015060424805,0,0,0,0,34.2131926786013,85.8444034031459,33.1572933447295,91.4082069396973,25.304769178343,36.58643293161,20.4283739968475,15.9150692221737,0
20.8335214103509,0,31.0560294154392,43.9916427612305,41.1977519989014,0,0,0,10.9432563272297,0,0,0,0,0,0,0,53.5945540697147,69.4481924317724,42.2353912035886,0,0,0,0,0,0,0,0,0,0,0,0,0,0,0,18.9971361160278,0,0,0,0,62.6882368723551,24.6229822091561,14.5651764306304,0,0,0,70.1360869407654,30.0384175056807,13.5664772081375,16.9471286096356,48.6295241442594,45.2452095173023,0,0,0,44.083061642117,0,22.3110627305919,48.700008392334,40.3026490644975,0,45.8425193786621,0,0,30.208437867052,0,0,0,0,82.452880859375,0,0,20.3438602849978,73.2388019561768,19.9478089257941,0,0,0,0,74.3401543112362,30.267143288633,55.6674823760986,31.661667146154,24.8555506860506,36.1303223337184,19.5080944460339,42.353572845459,15.7262408156095
0,0,0,13.7093410491943,0,0,0,0,0,0,0,0,0,0,0,0,26.6753792762756,22.6881580352783,9.91531573316102,0,0,0,0,0,0,0,0,0,0,0,0,0,0,0,0,48.9289093017578,0,0,0,27.4505004286766,0,26.6872320175171,0,0,0,15.0304758071899,0,0,0,0,0,0,0,0,0,0,0,0,0,0,0,0,0,0,0,0,0,0,0,0,0,0,21.2747058868408,0,0,0,0,0,35.2039832547714,87.6948928833008,28.9649448394775,0,18.80166201158,0,19.3885132399472,0,0
0,0,0,0,0,0,0,0,0,0,0,0,0,0,0,0,0,0,0,0,0,0,0,0,0,0,0,0,0,0,0,0,0,0,0,0,0,0,0,0,0,0,0,0,0,0,0,0,0,0,0,0,0,0,0,0,0,0,0,0,0,0,0,0,0,0,0,0,0,0,0,0,0,0,0,0,0,0,0,0,0,0,0,0,0,0,0
0,18.6106264694877,0,29.7846752035207,0,39.1938104629517,0,0,40.6831219991048,37.0324935913086,0,0,0,0,0,0,59.9237022725945,57.5855312261107,43.2629587313357,0,0,0,0,0,0,0,0,0,0,0,0,0,0,73.1025085449219,77.4613876342773,21.6332613945007,0,83.8522071838379,0,18.9906373008207,67.3557303292411,41.6882573555767,70.1360869407654,15.0304758071899,0,0,70.2713275909424,54.2860270561056,37.663285511296,41.5159685952323,0,0,0,0,0,0,0,32.1165498371782,0,44.8470678329468,0,38.1055135726929,9.36714335653176,70.1135482788086,0,0,0,0,0,0,40.0019540786743,0,35.113018819264,0,0,0,81.3367309570312,0,29.121621010412,82.1293708086014,27.0009030249425,101.30786895752,32.1112980149937,33.2031102069589,23.1225564706201,58.8983729969371,79.0181350708008
26.146953868866,0,31.5582125046674,0,44.7438854217529,0,0,0,0,36.5607681274414,0,0,0,0,0,0,55.4797855321099,59.246819280809,41.5810464654526,0,7.74865531921387,0,0,0,0,0,0,0,0,0,0,0,0,0,63.6562061309814,0,37.7515319188436,0,0,80.6454888620684,15.8391815285587,67.392673145641,30.0384175056807,0,0,70.2713275909424,0,61.0148134231567,40.6368903968724,58.3011322021484,36.7339149475098,0,0,0,0,0,29.0889703181752,0,32.3787894248962,0,33.753794670105,0,69.8861872355143,14.4057523723119,0,0,0,0,0,0,136.283874511719,30.6231870651245,75.5239944458008,34.9795016614263,0,0,0,0,84.1182699937087,25.9260423452666,124.460014343262,31.6230842226874,34.8586847521202,36.002938381881,27.5795410433484,95.452018737793,47.9652314393417
37.3024415102872,39.5084158579508,56.0502068655831,47.0687323738547,68.9120292663574,68.59619140625,0,0,41.4336910247803,0,0,0,0,0,0,0,0,0,80.5643463134766,0,0,13.1118871688843,29.0240316390991,0,0,0,0,0,0,0,0,6.17183328846979,6.36726856754537,6.5675124888504,5.28241694918509,5.46722156426002,12.6570843458176,9.36380711992963,10.5305550098419,8.38515964454534,14.9971866686266,23.0729760298362,13.5664772081375,0,0,54.2860270561056,61.0148134231567,0,11.885287505104,10.6701045841078,46.3921330769857,0,0,0,0,0,58.7248115539551,39.2417335510254,62.5558865865072,39.1171779632568,0,38.1591873168945,90.4886932373047,0,12.1853652000427,0,0,23.9762793831203,0,0,18.0718116760254,0,61.0281918843587,73.2572072347005,8.21584792071582,6.61784774131952,6.70061505992631,5.53908549284853,10.7265635189278,8.82299311883623,10.7163199186325,14.5808085043039,8.03142942886913,41.6899795532227,16.304282365632,0,0
5.23660602267966,34.1231918334961,33.1199730951852,34.2082997004191,40.5185108184814,0,0,0,4.11229476561913,0,0,0,0,0,3.16214847564697,0,105.385448455811,0,59.6679992675781,0,0,0,6.84115113941736,0,6.92432685902244,0,0,0,0,0,0,20.5420026779175,0,23.6718754439518,19.9663175543149,16.8827075958252,36.5671642303467,24.1183962041681,7.67203642774935,65.5879411697388,10.4914573177868,48.9352974891663,16.9471286096356,0,0,37.663285511296,40.6368903968724,11.885287505104,0,23.3965862705174,44.013500550214,40.061710357666,0,0,5.14410933560016,0,13.1318751119432,46.2184619903564,23.2229044040044,40.0029800415039,28.1662738574179,44.4186045328776,45.7210311889648,35.4213743891035,0,6.18897629532579,0,7.02033156825003,0,4.6484507985616,0,5.02335546332407,50.3954582214355,27.4889256159465,10.6958664013789,8.2401880653281,24.0783196857997,24.0040957927704,61.7284731431441,15.6209289794945,0,7.70882139662015,15.3265275802862,33.5271104129393,18.9799203693404,77.2651596069336,49.4109344482422
40.8129787445068,4.20838867596218,0,18.3266313483401,0,34.51552734375,0,0,0,4.71259861900693,0,0,0,0,0,0,88.7638549804688,64.6471643447876,53.4266314798472,0,0,4.54347606556274,0,8.16426154971123,0,0,0,0,0,0,0,9.23728716373444,10.648547410965,12.6154265403748,17.588468683177,37.3878765106201,38.3313140869141,6.8185051809295,27.3283209119524,12.8027628016798,0,24.7660289405008,48.6295241442594,0,0,41.5159685952323,58.3011322021484,10.6701045841078,23.3965862705174,0,0,42.8767425537109,0,0,0,10.8919063886007,0,13.6116398610852,0,9.46542558450808,0,9.02873995520852,22.2748034547587,0,4.54515832608885,0,5.7790676433532,37.9623441696167,5.70280391068859,0,8.37093855964646,0,9.12937603819318,0,13.827384531498,14.7195796966553,20.3901518821716,21.5314960479736,17.0207436655322,45.9484605789185,5.87854503661663,24.5177681964377,23.0103702177164,31.9532528575669,19.2246342777923,29.5274496078491,0
0,0,9.05762953941639,0,4.82270638786093,0,2.75286841392517,0,0,0,7.85034138815744,0,0,0,0,0,75.8348617553711,101.95751953125,85.6602630615234,0,7.24344959259033,0,0,0,0,0,0,0,0,0,0,0,0,0,0,0,28.1579540570577,0,0,0,42.2225498199463,0,45.2452095173023,0,0,0,36.7339149475098,46.3921330769857,44.013500550214,0,0,0,2.96413993835449,0,0,0,3.55541670322418,0,0,0,0,0,0,31.7355537414551,0,0,0,0,0,0,0,0,0,47.0339512825012,0,0,0,0,0,45.0767784118652,0,51.8878803253174,9.81670365771469,32.3271598815918,10.3985193887453,0,0
0,0,0,6.19529563787753,0,2.99016940350435,0,0,0,0,0,2.99826288223267,0,0,0,4.98926038742065,0,0,0,0,0,0,0,0,0,0,0,0,0,0,0,0,0,0,0,23.6473805354192,0,0,0,59.3393300374349,0,54.6488185882568,0,0,0,0,0,0,40.061710357666,42.8767425537109,0,0,0,0,0,0,0,6.58399030897352,0,0,0,0,18.1505537033081,0,0,0,0,0,0,0,0,0,38.9966761271159,0,0,0,0,0,30.314124584198,0,0,0,6.60850609143575,0,9.55190356505119,0,0
0,0,0,0,2.8345901966095,0,2.80586163202922,0,0,0,3.19829304612798,0,0,0,0,0,0,0,0,0,4.33986044699146,0,0,0,0,0,0,0,0,0,0,0,0,0,0,0,0,0,0,0,0,0,0,0,0,0,0,0,0,0,2.96413993835449,0,0,0,0,0,2.93240211290472,0,0,0,0,0,0,0,0,0,0,0,0,0,0,0,0,0,0,0,0,0,0,0,0,0,3.25399510065715,4.43419885635376,3.95438364744186,0,0
0,0,0,0,0,2.76659039656321,0,3.27259273155063,0,0,0,0,0,0,0,0,0,0,0,0,0,0,0,0,0,0,0,0,0,0,0,0,0,0,0,0,0,0,0,0,0,0,0,0,0,0,0,0,0,0,0,0,0,0,0,0,0,0,0,0,0,0,0,0,0,0,0,0,0,0,0,0,0,0,0,0,0,0,0,0,0,0,2.9300473690033,0,0,0,0
6.23157478438483,0,6.78348676363627,0,28.4696292877197,0,0,0,8.11692998107714,0,0,0,0,0,9.19269300889278,0,0,0,0,0,0,0,0,0,8.39767205715179,0,0,0,0,0,0,0,0,0,0,0,0,0,7.92786432229556,0,40.8099555969238,0,44.083061642117,0,0,0,0,0,5.14410933560016,0,0,0,0,0,0,0,30.7597074508667,0,0,0,6.88912867924483,0,0,29.4281330108643,0,0,0,4.03531712493258,0,4.77197777418266,0,0,0,33.6652435302734,0,0,0,0,0,0,0,8.17723307141497,5.95033903121948,0,12.3609281857808,0,0
0,3.70324653172664,0,0,0,0,0,0,0,6.5546250079624,0,0,0,0,0,8.58200490676751,0,0,5.48042297363281,0,0,0,0,5.23257314433222,0,0,0,0,0,0,0,0,0,21.051869392395,0,0,0,9.20183819591409,0,0,0,7.38034152984619,0,0,0,0,0,0,0,10.8919063886007,0,0,0,0,0,0,0,0,0,0,0,6.52904652363688,0,0,0,0,4.53865056277732,0,0,0,0,0,0,0,0,0,23.3082040485583,0,0,0,14.1254388710548,0,7.25536070286649,0,5.34159330785627,0,0
0,0,3.8346470745304,0,0,0,0,0,0,0,4.4527907112949,0,3.30444592793783,0,0,0,77.5329055786133,0,41.0672543843587,0,3.83768520015464,0,0,0,0,0,0,0,0,0,3.61021504402161,0,0,0,0,0,5.78615276813507,0,5.54291393611971,0,45.3159154256185,0,22.3110627305919,0,0,0,29.0889703181752,58.7248115539551,13.1318751119432,0,3.55541670322418,0,2.93240211290472,0,30.7597074508667,0,0,0,4.81973224021608,0,5.46855823198954,0,0,6.94328310693729,0,0,0,0,0,0,0,7.84019413841645,0,6.06094893914778,0,0,0,0,0,47.0655353991191,0,14.2312241604454,4.12663357189068,26.2819727659225,7.34343747824113,0,15.170131111145
0,3.46735948428773,0,5.31450124743477,0,2.82036501627702,0,2.96031475067139,0,38.1840057373047,0,3.90547134447611,0,3.45028033818582,0,0,72.8989448547363,33.2409820556641,44.8586082458496,4.56402338078592,0,0,0,0,0,0,0,2.73298597335815,0,3.7358090877533,0,0,0,0,0,5.00409792451298,0,3.97255931426263,0,47.6847443831594,0,21.5751167160191,48.700008392334,0,0,32.1165498371782,0,39.2417335510254,46.2184619903564,13.6116398610852,0,6.58399030897352,0,0,0,0,0,0,0,4.85445033540756,0,9.3966376128262,11.6847765057851,0,29.3869524002075,0,0,0,16.1863216920332,0,10.1123292492719,0,7.46291374243223,0,0,0,0,0,54.0390539658375,0,5.85797166824341,0,4.77253437834564,27.1565425736564,8.30154845571468,15.249988339164,0
0,0,5.07008874614209,0,0,0,0,0,0,0,3.59448789225684,0,4.27835025047434,0,4.5965164268718,0,0,0,0,0,0,0,0,0,0,0,0,0,0,0,0,0,0,0,0,0,0,0,0,0,43.1312762669155,0,40.3026490644975,0,0,0,32.3787894248962,62.5558865865072,23.2229044040044,0,0,0,0,0,0,0,4.81973224021608,0,0,0,5.17847109989948,0,0,11.1184854984283,0,0,0,0,0,4.22679641944211,0,5.76639917691549,0,34.6748463312785,0,0,0,0,0,52.4006589253744,0,46.7630805969238,40.604660987854,30.5815486907959,11.6438039840418,0,91.7610321044922
0,4.75003633256686,0,6.55467666213105,0,5.68378400802612,0,2.73428916931152,0,0,0,3.43768811247351,0,3.2086591190762,0,3.55138083126234,0,0,47.263843536377,0,0,0,0,0,0,0,0,3.1792197227478,0,0,0,0,0,0,0,0,0,0,0,46.8051789601644,0,42.2058900197347,0,0,0,44.8470678329468,0,39.1171779632568,40.0029800415039,9.46542558450808,0,0,0,0,0,0,0,4.85445033540756,0,0,0,4.40554085056833,10.3647140172812,0,0,0,16.1815662384033,0,6.42038387782646,0,6.77577870660247,0,37.3560426885431,0,0,0,0,0,0,0,50.9248046875,0,6.57068957376086,25.1872586250305,14.34354194339,0,0
3.60614047050476,0,7.52463399280201,0,0,0,0,0,3.275439341863,0,0,0,6.10559765249491,0,4.71998460542143,0,0,0,62.984806060791,0,0,0,0,0,0,0,0,0,0,0,0,0,0,0,0,0,0,0,0,0,0,0,45.8425193786621,0,0,0,33.753794670105,0,28.1662738574179,0,0,0,0,0,6.88912867924483,0,5.46855823198954,0,5.17847109989948,0,0,0,0,0,0,0,0,0,0,0,0,37.198413848877,0,39.4039630889893,0,0,0,0,0,43.8047752380371,0,41.1740083694458,59.9582934379578,0,33.2353968279702,0,32.4464263916016
0,4.78879746049643,0,7.58540532570477,0,0,0,0,0,3.15891586409675,0,0,0,3.32809404960045,0,3.47937434120516,0,0,107.780616760254,0,0,0,0,0,0,0,0,3.36676049232483,0,0,0,0,0,0,0,0,0,0,0,50.133985042572,0,52.843240014438,0,0,0,38.1055135726929,0,38.1591873168945,44.4186045328776,9.02873995520852,0,0,0,0,0,6.52904652363688,0,9.3966376128262,0,4.40554085056833,0,0,0,0,0,0,0,0,5.02777612536561,0,5.25619429349899,0,39.094414302281,0,0,0,0,0,58.4589019775391,0,68.2567558288574,0,31.3220587703917,0,28.7632415141534,0,0
0,9.35958604812622,0,13.467035807096,0,10.4038981861538,0,0,49.7178258895874,0,0,3.74293060104052,0,0,0,0,65.0612079620361,65.7905277524676,50.5978550565416,4.97110011998345,0,0,0,0,0,0,0,0,0,0,0,0,0,77.1624298095703,0,5.06350677570697,0,11.8065214594708,0,8.7187864796043,81.5699996948242,25.8722617716029,0,0,0,9.36714335653176,69.8861872355143,90.4886932373047,45.7210311889648,22.2748034547587,0,18.1505537033081,0,0,0,0,0,11.6847765057851,0,10.3647140172812,0,0,0,0,0,0,0,0,21.8574049472809,0,20.7790904045105,0,22.8836382074512,0,0,0,0,0,10.8260957759951,81.4271310170491,11.4780061822189,0,21.2094810779438,40.6502838134766,9.34342777870514,22.0050621032715,0
0,0,28.1843357086182,0,8.85574849446615,0,5.0545129776001,0,0,0,3.68828404076556,0,0,0,0,0,60.6492023468018,52.026798248291,48.8466567993164,0,4.96458070916556,0,0,0,0,0,0,0,0,0,0,0,0,0,0,0,4.65268601759886,0,6.09858129574702,0,7.06496981145571,0,30.208437867052,0,0,70.1135482788086,14.4057523723119,0,35.4213743891035,0,31.7355537414551,0,0,0,29.4281330108643,0,6.94328310693729,0,11.1184854984283,0,0,0,0,0,0,0,0,0,0,0,0,18.850154652315,0,13.5936365414124,0,0,0,0,0,14.0684629631367,0,11.6331733361534,15.8267737144516,42.5602752685547,10.822640785709,0,0
0,0,0,0,0,0,0,0,0,0,0,0,0,0,0,0,0,0,0,0,0,5.08324483324033,5.48968613147736,4.04439347320133,0,3.25548747528431,0,3.20869320631027,0,0,0,0,0,0,0,0,0,6.00417351942458,0,0,0,0,0,0,0,0,0,12.1853652000427,0,4.54515832608885,0,0,0,0,0,0,0,29.3869524002075,0,0,0,0,0,0,0,0,4.36543718794918,0,5.57064451918697,0,4.21729754739338,0,0,0,0,0,14.344144821167,0,0,0,5.77445588591644,0,5.05854202425757,3.17013907432556,40.649242401123,0,0
0,0,0,0,0,0,0,0,0,0,0,0,0,0,0,0,3.25828849701654,0,0,0,0,3.68663530464632,5.25291991401726,0,7.03487562738071,0,0,0,3.10203053951263,0,0,0,0,0,0,0,0,0,6.83373471495293,0,0,0,0,0,0,0,0,0,6.18897629532579,0,0,0,0,0,0,0,0,0,0,0,0,0,0,0,0,0,0,4.39236576945936,0,4.08786395980466,0,4.87892512970923,0,17.0163962841034,0,0,0,0,0,0,0,5.87150469127251,4.95957597759035,0,19.0008252461751,0,0
0,0,0,0,0,0,0,0,0,4.97370303244818,0,0,0,0,0,0,29.1954650878906,8.43763156370683,0,0,0,15.6899679624117,0,4.29677340738552,0,4.46320643614042,0,0,0,0,0,0,0,18.0837545394897,0,0,0,9.48272339135466,0,0,0,0,0,0,0,0,0,0,0,5.7790676433532,0,0,0,0,0,4.53865056277732,0,0,0,16.1815662384033,0,0,0,0,4.36543718794918,0,0,0,4.10691946592086,0,12.941884803772,0,0,0,0,0,19.9143868235799,0,0,0,9.31313086092131,0,3.37877582467121,0,5.08717057495786,0,0
0,0,0,0,0,0,0,0,9.30184216334902,0,0,0,0,0,0,0,0,0,0,0,0,0,3.91165175755819,0,4.14127903990448,0,0,0,0,0,0,0,0,30.4335861206055,0,0,0,32.8389711380005,7.01436992535375,0,0,0,0,0,0,0,0,23.9762793831203,7.02033156825003,37.9623441696167,0,0,0,0,4.03531712493258,0,0,0,0,0,0,0,0,0,0,4.39236576945936,0,0,0,4.3055558681488,0,9.07594072818756,0,0,0,0,0,0,0,0,0,6.12478128631324,21.0312813652886,0,7.56827386165487,0,0
0,15.4074490865072,0,0,0,0,0,0,0,3.15938514471054,0,0,0,3.58410513401031,0,7.91348430845473,33.9406749725342,14.8216763313611,23.7586385726929,0,0,3.26032809055213,0,9.70783379673958,0,3.9758283181624,0,3.12524616534893,0,0,0,0,0,0,0,0,0,0,0,0,0,26.9907855987549,82.452880859375,0,0,0,0,0,0,5.70280391068859,0,0,0,0,0,0,0,16.1863216920332,0,6.42038387782646,0,5.02777612536561,21.8574049472809,0,5.57064451918697,0,4.10691946592086,0,0,0,5.54941697255321,0,0,0,0,0,0,0,74.0137405395508,0,0,0,15.734032061967,0,23.9126165791562,0,0
3.89495301246643,0,0,0,0,0,0,0,4.3519112666448,0,0,0,0,0,0,0,5.61835464564237,0,0,0,0,0,3.61763562474932,0,3.03110551007903,0,3.81859647310697,0,0,0,0,0,0,0,0,0,0,0,0,0,0,0,0,0,0,0,0,0,4.6484507985616,0,0,0,0,0,4.77197777418266,0,0,0,4.22679641944211,0,0,0,0,0,0,4.08786395980466,0,4.3055558681488,0,0,0,5.2715005676756,0,0,0,0,0,0,0,0,0,0,0,0,3.21030621779592,0,0
0,25.7850077946981,0,37.4249881397594,0,0,0,0,0,0,0,0,0,0,0,3.3875181241469,0,0,57.2011683327811,0,0,3.06043761968613,0,0,0,3.32884966410123,0,3.01395726387317,0,3.3067427442624,0,0,0,0,0,0,0,8.03602424380067,0,56.0521799723307,0,27.9118344248558,0,0,0,40.0019540786743,136.283874511719,18.0718116760254,0,8.37093855964646,0,0,0,0,0,0,0,10.1123292492719,0,6.77577870660247,0,5.25619429349899,20.7790904045105,0,4.21729754739338,0,12.941884803772,0,5.54941697255321,0,0,0,8.03876911682005,0,0,0,0,0,74.1451899210612,0,11.9277537845085,0,35.8558922078874,42.3497848510742,16.7495328665029,24.440567334493,0
41.3766975402832,0,32.6928869883219,0,0,0,0,0,0,0,3.06169562998826,0,0,0,0,0,0,0,34.4133682250977,0,0,0,3.445108294487,0,0,0,2.91076099177202,0,3.3445123584903,0,3.00094769825445,0,0,0,0,0,0,0,6.09387307167053,0,54.8318138122559,0,20.3438602849978,0,0,0,30.6231870651245,0,5.02335546332407,0,0,0,0,0,0,0,7.84019413841645,0,5.76639917691549,0,37.198413848877,0,0,18.850154652315,0,4.87892512970923,0,9.07594072818756,0,5.2715005676756,0,0,0,6.31263487720778,0,0,0,0,0,47.7142353057861,0,7.6873170675785,4.99692596676194,2.88161503184925,12.9696660672444,0,21.2723999023438
0,27.5146297454834,0,28.9538693916141,0,37.5307998657227,0,0,47.6503486633301,38.1514110565186,0,10.0274796119103,0,0,0,0,58.4717051188151,70.4463653564453,44.6606370104038,0,0,0,0,0,0,0,0,5.12479365256525,0,3.80495481088128,0,0,0,0,0,0,0,5.22126149429995,0,48.9267066556054,0,20.8532970880929,73.2388019561768,21.2747058868408,0,35.113018819264,75.5239944458008,61.0281918843587,50.3954582214355,9.12937603819318,0,38.9966761271159,0,0,0,0,0,7.46291374243223,0,37.3560426885431,0,39.094414302281,22.8836382074512,0,0,0,0,0,0,0,8.03876911682005,0,0,0,0,0,0,0,56.5616514813095,90.9594173431396,5.80219490470579,0,34.718826063474,42.0863661766052,17.4250471930073,18.0362166122154,83.2177505493164
33.9052278078519,0,27.6418732344502,0,38.6050624847412,0,0,0,39.143718401591,0,0,0,0,0,0,0,56.0509251681241,63.6784884134928,37.2492402833084,0,0,0,0,0,0,0,0,0,4.22165178075249,0,3.72604258855184,0,0,0,76.5190277099609,0,0,0,10.8208922095921,0,37.9854033128271,60.3015060424805,19.9478089257941,0,0,0,34.9795016614263,73.2572072347005,27.4889256159465,0,47.0339512825012,0,0,0,33.6652435302734,0,6.06094893914778,0,34.6748463312785,0,39.4039630889893,0,0,13.5936365414124,0,17.0163962841034,0,0,0,0,0,6.31263487720778,0,0,0,0,0,0,91.8149871826172,50.7748401001554,0,6.82673365668247,36.8255333900452,46.1693956711713,11.2302380735157,0,18.9054012343569
0,0,0,0,0,0,0,0,0,0,0,0,0,0,0,0,0,0,0,0,0,0,0,0,0,0,0,0,0,0,0,6.22170222326706,3.97747925081984,14.5140329677368,19.7620849609375,5.99700214507732,0,0,0,0,0,0,0,0,0,0,0,8.21584792071582,10.6958664013789,13.827384531498,0,0,0,0,0,0,0,0,0,0,0,0,0,0,0,0,0,0,0,0,0,0,0,0,0,7.25263198152665,4.33025851845741,0,14.19173481963,0,0,0,2.98277027826123,0,0,0,0
0,0,0,0,0,0,0,0,0,0,0,0,0,0,0,0,0,0,0,0,0,0,0,0,0,0,0,0,0,0,0,4.62773971385563,5.08671347153907,3.1699268023173,19.8011171046845,3.41272889047661,6.96458460388354,0,0,0,0,0,0,0,0,0,0,6.61784774131952,8.2401880653281,14.7195796966553,0,0,0,0,0,0,0,0,0,0,0,0,0,0,0,0,0,0,0,0,0,0,0,0,7.25263198152665,0,5.55502126767085,5.77290173253017,18.0449342727661,14.8455677900985,0,0,3.46638524652732,0,0,0,0
0,0,0,0,0,0,0,0,0,22.7359453502454,0,0,0,0,0,0,0,0,0,0,0,16.2558178901672,0,18.0607738494873,0,0,0,0,0,0,0,3.61558031199271,6.08230006694794,6.09532327273168,4.63791469117286,9.70501595162542,0,10.2326936037486,0,0,0,0,0,0,0,81.3367309570312,0,6.70061505992631,24.0783196857997,20.3901518821716,0,0,0,0,0,23.3082040485583,0,0,0,0,0,0,0,0,14.344144821167,0,19.9143868235799,0,0,0,0,0,0,0,4.33025851845741,5.55502126767085,0,5.0919823757095,9.41724978929216,0,7.09730283980603,26.4509124755859,7.39041130840778,0,29.9522282736642,0,0
0,0,65.497688293457,0,0,0,0,0,0,0,0,0,0,0,0,0,0,0,0,0,0,0,0,0,0,0,0,0,0,0,0,0,7.15255343914032,5.59547319753229,3.43182151597052,0,5.20792303720392,4.52386716873415,8.18337044640193,0,32.3910980224609,0,0,0,0,0,0,5.53908549284853,24.0040957927704,21.5314960479736,0,0,0,0,0,0,0,0,0,0,0,0,0,0,0,0,0,0,0,0,0,0,0,0,0,5.77290173253017,5.0919823757095,0,0,7.03286603853909,0,8.62638359513843,3.83373549081621,0,30.4190265337626,0,0
