0,0,0.19441923803091,0,0,0,0,0,0.19069089939457,0,0,0,0,0,0,0,0.380064129829407,0,0.521996065974236,0,0,0,0,0,0,0,0,0,0,0,0,0,0,0,0,0,0,0,0,0,0,0,0.423374927639961,0,0,0,0,0,0.267429233703873,0,0,0,0,0,0.212496006615144,0,0,0,0,0,0.216438151218674,0,0,0,0,0,0,0,0,0,0,0.274036079645157,0,0.313137471675873,0,0,0,0,0,0.40353062748909,0,0,0.248026541240935,0,0.294099385182889,0,0
0,0,0,0.240846380860488,0,0.277500380110997,0,0,0,0.280685372391923,0,0,0,0,0,0.217250093817711,0.346418470144272,0,0.424733616411686,0,0,0,0,0.270413552721341,0,0,0,0,0,0,0,0,0,0,0,0.429942637681961,0,0,0,0.406782567501068,0,0.221445833091383,0,0,0,0,0,0,0,0.222627155735331,0,0.259750782387463,0,0,0,0.244161805471479,0,0.189414694905281,0,0.241729855537415,0,0.243576084971428,0.486294940114021,0,0,0,0.253989487886429,0,0.224732294678688,0,0,0,0,0,0,0,0,0,0.448692226602185,0,0,0,0.257465590716254,0.312156736850739,0.191361340287468,0,0
0.19441923803091,0,0,0,0.162088603577644,0,0,0,0.116547365595988,0,0,0,0,0,0,0,0,0,0.3007722645998,0,0,0,0,0,0,0,0,0,0,0,0,0,0,0,0,0,0,0,0,0,0.264115363359451,0,0.343878038484475,0,0,0,0.289999786019325,0,0.205772768001299,0,0.202442768065235,0,0,0,0.187318199406598,0,0.190128025598824,0,0.171746984124184,0,0.230573241909345,0,0,0,0,0,0,0,0,0,0,0,0,0,0,0,0,0,0,0,0,0,0.157886768441375,0,0.208964832748954,0,0.27682688832283
0,0.240846380860488,0,0,0,0.24235633565491,0,0,0,0.256654521835504,0,0,0,0,0,0,0.283989191055298,0.317046910524368,0.358125120401382,0,0,0,0,0.308486253023148,0,0,0,0,0,0,0,0,0,0,0,0.279736399650574,0,0,0,0,0.345743626356125,0.331728590098587,0,0,0,0.266176365315914,0,0,0,0.20954959347563,0,0.218601136482679,0,0,0,0.235657367675469,0,0.250708614476025,0,0.221148063029562,0,0.190570175316599,0.365341514348984,0,0,0,0,0,0,0,0,0,0,0,0,0,0,0,0.401308665404449,0,0.352409288287163,0,0.288293394237613,0,0.211101685969022,0,0
0,0,0.162088603577644,0,0,0,0.220015797074194,0,0.161958172917366,0,0,0,0.250180242897628,0,0,0,0,0,0,0,0.169075122750397,0,0,0,0,0,0,0,0,0,0,0,0,0,0,0,0.182828856366021,0,0,0,0.231559798121452,0,0.236046254634857,0,0,0,0.219473868608475,0.258703134953976,0.249746230031763,0,0.247682801580273,0,0.237726004892274,0,0.174267709255219,0,0.293303151022304,0,0.242047793816688,0,0,0,0,0.16589976917021,0,0,0,0,0,0,0,0,0,0,0,0,0,0,0,0.180720325559378,0,0,0.185585780414482,0.194584399461746,0.196358932019991,0,0
0,0.277500380110997,0,0.24235633565491,0,0,0,0,0,0.259312425380104,0,0.410842220891606,0,0,0,0,0,0,0.258578389883041,0.33101552879861,0,0,0,0,0,0,0,0,0,0,0,0,0,0,0,0.277614843845367,0,0,0,0.266049349537263,0,0.28820761186736,0,0,0.280365243554115,0.260497468922819,0,0.289560869336128,0.317731857299805,0.27937513249261,0,0.223999168559251,0,0,0,0.248421912130557,0,0.397428065538406,0,0.220743691921234,0,0,0.277111473348406,0,0,0,0.300159752368927,0,0,0,0.310297697782516,0,0.311942927539349,0.356831222772598,0,0,0,0,0.274067266629292,0,0.28605758647124,0,0.205305862419922,0.258362891773383,0.307860684528479,0,0
0,0,0,0,0.220015797074194,0,0,0,0,0,0,0,0.200571455061436,0,0,0,0,0,0,0,0,0,0,0,0,0,0,0,0,0,0,0,0,0,0,0,0,0,0,0,0,0,0,0,0,0,0,0,0,0,0.235930993911382,0,0.21935694281195,0,0,0,0,0,0.214411288499832,0,0,0,0,0,0,0,0,0,0,0,0,0,0,0,0,0,0,0,0,0,0,0,0.201542496184508,0.191495451544012,0,0,0
0,0,0,0,0,0,0,0,0,0,0,0.159656447047989,0,0.207873036464055,0,0,0,0,0,0.208411971728007,0,0,0,0,0,0,0,0,0,0,0,0,0,0,0,0,0,0,0,0,0,0,0,0,0,0,0,0,0,0,0,0,0,0.228116887807846,0,0,0,0.184037245553115,0,0.205542609095573,0,0,0,0,0,0,0,0,0,0,0,0,0,0,0,0,0,0,0,0,0,0,0.172815536225543,0,0,0,0
0.19069089939457,0,0.116547365595988,0,0.161958172917366,0,0,0,0,0.198577985167503,0,0,0,0,0.178871275857091,0,0.227714312520433,0.208005114550322,0.233840765697615,0,0,0,0,0,0.23548452408597,0,0.194819167256355,0,0,0,0,0,0,0,0,0,0,0,0.226021869115329,0,0,0.240026846528053,0.214806390079585,0,0,0,0,0,0.196183048188686,0,0.18057097589716,0,0,0,0.262204613309158,0,0,0,0,0,0.190931618213654,0,0,0,0,0,0,0.228182673393587,0,0,0,0,0,0,0,0,0,0,0,0.377970933914185,0,0.273151062253643,0.204872631171235,0.200518943369389,0.1790080279342,0,0
0,0.280685372391923,0,0.256654521835504,0,0.259312425380104,0,0,0.198577985167503,0,0,0,0,0,0,0.147954259954748,0.197855204682459,0.208208292590833,0.219801917672157,0,0,0.376383304595947,0,0.294210476608112,0,0.186948874344428,0.191547334194183,0,0,0,0,0,0,0,0,0,0,0.288184803617852,0,0.33771875500679,0,0.277941769361496,0.257751792669296,0,0,0,0,0.41808026432991,0,0.287142505037024,0,0.2543018000077,0,0,0,0.27307374512448,0,0,0,0.205582891590893,0,0.186444488537919,0,0,0.379318326711655,0,0.273934100890717,0,0.219445551435153,0,0,0,0,0,0,0,0,0,0.336573004722595,0,0.304234186072408,0,0.211319853212027,0.25743543356657,0.239380973129112,0,0.256456881761551
0,0,0,0,0,0,0,0,0,0,0,0,0.143635228276253,0,0,0,0,0,0,0,0.136528332646077,0,0,0,0,0,0,0,0,0,0.160757314075123,0,0,0,0,0,0.137745781987905,0,0.1313557603114,0,0,0,0,0,0,0,0,0,0,0,0,0,0,0,0,0,0.207573613522629,0,0.223904944956303,0,0,0,0,0.139804929833521,0,0,0,0,0,0,0,0,0,0.241938334703445,0,0,0,0,0,0.153748371771404,0,0.240947032968203,0.126642206683755,0,0.191772877460434,0,0
0,0,0,0,0,0.410842220891606,0,0.159656447047989,0,0,0,0,0,0.178174028864929,0,0,0,0,0,0.149319144772273,0,0,0,0,0,0,0,0.111693684489299,0,0.163856762647629,0,0,0,0,0,0.195257466747647,0,0.166168343551571,0,0,0,0,0,0,0,0.301644742488861,0,0,0,0.233601450920105,0,0.412069183588028,0,0.184640882106928,0,0,0,0.219951843715584,0,0.207370683550835,0,0,0.262036454219085,0,0,0,0,0,0,0,0,0,0.240085798951368,0,0,0,0,0,0.189156550212183,0,0.216984260740668,0,0.15631988997011,0,0.278132855892181,0,0
0,0,0,0,0.250180242897628,0,0.200571455061436,0,0,0,0.143635228276253,0,0,0,0,0,0,0,0,0,0,0,0,0,0,0,0,0,0,0,0,0,0,0,0,0,0,0,0,0,0,0,0,0,0,0,0,0,0,0,0.273845028197556,0,0.195488850275675,0,0,0,0,0,0.231088812578292,0,0,0,0,0,0,0,0,0,0,0,0,0,0,0,0,0,0,0,0,0,0,0,0.151694635394961,0.146792947099759,0,0,0
0,0,0,0,0,0,0,0.207873036464055,0,0,0,0.178174028864929,0,0,0,0,0,0,0,0,0,0,0,0,0,0,0,0,0,0,0,0,0,0,0,0,0,0,0,0,0,0,0,0,0,0,0,0,0,0,0,0,0,0.206546420560164,0,0,0,0.149540310104688,0,0.221185188978276,0,0,0,0,0,0,0,0,0,0,0.245265310773483,0,0,0,0,0,0,0,0,0,0,0,0.200998132278819,0,0,0,0
0,0,0,0,0,0,0,0,0.178871275857091,0,0,0,0,0,0,0,0.16165605714095,0.254006727175279,0.269464981906554,0,0,0,0,0,0,0,0,0,0,0,0,0,0,0,0,0,0,0,0,0.28278785943985,0.377823889255524,0,0,0,0,0,0,0,0,0,0,0,0,0,0.172188022070461,0,0,0,0,0,0.207705274224281,0,0,0,0,0,0,0,0,0,0,0,0,0,0,0,0,0,0,0,0,0,0.187101643079909,0.18321600865643,0.327809731165568,0,0
0,0.217250093817711,0,0,0,0,0,0,0,0.147954259954748,0,0,0,0,0,0,0.18416561409831,0.181077572651305,0.205429211258888,0,0,0,0,0,0,0.155310727655888,0,0,0,0,0,0,0,0,0,0,0,0,0,0,0,0,0,0,0,0,0,0,0,0,0,0.178062292933464,0,0,0,0.214196007698774,0,0,0,0,0,0.174389691352844,0,0,0,0,0,0,0.161294369825295,0,0,0,0,0,0,0,0,0,0,0,0,0,0.149378221707814,0,0,0,0
0.380064129829407,0.346418470144272,0,0.283989191055298,0,0,0,0,0.227714312520433,0.197855204682459,0,0,0,0,0.16165605714095,0.18416561409831,0,0.176155900045497,0.298980663276773,0,0,0,0.142851073581439,0.179782084292836,0,0.173985722763785,0.170552979619382,0,0.177186771606406,0,0,0,0,0,0,0.311402559280396,0.35065433382988,0,0,0.344365680383311,0.355937074060025,0.300290851129426,0.279189701709482,0,0.282731142640114,0.339121878147125,0.323602587729692,0,0.303708404302597,0,0,0,0,0,0,0.194672610610723,0,0.414731919765472,0,0,0,0.179617641959339,0.355174932214949,0.34711417555809,0,0,0,0,0.195169061422348,0.136828519403934,0,0,0,0.396973848342896,0,0,0,0,0.361728099283871,0.371956086259777,0.340110768874486,0.365184317032496,0.25749434794778,0.187186980034103,0.344397663902701,0.278918251395226,0.290559478104115
0,0,0,0.317046910524368,0,0,0,0,0.208005114550322,0.208208292590833,0,0,0,0,0.254006727175279,0.181077572651305,0.176155900045497,0,0.278844989797247,0,0,0.148764269756821,0,0.187851731370135,0,0.167442952520656,0.203452042170933,0.143283478087849,0,0,0,0,0,0,0,0.328512380520503,0.352647811174393,0,0,0.331754375249147,0.364248358390548,0.303479326143861,0.292697169714504,0.294546917080879,0.342230598131816,0.283159732818604,0.322383067824624,0,0,0,0,0,0,0,0,0.198688295980295,0.308713495731354,0.341751173138618,0,0,0,0.17710796769323,0.338770011296639,0.344595024983088,0,0,0.166474789381027,0,0.180841235799736,0,0.342672169208527,0,0.333157449960709,0.367251366376877,0,0,0,0,0.362776766976585,0.363323288493686,0.359227541954287,0.360700160264969,0.22099564129708,0.179753622388413,0.338418014465816,0.308370751639207,0.291197663545608
0.521996065974236,0.424733616411686,0.3007722645998,0.358125120401382,0,0.258578389883041,0,0,0.233840765697615,0.219801917672157,0,0,0,0,0.269464981906554,0.205429211258888,0.298980663276773,0.278844989797247,0,0.336997449398041,0,0,0,0.222448024153709,0,0.220422016249763,0.278627978430854,0,0,0,0,0,0,0,0,0.384964016675949,0.370561706688669,0.382171541452408,0,0.339984170914267,0.384673809590062,0.244266687208646,0.243918954001533,0.284867511618705,0.300859215669334,0.296692695003003,0.325720671375902,0,0.351420679262706,0.233525335788727,0,0,0,0,0,0.220971152186394,0.33976885676384,0.337908147311792,0,0,0,0.208395598828793,0.340645025374918,0.343488369054264,0,0,0,0,0,0,0.346050813794136,0,0.386493143282439,0.380663374350184,0,0,0,0,0.382528650770594,0.390999807500876,0.451420890539885,0.422444301155897,0.275861747433133,0.257311778465907,0.375864653365771,0.255121189062713,0.260603647146906
0,0,0,0,0,0.33101552879861,0,0.208411971728007,0,0,0,0.149319144772273,0,0,0,0,0,0,0.336997449398041,0,0,0,0,0,0,0,0,0,0,0,0,0,0,0,0,0.174894034640113,0,0.148513174111334,0,0.244575720280409,0,0.288142934441566,0,0,0,0.249685539139642,0,0.243623420596123,0,0.227427439391613,0,0.412377595901489,0,0,0,0,0,0.176749450586191,0,0,0,0,0.227868334534444,0,0,0,0,0,0,0,0,0,0.31875085234642,0,0,0,0,0,0.24100386858692,0,0.232471125886628,0,0.161939726762123,0.170203069845835,0.25032288724916,0,0
0,0,0,0,0.169075122750397,0,0,0,0,0,0.136528332646077,0,0,0,0,0,0,0,0,0,0,0,0,0,0,0,0,0,0,0,0,0,0,0,0,0,0.182385493640917,0,0.169141158461571,0,0,0,0,0,0,0,0.26986289024353,0,0,0,0,0,0,0,0,0,0.133656516671181,0,0,0,0,0,0,0.224599423516688,0,0,0,0,0,0,0,0,0,0.291198700666428,0,0,0,0,0,0.181659680805478,0,0.229722724109888,0.179288913890467,0.162981539964676,0.200900381831365,0,0
0,0,0,0,0,0,0,0,0,0.376383304595947,0,0,0,0,0,0,0,0.148764269756821,0,0,0,0,0.15105840893319,0.212798191931184,0,0.21347332778782,0,0.18066581746652,0,0,0,0,0,0,0,0,0,0.256633108016104,0,0,0,0.42565761271276,0,0,0,0,0,0.44119913613095,0,0.382264911292001,0,0,0,0,0,0,0,0,0,0,0,0,0,0,0.218227028898395,0.164345269455858,0.189974545240402,0,0.288250028039329,0,0.230174014965693,0,0,0,0,0,0,0,0,0,0.36636541366383,0,0.180472893429533,0.110432459923782,0.374465277966331,0,0
0,0,0,0,0,0,0,0,0,0,0,0,0,0,0,0,0.142851073581439,0,0,0,0,0.15105840893319,0,0,0.230928872716733,0,0.222508482635021,0,0.216240771114826,0,0,0,0,0,0,0,0,0,0.222465932197107,0,0,0,0,0,0,0,0,0,0.252103269100189,0,0,0,0,0,0,0,0,0,0,0,0,0,0,0,0,0.240995608549153,0,0.291084968711959,0,0.232471834868193,0,0.289456054568291,0,0,0,0,0,0,0,0,0,0.33498264222176,0.175707949063362,0.169138821751572,0,0,0
0,0.270413552721341,0,0.308486253023148,0,0,0,0,0,0.294210476608112,0,0,0,0,0,0,0.179782084292836,0.187851731370135,0.222448024153709,0,0,0.212798191931184,0,0,0,0.233893598662689,0,0,0,0,0,0,0,0,0,0,0,0.297029603764696,0,0,0,0.403808605212432,0,0,0,0,0,0.416139592727025,0,0.318358033895493,0,0,0,0,0,0.302345108506935,0,0,0,0,0,0.222633391618729,0,0,0.217467653751373,0,0.224978796709164,0,0.247493920753701,0,0,0,0,0,0,0,0,0,0,0,0.270940385386348,0,0.201297536185107,0.257076978683472,0.261878482605282,0,0
0,0,0,0,0,0,0,0,0.23548452408597,0,0,0,0,0,0,0,0,0,0,0,0,0,0.230928872716733,0,0,0,0.176886630746034,0,0,0,0,0,0,0,0,0,0,0,0.17283627626143,0,0,0,0.253683589398861,0,0,0,0,0,0,0,0,0,0,0,0.249680898036839,0,0,0,0.307178747322824,0,0.282295032180557,0,0,0,0,0.168856996591344,0,0.210891568449505,0,0.290550207509797,0,0.356966553131739,0,0,0,0,0,0.28778612613678,0,0,0,0.225223644077778,0.187941203514735,0,0.202494151092001,0,0
0,0,0,0,0,0,0,0,0,0.186948874344428,0,0,0,0,0,0.155310727655888,0.173985722763785,0.167442952520656,0.220422016249763,0,0,0.21347332778782,0,0.233893598662689,0,0,0,0.205796390440729,0,0,0,0,0,0,0,0,0,0,0,0.328972280025482,0,0,0,0,0,0,0,0,0,0,0,0,0,0,0,0.263449911028147,0,0,0,0,0,0.270668632863613,0.330664277076721,0,0.234440206860503,0,0.265251049246543,0,0.277488391858435,0,0.302272355384401,0,0,0,0,0,0,0,0,0,0,0,0.160801992136038,0.191228528817495,0.379669457674026,0,0
0,0,0,0,0,0,0,0,0.194819167256355,0.191547334194183,0,0,0,0,0,0,0.170552979619382,0.203452042170933,0.278627978430854,0,0,0,0.222508482635021,0,0.176886630746034,0,0,0,0.139774973903384,0,0,0,0,0,0,0,0,0,0,0,0,0,0,0,0,0,0,0,0,0,0,0,0,0,0,0,0,0,0.312810835513202,0,0.285621771275407,0,0,0,0,0,0,0,0,0.274665691124068,0,0.316755522381176,0,0,0,0,0,0,0.387811541557312,0.320464819669724,0,0,0.21564888381041,0.185971988873048,0,0,0
0,0,0,0,0,0,0,0,0,0,0,0.111693684489299,0,0,0,0,0,0.143283478087849,0,0,0,0.18066581746652,0,0,0,0.205796390440729,0,0,0,0.142992066540595,0,0,0,0,0,0,0,0.173066511750221,0,0,0,0,0,0,0,0,0,0,0,0,0,0,0,0,0,0,0,0,0,0,0,0.291276872158051,0,0,0.234303580224514,0,0,0,0.317556151321956,0,0.214942246432485,0,0.115893390225737,0,0,0,0,0,0,0,0.188251167987332,0,0.175222948725734,0.157892063260078,0,0,0
0,0,0,0,0,0,0,0,0,0,0,0,0,0,0,0,0.177186771606406,0,0,0,0,0,0.216240771114826,0,0,0,0.139774973903384,0,0,0,0,0,0,0,0,0,0,0,0,0,0,0,0,0,0,0,0,0,0,0,0,0,0,0,0,0,0,0,0,0,0.222384095191956,0,0,0,0,0.158461049199104,0,0,0,0.234152347995685,0,0.228056484380284,0,0,0,0,0,0,0,0,0,0,0.169027637158121,0.15977759130255,0,0,0
0,0,0,0,0,0,0,0,0,0,0,0.163856762647629,0,0,0,0,0,0,0,0,0,0,0,0,0,0,0,0.142992066540595,0,0,0,0,0,0,0,0,0,0.199102437287046,0,0,0,0,0,0,0,0,0,0,0,0,0,0,0,0,0,0,0,0.214683338936608,0,0,0,0,0.292299151420593,0,0,0,0,0,0,0,0.210159707173545,0,0.224483163815416,0,0,0,0,0,0,0,0.216259873339108,0,0.165243248370561,0,0,0,0
0,0,0,0,0,0,0,0,0,0,0.160757314075123,0,0,0,0,0,0,0,0,0,0,0,0,0,0,0,0,0,0,0,0,0,0,0,0,0,0,0,0.199041502708096,0,0,0,0,0,0,0,0,0,0,0,0,0,0,0,0,0,0.225253304839134,0,0,0,0,0,0,0,0,0,0,0,0,0,0,0.140976250171661,0,0.217801197742422,0,0,0,0,0,0,0,0.217665383418401,0.123414670117199,0,0,0,0
0,0,0,0,0,0,0,0,0,0,0,0,0,0,0,0,0,0,0,0,0,0,0,0,0,0,0,0,0,0,0,0,0.387892592148111,0.312070869347628,0,0.164164152293318,0,0,0,0.48375546336174,0,0,0,0,0,0,0,0.493457899607116,0.521289870927208,0,0,0,0,0,0,0,0,0,0,0,0,0,0,0,0,0,0,0,0,0,0,0,0,0,0.285493354710376,0.431021765825596,0.216316549823834,0.528505563735962,0.263540893573163,0,0,0,0.289967761607841,0,0,0,0
0,0,0,0,0,0,0,0,0,0,0,0,0,0,0,0,0,0,0,0,0,0,0,0,0,0,0,0,0,0,0,0.387892592148111,0,0.272893846035004,0.320582217790864,0,0.160747397090158,0,0,0,0,0,0,0,0,0,0,0.52848514191855,0.438294557424692,0,0,0,0,0,0,0,0,0,0,0,0,0,0,0,0,0,0,0,0,0,0,0,0,0,0.258024732370188,0.283880295724958,0.571249961853027,0.254303211736125,0.466038957238197,0.272612988948822,0,0,0.245971607890996,0,0,0,0
0,0,0,0,0,0,0,0,0,0,0,0,0,0,0,0,0,0,0,0,0,0,0,0,0,0,0,0,0,0,0,0.312070869347628,0.272893846035004,0,0.203873001886349,0.178508166696817,0,0.352615728155597,0,0,0,0,0,0,0,0,0,0.306886376387577,0.356967061758041,0.429509818553925,0,0,0,0,0,0,0,0,0,0,0,0,0,0,0,0,0,0,0,0,0,0,0,0,0.222203160220004,0,0.276159895046867,0.2123184042081,0.17913863604719,0,0.313024508867332,0,0.230659236173028,0.253307797842556,0,0,0
0,0,0,0,0,0,0,0,0,0,0,0,0,0,0,0,0,0,0,0,0,0,0,0,0,0,0,0,0,0,0,0,0.320582217790864,0.203873001886349,0,0,0.168813202974728,0,0.204770119860768,0,0,0,0,0,0,0,0,0.342169633398635,0.372543757376464,0,0,0,0,0,0,0,0,0,0,0,0,0,0,0,0,0,0,0,0,0,0,0,0,0,0,0.42175141857429,0.200149949463931,0.262318346568541,0,0.182805717864296,0.259121954441071,0.29093120335823,0.243385876249522,0.19254955605549,0,0,0
0,0.429942637681961,0,0.279736399650574,0,0.277614843845367,0,0,0,0,0,0.195257466747647,0,0,0,0,0.311402559280396,0.328512380520503,0.384964016675949,0.174894034640113,0,0,0,0,0,0,0,0,0,0,0,0.164164152293318,0,0.178508166696817,0,0,0.221228255088939,0.155042567791638,0.130410606192576,0.432386210470489,0.360792905092239,0.320951976559379,0.370671898126602,0,0,0.241153301671147,0,0.317191629931331,0,0.28202528834343,0,0,0,0,0,0,0,0.206524852346751,0,0,0,0,0.238837993967364,0,0,0,0,0,0,0,0.314299240708351,0,0.312430836260319,0,0.179037511254711,0,0.205187212935714,0,0.222392676422442,0.204093624353409,0.21077898220949,0,0.179063553061546,0.19745136087849,0.321193692996897,0.360578199227651,0
0,0,0,0,0.182828856366021,0,0,0,0,0,0.137745781987905,0,0,0,0,0,0.35065433382988,0.352647811174393,0.370561706688669,0,0.182385493640917,0,0,0,0,0,0,0,0,0,0,0,0.160747397090158,0,0.168813202974728,0.221228255088939,0,0,0.150853120276176,0.33022050311168,0.320348816514015,0,0.318504926770232,0,0.432480245828629,0.276247352361679,0.324733220351239,0.28985032988222,0.302358435763829,0,0,0,0,0,0,0,0.146950162450473,0,0,0,0,0,0.339559838175774,0.198523516096577,0,0,0,0,0,0,0,0,0,0.333760902285576,0,0.22153630012121,0,0.26007673593371,0.267518331440503,0.236545876628436,0,0.178730908085434,0.215114025314072,0.198944082217557,0.307037301776839,0,0.322926858706134
0,0,0,0,0,0,0,0,0,0.288184803617852,0,0.166168343551571,0,0,0,0,0,0,0.382171541452408,0.148513174111334,0,0.256633108016104,0,0.297029603764696,0,0,0,0.173066511750221,0,0.199102437287046,0,0,0,0.352615728155597,0,0.155042567791638,0,0,0.15140705430005,0.328131099541982,0,0.513155574279447,0.366320222616196,0.407992094755173,0,0.304767698049545,0,0.572000160111023,0,0.373578680236991,0,0,0,0,0,0.326361940881933,0,0.220606022781425,0,0,0,0,0.242922184334861,0,0.211176421757289,0,0.287025917321444,0,0,0,0.180446576924972,0,0.245629467470672,0,0,0,0.278476335384228,0,0.234943731589711,0,0.22941076725296,0.156135300795237,0.234612094591203,0.307995200157166,0.31526246568038,0.35778945684433,0
0,0,0,0,0,0,0,0,0.226021869115329,0,0.1313557603114,0,0,0,0,0,0,0,0,0,0.169141158461571,0,0.222465932197107,0,0.17283627626143,0,0,0,0,0,0.199041502708096,0,0,0,0.204770119860768,0.130410606192576,0.150853120276176,0.15140705430005,0,0,0,0,0.220046980786569,0,0,0,0.305808156728745,0.605534293322117,0.342799882803644,0,0,0,0,0,0.222861523898143,0,0.162045190980037,0,0,0,0,0,0,0.234253535591639,0,0.248518554733704,0,0.191182968627035,0,0,0,0,0,0.17800520658493,0,0,0,0.21403276403745,0,0.213736837179778,0.142504415785273,0.244666167171702,0.268440653830952,0.166191009947887,0.361283635254207,0,0
0,0.406782567501068,0,0,0,0.266049349537263,0,0,0,0.33771875500679,0,0,0,0,0.28278785943985,0,0.344365680383311,0.331754375249147,0.339984170914267,0.244575720280409,0,0,0,0,0,0.328972280025482,0,0,0,0,0,0.48375546336174,0,0,0,0.432386210470489,0.33022050311168,0.328131099541982,0,0,0.364213689015462,0.306110893529543,0.293225597176287,0.452157884836197,0.317253064364195,0.242428403813392,0.332112535834312,0.350732056470979,0.361932903528214,0.263882383527054,0,0.248002856969833,0,0,0,0,0,0.308293200637165,0,0,0,0,0.265282892101798,0.323598440204348,0,0,0,0,0,0,0.328786849975586,0,0.308441859803029,0,0,0.337366282939911,0,0,0.290622696080988,0.342621375071375,0.315929326794895,0.395120471715927,0.348977629311903,0.380633379731859,0.321368132497373,0.310564955518504,0
0,0,0.264115363359451,0.345743626356125,0.231559798121452,0,0,0,0,0,0,0,0,0,0.377823889255524,0,0.355937074060025,0.364248358390548,0.384673809590062,0,0,0,0,0,0,0,0,0,0,0,0,0,0,0,0,0.360792905092239,0.320348816514015,0,0,0.364213689015462,0,0.314231445391973,0.335751856480717,0,0.458279359972838,0.327795594930649,0.319995208109011,0.315121974005844,0.238994093731803,0,0,0,0,0,0.233048975467682,0,0.290082082152367,0.316198751330376,0,0,0,0,0.342977806925774,0.278832250161411,0,0,0,0,0,0,0.368645250797272,0,0,0.31582357515307,0,0,0,0,0.36545238314673,0.288218818938412,0.371905766427517,0.289157578071883,0.382616231556643,0.350272101660569,0.328287445873554,0,0.374491146276433
0,0.221445833091383,0,0.331728590098587,0,0.28820761186736,0,0,0.240026846528053,0.277941769361496,0,0,0,0,0,0,0.300290851129426,0.303479326143861,0.244266687208646,0.288142934441566,0,0.42565761271276,0,0.403808605212432,0,0,0,0,0,0,0,0,0,0,0,0.320951976559379,0,0.513155574279447,0,0.306110893529543,0.314231445391973,0,0.242486667972577,0.35242948267195,0.254913061857224,0.292633637785912,0.276169642806053,0.524779739268756,0,0.381645915349625,0,0,0,0,0,0.384429946541786,0,0.358464937783094,0,0,0,0,0.323253115846051,0,0.414312695463498,0,0.424243983116236,0,0,0,0.390279072523117,0,0.404225341478984,0.373026639223099,0,0,0,0,0.305342090425152,0.343961023858615,0.409454643410423,0,0.361201658933808,0.40417797052685,0.327335460051982,0.27428647360848,0.281777426600456
0.423374927639961,0,0.343878038484475,0,0.236046254634857,0,0,0,0.214806390079585,0.257751792669296,0,0,0,0,0,0,0.279189701709482,0.292697169714504,0.243918954001533,0,0,0,0,0,0.253683589398861,0,0,0,0,0,0,0,0,0,0,0.370671898126602,0.318504926770232,0.366320222616196,0.220046980786569,0.293225597176287,0.335751856480717,0.242486667972577,0,0.256691083312035,0.323086192076271,0.266946285963058,0.317606837150469,0.420742947247721,0.358345637043094,0,0,0,0,0,0,0,0.37182229757309,0.308862904707591,0,0,0,0,0.313126188516617,0.342728294708111,0,0,0,0,0,0,0,0.361552193760872,0,0.402076307109799,0,0,0,0,0.328194908797741,0.305486708923969,0.367447152733803,0.394135295254428,0.262159069266085,0.317295887470245,0.335979550602304,0.285414040088654,0.295295091286745
0,0,0,0,0,0,0,0,0,0,0,0,0,0,0,0,0,0.294546917080879,0.284867511618705,0,0,0,0,0,0,0,0,0,0,0,0,0,0,0,0,0,0,0.407992094755173,0,0.452157884836197,0,0.35242948267195,0.256691083312035,0,0,0.559615463018417,0,0,0,0,0,0,0,0,0,0,0,0.458232114712397,0,0,0,0,0.383948810398579,0.316645324230194,0,0,0,0,0,0,0,0,0.411350220441818,0,0,0,0,0,0.446564710885286,0.351604878902435,0.521949919038697,0,0.224007132649422,0,0.491375041466493,0.337130390107632,0
0,0,0,0,0,0.280365243554115,0,0,0,0,0,0,0,0,0,0,0.282731142640114,0.342230598131816,0.300859215669334,0,0,0,0,0,0,0,0,0,0,0,0,0,0,0,0,0,0.432480245828629,0,0,0.317253064364195,0.458279359972838,0.254913061857224,0.323086192076271,0,0,0.234901241958141,0.301603576913476,0,0.443181117375692,0,0,0,0,0,0,0,0.367903828620911,0.312861097710473,0,0,0,0,0.313125098745028,0.342007764577866,0,0,0,0,0,0,0,0,0.337222725152969,0.459597279982907,0,0,0,0,0.342419099062681,0.440370930346432,0.360113614797592,0.531833494702975,0.311946988105774,0.303173899650574,0.424453947428734,0.321374863386154,0.288143088420232
0,0,0,0.266176365315914,0,0.260497468922819,0,0,0,0,0,0.301644742488861,0,0,0,0,0.339121878147125,0.283159732818604,0.296692695003003,0.249685539139642,0,0,0,0,0,0,0,0,0,0,0,0,0,0,0,0.241153301671147,0.276247352361679,0.304767698049545,0,0.242428403813392,0.327795594930649,0.292633637785912,0.266946285963058,0.559615463018417,0.234901241958141,0,0.305945515632629,0,0,0.249764957825343,0,0.278043836355209,0,0,0,0,0,0.313267377706674,0,0,0,0,0.277717491707359,0,0,0,0,0,0,0,0.332861828804016,0,0.329195833724478,0,0,0,0,0,0.282091224827052,0.349778836965561,0.396302249475286,0,0.329000056829563,0.326449473698934,0.278629289884674,0.273300975561142,0
0,0,0.289999786019325,0,0.219473868608475,0,0,0,0,0,0,0,0,0,0,0,0.323602587729692,0.322383067824624,0.325720671375902,0,0.26986289024353,0,0,0,0,0,0,0,0,0,0,0,0,0,0,0,0.324733220351239,0,0.305808156728745,0.332112535834312,0.319995208109011,0.276169642806053,0.317606837150469,0,0.301603576913476,0.305945515632629,0,0.338210165500641,0.281915332708094,0,0,0,0,0,0.17599168419838,0,0.292917148633437,0.320164397358894,0,0,0,0,0.318956495987044,0.275024840229018,0,0,0,0,0,0,0,0,0.346081852912903,0.373262177683689,0,0,0,0,0.347016868920162,0.307004145736492,0.328305671612422,0.379569421558654,0.352736718599843,0.307277485728264,0.31646535977669,0,0.329914209672383
0,0,0,0,0.258703134953976,0.289560869336128,0,0,0,0.41808026432991,0,0,0,0,0,0,0,0,0,0.243623420596123,0,0.44119913613095,0,0.416139592727025,0,0,0,0,0,0,0,0.493457899607116,0.52848514191855,0.306886376387577,0.342169633398635,0.317191629931331,0.28985032988222,0.572000160111023,0.605534293322117,0.350732056470979,0.315121974005844,0.524779739268756,0.420742947247721,0,0,0,0.338210165500641,0,0.417258365221537,0.453336711978716,0,0,0,0,0,0.458165839314461,0,0,0,0,0,0,0.257676227887472,0.267668187618256,0.433288738131523,0,0.428910047679708,0,0,0,0.416874289512634,0,0,0.328295061985652,0.362522771714423,0.44421875403514,0.425914462567981,0.434915983445052,0.341607545924772,0.331484005010261,0.393034286247004,0.463500309279312,0.563462477580353,0.55817109804887,0.527217782449722,0,0
0.267429233703873,0,0.205772768001299,0,0.249746230031763,0.317731857299805,0,0,0.196183048188686,0,0,0,0,0,0,0,0.303708404302597,0,0.351420679262706,0,0,0,0.252103269100189,0,0,0,0,0,0,0,0,0.521289870927208,0.438294557424692,0.356967061758041,0.372543757376464,0,0.302358435763829,0,0.342799882803644,0.361932903528214,0.238994093731803,0,0.358345637043094,0,0.443181117375692,0,0.281915332708094,0.417258365221537,0,0,0,0,0,0,0.199142824622649,0,0.32340931519866,0,0,0,0.182120099663734,0,0,0.312685353557269,0,0.336483039280784,0,0.248640689330223,0,0,0,0.325903023992266,0,0.29777703479938,0.426833932014073,0.34820390244325,0,0.359064119223932,0.395529076457024,0.287398143566173,0,0.284236085759041,0.376652354990181,0,0.313115096761194,0,0.338401057399236
0,0.222627155735331,0,0.20954959347563,0,0.27937513249261,0,0,0,0.287142505037024,0,0.233601450920105,0,0,0,0,0,0,0.233525335788727,0.227427439391613,0,0.382264911292001,0,0.318358033895493,0,0,0,0,0,0,0,0,0,0.429509818553925,0,0.28202528834343,0,0.373578680236991,0,0.263882383527054,0,0.381645915349625,0,0,0,0.249764957825343,0,0.453336711978716,0,0,0,0.196893526862065,0,0,0,0.251691107526709,0,0.297855874057859,0,0.175495433807373,0,0.198828429915011,0.262890554193793,0,0.293462337102122,0,0.313421425885624,0,0.218995192536601,0,0.323217396499121,0,0.264609499424696,0,0,0.504891276359558,0.376585861709383,0,0.329797426348223,0.29769629240036,0.32535076857606,0,0.377546234075878,0.349892995187214,0.314228920219481,0.319406656755341,0
0,0,0.202442768065235,0,0.247682801580273,0,0.235930993911382,0,0.18057097589716,0,0,0,0.273845028197556,0,0,0,0,0,0,0,0,0,0,0,0,0,0,0,0,0,0,0,0,0,0,0,0,0,0,0,0,0,0,0,0,0,0,0,0,0,0,0,0.233826591571172,0,0.21966564655304,0,0.245537299317183,0,0.268076715510929,0,0.250264414823523,0,0,0,0,0,0,0,0,0,0,0,0,0,0,0,0,0,0,0,0,0,0.22280819226916,0.211672022938728,0.281909493612494,0,0
0,0.259750782387463,0,0.218601136482679,0,0.223999168559251,0,0,0,0.2543018000077,0,0.412069183588028,0,0,0,0.178062292933464,0,0,0,0.412377595901489,0,0,0,0,0,0,0,0,0,0,0,0,0,0,0,0,0,0,0,0.248002856969833,0,0,0,0,0,0.278043836355209,0,0,0,0.196893526862065,0,0,0,0,0,0.219185213412135,0,0.319575088620186,0,0.246086503663118,0,0.219295444428374,0.271184742450714,0,0,0,0.280326366424561,0,0,0,0,0,0,0,0,0,0,0,0.251531302928925,0,0,0,0.241920950512091,0.169704847037792,0.365057787742497,0,0
0,0,0,0,0.237726004892274,0,0.21935694281195,0,0,0,0,0,0.195488850275675,0,0,0,0,0,0,0,0,0,0,0,0,0,0,0,0,0,0,0,0,0,0,0,0,0,0,0,0,0,0,0,0,0,0,0,0,0,0.233826591571172,0,0,0,0,0,0.23633797566096,0,0.213515184475825,0,0,0,0,0,0,0,0,0,0,0,0,0,0,0,0,0,0,0,0,0,0,0,0.218698000416477,0.203666860778486,0,0,0
0,0,0,0,0,0,0,0.228116887807846,0,0,0,0.184640882106928,0,0.206546420560164,0,0,0,0,0,0,0,0,0,0,0,0,0,0,0,0,0,0,0,0,0,0,0,0,0,0,0,0,0,0,0,0,0,0,0,0,0,0,0,0,0,0,0,0.201694777713413,0,0.181116635600726,0,0,0,0,0,0,0,0,0,0,0,0,0,0,0,0,0,0,0,0,0,0,0.182081891667275,0,0,0,0
0.212496006615144,0,0.187318199406598,0,0.174267709255219,0,0,0,0.262204613309158,0,0,0,0,0,0.172188022070461,0,0,0,0,0,0,0,0,0,0.249680898036839,0,0,0,0,0,0,0,0,0,0,0,0,0,0.222861523898143,0,0.233048975467682,0,0,0,0,0,0.17599168419838,0,0.199142824622649,0,0.21966564655304,0,0,0,0,0,0,0,0,0,0.190011413915763,0,0,0,0,0,0,0.27761221777226,0,0,0,0,0,0,0,0,0,0,0,0,0,0.309897639313523,0.223385141880223,0,0.206619470855411,0,0
0,0.244161805471479,0,0.235657367675469,0,0.248421912130557,0,0,0,0.27307374512448,0,0,0,0,0,0.214196007698774,0.194672610610723,0.198688295980295,0.220971152186394,0,0,0,0,0.302345108506935,0,0.263449911028147,0,0,0,0,0,0,0,0,0,0,0,0.326361940881933,0,0,0,0.384429946541786,0,0,0,0,0,0.458165839314461,0,0.251691107526709,0,0.219185213412135,0,0,0,0,0,0,0,0.219918351620436,0,0.21563524545468,0,0,0.35710234940052,0,0.301510672996887,0,0.246826051110807,0,0.371856570243835,0,0,0,0,0,0,0,0,0,0.330728640047352,0,0.2556351321163,0.306147009134293,0.251346990173118,0,0
0,0,0.190128025598824,0,0.293303151022304,0,0,0,0,0,0.207573613522629,0,0,0,0,0,0,0.308713495731354,0.33976885676384,0,0.133656516671181,0,0,0,0,0,0,0,0,0,0.225253304839134,0,0,0,0,0,0.146950162450473,0,0.162045190980037,0,0.290082082152367,0,0.37182229757309,0,0.367903828620911,0,0.292917148633437,0,0.32340931519866,0,0.245537299317183,0,0.23633797566096,0,0,0,0,0,0.229314831170169,0,0,0,0,0.305744584912346,0,0,0,0,0,0,0,0,0,0.313407018780708,0,0,0,0,0.400907576084137,0.289868010450964,0,0.297432432903184,0.196651396652063,0,0.301178344414623,0,0.423211634159088
0,0.189414694905281,0,0.250708614476025,0,0.397428065538406,0,0.184037245553115,0,0,0,0.219951843715584,0,0.149540310104688,0,0,0.414731919765472,0.341751173138618,0.337908147311792,0.176749450586191,0,0,0,0,0,0,0,0,0,0.214683338936608,0,0,0,0,0,0.206524852346751,0,0.220606022781425,0,0.308293200637165,0.316198751330376,0.358464937783094,0.308862904707591,0.458232114712397,0.312861097710473,0.313267377706674,0.320164397358894,0,0,0.297855874057859,0,0.319575088620186,0,0.201694777713413,0,0,0,0,0,0.353190413823253,0,0,0.310796145565003,0.328619539737701,0,0,0,0,0.306642532348633,0,0.414619396336989,0,0.38526004669224,0,0,0,0,0,0.28824448333038,0.349028892815113,0.338974893230068,0,0.190617400199175,0,0.339160777805993,0.390020932601048,0
0,0,0.171746984124184,0,0.242047793816688,0,0.214411288499832,0,0,0,0.223904944956303,0,0.231088812578292,0,0,0,0,0,0,0,0,0,0,0,0.307178747322824,0,0.312810835513202,0,0,0,0,0,0,0,0,0,0,0,0,0,0,0,0,0,0,0,0,0,0,0,0.268076715510929,0,0.213515184475825,0,0,0,0.229314831170169,0,0,0,0.242411852238288,0,0,0,0,0,0,0.278794765472412,0,0.343993251051368,0,0.364219295978546,0,0,0,0,0,0,0,0,0,0,0.166278760880232,0,0,0,0
0,0.241729855537415,0,0.221148063029562,0,0.220743691921234,0,0.205542609095573,0,0.205582891590893,0,0.207370683550835,0,0.221185188978276,0,0,0,0,0,0,0,0,0,0,0,0,0,0,0,0,0,0,0,0,0,0,0,0,0,0,0,0,0,0,0,0,0,0,0,0.175495433807373,0,0.246086503663118,0,0.181116635600726,0,0.219918351620436,0,0.353190413823253,0,0,0,0.196549117183074,0,0,0,0,0,0,0.371541023254395,0,0.244838000981943,0,0,0,0,0,0,0,0,0,0,0,0.214909713249654,0,0.522428969542185,0,0
0.216438151218674,0,0.230573241909345,0,0,0,0,0,0.190931618213654,0,0,0,0,0,0.207705274224281,0,0,0,0,0,0,0,0,0,0.282295032180557,0,0.285621771275407,0,0.222384095191956,0,0,0,0,0,0,0,0,0,0,0,0,0,0,0,0,0,0,0,0.182120099663734,0,0.250264414823523,0,0,0,0.190011413915763,0,0,0,0.242411852238288,0,0,0,0,0,0,0,0,0.280018942058086,0,0.312455946902687,0,0.229969361895009,0,0,0,0,0,0,0,0,0,0,0.172589951256911,0.185087539255619,0,0,0
0,0.243576084971428,0,0.190570175316599,0,0,0,0,0,0.186444488537919,0,0,0,0,0,0.174389691352844,0.179617641959339,0.17710796769323,0.208395598828793,0,0,0,0,0.222633391618729,0,0.270668632863613,0,0.291276872158051,0,0,0,0,0,0,0,0,0,0,0,0,0,0,0,0,0,0,0,0,0,0.198828429915011,0,0.219295444428374,0,0,0,0.21563524545468,0,0,0,0.196549117183074,0,0,0,0,0,0,0.233213901519775,0,0.254623112603456,0,0.291636438574642,0,0,0,0,0,0,0,0,0,0,0,0.183525306731462,0,0.247533236940702,0,0
0,0.486294940114021,0,0.365341514348984,0,0.277111473348406,0,0,0,0,0,0.262036454219085,0,0,0,0,0.355174932214949,0.338770011296639,0.340645025374918,0.227868334534444,0,0,0,0,0,0.330664277076721,0,0,0,0.292299151420593,0,0,0,0,0,0.238837993967364,0.339559838175774,0.242922184334861,0,0.265282892101798,0.342977806925774,0.323253115846051,0.313126188516617,0.383948810398579,0.313125098745028,0.277717491707359,0.318956495987044,0.257676227887472,0,0.262890554193793,0,0.271184742450714,0,0,0,0,0,0.310796145565003,0,0,0,0,0,0.376686841249466,0,0,0,0,0,0,0.334060131542144,0,0.351505329419961,0.334611624479294,0,0,0,0,0.305842977667813,0.343922697007656,0.337314206269669,0.280173242092133,0.272607992109436,0.338289618492126,0.33222331750755,0.378309150536855,0
0,0,0,0,0.16589976917021,0,0,0,0,0,0.139804929833521,0,0,0,0,0,0.34711417555809,0.344595024983088,0.343488369054264,0,0.224599423516688,0,0,0,0,0,0,0,0,0,0,0,0,0,0,0,0.198523516096577,0,0.234253535591639,0.323598440204348,0.278832250161411,0,0.342728294708111,0.316645324230194,0.342007764577866,0,0.275024840229018,0.267668187618256,0.312685353557269,0,0,0,0,0,0,0,0.305744584912346,0.328619539737701,0,0,0,0,0.376686841249466,0,0,0,0,0,0,0,0,0.351388782262802,0.371554762125015,0.359075664401054,0,0,0,0,0.357027210687336,0.287471236677598,0.349928677082062,0.320314334413057,0.276606682949005,0,0.320321003822351,0,0
0,0,0,0,0,0,0,0,0,0.379318326711655,0,0,0,0,0,0,0,0,0,0,0,0.218227028898395,0,0.217467653751373,0,0.234440206860503,0,0.234303580224514,0,0,0,0,0,0,0,0,0,0.211176421757289,0,0,0,0.414312695463498,0,0,0,0,0,0.433288738131523,0,0.293462337102122,0,0,0,0,0,0.35710234940052,0,0,0,0,0,0,0,0,0,0,0.18057067418585,0,0.296174426034931,0,0.286090704838972,0,0,0,0,0,0,0,0,0,0.298340071278922,0,0.16649324378142,0,0.34215070605278,0,0
0,0,0,0,0,0,0,0,0,0,0,0,0,0,0,0,0,0,0,0,0,0.164345269455858,0.240995608549153,0,0.168856996591344,0,0,0,0.158461049199104,0,0,0,0,0,0,0,0,0,0.248518554733704,0,0,0,0,0,0,0,0,0,0.336483039280784,0,0,0,0,0,0,0,0,0,0,0,0,0,0,0,0,0,0,0.272315363304035,0,0,0,0.25091901924703,0,0,0,0,0,0,0,0,0,0.30134686066067,0.191698647934843,0.170908696949482,0.367257386445999,0,0
0,0.253989487886429,0,0,0,0.300159752368927,0,0,0,0.273934100890717,0,0,0,0,0,0,0,0.166474789381027,0,0,0,0.189974545240402,0,0.224978796709164,0,0.265251049246543,0,0,0,0,0,0,0,0,0,0,0,0.287025917321444,0,0,0,0.424243983116236,0,0,0,0,0,0.428910047679708,0,0.313421425885624,0,0.280326366424561,0,0,0,0.301510672996887,0,0,0,0,0,0.233213901519775,0,0,0.18057067418585,0,0,0,0.235336803396543,0,0.374840825796127,0,0,0,0,0,0,0,0,0,0.264352058806615,0,0.241550091774233,0.315437952677409,0.333687936140196,0,0
0,0,0,0,0,0,0,0,0.228182673393587,0,0,0,0,0,0,0,0,0,0,0,0,0,0.291084968711959,0,0.210891568449505,0,0,0,0,0,0,0,0,0,0,0,0,0,0.191182968627035,0,0,0,0,0,0,0,0,0,0.248640689330223,0,0,0,0,0,0.27761221777226,0,0,0,0.278794765472412,0,0.280018942058086,0,0,0,0,0.272315363304035,0,0,0,0.252907905727625,0,0,0,0,0,0,0,0,0,0,0,0.282393841490601,0.189920930067698,0,0.2312459109558,0,0
0,0.224732294678688,0,0,0,0,0,0,0,0.219445551435153,0,0,0,0,0,0.161294369825295,0.195169061422348,0.180841235799736,0,0,0,0.288250028039329,0,0.247493920753701,0,0.277488391858435,0,0.317556151321956,0,0,0,0,0,0,0,0,0,0,0,0,0,0,0,0,0,0,0,0,0,0.218995192536601,0,0,0,0,0,0.246826051110807,0,0.306642532348633,0,0.371541023254395,0,0.254623112603456,0,0,0.296174426034931,0,0.235336803396543,0,0,0,0.421121822962584,0,0,0,0,0,0,0,0,0,0,0,0.18807922244072,0.183404996991158,0,0,0
0,0,0,0,0,0,0,0,0,0,0,0,0,0,0,0,0.136828519403934,0,0,0,0,0,0.232471834868193,0,0.290550207509797,0,0.274665691124068,0,0.234152347995685,0,0,0,0,0,0,0,0,0,0,0,0,0,0,0,0,0,0,0,0,0,0,0,0,0,0,0,0,0,0.343993251051368,0,0.312455946902687,0,0,0,0,0,0,0.252907905727625,0,0,0,0.379885328720229,0,0,0,0,0,0,0,0,0,0,0.185525873303413,0,0,0,0
0,0,0,0,0,0.310297697782516,0,0,0,0,0,0,0,0.245265310773483,0,0,0,0.342672169208527,0.346050813794136,0,0,0.230174014965693,0,0,0,0.302272355384401,0,0.214942246432485,0,0.210159707173545,0,0,0,0,0,0.314299240708351,0,0.180446576924972,0,0.328786849975586,0.368645250797272,0.390279072523117,0,0,0,0.332861828804016,0,0.416874289512634,0,0.323217396499121,0,0,0,0,0,0.371856570243835,0,0.414619396336989,0,0.244838000981943,0,0.291636438574642,0.334060131542144,0,0.286090704838972,0,0.374840825796127,0,0.421121822962584,0,0,0,0.338784862920594,0,0,0,0,0,0.315121262460142,0,0.270009164202247,0.287116646766663,0.245446910078709,0,0.388092370244203,0.432239055633545,0
0.274036079645157,0,0,0,0,0,0,0,0,0,0,0,0,0,0,0,0,0,0,0,0,0,0.289456054568291,0,0.356966553131739,0,0.316755522381176,0,0.228056484380284,0,0.140976250171661,0,0,0,0,0,0,0,0,0,0,0,0.361552193760872,0,0,0,0,0,0.325903023992266,0,0,0,0,0,0,0,0,0,0.364219295978546,0,0.229969361895009,0,0,0.351388782262802,0,0.25091901924703,0,0,0,0.379885328720229,0,0,0,0.436187561069216,0,0,0,0,0,0,0,0.286144405603409,0,0,0.376979001129375,0,0
0,0,0,0,0,0.311942927539349,0,0,0,0,0,0.240085798951368,0,0,0,0,0,0.333157449960709,0.386493143282439,0.31875085234642,0,0,0,0,0,0,0,0.115893390225737,0,0.224483163815416,0,0,0,0,0,0.312430836260319,0,0.245629467470672,0,0.308441859803029,0,0.404225341478984,0,0.411350220441818,0.337222725152969,0.329195833724478,0.346081852912903,0,0,0.264609499424696,0,0,0,0,0,0,0,0.38526004669224,0,0,0,0,0.351505329419961,0.371554762125015,0,0,0,0,0,0,0.338784862920594,0,0,0,0,0,0,0,0.313986390508631,0.371089100837708,0.328726136400093,0,0.305784767787707,0,0.361612139800234,0.4305056814964,0
0.313137471675873,0,0,0,0,0.356831222772598,0,0,0,0,0.241938334703445,0,0,0,0,0,0.396973848342896,0.367251366376877,0.380663374350184,0,0.291198700666428,0,0,0,0,0,0,0,0,0,0.217801197742422,0,0,0,0,0,0.333760902285576,0,0.17800520658493,0,0.31582357515307,0.373026639223099,0.402076307109799,0,0.459597279982907,0,0.373262177683689,0.328295061985652,0.29777703479938,0,0,0,0,0,0,0,0.313407018780708,0,0,0,0,0,0.334611624479294,0.359075664401054,0,0,0,0,0,0,0,0.436187561069216,0,0,0,0,0,0,0.355306756496429,0.32465292232624,0,0.298378173706376,0.304804817540571,0.333317673206329,0.433169107977043,0,0.428992002084851
0,0,0,0,0,0,0,0,0,0,0,0,0,0,0,0,0,0,0,0,0,0,0,0,0,0,0,0,0,0,0,0.285493354710376,0.258024732370188,0.222203160220004,0,0.179037511254711,0,0,0,0,0,0,0,0,0,0,0,0.362522771714423,0.426833932014073,0,0,0,0,0,0,0,0,0,0,0,0,0,0,0,0,0,0,0,0,0,0,0,0,0,0,0.499379011491934,0.377735807938762,0,0.355626744334684,0,0,0,0.284560323554151,0,0,0,0
0,0,0,0,0,0,0,0,0,0,0,0,0,0,0,0,0,0,0,0,0,0,0,0,0,0,0,0,0,0,0,0.431021765825596,0.283880295724958,0,0.42175141857429,0,0.22153630012121,0,0,0.337366282939911,0,0,0,0,0,0,0,0.44421875403514,0.34820390244325,0.504891276359558,0,0,0,0,0,0,0,0,0,0,0,0,0,0,0,0,0,0,0,0,0,0,0,0,0.499379011491934,0,0,0.309342866467815,0.499231681227684,0.37611027215913,0,0,0.296559760631141,0,0,0,0
0,0,0,0,0,0,0,0,0,0,0,0,0,0,0,0,0,0,0,0,0,0,0,0,0,0,0,0,0,0,0,0.216316549823834,0.571249961853027,0.276159895046867,0.200149949463931,0.205187212935714,0,0.278476335384228,0,0,0,0,0,0,0,0,0,0.425914462567981,0,0.376585861709383,0,0,0,0,0,0,0,0,0,0,0,0,0,0,0,0,0,0,0,0,0,0,0,0,0.377735807938762,0,0,0.201190413797603,0.332524966008692,0,0.301554169869058,0,0.229523399572694,0,0.314737111330032,0,0
0,0,0,0,0,0,0,0,0,0,0,0,0,0,0,0,0,0,0,0,0,0,0,0,0.28778612613678,0,0,0,0,0,0,0.528505563735962,0.254303211736125,0.2123184042081,0.262318346568541,0,0.26007673593371,0,0.21403276403745,0,0,0,0,0,0,0,0,0.434915983445052,0.359064119223932,0,0,0,0,0,0,0,0,0,0,0,0,0,0,0,0,0,0,0,0,0,0,0,0,0,0,0.309342866467815,0.201190413797603,0,0,0.336176249122984,0,0.333168867207313,0.24335183614963,0.202431110235361,0.487746506929398,0,0
