0,0,6.42581627259847,0,5.61111507208451,0,0,0,9.94563436508179,0,26.1278955413074,0,14.5610453753636,0,14.8930979893125,0,38.3434363398059,52.2319488525391,21.1208433242071,0,26.7726968129476,0,34.1560060501099,0,0,0,21.6275060971578,0,22.1415481621415,0,28.4904007089549,0,0,0,0,0,0,0,42.3651618568265,0,0,85.8015098571777,20.9543666007027,0,19.2790535518101,0,34.7027273178101,0,6.49904724746753,78.7801055908203,0,0,0,0,6.52681408506451,0,21.1579701042175,0,11.3134914806911,0,7.233685754776,0,0,21.8110029871871,0,32.7465502421061,0,69.879243850708,0,18.4784840293553,0,22.9662033266384,0,25.2257520198822,0,0,0,0,0,0,0,39.8517298613492,17.1203167143832,59.6203441619873,11.2827012850914,0,16.5990069218171
0,0,0,9.18624455933843,0,0,0,0,0,9.79623522388222,0,0,0,0,0,6.98543637167147,62.0560531616211,34.8288803100586,22.9796035430011,0,0,24.1054265839713,0,5.43757021427155,0,19.3438161214193,0,0,0,0,0,0,0,48.8142337799072,0,0,0,26.3428735172047,0,0,0,26.1542256015842,28.9680986404419,0,0,19.4026473252061,0,40.4509124755859,0,5.7263790107219,0,0,0,0,0,5.29596081968783,0,3.13977589309216,0,3.50667505264282,0,7.7335717221303,0,0,24.7508289383118,0,4.40812324841817,0,19.5430466186169,0,20.0322986841202,0,32.2377395629883,0,0,0,42.5640155792236,0,0,0,36.3112513224284,0,7.05946793575441,0,12.8283111896081,23.9061450004578,0
6.42581627259847,0,0,0,0,0,0,0,7.46903531367962,0,0,0,26.9767150878906,0,24.4947147369385,0,0,0,0,0,0,0,43.2367858886719,0,0,0,0,0,0,0,0,0,0,0,0,0,0,0,0,0,0,0,0,0,13.4044989858355,0,0,0,5.36463626768949,0,0,0,0,0,0,0,0,0,0,0,6.38207674026489,0,0,0,0,0,0,0,0,0,0,0,0,0,0,0,0,0,0,0,0,77.9962310791016,5.69829898008278,0,5.47390017246473,0,0
0,9.18624455933843,0,0,0,0,0,0,0,20.1799746860157,0,0,0,0,0,18.867893854777,0,0,21.947504679362,0,0,0,0,0,0,0,0,0,0,0,0,0,0,0,0,0,0,0,0,0,0,0,0,0,0,8.66671985446817,0,0,0,5.81018109823528,0,6.25558012723923,0,0,0,18.4323749244213,0,0,0,0,0,20.7794806480408,0,0,0,0,0,0,0,0,0,0,0,0,0,0,0,0,0,0,0,0,5.77329030997462,0,5.51688625452653,0,0
5.61111507208451,0,0,0,0,0,8.85385799407959,0,3.656938012441,0,0,0,3.25372862815857,0,3.91151070594788,0,0,0,0,0,4.93113715308053,0,0,0,0,0,0,0,0,0,0,0,0,0,0,0,0,0,0,0,0,0,0,0,0,0,0,0,0,0,4.225050239002,0,3.49275191834098,0,3.51253119309743,0,4.04028407732646,0,0,0,0,0,0,7.34088708372677,0,0,0,0,0,0,0,0,0,0,0,0,0,0,0,0,0,0,4.42133640359949,0,0,0,0
0,0,0,0,0,0,0,0,0,3.07792267345247,0,0,0,4.01351701100667,0,3.30244472447564,0,0,0,0,0,0,0,0,0,0,0,0,0,0,0,0,0,0,0,0,0,0,0,0,0,0,0,0,0,0,0,0,0,0,0,3.96680820429767,0,0,0,0,0,0,0,5.32635254755507,0,9.08861255645752,0,0,0,0,0,0,0,0,0,0,0,0,0,0,0,0,0,0,0,0,3.35286178145298,0,0,0,0
0,0,0,0,8.85385799407959,0,0,0,0,0,3.53050930500031,0,4.27969532779285,0,0,0,0,0,0,0,4.52374334335327,0,0,0,0,0,0,0,0,0,0,0,0,0,0,0,0,0,0,0,0,0,0,0,0,0,0,0,0,0,0,0,3.27465337973375,0,0,0,3.4373019652638,0,3.18792184193929,0,0,0,0,7.92361420676822,0,0,0,0,0,0,0,0,0,0,0,0,0,0,0,0,0,0,4.53513992766631,0,0,0,0
0,0,0,0,0,0,0,0,0,0,0,0,0,3.5350967168808,0,0,0,0,0,0,0,0,0,0,0,0,0,0,0,0,0,0,0,0,0,0,0,0,0,0,0,0,0,0,0,0,0,0,0,0,0,0,0,0,0,0,0,0,0,0,0,0,0,0,0,0,0,0,0,0,0,0,0,0,0,0,0,0,0,0,0,0,2.96279501914978,0,0,0,0
9.94563436508179,0,7.46903531367962,0,3.656938012441,0,0,0,0,53.0467071533203,26.6851680755615,0,19.2311520783798,0,13.7605438690919,0,20.5339629540868,45.9699873924255,29.5486441607724,0,26.6233255944284,0,31.1774105564241,78.7905883789062,18.9955988021997,0,19.371517930712,83.7413101196289,25.4722985986803,0,35.8190140724182,0,0,0,0,0,0,87.4993013654436,44.6409411350886,0,0,73.9888750712077,21.4430345545758,0,0,73.1176095690046,29.0565116191732,0,34.1956429914995,71.1054026285807,0,0,0,0,6.48546944307477,0,36.5494766235352,0,11.964101155599,0,10.1120507249645,0,0,30.6812054438469,66.5021114349365,33.4779306411743,53.6005210876465,20.3538800439527,0,17.380199820907,0,27.8156079875613,98.1338691711426,41.6023223876953,0,0,78.3759670257568,0,0,0,89.0946380615234,43.597616313054,19.5718041466128,60.1958141326904,31.8918080115586,65.8601989746094,14.5918556584252
0,9.79623522388222,0,20.1799746860157,0,3.07792267345247,0,0,53.0467071533203,0,0,39.7355613708496,0,0,0,5.60818734832276,43.9253652360704,17.2110379801856,23.844585785447,0,75.5881042480469,38.3186273717169,0,17.2470640500387,0,12.5661396891276,0,16.5521438121796,0,0,0,0,0,37.8571445147196,0,0,0,48.1314028532077,67.1672299702962,0,0,29.4041968326156,35.1859337021323,39.2780914306641,0,26.9078588526884,61.5162200927734,45.9309822110569,0,26.4621558733434,0,0,0,0,0,5.83427415277377,0,27.8224938710531,0,0,0,7.15432362122969,0,73.4504928588867,30.9968685309092,0,35.8584220068795,42.0119972229004,17.2778814679556,0,24.7970274756936,0,28.5967127482096,0,0,0,34.0819729941232,0,0,0,44.1201934814453,55.569149017334,19.9908860489305,30.6359681649642,25.4038041589295,17.7563980546865,35.7844586372375
26.1278955413074,0,0,0,0,0,3.53050930500031,0,26.6851680755615,0,0,0,4.66790612773262,0,44.6258220672607,0,50.5008649144854,62.5074129104614,54.0019373613245,0,4.28369816689504,0,55.2538242340088,0,32.3043273925781,0,53.9918537139893,0,20.0828342503364,0,9.75177717890058,0,0,0,0,0,3.45725782712301,121.789909362793,12.9459630942871,0,0,0,41.5105789237552,0,0,106.01065826416,64.5978141784668,0,23.8327400467613,100.270202636719,0,0,3.71864221312783,0,28.0486652056376,0,6.26388479803171,0,6.49870866537094,0,28.9336680334968,0,0,10.6074725603446,0,0,0,37.6341627665928,0,35.1204143100315,0,41.0136369452419,0,7.60313654828955,0,0,101.196464538574,0,0,0,0,17.8446689588683,8.21380373110874,76.8896507535662,16.9173226542979,105.266372680664,49.7982046339247
0,0,0,0,0,0,0,0,0,39.7355613708496,0,0,0,3.53374304771423,0,0,0,0,45.6770820617676,8.6178147588553,0,0,0,0,0,0,0,3.32350978618715,0,5.26627001370469,0,0,0,21.0590040683746,0,0,0,9.71419511250087,0,0,0,18.1628825315245,0,0,0,0,0,0,0,15.9863876627203,0,0,0,0,0,0,0,6.60278957930718,0,3.26868929582484,0,0,10.1933122752932,0,62.8627138137817,0,0,0,55.4028930664062,0,65.4330749511719,0,9.69499421198899,0,0,0,15.3397744799417,0,0,0,17.1415828501824,0,7.4976938089659,0,10.3142900390886,31.2614340782166,0
14.5610453753636,0,26.9767150878906,0,3.25372862815857,0,4.27969532779285,0,19.2311520783798,0,4.66790612773262,0,0,0,5.09683097430638,0,32.2002429255733,0,30.6343596416971,0,59.3086952209473,0,30.173210144043,0,33.1256688435872,0,15.8531950296358,0,14.1182837357392,0,10.8564195143033,0,0,0,0,0,0,0,48.2765501195734,0,0,85.1391067504883,38.3418175784024,0,0,0,38.0475140119854,0,18.6121409566779,0,3.60107278823853,0,3.79410384012305,0,19.1116847991943,0,10.0316809718892,0,4.50986789141671,0,6.50002479620007,0,0,32.5310740384189,0,32.129077911377,54.2252159118652,34.5630226135254,0,16.1523342899893,0,10.5051406886843,0,14.1486169326404,0,0,0,0,0,0,0,43.4549082347325,19.4205990090515,6.91223771572113,33.8722484935414,0,32.0224419185093
0,0,0,0,0,4.01351701100667,0,3.5350967168808,0,0,0,3.53374304771423,0,0,0,3.23813627077186,0,0,0,0,0,0,0,0,0,4.59080050672804,0,0,0,0,0,0,0,0,0,0,0,0,0,0,0,0,0,0,0,0,0,0,0,0,0,2.88641691207886,0,0,0,0,0,0,0,3.46492615200224,0,2.73503637313843,0,0,0,0,0,0,0,0,3.50839617592948,0,0,0,0,0,0,0,0,0,0,0,3.2407873460802,3.7436175081465,0,0,0
14.8930979893125,0,24.4947147369385,0,3.91151070594788,0,0,0,13.7605438690919,0,44.6258220672607,0,5.09683097430638,0,0,0,26.7561269154151,65.2818012237549,30.8817985516759,0,32.0613810091603,0,36.4081034064293,0,37.504267396598,0,13.7171701213339,0,11.6167142830527,0,44.0052490234375,0,0,0,0,0,0,104.028991699219,53.0237370808919,0,0,87.3900756835938,37.8310973681803,0,0,83.4155654907227,38.3424119807001,0,31.4580780576777,83.1481704711914,3.5959312915802,0,0,0,19.2901645302773,0,17.7317180633545,0,5.17349863742009,0,5.06487529591176,0,0,29.7198209762573,0,34.1760910579136,0,34.7288064575195,0,13.596359889641,0,20.8402267186368,0,35.0137557983398,0,0,0,0,0,0,110.43675994873,50.0811864852905,17.6620082027656,9.1974504701085,37.520339533814,0,30.0957276095515
0,6.98543637167147,0,18.867893854777,0,3.30244472447564,0,0,0,5.60818734832276,0,0,0,3.23813627077186,0,0,39.3182220458984,24.0916365385056,27.0208577620677,0,0,33.7466847949558,0,17.9815005979676,0,12.2713904620289,0,10.2712654840379,0,0,0,0,0,52.3656387329102,0,0,0,48.9361633459727,63.2037239074707,0,0,35.9653422381427,39.32190990448,32.4960193634033,0,34.7480219349717,0,49.0331396623091,72.5869674682617,33.2987206107692,0,0,0,0,0,6.36099358929528,0,45.0648422241211,0,2.84591352939606,0,4.36626038035831,0,0,31.88729921464,0,24.494025010329,0,15.8385727297666,0,31.872766494751,0,40.455436706543,0,0,0,45.7873935699463,0,0,0,52.0200391916128,0,22.9714697849851,40.7486619949341,24.8426539557321,24.6974377632141,0
38.3434363398059,62.0560531616211,0,0,0,0,0,0,20.5339629540868,43.9253652360704,50.5008649144854,0,32.2002429255733,0,26.7561269154151,39.3182220458984,0,21.9177749255587,22.6015074002332,0,50.0257913160694,44.8748433923721,13.1362888947274,32.8689631843567,22.2121580535868,49.6811509973863,7.43478847014224,0,23.3526332627566,0,53.5294185638428,0,0,60.6122806918236,0,0,0,59.8315219224101,57.8244691017168,0,0,52.6199433019945,34.4151308833356,42.3875870955618,0,59.8860373220136,49.1351827821448,49.0521216879086,30.7930886724478,55.5214398002624,0,0,0,0,23.5970942030017,42.4671461317274,60.0559206008911,0,0,0,25.8427427836827,47.9209543863932,0,51.6050202113645,50.5348809929781,10.8648913050862,31.0558042024311,23.1807963113139,57.8934331621443,8.70821638538277,74.6960163116455,26.9885413835278,65.9775759379069,49.4408018177953,0,0,60.8348042508389,0,0,0,62.9709307536781,50.5212854753989,15.4174453528079,16.8855142490435,45.6090677931718,48.7334568235609,34.0450036185128
52.2319488525391,34.8288803100586,0,0,0,0,0,0,45.9699873924255,17.2110379801856,62.5074129104614,0,0,0,65.2818012237549,24.0916365385056,21.9177749255587,0,17.1832645629116,0,67.5461635924222,14.9753642823743,21.3649556777057,9.95628580336057,37.8828584497625,8.52217529219908,55.9846992492676,18.2397131323814,70.2092658148871,0,68.6947135925293,0,0,46.9244479595775,0,0,0,38.5519463327245,72.3242595289007,0,0,44.4000953984261,50.8465306502122,45.9279084205627,0,59.7763482909049,67.2753775685104,41.5484126982142,60.6034014775203,42.6303865152247,0,0,0,0,38.327554996197,30.0577362845926,0,59.7330665588379,0,0,104.263160705566,23.3853780638497,0,71.1488413674491,19.2598992599352,12.0998449325562,13.2262703050886,33.8574466705322,24.8388979235749,52.1845779418945,25.1029507470509,65.8622095108032,48.7309717450823,71.3673184712728,0,0,55.3603781001774,0,0,0,45.2326550695384,74.8087485537809,12.3652412087226,13.8543920631131,53.155524848164,46.8723235563798,53.0818889324482
21.1208433242071,22.9796035430011,0,21.947504679362,0,0,0,0,29.5486441607724,23.844585785447,54.0019373613245,45.6770820617676,30.6343596416971,0,30.8817985516759,27.0208577620677,22.6015074002332,17.1832645629116,0,0,51.9513866353479,48.6214264040795,45.8026124655482,26.1320490192902,36.28423933859,32.2307650148869,35.2088525907589,41.6997323036194,39.2465346066617,0,51.469134979248,0,0,55.9366697898278,0,0,0,53.6729445504598,44.3525514514684,0,0,32.9798340085126,21.422819165026,15.4785970944126,0,35.7775048205727,47.5521515257538,29.7011116051624,40.3072184880575,49.0362312771148,0,0,0,0,25.3064289345647,24.3515198081012,53.2276201248169,58.6266199747721,34.3620609283447,0,27.1850005370643,30.6926475524902,0,55.1105971979847,46.5505039101555,48.1607179641724,30.8689822256565,40.1980988707723,40.1709366873871,35.9015422323476,40.0569990406866,46.7577959878104,51.8704323577881,62.0840811478464,0,0,55.4312830766042,0,0,0,55.9142670768376,58.0553785869341,15.8397140153781,26.4590838062326,34.4315474938302,28.2391672301292,28.3504363298416
0,0,0,0,0,0,0,0,0,0,0,8.6178147588553,0,0,0,0,0,0,0,0,0,0,0,0,0,0,0,0,0,0,0,0,0,0,0,4.54201904694919,0,3.26775491166258,0,0,0,11.6665434042613,0,0,0,10.1062689268364,0,0,0,9.58757090568542,0,0,0,0,0,0,0,10.5790732304255,0,0,0,0,4.30473146629839,0,0,0,0,0,0,0,0,0,0,0,0,0,13.8857356707255,0,8.07135008107061,0,3.59556007385254,0,4.79770120809663,0,6.57346622459377,0,0
26.7726968129476,0,0,0,4.93113715308053,0,4.52374334335327,0,26.6233255944284,75.5881042480469,4.28369816689504,0,59.3086952209473,0,32.0613810091603,0,50.0257913160694,67.5461635924222,51.9513866353479,0,0,95.3222732543945,42.7351614104377,85.6966171264648,34.4869175752004,0,48.2790201972513,0,44.7996253128052,0,57.2809982299805,0,0,0,0,0,5.07739782333374,125.385653686523,33.3123110242251,0,0,95.7738296508789,21.377583078209,0,0,87.1898574829102,24.354114194711,89.7267074584961,18.1854551502916,101.94921875,7.89916684892443,0,5.15056266103472,0,28.929733158082,0,7.7532668328823,0,16.2319863183158,0,25.9025222927059,0,0,5.90128807385762,121.36360168457,42.5122180514865,0,33.170652107273,94.428638458252,32.8425748304887,0,38.6279296189352,0,20.7456567287445,0,0,114.266883850098,0,0,4.78915087381999,119.464761098226,31.5248938557915,23.2045604333887,70.6490787778582,17.5057932127986,80.448486328125,45.007786951567
0,24.1054265839713,0,0,0,0,0,0,0,38.3186273717169,0,0,0,0,0,33.7466847949558,44.8748433923721,14.9753642823743,48.6214264040795,0,95.3222732543945,0,6.62283821453322,13.6912955723381,7.36930227279663,12.1202541034797,0,5.48712185124777,0,0,0,0,0,22.1894279458057,0,0,0,9.19601893984939,19.5024857521057,0,0,44.7857153976665,56.7430522918701,0,0,57.6554959615072,101.849273681641,27.6038375582014,0,11.3856492066108,0,0,0,0,0,29.9638931910197,0,59.765212059021,0,0,0,31.5139556047393,0,0,6.37585230567092,7.46966441472371,9.23046730600396,0,13.4942607905442,0,4.96589671972111,81.1725997924805,58.4569886525472,0,0,0,46.416668820737,0,0,0,11.8438467120864,33.822762966156,8.36643888598061,7.02541803470486,21.8794488939188,37.3623341151646,123.887062072754
34.1560060501099,0,43.2367858886719,0,0,0,0,0,31.1774105564241,0,55.2538242340088,0,30.173210144043,0,36.4081034064293,0,13.1362888947274,21.3649556777057,45.8026124655482,0,42.7351614104377,6.62283821453322,0,0,8.43393155095283,0,10.4191186224076,0,7.90547047362491,0,57.9101486206055,0,0,0,0,0,0,103.43896484375,9.29450970137992,0,0,107.749862670898,27.6290986297327,0,0,86.5241394042969,53.2695560455322,0,14.6826854692187,0,0,0,0,0,34.1768371582031,0,41.8719417027065,0,27.2016201019287,0,32.577710758556,0,0,50.0869798158344,7.94296538352966,5.8277639474422,0,9.20878083073769,0,11.1317186116943,0,10.4374721171714,0,24.3698539052691,0,0,0,0,0,0,0,11.4619114176117,6.93387406556695,6.35325614714201,28.283786239974,0,40.9468032291957
0,5.43757021427155,0,0,0,0,0,0,78.7905883789062,17.2470640500387,0,0,0,0,0,17.9815005979676,32.8689631843567,9.95628580336057,26.1320490192902,0,85.6966171264648,13.6912955723381,0,0,37.8869972229004,8.48766721321257,0,16.4626007080078,0,0,0,0,0,33.9602737426758,0,0,0,26.3924379632386,51.9814089560995,0,0,27.7746136458211,35.8888363838196,35.2725696563721,0,51.1871622525729,80.0702590942383,30.4626865386963,0,28.238869484514,0,0,0,0,0,7.74646092142378,0,0,0,0,0,18.1129099797394,0,0,15.8019060803883,59.4338188171387,6.18253581371148,35.2809181213379,13.1364228408748,0,11.9562548801038,62.1439476013184,30.1131114959717,0,0,0,36.7564416201609,0,0,0,33.0868125010018,59.3159525944636,16.2264008043222,33.7127933000263,34.2957812349002,38.4155523777008,0
0,0,0,0,0,0,0,0,18.9955988021997,0,32.3043273925781,0,33.1256688435872,0,37.504267396598,0,22.2121580535868,37.8828584497625,36.28423933859,0,34.4869175752004,7.36930227279663,8.43393155095283,37.8869972229004,0,50.9635162353516,16.6954498786134,0,20.6390646129358,0,38.7066179003034,0,0,0,0,0,0,87.4475854237874,21.5524131383883,0,0,63.3783905029297,19.85141164209,0,0,64.9779968261719,35.6757527886367,0,15.8442417112031,64.6678225199382,0,0,0,0,26.976784214829,44.4193496704102,31.7220911546187,0,0,0,33.1894457680838,0,0,38.9605435534735,0,7.75458388187267,61.40163230896,7.8818350406672,88.1856689453125,11.9202250375573,0,20.0402831159789,0,33.4983849929551,0,0,0,0,0,0,59.0679683685303,27.4006785918075,17.8789320921442,40.2018115997314,27.9078675875732,0,34.2722923278809
0,19.3438161214193,0,0,0,0,0,0,0,12.5661396891276,0,0,0,4.59080050672804,0,12.2713904620289,49.6811509973863,8.52217529219908,32.2307650148869,0,0,12.1202541034797,0,8.48766721321257,50.9635162353516,0,85.6636810302734,5.6655223638239,0,0,0,0,0,53.0732332865397,0,0,0,35.6127329958164,40.2369194030762,0,0,43.0756375875818,48.9236065546672,49.0451965332031,0,46.782491235172,87.8179531097412,63.9981880187988,0,23.8465857566931,0,0,0,0,0,14.8128780227596,0,53.1083374023438,0,4.18944193422794,0,11.1572105970423,0,87.4324035644531,13.518817880514,0,5.87643807176231,0,8.33376040379237,0,5.41745673237047,0,54.2766571044922,0,0,0,57.9003728978774,0,0,0,52.7645727106043,93.1296348571777,12.078023673916,13.1901446918753,38.4582330322266,34.2721655527751,0
21.6275060971578,0,0,0,0,0,0,0,19.371517930712,0,53.9918537139893,0,15.8531950296358,0,13.7171701213339,0,7.43478847014224,55.9846992492676,35.2088525907589,0,48.2790201972513,0,10.4191186224076,0,16.6954498786134,85.6636810302734,0,0,10.7351624913683,0,0,0,0,0,0,0,0,0,31.5481778745298,0,0,0,42.3999298961223,0,0,72.7438659667969,52.8643288748605,0,14.8790865678054,80.7601356506348,0,0,0,0,15.85049318605,0,0,0,0,0,10.9751926649601,0,0,52.339116414388,92.713249206543,10.961105185819,0,18.0816752523184,0,8.63030374486592,0,11.9388142189576,0,46.0084082285563,0,0,90.9658584594727,0,0,0,0,31.1166844563941,20.3283102935054,19.7540051688009,48.7340994153704,0,37.5050324031285
0,0,0,0,0,0,0,0,83.7413101196289,16.5521438121796,0,3.32350978618715,0,0,0,10.2712654840379,0,18.2397131323814,41.6997323036194,0,0,5.48712185124777,0,16.4626007080078,0,5.6655223638239,0,0,0,3.92294530435042,0,0,0,0,0,0,0,4.97733838028378,0,0,0,0,0,0,0,54.720645904541,0,0,0,61.9289016723633,0,0,0,0,0,11.1543884277344,0,0,0,0,0,9.67481495204725,0,0,6.9519437132655,0,0,0,6.24708277838571,0,4.90755156172831,0,8.39481019973755,0,0,0,61.8813858032227,0,0,0,5.92856200536092,0,4.9583366021189,5.9166835750488,38.8120574951172,49.106029510498,0
22.1415481621415,0,0,0,0,0,0,0,25.4722985986803,0,20.0828342503364,0,14.1182837357392,0,11.6167142830527,0,23.3526332627566,70.2092658148871,39.2465346066617,0,44.7996253128052,0,7.90547047362491,0,20.6390646129358,0,10.7351624913683,0,0,0,5.95942786509086,0,0,96.5268096923828,0,0,0,115.608028411865,20.3279975312097,0,0,87.3210627237956,40.2383886954846,0,0,96.3277252197266,42.7520138037658,0,17.7717629005383,0,0,0,0,0,24.0170056025187,0,28.5482477651578,0,11.5820307334264,0,9.57257028888254,0,0,41.0246617221093,0,6.49725606977807,86.8657302856445,23.5277875942342,0,10.0392699341375,0,5.52776146152418,0,9.46197083558929,0,0,0,0,0,0,0,47.4880657430851,14.7119467019366,4.88047930023321,34.0036201684371,0,34.43596119526
0,0,0,0,0,0,0,0,0,0,0,5.26627001370469,0,0,0,0,0,0,0,0,0,0,0,0,0,0,0,3.92294530435042,0,0,0,0,0,0,0,0,0,7.46737614132109,0,0,0,11.1694498062134,0,0,0,0,0,0,0,11.8543113072713,0,0,0,0,0,0,0,5.51365966598193,0,0,0,0,0,0,0,0,0,0,0,0,3.10659432411194,0,4.83140182270665,0,0,0,0,0,0,0,6.74338823056403,0,3.16940281788508,0,0,0,0
28.4904007089549,0,0,0,0,0,0,0,35.8190140724182,0,9.75177717890058,0,10.8564195143033,0,44.0052490234375,0,53.5294185638428,68.6947135925293,51.469134979248,0,57.2809982299805,0,57.9101486206055,0,38.7066179003034,0,0,0,5.95942786509086,0,0,0,0,0,0,0,0,0,15.2365438056985,0,0,99.5172424316406,52.0984803980047,0,0,106.30290222168,64.6672700246175,0,24.3306828549034,0,0,0,0,0,32.1270965229381,0,9.18931496043165,0,15.4472384162065,0,0,0,0,84.5732116699219,0,0,0,44.2983185450236,0,0,0,6.8287101423952,0,6.40538874751116,0,0,0,0,0,0,119.982013702393,24.1130932051268,7.07221206202365,6.60001964978117,25.7297347068787,0,41.0496520996094
0,0,0,0,0,0,0,0,0,0,0,0,0,0,0,0,0,0,0,0,0,0,0,0,0,0,0,0,0,0,0,0,0,0,0,3.23886205894606,0,0,0,4.29537015737489,0,0,0,0,0,0,0,4.54616516828537,0,4.32705998525285,0,0,0,0,0,0,0,0,0,0,0,0,0,0,0,0,0,0,0,0,0,0,0,0,3.67842302028684,0,4.69600707606265,0,3.21103452920914,0,0,0,3.28242520491282,0,0,0,0
0,0,0,0,0,0,0,0,0,0,0,0,0,0,0,0,0,0,0,0,0,0,0,0,0,0,0,0,0,0,0,0,0,0,0,0,0,0,0,0,0,0,0,0,0,0,0,0,0,0,0,0,0,0,0,0,0,0,0,0,0,0,0,0,0,0,0,0,0,0,0,0,0,0,0,2.88806335131327,0,0,0,0,0,0,3.23169581095378,0,0,0,0
0,48.8142337799072,0,0,0,0,0,0,0,37.8571445147196,0,21.0590040683746,0,0,0,52.3656387329102,60.6122806918236,46.9244479595775,55.9366697898278,0,0,22.1894279458057,0,33.9602737426758,0,53.0732332865397,0,0,96.5268096923828,0,0,0,0,0,6.40279622978353,4.24947245329756,0,11.0778598354403,8.39882230564831,0,0,30.4014770138648,21.1190288768095,68.8764953613281,0,63.5751781463623,137.637191772461,5.06264129507611,0,72.4075508117676,0,0,0,0,0,51.6350353785924,0,22.0931183951242,0,0,0,50.3486480712891,0,0,46.8288381022792,0,34.0498666348665,0,57.9131362915039,0,64.9278271993001,0,20.500431060791,0,4.75100749731064,0,5.32403889863398,10.2524586332393,6.5804879832686,0,11.0587193691294,9.64228806875448,8.72540963628697,28.1537217100461,47.9828063964844,32.0423744746617,87.1537551879883
0,0,0,0,0,0,0,0,0,0,0,0,0,0,0,0,0,0,0,0,0,0,0,0,0,0,0,0,0,0,0,0,0,6.40279622978353,0,0,0,22.0994303226471,9.13685822486877,0,0,0,6.51625573635101,0,0,0,0,3.35016280836404,4.89351588487625,0,0,0,0,0,0,0,0,0,0,0,0,0,0,0,0,0,0,0,0,0,0,0,0,0,0,0,6.96185780850119,3.332368182575,0,0,14.7178879843818,7.60504063432867,4.21935121646294,0,11.5973631540934,0,0
0,0,0,0,0,0,0,0,0,0,0,0,0,0,0,0,0,0,0,4.54201904694919,0,0,0,0,0,0,0,0,0,0,0,3.23886205894606,0,4.24947245329756,0,0,3.68204870420633,12.4965129654582,0,4.44861268997192,0,0,0,0,0,3.61033991300143,0,3.58289284176297,0,0,0,0,0,0,0,0,0,0,0,0,0,0,4.46497033728053,0,0,0,0,0,0,0,0,0,0,0,2.98919573426247,0,8.17278625935684,0,4.15634893227455,0,8.050103058815,0,4.52984003950222,3.43232486248016,8.5290960082571,0,0
0,0,0,0,0,0,0,0,0,0,3.45725782712301,0,0,0,0,0,0,0,0,0,5.07739782333374,0,0,0,0,0,0,0,0,0,0,0,0,0,0,3.68204870420633,0,0,3.96746510602695,0,3.16988134384155,0,0,0,0,0,0,0,0,0,0,0,0,0,0,0,0,0,0,0,0,0,0,3.80338936502283,0,0,0,0,0,0,0,0,0,0,0,0,0,0,5.3366326552171,3.47225051762453,0,5.03332251193477,5.02501557498846,6.36722322514183,2.93969259054764,0,0
0,26.3428735172047,0,0,0,0,0,0,87.4993013654436,48.1314028532077,121.789909362793,9.71419511250087,0,0,104.028991699219,48.9361633459727,59.8315219224101,38.5519463327245,53.6729445504598,3.26775491166258,125.385653686523,9.19601893984939,103.43896484375,26.3924379632386,87.4475854237874,35.6127329958164,0,4.97733838028378,115.608028411865,7.46737614132109,0,0,0,11.0778598354403,22.0994303226471,12.4965129654582,0,0,7.31457844182449,0,0,27.6552458906251,41.9124771582114,75.6074981689453,0,51.3821897026446,117.456836700439,13.3530619601764,0,25.6464805103198,0,0,0,0,74.217581431071,46.1438707069114,0,9.30009896755218,0,0,0,56.0595452444894,5.6607411722442,0,15.5131453649116,0,24.5660793841464,79.2744293212891,56.2962442871428,0,8.16464415894371,0,13.9806888590958,0,0,0,14.0500133723539,37.0430068969727,5.34988096485967,0,9.33924617481123,11.2509162221424,20.5688495811,32.7257359762327,16.6036062870455,43.1741068736616,99.005126953125
42.3651618568265,0,0,0,0,0,0,0,44.6409411350886,67.1672299702962,12.9459630942871,0,48.2765501195734,0,53.0237370808919,63.2037239074707,57.8244691017168,72.3242595289007,44.3525514514684,0,33.3123110242251,19.5024857521057,9.29450970137992,51.9814089560995,21.5524131383883,40.2369194030762,31.5481778745298,0,20.3279975312097,0,15.2365438056985,0,0,8.39882230564831,9.13685822486877,0,3.96746510602695,7.31457844182449,0,0,0,94.4789998124285,16.3174028662157,97.0895487467448,0,107.922528353604,39.4165826913352,5.58034372848013,13.0372083198153,106.123297691345,0,0,0,0,45.3428601264954,82.3020133972168,18.3921635117861,0,43.6588201522827,0,42.8925554194349,0,0,39.5292049568732,74.3502076466878,9.62908679918809,59.0558596390944,21.3529928529169,87.4184722900391,22.0980202507328,0,19.0293457104879,34.2974433898926,17.4954366821509,0,0,16.6137361680972,21.9877480268478,0,4.28598576382949,11.7947386885683,8.14528679428162,23.4585600740649,29.0939565518323,19.698154022241,49.2822113037109,45.298261598609
0,0,0,0,0,0,0,0,0,0,0,0,0,0,0,0,0,0,0,0,0,0,0,0,0,0,0,0,0,0,0,4.29537015737489,0,0,0,4.44861268997192,0,0,0,0,0,6.97565501076835,0,0,0,0,0,3.92361361811859,0,3.67530921683914,0,0,0,0,0,0,0,0,0,0,0,0,3.25345923751593,0,0,0,0,0,0,0,0,0,0,0,5.61208779811859,0,0,0,4.00427656615222,0,0,0,9.35266281498803,0,4.35257531693263,0,0
0,0,0,0,0,0,0,0,0,0,0,0,0,0,0,0,0,0,0,0,0,0,0,0,0,0,0,0,0,0,0,0,0,0,0,0,3.16988134384155,0,0,0,0,0,3.40916581948598,0,0,0,4.04187120797808,3.06608414649963,2.89139233695136,0,0,0,0,0,0,0,0,0,0,0,0,0,0,3.13641079266866,0,0,0,0,0,0,0,0,0,0,0,0,0,0,0,3.02960911919089,0,0,0,0,2.85457672138472,0,0
85.8015098571777,26.1542256015842,0,0,0,0,0,0,73.9888750712077,29.4041968326156,0,18.1628825315245,85.1391067504883,0,87.3900756835938,35.9653422381427,52.6199433019945,44.4000953984261,32.9798340085126,11.6665434042613,95.7738296508789,44.7857153976665,107.749862670898,27.7746136458211,63.3783905029297,43.0756375875818,0,0,87.3210627237956,11.1694498062134,99.5172424316406,0,0,30.4014770138648,0,0,0,27.6552458906251,94.4789998124285,6.97565501076835,0,0,9.56694928472265,16.8105713526408,0,16.777810532902,97.7416898939345,16.8518194484148,0,13.7750698009133,0,0,0,0,67.706244468689,27.6075886107372,0,15.8029646388197,0,0,0,38.0683392234471,7.52958695093791,94.556016031901,47.1592915546747,0,25.4169203783057,66.9884180341448,44.7760351301538,0,44.6896235627948,82.4384689331055,13.4602346403586,0,0,0,31.2363901192801,0,0,0,25.9099521432106,106.265590031942,22.8359550527345,34.4465272046823,12.7101263335658,9.68940236716144,83.8240737915039
20.9543666007027,28.9680986404419,0,0,0,0,0,0,21.4430345545758,35.1859337021323,41.5105789237552,0,38.3418175784024,0,37.8310973681803,39.32190990448,34.4151308833356,50.8465306502122,21.422819165026,0,21.377583078209,56.7430522918701,27.6290986297327,35.8888363838196,19.85141164209,48.9236065546672,42.3999298961223,0,40.2383886954846,0,52.0984803980047,0,0,21.1190288768095,6.51625573635101,0,0,41.9124771582114,16.3174028662157,0,3.40916581948598,9.56694928472265,0,0,2.95398271083832,77.5842296055385,15.700106336998,6.7417499757741,10.021480865634,45.0288649400075,0,0,0,0,25.7038511996879,34.1705081515842,54.1338195800781,0,45.6127471923828,0,34.6642561062523,39.5122737884521,0,22.8435533097181,69.1709159851074,30.8626613616943,52.230354309082,20.6965844507711,51.6740690378042,39.8823554541475,0,37.9256484887119,81.5660781860352,12.3638319469267,0,0,26.3149088904971,0,0,0,24.5552984523773,21.7765895902324,13.782572836197,47.194346954948,12.8420567274931,10.699748724699,9.80055845927897
0,0,0,0,0,0,0,0,0,39.2780914306641,0,0,0,0,0,32.4960193634033,42.3875870955618,45.9279084205627,15.4785970944126,0,0,0,0,35.2725696563721,0,49.0451965332031,0,0,0,0,0,0,0,68.8764953613281,0,0,0,75.6074981689453,97.0895487467448,0,0,16.8105713526408,0,0,0,7.34812104891217,88.2139892578125,34.8407113552094,0,58.5641374588013,0,0,0,0,0,35.4711994171143,0,0,0,0,0,0,0,0,54.6333980560303,0,90.7561721801758,0,47.8895492553711,0,0,0,0,0,0,0,57.815580368042,0,0,0,78.4118428911482,0,7.9820152615246,46.2496278762817,4.34062678946389,20.5566488901774,0
19.2790535518101,0,13.4044989858355,0,0,0,0,0,0,0,0,0,0,0,0,0,0,0,0,0,0,0,0,0,0,0,0,0,0,0,0,0,0,0,0,0,0,0,0,0,0,0,2.95398271083832,0,0,0,5.07861674626668,0,0,0,0,0,0,0,0,0,0,0,0,0,0,0,0,0,0,0,0,0,0,0,0,0,0,0,0,0,0,0,0,0,0,0,3.04685389416889,0,6.07205581665039,0,0
0,19.4026473252061,0,8.66671985446817,0,0,0,0,73.1176095690046,26.9078588526884,106.01065826416,0,0,0,83.4155654907227,34.7480219349717,59.8860373220136,59.7763482909049,35.7775048205727,10.1062689268364,87.1898574829102,57.6554959615072,86.5241394042969,51.1871622525729,64.9779968261719,46.782491235172,72.7438659667969,54.720645904541,96.3277252197266,0,106.30290222168,0,0,63.5751781463623,0,3.61033991300143,0,51.3821897026446,107.922528353604,0,0,16.777810532902,77.5842296055385,7.34812104891217,0,0,101.588006155831,34.586741174405,0,24.7447865738152,0,0,0,0,70.7720392400568,28.5264154052734,0,85.7410507202148,0,0,81.7345886230469,36.43990204551,5.40613258157769,109.094071524484,58.2498311435475,0,50.4581895223478,74.6219228108724,48.6383890972457,0,55.7789661089579,113.987953186035,71.3571453094482,0,0,0,73.0275755662184,0,3.29407221103812,0,50.963604972476,109.439664055319,29.207386298477,44.1767906070613,10.9979666904133,20.6498094115938,57.4728889465332
34.7027273178101,0,0,0,0,0,0,0,29.0565116191732,61.5162200927734,64.5978141784668,0,38.0475140119854,0,38.3424119807001,0,49.1351827821448,67.2753775685104,47.5521515257538,0,24.354114194711,101.849273681641,53.2695560455322,80.0702590942383,35.6757527886367,87.8179531097412,52.8643288748605,0,42.7520138037658,0,64.6672700246175,0,0,137.637191772461,0,0,0,117.456836700439,39.4165826913352,0,4.04187120797808,97.7416898939345,15.700106336998,88.2139892578125,5.07861674626668,101.588006155831,0,102.183921813965,32.4162155985832,96.0230194091797,0,0,0,0,32.2069389049823,0,19.9404700329429,0,20.3975984936669,0,27.4715504048338,82.3846473693848,0,8.72408258876983,93.8938446044922,51.9516834682888,0,38.371289467325,106.239959716797,37.4780093722873,0,41.2965383988651,0,80.0626373291016,0,0,108.848917643229,0,0,6.84820948811648,112.593437194824,47.0355364088846,36.6864544360496,78.5340943513093,9.54918769426048,0,14.1616790125447
0,40.4509124755859,0,0,0,0,0,0,0,45.9309822110569,0,0,0,0,0,49.0331396623091,49.0521216879086,41.5484126982142,29.7011116051624,0,89.7267074584961,27.6038375582014,0,30.4626865386963,0,63.9981880187988,0,0,0,0,0,4.54616516828537,0,5.06264129507611,3.35016280836404,3.58289284176297,0,13.3530619601764,5.58034372848013,3.92361361811859,3.06608414649963,16.8518194484148,6.7417499757741,34.8407113552094,0,34.586741174405,102.183921813965,0,5.48482132911682,5.01910310067578,0,0,0,0,73.554328918457,42.8228289582009,0,0,0,0,88.7905120849609,49.3313136630588,0,107.56893157959,35.8037866353989,0,27.6675514856974,61.4715957641602,59.9183346033096,0,56.6818084716797,0,0,0,4.82999249494301,0,7.96595052715872,4.16971231358392,3.74748742195868,0,11.6929274999632,4.94314877305712,9.44907439423866,12.2601625389523,16.6141896529512,28.1611774762472,5.91538785298665
6.49904724746753,0,5.36463626768949,0,0,0,0,0,34.1956429914995,0,23.8327400467613,0,18.6121409566779,0,31.4580780576777,72.5869674682617,30.7930886724478,60.6034014775203,40.3072184880575,0,18.1854551502916,0,14.6826854692187,0,15.8442417112031,0,14.8790865678054,0,17.7717629005383,0,24.3306828549034,0,0,0,4.89351588487625,0,0,0,13.0372083198153,0,2.89139233695136,0,10.021480865634,0,0,0,32.4162155985832,5.48482132911682,0,4.1519448553869,0,0,0,0,20.3556884843476,0,13.3302120614052,0,4.55890966951847,0,6.01498952212634,0,0,19.1074559235376,0,14.023801965451,0,13.3917530063584,0,11.0105427482672,0,8.40564452891318,0,13.9249031739899,0,0,0,5.39285133051318,0,3.01663865149021,0,9.66274903519048,27.8008807596451,63.8581598722018,7.40872681465594,0,19.3753611776564
78.7801055908203,5.7263790107219,0,5.81018109823528,0,0,0,0,71.1054026285807,26.4621558733434,100.270202636719,15.9863876627203,0,0,83.1481704711914,33.2987206107692,55.5214398002624,42.6303865152247,49.0362312771148,9.58757090568542,101.94921875,11.3856492066108,0,28.238869484514,64.6678225199382,23.8465857566931,80.7601356506348,61.9289016723633,0,11.8543113072713,0,4.32705998525285,0,72.4075508117676,0,0,0,25.6464805103198,106.123297691345,3.67530921683914,0,13.7750698009133,45.0288649400075,58.5641374588013,0,24.7447865738152,96.0230194091797,5.01910310067578,4.1519448553869,0,0,7.09083523469813,0,0,64.6598739624023,21.1924739534205,0,8.78087567090988,0,2.79145021438599,0,16.5149093396736,10.7838069136425,104.648122151693,20.7270232992352,0,19.6049737998908,70.504695892334,38.1588311710141,0,8.3114626815282,114.96915435791,8.71501996491606,0,5.1822847886519,0,32.8992924620123,0,4.09727050618428,0,12.417257219715,109.265245056152,27.7884563147851,80.2530077909812,10.2901542631996,19.855629424895,76.4120407104492
0,0,0,0,4.225050239002,0,0,0,0,0,0,0,3.60107278823853,0,3.5959312915802,0,0,0,0,0,7.89916684892443,0,0,0,0,0,0,0,0,0,0,0,0,0,0,0,0,0,0,0,0,0,0,0,0,0,0,0,0,0,0,0,3.59979236125946,0,0,0,0,0,0,0,0,0,0,9.18051586151123,0,0,0,0,0,0,0,0,0,0,0,0,0,0,0,0,0,0,2.96659636497498,0,6.32743529839949,0,0
0,0,0,6.25558012723923,0,3.96680820429767,0,0,0,0,0,0,0,2.88641691207886,0,0,0,0,0,0,0,0,0,0,0,0,0,0,0,0,0,0,0,0,0,0,0,0,0,0,0,0,0,0,0,0,0,0,0,7.09083523469813,0,0,0,2.74571981430054,0,0,0,0,0,4.90530901217679,0,5.65519089041085,0,0,0,0,0,0,0,0,0,0,0,0,0,0,0,0,0,0,0,0,3.36926565170288,0,0,0,0
0,0,0,0,3.49275191834098,0,3.27465337973375,0,0,0,3.71864221312783,0,3.79410384012305,0,0,0,0,0,0,0,5.15056266103472,0,0,0,0,0,0,0,0,0,0,0,0,0,0,0,0,0,0,0,0,0,0,0,0,0,0,0,0,0,3.59979236125946,0,0,0,0,0,2.74153161048889,0,3.06959021091461,0,0,0,0,6.70389500786276,0,0,0,0,0,0,0,0,0,0,0,0,0,0,0,0,0,0,6.39626170992851,0,0,0,0
0,0,0,0,0,0,0,0,0,0,0,0,0,0,0,0,0,0,0,0,0,0,0,0,0,0,0,0,0,0,0,0,0,0,0,0,0,0,0,0,0,0,0,0,0,0,0,0,0,0,0,2.74571981430054,0,0,0,0,0,0,0,0,0,0,0,0,0,0,0,0,0,0,0,0,0,0,0,0,0,0,0,0,0,0,0,0,0,0,0
6.52681408506451,0,0,0,3.51253119309743,0,0,0,6.48546944307477,0,28.0486652056376,0,19.1116847991943,0,19.2901645302773,0,23.5970942030017,38.327554996197,25.3064289345647,0,28.929733158082,0,34.1768371582031,0,26.976784214829,0,15.85049318605,0,24.0170056025187,0,32.1270965229381,0,0,0,0,0,0,74.217581431071,45.3428601264954,0,0,67.706244468689,25.7038511996879,0,0,70.7720392400568,32.2069389049823,73.554328918457,20.3556884843476,64.6598739624023,0,0,0,0,0,99.0473785400391,14.4386574427287,0,0,0,8.26054215431213,0,0,30.4798193161304,0,40.8502869606018,0,18.4282681725242,0,15.6886193207332,0,21.8445798379404,0,29.1955992091786,0,0,79.3464584350586,0,0,0,75.1102752685547,40.9044173888139,19.8830565725054,54.1916017532349,26.2192920641023,64.7347869873047,19.8158377357151
0,5.29596081968783,0,18.4323749244213,0,0,0,0,0,5.83427415277377,0,0,0,0,0,6.36099358929528,42.4671461317274,30.0577362845926,24.3515198081012,0,0,29.9638931910197,0,7.74646092142378,44.4193496704102,14.8128780227596,0,11.1543884277344,0,0,0,0,0,51.6350353785924,0,0,0,46.1438707069114,82.3020133972168,0,0,27.6075886107372,34.1705081515842,35.4711994171143,0,28.5264154052734,0,42.8228289582009,0,21.1924739534205,0,0,0,0,99.0473785400391,0,0,0,0,0,0,5.7145593687892,0,0,26.0413513713413,0,10.4889047622681,0,18.1521210336016,0,21.9930958982374,0,37.8765837351481,0,0,0,39.1518278121948,0,0,0,45.5962075984224,0,23.8417374337161,33.8449788570404,25.7761770201401,21.7284999084473,33.8518056869507
21.1579701042175,0,0,0,4.04028407732646,0,3.4373019652638,0,36.5494766235352,0,6.26388479803171,0,10.0316809718892,0,17.7317180633545,0,60.0559206008911,0,53.2276201248169,0,7.7532668328823,0,41.8719417027065,0,31.7220911546187,0,0,0,28.5482477651578,0,9.18931496043165,0,0,0,0,0,0,0,18.3921635117861,0,0,0,54.1338195800781,0,0,0,19.9404700329429,0,13.3302120614052,0,0,0,2.74153161048889,0,14.4386574427287,0,0,0,7.6044430276379,0,13.4529537509822,0,0,15.5968323642557,0,0,0,31.1021496454875,0,21.5094715567196,0,23.2051561830381,0,8.00845934992051,0,0,0,0,0,0,0,26.5150624704505,11.2321367219913,0,5.62897090532563,0,44.6066551208496
0,3.13977589309216,0,0,0,0,0,0,0,27.8224938710531,0,6.60278957930718,0,0,0,45.0648422241211,0,59.7330665588379,58.6266199747721,10.5790732304255,0,59.765212059021,0,0,0,53.1083374023438,0,0,0,5.51365966598193,0,0,0,22.0931183951242,0,0,0,9.30009896755218,0,0,0,15.8029646388197,0,0,0,85.7410507202148,0,0,0,8.78087567090988,0,0,0,0,0,0,0,0,0,3.06730932848794,0,0,12.3941069245338,0,61.1378261021205,0,0,0,55.2947101593018,0,5.02780037373304,0,7.65397358417511,0,0,0,22.965006010873,0,0,0,18.4301653163774,0,20.4300932824612,77.4404296875,7.80136784420738,27.0393178122384,0
11.3134914806911,0,0,0,0,0,3.18792184193929,0,11.964101155599,0,6.49870866537094,0,4.50986789141671,0,5.17349863742009,0,0,0,34.3620609283447,0,16.2319863183158,0,27.2016201019287,0,0,0,0,0,11.5820307334264,0,15.4472384162065,0,0,0,0,0,0,0,43.6588201522827,0,0,0,45.6127471923828,0,0,0,20.3975984936669,0,4.55890966951847,0,0,0,3.06959021091461,0,0,0,7.6044430276379,0,0,0,5.23483357859904,0,0,20.4092649356739,0,0,0,0,0,6.60934360822042,0,5.15467138762947,0,16.0797574362912,0,0,0,0,0,0,0,32.4607860565186,4.89497800973746,5.71448612213135,8.16317715183381,0,0
0,3.50667505264282,0,0,0,5.32635254755507,0,0,0,0,0,3.26868929582484,0,3.46492615200224,0,2.84591352939606,0,0,0,0,0,0,0,0,0,4.18944193422794,0,0,0,0,0,0,0,0,0,0,0,0,0,0,0,0,0,0,0,0,0,0,0,2.79145021438599,0,4.90530901217679,0,0,0,0,0,3.06730932848794,0,0,0,0,0,0,0,0,0,0,3.23850011825562,0,3.13314655315445,0,0,0,0,0,0,0,0,0,0,0,4.10005062540001,3.97699862056308,0,0,0
7.233685754776,0,6.38207674026489,0,0,0,0,0,10.1120507249645,0,28.9336680334968,0,6.50002479620007,0,5.06487529591176,0,25.8427427836827,104.263160705566,27.1850005370643,0,25.9025222927059,0,32.577710758556,0,33.1894457680838,0,10.9751926649601,0,9.57257028888254,0,0,0,0,0,0,0,0,0,42.8925554194349,0,0,0,34.6642561062523,0,0,81.7345886230469,27.4715504048338,88.7905120849609,6.01498952212634,0,0,0,0,0,8.26054215431213,0,13.4529537509822,0,5.23483357859904,0,0,0,0,25.516495166741,0,37.7848140716553,0,34.0459388097127,0,11.1901927292347,0,10.9735598858632,0,23.2954459623857,0,0,0,0,0,0,0,37.1787999111152,9.52129771645437,8.46104237114091,13.3981563002564,0,28.3936427116394
0,7.7335717221303,0,20.7794806480408,0,9.08861255645752,0,0,0,7.15432362122969,0,0,0,2.73503637313843,0,4.36626038035831,47.9209543863932,23.3853780638497,30.6926475524902,0,0,31.5139556047393,0,18.1129099797394,0,11.1572105970423,0,9.67481495204725,0,0,0,0,0,50.3486480712891,0,0,0,56.0595452444894,0,0,0,38.0683392234471,39.5122737884521,0,0,36.43990204551,82.3846473693848,49.3313136630588,0,16.5149093396736,0,5.65519089041085,0,0,0,5.7145593687892,0,0,0,0,0,0,0,0,31.401190059941,0,24.12643538581,0,16.048429631402,0,24.9839878082275,0,0,0,0,0,61.3600597381592,0,0,0,64.2541225978306,94.0569915771484,27.004356556079,45.9253044128418,34.0452611923218,25.2494435310364,0
0,0,0,0,0,0,0,0,0,0,0,10.1933122752932,0,0,0,0,0,0,0,4.30473146629839,0,0,0,0,0,0,0,0,0,0,0,0,0,0,0,4.46497033728053,0,5.6607411722442,0,3.25345923751593,0,7.52958695093791,0,0,0,5.40613258157769,0,0,0,10.7838069136425,0,0,0,0,0,0,0,12.3941069245338,0,0,0,0,0,0,0,0,0,0,0,0,0,0,8.44092750549316,0,0,0,14.2527906554086,0,7.17692753113806,0,5.80777801407708,0,3.86221816583916,0,4.83962180002316,0,0
21.8110029871871,0,0,0,7.34088708372677,0,7.92361420676822,0,30.6812054438469,73.4504928588867,10.6074725603446,0,32.5310740384189,0,29.7198209762573,0,51.6050202113645,71.1488413674491,55.1105971979847,0,5.90128807385762,0,50.0869798158344,0,38.9605435534735,87.4324035644531,52.339116414388,0,41.0246617221093,0,84.5732116699219,0,0,0,0,0,3.80338936502283,0,39.5292049568732,0,3.13641079266866,94.556016031901,22.8435533097181,0,0,109.094071524484,8.72408258876983,107.56893157959,19.1074559235376,104.648122151693,9.18051586151123,0,6.70389500786276,0,30.4798193161304,0,15.5968323642557,0,20.4092649356739,0,25.516495166741,0,0,0,123.457195281982,42.5697124481201,70.3454895019531,38.3264079827529,106.028594970703,32.6284575888781,0,37.8580144365629,0,103.107917785645,0,0,106.63782119751,0,0,3.33227445965721,111.707359313965,45.5376051122492,24.9800474404232,55.6436026891073,15.3943250080231,79.1029205322266,29.4143792100855
