0,0,0.157167025338644,0,0,0,0,0,0.156687472203055,0,0,0,0,0,0,0,0.326940975405953,0.271509170532227,0.370827331870041,0,0,0,0,0,0,0,0,0,0,0,0,0,0,0,0,0,0,0,0.2333754748106,0,0.481402426958084,0,0.386699761737032,0,0,0.346526384353638,0,0,0.210409833168064,0,0,0,0,0,0.178258609663356,0,0,0,0,0,0.190267451107502,0,0.368632346391678,0,0,0,0,0.199585909955204,0,0,0,0,0,0,0,0,0,0,0.370365073283513,0.433141936274136,0,0,0.226727879538162,0.256003115522234,0.330003227055394,0,0
0,0,0,0.226428673199728,0,0,0,0,0,0.16984963604209,0,0,0,0,0,0.190648918350538,0.30947357416153,0.315795175731182,0.320159616651105,0,0,0,0,0.201979508002599,0,0.259218484163284,0,0,0,0,0,0,0,0,0,0,0,0.208536297082901,0,0.446391880512238,0,0.334614204290586,0,0,0,0.36621755361557,0.33698333799839,0,0,0.218095307625257,0,0,0,0,0,0.203564544089307,0,0.246567476736872,0,0,0,0.175328740437409,0,0,0,0,0.208662840659204,0,0.198199603292677,0,0,0,0,0,0,0,0,0,0.398708270064422,0.33977805574735,0.294305451214314,0,0.225243408122431,0.310474654038747,0.257957743445657,0,0
0.157167025338644,0,0,0,0.198435590157042,0,0,0,0.149675398509004,0,0,0,0,0,0,0,0.304969668388367,0.264386683702469,0.301706123532671,0,0.163929805159569,0,0,0,0,0,0,0,0,0,0,0,0,0,0,0,0.27036814019084,0,0,0.356696799397469,0.289400879825865,0,0.300551138555628,0,0,0.293150752782822,0.283646966848109,0,0.177896975650457,0,0.247633448266155,0,0,0,0.175009260895153,0,0.221640467643738,0.271104127168655,0.215464365690254,0,0.139315128326416,0,0.286648213863373,0.3437759578228,0,0,0,0,0,0,0,0,0,0.296800741127559,0,0,0,0,0.34421694278717,0.328324011780999,0,0.368099510669708,0.232218952463432,0.278291893355987,0.242816418572313,0,0.297363552224377
0,0.226428673199728,0,0,0.25353267788887,0.170564719372325,0,0,0,0.134144756144711,0,0,0,0,0,0,0.274335116147995,0.301821003357569,0.275988395621137,0.235990434885025,0,0,0,0,0,0,0,0,0,0,0,0,0,0,0,0.224287953972816,0,0,0,0.297910238451817,0.320137023925781,0.29299911264952,0.270596065691539,0,0,0.273642562902891,0.264833837747574,0,0,0.199372349538072,0,0.201462378859973,0,0,0,0.172704827932405,0.293593307336171,0.269335384431638,0,0,0,0.170834317093804,0.278100203190531,0,0,0,0,0,0,0,0,0,0,0.303820759057999,0,0,0,0,0.303982825655686,0.319567673736148,0.346122807264328,0,0.236173548520493,0.277865799573752,0.25222912624633,0.277083504085357,0.304558426141739
0,0,0.198435590157042,0.25353267788887,0,0,0.154055053204821,0,0.179445737805316,0,0,0,0,0,0,0,0,0.263274401426315,0.238736127813657,0,0.21424522425787,0,0,0,0,0,0,0,0,0,0,0,0,0,0,0,0.215584322810173,0,0,0,0.284462615847588,0,0.250069299958787,0,0,0,0.250072449445724,0,0.243141786410258,0,0.223861940352148,0,0.200098905221436,0,0.17232084274292,0,0.200994194795688,0,0,0,0,0,0,0.247929121766772,0,0,0,0,0,0,0,0,0,0,0,0,0,0,0,0.268368998711759,0,0,0.173547106800158,0,0.204606825255654,0,0.257533922791481
0,0,0,0.170564719372325,0,0,0,0.14853732391364,0,0.184218351070474,0,0.256633155047894,0,0,0,0.18706483873286,0,0,0.262275248765945,0.190330688592414,0,0,0,0,0,0,0,0,0,0,0,0,0,0,0,0.184257812798023,0,0,0,0.260328114032745,0.345658898353577,0.255653203465044,0,0,0,0.257544666528702,0,0,0,0.236556837956111,0,0.219333811042557,0,0.150291190970512,0,0.196279842602579,0,0.262191851533228,0,0,0,0,0.266162836402655,0,0,0,0,0,0,0,0,0,0,0,0,0,0,0,0.25535562249922,0,0,0.287738084793091,0.192320812834866,0,0.205433139654318,0,0
0,0,0,0,0.154055053204821,0,0,0,0,0,0.153739496748498,0,0,0,0,0,0,0,0,0,0,0,0,0,0,0,0,0,0,0,0,0,0,0,0,0,0,0,0,0,0,0,0,0,0,0,0,0,0,0,0.159603902035289,0,0.170727529196904,0,0,0,0.179076397418976,0,0,0,0,0,0,0,0,0,0,0,0,0,0,0,0,0,0,0,0,0,0,0,0,0,0.19032958894968,0,0,0,0
0,0,0,0,0,0.14853732391364,0,0,0,0,0,0.14420385548362,0,0.153433164374696,0,0,0,0,0,0.162060720267995,0,0,0,0,0,0,0,0,0,0,0,0,0,0,0,0,0,0,0,0,0,0,0,0,0,0,0,0,0,0,0,0.142003573122479,0,0.157470125193453,0,0,0,0.136827916299042,0,0,0,0,0.175567282736301,0,0,0,0,0,0,0,0,0,0,0,0,0,0,0,0,0,0,0,0.156075004390709,0.208488386538294,0,0,0
0.156687472203055,0,0.149675398509004,0,0.179445737805316,0,0,0,0,0,0,0,0,0,0.168830913976884,0,0.189258307218552,0,0.315404310822487,0,0,0,0,0,0.191083428344211,0,0.184832515624853,0,0,0,0,0,0,0,0,0,0,0,0.170253796012778,0,0,0,0.237987960023539,0,0,0.274442702531815,0,0,0.244100169493602,0,0.167118273143257,0,0,0,0.21293676488247,0,0.354019731283188,0,0,0,0.183163759786458,0,0,0.283155053853989,0,0,0,0.251982333604246,0,0.201824679970741,0,0,0,0,0,0,0,0,0,0,0,0.201828080415726,0.18738419398747,0.175708744674921,0.241900269442272,0,0.21558276977804
0,0.16984963604209,0,0.134144756144711,0,0.184218351070474,0,0,0,0,0,0,0,0,0,0.200380845847776,0,0.228540641513277,0.250830695033073,0,0,0,0,0.205165666654522,0,0.199065752327442,0,0,0,0,0,0,0,0,0,0,0,0.207974823163106,0,0,0,0.203331608710618,0,0,0,0.255277529358864,0,0.348487690091133,0,0.163000053980134,0,0.178714457680197,0,0,0,0.251803057813885,0,0.226279884576797,0,0,0,0.235568732698704,0,0,0,0,0.264902381942822,0,0.20983692577907,0,0,0,0,0,0,0,0,0,0,0.250289291143417,0.273273952943938,0,0.192954282515344,0,0.202623494172638,0,0
0,0,0,0,0,0,0.153739496748498,0,0,0,0,0,0,0,0,0,0,0,0,0,0.168555058494433,0,0,0,0,0,0,0,0,0,0.129212632775307,0,0,0,0,0,0.121969730357329,0,0.149423597786214,0,0,0,0,0,0,0,0,0,0,0,0,0,0.188642773728866,0,0,0,0.208690735551282,0,0,0,0,0,0,0.2038908199895,0,0,0,0,0,0,0,0,0,0.271057397127151,0,0,0,0,0,0.133236657828093,0,0.202830102066604,0.149697370827198,0,0.22407856640182,0,0
0,0,0,0,0,0.256633155047894,0,0.14420385548362,0,0,0,0,0,0,0,0,0,0,0,0.134149830788374,0,0,0,0,0,0,0,0.129752889275551,0,0,0,0,0,0,0,0.150745161705547,0,0.127806994308261,0,0,0,0,0,0,0,0.24010411134133,0,0,0,0,0,0.313272714614868,0,0.13959768899914,0,0,0,0.197626561352826,0,0.124278993904591,0,0,0.199979614376663,0,0,0,0,0,0,0,0,0,0,0,0,0,0,0,0,0,0.141074402143761,0,0.14898085241255,0,0.197747043633865,0,0
0,0,0,0,0,0,0,0,0,0,0,0,0,0,0,0,0,0,0,0,0,0,0,0,0,0,0,0,0,0,0,0,0,0,0,0,0,0,0,0,0,0,0,0,0,0,0,0,0,0,0,0,0,0,0,0,0,0,0.251335769891739,0,0,0,0,0,0,0,0,0,0,0,0,0,0,0,0,0,0,0,0,0,0,0,0.243205882608891,0,0,0,0
0,0,0,0,0,0,0,0.153433164374696,0,0,0,0,0,0,0,0.150049834379128,0,0,0,0,0,0,0,0,0,0,0,0,0,0,0,0,0,0,0,0,0,0,0,0,0,0,0,0,0,0,0,0,0,0,0,0,0,0.156248956918716,0,0,0,0,0,0.199368238595186,0,0.14416085742414,0,0,0,0,0,0,0,0,0,0,0,0,0,0,0,0,0,0,0,0,0.250008935729663,0,0,0,0
0,0,0,0,0,0,0,0,0.168830913976884,0,0,0,0,0,0,0,0,0,0,0,0,0,0,0,0.185466890985315,0,0,0,0,0,0,0,0,0,0,0,0,0,0,0,0,0,0,0,0,0,0,0,0,0,0.146331623196602,0,0,0,0.188531597239384,0,0,0,0,0,0.20064390355483,0,0,0,0,0,0,0,0,0,0,0,0,0,0,0,0,0,0,0,0,0,0,0,0,0,0
0,0.190648918350538,0,0,0,0.18706483873286,0,0,0,0.200380845847776,0,0,0,0.150049834379128,0,0,0,0.200145095586777,0,0,0,0,0,0.192814439535141,0,0.137126718958219,0,0,0,0,0,0,0,0,0,0,0,0.274811625480652,0,0,0,0,0,0,0,0,0,0,0,0,0,0.177074460237007,0,0,0,0.199900880655986,0,0,0,0,0,0.240463290516644,0,0,0,0,0.286626078188419,0,0,0,0,0,0,0,0,0,0,0,0,0,0,0,0.186089865035481,0,0,0,0
0.326940975405953,0.30947357416153,0.304969668388367,0.274335116147995,0,0,0,0,0.189258307218552,0,0,0,0,0,0,0,0,0.191052827988676,0.321261734842507,0,0,0,0.115753967587541,0.172805771231651,0.18963762505572,0.173397377133369,0,0,0,0,0,0,0,0,0,0,0,0,0,0.3571158926934,0.36815967279322,0.328285270929337,0.339005320332944,0,0,0.344054941225935,0.340517599331705,0,0,0,0,0,0,0,0,0,0,0,0,0,0,0,0.331122984780985,0.312209088355303,0,0.12348812920126,0,0.183692592382431,0.176421797523896,0,0,0,0,0,0,0,0,0,0.353884487208866,0.362757950612943,0.30142816901207,0.360239416360855,0.24687416801215,0.233720931687102,0.347838016046632,0.289190843701363,0.292941302061081
0.271509170532227,0.315795175731182,0.264386683702469,0.301821003357569,0.263274401426315,0,0,0,0,0.228540641513277,0,0,0,0,0,0.200145095586777,0.191052827988676,0,0.294033001257853,0,0,0.144434799750646,0,0.19254902797559,0,0.189677814467692,0,0,0,0,0,0,0,0,0,0,0,0,0,0.364063836061037,0.386047943280293,0.339621244867643,0.335725082592531,0,0,0.337910490376609,0.36009702216024,0,0,0.324346199631691,0,0,0,0,0,0,0,0,0,0,0,0,0.346384417679575,0.327085206906001,0.137722820043564,0,0,0,0.18574334455784,0,0,0,0,0,0,0,0,0,0.356467232837544,0.382117851947745,0.311313092708588,0.374458885192871,0.212380727273238,0.170571932768241,0.360558470432786,0.319131737947464,0
0.370827331870041,0.320159616651105,0.301706123532671,0.275988395621137,0.238736127813657,0.262275248765945,0,0,0.315404310822487,0.250830695033073,0,0,0,0,0,0,0.321261734842507,0.294033001257853,0,0,0.263981997966766,0,0,0.260249137878418,0,0.19013855047524,0,0,0,0,0,0,0,0,0,0.275645196437836,0.250630527734756,0,0.450927868485451,0.37826939713524,0.387010611551925,0.299048194930135,0.299554500905797,0,0.272219570522959,0.320838455286815,0.3245500140329,0,0.316343627042241,0.292557780941327,0.282013535499573,0,0,0,0,0,0.286209002137184,0.297837118307749,0,0,0,0,0.342840219340702,0.309440949957492,0,0,0,0,0.215579897165298,0,0,0,0,0.318565774708986,0,0,0,0,0.373325260715128,0.38011840048612,0.475506717370728,0.452362272536174,0.274402748196613,0.258103850650831,0.381713815900923,0.28145799324626,0.293547303978363
0,0,0,0.235990434885025,0,0.190330688592414,0,0.162060720267995,0,0,0,0.134149830788374,0,0,0,0,0,0,0,0,0,0,0,0,0,0,0,0,0,0,0,0,0,0,0,0.163503456270151,0,0.174662051997224,0,0,0,0.273916393518448,0,0,0,0.27754219514983,0,0,0,0,0,0.268972924965269,0,0.157634295847105,0,0,0,0.223229896710363,0,0,0,0,0.222187190354711,0,0,0,0,0,0,0,0,0,0,0,0,0,0,0,0.20056781017532,0,0.217761769890785,0,0.151365496218204,0,0.196137459237467,0,0
0,0,0.163929805159569,0,0.21424522425787,0,0,0,0,0,0.168555058494433,0,0,0,0,0,0,0,0.263981997966766,0,0,0,0,0,0,0,0,0,0,0,0,0,0,0,0,0,0.200325644910889,0,0.192243355685888,0,0.243726547807455,0,0.26606273651123,0,0,0,0.295340379079183,0.227863892912865,0.262607438223703,0,0.280683726984627,0,0,0,0,0,0.179648171019072,0,0,0,0,0,0,0.213246372425668,0,0,0,0,0,0,0,0,0,0.332050681114197,0,0,0,0,0,0.224080060829629,0,0.244186828657985,0.182715285069017,0,0.225125803428695,0,0
0,0,0,0,0,0,0,0,0,0,0,0,0,0,0,0,0,0.144434799750646,0,0,0,0,0.101005022497121,0.176075366054092,0,0.177316220367656,0,0.180865383148193,0,0,0,0,0,0,0,0,0,0.224355619136743,0,0,0,0,0,0,0,0,0,0.387093836069107,0,0.246850617053384,0,0,0,0,0,0,0,0,0,0,0,0,0,0,0.192906932623366,0.117714134137533,0.211368839186719,0,0.207236715406179,0,0.198980207728074,0,0,0,0,0,0,0,0,0,0.303440974998301,0,0.131045538743939,0.2701973952353,0,0,0
0,0,0,0,0,0,0,0,0,0,0,0,0,0,0,0,0.115753967587541,0,0,0,0,0.101005022497121,0,0,0.183204726007516,0,0.151216079791387,0,0,0,0,0,0,0,0,0,0,0,0.399971414981894,0,0,0,0,0,0,0,0,0,0.54844523832584,0,0,0,0,0,0,0,0,0,0,0,0,0,0,0,0,0.185532969143283,0,0.251743177240042,0,0.264443066135972,0,0,0,0,0,0,0,0,0,0,0,0.416996015816607,0.145974015730645,0.153473080135882,0,0,0
0,0.201979508002599,0,0,0,0,0,0,0,0.205165666654522,0,0,0,0,0,0.192814439535141,0.172805771231651,0.19254902797559,0.260249137878418,0,0,0.176075366054092,0,0,0,0.179877103003771,0,0,0,0,0,0,0,0,0,0,0,0.266054500734552,0,0,0,0.205197349190712,0,0,0,0,0,0.388279906908671,0,0.222643487728559,0,0,0,0,0,0.228940567416804,0,0,0,0,0,0.237037070095539,0,0,0.219714262573294,0,0.207761825426592,0,0.174863896585557,0,0,0,0,0,0,0,0,0,0,0,0.306303333427946,0,0.176209506565986,0,0.232367758121755,0,0
0,0,0,0,0,0,0,0,0.191083428344211,0,0,0,0,0,0.185466890985315,0,0.18963762505572,0,0,0,0,0,0.183204726007516,0,0,0,0.170525202551832,0,0,0,0,0,0,0,0,0,0,0,0.181570983003124,0,0,0,0.159538345204459,0,0,0,0,0,0,0,0,0,0,0,0.245500792648111,0,0,0,0,0,0,0,0,0,0,0.237044460438746,0,0.210289809931592,0,0.196127941259524,0,0,0,0,0,0,0,0,0,0,0,0.214679504058349,0.161295429841815,0.153132319450378,0.160401195730313,0,0
0,0.259218484163284,0,0,0,0,0,0,0,0.199065752327442,0,0,0,0,0,0.137126718958219,0.173397377133369,0.189677814467692,0.19013855047524,0,0,0.177316220367656,0,0.179877103003771,0,0,0,0.161030152014324,0,0,0,0,0,0,0,0,0,0,0,0,0,0,0,0,0,0,0,0,0,0,0,0,0,0,0,0.224135890941728,0,0,0,0,0,0.131859716314536,0,0,0.215198803900017,0,0.219366036928617,0,0.190505301419931,0,0,0,0,0,0,0,0,0,0,0,0,0,0.207337922106187,0.200035657395016,0,0,0
0,0,0,0,0,0,0,0,0.184832515624853,0,0,0,0,0,0,0,0,0,0,0,0,0,0.151216079791387,0,0.170525202551832,0,0,0,0.189243836204211,0,0,0,0,0,0,0,0,0,0,0,0,0,0,0,0,0,0,0,0,0,0,0,0,0,0,0,0,0,0,0,0.157488316297531,0,0,0,0,0.308803558349609,0,0.188246261608857,0,0.187139976842731,0,0.225842543886703,0,0,0,0,0,0,0,0,0,0,0.132058471441269,0,0,0,0
0,0,0,0,0,0,0,0,0,0,0,0.129752889275551,0,0,0,0,0,0,0,0,0,0.180865383148193,0,0,0,0.161030152014324,0,0,0,0.137981411307416,0,0,0,0,0,0,0,0,0,0,0,0,0,0,0,0,0,0,0,0,0,0,0,0,0,0,0,0,0,0,0,0,0,0,0,0,0,0,0.146805845201015,0,0.163347103159156,0,0,0,0,0,0,0,0,0,0,0,0.137575080884354,0,0,0,0
0,0,0,0,0,0,0,0,0,0,0,0,0,0,0,0,0,0,0,0,0,0,0,0,0,0,0.189243836204211,0,0,0,0,0,0,0,0,0,0,0,0,0,0,0,0,0,0,0,0,0,0,0,0,0,0,0,0,0,0,0,0,0,0,0,0,0,0,0,0,0,0,0.206163724263509,0,0.228982452991282,0,0,0,0,0,0,0,0,0,0,0,0,0,0,0
0,0,0,0,0,0,0,0,0,0,0,0,0,0,0,0,0,0,0,0,0,0,0,0,0,0,0,0.137981411307416,0,0,0,0,0,0,0,0,0,0.162326908359925,0,0,0,0,0,0,0,0,0,0,0,0,0,0,0,0,0,0,0,0,0,0,0,0,0,0,0,0,0,0,0,0,0.158489545567496,0,0.143627744288214,0,0,0,0,0,0,0,0,0,0,0,0,0,0
0,0,0,0,0,0,0,0,0,0,0.129212632775307,0,0,0,0,0,0,0,0,0,0,0,0,0,0,0,0,0,0,0,0,0,0,0,0,0,0,0,0.150755888937156,0,0,0,0,0,0,0,0,0,0,0,0,0,0,0,0,0,0.208531498908997,0,0,0,0,0,0,0,0,0,0,0,0,0,0,0,0,0.171899661560607,0,0,0,0,0,0,0,0,0.135406216796564,0,0.303671658039093,0,0
0,0,0,0,0,0,0,0,0,0,0,0,0,0,0,0,0,0,0,0,0,0,0,0,0,0,0,0,0,0,0,0,0.147709879126862,0.156564799802644,0,0.185118660330772,0,0,0,0,0,0,0,0,0,0,0,0.28333122851672,0,0,0,0,0,0,0,0,0,0,0,0,0,0,0,0,0,0,0,0,0,0,0,0,0,0,0.2038209186631,0.160952434707911,0.19423166220471,0.134234428405762,0.253931419716941,0,0,0,0.169069009047313,0,0,0,0
0,0,0,0,0,0,0,0,0,0,0,0,0,0,0,0,0,0,0,0,0,0,0,0,0,0,0,0,0,0,0,0.147709879126862,0,0.215281620621681,0.29839053923885,0.165529411728099,0.16436989689468,0,0,0,0,0,0,0,0,0,0,0.280153719996611,0.366031140089035,0,0,0,0,0,0,0,0,0,0,0,0,0,0,0,0,0,0,0,0,0,0,0,0,0,0.170538980513811,0.311036529577227,0,0.301510675651271,0.16550507992506,0.176604857378536,0,0,0.163546293973923,0,0,0,0
0,0,0,0,0,0,0,0,0,0,0,0,0,0,0,0,0,0,0,0,0,0,0,0,0,0,0,0,0,0,0,0.156564799802644,0.215281620621681,0,0.150554831006697,0.137402875635486,0,0.245588827356336,0,0,0,0,0,0,0,0,0,0.265804326784277,0,0.340322686566247,0,0,0,0,0,0,0,0,0,0,0,0,0,0,0,0,0,0,0,0,0,0,0,0,0.184518936005506,0.161950066685677,0.20917111285226,0.161149513419895,0.180630340062557,0,0.245558657537562,0,0.151000700974732,0,0,0,0
0,0,0,0,0,0,0,0,0,0,0,0,0,0,0,0,0,0,0,0,0,0,0,0,0,0,0,0,0,0,0,0,0.29839053923885,0.150554831006697,0,0,0.160778357338832,0.159819713660649,0.211894343016853,0,0,0,0,0,0,0,0,0.265680660474217,0.370641939342022,0,0,0,0,0,0,0,0,0,0,0,0,0,0,0,0,0,0,0,0,0,0,0,0,0,0,0.230057878529324,0.162636848407633,0.241479835457287,0,0.193751041591167,0,0.289616470209429,0.152102435205845,0.172823590040207,0,0,0
0,0,0,0.224287953972816,0,0.184257812798023,0,0,0,0,0,0.150745161705547,0,0,0,0,0,0,0.275645196437836,0.163503456270151,0,0,0,0,0,0,0,0,0,0,0,0.185118660330772,0.165529411728099,0.137402875635486,0,0,0.140353465713561,0.133169905141102,0,0,0,0.264545122782389,0,0,0,0.166268990221231,0,0.180240995743695,0,0.23805714089696,0,0.270708605647087,0,0,0,0,0,0.153154348072253,0,0,0,0,0.177727687037665,0,0,0,0,0,0,0,0,0,0,0,0.197026625275612,0.175241436976105,0.171694328695753,0,0.226749486350521,0.14758625337664,0.174898341298103,0,0.19339132948443,0.231933429837227,0.217039938374932,0.281665682792664,0
0,0,0.27036814019084,0,0.215584322810173,0,0,0,0,0,0.121969730357329,0,0,0,0,0,0,0,0.250630527734756,0,0.200325644910889,0,0,0,0,0,0,0,0,0,0,0,0.16436989689468,0,0.160778357338832,0.140353465713561,0,0,0.15488848162231,0,0.230045025547345,0,0.296963432431221,0,0,0,0.207046060546024,0.208112724846409,0,0,0.256523126363754,0,0,0,0,0,0.20134678516123,0,0,0,0,0,0,0.205103699400256,0,0,0,0,0,0,0,0,0,0.26558855175972,0,0.150489724418592,0,0.175578310580052,0.132907286421819,0.230546323364966,0,0.221613009866135,0.18395647546573,0,0.227517467491955,0,0.28255387643973
0,0.208536297082901,0,0,0,0,0,0,0,0.207974823163106,0,0.127806994308261,0,0,0,0.274811625480652,0,0,0,0.174662051997224,0,0.224355619136743,0,0.266054500734552,0,0,0,0,0,0.162326908359925,0,0,0,0.245588827356336,0.159819713660649,0.133169905141102,0,0,0.150804113008474,0,0,0.237967535853386,0,0,0,0.318845550809056,0,0.538457557242432,0,0.423898232597354,0,0,0,0,0,0.279200319823097,0,0.148355008727247,0,0,0,0.304904639720917,0.245099287102418,0.344251751899719,0.276800788193941,0,0.3131835430667,0,0,0,0.335797190666199,0,0.221218868469199,0,0,0,0.214262914199096,0,0.175075296051253,0,0.242019864790239,0.170843558419834,0.323533547961776,0.401777256102789,0.283407785270336,0,0
0.2333754748106,0,0,0,0,0,0,0,0.170253796012778,0,0.149423597786214,0,0,0,0,0,0,0,0.450927868485451,0,0.192243355685888,0,0.399971414981894,0,0.181570983003124,0,0,0,0,0,0.150755888937156,0,0,0,0.211894343016853,0,0.15488848162231,0.150804113008474,0,0,0,0,0.179279385341538,0,0,0,0.332944081226985,0.639423891262185,0.467040245256652,0,0,0,0,0,0.206504537962204,0,0.173573997993303,0,0,0,0,0,0,0.24959266241279,0,0.317843591341606,0,0.264650164836615,0,0,0,0,0,0.177164505571127,0,0,0,0.258879654956799,0,0.228263853818093,0,0.238140384390725,0.384306942464167,0.264104384168678,0.294710259651765,0,0
0,0.446391880512238,0.356696799397469,0.297910238451817,0,0.260328114032745,0,0,0,0,0,0,0,0,0,0,0.3571158926934,0.364063836061037,0.37826939713524,0,0,0,0,0,0,0,0,0,0,0,0,0,0,0,0,0,0,0,0,0,0.389980897307396,0.310742917020638,0.326599679116545,0.305180162191391,0.437818497419357,0.307208324043915,0.372992835938931,0,0,0.236291006640639,0,0.26550884048144,0,0,0,0.243950888514519,0.302084058523178,0.270184284448624,0,0,0,0,0.283338697394356,0.337149143218994,0,0,0,0,0,0,0,0,0,0,0,0,0,0,0.300042262485435,0.365850849077106,0.266094926406037,0,0.333148764693632,0.354058926403522,0.317091446669164,0.376697722689131,0.331157620464052
0.481402426958084,0,0.289400879825865,0.320137023925781,0.284462615847588,0.345658898353577,0,0,0,0,0,0,0,0,0,0,0.36815967279322,0.386047943280293,0.387010611551925,0,0.243726547807455,0,0,0,0,0,0,0,0,0,0,0,0,0,0,0,0.230045025547345,0,0,0.389980897307396,0,0.326820998029275,0.299225306389603,0,0.528953803437097,0.322626519948244,0.327990643875137,0,0.246638999327465,0,0,0,0,0,0,0,0.269295449058215,0.293162459135056,0,0,0,0,0.302279330790043,0.241825772084271,0,0,0,0,0,0,0,0,0,0.293617784976959,0,0,0,0,0.37674051420442,0.293750352405627,0.4108015447855,0.267979488561028,0.32915504291919,0.325245904496738,0.293569040165491,0.309965431690216,0.349750554880408
0,0.334614204290586,0,0.29299911264952,0,0.255653203465044,0,0,0,0.203331608710618,0,0,0,0,0,0,0.328285270929337,0.339621244867643,0.299048194930135,0.273916393518448,0,0,0,0.205197349190712,0,0,0,0,0,0,0,0,0,0,0,0.264545122782389,0,0.237967535853386,0,0.310742917020638,0.326820998029275,0,0.252612402493303,0.235012460728081,0.296659161647161,0.288492295005639,0.294510715454817,0.415946304798126,0.291583359241486,0.323822782713757,0,0.261632779240608,0,0,0,0.232666750324935,0,0.352359508630749,0,0.333024799823761,0,0.283481627702713,0.34264273097757,0.272314170996348,0,0,0,0,0,0,0,0,0,0,0,0,0,0,0.334952831077616,0.326426578243983,0.439633431844413,0.348785519599915,0.274641485609481,0.297851474716506,0.323616284440746,0.278490069327159,0.284552025794983
0.386699761737032,0,0.300551138555628,0.270596065691539,0.250069299958787,0,0,0,0.237987960023539,0,0,0,0,0,0,0,0.339005320332944,0.335725082592531,0.299554500905797,0,0.26606273651123,0,0,0,0.159538345204459,0,0,0,0,0,0,0,0,0,0,0,0.296963432431221,0,0.179279385341538,0.326599679116545,0.299225306389603,0.252612402493303,0,0.235268339514732,0.371854794121558,0.281349716834652,0.267666948925553,0.399942867457867,0.365245033368886,0.303860326608022,0.272743763831946,0,0,0,0.297156105438868,0,0.323703846294586,0.2829679697752,0,0,0,0,0.305645532665714,0.29337304866735,0,0,0,0,0,0,0,0,0,0.304130737598126,0,0,0,0,0.328739696906673,0.334602517756496,0.396737605333328,0.37665041962715,0.283099893373892,0.320754006978065,0.333214091110821,0.289011146873236,0.302297577136328
0,0,0,0,0,0,0,0,0,0,0,0,0,0,0,0,0,0,0,0,0,0,0,0,0,0,0,0,0,0,0,0,0,0,0,0,0,0,0,0.305180162191391,0,0.235012460728081,0.235268339514732,0,0,0,0,0,0,0.253752147157987,0,0,0,0,0,0,0,0,0,0,0,0,0,0,0,0,0,0,0,0,0,0,0,0,0,0,0,0,0,0,0,0,0.215476208599284,0.245757848024368,0.240080341696739,0,0
0,0,0,0,0,0,0,0,0,0,0,0,0,0,0,0,0,0,0.272219570522959,0,0,0,0,0,0,0,0,0,0,0,0,0,0,0,0,0,0,0,0,0.437818497419357,0.528953803437097,0.296659161647161,0.371854794121558,0,0,0.26034115254879,0.446590036153793,0,0,0,0,0,0,0,0,0,0,0,0,0,0,0,0,0,0,0,0,0,0,0,0,0,0,0.463288068771362,0,0,0,0,0,0.502766019918702,0.443554610013962,0.566370323300362,0.222259605924288,0.284959048032761,0.472235723725847,0,0
0.346526384353638,0.36621755361557,0.293150752782822,0.273642562902891,0,0.257544666528702,0,0,0.274442702531815,0.255277529358864,0,0.24010411134133,0,0,0,0,0.344054941225935,0.337910490376609,0.320838455286815,0.27754219514983,0,0,0,0,0,0,0,0,0,0,0,0,0,0,0,0.166268990221231,0,0.318845550809056,0,0.307208324043915,0.322626519948244,0.288492295005639,0.281349716834652,0,0.26034115254879,0,0.294482446814838,0,0.329400271177292,0.230949286039513,0,0,0,0,0,0.23557435721159,0.282613754272461,0.264136230732713,0,0,0,0,0.304082566803428,0.309863886662892,0,0,0,0,0,0,0,0,0,0.281213366985321,0,0,0,0,0.288699876691219,0.339083449822841,0.38282628392472,0.36149645277432,0.324063789913591,0.30401099479499,0.291460454312316,0.285291229212095,0.293080037967725
0,0.33698333799839,0.283646966848109,0.264833837747574,0.250072449445724,0,0,0,0,0,0,0,0,0,0,0,0.340517599331705,0.36009702216024,0.3245500140329,0,0.295340379079183,0,0,0,0,0,0,0,0,0,0,0,0,0,0,0,0.207046060546024,0,0.332944081226985,0.372992835938931,0.327990643875137,0.294510715454817,0.267666948925553,0,0.446590036153793,0.294482446814838,0,0.209922788871659,0.231326154009862,0,0.251291751861572,0,0,0,0,0,0.29221649942073,0.265495424469312,0,0,0,0,0.320128963966119,0.256412831092209,0,0,0,0,0,0,0,0,0,0.290097245217665,0,0,0,0,0.35174822062254,0.266195975140576,0.380415394902229,0.355104988244411,0.330914906355964,0.316301487824496,0.280988297723829,0.28184762597084,0.284219591423523
0,0,0,0,0,0,0,0,0,0.348487690091133,0,0,0,0,0,0,0,0,0,0,0.227863892912865,0.387093836069107,0,0.388279906908671,0,0,0,0,0,0,0,0.28333122851672,0.280153719996611,0.265804326784277,0.265680660474217,0.180240995743695,0.208112724846409,0.538457557242432,0.639423891262185,0,0,0.415946304798126,0.399942867457867,0,0,0,0.209922788871659,0,0.410165897194037,0.422198354819178,0,0,0,0,0,0.367012350095643,0,0,0,0,0,0,0,0.222697613591498,0.357592970132828,0,0.41519175259859,0,0,0,0,0,0,0,0.248949252166262,0.40488020957988,0.354767795857482,0.289106718301773,0.39206351525681,0.267934687819678,0.44594153062157,0.437162328819757,0.435020441016716,0.627395160496235,0.375666226268704,0,0
0.210409833168064,0,0.177896975650457,0,0.243141786410258,0,0,0,0.244100169493602,0,0,0,0,0,0,0,0,0,0.316343627042241,0,0.262607438223703,0,0.54844523832584,0,0,0,0,0,0,0,0,0,0.366031140089035,0,0.370641939342022,0,0,0,0.467040245256652,0,0.246638999327465,0.291583359241486,0.365245033368886,0,0,0.329400271177292,0.231326154009862,0.410165897194037,0,0.3533016988417,0.259045921266079,0,0,0,0.166450873596801,0,0.275869377312206,0,0,0,0,0,0.314397409558296,0.260801149739159,0,0.252992170698502,0,0.274762719869614,0,0,0,0,0,0.273492477834225,0,0.416243582963943,0,0,0.339926660060883,0.278398170723365,0,0.401004017621744,0.397061820191871,0.312850275635719,0.303221281121037,0,0.335872158408165
0,0.218095307625257,0,0.199372349538072,0,0.236556837956111,0,0,0,0.163000053980134,0,0,0,0,0,0,0,0.324346199631691,0.292557780941327,0,0,0.246850617053384,0,0.222643487728559,0,0,0,0,0,0,0,0,0,0.340322686566247,0,0.23805714089696,0,0.423898232597354,0,0.236291006640639,0,0.323822782713757,0.303860326608022,0.253752147157987,0,0.230949286039513,0,0.422198354819178,0.3533016988417,0,0,0.257435508072376,0,0,0,0.151176895946264,0,0.235167846644437,0,0.220895512236489,0,0.160960402001034,0.233910084036844,0,0.262399637896712,0,0.25198162411866,0,0,0,0.355837687849998,0,0.307816799533995,0,0,0,0.460325692045061,0,0.27707654586086,0,0.385114152733303,0,0.382496345409575,0.271711406547849,0.289589451808306,0.2754269503057,0
0,0,0.247633448266155,0,0.223861940352148,0,0.159603902035289,0,0.167118273143257,0,0,0,0,0,0.146331623196602,0,0,0,0.282013535499573,0,0.280683726984627,0,0,0,0,0,0,0,0,0,0,0,0,0,0,0,0.256523126363754,0,0,0,0,0,0.272743763831946,0,0,0,0.251291751861572,0,0.259045921266079,0,0,0,0.216153676224034,0,0.179883723578802,0,0.282217436066763,0,0.258537382279572,0,0.241972426229184,0,0,0.306783932447433,0,0,0,0,0,0,0,0,0,0,0,0,0,0,0,0,0,0,0.197777573709135,0,0.306597766925379,0,0
0,0,0,0.201462378859973,0,0.219333811042557,0,0.142003573122479,0,0.178714457680197,0,0.313272714614868,0,0,0,0.177074460237007,0,0,0,0.268972924965269,0,0,0,0,0,0,0,0,0,0,0,0,0,0,0,0.270708605647087,0,0,0,0.26550884048144,0,0.261632779240608,0,0,0,0,0,0,0,0.257435508072376,0,0,0,0.145006274183591,0,0.194292749692924,0,0.242114766920271,0,0.203406232499307,0,0.245636860119928,0.320586630211371,0,0,0,0,0,0,0,0,0,0,0,0,0,0,0,0.290194861058678,0,0,0,0.199778358828514,0,0.278938379883766,0,0.240917950868607
0,0,0,0,0.200098905221436,0,0.170727529196904,0,0,0,0.188642773728866,0,0,0,0,0,0,0,0,0,0,0,0,0,0,0,0,0,0,0,0,0,0,0,0,0,0,0,0,0,0,0,0,0,0,0,0,0,0,0,0.216153676224034,0,0,0,0,0,0.208861868048823,0,0,0,0,0,0,0,0,0,0,0,0,0,0,0,0,0,0,0,0,0,0,0,0,0,0.168377929582046,0,0,0,0
0,0,0,0,0,0.150291190970512,0,0.157470125193453,0,0,0,0.13959768899914,0,0.156248956918716,0,0,0,0,0,0.157634295847105,0,0,0,0,0,0,0,0,0,0,0,0,0,0,0,0,0,0,0,0,0,0,0,0,0,0,0,0,0,0,0,0.145006274183591,0,0,0,0,0,0.14834036463398,0,0,0,0,0.167271981636683,0,0,0,0,0,0,0,0,0,0,0,0,0,0,0,0,0,0,0,0.156556472164013,0,0,0,0
0.178258609663356,0,0.175009260895153,0,0.17232084274292,0,0,0,0.21293676488247,0,0,0,0,0,0.188531597239384,0,0,0,0,0,0,0,0,0,0.245500792648111,0,0,0,0,0,0,0,0,0,0,0,0,0,0.206504537962204,0,0,0,0.297156105438868,0,0,0,0,0,0.166450873596801,0,0.179883723578802,0,0,0,0,0,0,0,0,0,0.214746071696281,0,0,0,0,0,0,0.321814201829858,0,0,0,0,0,0,0,0,0,0,0,0,0,0.249358517183384,0.186282971930323,0,0.191273315344006,0,0
0,0.203564544089307,0,0.172704827932405,0,0.196279842602579,0,0,0,0.251803057813885,0,0,0,0,0,0.199900880655986,0,0,0,0,0,0,0,0.228940567416804,0,0.224135890941728,0,0,0,0,0,0,0,0,0,0,0,0.279200319823097,0,0.243950888514519,0,0.232666750324935,0,0,0,0.23557435721159,0,0.367012350095643,0,0.151176895946264,0,0.194292749692924,0,0,0,0,0,0.210845127701759,0,0.19523305259645,0,0.24741892377573,0,0,0,0,0.294140980435132,0,0.240926210932872,0,0,0,0,0,0,0,0,0,0,0,0.308168033265496,0,0.225325851507907,0.23088364303112,0.239656558109296,0,0
0,0,0.221640467643738,0.293593307336171,0.200994194795688,0,0.179076397418976,0,0.354019731283188,0,0.208690735551282,0,0,0,0,0,0,0,0.286209002137184,0,0.179648171019072,0,0,0,0,0,0,0,0,0,0.208531498908997,0,0,0,0,0,0.20134678516123,0,0.173573997993303,0.302084058523178,0.269295449058215,0,0.323703846294586,0,0,0.282613754272461,0.29221649942073,0,0.275869377312206,0,0.282217436066763,0,0.208861868048823,0,0,0,0,0,0.260561030383768,0,0,0,0.291161477565765,0.300099050319648,0,0,0,0,0,0,0,0,0,0.283827020577182,0,0,0,0,0,0.266353579610586,0,0.183552189689616,0.280851652405479,0,0.276334897498855,0,0.339152050454442
0,0.246567476736872,0.271104127168655,0.269335384431638,0,0.262191851533228,0,0.136827916299042,0,0.226279884576797,0,0.197626561352826,0,0,0,0,0,0,0.297837118307749,0.223229896710363,0,0,0,0,0,0,0,0,0,0,0,0,0,0,0,0.153154348072253,0,0.148355008727247,0,0.270184284448624,0.293162459135056,0.352359508630749,0.2829679697752,0,0,0.264136230732713,0.265495424469312,0,0,0.235167846644437,0,0.242114766920271,0,0.14834036463398,0,0.210845127701759,0,0,0,0.378810721966955,0,0,0.277465125985689,0.27780881524086,0,0,0,0,0,0,0.406665365574724,0,0.308605755503113,0,0,0,0,0,0.270145527222782,0.328377223014832,0.245047931160246,0.341047286987305,0.282678746914162,0.300677329301834,0.306422988737331,0.321082916259766,0
0,0,0.215464365690254,0,0,0,0,0,0,0,0,0,0.251335769891739,0,0,0,0,0,0,0,0,0,0,0,0,0,0,0,0,0,0,0,0,0,0,0,0,0,0,0,0,0,0,0,0,0,0,0,0,0,0.258537382279572,0,0,0,0,0,0.260561030383768,0,0,0,0.261382848024368,0,0,0,0,0,0,0,0,0,0,0,0,0,0,0,0,0,0,0,0,0,0.220465338655881,0,0.263366997241974,0,0
0,0,0,0,0,0,0,0,0,0,0,0.124278993904591,0,0.199368238595186,0,0,0,0,0,0,0,0,0,0,0,0,0,0,0,0,0,0,0,0,0,0,0,0,0,0,0,0.333024799823761,0,0,0,0,0,0,0,0.220895512236489,0,0.203406232499307,0,0,0,0.19523305259645,0,0.378810721966955,0,0,0,0.249003616033816,0,0,0,0,0,0,0.273142485794696,0,0.238615326062742,0,0,0,0,0,0,0,0,0,0,0,0.355684299979891,0,0.206197947263718,0,0
0.190267451107502,0,0.139315128326416,0,0,0,0,0,0.183163759786458,0,0,0,0,0,0.20064390355483,0,0,0,0,0,0,0,0,0,0,0,0.157488316297531,0,0,0,0,0,0,0,0,0,0,0,0,0,0,0,0,0,0,0,0,0,0,0,0.241972426229184,0,0,0,0.214746071696281,0,0,0,0.261382848024368,0,0,0,0,0,0,0,0,0,0,0,0,0,0,0,0,0,0,0,0,0,0,0,0,0,0,0,0
0,0.175328740437409,0,0.170834317093804,0,0,0,0,0,0.235568732698704,0,0,0,0.14416085742414,0,0.240463290516644,0,0,0,0,0,0,0,0.237037070095539,0,0.131859716314536,0,0,0,0,0,0,0,0,0,0,0,0.304904639720917,0,0,0,0.283481627702713,0,0,0,0,0,0,0,0.160960402001034,0,0.245636860119928,0,0,0,0.24741892377573,0,0,0,0.249003616033816,0,0,0,0,0,0,0.223321754904772,0,0.125542325052348,0,0,0,0,0,0,0,0,0,0,0,0.285623520612717,0,0.242433458566666,0,0.255647525191307,0,0
0.368632346391678,0,0.286648213863373,0.278100203190531,0,0.266162836402655,0,0.175567282736301,0,0,0,0.199979614376663,0,0,0,0,0.331122984780985,0.346384417679575,0.342840219340702,0.222187190354711,0,0,0,0,0,0,0,0,0,0,0,0,0,0,0,0.177727687037665,0,0.245099287102418,0,0.283338697394356,0.302279330790043,0.34264273097757,0.305645532665714,0,0,0.304082566803428,0.320128963966119,0,0.314397409558296,0.233910084036844,0,0.320586630211371,0,0.167271981636683,0,0,0.291161477565765,0.277465125985689,0,0,0,0,0,0.312943756580353,0,0,0,0,0,0,0,0,0.293795138597488,0,0,0,0,0,0.267613382120863,0.353027794096205,0.304583244566079,0,0.314191259148687,0.324836917951995,0.299870446769159,0.353733966959284,0.295132212340832
0,0,0.3437759578228,0,0.247929121766772,0,0,0,0.283155053853989,0,0.2038908199895,0,0,0,0,0,0.312209088355303,0.327085206906001,0.309440949957492,0,0.213246372425668,0,0,0,0,0,0,0,0,0,0,0,0,0,0,0,0.205103699400256,0.344251751899719,0.24959266241279,0.337149143218994,0.241825772084271,0.272314170996348,0.29337304866735,0,0,0.309863886662892,0.256412831092209,0.222697613591498,0.260801149739159,0,0.306783932447433,0,0,0,0,0,0.300099050319648,0.27780881524086,0,0,0,0,0.312943756580353,0,0,0,0,0,0,0,0,0,0,0.320465151195332,0,0,0,0,0.324110095699628,0.269746407306403,0.339899033308029,0.325531973101186,0.285772120437749,0.293963994634779,0.304323382931442,0,0.313616428305121
0,0,0,0,0,0,0,0,0,0,0,0,0,0,0,0,0,0.137722820043564,0,0,0,0.192906932623366,0,0.219714262573294,0,0.215198803900017,0,0,0,0,0,0,0,0,0,0,0,0.276800788193941,0,0,0,0,0,0,0,0,0,0.357592970132828,0,0.262399637896712,0,0,0,0,0,0,0,0,0,0,0,0,0,0,0,0,0.232543501279337,0,0.229957470297813,0,0.244338896125555,0,0,0,0,0,0,0,0,0,0.374834000354721,0,0.132894311413953,0,0,0,0
0,0,0,0,0,0,0,0,0,0,0,0,0,0,0,0,0.12348812920126,0,0,0,0,0.117714134137533,0.185532969143283,0,0.237044460438746,0,0.308803558349609,0,0,0,0,0,0,0,0,0,0,0,0.317843591341606,0,0,0,0,0,0,0,0,0,0.252992170698502,0,0,0,0,0,0,0,0,0,0,0,0,0,0,0,0,0,0,0.308258603978902,0,0.304694750217291,0,0,0,0,0,0,0,0,0,0,0,0.278521323278135,0.160543721149729,0.159041464328766,0,0,0
0,0.208662840659204,0,0,0,0,0,0,0,0.264902381942822,0,0,0,0,0,0.286626078188419,0,0,0,0,0,0.211368839186719,0,0.207761825426592,0,0.219366036928617,0,0,0,0,0,0,0,0,0,0,0,0.3131835430667,0,0,0,0,0,0,0,0,0,0.41519175259859,0,0.25198162411866,0,0,0,0,0,0.294140980435132,0,0,0,0,0,0.223321754904772,0,0,0.232543501279337,0,0,0,0.220280042441373,0,0.218591310083866,0,0,0,0,0,0,0,0,0,0.371650228625902,0,0.254245060841617,0,0.299603801745525,0,0
0.199585909955204,0,0,0,0,0,0,0,0.251982333604246,0,0,0,0,0,0,0,0.183692592382431,0,0,0,0,0,0.251743177240042,0,0.210289809931592,0,0.188246261608857,0,0,0,0,0,0,0,0,0,0,0,0.264650164836615,0,0,0,0,0,0,0,0,0,0.274762719869614,0,0,0,0,0,0.321814201829858,0,0,0,0,0,0,0,0,0,0,0.308258603978902,0,0,0,0.247198198985828,0,0,0,0,0,0,0,0,0,0,0,0.29763308501004,0.142738825863316,0,0.193703083579357,0,0
0,0.198199603292677,0,0,0,0,0,0,0,0.20983692577907,0,0,0,0,0,0,0.176421797523896,0.18574334455784,0.215579897165298,0,0,0.207236715406179,0,0.174863896585557,0,0.190505301419931,0,0.146805845201015,0,0,0,0,0,0,0,0,0,0,0,0,0,0,0,0,0,0,0,0,0,0,0,0,0,0,0,0.240926210932872,0,0,0,0.273142485794696,0,0.125542325052348,0,0,0.229957470297813,0,0.220280042441373,0,0,0,0.318114403243656,0,0,0,0,0,0,0,0,0,0,0,0.20354417959849,0,0,0,0
0,0,0,0,0,0,0,0,0.201824679970741,0,0,0,0,0,0,0,0,0,0,0,0,0,0.264443066135972,0,0.196127941259524,0,0.187139976842731,0,0.206163724263509,0,0,0,0,0,0,0,0,0,0,0,0,0,0,0,0,0,0,0,0,0,0,0,0,0,0,0,0,0,0,0,0,0,0,0,0,0.304694750217291,0,0.247198198985828,0,0,0,0.267079385527729,0,0,0,0,0,0,0,0,0,0,0.157131380655549,0,0,0,0
0,0,0,0,0,0,0,0,0,0,0,0,0,0,0,0,0,0,0,0,0,0.198980207728074,0,0,0,0,0,0.163347103159156,0,0.158489545567496,0,0,0,0,0,0,0,0.335797190666199,0,0,0,0,0,0,0,0,0,0,0,0.355837687849998,0,0,0,0,0,0,0,0.406665365574724,0,0.238615326062742,0,0,0,0,0.244338896125555,0,0.218591310083866,0,0.318114403243656,0,0,0,0.176382272259185,0,0,0,0,0,0,0,0.270616266876459,0,0.137958869338036,0,0,0,0
0,0,0,0,0,0,0,0,0,0,0,0,0,0,0,0,0,0,0,0,0,0,0,0,0,0,0.225842543886703,0,0.228982452991282,0,0,0,0,0,0,0,0,0,0,0,0,0,0,0,0,0,0,0,0,0,0,0,0,0,0,0,0,0,0,0,0,0,0,0,0,0,0,0,0,0.267079385527729,0,0,0,0,0,0,0,0,0,0,0,0,0,0,0,0,0
0,0,0,0,0,0,0,0,0,0,0,0,0,0,0,0,0,0,0,0,0,0,0,0,0,0,0,0,0,0.143627744288214,0,0,0,0,0,0,0,0.221218868469199,0,0,0,0,0,0,0,0,0,0,0,0.307816799533995,0,0,0,0,0,0,0,0.308605755503113,0,0,0,0,0.293795138597488,0,0,0,0,0,0,0,0.176382272259185,0,0,0,0,0,0,0,0.270276859402657,0,0.321122922759125,0,0,0,0.31276714404424,0,0
0,0,0.296800741127559,0.303820759057999,0,0,0,0,0,0,0.271057397127151,0,0,0,0,0,0,0,0.318565774708986,0,0.332050681114197,0,0,0,0,0,0,0,0,0,0.171899661560607,0,0,0,0,0,0.26558855175972,0,0.177164505571127,0,0.293617784976959,0,0.304130737598126,0,0.463288068771362,0.281213366985321,0.290097245217665,0,0.273492477834225,0,0,0,0,0,0,0,0.283827020577182,0,0,0,0,0,0,0.320465151195332,0,0,0,0,0,0,0,0,0,0,0,0,0,0,0,0.289650094897851,0,0,0.213966760784388,0.325208097696304,0.382763848687061,0,0.42113818526268
0,0,0,0,0,0,0,0,0,0,0,0,0,0,0,0,0,0,0,0,0,0,0,0,0,0,0,0,0,0,0,0.2038209186631,0.170538980513811,0.184518936005506,0,0.197026625275612,0,0,0,0,0,0,0,0,0,0,0,0.248949252166262,0,0,0,0,0,0,0,0,0,0,0,0,0,0,0,0,0,0,0,0,0,0,0,0,0,0,0,0.18026967493237,0.259119967253006,0,0.243494795842303,0,0,0,0.153836796172095,0,0,0,0
0,0,0,0,0,0,0,0,0,0,0,0,0,0,0,0,0,0,0,0,0,0,0,0,0,0,0,0,0,0,0,0.160952434707911,0.311036529577227,0.161950066685677,0.230057878529324,0.175241436976105,0.150489724418592,0,0,0,0,0,0,0,0,0,0,0.40488020957988,0.416243582963943,0,0,0,0,0,0,0,0,0,0,0,0,0,0,0,0,0,0,0,0,0,0,0,0,0,0.18026967493237,0,0.173461850732565,0.24929475107937,0.177785235643387,0.195313257225063,0,0,0.174737746084946,0,0,0,0
0,0,0,0,0,0,0,0,0,0,0,0,0,0,0,0,0,0,0,0,0,0,0,0,0,0,0,0,0,0,0,0.19423166220471,0,0.20917111285226,0.162636848407633,0.171694328695753,0,0.214262914199096,0,0,0,0,0,0,0,0,0,0.354767795857482,0,0.460325692045061,0,0,0,0,0,0,0,0,0,0,0,0,0,0,0,0,0,0,0,0,0,0,0,0,0.259119967253006,0.173461850732565,0,0.168447041567766,0.248797751264277,0,0.230093477453504,0,0.247629991254291,0.191351825992266,0,0,0
0,0,0,0,0,0,0,0,0,0,0,0,0,0,0,0,0,0,0,0,0,0,0,0,0,0,0,0,0,0,0,0.134234428405762,0.301510675651271,0.161149513419895,0.241479835457287,0,0.175578310580052,0,0.258879654956799,0,0,0,0,0,0,0,0,0.289106718301773,0,0,0,0,0,0,0,0,0,0,0,0,0,0,0,0,0,0,0,0,0,0,0,0,0,0,0,0.24929475107937,0.168447041567766,0,0,0.238199448906058,0,0.266370156350044,0.164687557984144,0.147807777028632,0,0,0
0.370365073283513,0.398708270064422,0.34421694278717,0.303982825655686,0,0.25535562249922,0,0,0,0,0,0,0,0,0,0,0.353884487208866,0.356467232837544,0.373325260715128,0.20056781017532,0,0,0,0,0,0,0,0,0,0,0,0.253931419716941,0.16550507992506,0.180630340062557,0,0.226749486350521,0.132907286421819,0.175075296051253,0,0.300042262485435,0.37674051420442,0.334952831077616,0.328739696906673,0,0,0.288699876691219,0.35174822062254,0.39206351525681,0.339926660060883,0.27707654586086,0,0.290194861058678,0,0,0,0,0,0.270145527222782,0,0,0,0,0.267613382120863,0.324110095699628,0,0,0,0,0,0,0,0,0.270276859402657,0,0.243494795842303,0.177785235643387,0.248797751264277,0,0,0.362920871307684,0.278818713770814,0.360276017870222,0.333394217597818,0.33528633297167,0.353943799828842,0.363642035259141,0.327799708715507
0.433141936274136,0.33977805574735,0.328324011780999,0.319567673736148,0.268368998711759,0,0,0,0,0.250289291143417,0.133236657828093,0,0,0,0,0,0.362757950612943,0.382117851947745,0.38011840048612,0,0.224080060829629,0,0,0,0,0,0,0,0,0,0,0,0.176604857378536,0,0.193751041591167,0.14758625337664,0.230546323364966,0,0.228263853818093,0.365850849077106,0.293750352405627,0.326426578243983,0.334602517756496,0,0.502766019918702,0.339083449822841,0.266195975140576,0.267934687819678,0.278398170723365,0,0,0,0,0,0,0,0.266353579610586,0.328377223014832,0,0,0,0,0.353027794096205,0.269746407306403,0,0,0,0,0,0,0,0,0,0.289650094897851,0,0.195313257225063,0,0.238199448906058,0.362920871307684,0,0.386271451910337,0.302260351925661,0.334808407853993,0.346680697004,0.352965127694751,0.329140107421314,0.351391582053676
0,0.294305451214314,0,0.346122807264328,0,0,0,0,0,0.273273952943938,0,0.141074402143761,0,0,0,0,0.30142816901207,0.311313092708588,0.475506717370728,0.217761769890785,0,0.303440974998301,0,0.306303333427946,0,0,0,0,0,0,0,0,0,0.245558657537562,0,0.174898341298103,0,0.242019864790239,0,0.266094926406037,0.4108015447855,0.439633431844413,0.396737605333328,0,0.443554610013962,0.38282628392472,0.380415394902229,0.44594153062157,0,0.385114152733303,0,0,0,0,0,0.308168033265496,0,0.245047931160246,0,0,0,0.285623520612717,0.304583244566079,0.339899033308029,0.374834000354721,0,0.371650228625902,0,0,0,0.270616266876459,0,0.321122922759125,0,0,0,0.230093477453504,0,0.278818713770814,0.386271451910337,0,0.306060016155243,0.266011625943538,0.341103406780857,0.412618199550429,0.561627272516489,0.372725635766983
0,0,0.368099510669708,0,0,0.287738084793091,0,0,0.201828080415726,0,0.202830102066604,0,0,0,0,0,0.360239416360855,0.374458885192871,0.452362272536174,0,0.244186828657985,0,0.416996015816607,0,0.214679504058349,0,0,0,0,0,0,0,0,0,0.289616470209429,0,0.221613009866135,0.170843558419834,0.238140384390725,0,0.267979488561028,0.348785519599915,0.37665041962715,0,0.566370323300362,0.36149645277432,0.355104988244411,0.437162328819757,0.401004017621744,0,0,0,0,0,0.249358517183384,0,0.183552189689616,0.341047286987305,0,0,0,0,0,0.325531973101186,0,0.278521323278135,0,0.29763308501004,0,0,0,0,0,0,0,0,0,0.266370156350044,0.360276017870222,0.302260351925661,0.306060016155243,0,0.418014062772485,0.282675323201649,0.397491054966095,0.3246238976717,0.386450554775944
