0,0,246.010291919112,0,0,0,0,0,454.851158812642,0,0,0,0,0,0,0,1.42253908514977,0,15.2506913393736,0,0,0,0,0,0,0,0,0,0,0,0,0,0,0.389021247625351,0,0,0,0.211642205715179,0.43737205862999,4.08836078643799,5.82022562623024,1.72649782896042,239.395489439368,0,0,0,345.378475338221,1.25302292406559,332.274206385016,0,0,0,0,0,254.769668325782,0,18.5916933268309,0,2.68745584785938,0,108.137825995684,0,0,93.4554042816162,0,0,0,14.2704956233501,0,6.70696607232094,0,0,0,0.259981125593185,0,0,0,0,0,228.167040064931,0,32.306924790144,149.033108845353,0,535.021971926093,0,30.0433820933104
0,0,0,73.8232644051313,0,0,0,0,0,507.710263967514,0,0,0,0,0,0,0,0,12.7383334636688,0,0,0,0,0,0,0,0,0,0,0,0,0,0,0,0,0,0,0,0,16.3163248896599,0,432.505175158381,2.8690025433898,0,0,8.72487430274487,0,15.4008373618126,0.456894993782043,165.097942233086,0,0,0,0,0,382.24759465456,0,0,0,0,0,0,0,0,0,0,56.0657919049263,0,0,0,0,0,0.37373323738575,0,0,0,0,0,7.12940396368504,0,2.13872134685516,0,353.302542597055,0.461428061127663,404.330475695431,6.24978445470333,0
246.010291919112,0,0,0,8.23661795258522,0,0,0,94.0815081745386,0,0,0,0,0,0,0,2.01071931421757,0.78895004093647,3.61449679732323,0,0.948258608579636,0,0,0,0,0,0,0,0,0,0,0,0,0,0,0,47.9190660864115,0,1.2985862493515,0,58.7871066257358,0.421170055866241,317.483997024596,0,0,0,120.149528510869,1.01564337313175,122.312532231212,0,146.538918405771,0,0,0,124.85455596447,0,103.070719987154,0,80.7913473248482,0,37.8337725102901,0,0,54.2786699980497,0,0,0,0,0,0,0,0,0.505225360393524,1.19787372648716,0,0,0,0.216033801436424,0,45.390023380518,0,19.0860585421324,364.961898528039,1.88363733887672,843.892675198615,0,24.5511117130518
0,73.8232644051313,0,0,0,74.9346730560064,0,0,0,372.983330458403,0,0,0,0,0,0,0,1.92294201254845,12.3844969943166,24.4983795583248,0,0,0,0,0,0,0,0,0,0,0,0,0,0,0,14.3446194827557,0,0,0,44.4328118786216,0.181992903351784,160.088867545128,1.55171130597591,0,0,74.9407905340195,0,2.54696966707706,1.71284762024879,89.7633543610573,0,0.298505783081055,0,0,0,557.694239661098,0,3.90894332528114,0,0,0,2.66792389750481,92.5199714750051,0,0,0,0,0,0,0,0,0,10.2058860957623,0,0,0,0.307811200618744,0,93.8203146532178,0,4.36268229782581,0.974550902843475,377.900902569294,4.06368841975927,688.749198772013,13.0688462853432,0
0,0,8.23661795258522,0,0,0,27.1586366295815,0,13.6848297119141,0,49.0720188319683,0,0,0,0,0,0.384314402937889,0,0,0,247.19181548059,0,0,0,0,0,0,0,0,0,0,0,0,0,0,0,18.3427365422249,0,0,0,12.4931843727827,0,25.373677060008,0,0,0,13.2975746691227,0.530635714530945,4.23965394496918,0,88.713564902544,0,145.369476854801,0,0,0,45.6947719156742,0,0,0,0,0,0,2.2971478998661,0,0,0,0,0,0,0,0,0,0,0,0,0,0,0,3.33187708258629,0,1.10460840165615,249.037188798189,52.0791181325912,347.564660608768,0,1.51809692382812
0,0,0,74.9346730560064,0,0,0,28.8332912921906,0,7.17528858780861,0,4.85643291473389,0,0,0,0,0,0.214102908968925,6.90381612628698,594.953076392412,0,0,0,0,0,0,0,0,0,0,0,0,0,0,0,10.5121567100286,0,0,0,30.0478096455336,0,82.3714962974191,0,0,0,54.9181371629238,0,0.955493062734604,2.05694772303104,41.1446139961481,0,1.18594872951508,0,17.1875509023666,0,0.801859438419342,0,1.84574949741364,0,0,0,0,351.217633455992,0,0,0,0,0,0,0,0,0,7.54678985476494,0,0,0,0,0,137.059088841081,1.34265553951263,6.72992077469826,0,178.940614596009,5.07634855806828,492.779245808721,10.1012413203716,0
0,0,0,0,27.1586366295815,0,0,0,0,0,22.3907126933336,0,0,0,0,0,0,0,0,0,132.525401383638,0,0,0,0,0,0,0,0,0,0,0,0,0,0,0,0,0,0,0,0,0,0,0,0,0,0,0,0,0,0,0,629.064295083284,0,0,0,51.430280983448,0,0,0,0,0,0,0,0,0,0,0,0,0,0,0,0,0,0,0,0,0,0,0,0,0,30.6373420655727,19.6173835992813,0,0,0
0,0,0,0,0,28.8332912921906,0,0,0,0,0,40.6946830749512,0,0,0,0,0,0,0,0,0,0,0,0,0,0,0,0,0,0,0,0,0,0,0,0,0,0,0,0,0,0,0,0,0,0,0,0,0,0,0,0,0,67.4064724445343,0,0,0,0,0,33.2001986503601,0,0,0,0,0,0,0,0,0,0,0,0,0,0,0,0,0,0,0,0,0,0,7,1,0,0,0
454.851158812642,0,94.0815081745386,0,13.6848297119141,0,0,0,0,0,0,0,0,0,62.3044978678226,0,37.4165520071983,0,0,0,0,0,0.366819649934769,0,11.1361862272024,0,0,0,0,0,0,0,0,0,0,0,0,0,105.279629200697,0,0.513388067483902,0,56.0563089251518,0,0,0,5.96216841042042,0,33.6657672822475,0,0,0,0,0,1336.28732600808,0,0.952767699956894,0,0,0,127.525055333972,0,0,2.56225711107254,0,0,0,98.5755789130926,0,11.0506833195686,0,0,0,0,0,0,0,0,0,3.99578683078289,0,136.426915124059,954.290623828769,14.0299337506294,134.203794881701,0,33.8035397529602
0,507.710263967514,0,372.983330458403,0,7.17528858780861,0,0,0,0,0,0,0,0,0,124.917340070009,0,278.557763338089,22.422798126936,5.68488943576813,0,0,0,45.0983284860849,0,11.7781912088394,0,0,0,0,0,0,0,0,0,3.36866104602814,0,61.4329428076744,0,8.01704008877277,0,119.364817850292,2.42456977069378,0,0,29.6595131158829,0,2.51506339013577,0,12.9376730918884,0,0,0,0,0,607.18971028924,0,0,0,0,0,5.13259297609329,3.79507964849472,0,0,0,36.237169533968,0,0,0,0,0,11.5526107251644,0,0,0,0.507598578929901,0,15.0670262724161,0,145.876889839768,0,1683.36994709074,130.080544605851,324.759529456496,21.2033113688231,0
0,0,0,0,49.0720188319683,0,22.3907126933336,0,0,0,0,0,191.250919520855,0,0,0,0,0,0,0,513.540911138058,0,0,0,0,0,0,0,203.280861496925,0,39.7690311074257,0,0,0,0,0,940.391268312931,0,2819.3564786911,0,0,0,0.480941087007523,0,0,0,1.18664048612118,0,0,0,0,0,28.0792706310749,0,0,0,1368.74422155321,0,237.319543927908,0,0,0,0,42.563545063138,0,0,0,0,0,0,0,475.967487573624,0,55.8558554053307,0,0,0,0,0,244.938011705875,0,173.609463274479,518.508805125952,930.374438881874,1.78904001414776,0,0
0,0,0,0,0,4.85643291473389,0,40.6946830749512,0,0,0,0,0,147.124617695808,0,0,0,0,0,871.473224669695,0,0,0,0,0,0,0,74.1036400794983,0,213.453809320927,0,0,0,0,0,503.643898099661,0,4802.24309444427,0,0,0,0,0,0,0,23.2214105129242,0,0,0,0,0,0,0,24.9572832584381,0,0,0,6062.60851442814,0,135.908012390137,0,0,1687.9883889854,0,0,0,0,0,0,0,0,0,3.58915746212006,0,0,0,0,0,387.488741666079,0,1105.94112598896,0,1105.4583915174,0,24.1759749650955,0,0
0,0,0,0,0,0,0,0,0,0,191.250919520855,0,0,0,330.314829111099,0,0,0,0,0,0,0,0,0,0,0,0,0,61.0594110488892,0,0,0,0,0,0,0,0,0,0,0,0,0,0,0,0,0,0,0,0,0,0,0,0,0,0,0,0,0,471.291112661362,0,4.3794624209404,0,0,0,0,0,0,0,0,0,0,2.00426578521729,0,0,0,0,0,0,0,0,0,0,707.254061579704,1384.22809529305,0,0,0
0,0,0,0,0,0,0,0,0,0,0,147.124617695808,0,0,0,2,0,0,0,0,0,0,0,0,0,0,0,56.5142651796341,0,14.6375999450684,0,0,0,0,0,0,0,0,0,0,0,0,0,0,0,0,0,0,0,0,0,0,0,0,0,0,0,210.223736524582,0,5431.72207534313,0,5,0,0,0,0,0,0,0,0,0,0,0,0,0,0,0,0,0,0,0,0,171.663813352585,460.405530571938,0,0,0
0,0,0,0,0,0,0,0,62.3044978678226,0,0,0,330.314829111099,0,0,0,0,0,0,0,0,0,0,0,0.221017464995384,0,0,0,21.6138753890991,0,0,0,0,0,0,0,0,0,0,0,0,0,0,0,0,0,0,0,0,0,4.45428824424744,0,0,0,42.0737233757973,0,0,0,64.399670124054,0,692.584634035826,0,0,0,0,0,0,3.44156287610531,0,0.208750650286674,0,0,0,0,0,0,0,0,0,0,0,0,15.1872165203094,0,0,0,0
0,0,0,0,0,0,0,0,0,124.917340070009,0,0,0,2,0,0,0,382.29633295536,0,0,0,0,0,28.9020601511002,0,12.9359229803085,0,0,0,0,0,0,0,0,0,0,0,0,0,0,0,0,0,0,0,0,0,0,0,0,0,0,0,0,0,194.379772543907,0,0,0,0,0,12.3964099884033,0,0,0,0,0,0,0,0,0,0,0,0,0,0,0,0,0,0,0,0,360.307226657867,0,0,0,0
1.42253908514977,0,2.01071931421757,0,0.384314402937889,0,0,0,37.4165520071983,0,0,0,0,0,0,0,0,11772.162627995,4139.00821855664,0,0.23805870115757,0,8.80428799986839,0,153.939393520355,0,59.0349364578724,0,0,0,0,0,0,0,0,1.05302512645721,0,0,0,57.0570007935166,17.1228685155511,98.720293559134,241.224638059735,0,0.485579878091812,6.55674849450588,194.945562072098,0,0,8.92022258788347,0,0,0,0,0,0,18.7315403223038,0,0,0,0,0,0,70.8801506608725,0,0,0,0,0,0,0,0,1.92313241958618,3.73607338964939,0,0,0,0,28.4278850480914,164.902167029679,8.88892495632172,76.920233361423,6762.24549349397,1970.55349171907,424.027956880629,8.94900977611542,12.0316611379385
0,0,0.78895004093647,1.92294201254845,0,0.214102908968925,0,0,0,278.557763338089,0,0,0,0,0,382.29633295536,11772.162627995,0,4916.1646393016,0,0,128.620570778847,1.31839346885681,493.340531110764,32.1763869524002,621.322870910168,0,0,0,0,0,0,0,0,0,0,0,0,0,192.323405988514,8.62758476287127,241.778473705053,61.1011341810226,0,0,20.6046763062477,53.8667147755623,1.14507883042097,2.70039105415344,20.1803632229567,1.33592009544373,0,0,0,0,0.189516976475716,5.26495737582445,0.477594077587128,0,0,0,2.87671959400177,0,24.1314179003239,35.6214783787727,0,20.0348372459412,0,450.042024195194,0,0,0,1.21232178807259,0.874032765626907,0,0,0,0,60.3977561444044,37.7361621111631,7.54123938828707,27.6038092970848,6317.5486190021,4667.86813218892,436.169425174594,10.5570906847715,0.887420177459717
15.2506913393736,12.7383334636688,3.61449679732323,12.3844969943166,0,6.90381612628698,0,0,0,22.422798126936,0,0,0,0,0,0,4139.00821855664,4916.1646393016,0,0,0.372510552406311,0,0.274052172899246,33.3402562737465,0.278613090515137,0,0,0,0,0,0,0,0,0,0,8.65393505990505,1.07117472589016,0,0,1277.79469785839,76.2738543227315,1475.5400076136,889.409930571914,0,2.95397625863552,256.815547153354,1094.55850853026,1.74773876368999,2.19275556504726,137.915556751192,0.473459646105766,0.29809445142746,0,0,0,2.13500635325909,82.4705930575728,3.85304476320744,0,0,0,0,1.67486211657524,388.876821793616,0,0,2.14963835477829,0,0,0,0,0,46.2509704679251,10.7393221259117,0,0,0,0,777.970537766814,857.440062597394,160.267742872238,422.300892405212,6618.60295693576,21.0322597548366,4866.35592795908,143.25706011802,74.4530396312475
0,0,0,24.4983795583248,0,594.953076392412,0,0,0,5.68488943576813,0,871.473224669695,0,0,0,0,0,0,0,0,0,0,0,0,0,0,0,0,0,0,0,0,0,0,0,1410.51195272803,0,653.218788862228,0,1.74696779251099,0,12.3041426390409,0,0,0,18.9256756603718,0,0,0.742873549461365,4.8749088793993,0,0,0,0,0,4.48447585105896,0,0,0,0,0,0,5717.66141264141,0,0,0,0,0,0,0,0,0,0,0,0,0,0,0,1578.80260565877,0,447.830343663692,0,165.070637255907,2.09280443191528,329.269603058696,0,0
0,0,0.948258608579636,0,247.19181548059,0,132.525401383638,0,0,0,513.540911138058,0,0,0,0,0,0.23805870115757,0,0.372510552406311,0,0,0,0,0,0,0,0,0,0,0,0,0,0,0,0,0,3018.71268349886,0,1214.39697748423,0.941711664199829,13.705957710743,0,4.57452639937401,0,0,0,12.9056190028787,0,9.27815291285515,0,67.1549541652203,0,99.6578257083893,0,0,0,432.109869167209,0,0,0,0,0,0,908.485395535827,0,0,0,0,0,0,0,0,0,18.3182151317596,0,0,0,0.177202567458153,0,2662.64547894895,0,289.081299483776,491.190735012293,0.783011734485626,233.34973551333,0,1.19321930408478
0,0,0,0,0,0,0,0,0,0,0,0,0,0,0,0,0,128.620570778847,0,0,0,0,4131.36536839604,329.491166472435,0,747.469005793333,0,517.659254074097,0,0,0,0,0,0,0,0,0,3165.54893064499,33.9834772348404,0,0,0,0,0,0,0,0,0,0,2.63585335016251,0,0,0,0,0,0,0,0,0,0,0,0,0,0,11183.4300126433,533.099853783846,155.046579927206,0,286.029774844646,0,1116.68251614273,0,0,0,0,0,0,0,0,0,488.159170538187,0.979289352893829,6173.28765612841,293.066903054714,0,0,0
0,0,0,0,0,0,0,0,0.366819649934769,0,0,0,0,0,0,0,8.80428799986839,1.31839346885681,0.274052172899246,0,0,4131.36536839604,0,0,283.176022350788,0,39.8096860647202,0,213.481241315603,0,0,0,0,0,0,0,0,79.0856612324715,3962.37134577334,0,0,0,0,0,0,0,0,0,158.585570320487,0,0,0,0,0,0,0,0,0,0,0,0,0,0,0,339.186716884375,10356.4457783699,0,182.461243182421,0,210.313918456435,0,121.755738973618,0,0,0,0,0,0,0,0,11.6278636455536,726.1242364645,4872.29941111803,403.614732801914,0.778684198856354,0,0
0,0,0,0,0,0,0,0,0,45.0983284860849,0,0,0,0,0,28.9020601511002,0,493.340531110764,33.3402562737465,0,0,329.491166472435,0,0,0,700.832031488419,0,0,0,0,0,0,0,0,0,0,0,443.187441080809,0,0,0,0.602643609046936,0.384903162717819,0,0,0,0,0,0,0,0,0,0,0,0,29.8603884279728,0,0,0,0,0,1.34103858470917,0,0,68.4379917085171,0,731.950045496225,0,432.541239261627,0,0,0,0,0,0,0,2.64308089017868,0,0,0,383.202095702291,0,1078.94110171497,36.6668455600739,3.90578559041023,0,0
0,0,0,0,0,0,0,0,11.1361862272024,0,0,0,0,0,0.221017464995384,0,153.939393520355,32.1763869524002,0.278613090515137,0,0,0,283.176022350788,0,0,0,150.364684939384,0,0,0,0,0,0,0,0,0,0,0,559.638969272375,0.262525528669357,0,0,2.49059161543846,0,0,0,0,0,10.7826874554157,0,0,0,0,0,109.887435153127,0,0,0,0,0,1.46515759825706,0,0,0,0,88.5088717639446,0,951.808953821659,0,1056.30903154612,0,0,0,0,0,0,0,0,0,0,0,175.130496159196,167.981966942549,0,93.2072616070509,0,0
0,0,0,0,0,0,0,0,0,11.7781912088394,0,0,0,0,0,12.9359229803085,0,621.322870910168,0,0,0,747.469005793333,0,700.832031488419,0,0,0,188.298413276672,0,0,0,0,0,0,0,0,0,0,0,0,0,0,0,0,0,0,0,0,0,0,0,0,0,0,0,11.0035985708237,0,0,0,0,0,0,0,0,95.7834632396698,0,48.6908082962036,0,483.819470226765,0,7.17295944690704,0,0,0,0,0,0,0,0,0,0,0,871.482464283705,0,0,0,0
0,0,0,0,0,0,0,0,0,0,0,0,0,0,0,0,59.0349364578724,0,0,0,0,0,39.8096860647202,0,150.364684939384,0,0,0,0,0,0,0,0,0,0,0,0,0,0,0,0,0,0,0,0,0,0,0,0,0,0,0,0,0,0,0,0,0,0,0,0,0,0,0,0,7.35641574859619,0,0,0,743.600008532405,0,0,0,0,0,0,0,0,0,0,0,0,32.8821859657764,0,0,0,0
0,0,0,0,0,0,0,0,0,0,0,74.1036400794983,0,56.5142651796341,0,0,0,0,0,0,0,517.659254074097,0,0,0,188.298413276672,0,0,0,1342.945918262,0,0,0,0,0,0,0,235.793731510639,0,0,0,0,0,0,0,0,0,0,0,0,0,0,0,0,0,0,0,0,0,1425.42624568939,0,0,0,0,380.178465545177,0,0,0,557.053855121136,0,2201.26399201155,0,55.1580253243446,0,0,0,0,0,0,0,3.3111617565155,0,532.377773463726,1039.20206534863,0,0,0
0,0,0,0,0,0,0,0,0,0,203.280861496925,0,61.0594110488892,0,21.6138753890991,0,0,0,0,0,0,0,213.481241315603,0,0,0,0,0,0,0,424.80917173624,0,0,0,0,0,0,0,130.717453256249,0,0,0,0,0,0,0,0,0,4.91182254254818,0,0,0,0,0,0,0,0,0,3.1959525346756,0,0,0,0,0,0,239.230779200792,0,0,0,0,0,2227.90723824501,0,23.7258002758026,0,0,0,0,0,0,0,23.4788158088923,453.641335964203,286.824167847633,0,0,0
0,0,0,0,0,0,0,0,0,0,0,213.453809320927,0,14.6375999450684,0,0,0,0,0,0,0,0,0,0,0,0,0,1342.945918262,0,0,0,0,0,0,0,0,0,615.771184921265,0,0,0,0,0,0,0,0,0,0,0,0,0,0,0,0,0,0,0,72.7922656536102,0,0,0,0,0,0,0,0,0,0,0,0,221.066657245159,0,436.040805399418,0,0,0,0,0,0,0,172.034244894981,0,223.055716633797,0,0,0,0
0,0,0,0,0,0,0,0,0,0,39.7690311074257,0,0,0,0,0,0,0,0,0,0,0,0,0,0,0,0,0,424.80917173624,0,0,0,0,0,0,0,0,0,342.776413410902,0,0,0,0,0,0,0,0,0,0,0,0,0,0,0,0,0,332.02774566412,0,0,0,0,0,0,0,0,0,0,0,0,0,0,635.738488078117,0,779.153059095144,0,0,0,0,0,0,0,0,218.849047064781,11,0,0,0
0,0,0,0,0,0,0,0,0,0,0,0,0,0,0,0,0,0,0,0,0,0,0,0,0,0,0,0,0,0,0,0,1025.9387871623,75.5503049939871,64.2575722038746,80.4112379550934,47.8435238599777,0,0,0,0,0,0,0,0,0,0,1336.37309849262,26.2596162855625,0,0,0,0,0,0,0,0,0,0,0,0,0,0,0,0,0,0,0,0,0,0,0,0,0,580.5017580688,599.787108004093,85.3542124927044,0,3.11653792858124,64.1204771101475,0,0,492.609461814165,0,0,0,0
0,0,0,0,0,0,0,0,0,0,0,0,0,0,0,0,0,0,0,0,0,0,0,0,0,0,0,0,0,0,0,1025.9387871623,0,49.761446416378,210.795360356569,194.801079630852,200.252764582634,0,0,0,0,0,0,0,0,0,0,564.268682926893,43.7053887248039,0,0,0,0,0,0,0,0,0,0,0,0,0,0,0,0,0,0,0,0,0,0,0,0,0,260.997772231698,2785.19006824493,38.8966193497181,68.4388074874878,10.4063725471497,1125.51237314939,0,0,157.299185961485,0,0,0,0
0.389021247625351,0,0,0,0,0,0,0,0,0,0,0,0,0,0,0,0,0,0,0,0,0,0,0,0,0,0,0,0,0,0,75.5503049939871,49.761446416378,0,1468.67145463824,647.196984708309,0,39.6845049262047,97.192816734314,1.2775085568428,0,0,15.2287508398294,0,0,0,0,5667.17184236646,96.9528788477182,32.1239258646965,0,0,0,0,0,0,0.396973192691803,0,0,0,0,0,0,0,0,0,0,0,0,0,0,0,0,0,122.260741844773,84.0443398952484,1068.783020854,2542.72835481167,79.952793598175,3.11271464824677,213.925501942635,0,1297.86023724079,15.1870484948158,4.1857718527317,0,0
0,0,0,0,0,0,0,0,0,0,0,0,0,0,0,0,0,0,0,0,0,0,0,0,0,0,0,0,0,0,0,64.2575722038746,210.795360356569,1468.67145463824,0,19.8067021369934,367.494190394878,4.87348079681396,357.886899888515,0,0,0,0.654692709445953,0,0,0,0,2738.09278827906,110.052500456572,0,0,0,0,0,0,0,0,0,0,0,0,0,0,0,0,0,0,0,0,0,0,0,0,0,0,311.578725337982,286.783089220524,6188.3803152293,2.22464370727539,446.541636526585,0,708.991837531328,771.993507951498,3.81903350353241,1.46911689639091,0,0
0,0,0,14.3446194827557,0,10.5121567100286,0,0,0,3.36866104602814,0,503.643898099661,0,0,0,0,1.05302512645721,0,8.65393505990505,1410.51195272803,0,0,0,0,0,0,0,0,0,0,0,80.4112379550934,194.801079630852,647.196984708309,19.8067021369934,0,40.3303058743477,1761.91372331977,0,103.32986111939,17.0488880872726,42.0121047496796,7.22069680690765,0,0,147.821784615517,1.51571524143219,61.8981074243784,5.46578311920166,210.182372733951,0,0,0,0,0,0.253163903951645,0,0,0,0,0,0,4499.36775478721,0,0,0,0,0,0,0,0,0,0.211342766880989,0,0,0,543.084351420403,0,9495.4542182833,28.4279017597437,550.201729014516,0,1559.11747707427,54.7943654060364,462.633384585381,0.764399945735931,0
0,0,47.9190660864115,0,18.3427365422249,0,0,0,0,0,940.391268312931,0,0,0,0,0,0,0,1.07117472589016,0,3018.71268349886,0,0,0,0,0,0,0,0,0,0,47.8435238599777,200.252764582634,0,367.494190394878,40.3303058743477,0,60.7484983801842,2634.23671735823,0,249.771522678435,0,10.9757653847337,0,0,0.200780302286148,34.3732888326049,79.7928414046764,96.7304155007005,1.17564296722412,1.72516489028931,0,0,0,0,0,198.864084631205,0,0,0,0,0,0,844.699000477791,0,0,0,0,0,0,0,0,0,0,0,78.8863749206066,0,211.863899886608,0,17211.6255085692,0,2436.22760029882,2209.54463282228,190.42613697052,532.005049824715,0,0
0.211642205715179,0,0,0,0,0,0,0,0,61.4329428076744,0,4802.24309444427,0,0,0,0,0,0,0,653.218788862228,0,3165.54893064499,79.0856612324715,443.187441080809,0,0,0,235.793731510639,0,615.771184921265,0,0,0,39.6845049262047,4.87348079681396,1761.91372331977,60.7484983801842,0,1644.51819312572,0,0,6.33540138602257,32.7822681963444,0,0,0,0,1794.4724714011,2.46234035491943,122.527905315161,0,0,0,0,0,0,1.2071191072464,1411.92026382685,0,0,0,0,895.662012174726,0,1605.92672255635,19.5696967840195,46.1062732934952,0,0,0,247.923234760761,0,78.8440846204758,0,0,0,31.6836221963167,4.20702981948853,1128.55422472954,0,13894.3196247965,2045.59978836775,3300.99981339276,91.893611073494,231.970711737871,0,0
0.43737205862999,0,1.2985862493515,0,0,0,0,0,105.279629200697,0,2819.3564786911,0,0,0,0,0,0,0,0,0,1214.39697748423,33.9834772348404,3962.37134577334,0,559.638969272375,0,0,0,130.717453256249,0,342.776413410902,0,0,97.192816734314,357.886899888515,0,2634.23671735823,1644.51819312572,0,0,0,0,5.38640901446342,0,0,0,4.80628351867199,324.691829502583,337.014329910278,0,0.83182567358017,0,0,0,85.6121272742748,0,2665.35476791859,0,0,0,0,0,0,42.7241363674402,2.80412936210632,3240.55833876133,0,1014.80941057205,0,0,0,550.397608831525,0,623.037457346916,0,0,0,266.852341085672,0,204.834516212344,94.6222349405289,18263.4797797203,4291.43797983229,893.030839540064,78.3726462870836,0,1.76182317733765
4.08836078643799,16.3163248896599,0,44.4328118786216,0,30.0478096455336,0,0,0,8.01704008877277,0,0,0,0,0,0,57.0570007935166,192.323405988514,1277.79469785839,1.74696779251099,0.941711664199829,0,0,0,0.262525528669357,0,0,0,0,0,0,0,0,1.2775085568428,0,103.32986111939,0,0,0,0,0.573118716478348,1917.92004593462,55.3772211670876,0,0,467.101180046797,22.6111596524715,16.7122279256582,3.16446298360825,708.440828971565,0,1.54829189181328,0,0,0,9.97763245552778,0.70582340657711,1.0078432559967,0,0,0,0,133.727166205645,3.38996544480324,0,0,0,0,0,0,0,0,14.5895443558693,0.359967797994614,0,0,0,0,608.265096180141,10.0163935869932,38.9186807721853,4.72901037335396,752.915037721395,41.3933462128043,2782.51397460699,94.613774754107,7.38130597770214
5.82022562623024,0,58.7871066257358,0.181992903351784,12.4931843727827,0,0,0,0.513388067483902,0,0,0,0,0,0,0,17.1228685155511,8.62758476287127,76.2738543227315,0,13.705957710743,0,0,0,0,0,0,0,0,0,0,0,0,0,0,17.0488880872726,249.771522678435,0,0,0.573118716478348,0,9.40487166494131,310.652419015765,0,0,0.920283496379852,693.208128497005,37.392922013998,855.626827910542,0,10.5738966912031,0,0,0,0,0,18.4109064489603,0,0.473831743001938,0,0,0,0,373.262002326548,0,0,0,0,0,0,0,0,0,1.03491595387459,0,0,0,0.354404509067535,1.51188273727894,1063.03233005106,0,49.6808985769749,236.168654963374,8.3758744597435,1550.49361924082,0.490429192781448,5.3712392821908
1.72649782896042,432.505175158381,0.421170055866241,160.088867545128,0,82.3714962974191,0,0,0,119.364817850292,0,0,0,0,0,0,98.720293559134,241.778473705053,1475.5400076136,12.3041426390409,0,0,0,0.602643609046936,0,0,0,0,0,0,0,0,0,0,0,42.0121047496796,0,6.33540138602257,0,1917.92004593462,9.40487166494131,0,492.337016388774,0.802184402942657,0,171.609846264124,47.978417545557,47.3395695611835,1.42737238109112,701.752322979271,0,2.16063230484724,0,0,0,84.1314715966582,7.42586398869753,92.7178934216499,0,0,0,0,83.4923730269074,11.778592184186,0,0,0.209220141172409,0,0,0,0,0,225.318774193525,0.926904752850533,0,0,0,0,508.320507988334,32.7831633687019,75.5396392643452,22.052052654326,2058.69996566325,60.002859018743,7286.8980115205,831.257104970515,9.00884656608105
239.395489439368,2.8690025433898,317.483997024596,1.55171130597591,25.373677060008,0,0,0,56.0563089251518,2.42456977069378,0.480941087007523,0,0,0,0,0,241.224638059735,61.1011341810226,889.409930571914,0,4.57452639937401,0,0,0.384903162717819,2.49059161543846,0,0,0,0,0,0,0,0,15.2287508398294,0.654692709445953,7.22069680690765,10.9757653847337,32.7822681963444,5.38640901446342,55.3772211670876,310.652419015765,492.337016388774,0,0,5.56166416406631,11.0454003512859,1083.47715274245,293.206032365561,524.016785100102,15.1231068149209,22.9833743572235,0,0,0,23.4013752788305,0.155177116394043,2109.91206680238,0,13.0456328243017,0,45.3129649013281,0,0,386.924852073193,0,0,0,0,0,0,0,0,1.04678931832314,37.3458458408713,0,0,7.05398842692375,0,28.7557352185249,765.101024664938,16.9331229627132,335.211267501116,2430.25007539988,160.885566942394,5487.53727264702,8.14687382429838,1259.48965259641
0,0,0,0,0,0,0,0,0,0,0,0,0,0,0,0,0,0,0,0,0,0,0,0,0,0,0,0,0,0,0,0,0,0,0,0,0,0,0,0,0,0.802184402942657,0,0,0,0,0,0,0,0,0,0,0,0,0,0,0,0,0,0,0,0,0,0,0,0,0,0,0,0,0,0,0,0,0,0,0,0,0,0,0,0,0,0,0.229039520025253,0,0
0,0,0,0,0,0,0,0,0,0,0,0,0,0,0,0,0.485579878091812,0,2.95397625863552,0,0,0,0,0,0,0,0,0,0,0,0,0,0,0,0,0,0,0,0,0,0,0,5.56166416406631,0,0,0,0,0,0,0,0,0,0,0,0,0,0,0,0,0,0,0,0,0,0,0,0,0,0,0,0,0,0,0,0,0,0,0,0,0.120024785399437,0,0,8.99511370062828,0.735679566860199,17.188000574708,0,0
0,8.72487430274487,0,74.9407905340195,0,54.9181371629238,0,0,0,29.6595131158829,0,23.2214105129242,0,0,0,0,6.55674849450588,20.6046763062477,256.815547153354,18.9256756603718,0,0,0,0,0,0,0,0,0,0,0,0,0,0,0,147.821784615517,0.200780302286148,0,0,467.101180046797,0.920283496379852,171.609846264124,11.0454003512859,0,0,0,0.888878002762794,5.07613690197468,3.16896894574165,173.7206133008,0,0.676819026470184,0,0,0,5.41576369851828,0,18.0812854170799,0,0,0,0,2306.45032130927,0,0,0,0,0,0,0,0,0,10.5260796844959,0,0,0,0.270087480545044,0,1627.43859650195,3.62092180550098,86.0292215943336,0,190.860034152865,6.56061629205942,2571.72849279642,7.28540325164795,0
345.378475338221,0,120.149528510869,0,13.2975746691227,0,0,0,5.96216841042042,0,1.18664048612118,0,0,0,0,0,194.945562072098,53.8667147755623,1094.55850853026,0,12.9056190028787,0,0,0,0,0,0,0,0,0,0,0,0,0,0,1.51571524143219,34.3732888326049,0,4.80628351867199,22.6111596524715,693.208128497005,47.978417545557,1083.47715274245,0,0,0.888878002762794,0,5.35364025831223,25.2649591863155,5.08347523212433,4.2190437912941,0,0,0,3.09143358469009,0,183.644811689854,0,0,0,0,0,0,2080.10754489154,0,0,0,0,0,0,0,0,0,44.6447914019227,0,0,0,0,12.2616114392877,1565.56620312482,4.47692859172821,551.564199209213,1488.77995213866,38.7643969878554,2133.26989385486,0,41.3676175922155
1.25302292406559,15.4008373618126,1.01564337313175,2.54696966707706,0.530635714530945,0.955493062734604,0,0,0,2.51506339013577,0,0,0,0,0,0,0,1.14507883042097,1.74773876368999,0,0,0,0,0,0,0,0,0,0,0,0,1336.37309849262,564.268682926893,5667.17184236646,2738.09278827906,61.8981074243784,79.7928414046764,1794.4724714011,324.691829502583,16.7122279256582,37.392922013998,47.3395695611835,293.206032365561,0,0,5.07613690197468,5.35364025831223,0,4363.29922117293,564.158622518182,0,0.725381433963776,0,0,0,0.216792702674866,1.20121720433235,0,0,0,0.222398653626442,0,0.141115114092827,0.135923951864243,0,0,0,0,0,0,0,0,0,0,8325.07136616111,4946.7502348125,4046.41021049023,1182.56669473648,106.169053450227,212.081137128174,408.89578256011,5.3406218290329,1934.1965187192,24.1734385937452,1253.09737882763,0.606241047382355,2.41634830832481
332.274206385016,0.456894993782043,122.312532231212,1.71284762024879,4.23965394496918,2.05694772303104,0,0,33.6657672822475,0,0,0,0,0,0,0,0,2.70039105415344,2.19275556504726,0.742873549461365,9.27815291285515,0,158.585570320487,0,10.7826874554157,0,0,0,4.91182254254818,0,0,26.2596162855625,43.7053887248039,96.9528788477182,110.052500456572,5.46578311920166,96.7304155007005,2.46234035491943,337.014329910278,3.16446298360825,855.626827910542,1.42737238109112,524.016785100102,0,0,3.16896894574165,25.2649591863155,4363.29922117293,0,1.83412218093872,2.46085685491562,0,0,0,13.5691014826298,0,8.57924929261208,0,4.99102920293808,0,87.4336812496185,0,0.203355833888054,21.353506244719,0,257.053853437304,0,176.140022665262,0,6.78666818141937,0,80.1328739225864,0,108.533815458417,180.342774122953,73.9597945213318,234.295392364264,27.1714867055416,0.591535240411758,711.117435477674,0.315344661474228,452.672258138657,1534.73234147578,3.19025611132383,1008.5695406422,0,41.1402978003025
0,165.097942233086,0,89.7633543610573,0,41.1446139961481,0,0,0,12.9376730918884,0,0,0,0,0,0,8.92022258788347,20.1803632229567,137.915556751192,4.8749088793993,0,2.63585335016251,0,0,0,0,0,0,0,0,0,0,0,32.1239258646965,0,210.182372733951,1.17564296722412,122.527905315161,0,708.440828971565,0,701.752322979271,15.1231068149209,0,0,173.7206133008,5.08347523212433,564.158622518182,1.83412218093872,0,0,1.70859187096357,0,0,0,54.7654868960381,0.52769461274147,3.43578124046326,0,0,0,0,11.3366877958179,0,0,0,5.96128702163696,0,0,0,0,0,3.62555187195539,0,0,0,37.0770343542099,0,417.167144812644,0.826748840510845,246.801666975021,0.641087889671326,827.444662928581,20.1313828453422,1887.6863610521,49.4754360765219,0
0,0,146.538918405771,0,88.713564902544,0,0,0,0,0,0,0,0,0,4.45428824424744,0,0,1.33592009544373,0.473459646105766,0,67.1549541652203,0,0,0,0,0,0,0,0,0,0,0,0,0,0,0,1.72516489028931,0,0.83182567358017,0,10.5738966912031,0,22.9833743572235,0,0,0,4.2190437912941,0,2.46085685491562,0,0,0,0,0,0,0,7.21009463071823,0,0,0,2.29824590682983,0,0,1.96556584537029,0,0,0,0,0,0,0,0,0,0,0,0,0,0,0,6.83214348554611,0,0.637530013918877,12.4886925965548,0.39968740940094,329.959886625409,0,0
0,0,0,0.298505783081055,0,1.18594872951508,0,0,0,0,0,0,0,0,0,0,0,0,0.29809445142746,0,0,0,0,0,0,0,0,0,0,0,0,0,0,0,0,0,0,0,0,1.54829189181328,0,2.16063230484724,0,0,0,0.676819026470184,0,0.725381433963776,0,1.70859187096357,0,0,0,0,0,0,0,0,0,0,0,0,4.02754819393158,0,0,0,0,0,0,0,0,0,0,0,0,0,0,0,1.1829127445817,0,0,0,3.00230441987514,0,5.27050730586052,0,0
0,0,0,0,145.369476854801,0,629.064295083284,0,0,0,28.0792706310749,0,0,0,0,0,0,0,0,0,99.6578257083893,0,0,0,0,0,0,0,0,0,0,0,0,0,0,0,0,0,0,0,0,0,0,0,0,0,0,0,0,0,0,0,0,0,0,0,14.451680958271,0,0,0,0,0,0,0,0,0,0,0,0,0,0,0,0,0,0,0,0,0,0,0,0,0,31.6872274577618,34.3040897846222,0,0,0
0,0,0,0,0,17.1875509023666,0,67.4064724445343,0,0,0,24.9572832584381,0,0,0,0,0,0,0,0,0,0,0,0,0,0,0,0,0,0,0,0,0,0,0,0,0,0,0,0,0,0,0,0,0,0,0,0,0,0,0,0,0,0,0,0,0,0,0,0,0,0,0,0,0,0,0,0,0,0,0,0,0,0,0,0,0,0,0,0,0,0,0,0,0,0,0
254.769668325782,0,124.85455596447,0,0,0,0,0,1336.28732600808,0,0,0,0,0,42.0737233757973,0,0,0,0,0,0,0,0,0,109.887435153127,0,0,0,0,0,0,0,0,0,0,0,0,0,85.6121272742748,0,0,0,23.4013752788305,0,0,0,3.09143358469009,0,13.5691014826298,0,0,0,0,0,0,0,3.9549313634634,0,0,0,562.000316813588,0,0,0,0,0,0,395.980535581708,0,191.808614477515,0,0,0,0,0,0,0,0,0,0.256167232990265,0,262.828282028437,207.245770797133,0,124.198158860207,0,2.23413589596748
0,382.24759465456,0,557.694239661098,0,0.801859438419342,0,0,0,607.18971028924,0,0,0,0,0,194.379772543907,0,0.189516976475716,2.13500635325909,4.48447585105896,0,0,0,29.8603884279728,0,11.0035985708237,0,0,0,0,0,0,0,0,0,0.253163903951645,0,0,0,9.97763245552778,0,84.1314715966582,0.155177116394043,0,0,5.41576369851828,0,0.216792702674866,0,54.7654868960381,0,0,0,0,0,0,0,0,0,0,0,1.78636765480042,6.89648669958115,0,0,0,660.386419892311,0,0,0,0,0,7.85810676217079,0,0,0,0,0,13.0399921014905,0,2.4108372181654,0,153.683921791613,0.148776486515999,363.287906207144,16.1771549284458,0
18.5916933268309,0,103.070719987154,0,45.6947719156742,0,51.430280983448,0,0.952767699956894,0,1368.74422155321,0,0,0,0,0,18.7315403223038,5.26495737582445,82.4705930575728,0,432.109869167209,0,0,0,0,0,0,0,0,0,332.02774566412,0,0,0.396973192691803,0,0,198.864084631205,1.2071191072464,2665.35476791859,0.70582340657711,18.4109064489603,7.42586398869753,2109.91206680238,0,0,0,183.644811689854,1.20121720433235,8.57924929261208,0.52769461274147,7.21009463071823,0,14.451680958271,0,3.9549313634634,0,0,0,3.95533585548401,0,1.82199682295322,0,0,1268.48725906014,0,0,0,0,0,0,0,0,0,521.615382015705,0,0,0,0,1.90657261013985,70.0199808850884,0,38.3981767967343,1530.5213490501,23.8780393302441,1063.1935909763,0.222373068332672,285.132921293378
0,0,0,3.90894332528114,0,1.84574949741364,0,0,0,0,0,6062.60851442814,0,210.223736524582,0,0,0,0.477594077587128,3.85304476320744,0,0,0,0,0,0,0,0,0,0,72.7922656536102,0,0,0,0,0,0,0,1411.92026382685,0,1.0078432559967,0,92.7178934216499,0,0,0,18.0812854170799,0,0,0,3.43578124046326,0,0,0,0,0,0,0,0,0,4.6362943649292,0,0,27.6146844625473,0,0,0,0,0,0,0,0,0,22.3119555413723,0,0,0,0,0,5.23929135501385,0,119.191169917583,0,487.503267332911,0.224702134728432,126.750080034137,4.24686175584793,0
2.68745584785938,0,80.7913473248482,0,0,0,0,0,0,0,237.319543927908,0,471.291112661362,0,64.399670124054,0,0,0,0,0,0,0,0,0,0,0,0,0,3.1959525346756,0,0,0,0,0,0,0,0,0,0,0,0.473831743001938,0,13.0456328243017,0,0,0,0,0,4.99102920293808,0,0,0,0,0,0,0,3.95533585548401,0,0,0,61.8433509767056,0,0,0,0,0,0,0,0,0,0,0,0,0,0,0,0,0,0,0,0,0,141.286487817764,116.947836399078,24.8075059205294,0,3.246272534132
0,0,0,0,0,0,0,33.2001986503601,0,0,0,135.908012390137,0,5431.72207534313,0,0,0,0,0,0,0,0,0,0,0,0,0,1425.42624568939,0,0,0,0,0,0,0,0,0,0,0,0,0,0,0,0,0,0,0,0,0,0,0,0,0,0,0,0,0,4.6362943649292,0,0,0,0,0,0,0,0,0,0,1.68170893192291,0,8.24555611610413,0,0,0,0,0,0,0,0,0,0,0,173.959597975016,420.643728107214,0,0,0
108.137825995684,0,37.8337725102901,0,0,0,0,0,127.525055333972,0,0,0,4.3794624209404,0,692.584634035826,0,0,0,0,0,0,0,0,0,1.46515759825706,0,0,0,0,0,0,0,0,0,0,0,0,0,0,0,0,0,45.3129649013281,0,0,0,0,0.222398653626442,87.4336812496185,0,2.29824590682983,0,0,0,562.000316813588,0,1.82199682295322,0,61.8433509767056,0,0,0,0,0,0,0,0,69.1731919050217,0,11.288460239768,0,0,0,0,0,0,0,0,0,0,0,0,11.7947536408901,0,38.2901230454445,0,8.90531288087368
0,0,0,2.66792389750481,0,0,0,0,0,5.13259297609329,0,0,0,5,0,12.3964099884033,0,2.87671959400177,0,0,0,0,0,1.34103858470917,0,0,0,0,0,0,0,0,0,0,0,0,0,0,0,0,0,0,0,0,0,0,0,0,0,0,0,0,0,0,0,1.78636765480042,0,0,0,0,0,0,0,0,0,0,0,0,0,0,0,0,0,0,0,0,0,0,0.11189392209053,0,0,0,132.57485461235,0,0.202810153365135,0,0
0,0,0,92.5199714750051,0,351.217633455992,0,0,0,3.79507964849472,0,1687.9883889854,0,0,0,0,0,0,1.67486211657524,5717.66141264141,0,0,0,0,0,0,0,0,0,0,0,0,0,0,0,4499.36775478721,0,895.662012174726,0,133.727166205645,0,83.4923730269074,0,0,0,2306.45032130927,0,0.141115114092827,0.203355833888054,11.3366877958179,0,4.02754819393158,0,0,0,6.89648669958115,0,27.6146844625473,0,0,0,0,0,0,0,0,0,0,0,0,0,0,0.777083277702332,0,0,0,0,0,1775.43989028037,0,1111.44228710234,0,344.669775247574,4.4683473110199,1340.29732642323,3.07520033419132,0
93.4554042816162,0,54.2786699980497,0,2.2971478998661,0,0,0,2.56225711107254,0,42.563545063138,0,0,0,0,0,70.8801506608725,24.1314179003239,388.876821793616,0,908.485395535827,0,0,0,0,0,0,0,0,0,0,0,0,0,0,0,844.699000477791,0,42.7241363674402,3.38996544480324,373.262002326548,11.778592184186,386.924852073193,0,0,0,2080.10754489154,0.135923951864243,21.353506244719,0,1.96556584537029,0,0,0,0,0,1268.48725906014,0,0,0,0,0,0,0,0,0,0,0,0,0,0,0,0,80.6818864196539,0,0,0,0,1.9940499663353,1759.91133114696,5.55844011902809,547.790415197611,576.951441913843,20.2209910452366,1109.01251349598,0,16.1524982899427
0,0,0,0,0,0,0,0,0,0,0,0,0,0,0,0,0,35.6214783787727,0,0,0,11183.4300126433,339.186716884375,68.4379917085171,0,95.7834632396698,0,380.178465545177,0,0,0,0,0,0,0,0,0,1605.92672255635,2.80412936210632,0,0,0,0,0,0,0,0,0,0,0,0,0,0,0,0,0,0,0,0,0,0,0,0,0,0,75.8081313371658,123.960582062602,0,106.716849654913,0,353.513310223818,0,0,0,0,0,0,0,0,0,487.989951908588,0,1779.65418961644,13.1269645690918,0,0,0
0,0,0,0,0,0,0,0,0,0,0,0,0,0,0,0,0,0,0,0,0,533.099853783846,10356.4457783699,0,88.5088717639446,0,7.35641574859619,0,239.230779200792,0,0,0,0,0,0,0,0,19.5696967840195,3240.55833876133,0,0,0,0,0,0,0,0,0,257.053853437304,0,0,0,0,0,0,0,0,0,0,0,0,0,0,0,75.8081313371658,0,0,304.798852205276,0,358.018723294139,0,46.9550069868565,0,19.4937664568424,0,0,0,0,0,0,2.20831942558289,942.166971802711,1541.52208448946,49.0576198101044,0,0,0
0,56.0657919049263,0,0,0,0,0,0,0,36.237169533968,0,0,0,0,0,0,0,20.0348372459412,2.14963835477829,0,0,155.046579927206,0,731.950045496225,0,48.6908082962036,0,0,0,0,0,0,0,0,0,0,0,46.1062732934952,0,0,0,0.209220141172409,0,0,0,0,0,0,0,5.96128702163696,0,0,0,0,0,660.386419892311,0,0,0,0,0,0,0,0,123.960582062602,0,0,0,25.3995914757252,0,1.38123172521591,0,0,0,0,0,0,0,0,0,30.0446606576443,0,64.6347346901894,0,23.4331500083208,0,0
14.2704956233501,0,0,0,0,0,0,0,98.5755789130926,0,0,0,0,0,3.44156287610531,0,0,0,0,0,0,0,182.461243182421,0,951.808953821659,0,0,0,0,0,0,0,0,0,0,0,0,0,1014.80941057205,0,0,0,0,0,0,0,0,0,176.140022665262,0,0,0,0,0,395.980535581708,0,0,0,0,0,69.1731919050217,0,0,0,0,304.798852205276,0,0,0,223.033063083887,0,0,0,0,0,0,0,0,0,0,0,359.55314014852,346.470401465893,0,255.718789488077,0,0
0,0,0,0,0,0,0,0,0,0,0,0,0,0,0,0,0,450.042024195194,0,0,0,286.029774844646,0,432.541239261627,0,483.819470226765,0,557.053855121136,0,0,0,0,0,0,0,0,0,0,0,0,0,0,0,0,0,0,0,0,0,0,0,0,0,0,0,0,0,0,0,1.68170893192291,0,0,0,0,106.716849654913,0,25.3995914757252,0,0,0,354.253342747688,0,0,0,0,0,0,0,0,0,0,0,474.721445322037,0,0,0,0
6.70696607232094,0,0,0,0,0,0,0,11.0506833195686,0,0,0,0,0,0.208750650286674,0,0,0,0,0,0,0,210.313918456435,0,1056.30903154612,0,743.600008532405,0,0,0,0,0,0,0,0,0,0,0,0,0,0,0,0,0,0,0,0,0,6.78666818141937,0,0,0,0,0,191.808614477515,0,0,0,0,0,11.288460239768,0,0,0,0,358.018723294139,0,223.033063083887,0,0,0,74.2308464646339,0,0,0,0,0,0,0,0,0,0,0,0,4.15845420956612,0,0
0,0,0,0,0,0,0,0,0,0,0,0,0,0,0,0,0,0,0,0,0,1116.68251614273,0,0,0,7.17295944690704,0,2201.26399201155,0,221.066657245159,0,0,0,0,0,0,0,247.923234760761,0,0,0,0,0,0,0,0,0,0,0,0,0,0,0,0,0,0,0,0,0,8.24555611610413,0,0,0,0,353.513310223818,0,1.38123172521591,0,354.253342747688,0,0,0,0,0,0,0,0,0,0,0,48.4288980960846,0,802.800860881805,2467.92111301422,0,0,0
0,0,0,0,0,0,0,0,0,0,475.967487573624,0,2.00426578521729,0,0,0,0,0,0,0,0,0,121.755738973618,0,0,0,0,0,2227.90723824501,0,635.738488078117,0,0,0,0,0,0,0,550.397608831525,0,0,0,0,0,0,0,0,0,80.1328739225864,0,0,0,0,0,0,0,0,0,0,0,0,0,0,0,0,46.9550069868565,0,0,0,74.2308464646339,0,0,0,382.652672275901,0,0,0,0,0,0,0,607.934157758951,289.247783601284,63.0635111927986,0.9638432264328,0,0
0,0.37373323738575,0.505225360393524,10.2058860957623,0,7.54678985476494,0,0,0,11.5526107251644,0,3.58915746212006,0,0,0,0,1.92313241958618,1.21232178807259,46.2509704679251,0,0,0,0,0,0,0,0,55.1580253243446,0,436.040805399418,0,0,0,0,0,0.211342766880989,0,78.8440846204758,0,14.5895443558693,0,225.318774193525,1.04678931832314,0,0,10.5260796844959,0,0,0,3.62555187195539,0,0,0,0,0,7.85810676217079,0,22.3119555413723,0,0,0,0,0.777083277702332,0,0,0,0,0,0,0,0,0,0,0,0,0,0,0,9.08486476540565,2.30157768726349,51.2714755386114,0.229935601353645,307.314550116658,2.02934708446264,518.042409300804,61.4151267856359,0
0.259981125593185,0,1.19787372648716,0,0,0,0,0,0,0,55.8558554053307,0,0,0,0,0,3.73607338964939,0.874032765626907,10.7393221259117,0,18.3182151317596,0,0,0,0,0,0,0,23.7258002758026,0,779.153059095144,0,0,0,0,0,0,0,623.037457346916,0.359967797994614,1.03491595387459,0.926904752850533,37.3458458408713,0,0,0,44.6447914019227,0,108.533815458417,0,0,0,0,0,0,0,521.615382015705,0,0,0,0,0,0,80.6818864196539,0,19.4937664568424,0,0,0,0,0,382.652672275901,0,0,0,0,0,0,0,10.5444497987628,0,1264.86818177998,226.968340218067,0,613.392190054059,0,10.4051176607609
0,0,0,0,0,0,0,0,0,0,0,0,0,0,0,0,0,0,0,0,0,0,0,0,0,0,0,0,0,0,0,580.5017580688,260.997772231698,122.260741844773,0,0,0,0,0,0,0,0,0,0,0,0,0,8325.07136616111,180.342774122953,0,0,0,0,0,0,0,0,0,0,0,0,0,0,0,0,0,0,0,0,0,0,0,0,0,0,665.716329544783,429.046665564179,0,197.412725716829,11.9041467905045,0,0,212.301581561565,0,0,0,0
0,0,0,0,0,0,0,0,0,0,0,0,0,0,0,0,0,0,0,0,0,0,0,0,0,0,0,0,0,0,0,599.787108004093,2785.19006824493,84.0443398952484,311.578725337982,0,78.8863749206066,0,0,0,0,0,0,0,0,0,0,4946.7502348125,73.9597945213318,0,0,0,0,0,0,0,0,0,0,0,0,0,0,0,0,0,0,0,0,0,0,0,0,0,665.716329544783,0,10.6635698676109,134.246637851,0,113.889806449413,0,0,32.2592890560627,0,0,0,0
0,0,0,0.307811200618744,0,0,0,0,0,0.507598578929901,0,0,0,0,0,0,0,0,0,0,0,0,0,2.64308089017868,0,0,0,0,0,0,0,85.3542124927044,38.8966193497181,1068.783020854,286.783089220524,543.084351420403,0,31.6836221963167,0,0,0,0,7.05398842692375,0,0,0.270087480545044,0,4046.41021049023,234.295392364264,37.0770343542099,0,0,0,0,0,0,0,0,0,0,0,0,0,0,0,0,0,0,0,0,0,0,0,0,429.046665564179,10.6635698676109,0,119.333470225334,126.640676349401,19.7526569962502,670.164841100574,0,882.026001632214,22.2215397953987,4.86013713479042,0,0
0,0,0.216033801436424,0,0,0,0,0,0,0,0,0,0,0,0,0,0,0,0,0,0.177202567458153,0,0,0,0,0,0,0,0,0,0,0,68.4388074874878,2542.72835481167,6188.3803152293,0,211.863899886608,4.20702981948853,266.852341085672,0,0.354404509067535,0,0,0,0,0,0,1182.56669473648,27.1714867055416,0,0,0,0,0,0,0,0,0,0,0,0,0,0,0,0,0,0,0,0,0,0,0,0,0,0,134.246637851,119.333470225334,0,0.850039958953857,30.8584181666374,0,895.35544462502,969.591812938452,0,1.39737215638161,0,0
0,7.12940396368504,0,93.8203146532178,0,137.059088841081,0,0,0,15.0670262724161,0,387.488741666079,0,0,0,0,28.4278850480914,60.3977561444044,777.970537766814,1578.80260565877,0,0,0,0,0,0,0,0,0,0,0,3.11653792858124,10.4063725471497,79.952793598175,2.22464370727539,9495.4542182833,0,1128.55422472954,0,608.265096180141,1.51188273727894,508.320507988334,28.7557352185249,0,0,1627.43859650195,12.2616114392877,106.169053450227,0.591535240411758,417.167144812644,0,1.1829127445817,0,0,0,13.0399921014905,1.90657261013985,5.23929135501385,0,0,0,0.11189392209053,1775.43989028037,1.9940499663353,0,0,0,0,0,0,0,0,9.08486476540565,0,197.412725716829,0,126.640676349401,0.850039958953857,0,6.31156424432993,485.683572173119,5.95082664489746,1230.63665815443,31.9297381862998,1328.17453490943,31.9760633260012,2.55724143981934
228.167040064931,0,45.390023380518,0,3.33187708258629,1.34265553951263,0,0,3.99578683078289,0,244.938011705875,0,0,0,0,0,164.902167029679,37.7361621111631,857.440062597394,0,2662.64547894895,0,0,0,0,0,0,0,0,0,0,64.1204771101475,1125.51237314939,3.11271464824677,446.541636526585,28.4279017597437,17211.6255085692,0,204.834516212344,10.0163935869932,1063.03233005106,32.7831633687019,765.101024664938,0,0.120024785399437,3.62092180550098,1565.56620312482,212.081137128174,711.117435477674,0.826748840510845,6.83214348554611,0,0,0,0.256167232990265,0,70.0199808850884,0,0,0,0,0,0,1759.91133114696,0,0,0,0,0,0,0,0,2.30157768726349,10.5444497987628,11.9041467905045,113.889806449413,19.7526569962502,30.8584181666374,6.31156424432993,0,0.145134687423706,614.896255947649,3778.06253226846,92.425324074924,1585.58307750523,0.552318170666695,76.8178700655699
