0,0,0.146427507427606,0,0.121532134711742,0,0,0,0.142562202865554,0,0,0,0,0,0,0,0.434268087148666,0,0.359708670084759,0,0,0,0,0,0,0,0,0,0,0,0,0,0,0,0,0,0.493447557091713,0,0,0,0,0,0.301529172888334,0,0,0,0.358126387000084,0.393879801576788,0.146669369791785,0,0,0,0,0,0.202749150358651,0,0,0,0,0,0.23638381325362,0,0,0,0,0,0,0,0,0,0,0,0,0.391971230506897,0,0,0,0,0,0.482701168457667,0,0.475973412394524,0.324164181274752,0,0.285044099204242,0,0
0,0,0,0.153351344834817,0,0,0,0,0,0.154025676793286,0,0,0,0,0,0,0,0,0.292729896230575,0,0,0,0,0.184233278036118,0,0,0,0,0,0,0,0,0,0,0,0,0,0,0,0,0,0.327909705042839,0,0,0,0,0,0,0,0.212824781525689,0,0,0,0,0,0.202723988331854,0,0,0,0,0,0.241390888889631,0,0,0,0,0.278207532669369,0,0,0,0,0,0,0,0,0,0,0,0,0,0,0,0.336097040005322,0,0.252226833040353,0,0
0.146427507427606,0,0,0,0.158015146671574,0,0,0,0.128346471115947,0,0,0,0,0,0,0,0,0,0.271622255444527,0,0,0,0,0,0,0,0,0,0,0,0,0,0,0,0,0,0.296746701002121,0,0,0,0.288418656587601,0,0.300526804601153,0,0,0,0.276525214314461,0.2928776293993,0.2365767987445,0,0.21222649906811,0,0,0,0.184232371891367,0,0.290027995612107,0,0.213629082949073,0,0.18543629348278,0,0,0.332238636910915,0,0,0,0,0,0,0,0.332772642374039,0,0.340335988161857,0,0,0,0,0.340017050504684,0.323108393698931,0,0.367059161265691,0.205498279631138,0,0.229504283052563,0,0.294316671788692
0,0.153351344834817,0,0,0,0.165385414170076,0,0,0,0.146923303071942,0,0,0,0,0,0,0.315218776464462,0,0.293148040771484,0.217045518968787,0,0,0,0,0,0,0,0,0,0,0,0,0,0,0,0.213717620819807,0,0,0,0.285966116003692,0.348315015435219,0.297983606904745,0.273242682218552,0,0,0.272578443917963,0,0,0,0.193437211671654,0,0.231058858335018,0,0,0,0.199142246640154,0,0.282189254959424,0,0,0,0.283035486936569,0.23008592975767,0,0,0,0,0,0,0,0.336694970726967,0,0.340460062026978,0,0,0,0,0,0.277658035357793,0,0.339156021674474,0,0.220467622769941,0,0.243070611313208,0.280855223536491,0
0.121532134711742,0,0.158015146671574,0,0,0,0,0,0.154994789556957,0,0,0,0,0,0,0,0,0,0,0,0.218304750214263,0,0,0,0,0,0,0,0,0,0,0,0,0,0,0,0.207290585952647,0,0,0,0.249741554260254,0,0.273723726471265,0,0,0,0.249098566174507,0.268488520135482,0.240778581135803,0,0.203555807509,0,0,0,0.205210891366005,0,0.236118560922997,0,0,0,0.200149963299433,0,0,0.283742438256741,0,0,0,0,0,0,0,0,0,0,0,0,0,0,0,0.226413342006066,0,0.277500219643116,0.179838235515195,0,0.212428349899975,0,0
0,0,0,0.165385414170076,0,0,0,0,0,0.17645372480154,0,0,0,0,0,0.200161934989255,0,0,0,0.195373052555435,0,0,0,0,0,0,0,0,0,0,0,0,0,0,0,0.182333254814148,0,0,0,0.228317677974701,0,0.262651627262433,0,0,0,0.214963977987116,0,0,0,0.301155626773834,0,0.203403190985672,0,0,0,0.19489553069266,0,0.17941153049469,0,0.158806564907233,0,0.240798291846596,0.178559713974232,0,0,0,0,0,0,0,0,0,0.281743869185448,0,0,0,0,0,0.211103136340777,0,0,0,0.183263703187307,0,0.179646761170038,0.224896714091301,0
0,0,0,0,0,0,0,0,0,0,0,0,0,0,0,0,0,0,0,0,0.136833995580673,0,0,0,0,0,0,0,0,0,0,0,0,0,0,0,0,0,0,0,0,0,0,0,0,0,0,0,0,0,0.254210412502289,0,0.137720071456649,0,0,0,0,0,0,0,0,0,0,0,0,0,0,0,0,0,0,0,0,0,0,0,0,0,0,0,0,0,0,0,0,0,0
0,0,0,0,0,0,0,0,0,0,0,0,0,0,0,0,0,0,0,0.205202608098907,0,0,0,0,0,0,0,0,0,0,0,0,0,0,0,0,0,0,0,0,0,0,0,0,0,0,0,0,0,0,0,0,0,0.175779208540916,0,0,0,0,0,0.154282060265541,0,0,0,0,0,0,0,0,0,0,0,0,0,0,0,0,0,0,0,0,0,0,0.174310579390849,0,0,0,0
0.142562202865554,0,0.128346471115947,0,0.154994789556957,0,0,0,0,0,0,0,0,0,0.158609785139561,0,0.206902408432738,0.200471265749498,0.244226109768663,0,0,0,0,0,0,0.190812095999718,0.170993332450206,0,0,0,0,0,0,0,0,0,0,0,0.24640179425478,0,0,0,0.215521815684762,0,0,0,0.233064755797386,0.376119375228882,0.137110253752664,0,0,0,0,0,0.256852266209769,0,0,0,0,0,0.190821208059788,0,0,0,0,0,0,0.199195695420106,0,0.189280691246192,0,0,0,0,0,0,0,0,0,0.418208628892899,0,0.190258890390396,0.181208235467528,0,0.148238536200406,0,0
0,0.154025676793286,0,0.146923303071942,0,0.17645372480154,0,0,0,0,0,0,0,0,0,0.176044192003167,0,0.210299667716026,0.170826731622219,0,0,0,0,0.20298757234055,0,0.176618292927742,0,0,0,0,0,0,0,0,0,0.198863193392754,0,0.205800780108277,0,0.245310992002487,0,0.248941007070243,0,0,0,0.201284170150757,0,0.289447963237762,0,0.150665162752072,0,0.239200726151466,0,0,0,0.257584926226612,0,0,0,0,0,0.200949439551772,0.209986224770546,0,0,0,0.265921602762023,0,0,0,0.29153448343277,0,0,0,0,0,0,0,0.265032365918159,0,0.266758928173467,0,0.189967900701178,0,0.210981550085835,0.18121952902187,0
0,0,0,0,0,0,0,0,0,0,0,0,0,0,0,0,0,0,0,0,0.133115517553584,0,0,0,0,0,0,0,0,0,0,0,0,0,0,0,0.11550615768541,0,0.241185093608995,0,0,0,0,0,0,0,0,0,0,0,0,0,0,0,0,0,0.17854695813014,0,0,0,0,0,0,0.189395489037037,0,0,0,0,0,0,0,0,0,0.416559137403965,0,0,0,0,0,0,0,0.403074126351963,0.132037697519575,0,0.318760802348455,0,0
0,0,0,0,0,0,0,0,0,0,0,0,0,0.155375216251765,0,0,0,0,0,0.138882864224777,0,0,0,0,0,0,0,0.144833235151639,0,0.195441026240587,0,0,0,0,0,0.137983898277831,0,0.145636561539609,0,0,0,0,0,0,0,0,0,0,0,0,0,0.202561958191487,0,0,0,0,0,0.199387986453908,0,0,0,0,0.178906957308451,0,0,0,0,0,0,0,0.134755938460952,0,0.257105365138629,0,0,0,0,0,0.145962327718735,0,0.157128492878242,0,0.134172459556298,0,0.205361406560297,0,0
0,0,0,0,0,0,0,0,0,0,0,0,0,0,0.160975857214494,0,0,0,0,0,0,0,0,0,0,0,0,0,0,0,0,0,0,0,0,0,0,0,0,0,0,0,0,0,0,0,0,0,0,0,0,0,0,0,0,0,0.233579435944557,0,0.154328293477496,0,0.184607447548346,0,0,0,0,0,0,0,0,0.15357788448984,0,0,0,0.269789665937424,0,0,0,0,0,0,0,0,0,0,0,0,0
0,0,0,0,0,0,0,0,0,0,0,0.155375216251765,0,0,0,0.172031682729721,0,0,0,0,0,0,0,0,0,0,0,0,0,0,0,0,0,0,0,0,0,0,0,0,0,0,0,0,0,0,0,0,0,0,0,0,0,0,0,0,0,0.159069965092035,0,0.208760519615478,0,0.194474185506503,0,0,0,0,0,0,0,0,0,0,0,0,0,0,0,0,0,0,0,0,0.168615919810075,0.301992653445764,0,0,0
0,0,0,0,0,0,0,0,0.158609785139561,0,0,0,0.160975857214494,0,0,0,0.157030492017032,0.202458453675111,0.267096027731895,0,0,0,0,0,0,0,0.133217946522766,0,0.192329153418541,0,0,0,0,0,0,0,0,0,0,0,0,0,0,0,0,0,0,0,0,0,0,0,0,0,0.152314588427544,0,0,0,0,0,0.151745374004046,0,0,0,0,0,0,0,0,0.156858123838902,0,0,0,0.343628495931625,0,0,0,0,0,0.340737879276276,0,0,0.162323338155811,0,0.316257268190384,0,0
0,0,0,0,0,0.200161934989255,0,0,0,0.176044192003167,0,0,0,0.172031682729721,0,0,0.207904323935509,0.208410141559748,0.259825862944126,0,0,0,0,0,0,0,0,0,0,0,0,0,0,0,0,0,0,0,0,0,0,0,0,0,0,0,0,0,0,0,0,0.246439742545287,0,0,0,0.205596218506495,0,0,0,0.220099562635789,0,0.196554664819518,0,0,0,0,0,0,0,0,0,0,0,0,0,0,0,0,0,0,0,0,0.165010593831539,0.173594579100609,0,0,0
0.434268087148666,0,0,0.315218776464462,0,0,0,0,0.206902408432738,0,0,0,0,0,0.157030492017032,0.207904323935509,0,0.195522682230264,0.341817592147071,0,0,0,0.13732914898277,0,0.186027112520403,0.184881231614522,0.150799750940674,0,0.157443402843042,0,0,0,0,0,0,0.340954022275077,0.384098678827286,0.296256929636002,0.393187825168882,0.322332534735853,0.339545097817545,0.297887545430435,0.30615716464036,0.32189745704333,0.326817601919174,0.33160905796906,0.317359027000937,0,0.374125401178996,0.313636869192123,0,0,0,0,0,0,0.350550286471844,0,0,0,0.238178320229053,0.233294129371643,0.342571953932444,0.328753311078525,0,0.124287986507018,0,0.18681322534879,0.181831183036168,0.155531855078032,0,0.35306541621685,0.331740260124207,0.355777481363879,0,0,0.296785195668538,0,0.346685050693277,0.35842749559217,0.344618380069733,0.357356338819741,0.221050886464856,0.139943987964407,0.329552095096845,0.30185908891938,0.318104984668585
0,0,0,0,0,0,0,0,0.200471265749498,0.210299667716026,0,0,0,0,0.202458453675111,0.208410141559748,0.195522682230264,0,0.342748765482013,0,0,0.15230330202289,0,0.198736069233794,0,0.142373518248697,0.22669795494188,0.181255657225847,0,0,0,0,0,0,0,0.357478559569076,0.36090355194532,0.366589337587357,0.406663437684377,0.322409218568711,0.330827104110344,0.305671405062384,0.312108083153671,0.330867511885507,0,0.334362198447072,0.31185507774353,0.307204444300045,0.315284386277199,0.31336431701978,0,0,0,0,0,0,0.341488391160965,0.317799359560013,0,0,0,0.222032050291697,0.336798500630163,0.331246423370698,0.148831055883099,0,0,0.200809642672539,0.161974249966883,0.234072431441276,0.249963407005583,0,0.361197389662266,0.3405888655356,0,0,0.332291620473067,0,0.342138582735434,0.349987007806013,0.365571296215057,0.353084130152579,0.202383525659602,0.176200111792323,0.318812750461625,0.32721439651821,0.293791236246333
0.359708670084759,0.292729896230575,0.271622255444527,0.293148040771484,0,0,0,0,0.244226109768663,0.170826731622219,0,0,0,0,0.267096027731895,0.259825862944126,0.341817592147071,0.342748765482013,0,0,0,0.244621569911639,0,0.190338216722012,0,0.254291219015916,0.292096747908481,0,0,0,0,0,0,0.317412376403809,0,0.350549658840778,0.411818771863996,0.339387766189045,0.412857157752869,0.325536128130044,0.347986968415039,0.258797749190738,0.256334154897339,0.434983772517991,0.256651370889611,0.365504768018244,0.325720627494196,0.292015400002984,0.335101696460143,0.282124168164021,0,0,0,0,0.268426403403282,0,0.340426884591579,0.311352419001716,0.28959533572197,0,0.324813947081566,0.227092392742634,0.365637912438335,0.337420319725749,0,0,0,0,0.273536371998489,0.298848999494856,0.334363281726837,0.356327200929324,0.355722737312317,0.377807475559346,0.301624953746796,0,0.316452581683795,0,0.372085170315447,0.375846884108473,0.373495845898484,0.360405785820535,0.259765959534311,0.255043774843216,0.32414143729714,0.269969906251243,0.268073183337847
0,0,0,0.217045518968787,0,0.195373052555435,0,0.205202608098907,0,0,0,0.138882864224777,0,0,0,0,0,0,0,0,0,0,0,0,0,0,0,0,0,0,0,0,0,0,0,0.151258929226115,0,0.151785605218051,0,0,0,0,0,0,0,0,0,0,0,0,0,0.219107415527105,0,0.210842984418074,0,0.224778547883034,0,0.241393594071269,0,0.260115418169234,0,0.25068125128746,0.231355502587004,0,0,0,0,0,0,0,0,0,0.249125838279724,0,0,0,0,0,0.191330729990967,0,0.18215530235616,0,0.141690127085894,0,0.247425932775844,0,0
0,0,0,0,0.218304750214263,0,0.136833995580673,0,0,0,0.133115517553584,0,0,0,0,0,0,0,0,0,0,0,0,0,0,0,0,0,0,0,0,0,0,0,0,0,0.150232178604857,0,0.26906456053257,0,0.202976763248444,0,0.257799650231997,0,0,0,0.268497784932454,0,0.252817471822103,0,0.253891759791544,0,0.202426669498285,0,0,0,0.299196876414206,0,0,0,0,0,0,0.21091729272194,0,0,0,0,0,0,0,0,0,0.399720169603825,0,0,0,0,0,0.193685777307976,0,0.252494485540823,0.146658107919513,0,0.27515031758583,0,0
0,0,0,0,0,0,0,0,0,0,0,0,0,0,0,0,0,0.15230330202289,0.244621569911639,0,0,0,0.0900650400864451,0.15500096976757,0,0.127406217359208,0,0.121715033054352,0,0,0,0,0,0,0,0,0,0.216890718382771,0,0,0,0,0,0,0,0,0,0,0,0.272177277551349,0,0,0,0,0,0,0,0,0,0,0,0,0,0,0.219491151041962,0,0,0,0,0,0.262012585997581,0,0,0,0,0,0,0,0,0,0.22961873048409,0,0.146966395740621,0.14091595262289,0,0,0
0,0,0,0,0,0,0,0,0,0,0,0,0,0,0,0,0.13732914898277,0,0,0,0,0.0900650400864451,0,0,0.218109644949436,0,0.123330930948898,0,0.197294943034649,0,0,0,0,0,0,0,0,0,0.243405770712897,0,0,0,0,0,0,0,0,0.299072861671448,0.257195608722681,0,0,0,0,0,0,0,0.394142597913742,0,0,0,0,0,0,0,0,0.238596162524241,0,0.298697993159294,0,0.213122543982334,0,0.341227969527245,0,0.374441642027635,0,0,0,0,0,0,0,0.265858357618099,0.133854076245987,0,0.272340784630468,0,0
0,0.184233278036118,0,0,0,0,0,0,0,0.20298757234055,0,0,0,0,0,0,0,0.198736069233794,0.190338216722012,0,0,0.15500096976757,0,0,0,0.1675786969361,0,0,0,0,0,0,0,0,0,0,0,0.180289044184146,0,0,0,0.177967056632042,0,0,0,0,0,0,0,0.25798219527517,0,0,0,0,0,0.240034184574541,0,0,0,0,0,0,0,0,0.165580979585648,0,0.178113253883296,0,0.206213218914835,0,0,0,0,0,0,0,0,0,0,0,0.246027352074861,0,0.153779898607542,0,0.251959881434838,0,0
0,0,0,0,0,0,0,0,0,0,0,0,0,0,0,0,0.186027112520403,0,0,0,0,0,0.218109644949436,0,0,0,0.165215116050375,0,0,0,0,0,0,0,0,0,0,0,0.181568223191425,0,0,0,0.250075936317444,0,0,0,0,0,0.263443834197364,0,0,0,0,0,0.170500016981556,0,0,0,0,0,0,0,0,0,0,0.21179143034599,0,0.194160280263526,0,0.161938670129815,0,0,0,0,0,0,0,0,0,0,0,0.182723370045423,0.165661870949454,0,0.270412443006145,0,0
0,0,0,0,0,0,0,0,0.190812095999718,0.176618292927742,0,0,0,0,0,0,0.184881231614522,0.142373518248697,0.254291219015916,0,0,0.127406217359208,0,0.1675786969361,0,0,0,0.186787065118551,0,0,0,0,0,0,0,0,0,0,0,0,0,0,0,0,0,0,0,0,0,0,0,0,0,0,0,0,0,0,0,0,0,0,0,0,0.161357298493385,0,0.173273651263653,0,0.174093162883883,0,0.191755564883351,0,0,0,0,0,0,0,0,0,0.385353446006775,0,0.13738691039255,0,0,0,0
0,0,0,0,0,0,0,0,0.170993332450206,0,0,0,0,0,0.133217946522766,0,0.150799750940674,0.22669795494188,0.292096747908481,0,0,0,0.123330930948898,0,0.165215116050375,0,0,0,0.118860885500908,0,0,0,0,0,0,0,0,0,0,0,0,0,0,0,0,0.350784540176392,0.31711757183075,0,0,0,0,0,0,0,0.169615708291531,0,0,0,0,0,0,0,0,0.354054391384125,0,0.171854063868523,0,0.15895664691925,0,0.196375593783394,0,0.199929134760584,0,0,0,0,0,0,0,0.411715348561605,0,0.336735010147095,0.139187783865552,0,0.361555099487305,0,0.262950092554092
0,0,0,0,0,0,0,0,0,0,0,0.144833235151639,0,0,0,0,0,0.181255657225847,0,0,0,0.121715033054352,0,0,0,0.186787065118551,0,0,0,0.1299310459031,0,0,0,0,0,0,0,0,0,0,0,0,0,0,0,0,0,0,0,0,0,0,0,0,0,0,0,0.1357960376528,0,0,0,0,0,0,0,0,0,0,0.183792541424433,0,0.193329781411201,0,0.237316189983556,0,0,0,0,0,0,0,0.260259211659431,0,0,0,0,0,0
0,0,0,0,0,0,0,0,0,0,0,0,0,0,0.192329153418541,0,0.157443402843042,0,0,0,0,0,0.197294943034649,0,0,0,0.118860885500908,0,0,0,0.131278655491769,0,0,0,0,0,0,0,0,0,0,0,0,0,0,0,0,0,0,0,0,0,0,0,0,0,0.229686035215855,0,0,0,0,0,0,0,0,0,0,0,0,0.164153681309135,0,0.190004820559053,0,0.188227559129397,0,0,0,0,0,0,0,0,0,0,0,0,0
0,0,0,0,0,0,0,0,0,0,0,0.195441026240587,0,0,0,0,0,0,0,0,0,0,0,0,0,0,0,0.1299310459031,0,0,0,0,0,0,0,0,0,0.139104006811976,0,0,0,0,0,0,0,0,0,0,0,0,0,0,0,0,0,0,0,0.199935359259446,0,0,0,0,0,0,0,0,0,0,0,0,0.118223302066326,0,0.180514737963676,0,0,0,0,0,0,0,0.169198531657457,0,0,0,0.246583610773087,0,0
0,0,0,0,0,0,0,0,0,0,0,0,0,0,0,0,0,0,0,0,0,0,0,0,0,0,0,0,0.131278655491769,0,0,0,0,0,0,0,0,0,0.231700677010748,0,0,0,0,0,0,0,0,0,0,0,0,0,0,0,0,0,0.325466096401215,0,0,0,0,0,0,0,0,0,0,0,0,0,0,0,0,0.279247132481122,0,0,0,0,0,0,0,0.292962523301442,0,0,0,0,0
0,0,0,0,0,0,0,0,0,0,0,0,0,0,0,0,0,0,0,0,0,0,0,0,0,0,0,0,0,0,0,0,0.206072852752366,0.389422391851743,0,0.156826802791811,0,0,0,0,0,0,0,0,0,0,0,0.311486310737078,0,0,0,0,0,0,0,0,0,0,0,0,0,0,0,0,0,0,0,0,0,0,0,0,0,0,0.224857532569239,0.342219640811284,0.399885948747396,0,0.175294297036684,0.468412206361168,0,0,0.259118694879792,0,0,0,0
0,0,0,0,0,0,0,0,0,0,0,0,0,0,0,0,0,0,0,0,0,0,0,0,0,0,0,0,0,0,0,0.206072852752366,0,0.125653237104416,0.323886451381509,0,0.1801621483018,0,0,0,0,0,0,0,0,0,0,0.369803659906167,0.231227731704712,0,0,0,0,0,0,0,0,0,0,0,0,0,0,0,0,0,0,0,0,0,0,0,0,0,0.213081342403335,0.301433164916492,0,0.250400324498326,0.275244176387787,0.306526033459483,0,0,0.235030116943213,0,0,0,0
0,0,0,0,0,0,0,0,0,0,0,0,0,0,0,0,0,0,0.317412376403809,0,0,0,0,0,0,0,0,0,0,0,0,0.389422391851743,0.125653237104416,0,0.14046588334977,0.16390618319182,0,0.248620504979044,0,0,0,0.334291726350784,0,0,0,0,0,0.327544938251729,0.399327754974365,0.489852032491139,0,0,0,0,0,0,0,0,0,0,0,0,0,0,0,0,0,0,0,0,0,0,0,0,0.340255110481985,0,0.207311497903744,0.175014155752519,0.174867947708886,0,0.516796537830184,0,0.318982744216919,0.185705080628395,0.494368900855382,0,0
0,0,0,0,0,0,0,0,0,0,0,0,0,0,0,0,0,0,0,0,0,0,0,0,0,0,0,0,0,0,0,0,0.323886451381509,0.14046588334977,0,0,0.156542803619949,0,0.329637564718723,0,0,0,0,0,0,0,0,0.38166921188618,0.364465892314911,0,0,0,0,0,0,0,0,0,0,0,0,0,0,0,0,0,0,0,0,0,0,0,0,0,0,0.34548809266742,0.157560559475551,0.231005962675464,0,0.206376464465472,0,0.345399495363235,0.191131969067183,0,0,0,0
0,0,0,0.213717620819807,0,0.182333254814148,0,0,0,0.198863193392754,0,0.137983898277831,0,0,0,0,0.340954022275077,0.357478559569076,0.350549658840778,0.151258929226115,0,0,0,0,0,0,0,0,0,0,0,0.156826802791811,0,0.16390618319182,0,0,0.127168383173369,0.171006887600633,0.120139658246955,0.328911148732708,0.379542162021001,0.335389535374568,0.351440981030464,0.46725400586923,0,0.354467161858392,0.328874669969082,0.498256665405803,0.269960194826126,0.325842480659485,0,0.216197565197945,0,0,0,0,0,0.159985708383222,0,0,0,0,0.207210399669107,0.327935069799423,0,0,0,0,0,0,0.319551274180412,0,0.363180885712306,0,0.164832873258201,0,0.294075938940838,0,0.222280731086218,0.164466353233463,0.254177347265195,0.33911868929863,0.167892392209875,0.192431032234895,0.368946433405985,0.356103041280921,0.296129688620567
0.493447557091713,0,0.296746701002121,0,0.207290585952647,0,0,0,0,0,0.11550615768541,0,0,0,0,0,0.384098678827286,0.36090355194532,0.411818771863996,0,0.150232178604857,0,0,0,0,0,0,0,0,0,0,0,0.1801621483018,0,0.156542803619949,0.127168383173369,0,0,0.218326361352967,0,0.340125166851541,0,0.358059606052214,0,0.375186949968338,0.337072901427746,0.32021433880357,0.412026498967142,0.287198569286953,0,0.237069378352978,0,0,0,0.277288518846035,0,0.281406244883935,0,0.299898283822196,0,0,0,0,0.226751038797568,0,0,0,0,0,0,0,0,0,0.307814577763731,0,0.214457813236448,0,0.157822584278054,0.132940971345272,0.246506080534525,0,0.285381565509098,0.181321701536649,0.164040016440245,0.346815192849381,0,0.397875621266987
0,0,0,0,0,0,0,0,0,0.205800780108277,0,0.145636561539609,0,0,0,0,0.296256929636002,0.366589337587357,0.339387766189045,0.151785605218051,0,0.216890718382771,0,0.180289044184146,0,0,0,0,0,0.139104006811976,0,0,0,0.248620504979044,0,0.171006887600633,0,0,0.130560458713287,0.302604883909225,0,0.332593633068932,0.470524609088898,0.465951724184884,0,0.336677927772204,0,0.687430382748256,0,0.36412207318134,0,0,0,0,0,0.267749590296594,0,0.154417776266734,0,0,0,0,0.230890519462467,0,0.29896827561132,0,0.243160396369536,0,0,0,0,0,0.171484669670463,0.347412884235382,0,0,0.286028019381019,0,0.24733491737174,0,0.261270533159194,0.183730694380673,0.325505967401344,0.136811584234238,0.479397714138031,0.340154059908607,0
0,0,0,0,0,0,0,0,0.24640179425478,0,0.241185093608995,0,0,0,0,0,0.393187825168882,0.406663437684377,0.412857157752869,0,0.26906456053257,0,0.243405770712897,0,0.181568223191425,0,0,0,0,0,0.231700677010748,0,0,0,0.329637564718723,0.120139658246955,0.218326361352967,0.130560458713287,0,0,0.311854290962219,0.323301635682583,0.368981971190526,0,0.412130445241928,0.357650846242905,0.31042737827275,0.662367505353061,0.299753961029076,0,0,0,0,0,0.299406617970178,0,0.355170675449901,0,0,0,0,0,0,0.242418107621878,0,0.327710649088878,0,0.261223468778504,0,0,0,0.332535264915542,0,0.332500828163964,0,0,0,0.255314614022932,0.141610004007816,0.26327324805541,0.13360649595658,0.253027962838405,0.179974515516881,0,0.322990100937786,0,0.416915795632771
0,0,0,0.285966116003692,0,0.228317677974701,0,0,0,0.245310992002487,0,0,0,0,0,0,0.322332534735853,0.322409218568711,0.325536128130044,0,0,0,0,0,0,0,0,0,0,0,0,0,0,0,0,0.328911148732708,0,0.302604883909225,0,0,0.323576098680496,0.291510957836858,0.274172651581466,0.353625778381417,0.276127398014069,0.318100758789904,0.300393255133378,0.246739264991548,0.280140340328217,0.232686684398753,0,0,0,0,0,0.256726016600927,0,0.285740937177952,0,0,0,0,0.317498701764512,0.331909828715854,0,0,0,0,0,0,0.316977987163945,0,0.313545824058594,0.397352576255798,0,0,0.276717993948195,0,0.26951909566939,0.345764564143287,0.295738354248878,0.333824333217409,0.300184219857542,0,0.278929013559557,0.286149700132894,0.270629304647446
0,0,0.288418656587601,0.348315015435219,0.249741554260254,0,0,0,0,0,0,0,0,0,0,0,0.339545097817545,0.330827104110344,0.347986968415039,0,0.202976763248444,0,0,0,0,0,0,0,0,0,0,0,0,0,0,0.379542162021001,0.340125166851541,0,0.311854290962219,0.323576098680496,0,0.291785419501107,0.310172077290819,0.35690338909626,0.335238760435268,0.321066462993622,0.299108441039884,0.273767003646264,0.229265995585082,0,0.255642220377922,0,0,0,0.246013417840004,0,0.27234579526609,0,0.263279919823011,0,0,0,0.344929873943329,0.315687711405152,0,0,0,0,0,0,0,0.304670110344887,0,0.317905155260388,0,0,0.290978997945786,0,0.350416696497372,0.301675293830959,0.339816004037857,0.319665882308952,0.373634609107215,0,0.304869907832386,0.278280407190323,0.279079905616309
0,0.327909705042839,0,0.297983606904745,0,0.262651627262433,0,0,0,0.248941007070243,0,0,0,0,0,0,0.297887545430435,0.305671405062384,0.258797749190738,0,0,0,0,0.177967056632042,0,0,0,0,0,0,0,0,0,0.334291726350784,0,0.335389535374568,0,0.332593633068932,0.323301635682583,0.291510957836858,0.291785419501107,0,0.239374438604227,0.299821698490311,0.228892952203751,0.302930426465012,0.262394281370299,0.364546337097451,0,0.296795760882296,0,0.291766047477722,0,0,0,0.289739353789224,0.2689548432827,0.350692614912987,0,0,0,0,0.329052202946303,0.303432997154153,0.339957013726234,0,0,0,0,0,0.345719484792602,0.270883142948151,0.360318079153956,0.312723487615585,0.284302860498428,0,0.291488709880246,0,0.313581405980984,0.323291500764234,0.356080433051702,0.306802684707301,0.274727029040384,0,0.323179832403832,0.26193641676977,0.22291641140526
0.301529172888334,0,0.300526804601153,0.273242682218552,0.273723726471265,0,0,0,0.215521815684762,0,0,0,0,0,0,0,0.30615716464036,0.312108083153671,0.256334154897339,0,0.257799650231997,0,0,0,0.250075936317444,0,0,0,0,0,0,0,0,0,0,0.351440981030464,0.358059606052214,0.470524609088898,0.368981971190526,0.274172651581466,0.310172077290819,0.239374438604227,0,0.272930294275284,0.22029827459894,0.290532301579203,0.300337838992644,0.437414293177426,0.31036221180801,0.270645126700401,0.288280881263993,0,0,0,0.286681709811091,0,0.312607319131225,0,0.282312005758286,0,0.230611354112625,0,0.298394447565079,0.338928076479863,0,0,0,0.298345446586609,0,0,0.336759656667709,0.346717617013952,0.302178790171941,0.3423128980138,0,0,0.303435305754344,0,0.317556121132591,0.32746213516604,0.305020528535048,0.331928971423595,0.270238749196777,0.241319105029106,0.312113447864115,0.228974172845483,0.262835388950441
0,0,0,0,0,0,0,0,0,0,0,0,0,0,0,0,0.32189745704333,0.330867511885507,0.434983772517991,0,0,0,0,0,0,0,0,0,0,0,0,0,0,0,0,0.46725400586923,0,0.465951724184884,0,0.353625778381417,0.35690338909626,0.299821698490311,0.272930294275284,0,0,0.361650611477337,0.286831960082054,0.400881558656693,0,0.352504141628742,0,0,0,0,0,0,0,0.415468788146973,0,0,0,0,0.402314323186874,0.334917503595352,0,0,0,0,0,0,0.35492409269015,0,0.450886693000793,0,0.395128071308136,0,0.505074222882589,0,0.472955500434354,0.317245048284531,0.52490411400795,0.42741322517395,0.4014298275665,0,0.4598904832076,0.486848056316376,0
0,0,0,0,0,0,0,0,0,0,0,0,0,0,0,0,0.326817601919174,0,0.256651370889611,0,0,0,0,0,0,0,0,0,0,0,0,0,0,0,0,0,0.375186949968338,0,0.412130445241928,0.276127398014069,0.335238760435268,0.228892952203751,0.22029827459894,0,0,0.295502752065659,0.279895648360252,0,0.266619598865509,0,0,0,0,0,0,0,0,0,0,0,0,0,0,0.322984217107296,0,0,0,0,0,0,0,0,0,0.290930539369583,0,0,0,0,0.301129639148712,0.349368396375714,0,0.362334102392197,0.237701465189457,0,0.264521729460982,0,0.252772271633148
0,0,0,0.272578443917963,0,0.214963977987116,0,0,0,0.201284170150757,0,0,0,0,0,0,0.33160905796906,0.334362198447072,0.365504768018244,0,0,0,0,0,0,0,0.350784540176392,0,0,0,0,0,0,0,0,0.354467161858392,0.337072901427746,0.336677927772204,0.357650846242905,0.318100758789904,0.321066462993622,0.302930426465012,0.290532301579203,0.361650611477337,0.295502752065659,0,0.313810041546822,0.315001589556535,0.284484773874283,0.283394720958125,0,0.234804774324099,0,0,0,0.29889227449894,0,0.319199573117144,0,0.254537677392364,0,0.249726989439556,0.283899261853965,0.331066071987152,0,0,0,0,0,0,0.320406292347198,0,0.35813438670774,0.382563441991806,0,0,0.382793092727661,0,0.321232266346084,0.346767955237911,0.367573748593434,0.368186040566518,0.334359727504947,0,0.280643935500174,0.300010975710181,0.32021286090215
0.358126387000084,0,0.276525214314461,0,0.249098566174507,0,0,0,0.233064755797386,0,0,0,0,0,0,0,0.317359027000937,0.31185507774353,0.325720627494196,0,0.268497784932454,0,0,0,0,0,0.31711757183075,0,0,0,0,0,0,0,0,0.328874669969082,0.32021433880357,0,0.31042737827275,0.300393255133378,0.299108441039884,0.262394281370299,0.300337838992644,0.286831960082054,0.279895648360252,0.313810041546822,0,0.260056412220001,0.283546267718565,0.295326977968216,0.241201761823434,0,0,0,0.251349442145404,0,0.291823359880042,0,0.271555195748806,0,0,0,0.317699205130339,0.282736842815257,0,0,0,0,0,0.282974064350128,0,0.328718041831797,0.359840750694275,0.323060262765064,0,0,0.294200450181961,0,0.313571845846517,0.296490821198241,0.37257041533788,0.341208447637253,0.320852214636484,0,0.294373450301042,0.270244905352592,0.286525084575017
0.393879801576788,0,0.2928776293993,0,0.268488520135482,0,0,0,0.376119375228882,0.289447963237762,0,0,0,0,0,0,0,0.307204444300045,0.292015400002984,0,0,0,0.299072861671448,0,0,0,0,0,0,0,0,0.311486310737078,0.369803659906167,0.327544938251729,0.38166921188618,0.498256665405803,0.412026498967142,0.687430382748256,0.662367505353061,0.246739264991548,0.273767003646264,0.364546337097451,0.437414293177426,0.400881558656693,0,0.315001589556535,0.260056412220001,0,0.436186486503333,0.45493432515963,0.282242159048716,0,0,0,0.273405232363277,0.282096087932587,0.28883774826924,0,0.325262457132339,0,0,0,0.27647852897644,0.31621453166008,0,0,0,0.421057134866714,0,0,0.329284956057866,0,0.272146046161652,0.312169801443815,0.340370275421638,0.412912214708607,0.369556868969873,0.360743373702941,0.361671046059681,0.503932395240023,0.467265647231487,0.364364599524019,0.520018087713551,0.357847449454394,0.476585095876581,0.318151086568832,0.331635236740112
0.146669369791785,0,0.2365767987445,0,0.240778581135803,0,0,0,0.137110253752664,0,0,0,0,0,0,0,0.374125401178996,0.315284386277199,0.335101696460143,0,0.252817471822103,0,0.257195608722681,0,0.263443834197364,0,0,0,0,0,0,0,0.231227731704712,0.399327754974365,0.364465892314911,0.269960194826126,0.287198569286953,0,0.299753961029076,0.280140340328217,0.229265995585082,0,0.31036221180801,0,0.266619598865509,0.284484773874283,0.283546267718565,0.436186486503333,0,0.412376288175583,0.270185259116047,0,0,0,0.239959425978608,0.280891299247742,0.305580810999328,0,0.29013117775321,0,0.244978139958074,0,0,0.293717436351866,0,0.326251930646045,0,0.249545900493926,0,0.322852995333283,0,0.34097474984739,0,0.301959630436998,0.265891422828039,0.311336725950241,0.44792577624321,0.465866456429164,0.26677286811173,0.278287108103357,0,0.285934018852276,0.432142097126689,0,0.299268838928557,0,0.260392715036869
0,0.212824781525689,0,0.193437211671654,0,0.301155626773834,0,0,0,0.150665162752072,0,0,0,0,0,0,0.313636869192123,0.31336431701978,0.282124168164021,0,0,0.272177277551349,0,0.25798219527517,0,0,0,0,0,0,0,0,0,0.489852032491139,0,0.325842480659485,0,0.36412207318134,0,0.232686684398753,0,0.296795760882296,0.270645126700401,0.352504141628742,0,0.283394720958125,0.295326977968216,0.45493432515963,0.412376288175583,0,0,0.214160785079002,0,0,0,0.246590782295574,0,0.339717161368559,0,0.344454966084931,0,0.307213888574047,0.354465743068789,0,0.30188786110774,0,0.25602059298796,0,0.31506205538472,0,0.323339051892861,0,0.269537286793298,0,0,0,0.401292121821436,0.471330165863037,0.28477626288031,0.310149153073629,0.340466807407092,0.306638896465302,0.285834033279762,0,0.323045653081637,0.309878261786112,0.244706302881241
0,0,0.21222649906811,0,0.203555807509,0,0.254210412502289,0,0,0,0,0,0,0,0,0,0,0,0,0,0.253891759791544,0,0,0,0,0,0,0,0,0,0,0,0,0,0,0,0.237069378352978,0,0,0,0.255642220377922,0,0.288280881263993,0,0,0,0.241201761823434,0.282242159048716,0.270185259116047,0,0,0,0,0,0.209113165736198,0,0.299046482476923,0,0.182609394192696,0,0.247503189664138,0,0,0.320531123570193,0,0,0,0,0,0,0,0,0,0.325855657458305,0,0,0,0,0,0.265421914876017,0,0,0.202893208373677,0,0.288317888639343,0,0.270373910665512
0,0,0,0.231058858335018,0,0.203403190985672,0,0,0,0.239200726151466,0,0.202561958191487,0,0,0,0.246439742545287,0,0,0,0.219107415527105,0,0,0,0,0,0,0,0,0,0,0,0,0,0,0,0.216197565197945,0,0,0,0,0,0.291766047477722,0,0,0,0.234804774324099,0,0,0,0.214160785079002,0,0,0,0,0,0.257814767956734,0,0.250590299963951,0,0,0,0.264979911446571,0.220668218391282,0,0,0,0,0,0,0,0,0,0,0,0,0,0,0,0.231357548672419,0,0.238140121102333,0,0.186780696113904,0,0.228762940772902,0.317030251026154,0
0,0,0,0,0,0,0.137720071456649,0,0,0,0,0,0,0,0,0,0,0,0,0,0.202426669498285,0,0,0,0,0,0,0,0,0,0,0,0,0,0,0,0,0,0,0,0,0,0,0,0,0,0,0,0,0,0,0,0,0,0,0,0,0,0.215297050774097,0,0,0,0,0,0,0,0,0,0,0,0,0,0,0,0,0,0,0,0,0,0,0,0,0,0,0,0
0,0,0,0,0,0,0,0.175779208540916,0,0,0,0,0,0,0,0,0,0,0,0.210842984418074,0,0,0,0,0,0,0,0,0,0,0,0,0,0,0,0,0,0,0,0,0,0,0,0,0,0,0,0,0,0,0,0,0,0,0,0,0,0,0,0.273824492567464,0,0,0,0,0,0,0,0,0,0,0,0,0,0,0,0,0,0,0,0,0,0,0.157274083657698,0,0,0,0
0.202749150358651,0,0.184232371891367,0,0.205210891366005,0,0,0,0.256852266209769,0,0,0,0,0,0.152314588427544,0,0,0,0.268426403403282,0,0,0,0,0,0.170500016981556,0,0.169615708291531,0,0,0,0,0,0,0,0,0,0.277288518846035,0,0.299406617970178,0,0.246013417840004,0,0.286681709811091,0,0,0,0.251349442145404,0.273405232363277,0.239959425978608,0,0.209113165736198,0,0,0,0,0,0.26111478805542,0,0.179057687520981,0,0.201101710701861,0,0,0.268027603626251,0,0,0,0.248517663744481,0,0.190655825393541,0,0,0,0.318637013435364,0,0,0,0,0,0.263132507602374,0,0.294799078801339,0.238040443870329,0,0.238652465147601,0,0
0,0.202723988331854,0,0.199142246640154,0,0.19489553069266,0,0,0,0.257584926226612,0,0,0,0,0,0.205596218506495,0,0,0,0.224778547883034,0,0,0,0.240034184574541,0,0,0,0,0,0,0,0,0,0,0,0,0,0.267749590296594,0,0.256726016600927,0,0.289739353789224,0,0,0,0.29889227449894,0,0.282096087932587,0.280891299247742,0.246590782295574,0,0.257814767956734,0,0,0,0,0,0,0,0,0,0.229117825230718,0.247459405660629,0,0,0,0.267240867971189,0,0,0,0.328746438026428,0,0,0,0,0,0,0,0.265197758873304,0,0.320226793460872,0,0.220824391167197,0,0.235307833168404,0,0
0,0,0.290027995612107,0,0.236118560922997,0,0,0,0,0,0.17854695813014,0,0.233579435944557,0,0,0,0.350550286471844,0.341488391160965,0.340426884591579,0,0.299196876414206,0,0.394142597913742,0,0,0,0,0,0.229686035215855,0,0.325466096401215,0,0,0,0,0,0.281406244883935,0,0.355170675449901,0,0.27234579526609,0.2689548432827,0.312607319131225,0,0,0,0.291823359880042,0.28883774826924,0.305580810999328,0,0.299046482476923,0,0,0,0.26111478805542,0,0,0,0.307775747700583,0,0.314089210497008,0,0,0.306475887320289,0,0.387637257575989,0,0,0,0.339421702548862,0,0.342981000074479,0,0.370486308353828,0,0,0,0,0.408835649490356,0.296854089622892,0.348090350627899,0.414600578565446,0.192087257355452,0,0.318564177143626,0,0.340735783943763
0,0,0,0.282189254959424,0,0.17941153049469,0,0,0,0,0,0.199387986453908,0,0.159069965092035,0,0,0,0.317799359560013,0.311352419001716,0.241393594071269,0,0,0,0,0,0,0,0.1357960376528,0,0.199935359259446,0,0,0,0,0,0.159985708383222,0,0.154417776266734,0,0.285740937177952,0,0.350692614912987,0,0.415468788146973,0,0.319199573117144,0,0,0,0.339717161368559,0,0.250590299963951,0,0,0,0,0,0,0,0.38140234577187,0,0.393006514935266,0.335775213815239,0,0.356404679162162,0,0.325779318809509,0,0.345308676362038,0,0.44476560493363,0,0.322555322317831,0,0,0,0.34769593924284,0,0.327326133333403,0,0.40212647891739,0,0.191392012654919,0,0.358513299855328,0.402226602658629,0
0,0,0.213629082949073,0,0,0,0,0,0,0,0,0,0.154328293477496,0,0,0,0,0,0.28959533572197,0,0,0,0,0,0,0,0,0,0,0,0,0,0,0,0,0,0.299898283822196,0,0,0,0.263279919823011,0,0.282312005758286,0,0,0,0.271555195748806,0.325262457132339,0.29013117775321,0,0.182609394192696,0,0.215297050774097,0,0.179057687520981,0,0.307775747700583,0,0,0,0.268211276758285,0,0,0.331156269296423,0,0,0,0,0,0.308478220089062,0,0.325924053614916,0,0.252526457111041,0,0,0,0,0,0.291870707189137,0,0.23875680565834,0.232224750518799,0,0.292092409529043,0,0
0,0,0,0,0,0.158806564907233,0,0.154282060265541,0,0,0,0,0,0.208760519615478,0,0.220099562635789,0,0,0,0.260115418169234,0,0,0,0,0,0,0,0,0,0,0,0,0,0,0,0,0,0,0,0,0,0,0,0,0,0.254537677392364,0,0,0,0.344454966084931,0,0,0,0.273824492567464,0,0,0,0.38140234577187,0,0,0,0.25702571826443,0.275990647574266,0,0.31719833612442,0,0.330190459887187,0,0.358150404233199,0,0.409911978161997,0,0,0,0,0,0,0,0.252714027961095,0,0,0,0.133845161189113,0.141413284465671,0.328629645336535,0,0
0.23638381325362,0,0.18543629348278,0,0.200149963299433,0,0,0,0.190821208059788,0,0,0,0.184607447548346,0,0.151745374004046,0,0.238178320229053,0,0.324813947081566,0,0,0,0,0,0,0,0,0,0,0,0,0,0,0,0,0,0,0,0,0,0,0,0.230611354112625,0,0,0,0,0,0.244978139958074,0,0.247503189664138,0,0,0,0.201101710701861,0,0.314089210497008,0,0.268211276758285,0,0,0,0,0,0,0,0,0,0,0.212347057461739,0,0.293918281793594,0,0,0,0,0,0,0,0,0,0,0.175357413291931,0,0.235244886577129,0,0
0,0.241390888889631,0,0.283035486936569,0,0.240798291846596,0,0,0,0.200949439551772,0,0,0,0.194474185506503,0,0.196554664819518,0.233294129371643,0.222032050291697,0.227092392742634,0.25068125128746,0,0,0,0,0,0,0,0,0,0,0,0,0,0,0,0,0,0,0,0,0,0,0,0,0,0.249726989439556,0,0,0,0.307213888574047,0,0.264979911446571,0,0,0,0.229117825230718,0,0.393006514935266,0,0.25702571826443,0,0,0.260493017733097,0,0,0,0.25719129294157,0,0.326559018147619,0,0.365892524228376,0,0,0,0,0,0,0,0.261392816901207,0,0,0,0.202791401743889,0,0.280555661850505,0,0
0,0,0,0.23008592975767,0,0.178559713974232,0,0,0,0.209986224770546,0,0.178906957308451,0,0,0,0,0.342571953932444,0.336798500630163,0.365637912438335,0.231355502587004,0,0,0,0,0,0,0,0,0,0,0,0,0,0,0,0.207210399669107,0,0.230890519462467,0,0.317498701764512,0.344929873943329,0.329052202946303,0.298394447565079,0.402314323186874,0,0.283899261853965,0.317699205130339,0.27647852897644,0,0.354465743068789,0,0.220668218391282,0,0,0,0.247459405660629,0,0.335775213815239,0,0.275990647574266,0,0.260493017733097,0,0.336589962244034,0.359477609395981,0,0,0,0,0,0.403172816730972,0,0.372206111153289,0.364368081092834,0,0,0.402450412511826,0,0.304348379914104,0.363395016301762,0.362507494540254,0.35674649477005,0.322847696788171,0,0.326673112638123,0.303526363693751,0
0,0,0.332238636910915,0,0.283742438256741,0,0,0,0,0,0.189395489037037,0,0,0,0,0,0.328753311078525,0.331246423370698,0.337420319725749,0,0.21091729272194,0,0,0,0,0,0.354054391384125,0,0,0,0,0,0,0,0,0.327935069799423,0.226751038797568,0,0.242418107621878,0.331909828715854,0.315687711405152,0.303432997154153,0.338928076479863,0.334917503595352,0.322984217107296,0.331066071987152,0.282736842815257,0.31621453166008,0.293717436351866,0,0.320531123570193,0,0,0,0.268027603626251,0,0.306475887320289,0,0.331156269296423,0,0,0,0.336589962244034,0,0,0,0,0,0,0,0,0.350951694779926,0,0.340293743751679,0,0,0.3050736784935,0,0.352304502079884,0.294875652920105,0.379495020423617,0.308377489447594,0.302318340725789,0,0.327133678472237,0.310192177693049,0.300691837072372
0,0,0,0,0,0,0,0,0,0,0,0,0,0,0,0,0,0.148831055883099,0,0,0,0.219491151041962,0,0.165580979585648,0,0.161357298493385,0,0,0,0,0,0,0,0,0,0,0,0.29896827561132,0,0,0,0.339957013726234,0,0,0,0,0,0,0,0.30188786110774,0,0,0,0,0,0,0,0.356404679162162,0,0.31719833612442,0,0,0.359477609395981,0,0,0,0.186912182928391,0,0.293680452180575,0,0.30223925709406,0,0,0,0,0,0,0,0.34313115477562,0,0.27604170523935,0,0.14701400129568,0,0.348893770400216,0,0
0,0,0,0,0,0,0,0,0,0,0,0,0,0,0,0,0.124287986507018,0,0,0,0,0,0.238596162524241,0,0.21179143034599,0,0.171854063868523,0,0,0,0,0,0,0,0,0,0,0,0.327710649088878,0,0,0,0,0,0,0,0,0,0.326251930646045,0,0,0,0,0,0,0,0.387637257575989,0,0,0,0,0,0,0,0,0,0,0.303378359124225,0,0.320388851811488,0,0.352677291199451,0,0.367376127663781,0,0,0,0,0,0,0,0.290884268667359,0.147761450149119,0,0.336386698484421,0,0
0,0.278207532669369,0,0,0,0,0,0,0,0.265921602762023,0,0,0,0,0,0,0,0,0,0,0,0,0,0.178113253883296,0,0.173273651263653,0,0,0,0,0,0,0,0,0,0,0,0.243160396369536,0,0,0,0,0,0,0,0,0,0,0,0.25602059298796,0,0,0,0,0,0.267240867971189,0,0.325779318809509,0,0.330190459887187,0,0.25719129294157,0,0,0.186912182928391,0,0,0,0.263362669591683,0,0.367626700372923,0,0,0,0,0,0,0,0,0,0.275709778344262,0,0.217878390103579,0,0.261048471316313,0,0
0,0,0,0,0,0,0,0,0.199195695420106,0,0,0,0,0,0,0,0.18681322534879,0.200809642672539,0,0,0,0,0.298697993159294,0,0.194160280263526,0,0.15895664691925,0,0,0,0,0,0,0,0,0,0,0,0.261223468778504,0,0,0,0.298345446586609,0,0,0,0,0.421057134866714,0.249545900493926,0,0,0,0,0,0.248517663744481,0,0,0,0,0,0,0,0,0,0,0.303378359124225,0,0,0,0.204465373737647,0,0.337784226983786,0,0,0,0,0,0,0,0,0,0.263655845989596,0.181197342894426,0,0.298468005478005,0,0
0,0,0,0,0,0,0,0,0,0,0,0,0,0,0,0,0.181831183036168,0.161974249966883,0.273536371998489,0,0,0,0,0.206213218914835,0,0.174093162883883,0,0.183792541424433,0,0,0,0,0,0,0,0,0,0,0,0,0,0,0,0,0,0,0,0,0,0.31506205538472,0,0,0,0,0,0,0,0.345308676362038,0,0.358150404233199,0,0.326559018147619,0,0,0.293680452180575,0,0.263362669591683,0,0,0,0.394514601766589,0,0,0,0,0,0,0,0,0,0.36672231554985,0,0.182141688627166,0,0.367394303282102,0,0
0,0,0,0,0,0,0,0,0.189280691246192,0,0,0,0.15357788448984,0,0.156858123838902,0,0.155531855078032,0.234072431441276,0.298848999494856,0,0,0,0.213122543982334,0,0.161938670129815,0,0.196375593783394,0,0.164153681309135,0,0,0,0,0,0,0,0,0,0,0,0,0,0,0,0,0,0.282974064350128,0,0.322852995333283,0,0,0,0,0,0.190655825393541,0,0.339421702548862,0,0.308478220089062,0,0.212347057461739,0,0,0,0,0.320388851811488,0,0.204465373737647,0,0,0,0.318360902883156,0,0,0,0,0,0,0.261817008256912,0.364547669887543,0,0.340282251437505,0.19218002890165,0,0.190154870972037,0,0
0,0,0,0.336694970726967,0,0,0,0,0,0.29153448343277,0,0.134755938460952,0,0,0,0,0,0.249963407005583,0.334363281726837,0,0,0.262012585997581,0,0,0,0.191755564883351,0,0.193329781411201,0,0.118223302066326,0,0,0,0,0,0.319551274180412,0,0,0,0.316977987163945,0,0.345719484792602,0.336759656667709,0.35492409269015,0,0.320406292347198,0,0.329284956057866,0,0.323339051892861,0,0,0,0,0,0.328746438026428,0,0.44476560493363,0,0.409911978161997,0,0.365892524228376,0.403172816730972,0,0.30223925709406,0,0.367626700372923,0,0.394514601766589,0,0,0,0.335580544049602,0,0,0,0,0,0.326779202603903,0,0.309083774851365,0,0.306133957796319,0,0.385836752162058,0.329888618654675,0.284241676330566
0,0,0.332772642374039,0,0,0,0,0,0,0,0,0,0,0,0,0,0.35306541621685,0,0.356327200929324,0,0,0,0.341227969527245,0,0,0,0.199929134760584,0,0.190004820559053,0,0,0,0,0,0,0,0,0,0.332535264915542,0,0.304670110344887,0.270883142948151,0.346717617013952,0,0,0,0.328718041831797,0,0.34097474984739,0,0,0,0,0,0,0,0.342981000074479,0,0.325924053614916,0,0.293918281793594,0,0,0.350951694779926,0,0.352677291199451,0,0.337784226983786,0,0.318360902883156,0,0,0,0.38071872796067,0,0,0,0,0.361789524555206,0.323786482214928,0,0.329263152034769,0.34917163848877,0,0.375893428348578,0,0.370050068944693
0,0,0,0.340460062026978,0,0.281743869185448,0,0,0,0,0,0.257105365138629,0,0,0,0,0.331740260124207,0.361197389662266,0.355722737312317,0.249125838279724,0,0,0,0,0,0,0,0.237316189983556,0,0.180514737963676,0,0,0,0,0,0.363180885712306,0,0.171484669670463,0,0.313545824058594,0,0.360318079153956,0.302178790171941,0.450886693000793,0,0.35813438670774,0.359840750694275,0.272146046161652,0,0.269537286793298,0,0,0,0,0,0,0,0.322555322317831,0,0,0,0,0.372206111153289,0,0,0,0,0,0,0,0.335580544049602,0,0,0,0,0,0,0,0.344271482626597,0.357100933790207,0.376518218119939,0,0.332082728820818,0,0.385129497234338,0.395905891551247,0
