0,0,0.286719097622803,0,0,0,0,0,0.157112155801484,0,0,0,0,0,0,0,0.284667581319809,0,0.35166129367426,0,0,0,0,0,0,0,0,0,0,0,0,0,0,0,0,0,0,0,0,0,0,0,0.383581256530932,0,0.380255371332169,0,0.31194675527513,0,0.290553302425134,0,0,0,0,0,0.138189242117935,0,0.361014106869698,0,0,0,0.172530108514954,0,0,0.441394221782684,0,0,0,0,0,0,0,0,0,0.422625809907913,0,0,0,0,0,0.443314101014818,0,0,0.256895875959305,0,0.356228417110095,0,0.435304276206914
0,0,0,0,0,0,0,0,0,0.179340854655988,0,0,0,0,0,0.177015170454979,0,0,0,0,0,0,0,0.417410463094711,0,0,0,0,0,0,0,0,0,0,0,0,0,0,0,0,0,0.343656282637406,0,0,0,0,0,0,0,0.210616153945406,0,0,0,0,0,0.163830393172325,0,0.323812037706375,0,0,0,0.196542632353457,0,0,0,0,0,0,0,0,0,0,0.322983890771866,0,0,0,0,0,0,0,0,0,0.198822301167708,0.303941090901693,0.263405543707666,0.297352339092054,0
0.286719097622803,0,0,0,0.149696546110594,0,0,0,0.269041338935494,0,0,0,0,0,0,0,0.278680682182312,0,0.271107822656631,0,0,0,0,0,0,0,0,0,0,0,0,0,0,0,0,0,0.232390426631485,0,0,0,0.22217820584774,0,0.281076650884587,0,0,0,0.244950320039477,0,0.200960330665112,0,0.209358312584916,0,0,0,0.196233168244362,0,0.302359270361754,0,0,0,0.203508298844099,0,0,0.298563651063225,0,0,0,0,0,0,0,0,0,0.319628616174062,0,0,0,0,0,0.249682315213736,0,0,0.237322765429622,0,0.281216877533596,0,0.280693822261375
0,0,0,0,0,0.192714341625918,0,0,0,0.227642554360601,0,0,0,0,0,0,0,0,0.320397563278675,0,0,0,0,0,0,0,0,0,0,0,0,0,0,0,0,0.214388299514266,0,0,0,0.281469494104385,0,0.308347141579963,0,0,0,0.240826528323324,0,0,0,0.246039229535287,0,0.244619489270239,0,0,0,0.234255037055566,0,0.337146793245053,0,0.256982445716858,0,0.237890964120994,0.336120057106018,0,0,0,0,0,0,0,0.355189258052457,0,0.349165023606399,0,0,0,0,0,0.260447296647378,0,0.312684386968613,0,0.22407192150329,0.334151834249496,0.320439700461641,0.293413656015022,0
0,0,0.149696546110594,0,0,0,0,0,0.228457748316802,0,0,0,0,0,0,0,0,0,0,0,0.19897463766561,0,0,0,0,0,0,0,0,0,0,0,0,0,0,0,0.1886802688241,0,0,0,0.204559981822968,0,0,0,0,0,0,0,0,0,0.210368571810056,0,0,0,0,0,0.257644350330035,0,0,0,0,0,0,0.226197459868022,0,0,0,0,0,0,0,0,0,0,0,0,0,0,0,0.211304128170013,0,0,0.217232713732921,0.21886357665062,0.206102778514226,0,0
0,0,0,0.192714341625918,0,0,0,0.172280500332514,0,0.234210558590435,0,0,0,0,0,0.23877585089455,0,0,0,0.180451095104218,0,0,0,0,0,0,0,0,0,0,0,0,0,0,0,0.183444282412529,0,0,0,0,0,0,0,0,0,0,0,0,0,0,0,0.22890195569238,0,0.206169547005133,0,0,0,0.241243368540055,0,0.267980337777036,0,0.252757125479334,0,0,0,0,0,0,0,0,0,0,0,0,0,0,0,0,0,0,0,0,0.206994141359906,0.205762231988566,0.201871945307805,0,0
0,0,0,0,0,0,0,0,0,0,0,0,0,0,0,0,0,0,0,0,0.18602608765165,0,0,0,0,0,0,0,0,0,0,0,0,0,0,0,0,0,0,0,0,0,0,0,0,0,0,0,0,0,0.194476128138345,0,0.216130258159691,0,0,0,0,0,0.208794434865316,0,0,0,0,0.208256378769875,0,0,0,0,0,0,0,0,0,0,0,0,0,0,0,0,0,0,0.163076168327939,0.176311469503811,0,0,0
0,0,0,0,0,0.172280500332514,0,0,0,0,0,0.208870173352105,0,0.183917587623,0,0,0,0,0,0.188023577133814,0,0,0,0,0,0,0,0,0,0,0,0,0,0,0,0,0,0,0,0,0,0,0,0,0,0,0,0,0,0,0,0.215452096546474,0,0.198791546126207,0,0,0,0.238456650165381,0,0.236722787798837,0,0,0,0,0,0,0,0,0,0,0,0,0,0,0,0,0,0,0,0,0,0,0.184866484254599,0.152308620512486,0,0,0
0.157112155801484,0,0.269041338935494,0,0.228457748316802,0,0,0,0,0,0,0,0,0,0.277480110416919,0,0.160756891220808,0.124534256756306,0,0,0,0,0,0,0.226084167758624,0,0,0,0,0,0,0,0,0,0,0,0,0,0.18939868962928,0,0,0,0.22256865316341,0,0,0,0.324272096157074,0,0.211225724220276,0,0.226707166916615,0,0,0,0.258172591001525,0,0,0,0,0,0.249936291184582,0,0,0,0,0,0,0.233397203683853,0,0,0,0,0,0,0,0,0,0,0,0,0,0.223103947481331,0.217299521387276,0.226153015673161,0.205863444349874,0,0.240803834050894
0,0.179340854655988,0,0.227642554360601,0,0.234210558590435,0,0,0,0,0,0,0,0,0,0.228872299574468,0,0,0.29082778096199,0,0,0,0,0.199758094173294,0,0,0,0,0,0,0,0,0,0.269324025511742,0,0,0,0.214299588505902,0,0,0,0.244278910287311,0,0.289848297834396,0,0,0,0,0,0.254256591200829,0,0,0,0,0,0.291750705946923,0,0,0,0,0,0.232196820470003,0,0,0,0,0.27568236777657,0,0,0,0,0,0,0,0,0,0.26278361580942,0,0.362353533506393,0,0.24651887267828,0,0.196150418654352,0.244039639058121,0.221361851807506,0.210209896167119,0
0,0,0,0,0,0,0,0,0,0,0,0,0.140887469730594,0,0,0,0,0,0,0,0.147109766604333,0,0,0,0,0,0,0,0.170192539691925,0,0.215374206710193,0,0,0,0,0,0.182901993001762,0,0.14974380968607,0,0,0,0,0,0,0,0,0,0,0,0,0,0,0,0,0,0.213448302661857,0,0.172477727350981,0,0,0,0,0.180925597747167,0,0,0,0,0,0,0,0,0,0.184681424498558,0,0,0,0,0,0.190030361215274,0,0,0.164554528395335,0,0,0,0
0,0,0,0,0,0,0,0.208870173352105,0,0,0,0,0,0.143250121672948,0,0,0,0,0,0.149155137630609,0,0,0,0,0,0,0,0,0,0,0,0,0,0,0,0.146192193031311,0,0.168108336471613,0,0,0,0,0,0,0,0,0,0,0,0,0,0.262570478022099,0,0.207496955990791,0,0,0,0.206495400006722,0,0.169872602217653,0,0,0.196252843365073,0,0,0,0,0,0,0,0,0,0.232133435403428,0,0,0,0,0,0.202756956219673,0,0,0,0.166506748254362,0,0.152556422964803,0,0
0,0,0,0,0,0,0,0,0,0,0.140887469730594,0,0,0,0,0,0,0,0,0,0,0,0,0,0,0,0,0,0,0,0,0,0,0,0,0,0,0,0,0,0,0,0,0,0,0,0,0,0,0,0,0,0,0,0,0,0,0,0.18531800027598,0,0,0,0,0,0,0,0,0,0,0,0,0,0,0,0,0,0,0,0,0,0,0,0.169445733048699,0.154392265356504,0,0,0
0,0,0,0,0,0,0,0.183917587623,0,0,0,0.143250121672948,0,0,0,0.13885296971509,0,0,0,0,0,0,0,0,0,0,0,0.177488143245379,0,0,0,0,0,0,0,0,0,0,0,0,0,0,0,0,0,0,0,0,0,0,0,0,0,0.190993387252092,0,0,0,0,0,0.172918315248928,0,0.133954994380474,0,0,0,0,0,0,0,0,0.166077529191971,0,0,0,0,0,0,0,0,0,0,0,0.164952472118395,0.189847665649016,0,0,0
0,0,0,0,0,0,0,0,0.277480110416919,0,0,0,0,0,0,0,0,0,0,0,0,0,0,0,0,0,0,0,0,0,0,0,0,0,0,0,0,0,0,0,0,0,0,0,0,0,0,0,0,0,0,0,0,0,0.267193499832384,0,0,0,0,0,0.231550907998374,0,0,0,0,0,0,0,0,0,0,0,0,0,0,0,0,0,0,0,0,0,0.196845136582851,0,0,0,0
0,0.177015170454979,0,0,0,0.23877585089455,0,0,0,0.228872299574468,0,0,0,0.13885296971509,0,0,0.125892101973295,0.134523908474616,0,0,0,0,0,0,0,0,0,0,0,0,0,0,0,0,0,0,0,0,0,0,0,0.302727212508519,0,0,0,0,0,0,0,0,0,0.23902240768075,0,0,0,0.279901265622913,0,0,0,0.139301743644934,0,0.182032844424248,0,0,0,0,0,0,0,0,0,0,0,0,0,0,0,0,0,0,0,0,0.180794703247754,0.179734707474709,0.295779526233673,0.252044200897217,0
0.284667581319809,0,0.278680682182312,0,0,0,0,0,0.160756891220808,0,0,0,0,0,0,0.125892101973295,0,0.160752580509638,0.302165672311158,0,0,0.129412974321073,0,0,0,0.13278570656593,0.130556583404541,0,0,0,0,0,0,0,0,0,0,0,0,0.299958151578903,0.319330424070358,0.291078075073486,0.276433837786317,0.304512694478035,0.273585593644178,0.303618621043485,0.302904119702069,0,0,0,0,0,0,0,0.143906876444817,0,0,0,0,0,0,0,0,0.314668496449788,0,0,0,0,0,0,0,0,0.335819214582443,0,0,0,0,0,0.355426198727376,0.322828984041826,0,0,0.239919666396388,0,0.340112484084394,0.271103976666927,0.279414745047688
0,0,0,0,0,0,0,0,0.124534256756306,0,0,0,0,0,0,0.134523908474616,0.160752580509638,0,0.294863198948,0,0,0.131179588181632,0,0,0,0.14152083111306,0,0.159096441542109,0,0,0,0,0,0,0,0,0,0,0,0.296449340761654,0.300639361143112,0.273696329293913,0.240658386690276,0.271841454009215,0.241835820488632,0.290011708869746,0.277755714309068,0,0,0,0,0,0,0,0,0,0,0.367235571146011,0,0,0,0,0.344666361808777,0.271553297837575,0,0,0,0,0.165989935398102,0,0,0,0.355375991626219,0,0,0,0,0,0.332864470779896,0.316652711819519,0,0,0.233678020597985,0.146841325507628,0.317716006217455,0.265969386832281,0.23399194329977
0.35166129367426,0,0.271107822656631,0.320397563278675,0,0,0,0,0,0.29082778096199,0,0,0,0,0,0,0.302165672311158,0.294863198948,0,0,0,0,0,0,0,0,0,0,0,0,0,0,0,0,0,0.3619508261864,0,0,0,0.325291254822668,0.334205630071023,0.282492015450454,0.254415225059945,0.253869082923833,0.240919002111017,0.312875386562964,0.316487827311175,0,0.260665610432625,0.333778530359268,0,0,0,0,0,0.314388364553452,0.360966339707375,0.371277544153742,0,0,0,0,0.372072597344716,0.342962204582161,0,0,0,0,0,0,0,0,0.367690109421687,0.395448140799999,0,0,0,0,0.394256273088819,0.378817813848942,0.44858877147947,0,0.270134483980117,0,0.375882271802776,0.258711021246065,0.255305210367227
0,0,0,0,0,0.180451095104218,0,0.188023577133814,0,0,0,0.149155137630609,0,0,0,0,0,0,0,0,0,0,0,0,0,0,0,0,0,0,0,0,0,0,0,0.139093979586923,0,0.137743706349283,0,0,0,0,0,0,0,0.273625787347555,0,0,0,0,0,0,0,0,0,0,0,0.194464422762394,0,0,0,0,0.184929017042905,0,0,0,0,0,0,0,0,0,0,0,0,0,0,0,0.211853858889993,0,0.26700097322464,0,0.174238504043647,0,0.169243798901637,0,0
0,0,0,0,0.19897463766561,0,0.18602608765165,0,0,0,0.147109766604333,0,0,0,0,0,0,0,0,0,0,0,0,0,0,0,0,0,0,0,0,0,0,0,0,0,0.195884204011245,0,0.113553805069791,0,0,0,0,0,0,0,0.298427452643712,0,0,0,0,0,0,0,0,0,0.164728467397898,0,0,0,0,0,0,0.214805609575491,0,0,0,0,0,0,0,0,0,0,0,0,0,0,0,0.224832452399638,0,0,0.193709389988784,0,0.235235992556291,0,0
0,0,0,0,0,0,0,0,0,0,0,0,0,0,0,0,0.129412974321073,0.131179588181632,0,0,0,0,0.133327533715758,0.250523119144244,0,0.190685728099197,0,0.156007910527072,0,0,0,0,0,0.409497014152894,0,0,0,0.338282624406811,0.127282006236223,0,0,0,0,0,0,0,0,0.395992487668991,0,0.310227651939248,0,0,0,0,0,0,0,0.363104343414307,0,0,0,0,0,0,0.258313591759439,0.165607807040215,0.245754289485159,0,0.26800173599469,0,0.317264316457041,0,0,0,0,0,0,0,0,0,0.340455398190215,0.114915233637605,0.139558038077034,0.138196921484037,0,0,0
0,0,0,0,0,0,0,0,0,0,0,0,0,0,0,0,0,0,0,0,0,0.133327533715758,0,0,0.286683657350614,0,0.258909396503283,0,0.181372391370436,0,0,0,0,0,0,0,0,0,0.303819739360609,0,0,0,0,0,0,0,0,0,0.340079202930978,0,0,0,0,0,0,0,0,0,0,0,0,0,0,0,0,0.248503850682304,0,0.256487046678861,0,0.291236800675053,0,0.313947396477063,0,0.322898099819819,0,0,0,0,0,0,0,0.272798156633019,0.138417652994394,0.102739479392767,0,0,0
0,0.417410463094711,0,0,0,0,0,0,0,0.199758094173294,0,0,0,0,0,0,0,0,0,0,0,0.250523119144244,0,0,0,0,0,0,0,0,0,0,0,0.318208122253418,0,0,0,0.212369616872941,0,0,0,0.186571066578229,0,0,0,0,0,0.322375398257683,0,0.272921830415726,0,0,0,0,0,0.234737469579863,0,0,0,0,0,0,0,0,0.255043357570122,0,0.244398718471626,0,0,0,0,0,0,0,0,0,0.26867773142499,0,0,0,0.254267543167263,0,0.181847422527006,0,0.241568654579552,0,0
0,0,0,0,0,0,0,0,0.226084167758624,0,0,0,0,0,0,0,0,0,0,0,0,0,0.286683657350614,0,0,0,0.185588829657611,0,0,0,0,0,0,0,0,0,0,0,0.227310338032407,0,0,0,0.163767213622729,0,0,0,0,0.363621389043742,0,0,0,0,0,0,0.232735043730722,0,0,0,0,0,0.210316270589828,0,0,0,0,0.332846386533863,0,0.246110015715178,0,0.224835093712718,0,0,0,0,0,0,0,0,0,0,0,0.272177044510841,0.340188906064483,0,0.260273556296642,0,0
0,0,0,0,0,0,0,0,0,0,0,0,0,0,0,0,0.13278570656593,0.14152083111306,0,0,0,0.190685728099197,0,0,0,0,0,0,0,0,0,0,0,0,0,0,0,0,0,0,0,0,0,0,0,0,0,0,0,0,0,0,0,0,0,0,0,0,0,0,0,0,0,0,0.232554577291012,0,0,0,0.227562728151679,0,0,0,0,0,0,0,0,0,0,0,0,0,0.146556502351394,0,0,0,0
0,0,0,0,0,0,0,0,0,0,0,0,0,0,0,0,0.130556583404541,0,0,0,0,0,0.258909396503283,0,0.185588829657611,0,0,0,0,0,0,0,0,0,0,0,0,0,0,0,0,0,0,0,0,0,0,0,0,0,0,0,0,0,0,0,0,0,0,0,0,0,0,0,0,0,0,0,0,0.23161074615739,0,0,0,0,0,0,0,0,0,0,0,0,0,0,0,0,0
0,0,0,0,0,0,0,0,0,0,0,0,0,0.177488143245379,0,0,0,0.159096441542109,0,0,0,0.156007910527072,0,0,0,0,0,0,0,0.161363265942782,0,0,0,0,0,0,0,0.179189922554152,0,0,0,0,0,0,0,0,0,0,0,0,0,0,0,0,0,0,0,0,0,0.178142976015806,0,0,0,0,0.164149965995397,0,0,0,0,0,0.179188011863402,0,0.210190425891625,0,0,0,0,0,0,0,0.242543116211891,0,0.172973638400435,0,0,0,0
0,0,0,0,0,0,0,0,0,0,0.170192539691925,0,0,0,0,0,0,0,0,0,0,0,0.181372391370436,0,0,0,0,0,0,0,0.168982421665379,0,0,0,0,0,0,0,0.282013440132141,0,0,0,0,0,0,0,0,0,0.328003615140915,0,0,0,0,0,0,0,0,0,0,0,0,0,0,0,0,0.171084597706795,0,0,0,0,0,0.179759807539759,0,0,0,0,0,0,0,0,0,0.321357488632202,0.176918577704881,0.176447078585625,0,0,0
0,0,0,0,0,0,0,0,0,0,0,0,0,0,0,0,0,0,0,0,0,0,0,0,0,0,0,0.161363265942782,0,0,0,0,0,0,0,0,0,0.181633247579298,0,0,0,0,0,0,0,0,0,0,0,0,0,0,0,0,0,0,0,0.169795647263527,0,0,0,0,0,0,0,0,0,0,0,0,0.164962095657581,0,0.212118250064661,0,0,0,0,0,0,0,0.237256273627281,0,0.13734695315361,0,0,0,0
0,0,0,0,0,0,0,0,0,0,0.215374206710193,0,0,0,0,0,0,0,0,0,0,0,0,0,0,0,0,0,0.168982421665379,0,0,0,0,0,0,0,0,0,0.190286734181902,0,0,0,0,0,0,0,0,0,0,0,0,0,0,0,0,0,0.251038581877947,0,0,0,0,0,0,0,0,0,0,0,0,0,0,0.168119795620441,0,0.237606120997755,0,0,0,0,0,0,0,0.224140905796137,0.17053206883944,0,0,0,0
0,0,0,0,0,0,0,0,0,0,0,0,0,0,0,0,0,0,0,0,0,0,0,0,0,0,0,0,0,0,0,0,0.208500391750965,0.316048900906232,0,0.179271823300256,0.366242638748625,0,0,0,0,0,0,0,0,0,0,0.292904995366596,0,0,0,0,0,0,0,0,0,0,0,0,0,0,0,0,0,0,0,0,0,0,0,0,0,0,0.225143896995572,0.166973682465377,0.297590909752904,0,0.331397752222912,0,0,0,0.19101601372994,0,0,0,0
0,0,0,0,0,0,0,0,0,0,0,0,0,0,0,0,0,0,0,0,0,0,0,0,0,0,0,0,0,0,0,0.208500391750965,0,0,0,0.336241508523623,0.17526314710885,0,0,0,0,0,0,0,0,0,0,0.321232952833386,0.40429025888443,0,0,0,0,0,0,0,0,0,0,0,0,0,0,0,0,0,0,0,0,0,0,0,0,0,0.173108774039781,0.286032379830162,0,0.177108183503151,0.236714517848092,0.305156782865524,0,0,0.211807580286516,0,0,0,0
0,0,0,0,0,0,0,0,0,0.269324025511742,0,0,0,0,0,0,0,0,0,0,0,0.409497014152894,0,0.318208122253418,0,0,0,0,0,0,0,0.316048900906232,0,0,0.182808296411837,0.18166481551961,0,0.376613738479224,0,0,0,0,0,0,0,0,0,0.440947346039788,0,0.437754859313315,0,0,0,0,0,0.274192649011429,0,0.402203838030497,0,0,0,0,0,0,0.426988103560039,0,0.349550340477734,0,0.37588786482811,0,0.410178955112185,0,0.422455817461014,0,0.321027275042898,0.172342162306716,0.286062923415451,0.172774089161063,0.24615769853463,0,0.410253562017622,0.293078377842903,0.406756803001228,0.284174710512161,0,0,0
0,0,0,0,0,0,0,0,0,0,0,0,0,0,0,0,0,0,0,0,0,0,0,0,0,0,0,0,0,0,0,0,0,0.182808296411837,0,0,0.172889202833176,0.151342305872175,0.151258956108774,0,0,0,0,0,0,0,0,0.237482436649177,0,0,0,0,0,0,0,0,0,0,0,0,0,0,0,0,0,0,0,0,0,0,0,0,0,0,0,0,0.181603969498114,0.282122685559884,0,0.187189713120461,0.134101888121561,0.322053043753506,0.225669659674168,0,0,0,0
0,0,0,0.214388299514266,0,0.183444282412529,0,0,0,0,0,0.146192193031311,0,0,0,0,0,0,0.3619508261864,0.139093979586923,0,0,0,0,0,0,0,0,0,0,0,0.179271823300256,0.336241508523623,0.18166481551961,0,0,0.246007695924247,0.18257057643924,0.141110478499071,0,0,0.318358939141035,0,0.362829744815826,0,0.285454891255644,0,0.564701898230447,0,0,0,0,0,0.176420057813327,0,0,0,0.19216303265578,0,0,0,0,0.196558734522806,0,0,0,0,0,0,0,0,0,0,0,0.1523768069113,0.126424804329872,0.185883794695723,0,0.234415774877742,0.235638317408835,0.24424159937408,0,0.18986445965417,0.188590466976166,0.239828003924104,0,0
0,0,0.232390426631485,0,0.1886802688241,0,0,0,0,0,0.182901993001762,0,0,0,0,0,0,0,0,0,0.195884204011245,0,0,0,0,0,0,0,0,0,0,0.366242638748625,0.17526314710885,0,0.172889202833176,0.246007695924247,0,0,0.170407227562714,0,0,0,0.294671326875687,0,0,0,0,0.507071727287398,0,0,0,0,0,0,0,0,0.177686336320552,0,0,0,0,0,0,0.197144531155992,0,0,0,0,0,0,0,0,0,0,0.187787740461288,0.194771252230767,0,0.175992324948311,0.266488870109121,0.225856399337474,0,0.158857509139363,0.18156410339086,0.158755909651518,0.2496133703361,0,0.290433615446091
0,0,0,0,0,0,0,0,0,0.214299588505902,0,0.168108336471613,0,0,0,0,0,0,0,0.137743706349283,0,0.338282624406811,0,0.212369616872941,0,0,0,0.179189922554152,0,0.181633247579298,0,0,0,0.376613738479224,0.151342305872175,0.18257057643924,0,0,0.155317611111378,0,0,0.322087407112122,0,0,0,0,0,0.592536749211758,0.671719789505005,0.399168133673047,0,0,0,0,0,0.237536834696164,0,0.160294468854075,0,0,0,0,0.140999311581254,0,0.365775570677694,0,0.260009492192455,0,0.364245722691218,0,0.338676055700615,0,0.223385096128498,0,0,0,0.220445897872165,0.165304888039827,0.227679421600929,0,0.256649280790024,0.172747527750639,0.309285061055884,0.31466994541032,0.268478773058729,0,0
0,0,0,0,0,0,0,0,0.18939868962928,0,0.14974380968607,0,0,0,0,0,0,0,0,0,0.113553805069791,0.127282006236223,0.303819739360609,0,0.227310338032407,0,0,0,0.282013440132141,0,0.190286734181902,0,0,0,0.151258956108774,0.141110478499071,0.170407227562714,0.155317611111378,0,0,0,0,0.200366035103798,0,0,0,0,0.709457723757154,0.415861105608354,0,0,0,0,0,0.238138012810799,0,0.140374419017596,0,0,0,0,0,0,0.165224197235974,0,0.346504536089073,0,0.292030650987479,0,0,0,0.311270577192923,0,0.181185645587517,0,0,0,0.163470842517339,0,0.204051342983228,0.158083674808343,0.257201451960818,0.261706476065098,0.183079823851585,0.348654441535473,0,0
0,0,0,0.281469494104385,0,0,0,0,0,0,0,0,0,0,0,0,0.299958151578903,0.296449340761654,0.325291254822668,0,0,0,0,0,0,0,0,0,0,0,0,0,0,0,0,0,0,0,0,0,0.232313320040703,0.30958668794321,0.284189419820905,0.329657159022146,0.244999527931213,0.285915143196874,0.320316872000694,0.362610485566699,0.288102656602859,0.331675882888051,0,0,0,0,0,0,0,0.332347396923148,0,0,0,0,0.247165459123525,0,0,0,0,0,0,0,0,0,0.329139582135461,0,0,0,0,0,0.294226191089123,0.385091033848849,0.346493750810623,0,0.312599757060348,0.316705405712128,0.312054119676141,0.362550905871171,0.30190509557724
0,0,0.22217820584774,0,0.204559981822968,0,0,0,0,0,0,0,0,0,0,0,0.319330424070358,0.300639361143112,0.334205630071023,0,0,0,0,0,0,0,0,0,0,0,0,0,0,0,0,0,0,0,0,0.232313320040703,0,0.296613126993179,0.272703035208792,0,0.320994823209701,0.250891747574012,0.272162544357132,0.452243322506547,0.353253112129719,0.350313563081549,0,0,0,0,0,0,0,0,0,0,0,0,0,0.225440827508767,0,0,0,0,0,0,0,0,0,0,0,0,0,0,0,0.314410779369337,0,0,0.305580510033502,0,0.251453153241855,0,0
0,0.343656282637406,0,0.308347141579963,0,0,0,0,0,0.244278910287311,0,0,0,0,0,0.302727212508519,0.291078075073486,0.273696329293913,0.282492015450454,0,0,0,0,0.186571066578229,0,0,0,0,0,0,0,0,0,0,0,0.318358939141035,0,0.322087407112122,0,0.30958668794321,0.296613126993179,0,0.211322276168559,0.295199531502494,0.2829136043787,0.333887504448605,0.332868830153817,0.41663337469101,0.416343405842781,0.354187904726469,0,0.264801335334778,0,0,0,0.230847707911992,0,0.35976065490828,0,0,0,0.300019055604935,0.316244421368938,0,0,0,0.32281506061554,0,0,0,0.383101048992901,0,0.338960206780419,0,0,0,0,0,0.340150608335223,0.338487168153127,0.391861299673716,0,0.325180091818742,0.308227623024812,0.318604048585182,0.291838069875089,0.287818908691406
0.383581256530932,0,0.281076650884587,0,0,0,0,0,0.22256865316341,0,0,0,0,0,0,0,0.276433837786317,0.240658386690276,0.254415225059945,0,0,0,0,0,0.163767213622729,0,0,0,0,0,0,0,0,0,0,0,0.294671326875687,0,0.200366035103798,0.284189419820905,0.272703035208792,0.211322276168559,0,0.26734670996666,0.249717173328647,0.296554774045944,0.3182765045017,0.577651537220243,0.378697597949687,0.405658861994743,0,0,0,0,0.178755013988568,0,0.383579000121071,0,0,0,0.315641273744404,0,0,0.27812614540259,0,0,0,0.156472739246156,0,0,0,0,0,0.43869711458683,0,0,0,0,0.348712076743444,0.320536344515524,0,0,0.352038335166398,0.340059319475912,0.330475876477745,0.253985822200775,0.25408618572333
0,0,0,0,0,0,0,0,0,0.289848297834396,0,0,0,0,0,0,0.304512694478035,0.271841454009215,0.253869082923833,0,0,0,0,0,0,0,0,0,0,0,0,0,0,0,0,0.362829744815826,0,0,0,0.329657159022146,0,0.295199531502494,0.26734670996666,0,0.233672052621841,0.366452460645368,0.258366301655769,0,0,0,0,0,0,0,0,0,0,0.363780625164509,0,0,0,0,0,0,0,0,0,0,0,0,0,0,0.360634202758471,0,0,0,0,0,0.378408825720649,0.343736916780472,0,0,0.295176999652273,0.289743453264236,0.340599768860877,0.281694926321507,0
0.380255371332169,0,0,0,0,0,0,0,0,0,0,0,0,0,0,0,0.273585593644178,0.241835820488632,0.240919002111017,0,0,0,0,0,0,0,0,0,0,0,0,0,0,0,0,0,0,0,0,0.244999527931213,0.320994823209701,0.2829136043787,0.249717173328647,0.233672052621841,0,0.308697015047073,0.35004374854078,0,0,0,0,0,0,0,0,0,0,0.300919622182846,0,0,0,0,0,0.295178840557734,0,0,0,0,0,0,0,0,0,0,0,0,0,0,0,0.377102705346748,0,0,0.268516450124078,0.247123095799576,0.316030726892942,0,0.263615011065095
0,0,0,0.240826528323324,0,0,0,0,0,0,0,0,0,0,0,0,0.303618621043485,0.290011708869746,0.312875386562964,0.273625787347555,0,0,0,0,0,0,0,0,0,0,0,0,0,0,0,0.285454891255644,0,0,0,0.285915143196874,0.250891747574012,0.333887504448605,0.296554774045944,0.366452460645368,0.308697015047073,0,0.289393010464582,0,0,0.235327989301261,0,0,0,0,0,0,0,0.319750944517322,0,0,0,0,0.28770334806957,0,0,0,0,0,0,0,0.325727711121241,0,0.344567101153116,0,0,0,0,0,0.298549802145636,0.383115335514671,0.360991734246545,0,0.30691227660149,0.344280205667019,0.355709796111608,0.279114647672094,0.294512003660202
0.31194675527513,0,0.244950320039477,0,0,0,0,0,0.324272096157074,0,0,0,0,0,0,0,0.302904119702069,0.277755714309068,0.316487827311175,0,0.298427452643712,0,0,0,0,0,0,0,0,0,0,0,0,0,0,0,0,0,0,0.320316872000694,0.272162544357132,0.332868830153817,0.3182765045017,0.258366301655769,0.35004374854078,0.289393010464582,0,0,0.253237309364172,0.229775435158185,0,0,0,0,0,0,0.295963866206316,0.349546959002813,0,0,0,0,0,0.275247007294104,0,0,0,0,0,0,0,0,0.352001920342445,0.331736793120702,0,0,0,0,0.389853862852886,0.30809587482914,0,0,0.302995040726203,0.315826057484656,0.330341953595329,0.29513932125909,0.304850913584232
0,0,0,0,0,0,0,0,0,0,0,0,0,0,0,0,0,0,0,0,0,0.395992487668991,0,0.322375398257683,0.363621389043742,0,0,0,0,0,0,0.292904995366596,0.321232952833386,0.440947346039788,0.237482436649177,0.564701898230447,0.507071727287398,0.592536749211758,0.709457723757154,0.362610485566699,0.452243322506547,0.41663337469101,0.577651537220243,0,0,0,0,0,0.483044450794493,0.468898858173496,0,0,0,0,0,0,0,0.423558712005615,0,0,0,0,0,0,0.415507376194,0,0.34832621233003,0.430601863066355,0.44168221950531,0,0.458925358951092,0,0.374175111452738,0,0.348629509993628,0.343296680623563,0.62779692363739,0.318017187616864,0.395600328452467,0.397668755559489,0.498673936409248,0.567365428699455,0.595670055146758,0.511197088445936,0.392222480288124,0,0
0.290553302425134,0,0.200960330665112,0,0,0,0,0,0.211225724220276,0,0,0,0,0,0,0,0,0,0.260665610432625,0,0,0,0.340079202930978,0,0,0,0,0,0.328003615140915,0,0,0,0.40429025888443,0,0,0,0,0.671719789505005,0.415861105608354,0.288102656602859,0.353253112129719,0.416343405842781,0.378697597949687,0,0,0,0.253237309364172,0.483044450794493,0,0.395949916197703,0,0,0,0,0.200468108057976,0,0.32585687816143,0,0,0,0.206312530984481,0,0,0.273288577795029,0,0,0,0.227256238460541,0,0.244963827779738,0,0.345766347593966,0,0.284199715860738,0,0.422586782412096,0,0.412112927436829,0,0.402832782120755,0,0.423115632993614,0.487387419966906,0.262271338701248,0.339554922651959,0,0.370806822202344
0,0.210616153945406,0,0.246039229535287,0,0,0,0,0,0.254256591200829,0,0,0,0,0,0,0,0,0.333778530359268,0,0,0.310227651939248,0,0.272921830415726,0,0,0,0,0,0,0,0,0,0.437754859313315,0,0,0,0.399168133673047,0,0.331675882888051,0.350313563081549,0.354187904726469,0.405658861994743,0,0,0.235327989301261,0.229775435158185,0.468898858173496,0.395949916197703,0,0,0,0,0,0,0,0,0.357735052704811,0,0.328091469593346,0,0.284168800817127,0.298211753368378,0,0.286145114236408,0,0.266947953789322,0,0.298708224250107,0,0.313906670995116,0,0.328892311319373,0,0,0,0.421619884669781,0,0.351089893870956,0.435673677921295,0.363064508826901,0,0.478386906351847,0.288910756508509,0.334407940522017,0.333795655565926,0
0,0,0.209358312584916,0,0.210368571810056,0,0.194476128138345,0,0.226707166916615,0,0,0,0,0,0,0,0,0,0,0,0,0,0,0,0,0,0,0,0,0,0,0,0,0,0,0,0,0,0,0,0,0,0,0,0,0,0,0,0,0,0,0,0.231942811608315,0,0.244668507150241,0,0.235395607466881,0,0.2546009576116,0,0.240403904716174,0,0,0,0,0,0,0,0,0,0,0,0,0,0,0,0,0,0,0,0,0,0.200943255861258,0,0,0,0
0,0,0,0.244619489270239,0,0.22890195569238,0,0.215452096546474,0,0,0,0.262570478022099,0,0,0,0.23902240768075,0,0,0,0,0,0,0,0,0,0,0,0,0,0,0,0,0,0,0,0,0,0,0,0,0,0.264801335334778,0,0,0,0,0,0,0,0,0,0,0,0.22201123427261,0,0.200577929615974,0,0.28790346160531,0,0.269555017379648,0,0.253522982953915,0,0,0,0,0,0,0,0,0,0,0.320571005344391,0,0,0,0,0,0,0,0,0,0.229718810197004,0,0.288656955957413,0.264771461486816,0
0,0,0,0,0,0,0.216130258159691,0,0,0,0,0,0,0,0,0,0,0,0,0,0,0,0,0,0,0,0,0,0,0,0,0,0,0,0,0,0,0,0,0,0,0,0,0,0,0,0,0,0,0,0.231942811608315,0,0,0,0,0,0.247335629922057,0,0,0,0,0,0,0.209431367261069,0,0,0,0,0,0,0,0,0,0,0,0,0,0,0,0,0,0,0.184430861111843,0.172807887196541,0,0,0
0,0,0,0,0,0.206169547005133,0,0.198791546126207,0,0,0,0.207496955990791,0,0.190993387252092,0,0,0,0,0,0,0,0,0,0,0,0,0,0,0,0,0,0,0,0,0,0.176420057813327,0,0,0,0,0,0,0,0,0,0,0,0,0,0,0,0.22201123427261,0,0,0,0,0,0.239416582741827,0,0.232321156603072,0,0,0,0,0,0,0,0,0,0,0,0,0,0,0,0,0,0,0,0,0,0,0.21800172495753,0,0,0,0
0.138189242117935,0,0.196233168244362,0,0,0,0,0,0.258172591001525,0,0,0,0,0,0.267193499832384,0,0.143906876444817,0,0,0,0,0,0,0,0.232735043730722,0,0,0,0,0,0,0,0,0,0,0,0,0,0.238138012810799,0,0,0,0.178755013988568,0,0,0,0,0,0.200468108057976,0,0.244668507150241,0,0,0,0,0,0,0,0,0,0.254148977100849,0,0,0,0,0,0,0.239650878325834,0,0,0,0,0,0,0,0,0,0,0,0,0,0.285197752507451,0.290079219668519,0.288534826926283,0.184769161045551,0,0
0,0.163830393172325,0,0.234255037055566,0,0,0,0,0,0.291750705946923,0,0,0,0,0,0.279901265622913,0,0,0.314388364553452,0,0,0,0,0.234737469579863,0,0,0,0,0,0,0,0,0,0.274192649011429,0,0,0,0.237536834696164,0,0,0,0.230847707911992,0,0,0,0,0,0,0,0,0,0.200577929615974,0,0,0,0,0,0.301454961299896,0,0,0,0.265335444056866,0,0,0,0,0.274383164964706,0,0,0,0,0,0.28031051158905,0,0,0,0.267208238614017,0,0,0,0.26494255496396,0,0.227480123564601,0.285487665674266,0.219112279627828,0.256174073977904,0
0.361014106869698,0,0.302359270361754,0,0.257644350330035,0,0,0,0,0,0.213448302661857,0,0,0,0,0,0,0,0.360966339707375,0,0.164728467397898,0,0,0,0,0,0,0,0,0,0.251038581877947,0,0,0,0,0,0.177686336320552,0,0.140374419017596,0,0,0,0.383579000121071,0,0,0,0.295963866206316,0,0.32585687816143,0,0.235395607466881,0,0.247335629922057,0,0,0,0,0,0.229612448811531,0,0,0,0,0.279699692474624,0,0,0,0,0,0,0,0.375043813929413,0,0.40702650398016,0,0,0,0,0,0.249742120504379,0,0,0.181782160558411,0.356453478336334,0.356306641403422,0,0.388356332646476
0,0.323812037706375,0,0.337146793245053,0,0.241243368540055,0,0.238456650165381,0,0,0,0.206495400006722,0,0,0,0,0,0.367235571146011,0.371277544153742,0.194464422762394,0,0.363104343414307,0,0,0,0,0,0,0,0.169795647263527,0,0,0,0.402203838030497,0,0.19216303265578,0,0.160294468854075,0,0.332347396923148,0,0.35976065490828,0,0.363780625164509,0.300919622182846,0.319750944517322,0.349546959002813,0.423558712005615,0,0.357735052704811,0,0.28790346160531,0,0.239416582741827,0,0.301454961299896,0,0,0,0.234640128739918,0,0.223850399255753,0.310648761008775,0,0,0,0,0,0.363984644412994,0,0.42946042726195,0,0.234013455480177,0,0,0,0,0,0.288871371026697,0.408813685178757,0.369788999358813,0,0.267530247086325,0.391381144523621,0.369333392462556,0.400619775783725,0
0,0,0,0,0,0,0.208794434865316,0,0,0,0.172477727350981,0,0.18531800027598,0,0,0,0,0,0,0,0,0,0,0,0,0,0,0,0,0,0,0,0,0,0,0,0,0,0,0,0,0,0,0,0,0,0,0,0,0,0.2546009576116,0,0,0,0,0,0.229612448811531,0,0,0,0.257003009319305,0,0,0,0,0,0,0,0,0,0,0,0,0,0,0,0,0,0,0,0,0,0.187142680088679,0.182766315837701,0,0,0
0,0,0,0.256982445716858,0,0.267980337777036,0,0.236722787798837,0,0,0,0.169872602217653,0,0.172918315248928,0,0.139301743644934,0,0,0,0,0,0,0,0,0,0,0,0.178142976015806,0,0,0,0,0,0,0,0,0,0,0,0,0,0,0,0,0,0,0,0,0,0.328091469593346,0,0.269555017379648,0,0.232321156603072,0,0,0,0.234640128739918,0,0,0,0.213598191738129,0,0,0,0,0,0,0,0,0.268847696483135,0,0,0,0,0,0,0,0,0,0,0,0.207889968273686,0,0,0,0
0.172530108514954,0,0.203508298844099,0,0,0,0,0,0.249936291184582,0,0,0,0,0,0.231550907998374,0,0,0,0,0,0,0,0,0,0.210316270589828,0,0,0,0,0,0,0,0,0,0,0,0,0,0,0,0,0,0.315641273744404,0,0,0,0,0,0.206312530984481,0,0.240403904716174,0,0,0,0.254148977100849,0,0,0,0.257003009319305,0,0,0,0,0,0,0,0,0,0,0,0,0,0,0,0,0,0,0,0,0,0,0,0.243452401323752,0,0.237123760693478,0,0
0,0.196542632353457,0,0.237890964120994,0,0.252757125479334,0,0,0,0.232196820470003,0,0,0,0.133954994380474,0,0.182032844424248,0,0,0,0,0,0,0,0,0,0,0,0,0,0,0,0,0,0,0,0,0,0,0,0,0,0.300019055604935,0,0,0,0,0,0,0,0.284168800817127,0,0.253522982953915,0,0,0,0.265335444056866,0,0.223850399255753,0,0.213598191738129,0,0,0,0,0,0,0.218698472778002,0,0.23872449050347,0,0.301039934158325,0,0,0,0,0,0,0,0,0,0,0,0.158155201002955,0,0.226881615914308,0,0
0,0,0,0.336120057106018,0,0,0,0,0,0,0,0.196252843365073,0,0,0,0,0,0.344666361808777,0.372072597344716,0.184929017042905,0,0,0,0,0,0,0,0,0,0,0,0,0,0,0,0.196558734522806,0,0.140999311581254,0,0.247165459123525,0,0.316244421368938,0,0,0,0.28770334806957,0,0,0,0.298211753368378,0,0,0,0,0,0,0,0.310648761008775,0,0,0,0,0,0,0,0,0,0,0,0,0.36796372294426,0,0.341301666874114,0,0,0,0,0,0.281625305232688,0,0.317959451733472,0,0.176816465621142,0,0.335999325342438,0.548009872436523,0
0.441394221782684,0,0.298563651063225,0,0.226197459868022,0,0.208256378769875,0,0,0,0.180925597747167,0,0,0,0,0,0.314668496449788,0.271553297837575,0.342962204582161,0,0.214805609575491,0,0,0,0,0,0,0,0,0,0,0,0,0,0,0,0.197144531155992,0,0.165224197235974,0,0.225440827508767,0,0.27812614540259,0,0.295178840557734,0,0.275247007294104,0,0.273288577795029,0,0,0,0.209431367261069,0,0,0,0.279699692474624,0,0,0,0,0,0,0,0,0,0,0,0,0,0,0,0,0.377034713498882,0,0,0,0,0.411465495824814,0.266709057585677,0,0,0.196971961855888,0,0.302811024740354,0,0
0,0,0,0,0,0,0,0,0,0,0,0,0,0,0,0,0,0,0,0,0,0.258313591759439,0,0.255043357570122,0,0.232554577291012,0,0.164149965995397,0,0,0,0,0,0.426988103560039,0,0,0,0.365775570677694,0,0,0,0,0,0,0,0,0,0.415507376194,0,0.286145114236408,0,0,0,0,0,0,0,0,0,0,0,0,0,0,0,0,0.246513887280737,0,0.263435723843859,0,0.287366868367,0,0,0,0,0,0,0,0,0,0.278046604424034,0,0.149686704706727,0,0,0,0
0,0,0,0,0,0,0,0,0,0,0,0,0,0,0,0,0,0,0,0,0,0.165607807040215,0.248503850682304,0,0.332846386533863,0,0,0,0.171084597706795,0,0,0,0,0,0,0,0,0,0.346504536089073,0,0,0,0,0,0,0,0,0,0,0,0,0,0,0,0,0,0,0,0,0,0,0,0,0,0,0,0,0.278802586259539,0,0.273341946793095,0,0.292072049415569,0,0,0,0,0,0,0,0,0,0.260793791717565,0.139080843577782,0,0,0,0
0,0,0,0,0,0,0,0,0,0.27568236777657,0,0,0,0,0,0,0,0,0,0,0,0.245754289485159,0,0.244398718471626,0,0,0,0,0,0,0,0,0,0.349550340477734,0,0,0,0.260009492192455,0,0,0,0.32281506061554,0,0,0,0,0,0.34832621233003,0,0.266947953789322,0,0,0,0,0,0.274383164964706,0,0,0,0,0,0.218698472778002,0,0,0.246513887280737,0,0,0,0.270109095881062,0,0.248345790001062,0,0,0,0,0,0.291344304099556,0,0,0,0.304677199763084,0,0.292068890905307,0,0.341187243365947,0,0
0,0,0,0,0,0,0,0,0.233397203683853,0,0,0,0,0,0,0,0,0,0,0,0,0,0.256487046678861,0,0.246110015715178,0,0,0,0,0,0,0,0,0,0,0,0,0,0.292030650987479,0,0,0,0.156472739246156,0,0,0,0,0.430601863066355,0.227256238460541,0,0,0,0,0,0.239650878325834,0,0,0,0,0,0,0,0,0,0,0.278802586259539,0,0,0,0.248331068433481,0,0,0,0,0,0,0,0,0,0,0,0.305482434159587,0.329842426925463,0,0.360577608116968,0,0
0,0,0,0,0,0,0,0,0,0,0,0,0,0,0,0,0,0.165989935398102,0,0,0,0.26800173599469,0,0,0,0.227562728151679,0,0,0,0,0,0,0,0.37588786482811,0,0,0,0.364245722691218,0,0,0,0,0,0,0,0,0,0.44168221950531,0,0.298708224250107,0,0,0,0,0,0,0,0.363984644412994,0,0,0,0.23872449050347,0,0,0.263435723843859,0,0.270109095881062,0,0,0,0.281144175558321,0,0,0,0,0,0,0,0,0,0.361632907390595,0,0.3815738260746,0,0.295154641071955,0,0
0,0,0,0,0,0,0,0,0,0,0,0,0,0,0,0,0,0,0,0,0,0,0.291236800675053,0,0.224835093712718,0,0.23161074615739,0,0,0,0,0,0,0,0,0,0,0,0,0,0,0,0,0,0,0,0,0,0.244963827779738,0,0,0,0,0,0,0,0,0,0,0,0,0,0,0,0,0.273341946793095,0,0.248331068433481,0,0,0,0.310426787189815,0,0,0,0,0,0,0,0,0,0,0,0,0,0,0
0,0,0,0.355189258052457,0,0,0,0,0,0,0,0,0,0.166077529191971,0,0,0,0,0,0,0,0.317264316457041,0,0,0,0,0,0.179188011863402,0,0.164962095657581,0,0,0,0.410178955112185,0,0,0,0.338676055700615,0,0,0,0.383101048992901,0,0,0,0.325727711121241,0,0.458925358951092,0,0.313906670995116,0,0,0,0,0,0,0,0.42946042726195,0,0.268847696483135,0,0.301039934158325,0.36796372294426,0,0.287366868367,0,0.248345790001062,0,0.281144175558321,0,0,0,0.387875945479782,0,0,0,0.397592564423879,0,0.379755198955536,0,0.325861147392994,0,0.404432806703779,0,0.40560559846767,0.399247527122498,0
0,0,0,0,0,0,0,0,0,0,0,0,0,0,0,0,0,0,0,0,0,0,0.313947396477063,0,0,0,0,0,0.179759807539759,0,0.168119795620441,0,0,0,0,0,0,0,0.311270577192923,0,0,0,0,0,0,0,0,0,0.345766347593966,0,0,0,0,0,0,0,0.375043813929413,0,0,0,0,0,0,0,0,0.292072049415569,0,0,0,0.310426787189815,0,0,0,0.425581337774501,0,0,0,0,0,0,0,0.333125387088559,0.184486684317772,0,0.335129415988922,0,0
0,0.322983890771866,0,0.349165023606399,0,0,0,0,0,0,0,0.232133435403428,0,0,0,0,0.335819214582443,0.355375991626219,0.367690109421687,0,0,0,0,0,0,0,0,0.210190425891625,0,0.212118250064661,0,0,0,0.422455817461014,0,0,0,0.223385096128498,0,0.329139582135461,0,0.338960206780419,0,0.360634202758471,0,0.344567101153116,0.352001920342445,0.374175111452738,0,0.328892311319373,0,0.320571005344391,0,0,0,0.28031051158905,0,0.234013455480177,0,0,0,0,0.341301666874114,0,0,0,0,0,0,0,0.387875945479782,0,0,0,0,0,0,0,0.344952716277196,0.389962822198868,0.340741054011154,0,0.385794849374929,0.346689343452454,0.368500399017116,0.377390016026858,0
0.422625809907913,0,0.319628616174062,0,0,0,0,0,0,0,0.184681424498558,0,0,0,0,0,0,0,0.395448140799999,0,0,0,0.322898099819819,0,0,0,0,0,0,0,0.237606120997755,0,0,0,0,0,0,0,0.181185645587517,0,0,0,0.43869711458683,0,0,0,0.331736793120702,0,0.284199715860738,0,0,0,0,0,0,0,0.40702650398016,0,0,0,0,0,0,0.377034713498882,0,0,0,0,0,0,0,0.425581337774501,0,0,0,0,0,0,0,0,0,0.304178756982374,0.168815456330776,0.374020040035248,0.389891966401289,0,0.379337877035141
0,0,0,0,0,0,0,0,0,0,0,0,0,0,0,0,0,0,0,0,0,0,0,0,0,0,0,0,0,0,0,0.225143896995572,0.173108774039781,0.321027275042898,0,0.1523768069113,0.187787740461288,0,0,0,0,0,0,0,0,0,0,0.348629509993628,0,0,0,0,0,0,0,0,0,0,0,0,0,0,0,0,0,0,0,0,0,0,0,0,0,0,0,0.255810916423798,0.333601654977888,0,0.277527017281359,0.140424301226934,0,0,0.184319839129845,0,0,0,0
0,0,0,0,0,0,0,0,0,0,0,0,0,0,0,0,0,0,0,0,0,0,0,0,0,0,0,0,0,0,0,0.166973682465377,0.286032379830162,0.172342162306716,0,0.126424804329872,0.194771252230767,0,0,0,0,0,0,0,0,0,0,0.343296680623563,0.422586782412096,0,0,0,0,0,0,0,0,0,0,0,0,0,0,0,0,0,0,0,0,0,0,0,0,0,0.255810916423798,0,0,0.233069792642432,0,0.247258854338101,0,0,0.197239843165052,0,0,0,0
0,0,0,0,0,0,0,0,0,0.26278361580942,0,0,0,0,0,0,0,0,0,0,0,0,0,0.26867773142499,0,0,0,0,0,0,0,0.297590909752904,0,0.286062923415451,0.181603969498114,0.185883794695723,0,0.220445897872165,0,0,0,0,0,0,0,0,0,0.62779692363739,0,0.421619884669781,0,0,0,0,0,0.267208238614017,0,0,0,0,0,0,0,0,0,0,0.291344304099556,0,0,0,0.397592564423879,0,0,0,0.333601654977888,0,0,0,0.297549348393781,0,0.305486082965057,0,0.385691795168044,0,0,0,0
0,0,0,0,0,0,0,0,0,0,0,0,0,0,0,0,0,0,0,0,0,0,0,0,0,0,0,0,0,0,0,0,0.177108183503151,0.172774089161063,0.282122685559884,0,0.175992324948311,0.165304888039827,0.163470842517339,0,0,0,0,0,0,0,0,0.318017187616864,0.412112927436829,0,0,0,0,0,0,0,0,0,0,0,0,0,0,0,0,0,0,0,0,0,0,0,0,0,0,0.233069792642432,0,0,0,0.235743045920345,0,0.267193543454057,0.254645308568364,0,0,0,0
0,0,0,0.260447296647378,0,0,0,0,0,0.362353533506393,0,0.202756956219673,0,0,0,0,0.355426198727376,0.332864470779896,0.394256273088819,0.211853858889993,0,0,0,0,0,0,0,0,0,0,0,0.331397752222912,0.236714517848092,0.24615769853463,0,0.234415774877742,0.266488870109121,0.227679421600929,0,0.294226191089123,0,0.340150608335223,0.348712076743444,0.378408825720649,0,0.298549802145636,0.389853862852886,0.395600328452467,0,0.351089893870956,0,0,0,0,0,0,0,0.288871371026697,0,0,0,0,0.281625305232688,0.411465495824814,0,0,0,0,0,0,0.379755198955536,0,0.344952716277196,0,0.277527017281359,0,0.297549348393781,0,0,0.390989447012544,0.279568441771356,0,0.209111212749421,0.376145595312119,0.360358298841853,0.35596737742424,0
0.443314101014818,0,0.249682315213736,0,0.211304128170013,0,0,0,0,0,0.190030361215274,0,0,0,0,0,0.322828984041826,0.316652711819519,0.378817813848942,0,0.224832452399638,0,0,0,0,0,0,0,0,0,0,0,0.305156782865524,0,0.187189713120461,0.235638317408835,0.225856399337474,0,0.204051342983228,0.385091033848849,0.314410779369337,0.338487168153127,0.320536344515524,0.343736916780472,0.377102705346748,0.383115335514671,0.30809587482914,0.397668755559489,0.402832782120755,0.435673677921295,0,0,0,0,0,0,0.249742120504379,0.408813685178757,0,0,0,0,0,0.266709057585677,0,0,0,0,0,0,0,0,0.389962822198868,0,0.140424301226934,0.247258854338101,0,0.235743045920345,0.390989447012544,0,0,0.224792802150414,0.214090914939934,0.338726264649424,0.343658761214423,0.315549989541372,0.374904115994771
0,0,0,0.312684386968613,0,0,0,0,0,0.24651887267828,0,0,0,0,0,0,0,0,0.44858877147947,0.26700097322464,0,0.340455398190215,0,0.254267543167263,0,0,0,0.242543116211891,0,0.237256273627281,0,0,0,0.410253562017622,0.134101888121561,0.24424159937408,0,0.256649280790024,0.158083674808343,0.346493750810623,0,0.391861299673716,0,0,0,0.360991734246545,0,0.498673936409248,0,0.363064508826901,0,0,0,0,0,0.26494255496396,0,0.369788999358813,0,0,0,0,0.317959451733472,0,0.278046604424034,0,0.304677199763084,0,0.361632907390595,0,0.325861147392994,0,0.340741054011154,0,0,0,0.305486082965057,0,0.279568441771356,0,0,0,0.341193821205682,0,0.384574430377296,0.564571738243103,0
0,0,0,0,0,0,0,0,0.223103947481331,0,0,0,0,0,0,0,0,0,0,0,0,0.114915233637605,0.272798156633019,0,0.272177044510841,0,0,0,0.321357488632202,0,0.224140905796137,0,0,0.293078377842903,0.322053043753506,0,0.158857509139363,0.172747527750639,0.257201451960818,0,0,0,0,0,0,0,0,0.567365428699455,0.423115632993614,0,0,0,0,0,0.285197752507451,0,0,0,0,0,0,0,0,0,0,0.260793791717565,0,0.305482434159587,0,0,0,0.333125387088559,0,0.304178756982374,0,0,0,0.267193543454057,0,0.224792802150414,0,0,0.396158719264097,0,0.523675166305743,0,0
0.256895875959305,0.198822301167708,0.237322765429622,0.22407192150329,0.217232713732921,0.206994141359906,0.163076168327939,0.184866484254599,0.217299521387276,0.196150418654352,0.164554528395335,0.166506748254362,0.169445733048699,0.164952472118395,0.196845136582851,0.180794703247754,0.239919666396388,0.233678020597985,0.270134483980117,0.174238504043647,0.193709389988784,0.139558038077034,0.138417652994394,0.181847422527006,0.340188906064483,0.146556502351394,0,0.172973638400435,0.176918577704881,0.13734695315361,0.17053206883944,0.19101601372994,0.211807580286516,0.406756803001228,0.225669659674168,0.18986445965417,0.18156410339086,0.309285061055884,0.261706476065098,0.312599757060348,0.305580510033502,0.325180091818742,0.352038335166398,0.295176999652273,0.268516450124078,0.30691227660149,0.302995040726203,0.595670055146758,0.487387419966906,0.478386906351847,0.200943255861258,0.229718810197004,0.184430861111843,0.21800172495753,0.290079219668519,0.227480123564601,0.181782160558411,0.267530247086325,0.187142680088679,0.207889968273686,0.243452401323752,0.158155201002955,0.176816465621142,0.196971961855888,0.149686704706727,0.139080843577782,0.292068890905307,0.329842426925463,0.3815738260746,0,0.404432806703779,0.184486684317772,0.385794849374929,0.168815456330776,0.184319839129845,0.197239843165052,0.385691795168044,0.254645308568364,0.209111212749421,0.214090914939934,0.341193821205682,0.396158719264097,0,0.310603272163092,0.334169537181966,0.27793933085503,0.247364994972499
0,0.303941090901693,0,0.334151834249496,0.21886357665062,0.205762231988566,0.176311469503811,0.152308620512486,0.226153015673161,0.244039639058121,0,0,0.154392265356504,0.189847665649016,0,0.179734707474709,0,0.146841325507628,0,0,0,0.138196921484037,0.102739479392767,0,0,0,0,0,0.176447078585625,0,0,0,0,0.284174710512161,0,0.188590466976166,0.158755909651518,0.31466994541032,0.183079823851585,0.316705405712128,0,0.308227623024812,0.340059319475912,0.289743453264236,0.247123095799576,0.344280205667019,0.315826057484656,0.511197088445936,0.262271338701248,0.288910756508509,0,0,0.172807887196541,0,0.288534826926283,0.285487665674266,0.356453478336334,0.391381144523621,0.182766315837701,0,0,0,0,0,0,0,0,0,0,0,0,0,0.346689343452454,0.374020040035248,0,0,0,0,0.376145595312119,0.338726264649424,0,0,0.310603272163092,0,0.317626786113036,0.355418533086777,0.342047389596701
