0,0,82.0312026590109,0,0,0,0,0,493.330871209502,0,0,0,0,0,1.22715049982071,0,12.5176341831684,1.2111771851778,89.7144744247198,0,0,0,0,0,1.84574300050735,0,0,0,0,0,0,0,0,0,0,0,0,0,0,0.166829973459244,2.37366881966591,0.749445796012878,147.810259848833,0,0,0,14.4478747546673,0,130.714493826032,0,0,0,0,0,206.353206962347,0,0,0,0,0,108.231352344155,0,0,0.254732258617878,0,0,0,0,0,0,0,0,0,0.211574777960777,0,0,0,0,0.148996070027351,5.53552737832069,0,0,216.267071157694,0,116.804585933685,0,1.43306012451649
0,0,0,115.886736243963,0,0,0,0,0,129.308633893728,0,0,0,0,0,2.33079719543457,0,0,51.0643721520901,0,0,0,0,0,0,0,0,0,0,0,0,0,0,0,0,0,0,0,0,0,0,154.447390913963,0,0,0,0.240656360983849,0,0,0,131.553226232529,0,0,0,0,0,317.934726804495,0,7.60946671664715,0,7.81335865706205,0,94.2172023504972,0,0,0,0,52.8219413757324,0,2.52199590206146,0,0,0,0,0,0,0,0,0,0.77838659286499,0,0,0,56.3093564659357,0.985483184456825,274.306481063366,0,0
82.0312026590109,0,0,0,240.99111866951,0,0,0,50.9740118980408,0,0,0,0,0,0,0,1.02074012160301,0.49844291806221,7.33140981197357,0,0.915988385677338,0,0,0,0,0,0,0,0,0,0,0,0,0,0,0,2.98615145683289,0,0,0,17.5892234742641,0,216.107891708612,0,0,0,25.3454324305058,0,76.694742590189,0,25.9604583978653,0,0,0,0,0,44.9970350861549,0,6.46864518523216,0,0,0,0,3.74154436588287,0,0,0,0,0,0,0,0,0,0,0,0,0,0,0,6.63984341919422,0,0.474727213382721,88.6503050252795,0,379.583586476743,0,16.3643427193165
0,115.886736243963,0,0,0,61.5259531438351,0,0,0,1.91229295730591,0,1.12727606296539,0,0,0,0,1.66902882605791,1.51748299598694,36.6758269742131,0,0,0,0,0,0,0,0,0,0,0,0,0,0,0,0,19.0444403737783,0,0,0,12.7914965301752,0,264.449546322227,0,0.318668156862259,0,9.82694971561432,1.60586893558502,11.0316752046347,6.74212919175625,263.671112328768,0,152.032603517175,0,0,0,0,0,104.582547485828,0,29.096775457263,0,0,24.7920249849558,0,0,0,0,0,0,0,0,0,0,0,0,0,0,0,17.4355996251106,0,0,0,214.352591320872,8.57574412226677,506.324566289783,34.0445039570332,0
0,0,240.99111866951,0,0,0,0,0,0,0,0,0,0,0,0,0,0,0,0.721054971218109,0,64.8299700319767,0,0,0,0,0,0,0,0,0,0,0,0,0,0,0,1.61065894365311,0,0,0,5.03602699935436,0,44.2657513320446,0,0,0,14.4662351608276,0,4.26924148201942,0,79.4748037755489,0,0,0,0,0,0,0,0,0,0,0,0,19.0662640035152,0,0,0,0,0,0,0,0,0,0,0,0,0,0,0,9.61484391987324,0,0,26.5499275773764,0,422.915020734072,0,0
0,0,0,61.5259531438351,0,0,0,1.77507317066193,0,4.29188346862793,0,34.0681104660034,0,0,0,0,0,0,1.24608755111694,4.03095811605453,0,0,0,0,0,0,0,0,0,0,0,0,0,0,0,0,0,0,0,2.91334369778633,0,14.5773439109325,0,0,0,1.26596820354462,0,3.11861622333527,0.259834706783295,13.0104652643204,0,25.7688430845737,0,0,0,1.0923353433609,0,33.1046375334263,0,0,0,3.98883146047592,0.364079549908638,0,0,0,0,0,0,0,0,0,0,0,0,0,0,0,0,0,0,0,113.132858410478,0.546372473239899,232.190496623516,0,0
0,0,0,0,0,0,0,0,0,0,0,0,0,0,0,0,0,0,0,0,0,0,0,0,0,0,0,0,0,0,0,0,0,0,0,0,0,0,0,0,0,0,0,0,0,0,0,0,0,0,0,0,0,0,0,0,0,0,0,0,0,0,0,0,0,0,0,0,0,0,0,0,0,0,0,0,0,0,0,0,0,0,0,0,0,0,0
0,0,0,0,0,1.77507317066193,0,0,0,0,0,7.37885493040085,0,4,0,0,0,0,0,0,0,0,0,0,0,0,0,0,0,0,0,0,0,0,0,0,0,0,0,0,0,0,0,0,0,0,0,0,0,0,0,30.6057820320129,0,6,0,0,0,11.3410799503326,0,1,0,0,0,0,0,0,0,0,0,0,0,0,0,0,0,0,0,0,0.647031128406525,0,0,0,8.84756660461426,0,0,0,0
493.330871209502,0,50.9740118980408,0,0,0,0,0,0,0,0,0,0,0,42.5032581090927,0,1.4465044438839,0,3.14964973926544,0,0,0,0,0,50.1449591815472,0,0.463557779788971,0,0,0,0,0,0,0,1.26339852809906,0,0,0,66.1835633516312,0,3.74295043945312,0,106.004588261247,0,0,0,36.9451107382774,0.510516166687012,86.9610286355019,0,0,0,0,0,897.587514415383,0,0,0,0,0,54.5043538659811,0,0,0,0,0,0,8.65184080600739,0,0,0,0,0,0,0,0,0,0,0,0,0,28.1712863147259,509.572409421206,33.0957490503788,222.766130149364,0,28.0105352401733
0,129.308633893728,0,1.91229295730591,0,4.29188346862793,0,0,0,0,0,0,0,0,0,21.6537118554115,2.0688102543354,10.0458835959435,0,0,0,0,0,78.405617505312,0,0,0,0,0,0,0,0,0,0.794925689697266,0,0,0,81.8363355100155,0,0,0,6.98648826777935,0,0,0,0,0,26.1203928142786,0,8.8263084590435,0,0,0,0,0,767.014871180058,0,0,0,0,0,33.6690480709076,0,0,0,0,27.7553493529558,0,1.02256381511688,0,0,0,0,0,0,0,3.23214328289032,0,0,0,22.4363953322172,0,306.13262232393,12.630838394165,225.947743043303,0,0
0,0,0,0,0,0,0,0,0,0,0,0,305.45338177681,0,0,0,0,0,0,0,355.962680011988,0,0,0,0,0,0,0,57.8762567043304,0,134.62533865869,0,0,0,0,0,317.463887512684,0,912.887475848198,0,0,0,0,0,0,0,0,0,0,0,0,0,0,0,0,0,1232.25868092477,0,221.170377969742,0,0,0,0,173.7879088521,0,0,0,0,0,0,0,36.0547637939453,0,36.4052436798811,0,0,0,0,0,72.0306655168533,0,363.446905702353,81.2516496181488,0,0,0,0
0,0,0,1.12727606296539,0,34.0681104660034,0,7.37885493040085,0,0,0,0,0,327.124364614487,0,0,0,0,0,208.07448785007,0,0,0,0,0,0,0,197.968869447708,0,105.823346272111,0,0,0,0,0,104.87402099371,0,939.9439483881,0,0,0,0,0,0,0,0.512990355491638,0,0,0,0,0,9.43610139191151,0,0,0,0,0,1544.46804215759,0,11.1811399459839,0,0,18.9892189502716,0,0,0,0,0,0,0,53.9030592441559,0,47.4186583608389,0,0,0,0,0,205.130258858204,0,219.330036908388,0,288.757440298796,0,44.618401452899,0,0
0,0,0,0,0,0,0,0,0,0,305.45338177681,0,0,0,0,0,0,0,0,0,0,0,0,0,0,0,0,0,0,0,16.8244019150734,0,0,0,0,0,0,0,0,0,0,0,0,0,0,0,0,0,0,0,0,0,0,0,0,0,6.12085103988647,0,106.309991121292,0,0,0,0,0,0,0,0,0,0,0,0,0,0,0,0,0,0,0,0,0,0,0,0,1,0,0,0
0,0,0,0,0,0,0,4,0,0,0,327.124364614487,0,0,0,0,0,0,0,0,0,0,0,0,0,0,0,94.1703050136566,0,0,0,0,0,0,0,0,0,0,0,0,0,0,0,0,0,0,0,0,0,0,0,0,0,0,0,0,0,103.747954547405,0,304.733743190765,0,0,0,0,0,0,0,0,0,0,4.43317747116089,0,0,0,0,0,0,0,0,0,0,0,32.7497609853745,3,0,0,0
1.22715049982071,0,0,0,0,0,0,0,42.5032581090927,0,0,0,0,0,0,0,20.5754657387733,0,0,0,0,0,0,0,1.50454306602478,0,13.2802241146564,0,5.80544283986092,0,0,0,0,0,0,0,0,0,0,0,0,0,0,0,0,0,0,0,0,0,0,0,0,0,32.4718546271324,0,0,0,0,0,12.8319895267487,0,0,0,0,0,0,0,0,32.6515962183475,0,0,0,0,0,0,0,0,0,0,0,0,24.3202748894691,0,0,0,0
0,2.33079719543457,0,0,0,0,0,0,0,21.6537118554115,0,0,0,0,0,0,8.45758990943432,178.304088488221,0,0,0,0,0,0,0,4.05545425415039,0,0,0,0,0,0,0,0,0,0,0,0,0,0,0,0,0,0,0,0,0,0,0,0,0,0,0,0,0,41.8475266695023,0,0,0,0,0,12.8813017606735,0,0,0,0,0,0,1.31410431861877,0,0,0,0,0,0,0,0,0,0,0,0,0,82.2634131759405,0,0,0,0
12.5176341831684,0,1.02074012160301,1.66902882605791,0,0,0,0,1.4465044438839,2.0688102543354,0,0,0,0,20.5754657387733,8.45758990943432,0,11356.6576906815,4809.81983055174,0,0.105607882142067,32.038820117712,267.835821732879,7.14681303501129,0,10.7337640374899,410.193965487182,0,12.8433345258236,0,0,0,0,0,0,0,0,0,0,108.982980184257,117.770130462945,75.5023537650704,239.583737961948,1.06278145313263,1.59982044994831,35.0542537048459,208.219735510647,0,1.59843158721924,0,0,0,0,0,0,0,0,7.19081698358059,0.165886044502258,0,0.875681430101395,0,0.318447649478912,19.9136720225215,3.50829499959946,90.0103816539049,0,0,44.2741905376315,39.2462314069271,0,0,0,0,0,0,0,0,71.1142377927899,179.342113256454,0,0.387403257191181,6110.68975891173,906.522913679481,538.065946437418,26.2798955142498,79.9742789044976
1.2111771851778,0,0.49844291806221,1.51748299598694,0,0,0,0,0,10.0458835959435,0,0,0,0,0,178.304088488221,11356.6576906815,0,3878.09788300842,0,0,315.430852383375,0.393881842494011,53.8406231105328,0,320.357583299279,30.7847548425198,3,0,0,0,0,0,0,0,0,0,0,0,86.0480788275599,29.2378081381321,93.5076886042953,53.0647900402546,2.19070792198181,1.03717145323753,35.1564435437322,56.2693738862872,0,0,0.227716237306595,0,0,0,0,0,0,0.94934344291687,5.93250714242458,0,0,0,4.19412240386009,0.840552985668182,3.65005114674568,212.136874005198,0.352020710706711,0,0,759.1756221205,6.67198885977268,0,0,0,0,0,0,0,0,49.4607484787703,59.1837464645505,0,0.298013210296631,6483.09977368265,426.876841843128,256.005333967507,55.5791833251715,16.3971465677023
89.7144744247198,51.0643721520901,7.33140981197357,36.6758269742131,0.721054971218109,1.24608755111694,0,0,3.14964973926544,0,0,0,0,0,0,0,4809.81983055174,3878.09788300842,0,0,0,0.79390449821949,1.28635926544666,7.67123776674271,0,4.0066776573658,4.12573274970055,0,0,0,0,0,0,0,0,0.211197629570961,0.0882649496197701,0,0,1142.29956877977,435.158957391977,1365.32757937163,753.435175418854,28.3725535869598,8.95137068629265,487.175558820367,1352.11096571386,0.553375288844109,29.3283427208662,6.89013700187206,0,1.2140017747879,0,0,0,0,0.433842614293098,101.406696341932,0,0,0,0,10.6359825357795,65.4023168906569,2.45081758499146,1.48813313245773,0,0,50.7615854144096,4.33105617761612,0,0,0,0.232780650258064,0,0,0,0,824.499668106437,952.809239968657,0,8.28199842572212,2813.09432872385,5.70598211884499,4756.06483176351,505.503522410989,273.559004679322
0,0,0,0,0,4.03095811605453,0,0,0,0,0,208.07448785007,0,0,0,0,0,0,0,0,0,0,0,0,0,0,0,0,0,0,0,0,0,0,0,1271.96606341004,0,351.763150602579,0,1.81093645095825,0,1.05124491453171,0,0,0,9.06938278675079,0,0.374697327613831,0.308893144130707,5.29034532606602,0,0,0,0,0,0,0,3.90468357503414,0,0,0,0,1342.45954916626,0,0,0,0,0,0,0,0,0,0,0,0,0,0,0,491.010373532772,0,29.4620750546455,0,71.9442370086908,0,74.0756081789732,0.792936623096466,0
0,0,0.915988385677338,0,64.8299700319767,0,0,0,0,0,355.962680011988,0,0,0,0,0,0.105607882142067,0,0,0,0,0,0,0,0,0,0,0,0,0,0,0,0,0,0,0,1120.19932116568,0,673.028310522437,0,3.10646842420101,0,0,0,0,0,8.02466548979282,0.575283035635948,0.711431667208672,0,20.5534601211548,0,0,0,0,0,0,0,0,0,0,0,0,557.709011249244,0,0,0,0,0,0,0,0,0,0,0,0,0,0,0,592.813558340073,0,107.482028663158,114.648532673717,0,139.282406270504,0,0
0,0,0,0,0,0,0,0,0,0,0,0,0,0,0,0,32.038820117712,315.430852383375,0.79390449821949,0,0,0,2604.70143210888,594.716239362955,0,109.341425716877,0,357.669527202845,0,0,0,0,0,0,0,0,0,1486.53029918671,22.368249297142,0,0,0,0,0,0,0,0,3.23330065608025,0,10.2881931960583,0,0,0,0,0,0,0,0.289299517869949,0,0,0,0,0,0,6648.83073733747,662.932092875242,42.5248294472694,0,38.1851781159639,2.87484431266785,64.3636884689331,0,0.261586129665375,0,0,0,0,0,0,0,801.300529032946,3.43893158435822,2479.11193054914,277.192247867584,0.419301450252533,0,0
0,0,0,0,0,0,0,0,0,0,0,0,0,0,0,0,267.835821732879,0.393881842494011,1.28635926544666,0,0,2604.70143210888,0,0,238.825864121318,0,117.633898377419,0,354.80206733942,0,0,0,0,0,0,0,0,1.52649629116058,1449.93209262192,0,0,0,0,0,0,0,0,0,4.43322303891182,0,0,0,0,0,0,0,0,0,0,0,0,0,0,0,26.0770078897476,6792.9971255362,0,259.903106153011,0,115.548230290413,0,1217.50057277083,0,0,0,0,0,0,0,0,0,810.516297236085,2710.56404358149,219.75270614028,1.21423707902431,0,0
0,0,0,0,0,0,0,0,0,78.405617505312,0,0,0,0,0,0,7.14681303501129,53.8406231105328,7.67123776674271,0,0,594.716239362955,0,0,0,109.219472050667,0,0,0,0,0,0,0,0,0,0,0,1066.25772871077,0,0,0,2.80643132328987,0,0,0,0,0,5.22190740704536,0,3.47031411528587,0,0,0,0,0,73.9042903482914,0,0,0,0,0,0,0,0,25.6430407017469,0,1067.13547486067,0,48.8382582515478,0,0,0,0,0,0,0,6.53701159358025,0,0,0,416.742353960872,0,218.976692378521,0,53.0246494710445,0,0
1.84574300050735,0,0,0,0,0,0,0,50.1449591815472,0,0,0,0,0,1.50454306602478,0,0,0,0,0,0,0,238.825864121318,0,0,0,0,0,0,0,0,0,0,0,0,0,0,0,681.017032966018,0,0,0,37.3581530302763,0,0,0,0,0,28.8896716237068,0,0,0,0,0,46.0197851657867,0,0,0,0,0,0,0,0,0,0,50.2176905572414,0,400.742936685681,0,0,0,0,0,0,0,0,0,0,0,0,0,114.098840326071,439.530856341124,39.002732694149,90.9568106979132,0,0
0,0,0,0,0,0,0,0,0,0,0,0,0,0,0,4.05545425415039,10.7337640374899,320.357583299279,4.0066776573658,0,0,109.341425716877,0,109.219472050667,0,0,0,1,0,0,0,0,0,0,0,0,0,0,0,0,0,0,0,0,0,0,0.135527923703194,0,0,0,0,0,0,0,0,57.2386234998703,0,0,0,0,0,0,0,0,23.2874967157841,0,12.3183800131083,0,153.147331923246,0,0,0,0,0,0,0,0,0,0,0,0,0,207.734998986125,0,1.37719750404358,0,0
0,0,0,0,0,0,0,0,0.463557779788971,0,0,0,0,0,13.2802241146564,0,410.193965487182,30.7847548425198,4.12573274970055,0,0,0,117.633898377419,0,0,0,0,0,59.0931364893913,0,0,0,0,0,0,0,0,0,0,0,0,0,0.271510243415833,0,0,0,0,0,0,0,0,0,0,0,0,0,0,0,0,0,1.4796895980835,0,0,0,0.974000573158264,104.947154343128,0,0.998020231723785,0,259.737649440765,0,0,0,0,0,0,0,0,0,0,0,0,195.519492387772,0,1.74480247497559,0,0
0,0,0,0,0,0,0,0,0,0,0,197.968869447708,0,94.1703050136566,0,0,0,3,0,0,0,357.669527202845,0,0,0,1,0,0,0,496.663622915745,0,0,0,0,0,0,0,225.580173611641,0,0,0,0,0,0,0,0,0,0,0,0,0,0,0,0,0,0,0,0,0,44.3392467498779,0,0,0,0,103.127987325191,0,0,0,0,0,598.855113208294,0,0,0,0,0,0,0,0,0,0,0,1,0,0,0,0
0,0,0,0,0,0,0,0,0,0,57.8762567043304,0,0,0,5.80544283986092,0,12.8433345258236,0,0,0,0,0,354.80206733942,0,0,0,59.0931364893913,0,0,0,172.901772141457,0,0,0,0,0,0,0,95.8612053990364,0,0,0,0,0,0,0,0,0,0,0,0,0,0,0,0,0,0,0,2.73753213882446,0,0,0,0,0,0,1.03170657157898,0,0,0,0,0,823.498482942581,0,14.4847358465195,0,0,0,0,0,0,0,18.4694238603115,47.1491377353668,0,0,0,0
0,0,0,0,0,0,0,0,0,0,0,105.823346272111,0,0,0,0,0,0,0,0,0,0,0,0,0,0,0,496.663622915745,0,0,0,0,0,0,0,0,0,50.4830212593079,0,0,0,0,0,0,0,0,0,0,0,0,0,0,0,0,0,0,0,42.3152933418751,0,0,0,0,0,0,0,0,0,0,0,0,351.342781603336,0,91.2271856218576,0,0,0,0,0,0,0,264.219558119774,0,3.1607654094696,0,0,0,0
0,0,0,0,0,0,0,0,0,0,134.62533865869,0,16.8244019150734,0,0,0,0,0,0,0,0,0,0,0,0,0,0,0,172.901772141457,0,0,0,0,0,0,0,0,0,13.720932841301,0,0,0,0,0,0,0,0,0,0,0,0,0,0,0,0,0,7.65461649000645,0,33.0044665932655,0,0,0,0,0,0,0,0,0,0,0,0,10.9909145236015,0,146.524363577366,0,0,0,0,0,0,0,1.35339906811714,96.9753522872925,0,0,0,0
0,0,0,0,0,0,0,0,0,0,0,0,0,0,0,0,0,0,0,0,0,0,0,0,0,0,0,0,0,0,0,0,1281.15083509684,0,0,1176.25395667553,6.20882225036621,0,0,0.715316504240036,0,0,0,0,0,0,0,2861.7950553298,0.955694854259491,6.99854621291161,0,0,0,0,0,0,0,0,0,0,0,0,0,0,0,0,0,0,0,0,0,0,0,0,369.322223871946,448.187216073275,0,22.6893901824951,97.4835770875216,1.09174180030823,0,0,47.0902454555035,0,0.214007407426834,0,0
0,0,0,0,0,0,0,0,0,0,0,0,0,0,0,0,0,0,0,0,0,0,0,0,0,0,0,0,0,0,0,1281.15083509684,0,1.99204671382904,12.1485769748688,3.84223341941833,531.930563807487,0,0,0,0,0,0,0,0,0,0,1476.54576691985,0,0,0,0,0,0,0,0,0,0,0,0,0,0,0,0,0,0,0,0,0,0,0,0,0,0,370.571701169014,978.525350421667,0,29.7461705803871,222.693947374821,34.2879000306129,0,0,91.7953713834286,0,0,0,0
0,0,0,0,0,0,0,0,0,0.794925689697266,0,0,0,0,0,0,0,0,0,0,0,0,0,0,0,0,0,0,0,0,0,0,1.99204671382904,0,755.766774639487,468.854404568672,0,303.025744557381,0,0,0,1.99731841683388,0,0,0,0,0,2382.10252346098,0,0,0,0,0,0,0,3.00201535224915,0,0,0,0,0,0,0,0,0,0,1.09714984893799,0,0,0,0,0,0,0,14.737606331706,22.211772441864,1480.60355171561,1309.61051744223,15.2522090673447,0,458.872141778469,0,423.08423897624,0,17.9217611849308,0,0
0,0,0,0,0,0,0,0,1.26339852809906,0,0,0,0,0,0,0,0,0,0,0,0,0,0,0,0,0,0,0,0,0,0,0,12.1485769748688,755.766774639487,0,0,554.920961081982,23.3834825158119,315.436621159315,0,0,0,0,0,0,0,0,459.983013123274,0,0,0,0,0,0,0,0,0,0,0,0,0,0,0,0,0,0,0,0,0,0,0,0,0,0,0,136.046209603548,326.26031960547,1850.63213121891,0,192.60612437129,0,263.771122917533,207.748874664307,1,0,0,0
0,0,0,19.0444403737783,0,0,0,0,0,0,0,104.87402099371,0,0,0,0,0,0,0.211197629570961,1271.96606341004,0,0,0,0,0,0,0,0,0,0,0,1176.25395667553,3.84223341941833,468.854404568672,0,0,1722.42788395286,1247.64813397825,0,4.2771874666214,0,1.49058839678764,0,0,0,2.49969908595085,0,57.6441991627216,0,7.95612858235836,0,4.44793249666691,0,0,0,0,0,3.57270084321499,0,0,0,0,953.244635879993,0,0,0,0,0,0,0,0,0,0,0,644.015510588884,0,212.576755195856,0,10826.5216859803,622.024958044291,27.4568342417479,0,1407.93833953142,44.757127225399,362.913558036089,0.214883878827095,0
0,0,2.98615145683289,0,1.61065894365311,0,0,0,0,0,317.463887512684,0,0,0,0,0,0,0,0.0882649496197701,0,1120.19932116568,0,0,0,0,0,0,0,0,0,0,6.20882225036621,531.930563807487,0,554.920961081982,1722.42788395286,0,0,3177.65680436045,0,23.641302652657,0,0,0,0,0,6.35815040022135,248.843176305294,8.61262252926826,0,1.90804052352905,0,0,0,0,0,106.971193403006,0,0,0,0,0,0,954.133847177029,0,0,0,0,0,0,0,0,0,0,19.1152105331421,257.666929244995,0,191.759479761124,222.936312973499,11568.3694705069,0,315.838394366205,1467.47153687477,201.731321185827,304.772719800472,0,0
0,0,0,0,0,0,0,0,0,81.8363355100155,0,939.9439483881,0,0,0,0,0,0,0,351.763150602579,0,1486.53029918671,1.52649629116058,1066.25772871077,0,0,0,225.580173611641,0,50.4830212593079,0,0,0,303.025744557381,23.3834825158119,1247.64813397825,0,0,994.671782493591,0,0,74.3276241719723,0,0,0,0,0,1077.60891097784,0,221.164231523871,0,0,0,0,0,32.7604103833437,0,20.8963835835457,0,0,0,0,64.2060254663229,0,196.913195967674,0,89.3131850063801,0,0,0,22.061356574297,0,5.3175526112318,0,0,0,599.932810276747,18.7127571105957,628.739141881466,0,7654.393795982,689.437394797802,2407.04741163552,52.1074131131172,335.818169146776,0,0
0,0,0,0,0,0,0,0,66.1835633516312,0,912.887475848198,0,0,0,0,0,0,0,0,0,673.028310522437,22.368249297142,1449.93209262192,0,681.017032966018,0,0,0,95.8612053990364,0,13.720932841301,0,0,0,315.436621159315,0,3177.65680436045,994.671782493591,0,0,0,0,119.550347700715,0,0,0,1.3052107617259,213.270221039653,321.700851693749,0,0,0,0,0,126.902950242162,0,118.59862858057,0,0,0,0,0,0,301.311086043715,0,237.462720543146,0,98.7971492111683,0,0,0,26.2953669428825,0,0,0,0,0,289.215011402965,0,1066.50049605966,69.4587352275848,9234.89664678276,2232.17502366006,46.7742466926575,376.710963711143,0,0
0.166829973459244,0,0,12.7914965301752,0,2.91334369778633,0,0,0,0,0,0,0,0,0,0,108.982980184257,86.0480788275599,1142.29956877977,1.81093645095825,0,0,0,0,0,0,0,0,0,0,0,0.715316504240036,0,0,0,4.2771874666214,0,0,0,0,1.67081033438444,2822.74121115357,16.420329913497,21.681581735611,0,373.229633107781,24.6183000653982,23.4481087476015,0,276.854327365756,0,3.01571437716484,0,0,0,0,0,14.3723366856575,0,0,0,0,62.942196637392,0.290186561644077,0,0,0,0,0.328932568430901,0,0,0,0,0,0,0,0,0,116.766939409077,0.974283374845982,0,0,286.664270035923,10.8608770817518,1511.16609082371,120.255283921957,1.66320934891701
2.37366881966591,0,17.5892234742641,0,5.03602699935436,0,0,0,3.74295043945312,0,0,0,0,0,0,0,117.770130462945,29.2378081381321,435.158957391977,0,3.10646842420101,0,0,0,0,0,0,0,0,0,0,0,0,0,0,0,23.641302652657,0,0,1.67081033438444,0,3.98998564481735,1329.03372606635,0,8.29259180277586,6.70103900134563,374.350484348834,257.708089411259,481.485770232975,0,0,0,0,0,0,0,5.23033678531647,0.166132673621178,0.233400359749794,0,0,0,0,165.2427149266,0,0,0,0,0,0,0,0,0,0,7.29108300805092,0,0,0,0.978709176182747,248.857062712312,0,1.79935032129288,133.68069896847,0.119830727577209,1730.94006788731,1.95541802048683,159.999922662973
0.749445796012878,154.447390913963,0,264.449546322227,0,14.5773439109325,0,0,0,6.98648826777935,0,0,0,0,0,0,75.5023537650704,93.5076886042953,1365.32757937163,1.05124491453171,0,0,0,2.80643132328987,0,0,0,0,0,0,0,0,0,1.99731841683388,0,1.49058839678764,0,74.3276241719723,0,2822.74121115357,3.98998564481735,0,423.114472910762,25.3537505716085,0,285.665574170649,18.3954757899046,33.5560248792171,1.68544656038284,672.488760784268,0,5.94457700848579,0,0,0,0.684911251068115,0,596.609295748174,0,0,0,0,36.343947276473,0.968130640685558,0,0,6.73502469062805,0,0.546156346797943,0,0,0,0,0,0,0,0.73312583565712,0,716.731807664037,12.2569658830762,145.98205204308,0,1992.7224900648,50.4156951755285,5659.80007570982,2365.63713747263,1.86767872422934
147.810259848833,0,216.107891708612,0,44.2657513320446,0,0,0,106.004588261247,0,0,0,0,0,0,0,239.583737961948,53.0647900402546,753.435175418854,0,0,0,0,0,37.3581530302763,0,0.271510243415833,0,0,0,0,0,0,0,0,0,0,0,119.550347700715,16.420329913497,1329.03372606635,423.114472910762,0,0,18.9233433529735,10.7627813518047,587.398608841002,85.5959969311953,756.909446582198,0.432070672512054,3.05447345972061,0,0,0,7.99499088525772,0,95.3283144831657,0.408164978027344,3.14720189571381,0,1.25294078886509,0,0,248.167182035744,0,0,0,17.5420231819153,0,0,0,0,0,28.3168743252754,0,0,0,0,10.5966728031635,1276.57032035291,0,10.3373693749309,1819.62948162854,2.18002374470234,6356.13305239379,3.04140073060989,1885.38073648512
0,0,0,0.318668156862259,0,0,0,0,0,0,0,0,0,0,0,0,1.06278145313263,2.19070792198181,28.3725535869598,0,0,0,0,0,0,0,0,0,0,0,0,0,0,0,0,0,0,0,0,21.681581735611,0,25.3537505716085,0,0,0,10.7844305858016,3.06880021095276,0,0,0,0,0,0,0,0,0,0,0.320613741874695,0,0,0,0,0,0,0,0,0,0,0,0,0,0,0,0,0,0,0,0,12.3794104233384,0.428316205739975,0,0,17.417226433754,0.546507000923157,40.8739258050919,4.66859970986843,0
0,0,0,0,0,0,0,0,0,0,0,0,0,0,0,0,1.59982044994831,1.03717145323753,8.95137068629265,0,0,0,0,0,0,0,0,0,0,0,0,0,0,0,0,0,0,0,0,0,8.29259180277586,0,18.9233433529735,0,0,0,1.6352609321475,0,0.297337293624878,0,0,0,0,0,0,0,0,0,0,0,0,0,0,0.556467346847057,0,0,0,0,0,0,0,0,0,0,0,0,0,0,0.122648924589157,8.86142584681511,0,0,0.971036970615387,0,21.7504062950611,0.147299990057945,4.24963998794556
0,0.240656360983849,0,9.82694971561432,0,1.26596820354462,0,0,0,0,0,0.512990355491638,0,0,0,0,35.0542537048459,35.1564435437322,487.175558820367,9.06938278675079,0,0,0,0,0,0,0,0,0,0,0,0,0,0,0,2.49969908595085,0,0,0,373.229633107781,6.70103900134563,285.665574170649,10.7627813518047,10.7844305858016,0,0,5.22060076892376,9.84535701572895,1.23045502603054,78.5289498567581,0,1.58273628354073,0,0,0,0,0,157.992005288601,0,0,0,0,1489.18646457046,0,0,0,0,0,0,0,0,0,0,0,0,0,0,0,1348.31351795793,6.60101573914289,0,0,124.522677354515,11.7622200399637,2598.8766361475,21.5552495867014,1.40920782089233
14.4478747546673,0,25.3454324305058,1.60586893558502,14.4662351608276,0,0,0,36.9451107382774,0,0,0,0,0,0,0,208.219735510647,56.2693738862872,1352.11096571386,0,8.02466548979282,0,0,0,0,0.135527923703194,0,0,0,0,0,0,0,0,0,0,6.35815040022135,0,1.3052107617259,24.6183000653982,374.350484348834,18.3954757899046,587.398608841002,3.06880021095276,1.6352609321475,5.22060076892376,0,0,15.5787373036146,0,0,0,0,0,0,0,5.30367463827133,0.208946362137794,0.389739334583282,0,0,0,0,1516.13500618935,0,0,0,0,0.170784145593643,0,0,0,0,0.158616617321968,0,0,0,0,16.0921659469604,2309.58988301456,0,61.4299397841096,311.905019901693,0.182392731308937,1556.45724304393,2.78205156326294,18.058019593358
0,0,0,11.0316752046347,0,3.11861622333527,0,0,0.510516166687012,26.1203928142786,0,0,0,0,0,0,0,0,0.553375288844109,0.374697327613831,0.575283035635948,3.23330065608025,0,5.22190740704536,0,0,0,0,0,0,0,2861.7950553298,1476.54576691985,2382.10252346098,459.983013123274,57.6441991627216,248.843176305294,1077.60891097784,213.270221039653,23.4481087476015,257.708089411259,33.5560248792171,85.5959969311953,0,0,9.84535701572895,0,0,1088.65417048335,846.428312495351,0,0.773254364728928,0,0,0,9.50949284434319,0.21182969212532,1.48461130261421,0,0,0,0,0.169226258993149,0.463300280272961,0.762902021408081,0,24.7270142138004,0.275088608264923,0,0,0,0,0.287603765726089,0,3828.53828537464,2571.49440330267,573.62911644578,168.223496198654,1935.95277673751,437.982210278511,1104.86511608958,156.415240928531,3754.82888256013,1.12593874335289,929.467612601817,0.811001822352409,0
130.714493826032,0,76.694742590189,6.74212919175625,4.26924148201942,0.259834706783295,0,0,86.9610286355019,0,0,0,0,0,0,0,1.59843158721924,0,29.3283427208662,0.308893144130707,0.711431667208672,0,4.43322303891182,0,28.8896716237068,0,0,0,0,0,0,0.955694854259491,0,0,0,0,8.61262252926826,0,321.700851693749,0,481.485770232975,1.68544656038284,756.909446582198,0,0.297337293624878,1.23045502603054,15.5787373036146,1088.65417048335,0,21.341155782342,0,0.568585440516472,0,0,6.00272744894028,0,0.874382711946964,0.575875073671341,0,0,0,0,0,12.0622297227383,0,6.77351486682892,0,75.2894240915775,0,0,0,3.83037902414799,0,20.697511523962,5.21730154752731,24.9188230037689,0,0,0,225.230598270893,0,841.215847209096,581.59479907155,1.23776134848595,1130.15870390832,0,1.42875188589096
0,131.553226232529,0,263.671112328768,0,13.0104652643204,0,0,0,8.8263084590435,0,0,0,0,0,0,0,0.227716237306595,6.89013700187206,5.29034532606602,0,10.2881931960583,0,3.47031411528587,0,0,0,0,0,0,0,6.99854621291161,0,0,0,7.95612858235836,0,221.164231523871,0,276.854327365756,0,672.488760784268,0.432070672512054,0,0,78.5289498567581,0,846.428312495351,21.341155782342,0,0,7.68685488402843,0,0,0,5.30961465835571,0,61.137604303658,0,2.28927125781775,0,71.9711909592152,1.23642706871033,0,0,0,13.4454682767391,0,0.676791220903397,0,188.83420278132,0,27.3366003781557,0,9.36388853192329,0,0,0,348.609655193985,1.07963290810585,392.732205107808,0,521.039680600166,6.96686591207981,1042.82879904658,5.84882794320583,0.221601098775864
0,0,25.9604583978653,0,79.4748037755489,0,0,0,0,0,0,0,0,0,0,0,0,0,0,0,20.5534601211548,0,0,0,0,0,0,0,0,0,0,0,0,0,0,0,1.90804052352905,0,0,0,0,0,3.05447345972061,0,0,0,0,0,0,0,0,0,0,0,0,0,169.978151082993,0,4.73778733611107,0,0.601961731910706,0,0,84.9601681530476,0,0,0,0,0,0,0,0,0,0,0,0,0,0,0,15.5684897303581,0,0,58.2568524628878,0,316.170433446765,0,0
0,0,0,152.032603517175,0,25.7688430845737,0,30.6057820320129,0,0,0,9.43610139191151,0,0,0,0,0,0,1.2140017747879,0,0,0,0,0,0,0,0,0,0,0,0,0,0,0,0,4.44793249666691,0,0,0,3.01571437716484,0,5.94457700848579,0,0,0,1.58273628354073,0,0.773254364728928,0.568585440516472,7.68685488402843,0,0,0,0,0,1.07876062393188,0,7.60642772912979,0,0,0,123.433341383934,0.468167066574097,0,0,0,0,0,0,0,0,0,0,0,0,0,0,0,1.68468481302261,0.190576493740082,0,0,22.3008221536875,0.40098412334919,149.965753443539,0.24175252020359,0
0,0,0,0,0,0,0,0,0,0,0,0,0,0,0,0,0,0,0,0,0,0,0,0,0,0,0,0,0,0,0,0,0,0,0,0,0,0,0,0,0,0,0,0,0,0,0,0,0,0,0,0,0,0,0,0,91.6123351454735,0,0,0,0,0,0,0,0,0,0,0,0,0,0,0,0,0,0,0,0,0,0,0,0,0,0,0,0,0,0
0,0,0,0,0,0,0,6,0,0,0,0,0,0,0,0,0,0,0,0,0,0,0,0,0,0,0,0,0,0,0,0,0,0,0,0,0,0,0,0,0,0,0,0,0,0,0,0,0,0,0,0,0,0,0,0,0,0,0,0,0,0,0,0,0,0,0,0,0,0,0,0,0,0,0,0,0,0,0,0,0,0,0,0,0,0,0
206.353206962347,0,0,0,0,0,0,0,897.587514415383,0,0,0,0,0,32.4718546271324,0,0,0,0,0,0,0,0,0,46.0197851657867,0,0,0,0,0,0,0,0,0,0,0,0,0,126.902950242162,0,0,0,7.99499088525772,0,0,0,0,0,6.00272744894028,0,0,0,0,0,0,0,0,0,0,0,342.839162573218,0,0,0,0,0,0,165.956718146801,0,0,0,0,0,0,0,0,0,2.02397042512894,0,0,0,115.125602424145,61.2133505493402,0,41.1591409295797,0,0
0,317.934726804495,0,0,0,1.0923353433609,0,0,0,767.014871180058,0,0,0,0,0,41.8475266695023,0,0,0,0,0,0,0,73.9042903482914,0,57.2386234998703,0,0,0,0,0,0,0,3.00201535224915,0,0,0,32.7604103833437,0,0,0,0.684911251068115,0,0,0,0,0,9.50949284434319,0,5.30961465835571,0,1.07876062393188,0,0,0,0,0,0,0,0,0,52.121030151844,0,0,0,0,394.362909257412,0,9.75109153985977,0,0,0,0,0,0,0,2.04044941067696,0,0,0,58.9593444466591,0,54.7070863246918,0,150.237703964114,0,0
0,0,44.9970350861549,0,0,0,0,0,0,0,1232.25868092477,0,6.12085103988647,0,0,0,0,0.94934344291687,0.433842614293098,0,0,0,0,0,0,0,0,0,0,0,7.65461649000645,0,0,0,0,0,106.971193403006,0,118.59862858057,0,5.23033678531647,0,95.3283144831657,0,0,0,5.30367463827133,0.21182969212532,0.874382711946964,0,169.978151082993,0,91.6123351454735,0,0,0,0,0,274.355231836438,0,0,0,0,137.879315279424,0,0,0,0,0,0,0,7.09310412406921,0,162.468097835779,0,0,0,0,0,37.6318711191416,0,87.2432490587234,225.175972208381,0,355.869714707136,0,9.83174715936184
0,7.60946671664715,0,104.582547485828,0,33.1046375334263,0,11.3410799503326,0,0,0,1544.46804215759,0,103.747954547405,0,0,7.19081698358059,5.93250714242458,101.406696341932,3.90468357503414,0,0.289299517869949,0,0,0,0,0,0,0,42.3152933418751,0,0,0,0,0,3.57270084321499,0,20.8963835835457,0,14.3723366856575,0.166132673621178,596.609295748174,0.408164978027344,0.320613741874695,0,157.992005288601,0.208946362137794,1.48461130261421,0.575875073671341,61.137604303658,0,7.60642772912979,0,0,0,0,0,0,0,0.948482781648636,0,0,688.638480752707,0,0,0,0,0,0,0,7.55581352114677,0,64.4497590363026,0,0,0,0,0,15.3794487714767,0.783791959285736,1.68282604217529,0,45.2235331535339,4.31951657682657,564.685482770205,109.757768511772,0
0,0,6.46864518523216,0,0,0,0,0,0,0,221.170377969742,0,106.309991121292,0,0,0,0.165886044502258,0,0,0,0,0,0,0,0,0,0,0,2.73753213882446,0,33.0044665932655,0,0,0,0,0,0,0,0,0,0.233400359749794,0,3.14720189571381,0,0,0,0.389739334583282,0,0,0,4.73778733611107,0,0,0,0,0,274.355231836438,0,0,0,25.0649564862251,0,0,0,0,0,0,0,0,0,0,3.75341075658798,0,3.00032606720924,0,0,0,0,0,0,0,0,119.850766181946,0,9.73026241362095,0,0.468424469232559
0,7.81335865706205,0,29.096775457263,0,0,0,1,0,0,0,11.1811399459839,0,304.733743190765,0,0,0,0,0,0,0,0,0,0,0,0,0,44.3392467498779,0,0,0,0,0,0,0,0,0,0,0,0,0,0,0,0,0,0,0,0,0,2.28927125781775,0,0,0,0,0,0,0,0.948482781648636,0,0,0,1.11375150829554,0,0,0,0,0,0,0,0,0,0,0,0,0,0,0,0,0,0,0,0,15.5661711096764,0,0.148786827921867,0,0
108.231352344155,0,0,0,0,0,0,0,54.5043538659811,0,0,0,0,0,12.8319895267487,0,0.875681430101395,0,0,0,0,0,0,0,0,0,1.4796895980835,0,0,0,0,0,0,0,0,0,0,0,0,0,0,0,1.25294078886509,0,0,0,0,0,0,0,0.601961731910706,0,0,0,342.839162573218,0,0,0,25.0649564862251,0,0,0,0,0,0,0,0,0,0,0,0,0,0,0,0,0,0,0,0,0,0,0,2.4397828578949,0,2.56753726303577,0,0
0,94.2172023504972,0,0,0,3.98883146047592,0,0,0,33.6690480709076,0,0,0,0,0,12.8813017606735,0,4.19412240386009,0,0,0,0,0,0,0,0,0,0,0,0,0,0,0,0,0,0,0,0,0,0,0,0,0,0,0,0,0,0,0,71.9711909592152,0,123.433341383934,0,0,0,52.121030151844,0,0,0,1.11375150829554,0,0,0,0,0,0,0,0,0,0,0,0,0,0,0,0,0,0,0,0,0,0,3.35553497076035,0,0,0,0
0,0,0,24.7920249849558,0,0.364079549908638,0,0,0,0,0,18.9892189502716,0,0,0,0,0.318447649478912,0.840552985668182,10.6359825357795,1342.45954916626,0,0,0,0,0,0,0,0,0,0,0,0,0,0,0,953.244635879993,0,64.2060254663229,0,62.942196637392,0,36.343947276473,0,0,0,1489.18646457046,0,0.169226258993149,0,1.23642706871033,0,0.468167066574097,0,0,0,0,0,688.638480752707,0,0,0,0,0,0,0,0,0,0,0,0,0,0,0,0,0,0,0,0,1791.76859463751,0,18.1462327986956,0,30.2470193654299,0.626925408840179,1549.39323603362,7.02352021634579,0
0.254732258617878,0,3.74154436588287,0,19.0662640035152,0,0,0,0,0,173.7879088521,0,0,0,0,0,19.9136720225215,3.65005114674568,65.4023168906569,0,557.709011249244,0,0,0,0,0,0,0,0,0,0,0,0,0,0,0,954.133847177029,0,301.311086043715,0.290186561644077,165.2427149266,0.968130640685558,248.167182035744,0,0.556467346847057,0,1516.13500618935,0.463300280272961,12.0622297227383,0,84.9601681530476,0,0,0,0,0,137.879315279424,0,0,0,0,0,0,0,0,0,0,0,0,0,0,0,0,0,0,0,0,0,0.469928294420242,1398.86203088611,0,219.7062022686,193.050739519298,0,889.466903991997,1.05104845762253,4.40602517127991
0,0,0,0,0,0,0,0,0,0,0,0,0,0,0,0,3.50829499959946,212.136874005198,2.45081758499146,0,0,6648.83073733747,26.0770078897476,25.6430407017469,0,23.2874967157841,0.974000573158264,103.127987325191,0,0,0,0,0,0,0,0,0,196.913195967674,0,0,0,0,0,0,0,0,0,0.762902021408081,0,0,0,0,0,0,0,0,0,0,0,0,0,0,0,0,0,0,247.05263710022,0,272.935689866543,0,7.07270258665085,0,0,0,0,0,0,0,0,0,161.11131092906,0,313.765462502837,0,0,0,0
0,0,0,0,0,0,0,0,0,0,0,0,0,0,0,0,90.0103816539049,0.352020710706711,1.48813313245773,0,0,662.932092875242,6792.9971255362,0,50.2176905572414,0,104.947154343128,0,1.03170657157898,0,0,0,0,0,0,0,0,0,237.462720543146,0,0,0,0,0,0,0,0,0,6.77351486682892,0,0,0,0,0,0,0,0,0,0,0,0,0,0,0,0,0,0,248.519337370992,0,9.92147976160049,0,203.639926701784,0,0,0,0,0,0,0,0,0,44.1071315258741,512.517912775278,32.4011951684952,1.73673185706139,0,0
0,52.8219413757324,0,0,0,0,0,0,0,27.7553493529558,0,0,0,0,0,0,0,0,0,0,0,42.5248294472694,0,1067.13547486067,0,12.3183800131083,0,0,0,0,0,0,0,1.09714984893799,0,0,0,89.3131850063801,0,0,0,6.73502469062805,0,0,0,0,0,24.7270142138004,0,13.4454682767391,0,0,0,0,0,394.362909257412,0,0,0,0,0,0,0,0,247.05263710022,0,0,0,173.182682111859,0,1.92916876077652,0,0,0,0,0,9.85175213217735,0,0,0,212.879975736141,0,87.82179223001,0,179.153725117445,0,0
0,0,0,0,0,0,0,0,8.65184080600739,0,0,0,0,0,0,0,0,0,0,0,0,0,259.903106153011,0,400.742936685681,0,0.998020231723785,0,0,0,0,0,0,0,0,0,0,0,98.7971492111683,0,0,0,17.5420231819153,0,0,0,0,0.275088608264923,75.2894240915775,0,0,0,0,0,165.956718146801,0,0,0,0,0,0,0,0,0,0,248.519337370992,0,0,0,0,0,0,0,0,0,0,0,0,0,0,0,201.467823505402,136.858937725425,0,124.991462752223,0,0
0,2.52199590206146,0,0,0,0,0,0,0,1.02256381511688,0,0,0,0,0,1.31410431861877,44.2741905376315,759.1756221205,50.7615854144096,0,0,38.1851781159639,0,48.8382582515478,0,153.147331923246,0,0,0,0,0,0,0,0,0,0,0,0,0,0.328932568430901,0,0.546156346797943,0,0,0,0,0.170784145593643,0,0,0.676791220903397,0,0,0,0,0,9.75109153985977,0,0,0,0,0,0,0,0,272.935689866543,0,173.182682111859,0,0,0,22.8605304062366,0,0,0,0,0,0,0,0,0,0,0,136.455566674471,0,20.5761691778898,0.232237443327904,0
0,0,0,0,0,0,0,0,0,0,0,0,0,0,32.6515962183475,0,39.2462314069271,6.67198885977268,4.33105617761612,0,0,2.87484431266785,115.548230290413,0,0,0,259.737649440765,0,0,0,0,0,0,0,0,0,0,0,0,0,0,0,0,0,0,0,0,0,0,0,0,0,0,0,0,0,0,0,0,0,0,0,0,0,0,9.92147976160049,0,0,0,0,0,60.0098826289177,0,0,0,0,0,0,0,0,0,0,123.554587423801,0,0,0,0
0,0,0,0,0,0,0,0,0,0,0,53.9030592441559,0,4.43317747116089,0,0,0,0,0,0,0,64.3636884689331,0,0,0,0,0,598.855113208294,0,351.342781603336,0,0,0,0,0,0,0,22.061356574297,0,0,0,0,0,0,0,0,0,0,0,188.83420278132,0,0,0,0,0,0,0,7.55581352114677,0,0,0,0,0,0,7.07270258665085,0,1.92916876077652,0,22.8605304062366,0,0,0,47.2529566735029,0,0,0,0,0,0,0,110.981222912669,0,2.9689679145813,0,0,0,0
0,0,0,0,0,0,0,0,0,0,36.0547637939453,0,0,0,0,0,0,0,0,0,0,0,1217.50057277083,0,0,0,0,0,823.498482942581,0,10.9909145236015,0,0,0,0,0,0,0,26.2953669428825,0,0,0,0,0,0,0,0,0,3.83037902414799,0,0,0,0,0,0,0,7.09310412406921,0,3.75341075658798,0,0,0,0,0,0,203.639926701784,0,0,0,60.0098826289177,0,0,0,0.940222203731537,0,0,0,0,0,0,0,1573.17144817114,0,0,0,0,0
0,0,0,0,0,0,0,0,0,0,0,47.4186583608389,0,0,0,0,0,0,0,0,0,0.261586129665375,0,0,0,0,0,0,0,91.2271856218576,0,0,0,0,0,0,0,5.3175526112318,0,0,0,0,0,0,0,0,0,0.287603765726089,0,27.3366003781557,0,0,0,0,0,0,0,64.4497590363026,0,0,0,0,0,0,0,0,0,0,0,0,47.2529566735029,0,0,0,0,0,0,0,0,0,681.882525011897,0,0,0,0.191552311182022,0,0
0.211574777960777,0,0,0,0,0,0,0,0,0,36.4052436798811,0,0,0,0,0,0,0,0.232780650258064,0,0,0,0,0,0,0,0,0,14.4847358465195,0,146.524363577366,0,0,0,0,0,0,0,0,0,0,0,28.3168743252754,0,0,0,0.158616617321968,0,20.697511523962,0,0,0,0,0,0,0,162.468097835779,0,3.00032606720924,0,0,0,0,0,0,0,0,0,0,0,0,0.940222203731537,0,0,0,0,0,0,0,0,0,69.2929806560278,1.53058864176273,0,66.1949487626553,0,3.58565351366997
0,0,0,0,0,0,0,0,0,0,0,0,0,0,0,0,0,0,0,0,0,0,0,0,0,0,0,0,0,0,0,369.322223871946,370.571701169014,14.737606331706,0,644.015510588884,19.1152105331421,0,0,0,7.29108300805092,0,0,0,0,0,0,3828.53828537464,5.21730154752731,9.36388853192329,0,0,0,0,0,0,0,0,0,0,0,0,0,0,0,0,0,0,0,0,0,0,0,0,0,56.0302193462849,1026.59580856562,0,141.639828518033,0,0,0,183.839186489582,0,0,0,0
0,0,0,0,0,0,0,0,0,0,0,0,0,0,0,0,0,0,0,0,0,0,0,0,0,0,0,0,0,0,0,448.187216073275,978.525350421667,22.211772441864,136.046209603548,0,257.666929244995,0,0,0,0,0,0,0,0,0,0,2571.49440330267,24.9188230037689,0,0,0,0,0,0,0,0,0,0,0,0,0,0,0,0,0,0,0,0,0,0,0,0,0,56.0302193462849,0,0,1175.99220603704,0,926.72207570076,0,0,28.4578022360802,0,0,0,0
0,0,0,0,0,0,0,0,0,3.23214328289032,0,0,0,0,0,0,0,0,0,0,0,0,0,6.53701159358025,0,0,0,0,0,0,0,0,0,1480.60355171561,326.26031960547,212.576755195856,0,599.932810276747,0,0,0,0.73312583565712,0,0,0,0,0,573.62911644578,0,0,0,0,0,0,0,2.04044941067696,0,0,0,0,0,0,0,0,0,0,9.85175213217735,0,0,0,0,0,0,0,1026.59580856562,0,0,127.765710458159,94.1442814469337,0,935.615956261754,0,315.876071095467,0,8.40740355849266,0,0
0,0,0,0,0,0,0,0,0,0,0,0,0,0,0,0,0,0,0,0,0,0,0,0,0,0,0,0,0,0,0,22.6893901824951,29.7461705803871,1309.61051744223,1850.63213121891,0,191.759479761124,18.7127571105957,289.215011402965,0,0,0,0,0,0,0,0,168.223496198654,0,0,0,0,0,0,2.02397042512894,0,0,0,0,0,0,0,0,0,0,0,0,0,0,0,0,0,0,0,0,1175.99220603704,127.765710458159,0,0,1309.95375044644,0,234.637198209763,445.365086734295,0,0,0,0
0.148996070027351,0.77838659286499,0,17.4355996251106,0,0,0,0.647031128406525,0,0,0,205.130258858204,0,0,0,0,71.1142377927899,49.4607484787703,824.499668106437,491.010373532772,0,0,0,0,0,0,0,0,0,0,0,97.4835770875216,222.693947374821,15.2522090673447,0,10826.5216859803,222.936312973499,628.739141881466,0,116.766939409077,0.978709176182747,716.731807664037,10.5966728031635,12.3794104233384,0.122648924589157,1348.31351795793,16.0921659469604,1935.95277673751,0,348.609655193985,0,1.68468481302261,0,0,0,0,0,15.3794487714767,0,0,0,0,1791.76859463751,0.469928294420242,0,0,0,0,0,0,0,0,0,0,141.639828518033,0,94.1442814469337,0,0,47.3927613943815,276.572206676006,0,1661.71262089163,41.4792436882854,611.241705194116,53.1925339922309,0.763985142111778
5.53552737832069,0,6.63984341919422,0,9.61484391987324,0,0,0,0,0,72.0306655168533,0,0,0,0,0,179.342113256454,59.1837464645505,952.809239968657,0,592.813558340073,0,0,0,0,0,0,0,0,0,0,1.09174180030823,34.2879000306129,0,192.60612437129,622.024958044291,11568.3694705069,0,1066.50049605966,0.974283374845982,248.857062712312,12.2569658830762,1276.57032035291,0.428316205739975,8.86142584681511,6.60101573914289,2309.58988301456,437.982210278511,225.230598270893,1.07963290810585,15.5684897303581,0.190576493740082,0,0,0,0,37.6318711191416,0.783791959285736,0,0,0,0,0,1398.86203088611,0,0,0,0,0,0,0,0,0,0,0,926.72207570076,0,1309.95375044644,47.3927613943815,0,0,240.397094540298,2266.52830506116,545.872873336077,1756.13710766286,2.07789571583271,86.7813999801874
0,0,0,0,0,0,0,0,0,22.4363953322172,0,219.330036908388,0,0,0,0,0,0,0,29.4620750546455,0,801.300529032946,0,416.742353960872,0,0,0,0,0,264.219558119774,0,0,0,458.872141778469,0,27.4568342417479,0,7654.393795982,69.4587352275848,0,0,145.98205204308,0,0,0,0,0,1104.86511608958,0,392.732205107808,0,0,0,0,0,58.9593444466591,0,1.68282604217529,0,0,0,0,18.1462327986956,0,161.11131092906,0,212.879975736141,0,0,0,110.981222912669,0,681.882525011897,0,0,0,935.615956261754,0,276.572206676006,0,0,24.2945392131805,910.239853978157,0,145.406188577414,0,0
0,0,0.474727213382721,0,0,0,0,0,28.1712863147259,0,363.446905702353,0,0,0,0,0,0.387403257191181,0.298013210296631,8.28199842572212,0,107.482028663158,3.43893158435822,810.516297236085,0,114.098840326071,0,0,0,18.4694238603115,0,1.35339906811714,0,0,0,263.771122917533,0,315.838394366205,689.437394797802,9234.89664678276,0,1.79935032129288,0,10.3373693749309,0,0,0,61.4299397841096,156.415240928531,841.215847209096,0,0,0,0,0,115.125602424145,0,87.2432490587234,0,0,0,0,0,0,219.7062022686,0,44.1071315258741,0,201.467823505402,0,0,0,1573.17144817114,0,69.2929806560278,0,0,0,234.637198209763,0,240.397094540298,24.2945392131805,0,1094.6957705915,14.2654341459274,231.089744642377,0,1.76056694984436
216.267071157694,56.3093564659357,88.6503050252795,214.352591320872,26.5499275773764,113.132858410478,0,8.84756660461426,509.572409421206,306.13262232393,81.2516496181488,288.757440298796,0,32.7497609853745,24.3202748894691,82.2634131759405,6110.68975891173,6483.09977368265,2813.09432872385,71.9442370086908,114.648532673717,2479.11193054914,2710.56404358149,218.976692378521,439.530856341124,207.734998986125,195.519492387772,1,47.1491377353668,3.1607654094696,96.9753522872925,47.0902454555035,91.7953713834286,423.08423897624,207.748874664307,1407.93833953142,1467.47153687477,2407.04741163552,2232.17502366006,286.664270035923,133.68069896847,1992.7224900648,1819.62948162854,17.417226433754,0.971036970615387,124.522677354515,311.905019901693,3754.82888256013,581.59479907155,521.039680600166,58.2568524628878,22.3008221536875,0,0,61.2133505493402,54.7070863246918,225.175972208381,45.2235331535339,119.850766181946,15.5661711096764,2.4397828578949,3.35553497076035,30.2470193654299,193.050739519298,313.765462502837,512.517912775278,87.82179223001,136.858937725425,136.455566674471,123.554587423801,2.9689679145813,0,0,1.53058864176273,183.839186489582,28.4578022360802,315.876071095467,445.365086734295,1661.71262089163,2266.52830506116,910.239853978157,1094.6957705915,0,1631.02517677844,3391.10350464284,198.05087852478,208.920426636934
