0,0,3.34910727664828,0,0,0,0,0,5.47706748428659,0,0,0,0,0,0,0,0,0,9.69902038574219,0,0,0,0,0,0,0,0,0,0,0,0,0,0,0,0,0,0,0,0,0,0,0,15.2166907787323,0,0,0,0,0,4.56735644340515,0,0,0,0,0,5.44296098273733,0,0,0,0,0,2.7482762336731,0,0,0,0,0,0,0,0,0,0,0,0,0,0,0,0,0,0,0,0,0,3.52761289051601,0,3.54177972017708,0,7.51484513282776
0,0,0,5.08169686794281,0,0,0,0,0,4.48989760581358,0,0,0,0,0,0,0,0,0,0,0,0,0,0,0,0,0,0,0,0,0,0,0,0,0,0,0,0,0,0,0,9.27302164501614,0,0,0,0,0,0,0,4.55097271174919,0,0,0,0,0,3.54580032110214,0,0,0,0,0,3.48461968700091,0,0,0,0,0,0,0,0,0,0,0,0,0,0,0,0,0,0,30.0414180755615,0,23.6819894578722,0,3.92418069659539,0,0
3.34910727664828,0,0,0,9.13018577749079,0,0,0,5.45077705748227,0,0,0,0,0,0,0,0,0,60.3691482543945,0,30.1324005126953,0,0,0,0,0,0,0,0,0,33.7148222923279,0,0,0,0,0,0,0,33.0968170166016,0,40.3215322494507,0,32.3026439121791,0,17.2560214996338,0,11.8979778289795,33.1711673736572,11.7917686189924,0,4.23277950286865,0,0,0,0,0,16.4358898892122,0,3.70842627588525,0,4.30932930310567,0,0,24.0352818965912,0,0,0,0,0,0,0,0,0,35.1971473693848,0,0,0,0,0,49.304386138916,0,35.195291519165,18.1471685383418,29.5924463272095,7.1340075824822,0,31.3150987625122
0,5.08169686794281,0,0,0,0,0,0,0,3.52533184157477,0,0,0,0,0,0,0,0,50.472042798996,0,0,0,0,0,0,0,0,0,0,0,0,0,0,0,0,25.589769744873,126.839378356934,0,0,36.9731068845655,0,36.9378751542833,0,0,0,17.1336542494754,0,45.9862219492594,36.0515823364258,29.2432169306512,0,0,0,0,0,7.02412301175138,0,6.74624965888149,0,4.26945859193802,0,5.18210843823991,15.173243381359,0,0,0,0,0,0,0,0,0,30.7516741434733,0,0,0,0,0,47.5416968663534,0,40.7445987701416,0,25.2140928766002,43.5050557454427,13.1358566822979,29.5891609191895,0
0,0,9.13018577749079,0,0,0,3.70835073788961,0,4.4434666633606,0,33.9930362701416,0,0,0,0,0,0,0,41.7221851348877,0,7.15839329211165,0,0,0,0,0,0,0,0,0,35.8121109008789,0,50.0576697455512,0,0,0,16.7363682602936,0,34.9360122680664,42.1404075622559,38.760307091933,0,41.7253000736237,0,0,0,16.0857349893321,45.6451487073711,36.5209682039593,41.7336163520813,3.75865717643016,0,0,0,4.5894086522025,0,31.0002449883355,0,34.4641756330218,0,3.9573660671711,0,0,10.6248634173349,0,0,0,0,0,0,0,0,0,36.3104638319749,0,53.7535095214844,0,59.6249923706055,0,18.2128142654725,0,59.6808414459229,18.1121823853009,37.4506385109641,14.7110889151191,0,41.5984711647034
0,0,0,0,0,0,0,0,0,3.21372721134088,0,0,0,2.72633266448975,0,0,0,0,56.4587478637695,10.4542560577393,0,0,0,0,0,0,0,0,0,0,0,0,0,0,0,22.9200635389848,0,0,0,42.3899574279785,0,54.6754531860352,0,87.5658493041992,0,16.6167583465576,0,43.5463018417358,0,36.4254404703776,0,2.86902073451451,0,0,0,3.22543389929665,0,0,0,2.81344454629081,0,2.92381548881531,9.33279022803673,0,0,0,0,0,0,0,0,0,0,0,0,0,0,0,19.9293012619019,0,0,0,19.8286960976464,49.3446578979492,17.4344204724845,0,0
0,0,0,0,3.70835073788961,0,0,0,0,0,4.83880376815796,0,0,0,0,0,0,0,0,0,5.00868536366357,0,0,0,0,0,0,0,0,0,0,0,0,0,0,0,0,0,0,0,0,0,0,0,0,0,0,0,0,0,0,0,3.35848901793361,0,0,0,3.24864369346982,0,0,0,0,0,0,0,0,0,0,0,0,0,0,0,0,0,0,0,0,0,0,0,0,0,4.73226200504067,0,0,0,0
0,0,0,0,0,0,0,0,0,0,0,0,0,2.93697546510135,0,0,0,0,0,0,0,0,0,0,0,0,0,0,0,0,0,0,0,0,0,0,0,0,0,0,0,0,0,0,0,0,0,0,0,0,0,0,0,2.90460405349731,0,0,0,0,0,2.73617839813232,0,0,0,0,0,0,0,0,0,0,0,0,0,0,0,0,0,0,0,0,0,0,2.74927759170532,0,0,0,0
5.47706748428659,0,5.45077705748227,0,4.4434666633606,0,0,0,0,46.5635223388672,0,0,0,0,6.83749315884649,0,11.6062448960443,35.5270682493846,16.4372228796665,0,27.7821083068848,0,26.280142288208,0,12.0301377281136,34.6514358520508,15.567703936411,0,0,0,34.7697811126709,0,0,0,0,0,0,0,3.07879468202591,97.8398132324219,44.7151463826497,0,32.9471212114607,0,0,0,12.8472431182861,0,7.87130673657293,0,58.9684600830078,0,0,0,5.61380291589733,0,32.1046510176225,0,23.6133060455322,0,7.69096718701449,0,94.2449798583984,25.1760031382243,0,25.5827083587646,0,0,0,14.2079382352531,0,0,0,37.9974199930827,0,0,0,0,0,65.2280731201172,66.0718002319336,37.5685931614467,9.76204622942607,40.1816749572754,7.3337421787812,0,0
0,4.48989760581358,0,3.52533184157477,0,3.21372721134088,0,0,46.5635223388672,0,0,0,0,0,0,11.4965198040009,38.2869426182338,15.7790613969167,28.7654932022095,0,0,19.8906103769938,0,9.95201049883341,0,18.5771863119943,0,0,0,0,0,0,0,0,0,0,0,7.18009629975194,0,0,0,4.51110567092895,0,0,0,0,0,0,0,3.42360184192657,0,0,0,0,0,4.22505304075075,0,0,0,0,0,0,13.0950794219971,0,29.7017803192139,0,0,0,18.2828998565674,0,0,0,0,0,0,0,0,0,0,0,0,0,7.05673529400949,8.90070497989655,4.85443340029035,0,0
0,0,0,0,33.9930362701416,0,4.83880376815796,0,0,0,0,0,3.4478341738383,0,0,0,50.6678972244263,59.7024116516113,36.329493522644,0,5.64139272577871,0,0,0,0,0,0,0,3.16199600696564,0,6.76410970026559,0,0,0,0,0,6.65440686141388,0,4.4745158937913,0,41.9890711857722,0,39.6067493983677,0,37.8909320831299,0,22.0933903547434,55.3562850952148,51.9931788974338,56.2595138549805,32.7259459495544,0,3.99261438310816,0,0,0,4.26555309760776,0,32.5685443878174,0,32.396785736084,0,0,11.5636560602816,0,0,0,0,0,0,0,0,0,6.78584586120233,0,0,0,0,0,42.1095210638913,0,7.08457233224596,4.77567377512968,0,23.2203241189321,0,22.336324373881
0,0,0,0,0,0,0,0,0,0,0,0,0,0,0,0,0,70.7443923950195,33.3833084106445,3.45199792304735,0,0,0,0,0,0,0,0,0,3.5272556644375,0,0,0,0,0,5.3971936404705,0,3.49104911544778,0,39.9845867156982,0,54.2868041992188,0,0,0,18.8338101804256,0,44.5921630859375,0,0,0,0,0,0,0,0,0,4.69390752123268,0,2.85064196586609,0,0,7.02768914712654,0,0,0,0,0,0,0,0,0,4.9197032338097,0,0,0,0,0,6.0256747717553,0,3.67991475227487,0,3.41865981192816,0,7.06119079368059,0,0
0,0,0,0,0,0,0,0,0,0,3.4478341738383,0,0,0,2.74974930286407,0,0,0,0,0,0,0,0,0,0,0,0,0,0,0,3.03920841217041,0,0,0,0,0,0,0,0,0,0,0,0,0,0,0,0,0,0,0,0,0,0,0,0,0,0,0,3.13972173418318,0,0,0,0,0,0,0,0,0,0,0,0,0,0,0,0,0,0,0,0,0,0,0,2.89046780268351,0,0,0,0
0,0,0,0,0,2.72633266448975,0,2.93697546510135,0,0,0,0,0,0,0,0,0,10.1343347728252,0,0,0,20.8539381027222,0,15.62926197052,0,6.52229744780297,0,0,0,0,0,0,0,0,0,0,0,0,0,0,0,0,0,0,0,0,0,0,0,6.49078893661499,0,0,0,0,0,0,0,5.92719078063965,0,3.03014505536933,0,2.94073890447617,0,0,26.3117141723633,0,0,0,0,0,0,0,0,0,0,0,0,0,0,0,0,0,28.2570610046387,0,0,0,0
0,0,0,0,0,0,0,0,6.83749315884649,0,0,0,2.74974930286407,0,0,57.1211853027344,8.7025388582893,44.057331766401,39.6089122078635,0,0,36.4834213256836,24.3957866191864,0,16.8145088076591,0,9.6705213154643,0,3.13813883066177,0,0,0,0,0,0,0,0,0,0,0,0,88.1056289672852,0,79.18017578125,0,0,0,0,6.74474668502808,0,0,0,0,0,5.24870031294615,0,0,0,0,0,4.71927243651766,0,0,0,0,25.6033194065094,0,0,0,7.77828338486808,0,0,0,0,0,0,0,0,110.722450256348,0,0,0,10.5127510214919,16.4353928565979,0,0,0
0,0,0,0,0,0,0,0,0,11.4965198040009,0,0,0,0,57.1211853027344,0,34.5798397064209,8.42383086997851,0,0,0,17.3397393226624,0,9.77390375137329,0,5.54438299584472,0,0,0,0,0,0,0,0,0,0,0,0,0,0,0,48.6773948669434,0,0,0,0,0,0,0,5.07495474815369,0,0,0,0,0,3.2797127181086,0,0,0,0,0,3.14655311107636,0,0,17.2436294555664,0,11.1676979064941,0,4.1593972011046,0,0,0,0,0,0,0,0,0,0,0,0,0,7.75700819107794,0,0,0,0
0,0,0,0,0,0,0,0,11.6062448960443,38.2869426182338,50.6678972244263,0,0,0,8.7025388582893,34.5798397064209,0,16.8933589897831,20.6386572549473,0,0,26.7655182729793,14.5839641328349,31.2191021154215,17.3099651207147,35.7409222276905,11.0198868562493,0,6.25275690555573,0,55.5860489739312,0,0,0,0,82.7225357858758,78.4653705250133,0,57.4370918273926,66.7398375915966,57.8862430897165,52.3862894843606,44.5389646993925,72.5694058736165,44.5217000787908,59.8177374019179,56.6264585412067,63.5193538665771,62.5753540992737,71.8675689697266,79.2036361694336,0,0,0,11.1839392812628,0,56.5146147075452,68.3587226867676,0,0,10.7478266752483,0,71.0807810816272,61.7651774088542,27.0491513411204,19.2276615301768,0,15.4539127349854,40.9654407501221,13.1469256733618,72.4352188110352,0,69.2970676422119,57.3427599177641,0,0,0,0,70.6252226181972,62.3269527146267,72.7772590441582,55.8866262811914,15.8409358954817,16.9479628008698,52.2341651627512,53.0667947622446,38.4046898919183
0,0,0,0,0,0,0,0,35.5270682493846,15.7790613969167,59.7024116516113,70.7443923950195,0,10.1343347728252,44.057331766401,8.42383086997851,16.8933589897831,0,17.9232815828914,0,0,16.2854472758757,31.3773934358642,16.6463566807851,28.6760172061431,9.29780231366049,36.5888578447245,3.93369549512863,0,0,0,0,0,0,0,75.2831277286305,81.3228391011556,72.3348426818848,76.7938079833984,57.8154727259914,67.4830469877824,45.4841070878341,58.1556139640438,43.3006319792374,55.2697448730469,52.354355877096,61.5249378806666,59.1541042327881,0,59.5717425876194,0,0,0,0,30.1831665039062,0,93.0461082458496,55.4116219111851,0,0,41.1168069839478,52.8379020690918,65.4107152726915,70.282247543335,15.6952111235371,27.5797251292637,17.7811012268066,0,12.3359836928515,41.1335813734267,0,0,66.4049247003371,70.4218271255493,0,0,0,0,61.6153166066045,72.2671856550737,57.7393651066056,67.1464009492294,17.2624739237425,19.5026504107884,53.1982475478074,39.9341935011057,55.3462135791779
9.69902038574219,0,60.3691482543945,50.472042798996,41.7221851348877,56.4587478637695,0,0,16.4372228796665,28.7654932022095,36.329493522644,33.3833084106445,0,0,39.6089122078635,0,20.6386572549473,17.9232815828914,0,0,35.5055352724515,36.3059571300234,40.4102600826306,16.8813266044571,34.4737866928703,25.4179212736047,33.1023716440006,0,0,59.212776184082,45.4467259031354,0,0,0,0,55.277576363379,62.319042680177,0,38.8761325836182,47.4688081595589,42.8725882664623,37.8206470747104,35.6064917595853,16.6119378087341,26.4438221587075,29.780640141127,35.5117419173714,47.5445131574358,56.8152468999227,53.3234279030248,0,0,0,0,0,47.7466840744019,43.2405944824219,42.9134506846583,80.3683547973633,0,50.013916015625,0,50.5772421634558,42.8478518001369,32.8901607513428,35.8014256613595,0,0,26.6455666224162,32.7470017510491,0,40.8647441864014,47.5815562825454,44.1674012369758,0,0,0,0,47.1394952565274,51.6114725673587,43.7927224344282,45.2529269526682,19.2992065348978,41.0095650457567,27.4130169177177,24.8235450277051,32.4343985979442
0,0,0,0,0,10.4542560577393,0,0,0,0,0,3.45199792304735,0,0,0,0,0,0,0,0,0,0,0,0,0,0,0,0,0,6.46042628037302,0,0,0,0,0,4.00505614163638,0,4.25424489107999,0,42.3391933441162,0,57.6983728408813,0,0,0,15.4416446950701,0,0,0,42.5698928833008,0,7.60337829589844,0,0,0,0,0,4.12860432424043,0,0,0,0,5.20100322138378,0,0,0,0,0,0,0,0,0,7.4842260811064,0,0,0,0,0,5.96507951531237,88.2835159301758,7.05694037357359,0,2.90988902612166,2.96526024341583,9.05281898710463,0,0
0,0,30.1324005126953,0,7.15839329211165,0,5.00868536366357,0,27.7821083068848,0,5.64139272577871,0,0,0,0,0,0,0,35.5055352724515,0,0,0,0,0,0,0,0,0,0,0,8.26442607991836,0,0,0,0,0,7.80218262818395,0,4.56481242027038,67.2758636474609,40.1309001786368,63.5606651306152,33.1346120332417,0,30.8402608235677,0,13.7379060801963,50.2576210021973,43.8695752461751,0,24.2787042764517,0,7.06322234869003,0,0,0,5.71794758902656,0,29.1846991644965,0,0,0,0,5.95853802386102,0,0,0,0,0,0,0,16.4034303029378,0,8.98204990309112,0,0,0,0,79.7062454223633,15.5203312297485,0,4.65615036713816,9.82533440362839,39.0185165405273,14.2622840078721,0,21.038688659668
0,0,0,0,0,0,0,0,0,19.8906103769938,0,0,0,20.8539381027222,36.4834213256836,17.3397393226624,26.7655182729793,16.2854472758757,36.3059571300234,0,0,0,6.41331857953753,6.0089763036796,49.2435131072998,9.08781625386831,39.1038940429687,0,0,0,0,0,0,0,0,0,0,6.72611450635108,0,90.7177085876465,0,0,61.8483848571777,0,0,0,0,22.3147714278277,55.7807540893555,7.14119609608047,0,0,0,0,0,0,0,0,0,0,0,0,0,0,3.87439173744507,0,0,0,18.0457704500719,43.8461837768555,0,0,0,0,0,0,0,0,0,0,6.90683375390849,0,6.24672303810174,4.50685173988342,13.8403896792182,0,0
0,0,0,0,0,0,0,0,26.280142288208,0,0,0,0,0,24.3957866191864,0,14.5839641328349,31.3773934358642,40.4102600826306,0,0,6.41331857953753,0,33.0410461425781,7.21788969569736,0,9.16895384003973,0,4.28342409694896,0,0,0,0,0,0,0,0,0,4.58031598636899,0,69.927480061849,60.2753829956055,57.1079324086507,0,0,114.170593261719,0,0,15.7566462872823,0,0,0,0,0,27.1993328730265,0,0,0,0,0,22.5972985029221,0,0,0,0,4.08344446025645,0,4.04830609049116,0,12.6431455505028,0,0,0,68.1926651000977,0,0,0,0,93.9092864990234,90.4448547363281,0,6.58198635070882,7.44524093572922,5.08511355776846,15.7124875386556,0,0
0,0,0,0,0,0,0,0,0,9.95201049883341,0,0,0,15.62926197052,0,9.77390375137329,31.2191021154215,16.6463566807851,16.8813266044571,0,0,6.0089763036796,33.0410461425781,0,39.6272201538086,7.59181612213223,44.1172637939453,0,0,0,0,0,0,0,0,0,0,6.05261250497392,0,0,0,0,0,0,0,88.6983642578125,0,14.8907794952393,0,8.48875677211402,0,0,0,0,0,5.24799394607544,0,0,0,0,0,0,0,0,21.0604621887207,0,4.36991781049609,0,6.92082238197327,43.6911849975586,0,0,96.6285018920898,0,0,0,0,0,62.1413917541504,0,8.50272861060563,0,8.3769379032413,20.7606531778971,6.83432180373395,0,0
0,0,0,0,0,0,0,0,12.0301377281136,0,0,0,0,0,16.8145088076591,0,17.3099651207147,28.6760172061431,34.4737866928703,0,0,49.2435131072998,7.21788969569736,39.6272201538086,0,34.2735900878906,6.45461888817268,0,0,0,0,0,0,0,0,0,0,0,4.17626383060064,0,51.3060073852539,121.766777038574,52.233512878418,0,0,58.3695220947266,0,0,4.26450027701675,0,0,0,0,0,16.5342479172875,0,0,0,0,0,13.8925251430935,0,73.1374282836914,0,0,4.45278709510277,0,3.31229588320089,27.1530570983887,9.87242574200911,0,0,0,0,0,0,0,0,93.9210395812988,59.6446469624837,0,83.544734954834,10.5731140657532,17.1228624071394,8.84361180464427,0,0
0,0,0,0,0,0,0,0,34.6514358520508,18.5771863119943,0,0,0,6.52229744780297,0,5.54438299584472,35.7409222276905,9.29780231366049,25.4179212736047,0,0,9.08781625386831,0,7.59181612213223,34.2735900878906,0,35.5544891357422,0,0,0,0,0,0,0,0,0,0,0,0,70.5308456420898,0,0,0,0,0,0,0,0,0,0,0,0,0,0,0,0,0,0,0,6.41323788960775,0,5.81907385587692,0,0,7.5883552383204,0,3.49269496310841,0,3.89643801523715,0,0,0,0,0,0,0,0,0,0,83.1118354797363,0,0,10.0483058484573,0,0,0,0
0,0,0,0,0,0,0,0,15.567703936411,0,0,0,0,0,9.6705213154643,0,11.0198868562493,36.5888578447245,33.1023716440006,0,0,39.1038940429687,9.16895384003973,44.1172637939453,6.45461888817268,35.5544891357422,0,0,3.9232114982605,0,0,0,0,0,0,0,0,0,0,0,0,0,59.1471977233887,0,0,0,0,0,0,0,0,0,0,0,15.5589083262852,0,0,0,0,0,8.56862429162146,0,0,0,0,7.66352641582489,0,5.00939416885376,0,4.69954781538428,0,4.04210147857666,0,0,0,0,0,0,119.282150268555,0,0,0,10.9474599189705,21.1256300210953,55.1401023864746,0,0
0,0,0,0,0,0,0,0,0,0,0,0,0,0,0,0,0,3.93369549512863,0,0,0,0,0,0,0,0,0,0,0,2.85053622722626,0,0,0,0,0,0,0,0,0,0,0,0,0,0,0,0,0,0,0,0,0,0,0,0,0,0,0,0,0,0,0,0,0,0,2.84770286083221,0,0,0,0,0,3.52577837749764,0,4.93316131371718,0,0,0,0,0,0,0,7.83930959257969,0,3.74322683016459,0,0,0,0
0,0,0,0,0,0,0,0,0,0,3.16199600696564,0,0,0,3.13813883066177,0,6.25275690555573,0,0,0,0,0,4.28342409694896,0,0,0,3.9232114982605,0,0,0,3.60574733416239,0,0,0,0,0,0,0,0,0,0,0,0,0,0,0,0,0,0,0,0,0,0,0,0,0,0,0,0,0,5.48224687576294,0,0,0,0,4.69271383966718,0,0,0,3.91902690480469,0,3.74187975218802,0,0,0,0,0,0,0,0,0,0,3.1841560532065,0,0,0,0
0,0,0,0,0,0,0,0,0,0,0,3.5272556644375,0,0,0,0,0,0,59.212776184082,6.46042628037302,0,0,0,0,0,0,0,2.85053622722626,0,0,0,0,0,0,0,0,0,0,0,52.5698013305664,0,0,0,0,0,25.9126402537028,0,0,0,0,0,0,0,0,0,0,0,3.63411947597157,0,0,0,0,12.6056029701233,0,0,0,0,0,0,0,0,0,4.1770258092218,0,0,0,0,0,40.9575968655673,0,3.06214804234712,0,2.9590106010437,0,12.4570105870565,0,0
0,0,33.7148222923279,0,35.8121109008789,0,0,0,34.7697811126709,0,6.76410970026559,0,3.03920841217041,0,0,0,55.5860489739312,0,45.4467259031354,0,8.26442607991836,0,0,0,0,0,0,0,3.60574733416239,0,0,0,0,0,0,0,52.0539381239149,0,3.52640996660505,61.2014656066895,51.1927568074819,49.9909545898438,28.8352769689357,0,0,0,25.8758236969574,62.2784352983747,51.6180223737444,0,37.8146514892578,0,0,0,0,0,4.35538977227713,0,35.6505527496338,0,36.5644836425781,0,0,16.2537733117739,0,0,0,0,0,0,0,0,83.4648361206055,4.05198860168457,0,0,0,72.9145202636719,76.1047897338867,50.111026503823,0,22.0735663175583,30.3446971107932,0,29.6149127112495,43.2843170166016,20.7873998724896
0,0,0,0,0,0,0,0,0,0,0,0,0,0,0,0,0,0,0,0,0,0,0,0,0,0,0,0,0,0,0,0,4.99383769105462,4.8715194662412,0,3.40264324089149,0,0,0,0,0,0,0,0,0,39.9805850982666,0,3.87788097470571,0,12.7552923403288,0,0,0,0,0,0,0,0,0,0,0,0,0,0,0,0,0,0,0,0,0,0,0,0,4.9677262870444,9.56538071322933,4.09821792928184,26.2162456512451,4.29656473747114,12.4246819257736,0,0,3.88284526304169,0,24.636206817627,0,0
0,0,0,0,50.0576697455512,0,0,0,0,0,0,0,0,0,0,0,0,0,0,0,0,0,0,0,0,0,0,0,0,0,0,4.99383769105462,0,0,11.9335557978328,2.81895895437761,6.1618512362885,0,0,0,57.9055328369141,0,0,0,0,0,43.3615582784017,5.03883212837518,9.70251991379429,10.1738014587989,50.9066710472107,0,0,0,0,0,49.9734573364258,0,51.0104160308838,0,53.1315155029297,0,0,43.6641464233398,0,0,0,0,0,0,0,0,0,0,5.82759687803049,6.33206922836266,0,10.3557624583392,7.55044309089058,7.52118396601488,0,0,5.19953662157059,0,43.1918204625448,0,0
0,0,0,0,0,0,0,0,0,0,0,0,0,0,0,0,0,0,0,0,0,0,0,0,0,0,0,0,0,0,0,4.8715194662412,0,0,4.78667598671013,3.02403978399328,0,3.24987297543025,0,0,0,0,0,0,0,46.555004119873,0,5.22512970698082,24.4301450252533,18.459543985479,0,0,0,0,0,0,0,0,0,0,0,0,0,0,0,0,0,0,0,0,0,0,0,0,12.3554899641078,0,5.54836364109766,10.0313854337199,7.22774273813056,0,5.76248837047153,22.2079484436538,5.62046561954177,2.98312116804577,46.3823610941569,0,0
0,0,0,0,0,0,0,0,0,0,0,0,0,0,0,0,0,0,0,0,0,0,0,0,0,0,0,0,0,0,0,0,11.9335557978328,4.78667598671013,0,0,3.51303344415435,0,3.27313805274341,0,55.308536529541,0,12.0406039555868,0,0,0,52.1038665771484,6.82851073935225,11.3544200261434,27.1610785819389,59.1341018676758,0,0,0,0,0,0,0,0,0,0,0,0,0,0,0,0,0,0,0,0,0,0,0,4.31116163730621,17.6801027400821,3.66311381664951,6.49421656087044,0,4.85580345011351,29.8613119858962,8.55997999055045,7.42793348199361,0,31.4616989294688,0,0
0,0,0,25.589769744873,0,22.9200635389848,0,0,0,0,0,5.3971936404705,0,0,0,0,82.7225357858758,75.2831277286305,55.277576363379,4.00505614163638,0,0,0,0,0,0,0,0,0,0,0,3.40264324089149,2.81895895437761,3.02403978399328,0,0,3.8033982683508,4.66801342045548,0,67.4830551147461,85.2978973388672,46.9607972915356,71.5011657714844,41.1333879273513,0,38.9051798712327,86.5762329101562,4.74750472097067,8.05644512176514,53.8003037770589,0,24.2867679595947,0,0,0,0,0,26.2930492401123,0,25.83753490448,0,31.8456153869629,17.4118902532904,0,0,0,0,0,0,0,0,0,55.9115261350359,0,3.40096299437916,12.6455662250519,0,0,5.38352222965982,8.83504732156592,7.68475999608136,122.513038635254,5.08385900597488,5.04671389628679,40.172603137654,35.3612019675119,83.8718032836914
0,0,0,126.839378356934,16.7363682602936,0,0,0,0,0,6.65440686141388,0,0,0,0,0,78.4653705250133,81.3228391011556,62.319042680177,0,7.80218262818395,0,0,0,0,0,0,0,0,0,52.0539381239149,0,6.1618512362885,0,3.51303344415435,3.8033982683508,0,0,3.92950021011686,21.7976147945111,60.9440073887946,89.3185399373372,55.1271023551623,0,53.9425659179688,90.421760559082,31.0874498211646,4.81927051559505,40.3575662873008,11.1689925193787,30.7480362293332,0,0,0,0,0,40.9248935297916,0,37.5117920466832,0,48.8693389892578,0,96.8160018920898,15.783379766345,0,0,0,0,0,0,0,0,0,57.0976744565097,0,10.962525784451,0,7.52009781924161,4.98348688085874,5.38539496837529,87.7976379394531,7.58757416452837,4.89395621128717,4.87599695568353,34.0594723565238,0,52.0923938751221
0,0,0,0,0,0,0,0,0,7.18009629975194,0,3.49104911544778,0,0,0,0,0,72.3348426818848,0,4.25424489107999,0,6.72611450635108,0,6.05261250497392,0,0,0,0,0,0,0,0,0,3.24987297543025,0,4.66801342045548,0,0,4.08197170495987,62.9026031494141,0,8.83511775998927,62.204891204834,23.7681058247884,0,26.4787921905518,0,12.4050213389926,45.5866152445475,6.13734213717572,0,0,0,0,0,4.43938362598419,0,6.1536922454834,0,0,0,0,8.42753443812246,0,6.93196817656248,0,7.62315927899402,0,0,0,9.08021259307861,0,10.5067608242943,0,0,0,0,0,5.14159943706305,0,4.64370359231273,44.7203636169434,4.79176488776744,3.88971022764842,7.28189924270448,0,0
0,0,33.0968170166016,0,34.9360122680664,0,0,0,3.07879468202591,0,4.4745158937913,0,0,0,0,0,57.4370918273926,76.7938079833984,38.8761325836182,0,4.56481242027038,0,4.58031598636899,0,4.17626383060064,0,0,0,0,0,3.52640996660505,0,0,0,3.27313805274341,0,3.92950021011686,4.08197170495987,0,58.7883224487305,38.3602975606918,120.883369445801,7.12950550982382,0,26.0091361999512,0,21.8462867438793,6.39937615394592,6.54243888650536,0,35.4784952799479,0,0,0,3.28342509269714,0,10.0784118175507,66.7016677856445,36.2267112731934,0,0,0,0,18.4938466835022,0,6.63136282232073,0,3.0511532439742,0,0,0,0,0,3.45797476768494,0,0,0,0,85.8923034667969,17.5376577222878,0,3.47775502653004,3.77489817091324,28.1989742517471,8.10052906549894,0,17.7120591943914
0,0,0,36.9731068845655,42.1404075622559,42.3899574279785,0,0,97.8398132324219,0,0,39.9845867156982,0,0,0,0,66.7398375915966,57.8154727259914,47.4688081595589,42.3391933441162,67.2758636474609,90.7177085876465,0,0,0,70.5308456420898,0,0,0,52.5698013305664,61.2014656066895,0,0,0,0,67.4830551147461,21.7976147945111,62.9026031494141,58.7883224487305,0,68.9623721729625,24.6452383891302,55.3435725354134,31.8773233700643,0,24.4167718909202,83.2323541641235,8.65564361503047,0,13.2119718672015,0,43.0883693695068,0,0,0,42.5476218192808,83.7262153625488,42.1595878254284,51.2086753845215,42.8184591020857,0,43.2958297729492,10.1206510242034,82.4683456420898,0,0,0,0,0,0,46.6597366333008,0,51.2599988213901,62.954421043396,0,0,0,0,15.28541444105,69.7490508669899,29.402957543637,73.2105022006565,35.0542783347246,37.0517702391653,18.6778578034411,36.939651269793,46.6814231872559
0,0,40.3215322494507,0,38.760307091933,0,0,0,44.7151463826497,0,41.9890711857722,0,0,0,0,0,57.8862430897165,67.4830469877824,42.8725882664623,0,40.1309001786368,0,69.927480061849,0,51.3060073852539,0,0,0,0,0,51.1927568074819,0,57.9055328369141,0,55.308536529541,85.2978973388672,60.9440073887946,0,38.3602975606918,68.9623721729625,0,56.5602124532064,20.1187489687729,51.6776266098022,27.7395524597168,59.0937260219029,22.5407799407509,30.6454048395157,9.03787173725187,0,43.6305392065714,0,0,0,0,0,46.2593549328086,93.0850118001302,44.2503588358561,0,43.2036666870117,0,88.6344573974609,14.3987260972537,0,0,0,0,0,0,0,65.3451805114746,120.541023254395,48.6381615602254,0,0,0,0,80.0914573063926,20.4141487042155,80.6875247955322,24.8428640566593,37.2068192732782,41.2916118771422,16.900502217981,60.9013042449951,35.910250573788
0,9.27302164501614,0,36.9378751542833,0,54.6754531860352,0,0,0,4.51110567092895,0,54.2868041992188,0,0,88.1056289672852,48.6773948669434,52.3862894843606,45.4841070878341,37.8206470747104,57.6983728408813,63.5606651306152,0,60.2753829956055,0,121.766777038574,0,0,0,0,0,49.9909545898438,0,0,0,0,46.9607972915356,89.3185399373372,8.83511775998927,120.883369445801,24.6452383891302,56.5602124532064,0,24.9444323634081,21.1258271596964,0,32.453962402959,65.6751045227051,13.7151376074261,30.7019339243571,16.2290429748734,0,0,0,0,0,46.534848765323,47.3553393970836,20.0769428727309,0,42.4019927978516,0,48.8076740264893,22.6866537011312,61.1377571105957,0,0,0,0,0,0,31.0659713745117,0,21.7323711619886,41.7447099685669,0,0,0,0,26.7542810351608,62.8240207779073,26.9938432818716,48.1356968782386,18.4362224087335,40.6979942321777,16.365246984433,14.2602012047845,27.12960436286
15.2166907787323,0,32.3026439121791,0,41.7253000736237,0,0,0,32.9471212114607,0,39.6067493983677,0,0,0,0,0,44.5389646993925,58.1556139640438,35.6064917595853,0,33.1346120332417,61.8483848571777,57.1079324086507,0,52.233512878418,0,59.1471977233887,0,0,0,28.8352769689357,0,0,0,12.0406039555868,71.5011657714844,55.1271023551623,62.204891204834,7.12950550982382,55.3435725354134,20.1187489687729,24.9444323634081,0,61.7765445709229,29.7476815647549,57.6202608744303,25.8322844779354,13.4090118981226,14.4349912775819,30.1144403457642,40.3340020356355,0,0,0,0,0,20.8626946635949,65.6623115539551,38.0413251356645,0,52.0253799438477,0,61.7219119601779,18.8621674650147,0,0,0,0,0,57.0720405578613,0,32.38906823135,67.4597544670105,21.9611724695189,0,31.4084606170654,40.3087844848633,0,59.5308522278408,28.2130481573293,54.4218213052461,28.8552530031585,16.9674994414323,47.5575654548511,14.3021567500548,31.9603389593271,8.78500660436052
0,0,0,0,0,87.5658493041992,0,0,0,0,0,0,0,0,79.18017578125,0,72.5694058736165,43.3006319792374,16.6119378087341,0,0,0,0,0,0,0,0,0,0,0,0,0,0,0,0,41.1333879273513,0,23.7681058247884,0,31.8773233700643,51.6776266098022,21.1258271596964,61.7765445709229,0,0,16.6588893269384,0,0,0,34.8144989013672,0,0,0,0,0,0,0,18.4031846102546,0,90.5043716430664,0,0,29.3109531402588,0,0,0,0,0,0,0,0,0,23.4204675566475,0,0,0,0,0,31.540231311961,76.9861507415771,25.1943939375694,0,48.3997496498956,0,19.944734168944,35.6778135299683,67.8789138793945
0,0,17.2560214996338,0,0,0,0,0,0,0,37.8909320831299,0,0,0,0,0,44.5217000787908,55.2697448730469,26.4438221587075,0,30.8402608235677,0,0,0,0,0,0,0,0,0,0,0,0,0,0,0,53.9425659179688,0,26.0091361999512,0,27.7395524597168,0,29.7476815647549,0,0,0,19.9295607735129,0,31.278160572052,0,0,0,0,0,0,0,28.4557282584054,0,0,0,0,0,0,29.3861951828003,0,0,0,0,0,0,0,0,0,37.3600335121155,0,0,0,0,0,38.3431247276596,0,30.4754397318913,9.40322257922246,0,7.54616603670241,0,28.7462673187256
0,0,0,17.1336542494754,0,16.6167583465576,0,0,0,0,0,18.8338101804256,0,0,0,0,59.8177374019179,52.354355877096,29.780640141127,15.4416446950701,0,0,114.170593261719,88.6983642578125,58.3695220947266,0,0,0,0,25.9126402537028,0,39.9805850982666,0,46.555004119873,0,38.9051798712327,90.421760559082,26.4787921905518,0,24.4167718909202,59.0937260219029,32.453962402959,57.6202608744303,16.6588893269384,0,0,56.776725769043,32.8801498841704,21.0928812026978,25.8391721850043,51.0128974914551,17.1456198485001,0,0,0,21.8391964869066,0,19.7239894528448,0,23.2747360865275,0,20.9692975362142,12.8981262842159,59.0476112365723,0,0,0,0,83.4071044921875,0,0,0,25.8205495762103,0,0,0,0,0,22.5858816760866,81.8954851487104,31.2030326036307,72.0515762329102,33.249317965484,33.280178416859,16.1432217290651,28.1742384093148,47.2685890197754
0,0,11.8979778289795,0,16.0857349893321,0,0,0,12.8472431182861,0,22.0933903547434,0,0,0,0,0,56.6264585412067,61.5249378806666,35.5117419173714,0,13.7379060801963,0,0,0,0,0,0,0,0,0,25.8758236969574,0,43.3615582784017,0,52.1038665771484,86.5762329101562,31.0874498211646,0,21.8462867438793,83.2323541641235,22.5407799407509,65.6751045227051,25.8322844779354,0,19.9295607735129,56.776725769043,0,39.278450532393,32.2596171449971,35.0261487960815,24.3658009697409,0,0,0,0,0,21.9128631436548,0,59.1359176635742,0,0,0,78.9247779846191,9.66322585190667,0,0,0,0,0,0,0,35.5666964604304,0,27.5683437525037,0,0,0,51.235523223877,78.0108070373535,22.3801000263736,57.68971824646,25.0820226964496,31.3848079632942,32.6509868939718,17.4980010053548,0,14.9062594572703
0,0,33.1711673736572,45.9862219492594,45.6451487073711,43.5463018417358,0,0,0,0,55.3562850952148,44.5921630859375,0,0,0,0,63.5193538665771,59.1541042327881,47.5445131574358,0,50.2576210021973,22.3147714278277,0,14.8907794952393,0,0,0,0,0,0,62.2784352983747,3.87788097470571,5.03883212837518,5.22512970698082,6.82851073935225,4.74750472097067,4.81927051559505,12.4050213389926,6.39937615394592,8.65564361503047,30.6454048395157,13.7151376074261,13.4090118981226,0,0,32.8801498841704,39.278450532393,0,11.8409542932083,6.83477231982005,47.8013353180467,0,0,0,0,49.1487312316895,47.4947867802211,50.1409306159386,49.2298832702637,47.5259552001953,48.5803718566895,47.9161064147949,52.4424832661947,40.8605020046234,22.4753475189209,0,0,0,0,0,0,56.5256042480469,59.8145670572917,52.7641273498535,6.03542191410496,5.62193062196514,7.88950689492435,9.5673583107574,5.65041461325142,5.90809171592396,8.5743556906161,15.4570067710253,10.9958067297507,38.6113399762374,17.1606096785043,13.1571883474078,26.9096689224243
4.56735644340515,0,11.7917686189924,36.0515823364258,36.5209682039593,0,0,0,7.87130673657293,0,51.9931788974338,0,0,0,6.74474668502808,0,62.5753540992737,0,56.8152468999227,0,43.8695752461751,55.7807540893555,15.7566462872823,0,4.26450027701675,0,0,0,0,0,51.6180223737444,0,9.70251991379429,24.4301450252533,11.3544200261434,8.05644512176514,40.3575662873008,45.5866152445475,6.54243888650536,0,9.03787173725187,30.7019339243571,14.4349912775819,0,31.278160572052,21.0928812026978,32.2596171449971,11.8409542932083,0,21.5901239941517,35.6733118351375,0,0,0,4.42880964279175,37.4702796936035,32.8137263128127,0,39.4789762787703,0,35.4527489900589,0,0,39.8922485132686,0,15.4989601023057,0,4.81079189777374,0,0,0,4.85524734454368,0,48.0071768584075,0,7.20792504719325,24.821736403874,16.310114118788,73.0392761230469,37.2141951874646,30.1099835271421,8.10467899103383,15.2396957009912,34.2705255339417,15.1409381194629,49.9438629150391,28.7688465515773
0,4.55097271174919,0,29.2432169306512,41.7336163520813,36.4254404703776,0,0,0,3.42360184192657,56.2595138549805,0,0,6.49078893661499,0,5.07495474815369,71.8675689697266,59.5717425876194,53.3234279030248,42.5698928833008,0,7.14119609608047,0,8.48875677211402,0,0,0,0,0,0,0,12.7552923403288,10.1738014587989,18.459543985479,27.1610785819389,53.8003037770589,11.1689925193787,6.13734213717572,0,13.2119718672015,0,16.2290429748734,30.1144403457642,34.8144989013672,0,25.8391721850043,35.0261487960815,6.83477231982005,21.5901239941517,0,42.696212387085,34.8232226901584,0,0,0,35.0959787081523,42.5136362711589,17.0778000001755,39.9762598673503,6.2456767214023,42.7766876220703,8.97645432144932,37.1198142267043,41.0667940775553,3.85094356157218,0,5.46119595067254,0,0,0,6.33536626405409,0,10.3895938687721,58.2886838912964,3.82756133079529,12.9675156275431,20.2483253479004,28.1183604399363,8.66518369853725,37.0767000198364,7.5780356240995,31.018052874871,18.2965970602345,34.5535013394093,13.9200171196136,26.726729048623,0
0,0,4.23277950286865,0,3.75865717643016,0,0,0,58.9684600830078,0,32.7259459495544,0,0,0,0,0,79.2036361694336,0,0,0,24.2787042764517,0,0,0,0,0,0,0,0,0,37.8146514892578,0,50.9066710472107,0,59.1341018676758,0,30.7480362293332,0,35.4784952799479,0,43.6305392065714,0,40.3340020356355,0,0,51.0128974914551,24.3658009697409,47.8013353180467,35.6733118351375,42.696212387085,0,0,0,0,3.91077342629433,0,33.641762024317,0,0,0,3.51130108038584,0,0,11.7969970075708,0,0,0,0,0,0,0,45.2395401000977,0,37.7273016929626,0,54.5797945658366,0,61.2321872711182,0,23.3969759434961,0,38.8441138494582,28.6081897239296,44.6043663024902,19.7479424557319,0,28.1353855133057
0,0,0,0,0,2.86902073451451,0,0,0,0,0,0,0,0,0,0,0,0,0,7.60337829589844,0,0,0,0,0,0,0,0,0,0,0,0,0,0,0,24.2867679595947,0,0,0,43.0883693695068,0,0,0,0,0,17.1456198485001,0,0,0,34.8232226901584,0,0,0,0,0,0,0,3.11659096082052,0,4.21376470724742,0,3.63968499501546,8.44068165620168,0,0,0,0,0,0,0,0,0,0,0,0,0,0,0,17.9064334233602,0,0,0,14.3495483398438,0,16.5979424913724,0,0
0,0,0,0,0,0,3.35848901793361,0,0,0,3.99261438310816,0,0,0,0,0,0,0,0,0,7.06322234869003,0,0,0,0,0,0,0,0,0,0,0,0,0,0,0,0,0,0,0,0,0,0,0,0,0,0,0,0,0,0,0,0,0,0,0,2.81855170726776,0,0,0,0,0,0,0,0,0,0,0,0,0,0,0,0,0,0,0,0,0,0,0,0,0,4.24755985759994,0,0,0,0
0,0,0,0,0,0,0,2.90460405349731,0,0,0,0,0,0,0,0,0,0,0,0,0,0,0,0,0,0,0,0,0,0,0,0,0,0,0,0,0,0,0,0,0,0,0,0,0,0,0,0,0,0,0,0,0,0,0,0,0,0,0,0,0,0,0,0,0,0,0,0,0,0,0,0,0,0,0,0,0,0,0,0,0,0,2.95281744003296,0,0,0,0
5.44296098273733,0,0,0,4.5894086522025,0,0,0,5.61380291589733,0,0,0,0,0,5.24870031294615,0,11.1839392812628,30.1831665039062,0,0,0,0,27.1993328730265,0,16.5342479172875,0,15.5589083262852,0,0,0,0,0,0,0,0,0,0,0,3.28342509269714,0,0,0,0,0,0,0,0,0,4.42880964279175,0,3.91077342629433,0,0,0,0,0,0,0,0,0,5.74431799008296,0,0,0,0,0,0,0,0,17.2259101867676,0,0,0,0,0,0,0,0,0,0,0,0,12.1497737999473,0,3.45873212814331,0,0
0,3.54580032110214,0,7.02412301175138,0,3.22543389929665,0,0,0,4.22505304075075,0,0,0,0,0,3.2797127181086,0,0,47.7466840744019,0,0,0,0,5.24799394607544,0,0,0,0,0,0,0,0,0,0,0,0,0,4.43938362598419,0,42.5476218192808,0,46.534848765323,0,0,0,21.8391964869066,0,49.1487312316895,37.4702796936035,35.0959787081523,0,0,0,0,0,0,0,10.7637839317322,0,0,0,6.59233306004451,12.5865508488246,0,0,0,6.2872377038002,0,0,0,0,0,35.2169494628906,0,0,0,0,0,51.9735577901204,89.3217315673828,40.7772178649902,0,19.2490540672751,41.6855869293213,20.4937141225827,60.0067660013835,0
0,0,16.4358898892122,0,31.0002449883355,0,3.24864369346982,0,32.1046510176225,0,4.26555309760776,0,0,0,0,0,56.5146147075452,93.0461082458496,43.2405944824219,0,5.71794758902656,0,0,0,0,0,0,0,0,0,4.35538977227713,0,49.9734573364258,0,0,0,40.9248935297916,0,10.0784118175507,83.7262153625488,46.2593549328086,47.3553393970836,20.8626946635949,0,28.4557282584054,0,21.9128631436548,47.4947867802211,32.8137263128127,42.5136362711589,33.641762024317,0,2.81855170726776,0,0,0,0,0,6.42931932210922,0,19.7020171642303,0,0,9.20300530297782,0,0,0,0,0,0,0,15.1414614157243,0,7.04601589046373,0,65.0707397460938,0,60.3129348754883,93.295036315918,43.3666563210664,0,21.5469865004222,19.4627417585789,50.1120534624372,12.4504012194775,43.4428577423096,16.6848824924893
0,0,0,6.74624965888149,0,0,0,0,0,0,0,4.69390752123268,0,5.92719078063965,0,0,68.3587226867676,55.4116219111851,42.9134506846583,4.12860432424043,0,0,0,0,0,0,0,0,0,3.63411947597157,0,0,0,0,0,26.2930492401123,0,6.1536922454834,66.7016677856445,42.1595878254284,93.0850118001302,20.0769428727309,65.6623115539551,18.4031846102546,0,19.7239894528448,0,50.1409306159386,0,17.0778000001755,0,3.11659096082052,0,0,0,10.7637839317322,0,0,0,4.28290717303753,0,4.38665901124477,8.42079807679126,0,0,0,0,0,0,0,6.17651168097798,0,5.30775644686053,0,0,0,0,0,39.2341253560617,69.0183283487956,9.47998199824564,124.300994873047,48.3441586303711,43.5421502249581,11.4022132042422,17.0548232279786,0
0,0,3.70842627588525,0,34.4641756330218,0,0,0,23.6133060455322,0,32.5685443878174,0,3.13972173418318,0,0,0,0,0,80.3683547973633,0,29.1846991644965,0,0,0,0,0,0,0,0,0,35.6505527496338,0,51.0104160308838,0,0,0,37.5117920466832,0,36.2267112731934,51.2086753845215,44.2503588358561,0,38.0413251356645,0,0,0,59.1359176635742,49.2298832702637,39.4789762787703,39.9762598673503,0,0,0,0,0,0,6.42931932210922,0,0,0,11.8264665603638,0,0,31.9991297288374,0,0,0,0,0,0,0,0,0,38.7167025310237,0,0,0,0,0,45.9909858703613,0,38.1256035396031,36.9543521187522,50.9708404541016,12.6836815317645,0,33.2101287841797
0,0,0,4.26945859193802,0,2.81344454629081,0,2.73617839813232,0,0,0,2.85064196586609,0,3.03014505536933,0,0,0,0,0,0,0,0,0,0,0,6.41323788960775,0,0,0,0,0,0,0,0,0,25.83753490448,0,0,0,42.8184591020857,0,42.4019927978516,0,90.5043716430664,0,23.2747360865275,0,47.5259552001953,0,6.2456767214023,0,4.21376470724742,0,0,0,0,0,4.28290717303753,0,0,0,5.1296042455539,9.85403861318316,0,0,0,0,0,0,0,0,0,0,0,0,0,0,0,25.2943553924561,0,0,0,28.7435092926025,0,18.3889515593245,0,0
2.7482762336731,0,4.30932930310567,0,3.9573660671711,0,0,0,7.69096718701449,0,32.396785736084,0,0,0,4.71927243651766,0,10.7478266752483,41.1168069839478,50.013916015625,0,0,0,22.5972985029221,0,13.8925251430935,0,8.56862429162146,0,5.48224687576294,0,36.5644836425781,0,53.1315155029297,0,0,0,48.8693389892578,0,0,0,43.2036666870117,0,52.0253799438477,0,0,0,0,48.5803718566895,35.4527489900589,42.7766876220703,3.51130108038584,0,0,0,5.74431799008296,0,19.7020171642303,0,11.8264665603638,0,0,0,0,26.7427082061768,0,26.118839263916,0,0,0,4.84313083791185,0,0,0,36.3623374938965,0,0,0,0,0,46.1720962524414,0,36.7052319844564,15.1812549528449,0,11.8760453430382,0,62.715404510498
0,3.48461968700091,0,5.18210843823991,0,2.92381548881531,0,0,0,0,0,0,0,2.94073890447617,0,3.14655311107636,0,52.8379020690918,0,0,0,0,0,0,0,5.81907385587692,0,0,0,0,0,0,0,0,0,31.8456153869629,0,0,0,43.2958297729492,0,48.8076740264893,0,0,0,20.9692975362142,0,47.9161064147949,0,8.97645432144932,0,3.63968499501546,0,0,0,6.59233306004451,0,4.38665901124477,0,5.1296042455539,0,0,14.133274714152,0,0,0,0,0,3.0116400718689,0,0,0,0,0,0,0,0,0,33.0761992136637,0,0,0,42.9479198455811,0,22.1727715492249,0,0
0,0,0,15.173243381359,0,9.33279022803673,0,0,94.2449798583984,13.0950794219971,0,7.02768914712654,0,0,0,0,71.0807810816272,65.4107152726915,50.5772421634558,5.20100322138378,0,0,0,0,73.1374282836914,0,0,0,0,12.6056029701233,0,0,0,0,0,17.4118902532904,96.8160018920898,8.42753443812246,0,10.1206510242034,88.6344573974609,22.6866537011312,61.7219119601779,29.3109531402588,0,12.8981262842159,78.9247779846191,52.4424832661947,0,37.1198142267043,0,8.44068165620168,0,0,0,12.5865508488246,0,8.42079807679126,0,9.85403861318316,0,14.133274714152,0,0,0,0,0,0,0,0,27.560266494751,0,17.0704274552124,81.3446311950684,0,0,0,0,11.1144223971719,83.892707824707,10.2048331559377,0,42.4280363636632,50.2804196675619,16.1627810961028,24.9869915987994,0
0,0,24.0352818965912,0,10.6248634173349,0,0,0,25.1760031382243,0,11.5636560602816,0,0,0,0,0,61.7651774088542,70.282247543335,42.8478518001369,0,5.95853802386102,0,0,0,0,0,0,0,0,0,16.2537733117739,0,43.6641464233398,0,0,0,15.783379766345,0,18.4938466835022,82.4683456420898,14.3987260972537,61.1377571105957,18.8621674650147,0,29.3861951828003,59.0476112365723,9.66322585190667,40.8605020046234,39.8922485132686,41.0667940775553,11.7969970075708,0,0,0,0,0,9.20300530297782,0,31.9991297288374,0,26.7427082061768,0,0,0,0,0,0,0,0,0,0,24.2898976628373,0,16.0583993063536,0,0,0,0,0,11.3517190203853,0,15.5069003335605,22.9734912045234,46.5926475524902,10.9660421530008,0,14.731568439334
0,0,0,0,0,0,0,0,0,29.7017803192139,0,0,0,26.3117141723633,0,17.2436294555664,27.0491513411204,15.6952111235371,32.8901607513428,0,0,3.87439173744507,0,21.0604621887207,0,7.5883552383204,0,2.84770286083221,0,0,0,0,0,0,0,0,0,6.93196817656248,0,0,0,0,0,0,0,0,0,22.4753475189209,0,3.85094356157218,0,0,0,0,0,0,0,0,0,0,0,0,0,0,0,0,0,0,7.34848594665527,0,2.74253356456757,0,0,0,0,0,0,0,0,0,5.62390481778818,0,6.9687616116014,4.23757348060608,0,0,0
0,0,0,0,0,0,0,0,25.5827083587646,0,0,0,0,0,25.6033194065094,0,19.2276615301768,27.5797251292637,35.8014256613595,0,0,0,4.08344446025645,0,4.45278709510277,0,7.66352641582489,0,4.69271383966718,0,0,0,0,0,0,0,0,0,6.63136282232073,0,0,0,0,0,0,0,0,0,15.4989601023057,0,0,0,0,0,0,0,0,0,0,0,26.118839263916,0,0,0,0,0,0,3.37249004840851,0,9.76105589866638,0,0,0,0,0,0,0,0,0,77.8446731567383,0,6.45052748138284,8.47775068695162,0,0,0,0
0,0,0,0,0,0,0,0,0,0,0,0,0,0,0,11.1676979064941,0,17.7811012268066,0,0,0,0,0,4.36991781049609,0,3.49269496310841,0,0,0,0,0,0,0,0,0,0,0,7.62315927899402,0,0,0,0,0,0,0,0,0,0,0,5.46119595067254,0,0,0,0,0,6.2872377038002,0,0,0,0,0,0,0,0,0,0,0,0,9.50809764862061,0,0,0,0,0,0,0,0,0,0,0,7.02175754308701,0,6.03485307973974,0,4.55553836481912,0,0
0,0,0,0,0,0,0,0,0,0,0,0,0,0,0,0,15.4539127349854,0,0,0,0,0,4.04830609049116,0,3.31229588320089,0,5.00939416885376,0,0,0,0,0,0,0,0,0,0,0,3.0511532439742,0,0,0,0,0,0,0,0,0,4.81079189777374,0,0,0,0,0,0,0,0,0,0,0,0,0,0,0,0,3.37249004840851,0,0,0,14.5265235900879,0,0,0,0,0,0,0,0,0,0,0,0,3.61978697776794,0,4.77927636331128,0,0
0,0,0,0,0,0,0,0,0,18.2828998565674,0,0,0,0,0,4.1593972011046,40.9654407501221,12.3359836928515,26.6455666224162,0,0,18.0457704500719,0,6.92082238197327,27.1530570983887,3.89643801523715,0,0,0,0,0,0,0,0,0,0,0,0,0,0,0,0,0,0,0,83.4071044921875,0,0,0,0,0,0,0,0,0,0,0,0,0,0,0,3.0116400718689,0,0,7.34848594665527,0,9.50809764862061,0,0,0,3.95144464601489,0,0,0,0,0,0,0,0,0,0,0,17.9890056158367,29.5099258422852,0,0,0
0,0,0,0,0,0,0,0,14.2079382352531,0,0,0,0,0,7.77828338486808,0,13.1469256733618,41.1335813734267,32.7470017510491,0,0,43.8461837768555,12.6431455505028,43.6911849975586,9.87242574200911,0,4.69954781538428,0,3.91902690480469,0,0,0,0,0,0,0,0,0,0,0,0,0,57.0720405578613,0,0,0,0,0,0,0,0,0,0,0,17.2259101867676,0,0,0,0,0,4.84313083791185,0,0,0,0,9.76105589866638,0,14.5265235900879,0,0,0,4.00015998127485,0,0,0,0,0,0,0,0,0,60.6074752807617,11.8264873704668,29.9907913208008,78.5611419677734,0,0
