0,0,0.0420771869326641,0,0,0,0,0,0.0806944755925793,0,0,0,0.00095429778264379,0,0.0257742763934567,0,0.000275523841986454,0,0.00395692055635083,0,0.000326993233239953,0,0,0,0.00656538430372483,0,0,0,0,0,0,0,0,5.85412854764555e-05,0,0,9.82909249817563e-05,1.34720881510707e-05,0.00133093482975217,0,0.000295307411983213,3.14004866573258e-05,0.0062354527035508,0,0,1.99625770648526e-05,0.018589242029538,0.000117504457032325,0.052466748885849,6.33890467048822e-05,5.67086240809886e-05,0,0,0,0.0798489024811243,0,0.00566363688421112,0,0.0011611201808663,0,0.0466392467363782,0,0,0.00374797372169264,0,1.37575509119804e-05,0,0.0130767672330417,0,0,0,0.00114602487801936,0,0.00298580469377841,0,0,0,0,0,0.00109978080775124,8.59769732125366e-06,0.00160761508397021,0.0015430119839369,2.13070154873203e-05,0.0269995589993708,3.78780148476178e-05,0.000228822742700988
0,0,0,0.0149170958504444,0,0.00502086606295994,0,0,0,0.11792101717899,0,0,0,0,0,0.00188911444842031,6.32723216115435e-06,1.59582269077622e-05,0.000478354040531641,5.42030129622754e-05,0,0,0,0.0151669423606495,0,0,0,0,0,0,0,0,0,0,0,5.75335433965681e-05,0,0.00124554643227092,0,0.00722463351140116,0,0.0517725586116799,8.52669415768594e-06,0,0,0.00192174047970053,0,0,0,0.0368445918233691,0,0,0,0,0,0.0634135461533345,0,0.00040409185535693,0,0.00259391975546944,0,0.0162735877773436,3.40634301635883e-05,0,1.43710287446995e-05,0,0.000382060075208878,0,0.000966283782035823,0,0.00270396805255171,0,0.00109047971114425,0,0,0,0,0,0.000216803991660036,0,0.000233722534150941,0,0.00311810844094135,1.19147724086833e-05,0.0235012521761995,0.000107369578459372,0
0.0420771869326641,0,0,0,0.00459549298079169,0,0,0,0.0164071079088851,0,0,0,0,0,0.00550074917566763,0,0,2.39983122981798e-05,0.000167181948084016,0,0.000540557940030437,0,0,0,0.000120628052686242,0,0,0,0,0,0,0,0,0,0,0,6.84499526930257e-05,0,9.256533395472e-05,0,0.000709770729681129,6.74045602768727e-06,0.00336018654042867,0,0,4.46718662724121e-05,0.0110183095177153,0,0.018843855367668,0,0.0141620871941735,0,0,0,0.0915807393236007,0,0.000861472353947941,0,0.00737806254684496,0,0.054882871825344,0.000118313381273537,0,0.00353602092457023,0,0,0,0.000328840295239521,0,0,0,0.000798589757897553,0,0.00420261409407079,0,0,0,0,1.0999475981367e-05,0.000659480851067039,0,0.00037976334963198,0.00023714398707825,0,0.00566536415640102,0,3.48649796533965e-05
0,0.0149170958504444,0,0,0,0.0371764313792536,0,0,0,0.123015692024123,0,0,0,0,0,0.0177510202821545,2.51840075468098e-06,0,0.000156485057925246,0.00164997619297103,0,0,0,0,0,0,0,0,0,0,0,0,0,0,0,0.00083067902895282,1.47318118685018e-05,3.8257793354189e-05,0,0.00469150338729892,0,0.00353849015581459,4.69850011250427e-05,0,0,0.00393875802057743,0,1.45571906253882e-05,1.03538168217679e-05,0.0175724792963577,0,0.0214682261986093,0,0,0,0.0425497625201953,9.74882996324349e-06,0.00157355788705628,0,0.00377062169910692,0,0.0780532975611112,0.00331779472540323,0,0,0,0,0,0,0,0.000920699310407424,0,0.00403159235484373,0,0,0,0,0,0.000669658279581498,1.95586147763708e-05,0.000306152293411504,6.38019857804708e-06,0.0011590628805543,3.08597304145998e-05,0.0254805448195849,0,0
0,0,0.00459549298079169,0,0,0,0,0,0.054086786287327,0,0,0,0,0,0.00249448474488725,0,0,0,0,0,0.00243313365439388,0,0,0,0,0,0,0,0,0,0,0,0,0,0,0,0,0,0,0,0,0,6.81182026591105e-05,0,0,0,0,0,0.000182772472738084,0,0.0565132229028136,0,0,0,0.00921591145693048,0,2.06320437245435e-05,0,5.32952464116984e-05,0,0.00663609221454061,0,0,0,0,0,0,0,0,0,0,0,0,0,0,0,0,0,0,8.7479137943441e-06,0,0,0.000864640660004083,0.000341760138198934,0.00141665794248035,0,0
0,0.00502086606295994,0,0.0371764313792536,0,0,0,0.00218311027788174,0,0.0517890980352964,0,0,0,0,0,0.0170685116356849,0,0,4.63577018664071e-06,0.000166295081402272,0,0,0,0,0,0,0,0,0,0,0,0,0,0,0,0.000402008844651205,1.76858317317409e-06,1.08364800918644e-05,0,0.000364133381886201,0,0.000484716496497253,1.33613375927592e-05,0,0,0.000295121165723568,0,0,0,0.00210132449941453,0,0.171078348946204,0,0.00119165304087367,0,0.00150387002795726,0,0.00365099613723197,0,0.000766758207492557,0,0.000198457615523154,0.000435122518240132,0,0,0,0,0,0,0,0,0,0.000270928305821628,0,0,0,0,0,0.000106454208849477,0,3.24129122926788e-05,0,0.00713216540868585,0.00217194753909128,0.00204706206712854,0,0
0,0,0,0,0,0,0,0,0,0,0,0,0,0,0,0,0,0,0,0,0.00038436798797858,0,0,0,0,0,0,0,0,0,0,0,0,0,0,0,5.41288825589722e-05,0,0,0,0,0,0,0,0,0,0,0,0,0,0.0056707321333885,0,0.0286597360321411,0,0,0,0,0,0.000208199528093648,0,0,0,0,0,0,0,0,0,0,0,0,0,0,0,0,0,0,0,0,2.42883442916709e-05,0,0,0.00120230082032447,0.000353835619582572,0,0,0
0,0,0,0,0,0.00218311027788174,0,0,0,0,0,0,0,0.00192438318433101,0,0,0,0,0,0,0,0,0,0,0,0,0,0,0,0,0,0,0,0,0,0,0,0,0,0,0,0,0,0,0,0,0,0,0,0,0,0.00206680577882136,0,0.0399263063787663,0,0,0,0.00112249204625615,0,0.00295064707969342,0,0,0,0,0,0,0,0,0,0,0,0,0,0,0,0,0,0,0,0,0,0,0.00104601026739653,0.00100877003414679,0,0,0
0.0806944755925793,0,0.0164071079088851,0,0.054086786287327,0,0,0,0,0,0,0,6.64898803415248e-05,0,0.0382343404075502,0,0.00162969835719546,4.30148347624441e-05,0.00319926964922376,0,0.000230501602708528,0,0,0,0.045373090757703,0,0.00442095937655962,0,0,0,0,0,0,0,0,0,2.18610623244796e-05,0,0.000387324656937647,0,0.000419453714728448,8.47427645038186e-05,0.0122431943564312,0,0,0,0.000991586942004942,0,0.0129562607410827,0,0.000502056390395456,0,0,0,0.117786223743098,0,0.00524105452805002,0,0.000237488777168857,0,0.0274102673154999,0,0,0.000193359572658625,0,0,0,0.00429495424163591,0,0.000524599129138026,0,0.00387442085035802,0,0.0206548138355855,0,0,0,0,0,0.000327591054471392,0,0.0015495174872207,0.00557360351607284,0.000169597101734833,0.0105660485946143,0,0.00287542055301283
0,0.11792101717899,0,0.123015692024123,0,0.0517890980352964,0,0,0,0,0,0,0,0,0,0.0672992239492719,0,0.0023577948216291,0.000142906947191366,1.71199582078283e-05,0,0,0,0.0314677305090284,0,0.00258138527331405,0,0,0,0,0,0,0,0,0,1.53882560082561e-05,1.28843248522218e-05,7.26394776117415e-05,0,0.00121799196937947,0,0.00795474454493026,0,0,0,0.000392322193179445,0,0,2.7220216986505e-05,0.0175506503651305,0,0.000618181807537133,0,0,0,0.120009619845691,0,0.00011594208656027,0,0,0,0.068570761599186,9.90048189030866e-06,0,0,0,0.00332443460326291,0,0.0469970693782382,0,0.00313980004218859,0,0.00423321748915853,0,0,0,0,0,7.806319141282e-05,8.07128746399545e-06,8.16797740531476e-05,2.76799236725926e-06,0.013186664647774,0.0041336311429629,0.00771256718757323,2.46080278967363e-05,0
0,0,0,0,0,0,0,0,0,0,0,0,0.000307075784862362,0,0,0,0,0,5.41611779212366e-06,0,0.0123684492241021,0,0,0,0,0,0,0,8.08422323266518e-05,0,0.00489412815025944,0,0,0,0,0,0.000220924079247817,0,0.00400785690535408,0,7.1488644863549e-05,0,4.12390461536809e-05,0,0,0,0.000170496254434919,0,0,0,0.00190668931127995,0,0.000748676478456497,0,0,0,0.0686818616004829,0,0.000106634441181086,0,1.05080104394809e-05,0,0,0.00116173361207955,0,0,0,0,0,0,0,0,0,0.00957427253500984,0,0,0,0,0,0.00017229652899394,0,0,0.000603146568363242,4.80408925795928e-06,8.91738088681267e-05,0,0
0,0,0,0,0,0,0,0,0,0,0,0,0,0.00976249533666303,0,0,0,0,0,0.0572621938879945,0,0,0,0,0,0,0,0.00212606395530034,0,4.64619261038024e-05,0,0,0,0,0,0.000585256082391941,0,0.00520580525607526,0,0,0,0,0,0,0,0,0,0,0,0,0,0.000756255060033561,0,0,0,0,0,0.083972516948279,0,0.0072589713235558,0,0,0.0110867826536844,0,0,0,0,0,0,0,0.00101455711037319,0,0.00642126770897355,0,0,0,0,0,2.24254811245323e-05,0,0,0,0.00205461652717429,0,0,0,0
0.00095429778264379,0,0,0,0,0,0,0,6.64898803415248e-05,0,0.000307075784862362,0,0,0,0.00171604223368132,0,0,0,0,0,0,0,0,0,0,0,0,0,0.00305224390415981,0,0,0,0,0,0,0,0,0,0,0,0,0,0.000142956999704769,0,0,0,6.79861178291098e-06,0,0.000326632858899665,0,0,0,0,0,0,0,0,0,0.011780580928479,0,0.00151502911370342,0,0,5.40231136572395e-06,0,0,0,0,0,0,0,0.000143319441327124,0,0,0,0,0,0,0,0,0,0,0.000129393987640569,1.46057896017737e-05,0.000499896165088585,0,0
0,0,0,0,0,0,0,0.00192438318433101,0,0,0,0.00976249533666303,0,0,0,0.0115236938517323,0,0.000133830422507756,0,0,0,0,0,0,0,0,0,0.00156189572981451,0,0,0,0,0,0,0,0,0,0,0,0,0,0,0,0,0,0,0,0,0,0,0,0,0,0.000102123192406644,0,0,0,0.000382377371132621,0,0.0679150098080685,0,0.00845354717838481,0,0,0,0,0,0,0,0,3.37615419994108e-05,0,0,0,0,0,0,0,0,0,0,0,0.00189818906025201,0.00282182993355108,0,0,0
0.0257742763934567,0,0.00550074917566763,0,0.00249448474488725,0,0,0,0.0382343404075502,0,0,0,0.00171604223368132,0,0,0,6.7571563704405e-05,0,1.58650056984136e-05,0,0,0,0,0,6.24761724914019e-05,0,8.69926768603596e-05,0,0,0,0,0,0,0,0,0,8.50631178480294e-07,0,1.11854199368133e-05,0,0,0,0.000604966487885712,0,0,0,1.11644791650303e-05,0,0.000844315614151691,0,0.000118665257657205,0,0,0,0.00820743122873715,0,1.75970737444284e-05,0,0.000373919545731499,0,0.0626866374442465,0,0,8.35618887736134e-06,0,0,0,9.4856387105869e-05,0,0,0,5.80573699414488e-05,0,8.32021158625974e-05,0,0,0,0,0,1.08822120201011e-05,0,2.21688455702461e-05,0.000659880190180532,0,0.00271172481850702,0,0
0,0.00188911444842031,0,0.0177510202821545,0,0.0170685116356849,0,0,0,0.0672992239492719,0,0,0,0.0115236938517323,0,0,2.21742555606879e-05,0.00078282515675078,0,0,0,0,0,0.00195937175113589,0,0.00530051224597475,0,0,0,0,0,0,0,0,0,0,0,0,0,0.000112176761310957,0,0.000267266319834555,9.58660050661992e-06,0,0,1.47140716532258e-05,0,0,0,2.49070042383712e-05,0,0.00121396003784375,0,0,0,0.00673576198854778,0,0,0,0.00496469877271534,0,0.0942844338406372,1.91152442823813e-05,0,0,0,0,0,0.00356605065445884,0,1.98721022488546e-05,0,6.1811182520034e-05,0,0,0,0,0,6.06046335485235e-06,0,1.55304710446956e-05,0,0.00118698384153709,2.99167185114477e-05,0.000165901401809105,0,0
0.000275523841986454,6.32723216115435e-06,0,2.51840075468098e-06,0,0,0,0,0.00162969835719546,0,0,0,0,0,6.7571563704405e-05,2.21742555606879e-05,0,0.146765275438519,0.040459696105544,0,8.21065319860457e-05,0,0,0,0,1.70306318868523e-05,5.22789547529633e-05,0,0,0,0,0,0,0,0,0.000103455565103877,3.7528276876171e-05,1.35424354913503e-05,6.76164109442165e-05,0.00127465735907228,0.000428527354804958,0.000790051636174038,0.000648294398678143,0,2.37861741272634e-06,0.000662926504142241,0.0012888426420737,0,1.52129916505191e-05,0.000162382026156139,0,0,0,0,2.04637323571213e-06,0,2.68425488385689e-06,0,0,0,0,0,0,0.000483649249253432,0,0,0,0,0,0,0,1.13635516190134e-05,0,0.000218216351675757,0,0,0,0,0.000263170806382199,0.000967822852896253,0.000124000803486067,0.000634411798462901,0.0244203191312096,0.000220539609597498,0.000887769493917944,0.000341084474862115,0.000312647766667011
0,1.59582269077622e-05,2.39983122981798e-05,0,0,0,0,0,4.30148347624441e-05,0.0023577948216291,0,0,0,0.000133830422507756,0,0.00078282515675078,0.146765275438519,0,0.0345719975872994,0,0,0.00242491846702136,0,0.00803051767183836,0,0.0133508393024179,0,0,0,0,0,0,0,0,0,8.10257365092914e-05,6.56226154675686e-06,6.54862020138094e-06,2.2494708260404e-05,0.00163232982656688,0.000158877531027101,0.00103090817641358,0.000319803842651532,0,8.60226250031556e-06,0.000416565539814281,0.000636343325412338,0,2.6659631527591e-06,0.000153001770022777,0,0,0,0,0,0.000150611225675394,0,0,0,0,0,3.52602175763958e-05,0,0.000170725237669362,0.000301052843693891,0,4.97160006010409e-05,0,0.000202844929167755,0,0,0,5.18317695485766e-05,7.44321351401644e-05,0,0,0,0,0.000307036660906972,0.000203926135598888,9.10874550899496e-05,0.000182334013825253,0.0477326191518876,0.0106370467381555,0.000665699104589359,0.000602851977497462,9.54355803977286e-05
0.00395692055635083,0.000478354040531641,0.000167181948084016,0.000156485057925246,0,4.63577018664071e-06,0,0,0.00319926964922376,0.000142906947191366,5.41611779212366e-06,0,0,0,1.58650056984136e-05,0,0.040459696105544,0.0345719975872994,0,2.35654342041494e-05,0.000178014698678178,0,0,3.07794739872842e-05,0,6.74332940238951e-06,0,0,0,0,0,0,0,0,0,0.00119504882280165,0.000294963461284702,0.000489803022550577,0.000494641639339053,0.033589761880349,0.00352714100056036,0.0259820243002943,0.0127395930405203,3.46555151325867e-05,0.000322353133977942,0.0196420756569104,0.0215368009083584,1.5832145784931e-05,0.000343058037919452,0.00642709131572681,6.91239366938082e-06,0,0,0,9.64757733677205e-05,5.59491684785224e-06,9.35929439651529e-05,0,5.02064085676349e-06,0,2.68582816208223e-05,0,0.000110179721064414,0.00748432404416016,0,0,0,0,0,0,0.000237880610986994,0.000211479593261781,0.00118513484613094,0.00355307857364734,0,0,0,0,0.00529705472305104,0.00729714892078187,0.00352114131975023,0.00416872600270614,0.0226540702180645,0.000593309042046847,0.0214619337223579,0.00977296862149042,0.00719038639277309
0,5.42030129622754e-05,0,0.00164997619297103,0,0.000166295081402272,0,0,0,1.71199582078283e-05,0,0.0572621938879945,0,0,0,0,0,0,2.35654342041494e-05,0,0,0,0,0,0,0,0,0,0,0,0,0,0,0,0,0.00451126708420868,0,0.00128863361269108,0,0.000121900901074659,0,4.00475337556819e-05,0,0,0,0.00511490307020407,0,0,0,8.28815048424238e-06,0,0.0016310911171863,0,0,0,0,0,0.0225264911183561,0,0.000220028870293796,0,0.000177536578458426,0.128067452253788,0,0,0,0,0,0,0,0,0,7.9583957987607e-06,0,0,0,0,0,0.00200282094137698,0,0.000316719957804291,0,0.00157648780325698,0,0.00205066663339987,0,0
0.000326993233239953,0,0.000540557940030437,0,0.00243313365439388,0,0.00038436798797858,0,0.000230501602708528,0,0.0123684492241021,0,0,0,0,0,8.21065319860457e-05,0,0.000178014698678178,0,0,0,0,0,0,0,0,0,0,0,0,0,0,0,0,0,0.0103065116022293,0,0.00198956771450387,1.52813664466365e-05,5.05908278808575e-05,0,0.000352897216077083,0,0,0,0.00248168683656577,0,0.000256322694871871,0,0.00469724725535487,0,0,0,1.03111108175095e-05,0,0.0195136326797574,0,0.00033177345345363,0,0.000223667341432048,0,0,0.0851460149578497,0,0,0,0,0,0,0,0,0,0.000151815279060842,0,0,0,0,0,0.00464917286973945,0,0.0033567319889436,0.00184180758247282,0,0.00549159988657963,0,9.79347931709812e-05
0,0,0,0,0,0,0,0,0,0,0,0,0,0,0,0,0,0.00242491846702136,0,0,0,0,0.001396728601714,0.00156883837719491,0,0.00221261128522428,0,0,0,0,0,0,0,0,0,0,0,0.00236338821513605,0,0,0,0,0,0,0,0,0,0,0,0.00246715691695821,0,0,0,0,0,0,0,7.89149538147954e-06,0,0,0,0,0,0,0.0429879886529823,0,0.000737439902739555,0,0.00017506310793021,0,0.000819575931809372,0,0,0,0,0,0,0,0,0,3.70334589835795e-05,0,0.00183751637976271,0.000173004966743103,0,0,0
0,0,0,0,0,0,0,0,0,0,0,0,0,0,0,0,0,0,0,0,0,0.001396728601714,0,0,0.00239665940581184,0,0.000995146636618748,0,0,0,0,0,0,0,0,0,0,0,0.000761266682749767,0,0,0,3.91535973124642e-06,0,0,0,0,0,0.00259090479241323,0,0,0,0,0,0,0,0,0,0,0,0,0,0,0,0.000920683005897116,0.0430500016521641,0,0.00197795456690845,0,0.00438261778848014,0,0.000414268960793671,0,7.47700608963162e-05,0,0,0,0,0,0,0,0.000277429907778394,0.00137457531246053,0.00117897870109132,8.55328014678588e-06,0,0
0,0.0151669423606495,0,0,0,0,0,0,0,0.0314677305090284,0,0,0,0,0,0.00195937175113589,0,0.00803051767183836,3.07794739872842e-05,0,0,0.00156883837719491,0,0,0,0.0385814770966424,0,0,0,0,0,0,0,0,0,0,0,0.000746443895830696,0,0,0,0.000427480959931221,0,0,0,0,0,0,0,0.00105132569211562,0,0,0,0,0,0.0684727402132627,0,8.06485851166591e-05,0,0,0,0.00598238456453218,0,0,0.00329659523519794,0,0.147858868114192,0,0.0812580165067277,0,7.37501311894473e-05,0,0,0,0,0,0,0,0,0,0.000162060568158077,1.06109031638813e-05,0.000611639253722388,4.77956788406833e-06,0.000487724605768687,0,0
0.00656538430372483,0,0.000120628052686242,0,0,0,0,0,0.045373090757703,0,0,0,0,0,6.24761724914019e-05,0,0,0,0,0,0,0,0.00239665940581184,0,0,0,0.0169963436221471,0,0,0,0,0,0,0,0,0,0,0,0.00464571906386573,0,0,0,9.86784730153687e-05,0,0,0,0,0,0.00063359629348191,0,0,0,0,0,0.0155204714561757,0,0.000132486601010687,0,0,0,0.000114017546883623,0,0,0,0,0.00400686426493198,0,0.126038926927713,0,0.0266128104771807,0,0,0,0,0,0,0,0,0,0,0,0.000562029636739111,0.000829971535205149,0,0.000669483154914501,0,0
0,0,0,0,0,0,0,0,0,0.00258138527331405,0,0,0,0,0,0.00530051224597475,1.70306318868523e-05,0.0133508393024179,6.74332940238951e-06,0,0,0.00221261128522428,0,0.0385814770966424,0,0,0,0,0,0,0,0,0,0,0,0,0,0,0,0,0,0,0,0,0,0,0,0,0,0,0,0,0,0,0,0.00153903336354186,0,0,0,0,0,0.00130439596006302,0,0,5.42143193044652e-06,0,0,0,0.0450394058356592,0,9.36613916992213e-05,0,0,0,0,0,0,0,0,0,0,0,0.00069321346823296,5.8532154440425e-05,0,0,0
0,0,0,0,0,0,0,0,0.00442095937655962,0,0,0,0,0,8.69926768603596e-05,0,5.22789547529633e-05,0,0,0,0,0,0.000995146636618748,0,0.0169963436221471,0,0,0,0.000217868128502389,0,0,0,0,0,0,0,0,0,0,0,0,0,0,0,0,0,0,0,0,0,0,0,0,0,0.000533641994768983,0,0,0,0,0,0.000539916644231671,0,0,0,0,5.49806264651712e-05,0,8.82224131025684e-05,0,0.0450677381958466,0,0,0,0,0,0,0,0,0,0,0,0,0.000635577361507719,0,0,0,0
0,0,0,0,0,0,0,0,0,0,0,0.00212606395530034,0,0.00156189572981451,0,0,0,0,0,0,0,0,0,0,0,0,0,0,0,0.00225132560401683,0,0,0,0,0,0,0,0.000313400693219151,0,0,0,0,0,0,0,0,0,0,0,0,0,0,0,0,0,0,0,0,0,0,0,0,0,0,0,0,0,0,0,0,0.0251147483620183,0,0,0,0,0,0,0,0,0,0,0,0.000531255518711287,0,0,0,0
0,0,0,0,0,0,0,0,0,0,8.08422323266518e-05,0,0.00305224390415981,0,0,0,0,0,0,0,0,0,0,0,0,0,0.000217868128502389,0,0,0,0.00952701945881432,0,0,0,0,0,0,0,0.000392578335336207,0,0,0,0,0,0,0,0,0,2.26323749651612e-05,0,0,0,0,0,0,0,0,0,0.00109097102602257,0,0,0,0,0,0,0.00023076881517658,0,0,0,0.00119769647924087,0,0.0103287681095688,0,0.00142580709663492,0,0,0,0,0,0,0,0,0.00029992588659323,0,0,0,0
0,0,0,0,0,0,0,0,0,0,0,4.64619261038024e-05,0,0,0,0,0,0,0,0,0,0,0,0,0,0,0,0.00225132560401683,0,0,0,0,0,0,0,0,0,0.00602174244185609,0,0,0,0,0,0,0,0,0,0,0,0,0,0,0,0,0,0,0,0.00256556327978017,0,0,0,0,0,0,0,0,0,0,0,0,8.45540853333659e-05,0,0.0814448248850086,0,0,0,0,0,0,0,6.62862519555359e-06,0,0.000218644282230981,0,0,0,0
0,0,0,0,0,0,0,0,0,0,0.00489412815025944,0,0,0,0,0,0,0,0,0,0,0,0,0,0,0,0,0,0.00952701945881432,0,0,0,0,0,0,0,0,0,0.00072739106538206,0,0,0,2.19888597675915e-05,0,0,0,0,0,0,0,0,0,0,0,0,0,0.00492901027971606,0,0,0,0,0,0,4.71837697043529e-05,0,0,0,0,0,0,0,8.76238537324784e-05,0,0.0406616009793736,0,0,0,0,0,0,0,9.69015838237714e-05,0.000225148282495923,0.000407658951376879,1.87088809372126e-05,0,0
0,0,0,0,0,0,0,0,0,0,0,0,0,0,0,0,0,0,0,0,0,0,0,0,0,0,0,0,0,0,0,0,0.0350714605723601,0.00293546019870513,0.000836700969541896,0.00476487205923567,0.000466199133776526,0,0,0,0.000378583834820875,0,0,0,0,0,0,0.0522513714926327,0.00839059241278151,0.00182354051925263,0,0,0,0,0,0,0,0,0,0,0,0,0,0,0,0,0,0,0,0,0,0,0,0,0.0872668599012365,0.0134269766768432,0.000980810158654949,0,0.00311084462138819,0.000287419186485918,0,0,0.000330910900422921,0,0,0,0
0,0,0,0,0,0,0,0,0,0,0,0,0,0,0,0,0,0,0,0,0,0,0,0,0,0,0,0,0,0,0,0.0350714605723601,0,0.00557511533416594,0,8.10195114308795e-06,0.00369775276645666,0,0,0,0,0,0,0,0,0,0,0.0185190035991428,0,0,0,0,0,0,0,0,0,0,0,0,0,0,0,0,0,0,0,0,0,0,0,0,0,0,0.00981461024726465,0.0786281937467064,0,0.00128278686520138,0,0.00128462359097959,0,0,0.000215557896019396,0,0,0,0
5.85412854764555e-05,0,0,0,0,0,0,0,0,0,0,0,0,0,0,0,0,0,0,0,0,0,0,0,0,0,0,0,0,0,0,0.00293546019870513,0.00557511533416594,0,0.0918980946627745,0.000591145097805253,0,0.00069374103039576,9.08183697523555e-05,0,0,0.00011194483302665,0.00075584960699915,0,0,0,0,0.0509779148734397,0.00148966114424395,0.00370294467072058,0,0,0,0,0,0,0,0,0,0,0,0,0,0,0,1.20452356457585e-05,0,0,0,3.15238128253462e-05,0,0,0,0,0.0017693337771367,0.000449900889351412,0.232709393452325,0.0133612757520752,0.000136599037666803,0,0.000394127050227148,1.22022692184259e-05,0.00157851203401183,0.00109927566373709,0.000140056713753919,0,0
0,0,0,0,0,0,0,0,0,0,0,0,0,0,0,0,0,0,0,0,0,0,0,0,0,0,0,0,0,0,0,0.000836700969541896,0,0.0918980946627745,0,0,0.000482885801527587,0.000171884541648275,0.00341029061178065,0,1.09386700422286e-05,0,6.95968451182522e-06,0,0,0,0,0.0133719772162293,0.000236224804251402,0,0,0,0,0,0,0,0,0,0,0,0,0,0,0,0,0,0,0,0,0,0,0,0,0,0,0.00773291326577303,0.00588439770248926,0.161463657634796,0,0.000406241145803811,0,0.00065177445289175,0.000883892009650329,0,0,0,0
0,5.75335433965681e-05,0,0.00083067902895282,0,0.000402008844651205,0,0,0,1.53882560082561e-05,0,0.000585256082391941,0,0,0,0,0.000103455565103877,8.10257365092914e-05,0.00119504882280165,0.00451126708420868,0,0,0,0,0,0,0,0,0,0,0,0.00476487205923567,8.10195114308795e-06,0.000591145097805253,0,0,0.00626361449794468,0.00835948798983893,0.000100643247710076,0.00117134012907048,0.000290070022347557,0.000795956505304029,1.33590023590515e-05,9.00702019030176e-07,0,0.000995500528090622,1.569882363493e-05,0.00336828580888079,9.41307698212013e-05,0.00320238533401431,0,0.000931231982241255,0,0,0,2.27049158273661e-05,0,0.000786719383761105,0,1.94811659542278e-05,0,5.15569621902638e-05,0.00712560879457759,4.75477227056763e-06,0,0,0,0,0,0,1.59284054334593e-05,0,1.25466223558696e-05,0,0.0018118274238987,0,0.00257808382269918,0,0.0639762645159787,0.00181094526690009,0.00972774999769358,3.28180205232181e-05,0.00793572026724208,0.00298663560708501,0.00220560043257152,0.000191153468541603,0
9.82909249817563e-05,0,6.84499526930257e-05,1.47318118685018e-05,0,1.76858317317409e-06,5.41288825589722e-05,0,2.18610623244796e-05,1.28843248522218e-05,0.000220924079247817,0,0,0,8.50631178480294e-07,0,3.7528276876171e-05,6.56226154675686e-06,0.000294963461284702,0,0.0103065116022293,0,0,0,0,0,0,0,0,0,0,0.000466199133776526,0.00369775276645666,0,0.000482885801527587,0.00626361449794468,0,0,0.0133402300745096,8.70961234933061e-06,0.000598880612896647,1.17422044606397e-05,0.000201922445159461,0,0,3.00824689850817e-05,0.000906972899944136,0.000292103849540453,0.00108295426606928,1.78553712066921e-05,4.1391495041577e-05,0,0,0,3.68888618763598e-06,0,0.000326540732320831,0,0.000186749449028174,0,8.9100393269939e-05,0,0,0.00478408317309545,0,0,0,0,0,0,0,0,0,2.29182987551834e-05,8.55070518891446e-06,0.0011486034421615,0,0.00287452654941525,0.00285072773031435,0.0615127361603182,0,0.00850131139671173,0.00800438664314654,0.00184961305744614,0.0019033635961966,0,0.000123470405905205
1.34720881510707e-05,0.00124554643227092,0,3.8257793354189e-05,0,1.08364800918644e-05,0,0,0,7.26394776117415e-05,0,0.00520580525607526,0,0,0,0,1.35424354913503e-05,6.54862020138094e-06,0.000489803022550577,0.00128863361269108,0,0.00236338821513605,0,0.000746443895830696,0,0,0,0.000313400693219151,0,0.00602174244185609,0,0,0,0.00069374103039576,0.000171884541648275,0.00835948798983893,0,0,0.00203349846106886,9.93132454022948e-05,0,0.000245190697790198,0.000723130599927023,0,0,0.000505603159780106,0,0.0132847258311595,0.000798536388804404,0.0038420235139714,0,2.48750323278223e-06,0,0,5.96318581497099e-06,0.00015206977567783,0,0.00332935861452645,2.44046238895308e-06,0,0,6.10240723061607e-06,0.000898526415614204,0,0.00255763131481428,6.94944084981213e-06,0.00135984528986103,0.000466825894668022,0,0,0.000297200980635041,2.67080550220218e-06,0.00243970717490185,0,0,0,0.00114894449647479,0,0.00537682660863841,0,0.052638791632608,0.000634212626794379,0.00724376062853832,0.00246913134884725,0.00348686653638655,1.98429630081715e-05,0
0.00133093482975217,0,9.256533395472e-05,0,0,0,0,0,0.000387324656937647,0,0.00400785690535408,0,0,0,1.11854199368133e-05,0,6.76164109442165e-05,2.2494708260404e-05,0.000494641639339053,0,0.00198956771450387,0,0.000761266682749767,0,0.00464571906386573,0,0,0,0.000392578335336207,0,0.00072739106538206,0,0,9.08183697523555e-05,0.00341029061178065,0.000100643247710076,0.0133402300745096,0.00203349846106886,0,0,2.81945236718228e-05,0.000114637402205516,0.00208995749109043,0,0,0,0.000548263881011086,0.0100970380053835,0.00956219534760974,0.000201339089831587,0,0,0,0,0.000278492307348882,8.05245540103083e-06,0.000296288079067009,0,1.50279814782326e-05,0,1.09843833097198e-05,0,0,0.00512945337381485,7.43659009703649e-06,0.000575480199216597,0.000100239994189428,0.00295506179813503,0,6.8534919161174e-06,0,0.000188433849745564,0,0.000456597548882352,0,0,0,0.00347693641212593,0,0.00244607710941924,0.000219513299522112,0.0396811948562241,0.00435252382412448,0.000324108837267286,0.00397034909899921,0,9.47173808861041e-05
0,0.00722463351140116,0,0.00469150338729892,0,0.000364133381886201,0,0,0,0.00121799196937947,0,0,0,0,0,0.000112176761310957,0.00127465735907228,0.00163232982656688,0.033589761880349,0.000121900901074659,1.52813664466365e-05,0,0,0,0,0,0,0,0,0,0,0,0,0,0,0.00117134012907048,8.70961234933061e-06,9.93132454022948e-05,0,0,0,0.0650931151301603,0.000249393243109372,0.000204816158113033,0,0.0649819352559156,0.000377694941596811,0.00012433253392894,1.18997127136838e-05,0.0338384201148139,0,5.85771255870388e-05,0,0,0,0.000542593060576581,0,5.92537285380351e-05,0,1.38661920327705e-05,0,0.000384923269505496,0.000927682919213262,3.07440143914965e-05,0,0,0,0,0,0,4.6977171020623e-05,0,0.000873571173963614,4.49032283025845e-05,0,0,0,0,0.00407353206612387,7.37627229826862e-05,0.00105286406803871,5.90428981902081e-05,0.00549408883362868,5.49491403054777e-06,0.0291456765970247,0.0149186524414804,0.000507410127868784
0.000295307411983213,0,0.000709770729681129,0,0,0,0,0,0.000419453714728448,0,7.1488644863549e-05,0,0,0,0,0,0.000428527354804958,0.000158877531027101,0.00352714100056036,0,5.05908278808575e-05,0,0,0,0,0,0,0,0,0,0,0.000378583834820875,0,0,1.09386700422286e-05,0.000290070022347557,0.000598880612896647,0,2.81945236718228e-05,0,0,0.000143937177539689,0.00914463803150071,0,1.50173579654095e-05,5.72739865485335e-06,0.00414543362989337,0.0184398414880322,0.113896041278436,0.00501088878959968,0,0,0,0,0.000310767513600425,0,5.02498906525452e-05,0,5.53774933970868e-06,0,8.95412850990141e-05,0,0,0.00316515761303999,0,0,0,0,0,0,0,1.42906641324676e-05,0,0.00149737846308955,0.000145520144565588,0.000186230252685715,0,0,0.000234994205577166,0.0104783014105395,0,0.000424087027561296,0.000621158987368107,3.36599872802599e-06,0.00475602459344598,5.70133539089842e-05,0.00392896684114195
3.14004866573258e-05,0.0517725586116799,6.74045602768727e-06,0.00353849015581459,0,0.000484716496497253,0,0,8.47427645038186e-05,0.00795474454493026,0,0,0,0,0,0.000267266319834555,0.000790051636174038,0.00103090817641358,0.0259820243002943,4.00475337556819e-05,0,0,0,0.000427480959931221,0,0,0,0,0,0,0,0,0,0.00011194483302665,0,0.000795956505304029,1.17422044606397e-05,0.000245190697790198,0.000114637402205516,0.0650931151301603,0.000143937177539689,0,0.0112698299840947,4.70427800801795e-05,0.000270871456679131,0.01450040734929,0.000300008427183026,0.000416837813478376,0.00473626767061443,0.0150400935458903,0,0.000187700269622822,0,0,4.98343597638896e-05,0.00102298889682701,0,0.000828555804828916,0,0,1.69153477883304e-05,0.00122143738035489,4.69049592618168e-05,9.57027220026081e-05,0,0,0.000189763329180019,0.000111031685221595,1.47552783020624e-05,0,0.00282665561570965,5.32448472750956e-06,0.00517693119230894,0.000298716940124514,0,0,0,0,0.0028717224886406,0.00010088764320534,0.00116738021935178,0.000173054049619531,0.00934428348877252,1.89872310134676e-05,0.0327323241126294,0.0112998493017814,0.000123780547842875
0.0062354527035508,8.52669415768594e-06,0.00336018654042867,4.69850011250427e-05,6.81182026591105e-05,1.33613375927592e-05,0,0,0.0122431943564312,0,4.12390461536809e-05,0,0.000142956999704769,0,0.000604966487885712,9.58660050661992e-06,0.000648294398678143,0.000319803842651532,0.0127395930405203,0,0.000352897216077083,0,3.91535973124642e-06,0,9.86784730153687e-05,0,0,0,0,0,2.19888597675915e-05,0,0,0.00075584960699915,6.95968451182522e-06,1.33590023590515e-05,0.000201922445159461,0.000723130599927023,0.00208995749109043,0.000249393243109372,0.00914463803150071,0.0112698299840947,0,0,0.0068074134359199,9.9374837432691e-05,0.0312645042854811,0.013570962194101,0.061061032523929,0.00390048993108306,0.000476303531110844,0,0,0,0.00284012856774105,1.60814850932891e-05,0.00484112680770058,0,0.000800557284639989,0,0.00238242547628879,6.78610683564965e-06,0,0.0113407662884883,0,3.26951033905814e-05,2.22310712208406e-05,0.00699751535443348,0,7.23067233737874e-05,8.8094036641076e-06,0.00356356285199956,6.44007843780261e-06,0.0103481416017893,0,0,0,0,4.0346789582496e-05,0.00541334915575836,0.000125429570508767,0.00462488586168538,0.0100081070468684,0.000121033528439023,0.0519557878006645,0.000170600926956487,0.0102011188633099
0,0,0,0,0,0,0,0,0,0,0,0,0,0,0,0,0,0,3.46555151325867e-05,0,0,0,0,0,0,0,0,0,0,0,0,0,0,0,0,9.00702019030176e-07,0,0,0,0.000204816158113033,0,4.70427800801795e-05,0,0,0,0.000193838265261958,0,0,0,0,0,0,0,0,0,0,0,0,0,0,0,0,1.60934949269266e-05,0,0,0,0,0,0,0,0,0,0,0,0,0,0,0,0,0,0,0,7.39331188214428e-06,0,3.11205268511346e-05,0,0
0,0,0,0,0,0,0,0,0,0,0,0,0,0,0,0,2.37861741272634e-06,8.60226250031556e-06,0.000322353133977942,0,0,0,0,0,0,0,0,0,0,0,0,0,0,0,0,0,0,0,0,0,1.50173579654095e-05,0.000270871456679131,0.0068074134359199,0,0,0,8.85929548562582e-05,0,0,0,0,0,0,0,0,0,0,0,0,0,1.90911610885216e-05,0,0,8.49789220059572e-05,0,0,0,0,0,0,0,0,0,5.76418340675795e-05,0,0,0,0,0,1.88955161943001e-05,1.92727115659404e-06,0,6.78192417377066e-05,0,7.88817223039504e-05,0,0.000200477156964425
1.99625770648526e-05,0.00192174047970053,4.46718662724121e-05,0.00393875802057743,0,0.000295121165723568,0,0,0,0.000392322193179445,0,0,0,0,0,1.47140716532258e-05,0.000662926504142241,0.000416565539814281,0.0196420756569104,0.00511490307020407,0,0,0,0,0,0,0,0,0,0,0,0,0,0,0,0.000995500528090622,3.00824689850817e-05,0.000505603159780106,0,0.0649819352559156,5.72739865485335e-06,0.01450040734929,9.9374837432691e-05,0.000193838265261958,0,0,5.64425234593951e-05,1.83186231084834e-05,5.95382153167434e-05,0.00186750457481296,0,8.15778137778968e-05,0,0,2.67877990712851e-05,0.000399073927112801,0,0.000132444373685939,0,0,0,0.000158502214420504,0.0714142128171994,2.51587973560848e-05,0,0,0,0,0,0,0.00018213999728677,0,0.00191581705443649,3.92290382394359e-05,0,0,0,0,0.00807213957553508,4.40514191418348e-05,0.00319216672557762,1.36336875233691e-05,0.00552285599307102,2.62451524208002e-06,0.0484891619453359,0.00122536661012474,6.54725278276089e-05
0.018589242029538,0,0.0110183095177153,0,0,0,0,0,0.000991586942004942,0,0.000170496254434919,0,6.79861178291098e-06,0,1.11644791650303e-05,0,0.0012888426420737,0.000636343325412338,0.0215368009083584,0,0.00248168683656577,0,0,0,0,0,0,0,0,0,0,0,0,0,0,1.569882363493e-05,0.000906972899944136,0,0.000548263881011086,0.000377694941596811,0.00414543362989337,0.000300008427183026,0.0312645042854811,0,8.85929548562582e-05,5.64425234593951e-05,0,0,0.00774964525106204,5.75712205759006e-06,0.00027130612299677,0,0,0,0.00103004142798836,0,0.00060680503383552,0,0.000105819470035076,0,0.00037724554648997,0,0,0.0516069820870929,0,0,0,0,0,0,0,0.000415015469338506,0,0.00440257996090435,0,0,0,0,4.17125813614222e-05,0.0102418296364618,0,0.00315310592996697,0.00474316689168012,3.53737992787297e-05,0.028621916501843,0.000165523858598431,0.00433843480613398
0.000117504457032325,0,0,1.45571906253882e-05,0,0,0,0,0,0,0,0,0,0,0,0,0,0,1.5832145784931e-05,0,0,0,0,0,0,0,0,0,0,0,0,0.0522513714926327,0.0185190035991428,0.0509779148734397,0.0133719772162293,0.00336828580888079,0.000292103849540453,0.0132847258311595,0.0100970380053835,0.00012433253392894,0.0184398414880322,0.000416837813478376,0.013570962194101,0,0,1.83186231084834e-05,0,0,0.169365538975723,0.0686427685093961,0,0,0,0,0.000139372711443202,0,0,0,1.61407745065592e-05,0,0.000115273707218786,0,0,0,0,2.92671726764061e-05,0,0.000216454030139423,0,0,0,0,0,0.000123286815763587,0.037163314691063,0.00440192055751172,0.000592132615259721,0.00217924863986578,0.00391005563252976,0.0074554124545716,0.00114449394745442,0.00333043656293359,0.00508907648089027,6.50068996166872e-05,0.00615921501876884,1.50575040046427e-05,0
0.052466748885849,0,0.018843855367668,1.03538168217679e-05,0.000182772472738084,0,0,0,0.0129562607410827,2.7220216986505e-05,0,0,0.000326632858899665,0,0.000844315614151691,0,1.52129916505191e-05,2.6659631527591e-06,0.000343058037919452,0,0.000256322694871871,0,0.00259090479241323,0,0.00063359629348191,0,0,0,2.26323749651612e-05,0,0,0.00839059241278151,0,0.00148966114424395,0.000236224804251402,9.41307698212013e-05,0.00108295426606928,0.000798536388804404,0.00956219534760974,1.18997127136838e-05,0.113896041278436,0.00473626767061443,0.061061032523929,0,0,5.95382153167434e-05,0.00774964525106204,0.169365538975723,0,0.0381470179966641,0.00206611932088337,0,0,0,0.017704405523585,0,0.00981563770742331,0,0.00455025329036929,0,0.0162134473277725,0,0,0.00214246422131286,0,0.0183108144795128,0,0.00302438749417988,0,0.000315876607386056,0,0.00716209652979348,0,0.0143855952422624,0.00548180222840214,0.000516439739440269,0,0.00321527243717087,0.000253567611793941,0.00443642042823345,8.39744371717519e-05,0.0206871975144445,0.0059077495291853,5.03585247254477e-05,0.0334424150064252,0,9.5025610479743e-05
6.33890467048822e-05,0.0368445918233691,0,0.0175724792963577,0,0.00210132449941453,0,0,0,0.0175506503651305,0,0,0,0,0,2.49070042383712e-05,0.000162382026156139,0.000153001770022777,0.00642709131572681,8.28815048424238e-06,0,0.00246715691695821,0,0.00105132569211562,0,0,0,0,0,0,0,0.00182354051925263,0,0.00370294467072058,0,0.00320238533401431,1.78553712066921e-05,0.0038420235139714,0.000201339089831587,0.0338384201148139,0.00501088878959968,0.0150400935458903,0.00390048993108306,0,0,0.00186750457481296,5.75712205759006e-06,0.0686427685093961,0.0381470179966641,0,0,7.57520881619915e-05,0,0,0,0.00251862412232601,0,0.00170810953052053,0,0.00351267266091538,4.828572488432e-05,0.002758252623812,1.81490427138178e-05,0,0.0127239331209532,1.4879753229854e-05,0.00105125634663595,0.000175515214565607,0.00252659477403752,0,0.0119637995497835,0,0.00615966937930418,9.59354200883583e-06,2.15664557434193e-05,0,0.000245160488536306,0,0.004195437302501,3.39835957026715e-06,0.00726497179689943,6.84176848458383e-05,0.00487503063485261,6.34038319301905e-05,0.0302091754226251,0.00139271689372893,2.2595351172462e-05
5.67086240809886e-05,0,0.0141620871941735,0,0.0565132229028136,0,0.0056707321333885,0,0.000502056390395456,0,0.00190668931127995,0,0,0,0.000118665257657205,0,0,0,6.91239366938082e-06,0,0.00469724725535487,0,0,0,0,0,0,0,0,0,0,0,0,0,0,0,4.1391495041577e-05,0,0,0,0,0,0.000476303531110844,0,0,0,0.00027130612299677,0,0.00206611932088337,0,0,0,0.0329743909009869,0,0.0023565811420255,0,0.00267195392413343,0,0.00901572340806191,0,0.00729573688081995,0,0,0.000924040876343255,0,0,0,0,0,0,0,0,0,0,0,0,0,0,0,1.87759335542071e-05,0,2.47752304690619e-06,0.000623922148112821,1.35428449130596e-05,0.00689858980729454,0,0
0,0,0,0.0214682261986093,0,0.171078348946204,0,0.00206680577882136,0,0.000618181807537133,0,0.000756255060033561,0,0,0,0.00121396003784375,0,0,0,0.0016310911171863,0,0,0,0,0,0,0,0,0,0,0,0,0,0,0,0.000931231982241255,0,2.48750323278223e-06,0,5.85771255870388e-05,0,0.000187700269622822,0,0,0,8.15778137778968e-05,0,0,0,7.57520881619915e-05,0,0,0,0.000157977737066978,0,0,0,0.0185524682801517,0,0.00202509333633547,0,0.000661548425897902,0.00289471912308408,0,0,0,0,0,0,0,0,0,1.94775628512105e-05,0,0,0,0,0,7.51329254226746e-05,0,2.78026612824323e-06,0,0.00124179047643783,6.55131669773486e-06,0.00580335763145419,0,0
0,0,0,0,0,0,0.0286597360321411,0,0,0,0.000748676478456497,0,0,0,0,0,0,0,0,0,0,0,0,0,0,0,0,0,0,0,0,0,0,0,0,0,0,0,0,0,0,0,0,0,0,0,0,0,0,0,0.0329743909009869,0,0,0,0,0,0,0,0,0,0,0,0,0,0,0,0,0,0,0,0,0,0,0,0,0,0,0,0,0,0,0,0,0,0,0,0
0,0,0,0,0,0.00119165304087367,0,0.0399263063787663,0,0,0,0,0,0.000102123192406644,0,0,0,0,0,0,0,0,0,0,0,0,0,0,0,0,0,0,0,0,0,0,0,0,0,0,0,0,0,0,0,0,0,0,0,0,0,0.000157977737066978,0,0,0,0,0,0,0,0.000904024981042296,0,0,0,0,0,0,0,0,0,0,0,0,0,0,0,0,0,0,0,0,0,0,0.000197645975031491,1.82361865325171e-05,0,0,0
0.0798489024811243,0,0.0915807393236007,0,0.00921591145693048,0,0,0,0.117786223743098,0,0,0,0,0,0.00820743122873715,0,2.04637323571213e-06,0,9.64757733677205e-05,0,1.03111108175095e-05,0,0,0,0.0155204714561757,0,0.000533641994768983,0,0,0,0,0,0,0,0,0,3.68888618763598e-06,5.96318581497099e-06,0.000278492307348882,0,0.000310767513600425,4.98343597638896e-05,0.00284012856774105,0,0,2.67877990712851e-05,0.00103004142798836,0.000139372711443202,0.017704405523585,0,0.0023565811420255,0,0,0,0,0,0.00227227323004963,0,0.000450979284750848,0,0.0045646660208731,0,0,4.70215046950228e-05,0,0,0,0.014977863013569,0,0.000397404244054805,0,0.00104001279298399,0,0.00342750134910223,0,0,0,0,0,5.85608803711329e-05,0,0.000191415346926396,0.00111685026370061,3.23864595191937e-05,0.00525494407287717,0,0.000325332626417381
0,0.0634135461533345,0,0.0425497625201953,0,0.00150387002795726,0,0,0,0.120009619845691,0,0,0,0,0,0.00673576198854778,0,0.000150611225675394,5.59491684785224e-06,0,0,0,0,0.0684727402132627,0,0.00153903336354186,0,0,0,0,0,0,0,0,0,2.27049158273661e-05,0,0.00015206977567783,8.05245540103083e-06,0.000542593060576581,0,0.00102298889682701,1.60814850932891e-05,0,0,0.000399073927112801,0,0,0,0.00251862412232601,0,0,0,0,0,0,0,1.3307601658484e-05,0,0,0,0.0380471742521878,3.01276434563888e-05,0,0,0,0.0766757285675374,8.02657824113965e-05,0.0024445766235658,0,1.30845843524701e-05,0,0.000669109168697842,0,0,0,0,0,4.36544724944229e-05,0,0.000128664263787319,0,0.000661051922575567,2.3852533952379e-05,0.00213808434457248,2.37564338335025e-05,0
0.00566363688421112,0,0.000861472353947941,9.74882996324349e-06,2.06320437245435e-05,0,0,0,0.00524105452805002,0,0.0686818616004829,0,0,0,1.75970737444284e-05,0,2.68425488385689e-06,0,9.35929439651529e-05,0,0.0195136326797574,0,0,0,0.000132486601010687,0,0,0,0,0,0.00492901027971606,0,0,0,0,0,0.000326540732320831,0,0.000296288079067009,0,5.02498906525452e-05,0,0.00484112680770058,0,0,0,0.00060680503383552,0,0.00981563770742331,0,0.00267195392413343,0,0,0,0.00227227323004963,0,0,0,0.00648429501304578,0,0.000740867567035485,0,0,0.0347160705131392,0,0,0,0.000152389043891699,0,0,0,0.0118119411880219,0,0.00842987578407879,0,0,0,0,0,9.53090794665036e-05,0,9.93923708884045e-05,0.00050801487839419,1.72415255678508e-05,0.0319402487620392,0,4.32336309071383e-05
0,0.00040409185535693,0,0.00157355788705628,0,0.00365099613723197,0,0.00112249204625615,0,0.00011594208656027,0,0.083972516948279,0,0.000382377371132621,0,0,0,0,0,0.0225264911183561,0,7.89149538147954e-06,0,8.06485851166591e-05,0,0,0,0,0,0.00256556327978017,0,0,0,0,0,0.000786719383761105,0,0.00332935861452645,0,5.92537285380351e-05,0,0.000828555804828916,0,0,0,0.000132444373685939,0,0,0,0.00170810953052053,0,0.0185524682801517,0,0,0,1.3307601658484e-05,0,0,0,0.00974964223939091,0,0.00107205739957684,0.00554434215975731,0,3.48580602232061e-05,0,2.80207618215767e-05,0,0.000511520393458881,0,0.00807885586611843,0,0.0099742442514055,0,0,0,0,0,0.000105364547303231,0,0,0,0.000395838838454053,0,0.0259488646021892,3.33702331862485e-05,0
0.0011611201808663,0,0.00737806254684496,0,5.32952464116984e-05,0,0.000208199528093648,0,0.000237488777168857,0,0.000106634441181086,0,0.011780580928479,0,0.000373919545731499,0,0,0,5.02064085676349e-06,0,0.00033177345345363,0,0,0,0,0,0,0,0.00109097102602257,0,0,0,0,0,0,0,0.000186749449028174,2.44046238895308e-06,1.50279814782326e-05,0,5.53774933970868e-06,0,0.000800557284639989,0,0,0,0.000105819470035076,1.61407745065592e-05,0.00455025329036929,0,0.00901572340806191,0,0,0,0.000450979284750848,0,0.00648429501304578,0,0,0,0.00908484036775197,0,0,0.000495743853217512,0,0,0,0,0,6.78178078896757e-05,0,0.000919217216772547,0,0.00012147650987279,0,0,0,0,0,6.56836561024744e-05,0,4.24014051548255e-05,0.000206853681124486,0,0.00611638431747195,0,0
0,0.00259391975546944,0,0.00377062169910692,0,0.000766758207492557,0,0.00295064707969342,0,0,0,0.0072589713235558,0,0.0679150098080685,0,0.00496469877271534,0,0,0,0.000220028870293796,0,0,0,0,0,0,0,0,0,0,0,0,0,0,0,1.94811659542278e-05,0,0,0,1.38661920327705e-05,0,0,0,0,0,0,0,0,0,0.00351267266091538,0,0.00202509333633547,0,0.000904024981042296,0,0,0,0.00974964223939091,0,0,0,0.00770329111206081,3.68221989779645e-05,0,3.14609007479169e-05,0,0,0,0.000724933602766388,0,0.00237294743865382,0,0,0,0,0,0,0,0,0,0,0,0.000510615210104228,0.000618452995326462,0.00159990470956321,0,0
