0,0,15.6380716993454,0,22.2490196228027,0,0,0,9.9628190110928,0,0,0,0,0,14.4996755690802,0,59.4124290943146,0,23.1625439903953,0,32.6610794067383,0,0,0,11.3036415372576,0,0,0,0,0,0,0,0,0,0,0,0,38.2727330525716,16.2950371297201,0,38.7651753425598,48.2142868041992,23.3553919621876,0,0,0,24.8236289749975,20.7924346923828,9.09047972249872,0,20.1445492638482,0,0,0,10.5796108332943,0,14.722972869873,0,18.2487121990749,0,10.143106667619,0,0,31.196138381958,0,0,47.1588516235352,13.5478857430545,0,0,0,20.0953982216971,0,28.0347785949707,0,0,0,0,0,36.1150379180908,39.1861038208008,15.0458446649405,16.5744955477615,0,18.3785074734452,0,20.2107620239258
0,0,0,11.9113490319665,0,25.3400545120239,0,0,0,9.63912584243536,0,0,0,0,0,14.5022439956665,58.1415260314941,23.5825459957123,14.4995214813634,0,0,0,0,10.7371680306607,0,0,54.3276062011719,0,0,0,0,0,0,0,0,0,0,13.8174613630268,40.6769248962402,30.0581274399391,74.6345596313477,22.4282318218509,46.1645412445068,34.2187194824219,0,19.6951484663023,0,26.0894314159047,48.2601950509208,12.6226910504681,0,32.3973503112793,0,0,0,7.41221189178876,66.5334320068359,15.1491187413534,0,0,0,16.8526821497715,24.817572593689,0,0,0,10.8988934430209,49.5936749776204,0,0,20.599684715271,0,24.8768325693467,0,0,0,0,0,26.1289988522807,0,14.8899430274963,40.5469856262207,13.634171573391,32.8788751874651,14.8249574581832,13.7144845513736,0
15.6380716993454,0,0,0,6.28022161092651,0,0,0,26.2015519786525,0,0,0,0,0,20.8459300994873,0,61.5678284962972,66.4329605102539,50.5374270847866,0,25.3624496459961,0,0,0,28.1113432370699,0,0,0,0,0,0,0,0,0,0,0,17.6867149908151,0,32.293986108568,65.8293075561523,24.720970193545,0,36.1607330867222,0,0,0,23.2269693977475,0,19.826532047987,54.9708023071289,8.68956641483073,0,12.8294715881348,0,9.98330137464735,0,6.93336009618008,0,6.32368939221817,0,8.98456112543742,0,0,31.3492457558127,0,0,0,29.0283811092377,0,0,0,29.8799921671549,0,26.8616733551025,0,0,0,0,0,21.8434074100695,0,36.1683827808925,12.9281901980328,0,22.587941012706,0,38.6040096282959
0,11.9113490319665,0,0,0,4.8605552211814,0,0,0,10.1535860441499,0,2.82519809405009,0,0,0,8.48381439844767,97.8816680908203,57.6918606228299,43.2914627738621,4.19856381416321,0,0,0,28.5262455940247,0,0,0,0,0,0,0,0,0,0,0,19.9005213331902,0,30.1052589416504,0,32.4036480585734,0,31.6557809769509,37.5101208937796,25.3128258387248,0,16.0760266950256,78.9216709136963,0,0,16.1132049262524,0,8.03271717269934,0,0,0,8.28578967852327,0,4.06033411519281,0,5.1885513334132,0,6.61807227134705,17.0031118513663,0,0,0,27.1269588470459,0,0,0,0,0,26.2827936808268,0,0,0,0,0,22.2434073006995,0,0,0,18.1351952155431,28.4971698760986,20.7523865565883,29.4762943441218,0
22.2490196228027,0,6.28022161092651,0,0,0,3.64491506665945,0,15.5258222818375,0,0,0,0,0,0,0,0,0,0,0,0,0,0,0,30.7069759368896,0,0,0,0,0,0,0,0,0,0,0,10.3022082209587,0,0,0,31.1120882034302,0,38.8258165212778,0,0,0,27.6702695846558,0,23.5427906036377,0,6.57194146550732,0,3.48160191377004,0,6.52455902099609,0,11.9108604562694,0,12.4961139133998,0,5.95444314820426,0,0,28.3196543693542,0,0,0,0,0,0,0,0,0,0,0,0,0,0,0,15.1765562593937,0,0,6.02334504463106,4.34683943089144,14.8849843019321,0,0
0,25.3400545120239,0,4.8605552211814,0,0,0,3.53272606464142,0,7.8171899659293,0,4.48266354122677,0,0,0,13.2787971496582,0,0,36.9919624328613,5.16708584865892,0,0,0,0,0,0,0,0,0,0,0,0,0,0,0,13.0861529300087,0,0,0,0,0,37.7121668792352,37.4697774251302,0,0,30.4187185499403,0,0,0,31.6586256027222,0,6.18550218670525,0,6.7742628455162,0,7.13610058739072,0,7.44080659415987,0,9.39615571498871,0,11.0462253570557,11.2351642571963,0,0,0,0,0,0,0,0,0,34.6389122009277,0,0,0,0,0,22.1158497468481,0,0,0,6.47320127195921,5.5972849348901,23.6853013940347,0,0
0,0,0,0,3.64491506665945,0,0,0,0,0,4.64811242016312,0,5.34548626627241,0,0,0,0,0,0,0,4.2149218423026,0,0,0,0,0,0,0,0,0,0,0,0,0,0,0,6.20243102377588,0,0,0,0,0,0,0,0,0,0,0,0,0,4.16299936236167,0,3.77418815662186,0,0,0,6.10943363644316,0,5.30567080828892,0,0,0,0,0,0,0,0,0,0,0,0,0,0,0,0,0,0,0,0,9.07104873657227,0,0,3.4144077603662,4.51206773226378,0,0,0
0,0,0,0,0,3.53272606464142,0,0,0,0,0,3.34314031071133,0,3.22944141758813,0,0,0,0,0,3.57482802391052,0,0,0,0,0,0,0,0,0,0,0,0,0,0,0,5.06301736831665,0,0,0,0,0,0,0,0,0,0,0,0,0,0,0,4.13527196645737,0,3.10032864019904,0,0,0,7.44660370818741,0,9.38913678626219,0,0,3.61606429173396,0,0,0,0,0,0,0,0,0,0,0,0,0,0,0,0,0,0,0,3.38484435283674,4.00180506706238,0,0,0
9.9628190110928,0,26.2015519786525,0,15.5258222818375,0,0,0,0,0,0,0,0,0,6.67249252139658,0,13.0832539366693,40.2581451960972,25.4796792953572,0,30.1076304117839,0,0,0,6.59026255629992,0,8.35391285760062,0,0,0,0,0,0,0,0,0,0,41.9910736083984,16.0808458941323,57.3035659790039,46.2463366190592,38.6903381347656,26.8997093258482,0,19.7510652542114,48.0198211669922,28.6418035193665,0,18.4011848815045,0,30.7570266723633,0,0,0,6.80286390670996,0,16.8604908943176,0,30.1797779083252,0,5.79329528490702,0,0,28.256388333379,0,0,0,11.5095577076862,0,5.79486625989278,0,19.5238016219366,0,24.0381363687061,0,0,0,0,73.027214050293,31.8146771325005,0,25.7708024727671,7.6414897190212,4.79096114635468,19.6214182327002,32.2657203674316,21.2114734649658
0,9.63912584243536,0,10.1535860441499,0,7.8171899659293,0,0,0,0,0,0,0,3.80006068093436,0,4.77159517847856,53.2960472106934,5.56821984100342,32.4675260712119,0,0,35.6990737915039,0,7.69097915018238,0,0,0,0,0,0,0,0,0,0,0,16.6701526641846,0,13.7568869137373,50.3435907363892,36.7093696594238,0,15.5691108401229,40.4262256622314,0,0,33.1331019150583,0,40.3059883117676,60.6859550476074,16.6109092723556,0,0,0,0,0,7.97710496807915,0,14.0174636107225,0,0,0,6.9981328223286,0,0,0,0,16.1068728554328,0,0,0,15.9562473297119,0,19.4584039161945,0,0,0,0,0,41.684684753418,0,19.0420068764105,52.3292032877604,8.13873257503643,5.03634789492517,16.0563181468419,9.05054475415137,0
0,0,0,0,0,0,4.64811242016312,0,0,0,0,0,3.47206757863363,0,0,0,0,0,0,0,4.41860509856983,0,0,0,0,0,0,0,3.91166821279024,0,7.29338214298089,0,0,0,0,0,5.71990105311076,0,5.06445077444826,0,0,0,0,0,0,0,0,0,0,0,9.13648298808507,0,4.77695062838563,0,0,0,5.24359261275419,0,5.47314025869583,0,0,0,0,6.88162504775184,0,0,0,0,0,0,0,0,0,6.44172856719406,0,0,0,0,0,0,0,7.31937453853097,4.39831445249077,5.47156431165974,0,0,0
0,0,0,2.82519809405009,0,4.48266354122677,0,3.34314031071133,0,0,0,0,0,3.91541461332848,0,0,0,0,0,6.19726529849102,0,0,0,0,0,0,0,3.93319312614553,0,4.45650229681106,0,0,0,0,0,3.79840234068574,0,4.55082207860603,0,0,0,0,0,0,0,15.2794247733222,0,0,0,0,0,8.2166816147891,0,6.34624298622734,0,0,0,4.75207599525746,0,4.00609544448952,0,0,5.62799928173594,0,0,0,0,0,0,0,4.19907771096827,0,4.36887642777996,0,0,0,0,0,4.17603730963122,0,6.09099361058828,0,3.92974615059142,4.64890902692621,12.6174558443901,0,0
0,0,0,0,0,0,5.34548626627241,0,0,0,3.47206757863363,0,0,0,0,0,0,0,0,0,0,0,0,0,0,0,0,0,3.93594585254694,0,0,0,0,0,0,0,0,0,0,0,0,0,0,0,0,0,0,0,0,0,0,0,0,0,0,0,4.60023144029436,0,4.06354967370801,0,0,0,0,0,0,0,0,0,0,0,0,5.14435736544721,0,0,0,0,0,0,0,0,0,0,3.81570382931921,4.44514668336585,0,0,0
0,0,0,0,0,0,0,3.22944141758813,0,3.80006068093436,0,3.91541461332848,0,0,0,3.50655412364316,0,0,0,0,0,0,0,0,0,3.6695996761322,0,4.04325907174931,0,0,0,0,0,0,0,0,0,0,0,0,0,0,0,0,0,0,0,0,0,0,0,0,0,2.74303293228149,0,0,0,6.65777738359239,0,3.99659468334334,0,0,0,0,0,0,0,0,0,0,3.65640584447167,0,0,0,0,0,0,0,0,0,0,0,3.30156845152725,3.21875673144527,0,0,0
14.4996755690802,0,20.8459300994873,0,0,0,0,0,6.67249252139658,0,0,0,0,0,0,0,3.76563343547639,0,0,0,0,0,0,0,5.80727240244548,0,3.2268759627496,0,0,0,0,0,0,0,0,0,0,0,33.6335144042969,0,0,0,39.0776901245117,0,0,0,0,0,12.2566316988733,0,0,0,0,0,6.91001693407695,0,0,0,5.06849384307861,0,4.52815637169428,0,0,0,0,0,0,8.86316132545471,0,3.39576622497204,0,0,0,0,0,0,0,0,0,0,0,22.5575160980225,4.0916163759927,5.5240928264534,31.3668654759725,0,0
0,14.5022439956665,0,8.48381439844767,0,13.2787971496582,0,0,0,4.77159517847856,0,0,0,3.50655412364316,0,0,0,4.00592338574397,0,0,0,0,0,10.7514219284058,0,3.37967566821886,0,0,0,0,0,0,0,0,0,0,0,0,0,0,0,32.1978254318237,0,0,0,0,0,0,0,7.77083921432495,0,0,0,0,0,5.16745940688389,0,0,0,0,0,3.21703052406948,0,0,0,0,11.4904465675354,0,3.02651892426193,0,0,0,0,0,0,0,0,0,0,0,0,0,3.85158635591773,3.52542308797228,24.778502146403,0,0
59.4124290943146,58.1415260314941,61.5678284962972,97.8816680908203,0,0,0,0,13.0832539366693,53.2960472106934,0,0,0,0,3.76563343547639,0,0,14.7726332271533,19.3964331124245,0,57.8149429321289,0,0,0,6.25550840474382,0,3.19819806172298,0,0,0,0,0,0,0,0,0,0,0,52.862232208252,69.1464504060291,55.0361800602504,56.1605909511021,44.1438030943086,53.9095821380615,43.8789218902588,56.9496815589166,46.8027775962774,0,49.3591288398294,72.516658782959,74.329948425293,0,0,0,22.9376787405748,0,47.8943899472555,0,74.7983573913574,0,4.23028929366006,0,0,43.403032675022,0,0,0,15.8559567133586,0,0,75.4953536987305,67.8106536865234,67.0621862411499,43.8111967789499,0,0,0,0,64.5857256571452,53.5326530437658,0,52.2323228662664,10.5013013903701,13.4454818260975,44.5162872238553,51.1764282226562,44.3920011520386
0,23.5825459957123,66.4329605102539,57.6918606228299,0,0,0,0,40.2581451960972,5.56821984100342,0,0,0,0,0,4.00592338574397,14.7726332271533,0,18.2075900314892,0,69.3243637084961,0,0,7.72514691352844,0,3.11275639533997,0,3.56996846199036,0,0,0,0,0,0,0,0,0,36.6808242797852,0,56.7057089124407,64.190760506524,46.744630191581,56.8065087601945,34.6006164550781,0,49.2677838258965,62.1004669563902,0,68.6825885772705,46.9158864021301,0,0,0,0,0,55.4139734903971,54.8332614898682,60.8086929321289,0,0,0,4.51649855798291,62.2301875523158,69.5787225723267,7.92039477825165,0,0,0,4.36361339217738,0,0,72.7193832397461,53.320944680108,46.3499641418457,0,0,0,0,55.9340299771527,64.1770932427768,39.3805516560872,62.9904487609863,12.0495521440827,4.70838186332042,54.1947537518321,51.6311432333554,60.2906317710876
23.1625439903953,14.4995214813634,50.5374270847866,43.2914627738621,0,36.9919624328613,0,0,25.4796792953572,32.4675260712119,0,0,0,0,0,0,19.3964331124245,18.2075900314892,0,0,51.0353012084961,0,0,59.4266357421875,30.3271484375,0,0,0,0,0,0,0,0,0,0,0,26.773588180542,0,31.7773895263672,42.4300014904006,42.3031983731398,31.3953040988145,26.7189035936519,15.423415184021,30.1763536135356,32.5713896215067,35.1944099519097,0,41.6816649436951,42.3149929046631,0,0,0,0,41.522115389506,43.9212449391683,34.5472774505615,49.2535377502441,59.3295135498047,0,0,0,68.4779383341471,42.8520135155207,0,0,0,31.0628910064697,0,0,0,31.0233787536621,42.536806678772,38.0461586079699,0,0,0,0,41.2442303135943,42.0546263876678,47.1870536804199,46.8081662838276,16.936303799651,38.7893795437283,37.5646889174771,30.9898455693172,37.0116576425957
0,0,0,4.19856381416321,0,5.16708584865892,0,3.57482802391052,0,0,0,6.19726529849102,0,0,0,0,0,0,0,0,0,0,0,0,0,0,0,0,0,0,0,0,0,0,0,4.56206034218538,0,5.03477813749749,0,0,0,0,0,0,0,7.85946209172168,0,0,0,0,0,6.63403510402989,0,0,0,0,0,6.09038597026854,0,11.1704320907593,0,0,5.46915866465536,0,0,0,0,0,0,0,0,0,12.0515085458755,0,0,0,0,0,6.11113441420715,0,0,0,6.34208161301083,0,6.92568789608777,0,0
32.6610794067383,0,25.3624496459961,0,0,0,4.2149218423026,0,30.1076304117839,0,4.41860509856983,0,0,0,0,0,57.8149429321289,69.3243637084961,51.0353012084961,0,0,0,0,0,0,0,0,0,0,0,0,0,0,0,0,0,4.72590790169962,0,4.88618963310517,0,46.1199398040771,0,60.5154571533203,0,0,0,18.4725460510254,0,29.0426864624023,0,15.2285390581403,0,7.11204147338867,0,0,0,4.69564499104336,0,25.3915157318115,0,35.2147636413574,0,0,5.25244970319908,0,0,0,0,0,0,0,0,0,0,0,0,0,0,0,9.55200128583513,0,79.8557586669922,4.39294653636653,6.43712844545879,12.920373621388,0,0
0,0,0,0,0,0,0,0,0,35.6990737915039,0,0,0,0,0,0,0,0,0,0,0,0,4.80610624302778,6.7004622783301,0,4.72552443362297,0,5.85493533006112,0,0,0,0,0,0,0,0,0,5.97138018939527,7.17985373327177,0,0,0,0,0,0,0,0,0,15.4470940828323,5.31853576806875,0,0,0,0,0,27.5879154205322,0,0,0,0,0,0,0,0,4.89678067977861,6.43945492068424,10.1336744487164,0,5.22006558878668,0,9.96965032365358,0,0,0,0,0,0,0,0,0,9.86743507742538,14.2493009567261,5.48400016133585,5.30275565558944,0,0,0
0,0,0,0,0,0,0,0,0,0,0,0,0,0,0,0,0,0,0,0,0,4.80610624302778,0,0,8.69691134414464,0,14.6203958601565,0,6.14141611204017,0,0,0,0,0,0,0,0,13.9592890739441,5.06800378791164,0,0,0,0,0,0,0,0,0,7.46324726642591,0,0,0,0,0,0,0,0,0,0,0,0,0,0,0,5.62454797470406,4.61965481779573,0,10.0961223071621,0,7.74412106832111,0,5.01917818981967,0,0,0,0,0,0,0,0,20.2044486999512,10.4505255543594,6.09142522293555,4.3416362141233,0,0,0
0,10.7371680306607,0,28.5262455940247,0,0,0,0,0,7.69097915018238,0,0,0,0,0,10.7514219284058,0,7.72514691352844,59.4266357421875,0,0,6.7004622783301,0,0,0,4.18608469978406,0,0,0,0,0,0,0,0,0,0,0,6.8217563679466,0,50.8111114501953,0,24.8750539507185,0,0,0,46.8584493001302,0,0,0,5.23053635552872,0,0,0,0,48.9381103515625,4.41999664008617,0,0,0,0,0,5.62185730934143,0,0,5.98225987079192,0,5.25225205001738,0,4.78641586691063,0,0,0,0,0,0,0,0,0,40.9242897033691,0,12.1036067384372,0,5.14797288864341,25.0804767608643,14.7286223002842,10.907940864563,0
11.3036415372576,0,28.1113432370699,0,30.7069759368896,0,0,0,6.59026255629992,0,0,0,0,0,5.80727240244548,0,6.25550840474382,0,30.3271484375,0,0,0,8.69691134414464,0,0,0,5.03968906567014,0,0,0,0,0,0,0,11.8135652542114,0,0,0,5.70676421174909,0,0,0,46.619776725769,0,0,0,77.4035186767578,0,9.08118824353294,0,34.0969581604004,0,0,0,8.53445935249329,0,0,0,0,0,5.78898931952084,0,0,0,0,6.21632914985725,0,4.26221648549539,0,4.15231704095314,0,0,0,0,0,0,0,0,0,34.255241394043,0,7.5691838894195,7.63899340609024,20.002946138382,18.9996207555135,0,0
0,0,0,0,0,0,0,0,0,0,0,0,0,3.6695996761322,0,3.37967566821886,0,3.11275639533997,0,0,0,4.72552443362297,0,4.18608469978406,0,0,0,5.11634766414601,0,0,0,0,0,0,0,0,0,0,0,0,0,0,0,0,0,0,0,0,0,0,0,0,0,0,0,0,0,0,0,0,0,3.72986315488815,0,0,7.6044839314052,0,5.33003623485565,0,4.5483399751488,0,4.49117437685569,0,0,0,0,0,0,0,0,0,0,0,4.6426188176992,0,0,0,0
0,54.3276062011719,0,0,0,0,0,0,8.35391285760062,0,0,0,0,0,3.2268759627496,0,3.19819806172298,0,0,0,0,0,14.6203958601565,0,5.03968906567014,0,0,0,2.94265306718422,0,0,0,0,0,0,0,0,0,0,0,0,0,0,0,0,0,0,0,13.3642530441284,0,0,0,0,0,12.0017871856689,0,0,0,0,0,3.89209598150009,0,0,0,0,14.2137494285901,0,4.96664095918338,0,3.62070023357127,0,0,0,0,0,0,0,0,0,0,0,0,3.58901838294598,0,0,0,0
0,0,0,0,0,0,0,0,0,0,0,3.93319312614553,0,4.04325907174931,0,0,0,3.56996846199036,0,0,0,5.85493533006112,0,0,0,5.11634766414601,0,0,0,5.72443263763088,0,0,0,0,0,0,0,6.90709662768576,0,0,0,0,0,0,0,0,0,0,0,0,0,0,0,0,0,0,0,7.15339269902971,0,4.11492684261858,0,0,0,0,5.25927135705948,0,0,0,4.19678120102201,0,5.16204621480032,0,10.81704943481,0,0,0,0,0,0,0,5.4810862681445,0,4.55843267806386,3.20041087953961,0,0,0
0,0,0,0,0,0,0,0,0,0,3.91166821279024,0,3.93594585254694,0,0,0,0,0,0,0,0,0,6.14141611204017,0,0,0,2.94265306718422,0,0,0,3.9424514336566,0,0,0,0,0,0,0,4.16034842359609,0,0,0,0,0,0,0,0,0,0,0,0,0,0,0,0,0,0,0,3.55546810005425,0,0,0,0,0,0,8.15560072792901,0,0,0,2.92870642493168,0,4.59364031885265,0,0,0,0,0,0,0,0,0,0,4.99227056968239,4.24689088865063,0,0,0
0,0,0,0,0,0,0,0,0,0,0,4.45650229681106,0,0,0,0,0,0,0,0,0,0,0,0,0,0,0,5.72443263763088,0,0,0,0,0,0,0,0,0,3.46941691742846,0,0,0,0,0,0,0,0,0,0,0,0,0,0,0,0,0,0,0,4.46100803763567,0,0,0,0,0,0,0,0,0,0,0,0,5.87781547109473,0,7.57182199451792,0,0,0,0,0,0,0,6.96173406996817,0,5.98821186259173,0,0,0,0
0,0,0,0,0,0,0,0,0,0,7.29338214298089,0,0,0,0,0,0,0,0,0,0,0,0,0,0,0,0,0,3.9424514336566,0,0,0,0,0,0,0,0,0,4.43350059661334,0,0,0,0,0,0,0,0,0,0,0,0,0,0,0,0,0,4.87890666474899,0,0,0,0,0,0,9.08526706695557,0,0,0,0,0,0,0,6.89611109097799,0,3.9897019126442,0,0,0,0,0,0,0,0,3.60811807754192,4.28258913612366,0,0,0
0,0,0,0,0,0,0,0,0,0,0,0,0,0,0,0,0,0,0,0,0,0,0,0,0,0,0,0,0,0,0,0,4.05001802082303,8.35415768242897,0,6.05377278725306,2.79128098487854,0,0,0,0,0,0,0,0,0,0,6.6783592472442,14.2614305814107,5.65050742090965,0,0,0,0,0,0,0,0,0,0,0,0,0,0,0,0,0,0,0,0,0,0,0,0,9.18068492811833,3.38947042296914,9.6040962372186,0,21.398969121774,0,0,0,3.32353114878011,0,0,0,0
0,0,0,0,0,0,0,0,0,0,0,0,0,0,0,0,0,0,0,0,0,0,0,0,0,0,0,0,0,0,0,4.05001802082303,0,5.45477927393383,5.32269027426436,3.11066797115659,3.11111359631837,0,0,0,0,0,0,0,0,0,0,5.36251289704267,18.3777834574382,0,0,0,0,0,0,0,0,0,0,0,0,0,0,0,0,0,0,0,0,0,0,0,0,0,5.9784824848175,3.89337396007151,4.85812520980835,6.8766532599926,0,4.26007816579759,0,0,3.35403000773216,0,0,0,0
0,0,0,0,0,0,0,0,0,0,0,0,0,0,0,0,0,0,0,0,0,0,0,0,0,0,0,0,0,0,0,8.35415768242897,5.45477927393383,0,4.55262369482767,4.9519945364732,0,4.17057824231352,7.12095904350281,0,0,0,0,0,0,0,0,5.69587862255081,19.5391203761101,9.72787797451019,0,0,0,0,0,0,0,0,0,0,0,0,0,0,0,0,0,22.4930038452148,0,0,0,0,0,0,4.54788139353248,5.73284149169922,5.17206558013408,4.86122326966424,6.21287512779236,0,4.88001150217923,16.1857696771622,4.04681766460446,5.44030137062073,18.7036399841309,0,0
0,0,0,0,0,0,0,0,0,0,0,0,0,0,0,0,0,0,0,0,0,0,0,0,11.8135652542114,0,0,0,0,0,0,0,5.32269027426436,4.55262369482767,0,5.53744810819626,3.46646421770506,7.42441077172002,5.02929273728401,0,0,0,14.3028347492218,0,0,0,0,5.33241453772332,9.05497138612222,0,0,0,0,0,0,0,0,0,0,0,0,0,0,0,0,0,0,0,0,0,0,0,0,0,7.27277917861938,8.77140729567584,4.55627425955337,5.0962183766775,5.06669425964355,5.22370272067004,9.05531573295593,5.79770204371889,4.44632352409941,4.17240422964096,15.8356176376343,0,0
0,0,0,19.9005213331902,0,13.0861529300087,0,5.06301736831665,0,16.6701526641846,0,3.79840234068574,0,0,0,0,0,0,0,4.56206034218538,0,0,0,0,0,0,0,0,0,0,0,6.05377278725306,3.11066797115659,4.9519945364732,5.53744810819626,0,4.56591793656234,4.94441007467874,8.04169928232829,8.70582418238863,0,25.9751967283396,31.6672210693359,0,0,19.7828195012849,0,6.52091189906711,0,15.4253428777059,0,30.3433666229248,0,0,0,22.8044166564941,0,5.56012924093949,0,0,0,21.656690120697,7.42134022847028,0,0,0,0,0,0,0,0,0,28.8752746582031,0,0,3.80195194482803,6.8429786731612,0,5.51192634731234,5.21680299956122,5.92165958615223,0,4.87615232882885,5.23331616472262,15.492506494104,0,0
0,0,17.6867149908151,0,10.3022082209587,0,6.20243102377588,0,0,0,5.71990105311076,0,0,0,0,0,0,0,26.773588180542,0,4.72590790169962,0,0,0,0,0,0,0,0,0,0,2.79128098487854,3.11111359631837,0,3.46646421770506,4.56591793656234,0,3.85085520148277,5.1842921401543,0,16.3755659461021,0,24.3453673919042,0,0,0,32.1951034994686,6.01199337732878,12.1994379361471,0,0,0,0,0,0,0,30.0975364888156,0,29.8740863800049,0,0,0,0,10.1402625197641,0,0,0,0,0,0,0,0,0,0,0,3.49809049024172,0,8.12187213789333,4.87481721060124,5.63579321056016,0,6.51847424141554,4.91935020456534,5.17445560802891,14.8573221706953,0,0
38.2727330525716,13.8174613630268,0,30.1052589416504,0,0,0,0,41.9910736083984,13.7568869137373,0,4.55082207860603,0,0,0,0,0,36.6808242797852,0,5.03477813749749,0,5.97138018939527,13.9592890739441,6.8217563679466,0,0,0,6.90709662768576,0,3.46941691742846,0,0,0,4.17057824231352,7.42441077172002,4.94441007467874,3.85085520148277,0,10.5147984470034,54.0623664855957,0,18.0003157962452,0,0,0,37.9083309173584,0,7.19030753000459,24.1667810352032,5.26609884402453,0,0,0,0,39.0289659500122,9.70849666228661,0,5.80521167236931,0,0,0,38.9707565307617,7.33509279381145,0,6.53085610825558,0,8.22124863026305,26.083793258667,0,0,6.40586103577363,0,4.50931113971177,0,0,0,5.26881437940257,10.8679872512817,5.88105662605942,0,5.52625397801523,15.3856010704814,5.66437466591995,5.36916967306414,15.4610360630772,13.6574831008911,0
16.2950371297201,40.6769248962402,32.293986108568,0,0,0,0,0,16.0808458941323,50.3435907363892,5.06445077444826,0,0,0,33.6335144042969,0,52.862232208252,0,31.7773895263672,0,4.88618963310517,7.17985373327177,5.06800378791164,0,5.70676421174909,0,0,0,4.16034842359609,0,4.43350059661334,0,0,7.12095904350281,5.02929273728401,8.04169928232829,5.1842921401543,10.5147984470034,0,0,49.4550666809082,27.4029731750488,34.8283643722534,0,0,59.7694702148438,17.1844258000774,6.40806386744803,7.28535745385222,28.1536972045898,38.9145431518555,0,0,0,13.3535225080407,38.5513197580973,5.62621544461691,0,39.086727142334,0,33.4535369873047,0,0,6.82817464896611,0,6.40519317073526,25.6621497869492,7.04894567966034,0,0,0,0,0,5.20904487725766,0,0,0,6.74662143428151,8.34818210601807,7.87468182937407,13.6373931695749,4.72175449394713,4.52275973914354,3.91194110312872,18.5886891412735,0,0
0,30.0581274399391,65.8293075561523,32.4036480585734,0,0,0,0,57.3035659790039,36.7093696594238,0,0,0,0,0,0,69.1464504060291,56.7057089124407,42.4300014904006,0,0,0,0,50.8111114501953,0,0,0,0,0,0,0,0,0,0,0,8.70582418238863,0,54.0623664855957,0,0,0,18.7392773446887,49.2031419844854,15.4719149725778,0,8.97751308775837,69.6849619547526,0,0,6.46915762616981,0,0,0,0,0,39.1261672973633,0,28.3531618118286,0,0,0,43.9434413909912,10.7421608432647,71.9800567626953,0,0,66.7156448364258,0,0,0,0,0,52.8757214016385,0,0,0,0,0,12.5961803480013,69.194465637207,0,0,36.5256407077496,45.1538425314015,10.9016064426369,31.4409543355306,59.1323318481445
38.7651753425598,74.6345596313477,24.720970193545,0,31.1120882034302,0,0,0,46.2463366190592,0,0,0,0,0,0,0,55.0361800602504,64.190760506524,42.3031983731398,0,46.1199398040771,0,0,0,0,0,0,0,0,0,0,0,0,0,0,0,16.3755659461021,0,49.4550666809082,0,0,73.0745391845703,21.0966577446451,0,32.3578691482544,0,13.0886889557506,5.04787636345083,4.55602216935063,9.73738058348882,39.6894195556641,0,0,0,28.4194421768188,0,32.3012152451735,0,31.542334874471,0,24.8828201293945,0,0,25.2644137720908,0,0,0,0,0,0,0,33.258129119873,0,41.778967666626,0,0,0,0,88.0989685058594,9.96976335350896,0,6.88307836922732,35.565300080084,50.1458487510681,15.0148691867628,62.9279747009277,25.6641634160822
48.2142868041992,22.4282318218509,0,31.6557809769509,0,37.7121668792352,0,0,38.6903381347656,15.5691108401229,0,0,0,0,0,32.1978254318237,56.1605909511021,46.744630191581,31.3953040988145,0,0,0,0,24.8750539507185,0,0,0,0,0,0,0,0,0,0,0,25.9751967283396,0,18.0003157962452,27.4029731750488,18.7392773446887,73.0745391845703,0,18.7236751409282,18.8462924332846,15.3550176620483,28.1199421707299,63.6823534124038,16.2335517406464,15.3162340266364,13.6203482280863,0,46.6061831156413,0,0,45.2275365193685,36.783679825919,46.3308067321777,19.5015759468079,0,0,0,41.4160298109055,29.931711527766,76.4528825933283,0,0,41.3234577178955,0,0,0,16.1312269731001,73.562141418457,11.7226066199783,67.9222564697266,0,0,0,0,30.5259293923164,62.9923441960261,0,60.9320220947266,21.9847303000913,35.696190524776,17.3376247315976,17.0546717257411,25.1019240697225
23.3553919621876,46.1645412445068,36.1607330867222,37.5101208937796,38.8258165212778,37.4697774251302,0,0,26.8997093258482,40.4262256622314,0,0,0,0,39.0776901245117,0,44.1438030943086,56.8065087601945,26.7189035936519,0,60.5154571533203,0,0,0,46.619776725769,0,0,0,0,0,0,0,0,0,14.3028347492218,31.6672210693359,24.3453673919042,0,34.8283643722534,49.2031419844854,21.0966577446451,18.7236751409282,0,0,13.0234524949652,58.1212135314941,20.6443113251874,5.45998776223924,9.5348574940699,7.39385523248768,43.0651245483985,42.6930351257324,0,0,34.0198428314344,42.0428619384766,38.2598064939181,0,43.1269797040271,0,42.3573197682699,0,0,36.0658991422409,0,0,0,22.1648541450501,0,0,0,21.1704815149307,51.8601055145264,23.1064122758593,0,0,0,15.2150192260742,54.3940920829773,22.4211069019361,0,27.5334817090081,19.5058001252154,33.6547394752502,18.1906563129871,37.033730506897,24.1388984357609
0,34.2187194824219,0,25.3128258387248,0,0,0,0,0,0,0,0,0,0,0,0,53.9095821380615,34.6006164550781,15.423415184021,0,0,0,0,0,0,0,0,0,0,0,0,0,0,0,0,0,0,0,0,15.4719149725778,0,18.8462924332846,0,0,0,14.732742136175,0,0,0,0,0,0,0,0,0,0,0,28.7595405578613,0,0,0,0,30.0294046401978,0,0,0,42.3710136413574,0,0,0,0,0,0,0,0,0,0,0,19.3646859169006,0,0,0,12.4210295677185,0,32.0988394480485,0,0
0,0,0,0,0,0,0,0,19.7510652542114,0,0,0,0,0,0,0,43.8789218902588,0,30.1763536135356,0,0,0,0,0,0,0,0,0,0,0,0,0,0,0,0,0,0,0,0,0,32.3578691482544,15.3550176620483,13.0234524949652,0,0,0,31.0538667678833,0,0,0,0,0,0,0,0,0,0,0,0,0,0,0,0,0,0,0,0,0,0,0,0,0,0,0,0,0,0,0,0,30.425792149135,0,47.0967712402344,16.2173332734541,0,9.90332609523426,0,26.2559108734131
0,19.6951484663023,0,16.0760266950256,0,30.4187185499403,0,0,48.0198211669922,33.1331019150583,0,15.2794247733222,0,0,0,0,56.9496815589166,49.2677838258965,32.5713896215067,7.85946209172168,0,0,0,46.8584493001302,0,0,0,0,0,0,0,0,0,0,0,19.7828195012849,0,37.9083309173584,59.7694702148438,8.97751308775837,0,28.1199421707299,58.1212135314941,14.732742136175,0,0,76.7706784142388,0,54.3785781860352,22.7151788120538,0,51.8755760192871,0,0,0,28.728960164388,0,20.3827981826587,0,0,0,27.8355258305868,7.56314580736832,70.3297424316406,0,0,0,0,0,0,0,0,34.5516263374915,59.0559310913086,0,0,0,0,14.1771878542079,74.6274439493815,12.6653165523822,0,26.0345154343441,38.5107983809251,19.6240091784155,31.7569742656889,56.1539077758789
24.8236289749975,0,23.2269693977475,78.9216709136963,27.6702695846558,0,0,0,28.6418035193665,0,0,0,0,0,0,0,46.8027775962774,62.1004669563902,35.1944099519097,0,18.4725460510254,0,0,0,77.4035186767578,0,0,0,0,0,0,0,0,0,0,0,32.1951034994686,0,17.1844258000774,69.6849619547526,13.0886889557506,63.6823534124038,20.6443113251874,0,31.0538667678833,76.7706784142388,0,155.010650634766,33.2916658751819,120.420478820801,29.7426600874516,0,0,0,29.2615049313276,105.191707611084,24.2405049675389,0,31.8116884628932,0,30.4310014724731,0,106.156867980957,15.9996690464299,0,0,0,0,0,0,0,47.0202217102051,0,47.9550233320756,0,0,0,0,73.4060554504395,18.6589543423079,0,26.1590071678162,29.9353330203237,40.7083262982576,21.2906926274125,64.9578717549642,31.7133926059889
20.7924346923828,26.0894314159047,0,0,0,0,0,0,0,40.3059883117676,0,0,0,0,0,0,0,0,0,0,0,0,0,0,0,0,0,0,0,0,0,6.6783592472442,5.36251289704267,5.69587862255081,5.33241453772332,6.52091189906711,6.01199337732878,7.19030753000459,6.40806386744803,0,5.04787636345083,16.2335517406464,5.45998776223924,0,0,0,155.010650634766,0,7.53181670724853,5.79117790210598,0,0,0,0,27.8659825325012,26.0120296478271,0,0,0,0,0,0,0,0,0,0,17.3808296203613,14.0962811249953,0,0,0,0,0,0,10.2644821099879,7.38624440271181,7.43696849242501,6.42456885228246,11.647199432302,8.6279787403559,8.40948608233314,8.0602545769967,5.2136506005722,7.32611077172416,6.11745766782167,0,0
9.09047972249872,48.2601950509208,19.826532047987,0,23.5427906036377,0,0,0,18.4011848815045,60.6859550476074,0,0,0,0,12.2566316988733,0,49.3591288398294,68.6825885772705,41.6816649436951,0,29.0426864624023,15.4470940828323,7.46324726642591,0,9.08118824353294,0,13.3642530441284,0,0,0,0,14.2614305814107,18.3777834574382,19.5391203761101,9.05497138612222,0,12.1994379361471,24.1667810352032,7.28535745385222,0,4.55602216935063,15.3162340266364,9.5348574940699,0,0,54.3785781860352,33.2916658751819,7.53181670724853,0,6.52328108155315,16.5093082851834,0,0,0,17.073767284329,0,6.25857427540947,0,8.70397871173918,0,8.23249132025476,0,0,29.5018419689602,0,5.43595107486754,31.5068170759413,12.4623631135641,0,12.766007900238,0,5.63463355884079,0,11.1222272396088,16.1699047088623,4.49456592400869,22.9572358131409,12.6297346954672,0,5.25594566275012,26.9606187305753,6.03265334292488,9.61691909330795,10.009740114212,10.4979436438129,0,0
0,12.6226910504681,54.9708023071289,16.1132049262524,0,31.6586256027222,0,0,0,16.6109092723556,0,0,0,0,0,7.77083921432495,72.516658782959,46.9158864021301,42.3149929046631,0,0,5.31853576806875,0,5.23053635552872,0,0,0,0,0,0,0,5.65050742090965,0,9.72787797451019,0,15.4253428777059,0,5.26609884402453,28.1536972045898,6.46915762616981,9.73738058348882,13.6203482280863,7.39385523248768,0,0,22.7151788120538,120.420478820801,5.79117790210598,6.52328108155315,0,0,6.67605765660604,0,0,0,11.7304917710168,0,5.18993448359626,0,2.80866630872091,0,5.00329016447067,0,73.0521240234375,4.2552828848362,0,5.20564371514991,38.2536201477051,0,0,5.05329447368096,0,10.0164734045664,0,5.72725975513458,0,0,0,32.0830663045247,0,5.01748553402905,33.0016311645508,6.897181823609,30.8237943649292,7.35025041496631,12.7302322387695,0
20.1445492638482,0,8.68956641483073,0,6.57194146550732,0,4.16299936236167,0,30.7570266723633,0,9.13648298808507,0,0,0,0,0,74.329948425293,0,0,0,15.2285390581403,0,0,0,34.0969581604004,0,0,0,0,0,0,0,0,0,0,0,0,0,38.9145431518555,0,39.6894195556641,0,43.0651245483985,0,0,0,29.7426600874516,0,16.5093082851834,0,0,0,4.45554972171783,0,9.44682940314798,0,7.30651464279402,0,5.29767458547245,0,5.06228894800753,0,0,36.7634290834753,0,0,0,0,0,0,0,0,0,33.4835090637207,0,0,0,0,0,41.2129245758057,0,38.206059047154,16.4978747459558,0,21.5829538722016,0,0
0,32.3973503112793,0,8.03271717269934,0,6.18550218670525,0,4.13527196645737,0,0,0,8.2166816147891,0,0,0,0,0,0,0,6.63403510402989,0,0,0,0,0,0,0,0,0,0,0,0,0,0,0,30.3433666229248,0,0,0,0,0,46.6061831156413,42.6930351257324,0,0,51.8755760192871,0,0,0,6.67605765660604,0,0,0,4.2800471663475,0,5.15740203857422,0,6.22513292942342,0,4.69709611537209,0,4.91543479760488,9.75770531654358,0,0,0,0,0,0,0,0,0,0,0,0,0,0,0,28.841895421346,0,0,0,7.14991717234902,0,16.6055144346677,0,0
0,0,12.8294715881348,0,3.48160191377004,0,3.77418815662186,0,0,0,4.77695062838563,0,0,0,0,0,0,0,0,0,7.11204147338867,0,0,0,0,0,0,0,0,0,0,0,0,0,0,0,0,0,0,0,0,0,0,0,0,0,0,0,0,0,4.45554972171783,0,0,0,0,0,6.8550958563082,0,7.59108069147247,0,0,0,0,13.9328603744507,0,0,0,0,0,0,0,0,0,0,0,0,0,0,0,0,0,0,3.2759397983551,4.00936305522919,0,0,0
0,0,0,0,0,6.7742628455162,0,3.10032864019904,0,0,0,6.34624298622734,0,2.74303293228149,0,0,0,0,0,0,0,0,0,0,0,0,0,0,0,0,0,0,0,0,0,0,0,0,0,0,0,0,0,0,0,0,0,0,0,0,0,4.2800471663475,0,0,0,0,0,6.00846086355148,0,4.63569680181872,0,0,19.1359081268311,0,0,0,0,0,0,0,0,0,0,0,0,0,0,0,0,0,0,0,5.53015022807651,0,0,0,0
10.5796108332943,0,9.98330137464735,0,6.52455902099609,0,0,0,6.80286390670996,0,0,0,0,0,6.91001693407695,0,22.9376787405748,0,41.522115389506,0,0,0,0,48.9381103515625,8.53445935249329,0,12.0017871856689,0,0,0,0,0,0,0,0,0,0,39.0289659500122,13.3535225080407,0,28.4194421768188,45.2275365193685,34.0198428314344,0,0,0,29.2615049313276,27.8659825325012,17.073767284329,0,9.44682940314798,0,0,0,0,0,11.216180006663,0,0,0,7.14311878577523,0,0,32.0588517622514,0,0,0,8.14011931285052,0,13.2601728439331,0,21.2328979492187,0,24.3471814261542,0,0,0,0,0,38.3151995340983,36.0494289398193,11.580287721422,13.9713709473214,23.5893659591675,22.9613110099636,0,28.2223377227783
0,7.41221189178876,0,8.28578967852327,0,7.13610058739072,0,0,0,7.97710496807915,0,0,0,0,0,5.16745940688389,0,55.4139734903971,43.9212449391683,0,0,27.5879154205322,0,4.41999664008617,0,0,0,0,0,0,0,0,0,0,0,22.8044166564941,0,9.70849666228661,38.5513197580973,39.1261672973633,0,36.783679825919,42.0428619384766,0,0,28.728960164388,105.191707611084,26.0120296478271,0,11.7304917710168,0,5.15740203857422,0,0,0,0,0,0,0,0,0,6.25504920383294,23.4336675008138,0,0,0,6.00652515357775,38.5963274637858,0,0,0,0,41.8425903320312,0,0,0,0,0,33.0770266652107,0,8.3392778813839,0,20.4699108391127,16.3648614381489,29.43358715823,21.9331994056702,0
14.722972869873,66.5334320068359,6.93336009618008,0,11.9108604562694,0,6.10943363644316,0,16.8604908943176,0,5.24359261275419,0,4.60023144029436,0,0,0,47.8943899472555,54.8332614898682,34.5472774505615,0,4.69564499104336,0,0,0,0,0,0,0,0,0,4.87890666474899,0,0,0,0,0,30.0975364888156,0,5.62621544461691,0,32.3012152451735,46.3308067321777,38.2598064939181,0,0,0,24.2405049675389,0,6.25857427540947,0,7.30651464279402,0,6.8550958563082,0,11.216180006663,0,0,0,4.50470048853819,0,5.09007489681244,0,0,13.7638717855288,0,0,0,0,0,0,0,3.67360750047287,0,5.36302874904789,0,0,0,0,0,23.9738912362741,0,9.76810461077197,7.28184507227449,0,15.6206331012051,0,0
0,15.1491187413534,0,4.06033411519281,0,7.44080659415987,0,7.44660370818741,0,14.0174636107225,0,4.75207599525746,0,6.65777738359239,0,0,0,60.8086929321289,49.2535377502441,6.09038597026854,0,0,0,0,0,0,0,7.15339269902971,0,4.46100803763567,0,0,0,0,0,5.56012924093949,0,5.80521167236931,0,28.3531618118286,0,19.5015759468079,0,28.7595405578613,0,20.3827981826587,0,0,0,5.18993448359626,0,6.22513292942342,0,6.00846086355148,0,0,0,0,0,3.9502905930082,0,5.62917105356852,7.6484692982043,0,0,0,0,0,0,0,5.32245590289434,0,4.52971688927488,0,0,0,0,0,24.0847773849964,0,5.19753415243966,0,6.44049457939484,4.46156903675624,7.15298747287567,9.11986589431763,0
18.2487121990749,0,6.32368939221817,0,12.4961139133998,0,5.30567080828892,0,30.1797779083252,0,5.47314025869583,0,4.06354967370801,0,5.06849384307861,0,74.7983573913574,0,59.3295135498047,0,25.3915157318115,0,0,0,0,0,0,0,3.55546810005425,0,0,0,0,0,0,0,29.8740863800049,0,39.086727142334,0,31.542334874471,0,43.1269797040271,0,0,0,31.8116884628932,0,8.70397871173918,0,5.29767458547245,0,7.59108069147247,0,0,0,4.50470048853819,0,0,0,4.13546174029781,0,0,35.5539000475848,0,0,0,33.0731665293376,0,0,0,4.12360055131071,0,31.8830127716064,0,0,0,0,0,40.9789708455404,0,35.9038022359212,4.50623975278085,4.97621155636651,25.0977178124019,0,0
0,0,0,5.1885513334132,0,9.39615571498871,0,9.38913678626219,0,0,0,4.00609544448952,0,3.99659468334334,0,0,0,0,0,11.1704320907593,0,0,0,0,0,0,0,4.11492684261858,0,0,0,0,0,0,0,0,0,0,0,0,0,0,0,0,0,0,0,0,0,2.80866630872091,0,4.69709611537209,0,4.63569680181872,0,0,0,3.9502905930082,0,0,0,3.64554924300954,0,0,0,0,0,0,0,0,7.03298924763997,0,10.3095655441284,0,0,0,0,0,0,0,0,0,3.57356830050306,3.2134286481507,8.80013155937195,0,0
10.143106667619,0,8.98456112543742,0,5.95444314820426,0,0,0,5.79329528490702,0,0,0,0,0,4.52815637169428,0,4.23028929366006,0,0,0,35.2147636413574,0,0,0,5.78898931952084,0,3.89209598150009,0,0,0,0,0,0,0,0,0,0,0,33.4535369873047,0,24.8828201293945,0,42.3573197682699,0,0,0,30.4310014724731,0,8.23249132025476,0,5.06228894800753,0,0,0,7.14311878577523,0,5.09007489681244,0,4.13546174029781,0,0,0,0,34.8134858873155,0,0,0,18.5459818840027,0,3.14926747714772,0,0,72.8902359008789,37.6939582824707,0,0,0,0,0,44.3434289296468,0,63.2914733886719,5.50736783366454,5.38744461536407,27.3806690772374,0,0
0,16.8526821497715,0,6.61807227134705,0,11.0462253570557,0,0,0,6.9981328223286,0,0,0,0,0,3.21703052406948,0,4.51649855798291,0,0,0,0,0,5.62185730934143,0,3.72986315488815,0,0,0,0,0,0,0,0,0,21.656690120697,0,38.9707565307617,0,43.9434413909912,0,41.4160298109055,0,0,0,27.8355258305868,0,0,0,5.00329016447067,0,4.91543479760488,0,0,0,6.25504920383294,0,5.62917105356852,0,3.64554924300954,0,0,25.5322291056315,0,0,0,8.97978288052129,0,0,0,3.46634340286255,0,0,0,0,0,0,0,29.3939615396353,0,0,0,5.28995597411576,5.24952936172485,26.2736027344413,41.6652755737305,0
0,24.817572593689,0,17.0031118513663,0,11.2351642571963,0,3.61606429173396,0,0,0,5.62799928173594,0,0,0,0,0,62.2301875523158,68.4779383341471,5.46915866465536,0,0,0,0,0,0,0,0,0,0,0,0,0,0,0,7.42134022847028,0,7.33509279381145,0,10.7421608432647,0,29.931711527766,0,30.0294046401978,0,7.56314580736832,106.156867980957,0,0,0,0,9.75770531654358,0,19.1359081268311,0,23.4336675008138,0,7.6484692982043,0,0,0,25.5322291056315,0,0,0,0,0,0,0,0,0,0,21.4346414221094,0,0,0,0,0,7.70799795199074,0,7.25584445680891,0,10.9652447272991,0,11.1460380680156,0,0
31.196138381958,0,31.3492457558127,0,28.3196543693542,0,0,0,28.256388333379,0,6.88162504775184,0,0,0,0,0,43.403032675022,69.5787225723267,42.8520135155207,0,5.25244970319908,0,0,0,0,0,0,0,0,0,9.08526706695557,0,0,0,0,0,10.1402625197641,0,6.82817464896611,71.9800567626953,25.2644137720908,76.4528825933283,36.0658991422409,0,0,70.3297424316406,15.9996690464299,0,29.5018419689602,73.0521240234375,36.7634290834753,0,13.9328603744507,0,32.0588517622514,0,13.7638717855288,0,35.5539000475848,0,34.8134858873155,0,0,0,0,0,0,0,0,0,0,0,0,65.4216003417969,0,0,0,0,0,12.1371375720368,0,23.2602263483508,14.7660754659668,8.72400169256257,20.231951991535,0,34.4546683629354
0,0,0,0,0,0,0,0,0,0,0,0,0,0,0,0,0,7.92039477825165,0,0,0,4.89678067977861,5.62454797470406,5.98225987079192,0,7.6044839314052,0,5.25927135705948,0,0,0,0,0,0,0,0,0,6.53085610825558,0,0,0,0,0,0,0,0,0,0,0,4.2552828848362,0,0,0,0,0,0,0,0,0,0,0,0,0,0,0,6.47143836021423,6.63429457358732,0,6.95220978734549,0,5.54704773426056,0,0,0,0,0,0,0,0,0,6.41391832285104,0,5.27123335980877,4.27992666839923,0,0,0
0,0,0,0,0,0,0,0,0,0,0,0,0,0,0,0,0,0,0,0,0,6.43945492068424,4.61965481779573,0,6.21632914985725,0,14.2137494285901,0,8.15560072792901,0,0,0,0,0,0,0,0,0,6.40519317073526,0,0,0,0,0,0,0,0,0,5.43595107486754,0,0,0,0,0,0,0,0,0,0,0,0,0,0,0,6.47143836021423,0,0,6.66917327507255,0,14.3755800988939,0,3.06956045627594,0,0,0,0,0,0,0,0,0,10.1372204442178,6.97885178023813,4.26089132518668,0,0,0
47.1588516235352,10.8988934430209,0,27.1269588470459,0,0,0,0,0,16.1068728554328,0,0,0,0,0,11.4904465675354,0,0,0,0,0,10.1336744487164,0,5.25225205001738,0,5.33003623485565,0,0,0,0,0,0,0,0,0,0,0,8.22124863026305,25.6621497869492,66.7156448364258,0,41.3234577178955,0,42.3710136413574,0,0,0,17.3808296203613,31.5068170759413,5.20564371514991,0,0,0,0,0,6.00652515357775,0,0,0,0,0,8.97978288052129,0,0,6.63429457358732,0,0,35.2152166366577,5.68208403078464,0,0,0,0,0,0,0,0,0,0,0,15.5608049712769,27.4405492782593,9.34919132783562,18.5275077819824,11.8559525807699,0,0
13.5478857430545,49.5936749776204,29.0283811092377,0,0,0,0,0,11.5095577076862,0,0,0,0,0,8.86316132545471,0,15.8559567133586,0,31.0628910064697,0,0,0,10.0961223071621,0,4.26221648549539,0,4.96664095918338,0,0,0,0,0,0,22.4930038452148,0,0,0,26.083793258667,7.04894567966034,0,0,0,22.1648541450501,0,0,0,0,14.0962811249953,12.4623631135641,38.2536201477051,0,0,0,0,8.14011931285052,38.5963274637858,0,0,33.0731665293376,0,18.5459818840027,0,0,0,0,6.66917327507255,35.2152166366577,0,0,5.39577790896098,0,0,0,0,0,0,0,0,0,59.8976364135742,28.8956362406413,10.89475840011,11.4224115096245,12.866739209493,13.1335165852406,0,0
0,0,0,0,0,0,0,0,0,0,0,0,0,0,0,3.02651892426193,0,4.36361339217738,0,0,0,5.22006558878668,0,4.78641586691063,0,4.5483399751488,0,4.19678120102201,0,0,0,0,0,0,0,0,0,0,0,0,0,0,0,0,0,0,0,0,0,0,0,0,0,0,0,0,0,0,0,0,0,0,0,0,6.95220978734549,0,5.68208403078464,0,0,0,2.96126222610474,0,0,0,0,0,0,0,0,0,0,0,5.64975942093649,0,0,0,0
0,0,0,0,0,0,0,0,5.79486625989278,0,0,0,0,0,3.39576622497204,0,0,0,0,0,0,0,7.74412106832111,0,4.15231704095314,0,3.62070023357127,0,2.92870642493168,0,0,0,0,0,0,0,0,0,0,0,0,0,0,0,0,0,0,0,12.766007900238,0,0,0,0,0,13.2601728439331,0,0,0,0,0,3.14926747714772,0,0,0,0,14.3755800988939,0,5.39577790896098,0,0,0,0,0,9.8606481552124,0,0,0,0,0,0,0,0,5.34055187499601,0,0,0,0
0,20.599684715271,0,0,0,0,0,0,0,15.9562473297119,0,4.19907771096827,0,3.65640584447167,0,0,75.4953536987305,0,0,0,0,9.96965032365358,0,0,0,4.49117437685569,0,5.16204621480032,0,5.87781547109473,0,0,0,0,0,0,0,6.40586103577363,0,0,0,16.1312269731001,0,0,0,0,0,0,0,5.05329447368096,0,0,0,0,0,0,0,5.32245590289434,0,7.03298924763997,0,3.46634340286255,0,0,5.54704773426056,0,0,0,2.96126222610474,0,0,0,5.34200027870805,0,0,0,0,0,0,0,6.23975957586215,0,4.5748489531802,3.47557294714685,6.47554117907648,0,0
20.0953982216971,0,29.8799921671549,0,0,0,0,0,19.5238016219366,0,0,0,5.14435736544721,0,0,0,67.8106536865234,72.7193832397461,31.0233787536621,0,0,0,5.01917818981967,0,0,0,0,0,4.59364031885265,0,6.89611109097799,0,0,0,0,0,0,0,0,0,33.258129119873,73.562141418457,21.1704815149307,0,0,0,47.0202217102051,0,5.63463355884079,0,0,0,0,0,21.2328979492187,0,3.67360750047287,0,4.12360055131071,0,0,0,0,0,0,3.06956045627594,0,0,0,0,0,0,0,4.06842792661566,0,0,0,0,0,31.5196692148844,0,0,7.04265586229471,5.61632826869473,8.01915236314138,0,47.728946685791
