0,0,0.116166315972805,0,0,0,0,0,0.273734281302258,0,0,0,0,0,0,0,0,0,0,0,0,0,0,0,0,0,0,0,0,0,0,0,0,0,0,0,0,0,0,0,0,0,0.123192424220698,0,0,0,0.169129209149451,0,0.182103811345738,0,0,0,0,0,0.191042723400252,0,0,0,0,0,0,0,0,0.231719985604286,0,0,0,0,0,0,0,0,0,0,0,0,0,0,0,0,0,0,0.133894084457387,0,0.161623063207161,0,0.118754861255487
0,0,0,0.124246048637562,0,0,0,0,0,0.217168265519893,0,0.27105501294136,0,0,0,0,0,0,0,0,0,0,0,0.231591387755341,0,0,0,0,0,0.266313701868057,0,0,0,0,0,0,0,0.226940147578716,0,0,0,0.238577064434323,0,0.167433589696884,0,0.185347974300385,0,0,0,0.18735506058785,0,0,0,0,0,0.223796730749627,0,0.234201545778074,0,0,0,0,0.255780667066574,0,0,0,0.226348865973322,0,0,0,0,0,0.265231850984934,0,0,0,0,0,0.334685245045909,0,0.260786967807346,0,0.151873508282006,0,0.163068129206138,0.24242402613163,0
0.116166315972805,0,0,0,0.254863022242562,0,0,0,0.102242638170719,0,0.250271913714898,0,0,0,0,0,0,0,0.18100930377841,0,0.230708115498225,0,0,0,0,0,0,0,0,0,0,0,0,0,0,0,0,0,0.235714122653008,0,0.236927030815019,0.251677066087723,0.258587931756113,0,0,0,0.155338024672789,0.255856449405352,0.243907817245759,0.263208182652791,0.279352427675174,0,0,0,0.139393590390682,0,0.281723448512506,0,0,0,0,0,0,0.213542569428682,0,0,0,0,0,0,0,0,0,0,0,0,0,0.282445728778839,0,0.256698873989722,0,0.210757240653038,0.287960602894543,0.299251127243042,0.235742252327428,0,0.21877783536911
0,0.124246048637562,0,0,0,0,0,0,0,0,0,0,0,0,0,0,0,0,0,0,0,0,0,0,0,0,0,0,0,0,0,0,0,0,0,0,0,0,0,0.253082996234298,0,0.250394241125495,0,0,0,0.174418738484383,0,0,0,0.210038438238002,0,0,0,0,0,0,0,0.218831092119217,0,0,0,0,0.262164026498795,0,0,0,0,0,0,0,0,0,0.277168462673823,0,0,0,0,0,0.320777088403702,0,0.312388489643733,0,0.224356793329235,0,0.179759072036761,0,0
0,0,0.254863022242562,0,0,0,0,0,0,0,0,0,0,0,0,0,0,0,0,0,0,0,0,0,0,0,0,0,0,0,0,0,0,0,0,0,0,0,0,0,0,0,0.223237305879593,0,0,0,0,0.262783616781235,0.210531692951918,0.232959270477295,0.203933638520539,0,0,0,0,0,0.244913445464496,0,0,0,0,0,0,0.220407875520842,0,0,0,0,0,0,0,0,0,0,0,0,0,0,0,0,0,0,0.199601209589413,0,0.253807282776632,0,0
0,0,0,0,0,0,0,0,0,0,0,0,0,0,0,0,0,0,0,0,0,0,0,0,0,0,0,0,0,0,0,0,0,0,0,0,0,0,0,0,0,0,0,0,0,0,0,0,0,0,0,0.14857617020607,0,0,0,0,0,0,0,0,0,0,0,0,0,0,0,0,0,0,0,0,0,0,0,0,0,0,0,0,0,0,0,0,0,0,0
0,0,0,0,0,0,0,0,0,0,0.223568547736196,0,0,0,0,0,0,0,0,0,0,0,0,0,0,0,0,0,0,0,0,0,0,0,0,0,0,0,0,0,0,0,0,0,0,0,0,0,0,0,0,0,0.2184027582407,0,0,0,0,0,0.201387137174606,0,0,0,0,0,0,0,0,0,0,0,0,0,0,0,0,0,0,0,0,0,0,0,0,0,0,0,0
0,0,0,0,0,0,0,0,0,0,0,0,0,0,0,0,0,0,0,0,0,0,0,0,0,0,0,0,0,0,0,0,0,0,0,0,0,0,0,0,0,0,0,0,0,0,0,0,0,0,0,0,0,0,0,0,0,0,0,0,0,0,0,0,0,0,0,0,0,0,0,0,0,0,0,0,0,0,0,0,0,0,0,0,0,0,0
0.273734281302258,0,0.102242638170719,0,0,0,0,0,0,0,0,0,0,0,0.142454850886549,0,0.141752985248155,0.195605140179396,0.177937999367714,0,0,0.166225746273994,0.167724143494578,0.148936813076337,0.174750901851803,0,0.160230117921646,0,0,0,0,0,0,0,0,0,0,0,0.209788837351582,0,0.275079876184464,0,0.301909288709245,0,0,0,0.19905586540699,0.251584604382515,0.220131381907884,0.234917410545879,0,0,0,0,0.273832363535658,0,0,0,0,0,0.12620459869504,0,0,0.182329744100571,0,0.153053265064955,0,0.147591895712861,0,0.160294292867184,0,0,0,0,0,0,0,0,0,0,0,0,0.17594108885711,0,0.263900695940641,0,0
0,0.217168265519893,0,0,0,0,0,0,0,0,0,0,0,0,0,0.227158434657608,0.215210953106483,0.178789206305911,0.216804821044207,0,0,0.18649282769153,0.180997711420059,0.170861429727109,0.138958198328813,0.16887555323856,0,0,0,0,0,0,0,0,0,0,0,0.257757341861725,0,0,0,0,0,0,0.26416602730751,0,0,0,0,0.199159103631973,0,0,0,0,0,0.252048629805119,0,0,0,0,0,0.204877593630069,0,0,0.196853250265121,0,0.195739209651947,0.163523979485035,0.15590894818306,0,0,0,0,0,0,0,0,0,0,0.288968130946159,0.257862196266651,0,0.167915628562864,0.207677103579044,0.260080124755375,0,0
0,0,0.250271913714898,0,0,0,0.223568547736196,0,0,0,0,0,0,0,0,0,0.304232235465731,0,0.363020733708427,0,0.320974209594511,0,0,0,0,0,0,0,0,0,0,0,0,0,0,0,0.22092967960116,0,0.213838111041863,0,0.324637876107143,0,0.404355089826686,0,0.390107563248387,0,0.332856712758206,0.274202932914098,0.270658579468727,0.253364788074242,0,0,0,0,0,0,0.185679851615286,0,0,0,0,0,0,0.276259369269729,0,0,0,0,0,0,0,0,0,0.271792843937874,0,0,0,0,0.353016778826714,0.335412146271886,0,0.36908774971962,0.238806560824842,0,0.343651205604154,0,0.404758134993111
0,0.27105501294136,0,0,0,0,0,0,0,0,0,0,0,0.161262795123561,0,0,0,0,0.419404447078705,0.227850186706379,0,0,0,0,0,0,0,0.155395758422938,0,0.213637258366373,0,0,0,0,0,0.136369780547196,0,0.152597861023575,0,0,0,0.352896764874458,0,0,0,0,0,0,0,0.233505949378014,0,0,0,0,0,0,0,0.230257056501315,0,0.149190202355385,0,0,0.276081658956659,0,0,0,0,0,0,0,0,0,0.23358203886605,0,0,0,0,0,0.138753971763146,0,0.16421259722362,0,0.208735980191085,0.16727755467097,0.292847186326981,0.444191391269366,0
0,0,0,0,0,0,0,0,0,0,0,0,0,0,0.278918076579164,0,0,0,0,0,0,0,0,0,0,0,0,0,0,0,0,0,0,0,0,0,0,0,0,0,0,0,0,0,0,0,0,0,0,0,0,0,0,0,0,0,0,0,0.1888497778598,0,0,0,0,0,0,0,0,0,0,0,0,0,0,0,0,0,0,0,0,0,0,0,0.229339463370187,0,0,0,0
0,0,0,0,0,0,0,0,0,0,0,0.161262795123561,0,0,0,0.130141787230968,0,0,0,0,0,0,0,0,0,0,0,0,0,0,0,0,0,0,0,0,0,0,0,0,0,0,0,0,0,0,0,0,0,0,0,0,0,0,0,0,0,0.148468062281609,0,0.156506483753522,0,0,0,0,0,0,0,0,0.123169496655464,0,0,0,0,0,0,0,0,0,0,0,0,0,0.227315272939833,0.302688700812204,0,0,0
0,0,0,0,0,0,0,0,0.142454850886549,0,0,0,0.278918076579164,0,0,0,0.124790028921816,0.247706567247709,0.225670747458935,0,0,0,0.170661685769172,0.16581333676974,0.147086766401404,0,0.150157098358465,0,0,0,0,0,0,0,0,0,0,0,0,0,0,0,0.294179022312164,0,0,0,0,0,0,0,0,0,0,0,0,0,0,0,0,0,0.176804968714714,0,0,0,0,0.142863313357035,0,0.137716841812317,0,0.148183320440463,0,0,0,0,0,0,0,0,0,0,0,0,0.162991030160153,0,0,0.26665672659874,0
0,0,0,0,0,0,0,0,0,0.227158434657608,0,0,0,0.130141787230968,0,0,0,0.147680446353494,0,0,0,0.16330012306571,0,0.166329188644886,0,0.171354448536829,0,0,0,0,0,0,0,0,0,0,0,0,0,0,0,0,0,0,0,0,0,0,0,0,0,0,0,0,0,0.221393159363005,0,0,0,0.137469708919525,0,0.190877259771029,0,0,0.137885227799416,0,0.134097844362259,0,0.169335740633675,0,0,0,0,0,0,0,0,0,0,0,0,0,0.183073944141788,0,0,0,0
0,0,0,0,0,0,0,0,0.141752985248155,0.215210953106483,0.304232235465731,0,0,0,0.124790028921816,0,0,0.198384065990224,0.334336987653337,0,0.344723485410213,0.219030208388964,0.196084499723314,0.215114225721892,0.170165412596951,0.185263058170676,0.144151557254503,0,0,0,0,0,0,0,0,0.366576112806797,0.320668086409569,0,0,0.326904572546482,0.303288920915553,0.283861010145116,0.281148524652319,0.31919801235199,0.333457270860672,0,0.266215026378632,0,0.281777868668238,0,0,0,0,0,0.174470544689231,0,0.349318265914917,0,0,0,0.129432808269154,0,0.317322297228707,0.310028538107872,0.208775806156072,0.168330087643731,0.302804234623909,0.176263424830559,0.177572660148144,0.138716304310205,0,0,0,0,0,0,0,0,0.343005245744154,0.345162886490659,0.363797776974165,0.348227701689068,0.248933522741174,0.182282066105101,0.304373843352432,0.287203710526228,0.292106365164121
0,0,0,0,0,0,0,0,0.195605140179396,0.178789206305911,0,0,0,0,0.247706567247709,0.147680446353494,0.198384065990224,0,0.328427389962179,0,0,0.19091458010306,0.234457815336246,0.20794523561931,0.230822906233706,0.129655653812888,0.218817009737617,0.126270055770874,0,0,0,0,0,0,0,0,0,0.33721449971199,0,0.291559760769208,0.308473212271929,0.28863694311844,0.315125869823174,0.338163676361243,0.348364283641179,0,0,0,0.405621737241745,0,0,0,0,0,0,0,0,0,0,0,0,0.174089168035795,0.310739088058472,0,0.157014418054711,0.200587225885227,0.203442631454407,0.253503832221031,0.137660617656904,0.190988993644714,0,0,0.371967971324921,0,0,0,0,0,0.349358442734028,0.350918678459057,0.372385829687119,0.349754174550374,0.25446829557794,0.210438612340526,0.312360465250633,0.277809789031744,0.283168721199036
0,0,0.18100930377841,0,0,0,0,0,0.177937999367714,0.216804821044207,0.363020733708427,0.419404447078705,0,0,0.225670747458935,0,0.334336987653337,0.328427389962179,0,0,0.337585750748129,0.292256834783724,0.264738082701777,0.257544256746769,0.25539550238422,0.255085565149784,0.227632384002209,0,0,0.374576836824417,0,0,0,0,0,0.388914750681983,0.346621584892273,0.348177462816238,0.377089788516362,0.329345096121816,0.309822064291915,0.270956081368803,0.288861835716764,0.329641475981357,0.289343380401563,0,0,0.228883549571037,0.339405044913292,0.305158359929919,0,0,0,0,0,0,0.336618945002556,0.32355871796608,0,0,0,0,0.314295499379398,0.304177182912827,0.264481337534057,0.26257166514794,0.275965970009565,0.261774541934331,0.248182132840157,0.214463365929467,0,0,0.336834639310837,0.331207856535912,0,0,0,0,0.348088624967536,0.362104395434836,0.393514278531075,0.359627434185573,0.26186214853244,0.261434467243297,0.272752385813257,0.261045127567884,0.27104851767257
0,0,0,0,0,0,0,0,0,0,0,0.227850186706379,0,0,0,0,0,0,0,0,0,0,0,0,0,0,0,0,0,0.294755195577939,0,0,0,0,0,0.24534209928614,0,0.281577425458098,0,0,0,0.288428261876106,0,0,0,0.228677913546562,0,0,0,0.203935131430626,0,0,0,0,0,0,0,0.259088360265695,0,0,0,0,0.23829855988257,0,0,0,0,0,0,0,0,0,0.302795100848046,0,0,0,0,0,0.279941363367757,0,0.303322984842667,0,0.175130817235685,0,0.229668296873569,0,0
0,0,0.230708115498225,0,0,0,0,0,0,0,0.320974209594511,0,0,0,0,0,0.344723485410213,0,0.337585750748129,0,0,0,0.310259193181992,0,0,0,0,0,0,0,0,0,0,0,0,0,0.156773339690442,0,0.232639411321053,0,0.264555674384941,0.268347203731537,0.36662039971648,0,0.380887871203215,0,0.287044000938351,0.268923160930475,0.261394993498408,0.255258846689354,0,0,0,0,0,0,0.350178474803334,0,0,0,0,0,0,0.225130361255941,0,0,0,0,0,0,0,0,0,0.372297545274099,0,0,0,0,0,0.179189375365229,0,0.141020481164257,0.176684182228359,0.321454986929893,0.347171481260097,0,0.360512205771616
0,0,0,0,0,0,0,0,0.166225746273994,0.18649282769153,0,0,0,0,0,0.16330012306571,0.219030208388964,0.19091458010306,0.292256834783724,0,0,0,0.125178546815271,0.174982763429001,0.194759691341056,0.147846316743252,0.19715649386247,0.143029922288712,0,0,0,0,0,0,0,0,0,0.216651035697906,0,0,0,0.267926012476285,0.308532387018204,0,0,0,0,0,0,0.168593212962151,0,0,0,0,0,0,0,0,0,0,0,0.186329250534376,0.30526328086853,0,0.183003381442802,0.145979411900043,0.200345173667171,0.143110677599907,0.144350212636434,0,0.153925175070763,0,0,0,0,0,0,0,0,0.348172922929128,0.215787906897208,0,0.178728532625431,0.129913365020153,0,0,0
0,0,0,0,0,0,0,0,0.167724143494578,0.180997711420059,0,0,0,0,0.170661685769172,0,0.196084499723314,0.234457815336246,0.264738082701777,0,0.310259193181992,0.125178546815271,0,0.185654620761457,0.143127561904915,0.160505895813306,0.130256896198587,0,0.128484910354018,0,0,0,0,0,0,0,0,0.08254062214068,0.272139387230759,0,0.27045089751482,0.292857125401497,0.266089379787445,0,0.293583571910858,0,0,0,0.239771333561048,0,0,0,0,0,0,0,0,0,0,0,0.166361928917468,0,0.274660289287567,0,0.156243731081486,0.147064176063964,0,0.172246308731181,0,0.143496630793652,0,0.233094806698236,0,0,0,0,0,0,0.332787379070565,0.34071489572525,0.296189447244008,0.272524274098847,0.183595676991974,0.137061219118737,0.316828273236752,0.275109827518463,0
0,0.231591387755341,0,0,0,0,0,0,0.148936813076337,0.170861429727109,0,0,0,0,0.16581333676974,0.166329188644886,0.215114225721892,0.20794523561931,0.257544256746769,0,0,0.174982763429001,0.185654620761457,0,0.154708717791539,0.145652173285683,0.178545661270618,0,0,0,0,0,0,0,0,0,0,0.207560012015429,0,0,0,0,0.291787356138229,0,0,0,0,0,0,0.247571244835854,0,0,0,0,0,0.263136449911409,0,0,0,0,0,0,0,0,0.15814138349816,0.191910982131958,0.18323550873061,0.146048936992884,0.144911918397013,0.163587361574173,0,0,0,0,0,0,0.237344786524773,0,0.341462284326553,0.329206943511963,0.251413240020436,0,0.152871338149691,0.149917475713624,0.275423134366671,0,0
0,0,0,0,0,0,0,0,0.174750901851803,0.138958198328813,0,0,0,0,0.147086766401404,0,0.170165412596951,0.230822906233706,0.25539550238422,0,0,0.194759691341056,0.143127561904915,0.154708717791539,0,0.207822139064471,0.11855245252657,0,0,0,0,0,0,0,0,0,0,0,0.209552772711999,0.306835144758224,0,0,0,0,0,0,0,0,0,0,0,0,0,0,0.166701509058475,0,0,0,0,0,0.139141079626585,0,0,0,0.145503878593445,0.144435017217289,0.169828161597252,0.193680219498727,0.314819484949112,0.128274561031761,0,0,0,0,0,0,0,0,0.356630223989487,0.353130027651787,0,0,0.156378965311665,0.132550010288304,0,0,0
0,0,0,0,0,0,0,0,0,0.16887555323856,0,0,0,0,0,0.171354448536829,0.185263058170676,0.129655653812888,0.255085565149784,0,0,0.147846316743252,0.160505895813306,0.145652173285683,0.207822139064471,0,0,0.108697578310966,0,0,0,0,0,0,0,0,0,0,0,0,0,0,0,0,0,0,0,0,0,0,0,0,0,0,0,0.146220594644547,0,0,0,0,0,0.159271712536397,0,0,0.144721006904055,0.156015127897263,0.140639639681294,0,0.136487963754367,0,0,0,0,0,0,0,0,0,0,0,0,0,0.152082683535539,0.171912026405334,0,0,0
0,0,0,0,0,0,0,0,0.160230117921646,0,0,0,0,0,0.150157098358465,0,0.144151557254503,0.218817009737617,0.227632384002209,0,0,0.19715649386247,0.130256896198587,0.178545661270618,0.11855245252657,0,0,0,0.123741545208863,0,0,0,0,0,0,0,0,0,0,0,0,0,0.310445219278336,0,0,0,0,0,0,0,0,0,0,0,0,0,0,0,0,0,0.142928671583814,0,0.311609596014023,0,0,0.124830426150393,0,0.130588207655965,0,0.124516235110703,0,0,0,0,0,0,0,0,0.356596708297729,0,0,0,0.173073125746515,0.180105296628816,0.364479094743729,0,0
0,0,0,0,0,0,0,0,0,0,0,0.155395758422938,0,0,0,0,0,0.126270055770874,0,0,0,0.143029922288712,0,0,0,0.108697578310966,0,0,0,0.169801367890267,0,0,0,0,0,0,0,0,0,0,0,0,0,0,0,0,0,0,0,0,0,0,0,0,0,0,0,0,0,0,0,0,0,0,0.150538384293516,0,0,0,0.117962349454562,0,0.168830983305761,0,0,0,0,0,0,0,0,0,0,0,0.137722930974431,0.241086382951055,0,0,0
0,0,0,0,0,0,0,0,0,0,0,0,0,0,0,0,0,0,0,0,0,0,0.128484910354018,0,0,0,0.123741545208863,0,0,0,0,0,0,0,0,0,0,0,0,0,0,0,0,0,0,0,0,0,0,0,0,0,0,0,0,0,0,0,0,0,0,0,0,0,0,0.113102623075247,0,0,0,0.0933033935725689,0,0.223689788486809,0,0,0,0,0,0,0,0,0,0,0.109579311476813,0,0,0,0
0,0.266313701868057,0,0,0,0,0,0,0,0,0,0.213637258366373,0,0,0,0,0,0,0.374576836824417,0.294755195577939,0,0,0,0,0,0,0,0.169801367890267,0,0,0,0,0,0,0,0,0,0.235394101057734,0,0,0,0.408706386884054,0,0,0,0,0,0,0,0.283110946416855,0,0,0,0,0,0,0,0.234838779550821,0,0,0,0,0.291924803153328,0,0,0,0,0,0,0,0.161124855279922,0,0.228562762390985,0,0,0,0,0,0,0,0,0,0.164032727116492,0.222145885229111,0,0.47102177888155,0
0,0,0,0,0,0,0,0,0,0,0,0,0,0,0,0,0,0,0,0,0,0,0,0,0,0,0,0,0,0,0,0,0,0,0,0,0,0,0.209896765649319,0,0.308560431003571,0,0.399906261878855,0,0.411455810070038,0,0,0,0,0,0,0,0,0,0,0,0,0,0,0,0,0,0,0,0,0,0,0,0,0,0,0,0,0.143562753250202,0,0,0,0,0,0,0,0.234145470970386,0.343362733721733,0,0.32303010225296,0,0.385925388336182
0,0,0,0,0,0,0,0,0,0,0,0,0,0,0,0,0,0,0,0,0,0,0,0,0,0,0,0,0,0,0,0,0.268167743624328,0.304677420449488,0.497368277112643,0.169341816032519,0.309627948701382,0,0,0.436723977327347,0,0,0,0,0,0,0,0.410184105919213,0,0.356980182230473,0,0,0,0,0,0,0,0,0,0,0,0,0,0,0,0,0,0,0,0,0,0,0,0,0.363337809868878,0.466281158998122,0.518361319832623,0.468753389500338,0.364617273416585,0,0.382615129152934,0,0.196365748218617,0,0,0,0
0,0,0,0,0,0,0,0,0,0,0,0,0,0,0,0,0,0,0,0,0,0,0,0,0,0,0,0,0,0,0,0.268167743624328,0,0.365026114242417,0.312927626521607,0.165918171405792,0.259312129077764,0,0,0,0.331250458955765,0,0,0,0,0,0,0.490684699120903,0.375719114859528,0,0,0,0,0,0,0,0,0,0,0,0,0,0,0,0,0,0,0,0,0,0,0,0,0,0.395873920024635,0.427033733614684,0.484600827949388,0.346382168922609,0.332166854234842,0.296377339014193,0,0.476892540852229,0.262778899209066,0,0.291739467531443,0,0
0,0,0,0,0,0,0,0,0,0,0,0,0,0,0,0,0,0,0,0,0,0,0,0,0,0,0,0,0,0,0,0.304677420449488,0.365026114242417,0,0.47108852171008,0.30403502450525,0.314523287649666,0.213435299694538,0.418238615989685,0,0,0.247061012933652,0,0,0,0,0,0.586565360633227,0.452289498514599,0.387395421159454,0,0,0,0,0,0,0,0,0,0,0,0,0,0,0,0,0,0,0,0,0,0,0,0,0.570441259377038,0.501647207082487,0.383854140491673,0.450759678253299,0.245066017203688,0.297875409099189,0.350579750668052,0.533723862187282,0.272272988528813,0,0.253226624692188,0,0
0,0,0,0,0,0,0,0,0,0,0,0,0,0,0,0,0,0,0,0,0,0,0,0,0,0,0,0,0,0,0,0.497368277112643,0.312927626521607,0.47108852171008,0,0,0.31483366538404,0.214523404836655,0.297297199825188,0,0,0,0.296154280006886,0,0,0,0,0.475480509817479,0.397402273264185,0,0,0,0,0,0,0,0,0,0,0,0,0,0,0,0,0,0,0,0,0,0,0,0,0,0.448134049773216,0.276901924392072,0.432218800056872,0.38932104184525,0.302611285510163,0.28442785877246,0.458793850615621,0.336181200440194,0.22542391588631,0.448408563931783,0.331854020104264,0,0
0,0,0,0,0,0,0,0,0,0,0,0.136369780547196,0,0,0,0,0.366576112806797,0,0.388914750681983,0.24534209928614,0,0,0,0,0,0,0,0,0,0,0,0.169341816032519,0.165918171405792,0.30403502450525,0,0,0.144393063516223,0.188730960282211,0,0.191501061347398,0,0.381938971877098,0,0.391803453365962,0,0.196509849084051,0,0.166321188211441,0,0.224504589157946,0,0,0,0,0,0,0,0.222365826794079,0,0,0,0,0.288791303666165,0,0,0,0,0,0,0,0,0,0.240908280014992,0,0.245810789557604,0,0.261322575988192,0,0.231365263340671,0.182938822855552,0.179200723652214,0,0.201176182523807,0.208147884580297,0.204445967961241,0.44812379181385,0
0,0,0,0,0,0,0,0,0,0,0.22092967960116,0,0,0,0,0,0.320668086409569,0,0.346621584892273,0,0.156773339690442,0,0,0,0,0,0,0,0,0,0,0.309627948701382,0.259312129077764,0.314523287649666,0.31483366538404,0.144393063516223,0,0,0.210147129280157,0.14746655523777,0.277922809123993,0.346137940883636,0.353757967551549,0,0.407139158248901,0,0.255807288922369,0.316507395743334,0.252784594893456,0.258114117448048,0,0,0,0,0,0,0,0,0,0,0,0,0,0.172180232478351,0,0,0,0,0,0,0,0,0,0,0.360586216052373,0.30259402171647,0.293153474728266,0.335765906052137,0.153414073679596,0.23255445582357,0,0.185581396232886,0.211178350333504,0.20460772967954,0.206403312818059,0,0.379559725522995
0,0.226940147578716,0,0,0,0,0,0,0,0.257757341861725,0,0.152597861023575,0,0,0,0,0,0.33721449971199,0.348177462816238,0.281577425458098,0,0.216651035697906,0.08254062214068,0.207560012015429,0,0,0,0,0,0.235394101057734,0,0,0,0.213435299694538,0.214523404836655,0.188730960282211,0,0,0.114588787701241,0.276298552751541,0,0.251586021160457,0,0,0,0,0,0.261421650648117,0,0.281730566209498,0,0,0,0,0,0.264166904347284,0,0.269263997673988,0,0,0,0,0.279512680642973,0,0.186513937685801,0,0.272819030284882,0,0,0,0.208773960669835,0,0,0,0,0,0.246713504372345,0,0.179504638509188,0,0.209110386920122,0.116924173541759,0.190529721283452,0.185601019302567,0.244002593324302,0.468322787966047,0
0,0,0.235714122653008,0,0,0,0,0,0.209788837351582,0,0.213838111041863,0,0,0,0,0,0,0,0.377089788516362,0,0.232639411321053,0,0.272139387230759,0,0.209552772711999,0,0,0,0,0,0.209896765649319,0,0,0.418238615989685,0.297297199825188,0,0.210147129280157,0.114588787701241,0,0,0.272521913051605,0,0.284265833274688,0,0.411077082157135,0,0.29766597373541,0.347298317601983,0.275139145299115,0,0,0,0,0,0,0,0.245241856863422,0,0,0,0,0,0,0.255939175583878,0,0.206949778199196,0,0.201162199405107,0,0,0,0,0,0.159418127366475,0,0,0,0.351042629769523,0,0.222695639830183,0.154139116406441,0.200359325767201,0.191559412644869,0.239020408920633,0.319026081907478,0,0.418935648304351
0,0,0,0.253082996234298,0,0,0,0,0,0,0,0,0,0,0,0,0.326904572546482,0.291559760769208,0.329345096121816,0,0,0,0,0,0.306835144758224,0,0,0,0,0,0,0.436723977327347,0,0,0,0.191501061347398,0.14746655523777,0.276298552751541,0,0,0.342488047977289,0.250199589554784,0.326503475125019,0,0,0.20961665759484,0,0.25054749757761,0,0.309154066168913,0,0,0,0,0,0,0,0.263265603910322,0,0,0,0,0.263057773311933,0,0,0,0,0,0,0,0,0,0.316747362122816,0,0,0,0,0,0.303236788428516,0.366652399301529,0.26214176392363,0,0.26876056374147,0,0.230205595433412,0.362994812961136,0
0,0,0.236927030815019,0,0,0,0,0,0.275079876184464,0,0.324637876107143,0,0,0,0,0,0.303288920915553,0.308473212271929,0.309822064291915,0,0.264555674384941,0,0.27045089751482,0,0,0,0,0,0,0,0.308560431003571,0,0.331250458955765,0,0,0,0.277922809123993,0,0.272521913051605,0.342488047977289,0,0.307021326010989,0.312984332872275,0.336330344279607,0.386579228421816,0,0.245143534954299,0.287121069218431,0.264026648718159,0.276996728032827,0,0,0,0,0,0,0.303282403945923,0.346658051013947,0,0,0,0,0.306367814540863,0.243770365636361,0,0.27183935046196,0,0,0,0,0,0,0,0.370480579825548,0,0,0,0,0.34096674633951,0.271440401315079,0.349501184441827,0.319650646597532,0.296102656871925,0,0.324544077902509,0.325962467739979,0.39412890945723
0,0.238577064434323,0.251677066087723,0.250394241125495,0,0,0,0,0,0,0,0.352896764874458,0,0,0,0,0.283861010145116,0.28863694311844,0.270956081368803,0.288428261876106,0.268347203731537,0.267926012476285,0.292857125401497,0,0,0,0,0,0,0.408706386884054,0,0,0,0.247061012933652,0,0.381938971877098,0.346137940883636,0.251586021160457,0,0.250199589554784,0.307021326010989,0,0.227360893881067,0.246325552139593,0.323905611038208,0.254869932787759,0,0.153880507243752,0.198995477519929,0.24998260750012,0,0,0,0,0,0,0,0.323615493959394,0,0,0,0,0.308785846751717,0.337915410598119,0,0.25893822312355,0,0,0,0,0,0,0.341345915737007,0.31945925951004,0,0,0.279459938120383,0,0.312530799672521,0.33609707782298,0.368306138085609,0.330446855889426,0.23018379839205,0,0.240842767133431,0.231737056511572,0.264918188254039
0.123192424220698,0,0.258587931756113,0,0.223237305879593,0,0,0,0.301909288709245,0,0.404355089826686,0,0,0,0.294179022312164,0,0.281148524652319,0.315125869823174,0.288861835716764,0,0.36662039971648,0.308532387018204,0.266089379787445,0.291787356138229,0,0,0.310445219278336,0,0,0,0.399906261878855,0,0,0,0.296154280006886,0,0.353757967551549,0,0.284265833274688,0.326503475125019,0.312984332872275,0.227360893881067,0,0.273041822512945,0.238252666968744,0,0.282594763783103,0.207986603580091,0.227236198095836,0.246603551010291,0,0,0,0,0.238605555324327,0,0.350501860909875,0.282821506261826,0,0,0,0,0.311842352916033,0.336494994193516,0,0,0.24727238714695,0,0,0,0,0,0.328439126412074,0.333014667965472,0,0,0.249148517847061,0.285619767568123,0.349064963343351,0.341138512769229,0.347113266135707,0.343537448555988,0.227355956198634,0.28453041613102,0.26676895493821,0.296086336175601,0.263709983566413
0,0.167433589696884,0,0,0,0,0,0,0,0,0,0,0,0,0,0,0.31919801235199,0.338163676361243,0.329641475981357,0,0,0,0,0,0,0,0,0,0,0,0,0,0,0,0,0.391803453365962,0,0,0,0,0.336330344279607,0.246325552139593,0.273041822512945,0,0.376166731119156,0,0,0,0.273776590824127,0.211910396814346,0,0,0,0,0,0,0,0,0,0,0,0,0,0.301072597503662,0,0,0,0,0,0,0,0,0.337320634296962,0,0,0,0,0,0.41523250257506,0.362295612692833,0.418784351424968,0,0.264368821496833,0,0.251363289767298,0.355307698249817,0
0,0,0,0,0,0,0,0,0,0.26416602730751,0.390107563248387,0,0,0,0,0,0.333457270860672,0.348364283641179,0.289343380401563,0,0.380887871203215,0,0.293583571910858,0,0,0,0,0,0,0,0.411455810070038,0,0,0,0,0,0.407139158248901,0,0.411077082157135,0,0.386579228421816,0.323905611038208,0.238252666968744,0.376166731119156,0,0,0,0,0.288157825668653,0.256315715610981,0,0,0,0,0,0,0.390949954589208,0,0,0,0,0,0.304338619112968,0.351304641791752,0,0,0,0,0,0,0,0,0,0,0,0,0,0,0.356827498724063,0.435218106061481,0.442748352885246,0.448706497748693,0.289037731289864,0.279251053929329,0.395321214640582,0.239460542798042,0.272442817687988
0,0.185347974300385,0,0.174418738484383,0,0,0,0,0,0,0,0,0,0,0,0,0,0,0,0.228677913546562,0,0,0,0,0,0,0,0,0,0,0,0,0,0,0,0.196509849084051,0,0,0,0.20961665759484,0,0.254869932787759,0,0,0,0,0,0,0,0.216409641642903,0,0,0,0,0,0,0,0.258106685312636,0,0,0,0,0.269543152572759,0,0,0,0,0,0,0,0,0,0.276632160164308,0,0,0,0,0,0.222526078422864,0,0.295643535256386,0,0.301609872529904,0,0.208473266836475,0,0
0.169129209149451,0,0.155338024672789,0,0,0,0,0,0.19905586540699,0,0.332856712758206,0,0,0,0,0,0.266215026378632,0,0,0,0.287044000938351,0,0,0,0,0,0,0,0,0,0,0,0,0,0,0,0.255807288922369,0,0.29766597373541,0,0.245143534954299,0,0.282594763783103,0,0,0,0,0.225744415819645,0.219966208681147,0.217063295356063,0,0,0,0,0,0,0.337949344090053,0,0,0,0,0,0,0.29337280430706,0,0,0,0,0,0,0,0,0,0.299101233482361,0,0,0,0,0,0.283947111235261,0,0.265544608235359,0.295740404323246,0.248037417729696,0.248794718210494,0,0.287992033247764
0,0,0.255856449405352,0,0.262783616781235,0,0,0,0.251584604382515,0,0.274202932914098,0,0,0,0,0,0,0,0.228883549571037,0,0.268923160930475,0,0,0,0,0,0,0,0,0,0,0.410184105919213,0.490684699120903,0.586565360633227,0.475480509817479,0.166321188211441,0.316507395743334,0.261421650648117,0.347298317601983,0.25054749757761,0.287121069218431,0.153880507243752,0.207986603580091,0,0,0,0.225744415819645,0,0.311204631400677,0.30501848806323,0,0,0,0,0,0,0,0.231983269254367,0,0,0,0,0.292852729558945,0.240472080452102,0,0,0,0,0,0,0,0,0.361872747540474,0,0.31041902830006,0.450395572563223,0.42805047866073,0.37317672054429,0.338467698868972,0.343054326622908,0.336787790633746,0.360950085651744,0.229510895811599,0.425404030543107,0.266502600539081,0,0
0.182103811345738,0,0.243907817245759,0,0.210531692951918,0,0,0,0.220131381907884,0,0.270658579468727,0,0,0,0,0,0.281777868668238,0.405621737241745,0.339405044913292,0,0.261394993498408,0,0.239771333561048,0,0,0,0,0,0,0,0,0,0.375719114859528,0.452289498514599,0.397402273264185,0,0.252784594893456,0,0.275139145299115,0,0.264026648718159,0.198995477519929,0.227236198095836,0.273776590824127,0.288157825668653,0,0.219966208681147,0.311204631400677,0,0.218397140722064,0,0,0,0,0,0,0.269058094691422,0,0,0,0,0,0,0.244981631898043,0,0.136598476681156,0,0.131580516695976,0,0,0,0,0,0.308637686751106,0,0,0,0.377547999137434,0,0.263525539234322,0,0.296647373060022,0.269746939346412,0.277611285448074,0.2703815511326,0,0.246326684951782
0,0.18735506058785,0.263208182652791,0.210038438238002,0.232959270477295,0,0,0,0.234917410545879,0.199159103631973,0.253364788074242,0.233505949378014,0,0,0,0,0,0,0.305158359929919,0.203935131430626,0.255258846689354,0.168593212962151,0,0.247571244835854,0,0,0,0,0,0.283110946416855,0,0.356980182230473,0,0.387395421159454,0,0.224504589157946,0.258114117448048,0.281730566209498,0,0.309154066168913,0.276996728032827,0.24998260750012,0.246603551010291,0.211910396814346,0.256315715610981,0.216409641642903,0.217063295356063,0.30501848806323,0.218397140722064,0,0,0,0,0,0,0.206438690423965,0.230868324637413,0.313183114118874,0,0,0,0.180465757332999,0.24542408571418,0.22697217186002,0.158189162611961,0,0.169388191401958,0,0,0,0.224746465682983,0,0.313206278178536,0,0.39584114202639,0,0.390055633536199,0.524945050477982,0.348088380451105,0.283128412233459,0.314767792885114,0.277690231800079,0.265218199845246,0.286874204874039,0.228830001571099,0.337405343850454,0.250754594802856
0,0,0.279352427675174,0,0.203933638520539,0,0,0,0,0,0,0,0,0,0,0,0,0,0,0,0,0,0,0,0,0,0,0,0,0,0,0,0,0,0,0,0,0,0,0,0,0,0,0,0,0,0,0,0,0,0,0,0,0,0,0,0.259892750117514,0,0,0,0,0,0,0,0,0,0,0,0,0,0,0,0,0,0,0,0,0,0,0,0,0,0.189117211927759,0,0.260625367052853,0,0
0,0,0,0,0,0.14857617020607,0,0,0,0,0,0,0,0,0,0,0,0,0,0,0,0,0,0,0,0,0,0,0,0,0,0,0,0,0,0,0,0,0,0,0,0,0,0,0,0,0,0,0,0,0,0,0,0,0,0,0,0,0,0,0,0,0,0,0,0,0,0,0,0,0,0,0,0,0,0,0,0,0,0,0,0,0,0,0,0,0
0,0,0,0,0,0,0.2184027582407,0,0,0,0,0,0,0,0,0,0,0,0,0,0,0,0,0,0,0,0,0,0,0,0,0,0,0,0,0,0,0,0,0,0,0,0,0,0,0,0,0,0,0,0,0,0,0,0,0,0,0,0.182576704551192,0,0,0,0,0,0,0,0,0,0,0,0,0,0,0,0,0,0,0,0,0,0,0,0,0,0,0,0
0,0,0,0,0,0,0,0,0,0,0,0,0,0,0,0,0,0,0,0,0,0,0,0,0,0,0,0,0,0,0,0,0,0,0,0,0,0,0,0,0,0,0,0,0,0,0,0,0,0,0,0,0,0,0,0,0,0,0,0,0,0,0,0,0,0,0,0,0,0,0,0,0,0,0,0,0,0,0,0,0,0,0,0,0,0,0
0.191042723400252,0,0.139393590390682,0,0,0,0,0,0.273832363535658,0,0,0,0,0,0,0,0.174470544689231,0,0,0,0,0,0,0,0.166701509058475,0,0,0,0,0,0,0,0,0,0,0,0,0,0,0,0,0,0.238605555324327,0,0,0,0,0,0,0,0,0,0,0,0,0,0,0,0,0,0,0,0,0,0,0,0,0.149729645997286,0,0,0,0,0,0,0,0,0,0,0,0,0,0,0.189928362244054,0,0.214700178708881,0,0
0,0.223796730749627,0,0,0,0,0,0,0,0.252048629805119,0,0,0,0,0,0.221393159363005,0,0,0,0,0,0,0,0.263136449911409,0,0.146220594644547,0,0,0,0,0,0,0,0,0,0,0,0.264166904347284,0,0,0,0,0,0,0,0,0,0,0,0.206438690423965,0,0,0,0,0,0,0,0,0,0,0,0.222393097355962,0,0,0,0,0.245191531734807,0,0,0,0,0,0,0,0,0,0,0,0,0,0.244226883116521,0,0.145799717307091,0,0.256706772106034,0,0
0,0,0.281723448512506,0,0.244913445464496,0,0,0,0,0,0.185679851615286,0,0,0,0,0,0.349318265914917,0,0.336618945002556,0,0.350178474803334,0,0,0,0,0,0,0,0,0,0,0,0,0,0,0,0,0,0.245241856863422,0,0.303282403945923,0,0.350501860909875,0,0.390949954589208,0,0.337949344090053,0,0.269058094691422,0.230868324637413,0.259892750117514,0,0,0,0,0,0,0,0,0,0,0,0,0.295161306192089,0,0,0,0,0,0,0,0,0,0.28438297787617,0,0,0,0,0.391092702746391,0.302656479179859,0,0,0.307567837922012,0.338977426290512,0.338773519059189,0,0.370299673457255
0,0.234201545778074,0,0.218831092119217,0,0,0,0,0,0,0,0.230257056501315,0,0.148468062281609,0,0,0,0,0.32355871796608,0.259088360265695,0,0,0,0,0,0,0,0,0,0.234838779550821,0,0,0,0,0,0.222365826794079,0,0.269263997673988,0,0.263265603910322,0.346658051013947,0.323615493959394,0.282821506261826,0,0,0.258106685312636,0,0.231983269254367,0,0.313183114118874,0,0,0,0,0,0,0,0,0,0.245812502077648,0,0.219134191516787,0.278223595737025,0,0,0,0,0,0,0,0.273329411943754,0,0.271067838703459,0,0,0,0,0,0.34226381778717,0,0.295637641722957,0,0.278336766773506,0.169634241610765,0.315750478263321,0.36668183536173,0
0,0,0,0,0,0,0.201387137174606,0,0,0,0,0,0.1888497778598,0,0,0,0,0,0,0,0,0,0,0,0,0,0,0,0,0,0,0,0,0,0,0,0,0,0,0,0,0,0,0,0,0,0,0,0,0,0,0,0.182576704551192,0,0,0,0,0,0,0,0.128218119343122,0,0,0,0,0,0,0,0,0,0,0,0,0,0,0,0,0,0,0,0,0,0.230105747069631,0,0,0,0
0,0,0,0,0,0,0,0,0,0,0,0.149190202355385,0,0.156506483753522,0,0.137469708919525,0,0,0,0,0,0,0,0,0,0,0,0,0,0,0,0,0,0,0,0,0,0,0,0,0,0,0,0,0,0,0,0,0,0,0,0,0,0,0,0,0,0.245812502077648,0,0,0,0,0,0,0,0,0,0,0,0,0.2444547609641,0,0,0,0,0,0,0,0,0,0,0,0,0,0,0,0
0,0,0,0,0,0,0,0,0.12620459869504,0,0,0,0,0,0.176804968714714,0,0.129432808269154,0,0,0,0,0,0.166361928917468,0,0.139141079626585,0,0.142928671583814,0,0,0,0,0,0,0,0,0,0,0,0,0,0,0,0,0,0,0,0,0,0,0,0,0,0,0,0,0,0,0,0.128218119343122,0,0,0,0,0,0,0.146864250302315,0,0.148977004922926,0,0.1379882516704,0,0,0,0,0,0,0,0,0,0,0,0,0.17381661098737,0,0,0,0
0,0,0,0,0,0,0,0,0,0.204877593630069,0,0,0,0,0,0.190877259771029,0,0.174089168035795,0,0,0,0.186329250534376,0,0,0,0.159271712536397,0,0,0,0,0,0,0,0,0,0,0,0,0,0,0,0,0,0,0,0,0,0,0,0.180465757332999,0,0,0,0,0,0.222393097355962,0,0.219134191516787,0,0,0,0,0,0,0,0,0,0,0.162690546313922,0,0,0,0,0,0,0,0,0,0,0,0,0,0.192705019012741,0,0,0,0
0,0.255780667066574,0,0.262164026498795,0,0,0,0,0,0,0,0.276081658956659,0,0,0,0,0.317322297228707,0.310739088058472,0.314295499379398,0.23829855988257,0,0.30526328086853,0.274660289287567,0,0,0,0.311609596014023,0,0,0.291924803153328,0,0,0,0,0,0.288791303666165,0,0.279512680642973,0,0.263057773311933,0.306367814540863,0.308785846751717,0.311842352916033,0,0.304338619112968,0.269543152572759,0,0.292852729558945,0,0.24542408571418,0,0,0,0,0,0,0,0.278223595737025,0,0,0,0,0,0,0,0.309208750724792,0,0,0,0,0,0,0.314601479899922,0,0,0,0,0,0.285367290681692,0.339118510484695,0.314715558661992,0,0.199571696967867,0,0.244504706610156,0.309866650538011,0
0.231719985604286,0,0.213542569428682,0,0.220407875520842,0,0,0,0.182329744100571,0,0.276259369269729,0,0,0,0,0,0.310028538107872,0,0.304177182912827,0,0.225130361255941,0,0,0,0,0,0,0,0,0,0,0,0,0,0,0,0.172180232478351,0,0.255939175583878,0,0.243770365636361,0.337915410598119,0.336494994193516,0.301072597503662,0.351304641791752,0,0.29337280430706,0.240472080452102,0.244981631898043,0.22697217186002,0,0,0,0,0,0,0.295161306192089,0,0,0,0,0,0,0,0,0,0,0,0,0,0,0,0,0.342881097243382,0,0,0,0,0.34850837290287,0.247003077370423,0,0.210936978459358,0.267543140321867,0.2718792061011,0.315051041008241,0.319439560174942,0.301715718638716
0,0,0,0,0,0,0,0,0,0.196853250265121,0,0,0,0,0,0.137885227799416,0.208775806156072,0.157014418054711,0.264481337534057,0,0,0.183003381442802,0.156243731081486,0.15814138349816,0.145503878593445,0.144721006904055,0,0.150538384293516,0,0,0,0,0,0,0,0,0,0.186513937685801,0,0,0,0,0,0,0,0,0,0,0,0.158189162611961,0,0,0,0,0,0,0,0,0,0,0,0,0,0,0,0.130660831928253,0.140312455870487,0,0.138834058900674,0,0.161815636066927,0,0,0,0,0,0,0,0,0,0.237623121576851,0,0.16294965824898,0.154300711552302,0,0,0
0,0,0,0,0,0,0,0,0.153053265064955,0,0,0,0,0,0.142863313357035,0,0.168330087643731,0.200587225885227,0.26257166514794,0,0,0.145979411900043,0.147064176063964,0.191910982131958,0.144435017217289,0.156015127897263,0.124830426150393,0,0.113102623075247,0,0,0,0,0,0,0,0,0,0.206949778199196,0,0.27183935046196,0.25893822312355,0,0,0,0,0,0,0.136598476681156,0,0,0,0,0,0,0,0,0,0,0,0.146864250302315,0,0.309208750724792,0,0.130660831928253,0,0,0.175068078121928,0,0.123541104710764,0,0.126747028529644,0,0,0,0,0,0,0.337619056304296,0,0,0.258108492971795,0.159003879122972,0.158380356927713,0,0,0
0,0.226348865973322,0,0,0,0,0,0,0,0.195739209651947,0,0,0,0,0,0.134097844362259,0.302804234623909,0.203442631454407,0.275965970009565,0,0,0.200345173667171,0,0.18323550873061,0.169828161597252,0.140639639681294,0,0,0,0,0,0,0,0,0,0,0,0.272819030284882,0,0,0,0,0.24727238714695,0,0,0,0,0,0,0.169388191401958,0,0,0,0,0,0.245191531734807,0,0,0,0,0,0,0,0,0.140312455870487,0,0,0,0.135768330655992,0,0,0,0,0,0,0,0,0,0.31829309463501,0,0.246683869849552,0,0.157556295450917,0.187383025884628,0.166165441274643,0,0
0,0,0,0,0,0,0,0,0.147591895712861,0.163523979485035,0,0,0,0,0.137716841812317,0,0.176263424830559,0.253503832221031,0.261774541934331,0,0,0.143110677599907,0.172246308731181,0.146048936992884,0.193680219498727,0,0.130588207655965,0,0,0,0,0,0,0,0,0,0,0,0.201162199405107,0,0,0,0,0,0,0,0,0,0.131580516695976,0,0,0,0,0,0.149729645997286,0,0,0,0,0,0.148977004922926,0,0,0,0,0.175068078121928,0,0,0,0.142180669643631,0,0,0,0,0,0,0,0,0,0,0,0.125107277184725,0.160137433172662,0.200375229120255,0.152386516332626,0,0
0,0,0,0,0,0,0,0,0,0.15590894818306,0,0,0,0.123169496655464,0,0.169335740633675,0.177572660148144,0.137660617656904,0.248182132840157,0,0,0.144350212636434,0,0.144911918397013,0.314819484949112,0.136487963754367,0,0.117962349454562,0,0,0,0,0,0,0,0,0,0,0,0,0,0,0,0,0,0,0,0,0,0,0,0,0,0,0,0,0,0,0,0,0,0.162690546313922,0,0,0.138834058900674,0,0.135768330655992,0,0,0,0,0,0,0,0,0,0,0,0,0,0,0,0.155928179341599,0.167062491178513,0,0,0
0,0,0,0,0,0,0,0,0.160294292867184,0,0,0,0,0,0.148183320440463,0,0.138716304310205,0.190988993644714,0.214463365929467,0,0,0,0.143496630793652,0.163587361574173,0.128274561031761,0,0.124516235110703,0,0.0933033935725689,0,0,0,0,0,0,0,0,0,0,0,0,0,0,0,0,0,0,0,0,0,0,0,0,0,0,0,0,0,0,0,0.1379882516704,0,0,0,0,0.123541104710764,0,0.142180669643631,0,0,0,0.115217017117315,0,0,0,0,0,0,0.353314846754074,0,0,0,0.14783379328835,0,0,0,0
0,0,0,0,0,0,0,0,0,0,0,0,0,0,0,0,0,0,0,0,0,0.153925175070763,0,0,0,0,0,0.168830983305761,0,0.161124855279922,0,0,0,0,0,0,0,0.208773960669835,0,0,0,0,0,0,0,0,0,0,0,0.224746465682983,0,0,0,0,0,0,0,0.273329411943754,0,0.2444547609641,0,0,0,0,0.161815636066927,0,0,0,0,0,0,0,0.306594610931697,0,0,0,0,0,0,0,0.194893223568074,0,0.132724919489452,0,0,0,0
0,0,0,0,0,0,0,0,0,0,0,0,0,0,0,0,0,0,0,0,0,0,0.233094806698236,0,0,0,0,0,0.223689788486809,0,0,0,0,0,0,0,0,0,0,0,0,0,0,0,0,0,0,0,0,0,0,0,0,0,0,0,0,0,0,0,0,0,0,0,0,0.126747028529644,0,0,0,0.115217017117315,0,0,0,0,0,0,0,0,0,0,0,0,0,0,0,0,0
0,0.265231850984934,0,0.277168462673823,0,0,0,0,0,0,0,0.23358203886605,0,0,0,0,0,0.371967971324921,0.336834639310837,0.302795100848046,0,0,0,0,0,0,0,0,0,0.228562762390985,0,0,0,0,0,0.240908280014992,0,0,0,0.316747362122816,0,0.341345915737007,0.328439126412074,0.337320634296962,0,0.276632160164308,0,0.361872747540474,0,0.313206278178536,0,0,0,0,0,0,0,0.271067838703459,0,0,0,0,0.314601479899922,0,0,0,0,0,0,0,0.306594610931697,0,0,0,0,0,0.394754588603973,0,0.333805145586238,0.361252173781395,0.298766662901629,0,0.332653105423293,0.233665853738785,0.300453583092016,0.413416104406361,0
0,0,0,0,0,0,0,0,0,0,0.271792843937874,0,0,0,0,0,0,0,0.331207856535912,0,0.372297545274099,0,0,0,0,0,0,0,0,0,0.143562753250202,0,0,0,0,0,0,0,0.159418127366475,0,0.370480579825548,0.31945925951004,0.333014667965472,0,0,0,0.299101233482361,0,0.308637686751106,0,0,0,0,0,0,0,0.28438297787617,0,0,0,0,0,0,0.342881097243382,0,0,0,0,0,0,0,0,0,0,0,0,0,0,0,0,0,0.332063337313194,0.330173263947169,0,0.299090977182093,0,0.357621384518487
0,0,0,0,0,0,0,0,0,0,0,0,0,0,0,0,0,0,0,0,0,0,0,0,0,0,0,0,0,0,0,0.363337809868878,0.395873920024635,0.570441259377038,0.448134049773216,0.245810789557604,0.360586216052373,0,0,0,0,0,0,0,0,0,0,0.31041902830006,0,0.39584114202639,0,0,0,0,0,0,0,0,0,0,0,0,0,0,0,0,0,0,0,0,0,0,0,0,0,0.43919111681836,0.546806058287621,0.487281650304794,0.318549083445976,0.335991442203522,0.240204848349094,0,0.179598869887863,0,0,0,0
0,0,0,0,0,0,0,0,0,0,0,0,0,0,0,0,0,0,0,0,0,0,0,0,0,0,0,0,0,0,0,0.466281158998122,0.427033733614684,0.501647207082487,0.276901924392072,0,0.30259402171647,0,0,0,0,0,0,0,0,0,0,0.450395572563223,0,0,0,0,0,0,0,0,0,0,0,0,0,0,0,0,0,0,0,0,0,0,0,0,0,0,0.43919111681836,0,0.491448223590851,0.31623731124766,0.362663954496384,0.265004324349197,0,0,0.427258729372384,0,0,0,0
0,0,0,0,0,0,0,0,0,0,0,0,0,0,0,0,0,0,0,0,0,0,0,0.237344786524773,0,0,0,0,0,0,0,0.518361319832623,0.484600827949388,0.383854140491673,0.432218800056872,0.261322575988192,0.293153474728266,0.246713504372345,0,0,0,0.279459938120383,0.249148517847061,0,0,0,0,0.42805047866073,0,0.390055633536199,0,0,0,0,0,0,0,0,0,0,0,0,0,0,0,0,0,0,0,0,0,0,0.394754588603973,0,0.546806058287621,0.491448223590851,0,0.517507169306988,0.308875311300763,0,0.331720568243135,0.516472874757122,0.440260245077885,0,0.273451906997104,0,0
0,0,0.282445728778839,0,0,0,0,0,0,0,0,0,0,0,0,0,0,0,0,0,0,0,0,0,0,0,0,0,0,0,0,0.468753389500338,0.346382168922609,0.450759678253299,0.38932104184525,0,0.335765906052137,0,0.351042629769523,0,0,0,0.285619767568123,0,0,0,0,0.37317672054429,0.377547999137434,0.524945050477982,0,0,0,0,0,0,0,0,0,0,0,0,0,0,0,0,0,0,0,0,0,0,0,0,0.487281650304794,0.31623731124766,0.517507169306988,0,0.320438027381897,0.319300669279585,0,0.345697283229433,0.42819056057589,0,0.276019074954093,0,0
0,0.334685245045909,0,0.320777088403702,0,0,0,0,0,0,0.353016778826714,0.138753971763146,0,0,0,0,0.343005245744154,0.349358442734028,0.348088624967536,0.279941363367757,0,0,0.332787379070565,0.341462284326553,0.356630223989487,0,0.356596708297729,0,0,0,0,0.364617273416585,0.332166854234842,0.245066017203688,0.302611285510163,0.231365263340671,0.153414073679596,0.179504638509188,0,0.303236788428516,0.34096674633951,0.312530799672521,0.349064963343351,0.41523250257506,0.356827498724063,0.222526078422864,0,0.338467698868972,0,0.348088380451105,0,0,0,0,0,0,0.391092702746391,0.34226381778717,0,0,0,0,0.285367290681692,0.34850837290287,0,0.337619056304296,0.31829309463501,0,0,0.353314846754074,0,0,0.333805145586238,0,0.318549083445976,0.362663954496384,0.308875311300763,0.320438027381897,0,0.369454176033137,0.289459609648752,0.374081182479858,0.254480655154451,0.235989063111767,0.331901297122854,0.423701613733094,0.299118126432101
0,0,0.256698873989722,0,0,0,0,0,0,0.288968130946159,0.335412146271886,0,0,0,0,0,0.345162886490659,0.350918678459057,0.362104395434836,0,0.179189375365229,0.348172922929128,0.34071489572525,0.329206943511963,0.353130027651787,0,0,0,0,0,0,0,0.296377339014193,0.297875409099189,0.28442785877246,0.182938822855552,0.23255445582357,0,0.222695639830183,0.366652399301529,0.271440401315079,0.33609707782298,0.341138512769229,0.362295612692833,0.435218106061481,0,0.283947111235261,0.343054326622908,0.263525539234322,0.283128412233459,0,0,0,0,0,0,0.302656479179859,0,0,0,0,0,0.339118510484695,0.247003077370423,0,0,0,0,0,0,0,0,0.361252173781395,0,0.335991442203522,0.265004324349197,0,0.319300669279585,0.369454176033137,0,0.390211340326529,0.234455935313906,0.267328528746196,0.242564613919988,0.311990793971409,0.331575309076617,0.42115351380279
