0,0,5.1576715584459,0,0,0,0,0,10.0944043215174,0,0,0,0,0,0,0,0,0,17.5043091773987,0,0,0,0,0,0,0,0,0,0,0,0,0,0,0,0,0,0,43.5032739639282,23.6106948852539,0,0,0,17.3702120434345,0,0,0,0,0,9.81734004887667,0,0,0,0,0,11.3347950827691,0,0,0,0,0,11.3474878014111,0,0,0,0,0,0,19.0921608606974,0,24.1041688919067,0,0,0,0,0,0,0,0,0,0,0,0,11.0779145558675,23.8430824279785,11.3914320266089,0,0
0,0,0,8.00480635960897,0,0,0,0,80.8726272583008,5.07839349149221,0,0,0,0,0,0,55.5138880411784,29.5140409469604,32.9203364849091,0,0,0,0,0,0,0,0,0,0,0,0,0,0,0,48.2898788452148,0,0,18.8594333648682,50.8249969482422,37.9103447763543,0,20.0293684106585,42.031103515625,0,0,27.1676365534465,0,34.7344512939453,49.8296808096079,17.7149628611026,0,0,0,0,0,6.8674366677061,0,6.1264818836661,0,9.68918685913086,0,11.1028556790617,32.7785406112671,0,0,0,0,58.0527114868164,0,0,10.3145608901978,0,22.44459946532,0,0,0,0,0,30.7341783186969,0,27.7554605272081,49.552173614502,17.0553383924855,20.7899017333984,10.9156696445465,10.5052409172058,0
5.1576715584459,0,0,0,4.95544725274428,0,0,0,5.2341089108411,0,0,0,0,0,0,0,50.1684409550258,0,51.1105396270752,0,0,0,0,0,0,0,0,0,0,0,0,0,0,0,0,0,19.2016048431396,52.6489969889323,25.7932570608039,65.1761366526286,43.3048925688772,57.133678848679,28.7854142411114,0,0,0,19.1982016464074,50.0699348449707,31.2124554157257,0,4.71482503414154,0,0,0,5.0465821885617,0,2.97878060669735,0,4.6505020459493,0,4.78230354189873,0,0,18.1074389503116,0,0,0,0,0,0,0,0,0,0,0,0,0,0,68.1029434204102,43.3487202326457,67.6717071533203,24.2005672454834,21.3348691573688,27.2106142044067,17.825575524231,0,14.6930627822876
0,8.00480635960897,0,0,0,7.96845736503601,0,0,0,2.80194497108459,0,0,0,0,0,0,61.2017527988979,43.0546455383301,47.1399294535319,24.4189128875732,0,0,0,0,0,0,0,0,0,0,0,0,0,0,0,0,0,0,0,41.1203225248603,64.4148025512695,30.3286794787362,47.8386238098145,0,0,21.6089806826609,0,49.2937437488187,0,38.2761312855615,0,6.24203775668966,0,0,0,7.94107166926066,0,15.2233425525197,0,6.01588821940952,0,6.13305968551312,49.7781448364258,0,0,0,0,0,0,0,30.114444732666,0,30.5096642554752,0,0,0,0,0,39.6404168192546,0,33.6477578204611,0,23.4817513218076,29.5071712221418,21.0554087920984,18.5661190000631,0
0,0,4.95544725274428,0,0,0,0,0,2.96545910835266,0,0,0,0,0,0,0,0,0,14.5476837158203,0,9.01854648590088,0,0,0,0,0,0,0,0,0,0,0,0,0,0,0,3.46459669619799,0,0,0,50.2275810241699,0,33.9231716604794,0,0,0,32.9428548812866,0,37.0089149475098,0,4.14629826245007,0,0,0,0,0,5.6583546019615,0,0,0,0,0,0,26.758066813151,0,0,0,0,0,0,0,0,0,0,0,0,0,0,0,7.00072218736013,0,0,15.6806169233824,0,11.1328018863185,0,0
0,0,0,7.96845736503601,0,0,0,0,0,4.65121650695801,0,3.46595579927618,0,0,0,0,54.0128746032715,0,65.012601852417,5.40257475994251,0,0,0,0,0,0,0,0,0,0,0,0,0,0,0,2.9525191783905,0,0,0,42.2231003897531,0,43.2850163633173,0,0,0,21.4751710891724,0,53.7094869111714,40.9375,52.5025062561035,0,3.67297584301717,0,0,0,0,0,0,0,0,0,0,5.40646848082542,0,0,0,0,0,0,0,0,0,0,0,0,0,0,0,30.8386623859406,0,0,0,13.9750621746171,31.7160275777181,17.3594766079433,0,0
0,0,0,0,0,0,0,0,0,0,0,0,0,0,0,0,0,0,0,0,4.94722080230713,0,0,0,0,0,0,0,0,0,0,0,0,0,0,0,0,0,0,0,0,0,0,0,0,0,0,0,0,0,0,0,3.02602982521057,0,0,0,0,0,2.99991381686667,0,0,0,0,4.66940008510243,0,0,0,0,0,0,0,0,0,0,0,0,0,0,0,0,0,0,3.00943076610565,0,0,0,0
0,0,0,0,0,0,0,0,0,0,0,2.97757536172867,0,0,0,0,0,0,0,3.88937183469534,0,0,0,0,0,0,0,0,0,0,0,0,0,0,0,0,0,0,0,0,0,0,0,0,0,0,0,0,0,0,0,2.89875345759922,0,3.07275905002247,0,0,0,3.42121376529817,0,3.18607558868005,0,0,4.05552229673966,0,0,0,0,0,0,0,0,0,0,0,0,0,0,0,0,0,0,0,3.60103861490885,9.32158279418945,0,0,0
10.0944043215174,80.8726272583008,5.2341089108411,0,2.96545910835266,0,0,0,0,0,0,0,0,0,4.67120017724879,0,12.5334401331028,0,24.638631439209,0,0,0,0,0,8.99316563789661,0,4.52742331603478,0,0,0,0,0,0,0,48.9129123687744,0,0,49.8677654266357,15.7605072604064,0,0,51.9796498616536,29.2317700355676,0,0,0,0,38.9029731750488,22.5759468877376,0,5.47791576385498,0,0,0,9.15305852187436,0,22.4598960876465,0,0,0,4.51479850629481,0,0,0,0,0,0,10.1742652719671,0,16.503393758427,0,0,0,0,0,0,0,0,0,37.7757892608643,0,21.6994452089539,9.94243560648627,8.15333310266336,20.9370954631071,0,0
0,5.07839349149221,0,2.80194497108459,0,4.65121650695801,0,0,0,0,0,0,0,0,0,3.2605140720095,0,25.3837331136068,19.7120313644409,0,0,0,0,4.50857170422872,0,0,0,0,0,0,0,0,0,0,0,0,0,8.48022906780243,0,0,0,10.6489674403117,0,0,0,0,0,0,60.4977951049805,26.6532638072968,0,0,0,0,0,8.38308650084175,0,20.2866923014323,0,5.31218750660236,0,4.8036477285143,0,0,19.1165537834167,0,4.81327169183372,0,3.58243468403816,0,0,0,24.5294116973877,0,0,0,34.1515706380208,0,0,0,27.1291542053223,0,4.19509601847331,4.59096470504007,12.4937748795464,20.9611177444458,0
0,0,0,0,0,0,0,0,0,0,0,0,3.546546941985,0,0,0,0,0,0,0,3.29384904072888,0,0,0,0,0,0,0,4.07446840942883,0,4.82628138860067,0,0,0,0,0,3.3363303717025,0,3.4199309748087,0,0,0,0,0,0,0,0,0,0,0,0,0,0,0,0,0,4.58967938942294,0,3.48790524467345,0,0,0,0,3.82222209669097,0,0,0,0,0,0,0,4.0710768450552,0,4.00023158391317,0,0,0,0,0,3.71373346873692,0,4.97432054081151,3.046540777294,0,0,0,0
0,0,0,0,0,3.46595579927618,0,2.97757536172867,0,0,0,0,0,3.24270440850939,0,0,0,0,0,4.03567454307037,0,0,0,0,0,0,0,0,0,5.68811344305674,0,0,0,0,0,3.24545127027345,0,3.88258493452702,0,0,0,57.720645904541,0,0,0,0,0,0,0,0,0,0,0,0,0,0,0,6.83159112841169,0,3.85885407889418,0,0,4.96775419687487,0,0,0,0,0,0,0,4.75360136032104,0,6.69248706118612,0,0,0,0,0,4.27990495847619,0,5.15891717539893,0,2.85992130211421,2.95540237426758,0,0,0
0,0,0,0,0,0,0,0,0,0,3.546546941985,0,0,0,0,0,0,0,0,0,0,0,0,0,0,0,0,0,2.99662959575653,0,0,0,0,0,0,0,0,0,0,0,0,0,0,0,0,0,0,0,0,0,0,0,0,0,0,0,4.17617658933004,0,3.12017967114373,0,2.82735223770142,0,0,0,0,0,0,0,0,2.73141670227051,0,2.95743441581726,0,0,0,0,0,0,0,0,0,0,2.92393079525282,3.11884890840604,0,0,0
0,0,0,0,0,0,0,0,0,0,0,3.24270440850939,0,0,0,3.88596572875977,0,0,0,0,0,0,0,0,0,0,0,3.52970984858325,0,0,0,0,0,0,0,0,0,0,0,0,0,0,0,0,0,0,0,0,0,0,0,0,0,0,0,0,0,0,0,3.34345894276955,0,3.92433804935879,0,0,0,0,0,0,0,0,4.37787160793496,0,0,0,0,0,0,0,0,0,0,0,3.06244634882322,3.09187579296673,0,0,0
0,0,0,0,0,0,0,0,4.67120017724879,0,0,0,0,0,0,0,5.23952785898348,0,0,0,0,0,0,0,7.60750589105818,0,4.73379501429471,0,2.99921538432439,0,0,0,0,0,0,0,0,0,0,0,0,0,0,0,0,0,0,0,0,0,0,0,0,0,3.06746223839847,0,0,0,0,0,3.01413739245871,0,0,0,0,0,0,8.67019081115723,0,0,0,0,0,0,0,0,0,0,0,0,0,0,4.79349163245587,3.77986767119968,0,0,0
0,0,0,0,0,0,0,0,0,3.2605140720095,0,0,0,3.88596572875977,0,0,0,2.99511043230693,0,0,0,0,0,0,0,3.6016218662262,0,4.1358918790464,0,0,0,0,0,0,0,0,0,0,0,0,0,0,0,0,0,0,0,0,0,0,0,0,0,0,0,4.29516097002251,0,0,0,0,0,3.45839336756113,0,0,0,0,0,0,0,0,0,0,0,0,0,0,0,0,0,0,0,0,3.21722213981688,3.68310196955401,0,0,0
0,55.5138880411784,50.1684409550258,61.2017527988979,0,54.0128746032715,0,0,12.5334401331028,0,0,0,0,0,5.23952785898348,0,0,15.4853357998318,13.9626721854287,54.0007934570312,0,14.5386257171631,9.20566392981488,16.5107277234395,4.64240611791611,24.7350379325248,4.34355429005502,0,3.68000696102778,0,0,0,0,0,0,0,0,0,0,57.2487919581921,52.4286697296535,51.3391825910928,46.0203336925682,0,40.1698265075684,49.4736645347194,47.0309917300773,0,65.8839569091797,55.4166688919067,0,0,0,0,0,58.5145721435547,0,61.2746131896973,0,59.365592956543,5.30987477529617,60.39892578125,61.4467929204305,50.1555110668314,0,0,0,3.72396273170875,25.1253318786621,4.88014430151536,0,0,60.8433892176702,32.3092009226481,0,0,0,0,60.664095422829,52.3159012688531,62.8022898798404,44.1329480579921,8.0390370339925,5.96225600848707,42.6643119372574,41.1040786107381,31.646448135376
0,29.5140409469604,0,43.0546455383301,0,0,0,0,0,25.3837331136068,0,0,0,0,0,2.99511043230693,15.4853357998318,0,17.2154787483683,0,0,13.3163452624193,0,6.17642633971714,13.4848384857178,6.0269026407815,0,0,0,0,0,0,0,0,0,0,0,0,0,51.2371122329954,65.2221590677897,40.4326692890477,64.0491182078486,0,0,46.3931344454406,63.7972545623779,0,0,44.1465479532878,0,0,0,0,0,10.9710235595703,0,41.4153467066148,0,0,0,0,55.0715258916219,72.7649068832397,4.72457918855879,0,0,0,5.43906875327229,0,0,0,44.3501447273023,0,0,0,0,0,53.0464745644118,69.1576790529139,46.5035062638004,71.0629348754883,11.2507786982397,5.14216440415318,47.747261177706,30.2729028400622,56.245418548584
17.5043091773987,32.9203364849091,51.1105396270752,47.1399294535319,14.5476837158203,65.012601852417,0,0,24.638631439209,19.7120313644409,0,0,0,0,0,0,13.9626721854287,17.2154787483683,0,52.8695755004883,0,34.3437570844378,0,0,19.0755462646484,40.8606300354004,0,0,0,0,0,0,0,0,0,0,0,0,0,40.7295545556786,42.0066759868758,34.870918954394,34.9458875776592,0,40.2998578207833,30.9222622289286,31.9970751366525,52.9085403442383,48.8189086914062,43.7003724758442,0,0,0,0,65.4723663330078,0,0,33.1443688831632,0,48.3463001251221,0,53.3086738586426,43.4768970277574,43.995830655098,0,0,0,0,0,0,47.020923614502,0,35.9951411597336,43.4636595249176,0,0,0,0,44.5214699785967,39.7542841205743,38.5728347177629,36.6729552040637,19.1038241434314,53.9038248062134,35.6134814736772,29.3851237625911,28.3609692608869
0,0,0,24.4189128875732,0,5.40257475994251,0,3.88937183469534,0,0,0,4.03567454307037,0,0,0,0,54.0007934570312,0,52.8695755004883,0,0,0,0,0,0,0,0,0,0,0,0,0,0,0,0,5.82294380831164,0,5.20712096595764,0,46.5705490112305,0,47.7531802767799,48.1640205383301,0,0,31.7713146209717,0,52.2965405782064,0,53.8339862823486,0,11.5631108283997,0,0,0,0,0,4.12174513060259,0,10.6479860652577,0,0,4.23699619560006,0,0,0,0,0,0,0,0,0,12.6205644607544,0,0,0,0,0,6.90323925018311,0,6.23063697814941,0,8.29846588822833,13.5220146912795,9.24307250321566,0,0
0,0,0,0,9.01854648590088,0,4.94722080230713,0,0,0,3.29384904072888,0,0,0,0,0,0,0,0,0,0,0,0,0,0,0,0,0,0,0,0,0,0,0,0,0,9.50525786831409,0,3.52640452839079,0,14.5259895324707,0,0,0,0,0,0,0,0,0,0,0,3.79377222061157,0,0,0,4.00410161857252,0,0,0,0,0,0,4.1961442642853,0,0,0,0,0,0,0,0,0,0,0,0,0,0,0,6.50111445784569,0,0,11.3121267990375,8.80068763097127,7.89014764242275,0,0
0,0,0,0,0,0,0,0,0,0,0,0,0,0,0,0,14.5386257171631,13.3163452624193,34.3437570844378,0,0,0,3.76024141781015,4.44606438550082,0,5.11375758267831,0,3.42539866881359,0,0,0,0,0,0,0,0,0,5.33499738296632,3.83375070473858,80.8824081420898,0,55.840160369873,0,0,0,0,0,0,0,8.52796802755262,0,0,0,0,0,0,0,0,0,0,0,0,0,0,4.25445591737756,3.48514088756568,7.00510790261878,0,6.60952746590903,0,3.80457627773285,0,0,0,0,0,10.1012954711914,0,0,0,8.55836940987009,4.06385929997151,3.63559341318955,3.31309683778651,17.5605688461891,0,0
0,0,0,0,0,0,0,0,0,0,0,0,0,0,0,0,9.20566392981488,0,0,0,0,3.76024141781015,0,0,4.35523149314723,0,4.02371269101682,0,3.12849031422473,0,0,0,0,0,0,0,0,25.9395020008087,4.84486967723498,0,0,49.1725997924805,39.9320030212402,0,0,0,0,24.435443649292,11.7972723960876,0,0,0,0,0,0,0,0,0,0,0,0,0,0,0,4.20475435256958,4.28326374909189,0,5.12140217057446,0,4.27968952082848,0,3.25634349584579,0,0,0,0,0,0,0,0,0,4.99718165029102,3.86326037681907,3.44084430485964,43.3058547973633,0,0
0,0,0,0,0,0,0,0,0,4.50857170422872,0,0,0,0,0,0,16.5107277234395,6.17642633971714,0,0,0,4.44606438550082,0,0,0,5.08029405962783,0,0,0,0,0,0,0,0,0,0,0,7.22338090727805,0,0,0,56.0224456787109,0,0,0,0,0,0,0,4.5902911901474,0,0,0,0,0,3.38354619344076,0,0,0,0,0,7.92798537793367,0,0,6.02531138875268,0,4.18431095532827,0,5.64226980228734,0,0,0,0,0,0,0,14.0943955937657,0,0,0,10.1909376002554,0,5.7636426582671,0,3.85902817682786,0,0
0,0,0,0,0,0,0,0,8.99316563789661,0,0,0,0,0,7.60750589105818,0,4.64240611791611,13.4848384857178,19.0755462646484,0,0,0,4.35523149314723,0,0,0,4.60332710681817,0,0,0,0,0,0,0,0,0,0,35.9802093505859,4.84673868324677,86.3677215576172,0,0,0,0,0,0,0,20.4967803955078,5.44973557928334,0,0,0,0,0,8.03201644173984,0,0,0,0,0,6.12926077842712,0,0,0,0,4.21701970637239,0,3.73843550271001,0,4.6087638757847,0,0,0,0,0,0,0,0,0,0,0,6.46361439466476,6.57116559096108,19.1414274327895,10.1543296997364,0,0
0,0,0,0,0,0,0,0,0,0,0,0,0,0,0,3.6016218662262,24.7350379325248,6.0269026407815,40.8606300354004,0,0,5.11375758267831,0,5.08029405962783,0,0,0,3.93042705446909,0,0,0,0,0,0,0,0,0,0,0,0,0,56.0755958557129,0,0,0,0,0,0,0,0,0,0,0,0,0,0,0,0,0,0,0,0,0,0,3.67825087816408,0,5.22926735877991,0,3.29668529258181,0,5.89423211415609,0,0,0,0,0,0,0,0,0,0,0,6.34685069164693,5.38466691970825,0,0,0
0,0,0,0,0,0,0,0,4.52742331603478,0,0,0,0,0,4.73379501429471,0,4.34355429005502,0,0,0,0,0,4.02371269101682,0,4.60332710681817,0,0,0,3.33659609158834,0,0,0,0,0,0,0,0,0,0,0,0,0,0,0,0,0,0,0,0,0,0,0,0,0,2.79655480384827,0,0,0,0,0,0,0,0,0,0,3.0036649107933,0,6.51375319095368,0,3.0069939811179,0,5.10692233509488,0,0,0,0,0,0,0,0,0,0,4.73373408068711,5.29821172127357,0,0,0
0,0,0,0,0,0,0,0,0,0,0,0,0,3.52970984858325,0,4.1358918790464,0,0,0,0,0,3.42539866881359,0,0,0,3.93042705446909,0,0,0,3.59035136144789,0,0,0,0,0,0,0,4.10960001318994,0,0,0,0,0,0,0,0,0,0,0,0,0,0,0,0,0,0,0,0,0,0,0,4.51931562206962,0,0,3.89442043890033,0,0,0,4.20233878397173,0,3.61774191875995,0,0,0,0,0,0,0,0,0,3.03911545446941,0,3.21837865527229,3.13040881048196,0,0,0
0,0,0,0,0,0,0,0,0,0,4.07446840942883,0,2.99662959575653,0,2.99921538432439,0,3.68000696102778,0,0,0,0,0,3.12849031422473,0,0,0,3.33659609158834,0,0,0,3.41746597290039,0,0,0,0,0,0,0,3.2497149767975,0,0,0,0,0,0,0,0,0,0,0,0,0,0,0,0,0,5.19875188307329,0,0,0,0,0,0,0,0,4.07128092977736,0,0,0,2.94922889603509,0,3.45510654692806,0,0,0,0,0,0,0,0,0,2.99857541475541,3.08501868424592,2.8619396625421,0,0,0
0,0,0,0,0,0,0,0,0,0,0,5.68811344305674,0,0,0,0,0,0,0,0,0,0,0,0,0,0,0,3.59035136144789,0,0,0,0,0,0,0,0,0,3.86537382083625,0,0,0,0,0,0,0,0,0,0,0,0,0,0,0,0,0,0,0,7.18982744216919,0,0,0,0,0,0,0,0,0,0,0,0,5.05664505924497,0,4.13686439081958,0,0,0,0,0,0,0,4.53721583451276,0,3.06050432850333,3.09271219041612,0,0,0
0,0,0,0,0,0,0,0,0,0,4.82628138860067,0,0,0,0,0,0,0,0,0,0,0,0,0,0,0,0,0,3.41746597290039,0,0,0,0,0,0,0,0,0,3.59317476379897,0,0,0,0,0,0,0,0,0,0,0,0,0,0,0,0,0,5.43163352966309,0,0,0,0,0,0,0,0,0,0,0,0,0,0,0,0,3.7037131530898,0,0,0,0,0,0,0,4.62422577644649,3.41759917369256,0,0,0,0
0,0,0,0,0,0,0,0,0,0,0,0,0,0,0,0,0,0,0,0,0,0,0,0,0,0,0,0,0,0,0,0,5.71186349345961,2.98624057769775,0,3.4231199690553,4.56753596994612,0,0,0,0,0,0,0,0,0,0,5.42674772481661,8.82869625091553,0,0,0,0,0,0,0,0,0,0,0,0,0,0,0,0,0,0,0,0,0,0,0,0,0,3.56893526042094,5.85392975490705,3.89595521910716,0,3.45212732007106,3.85606861114502,0,0,5.35152101516724,0,0,0,0
0,0,0,0,0,0,0,0,0,0,0,0,0,0,0,0,0,0,0,0,0,0,0,0,0,0,0,0,0,0,0,5.71186349345961,0,28.854409122467,20.0658520285143,10.2104055616591,3.92240764601477,0,0,0,0,0,0,0,0,0,0,6.71802544581335,3.77525401115417,11.5142318501192,0,0,0,0,0,0,0,0,0,0,0,0,0,0,0,0,0,0,0,0,0,0,0,0,4.36776447041344,7.27232086588167,32.2873942057292,20.4353502408454,12.1714324951172,9.86093247251427,0,0,5.51125083250158,0,0,0,0
0,0,0,0,0,0,0,0,0,0,0,0,0,0,0,0,0,0,0,0,0,0,0,0,0,0,0,0,0,0,0,2.98624057769775,28.854409122467,0,4.4707423092924,3.32533310331247,4.63606214523315,3.27094213835156,10.2993564009666,0,0,0,0,0,0,0,0,5.30087708636057,24.6665490468343,0,0,0,0,0,0,0,0,0,0,0,0,0,0,0,0,0,0,29.0921936035156,0,0,0,0,0,0,2.95242463217841,28.9021244049072,4.61891641307481,4.93984844329984,3.93238005565323,40.819974899292,3.90297954877218,16.0746435832977,4.7891177671765,0,23.4856545130412,0,0
0,48.2898788452148,0,0,0,0,0,0,48.9129123687744,0,0,0,0,0,0,0,0,0,0,0,0,0,0,0,0,0,0,0,0,0,0,0,20.0658520285143,4.4707423092924,0,0,4.20005502013189,4.80505472421646,7.10217159696286,0,0,10.6036486625671,0,0,0,0,0,6.03012183457101,12.0858242511749,14.5564693212509,0,0,0,0,37.9498462677002,0,0,0,0,0,0,0,0,0,0,0,0,29.344846089681,0,0,0,0,0,0,0,23.170967688686,5.0829519071427,4.93618405916454,0,7.88606172686084,5.00521147591727,10.0851627665181,4.04661944686182,0,18.1451082229614,0,0
0,0,0,0,0,2.9525191783905,0,0,0,0,0,3.24545127027345,0,0,0,0,0,0,0,5.82294380831164,0,0,0,0,0,0,0,0,0,0,0,3.4231199690553,10.2104055616591,3.32533310331247,0,0,3.58256129835111,4.01883156324033,3.69486953040301,6.81449040660152,0,24.5498658960516,0,0,0,0,0,4.74753012855848,0,20.2311557769775,0,22.1037702560425,0,0,0,0,0,3.0577312724231,0,0,0,0,5.66622288650441,0,0,0,0,0,0,0,0,0,0,0,3.57174003485477,4.98757825578962,4.19968881540408,0,4.3943377593043,3.36476860475004,5.94211354540431,4.13811817765236,3.90559380983675,3.49901669597194,12.4797600120898,0,0
0,0,19.2016048431396,0,3.46459669619799,0,0,0,0,0,3.3363303717025,0,0,0,0,0,0,0,0,0,9.50525786831409,0,0,0,0,0,0,0,0,0,0,4.56753596994612,3.92240764601477,4.63606214523315,4.20005502013189,3.58256129835111,0,6.29437584536416,4.78089303425217,0,0,0,0,0,0,0,7.08356018861135,7.08708066718523,0,20.0339279174805,4.30912860957059,0,0,0,0,0,3.90580300490061,0,0,0,0,0,0,12.6432221488615,0,0,0,0,0,0,0,0,0,0,5.56523932987343,4.57761692820628,0,5.30472253757519,4.1797304319602,5.11954778032384,0,8.42055758946246,5.07445940900399,6.05683489324891,17.3223391494581,0,0
43.5032739639282,18.8594333648682,52.6489969889323,0,0,0,0,0,49.8677654266357,8.48022906780243,0,3.88258493452702,0,0,0,0,0,0,0,5.20712096595764,0,5.33499738296632,25.9395020008087,7.22338090727805,35.9802093505859,0,0,4.10960001318994,0,3.86537382083625,0,0,0,3.27094213835156,4.80505472421646,4.01883156324033,6.29437584536416,0,6.28048079817688,0,0,5.87750080653599,22.5417341668922,0,0,0,0,6.744463100145,27.3797194936634,6.21975081904049,0,0,0,0,47.5413203239441,8.28014912103352,0,3.36458502063211,0,0,0,0,10.9293755292892,0,4.73322845512808,31.4177322387695,7.78424237890965,35.6913150605701,0,0,3.52233316557748,0,3.65050042574662,0,0,0,6.09965500132243,5.63834915901053,6.18330888183131,4.00590596199036,4.78211730213656,11.8398802874492,4.67603402949567,4.4600832528309,20.4052422144595,0,0
23.6106948852539,50.8249969482422,25.7932570608039,0,0,0,0,0,15.7605072604064,0,3.4199309748087,0,0,0,0,0,0,0,0,0,3.52640452839079,3.83375070473858,4.84486967723498,0,4.84673868324677,0,0,0,3.2497149767975,0,3.59317476379897,0,0,10.2993564009666,7.10217159696286,3.69486953040301,4.78089303425217,6.28048079817688,0,0,0,46.8081550598145,24.4619169235229,0,0,0,0,12.2817184206274,6.18832496772794,36.9664280540065,0,0,0,0,14.8399093728482,0,3.54050494700062,0,0,0,19.4300387122414,0,0,3.02842171625658,4.53125143051147,4.34817463210881,0,5.19567837643979,0,13.3598203659058,0,3.46006778570322,0,3.91408165544271,0,0,8.56969377344305,7.22956425143826,4.09447417408228,7.38302740629294,7.45799922586201,4.52919295469378,5.27948887314046,4.57738216063556,28.3186395139921,0,0
0,37.9103447763543,65.1761366526286,41.1203225248603,0,42.2231003897531,0,0,0,0,0,0,0,0,0,0,57.2487919581921,51.2371122329954,40.7295545556786,46.5705490112305,0,80.8824081420898,0,0,86.3677215576172,0,0,0,0,0,0,0,0,0,0,6.81449040660152,0,0,0,0,74.8717829097401,19.2057369216312,65.4251245699431,0,0,13.3530927476064,72.8817523609508,12.3586289644241,0,8.60093834444524,0,43.9247843424479,0,0,0,42.7156524658203,0,52.9609697129991,0,47.8886901855469,0,44.6390415538441,8.33228618977806,72.6416015625,0,0,0,0,0,0,0,0,51.8725094939723,65.8211288452148,0,0,0,0,14.5660690277056,72.5128418417538,50.2555945878176,75.0105476379395,33.3740989470039,54.056406656901,16.5875038967486,14.3595235473231,0
0,0,43.3048925688772,64.4148025512695,50.2275810241699,0,0,0,0,0,0,0,0,0,0,0,52.4286697296535,65.2221590677897,42.0066759868758,0,14.5259895324707,0,0,0,0,0,0,0,0,0,0,0,0,0,0,0,0,0,0,74.8717829097401,0,46.9746036602619,23.1038313478057,0,29.7041342917909,77.2669921451145,13.6472951938291,11.8275941680459,10.6764896385355,0,0,0,0,0,0,0,0,73.8257522583008,0,0,0,0,0,7.63663633162441,0,0,0,0,0,0,0,0,80.8276110562411,37.0148397445679,0,0,0,0,89.9767834056507,20.178455973906,91.3347900390625,36.9336791531793,40.2562872524658,47.0686470667521,26.2762654705641,106.386436462402,21.1633577346802
0,20.0293684106585,57.133678848679,30.3286794787362,0,43.2850163633173,0,0,51.9796498616536,10.6489674403117,0,57.720645904541,0,0,0,0,51.3391825910928,40.4326692890477,34.870918954394,47.7531802767799,0,55.840160369873,49.1725997924805,56.0224456787109,0,56.0755958557129,0,0,0,0,0,0,0,0,10.6036486625671,24.5498658960516,0,5.87750080653599,46.8081550598145,19.2057369216312,46.9746036602619,0,34.1301505860318,0,24.0152225494385,19.1786615412358,60.4731851577759,8.9149964946185,63.4416948954264,17.5829888511348,0,45.035296720617,0,0,52.9370384216309,31.237358007431,0,18.2988621140228,0,42.7606830596924,62.856861114502,38.4880222993739,20.8258358804803,51.8458565606011,0,0,0,0,0,0,16.6093633439806,0,16.8707122566843,58.274694442749,0,0,22.6142768859863,0,22.8897031471907,51.9810079676764,28.9571719771033,56.6057150363922,23.2134153343531,37.5526480803619,20.18039100884,11.0134355701201,41.9623524983724
17.3702120434345,42.031103515625,28.7854142411114,47.8386238098145,33.9231716604794,0,0,0,29.2317700355676,0,0,0,0,0,0,0,46.0203336925682,64.0491182078486,34.9458875776592,48.1640205383301,0,0,39.9320030212402,0,0,0,0,0,0,0,0,0,0,0,0,0,0,22.5417341668922,24.4619169235229,65.4251245699431,23.1038313478057,34.1301505860318,0,0,19.481738762422,63.9155699990012,22.1624453851602,8.02110856176036,10.2212185041482,25.3442451477051,0,0,0,0,28.540406126725,0,0,0,0,0,0,46.1115684509277,0,28.0772801100925,0,0,0,20.355842590332,0,0,0,0,71.4493468148368,10.2385954367404,0,0,0,0,70.0159665888006,24.516897071897,60.7244386037191,17.9850703928459,23.4442031199877,33.3120973859515,17.8077188386282,0,19.6037763819975
0,0,0,0,0,0,0,0,0,0,0,0,0,0,0,0,0,0,0,0,0,0,0,0,0,0,0,0,0,0,0,0,0,0,0,0,0,0,0,0,0,0,0,0,0,0,0,0,0,0,0,0,0,0,0,0,0,0,0,0,0,0,0,0,0,0,0,0,0,0,0,0,0,0,0,0,0,0,0,0,0,0,0,0,0,0,0
0,0,0,0,0,0,0,0,0,0,0,0,0,0,0,0,40.1698265075684,0,40.2998578207833,0,0,0,0,0,0,0,0,0,0,0,0,0,0,0,0,0,0,0,0,0,29.7041342917909,24.0152225494385,19.481738762422,0,0,0,23.1415622234344,0,0,0,0,0,0,0,0,0,0,0,0,0,0,0,0,25.8268712361654,0,0,0,0,0,0,0,0,0,0,0,0,0,0,86.2454986572266,30.1095006561279,0,0,23.6295549604628,0,30.4169644748463,0,33.0402030944824
0,27.1676365534465,0,21.6089806826609,0,21.4751710891724,0,0,0,0,0,0,0,0,0,0,49.4736645347194,46.3931344454406,30.9222622289286,31.7713146209717,0,0,0,0,0,0,0,0,0,0,0,0,0,0,0,0,0,0,0,13.3530927476064,77.2669921451145,19.1786615412358,63.9155699990012,0,0,0,33.1621742248535,31.4417095184326,0,22.7767818450928,0,0,0,0,0,0,0,35.3214729309082,0,29.7802104949951,0,26.838459287371,5.72808157554781,69.0187149047852,0,0,0,0,0,0,0,0,32.2014574898614,0,0,0,0,0,9.36388845132437,78.5045967102051,9.51629064957648,0,20.4600916870733,27.1069641113281,13.1629044148515,0,0
0,0,19.1982016464074,0,32.9428548812866,0,0,0,0,0,0,0,0,0,0,0,47.0309917300773,63.7972545623779,31.9970751366525,0,0,0,0,0,0,0,0,0,0,0,0,0,0,0,0,0,7.08356018861135,0,0,72.8817523609508,13.6472951938291,60.4731851577759,22.1624453851602,0,23.1415622234344,33.1621742248535,0,45.6155207497733,27.4613390350342,0,0,0,0,0,0,0,25.1289129257202,0,0,0,0,0,0,13.8013774383439,0,0,0,0,0,0,0,0,78.8180435180664,39.9957046508789,0,0,0,0,77.9697262446086,13.6174879505799,75.5565032958984,13.2695754559387,28.564552802992,30.7981491088867,21.3713546834061,0,36.9140383402506
0,34.7344512939453,50.0699348449707,49.2937437488187,0,53.7094869111714,0,0,38.9029731750488,0,0,0,0,0,0,0,0,0,52.9085403442383,52.2965405782064,0,0,24.435443649292,0,20.4967803955078,0,0,0,0,0,0,5.42674772481661,6.71802544581335,5.30087708636057,6.03012183457101,4.74753012855848,7.08708066718523,6.744463100145,12.2817184206274,12.3586289644241,11.8275941680459,8.9149964946185,8.02110856176036,0,0,31.4417095184326,45.6155207497733,0,7.14191068875661,8.78771418758619,0,56.614709854126,0,0,29.5344010591507,54.0696327209473,0,50.1191177368164,0,54.3582901000977,0,55.3867258344378,0,62.0043449401855,0,24.4842213221959,0,23.228998819987,0,0,0,0,64.9094657897949,0,5.6413480758667,8.06898179435664,8.53696318515917,6.01340670551633,6.58260078206801,8.33297906722703,9.74427444661559,13.0848211988162,9.68198822922813,42.775939517551,22.4499237366871,0,45.2655715942383
9.81734004887667,49.8296808096079,31.2124554157257,0,37.0089149475098,40.9375,0,0,22.5759468877376,60.4977951049805,0,0,0,0,0,0,65.8839569091797,0,48.8189086914062,0,0,0,11.7972723960876,0,5.44973557928334,0,0,0,0,0,0,8.82869625091553,3.77525401115417,24.6665490468343,12.0858242511749,0,0,27.3797194936634,6.18832496772794,0,10.6764896385355,63.4416948954264,10.2212185041482,0,0,0,27.4613390350342,7.14191068875661,0,5.68617039799637,0,0,0,0,13.7229873361534,0,0,0,6.2829280561871,0,12.626210676829,0,0,41.5759483973185,0,0,0,5.53454743770131,0,8.28344792127609,0,0,0,7.63489432864719,0,6.36106204986572,25.8088329539579,22.5597743988037,0,7.25580343288924,26.109182956172,4.91996807059043,10.6959344024284,29.6323099136353,11.0261423637319,0,0
0,17.7149628611026,0,38.2761312855615,0,52.5025062561035,0,0,0,26.6532638072968,0,0,0,0,0,0,55.4166688919067,44.1465479532878,43.7003724758442,53.8339862823486,0,8.52796802755262,0,4.5902911901474,0,0,0,0,0,0,0,0,11.5142318501192,0,14.5564693212509,20.2311557769775,20.0339279174805,6.21975081904049,36.9664280540065,8.60093834444524,0,17.5829888511348,25.3442451477051,0,0,22.7767818450928,0,8.78771418758619,5.68617039799637,0,0,44.1921405792236,0,0,50.4371528625488,25.1794092416763,0,15.5209973783687,0,6.73190696151168,0,22.0381088623634,21.2524409975324,0,10.6123979032567,0,5.26311675991331,38.3601760864258,3.43389447530111,0,5.43012263267129,0,19.8815667170114,0,0,10.495793960208,0,23.3081474304199,9.63538383910209,15.7527634756906,7.93340612648941,33.3432720585873,11.701677269805,47.0353031158447,14.9218971323721,15.4355798201127,0
0,0,4.71482503414154,0,4.14629826245007,0,0,0,5.47791576385498,0,0,0,0,0,0,0,0,0,0,0,0,0,0,0,0,0,0,0,0,0,0,0,0,0,0,0,4.30912860957059,0,0,0,0,0,0,0,0,0,0,0,0,0,0,0,0,0,0,0,3.75534324630328,0,0,0,0,0,0,0,0,0,0,0,0,0,0,0,0,0,0,0,0,0,0,7.54954880162289,0,0,2.89563432106605,0,3.48827165172946,0,0
0,0,0,6.24203775668966,0,3.67297584301717,0,2.89875345759922,0,0,0,0,0,0,0,0,0,0,0,11.5631108283997,0,0,0,0,0,0,0,0,0,0,0,0,0,0,0,22.1037702560425,0,0,0,43.9247843424479,0,45.035296720617,0,0,0,0,0,56.614709854126,0,44.1921405792236,0,0,0,0,0,0,0,5.85560728203167,0,0,0,0,0,0,0,0,0,0,0,0,0,0,0,0,0,0,0,0,54.4883918762207,0,0,0,7.40224273064557,0,9.48195400280235,0,0
0,0,0,0,0,0,3.02602982521057,0,0,0,0,0,0,0,0,0,0,0,0,0,3.79377222061157,0,0,0,0,0,0,0,0,0,0,0,0,0,0,0,0,0,0,0,0,0,0,0,0,0,0,0,0,0,0,0,0,0,0,0,4.77642357349396,0,0,0,0,0,0,0,0,0,0,0,0,0,0,0,0,0,0,0,0,0,0,0,0,0,3.04199983488839,0,0,0,0
0,0,0,0,0,0,0,3.07275905002247,0,0,0,0,0,0,0,0,0,0,0,0,0,0,0,0,0,0,0,0,0,0,0,0,0,0,0,0,0,0,0,0,0,0,0,0,0,0,0,0,0,0,0,0,0,0,0,0,0,0,0,2.72709608078003,0,0,0,0,0,0,0,0,0,0,0,0,0,0,0,0,0,0,0,0,0,0,3.0720115546827,0,0,0,0
11.3347950827691,0,5.0465821885617,0,0,0,0,0,9.15305852187436,0,0,0,0,0,3.06746223839847,0,0,0,65.4723663330078,0,0,0,0,0,8.03201644173984,0,2.79655480384827,0,0,0,0,0,0,0,37.9498462677002,0,0,47.5413203239441,14.8399093728482,0,0,52.9370384216309,28.540406126725,0,0,0,0,29.5344010591507,13.7229873361534,50.4371528625488,0,0,0,0,0,0,3.99866042047177,0,0,0,10.610482024196,0,0,0,0,0,0,12.0627435699615,0,16.4687727009439,0,0,0,0,0,0,0,0,0,0,0,16.2087839257855,13.7390594884134,10.4727739160711,16.8228957754121,0,0
0,6.8674366677061,0,7.94107166926066,0,0,0,0,0,8.38308650084175,0,0,0,0,0,4.29516097002251,58.5145721435547,10.9710235595703,0,0,0,0,0,3.38354619344076,0,0,0,0,0,0,0,0,0,0,0,0,0,8.28014912103352,0,42.7156524658203,0,31.237358007431,0,0,0,0,0,54.0696327209473,0,25.1794092416763,0,0,0,0,0,0,0,0,0,4.49906419004713,0,4.80043870747801,0,0,18.6706794102987,0,4.51671854100486,0,12.4318385124207,0,0,0,35.3816070556641,0,0,0,20.079598143294,0,0,0,18.2999394360711,0,11.7145657619374,13.7145654666855,17.4329905457549,18.1216278076172,0
0,0,2.97878060669735,0,5.6583546019615,0,0,0,22.4598960876465,0,4.58967938942294,0,4.17617658933004,0,0,0,0,0,0,0,4.00410161857252,0,0,0,0,0,0,0,5.19875188307329,0,5.43163352966309,0,0,0,0,0,3.90580300490061,0,3.54050494700062,0,0,0,0,0,0,0,25.1289129257202,0,0,0,3.75534324630328,0,4.77642357349396,0,3.99866042047177,0,0,0,4.29626061457343,0,3.51336025938075,0,0,4.64004952843329,0,0,0,0,0,0,0,3.39587142732408,0,4.54666399725788,0,0,0,0,0,4.42083774294172,0,0,3.71348492304484,5.16691756248474,3.55461834442256,0,0
0,6.1264818836661,0,15.2233425525197,0,0,0,3.42121376529817,0,20.2866923014323,0,6.83159112841169,0,0,0,0,61.2746131896973,41.4153467066148,33.1443688831632,4.12174513060259,0,0,0,0,0,0,0,0,0,7.18982744216919,0,0,0,0,0,3.0577312724231,0,3.36458502063211,0,52.9609697129991,73.8257522583008,18.2988621140228,0,0,0,35.3214729309082,0,50.1191177368164,0,15.5209973783687,0,5.85560728203167,0,0,0,0,0,0,0,5.11139577627182,0,9.1867976245426,9.80975692196787,0,0,0,0,0,0,0,12.8605741461118,0,9.183895737753,0,0,0,0,0,39.816781777602,0,8.51681580141072,0,18.6656336930333,0,10.5918553742675,14.1149127859818,0
0,0,4.6505020459493,0,0,0,2.99991381686667,0,0,0,3.48790524467345,0,3.12017967114373,0,0,0,0,0,0,0,0,0,0,0,0,0,0,0,0,0,0,0,0,0,0,0,0,0,0,0,0,0,0,0,0,0,0,0,6.2829280561871,0,0,0,0,0,0,0,4.29626061457343,0,0,0,3.53219023346901,0,0,0,0,0,0,0,0,0,0,0,0,0,0,0,0,0,0,0,0,0,2.95778444441647,3.20417223193429,8.75023233890533,0,0
0,9.68918685913086,0,6.01588821940952,0,0,0,3.18607558868005,0,5.31218750660236,0,3.85885407889418,0,3.34345894276955,0,0,59.365592956543,0,48.3463001251221,10.6479860652577,0,0,0,0,0,0,0,0,0,0,0,0,0,0,0,0,0,0,0,47.8886901855469,0,42.7606830596924,0,0,0,29.7802104949951,0,54.3582901000977,0,6.73190696151168,0,0,0,2.72709608078003,0,4.49906419004713,0,5.11139577627182,0,0,0,2.75371336936951,10.1974891882676,0,0,0,0,0,0,0,11.590051651001,0,19.928831247183,0,0,0,0,0,36.4995975494385,69.279052734375,35.7545954386393,0,4.63893626088446,3.09858420020656,9.64146531966918,0,0
11.3474878014111,0,4.78230354189873,0,0,0,0,0,4.51479850629481,0,0,0,2.82735223770142,0,3.01413739245871,0,5.30987477529617,0,0,0,0,0,0,0,6.12926077842712,0,0,0,0,0,0,0,0,0,0,0,0,0,19.4300387122414,0,0,62.856861114502,0,0,0,0,0,0,12.626210676829,0,0,0,0,0,10.610482024196,0,3.51336025938075,0,3.53219023346901,0,0,0,0,0,0,0,0,8.51951321580463,0,17.659766637362,0,0,0,0,0,0,0,0,0,0,0,23.687059879303,4.82936883699603,4.48149460554123,12.5963614781698,0,0
0,11.1028556790617,0,6.13305968551312,0,0,0,0,0,4.8036477285143,0,0,0,3.92433804935879,0,3.45839336756113,60.39892578125,0,53.3086738586426,0,0,0,0,7.92798537793367,0,0,0,4.51931562206962,0,0,0,0,0,0,0,0,0,0,0,44.6390415538441,0,38.4880222993739,46.1115684509277,0,0,26.838459287371,0,55.3867258344378,0,22.0381088623634,0,0,0,0,0,4.80043870747801,0,9.1867976245426,0,2.75371336936951,0,0,28.3812770843506,0,23.4201228401878,0,9.50691547890504,0,17.3325366973877,0,2.95825445652008,0,29.3488606346978,0,0,0,0,0,46.6891007056603,0,36.995085144043,0,14.4081734418869,5.98611725171407,17.8850471141726,0,0
0,32.7785406112671,0,49.7781448364258,0,5.40646848082542,0,4.05552229673966,0,0,0,4.96775419687487,0,0,0,0,61.4467929204305,55.0715258916219,43.4768970277574,4.23699619560006,0,0,0,0,0,0,0,0,0,0,0,0,0,0,0,5.66622288650441,0,10.9293755292892,0,8.33228618977806,0,20.8258358804803,0,0,0,5.72808157554781,0,0,0,21.2524409975324,0,0,0,0,0,0,0,9.80975692196787,0,10.1974891882676,0,28.3812770843506,0,0,0,0,0,0,0,0,16.2005524635315,0,10.8662082380672,0,0,0,0,0,7.63706120508138,74.0641326904297,10.6544802249597,0,12.9917820524424,0,8.8373516017782,12.8246580759684,0
0,0,18.1074389503116,0,26.758066813151,0,4.66940008510243,0,0,0,3.82222209669097,0,0,0,0,0,50.1555110668314,72.7649068832397,43.995830655098,0,4.1961442642853,0,0,0,0,0,0,0,0,0,0,0,0,0,0,0,12.6432221488615,0,3.02842171625658,72.6416015625,7.63663633162441,51.8458565606011,28.0772801100925,0,25.8268712361654,69.0187149047852,13.8013774383439,62.0043449401855,41.5759483973185,0,0,0,0,0,0,0,4.64004952843329,0,0,0,0,0,0,0,0,0,0,0,0,0,0,0,0,8.3478053410848,0,0,0,0,80.1883888244629,11.0961303320145,104.495922088623,5.0245386316702,16.6353739796993,0,15.0344656338376,0,12.8949389457703
0,0,0,0,0,0,0,0,0,19.1165537834167,0,0,0,0,0,0,0,4.72457918855879,0,0,0,4.25445591737756,4.20475435256958,6.02531138875268,0,3.67825087816408,0,3.89442043890033,0,0,0,0,0,0,0,0,0,4.73322845512808,4.53125143051147,0,0,0,0,0,0,0,0,0,0,10.6123979032567,0,0,0,0,0,18.6706794102987,0,0,0,0,0,23.4201228401878,0,0,0,6.16204452514648,9.21202475551992,0,9.00383978686771,0,9.44571111431114,0,0,0,0,0,0,0,0,0,8.5699766220585,0,3.56861670032214,3.27076948083137,9.77035760879517,0,0
0,0,0,0,0,0,0,0,0,0,0,0,0,0,0,0,0,0,0,0,0,3.48514088756568,4.28326374909189,0,4.21701970637239,0,3.0036649107933,0,4.07128092977736,0,0,0,0,0,0,0,0,31.4177322387695,4.34817463210881,0,0,0,0,0,0,0,0,24.4842213221959,0,0,0,0,0,0,0,0,0,0,0,0,0,0,0,0,6.16204452514648,0,0,4.3043616355305,0,0,0,0,0,0,0,0,0,0,0,0,0,6.44827218521807,3.4217257247574,3.27889404296875,0,0,0
0,0,0,0,0,0,0,0,0,4.81327169183372,0,0,0,0,0,0,0,0,0,0,0,7.00510790261878,0,4.18431095532827,0,5.22926735877991,0,0,0,0,0,0,0,0,0,0,0,7.78424237890965,0,0,0,0,0,0,0,0,0,0,0,5.26311675991331,0,0,0,0,0,4.51671854100486,0,0,0,0,0,9.50691547890504,0,0,9.21202475551992,0,0,0,7.58719388183478,0,7.67400350777999,0,0,0,0,0,17.4641150566144,0,0,0,12.580168252839,0,11.2799253761768,0,4.0445515991729,0,0
19.0921608606974,58.0527114868164,0,0,0,0,0,0,10.1742652719671,0,0,0,0,0,8.67019081115723,0,3.72396273170875,0,0,0,0,0,5.12140217057446,0,3.73843550271001,0,6.51375319095368,0,0,0,0,0,0,29.0921936035156,29.344846089681,0,0,35.6913150605701,5.19567837643979,0,0,0,20.355842590332,0,0,0,0,23.228998819987,5.53454743770131,38.3601760864258,0,0,0,0,12.0627435699615,0,0,0,0,0,8.51951321580463,0,0,0,0,4.3043616355305,0,0,0,5.36481434687049,0,0,0,0,0,0,0,0,0,0,0,7.67739802438553,8.00493000991761,13.9334926605225,9.01930523895827,0,0
0,0,0,0,0,0,0,0,0,3.58243468403816,0,0,0,0,0,0,25.1253318786621,5.43906875327229,0,0,0,6.60952746590903,0,5.64226980228734,0,3.29668529258181,0,4.20233878397173,0,0,0,0,0,0,0,0,0,0,0,0,0,0,0,0,0,0,0,0,0,3.43389447530111,0,0,0,0,0,12.4318385124207,0,0,0,0,0,17.3325366973877,0,0,9.00383978686771,0,7.58719388183478,0,0,0,5.12588914235433,0,0,0,0,0,0,0,0,0,0,0,4.47825778578664,0,0,0,0
24.1041688919067,0,0,0,0,0,0,0,16.503393758427,0,0,0,2.73141670227051,0,0,0,4.88014430151536,0,0,0,0,0,4.27968952082848,0,4.6087638757847,0,3.0069939811179,0,2.94922889603509,0,0,0,0,0,0,0,0,0,13.3598203659058,0,0,0,0,0,0,0,0,0,8.28344792127609,0,0,0,0,0,16.4687727009439,0,0,0,0,0,17.659766637362,0,0,0,0,0,0,5.36481434687049,0,0,0,6.18413686752319,0,0,0,0,0,0,0,0,0,0,3.364439377624,0,6.81172037124634,0,0
0,10.3145608901978,0,30.114444732666,0,0,0,0,0,0,0,4.75360136032104,0,4.37787160793496,0,0,0,0,47.020923614502,0,0,3.80457627773285,0,0,0,5.89423211415609,0,3.61774191875995,0,5.05664505924497,0,0,0,0,0,0,0,3.52233316557748,0,0,0,16.6093633439806,0,0,0,0,0,0,0,5.43012263267129,0,0,0,0,0,0,0,12.8605741461118,0,11.590051651001,0,2.95825445652008,16.2005524635315,0,9.44571111431114,0,7.67400350777999,0,5.12588914235433,0,0,0,4.16049491442167,0,0,0,0,0,0,0,4.67634601268237,0,3.4242681244574,3.35489516209417,9.90306093011584,14.6326141357422,0
0,0,0,0,0,0,0,0,0,0,4.0710768450552,0,2.95743441581726,0,0,0,0,0,0,0,0,0,3.25634349584579,0,0,0,5.10692233509488,0,3.45510654692806,0,0,0,0,0,0,0,0,0,3.46006778570322,0,0,0,0,0,0,0,0,0,0,0,0,0,0,0,0,0,3.39587142732408,0,0,0,0,0,0,0,0,0,0,0,0,6.18413686752319,0,0,0,3.30265682730181,0,0,0,0,0,0,0,3.85024894268141,3.00333861444356,3.01222892772932,0,0,0
0,22.44459946532,0,30.5096642554752,0,0,0,0,0,24.5294116973877,0,6.69248706118612,0,0,0,0,60.8433892176702,44.3501447273023,35.9951411597336,12.6205644607544,0,0,0,0,0,0,0,0,0,4.13686439081958,0,0,0,0,0,0,0,3.65050042574662,0,51.8725094939723,80.8276110562411,16.8707122566843,71.4493468148368,0,0,32.2014574898614,78.8180435180664,64.9094657897949,0,19.8815667170114,0,0,0,0,0,35.3816070556641,0,9.183895737753,0,19.928831247183,0,29.3488606346978,10.8662082380672,0,0,0,0,0,0,0,4.16049491442167,0,0,0,0,0,0,0,53.4318129975917,80.2936200228604,5.13542839813232,67.6800231933594,27.804868049281,44.0957221984863,19.344687145879,14.1735458520743,0
0,0,0,0,0,0,0,0,0,0,4.00023158391317,0,0,0,0,0,32.3092009226481,0,43.4636595249176,0,0,0,0,0,0,0,0,0,0,0,3.7037131530898,0,0,0,0,0,0,0,3.91408165544271,65.8211288452148,37.0148397445679,58.274694442749,10.2385954367404,0,0,0,39.9957046508789,0,7.63489432864719,0,0,0,0,0,0,0,4.54666399725788,0,0,0,0,0,0,8.3478053410848,0,0,0,0,0,0,0,3.30265682730181,0,0,0,0,0,0,66.3349685668945,43.8137957255046,0,5.66946614872326,12.2371817185329,0,5.44998573794983,0,0
0,0,0,0,0,0,0,0,0,0,0,0,0,0,0,0,0,0,0,0,0,0,0,0,0,0,0,0,0,0,0,3.56893526042094,4.36776447041344,2.95242463217841,0,3.57174003485477,5.56523932987343,0,0,0,0,0,0,0,0,0,0,5.6413480758667,0,0,0,0,0,0,0,0,0,0,0,0,0,0,0,0,0,0,0,0,0,0,0,0,0,0,0,5.87754547028315,5.52733053847558,0,3.35035281727113,6.89142100016276,0,0,4.21141124339331,0,0,0,0
0,0,0,0,0,0,0,0,0,0,0,0,0,0,0,0,0,0,0,0,0,0,0,0,0,0,0,0,0,0,0,5.85392975490705,7.27232086588167,28.9021244049072,23.170967688686,4.98757825578962,4.57761692820628,0,0,0,0,0,0,0,0,0,0,8.06898179435664,6.36106204986572,10.495793960208,0,0,0,0,0,0,0,0,0,0,0,0,0,0,0,0,0,0,0,0,0,0,0,0,5.87754547028315,0,35.4788783146785,15.4700167282102,0,6.57223512127868,0,35.5683512254195,3.72617139728791,0,0,0,0
0,0,0,0,0,0,0,0,0,34.1515706380208,0,0,0,0,0,0,0,0,0,0,0,10.1012954711914,0,14.0943955937657,0,0,0,0,0,0,0,3.89595521910716,32.2873942057292,4.61891641307481,5.0829519071427,4.19968881540408,0,6.09965500132243,8.56969377344305,0,0,22.6142768859863,0,0,0,0,0,8.53696318515917,25.8088329539579,0,0,0,0,0,0,20.079598143294,0,0,0,0,0,0,0,0,0,0,17.4641150566144,0,0,0,0,0,0,0,5.52733053847558,35.4788783146785,0,7.78821374022442,5.10919958894903,0,6.18309947397436,25.2053102765765,8.75558480194637,17.421058177948,22.0970458984375,0,0
0,0,0,0,0,0,0,0,0,0,0,0,0,0,0,0,0,0,0,0,0,0,0,0,0,0,0,0,0,0,0,0,20.4353502408454,4.93984844329984,4.93618405916454,0,5.30472253757519,5.63834915901053,7.22956425143826,0,0,0,0,0,0,0,0,6.01340670551633,22.5597743988037,23.3081474304199,0,0,0,0,0,0,0,0,0,0,0,0,0,0,0,0,0,0,0,0,0,0,0,0,0,15.4700167282102,7.78821374022442,0,0,6.94179071783471,10.2362145727331,7.93803048246312,3.44458891597984,0,28.2704906463623,0,0
0,30.7341783186969,68.1029434204102,39.6404168192546,0,30.8386623859406,0,0,0,0,0,4.27990495847619,0,0,0,0,60.664095422829,53.0464745644118,44.5214699785967,6.90323925018311,0,0,0,0,0,0,0,0,0,0,0,3.45212732007106,12.1714324951172,3.93238005565323,0,4.3943377593043,4.1797304319602,6.18330888183131,4.09447417408228,14.5660690277056,89.9767834056507,22.8897031471907,70.0159665888006,0,86.2454986572266,9.36388845132437,77.9697262446086,6.58260078206801,0,9.63538383910209,0,54.4883918762207,0,0,0,0,0,39.816781777602,0,36.4995975494385,0,46.6891007056603,7.63706120508138,80.1883888244629,0,0,0,0,0,0,0,0,53.4318129975917,66.3349685668945,3.35035281727113,0,5.10919958894903,0,0,13.6347506903916,7.62132631046966,21.2271596908569,11.4111892245441,4.14092152299937,30.1006614709773,20.9704273700714,58.139705657959
0,0,43.3487202326457,0,7.00072218736013,0,0,0,37.7757892608643,0,3.71373346873692,0,0,0,0,0,52.3159012688531,69.1576790529139,39.7542841205743,0,6.50111445784569,0,0,0,0,0,0,0,0,0,0,3.85606861114502,9.86093247251427,40.819974899292,7.88606172686084,3.36476860475004,5.11954778032384,4.00590596199036,7.38302740629294,72.5128418417538,20.178455973906,51.9810079676764,24.516897071897,0,30.1095006561279,78.5045967102051,13.6174879505799,8.33297906722703,7.25580343288924,15.7527634756906,7.54954880162289,0,0,0,0,0,4.42083774294172,0,0,69.279052734375,0,0,74.0641326904297,11.0961303320145,0,0,0,0,0,0,0,0,80.2936200228604,43.8137957255046,6.89142100016276,6.57223512127868,0,6.94179071783471,13.6347506903916,0,87.8308773040771,8.31082017381788,6.84334735476029,3.83824770070177,21.1181677801676,105.671813964844,23.7071907806396
