0,0,0.0143904986274332,0,0,0,0,0,0.0139091401930112,0,0,0,0,0,0,0,0,0,0.000333720143749905,0,0,0,0,0,0,0,0,0,0,0,0,0,0,0,0,0,0,0,0,0,0.000100596867436475,0,0.001660397980996,0,0,0,0.000616721934269108,0,0.00167134232105105,0,0,0,0,0,0.0674216549940665,0,0.000106566786277601,0,0,0,0,0,0,0.000107739886226715,0,0,0,0.000356279513929494,0,0,0,0,0,0.000321722407637239,0,0,0,0,0,0.00012546607806137,0,1.75234595195785e-05,8.27671456394245e-05,7.13019794859658e-07,0.00315068700135886,0,0.000225902633788543
0,0,0,0.0243061878937249,0,0,0,0,0,0.0416860501565089,0,0,0,0,0,0.000168822623659401,0,1.65913437110536e-05,0.0013734036469733,0,0,0,0,0,0,0,0,0,0,0,0,0,0,0,0,8.23506364680933e-06,0,9.28965152397434e-06,0,0.000185690862072757,0,0.000704257498503087,0,0,0,9.32164941688889e-05,0,1.87636368473038e-05,0,0.0083756056753846,0,0,0,0,0,0.0111687834526397,0,1.23264786017934e-05,0,0,0,0.00419201830768651,4.74156037217777e-05,0,0,0,0.00274608405994461,0,0,0,0,0,0.000151644339206913,0,0,0,0,0,0.000119844148936926,2.97645923068041e-06,6.65823234062666e-05,0,0.00012253053176437,0,0.00184786554848987,0,0
0.0143904986274332,0,0,0,0.00264765381846526,2.53156033807812e-05,0,0,0.00176709774635167,0,0,0,0,0,0,0,0,0,0.00032543465615044,0,0,0,0,0,0,0,0,0,0,0,0,0,0,0,0,0,2.84893654546311e-05,3.36806695072262e-06,1.14087054414903e-05,0,0.00429907204849889,2.66289771854827e-05,0.00411481804407981,0,0,1.73832216494466e-05,0.000206024818174458,0.000122028653740783,0.00355117803477324,3.69777020555523e-05,0.0154916878966229,0,0,0,0,0,0.00464971201673475,0,0.000993606373174212,0,0.00473604397489959,0,0,0.000303069273951248,0,0,4.95364283974432e-05,0,0,0,0,0,0,0.0103973469012836,0,0,0,0,0,7.95903143603784e-05,3.02869932268491e-06,0.000137196524316504,0.000112684625941734,2.33223356449203e-06,0.00422998462963508,0,0.000849708537142987
0,0.0243061878937249,0,0,0,0.000902756196083907,0,0,0,0.0214598976008369,0,0,0,0,0,0,0,6.3725101253495e-06,0.000185230531338666,0,0,0,0,0,0,0,0,0,0,0,0,0,0,0,0,2.96604022490124e-05,0,2.54761887013518e-05,0,0.00202591375746801,0,0.00241154054227519,6.38450673185823e-05,0,0,0.000267478825059805,0.000404442437162155,0.000218407130859747,0,0.00152139264055,0,0,0,0,0,0.00644957399251656,1.47954766486482e-05,0.0118061622356145,0,0.0023012962839691,0,0.00631693415308151,0.000572966432560628,0,0,0,0,0,0,0,0,0,0.00649417747716694,0,0,0,0,0,3.13516756374127e-05,0,0.000124086324200517,6.83085209741247e-06,0.000405353249292227,1.46710560519979e-05,0.00327611585711656,3.32675291578107e-05,0
0,0,0.00264765381846526,0,0,0,0,0,0.0157395382060832,0,0.000210768848781001,0,0,0,0.00605829931797111,0,0,0,0,0,0.00461968354860261,0,0,0,0,0,0,0,0,0,0,0,0,0,0,1.78707590467859e-06,4.2626604885652e-06,0,0,0,0.000402771859949503,0,0.000942375742109058,0,0,0,0,0,0.000245646896463966,0,0.0391441373583254,0,0,0,0.00451995329959209,0,0,0,0,0,0,0,0,9.59268729981403e-05,0,0,0,0,0,0,0,0,0,0.000187012820202511,0,0,0,0,0,2.9637229871887e-05,0,0,6.13931704160501e-05,0,0.00187287114480917,0,0
0,0,2.53156033807812e-05,0.000902756196083907,0,0,0,0,0,0.00509480246690364,0,0,0,0,0,0.00602941856137612,0,0,0,0.0027541949705993,0,0,0,0,0,0,0,0,0,0,0,0,0,0,0,0.000174920121389006,1.17503266752225e-05,0,0,0.000807928100553235,0,0.000241381067329215,4.78115312931138e-05,0,0,0.000243927864383947,0,7.63330600260029e-05,0,0.000581776358111815,0,0.0946183075268187,0,0.0104089277715221,0,0.00535644325822508,0,0.000302632874152616,0,5.68336200534804e-05,0,0,0.000509631215587314,0,0,0,0,0,0,0,0,0,2.46241833121939e-05,0,0,0,0,0,0.000148117621704834,0,0,0,0.000574723219295144,3.54969892984179e-05,0.00131855166259281,0,0
0,0,0,0,0,0,0,0,0,0,0.00506523997662282,0,0,0,0,0,0,0,0,0,0,0,0,0,0,0,0,0,0,0,0,0,0,0,0,0,2.72287048288678e-05,0,0,0,0,0,0,0,0,0,0,0,0,0,0.000809750982193035,0,0.0487633234450333,0,0,0,0.00678858496868529,0,0.00188656273788076,0,0,0,0,0.000242589079145393,0,0,0,0,0,0,0,0,0,0,0,0,0,0,0,0.000269613010915258,0,0,1.48152496129548e-05,0,0,0,0
0,0,0,0,0,0,0,0,0,0,0,0.0164851007748098,0,0.00024047854822129,0,0,0,0,0,0,0,0,0,0,0,0,0,0,0,0,0,0,0,0,0,0,0,0,0,0,0,0,0,0,0,0,0,0,0,0,0,0.00108375737240479,0,0.0510145888849775,0,0,0,0,0,0,0,0,0,0,0,0,0,0,0,0,0,0,0,0,0,0,0,0,0,0,0,0,5.41099670107949e-05,0,0,0,0
0.0139091401930112,0,0.00176709774635167,0,0.0157395382060832,0,0,0,0,0,0,0,0,0,0.0253809326095894,0,0,0,0,0,0,0,0,0,0,0,0,0,0,0,0,0,0,0,0,0,0,0,0.000199189547650435,0,0,1.25476779138708e-05,0.000930902631723855,0,0,0,0,0,0,0,0.00269375670192071,0,0,0,0.0818761243120392,0,0,0,0,0,0.0170232643408568,0,0,0,0,0,0,0.00213098123135159,0,0.000415742790210061,0,0,0,0,0,0,0,0,0,0,0,0.000432759188798406,0.00150157922911668,0.00041910665106639,0.000276859325139635,0,0
0,0.0416860501565089,0,0.0214598976008369,0,0.00509480246690364,0,0,0,0,0,0,0,0,0,0.0154329909177251,0,2.49978648413226e-05,4.71260510947714e-05,0,0,0,0,0.00687899529104059,0,0.000728794954753787,0,0,0,0,0,0,0,0,0,0,2.70680453960339e-06,0.00247467075711418,2.80761152770987e-06,6.21794710906048e-05,0,0.00849608669406149,9.53185875663868e-06,0,0,8.86387096862284e-05,0,0.000237815290944063,0.00010292825225618,0.00411066057395429,0,0,0,0,0,0.110427699936947,0,1.91025017790922e-05,0,0,0,0.00796772573032258,0,0,0,5.154449228399e-06,0.000967075146449892,0,0,0,0,0,0.000148951046886345,0,0,0,0,0,3.9998373226192e-06,0,9.96207051697346e-05,1.01190719358205e-05,0.00145536394159317,0.000120161791204251,0.0116833389809981,0,0
0,0,0,0,0.000210768848781001,0,0.00506523997662282,0,0,0,0,0,0.00157400546856517,0,0,0,0,0,2.16686790508586e-05,0,0.0376270717969909,0,0,0,0,0,0,0,0,0,0.00860180648227275,0,0,0,0,0,0.00154844187642151,0,0.00975114187717831,0,0,0,0,0,0,0,0,0,0,0,0,0,0.00344897600316577,0,0,0,0.0750920747387886,0,0.00897617664179098,0,0,0,0,0.00701740938635735,0,0,0,0,0,0,0,0,0,0.00249407769473926,0,0,0,0,0,0.00115378508201976,0,0.000468363025468287,0.000211823222599467,0,5.1623851415807e-06,0,0
0,0,0,0,0,0,0,0.0164851007748098,0,0,0,0,0,0.00319221450093798,0,0,0,0,1.99149121771673e-05,0.0146638534526012,0,0,0,0,0,0,0,0.00045587720791787,0,0.00693245646901618,0,0,0,0,0,0.00468687632230343,0,0.00947510249327942,0,9.08697756176872e-05,0,3.52064162235065e-05,0,0,0,0.000996816398209884,0,0,0,0,0,0,0,0.0179049117551516,0,0,0,0.109775863592215,0,0.000540007444086562,0,0,0.0123404753580516,0,0,0,0,0,0,0,0,0,0.00910779114833632,0,0,0,0,0,0.00444014737767873,0,0.00324808833849738,0,0.00304011064840512,0,0.000237530659397013,0,0
0,0,0,0,0,0,0,0,0,0,0.00157400546856517,0,0,0,0.00277691749320814,0,0,0,0,0,0,0,0,0,0,0,0,0,0,0,0,0,0,0,0,0,0,0,0,0,0,0,0,0,0,0,0,0,0,0,0,0,0,0,0,0,2.07005028163485e-05,0,0.00815902042308098,0,0.00154175669194463,0,0,0,0,0,0,0,0,0,0,0,0,0,0,0,0,0,0,0,0,0,2.73998740378604e-05,0.000261768563822665,0,0,0
0,0,0,0,0,0,0,0.00024047854822129,0,0,0,0.00319221450093798,0,0,0,0.0117856356985299,0,0,0,0,0,0,0,0,0,0,0,0,0,0.00109081087268332,0,0,0,0,0,0,0,0,0,0,0,0,0,0,0,0,0,0,0,0,0,0,0,0.00621843416988206,0,0,0,0.000544770867836773,0,0.0553285085619206,0,0.00326380033987757,0,0,0,0,0,0,0,0,0,0,0.00075215718071464,0,0,0,0,0,0,0,0,0,0,0,0,0,0
0,0,0,0,0.00605829931797111,0,0,0,0.0253809326095894,0,0,0,0.00277691749320814,0,0,0,3.01121452670677e-05,0,0,0,0,0,0,0,0,0,0.000520334290560198,0,0.00240662931642901,0,0,0,0,0,0,0,0,0,0,0,0,0,0,0,0,0,0,0,0,0,0,0,0,0,0.0106550972029281,0,0,0,0.00039885679134484,0,0.0120237083864084,0,0,0,0,0,0,0,0,0,0,0,0,0,0,0,0,0,0,0,0,0,0.000513621848829873,0.000112239185198207,0,0,0
0,0.000168822623659401,0,0,0,0.00602941856137612,0,0,0,0.0154329909177251,0,0,0,0.0117856356985299,0,0,0,0.000565984233893383,0,0,0,0,0,0.00114483950815577,0,0.00239235476553235,0,0,0,0,0,0,0,0,0,0,0,0,0,0,0,0,0,0,0,0,0,0,0,0,0,0.00524728981450572,0,0,0,0.0105820269612725,0,0,0,0.0156799451206503,0,0.0207011649568638,0,0,0,0,0.00339425611219945,0,0,0,0,0,0,0,0,0,0,0,0,0,0,0,1.97298348299615e-05,0,1.10952007375878e-05,0,0
0,0,0,0,0,0,0,0,0,0,0,0,0,0,3.01121452670677e-05,0,0,0.114147627008721,0.0526231096539125,0,0,9.8898793573277e-05,0.00162102656007805,0,8.46801097505688e-05,0.000131801055938457,0.00408445668665618,0,0.000237257251669221,0,0,0,0,0,0,4.60912467927645e-05,8.45016187761264e-06,2.34837964466376e-05,3.67402109521191e-05,0.00103736172288041,0.000371310572042821,0.000474449119993281,0.000704148247749209,0,0,5.68279607092311e-05,0.000470021443310308,2.18558100238968e-06,4.7150447839673e-06,0,0,0,0,0,0,0,8.97923366814548e-05,7.26525011790534e-06,0,0,0,0,0.000485412107210256,0.000586253718724585,3.51860936040685e-05,0,0,0,0.000192696658678432,0,0,0,9.20559986389496e-05,0.000243853125358513,0,0,0,0,0.00062433651591476,0.000677807646967607,0.000117382313316965,0.000337787731999482,0.0148138478957291,8.68910832769145e-07,0.000724577690397102,8.77433247566777e-05,0.000291773862131417
0,1.65913437110536e-05,0,6.3725101253495e-06,0,0,0,0,0,2.49978648413226e-05,0,0,0,0,0,0.000565984233893383,0.114147627008721,0,0.0476124463682845,0,0,0.00297622157576053,1.45835603759155e-05,0.000992924054686365,0,0.0192187836443433,2.19108914203438e-05,0.000138448397369059,0,0,0,0,0,0,0,6.66751121372655e-05,8.745408166705e-06,1.45713433359032e-05,1.42016281118628e-05,0.00129817936749074,0.000169793370127526,0.000940399488103066,0.000412691002963368,0,0,4.89549618456729e-05,0.000469805841224905,2.13335395069728e-06,0,7.47243794978601e-06,0,0,0,0,0,0,2.59818991637802e-05,4.83969423517002e-05,0,0,0,0.00130038070110919,0.00044188133237883,0.000355148713887622,0.000332920977242078,0,0.000175425223027758,0,0.0182955107342938,0,0.00198200278464619,0,5.50058220091182e-05,7.18426377069674e-05,0,0,0,0,0.00108744146895355,0.000413593549602835,0.000290869847833323,0.000139723417412201,0.0160391278564751,9.22486287581903e-06,0.000466034004493649,0.000196113767845629,0.000129403920257475
0.000333720143749905,0.0013734036469733,0.00032543465615044,0.000185230531338666,0,0,0,0,0,4.71260510947714e-05,2.16686790508586e-05,1.99149121771673e-05,0,0,0,0,0.0526231096539125,0.0476124463682845,0,0.000173220146148426,4.96222911879919e-05,2.0516330348237e-05,1.80531467439662e-05,0,0,0,0,0,0,0,0,0,0,0,0,0.00101062494290423,0.000169450778123374,0.000337719218142729,0.00063933958599749,0.0180470848437445,0.00663179345584007,0.0114878475243128,0.00908159834889059,0.000796012775759706,0,0.000815922547539844,0.00901691180763995,5.34738275275992e-05,9.83023612334099e-05,0.000202331045844162,0,0,0,0,0,2.29574247786789e-05,0.00103426107885499,0.00112104138057607,0,0,3.6562998837386e-05,6.82787379104395e-05,0.00564715334279502,0.0101504022810213,0,0,0,0,0.000340582927249814,0,0,0,0.00498812826337715,0.00432164947086819,0,0,5.87663839946115e-06,0,0.0116012156493565,0.0113438201519513,0.00583413214932723,0.00407535577336364,0.0102858364107468,9.37860322933048e-06,0.0144855168111116,0.00338714081346365,0.00450049631896867
0,0,0,0,0,0.0027541949705993,0,0,0,0,0,0.0146638534526012,0,0,0,0,0,0,0.000173220146148426,0,0,0,0,0,0,0,0,0,0,0,0,0,0,0,0,0.0249679815335454,0,0.00331184104007386,0,9.13564410166198e-05,0,9.61360130962265e-05,0,3.79954662013625e-05,0,0.00199283480583897,0,0,0,0,0,0.00374697071484429,0,0,0,0,0,0.000221847626848999,0,0,0,4.88784085899655e-05,0.133308467095766,0,0,0,0,0,0,0,0,0,0,0,0,0,0,0,0.0093231422009902,0,0.00095333974463278,0,0.000613266610143978,0,0.00146123155050755,0,0
0,0,0,0,0.00461968354860261,0,0,0,0,0,0.0376270717969909,0,0,0,0,0,0,0,4.96222911879919e-05,0,0,0,0,0,0,0,0,0,0,0,0,0,0,0,0,0,0.0153942250084613,0,0.00304799962453722,3.98189668588279e-05,4.96686230780222e-05,0,0.000127757414906802,0,0,0,3.08962379731696e-05,0,4.70390147893555e-05,0,7.57743057598812e-05,0,0,0,0,0,0.00295890862427961,0,3.0976875026633e-05,0,0,0,0,0.0645669596322618,0,0,0,0,0,0,0,0,0,0,0,0,0,0,0,0.00785272050783003,0,0.000885857285921587,0.000776354844518092,4.28471632758773e-05,0.00304012793433022,2.3025081648264e-05,0
0,0,0,0,0,0,0,0,0,0,0,0,0,0,0,0,9.8898793573277e-05,0.00297622157576053,2.0516330348237e-05,0,0,0,0.00166782971961236,0.00587267942865029,0,0.000532337299505874,0,0.000343407835843611,0,0,0,0,0,0,0,0,0,0.0100115079269378,0.000709927648599172,0,0,2.54849316750987e-05,0,0,0,0,0,0.000160379188129722,9.95274123174496e-06,0.0028197371195105,0,0,0,0,0,0,0,0,0,0,0,0,0,0,0.0904817461474251,0,0.0098956990557902,9.0610906086685e-06,8.35518824702846e-05,0,0.000110080974371555,0,0,0,0,0,0,0,0,0,0.0111477550637711,1.82433392504446e-06,0.00215360123780381,0.000129067529353958,0.000217633745343434,0,0
0,0,0,0,0,0,0,0,0,0,0,0,0,0,0,0,0.00162102656007805,1.45835603759155e-05,1.80531467439662e-05,0,0,0.00166782971961236,0,0,0.00126369349063992,0,0.000699175339876876,0,0.000484718686496436,0,0,0,0,0,0,0,0,0,0.00630644722462793,0,0,6.04332201168883e-06,3.56419366779009e-06,0,0,0,0,0.000168646833734392,0.00130228558221528,0,0,0,0,0,0,0,0,0,0,0,0,0,0,0,0,0.0749225547638304,3.56387441814032e-06,0.00292380294654959,0,3.80636753568787e-05,0,0.00139796596630753,0,0,0,0,0,0,0,6.12611948210733e-06,0,0.00465209925831637,0.0010096574497006,0.000100453380958571,2.32843614149104e-05,0,0
0,0,0,0,0,0,0,0,0,0.00687899529104059,0,0,0,0,0,0.00114483950815577,0,0.000992924054686365,0,0,0,0.00587267942865029,0,0,0,0.0106207631642529,0,0,0,0,0,0,0,0,0,0,0,0.00376576002669939,4.96427523632656e-06,0,0,0.000297058717289664,1.03824637490259e-05,0,0,0,0,0.00036223977896971,1.68726934396705e-05,0.00262636736097989,0,0,0,0,0,0.00290633027307357,0,0,0,0,0,8.94676941118298e-05,0,0,0.00096970330955546,0,0.173625055204253,0,0,0,0,0,0,0,0,0,0,0,0,0,0.00518412993118861,0,0.000561743379850861,0,0.00252807524435285,0,0
0,0,0,0,0,0,0,0,0,0,0,0,0,0,0,0,8.46801097505688e-05,0,0,0,0,0,0.00126369349063992,0,0,0,0.00628596388942483,0,0,0,0,0,0,0,0,0,0,1.1898458817801e-05,0.00649648024311682,0,0,2.37779158600575e-05,0,0,0,0,0,0.00039132128701826,0.00295498321155796,0,0,0,0,0,0.00166095420391439,0,0,0,0,0,0,0,0,0,0,0.000896583859660296,0,0.0446679348218543,0,0.00658379953874278,0,0,0,0,0,0,0,0,0,0,0,0.000354862498033626,0.000293217715904699,3.91797298643362e-06,0.000103198210641151,0,0
0,0,0,0,0,0,0,0,0,0.000728794954753787,0,0,0,0,0,0.00239235476553235,0.000131801055938457,0.0192187836443433,0,0,0,0.000532337299505874,0,0.0106207631642529,0,0,0,0.00124184941957423,0,0,0,0,0,0,0,0,0,0,0,0,0,0,0,0,0,0,0,0,0,0,0,0,0,0,0,0.00113100777453524,0,0,0,0,0,0.000829541918621387,0,0,0.000790069200504965,0,0.0411002664146918,0,0.0574153197345581,0,0.000117295174277388,0,0,0,0,0,0,0,0,0,0,0,0.000486698084785064,0,1.6929488733313e-05,0,0
0,0,0,0,0,0,0,0,0,0,0,0,0,0,0.000520334290560198,0,0.00408445668665618,2.19108914203438e-05,0,0,0,0,0.000699175339876876,0,0.00628596388942483,0,0,0,0.00499134902070207,0,0,0,0,0,0,0,0,0,0,0,0,0,0,0,0,0,0,0,0,0,0,0,0,0,0,0,0,0,0,0,0,0,0,0,0,0.00154171380477279,0,0.00724158826752523,0,0.0139399471522944,0,6.19905185885727e-05,0,0,0,0,0,0,0,0,0,0,3.17456837792306e-06,0,0,0,0
0,0,0,0,0,0,0,0,0,0,0,0.00045587720791787,0,0,0,0,0,0.000138448397369059,0,0,0,0.000343407835843611,0,0,0,0.00124184941957423,0,0,0,0.0037601127485437,0,0,0,0,0,0,0,0,0,0,0,0,0,0,0,0,0,0,0,0,0,0,0,0,0,0,0,0.000161715081235007,0,0,0,0,0,0,0.000647470844448352,0,0,0,0.00651520348574146,0,0.0304009534229194,0,0.00750843146562881,0,0,0,0,0,0,0,0.000105722436915094,0,9.21840898571465e-05,0,0,0,0
0,0,0,0,0,0,0,0,0,0,0,0,0,0,0.00240662931642901,0,0.000237257251669221,0,0,0,0,0,0.000484718686496436,0,0,0,0.00499134902070207,0,0,0,0.00256622540179852,0,0,0,0,0,0,0,0.000222292826015639,0,0,0,0,0,0,0,0,0,0,0,0,0,0,0,0,0,0,0,0,0,5.58487627131399e-05,0,0,0,0,0.000621618883050693,0,0,0,0.00338661150813205,0,0.00479875937893344,0,0.00162555553295214,0,0,0,0,0,0,0,1.21772272905218e-05,3.48892083195051e-05,0,0,0,0
0,0,0,0,0,0,0,0,0,0,0,0.00693245646901618,0,0.00109081087268332,0,0,0,0,0,0,0,0,0,0,0,0,0,0.0037601127485437,0,0,0,0,0,0,0,1.40348226288715e-06,0,0.00344849565435655,0,0,0,0,0,0,0,0,0,0,0,0,0,0,0,0,0,0,0,0.002781843419369,0,0,0,0,0,0,0,0,0,0,0,0,0.00142684280139164,0,0.04879403218715,0,0,0,0,0,0,0,0.000561953806050957,0,3.49629019091795e-05,0,0,0,0
0,0,0,0,0,0,0,0,0,0,0.00860180648227275,0,0,0,0,0,0,0,0,0,0,0,0,0,0,0,0,0,0.00256622540179852,0,0,0,0,0,0,0,0,0,0.00674962732909003,0,0,0,0,0,0,0,0,0,0,0,0,0,0,0,0,0,0.00550231305310767,0,0,0,0,0,0,0,0,0,0,0,0,0,0,0,0,0.0216303935402494,0,0,0,0,0,0,0,0.000612389291705535,5.64574378236307e-06,0,0,0,0
0,0,0,0,0,0,0,0,0,0,0,0,0,0,0,0,0,0,0,0,0,0,0,0,0,0,0,0,0,0,0,0,0.131532521714783,0.00519712647379123,0.00564243858269567,0.00635896991902778,0.00131394800860491,0,0,0,0.0017573071726474,0,0,0,0,0,0,0.193074741104909,0.00328298219871365,0.000971121229463691,0,0,0,0,0,0,0,0,0,0,0,0,0,0,0,0,0,0,0,0,0,0,0,0,0.0717693140378454,0.0773972517275459,0.000900074184903723,0.00128913715030666,0.00844437486034441,0.00227999648850893,0,0,0.00187370796230334,0,0,0,0
0,0,0,0,0,0,0,0,0,0,0,0,0,0,0,0,0,0,0,0,0,0,0,0,0,0,0,0,0,0,0,0.131532521714783,0,0.00255570549153734,0.00321532257245928,0.000450123445679995,0.00288629716889242,0,0,0,0,0,0,0,0,0,0,0.0265707013048359,0.000100073598278398,0,0,0,0,0,0,0,0,0,0,0,0,0,0,0,0,0,0,0,0,0,0,0,0,0,0.0291114648231492,0.164459194115348,0,0.000529212554053592,9.58699755998331e-05,0.00467084320103983,0,0,5.08498191353185e-05,0,0,0,0
0,0,0,0,0,0,0,0,0,0,0,0,0,0,0,0,0,0,0,0,0,0,0,0,0,0,0,0,0,0,0,0.00519712647379123,0.00255570549153734,0,0.151827261078222,0.00577385377786557,0.000597097647874821,0.000834484019731399,7.5866428834266e-05,0,0,0,0,0,0,0,0,0.121605326278604,0.000129948592870399,0.00024929218874532,0,0,0,0,0,0,0,0,0,0,0,0,0,0,0,0,0,0,0,0,0,0,0,0,0.0030006630789726,0.00255663789241967,0.157835356791623,0.0689898574739679,0.00247253362342331,0,0.000678451366130665,0,0.00118813310385976,0,1.67648591193658e-05,0,0
0,0,0,0,0,0,0,0,0,0,0,0,0,0,0,0,0,0,0,0,0,0,0,0,0,0,0,0,0,0,0,0.00564243858269567,0.00321532257245928,0.151827261078222,0,0,0.00899756249176523,0.000350183311344092,0.00431091806320924,0,0,0,0,0,0,0,0,0.066094596528489,0,0,0,0,0,0,0,0,0,0,0,0,0,0,0,0,0,0,0,0,0,0,0,0,0,0,0,0.00508410839879226,0.033338341621196,0.0766777473952315,0,0.0015969252423716,0.00257061868374582,0.0042074444660784,0.000295208844424577,0,0,0,0
0,8.23506364680933e-06,0,2.96604022490124e-05,1.78707590467859e-06,0.000174920121389006,0,0,0,0,0,0.00468687632230343,0,0,0,0,4.60912467927645e-05,6.66751121372655e-05,0.00101062494290423,0.0249679815335454,0,0,0,0,0,0,0,0,0,1.40348226288715e-06,0,0.00635896991902778,0.000450123445679995,0.00577385377786557,0,0,0.00866927821418399,0.0147268290115541,7.4102877768531e-05,0.000183607455322407,1.18566349443106e-06,0.000581997144926635,1.34666714222614e-05,2.95366112847132e-05,0,0.000779579152801652,1.21648023227828e-05,0.00106104350334098,0,0.000224018480862846,0,0.000242925711865355,0,0,0,0,1.55672936049672e-06,0.000150674090371483,0,0.000133958723469816,0,6.85756657205563e-05,0.0124847920295055,1.25774693835048e-06,0,0,0,0,0,0,0,0,2.21770535719995e-05,3.89177799256114e-06,0.00684364323396433,0.00133800329167361,0.0052468529369486,0,0.115435854366178,0.00444625385710479,0.00224907595935371,1.80345862190637e-06,0.00910705884845165,0.00224110839327338,0.00119797551841002,0.000325323902509821,5.63031446426588e-06
0,0,2.84893654546311e-05,0,4.2626604885652e-06,1.17503266752225e-05,2.72287048288678e-05,0,0,2.70680453960339e-06,0.00154844187642151,0,0,0,0,0,8.45016187761264e-06,8.745408166705e-06,0.000169450778123374,0,0.0153942250084613,0,0,0,0,0,0,0,0,0,0,0.00131394800860491,0.00288629716889242,0.000597097647874821,0.00899756249176523,0.00866927821418399,0,0,0.0165003619650579,0,0.000247912657926444,0,9.1937702988639e-05,0,0,0,0.000529274336619855,0.00263354317132066,0.000111160686487654,0,6.07768380454495e-06,0,0,0,0,0,0.00100895365038677,4.44326727500001e-06,0,0,0,0,0,0.0075054837491365,0,0,0,0,0,0,0,0,0,4.26459677831348e-06,0.000784223370553596,0.000398666881459293,0.000461545947357848,0.00316758441764916,0.000885539198918175,0.0888789082542129,0,0.00300316991182104,0.00858609421777569,0.00864240982182355,0.00123654430368637,0,5.4760776282533e-05
0,9.28965152397434e-06,3.36806695072262e-06,2.54761887013518e-05,0,0,0,0,0,0.00247467075711418,0,0.00947510249327942,0,0,0,0,2.34837964466376e-05,1.45713433359032e-05,0.000337719218142729,0.00331184104007386,0,0.0100115079269378,0,0.00376576002669939,1.1898458817801e-05,0,0,0,0,0.00344849565435655,0,0,0,0.000834484019731399,0.000350183311344092,0.0147268290115541,0,0,0.00689001652271924,5.24382732786224e-05,3.37760010670588e-06,0.000342582384509224,3.96485524337481e-05,1.56671984031704e-05,0,0.0005125598690617,0,0.0175909529909855,4.07976550139643e-05,0.00559981292191212,0,0,0,0,0,0.000343650862723622,0,0.000597083828578981,0,2.22231644200947e-06,0,0,0.00282553417915414,1.53747702280919e-06,0.00141713282342285,0,0.00284886369647218,1.06340028428458e-05,0,0,0,0,0.00107139702226079,0,0,0,0.00157790405105985,0,0.0135573577406125,8.80269165678778e-07,0.102196355959158,0.000731210950331683,0.00576806489320146,0.000397147302825238,0.00117785094626382,0.000138813886251588,0
0,0,1.14087054414903e-05,0,0,0,0,0,0.000199189547650435,2.80761152770987e-06,0.00975114187717831,0,0,0,0,0,3.67402109521191e-05,1.42016281118628e-05,0.00063933958599749,0,0.00304799962453722,0.000709927648599172,0.00630644722462793,4.96427523632656e-06,0.00649648024311682,0,0,0,0.000222292826015639,0,0.00674962732909003,0,0,7.5866428834266e-05,0.00431091806320924,7.4102877768531e-05,0.0165003619650579,0.00689001652271924,0,0,0.000126619048872935,5.672691203223e-05,0.000192010670127652,0,0,0,0.000604026784494326,0.0128995825626979,0.00126721406520653,4.52210074408576e-05,0,0,0,0,0.00172515423238109,0,0.00252749847939356,0,0,0,0,0,1.9615376311602e-05,0.00299250385353918,0,0.00543416169626574,5.26661885154728e-05,0.00145602388879852,0,0,0,0,0,0.000992305031258086,0,0,0,0.00337311386574218,9.3890866624129e-06,0.0101995459645351,0.00171415849859448,0.0691443031725781,0.00468014905134876,7.3958504725835e-05,0.000849508026678308,0,0.000247795211605348
0,0.000185690862072757,0,0.00202591375746801,0,0.000807928100553235,0,0,0,6.21794710906048e-05,0,9.08697756176872e-05,0,0,0,0,0.00103736172288041,0.00129817936749074,0.0180470848437445,9.13564410166198e-05,3.98189668588279e-05,0,0,0,0,0,0,0,0,0,0,0,0,0,0,0.000183607455322407,0,5.24382732786224e-05,0,0,0.000188660961500613,0.0698928213754168,0.000536801989815325,0.000176585994602639,0,0.0103344834028406,0.000369997697388497,0.001549096187226,1.9779337917746e-05,0.026995803083706,0,1.99684079350915e-05,0,0,0,0.000865962470984518,0.000118278774655471,0.00281948272894256,0,0.000128301680284145,0,0.00122130372470995,0.0199057222177576,0.000507957516912073,0,0,0,0,0,0,0,0,0.00428107216905426,0.000530892456100667,0,0,8.47687660595437e-05,0,0.00541410873974722,0.000279193508171354,0.000915150946263343,9.37496485455163e-05,0.0012364068393408,1.98524525413299e-05,0.0206545435446478,0.00469287736339796,7.61012811628991e-05
0.000100596867436475,0,0.00429907204849889,0,0.000402771859949503,0,0,0,0,0,0,0,0,0,0,0,0.000371310572042821,0.000169793370127526,0.00663179345584007,0,4.96686230780222e-05,0,0,0,0,0,0,0,0,0,0,0.0017573071726474,0,0,0,1.18566349443106e-06,0.000247912657926444,3.37760010670588e-06,0.000126619048872935,0.000188660961500613,0,0.000541404518264798,0.0186269726880567,0,0,0.000101275125465351,0.00435216350022306,0.0111269506552581,0.00899946857138479,0,0.000270248427353245,0,0,0,0,0,0.000980580152925894,1.03002606994126e-05,0,0,0,0,2.27266267796241e-05,0.0121004454323061,0,0,0,0,0,0,0,0,0,0.00261084738971693,0.000366958341029192,0,0,0,7.61838870431802e-05,0.00230985149060308,2.65836150058823e-06,0.00052306927473083,0.000418568700988862,6.40752195174212e-05,0.0126789282736776,4.34157277171107e-05,0.00883854249420595
0,0.000704257498503087,2.66289771854827e-05,0.00241154054227519,0,0.000241381067329215,0,0,1.25476779138708e-05,0.00849608669406149,0,3.52064162235065e-05,0,0,0,0,0.000474449119993281,0.000940399488103066,0.0114878475243128,9.61360130962265e-05,0,2.54849316750987e-05,6.04332201168883e-06,0.000297058717289664,2.37779158600575e-05,0,0,0,0,0,0,0,0,0,0,0.000581997144926635,0,0.000342582384509224,5.672691203223e-05,0.0698928213754168,0.000541404518264798,0,0.0100670462504198,0,0,0.00158455742598752,3.33144983858074e-05,0.00199561352094133,0.000391437876590855,0.0230833109427444,0,1.13751781746606e-05,0,0,0,0.00220515057868843,1.35055228531527e-05,0.0175097278151775,0,2.03733300489261e-05,0,0.000905723896492498,0.0198805780901793,0.000249263890732376,0,5.04685679628884e-06,0.000442533363879845,6.31139138076174e-05,0,0,0,0,0.0270152138119241,0.000220179077661636,0,0,3.38559337686511e-05,0,0.0108893537451071,3.56041136704146e-05,0.00318530783230164,0.000142411686697092,0.00318475228942361,0.000254911591015254,0.0524541281905128,0.0106304378125622,0.000328534858781981
0.001660397980996,0,0.00411481804407981,6.38450673185823e-05,0.000942375742109058,4.78115312931138e-05,0,0,0.000930902631723855,9.53185875663868e-06,0,0,0,0,0,0,0.000704148247749209,0.000412691002963368,0.00908159834889059,0,0.000127757414906802,0,3.56419366779009e-06,1.03824637490259e-05,0,0,0,0,0,0,0,0,0,0,0,1.34666714222614e-05,9.1937702988639e-05,3.96485524337481e-05,0.000192010670127652,0.000536801989815325,0.0186269726880567,0.0100670462504198,0,0,0,6.68016150394066e-06,0.0177619411292389,0.00110518990743018,0.017629567486643,4.221274706037e-05,0.000348431506156465,0,0,0,0.00271977440529918,9.31214387853586e-06,0.0295122683427687,2.33886349453659e-05,0.000128465415857086,0,4.7531407724959e-05,3.4394602519598e-05,0.000224521512315823,0.0257643671806485,0,0,3.90309515156223e-05,0,0,0,0,0,0.000167764690455099,0.0295969653657577,0,0,0,0,0.000104336038666261,0.0114613871978059,0.000111007189986219,0.00238632805561905,0.00243341436281813,0.000293566499613577,0.0615781090182493,0.000188806740376752,0.0197659607534303
0,0,0,0,0,0,0,0,0,0,0,0,0,0,0,0,0,0,0.000796012775759706,3.79954662013625e-05,0,0,0,0,0,0,0,0,0,0,0,0,0,0,0,2.95366112847132e-05,0,1.56671984031704e-05,0,0.000176585994602639,0,0,0,0,0,0,0.000379156092295687,0,0,2.21120541728551e-05,0,0,0,0,0,0,0,0.000280861510256671,0,0,0,0,5.23187798515934e-05,0,0,0,0,0,0,0,0,0,0.000912646013924692,0,0,0,0,0,0.000114748029157304,0,0.000412556987558818,4.41989850937039e-06,5.52563756812281e-06,0,0.000279748525321222,8.53634423681523e-05,0
0,0,0,0,0,0,0,0,0,0,0,0,0,0,0,0,0,0,0,0,0,0,0,0,0,0,0,0,0,0,0,0,0,0,0,0,0,0,0,0,0,0,0,0,0,0,0,0,0,0,0,0,0,0,0,0,0,0,0,0,0,0,0,0,0,0,0,0,0,0,0,0,0,0,0,0,0,0,0,0,0,0,0,0,0,0,0
0,9.32164941688889e-05,1.73832216494466e-05,0.000267478825059805,0,0.000243927864383947,0,0,0,8.86387096862284e-05,0,0.000996816398209884,0,0,0,0,5.68279607092311e-05,4.89549618456729e-05,0.000815922547539844,0.00199283480583897,0,0,0,0,0,0,0,0,0,0,0,0,0,0,0,0.000779579152801652,0,0.0005125598690617,0,0.0103344834028406,0.000101275125465351,0.00158455742598752,6.68016150394066e-06,0,0,0,0.000467900973299579,7.60939788809517e-05,1.81391241335649e-05,0.00145362208295227,0,0.000290156934392158,0,0,0,1.25137737177461e-05,0.000294948040661703,0.00318569040590402,0,0.00019070724774114,0,0.000434436931156159,0.0742848339961964,0,0,0,0,0,0,0,0,0,0.00649494302008731,0,0,0,0,0,0.0143576616566158,4.20960422989165e-05,0.00988849456679169,1.16311817111131e-05,0.000168256417209371,1.33657127413668e-05,0.0153404045418383,1.63431196993241e-05,0
0.000616721934269108,0,0.000206024818174458,0.000404442437162155,0,0,0,0,0,0,0,0,0,0,0,0,0.000470021443310308,0.000469805841224905,0.00901691180763995,0,3.08962379731696e-05,0,0,0,0,0,0,0,0,0,0,0,0,0,0,1.21648023227828e-05,0.000529274336619855,0,0.000604026784494326,0.000369997697388497,0.00435216350022306,3.33144983858074e-05,0.0177619411292389,0.000379156092295687,0,0.000467900973299579,0,7.70432535491226e-06,0.000735224532959779,0,1.98188414945837e-05,0,0,0,0,0,0.00116676865274584,7.36406458674973e-06,0,1.35938787913076e-05,0,3.36009544827571e-05,7.67548715496554e-05,0.0433850401555096,0,0,0,0,0,0,0,0,1.32553208354708e-05,0.00303327492180746,0,0,0,4.15775980667134e-05,6.54928737335041e-05,0.013407750014524,1.55468276246742e-05,0.00636318874227447,0.000472923809176659,6.38426902009109e-05,0.0110763232997272,0,0.000863351074861064
0,1.87636368473038e-05,0.000122028653740783,0.000218407130859747,0,7.63330600260029e-05,0,0,0,0.000237815290944063,0,0,0,0,0,0,2.18558100238968e-06,2.13335395069728e-06,5.34738275275992e-05,0,0,0.000160379188129722,0.000168646833734392,0.00036223977896971,0.00039132128701826,0,0,0,0,0,0,0.193074741104909,0.0265707013048359,0.121605326278604,0.066094596528489,0.00106104350334098,0.00263354317132066,0.0175909529909855,0.0128995825626979,0.001549096187226,0.0111269506552581,0.00199561352094133,0.00110518990743018,0,0,7.60939788809517e-05,7.70432535491226e-06,0,0.177038521593987,0.0648055788773983,0,0,0,0,0,0.000248130072340496,6.03173438136614e-06,0.000132393971036189,0,0,0,0.000109462422769467,2.37397135357956e-05,3.51759660768263e-05,6.05600007072115e-05,0.000223540776797816,0.000522083526293467,0.000558954871366761,0,0,0,0,6.7827516873092e-05,1.15169330841455e-05,0.156670066678374,0.165366744270609,0.034390546704461,0.018814367272369,0.00869204899511276,0.00714967287510102,0.013795147941072,0.00790929091049515,0.00695479334427116,6.49333878304507e-06,0.0169904952102352,0,0
0.00167134232105105,0,0.00355117803477324,0,0.000245646896463966,0,0,0,0,0.00010292825225618,0,0,0,0,0,0,4.7150447839673e-06,0,9.83023612334099e-05,0,4.70390147893555e-05,9.95274123174496e-06,0.00130228558221528,1.68726934396705e-05,0.00295498321155796,0,0,0,0,0,0,0.00328298219871365,0.000100073598278398,0.000129948592870399,0,0,0.000111160686487654,4.07976550139643e-05,0.00126721406520653,1.9779337917746e-05,0.00899946857138479,0.000391437876590855,0.017629567486643,0,0,1.81391241335649e-05,0.000735224532959779,0.177038521593987,0,0.00155758027572462,0.000390801295584431,0,0,0,0.00086089374266542,0,0.00165818865143378,0,0.00316153056914394,0,0.00215907941149504,9.58381029078879e-05,0,0.000360832100137673,0,0.00834252203573674,9.84517674920173e-05,0.0126942549730309,0,6.45076385098631e-05,0,0.0014412141256291,0,0.00346833428311653,0.000363437360827485,0.00116029137835618,7.50510632577383e-05,5.82572050070629e-05,3.45476364728339e-06,0.00276939673538524,5.37666163390369e-06,0.0019831562285178,0.00232728130071121,9.93308561502425e-05,0.0295586695074653,0,0.000324764266973547
0,0.0083756056753846,3.69777020555523e-05,0.00152139264055,0,0.000581776358111815,0,0,0,0.00411066057395429,0,0,0,0,0,0,0,7.47243794978601e-06,0.000202331045844162,0,0,0.0028197371195105,0,0.00262636736097989,0,0,0,0,0,0,0,0.000971121229463691,0,0.00024929218874532,0,0.000224018480862846,0,0.00559981292191212,4.52210074408576e-05,0.026995803083706,0,0.0230833109427444,4.221274706037e-05,2.21120541728551e-05,0,0.00145362208295227,0,0.0648055788773983,0.00155758027572462,0,0,0.000120048856509145,0,0,0,0.000537708917143253,0,0.00279770560148195,0,0.000202895031597324,0,0.00152171470930924,0.000493049685766539,0,0.00407966204989611,0,0.0106576356812886,0.000127701801525522,0.00034620045335032,0,1.69853897754866e-05,0,0.00228126250662889,0,0,0,0.00412240345382995,0,0.00276910012459705,0,0.00308074044201291,1.56943670050506e-05,0.000892459680331265,5.40751989171212e-06,0.0170017265916034,0.000149084447317739,0
0,0,0.0154916878966229,0,0.0391441373583254,0,0.000809750982193035,0,0.00269375670192071,0,0,0,0,0,0,0,0,0,0,0,7.57743057598812e-05,0,0,0,0,0,0,0,0,0,0,0,0,0,0,0,6.07768380454495e-06,0,0,0,0.000270248427353245,0,0.000348431506156465,0,0,0,1.98188414945837e-05,0,0.000390801295584431,0,0,0,0.00735632998119831,0,0.00705785660801217,0,0.00120232637154098,0,0.000230536677733923,0,0.00669651966767433,0,0,0.0016355030134543,0,0,0,0,0,0,0,0,0,0.000629393864845267,0,0,0,0,0,8.58607187343132e-06,0,0,0.000176365087906531,0,0.0128741511107484,0,0
0,0,0,0,0,0.0946183075268187,0,0.00108375737240479,0,0,0,0,0,0,0,0.00524728981450572,0,0,0,0.00374697071484429,0,0,0,0,0,0,0,0,0,0,0,0,0,0,0,0.000242925711865355,0,0,0,1.99684079350915e-05,0,1.13751781746606e-05,0,0,0,0.000290156934392158,0,0,0,0.000120048856509145,0,0,0,0,0,0.000622190953311575,0,0.00454904857207402,0,0,0,0.000349178330234521,0.00583872563152188,0,0,0,0,0,0,0,0,0,0,0,0,0,0,0,0.000254182242667776,0,1.75354819158986e-05,0,0.00011635857496231,6.98453637943221e-05,0.000251854460332812,0,0
0,0,0,0,0,0,0.0487633234450333,0,0,0,0.00344897600316577,0,0,0,0,0,0,0,0,0,0,0,0,0,0,0,0,0,0,0,0,0,0,0,0,0,0,0,0,0,0,0,0,0,0,0,0,0,0,0,0.00735632998119831,0,0,0,0,0,0.0133710190010109,0,7.20055594083252e-05,0,0,0,0,0.000977701692076078,0,0,0,0,0,0,0,0,0,0,0,0,0,0,0,0,0,0,0.000146246269981172,0,0,0,0
0,0,0,0,0,0.0104089277715221,0,0.0510145888849775,0,0,0,0.0179049117551516,0,0.00621843416988206,0,0,0,0,0,0,0,0,0,0,0,0,0,0,0,0,0,0,0,0,0,0,0,0,0,0,0,0,0,0,0,0,0,0,0,0,0,0,0,0,0,0,0,0.000866782276250221,0,0,0,0,0,0,0,0,0,0,0,0,0,0,0,0,0,0,0,0,0,0,0,0,0.000377767641258343,0,0,0,0
0.0674216549940665,0,0,0,0.00451995329959209,0,0,0,0.0818761243120392,0,0,0,0,0,0.0106550972029281,0,0,0,0,0,0,0,0,0,0.00166095420391439,0,0,0,0,0,0,0,0,0,0,0,0,0,0.00172515423238109,0,0,0,0.00271977440529918,0,0,0,0,0,0.00086089374266542,0,0.00705785660801217,0,0,0,0,0,0,0,0,0,0.0828085550204961,0,0,0,0,0,0,0.0408672824802954,0,0,0,0,0,0,0,0,0,0,0,0,0,0.00195581001695687,0.000216534344605246,0,0.00616629179088128,0,0
0,0.0111687834526397,0,0.00644957399251656,0,0.00535644325822508,0,0,0,0.110427699936947,0,0,0,0,0,0.0105820269612725,0,0,2.29574247786789e-05,0,0,0,0,0.00290633027307357,0,0.00113100777453524,0,0,0,0,0,0,0,0,0,0,0,0.000343650862723622,0,0.000865962470984518,0,0.00220515057868843,9.31214387853586e-06,0,0,1.25137737177461e-05,0,0.000248130072340496,0,0.000537708917143253,0,0.000622190953311575,0,0,0,0,0,0.0012382538536946,0,0,0,0.0346800547412427,0.000719945225981224,0,0,0,0.0211563251000738,0,0,0,0,0,0.00179261046169133,0,0,0,0,0,0,7.9318979269983e-06,0.000230422453951607,0,0.000179513548962927,7.13152781089919e-06,0.00490527369831212,0,0
0.000106566786277601,0,0.00464971201673475,1.47954766486482e-05,0,0,0.00678858496868529,0,0,0,0.0750920747387886,0,2.07005028163485e-05,0,0,0,8.97923366814548e-05,2.59818991637802e-05,0.00103426107885499,0,0.00295890862427961,0,0,0,0,0,0,0,0,0,0.00550231305310767,0,0,0,0,1.55672936049672e-06,0.00100895365038677,0,0.00252749847939356,0.000118278774655471,0.000980580152925894,1.35055228531527e-05,0.0295122683427687,0,0,0.000294948040661703,0.00116676865274584,6.03173438136614e-06,0.00165818865143378,0,0.00120232637154098,0,0.0133710190010109,0,0,0,0,3.46961730171634e-05,0.00849472934018824,0,0.00150461294289958,0,0,0.0395737162714731,0,0,0,0,0,0,0,9.35043377840008e-05,0,0.0418670754753624,0,0,0,0,4.17314131278391e-06,0.000430078719494009,0,0.0004386081196663,0.000756971942941794,1.43610417094188e-05,0.0255111381362061,0,0.00232648649828883
0,1.23264786017934e-05,0,0.0118061622356145,0,0.000302632874152616,0,0,0,1.91025017790922e-05,0,0.109775863592215,0,0.000544770867836773,0,0,7.26525011790534e-06,4.83969423517002e-05,0.00112104138057607,0.000221847626848999,0,0,0,0,0,0,0,0.000161715081235007,0,0.002781843419369,0,0,0,0,0,0.000150674090371483,4.44326727500001e-06,0.000597083828578981,0,0.00281948272894256,1.03002606994126e-05,0.0175097278151775,2.33886349453659e-05,0.000280861510256671,0,0.00318569040590402,7.36406458674973e-06,0.000132393971036189,0,0.00279770560148195,0,0.00454904857207402,0,0.000866782276250221,0,0.0012382538536946,3.46961730171634e-05,0,0,0.00804115186966094,0,0.000581794658441314,0.0538794349748882,0,0,0,0,0,0,0,2.59240476791166e-05,0,0.0436073000421967,2.38308308783131e-05,0,0,0.000101954663839646,0,0.000551397213092039,2.27758230172276e-06,0.000394133189502112,0,0.000479930923138932,4.95197081735976e-05,0.0176077396035366,0.000790431823999041,0
0,0,0.000993606373174212,0,0,0,0.00188656273788076,0,0,0,0.00897617664179098,0,0.00815902042308098,0,0.00039885679134484,0,0,0,0,0,3.0976875026633e-05,0,0,0,0,0,0,0,0,0,0,0,0,0,0,0,0,0,0,0,0,0,0.000128465415857086,0,0,0,0,0,0.00316153056914394,0,0.000230536677733923,0,7.20055594083252e-05,0,0,0,0.00849472934018824,0,0,0,0.00486576294291111,0,0,0.000329883559206733,0,0,0,0,0,0.00040380598015731,0,0.00755835364764607,0,0.000281582317391606,0,0,0,0,0,0,0,1.12873273935211e-05,0.00017277031385123,2.63121205534844e-05,0.00449554180858206,0,0
0,0,0,0.0023012962839691,0,5.68336200534804e-05,0,0,0,0,0,0.000540007444086562,0,0.0553285085619206,0,0.0156799451206503,0,0,0,0,0,0,0,0,0,0,0,0,0,0,0,0,0,0,0,0.000133958723469816,0,2.22231644200947e-06,0,0.000128301680284145,0,2.03733300489261e-05,0,0,0,0.00019070724774114,1.35938787913076e-05,0,0,0.000202895031597324,0,0,0,0,0,0,0,0.00804115186966094,0,0,0,0.00225064270337034,0.00155320041821432,0,0,0,0,0,0,0,0.000449236813363926,0,1.52068741717604e-05,0,0,0,0,0,0.000147262970849568,0,0,0,3.26435107744879e-05,3.1940670983699e-05,0.00166139302061742,0,0
0,0,0.00473604397489959,0,0,0,0,0,0.0170232643408568,0,0,0,0.00154175669194463,0,0.0120237083864084,0,0,0,3.6562998837386e-05,0,0,0,0,0,0,0,0,0,5.58487627131399e-05,0,0,0,0,0,0,0,0,0,0,0,0,0,4.7531407724959e-05,0,0,0,0,0,0.00215907941149504,0,0.00669651966767433,0,0,0,0.0828085550204961,0,0.00150461294289958,0,0.00486576294291111,0,0,0,0,0,0,0,0,0.00247293505796446,0,0.00117819859739314,0,0.000705992548909734,0,0.000246559153477563,0,0,0,0,0,0,0,2.71425183680454e-06,4.08539008460641e-05,0,0.00108548739077044,0,0
0,0.00419201830768651,0,0.00631693415308151,0,0,0,0,0,0.00796772573032258,0,0,0,0.00326380033987757,0,0.0207011649568638,0,0.00130038070110919,6.82787379104395e-05,4.88784085899655e-05,0,0,0,8.94676941118298e-05,0,0.000829541918621387,0,0,0,0,0,0,0,0,0,6.85756657205563e-05,0,0,0,0.00122130372470995,0,0.000905723896492498,3.4394602519598e-05,0,0,0.000434436931156159,3.36009544827571e-05,0.000109462422769467,9.58381029078879e-05,0.00152171470930924,0,0.000349178330234521,0,0,0,0.0346800547412427,0,0.000581794658441314,0,0.00225064270337034,0,0,0.000493302121395323,0,0,0,0,0,0.000266278021213541,0,0,0,0.000498695628937861,0,0,0,0,0,8.99561069690024e-05,0,5.94427773106018e-05,0,0.000169077668988095,7.31179665593236e-06,0.0018783251496076,0.000110156546291579,0
0,4.74156037217777e-05,0,0.000572966432560628,0,0.000509631215587314,0,0,0,0,0,0.0123404753580516,0,0,0,0,0.000485412107210256,0.00044188133237883,0.00564715334279502,0.133308467095766,0,0,0,0,0,0,0,0,0,0,0,0,0,0,0,0.0124847920295055,0,0.00282553417915414,1.9615376311602e-05,0.0199057222177576,2.27266267796241e-05,0.0198805780901793,0.000224521512315823,5.23187798515934e-05,0,0.0742848339961964,7.67548715496554e-05,2.37397135357956e-05,0,0.000493049685766539,0,0.00583872563152188,0,0,0,0.000719945225981224,0,0.0538794349748882,0,0.00155320041821432,0,0.000493302121395323,0,5.52482281307208e-05,0,0,0,0,0,0,0,0,0.017323369901918,0,0,0,0,0,0.0160132858014852,8.62503734814303e-05,0.0119970818118223,1.07397855943049e-05,0.000661124535335533,2.1634959881804e-05,0.0139085444077324,0.000446943900018291,0
0.000107739886226715,0,0.000303069273951248,0,9.59268729981403e-05,0,0.000242589079145393,0,0,0,0.00701740938635735,0,0,0,0,0,0.000586253718724585,0.000355148713887622,0.0101504022810213,0,0.0645669596322618,0,0,0,0,0,0,0,0,0,0,0,0,0,0,1.25774693835048e-06,0.0075054837491365,1.53747702280919e-06,0.00299250385353918,0.000507957516912073,0.0121004454323061,0.000249263890732376,0.0257643671806485,0,0,0,0.0433850401555096,3.51759660768263e-05,0.000360832100137673,0,0.0016355030134543,0,0.000977701692076078,0,0,0,0.0395737162714731,0,0.000329883559206733,0,0,0,5.52482281307208e-05,0,0,0,0,0,0,0,0,0,2.27331229134854e-05,0.0211570522205763,0,0,0,0,9.77432788396046e-05,0.0140632861969613,3.00311750504889e-05,0.00946141909398061,0.00170151548984863,8.04667512826481e-05,0.0400702672644393,0,0.000745333545230129
