0,0,0.108425489983898,0,0.00033884345096808,0,0,0,0.242283492649416,0,0,0,0,0,0.00992257421194335,0,0,0,0.00704734829841036,0,0,0,0,0,0,0,0,0,0,0,0,0,0,0,0,0,0,0,4.36866416589608e-05,0,3.89924015488862e-05,0,0.00221438256014662,0,0.000615130782594378,0,0.000161493297136611,0.00121091956854655,0.14315290997208,0.000119256374703699,4.83587874653378e-05,0,0,0,0.283481906233849,0,0.000360070711126915,0,0.000201988434850975,0,0.0726587720925322,0,0,0,0,0,0,0,0,0,0,0,0,0.000614979044162961,0,0,0,0,0,7.47638423881695e-05,0,0.000191807581886737,0.010304237656573,0.00377977671763193,0.00642327537109747,0,0.00327540188585885
0,0,0,0.0165353633391545,0,0.00337205564903613,0,0,0,0.071365909487766,0,0,0,0,0,0.0155867030973655,0,0,0.000962423089690218,0,0,0,0,0,0,0,0,0,0,0,0,0,0,0,0,0,0,9.26966105929699e-05,0,0,0,0.00312448618612535,0,0,0,0,0,0,0,0.0569351533484691,0,0.000248382469657601,0,0,0,0.331169211245078,0,0,0,0.00112695191285358,0,0.0392949695873121,0,0,0,0,0.0020482016501827,0,0,0,0,0,0,0,0,0,0,0,0.000141678677102913,0,2.6612367950148e-05,0,0.00205713797580389,4.10533218185124e-06,0.0345549819275775,0.000913377616842988,0
0.108425489983898,0,0,0,0.0397150274750002,0,0,0,0.125476399923436,0,0,0,0,0,0,0,0,0,0.000113089509119983,0,0,0,0,0,0,0,0,0,0,0,0,0,0,0,0,0,0,0,0,0,0,0,0,0,0,0,0,0,0.017556532408452,0,0.0183033425280126,0,0,0,0.27897395563853,0,0.00040358414947779,0,0.00617136488589135,0,0.0102579525149306,0,0,0,0,0,0,0,0,0,0,0,0,0,0,0,0,0,0,0,0,0,0.00298553711541346,8.03848384357865e-05,0.00814973489163286,0,0
0,0.0165353633391545,0,0,0,0,0,0,0,0.0264278166510036,0,0,0,0,0,0,0,0,0,0,0,0,0,0,0,0,0,0,0,0,0,0,0,0,0,0,0,0,0,0,0,1.63781851989552e-05,0,0,0,0,0,0,0,0.0164462850417584,0,0,0,0,0,0.00954546221226411,0,0.0014004143641694,0,0,0,0.00374275405651505,0,0,0,0,0,0,0,0,0,0,0,0,0,0,0,0,0,0,0,0,6.21823639695321e-05,0,0.0171661458744269,0,0
0.00033884345096808,0,0.0397150274750002,0,0,0,0,0,0.00426661291215004,0,0,0,0,0,0,0,0,0,0,0,0.010094913145562,0,0,0,0,0,0,0,0,0,0,0,0,0,0,0,0.000117673789689434,0,0,0,0,0,0,0,0,0,0,0,0.00051805099360582,0,0.377355392131644,0,0.00211338395848056,0,0.0903890221917884,0,9.56990627551033e-05,0,5.14740482684436e-05,0,0,0,0,0.0045181196850504,0,0,0,0,0,0,0,0,0,0,0,0,0,0,0,0,0,0,0.00730787520578197,0.0029217378084095,0.0284538691698766,0,0
0,0.00337205564903613,0,0,0,0,0,0,0,0.00545363274411795,0,0,0,0,0,0,0,0,0,0,0,0,0,0,0,0,0,0,0,0,0,0,0,0,0,0,0,0,0,0,0,0,0,0,0,0,0,0,0,0.00219978928796949,0,0.00124649424105883,0,0,0,0.0111568184420961,0,0,0,0,0,0.0699721082799136,0,0,0,0,0,0,0,0,0,0,0,0,0,0,0,0,0,0,0,0,2.8391548489094e-05,5.05077294158193e-05,0,0,0
0,0,0,0,0,0,0,0,0,0,0,0,7.46013909787694e-05,0,0,0,0,0,0,0,0,0,0,0,0,0,0,0,0,0,0,0,0,0,0,0,0,0,0,0,0,0,0,0,0,0,0,0,0,0,0,0,0,0,0,0,0,0,0,0,0,0,0,0,0,0,0,0,0,0,0,0,0,0,0,0,0,0,0,0,0,0,0,0.00115266246296544,0,0,0
0,0,0,0,0,0,0,0,0,0,0,0,0,0,0,0,0,0,0,0,0,0,0,0,0,0,0,0,0,0,0,0,0,0,0,0,0,0,0,0,0,0,0,0,0,0,0,0,0,0,0,0,0,0,0,0,0,0,0,0,0,0,0,0,0,0,0,0,0,0,0,0,0,0,0,0,0,0,0,0,0,0,0,0,0,0,0
0.242283492649416,0,0.125476399923436,0,0.00426661291215004,0,0,0,0,0,0,0,0,0,0,0,0.00166230771206257,0,0.000448641299842724,0,0,0,0,0,0.00121817282273951,0,0,0,0,0,0,0,0,0,0,0,0,0,0.00348222395523351,0,0,0,0.00194415167373588,0,0,0,0,0.00364485114185114,0.00515866146372713,0,0.00135955054473935,0,0,0,0.246338418762064,0,0,0,0,0,0.00988878888579469,0,0,0,0,0,0,7.03221773886258e-05,0,0,0,0,0,0,0,0,0,0,0,0,0,0.00239515769775146,0.0169519808770761,0.00386150682657193,0.00493481439528334,0,0.000269853579928083
0,0.071365909487766,0,0.0264278166510036,0,0.00545363274411795,0,0,0,0,0,0,0,0.00188057577421158,0,0.0854147748456345,0,0.00504541718028724,0,0,0,0,0,0.00300168999342671,0,0.035065115949319,0,0,0,0,0,0,0,0,0,0,0,5.73271251476363e-05,0,0,0,0.000452479680772684,0,0,0,0,0,0,0,0.00138873306630224,0,0.000153320079357419,0,0,0,0.129304341766783,0,0,0,0.00183390750103628,0,0.0555816586042471,0,0,0,0,0,0,0.0801267995786319,0,0,0,0,0,0,0,0,0,0,0,7.85556467576448e-06,0,0.0100495743036783,0.00548716452657894,0.00156323459630085,0,0
0,0,0,0,0,0,0,0,0,0,0,0,0.000636654393029147,0,0,0,0,0,0,0,0,0,0,0,0,0,0,0,0,0,0,0,0,0,0,0,0.000746783227453663,0,0.0324521541578935,0,0,0,0,0,0,0,0,0,0,0,0,0,0,0,0,0,0.00788872853993725,0,0,0,0,0,0,0.000176149376784451,0,0,0,0,0,0,0,0,0,0,0,0,0,0,0,0.00117299926764154,0,0.00240691981644799,0.000192732668155659,3.38986734526193e-06,0,0,0
0,0,0,0,0,0,0,0,0,0,0,0,0,0.046812078236449,0,0,0,0,0,0.0314863688866641,0,0,0,0,0,0,0,0,0,0.0125067381289721,0,0,0,0,0,0,0,0.114555124542354,0,0,0,0,0,0,0,0,0,0,0,0,0,0,0,0,0,0,0,0.0176180157452155,0,0.00184125527024154,0,0,0.00342361243571774,0,0,0,0,0,0,0,0,0,0.00461692208215831,0,0,0,0,0,0,0,0.0305308557264929,0,0.00156400196271883,0.000308218579460813,0,0,0
0,0,0,0,0,0,7.46013909787694e-05,0,0,0,0.000636654393029147,0,0,0,0,0,0,0,0,0,0,0,0,0,0,0,0,0,0,0,0,0,0,0,0,0,0,0,0,0,0,0,0,0,0,0,0,0,0,0,0,0,0,0,0,0,0,0,0.0233477325930324,0,0,0,0,0,0,0,0,0,0,0,0,0,0,0,0,0,0,0,0,0,0,0,0.00190692258036343,0.0124357309940632,0,0,0
0,0,0,0,0,0,0,0,0,0.00188057577421158,0,0.046812078236449,0,0,0,0.00762589337939001,0,0,0,0,0,0,0,0,0,0,0,0,0,0.000746062452295534,0,0,0,0,0,0,0,0,0,0,0,0,0,0,0,0,0,0,0,0,0,0,0,0,0,0,0,0.0294097826570809,0,0.0676458550353759,0,0.0110436480871965,0,0,0,0,0,0,0,0,0,0,0.00511072231938897,0,0,0,0,0,0,0,0,0,0.00305995283923552,0.0272061864493048,0,0,0
0.00992257421194335,0,0,0,0,0,0,0,0,0,0,0,0,0,0,0,0,0,0,0,0,0,0,0,0,0,0,0,0,0,0,0,0,0,0,0,0,0,0,0,0,0,0,0,0,0,0,0,0,0,0,0,0,0,0.366035395296134,0,0,0,0,0,0.1477833971028,0,0,0,0,0,0,0,0,0,0,0,0,0,0,0,0,0,0,0,0,2.03543262854944e-06,8.70314487471519e-06,0.00112000497261143,0,0,0
0,0.0155867030973655,0,0,0,0,0,0,0,0.0854147748456345,0,0,0,0.00762589337939001,0,0,0,9.79681335613581e-05,0,0,0,0,0,0,0,0,0,0,0,0,0,0,0,0,0,0,0,0,0,0,0,0,0,0,0,0,0,0,0,0,0,0,0,0,0,0.0968730624936177,0,0,0,0.0403377527110833,0,0.0310381679391068,0,0,0,0,0,0,0,0,0,0,0,0,0,0,0,0,0,0,0,0,0.0025223829049373,0.0080639649813198,0,0,0
0,0,0,0,0,0,0,0,0.00166230771206257,0,0,0,0,0,0,0,0,0.237132893895495,0.0471431078720959,0,0,0.000160601428953514,0.0236505328049322,0,0.00108442496468634,0,0.103216671292718,0,0,0,0,0,0,0,0,0,0,0,0,0,0,0,3.70804804648156e-05,0,0,0,0,0,0,0,0,0,0,0,0,0,0,0,0,0,0,0,0,0,0,0.0193643660520782,0,0,0,0.0221159759517579,0,0,0,0,0,0,0,0,0,2.50210064264248e-06,0,0,0.0318576019508563,0.00266962789798616,0.000155310180394771,0,6.41384393365468e-05
0,0,0,0,0,0,0,0,0,0.00504541718028724,0,0,0,0,0,9.79681335613581e-05,0.237132893895495,0,0.0673401851537799,0,0,0.029131407609221,0,0.00561791573927228,0,0.014269399400209,0,0,0,0,0,0,0,0,0,0,0,0,0,0,0,0,0,0,0,0,0,0,0,0,0,0,0,0,0,0,0,0,0,0,0,0.000481458734499582,0,0,0.0201052442541094,0,0.000209528376212011,0,0.0277809181058166,0,0,0,0,0,0,0,0,0,0,0,0,0,0.0309495247206302,0.00380959258330878,0,0,0
0.00704734829841036,0.000962423089690218,0.000113089509119983,0,0,0,0,0,0.000448641299842724,0,0,0,0,0,0,0,0.0471431078720959,0.0673401851537799,0,0,0,0,0,0,0,0,0,0,0,0,0,0,0,0,0,0,0,0,3.77577177685257e-05,0.000339259130063119,0.000247198051011548,0.0640566194365842,0.125581500649573,0.0573765403997372,0.105854044180168,0.000561573636747201,0.00231429265459794,0,0.000502216595951575,0,0,0,0,0,1.37302557986532e-05,0,0,0.000144110928613015,0,0,0,0,7.90623190266131e-05,0,0,0,0,0,0,0,0,0,1.14654953372833e-05,0,0,0,0,0,0.00115106940465223,0.000872561049349827,0.000354026876022998,0.000854353519163653,0.0355638748865231,0.000480763142385558,0.108992716978759,0.00744042461530015,0.0195275237117983
0,0,0,0,0,0,0,0,0,0,0,0.0314863688866641,0,0,0,0,0,0,0,0,0,0,0,0,0,0,0,0,0,0,0,0,0,0,0,0.00519424890676192,0,0.0107464833605969,0,0,0,0,0,0,0,0,0,0,0,0,0,0,0,0,0,0,0,0.0185015390723657,0,0,0,0,0,0,0,0,0,0,0,0,0,0,0,0,0,0,0,0,0.0257407782688883,0,0.00340120254424988,0,5.09981013724038e-05,0,0,0,0
0,0,0,0,0.010094913145562,0,0,0,0,0,0,0,0,0,0,0,0,0,0,0,0,0,0,0,0,0,0,0,0,0,0,0,0,0,0,0,0.00274243057322454,0,0,0,0,0,0,0,0,0,0,0,0,0,0.00102917925893963,0,0,0,0,0,0,0,0,0,0,0,0,0.0243963184871314,0,0,0,0,0,0,0,0,0,0,0,0,0,0,0,0.0015177014005881,0,0,0,0,0.00262026770649804,0,0
0,0,0,0,0,0,0,0,0,0,0,0,0,0,0,0,0.000160601428953514,0.029131407609221,0,0,0,0,0.00942843247120285,3.13159986908389e-05,0,0.0161189653299089,0,0.00452577602655261,0,0,0,0,0,0,0,0,0,0.0462732647958183,0,0,0,0,0,0,0,0,0,0,0,0.00472464817583105,0,0,0,0,0,0,0,0,0,0,0,0,0,0,0.326289310710068,0.00174552872978177,0,0,0.00176015753028216,0,0.00335201368618053,0,0,0,0,0,0,0,0,0,0.06482168304876,0,0.0317050584952138,0.042707134986395,0,0,0
0,0,0,0,0,0,0,0,0,0,0,0,0,0,0,0,0.0236505328049322,0,0,0,0,0.00942843247120285,0,0,0.0100025314555756,0,0.00820662296240069,0,0,0,0,0,0,0,0,0,0,0.0214099044564265,0.0535490800130005,0,0,0,0,0,0,0,0,0,0.00875621034071791,0,0,0,0,0,0,0,0,0,0,0,0,0,0,0,0.00197974034853156,0.304514252820647,0,0.00686925836254175,0,0.00137894771959099,0,0.000747935412591851,0,0,0,0,0,0,0,0,0.00666563945347687,0.0431895934529084,0.0403263918615539,0.0246484271996035,0,0,0
0,0,0,0,0,0,0,0,0,0.00300168999342671,0,0,0,0,0,0,0,0.00561791573927228,0,0,0,3.13159986908389e-05,0,0,0,0.0919957718305646,0,0,0,0,0,0,0,0,0,0,0,0.0529615068351971,0,0,0,0,0,0,0,0,0,0,0,0,0,0,0,0,0,0.0388975641159635,0,0,0,0,0,0,0,0,0.00856043394874452,0,0.0327356757492069,0,0.101992655508775,0,0,0,0,0,0,0,0,0,0,0,0.0216889726537312,0,0.00409740722280459,0,0.000508568844144628,0,0
0,0,0,0,0,0,0,0,0.00121817282273951,0,0,0,0,0,0,0,0.00108442496468634,0,0,0,0,0,0.0100025314555756,0,0,0,0.00029133855608157,0,0.0015302408425969,0,0,0,0,0,0,0,0,0,0.0228590553203447,0,0,0,0,0,0,0,0,0,0.00589423541330108,0,0,0,0,0,0.00312789773331443,0,0,0,0,0,0,0,0,0,0,0.000898646679413304,0,0.106643648736591,0,0,0,0,0,0,0,0,0,0,0,0,0,0.0250788751354656,0.00509423410842227,0,1.48129874413458e-05,0,0
0,0,0,0,0,0,0,0,0,0.035065115949319,0,0,0,0,0,0,0,0.014269399400209,0,0,0,0.0161189653299089,0,0.0919957718305646,0,0,0,0,0,0,0,0,0,0,0,0,0,0,0,0,0,0,0,0,0,0,0,0,0,0,0,0,0,0,0,0.0665501330143146,0,0,0,0,0,0,0,0,0.00986103089607821,0,0.071598480529685,0,0.0451450901680812,0,0,0,0,0,0,0,0,0,0,0,0,0,0.00955240991096168,0.00322680435131027,0,0,0
0,0,0,0,0,0,0,0,0,0,0,0,0,0,0,0,0.103216671292718,0,0,0,0,0,0.00820662296240069,0,0.00029133855608157,0,0,0,0.0310106926477845,0,0,0,0,0,0,0,0,0,0,0,0,0,0,0,0,0,0,0,0,0,0,0,0,0,0.000853747485748988,0,0,0,0,0,0,0,0,0,0,0.0278790309854102,0,0.010660213410477,0,0.170619375201409,0,0,0,0,0,0,0,0,0,0,0,0,0.0121186068632667,0.000395129547940174,0,0,0
0,0,0,0,0,0,0,0,0,0,0,0,0,0,0,0,0,0,0,0,0,0.00452577602655261,0,0,0,0,0,0,0,0.187920517761388,0,0,0,0,0,0,0,0.00395595975235321,0,0,0,0,0,0,0,0,0,0,0,0.00149303477477445,0,0,0,0,0,0,0,0.00172841790360229,0,0,0,0,0,0,0.0302147637432184,0,0,0,0,0,0.11007909627877,0,0.0685851456019562,0,0,0,0,0,0,0,0.00173612439375075,0,0.0074483687313444,0.0118406476099892,0,0,0
0,0,0,0,0,0,0,0,0,0,0,0,0,0,0,0,0,0,0,0,0,0,0,0,0.0015302408425969,0,0.0310106926477845,0,0,0,0.012666570952563,0,0,0,0,0,0,0,0.00384934705136857,0,0,0,0,0,0,0,0,0,0.00380118295967144,0,0,0,0,0,0,0,0,0,0,0,0,0,0,0,0,0.00126475841052606,0,0.000371032029226437,0,0.0490219783900435,0,0.163775780886966,0,0.0325907991908919,0,0,0,0,0,0,0,0.0129694935285155,0.00116429366299858,0,0,0,0
0,0,0,0,0,0,0,0,0,0,0,0.0125067381289721,0,0.000746062452295534,0,0,0,0,0,0,0,0,0,0,0,0,0,0.187920517761388,0,0,0,0,0,0,0,0,0,0.0493925114115846,0,0,0,0,0,0,0,0,0,0,0,0,0,0,0,0,0,0,0,0.000439156396644233,0,0,0,0,0,0,0,0,0,0,0,0,0.0233526533110446,0,0.0575512894763783,0,0,0,0,0,0,0,0.0536091831898759,0,0.00180106020903529,0.000942610886289686,0,0,0
0,0,0,0,0,0,0,0,0,0,0,0,0,0,0,0,0,0,0,0,0,0,0,0,0,0,0,0,0.012666570952563,0,0,0,0,0,0,0,0,0,0.0035723846467322,0,0,0,0,0,0,0,0,0,0,0,0,0,0,0,0,0,0,0,0,0,0,0,0,0,0,0,0,0,0,0,0,0.00117965746292104,0,0.0431380238227281,0,0,0,0,0,0,0,0.00726662221549108,0,0,0,0,0
0,0,0,0,0,0,0,0,0,0,0,0,0,0,0,0,0,0,0,0,0,0,0,0,0,0,0,0,0,0,0,0,0.131948250794273,0,0,0.000719746118069998,0.0081105505721391,0,0,0,0,0,0,0,0,0,0,0.00503399048932611,0,0,0,0,0,0,0,0,0,0,0,0,0,0,0,0,0,0,0,0,0,0,0,0,0,0,0.0336176867231818,0.0459771885675284,0,0,0.00632124390668768,9.34108267617842e-05,0,0,0,0,0,0,0
0,0,0,0,0,0,0,0,0,0,0,0,0,0,0,0,0,0,0,0,0,0,0,0,0,0,0,0,0,0,0,0.131948250794273,0,0,0,0.00108954138929839,3.22627493005712e-05,0,0,0,0,0,0,0,0,0,0,0.0460155289616984,0,0,0,0,0,0,0,0,0,0,0,0,0,0,0,0,0,0,0,0,0,0,0,0,0,0,0.0829685079899599,0.128188795578728,0,0.0297037634539244,0.00171769561562679,0.00206551845234162,0,0,0,0,0,0,0
0,0,0,0,0,0,0,0,0,0,0,0,0,0,0,0,0,0,0,0,0,0,0,0,0,0,0,0,0,0,0,0,0,0,0.176834686798727,0.00258405535496775,0,0.00613190422946186,0.00318943352795686,0,0,0,0,0,0,0,0,0.139144947434121,0,0,0,0,0,0,0,0,0,0,0,0,0,0,0,0,0,0,0,0,0,0,0,0,0,0,0,0,0.18791275184817,0.065883658343841,0.010111614971777,0,0.0125142008113194,0.00241667963865423,0.000934120254428387,0,0,0,0
0,0,0,0,0,0,0,0,0,0,0,0,0,0,0,0,0,0,0,0,0,0,0,0,0,0,0,0,0,0,0,0,0,0.176834686798727,0,0,0.0451453116688849,0.00466769848383156,7.11872486660638e-05,0,0,0,0,0,0,0,0,0.0891203985567775,0,3.53391863448492e-05,0,0,0,0,0,0,0,0,0,0,0,0,0,0,0,0,0,0,0,0,0,0,0,0,0,0,0.160325136084762,0.0608351411186508,0,0.00650836372786409,0.00407882711270353,0.00262276577525381,0.00941125243171738,0,0,0,0
0,0,0,0,0,0,0,0,0,0,0,0,0,0,0,0,0,0,0,0.00519424890676192,0,0,0,0,0,0,0,0,0,0,0,0.000719746118069998,0.00108954138929839,0.00258405535496775,0,0,0.0331273153359566,0.0216673304570983,0.000404913724625275,0.000630400936519649,0,0,0,0,0,8.00241970043374e-05,0,0.00215272647800036,0,0.000236809334112302,0,0,0,0,0,0,0,0.000171194650891955,0,0,0,0,9.25673479614418e-05,0,0,0,0,0,0,0,0,0,0,0,0,9.26454866464485e-05,0,0,0.0647487343006494,0.000878781100024131,0.00386574066119673,0,0.0180195941366881,0.0630230930881763,0.0019428168525995,0,0
0,0,0,0,0.000117673789689434,0,0,0,0,0,0.000746783227453663,0,0,0,0,0,0,0,0,0,0.00274243057322454,0,0,0,0,0,0,0,0,0,0,0.0081105505721391,3.22627493005712e-05,0,0.0451453116688849,0.0331273153359566,0,0,0.0148225951177582,0,1.97500048124198e-05,0,0,0,0,0,0.000828287691681794,0.00350558315464507,0,8.67056455960444e-05,0,0,0,0,0,0,0,0,0,0,0,0,0,0.0016410595459055,0,0,0,0,0,0,0,0,0,0,0.00031372610292834,0.000319197550304472,0,0.00487872407721283,0.0301445044756472,0.0595952811424321,0,0.0031516342193146,0.012399165822121,0.0184928033672987,0.000532812128273168,0,0
0,9.26966105929699e-05,0,0,0,0,0,0,0,5.73271251476363e-05,0,0.114555124542354,0,0,0,0,0,0,0,0.0107464833605969,0,0.0462732647958183,0.0214099044564265,0.0529615068351971,0,0,0,0.00395595975235321,0,0.0493925114115846,0,0,0,0.00613190422946186,0.00466769848383156,0.0216673304570983,0,0,0.0195480173309333,0,0,0.00233099696754298,0,0,0,0,0,0.00377790630818679,0,0.00154855612155557,0,0,0,0,0,0.000251298258573695,0,0.0222532811103078,0,0,0,0,0.000796840931133364,0,0.0230050516052007,0.0040484941994663,0.00932568004317859,0,0,0,0.00232780056625278,0,0.00698706464792614,0,0,0,0.00422494805432696,1.77823314590152e-05,0.000353265570836995,0,0.122051235010317,0.000769648672783048,0.0203465605915301,0.0497366832158944,0.00359463873472744,0,0
4.36866416589608e-05,0,0,0,0,0,0,0,0.00348222395523351,0,0.0324521541578935,0,0,0,0,0,0,0,3.77577177685257e-05,0,0,0,0.0535490800130005,0,0.0228590553203447,0,0,0,0.00384934705136857,0,0.0035723846467322,0,0,0.00318943352795686,7.11872486660638e-05,0.000404913724625275,0.0148225951177582,0.0195480173309333,0,0,0,0,0.0010898056352266,0,0,0,0,0.023433475618446,0.0137954228605876,4.27380267151053e-05,0,0,0,0,0.00371681239265796,0,0.0192971569898275,0,0,0,0,0,0,0,0,0.0211062205171618,0,0.0301554680307615,0,0,0,0.000207737453531607,0,0,0,0,0.000356426387236936,0.000853380205570018,0,0.00518192467215395,0.0350834183504014,0.0802478851556345,0.00890882147754147,0.0058034569366423,0.000597239111563073,0,0.000815311540853771
0,0,0,0,0,0,0,0,0,0,0,0,0,0,0,0,0,0,0.000339259130063119,0,0,0,0,0,0,0,0,0,0,0,0,0,0,0,0,0.000630400936519649,0,0,0,0,0,0.00269902749375945,0,0.0031220506237282,0,0.047290478943012,0,0,0,0.0195926008283137,0,0,0,0,0,0,0,0,0,0,0,0,0,0,0,0,0,0,0,0,0,0,0,0,0,0,0,0,0.00609619715437591,0,0.00201146915306193,0,3.33681225060839e-05,0,0.0994699097894167,0.000300201677586889,0
3.89924015488862e-05,0,0,0,0,0,0,0,0,0,0,0,0,0,0,0,0,0,0.000247198051011548,0,0,0,0,0,0,0,0,0,0,0,0,0,0,0,0,0,1.97500048124198e-05,0,0,0,0,0,0.0154680239731481,0,0.000343204598067283,0,0.0157953867640203,0.0158847264567179,0.0147783388863907,0,0,0,0,0,0,0,0,0,0,0,0,0,0,0,0,0,0,0,0,0,0,0,0,0.00178358584034702,0,0,0,0,0,0.00372666261680366,0,7.78551364574713e-05,0,0,0.0419936632659534,0,0.00175473178338319
0,0.00312448618612535,0,1.63781851989552e-05,0,0,0,0,0,0.000452479680772684,0,0,0,0,0,0,0,0,0.0640566194365842,0,0,0,0,0,0,0,0,0,0,0,0,0,0,0,0,0,0,0.00233099696754298,0,0.00269902749375945,0,0,0,0.0318012674477778,0,0.00405752445317821,0,8.74323273690903e-05,0,0.00548804980739981,0,0,0,0,0,0.0200694624486753,0,0.00159292438528035,0,0,0,0,0.000130428960292425,0,0,0,0,0,0,0,0,0,0.00146600894330234,0,0,0,0,0,0.00172118389328799,0,0.0040757267361516,0,0.00456064809864397,0,0.162523036284743,0.0520835113650118,0
0.00221438256014662,0,0,0,0,0,0,0,0.00194415167373588,0,0,0,0,0,0,0,3.70804804648156e-05,0,0.125581500649573,0,0,0,0,0,0,0,0,0,0,0,0,0,0,0,0,0,0,0,0.0010898056352266,0,0.0154680239731481,0,0,0,0.0193180289212701,0,0.000238722539967647,4.9099790522672e-05,0.0672909844325171,0.000215358699615516,0,0,0,0,2.75325299844294e-05,0,0,0,0,0,0,0,0,0,0,0,0,0,0,0,0,0,0,6.01414173055309e-05,0,0,0,0,0,0.0143879061501818,0,0.0013847880507341,0.00324394396543442,0,0.111344250068338,0,0.0397963050741317
0,0,0,0,0,0,0,0,0,0,0,0,0,0,0,0,0,0,0.0573765403997372,0,0,0,0,0,0,0,0,0,0,0,0,0,0,0,0,0,0,0,0,0.0031220506237282,0,0.0318012674477778,0,0,0,0.0186715757546243,0,0,0,0,0,0,0,0,0,0,0,0,0,0,0,0,0.000245059676233848,0,0,0,0,0,0,0,0,0,0,0,0,0,0,0,0.000712896674629364,0,0.000743194013396879,0,0.00180250319161692,0,0.110612706100555,0,0
0.000615130782594378,0,0,0,0,0,0,0,0,0,0,0,0,0,0,0,0,0,0.105854044180168,0,0,0,0,0,0,0,0,0,0,0,0,0,0,0,0,0,0,0,0,0,0.000343204598067283,0,0.0193180289212701,0,0,0,0.0111238944920479,0,0,0,0,0,0,0,0,0,0,0,0,0,0,0,0,0,0,0,0,0,0,0,0,0,0,0,0,0,0,0,0,0.00066365780460199,0,0.00030510803443562,0.000144779786901767,0,0.0572136615668741,0,0.0279207687075067
0,0,0,0,0,0,0,0,0,0,0,0,0,0,0,0,0,0,0.000561573636747201,0,0,0,0,0,0,0,0,0,0,0,0,0,0,0,0,8.00241970043374e-05,0,0,0,0.047290478943012,0,0.00405752445317821,0,0.0186715757546243,0,0,0,0,0,0.00044970718781666,0,0,0,0,0,0,0,0,0,0,0,0,0.0017293551193379,0,0,0,0,0,0,0,0,0,0,0,0,0,0,0,0.000188098593920006,0,4.4228710902104e-06,0,0.000553680433501535,0,0.0975171276274449,0,0
0.000161493297136611,0,0,0,0,0,0,0,0,0,0,0,0,0,0,0,0,0,0.00231429265459794,0,0,0,0,0,0,0,0,0,0,0,0,0,0,0,0,0,0.000828287691681794,0,0,0,0.0157953867640203,0,0.000238722539967647,0,0.0111238944920479,0,0,0,0,0,0,0,0,0,0,0,0,0,0,0,0,0,0,0.000994200776601412,0,0,0,0,0,0,0,0,0,0,0,0,0,0,0,0.00207804810805744,0,0.000833986377656937,0.00112425712324441,0,0.1239105020013,0,0
0.00121091956854655,0,0,0,0,0,0,0,0.00364485114185114,0,0,0,0,0,0,0,0,0,0,0,0,0,0,0,0,0,0,0,0,0,0,0.00503399048932611,0.0460155289616984,0.139144947434121,0.0891203985567775,0.00215272647800036,0.00350558315464507,0.00377790630818679,0.023433475618446,0,0.0158847264567179,8.74323273690903e-05,4.9099790522672e-05,0,0,0,0,0,0.0291458677840186,0.0110074569903269,0,0,0,0,0.00683779132338283,0,0,0,0,0,0.00125427770746276,0,0,0,0,0.0013866777140965,3.61985885339797e-05,0.0111027070934167,0,0,0,0.00116206682604473,0,0,0.0182184144280082,0.0197036378476293,0.0727897295376417,0.0547783711277565,0.00684264614742148,0.0045794233753201,0.0314954495098184,0.0121121455912489,0.000600561708098906,0,0.00764132726894859,0,0
0.14315290997208,0,0.017556532408452,0,0.00051805099360582,0,0,0,0.00515866146372713,0,0,0,0,0,0,0,0,0,0.000502216595951575,0,0,0,0.00875621034071791,0,0.00589423541330108,0,0,0,0.00380118295967144,0,0,0,0,0,0,0,0,0,0.0137954228605876,0,0.0147783388863907,0,0.0672909844325171,0,0,0,0,0.0291458677840186,0,0.00879399590441974,0,0,0,0,0.0100128025124016,0,0.0103602369519737,0,0.00457191923699224,0,0.00335624916069907,0,0,0,0,0.000606183133254932,0,0.0120782502537049,0,0,0,0.00553854997053879,0,0.0183704541798034,0,0.000983759403672768,0,8.76879488498171e-05,0,0.00541245707587226,0,0.00845484103316779,0.000994162525076036,2.28640789234364e-05,0.0505691582630294,0,0.000381014316365997
0.000119256374703699,0.0569351533484691,0,0.0164462850417584,0,0.00219978928796949,0,0,0,0.00138873306630224,0,0,0,0,0,0,0,0,0,0,0,0.00472464817583105,0,0,0,0,0,0.00149303477477445,0,0,0,0,0,0,3.53391863448492e-05,0.000236809334112302,8.67056455960444e-05,0.00154855612155557,4.27380267151053e-05,0.0195926008283137,0,0.00548804980739981,0.000215358699615516,0,0,0.00044970718781666,0,0.0110074569903269,0.00879399590441974,0,0,0,0,0,0,0.00394599105453114,0,0,0,0,0,3.08612405308748e-05,0,0,0.00852296645088845,0,0.000137663374427985,0,0,0,6.10119976784335e-05,0,0.0107045951857786,0,0,0,0,3.31458952650956e-05,0.00252053210691143,0,0.00688593561455656,1.86119706112713e-05,0.00341722173281215,0,0.0267811326136234,0,0
4.83587874653378e-05,0,0.0183033425280126,0,0.377355392131644,0,0,0,0.00135955054473935,0,0,0,0,0,0,0,0,0,0,0,0.00102917925893963,0,0,0,0,0,0,0,0,0,0,0,0,0,0,0,0,0,0,0,0,0,0,0,0,0,0,0,0,0,0,0,0,0,0.0678641011008981,0,0.0114613188349699,0,0.0153669635548182,0,0.0010925859958829,0,0,0.00865705091765087,0,0,0,0,0,0,0,0,0,0,0,0,0,0,0,0,0,0,0.00735190887152706,1.51605775345006e-05,0.0115549183019003,0,0
0,0.000248382469657601,0,0,0,0.00124649424105883,0,0,0,0.000153320079357419,0,0,0,0,0,0,0,0,0,0,0,0,0,0,0,0,0,0,0,0,0,0,0,0,0,0,0,0,0,0,0,0,0,0,0,0,0,0,0,0,0,0,0,0,0,0.000109707403522665,0,0,0,0,0,0,0,0,0,0,0,0,0,0,0,0,0,0,0,0,0,0,0,0,0,0,0.0015655696196824,0,0,0,0
0,0,0,0,0.00211338395848056,0,0,0,0,0,0,0,0,0,0,0,0,0,0,0,0,0,0,0,0,0,0,0,0,0,0,0,0,0,0,0,0,0,0,0,0,0,0,0,0,0,0,0,0,0,0,0,0,0,0,0,0,0,0,0,0,0,0,0,0,0,0,0,0,0,0,0,0,0,0,0,0,0,0,0,0,0,0,0.000186751184952844,0,0,0
0,0,0,0,0,0,0,0,0,0,0,0,0,0,0,0,0,0,0,0,0,0,0,0,0,0,0,0,0,0,0,0,0,0,0,0,0,0,0,0,0,0,0,0,0,0,0,0,0,0,0,0,0,0,0,0,0,0,0,0,0,0,0,0,0,0,0,0,0,0,0,0,0,0,0,0,0,0,0,0,0,0,0.00078307827727897,0,0,0,0
0.283481906233849,0,0.27897395563853,0,0.0903890221917884,0,0,0,0.246338418762064,0,0,0,0,0,0.366035395296134,0,0,0,1.37302557986532e-05,0,0,0,0,0,0.00312789773331443,0,0.000853747485748988,0,0,0,0,0,0,0,0,0,0,0,0.00371681239265796,0,0,0,2.75325299844294e-05,0,0,0,0,0.00683779132338283,0.0100128025124016,0,0.0678641011008981,0,0,0,0,0,0.00393865727991485,0,0.0052508561564645,0,0.0207842337667421,0,0,0,0,0,0,0.00383336131911203,0,0,0,0,0,0,0,0,0,0,0,0,0,0.00987276092770261,0.0039941585297702,9.63961986471694e-05,0.00836251785164399,0,8.72010443237863e-05
0,0.331169211245078,0,0.00954546221226411,0,0.0111568184420961,0,0,0,0.129304341766783,0,0,0,0,0,0.0968730624936177,0,0,0,0,0,0,0,0.0388975641159635,0,0.0665501330143146,0,0,0,0,0,0,0,0,0,0,0,0.000251298258573695,0,0,0,0.0200694624486753,0,0,0,0,0,0,0,0.00394599105453114,0,0.000109707403522665,0,0,0,0,0,0,0,0.0100116297722842,0,0.116532830192036,0,0,0,0,0.0257400218195044,0,0.0403306717060096,0,0,0,0,0,0,0,0,0,0,0,4.59890481635991e-05,0,0.00204066214674673,0.00010856216249879,0.00360959252602325,0,0
0.000360070711126915,0,0.00040358414947779,0,9.56990627551033e-05,0,0,0,0,0,0.00788872853993725,0,0,0,0,0,0,0,0,0,0,0,0,0,0,0,0,0,0,0,0,0,0,0,0,0,0,0,0.0192971569898275,0,0,0,0,0,0,0,0,0,0.0103602369519737,0,0.0114613188349699,0,0,0,0.00393865727991485,0,0,0,0.0038768633375595,0,0.000688997004285078,0,0,0.00694911190374948,0,0,0,0,0,0,0,0,0,0,0,0,0,0,0,0,0,9.63860540217139e-05,0.000537670366916442,0,0.0181641631268612,0,0
0,0,0,0.0014004143641694,0,0,0,0,0,0,0,0.0176180157452155,0,0.0294097826570809,0,0,0,0,0.000144110928613015,0.0185015390723657,0,0,0,0,0,0,0,0.00172841790360229,0,0.000439156396644233,0,0,0,0,0,0.000171194650891955,0,0.0222532811103078,0,0,0,0.00159292438528035,0,0,0,0,0,0,0,0,0,0,0,0,0,0,0,0,0,0.00142391945069997,0,0,0.00246883787647439,0,0,0,0,0,0,0,0,0,0.0366161576899221,0,0,0,0,0,0.00013617140075175,0,0.00362807240243319,0,0.00154351492505844,0.000325043884215224,0.00994875324016031,0.000650694000901668,0
0.000201988434850975,0,0.00617136488589135,0,5.14740482684436e-05,0,0,0,0,0,0,0,0.0233477325930324,0,0,0,0,0,0,0,0,0,0,0,0,0,0,0,0,0,0,0,0,0,0,0,0,0,0,0,0,0,0,0,0,0,0,0,0.00457191923699224,0,0.0153669635548182,0,0,0,0.0052508561564645,0,0.0038768633375595,0,0,0,0.000290417183274918,0,0,0,0,0,0,0,0,0,0,0,0,0,0,0,0,0,0,0,0,5.11458295740649e-06,0.000515227375796916,0.00891544126382822,0.00841428715867726,0,0
0,0.00112695191285358,0,0,0,0,0,0,0,0.00183390750103628,0,0.00184125527024154,0,0.0676458550353759,0,0.0403377527110833,0,0,0,0,0,0,0,0,0,0,0,0,0,0,0,0,0,0,0,0,0,0,0,0,0,0,0,0,0,0,0,0,0,0,0,0,0,0,0,0.0100116297722842,0,0.00142391945069997,0,0,0,0.0387346028721839,0,0,0,0,0,0,0,0,0,0,0.000382870535356349,0,0,0,0,0,0,0,0,0,0.0125555934857186,0.0473615263381401,0,0,0
0.0726587720925322,0,0.0102579525149306,0,0,0,0,0,0.00988878888579469,0,0,0,0,0,0.1477833971028,0,0,0,0,0,0,0,0,0,0,0,0,0,0,0,0,0,0,0,0,0,0,0,0,0,0,0,0,0,0,0,0,0.00125427770746276,0.00335624916069907,0,0.0010925859958829,0,0,0,0.0207842337667421,0,0.000688997004285078,0,0.000290417183274918,0,0,0,0,0,0,0,0,0,0,0,0,0,0,0,0,0,0,0,0,0,0,6.45387309304157e-05,8.43350414867103e-05,0,0.000275806763251479,0,0
0,0.0392949695873121,0,0.00374275405651505,0,0.0699721082799136,0,0,0,0.0555816586042471,0,0,0,0.0110436480871965,0,0.0310381679391068,0,0.000481458734499582,0,0,0,0,0,0,0,0,0,0,0,0,0,0,0,0,0,0,0,0,0,0,0,0,0,0,0,0,0,0,0,3.08612405308748e-05,0,0,0,0,0,0.116532830192036,0,0,0,0.0387346028721839,0,0,0,0,0,0,0,0,0,0,0,0,0,0,0,0,0,0,0,0,0,0,0.00680219642033115,0.00700371148341633,0,0,0
0,0,0,0,0,0,0,0,0,0,0,0.00342361243571774,0,0,0,0,0,0,7.90623190266131e-05,0,0,0,0,0,0,0,0,0,0,0,0,0,0,0,0,9.25673479614418e-05,0,0.000796840931133364,0,0,0,0.000130428960292425,0,0.000245059676233848,0,0.0017293551193379,0,0,0,0,0,0,0,0,0,0,0,0.00246883787647439,0,0,0,0,0,0,0,0,0,0,0,0,0,0,0.00128785799174135,0,0,0,0,0,0.000574983116823674,0,0.000485614433966143,0,0,0,0.00544218102827735,3.21790743763721e-05,0
0,0,0,0,0.0045181196850504,0,0,0,0,0,0.000176149376784451,0,0,0,0,0,0,0,0,0,0.0243963184871314,0,0,0,0,0,0,0,0,0,0,0,0,0,0,0,0.0016410595459055,0,0,0,0,0,0,0,0,0,0.000994200776601412,0,0,0,0.00865705091765087,0,0,0,0,0,0.00694911190374948,0,0,0,0,0,0,0,0,0,0,0,0,0,0,0,0,0,0,0,0,0,0,0.00429455008910767,0,0.000264741270398274,0,0,0.0111649720219642,0,0
0,0,0,0,0,0,0,0,0,0,0,0,0,0,0,0,0,0.0201052442541094,0,0,0,0.326289310710068,0.00197974034853156,0.00856043394874452,0,0.00986103089607821,0,0.0302147637432184,0,0,0,0,0,0,0,0,0,0.0230050516052007,0,0,0,0,0,0,0,0,0,0,0,0.00852296645088845,0,0,0,0,0,0,0,0,0,0,0,0,0,0,0,0.00012243425486176,0,0,0.000370929722687929,0,0.00168436427660839,0,0,0,0,0,0,0,0,0,0.00258052509811053,0,0.0524630916082684,0.0360752708108433,0,0,0
0,0,0,0,0,0,0,0,0,0,0,0,0,0,0,0,0.0193643660520782,0,0,0,0,0.00174552872978177,0.304514252820647,0,0.000898646679413304,0,0.0278790309854102,0,0.00126475841052606,0,0,0,0,0,0,0,0,0.0040484941994663,0.0211062205171618,0,0,0,0,0,0,0,0,0.0013866777140965,0.000606183133254932,0,0,0,0,0,0,0,0,0,0,0,0,0,0,0,0.00012243425486176,0,0,0.000593001450146985,0,0.00558137145749123,0,0.0181098189373368,0,0,0,0,0,0,0,0,4.19813436506027e-05,0.0107081074628765,0.0309218541796523,0.0270294849389017,0.000610635367366127,0,0
0,0.0020482016501827,0,0,0,0,0,0,0,0,0,0,0,0,0,0,0,0.000209528376212011,0,0,0,0,0,0.0327356757492069,0,0.071598480529685,0,0,0,0,0,0,0,0,0,0,0,0.00932568004317859,0,0,0,0,0,0,0,0,0,3.61985885339797e-05,0,0.000137663374427985,0,0,0,0,0,0.0257400218195044,0,0,0,0,0,0,0,0,0,0,0,0,0.0418580532325341,0,0.00072547428626921,0,0,0,0,0,0,0,0,0,0.00255408258784036,0,0.00425772193384782,0,0.006032412799545,0,0
0,0,0,0,0,0,0,0,7.03221773886258e-05,0,0,0,0,0,0,0,0,0,0,0,0,0,0.00686925836254175,0,0.106643648736591,0,0.010660213410477,0,0.000371032029226437,0,0,0,0,0,0,0,0,0,0.0301554680307615,0,0,0,0,0,0,0,0,0.0111027070934167,0.0120782502537049,0,0,0,0,0,0.00383336131911203,0,0,0,0,0,0,0,0,0,0,0.000593001450146985,0,0,0,0,0,0.000145457997256594,0,0,0,0,0,0,0,0,0,0.00701583559494168,0.00323579824535471,0,0.00308065189078236,0,0
0,0,0,0,0,0,0,0,0,0.0801267995786319,0,0,0,0,0,0,0,0.0277809181058166,0,0,0,0.00176015753028216,0,0.101992655508775,0,0.0451450901680812,0,0,0,0,0,0,0,0,0,0,0,0,0,0,0,0,0,0,0,0,0,0,0,0,0,0,0,0,0,0.0403306717060096,0,0,0,0,0,0,0,0,0.000370929722687929,0,0.0418580532325341,0,0,0,0,0,0,0,0,0,0,0,0,0,0,0,0.0145493087219662,0.00134763348286204,0,0,0
0,0,0,0,0,0,0,0,0,0,0,0,0,0,0,0,0.0221159759517579,0,0,0,0,0,0.00137894771959099,0,0,0,0.170619375201409,0,0.0490219783900435,0,0,0,0,0,0,0,0,0,0,0,0,0,0,0,0,0,0,0,0,0,0,0,0,0,0,0,0,0,0,0,0,0,0,0,0,0.00558137145749123,0,0,0,0,0,0.00775922623604184,0,0,0,0,0,0,0,0,0,0,0.00646853706947399,0,0,0,0
0,0,0,0,0,0,0,0,0,0,0,0,0,0,0,0,0,0,0,0,0,0.00335201368618053,0,0,0,0,0,0.11007909627877,0,0.0233526533110446,0,0,0,0,0,0,0,0.00232780056625278,0,0,0,0,0,0,0,0,0,0,0,6.10119976784335e-05,0,0,0,0,0,0,0,0,0,0,0,0,0,0,0.00168436427660839,0,0.00072547428626921,0,0,0,0,0,0.0048897572540468,0,0,0,0,0,0,0,0.000762236016313495,0,0.0102024314431682,0.0150120873216812,0,0,0
0,0,0,0,0,0,0,0,0,0,0,0,0,0,0,0,0,0,0,0,0,0,0.000747935412591851,0,0,0,0,0,0.163775780886966,0,0.00117965746292104,0,0,0,0,0,0,0,0.000207737453531607,0,0,0,0,0,0,0,0,0.00116206682604473,0.00553854997053879,0,0,0,0,0,0,0,0,0,0,0,0,0,0,0,0,0.0181098189373368,0,0.000145457997256594,0,0.00775922623604184,0,0,0,0.000426927212205204,0,0,0,0,0,0,0,0.00373235300524023,0.0041946076577066,0,0,0,0
0,0,0,0,0,0,0,0,0,0,0,0.00461692208215831,0,0.00511072231938897,0,0,0,0,1.14654953372833e-05,0,0,0,0,0,0,0,0,0.0685851456019562,0,0.0575512894763783,0,0,0,0,0,0,0,0.00698706464792614,0,0,0,0.00146600894330234,0,0,0,0,0,0,0,0.0107045951857786,0,0,0,0,0,0,0,0.0366161576899221,0,0.000382870535356349,0,0,0.00128785799174135,0,0,0,0,0,0,0,0.0048897572540468,0,0,0,0,0,0,0,0,0,0.00758829578996675,0,0.000738960710855549,0.000222658263038672,0.0391251222805115,0.000267396535104404,0
0.000614979044162961,0,0,0,0,0,0,0,0,0,0,0,0,0,0,0,0,0,0,0,0,0,0,0,0,0,0,0,0.0325907991908919,0,0.0431380238227281,0,0,0,0,0,0,0,0,0,0.00178358584034702,0,6.01414173055309e-05,0,0,0,0,0,0.0183704541798034,0,0,0,0,0,0,0,0,0,0,0,0,0,0,0,0,0,0,0,0,0,0,0.000426927212205204,0,0,0,0,0,0,0,0,0,0.00189355668851629,0,0,0.00438752231359679,0,0
0,0,0,0,0,0,0,0,0,0,0,0,0,0,0,0,0,0,0,0,0,0,0,0,0,0,0,0,0,0,0,0.0336176867231818,0.0829685079899599,0,0,0,0.00031372610292834,0,0,0,0,0,0,0,0,0,0,0.0182184144280082,0,0,0,0,0,0,0,0,0,0,0,0,0,0,0,0,0,0,0,0,0,0,0,0,0,0,0,0.009262530257523,0,0,3.24370397148514e-05,0,0,0,4.6942798510408e-05,0,0,0,0
0,0,0,0,0,0,0,0,0,0,0,0,0,0,0,0,0,0,0,0,0,0,0,0,0,0,0,0,0,0,0,0.0459771885675284,0.128188795578728,0,0,9.26454866464485e-05,0.000319197550304472,0,0,0,0,0,0,0,0,0,0,0.0197036378476293,0.000983759403672768,0,0,0,0,0,0,0,0,0,0,0,0,0,0,0,0,0,0,0,0,0,0,0,0,0,0.009262530257523,0,0,0.0284044973646334,0,0.000355563235914329,0,1.45160787760036e-05,0,0,0,0,0
0,0,0,0,0,0,0,0,0,0,0,0,0,0,0,0,0,0,0,0,0,0,0,0,0,0,0,0,0,0,0,0,0,0.18791275184817,0.160325136084762,0,0,0.00422494805432696,0.000356426387236936,0,0,0,0,0,0,0,0,0.0727897295376417,0,0,0,0,0,0,0,0,0,0,0,0,0,0,0,0,0,0,0,0,0,0,0,0,0,0,0,0,0,0.0202112931221527,0,0,0.00260131486232081,0.000120069081433495,0.00111700255783168,0,0,0,0
0,0,0,0,0,0,0,0,0,0,0,0,0,0,0,0,0,0,0,0,0,0,0,0,0,0,0,0,0,0,0,0,0.0297037634539244,0.065883658343841,0.0608351411186508,0,0.00487872407721283,1.77823314590152e-05,0.000853380205570018,0,0,0,0,0,0,0,0,0.0547783711277565,8.76879488498171e-05,3.31458952650956e-05,0,0,0,0,0,0,0,0,0,0,0,0,0,0,0,0,0,0,0,0,0,0,0,0,0,0.0284044973646334,0.0202112931221527,0,0,0.000538902704791687,0.000189832995965762,0.000387582469661689,0.00331656047359772,0,0,0,0
0,0.000141678677102913,0,0,0,0,0,0,0,0,0,0,0,0,0,0,0,0,0.00115106940465223,0.0257407782688883,0,0,0,0,0,0,0,0,0,0,0,0.00632124390668768,0.00171769561562679,0.010111614971777,0,0.0647487343006494,0.0301445044756472,0.000353265570836995,0,0.00609619715437591,0,0.00172118389328799,0,0.000712896674629364,0,0.000188098593920006,0,0.00684264614742148,0,0.00252053210691143,0,0,0,0,0,0,0,0.00013617140075175,0,0,0,0,0.000574983116823674,0,0,0,0,0,0,0,0,0,0,0,3.24370397148514e-05,0,0,0,0,0.00191963674390048,0.000443933395917719,0,0.0210822648962781,0.0242083664993248,0.00944955597302122,0.000127191651066123,0
7.47638423881695e-05,0,0,0,0,0,0,0,0,0,0.00117299926764154,0,0,0,0,0,2.50210064264248e-06,0,0.000872561049349827,0,0.0015177014005881,0,0,0,0,0,0,0,0,0,0,9.34108267617842e-05,0.00206551845234162,0,0.00650836372786409,0.000878781100024131,0.0595952811424321,0,0.00518192467215395,0,0.00372666261680366,0,0.0143879061501818,0,0.00066365780460199,0,0.00207804810805744,0.0045794233753201,0.00541245707587226,0,0,0,0,0,0,0,0,0,0,0,0,0,0,0.00429455008910767,0,0,0,0,0,0,0,0,0,0,0,0.000355563235914329,0,0.000538902704791687,0.00191963674390048,0,0,0.000127008560071191,0.0106288781220638,0.0150325407747314,0.00426178742503147,0,0.000406314777864248
0,2.6612367950148e-05,0,0,0,0,0,0,0,7.85556467576448e-06,0,0.0305308557264929,0,0,0,0,0,0,0.000354026876022998,0.00340120254424988,0,0.06482168304876,0.00666563945347687,0.0216889726537312,0,0,0,0.00173612439375075,0,0.0536091831898759,0,0,0,0.0125142008113194,0.00407882711270353,0.00386574066119673,0,0.122051235010317,0.0350834183504014,0.00201146915306193,0,0.0040757267361516,0,0.000743194013396879,0,4.4228710902104e-06,0,0.0314954495098184,0,0.00688593561455656,0,0,0,0,0,4.59890481635991e-05,0,0.00362807240243319,0,0,0,0,0.000485614433966143,0,0.00258052509811053,4.19813436506027e-05,0.00255408258784036,0,0,0,0.000762236016313495,0,0.00758829578996675,0,0,0,0.00260131486232081,0.000189832995965762,0.000443933395917719,0,0,0.00117154663716702,0.0107023146509753,0.00430231682790067,0.0183574041599553,0.000641891022914298,0
0.000191807581886737,0,0,0,0,0,0,0,0.00239515769775146,0,0.00240691981644799,0,0,0,2.03543262854944e-06,0,0,0,0.000854353519163653,0,0,0,0.0431895934529084,0,0.0250788751354656,0,0,0,0.0129694935285155,0,0.00726662221549108,0,0,0.00241667963865423,0.00262276577525381,0,0.0031516342193146,0.000769648672783048,0.0802478851556345,0,7.78551364574713e-05,0,0.0013847880507341,0,0.00030510803443562,0,0.000833986377656937,0.0121121455912489,0.00845484103316779,1.86119706112713e-05,0,0,0,0,0.00987276092770261,0,9.63860540217139e-05,0,5.11458295740649e-06,0,6.45387309304157e-05,0,0,0.000264741270398274,0,0.0107081074628765,0,0.00701583559494168,0,0,0,0.00373235300524023,0,0.00189355668851629,0,1.45160787760036e-05,0.000120069081433495,0.000387582469661689,0,0.000127008560071191,0.00117154663716702,0,0.00556967526449639,0.00633257630963121,0.0040713505392907,0,0.000817825192880443
0.010304237656573,0.00205713797580389,0.00298553711541346,6.21823639695321e-05,0.00730787520578197,2.8391548489094e-05,0,0,0.0169519808770761,0.0100495743036783,0.000192732668155659,0.00156400196271883,0.00190692258036343,0.00305995283923552,8.70314487471519e-06,0.0025223829049373,0.0318576019508563,0.0309495247206302,0.0355638748865231,5.09981013724038e-05,0,0.0317050584952138,0.0403263918615539,0.00409740722280459,0.00509423410842227,0.00955240991096168,0.0121186068632667,0.0074483687313444,0.00116429366299858,0.00180106020903529,0,0,0,0.000934120254428387,0.00941125243171738,0.0180195941366881,0.012399165822121,0.0203465605915301,0.00890882147754147,3.33681225060839e-05,0,0.00456064809864397,0.00324394396543442,0.00180250319161692,0.000144779786901767,0.000553680433501535,0.00112425712324441,0.000600561708098906,0.000994162525076036,0.00341722173281215,0.00735190887152706,0.0015655696196824,0,0.00078307827727897,0.0039941585297702,0.00204066214674673,0.000537670366916442,0.00154351492505844,0.000515227375796916,0.0125555934857186,8.43350414867103e-05,0.00680219642033115,0,0,0.0524630916082684,0.0309218541796523,0.00425772193384782,0.00323579824535471,0.0145493087219662,0.00646853706947399,0.0102024314431682,0.0041946076577066,0.000738960710855549,0,4.6942798510408e-05,0,0.00111700255783168,0.00331656047359772,0.0210822648962781,0.0106288781220638,0.0107023146509753,0.00556967526449639,0,0.14364423681975,0.0428623229936806,0.000935761254333719,0.00083946849824311
0.00377977671763193,4.10533218185124e-06,8.03848384357865e-05,0,0.0029217378084095,5.05077294158193e-05,0.00115266246296544,0,0.00386150682657193,0.00548716452657894,3.38986734526193e-06,0.000308218579460813,0.0124357309940632,0.0272061864493048,0.00112000497261143,0.0080639649813198,0.00266962789798616,0.00380959258330878,0.000480763142385558,0,0,0.042707134986395,0.0246484271996035,0,0,0.00322680435131027,0.000395129547940174,0.0118406476099892,0,0.000942610886289686,0,0,0,0,0,0.0630230930881763,0.0184928033672987,0.0497366832158944,0.0058034569366423,0,0,0,0,0,0,0,0,0,2.28640789234364e-05,0,1.51605775345006e-05,0,0.000186751184952844,0,9.63961986471694e-05,0.00010856216249879,0,0.000325043884215224,0.00891544126382822,0.0473615263381401,0,0.00700371148341633,0,0,0.0360752708108433,0.0270294849389017,0,0,0.00134763348286204,0,0.0150120873216812,0,0.000222658263038672,0,0,0,0,0,0.0242083664993248,0.0150325407747314,0.00430231682790067,0.00633257630963121,0.14364423681975,0,1.06265949465216e-05,0,0
0.00642327537109747,0.0345549819275775,0.00814973489163286,0.0171661458744269,0.0284538691698766,0,0,0,0.00493481439528334,0.00156323459630085,0,0,0,0,0,0,0.000155310180394771,0,0.108992716978759,0,0.00262026770649804,0,0,0.000508568844144628,1.48129874413458e-05,0,0,0,0,0,0,0,0,0,0,0.0019428168525995,0.000532812128273168,0.00359463873472744,0.000597239111563073,0.0994699097894167,0.0419936632659534,0.162523036284743,0.111344250068338,0.110612706100555,0.0572136615668741,0.0975171276274449,0.1239105020013,0.00764132726894859,0.0505691582630294,0.0267811326136234,0.0115549183019003,0,0,0,0.00836251785164399,0.00360959252602325,0.0181641631268612,0.00994875324016031,0.00841428715867726,0,0.000275806763251479,0,0.00544218102827735,0.0111649720219642,0,0.000610635367366127,0.006032412799545,0.00308065189078236,0,0,0,0,0.0391251222805115,0.00438752231359679,0,0,0,0,0.00944955597302122,0.00426178742503147,0.0183574041599553,0.0040713505392907,0.0428623229936806,1.06265949465216e-05,0,0.0280406529440737,0.00774600536203013
0,0.000913377616842988,0,0,0,0,0,0,0,0,0,0,0,0,0,0,0,0,0.00744042461530015,0,0,0,0,0,0,0,0,0,0,0,0,0,0,0,0,0,0,0,0,0.000300201677586889,0,0.0520835113650118,0,0,0,0,0,0,0,0,0,0,0,0,0,0,0,0.000650694000901668,0,0,0,0,3.21790743763721e-05,0,0,0,0,0,0,0,0,0,0.000267396535104404,0,0,0,0,0,0.000127191651066123,0,0.000641891022914298,0,0.000935761254333719,0,0.0280406529440737,0,0
0.00327540188585885,0,0,0,0,0,0,0,0.000269853579928083,0,0,0,0,0,0,0,6.41384393365468e-05,0,0.0195275237117983,0,0,0,0,0,0,0,0,0,0,0,0,0,0,0,0,0,0,0,0.000815311540853771,0,0.00175473178338319,0,0.0397963050741317,0,0.0279207687075067,0,0,0,0.000381014316365997,0,0,0,0,0,8.72010443237863e-05,0,0,0,0,0,0,0,0,0,0,0,0,0,0,0,0,0,0,0,0,0,0,0,0,0.000406314777864248,0,0.000817825192880443,0.00083946849824311,0,0.00774600536203013,0,0
