0,0,0.00991329726168874,0,0,0,0,0,0.0597309960728338,0,0,0,0,0,0,0,0,0,0,0,0,0,0,0,0,0,0,0,0,0,0,0,0,0,0,0,0,0,0,0,0.000132823520492175,0,0.00210529499960871,0,0,0,1.67860512873576e-05,0,0.0163590172799886,0,0,0,0,0,0.0300794081247579,0,0.00119581706059744,0,0,0,0.00767471304772525,0,0,0,0,0,0,0,0,0,0,4.56981811590303e-05,0,0.000155474622656076,0,0,0,0,0,0.000108063573989143,0,0,0.000346528399228581,0,0.00598511810640937,0,0.000624315364055442
0,0,0,0.0182507601516798,0,0,0,0,0,0.0191006553826574,0,0,0,0,0,0,0,0,0,0,0,0,0,0,0,0,0,0,0,0,0,0,0,0,0,0,0,0,0,0,0,0.00419992594810352,0,0,0,0,0,0,0,0.027843595045898,0,0,0,0,0,0.0643569032676146,0,0,0,0,0,0.000303234349207658,0,0,0,0,0,0,0,0,0,0,0,0,0,0,0,0,0,0,0,0,0.000251550292001944,0,0.0132721224305468,0,0
0.00991329726168874,0,0,0,0.0283619522218386,0,0,0,0.0698884687601063,0,0,0,0,0,0,0,0,7.17001219109278e-06,3.08105836868276e-05,0,0.000265053655565807,0,0,0,0,0,0,0,0,0,0,0,0,0,0,0,1.11123654420027e-05,0,0,1.23935296484265e-05,0.00184560931285147,0,0.00197315852065774,0,0,0,0.000886480572351379,3.76041741414187e-05,0.0160132443646019,0,0.0037509598751373,0,0,0,0.043166703545896,0,0.00045297442942406,0,0.00110672921100346,0,0.00538670893846011,0,0,0.00260385736891895,0,0,0,0,0,0,0,0,0,0.00319990670744796,0,0,0,0,7.85144175437356e-06,0.000164616241670835,0,0.000158966225478721,0.000250201341621899,0,0.0151779914076458,0,0.000182068859602286
0,0.0182507601516798,0,0,0,0.021835924309128,0,0,0,0.0311402340269597,0,0,0,0,0,0,3.75428039475702e-06,0,3.02025031441843e-05,0.00111710216560217,0,0,0,0,0,0,0,0,0,0,0,0,0,0,0,0.000363098486690702,0,0,0,0.00221199101691658,0,0.0023237224771281,0,0,0,0.00131564346991335,0,0.00018459054425653,0,0.0213774195187913,0,0.0407880598358422,0,0,0,0.0558129896765414,0,0.00262231915294605,0,0.00716903483303487,0,0.0422264554727008,0.000196253048250825,0,0,0,0,0,0,0,0.000113371563380413,0,0.00231503882740147,0,0,0,0,0,0.000230092888305427,0,0.00052211794915622,0,0.000187242819664303,0,0.0184721829835224,3.95623548768188e-05,0
0,0,0.0283619522218386,0,0,0,0,0,0.022686445746011,0,0,0,0,0,0,0,0,0,0,0,0.00207159130721184,0,0,0,0,0,0,0,0,0,0,0,0,0,0,0,0,0,0,0,6.58942157546299e-05,0,0.000223631422273311,0,0,0,7.68438769365682e-05,0,0.000172218715990374,0,0.0729846272270025,0,0,0,0.0100883356047779,0,0.000821651926955267,0,0.000160080495596177,0,0.00825183568704091,0,0,0.00587987798186528,0,0,0,0,0,0,0,0,0,0.00058539428118918,0,0,0,0,0,4.63673820822766e-05,0,5.27799583574431e-05,0.00031708751617619,0,0.00609176276549339,0,0
0,0,0,0.021835924309128,0,0,0,0.00202953219777374,0,0.020035110810911,0,0.000245449928917191,0,0,0,0.000280307158052313,0,0,0,0.00334791568749232,0,0,0,0,0,0,0,0,0,0,0,0,0,0,0,0.000163087833599191,0,0,0,3.29282540951418e-05,0,7.84619436157067e-06,0,0,0,0,0,0,0,0,0,0.0253491856394076,0,0.0025105787925747,0,0.0271841381291986,0,0.00020402387735657,0,0.00379400506594846,0,0.00712822596678407,0.00294043628659065,0,0,0,0,0,0,0,0,0,0,0,0,0,0,0,2.94766241243707e-05,0,0,0,0.000444202523523326,0,0.00402065058614078,0,0
0,0,0,0,0,0,0,0,0,0,6.95289418217726e-05,0,0,0,0,0,0,0,0,0,0,0,0,0,0,0,0,0,0,0,0,0,0,0,0,0,0,0,0,0,0,0,0,0,0,0,0,0,0,0,0,0,0.000471184049764827,0,0,0,0,0,0,0,0,0,0,0,0,0,0,0,0,0,0,0,0,0,0,0,0,0,0,0,0,0,2.70804571300687e-06,0,0,0,0
0,0,0,0,0,0.00202953219777374,0,0,0,0,0,0,0,0,0,0,0,0,0,0,0,0,0,0,0,0,0,0,0,0,0,0,0,0,0,0,0,0,0,0,0,0,0,0,0,0,0,0,0,0,0,0.0049811834429446,0,0.0443523465380794,0,0,0,0.00477522254543873,0,0,0,0,0,0,0,0,0,0,0,0,0,0,0,0,0,0,0,0,0,0,0,0,0.000149013037111721,0,0,0,0
0.0597309960728338,0,0.0698884687601063,0,0.022686445746011,0,0,0,0,0,0,0,0,0,0.0168518340617391,0,0.00231644854246017,0.000551445525322479,0.00158094159383419,0,0,0,0,0,0.0026109055830316,0,0,0,0,0,0,0,0,0,0,0,0,0,0.000689396976030235,0.000135974578934892,0,0,0.000288117276519255,0,0,0,1.45195712379224e-05,0,0.00837212022111674,0,9.36370445929636e-05,0,0,0,0.175722837846938,0,0.000116080648320431,0,0,0,0.0219265441750323,0,0,6.16636996473036e-05,0,0,0,0.00437852210742377,0,0.00278916274146737,0,0,0,0.000227011669998929,0,0,0,0,0,7.77473046707831e-06,0,0.000631454411336303,0.00185380636152636,0,0.00429840178383013,0,0.000263695952492966
0,0.0191006553826574,0,0.0311402340269597,0,0.020035110810911,0,0,0,0,0,0,0,0,0,0.0232481912853345,0,6.11728948109647e-05,0,0,0,0,0,0.0069902901418097,0,0,0,0,0,0,0,0,0,0,0,0,0,0.00238657911863412,0,0,0,0.0017683600043595,0,0,0,2.02402939877063e-05,0,0,0,0.00162316667364995,0,0.000994920184091416,0,0,0,0.106300996513817,0,0,0,0,0,0.00661750607531893,2.03842856267738e-05,0,0,0,0.00202942503750537,0,0,0,0,0,0,0,0,0,0,0,3.13234792410823e-06,0,0.00155315242784431,0,0.00264985206682326,0,0.00195859457250414,0.000214996129177174,0
0,0,0,0,0,0,6.95289418217726e-05,0,0,0,0,0,5.11417383677326e-05,0,0,0,0,0,0,0,0.0629062636798532,0,0,0,0,0,0,0,0,0,6.27985828772122e-05,0,0,0,0,0,0.00431161146611454,0,0.00503459394038298,0,0,0,0,0,0,0,0,0,0,0,0,0,0,0,0,0,0.0226044729262979,0,0.000451447593627582,0,0,0,0,0.00583543890846193,0,0,0,0,0,0,0,0,0,0.000737834631498271,0,0,0,0,0,0,0,2.74028916464886e-05,0.000177011450486248,0,0,0,0
0,0,0,0,0,0.000245449928917191,0,0,0,0,0,0,0,0.00358411830944715,0,0,0,0,0,0.0389324872848977,0,0,0,0,0,0,0,0,0,0.00256413588314615,0,0,0,0,0,0.0014753691816725,0,0.00911464897884,0,0,0,0,0,0,0,0,0,0,0,0,0,0.00320478877616538,0,0,0,3.6611310063649e-05,0,0.0346096330402021,0,0.00436913244053075,0,0.000351375026307352,0.0151797610257818,0,0,0,0,0,0,0,0,0,0.00201300784091284,0,0,0,0,0,0.000199619049149843,0,0.000322758171913649,0,0.000102147669630329,5.45802367923898e-06,8.17196748880803e-05,0,0
0,0,0,0,0,0,0,0,0,0,5.11417383677326e-05,0,0,0,0.00910634255823493,0,0,0,0,0,0,0,0,0,0,0,0,0,4.41398779977198e-05,0,0,0,0,0,0,0,0,0,0,0,0,0,0,0,0,0,0,0,0,0,0,0,0,0,0,0,6.75341552852416e-05,0,0.0117636696030691,0,0.00279807073424703,0,0,0,0,0,0,0,0,0,0,2.24388053557964e-05,0,0,0,0,0,0,0,0,0,0,0,0,0,0,0
0,0,0,0,0,0,0,0,0,0,0,0.00358411830944715,0,0,0,0.00746522438170551,0,0,0,0,0,0,0,0,0,0,0,0,0,0,0,0,0,0,0,0,0,0,0,0,0,0,0,0,0,0,0,0,0,0,0,0,0,0,0,0,0,0,0,0.0265940899681682,0,0.010132246963466,0,0,0,0,0,0,0,0,0,0,0,0,0,0,0,0,0,0,0,0,0.000133776970945585,0,0,0,0
0,0,0,0,0,0,0,0,0.0168518340617391,0,0,0,0.00910634255823493,0,0,0,0.000712838942437753,9.22993290876951e-05,1.26124373504757e-05,0,0,0,0,0,0,0,0.000147547034430318,0,0,0,0,0,0,0,0,0,0,0,0,0,0,0,0,0,0,0,0,0,0,0,0,0,0,0,9.18417105404135e-05,0,8.13669188851063e-05,0,0.0259716535617774,0,0.023123271362315,0,0,0,0,0,0,0,0,0,0,0,0,0,0,0,0,0,0,0,0,0,0.0001021138751962,0,0,0,0
0,0,0,0,0,0.000280307158052313,0,0,0,0.0232481912853345,0,0,0,0.00746522438170551,0,0,0,0.000403174662243517,0,0,0,0,0,0,0,0,0,0,0,0,0,0,0,0,0,0,0,0,0,0,0,0,0,0,0,0,0,0,0,0,0,0,0,0,0,0.00485598889309569,0,0,0,0.00220809686062895,0,0.038244410497612,0,0,0,0,0,0,0,0,0,0,0,0,0,0,0,0,0,0,0,0,5.36383551051018e-05,0,0,0,0
0,0,0,3.75428039475702e-06,0,0,0,0,0.00231644854246017,0,0,0,0,0,0.000712838942437753,0,0,0.220569628604316,0.0697914864235985,0,0,0,0.000483926078009438,3.1981217383137e-05,5.82019583919013e-05,0,0.00325654958473107,0,0,0,0,0,0,0,0,2.18809179941613e-06,1.3032809308086e-05,0,0,0.00112797252432022,0.00104079028277099,0.00141021473407666,0.00217642834915839,0.000103308677737527,0,0.000117603026903214,0.000571547436764522,0,7.58394295135248e-05,1.73904029794227e-05,0,0,0,0,0.000134869300709907,0,0,0,0,0,5.08404939828355e-05,0,0.000162640546393167,0.00087747939005779,0,0.00191546010035964,0,0,0,0.000152582942973822,0,0,2.88734603586893e-06,0.000103814153451455,0,0,0,0,0.000444652540870486,0.000972070789949775,0.000126587021013015,0.000519638798557522,0.016336706140433,0.000137696911764475,0.00149926947053289,0.000337621465048898,0.000330555928545682
0,0,7.17001219109278e-06,0,0,0,0,0,0.000551445525322479,6.11728948109647e-05,0,0,0,0,9.22993290876951e-05,0.000403174662243517,0.220569628604316,0,0.0572396634863382,0,0,0.000202985408042226,0,0.000545673073684258,0.000143080004956622,0.000619607029508209,0.000816161244829809,0,0,0,0,0,0,0,0,6.39311563873164e-06,1.38581743396254e-05,0,0,0.00111429792224489,0.00028795022390791,0.00158383718409185,0.000514398165041082,5.43633281365814e-05,0,6.43804555095977e-05,0.000294742570403814,0,3.16219872761167e-05,3.72880884174742e-05,0,0,0,0,1.78378162774135e-05,5.04490754344079e-06,0,0,0,0,0,0,0.00022959021644607,0.000346044804075653,0.000506049652141715,0,0,0,0.00121406525786643,0,0,0,2.45243394762147e-05,2.31213130147351e-05,0,0,0,0,0.00046141079200627,0.000503218187869312,0.000132879197946297,0.000136224971230288,0.0222544551781165,0.000110258693159893,0.000793660459921632,0.000563528404244388,0
0,0,3.08105836868276e-05,3.02025031441843e-05,0,0,0,0,0.00158094159383419,0,0,0,0,0,1.26124373504757e-05,0,0.0697914864235985,0.0572396634863382,0,0,0,0,0,0,0,0,0.000544575330308161,0,0,0,0,0,0,0,0,0.000251254907928693,0.000250470801454184,0,0,0.0338656188446274,0.0133765419245998,0.0408845847095168,0.0195574028453737,0.00340936814290317,0,0.00347912610668188,0.00985947145843154,9.33203097290929e-05,0.00105651973622629,0.00100149312870036,0,0,0,0,0,0,0,6.86499637479163e-06,0,0,0,0,0.00450818745111205,0.0085242966906832,0,0,0,0,0,0,4.94752654105757e-05,0,0.000897210098463424,0.00071964793856716,0,0,0,0,0.0107148556555634,0.012214782898653,0.00424811018318865,0.0040770562875223,0.016904480847107,2.51378708670802e-05,0.0291683176384483,0.0108563985501235,0.00275073222367351
0,0,0,0.00111710216560217,0,0.00334791568749232,0,0,0,0,0,0.0389324872848977,0,0,0,0,0,0,0,0,0,0,0,0,0,0,0,0,0,0,0,0,0,0,0,0.00683468311185041,0,0.00220339358253421,0,0,0,0,0,0,0,7.74056788682925e-05,0,0,0,0,0,0.00673330078477518,0,0,0,0.00254745954877811,0,0.00117306698703162,0,0,0,0,0.0781885743945642,0,0,0,0,0,0,0,0,0,0,0,0,0,0,0,0.000210002218709073,0,8.10877508888967e-05,0,0.000348929767925912,0,0.00160327123746806,0,0
0,0,0.000265053655565807,0,0.00207159130721184,0,0,0,0,0,0.0629062636798532,0,0,0,0,0,0,0,0,0,0,0,0,0,0,0,0,0,0,0,0,0,0,0,0,0,0.0114145495822615,0,0.00687314365070619,0,0,0,0,0,0,0,0,0,0,0,0.000115554580779516,0,0,0,3.84478895058679e-05,0,0.00751421925091551,0,0,0,0,0,0,0.032040785439312,0,0,0,0,0,0,0,0,0,2.7871076475106e-05,0,0,0,0,0,0.00253960884087074,0,0.00116591453696536,0.000531519092858797,0,0.00163396178321808,0,0
0,0,0,0,0,0,0,0,0,0,0,0,0,0,0,0,0,0.000202985408042226,0,0,0,0,0.000361786898030582,0.000364557969074874,0,0.000230591056606499,0,0.00103749307586467,0,0,0,0,0,0,0,0,0,0.00877888229134344,0,0,0,0,0,0,0,0,0,0,0,0.00486448681064152,0,0,0,0,0,6.49596471167195e-06,0,0,0,0,0,0,0,0,0.087380033370676,8.32523910503369e-05,0.00123355656773353,0,2.0690440578619e-05,0,0.00180447172661877,0,0.000338701155579456,0,0,0,0,0,0,0,0.00199654264490134,0,0.0009123687009698,5.00645692601446e-05,0,0,0
0,0,0,0,0,0,0,0,0,0,0,0,0,0,0,0,0.000483926078009438,0,0,0,0,0.000361786898030582,0,0,0.0019370219321938,0,0.00104030534463246,0,0.000983224821611972,0,0,0,0,0,0,0,0,0,0.00367291727973701,0,0,0,0,0,0,0,0,0,0,0,0,0,0,0,0,0,0,0,0,0,0,0,0,0,0.000380430181818737,0.0612870208046258,0,0.000580102973369805,0,1.23843175338779e-05,0,0.000125105929850104,0,0,0,0,0,0,0,0,0,0.00404495261804517,0.000193638080647699,0.00017063264986125,0,0,0
0,0,0,0,0,0,0,0,0,0.0069902901418097,0,0,0,0,0,0,3.1981217383137e-05,0.000545673073684258,0,0,0,0.000364557969074874,0,0,0,0.0162181600965485,0,0,0,0,0,0,0,0,0,0,0,0.00832439915068599,0,0,0,0,0,0,0,0,0,0,0,5.32264119003753e-05,0,0,0,0,0,0.0151776058638637,0,0,0,0,0,4.22556156909988e-05,0,0,0.000495811833252538,0,0.212503716091931,0,0.00213749798144969,0,0,0,0,0,0,0,0.000230328320485788,0,0,0,0.00782943865850075,0,2.50229294965281e-05,0,0.00122554109687061,0,0
0,0,0,0,0,0,0,0,0.0026109055830316,0,0,0,0,0,0,0,5.82019583919013e-05,0.000143080004956622,0,0,0,0,0.0019370219321938,0,0,0,0.00197248363920222,0,0,0,0,0,0,0,0,0,0,0,0.00319822087243437,0,0,0,0,0,0,0,0,0,7.33147698571573e-05,0,0,0,0,0,0.0257248076275476,0,0,0,0,0,0.000358427171565185,0,0,0,0,0.000800475019534203,0,0.100308346913229,0,0.000279350415725005,0,0,0,0,0,0,0,0,0,0,0,0.00358822491972808,2.32416789251953e-05,0,0.000347848531643799,0,0
0,0,0,0,0,0,0,0,0,0,0,0,0,0,0,0,0,0.000619607029508209,0,0,0,0.000230591056606499,0,0.0162181600965485,0,0,0,0.00638887466566821,0,0,0,0,0,0,0,0,0,0,0,0,0,0,0,0,0,0,0,0,0,0,0,0,0,0,0,0.00320746421951457,0,0,0,0,0,4.57531221056667e-05,0,0,6.7351407778915e-05,0,0.00132297340204457,0,0.0434076366113649,0,0,0,0,0,0,0,0,0,0,0,0,0,8.50331807595422e-05,0,0,0,0
0,0,0,0,0,0,0,0,0,0,0,0,0,0,0.000147547034430318,0,0.00325654958473107,0.000816161244829809,0.000544575330308161,0,0,0,0.00104030534463246,0,0.00197248363920222,0,0,0,0,0,0,0,0,0,0,0,0,0,0,0,0,0,0,0,0,0,0,0,0,0,0,0,0,0,0,0,0,0,0,0,0.00415395093042603,0,0,0,0,0.00218970730408614,0,0,0,0.0326876400195774,0,0.000346286551059432,0,0,0,0,0,0,0,0,0,0,8.15195819758502e-05,0,0,5.58246260780109e-05,0
0,0,0,0,0,0,0,0,0,0,0,0,0,0,0,0,0,0,0,0,0,0.00103749307586467,0,0,0,0.00638887466566821,0,0,0,0.000460632730971652,0,0,0,0,0,0,0,0,0,0,0,0,0,0,0,0,0,0,0,0,0,0,0,0,0,0,0,0,0,0,0,0,0,0,0,0,0,0,0.00210888571366878,0,0.0240430300606983,0,0,0,0,0,0,0,0,0,2.08926636694265e-05,0,0,5.32965214006254e-06,0,0,0
0,0,0,0,0,0,0,0,0,0,0,0,4.41398779977198e-05,0,0,0,0,0,0,0,0,0,0.000983224821611972,0,0,0,0,0,0,0,0.00389946383667741,0,0,0,0,0,0,0,0.000233578613497545,0,0,0,0,0,0,0,0,0,0,0,0,0,0,0,0,0,0,0,0.000241558791096367,0,0,0,0,0,0,0.000966989800457651,0,0,0,3.03675011740635e-05,0,0.0118744287265795,0,0,0,0,0,0,0,0,0,0,8.44885412167042e-05,0,0,0,0
0,0,0,0,0,0,0,0,0,0,0,0.00256413588314615,0,0,0,0,0,0,0,0,0,0,0,0,0,0,0,0.000460632730971652,0,0,0,0,0,0,0,0,0,0.000120190369750717,0,0,0,0,0,0,0,0,0,0,0,0,0,0,0,0,0,0,0,0,0,0,0,0,0,0,0,0,0,0,0,0,0.00559195924001145,0,0.0525037084882027,0,0,0,0,0,0,0,8.32364809842534e-05,0,6.2692378440178e-05,0,0,0,0
0,0,0,0,0,0,0,0,0,0,6.27985828772122e-05,0,0,0,0,0,0,0,0,0,0,0,0,0,0,0,0,0,0.00389946383667741,0,0,0,0,0,0,0,0,0,0.000525109497442654,0,0,0,0,0,0,0,0,0,0,0,0,0,0,0,0,0,0.000112919261921539,0,0,0,0,0,0,0,0,0,0,0,0,0,0,0,0,0.0286459769405141,0,0,0,0,0,0,0,9.69955297540669e-05,5.41160670763929e-06,0,0,0,0
0,0,0,0,0,0,0,0,0,0,0,0,0,0,0,0,0,0,0,0,0,0,0,0,0,0,0,0,0,0,0,0,0.025978252467028,0.00646449436223048,2.37080150423119e-05,0.00174045065319319,0,0,0,0,0,0,0,0,0,0,0,0.0757786199050672,0.000101531819916866,0,0,0,0,0,0,0,0,0,0,0,0,0,0,0,0,0,0,0,0,0,0,0,0,0,0.118882096793989,0.00962836432165117,0.00536103076159193,0,0.00691895739822519,1.64039816766857e-05,0,0,0.00135676421762909,0,0,0,0
0,0,0,0,0,0,0,0,0,0,0,0,0,0,0,0,0,0,0,0,0,0,0,0,0,0,0,0,0,0,0,0.025978252467028,0,0,0.00072949516934278,0,0.0011206792753445,0,0,0,0,0,0,0,0,0,0,0.00975859988653622,0,0,0,0,0,0,0,0,0,0,0,0,0,0,0,0,0,0,0,0,0,0,0,0,0,0,0.00115117456351326,0.119500954803483,4.84143012713649e-05,1.72838254364704e-05,2.30785375902581e-05,0.00132006201703763,0,0,0.000210779522131548,0,0,0,0
0,0,0,0,0,0,0,0,0,0,0,0,0,0,0,0,0,0,0,0,0,0,0,0,0,0,0,0,0,0,0,0.00646449436223048,0,0,0.029308440272711,0.00771436680803013,0,0.000909685041093586,0,0,0,0,0,0,0,0,0,0.115331700312885,0.000302993343470957,0,0,0,0,0,0,0,0,0,0,0,0,0,0,0,0,0,0,0,0,0,0,0,0,0,0.0204045095257976,9.76398816286009e-05,0.186261134362255,0.012531225326312,0.000425450090001515,2.99851676155814e-05,0.00195400911129365,0,0.00101866791616339,8.11114565041688e-06,0,0,0
0,0,0,0,0,0,0,0,0,0,0,0,0,0,0,0,0,0,0,0,0,0,0,0,0,0,0,0,0,0,0,2.37080150423119e-05,0.00072949516934278,0.029308440272711,0,0,0.00669228624738572,0,0.0032827140013143,0,0,3.43662471528512e-05,0,0,0,0,0,0.110849559709749,0.00337233452758613,0.000496292913046681,0,0,0,0,0,0,0,0,0,0,0,0,0,0,0,0,0,0,0,0,0,0,0,0,0.000189078883781877,0.0174471293289964,0.0194045649951212,0.128647346448457,9.79620205585683e-05,0.0017548722373186,0,0.00134018738198985,0.00032898395976125,0,0,0,0
0,0,0,0.000363098486690702,0,0.000163087833599191,0,0,0,0,0,0.0014753691816725,0,0,0,0,2.18809179941613e-06,6.39311563873164e-06,0.000251254907928693,0.00683468311185041,0,0,0,0,0,0,0,0,0,0,0,0.00174045065319319,0,0.00771436680803013,0,0,0.00132064164308753,0.00316100897662505,0,5.64019946437043e-05,0,0.000191002863894208,1.22851187400752e-06,6.92534514960419e-05,0,0.000118276061535263,3.85642293316798e-06,0.00033520033507116,0,0,0,2.67925961945397e-05,0,0,0,6.96863420796019e-05,0,0.00171416879606101,0,7.54882279093916e-06,0,5.0967892461987e-06,0.0164040663034244,0,0,0,0,0,0,0,3.03406363666691e-06,0,2.83120479925575e-06,0,0.00239283092777824,1.00486859082594e-05,0.00110596543996185,0,0.0644785341365293,0.000871797732670888,0.00321713911335648,0,0.00237552102589455,0,0.00591611593793618,6.08800592297259e-05,0
0,0,1.11123654420027e-05,0,0,0,0,0,0,0,0.00431161146611454,0,0,0,0,0,1.3032809308086e-05,1.38581743396254e-05,0.000250470801454184,0,0.0114145495822615,0,0,0,0,0,0,0,0,0,0,0,0.0011206792753445,0,0.00669228624738572,0.00132064164308753,0,0,0.00922315032585323,0,0.000107357911076431,3.79683467063051e-06,9.19699369847405e-05,1.25315482672182e-06,0,0,0.000471531064610059,7.42436688019226e-05,8.19028720581983e-05,0,1.48206013688133e-05,0,0,0,1.90252536005572e-06,0,5.10451625329807e-05,0,1.32912686207896e-05,0,1.59390613673969e-06,0,0,0.00387336672948762,0,0,0,0,0,0,0,0,0,2.95600273350844e-06,0,0.000362167437210086,0,0.00705376844674313,0.000211108203586244,0.0605028065049371,0,0.00664408081933744,0.00156009382974198,0,0.00310644288720057,0,5.89284699663345e-06
0,0,0,0,0,0,0,0,0,0.00238657911863412,0,0.00911464897884,0,0,0,0,0,0,0,0.00220339358253421,0,0.00877888229134344,0,0.00832439915068599,0,0,0,0,0,0.000120190369750717,0,0,0,0.000909685041093586,0,0.00316100897662505,0,0,2.28219255671747e-06,0,0,0,0,0,0,5.72654221483413e-05,0,0.000368005063984806,0,0.0124989554876168,0,0,0,0,0,0.00237422372470009,0,0.00384554709024855,0,0,0,0,0.00785136144626054,0,0.0101839233110264,0,0.00333617329060001,0,0,0,8.06690903714353e-05,0,0.00303814364632626,0,0,0,0.000626008008619767,0,0.00152317364628777,0,0.0903209722541611,0.000238903210177047,0.0011296190068644,0.000411478117616516,0.000713905670793923,0,0
0,0,0,0,0,0,0,0,0.000689396976030235,0,0.00503459394038298,0,0,0,0,0,0,0,0,0,0.00687314365070619,0,0.00367291727973701,0,0.00319822087243437,0,0,0,0.000233578613497545,0,0.000525109497442654,0,0,0,0.0032827140013143,0,0.00922315032585323,2.28219255671747e-06,0,0,0,0,0,0,0,0,0,0.0068000725772139,0.00690921856261976,0,0,0,0,0,0.000187856377186254,0,0.00222631493905962,0,0,0,0,0,0,0.000747847183152953,0,0.00140958719379202,0,0.0113973591700154,0,0,0,0,0,0.000325337334366545,0,0,0,0.00104987341018756,0,0.000891002191262112,0,0.0837467953748887,0.000713876903355342,4.37948798389823e-05,0.000133672207900709,0,0
0,0,1.23935296484265e-05,0.00221199101691658,0,3.29282540951418e-05,0,0,0.000135974578934892,0,0,0,0,0,0,0,0.00112797252432022,0.00111429792224489,0.0338656188446274,0,0,0,0,0,0,0,0,0,0,0,0,0,0,0,0,5.64019946437043e-05,0,0,0,0,0.000400517574043168,0.107297140666376,0.00132431746061709,0.00920315673938034,0,0.00627605058320937,0.000167690420507209,8.87307273854294e-05,8.11090410279337e-06,0.00449592329427004,0,6.99217303309161e-05,0,0,0,0.000377554569075512,9.06662490800236e-06,1.92757354894854e-05,0,2.67173510808925e-05,0,1.51848339391792e-05,0.0122512267927427,0.000320608818758326,0,0,0,0,0,0,3.47191262917504e-05,0,0.00115453598789025,1.10826515298321e-05,0,0,0,0,0.00694925506096678,0.000227916901466292,0.00122136120555495,0.000106166720288593,0.00122869533085499,0,0.0341614643578413,0.0321655086780645,0.000118060510581451
0.000132823520492175,0,0.00184560931285147,0,6.58942157546299e-05,0,0,0,0,0,0,0,0,0,0,0,0.00104079028277099,0.00028795022390791,0.0133765419245998,0,0,0,0,0,0,0,0,0,0,0,0,0,0,0,0,0,0.000107357911076431,0,0,0.000400517574043168,0,0.000313773198383256,0.0447646504588926,9.92871604584221e-05,0,2.30494789584258e-05,0.0100035750208165,0.00894381424758941,0.0148394162669889,0,0.000170768289216845,0,0,0,0.000118534526937253,0,0.000188044243595268,0,0.000105560644799007,0,0.000240795471708745,0,5.0717521212159e-05,0.0102548270425699,0,0,0,0,0,0,0,0,1.54690933097901e-05,0.00122030435582466,0,0,0,0,5.63982060127399e-05,0.0162701036275917,2.74920144228852e-06,0.000699087325746976,0.000539862061248077,9.77897762215061e-07,0.0197006503380058,0.000332366740504696,0.011254082770539
0,0.00419992594810352,0,0.0023237224771281,0,7.84619436157067e-06,0,0,0,0.0017683600043595,0,0,0,0,0,0,0.00141021473407666,0.00158383718409185,0.0408845847095168,0,0,0,0,0,0,0,0,0,0,0,0,0,0,0,3.43662471528512e-05,0.000191002863894208,3.79683467063051e-06,0,0,0.107297140666376,0.000313773198383256,0,0.0116888703765618,0.0045739556652844,0,0.00467850019982651,0.000293963784329496,0.00115669883842261,0.000498460145149117,0.0226957289467027,0,0.000397346066168775,0,0,0,0.000269103891296555,0,0,0,8.79250453088161e-05,0,7.18897322816832e-05,0.00990352268021297,0.000285226276465834,0,0,0,0,0,0,9.86809339474451e-05,0,0.00812144753294038,3.39960630324165e-05,0,0,0,0,0.0158770026109736,0.000268132285725874,0.0071487232412537,8.10100237478551e-05,0.00562142826372807,1.99152843796276e-06,0.0824435419067275,0.0956980329439997,5.86880250968616e-05
0.00210529499960871,0,0.00197315852065774,0,0.000223631422273311,0,0,0,0.000288117276519255,0,0,0,0,0,0,0,0.00217642834915839,0.000514398165041082,0.0195574028453737,0,0,0,0,0,0,0,0,0,0,0,0,0,0,0,0,1.22851187400752e-06,9.19699369847405e-05,0,0,0.00132431746061709,0.0447646504588926,0.0116888703765618,0,0.000169267373044112,0,0,0.0126913633397679,1.39639922791967e-05,0.0094858038669329,8.12834675129265e-05,0.00015563744223229,0,0,0,0.000239899746125053,0,0.000496581456940137,0,0.000110657205381226,0,0.000122195258797986,0,0.000129827416436948,0.0145396829002483,0,0,0,0,0,0,0,0.000261034266713157,0,0.00860275716264289,0,0,0,0,0.000157047064257053,0.0178441012682773,2.73547574587345e-05,0.00779781884307783,0.00266383085744564,2.36825822226546e-05,0.0886582913446841,5.93475357999395e-05,0.0350130993989535
0,0,0,0,0,0,0,0,0,0,0,0,0,0,0,0,0.000103308677737527,5.43633281365814e-05,0.00340936814290317,0,0,0,0,0,0,0,0,0,0,0,0,0,0,0,0,6.92534514960419e-05,1.25315482672182e-06,0,0,0.00920315673938034,9.92871604584221e-05,0.0045739556652844,0.000169267373044112,0,0,0.000302609544107331,1.13179508270597e-05,3.714721775423e-05,0,0.000523515791352136,0,0,0,0,0,0,0,0,0,0,0,0,0.000404925638052309,3.79624509705388e-05,0,0,0,0,0,0,0,0,2.82756868547236e-05,0,0,0,0,0,0.00160737106475778,2.77949487150439e-05,0.00124406449928188,1.01754593288275e-05,9.69082789746445e-05,0,0.00184594633807123,0.002744860018426,0
0,0,0,0,0,0,0,0,0,0,0,0,0,0,0,0,0,0,0,0,0,0,0,0,0,0,0,0,0,0,0,0,0,0,0,0,0,0,0,0,0,0,0,0,0,0,0,0,0,0,0,0,0,0,0,0,0,0,0,0,0,0,0,0,0,0,0,0,0,0,0,0,0,0,0,0,0,0,0,0,0,0,0,0,0,0,0
0,0,0,0.00131564346991335,0,0,0,0,0,2.02402939877063e-05,0,0,0,0,0,0,0.000117603026903214,6.43804555095977e-05,0.00347912610668188,7.74056788682925e-05,0,0,0,0,0,0,0,0,0,0,0,0,0,0,0,0.000118276061535263,0,5.72654221483413e-05,0,0.00627605058320937,2.30494789584258e-05,0.00467850019982651,0,0.000302609544107331,0,0,8.53092062860859e-06,0.000253867093717758,0,0.000382654378299768,0,0.000184260330077634,0,0,0,0.000407064339167746,0,4.37830465935855e-05,0,0,0,0,0.0498218337837018,0,0,0,0,0,0,0,0.000132764160873018,0,0.00603804653660474,0,0,0,0,0,0.00764086482332536,1.35096209271936e-05,0.00682586542969149,0,0.00031644549828491,0,0.0194366890384503,0.000234834574551227,0
1.67860512873576e-05,0,0.000886480572351379,0,7.68438769365682e-05,0,0,0,1.45195712379224e-05,0,0,0,0,0,0,0,0.000571547436764522,0.000294742570403814,0.00985947145843154,0,0,0,0,0,0,0,0,0,0,0,0,0,0,0,0,3.85642293316798e-06,0.000471531064610059,0,0,0.000167690420507209,0.0100035750208165,0.000293963784329496,0.0126913633397679,1.13179508270597e-05,0,8.53092062860859e-06,0,9.25438904878054e-06,0.00173397011832307,9.02907868605195e-06,1.53173721659911e-05,0,0,0,0.000163795930049928,0,7.35599662837226e-05,0,2.12273751230583e-05,0,2.9692645913469e-05,0,1.59919598007475e-05,0.0170751662800909,0,0,0,0,0,0,0,0,0,0.000657949409960757,0,0,0,0,3.05502901253013e-05,0.00447974940813807,1.12594694697994e-05,0.000790844343768952,0.000723356616722743,0,0.0110961481669773,9.99783350982971e-06,0.000493825841119077
0,0,3.76041741414187e-05,0.00018459054425653,0,0,0,0,0,0,0,0,0,0,0,0,0,0,9.33203097290929e-05,0,0,0,0,0,0,0,0,0,0,0,0,0.0757786199050672,0.00975859988653622,0.115331700312885,0.110849559709749,0.00033520033507116,7.42436688019226e-05,0.000368005063984806,0.0068000725772139,8.87307273854294e-05,0.00894381424758941,0.00115669883842261,1.39639922791967e-05,3.714721775423e-05,0,0.000253867093717758,9.25438904878054e-06,0,0.158036255580552,0.0561108311606341,0,0,0,0,0,5.35834257314478e-05,1.17902751326318e-05,0,0,0,0,0,0,0,0,0,0,0,0,0,0,0,0,0,0.105248521817003,0.0817077443999056,0.0407709097913403,0.0239099219941137,0.0353131259031199,0.0229672876506453,7.44471853460914e-05,0.00643715456706276,0.00504263907629254,0.000223868139168692,0.0200285781847002,9.35862408420476e-05,0
0.0163590172799886,0,0.0160132443646019,0,0.000172218715990374,0,0,0,0.00837212022111674,0,0,0,0,0,0,0,7.58394295135248e-05,3.16219872761167e-05,0.00105651973622629,0,0,0,0,0,7.33147698571573e-05,0,0,0,0,0,0,0.000101531819916866,0,0.000302993343470957,0.00337233452758613,0,8.19028720581983e-05,0,0.00690921856261976,8.11090410279337e-06,0.0148394162669889,0.000498460145149117,0.0094858038669329,0,0,0,0.00173397011832307,0.158036255580552,0,0.0264017756481393,5.0920478675599e-05,0,0,0,0.00207123871995318,0,0.000388375293262213,0,0.000270099954945833,0,0.00107146042559801,0,5.2391107501909e-06,0.000943458145821851,0,0.00348545703724431,0,0.00269819171005357,0,0.0021001748418157,0,0.00812718193755654,0,0.00453639600275367,0.000749447463404163,6.88775748037422e-05,0.00160086762175683,0.00337986891869343,0.000477465286818363,0.016692540503587,0,0.00722296452648867,0.00298761916385374,0,0.0391929173080337,8.45453310212314e-05,0.00083443782507641
0,0.027843595045898,0,0.0213774195187913,0,0,0,0,0,0.00162316667364995,0,0,0,0,0,0,1.73904029794227e-05,3.72880884174742e-05,0.00100149312870036,0,0,0.00486448681064152,0,5.32264119003753e-05,0,0,0,0,0,0,0,0,0,0,0.000496292913046681,0,0,0.0124989554876168,0,0.00449592329427004,0,0.0226957289467027,8.12834675129265e-05,0.000523515791352136,0,0.000382654378299768,9.02907868605195e-06,0.0561108311606341,0.0264017756481393,0,0,0.000177115663356757,0,0,0,0.00544660205810042,0,0.00382566079439817,0,0.0134078322997339,0,0.00606809244245868,0.000805802780206271,1.54895330183184e-05,0.00668140736710207,0,0.00332661390167737,0,0.0112502863283147,0,0.033267678651815,0,0.0164861404396962,0,0,0,0.000714423869705965,0.000891292562800631,0.00445725404561194,0.000472891694109812,0.00595598087177151,0.000101484547312479,0.00134755951002887,0,0.0430739973443804,0.00315738491901092,0
0,0,0.0037509598751373,0,0.0729846272270025,0,0,0,9.36370445929636e-05,0,0,0,0,0,0,0,0,0,0,0,0.000115554580779516,0,0,0,0,0,0,0,0,0,0,0,0,0,0,0,1.48206013688133e-05,0,0,0,0.000170768289216845,0,0.00015563744223229,0,0,0,1.53173721659911e-05,0,5.0920478675599e-05,0,0,0,0,0,0.00131934658462364,0,0.004345822305611,0,0.00609315721400654,0,0.00906148414562266,0,0,0.00648426912950962,0,0,0,0,0,0,0,0,0,0.000146296431477157,0,0,0,0,0,2.40877494433787e-06,0,0,0.000123550727825461,0,0.00411902194509172,0,0
0,0,0,0.0407880598358422,0,0.0253491856394076,0,0.0049811834429446,0,0.000994920184091416,0,0.00320478877616538,0,0,0,0,0,0,0,0.00673330078477518,0,0,0,0,0,0,0,0,0,0,0,0,0,0,0,2.67925961945397e-05,0,0,0,6.99217303309161e-05,0,0.000397346066168775,0,0,0,0.000184260330077634,0,0,0,0.000177115663356757,0,0,0,0,0,0.00165176069220881,0,0.00885417737199457,0,0.0187611393732481,0,0.00809467621849994,0.000145455077037902,0,0,0,0,0,0,0,3.06400694145032e-05,0,0.000239182622404466,0,0,0,0,0,4.32614651300256e-05,0,9.95926575521144e-05,0,7.59012032924269e-05,0,0.005614541902089,0,0
0,0,0,0,0,0,0.000471184049764827,0,0,0,0,0,0,0,0,0,0,0,0,0,0,0,0,0,0,0,0,0,0,0,0,0,0,0,0,0,0,0,0,0,0,0,0,0,0,0,0,0,0,0,0,0,0,0,0,0,4.58927707903088e-05,0,0,0,0,0,0,0,0,0,0,0,0,0,0,0,0,0,0,0,0,0,0,0,0,0,0,0,0,0,0
0,0,0,0,0,0.0025105787925747,0,0.0443523465380794,0,0,0,0,0,0,0,0,0,0,0,0,0,0,0,0,0,0,0,0,0,0,0,0,0,0,0,0,0,0,0,0,0,0,0,0,0,0,0,0,0,0,0,0,0,0,0,0,0,0.00795819306466511,0,0.00540892571283965,0,0,0,0,0,0,0,0,0,0,0,0,0,0,0,0,0,0,0,0,0,0,0,0,0,0,0
0.0300794081247579,0,0.043166703545896,0,0.0100883356047779,0,0,0,0.175722837846938,0,0,0,0,0,9.18417105404135e-05,0,0.000134869300709907,1.78378162774135e-05,0,0,3.84478895058679e-05,0,0,0,0.0257248076275476,0,0,0,0,0,0,0,0,0,0,0,1.90252536005572e-06,0,0.000187856377186254,0,0.000118534526937253,0,0.000239899746125053,0,0,0,0.000163795930049928,0,0.00207123871995318,0,0.00131934658462364,0,0,0,0,0,0.000776624370041506,0,0.000519760085557757,0,0.0541150928054079,0,0,0.00156235304851505,0,0,0,0.18776348961378,0,0.000124263923782222,0,0,0,0.000168654226637743,0,0,0,0,0,9.59265240264809e-06,0,0.00259973875018869,5.45465041218335e-05,0,0.00620648772723444,0,0
0,0.0643569032676146,0,0.0558129896765414,0,0.0271841381291986,0,0,0,0.106300996513817,0,3.6611310063649e-05,0,0,0,0.00485598889309569,0,5.04490754344079e-06,0,0.00254745954877811,0,6.49596471167195e-06,0,0.0151776058638637,0,0.00320746421951457,0,0,0,0,0,0,0,0,0,6.96863420796019e-05,0,0.00237422372470009,0,0.000377554569075512,0,0.000269103891296555,0,0,0,0.000407064339167746,0,5.35834257314478e-05,0,0.00544660205810042,0,0.00165176069220881,0,0,0,0,0,0.000134044067198427,0,0,0,0.0417897265120547,1.94536411614384e-05,0,0,0,0.113745057873053,0,0.000817475820925163,0,1.4849812858944e-05,0,0.000195090319299155,0,0,0,0,0,6.90918469106511e-06,0,0.00406102482909678,0,5.92071891963658e-05,0,0.00499964961008827,0,0
0.00119581706059744,0,0.00045297442942406,0,0.000821651926955267,0,0,0,0.000116080648320431,0,0.0226044729262979,0,6.75341552852416e-05,0,8.13669188851063e-05,0,0,0,0,0,0.00751421925091551,0,0,0,0,0,0,0,0,0,0.000112919261921539,0,0,0,0,0,5.10451625329807e-05,0,0.00222631493905962,9.06662490800236e-06,0.000188044243595268,0,0.000496581456940137,0,0,0,7.35599662837226e-05,1.17902751326318e-05,0.000388375293262213,0,0.004345822305611,0,4.58927707903088e-05,0,0.000776624370041506,0,0,0,0.0213471292760833,0,0.00110073876150401,0,0,0.0335575976371372,0,0,0,0,0,0,0,0.0022938785000745,0,0.0427816931841169,0,0,0,0,0,5.92918410368339e-05,0,0.000434819710739259,6.34867571053512e-05,0,0.0274279073192556,0,0.00084059673970307
0,0,0,0.00262231915294605,0,0.00020402387735657,0,0.00477522254543873,0,0,0,0.0346096330402021,0,0,0,0,0,0,6.86499637479163e-06,0.00117306698703162,0,0,0,0,0,0,0,0,0,0,0,0,0,0,0,0.00171416879606101,0,0.00384554709024855,0,1.92757354894854e-05,0,0,0,0,0,4.37830465935855e-05,0,0,0,0.00382566079439817,0,0.00885417737199457,0,0.00795819306466511,0,0.000134044067198427,0,0,0,0.0216540938475544,0,0.00721967668879187,0.00637832668857578,0,2.37204763510145e-05,0,7.74841946140394e-05,0,0.000605907869290299,0,0.0217967901649085,0,0.0466144580248883,0,0,0,0,0,1.80525996404125e-05,0,0.00106553843205184,0,0.000210823017824577,0,0.0119099369070413,0,0
0,0,0.00110672921100346,0,0.000160080495596177,0,0,0,0,0,0.000451447593627582,0,0.0117636696030691,0,0.0259716535617774,0,0,0,0,0,0,0,0,0,0,0,0,0,0.000241558791096367,0,0,0,0,0,0,0,1.32912686207896e-05,0,0,0,0.000105560644799007,0,0.000110657205381226,0,0,0,2.12273751230583e-05,0,0.000270099954945833,0,0.00609315721400654,0,0,0,0.000519760085557757,0,0.0213471292760833,0,0,0,0.00669942761900357,0,0,0.000183116448713758,0,0,0,0,0,0,0,0.00123286209415605,0,6.80831322218204e-05,0,0,0,0,0,3.76717261091645e-06,0,0,1.78066220315545e-05,0,0.00178199130782862,0,0
0,0,0,0.00716903483303487,0,0.00379400506594846,0,0,0,0,0,0.00436913244053075,0,0.0265940899681682,0,0.00220809686062895,0,0,0,0,0,0,0,0,0,0,0,0,0,0,0,0,0,0,0,7.54882279093916e-06,0,0,0,2.67173510808925e-05,0,8.79250453088161e-05,0,0,0,0,0,0,0,0.0134078322997339,0,0.0187611393732481,0,0.00540892571283965,0,0,0,0.0216540938475544,0,0,0,0.0365963149802345,0.00103165248151755,0,0,0,0,0,0.00455863587078088,0,0.00831345061671357,0,9.4900627745535e-05,0,0,0,0,0,2.52861471151272e-06,0,2.87048166371789e-06,0,0.00024436191691756,0,0.00462485807183076,0,0
0.00767471304772525,0,0.00538670893846011,0,0.00825183568704091,0,0,0,0.0219265441750323,0,0,0,0.00279807073424703,0,0.023123271362315,0,5.08404939828355e-05,0,0,0,0,0,0,0,0.000358427171565185,0,0.00415395093042603,0,0,0,0,0,0,0,0,0,1.59390613673969e-06,0,0,0,0.000240795471708745,0,0.000122195258797986,0,0,0,2.9692645913469e-05,0,0.00107146042559801,0,0.00906148414562266,0,0,0,0.0541150928054079,0,0.00110073876150401,0,0.00669942761900357,0,0,0,0,0.000112450460295893,0,0,0,0.000917427316904699,0,0,0,0,0,0.000282741846041811,0,0,0,0,0,2.41369616931157e-05,0,2.74105631845291e-06,1.75335790171151e-05,0,0.00134827030378208,0,0
0,0.000303234349207658,0,0.0422264554727008,0,0.00712822596678407,0,0,0,0.00661750607531893,0,0.000351375026307352,0,0.010132246963466,0,0.038244410497612,0,0,0,0,0,0,0,4.22556156909988e-05,0,4.57531221056667e-05,0,0,0,0,0,0,0,0,0,5.0967892461987e-06,0,0,0,1.51848339391792e-05,0,7.18897322816832e-05,0,0,0,0,0,0,0,0.00606809244245868,0,0.00809467621849994,0,0,0,0.0417897265120547,0,0.00721967668879187,0,0.0365963149802345,0,0,8.20878979562456e-05,0,0,0,0.00374153434813292,0,9.81761328160608e-05,0,0.000193552669913554,0,9.29894653423479e-05,0,0,0,0,0,6.14076276162162e-06,0,5.01805766157251e-05,0,0.000117942339503824,0,0.00236406428141647,0,0
0,0,0,0.000196253048250825,0,0.00294043628659065,0,0,0,2.03842856267738e-05,0,0.0151797610257818,0,0,0,0,0.000162640546393167,0.00022959021644607,0.00450818745111205,0.0781885743945642,0,0,0,0,0,0,0,0,0,0,0,0,0,0,0,0.0164040663034244,0,0.00785136144626054,0,0.0122512267927427,5.0717521212159e-05,0.00990352268021297,0.000129827416436948,0.000404925638052309,0,0.0498218337837018,1.59919598007475e-05,0,5.2391107501909e-06,0.000805802780206271,0,0.000145455077037902,0,0,0,1.94536411614384e-05,0,0.00637832668857578,0,0.00103165248151755,0,8.20878979562456e-05,0,7.07774436040157e-05,0,0,2.06457517252547e-05,0,8.13768830289805e-05,0,0.00303797070021218,0,0.026729827901593,0,0,0,0,0,0.0153386734519633,1.59225989506072e-05,0.00907977182309516,8.43729034099953e-06,0.000923169057188112,0,0.0318133229170928,0.000254241667740257,0
0,0,0.00260385736891895,0,0.00587987798186528,0,0,0,6.16636996473036e-05,0,0.00583543890846193,0,0,0,0,0,0.00087747939005779,0.000346044804075653,0.0085242966906832,0,0.032040785439312,0,0,0,0,0,0,0,0,0,0,0,0,0,0,0,0.00387336672948762,0,0.000747847183152953,0.000320608818758326,0.0102548270425699,0.000285226276465834,0.0145396829002483,3.79624509705388e-05,0,0,0.0170751662800909,0,0.000943458145821851,1.54895330183184e-05,0.00648426912950962,0,0,0,0.00156235304851505,0,0.0335575976371372,0,0.000183116448713758,0,0.000112450460295893,0,7.07774436040157e-05,0,0,0,0,0,0,0,0,0,0,0.0202919591157853,0,0,0,0,4.08411406915707e-05,0.0190319513818279,1.32664056418527e-05,0.0116521236784378,0.00108415736162984,0,0.0450104150893626,8.04573100985639e-05,0.000768911803961037
0,0,0,0,0,0,0,0,0,0,0,0,0,0,0,0,0,0.000506049652141715,0,0,0,0.087380033370676,0.000380430181818737,0.000495811833252538,0,6.7351407778915e-05,0,0,0,0,0,0,0,0,0,0,0,0.0101839233110264,0,0,0,0,0,0,0,0,0,0,0,0.00668140736710207,0,0,0,0,0,0,0,2.37204763510145e-05,0,0,0,0,0,0,0,0,0.00451404889197737,0,0,0,0.0068938236655195,0,0,0,0,0,0,0,0,0,0.00114135059530201,0,0.000374583748858232,0.000211400270689649,1.66507474827684e-05,0,0
0,0,0,0,0,0,0,0,0,0,0,0,0,0,0,0,0.00191546010035964,0,0,0,0,8.32523910503369e-05,0.0612870208046258,0,0.000800475019534203,0,0.00218970730408614,0,0.000966989800457651,0,0,0,0,0,0,0,0,0,0.00140958719379202,0,0,0,0,0,0,0,0,0,0.00348545703724431,0,0,0,0,0,0,0,0,0,0,0,0,0,0,0,0,0,0,0.000261261534579441,0,0.00237244693064462,0,0.00184337007527802,0,0,0,0,0,0,0,0,0,0.00778055743701208,0.000139815324455139,0,0,0,0
0,0,0,0,0,0,0,0,0,0.00202942503750537,0,0,0,0,0,0,0,0,0,0,0,0.00123355656773353,0,0.212503716091931,0,0.00132297340204457,0,0,0,0,0,0,0,0,0,0,0,0.00333617329060001,0,0,0,0,0,0,0,0,0,0,0,0.00332661390167737,0,0,0,0,0,0.113745057873053,0,7.74841946140394e-05,0,0,0,0.00374153434813292,2.06457517252547e-05,0,0.00451404889197737,0,0,0,0.00567164766585204,0,0.000173503892356782,0,0,0,0,0,0,0,0,0,0.0037891627533424,0,0.000118049077873885,0,0.00651797052338572,0,0
0,0,0,0,0,0,0,0,0.00437852210742377,0,0,0,0,0,0,0,0,0,0,0,0,0,0.000580102973369805,0,0.100308346913229,0,0,0,0,0,0,0,0,0,0,0,0,0,0.0113973591700154,0,0,0,0,0,0,0,0,0,0.00269819171005357,0,0,0,0,0,0.18776348961378,0,0,0,0,0,0.000917427316904699,0,0,0,0,0.000261261534579441,0,0,0,0.00707866202442036,0,0,0,0,0,0,0,0,0,0,0,0.0158419171900698,4.18960093273112e-05,0,0.00641044100699674,0,0
0,0,0,0,0,0,0,0,0,0,0,0,0,0,0,0,0,0.00121406525786643,0,0,0,2.0690440578619e-05,0,0.00213749798144969,0,0.0434076366113649,0,0.00210888571366878,0,0,0,0,0,0,0,0,0,0,0,0,0,0,0,0,0,0,0,0,0,0.0112502863283147,0,0,0,0,0,0.000817475820925163,0,0.000605907869290299,0,0.00455863587078088,0,9.81761328160608e-05,8.13768830289805e-05,0,0,0,0.00567164766585204,0,0,0,0.0145916295100714,0,5.33173056023878e-05,0,0,0,0,0,0,0,0,0,0.000142137666176633,0,0.000483482847346072,0,0
0,0,0,0,0,0,0,0,0.00278916274146737,0,0,0,0,0,0,0,0.000152582942973822,0,0,0,0,0,1.23843175338779e-05,0,0.000279350415725005,0,0.0326876400195774,0,3.03675011740635e-05,0,0,0,0,0,0,0,0,0,0,0,0,0,0,0,0,0,0,0,0.0021001748418157,0,0,0,0,0,0.000124263923782222,0,0,0,0,0,0,0,0,0,0,0.00237244693064462,0,0.00707866202442036,0,0,0,0.00486493467202639,0,0,0,0,0,0,0,0,0,0,0,0,0,0,0
0,0,0,0.000113371563380413,0,0,0,0,0,0,0,0,0,0,0,0,0,0,4.94752654105757e-05,0,0,0.00180447172661877,0,0,0,0,0,0.0240430300606983,0,0.00559195924001145,0,0,0,0,0,3.03406363666691e-06,0,8.06690903714353e-05,0,3.47191262917504e-05,0,9.86809339474451e-05,0,0,0,0.000132764160873018,0,0,0,0.033267678651815,0,3.06400694145032e-05,0,0,0,1.4849812858944e-05,0,0.0217967901649085,0,0.00831345061671357,0,0.000193552669913554,0.00303797070021218,0,0.0068938236655195,0,0.000173503892356782,0,0.0145916295100714,0,0,0,0.00803326518520575,0,0,0,0,0,5.50097975891515e-05,0,0.003294493930957,0,7.42495636971336e-05,0,0.0172900156058105,4.06003523762766e-05,0
4.56981811590303e-05,0,0,0,0,0,0,0,0,0,0,0,2.24388053557964e-05,0,0,0,0,0,0,0,0,0,0.000125105929850104,0,0,0,0.000346286551059432,0,0.0118744287265795,0,0,0,0,0,0,0,0,0,0,0,0,0,0.000261034266713157,0,0,0,0,0,0.00812718193755654,0,0,0,0,0,0,0,0.0022938785000745,0,0.00123286209415605,0,0,0,0,0,0,0.00184337007527802,0,0,0,0.00486493467202639,0,0,0,0.0163891540123414,0,0,0,0,0,0,0,0.00126608065227402,0,0,0.00535066309919243,0,0
0,0,0,0.00231503882740147,0,0,0,0,0,0,0,0.00201300784091284,0,0,0,0,2.88734603586893e-06,2.45243394762147e-05,0.000897210098463424,0,0,0.000338701155579456,0,0,0,0,0,0,0,0.0525037084882027,0,0,0,0,0,2.83120479925575e-06,0,0.00303814364632626,0,0.00115453598789025,1.54690933097901e-05,0.00812144753294038,0,2.82756868547236e-05,0,0.00603804653660474,0,0,0,0.0164861404396962,0,0.000239182622404466,0,0,0,0.000195090319299155,0,0.0466144580248883,0,9.4900627745535e-05,0,9.29894653423479e-05,0.026729827901593,0,0,0,0,0,5.33173056023878e-05,0,0.00803326518520575,0,0,0,0,0,0,0,0.000545512582120886,1.61308819678931e-06,0.0119624605713344,0,4.90089660491049e-05,0,0.0217312374681249,0.0049443881787371,0
