0,0,0.00501001220558262,0,0,0,0,0,0.0488046827199658,0,0,0,0,0,0.000496147097930292,0,0,0,5.74861541837021e-05,0,0,0,0,0,0,0,0,0,0,0,0,0,0,0,0,0,1.77303565913564e-06,0,0,0,2.71902794580757e-05,0,0.000644554127891495,0,0,0,5.75619431261516e-05,0,0.043534173173751,0,0,0,0,0,0.0289870329539571,0,7.02022529263994e-05,0,0.00018379816809848,0,0.0353770380792865,0,0,0,0,0,0,0,0,0,0,0,0,0.00164938697877493,0,0,0,0,0,1.79893102627739e-05,0,0,0.000470284527062811,0,0.00760538310094279,0,0.00075081037825107
0,0,0,0.00300281875102889,0,0,0,0,0,0.0276726797311189,0,0,0,0,0,0.00242841836991887,0,0,4.10425783002864e-05,0,0,0,0,0.000379223253956004,0,0,0,0,0,0,0,0,0,0,0,0,0,0,0,0,0,0.00291162988966258,0,0,0,0,0,0.000123348612214582,0,0.0127392937064333,0,0,0,0,0,0.0306083290345216,0,0,0,0,0,0.00350813918624526,0,0,0,0,0.000907066540195081,0,0,0,0,0,0,0,0,0,0,0,0,0,5.96353137033742e-06,0,0.000702913172454287,0,0.00422060749045406,0.000561793514462658,0
0.00501001220558262,0,0,0,0.00472279030353529,0,0,0,0.00662028079637725,0,0.000179653248541317,0,0,0,0,0,0,0,3.52942095066782e-05,0,0,0,0,0,0,0,0,0,0,0,2.86565580793971e-05,0,0,0,0,0,5.37028612083321e-05,0,9.63890358454052e-06,0,0.000478864690753993,0,0.000828744839667729,0,0,0,0.00102768873430194,3.12260370626746e-05,0.00353392416891394,0,0,0,0,0,0,0,0.00439935717284037,0,0.0010380441125654,0,0.0031273479456108,0,0,0.000375027848524088,0,0,0,0,0,0,0,0,0,0.00120952139311445,0,0,0,0,0,4.20021740710543e-05,0,8.8666877530831e-05,6.29403067422854e-05,0,0.0271775640212064,0,0
0,0.00300281875102889,0,0,0,0.023777763091435,0,0,0,0.00773874126090638,0,0.000133785684564728,0,0,0,0,1.22637892633938e-05,1.66372040987986e-05,0.000269455687269712,9.11746312865684e-05,0,0,0,0,0,0,0,0,0,0,0,0,0,0,0,2.78980446069936e-05,0,7.05696896569038e-06,6.02520153209114e-06,0.00136685269595895,1.45887698522717e-05,0.00240144910444778,3.78752739572832e-05,0.000726107967870919,0,0.012692808896761,0,0.000436834331055618,0.000147407030938922,0.00910105625648555,0,0,0,0,0,0.0102806310880082,0,0.000949328521778226,0,0.000173376022206979,0,0,0.00170072002594036,0,0,0,0,0,0,0,0,0,0.00482010623213542,0,0,0,0,0,0.00020052516999013,8.50170493459567e-07,0.000256085447194521,0,0.000538610984074755,5.99393356120768e-05,0.0320323451550622,0.000951666890285308,0
0,0,0.00472279030353529,0,0,0,0.00278762122790298,0,0.000111160516098607,0,2.77196474868706e-05,0,0,0,0,0,0,0,0,0,0.00951762859460218,0,0,0,0,0,0,0,0,0,0,0,0,0,0,0,1.65738800626521e-05,0,0,0,0.000367072205906893,0,3.54920891858989e-05,0,0,0,0.000871634706873264,1.99490996555941e-05,0.000854049566575798,0,0.0436909609738303,0,0.000132406494230963,0,0.000537598272785544,0,3.04831115797681e-05,0,0,0,0.00144381554188969,0,0,0.0120667278590132,0,0,0,0,0,0,0,0,0,0.000218577864378024,0,0,0,0,0,3.41474770273936e-05,0,0,0.00202543918829843,0,0.00190756300448812,0,0
0,0,0,0.023777763091435,0,0,0,0.000476447079038961,0,0.00998284031776496,0,4.42701892319655e-05,0,0,0,0.000532036678776569,0,0,0,0.00591083798667467,0,0,0,0,0,0,0,0,0,0,0,0,0,0,0,0,0,0,0,0.000109901723438783,0,4.14801518729547e-05,0,0,0,0.000732695672543445,0,9.4447899026555e-05,0,0.000441692962520803,0,0.00381683378196472,0,0,0,0.00185448976323816,0,0.000184641654636514,0,0,0,0,0.0035769421586135,0,0,0,0,0,0,0,0,0,8.34439447968625e-05,0,0,0,0,0,0,0,1.58856151273257e-05,0,0.00190657543277168,0.000222004424439863,0.00833719097744716,2.67313748866464e-05,0
0,0,0,0,0.00278762122790298,0,0,0,0,0,0.000553045303325424,0,0,0,0,0,0,0,0,0,0.00844021851476378,0,0,0,0,0,0,0,0,0,0,0,0,0,0,0,0,0,0,0,0,0,0,0,0,0,0,0,0,0,0.00122450857433245,0,0.0815577688375809,0,0,0,0.00289428263313412,0,0,0,0,0,0,0.00221033005705542,0,0,0,0,0,0,0,0,0,0,0,0,0,0,0,0,0,0,0.00132797138481357,0,0,0,0
0,0,0,0,0,0.000476447079038961,0,0,0,0,0,0.00290588639882157,0,0,0,0,0,0,0,0.00139642326519756,0,0,0,0,0,0,0,0,0,0,0,0,0,0,0,0,0,0,0,0,0,0,0,0,0,0,0,0,0,0,0,0.000128344996483065,0,0.0573135398001543,0,0,0,0.00123244806627938,0,0,0,0,0.0013614053192536,0,0,0,0,0,0,0,0,0,0,0,0,0,0,0,0,0,0,0,0.00157960230829847,0,0,0,0
0.0488046827199658,0,0.00662028079637725,0,0.000111160516098607,0,0,0,0,0,0,0,0,0,0.0116152390161872,0,0.0150667623846039,0.00194698510436369,0.00282197162282508,0,0,0,0.000632119349791222,0.000280450279813755,0.0454680390366091,0,0.0115114941020978,0,0.000307384838101651,0,0,0,0,0,0,0,1.16018157147542e-06,0,0.00215793537919764,0,0,0.000101814141600161,0.00112856393982945,0,0,0,0,0,0.0156024875754636,0,0,0,0,0,0.133858150359585,0,0,0,9.50029758241897e-05,0,0.00820461134750894,0,0,0,0,0,0.000406746361566405,0.00543485610635789,0,0.00185401584770391,0,8.67993320665622e-05,0,0,0,0,0,0,2.15686606638989e-05,3.53091913005406e-05,0,0.000612550090170554,0.00238516392410596,9.80396995500453e-05,0.00565605474335448,0,0
0,0.0276726797311189,0,0.00773874126090638,0,0.00998284031776496,0,0,0,0,0,0,0,0,0,0.00375141142406599,8.56995238537233e-05,0.00124313643716897,0.000355915744712513,0,0,3.33493014526573e-05,0,0.00217815936874821,0,0.000113946650592643,0,0,0,0,0,0,0,0,0,0,0,0.000878050069043353,0,3.950985070877e-05,0,0.000452764410560122,0,0.000541521350925413,0,0.000437270588777668,0,8.79357062075268e-05,0,0.00151130835565147,0,0,0,0,0,0.11998176395653,0,1.14298872129703e-05,0,0,0,0.00395253897340388,2.31135265417429e-05,0,0,0,0.000941631990483702,0,0,0,0,0,7.08224825078543e-05,0,0,0,0,0,1.15405769684313e-05,0,0.000626449855289708,0,0.00326869151770355,0.000333525518741335,0.0064419633061701,0.00885442468452016,0
0,0,0.000179653248541317,0,2.77196474868706e-05,0,0.000553045303325424,0,0,0,0,0,0.00232001267651365,0,0,0,2.00312463986663e-05,0,0.000262017107872544,0,0.014057154173621,0,0,0,0,0,2.97712974084263e-05,0,5.68924303952952e-05,0,0.000819215801170675,0,0,0,0,0,0.000406027087122589,0,0.00225683966872599,0,0.000275089450055677,1.61919433838875e-05,0.00225296869769322,0,0,0,0.000527933742307137,5.85546407997028e-06,0.000149079119102891,0,0.000113199605351768,0,0.00148892538657152,0,0,0,0.0449784173990688,0,0.000318122574339731,0,1.17005472641613e-05,0,0,0.0107773725661885,0,0,0,0,0,0,0,0.000457635371107752,0,0.000938501653758192,0,0,0,0,0,0.000210657527714849,0,0.000923286938218412,0.00072529391515087,0.000153728334354492,0.00166203983990637,0,0.00233643710594572
0,0,0,0.000133785684564728,0,4.42701892319655e-05,0,0.00290588639882157,0,0,0,0,0,0.000467123820668469,0,0,0,0,0,0.020249651930312,0,0,0,0,0,0,0,0,0,0.0022617858023682,0,0,0,0,0,0.000532216347786426,0,0.00430109579158606,0,0,0,0,0,1.78952002565643e-05,0,0.000171511790008007,0,0,0,0,0,0,0,0.00187614861061286,0,0,0,0.0677334618504572,0,0,0,0,0.00499266345895363,0,0,0,0,0,0,0,0,0,0.0023831350285839,0,0,0,0,0,0.00018982961816055,0,0.00232834760369151,0,0.000715979462899635,0,0.00017322780990045,0,0
0,0,0,0,0,0,0,0,0,0,0.00232001267651365,0,0,0,0.000738565342827194,0,0.000433308730789809,2.51625948839516e-05,0,0,0,0,0,0,0,0,0.000986551314719653,0,0.000451207237753642,0,0,0,0,0,0,0,0,0,0,0,0,0,0,0,0,0,0,0,0,0,0.000794160437690064,0,0,0,9.23748921114386e-05,0,0.00413883013148325,0,0.0191095388847023,0,0.000319468847657395,0,0,0,0,0,0,0,0,0,0,6.96460395625646e-05,0,0.000462868055148592,0,0,0,0,0,0,0,0,0.000106793862237803,8.52283460494173e-05,0,0,0
0,0,0,0,0,0,0,0,0,0,0,0.000467123820668469,0,0,0,0,0,0,0,0,0,0,0,0,0,0,0,0,0,0,0,0,0,0,0,0,0,0,0,0,0,0,0,0,0,0,0,0,0,0,0,0,0,0.00018970084027788,0,0,0,0.00262304853660029,0,0.0061143659984436,0,0,0,0,0,0,0,0,0,0,0,0,0,0,0,0,0,0,0,0,0,0,0,0,0,0,0
0.000496147097930292,0,0,0,0,0,0,0,0.0116152390161872,0,0,0,0.000738565342827194,0,0,0,0.0145158067006274,0.000239218197169237,0.000265440019749306,0,0,0,0.000369712428403628,0,0.00146676809345442,0,0.014775516550039,0,0.0020604756968895,0,0,0,0,0,0,0,0,0,0,0,0,0,0,0,0,0,0,0,0,0,0.00462140334461305,0,0,0,0.0059100932240371,0,0,0,0.000928380455813666,0,0.0288620969482744,0,0,0,0,2.31023911152102e-05,0,0,0,0.00422099313491782,0,0.000291272483617277,0,0,0,0,0,0,0,0,9.60999062291025e-06,0,0.00126536991954987,0.000344260516068599,0,0,0
0,0.00242841836991887,0,0,0,0.000532036678776569,0,0,0,0.00375141142406599,0,0,0,0,0,0,9.77065419746933e-05,0.00266633637486049,0.000333526354560366,0,0,0,0,0.000179122016164723,0,0,0,0,0,0,0,0,0,0,0,0,0,0,0,0,0,0,0,0,0,0,0,0,0,0,0,0,0,0,0,0.00438162141867919,0,0,0,0,0,0.029731991539713,0,0,0,0,0,0.000435778370439791,0,0,0,0,0,0,0,0,0,0,0,0,0,0,8.57330902997306e-05,0,0,0,0
0,0,0,1.22637892633938e-05,0,0,0,0,0.0150667623846039,8.56995238537233e-05,2.00312463986663e-05,0,0.000433308730789809,0,0.0145158067006274,9.77065419746933e-05,0,0.0974384752976316,0.0575809925266986,0,0,2.22739023629183e-05,0.0153376340307655,0.000164812436290599,0.00989870293720164,0.000144427624647965,0.0469654557963094,0,0.00426158907621074,0,2.68382755997309e-06,0,0,0,0,0,3.99980372315563e-05,0,6.88525403084211e-06,0.000352017663861807,0.000431569114474373,0.000623567724164694,0.00150643564211728,5.2964476282978e-05,2.08010197760494e-05,5.19312664259463e-05,0.000851419041189336,0,2.10506580879898e-05,7.74353114823623e-06,0,0,0,0,0.00350058361384877,0,2.33950109320581e-05,0,0,0,0.00708300556356005,0,5.97212949377918e-05,0.000291635545912599,0,0.000486599306513644,0,0.000269574277030175,1.03982263186417e-05,0.00733587585398209,0,9.15514062827336e-05,2.19859459710794e-05,0.000110805515233669,0,0,0,0,0.000593236222189269,0.00106679316340655,0.0001762476499553,0.00046645968561615,0.030016771678453,0.00592898067690254,0.000718196662373688,2.16242163122568e-05,0.000180368439660633
0,0,0,1.66372040987986e-05,0,0,0,0,0.00194698510436369,0.00124313643716897,0,0,2.51625948839516e-05,0,0.000239218197169237,0.00266633637486049,0.0974384752976316,0,0.0683494341295983,0,0,0.00335371128123649,0.00084757496431163,0.00155896049795698,0.00436384686022592,0.0208043272019958,0.00119611301227187,0.000272158020491327,1.03133016367038e-05,0,0,0,0,0,0,0,2.91363942591939e-05,7.50564458851043e-06,0,0.000378034957302723,0.000110674581606932,0.00114756302811486,0.000214854050342365,0.000196969257287075,1.11354590515327e-05,0.000244414049966753,8.39278482119508e-05,3.81950057262676e-06,0,4.72185573404046e-05,4.21533653445722e-06,0,0,0,0.000443172349093679,0,3.43033810806023e-06,5.60777415278173e-06,0,0,0.000147966410932417,6.25011864997945e-05,7.10907137356821e-05,0.000111922683989997,0.000329210406988177,8.15967749828222e-05,6.20408833410947e-05,0.000174028989634833,0.00471885642293194,0.000278858034405403,0,0,9.43113315075097e-05,0,0,0,0,0,0.000492301599531059,0.000279901625065081,0.000317785473235421,0.000133947291553116,0.0292666269803911,0.00937752599336958,0.000340947070312662,0.000163599215773561,0.000110055434627841
5.74861541837021e-05,4.10425783002864e-05,3.52942095066782e-05,0.000269455687269712,0,0,0,0,0.00282197162282508,0.000355915744712513,0.000262017107872544,0,0,0,0.000265440019749306,0.000333526354560366,0.0575809925266986,0.0683494341295983,0,0,0,0,0.000303691947959036,0.000143874743565321,0.00257697949463598,0.000362948024433142,0.00171237455102295,1.50655835909055e-05,3.68272123125724e-05,0,0.000197950799102261,0,0,0,0,9.01837457393737e-05,0.000620207528569492,0.000193128069008691,0.000228053794485897,0.0118374386993521,0.00592439975872585,0.0253868134406764,0.0185281239460445,0.00822698081935177,0.0012615874348627,0.00309229842218818,0.0158030690294923,8.22005849335551e-05,0.000119853526638559,0.00134677683168105,5.98634138346591e-06,0,0,0,0.000677670778038521,0,0.000371128375160683,6.63530605480694e-05,3.9425076243056e-06,0,0.000311217714331342,0,0.00194326403268172,0.00415630387044275,0,6.95444742269968e-06,0,1.47564351803283e-05,0.000380390511557647,0.00100353321507389,0,0,0.00156498415469096,0.00109312908224049,0,0,0,0,0.0139845966696857,0.0113713254366592,0.00512107240486895,0.00426450133978488,0.014572840527261,4.56290902323901e-05,0.0135430781910717,0.00305486389024849,0.00188502425722957
0,0,0,9.11746312865684e-05,0,0.00591083798667467,0,0.00139642326519756,0,0,0,0.020249651930312,0,0,0,0,0,0,0,0,0,0,0,0,0,0,0,0,0,0,0,0,0,0,0,0.00907517713944491,0,0.00126741673483006,0,0.000138831370356605,0,0,0,0,0,2.62414447388729e-05,0,0,0,0,0,0,0,0,0,0,0,0.000315938029349794,0,0,0,0,0.039408543299678,0,0,0,0,0,0,0,0,0,0.000926516074197492,0,0,0,0,0,0.00300006777360108,0,0.000730809580564121,0,0.000940783865240162,0,0.000137135030859739,0,0
0,0,0,0,0.00951762859460218,0,0.00844021851476378,0,0,0,0.014057154173621,0,0,0,0,0,0,0,0,0,0,0,0,0,0,0,0,0,0,0,0.000686816052886504,0,0,0,0,0,0.00590756783627437,0,0.00199195821825471,0,0.000231127909089836,0,8.0274870616094e-05,0,0,0,0.00320326741965422,0,0.000283383687904221,0,0.0195876025943706,0,0.000540379987634107,0,0,0,0.0131460560088487,0,0,0,0,0,0,0.0725499591173272,0,0,0,0,0,0,0,0,0,0.00123166089366097,0,0,0,0,0,0.0137321023076438,0,0.00317579522964777,0.000853346088685342,7.46923169675233e-06,0.000545458056657152,0,0
0,0,0,0,0,0,0,0,0,3.33493014526573e-05,0,0,0,0,0,0,2.22739023629183e-05,0.00335371128123649,0,0,0,0,0.00365226097608172,0.0031410041499547,0,0.000123166347304078,0,0,0,0,0,0,0,1.06671071714103e-05,1.99970327873224e-05,0,0,0.00599797305262236,0.000109106060913466,0,0,0,0,0,0,0,1.60948114830844e-05,0.000117403769810912,0,0.000942193045905165,0,0,0,0,0,0,0,0,0,0,0,0,0,0,0.0609242725460556,4.53562674267712e-05,0.00102953697787405,0,0.00061441816451142,0,2.00075559635602e-05,0,0,0,0,0,0,0,0,0,0.00700801834236225,0,0.00252667203711226,0.000801283573772844,2.33005556542216e-05,0,0
0,0,0,0,0,0,0,0,0.000632119349791222,0,0,0,0,0,0.000369712428403628,0,0.0153376340307655,0.00084757496431163,0.000303691947959036,0,0,0.00365226097608172,0,0,0.00471986107516316,0,0.00966396689745748,0,0.00199686425153091,0,0,0,0,0,0,0,0,0,0.00252770276920964,0,0,0,0,0,0,0,0,1.84635396896599e-05,0.0023644491461028,0,0,0,0,0,8.94287929745999e-06,0,0,0,0,0,0.000169213244484436,0,0,0,0.000878531250825078,0.0551046447438817,0,0.00241808874999778,0,0.00126367351773679,0,0.000244989327867338,0,0,0,0,0,0,0,4.56971273420744e-06,9.2478879476182e-06,0.000928869190919662,0.00262649530613232,0.000579893784538052,8.88737556214871e-05,0,0
0,0.000379223253956004,0,0,0,0,0,0,0.000280450279813755,0.00217815936874821,0,0,0,0,0,0.000179122016164723,0.000164812436290599,0.00155896049795698,0.000143874743565321,0,0,0.0031410041499547,0,0,0.00108233460011955,0.0171365430241387,0,0,0,0,0,0,0,0,0,0,0,0.00715724649407642,0,0,0,6.51249388876254e-05,0,0,0,0,0,0,0,0.00211123743233366,0,0,0,0,0,0.0527227003479216,0,0,0,0,0,0,0,0,0.000317472309332295,0,0.108662832966175,0,0.000115961295057558,0,0,0,0,0,0,0,0,0,0,0,0.0023815480989953,0,0.00190509933550896,1.26149315796395e-05,0.00347154928212724,0,0
0,0,0,0,0,0,0,0,0.0454680390366091,0,0,0,0,0,0.00146676809345442,0,0.00989870293720164,0.00436384686022592,0.00257697949463598,0,0,0,0.00471986107516316,0.00108233460011955,0,0,0.041005843685644,0,3.32380796485784e-05,0,0,0,0,0,0,0,0,0,0.0017527904155355,0,1.66065476505418e-05,0,2.11255354835612e-05,0,0,3.48231505068923e-05,0,5.67689061836962e-05,0.00754875036731653,0,0,0,0,0,0.0184439397093503,0,0,0,0,0,0.00121503320344763,0,0,9.24304943939009e-05,0,0.000790232467087667,0,0.180607543739438,0,0.0132503827327899,0,8.5613186824995e-05,0,0,0,0,0,0,2.61697056018527e-06,1.51260663783648e-05,7.87930822452499e-06,0.000191441445395551,0.00234636718343954,9.32549979367962e-05,0.00139540813033473,0,0
0,0,0,0,0,0,0,0,0,0.000113946650592643,0,0,0,0,0,0,0.000144427624647965,0.0208043272019958,0.000362948024433142,0,0,0.000123166347304078,0,0.0171365430241387,0,0,0,0.000435006183228089,0,0,0,0,0,0,0,0,0,0,0,0,0,0,0,0,0,0,0,0,0,0,0,0,0,0,0,0.000524312939183284,0,0,0,0,0,0,0,0,0.000532581301071773,0,0.00581613092132047,0,0.0233260971973807,0,0,0,0,0,0,0,0,0,0,0,0,0,0.00123783270155193,0,0,0,0
0,0,0,0,0,0,0,0,0.0115114941020978,0,2.97712974084263e-05,0,0.000986551314719653,0,0.014775516550039,0,0.0469654557963094,0.00119611301227187,0.00171237455102295,0,0,0,0.00966396689745748,0,0.041005843685644,0,0,0,0.00676132765696205,0,0,0,0,0,0,0,0,0,0,0,9.26138086792324e-06,0,0,0,0,0,0,0,8.69510071296025e-05,0,0,0,0,0,0.00130377120468464,0,0,0,0,0,0.00394992349317515,0,0,0,0,0.000426178495816398,0,0.0262955165493019,0,0.112044757038851,0,0.00130736785483089,0,0,0,0,0,0,6.55979507707855e-06,9.55677222781278e-06,1.7886141448979e-06,4.5129937709413e-06,0.00325459972834299,0.000204410267415555,0,0,0
0,0,0,0,0,0,0,0,0,0,0,0,0,0,0,0,0,0.000272158020491327,1.50655835909055e-05,0,0,0,0,0,0,0.000435006183228089,0,0,0,0,0,0,0,0,0,0,0,0.00078683316832313,0,0,0,0,0,0,0,0,0,0,0,0,0,0,0,0,0,0,0,0,0,0,0,0,0,0,2.80961746561316e-05,0,0,0,0.000524929838289182,0,0.0126408307800522,0,0,0,0,0,0,0,0,0,0.000329388617706366,0,0.000138982512510345,0,0,0,0
0,0,0,0,0,0,0,0,0.000307384838101651,0,5.68924303952952e-05,0,0.000451207237753642,0,0.0020604756968895,0,0.00426158907621074,1.03133016367038e-05,3.68272123125724e-05,0,0,0,0.00199686425153091,0,3.32380796485784e-05,0,0.00676132765696205,0,0,0,0.00113452467434235,0,0,0,0,0,0,0,0.00157928027217187,0,0,0,0,0,0,0,0,0,0,0,0,0,0,0,0.000310206516946531,0,5.85377534371158e-05,0,1.83785505753231e-05,0,2.86167682882923e-05,0,0,0,0,0,0,0,0,0.00126498907299527,0,0.0408280365247604,0,0.00278940335569097,0,0,0,0,0,0,0,0.00168134788463597,0.000417139135811983,0.000156256532149681,0,0,0
0,0,0,0,0,0,0,0,0,0,0,0.0022617858023682,0,0,0,0,0,0,0,0,0,0,0,0,0,0,0,0,0,0,0,0,0,0,0,0,0,0.000248380837674265,0,0,0,0,0,0,0,0,0,0,0,0,0,0,0,0,0,0,0,0.00424214226678107,0,0,0,0,0,0,0,0,0,0,0,0,0,0,0.036190447542669,0,0,0,0,0,0,0,0.00127016499894324,0,5.11959235540146e-05,0,0,0,0
0,0,2.86565580793971e-05,0,0,0,0,0,0,0,0.000819215801170675,0,0,0,0,0,2.68382755997309e-06,0,0.000197950799102261,0,0.000686816052886504,0,0,0,0,0,0,0,0.00113452467434235,0,0,0,0,0,0,0,0,0,0.000300804500244151,0,6.59842898918345e-05,7.60217684633722e-06,0.00123985450059175,0,4.79194091760555e-05,0,0.000297244211768423,0,1.98578167553605e-05,0,0.000108638124796155,0,0,0,0,0,0.000315267587310525,0,2.19948895080593e-05,0,0,0,0,0.00175414608693373,0,0,0,0,0,0,0,0.000619747175059257,0,0.0644421220228937,0,0,0,0,0,6.63126141263545e-05,0,0.00116045829089524,0.000184627938193004,1.4952050304862e-05,0.000831639713785314,0,0.00297768018053166
0,0,0,0,0,0,0,0,0,0,0,0,0,0,0,0,0,0,0,0,0,0,0,0,0,0,0,0,0,0,0,0,0.0169436217616902,0,0,0.00280980687156823,8.35397842909205e-05,0,0,0,0,0,0,0,0,0,0,0.0137612279729647,5.7195591771439e-05,0.000375552422890532,0,0,0,0,0,0,0,0,0,0,0,0,0,0,0,0,0,0,0,0,0,0,0,0,0.300516052235598,0.00577108894642751,0.00409525357290687,0,0.00256245577345185,3.37048083328906e-05,0,0,0.000904206692406924,0,0,0,0
0,0,0,0,0,0,0,0,0,0,0,0,0,0,0,0,0,0,0,0,0,0,0,0,0,0,0,0,0,0,0,0.0169436217616902,0,0.000217371578074423,0.00229459752456682,0,0.00214067234746154,0,0,0,1.97726188345929e-05,0,0,0,0,0,0,0.00407197442545265,0,0,0,0,0,0,0,0,0,0,0,0,0,0,0,0,0,0,0,0,0,0,0,0,0,0,0.0534176608022903,0.255868390294294,0,0.00446954402928799,0.000285931883559574,0.00440912666219254,0,0,0.000126656654123453,0,0,0,0
0,0,0,0,0,0,0,0,0,0,0,0,0,0,0,0,0,0,0,0,0,1.06671071714103e-05,0,0,0,0,0,0,0,0,0,0,0.000217371578074423,0,0.101153835534272,0.00617574387019041,0,0.00599289672028366,0.00088597119516776,0,0,0,5.31957181879941e-05,0,0,0,0,0.0968568647553936,0.00395288368996062,0.00220402729833007,0,0,0,0,0,0,0,0,0,0,0,0,0,0,7.36627128013895e-05,0,0,0,0,0,0,0,0,0,0.00498496000261326,0,0.342921984115184,0.0176828439256306,0.0133769529845313,0,0.00330165739117381,0.00113971655100411,0.00284553443667397,0.000323798259811589,0.000448247897241739,0.000105753106810708,0
0,0,0,0,0,0,0,0,0,0,0,0,0,0,0,0,0,0,0,0,0,1.99970327873224e-05,0,0,0,0,0,0,0,0,0,0,0.00229459752456682,0.101153835534272,0,0,0.00239945270331345,0.000129452947718179,0.00299917885652766,0,0,0,0,0,0,0,0,0.0860171721152782,0.00976170844113544,2.34756354529301e-05,0,0,0,0,0,0,0,0,0,0,0,0,0,0,0,0,0,0,0,0,0,0,0,0,0,0.00278342568970622,0.0134030333081422,0.391042387066031,0,0.000777666761011881,0,0.00677869412744553,0.00262585549709179,0,0.000335808597993381,0,0
0,0,0,2.78980446069936e-05,0,0,0,0,0,0,0,0.000532216347786426,0,0,0,0,0,0,9.01837457393737e-05,0.00907517713944491,0,0,0,0,0,0,0,0,0,0,0,0.00280980687156823,0,0.00617574387019041,0,0,0.00491176095789045,0.00821791537661802,0,4.62016288587549e-06,0,4.89880153632929e-05,2.16207103102036e-06,5.82361701400699e-05,0,0.000405389416121376,0,0.00493876287389871,6.0863108323875e-05,0.000462518891667387,0,0,0,0,0,0,0,0,0,0,0,0,0.00684563130929798,0,0,0,0,0,0,0,0,0,1.53185756934954e-06,0,0.00165007928230591,0,0.0034571801262721,0,0.078846836575498,0.000723191814368003,0.00164975903483037,0,0.0126050652370258,0.000928021974949639,0.000214259882863701,1.23855641408409e-05,0
1.77303565913564e-06,0,5.37028612083321e-05,0,1.65738800626521e-05,0,0,0,1.16018157147542e-06,0,0.000406027087122589,0,0,0,0,0,3.99980372315563e-05,2.91363942591939e-05,0.000620207528569492,0,0.00590756783627437,0,0,0,0,0,0,0,0,0,0,8.35397842909205e-05,0.00214067234746154,0,0.00239945270331345,0.00491176095789045,0,0,0.0104284753523049,0,0.000173927112154006,1.05076731694221e-05,0.000516978702254806,3.3210214970527e-06,0.00010302026177236,0,0.00140071596289528,0.00212975228277641,0.000328813235056258,0,1.25641039808258e-05,0,0,0,0,0,3.44669444683013e-05,0,5.87305190972835e-06,0,3.94469689376213e-06,0,0,0.00139897344423807,0,0,0,0,0,0,0,0,0,2.13359426184984e-05,6.95636469505479e-05,0.00101887096674742,0,0,0.000870610316416988,0.0915761278082069,7.31043181410897e-07,0.00300726815496015,0.00835991389662645,0.00167566589419383,0.00105007491149538,0,6.20218972538377e-05
0,0,0,7.05696896569038e-06,0,0,0,0,0,0.000878050069043353,0,0.00430109579158606,0,0,0,0,0,7.50564458851043e-06,0.000193128069008691,0.00126741673483006,0,0.00599797305262236,0,0.00715724649407642,0,0,0,0.00078683316832313,0,0.000248380837674265,0,0,0,0.00599289672028366,0.000129452947718179,0.00821791537661802,0,0,0.00085980821877971,8.28850161101904e-06,1.52049017237299e-05,0.00115392443341705,4.94251476276049e-06,0.000267768080175467,0,0.000464047247443096,0,0.0101804531014279,1.73145442802652e-05,0.00125516403440123,0,0,0,0,0,4.75891468777318e-05,0,8.07401636967105e-05,0,0,0,0,0.000109457482770219,0,0.00266050305304905,0,0.000855639409723201,0,0,0,1.72124435354414e-05,0,0,0,0,0,0.000992551353760518,0,0.00691153500719736,0,0.0443176381486713,0,0.00280700811390466,0.000574214212069531,0.00109684758274602,3.13238587536172e-05,0
0,0,9.63890358454052e-06,6.02520153209114e-06,0,0,0,0,0.00215793537919764,0,0.00225683966872599,0,0,0,0,0,6.88525403084211e-06,0,0.000228053794485897,0,0.00199195821825471,0.000109106060913466,0.00252770276920964,0,0.0017527904155355,0,0,0,0.00157928027217187,0,0.000300804500244151,0,0,0.00088597119516776,0.00299917885652766,0,0.0104284753523049,0.00085980821877971,0,0,4.70879743451699e-05,0,0.000802590678821164,0,2.64439641876077e-05,1.04832638040671e-05,0.000261819076006834,0.0057941586243401,0.00203150000063859,0,6.64648336820247e-06,0,0,0,0.000602077112872309,0,2.62519000476075e-06,0,0,0,2.05431570144437e-06,0,0,0.00130815695357062,0,0.00168854888861135,0,4.46356809556018e-05,0,0,0,0.000703181340355976,0,2.568394883699e-05,0,0,0,6.99484332194805e-05,5.66340492004967e-07,0.0056823232214644,4.22158089047938e-06,0.0626862125150684,0.00372522822076624,0.00213110192235849,0.00249017571054413,0,0.000193807724865353
0,0,0,0.00136685269595895,0,0.000109901723438783,0,0,0,3.950985070877e-05,0,0,0,0,0,0,0.000352017663861807,0.000378034957302723,0.0118374386993521,0.000138831370356605,0,0,0,0,0,0,0,0,0,0,0,0,0,0,0,4.62016288587549e-06,0,8.28850161101904e-06,0,0,7.05471789737542e-05,0.0418983889612829,0.000704742215761709,0.00529429712426804,0.000173837893527777,0.022843170586804,0.000262415841515808,0.00911157586347457,0,0.04468354046555,0,0,0,0,0,0,0.000103688321303286,5.94581386850514e-05,0,0,0,0,0.00338110777645576,2.18929445977128e-05,0,0,0,0,0,0,0,0,0.00129966998105969,0,0.00159776228788628,0,0,0,0.00693762690242958,6.04161533682458e-05,0.000761589267319397,3.24579676940531e-05,0.000925674174313743,0,0.0150005745961768,0.00173421145787314,0.00013396124877791
2.71902794580757e-05,0,0.000478864690753993,1.45887698522717e-05,0.000367072205906893,0,0,0,0,0,0.000275089450055677,0,0,0,0,0,0.000431569114474373,0.000110674581606932,0.00592439975872585,0,0.000231127909089836,0,0,0,1.66065476505418e-05,0,9.26138086792324e-06,0,0,0,6.59842898918345e-05,0,1.97726188345929e-05,0,0,0,0.000173927112154006,1.52049017237299e-05,4.70879743451699e-05,7.05471789737542e-05,0,0.000169159654893017,0.0184977743933184,9.63409886680603e-05,0.000955274152445411,0.000139500688868644,0.017197111127513,0.00392494024121418,0.040489486426481,0.000154708645872894,0.00131561957945434,0,0,0,0,0,0.00136426743738366,1.34286170243234e-05,7.8966545420782e-05,0,0.000112084288996634,0,4.65022444324656e-05,0.0143363668276611,0,0,0,0,0,0,0,0,1.63702532565798e-05,0.00463106376715049,0,0.000238276147698412,0,5.71661335483295e-05,8.31593829039303e-05,0.00739928553955251,2.77952401500776e-05,0.00191552571575216,0.000223964980683799,0,0.0187786362923555,4.57441975699416e-05,0.000783060444304021
0,0.00291162988966258,0,0.00240144910444778,0,4.14801518729547e-05,0,0,0.000101814141600161,0.000452764410560122,1.61919433838875e-05,0,0,0,0,0,0.000623567724164694,0.00114756302811486,0.0253868134406764,0,0,0,0,6.51249388876254e-05,0,0,0,0,0,0,7.60217684633722e-06,0,0,0,0,4.89880153632929e-05,1.05076731694221e-05,0.00115392443341705,0,0.0418983889612829,0.000169159654893017,0,0.00481934659497362,0.0133376011370755,1.01791346293699e-05,0.0133883109857343,0.000283123487591225,0.00371908607060862,0,0.0173061021675341,0,0,0,0,0,6.87132510648106e-05,6.22315043307981e-06,0.00609117970844692,0,0,0,0,0.00496598422136049,0.000330686592961502,0,0,0,0,0,0,0,0,0.0639104267930736,6.11709151220123e-06,0,0,0,0,0.0187415613853497,0.000189132928548921,0.0125915779527645,0.000103880758765718,0.00515143751756722,0,0.0477540956117342,0.0383917339921667,3.49035469790994e-05
0.000644554127891495,0,0.000828744839667729,3.78752739572832e-05,3.54920891858989e-05,0,0,0,0.00112856393982945,0,0.00225296869769322,0,0,0,0,0,0.00150643564211728,0.000214854050342365,0.0185281239460445,0,8.0274870616094e-05,0,0,0,2.11255354835612e-05,0,0,0,0,0,0.00123985450059175,0,0,5.31957181879941e-05,0,2.16207103102036e-06,0.000516978702254806,4.94251476276049e-06,0.000802590678821164,0.000704742215761709,0.0184977743933184,0.00481934659497362,0,0.000379879310800293,0.000675302114288924,0.000112569325104361,0.00931325642650601,0.000689125623206391,0.0103191748753633,0.000276677338696068,0.000644022616080382,0,0,0,0,0,0.0247733477210639,5.42423211149297e-06,0.0001754961134161,0,3.43738444693965e-05,0,7.72683346004897e-05,0.0208002049647107,0,0,0,0,0,0,0,0,1.10206908616461e-05,0.0352267489925939,0,0,0,0,0.000161543686558918,0.0143251134218824,0.000146011322606212,0.00681734031214221,0.0018119903709288,1.55375601545943e-06,0.054676639556075,0.000317511661591409,0.0275879823218212
0,0,0,0.000726107967870919,0,0,0,0,0,0.000541521350925413,0,1.78952002565643e-05,0,0,0,0,5.2964476282978e-05,0.000196969257287075,0.00822698081935177,0,0,0,0,0,0,0,0,0,0,0,0,0,0,0,0,5.82361701400699e-05,3.3210214970527e-06,0.000267768080175467,0,0.00529429712426804,9.63409886680603e-05,0.0133376011370755,0.000379879310800293,0,0,0.00309345212575304,0.000442806078066985,0.000226550990799382,0,0.0010664406890956,0,0,0,0,0,0,0.000124091665476295,0.000165398685407974,0,0,0,0,0.000651711172037799,7.04412039883186e-05,0,0,0,0,0,0,0,0,0.01348492867427,0,0,0,0,0,0.00241793116449655,0.000142322228164672,0.0036441464473175,5.35603249317516e-05,0.000130752920411307,0,0.00542584421556952,0.0130113123109037,0.000334058447364743
0,0,0,0,0,0,0,0,0,0,0,0,0,0,0,0,2.08010197760494e-05,1.11354590515327e-05,0.0012615874348627,0,0,0,0,0,0,0,0,0,0,0,4.79194091760555e-05,0,0,0,0,0,0.00010302026177236,0,2.64439641876077e-05,0.000173837893527777,0.000955274152445411,1.01791346293699e-05,0.000675302114288924,0,0,0,0.00282140790782832,0,1.7725665885978e-05,0,0,0,0,0,0,0,8.20074805361953e-05,0,0,0,0,0,0,0.0005284394302235,0,0,0,0,0,0,0,0,0,0.000234340484506948,0,0,0,0,5.12221258121719e-06,0.000947316769518222,0,0.000295518301910387,1.01218028947496e-05,0,0.000655209147129197,5.91844912074422e-05,8.12531391403333e-05
0,0,0,0.012692808896761,0,0.000732695672543445,0,0,0,0.000437270588777668,0,0.000171511790008007,0,0,0,0,5.19312664259463e-05,0.000244414049966753,0.00309229842218818,2.62414447388729e-05,0,0,0,0,3.48231505068923e-05,0,0,0,0,0,0,0,0,0,0,0.000405389416121376,0,0.000464047247443096,1.04832638040671e-05,0.022843170586804,0.000139500688868644,0.0133883109857343,0.000112569325104361,0.00309345212575304,0,0,8.10752508063946e-05,0.00123711262672004,8.94576442687293e-05,0.011694930860446,0,0,0,0,0,0.000191920625457938,0,0.00185791461846625,0,0,0,0,0.104738895831448,3.04172561410969e-05,0,0,0,0,0,0,0,0,0.0194406341323163,0,1.59291528633726e-05,0,0,0,0.0161138392746089,5.90988620372379e-05,0.0113478349639666,1.34925228157302e-05,0.000794978290425944,0,0.0251893997394962,0.00224159957774637,0
5.75619431261516e-05,0,0.00102768873430194,0,0.000871634706873264,0,0,0,0,0,0.000527933742307137,0,0,0,0,0,0.000851419041189336,8.39278482119508e-05,0.0158030690294923,0,0.00320326741965422,1.60948114830844e-05,0,0,0,0,0,0,0,0,0.000297244211768423,0,0,0,0,0,0.00140071596289528,0,0.000261819076006834,0.000262415841515808,0.017197111127513,0.000283123487591225,0.00931325642650601,0.000442806078066985,0.00282140790782832,8.10752508063946e-05,0,0.000209822513855319,0.00692402637368647,4.40636761755583e-05,0.00268479981064187,0,0,0,8.57345057895799e-06,0,0.0013071279714025,0,0.000182670353084184,0,0.000163616065642116,0,1.1182311003043e-05,0.0338766873212763,0,0,0,0,0,0,0,0,0,0.00166278252917876,0,0,0,0,0.000184063296576225,0.0125931608331041,2.96616472993184e-05,0.00353697879843098,0.000420505670915283,0,0.0208392470188058,0.000145323566137901,0.00136054895442189
0,0.000123348612214582,3.12260370626746e-05,0.000436834331055618,1.99490996555941e-05,9.4447899026555e-05,0,0,0,8.79357062075268e-05,5.85546407997028e-06,0,0,0,0,0,0,3.81950057262676e-06,8.22005849335551e-05,0,0,0.000117403769810912,1.84635396896599e-05,0,5.67689061836962e-05,0,0,0,0,0,0,0.0137612279729647,0.00407197442545265,0.0968568647553936,0.0860171721152782,0.00493876287389871,0.00212975228277641,0.0101804531014279,0.0057941586243401,0.00911157586347457,0.00392494024121418,0.00371908607060862,0.000689125623206391,0.000226550990799382,0,0.00123711262672004,0.000209822513855319,0,0.0701742766911386,0.0303807686615358,0.000105128529414726,0,0,0,3.18035378701169e-05,0,3.20492467807132e-05,1.8051485997018e-05,0,0,0,0,5.06923560954868e-05,3.02281708885524e-05,0.000127571730387635,6.21502070317199e-06,0,9.65528232606781e-05,0,0,0,0,0.000135090366777559,7.32975408849275e-06,0.0158920160365309,0.0184451866076321,0.0206143967759968,0.0375288729603415,0.00469519937070297,0.00874467512228787,0.00116894052273667,0.0162276396647534,0.00221887877244451,7.9194348832575e-06,0.0248388131853496,0.00151646843433621,0
0.043534173173751,0,0.00353392416891394,0.000147407030938922,0.000854049566575798,0,0,0,0.0156024875754636,0,0.000149079119102891,0,0,0,0,0,2.10506580879898e-05,0,0.000119853526638559,0,0.000283383687904221,0,0.0023644491461028,0,0.00754875036731653,0,8.69510071296025e-05,0,0,0,1.98578167553605e-05,5.7195591771439e-05,0,0.00395288368996062,0.00976170844113544,6.0863108323875e-05,0.000328813235056258,1.73145442802652e-05,0.00203150000063859,0,0.040489486426481,0,0.0103191748753633,0,1.7725665885978e-05,8.94576442687293e-05,0.00692402637368647,0.0701742766911386,0,0.000586178660180759,0.00230747255816477,0,0,0,0.00414908888333845,0,0.00258206710041732,1.16768313573531e-05,0.000774931805244827,0,0.0058018746620135,0,0,0.00192949681475026,0,0.00736245467458747,0,0.0115740526806662,0,0.00626708978884146,0,0.000230325426217927,2.0822868676074e-05,0.00320620727813211,0,0.000167347009038862,0.000280337209903856,0.000340992773512479,6.0041666954596e-05,0.00463479940984242,0,0.0110373340557389,0.000884341263553471,0,0.0382179455943236,0,0.000156498181885419
0,0.0127392937064333,0,0.00910105625648555,0,0.000441692962520803,0,0,0,0.00151130835565147,0,0,0,0,0,0,7.74353114823623e-06,4.72185573404046e-05,0.00134677683168105,0,0,0.000942193045905165,0,0.00211123743233366,0,0,0,0,0,0,0,0.000375552422890532,0,0.00220402729833007,2.34756354529301e-05,0.000462518891667387,0,0.00125516403440123,0,0.04468354046555,0.000154708645872894,0.0173061021675341,0.000276677338696068,0.0010664406890956,0,0.011694930860446,4.40636761755583e-05,0.0303807686615358,0.000586178660180759,0,0,0,0,0,0,0.000145129856500496,1.21317364296396e-05,0.00197033866996181,0,0,0,0,0.00107248598808409,0,0.00325856506989182,0,0.00754108288077232,0,0.00625052712882045,0,0.0107564302629219,0,0.0126389433573731,0,0.000472090981524445,0,0,0,0.00565162715494712,1.32186705874445e-05,0.00357642468726676,0,0.00117556138314178,0,0.0187306228045459,0.00134636087395014,0
0,0,0,0,0.0436909609738303,0,0.00122450857433245,0,0,0,0.000113199605351768,0,0.000794160437690064,0,0.00462140334461305,0,0,4.21533653445722e-06,5.98634138346591e-06,0,0.0195876025943706,0,0,0,0,0,0,0,0,0,0.000108638124796155,0,0,0,0,0,1.25641039808258e-05,0,6.64648336820247e-06,0,0.00131561957945434,0,0.000644022616080382,0,0,0,0.00268479981064187,0.000105128529414726,0.00230747255816477,0,0,0,0.000104819945821318,0,0,0,0.00778539726577116,0,0.0114059324811,0,0.00679768288137368,0,0,0.0195909425514264,0,0,0,0,0,0,0,0,0,0.000227530619180456,0,0,0,0,0,0.000147642411913789,0,0.000100844402181535,3.68920542684398e-05,0,0.0035805761709774,0,0
0,0,0,0,0,0.00381683378196472,0,0.000128344996483065,0,0,0,0,0,0,0,0,0,0,0,0,0,0,0,0,0,0,0,0,0,0,0,0,0,0,0,0,0,0,0,0,0,0,0,0,0,0,0,0,0,0,0,0,0,0.00491041995176359,0,0,0,0.00410520555683844,0,0,0,0,0,0,0,0,0,0,0,0,0,0,0,0,0,0,0,0,0,0,0,0,1.4705710986583e-05,0,0,0,0
0,0,0,0,0.000132406494230963,0,0.0815577688375809,0,0,0,0.00148892538657152,0,0,0,0,0,0,0,0,0,0.000540379987634107,0,0,0,0,0,0,0,0,0,0,0,0,0,0,0,0,0,0,0,0,0,0,0,0,0,0,0,0,0,0.000104819945821318,0,0,0,0,0,0.00469185867590682,0,0,0,0,0,0,0.000370122285462089,0,0,0,0,0,0,0,0,0,0,0,0,0,0,0,0,0,0,0.000420040643522046,0,0,0,0
0,0,0,0,0,0,0,0.0573135398001543,0,0,0,0.00187614861061286,0,0.00018970084027788,0,0,0,0,0,0,0,0,0,0,0,0,0,0,0,0,0,0,0,0,0,0,0,0,0,0,0,0,0,0,0,0,0,0,0,0,0,0.00491041995176359,0,0,0,0,0,0.00445004765579083,0,6.31161888706606e-05,0,0,4.46758153497505e-05,0,0,0,0,0,0,0,0,0,0,0,0,0,0,0,0,0,0,0,0,0,0,0,0
0.0289870329539571,0,0,0,0.000537598272785544,0,0,0,0.133858150359585,0,0,0,9.23748921114386e-05,0,0.0059100932240371,0,0.00350058361384877,0.000443172349093679,0.000677670778038521,0,0,0,8.94287929745999e-06,0,0.0184439397093503,0,0.00130377120468464,0,0.000310206516946531,0,0,0,0,0,0,0,0,0,0.000602077112872309,0,0,0,0,0,0,0,8.57345057895799e-06,3.18035378701169e-05,0.00414908888333845,0,0,0,0,0,0,0,0,0,0,0,0.0272934458305991,0,0,0,0,0,0,0.0241489789994735,0,0.000994017995423475,0,0,0,0,0,0,0,0,2.08556043909208e-06,6.14389059227518e-06,0,0.000419614804695995,0.000536745738079998,8.56828337097407e-06,6.41725770747194e-05,0,0
0,0.0306083290345216,0,0.0102806310880082,0,0.00185448976323816,0,0,0,0.11998176395653,0,0,0,0,0,0.00438162141867919,0,0,0,0,0,0,0,0.0527227003479216,0,0.000524312939183284,0,0,0,0,0,0,0,0,0,0,0,4.75891468777318e-05,0,0,0,6.87132510648106e-05,0,0,0,0.000191920625457938,0,0,0,0.000145129856500496,0,0,0,0,0,0,0,0,0,0,0,0.00209982133381179,0,0,0,0,0.021681106679718,0,0,0,0,0,0,0,0,0,0,0,0,0,0.000251028627217738,0,0.000157859941416444,0,0.000516238918941103,0.000108450335207975,0
7.02022529263994e-05,0,0.00439935717284037,0,3.04831115797681e-05,0,0.00289428263313412,0,0,0,0.0449784173990688,0,0.00413883013148325,0,0,0,2.33950109320581e-05,3.43033810806023e-06,0.000371128375160683,0,0.0131460560088487,0,0,0,0,0,0,0,5.85377534371158e-05,0,0.000315267587310525,0,0,0,0,0,3.44669444683013e-05,0,2.62519000476075e-06,0.000103688321303286,0.00136426743738366,6.22315043307981e-06,0.0247733477210639,0.000124091665476295,8.20074805361953e-05,0,0.0013071279714025,3.20492467807132e-05,0.00258206710041732,1.21317364296396e-05,0.00778539726577116,0,0.00469185867590682,0,0,0,0,0,0.0118213529726287,0,0.000838533207850642,0,0,0.0354038861791762,0,0,0,0,0,0,0,0.000588852578209703,0,0.0431580775582567,0,0,0,0,6.40924947733498e-06,0.000227682462231407,0,0.000121205264102831,4.15271886024231e-05,0,0.0155628351648074,0,0.00801423181708906
0,0,0,0.000949328521778226,0,0.000184641654636514,0,0.00123244806627938,0,1.14298872129703e-05,0,0.0677334618504572,0,0.00262304853660029,0,0,0,5.60777415278173e-06,6.63530605480694e-05,0.000315938029349794,0,0,0,0,0,0,0,0,0,0.00424214226678107,0,0,0,0,0,0,0,8.07401636967105e-05,0,5.94581386850514e-05,1.34286170243234e-05,0.00609117970844692,5.42423211149297e-06,0.000165398685407974,0,0.00185791461846625,0,1.8051485997018e-05,1.16768313573531e-05,0.00197033866996181,0,0.00410520555683844,0,0.00445004765579083,0,0,0,0,0,0.00561470208830401,0,0,0.0158972156344977,0,0,0,0,0,0,0,0.00719875804250951,0,0.0214422757489247,0,0,0,0,0,6.44650606415208e-06,0,0.00148173608355071,0,1.06241525926141e-05,0,0.00323185555521596,0.00110451803555479,0
0.00018379816809848,0,0.0010380441125654,0,0,0,0,0,9.50029758241897e-05,0,0.000318122574339731,0,0.0191095388847023,0,0.000928380455813666,0,0,0,3.9425076243056e-06,0,0,0,0,0,0,0,0,0,1.83785505753231e-05,0,2.19948895080593e-05,0,0,0,0,0,5.87305190972835e-06,0,0,0,7.8966545420782e-05,0,0.0001754961134161,0,0,0,0.000182670353084184,0,0.000774931805244827,0,0.0114059324811,0,0,0,0,0,0.0118213529726287,0,0,0,0.000799766029397438,0,0,0.000111914459480278,0,0,0,0,0,0,0,0.00351790648330036,0,0.000677422014380801,0,0,0,0,0,1.15798825065844e-05,0,2.53419982506914e-05,8.65174999128401e-05,0,0.000456558189556726,0,0
0,0,0,0.000173376022206979,0,0,0,0,0,0,0,0,0,0.0061143659984436,0,0,0,0,0,0,0,0,0,0,0,0,0,0,0,0,0,0,0,0,0,0,0,0,0,0,0,0,0,0,0,0,0,0,0,0,0,0,0,6.31161888706606e-05,0,0,0,0.00561470208830401,0,0,0,0,0,0,0,0,0,0,0,0,0,0,0,0,0,0,0,0,0,0,0,0,0,0,0,0,0
0.0353770380792865,0,0.0031273479456108,0,0.00144381554188969,0,0,0,0.00820461134750894,0,1.17005472641613e-05,0,0.000319468847657395,0,0.0288620969482744,0,0.00708300556356005,0.000147966410932417,0.000311217714331342,0,0,0,0.000169213244484436,0,0.00121503320344763,0,0.00394992349317515,0,2.86167682882923e-05,0,0,0,0,0,0,0,3.94469689376213e-06,0,2.05431570144437e-06,0,0.000112084288996634,0,3.43738444693965e-05,0,0,0,0.000163616065642116,0,0.0058018746620135,0,0.00679768288137368,0,0,0,0.0272934458305991,0,0.000838533207850642,0,0.000799766029397438,0,0,0,0,6.19935353880921e-05,0,0,0,0,0,0.00250419940551617,0,0,0,0.000190303890601066,0,0,0,0,0,1.09358776132796e-05,0,5.74009109899354e-06,0.000559550317081047,9.00625640844453e-05,0.00013625204870567,0,0
0,0.00350813918624526,0,0,0,0,0,0,0,0.00395253897340388,0,0,0,0,0,0.029731991539713,0,6.25011864997945e-05,0,0,0,0,0,0,0,0,0,0,0,0,0,0,0,0,0,0,0,0,0,0,0,0,0,0,0,0,0,0,0,0,0,0,0,0,0,0.00209982133381179,0,0,0,0,0,0,0,0,0,0,0,0,9.82056474764206e-05,0,0,0,0,0,0,0,0,0,0,0,0,0,0,0,0,0,0
0,0,0,0.00170072002594036,0,0.0035769421586135,0,0.0013614053192536,0,2.31135265417429e-05,0,0.00499266345895363,0,0,0,0,5.97212949377918e-05,7.10907137356821e-05,0.00194326403268172,0.039408543299678,0,0,0,0,0,0,0,0,0,0,0,0,0,0,0,0.00684563130929798,0,0.000109457482770219,0,0.00338110777645576,4.65022444324656e-05,0.00496598422136049,7.72683346004897e-05,0.000651711172037799,0,0.104738895831448,1.1182311003043e-05,5.06923560954868e-05,0,0.00107248598808409,0,0,0,4.46758153497505e-05,0,0,0,0.0158972156344977,0,0,0,0,0,0,0,0,0,0,0,0,0,0,0.0138998872695358,9.09463417812345e-06,0,0,0,0,0.012946282265611,2.5539897597071e-05,0.00647120244225529,4.96610980959655e-06,0.000700009541966586,0,0.020933802037385,0.000225857971462732,0
