0,0,0.00815584774525047,0,0,0,0,0,0.00101866074556234,0,0,0,0,0,0,0,0,0,6.34184974682298e-05,0,0,0,0,0,0,0,0,0,0,0,0,0,0,0,0,0,0,0,0,0,0,0,0.00221868765708358,0,0,0,0.000147114888837669,0,0.00146524104016172,0,0,0,0,0,0.000909173017843792,0,3.2570671916932e-05,0,6.03944376419161e-05,0,0.00402061867019765,0,0,0,0,0,0,0,0,0,0,0,0,0,0,0,0,0,0,1.22271097900747e-05,0,0,9.70469184892041e-05,0,0.00322854198526172,0,0
0,0,0,0.00129881342863087,0,0,0,0,0,0.0104371124097756,0,0,0,0,0,0,2.44593571663069e-05,9.99984696057068e-05,0.00354495965243204,0,0,0,0,0,0,0,0,0,0,0,0,0,0,0,0,0,0,0,0,2.44064505444942e-05,1.18661272794653e-05,0.0128547063172761,2.9784622907216e-05,5.5975079835519e-05,0,0.00138260878184034,4.54077810191061e-05,0,0,0.00303169853092094,0,0,0,0,0,0.068841287533151,0,0,0,0,0,5.20252809157167e-05,0,0,0,0,8.60441280181035e-05,0,0,0,0,0,0,0,0,0,0,0,4.27116113360142e-05,0,0,0,0.000498864907074035,0,0.00391646155147076,0.000252022602510789,4.68752824500087e-05
0.00815584774525047,0,0,0,0.000899402462141152,0,0,0,0.0236836505015272,0,0,0,0,0,0,0,4.89815737556138e-05,7.90609536073712e-06,0.000766073843294828,0,0,0,0,0,0,0,0,0,0,0,0,0,0,0,0,0,0.000270826654214786,0,0,7.69423740341175e-05,0.00121406774481745,8.80473498332979e-06,0.00411349024782983,0,0.00168398914608085,0,0.000226595906653143,0,0.00448516863232442,0,0.000112219466950412,0,0,0,0.014635488515671,0,0.00210603562577387,0,0.00022304613538661,0,0,0,0,0.000171636754510617,0,0,0,0,0,0,0,0,0,0,0,0,0,0,5.8909736769758e-06,0.000192885306236861,1.22939747934192e-05,5.04734686198731e-06,0.0010015127850677,1.59544597122852e-05,0.0162037354802275,0,0.00181555114496653
0,0.00129881342863087,0,0,0,0.00517531356099533,0,0,0,0.022972122268265,0,6.55853790953185e-05,0,0,0,0,0,0,0.000354134717694232,0,0,0,0,0,0,0,0,0,0,0,0,0,0,0,0,0.000620834160161245,0,0,0,0.00252875719279889,0,0.0156652198360658,0,0,0.00101421645106798,0.000158544490304151,0,6.5977395716042e-05,0,0.00509841272977079,0,0.0190345151788067,0,0,0,0.0124075811877007,0,0.00813636156072887,0,0.0101162650545064,0,0.0156293009658332,0.00105087328317546,0,0,0,0,0,0,0,0,0,0.000920897992093125,0,0,0,0,0,0.000523483109091591,0,9.96833846273178e-05,0,0.00225050348879705,4.51925206591929e-05,0.0269105641549549,0.0025945504930974,0
0,0,0.000899402462141152,0,0,0,0,0,0.000167007673930852,0,0,0,0,0,0,0,0,0,0,0,0.0157365115533934,0,0,0,0,0,0,0,0,0,0,0,0,0,0,0,0.00017438998637851,0,0,0,0,0,4.73413821078675e-05,0,0,0,0,0,0.000116601594850788,0,0.123220668321567,0,0.000169276347151026,0,0,0,0.000187898144874167,0,0,0,0,0,0,0,0,0,0,0,0,0,0,0,0,0,0,0,0,0,0,0.000476238269624515,0,0,0.00082977991698114,7.46093238061397e-05,0.000310189653530983,0,3.77475759503882e-05
0,0,0,0.00517531356099533,0,0,0,0.00155820561455956,0,0.00962644573254673,0,0.00518424901584405,0,0,0,0.00740439869219869,0,0,0,0.000739431899271569,0,0,0,0,0,0,0,0,0,0,0,0,0,0,0,0.000474162297651974,0,0,0,2.09618211908743e-05,0,0.000140938676332694,0,0,0,0,0,0,0,0,0,0.147692150594574,0,0,0,0,0,0.000276598401012211,0,0,0,0,0.000130726113740397,0,0,0,0,0,0,0,0,0,0,0,0,0,0,0,0.000640700372855241,0,4.56729178311485e-06,0,0.00137747813565801,0.00121719495993191,0.00303578280634499,0,0
0,0,0,0,0,0,0,0,0,0,0,0,0,0,0,0,0,0,0,0,0.000178659160155803,0,0,0,0,0,0,0,0,0,0,0,0,0,0,0,0,0,0,0,0,0,0,0,0,0,0,0,0,0,0,0,0.0199123065776468,0,0,0,0.00750427490545737,0,0,0,0,0,0,0,0,0,0,0,0,0,0,0,0,0,0,0,0,0,0,0,0,0,0.000920753609490858,9.93691026609734e-05,0,0,0
0,0,0,0,0,0.00155820561455956,0,0,0,0,0,0,0,0.000539389301783766,0,0,0,0,0,0,0,0,0,0,0,0,0,0,0,0,0,0,0,0,0,5.73265848012601e-05,0,0,0,0,0,0,0,0,0,0,0,0,0,0,0,0.00160875538298873,0,0.024729705169949,0,0,0,0.000419602986079218,0,0.00120713850236122,0,0,0,0,0,0,0,0,0,0,0,0,0,0,0,0,0,0,0,0,0,0,0.00128562384432518,0,0,0,0
0.00101866074556234,0,0.0236836505015272,0,0.000167007673930852,0,0,0,0,0,0,0,0,0,0.0272601277620943,0,0.00116545121882613,9.41619180747948e-05,0.000326669271596115,0,8.20899833775196e-05,0,0,0,0.00165868297315422,0,0.0175757964677954,0,0,0,0,0,0,0,4.52335107736217e-05,0,4.09333906266626e-05,0,0.00284567348034994,0,7.51891699644905e-05,0,0.00113712202355,0,0,0,5.21910044995223e-05,0,0.00210688533351865,0,0,0,0,0,0.179751810250652,0,0,0,0,0,0.0341352185600684,0,0,0.00013049340860714,0,0,0,0,0,0.00040983628378361,0,0,0,0,0,0,0,0,0,1.38522739906592e-05,0,0.000340121132343812,0.00175576547325008,0.000385401211203912,0.00440043725464674,0,0
0,0.0104371124097756,0,0.022972122268265,0,0.00962644573254673,0,0,0,0,0,0,0,0,0,0.00590604803342495,0,0,1.24630420294976e-05,0,0,0,0,0.00283984325058318,0,0,0,0,0,0,0,0,0,0.000979598445732136,0,0,0,0.00167748964183442,0,0,0,0.000566479182845498,0,0,0,0,0,9.40779975343335e-05,0,0.000355088756743257,0,5.08471418175244e-05,0,0,0,0.0435317326852961,0,3.81796521231863e-05,0,0,0,0.00640712545394157,0,0,0,0,0.00241961771566061,0,0,0,0,0,0.000234650636914007,0,0,0,0,0,2.08796175030928e-06,0,0.000516563291494642,0,0.00432184639480719,0.000635017219302488,0.000698346566393033,0,0
0,0,0,0,0,0,0,0,0,0,0,0,0.0209981561080086,0,0,0,0,0,0,0,0.0369093251684591,0,0,0,0,0,0,0,0,0,0,0,0,0,0,0,0.000896693810273668,0,0.00258671020440774,0,0,0,0,0,0,0,0,0,0,0,0,0,0.00412479472826462,0,0,0,0.0339907811307018,0,0.00305916645436807,0,0,0,0,0.00362167039194111,0,0,0,0,0,0,0,0,0,0.000824949184777122,0,0,0,0,0,0.000104522407792967,0,0,0.000209723422063655,0.000141319064388782,0.000138435889055602,0,0
0,0,0,6.55853790953185e-05,0,0.00518424901584405,0,0,0,0,0,0,0,0.0107674180015684,0,0,0,0,0,0.0385692660479592,0,0,0,0,0,0,0,0.00130416200971196,0,0.000275501095989902,0,0,0,0,0,0.00147643959857829,0,0.00801803353400133,0,0,0,0,0,0,0,0,0,0,0,0,0,4.15137117367975e-05,0,0,0,0,0,0.0803034099171681,0,0.00822010864139077,0,0,0.00685221356435734,0,0,0,0,0,0,0,0,0,0.00845055465363281,0,0,0,0,0,2.33240774948664e-05,0,0.00402443248199294,0,0.000673446879936129,1.42588101211139e-06,0.000291550076311508,0,0
0,0,0,0,0,0,0,0,0,0,0.0209981561080086,0,0,0,0,0,0,0,0,0,0,0,0,0,0,0,0,0,0,0,0,0,0,0,0,0,0,0,0,0,0,0,0,0,0,0,0,0,0,0,0,0,0,0,0,0,0,0,0,0,0,0,0,0,0,0,0,0,0,0,0,0,0,0,0,0,0,0,0,0,0,0,0.00029785354813224,4.819056357519e-06,0,0,0
0,0,0,0,0,0,0,0.000539389301783766,0,0,0,0.0107674180015684,0,0,0,0,0,0,0,0,0,0,0,0,0,0,0,0,0,0,0,0,0,0,0,0,0,0,0,0,0,0,0,0,0,0,0,0,0,0,0,0,0,0.000607194602723224,0,0,0,0.0003717059483197,0,0.0239284867064895,0,0,0,0,0,0,0,0,0,0,0,0,0,0,0,0,0,0,0,0,0,0,0.000120668232310654,4.79547315990203e-06,0,0,0
0,0,0,0,0,0,0,0,0.0272601277620943,0,0,0,0,0,0,0,0.00892198544675271,2.2639565272997e-05,0.000131405327275637,0,0,0,0,0,0.000244746497062747,0,0.000381636851345605,0,4.48753534126288e-05,0,0,0,0,0,0,0,0,0,0,0,0,0,0,0,0,0,0,0,0,0,0,0,0,0,0.00209012692020544,0,0,0,7.10101157892495e-05,0,0.00437497427084745,0,0,0,0,0,0,0,0,5.67430736321097e-05,0,0,0,0,0,0,0,0,0,0,0,0,0.000503401035715133,3.37678425532237e-05,0,0,0
0,0,0,0,0,0.00740439869219869,0,0,0,0.00590604803342495,0,0,0,0,0,0,0,0,0,0,0,0,0,0,0,0,0,0,0,0,0,0,0,0,0,0,0,7.9323998209082e-06,0,0,0,0,0,0,0,0,0,0,0,0,0,0.000425825403850173,0,0,0,0.0158388190552435,0,0,0,0,0,0,0,0,0,0,0.000187104343577492,0,0,0,0,0,0,0,0,0,0,0,0,0,0,0,2.76408795982241e-05,3.62712666404385e-05,3.12545853984767e-05,0,0
0,2.44593571663069e-05,4.89815737556138e-05,0,0,0,0,0,0.00116545121882613,0,0,0,0,0,0.00892198544675271,0,0,0.141887016688997,0.0669832564831271,0,0,0,0.000652208158439995,0,0.00345461769293049,1.7018175946001e-05,0.0122553279566088,0,0.000175790213722257,0,0,0,0,0,0,1.67079585396047e-05,1.76289861139081e-06,0,0,0.000144190821902191,0.00108483052522578,0.000693884413828762,0.000758601084643704,0.000167679800538201,0.000917861734422382,0.000472036667635221,0.00194197032156154,0,4.09490667288061e-06,0,0,0,0,0,0.000637058641037842,0,3.13431740975255e-05,1.90135641534948e-05,0,0,0.00047098946975779,0,0.000505408550397439,0.000455195690284516,0,0,0,0.000140339280617925,0,0.0227432490652763,0,0,9.70667713775272e-06,0,0,0,0,0,0.000288105910470912,0.00104430312726723,2.49203600069544e-05,8.81141803573922e-06,0.029839816509813,0.00444139890179601,0.00302145826173393,0.000218111932083278,0.000757306599931255
0,9.99984696057068e-05,7.90609536073712e-06,0,0,0,0,0,9.41619180747948e-05,0,0,0,0,0,2.2639565272997e-05,0,0.141887016688997,0,0.0597697022449146,0,0,0,0.000251317595948968,0,0.000107046983503175,0.000999791193160166,0.000606026773067634,0,0,0,0,0,0,0,0,6.73836610119664e-06,0,0,0,0.000188904281836737,0.000349910594858575,0.000774653352437114,0.000316557981754764,0.000188488094941251,0.000655815124685529,0.00022315769678768,0.000546669300280433,0,0,4.12355922627776e-05,0,0,0,0,2.81590261545172e-05,0,1.9006240267486e-05,9.60181885445389e-06,0,0,0,0,0.0001719126355004,0.000179919114101808,0,0,0,0,0,0.00116487563517937,0,0,0,0,0,0,0,0,0.000350905515232826,0.00042852797932258,2.32194764732044e-05,1.77375655666325e-05,0.0325180169592528,0.0049163436804576,0.00201332585334756,0.000441625116478889,0.000201978981508239
6.34184974682298e-05,0.00354495965243204,0.000766073843294828,0.000354134717694232,0,0,0,0,0.000326669271596115,1.24630420294976e-05,0,0,0,0,0.000131405327275637,0,0.0669832564831271,0.0597697022449146,0,0,0,0,7.59285079470021e-05,0,9.74418141712619e-05,0,0.000182740130756176,0,0,0,0,0,0,0,0,0.000148885360617416,2.09100503123279e-05,0,0,0.00763981167634754,0.0138427706073549,0.016591785097655,0.00676808174858114,0.00536652955906469,0.0137059322852201,0.0153299624022663,0.0278554084640954,0,0.000161808370652243,0.000451936206140865,0,0,0,0,0,0,0.000677844544937533,0.00194171980951278,4.5721442449363e-05,0,0,0,0.0117325310265067,0.0050634204503475,0,0,0,0,0,0.0014637063850412,0,0,0.000906617814369909,1.28721770108942e-05,0,0,0,0,0.00793498378667654,0.00914500475216741,0.00184995064144803,0.000159934172055971,0.0181890559730207,0.000111805859749828,0.0609647246831266,0.0132256201786221,0.00825696764847525
0,0,0,0,0,0.000739431899271569,0,0,0,0,0,0.0385692660479592,0,0,0,0,0,0,0,0,0,0,0,0,0,0,0,0,0,0,0,0,0,0,0,0.00411865001230493,0,0.00262537442062434,0,0,0,0,0,0,0,0,0,0,0,0,0,0,0,0,0,0,0,6.84351151694091e-05,0,0,0,0,0.0387770944780394,0,0,0,0,0,0,0,0,0,4.21112335327696e-05,0,0,0,0,0,0.00167529843481775,0,0.000801694441399753,0,0.000755353909016478,1.53202545777009e-06,0.00270539761917535,0,0
0,0,0,0,0.0157365115533934,0,0.000178659160155803,0,8.20899833775196e-05,0,0.0369093251684591,0,0,0,0,0,0,0,0,0,0,0,0,0,0,0,0,0,0,0,0,0,0,0,0,0,0.0055763795931272,0,0.000334762442727421,0,0,0,0,0,0,0,9.44729439526763e-05,0,3.57695352584519e-05,0,0.0211523648272278,0,0,0,0,0,0.00953382449309863,0,0.000125643384089097,0,0,0,0,0.036243667409989,0,0,0,0,0,0,0,0,0,0,0,0,0,0,0,0.00366760034285752,0,8.83910029279118e-06,0.000503518321567581,0,0.000677178195940462,0,0
0,0,0,0,0,0,0,0,0,0,0,0,0,0,0,0,0,0,0,0,0,0,0.00581136284389381,0.00345211446620498,0,0,0,0.000519004046287627,0,0,0,0,0,0,0,0,0,0.0128204310703043,9.80813839805391e-05,0,0,0,0,0,0,0,0,0,0,0,0,0,0,0,0,0,0,0,0,0,0,0,0,0,0.0878336748612256,0,0.00185858429335613,0,0,0,0.00147461579068966,0,0,0,0,0,0,0,0,0,0.00485260365523611,0,0.00297588055227774,0.000196977994507151,0,0,0
0,0,0,0,0,0,0,0,0,0,0,0,0,0,0,0,0.000652208158439995,0.000251317595948968,7.59285079470021e-05,0,0,0.00581136284389381,0,0,0.000383874185439759,0,0,0,0,0,0,0,0,0,0,0,0,3.33259197902646e-05,0.00351424476699511,0,0,0,0,0,0,0,0,0,0.000125224311485066,0,0,0,0,0,0,0,0,0,0,0,0,0,0,0,0,0.0646693555915776,0,0,0,0,0,4.82975137856556e-05,0,0,0,0,0,0,0,0,0,0.00436547501979777,0.00227061238366961,7.0650144569759e-05,0,0,0
0,0,0,0,0,0,0,0,0,0.00283984325058318,0,0,0,0,0,0,0,0,0,0,0,0.00345211446620498,0,0,0,0.0275144170431162,0,0,0,0,0,0,0,0,0,0,0,0.00340220028419437,0,0,0,0,0,0,0,0,0,0,0,0.00156903116019488,0,0,0,0,0,0.00222742679288852,0,0,0,0,0,0,0,0,0.00146536582876948,0,0.0176180481765958,0,0.000136472197482362,0,0,0,0,0,0,0,0,0,0,0,0.00175397666923374,0,0.000604152835150175,0,0.00144142549664658,0,0
0,0,0,0,0,0,0,0,0.00165868297315422,0,0,0,0,0,0.000244746497062747,0,0.00345461769293049,0.000107046983503175,9.74418141712619e-05,0,0,0,0.000383874185439759,0,0,0,0.00383752175973679,0,0,0,0,0,0,0,0,0,0,0,0.00394126601950966,0,0,0,0.000488267087068326,0,0,0,0,0,0.0112708981776864,0,0,0,0,0,0.00211672133075928,0,0,0,0,0,0,0,0,0,0,3.72968584702182e-05,0,0.0459295924687916,0,0.00250958336269463,0,0,0,0,0,0,0,0,0,0,0,0.00209475945145775,0.000138630375586935,6.54106790518906e-06,0.00201753908578173,0,0
0,0,0,0,0,0,0,0,0,0,0,0,0,0,0,0,1.7018175946001e-05,0.000999791193160166,0,0,0,0,0,0.0275144170431162,0,0,0,0.000126517017038581,0,0,0,0,0,0,0,0,0,0,0,0,0,0,0,0,0,0,0,0,0,0,0,0,0,0,0,0,0,0,0,0,0,0,0,0,3.1050596589921e-05,0,0.00146547123988419,0,0.00420879973424272,0,8.29737498184968e-05,0,0,0,0,0,0,0,0,0,0,0,2.39763056575483e-05,0,0,0,0
0,0,0,0,0,0,0,0,0.0175757964677954,0,0,0,0,0,0.000381636851345605,0,0.0122553279566088,0.000606026773067634,0.000182740130756176,0,0,0,0,0,0.00383752175973679,0,0,0,0,0,0,0,0,0,0,0,0,0,0,0,0,0,0,0,0,0,0,0,0,0,0,0,0,0,0,0,0,0,0,0,0,0,0,0,0,0,0,0.00518721443269563,0,0,0,0,0,0,0,0,0,0,0,0,0,0,0.000215213304966138,5.28361162681352e-06,0,0,0
0,0,0,0,0,0,0,0,0,0,0,0.00130416200971196,0,0,0,0,0,0,0,0,0,0.000519004046287627,0,0,0,0.000126517017038581,0,0,0,0.00624590805266846,0,0,0,0,0,0,0,9.54214130296774e-05,0,0,0,0,0,0,0,0,0,0,0,0,0,0,0,0,0,0,0,0.00166114333248337,0,0,0,0,0,0,4.37854977301711e-05,0,0,0,0.0169167328090674,0,0.00935217608304204,0,0,0,0,0,0,0,0,0,0,0,4.18049797964006e-05,0,0,0,0
0,0,0,0,0,0,0,0,0,0,0,0,0,0,4.48753534126288e-05,0,0.000175790213722257,0,0,0,0,0,0,0,0,0,0,0,0,0,0.00148190000795526,0,0,0,0,0,0,0,0.000785320680948963,0,0,0,0,0,0,0,0,0,0,0,0,0,0,0,0,0,0,0,0,0,0,0,0,0,0,0,0,0,0,0,0,0.00970794562407032,0,0.00179770445527974,0,0,0,0,0,0,0,8.03954532657292e-05,1.15172303988386e-05,0,0,0,0
0,0,0,0,0,0,0,0,0,0,0,0.000275501095989902,0,0,0,0,0,0,0,0,0,0,0,0,0,0,0,0.00624590805266846,0,0,0,0,0,0,0,0,0,0.0040376069229656,0,0,0,0,0,0,0,0,0,0,0,0,0,0,0,0,0,0,0,0.000864642910692351,0,0,0,0,0,0,0,0,0,0,0,0,0.00253851184635882,0,0.0445086163821506,0,0,0,0,0,0,0,9.33015974923136e-05,0,0.000222415100082527,0,0,0,0
0,0,0,0,0,0,0,0,0,0,0,0,0,0,0,0,0,0,0,0,0,0,0,0,0,0,0,0,0.00148190000795526,0,0,0,0,0,0,0,0,0,4.74705745618248e-05,0,0,0,0,0,0,0,0,0,0,0,0,0,0,0,0,0,0,0,0,0,0,0,0,0,0,0,0,0,0,0,0,0,0,0.0512726921771714,0,0,0,0,0,0,0,0,0.00018595017090334,0,0,0,0
0,0,0,0,0,0,0,0,0,0,0,0,0,0,0,0,0,0,0,0,0,0,0,0,0,0,0,0,0,0,0,0,0.00703761200480389,0.00442186674185737,0,0.0037492099164162,0,0,0,0,0,0,0,0,0,0,0,0.0374563042087574,0,0.00043292746441661,0,0,0,0,0,0,0,0,0,0,0,0,0,0,0,0,0,0,0,0,0,0,0,0,0.101323469492372,0.00902449771628247,0.0161610047871332,0,0.000897125250700787,0,0,0,0.000404593294004856,0,0,0,0
0,0,0,0,0,0,0,0,0,0,0,0,0,0,0,0,0,0,0,0,0,0,0,0,0,0,0,0,0,0,0,0.00703761200480389,0,0.000336183397012056,0.00144464057525628,0,0.00687222944337563,0,0,0,0,0,0,0,0,0,0,0.0104669285023155,0,0,0,0,0,0,0,0,0,0,0,0,0,0,0,0,0,0,0,0,0,0,0,0,0,0,0.000538993088648693,0.116244697164113,0.000111502103414481,0.00113870049960875,0,0.000731843400271089,0,0,0.00243800882900953,0,0,0,0
0,0,0,0,0,0,0,0,0,0.000979598445732136,0,0,0,0,0,0,0,0,0,0,0,0,0,0,0,0,0,0,0,0,0,0.00442186674185737,0.000336183397012056,0,0.289171713552319,0.00212369516470543,0,0.00529741895691488,0,0,0,0,1.64167942883934e-05,0,0,0,0,0.0941551843686153,2.79528103010821e-05,0,0,0,0,0,0,0.000124979482836181,0,0,0,0,0,0,0,0,0,0,0,0,0,0,0,0,0,0,0.00841652274867132,0.000581179531270427,0.165550840807143,0.0336407728251887,0.00136780091098493,0,0.00346438461309967,0,0.000833173762256677,2.03070316704394e-05,1.33565034993797e-05,0,0
0,0,0,0,0,0,0,0,4.52335107736217e-05,0,0,0,0,0,0,0,0,0,0,0,0,0,0,0,0,0,0,0,0,0,0,0,0.00144464057525628,0.289171713552319,0,0,0.00262736831592885,0.00189294290734016,0.00305770755818679,0,0,0,0,0,0,0,0,0.0722163068705982,0,0,0,0,0,0,0,0,0,0,0,0,0,0,0,0,0,0,0,0,0,0,0,0,0,0,0,0.011608988225634,0.0144963477756259,0.114314549888776,0,0.00146641796632797,0,0.00601290466518197,0.00100852386331815,0,5.27760664316614e-05,0,0
0,0,0,0.000620834160161245,0,0.000474162297651974,0,5.73265848012601e-05,0,0,0,0.00147643959857829,0,0,0,0,1.67079585396047e-05,6.73836610119664e-06,0.000148885360617416,0.00411865001230493,0,0,0,0,0,0,0,0,0,0,0,0.0037492099164162,0,0.00212369516470543,0,0,0.00537689693756466,0.0121329091172884,0,3.12250867834459e-06,0,0.000669295606516932,0,1.03933795575989e-05,0,0.00194966377922146,1.01613124322839e-06,0,0,0.000371053654271077,0,0.000195682517391704,0,0,0,0,0,0.000732154928681943,0,6.00803248983767e-06,0,6.6009028315565e-06,0.00501997604323263,0,0,0,0,0,0,0,0,0,1.94809414145257e-06,0,0.00201020350230339,0,0.003405701093925,0,0.0639238699590455,0.000102868703987946,0.000735738067421892,0,0.005184414383249,0.000159450428707424,0.00269004453349336,0.000151661903988022,0
0,0,0.000270826654214786,0,0.00017438998637851,0,0,0,4.09333906266626e-05,0,0.000896693810273668,0,0,0,0,0,1.76289861139081e-06,0,2.09100503123279e-05,0,0.0055763795931272,0,0,0,0,0,0,0,0,0,0,0,0.00687222944337563,0,0.00262736831592885,0.00537689693756466,0,0,0.00780351861030491,0,0.000209644566203618,0,0.000117985773035198,0,3.9621073240178e-06,0,5.70278957507475e-05,0,0.000461574347700133,0,0.000224545506415511,0,0,0,3.09326667129182e-05,0,0.00169140510055409,0,1.99591539151418e-05,0,0,0,0,0.00104844543548077,0,0,0,0,0,0,0,0,0,0,0,0.0031954484769579,0,0.000297617312585816,0.000202319305731604,0.0647779021413024,0,0.000275082209427447,0.00671610535867564,0.000664382356205073,0.00103716761480935,0,2.22472017514113e-05
0,0,0,0,0,0,0,0,0,0.00167748964183442,0,0.00801803353400133,0,0,0,7.9323998209082e-06,0,0,0,0.00262537442062434,0,0.0128204310703043,3.33259197902646e-05,0.00340220028419437,0,0,0,9.54214130296774e-05,0,0.0040376069229656,0,0,0,0.00529741895691488,0.00189294290734016,0.0121329091172884,0,0,0.00725770632071232,0,0,0,0,0,0,5.63836212966044e-05,0,0.00251735949730194,0,0.00520534828103171,0,0,0,0,0,0.00102861081366083,0,0.000828257636707504,0,0,0,0,0.00175935164398024,0,0.00120832805910993,0,0.00202084587852149,0,0,0,1.08528729469981e-05,0,0.00124887413089448,0,0,0,0.000415824990148936,0,0.00593908567848683,0,0.0958959549645724,3.51206712202885e-05,0.00409817939791784,0.000125431802594799,0.00127769004169374,0,0
0,0,0,0,0,0,0,0,0.00284567348034994,0,0.00258671020440774,0,0,0,0,0,0,0,0,0,0.000334762442727421,9.80813839805391e-05,0.00351424476699511,0,0.00394126601950966,0,0,0,0.000785320680948963,0,4.74705745618248e-05,0,0,0,0.00305770755818679,0,0.00780351861030491,0.00725770632071232,0,0,0,0,8.37794309496891e-05,0,0,0,0,0.0107725058288069,0.0106828514511572,0,0,0,0,0,0.00224706880178979,0,0,0,0,0,0,0,0,0,0,0.000626381320461297,0,0.000340979254746096,0,0,0,0,0,4.25768760011272e-05,0,0,0,0.00329342347651682,0,0.00772815928307889,0.00154454916520726,0.0669948400709108,0.00375693090752755,1.31136894858736e-05,0.00275136142528684,0,0
0,2.44064505444942e-05,7.69423740341175e-05,0.00252875719279889,0,2.09618211908743e-05,0,0,0,0,0,0,0,0,0,0,0.000144190821902191,0.000188904281836737,0.00763981167634754,0,0,0,0,0,0,0,0,0,0,0,0,0,0,0,0,3.12250867834459e-06,0,0,0,0,3.32930393573778e-05,0.0309223476757885,0.000122452334237843,0.00546032551734912,0.000185075081751117,0.00378905186834808,0.000334252505071991,0,0,0.00436870424454394,0,0.000161036116594613,0,0,0,0.000253317521928826,5.72069888418853e-05,0.00020974047715162,0,0,0,1.50262285318939e-05,0.00471405357896017,4.9722231153229e-05,0,0,0,0,0,0,0,0,0.000163585323553094,0,0,0,0,0,0.000438435380962265,7.50042708742896e-05,6.06877541056262e-05,0,0.000208547089075768,1.2604688581668e-05,0.0190593856796234,0.0361538108164082,4.05190254569344e-05
0,1.18661272794653e-05,0.00121406774481745,0,0,0,0,0,7.51891699644905e-05,0,0,0,0,0,0,0,0.00108483052522578,0.000349910594858575,0.0138427706073549,0,0,0,0,0,0,0,0,0,0,0,0,0,0,0,0,0,0.000209644566203618,0,0,3.32930393573778e-05,0,0.000348615588370675,0.0289832888494007,0.000450047793389444,0.0243702571128779,0.000188162104141488,0.0148318487711748,5.01375167390621e-05,0.00700141400304729,2.37872142666235e-05,6.90028349458094e-05,0,0,0,0.00026379209315143,0,0.00194620822545137,0,1.24949492086339e-05,0,0,0,0.000311665126496704,0.00227163903212189,0,0,0,0,0,0.000184699242258775,0,0,1.20166281854955e-05,2.99535098801755e-05,0,0,0,0,7.98772252474485e-05,0.00199659246061646,3.37886337194212e-06,4.12529714783104e-05,0.000373808746216149,1.52677086573644e-05,0.0336167842780369,0.000675393921455797,0.0961670337237556
0,0.0128547063172761,8.80473498332979e-06,0.0156652198360658,0,0.000140938676332694,0,0,0,0.000566479182845498,0,0,0,0,0,0,0.000693884413828762,0.000774653352437114,0.016591785097655,0,0,0,0,0,0,0,0,0,0,0,0,0,0,0,0,0.000669295606516932,0,0,0,0.0309223476757885,0.000348615588370675,0,0.00338227419551559,0.00213098457824794,0.000643663083895554,0.00606671043495286,0.00052946343042877,0.000730164941581518,0.000722888529173794,0.0260396593694325,0,0.000240079734362892,0,0,0,0.0014339912362357,6.14432762468566e-06,0.00326114596384856,0,4.73292054653583e-06,0,0.000393758693652943,0.0257117016078167,5.20880856033787e-05,0,0,0,0,0,0,0,0,0.00118224281615655,0,0,0,0,0.000169441255962545,0.0114302337663222,0.000194924449159576,0.000722865423082308,0,0.00587073763637283,0.000117438183769141,0.127282567794843,0.0557776895186841,0.000363114099150115
0.00221868765708358,2.9784622907216e-05,0.00411349024782983,0,4.73413821078675e-05,0,0,0,0.00113712202355,0,0,0,0,0,0,0,0.000758601084643704,0.000316557981754764,0.00676808174858114,0,0,0,0,0,0.000488267087068326,0,0,0,0,0,0,0,0,1.64167942883934e-05,0,0,0.000117985773035198,0,8.37794309496891e-05,0.000122452334237843,0.0289832888494007,0.00338227419551559,0,4.56377398420812e-05,0.00260228247132191,0.000178343435567286,0.0102488559428758,0.00238698849882238,0.022145947588198,0.000238662413638345,0.000289814133042432,0,0,0,0.000223151485258129,0,0.0404471840660949,5.76608118053271e-06,0.00129797063133561,0,0,0,0.000226626101646616,0.00558800376165202,0,0,0,1.88912918735174e-05,0,0.00016296177393194,0,0,0,6.98208463293497e-05,0,0,0,0.000501250845501348,9.82676149707258e-05,0.00913000577060451,1.89399737631716e-06,5.06926188050713e-05,0.00449028803685667,7.0386109318904e-05,0.10699644678132,0.000128974001708233,0.0932536554383265
0,5.5975079835519e-05,0,0,0,0,0,0,0,0,0,0,0,0,0,0,0.000167679800538201,0.000188488094941251,0.00536652955906469,0,0,0,0,0,0,0,0,0,0,0,0,0,0,0,0,1.03933795575989e-05,0,0,0,0.00546032551734912,0.000450047793389444,0.00213098457824794,4.56377398420812e-05,0,0.0019941263427568,0.00122578424604859,0.000117960759683168,0,0,0,0,0,0,0,0,0.000262348214366531,0,3.12814690270074e-05,0,0,0,0,0.00222188996400055,4.79483661941322e-05,0,0,0,0,0,0,0,0,0.000175206424821838,0,0,0,0,0,0.000721324854066043,4.65611819152545e-05,0.000238070902849351,0,8.5033113650123e-05,0,0.00473765933584838,0.00240192888393229,0.000363880597555352
0,0,0.00168398914608085,0.00101421645106798,0,0,0,0,0,0,0,0,0,0,0,0,0.000917861734422382,0.000655815124685529,0.0137059322852201,0,0,0,0,0,0,0,0,0,0,0,0,0,0,0,0,0,3.9621073240178e-06,0,0,0.000185075081751117,0.0243702571128779,0.000643663083895554,0.00260228247132191,0.0019941263427568,0,0.00036095217797728,0.0123821693628314,0,0,1.53444981935643e-05,0.00064328467563924,0,0,0,0,0,0.00064382780724261,0,0,0,0,0,0.000453454654151648,0.0012811914114952,0,0,0,0,0,0,0,0,3.84266327229294e-05,5.06885038245412e-05,0,0,0,0,0.000108885010223884,0.00343229419490761,9.29549956731014e-06,3.00648325860795e-05,0.000256413595700052,0,0.0113315547983249,0.000500104075461621,0.0117914603754617
0,0.00138260878184034,0,0.000158544490304151,0,0,0,0,0,0,0,0,0,0,0,0,0.000472036667635221,0.00022315769678768,0.0153299624022663,0,0,0,0,0,0,0,0,0,0,0,0,0,0,0,0,0.00194966377922146,0,5.63836212966044e-05,0,0.00378905186834808,0.000188162104141488,0.00606671043495286,0.000178343435567286,0.00122578424604859,0.00036095217797728,0,0.000679472124215349,0,0,0.000500780157564562,0.000147877052297305,2.32742161975214e-05,0,0,0,0,0,0.00445069778532667,0,0,0,1.32781451240474e-05,0.0513714345765706,7.50579578192613e-05,0,0,0,0,0,0,0,0,0.00508309814793457,0,0,0,0,0,0.0132987553962508,0.000198159705116165,0.00659826558576205,0,0.000462383544773206,2.31684806614306e-05,0.0294313723815726,0.000455034803460905,0.000271393040684463
0.000147114888837669,4.54077810191061e-05,0.000226595906653143,0,0,0,0,0,5.21910044995223e-05,0,0,0,0,0,0,0,0.00194197032156154,0.000546669300280433,0.0278554084640954,0,9.44729439526763e-05,0,0,0,0,0,0,0,0,0,0,0,0,0,0,1.01613124322839e-06,5.70278957507475e-05,0,0,0.000334252505071991,0.0148318487711748,0.00052946343042877,0.0102488559428758,0.000117960759683168,0.0123821693628314,0.000679472124215349,0,0,0.000244056674687393,0.000112450960807511,0,0,0,0,0,0,0.00170092697201948,2.41394180448848e-05,0,0,0,0,0.000566062896761804,0.014149190596786,0,0,0,0,0,0,0,0,0,0.000266392673984338,0,0,0,0,0.000209819593634675,0.0145824673160453,1.23272757125963e-06,0.000600558549100727,0.000942834358736887,4.49501876923152e-05,0.0210106380540759,0.00051995492967329,0.00226550444245862
0,0,0,6.5977395716042e-05,0,0,0,0,0,9.40779975343335e-05,0,0,0,0,0,0,0,0,0,0,0,0,0,0,0,0,0,0,0,0,0,0.0374563042087574,0.0104669285023155,0.0941551843686153,0.0722163068705982,0,0,0.00251735949730194,0.0107725058288069,0,5.01375167390621e-05,0.000730164941581518,0.00238698849882238,0,0,0,0,0,0.0847618896675753,0.0694261166810365,0,0,0,0,0,0,6.86625857407818e-06,7.44471733117385e-06,0,0,0,0,0,0,0,0,1.78486204707937e-05,0,0,0,0,0,0,0,0.0620324457684759,0.16648923020528,0.00777248148827397,0.107945771246302,0.00315252334683784,0.00180321427290167,0.013901070371388,0.00205231070220099,0.013986455505983,0.000116793156273964,0.0105119897499941,0,0
0.00146524104016172,0,0.00448516863232442,0,0.000116601594850788,0,0,0,0.00210688533351865,0,0,0,0,0,0,0,4.09490667288061e-06,0,0.000161808370652243,0,3.57695352584519e-05,0,0.000125224311485066,0,0.0112708981776864,0,0,0,0,0,0,0,0,2.79528103010821e-05,0,0,0.000461574347700133,0,0.0106828514511572,0,0.00700141400304729,0.000722888529173794,0.022145947588198,0,0,0,0.000244056674687393,0.0847618896675753,0,0.00398637529465692,0.000139915014952306,0,0,0,0.00490230219431918,0,0.00616322923715564,0,2.9187768833595e-05,0,0.000231618380195568,0,0,0.000185038583598625,0,0.00313865893309803,0,0.0168575493702041,0,0,0,0,0,0.00203068280310174,0,0.00268914938362362,0,0,0,0.0003796999706397,0,0.0130241729290683,0.00447976385779222,8.37298876289206e-05,0.0455869995647062,0,0.000208722374752703
0,0.00303169853092094,0,0.00509841272977079,0,0,0,0,0,0.000355088756743257,0,0,0,0,0,0,0,4.12355922627776e-05,0.000451936206140865,0,0,0,0,0.00156903116019488,0,0,0,0,0,0,0,0.00043292746441661,0,0,0,0.000371053654271077,0,0.00520534828103171,0,0.00436870424454394,2.37872142666235e-05,0.0260396593694325,0.000238662413638345,0,1.53444981935643e-05,0.000500780157564562,0.000112450960807511,0.0694261166810365,0.00398637529465692,0,0,0.000269091293542516,0,0,0,0.000202787268513297,1.35557515035523e-05,0.000554425980053189,0,2.23594614690724e-05,0,0.000197864409250346,0.000293461712994582,0,0.00823858513477494,0,0.00224530017672599,0,0.000279744757287893,0,0.00459535341341513,0,0.000284745074453613,0,0.0019013724094582,0.000152877776719074,0.0010317511846347,0,0.000379379707376015,1.06552292843636e-05,0.00310364814097887,3.73035008034727e-06,0.00434299944070772,8.55301643608317e-05,0.0235664265023354,0.00062059252028676,0
0,0,0.000112219466950412,0,0.123220668321567,0,0,0,0,0,0,0,0,0,0,0,0,0,0,0,0.0211523648272278,0,0,0,0,0,0,0,0,0,0,0,0,0,0,0,0.000224545506415511,0,0,0,6.90028349458094e-05,0,0.000289814133042432,0,0.00064328467563924,0.000147877052297305,0,0,0.000139915014952306,0,0,0,0,0,0,0,0.00653258598008138,0,2.14442992176919e-05,0,0,0,0,0.00670631721703399,0,0,0,0,0,0,0,0,0,0,0,0,0,0,0,0.000764015352591743,0,0,0.000425558365345732,0,0.00201467884169318,0,0
0,0,0,0.0190345151788067,0,0.147692150594574,0,0.00160875538298873,0,5.08471418175244e-05,0,4.15137117367975e-05,0,0,0,0.000425825403850173,0,0,0,0,0,0,0,0,0,0,0,0,0,0,0,0,0,0,0,0.000195682517391704,0,0,0,0.000161036116594613,0,0.000240079734362892,0,0,0,2.32742161975214e-05,0,0,0,0.000269091293542516,0,0,0,0,0,0,0,0.00022292187831752,0,0,0,0,0.000156269682123614,0,0,0,0,0,0,0,0,0,0.000237673840112642,0,0,0,0,0,0.000409741213003319,0,2.96557381209427e-05,0,0.000284072738463103,7.39371546444313e-05,0.00380340156829398,0,0
0,0,0,0,0.000169276347151026,0,0.0199123065776468,0,0,0,0.00412479472826462,0,0,0,0,0,0,0,0,0,0,0,0,0,0,0,0,0,0,0,0,0,0,0,0,0,0,0,0,0,0,0,0,0,0,0,0,0,0,0,0,0,0,0,0,0,0.014414708897577,0,0,0,0,0,0,0,0,0,0,0,0,0,0,0,0,0,0,0,0,0,0,0,0,0,0.000537433174108601,2.85232555490953e-05,0,0,0
0,0,0,0,0,0,0,0.024729705169949,0,0,0,0,0,0.000607194602723224,0,0,0,0,0,0,0,0,0,0,0,0,0,0,0,0,0,0,0,0,0,0,0,0,0,0,0,0,0,0,0,0,0,0,0,0,0,0,0,0,0,0,0,0.00417396955562297,0,0.000941630469984182,0,0,0,0,0,0,0,0,0,0,0,0,0,0,0,0,0,0,0,0,0,0,0.000247409127683511,0,0,0,0
0.000909173017843792,0,0.014635488515671,0,0,0,0,0,0.179751810250652,0,0,0,0,0,0.00209012692020544,0,0.000637058641037842,2.81590261545172e-05,0,0,0,0,0,0,0.00211672133075928,0,0,0,0,0,0,0,0,0,0,0,3.09326667129182e-05,0,0.00224706880178979,0,0.00026379209315143,0,0.000223151485258129,0,0,0,0,0,0.00490230219431918,0,0,0,0,0,0,0,0.000420935083142542,0,0,0,0.0135033804236412,0,0,0.000169379984597142,0,0,0,0.00742636414105592,0,0,0,0,0,0,0,0,0,0,0,8.03911277405502e-05,0,0.00144260788158483,0.000420920436433628,0,0.000980169592891815,0,0
0,0.068841287533151,0,0.0124075811877007,0,0,0,0,0,0.0435317326852961,0,0,0,0,0,0.0158388190552435,0,0,0,0,0,0,0,0.00222742679288852,0,0,0,0,0,0,0,0,0,0.000124979482836181,0,0,0,0.00102861081366083,0,0.000253317521928826,0,0.0014339912362357,0,0.000262348214366531,0,0,0,0,0,0.000202787268513297,0,0,0,0,0,0,0,8.30741397564103e-05,0,0,0,0.0419569124071817,0,0,0,0,0.0569964971088196,0,0,0,0,0,0,0,0,0,0,0,0,0,0.00128677054135377,0,4.03666338792322e-05,0,0.00237334121234262,0,0
3.2570671916932e-05,0,0.00210603562577387,0,0.000187898144874167,0,0.00750427490545737,0,0,0,0.0339907811307018,0,0,0,0,0,3.13431740975255e-05,1.9006240267486e-05,0.000677844544937533,0,0.00953382449309863,0,0,0,0,0,0,0,0,0,0,0,0,0,0,0,0.00169140510055409,0,0,5.72069888418853e-05,0.00194620822545137,6.14432762468566e-06,0.0404471840660949,0,0.00064382780724261,0,0.00170092697201948,6.86625857407818e-06,0.00616322923715564,1.35557515035523e-05,0.00653258598008138,0,0.014414708897577,0,0.000420935083142542,0,0,0,0.00459457977340187,0,0,0,2.16795830645603e-05,0.0533543991835169,0,0,0,0,0,0,0,0,0,0.0149021433481746,0,0,0,0,1.81457479020228e-05,0.00326353789929593,0,0,0.00098299116410378,0.000121431020146584,0.0270174084866643,2.54399548155822e-05,0.0140423523613651
0,0,0,0.00813636156072887,0,0.000276598401012211,0,0.000419602986079218,0,3.81796521231863e-05,0,0.0803034099171681,0,0.0003717059483197,0,0,1.90135641534948e-05,9.60181885445389e-06,0.00194171980951278,6.84351151694091e-05,0,0,0,0,0,0,0,0.00166114333248337,0,0.000864642910692351,0,0,0,0,0,0.000732154928681943,0,0.000828257636707504,0,0.00020974047715162,0,0.00326114596384856,5.76608118053271e-06,3.12814690270074e-05,0,0.00445069778532667,2.41394180448848e-05,7.44471733117385e-06,0,0.000554425980053189,0,0.00022292187831752,0,0.00417396955562297,0,8.30741397564103e-05,0,0,0,8.42209198401135e-05,0,8.43011855879581e-05,0.010670060217923,0,0,0,0,0,0,0,0,0,0.0281940839140529,0,0,0,0,0,0.000102096458119543,9.07051582872302e-07,4.89171063600548e-06,0,0.000207305546726276,1.72681814669289e-05,0.00961017294376665,0.00443884333325788,0.000162615948786161
6.03944376419161e-05,0,0.00022304613538661,0,0,0,0,0,0,0,0.00305916645436807,0,0,0,7.10101157892495e-05,0,0,0,4.5721442449363e-05,0,0.000125643384089097,0,0,0,0,0,0,0,0,0,0,0,0,0,0,0,1.99591539151418e-05,0,0,0,1.24949492086339e-05,0,0.00129797063133561,0,0,0,0,0,2.9187768833595e-05,0,2.14442992176919e-05,0,0,0,0,0,0.00459457977340187,0,0,0,6.66577761876397e-05,0,0,0.000297999124062792,0,0,0,0,0,0,0,0.00590256670316501,0,0,0,0,0,0,0,4.81332814144003e-05,0,0,4.73279037151884e-05,0,0.00272141622979625,0,0.000166183012902024
0,0,0,0.0101162650545064,0,0,0,0.00120713850236122,0,0,0,0.00822010864139077,0,0.0239284867064895,0,0,0,0,0,0,0,0,0,0,0,0,0,0,0,0,0,0,0,0,0,6.00803248983767e-06,0,0,0,0,0,4.73292054653583e-06,0,0,0,0,0,0,0,2.23594614690724e-05,0,0,0,0.000941630469984182,0,0,0,8.42209198401135e-05,0,0,0,0,0,0,0,0,0,0,0,0,0,0,0,0,0,0,0,0,2.43563052014059e-05,0,0,0,6.81520750554429e-05,0,0.000949972685459519,0,0
0.00402061867019765,0,0,0,0,0,0,0,0.0341352185600684,0,0,0,0,0,0.00437497427084745,0,0.00047098946975779,0,0,0,0,0,0,0,0,0,0,0,0,0,0,0,0,0,0,0,0,0,0,0,0,0,0,0,0,0,0,0,0.000231618380195568,0,0,0,0,0,0.0135033804236412,0,0,0,6.66577761876397e-05,0,0,0,0,0,0,0,0,0,0,9.57629372421069e-05,0,0,0,0,0,0,0,0,0,0,0,0,0.000299128533324824,0,0,0,0
0,5.20252809157167e-05,0,0.0156293009658332,0,0,0,0,0,0.00640712545394157,0,0,0,0,0,0,0,0,0,0,0,0,0,0,0,0,0,0,0,0,0,0,0,0,0,6.6009028315565e-06,0,0,0,1.50262285318939e-05,0,0.000393758693652943,0,0,0,1.32781451240474e-05,0,0,0,0.000197864409250346,0,0,0,0,0,0.0419569124071817,0,8.43011855879581e-05,0,0,0,0,0.000144538264564122,0,0,0,0.001411661591913,0,0,0,0,0,0,0,0,0,0,0,2.46151003831783e-05,0,3.16464885946626e-06,0,0.000138832233572181,0,0.001320168445973,0,0
0,0,0,0.00105087328317546,0,0.000130726113740397,0,0,0,0,0,0.00685221356435734,0,0,0,0,0.000505408550397439,0.0001719126355004,0.0117325310265067,0.0387770944780394,0,0,0,0,0,0,0,0,0,0,0,0,0,0,0,0.00501997604323263,0,0.00175935164398024,0,0.00471405357896017,0.000311665126496704,0.0257117016078167,0.000226626101646616,0.00222188996400055,0.000453454654151648,0.0513714345765706,0.000566062896761804,0,0,0.000293461712994582,0,0.000156269682123614,0,0,0,0,2.16795830645603e-05,0.010670060217923,0,0,0,0.000144538264564122,0,0.000243108183892004,0,0,0,0,0,0,0,0,0.00145998174828049,0,0,0,0,0,0.014384022642725,0.000210432149945356,0.00343860751603689,0,0.00046198698543299,6.15193366356594e-06,0.0445377165021386,0.00104728157881883,0.000393104078690426
0,0,0.000171636754510617,0,0,0,0,0,0.00013049340860714,0,0.00362167039194111,0,0,0,0,0,0.000455195690284516,0.000179919114101808,0.0050634204503475,0,0.036243667409989,0,0,0,0,0,0,0,0,0,0,0,0,0,0,0,0.00104844543548077,0,0,4.9722231153229e-05,0.00227163903212189,5.20880856033787e-05,0.00558800376165202,4.79483661941322e-05,0.0012811914114952,7.50579578192613e-05,0.014149190596786,0,0.000185038583598625,0,0.00670631721703399,0,0,0,0.000169379984597142,0,0.0533543991835169,0,0.000297999124062792,0,0,0,0.000243108183892004,0,0,0,0,0,0,0,0,0,0,0.000750427875644744,0,0,0,0,4.77887872500453e-05,0.015330663860861,0,0.000880906908088038,0.00088797152126809,2.27762287845344e-06,0.0318823993479685,0.00019123911073398,0.00117442490147727
0,0,0,0,0,0,0,0,0,0,0,0,0,0,0,0,0,0,0,0,0,0.0878336748612256,0,0.00146536582876948,0,3.1050596589921e-05,0,4.37854977301711e-05,0,0,0,0,0,0,0,0,0,0.00120832805910993,0,0,0,0,0,0,0,0,0,0,0,0.00823858513477494,0,0,0,0,0,0,0,0,0,0,0,0,0,0,0,0,0.00615503650595086,0,0,0,0.0131954094719895,0,0,0,0,0,0,0,0,0,0.00538685872348193,0,0.00110238611131996,4.02800970053163e-05,0,0,0
0,0,0,0,0,0,0,0,0,0,0,0,0,0,0,0,0,0,0,0,0,0,0.0646693555915776,0,3.72968584702182e-05,0,0,0,0,0,0,0,0,0,0,0,0,0,0.000626381320461297,0,0,0,0,0,0,0,0,0,0.00313865893309803,0,0,0,0,0,0,0,0,0,0,0,0,0,0,0,0,0,0,6.21573116036441e-05,0,0.00653934223637589,0,0,0,0,0,0,0,0,0,0,0,0.00475937848401174,0.000322180884077345,0,0,0,0
0,8.60441280181035e-05,0,0,0,0,0,0,0,0.00241961771566061,0,0,0,0,0,0.000187104343577492,0,0,0,0,0,0.00185858429335613,0,0.0176180481765958,0,0.00146547123988419,0,0,0,0,0,0,0,0,0,0,0,0.00202084587852149,0,0,0,0,0,0,0,0,0,1.78486204707937e-05,0,0.00224530017672599,0,0,0,0,0,0.0569964971088196,0,0,0,0,0,0.001411661591913,0,0,0.00615503650595086,0,0,0,0,0,0,0,0,0,0,0,0,0,0,0,0.00431830899443211,0,0.000978679214555636,0,0.00206938224869321,0,0
0,0,0,0,0,0,0,0,0,0,0,0,0,0,0,0,0.000140339280617925,0,0,0,0,0,0,0,0.0459295924687916,0,0.00518721443269563,0,0,0,0,0,0,0,0,0,0,0,0.000340979254746096,0,0,0,1.88912918735174e-05,0,0,0,0,0,0.0168575493702041,0,0,0,0,0,0.00742636414105592,0,0,0,0,0,0,0,0,0,0,6.21573116036441e-05,0,0,0,0,0,0,0,0,0,0,0,0,0,0,0,0.0010125883703741,6.26507182902657e-07,0,0.000451986411435697,0,0
0,0,0,0,0,0,0,0,0,0,0,0,0,0,0,0,0,0,0,0,0,0,0,0.000136472197482362,0,0.00420879973424272,0,0.0169167328090674,0,0,0,0,0,0,0,0,0,0,0,0,0,0,0,0,0,0,0,0,0,0.000279744757287893,0,0,0,0,0,0,0,0,0,0,0,0,0,0,0,0,0,0,0,0,0.00836784433758857,0,0.000114884829222645,0,0,0,0,0,0,0,0,0,9.9406049685058e-06,0,0,0,0
0,0,0,0,0,0,0,0,0.00040983628378361,0,0,0,0,0,5.67430736321097e-05,0,0.0227432490652763,0.00116487563517937,0.0014637063850412,0,0,0,0,0,0.00250958336269463,0,0,0,0,0,0,0,0,0,0,0,0,0,0,0,0.000184699242258775,0,0.00016296177393194,0,0,0,0,0,0,0,0,0,0,0,0,0,0,0,0,0,9.57629372421069e-05,0,0,0,0,0.00653934223637589,0,0,0,0,0,0,0,0,0,0,0,0,0,0,0,0,0.000384668735263667,0,0,0,0
0,0,0,0,0,0,0,0,0,0,0,0,0,0,0,0,0,0,0,0,0,0.00147461579068966,0,0,0,8.29737498184968e-05,0,0.00935217608304204,0,0.00253851184635882,0,0,0,0,0,0,0,1.08528729469981e-05,0,0,0,0,0,0,0,0,0,0,0,0.00459535341341513,0,0,0,0,0,0,0,0,0,0,0,0,0,0,0.0131954094719895,0,0,0,0.00836784433758857,0,0,0,0.000204936407036624,0,0,0,0,0,0,0,0.00595627693664131,0,1.94123765974635e-05,0,0,0,0
0,0,0,0,0,0,0,0,0,0,0,0,0,0,0,0,0,0,0,0,0,0,4.82975137856556e-05,0,0,0,0,0,0.00970794562407032,0,0,0,0,0,0,0,0,0,0,0,0,0,0,0,0,0,0,0,0,0,0,0,0,0,0,0,0,0,0.00590256670316501,0,0,0,0,0,0,0,0,0,0,0,0,0,0,0,0,0,0,0,0,0,0,0.000863795890285654,2.23444433231634e-05,0,0,0,0
0,0,0,0.000920897992093125,0,0,0,0,0,0.000234650636914007,0,0.00845055465363281,0,0,0,0,9.70667713775272e-06,0,0.000906617814369909,4.21112335327696e-05,0,0,0,0,0,0,0,0,0,0.0445086163821506,0,0,0,0,0,1.94809414145257e-06,0,0.00124887413089448,0,0.000163585323553094,1.20166281854955e-05,0.00118224281615655,0,0.000175206424821838,3.84266327229294e-05,0.00508309814793457,0,0,0,0.000284745074453613,0,0.000237673840112642,0,0,0,0,0,0.0281940839140529,0,0,0,0,0.00145998174828049,0,0,0,0,0,0.000114884829222645,0,0.000204936407036624,0,0,0,0,0,0,0,2.23455294162863e-05,2.75792658046024e-06,0.00236284056838412,0,4.20034627274533e-05,0,0.00171452441070234,0.00192378938241494,0.000105064489503304
0,0,0,0,0,0,0,0,0,0,0.000824949184777122,0,0,0,0,0,0,0,1.28721770108942e-05,0,0,0,0,0,0,0,0,0,0.00179770445527974,0,0.0512726921771714,0,0,0,0,0,0,0,4.25768760011272e-05,0,2.99535098801755e-05,0,6.98208463293497e-05,0,5.06885038245412e-05,0,0.000266392673984338,0,0.00203068280310174,0,0,0,0,0,0,0,0.0149021433481746,0,0,0,0,0,0,0.000750427875644744,0,0,0,0,0,0,0,0,0,0,0,0,0,0,0,3.82028728196431e-06,0,1.17868239613017e-05,2.94530780071477e-05,0,0.00174423381308636,0,0
0,0,0,0,0,0,0,0,0,0,0,0,0,0,0,0,0,0,0,0,0,0,0,0,0,0,0,0,0,0,0,0.101323469492372,0.000538993088648693,0.00841652274867132,0,0.00201020350230339,0,0,0,0,0,0,0,0,0,0,0,0.0620324457684759,0,0.0019013724094582,0,0,0,0,0,0,0,0,0,0,0,0,0,0,0,0,0,0,0,0,0,0,0,0,0,0.00200316149493447,0.0112711055855099,0,0.00131611540566363,0,0,0,0.00119599487702661,0,0,0,0
0,0,0,0,0,0,0,0,0,0,0,0,0,0,0,0,0,0,0,0,0,0,0,0,0,0,0,0,0,0,0,0.00902449771628247,0.116244697164113,0.000581179531270427,0.011608988225634,0,0.0031954484769579,0,0,0,0,0,0,0,0,0,0,0.16648923020528,0.00268914938362362,0.000152877776719074,0,0,0,0,0,0,0,0,0,0,0,0,0,0,0,0,0,0,0,0,0,0,0,0,0.00200316149493447,0,1.69917495626741e-05,0.0194627698220302,1.46889052821754e-05,0.00168013124168884,0,0,0.000627764372647249,0,0,0,0
0,0,0,0,0,0,0,0,0,0,0,0,0,0,0,0,0,0,0,0,0,0,0,0,0,0,0,0,0,0,0,0.0161610047871332,0.000111502103414481,0.165550840807143,0.0144963477756259,0.003405701093925,0,0.000415824990148936,0,0,0,0,0,0,0,0,0,0.00777248148827397,0,0.0010317511846347,0,0,0,0,0,0,0,0,0,0,0,0,0,0,0,0,0,0,0,0,0,0,0,0,0.0112711055855099,1.69917495626741e-05,0,0,0.0051793344317182,0,0.00285984245582693,0,0.000723729050804759,6.2683787488015e-06,0.00027555301032294,0,0
