0,0,0.0779747733095218,0,0,0,0,0,0.0293725998132953,0,0,0,0,0,0,0,0,3.05395408712905e-05,0.000893677341892748,0,0,0,0,0,0,0,0,0,0,0,0,0,0,0,0,0,0,1.3246913864008e-05,4.30351783214044e-06,0,0.000371074006465133,0,0.0104421251367729,0,9.41438109291039e-05,0,0.000761404804776345,0.000651498657080985,0.116304856043346,9.03059005028894e-05,0,0,0,0,0.00860568436520338,0,0,0,0,0,0.00120306704069481,0,0,0.000155022662081603,0,0,0,0,0,0,0,0,0,0.0015622960608365,0,0,0,0,0,0.000344810914455842,8.50424824575284e-06,0,0.00292635884360123,0,0.0296004742857871,0,8.25661358734662e-05
0,0,0,0.149014186768477,0,0,0,0,0,0.0579044749470044,0,0,0,0,0,0.000968319189394742,0,0,0.000231563917464061,0,0,0,0,0,0,0,0,0,0,0,0,0,0,0,0,0,0,0,0,0.0002711813085436,0,0.0104710688278193,0,0,0,0.000387648444409164,0,6.78146004177957e-05,0,0.0492893240451714,0,0,0,0,0,0.114360751364373,0,0.000479862275638338,0,0.00652534319130304,0,0.0400594151882609,0,0,0,0,0.000557613288182084,0,2.8407053662298e-05,0,0,0,8.10990302814538e-05,0,0,0,0,0,7.9326890017044e-06,0,0,0,0.00276521927103229,0,0.0168174249000483,0.000662237761889846,0
0.0779747733095218,0,0,0,0.00461062836458303,0,0,0,0.00789684609491548,0,0,0,0,0,0,0,1.3508651841175e-05,0,0.000209460301244214,0,0,0,0,0,0,0,0,0,0,0,0,0,0,0,0,0,0,0,0,0,0.000309015507973132,0,0.00131109265954472,0,0,0,0.00191180173316996,0,0.0396691637768864,0,0.00064584916555888,0,0,0,0.02210773011176,0,0.00257835569104384,0,0.0011117359344572,0,0.0065034469156051,0,0,0.00261814983244715,0,0,0,0,0,0,0,0,0,0.000157217416320157,0,0,0,0,0,0.000754105492713772,0,0.00036500438929789,0.000698949396655521,0,0.0496398566676719,0,0
0,0.149014186768477,0,0,0,0.0154790998339756,0,0,0,0.0619082973861497,0,0,0,0,0,0,5.01599607007295e-06,0,0.000495175128884201,0.004417383769832,0,0,0,0,0,0,0,0,0,0,0,0,0,0,0,0.0016710151477226,0,0,0,0.0114370618626185,0,0.00448335359485915,0.000217768888308814,0.00184088871615297,0,0.0378485956115729,0.000124545508624602,0,0,0.019048517463289,0,0,0,0,0,0.12300931421617,0,0.00016289588273133,0,0.000226248050936633,0,0,0.0119872807475165,0,0,0,0,0,0,0,0,0,0.000859548494070968,0,0,0,0,0,0.00166122547701042,0,0.000197030372483089,0,0.00291387125628796,3.2755351206095e-05,0.0824807884495395,0.00147984516458511,0
0,0,0.00461062836458303,0,0,0,0.00233481983518682,0,0,0,0.00317163470166872,0,0,0,0,0,0,0,0,0,0.0126010034137843,0,0,0,0,0,0,0,0,0,0,0,0,0,0,0,1.62719121939309e-05,0,0,0.000217634756018676,2.9339626672988e-05,0,0.000661240997215202,0,0,0,0.000201304293668769,0,0.000148825862464489,0,0,0,0,0,0.00267273245404308,0,0.00230129847624946,0,0,0,0,0,0,1.98938764551522e-05,0,0,0,0,0,0,0,0,0,0,0,0,0,0,0,2.36486961299287e-05,0,1.4975709227978e-05,3.73527101781139e-05,0,0.00189422886143909,0,0
0,0,0,0.0154790998339756,0,0,0,0,0,0,0,0,0,0,0,0,0,0,0,0,0,0,0,0,0,0,0,0,0,0,0,0,0,0,0,0,0,0,0,3.80151857248103e-05,0,0,0,0,0,0.000436972227553354,0,0,0,0,0,0,0,0,0,0,0,0,0,0,0,0,0.00100166466148303,0,0,0,0,0,0,0,0,0,0,0,0,0,0,0,2.6133480952745e-06,0,0,0,0.00042363072671875,4.45955961918126e-05,0.00139476477165843,0,0
0,0,0,0,0.00233481983518682,0,0,0,0,0,0.000877900298776097,0,0,0,0,0,0,0,0,0,0.000409747216383921,0,0,0,0,0,0,0,0,0,0,0,0,0,0,0,4.73925728668298e-06,0,0,0,0,0,0,0,0,0,0,0,0,0,0,0,0,0,0,0,0.00408606739084389,0,0,0,0,0,0,0,0,0,0,0,0,0,0,0,0,0,0,0,0,0,0,0,0,0,1.33785845238268e-06,0,3.1855533083971e-05,0,0
0,0,0,0,0,0,0,0,0,0,0,0,0,0,0,0,0,0,0,0,0,0,0,0,0,0,0,0,0,0,0,0,0,0,0,0,0,0,0,0,0,0,0,0,0,0,0,0,0,0,0,0,0,0.0429499603908383,0,0,0,0.00243318327868835,0,0,0,0,0,0,0,0,0,0,0,0,0,0,0,0,0,0,0,0,0,0,0,0,0.00025198976721592,0,0,0,0
0.0293725998132953,0,0.00789684609491548,0,0,0,0,0,0,0,0,0,0.000173654637329676,0,0.00952056346158859,0,0.0067644651623492,8.52397206682111e-06,0,0,0,0,1.52471710041062e-05,0,0.00203359873107165,0,0,0,0,0,0,0,0,0,0,0,0,0,0.000858889418599541,0,0,0,0.00194346446014352,0,0,0,0,0,0.00261053821445367,0,0,0,0,0,0.196936387901448,0,0,0,0,0,0.106989665106061,0,0,0,0,0,0,0.00561324481695277,0,0,0,0,0,0,0,0,0,0,0,0,0,0.000472335301606352,0.00211487564568611,0,0.00160950069947002,0,0.00317750556926128
0,0.0579044749470044,0,0.0619082973861497,0,0,0,0,0,0,0,0,0,0,0,0.0192168461149569,0,6.57034263100817e-05,0,0,0,0,0,0.00567670499962883,0,0,0,0,0,0,0,0,0,0,0,0,0,0.00330994645393695,0,0.000117916734853001,0,0.000106426603344013,0,0,0,0.000355602390015077,0,0,0,0.0023114097861093,0,0,0,0,0,0.232460195051631,0,0,0,0,0,0.0343089404755551,0.000145664405750108,0,0,0,0.0148537641517391,0,0.000423156918338392,0,0,0,0,0,0,0,0,0,2.60999744164034e-06,0,0.000869649492463114,0,0.00369778857376432,0.000192092780293907,0.00252594253132139,0.00105900369043464,0
0,0,0,0,0.00317163470166872,0,0.000877900298776097,0,0,0,0,0,0.0679719004467572,0,0,0,0,0,0,0,0.113538664713212,0,0,0,0,0,0,0,0.00359959342034864,0,0.0230853844755922,0,0,0,0,0,0.00513115181426952,0,0.0642151318162792,0,0,0,0,0,0,0,0,0,0,0,0,0,0,0,0,0,0.170921856681145,0,0.00395878786546182,0,0,0,0,0.003500062967252,0,0,0,0,0,0,0,0,0,0.013260927842803,0,0,0,0,0,0.000131494499925366,0,0.0186595210069394,0.00590658171451713,0.00233115778585862,0.000376499719227644,0,0
0,0,0,0,0,0,0,0,0,0,0,0,0,0.0193606009370316,0,0,0,0,0,0.0618706366645988,0,0,0,0,0,0,0,0.00386911214230551,0,0.00965759462084988,0,0,0,0,0,0.00961167449339064,0,0.0149937424190956,0,0,0,0,0,0,0,0,0,0,0,0,0,0,0,0.000798403190856334,0,0,0,0.127990495385902,0,0.0148610327259898,0,0,0.0473162835603645,0,0,0,0,0,0,0,0.000737835969007608,0,0.00151241546407788,0,0,0,0,0,0.000503099096062268,0,0.000854294633325195,0,0.00184857557073865,3.64556305248862e-05,0.000273481133437759,0,0
0,0,0,0,0,0,0,0,0.000173654637329676,0,0.0679719004467572,0,0,0,0.0230264256334645,0,0,0,0,0,0,0,0,0,0,0,0,0,0.00398352964106165,0,0.00212935619545017,0,0,0,0,0,0,0,0,0,0,0,0,0,0,0,0,0,0,0,0,0,0,0,0,0,0.00337371864367419,0,0.0208577133070421,0,0.00356365163495304,0,0,0,0,0,0,0,0,0,0,7.93098070828432e-05,0,0.00127760624888873,0,0,0,0,0,0,0,0,0.000460081152934393,3.96425575672765e-05,0,0,0
0,0,0,0,0,0,0,0,0,0,0,0.0193606009370316,0,0,0,0.0137078564645587,0,0,0,0,0,0,0,0,0,0.000761100001444619,0,0.00392848086137014,0,0.0036795829830425,0,0,0,0,0,0,0,0,0,0,0,0,0,0,0,0,0,0,0,0,0,0,0,0,0,0,0,0.019406219421037,0,0.156496155677677,0,0.00190303771256674,0,0,0,0,0,0,2.53954410266914e-05,0,0.00103287206392733,0,0,0,0,0,0,0,0,0,0,0,0.00189238465265681,0.00350563796788957,0,0,0
0,0,0,0,0,0,0,0,0.00952056346158859,0,0,0,0.0230264256334645,0,0,0,0.000164896670598199,0,0,0,0,0,0,0,0.00224713982040749,0,0,0,0,0,0,0,0,0,0,0,0,0,0,0,0,0,0,0,0,0,0,0,0,0,0,0,0,0,0.0241318083300967,0,0,0,0.0790823737999707,0,0.204657009144307,0,0,0,0,0,0,0.000528767977235113,0,0.0189190384619929,0,0.000756040193307187,0,0,0,0,0,0,0,0,0,0,3.63902842267898e-05,0,0,0,0
0,0.000968319189394742,0,0,0,0,0,0,0,0.0192168461149569,0,0,0,0.0137078564645587,0,0,0,0.00220087234712429,0,0,0,0,0,0,0,0.00217156444093368,0,0,0,0,0,0,0,0,0,0,0,0,0,0,0,0,0,0,0,0,0,0,0,0.00187266369096292,0,0,0,0,0,0.00770067138956246,0,0,0,0.00127096333055262,0,0.0718223314780012,0,0,0,0,0,0,0.00140394553058309,0,0,0,0,0,0,0,0,0,0,0,0,0,0.00169170688346253,0.000379431851418575,0,0,0
0,0,1.3508651841175e-05,5.01599607007295e-06,0,0,0,0,0.0067644651623492,0,0,0,0,0,0.000164896670598199,0,0,0.25714562692105,0.0862697772847965,0,0,2.55438731273407e-05,0.00176157635637379,0,0.00391728703615601,0,0.000224134541953425,0,0,0,0,0,0,0,0,0,0,0,0,0.00229968436494733,0.000900314597090383,0.00251222694448888,0.00534670238532501,0.000685333330479072,0.000307494226099863,0.000249313836846936,0.0030535714522803,0,4.20087386955771e-06,5.85283640285919e-05,0,0,0,0,0,0,3.03777966069557e-05,0,0,0,0.00190335163056273,0,0,0.000928777399784858,0,0,0,0,0,0.00231050425826979,0,0,0.000123577309141053,0.000160547846185714,0,0,0,0,0.000737548359314822,0.00151456245418108,0.000178465234408882,0.000916997450494083,0.0192364364731138,0.0329707112314214,0.00749638922061971,0.000151532559612711,2.95598591510482e-05
3.05395408712905e-05,0,0,0,0,0,0,0,8.52397206682111e-06,6.57034263100817e-05,0,0,0,0,0,0.00220087234712429,0.25714562692105,0,0.10976024025475,0,0,0.000901221547153552,0,0.00383670515696382,0.000218466346692484,0.00586750605603817,0,0,0,0,0,0,0,0,0,0,0,0,0,0.00353755312727637,7.38953550644966e-05,0.00373965976895916,0.00096776575220465,0.00108110783721077,8.26156091863323e-05,0.000230745962185141,0.000406666211459452,0,0,5.70531175286202e-05,0,0,0,0,0,0,0,0,0,0,0,0.00086814434189381,0,0.000130342488301372,0,0,3.50201814582438e-05,0,0.00145755129381087,0,0,0,0.000180688576311863,4.60264432225092e-05,0,0,0,0,0.00135695545331973,0.000278306263643804,0.000163892974627822,0.000192560306786686,0.0143216123363637,0.0623969365626872,0.003254273751614,0.000440142377428496,8.35282781500805e-06
0.000893677341892748,0.000231563917464061,0.000209460301244214,0.000495175128884201,0,0,0,0,0,0,0,0,0,0,0,0,0.0862697772847965,0.10976024025475,0,0,4.52828960764273e-05,0,4.58598547485884e-05,0,0,0,0,0,0,0,0,0,0,0,0,1.92033051071634e-05,0,0,0,0.0637544582634558,0.00392402141360005,0.0332179156900851,0.0296133886109144,0.0186414346593196,0.00246162955536016,0.00444585709920595,0.0391232240332519,1.11869937056428e-05,0.00012238524652069,0.000200468406258067,0,0,0,0,0,1.61762906726773e-05,0.000210372839257532,0,3.30000938265265e-05,0,0,0,4.463737251666e-05,0.0140298537464418,0,0,0,0,0,0,0,0,0.0017031622791776,0.00124103519501106,0,0,0,0,0.0127706656275796,0.0082306747375509,0.00191828510247926,0.00316598123727136,0.0198531359052169,0,0.0818531884067871,0.00386871417872526,0.00113610946500896
0,0,0,0.004417383769832,0,0,0,0,0,0,0,0.0618706366645988,0,0,0,0,0,0,0,0,0,0,0,0,0,0,0,0,0,0,0,0,0,0,0,0.0163091721789963,0,0.00539181548785929,0,0,0,0,0,0,0,0.000364619042040058,0,0,0,0,0,0,0,0,0,0,0,0,0,0,0,0,0.323462893331075,0,0,0,0,0,0,0,0,0,5.52305820952816e-05,0,0,0,0,0,0.00338732505886217,0,0.00093165032967903,0,0.000803809589520261,0,0.00375741643109759,0,0
0,0,0,0,0.0126010034137843,0,0.000409747216383921,0,0,0,0.113538664713212,0,0,0,0,0,0,0,4.52828960764273e-05,0,0,0,0,0,0,0,0,0,0,0,0.000279784751504374,0,0,0,0,0,0.0366392016923738,0,0.0167314869125063,0,0.000157443883608886,0,0.000204996505177078,0,0,0,0.000272071905673001,0,0,0,0,0,0,0,0,0,0.0945515301489941,0,0,0,0,0,0,0.0606262302028302,0,0,0,0,0,0,0,0,0,0.00108494697525297,0,0,0,0,0,0.0193825506016254,0,0.0157756596968244,0.00279073838150922,1.02846559170953e-05,0.0132326196631965,0,0
0,0,0,0,0,0,0,0,0,0,0,0,0,0,0,0,2.55438731273407e-05,0.000901221547153552,0,0,0,0,0.00406893559794028,0.00519428937899709,0,0.00664824572718714,0,0.00109523909238845,0,0,0,0,0,0,0,0,0,0.02680677500694,5.42109650250788e-05,0,0,0,0,0,0,0,0,0,0,0.00931828923863676,0,0,0,0,0,0,0,0,0,0,0,0,0,0,0.057831425420086,1.82666753971716e-05,0.00696461801303722,0,0.00821916330212818,0,0.00499217343037828,0,0,0,0,0,0,0,0,0,0.00698527960800444,0,0.004765440889259,3.02182912426845e-05,0,0,0
0,0,0,0,0,0,0,0,1.52471710041062e-05,0,0,0,0,0,0,0,0.00176157635637379,0,4.58598547485884e-05,0,0,0.00406893559794028,0,0,0.015122982451812,0,0.00788777446442907,0,0.00703400895114926,0,0,0,0,0,0,0,0,0,0.0454960028249415,0,0,0,0,0,0,0,0,0,0.00220915083477505,0,0,0,0,0,0,0,0,0,0,0,0,0,0,0,0.00259580157643511,0.0905430457474678,0,0.00318346326492591,0,0.00485917478784841,0,0.00679634451293279,0,0,0,0,0,0,0,0,0,0.031882904480875,0.0068941242185775,0.000252973057052127,0,0,0
0,0,0,0,0,0,0,0,0,0.00567670499962883,0,0,0,0,0,0,0,0.00383670515696382,0,0,0,0.00519428937899709,0,0,0,0.0430499765483089,0,0,0,0,0,0,0,0,0,0,0,0.00867359962557773,0,0,0,0,0,0,0,0,0,0,0,0.000461508417871671,0,0,0,0,0,0.0160618334392878,0,0,0,0,0,0,0,0,0.00301307912095857,0,0.108244516268858,0,0.0652189992935766,0,0,0,0,0,0,0,0,0,0,0,0.00257681415273292,0,0.000646484584331931,0,6.3654727623084e-05,0,0
0,0,0,0,0,0,0,0,0.00203359873107165,0,0,0,0,0,0.00224713982040749,0,0.00391728703615601,0.000218466346692484,0,0,0,0,0.015122982451812,0,0,0,0.0819003665404343,0,0,0,0,0,0,0,0,0,0,0,0.0106360221831681,0,0,0,0,0,0,0,0,0,0.00168640939171421,0,0,0,0,0,0.00297254842728079,0,0,0,0,0,0.000116546063232196,0,0,0,0,0.00640632881362568,0,0.247917022417575,0,0.0392258374415814,0,0,0,0,0,0,0,0,0,0,0,0.00620726773743924,0.000751833581624782,0,0.000121554668625075,0,0
0,0,0,0,0,0,0,0,0,0,0,0,0,0.000761100001444619,0,0.00217156444093368,0,0.00586750605603817,0,0,0,0.00664824572718714,0,0.0430499765483089,0,0,0,0,0,0,0,0,0,0,0,0,0,0,0,0,0,0,0,0,0,0,0,0,0,0,0,0,0,0,0,0,0,0,0,7.1513660111193e-05,0,0.000613795083456532,0,0,0.000225655578528711,0,0.000843945770895763,0,0.0121087024977201,0,0,0,0,0,0,0,0,0,0,0,0,0,0.000654617409851578,0,0,0,0
0,0,0,0,0,0,0,0,0,0,0,0,0,0,0,0,0.000224134541953425,0,0,0,0,0,0.00788777446442907,0,0.0819003665404343,0,0,0,0.00866193884632628,0,0,0,0,0,0,0,0,0,0,0,0,0,0,0,0,0,0,0,0,0,0,0,0,0,0,0,0,0,0,0,0.003081039456581,0,0,0,0,0.000953482078754675,0,0.00448479616067459,0,0.0495799182910193,0,0.00520768323969659,0,0,0,0,0,0,0,0,0,0,0.000342460588072062,0,0,0,0
0,0,0,0,0,0,0,0,0,0,0,0.00386911214230551,0,0.00392848086137014,0,0,0,0,0,0,0,0.00109523909238845,0,0,0,0,0,0,0,0.0979475350818312,0,0,0,0,0,0,0,0.00490072495397223,0,0,0,0,0,0,0,0,0,0,0,0,0,0,0,0,0,0,0,0,0,0.0168349729252148,0,0,0,0,5.67504685022868e-05,0,0,0,0,0,0.189027636609746,0,0.00944591779554079,0,0,0,0,0,0,0,0.000322244924174538,0,0.000463832553741491,6.39592617041677e-05,0,0,0
0,0,0,0,0,0,0,0,0,0,0.00359959342034864,0,0.00398352964106165,0,0,0,0,0,0,0,0,0,0.00703400895114926,0,0,0,0.00866193884632628,0,0,0,0.0446811937350421,0,0,0,0,0,0,0,0.0205802025292337,0,0,0,0,0,0,0,0,0,0,0,0,0,0,0,0,0,0.000129735659687739,0,0,0,0,0,0,0,0,0.00847720014076319,0,0,0,0.00525493250297258,0,0.00646004563964837,0,0.00805269414660534,0,0,0,0,0,0,0,0.0022975346092312,0.000988201276657492,1.30907183120144e-05,0,0,0
0,0,0,0,0,0,0,0,0,0,0,0.00965759462084988,0,0.0036795829830425,0,0,0,0,0,0,0,0,0,0,0,0,0,0.0979475350818312,0,0,0,0,0,0,0,0,0,0.0148397299125489,0,0,0,0,0,0,0,0,0,0,0,0,0,0,0,0,0,0,0,0.0102504490301484,0,0.000780913286534346,0,0,0,0,0,0,0,0,0,0,0.0648589307610891,0,0.102211567256529,0,0,0,0,0,0,0,0.00524683505442717,0,0.000288522226630041,0.000149632285678076,0,0,0
0,0,0,0,0,0,0,0,0,0,0.0230853844755922,0,0.00212935619545017,0,0,0,0,0,0,0,0.000279784751504374,0,0,0,0,0,0,0,0.0446811937350421,0,0,0,0,0,0,0,0,0,0.0370136051701494,0,0,0,0,0,0,0,0,0,0,0,0,0,0,0,0,0,0.00053346620227322,0,0,0,0,0,0,0,0,0,0,0,0,0,0,0,0,0.00940216559097997,0,0,0,0,0,0,0,0.00146590351660326,0.00102864154272075,0.00317508257922341,0,0,0
0,0,0,0,0,0,0,0,0,0,0,0,0,0,0,0,0,0,0,0,0,0,0,0,0,0,0,0,0,0,0,0,0.0826341893134609,0.0149624424694066,0.000821278163319367,0.00182519956214207,0.00387958418180385,0,0,0,0,0,0,0,0,0,0,0.0131462786121047,0,2.11401085549977e-05,0,0,0,0,0,0,0,0,0,0,0,0,0,0,0,0,0,0,0,0,0,0,0,0,0.0333919406818124,0.0587600855768417,0.0134449949507489,0.000504082995276807,0.000145090267655614,0.00144965358810162,0,0,0.00132338232585936,0,0,0,0
0,0,0,0,0,0,0,0,0,0,0,0,0,0,0,0,0,0,0,0,0,0,0,0,0,0,0,0,0,0,0,0.0826341893134609,0,0.00375262369436837,0.00508249962438131,0,0.000860309618754245,0,0,0,0,0,0,0,0,0,0,0.0193660183414173,0,0,0,0,0,0,0,0,0,0,0,0,0,0,0,0,0,0,0,0,0,0,0,0,0,0,0.00027580165959119,0.167194073753957,0.000889909600316026,0.0222177384837506,0,0.00629567249513292,0,8.38888116718231e-06,0.000410135499127573,0,0,0,0
0,0,0,0,0,0,0,0,0,0,0,0,0,0,0,0,0,0,0,0,0,0,0,0,0,0,0,0,0,0,0,0.0149624424694066,0.00375262369436837,0,0.386775268985684,0.00646727864923265,0,0.0146563815246306,0.00557184436186771,0,0,0,0,0,0,0,0,0.0797629237018202,0.00029437591075085,4.85221778322262e-05,0,0,0,0,0,0,0,0,0,0,0,0,0,0,0,0,0,0,0,0,0,0,0,0,0.0250728301835789,0.000456830369869398,0.109988144745914,0.187111316231409,0.000331364566043122,0,0.00542229946263351,0.00970212942471997,0.00307314980831348,0.000622070605743677,1.45102650238272e-05,0,0
0,0,0,0,0,0,0,0,0,0,0,0,0,0,0,0,0,0,0,0,0,0,0,0,0,0,0,0,0,0,0,0.000821278163319367,0.00508249962438131,0.386775268985684,0,0,0.0103738939020461,9.99197987685293e-05,0.0246711205164902,0,0,0,0,0,0,0,0,0.0731014906743113,0,0,0,0,0,0,0,0,0,0,0,0,0,0,0,0,0,0,0,0,0,0,0,0,0,0,0.00095508001894831,0.023131692344772,0.0981112612632192,0.169230044515239,0,0.00602859288129119,0.00056402343539308,0.00572319662420468,0.00197174073194356,6.95338366382068e-05,0,0,0
0,0,0,0.0016710151477226,0,0,0,0,0,0,0,0.00961167449339064,0,0,0,0,0,0,1.92033051071634e-05,0.0163091721789963,0,0,0,0,0,0,0,0,0,0,0,0.00182519956214207,0,0.00646727864923265,0,0,0.00273974255833158,0.0170284812791921,0,0.000161841793814232,5.02766039745645e-05,0.000197339651449147,3.45256848776287e-06,0,0,0.000357595607341969,0,0.000831983677644099,0.000360669612022107,0.00512299289619492,0,0,0,0,0,0,0,0,0,0,0,0,0.0317203807387276,0,0,0,0,0,0,0,0,0,2.7808341900788e-06,0,0.000166535876499899,0,0.00533918650273842,0,0.0709027604110076,0.00127414277882373,0.00134274055517706,0,0.0073157136728643,1.03391276521439e-05,0.00515586487871386,0,0
0,0,0,0,1.62719121939309e-05,0,4.73925728668298e-06,0,0,0,0.00513115181426952,0,0,0,0,0,0,0,0,0,0.0366392016923738,0,0,0,0,0,0,0,0,0,0,0.00387958418180385,0.000860309618754245,0,0.0103738939020461,0.00273974255833158,0,0,0.0254212737574829,1.68911200344541e-05,0.000762333414558327,4.48411770899852e-06,5.10171762976036e-05,0,0,6.16032170285398e-05,2.78394053327381e-05,0.000108977438003518,0.000161152344436044,0.000661140319625494,0,0,0,0,0,0,0.000286303849822664,0,0,0,0,0,0,0.000239288318443442,0,0,0,0,0,0,0,0,0,0,0,0.00255764037972782,0,0.00994792533224701,0,0.0720009851737038,0,0.0253316340874786,0.0109204422913279,0.000889909247190452,0.00325672257360317,0,0
1.3246913864008e-05,0,0,0,0,0,0,0,0,0.00330994645393695,0,0.0149937424190956,0,0,0,0,0,0,0,0.00539181548785929,0,0.02680677500694,0,0.00867359962557773,0,0,0,0.00490072495397223,0,0.0148397299125489,0,0,0,0.0146563815246306,9.99197987685293e-05,0.0170284812791921,0,0,0.00475604682602102,0,0,0,0,0,0,1.15765601001944e-05,0,0.00884923708193927,0.000270974441222117,0.00478102989046837,0,0,0,0,0,0.000536523092779388,0,0.00196259664153488,0,0,0,0,0.00812630408823722,0,0.0263638334695497,0,0.025051293418639,0,0,0,0.00903808879403419,0,0.00656247244764926,0,0,0,0.0135326056907414,0.000266682884423963,0.00805665265278845,0,0.115523012857623,0.00051995638493902,0.00430927305309749,0.000553584793769025,0.00512797757767403,0,0
4.30351783214044e-06,0,0,0,0,0,0,0,0.000858889418599541,0,0.0642151318162792,0,0,0,0,0,0,0,0,0,0.0167314869125063,5.42109650250788e-05,0.0454960028249415,0,0.0106360221831681,0,0,0,0.0205802025292337,0,0.0370136051701494,0,0,0.00557184436186771,0.0246711205164902,0,0.0254212737574829,0.00475604682602102,0,0,0,0,0.000170289411721596,0,0,0,0,0.0521623198964294,0.0024902409039596,0.000383637765166306,0,0,0,0,0.000309039957700656,0,0.0100122985334298,0,0,0,0,0,0,0.00220453114255449,0.000439797740276146,0.0145969565678688,8.43331699066643e-06,0.0128833170612985,0,0,0,0.00159563442887154,0,0.00186545161327867,0,0,0.000256856106661961,0.0214135060742373,0,0.00123091483076096,0.00533760900842343,0.104314838936149,0.0101213635479625,0.0032680783720294,0.0011981376309965,0,0
0,0.0002711813085436,0,0.0114370618626185,0.000217634756018676,3.80151857248103e-05,0,0,0,0.000117916734853001,0,0,0,0,0,0,0.00229968436494733,0.00353755312727637,0.0637544582634558,0,0,0,0,0,0,0,0,0,0,0,0,0,0,0,0,0.000161841793814232,1.68911200344541e-05,0,0,0,0.000384038217451111,0.110303775926797,0.00270870992769162,0.0367410364922457,0.00142392687005112,0.0855659304685751,0.00153881729683796,0.0013317742960478,0.00013725830141694,0.064098487649035,0,0,0,0,0,0.000664571208574317,0,0.000170697304544426,0,0,0,0,0.00236337728439147,0.000233231850068851,0,0,0,0,0,0,0,0,0.00285371317653663,5.44519067494451e-05,0,0,0,0,0.00447799271277974,0.000139543628847052,0.0010903968776462,5.0651558493007e-05,0.00176162770046662,0,0.102418375983248,0.00909038856805684,1.96202261704363e-05
0.000371074006465133,0,0.000309015507973132,0,2.9339626672988e-05,0,0,0,0,0,0,0,0,0,0,0,0.000900314597090383,7.38953550644966e-05,0.00392402141360005,0,0.000157443883608886,0,0,0,0,0,0,0,0,0,0,0,0,0,0,5.02766039745645e-05,0.000762333414558327,0,0,0.000384038217451111,0,0.000527324937079297,0.0188785691563108,4.34192125614249e-05,0.00212310367630137,0,0.0260498933504924,0.000941666535214785,0.0301382932835573,4.84305991272462e-05,0,0,0,0,0,0,4.50096669448648e-05,0,0,0,0,0,3.7043162567918e-05,0.0204936589350042,0,0,0,0,0,0,0,0,2.10881606401872e-05,0.000444054442116688,0,0,0,0,4.21759354730788e-05,0.00487561264272984,3.28372620411022e-06,0.00200786994270649,0.000166532493088974,0,0.0617317211793001,0.000148504736978909,0.00168255924534501
0,0.0104710688278193,0,0.00448335359485915,0,0,0,0,0,0.000106426603344013,0,0,0,0,0,0,0.00251222694448888,0.00373965976895916,0.0332179156900851,0,0,0,0,0,0,0,0,0,0,0,0,0,0,0,0,0.000197339651449147,4.48411770899852e-06,0,0,0.110303775926797,0.000527324937079297,0,0.015566769771644,0.0138557747879163,0.00145772727527558,0.0119200990658268,0.00106794105530266,0.00200908720233185,0.000187972126997013,0.0176670571432907,0,0,0,0,0,4.40310786509615e-05,0,0.00202615761824768,0,0,0,0,7.61623077067733e-05,0.000222478741829346,0,0,0,0,0,0,0,0,0.017518061787495,0,0,0,0,0,0.00661738292309765,0.000268718819105841,0.00345940936345622,0.000257514018562016,0.0066763529380437,5.04827048191415e-05,0.132251879336358,0.125138525750358,0.000281597227182597
0.0104421251367729,0,0.00131109265954472,0.000217768888308814,0.000661240997215202,0,0,0,0.00194346446014352,0,0,0,0,0,0,0,0.00534670238532501,0.00096776575220465,0.0296133886109144,0,0.000204996505177078,0,0,0,0,0,0,0,0,0,0,0,0,0,0,3.45256848776287e-06,5.10171762976036e-05,0,0.000170289411721596,0.00270870992769162,0.0188785691563108,0.015566769771644,0,0.00160654952572895,0.00824977311620583,0.00065866494639372,0.0724412926694791,0.000186601431505902,0.0162970377313998,0.000458361320074213,0,0,0,0,0.00104816583441678,0,0.00706891209017309,0,0.000127835646637094,0,1.48262776273819e-05,0,0,0.0109867041391635,0,0,0,0.000244979014350829,0,0,0,0,9.59444417469503e-05,0.0203698308920757,0,0,0,0,0.000522039825566355,0.00723951272217447,2.1789964835495e-05,0.00572811732648426,0.00419754227435652,3.92256980148211e-05,0.223307413918323,0.000750360204689231,0.0460784453703034
0,0,0,0.00184088871615297,0,0,0,0,0,0,0,0,0,0,0,0,0.000685333330479072,0.00108110783721077,0.0186414346593196,0,0,0,0,0,0,0,0,0,0,0,0,0,0,0,0,0,0,0,0,0.0367410364922457,4.34192125614249e-05,0.0138557747879163,0.00160654952572895,0,0,0.00570073067721112,0,5.62148537860065e-05,0,0.00114350605294165,0,0,0,0,0,0,0,0.000347560279566515,0,0,0,0,0,0.000181401658990033,0,0,0,0,0,0,0,0,0.00919269213197717,0,0,0,0,0,0.00672484386600275,8.1106225329241e-05,0.00232494901350694,4.18273275405612e-05,0.000200847691344696,0,0.0325780095353176,0.000758985355683896,0
9.41438109291039e-05,0,0,0,0,0,0,0,0,0,0,0,0,0,0,0,0.000307494226099863,8.26156091863323e-05,0.00246162955536016,0,0,0,0,0,0,0,0,0,0,0,0,0,0,0,0,0,0,0,0,0.00142392687005112,0.00212310367630137,0.00145772727527558,0.00824977311620583,0,0,0,0.00434717559495768,0,0,0,0,0,0,0,0,0,0,0,0,0,0,0,0,0.000627377464985136,0,0,0,0,0,0,0,0,0,0.000337368266200001,0,0,0,0,0.000110608263783501,0.000567386649034137,1.54093300841073e-05,0.000103539445311228,3.25065273966672e-05,1.30677130589217e-06,0.00509493056485805,0,0.00297842517824345
0,0.000387648444409164,0,0.0378485956115729,0,0.000436972227553354,0,0,0,0.000355602390015077,0,0,0,0,0,0,0.000249313836846936,0.000230745962185141,0.00444585709920595,0.000364619042040058,0,0,0,0,0,0,0,0,0,0,0,0,0,0,0,0.000357595607341969,6.16032170285398e-05,1.15765601001944e-05,0,0.0855659304685751,0,0.0119200990658268,0.00065866494639372,0.00570073067721112,0,0,0.000111298278891748,0.000718763144484088,0.00014379325437937,0.00822665146280644,0,0,0,0,0,0.000948202658531475,0,0.00134113172439023,0,0,0,0,0.0769354194245442,0,0,0,0,0,0,0,0,0,0.00645501899417805,0,0,0,0,0,0.0323599974220591,3.06369747146526e-05,0.00232115191512721,0,0.000440311148120614,0,0.0834355705273439,0.0013876472515669,0
0.000761404804776345,0,0.00191180173316996,0.000124545508624602,0.000201304293668769,0,0,0,0,0,0,0,0,0,0,0,0.0030535714522803,0.000406666211459452,0.0391232240332519,0,0.000272071905673001,0,0,0,0,0,0,0,0,0,0,0,0,0,0,0,2.78394053327381e-05,0,0,0.00153881729683796,0.0260498933504924,0.00106794105530266,0.0724412926694791,0,0.00434717559495768,0.000111298278891748,0,0,0.0021811287981973,0.000108227575071847,0,0,0,0,0.000285184233447484,0,0.000409019498225329,0,0.000277486243235203,0,2.72643407286607e-05,0,0,0.0634844672889499,0,0,0,0,0,0,0,0,0,0.00048340596887796,0,0,0,0,0.000187461002370544,0.00666760308136131,5.75706976273585e-06,0.00239816170568869,0.000653779932101417,0,0.0714719191046019,2.12579866076301e-05,0.000700430097899882
0.000651498657080985,6.78146004177957e-05,0,0,0,0,0,0,0,0,0,0,0,0,0,0,0,0,1.11869937056428e-05,0,0,0,0,0,0,0,0,0,0,0,0,0.0131462786121047,0.0193660183414173,0.0797629237018202,0.0731014906743113,0.000831983677644099,0.000108977438003518,0.00884923708193927,0.0521623198964294,0.0013317742960478,0.000941666535214785,0.00200908720233185,0.000186601431505902,5.62148537860065e-05,0,0.000718763144484088,0,0,0.0599210512866452,0.0630294654719807,0,0,0,0,0,0,0,0,0,0,0,0,0,0,0,0,0.000195087609682915,0,0,0,0,0,2.90532375102084e-05,0,0.126542600460691,0.0288672494648984,0.00307912920331303,0.0384021500936455,0.0040703907838398,0.00725092932620932,0.00404707677441273,0.0450325677319348,0.00379071915055987,0.000723661881329495,0.0191743833872033,0.000112575970347289,0
0.116304856043346,0,0.0396691637768864,0,0.000148825862464489,0,0,0,0.00261053821445367,0,0,0,0,0,0,0,4.20087386955771e-06,0,0.00012238524652069,0,0,0,0.00220915083477505,0,0.00168640939171421,0,0,0,0,0,0,0,0,0.00029437591075085,0,0.000360669612022107,0.000161152344436044,0.000270974441222117,0.0024902409039596,0.00013725830141694,0.0301382932835573,0.000187972126997013,0.0162970377313998,0,0,0.00014379325437937,0.0021811287981973,0.0599210512866452,0,0.0110295144648733,0,0,0,0,0.00229007323548309,0,0.000216224257238333,0,1.68972852483368e-05,0,0.000421553203358899,0,0,0.000371785439273197,0,0.00028998057239619,1.90492621316464e-05,0.00439424984175887,0,0,0,0.000188497099188298,0,0.00182295387028421,7.11076175722862e-05,9.81266339897073e-05,0.000469748225038595,0.00207200310740592,3.77691076700258e-05,0.000998530716489011,0.000438367702382104,0.00793814198603261,0.00133046383490446,0,0.0407779170714312,0,8.01395936077622e-05
9.03059005028894e-05,0.0492893240451714,0,0.019048517463289,0,0,0,0,0,0.0023114097861093,0,0,0,0,0,0.00187266369096292,5.85283640285919e-05,5.70531175286202e-05,0.000200468406258067,0,0,0.00931828923863676,0,0.000461508417871671,0,0,0,0,0,0,0,2.11401085549977e-05,0,4.85221778322262e-05,0,0.00512299289619492,0.000661140319625494,0.00478102989046837,0.000383637765166306,0.064098487649035,4.84305991272462e-05,0.0176670571432907,0.000458361320074213,0.00114350605294165,0,0.00822665146280644,0.000108227575071847,0.0630294654719807,0.0110295144648733,0,0,0,0,0,0,0.00719880565207783,0,0.00237114899506251,0,0.0210610126556843,0,0.0168383217152553,4.10270803068956e-05,3.41092555771829e-05,0.0107391412813266,0,0.017386222474536,0,0.000175284899793472,0,0.000915186173550926,0,0.000343468398259,0,0.00335225999313726,0,0.000209868298654882,2.19750215993035e-05,0.00383828920791789,5.89957358597247e-05,0.00572522378003348,0.000632441446967248,0.0027407943604985,0,0.0565593170114501,0.00209638791635766,0
0,0,0.00064584916555888,0,0,0,0,0,0,0,0,0,0,0,0,0,0,0,0,0,0,0,0,0,0,0,0,0,0,0,0,0,0,0,0,0,0,0,0,0,0,0,0,0,0,0,0,0,0,0,0,0,0,0,0,0,0,0,0,0,0,0,0,0,0,0,0,0,0,0,0,0,0,0,0,0,0,0,0,0,0,0,0,0,4.12296501205553e-05,0,0
0,0,0,0,0,0,0,0,0,0,0,0,0,0,0,0,0,0,0,0,0,0,0,0,0,0,0,0,0,0,0,0,0,0,0,0,0,0,0,0,0,0,0,0,0,0,0,0,0,0,0,0,0,0,0,0,0,0,0,0,0,0,0,0,0,0,0,0,0,0,0,0,0,0,0,0,0,0,0,0,0,0,0,0,0,0,0
0,0,0,0,0,0,0,0,0,0,0,0,0,0,0,0,0,0,0,0,0,0,0,0,0,0,0,0,0,0,0,0,0,0,0,0,0,0,0,0,0,0,0,0,0,0,0,0,0,0,0,0,0,0,0,0,0,0,0,0,0,0,0,0,0,0,0,0,0,0,0,0,0,0,0,0,0,0,0,0,0,0,0,0,0,0,0
0,0,0,0,0,0,0,0.0429499603908383,0,0,0,0.000798403190856334,0,0,0,0,0,0,0,0,0,0,0,0,0,0,0,0,0,0,0,0,0,0,0,0,0,0,0,0,0,0,0,0,0,0,0,0,0,0,0,0,0,0,0,0,0,0.000598265018197708,0,0,0,0,0,0,0,0,0,0,0,0,0,0,0,0,0,0,0,0,0,0,0,0,0.000297381251839011,0,0,0,0
0.00860568436520338,0,0.02210773011176,0,0.00267273245404308,0,0,0,0.196936387901448,0,0,0,0,0,0.0241318083300967,0,0,0,0,0,0,0,0,0,0.00297254842728079,0,0,0,0,0,0,0,0,0,0,0,0,0,0.000309039957700656,0,0,0,0.00104816583441678,0,0,0,0.000285184233447484,0,0.00229007323548309,0,0,0,0,0,0,0,0,0,0,0,0.0893927125695205,0,0,3.182337880543e-05,0,0,0,0.160656355363386,0,0.00467217258205138,0,0,0,3.26529209835709e-05,0,0,0,0,0,5.92635697656171e-05,0,0.00098741064507605,0.000257527160508274,0,0.00235589159894767,0,0
0,0.114360751364373,0,0.12300931421617,0,0,0,0,0,0.232460195051631,0,0,0,0,0,0.00770067138956246,0,0,1.61762906726773e-05,0,0,0,0,0.0160618334392878,0,0,0,0,0,0,0,0,0,0,0,0,0,0.000536523092779388,0,0.000664571208574317,0,4.40310786509615e-05,0,0,0,0.000948202658531475,0,0,0,0.00719880565207783,0,0,0,0,0,0,0,0,0,0,0,0.0368480998747413,0,0,0,0,0.200685170189152,0,0,0,0,0,0.000357802782834806,0,0,0,0,0,9.72700854147961e-05,0,0.0015179595414013,0,0.00087693603925887,0,0.00870508968570583,0,0
0,0,0.00257835569104384,0,0.00230129847624946,0,0.00408606739084389,0,0,0,0.170921856681145,0,0.00337371864367419,0,0,0,3.03777966069557e-05,0,0.000210372839257532,0,0.0945515301489941,0,0,0,0,0,0,0,0.000129735659687739,0,0.00053346620227322,0,0,0,0,0,0.000286303849822664,0,0.0100122985334298,0,4.50096669448648e-05,0,0.00706891209017309,0,0,0,0.000409019498225329,0,0.000216224257238333,0,0,0,0,0,0,0,0,0,4.92646703248324e-05,0,0,0,0,0.00951791533031476,0,0,0,0,0,0,0,0,0,0.0363764233853281,0,0,0,0,0,0.000291844916396441,0,0.00364857312724608,0.00164309127851795,0,0.0232131418944316,0,0.000905190971030506
0,0.000479862275638338,0,0.00016289588273133,0,0,0,0.00243318327868835,0,0,0,0.127990495385902,0,0.019406219421037,0,0,0,0,0,0,0,0,0,0,0,0,0,0,0,0.0102504490301484,0,0,0,0,0,0,0,0.00196259664153488,0,0.000170697304544426,0,0.00202615761824768,0,0.000347560279566515,0,0.00134113172439023,0,0,0,0.00237114899506251,0,0,0,0.000598265018197708,0,0,0,0,0,0.00515721323501601,0,0.0033047486985675,0.0108990930202623,0,0,0,0,0,1.89715262223785e-05,0,0,0,0.0468703533701142,0,0,0,0,0,4.60650032018549e-05,0,0.000715569061401669,0,0.000612790222058208,0,0.00793654822460122,0.000126770235144248,0
0,0,0.0011117359344572,0,0,0,0,0,0,0,0.00395878786546182,0,0.0208577133070421,0,0.0790823737999707,0,0,0,3.30000938265265e-05,0,0,0,0,0,0,0,0,0,0,0,0,0,0,0,0,0,0,0,0,0,0,0,0.000127835646637094,0,0,0,0.000277486243235203,0,1.68972852483368e-05,0,0,0,0,0,0,0,4.92646703248324e-05,0,0,0,0.0323382863951558,0,0,0.00017566363133195,0,0,0,0,0,0,0,0,0,0,0,0,0,0,0,0.000125205555423328,0,7.63154920832532e-05,9.02377196892051e-05,0,0.00231370581101931,0,0
0,0.00652534319130304,0,0.000226248050936633,0,0,0,0,0,0,0,0.0148610327259898,0,0.156496155677677,0,0.00127096333055262,0,0,0,0,0,0,0,0,0,7.1513660111193e-05,0,0.0168349729252148,0,0.000780913286534346,0,0,0,0,0,0,0,0,0,0,0,0,0,0,0,0,0,0,0,0.0210610126556843,0,0,0,0,0,0,0,0.00515721323501601,0,0,0,0.0258980636141859,0,0,0,0,0,0,0.00940444951686107,0,0.0133902846532225,0,0,0,0,0,0,0,0,0,0,0,0.000435675661901701,0.00129282372893991,0,0,0
0.00120306704069481,0,0.0065034469156051,0,0,0,0,0,0.106989665106061,0,0,0,0.00356365163495304,0,0.204657009144307,0,0.00190335163056273,0,0,0,0,0,0,0,0.000116546063232196,0,0.003081039456581,0,0,0,0,0,0,0,0,0,0,0,0,0,0,0,1.48262776273819e-05,0,0,0,2.72643407286607e-05,0,0.000421553203358899,0,0,0,0,0,0.0893927125695205,0,0,0,0.0323382863951558,0,0,0,0,9.13174796186552e-05,0,0,0,0.0283387335639237,0,0.00165532620027183,0,0,0,0,0,0,0,0,0,3.75988853344757e-05,0,1.87208336886926e-05,3.797471897796e-05,0,0.00240756416067872,0,0
0,0.0400594151882609,0,0,0,0,0,0,0,0.0343089404755551,0,0,0,0.00190303771256674,0,0.0718223314780012,0,0.00086814434189381,0,0,0,0,0,0,0,0.000613795083456532,0,0,0,0,0,0,0,0,0,0,0,0,0,0,0,0,0,0,0,0,0,0,0,0.0168383217152553,0,0,0,0,0,0.0368480998747413,0,0.0033047486985675,0,0.0258980636141859,0,0,0,0,0,0,0,0,0.00900583599631502,0,1.43965540360053e-05,0,0,0,0,0,0,0,0,0,0,0,0.00176418235031749,4.96730350136709e-05,0,0,0
0,0,0,0.0119872807475165,0,0.00100166466148303,0,0,0,0.000145664405750108,0,0.0473162835603645,0,0,0,0,0,0,4.463737251666e-05,0.323462893331075,0,0,0,0,0,0,0,0,0,0,0,0,0,0,0,0.0317203807387276,0,0.00812630408823722,0,0.00236337728439147,3.7043162567918e-05,7.61623077067733e-05,0,0,0,0.0769354194245442,0,0,0,4.10270803068956e-05,0,0,0,0,0,0,0,0.0108990930202623,0,0,0,0,0,0,0,0,0,0,0,0,0,0,0.0284318174899575,0,0,0,0,0,0.0118314190447507,0,0.00567545660587062,0,0.00193090767325981,0,0.0802449447107121,0,0
0.000155022662081603,0,0.00261814983244715,0,1.98938764551522e-05,0,0,0,0,0,0.003500062967252,0,0,0,0,0,0.000928777399784858,0.000130342488301372,0.0140298537464418,0,0.0606262302028302,0,0,0,0,0,0,0,0,0,0,0,0,0,0,0,0.000239288318443442,0,0.00220453114255449,0.000233231850068851,0.0204936589350042,0.000222478741829346,0.0109867041391635,0.000181401658990033,0.000627377464985136,0,0.0634844672889499,0,0.000371785439273197,3.41092555771829e-05,0,0,0,0,3.182337880543e-05,0,0.00951791533031476,0,0.00017566363133195,0,9.13174796186552e-05,0,0,0,0,0,0,0,0,0,0,0,0,0.030403805791059,0,0,0,0,5.81053019459839e-05,0.0136397342064981,0,0.0198344492471272,0.000477298108343368,0,0.0734649562415314,0,0.000963281674956427
0,0,0,0,0,0,0,0,0,0,0,0,0,0,0,0,0,0,0,0,0,0.057831425420086,0.00259580157643511,0.00301307912095857,0,0.000225655578528711,0,5.67504685022868e-05,0,0,0,0,0,0,0,0,0,0.0263638334695497,0.000439797740276146,0,0,0,0,0,0,0,0,0,0,0.0107391412813266,0,0,0,0,0,0,0,0,0,0,0,0,0,0,0,0,0.0218089294653574,0,0,0,0.00255567282596075,0,0,0,0,0,0,0,0,0,0.00759118760538546,0,0.00279248733834422,0,0,0,0
0,0,0,0,0,0,0,0,0,0,0,0,0,0,0,0,0,0,0,0,0,1.82666753971716e-05,0.0905430457474678,0,0.00640632881362568,0,0.000953482078754675,0,0.00847720014076319,0,0,0,0,0,0,0,0,0,0.0145969565678688,0,0,0,0,0,0,0,0,0,0.00028998057239619,0,0,0,0,0,0,0,0,0,0,0,0,0,0,0,0,0,0,0.0191617207907635,0,0.0057769339952373,0,0.0052251141124446,0,0,0,0,0,0,0,0,0,0.00732450440523756,0.00251676661914352,0,0,0,0
0,0.000557613288182084,0,0,0,0,0,0,0,0.0148537641517391,0,0,0,0,0,0,0,3.50201814582438e-05,0,0,0,0.00696461801303722,0,0.108244516268858,0,0.000843945770895763,0,0,0,0,0,0,0,0,0,0,0,0.025051293418639,8.43331699066643e-06,0,0,0,0,0,0,0,0,0.000195087609682915,1.90492621316464e-05,0.017386222474536,0,0,0,0,0,0.200685170189152,0,0,0,0,0,0,0,0,0.0218089294653574,0,0,0,0.00101626053188402,0,0,0,0,0,0,0,0,0,0,0,0.00935313041899753,0,0.000937245351702904,0,0.000964378148982904,0,0
0,0,0,0,0,0,0,0,0.00561324481695277,0,0,0,0,0,0.000528767977235113,0,0,0,0,0,0,0,0.00318346326492591,0,0.247917022417575,0,0.00448479616067459,0,0,0,0,0,0,0,0,0,0,0,0.0128833170612985,0,0,0,0.000244979014350829,0,0,0,0,0,0.00439424984175887,0,0,0,0,0,0.160656355363386,0,0,0,0,0,0.0283387335639237,0,0,0,0,0.0191617207907635,0,0,0,0.0965585386330836,0,0,0,0,0,0,0,0,0,0,0,0.0077512163322003,0.000363494424958921,0,0.00605928997809711,0,0
0,2.8407053662298e-05,0,0,0,0,0,0,0,0.000423156918338392,0,0,0,2.53954410266914e-05,0,0.00140394553058309,0,0.00145755129381087,0,0,0,0.00821916330212818,0,0.0652189992935766,0,0.0121087024977201,0,0,0,0,0,0,0,0,0,0,0,0,0,0,0,0,0,0,0,0,0,0,0,0.000175284899793472,0,0,0,0,0,0,0,1.89715262223785e-05,0,0.00940444951686107,0,0.00900583599631502,0,0,0,0,0.00101626053188402,0,0,0,0.0158381029026134,0,0,0,0,0,0,0,0,0,0,0,0.000995504367265284,0,4.03888999534345e-05,0,0
0,0,0,0,0,0,0,0,0,0,0,0,0,0,0.0189190384619929,0,0.00231050425826979,0,0,0,0,0,0.00485917478784841,0,0.0392258374415814,0,0.0495799182910193,0,0.00525493250297258,0,0,0,0,0,0,0,0,0,0,0,0,0,0,0,0,0,0,0,0,0,0,0,0,0,0.00467217258205138,0,0,0,0,0,0.00165532620027183,0,0,0,0,0.0057769339952373,0,0.0965585386330836,0,0,0,0.00268699929473647,0,0,0,0,0,0,0,0,0,0,0.00118508006348844,0,0,0,0
0,0,0,0,0,0,0,0,0,0,0,0.000737835969007608,0,0.00103287206392733,0,0,0,0,0,0,0,0.00499217343037828,0,0,0,0,0,0.189027636609746,0,0.0648589307610891,0,0,0,0,0,0,0,0.00903808879403419,0,0,0,0,0,0,0,0,0,0,0,0.000915186173550926,0,0,0,0,0,0,0,0,0,0.0133902846532225,0,1.43965540360053e-05,0,0,0.00255567282596075,0,0,0,0.0158381029026134,0,0,0,0.00501864981029811,0,0,0,0,0,0,0,0.00403874042796466,0,0.000829811803165141,0,0,0,0
0,0,0,0,0,0,0,0,0,0,0,0,7.93098070828432e-05,0,0.000756040193307187,0,0,0,0,0,0,0,0.00679634451293279,0,0,0,0.00520768323969659,0,0.00646004563964837,0,0,0,0,0,0,0,0,0,0.00159563442887154,0,0,0,0,0,0,0,0,0,0.000188497099188298,0,0,0,0,0,0,0,0,0,0,0,0,0,0,0,0,0.0052251141124446,0,0,0,0.00268699929473647,0,0,0,0,0,0,0,0,0,0,0,0.00172465482525573,1.06964902076394e-06,0,0,0,0
0,8.10990302814538e-05,0,0.000859548494070968,0,0,0,0,0,0,0,0.00151241546407788,0,0,0,0,0.000123577309141053,0.000180688576311863,0.0017031622791776,5.52305820952816e-05,0,0,0,0,0,0,0,0.00944591779554079,0,0.102211567256529,0,0,0,0,0,2.7808341900788e-06,0,0.00656247244764926,0,0.00285371317653663,2.10881606401872e-05,0.017518061787495,9.59444417469503e-05,0.00919269213197717,0,0.00645501899417805,0,2.90532375102084e-05,0,0.000343468398259,0,0,0,0,0,0.000357802782834806,0,0.0468703533701142,0,0,0,0,0.0284318174899575,0,0,0,0,0,0,0,0.00501864981029811,0,0,0,0,0,0,0,0.000159302420119027,0,0.0042965109519331,0,2.3719389454818e-05,9.48099254372621e-06,0.0556243240001249,0.0262673178617288,0
0.0015622960608365,0,0.000157217416320157,0,0,0,0,0,0,0,0.013260927842803,0,0.00127760624888873,0,0,0,0.000160547846185714,4.60264432225092e-05,0.00124103519501106,0,0.00108494697525297,0,0,0,0,0,0,0,0.00805269414660534,0,0.00940216559097997,0,0,0,0,0,0,0,0.00186545161327867,5.44519067494451e-05,0.000444054442116688,0,0.0203698308920757,0,0.000337368266200001,0,0.00048340596887796,0,0.00182295387028421,0,0,0,0,0,3.26529209835709e-05,0,0.0363764233853281,0,0,0,0,0,0,0.030403805791059,0,0,0,0,0,0,0,0,0,0,0,0,0,0,0,6.21019671842853e-05,0,0.00113819239305917,2.86473090893119e-05,6.92397195894217e-05,0.039660729787103,0,0.0179574413461178
0,0,0,0,0,0,0,0,0,0,0,0,0,0,0,0,0,0,0,0,0,0,0,0,0,0,0,0,0,0,0,0.0333919406818124,0.00027580165959119,0.0250728301835789,0.00095508001894831,0.000166535876499899,0,0,0,0,0,0,0,0,0,0,0,0.126542600460691,7.11076175722862e-05,0.00335225999313726,0,0,0,0,0,0,0,0,0,0,0,0,0,0,0,0,0,0,0,0,0,0,0,0,0,0.000301097885102746,0.0609661609285206,9.79325690351682e-05,4.23777499310943e-05,0,0,5.97290821420729e-06,9.87315368883694e-05,0,0,0,0
0,0,0,0,0,0,0,0,0,0,0,0,0,0,0,0,0,0,0,0,0,0,0,0,0,0,0,0,0,0,0,0.0587600855768417,0.167194073753957,0.000456830369869398,0.023131692344772,0,0.00255764037972782,0,0,0,0,0,0,0,0,0,0,0.0288672494648984,9.81266339897073e-05,0,0,0,0,0,0,0,0,0,0,0,0,0,0,0,0,0,0,0,0,0,0,0,0,0,0.000301097885102746,0,6.70468389987319e-05,0.0890193040063621,0,0.000723901965489389,0,0.00032199165825388,0.00151277464256505,0,0,0,0
0,0,0,0,0,0,0,0,0,0,0,0,0,0,0,0,0,0,0,0,0,0,0,0,0,0,0,0,0,0,0,0.0134449949507489,0.000889909600316026,0.109988144745914,0.0981112612632192,0.00533918650273842,0,0.0135326056907414,0.000256856106661961,0,0,0,0,0,0,0,0,0.00307912920331303,0.000469748225038595,0.000209868298654882,0,0,0,0,0,0,0,0,0,0,0,0,0,0,0,0,0,0,0,0,0,0,0,0,0.0609661609285206,6.70468389987319e-05,0,0.0178932698340821,0,0,0.00532780545774478,0.00286266097389807,0.00130744777635734,0.000986455186294023,9.74205697000031e-06,0,0
