0,0,0,0,0,0,0,0,46.9341142475605,0,0,0,0,0,0,0,0.586106076836586,0,6.3805795609951,0,0,0,0,0,0,0,0,0,0,0,0,0,0,0,0,0,0,0,0,0,0,0,0,0,0,0,0,0,17.7715654373169,0,0,0,0,0,77.9277906417847,0,0,0,0,0,0,0,0,0,0,0,0,0,0,0,0,0,0,0,0,0,0,0,0,0,0,0,139.781754046679,0,0,0,0
0,0,0,24.9323460459709,0,0,0,0,0,1318.94185739756,0,0,0,0,0,0,0,0,111.154247194529,0,0,0,0,0,0,0,0,0,0,0,0,0,0,0,0,0,0,32.1493871733546,0,0,0,6.72822496294975,18.8116016983986,1.15809392929077,2.05330681800842,0,0,0,0.320738643407822,122.476757317781,0,0,0,0,0,227.875948488712,0,4.189766690135,0,0,0,2.99101781845093,0,0,0,0,0.21194139122963,0,0,0,0,0,0,0,0,0,0,0,0,7.50706458091736,14.4448583498597,4.20675501227379,575.21034052968,0,286.99852193892,1.86865675449371,0
0,0,0,0,0,0,0,0,0,0,0,0,0,0,0,0,0,0,0,0,0,0,0,0,0,0,0,0,0,0,0,0,0,0,0,0,37.1574025005102,0,0,0,0,0,0,0,0,0,26.6584160923958,0,0,0,2.02257919311523,0,0,0,0,0,0,0,4.03505396842957,0,0,0,0,0,0,0,0,0,0,0,0,0,0,0,0,0,0,0,0,11.6562737524509,0,0,19.5425029993057,0,35.1809493303299,0,0
0,24.9323460459709,0,0,0,44.73424077034,0,0,0,7.91839614510536,0,0,0,0,0,0,0,0,0,0,0,0,0,0,0,0,0,0,0,0,0,0,0,0,0,0,0,0,0,0,0,0,0,0,0,0,0,0,0,94.2467646598816,0,0,0,0,0,0,0,0,0,0,0,0,0,0,0,0,0,0,0,0,0,0,0,0,0,0,0,0,0,0,0,0,94.6362996399403,0,20.1623742878437,0,0
0,0,0,0,0,0,0,0,0,0,0,0,0,0,0,0,0,0,0,0,0,0,0,0,0,0,0,0,0,0,0,0,0,0,0,0,0,0,0,0,0,0,0,0,0,0,0,0,0,0,0,0,0,0,0,0,15.1543345451355,0,0,0,0,0,0,0,0,0,0,0,0,0,0,0,0,0,0,0,0,0,0,0,0,0,0,0,0,0,0
0,0,0,44.73424077034,0,0,0,0,0,3.10511097311974,0,0,0,0,0,0,0,0,0,0,0,0,0,0,0,0,0,0,0,0,0,0,0,0,0,0,0,0,0,0,0,0,0,0,0,0,0,0,0,0,0,0,0,0,0,3.43609493970871,0,0,0,0,0,0,0,0,0,0,0,0,0,0,0,0,0,0,0,0,0,0,0,0,0,0,89.6616472899914,0,0,0,0
0,0,0,0,0,0,0,0,0,0,0,0,0,0,0,0,0,0,0,0,0,0,0,0,0,0,0,0,0,0,0,0,0,0,0,0,5.54567122459412,0,0,0,0,0,0,0,0,0,0,0,0,0,0,0,10.9217063188553,0,0,0,0,0,0,0,0,0,0,0,0,0,0,0,0,0,0,0,0,0,0,0,0,0,0,9.85065937042236,0,0,0,0,0,0,0
0,0,0,0,0,0,0,0,0,0,0,0,0,0,0,0,0,0,0,0,0,0,0,0,0,0,0,0,0,0,0,0,0,0,0,0,0,0,0,0,0,0,0,0,0,0,0,0,0,0,0,0,0,27.8958737701178,0,0,0,40.1690891683102,0,0,0,0,0,0,0,0,0,0,0,0,0,0,0,0,0,0,0,0,0,0,0,0,39.8817074298859,0,0,0,0
46.9341142475605,0,0,0,0,0,0,0,0,2.11882966756821,0,0,0,0,555.328098833561,0,1878.2957328409,5.11552884429693,29.6088932603598,0,0,0,0,0,0,0,30.2734903395176,0,0,0,0,0,0,0,0,0,0,0,5.94037228822708,0,0,0,0,0,0,0,0,0,0,0,0,0,0,0,1544.0966514945,0,0,0,0,0,284.918274730444,0,0,0,0,0,0,0,0,37.8475225567818,0,0,0,0,0,0,0,0,0,0,0,1.93925893306732,2006.70834501088,65.405667424202,0,0,0
0,1318.94185739756,0,7.91839614510536,0,3.10511097311974,0,0,2.11882966756821,0,0,0,0,0,0,630.513605892658,201.702614121139,1307.02096219361,289.931702896953,0,0,3.82142305374146,0,26.0738182365894,0,0,0,0,0,0,0,0,0,0,0,0,0,0,0,0,0,0,0,2.65693831443787,0,0,0,0,0,0,0,0,0,0,0,1634.19928121567,0,0,0,0,0,339.366249799728,0,0,0,0,0,0,0,0,0,0,0,0,0,0,0,0,0,0,0,0,3708.16473194957,75.0292816758156,60.9439688026905,0.497309803962708,0
0,0,0,0,0,0,0,0,0,0,0,0,0,0,0,0,0,0,0,0,37.0429219901562,0,0,0,0,0,0,0,0,0,0,0,0,0,0,0,84.352636218071,0,1.96525138616562,0,0,0,0,0,0,0,0,0,0,0,0,0,0,0,0,0,63.8323630094528,0,0,0,0,0,0,0,0,0,0,0,0,0,0,0,0,33.9674620777369,0,0,0,0,0,27.8957679569721,0,0.378109604120255,99.4607529640198,0,0,0,0
0,0,0,0,0,0,0,0,0,0,0,0,0,1.83106690645218,0,0,0,0,0,503.352501958609,0,0,0,0,0,0,0,5.05392849445343,0,498.80140298605,0,0,0,0,0,204.422035723925,0,446.061354517937,0,0,0,28.6284012794495,0,0,0,0.905679166316986,0,0,0,0,0,0,0,6.14058315753937,0,0,0,1323.39372843504,0,117.497740507126,0,0,260.383227393031,0,0,0,0,0,0,0,0,0,197.462756231427,0,0,0,0,0,0.239302128553391,0,177.404337897897,0,106.876631870866,0,35.626820743084,0,0
0,0,0,0,0,0,0,0,0,0,0,0,0,0,0,0,0,0,0,0,0,0,0,0,0,0,0,0,0,0,0,0,0,0,0,0,0,0,0,0,0,0,0,0,0,0,0,0,0,0,0,0,0,0,0,0,0,0,0,0,0,0,0,0,0,0,0,0,0,0,0,0,0,0,0,0,0,0,0,0,0,0,0,0,0,0,0
0,0,0,0,0,0,0,0,0,0,0,1.83106690645218,0,0,0,0,0,11.9006097316742,0,0,0,0,0,0,0,0,0,273.735265135765,0,0,0,0,0,0,0,0,0,0,0,0,0,0,0,0,0,0,0,0,0,0,0,0,0,2.91360712051392,0,0,0,3.51888489723206,0,504.235365331173,0,0,0,0,0,0,0,0,0,0,64.725947290659,0,0,0,0,0,0,0,0,0,0,0,112.419717431068,36.5313155651093,0,0,0
0,0,0,0,0,0,0,0,555.328098833561,0,0,0,0,0,0,0,650.506976097822,0,0,0,0,0,0,0,0,0,69.7666344642639,0,0,0,0,0,0,0,0,0,0,0,0,0,0,0,0,0,0,0,0,0,0,0,0,0,0,0,285.514646112919,0,0,0,0,0,303.387396305799,0,0,0,0,0,0,0,0,101.191222399473,0,0,0,0,0,0,0,0,0,0,0,0,156.634784519672,0,0,0,0
0,0,0,0,0,0,0,0,0,630.513605892658,0,0,0,0,0,0,5.35317400097847,396.879231035709,1.90095338225365,0,0,0,0,4.72098758816719,0,1.62397575378418,0,22.1747106313705,0,0,0,0,0,0,0,0,0,0,0,0,0,0,0,0,0,0,0,0,0,0,0,0,0,0,0,45.4187512993813,0,0,0,0,0,1044.51359325647,0,0,0,0,0,0,0,0,0,0,0,0,0,0,0,0,0,0,0,0,781.80199034512,16.6770710945129,0,0,0
0.586106076836586,0,0,0,0,0,0,0,1878.2957328409,201.702614121139,0,0,0,0,650.506976097822,5.35317400097847,0,6974.45805153251,3355.958632119,0,0,17.0897052288055,0,5.01421020925045,2.26359486579895,0,236.62132230401,0,0,0,0,0,0,0,0,0,0,0,2.04069179296494,0,0,2.93590846657753,2.4965004324913,0,0,0,0,0,0.155332028865814,0,0,0,0,0,809.787374854088,42.3232051581144,0,0,0,0,315.463270455599,0,0,0,0,0,0,0,0,535.386835902929,0,0,0,0.610889256000519,0,0,0,0,0,0,0,1.35824006795883,10154.3385589421,1294.51163449883,0,0,0.234980925917625
0,0,0,0,0,0,0,0,5.11552884429693,1307.02096219361,0,0,0,11.9006097316742,0,396.879231035709,6974.45805153251,0,3365.39790288359,0,0,419.913937330246,0,25.0476530194283,0,554.292773529887,0,0,0,0,0,0,0,0.142958149313927,0.973695278167725,0,0,0,0.295571893453598,0,0,0.349798232316971,2.73386484384537,0,0,0,0,0.506471693515778,0,0,0,0,0,0,0,203.342252194881,0,0,0,0,0,145.724804729223,0,0,110.092811912298,0,0,0,37.4791938364506,0,0,0,0,0,0,0,0,0,0,0,0,0.680916339159012,12269.4221157059,1661.73013468087,0,0,2.34463715553284
6.3805795609951,111.154247194529,0,0,0,0,0,0,29.6088932603598,289.931702896953,0,0,0,0,0,1.90095338225365,3355.958632119,3365.39790288359,0,0,0,5.65953095257282,0,2.08260096609592,0,0,0,0,0,0,0,0,0.156480833888054,9.01316513121128,48.6520469784737,0,80.756072178483,0,120.147166237235,0,1.44122171401978,3230.55793859065,2155.95882630348,736.944908708334,0.27343687415123,192.535271376371,19.6567355841398,72.580509737134,225.335073262453,6.98029264807701,0,0,0,0,1.46952828764915,46.3858317062259,3.43195013701916,0,0,0,0,0,0,7.14409607648849,0,0,0,0,0,0,0,0,0,94.713002666831,0,1.2663040459156,0.182593211531639,39.7937242537737,0,598.054533116519,0,615.381335072219,15852.9744610786,152.446646273136,1081.98522334546,142.084100723267,150.129658915102
0,0,0,0,0,0,0,0,0,0,0,503.352501958609,0,0,0,0,0,0,0,0,0,0,0,0,0,0,0,0,0,0,0,0,0,0,0,504.217164024711,0,428.493454053998,0,0,0,56.7459453940392,0,0,0,45.3679819256067,0,0,0,0,0,0,0,0,0,0,0,315.807464316487,0,0,0,0,2888.65709996223,0,0,0,0,0,0,0,0,0,5.05173516273499,0,0,0,0,0,727.072106465697,0,281.550393611193,0,305.774368792772,1.02354097366333,114.284969985485,0,0
0,0,0,0,0,0,0,0,0,0,37.0429219901562,0,0,0,0,0,0,0,0,0,0,0,0,0,0,0,0,0,0,0,0,0,0,0,0,0,51.4399035274982,0,0,0,0,0,1.65765404701233,0,0,0,19.5606862306595,0,0,0,0,0,0,0,0,0,218.07398597151,0,0,0,0,0,0,651.903194628656,0,0,0,0,0,0,0,0,0,4.63676942884922,0,0,0,0,0,4.18853755295277,0,0.542959690093994,326.566278249025,0,45.1611513197422,0,0
0,0,0,0,0,0,0,0,0,3.82142305374146,0,0,0,0,0,0,17.0897052288055,419.913937330246,5.65953095257282,0,0,0,118.70787602663,52.1586122512817,0,115.93394421041,0,392.93472020328,0,0,0,0,0,0,0,0,0,702.308925226331,59.4939514398575,0,0,0,0,0,0,0,0,0,0,102.479292824864,0,0,0,0,0,0.485263228416443,0,0,0,0,0,0,0,0,6117.97680978477,1.53560250997543,1,0,86.185303106904,0,456.560209691525,0,0,0,0,0,0,0,0,0,18.512054875493,45.5782359838486,564.028903231025,80.243023455143,0,0,0
0,0,0,0,0,0,0,0,0,0,0,0,0,0,0,0,0,0,0,0,0,118.70787602663,0,0,115.083269402385,0,102.954076275229,0,186.940606027842,0,0,0,0,0,0,0,0,0.328107863664627,1543.40088662505,0,0,0,0,0,0,0,0,0,375.417817898095,3.17909896373749,0,0,0,0,0,0,0,0,0,0,0,0,0,0,0,5152.11839614064,0,134.393218308687,0,202.805289417505,0,1.51054391264915,0,0,0,0,0,0,0,0,0,665.707452863455,928.345708340406,648.129005610943,0,0,0
0,0,0,0,0,0,0,0,0,26.0738182365894,0,0,0,0,0,4.72098758816719,5.01421020925045,25.0476530194283,2.08260096609592,0,0,52.1586122512817,0,0,0,35.2465820014477,0,0,0,0,0,0,0,0,0,0,0,1.60862129926682,0,0,0,0,0,0,0,0,0,0,0,3.91248129308224,0,0,0,0,0,0,0,0,0,0,0,0,0,0,0,0,83.4230733662844,0,12.5811249315739,0,0,0,0,0,0,0,0,0,0,0,1.39771038293839,0,11.5090517997742,0,1.53574278950691,0,0
0,0,0,0,0,0,0,0,0,0,0,0,0,0,0,0,2.26359486579895,0,0,0,0,0,115.083269402385,0,0,0,84.1723187565804,0,0,0,0,0,0,0,0.569802850484848,0,0,0,154.327403068542,0,0,0,0,0,0,0,0,0,51.6323994398117,0.793949082493782,0,0,0,0,0,0,0,0,0,0,0,0,0,0,0,23.0331758707762,0,384.373419731855,0,373.202872633934,0,6.06886135041714,0,0,0,0,0,0,0,0,0,117.957829281688,17.4258976578712,0,10.5413883924484,0,0
0,0,0,0,0,0,0,0,0,0,0,0,0,0,0,1.62397575378418,0,554.292773529887,0,0,0,115.93394421041,0,35.2465820014477,0,0,0,27.6351528763771,0,0,0,0,0,0,0,0,0,0,0,0,0,0,0,0,0,0,0,0,0,99.2949408888817,0,0,0,0,0,0,0,0,0,0,0,2.45786553621292,0,0,76.9230866879225,0,31.4951561540365,0,283.570302754641,0,157.682275831699,0,0,0,0,0,0,0,0,0,0,0,76.7901130020618,0,1.54866334795952,0,0
0,0,0,0,0,0,0,0,30.2734903395176,0,0,0,0,0,69.7666344642639,0,236.62132230401,0,0,0,0,0,102.954076275229,0,84.1723187565804,0,0,0,63.704336643219,0,0,0,0,0,0,0,0,0,0,0,0,0,0,0,0,0,0,0,11.500123873353,0,0,0,0,0,12.065525829792,0,0,0,0,0,75.998912781477,0,0,0,0,53.1089951694012,0,62.1844505369663,0,447.188386693597,0,9.80606961250305,0,0,0,0,0,0,0,0,0,0,77.1162623614073,0,0,0,0
0,0,0,0,0,0,0,0,0,0,0,5.05392849445343,0,273.735265135765,0,22.1747106313705,0,0,0,0,0,392.93472020328,0,0,0,27.6351528763771,0,0,0,99.5012705028057,0,0,0,0,0,0,0,29.382832840085,0,0,0,0,0,0,0,0,0,0,0,128.233043372631,0,0,0,0,0,0,0,0,0,9.3828330039978,0,5.13404214382172,0,0,166.651832208037,0,0,0,7.70737332105637,0,1963.10981558263,0,46.429519623518,0,0,0,0,0,0,0,31.6906013041735,0,266.579095155001,162.108182743192,0,0,0
0,0,0,0,0,0,0,0,0,0,0,0,0,0,0,0,0,0,0,0,0,0,186.940606027842,0,0,0,63.704336643219,0,0,0,55.5473911762238,0,0,0,0,0,0,0,0,0,0,0,0,0,0,0,0,0,0,0,0,0,0,0,0,0,6.24258029460907,0,0,0,0,0,0,0,0,84.7852983176708,0,0,0,37.6148924529552,0,511.60477001965,0,0.329208195209503,0,0,0,0,0,0,0,87.21369163692,1.60161137580872,0,0,0,0
0,0,0,0,0,0,0,0,0,0,0,498.80140298605,0,0,0,0,0,0,0,0,0,0,0,0,0,0,0,99.5012705028057,0,0,0,0,0,0,0,0,0,190.38284021616,0,0,0,0,0,0,0,0,0,0,0,0,0,0,0,0,0,0,0,9.96770659089088,0,0,0,0,0,0,0,0,0,0,0,0,226.400324553251,0,494.481397658587,0,0,0,0,0,0,0,79.8491812795401,0,502.924631178379,62.4289038479328,0,0,0
0,0,0,0,0,0,0,0,0,0,0,0,0,0,0,0,0,0,0,0,0,0,0,0,0,0,0,0,55.5473911762238,0,0,0,0,0,0,0,0,0,134.933001413941,0,0,0,0,0,0,0,0,0,0,0,0,0,0,0,0,0,0,0,0,0,0,0,0,0,0,0,0,0,0,0,0,0,0,92.8025562465191,0,0,0,0,0,0,0,78.0019165128469,16.626703619957,0,0,0,0
0,0,0,0,0,0,0,0,0,0,0,0,0,0,0,0,0,0,0,0,0,0,0,0,0,0,0,0,0,0,0,0,369.202074348927,25.8500940799713,126.229369103909,686.336810693145,197.066954419017,0,0,15.0918265432119,4.54863479733467,32.3691699057817,0.294184774160385,0,0,0,0.596155643463135,452.347184374928,21.781731531024,529.479566693306,0,0,0,0,0,0,0,0,0,0,0,0,0,0,0,0,0,0,0,0,0,0,0,0,1083.9053735286,48.1655704081059,162.843405723572,1.54834985733032,496.302567407489,107.332426831126,0,0,946.288469970226,0,127.178122162819,0,0
0,0,0,0,0,0,0,0,0,0,0,0,0,0,0,0,0,0,0.156480833888054,0,0,0,0,0,0,0,0,0,0,0,0,369.202074348927,0,1.82387840747833,110.473842173815,212.246691346169,805.525187566876,0,0.981027603149414,0,17.5440275669098,7.60857811570168,375.029953166842,0,0,0,5.90063279867172,409.077067598701,95.9382622390985,0,0,0,0,0,0,0,0,0,0,0,0,0,0,0.105730712413788,0,0,0,0,0,0,0,0,0,0,371.494007110596,615.625634431839,0,136.299440518022,107.220494866371,62.369434684515,0,5.1677937656641,1697.45966823399,0,65.3160409852862,0,1.52273797988892
0,0,0,0,0,0,0,0,0,0,0,0,0,0,0,0,0,0.142958149313927,9.01316513121128,0,0,0,0,0,0,0,0,0,0,0,0,25.8500940799713,1.82387840747833,0,1794.46508587897,724.600930169225,669.50570577383,492.699277192354,108.006160274148,0,0,16.7435779422522,78.5814663395286,0,0,0,0.473689764738083,949.890513911843,82.6061324328184,122.657729938626,0,0,0,0,0,0,0,0,0,0,0,0,0,0,0,0,0,0,0,0,0,0,0,1.09942230582237,27.1664087772369,0,2992.84732005,1622.37022794783,845.516458466649,441.683794692159,1254.27815240622,321.16957578063,428.855324089527,1.98531329631805,18.8837731927633,0,2.2460907548666
0,0,0,0,0,0,0,0,0,0,0,0,0,0,0,0,0,0.973695278167725,48.6520469784737,0,0,0,0,0,0.569802850484848,0,0,0,0,0,0,126.229369103909,110.473842173815,1794.46508587897,0,5.19603344798088,1080.4117410332,263.036934301257,740.912047177553,0,14.8386313915253,44.7371296957135,460.667011879385,0.800222516059875,0,0,12.9007591307163,639.33797737956,666.383785769343,376.118241071701,0,0,0,0,0,0,0,0,0,0,0,0,0,0.407639816403389,0,0.188538625836372,0,0,0,0,0,0,0,2.21892833709717,0,84.3773762732744,1249.38091742992,1587.41885197163,11.5654509067535,468.091128222644,278.04060036689,838.303843282163,1231.02499585599,0,189.434132568538,0,12.4659101366997
0,0,0,0,0,0,0,0,0,0,0,204.422035723925,0,0,0,0,0,0,0,504.217164024711,0,0,0,0,0,0,0,0,0,0,0,686.336810693145,212.246691346169,724.600930169225,5.19603344798088,0,998.076286181808,1221.66689276695,0,41.3128714859486,0,77.12351334095,0,0,0,53.1402922421694,0,5.89790536463261,0,7.17945283651352,0,0,0,0,0,0,0,7.63464653491974,0,0,0,0,677.701014235616,0,0,0,0,0,0,0,0,0,0,0,87.260416790843,9.59096890687943,115.80825586617,0,11883.7958542854,166.428736209869,1341.70367912948,0,3609.325627774,839.983753144741,61.7548496127129,0,0
0,0,37.1574025005102,0,0,0,5.54567122459412,0,0,0,84.352636218071,0,0,0,0,0,0,0,80.756072178483,0,51.4399035274982,0,0,0,0,0,0,0,0,0,0,197.066954419017,805.525187566876,669.50570577383,1080.4117410332,998.076286181808,0,0,1038.18867704272,0,13.7749637365341,44.8074221909046,291.955894269049,0,0,0,26.4743812084198,9.20807684957981,31.6448971480131,11.0239753723145,0,0,0,0,0,0,0,0,0,0,0,0,0,540.534703552723,0,0,0,0,0,0,0,0,0,0,77.1364608705044,125.827726721764,148.416460886598,155.869084335864,458.083381876349,9225.21269027144,0,749.22166030854,4242.33497411013,331.078572079539,218.891120553017,0,4.80112655460835
0,32.1493871733546,0,0,0,0,0,0,0,0,0,446.061354517937,0,0,0,0,0,0,0,428.493454053998,0,702.308925226331,0.328107863664627,1.60862129926682,0,0,0,29.382832840085,0,190.38284021616,0,0,0,492.699277192354,263.036934301257,1221.66689276695,0,0,177.97875187546,0,0,15.4741010814905,0,0,0,0.475418031215668,0,136.50197134912,0.593288540840149,346.979781866074,0,0,0,0,0,0,0,12.3001532554626,0,0,0,0,150.563175186515,0,92.4701268672943,0,35.8703595995903,0,0,0,31.3209260851145,0,36.6419701129198,0,0,0,190.149813458323,692.301610395312,381.860015295446,0,17291.691261597,534.329075366259,4713.33897336572,333.681192710996,35.5964957326651,2.3613997399807,0
0,0,0,0,0,0,0,0,5.94037228822708,0,1.96525138616562,0,0,0,0,0,2.04069179296494,0.295571893453598,120.147166237235,0,0,59.4939514398575,1543.40088662505,0,154.327403068542,0,0,0,0,0,134.933001413941,0,0.981027603149414,108.006160274148,740.912047177553,0,1038.18867704272,177.97875187546,0,0,0.262026652693748,36.5707754045725,559.150745853782,0,0,0.183606401085854,10.4466399401426,222.358834654093,290.165893852711,518.944134615362,0,0,0,0,0.791730523109436,0,0.738353967666626,0,0,0,0,0,0,0.368353813886642,2.32620644569397,681.965281605721,0,211.528277382255,0.611952364444733,0,0.887060672044754,14.6827176362276,0,210.525518760085,0,0,32.6498067378998,212.750488072634,0,628.877488128841,33.7340013235807,10985.7998953462,2205.85482364893,217.527283638716,136.491908282042,0,4.08568648993969
0,0,0,0,0,0,0,0,0,0,0,0,0,0,0,0,0,0,0,0,0,0,0,0,0,0,0,0,0,0,0,15.0918265432119,0,0,0,41.3128714859486,0,0,0,0,0,516.652093812823,0,0,0,377.757925614715,0,89.6563280373812,0,163.840561330318,0,0,0,0,0,0,0,0,0,0,0,0,27.9733038246632,0,0,0,0,0,0,0,0,0,0,0,15.1575026363134,0,0,0,2538.69021105766,0,145.825120210648,0,0,0,1099.48459248245,0,0
0,0,0,0,0,0,0,0,0,0,0,0,0,0,0,0,0,0,1.44122171401978,0,0,0,0,0,0,0,0,0,0,0,0,4.54863479733467,17.5440275669098,0,14.8386313915253,0,13.7749637365341,0,0.262026652693748,0,0,0,99.2165607511997,0,0,0,1231.8987197578,430.369897633791,846.254426181316,33.7363398075104,0,0,0,0,0,0,0.902394086122513,0,0,0,0,0,0,95.6635531634092,0,0,0,0,0,0,0,0,0,9.81055103242397,0,1.54764249920845,0,13.8528531938791,0,524.197582453489,0,50.1421738266945,11.1798897385597,0,1336.50551887602,0,0
0,6.72822496294975,0,0,0,0,0,0,0,0,0,28.6284012794495,0,0,0,0,2.93590846657753,0.349798232316971,3230.55793859065,56.7459453940392,0,0,0,0,0,0,0,0,0,0,0,32.3691699057817,7.60857811570168,16.7435779422522,44.7371296957135,77.12351334095,44.8074221909046,15.4741010814905,36.5707754045725,516.652093812823,0,0,618.395660445094,56.8026768565178,0,200.548735946417,0,203.582468688488,27.4566611200571,703.020687028766,0,0,0,0,0,0,0,94.226189404726,0,0,0,0,175.871878057718,0.653301239013672,0,0,0,0,0,0,0,0,426.721197970212,6.37817743420601,11.024201631546,1.27290225028992,0,29.95652975142,298.227720424533,209.176990047097,261.27028824389,116.486646339297,361.692492559552,0,3318.86687069386,485.904428571463,22.0364719778299
0,18.8116016983986,0,0,0,0,0,0,0,0,0,0,0,0,0,0,2.4965004324913,2.73386484384537,2155.95882630348,0,1.65765404701233,0,0,0,0,0,0,0,0,0,0,0.294184774160385,375.029953166842,78.5814663395286,460.667011879385,0,291.955894269049,0,559.150745853782,0,99.2165607511997,618.395660445094,0,57.5993140488863,76.6730335950851,8.70577001571655,973.021456845105,1538.29156164825,2530.45298483223,9.45681123435497,0,0,0,0,0,0,7.53996467590332,0,0,0,0,0,0,84.6129901707172,0,0,0,0,0,0,0,0,0,357.10106228292,0,9.68915845453739,1.0809228271246,365.154181964695,0,2130.02914378792,0.278050810098648,1470.77009944618,1617.01677922904,32.7685064524412,2481.56155631691,0,1359.55879813433
0,1.15809392929077,0,0,0,0,0,0,0,2.65693831443787,0,0,0,0,0,0,0,0,736.944908708334,0,0,0,0,0,0,0,0,0,0,0,0,0,0,0,0.800222516059875,0,0,0,0,0,0,56.8026768565178,57.5993140488863,0,0,197.118267506361,0,0,0.768669903278351,0,0,0,0,0,0,0,0,0,0,0,0,0,0,0,0,0,0,0,0,0,0,0,0,0,0,0,0,0.142669945955276,0,0.748960733413696,0,1.23211324214935,22.6504739224911,0,321.881165772676,48.5798481404781,0
0,2.05330681800842,0,0,0,0,0,0,0,0,0,0,0,0,0,0,0,0,0.27343687415123,0,0,0,0,0,0,0,0,0,0,0,0,0,0,0,0,0,0,0,0,0,0,0,76.6730335950851,0,0,0,2.51258182525635,0,0.590472042560577,0,0,0,0,0,0,0,0,0,0,0,0,0,0,0,0,0,0,0,0,0,0,0,0,0.373895108699799,0,0,0,0,0,0,0,0.864538952708244,0,0,0.873540133237839,0,3.77520513534546
0,0,0,0,0,0,0,0,0,0,0,0.905679166316986,0,0,0,0,0,0,192.535271376371,45.3679819256067,0,0,0,0,0,0,0,0,0,0,0,0,0,0,0,53.1402922421694,0,0.475418031215668,0.183606401085854,377.757925614715,0,200.548735946417,8.70577001571655,197.118267506361,0,0,0,0,0,0,0,0,0,0,0,0,0,0,0,0,0,0,1258.40374143422,0,0,0,0,0,0,0,0,0,0,0,0,0,0,0,91.8262382745743,3.59424269199371,0,0.415621370077133,48.6420343965292,0,2716.78173628449,1.94751012325287,1.5749853849411
0,0,26.6584160923958,0,0,0,0,0,0,0,0,0,0,0,0,0,0,0,19.6567355841398,0,19.5606862306595,0,0,0,0,0,0,0,0,0,0,0.596155643463135,5.90063279867172,0.473689764738083,12.9007591307163,0,26.4743812084198,0,10.4466399401426,0,1231.8987197578,0,973.021456845105,0,2.51258182525635,0,0,35.0045439898968,590.936081930995,10.9725114107132,0,0,0,0,0,0,144.902734488249,0,0,0,0,0,0,1862.07969232649,0,0,0,0,0,0,0,0,0,417.752714902163,0,0.816621124744415,0,15.5128395184875,0,1558.94211094826,0,776.333523355424,47.4087868630886,0,1814.43217918277,0,107.392379030585
0,0,0,0,0,0,0,0,0,0,0,0,0,0,0,0,0,0.506471693515778,72.580509737134,0,0,0,0,0,0,0,0,0,0,0,0,452.347184374928,409.077067598701,949.890513911843,639.33797737956,5.89790536463261,9.20807684957981,136.50197134912,222.358834654093,89.6563280373812,430.369897633791,203.582468688488,1538.29156164825,0,0,0,35.0045439898968,0,1073.24412745237,1471.45170473307,0,0,0,0,0,0,0,0,0,0,0,0,0,0,0,0,0,0.437681436538696,0,0,1.02970111370087,0,0,2.03456048667431,597.742990002036,9.40639334917068,269.634777769446,359.786765381694,187.558036506176,76.9274267554283,88.801765948534,164.625579059124,1239.22176960111,0.59732848405838,519.675708711147,0,1.54523295164108
17.7715654373169,0.320738643407822,0,0,0,0,0,0,0,0,0,0,0,0,0,0,0.155332028865814,0,225.335073262453,0,0,0,375.417817898095,0,51.6323994398117,0,11.500123873353,0,0,0,0,21.781731531024,95.9382622390985,82.6061324328184,666.383785769343,0,31.6448971480131,0.593288540840149,290.165893852711,0,846.254426181316,27.4566611200571,2530.45298483223,0.768669903278351,0.590472042560577,0,590.936081930995,1073.24412745237,0,93.0146616920829,0,0,0,0,0,0,192.901216030121,0,0,0,0,0,0,41.6149578690529,0,320.10896293819,0,292.408332750201,0,278.251244872808,0,736.621639594436,0,401.10294213891,0.367958545684814,7.34738044440746,11.2398445606232,697.208418928087,0,370.768216557801,0.333176702260971,1097.60282443464,304.742822088301,18.9179224669933,3169.08243042976,0,133.635166563094
0,122.476757317781,0,94.2467646598816,0,0,0,0,0,0,0,0,0,0,0,0,0,0,6.98029264807701,0,0,102.479292824864,3.17909896373749,3.91248129308224,0.793949082493782,99.2949408888817,0,128.233043372631,0,0,0,529.479566693306,0,122.657729938626,376.118241071701,7.17945283651352,11.0239753723145,346.979781866074,518.944134615362,163.840561330318,33.7363398075104,703.020687028766,9.45681123435497,0,0,0,10.9725114107132,1471.45170473307,93.0146616920829,0,0,0,0,0,0,20.7414927184582,0,15.1453125327826,0,0,0,0,0,0,343.81733559072,1.11287942528725,106.157245367765,4.10533027350903,475.151907533407,0,1398.49370402098,0,261.745981946588,0,595.101979658008,0,82.2549920082092,215.306572720408,171.075137555599,5.16257494688034,694.563649117947,708.113697342575,813.263616852462,26.0631272792816,1045.57033637911,55.0699442327023,0.239549845457077
0,0,2.02257919311523,0,0,0,0,0,0,0,0,0,0,0,0,0,0,0,0,0,0,0,0,0,0,0,0,0,0,0,0,0,0,0,0,0,0,0,0,0,0,0,0,0,0,0,0,0,0,0,0,0,0,0,0,0,48.5246696472168,0,0,0,0,0,0,0,0,0,0,0,0,0,0,0,0,0,0,0,0,0,0,0,0,0,0,0,6.46300101280212,0,0
0,0,0,0,0,0,0,0,0,0,0,0,0,0,0,0,0,0,0,0,0,0,0,0,0,0,0,0,0,0,0,0,0,0,0,0,0,0,0,0,0,0,0,0,0,0,0,0,0,0,0,0,0,0,0,0,0,0,0,0,0,0,0,0,0,0,0,0,0,0,0,0,0,0,0,0,0,0,0,0,0,0,1.96925187110901,0,0,0,0
0,0,0,0,0,0,10.9217063188553,0,0,0,0,0,0,0,0,0,0,0,0,0,0,0,0,0,0,0,0,0,0,0,0,0,0,0,0,0,0,0,0,0,0,0,0,0,0,0,0,0,0,0,0,0,0,0,0,0,4.85092824697495,0,0,0,0,0,0,0,0,0,0,0,0,0,0,0,0,0,0,0,0,0,0,0,0,0,0,0,0,0,0
0,0,0,0,0,0,0,27.8958737701178,0,0,0,6.14058315753937,0,2.91360712051392,0,0,0,0,0,0,0,0,0,0,0,0,0,0,0,0,0,0,0,0,0,0,0,0,0,0,0,0,0,0,0,0,0,0,0,0,0,0,0,0,0,0,0,48.8672344088554,0,0,0,0,0,0,0,0,0,0,0,0,0,0,0,0,0,0,0,0,0,0,0,0,14.8268162161112,0,0,0,0
77.9277906417847,0,0,0,0,0,0,0,1544.0966514945,0,0,0,0,0,285.514646112919,0,809.787374854088,0,1.46952828764915,0,0,0,0,0,0,0,12.065525829792,0,0,0,0,0,0,0,0,0,0,0,0.791730523109436,0,0,0,0,0,0,0,0,0,0,0,0,0,0,0,0,0,0,0,0,0,70.0137013792992,0,0,0,0,0,0,0,0,42.0529071390629,0,0,0,0,0,0,0,0,0,0,0,0,544.929642051458,4.96645450592041,0,0,0
0,227.875948488712,0,0,0,3.43609493970871,0,0,0,1634.19928121567,0,0,0,0,0,45.4187512993813,42.3232051581144,203.342252194881,46.3858317062259,0,0,0.485263228416443,0,0,0,0,0,0,0,0,0,0,0,0,0,0,0,0,0,0,0,0,0,0,0,0,0,0,0,20.7414927184582,0,0,0,0,0,0,0,0,0,0,0,25.5949119925499,0,0,0,0,0,0,0,0,0,0,0,0,0,0,0,0,0,0,0,0,565.159050777555,0,8.536023914814,0,0
0,0,0,0,15.1543345451355,0,0,0,0,0,63.8323630094528,0,0,0,0,0,0,0,3.43195013701916,0,218.07398597151,0,0,0,0,0,0,0,6.24258029460907,0,0,0,0,0,0,0,0,0,0.738353967666626,0,0.902394086122513,0,7.53996467590332,0,0,0,144.902734488249,0,192.901216030121,0,48.5246696472168,0,4.85092824697495,0,0,0,0,0,19.08238697052,0,0,0,0,98.2503337338567,0,0,0,0,0,0,0,252.622087284923,0,554.502709016204,0,0,0,0.2375518232584,0,11.9351943507791,0,5.29848571121693,119.936165496707,0,31.8147352933884,0,6.10985717177391
0,4.189766690135,0,0,0,0,0,40.1690891683102,0,0,0,1323.39372843504,0,3.51888489723206,0,0,0,0,0,315.807464316487,0,0,0,0,0,0,0,0,0,9.96770659089088,0,0,0,0,0,7.63464653491974,0,12.3001532554626,0,0,0,94.226189404726,0,0,0,0,0,0,0,15.1453125327826,0,0,0,48.8672344088554,0,0,0,0,0,69.9534336924553,0,0,196.579943090677,0,0,0,0,0,0,0,17.3545614182949,0,584.892655313015,0,0,0,0,0,0,0,47.0440239608288,0,101.701349258423,0,205.873227491975,2.953503459692,0
0,0,4.03505396842957,0,0,0,0,0,0,0,0,0,0,0,0,0,0,0,0,0,0,0,0,0,0,0,0,0,0,0,0,0,0,0,0,0,0,0,0,0,0,0,0,0,0,0,0,0,0,0,0,0,0,0,0,0,19.08238697052,0,0,0,0,0,0,0,0,0,0,0,0,0,0,166.278756558895,0,0,0,0,0,0,0,0,0,0,0,0,2.99378180503845,0,0
0,0,0,0,0,0,0,0,0,0,0,117.497740507126,0,504.235365331173,0,0,0,0,0,0,0,0,0,0,0,0,0,9.3828330039978,0,0,0,0,0,0,0,0,0,0,0,0,0,0,0,0,0,0,0,0,0,0,0,0,0,0,0,0,0,69.9534336924553,0,0,0,0,0,0,0,0,0,0,0,0,165.878656923771,0,0,0,0,0,0,0,0,0,0,0,17.4751006066799,13.73597240448,0,0,0
0,0,0,0,0,0,0,0,284.918274730444,0,0,0,0,0,303.387396305799,0,315.463270455599,0,0,0,0,0,0,0,0,0,75.998912781477,0,0,0,0,0,0,0,0,0,0,0,0,0,0,0,0,0,0,0,0,0,0,0,0,0,0,0,70.0137013792992,0,0,0,0,0,0,0,0,0,0,0,0,0,0,173.549281924963,0,0,0,0,0,0,0,0,0,0,0,0,45.5249474048615,0,0,0,0
0,2.99101781845093,0,0,0,0,0,0,0,339.366249799728,0,0,0,0,0,1044.51359325647,0,145.724804729223,0,0,0,0,0,0,0,2.45786553621292,0,5.13404214382172,0,0,0,0,0,0,0,0,0,0,0,0,0,0,0,0,0,0,0,0,0,0,0,0,0,0,0,25.5949119925499,0,0,0,0,0,0,0,0,0,0,0,0,0,0,0,0,0,0,0,0,0,0,0,0,0,0,221.041191011667,0,0,0,0
0,0,0,0,0,0,0,0,0,0,0,260.383227393031,0,0,0,0,0,0,0,2888.65709996223,0,0,0,0,0,0,0,0,0,0,0,0,0,0,0,677.701014235616,0,150.563175186515,0,27.9733038246632,0,175.871878057718,0,0,0,1258.40374143422,0,0,0,0,0,0,0,0,0,0,0,196.579943090677,0,0,0,0,0,0,0,0,0,0,0,0,0,0,0,0,0,0,0,0,1133.01220774651,0,167.506446182728,0,118.596320852637,0,544.025470972061,0,0
0,0,0,0,0,0,0,0,0,0,0,0,0,0,0,0,0,0,7.14409607648849,0,651.903194628656,0,0,0,0,0,0,0,0,0,0,0,0.105730712413788,0,0.407639816403389,0,540.534703552723,0,0.368353813886642,0,95.6635531634092,0.653301239013672,84.6129901707172,0,0,0,1862.07969232649,0,41.6149578690529,0,0,0,0,0,0,0,98.2503337338567,0,0,0,0,0,0,0,0,0,0,0,0,0,0,0,0,37.8724026605487,0,0,0,1.89752277731895,0,482.54743976891,0,142.823648162186,67.751198798418,0,635.575399942696,0,22.190009355545
0,0,0,0,0,0,0,0,0,0,0,0,0,0,0,0,0,110.092811912298,0,0,0,6117.97680978477,0,0,0,76.9230866879225,0,166.651832208037,0,0,0,0,0,0,0,0,0,92.4701268672943,2.32620644569397,0,0,0,0,0,0,0,0,0,0,343.81733559072,0,0,0,0,0,0,0,0,0,0,0,0,0,0,0,0,58.8237279355526,0,88.5649714916945,0,266.443196922541,0,0,0,0,0,0,0,0,0,28.1866742521524,0,215.179114788771,9.59544894099236,0,0,0
0,0,0,0,0,0,0,0,0,0,0,0,0,0,0,0,0,0,0,0,0,1.53560250997543,5152.11839614064,0,23.0331758707762,0,53.1089951694012,0,84.7852983176708,0,0,0,0,0,0.188538625836372,0,0,0,681.965281605721,0,0,0,0,0,0,0,0,0,320.10896293819,1.11287942528725,0,0,0,0,0,0,0,0,0,0,0,0,0,0,0,0,0,45.2152386456728,0,87.7931590229273,0,32.5394429415464,0,0,0,0,0,0,0,0,0,143.846445426345,739.513885878026,51.7468852102757,0,0,0
0,0.21194139122963,0,0,0,0,0,0,0,0,0,0,0,0,0,0,0,0,0,0,0,1,0,83.4230733662844,0,31.4951561540365,0,0,0,0,0,0,0,0,0,0,0,35.8703595995903,0,0,0,0,0,0,0,0,0,0,0,106.157245367765,0,0,0,0,0,0,0,0,0,0,0,0,0,0,58.8237279355526,0,0,0,56.4929192662239,0,0,0,0,0,0,0,0,0,0,0,39.7315977215767,0,1.21371737122536,0,1.04514448344707,0,0
0,0,0,0,0,0,0,0,0,0,0,0,0,0,0,0,0,0,0,0,0,0,134.393218308687,0,384.373419731855,0,62.1844505369663,0,0,0,0,0,0,0,0,0,0,0,211.528277382255,0,0,0,0,0,0,0,0,0.437681436538696,292.408332750201,4.10533027350903,0,0,0,0,0,0,0,0,0,0,0,0,0,0,0,45.2152386456728,0,0,0,83.101526722312,0,7.38785019516945,0,0,0,0,0,0,0,0,0,131.649573475122,21.4800857454538,0,26.0656188428402,0,0
0,0,0,0,0,0,0,0,0,0,0,0,0,0,0,0,0,37.4791938364506,0,0,0,86.185303106904,0,12.5811249315739,0,283.570302754641,0,7.70737332105637,0,0,0,0,0,0,0,0,0,0,0.611952364444733,0,0,0,0,0,0,0,0,0,0,475.151907533407,0,0,0,0,0,0,0,0,0,0,0,0,0,0,88.5649714916945,0,56.4929192662239,0,0,0,71.7991633564234,0,0,0,0,0,0,0,0,0,0,0,1.33039373159409,0,30.4915787577629,0,0
0,0,0,0,0,0,0,0,37.8475225567818,0,0,0,0,0,101.191222399473,0,535.386835902929,0,0,0,0,0,202.805289417505,0,373.202872633934,0,447.188386693597,0,37.6148924529552,0,0,0,0,0,0,0,0,0,0,0,0,0,0,0,0,0,0,0,278.251244872808,0,0,0,0,0,42.0529071390629,0,0,0,0,0,173.549281924963,0,0,0,0,87.7931590229273,0,83.101526722312,0,0,0,93.8646359145641,0,0,0,0,0,0,0,0,0,0,89.7861012220383,0,0,0,0
0,0,0,0,0,0,0,0,0,0,0,0,0,64.725947290659,0,0,0,0,0,0,0,456.560209691525,0,0,0,157.682275831699,0,1963.10981558263,0,226.400324553251,0,0,0,0,0,0,0,31.3209260851145,0.887060672044754,0,0,0,0,0,0,0,0,1.02970111370087,0,1398.49370402098,0,0,0,0,0,0,0,17.3545614182949,0,165.878656923771,0,0,0,0,266.443196922541,0,0,0,71.7991633564234,0,0,0,272.778105959296,0,0,0,0,0,0,0,187.890156239271,0,57.1203539967537,1.42803438007832,0,0,0
0,0,0,0,0,0,0,0,0,0,0,0,0,0,0,0,0,0,0,0,0,0,1.51054391264915,0,6.06886135041714,0,9.80606961250305,0,511.60477001965,0,0,0,0,0,0,0,0,0,14.6827176362276,0,0,0,0,0,0,0,0,0,736.621639594436,0,0,0,0,0,0,0,252.622087284923,0,166.278756558895,0,0,0,0,0,0,32.5394429415464,0,7.38785019516945,0,93.8646359145641,0,0,0,352.362772867084,0,0,0,0,0,0,0,95.6831213980913,0,0,5.28113992512226,0,0
0,0,0,0,0,0,0,0,0,0,0,197.462756231427,0,0,0,0,0,0,0,5.05173516273499,0,0,0,0,0,0,0,46.429519623518,0,494.481397658587,0,0,0,0,0,0,0,36.6419701129198,0,0,0,426.721197970212,0,0,0,0,0,0,0,261.745981946588,0,0,0,0,0,0,0,584.892655313015,0,0,0,0,0,0,0,0,0,0,0,0,272.778105959296,0,0,0,0,0,0,0,0,0,2012.8669141531,0,102.929975911975,8.58243244886398,468.313150107861,0,0
0,0,0,0,0,0,0,0,0,0,33.9674620777369,0,0,0,0,0,0.610889256000519,0,94.713002666831,0,4.63676942884922,0,0,0,0,0,0,0,0.329208195209503,0,92.8025562465191,0,0,1.09942230582237,2.21892833709717,0,0,0,210.525518760085,0,9.81055103242397,6.37817743420601,357.10106228292,0,0.373895108699799,0,417.752714902163,2.03456048667431,401.10294213891,0,0,0,0,0,0,0,554.502709016204,0,0,0,0,0,0,37.8724026605487,0,0,0,0,0,0,0,352.362772867084,0,0,0,0,0,9.0905844271183,0,34.0643955618143,0,725.923636525869,241.410231485963,1.36663995683193,384.017586611211,0,130.129204064608
0,0,0,0,0,0,0,0,0,0,0,0,0,0,0,0,0,0,0,0,0,0,0,0,0,0,0,0,0,0,0,1083.9053735286,371.494007110596,27.1664087772369,0,87.260416790843,77.1364608705044,0,0,15.1575026363134,0,11.024201631546,0,0,0,0,0,597.742990002036,0.367958545684814,595.101979658008,0,0,0,0,0,0,0,0,0,0,0,0,0,0,0,0,0,0,0,0,0,0,0,0,0,26.7265504896641,42.642284154892,0,269.088337749243,14.6066633015871,0,0,296.126621097326,0,39.881695330143,0,0
0,0,0,0,0,0,0,0,0,0,0,0,0,0,0,0,0,0,1.2663040459156,0,0,0,0,0,0,0,0,0,0,0,0,48.1655704081059,615.625634431839,0,84.3773762732744,9.59096890687943,125.827726721764,0,0,0,1.54764249920845,1.27290225028992,9.68915845453739,0,0,0,0.816621124744415,9.40639334917068,7.34738044440746,0,0,0,0,0,0,0,0,0,0,0,0,0,0,0,0,0,0,0,0,0,0,0,0,0,26.7265504896641,0,0,133.418196737766,0,359.696290880442,0,0.298621028661728,398.239908844233,0,11.5964931175113,0,0
0,0,0,0,0,0,0,0,0,0,0,0,0,0,0,0,0,0,0.182593211531639,0,0,0,0,0,0,0,0,0,0,0,0,162.843405723572,0,2992.84732005,1249.38091742992,115.80825586617,148.416460886598,190.149813458323,32.6498067378998,0,0,0,1.0809228271246,0,0,0,0,269.634777769446,11.2398445606232,82.2549920082092,0,0,0,0,0,0,0,0,0,0,0,0,0,0,0,0,0,0,0,0,0,0,0,0,42.642284154892,0,0,812.402705430984,547.558682799339,3.21964217722416,1710.5599334389,311.653341479599,425.408633932471,0,0.336496740579605,0,0
0,0,0,0,0,0,0,0,0,0,0,0,0,0,0,0,0,0,39.7937242537737,0,0,0,0,0,0,0,0,0,0,0,0,1.54834985733032,136.299440518022,1622.37022794783,1587.41885197163,0,155.869084335864,692.301610395312,212.750488072634,0,13.8528531938791,29.95652975142,365.154181964695,0.142669945955276,0,0,15.5128395184875,359.786765381694,697.208418928087,215.306572720408,0,0,0,0,0,0,0.2375518232584,0,0,0,0,0,0,1.89752277731895,0,0,0,0,0,0,0,0,0,9.0905844271183,0,133.418196737766,812.402705430984,0,5.2216688990593,507.024635605514,349.909610554576,369.008643947542,285.508847430348,0.797479093074799,182.474686421454,0,9.5163099616766
0,0,0,0,0,0,0,0,0,0,0,0.239302128553391,0,0,0,0,0,0,0,727.072106465697,0,0,0,0,0,0,0,0,0,0,0,496.302567407489,107.220494866371,845.516458466649,11.5654509067535,11883.7958542854,458.083381876349,381.860015295446,0,2538.69021105766,0,298.227720424533,0,0,0,91.8262382745743,0,187.558036506176,0,171.075137555599,0,0,0,0,0,0,0,0,0,0,0,0,1133.01220774651,0,0,0,0,0,0,0,0,0,0,0,269.088337749243,0,547.558682799339,5.2216688990593,0,90.8378569483757,1812.1288100183,0,1862.01729360223,105.446273550391,303.964995875955,0,0
0,7.50706458091736,11.6562737524509,0,0,0,9.85065937042236,0,0,0,27.8957679569721,0,0,0,0,0,0,0,598.054533116519,0,4.18853755295277,0,0,0,0,0,0,0,0,0,0,107.332426831126,62.369434684515,441.683794692159,468.091128222644,166.428736209869,9225.21269027144,0,628.877488128841,0,524.197582453489,209.176990047097,2130.02914378792,0.748960733413696,0,3.59424269199371,1558.94211094826,76.9274267554283,370.768216557801,5.16257494688034,0,0,0,0,0,0,11.9351943507791,0,0,0,0,0,0,482.54743976891,0,0,0,0,0,0,0,0,0,34.0643955618143,14.6066633015871,359.696290880442,3.21964217722416,507.024635605514,90.8378569483757,0,0,1047.25544594228,3899.06446588039,227.272325083613,759.414204977453,0,44.3770065158606
0,14.4448583498597,0,0,0,0,0,0,0,0,0,177.404337897897,0,0,0,0,0,0,0,281.550393611193,0,18.512054875493,0,1.39771038293839,0,0,0,31.6906013041735,0,79.8491812795401,0,0,0,1254.27815240622,278.04060036689,1341.70367912948,0,17291.691261597,33.7340013235807,145.825120210648,0,261.27028824389,0.278050810098648,0,0,0,0,88.801765948534,0.333176702260971,694.563649117947,0,0,0,0,0,0,0,47.0440239608288,0,0,0,0,167.506446182728,0,28.1866742521524,0,39.7315977215767,0,0,0,187.890156239271,0,2012.8669141531,0,0,0,1710.5599334389,349.909610554576,1812.1288100183,0,0,177.611694172025,1434.26226373017,226.768370836973,1095.76808172464,0,0
0,4.20675501227379,0,0,0,0,0,0,1.93925893306732,0,0.378109604120255,0,0,0,0,0,1.35824006795883,0.680916339159012,615.381335072219,0,0.542959690093994,45.5782359838486,665.707452863455,0,117.957829281688,0,0,0,87.21369163692,0,78.0019165128469,0,5.1677937656641,321.16957578063,838.303843282163,0,749.22166030854,534.329075366259,10985.7998953462,0,50.1421738266945,116.486646339297,1470.77009944618,1.23211324214935,0.864538952708244,0.415621370077133,776.333523355424,164.625579059124,1097.60282443464,708.113697342575,0,0,0,0,0,0,5.29848571121693,0,0,0,0,0,0,142.823648162186,0,143.846445426345,0,131.649573475122,0,0,0,95.6831213980913,0,725.923636525869,0,0.298621028661728,311.653341479599,369.008643947542,0,1047.25544594228,177.611694172025,0,1137.97323788702,41.148896202445,437.816197447479,0,165.286298558116
139.781754046679,575.21034052968,19.5425029993057,94.6362996399403,0,89.6616472899914,0,39.8817074298859,2006.70834501088,3708.16473194957,99.4607529640198,106.876631870866,0,112.419717431068,156.634784519672,781.80199034512,10154.3385589421,12269.4221157059,15852.9744610786,305.774368792772,326.566278249025,564.028903231025,928.345708340406,11.5090517997742,17.4258976578712,76.7901130020618,77.1162623614073,266.579095155001,1.60161137580872,502.924631178379,16.626703619957,946.288469970226,1697.45966823399,428.855324089527,1231.02499585599,3609.325627774,4242.33497411013,4713.33897336572,2205.85482364893,0,11.1798897385597,361.692492559552,1617.01677922904,22.6504739224911,0,48.6420343965292,47.4087868630886,1239.22176960111,304.742822088301,813.263616852462,0,1.96925187110901,0,14.8268162161112,544.929642051458,565.159050777555,119.936165496707,101.701349258423,0,17.4751006066799,45.5249474048615,221.041191011667,118.596320852637,67.751198798418,215.179114788771,739.513885878026,1.21371737122536,21.4800857454538,1.33039373159409,89.7861012220383,57.1203539967537,0,102.929975911975,241.410231485963,296.126621097326,398.239908844233,425.408633932471,285.508847430348,1862.01729360223,3899.06446588039,1434.26226373017,1137.97323788702,0,12814.4957734644,1328.18519808352,18.9452463686466,29.6508051753044
0,0,0,0,0,0,0,0,65.405667424202,75.0292816758156,0,0,0,36.5313155651093,0,16.6770710945129,1294.51163449883,1661.73013468087,152.446646273136,1.02354097366333,0,80.243023455143,648.129005610943,0,0,0,0,162.108182743192,0,62.4289038479328,0,0,0,1.98531329631805,0,839.983753144741,331.078572079539,333.681192710996,217.527283638716,0,0,0,32.7685064524412,0,0,0,0,0.59732848405838,18.9179224669933,26.0631272792816,0,0,0,0,4.96645450592041,0,0,0,0,13.73597240448,0,0,0,0,9.59544894099236,51.7468852102757,0,0,0,0,1.42803438007832,0,8.58243244886398,1.36663995683193,0,0,0,0.797479093074799,105.446273550391,227.272325083613,226.768370836973,41.148896202445,12814.4957734644,0,6.44186276197433,0,0
0,286.99852193892,35.1809493303299,20.1623742878437,0,0,0,0,0,60.9439688026905,0,35.626820743084,0,0,0,0,0,0,1081.98522334546,114.284969985485,45.1611513197422,0,0,1.53574278950691,10.5413883924484,1.54866334795952,0,0,0,0,0,127.178122162819,65.3160409852862,18.8837731927633,189.434132568538,61.7548496127129,218.891120553017,35.5964957326651,136.491908282042,1099.48459248245,1336.50551887602,3318.86687069386,2481.56155631691,321.881165772676,0.873540133237839,2716.78173628449,1814.43217918277,519.675708711147,3169.08243042976,1045.57033637911,6.46300101280212,0,0,0,0,8.536023914814,31.8147352933884,205.873227491975,2.99378180503845,0,0,0,544.025470972061,635.575399942696,0,0,1.04514448344707,26.0656188428402,30.4915787577629,0,0,5.28113992512226,468.313150107861,384.017586611211,39.881695330143,11.5964931175113,0.336496740579605,182.474686421454,303.964995875955,759.414204977453,1095.76808172464,437.816197447479,1328.18519808352,6.44186276197433,0,149.915735706687,274.945817917585
0,1.86865675449371,0,0,0,0,0,0,0,0.497309803962708,0,0,0,0,0,0,0,0,142.084100723267,0,0,0,0,0,0,0,0,0,0,0,0,0,0,0,0,0,0,2.3613997399807,0,0,0,485.904428571463,0,48.5798481404781,0,1.94751012325287,0,0,0,55.0699442327023,0,0,0,0,0,0,0,2.953503459692,0,0,0,0,0,0,0,0,0,0,0,0,0,0,0,0,0,0,0,0,0,0,0,0,18.9452463686466,0,149.915735706687,0,0
0,0,0,0,0,0,0,0,0,0,0,0,0,0,0,0,0.234980925917625,2.34463715553284,150.129658915102,0,0,0,0,0,0,0,0,0,0,0,0,0,1.52273797988892,2.2460907548666,12.4659101366997,0,4.80112655460835,0,4.08568648993969,0,0,22.0364719778299,1359.55879813433,0,3.77520513534546,1.5749853849411,107.392379030585,1.54523295164108,133.635166563094,0.239549845457077,0,0,0,0,0,0,6.10985717177391,0,0,0,0,0,0,22.190009355545,0,0,0,0,0,0,0,0,0,130.129204064608,0,0,0,9.5163099616766,0,44.3770065158606,0,165.286298558116,29.6508051753044,0,274.945817917585,0,0
