0,0,0.00215396519553772,0,0,0,0,0,0.0046905429783254,0,0,0,0,0,0,0,9.18156826775179e-06,3.91408012443156e-05,0.0239314393863566,0,0,0,0,0,0,0,0,0,0,0,0,0,0,0,0,0,0,0,0,0,0,0,0,0,0.0122066467970817,0,0.00272263800825872,0,0.0153029910554296,0,0,0,0,0,0.0462632142454499,0,0,0,0,0,0,0,0,0,0,0,0,0,0,0,0,0,0,0,0,0,0,0,0,0,0,0,0.000921207322717802,0,0.0262832508611728,0,0
0,0,0,0.00726053798063972,0,0.00179812044344497,0,0,0,0.261251154734818,0,0,0,0,0,0,0,8.32938445692799e-05,0.0121250379046974,1.95619017909665e-05,0,0,0,0.0011458555594227,0,0,0,0,0,0,0,0,0,0,0,0,0,0.00309767640519644,0,0.00766125697872987,0,0.043064570588382,0,0,0,0.0448473202192072,0,0,0,0.0138111894133791,0,0,0,0,0,0.0603641989119586,0,0.00977770414661708,0,0.00645912710669521,0,0.0234367070289356,0.00149309035778719,0,0,0,0.000346814862417789,0,0.00208880797840295,0,0.000414475363700852,0,0.00745843320369079,0,0,0,0,0,0.000939765471140682,0,0.000783034934007495,0,0.00151283524500804,0,0.0263434334999817,0.000428949365666603,0
0.00215396519553772,0,0,0,0.108722565647681,0,0,0,0.0405623500476016,0,0,0,0,0,0,0,0,0,0.000238626939616018,0,0,0,0,0,0,0,0,0,0,0,0,0,0,0,0,0,0,0,0,0,0,0,0,0,0.00088382554821187,0,0.00737746372887718,0,0.00900677877144091,0,0.0617403717013331,0,0,0,0.0656867388224397,0,0.00955734538740906,0,0.0412647305267621,0,0.053665549570747,0,0,0,0,0,0,0,0,0,0,0,0,0,0,0,0,0,0,0,0,0,0.000428336726128627,0,0.00600888778475325,0,0
0,0.00726053798063972,0,0,0,0.119650751086217,0,0,0,0.018213661635431,0,0.00017964379305071,0,0,0,0,0,0.00012102242654856,0.000457705533179466,0.00515317042564751,0,0,0,7.3741225679394e-05,0,0,0,0,0,0,0,0,0,0,0,0.000109237485366568,0,0.000677816601768553,0,0.00166825508288989,0,0.00760536476168583,0,0,0,0.0152866737295765,0,0,0,0.0402554763794082,0,0.0252933566110543,0,0,0,0.122509789103657,0,0.00743412185850308,0,0.0462277742717679,0,0.123553437419423,0.00136988543996429,0,0,0,0,0,0,0,0.000345853012839741,0,0.0301342871621511,0,0,0,0,0,0.000534427496216448,0,0.000372011130003228,0,0.00335896380204622,0,0.0237520114225244,0.00120087185225595,0
0,0,0.108722565647681,0,0,0,0,0,0.0065753822420082,0,0,0,0,0,0,0,0,0,0,0,0,0,0,0,0,0,0,0,0,0,0,0,0,0,0,0,8.88253142628275e-05,0,0,0,0,0,0,0,0,0,0,0,0,0,0.0216954466864701,0,0,0,0,0,0,0,0.00129945809085549,0,0.000191355996484411,0,0,0,0,0,0,0,0,0,0,0,0,0,0,0,0,0,0,0,0,0,0.00299726835270403,2.61089723542968e-05,0.00132695449761063,0,0
0,0.00179812044344497,0,0.119650751086217,0,0,0,0,0,0.00131144531412944,0,0.000127707135413365,0,0,0,0,0,0,0,0.00686875014532119,0,0,0,0,0,0,0,0,0,0,0,0,0,0,0,2.05963672486077e-05,0,3.95068079967727e-05,0,0.000118434544899584,0,0.000612963333693214,0,0,0,3.71043157041168e-05,0,0,0,3.87336355761137e-05,0,0.200627290751131,0,0.00240420736372471,0,0,0,0.00267443815128377,0,0.00575872750893964,0,0.00387685278538327,0,0,0,0,0,0,0,0,6.01839263932438e-05,0,0.00110599952442912,0,0,0,0,0,2.84101800460312e-05,0,3.08439278142391e-06,0,0.00198965004421358,0,0.00244585250100079,0,0
0,0,0,0,0,0,0,0,0,0,0,0,0,0,0,0,0,0,0,0,0,0,0,0,0,0,0,0,0,0,0,0,0,0,0,0,0,0,0,0,0,0,0,0,0,0,0,0,0,0,0,0,0.00691813536104746,0,0,0,0.00851638531057172,0,0,0,0,0,0,0,0,0,0,0,0,0,0,0,0,0,0,0,0,0,0,0,0,0,3.92982465200475e-05,0,0,0,0
0,0,0,0,0,0,0,0,0,0,0,0,0,0,0,0,0,0,0,0.00511527234192176,0,0,0,0,0,0,0,0,0,0,0,0,0,0,0,0,0,0,0,0,0,0,0,0,0,0,0,0,0,0,0,0,0,0.000757288886234164,0,0,0,0,0,0.00134124321630225,0,0,0,0,0,0,0,0,0,0,0,0,0,0,0,0,0,0,0,0,0,0,1.12381967483088e-05,0,0,0,0
0.0046905429783254,0,0.0405623500476016,0,0.0065753822420082,0,0,0,0,0,0,0,0,0,0.160194611661906,0,0.00609540350661429,0,8.44442466876351e-06,0,0,0,0,0,0.0045395820410577,0,0,0,0,0,0,0,0,0,0,0,0,0,0,0,0,0,0.000266110110415393,0,0,0,0,0,0.0094114333711481,0,0,0,0,0,0.0189966474532517,0,0,0,0.00085461508188904,0,0.0243230346973409,0,0,0,0,0,0,0.00248606451311241,0,0,0,0,0,0,0,0,0,0,0,0,0,0,0.00320102383637905,0.00323582630898884,0.00107391535904734,0,0.00931034108185721
0,0.261251154734818,0,0.018213661635431,0,0.00131144531412944,0,0,0,0,0,0,0,0,0,0.00280282100284108,0,0.000651691234607175,0.000580473784344631,1.28330048920509e-05,0,0,0,0.000707193230806338,0,0,0,0,0,0,0,0,0,0,0,0,0,0.00505279986331199,0,0.000875321814404308,0,0.0128262789464964,0,0,0,0.00188546331764232,0,0,0,0.0008544289022414,0,0,0,0,0,0.152376356722583,0,0.000218307312587871,0,0.00073410121334202,0,0.0133155610070622,0,0,0,0,0.00276376161388952,0,0,0,2.02771879042841e-05,0,0.0067635038073939,0,0,0,0,0,0.000117800988409118,0,0.00144515661816555,0,0.00724904698070548,0.010990117748752,0.00538954782876672,0.00111269326072744,0
0,0,0,0,0,0,0,0,0,0,0,0,0.0650388895236601,0,0,0,0,0,0,0,0.144770611353409,0,0,0,0,0,0,0,0.0584541088096001,0,0,0,0,0,0,0,0.0119820142588047,0,0.0707404486298157,0,0,0,0,0,0,0,0,0,0,0,0,0,0,0,0,0,0.0828957554622559,0,0.0514375545974824,0,0,0,0,0.064077808083777,0,0,0,0,0,0,0,0.0350754755598162,0,0,0,0,0,0,0,0.000267157299590443,0,0.0109985413999165,0.00412967743684576,0.00326292893842062,0,0,0
0,0,0,0.00017964379305071,0,0.000127707135413365,0,0,0,0,0,0,0,0.000101719051599503,0,0,0,0,5.17777112506005e-05,0.0264799973753017,0,0,0,0,0,0,0,0.00128469687555293,0,0.0124683762324804,0,0,0,0,0,0.00206652138319272,0,0.0070738976177264,0,0,0,0,0,0,0,1.80240276966084e-05,0,0,0,0,0,0.0032634632815931,0,0,0,3.37408225662722e-05,0,0.0950814529814605,0,0.00443127984701328,0,0.000327607959112439,0.00213189976171138,0,0,0,0,0,0,0,0.0112827671065504,0,0.0001056524051819,0,0,0,0,0,6.29766037749905e-06,0,0.00127990255808062,0,0.000446489082752895,0,0.000796621406865449,0,0
0,0,0,0,0,0,0,0,0,0,0.0650388895236601,0,0,0,0,0,0,0,0,0,0,0,0,0,0,0,0,0,0.00766445260355429,0,0.00597280978642248,0,0,0,0,0,0,0,0,0,0,0,0,0,0,0,0,0,0,0,0,0,0,0,0,0,0,0,0.00414395107473181,0,0,0,0,0,0,0,0,0,0,0,0,0,0,0,0,0,0,0,0,0,0,0,0.00465321993749996,0.0157806497899776,0,0,0
0,0,0,0,0,0,0,0,0,0,0,0.000101719051599503,0,0,0,0.0321613771032324,0,0,0,0,0,0,0,0,0,0,0,0.0103918733689367,0,0,0,0,0,0,0,0,0,0,0,0,0,0,0,0,0,0,0,0,0,0,0,0,0,0,0,0,0,0,0,0.114668338327014,0,0.054379997778859,0,0,0,0,0,0,0,0,0.00125762652729394,0,0,0,0,0,0,0,0,0,0,0,0.000360326105859789,0.00249791821131042,0,0,0
0,0,0,0,0,0,0,0,0.160194611661906,0,0,0,0,0,0,0,0.000799408188960663,0,0,0,0,0,0,0,0,0,0,0,0,0,0,0,0,0,0,0,0,0,0,0,0,0,0,0,0,0,0,0,0,0,0,0,0,0,0.00330278190467946,0,0,0,0.0143037543077489,0,0.0478257935042068,0,0,0,0,0,0,0,0,0,0,0,0,0,0,0,0,0,0,0,0,0,0.00117271162068607,0.000531636512669585,0,0,0
0,0,0,0,0,0,0,0,0,0.00280282100284108,0,0,0,0.0321613771032324,0,0,0,0.000286876776612478,0,0,0,0,0,0,0,0,0,0.00047576567158103,0,0,0,0,0,0,0,0,0,0,0,0,0,0,0,0,0,0,0,0,0,0.00146691923791321,0,0,0,0,0,0,0,0,0,0.00315030128092318,0,0.032313255217682,0,0,0,0,0,0,0,0,0,0,0,0,0,0,0,0,0,0,0,0,0.000981198601554113,0.00453745519841176,0,0,0
9.18156826775179e-06,0,0,0,0,0,0,0,0.00609540350661429,0,0,0,0,0,0.000799408188960663,0,0,0.122216015694105,0.112504484600213,0,0,0,0.000851898184066728,0,2.84531704675404e-05,0,0.0328633065235685,0,0.0119026431098348,0,0,0,0,0,0,0,0,0,0,0,0,4.79540440527829e-06,1.48225124457187e-05,9.74747042558154e-05,6.64387914313326e-05,6.36996424964367e-05,0,0,0,0,0,0,0,0,0.000257797292582074,0,0,0,0,0,0,0,0,0,0,0.000428837835536461,0,0,0,0.0144328563790006,0,0.00399674094057089,0,0,0,0,0,0,0,0,3.85078658021124e-06,0,0.0401562547683534,0.00250811426096788,0.000911134431196242,0,0
3.91408012443156e-05,8.32938445692799e-05,0,0.00012102242654856,0,0,0,0,0,0.000651691234607175,0,0,0,0,0,0.000286876776612478,0.122216015694105,0,0.113702899508629,0,0,0.000615411009557007,0,0.00446475874150819,0,0.0480794427859369,0,0.00118379099972212,0,0,0,0,0,0,0,0,0,6.8678625049323e-05,0,0.000394417446694576,0,0.00351621053645698,0,0.000519965270045744,1.12783635627936e-05,0.00111516387008303,2.93518443598123e-05,0,0,7.49623543131573e-05,0,0,0,0,0,1.95320587232095e-05,0,0,0,0,0,0.000174609529210758,2.30200322695467e-05,0,0.00053392462396338,0,0.00085554434587708,0,0.0137146114842085,0,0,0,0.00293816467205965,0,0,0,0,0,0.000394877352299437,0,0.000627588425047475,0,0.0459359480785137,0.00735930558219819,0.00760777229180009,0.0027413862935765,0
0.0239314393863566,0.0121250379046974,0.000238626939616018,0.000457705533179466,0,0,0,0,8.44442466876351e-06,0.000580473784344631,0,5.17777112506005e-05,0,0,0,0,0.112504484600213,0.113702899508629,0,0,0,0,0,0.00019814144153294,0,0,0,0,0,0,0,0,0,0,0,0,0,0.000191637418147297,0,0.00866252501753075,0,0.0368918054360427,0.0189577718320197,0.0197635010197027,0.0242430775381077,0.113273815055787,0.0115842566854275,0,0.00031640607724001,0.000481291116089731,0,0,0,0,0,2.25381271844771e-05,0,0.000167603945809707,0,6.33598664676101e-05,0,0,0.00095572445305004,0,0,0,4.94390202495275e-05,0,0,0,1.22511480255195e-05,0,0.0115579970456168,0,0,0,0,0,0.0180526779526771,0,0.00806610564305217,0,0.0498993305334368,0.000305804141391625,0.196604471845744,0.0138865762291399,0
0,1.95619017909665e-05,0,0.00515317042564751,0,0.00686875014532119,0,0.00511527234192176,0,1.28330048920509e-05,0,0.0264799973753017,0,0,0,0,0,0,0,0,0,0,0,0,0,0,0,0,0,0,0,0,0,0,0,0.00921930425999968,0,0,0,7.00166005391156e-05,0,5.91211702796468e-05,0,0,0,1.53506326895621e-05,0,0,0,2.1285423684986e-05,0,0.00400014383203928,0,0.000226020713837524,0,0,0,0.071091263448861,0,0.0077665727313167,0,0,0.169538530048886,0,0,0,0,0,0.000154628882842822,0,0.00140775247206463,0,0,0,0,0,0,0,0.00122276356612366,0,1.56417061144494e-05,0,0.00174818441140136,2.81891432318212e-05,0.00865571184848913,0,0
0,0,0,0,0,0,0,0,0,0,0.144770611353409,0,0,0,0,0,0,0,0,0,0,0,0,0,0,0,0,0,0,0,0,0,0,0,0,0,0.0250508705827071,0,0.0176676073482544,0,0,0,0,0,0,0,0.000608379451189794,0,0,0,7.86850520896193e-05,0,0.00949550399609761,0,0,0,0.0518395499566109,0,0,0,0,0,0,0.151088691563156,0,0,0,0,0,0,0,0,0,0,0,0,0,0,0,0.000820603971797692,0,0,0.00223246867656436,0,0,0,0
0,0,0,0,0,0,0,0,0,0,0,0,0,0,0,0,0,0.000615411009557007,0,0,0,0,0.139828122135941,0.00156706886117263,0,0.0279381062667062,0,0.000958188373163674,0,0,0,0,0,0,0,0,0,0.0401545677645115,0.00136720378435034,0,0,0,0,0,0,0,0,0,0,0.00330157914136362,0,0,0,0,0,0,0,7.08094316671671e-05,0,0,0,0,0,0,0.0457802357378122,0.0544763120109432,0.0033825612810483,0,0.00746747886675805,0,0.00338724614825066,0,0,0,0,0,0,0,0,0,0.0230674758152253,0.000739194692570098,0.0107050570334059,0.00284802387930438,0,0,0
0,0,0,0,0,0,0,0,0,0,0,0,0,0,0,0,0.000851898184066728,0,0,0,0,0.139828122135941,0,0,0.00284629293653788,0,0.00790052988172077,0,0.0127392196930298,0,0,0,0,0,0,0,0,0.00163725030240838,0.0207617134770224,0,0,0,0,0,0,0,0,0,0.00152493935745992,0,0,0,0,0,0,0,0,0,0,0,0,0,0,0,0.00857519088711339,0.236901426156508,0,0.0293862124353073,0,0.012358218097223,0,0.0404496709172264,0,0,0,0,0,0,0,0,0,0.0251953803843574,0.00777636296886259,0.00190325273110523,0,0,0
0,0.0011458555594227,0,7.3741225679394e-05,0,0,0,0,0,0.000707193230806338,0,0,0,0,0,0,0,0.00446475874150819,0.00019814144153294,0,0,0.00156706886117263,0,0,0,0.169076131576113,0,0,0,0,0,0,0,0,0,0,0,0.0175470834860339,0,3.28584375300627e-05,0,0.000675679763118913,0,0,0,0,0,0,0,0.00176619736511928,0,0,0,0,0,0.000238973003221536,0,0,0,0,0,0,0,0,0.000592510910978635,0,0.185271146829768,0,0.259242533606144,0,0,0,0.000506522370902901,0,0,0,0,0,1.3389569210853e-05,0,0.00189770222273283,0,0.00341423781649403,0,0.000796501455084862,0.00149503915279213,0
0,0,0,0,0,0,0,0,0.0045395820410577,0,0,0,0,0,0,0,2.84531704675404e-05,0,0,0,0,0,0.00284629293653788,0,0,0,0,0,0,0,0,0,0,0,0,0,0,0,0.00595659861897932,0,0,0,0.000152803126161195,0,0,0,0,2.57549140982019e-05,0.000594443501549611,0,0,0,0,0,0.00411073669760677,0,0,0,0,0,0,0,0,0,0,0.00340912229725397,0,0.0303087548023494,0,0,0,0,0,0,0,0,0,0,0,0,0,0.00874525318662834,0.000945648022260166,2.34460923068801e-06,0.000634442830408787,0,0
0,0,0,0,0,0,0,0,0,0,0,0,0,0,0,0,0,0.0480794427859369,0,0,0,0.0279381062667062,0,0.169076131576113,0,0,0,0,0,0,0,0,0,0,0,0,0,0,0,0,0,0,0,0,0,0,0,0,0,0,0,0,0,0,0,0,0,0,0,0,0,0,0,0,0.00236213793960419,0,0.0399820635067191,0,0.0316427139997854,0,0,0,0,0,0,0,0,0,0,0,0,0,0.00132529577792941,1.89096675788224e-05,0,0,0
0,0,0,0,0,0,0,0,0,0,0,0,0,0,0,0,0.0328633065235685,0,0,0,0,0,0.00790052988172077,0,0,0,0,0,0,0,0,0,0,0,0,0,0,0,0,0,0,0,0,0,0,0,0,0,0,0,0,0,0,0,0,0,0,0,0,0,0,0,0,0,0,0.00303881701008693,0,0,0,0.0309199210706595,0,0,0,0,0,0,0,0,0,0,0,0,0.000639405101252707,0,0,0,0
0,0,0,0,0,0,0,0,0,0,0,0.00128469687555293,0,0.0103918733689367,0,0.00047576567158103,0,0.00118379099972212,0,0,0,0.000958188373163674,0,0,0,0,0,0,0,0.0499279860414222,0,0,0,0,0,0,0,0.000391638208537107,0,0,0,0,0,0,0,0,0,0,0,0,0,0,0,0,0,0,0,0,0,0,0,0,0,0,0.00671462317365401,0,0,0,0,0,0.144981149545984,0,0.00296565368478175,0,0,0,0,0,0,0,0,0,0.00569211578865706,0.00582159008780579,0,0,0
0,0,0,0,0,0,0,0,0,0,0.0584541088096001,0,0.00766445260355429,0,0,0,0.0119026431098348,0,0,0,0,0,0.0127392196930298,0,0,0,0,0,0,0,0.0224275659669352,0,0,0,0,0,0,0,0.000145350980639627,0,0,0,0,0,0,0,0,0,0,0,0,0,0,0,0,0,0,0,0,0,0,0,0,0,0,0.000414809387881055,0,0,0,0,0,0.184139413041919,0,0.00139549574658749,0,0,0,0,0,0,0,0,0.00466973004120755,0.0171695135526039,0,0,0
0,0,0,0,0,0,0,0,0,0,0,0.0124683762324804,0,0,0,0,0,0,0,0,0,0,0,0,0,0,0,0.0499279860414222,0,0,0,0,0,0,0,0,0,0.0105727080617868,0,0,0,0,0,0,0,0,0,0,0,0,0,0,0,0,0,0,0,0.0684541909014919,0,0,0,0,0,0,0,0,0,0,0,0,0.0410111922950244,0,0.0275959780429829,0,0,0,0,0,0,0,0,0,0,0,0,0,0
0,0,0,0,0,0,0,0,0,0,0,0,0.00597280978642248,0,0,0,0,0,0,0,0,0,0,0,0,0,0,0,0.0224275659669352,0,0,0,0,0,0,0,0,0,0.0217786217644048,0,0,0,0,0,0,0,0,0,0,0,0,0,0,0,0,0,0,0,0.00286815302302678,0,0,0,0,0,0,0,0,0,0,0,0,0.00396239594278284,0,0.0351050346841665,0,0,0,0,0,0,0,0.000246267950563436,0.000665996195650982,0.00027256955521019,0,0,0
0,0,0,0,0,0,0,0,0,0,0,0,0,0,0,0,0,0,0,0,0,0,0,0,0,0,0,0,0,0,0,0,0.0794746985017765,0.0305424594214211,0.00763030658349084,0.00301029707399383,0.00235309132437405,0,0,0,0,0,0,0,0,0,0,0.0244371018487371,0.000965061096365447,1.67942705556412e-05,0,0,0,0,0,0,0,0,0,0,0,0,0,0,0,0,0,0,0,0,0,0,0,0,0.0194396908363112,0.0376136071891155,0.0263298651066086,0.00294194306421552,0.00456356812060245,0.000248288826148838,3.29893771513313e-06,0,0.000188968612428201,0,0,0,0
0,0,0,0,0,0,0,0,0,0,0,0,0,0,0,0,0,0,0,0,0,0,0,0,0,0,0,0,0,0,0,0.0794746985017765,0,0,0.0239536437311762,0.00499567613213772,0.0116844486943149,0,0,0,0,0,0,0,0,0,0,0.0612325382763843,0.000741743784846967,0.00102201287789482,0,0,0,0,0,0,0,0,0,0,0,0,0,0,0,0,0,0,0,0,0,0,0,0,0.0671399741020236,0.166532333834787,0.00532676248646531,0.0198098846765112,0.00235403482226893,0.000414476168427076,0,0,0.00186135282442923,0,0,0,0
0,0,0,0,0,0,0,0,0,0,0,0,0,0,0,0,0,0,0,0,0,0,0,0,0,0,0,0,0,0,0,0.0305424594214211,0,0,0.187615805215729,0.000623783496964923,1.26941785420233e-05,0,0.0034793592914207,0.00018008998965833,0,6.98837037276241e-05,0,0,0,0,0,0.104169303679819,0.00166004618774527,0.00560749864573281,0,0,0,0,0,0,0,0,0,0,0,0,0,0,0,0,0,0,0,0,0,0,0,0,0.00577827382759423,0,0.475059688023042,0.329877179694539,0.000338212684034508,0,0.00170987740369187,0.000407151105681739,0.00165922747292635,4.00540429795559e-05,0.000107647184014569,0,0
0,0,0,0,0,0,0,0,0,0,0,0,0,0,0,0,0,0,0,0,0,0,0,0,0,0,0,0,0,0,0,0.00763030658349084,0.0239536437311762,0.187615805215729,0,0,0.00114241633702751,0.00348896884917857,0.00155763228657092,0,0,0,6.97447321726941e-05,0,0,0,0,0.116700093314361,0.00048580839383066,0.000334596633155898,0,0,0,0,0,0,0,0,0,0,0,0,0,0,0,0,0,0,0,0,0,0,0,0,0.000490323548726435,0.000936765199195122,0.419561058539069,0.405147244299118,0.000622178226996256,0.000222361563509924,0.00046933636732348,0.00110732475809936,0.000550546098970239,1.30410447006766e-05,0,0,0
0,0,0,0.000109237485366568,0,2.05963672486077e-05,0,0,0,0,0,0.00206652138319272,0,0,0,0,0,0,0,0.00921930425999968,0,0,0,0,0,0,0,0,0,0,0,0.00301029707399383,0.00499567613213772,0.000623783496964923,0,0,0.0369519472791235,0.0293963371631285,0,0.00190710596842439,0,0,0,0,0,0.00249886092736602,0,0.00093023876675489,9.81978322937771e-05,5.6661499324303e-05,0,8.85807090932612e-05,0,0,0,0,0,0.00190772178965857,0,0.00018566565127269,0,5.51912002441396e-06,0.00895477727578075,0,0,0,0,0,0,0,0,0,0,0,0.00914644682327929,0.000177093331302955,0.0156615408371554,0,0.155281897375868,0.0110102339535584,0.00603952488854395,0,0.0256754182089495,0.000227091326613041,0.00549425238208414,0,0
0,0,0,0,8.88253142628275e-05,0,0,0,0,0,0.0119820142588047,0,0,0,0,0,0,0,0,0,0.0250508705827071,0,0,0,0,0,0,0,0,0,0,0.00235309132437405,0.0116844486943149,1.26941785420233e-05,0.00114241633702751,0.0369519472791235,0,1.29118889162783e-05,0.00825484411720337,0,6.86037623977119e-06,0,0,0,0,0,0,0.0118823924062387,7.27284506470611e-05,0,0,0,0,0,0,0,0.0130605303326136,0,0,0,0,0,0,0.0556806105663998,0,0,0,0,0,0,0,0,0,0,0,0.00788796113548734,0,0.00866290829497807,0.0284924158178047,0.0998648865871856,0,0.000263201493580149,0.0127414202620474,4.95464811890869e-06,0.00369711248354246,0,0
0,0.00309767640519644,0,0.000677816601768553,0,3.95068079967727e-05,0,0,0,0.00505279986331199,0,0.0070738976177264,0,0,0,0,0,6.8678625049323e-05,0.000191637418147297,0,0,0.0401545677645115,0.00163725030240838,0.0175470834860339,0,0,0,0.000391638208537107,0,0.0105727080617868,0,0,0,0,0.00348896884917857,0.0293963371631285,1.29118889162783e-05,0,0.0146724925766784,0,0,0.000485630779405155,0.000118844094432468,0,0,0,0,0.00958963395740298,0.000307637550764251,0.00357590141197699,0,0,0,0,0,0.00265545575154595,0,0.0325475930101266,0,9.60417254943936e-05,0,2.16799446893097e-05,8.68281995059375e-05,0,0.0217496277613865,2.67597486164036e-05,0.00494005896691275,3.51012209691783e-05,0,0,0.0127507199506936,0,0.000989369539005157,0,0,0,0.0346387728270829,0.00114578485161569,0.00624570971144307,0,0.15606766101472,0.00302390233147824,0.00863268360698663,0.002220562559238,0.00235507901958568,0.000122234681918703,0
0,0,0,0,0,0,0,0,0,0,0.0707404486298157,0,0,0,0,0,0,0,0,0,0.0176676073482544,0.00136720378435034,0.0207617134770224,0,0.00595659861897932,0,0,0,0.000145350980639627,0,0.0217786217644048,0,0,0.0034793592914207,0.00155763228657092,0,0.00825484411720337,0.0146724925766784,0,0,0,0,0.00206537717712009,0,0,0,0,0.00384833987759043,0.00525671578119359,0.000228097464278725,0,0,0,0,2.87521561403992e-05,0,0.0396728660391441,0,0,0,0,0,0,0.0135602318980149,0,0.00416986843792707,0,0.0183669522679577,0,0,0,8.8479292283963e-06,0,0.00120398478948654,0,0,0,0.000776260151542413,0,0.000562636646571735,0.00129143804087687,0.227107566275454,0.0104945920490142,0.00116646982681466,0.00413892435182798,0,0
0,0.00766125697872987,0,0.00166825508288989,0,0.000118434544899584,0,0,0,0.000875321814404308,0,0,0,0,0,0,0,0.000394417446694576,0.00866252501753075,7.00166005391156e-05,0,0,0,3.28584375300627e-05,0,0,0,0,0,0,0,0,0,0.00018008998965833,0,0.00190710596842439,0,0,0,0,0.000149975809164517,0.0229107999471695,0,0.00848715175228668,0,0.0590190496917063,0.000357573406058851,0.00258214541032248,0.000587150047833919,0.0962882685293859,0,0,0,0,0,0.000601785532284926,0,0.00119800427471104,0,0.000399660574150029,0,0.000387525449628718,0.0354628993343686,0,0,0,0.000147988154019867,0,0,0,0.000102743978887128,0,0.000951858301086439,0,0.000147017949616912,0,0,0,0.0211306277904765,0,0.00108921064338684,0,0.000472207946778275,0,0.0884035255968322,0.0135482213833287,0
0,0,0,0,0,0,0,0,0,0,0,0,0,0,0,0,0,0,0,0,0,0,0,0,0,0,0,0,0,0,0,0,0,0,0,0,6.86037623977119e-06,0,0,0.000149975809164517,0,0,0.00477114233596129,0,0,0,0.146635484084122,0.00323561817729975,0.105150067198189,0,0,0,0,0,0,0,0,0,0,0,0,0,0,0.0137368212292923,0,0,0,0,0,0,0,0,0,0,0,0.000199082827733682,0,0,0,0.00744157988632054,0,0,0,0,0.0548363606659212,0,0
0,0.043064570588382,0,0.00760536476168583,0,0.000612963333693214,0,0,0,0.0128262789464964,0,0,0,0,0,0,4.79540440527829e-06,0.00351621053645698,0.0368918054360427,5.91211702796468e-05,0,0,0,0.000675679763118913,0,0,0,0,0,0,0,0,0,6.98837037276241e-05,0,0,0,0.000485630779405155,0,0.0229107999471695,0,0,0.00722760622566715,0.00333961343623281,1.3121670592853e-05,0.00478230027461577,0,0.000666618009191712,0,0.0284730300776328,0,0,0,0,0,0.0094448522991874,0,0.00266839784694601,0,0.000989537267224381,0,0.000578867163314305,0.00318915096391326,0,2.96896238770599e-05,0,0.00601035257335488,0,0,0,0,0,0.00330613992769694,0,0,0,0,0,0.00869417563564466,0,0.00290556749493104,2.29077229921933e-05,0.00552484687864353,0,0.0801825594118447,0.00565649821243052,0
0,0,0,0,0,0,0,0,0.000266110110415393,0,0,0,0,0,0,0,1.48225124457187e-05,0,0.0189577718320197,0,0,0,0,0,0.000152803126161195,0,0,0,0,0,0,0,0,0,6.97447321726941e-05,0,0,0.000118844094432468,0.00206537717712009,0,0.00477114233596129,0.00722760622566715,0,6.41100683294133e-05,0.0153987781450336,8.9798985471051e-06,0.0411535642449763,0.0005682095660162,0.00890482445784061,9.25025844947187e-05,0,0,0,0,4.33857549475732e-05,0,0,0,0,0,0,0,0,0.00104730535476724,0,0,0,0.000494612586725426,0,0,0,0,0,0.000334329470451193,0,0,0,0,0,3.80560643811588e-05,0.000157632866952011,0.0011179165419684,0.00476579202969938,0.000400144558180583,0.117540654107526,0,0.131870691439389
0,0,0,0,0,0,0,0,0,0,0,0,0,0,0,0,9.74747042558154e-05,0.000519965270045744,0.0197635010197027,0,0,0,0,0,0,0,0,0,0,0,0,0,0,0,0,0,0,0,0,0.00848715175228668,0,0.00333961343623281,6.41100683294133e-05,0,0.000955770593775947,0.0171706863256179,0,0,0,0,0,0,0,0,0,0,0,0,0,0,0,0,0.00277244635731283,0,0,0,0,0,0,0,0,0,0,0,0,0,0,0,0.00129444445724607,0,5.88336719419131e-05,0,0.000739486851599753,0,0.028149501067757,0.00147290596482649,0
0.0122066467970817,0,0.00088382554821187,0,0,0,0,0,0,0,0,0,0,0,0,0,6.64387914313326e-05,1.12783635627936e-05,0.0242430775381077,0,0,0,0,0,0,0,0,0,0,0,0,0,0,0,0,0,0,0,0,0,0,1.3121670592853e-05,0.0153987781450336,0.000955770593775947,0,3.52644201302207e-05,0.0540909513102532,0,0,0,0,0,0,0,0,0,0,0,0,0,0,0,0,0,0,0,0,0,0,0,0,0,0,0,0,0,0,0,1.42763421362348e-06,0,0,0,0.0029454401980105,0,0.0416123409392101,0,0.00787615101650813
0,0.0448473202192072,0,0.0152866737295765,0,3.71043157041168e-05,0,0,0,0.00188546331764232,0,1.80240276966084e-05,0,0,0,0,6.36996424964367e-05,0.00111516387008303,0.113273815055787,1.53506326895621e-05,0,0,0,0,0,0,0,0,0,0,0,0,0,0,0,0.00249886092736602,0,0,0,0.0590190496917063,0,0.00478230027461577,8.9798985471051e-06,0.0171706863256179,3.52644201302207e-05,0,0.000698932963725994,0,0,0.000146757864918819,0,0,0,0,0,3.08610083448479e-05,0,0.0001527764240059,0,3.4601977146997e-05,0,0,0.0455562133696793,0,0,0,0,0,0,0,5.17516872920395e-05,0,0.000909804469833902,0,0,0,0,0,0.0238582546338713,0,0.0119123259057785,0,0.00685496241892996,0,0.233193764028644,0.000482004104075022,0
0.00272263800825872,0,0.00737746372887718,0,0,0,0,0,0,0,0,0,0,0,0,0,0,2.93518443598123e-05,0.0115842566854275,0,0.000608379451189794,0,0,0,0,0,0,0,0,0,0,0,0,0,0,0,0,0,0,0.000357573406058851,0.146635484084122,0,0.0411535642449763,0,0.0540909513102532,0.000698932963725994,0,0,0.00026614838381048,0,0,0,0,0,0,0,0,0,0,0,0,0,0,0.0482886128455403,0,0,0,0,0,0,0,0,0,0,0,0,0,0,8.28080273942576e-06,0.0210594710251242,0,0,0.000362639479904806,0,0.174573732108041,0,0
0,0,0,0,0,0,0,0,0,0,0,0,0,0,0,0,0,0,0,0,0,0,0,0,2.57549140982019e-05,0,0,0,0,0,0,0.0244371018487371,0.0612325382763843,0.104169303679819,0.116700093314361,0.00093023876675489,0.0118823924062387,0.00958963395740298,0.00384833987759043,0.00258214541032248,0.00323561817729975,0.000666618009191712,0.0005682095660162,0,0,0,0,0,0.143132144086197,0.156751184779422,0,0,0,0,0,0.000165259702050446,0,0,0,0,0,0,0,0,0,0,0.000164774587127854,0.000228056531132319,0,0,0,0,0,0.00245084898797813,0.0187691420179735,0.0179467470965121,0.0176791085356757,0.0487088774893565,0.0154184240389162,0.004697445714783,0.0272497690202763,0.0375346856080831,0.0176571151923396,7.3361041608636e-05,0.0117051360899864,0,0
0.0153029910554296,0,0.00900677877144091,0,0,0,0,0,0.0094114333711481,0,0,0,0,0,0,0,0,0,0.00031640607724001,0,0,0,0.00152493935745992,0,0.000594443501549611,0,0,0,0,0,0,0.000965061096365447,0.000741743784846967,0.00166004618774527,0.00048580839383066,9.81978322937771e-05,7.27284506470611e-05,0.000307637550764251,0.00525671578119359,0.000587150047833919,0.105150067198189,0,0.00890482445784061,0,0,0,0.00026614838381048,0.143132144086197,0,0.0499407876492875,0,0,0,0,0,0,0,0,0,0,0,0,0,0,0,0.00449186301640834,0,0.00495181221175317,0,0,0,0.00338469755067328,0,0.0236695946439226,0.0220093657045159,0.00280096040461224,0.000358701070170862,0.00182206090926066,0.00121251132312377,0.00327609516504197,0.00144867902567976,0.0273719544280164,0.00620039309028227,1.08042000337162e-05,0.0370857689161074,0,0
0,0.0138111894133791,0,0.0402554763794082,0,3.87336355761137e-05,0,0,0,0.0008544289022414,0,0,0,0,0,0.00146691923791321,0,7.49623543131573e-05,0.000481291116089731,2.1285423684986e-05,0,0.00330157914136362,0,0.00176619736511928,0,0,0,0,0,0,0,1.67942705556412e-05,0.00102201287789482,0.00560749864573281,0.000334596633155898,5.6661499324303e-05,0,0.00357590141197699,0.000228097464278725,0.0962882685293859,0,0.0284730300776328,9.25025844947187e-05,0,0,0.000146757864918819,0,0.156751184779422,0.0499407876492875,0,0,0,0,0,0,0.000613083824847633,0,0.0101720909748184,0,0.000790725158068554,0,0.0151807695039501,0.000565012311589776,0,0.00444218062713528,0,0.00846062927614172,0,0.00538019747753303,0,0.0151125510575139,0,0.0246238906683545,0,0.0241880538874861,1.188468637711e-05,0.000299077877228455,0.000244011361827908,0.00359612239465794,3.54841915063155e-05,0.0152902933564551,0.00113960553537787,0.0124726924577517,4.0740728535161e-06,0.0389745366721579,0.000237064417877886,0
0,0,0.0617403717013331,0,0.0216954466864701,0,0,0,0,0,0,0,0,0,0,0,0,0,0,0,7.86850520896193e-05,0,0,0,0,0,0,0,0,0,0,0,0,0,0,0,0,0,0,0,0,0,0,0,0,0,0,0,0,0,0,0,0,0,0,0,0.0127476506475201,0,0.00191781329245828,0,0,0,0,0.00101055433327119,0,0,0,0,0,0,0,0,0,0,0,0,0,0,0,0,0,0,0.00211418308036382,0,0.00613787842511985,0,0
0,0,0,0.0252933566110543,0,0.200627290751131,0,0,0,0,0,0.0032634632815931,0,0,0,0,0,0,0,0.00400014383203928,0,0,0,0,0,0,0,0,0,0,0,0,0,0,0,8.85807090932612e-05,0,0,0,0,0,0,0,0,0,0,0,0,0,0,0,0,0,0,0,0.00808187292614289,0,0.0120108371085534,0,0.00185344222753108,0,0,0.000112348739113414,0,0,0,0,0,0,0,0,0,2.96192640026204e-05,0,0,0,0,0,0,0,0,0,7.61153196654075e-05,3.06479903678815e-06,0.000823479690249378,0,0
0,0,0,0,0,0,0.00691813536104746,0,0,0,0,0,0,0,0,0,0,0,0,0,0.00949550399609761,0,0,0,0,0,0,0,0,0,0,0,0,0,0,0,0,0,0,0,0,0,0,0,0,0,0,0,0,0,0,0,0,0,0,0,0,0,0,0,0,0,0,0,0,0,0,0,0,0,0,0,0,0,0,0,0,0,0,0,0,0,0.000327139374465491,0,0,0,0
0,0,0,0,0,0.00240420736372471,0,0.000757288886234164,0,0,0,0,0,0,0,0,0,0,0,0.000226020713837524,0,0,0,0,0,0,0,0,0,0,0,0,0,0,0,0,0,0,0,0,0,0,0,0,0,0,0,0,0,0,0,0,0,0,0,0,0,0.00167104484796178,0,0.000442453398136422,0,0,0,0,0,0,0,0,0,0,0,0,0,0,0,0,0,0,0,0,0,0,2.25590410991572e-05,0,0,0,0
0.0462632142454499,0,0.0656867388224397,0,0,0,0,0,0.0189966474532517,0,0,0,0,0,0.00330278190467946,0,0.000257797292582074,0,0,0,0,0,0,0,0.00411073669760677,0,0,0,0,0,0,0,0,0,0,0,0,0,2.87521561403992e-05,0,0,0,4.33857549475732e-05,0,0,0,0,0,0,0,0,0,0,0,0,0,0,0,0,0,0,0,0,0,0,0,0,0.167521276081561,0,0,0,0,0,0,0,0,0,0,0,0,0,1.94037238543388e-05,0.000141349942906419,0,0.00109243545457761,0,0
0,0.0603641989119586,0,0.122509789103657,0,0,0,0,0,0.152376356722583,0,3.37408225662722e-05,0,0,0,0,0,1.95320587232095e-05,2.25381271844771e-05,0,0,0,0,0.000238973003221536,0,0,0,0,0,0,0,0,0,0,0,0,0,0.00265545575154595,0,0.000601785532284926,0,0.0094448522991874,0,0,0,3.08610083448479e-05,0,0.000165259702050446,0,0.000613083824847633,0,0.00808187292614289,0,0,0,0,0,0.00012963916023359,0,9.56251630170799e-05,0,0.0539653729813766,0,0,0,0,0.00518834542958908,0,0,0,7.75070978799667e-05,0,0.00852721973099061,0,0,0,0,0,4.59706200163494e-05,0,0.00156642646297669,0,0.00135937819887836,0,0.00357133460769991,0.000131390527941163,0
0,0,0.00955734538740906,0,0,0,0.00851638531057172,0,0,0,0.0828957554622559,0,0,0,0,0,0,0,0,0,0.0518395499566109,0,0,0,0,0,0,0,0,0,0,0,0,0,0,0,0.0130605303326136,0,0.0396728660391441,0,0,0,0,0,0,0,0,0,0,0,0.0127476506475201,0,0,0,0,0,0,0,0.0181792565170942,0,0.000309326191199943,0,0,0.0450976015957566,0,0,0,0,0,0,0,0.0392614084244503,0,0.0539803118061495,0,0,0,0,0,3.66774915013425e-05,0,0.0011609049710951,0.00326304485858595,0.0014777896646548,0.0212648865047019,0,0
0,0.00977770414661708,0,0.00743412185850308,0,0.00267443815128377,0,0,0,0.000218307312587871,0,0.0950814529814605,0,0,0,0,0,0,0.000167603945809707,0.071091263448861,0,7.08094316671671e-05,0,0,0,0,0,0,0,0.0684541909014919,0,0,0,0,0,0.00190772178965857,0,0.0325475930101266,0,0.00119800427471104,0,0.00266839784694601,0,0,0,0.0001527764240059,0,0,0,0.0101720909748184,0,0.0120108371085534,0,0.00167104484796178,0,0.00012963916023359,0,0,0,0.0557335182846838,0,0.00763171441948518,0.0514448828595957,0,0.00259174955342142,0,0,0,0.00368652632012013,0,0.0548387666291874,0,0.0578813863564725,0,0,0,0,0,0.000416623238067164,0,0.00310918812640523,0,0.000206467406196979,5.46926609181492e-05,0.0229770781249659,4.4020216452622e-05,0
0,0,0.0412647305267621,0,0.00129945809085549,0,0,0,0.00085461508188904,0,0.0514375545974824,0,0.00414395107473181,0,0.0143037543077489,0,0,0,0,0,0,0,0,0,0,0,0,0,0,0,0.00286815302302678,0,0,0,0,0,0,0,0,0,0,0,0,0,0,0,0,0,0,0,0.00191781329245828,0,0,0,0,0,0.0181792565170942,0,0,0,0.0189800779896247,0,0,0.00183124497659654,0,0,0,0,0,0,0,0,0,0,0,0,0,0,0,0,0,0,0.00309198484210646,0.000645575409651419,0.0140002303984248,0,0
0,0.00645912710669521,0,0.0462277742717679,0,0.00575872750893964,0,0.00134124321630225,0,0.00073410121334202,0,0.00443127984701328,0,0.114668338327014,0,0.00315030128092318,0,0,6.33598664676101e-05,0.0077665727313167,0,0,0,0,0,0,0,0,0,0,0,0,0,0,0,0.00018566565127269,0,9.60417254943936e-05,0,0.000399660574150029,0,0.000989537267224381,0,0,0,3.4601977146997e-05,0,0,0,0.000790725158068554,0,0.00185344222753108,0,0.000442453398136422,0,9.56251630170799e-05,0,0.0557335182846838,0,0,0,0.0483816592497042,0.00188399732123359,0,5.4846729290833e-05,0,0,0,0.0132809150233373,0,0.0288350626983097,0,0.00397974965453919,0,0,0,0,0,4.83527935830623e-05,0,8.34156232388389e-05,0,0.000394944749820146,0.00215463258572941,0.00840091952002977,3.11876476928145e-05,0
0,0,0.053665549570747,0,0.000191355996484411,0,0,0,0.0243230346973409,0,0,0,0,0,0.0478257935042068,0,0,0,0,0,0,0,0,0,0,0,0,0,0,0,0,0,0,0,0,0,0,0,0,0,0,0,0,0,0,0,0,0,0,0,0,0,0,0,0,0,0.000309326191199943,0,0.0189800779896247,0,0,0,0,0,0,0,0,0,0,0,0,0,0,0,0,0,0,0,0,0,0,0,0.00172127772857539,0,7.98727304807501e-05,0,0
0,0.0234367070289356,0,0.123553437419423,0,0.00387685278538327,0,0,0,0.0133155610070622,0,0.000327607959112439,0,0.054379997778859,0,0.032313255217682,0,0.000174609529210758,0,0,0,0,0,0,0,0,0,0,0,0,0,0,0,0,0,5.51912002441396e-06,0,2.16799446893097e-05,0,0.000387525449628718,0,0.000578867163314305,0,0,0,0,0,0,0,0.0151807695039501,0,0,0,0,0,0.0539653729813766,0,0.00763171441948518,0,0.0483816592497042,0,0,2.63658453356377e-05,0,0,0,0.000207081371280679,0,0.00300749303007717,0,0.00092682120595153,0,0.00838683472633598,0,0,0,0,0,2.02778432323628e-05,0,7.12385448001002e-05,0,0.00100901962627491,0,0.00358305220945701,0.000159924840173742,0
0,0.00149309035778719,0,0.00136988543996429,0,0,0,0,0,0,0,0.00213189976171138,0,0,0,0,0,2.30200322695467e-05,0.00095572445305004,0.169538530048886,0,0,0,0,0,0,0,0,0,0,0,0,0,0,0,0.00895477727578075,0,8.68281995059375e-05,0,0.0354628993343686,0,0.00318915096391326,0,0.00277244635731283,0,0.0455562133696793,0,0,0,0.000565012311589776,0,0.000112348739113414,0,0,0,0,0,0.0514448828595957,0,0.00188399732123359,0,2.63658453356377e-05,0,0,0,0,0,0,5.49316211368442e-05,0,0.00359131695361531,0,0.0228925032559048,0,0,0,0,0,0.00193372105379098,0,0.00097358382446552,0,0.000777559300439576,0,0.0254409244330881,0,0
0,0,0,0,0,0,0,0,0,0,0.064077808083777,0,0,0,0,0,0,0,0,0,0.151088691563156,0,0,0,0,0,0,0,0,0,0,0,0,0,0,0,0.0556806105663998,0,0.0135602318980149,0,0.0137368212292923,0,0.00104730535476724,0,0,0,0.0482886128455403,0,0,0,0.00101055433327119,0,0,0,0,0,0.0450976015957566,0,0.00183124497659654,0,0,0,0,0,0,0,0,0,0,0,0,0,0,0.0129791816282579,0,0,0,0,0,0.00461282702751859,0,0.000658037359488591,0.00130427943579612,0,0.0289341809430513,0,0
0,0,0,0,0,0,0,0,0,0,0,0,0,0,0,0,0,0.00053392462396338,0,0,0,0.0457802357378122,0.00857519088711339,0.000592510910978635,0,0.00236213793960419,0,0.00671462317365401,0,0,0,0,0,0,0,0,0,0.0217496277613865,0,0,0,2.96896238770599e-05,0,0,0,0,0,0,0,0.00444218062713528,0,0,0,0,0,0,0,0.00259174955342142,0,5.4846729290833e-05,0,0,0,0,0,0.00241704520887474,0.00682683016994558,0,0.00132381107199263,0,0.0119238545813741,0,0,0,0,0,0,0,0,0,0.00698218807847299,0,0.0138601603576164,0.00182669666642367,0.000102991495212514,0,0
0,0,0,0,0,0,0,0,0,0,0,0,0,0,0,0,0.000428837835536461,0,0,0,0,0.0544763120109432,0.236901426156508,0,0.00340912229725397,0,0.00303881701008693,0,0.000414809387881055,0,0,0,0,0,0,0,0,2.67597486164036e-05,0.00416986843792707,0,0,0,0,0,0,0,0,0,0.00449186301640834,0,0,0,0,0,0,0,0,0,0,0,0,0,0,0,0.00241704520887474,0,0,0.0015540530600269,0,7.75828210013776e-05,0,0.000167086640357137,0,0.00014755093636456,0,0,0,0,0,0,0,0.00790171005030517,0.012854434143506,0.000971456116927753,5.7907092401649e-06,0,0
0,0.000346814862417789,0,0,0,0,0,0,0,0.00276376161388952,0,0,0,0,0,0,0,0.00085554434587708,4.94390202495275e-05,0,0,0.0033825612810483,0,0.185271146829768,0,0.0399820635067191,0,0,0,0,0,0,0,0,0,0,0,0.00494005896691275,0,0.000147988154019867,0,0.00601035257335488,0,0,0,0,0,0.000164774587127854,0,0.00846062927614172,0,0,0,0,0,0.00518834542958908,0,0,0,0,0,0.000207081371280679,0,0,0.00682683016994558,0,0,0,0.0290065384422454,0,0.000752556866410426,0,0,0,0,0,0,0,5.1429821401236e-06,0,0.00772858308878741,0,0.00496674648632653,0,0.0111683104489864,0.000876211081621964,0
0,0,0,0,0,0,0,0,0.00248606451311241,0,0,0,0,0,0,0,0,0,0,0,0,0,0.0293862124353073,0,0.0303087548023494,0,0,0,0,0,0,0,0,0,0,0,0,3.51012209691783e-05,0.0183669522679577,0,0,0,0.000494612586725426,0,0,0,0,0.000228056531132319,0.00495181221175317,0,0,0,0,0,0.167521276081561,0,0,0,0,0,0,0,0,0,0,0.0015540530600269,0,0,0,0,0,0,0,0,0,0,0,0,0,0,1.63780517023003e-05,0.0155729293446944,0.000294548304925201,4.25547185829836e-06,0.0157438977039376,0,0
0,0.00208880797840295,0,0,0,0,0,0,0,0,0,0,0,0,0,0,0,0.0137146114842085,0,0.000154628882842822,0,0.00746747886675805,0,0.259242533606144,0,0.0316427139997854,0,0,0,0,0,0,0,0,0,0,0,0,0,0,0,0,0,0,0,0,0,0,0,0.00538019747753303,0,0,0,0,0,0,0,0.00368652632012013,0,0.0132809150233373,0,0.00300749303007717,5.49316211368442e-05,0,0.00132381107199263,0,0.0290065384422454,0,0,0,0.0355891769860594,0,0,0,0,0,0,0,0,0,0,0,0.000990465517285248,0,0.000129126313438539,0,0
0,0,0,0,0,0,0,0,0,0,0,0,0,0,0,0,0.0144328563790006,0,0,0,0,0,0.012358218097223,0,0,0,0.0309199210706595,0,0,0,0,0,0,0,0,0,0,0,0,0,0,0,0,0,0,0,0,0,0,0,0,0,0,0,0,0,0,0,0,0,0,0,0,0,0,7.75828210013776e-05,0,0,0,0,0,0,0,0,0,0,0,0,0,0,0,0,3.41420889984961e-05,0,0,0,0
0,0.000414475363700852,0,0.000345853012839741,0,6.01839263932438e-05,0,0,0,2.02771879042841e-05,0,0.0112827671065504,0,0.00125762652729394,0,0,0,0,1.22511480255195e-05,0.00140775247206463,0,0.00338724614825066,0,0,0,0,0,0.144981149545984,0,0.0410111922950244,0,0,0,0,0,0,0,0.0127507199506936,0,0.000102743978887128,0,0,0,0,0,5.17516872920395e-05,0,0,0,0.0151125510575139,0,0,0,0,0,7.75070978799667e-05,0,0.0548387666291874,0,0.0288350626983097,0,0.00092682120595153,0.00359131695361531,0,0.0119238545813741,0,0.000752556866410426,0,0.0355891769860594,0,0,0,0.000469965404862374,0,0,0,0,0,2.61625488883853e-05,0,0.00233837239924494,0,0.000965797481540271,0.00224361051457435,0.00615292777599961,0,0
0,0,0,0,0,0,0,0,0,0,0.0350754755598162,0,0,0,0,0,0.00399674094057089,0,0,0,0,0,0.0404496709172264,0,0,0,0,0,0.184139413041919,0,0.00396239594278284,0,0,0,0,0,0,0,8.8479292283963e-06,0,0,0,0,0,0,0,0,0,0.00338469755067328,0,0,0,0,0,0,0,0.0392614084244503,0,0,0,0,0,0,0,0,0.000167086640357137,0,0,0,0,0,0,0,0.0240631137046034,0,0,0,0,0,0,0,0.00368995039855612,0.00208121125238301,0.0015960213894096,0.0027549022145531,0,0
0,0.00745843320369079,0,0.0301342871621511,0,0.00110599952442912,0,0,0,0.0067635038073939,0,0.0001056524051819,0,0,0,0,0,0.00293816467205965,0.0115579970456168,0,0,0,0,0.000506522370902901,0,0,0,0.00296565368478175,0,0.0275959780429829,0,0,0,0,0,0,0,0.000989369539005157,0,0.000951858301086439,0,0.00330613992769694,0,0,0,0.000909804469833902,0,0,0,0.0246238906683545,0,2.96192640026204e-05,0,0,0,0.00852721973099061,0,0.0578813863564725,0,0.00397974965453919,0,0.00838683472633598,0.0228925032559048,0,0,0,0,0,0,0,0.000469965404862374,0,0,0,0,0,0,0,0.000138721953615836,0,0.00445164094702876,0,0.000757308542249623,0,0.0246714937484521,0.000556241836830897,0
0,0,0,0,0,0,0,0,0,0,0,0,0,0,0,0,0,0,0,0,0,0,0,0,0,0,0,0,0.00139549574658749,0,0.0351050346841665,0,0,0,0,0,0,0,0.00120398478948654,0,0,0,0.000334329470451193,0,0,0,0,0.00245084898797813,0.0236695946439226,0,0,0,0,0,0,0,0.0539803118061495,0,0,0,0,0,0,0.0129791816282579,0,0.00014755093636456,0,0,0,0,0,0.0240631137046034,0,0,0,0,0,0,0,0,0,0.0173437979345532,0.000454658016788367,0.000139891239302923,0.0635130540119644,0,0
0,0,0,0,0,0,0,0,0,0,0,0,0,0,0,0,0,0,0,0,0,0,0,0,0,0,0,0,0,0,0,0.0194396908363112,0.0671399741020236,0.00577827382759423,0.000490323548726435,0.00914644682327929,0,0,0,0.000147017949616912,0,0,0,0,0,0,0,0.0187691420179735,0.0220093657045159,0.0241880538874861,0,0,0,0,0,0,0,0,0,0,0,0,0,0,0,0,0,0,0,0,0,0,0,0,0,0.0285899311174588,0.0189486137500378,0.00946614889026213,0.000765717959664162,2.55437682979798e-05,0,0,8.55352028927077e-05,0,0,0,0
0,0,0,0,0,0,0,0,0,0,0,0,0,0,0,0,0,0,0,0,0,0,0,0,0,0,0,0,0,0,0,0.0376136071891155,0.166532333834787,0,0.000936765199195122,0.000177093331302955,0.00788796113548734,0,0,0,0.000199082827733682,0,0,0,0,0,0,0.0179467470965121,0.00280096040461224,1.188468637711e-05,0,0,0,0,0,0,0,0,0,0,0,0,0,0,0,0,0,0,0,0,0,0,0,0,0.0285899311174588,0,0.00202175385369269,0.0128418067769746,0.000111651499435353,0.000133604412079117,0,0,0.00186962307492972,0,0,0,0
0,0,0,0,0,0,0,0,0,0,0,0,0,0,0,0,0,0,0,0,0,0,0,0,0,0,0,0,0,0,0,0.0263298651066086,0.00532676248646531,0.475059688023042,0.419561058539069,0.0156615408371554,0,0.0346387728270829,0,0,0,0,0,0,0,0,0,0.0176791085356757,0.000358701070170862,0.000299077877228455,0,0,0,0,0,0,0,0,0,0,0,0,0,0,0,0,0,0,0,0,0,0,0,0,0.0189486137500378,0.00202175385369269,0,0.197599836206905,0.00376567042425755,0,0.000964680832798569,3.71670374642011e-05,0.000506216073615216,0,3.05406850144974e-05,0,0
0,0,0,0,0,0,0,0,0,0,0,0,0,0,0,0,0,0,0,0,0,0,0,0,0,0,0,0,0,0,0,0.00294194306421552,0.0198098846765112,0.329877179694539,0.405147244299118,0,0.00866290829497807,0.00114578485161569,0.000776260151542413,0,0,0,0,0,0,0,0,0.0487088774893565,0.00182206090926066,0.000244011361827908,0,0,0,0,0,0,0,0,0,0,0,0,0,0,0,0,0,0,0,0,0,0,0,0,0.00946614889026213,0.0128418067769746,0.197599836206905,0,0.000260280982400004,0,0.00249021319740765,0.00274488209711386,0.00137048627805956,0,0,0,0
0,0.000939765471140682,0,0.000534427496216448,0,2.84101800460312e-05,0,0,0,0.000117800988409118,0,6.29766037749905e-06,0,0,0,0,0,0.000394877352299437,0.0180526779526771,0.00122276356612366,0,0,0,1.3389569210853e-05,0,0,0,0,0,0,0,0.00456356812060245,0.00235403482226893,0.000338212684034508,0.000622178226996256,0.155281897375868,0.0284924158178047,0.00624570971144307,0,0.0211306277904765,0,0.00869417563564466,0,0.00129444445724607,1.42763421362348e-06,0.0238582546338713,8.28080273942576e-06,0.0154184240389162,0.00121251132312377,0.00359612239465794,0,0,0,0,0,4.59706200163494e-05,0,0.000416623238067164,0,4.83527935830623e-05,0,2.02778432323628e-05,0.00193372105379098,0,0,0,5.1429821401236e-06,0,0,0,2.61625488883853e-05,0,0.000138721953615836,0,0.000765717959664162,0.000111651499435353,0.00376567042425755,0.000260280982400004,0,0.0126939780026424,0.00448475296439303,0,0.0140064739851886,0.000539969423188998,0.0210558577983826,0.00157710261717819,0
