0,0.00221594025126513,0.0313801826948918,0.00020485391167447,0,0,0,0,0.105427449061663,0.00167317187017185,0,0,0,0,0.0130229946624786,0.000531404991800877,0.0138962397732284,0.00433764592349271,0.0215006107870017,0,0,0,0,0,0,0,0.000131321704731307,0,0,0,0,0,0,0,0,1.51836384921726e-05,0,0,0,0,0,2.27649663887221e-05,0.00231300326487704,0.00109600647479742,0.00203017561116099,0,0,0,0.00223713908504025,0.000230224623503118,0,0,0,0,0.154585667663329,6.57861592893451e-05,0,0,0,0,0.0183827179863548,0,0,4.90653281161801e-05,0,0,0,4.91320282499032e-05,0,0.00293601854046802,0,0,0,0,0,0,0,0,2.43412742369613e-05,0,0,0,0.00184546618309104,8.4624056322815e-05,0.0068668810572385,0,0.000763775861844077
0.00221594025126513,0,0.000284149318967142,0.0120405782429331,0,0,0,0,0.000622038785937041,0.10748531596172,0,0,0,0,0,0.00663274270607643,0.000687521956307032,0.00780165823176873,0.00628322339479282,0,0,0,0,0,0,0,0,0,0,0,0,0,0,0,0,0,0,0,0,0,0,0.00233409139913822,0,0.00142250615144171,9.71878019441399e-05,0,0,0,0.00013044544868038,0.000319796410588654,0,0,0,0,0.00143902699969447,0.0519422157419919,0,6.10239840170834e-05,0,0,0.000665964982076162,0.00524667903710751,0,0,0,0,0.00164232076830722,0,0,0,0,0,0,0,0,0,0,0,0,0,0,0,0.00144764815335146,3.34106485065027e-05,0.00143828948351068,0.0143982493338583,0
0.0313801826948918,0.000284149318967142,0,0.000245306049211065,0,0,0,0,0.0228072035288058,0.000949858359385158,0,0,0,0,0.00117611606215053,0,0.00315739864743435,0.0013617087011939,0.00488239741257395,0,0,0,0,0,0,0,4.08793172764535e-05,0,0,0,0,0,0,0.000255005709719411,0,0,0,0,0,0,0,0,0.000250890368064319,0.000379544620939854,0.000487220955469197,0,0.00037393630043195,0,0.00730388427257039,0,0,0,0,0,0.036624911957841,0,0,0,0,0,0.00122386334037518,4.86837518739059e-05,0,0.00458312963348024,0,0,0,0,0,0.00034138256112775,0,0,0,0,0,0,0,0,1.00357334487252e-05,0.000114935171385294,0,0,0.000519864119207235,4.07755838894619e-06,0.0125258927902949,0.00010748313677989,0.00167906139331363
0.00020485391167447,0.0120405782429331,0.000245306049211065,0,0,0,0,0,5.03331491908277e-05,0.0709953659011377,0,0,0,0,0,0.00313882853121184,0.000232442378787254,0.00266162546969218,0.00262101961230945,0,0,0,0,0,0,0,0,0,0,0,0,0,0,0,0,2.17790875163028e-06,0,0,0,0,0,0.000965551456387963,0,0,0,0.000909590247989257,0,0,0,0.0103358718834773,0,0,0,0,0,0.0293777027805684,0,0,0,0,4.96268821432934e-05,0.00206920848739223,0.000262113573885433,0,0,0,0,0,0,0,0,0,0,0,0,0,0,0,1.86036781461338e-05,0,0,0,0.00121590345646488,3.35142848200782e-05,0.00505284004858592,0.00286484285029524,0
0,0,0,0,0,0,0,0,0,0,0,0,0,0,0,0,0,0,0,0,0,0,0,0,0,0,0,0,0,0,0,0,0,0,0,0,0,0,0,0,0,0,0,0,0,0,0,0,0,0,0,0,0,0,0,0,0,0,0,0,0,0,0,0,0,0,0,0,0,0,0,0,0,0,0,0,0,0,0,0,0,0,0,0,0,0,0
0,0,0,0,0,0,0,0,0,0.00347437844680701,0,0,0,0,0,0,0,0,0.000106502505113566,0.00160983437919274,0,0,0,0,0,0,0,0,0,0,0,0,0,0,0,0,0,0,0,0,0,0,0,0,0,0,0,0,0,0,0,0,0,0,0.000283884710154364,0.000495839720746081,0,0,0,0,0,0,0,0,0,0,0,0,0,0,0,0,0,0,0,0,0,0,0,0,0,0,0.000180138403225904,2.79621520806828e-05,0,0,0
0,0,0,0,0,0,0,0,0,0,0,0,0,0,0,0,0,0,0,0,0.000997238866348345,0,0,0,0,0,0,0,0,0,0,0,0,0,0,0,0,0,0,0,0,0,0,0,0,0,0,0,0,0,0,0,0,0,0,0,0,0,0,0,0,0,0,0,0,0,0,0,0,0,0,0,0,0,0,0,0,0,0,0,0,0,0.000162854324071281,0,0,0,0
0,0,0,0,0,0,0,0,0,0,0,0,0,0,0,0,0,0,0,0,0,0,0,0,0,0,0,0,0,0,0,0,0,0,0,0,0,0,0,0,0,0,0,0,0,0,0,0,0,0,0,0,0,0,0,0,0,0,0,0,0,0,0,0,0,0,0,0,0,0,0,0,0,0,0,0,0,0,0,0,0,0,0,0,0,0,0
0.105427449061663,0.000622038785937041,0.0228072035288058,5.03331491908277e-05,0,0,0,0,0,0.00200151127751373,0,0,0,0,0.120756771249688,0.000220682929530127,0.0228294775160848,0.00272381744368708,0.0132719612296973,0,0,0,0,0,0.00408843896764495,0,0.00022875167042925,0,0,0,0,0,0,0,0,3.14291102998044e-05,2.97896737039288e-06,3.8982996292407e-06,0.000376890402230301,0.000105630348017487,2.36361958727942e-05,0.000165610780445597,0.00347458066476202,0.000949148462,0.00205288582209278,0,0,0,0.000830136889846144,0,0,0,0,0,0.191533443603583,0,0,0,0,0,0.0903372692742009,7.79157862652868e-05,0,0,0,0,0,0.0187077480430644,0,0.000935529811175867,0,0,0,0,0,0,0,0,4.29467862078696e-05,6.78753680074086e-06,6.05430987774198e-06,0.00106916135904173,0.0119814713367111,0.00421379910884603,0.00428312416445013,0,0.00535354411888148
0.00167317187017185,0.10748531596172,0.000949858359385158,0.0709953659011377,0,0.00347437844680701,0,0,0.00200151127751373,0,0,0,0,0,0,0.0965797450818981,0.00178545918659427,0.036721529321413,0.0119580344558813,0,0,0,0,0.0076950470337788,0,0.000862311375793695,0,0,0,0,0,0,0,0,0,1.91931005682713e-06,0,0.000450513311067512,0,0,0,0.000990491999694527,0,0.00118377842904467,0.00288466406133991,0,0,0,0,0.00327679074079234,0,0,0,0,0.00119212333877967,0.154626314116282,0,0,0,0,0.000246036854315389,0.06346274179011,0,0,0,0,0.0200010857673154,0,0.000537421002952267,0,0,0,0,0,0,0,0,0,0,0,0.000274476519188755,0,0.00864926559634984,0.00413355481249811,0.0049833710973389,0.00164311597156936,0
0,0,0,0,0,0,0,0,0,0,0,0,0,0,0,0,0,0,0,0,0.0105230725732643,0,0,0,0,0,0,0,8.08570875960868e-05,0,0.000259958334192493,0,0,0,0,0,6.69562370628061e-05,0,0.00580448526472475,0,0,0,0,0,0,0,1.33378752235148e-05,0,4.67503351999927e-05,0,0,0,0,0,0,0,0.0227394344752085,0,0.000779868608162793,0,0,0,0,0.00287172004852392,0,0,0,0,0,0,0,0,0,0.00142311212207386,0,0,0,0,0,0,0,0.00105880148703717,0.000199685780797312,0,0,0,0
0,0,0,0,0,0,0,0,0,0,0,0,0,0.000255868999130337,0,0,0,0,6.50513286245581e-06,0.0022036628068306,0,0,0,0,0,0,0,0.00021286951088265,0,0.0106478573587618,0,0,0,0,0,0.000168865682272399,0,0.000159400773199375,0,5.60881283144256e-05,0,2.1500762529564e-05,0,0,0,0.000514386217833412,0,0,0,0.00017563903819671,0,0,0,0,0,0,0,0.035389121261145,0,0.000392157225093841,0,0,0.00805224307731131,0,0,0,0,0,0,0,0.000103951619865371,0,0.00957527209968239,0,0,0,0,0,3.38548421543922e-05,0,0.00168560056098524,0,0.000645541487894013,1.00391025625868e-05,9.61022998544194e-05,6.986031840784e-05,0
0,0,0,0,0,0,0,0,0,0,0,0,0,0,0.0078824307839846,0,0.000107773874950629,0,0,0,0,0,0,0,0,0,0,0,0,0,0,0,0,0,0,0,0,0,0,0,0,0,0,0,0,0,0,0,0,0,0,0,0,0,0,0,0,0,0.000842198307797028,0,0.00327674524466503,0,0,0,0,0,0,0,0,0,0,0,0,0,0,0,0,0,0,0,0,0,0.000188028892800953,0,0,0,0
0,0,0,0,0,0,0,0,0,0,0,0.000255868999130337,0,0,0,0.0196810925786425,0,2.45197975882127e-05,0,0,0,0,0,0,0,0.000367514777809108,0,0,0,0,0,0,0,0,0,0,0,0,0,0,0,0,0,0,0,0,0,0,0,0,0,0,0,0,0,0,0,0,0,0.00603862566498777,0,0.00394983278260817,0,0,0,0,0,0,4.15176382622335e-05,0,0.000157422672097045,0,0,0,0,0,0,0,0,0,0,0,0.000232155652433856,0.000274192390918077,0,0,0
0.0130229946624786,0,0.00117611606215053,0,0,0,0,0,0.120756771249688,0,0,0,0.0078824307839846,0,0,0,0.0148641749169702,0.00046316773041084,0.000658538140661575,0,0,0,0,0,0,0,0,0,0,0,0,0,0,0,0,0,0,0,0,0,0,0,0,0,0,0,0,0,3.003708531908e-05,0,0,0,0,0,0.0517195783984838,0,0,0,0.00246337994227569,0,0.331353026817294,0,0,0,0,0,0,0,0,0.000244848845902118,0,0,0,0,0,0,0,0,0,0,0,0,0.00319117212704816,0.00170216470192149,5.01147394766331e-05,0,0
0.000531404991800877,0.00663274270607643,0,0.00313882853121184,0,0,0,0,0.000220682929530127,0.0965797450818981,0,0,0,0.0196810925786425,0,0,0.00032804374616148,0.020832529982643,0.000549139842659675,0,0,0,0,0,0,0.00155627943880178,0,0,0,0,0,0,0,0,0,0,0,0,0,0,0,0,0,0,0,0,0,0,0,0.000216210984660712,0,0,0,0,0.000406077305254229,0.0165925100345395,0,0,0,0,0,0.150855971722616,0,0,0,0,0,0,0.00691223460808859,0,0,0,0,0,0,0,0,0,0,0,0,0,0.00421334932206741,0.00383371360504341,0.00011687167870909,0,0
0.0138962397732284,0.000687521956307032,0.00315739864743435,0.000232442378787254,0,0,0,0,0.0228294775160848,0.00178545918659427,0,0,0.000107773874950629,0,0.0148641749169702,0.00032804374616148,0,0.0421636558527244,0.0657591035958102,0,0,0,6.55288597679273e-05,0,0,0,0.000508597774204518,0,0,0,0,0,0,0,3.16525390355618e-05,2.26531115728841e-05,7.86855671193484e-06,2.06571335013733e-05,1.04496045702969e-05,2.93146491462846e-05,1.04592922860143e-05,0.000177420458803563,0.00171068414256498,0.000147675902545343,0.000414773278789984,0,0,0,0.000418774653615133,1.70729175370349e-05,0,0,0,0,0.0179334014623824,0.000305939378977051,0,2.48727331448066e-05,0,0,0.00989822715801933,0,0,0,0,8.31587970974806e-06,0,0,0,0.00194612930902763,0,0,0,0,0,0,0,3.196252008778e-06,3.0121470277893e-05,3.33154274990029e-05,2.11344559412575e-05,4.2270443435736e-05,0.0103577972997046,0.00232121418239348,0.00124908430084226,0,3.74847478010812e-05
0.00433764592349271,0.00780165823176873,0.0013617087011939,0.00266162546969218,0,0,0,0,0.00272381744368708,0.036721529321413,0,0,0,2.45197975882127e-05,0.00046316773041084,0.020832529982643,0.0421636558527244,0,0.072554175744527,0,0,0.00129407225777043,0,7.5735216637657e-05,0,0.00230986343727285,6.51362222575344e-06,0,0,0,0,4.06665856881347e-06,0,0,0,1.69088729294535e-05,0,0,0,1.98665872216602e-05,1.71350715163842e-05,7.97600433764689e-05,0.000172693690187686,0.000109590202115711,0.000350113712340084,1.02112049312169e-05,2.27223438058403e-06,0,0.000270743617110419,0.000115033150765151,0,0,0,0,0.00163392428388044,0.0123020167489688,0,0,0,0,0.000146821553957432,0.0116585282363069,0,0,0.00036804657985068,0,0,0,0.000766896400364989,3.88876807172093e-05,0,0,0,0,0,0,0,0,7.39349776594789e-06,5.30772653008682e-06,1.18958933803924e-05,1.73722006008745e-06,0.02393530199735,0.018189882229524,0.00109660452904595,9.45989026098431e-06,0
0.0215006107870017,0.00628322339479282,0.00488239741257395,0.00262101961230945,0,0.000106502505113566,0,0,0.0132719612296973,0.0119580344558813,0,6.50513286245581e-06,0,0,0.000658538140661575,0.000549139842659675,0.0657591035958102,0.072554175744527,0,0,0,0,0,0,0,0,4.42634075020296e-05,0,0,0,0,0.000338588240758876,0,0.000219665171194939,0.000305823157771077,0.00156721325024485,0.000202587707832866,0.000176191364212886,0.000249670695871653,0.00199243638978635,0.000278766435501094,0.0383626079208407,0.0474458904336491,0.00241484360230925,0.00896797649421408,0.000494841730581974,0.000245384553281551,0.000404517837327189,0.00244183309522317,0.00154537614239596,0,0,0,0,0.00618487822814771,0.00199606800578071,1.41880192942735e-05,0.000229853437471168,0,0,0.000478726404918393,0.00121179258779651,7.29469449251043e-05,5.52957466824785e-05,0,0,0,0,0,0.000133008289783746,3.72029096756577e-05,0,0.000527927386649998,7.01473702185525e-05,0,4.98720607709067e-06,0.000365607015295972,0.000124140476975999,0.00175479277939838,0.00105245794043486,0.00258474980062298,0.00141218615561023,0.0282652009566495,0.0109191787799286,0.0106546498070852,0.00411202658860101,0.00128833644926315
0,0,0,0,0,0.00160983437919274,0,0,0,0,0,0.0022036628068306,0,0,0,0,0,0,0,0,0,0,0,0,0,0,0,0,0,8.09342231683965e-05,0,5.34783362899507e-05,0,0.00022409219810557,0,0.00302647361501312,0,0.00280460041802623,0,0.000186872453527104,0,4.31918509879679e-05,0,0,0,0.00239161131608789,0,1.57149841985749e-05,0,0.000108111028011959,0,0,0,0,0,0,0,0.0235312162549135,0,0,0,0,0.0443996697874801,0,0,0,0,0,0,0,0.00100290416679873,0,0.025537032117777,0,1.18545347256272e-05,0,3.55104233124872e-05,0,0.00110178534468853,0,0.00851397092181609,0,0.000274548346315911,0,0.000308786163514029,0,0
0,0,0,0,0,0,0.000997238866348345,0,0,0,0.0105230725732643,0,0,0,0,0,0,0,0,0,0,0,0,0,0,0,0,0,0,0,0,0,9.54729987751137e-05,0,3.61254029839434e-05,0,0.000135438242286426,0,0.00101134700709968,0,4.6034739237537e-05,0,1.77621447835563e-05,0,0,0,0.0130796098326765,4.58193682614911e-05,0.00104970009561482,0,0,0,0,0,0,0,0.02752107461332,0,0,0,0,0,0,0.089602687756178,0,0,0,0,0,0,0,0,0,0.0199076169218209,0,0.000171247109545271,0,0.000296474400389598,0,0.00108856932521613,0,0.0137677255179109,0.000109370174434354,0,0.00144024578217349,0,0
0,0,0,0,0,0,0,0,0,0,0,0,0,0,0,0,0,0.00129407225777043,0,0,0,0,0.000918262612125837,0.00272185928186947,0,0.0026678834193701,0,0.00270096099626907,0,0,0,0,0,3.62915670951147e-06,0,0,0,0.00546618116290205,0,0,0,0,0,0,0,0,0,0,0,0.000859849285671808,0,0,0,0,0,0,0,0,0,0,0,0,0,0,0.0514779288662627,0,0.000434433919277112,0,0.00308281741957431,0,0.00199346823763518,0,0,0,0,0,0,0,0,0,0.00125944583450624,0,0.00101470919750846,0.000165468386258047,0,0,0
0,0,0,0,0,0,0,0,0,0,0,0,0,0,0,0,6.55288597679273e-05,0,0,0,0,0.000918262612125837,0,0,0.00349052001912848,0,0.00115159836065334,0,0.000833976181302966,0,0,0,0,0,0,0,0,0,0.00581042489404415,0,0,0,0,0,0,0,0,0,0.0001549288256675,0,0,0,0,0,0,0,0,0,0,0,0,0,0,0,0,0.0511930638199784,0,0.00314323943065461,0,0.00145335828662509,0,0.00360261779629065,0,0,0,0,0,0,0,0,0,0.00309431431294393,0.00143729681066557,7.04512498721973e-05,0,0,0
0,0,0,0,0,0,0,0,0,0.0076950470337788,0,0,0,0,0,0,0,7.5735216637657e-05,0,0,0,0.00272185928186947,0,0,0,0.0295126072366917,0,0,0,0,0,0,0,0,0,0,0,0.00241767656382905,0,0,0,0.00180521361757186,0,0,0,0,0,0,0,0.0025362509112339,0,0,0,0,0,0.00252711389654871,0,0,0,0,0,0,0,0,0.00317569643235637,0,0.0965985431992792,0,0.058316830861928,0,0.0002385700592958,0,0,0,0,0,0,0,0,0,0.00264652797410722,0,0.000536553490421066,0,0.000886804398661492,0.00063915216878618,0
0,0,0,0,0,0,0,0,0.00408843896764495,0,0,0,0,0,0,0,0,0,0,0,0,0,0.00349052001912848,0,0,0,0.00887769461995366,0,0,0,0,0,0,0,0,0,0,0,0.00307733777786672,0,0,0,0.00105027668004529,0,0,0,0,0,0,0,0,0,0,0,0.004298666542143,0,0,0,0,0,0,0,0,0,0,0.00766448535767454,0,0.117769269614682,0,0.019431495278625,0,0,0,0,0,0,0,0,0,0,0,0.00686596511425373,0.000256528614751676,1.48276384396041e-06,0.000179612091661496,0,0.000993425291559497
0,0,0,0,0,0,0,0,0,0.000862311375793695,0,0,0,0.000367514777809108,0,0.00155627943880178,0,0.00230986343727285,0,0,0,0.0026678834193701,0,0.0295126072366917,0,0,0,0.00301371471158197,0,0,0,0,0,0,0,0,0,0.000241388549154501,0,0,0,1.95737782126125e-05,0,0,0,0,0,0,0,0.00136742125202793,0,0,0,0,0,0.00159179384203296,0,0,0,0,0,9.64833088319683e-05,0,0,0.0119873750758775,0,0.0316730633323205,0,0.157341932688964,0,0.00458138148523798,0,0,0,0,0,0,0,0,0,0.000201845603106938,0,0.000319148713655072,0,0.000103195455456602,0,0
0.000131321704731307,0,4.08793172764535e-05,0,0,0,0,0,0.00022875167042925,0,0,0,0,0,0,0,0.000508597774204518,6.51362222575344e-06,4.42634075020296e-05,0,0,0,0.00115159836065334,0,0.00887769461995366,0,0,0,0.000477359311906651,0,0,0,0,0,0,0,0,0,1.58499649496645e-05,0,0,0,0,0,0,0,0,0,0,0,0,0,0,0,0.000344393851738111,0,0,0,0,0,0.00095998744711202,0,0,0,0,0.00136683339577093,0,0.00106762312712628,0,0.0647002825141355,0,0.00111491780915318,0,0,0,0,0,0,0,0,0,3.99537463730801e-06,0.000346796669336114,0,3.41410765087997e-05,0,0
0,0,0,0,0,0,0,0,0,0,0,0.00021286951088265,0,0,0,0,0,0,0,0,0,0.00270096099626907,0,0,0,0.00301371471158197,0,0,0,0.00688023937388089,0,0,0,0,0,0,0,0.000130411124115223,0,0,0,0,0,0,0,0,0,0,0,0,0,0,0,0,0,0,0,0.00020252596668858,0,0,0,0,0,0,0.00218156548071163,0,0,0,0.00153069543650755,0,0.0375664081273392,0,0,0,0,0,0,0,0,0,2.26601587769007e-05,0,0.000254311767261981,0,0,0,0
0,0,0,0,0,0,0,0,0,0,8.08570875960868e-05,0,0,0,0,0,0,0,0,0,0,0,0.000833976181302966,0,0,0,0.000477359311906651,0,0,0,0.00138212930239576,0,0,0,0,0,0,0,0.000366754250453107,0,0,0,0,0,0,0,0,0,0,0,0,0,0,0,0,0,0,0,0,0,0,0,0,0,0,1.03427519325811e-05,0,0,0,0.000368707562561818,0,0.0350287093408052,0,0,0,0,0,0,0,0,0,2.20975812138783e-06,5.15639601905047e-05,0,0,0,0
0,0,0,0,0,0,0,0,0,0,0,0.0106478573587618,0,0,0,0,0,0,0,8.09342231683965e-05,0,0,0,0,0,0,0,0.00688023937388089,0,0,0,0,0,0,0,0,0,0.000982216343220141,0,0,0,0,0,0,0,0,0,0,0,0,0,0,0,0,0,0,0,0.0196413239624723,0,0,0,0,4.02415377710449e-05,0,0,0,0,0,0,0,0.00635626018282732,0,0.0258999353648659,0,0,0,0,0,7.45534460741255e-07,0,0.000183026140778878,0,4.11149004243332e-05,0,0,0,0
0,0,0,0,0,0,0,0,0,0,0.000259958334192493,0,0,0,0,0,0,0,0,0,0,0,0,0,0,0,0,0,0.00138212930239576,0,0,0,0,0,0,0,0,0,0.00200394655043297,0,0,0,0,0,0,0,0,0,0,0,0,0,0,0,0,0,0.000924630084057134,0,0,0,0,0,0,0,0,0,0,0,0,0,0,0,0,0.0419763224051112,0,0,0,0,0,0,0,0.00250955061984983,0,0,0,0,0
0,0,0,0,0,0,0,0,0,0,0,0,0,0,0,0,0,4.06665856881347e-06,0.000338588240758876,5.34783362899507e-05,0,0,0,0,0,0,0,0,0,0,0,0,0.00206890253356994,0.00513365918764627,0.00138688193672822,0.000407922398801642,0,3.96454247169943e-05,0,0.00532380746335275,0.000304524039449583,0.00255686539596854,0,0,0,0.00464914041582496,0.000165140059490848,0.00550711233421576,0.00391771102104344,0.0134457257124168,0,0,0,0,0,0,5.38922165313374e-05,0.000277934405738039,0,0,0,0,4.85437521915938e-05,0,0,0,0,0,0,0,1.8515942702173e-05,0,0.000722720019653179,0,0.0277512780320682,0,0.00123413283359158,0,0.00203345601338115,1.42180424993657e-05,0.000108220861129852,0,0.000644735408144335,0,0.00455708356958299,7.9759038606581e-05,0
0,0,0,0,0,0,0,0,0,0,0,0,0,0,0,0,0,0,0,0,9.54729987751137e-05,0,0,0,0,0,0,0,0,0,0,0.00206890253356994,0,0.000190688448858305,0.00810607856813745,0.000384782538738951,0.00161183613979561,0,1.63712760984719e-06,0,0.00146138184051957,0,0.000455074993930558,0,0,0,0.00345788019644614,0.00113941340833217,0.00637670913436895,0,0,0,0,0,0,0,0.000213184024720502,0,0,0,0,0,0,0.000281969863491285,0,0,0,0,0,0,0,0,0,0,0.0123954064219866,0.0193118315085711,0,0.00546191331030904,0.00089036665976931,0.000887281392006258,0,3.70681082233848e-05,0.000167802014034406,0,0.0034097478373155,0,0
0,0,0.000255005709719411,0,0,0,0,0,0,0,0,0,0,0,0,0,0,0,0.000219665171194939,0.00022409219810557,0,3.62915670951147e-06,0,0,0,0,0,0,0,0,0,0.00513365918764627,0.000190688448858305,0,0.0712153164404617,0.0122285327096204,0.00242189933994852,0.0087348711401244,0.000380260112668743,0.00197954108466448,0.000107979264168112,0.00947010031137212,0.00124321274197968,0.000204334640167479,0,0.00793149014710788,0.000139394978848388,0.0663585936646534,0.00059801785845675,0.0133887931441537,0,0,0,0,0,0,0,0.000763961670387191,0,0,0,0,0.000278492084891906,0,0,0,0,0,0,0,5.5731988425643e-05,0,0.0016544974587267,0,0.00425866557042531,0,0.435354318590137,0.0733889668899802,0.00906519761823344,0.00051971702368686,0.0247948294920049,0.000144603351144998,0.00380623471293896,0.000207701170585382,0.00696319310620722,0,0
0,0,0,0,0,0,0,0,0,0,0,0,0,0,0,0,3.16525390355618e-05,0,0.000305823157771077,0,3.61254029839434e-05,0,0,0,0,0,0,0,0,0,0,0.00138688193672822,0.00810607856813745,0.0712153164404617,0,0.000602186563467732,0.0150534729960063,0.000107217704815141,0.00845680505900259,0,0.000937611542128293,8.14411323811332e-05,0.00874051839097603,0,0,0,0.00196452315405598,0.0595788255626315,0.00648883818215468,0,0,0,0,0,0,0,0.000127876974249587,0,0,0,0,0,0,0.000355479842822882,0,0,0,0,0,0,0,0,0,3.86299971051737e-05,0.000296877144719048,0.000641370453886869,0.00914615487774473,0.458551672556305,0.000493017494681016,0.00559030653507456,1.01152729002171e-05,0.00877410875213454,0.00552827839627653,6.9785897283337e-05,0.00643270346012065,0,0.000700957179248954
1.51836384921726e-05,0,0,2.17790875163028e-06,0,0,0,0,3.14291102998044e-05,1.91931005682713e-06,0,0.000168865682272399,0,0,0,0,2.26531115728841e-05,1.69088729294535e-05,0.00156721325024485,0.00302647361501312,0,0,0,0,0,0,0,0,0,0,0,0.000407922398801642,0.000384782538738951,0.0122285327096204,0.000602186563467732,0,0.000933089248631088,0.00884920708458008,0,0.000537217804062459,0,0.00797332401934324,0.000114417588175004,0.00182452499226053,8.70708322606961e-05,0.000993336694552864,0,0.00155690454732779,0,0.00223798463015072,0,0,0,0,3.40272858138235e-06,0,0,0.000172002733050142,0,0,0,5.99006312975098e-06,0.00139492633089205,0,0,0,0,0,0,0,4.23347660282159e-05,0,0.000413368239682032,0,0.000429716699254678,0,0.00856056375056817,7.51214873193973e-06,0.0346270732316157,2.61150105378562e-05,0.00815593367278434,0,0.00504110289720475,0.000180356317645792,0.00127378655913835,0.00072781675263696,0
0,0,0,0,0,0,0,0,2.97896737039288e-06,0,6.69562370628061e-05,0,0,0,0,0,7.86855671193484e-06,0,0.000202587707832866,0,0.000135438242286426,0,0,0,0,0,0,0,0,0,0,0,0.00161183613979561,0.00242189933994852,0.0150534729960063,0.000933089248631088,0,0,0.0102586392594656,0,1.77035271027759e-05,3.89012435404799e-06,0.0060117367449966,4.2082616912102e-06,9.9819335095285e-05,0,0.000619982227804001,0.000210621552555375,0.00126102507368033,0,0,0,0,0,0,0,5.03851916496951e-06,0,0,0,0,0,0,0.000374362990127779,0,0,0,0,0,0,0,0,0,1.11981283002612e-05,0,0.000315083414348477,0.000524790638134262,0.00501009162171244,5.28246059232257e-05,0.0343842513023224,0,0.00787764989472011,0.00514151678141961,0.00029120674170692,0.000634661773504947,0,9.76123231139026e-05
0,0,0,0,0,0,0,0,3.8982996292407e-06,0.000450513311067512,0,0.000159400773199375,0,0,0,0,2.06571335013733e-05,0,0.000176191364212886,0.00280460041802623,0,0.00546618116290205,0,0.00241767656382905,0,0.000241388549154501,0,0.000130411124115223,0,0.000982216343220141,0,3.96454247169943e-05,0,0.0087348711401244,0.000107217704815141,0.00884920708458008,0,0,0.00078916048224545,0.00011270669664308,0,0.00224798317480442,4.75014436856558e-06,0.000118538125842032,5.56791727542976e-06,9.17017821270362e-05,0,0.0134892190151866,0,0.00535575120386282,0,0,0,0,0,0.0001841222349289,0,5.54069170983587e-05,0,0,0,0,0.00165396969257072,0,0.00216610808900202,0,0.00280739891942662,0,0.00138744155140307,0,0.00081229172222398,0,0.000311734269402778,0,6.70250648476508e-06,0,0.00414987238618719,0,0.00292912188737259,0,0.0990861825478614,0.000395165260255919,0.00301909325616083,0.000143882012502595,0.00198908567385919,0.000669768835027912,0
0,0,0,0,0,0,0,0,0.000376890402230301,0,0.00580448526472475,0,0,0,0,0,1.04496045702969e-05,0,0.000249670695871653,0,0.00101134700709968,0,0.00581042489404415,0,0.00307733777786672,0,1.58499649496645e-05,0,0.000366754250453107,0,0.00200394655043297,0,1.63712760984719e-06,0.000380260112668743,0.00845680505900259,0,0.0102586392594656,0.00078916048224545,0,0,1.39196984044043e-05,0,0.00401259516012105,0,0,0,0.000452689328062362,0.0113595996529951,0.000998370797149938,0,0,0,0,0,2.9837818345734e-05,0,0.000181479278735188,0,0,0,0,0,0,0.000330800979575372,0,0.0035340876117153,0,0.00782587242276165,0,0,0,0.00020217836935702,0,0.000109594188676562,0,1.91783840789244e-06,0,0.00186008454612653,0,0.00393426922161281,0,0.0978223094263715,0.00481161978982312,0.00132180980680018,0.00195223454332144,0,0.000303850132546255
0,0,0,0,0,0,0,0,0.000105630348017487,0,0,5.60881283144256e-05,0,0,0,0,2.93146491462846e-05,1.98665872216602e-05,0.00199243638978635,0.000186872453527104,0,0,0,0,0,0,0,0,0,0,0,0.00532380746335275,0,0.00197954108466448,0,0.000537217804062459,0,0.00011270669664308,0,0,0,0.0144915572536008,4.89637979562295e-05,0.00471596311610292,0.000447029396120712,0.0296358870232183,0,0.0137132877539155,0,0.00551649446685412,0,0,0,0,0,0,0,0.000585382503806159,0,0,0,0,0.0102155844719897,0,0,0,0,0,0,0,2.25148152089832e-05,0,0.00131381405605677,0,0.00554656237046673,0,0.00196994642279052,0,0.00557791110577349,0,0.00112830508425732,0,5.56530995561116e-05,6.34331582801699e-05,0.00227735649311949,0.00078627585896367,0
0,0,0,0,0,0,0,0,2.36361958727942e-05,0,0,0,0,0,0,0,1.04592922860143e-05,1.71350715163842e-05,0.000278766435501094,0,4.6034739237537e-05,0,0,0,0,0,0,0,0,0,0,0.000304524039449583,0.00146138184051957,0.000107979264168112,0.000937611542128293,0,1.77035271027759e-05,0,1.39196984044043e-05,0,0,0,0.00160158756770702,0,0,0,0.0467943100268017,0.00513483855489152,0.00727160108073938,0,0,0,0,0,0,0,8.0020364643352e-05,0,0,0,0,0,0,0.0136304203215304,0,0,0,0,0,0,0,0,0,0.000226656033201858,0,0.0236240157107862,0,0.00102148660176498,0,0.00697280926630217,0,0.000148133881764256,2.59431542462274e-05,0,0.00167342183458484,0,4.94419339856426e-05
2.27649663887221e-05,0.00233409139913822,0,0.000965551456387963,0,0,0,0,0.000165610780445597,0.000990491999694527,0,2.1500762529564e-05,0,0,0,0,0.000177420458803563,7.97600433764689e-05,0.0383626079208407,4.31918509879679e-05,0,0,0,0.00180521361757186,0,1.95737782126125e-05,0,0,0,0,0,0.00255686539596854,0,0.00947010031137212,8.14411323811332e-05,0.00797332401934324,3.89012435404799e-06,0.00224798317480442,0,0.0144915572536008,0,0,0.00176670333229931,0.00722348294686206,0.00072021925441678,0.0100618923736773,6.50613777906505e-06,0.0212021051043448,3.73917393473053e-05,0.0859747966244208,0,0,0,0,0,0,0,0.00588904089392148,0,0,0,0,0.00325603890599327,0,0,0,0.00498198007179005,0,0.000137163934218107,0,0.000791222638015106,0,0.00944832945565952,0,0.00146359722442302,0,0.0115994444724867,0,0.0127003045970164,1.75284273394966e-05,0.0252988503820952,0,0.00289606530051201,0.000319609195431225,0.0706285417989045,0.0940618720490948,0
0.00231300326487704,0,0.000250890368064319,0,0,0,0,0,0.00347458066476202,0,0,0,0,0,0,0,0.00171068414256498,0.000172693690187686,0.0474458904336491,0,1.77621447835563e-05,0,0,0,0.00105027668004529,0,0,0,0,0,0,0,0.000455074993930558,0.00124321274197968,0.00874051839097603,0.000114417588175004,0.0060117367449966,4.75014436856558e-06,0.00401259516012105,4.89637979562295e-05,0.00160158756770702,0.00176670333229931,0,0.00084728618702961,0.0542864610105031,3.79462715684356e-05,0.0153477507558456,0.0260386552896455,0.0771015870010338,6.27572364366551e-05,0,0,0,0,0.000984985789996836,3.75609619075452e-05,0.00201845169547212,6.57833094307701e-06,0,0,0,0,8.18237702694367e-05,0.0123193244852897,0,0,0,0.00223667837800571,0,0,3.32271888128463e-05,4.13413538233393e-05,7.24383642036882e-06,0.00139307928914803,0,0.000703093579883121,0.000146988388065934,0.0079160352976754,0.000104147972634801,0.0206725720697215,7.38310343874962e-05,0.0289091595080724,0.00311470888171424,0.000811779472559167,0.0694502124863672,0.000371439527803172,0.0560683321769136
0.00109600647479742,0.00142250615144171,0.000379544620939854,0,0,0,0,0,0.000949148462,0.00118377842904467,0,0,0,0,0,0,0.000147675902545343,0.000109590202115711,0.00241484360230925,0,0,0,0,0,0,0,0,0,0,0,0,0,0,0.000204334640167479,0,0.00182452499226053,4.2082616912102e-06,0.000118538125842032,0,0.00471596311610292,0,0.00722348294686206,0.00084728618702961,0,0.0183816080401907,0.00470667161502376,0,0.000124417808730846,0,0.000311304588294535,0,0,0,0,0.000795955816417497,0,0,0,0,0,0,0,1.8004079832524e-05,0,0,0,0,0,0,0,0,0,0.000529625206566187,0,0,0,0.000716232593291941,0,0.00235571457231607,2.84907295494347e-05,0.000628860316470133,0,0.000735011348999209,0.000466055781813697,0.0191934825069693,0.00345859304418486,0
0.00203017561116099,9.71878019441399e-05,0.000487220955469197,0,0,0,0,0,0.00205288582209278,0.00288466406133991,0,0,0,0,0,0,0.000414773278789984,0.000350113712340084,0.00896797649421408,0,0,0,0,0,0,0,0,0,0,0,0,0,0,0,0,8.70708322606961e-05,9.9819335095285e-05,5.56791727542976e-06,0,0.000447029396120712,0,0.00072021925441678,0.0542864610105031,0.0183816080401907,0,1.80081458431036e-05,3.25175781272155e-05,0,0.00243599420512567,9.51944413682855e-05,0,0,0,0,0.0014724423006352,0,0,0,0,0,0,0,0,0,0,0,0,0,0,0,0,0,2.05931064684015e-05,0,0,0,0,0,0.000123418582123101,0.000735927823727293,6.63960412843932e-05,5.70555425661635e-05,0.00129957281088959,0.000749004136243207,0.0137185167818954,0.000427312333980906,0.0485029903091356
0,0,0,0.000909590247989257,0,0,0,0,0,0,0,0.000514386217833412,0,0,0,0,0,1.02112049312169e-05,0.000494841730581974,0.00239161131608789,0,0,0,0,0,0,0,0,0,0,0,0.00464914041582496,0,0.00793149014710788,0,0.000993336694552864,0,9.17017821270362e-05,0,0.0296358870232183,0,0.0100618923736773,3.79462715684356e-05,0.00470667161502376,1.80081458431036e-05,0,0,0.00353535295078946,0,0.0015817716421016,0,0,0,0,0,0,0,0.0171503633600894,0,0,0,0,0.087828670849598,0,0,0,0,0,0,0,0.00160967551242796,0,0.0105548438461481,0,0.00591423588506842,0,0.00537926649802716,0,0.00437062444581616,0,0.000315511129934253,0,0.000246101833648604,2.32704477480059e-06,0.0403379880951724,0.000149978520594429,0
0,0,0.00037393630043195,0,0,0,0,0,0,0,1.33378752235148e-05,0,0,0,0,0,0,2.27223438058403e-06,0.000245384553281551,0,0.0130796098326765,0,0,0,0,0,0,0,0,0,0,0.000165140059490848,0.00345788019644614,0.000139394978848388,0.00196452315405598,0,0.000619982227804001,0,0.000452689328062362,0,0.0467943100268017,6.50613777906505e-06,0.0153477507558456,0,3.25175781272155e-05,0,0,0.00442729006128604,0.00354134036201625,0,0,0,0,0,0,0,0.0084993828707292,0,0,0,0,0,0,0.0805225622175687,0,0,0,0,0,0,0,4.87631141158126e-05,0,0.00274429168530979,0,0.00263993995684266,0,0.00329961250407486,0,0.00746110185676511,0,0.00259551514496849,8.78703664496251e-05,3.84049691019206e-06,0.0434229872234256,0,0.00145518924065103
0,0,0,0,0,0,0,0,0,0,0,0,0,0,0,0,0,0,0.000404517837327189,1.57149841985749e-05,4.58193682614911e-05,0,0,0,0,0,0,0,0,0,0,0.00550711233421576,0.00113941340833217,0.0663585936646534,0.0595788255626315,0.00155690454732779,0.000210621552555375,0.0134892190151866,0.0113595996529951,0.0137132877539155,0.00513483855489152,0.0212021051043448,0.0260386552896455,0.000124417808730846,0,0.00353535295078946,0.00442729006128604,0,0.0115519370667699,0.0158348961256798,0,0,0,0,0,0,0.000234268022196252,0.000227692098390438,0,0,0,0,0.00126494314632587,0.00190922045709155,0,0,0,0,0,0,7.74958438791882e-05,0,0.00076708937457971,4.66924901410627e-05,0.00749831493602233,0.00715913250944529,0.0441841447047365,0.0342140477469704,0.00357950602801151,0.00376853416612625,0.00555517806284934,0.00189486456908028,0.00381331499404432,0.000123913644139506,0.0206215008567974,0.000120312341109146,0.000760528528645332
0.00223713908504025,0.00013044544868038,0.00730388427257039,0,0,0,0,0,0.000830136889846144,0,4.67503351999927e-05,0,0,0,3.003708531908e-05,0,0.000418774653615133,0.000270743617110419,0.00244183309522317,0,0.00104970009561482,0,0.0001549288256675,0,0,0,0,0,0,0,0,0.00391771102104344,0.00637670913436895,0.00059801785845675,0.00648883818215468,0,0.00126102507368033,0,0.000998370797149938,0,0.00727160108073938,3.73917393473053e-05,0.0771015870010338,0,0.00243599420512567,0,0.00354134036201625,0.0115519370667699,0,7.98092476482289e-05,0,0,0,0,0.00086044995173669,0,0.000533032932740589,0,0,0,0,0,0,0.00190975689440378,0,0.0011229740948238,0,0,0,0,0,0.0103838480174925,0,0.0271330565391975,0,0.00822985404823209,0,0.0105315394390017,3.53119586860883e-06,0.00569399665771305,0,0.00894877272330061,0.000442599652581903,3.81683429781625e-05,0.0188701254246768,0,0.0130747005987014
0.000230224623503118,0.000319796410588654,0,0.0103358718834773,0,0,0,0,0,0.00327679074079234,0,0.00017563903819671,0,0,0,0.000216210984660712,1.70729175370349e-05,0.000115033150765151,0.00154537614239596,0.000108111028011959,0,0.000859849285671808,0,0.0025362509112339,0,0.00136742125202793,0,0,0,0,0,0.0134457257124168,0,0.0133887931441537,0,0.00223798463015072,0,0.00535575120386282,0,0.00551649446685412,0,0.0859747966244208,6.27572364366551e-05,0.000311304588294535,9.51944413682855e-05,0.0015817716421016,0,0.0158348961256798,7.98092476482289e-05,0,0,0,0,0,0,0.000450573786399685,0,0.000574284948886082,0,0,0,0.000184034904113385,0.00119142568387552,0,0.0057320846042514,0,0.00322843310045508,0,0.00519673305566861,0,0.0024732249307578,0,0.0181049844367211,0,0.0123896313514773,0,0.0309384921218624,0,0.00307065302809818,0,0.0155776722522906,0,0.000633480798143759,1.15086886967792e-05,0.0103953515006875,0.0247815115844729,0
0,0,0,0,0,0,0,0,0,0,0,0,0,0,0,0,0,0,0,0,0,0,0,0,0,0,0,0,0,0,0,0,0,0,0,0,0,0,0,0,0,0,0,0,0,0,0,0,0,0,0,0,0,0,0,0,0,0,0,0,0,0,0,0,0,0,0,0,0,0,0,0,0,0,0,0,0,0,0,0,0,0,0,0,0,0,0
0,0,0,0,0,0,0,0,0,0,0,0,0,0,0,0,0,0,0,0,0,0,0,0,0,0,0,0,0,0,0,0,0,0,0,0,0,0,0,0,0,0,0,0,0,0,0,0,0,0,0,0,0,0,0,0,0,0,0,0,0,0,0,0,0,0,0,0,0,0,0,0,0,0,0,0,0,0,0,0,0,0,0,0,0,0,0
0,0,0,0,0,0,0,0,0,0,0,0,0,0,0,0,0,0,0,0,0,0,0,0,0,0,0,0,0,0,0,0,0,0,0,0,0,0,0,0,0,0,0,0,0,0,0,0,0,0,0,0,0,0,0,0,0,0,0,0,0,0,0,0,0,0,0,0,0,0,0,0,0,0,0,0,0,0,0,0,0,0,0,0,0,0,0
0,0,0,0,0,0,0,0,0,0,0,0,0,0,0,0,0,0,0,0,0,0,0,0,0,0,0,0,0,0,0,0,0,0,0,0,0,0,0,0,0,0,0,0,0,0,0,0,0,0,0,0,0,0,0,0,0,0,0,0,0,0,0,0,0,0,0,0,0,0,0,0,0,0,0,0,0,0,0,0,0,0,0,0,0,0,0
0.154585667663329,0.00143902699969447,0.036624911957841,0,0,0.000283884710154364,0,0,0.191533443603583,0.00119212333877967,0,0,0,0,0.0517195783984838,0.000406077305254229,0.0179334014623824,0.00163392428388044,0.00618487822814771,0,0,0,0,0,0.004298666542143,0,0.000344393851738111,0,0,0,0,0,0,0,0,3.40272858138235e-06,0,0,2.9837818345734e-05,0,0,0,0.000984985789996836,0.000795955816417497,0.0014724423006352,0,0,0,0.00086044995173669,0,0,0,0,0,0,0.00067871434468135,0,0,0,0,0.0480610749862765,0,0,0,0,0,0,0.0195422093108093,0,0.0024863741956791,0,0,0,0,0,0,0,0,1.43479488340526e-05,1.02974147962468e-05,0,7.73454850211794e-05,0.00163063137387062,0.000151605969809685,0.00114362453805393,0,0.00271647305419045
6.57861592893451e-05,0.0519422157419919,0,0.0293777027805684,0,0.000495839720746081,0,0,0,0.154626314116282,0,0,0,0,0,0.0165925100345395,0.000305939378977051,0.0123020167489688,0.00199606800578071,0,0,0,0,0.00252711389654871,0,0.00159179384203296,0,0,0,0,0,0,0,0,0,0,0,0.0001841222349289,0,0,0,0,3.75609619075452e-05,0,0,0,0,0,0,0.000450573786399685,0,0,0,0,0.00067871434468135,0,0,0,0,0,0,0.0127142857581332,0,0,0,0,0.0173375748998059,0,0.000859278093432072,0,0,0,0,0,0,0,0,0,1.56115127311821e-06,0,8.70038732189042e-05,0,0.00150866388754167,6.06768242257545e-05,0.000861384580084315,0,0
0,0,0,0,0,0,0,0,0,0,0.0227394344752085,0,0,0,0,0,0,0,1.41880192942735e-05,0,0.02752107461332,0,0,0,0,0,0,0,0,0,0.000924630084057134,5.38922165313374e-05,0.000213184024720502,0,0.000127876974249587,0,5.03851916496951e-06,0,0.000181479278735188,0,8.0020364643352e-05,0,0.00201845169547212,0,0,0,0.0084993828707292,0.000234268022196252,0.000533032932740589,0,0,0,0,0,0,0,0,0,5.4849797502224e-05,0,0,0,0,0.0159680221336491,0,0,0,0,0,0.000494182412917736,0,0.00757096209053977,0,0.0188788532598385,0,1.59950784247263e-05,0,0.000116599928428574,0,2.68123316811386e-05,0,7.33842612800356e-06,8.52396653383179e-06,1.07887826580468e-06,0.00735474044200741,0,0.000762685036161226
0,6.10239840170834e-05,0,0,0,0,0,0,0,0,0,0.035389121261145,0,0,0,0,2.48727331448066e-05,0,0.000229853437471168,0.0235312162549135,0,0,0,0,0,0,0,0.00020252596668858,0,0.0196413239624723,0,0.000277934405738039,0,0.000763961670387191,0,0.000172002733050142,0,5.54069170983587e-05,0,0.000585382503806159,0,0.00588904089392148,6.57833094307701e-06,0,0,0.0171503633600894,0,0.000227692098390438,0,0.000574284948886082,0,0,0,0,0,0,0,0,0,0.000332893171209877,0,0,0.0441824652182709,0,0,0,0,0,0,0,0.000723136253315833,0,0.0214325561654886,0,0.000321130505982268,0,0.000256085002407677,0,0.000334011296364299,0,0.000969059675490494,0,7.53651361468696e-05,1.14763435182682e-06,0.0113948095892813,0.00507488643286882,0
0,0,0,0,0,0,0,0,0,0,0.000779868608162793,0,0.000842198307797028,0,0.00246337994227569,0,0,0,0,0,0,0,0,0,0,0,0,0,0,0,0,0,0,0,0,0,0,0,0,0,0,0,0,0,0,0,0,0,0,0,0,0,0,0,0,0,5.4849797502224e-05,0,0,0,0,0,0,0,0,0,0,0,0,0,0,0,0,0,0,0,0,0,0,0,0,0,0.000166016307591429,0,0,0,0
0,0,0,0,0,0,0,0,0,0,0,0.000392157225093841,0,0.00603862566498777,0,0,0,0,0,0,0,0,0,0,0,0,0,0,0,0,0,0,0,0,0,0,0,0,0,0,0,0,0,0,0,0,0,0,0,0,0,0,0,0,0,0,0,0.000332893171209877,0,0,0,0,0,0,0,0,0,0,0,0,0.00264236151732649,0,0,0,0,0,0,0,0,0,0,0,0,0,0,0,0
0.0183827179863548,0.000665964982076162,0.00122386334037518,4.96268821432934e-05,0,0,0,0,0.0903372692742009,0.000246036854315389,0,0,0.00327674524466503,0,0.331353026817294,0,0.00989822715801933,0.000146821553957432,0.000478726404918393,0,0,0,0,0,0,0,0.00095998744711202,0,0,0,0,0,0,0,0,0,0,0,0,0,0,0,0,0,0,0,0,0,0,0,0,0,0,0,0.0480610749862765,0,0,0,0,0,0,0,0,0,0,0,0,0,0,0.00622807309390946,0,0,0,0,0,0,0,0,0,0,0,0,0.00292270422373012,0.00154906937113949,0.000106036305450065,0,0
0,0.00524667903710751,4.86837518739059e-05,0.00206920848739223,0,0,0,0,7.79157862652868e-05,0.06346274179011,0,0,0,0.00394983278260817,0,0.150855971722616,0,0.0116585282363069,0.00121179258779651,0,0,0,0,0,0,9.64833088319683e-05,0,0,0,0,0,0,0,0,0,5.99006312975098e-06,0,0,0,0,0,0,0,0,0,0,0,0,0,0.000184034904113385,0,0,0,0,0,0.0127142857581332,0,0,0,0,0,0,0,0,0,0,0,0,0.0111890405030743,0,0,0,0,0,0,0,0,0,0,0,0,0,0.00216492991920867,0.00140679541474931,0.000139503261687778,0,0
0,0,0,0.000262113573885433,0,0,0,0,0,0,0,0.00805224307731131,0,0,0,0,0,0,7.29469449251043e-05,0.0443996697874801,0,0,0,0,0,0,0,0,0,4.02415377710449e-05,0,4.85437521915938e-05,0,0.000278492084891906,0,0.00139492633089205,0,0.00165396969257072,0,0.0102155844719897,0,0.00325603890599327,8.18237702694367e-05,1.8004079832524e-05,0,0.087828670849598,0,0.00126494314632587,0,0.00119142568387552,0,0,0,0,0,0,0,0.0441824652182709,0,0,0,0,0,0,0,0,0,0,0,0,0.00230166188118039,0,0.0242679115279748,0,0.000130815226358334,0,0.000361882926315829,0,0.00627931427517383,0,0.00429335680994978,0,0.000116868297437902,1.50709967051243e-06,0.0171045418701466,0.000839963318852053,0
4.90653281161801e-05,0,0.00458312963348024,0,0,0,0,0,0,0,0.00287172004852392,0,0,0,0,0,0,0,5.52957466824785e-05,0,0.089602687756178,0,0,0,0,0,0,0,0,0,0,0,0.000281969863491285,0,0.000355479842822882,0,0.000374362990127779,0,0.000330800979575372,0,0.0136304203215304,0,0.0123193244852897,0,0,0,0.0805225622175687,0.00190922045709155,0.00190975689440378,0,0,0,0,0,0,0,0.0159680221336491,0,0,0,0,0,0,0,0,0,0,0,0,0,0,4.62714768008797e-05,0,0.00528631029368425,0,0.000144237028840941,0,0.000568952243935062,0,0.00611050597780971,0,0.00397974836403999,3.54679410876345e-05,0,0.0206348092783974,0,0.000846119779092123
0,0,0,0,0,0,0,0,0,0,0,0,0,0,0,0,0,0.00036804657985068,0,0,0,0.0514779288662627,0,0.00317569643235637,0,0.0119873750758775,0,0.00218156548071163,0,0,0,0,0,0,0,0,0,0.00216610808900202,0,0,0,0,0,0,0,0,0,0,0,0.0057320846042514,0,0,0,0,0,0,0,0,0,0,0,0,0,0,0,0,0.00100377018973965,0,0.00177302910935504,0,0.0050900328198854,0,0,0,0,0,0,0,0,0,0.000329843063783998,0,0.000434152573714912,6.10318718281658e-05,0,0,0
0,0,0,0,0,0,0,0,0,0,0,0,0,0,0,0,8.31587970974806e-06,0,0,0,0,0,0.0511930638199784,0,0.00766448535767454,0,0.00136683339577093,0,1.03427519325811e-05,0,0,0,0,0,0,0,0,0,0.0035340876117153,0,0,0,0,0,0,0,0,0,0.0011229740948238,0,0,0,0,0,0,0,0,0,0,0,0,0,0,0,0,0,0,0.00263483834529282,0,0.00111333315909588,0,0.0017159559747006,0,0,0,0,0,0,0,0,0,0.00267680507111835,0.000476965182865036,0,0,0,0
0,0.00164232076830722,0,0,0,0,0,0,0,0.0200010857673154,0,0,0,0,0,0,0,0,0,0,0,0.000434433919277112,0,0.0965985431992792,0,0.0316730633323205,0,0,0,0,0,0,0,0,0,0,0,0.00280739891942662,0,0,0,0.00498198007179005,0,0,0,0,0,0,0,0.00322843310045508,0,0,0,0,0,0.0173375748998059,0,0,0,0,0,0,0,0,0.00100377018973965,0,0,0,0.0592072901655729,0,4.6770144345609e-05,0,0,0,0,0,0,0,0,0,0.00203855106981224,0,0.000241341651591256,0,0.00884482793935398,0.00569115461795309,0
4.91320282499032e-05,0,0,0,0,0,0,0,0.0187077480430644,0,0,0,0,0,0,0,0,0,0,0,0,0,0.00314323943065461,0,0.117769269614682,0,0.00106762312712628,0,0,0,0,0,0,0,0,0,0,0,0.00782587242276165,0,0,0,0.00223667837800571,0,0,0,0,0,0,0,0,0,0,0,0.0195422093108093,0,0,0,0,0,0,0,0,0,0,0.00263483834529282,0,0,0,0.00339369671696242,0,0,0,0,0,0,0,0,0,0,0,0.00617956177268586,0.000215253473519861,0,0.00117283862157968,0,0.00579846013435498
0,0,0,0,0,0,0,0,0,0.000537421002952267,0,0,0,4.15176382622335e-05,0,0.00691223460808859,0,0.000766896400364989,0,0,0,0.00308281741957431,0,0.058316830861928,0,0.157341932688964,0,0.00153069543650755,0,0,0,0,0,0,0,0,0,0.00138744155140307,0,0,0,0.000137163934218107,0,0,0,0,0,0,0,0.00519673305566861,0,0,0,0,0,0.000859278093432072,0,0,0,0,0,0.0111890405030743,0,0,0.00177302910935504,0,0.0592072901655729,0,0,0,0.0175684427684361,0,0,0,0,0,0,0,0,0,0.000828177650969773,0,0.000142424597416358,0,6.59840560532008e-05,4.10701782480958e-05,0
0.00293601854046802,0,0.00034138256112775,0,0,0,0,0,0.000935529811175867,0,0,0,0,0,0.000244848845902118,0,0.00194612930902763,3.88876807172093e-05,0.000133008289783746,0,0,0,0.00145335828662509,0,0.019431495278625,0,0.0647002825141355,0,0.000368707562561818,0,0,0,0,0,0,0,0,0,0,0,0,0,0,0,0,0,0,0,0,0,0,0,0,0,0.0024863741956791,0,0.000494182412917736,0,0,0,0.00622807309390946,0,0,0,0,0.00111333315909588,0,0.00339369671696242,0,0,0,0.00807975517267723,0,0.0014585286060819,0,0,0,0,0,0,0,0,7.76120484583648e-06,0,0.0012756492313467,0,0
