0,1.60721319913864,0,0,0,0,0,0,0.808053910732269,0,0,0,0,0,0,0,4.18530216813087,0,0.342231720685959,0,0,0,0,0,0,0,0,0,0,0,0,0,0,0,0,0,0,0.151421889662743,0,0,0,0.115989245474339,228.957087352872,0,0,0,0,4.9144990965724,45.9978860616684,3.92555946111679,0,0,0,0,67.5350194275379,0.137001499533653,0,0,0,0,6.11564552783966,0,0,0,0,0,0,0.240169838070869,0,0,0,0,0,0.272358164191246,0,0,0,0,0,0,0.132243260741234,0,47.5330180078745,0,67.7180006504059,0,0
1.60721319913864,0,0,30.8959827050567,0,0,0,0,1.01546054333448,287.02139288187,0,0,0,0,0,37.9741609096527,0.476117551326752,0,16.0439769849181,0,0,0,0,0,0,0,0,0,0,0,0,0,0,0,0,0,0,9.02746358513832,0.140626072883606,2.97651599347591,0,1221.71588903666,12.7648073807359,0,0,2.84637895226479,0,3.80085002630949,4.36195749044418,343.852581679821,0,0,0,0,0.646608710289001,292.792984381318,0,12.481454372406,0,0.316205739974976,0,180.855287134647,0,0,0,0,0.376911759376526,0,0,0,0,0,32.9049607738853,0.930440053343773,0,0,1.31070584058762,0,1.63086999952793,0,3.27891005575657,2.11530964076519,285.962508141994,8.62984771281481,721.62466225028,0,0
0,0,0,0,9.08806064724922,0,0,0,0,0,0,0,0,0,0,0,14.8927306979895,1.61322093009949,39.1564957872033,0,0,0,0,0,0,0,0,0,0,0,0,0,0,0,0,0,0.493013173341751,0,0,0,42.4462118893862,10.1601670458913,482.591148778796,0,0,0.37064902484417,217.605163156986,0,1.4903486520052,0.620410919189453,61.6958205103874,0,0,0,1.78525573015213,0,128.613457091153,0,151.1619130373,0,92.7553508281708,0,0,1.41375670582056,0,0,0,0,0,0,0,0,0.989142835140228,0,0,0,0,0,0,5.81714402884245,0,0,159.873083017766,0,451.167587839067,0,0
0,30.8959827050567,0,0,0,488.782226473093,0,0,0,1.89431643486023,0,6.72281095385551,0,0,0,0,6.41978177428246,3.98359231650829,28.7828814089298,0,0,0,0,0,0,0,0,0,0,0,0,0,0,0,0,3.50731682777405,0,1.79042008519173,0,62.2260836884379,0.610337138175964,350.900295324624,0.74250465631485,0,0,164.04094016552,1.17945790290833,0,0,8.43526820838451,0,21.5018173456192,0,0,0.568648338317871,5.27954041957855,0,4.70899642258883,0,189.051999628544,0,14.5520901530981,3.33853383362293,0,0,0,0,0,0,0,0,0,18.2105081826448,0,0,0,0,0,5.85500836372375,0,0.136181831359863,0,132.414415292442,5.53411727398634,504.549399986863,0,0
0,0,9.08806064724922,0,0,0,7.63340455293655,0,1,0,1.29776912927628,0,0,0,0,0,1.69592177867889,0,0.355137676000595,0,288.069222211838,0,0,0,0,0,0,0,0,0,0,0,0,0,0,0,3.32376678287983,0,0,0,4.70738081634045,5.58951032161713,116.919633485377,0,0,0,9.56581680476665,0,0.194109231233597,1.16829097270966,12.4184786677361,0,0,0,0,0,0,0,0,0,0,0,0,16.7942663729191,0,0,0,0,0,0,0,0,0,0,0,0,0,0,0,0.853140324354172,0,0,187.1567196697,0,284.80351832509,0,0
0,0,0,488.782226473093,0,0,0,0,0,0,0,1.86193230748177,0,0,0,0,1.37953531742096,0,0,0,0,0,0,0,0,0,0,0,0,0,0,0,0,0,0,1.80723166465759,0,0,0,12.869341775775,0,12.9447972550988,0,0,0,15.8872629180551,0,0,0,0.141858667135239,0,36.5264014303684,0,0,0,5,0,3.51194827258587,0,9.08783835172653,0,4.2273562848568,0,0,0,0,0,0,0,0,0,0,1.73008474707603,0,0,0,0,0,0,0,0.158793643116951,0,315.14071701467,0.528806522488594,248.729769706726,0,0
0,0,0,0,7.63340455293655,0,0,0,0,0,3.4841240644455,0,0,0,0,0,0,0,0,0,216.61568158865,0,0,0,0,0,0,0,0,0,0,0,0,0,0,0,70.6679997444153,0,0,0,0,0,0,0,0,0,0,0,0,0,0,0,2,0,0,0,0,0,0,0,0,0,0,27.5827342271805,0,0,0,0,0,0,0,0,0,0,0,0,0,0,0,9.15921068191528,0,0,39.0306577086449,0.904786169528961,0,0,0
0,0,0,0,0,0,0,0,0,0,0,0,0,0,0,0,0,0,0,0,0,0,0,0,0,0,0,0,0,0,0,0,0,0,0,6.75680363178253,0,0,0,0,0,0,0,0,0,0,0,0,0,0,0,3.60345005989075,0,3,0,0,0,0,0,0,0,0,0,0,0,0,0,0,0,0,0,0,0,0,0,0,0,0,0,0,0,0,0,0,0,0,0
0.808053910732269,1.01546054333448,0,0,1,0,0,0,0,0,0,0,0,0,275.613954424858,0,51.494874894619,0,7.60171158611774,0,0,0,0,0,24.896333232522,0,268.549327552319,0,0,0,0,0,0,0,0,0,0,0.557442471385002,117.957950994372,0,0.618371844291687,0,104.182837471366,0,0,0,0,5.25900231301785,0,1.22593525797129,0,0,0,0,213.839537233114,0,0,0.15368489921093,0,0,23.8394125103951,0,0,0,0,0,0,0.240495532751083,0,339.538535356522,0,0,0,0,0,0,0,0,0,0,1.20844286680222,52.1716898679733,853.878540188074,35.1561190783978,139.147561982274,0,0
0,287.02139288187,0,1.89431643486023,0,0,0,0,0,0,0,0,0,0,0,1071.97243468463,0.948962017893791,78.8340118527412,39.8881016522646,0,0,0,0,70.8823222368956,0,0,0,0,0,0,0,0,0,1.17573480308056,0,0,0,45.9594307094812,0,0.183381617069244,0,106.51994817704,0,0,0,0.130857840180397,0.4138143658638,0,0,1.99713890254498,0,0,0,0,0,695.320624887943,0,6.31131305545568,0,0,0,455.752907693386,0,0,0,0,78.8719754070044,0,214.541599750519,0,0,0,138.841512449086,0,0,0,4.18418389558792,0,2.03754714131355,0.222474232316017,48.4886787682772,0,439.215267926455,391.338368669152,158.783666729927,0,0
0,0,0,0,1.29776912927628,0,3.4841240644455,0,0,0,0,0,0,0,0,0,0,0,0,0,715.472892045975,0,0,0,0,0,0,0,0,0,7.11918163299561,0,0,0,0,0,35.3796932697296,0,790.803515255451,0,0,0,0,0,0,0,0,0,0,0,0,0,0,0,0,0,934.422344565392,0,0,0,0,0,0,541.004161417484,0,0,0,0,0,0,0,0,0,0,0,0,0,0,0,262.08589887619,0,244.658013820648,112.598050475121,0,0,0,0
0,0,0,6.72281095385551,0,1.86193230748177,0,0,0,0,0,0,0,626.220737814903,0,0,0,0,0,848.752996385098,0,0,0,0,0,0,0,72.3368234634399,0,15.6008780002594,0,0,0,0,0,463.841373324394,0,763.792009532452,0,0,0,0,0,0,0,0,0,0,0,0,0,8.78680929541588,0,0,0,0,0,7234.17203119397,0,17.4426491856575,0,0,308.477568611503,0,0,0,0,0,0,0,0,0,62.9377708435059,0,0,0,0,0,1.57700634002686,0,28.5943478047848,0,2361.84084868431,321.965714693069,0,0,0
0,0,0,0,0,0,0,0,0,0,0,0,0,0,0,0,0,0,0,0,0,0,0,0,0,0,0,0,0,0,0,0,0,0,0,0,0,0,0,0,0,0,0,0,0,0,0,0,0,0,0,0,0,0,0,0,0,0,5.57173156738281,0,0,0,0,0,0,0,0,0,0,0,0,0,0,0,0,0,0,0,0,0,0,0,0,2.58970355987549,0,0,0
0,0,0,0,0,0,0,0,0,0,0,626.220737814903,0,0,0,0,0,0,0,0,0,0,0,0,0,0,0,43.1201061010361,0,22.3640458583832,0,0,0,0,0,0,0,0,0,0,0,0,0,0,0,0,0,0,0,0,0,0,0,0,0,0,0,0,0,279.686381652951,0,13.3184268325567,0,0,0,0,0,0,0,0,8.69900953769684,0,0,0,0,0,0,0,0,0,0,0,288.728632777929,9313.60731834173,0,0,0
0,0,0,0,0,0,0,0,275.613954424858,0,0,0,0,0,0,0,30.4746666550636,0,0,0,0,0,0,0,0,0,7.93686586618423,0,0,0,0,0,0,0,0,0,0,0,2.0612006187439,0,0,0,2.38100756704807,0,0,0,0,0,0,0,0,0,0,0,140.544620752335,0,0,0,0,0,33.7763850688934,0,0,0,0,0,0,1.24270308017731,0,0,0,0,0,0,0,0,0,0,0,0,0,3.52475056052208,462.062398687005,261.59350579977,7.0181207805872,0,0
0,37.9741609096527,0,0,0,0,0,0,0,1071.97243468463,0,0,0,0,0,0,0,133.786685943604,0,0,0,0,0,0.628031298518181,0,0,0,0,0,0,0,0,0,0,0,0,0,0.246920973062515,0,0,0,0.171973705291748,0,0,0,0,0,0,0,0,0,0,0,0,0,169.506770893931,0,0,0,0,0,150.547049671412,0,0,0,0,1.85032127797604,0,271.572262048721,0,0,0,0,0,0,0,0.497615396976471,0,0,0,1.1734681725502,0,1302.01276293397,1208.00461807847,0.710026949644089,0,0
4.18530216813087,0.476117551326752,14.8927306979895,6.41978177428246,1.69592177867889,1.37953531742096,0,0,51.494874894619,0.948962017893791,0,0,0,0,30.4746666550636,0,0,7517.2043338269,2908.9798649624,0,0,0,45.7711962014437,0.530149318277836,73.2565914690495,22.1536467373371,365.970992513001,0,0,0,0,0,0,0,0,0,0,0.883540093898773,0,46.7444838359952,518.763201616704,25.6014904901385,86.9532505869865,0.145515233278275,0,59.322519056499,253.453288882971,0,0,0,0.317761316895485,0,0,0,0,0.239579893648624,2.04704774171114,1.21080923825502,0,0,7.62626653909683,0,4.26402515172958,8.17964688688517,0,16.2219347655773,0,0,9.13014377653599,136.912317559123,0,0,21.2532319948077,0,0,0,0,0,55.7915923446417,73.6004227474332,4.66394799947739,0,4833.16256137192,806.174366317689,978.344947256148,0,0
0,0,1.61322093009949,3.98359231650829,0,0,0,0,0,78.8340118527412,0,0,0,0,0,133.786685943604,7517.2043338269,0,4564.8037809059,0,0,40.7205393314362,0,16.7736553773284,0,273.849674850702,0,0,0,0,0,0,0,0,0,0,0,0,0,347.535253465176,101.96103054285,120.65546771884,7.44396793097258,0,0,349.942213155329,128.895646154881,0,0,0,0,0,0,0,0,4.17300091683865,0.82625126093626,3.79891940206289,0,0.0940706506371498,0,3.75314474105835,11.8329123258591,2.63472162187099,0,0,0,0,1.68727684020996,0,0,0,216.277910746634,0,0,0,0,0,304.42228385061,8.59178431332111,114.275455608964,0,2377.60024722666,562.13334146142,1141.36536665261,0,0
0.342231720685959,16.0439769849181,39.1564957872033,28.7828814089298,0.355137676000595,0,0,0,7.60171158611774,39.8881016522646,0,0,0,0,0,0,2908.9798649624,4564.8037809059,0,0,0,0,0,6.16471174359322,44.3963098227978,0,0,0,0,0,0,0,0,0,0,0,0,0,2.37808480858803,761.588216967881,2584.18922171742,354.225081145763,399.100843138993,1.30850258469582,0,1855.91400081664,2200.00866831839,0.259731113910675,0.953911170363426,0.49706569314003,0.433868259191513,0,0,0,1.00993697345257,5.35761469602585,17.0506601110101,9.50869931280613,0,0,0,0,84.689620539546,28.4218762591481,0,0,0,0,0,0,0,0,470.882763139904,0,0,0,0,0,1014.24586683512,290.666891030967,190.810171470046,0.20197394490242,2064.23201326281,37.488011136651,7231.5069347918,0,0
0,0,0,0,0,0,0,0,0,0,0,848.752996385098,0,0,0,0,0,0,0,0,0,0,0,0,0,0,0,0,0,0,0,0,0,0,0,2500.21933712065,0,899.875968515873,0,0,0,0,0,0,0,2.87192305922508,0,0,0,2.52165567874908,0,0,0,0,0,0,0,3469.51427660882,0,0,0,0,1704.73258212209,0,0,0,0,0,0,0,0,0,0,0,0,0,0,0,16.4872171878815,0,1.89094996452332,0,614.625282987952,0,471.553026303649,0,0
0,0,0,0,288.069222211838,0,216.61568158865,0,0,0,715.472892045975,0,0,0,0,0,0,0,0,0,0,0,0,0,0,0,0,0,0,0,0,0,0,0,0,0,218.382585406303,0,0,0,10.9043643474579,0,4.35890750586987,0,0,0,1.36812543869019,0,0.77061702311039,0,49.6000251471996,0,84.6765717864037,0,0,0,3.22769021987915,0,0,0,0,0,0,152.794983863831,0,0,0,0,0,0,0,0,0,0,0,0,0,0,0,266.386538565159,0,0,563.362554863095,0,165.848480403423,0,0
0,0,0,0,0,0,0,0,0,0,0,0,0,0,0,0,0,40.7205393314362,0,0,0,0,8141.04101279378,26.9797219783068,0,0,0,1175.40802226961,0,0,0,0,0,0,0,0,0,3463.5735130012,80.2248201966286,0,0,0,0,0,0,0,0,0,0,0.487242877483368,0,0,0,0,0,0,0,0,0,0,0,0,0,0,9605.2992066592,4888.64586299658,9.87260085344315,0,0,0,223.249848425388,0,0,0,0,0,7.8704539090395,0,0,0,3726.41068845987,585.181432157755,2973.37913136929,1750.21510000527,0,0,0
0,0,0,0,0,0,0,0,0,0,0,0,0,0,0,0,45.7711962014437,0,0,0,0,8141.04101279378,0,0,774.813815772533,0,132.590150624514,0,615.526915371418,0,0,0,0,0,0,0,0,97.2221210598946,1075.37100306153,0,0,0,0,0,0,0,0,0,18.7661889791489,0,0,0,0,0,0,0,0,0,0,0,0,0,0,0,1615.443808496,9188.83587929606,0,384.822551220655,0,76.7955580055714,0,1103.8872486949,0,0,0,0,0,0,0,0,104.210497766733,2661.64255812764,3629.44904184341,1088.9944525063,1.0214546918869,0,0
0,0,0,0,0,0,0,0,0,70.8823222368956,0,0,0,0,0,0.628031298518181,0.530149318277836,16.7736553773284,6.16471174359322,0,0,26.9797219783068,0,0,0,1,0,0,0,0,0,0,0,1.02322642505169,0,0,0,911.228883415461,0,0,0.237038090825081,15.8584486246109,0,0,0,0,0,0,0,1.45994326472282,0,0,0,0,0,23.817771807313,0,0.200005799531937,0,0,0,0,0,0,157.583669990301,0,594.669878870249,0,87.4047288894653,0,0,0,22.861774072051,0,0,0,13.8240446746349,0,0.171357527375221,0.332592934370041,178.160097956657,0,336.974640965462,3.20768712460995,23.1925028264523,0,0
0,0,0,0,0,0,0,0,24.896333232522,0,0,0,0,0,0,0,73.2565914690495,0,44.3963098227978,0,0,0,774.813815772533,0,0,0,335.982281148434,0,0,0,0,0,0,0,0,0,0,0,655.052989631891,0,0,0,5.77199982106686,0,0,0,0,0,76.8753250837326,0,0,0,0,0,0.33151587843895,0,0,0,0,0,0,0,0,0,0,312.452074706554,0,407.164772450924,0,2341.35362067819,0,0,0,0,0,0,0,1.00214174389839,0,0,0,1128.67039561272,1480.86477126181,19.1376879811287,51.5105619430542,0,0
0,0,0,0,0,0,0,0,0,0,0,0,0,0,0,0,22.1536467373371,273.849674850702,0,0,0,0,0,1,0,0,0,0,0,0,0,0,0,0,0,0,0,0,0,0,0,0,0,0,0,0,0,0,0,0,0,0,0,0,0,0,0,0,0,0,0,0,0,0,0,0,2,0,4,0,0,0,0,0,0,0,0,0,0,0,0,0,392.658589959145,0,0,0,0
0,0,0,0,0,0,0,0,268.549327552319,0,0,0,0,0,7.93686586618423,0,365.970992513001,0,0,0,0,0,132.590150624514,0,335.982281148434,0,0,0,89.8128055334091,0,0,0,0,0,0,0,0,0,0,0,0,0,0,0,0,0,0,0,0,0,0,0,0,0,16.9150117635727,0,0,0,0,0,4.63615691661835,0,0,0,0,577.083542585373,0,1074.19118106365,0,1926.59215244651,0,5.82505369186401,0,0,0,0,0,0,0,0,0,0,826.861754447222,0,0,0,0
0,0,0,0,0,0,0,0,0,0,0,72.3368234634399,0,43.1201061010361,0,0,0,0,0,0,0,1175.40802226961,0,0,0,0,0,0,0,1251.14720731974,0,0,0,0,0,0,0,1782.11957877874,0,0,0,0,0,0,0,0,0,0,0,0,0,0,0,0,0,0,0,0,0,1.13162803649902,0,0,0,0,1800.39854082465,0,0,0,0,0,2991.06885941327,0,188.319276332855,0,0,0,0,0,0,0,24.9108362197876,0,3832.47524784505,11708.4277118891,0,0,0
0,0,0,0,0,0,0,0,0,0,0,0,0,0,0,0,0,0,0,0,0,0,615.526915371418,0,0,0,89.8128055334091,0,0,0,224.830027937889,0,0,0,0,0,0,0,15.9200170040131,0,0,0,0,0,0,0,0,0,0,0,0,0,0,0,0,0,0,0,29.9903125762939,0,4.57589673995972,0,0,0,0,116.058123588562,0,0,0,1092.37386614084,0,5274.74519130588,0,147.068531036377,0,0,0,0,0,0,0,76.3913894295692,409.46439152956,6.9013249874115,0,0,0
0,0,0,0,0,0,0,0,0,0,0,15.6008780002594,0,22.3640458583832,0,0,0,0,0,0,0,0,0,0,0,0,0,1251.14720731974,0,0,0,0,0,0,0,0,0,191.082872211933,0,0,0,0,0,0,0,0,0,0,0,0,0,0,0,0,0,0,0,0,0,0,0,0,0,0,0,0,0,0,0,0,1660.28835752606,0,725.972893714905,0,0,0,0,0,0,0,21.1549826264381,0,384.842755317688,0,0,0,0
0,0,0,0,0,0,0,0,0,0,7.11918163299561,0,0,0,0,0,0,0,0,0,0,0,0,0,0,0,0,0,224.830027937889,0,0,0,0,0,0,0,0,0,395.078890502453,0,0,0,0,0,0,0,0,0,0,0,0,0,0,0,0,0,0,0,0,0,0,0,0,0,0,0,0,0,0,0,0,321.393693804741,0,1736.35590291023,0,0,0,0,0,0,0,174.161794424057,18.5566220283508,0,0,0,0
0,0,0,0,0,0,0,0,0,0,0,0,0,0,0,0,0,0,0,0,0,0,0,0,0,0,0,0,0,0,0,0,2482.40675520897,27.9208950996399,76.8432034403086,53.3721491098404,179.610834807158,0,0,0,0,0,0,0,0,0,0,16.8216942995787,0,0,0,0,0,0,0,0,0,0,0,0,0,0,0,0,0,0,0,0,0,0,0,0,0,0,3711.50881837308,316.009275659919,9.9963366985321,42.1079801619053,126.583318948746,177.778080672026,0,0,279.108146607876,0,0,0,0
0,0,0,0,0,0,0,0,0,0,0,0,0,0,0,0,0,0,0,0,0,0,0,0,0,0,0,0,0,0,0,2482.40675520897,0,8.3503041267395,102.274496138096,212.230350345373,204.564843997359,0,0,156.217663541436,0.899065554141998,0,0,0,0,0,0,1749.54477308691,40.2446971535683,510.680647134781,0,0,0,0,0,0,0,0,0,0,0,0,0,0,0,0,0,0,0,0,0,0,0,0,4860.46575582027,1188.34909260273,134.930158615112,174.358012676239,137.613358974457,90.0515456348658,0,0,1164.34963005781,0,0,0,0
0,0,0,0,0,0,0,0,0,1.17573480308056,0,0,0,0,0,0,0,0,0,0,0,0,0,1.02322642505169,0,0,0,0,0,0,0,27.9208950996399,8.3503041267395,0,4471.07229623199,0,44.5369743704796,80.6731824278831,814.723438560963,0,0,0,0,0,0,0,0,938.208769887686,0.367303669452667,0,0,0,0,0,0,5.8362123221159,0,0,0,0,0,0,0,0,0,0,9.20295009016991,0,0,0,0,0,0,0,0,1,850.85868370533,4464.83191886544,1,0,182.541857898235,323.458902478218,170.22005173564,16.1025758683681,35.6827036142349,0,0
0,0,0,0,0,0,0,0,0,0,0,0,0,0,0,0,0,0,0,0,0,0,0,0,0,0,0,0,0,0,0,76.8432034403086,102.274496138096,4471.07229623199,0,0,237.225311636925,96.6202914714813,1.78895080089569,0,0,1.77366876602173,0,0,0,0,0,3583.02250668406,0,154.894425481558,0,0,0,0,0,0,0,0,0,0,0,0,0,0,0,0,0,0,0,0,0,0,0,0,2.09892755746841,13.6914969682693,4671.60427355766,376.097693786025,0,604.070745721459,83.291267812252,0,227.638521939516,51.5423936843872,4.79382599890232,0,0
0,0,0,3.50731682777405,0,1.80723166465759,0,6.75680363178253,0,0,0,463.841373324394,0,0,0,0,0,0,0,2500.21933712065,0,0,0,0,0,0,0,0,0,0,0,53.3721491098404,212.230350345373,0,0,0,4954.02137386799,2374.16938114166,105.702902674675,138.541125103831,0,1.08780153095722,0,0,0,0,0,73.6367471516132,0,0.184305995702744,0,0,0,0,0,0,0,1250.63504421711,0,0,0,0,1079.46622762084,0,0,0,0,0,0,0,0,0,0,0,248.061439752579,132.109164327383,1.21363568305969,0,35122.3351069987,2174.84663400054,3133.38002870977,0,5591.81260852516,1131.74935096502,17.7907142266631,0,0
0,0,0.493013173341751,0,3.32376678287983,0,70.6679997444153,0,0,0,35.3796932697296,0,0,0,0,0,0,0,0,0,218.382585406303,0,0,0,0,0,0,0,0,0,0,179.610834807158,204.564843997359,44.5369743704796,237.225311636925,4954.02137386799,0,35.1554921269417,62.8583332002163,27.0199330449104,0,0,1.04647195339203,0,0,0,0,729.556435927749,0,27.1763803958893,1.12510108947754,0,0,0,0,0,2.88553903996944,0,0,0,0,0,0,7.2356738448143,0,0,0,0,0,0,0,0,0,0,77.4534494578838,73.0121817141771,133.141750812531,283.017577722669,11974.0939845443,36722.6830094755,5.67392843961716,0,9087.89392627776,4113.64628067613,20.3336123079062,0,0
0.151421889662743,9.02746358513832,0,1.79042008519173,0,0,0,0,0.557442471385002,45.9594307094812,0,763.792009532452,0,0,0,0.246920973062515,0.883540093898773,0,0,899.875968515873,0,3463.5735130012,97.2221210598946,911.228883415461,0,0,0,1782.11957877874,0,191.082872211933,0,0,0,80.6731824278831,96.6202914714813,2374.16938114166,35.1554921269417,0,8106.9944858253,0,0,7.96174088120461,16.7629996538162,0,0,0,0,331.411146014929,0.183071866631508,331.425852194428,0,0,0,0,1.92026010155678,31.0608619451523,0,1686.5832439661,0,0,0,0,158.137954592705,0,4349.83985818923,18.2529177367687,781.057223469019,0,0,0,930.074586063623,0,2948.68203496933,0,0,0,143.359554663301,0,1542.43542402983,0,17319.3733290881,3169.68270125985,5209.46821299195,744.747410967946,201.893638089299,0,0
0,0.140626072883606,0,0,0,0,0,0,117.957950994372,0,790.803515255451,0,0,0,2.0612006187439,0,0,0,2.37808480858803,0,0,80.2248201966286,1075.37100306153,0,655.052989631891,0,0,0,15.9200170040131,0,395.078890502453,0,0,814.723438560963,1.78895080089569,105.702902674675,62.8583332002163,8106.9944858253,0,0,0.924968838691711,0,18.3446958363056,0,0,0,0,531.891463160515,126.023258686066,0.737915754318237,0,0,0,0,412.266218319535,0,455.84749341011,0,0,0,0.856109201908112,0,0,0,20.4291074573994,192.500772297382,0.356343448162079,73.727853178978,0,0,0,0,0,20.1279393732548,0,0,36.5768595039845,5.94538927078247,298.002276360989,1769.46077740192,4411.83371239901,29602.8755648732,5180.49656021595,1466.92160159349,130.061464816332,0,0
0,2.97651599347591,0,62.2260836884379,0,12.869341775775,0,0,0,0.183381617069244,0,0,0,0,0,0,46.7444838359952,347.535253465176,761.588216967881,0,0,0,0,0,0,0,0,0,0,0,0,0,156.217663541436,0,0,138.541125103831,27.0199330449104,0,0,0,6.49078591167927,1221.81173045188,0.157190442085266,0,0,1286.1241991967,6.69330582022667,1758.53038717806,227.074011817575,503.88163074851,0,0,0,0,0,2.39479541778564,0,1.2366728335619,0,0.137983486056328,0,0.426996961236,146.355411872268,0.739414751529694,0,0,0,0,0,0,0,0,12.5482738912106,0,0,432.919172137976,0,0,2786.54516519606,0.627424418926239,111.000201508403,0,616.149907082319,21.4287264347076,2328.41905064136,0,0
0,0,42.4462118893862,0.610337138175964,4.70738081634045,0,0,0,0.618371844291687,0,0,0,0,0,0,0,518.763201616704,101.96103054285,2584.18922171742,0,10.9043643474579,0,0,0.237038090825081,0,0,0,0,0,0,0,0,0.899065554141998,0,0,0,0,0,0.924968838691711,6.49078591167927,0,38.8051029518247,1468.89105530083,0.871650457382202,0,18.0320659130812,1183.20240101963,14.9736239910126,836.78585191071,5.44128757715225,0.530491203069687,0,0,0,0,0,8.66882658004761,0,0,0,0,0,1.70616762340069,159.396147251129,0,0,0,0,0,0,0,0,6.62690537422895,0,0,1.85516208410263,0,0,5.87442652881145,224.086424037814,0.823352888226509,0,425.343557335436,2.38877438008785,2008.22713690996,0,0
0.115989245474339,1221.71588903666,10.1601670458913,350.900295324624,5.58951032161713,12.9447972550988,0,0,0,106.51994817704,0,0,0,0,0,0.171973705291748,25.6014904901385,120.65546771884,354.225081145763,0,0,0,0,15.8584486246109,0,0,0,0,0,0,0,0,0,0,1.77366876602173,1.08780153095722,0,7.96174088120461,0,1221.81173045188,38.8051029518247,0,174.52649987489,1.09960435330868,0,1506.06553005427,7.9451964199543,22.3327033370733,2.72432690858841,550.053696028888,0,0,0,0,0,43.1655148118734,0.659222573041916,416.25516538322,0,57.2572045996785,0,106.229660384357,9.66637153923512,0,0,0,0,0,0,0,0,0,636.116236977279,0.152146309614182,0,0,1.15295267105103,0,366.880721844733,1.66779212653637,273.62755985558,0.133361354470253,1645.8025174439,54.3668283000588,4740.20793605596,0,0
228.957087352872,12.7648073807359,482.591148778796,0.74250465631485,116.919633485377,0,0,0,104.182837471366,0,0,0,0,0,2.38100756704807,0,86.9532505869865,7.44396793097258,399.100843138993,0,4.35890750586987,0,0,0,5.77199982106686,0,0,0,0,0,0,0,0,0,0,0,1.04647195339203,16.7629996538162,18.3446958363056,0.157190442085266,1468.89105530083,174.52649987489,0,0,0,0.325453877449036,745.837255261838,1566.36635904759,791.957197785378,193.959854379296,8.98698930442333,0,0,0,212.935148403049,0.245802015066147,91.1762242466211,0.613967999815941,1.27206252515316,0.126164898276329,10.08358900249,0.164317831397057,0,47.5777316614985,0,0,0.646003514528275,15.0738033354282,0,0,0,0,0.218818962574005,103.343573048711,0,0,0.175324812531471,0,0.726858198642731,146.021130643785,12.4746405407786,233.158174008131,1600.68419729173,24.0731790959835,7044.08275255561,0,0
0,0,0,0,0,0,0,0,0,0,0,0,0,0,0,0,0.145515233278275,0,1.30850258469582,0,0,0,0,0,0,0,0,0,0,0,0,0,0,0,0,0,0,0,0,0,0.871650457382202,1.09960435330868,0,0,0,0,0,0,0,0,0,0,0,0,0,0,0,0,0,0,0,0,0,0,0,0,0,0,0,0,0,0,0,0,0,0,0,0,0,0,0,0,0.646202862262726,0,0.1998550593853,0,0
0,0,0,0,0,0,0,0,0,0,0,0,0,0,0,0,0,0,0,0,0,0,0,0,0,0,0,0,0,0,0,0,0,0,0,0,0,0,0,0,0,0,0,0,0,0,0,0,0,0,0,0,0,0,0,0,0,0,0,0,0,0,0,0,0,0,0,0,0,0,0,0,0,0,0,0,0,0,0,0,0,0,0,0,0,0,0
0,2.84637895226479,0.37064902484417,164.04094016552,0,15.8872629180551,0,0,0,0.130857840180397,0,0,0,0,0,0,59.322519056499,349.942213155329,1855.91400081664,2.87192305922508,0,0,0,0,0,0,0,0,0,0,0,0,0,0,0,0,0,0,0,1286.1241991967,18.0320659130812,1506.06553005427,0.325453877449036,0,0,0,16.2502110376954,0,0,27.6656729280949,0,0,0,0,0,8.46563068032265,0.429921269416809,4.10742965340614,0,0.331643529236317,0,0.634936898946762,1253.13965493441,1.415541857481,0,0,0,0,0,0,0,0,66.3814274147153,0,0,0,0,0,191.762369409204,0.275097623467445,24.9726894423366,0,703.645190753043,81.6551213413477,2099.50404652953,0,0
0,0,217.605163156986,1.17945790290833,9.56581680476665,0,0,0,0,0.4138143658638,0,0,0,0,0,0,253.453288882971,128.895646154881,2200.00866831839,0,1.36812543869019,0,0,0,0,0,0,0,0,0,0,0,0,0,0,0,0,0,0,6.69330582022667,1183.20240101963,7.9451964199543,745.837255261838,0,0,16.2502110376954,0,0,2.40522408485413,0,3.55657449364662,0,0,0,0,0,50.9480713531375,0,0,0,0,0,1.2520242780447,46.389810308814,0,0,0,0,0,0,0,0,9.18889962136745,0,0,0,0,0,8.95977009832859,199.723137326539,4.35172693431377,0,325.717003151774,2.02103810012341,1678.14869517833,0,0
4.9144990965724,3.80085002630949,0,0,0,0,0,0,5.25900231301785,0,0,0,0,0,0,0,0,0,0.259731113910675,0,0,0,0,0,0,0,0,0,0,0,0,16.8216942995787,1749.54477308691,938.208769887686,3583.02250668406,73.6367471516132,729.556435927749,331.411146014929,531.891463160515,1758.53038717806,14.9736239910126,22.3327033370733,1566.36635904759,0,0,0,0,0,676.921050645411,4024.08024053276,0,0,0,0,17.3878322839737,1.18839490413666,0,0,0,0,1.82533371448517,0,0,0,0,0,8.24593645334244,2.81724673509598,0,0,0.38716521859169,0,0,32.6974342912436,0,4700.41664384305,494.204471766949,759.502712979913,124.454690217972,655.858099445701,870.017307981849,65.630473613739,2590.97783879191,19.9005476236343,1867.41275270283,0,0
45.9978860616684,4.36195749044418,1.4903486520052,0,0.194109231233597,0,0,0,0,0,0,0,0,0,0,0,0,0,0.953911170363426,0,0.77061702311039,0,18.7661889791489,0,76.8753250837326,0,0,0,0,0,0,0,40.2446971535683,0.367303669452667,0,0,0,0.183071866631508,126.023258686066,227.074011817575,836.78585191071,2.72432690858841,791.957197785378,0,0,0,2.40522408485413,676.921050645411,0,509.470633380115,0.347275897860527,0,0,0,2.52784046530724,0,2.93618456274271,0,0,0.159454047679901,0,0,0,0,0,0.691466331481934,0,0,0,0,0,0,0,170.449787437916,0,68.5394471585751,1.29052983224392,0,0,6.43665699660778,6.68552152812481,219.984893098474,649.216703139246,0.80327296257019,1289.65633168072,0,0
3.92555946111679,343.852581679821,0.620410919189453,8.43526820838451,1.16829097270966,0.141858667135239,0,0,1.22593525797129,1.99713890254498,0,0,0,0,0,0,0,0,0.49706569314003,2.52165567874908,0,0.487242877483368,0,1.45994326472282,0,0,0,0,0,0,0,0,510.680647134781,0,154.894425481558,0.184305995702744,27.1763803958893,331.425852194428,0.737915754318237,503.88163074851,5.44128757715225,550.053696028888,193.959854379296,0,0,27.6656729280949,0,4024.08024053276,509.470633380115,0,0,0,0,0,0.826760366559029,0.623517960309982,0,208.115424767137,0,7.95130302757025,0,35.7584780678153,138.393863514066,0,0,0,177.693047359586,0,0,0,2.99276810884476,0,136.448167294264,3.60760729014874,0,868.563245072961,0,17.853311792016,28.2873954474926,9.0424000620842,1245.48796275258,11.8619481995702,1211.22814913094,0.244339995086193,1318.51249070466,0,0
0,0,61.6958205103874,0,12.4184786677361,0,0,0,0,0,0,0,0,0,0,0,0.317761316895485,0,0.433868259191513,0,49.6000251471996,0,0,0,0,0,0,0,0,0,0,0,0,0,0,0,1.12510108947754,0,0,0,0.530491203069687,0,8.98698930442333,0,0,0,3.55657449364662,0,0.347275897860527,0,0,0,0,0,0,0,0,0,0,0,0,0,0,1.97981286048889,0,0,0,0,0,0,0,0,0,0,0,0,0,0,0,5.71341647207737,0,0,114.172108151019,0,156.016230136156,0,0
0,0,0,21.5018173456192,0,36.5264014303684,0,3.60345005989075,0,0,0,8.78680929541588,0,0,0,0,0,0,0,0,0,0,0,0,0,0,0,0,0,0,0,0,0,0,0,0,0,0,0,0,0,0,0,0,0,0,0,0,0,0,0,0,0,0,0,0,0,83.0366883575916,0,14.7287376523018,0,0,0,0,0,0,0,0,0,0,0,0,0,0,0,0,0,0,0,0,0,0,302.928837656975,0,74.0469916462898,0,0
0,0,0,0,0,0,2,0,0,0,0,0,0,0,0,0,0,0,0,0,84.6765717864037,0,0,0,0,0,0,0,0,0,0,0,0,0,0,0,0,0,0,0,0,0,0,0,0,0,0,0,0,0,0,0,0,0,0,0,0,0,0,0,0,0,0,0,0,0,0,0,0,0,0,0,0,0,0,0,0,0,0,0,0,0,275.981029212475,0,0,0,0
0,0,0,0,0,0,0,3,0,0,0,0,0,0,0,0,0,0,0,0,0,0,0,0,0,0,0,0,0,0,0,0,0,0,0,0,0,0,0,0,0,0,0,0,0,0,0,0,0,0,0,0,0,0,0,0,0,3.88361966609955,0,0,0,0,0,0,0,0,0,0,0,0,0,0,0,0,0,0,0,0,0,0,0,0,2,0,0,0,0
67.5350194275379,0.646608710289001,1.78525573015213,0.568648338317871,0,0,0,0,213.839537233114,0,0,0,0,0,140.544620752335,0,0,0,1.00993697345257,0,0,0,0,0,0.33151587843895,0,16.9150117635727,0,0,0,0,0,0,0,0,0,0,1.92026010155678,412.266218319535,0,0,0,212.935148403049,0,0,0,0,17.3878322839737,2.52784046530724,0.826760366559029,0,0,0,0,0,0.152737885713577,0,0.184508204460144,0,0,81.5963392555714,0,0,0,0,0,0,48.5442502647638,0,0,0,0,0,0,0,0,0,0,0,0,1.91364188492298,244.456160277128,194.702894866467,2.49702656269073,411.09807023406,0,0
0.137001499533653,292.792984381318,0,5.27954041957855,0,5,0,0,0,695.320624887943,0,0,0,0,0,169.506770893931,0.239579893648624,4.17300091683865,5.35761469602585,0,0,0,0,23.817771807313,0,0,0,0,0,0,0,0,0,5.8362123221159,0,0,0,31.0608619451523,0,2.39479541778564,0,43.1655148118734,0.245802015066147,0,0,8.46563068032265,0,1.18839490413666,0,0.623517960309982,0,0,0,0,0.152737885713577,0,0,0.292657002806664,0,0,0,66.8899719119072,0,0,0,0,248.98200532794,0,0,0,0,0,2.69147719442844,0,0,0,13.8238622695208,0,0,0,137.166918188334,0,82.1175900399685,22.8846288025379,96.7668426111341,0,0
0,0,128.613457091153,0,0,0,0,0,0,0,934.422344565392,0,0,0,0,0,2.04704774171114,0.82625126093626,17.0506601110101,0,3.22769021987915,0,0,0,0,0,0,0,0,0,0,0,0,0,0,0,2.88553903996944,0,455.84749341011,0,8.66882658004761,0.659222573041916,91.1762242466211,0,0,0.429921269416809,50.9480713531375,0,2.93618456274271,0,0,0,0,0,0,0,0,0,0,0,0,0,0,0.23348206281662,0,0,0,0,0,0,0,1.89649215340614,0,170.327307909727,0,0,0,0,0,5.82041071355343,0,0,384.638180702925,0,372.81273945421,0,0
0,12.481454372406,0,4.70899642258883,0,3.51194827258587,0,0,0.15368489921093,6.31131305545568,0,7234.17203119397,0,0,0,0,1.21080923825502,3.79891940206289,9.50869931280613,3469.51427660882,0,0,0,0.200005799531937,0,0,0,0,0,0,0,0,0,0,0,1250.63504421711,0,1686.5832439661,0,1.2366728335619,0,416.25516538322,0.613967999815941,0,0,4.10742965340614,0,0,0,208.115424767137,0,83.0366883575916,0,3.88361966609955,0.184508204460144,0.292657002806664,0,0,0,405.004172183573,0,13.2343780621886,1029.54254163802,0,0,0,0,0,0,0,0,0,319.725285828114,0,0,0,0,0,27.1370499879122,0,120.345828443766,0,1073.15863347799,103.376024700701,548.799752138555,0,0
0,0,151.1619130373,0,0,0,0,0,0,0,0,0,5.57173156738281,0,0,0,0,0,0,0,0,0,0,0,0,0,0,0,29.9903125762939,0,0,0,0,0,0,0,0,0,0,0,0,0,1.27206252515316,0,0,0,0,0,0,0,0,0,0,0,0,0,0,0,0,0,0,0,0,0,0,0,0,0,0,0,0,0,0,0,0,0,0,0,0,0,0,0,4,0,2.14266483485699,0,0
0,0.316205739974976,0,189.051999628544,0,9.08783835172653,0,0,0,0,0,17.4426491856575,0,279.686381652951,0,0,0,0.0940706506371498,0,0,0,0,0,0,0,0,0,1.13162803649902,0,0,0,0,0,0,0,0,0,0,0,0.137983486056328,0,57.2572045996785,0.126164898276329,0,0,0.331643529236317,0,0,0.159454047679901,7.95130302757025,0,14.7287376523018,0,0,0,0,0,405.004172183573,0,0,0,0.531644850969315,0,0,0,0,0,0,0,0,0,0,5.92343280464411,0,0,0,0,0,0,0,0,0,388.678364291787,953.013918966055,287.756517320871,0,0
6.11564552783966,0,92.7553508281708,0,0,0,0,0,23.8394125103951,0,0,0,0,0,33.7763850688934,0,7.62626653909683,0,0,0,0,0,0,0,0,0,4.63615691661835,0,4.57589673995972,0,0,0,0,0,0,0,0,0,0.856109201908112,0,0,0,10.08358900249,0,0,0,0,1.82533371448517,0,0,0,0,0,0,81.5963392555714,0,0,0,0,0,0,0,0,0,0,0,0,2.48791936039925,0,0,0,0,0,0,0,0,0,0,0,0,0.36283615231514,3.73432829976082,1020.8503472358,90.7059074044228,30.9724019467831,0,0
0,180.855287134647,0,14.5520901530981,0,4.2273562848568,0,0,0,455.752907693386,0,0,0,13.3184268325567,0,150.547049671412,0,3.75314474105835,0,0,0,0,0,0,0,0,0,0,0,0,0,0,0,0,0,0,0,0,0,0.426996961236,0,106.229660384357,0.164317831397057,0,0,0.634936898946762,0,0,0,35.7584780678153,0,0,0,0,0,66.8899719119072,0,13.2343780621886,0,0.531644850969315,0,0,0,0,0,0,0,0,0,0,0,0,25.1907628402114,0,0,0,0,0,0,0,0,0,207.928041487932,12.8355756998062,74.8312490209937,0,0
0,0,0,3.33853383362293,0,0,0,0,0,0,0,308.477568611503,0,0,0,0,4.26402515172958,11.8329123258591,84.689620539546,1704.73258212209,0,0,0,0,0,0,0,0,0,0,0,0,0,0,0,1079.46622762084,0,158.137954592705,0,146.355411872268,1.70616762340069,9.66637153923512,0,0,0,1253.13965493441,1.2520242780447,0,0,138.393863514066,0,0,0,0,0,0,0,1029.54254163802,0,0,0,0,0,0,0,0,0,0,0,0,0,0,30.7659410536289,0,0,0,0,0,137.028255701065,0,48.9905909895897,0,1370.7610809803,3.56299844384193,454.318272098899,0,0
0,0,1.41375670582056,0,16.7942663729191,0,27.5827342271805,0,0,0,541.004161417484,0,0,0,0,0,8.17964688688517,2.63472162187099,28.4218762591481,0,152.794983863831,0,0,0,0,0,0,0,0,0,0,0,0,0,0,0,7.2356738448143,0,0,0.739414751529694,159.396147251129,0,47.5777316614985,0,0,1.415541857481,46.389810308814,0,0,0,1.97981286048889,0,0,0,0,0,0.23348206281662,0,0,0,0,0,0,0,0,0,0,0,0,0,0,0,0,0,0,0,0,0,0.3272884786129,379.6263692379,0,0,115.717534951866,0,148.775135219097,0,0
0,0,0,0,0,0,0,0,0,0,0,0,0,0,0,0,0,0,0,0,0,9605.2992066592,1615.443808496,157.583669990301,0,0,0,1800.39854082465,0,0,0,0,0,0,0,0,0,4349.83985818923,20.4291074573994,0,0,0,0,0,0,0,0,0,0,0,0,0,0,0,0,0,0,0,0,0,0,0,0,0,0,724.931553095579,5.64135982096195,0,0,0,123.890836745501,0,0,0,0,0,2.10010516643524,0,0,0,1716.98902589083,223.784456729889,1920.11151987314,129.936193719506,0,0,0
0,0,0,0,0,0,0,0,0,0,0,0,0,0,0,0,16.2219347655773,0,0,0,0,4888.64586299658,9188.83587929606,0,312.452074706554,0,577.083542585373,0,116.058123588562,0,0,0,0,0,0,0,0,18.2529177367687,192.500772297382,0,0,0,0,0,0,0,0,0,0.691466331481934,0,0,0,0,0,0,0,0,0,0,0,0,0,0,0,724.931553095579,0,0,64.948301255703,0,386.357631385326,0,34.7200284004211,0,0,0,0,0,0,0,0,56.9074846804142,275.873143970966,4365.07636256516,2183.47525921464,0,0,0
0,0.376911759376526,0,0,0,0,0,0,0,78.8719754070044,0,0,0,0,0,1.85032127797604,0,0,0,0,0,9.87260085344315,0,594.669878870249,0,2,0,0,0,0,0,0,0,9.20295009016991,0,0,0,781.057223469019,0.356343448162079,0,0,0,0.646003514528275,0,0,0,0,8.24593645334244,0,177.693047359586,0,0,0,0,0,248.98200532794,0,0,0,0,0,0,0,0,5.64135982096195,0,0,0,2,0,0,0,0,0,0,0,23.4243973344564,0,0,0,343.986654773355,0,127.12826859951,8.45200942456722,149.073836430907,0,0
0.240169838070869,0,0,0,0,0,0,0,0.240495532751083,0,0,0,0,0,1.24270308017731,0,0,0,0,0,0,0,384.822551220655,0,407.164772450924,0,1074.19118106365,0,0,0,0,0,0,0,0,0,0,0,73.727853178978,0,0,0,15.0738033354282,0,0,0,0,2.81724673509598,0,0,0,0,0,0,48.5442502647638,0,0,0,0,0,2.48791936039925,0,0,0,0,64.948301255703,0,0,0,1289.25435608625,0,0,0,0,0,0,0,0,0,0,0,321.47429767251,798.217927068472,45.3547621965408,78.3175069689751,0,0
0,0,0,0,0,0,0,0,0,214.541599750519,0,0,0,0,0,271.572262048721,9.13014377653599,1.68727684020996,0,0,0,0,0,87.4047288894653,0,4,0,0,0,0,0,0,0,0,0,0,0,0,0,0,0,0,0,0,0,0,0,0,0,0,0,0,0,0,0,0,0,0,0,0,0,0,0,0,0,0,2,0,0,0,0,0,0,0,0,0,0,0,0,0,0,0,60.851625919342,0,0,0,0
0,0,0,0,0,0,0,0,339.538535356522,0,0,0,0,0,0,0,136.912317559123,0,0,0,0,0,76.7955580055714,0,2341.35362067819,0,1926.59215244651,0,1092.37386614084,0,0,0,0,0,0,0,0,0,0,0,0,0,0,0,0,0,0,0,0,0,0,0,0,0,0,0,0,0,0,0,0,0,0,0,0,386.357631385326,0,1289.25435608625,0,0,0,4.86776506900787,0,0,0,0,0,0,0,0,0,0,1765.84272781014,0,0,0,0
0,0,0,0,0,0,0,0,0,0,0,0,0,8.69900953769684,0,0,0,0,0,0,0,223.249848425388,0,0,0,0,0,2991.06885941327,0,1660.28835752606,0,0,0,0,0,0,0,930.074586063623,0,0,0,0,0,0,0,0,0,0.38716521859169,0,2.99276810884476,0,0,0,0,0,0,0,0,0,0,0,0,0,0,123.890836745501,0,0,0,0,0,0,0,252.386773169041,0,0,0,0,0,0,0,173.129043221474,0,4410.85024185479,4673.68458046764,6.40850007534027,0,0
0,0,0,0,0,0,0,0,0,0,0,0,0,0,0,0,0,0,0,0,0,0,1103.8872486949,0,0,0,5.82505369186401,0,5274.74519130588,0,321.393693804741,0,0,0,0,0,0,0,0,0,0,0,0,0,0,0,0,0,0,0,0,0,0,0,0,0,1.89649215340614,0,0,0,0,0,0,0,0,34.7200284004211,0,0,0,4.86776506900787,0,0,0,97.1164431273937,0,0,0,0,0,0,0,61.3150802850723,1717.79756093025,104.606108546257,0,0,0
0,32.9049607738853,0.989142835140228,18.2105081826448,0,1.73008474707603,0,0,0,138.841512449086,0,62.9377708435059,0,0,0,0,21.2532319948077,216.277910746634,470.882763139904,0,0,0,0,22.861774072051,0,0,0,188.319276332855,0,725.972893714905,0,0,0,0,0,0,0,2948.68203496933,0,12.5482738912106,6.62690537422895,636.116236977279,0.218818962574005,0,0,66.3814274147153,9.18889962136745,0,0,136.448167294264,0,0,0,0,0,2.69147719442844,0,319.725285828114,0,5.92343280464411,0,25.1907628402114,30.7659410536289,0,0,0,0,0,0,0,252.386773169041,0,0,0,0,0,0,0,16.0512828752398,0,26.1783647984266,0,1080.17029891908,23.4620383158326,727.195412434638,0,0
0.272358164191246,0.930440053343773,0,0,0,0,0,0,0,0,0,0,0,0,0,0,0,0,0,0,0,0,0,0,0,0,0,0,147.068531036377,0,1736.35590291023,0,0,0,0,0,0,0,20.1279393732548,0,0,0.152146309614182,103.343573048711,0,0,0,0,32.6974342912436,170.449787437916,3.60760729014874,0,0,0,0,0,0,170.327307909727,0,0,0,0,0,0,0,0,0,0,0,0,0,0,97.1164431273937,0,0,0,0,0,0,0,0,0,249.752623096108,229.710778154433,0,278.301494061947,0,0
0,0,0,0,0,0,0,0,0,0,0,0,0,0,0,0,0,0,0,0,0,0,0,0,0,0,0,0,0,0,0,3711.50881837308,4860.46575582027,0,2.09892755746841,248.061439752579,77.4534494578838,0,0,0,0,0,0,0,0,0,0,0,0,0,0,0,0,0,0,0,0,0,0,0,0,0,0,0,0,0,0,0,0,0,0,0,0,0,0,28.0062124580145,53.2055416107178,1,21.4777376055717,0.974531337618828,0,0,729.571326851845,0,0,0,0
0,0,0,0,0,0,0,0,0,0,0,0,0,0,0,0,0,0,0,0,0,0,0,0,0,0,0,0,0,0,0,316.009275659919,1188.34909260273,1,13.6914969682693,132.109164327383,73.0121817141771,0,0,432.919172137976,1.85516208410263,0,0,0,0,0,0,4700.41664384305,68.5394471585751,868.563245072961,0,0,0,0,0,0,0,0,0,0,0,0,0,0,0,0,0,0,0,0,0,0,0,0,28.0062124580145,0,4.23378920555115,299.682165130973,0,14.4914091676474,0,0,769.826595544815,0,1.5815352499485,0,0
0,1.31070584058762,0,0,0,0,0,0,0,4.18418389558792,0,0,0,0,0,0.497615396976471,0,0,0,0,0,7.8704539090395,0,13.8240446746349,0,0,0,0,0,0,0,9.9963366985321,134.930158615112,850.85868370533,4671.60427355766,1.21363568305969,133.141750812531,143.359554663301,36.5768595039845,0,0,1.15295267105103,0.175324812531471,0,0,0,0,494.204471766949,1.29052983224392,0,0,0,0,0,0,13.8238622695208,0,0,0,0,0,0,0,0,2.10010516643524,0,23.4243973344564,0,0,0,0,0,0,0,53.2055416107178,4.23378920555115,0,1497.52093166113,0,4.24055194854736,134.511236846447,0,1181.46997119486,4.47541707754135,39.8089913725853,0,0
0,0,0,0,0,0,0,0,0,0,0,0,0,0,0,0,0,0,0,0,0,0,0,0,1.00214174389839,0,0,0,0,0,0,42.1079801619053,174.358012676239,4464.83191886544,376.097693786025,0,283.017577722669,0,5.94538927078247,0,0,0,0,0,0,0,0,759.502712979913,0,17.853311792016,0,0,0,0,0,0,0,0,0,0,0,0,0,0,0,0,0,0,0,0,0,0,0,0,1,299.682165130973,1497.52093166113,0,0,92.5429942011833,0,0.178518414497375,1046.30689506233,188.393197566271,1.47432866692543,0,0
0,1.63086999952793,0,5.85500836372375,0,0,0,0,0,2.03754714131355,0,1.57700634002686,0,0,0,0,55.7915923446417,304.42228385061,1014.24586683512,16.4872171878815,0,0,0,0.171357527375221,0,0,0,0,0,0,0,126.583318948746,137.613358974457,1,0,35122.3351069987,11974.0939845443,1542.43542402983,298.002276360989,2786.54516519606,5.87442652881145,366.880721844733,0.726858198642731,0,0,191.762369409204,8.95977009832859,124.454690217972,0,28.2873954474926,0,0,0,0,0,0,0,27.1370499879122,0,0,0,0,137.028255701065,0.3272884786129,0,0,0,0,0,0,0,0,16.0512828752398,0,21.4777376055717,0,0,0,0,722.104414522648,159.883328005672,0,5945.45384904742,823.929318159819,312.307629093528,0,0
0,0,5.81714402884245,0,0.853140324354172,0,9.15921068191528,0,0,0.222474232316017,262.08589887619,0,0,0,0,0,73.6004227474332,8.59178431332111,290.666891030967,0,266.386538565159,0,0,0.332592934370041,0,0,0,0,0,0,0,177.778080672026,90.0515456348658,0,604.070745721459,2174.84663400054,36722.6830094755,0,1769.46077740192,0.627424418926239,224.086424037814,1.66779212653637,146.021130643785,0,0,0.275097623467445,199.723137326539,655.858099445701,6.43665699660778,9.0424000620842,5.71341647207737,0,0,0,0,0,5.82041071355343,0,0,0,0,0,0,379.6263692379,0,0,0,0,0,0,0,0,0,0,0.974531337618828,14.4914091676474,4.24055194854736,92.5429942011833,722.104414522648,0,0,0,17605.9553028345,4097.41785815358,335.772721141577,0,0
0.132243260741234,3.27891005575657,0,0.136181831359863,0,0.158793643116951,0,0,1.20844286680222,48.4886787682772,0,28.5943478047848,0,0,0,1.1734681725502,4.66394799947739,114.275455608964,190.810171470046,1.89094996452332,0,3726.41068845987,104.210497766733,178.160097956657,0,0,0,24.9108362197876,0,21.1549826264381,0,0,0,182.541857898235,83.291267812252,3133.38002870977,5.67392843961716,17319.3733290881,4411.83371239901,111.000201508403,0.823352888226509,273.62755985558,12.4746405407786,0,0,24.9726894423366,4.35172693431377,870.017307981849,6.68552152812481,1245.48796275258,0,0,0,0,1.91364188492298,137.166918188334,0,120.345828443766,0,0,0.36283615231514,0,48.9905909895897,0,1716.98902589083,56.9074846804142,343.986654773355,0,0,0,173.129043221474,0,26.1783647984266,0,0,0,134.511236846447,0,159.883328005672,0,0,2133.13248871267,12913.5799908638,4527.11542350799,1013.46575338393,0,0
0,2.11530964076519,0,0,0,0,0,0,52.1716898679733,0,244.658013820648,0,0,0,3.52475056052208,0,0,0,0.20197394490242,0,0,585.181432157755,2661.64255812764,0,1128.67039561272,0,0,0,76.3913894295692,0,174.161794424057,0,0,323.458902478218,0,0,0,3169.68270125985,29602.8755648732,0,0,0.133361354470253,233.158174008131,0,0,0,0,65.630473613739,219.984893098474,11.8619481995702,0,0,0,0,244.456160277128,0,0,0,0,0,3.73432829976082,0,0,0,223.784456729889,275.873143970966,0,321.47429767251,0,0,0,61.3150802850723,0,249.752623096108,0,0,0,0.178518414497375,0,0,2133.13248871267,0,6412.45096898079,2493.54928229749,134.166077062488,0,0
