0,0,0.217599287629128,0,0,0,0,0,0.117881168054758,0,0,0,0,0,0,0,0.25541999791899,0.249666839838028,0.249177267313004,0,0.358124742905299,0,0,0,0,0,0,0,0,0,0,0,0,0,0,0,0.311318159103394,0,0.312224298715591,0,0.413680166006088,0.263701558113098,0.300297656344871,0,0,0,0.265684311588605,0.308289602398872,0.28166756594638,0,0,0,0,0,0.150627336859999,0,0.307981283034918,0,0,0,0,0,0,0.342760766354891,0,0,0,0,0,0,0,0,0,0.295877900861558,0,0,0,0,0,0.352726197915106,0,0.375323745939467,0.197679272496257,0,0.299685988997578,0,0.205002754926682
0,0,0,0.139072624947688,0,0,0,0,0,0.134798240113929,0,0,0,0,0,0,0.233318820595741,0.29163704599653,0.25140398008128,0,0,0,0,0,0,0,0,0,0,0,0,0,0,0,0,0,0,0,0,0.474959284067154,0,0.358617085841165,0,0,0,0.402160912752151,0,0,0,0.158759032314022,0,0,0,0,0,0.155632967750231,0,0.326891784866651,0,0,0,0,0,0,0,0,0,0,0,0,0,0,0,0,0,0,0,0,0.399816188216209,0.347598731517792,0.445236027240753,0.393375098705292,0.176802590450783,0,0.307234097215714,0.317932117443818,0
0.217599287629128,0,0,0,0.189889329796036,0,0.140134185552597,0,0.188934588432312,0,0,0,0,0,0.217428316430348,0,0,0,0,0,0.163072456916173,0,0,0,0,0,0,0,0,0,0,0,0,0,0,0,0,0,0.276617109775543,0,0.191632082064947,0,0.233116885647178,0,0,0,0.227154831290245,0,0.120583825227287,0,0.203536184877157,0,0,0,0.174514136144093,0,0,0,0.219993440168244,0,0.217738625818285,0,0,0,0,0,0,0,0,0,0,0,0,0,0,0,0,0,0,0,0,0,0.21592408336379,0,0.201704732263297,0,0.234909147024155
0,0.139072624947688,0,0,0,0.204608311540768,0,0,0,0.141242390429532,0,0,0,0,0,0,0,0,0.222046472132206,0.258971083495352,0,0,0,0,0,0,0,0,0,0,0,0,0,0,0,0.183907298743725,0.187390938401222,0,0,0.200619625008625,0,0.260072698971362,0,0,0,0.223987014163331,0,0.28208589553833,0.210673876106739,0.186274834835584,0,0.215670320828124,0,0,0,0.151564449071884,0,0.261028246333202,0,0.20412923488766,0,0.196209639310837,0.322435476976197,0,0,0,0,0,0,0,0,0,0,0,0,0,0,0,0.191920757293701,0,0,0,0.191716447656464,0,0.226678479507575,0.243046062210431,0
0,0,0.189889329796036,0,0,0,0.162661726985659,0,0.163701576265422,0,0,0,0.181991032578728,0,0.163955276503282,0,0,0,0,0,0.183157225325704,0,0,0,0,0,0,0,0,0,0,0,0,0,0,0,0.198443874716759,0,0,0,0,0,0.199958726763725,0,0,0,0,0,0.192189233377576,0,0.192286410989861,0,0.164419943094254,0,0.147951137806688,0,0.209865612288316,0,0.175455648827073,0,0.195510014891624,0,0,0.210941284894943,0,0,0,0,0,0,0,0,0,0,0,0,0,0,0,0,0,0,0.21178445225432,0.369359314441681,0.198493897914886,0,0
0,0,0,0.204608311540768,0,0,0,0.275496362720007,0,0,0,0,0,0,0,0,0,0,0,0.221243380941451,0,0,0,0,0,0,0,0,0,0,0,0,0,0,0,0,0,0,0,0,0,0,0,0,0,0,0,0,0,0,0,0.196322576442546,0,0,0,0,0,0,0,0,0,0,0.266959846019745,0,0,0,0,0,0,0,0,0,0,0,0,0,0,0,0,0,0,0,0.183376177346181,0.192890809973081,0.210470347610893,0,0
0,0,0.140134185552597,0,0.162661726985659,0,0,0,0,0,0.213384250332327,0,0.221933712561925,0,0,0,0,0,0,0,0,0,0,0,0,0,0,0,0,0,0,0,0,0,0,0,0,0,0,0,0,0,0,0,0,0,0,0,0,0,0.166249682505926,0,0.183344018956025,0,0,0,0.229147239015737,0,0.212221700958041,0,0,0,0,0,0,0,0,0,0,0,0,0,0,0,0,0,0,0,0,0,0,0,0.169476185214482,0.17609087534641,0,0,0
0,0,0,0,0,0.275496362720007,0,0,0,0,0,0.203328651799397,0,0.243708247513127,0,0,0,0,0,0,0,0,0,0,0,0,0,0,0,0,0,0,0,0,0,0,0,0,0,0,0,0,0,0,0,0,0,0,0,0,0,0.255797304864973,0,0.212483449210954,0,0,0,0.223809443414211,0,0.210490070283413,0,0,0,0,0,0,0,0,0,0,0,0,0,0,0,0,0,0,0,0,0,0,0.25531317293644,0,0,0,0
0.117881168054758,0,0.188934588432312,0,0.163701576265422,0,0,0,0,0,0,0,0,0,0,0,0,0,0,0,0,0,0,0,0.190088078379631,0,0,0,0,0,0,0,0,0,0,0,0,0,0,0,0,0,0.208519784112771,0,0,0,0.217083498835564,0,0.207126261327754,0,0,0,0,0,0.20466486729846,0,0.266114862901824,0,0.217126931995153,0,0.212445078248327,0,0,0,0,0,0,0.189168199896812,0,0.116374492645264,0,0,0,0,0,0,0,0,0,0.332793384790421,0,0.273960024118423,0.174369800072837,0,0.200639656469935,0,0
0,0.134798240113929,0,0.141242390429532,0,0,0,0,0,0,0,0,0,0,0,0.200280658223412,0,0,0,0,0,0,0,0.270635118087133,0,0,0,0,0,0,0,0,0,0,0,0,0,0.208641836508803,0,0,0,0.197346789287586,0,0,0,0,0,0,0,0.117464685346931,0,0,0,0,0,0.214999848462608,0,0.292153745889664,0,0,0,0,0,0,0,0,0,0,0,0,0,0,0,0,0,0,0,0,0,0,0.26578690799897,0,0.162289650052522,0.229966279119253,0.227485877918477,0,0
0,0,0,0,0,0,0.213384250332327,0,0,0,0,0,0,0,0,0,0,0,0,0,0.188093495037821,0,0,0,0,0,0,0,0,0,0.163296899743496,0,0,0,0,0,0.126075649634004,0,0.149496604638869,0,0,0,0,0,0,0,0,0,0,0,0,0,0,0,0,0,0.185530563402001,0,0.182220165928205,0,0,0,0,0.235338217445782,0,0,0,0,0,0,0,0,0,0.230455217510462,0,0,0,0,0,0,0,0,0.160881611208121,0,0,0,0
0,0,0,0,0,0,0,0.203328651799397,0,0,0,0,0,0.17950931928131,0,0,0,0,0,0.159002051821777,0,0,0,0,0,0,0,0,0,0.17115953830736,0,0,0,0,0,0.181185627684874,0,0.137308299037417,0,0,0,0,0,0,0,0,0,0,0,0,0,0.26276413187748,0,0.199175908513691,0,0,0,0.2482229951373,0,0.154446712949059,0,0,0.157224044203758,0,0,0,0,0,0,0,0,0,0.253472325392067,0,0,0,0,0,0,0,0.106855750083923,0,0.198710095393208,0.25933533122665,0,0,0
0,0,0,0,0.181991032578728,0,0.221933712561925,0,0,0,0,0,0,0,0.272648271268218,0,0,0,0,0,0,0,0,0,0,0,0.11813497543335,0,0.108845316804945,0,0,0,0,0,0,0,0,0,0,0,0,0,0,0,0,0,0,0,0,0,0,0,0.213504106533237,0,0,0,0.216503882823988,0,0.257896461858858,0,0.140964359045029,0,0,0,0,0,0,0,0,0,0,0,0,0,0,0,0,0,0,0,0,0,0.245167102743971,0.315407837430636,0,0,0
0,0,0,0,0,0,0,0.243708247513127,0,0,0,0.17950931928131,0,0,0,0.342502207159996,0,0.112744370475411,0,0,0,0,0,0,0,0,0,0,0,0,0,0,0,0,0,0,0,0,0,0,0,0,0,0,0,0,0,0,0,0,0,0,0,0.214000636339188,0,0,0,0,0,0.278146199521519,0,0.260415654629469,0,0,0,0,0,0,0,0,0,0,0,0,0,0,0,0,0,0,0,0,0.272397976663104,0,0,0,0
0,0,0.217428316430348,0,0.163955276503282,0,0,0,0,0,0,0,0.272648271268218,0,0,0,0,0,0,0,0,0,0,0,0,0,0,0,0,0,0,0,0,0,0,0,0,0,0,0,0,0,0.235292635858059,0,0,0,0.22373890131712,0,0.206481864316422,0,0,0,0,0,0,0,0.228164496166365,0,0.226063908368815,0,0.18916732394438,0,0,0,0,0,0,0,0,0.120972648262978,0,0,0,0.259585946798325,0,0,0,0,0,0,0,0,0.264533524842639,0.210048526525497,0.218427987348649,0,0
0,0,0,0,0,0,0,0,0,0.200280658223412,0,0,0,0.342502207159996,0,0,0,0.187366962432861,0,0,0,0,0,0,0,0,0,0,0,0,0,0,0,0,0,0,0,0,0,0,0,0,0,0,0,0,0,0,0,0,0,0,0,0,0,0,0,0,0,0.37187647819519,0,0.180507729331395,0,0,0,0,0,0,0,0,0,0,0,0,0,0,0,0,0,0,0,0,0.239777561295148,0.229066833853722,0,0,0
0.25541999791899,0.233318820595741,0,0,0,0,0,0,0,0,0,0,0,0,0,0,0,0.159797259056192,0.303025910157817,0,0.369703431924184,0.154019072651863,0.152085097211901,0,0,0.125980436056852,0.127546780836839,0,0,0,0,0,0,0,0,0,0.343052327632904,0,0.292178422212601,0.29170695870695,0.294436094210003,0.242185536515096,0.227081172557658,0.246123395860195,0.255255520343781,0.269986045581323,0.254873441874981,0,0,0,0,0,0,0,0,0,0,0,0,0,0,0,0,0.278787600803883,0.14811883866787,0,0,0,0,0.12209900061405,0,0,0,0.31117258764602,0,0,0,0,0.332274507482847,0.314531482335341,0,0.316482395825223,0.177479351405309,0.142936555996593,0.294429280557727,0.231156468391418,0.227009956086048
0.249666839838028,0.29163704599653,0,0,0,0,0,0,0,0,0,0,0,0.112744370475411,0,0.187366962432861,0.159797259056192,0,0.277246430683749,0,0,0.132893161744212,0.128929229480201,0,0,0.141574895726709,0.132886204336371,0.134139940142632,0,0,0,0,0,0,0,0,0.289656817913055,0,0.316215723752975,0.283397380510966,0.282304631038146,0.235898871731632,0.222814551309535,0.222991006448865,0,0.273097316892642,0.246058346127922,0,0,0,0,0,0,0,0,0,0,0,0,0,0,0.123888948311408,0,0.264583607204258,0.15608620125125,0,0,0,0.138724989102532,0,0,0,0,0.266024979452292,0,0,0,0,0.3191084266185,0.300097464460187,0.293425977230072,0.3002049990464,0.160916996457978,0.139792801129082,0.283342346263649,0.233442124298641,0.220478213468536
0.249177267313004,0.25140398008128,0,0.222046472132206,0,0,0,0,0,0,0,0,0,0,0,0,0.303025910157817,0.277246430683749,0,0,0.356034909551208,0.208204314112663,0.256459310650826,0,0,0,0.19631764292717,0,0,0,0,0,0,0,0,0,0.349205339948336,0,0.361004028055403,0.309598376695327,0.312247015125929,0.255300916132139,0.20156871442863,0.19455306467257,0.186817305783431,0.277133007517118,0.276845333240628,0,0,0.207322183582518,0,0,0,0,0,0,0.275182586163282,0.354656935108374,0,0,0,0,0.400592178106308,0.30615297263895,0.214989110827446,0,0,0,0,0,0,0.264051824808121,0,0.309516265470549,0,0,0,0,0.362268699412977,0.350354830411416,0.47631847858429,0.353166496416605,0.233653978395201,0.21784512201945,0.352317560322472,0.224915177372935,0.196583834717873
0,0,0,0.258971083495352,0,0.221243380941451,0,0,0,0,0,0.159002051821777,0,0,0,0,0,0,0,0,0,0,0,0,0,0,0,0,0,0,0,0,0,0,0,0.164471459729405,0.182007256150246,0.141849159932973,0,0,0,0,0,0,0,0.272158064167289,0,0,0,0,0,0.239813539477968,0,0,0,0,0,0.248723274362939,0,0,0,0,0.179748489510995,0,0,0,0,0,0,0,0,0,0,0,0,0,0,0,0.194980353116989,0,0.160748034715652,0,0.189915462218079,0,0.238626293711743,0,0
0.358124742905299,0,0.163072456916173,0,0.183157225325704,0,0,0,0,0,0.188093495037821,0,0,0,0,0,0.369703431924184,0,0.356034909551208,0,0,0,0,0,0,0,0,0,0,0,0,0,0,0,0,0,0.171101919259967,0,0.221466654851197,0.313384264707565,0,0,0.365195944905281,0,0,0,0.274092867730125,0,0.376388788223267,0,0,0,0,0,0,0,0.221564782480908,0,0.29347750544548,0,0,0,0,0.293219891365646,0,0,0,0,0,0,0,0,0,0.260651642056269,0,0,0,0,0.388868749141693,0.286976051875032,0,0.264931982649224,0.200969222649762,0.177772085032155,0.280860352516174,0,0.378028929233551
0,0,0,0,0,0,0,0,0,0,0,0,0,0,0,0,0.154019072651863,0.132893161744212,0.208204314112663,0,0,0,0.142155983327516,0.156517799012363,0,0.114786170423031,0,0.12484138906002,0,0,0,0,0,0,0,0,0,0.171233707166644,0,0,0,0,0,0,0,0,0,0,0,0.243456111600002,0,0,0,0,0,0,0,0,0,0,0,0,0,0,0.133747659103245,0.142459958791733,0.145595457977973,0,0.106793927649657,0,0.124246376256148,0,0,0,0,0,0,0,0,0,0.273941657797928,0,0.163893495723377,0.277321077883244,0,0,0
0,0,0,0,0,0,0,0,0,0,0,0,0,0,0,0,0.152085097211901,0.128929229480201,0.256459310650826,0,0,0.142155983327516,0,0,0.292924697049286,0.121766615658998,0.134533834584216,0,0.127266943454742,0,0,0,0,0,0,0,0,0,0.186668397116482,0.263031408190727,0,0,0.229592427611351,0,0,0,0,0,0.287190705537796,0,0,0,0,0,0,0,0,0,0,0,0,0,0,0,0,0.135035379454705,0,0.222809072387846,0,0,0,0,0,0,0,0,0,0,0,0.288753032684326,0,0.224520019414248,0.141983288868617,0.153180827315037,0.290398322045803,0,0
0,0,0,0,0,0,0,0,0,0.270635118087133,0,0,0,0,0,0,0,0,0,0,0,0.156517799012363,0,0,0,0,0,0,0,0,0,0,0,0,0,0,0,0.179751906623232,0,0,0,0.271680246506418,0,0,0,0,0,0,0,0.309397685584299,0,0,0,0,0,0.326965264337403,0,0,0,0,0,0,0,0,0.235313653945923,0,0.207207027405099,0,0,0,0,0,0,0,0,0,0,0,0,0,0.206143459170749,0,0.273383185944774,0,0.261502598028849,0,0
0,0,0,0,0,0,0,0,0.190088078379631,0,0,0,0,0,0,0,0,0,0,0,0,0,0.292924697049286,0,0,0,0.128600433468819,0,0,0,0,0,0,0,0,0,0,0,0.263277796178917,0,0,0.330847837030888,0.339109629392624,0,0,0,0,0.429046005010605,0.336845665293581,0,0,0,0,0,0.152430055249068,0,0,0,0,0,0,0,0,0,0,0.273737588873157,0,0.229958900601649,0,0.135353488581521,0,0,0,0,0,0,0,0,0,0,0,0.303687382910563,0.149840841559987,0,0.340722084268928,0,0
0,0,0,0,0,0,0,0,0,0,0,0,0,0,0,0,0.125980436056852,0.141574895726709,0,0,0,0.114786170423031,0.121766615658998,0,0,0,0,0,0,0,0,0,0,0,0,0,0,0,0,0,0,0,0,0,0,0,0,0,0,0,0,0,0,0,0,0,0,0,0,0,0,0.148464724421501,0,0,0.155552491545677,0,0,0,0,0,0,0,0,0,0,0,0,0,0,0,0,0,0.139169084375988,0,0.218179807066917,0,0
0,0,0,0,0,0,0,0,0,0,0,0,0.11813497543335,0,0,0,0.127546780836839,0.132886204336371,0.19631764292717,0,0,0,0.134533834584216,0,0.128600433468819,0,0,0,0,0,0,0,0,0,0,0,0,0,0,0,0,0,0,0,0,0,0,0,0,0,0,0,0,0,0,0,0,0,0,0,0,0,0,0,0,0.136099598350677,0,0,0,0.166465995546717,0,0,0,0,0,0,0,0,0,0,0,0,0.15423055772077,0,0,0,0
0,0,0,0,0,0,0,0,0,0,0,0,0,0,0,0,0,0.134139940142632,0,0,0,0.12484138906002,0,0,0,0,0,0,0,0,0,0,0,0,0,0,0,0,0,0,0,0,0,0,0,0,0,0,0,0,0,0,0,0,0,0,0,0,0,0,0,0,0,0,0,0,0,0,0,0,0.131646803021431,0,0,0,0,0,0,0,0,0,0.130268059670925,0,0,0,0,0,0
0,0,0,0,0,0,0,0,0,0,0,0,0.108845316804945,0,0,0,0,0,0,0,0,0,0.127266943454742,0,0,0,0,0,0,0,0.124039994722063,0,0,0,0,0,0,0,0.171034542719523,0,0,0,0,0,0,0,0,0,0,0,0,0,0,0,0,0,0,0,0,0,0,0,0,0,0,0,0,0,0,0,0,0.147631615400314,0,0,0,0,0,0,0,0,0,0,0,0,0,0,0
0,0,0,0,0,0,0,0,0,0,0,0.17115953830736,0,0,0,0,0,0,0,0,0,0,0,0,0,0,0,0,0,0,0,0,0,0,0,0,0,0,0,0,0,0,0,0,0,0,0,0,0,0,0,0,0,0,0,0,0,0.127372935414314,0,0,0,0,0,0,0,0,0,0,0,0,0,0,0.137710273265839,0,0,0,0,0,0,0,0,0,0.183201758433943,0,0,0,0
0,0,0,0,0,0,0,0,0,0,0.163296899743496,0,0,0,0,0,0,0,0,0,0,0,0,0,0,0,0,0,0.124039994722063,0,0,0,0,0,0,0,0,0,0.136739828982653,0,0,0,0,0,0,0,0,0,0,0,0,0,0,0,0,0,0.219739835436751,0,0,0,0,0,0,0.267637931638294,0,0,0,0,0,0,0,0,0,0.191580193667185,0,0,0,0,0,0,0,0,0.160821709495324,0.18514229853948,0,0,0
0,0,0,0,0,0,0,0,0,0,0,0,0,0,0,0,0,0,0,0,0,0,0,0,0,0,0,0,0,0,0,0,0.126260988749683,0.312955490520431,0,0.249038185647412,0.150069829821587,0,0,0,0,0,0,0,0,0,0,0.351515792604894,0.499483193863522,0,0,0,0,0,0,0,0,0,0,0,0,0,0,0,0,0,0,0,0,0,0,0,0,0,0.273282928673698,0.118385212708123,0.336601647427264,0,0.283214326686059,0,0,0,0.159196256200218,0,0.432730178038279,0,0
0,0,0,0,0,0,0,0,0,0,0,0,0,0,0,0,0,0,0,0,0,0,0,0,0,0,0,0,0,0,0,0.126260988749683,0,0.139314225316048,0.132005718847116,0,0.179580846782958,0,0,0,0,0,0,0,0,0,0,0.186400392469912,0,0,0,0,0,0,0,0,0,0,0,0,0,0,0,0,0,0,0,0,0,0,0,0,0,0,0,0.179031588396474,0,0,0,0.199727344371024,0,0,0.132210805736773,0,0,0,0
0,0,0,0,0,0,0,0,0,0,0,0,0,0,0,0,0,0,0,0,0,0,0,0,0,0,0,0,0,0,0,0.312955490520431,0.139314225316048,0,0.157006476315079,0.20633560072544,0,0.2074654468894,0.119909049011767,0,0,0,0,0,0,0,0,0.311886218472801,0,0,0,0,0,0,0,0,0,0,0,0,0,0,0,0,0,0,0,0,0,0,0,0,0,0,0.344600986522525,0,0.184315222339786,0.145033675327295,0.280856400728226,0,0.305633270740509,0,0.155709854271858,0,0,0,0
0,0,0,0,0,0,0,0,0,0,0,0,0,0,0,0,0,0,0,0,0,0,0,0,0,0,0,0,0,0,0,0,0.132005718847116,0.157006476315079,0,0,0.127751392977578,0,0.493119463768411,0,0,0,0,0,0,0,0,0.29073293437266,0,0,0,0,0,0,0,0,0,0,0,0,0,0,0,0,0,0,0,0,0,0,0,0,0,0,0,0,0.155867271125317,0.215328360598812,0,0.122171884280269,0,0.188996279535215,0.124687762103147,0,0,0,0
0,0,0,0.183907298743725,0,0,0,0,0,0,0,0.181185627684874,0,0,0,0,0,0,0,0.164471459729405,0,0,0,0,0,0,0,0,0,0,0,0.249038185647412,0,0.20633560072544,0,0,0.183664031377455,0.186129035789709,0.228444310526053,0,0,0,0,0,0,0.152097737803212,0,0.280026165113602,0,0,0,0,0,0,0,0,0,0,0,0,0,0,0.162853960460268,0,0,0,0,0,0,0,0,0,0,0,0.135421837866306,0,0.175073375275662,0,0.221579302706192,0.198999211192131,0.213863948576878,0,0.211835752773196,0.324179640148082,0.178720430034325,0,0
0.311318159103394,0,0,0.187390938401222,0.198443874716759,0,0,0,0,0,0.126075649634004,0,0,0,0,0,0.343052327632904,0.289656817913055,0.349205339948336,0.182007256150246,0.171101919259967,0,0,0,0,0,0,0,0,0,0,0.150069829821587,0.179580846782958,0,0.127751392977578,0.183664031377455,0,0,0.162246421357394,0,0.170482091605663,0,0,0,0.331407606601715,0.163954118436033,0.241935200380079,0.252170616814068,0,0,0,0,0,0,0.176596105098724,0,0.326146960258484,0,0,0,0,0,0.168319859183752,0.215748177468777,0,0,0,0,0,0,0,0,0,0,0,0.170225503189223,0,0.133400074516733,0.232695949077606,0.209225901045608,0,0.15324079702625,0.175053282659028,0.198443731708492,0.180715369847086,0,0.369331806898117
0,0,0,0,0,0,0,0,0,0.208641836508803,0,0.137308299037417,0,0,0,0,0,0,0,0.141849159932973,0,0.171233707166644,0,0.179751906623232,0,0,0,0,0,0,0,0,0,0.2074654468894,0,0.186129035789709,0,0,0.144986206931727,0,0,0.277634994491287,0,0,0,0,0,0.710745371583615,0,0.449994909925391,0,0,0,0,0,0.29603942005492,0,0,0,0,0,0,0.137097614732656,0,0.154313622324756,0,0.341068195754831,0,0,0,0,0,0.147866912299606,0,0,0,0.155519186321533,0,0.199970799401916,0,0.222148327462404,0,0.270551433811077,0.473152264168388,0.330925707822059,0,0
0.312224298715591,0,0.276617109775543,0,0,0,0,0,0,0,0.149496604638869,0,0,0,0,0,0.292178422212601,0.316215723752975,0.361004028055403,0,0.221466654851197,0,0.186668397116482,0,0.263277796178917,0,0,0,0.171034542719523,0,0.136739828982653,0,0,0.119909049011767,0.493119463768411,0.228444310526053,0.162246421357394,0.144986206931727,0,0,0,0.348420292832131,0.293261651965705,0,0,0,0.26912306738086,0.698087424197247,0.334386106957948,0.350090099232537,0,0,0,0,0.148715435354798,0,0.137082454303037,0,0,0,0,0,0,0.286608331743384,0,0.324589410308926,0,0.27228326615998,0,0,0,0,0,0.133837054350546,0,0,0.112590290606022,0.220251317905343,0.316436598698298,0.203487698879306,0,0.266785394544749,0.280447133091436,0.206015391783281,0.278695235251744,0,0
0,0.474959284067154,0,0.200619625008625,0,0,0,0,0,0,0,0,0,0,0,0,0.29170695870695,0.283397380510966,0.309598376695327,0,0.313384264707565,0,0.263031408190727,0,0,0,0,0,0,0,0,0,0,0,0,0,0,0,0,0,0.322566531598568,0.29246052252661,0.269027838652784,0.357715024686839,0,0.262973501858577,0.29267928270357,0,0,0.255877297164665,0,0,0,0,0,0,0,0.24045665151831,0,0,0,0,0.243177612622579,0.305048016486344,0,0,0,0,0,0,0,0,0,0.366397947072983,0,0,0,0,0.342482440749914,0.344511297074231,0.278644412755966,0.365047305822372,0.281112522507707,0.253297254443169,0.290520197453513,0.399922873522073,0.264558670195666
0.413680166006088,0,0.191632082064947,0,0,0,0,0,0,0,0,0,0,0,0,0,0.294436094210003,0.282304631038146,0.312247015125929,0,0,0,0,0,0,0,0,0,0,0,0,0,0,0,0,0,0.170482091605663,0,0,0.322566531598568,0,0.276411294937134,0.264523874922607,0,0.291913118627336,0,0.292917256779743,0.448508420411278,0.425559519495081,0.286837220191956,0,0,0,0,0,0,0,0,0,0,0,0,0,0.326255284249783,0,0,0,0,0,0,0,0,0,0.288930455843608,0,0,0,0,0.350108375151952,0.248582314197167,0,0.271102300712041,0.284752541571666,0,0.252294143492525,0,0.325501150312558
0.263701558113098,0.358617085841165,0,0.260072698971362,0,0,0,0,0,0.197346789287586,0,0,0,0,0,0,0.242185536515096,0.235898871731632,0.255300916132139,0,0,0,0,0.271680246506418,0.330847837030888,0,0,0,0,0,0,0,0,0,0,0,0,0.277634994491287,0.348420292832131,0.29246052252661,0.276411294937134,0,0.197407632705442,0.272955286475371,0,0.318606256452832,0.239998619693021,0.459276168274157,0.337713040411472,0.338336666393879,0,0,0,0,0,0.235383582503899,0,0.345397877682756,0,0,0,0,0.333800981442134,0.252079938139234,0,0,0.264268979430199,0.345690816640854,0,0,0,0,0,0.27782878279686,0,0,0,0,0.342912178330984,0.305028838955838,0.296023565259847,0.350082616011302,0.268113064378545,0.286917467202459,0.301576319641588,0.270116165320061,0.217685826122761
0.300297656344871,0,0.233116885647178,0,0.199958726763725,0,0,0,0.208519784112771,0,0,0,0,0,0.235292635858059,0,0.227081172557658,0.222814551309535,0.20156871442863,0,0.365195944905281,0,0.229592427611351,0,0.339109629392624,0,0,0,0,0,0,0,0,0,0,0,0,0,0.293261651965705,0.269027838652784,0.264523874922607,0.197407632705442,0,0,0.214531550568248,0.264518400033315,0.269131042462012,0.328134710321555,0.340454933829818,0.340174776315689,0,0,0,0,0.209976683060328,0,0.301928643355905,0,0,0,0.231213867664337,0,0,0.31037797999059,0,0,0,0.311790823936462,0,0,0,0.310642767076691,0,0.313716395354472,0,0,0,0,0.291784505049388,0.303159217805508,0,0.283109843900044,0.244417952413339,0,0.267020417811119,0.189237713813782,0.219933051133501
0,0,0,0,0,0,0,0,0,0,0,0,0,0,0,0,0.246123395860195,0.222991006448865,0.19455306467257,0,0,0,0,0,0,0,0,0,0,0,0,0,0,0,0,0,0,0,0,0.357715024686839,0,0.272955286475371,0,0,0,0.361329299482432,0.226257964968681,0,0,0.259265780448914,0,0,0,0,0,0,0,0,0,0,0,0,0,0.258435070514679,0,0,0,0,0,0,0,0,0,0,0,0,0,0,0.392845925010607,0,0,0,0.187630249881277,0,0.272041227796982,0.253205646925113,0
0,0,0,0,0,0,0,0,0,0,0,0,0,0,0,0,0.255255520343781,0,0.186817305783431,0,0,0,0,0,0,0,0,0,0,0,0,0,0,0,0,0,0.331407606601715,0,0,0,0.291913118627336,0,0.214531550568248,0,0,0,0.280241865016188,0,0.227422022819519,0,0,0,0,0,0,0,0,0,0,0,0,0,0,0.294932292529515,0,0,0,0,0,0,0,0,0,0,0,0,0,0,0,0.344714350138719,0,0.292595543795162,0.22991390313421,0,0.263163803647394,0,0.209494634316518
0,0.402160912752151,0,0.223987014163331,0,0,0,0,0,0,0,0,0,0,0,0,0.269986045581323,0.273097316892642,0.277133007517118,0.272158064167289,0,0,0,0,0,0,0,0,0,0,0,0,0,0,0,0.152097737803212,0.163954118436033,0,0,0.262973501858577,0,0.318606256452832,0.264518400033315,0.361329299482432,0,0,0.28494677775436,0.240954399108887,0,0.179255363345146,0,0.194304928183556,0,0,0,0,0,0.28631285821832,0,0,0,0,0.25734128431786,0.326668113470078,0,0,0,0,0,0,0,0,0,0,0,0,0,0,0.269116046762875,0.32748561501503,0.307981307172302,0.338579840958118,0.245041065678305,0,0.306490204412705,0.22117692232132,0.26695454120636
0.265684311588605,0,0.227154831290245,0,0,0,0,0,0.217083498835564,0,0,0,0,0,0.22373890131712,0,0.254873441874981,0.246058346127922,0.276845333240628,0,0.274092867730125,0,0,0,0,0,0,0,0,0,0,0,0,0,0,0,0.241935200380079,0,0.26912306738086,0.29267928270357,0.292917256779743,0.239998619693021,0.269131042462012,0.226257964968681,0.280241865016188,0.28494677775436,0,0,0.23200835091503,0,0,0,0,0,0.20343037545681,0,0.248882235959172,0,0.225525356829166,0,0.21965126991272,0,0,0.320100172914725,0,0,0,0,0,0,0,0.254385024309158,0,0.267166126072407,0,0,0,0,0.331449368024526,0.301062391977058,0,0.315749989660153,0.248521868015099,0.234867066144943,0.28141763350466,0.233103999868035,0.232220847387703
0.308289602398872,0,0,0.28208589553833,0,0,0,0,0,0,0,0,0,0,0,0,0,0,0,0,0,0,0,0,0.429046005010605,0,0,0,0,0,0,0.351515792604894,0.186400392469912,0.311886218472801,0.29073293437266,0.280026165113602,0.252170616814068,0.710745371583615,0.698087424197247,0,0.448508420411278,0.459276168274157,0.328134710321555,0,0,0.240954399108887,0,0,0.436618818229333,0.437421934502251,0,0,0,0,0,0,0,0,0,0,0,0,0,0,0,0,0,0.438825890421867,0,0,0,0,0,0,0.284885325602123,0.254468332607337,0.228763471047084,0.262678722784021,0.297141573403353,0.418701547051414,0.342761477455497,0.452587616153211,0.405035971461156,0.369372880458832,0.47861154935376,0,0
0.28166756594638,0,0.120583825227287,0.210673876106739,0.192189233377576,0,0,0,0.207126261327754,0,0,0,0,0,0.206481864316422,0,0,0,0,0,0.376388788223267,0,0.287190705537796,0,0.336845665293581,0,0,0,0,0,0,0.499483193863522,0,0,0,0,0,0,0.334386106957948,0,0.425559519495081,0.337713040411472,0.340454933829818,0,0.227422022819519,0,0.23200835091503,0.436618818229333,0,0.336143865063787,0,0,0,0,0.18221341073513,0,0.263158504399333,0,0.214137117777552,0,0.208651647978538,0,0,0,0,0.276277840137482,0,0.327886737055249,0,0,0,0.286833573132753,0,0.28756478665367,0,0.281047202646732,0,0.300460293889046,0,0.355502642105565,0,0.330821047606878,0.382413812340838,0,0.335899286360112,0,0.275790307184924
0,0.158759032314022,0,0.186274834835584,0,0,0,0,0,0.117464685346931,0,0,0,0,0,0,0,0,0.207322183582518,0,0,0.243456111600002,0,0.309397685584299,0,0,0,0,0,0,0,0,0,0,0,0,0,0.449994909925391,0.350090099232537,0.255877297164665,0.286837220191956,0.338336666393879,0.340174776315689,0.259265780448914,0,0.179255363345146,0,0.437421934502251,0.336143865063787,0,0,0,0,0,0,0,0,0.259097176293532,0,0,0,0,0,0,0.243667046611126,0,0.30633933438907,0,0,0,0.303584453463554,0,0.299343150736911,0,0,0,0,0,0.247447940210501,0,0.312025234987659,0.378960907459259,0.347783026395998,0.257931888103485,0.306994125553015,0.334659207044848,0
0,0,0.203536184877157,0,0.192286410989861,0,0.166249682505926,0,0,0,0,0,0,0,0,0,0,0,0,0,0,0,0,0,0,0,0,0,0,0,0,0,0,0,0,0,0,0,0,0,0,0,0,0,0,0,0,0,0,0,0,0,0,0,0,0,0.176508136590322,0,0,0,0,0,0,0,0,0,0,0,0,0,0,0,0,0,0,0,0,0,0,0,0,0,0.175975665450096,0,0.188362782752072,0,0
0,0,0,0.215670320828124,0,0.196322576442546,0,0.255797304864973,0,0,0,0.26276413187748,0,0,0,0,0,0,0,0.239813539477968,0,0,0,0,0,0,0,0,0,0,0,0,0,0,0,0,0,0,0,0,0,0,0,0,0,0.194304928183556,0,0,0,0,0,0,0,0.233251109719276,0,0.133090943098068,0,0.253918632332768,0,0.236909838020802,0,0.171658754348755,0.28371482363769,0,0,0,0,0,0,0,0,0,0,0,0,0,0,0,0,0,0,0,0.18381170955297,0,0.266102756831245,0,0
0,0,0,0,0.164419943094254,0,0.183344018956025,0,0,0,0,0,0.213504106533237,0,0,0,0,0,0,0,0,0,0,0,0,0,0,0,0,0,0,0,0,0,0,0,0,0,0,0,0,0,0,0,0,0,0,0,0,0,0,0,0,0,0,0,0,0,0.196970923776515,0,0,0,0,0,0,0,0,0,0,0,0,0,0,0,0,0,0,0,0,0,0,0,0.125686068947499,0.138610035181046,0,0,0
0,0,0,0,0,0,0,0.212483449210954,0,0,0,0.199175908513691,0,0.214000636339188,0,0,0,0,0,0,0,0,0,0,0,0,0,0,0,0,0,0,0,0,0,0,0,0,0,0,0,0,0,0,0,0,0,0,0,0,0,0.233251109719276,0,0,0,0,0,0.209904591242472,0,0,0,0,0,0,0,0,0,0,0,0,0,0,0,0,0,0,0,0,0,0,0,0,0.186248929798603,0,0,0,0
0.150627336859999,0,0.174514136144093,0,0.147951137806688,0,0,0,0.20466486729846,0,0,0,0,0,0,0,0,0,0,0,0,0,0,0,0.152430055249068,0,0,0,0,0,0,0,0,0,0,0,0.176596105098724,0,0.148715435354798,0,0,0,0.209976683060328,0,0,0,0.20343037545681,0,0.18221341073513,0,0,0,0,0,0,0,0,0,0,0,0,0,0,0,0,0,0,0.150935031057201,0,0,0,0,0,0,0,0,0,0,0,0,0,0.143168900299955,0.158524056827581,0,0.175087478824981,0,0
0,0.155632967750231,0,0.151564449071884,0,0,0,0,0,0.214999848462608,0,0,0,0,0,0,0,0,0,0,0,0,0,0.326965264337403,0,0,0,0,0,0,0,0,0,0,0,0,0,0.29603942005492,0,0,0,0.235383582503899,0,0,0,0,0,0,0,0,0,0.133090943098068,0,0,0,0,0,0,0,0,0,0,0,0,0,0,0.317851561587304,0,0,0,0,0,0,0,0,0,0,0,0,0,0.275199303609015,0,0.228174675256014,0,0.302816614253472,0,0
0.307981283034918,0,0,0,0.209865612288316,0,0.229147239015737,0,0.266114862901824,0,0.185530563402001,0,0.216503882823988,0,0.228164496166365,0,0,0,0.275182586163282,0,0.221564782480908,0,0,0,0,0,0,0,0,0,0.219739835436751,0,0,0,0,0,0.326146960258484,0,0.137082454303037,0,0,0,0.301928643355905,0,0,0,0.248882235959172,0,0.263158504399333,0,0.176508136590322,0,0,0,0,0,0,0,0.237773120811784,0,0.225011101303001,0,0,0.267039435858337,0,0,0,0,0,0,0,0.352193355560303,0,0.308227425919912,0,0,0,0,0,0.245247059634754,0,0,0.271786619267455,0,0.316278549336875,0,0.303883716396001
0,0.326891784866651,0,0.261028246333202,0,0,0,0.223809443414211,0,0.292153745889664,0,0.2482229951373,0,0,0,0,0,0,0.354656935108374,0.248723274362939,0,0,0,0,0,0,0,0,0,0.127372935414314,0,0,0,0,0,0,0,0,0,0.24045665151831,0,0.345397877682756,0,0,0,0.28631285821832,0,0,0,0.259097176293532,0,0.253918632332768,0,0.209904591242472,0,0,0,0,0,0,0,0,0.300773569190775,0,0,0,0,0,0,0,0,0,0.23541547618215,0,0,0,0,0,0.257424142697583,0,0,0,0.304775331331336,0,0.314581432638692,0.361213277792558,0
0,0,0.219993440168244,0,0.175455648827073,0,0.212221700958041,0,0.217126931995153,0,0.182220165928205,0,0.257896461858858,0,0.226063908368815,0,0,0,0,0,0.29347750544548,0,0,0,0,0,0,0,0,0,0,0,0,0,0,0,0,0,0,0,0,0,0,0,0,0,0.225525356829166,0,0.214137117777552,0,0,0,0.196970923776515,0,0,0,0.237773120811784,0,0,0,0.215860734879971,0,0,0.30340283960104,0,0,0,0,0,0,0,0,0,0,0,0,0,0,0,0,0,0,0.296311890299635,0.336854241788387,0.233682759518319,0,0
0,0,0,0.20412923488766,0,0,0,0.210490070283413,0,0,0,0.154446712949059,0,0.278146199521519,0,0.37187647819519,0,0,0,0,0,0,0,0,0,0,0,0,0,0,0,0,0,0,0,0,0,0,0,0,0,0,0,0,0,0,0,0,0,0,0,0.236909838020802,0,0,0,0,0,0,0,0,0,0,0,0,0,0,0,0,0,0,0,0,0,0,0,0,0,0,0,0,0,0,0.38966706124219,0,0,0,0
0,0,0.217738625818285,0,0.195510014891624,0,0,0,0.212445078248327,0,0,0,0.140964359045029,0,0.18916732394438,0,0,0,0,0,0,0,0,0,0,0,0,0,0,0,0,0,0,0,0,0,0,0,0,0,0,0,0.231213867664337,0,0,0,0.21965126991272,0,0.208651647978538,0,0,0,0,0,0,0,0.225011101303001,0,0.215860734879971,0,0,0,0,0,0,0,0,0,0,0,0,0.23760974407196,0,0,0,0,0,0,0,0,0,0,0.150633234358751,0,0.221448376675447,0,0
0,0,0,0.196209639310837,0,0,0,0,0,0,0,0,0,0.260415654629469,0,0.180507729331395,0,0.123888948311408,0,0,0,0,0,0,0,0.148464724421501,0,0,0,0,0,0,0,0,0,0,0,0,0,0,0,0,0,0,0,0,0,0,0,0,0,0.171658754348755,0,0,0,0,0,0,0,0,0,0,0,0,0,0,0,0,0,0,0,0,0,0,0,0,0,0,0,0,0,0,0.340820292328916,0,0,0,0
0,0,0,0.322435476976197,0,0.266959846019745,0,0,0,0,0,0.157224044203758,0,0,0,0,0,0,0.400592178106308,0.179748489510995,0,0,0,0,0,0,0,0,0,0,0,0,0,0,0,0.162853960460268,0.168319859183752,0.137097614732656,0,0.243177612622579,0,0.333800981442134,0,0,0,0.25734128431786,0,0,0,0,0,0.28371482363769,0,0,0,0,0,0.300773569190775,0,0,0,0,0,0,0,0,0,0,0,0,0,0,0,0,0,0,0,0,0.246734163856161,0,0.248604632590128,0,0.191612159616156,0.178188443183899,0.31934409081413,0.394878908991814,0
0.342760766354891,0,0,0,0.210941284894943,0,0,0,0,0,0.235338217445782,0,0,0,0,0,0.278787600803883,0.264583607204258,0.30615297263895,0,0.293219891365646,0,0,0,0,0,0,0,0,0,0.267637931638294,0,0,0,0,0,0.215748177468777,0,0.286608331743384,0.305048016486344,0.326255284249783,0.252079938139234,0.31037797999059,0.258435070514679,0.294932292529515,0.326668113470078,0.320100172914725,0,0,0,0,0,0,0,0,0,0.267039435858337,0,0.30340283960104,0,0,0,0,0,0,0,0,0,0,0,0,0.252293318510056,0,0.297763460552692,0,0,0,0,0.344623083184505,0.252119636785893,0,0.312291007117263,0.305868995994066,0.252376139163971,0.307672525530608,0.291445076465607,0.377170283347368
0,0,0,0,0,0,0,0,0,0,0,0,0,0,0,0,0.14811883866787,0.15608620125125,0.214989110827446,0,0,0.133747659103245,0,0.235313653945923,0,0.155552491545677,0,0,0,0,0,0,0,0,0,0,0,0.154313622324756,0,0,0,0,0,0,0,0,0,0,0,0.243667046611126,0,0,0,0,0,0,0,0,0,0,0,0,0,0,0,0,0,0,0,0,0.180999770760536,0,0,0,0,0,0,0,0,0,0.28978090681652,0,0.152464880932902,0,0,0,0
0,0,0,0,0,0,0,0,0,0,0,0,0,0,0,0,0,0,0,0,0,0.142459958791733,0.135035379454705,0,0.273737588873157,0,0.136099598350677,0,0,0,0,0,0,0,0,0,0,0,0.324589410308926,0,0,0,0,0,0,0,0,0,0.276277840137482,0,0,0,0,0,0,0,0,0,0,0,0,0,0,0,0,0,0,0.25124132996917,0,0.319495815783739,0,0,0,0,0,0,0,0,0,0,0,0.285528136661689,0.124143992726085,0.166491702198982,0,0,0
0,0,0,0,0,0,0,0,0,0,0,0,0,0,0,0,0,0,0,0,0,0.145595457977973,0,0.207207027405099,0,0,0,0,0,0,0,0,0,0,0,0,0,0.341068195754831,0,0,0,0.264268979430199,0,0,0,0,0,0,0,0.30633933438907,0,0,0,0,0,0.317851561587304,0,0,0,0,0,0,0,0,0,0,0,0,0,0,0,0,0,0,0,0,0,0,0,0,0.229194117681514,0,0.318306210849966,0,0.331069978792964,0,0
0,0,0,0,0,0,0,0,0.189168199896812,0,0,0,0,0,0,0,0,0,0,0,0,0,0.222809072387846,0,0.229958900601649,0,0,0,0,0,0,0,0,0,0,0,0,0,0.27228326615998,0,0,0.345690816640854,0.311790823936462,0,0,0,0,0.438825890421867,0.327886737055249,0,0,0,0,0,0.150935031057201,0,0,0,0,0,0,0,0,0,0,0.25124132996917,0,0,0,0,0,0,0,0,0,0,0,0,0,0,0,0.281219374875731,0.197114238739014,0,0.296434162164989,0,0
0,0,0,0,0,0,0,0,0,0,0,0,0,0,0,0,0,0.138724989102532,0,0,0,0.106793927649657,0,0,0,0,0,0,0,0,0,0,0,0,0,0,0,0,0,0,0,0,0,0,0,0,0,0,0,0,0,0,0,0,0,0,0,0,0,0,0,0,0,0,0,0,0,0,0,0,0,0,0,0,0,0,0,0,0,0,0,0,0.119597382843494,0,0,0,0
0,0,0,0,0,0,0,0,0.116374492645264,0,0,0,0,0,0.120972648262978,0,0.12209900061405,0,0,0,0,0,0,0,0.135353488581521,0,0.166465995546717,0,0,0,0,0,0,0,0,0,0,0,0,0,0,0,0,0,0,0,0,0,0,0,0,0,0,0,0,0,0,0,0,0,0,0,0,0,0,0.319495815783739,0,0,0,0,0,0,0,0,0,0,0,0,0,0,0,0,0.155590868989627,0,0,0,0
0,0,0,0,0,0,0,0,0,0,0,0,0,0,0,0,0,0,0,0,0,0.124246376256148,0,0,0,0,0,0.131646803021431,0,0,0,0,0,0,0,0,0,0,0,0,0,0,0,0,0,0,0,0,0,0.303584453463554,0,0,0,0,0,0,0,0,0,0,0,0,0,0,0.180999770760536,0,0,0,0,0,0,0,0.313808113336563,0,0,0,0,0,0,0,0.327132777034158,0,0,0,0,0,0
0,0,0,0,0,0,0,0,0,0,0,0,0,0,0,0,0,0,0.264051824808121,0,0,0,0,0,0,0,0,0,0.147631615400314,0,0,0,0,0,0,0,0,0,0,0,0,0,0.310642767076691,0,0,0,0.254385024309158,0,0.286833573132753,0,0,0,0,0,0,0,0.352193355560303,0,0,0,0.23760974407196,0,0,0.252293318510056,0,0,0,0,0,0,0,0,0,0.343828726559877,0,0,0,0,0,0,0,0.37193725187154,0.30537411229951,0,0.295817560770295,0,0.350927478075027
0,0,0,0,0,0,0,0,0,0,0,0.253472325392067,0,0,0,0,0,0,0,0,0,0,0,0,0,0,0,0,0,0.137710273265839,0,0,0,0,0,0,0,0.147866912299606,0,0,0,0,0,0,0,0,0,0,0,0.299343150736911,0,0,0,0,0,0,0,0.23541547618215,0,0,0,0,0,0,0,0,0,0,0,0,0.313808113336563,0,0,0,0,0,0,0,0,0,0.331781929255697,0,0,0,0,0,0
0.295877900861558,0,0,0,0,0,0,0,0,0,0.230455217510462,0,0,0,0.259585946798325,0,0.31117258764602,0.266024979452292,0.309516265470549,0,0.260651642056269,0,0,0,0,0,0,0,0,0,0.191580193667185,0,0,0,0,0,0,0,0.133837054350546,0.366397947072983,0.288930455843608,0.27782878279686,0.313716395354472,0,0,0,0.267166126072407,0,0.28756478665367,0,0,0,0,0,0,0,0.308227425919912,0,0,0,0,0,0,0.297763460552692,0,0,0,0,0,0,0,0.343828726559877,0,0,0,0,0,0,0.374490463733673,0.251657996371568,0,0.370129460174786,0.342368182646641,0,0.316729998633946,0,0.357901005533294
0,0,0,0,0,0,0,0,0,0,0,0,0,0,0,0,0,0,0,0,0,0,0,0,0,0,0,0,0,0,0,0.273282928673698,0,0.344600986522525,0,0.135421837866306,0,0,0,0,0,0,0,0,0,0,0,0.284885325602123,0,0,0,0,0,0,0,0,0,0,0,0,0,0,0,0,0,0,0,0,0,0,0,0,0,0,0,0,0.366982739029441,0,0,0,0,0,0.170462523897489,0,0,0,0
0,0,0,0,0,0,0,0,0,0,0,0,0,0,0,0,0,0,0,0,0,0,0,0,0,0,0,0,0,0,0,0.118385212708123,0.179031588396474,0,0,0,0.170225503189223,0,0,0,0,0,0,0,0,0,0,0.254468332607337,0.281047202646732,0,0,0,0,0,0,0,0,0,0,0,0,0,0,0,0,0,0,0,0,0,0,0,0,0,0,0,0,0.321816936471143,0,0.268016124730585,0,0,0.130147336546434,0,0,0,0
0,0,0,0,0,0,0,0,0,0,0,0,0,0,0,0,0,0,0,0,0,0,0,0,0,0,0,0,0,0,0,0.336601647427264,0,0.184315222339786,0.155867271125317,0.175073375275662,0,0.155519186321533,0.112590290606022,0,0,0,0,0,0,0,0,0.228763471047084,0,0,0,0,0,0,0,0,0,0,0,0,0,0,0,0,0,0,0,0,0,0,0,0,0,0,0.366982739029441,0,0,0.17333197593689,0.241567084640265,0,0.306626134935547,0,0.13514452735791,0,0,0,0
0,0,0,0,0,0,0,0,0,0,0,0,0,0,0,0,0,0,0,0,0,0,0,0,0,0,0,0,0,0,0,0,0,0.145033675327295,0.215328360598812,0,0.133400074516733,0,0.220251317905343,0,0,0,0,0,0,0,0,0.262678722784021,0.300460293889046,0,0,0,0,0,0,0,0,0,0,0,0,0,0,0,0,0,0,0,0,0,0,0,0,0,0,0.321816936471143,0.17333197593689,0,0,0.167180224787444,0,0.255763148468528,0.126916863852077,0,0,0,0
0,0.399816188216209,0,0.191920757293701,0,0,0,0,0,0,0,0,0,0,0,0,0.332274507482847,0.3191084266185,0.362268699412977,0.194980353116989,0.388868749141693,0,0,0,0,0,0,0,0,0,0,0.283214326686059,0,0.280856400728226,0,0.221579302706192,0.232695949077606,0.199970799401916,0.316436598698298,0.342482440749914,0.350108375151952,0.342912178330984,0.291784505049388,0.392845925010607,0,0.269116046762875,0.331449368024526,0.297141573403353,0,0.247447940210501,0,0,0,0,0,0,0,0.257424142697583,0,0,0,0,0.246734163856161,0.344623083184505,0,0,0,0,0,0,0,0,0,0.374490463733673,0,0,0.241567084640265,0,0,0.373483198933897,0.256661873028196,0.37770853888604,0.258520810644787,0.269460323074507,0.317432931322318,0.426514275892593,0.298036055905478
0.352726197915106,0.347598731517792,0,0,0,0,0,0,0.332793384790421,0,0,0,0,0,0,0,0.314531482335341,0.300097464460187,0.350354830411416,0,0.286976051875032,0,0.288753032684326,0,0,0,0,0,0,0,0,0,0.199727344371024,0,0.122171884280269,0.198999211192131,0.209225901045608,0,0.203487698879306,0.344511297074231,0.248582314197167,0.305028838955838,0.303159217805508,0,0.344714350138719,0.32748561501503,0.301062391977058,0.418701547051414,0.355502642105565,0,0,0,0,0,0,0,0.245247059634754,0,0,0,0,0,0,0.252119636785893,0,0,0,0,0,0,0,0,0,0.251657996371568,0,0.268016124730585,0,0.167180224787444,0.373483198933897,0,0,0.252276317589076,0.288887311641535,0.209066137671471,0.292885244372285,0,0.386459018185473
0,0.445236027240753,0,0,0,0,0,0,0,0.26578690799897,0,0.106855750083923,0,0,0,0,0,0.293425977230072,0.47631847858429,0.160748034715652,0,0.273941657797928,0,0.206143459170749,0,0,0,0.130268059670925,0,0,0,0,0,0.305633270740509,0,0.213863948576878,0,0.222148327462404,0,0.278644412755966,0,0.296023565259847,0,0,0,0.307981307172302,0,0.342761477455497,0,0.312025234987659,0,0,0,0,0,0.275199303609015,0,0,0,0,0,0,0.248604632590128,0,0.28978090681652,0,0.229194117681514,0,0,0,0.327132777034158,0,0.331781929255697,0,0,0,0.306626134935547,0,0.256661873028196,0,0,0,0.242705824623041,0,0.299041982934865,0,0
0.375323745939467,0.393375098705292,0,0,0,0,0,0,0.273960024118423,0,0,0,0,0,0,0,0.316482395825223,0.3002049990464,0.353166496416605,0,0.264931982649224,0,0.224520019414248,0,0.303687382910563,0,0,0,0,0,0,0,0,0,0.188996279535215,0,0.15324079702625,0,0.266785394544749,0.365047305822372,0.271102300712041,0.350082616011302,0.283109843900044,0,0.292595543795162,0.338579840958118,0.315749989660153,0.452587616153211,0.330821047606878,0.378960907459259,0,0,0,0,0.143168900299955,0,0,0,0,0,0,0,0,0.312291007117263,0,0.285528136661689,0,0.281219374875731,0,0,0,0.37193725187154,0,0.370129460174786,0,0,0,0.255763148468528,0.37770853888604,0.252276317589076,0,0,0.287292816209248,0.196259066462517,0.326706198533233,0.314904063940048,0.316218064889033
0.197679272496257,0.176802590450783,0.21592408336379,0.191716447656464,0.21178445225432,0.183376177346181,0.169476185214482,0.25531317293644,0.174369800072837,0.162289650052522,0.160881611208121,0.198710095393208,0.245167102743971,0.272397976663104,0.264533524842639,0.239777561295148,0.177479351405309,0.160916996457978,0.233653978395201,0.189915462218079,0.200969222649762,0.163893495723377,0.141983288868617,0.273383185944774,0.149840841559987,0.139169084375988,0.15423055772077,0,0,0.183201758433943,0.160821709495324,0.159196256200218,0.132210805736773,0.155709854271858,0.124687762103147,0.211835752773196,0.175053282659028,0.270551433811077,0.280447133091436,0.281112522507707,0.284752541571666,0.268113064378545,0.244417952413339,0.187630249881277,0.22991390313421,0.245041065678305,0.248521868015099,0.405035971461156,0.382413812340838,0.347783026395998,0.175975665450096,0.18381170955297,0.125686068947499,0.186248929798603,0.158524056827581,0.228174675256014,0.271786619267455,0.304775331331336,0.296311890299635,0.38966706124219,0.150633234358751,0.340820292328916,0.191612159616156,0.305868995994066,0.152464880932902,0.124143992726085,0.318306210849966,0.197114238739014,0.119597382843494,0.155590868989627,0,0.30537411229951,0,0.342368182646641,0.170462523897489,0.130147336546434,0.13514452735791,0.126916863852077,0.258520810644787,0.288887311641535,0.242705824623041,0.287292816209248,0,0.288211799479782,0.306414760525189,0.21710629723104,0.210544479389985
0,0,0,0,0.369359314441681,0.192890809973081,0.17609087534641,0,0,0.229966279119253,0,0.25933533122665,0.315407837430636,0,0.210048526525497,0.229066833853722,0.142936555996593,0.139792801129082,0.21784512201945,0,0.177772085032155,0.277321077883244,0.153180827315037,0,0,0,0,0,0,0,0.18514229853948,0,0,0,0,0.324179640148082,0.198443731708492,0.473152264168388,0.206015391783281,0.253297254443169,0,0.286917467202459,0,0,0,0,0.234867066144943,0.369372880458832,0,0.257931888103485,0,0,0.138610035181046,0,0,0,0,0,0.336854241788387,0,0,0,0.178188443183899,0.252376139163971,0,0.166491702198982,0,0,0,0,0,0,0,0,0,0,0,0,0.269460323074507,0.209066137671471,0,0.196259066462517,0.288211799479782,0,0.387501531280577,0,0.225006237626076
0.299685988997578,0.307234097215714,0.201704732263297,0.226678479507575,0.198493897914886,0.210470347610893,0,0,0.200639656469935,0.227485877918477,0,0,0,0,0.218427987348649,0,0.294429280557727,0.283342346263649,0.352317560322472,0.238626293711743,0.280860352516174,0,0.290398322045803,0.261502598028849,0.340722084268928,0.218179807066917,0,0,0,0,0,0.432730178038279,0,0,0,0.178720430034325,0.180715369847086,0.330925707822059,0.278695235251744,0.290520197453513,0.252294143492525,0.301576319641588,0.267020417811119,0.272041227796982,0.263163803647394,0.306490204412705,0.28141763350466,0.47861154935376,0.335899286360112,0.306994125553015,0.188362782752072,0.266102756831245,0,0,0.175087478824981,0.302816614253472,0.316278549336875,0.314581432638692,0.233682759518319,0,0.221448376675447,0,0.31934409081413,0.307672525530608,0,0,0.331069978792964,0.296434162164989,0,0,0,0.295817560770295,0,0.316729998633946,0,0,0,0,0.317432931322318,0.292885244372285,0.299041982934865,0.326706198533233,0.306414760525189,0.387501531280577,0,0.354862045767682,0.353911460791521
0,0.317932117443818,0,0.243046062210431,0,0,0,0,0,0,0,0,0,0,0,0,0.231156468391418,0.233442124298641,0.224915177372935,0,0,0,0,0,0,0,0,0,0,0,0,0,0,0,0,0,0,0,0,0.399922873522073,0,0.270116165320061,0.189237713813782,0.253205646925113,0,0.22117692232132,0.233103999868035,0,0,0.334659207044848,0,0,0,0,0,0,0,0.361213277792558,0,0,0,0,0.394878908991814,0.291445076465607,0,0,0,0,0,0,0,0,0,0,0,0,0,0,0.426514275892593,0,0,0.314904063940048,0.21710629723104,0,0.354862045767682,0,0
