0,0,46.091216057539,0,0,0,0,0,420.422048136592,0,0,0,0,0,0,0,10.048631310463,8.6880067884922,142.92078730464,0,1.01041233539581,0,0,0,11.0996450930834,0,0,0,0,0,0,0,0,2.63928328454494,0,0,1.25368475914001,0,22.5676558762789,1.42120423913002,3.20205304026604,0,642.85115070641,0,0,0,21.4389184117317,13.7705841213465,623.804339513183,30.0661986917257,0,0,0,0,243.005015701056,0,0.480151891708374,0,0,0,124.011442124844,0,0,48.8825305700302,0,0,0,1.67672526836395,0,0,0,0,0.188305795192719,0.357927680015564,0,0,0,0,0,240.428272113204,0,121.195363432169,308.738686561584,3.37356716394424,639.854047268629,0,1.20209550857544
0,0,0,171.185883373022,0,0,0,0,0,76.1128483563662,0,0,0,0,0,0,0.521031081676483,0,6.92415729165077,0,0,0,0,0,0,0,0,0,0,0,0,0,0,0,0,0,0,0,0,21.3831006735563,0,197.478079646826,0,0,0,1.14017161726952,0,0,0,207.666216939688,0,0,0,0,0,140.753206908703,0,0,0,1.02776569128036,0,13.6920037865639,0,0,0,0,0,0,0,0,0,0,0,0,0,0,0,0,26.0159724801779,0,0,0,545.821177005768,0,139.373943984509,0,0
46.091216057539,0,0,0,0,0,0,0,22.6731992959976,0,0.737057864665985,0,0,0,0,0,0.488605514168739,2.45531675219536,13.4881478995085,0,3.22101607918739,0,0,0,0,0,0,0,0,0,0,0,0,0,0,0,0,0,8.06616242229939,0,3.59243161976337,0,68.201308965683,0,0,0,15.4826476424932,3.03155922889709,362.169894322753,0,107.499280005693,0,0,0,331.575023621321,0,8.99837961792946,0,188.563533872366,0,264.873891472816,0,0,28.6331904903054,0,0,0,0,0,0,0,0,0,2.42098355293274,0,0,0,0,0,113.469062566757,0,31.127443999052,79.4513890296221,0,397.630328088999,0,1.46354332566261
0,171.185883373022,0,0,0,436.403992906213,0,0,0,275.789448678493,0,3.40906105935574,0,0,0,0,0.555644273757935,0.765146791934967,7.53948863595724,0,0,0,0,0,0,0,0,0,0,0,0,0,0,0,0,6.64958918094635,3.66623800992966,0,0,15.5584748908877,0,147.991222470999,16.9018130451441,0,0,6.10910047590733,0.128611251711845,14.2803762853146,19.8021404147148,126.25074338913,0,209.807548001409,0,0,0,596.870071977377,0,20.8709156662226,0,55.6837184727192,0,2.24174296855927,0,0,0,0,0,0,0,0,0,0,7.27030344307423,0,0,0,0,0,6.71248112618923,0.373548120260239,0.131725668907166,0,569.301427043974,0,611.377154096961,3.09250727295876,0
0,0,0,0,0,0,0,0,204.923781275749,0,0,0,45.3478482365608,0,25.1778763532639,0,0,0,0,0,0,0,0,0,0,0,0,0,0,0,0,0,0,0,0,0,0,0,0,0,0,0,0,0,0,0,0,0,2.60795116424561,0,316.964873731136,0,1.57697379589081,0,0,0,4.87516862154007,0,4.49493569135666,0,0,0,0,0,0,0,0,0,0,0,0,0,0,0,0,0,0,0,0,0,0,0,274.001283228397,0,23.7540781497955,0,0
0,0,0,436.403992906213,0,0,0,127.600339412689,0,37.75248503685,0,0.579268053174019,0,0,0,0,0,0,0,92.4642098098993,0,0,0,0,0,0,0,0,0,0,0,0,0,0,0,41.5748962014914,0,0,0,2.53712722659111,0,6.71683840453625,1.57253621518612,0,0,5.18940424919128,0,0,4.74235033988953,0,0,36.7657502889633,0,54.53489112854,0,0,0,0.494265586137772,0,0,0,0,44.7894485294819,0,0,0,0,0,0,0,0,0,0,0,0,0,0,0,89.9510623961687,0,0,0,674.408723369241,116.771667838097,464.677255675197,0,0
0,0,0,0,0,0,0,0,0,0,0,0,1,0,0,0,0,0,0,0,0,0,0,0,0,0,0,0,0,0,0,0,0,0,0,0,0,0,0,0,0,0,0,0,0,0,0,0,0,0,4.92300480604172,0,0.57083660364151,0,0,0,0,0,0,0,0,0,0,0,0,0,0,0,0,0,0,0,0,0,0,0,0,0,0,0,0,0,224.646556138992,0,0,0,0
0,0,0,0,0,127.600339412689,0,0,0,0,0,86.4136712551117,0,4.60305643081665,0,0,0,0,0,0,0,0,0,0,0,0,0,0,0,0,0,0,0,0,0,0,0,0,0,0,0,0,0,0,0,0,0,0,0,0,0,0,0,52.3680590391159,0,0,0,87.7343137264252,0,34.7370953559875,0,0,0,0,0,0,0,0,0,0,0,0,0,0,0,0,0,0,0,0,0,0,0,0,0,0,0
420.422048136592,0,22.6731992959976,0,204.923781275749,0,0,0,0,0,0,0,0,0,282.555108129978,0,37.6463082134724,0.818340361118317,1.37506377696991,0,0,0,0,0,16.7788495272398,0,0,0,0,0,0,0,0,0,0,0,0,0,1.37092959880829,0,0,0,337.921622231603,0,0,0,0,0.166308969259262,125.369127735496,0,0,0,0,0,2353.6361476481,0,0,0,2.7630158662796,0,42.762017339468,0,0,0,0,0,0,0,0,0,0,0,0,0,0,0,0,0,0,0,0,0,1140.76684352756,0,245.041662707925,0,125.591361403465
0,76.1128483563662,0,275.789448678493,0,37.75248503685,0,0,0,0,0,0,0,0,0,112.694144368172,25.5976775288582,256.156816527247,3.35834699869156,0,0,0,0,25.1630676835775,0,49.7486629486084,0,0,0,0,0,0,0,33.3102591484785,0,0,0,102.636165335774,0,3.63939189910889,0,40.448737859726,0,0,0,0,0,0,0,46.2223003357649,0,41.326223731041,0,0,0,946.448482096195,0,0,0,0,0,35.0824137926102,0,0,0,0,14.6935819387436,0,0,0,0,0,0,0,0,0,0.933761537075043,0,0,0,22.8270333409309,0,1335.20883965492,744.829396829009,208.139900252223,13.6097511053085,0
0,0,0.737057864665985,0,0,0,0,0,0,0,0,0,0,0,0,0,0,0,0,0,84.8166922032833,0,0,0,0,0,0,0,0,0,7,0,0,0,0,0,0,0,127.890933036804,0,0,0,0,0,0,0,0,0,0,0,0,0,33.2033216655254,0,0,0,1634.50409692526,0,0,0,0,0,0,4.29258355498314,0,0,0,0,0,0,0,0,0,0,0,0,0,0,0,0,0,0,203.851788878441,2,1.83731922507286,0,0
0,0,0,3.40906105935574,0,0.579268053174019,0,86.4136712551117,0,0,0,0,0,55.5837554931641,0,0,0,0,0,458.639661967754,0,0,0,0,0,0,0,0,0,36.8977212905884,0,0,0,0,0,431.205346882343,0,1882.5371094048,0,0,0,0,0,0,0,0,0,0,0,0,0,0.520889580249786,0,0,0,0,0,422.398187279701,0,0,0,0,0,0,0,0,0,0,0,0,78.3417414426804,0,0,0,0,0,0,0,22.1022481918335,0,19.8973317146301,0,293.376075237989,0,0.33959037065506,0,0
0,0,0,0,45.3478482365608,0,1,0,0,0,0,0,0,0,233.804938182235,0,0,0,0,0,0,0,0,0,0,0,0,0,2,0,0,0,0,0,0,0,0,0,0,0,0,0,0,0,0,0,0,0,0,0,31.2916275262833,0,0,0,0,0,0,0,195.584963366389,0,2.68746908009052,0,0,0,0,0,0,0,0,0,0,0,0,0,0,0,0,0,0,0,0,0,209.282941102982,93.4291353225708,0,0,0
0,0,0,0,0,0,0,4.60305643081665,0,0,0,55.5837554931641,0,0,0,69.2543740868568,0,0.99448174238205,0,0,0,0,0,0,0,0,0,7.08174240589142,0,0,0,0,0,0,0,0,0,0,0,0,0,0,0,0,0,0,0,0,0,0,0,13.4577858448029,0,0,0,0,0,0,0,734.180443942547,0,247.005925893784,0,0,0,0,0,0,0,0,0,0,0,0,0,0,0,0,0,0,0,0,143.663035273552,0,0,0,0
0,0,0,0,25.1778763532639,0,0,0,282.555108129978,0,0,0,233.804938182235,0,0,0,0,0,0,0,0,0,0,0,0,0,0,0,0,0,0,0,0,0,0,0,0,0,0,0,0,0,0,0,0,0,0,0,0,0,5.00701987743378,0,0,0,24.6732832193375,0,0,0,202.845688983798,0,84.3449648618698,0,0,0,0,0,0,0,0,0,0,0,0,0,0,0,0,0,0,0,0,0,4.87337172031403,0,0,0,0
0,0,0,0,0,0,0,0,0,112.694144368172,0,0,0,69.2543740868568,0,0,19.9852892160416,198.549149364233,24.409575521946,0,0,0,0,0,0,69.0173097848892,0,0,0,0,0,0,0,0,0,0,0,0,0,0,0,2.2149453163147,0,0,0,0,0,0,0,0,0,4.38308072090149,0,0,0,22.8852329850197,0,0,0,133.559331893921,0,289.394615054131,0,0,0,0,0,0,1,0,0,0,0,0,0,0,0,0,0,0,0,0.261477947235107,49.9402823150158,3.70473277568817,0,0,0
10.048631310463,0.521031081676483,0.488605514168739,0.555644273757935,0,0,0,0,37.6463082134724,25.5976775288582,0,0,0,0,0,19.9852892160416,0,23548.207732901,5832.29844454676,0,2.40451721847057,0,0,0,0,6.76691727340221,0,1.38480520248413,0,0,0,0,0,0,0,0,0.268790662288666,0,12.717357814312,146.185491710901,3.74388284981251,42.3885669708252,59.7689090594649,1.58878912031651,11.397180005908,6.907256051898,62.2752825319767,0,0,4.23850076645613,0,0,0,0,0,0,0,0.739934295415878,0,0,0,0,0,48.1816601604223,0,42.1069231033325,0,0,0,0,0,0,2.50353963673115,0,0,0,0,0,25.0389075577259,266.388592377305,1.44322127103806,82.5085274428129,8136.1400834471,8394.29098962247,165.528824612498,5.50841355323792,6.91405157744884
8.6880067884922,0,2.45531675219536,0.765146791934967,0,0,0,0,0.818340361118317,256.156816527247,0,0,0,0.99448174238205,0,198.549149364233,23548.207732901,0,5762.28326287121,0,2.07500313222408,0,0,4,0,201.806734710932,0,228.646461442113,0,0,0,0,0,0,0,0,1.24115991592407,0,0.9815344363451,239.820282772183,0.178575292229652,91.1797736287117,32.547456368804,4.39684635400772,2.23645953834057,23.9183588773012,27.5689443647861,0,0,13.3175156414509,0,0,0,0,0,0,0,1.44426648318768,0,0,0,0,0,27.6711709350348,0,0,0,0,0,0,0,0,0.718035250902176,0,0,0,0,0,74.5773582756519,106.022600978613,0,24.9009035825729,21130.6718393564,15360.316595152,147.338002547622,12.699177891016,2.76532058417797
142.92078730464,6.92415729165077,13.4881478995085,7.53948863595724,0,0,0,0,1.37506377696991,3.35834699869156,0,0,0,0,0,24.409575521946,5832.29844454676,5762.28326287121,0,0,29.009980276227,0,0,0,0,7.11744803190231,0,0,0,0,0,0,0,0,0,0,6.26841413974762,0,90.4218904972076,2923.39676783979,54.4693048149347,1238.75161388516,862.284752883017,2.70365686714649,208.118248924613,208.760850340128,628.224951297045,0.371298640966415,16.0634696781635,149.993188716471,0,0.35938623547554,0,0,0,0,0,14.5598559379578,0,0,0,0,3.23298692703247,429.81380174309,0,0,0,0,0,0,0,0,81.7124903202057,12.0075302571058,0,0,0,0,1173.72368247807,1968.99179688841,44.3408122360706,757.912655778229,7875.10345035791,296.904072247446,2541.24491415173,238.979079067707,86.9501713514328
0,0,0,0,0,92.4642098098993,0,0,0,0,0,458.639661967754,0,0,0,0,0,0,0,0,0,0,0,0,0,0,0,0,0,0,0,0,0,0,0,269.465127944946,0,3.53755640983582,0,0,0,0,0,0,0,456.636687546968,0,0,0,0,0,0,0,0,0,0,0,1.97967576980591,0,0,0,0,2637.35689243674,0,0,0,0,0,0,0,0,0,0,0,0,0,0,0,51.018115401268,0,0,0,369.156127750874,0,9.68513929843903,0,0
1.01041233539581,0,3.22101607918739,0,0,0,0,0,0,0,84.8166922032833,0,0,0,0,0,2.40451721847057,2.07500313222408,29.009980276227,0,0,0,0,0,0,0,0,0,0,0,0,0,0,0,0,0,971.453614652157,0,317.134334310889,0,5.55822288990021,0,14.9686359465122,0,1.25341510772705,0,11.0368649363518,0,15.4790641963482,0,42.411255389452,0,12.8334797918797,0,0,0,1036.81769705564,0,3.74299223721027,0,0,0,0,1703.32448869944,0,0,0,0,0,0,0,0,0,10.3940440416336,0,0,0,0,0,212.115217700601,0,36.1747550964355,215.405356809497,1.46756863594055,156.633310310543,0,0.789215326309204
0,0,0,0,0,0,0,0,0,0,0,0,0,0,0,0,0,0,0,0,0,0,300.691735386848,126.458527952433,0,4.77733698487282,0,97.242112994194,0,0,0,0,0,0,0,0,0,211.391042545438,0,0,0,0,0,0,0,0,0,0,0,29.6691137254238,0,0,0,0,0,0,0,0,0,0,0,0,0,0,3048.57816545665,0,230.992264151573,0,126.487180739641,0,60.8112945556641,0,0,0,0,0,0,0,0,0,44.0824306458235,0,761.417433843017,199.011710584164,0,0,0
0,0,0,0,0,0,0,0,0,0,0,0,0,0,0,0,0,0,0,0,0,300.691735386848,0,0,237.580186605453,0,1.31274865567684,0,0,0,0,0,0,0,0,0,0,0,988.94595938921,0,0,0,0,0,0,0,0,4.38195306062698,1.84297943115234,0,0,0,0,0,0,0,0,0,0,0,0,0,0,0,0,2619.05257862806,0,144.947148859501,0,462.708665564656,0,0,0,0,0,0,0,0,0,0,0,180.86036080122,537.857181861997,60.4067045748234,1.32940852642059,0,0
0,0,0,0,0,0,0,0,0,25.1630676835775,0,0,0,0,0,0,0,4,0,0,0,126.458527952433,0,0,0,75.6146653294563,0,0,0,0,0,0,0,8.4219331741333,0,0,0,455.582114085555,0,0,0,0,0,0,0,0,0,0,0,1,0,0,0,0,0,78.8515362888575,0,0,0,0,0,0,0,0,61.8513523340225,0,28.3808366805315,0,78.2826289236546,0,0,0,0,0,0,0,0.260941743850708,0,0,0,124.682466059923,0,83.4682664871216,0,0,0,0
11.0996450930834,0,0,0,0,0,0,0,16.7788495272398,0,0,0,0,0,0,0,0,0,0,0,0,0,237.580186605453,0,0,0,76.8069299757481,0,0,0,0,0,0,0,0,0,0,0,956.412619918585,0,0,0,0,0,0,0,0,0,1.17713823914528,0,0,0,0,0,310.034460321069,0,0,0,0,0,0,0,0,0,0,30.3035977482796,0,545.313801974058,0,380.140217751265,0,0,0,0,0,0,0,0,0,0,0,82.8872086703777,5.73650570213795,13.1122012138367,6.4399503916502,0,0
0,0,0,0,0,0,0,0,0,49.7486629486084,0,0,0,0,0,69.0173097848892,6.76691727340221,201.806734710932,7.11744803190231,0,0,4.77733698487282,0,75.6146653294563,0,0,0,1,0,0,0,0,0,0,0,0,0,0,0,0,0,0,0,0,0,0,0,0,0,0,0,0,0,0,0,0,0,0,0,0,0,0,0,0,7.65678757429123,0,2.44058987498283,0,306.173890843987,0,54.2947997301817,0,0,0,0,0,0,0,0,0,0,0,100.521835565567,0.603042125701904,0,0,0
0,0,0,0,0,0,0,0,0,0,0,0,0,0,0,0,0,0,0,0,0,0,1.31274865567684,0,76.8069299757481,0,0,0,0,0,0,0,0,0,0,0,0,0,0,0,0,0,0,0,0,0,0,0,0,0,0,0,0,0,1.92921584844589,0,0,0,40.9573231935501,0,0,0,0,0,0,0,0,1.25670212507248,0,64.5454758405685,0,11.9881490468979,0,0,0,0,0,0,0,0,0,0,0,0,0,0,0
0,0,0,0,0,0,0,0,0,0,0,0,0,7.08174240589142,0,0,1.38480520248413,228.646461442113,0,0,0,97.242112994194,0,0,0,1,0,0,0,192.543243050575,0,0,0,0,0,0,0,3,0,0,0,0,0,0,0,0,0,0,0,0,0,0,0,0,0,0,0,0,0,238.529864430428,0,0,0,0,0,0,0,0,1.11645463109016,0,435.564131081104,0,0,0,0,0,0,0,0,0,0,0,89.506950378418,0.48770934343338,0,0,0
0,0,0,0,0,0,0,0,0,0,0,0,2,0,0,0,0,0,0,0,0,0,0,0,0,0,0,0,0,0,0,0,0,0,0,0,0,0,0,0,0,0,0,0,0,0,0,0,0,0,0,0,0,0,0,0,0,0,22.0437542200089,0,0,0,0,0,0,0,0,0,0,0,0,23.8454333543777,0,0,0,0,0,0,0,0,0,0,0,0,0,0,0
0,0,0,0,0,0,0,0,0,0,0,36.8977212905884,0,0,0,0,0,0,0,0,0,0,0,0,0,0,0,192.543243050575,0,0,0,0,0,0,0,0,0,0,0,0,0,0,0,0,0,0,0,0,0,0,0,0,0,0,0,0,0,2.49335312843323,0,0,0,0,0,0,0,0,0,0,0,0,112.899416685104,0,55.4022607803345,0,0,0,0,0,0,0,0,0,0,0,0,0,0
0,0,0,0,0,0,0,0,0,0,7,0,0,0,0,0,0,0,0,0,0,0,0,0,0,0,0,0,0,0,0,0,0,0,0,0,0,0,123.487918674946,0,0,0,0,0,0,0,0,0,0,0,0,0,0,0,0,0,2,0,0,0,0,0,0,0,0,0,0,0,0,0,0,0,0,436.734255135059,0,0,0,0,0,0,0,0,136.895581007004,0,0,0,0
0,0,0,0,0,0,0,0,0,0,0,0,0,0,0,0,0,0,0,0,0,0,0,0,0,0,0,0,0,0,0,0,517.005531311035,52.3963041752577,0,503.995725005865,32.436386577785,0,0,0,0,0,0,0,0,0,0,1524.95748339593,10.5715009570122,33.6006872653961,0,0,0,0,0,0,0,0,0,0,0,0,0,0,0,0,0,0,0,0,0,0,0,0,326.76857547462,142.084499269724,116.292845487595,0,2.86133383959532,0,0,0,580.810962557793,0.140411496162415,0,0,0
0,0,0,0,0,0,0,0,0,0,0,0,0,0,0,0,0,0,0,0,0,0,0,0,0,0,0,0,0,0,0,517.005531311035,0,208.251762747765,0,5.4903359413147,61.8895301818848,0,0,0,0,0,0,0,0,0,0,10.7398214489222,0,0,0,0,0,0,0,0,0,0,0,0,0,0,0,0,0,0,0,0,0,0,0,0,0,0,0,172.296790957451,0,0,0,148.023493938148,0,0,146.868770122528,0,0,0,0
2.63928328454494,0,0,0,0,0,0,0,0,33.3102591484785,0,0,0,0,0,0,0,0,0,0,0,0,0,8.4219331741333,0,0,0,0,0,0,0,52.3963041752577,208.251762747765,0,1534.35051554441,62.0976446047425,0,161.133695095778,0.94188791513443,0,0,0,0,0,0,0,0,1932.08077095449,174.523640424013,54.0359327197075,0,0,0,0,0,0.44915933907032,0,0,0,0,0,0,0,0,0,0,12.0998442023993,0,0,0,0,0,0,0,15.8677765205503,0,772.149112582207,337.848707735538,8.93192072212696,0.331908911466599,443.606955945492,2.76821008324623,1067.67395094037,0,4.34163139760494,0,0
0,0,0,0,0,0,0,0,0,0,0,0,0,0,0,0,0,0,0,0,0,0,0,0,0,0,0,0,0,0,0,0,0,1534.35051554441,0,0,356.767110049725,0,93.1386859714985,0,0,0,0,0,0,0,0,725.615983478725,11.9298225790262,1.42271584272385,0,0,0,0,0,0,0,0,0,0,0,0,0,0,0,0,0,0,0,0,0,0,0,0,0,84.5281663015485,165.429191946983,1519.23576384783,0,188.145734511316,0,75.680404573679,42.7750508189201,0,0,0,0
0,0,0,6.64958918094635,0,41.5748962014914,0,0,0,0,0,431.205346882343,0,0,0,0,0,0,0,269.465127944946,0,0,0,0,0,0,0,0,0,0,0,503.995725005865,5.4903359413147,62.0976446047425,0,0,333.420644253492,1692.47798269242,0,1.45294420421124,0,8.99031174182892,1.48725819587708,0,0,449.357237517834,0,660.094679147005,0,1.3641402721405,0,0.728963807225227,0,0,0,0,0,144.203054070473,0,0,0,0,1001.64845572412,0,0,0,0,0,0,0,0,0,0,0,54.6745413243771,0,5.50591298937798,0,7200.37487510592,14.8812938630581,362.567083917558,0,1209.69449496269,8.03776562213898,300.655086308718,0,0
1.25368475914001,0,0,3.66623800992966,0,0,0,0,0,0,0,0,0,0,0,0,0.268790662288666,1.24115991592407,6.26841413974762,0,971.453614652157,0,0,0,0,0,0,0,0,0,0,32.436386577785,61.8895301818848,0,356.767110049725,333.420644253492,0,0,497.432774886489,0,59.7887538075447,0,2.0590064227581,0,0.136464104056358,0,2.77293652296066,49.7166906893253,23.8092337399721,0,121.383175849915,0,0,0,0,0,40.6669628471136,0,93.2422183454037,0,0,0,0,231.916432678699,0,0,0,0,0,0,0,0,0,0.139570847153664,0.310401380062103,15.5502555370331,0,192.311742946506,0,7772.52170713246,0,803.582374602556,1634.77288375795,56.2012313008308,203.84213449806,0,0
0,0,0,0,0,0,0,0,0,102.636165335774,0,1882.5371094048,0,0,0,0,0,0,0,3.53755640983582,0,211.391042545438,0,455.582114085555,0,0,0,3,0,0,0,0,0,161.133695095778,0,1692.47798269242,0,0,5.84107303619385,0,0,0,0,0,0,16.4651646316051,0,21.7720864415169,0,656.790524587035,0,0,0,0,0,8.72608657181263,0,296.43777012825,0,0,0,0,113.723012089729,0,75.7586504667997,0,666.15784843266,0,0,0,1,0,0,0,0,0,7.92504107952118,0,227.899512633681,0,6363.46910214424,0,1329.95653922856,2.90450838208199,191.526185840368,0,0
22.5676558762789,0,8.06616242229939,0,0,0,0,0,1.37092959880829,0,127.890933036804,0,0,0,0,0,12.717357814312,0.9815344363451,90.4218904972076,0,317.134334310889,0,988.94595938921,0,956.412619918585,0,0,0,0,0,123.487918674946,0,0,0.94188791513443,93.1386859714985,0,497.432774886489,5.84107303619385,0,0,0.147319287061691,0.898214340209961,46.5941020995378,0,6.07079839706421,0,25.6693286374211,149.181204274297,460.866965785623,59.9070203602314,0,0,0,0,0,0,1,0,0,0,0,0,0,404.489517629147,0,439.390007674694,0,1272.21652717888,0,0,0,0.329636126756668,0,2.25304836034775,0,0,0,82.4848807156086,1.03167283535004,122.670056059957,0,7362.46679024398,2677.94398899376,220.178884536028,340.795929908752,0,10.5650824308395
1.42120423913002,21.3831006735563,0,15.5584748908877,0,2.53712722659111,0,0,0,3.63939189910889,0,0,0,0,0,0,146.185491710901,239.820282772183,2923.39676783979,0,0,0,0,0,0,0,0,0,0,0,0,0,0,0,0,1.45294420421124,0,0,0,0,1.95403832197189,3943.18361765146,328.932721830904,20.9820450991392,6.1433469504118,368.989191740751,10.992868244648,1.22704645991325,1.9401810914278,169.844285339117,0,1.6343446969986,0,0,0,0,0,13.7033589184284,0,0.315706759691238,0,0,5.2304358035326,2.59222820401192,0,0,0,0,0,0,0,0,41.3949129283428,0,0,0,0,0,565.530699938536,25.8858621120453,28.2025429755449,6.97793924808502,1418.89290675521,11.7018069624901,1909.78440306336,167.172940939665,0.91141439974308
3.20205304026604,0,3.59243161976337,0,0,0,0,0,0,0,0,0,0,0,0,0,3.74388284981251,0.178575292229652,54.4693048149347,0,5.55822288990021,0,0,0,0,0,0,0,0,0,0,0,0,0,0,0,59.7887538075447,0,0.147319287061691,1.95403832197189,0,0,113.119159944355,0,4.26609700918198,0,22.5811161547899,32.9625759422779,7.68164420127869,0,4.95349383354187,0,0,0,0,0,1.04223871231079,0,8.88325345516205,0,0,0,0,13.3455190062523,0,0,0,0,0,0,0,0,0,0,0,0,0,0,0,737.133248016238,0,3.61550150811672,287.579141661525,0.473916053771973,71.9894822239876,0,11.7973894327879
0,197.478079646826,0,147.991222470999,0,6.71683840453625,0,0,0,40.448737859726,0,0,0,0,0,2.2149453163147,42.3885669708252,91.1797736287117,1238.75161388516,0,0,0,0,0,0,0,0,0,0,0,0,0,0,0,0,8.99031174182892,0,0,0.898214340209961,3943.18361765146,0,0,498.258324638009,11.1528950035572,2.14469227194786,118.314339630306,6.09800970554352,0.870991453528404,1.23012964427471,671.482019156218,0,4.21741816401482,0,0,0,0,0,166.95040076226,0,0.813686385750771,0,0,16.0153596848249,1.43950338661671,0,0,0,0,0,0,0,0,571.305791392922,0,0,0,0,0,466.888335242867,3.91639202833176,13.951471760869,4.43539284169674,1963.10337691754,6.4107957854867,3407.96081482619,1620.32565429807,0
642.85115070641,0,68.201308965683,16.9018130451441,0,1.57253621518612,0,0,337.921622231603,0,0,0,0,0,0,0,59.7689090594649,32.547456368804,862.284752883017,0,14.9686359465122,0,0,0,0,0,0,0,0,0,0,0,0,0,0,1.48725819587708,2.0590064227581,0,46.5941020995378,328.932721830904,113.119159944355,498.258324638009,0,0.242122128605843,67.4578346684575,46.6141641959548,1030.81657579541,0.79138058423996,1069.37345393002,30.3534120768309,0.242706909775734,1.82938551902771,0,0,3.76633274555206,0,13.5189821273088,5.58786322921515,6.96044525504112,0.831780776381493,2.50458255410194,0,0,704.395081944764,0,0,0,0,0,0,0,0,5.36710618436337,6.53444821387529,0,0,0,0,24.9378565773368,2567.18474885821,0.453317418694496,536.468143045902,2269.1028625071,9.06123359501362,3309.57327724248,7.07026407122612,759.375036984682
0,0,0,0,0,0,0,0,0,0,0,0,0,0,0,0,1.58878912031651,4.39684635400772,2.70365686714649,0,0,0,0,0,0,0,0,0,0,0,0,0,0,0,0,0,0,0,0,20.9820450991392,0,11.1528950035572,0.242122128605843,0,0,0.187684893608093,0,0,0,3.18439969420433,0,0,0,0,0,0,0,1.03882777690887,0,0,0,0,0,0,0,0,0,0,0,0,0,0,7.05234947800636,0,0,0,0,0,2.89501719176769,0.2237169444561,0,0,9.57546605169773,0,18.309894323349,1.81279294192791,0
0,0,0,0,0,0,0,0,0,0,0,0,0,0,0,0,11.397180005908,2.23645953834057,208.118248924613,0,1.25341510772705,0,0,0,0,0,0,0,0,0,0,0,0,0,0,0,0.136464104056358,0,6.07079839706421,6.1433469504118,4.26609700918198,2.14469227194786,67.4578346684575,0,0,0,40.058193564415,0,0,0,0,0,0,0,0,0,0,0,0,0,0,0,0,15.5688877478242,0,0,0,0,0,0,0,0,0,0,0,0,0,0,1.48422360420227,181.962724857032,0,48.7458611130714,24.8354794830084,3.47592537105083,123.523361988366,0,8.39182105660439
0,1.14017161726952,0,6.10910047590733,0,5.18940424919128,0,0,0,0,0,0,0,0,0,0,6.907256051898,23.9183588773012,208.760850340128,456.636687546968,0,0,0,0,0,0,0,0,0,0,0,0,0,0,0,449.357237517834,0,16.4651646316051,0,368.989191740751,0,118.314339630306,46.6141641959548,0.187684893608093,0,0,5.01263801753521,6.80208224058151,10.6308245360851,17.5682879239321,0,0.523026704788208,0,0,0,0,0,108.274644643068,0,0.366034969687462,0,0,719.291020423174,0,0,0,0,0,0,0,0,0,149.806927606463,0,0,0,0,0,1214.3641487062,3.02024780213833,363.180528581142,2.2920606136322,200.472313374281,0,2792.48452361673,9.57473542541265,0
21.4389184117317,0,15.4826476424932,0.128611251711845,0,0,0,0,0,0,0,0,0,0,0,0,62.2752825319767,27.5689443647861,628.224951297045,0,11.0368649363518,0,0,0,0,0,0,0,0,0,0,0,0,0,0,0,2.77293652296066,0,25.6693286374211,10.992868244648,22.5811161547899,6.09800970554352,1030.81657579541,0,40.058193564415,5.01263801753521,0,0,5.41721473634243,0,0,0,0,0,0,0,4.98647259175777,0,1.43081809580326,0,0,0,0,443.595427908003,0,0,0,0,0,0,0,0,0,8.00248272716999,0,0,0,0,8.97484082728624,622.623059503734,0,147.701241128147,373.755686827004,6.53376396000385,631.73429915309,0,31.3679023683071
13.7705841213465,0,3.03155922889709,14.2803762853146,0,0,0,0,0.166308969259262,0,0,0,0,0,0,0,0,0,0.371298640966415,0,0,0,4.38195306062698,0,0,0,0,0,0,0,0,1524.95748339593,10.7398214489222,1932.08077095449,725.615983478725,660.094679147005,49.7166906893253,21.7720864415169,149.181204274297,1.22704645991325,32.9625759422779,0.870991453528404,0.79138058423996,0,0,6.80208224058151,0,0,4107.4042346701,1107.02868565917,0,0,0,0,0,0,1.06407621502876,0.823260828852654,2.14551383256912,0,0,0,0,4.2710597217083,0,2.2970358133316,0,0,0,0,0,0,0.585345149040222,0,1126.3640146032,91.9404285177588,4.49299389123917,30.7628319561481,683.94438521564,774.105413779616,16.1059697568417,77.4894830882549,3539.28761307895,24.405332878232,124.84360063076,0,0
623.804339513183,0,362.169894322753,19.8021404147148,2.60795116424561,4.74235033988953,0,0,125.369127735496,0,0,0,0,0,0,0,0,0,16.0634696781635,0,15.4790641963482,0,1.84297943115234,0,1.17713823914528,0,0,0,0,0,0,10.5715009570122,0,174.523640424013,11.9298225790262,0,23.8092337399721,0,460.866965785623,1.9401810914278,7.68164420127869,1.23012964427471,1069.37345393002,0,0,10.6308245360851,5.41721473634243,4107.4042346701,0,860.030995249748,0.735667809844017,3.29171282052994,0,0,119.170470684767,0,18.7766825556755,1.11399342119694,16.6549134999514,0.603097051382065,222.063027739525,0,0,88.1926286891103,0,0.540563583374023,0,13.3514403998852,0,80.2557729482651,0,80.0639618933201,0.841059505939484,13.07018686831,4.7016097009182,43.535988368094,1.20749047398567,4.42446368932724,0.405388697981834,480.236690059304,0,515.586103484035,2491.05062811077,1.31787422299385,1850.47206281126,0.238333627581596,79.0586736798286
30.0661986917257,207.666216939688,0,126.25074338913,0,0,0,0,0,46.2223003357649,0,0,0,0,0,0,4.23850076645613,13.3175156414509,149.993188716471,0,0,29.6691137254238,0,1,0,0,0,0,0,0,0,33.6006872653961,0,54.0359327197075,1.42271584272385,1.3641402721405,0,656.790524587035,59.9070203602314,169.844285339117,0,671.482019156218,30.3534120768309,3.18439969420433,0,17.5682879239321,0,1107.02868565917,860.030995249748,0,0,0.175239577889442,0,0,0,19.9337781667709,0,39.430340975523,0,8.87179332971573,0,79.4607600271702,1.36993479728699,0,8.39554101228714,0,0,0,0,0,33.8505647778511,0,450.493825182319,0,0,0,0,0,5.38139412552118,2.04179714620113,433.571309953928,22.5252043157816,1859.84659475833,0.328163087368011,861.038467749953,61.6438118964434,0.288728833198547
0,0,107.499280005693,0,316.964873731136,0,4.92300480604172,0,0,0,0,0,31.2916275262833,0,5.00701987743378,0,0,0,0,0,42.411255389452,0,0,0,0,0,0,0,0,0,0,0,0,0,0,0,121.383175849915,0,0,0,4.95349383354187,0,0.242706909775734,0,0,0,0,0,0.735667809844017,0,0,0,0.254810482263565,0,4.60665053129196,0,35.4143957197666,0,46.4730499833822,0,0,0,0,8.41997671127319,0,0,0,0,0,0,0,0,0,0,0,0,0,0,0,25.4292323440313,0,0,128.863219708204,0,384.413543120027,0,0
0,0,0,209.807548001409,0,36.7657502889633,0,0,0,41.326223731041,0,0.520889580249786,0,13.4577858448029,0,4.38308072090149,0,0,0.35938623547554,0,0,0,0,0,0,0,0,0,0,0,0,0,0,0,0,0.728963807225227,0,0,0,1.6343446969986,0,4.21741816401482,1.82938551902771,0,0,0.523026704788208,0,0,3.29171282052994,0.175239577889442,0,0,0,4,0,16.1335812807083,0,0,0,0,0,7.70720040798187,0,0,0,0,0,0,0,0,0,0,0,0,0,0,0,0,0.307812333106995,0,0,0,105.634494960308,0,41.8435121774673,0,0
0,0,0,0,1.57697379589081,0,0.57083660364151,0,0,0,33.2033216655254,0,0,0,0,0,0,0,0,0,12.8334797918797,0,0,0,0,0,0,0,0,0,0,0,0,0,0,0,0,0,0,0,0,0,0,0,0,0,0,0,0,0,0.254810482263565,0,0,0,0,0,19.4641766548157,0,0,0,0,0,0,0.590247184038162,0,0,0,0,0,0,0,0,0,0,0,0,0,0,0,0,0,0,57.756609916687,0,0,0,0
0,0,0,0,0,54.53489112854,0,52.3680590391159,0,0,0,0,0,0,0,0,0,0,0,0,0,0,0,0,0,0,0,0,0,0,0,0,0,0,0,0,0,0,0,0,0,0,0,0,0,0,0,0,0,0,0,4,0,0,0,0,0,12.3157284259796,0,0,0,0,0,0,0,0,0,0,0,0,0,0,0,0,0,0,0,0,0,0,0,0,0,0,0,0,0
243.005015701056,0,331.575023621321,0,0,0,0,0,2353.6361476481,0,0,0,0,0,24.6732832193375,0,0,0,0,0,0,0,0,0,310.034460321069,0,1.92921584844589,0,0,0,0,0,0,0,0,0,0,0,0,0,0,0,3.76633274555206,0,0,0,0,0,119.170470684767,0,4.60665053129196,0,0,0,0,0,4.15197226405144,0,24.6170780956745,0,28.8737309575081,0,0,0,0,0,0,349.157078891993,0,0,0,0,0,0,0,0,0,0,0,0,0,0,38.142884299159,0,80.2408459186554,0,0
0,140.753206908703,0,596.870071977377,0,0,0,0,0,946.448482096195,0,0,0,0,0,22.8852329850197,0,0,0,0,0,0,0,78.8515362888575,0,0,0,0,0,0,0,0,0,0.44915933907032,0,0,0,8.72608657181263,0,0,0,0,0,0,0,0,0,0,0,19.9337781667709,0,16.1335812807083,0,0,0,0,0,0,0,0,0,4.81054830551147,0,0,0,0,396.010863780975,0,0,0,0,0,0,0,0,0,0,0,0,0,0.729276388883591,0,178.714045405388,0,0.397304356098175,0,0
0.480151891708374,0,8.99837961792946,0,4.87516862154007,0,0,0,0,0,1634.50409692526,0,0,0,0,0,0,0,0,0,1036.81769705564,0,0,0,0,0,0,0,0,0,2,0,0,0,0,0,40.6669628471136,0,1,0,1.04223871231079,0,13.5189821273088,0,0,0,4.98647259175777,1.06407621502876,18.7766825556755,0,35.4143957197666,0,19.4641766548157,0,4.15197226405144,0,0,0,98.1321249604225,0,0.332627326250076,0,0,682.641962118447,0,0,0,0,0,0,0,0,0,98.3696535527706,0,0,0,0,0,37.0560467839241,0,0,68.4132475703955,0,520.567372269928,0,0
0,0,0,20.8709156662226,0,0.494265586137772,0,87.7343137264252,0,0,0,422.398187279701,0,0,0,0,0.739934295415878,1.44426648318768,14.5598559379578,1.97967576980591,0,0,0,0,0,0,0,0,0,2.49335312843323,0,0,0,0,0,144.203054070473,0,296.43777012825,0,13.7033589184284,0,166.95040076226,5.58786322921515,1.03882777690887,0,108.274644643068,0,0.823260828852654,1.11399342119694,39.430340975523,0,0,0,12.3157284259796,0,0,0,0,0,0.258400350809097,0,0,87.2946046590805,0.502428889274597,0,0,0,0,0,0,0,0,320.017756894231,0,0,0,0,0,17.1901580542326,0,1.37282299995422,0,66.9008071944118,0,1037.56313892454,131.78205434978,0
0,0,188.563533872366,0,4.49493569135666,0,0,0,2.7630158662796,0,0,0,195.584963366389,0,202.845688983798,0,0,0,0,0,3.74299223721027,0,0,0,0,0,40.9573231935501,0,22.0437542200089,0,0,0,0,0,0,0,93.2422183454037,0,0,0,8.88325345516205,0,6.96044525504112,0,0,0,1.43081809580326,2.14551383256912,16.6549134999514,0,46.4730499833822,0,0,0,24.6170780956745,0,98.1321249604225,0,0,0,11.4353511929512,0,0,17.5050127953291,0,0,0,0,0,0,0,0,0,0,0,0,0,0,0,30.0972896888852,0,0,34.524176210165,0,215.24395391345,0,0
0,1.02776569128036,0,55.6837184727192,0,0,0,34.7370953559875,0,0,0,0,0,734.180443942547,0,133.559331893921,0,0,0,0,0,0,0,0,0,0,0,238.529864430428,0,0,0,0,0,0,0,0,0,0,0,0.315706759691238,0,0.813686385750771,0.831780776381493,0,0,0.366034969687462,0,0,0.603097051382065,8.87179332971573,0,0,0,0,0,0,0,0.258400350809097,0,0,0,128.440260604024,0,0,0,0,0,0,0,0,0,0,0,0,0,0,0,0,0,0,0,0,39.8526958227158,0,4.43124316632748,0,0
124.011442124844,0,264.873891472816,0,0,0,0,0,42.762017339468,0,0,0,2.68746908009052,0,84.3449648618698,0,0,0,0,0,0,0,0,0,0,0,0,0,0,0,0,0,0,0,0,0,0,0,0,0,0,0,2.50458255410194,0,0,0,0,0,222.063027739525,0,0,0,0,0,28.8737309575081,0,0.332627326250076,0,11.4353511929512,0,0,0,0,0,0,0,0,69.6517798900604,0,0,0,0,0,0,0,0,0,0,0,0,0,0,1.974185526371,0,9.46665269136429,0,0
0,13.6920037865639,0,2.24174296855927,0,0,0,0,0,35.0824137926102,0,0,0,247.005925893784,0,289.394615054131,0,0,0,0,0,0,0,0,0,0,0,0,0,0,0,0,0,0,0,0,0,0,0,0,0,0,0,0,0,0,0,0,0,79.4607600271702,0,7.70720040798187,0,0,0,4.81054830551147,0,0,0,128.440260604024,0,0,0,0,0,0,0,0,0,0,0,0,0,0,0,0,0,0,0,0,0,0,0,0,0,0,0
0,0,0,0,0,44.7894485294819,0,0,0,0,0,0,0,0,0,0,0,0,3.23298692703247,2637.35689243674,0,0,0,0,0,0,0,0,0,0,0,0,0,0,0,1001.64845572412,0,113.723012089729,0,5.2304358035326,0,16.0153596848249,0,0,0,719.291020423174,0,0,0,1.36993479728699,0,0,0,0,0,0,0,87.2946046590805,0,0,0,0,0,0,0,0,0,0,0,0,0,0,24.7331141084433,0,0,0,0,0,719.960254102945,0,2.66879773139954,0,98.6693626195192,0,746.282932706177,2.85250753164291,0
48.8825305700302,0,28.6331904903054,0,0,0,0,0,0,0,4.29258355498314,0,0,0,0,0,48.1816601604223,27.6711709350348,429.81380174309,0,1703.32448869944,0,0,0,0,0,0,0,0,0,0,0,0,0,0,0,231.916432678699,0,404.489517629147,2.59222820401192,13.3455190062523,1.43950338661671,704.395081944764,0,15.5688877478242,0,443.595427908003,4.2710597217083,88.1926286891103,0,8.41997671127319,0,0.590247184038162,0,0,0,682.641962118447,0.502428889274597,17.5050127953291,0,0,0,0,0,0,0,0,0,0,0,0,0,0,500.207051180303,0,0,0,0,0.516504183411598,657.361089758575,0,371.598072946072,353.482772469521,7.83367741107941,1572.02647030354,0,10.4811947494745
0,0,0,0,0,0,0,0,0,0,0,0,0,0,0,0,0,0,0,0,0,3048.57816545665,0,61.8513523340225,0,7.65678757429123,0,0,0,0,0,0,0,0,0,0,0,75.7586504667997,0,0,0,0,0,0,0,0,0,0,0,8.39554101228714,0,0,0,0,0,0,0,0,0,0,0,0,0,0,0,0,10.5920102596283,0,27.573234975338,0,5.90364730358124,0,0,0,0,0,0,0,0,0,24.3918024897575,0,46.0357405245304,0,0,0,0
0,0,0,0,0,0,0,0,0,0,0,0,0,0,0,0,42.1069231033325,0,0,0,0,0,2619.05257862806,0,30.3035977482796,0,0,0,0,0,0,0,0,0,0,0,0,0,439.390007674694,0,0,0,0,0,0,0,0,2.2970358133316,0.540563583374023,0,0,0,0,0,0,0,0,0,0,0,0,0,0,0,0,0,0,365.617818161845,0,139.118807181716,0,0,0,0,0,0,0,0,0,0,0,106.8880636096,159.333980947733,0,0,0,0
0,0,0,0,0,0,0,0,0,14.6935819387436,0,0,0,0,0,0,0,0,0,0,0,230.992264151573,0,28.3808366805315,0,2.44058987498283,0,0,0,0,0,0,0,12.0998442023993,0,0,0,666.15784843266,0,0,0,0,0,0,0,0,0,0,0,0,0,0,0,0,0,396.010863780975,0,0,0,0,0,0,0,0,10.5920102596283,0,0,0,7.07415628433228,0,0,0,0,0,0,0,0,0,0,0,1191.75440186262,0,9.37266638875008,0,18.8418021202087,0,0
1.67672526836395,0,0,0,0,0,0,0,0,0,0,0,0,0,0,0,0,0,0,0,0,0,144.947148859501,0,545.313801974058,0,1.25670212507248,0,0,0,0,0,0,0,0,0,0,0,1272.21652717888,0,0,0,0,0,0,0,0,0,13.3514403998852,0,0,0,0,0,349.157078891993,0,0,0,0,0,69.6517798900604,0,0,0,0,365.617818161845,0,0,0,218.050151258707,0,0,0,0,0,0,0,0,0,0,0,524.382039919496,39.131586432457,61.1979677826166,41.7535321414471,0,0
0,0,0,0,0,0,0,0,0,0,0,0,0,0,0,1,0,0,0,0,0,126.487180739641,0,78.2826289236546,0,306.173890843987,0,1.11645463109016,0,0,0,0,0,0,0,0,0,0,0,0,0,0,0,0,0,0,0,0,0,0,0,0,0,0,0,0,0,0,0,0,0,0,0,0,27.573234975338,0,7.07415628433228,0,0,0,193.610553979874,0,0,0,0,0,0,0,0,0,0,0,3.58535671234131,0,0,0,0
0,0,0,0,0,0,0,0,0,0,0,0,0,0,0,0,0,0,0,0,0,0,462.708665564656,0,380.140217751265,0,64.5454758405685,0,0,0,0,0,0,0,0,0,0,0,0,0,0,0,0,0,0,0,0,0,80.2557729482651,0,0,0,0,0,0,0,0,0,0,0,0,0,0,0,0,139.118807181716,0,218.050151258707,0,0,0,0,0,0,0,0,0,0,0,0,0,0,0,0,0,0,0
0,0,0,0,0,0,0,0,0,0,0,78.3417414426804,0,0,0,0,0,0,0,0,0,60.8112945556641,0,0,0,54.2947997301817,0,435.564131081104,0,112.899416685104,0,0,0,0,0,0,0,1,0,0,0,0,0,0,0,0,0,0,0,33.8505647778511,0,0,0,0,0,0,0,0,0,0,0,0,0,0,5.90364730358124,0,0,0,193.610553979874,0,0,0,84.887177169323,0,0,0,0,0,0,0,1.27019512653351,0,167.970364570618,0,0,0,0
0,0,0,0,0,0,0,0,0,0,0,0,0,0,0,0,0,0,0,0,0,0,0,0,0,0,11.9881490468979,0,23.8454333543777,0,0,0,0,0,0,0,0,0,0.329636126756668,0,0,0,0,0,0,0,0,0,80.0639618933201,0,0,0,0,0,0,0,0,0,0,0,0,0,0,0,0,0,0,0,0,0,0,0,0,0,0,0,0,0,0,0,0,8.20638540387154,0,0,0,0,0
0.188305795192719,0,0,7.27030344307423,0,0,0,0,0,0,0,0,0,0,0,0,2.50353963673115,0.718035250902176,81.7124903202057,0,0,0,0,0,0,0,0,0,0,55.4022607803345,0,0,0,0,0,0,0,0,0,41.3949129283428,0,571.305791392922,5.36710618436337,7.05234947800636,0,149.806927606463,0,0.585345149040222,0.841059505939484,450.493825182319,0,0,0,0,0,0,0,320.017756894231,0,0,0,0,24.7331141084433,0,0,0,0,0,0,0,84.887177169323,0,0,0,0,0,0,0,28.9378264546394,0.121133893728256,2.36763826012611,0.772601008415222,66.0626156181097,0,1270.72222028673,275.127383202314,0
0.357927680015564,0,2.42098355293274,0,0,0,0,0,0,0,0,0,0,0,0,0,0,0,12.0075302571058,0,10.3940440416336,0,0,0,0,0,0,0,0,0,436.734255135059,0,0,0,0,0,0.139570847153664,0,2.25304836034775,0,0,0,6.53444821387529,0,0,0,8.00248272716999,0,13.07018686831,0,0,0,0,0,0,0,98.3696535527706,0,0,0,0,0,0,500.207051180303,0,0,0,0,0,0,0,0,0,0,0,0,0,0,0,15.0496974810958,0,516.915398806334,10.6188671737909,0,220.915048837662,0,5.36388635635376
0,0,0,0,0,0,0,0,0,0,0,0,0,0,0,0,0,0,0,0,0,0,0,0,0,0,0,0,0,0,0,326.76857547462,0,15.8677765205503,0,54.6745413243771,0.310401380062103,0,0,0,0,0,0,0,0,0,0,1126.3640146032,4.7016097009182,0,0,0,0,0,0,0,0,0,0,0,0,0,0,0,0,0,0,0,0,0,0,0,0,0,0,1.09804487228394,0,0,1.66278253495693,0,0,0,100.682578593493,0.502829194068909,0,0,0
0,0,0,0,0,0,0,0,0,0,0,0,0,0,0,0,0,0,0,0,0,0,0,0,0,0,0,0,0,0,0,142.084499269724,172.296790957451,0,84.5281663015485,0,15.5502555370331,0,0,0,0,0,0,0,0,0,0,91.9404285177588,43.535988368094,0,0,0,0,0,0,0,0,0,0,0,0,0,0,0,0,0,0,0,0,0,0,0,0,0,1.09804487228394,0,0,1,0,115.906509891152,0,0,79.4092035293579,0,0,0,0
0,0,0,0,0,0,0,0,0,0.933761537075043,0,0,0,0,0,0,0,0,0,0,0,0,0,0.260941743850708,0,0,0,0,0,0,0,116.292845487595,0,772.149112582207,165.429191946983,5.50591298937798,0,7.92504107952118,0,0,0,0,0,0,0,0,0,4.49299389123917,1.20749047398567,0,0,0,0,0,0,0,0,0,0,0,0,0,0,0,0,0,0,0,0,0,0,0,0,0,0,0,0,27.7211645841599,5.65427285432816,0,202.898745059967,0,292.902169495821,0,0,0,0
0,0,0,0,0,0,0,0,0,0,0,0,0,0,0,0,0,0,0,0,0,0,0,0,0,0,0,0,0,0,0,0,0,337.848707735538,1519.23576384783,0,192.311742946506,0,82.4848807156086,0,0,0,0,0,0,0,0,30.7628319561481,4.42446368932724,0,0,0,0,0,0,0,0,0,0,0,0,0,0,0,0,0,0,0,0,0,0,0,0,0,0,1,27.7211645841599,0,0,5.12152245640755,0,10.702641800046,55.9610205888748,0,0,0,0
0,26.0159724801779,0,6.71248112618923,0,89.9510623961687,0,0,0,0,0,22.1022481918335,0,0,0,0,25.0389075577259,74.5773582756519,1173.72368247807,51.018115401268,0,0,0,0,0,0,0,0,0,0,0,2.86133383959532,0,8.93192072212696,0,7200.37487510592,0,227.899512633681,1.03167283535004,565.530699938536,0,466.888335242867,24.9378565773368,2.89501719176769,1.48422360420227,1214.3641487062,8.97484082728624,683.94438521564,0.405388697981834,5.38139412552118,0,0.307812333106995,0,0,0,0,0,17.1901580542326,0,0,0,0,719.960254102945,0.516504183411598,0,0,0,0,0,0,0,0,28.9378264546394,0,1.66278253495693,0,5.65427285432816,0,0,5.74478243291378,761.516564108431,5.57951134443283,530.471796892583,4.69887080788612,1213.57509669662,28.775150552392,0
240.428272113204,0,113.469062566757,0.373548120260239,0,0,0,0,0,0,0,0,0,0,0,0,266.388592377305,106.022600978613,1968.99179688841,0,212.115217700601,0,0,0,0,0,0,0,0,0,0,0,148.023493938148,0.331908911466599,188.145734511316,14.8812938630581,7772.52170713246,0,122.670056059957,25.8858621120453,737.133248016238,3.91639202833176,2567.18474885821,0.2237169444561,181.962724857032,3.02024780213833,622.623059503734,774.105413779616,480.236690059304,2.04179714620113,25.4292323440313,0,0,0,0,0,37.0560467839241,0,30.0972896888852,0,0,0,0,657.361089758575,0,0,0,0,0,0,0,0,0.121133893728256,15.0496974810958,0,115.906509891152,0,5.12152245640755,5.74478243291378,0,0,2139.72294632345,1660.80362652242,83.0781255438924,1599.70190038532,0.452699422836304,99.3068947345018
0,0,0,0.131725668907166,0,0,0,0,0,22.8270333409309,0,19.8973317146301,0,0,0,0,1.44322127103806,0,44.3408122360706,0,0,44.0824306458235,0,124.682466059923,0,0,0,0,0,0,0,0,0,443.606955945492,0,362.567083917558,0,6363.46910214424,0,28.2025429755449,0,13.951471760869,0.453317418694496,0,0,363.180528581142,0,16.1059697568417,0,433.571309953928,0,0,0,0,0,0.729276388883591,0,1.37282299995422,0,0,0,0,2.66879773139954,0,24.3918024897575,0,1191.75440186262,0,0,0,1.27019512653351,0,2.36763826012611,0,0,0,202.898745059967,0,761.516564108431,0,0,0,451.327506348491,11.48948559165,112.687056154013,0.364826083183289,0
121.195363432169,0,31.127443999052,0,0,0,0,0,0,0,0,0,0,0,0,0.261477947235107,82.5085274428129,24.9009035825729,757.912655778229,0,36.1747550964355,0,180.86036080122,0,82.8872086703777,0,0,0,0,0,0,0,0,2.76821008324623,75.680404573679,0,803.582374602556,0,7362.46679024398,6.97793924808502,3.61550150811672,4.43539284169674,536.468143045902,0,48.7458611130714,2.2920606136322,147.701241128147,77.4894830882549,515.586103484035,22.5252043157816,0,0,0,0,0,0,0,0,0,0,0,0,0,371.598072946072,0,106.8880636096,0,524.382039919496,0,0,0,8.20638540387154,0.772601008415222,516.915398806334,0,0,0,10.702641800046,5.57951134443283,2139.72294632345,0,0,1169.12503162771,173.315146312118,485.095598332584,0,124.267678707838
308.738686561584,545.821177005768,79.4513890296221,569.301427043974,274.001283228397,674.408723369241,224.646556138992,0,1140.76684352756,1335.20883965492,203.851788878441,293.376075237989,209.282941102982,143.663035273552,4.87337172031403,49.9402823150158,8136.1400834471,21130.6718393564,7875.10345035791,369.156127750874,215.405356809497,761.417433843017,537.857181861997,83.4682664871216,5.73650570213795,100.521835565567,0,89.506950378418,0,0,136.895581007004,580.810962557793,146.868770122528,1067.67395094037,42.7750508189201,1209.69449496269,1634.77288375795,1329.95653922856,2677.94398899376,1418.89290675521,287.579141661525,1963.10337691754,2269.1028625071,9.57546605169773,24.8354794830084,200.472313374281,373.755686827004,3539.28761307895,2491.05062811077,1859.84659475833,128.863219708204,105.634494960308,57.756609916687,0,38.142884299159,178.714045405388,68.4132475703955,66.9008071944118,34.524176210165,39.8526958227158,1.974185526371,0,98.6693626195192,353.482772469521,46.0357405245304,159.333980947733,9.37266638875008,39.131586432457,3.58535671234131,0,167.970364570618,0,66.0626156181097,10.6188671737909,100.682578593493,79.4092035293579,292.902169495821,55.9610205888748,530.471796892583,1660.80362652242,451.327506348491,1169.12503162771,0,4458.07590005547,4246.28372117132,340.944937981665,197.801398336887
3.37356716394424,0,0,0,0,116.771667838097,0,0,0,744.829396829009,2,0,93.4291353225708,0,0,3.70473277568817,8394.29098962247,15360.316595152,296.904072247446,0,1.46756863594055,199.011710584164,60.4067045748234,0,13.1122012138367,0.603042125701904,0,0.48770934343338,0,0,0,0.140411496162415,0,0,0,8.03776562213898,56.2012313008308,2.90450838208199,220.178884536028,11.7018069624901,0.473916053771973,6.4107957854867,9.06123359501362,0,3.47592537105083,0,6.53376396000385,24.405332878232,1.31787422299385,0.328163087368011,0,0,0,0,0,0,0,0,0,0,0,0,0,7.83367741107941,0,0,0,61.1979677826166,0,0,0,0,0,0,0.502829194068909,0,0,0,4.69887080788612,83.0781255438924,11.48948559165,173.315146312118,4458.07590005547,0,43.839830994606,0.291662216186523,0.485153988003731
