0,0,9.21001308304923,0,10.2920254071554,0,0,0,7.23093433945488,0,0,0,0,0,2.95785021781921,0,34.8461122512817,78.1710376739502,20.7578723307737,0,0,0,0,0,0,0,0,0,0,0,0,0,0,0,0,31.8198413848877,45.7180835723877,0,0,0,32.863319465913,0,18.6188356220722,0,0,74.8804779052734,17.2495726302818,0,6.70959155628647,0,0,0,0,0,8.01116317599039,0,0,0,0,0,6.20181308401392,0,0,33.5327270756597,0,0,0,4.11397457122803,0,0,0,0,0,23.3993129730225,0,0,0,0,0,36.5326403494804,0,0,8.27586243399719,0,10.7098532400543,0,11.9328925340948
0,0,0,3.95150329448559,0,5.51839818954468,0,0,0,6.31362142309037,0,0,0,0,0,4.31207723702703,0,7.35301094055176,8.17004018359714,0,0,0,0,0,0,0,0,0,0,0,0,0,0,0,0,47.0649280548096,0,0,0,30.7080965042114,0,18.8804283904158,0,6.51599502563477,0,15.9235169887543,0,0,0,7.97331896325173,0,0,0,0,0,4.85232655054777,0,0,0,0,0,5.68915470517599,32.3878130479292,0,0,0,4.8466093767257,0,0,0,0,0,0,0,0,0,0,0,35.7112694615903,0,0,0,6.07618727629603,0,10.7866423876055,4.02974677085876,0
9.21001308304923,0,0,0,8.51951355584629,0,0,0,11.8179149018394,0,0,0,0,0,0,0,58.1220359802246,0,36.518806481067,0,30.6157093048096,0,0,0,0,0,0,0,0,0,0,0,0,0,0,33.5331197885367,25.62313636144,0,0,0,45.7968951861064,32.7661905288696,33.4397525308339,31.0605020523071,44.939372743879,0,20.7962260571393,30.4322690963745,16.5278334575342,0,4.27638511657715,0,0,0,4.34449616159712,0,7.89279083410899,0,3.27968030872912,0,4.05632959471809,0,0,36.0005360971583,0,0,0,0,0,0,0,31.5262784957886,0,27.2467283951609,0,0,0,0,37.3881839116414,38.6650514807752,0,0,19.1595105285547,15.1522703170776,24.5911259852458,0,30.7642638298773
0,3.95150329448559,0,0,0,10.340388378268,0,0,0,10.643029591023,0,0,0,0,0,7.44291587573726,0,0,47.8658256530762,13.6769319014116,0,0,0,0,0,0,0,0,0,0,0,0,0,0,0,18.7862245014736,0,0,0,26.9461074004302,0,31.666311485741,30.2965218680246,39.9883728027344,0,22.6897416644626,0,0,0,8.73101998449446,0,9.59631897211075,0,0,0,8.00551017054108,0,5.64805024491865,0,5.71669204711914,0,6.11543967723846,32.8137973149618,0,0,0,0,0,0,0,0,0,33.1575717926025,0,0,0,0,0,32.0608540881764,0,39.3427322932652,0,9.27570442056754,10.9803362952338,14.55108901586,41.1493784586589,0
10.2920254071554,0,8.51951355584629,0,0,0,4.22217655181885,0,4.47569486447369,0,0,0,0,0,0,0,0,0,0,0,0,0,0,0,0,0,0,0,0,0,0,0,0,0,0,34.3793525695801,16.4267485141754,0,0,0,0,0,49.4152878352574,0,0,0,51.212085723877,0,40.7325274149577,0,5.16693766615284,0,3.58810455658857,0,7.75005038579305,0,3.54139256477356,0,4.84613588878087,0,5.71936809526731,0,0,0,0,0,0,0,0,0,0,0,0,0,0,0,0,0,0,29.7214686075846,0,0,8.07284093401573,5.63209524154663,11.9995169688244,0,0
0,5.51839818954468,0,10.340388378268,0,0,0,0,0,3.21761454487243,0,0,0,0,0,0,0,0,0,5.93725791102962,0,0,0,0,0,0,0,0,0,0,0,0,0,0,0,18.9583485921224,0,0,0,49.5849494934082,0,47.0280456542969,0,0,0,0,0,0,0,8.20248794555664,0,3.36627669705973,0,3.02642400034012,0,3.2919626052563,0,5.17784328460693,0,5.53500405729633,0,5.05553405814701,7.27919912338257,0,0,0,0,0,0,0,0,0,0,0,0,0,0,0,18.1641856511434,0,0,0,10.4927826909458,0,17.1323344310125,0,0
0,0,0,0,4.22217655181885,0,0,0,0,0,0,0,0,0,0,0,0,0,0,0,0,0,0,0,0,0,0,0,0,0,0,0,0,0,0,0,5.49374607205391,0,0,0,0,0,0,0,0,0,0,0,0,0,3.50175705163375,0,3.47726910000756,0,0,0,0,0,4.183249346954,0,0,0,0,0,0,0,0,0,0,0,0,0,0,0,0,0,0,0,0,7.98739612954004,0,0,3.04105711752369,0,0,0,0
0,0,0,0,0,0,0,0,0,0,0,0,0,0,0,0,0,0,0,0,0,0,0,0,0,0,0,0,0,0,0,0,0,0,0,0,0,0,0,0,0,0,0,0,0,0,0,0,0,0,0,0,0,3.26297767957052,0,0,0,3.02562236785889,0,0,0,0,0,0,0,0,0,0,0,0,0,0,0,0,0,0,0,0,0,0,0,0,3.18644402424494,0,0,0,0
7.23093433945488,0,11.8179149018394,0,4.47569486447369,0,0,0,0,0,0,0,0,0,3.47505769729614,0,3.70795912212796,0,45.5572490692139,0,0,0,0,0,6.15501589093889,0,9.03654170036316,0,0,0,0,0,0,0,0,24.8942909240723,0,0,9.56091385729173,0,0,0,10.2376381310206,0,43.5612525939941,0,28.9646549224854,0,15.7257384061813,0,6.933004507969,0,0,0,5.38225934073493,0,0,0,0,0,5.50852072460801,0,0,55.5822639465332,0,0,0,6.92277220060241,0,13.0744205474854,0,0,0,20.6262371063232,0,0,0,0,0,60.4299112955729,0,10.5807340542475,5.40650509473846,5.05938834265659,7.72637410536825,0,7.84148601385263
0,6.31362142309037,0,10.643029591023,0,3.21761454487243,0,0,0,0,0,0,0,0,0,4.28511542615606,38.2863292694092,24.8233139514923,0,0,0,0,0,4.33107262031705,0,0,0,0,0,0,0,0,0,0,0,0,0,7.09294805875639,0,0,0,5.34072917699814,0,0,0,54.3828735351562,0,0,0,9.3805988620628,0,0,0,0,0,4.06763825659266,0,11.1113351186117,0,6.93950510025024,0,4.47499433454576,0,0,0,0,6.2604695788601,0,9.26683235168457,0,0,0,0,0,0,0,0,0,0,0,11.3621429899464,0,6.776141776508,5.75211131572723,14.2418700754642,4.87360889216264,0
0,0,0,0,0,0,0,0,0,0,0,0,3.67205242488695,0,0,0,0,0,0,0,3.12625057146113,0,0,0,0,0,0,0,4.39986952145894,0,5.25281526188162,0,0,0,0,0,4.50230926275253,0,4.38476609081202,0,0,0,0,0,0,0,0,0,0,0,6.19998950958252,0,0,0,0,0,4.74228664077058,0,4.01146554946899,0,0,0,0,0,0,0,0,0,0,0,0,0,0,7.81780264984097,0,0,0,0,0,7.42623135021755,0,4.43264150619507,3.86099324993153,0,5.12968103090922,0,0
0,0,0,0,0,0,0,0,0,0,0,0,0,2.78130916754405,0,0,0,0,0,4.12584998057439,0,0,0,0,0,0,0,0,0,4.42947343190511,0,0,0,0,0,4.33378557433859,0,3.43346479478397,0,0,0,0,0,0,0,0,0,0,0,0,0,0,0,0,0,0,0,5.38206859062428,0,2.87358875274658,0,0,6.50386604007922,0,0,0,0,0,0,0,0,0,4.89189372671411,0,0,0,0,0,6.64110950672108,0,6.14347831408183,0,3.60551104308866,4.66247844696045,0,0,0
0,0,0,0,0,0,0,0,0,0,3.67205242488695,0,0,0,3.43015213087788,0,0,0,0,0,0,0,0,0,0,0,0,0,4.21246639887492,0,0,0,0,0,0,0,0,0,0,0,0,0,0,0,0,0,0,0,11.7027277469635,0,0,0,6.1256103515625,0,0,0,0,0,4.26406786072218,0,5.12926419352142,0,0,0,0,0,0,0,0,7.26564675111037,0,6.20269686671404,0,0,0,0,0,0,0,0,0,0,3.38556027412415,3.37272095680237,0,0,0
0,0,0,0,0,0,0,0,0,0,0,2.78130916754405,0,0,0,3.51049757276263,0,0,0,0,0,0,0,0,0,3.59666117032369,0,0,0,0,0,0,0,0,0,0,0,0,0,0,0,0,0,0,0,0,0,0,0,0,0,0,0,0,0,0,0,0,0,3.81945346114791,0,4.80285857273982,0,0,0,0,0,0,5.03526555258652,0,0,0,0,0,0,0,0,0,0,0,0,0,3.14645756305532,3.99307335472107,0,0,0
2.95785021781921,0,0,0,0,0,0,0,3.47505769729614,0,0,0,3.43015213087788,0,0,0,0,0,0,0,0,0,0,0,7.57670116424561,0,7.35622262954712,0,0,0,0,0,0,0,0,0,0,0,0,0,0,0,0,0,0,0,0,0,9.06900637111967,0,0,0,0,0,0,0,0,0,4.24242352436085,0,4.49702833671319,0,0,0,0,0,0,8.66969299316406,0,9.02134374209813,0,8.26049187550178,0,0,0,0,0,0,0,0,0,0,4.06392892272071,3.50986306807574,0,0,0
0,4.31207723702703,0,7.44291587573726,0,0,0,0,0,4.28511542615606,0,0,0,3.51049757276263,0,0,0,0,0,0,0,0,0,0,0,0,0,0,0,0,0,0,0,0,0,0,0,0,0,0,0,0,0,0,0,0,0,0,0,5.35157017976465,0,3.75955219268799,0,0,0,2.93288373947144,0,12.2527160644531,0,6.55804249118356,0,3.851313313587,0,0,0,0,0,0,4.55713123605962,0,0,0,0,0,0,0,0,0,0,0,0,0,7.32281460690854,0,0,0,0
34.8461122512817,0,58.1220359802246,0,0,0,0,0,3.70795912212796,38.2863292694092,0,0,0,0,0,0,0,21.5579956611632,26.5916813179408,0,0,31.6101555616959,17.1481488863627,29.143392175436,6.86019288169013,39.5205860137939,10.4981200695038,0,0,0,0,0,0,0,0,103.749046325684,80.1180592854818,0,0,75.4166379789027,74.2532540345803,64.9309010087398,54.5594212668283,51.8871364593506,46.253802355598,76.505366398738,54.7334679497613,0,56.3858299255371,64.1984405517578,0,0,0,0,0,0,0,0,0,0,0,0,77.6621052668645,73.6789069281684,34.5724067687988,0,0,7.28091883659363,0,11.9381465911865,0,0,0,0,0,0,0,0,78.9952466328939,79.4062778179462,70.5253321329753,0,16.9421950524228,6.92307916700923,63.8515011928976,60.7878573169447,52.0562755360323
78.1710376739502,7.35301094055176,0,0,0,0,0,0,0,24.8233139514923,0,0,0,0,0,0,21.5579956611632,0,24.5904708341753,0,0,15.2583507358438,26.5306841532389,20.7988681933459,0,15.0878633553865,0,7.00587412326232,0,0,0,0,0,0,0,85.7577285766602,105.742137908936,0,0,66.2847516847693,76.0202930450439,49.3495122334536,65.4107045712678,49.615905638664,52.9245536804199,54.406399846077,66.446704864502,0,85.2728576660156,63.4554853439331,0,0,0,0,0,0,0,0,0,0,0,0,78.2121143341064,79.108825302124,19.470667665655,0,0,0,12.3037608146667,0,0,0,0,0,0,0,0,0,74.2438052662632,80.8475170898437,64.3814004262288,0,17.8847888564954,9.83588757997995,53.3937140581559,44.2970659931501,68.3958000183106
20.7578723307737,8.17004018359714,36.518806481067,47.8658256530762,0,0,0,0,45.5572490692139,0,0,0,0,0,0,0,26.5916813179408,24.5904708341753,0,0,33.2866274515788,45.7318878173828,36.4528350830078,39.8982226053874,0,0,0,0,0,0,0,0,0,0,0,56.2159097252823,50.813346351993,0,0,41.7428102197339,42.4339292187622,34.8102663197606,24.5346680058873,22.943788147617,20.3385325671592,30.2637682882945,25.3034386935421,0,46.5547915867397,42.7507042262865,0,0,0,0,0,0,64.3162002563477,54.9231204986572,0,0,0,0,45.0379117535007,45.3043891433018,26.5831985473633,0,0,0,0,0,0,60.285764058431,59.1306335926056,33.069041115897,0,0,0,0,47.2621869069684,48.0055425644851,52.5859965369815,37.7833949869329,15.021404079023,15.325322323832,29.8443347051226,30.6811744283747,22.9197231949848
0,0,0,13.6769319014116,0,5.93725791102962,0,0,0,0,0,4.12584998057439,0,0,0,0,0,0,0,0,0,0,0,0,0,0,0,0,0,0,0,0,0,0,0,4.75031687797416,0,6.08846923283168,0,0,0,0,0,0,0,5.75023502111435,0,0,0,0,0,9.92993394426397,0,0,0,0,0,8.86061502480116,0,0,0,0,5.53215381676952,0,0,0,0,0,0,0,0,0,0,0,0,0,0,0,5.62479492155508,0,10.3036158084869,0,4.18325337682452,0,5.90171638458811,0,0
0,0,30.6157093048096,0,0,0,0,0,0,0,3.12625057146113,0,0,0,0,0,0,0,33.2866274515788,0,0,0,0,0,0,0,0,0,0,0,0,0,0,0,0,0,6.99306162567566,0,3.88792958007595,0,0,0,46.1486905415853,0,0,0,10.2711666591706,0,0,0,4.9898494720459,0,0,0,0,0,3.87387683977583,0,5.35395658016205,0,0,0,0,6.58031719384128,0,0,0,0,0,0,0,0,0,0,0,0,0,0,0,7.52446329161877,0,5.01427390509182,5.49305052587253,0,9.58268224039385,0,0
0,0,0,0,0,0,0,0,0,0,0,0,0,0,0,0,31.6101555616959,15.2583507358438,45.7318878173828,0,0,0,3.19395888457864,9.71301712989807,0,2.98475617832608,0,3.05657228318656,0,0,0,0,0,0,0,0,0,9.9940066921842,0,0,0,0,0,0,0,0,0,0,0,13.2941640397777,0,0,0,0,0,0,0,24.2486396789551,0,0,0,0,43.9055249350412,0,4.62157886161628,0,6.12466468811035,0,3.12181617844273,0,7.80578613163221,0,14.4079074090527,0,0,0,0,0,0,0,9.18286858371033,0,6.89800259726388,4.25589647500411,31.6575006908841,0,0
0,0,0,0,0,0,0,0,0,0,0,0,0,0,0,0,17.1481488863627,26.5306841532389,36.4528350830078,0,0,3.19395888457864,0,0,3.98032671605532,0,4.07336300069636,0,2.87529339790344,0,0,0,0,0,22.6924839019775,0,0,0,6.62267094689447,0,0,0,0,0,0,0,0,20.6461486816406,6.89306015934018,0,0,0,0,0,0,0,0,0,0,0,0,0,0,0,3.12538124964787,4.34276123547083,0,4.01483363930772,0,4.27945252278956,0,4.93340992927551,0,0,0,0,0,0,0,0,0,8.62487504915758,5.05811156511307,0,16.766127204895,0,0
0,0,0,0,0,0,0,0,0,4.33107262031705,0,0,0,0,0,0,29.143392175436,20.7988681933459,39.8982226053874,0,0,9.71301712989807,0,0,0,5.21806210279465,0,0,0,0,0,0,0,16.1840549468994,0,0,0,7.33940994614706,0,0,0,5.67385323842367,0,0,0,0,0,13.8672771453857,0,4.00752853092394,0,0,0,0,0,3.97308216397724,0,0,0,0,0,0,0,0,6.04013568056481,0,4.72971780698605,0,4.8155910210176,0,0,0,0,0,0,0,13.2945637702942,0,0,0,7.75305788837678,0,7.85139132738113,0,6.41809704628858,0,0
0,0,0,0,0,0,0,0,6.15501589093889,0,0,0,0,0,7.57670116424561,0,6.86019288169013,0,0,0,0,0,3.98032671605532,0,0,0,6.05415062767139,0,0,0,0,0,0,0,0,0,0,0,4.61969270494249,0,0,0,7.19039821624756,0,0,0,0,0,0,0,0,0,0,0,6.79389882253276,0,0,0,0,0,8.01410579681396,0,0,0,0,4.60702498465277,0,5.41985793507759,0,4.36811623483334,0,0,0,0,0,0,0,0,0,0,0,8.54283306399981,6.45407191526543,0,6.6213220556577,0,0
0,0,0,0,0,0,0,0,0,0,0,0,0,3.59666117032369,0,0,39.5205860137939,15.0878633553865,0,0,0,2.98475617832608,0,5.21806210279465,0,0,0,2.92748204030489,0,0,0,0,0,0,0,0,0,0,0,0,0,0,0,0,0,0,0,0,0,0,0,0,0,0,0,8.65674018859863,0,0,0,5.59215384428618,0,5.22248196601868,0,0,2.88137324651082,0,5.25144958954591,0,3.95537707668084,0,3.15460133552551,0,0,0,0,0,0,0,0,0,0,0,16.8557318340648,15.6275663375854,0,61.2012023925781,0
0,0,0,0,0,0,0,0,9.03654170036316,0,0,0,0,0,7.35622262954712,0,10.4981200695038,0,0,0,0,0,4.07336300069636,0,6.05415062767139,0,0,0,0,0,0,0,0,0,0,0,0,0,0,0,0,0,0,0,0,0,0,0,0,0,0,0,0,0,0,0,0,0,0,0,0,0,0,0,0,4.79233677820726,0,5.68362103568183,0,3.79057683399745,0,6.05320940698896,0,0,0,0,0,0,0,0,0,0,9.61156737804413,0,0,0,0
0,0,0,0,0,0,0,0,0,0,0,0,0,0,0,0,0,7.00587412326232,0,0,0,3.05657228318656,0,0,0,2.92748204030489,0,0,0,2.9385740135027,0,0,0,0,0,0,0,0,0,0,0,0,0,0,0,0,0,0,0,10.2638931274414,0,0,0,0,0,0,0,0,0,5.96865944301381,0,0,0,0,3.3751208782196,0,0,0,3.28033163812425,0,3.33737158507444,0,3.69032037258148,0,0,0,0,0,0,0,3.99129939079285,0,7.93920731544495,0,0,0,0
0,0,0,0,0,0,0,0,0,0,4.39986952145894,0,4.21246639887492,0,0,0,0,0,0,0,0,0,2.87529339790344,0,0,0,0,0,0,0,2.98566141724586,0,0,0,0,0,0,0,0,0,0,0,0,0,0,0,0,0,0,0,0,0,0,0,0,0,0,0,4.45122782389323,0,0,0,0,0,0,2.74847841262817,0,0,0,3.57026439002066,0,4.15055562888446,0,0,0,0,0,0,0,0,0,0,0,0,0,0,0
0,0,0,0,0,0,0,0,0,0,0,4.42947343190511,0,0,0,0,0,0,0,0,0,0,0,0,0,0,0,2.9385740135027,0,0,0,0,0,0,0,0,0,3.74025740027428,0,0,0,0,0,0,0,0,0,0,0,0,0,0,0,0,0,0,0,5.58860476811727,0,0,0,0,0,0,0,0,0,0,0,0,3.44593795140584,0,3.98592848777771,0,0,0,0,0,0,0,4.28009601200328,0,0,0,0,0,0
0,0,0,0,0,0,0,0,0,0,5.25281526188162,0,0,0,0,0,0,0,0,0,0,0,0,0,0,0,0,0,2.98566141724586,0,0,0,0,0,0,0,0,0,3.22838127094766,0,0,0,0,0,0,0,0,0,0,0,0,0,0,0,0,0,10.0063080083756,0,0,0,0,0,0,0,0,0,0,0,0,0,0,5.46132536495433,0,4.06070900525308,0,0,0,0,0,0,0,2.75114393234253,0,0,0,0,0
0,0,0,0,0,0,0,0,0,0,0,0,0,0,0,0,0,0,0,0,0,0,0,0,0,0,0,0,0,0,0,0,4.1564381527595,23.3582433015108,2.91030261913935,19.6778223592727,3.89893186092377,0,0,0,0,0,0,0,0,0,0,8.86516491276243,7.61166004424399,7.43298968814668,0,0,0,0,0,0,0,0,0,0,0,0,0,0,0,0,0,0,0,0,0,0,0,0,5.43122985024127,4.49303542511859,0,4.23103495438894,15.4965486105929,0,0,0,3.72340638473116,0,0,0,0
0,0,0,0,0,0,0,0,0,0,0,0,0,0,0,0,0,0,0,0,0,0,0,0,0,0,0,0,0,0,0,4.1564381527595,0,0,2.99433754499142,4.87767848143211,4.05160823322478,0,0,0,0,0,0,0,0,0,0,6.13939251621381,4.54727750666001,0,0,0,0,0,0,0,0,0,0,0,0,0,0,0,0,0,0,0,0,0,0,0,0,0,10.2448319494724,3.99129919219097,0,0,16.4834936582125,4.88807390396854,0,0,3.10261409422931,0,0,0,0
0,0,0,0,0,0,0,0,0,0,0,0,0,0,0,0,0,0,0,0,0,0,0,16.1840549468994,0,0,0,0,0,0,0,23.3582433015108,0,0,3.79002426136499,5.67136623309209,0,10.2487429514737,3.87126673970904,0,0,0,23.2676601409912,0,0,0,0,6.23445796216729,18.8887288387005,8.82752776145935,0,0,0,0,0,0,0,0,0,0,0,0,0,0,0,0,0,0,0,0,0,0,0,0,7.37071048551136,0,4.81444125776588,4.83866981328544,4.06412774040585,0,7.86801870271335,0,7.53194832851283,0,11.0394623279572,0,0
0,0,0,0,0,0,0,0,0,0,0,0,0,0,0,0,0,0,0,0,0,0,22.6924839019775,0,0,0,0,0,0,0,0,2.91030261913935,2.99433754499142,3.79002426136499,0,0,3.1626503684304,0,4.16092370685778,0,0,0,0,0,0,0,0,4.25407381735596,7.10783632142203,0,0,0,0,0,0,0,0,0,0,0,0,0,0,0,0,20.1683444976807,0,0,0,0,0,0,0,0,2.95756061260517,3.90202176570892,3.81375396404904,4.79177659525263,0,10.0336378869556,0,8.35249795546899,2.85382568836212,0,0,0,0
31.8198413848877,47.0649280548096,33.5331197885367,18.7862245014736,34.3793525695801,18.9583485921224,0,0,24.8942909240723,0,0,4.33378557433859,0,0,0,0,103.749046325684,85.7577285766602,56.2159097252823,4.75031687797416,0,0,0,0,0,0,0,0,0,0,0,19.6778223592727,4.87767848143211,5.67136623309209,0,0,3.27283831092149,4.7680314581722,0,45.3005268421579,0,43.6039836733949,0,47.0209048344539,0,31.1920590235455,0,25.0986353655656,0,57.363525390625,0,18.0421889336383,0,0,0,0,0,11.2860230163754,0,0,0,0,11.0933056677173,147.797119140625,0,0,0,0,0,0,49.8107643127441,0,55.3703727722168,0,9.17179193867463,5.41631549841737,7.15065891823072,0,6.84631428514688,4.32750988399589,13.6075998027821,0,5.65708354795081,3.64003745578037,21.1706993829325,47.9128397623698,0
45.7180835723877,0,25.62313636144,0,16.4267485141754,0,5.49374607205391,0,0,0,4.50230926275253,0,0,0,0,0,80.1180592854818,105.742137908936,50.813346351993,0,6.99306162567566,0,0,0,0,0,0,0,0,0,0,3.89893186092377,4.05160823322478,0,3.1626503684304,3.27283831092149,0,0,4.73560510778062,0,58.1117529979972,92.5325759887695,44.3475372390333,60.4577674865723,52.7295996059071,0,35.331754596488,0,18.4479530866329,0,29.1007499694824,0,6.82223347255162,0,0,0,49.4916038513184,0,0,0,0,0,0,11.4482956814839,0,0,0,0,0,0,0,0,0,101.335693359375,0,4.30392748239089,0,3.00586497443063,5.41394096913964,6.74713089576423,0,5.8150081677772,6.52065251569457,4.3450944851445,18.6743396754375,68.034854888916,48.0768457559439
0,0,0,0,0,0,0,0,0,7.09294805875639,0,3.43346479478397,0,0,0,0,0,0,0,6.08846923283168,0,9.9940066921842,0,7.33940994614706,0,0,0,0,0,3.74025740027428,0,0,0,10.2487429514737,0,4.7680314581722,0,0,3.25352588025006,54.366081237793,0,0,0,0,0,16.1595000787215,0,4.95597389139281,0,7.75485971773633,0,0,0,0,0,7.73238772684985,0,6.95993827997252,0,0,0,0,8.00040307634082,0,11.5160596397729,0,6.40922731806988,0,0,0,7.48199790402463,0,6.24169997374217,0,0,0,4.83268513189298,7.36026477813721,6.77846807877223,0,5.34872264495588,6.75415027141571,4.85336130556137,8.66181373596191,4.38577020405144,0,0
0,0,0,0,0,0,0,0,9.56091385729173,0,4.38476609081202,0,0,0,0,0,0,0,0,0,3.88792958007595,0,6.62267094689447,0,4.61969270494249,0,0,0,0,0,3.22838127094766,0,0,3.87126673970904,4.16092370685778,0,4.73560510778062,3.25352588025006,0,0,0,0,0,0,0,0,0,7.08611278700759,5.44666996225715,0,0,0,0,0,8.19464192670934,0,3.69799775497936,0,0,0,0,0,0,7.05364981589427,0,5.42471960045043,0,4.33936440666517,0,0,0,0,0,4.47566238156071,0,0,0,5.04121296065194,0,6.11877519284424,14.0475492477417,5.68050252527995,4.27988273871911,3.64810963471731,5.519742839277,0,0
0,30.7080965042114,0,26.9461074004302,0,49.5849494934082,0,0,0,0,0,0,0,0,0,0,75.4166379789027,66.2847516847693,41.7428102197339,0,0,0,0,0,0,0,0,0,0,0,0,0,0,0,0,45.3005268421579,0,54.366081237793,0,0,81.7516822814941,26.3722391401752,54.8266708374023,27.6158768042411,46.9536552429199,17.7678996801017,0,0,0,14.8304769177186,0,0,0,0,0,0,0,51.1964839935303,0,0,0,0,24.9146314827901,88.8039665222168,0,0,0,0,0,0,63.5815849304199,0,62.7264333452497,0,0,0,0,0,19.0335489382509,78.5651397705078,51.7065531233667,0,42.5766501435814,36.4134368896484,22.1995933232362,21.3174755098118,0
32.863319465913,0,45.7968951861064,0,0,0,0,0,0,0,0,0,0,0,0,0,74.2532540345803,76.0202930450439,42.4339292187622,0,0,0,0,0,0,0,0,0,0,0,0,0,0,0,0,0,58.1117529979972,0,0,81.7516822814941,0,84.2438400268555,27.8509739593952,49.1861228942871,28.9381159156378,0,22.4817977146323,12.4922852516174,8.51366804925022,0,0,0,0,0,0,0,0,0,0,0,0,0,87.8141250610352,23.536494094643,0,0,0,0,0,0,0,0,0,55.5513687133789,0,0,0,0,71.0877990722656,53.1129412568493,0,54.8662147521973,41.7267389414809,0,27.6842510437099,72.4765205383301,23.4184968985044
0,18.8804283904158,32.7661905288696,31.666311485741,0,47.0280456542969,0,0,0,5.34072917699814,0,0,0,0,0,0,64.9309010087398,49.3495122334536,34.8102663197606,0,0,0,0,5.67385323842367,0,0,0,0,0,0,0,0,0,0,0,43.6039836733949,92.5325759887695,0,0,26.3722391401752,84.2438400268555,0,11.7210006191711,20.300389145332,71.6894073486328,22.8525117115055,45.8702506152066,7.91922497749329,20.0951143900553,21.3089166525611,0,51.9230804443359,0,0,0,0,0,24.479901445323,0,0,0,25.6214003562927,34.7588406399384,72.4658126831055,0,0,0,0,0,0,70.9649810791016,0,18.6145183161685,0,0,0,0,0,35.0838559922569,74.0523105348859,16.5871626365103,0,18.8063062678406,23.9865090721532,18.8459678102197,11.7359003534976,51.0549564361572
18.6188356220722,0,33.4397525308339,30.2965218680246,49.4152878352574,0,0,0,10.2376381310206,0,0,0,0,0,0,0,54.5594212668283,65.4107045712678,24.5346680058873,0,46.1486905415853,0,0,0,7.19039821624756,0,0,0,0,0,0,0,0,23.2676601409912,0,0,44.3475372390333,0,0,54.8266708374023,27.8509739593952,11.7210006191711,0,19.4917679892646,20.7735916619569,56.7847623825073,20.2662294406468,7.81680490558309,11.3553281966962,13.7066113895043,38.4643423080444,0,0,0,0,0,39.9464088439941,0,0,0,48.2049751281738,0,58.7696571350098,33.6087548341885,0,0,0,0,0,0,0,9.6836284995079,0,9.86539058051357,17.0454368591309,0,17.8521776199341,0,52.4006786346436,36.8024374020284,69.1379852294922,29.9231039683024,17.4569065515287,29.5674333572388,17.3578481573594,53.681940945712,10.5759228624238
0,6.51599502563477,31.0605020523071,39.9883728027344,0,0,0,0,0,0,0,0,0,0,0,0,51.8871364593506,49.615905638664,22.943788147617,0,0,0,0,0,0,0,0,0,0,0,0,0,0,0,0,47.0209048344539,60.4577674865723,0,0,27.6158768042411,49.1861228942871,20.300389145332,19.4917679892646,0,0,20.4095462490531,35.0801995595296,0,31.4271812438965,25.3911823091053,0,0,0,0,0,0,0,0,0,0,0,0,36.1546742651198,47.7395184834798,0,0,0,0,0,0,0,0,29.5945720672607,0,0,0,0,0,32.4453780450017,57.0898399353027,27.0357634226481,0,17.2848010163107,0,12.4699301445518,17.3720926227449,0
0,0,44.939372743879,0,0,0,0,0,43.5612525939941,0,0,0,0,0,0,0,46.253802355598,52.9245536804199,20.3385325671592,0,0,0,0,0,0,0,0,0,0,0,0,0,0,0,0,0,52.7295996059071,0,0,46.9536552429199,28.9381159156378,71.6894073486328,20.7735916619569,0,0,45.6138954162598,15.6848384398448,0,38.6634635925293,0,0,0,0,0,0,0,0,0,0,0,0,0,0,32.4061836354873,0,0,0,0,0,0,0,0,0,0,0,0,0,0,0,34.4634032845497,0,0,29.6083703191025,0,26.1210423790746,0,19.4219594805428
74.8804779052734,15.9235169887543,0,22.6897416644626,0,0,0,0,0,54.3828735351562,0,0,0,0,0,0,76.505366398738,54.406399846077,30.2637682882945,5.75023502111435,0,0,0,0,0,0,0,0,0,0,0,0,0,0,0,31.1920590235455,0,16.1595000787215,0,17.7678996801017,0,22.8525117115055,56.7847623825073,20.4095462490531,45.6138954162598,0,64.6332397460938,0,0,26.1903813362122,0,0,0,0,0,0,0,36.2495806557792,0,0,0,0,13.330300669052,94.6616744995117,0,0,0,0,0,0,52.3447999954224,0,26.8422724550421,0,0,0,0,0,22.5222422655839,107.264743804932,20.3118389033678,0,27.7071777060628,21.0145559310913,16.4300297898287,36.6119138891047,82.9979095458984
17.2495726302818,0,20.7962260571393,0,51.212085723877,0,0,0,28.9646549224854,0,0,0,0,0,0,0,54.7334679497613,66.446704864502,25.3034386935421,0,10.2711666591706,0,0,0,0,0,0,0,0,0,0,0,0,0,0,0,35.331754596488,0,0,0,22.4817977146323,45.8702506152066,20.2662294406468,35.0801995595296,15.6848384398448,64.6332397460938,0,0,36.0876747293675,0,39.4838371276855,0,0,0,0,0,50.0527372360229,0,0,0,26.1462020874023,0,0,11.6646479247065,0,0,0,0,0,0,0,0,0,44.1006635519174,0,0,0,0,0,23.4980518722265,0,11.8640343348185,25.0866903671265,0,19.5184444079329,67.2467714945475,29.3457109511845
0,0,30.4322690963745,0,0,0,0,0,0,0,0,0,0,0,0,0,0,0,0,0,0,0,20.6461486816406,13.8672771453857,0,0,0,0,0,0,0,8.86516491276243,6.13939251621381,6.23445796216729,4.25407381735596,25.0986353655656,0,4.95597389139281,7.08611278700759,0,12.4922852516174,7.91922497749329,7.81680490558309,0,0,0,0,0,8.31783177092509,6.07917376361983,0,0,0,0,0,0,0,0,0,0,0,0,0,0,17.8849468231201,20.2842100461324,13.1934342384338,0,0,0,0,0,0,0,5.52948181537845,5.03446404392299,5.79425442742777,6.60278537781512,10.2536544418634,4.45856518996389,6.99696460329151,10.8576127439737,7.54596887146085,0,7.60241852753303,0,0
6.70959155628647,0,16.5278334575342,0,40.7325274149577,0,0,0,15.7257384061813,0,0,0,11.7027277469635,0,9.06900637111967,0,56.3858299255371,85.2728576660156,46.5547915867397,0,0,0,6.89306015934018,0,0,0,0,0,0,0,0,7.61166004424399,4.54727750666001,18.8887288387005,7.10783632142203,0,18.4479530866329,0,5.44666996225715,0,8.51366804925022,20.0951143900553,11.3553281966962,31.4271812438965,38.6634635925293,0,36.0876747293675,8.31783177092509,0,10.7993316429438,33.2854361534119,0,0,0,6.16847416070791,0,5.35289395503376,0,7.45876969155811,0,5.29993070528759,0,0,46.0263589512218,0,5.2207663877955,0,3.57522493228316,0,3.65626051508147,0,5.88532611907729,0,8.26842312214492,11.3705009089576,4.11399447451757,21.3386155097715,5.99027142242381,22.5335985183716,6.92766351690176,24.5468034744263,6.34396551738648,10.1576160530352,0,9.16249409198282,0,12.0621416218631
0,7.97331896325173,0,8.73101998449446,0,8.20248794555664,0,0,0,9.3805988620628,0,0,0,0,0,5.35157017976465,64.1984405517578,63.4554853439331,42.7507042262865,0,0,13.2941640397777,0,4.00752853092394,0,0,0,10.2638931274414,0,0,0,7.43298968814668,0,8.82752776145935,0,57.363525390625,0,7.75485971773633,0,14.8304769177186,0,21.3089166525611,13.7066113895043,25.3911823091053,0,26.1903813362122,0,6.07917376361983,10.7993316429438,0,0,8.68040692011515,0,0,0,8.32711491584778,0,15.9750522886004,0,0,0,5.08780089505883,30.585209608078,0,13.5883508806643,0,5.93363656663591,0,0,0,5.7987080756046,0,6.14527197822509,0,6.24132060235547,0,5.73252306878567,0,22.4444573058022,0,7.26040029353458,0,9.24160142602592,22.4112510681152,10.1702912522662,18.0276322204795,0
0,0,4.27638511657715,0,5.16693766615284,0,3.50175705163375,0,6.933004507969,0,6.19998950958252,0,0,0,0,0,0,0,0,0,4.9898494720459,0,0,0,0,0,0,0,0,0,0,0,0,0,0,0,29.1007499694824,0,0,0,0,0,38.4643423080444,0,0,0,39.4838371276855,0,33.2854361534119,0,0,0,3.42588590278106,0,0,0,3.48426886796951,0,3.37557172775269,0,3.30641825199127,0,0,4.62029647827148,0,0,0,0,0,0,0,0,0,0,0,0,0,0,38.5373153686523,29.1227321624756,0,0,12.1288564855402,0,14.085434785256,0,50.8779048919678
0,0,0,9.59631897211075,0,3.36627669705973,0,0,0,0,0,0,0,0,0,3.75955219268799,0,0,0,9.92993394426397,0,0,0,0,0,0,0,0,0,0,0,0,0,0,0,18.0421889336383,0,0,0,0,0,51.9230804443359,0,0,0,0,0,0,0,8.68040692011515,0,0,0,3.36048395898607,0,0,0,4.97781199413341,0,4.69421035373533,0,4.20548605442047,6.19610902667046,0,0,0,0,0,0,0,0,0,0,0,0,0,0,0,17.8546755192644,0,0,0,5.65095491886139,0,10.6272324405102,0,0
0,0,0,0,3.58810455658857,0,3.47726910000756,0,0,0,0,0,6.1256103515625,0,0,0,0,0,0,0,0,0,0,0,0,0,0,0,0,0,0,0,0,0,0,0,6.82223347255162,0,0,0,0,0,0,0,0,0,0,0,0,0,3.42588590278106,0,0,0,0,0,0,0,3.53350758310092,0,0,0,0,0,0,0,0,0,0,0,0,0,0,0,0,0,0,0,0,9.72138434648514,0,0,2.95256002744039,0,0,0,0
0,0,0,0,0,3.02642400034012,0,3.26297767957052,0,0,0,0,0,0,0,0,0,0,0,0,0,0,0,0,0,0,0,0,0,0,0,0,0,0,0,0,0,0,0,0,0,0,0,0,0,0,0,0,0,0,0,3.36048395898607,0,0,0,0,0,4.16856061328541,0,0,0,0,0,0,0,0,0,0,0,0,0,0,0,0,0,0,0,0,0,0,0,0,4.11418527364731,0,0,0,0
8.01116317599039,0,4.34449616159712,0,7.75005038579305,0,0,0,5.38225934073493,0,0,0,0,0,0,0,0,0,0,0,0,0,0,0,6.79389882253276,0,0,0,0,0,0,0,0,0,0,0,0,0,8.19464192670934,0,0,0,0,0,0,0,0,0,6.16847416070791,0,0,0,0,0,0,0,0,0,0,0,3.94501272837321,0,0,0,0,0,0,6.01080389688276,0,0,0,0,0,0,0,0,0,0,0,0,0,8.74995775909275,6.81385162141588,0,7.50296820315304,0,0
0,4.85232655054777,0,8.00551017054108,0,3.2919626052563,0,0,0,4.06763825659266,0,0,0,0,0,2.93288373947144,0,0,0,0,0,0,0,3.97308216397724,0,8.65674018859863,0,0,0,0,0,0,0,0,0,0,0,7.73238772684985,0,0,0,0,0,0,0,0,0,0,0,8.32711491584778,0,0,0,0,0,0,0,0,0,0,0,4.00861424633435,0,0,0,0,5.44070621066623,0,7.2641491095225,0,0,0,0,0,0,0,0,0,0,0,9.77550652998465,0,4.64582499751338,0,9.61923221803047,0,0
0,0,7.89279083410899,0,3.54139256477356,0,0,0,0,0,4.74228664077058,0,0,0,0,0,0,0,64.3162002563477,0,3.87387683977583,0,0,0,0,0,0,0,0,0,10.0063080083756,0,0,0,0,0,49.4916038513184,0,3.69799775497936,0,0,0,39.9464088439941,0,0,0,50.0527372360229,0,5.35289395503376,0,3.48426886796951,0,0,0,0,0,0,0,6.31629601938355,0,6.12757298151652,0,0,5.28803994156357,0,0,0,0,0,4.00226354598999,0,5.44821156733539,0,8.98221098267093,0,0,0,0,0,33.0456600189209,0,17.4630699157715,3.85735153068196,0,5.88404264151705,0,0
0,0,0,5.64805024491865,0,5.17784328460693,0,3.02562236785889,0,11.1113351186117,0,5.38206859062428,0,0,0,12.2527160644531,0,0,54.9231204986572,8.86061502480116,0,24.2486396789551,0,0,0,0,0,0,0,5.58860476811727,0,0,0,0,0,11.2860230163754,0,6.95993827997252,0,51.1964839935303,0,24.479901445323,0,0,0,36.2495806557792,0,0,0,15.9750522886004,0,4.97781199413341,0,4.16856061328541,0,0,0,0,0,5.64369594236338,0,13.0703536464322,10.4158054595151,0,21.6466496785482,0,0,0,15.3399383371527,0,9.41436162456922,0,6.99685800051153,0,0,0,0,0,30.3721032876235,0,11.8307693357454,0,6.666347219944,33.3305778503418,10.7601665692061,11.8232685195075,0
0,0,3.27968030872912,0,4.84613588878087,0,4.183249346954,0,0,0,4.01146554946899,0,4.26406786072218,0,4.24242352436085,0,0,0,0,0,5.35395658016205,0,0,0,0,0,0,0,4.45122782389323,0,0,0,0,0,0,0,0,0,0,0,0,0,0,0,0,0,0,0,7.45876969155811,0,3.37557172775269,0,3.53350758310092,0,0,0,6.31629601938355,0,0,0,6.20702904032678,0,0,5.24881315231323,0,0,0,0,0,7.97950374186039,0,7.63978274411358,0,0,0,0,0,0,0,0,0,0,3.79737257957458,0,7.54167500336965,0,0
0,0,0,5.71669204711914,0,5.53500405729633,0,0,0,6.93950510025024,0,2.87358875274658,0,3.81945346114791,0,6.55804249118356,0,0,0,0,0,0,0,0,0,5.59215384428618,0,5.96865944301381,0,0,0,0,0,0,0,0,0,0,0,0,0,0,0,0,0,0,0,0,0,0,0,4.69421035373533,0,0,0,0,0,5.64369594236338,0,0,0,7.96566740734668,0,0,0,0,0,0,8.25947683086562,0,7.41690808274991,0,12.1344403353604,0,0,0,0,0,17.001953125,0,0,0,3.68890777067705,4.27329349517822,5.63722133636475,0,0
6.20181308401392,0,4.05632959471809,0,5.71936809526731,0,0,0,5.50852072460801,0,0,0,5.12926419352142,0,4.49702833671319,0,0,0,0,0,0,0,0,0,8.01410579681396,0,0,0,0,0,0,0,0,0,0,0,0,0,0,0,0,0,48.2049751281738,0,0,0,26.1462020874023,0,5.29993070528759,0,3.30641825199127,0,0,0,3.94501272837321,0,6.12757298151652,0,6.20702904032678,0,0,0,0,0,0,0,0,0,0,4.43848292755358,0,6.00919368706251,0,0,0,0,0,0,0,31.2098541259766,0,0,3.96246624892613,0,8.03736800617642,0,0
0,5.68915470517599,0,6.11543967723846,0,5.05553405814701,0,0,0,4.47499433454576,0,0,0,4.80285857273982,0,3.851313313587,0,0,0,0,0,0,0,0,0,5.22248196601868,0,0,0,0,0,0,0,0,0,0,0,0,0,0,0,25.6214003562927,0,0,0,0,0,0,0,5.08780089505883,0,4.20548605442047,0,0,0,4.00861424633435,0,13.0703536464322,0,7.96566740734668,0,0,0,0,0,0,0,0,4.68658064061945,0,6.4867856161935,0,0,0,0,0,0,0,0,0,0,0,9.05431175231934,0,14.5765684843063,0,0
0,32.3878130479292,0,32.8137973149618,0,7.27919912338257,0,0,0,0,0,6.50386604007922,0,0,0,0,77.6621052668645,78.2121143341064,45.0379117535007,5.53215381676952,0,43.9055249350412,0,0,0,0,0,0,0,0,0,0,0,0,0,11.0933056677173,0,8.00040307634082,0,24.9146314827901,87.8141250610352,34.7588406399384,58.7696571350098,36.1546742651198,0,13.330300669052,0,0,0,30.585209608078,0,6.19610902667046,0,0,0,0,0,10.4158054595151,0,0,0,0,0,134.44450378418,42.2073287963867,0,0,0,0,0,27.4424219692455,0,24.3737416102154,0,0,0,0,0,17.8265297938461,89.3771438598633,25.6310332625305,0,33.6717507394564,0,19.3633939453577,52.8398247887107,0
33.5327270756597,0,36.0005360971583,0,0,0,0,0,55.5822639465332,0,0,0,0,0,0,0,73.6789069281684,79.108825302124,45.3043891433018,0,6.58031719384128,0,0,0,0,0,0,0,0,0,0,0,0,0,0,147.797119140625,11.4482956814839,0,7.05364981589427,88.8039665222168,23.536494094643,72.4658126831055,33.6087548341885,47.7395184834798,32.4061836354873,94.6616744995117,11.6646479247065,0,46.0263589512218,0,4.62029647827148,0,0,0,0,0,5.28803994156357,0,5.24881315231323,0,0,0,134.44450378418,0,0,0,0,0,0,0,0,0,0,29.7238340377808,0,0,0,0,0,15.4473008544319,0,5.54705961842403,36.6190294756544,0,16.4800058160509,82.366808573405,43.990607723113
0,0,0,0,0,0,0,0,0,0,0,0,0,0,0,0,34.5724067687988,19.470667665655,26.5831985473633,0,0,4.62157886161628,3.12538124964787,6.04013568056481,0,2.88137324651082,0,3.3751208782196,0,0,0,0,0,0,0,0,0,11.5160596397729,0,0,0,0,0,0,0,0,0,17.8849468231201,0,13.5883508806643,0,0,0,0,0,0,0,21.6466496785482,0,0,0,0,42.2073287963867,0,0,0,5.95669621802468,0,3.29368309507665,0,6.26175962778238,0,13.9560968990786,0,0,0,0,0,0,0,8.21843119254145,0,6.54235246022542,28.7985241413116,22.2383518218994,0,0
0,0,0,0,0,0,0,0,0,0,0,0,0,0,0,0,0,0,0,0,0,0,4.34276123547083,0,4.60702498465277,0,4.79233677820726,0,2.74847841262817,0,0,0,0,0,20.1683444976807,0,0,0,5.42471960045043,0,0,0,0,0,0,0,0,20.2842100461324,5.2207663877955,0,0,0,0,0,0,0,0,0,0,0,0,0,0,0,0,0,0,6.30011708179225,0,7.02826090959402,0,3.77171515774082,0,0,0,0,0,0,0,0,0,6.22164060434094,3.7838126538505,0,18.0160747528076,0,0
0,4.8466093767257,0,0,0,0,0,0,0,6.2604695788601,0,0,0,0,0,0,0,0,0,0,0,6.12466468811035,0,4.72971780698605,0,5.25144958954591,0,0,0,0,0,0,0,0,0,0,0,6.40922731806988,0,0,0,0,0,0,0,0,0,13.1934342384338,0,5.93363656663591,0,0,0,0,0,5.44070621066623,0,0,0,0,0,0,0,0,5.95669621802468,0,0,0,5.84567185739676,0,0,0,0,0,0,0,0,0,0,0,5.90411261423288,0,10.5528148199831,0,5.4795235044816,0,0
4.11397457122803,0,0,0,0,0,0,0,6.92277220060241,0,0,0,0,0,8.66969299316406,0,7.28091883659363,0,0,0,0,0,4.01483363930772,0,5.41985793507759,0,5.68362103568183,0,0,0,0,0,0,0,0,0,0,0,4.33936440666517,0,0,0,0,0,0,0,0,0,3.57522493228316,0,0,0,0,0,6.01080389688276,0,0,0,0,0,0,0,0,0,0,6.30011708179225,0,0,0,3.66323241952289,0,0,0,0,0,0,0,0,0,0,0,6.76761283840482,5.22019590650286,0,4.47335953818427,0,0
0,0,0,0,0,0,0,0,0,9.26683235168457,0,0,0,5.03526555258652,0,4.55713123605962,0,12.3037608146667,0,0,0,3.12181617844273,0,4.8155910210176,0,3.95537707668084,0,3.28033163812425,0,0,0,0,0,0,0,0,0,0,0,0,0,0,0,0,0,0,0,0,0,0,0,0,0,0,0,7.2641491095225,0,15.3399383371527,0,8.25947683086562,0,4.68658064061945,0,0,3.29368309507665,0,5.84567185739676,0,0,0,4.86790473603491,0,0,0,0,0,0,0,0,0,0,0,6.93945959636143,0,0,0,0
0,0,0,0,0,0,0,0,13.0744205474854,0,0,0,7.26564675111037,0,9.02134374209813,0,11.9381465911865,0,0,0,0,0,4.27945252278956,0,4.36811623483334,0,3.79057683399745,0,3.57026439002066,0,0,0,0,0,0,0,0,0,0,0,0,0,0,0,0,0,0,0,3.65626051508147,0,0,0,0,0,0,0,4.00226354598999,0,7.97950374186039,0,4.43848292755358,0,0,0,0,7.02826090959402,0,3.66323241952289,0,0,0,4.05496220931783,0,0,0,0,0,0,0,0,0,2.9878962635994,11.4387148221334,0,5.1184040705363,0,0
0,0,0,0,0,0,0,0,0,0,0,0,0,0,0,0,0,0,0,0,0,7.80578613163221,0,0,0,3.15460133552551,0,3.33737158507444,0,3.44593795140584,0,0,0,0,0,49.8107643127441,0,7.48199790402463,0,63.5815849304199,0,70.9649810791016,0,0,0,52.3447999954224,0,0,0,5.7987080756046,0,0,0,0,0,0,0,9.41436162456922,0,7.41690808274991,0,6.4867856161935,27.4424219692455,0,6.26175962778238,0,0,0,4.86790473603491,0,0,0,5.80935006893163,0,0,0,0,0,57.7463887532552,0,6.41432469192011,0,0,0,21.2594654579793,20.164623260498,0
0,0,31.5262784957886,0,0,0,0,0,0,0,0,0,6.20269686671404,0,8.26049187550178,0,0,0,60.285764058431,0,0,0,4.93340992927551,0,0,0,6.05320940698896,0,4.15055562888446,0,5.46132536495433,0,0,0,0,0,0,0,0,0,0,0,9.6836284995079,0,0,0,0,0,5.88532611907729,0,0,0,0,0,0,0,5.44821156733539,0,7.63978274411358,0,6.00919368706251,0,0,0,0,3.77171515774082,0,0,0,4.05496220931783,0,0,0,5.47914709229623,0,0,0,0,0,0,0,6.03907397154776,27.1246604919434,0,6.02490747602362,0,14.397305561946
0,0,0,33.1575717926025,0,0,0,0,0,0,0,4.89189372671411,0,0,0,0,0,0,59.1306335926056,0,0,14.4079074090527,0,0,0,0,0,3.69032037258148,0,3.98592848777771,0,0,0,0,0,55.3703727722168,0,6.24169997374217,0,62.7264333452497,0,18.6145183161685,0,29.5945720672607,0,26.8422724550421,0,0,0,6.14527197822509,0,0,0,0,0,0,0,6.99685800051153,0,12.1344403353604,0,0,24.3737416102154,0,13.9560968990786,0,0,0,0,0,5.80935006893163,0,0,0,0,0,0,0,54.4075554828255,0,7.58209673411407,0,42.530973010593,41.6721305847168,20.152147086753,19.8573990735141,0
23.3993129730225,0,27.2467283951609,0,0,0,0,0,20.6262371063232,0,7.81780264984097,0,0,0,0,0,0,0,33.069041115897,0,0,0,0,0,0,0,0,0,0,0,4.06070900525308,0,0,0,0,0,101.335693359375,0,4.47566238156071,0,55.5513687133789,0,9.86539058051357,0,0,0,44.1006635519174,0,8.26842312214492,0,0,0,0,0,0,0,8.98221098267093,0,0,0,0,0,0,29.7238340377808,0,0,0,0,0,0,0,5.47914709229623,0,0,0,0,0,0,0,67.1547309027778,0,5.1843515734994,26.3692814282009,0,5.39491946474323,0,14.6480506022771
0,0,0,0,0,0,0,0,0,0,0,0,0,0,0,0,0,0,0,0,0,0,0,0,0,0,0,0,0,0,0,5.43122985024127,10.2448319494724,7.37071048551136,2.95756061260517,9.17179193867463,0,0,0,0,0,0,17.0454368591309,0,0,0,0,5.52948181537845,11.3705009089576,6.24132060235547,0,0,0,0,0,0,0,0,0,0,0,0,0,0,0,0,0,0,0,0,0,0,0,0,0,6.98087618901179,0,0,6.69832556741732,0,0,0,3.62495027542114,0,11.9585628509521,0,0
0,0,0,0,0,0,0,0,0,0,0,0,0,0,0,0,0,0,0,0,0,0,0,0,0,0,0,0,0,0,0,4.49303542511859,3.99129919219097,0,3.90202176570892,5.41631549841737,4.30392748239089,0,0,0,0,0,0,0,0,0,0,5.03446404392299,4.11399447451757,0,0,0,0,0,0,0,0,0,0,0,0,0,0,0,0,0,0,0,0,0,0,0,0,0,6.98087618901179,0,0,2.89254534244537,0,3.25616011645768,0,0,3.51726354114593,0,0,0,0
0,0,0,0,0,0,0,0,0,0,0,0,0,0,0,0,0,0,0,0,0,0,0,13.2945637702942,0,0,0,0,0,0,0,0,0,4.81444125776588,3.81375396404904,7.15065891823072,0,4.83268513189298,0,0,0,0,17.8521776199341,0,0,0,0,5.79425442742777,21.3386155097715,5.73252306878567,0,0,0,0,0,0,0,0,0,0,0,0,0,0,0,0,0,0,0,0,0,0,0,0,0,0,0,5.37049088333592,3.84387618142205,0,7.34995653327376,0,7.92422660191854,0,14.3330555242651,0,0
0,0,0,0,0,0,0,0,0,0,0,0,0,0,0,0,0,0,0,0,0,0,0,0,0,0,0,0,0,0,0,4.23103495438894,0,4.83866981328544,4.79177659525263,0,3.00586497443063,7.36026477813721,5.04121296065194,0,0,0,0,0,0,0,0,6.60278537781512,5.99027142242381,0,0,0,0,0,0,0,0,0,0,0,0,0,0,0,0,0,0,0,0,0,0,0,0,0,0,2.89254534244537,5.37049088333592,0,0,0,0,6.53830079389286,3.19247564247676,0,0,0,0
0,35.7112694615903,37.3881839116414,32.0608540881764,0,18.1641856511434,0,0,0,0,0,6.64110950672108,0,0,0,0,78.9952466328939,74.2438052662632,47.2621869069684,5.62479492155508,0,0,0,0,0,0,0,0,0,0,0,15.4965486105929,16.4834936582125,4.06412774040585,0,6.84631428514688,5.41394096913964,6.77846807877223,0,19.0335489382509,71.0877990722656,35.0838559922569,52.4006786346436,32.4453780450017,0,22.5222422655839,0,10.2536544418634,22.5335985183716,22.4444573058022,38.5373153686523,17.8546755192644,0,0,0,0,0,30.3721032876235,0,17.001953125,0,0,17.8265297938461,0,0,0,0,0,0,0,57.7463887532552,0,54.4075554828255,0,6.69832556741732,0,3.84387618142205,0,0,132.646774291992,19.3877427341058,0,18.6487937503956,5.45068849774892,26.1746233316897,31.4022614996774,69.7796173095703
36.5326403494804,0,38.6650514807752,0,29.7214686075846,0,7.98739612954004,0,60.4299112955729,0,7.42623135021755,0,0,0,0,0,79.4062778179462,80.8475170898437,48.0055425644851,0,7.52446329161877,0,0,0,0,0,0,0,0,0,0,0,4.88807390396854,0,10.0336378869556,4.32750988399589,6.74713089576423,0,6.11877519284424,78.5651397705078,53.1129412568493,74.0523105348859,36.8024374020284,57.0898399353027,34.4634032845497,107.264743804932,23.4980518722265,4.45856518996389,6.92766351690176,0,29.1227321624756,0,9.72138434648514,0,0,0,33.0456600189209,0,0,0,31.2098541259766,0,89.3771438598633,15.4473008544319,0,0,0,0,0,0,0,0,0,67.1547309027778,0,3.25616011645768,0,0,132.646774291992,0,0,5.84443859807376,23.6340595796921,0,27.7883586837631,83.0166091918945,35.2882447106498
0,0,0,39.3427322932652,0,0,0,0,0,11.3621429899464,0,6.14347831408183,0,0,0,0,70.5253321329753,64.3814004262288,52.5859965369815,10.3036158084869,0,9.18286858371033,0,7.75305788837678,0,0,0,3.99129939079285,0,4.28009601200328,0,0,0,7.86801870271335,0,13.6075998027821,0,5.34872264495588,14.0475492477417,51.7065531233667,0,16.5871626365103,69.1379852294922,27.0357634226481,0,20.3118389033678,0,6.99696460329151,24.5468034744263,7.26040029353458,0,0,0,0,0,9.77550652998465,0,11.8307693357454,0,0,0,0,25.6310332625305,0,8.21843119254145,0,5.90411261423288,0,0,0,6.41432469192011,0,7.58209673411407,0,0,0,7.34995653327376,0,19.3877427341058,0,0,18.2984466552734,12.1782680030729,19.5484002828598,24.2787261904303,21.8326439219675,0
0,0,0,0,0,0,0,0,10.5807340542475,0,4.43264150619507,0,0,0,0,0,0,0,37.7833949869329,0,5.01427390509182,0,8.62487504915758,0,8.54283306399981,0,0,0,0,0,2.75114393234253,0,0,0,8.35249795546899,0,5.8150081677772,6.75415027141571,5.68050252527995,0,54.8662147521973,0,29.9231039683024,0,0,0,11.8640343348185,10.8576127439737,6.34396551738648,0,0,0,0,0,8.74995775909275,0,17.4630699157715,0,0,0,0,0,0,5.54705961842403,0,6.22164060434094,0,6.76761283840482,0,2.9878962635994,0,6.03907397154776,0,5.1843515734994,0,0,0,6.53830079389286,0,5.84443859807376,18.2984466552734,0,7.70781015318364,3.02402782440186,7.72720043278403,67.980712890625,0
