0,0,0.0021277947713784,0,0,0,0,0,0.00301057867068184,0,0,0,0,0,0,0,0.000123047673486566,7.91816850740277e-05,0.000662865636881845,0,0,0,0,0,0,0,0,0,0,0,0,0,0,0,0,0,0,0,0,0,4.04693328055555e-05,0,0.00526248611588817,0,0,0,0,0,0.00542976167156055,0,0,0,0,0,0.0307488305312442,0,1.42055815241363e-05,0,0,0,0.00306924672352826,0,0,0,0,0,0,0,0,0,0,0,0,0.000150735816300489,0,0,0,0,0,0,0,0,0.0001469984270011,0,0.0095517042597382,0,0.00012347255818939
0,0,0,0.00347177421996893,0,0,0,0,0,0.00159445862108642,0,0,0,0,0,0,0,0,5.94046561519573e-05,0,0,0,0,0,0,0,0,0,0,0,0,0,0,0,0,0,0,0,0,0,0,0.00392311584338924,0,0,0,0,0,0,0,0.00298516481492252,0,0,0,0,0,0.057566942568553,0,0,0,0,0,0.00062543950263036,0,0,0,0,0,0,0,0,0,0,0,0,0,0,0,0,0,0,0,0,0.000159974012215742,0,0.00856700855142627,0.00186754399542099,0
0.0021277947713784,0,0,0,0.0180733153601641,0,0,0,0.0136930799383148,0,0,0,0,0,0,0,3.02109948099705e-05,1.44944171647617e-05,0.000387721460343927,0,0.00021064540510185,0,0,0,0,0,0,0,0,0,0,0,0,0,0,0,2.35600927827849e-06,0,0,0,0.00355915130099602,0,0.00814891157429418,0,0,0,0.00103927863620273,1.19712574292904e-05,0.00601460779996494,0,0.0432606308881919,0,0,0,0,0,0.00229171057300256,0,0.000478406012188325,0,0,0,0,7.67415197848106e-05,0,0,0,0,0,0,0,0,0,0.00187677789539807,0,0,0,0,0,0.00041393339207545,0,3.05843793768362e-05,0.000135978765727761,1.20035566867899e-05,0.0214735027560235,0,0.000701660206076267
0,0.00347177421996893,0,0,0,0.0136476217782763,0,0,0,0,0,0,0,0,0,0,2.92743899198009e-05,3.96020781433407e-05,6.70633554236089e-05,0,0,0,0,0,0,0,0,0,0,0,0,0,0,0,0,0.000141611253063324,0,0,0,0.00168745690009248,0,0.0124620096061591,0,0,0,0.000893860760267873,0,0.000181683995631225,1.58634735533284e-05,0.00745238137704607,0,0.00381009487798856,0,0,0,0,0,0.0164266793285906,0,0.00436827251658057,0,0,0.000205556254150149,0,0,0,0,0,0,0,0,0,0.00719124371893037,0,0,0,0,0,5.24705145442052e-05,0,0,0,0.000228782428710151,0,0.0173485372462363,0.0115156802363206,0
0,0,0.0180733153601641,0,0,0,0,0,0.00509396551496,0,0,0,0,0,0,0,6.44635858950402e-06,0,0,0,0.000171995453893278,0,0,0,0,0,0,0,0,0,0,0,0,0,0,0,0,0,0,0,0.000150449677185362,0,0.000622159518791235,0,0,0,0,0,0.00111806307521563,0,0.0190645856629291,0,0,0,0,0,0,0,0,0,0,0,0,0.000405408509833768,0,0,0,0,0,0,0,0,0,0,0,0,0,0,0,0,0,0,4.13436363002312e-05,0,0.0052485151167052,0,0
0,0,0,0.0136476217782763,0,0,0,0,0,0,0,0,0,0,0,0,0,0,0,0.00425057049212515,0,0,0,0,0,0,0,0,0,0,0,0,0,0,0,0,0,0,0,0.00092167696507635,0,0.000402420501062603,0,0,0,0,0,0,0,0.00131170987551152,0,0.0012538813978293,0,0,0,0,0,0,0,0,0,0,0,0,0,0,0,0,0,0,0,0,0,0,0,0,0,0,0,0,0,0,0.000250787201743403,0,0.00650216423011877,0,0
0,0,0,0,0,0,0,0,0,0,0,0,0,0,0,0,0,0,0,0,0,0,0,0,0,0,0,0,0,0,0,0,0,0,0,0,0,0,0,0,0,0,0,0,0,0,0,0,0,0,0,0,0.0115694338089085,0,0,0,7.51823172322474e-05,0,0.0166139358874449,0,0,0,0,0,0,0,0,0,0,0,0,0,0,0,0,0,0,0,0,0,0,0,0,0,0,0,0
0,0,0,0,0,0,0,0,0,0,0,0.00546231856327516,0,0.000648863622461811,0,0,0,0,0,0.0120666944323934,0,0,0,0,0,0,0,0,0,0,0,0,0,0,0,0,0,0,0,0,0,0,0,0,0,0,0,0,0,0,0,0,0,0.0484688191895499,0,0,0,0.016458528231691,0,0.00694547181919237,0,0,0.00372599311006217,0,0,0,0,0,0,0,0,0,0,0,0,0,0,0,0,0,0,0,0.000273326200407896,0,0,0,0
0.00301057867068184,0,0.0136930799383148,0,0.00509396551496,0,0,0,0,0,0,0,0,0,0.0280393005849681,0,0.00109552398881727,0,0,0,0.000371113971201494,0,0,0,0.00145223673761856,0,0.00265837749022996,0,0,0,0,0,0,0,0,0,0,0,0.000942008914925145,0,0,0,0.000146990331966473,0,0,0,0,0,0.000817013485481313,0,0,0,0,0,0.134379946896627,0,0,0,0,0,0.00405078867153859,0,0,0,0,0,0,0.000403052815817308,0,0.00614641787287659,0,0,0,0,0,0,0,0,0,0,0,0.000898008349186312,0.00049073958193455,7.09836296680384e-06,0.00394708384961309,0,0
0,0.00159445862108642,0,0,0,0,0,0,0,0,0,0,0,0,0,0.0210750658969355,0,2.84743600644085e-05,1.67004762633344e-05,0,0,0,0,0.0039949394993259,0,0.0111622973997945,0,0,0,0,0,0,0,0.000125871302784965,0,0,0,0.000720473169309842,0,0,0,0,0,0,0,0,0,0,0,5.63478707975157e-05,0,0,0,0,0,0.119328405975696,0,0,0,0,0,0.0230160465488807,0,0,0,0,0.00163074164933719,0,0.00165815570562241,0,0,0,0,0,0,0,0.000602715675537686,0,0,0,0.000709561282872627,0,0.000793231495526517,0.00104290139076109,0.000870704147641452,0,0
0,0,0,0,0,0,0,0,0,0,0,0,0.07912521159464,0,0,0,0,0,0,0,0.0281002007983145,0,0,0,0,0,0,0,0.00354351100635871,0,0.00797958218826366,0,0,0,0,0,0.00845570520514756,0,0.0223814746043027,0,0,0,0,0,0,0,0,0,0,0,0,0,0,0,0,0,0.0543985992951246,0,0.0059891126055862,0,0,0,0,0.005567170806167,0,0,0,0,0,0,0,0.000199441542325597,0,0,0,0,0,0,0,0.00106308337909264,0,0.00255119664627942,0.000831495906847026,0,0,0,0
0,0,0,0,0,0,0,0.00546231856327516,0,0,0,0,0,0.110874420798571,0,0,0,0,0,0.0813612076624137,0,0,0,0,0,0,0,0.0139185029553074,0,0.0145042097064675,0,0,0,0,0,0.00655621119491539,0,0.0239294069022919,0,0,0,0,0,0,0,0,0,0,0,0,0,0,0,0,0,0,0,0.0798088390250694,0,0.0462973852225383,0,0,0.0212488438000235,0,0,0,0,0,0,0,0.00563493883119604,0,0.00719389378448944,0,0,0,0,0,0.000713582341407595,0,0.00581204318731588,0,0.00160138637895199,0.000437340856538353,0,0,0
0,0,0,0,0,0,0,0,0,0,0.07912521159464,0,0,0,0.0141660767563284,0,0.000117686638504303,0,0,0,0,0,0,0,0,0,0.00017235451421594,0,0.000102951890709512,0,0,0,0,0,0,0,0,0,0,0,0,0,0,0,0,0,0,0,0,0,0,0,0,0,0,0,0.00418795677854969,0,0.016590698112811,0,0,0,0,0,0,0,0,0,0,0,0,0,0,0,0,0,0,0,0,0,0,0,3.68864857591689e-06,5.09856026824369e-05,0,0,0
0,0,0,0,0,0,0,0.000648863622461811,0,0,0,0.110874420798571,0,0,0,0.00909879606739436,0,0,0,0,0,0,0,0,0,0,0,0.00530303832791604,0,0,0,0,0,0,0,0,0,0,0,0,0,0,0,0,0,0,0,0,0,0,0,0,0,0,0,0,0,0.0138747782341691,0,0.0850751574641253,0,0,0,0,0,0,0,0,0,0,0,0,0,0,0,0,0,0,0,0,0,0,0.00105493658453866,0.00123647712164239,0,0,0
0,0,0,0,0,0,0,0,0.0280393005849681,0,0,0,0.0141660767563284,0,0,0,0.00165138455927949,0,7.50338500476507e-05,0,0,0,0,0,0,0,0.00455929438058496,0,0,0,0,0,0,0,0,0,0,0,0,0,0,0,0,0,0,0,0,0,0,0,0,0,0,0,0.00115112175075505,0,0,0,0.00459311290422604,0,0,0,0,0,0,0,0,0,0,0.000738771053786669,0,0,0,0,0,0,0,0,0,0,0,0,0.00041507060689453,0,0,0,0
0,0,0,0,0,0,0,0,0,0.0210750658969355,0,0,0,0.00909879606739436,0,0,0.000109834274623407,0.00237366598846176,0,0,0,0,0,0.000321519729096374,0,0,0,0,0,0,0,0,0,0,0,0,0,0,0,0,0,0,0,0,0,0,0,0,0,0,0,0,0,0,0,0.0374532164083536,0,0,0,0.00629775033820698,0,0.0192294150038634,0,0,0,0,0.00408373287569089,0,0,0,0,0,0,0,0,0,0,0,0,0,0,0,0.000695399186824931,2.60374675174607e-05,5.19057113531132e-05,0,0
0.000123047673486566,0,3.02109948099705e-05,2.92743899198009e-05,6.44635858950402e-06,0,0,0,0.00109552398881727,0,0,0,0.000117686638504303,0,0.00165138455927949,0.000109834274623407,0,0.201660615182064,0.0473312465010586,0,0,0.000370334124258192,0.00106170776905757,0.000177002200230831,0.000808012125165888,0.00223142105563211,0.027614974981602,0,0.000134444735634075,0,0,0,0,0,0,0,0,0,0,0.0022040854166737,0.00299841091563872,0.000952681586996168,0.00225042420768694,0,0,0.00145094940283839,0.0021078800891278,0,1.3417755263586e-05,5.36845557115774e-06,0,0,0,0,0,0,0.000111671050212324,0.000123522498105124,0,0,4.29548590895729e-05,6.10632218219463e-06,7.75304138079446e-05,0.000332607819234497,0,0.00125087153844849,0.000564537268862982,0,0.00272486010900662,0.00564992298895813,1.26658676865361e-05,0,0.00036279753072623,0.000278899537872292,0,0,0,0,0.00114784514683453,0.00126448136079266,1.76432027780649e-05,6.06451210327736e-05,0.0114789160620511,0,0.00761338773644362,0.0001185065193976,0.000431258113146282
7.91816850740277e-05,0,1.44944171647617e-05,3.96020781433407e-05,0,0,0,0,0,2.84743600644085e-05,0,0,0,0,0,0.00237366598846176,0.201660615182064,0,0.0365061828287504,0,0,0.000634132973477789,2.04343553348151e-05,0.000689333187524019,0,0.0177081821877461,0.000737780934801404,4.15719155199837e-05,0,0,0,0,0,0,0,0,0,0,0,0.00276431464796821,0.00181678407104031,0.00228914611851615,0.000725846516249354,0,0,0.00185180134426059,0.00193753210528562,0,0,0,0,0,0,0,0,0,1.51777734318217e-05,0.000188689062649517,0,5.74843335565504e-06,0,0.000227867086097814,3.05092520224637e-05,0.000580602876066999,0,3.89410656009578e-05,0.0015908203790068,0,0.015499021022964,7.05152594124446e-05,0,0,0.000742291604836162,0.000157041919848171,0,0,0,0,0.00126561453909159,0.00095743869918386,7.37090569784655e-05,1.79632126232217e-05,0.0127780224538889,0.00262628755687187,0.00607651516836171,0.000366879674234184,0.000244971807757004
0.000662865636881845,5.94046561519573e-05,0.000387721460343927,6.70633554236089e-05,0,0,0,0,0,1.67004762633344e-05,0,0,0,0,7.50338500476507e-05,0,0.0473312465010586,0.0365061828287504,0,0,0,0,0,0,0,0.000285729318600472,6.15342949663133e-05,0,0,0,0,0,0,0,0,8.44784497817047e-06,0,1.87939837411908e-05,0,0.0231368064395961,0.0253669383346197,0.0174030215648719,0.0174082808297883,0,0,0.0156736214532407,0.0167402900358475,0,4.48966602245448e-05,0.000127126938596157,0,0,0,0,0,0,0.00045807438397248,0.00178112779857149,0,5.18307301963001e-05,0,0,0.000399742640208498,0.00307985474018562,0,0,5.74176357724622e-05,0,0.000615614532979721,0,0,0,0.00939710069708569,0.00195467873451361,0,0,0,0,0.00837555544373331,0.00768054559119753,0.000249451063398382,0.000238297414608737,0.0062284169693042,6.01900823949807e-06,0.057832185887782,0.00526485010050739,0.00920830657435932
0,0,0,0,0,0.00425057049212515,0,0.0120666944323934,0,0,0,0.0813612076624137,0,0,0,0,0,0,0,0,0,0,0,0,0,0,0,0,0,0.000900946509025486,0,0,0,0,0,0.00567307137173993,0,0.00129198387347421,0,0,0,0,0,0,0,0,0,0,0,0,0,0.000883689763665639,0,0,0,0,0,0.00406469728780371,0,0,0,0,0.0452920376749975,0,0,0,0,0,0,0,0,0,0,0,0,0,0,0,0.00224311331181952,0,0.000122446307186181,0,0.000707847596840445,0,0.00286993786573367,0,0
0,0,0.00021064540510185,0,0.000171995453893278,0,0,0,0.000371113971201494,0,0.0281002007983145,0,0,0,0,0,0,0,0,0,0,0,0,0,0,0,0,0,0,0,0,0,0,0,0,0,0.0220408969399401,0,0.00454523610453823,0,7.52482300211436e-05,0,0,0,0,0,2.71424044239608e-05,0,0,0,0.000623248644425046,0,0,0,0,0,0.00167244105525135,0,0,0,0,0,0,0.0450734521486999,0,0,0,0,0,0,0,0,0,0,0,0,0,0,0,0.00238828796551477,0,0.00066633370542502,0.00101026213148046,0,0.00446167675795136,0,0
0,0,0,0,0,0,0,0,0,0,0,0,0,0,0,0,0.000370334124258192,0.000634132973477789,0,0,0,0,0.00914074387173472,0.00744374260111809,0,0.000877866497700229,0,0.00828479667384072,0,0,0,0,0,0,0,0,0,0.0314949264766465,0.000795631422471983,0,0,0,0,0,0,0,0,0,0,0.00267980961059584,0,0,0,0,0,0,0,0,0,0,0,0,0,0,0.159341352387595,0.00147596480908278,0.000700547728527227,0,0.000179114845299797,0,0.00465982901517148,0,0,0,0,0,0,0,0,0,0.0119660434852156,0.000751863976443049,0.00485516465999439,2.73888370070142e-05,1.76334778053973e-05,0,0
0,0,0,0,0,0,0,0,0,0,0,0,0,0,0,0,0.00106170776905757,2.04343553348151e-05,0,0,0,0.00914074387173472,0,0,0.00506388000531661,0,0.00739362849311029,0,0.00276387121403858,0,0,0,0,0,0,0,0,0.000194248038979448,0.0125990949373399,0,0,0,0,0,0,0,0,0,0.00613331157918105,0,0,0,0,0,0,0,0,0,0,0,0,0,0,0,0.00122483573947506,0.128484088139894,0,0.00147289347476152,0,0.000900822698812736,0,0.000545644191836626,0,0,0,0,0,0,0,0,0,0.00634413168062418,0.00555171413254597,0.000926314294765408,0,0,0
0,0,0,0,0,0,0,0,0,0.0039949394993259,0,0,0,0,0,0.000321519729096374,0.000177002200230831,0.000689333187524019,0,0,0,0.00744374260111809,0,0,0,0.0634422753471907,0,0,0,0,0,0,0,0,0,0,0,0.0108962973018516,0,0,0,0,0,0,0,0,0,0,0,0.00303680920043327,0,0,0,0,0,0.0101637191506416,0,0,0,0,0,0.000284253566850912,0,0,0.00346187728011719,0,0.131800523091826,0,0.00636854477929513,0,0,0,0,0,0,0,3.29561550550946e-05,0,0,0,0.00269246372415896,0,0.000809368101340708,0,0.00468863679830735,0,0
0,0,0,0,0,0,0,0,0.00145223673761856,0,0,0,0,0,0,0,0.000808012125165888,0,0,0,0,0,0.00506388000531661,0,0,0,0.0776955532513985,0,0,0,0,0,0,0,0,0,0,0,0.00640269078931513,0,0,0,0,0,0,0,0,0,0.00503277145276608,0,0,0,0,0,0.00267202146280495,0,0,0,0,0,0,0,0,0,0,0.00143577832160701,0,0.166278204009858,0,0.00876568619833922,0,0,0,0,0,0,0,0,0,0,0,0.00432235689356655,0.000953213169282244,0,0.00179182225233495,0,0
0,0,0,0,0,0,0,0,0,0.0111622973997945,0,0,0,0,0,0,0.00223142105563211,0.0177081821877461,0.000285729318600472,0,0,0.000877866497700229,0,0.0634422753471907,0,0,0,0.0215158168388515,0,0,0,0,0,0,0,0,0,0,0,0,0,0,0,0,0,2.19937361249849e-05,0,0,0,0,0,0,0,0,0,0.0640173083277993,0,0,0,0,0,0.00611369977373124,0,0,0.000943865790789041,0,0.01588694270443,0,0.0167970737864847,0,0.000339200493282189,0,0,0,0,0,0,0,0,5.75826575985523e-06,0,0,0.000638456121367043,0,3.94155383970059e-05,0,2.96752932806277e-05
0,0,0,0,0,0,0,0,0.00265837749022996,0,0,0,0.00017235451421594,0,0.00455929438058496,0,0.027614974981602,0.000737780934801404,6.15342949663133e-05,0,0,0,0.00739362849311029,0,0.0776955532513985,0,0,0,0.00498656449199719,0,0,0,0,0,0,0,0,0,0,0,0,0,0,0,0,0,0,0,0,0,0,0,0,0,0,0,0,0,0,0,0,0,0,0,0,0.00164713004075579,0,0.00776435108674743,0,0.027019197166521,0,0,0,0,0,0,0,0,0,0,0,0,0.000395528228564446,0,1.0447243479736e-05,0,0
0,0,0,0,0,0,0,0,0,0,0,0.0139185029553074,0,0.00530303832791604,0,0,0,4.15719155199837e-05,0,0,0,0.00828479667384072,0,0,0,0.0215158168388515,0,0,0,0.026004807871458,0,0,0,0,0,0,0,0.00157863437916123,0,0,0,0,0,0,0,0,0,0,0,0,0,0,0,0,0,0,0,8.83941035916287e-05,0,0.0369141258523781,0,0,0,0,0.0020973059214496,0,0,0,0.0235298575849486,0,0.0681603957264044,0,0.0041983915530237,0,0,0,0,0,0,0,0,0,0.000149636022791859,0,0,0,0
0,0,0,0,0,0,0,0,0,0,0.00354351100635871,0,0.000102951890709512,0,0,0,0.000134444735634075,0,0,0,0,0,0.00276387121403858,0,0,0,0.00498656449199719,0,0,0,0.0207393335101738,0,0,0,0,0,0,0,0.000343752633911114,0,0,0,0,0,0,0,0,0,0,0,0,0,0,0,0,0,0,0,0,0,0,0,0,0,0,0.000683050649429929,0,0,0,0.00174678838583055,0,0.0220526094441643,0,0.00596782907920722,0,0,0,0,0,0,0,9.63721678272589e-05,6.38507109277552e-05,0,0,0,0
0,0,0,0,0,0,0,0,0,0,0,0.0145042097064675,0,0,0,0,0,0,0,0.000900946509025486,0,0,0,0,0,0,0,0.026004807871458,0,0,0,0,0,0,0,0,0,0.00927605974208246,0,0,0,0,0,0,0,0,0,0,0,0,0,0,0,0,0,0,0,0.000106567352990141,0,0,0,0,0,0,0,0,0,0,0,0,0.00525915211179804,0,0.0712737332141204,0,0,0,0,0,0,0,0.000860812273519183,0,0.000592449022439266,0,0,0,0
0,0,0,0,0,0,0,0,0,0,0.00797958218826366,0,0,0,0,0,0,0,0,0,0,0,0,0,0,0,0,0,0.0207393335101738,0,0,0,0,0,0,0,0,0,0.000297366094879597,0,0,0,0,0,0,0,0,0,0,0,0,0,0,0,0,0,9.83523084430778e-05,0,0,0,0,0,0,0,0,0,0,0,0,0,0,0,0,0.0126289559477144,0,0,0,0,0,0,0,0.00013310356426947,9.58585843927842e-05,0,0,0,0
0,0,0,0,0,0,0,0,0,0,0,0,0,0,0,0,0,0,0,0,0,0,0,0,0,0,0,0,0,0,0,0,0.0342483666056735,0.00265953739750902,0.000823962692765065,0.0140695698718065,4.68014150101226e-05,0,0,0,0,0,0,0,0,0,0,0.173155694182002,3.80866180947625e-05,0.00100273362866398,0,0,0,0,0,0,0,0,0,0,0,0,0,0,0,0,0,0,0,0,0,0,0,0,0.0680226746096735,0.00522943817222787,0.00422133407749225,0,0.00221183309622743,0,0,0,0.000296240834257248,0,0,0,0
0,0,0,0,0,0,0,0,0,0,0,0,0,0,0,0,0,0,0,0,0,0,0,0,0,0,0,0,0,0,0,0.0342483666056735,0,0.00534137680977588,0.000452306400056479,0,0.0066804978958942,0,0,0,0,0,0,0,0,0,0,0.0949272604630324,0,0.000110123770286694,0,0,0,0,0,0,0,0,0,0,0,0,0,0,0,0,0,0,0,0,0,0,0,0,0.0366496051916317,0.153407266412174,0.000330234140494442,0.0097625088733714,2.62955490920603e-05,0.00252315639472075,0,0,0.000194110154872578,0,0,0,0
0,0,0,0,0,0,0,0,0,0.000125871302784965,0,0,0,0,0,0,0,0,0,0,0,0,0,0,0,0,0,0,0,0,0,0.00265953739750902,0.00534137680977588,0,0.204181169973996,0.00258881311561549,0,0.00593640411479811,0.00190415586812627,0,0,0,0,0,0,0,0,0.0420875919641554,2.88077202542159e-05,0.000233850255995692,0,0,0,0,0,4.0818673640048e-05,0,0,0,0,0,0,0,0,0,0,0,0,0,0,0,0,0,0,0.000503991083688857,0,0.170527323428732,0.0690475781399787,5.72593034178911e-05,1.69210959963207e-05,0.00242465592148554,0.00152509224318679,0.000601642003485936,0,0,0,0
0,0,0,0,0,0,0,0,0,0,0,0,0,0,0,0,0,0,0,0,0,0,0,0,0,0,0,0,0,0,0,0.000823962692765065,0.000452306400056479,0.204181169973996,0,0,0.0109567038565088,0.000893521710598366,0.00293289863449717,0,0,2.73116000293412e-05,0,0,0,0,0,0.061756746894738,0,0,0,0,0,0,0,0,0,0,0,0,0,0,0,0,0,0,0,0,0,0,0,0,0,0,0.00152014826287438,0.00022146428790362,0.187495590034627,0.232579911708011,0,0.00133124140955228,0.000279949514080904,0.00422741896510254,0.000581364652687447,0,0,0,0
0,0,0,0.000141611253063324,0,0,0,0,0,0,0,0.00655621119491539,0,0,0,0,0,0,8.44784497817047e-06,0.00567307137173993,0,0,0,0,0,0,0,0,0,0,0,0.0140695698718065,0,0.00258881311561549,0,0,0.0038455820234712,0.022301057901837,0,1.11996541202897e-05,0,2.78595849508632e-05,0,0,0,1.03622517072967e-05,0,0.00462324992761663,0,1.25095158530535e-05,0,0,0,0,0,0,0,0.00258616994774818,0,0,0,0,0.00672016483688104,0,0,0,0,0,0,0,0,0,2.35246706886059e-05,0,0.0105606410267622,0.000376487546226651,0.00197120015499408,0,0.0705645489238406,0.00311830607316817,0.000668327637950564,0,0.00432345041801906,0.000532166501424921,0.00117188362500052,0,0
0,0,2.35600927827849e-06,0,0,0,0,0,0,0,0.00845570520514756,0,0,0,0,0,0,0,0,0,0.0220408969399401,0,0,0,0,0,0,0,0,0,0,4.68014150101226e-05,0.0066804978958942,0,0.0109567038565088,0.0038455820234712,0,0,0.0115447811495573,0,1.9294718468722e-06,0,4.61878549973256e-06,0,0,0,1.22287862417136e-05,0.00238147555053684,0,0,0,0,0,0,0,0,0.00274559688916782,0,8.32961297579171e-06,0,0,0,0,0.0112477541548464,0,0,0,0,0,0,0,0,0,0,1.17784238682361e-05,0.00964717911861119,0,0.00384126239625284,0.000658537486083136,0.0794409516209265,0,0.00146233952644544,0.00509116207895622,0.000745373733236156,0.000256785674213091,0,1.72733581940138e-05
0,0,0,0,0,0,0,0,0,0.000720473169309842,0,0.0239294069022919,0,0,0,0,0,0,1.87939837411908e-05,0.00129198387347421,0,0.0314949264766465,0.000194248038979448,0.0108962973018516,0,0,0,0.00157863437916123,0,0.00927605974208246,0,0,0,0.00593640411479811,0.000893521710598366,0.022301057901837,0,0,0.0119619271872595,0,0,0,0,0,0,0,0,0,0,0.00511498517093842,0,0,0,0,0,0.000203533727801701,0,0.00828950199518525,0,0,0,0,0.00179829373106178,0,0.00687215077641876,0,0.0061455735865462,0,0,0,0.000523925523907538,0,0.00600691350556984,0,0,0,0.00647870455022745,1.13016234658893e-05,0.0128070829444706,0,0.0912618718978542,0.000966149906110094,0.00499260369329934,5.06528526730897e-05,0.00204056385993298,0,0
0,0,0,0,0,0,0,0,0.000942008914925145,0,0.0223814746043027,0,0,0,0,0,0,0,0,0,0.00454523610453823,0.000795631422471983,0.0125990949373399,0,0.00640269078931513,0,0,0,0.000343752633911114,0,0.000297366094879597,0,0,0.00190415586812627,0.00293289863449717,0,0.0115447811495573,0.0119619271872595,0,0,0,0,0,0,0,0,0,0.00487991940068124,0.0045060215870732,0,0,0,0,0,0.000383052267937958,0,0.00853700147490475,0,0,0,0,0,0,0.000731157811191169,0.000158512826015032,0.00464980906027856,0,0.00601991927347989,0,0,0,0,0,0.00246594938430643,0,0,0.000328965122758985,0.0081584005727711,0,0.00744755248275092,0.00458341241217066,0.0943882169824767,0.0031592560768977,9.22734698295923e-05,0.00117755362698474,0,0
0,0,0,0.00168745690009248,0,0.00092167696507635,0,0,0,0,0,0,0,0,0,0,0.0022040854166737,0.00276431464796821,0.0231368064395961,0,0,0,0,0,0,0,0,0,0,0,0,0,0,0,0,1.11996541202897e-05,0,0,0,0,0.000517256855929398,0.0917874920358193,0.000333742393045827,8.09379519984576e-05,0,0.0196212281025334,0.00064521365705441,0.0139786550294582,0.00383195909173414,0.0236517667226928,0,0,0,0,0,0,0,0.000911980659913332,0,0,0,0,0.00129516772221888,5.60141451041437e-05,0,0,0,0,0,0,0,0,0.00335128245460164,0,0,0,0,0,0.00208260808809199,0.000250746068007261,8.46106623742697e-05,0,0.00120391241540636,0,0.0499301358335004,0.0143346717817484,0
4.04693328055555e-05,0,0.00355915130099602,0,0.000150449677185362,0,0,0,0,0,0,0,0,0,0,0,0.00299841091563872,0.00181678407104031,0.0253669383346197,0,7.52482300211436e-05,0,0,0,0,0,0,0,0,0,0,0,0,0,0,0,1.9294718468722e-06,0,0,0.000517256855929398,0,0.000264988214374114,0.0856808979338478,0,5.58833153390314e-05,0.000788754846557323,0.0155789861629352,0.00162970747611856,0.0190783361691232,0.000282070229746223,0,0,0,0,0,0,0.000327015005704267,1.76091858985843e-05,0,0,0,0,6.45973676917551e-05,0.0109296472815601,0,0,0,0,1.9078822647787e-05,0,0,0,0.000140653608042484,0.000876974725046052,0,0,0,0,0.000115182891127993,0.00349937295253287,0,4.16239408147311e-05,0.000850619131701808,4.09398281830744e-06,0.0332144922922391,0,0.0131064896031315
0,0.00392311584338924,0,0.0124620096061591,0,0.000402420501062603,0,0,0,0,0,0,0,0,0,0,0.000952681586996168,0.00228914611851615,0.0174030215648719,0,0,0,0,0,0,0,0,0,0,0,0,0,0,0,2.73116000293412e-05,2.78595849508632e-05,0,0,0,0.0917874920358193,0.000264988214374114,0,0.0103526268857624,5.98240633043639e-05,0,0.0146619900099939,0.000431275377846439,0.00387332154031424,5.16524813330459e-05,0.0112631311218709,0,0,0,0,0,0,0,0.0183873651351789,0,0.000194106704190833,0,0,0.00355538246832261,0.000179198151565443,0,0,0,0,1.85195897016139e-05,0,0.000155779096184134,0,0.0505624744246163,0,0,0,0,0,0.0076570793457537,8.96907135236041e-05,0.000148341991252284,7.0827722622916e-06,0.00780092023632878,0.00011171639783964,0.0851976528611615,0.0168350714140134,5.19171176445031e-05
0.00526248611588817,0,0.00814891157429418,0,0.000622159518791235,0,0,0,0.000146990331966473,0,0,0,0,0,0,0,0.00225042420768694,0.000725846516249354,0.0174082808297883,0,0,0,0,0,0,0,0,0,0,0,0,0,0,0,0,0,4.61878549973256e-06,0,0,0.000333742393045827,0.0856808979338478,0.0103526268857624,0,0,0,8.41934369746322e-05,0.020533951644895,0.0027097288392717,0.0109964362681899,0,0,0,0,0,0,0,0.00269985735614074,0,0,0,0,0,0,0.00697160110698692,0,0,0,0,0,0,0,0,2.51846854732597e-05,0.0227155405434504,0,0,0,0,5.71043711268305e-05,0.00730261964862341,1.25096746130167e-05,0.000170048348273151,0.00678449511972006,7.42002936634372e-05,0.111276649690602,7.68143755169775e-05,0.0307740500654237
0,0,0,0,0,0,0,0,0,0,0,0,0,0,0,0,0,0,0,0,0,0,0,0,0,0,0,0,0,0,0,0,0,0,0,0,0,0,0,8.09379519984576e-05,0,5.98240633043639e-05,0,0,0,0,0,0,0,0,0,0,0,0,0,0,0,0,0,0,0,0,0,0,0,0,0,0,0,0,0,0,0,0,0,0,0,0,0,0,0,0,5.47261772137136e-07,0,0,0,0
0,0,0,0,0,0,0,0,0,0,0,0,0,0,0,0,0,0,0,0,0,0,0,0,0,0,0,0,0,0,0,0,0,0,0,0,0,0,0,0,5.58833153390314e-05,0,0,0,0,0,0,0,0,0,0,0,0,0,0,0,0,0,0,0,0,0,0,0,0,0,0,0,0,0,0,0,0,0,0,0,0,0,0,1.40852913203034e-05,0,0,0,0,0,0,0
0,0,0,0.000893860760267873,0,0,0,0,0,0,0,0,0,0,0,0,0.00145094940283839,0.00185180134426059,0.0156736214532407,0,0,0,0,0,0,2.19937361249849e-05,0,0,0,0,0,0,0,0,0,1.03622517072967e-05,0,0,0,0.0196212281025334,0.000788754846557323,0.0146619900099939,8.41934369746322e-05,0,0,0,0.000824449493324434,0,0,0.000250087522524691,0,0,0,0,0,0,9.58925710770253e-05,0.00384075614720495,0,1.57943183578144e-05,0,0,0.0621575937165651,0.000178064471037655,0,0,0,0,0,0,4.00521998180422e-06,0,0.0046403125777107,4.2322386583837e-05,0,0,0,0,0.00671236613258692,0.000243387518273322,0.00240802304944637,7.98523261592561e-06,0.000630520391308102,0,0.0345755257392593,0.000390399654180815,3.54596224612823e-05
0,0,0.00103927863620273,0,0,0,0,0,0,0,0,0,0,0,0,0,0.0021078800891278,0.00193753210528562,0.0167402900358475,0,2.71424044239608e-05,0,0,0,0,0,0,0,0,0,0,0,0,0,0,0,1.22287862417136e-05,0,0,0.00064521365705441,0.0155789861629352,0.000431275377846439,0.020533951644895,0,0,0.000824449493324434,0,0.000117201209274952,0.00261055568491982,0,0,0,0,0,0,0,0.00115120826213328,4.0796786080639e-05,0,0,0,0,4.93956318265786e-05,0.0819246558553264,0,0,0,0,9.28164903674458e-06,0,0,0,0.000153570673768915,0.000882756207711226,0,0,0,0,0.000166312918280735,0.0127099717363502,3.52625577110637e-06,0.0018389312347355,0.000661513668700704,2.50094682489833e-05,0.0315518111804738,8.843982651755e-05,3.95811585650067e-05
0,0,1.19712574292904e-05,0.000181683995631225,0,0,0,0,0,0,0,0,0,0,0,0,0,0,0,0,0,0,0,0,0,0,0,0,0,0,0,0.173155694182002,0.0949272604630324,0.0420875919641554,0.061756746894738,0.00462324992761663,0.00238147555053684,0,0.00487991940068124,0.0139786550294582,0.00162970747611856,0.00387332154031424,0.0027097288392717,0,0,0,0.000117201209274952,0,0.0956993521500186,0.0779473388070302,0,0,0,0,0,0,0,6.51444653400779e-06,0,0,0,0,0,0,0,0,0,0,0,0,0,0,0,0,0.0215097238019889,0.0071804585487597,0.0355007426379774,0.0513751139170828,0.00810391990939308,0.0123608289087612,0.00412494170766439,0.00772581339012411,0.0124799943821216,2.05154875897412e-05,0.0143720474840005,0,0
0.00542976167156055,0,0.00601460779996494,1.58634735533284e-05,0.00111806307521563,0,0,0,0.000817013485481313,0,0,0,0,0,0,0,1.3417755263586e-05,0,4.48966602245448e-05,0,0,0,0.00613331157918105,0,0.00503277145276608,0,0,0,0,0,0,3.80866180947625e-05,0,2.88077202542159e-05,0,0,0,0,0.0045060215870732,0.00383195909173414,0.0190783361691232,5.16524813330459e-05,0.0109964362681899,0,0,0,0.00261055568491982,0.0956993521500186,0,0.0320892503865557,2.90717471296666e-05,0,0,0,0.000411003913832294,0,0.000149941036455355,0,0,0,0,0,0,0.000145958270844691,0,0.00322022179837879,0,0.00605786331437354,0,0,0,0.000751098824153929,0,0.0109413158592039,0,0,0,0.00057060445154009,0,0.00198477268260884,0,0.00643375957740002,0.00126856236568834,2.64271211901747e-05,0.0302347941534362,0,0
0,0.00298516481492252,0,0.00745238137704607,0,0.00131170987551152,0,0,0,5.63478707975157e-05,0,0,0,0,0,0,5.36845557115774e-06,0,0.000127126938596157,0,0,0.00267980961059584,0,0.00303680920043327,0,0,0,0,0,0,0,0.00100273362866398,0.000110123770286694,0.000233850255995692,0,1.25095158530535e-05,0,0.00511498517093842,0,0.0236517667226928,0.000282070229746223,0.0112631311218709,0,0,0,0.000250087522524691,0,0.0779473388070302,0.0320892503865557,0,0,0,0,0,0,0,0,0.00512308739525285,0,0.000688439245207425,0,0,5.87459834676294e-05,0,0.00784144449195882,0,0.0022242732982796,0,0.000115943195730675,0,0.0030218610038319,0,0.00318146051588354,0,0,0,5.02793707404434e-05,0,0.00057250125321139,0,0.0060376935700027,0,0.00123039739233544,0,0.0299749610753995,0.00133537638189651,0
0,0,0.0432606308881919,0,0.0190645856629291,0,0,0,0,0,0,0,0,0,0,0,0,0,0,0,0.000623248644425046,0,0,0,0,0,0,0,0,0,0,0,0,0,0,0,0,0,0,0,0,0,0,0,0,0,0,0,2.90717471296666e-05,0,0,0,0.000634620184131574,0,0,0,0.0184578959046004,0,8.3608832142422e-05,0,0,0,0,0.00150120902402142,0,0,0,0,0,0,0,0,0,0,0,0,0,0,0,4.45198735502571e-05,0,0,0.000203331656369523,0,0.00806983185971895,0,0
0,0,0,0.00381009487798856,0,0.0012538813978293,0,0,0,0,0,0,0,0,0,0,0,0,0,0.000883689763665639,0,0,0,0,0,0,0,0,0,0,0,0,0,0,0,0,0,0,0,0,0,0,0,0,0,0,0,0,0,0,0,0,0,0,0,0,0,0.0019508724274534,0,0,0,0,0.000104202942340804,0,0,0,0,0,0,0,0,0,0,0,0,0,0,0,0,0,0,0,3.01730233331909e-05,0,0.00975526870554332,0,0
0,0,0,0,0,0,0.0115694338089085,0,0,0,0,0,0,0,0,0,0,0,0,0,0,0,0,0,0,0,0,0,0,0,0,0,0,0,0,0,0,0,0,0,0,0,0,0,0,0,0,0,0,0,0.000634620184131574,0,0,0,0,0,0.0287352241009027,0,0.00410394076238544,0,0,0,0,0.000972525655354787,0,0,0,0,0,0,0,0,0,0,0,0,0,0,0,0,0,0,0.0010929699143206,0,0.000266419720413859,0,0
0,0,0,0,0,0,0,0.0484688191895499,0,0,0,0,0,0,0,0,0,0,0,0,0,0,0,0,0,0,0,0,0,0,0,0,0,0,0,0,0,0,0,0,0,0,0,0,0,0,0,0,0,0,0,0,0,0,0,0,0,0.0198139618688157,0,0,0,0,0.0012200961272285,0,0,0,0,0,0,0,0,0,0,0,0,0,0,0,0,0,0,0,0.000581346004201786,0,2.47404279799706e-05,0,0
0.0307488305312442,0,0,0,0,0,0,0,0.134379946896627,0,0,0,0,0,0.00115112175075505,0,0,0,0,0,0,0,0,0,0.00267202146280495,0,0,0,0,0,0,0,0,0,0,0,0,0,0.000383052267937958,0,0,0,0,0,0,0,0,0,0.000411003913832294,0,0,0,0,0,0,0,0,0,0,0,0.0901160331506981,0,0,0,0,0,0,0.013781176831892,0,0.000331648964459391,0,0,0,0,0,0,0,0,0,0,0,0.00279878088688831,0.00021780469328958,0,0.00579945526248787,0,0
0,0.057566942568553,0,0,0,0,0,0,0,0.119328405975696,0,0,0,0,0,0.0374532164083536,0,0,0,0,0,0,0,0.0101637191506416,0,0.0640173083277993,0,0,0,0,0,0,0,4.0818673640048e-05,0,0,0,0.000203533727801701,0,0,0,0,0,0,0,0,0,0,0,0,0,0,0,0,0,0,0,0,0,0,0,0.106120633958187,0,0,0,0,0.00644134385777276,0,0.0036897946341866,0,0,0,0,0,0,0,0.00057566673586571,0,0,0,0.0013752846446133,0,0.000373104391135207,0,0.00176162373090797,0,0
1.42055815241363e-05,0,0.00229171057300256,0,0,0,7.51823172322474e-05,0,0,0,0.0543985992951246,0,0.00418795677854969,0,0,0,0.000111671050212324,1.51777734318217e-05,0.00045807438397248,0,0.00167244105525135,0,0,0,0,0,0,0,0,0,9.83523084430778e-05,0,0,0,0,0,0.00274559688916782,0,0.00853700147490475,0,0.000327015005704267,0,0.00269985735614074,0,0,9.58925710770253e-05,0.00115120826213328,0,0.000149941036455355,0,0.0184578959046004,0,0.0287352241009027,0,0,0,0,0,0.0040418484204942,0,0,0,0,0.0202504316291257,0,0,0,0,0,0,0,0,0,7.83407993599349e-05,0,0,0,0,2.82334456340878e-06,0.000666821530286007,0,0.000417260412413743,0.00090850283321793,0.000102980287766582,0.00980044045171894,0,0.000797172873612938
0,0,0,0.0164266793285906,0,0,0,0.016458528231691,0,0,0,0.0798088390250694,0,0.0138747782341691,0,0,0.000123522498105124,0.000188689062649517,0.00178112779857149,0.00406469728780371,0,0,0,0,0,0,0,8.83941035916287e-05,0,0.000106567352990141,0,0,0,0,0,0.00258616994774818,0,0.00828950199518525,0,0.000911980659913332,1.76091858985843e-05,0.0183873651351789,0,0,0,0.00384075614720495,4.0796786080639e-05,6.51444653400779e-06,0,0.00512308739525285,0,0.0019508724274534,0,0.0198139618688157,0,0,0,0,0,0.00294651554148565,0,0,0.0478114726483653,6.32336021395223e-05,0,0,0,0,0,0,0.00276875613182623,0,0.0287407649752196,0,0,0,0,0,0.000908250003640303,8.25746407023948e-06,0.000362507340870642,0,0.00327238569829564,0.00010973617351338,0.0242895584384866,0.00140901093501931,0
0,0,0.000478406012188325,0,0,0,0.0166139358874449,0,0,0,0.0059891126055862,0,0.016590698112811,0,0.00459311290422604,0,0,0,0,0,0,0,0,0,0,0,0,0,0,0,0,0,0,0,0,0,8.32961297579171e-06,0,0,0,0,0,0,0,0,0,0,0,0,0,8.3608832142422e-05,0,0.00410394076238544,0,0,0,0.0040418484204942,0,0,0,0,0,0,0,0,0,0,0,0,0,0,0,0,0,0,0,0,0,0,0,0,0,0.000789209806437504,5.64254469281877e-06,0.000388091486022097,0,0
0,0,0,0.00436827251658057,0,0,0,0.00694547181919237,0,0,0,0.0462973852225383,0,0.0850751574641253,0,0.00629775033820698,0,5.74843335565504e-06,5.18307301963001e-05,0,0,0,0,0,0,0,0,0.0369141258523781,0,0,0,0,0,0,0,0,0,0,0,0,0,0.000194106704190833,0,0,0,1.57943183578144e-05,0,0,0,0.000688439245207425,0,0,0,0,0,0,0,0.00294651554148565,0,0,0,5.80402628944593e-05,0,0,0,0,0,0,0.00214392028673541,0,0.00370781112719627,0,2.41523482207847e-05,0,0,0,0,0,7.51981101565773e-06,0,0,0,0.00247149321866065,0.000106607454680709,0.00240051619877924,0,0
0.00306924672352826,0,0,0,0,0,0,0,0.00405078867153859,0,0,0,0,0,0,0,4.29548590895729e-05,0,0,0,0,0,0,0,0,0,0,0,0,0,0,0,0,0,0,0,0,0,0,0,0,0,0,0,0,0,0,0,0,0,0,0,0,0,0.0901160331506981,0,0,0,0,0,0,0,0,0,0,0,0,0,0,0,0,0,0,0,0,0,0,0,0,0,0,0,3.02096541417995e-05,0,0,0,0
0,0.00062543950263036,0,0,0,0,0,0,0,0.0230160465488807,0,0,0,0,0,0.0192294150038634,6.10632218219463e-06,0.000227867086097814,0,0,0,0,0,0.000284253566850912,0,0.00611369977373124,0,0,0,0,0,0,0,0,0,0,0,0,0,0,0,0,0,0,0,0,0,0,0,0,0,0,0,0,0,0.106120633958187,0,0,0,5.80402628944593e-05,0,0,0,0,0,0,0.00856823921885597,0,0.00624486040007569,0,0,0,0,0,0,0,0,0,0,0,0,0,0.000118593125155967,1.72661417067771e-05,1.33757284314447e-05,0,0
0,0,0,0.000205556254150149,0,0,0,0.00372599311006217,0,0,0,0.0212488438000235,0,0,0,0,7.75304138079446e-05,3.05092520224637e-05,0.000399742640208498,0.0452920376749975,0,0,0,0,0,0,0,0,0,0,0,0,0,0,0,0.00672016483688104,0,0.00179829373106178,0,0.00129516772221888,6.45973676917551e-05,0.00355538246832261,0,0,0,0.0621575937165651,4.93956318265786e-05,0,0,5.87459834676294e-05,0,0.000104202942340804,0,0.0012200961272285,0,0,0,0.0478114726483653,0,0,0,0,0,0,0,0,0,0,0,0,9.96725356131208e-06,0,0.0116738045885313,0,0,0,0,0,0.00751137734664981,2.47167450457249e-06,0.00743547785277293,0,0.000910322428090287,0,0.030924791502855,1.46817190562788e-05,0
0,0,7.67415197848106e-05,0,0.000405408509833768,0,0,0,0,0,0.005567170806167,0,0,0,0,0,0.000332607819234497,0.000580602876066999,0.00307985474018562,0,0.0450734521486999,0,0,0,0,0,0,0,0,0,0,0,0,0,0,0,0.0112477541548464,0,0.000731157811191169,5.60141451041437e-05,0.0109296472815601,0.000179198151565443,0.00697160110698692,0,0,0.000178064471037655,0.0819246558553264,0,0.000145958270844691,0,0.00150120902402142,0,0.000972525655354787,0,0,0,0.0202504316291257,6.32336021395223e-05,0,0,0,0,0,0,0,0,0,0,0,0,0,0,0,0.0017577013612792,0,0,0,0,2.4914562661726e-05,0.0121428814230932,4.06907541907684e-06,0.00202764417660264,0.000973253765628993,6.86551679834607e-06,0.0342583984231478,0,1.71038606737802e-05
0,0,0,0,0,0,0,0,0,0,0,0,0,0,0,0,0,0,0,0,0,0.159341352387595,0.00122483573947506,0.00346187728011719,0,0.000943865790789041,0,0.0020973059214496,0,0,0,0,0,0,0,0,0,0.00687215077641876,0.000158512826015032,0,0,0,0,0,0,0,0,0,0,0.00784144449195882,0,0,0,0,0,0,0,0,0,0,0,0,0,0,0,0,0.00970465622777822,0,0.00376938439092022,0,0.000829487468571052,0,0,0,0,0,0,0,0,0,0.00487819305795125,0.000230286899913135,0.00174385432270397,0,1.75625772812446e-05,0,0
0,0,0,0,0,0,0,0,0,0,0,0,0,0,0,0,0.00125087153844849,3.89410656009578e-05,0,0,0,0.00147596480908278,0.128484088139894,0,0.00143577832160701,0,0.00164713004075579,0,0.000683050649429929,0,0,0,0,0,0,0,0,0,0.00464980906027856,0,0,0,0,0,0,0,0,0,0.00322022179837879,0,0,0,0,0,0,0,0,0,0,0,0,0,0,0,0,0,0,0.00745946845875554,0,0.00158353631459086,0,0.00229940384286485,0,0,0,0,0,0,0,0,0,0.00963985922457885,0.00124138831771872,0.000176928810678637,0,0,0
0,0,0,0,0,0,0,0,0,0.00163074164933719,0,0,0,0,0,0.00408373287569089,0.000564537268862982,0.0015908203790068,5.74176357724622e-05,0,0,0.000700547728527227,0,0.131800523091826,0,0.01588694270443,0,0,0,0,0,0,0,0,0,0,0,0.0061455735865462,0,0,0,0,0,0,0,0,0,0,0,0.0022242732982796,0,0,0,0,0,0.00644134385777276,0,0,0,0,0,0.00856823921885597,0,0,0.00970465622777822,0,0,0,0.00570626770954319,0,0,0,0,0,0,0,6.37770425065134e-05,0,2.36691745022408e-05,0,0.00534433038843206,0,0.000769526506591078,0,0.00502881173743138,0,0
0,0,0,0,0,0,0,0,0.000403052815817308,0,0,0,0,0,0,0,0,0,0,0,0,0,0.00147289347476152,0,0.166278204009858,0,0.00776435108674743,0,0,0,0,0,0,0,0,0,0,0,0.00601991927347989,0,0,0,0,0,0,0,0,0,0.00605786331437354,0,0,0,0,0,0.013781176831892,0,0,0,0,0,0,0,0,0,0,0.00745946845875554,0,0,0,0.00242207000977837,0,0,0,0,0,0,0,0,0,0,0,0.00340309533954908,0.000972317698346442,0,0.00672938457016905,0,0
0,0,0,0,0,0,0,0,0,0.00165815570562241,0,0,0,0,0,0,0.00272486010900662,0.015499021022964,0.000615614532979721,0,0,0.000179114845299797,0,0.00636854477929513,0,0.0167970737864847,0,0.0235298575849486,0,0,0,0,0,0,0,0,0,0,0,0,1.9078822647787e-05,1.85195897016139e-05,0,0,0,0,9.28164903674458e-06,0,0,0.000115943195730675,0,0,0,0,0,0.0036897946341866,0,0,0,0.00214392028673541,0,0.00624486040007569,0,0,0.00376938439092022,0,0.00570626770954319,0,0,5.25712065438649e-05,0.0164000064636485,0,0,0,0,0,0,0,3.80832365425828e-06,1.80376125898484e-06,0,0,0.00097902062547477,0,1.49261649430858e-05,0,0
0,0,0,0,0,0,0,0,0.00614641787287659,0,0,0,0,0,0.000738771053786669,0,0.00564992298895813,7.05152594124446e-05,0,0,0,0,0.000900822698812736,0,0.00876568619833922,0,0.027019197166521,0,0.00174678838583055,0,0,0,0,0,0,0,0,0,0,0,0,0,0,0,0,0,0,0,0,0,0,0,0,0,0.000331648964459391,0,0,0,0,0,0,0,0,0,0,0.00158353631459086,0,0.00242207000977837,5.25712065438649e-05,0,0,0,0,0,0,0,0,0,0,0,0,0,0.000849812822276568,0,0,0,0
0,0,0,0,0,0,0,0,0,0,0,0.00563493883119604,0,0,0,0,1.26658676865361e-05,0,0,0,0,0.00465982901517148,0,0,0,0.000339200493282189,0,0.0681603957264044,0,0.00525915211179804,0,0,0,0,0,0,0,0.000523925523907538,0,0,0,0.000155779096184134,0,0,0,4.00521998180422e-06,0,0,0,0.0030218610038319,0,0,0,0,0,0,0,0.00276875613182623,0,0.00370781112719627,0,0,9.96725356131208e-06,0,0.000829487468571052,0,0,0,0.0164000064636485,0,0,0,0.00629499852314761,0,0,0,0,0,0,0,0.00244395057454374,0,0.000308723170698812,7.77025726336892e-05,0.000365164945155032,0,0
0,0,0,0,0,0,0,0,0,0,0.000199441542325597,0,0,0,0,0,0,0,0,0,0,0,0.000545644191836626,0,0,0,0,0,0.0220526094441643,0,0,0,0,0,0,0,0,0,0,0,0,0,0,0,0,0,0,0,0.000751098824153929,0,0,0,0,0,0,0,0,0,0,0,0,0,0,0,0,0.00229940384286485,0,0,0,0,0,0,0,0.0019073139204612,0,0,0,0,0,0,0,0.00401383801357663,0.000112952610572122,0,0,0,0
0,0,0,0.00719124371893037,0,0,0,0,0,0,0,0.00719389378448944,0,0,0,0,0.00036279753072623,0.000742291604836162,0.00939710069708569,0,0,0,0,0,0,0,0,0.0041983915530237,0,0.0712737332141204,0,0,0,0,0,2.35246706886059e-05,0,0.00600691350556984,0,0.00335128245460164,0.000140653608042484,0.0505624744246163,2.51846854732597e-05,0,0,0.0046403125777107,0.000153570673768915,0,0,0.00318146051588354,0,0,0,0,0,0,0,0.0287407649752196,0,2.41523482207847e-05,0,0,0.0116738045885313,0,0,0,0,0,0,0,0.00629499852314761,0,0,0,0,0,0,0,0.000626157842732969,2.58009513515521e-05,0.00172466790536836,0,0.00254203064997762,6.99176493093199e-06,0.013145813177173,0.0101180584588587,0
0.000150735816300489,0,0.00187677789539807,0,0,0,0,0,0,0,0,0,0,0,0,0,0.000278899537872292,0.000157041919848171,0.00195467873451361,0,0,0,0,0,0,0,0,0,0.00596782907920722,0,0.0126289559477144,0,0,0,0,0,0,0,0.00246594938430643,0,0.000876974725046052,0,0.0227155405434504,0,0,4.2322386583837e-05,0.000882756207711226,0,0.0109413158592039,0,0,0,0,0,0,0,7.83407993599349e-05,0,0,0,0,0,0,0.0017577013612792,0,0,0,0,0,0,0,0.0019073139204612,0,0,0,0,0,0,1.49667909775603e-06,0.000110582962724373,0,0.0014824648711388,0.000752032585463119,0,0.020585834696964,0,0.0112383179405451
0,0,0,0,0,0,0,0,0,0,0,0,0,0,0,0,0,0,0,0,0,0,0,0,0,0,0,0,0,0,0,0.0680226746096735,0.0366496051916317,0.000503991083688857,0.00152014826287438,0.0105606410267622,1.17784238682361e-05,0,0,0,0,0,0,0,0,0,0,0.0215097238019889,0,0,0,0,0,0,0,0,0,0,0,0,0,0,0,0,0,0,0,0,0,0,0,0,0,0,0,5.75079520557667e-05,0.0455041403928963,0,0.0061389061551241,0,0,0,0.000654846166844335,0,0,0,0
0,0,0,0,0,0,0,0,0,0,0,0,0,0,0,0,0,0,0,0,0,0,0,0,0,0,0,0,0,0,0,0.00522943817222787,0.153407266412174,0,0.00022146428790362,0.000376487546226651,0.00964717911861119,0,0,0,0,0,0,0,0,0,0,0.0071804585487597,0,0,0,0,0,0,0,0,0,0,0,0,0,0,0,0,0,0,0,0,0,0,0,0,0,0,5.75079520557667e-05,0,0,0.129540327742704,0,0.0118066511139601,0,0,7.59448738185921e-05,0,0,0,0
0,0,0,0,0,0,0,0,0,0.000602715675537686,0,0,0,0,0,0,0,0,0,0,0,0,0,3.29561550550946e-05,0,0,0,0,0,0,0,0.00422133407749225,0.000330234140494442,0.170527323428732,0.187495590034627,0.00197120015499408,0,0.00647870455022745,0.000328965122758985,0,0,0,0,0,0,0,0,0.0355007426379774,0,5.02793707404434e-05,0,0,0,0,0,0.00057566673586571,0,0,0,0,0,0,0,0,0,0,6.37770425065134e-05,0,0,0,0,0,0,0,0.0455041403928963,0,0,0.0139674826747335,0.00457537341600941,0,0.0131708921378322,0.000236268263022022,0.00171738401042569,0,0,0,0
0,0,0,0,0,0,0,0,0,0,0,0,0,0,0,0,0,0,0,0,0,0,0,0,0,0,0,0,0,0,0,0,0.0097625088733714,0.0690475781399787,0.232579911708011,0,0.00384126239625284,1.13016234658893e-05,0.0081584005727711,0,0,0,0,0,0,0,0,0.0513751139170828,0.00057060445154009,0,0,0,0,0,0,0,0,0,0,0,0,0,0,0,0,0,0,0,0,0,0,0,0,0,0,0.129540327742704,0.0139674826747335,0,0,0.00630704941952296,3.42029403481774e-05,0.00845460898192546,0.000923600952321704,0,0,0,0
0,0,0,5.24705145442052e-05,0,0,0,0,0,0,0,0.000713582341407595,0,0,0,0,0.00114784514683453,0.00126561453909159,0.00837555544373331,0.00224311331181952,0,0,0,0,0,0,0,0,0,0,0,0.00221183309622743,2.62955490920603e-05,5.72593034178911e-05,0,0.0705645489238406,0.000658537486083136,0.0128070829444706,0,0.00208260808809199,0.000115182891127993,0.0076570793457537,5.71043711268305e-05,0,0,0.00671236613258692,0.000166312918280735,0.00810391990939308,0,0.00057250125321139,0,0,0,0,0,0,2.82334456340878e-06,0.000908250003640303,0,7.51981101565773e-06,0,0,0.00751137734664981,2.4914562661726e-05,0,0,2.36691745022408e-05,0,3.80832365425828e-06,0,0,0,0.000626157842732969,1.49667909775603e-06,0.0061389061551241,0,0.00457537341600941,0,0,0.000182610729658642,0.00822371829919251,1.7158545275176e-06,0.00529067363045645,0.000100841543444696,0.00835353558407104,0.00056766087662738,1.07305690588149e-06
