0,0,0,0,0,0,0,0,0.181962752871059,0,0,0,0,0,0,0,0,0,0.266847784277694,0,0,0,0,0,0,0,0,0,0,0,0,0,0,0,0,0,0,0,0,0,0.30000826716423,0,0.261514296497146,0,0,0,0.393340229988098,0,0.17875127416725,0,0,0,0,0,0.21277642827964,0,0,0,0,0,0.170679815113544,0,0,0,0,0,0,0,0,0,0,0,0,0,0,0,0,0,0,0.356765151023865,0,0,0.206112879667884,0,0.18777738375723,0,0
0,0,0,0.189039262792756,0,0,0,0,0,0.146452219576621,0,0,0,0,0,0.182049937546253,0,0,0.292898744344711,0,0,0,0,0,0,0,0,0,0,0,0,0,0,0,0,0,0,0,0,0,0,0.254264578477226,0,0,0,0,0,0,0,0.176103275246963,0,0,0,0,0,0.199653385925837,0,0,0,0.14100693166256,0,0.15913152547753,0,0,0,0,0.244856399297714,0,0,0,0,0,0,0,0,0,0,0,0,0,0,0,0.157279072795063,0,0.184831805693306,0,0
0,0,0,0,0.116830696853308,0,0,0,0.111037137694875,0,0.236129006743431,0,0,0,0,0,0.271721929311752,0.270612001419067,0.242399796843529,0,0.228614354604169,0,0,0,0,0,0,0,0,0,0,0,0,0,0,0,0.198433294892311,0,0,0,0.261314354444805,0,0.260805596044098,0,0,0,0.239976498213681,0.275328695774078,0.193281145536736,0.272100519388914,0.191464760555671,0,0,0,0.139389379784979,0,0.228361367776587,0,0.196470335125923,0,0.182569180925687,0,0,0.230174974762192,0,0,0,0,0,0,0,0,0,0.255989789962769,0,0,0,0,0,0.255177994391748,0,0.240981757640839,0.238397828205859,0.305889785289764,0.212442065151329,0,0.256762540588776
0,0.189039262792756,0,0,0,0.181854530811141,0,0,0,0.159857875272019,0,0,0,0,0,0,0,0,0.236724236181804,0,0,0,0,0,0,0,0,0,0,0,0,0,0,0,0,0.238899936899543,0,0,0,0.253651881501788,0,0.255307482895644,0.221687972545624,0.253748625516891,0,0.225271177788575,0,0,0,0.225195322251884,0,0.217092873218159,0,0,0,0.211668137993131,0,0.235612724856897,0,0.22399816778769,0,0.220164060843091,0.23663891851902,0,0,0,0,0,0,0,0,0,0.280945837497711,0,0,0,0,0,0.259433265488881,0,0.315727548939841,0,0.237641255963932,0.303627401590347,0.238260161867887,0.235228584596404,0
0,0,0.116830696853308,0,0,0,0.157735199384067,0,0.147997854229731,0,0,0,0,0,0.173271957479539,0,0,0,0,0,0.181480694370779,0,0,0,0,0,0,0,0,0,0,0,0,0,0,0,0.159740783274174,0,0,0,0.229613080620766,0,0.229756983263152,0,0,0,0.185760542750359,0.221484154462814,0.227034539693878,0.20805487036705,0.193294400352003,0,0,0,0,0,0.24834064074925,0,0,0,0.179324274464529,0,0,0.178864919087466,0,0,0,0,0,0,0,0,0,0,0,0,0,0,0,0.199880710244179,0,0,0.166657968579646,0.175562615252839,0.173291466687177,0,0.209481358528137
0,0,0,0.181854530811141,0,0,0,0,0,0,0,0.116102732717991,0,0,0,0,0,0.258226662874222,0.239637613296509,0.121098143048584,0,0,0,0,0,0,0,0,0,0,0,0,0,0,0,0.201229857625785,0,0,0,0.229045927524567,0,0.238463785837997,0,0,0,0.246407906214396,0,0,0,0.231672764551349,0,0.168505393016847,0,0,0,0.155987346897254,0,0.172850524284402,0,0,0,0,0.184774494171143,0,0,0,0,0,0,0,0,0,0.25934973359108,0,0,0,0,0,0.234845615923405,0,0,0,0.184362018650228,0.24553918838501,0.19554693041108,0.222129855304956,0
0,0,0,0,0.157735199384067,0,0,0,0,0,0.137433491705909,0,0.167685637871424,0,0,0,0,0,0,0,0,0,0,0,0,0,0,0,0,0,0,0,0,0,0,0,0,0,0,0,0,0,0,0,0,0,0,0,0,0,0.136142598731177,0,0.167516328571808,0,0,0,0.168984131052576,0,0,0,0,0,0,0,0,0,0,0,0,0,0,0,0,0,0,0,0,0,0,0,0,0,0.16594453509627,0.162995234131813,0,0,0
0,0,0,0,0,0,0,0,0,0,0,0,0,0.123147270828485,0,0,0,0,0,0,0,0,0,0,0,0,0,0,0,0,0,0,0,0,0,0,0,0,0,0,0,0,0,0,0,0,0,0,0,0,0,0,0,0.157404755863051,0,0,0,0.153731375932693,0,0.128266481416566,0,0,0,0,0,0,0,0,0,0,0,0,0,0,0,0,0,0,0,0,0,0,0.149978360959462,0.131357088685036,0,0,0
0.181962752871059,0,0.111037137694875,0,0.147997854229731,0,0,0,0,0,0,0,0,0,0.148003798638675,0,0.184441638644785,0.181828014828541,0.191788117090861,0,0,0,0.188412860035896,0,0.246703042433812,0,0.19258560027395,0,0,0,0,0,0,0,0,0,0,0,0.273106317351888,0,0,0,0.208414214352767,0,0,0,0,0.3607620133294,0.331614034043418,0,0,0,0,0,0.2673819869456,0,0,0,0,0,0,0,0,0.211455911397934,0,0,0,0.26080686885577,0,0.194670088589191,0,0,0,0,0,0,0,0,0,0.195993900299072,0,0.249519778167208,0.213884052902574,0.212345027579711,0.23985043360341,0,0
0,0.146452219576621,0,0.159857875272019,0,0,0,0,0,0,0,0,0,0,0,0.140252140007521,0.175113074481487,0.171963508771016,0,0,0,0,0,0.253561159426516,0,0,0,0,0,0,0,0,0,0,0,0,0,0.229211513078897,0,0,0,0.153837107121944,0,0,0,0,0,0,0,0,0,0,0,0,0,0.189492937523065,0,0,0,0,0,0.151730240112351,0,0,0,0,0.274081157147884,0,0,0.149738907814026,0,0,0,0,0,0,0,0,0,0,0.279579562353499,0,0.160351964072411,0.160186737775803,0.166285038114555,0,0
0,0,0.236129006743431,0,0,0,0.137433491705909,0,0,0,0,0,0.164365039355513,0,0,0,0,0,0,0,0.159988741079966,0,0,0,0,0,0,0,0.149026152606194,0,0.184878192842007,0,0,0,0,0,0.14913446393609,0,0.147783923437617,0,0.230491489171982,0,0.239883080124855,0,0,0,0.278328999876976,0,0,0,0,0,0.146554248849141,0,0,0,0.187934973779048,0,0.148880664949064,0,0,0,0,0.183307039508453,0,0,0,0,0,0,0,0.13800153006678,0,0.193792083571034,0,0,0,0,0,0.157693791735385,0,0.160102617334236,0.16385102926334,0.183646458591665,0.341969944536686,0,0
0,0,0,0,0,0.116102732717991,0,0,0,0,0,0,0,0.129381432554346,0,0,0,0,0,0.126818815355792,0,0,0,0,0,0,0,0.135517891405559,0,0.133247055113316,0,0,0,0,0,0.124822081334289,0,0.12524864480053,0,0,0,0,0,0,0,0,0,0,0,0,0,0.14458383868138,0,0,0,0,0,0.173723030640871,0,0.14487849822468,0,0,0.155289222628383,0,0,0,0,0,0,0,0.133788662200624,0,0.146729780939119,0,0,0,0,0,0.142186094075441,0,0.124924325326968,0,0.144611711617402,0,0.174063521508987,0,0
0,0,0,0,0,0,0.167685637871424,0,0,0,0.164365039355513,0,0,0,0.110941579565406,0,0,0,0,0,0,0,0,0,0,0,0,0,0.14438141954522,0,0,0,0,0,0,0,0,0,0,0,0,0,0,0,0,0,0,0,0,0,0,0,0.168919415346214,0,0,0,0.186513860310827,0,0.149688623922124,0,0.1352750385801,0,0,0,0,0,0,0,0,0,0,0,0,0,0,0,0,0,0,0,0,0,0.174720067307353,0.203245374152348,0,0,0
0,0,0,0,0,0,0,0.123147270828485,0,0,0,0.129381432554346,0,0,0,0.159373833674867,0,0,0,0,0,0,0,0,0,0,0,0.1455417573452,0,0,0,0,0,0,0,0,0,0,0,0,0,0,0,0,0,0,0,0,0,0,0,0,0,0,0,0,0,0.116489184047796,0,0.176728433605872,0,0.167756333947182,0,0,0,0,0,0,0,0,0.132759354653813,0,0,0,0,0,0,0,0,0,0,0,0.153720227453639,0.261386349797249,0,0,0
0,0,0,0,0.173271957479539,0,0,0,0.148003798638675,0,0,0,0.110941579565406,0,0,0,0.149865601569006,0.174545242236211,0.198183129231135,0,0,0,0.168249852955341,0,0,0,0.137334739168485,0,0.14489726556672,0,0,0,0,0,0,0,0,0,0,0,0,0,0,0,0,0,0,0,0,0,0.181436757246653,0,0,0,0.172297836921248,0,0,0,0.11362355521747,0,0.144333351548616,0,0,0,0,0,0,0,0,0.188727878034115,0,0,0,0,0,0,0,0,0,0,0,0,0.181114730132478,0.246711509718614,0,0,0
0,0.182049937546253,0,0,0,0,0,0,0,0.140252140007521,0,0,0,0.159373833674867,0,0,0.15989855080843,0.171256362274289,0.208384066820145,0,0,0,0,0,0,0.173139131069183,0.150600388646126,0.118769802153111,0,0,0,0,0,0,0,0,0,0,0,0,0,0,0,0,0,0,0,0,0,0,0,0,0,0,0,0.153225012123585,0,0,0,0.171367843945821,0,0.17556019262834,0,0,0,0,0,0,0.167391901214918,0.151583574712276,0,0,0,0,0,0,0,0,0,0,0,0,0.169919525831938,0,0,0,0
0,0,0.271721929311752,0,0,0,0,0,0.184441638644785,0.175113074481487,0,0,0,0,0.149865601569006,0.15989855080843,0,0.175002698999098,0.306801392968982,0,0,0,0.168127911012554,0,0.208911725565007,0.174849995693495,0.158815741937685,0,0.160560806592306,0,0,0,0,0,0,0,0,0,0,0.328422812124093,0.307389270691645,0.265161099482556,0.261626033762167,0.285753558576107,0.291379885453927,0.319646099279093,0.309970480634978,0,0,0,0,0,0,0,0,0,0.26215073466301,0,0,0,0.157663167096101,0,0.306326563421049,0.291001265113418,0,0.171700119399107,0,0.219065289412226,0.150800772839122,0.156804872106224,0,0,0,0,0,0,0,0,0.319832783192396,0.3159136186753,0.375832512974739,0.38555783033371,0.214078441497689,0.166843581059321,0.316213770858986,0.26773844233581,0.257948717900685
0,0,0.270612001419067,0,0,0.258226662874222,0,0,0.181828014828541,0.171963508771016,0,0,0,0,0.174545242236211,0.171256362274289,0.175002698999098,0,0.326434245615576,0,0,0.168939976738049,0.147736109060342,0,0.205235412344337,0.165536083986332,0.161989448549734,0.130995749717667,0,0,0,0,0,0,0,0,0,0,0,0.343380120396614,0.298886871586243,0.268678228312967,0.258149747201737,0.283777171799115,0.267136125266552,0.306441062205547,0.307540054886769,0,0,0,0,0,0,0,0,0,0,0,0,0,0.179804470390081,0,0.291413820215634,0.300192505121231,0,0.185176983475685,0,0,0.164614830956315,0.162623800013376,0,0,0,0,0,0,0,0,0.313741677364365,0.308628344382995,0.33449978629748,0,0.194393291429151,0.167559604673462,0.307438538927171,0.266993828690969,0.244643528546606
0.266847784277694,0.292898744344711,0.242399796843529,0.236724236181804,0,0.239637613296509,0,0,0.191788117090861,0,0,0,0,0,0.198183129231135,0.208384066820145,0.306801392968982,0.326434245615576,0,0,0.34136295744351,0.282936990261078,0.241404509544373,0,0.251312240958214,0.244178859087137,0.230154122691602,0,0,0,0,0,0,0,0,0.282217532396317,0.311340719461441,0,0,0.381829087819372,0.317554834316723,0.243901484127355,0.21296764312926,0.282577907031327,0.239728088197964,0.325322456931302,0.335844911407325,0,0.241901025176048,0.243604750505515,0,0,0,0,0,0,0.294664724784739,0.294439677681242,0,0,0,0.241718277335167,0.301618803854263,0.300793862038285,0,0,0,0,0.171164929866791,0.212900178773063,0,0,0.25809708237648,0,0,0,0,0,0.339442631839248,0.344339745416354,0.417804123707188,0.383027415190424,0.240793832166577,0.262118294835091,0.334766336888739,0.232723860179677,0.214801135944994
0,0,0,0,0,0.121098143048584,0,0,0,0,0,0.126818815355792,0,0,0,0,0,0,0,0,0,0,0,0,0,0,0,0,0,0,0,0,0,0,0,0.15106056445614,0,0.126470529226236,0,0,0,0.238713160157204,0,0,0,0,0,0,0,0.249564304947853,0,0.127315573394299,0,0,0,0,0,0.146530027315021,0,0,0,0,0.198820075942613,0,0,0,0,0,0,0,0,0,0,0,0,0,0,0,0.172562037007167,0,0.180865685854639,0,0.146041470252915,0,0.228040309479603,0,0
0,0,0.228614354604169,0,0.181480694370779,0,0,0,0,0,0.159988741079966,0,0,0,0,0,0,0,0.34136295744351,0,0,0,0,0,0,0,0,0,0,0,0,0,0,0,0,0,0.152144010081178,0,0.165919546800924,0,0.231652194261551,0,0.255097369849682,0,0.374755844473839,0,0.301605847804514,0,0.240269427949732,0.250342304507891,0.208300078536073,0,0,0,0,0,0.322555272051921,0,0,0,0,0,0,0.243846042729514,0,0,0,0,0,0,0,0,0,0,0,0,0,0,0.310859054327011,0.210424830108185,0,0.200558819980533,0.154183891672202,0.221394936243693,0.265446712282412,0,0
0,0,0,0,0,0,0,0,0,0,0,0,0,0,0,0,0,0.168939976738049,0.282936990261078,0,0,0,0.0945188905610595,0.129746176477741,0,0.154184230736324,0,0.131741729206764,0,0,0,0,0,0,0,0,0,0.157119638172323,0.157865650951862,0,0,0,0,0,0,0,0,0,0,0.164319679141045,0,0,0,0,0,0,0,0,0,0,0,0,0,0,0.186520275052181,0.147013311584791,0.150198536437182,0,0.193803064525127,0,0.180015314784315,0,0,0,0,0,0,0,0,0,0.183761485188316,0,0.143225435368211,0.11481797148784,0,0,0
0,0,0,0,0,0,0,0,0.188412860035896,0,0,0,0,0,0.168249852955341,0,0.168127911012554,0.147736109060342,0.241404509544373,0,0,0.0945188905610595,0,0,0.140591955327607,0,0.159645329256765,0,0.168173211937149,0,0,0,0,0,0,0,0,0,0.193448114291007,0,0,0,0,0,0,0.318620651960373,0,0,0.230698633939028,0,0,0,0,0,0,0,0,0,0,0,0,0,0,0,0,0.19321902174654,0,0.214796941522714,0.115103185176849,0.169587577548292,0,0.137105271220207,0,0,0,0,0,0,0,0,0,0.233894919461392,0.139447192623191,0.203682125388802,0.322210550308228,0,0
0,0,0,0,0,0,0,0,0,0.253561159426516,0,0,0,0,0,0,0,0,0,0,0,0.129746176477741,0,0,0,0.151673058452814,0,0,0,0,0,0,0,0,0,0,0,0.16343674137564,0,0,0,0,0,0,0,0,0,0,0,0.204558499938538,0,0,0,0,0,0.308427295607069,0,0,0,0,0,0,0,0,0.171209374215545,0,0.209008189838512,0,0.170992061495781,0,0,0,0,0,0,0,0,0,0,0,0.184917057660713,0,0.144130644316857,0,0.21468124954324,0,0
0,0,0,0,0,0,0,0,0.246703042433812,0,0,0,0,0,0,0,0.208911725565007,0.205235412344337,0.251312240958214,0,0,0,0.140591955327607,0,0,0,0.184557804003709,0,0,0,0,0,0,0,0,0,0,0,0.16583762771729,0,0,0,0,0,0,0,0,0.355378995339076,0.207372959082325,0,0,0,0,0,0.28689116975234,0,0,0,0,0,0,0,0,0,0,0.186708755113862,0,0.16938597370482,0,0.182480126619339,0,0,0,0,0,0,0,0,0,0,0,0.167041549628431,0.200663526781586,0.184915766119957,0.28615402983081,0,0
0,0,0,0,0,0,0,0,0,0,0,0,0,0,0,0.173139131069183,0.174849995693495,0.165536083986332,0.244178859087137,0,0,0.154184230736324,0,0.151673058452814,0,0,0.155488505959511,0,0,0,0,0,0,0,0,0,0,0,0,0,0,0,0,0.24945941567421,0,0,0,0,0,0,0,0,0,0,0,0,0,0,0,0,0,0,0,0,0.201087659224868,0,0.155576124161231,0,0.155230854265392,0,0,0,0,0,0,0,0,0,0,0,0,0,0.159621685863503,0.17028584331274,0,0,0
0,0,0,0,0,0,0,0,0.19258560027395,0,0,0,0,0,0.137334739168485,0.150600388646126,0.158815741937685,0.161989448549734,0.230154122691602,0,0,0,0.159645329256765,0,0.184557804003709,0.155488505959511,0,0,0.176243553558985,0,0,0,0,0,0,0,0,0,0,0,0.267632484436035,0,0,0,0,0.273205478986104,0,0,0,0,0,0,0,0,0.174005235104184,0,0,0,0,0,0.167607851326466,0,0,0,0,0.167685280740261,0,0.187843544273705,0,0.162860947653276,0,0.16247603793939,0,0,0,0,0,0,0,0,0,0,0.164291351602878,0.172995904809795,0.24964714050293,0,0
0,0,0,0,0,0,0,0,0,0,0,0.135517891405559,0,0.1455417573452,0,0.118769802153111,0,0.130995749717667,0,0,0,0.131741729206764,0,0,0,0,0,0,0,0.127595672201292,0,0,0,0,0,0,0,0.123929691811403,0,0,0,0,0,0,0,0,0,0,0,0,0,0,0,0,0,0,0,0,0,0,0,0,0,0,0,0,0,0,0,0,0.174874108350068,0,0.142988010570407,0,0,0,0,0,0,0,0,0,0.121534092724323,0,0,0,0
0,0,0,0,0,0,0,0,0,0,0.149026152606194,0,0.14438141954522,0,0.14489726556672,0,0.160560806592306,0,0,0,0,0,0.168173211937149,0,0,0,0.176243553558985,0,0,0,0.229041475243866,0,0,0,0,0,0,0,0.194203257311547,0,0,0,0,0,0,0,0,0,0,0,0,0,0,0,0,0,0,0,0.14333635018695,0,0,0,0,0,0,0,0,0,0,0,0,0.152336932966471,0,0.190397451078989,0,0,0,0,0,0,0,0.151789809266726,0.211949533087355,0.180343521902194,0,0,0
0,0,0,0,0,0,0,0,0,0,0,0.133247055113316,0,0,0,0,0,0,0,0,0,0,0,0,0,0,0,0.127595672201292,0,0,0,0,0,0,0,0,0,0.126654916753372,0,0,0,0,0,0,0,0,0,0,0,0,0,0,0,0,0,0,0,0,0,0,0,0,0,0,0,0,0,0,0,0,0.132505165303455,0,0.158766927671616,0,0,0,0,0,0,0,0.15668296707528,0,0.139354472359022,0,0,0,0
0,0,0,0,0,0,0,0,0,0,0.184878192842007,0,0,0,0,0,0,0,0,0,0,0,0,0,0,0,0,0,0.229041475243866,0,0,0,0,0,0,0,0,0,0.143556664237775,0,0,0,0,0,0,0,0,0,0,0,0,0,0,0,0,0,0.143197397391001,0,0,0,0,0,0,0,0,0,0,0,0,0,0,0.168833762407303,0,0.150388790937684,0,0,0,0,0,0,0,0.163368846249321,0.205202785134316,0.211627771688062,0,0,0
0,0,0,0,0,0,0,0,0,0,0,0,0,0,0,0,0,0,0,0,0,0,0,0,0,0,0,0,0,0,0,0,0.341528518799624,0.412311762571335,0,0.14689621998597,0,0,0,0,0,0,0,0,0,0,0,0.427523123820396,0,0.510342160860697,0,0,0,0,0,0,0,0,0,0,0,0,0,0,0,0,0,0,0,0,0,0,0,0,0.273591849962977,0.272191890121043,0,0,0.252122084289545,0,0,0,0.22497737103579,0,0,0,0
0,0,0,0,0,0,0,0,0,0,0,0,0,0,0,0,0,0,0,0,0,0,0,0,0,0,0,0,0,0,0,0.341528518799624,0,0,0.348291483872077,0,0.172555299428029,0,0,0,0,0,0,0,0,0,0,0.431001406884522,0.472777451078097,0.478471622580574,0,0,0,0,0,0,0,0,0,0,0,0,0,0,0,0,0,0,0,0,0,0,0,0,0.323451263238402,0.299897115104747,0,0,0.261216774582863,0.142149040102959,0,0,0.192724640602651,0,0,0,0
0,0,0,0,0,0,0,0,0,0,0,0,0,0,0,0,0,0,0,0,0,0,0,0,0,0,0,0,0,0,0,0.412311762571335,0,0,0.168212673014001,0.146122994130467,0,0.259876980040318,0.0985734523697333,0,0,0,0,0,0,0,0,0.330070927487785,0.372236251831055,0.347858836253484,0,0,0,0,0,0,0,0,0,0,0,0,0,0,0,0,0,0,0,0,0,0,0,0,0.42077539563179,0.154105509320895,0.214373686956981,0.177303255036257,0.160456403520177,0,0.354446215830117,0,0.195575160013055,0.170070635058262,0,0,0
0,0,0,0,0,0,0,0,0,0,0,0,0,0,0,0,0,0,0,0,0,0,0,0,0,0,0,0,0,0,0,0,0.348291483872077,0.168212673014001,0,0,0.135398772651259,0.104285478591919,0.24453748849556,0,0,0,0.232147680087523,0,0,0,0,0.238800592851538,0,0,0,0,0,0,0,0,0,0,0,0,0,0,0,0,0,0,0,0,0,0,0,0,0,0,0,0.229235202074051,0.217874209468181,0.198245384518415,0,0.159257854024569,0,0.21609986764054,0.205112558043034,0.228250812739134,0.258930686116219,0,0
0,0,0,0.238899936899543,0,0.201229857625785,0,0,0,0,0,0.124822081334289,0,0,0,0,0,0,0.282217532396317,0.15106056445614,0,0,0,0,0,0,0,0,0,0,0,0.14689621998597,0,0.146122994130467,0,0,0.146034616444792,0.150437612800139,0,0.270995408296585,0,0.297775596380234,0,0,0,0.207874827086926,0,0,0,0,0,0.175715520977974,0,0,0,0,0,0.144819171881521,0,0,0,0,0.194483974167594,0,0,0,0,0,0,0,0,0,0,0,0.154078322307517,0,0.160704386425136,0,0.197342229048909,0.18620877712965,0.182806657535619,0,0.160994606753178,0.162953077908605,0.213203443661995,0,0
0,0,0.198433294892311,0,0.159740783274174,0,0,0,0,0,0.14913446393609,0,0,0,0,0,0,0,0.311340719461441,0,0.152144010081178,0,0,0,0,0,0,0,0,0,0,0,0.172555299428029,0,0.135398772651259,0.146034616444792,0,0,0.188685661914795,0,0.289182752370834,0,0.25183492898941,0,0,0,0.233258682489395,0.146610613167286,0.34800997376442,0,0.169876024127007,0,0,0,0,0,0.185503620439106,0,0,0,0,0,0,0.173093107488989,0,0,0,0,0,0,0,0,0,0,0,0.193458735942841,0,0.128370230901538,0.137913897633553,0.209474787183128,0,0.167179503640797,0.178478751229389,0.188994199037552,0.194633457332085,0,0.317781329154968
0,0,0,0,0,0,0,0,0,0.229211513078897,0,0.12524864480053,0,0,0,0,0,0,0,0.126470529226236,0,0.157119638172323,0,0.16343674137564,0,0,0,0.123929691811403,0,0.126654916753372,0,0,0,0.259876980040318,0.104285478591919,0.150437612800139,0,0,0.150375639008987,0,0,0.155713082060345,0,0,0,0,0,0.394244572614204,0,0.19820284634983,0,0,0,0,0,0.312402004996936,0,0.149340425146766,0,0,0,0,0.173676438629627,0,0.164688215591013,0,0.294829054883568,0,0,0,0,0,0,0,0,0,0.23912826537653,0,0.181869942480759,0,0.191720385717575,0,0.161644959303439,0.157868157266765,0.192610622622257,0,0
0,0,0,0,0,0,0,0,0.273106317351888,0,0.147783923437617,0,0,0,0,0,0,0,0,0,0.165919546800924,0.157865650951862,0.193448114291007,0,0.16583762771729,0,0,0,0.194203257311547,0,0.143556664237775,0,0,0.0985734523697333,0.24453748849556,0,0.188685661914795,0.150375639008987,0,0,0,0,0.204252558350563,0.340143769979477,0,0,0.284146930162723,0.398290268451601,0.214094040383186,0,0,0,0,0,0.296517133712769,0,0.172763925737568,0,0,0,0,0,0,0.226526664537296,0,0.184571880972787,0,0.244195679002083,0,0,0,0.133145576715469,0,0.144927040552316,0,0,0,0.230047304228128,0,0.198071408149976,0.21991802752018,0.181344336807672,0.163616511051598,0.15524777404049,0.2749537789726,0,0
0,0,0,0.253651881501788,0,0.229045927524567,0,0,0,0,0,0,0,0,0,0,0.328422812124093,0.343380120396614,0.381829087819372,0,0,0,0,0,0,0,0,0,0,0,0,0,0,0,0,0.270995408296585,0,0,0,0,0.284062547816171,0.323792525564626,0.292831403868539,0.476321384898926,0.272391229867935,0.302901998887547,0.326732789476713,0.391814798116684,0,0.226683071892088,0,0.20698955655098,0,0,0,0.259277015924454,0,0.234844461083412,0,0,0,0,0.260430642899047,0.293307960033417,0,0,0,0,0,0,0,0,0,0,0,0,0,0,0.277227954165629,0.331994107365608,0.226962794860204,0,0.349453433455821,0.261231571435928,0.315493089835228,0.426495384697224,0.279477026313543
0.30000826716423,0,0.261314354444805,0,0.229613080620766,0,0,0,0,0,0.230491489171982,0,0,0,0,0,0.307389270691645,0.298886871586243,0.317554834316723,0,0.231652194261551,0,0,0,0,0,0.267632484436035,0,0,0,0,0,0,0,0,0,0.289182752370834,0,0,0.284062547816171,0,0.244712481444532,0.278790335715572,0.259689927101135,0.380443601041847,0.306010401248932,0.341725183450115,0.279123395681381,0.219923160893925,0.235444292426109,0.308937847614288,0,0,0,0,0,0.27274864776568,0,0,0,0,0,0.31084131449461,0.247674902718441,0,0,0,0,0,0,0,0,0,0,0,0,0,0,0.334417760372162,0.242337077772605,0.338484227657318,0.19717786476197,0.286220027994709,0.315842752655347,0.285427772974854,0.270211050907771,0.31359988369012
0,0.254264578477226,0,0.255307482895644,0,0.238463785837997,0,0,0,0.153837107121944,0,0,0,0,0,0,0.265161099482556,0.268678228312967,0.243901484127355,0.238713160157204,0,0,0,0,0,0,0,0,0,0,0,0,0,0,0,0.297775596380234,0,0.155713082060345,0,0.323792525564626,0.244712481444532,0,0.207327497761951,0.287321272517453,0.247722348198295,0.293062309184294,0.27861512452364,0.388140959916888,0,0.296895425458243,0,0,0,0,0,0.240042333801587,0,0.308632332878438,0,0,0,0.277556886275609,0.312196687401932,0.27107740342617,0,0,0,0,0,0,0,0,0.304828951756159,0,0,0,0,0,0.325554450860485,0.29006831577191,0.41138035811876,0,0.263826407280758,0.269328279204147,0.298922300412594,0.255958485672004,0.221997191508611
0.261514296497146,0,0.260805596044098,0.221687972545624,0.229756983263152,0,0,0,0.208414214352767,0,0.239883080124855,0,0,0,0,0,0.261626033762167,0.258149747201737,0.21296764312926,0,0.255097369849682,0,0,0,0,0,0,0,0,0,0,0,0,0,0.232147680087523,0,0.25183492898941,0,0.204252558350563,0.292831403868539,0.278790335715572,0.207327497761951,0,0.223990880630233,0.242840433222616,0.274891051463783,0.286492775831929,0.407626820762465,0.352563983636919,0.254135863003084,0.253295179456472,0,0,0,0,0,0.306268017336602,0.222133740782738,0,0,0,0,0.270008577033877,0.293849772211795,0,0,0,0,0,0,0,0,0,0,0,0,0,0,0.271042545204577,0.295327695807098,0.313469400008519,0.284652847310771,0.255146501608837,0.274862575790156,0.283075961710515,0.179757220877541,0.213152992558483
0,0,0,0.253748625516891,0,0,0,0,0,0,0,0,0,0,0,0,0.285753558576107,0.283777171799115,0.282577907031327,0,0,0,0,0,0,0.24945941567421,0,0,0,0,0,0,0,0,0,0,0,0,0.340143769979477,0.476321384898926,0.259689927101135,0.287321272517453,0.223990880630233,0,0,0.370981818685929,0.281240090727806,0,0,0.244689550250769,0,0,0,0,0,0,0,0.280637383460999,0,0,0,0,0.337092455476522,0.296834856271744,0,0,0,0,0,0,0,0,0,0,0,0,0,0,0.419312747167727,0.28876670897007,0.490624431769053,0.339612424373627,0.275201023176864,0,0.421653713116592,0.277006479410025,0.268542269865672
0,0,0,0,0,0,0,0,0,0,0,0,0,0,0,0,0.291379885453927,0.267136125266552,0.239728088197964,0,0.374755844473839,0,0,0,0,0,0,0,0,0,0,0,0,0,0,0,0,0,0,0.272391229867935,0.380443601041847,0.247722348198295,0.242840433222616,0,0,0.281173488923482,0.385877626411843,0,0.284888088703156,0,0,0,0,0,0,0,0.305171474814415,0.254532188177109,0,0,0,0,0,0.348996104672551,0,0,0,0,0,0,0,0,0,0,0,0,0,0,0.317505065351725,0.405272684018513,0,0.520378470420837,0.260214549407624,0.272594451904297,0.392242090340225,0.199818397561709,0.271392685316858
0,0,0,0.225271177788575,0,0.246407906214396,0,0,0,0,0,0,0,0,0,0,0.319646099279093,0.306441062205547,0.325322456931302,0,0,0,0.318620651960373,0,0,0,0.273205478986104,0,0,0,0,0,0,0,0,0.207874827086926,0,0,0,0.302901998887547,0.306010401248932,0.293062309184294,0.274891051463783,0.370981818685929,0.281173488923482,0,0.344251623024812,0,0,0.232148488052189,0,0,0,0,0,0.204112023115158,0,0.249104521104268,0,0,0,0.206636734306812,0.256788092544806,0.3100851220744,0,0,0,0,0,0,0,0,0.262267827987671,0,0,0,0,0,0.303391658231976,0.334404862778527,0.351890326239342,0,0.306297935213816,0.284476812928915,0.325329139557752,0.295111342118337,0.267547136545181
0.393340229988098,0,0.239976498213681,0,0.185760542750359,0,0,0,0,0,0.278328999876976,0,0,0,0,0,0.309970480634978,0.307540054886769,0.335844911407325,0,0.301605847804514,0,0,0,0,0,0,0,0,0,0,0,0,0,0,0,0.233258682489395,0,0.284146930162723,0.326732789476713,0.341725183450115,0.27861512452364,0.286492775831929,0.281240090727806,0.385877626411843,0.344251623024812,0,0.257907329334153,0.259017404135283,0.248921555449378,0.21171872317791,0,0,0,0,0,0.305789878083901,0,0,0,0,0,0.328991666436195,0.267245142276641,0,0,0,0,0,0,0,0,0,0,0,0,0,0,0.345885138696348,0.333496414350615,0.414952993392944,0.353377460060032,0.304697159964305,0.314484180374579,0.352554149354529,0.264428598806262,0.276780388827594
0,0,0.275328695774078,0,0.221484154462814,0,0,0,0.3607620133294,0,0,0,0,0,0,0,0,0,0,0,0,0,0,0,0.355378995339076,0,0,0,0,0,0,0.427523123820396,0.431001406884522,0.330070927487785,0.238800592851538,0,0.146610613167286,0.394244572614204,0.398290268451601,0.391814798116684,0.279123395681381,0.388140959916888,0.407626820762465,0,0,0,0.257907329334153,0,0.474919026088638,0.391727582132999,0,0,0,0,0,0,0,0,0,0,0,0,0,0.243456597511585,0,0,0,0,0,0,0,0,0,0,0.39013738186954,0.417985146188949,0.380572012964993,0.235317729999998,0.299834115585933,0.26803220837724,0.420617813667569,0.418384342410025,0.481172636141728,0.533291399478912,0.398355497228104,0,0.274762630462646
0.17875127416725,0,0.193281145536736,0,0.227034539693878,0,0,0,0.331614034043418,0,0,0,0,0,0,0,0,0,0.241901025176048,0,0.240269427949732,0,0.230698633939028,0,0.207372959082325,0,0,0,0,0,0,0,0.472777451078097,0.372236251831055,0,0,0.34800997376442,0,0.214094040383186,0,0.219923160893925,0,0.352563983636919,0,0.284888088703156,0,0.259017404135283,0.474919026088638,0,0.377955534105482,0.240423830492156,0,0,0,0.242920453438844,0,0.225935270307494,0,0.169169868032138,0,0.206801620813516,0,0,0.234378903976872,0,0.218868887850216,0,0.217777627583163,0,0,0,0,0,0,0.423421323299408,0,0.448251098394394,0.319990158081055,0,0.267865738188717,0,0.316335085934853,0.42800884775549,0.291338533163071,0.305577664630089,0,0.248325641338642
0,0.176103275246963,0.272100519388914,0.225195322251884,0.20805487036705,0.231672764551349,0,0,0,0,0,0,0,0,0,0,0,0,0.243604750505515,0.249564304947853,0.250342304507891,0.164319679141045,0,0.204558499938538,0,0,0,0,0,0,0,0.510342160860697,0.478471622580574,0.347858836253484,0,0,0,0.19820284634983,0,0.226683071892088,0.235444292426109,0.296895425458243,0.254135863003084,0.244689550250769,0,0.232148488052189,0.248921555449378,0.391727582132999,0.377955534105482,0,0.262414589524269,0.23125983774662,0,0,0,0.250580872098605,0.255032226443291,0.285051229325208,0,0.209727999567986,0,0.213319093982379,0.246009198385616,0.239399222951186,0.20628472908241,0,0.239410123313373,0,0,0,0,0,0.311152934402853,0,0,0.470026314258575,0.251680240035057,0,0.271365147689587,0.263629992114435,0.258808873686246,0.278100828329722,0.332980586186869,0.269002787195719,0.278100522387176,0.288009118702677,0.30470010638237
0,0,0.191464760555671,0,0.193294400352003,0,0.136142598731177,0,0,0,0,0,0,0,0.181436757246653,0,0,0,0,0,0.208300078536073,0,0,0,0,0,0,0,0,0,0,0,0,0,0,0,0.169876024127007,0,0,0,0.308937847614288,0,0.253295179456472,0,0,0,0.21171872317791,0,0.240423830492156,0.262414589524269,0,0,0,0,0.187325211241841,0,0.252425264125849,0,0.18321745759911,0,0.17475093731826,0,0,0.200498706847429,0,0,0,0,0,0,0,0,0,0,0,0,0,0,0,0.223800420761108,0,0,0.179281140091243,0.164243685848573,0.224173581833581,0,0
0,0,0,0.217092873218159,0,0.168505393016847,0,0,0,0,0,0.14458383868138,0,0,0,0,0,0,0,0.127315573394299,0,0,0,0,0,0,0,0,0,0,0,0,0,0,0,0.175715520977974,0,0,0,0.20698955655098,0,0,0,0,0,0,0,0,0,0.23125983774662,0,0,0,0,0,0,0,0.236254371855113,0,0.206330925226212,0,0.179929558187723,0,0,0,0,0,0,0,0,0,0,0,0,0,0,0,0,0.220861613750458,0,0,0,0.115610875189304,0,0.218548027798533,0,0
0,0,0,0,0,0,0.167516328571808,0,0,0,0.146554248849141,0,0.168919415346214,0,0,0,0,0,0,0,0,0,0,0,0,0,0,0,0,0,0,0,0,0,0,0,0,0,0,0,0,0,0,0,0,0,0,0,0,0,0,0,0,0,0,0,0.183733858845451,0,0,0,0,0,0,0,0,0,0,0,0,0,0,0,0,0,0,0,0,0,0,0,0,0,0.162629251466378,0.147687739133835,0,0,0
0,0,0,0,0,0,0,0.157404755863051,0,0,0,0,0,0,0,0,0,0,0,0,0,0,0,0,0,0,0,0,0,0,0,0,0,0,0,0,0,0,0,0,0,0,0,0,0,0,0,0,0,0,0,0,0,0,0,0,0,0.151469732634723,0,0,0,0,0,0,0,0,0,0,0,0,0,0,0,0,0,0,0,0,0,0,0,0,0.150752052502788,0,0,0,0
0.21277642827964,0,0.139389379784979,0,0,0,0,0,0.2673819869456,0,0,0,0,0,0.172297836921248,0,0,0,0,0,0,0,0,0,0.28689116975234,0,0.174005235104184,0,0,0,0,0,0,0,0,0,0,0,0.296517133712769,0,0,0,0,0,0,0,0,0,0.242920453438844,0,0.187325211241841,0,0,0,0,0,0,0,0,0,0.185441535781138,0,0,0,0,0,0,0.287884026699889,0,0,0,0,0,0,0,0,0,0,0,0,0,0.20475697517395,0.159313513109317,0,0.262490961582206,0,0
0,0.199653385925837,0,0.211668137993131,0,0.155987346897254,0,0,0,0.189492937523065,0,0,0,0,0,0.153225012123585,0,0,0,0,0,0,0,0.308427295607069,0,0,0,0,0,0,0,0,0,0,0,0,0,0.312402004996936,0,0.259277015924454,0,0.240042333801587,0,0,0,0.204112023115158,0,0,0,0.250580872098605,0,0,0,0,0,0,0,0.235110327601433,0,0,0,0.223722299788056,0,0,0,0,0.275385037500848,0,0,0,0,0,0,0,0,0,0,0,0,0,0.327860704186011,0,0,0,0.237067479226324,0,0
0,0,0.228361367776587,0,0.24834064074925,0,0.168984131052576,0,0,0,0.187934973779048,0,0.186513860310827,0,0,0,0.26215073466301,0,0.294664724784739,0,0.322555272051921,0,0,0,0,0,0,0,0,0,0.143197397391001,0,0,0,0,0,0.185503620439106,0,0.172763925737568,0,0.27274864776568,0,0.306268017336602,0,0.305171474814415,0,0.305789878083901,0,0.225935270307494,0.255032226443291,0.252425264125849,0,0.183733858845451,0,0,0,0,0,0.21058265209198,0,0.199253370364507,0,0,0.294378806943512,0,0,0,0,0,0,0,0,0,0.235475627881176,0,0,0,0,0.374878793954849,0.257163721240229,0,0,0.183937232931481,0.152894516040881,0.261521701455116,0,0.309609273076057
0,0,0,0.235612724856897,0,0.172850524284402,0,0.153731375932693,0,0,0,0.173723030640871,0,0.116489184047796,0,0,0,0,0.294439677681242,0.146530027315021,0,0,0,0,0,0,0,0,0,0,0,0,0,0,0,0.144819171881521,0,0.149340425146766,0,0.234844461083412,0,0.308632332878438,0.222133740782738,0.280637383460999,0.254532188177109,0.249104521104268,0,0,0,0.285051229325208,0,0.236254371855113,0,0.151469732634723,0,0.235110327601433,0,0,0,0.216377392554512,0,0.230371589601879,0.246469961957069,0,0,0,0,0,0,0,0,0,0.31734476870458,0,0,0,0,0,0.217904211028473,0.293868631124496,0.163381014732604,0,0.176706696113851,0.300209507346153,0.2704898147726,0.30738864839077,0
0,0,0.196470335125923,0,0,0,0,0,0,0,0.148880664949064,0,0.149688623922124,0,0.11362355521747,0,0,0,0,0,0,0,0,0,0,0,0,0,0.14333635018695,0,0,0,0,0,0,0,0,0,0,0,0,0,0,0,0,0,0,0,0.169169868032138,0,0.18321745759911,0,0,0,0,0,0.21058265209198,0,0,0,0.182526458261742,0,0,0,0,0,0,0,0,0.199385486543179,0,0.202936876681116,0,0,0,0,0,0,0,0,0,0,0.1656539700059,0.139389770726363,0,0,0
0,0.14100693166256,0,0.22399816778769,0,0,0,0.128266481416566,0,0,0,0.14487849822468,0,0.176728433605872,0,0.171367843945821,0,0,0,0,0,0,0,0,0,0,0,0,0,0,0,0,0,0,0,0,0,0,0,0,0,0,0,0,0,0,0,0,0,0.209727999567986,0,0.206330925226212,0,0,0,0,0,0.216377392554512,0,0,0,0.188390788435936,0,0,0,0,0,0,0,0,0,0,0,0,0,0,0,0,0,0,0,0,0.185391394337555,0.208862476050854,0.265836723148823,0,0
0.170679815113544,0,0.182569180925687,0,0.179324274464529,0,0,0,0,0,0,0,0.1352750385801,0,0.144333351548616,0,0.157663167096101,0.179804470390081,0,0,0,0,0,0,0,0,0.167607851326466,0,0,0,0,0,0,0,0,0,0,0,0,0,0,0,0,0,0,0,0,0,0.206801620813516,0,0.17475093731826,0,0,0,0.185441535781138,0,0.199253370364507,0,0.182526458261742,0,0,0,0,0,0,0,0,0,0,0,0,0,0,0,0,0,0,0,0,0,0,0,0.164755537144599,0,0,0,0
0,0.15913152547753,0,0.220164060843091,0,0,0,0,0,0.151730240112351,0,0,0,0.167756333947182,0,0.17556019262834,0,0,0.241718277335167,0,0,0,0,0,0,0,0,0,0,0,0,0,0,0,0,0,0,0,0,0,0,0.277556886275609,0,0,0,0.206636734306812,0,0,0,0.213319093982379,0,0.179929558187723,0,0,0,0.223722299788056,0,0.230371589601879,0,0.188390788435936,0,0,0,0,0,0,0.256653271615505,0,0,0,0,0,0,0,0,0,0,0,0.269470237195492,0,0,0,0.255551139513652,0,0.231354595161974,0,0
0,0,0,0.23663891851902,0,0.184774494171143,0,0,0,0,0,0.155289222628383,0,0,0,0,0.306326563421049,0.291413820215634,0.301618803854263,0.198820075942613,0,0,0,0,0,0,0,0,0,0,0,0,0,0,0,0.194483974167594,0,0.173676438629627,0,0.260430642899047,0.31084131449461,0.312196687401932,0.270008577033877,0.337092455476522,0,0.256788092544806,0.328991666436195,0,0,0.246009198385616,0,0,0,0,0,0,0,0.246469961957069,0,0,0,0,0,0.312189988791943,0,0,0,0,0,0,0,0,0.269051840056234,0,0,0,0,0,0.236771043565225,0.305687144398689,0.285001211366392,0,0.207470320697342,0.305117145180702,0.281446813161948,0.301549942447589,0
0,0,0.230174974762192,0,0.178864919087466,0,0,0,0.211455911397934,0,0.183307039508453,0,0,0,0,0,0.291001265113418,0.300192505121231,0.300793862038285,0,0.243846042729514,0,0,0,0,0,0,0,0,0,0,0,0,0,0,0,0.173093107488989,0,0.226526664537296,0.293307960033417,0.247674902718441,0.27107740342617,0.293849772211795,0.296834856271744,0.348996104672551,0.3100851220744,0.267245142276641,0.243456597511585,0.234378903976872,0.239399222951186,0.200498706847429,0,0,0,0,0,0.294378806943512,0,0,0,0,0,0.312189988791943,0,0,0,0,0,0,0,0,0,0,0.405466156701247,0,0,0,0,0.315848391503096,0.245206904738935,0,0.282336239848968,0.259869668543695,0.296336533294784,0.30444194393619,0.247545967499415,0.312182933947102
0,0,0,0,0,0,0,0,0,0,0,0,0,0,0,0,0,0,0,0,0,0.186520275052181,0,0.171209374215545,0,0.201087659224868,0,0,0,0,0,0,0,0,0,0,0,0.164688215591013,0,0,0,0,0,0,0,0,0,0,0,0.20628472908241,0,0,0,0,0,0,0,0,0,0,0,0,0,0,0,0,0.204763741909407,0,0.186295795978771,0,0.225875038725252,0,0,0,0,0,0,0,0,0,0.202644364005583,0,0.149550182450759,0.125769994325108,0,0,0
0,0,0,0,0,0,0,0,0,0,0,0,0,0,0,0,0.171700119399107,0.185176983475685,0,0,0,0.147013311584791,0.19321902174654,0,0.186708755113862,0,0.167685280740261,0,0,0,0,0,0,0,0,0,0,0,0.184571880972787,0,0,0,0,0,0,0,0,0,0.218868887850216,0,0,0,0,0,0,0,0,0,0,0,0,0,0,0,0,0,0,0.232495795923859,0,0,0,0,0,0,0,0,0,0,0,0,0,0.30167157173939,0.117174293548783,0,0,0,0
0,0.244856399297714,0,0,0,0,0,0,0,0.274081157147884,0,0,0,0,0,0,0,0,0,0,0,0.150198536437182,0,0.209008189838512,0,0.155576124161231,0,0,0,0,0,0,0,0,0,0,0,0.294829054883568,0,0,0,0,0,0,0,0,0,0,0,0.239410123313373,0,0,0,0,0,0.275385037500848,0,0,0,0,0,0.256653271615505,0,0,0.204763741909407,0,0,0,0.18334716877767,0,0,0,0,0,0,0,0,0,0,0,0.333978307976698,0,0.143954665857072,0,0.236881099076478,0,0
0,0,0,0,0,0,0,0,0.26080686885577,0,0,0,0,0,0,0,0.219065289412226,0,0,0,0,0,0.214796941522714,0,0.16938597370482,0,0.187843544273705,0,0,0,0,0,0,0,0,0,0,0,0.244195679002083,0,0,0,0,0,0,0,0,0,0.217777627583163,0,0,0,0,0,0.287884026699889,0,0,0,0,0,0,0,0,0,0,0.232495795923859,0,0,0,0.186268780380487,0,0,0,0,0,0,0,0,0,0,0,0.219962144270539,0.213838262788274,0,0.267887217386457,0,0
0,0,0,0,0,0,0,0,0,0,0,0,0,0,0,0.167391901214918,0.150800772839122,0.164614830956315,0.171164929866791,0,0,0.193803064525127,0.115103185176849,0.170992061495781,0,0.155230854265392,0,0,0,0,0,0,0,0,0,0,0,0,0,0,0,0,0,0,0,0,0,0,0,0,0,0,0,0,0,0,0,0,0,0,0,0,0,0,0.186295795978771,0,0.18334716877767,0,0,0,0.133219763636589,0,0,0,0,0,0,0,0,0,0,0,0.162810817360878,0,0,0,0
0,0,0,0,0,0,0,0,0.194670088589191,0.149738907814026,0,0,0,0,0.188727878034115,0.151583574712276,0.156804872106224,0.162623800013376,0.212900178773063,0,0,0,0.169587577548292,0,0.182480126619339,0,0.162860947653276,0,0,0,0,0,0,0,0,0,0,0,0,0,0,0,0,0,0,0,0,0,0,0,0,0,0,0,0,0,0,0,0.199385486543179,0,0,0,0,0,0,0,0,0.186268780380487,0,0,0,0.205582354217768,0,0,0,0,0,0,0,0,0,0,0.173113436409921,0.181200459599495,0.230104222893715,0,0
0,0,0,0,0,0,0,0,0,0,0,0.133788662200624,0,0.132759354653813,0,0,0,0,0,0,0,0.180015314784315,0,0,0,0,0,0.174874108350068,0,0.132505165303455,0,0,0,0,0,0,0,0,0,0,0,0,0,0,0,0,0,0,0,0,0,0,0,0,0,0,0,0,0,0,0,0,0,0,0.225875038725252,0,0,0,0.133219763636589,0,0,0,0,0,0,0,0,0,0,0,0.211722392970183,0,0,0,0,0,0
0,0,0,0,0,0,0,0,0,0,0.13800153006678,0,0,0,0,0,0,0,0,0,0,0,0.137105271220207,0,0,0,0.16247603793939,0,0.152336932966471,0,0.168833762407303,0,0,0,0,0,0,0,0.133145576715469,0,0,0,0,0,0,0,0,0,0,0,0,0,0,0,0,0,0,0,0.202936876681116,0,0,0,0,0,0,0,0,0,0,0.205582354217768,0,0,0,0.196259731921969,0,0,0,0,0,0,0,0.219143280984329,0,0,0,0,0
0,0,0,0.280945837497711,0,0.25934973359108,0,0,0,0,0,0.146729780939119,0,0,0,0,0,0,0.25809708237648,0,0,0,0,0,0,0,0,0.142988010570407,0,0.158766927671616,0,0,0,0,0,0,0,0,0,0,0,0.304828951756159,0,0,0,0.262267827987671,0,0,0,0.311152934402853,0,0,0,0,0,0,0,0.31734476870458,0,0,0,0,0.269051840056234,0,0,0,0,0,0,0,0,0,0,0,0,0,0,0,0.236304875463247,0,0.284123250609869,0,0.140598028220914,0,0.299641097827656,0,0
0,0,0.255989789962769,0,0,0,0,0,0,0,0.193792083571034,0,0,0,0,0,0,0,0,0,0,0,0,0,0,0,0,0,0.190397451078989,0,0.150388790937684,0,0,0,0,0,0,0,0.144927040552316,0,0,0,0,0,0,0,0,0,0,0,0,0,0,0,0,0,0.235475627881176,0,0,0,0,0,0,0.405466156701247,0,0,0,0,0,0,0,0.196259731921969,0,0,0,0,0,0,0,0,0,0.2251292366637,0,0.220685474574566,0.235746413469315,0,0
0,0,0,0,0,0,0,0,0,0,0,0,0,0,0,0,0,0,0,0,0,0,0,0,0,0,0,0,0,0,0,0.273591849962977,0.323451263238402,0.42077539563179,0,0.154078322307517,0,0,0,0,0,0,0,0,0,0,0,0.39013738186954,0.423421323299408,0,0,0,0,0,0,0,0,0,0,0,0,0,0,0,0,0,0,0,0,0,0,0,0,0,0,0.379632235016521,0.262894749493882,0,0.267100901029811,0,0,0,0.169561487888651,0,0,0,0
0,0,0,0,0,0,0,0,0,0,0,0,0,0,0,0,0,0,0,0,0,0,0,0,0,0,0,0,0,0,0,0.272191890121043,0.299897115104747,0.154105509320895,0.229235202074051,0,0.193458735942841,0,0,0,0,0,0,0,0,0,0,0.417985146188949,0,0.470026314258575,0,0,0,0,0,0,0,0,0,0,0,0,0,0,0,0,0,0,0,0,0,0,0,0,0.379632235016521,0,0,0.215979043926511,0,0.224441198839082,0,0,0.276478188215858,0,0,0,0
0,0,0,0,0,0,0,0,0,0,0,0,0,0,0,0,0,0,0,0,0,0,0,0,0,0,0,0,0,0,0,0,0,0.214373686956981,0.217874209468181,0.160704386425136,0,0.23912826537653,0,0,0,0,0,0,0,0,0,0.380572012964993,0.448251098394394,0.251680240035057,0,0,0,0,0,0,0,0,0,0,0,0,0,0,0,0,0,0,0,0,0,0,0,0,0.262894749493882,0,0,0.256638020277023,0.24011312606858,0,0.288279137719692,0,0.250556804612279,0.170983753468789,0,0,0
0,0,0,0,0,0,0,0,0,0,0,0,0,0,0,0,0,0,0,0,0,0,0,0,0,0,0,0,0,0,0,0,0,0.177303255036257,0.198245384518415,0,0.128370230901538,0,0.230047304228128,0,0,0,0,0,0,0,0,0.235317729999998,0.319990158081055,0,0,0,0,0,0,0,0,0,0,0,0,0,0,0,0,0,0,0,0,0,0,0,0,0,0,0.215979043926511,0.256638020277023,0,0,0.196211983351146,0,0.218417081140703,0.188559367166211,0.209204897284508,0,0,0
0,0,0,0.259433265488881,0,0.234845615923405,0,0,0,0,0,0.142186094075441,0,0,0,0,0.319832783192396,0.313741677364365,0.339442631839248,0.172562037007167,0.310859054327011,0,0,0,0,0,0,0,0,0,0,0.252122084289545,0.261216774582863,0.160456403520177,0,0.197342229048909,0.137913897633553,0.181869942480759,0,0.277227954165629,0.334417760372162,0.325554450860485,0.271042545204577,0.419312747167727,0.317505065351725,0.303391658231976,0.345885138696348,0.299834115585933,0,0.271365147689587,0,0.220861613750458,0,0,0,0,0.374878793954849,0.217904211028473,0,0,0,0.269470237195492,0.236771043565225,0.315848391503096,0,0,0,0,0,0,0,0,0.236304875463247,0,0.267100901029811,0,0.24011312606858,0,0,0.340435183965243,0.221272145635088,0.297265648841858,0.211934342612661,0.239799451082945,0.344079310905898,0.386202046111226,0.272390534480413
0.356765151023865,0,0.255177994391748,0,0.199880710244179,0,0,0,0.195993900299072,0,0.157693791735385,0,0,0,0,0,0.3159136186753,0.308628344382995,0.344339745416354,0,0.210424830108185,0,0,0,0,0,0,0,0,0,0,0,0.142149040102959,0,0.159257854024569,0.18620877712965,0.209474787183128,0,0.198071408149976,0.331994107365608,0.242337077772605,0.29006831577191,0.295327695807098,0.28876670897007,0.405272684018513,0.334404862778527,0.333496414350615,0.26803220837724,0.267865738188717,0.263629992114435,0.223800420761108,0,0,0,0,0,0.257163721240229,0.293868631124496,0,0,0,0,0.305687144398689,0.245206904738935,0,0,0,0,0,0,0,0,0,0,0,0.224441198839082,0,0.196211983351146,0.340435183965243,0,0.347401261329651,0.204332891928739,0.221545682484925,0.220096780577811,0.334311600235349,0.292315678464042,0.340314281941181
0,0,0,0.315727548939841,0,0,0,0,0,0.279579562353499,0,0.124924325326968,0,0,0,0,0.375832512974739,0.33449978629748,0.417804123707188,0.180865685854639,0,0.183761485188316,0,0.184917057660713,0,0,0,0,0,0.15668296707528,0,0,0,0.354446215830117,0,0.182806657535619,0,0.191720385717575,0.21991802752018,0.226962794860204,0.338484227657318,0.41138035811876,0.313469400008519,0.490624431769053,0,0.351890326239342,0.414952993392944,0.420617813667569,0,0.258808873686246,0,0,0,0,0,0.327860704186011,0,0.163381014732604,0,0,0,0,0.285001211366392,0,0.202644364005583,0,0.333978307976698,0,0,0,0.211722392970183,0,0.284123250609869,0,0,0,0.288279137719692,0,0.221272145635088,0.347401261329651,0,0,0.155971933297023,0.146042811728659,0.389756886242432,0.463446009205654,0
