0,0,4.06212951987982,0,0,0,0,0,4.18232278029124,0,0,0,0,0,0,0,26.8556609153748,47.9081363677979,18.4849230386317,0,0,0,0,0,0,0,0,0,0,0,0,0,0,0,0,0,53.6193962097168,0,0,66.8798319498698,28.5596396128337,0,13.1487213912763,0,0,0,71.8021240234375,0,5.5199489348974,0,0,0,0,0,4.78287471162862,0,0,0,0,0,0,0,0,34.7043914794922,0,0,0,0,0,0,0,0,0,22.8731670379639,0,0,0,0,56.9406795501709,37.6007834540473,0,33.1554345350999,19.1136676296592,0,9.97417281560409,0,0
0,0,0,3.73093509674072,0,0,0,0,0,3.82807217703925,0,0,0,0,0,0,38.8462686538696,48.3029727935791,18.5742914858072,0,0,0,0,0,0,0,0,0,0,0,0,0,0,0,0,55.3113899230957,0,0,0,37.0718803405762,0,11.1187021843223,0,0,0,10.7127247916328,59.9843368530273,0,0,10.4156934513765,0,0,0,0,0,6.61491843632289,0,0,0,0,0,3.39013504981995,41.8310613632202,89.8723449707031,0,0,0,0,0,0,0,0,0,0,0,0,0,0,41.7050554084778,64.3838335673014,34.958703994751,0,6.1953606399489,0,8.4762007310937,0,0
4.06212951987982,0,0,0,19.8333606719971,0,0,0,4.10332189625456,0,0,0,0,0,0,0,99.3952713012695,0,51.0596837997437,0,0,0,0,0,0,0,0,0,0,0,0,0,0,0,0,0,45.0836325751411,0,0,0,38.9830729744651,49.3125915527344,24.2435011423907,0,0,0,25.0650017435958,68.612377166748,9.02624917507172,0,9.51493025198579,0,0,0,6.42364708059712,0,25.3139819417681,0,0,0,4.22476387023926,0,0,41.9191031455994,0,0,0,0,0,0,0,0,0,27.5389143147863,0,0,0,0,0,41.9602711995443,0,36.4080576463179,13.1243240959717,21.5567181110382,20.1165844106674,0,17.3451471328735
0,3.73093509674072,0,0,0,9.66384610762963,0,0,0,6.24425169358771,0,31.0796298980713,0,0,0,0,0,0,58.8773345947266,9.04886027177175,0,0,0,0,0,0,0,0,0,0,0,0,0,0,0,55.5027286941941,31.9385077953339,0,0,41.5263074368847,89.124885559082,31.5136879537707,54.7507820129395,0,0,21.6543989340464,0,31.9314748764038,35.5764846801758,27.3461740051491,0,5.74222574036592,0,0,0,5.48276589217695,0,24.2610916467471,0,2.87532329559326,0,4.65617138014899,19.5109462579091,0,0,0,0,0,0,0,0,0,31.6056440169351,0,0,0,0,0,44.5452082390879,0,37.1074876573351,0,20.2764463424683,32.1876902580261,16.8757732046834,30.4774426170017,0
0,0,19.8333606719971,0,0,0,0,0,2.94304120925165,0,0,0,0,0,2.74830651283264,0,0,0,0,0,7.25738889641232,0,0,0,0,0,0,0,0,0,0,0,0,0,0,0,27.1384538650513,0,44.7241287231445,0,41.0822350184123,0,47.1070885865585,0,0,0,27.8002346038818,62.8304265340169,44.9104674458504,0,7.98594943169625,0,0,0,0,0,26.7206118323586,0,22.3740359715053,0,5.29493856430054,0,0,31.0597522735596,0,0,0,0,0,0,0,0,0,38.077765244704,0,0,0,0,0,36.2105291562203,0,42.9524836106734,5.32427847385406,0,20.6466539945077,0,35.1244850158691
0,0,0,9.66384610762963,0,0,0,0,0,0,0,5.36578227923467,0,0,0,0,0,70.7631149291992,51.0325012207031,6.46540994909075,0,0,0,0,0,0,0,0,0,0,0,0,0,0,0,35.23416112264,40.8141593933105,0,0,53.8225428989955,0,48.4438013823136,0,0,0,37.4321136474609,0,39.9891670227051,0,43.5955866177877,0,4.23206765909453,0,0,0,0,0,12.3380203765372,0,0,0,4.20889568328857,11.8790226439212,0,0,0,0,0,0,0,0,0,43.3641413175143,0,0,0,0,0,49.3363774789346,0,54.2509293556213,0,6.16817576034479,0,14.1922144199261,42.6428298950195,0
0,0,0,0,0,0,0,0,0,0,0,0,0,0,0,0,0,0,0,0,0,0,0,0,0,0,0,0,0,0,0,0,0,0,0,0,0,0,0,0,0,0,0,0,0,0,0,0,0,0,0,0,3.81761941455659,0,0,0,0,0,0,0,0,0,0,0,0,0,0,0,0,0,0,0,0,0,0,0,0,0,0,0,0,0,0,0,0,0,0
0,0,0,0,0,0,0,0,0,0,0,3.00883196976225,0,0,0,0,0,0,0,0,0,0,0,0,0,0,0,0,0,0,0,0,0,0,0,0,0,0,0,0,0,0,0,0,0,0,0,0,0,0,0,2.82265988985697,0,3.47324793679374,0,0,0,3.25747740268707,0,0,0,0,0,0,0,0,0,0,0,0,0,0,0,0,0,0,0,0,0,0,0,0,3.5225227355957,0,0,0,0
4.18232278029124,0,4.10332189625456,0,2.94304120925165,0,0,0,0,0,0,0,0,0,0,0,0,0,0,0,0,0,0,0,4.0187871665745,0,0,0,0,0,0,0,0,0,18.9095961252848,0,0,0,6.94302107986895,0,0,0,36.600118637085,0,0,0,0,0,5.02748906612396,0,0,0,0,0,7.33915283588713,0,0,0,4.23366165161133,0,3.31478246889616,0,0,0,0,0,0,4.81212838490804,0,0,0,0,0,33.7559394836426,0,0,0,19.2718534469604,0,0,0,7.95384443433661,4.23016344373828,0,6.02282815784603,0,24.1684036254883
0,3.82807217703925,0,6.24425169358771,0,0,0,0,0,0,0,0,0,0,0,0,0,0,0,0,0,0,0,7.14998516169461,0,0,0,0,0,0,0,0,0,22.3377819061279,0,0,0,5.82568108374403,0,0,0,7.79150965069764,0,0,0,0,0,0,0,0,0,2.74093174934387,0,0,0,6.96521557705064,0,0,0,0,0,0,0,0,0,0,4.31744685173035,0,0,0,0,0,37.9430885314941,0,0,0,23.5858554840088,0,0,0,7.8598575214455,0,4.03769218107549,0,5.88569818545079,0,0
0,0,0,0,0,0,0,0,0,0,0,0,2.84566759481663,0,0,0,0,0,0,0,3.24778142656599,0,0,0,0,0,0,0,2.80285247166952,0,2.85271203517914,0,0,0,0,0,3.24324901898702,0,3.12986940331113,0,79.0044631958008,0,0,0,0,0,0,0,0,0,38.9590702056885,0,0,0,0,0,4.33860121244913,0,2.86668433745702,0,0,0,0,9.83678260496107,0,0,0,0,0,0,0,2.74184465408325,0,3.55524466832479,0,0,0,0,0,36.6904954910278,0,5.11658161878586,3.47515682131052,0,42.1443061828613,0,0
0,0,0,31.0796298980713,0,5.36578227923467,0,3.00883196976225,0,0,0,0,0,2.96216816455126,0,0,0,0,0,4.63601590147113,0,0,0,0,0,0,0,0,0,3.00792578647011,0,0,0,0,0,2.87536889134031,0,3.13750622950302,0,0,0,0,0,0,0,20.0965693791707,0,0,0,0,0,3.27540354352248,0,0,0,0,0,7.05654841486145,0,0,0,0,9.94322098774856,0,0,0,0,0,0,0,0,0,8.72109895971324,0,0,0,0,0,6.025733894772,0,2.87954647724445,0,3.51273124062236,0,6.52231185189609,0,0
0,0,0,0,0,0,0,0,0,0,2.84566759481663,0,0,0,0,0,0,0,0,0,0,0,0,0,0,0,0,0,0,0,0,0,0,0,0,0,0,0,0,0,0,0,0,0,0,0,0,0,0,0,0,0,0,0,0,0,0,0,2.92442207535108,0,3.42221360206604,0,0,0,0,0,0,0,0,0,0,0,0,0,0,0,0,0,0,0,0,0,2.84990668296814,0,0,0,0
0,0,0,0,0,0,0,0,0,0,0,2.96216816455126,0,0,0,0,0,0,0,0,0,0,0,0,0,0,0,0,0,0,0,0,0,0,0,0,0,0,0,0,0,0,0,0,0,0,0,0,0,0,0,0,0,0,0,0,0,2.82049735387166,0,3.09997807716837,0,4.54379379749298,0,0,0,0,0,0,0,0,0,0,0,0,0,0,0,0,0,0,0,0,0,0,0,0,0
0,0,0,0,2.74830651283264,0,0,0,0,0,0,0,0,0,0,0,15.1624808604001,53.0970169703166,0,0,0,0,0,0,0,0,24.6639938354492,0,0,0,0,0,0,0,0,0,0,0,0,0,0,0,0,0,0,0,0,0,0,0,3.27988743782043,0,0,0,0,0,0,0,0,0,2.86227018182928,0,0,0,0,0,0,0,0,19.3943843841553,0,0,0,0,0,0,0,0,0,0,0,0,15.223198890686,0,0,0,0
0,0,0,0,0,0,0,0,0,0,0,0,0,0,0,0,0,6.80652289459671,0,0,0,0,0,0,0,0,0,0,0,0,0,0,0,0,0,0,0,0,0,0,0,0,0,0,0,0,0,0,0,0,0,0,0,0,0,0,0,0,0,2.94675917625427,0,0,0,0,0,0,0,0,0,0,0,0,0,0,0,0,0,0,0,0,0,0,4.27747266942804,0,0,0,0
26.8556609153748,38.8462686538696,99.3952713012695,0,0,0,0,0,0,0,0,0,0,0,15.1624808604001,0,0,23.4580386835645,25.9210354737952,0,0,0,5.27386119288783,18.2436380386353,3.3738956451416,36.8697190752216,17.2073280301324,0,0,0,0,0,0,0,0,95.581203918457,92.7975280761719,0,0,67.9250903917396,63.3873560321865,63.1680967416336,52.1327484097101,0,0,55.3532029560634,58.238542075109,0,55.0295257568359,0,0,0,0,0,0,0,71.796932220459,0,0,0,0,0,64.9103320195125,69.1149887894139,0,0,0,0,33.0819931030273,21.1741695801417,0,0,77.6436557769775,62.3021793365479,0,0,0,0,74.3987081624694,72.3364787996732,78.9364293416341,66.6148236592611,17.6206735233659,42.2961757977804,63.2949662963729,59.9700441632952,47.9741954474614
47.9081363677979,48.3029727935791,0,0,0,70.7631149291992,0,0,0,0,0,0,0,0,53.0970169703166,6.80652289459671,23.4580386835645,0,24.2736512691462,0,0,2.85833757573908,0,5.95490964527788,0,11.2377107552349,38.6852639516195,0,0,0,0,0,0,0,0,95.1721922221937,111.515913009644,0,0,67.8458543565538,77.9776225842928,57.4033782154048,60.0992350085028,47.7362594604492,0,59.3456420898438,72.1627518790109,0,62.43408203125,50.9355392456055,115.29264831543,0,0,0,0,0,0,0,0,0,0,0,81.1373589833577,84.3427880605062,0,0,0,0,11.2517184599311,49.5179176330566,0,0,78.2242266337077,106.079818725586,0,0,0,0,76.3560721776257,83.8890816183651,68.3779776436942,73.3273582458496,15.0192351625737,4.43279580206707,65.6970380682694,47.8233287645423,54.9976654052734
18.4849230386317,18.5742914858072,51.0596837997437,58.8773345947266,0,51.0325012207031,0,0,0,0,0,0,0,0,0,0,25.9210354737952,24.2736512691462,0,0,0,0,0,0,0,32.9717257593719,38.7138862609863,0,0,0,0,0,0,0,0,67.3860114815483,76.8182030941578,76.5016708374023,0,46.1443830694686,52.0472277522087,38.0645623765796,37.4181165102071,20.1535961151123,0,32.9171522709788,42.0743233645343,0,17.8106396582819,54.3234832286835,66.0752843221029,0,0,0,0,0,56.6894501866521,30.7553635674554,79.1558074951172,0,0,0,48.2244887537487,52.8215655962273,0,0,0,0,30.2907435099284,38.6836433410645,0,0,34.0586574178346,39.5703337192535,0,0,0,0,51.8610817090491,56.2932614952803,41.4280419444658,54.7472870673662,16.3121738997373,39.0596130371094,40.7121725321515,29.4377317305595,36.8855663798025
0,0,0,9.04886027177175,0,6.46540994909075,0,0,0,0,0,4.63601590147113,0,0,0,0,0,0,0,0,0,0,0,0,0,0,0,0,0,0,0,0,0,0,0,8.60617983407814,0,5.55769875645638,0,42.9601097106934,0,0,0,0,0,12.137692675871,0,0,0,0,0,9.98152960836887,0,0,0,0,0,7.42225068668986,0,0,0,0,5.73638769063083,0,0,0,0,0,0,0,0,0,12.2347756226858,0,0,0,0,0,6.9941589784938,0,15.0524301528931,0,17.8751323738614,0,6.13423912798463,0,0
0,0,0,0,7.25738889641232,0,0,0,0,0,3.24778142656599,0,0,0,0,0,0,0,0,0,0,0,0,0,0,0,0,0,0,0,0,0,0,0,0,0,3.94547504067637,0,2.97801896503993,0,20.562926864624,0,0,0,0,0,33.4871597290039,35.8797225952148,32.4764178139823,0,11.8840232896805,0,0,0,0,0,3.80073417514883,0,0,0,0,0,0,6.81364196421775,0,0,0,0,0,0,0,0,0,47.1963710784912,0,0,0,0,0,8.02206228575911,0,14.0053693757338,5.61949088496547,29.1010711669922,6.41335218602961,0,42.8441429138184
0,0,0,0,0,0,0,0,0,0,0,0,0,0,0,0,0,2.85833757573908,0,0,0,0,0,8.46750523062313,0,2.9161367893219,0,2.96525287628174,0,0,0,0,0,0,0,0,0,6.70556194469127,0,0,0,0,0,0,0,0,0,17.6564998626709,0,8.39416105042464,0,0,0,0,0,0,0,0,0,0,0,0,0,0,5.06814022355108,2.74806809425354,7.27437541219923,0,0,0,0,0,0,0,0,0,0,0,0,0,7.00865676089564,0,4.00791434957347,3.43610413869222,16.1172699928284,0,0
0,0,0,0,0,0,0,0,0,0,0,0,0,0,0,0,5.27386119288783,0,0,0,0,0,0,0,7.75708448791504,0,3.17506683789767,0,3.43690962195396,0,0,0,0,0,0,0,0,0,10.1589624583721,0,0,0,0,0,0,0,0,0,5.80856818745011,0,0,0,0,0,0,0,0,0,0,0,0,0,0,0,0,5.88023035691674,0,5.57515702568568,0,6.81750361124675,0,4.87109192934903,0,0,0,0,0,0,0,0,0,9.99637590783338,3.47709654058729,5.24536943435669,15.9066677729289,0,0
0,0,0,0,0,0,0,0,0,7.14998516169461,0,0,0,0,0,0,18.2436380386353,5.95490964527788,0,0,0,8.46750523062313,0,0,0,3.40011103122265,0,0,0,0,0,0,0,0,0,0,0,5.80116942664173,0,0,0,0,0,0,0,0,0,0,0,4.42555691719055,0,0,0,0,0,9.27357632637024,0,0,0,0,0,0,0,0,11.6632054011692,0,4.82396174313729,0,3.22475619973808,0,0,0,0,0,0,0,0,0,0,0,9.89196993509928,0,4.33486375145446,0,6.26370170192113,0,0
0,0,0,0,0,0,0,0,4.0187871665745,0,0,0,0,0,0,0,3.3738956451416,0,0,0,0,0,7.75708448791504,0,0,0,2.83189385342148,0,0,0,0,0,0,0,0,0,0,0,4.72638063781006,0,0,0,0,0,0,0,0,0,4.63981628417969,0,0,0,0,0,4.65360053413583,0,0,0,0,0,0,0,0,0,0,5.40946101716587,0,3.39002271574371,0,4.32384222745895,0,4.85580492019653,0,0,0,0,0,0,0,0,0,4.77895738497502,3.16744627142852,0,4.36765899886824,0,0
0,0,0,0,0,0,0,0,0,0,0,0,0,0,0,0,36.8697190752216,11.2377107552349,32.9717257593719,0,0,2.9161367893219,0,3.40011103122265,0,0,0,3.84285526275635,0,0,0,0,0,0,0,0,0,0,0,0,93.5797805786133,0,0,0,0,0,0,0,0,0,0,0,0,0,0,3.21850316865104,0,0,0,0,0,0,0,0,4.42855578660965,0,3.73132482755964,0,3.24118152065812,0,0,0,0,0,0,0,0,0,0,82.4135131835938,0,0,10.7164471788269,0,0,0,0
0,0,0,0,0,0,0,0,0,0,0,0,0,0,24.6639938354492,0,17.2073280301324,38.6852639516195,38.7138862609863,0,0,0,3.17506683789767,0,2.83189385342148,0,0,0,0,0,0,0,0,0,0,0,0,0,0,0,0,0,0,0,0,0,0,0,0,0,0,0,0,0,0,0,0,0,0,0,0,0,0,0,0,0,0,2.94267046451569,0,19.8151874542236,0,0,0,59.0377159118652,0,0,0,0,0,86.1921768188477,0,0,20.1818169355392,0,0,0,0
0,0,0,0,0,0,0,0,0,0,0,0,0,0,0,0,0,0,0,0,0,2.96525287628174,0,0,0,3.84285526275635,0,0,0,2.95315980911255,0,0,0,0,0,0,0,6.33078289031982,0,0,0,0,0,0,0,0,0,0,0,0,0,0,0,0,0,0,0,0,0,2.94892887274424,0,0,0,0,0,0,0,0,3.23948547575209,0,5.88693710909051,0,0,0,0,0,0,0,0,0,6.25315931865147,0,0,0,0,0,0
0,0,0,0,0,0,0,0,0,0,2.80285247166952,0,0,0,0,0,0,0,0,0,0,0,3.43690962195396,0,0,0,0,0,0,0,2.95727038383484,0,0,0,0,0,0,0,0,0,0,0,0,0,0,0,0,0,0,0,0,0,0,0,0,0,0,0,0,0,0,0,0,0,0,10.1450464129448,0,2.94371318817139,0,0,0,3.12533522374702,0,0,0,0,0,0,0,0,0,3.04442372629719,3.49011528491974,4.36626360049615,0,0,0
0,0,0,0,0,0,0,0,0,0,0,3.00792578647011,0,0,0,0,0,0,0,0,0,0,0,0,0,0,0,2.95315980911255,0,0,0,0,0,0,0,0,0,3.15897504975196,0,0,0,0,0,0,0,0,0,0,0,0,0,0,0,0,0,0,0,5.77171666725822,0,0,0,0,0,0,0,0,0,0,0,0,20.0934057235718,0,6.69943017034388,0,0,0,0,0,0,0,3.37134090649713,0,2.75109577178955,0,0,0,0
0,0,0,0,0,0,0,0,0,0,2.85271203517914,0,0,0,0,0,0,0,0,0,0,0,0,0,0,0,0,0,2.95727038383484,0,0,0,0,0,0,0,0,0,2.95135011076927,0,0,0,0,0,0,0,0,0,0,0,0,0,0,0,0,0,2.95825119201954,0,0,0,0,0,0,0,0,0,0,0,0,0,0,0,0,2.89034319718679,0,0,0,0,0,0,0,3.00279302597046,3.01245748996735,0,0,0,0
0,0,0,0,0,0,0,0,0,0,0,0,0,0,0,0,0,0,0,0,0,0,0,0,0,0,0,0,0,0,0,0,3.50528099148522,4.47119870781898,0,3.60313526025185,0,0,0,0,0,0,0,0,0,0,0,5.31760537609125,13.8818590619923,8.08838132222493,0,0,0,0,0,0,0,0,0,0,0,0,0,0,0,0,0,0,0,0,0,0,0,0,5.43359321486034,4.1540222407856,10.4037152699062,0,5.73363339669496,0,0,0,3.45807705606733,0,0,0,0
0,0,0,0,0,0,0,0,0,0,0,0,0,0,0,0,0,0,0,0,0,0,0,0,0,0,0,0,0,0,0,3.50528099148522,0,0,0,3.15269885063171,3.07954726326332,0,0,0,0,0,0,0,0,0,0,4.21745273374175,5.74820215561811,0,0,0,0,0,0,0,0,0,0,0,0,0,0,0,0,0,0,0,0,0,0,0,0,0,7.87503825939768,3.74328304218163,0,7.82963418960571,0,7.03300501211449,0,0,2.96899907193591,0,0,0,0
0,0,0,0,0,0,0,0,0,22.3377819061279,0,0,0,0,0,0,0,0,0,0,0,0,0,0,0,0,0,0,0,0,0,4.47119870781898,0,0,6.1731748845488,3.40719598211893,0,5.26454587812746,0,0,0,0,0,0,0,0,0,5.03337641986211,14.5485897064209,4.91700792312622,0,0,0,0,0,0,0,0,0,0,0,0,0,0,0,0,0,0,0,0,0,0,0,0,5.69611388444901,0,3.77755215482367,4.58704375862179,3.73871734457196,0,6.08485746589595,0,3.7698141460505,0,0,0,0
0,0,0,0,0,0,0,0,18.9095961252848,0,0,0,0,0,0,0,0,0,0,0,0,0,0,0,0,0,0,0,0,0,0,0,0,6.1731748845488,0,0,3.60260940673656,0,6.69545081322327,0,0,0,0,0,0,0,0,5.92087006532187,6.84420135286119,11.8956797917684,0,0,0,0,0,0,0,0,0,0,0,0,0,0,0,0,0,0,0,0,0,0,0,0,0,0,3.87526609839463,5.42286478686282,0,4.09078149209943,0,8.52848096238742,3.99843994208745,0,0,0,0
0,55.3113899230957,0,55.5027286941941,0,35.23416112264,0,0,0,0,0,2.87536889134031,0,0,0,0,95.581203918457,95.1721922221937,67.3860114815483,8.60617983407814,0,0,0,0,0,0,0,0,0,0,0,3.60313526025185,3.15269885063171,3.40719598211893,0,0,3.17142151083265,6.93171610062183,0,77.5294091884906,103.379081726074,59.8367175494923,107.84253692627,60.3076457977295,0,45.4443333956459,102.846519470215,3.58057781281295,0,77.7381252712674,0,42.3505255381266,0,0,0,0,0,65.6469345092773,0,0,0,0,18.2916484324385,0,0,0,0,0,0,0,0,0,82.5237725575765,0,9.47142224698453,2.94804799556732,4.81186413959317,0,10.0152620848013,6.81502154451428,9.8496857141455,0,8.82074213768497,11.1360055106027,38.2860929331472,48.2545512914658,0
53.6193962097168,0,45.0836325751411,31.9385077953339,27.1384538650513,40.8141593933105,0,0,0,0,3.24324901898702,0,0,0,0,0,92.7975280761719,111.515913009644,76.8182030941578,0,3.94547504067637,0,0,0,0,0,0,0,0,0,0,0,3.07954726326332,0,3.60260940673656,3.17142151083265,0,0,5.23481946015811,103.131800333659,56.213094329834,94.2658905029297,52.9963469328704,0,0,16.8673820495605,46.873716889634,13.7108316421509,65.4994895935059,90.4153747558594,38.691861737159,0,0,0,0,0,23.5036545629087,0,29.0789960225423,0,0,0,100.267112731934,16.7954837366251,0,0,0,0,0,0,0,0,0,64.9692548116048,0,8.71704921430471,0,3.97280405152519,12.0534039476643,8.5809727568835,0,8.78552657514398,9.93507571377023,15.3484667083363,33.340009951158,0,45.3936554879853
0,0,0,0,0,0,0,0,0,5.82568108374403,0,3.13750622950302,0,0,0,0,0,0,76.5016708374023,5.55769875645638,0,6.70556194469127,0,5.80116942664173,0,0,0,6.33078289031982,0,3.15897504975196,0,0,0,5.26454587812746,0,6.93171610062183,0,0,4.01553201675415,0,0,3.40522500743037,0,0,0,0,0,5.46360027765889,0,5.56260572036982,0,0,0,0,0,6.51808267696337,0,3.54814839543718,0,0,0,0,5.43015158838696,0,12.389013086933,0,6.15679855752336,0,0,0,5.15728325843811,0,5.69608131444679,0,0,0,7.55660464703027,0,9.57398733255711,0,5.75518848752929,0,5.3434150879356,2.72951865196228,5.36164485182081,0,0
0,0,0,0,44.7241287231445,0,0,0,6.94302107986895,0,3.12986940331113,0,0,0,0,0,0,0,0,0,2.97801896503993,0,10.1589624583721,0,4.72638063781006,0,0,0,0,0,2.95135011076927,0,0,0,6.69545081322327,0,5.23481946015811,4.01553201675415,0,0,0,0,4.98813024938923,0,0,0,26.3527412414551,7.39754109951121,6.25865595660559,0,42.8334808349609,0,0,0,8.90576326364727,0,3.90934018577848,0,0,0,0,0,0,9.51229945586546,0,11.0425056525242,0,10.6973329113751,0,0,0,0,0,2.94829082489014,0,0,0,8.70175809674449,0,10.4424126596503,0,6.37745175243723,5.32868610569041,2.73442304134369,4.03718366827075,0,0
66.8798319498698,37.0718803405762,0,41.5263074368847,0,53.8225428989955,0,0,0,0,0,0,0,0,0,0,67.9250903917396,67.8458543565538,46.1443830694686,42.9601097106934,0,0,0,0,0,0,0,0,0,0,0,0,0,0,0,77.5294091884906,103.131800333659,0,0,0,80.3382545471191,21.22384582217,65.9451426696777,26.5898502387253,0,19.6544591972838,62.7907403497135,0,0,15.1884398168049,0,45.2819666544596,0,0,0,30.557596206665,124.371978759766,49.4285465422131,0,0,0,0,17.4025018263695,77.428755569458,0,0,0,0,0,0,0,0,56.4292147318522,0,0,0,0,0,33.6976540692182,86.6007884678088,54.8312987372989,80.413210550944,38.9967281643213,41.4871660579335,18.8626638314738,25.2064148185641,60.6358842849731
28.5596396128337,0,38.9830729744651,89.124885559082,41.0822350184123,0,0,0,0,0,79.0044631958008,0,0,0,0,0,63.3873560321865,77.9776225842928,52.0472277522087,0,20.562926864624,0,0,0,0,93.5797805786133,0,0,0,0,0,0,0,0,0,103.379081726074,56.213094329834,0,0,80.3382545471191,0,67.359883741899,21.4596311148816,0,27.3553367614746,65.127187093099,15.9393919173628,81.2024078369141,8.10792815620835,0,46.0379023551941,0,0,0,0,0,38.1236761960116,79.5180130004883,43.622501373291,0,0,0,0,11.2875856293572,0,0,0,0,0,0,0,0,0,57.3288048638238,0,0,0,0,92.8589563369751,21.3846240016751,0,74.3767242431641,44.0145247949136,42.8007357120514,15.6441496365937,77.4832534790039,18.3210949864265
0,11.1187021843223,49.3125915527344,31.5136879537707,0,48.4438013823136,0,0,0,7.79150965069764,0,0,0,0,0,0,63.1680967416336,57.4033782154048,38.0645623765796,0,0,0,0,0,0,0,0,0,0,0,0,0,0,0,0,59.8367175494923,94.2658905029297,3.40522500743037,0,21.22384582217,67.359883741899,0,15.4225578157446,18.0571234593025,0,33.5671767177326,61.5116377258301,19.8698650087629,40.6903597513835,14.8595683978564,0,46.4983870562385,0,0,0,0,47.4482409159342,20.587240439079,0,0,0,0,24.6327354762332,76.6757469177246,0,0,0,0,0,0,0,0,20.8020104331385,0,0,0,0,0,30.0810214566202,72.7179156855533,51.7044317324956,0,18.3145051716823,37.1763195186466,17.3590167016596,13.6616585074642,54.1995631626674
13.1487213912763,0,24.2435011423907,54.7507820129395,47.1070885865585,0,0,0,36.600118637085,0,0,0,0,0,0,0,52.1327484097101,60.0992350085028,37.4181165102071,0,0,0,0,0,0,0,0,0,0,0,0,0,0,0,0,107.84253692627,52.9963469328704,0,4.98813024938923,65.9451426696777,21.4596311148816,15.4225578157446,0,0,24.8311413923899,58.850892384847,20.5037947948708,16.100454492389,18.4004116264735,23.4845536053181,46.6620233872358,0,0,0,30.4598360061646,0,23.231714348253,94.3020248413086,38.9110740514902,0,0,0,60.1855918884277,28.5308256674705,0,0,0,0,0,0,0,0,71.220817565918,14.1484078804023,0,0,0,0,71.0695270616181,28.8496909868019,60.5596580505371,42.9503992494911,18.8624491519073,27.8741428113831,14.4115480800197,53.3748886108398,8.67105368719571
0,0,0,0,0,0,0,0,0,0,0,0,0,0,0,0,0,47.7362594604492,20.1535961151123,0,0,0,0,0,0,0,0,0,0,0,0,0,0,0,0,60.3076457977295,0,0,0,26.5898502387253,0,18.0571234593025,0,0,0,14.6739189624786,0,0,0,0,0,0,0,0,0,0,0,0,0,0,0,0,27.2700843811035,0,0,0,0,0,0,0,0,0,46.6308631896973,0,0,0,0,0,34.0250994205475,0,42.620979309082,0,9.6254878838857,68.0315628051758,13.1585974869905,27.0149857997894,0
0,0,0,0,0,0,0,0,0,0,0,0,0,0,0,0,0,0,0,0,0,0,0,0,0,0,0,0,0,0,0,0,0,0,0,0,0,0,0,0,27.3553367614746,0,24.8311413923899,0,0,0,19.9167285848547,0,0,0,0,0,0,0,0,0,0,0,0,0,0,0,0,29.8463702201843,0,0,0,0,0,0,0,0,0,0,0,0,0,0,0,33.4310181935628,0,0,5.42124551534653,0,6.78506986848239,0,0
0,10.7127247916328,0,21.6543989340464,0,37.4321136474609,0,0,0,0,0,20.0965693791707,0,0,0,0,55.3532029560634,59.3456420898438,32.9171522709788,12.137692675871,0,0,0,0,0,0,0,0,0,0,0,0,0,0,0,45.4443333956459,16.8673820495605,0,0,19.6544591972838,65.127187093099,33.5671767177326,58.850892384847,14.6739189624786,0,0,55.1461586271014,23.1953811645508,0,35.5388129690419,0,30.5436229705811,0,0,0,0,0,21.2669106307605,0,0,0,0,11.7373519424486,68.0790008544922,0,0,0,0,0,0,0,0,26.9675416994455,70.2429656982422,0,0,0,0,26.5562965385225,69.5249271392822,20.7143931656182,0,35.0478309504894,28.0541090284075,19.0027876470758,39.7391597202846,54.907787322998
71.8021240234375,59.9843368530273,25.0650017435958,0,27.8002346038818,0,0,0,0,0,0,0,0,0,0,0,58.238542075109,72.1627518790109,42.0743233645343,0,33.4871597290039,0,0,0,0,0,0,0,0,0,0,0,0,0,0,102.846519470215,46.873716889634,0,26.3527412414551,62.7907403497135,15.9393919173628,61.5116377258301,20.5037947948708,0,19.9167285848547,55.1461586271014,0,0,38.8732432126999,94.7188809712728,36.0107174979316,0,0,0,0,0,29.6883667523099,73.3995895385742,27.4257651737758,0,0,0,74.1421441703007,14.2118909470122,0,0,0,0,0,0,0,0,86.5607948303223,38.488888323307,0,0,0,0,74.893560212234,25.4133700713518,78.4109573364258,30.0071342566918,34.496268743803,33.0937297699299,21.6174834113377,76.5357834952218,35.8707848015953
0,0,68.612377166748,31.9314748764038,62.8304265340169,39.9891670227051,0,0,0,0,0,0,0,0,0,0,0,0,0,0,35.8797225952148,17.6564998626709,0,0,0,0,0,0,0,0,0,5.31760537609125,4.21745273374175,5.03337641986211,5.92087006532187,3.58057781281295,13.7108316421509,5.46360027765889,7.39754109951121,0,81.2024078369141,19.8698650087629,16.100454492389,0,0,23.1953811645508,0,0,7.92555820741524,7.37962007589273,64.9554574754503,0,0,0,0,0,60.8453807830811,52.3557071685791,65.9843292236328,0,0,0,0,47.1898078918457,0,0,0,0,0,0,0,0,56.4634819030762,0,6.86593256288433,5.628620844956,4.01732258642873,3.73319699287415,6.08544749938025,6.36678156442657,9.1638968780282,11.9851368536681,7.28882814167411,0,12.022402637109,0,0
5.5199489348974,0,9.02624917507172,35.5764846801758,44.9104674458504,0,0,0,5.02748906612396,0,0,0,0,0,0,0,55.0295257568359,62.43408203125,17.8106396582819,0,32.4764178139823,0,5.80856818745011,0,4.63981628417969,0,0,0,0,0,0,13.8818590619923,5.74820215561811,14.5485897064209,6.84420135286119,0,65.4994895935059,0,6.25865595660559,0,8.10792815620835,40.6903597513835,18.4004116264735,0,0,0,38.8732432126999,7.92555820741524,0,14.9536156357325,46.6368100186612,43.5616035461426,0,0,6.71919974439284,0,34.7269257389673,0,40.9807573159536,0,5.13506865501404,0,0,34.1593879063924,0,8.34280239731073,0,8.51473971050565,0,4.11291921138763,0,4.71155425625027,0,11.5805426557218,13.5617065429688,4.49516792297363,0,0,56.8248729705811,14.5585044179342,0,6.67100513518696,11.1757633979581,24.9903859710693,13.2099109749571,0,11.3303692539533
0,10.4156934513765,0,27.3461740051491,0,43.5955866177877,0,0,0,0,0,0,0,0,0,0,0,50.9355392456055,54.3234832286835,0,0,8.39416105042464,0,4.42555691719055,0,0,0,0,0,0,0,8.08838132222493,0,4.91700792312622,11.8956797917684,77.7381252712674,90.4153747558594,5.56260572036982,0,15.1884398168049,0,14.8595683978564,23.4845536053181,0,0,35.5388129690419,94.7188809712728,7.37962007589273,14.9536156357325,0,0,40.4112770080566,0,0,0,0,0,8.42927510801115,0,4.94505381584167,0,4.59244529168997,44.0364052581787,0,8.84490568071236,0,5.20640998047615,0,3.09274347623189,0,6.21511509962249,0,13.3325074936214,0,4.22644186019897,0,0,0,50.3648979081664,0,6.25347826710009,0,10.5128678073217,24.2109191482132,8.65836362570419,46.6836296081543,0
0,0,9.51493025198579,0,7.98594943169625,0,0,0,0,0,38.9590702056885,0,0,0,3.27988743782043,0,0,115.29264831543,66.0752843221029,0,11.8840232896805,0,0,0,0,0,0,0,0,0,0,0,0,0,0,0,38.691861737159,0,42.8334808349609,0,46.0379023551941,0,46.6620233872358,0,0,0,36.0107174979316,64.9554574754503,46.6368100186612,0,0,0,0,0,0,0,8.25403973407294,0,4.98917680652174,0,5.82366952896118,0,0,18.0641605589125,0,0,0,0,0,0,0,0,0,41.6846027374268,0,0,0,0,99.9173774719238,50.9351606559753,0,47.1843162536621,9.49800471464793,0,17.4759057584157,0,39.9354057312012
0,0,0,5.74222574036592,0,4.23206765909453,0,2.82265988985697,0,2.74093174934387,0,3.27540354352248,0,0,0,0,0,0,0,9.98152960836887,0,0,0,0,0,0,0,0,0,0,0,0,0,0,0,42.3505255381266,0,0,0,45.2819666544596,0,46.4983870562385,0,0,0,30.5436229705811,0,0,43.5616035461426,40.4112770080566,0,0,0,3.23408012730735,0,2.76455503702164,0,4.04678629367582,0,2.73326873779297,0,3.69472885131836,10.8931546312697,0,0,0,0,0,0,0,0,0,40.4924252827962,0,0,0,0,0,57.0866684546837,0,44.1580429077148,0,5.18308847400558,46.6369361877441,13.4379935412886,0,0
0,0,0,0,0,0,3.81761941455659,0,0,0,0,0,0,0,0,0,0,0,0,0,0,0,0,0,0,0,0,0,0,0,0,0,0,0,0,0,0,0,0,0,0,0,0,0,0,0,0,0,0,0,0,0,0,0,0,0,5.26433109787275,0,0,0,0,0,0,0,0,0,0,0,0,0,0,0,0,0,0,0,0,0,0,0,0,0,2.81961353619893,0,0,0,0
0,0,0,0,0,0,0,3.47324793679374,0,0,0,0,0,0,0,0,0,0,0,0,0,0,0,0,0,0,0,0,0,0,0,0,0,0,0,0,0,0,0,0,0,0,0,0,0,0,0,0,0,0,0,3.23408012730735,0,0,0,0,0,3.38398048612807,0,0,0,0,0,0,0,0,0,0,0,0,0,0,0,0,0,0,0,0,0,0,0,0,3.62225413322449,0,0,0,0
4.78287471162862,0,6.42364708059712,0,0,0,0,0,7.33915283588713,0,0,0,0,0,0,0,0,0,0,0,0,0,0,0,4.65360053413583,0,0,0,0,0,0,0,0,0,0,0,0,0,8.90576326364727,0,0,0,30.4598360061646,0,0,0,0,0,6.71919974439284,0,0,0,0,0,0,0,30.5238237380981,0,3.17827010154724,0,5.27927520058372,0,0,0,0,0,0,4.67896631819457,0,0,0,0,0,35.172914981842,0,0,0,21.551176071167,0,0,0,8.34938215458835,11.9755692095033,0,9.87079773996478,0,0
0,6.61491843632289,0,5.48276589217695,0,0,0,0,0,6.96521557705064,0,0,0,0,0,0,0,0,0,0,0,0,0,9.27357632637024,0,3.21850316865104,0,0,0,0,0,0,0,0,0,0,0,6.51808267696337,0,30.557596206665,0,0,0,0,0,0,0,0,0,0,0,2.76455503702164,0,0,0,0,0,0,0,3.26690220832825,0,3.17966355482737,0,0,0,0,9.04212265111962,0,15.8753643035889,0,0,0,0,0,0,0,22.9245185852051,0,0,0,8.19601970690268,0,7.23469670613607,0,11.4735349180438,0,0
0,0,25.3139819417681,0,26.7206118323586,0,0,0,0,0,4.33860121244913,0,0,0,0,0,71.796932220459,0,56.6894501866521,0,3.80073417514883,0,0,0,0,0,0,0,0,0,2.95825119201954,0,0,0,0,0,23.5036545629087,0,3.90934018577848,124.371978759766,38.1236761960116,47.4482409159342,23.231714348253,0,0,0,29.6883667523099,60.8453807830811,34.7269257389673,0,8.25403973407294,0,5.26433109787275,0,30.5238237380981,0,0,0,4.61719497726924,0,3.73956213678632,0,82.7353973388672,15.2713017585304,0,0,0,0,0,0,0,4.63126032896664,0,8.62171701998446,0,0,0,0,84.9850031534831,35.8784829548427,0,37.2162780761719,29.4204697188209,37.1608448028564,15.3777264063725,0,19.024959386137
0,0,0,24.2610916467471,0,12.3380203765372,0,3.25747740268707,0,0,0,7.05654841486145,0,2.82049735387166,0,0,0,0,30.7553635674554,7.42225068668986,0,0,0,0,0,0,0,0,0,5.77171666725822,0,0,0,0,0,65.6469345092773,0,3.54814839543718,0,49.4285465422131,79.5180130004883,20.587240439079,94.3020248413086,0,0,21.2669106307605,73.3995895385742,52.3557071685791,0,8.42927510801115,0,4.04678629367582,0,3.38398048612807,0,0,0,0,0,3.17968149618669,0,3.02408313751221,12.7100554833561,0,0,0,0,0,0,0,4.87583502754569,0,6.48860260484672,0,0,0,0,0,50.0213560011329,83.5639762878418,56.2556076049805,0,32.1523744515751,40.5357627868652,11.8874151480751,16.9712052751095,0
0,0,0,0,22.3740359715053,0,0,0,4.23366165161133,0,2.86668433745702,0,2.92442207535108,0,0,0,0,0,79.1558074951172,0,0,0,0,0,0,0,0,0,0,0,0,0,0,0,0,0,29.0789960225423,0,0,0,43.622501373291,0,38.9110740514902,0,0,0,27.4257651737758,65.9843292236328,40.9807573159536,0,4.98917680652174,0,0,0,3.17827010154724,0,4.61719497726924,0,0,0,3.2862412155184,0,0,20.3128952546553,0,0,0,0,0,0,0,5.05807158098382,0,14.2678842246532,0,0,0,0,0,35.6138477325439,0,0,0,0,15.827536828724,0,27.4993095397949
0,0,0,2.87532329559326,0,0,0,0,0,0,0,0,0,3.09997807716837,0,2.94675917625427,0,0,0,0,0,0,0,0,0,0,0,2.94892887274424,0,0,0,0,0,0,0,0,0,0,0,0,0,0,0,0,0,0,0,0,0,4.94505381584167,0,2.73326873779297,0,0,0,3.26690220832825,0,3.17968149618669,0,0,0,4.56808718499683,0,0,0,0,0,0,7.52639802296956,0,4.63749987200687,0,0,0,0,0,0,0,0,0,0,0,0,0,8.1605704171317,0,0
0,0,4.22476387023926,0,5.29493856430054,0,0,0,3.31478246889616,0,0,0,3.42221360206604,0,2.86227018182928,0,0,0,0,0,0,0,0,0,0,0,0,0,0,0,0,0,0,0,0,0,0,0,0,0,0,0,0,0,0,0,0,0,5.13506865501404,0,5.82366952896118,0,0,0,5.27927520058372,0,3.73956213678632,0,3.2862412155184,0,0,0,0,0,0,0,0,0,0,5.16811041342906,0,9.33433882395426,0,11.6370532061603,0,0,0,0,0,0,0,0,32.0904350280762,0,12.5080462283775,0,0
0,3.39013504981995,0,4.65617138014899,0,4.20889568328857,0,0,0,0,0,0,0,4.54379379749298,0,0,0,0,0,0,0,0,0,0,0,0,0,0,0,0,0,0,0,0,0,0,0,0,0,0,0,0,0,0,0,0,0,0,0,4.59244529168997,0,3.69472885131836,0,0,0,3.17966355482737,0,3.02408313751221,0,4.56808718499683,0,0,0,0,0,0,0,0,4.15030797346314,0,5.49400997161865,0,40.8556480407715,0,0,0,0,0,0,0,0,0,0,0,20.223185300827,0,0
0,41.8310613632202,0,19.5109462579091,0,11.8790226439212,0,0,0,0,0,9.94322098774856,0,0,0,0,64.9103320195125,81.1373589833577,48.2244887537487,5.73638769063083,0,0,0,0,0,0,0,0,0,0,0,0,0,0,0,18.2916484324385,100.267112731934,5.43015158838696,0,17.4025018263695,0,24.6327354762332,60.1855918884277,27.2700843811035,0,11.7373519424486,74.1421441703007,0,0,44.0364052581787,0,10.8931546312697,0,0,0,0,82.7353973388672,12.7100554833561,0,0,0,0,0,83.2470336914062,0,0,0,0,0,0,0,0,24.1643687583305,0,0,0,0,0,14.3191480434239,85.4982754389445,15.5848985663,0,29.8041689084049,43.1005077362061,17.2164946170896,32.6649636314029,66.6078236897786
34.7043914794922,89.8723449707031,41.9191031455994,0,31.0597522735596,0,0,0,0,0,9.83678260496107,0,0,0,0,0,69.1149887894139,84.3427880605062,52.8215655962273,0,6.81364196421775,0,0,0,0,0,0,0,0,0,0,0,0,0,0,0,16.7954837366251,0,9.51229945586546,77.428755569458,11.2875856293572,76.6757469177246,28.5308256674705,0,29.8463702201843,68.0790008544922,14.2118909470122,47.1898078918457,34.1593879063924,0,18.0641605589125,0,0,0,0,0,15.2713017585304,0,20.3128952546553,0,0,0,83.2470336914062,0,0,0,0,0,0,0,0,0,85.1950607299805,23.1726166989705,0,0,0,0,88.1746086847214,20.5681140029315,0,15.3240222682348,44.2389051119486,42.3721709569295,19.0361058506379,68.8221918741862,34.5731931219296
0,0,0,0,0,0,0,0,0,0,0,0,0,0,0,0,0,0,0,0,0,5.06814022355108,0,11.6632054011692,0,4.42855578660965,0,0,0,0,0,0,0,0,0,0,0,12.389013086933,0,0,0,0,0,0,0,0,0,0,0,8.84490568071236,0,0,0,0,0,0,0,0,0,0,0,0,0,0,0,0,5.77213138686724,0,4.60967164754868,0,2.73884201049805,0,0,0,0,0,0,0,0,0,7.91934641789167,0,5.38541948193251,0,17.6728554226103,0,0
0,0,0,0,0,0,0,0,0,0,0,0,0,0,0,0,0,0,0,0,0,2.74806809425354,5.88023035691674,0,5.40946101716587,0,0,0,10.1450464129448,0,0,0,0,0,0,0,0,0,11.0425056525242,0,0,0,0,0,0,0,0,0,8.34280239731073,0,0,0,0,0,0,0,0,0,0,0,0,0,0,0,0,0,0,10.1921706989408,0,7.90002111196518,0,11.3288311958313,0,0,0,0,0,0,0,0,0,10.316571971506,7.33466239256017,0,18.4645496515127,0,0
0,0,0,0,0,0,0,0,0,4.31744685173035,0,0,0,0,0,0,0,0,0,0,0,7.27437541219923,0,4.82396174313729,0,3.73132482755964,0,0,0,0,0,0,0,0,0,0,0,6.15679855752336,0,0,0,0,0,0,0,0,0,0,0,5.20640998047615,0,0,0,0,0,9.04212265111962,0,0,0,0,0,0,0,0,5.77213138686724,0,0,0,3.93750990640133,0,3.23490118980408,0,0,0,0,0,21.5082092285156,0,0,0,8.16985185399486,0,4.06508632912033,0,5.67277453895164,0,0
0,0,0,0,0,0,0,0,4.81212838490804,0,0,0,0,0,0,0,0,0,0,0,0,0,5.57515702568568,0,3.39002271574371,0,2.94267046451569,0,2.94371318817139,0,0,0,0,0,0,0,0,0,10.6973329113751,0,0,0,0,0,0,0,0,0,8.51473971050565,0,0,0,0,0,4.67896631819457,0,0,0,0,0,0,0,0,0,0,10.1921706989408,0,0,0,4.78896898844025,0,5.38267694910367,0,0,0,0,0,0,0,0,0,7.63008783982725,2.92523229122162,0,8.57217863158052,0,0
0,0,0,0,0,0,0,0,0,0,0,0,0,0,0,0,33.0819931030273,11.2517184599311,30.2907435099284,0,0,0,0,3.22475619973808,0,3.24118152065812,0,3.23948547575209,0,0,0,0,0,0,0,0,0,0,0,0,0,0,0,0,0,0,0,0,0,3.09274347623189,0,0,0,0,0,15.8753643035889,0,0,0,7.52639802296956,0,4.15030797346314,0,0,4.60967164754868,0,3.93750990640133,0,0,0,4.35732104867611,0,0,0,0,0,0,0,0,0,0,0,12.8979270598468,0,3.91927252755021,0,0
0,0,0,0,0,0,0,0,0,0,0,0,0,0,19.3943843841553,0,21.1741695801417,49.5179176330566,38.6836433410645,0,0,0,6.81750361124675,0,4.32384222745895,0,19.8151874542236,0,0,0,0,0,0,0,0,0,0,0,0,0,0,0,0,0,0,0,0,0,4.11291921138763,0,0,0,0,0,0,0,0,0,0,0,5.16811041342906,0,0,0,0,7.90002111196518,0,4.78896898844025,0,0,0,3.25473853519985,0,0,0,0,0,0,0,0,0,0,35.4269023895264,0,0,0,0
0,0,0,0,0,0,0,0,0,0,0,0,0,0,0,0,0,0,0,0,0,0,0,0,0,0,0,5.88693710909051,0,20.0934057235718,0,0,0,0,0,0,0,5.15728325843811,0,0,0,0,0,0,0,0,0,0,0,6.21511509962249,0,0,0,0,0,0,0,4.87583502754569,0,4.63749987200687,0,5.49400997161865,0,0,2.73884201049805,0,3.23490118980408,0,4.35732104867611,0,0,0,6.99128493126607,0,0,0,0,0,0,0,4.81129149132567,0,0,0,3.16809695959091,0,0
0,0,0,0,0,0,0,0,0,0,2.74184465408325,0,0,0,0,0,0,0,0,0,0,0,4.87109192934903,0,4.85580492019653,0,0,0,3.12533522374702,0,0,0,0,0,0,0,0,0,0,0,0,0,0,0,0,0,0,0,4.71155425625027,0,0,0,0,0,0,0,4.63126032896664,0,5.05807158098382,0,9.33433882395426,0,0,0,0,11.3288311958313,0,5.38267694910367,0,3.25473853519985,0,0,0,3.46632385363777,0,0,0,0,0,0,0,5.07330266713858,3.02570295333862,0,3.57728194528156,0,0
0,0,0,31.6056440169351,0,43.3641413175143,0,0,0,37.9430885314941,0,8.72109895971324,0,0,0,0,77.6436557769775,78.2242266337077,34.0586574178346,12.2347756226858,0,0,0,0,0,0,0,0,0,6.69943017034388,0,0,0,0,0,82.5237725575765,0,5.69608131444679,0,56.4292147318522,0,20.8020104331385,71.220817565918,46.6308631896973,0,26.9675416994455,86.5607948303223,56.4634819030762,0,13.3325074936214,0,40.4924252827962,0,0,0,0,0,6.48860260484672,0,0,0,40.8556480407715,24.1643687583305,85.1950607299805,0,0,0,0,0,0,6.99128493126607,0,0,0,0,0,0,0,58.409468757772,97.48948097229,6.22913643074036,0,38.4870869504274,44.5613248613146,18.7960709692353,19.5843830317667,74.9920349121094
22.8731670379639,0,27.5389143147863,0,38.077765244704,0,0,0,33.7559394836426,0,3.55524466832479,0,0,0,0,0,62.3021793365479,106.079818725586,39.5703337192535,0,47.1963710784912,0,0,0,0,0,59.0377159118652,0,0,0,2.89034319718679,0,0,0,0,0,64.9692548116048,0,2.94829082489014,0,57.3288048638238,0,14.1484078804023,0,0,70.2429656982422,38.488888323307,0,11.5805426557218,0,41.6846027374268,0,0,0,35.172914981842,0,8.62171701998446,0,14.2678842246532,0,11.6370532061603,0,0,23.1726166989705,0,0,0,0,0,0,0,3.46632385363777,0,0,0,0,0,0,82.4672775268555,50.028583249973,0,4.3299298933403,28.6477501560544,42.9650324503581,10.1721007605628,92.4693984985352,16.4985887666315
0,0,0,0,0,0,0,0,0,0,0,0,0,0,0,0,0,0,0,0,0,0,0,0,0,0,0,0,0,0,0,5.43359321486034,7.87503825939768,5.69611388444901,0,9.47142224698453,0,0,0,0,0,0,0,0,0,0,0,6.86593256288433,13.5617065429688,4.22644186019897,0,0,0,0,0,0,0,0,0,0,0,0,0,0,0,0,0,0,0,0,0,0,0,0,0,12.3859634707051,4.25138193285298,0,12.554699866339,0,0,0,6.08170877893766,0,0,0,0
0,0,0,0,0,0,0,0,0,0,0,0,0,0,0,0,0,0,0,0,0,0,0,0,0,0,0,0,0,0,0,4.1540222407856,3.74328304218163,0,0,2.94804799556732,8.71704921430471,0,0,0,0,0,0,0,0,0,0,5.628620844956,4.49516792297363,0,0,0,0,0,0,0,0,0,0,0,0,0,0,0,0,0,0,0,0,0,0,0,0,0,12.3859634707051,0,0,6.40887772349589,0,8.51993950082784,0,0,3.21494864723057,0,0,0,0
0,0,0,0,0,0,0,0,0,23.5858554840088,0,0,0,0,0,0,0,0,0,0,0,0,0,0,0,0,0,0,0,0,0,10.4037152699062,0,3.77755215482367,3.87526609839463,4.81186413959317,0,7.55660464703027,0,0,0,0,0,0,0,0,0,4.01732258642873,0,0,0,0,0,0,0,22.9245185852051,0,0,0,0,0,0,0,0,0,0,21.5082092285156,0,0,0,0,0,0,0,4.25138193285298,0,0,4.50939043362935,4.93145811002993,0,7.59397675422105,0,3.08089563273644,4.23562359809875,0,0,0
0,0,0,0,0,0,0,0,19.2718534469604,0,0,0,0,0,0,0,0,0,0,0,0,0,0,0,0,0,0,0,0,0,0,0,7.82963418960571,4.58704375862179,5.42286478686282,0,3.97280405152519,0,8.70175809674449,0,0,0,0,0,0,0,0,3.73319699287415,0,0,0,0,0,0,21.551176071167,0,0,0,0,0,0,0,0,0,0,0,0,0,0,0,0,0,0,0,0,6.40887772349589,4.50939043362935,0,0,5.89569008334527,0,8.6218407821032,3.36964227863934,2.74231314659119,0,0,0
56.9406795501709,41.7050554084778,0,44.5452082390879,0,49.3363774789346,0,0,0,0,0,6.025733894772,0,0,0,0,74.3987081624694,76.3560721776257,51.8610817090491,6.9941589784938,0,0,0,0,0,0,0,0,0,0,0,5.73363339669496,0,3.73871734457196,0,10.0152620848013,12.0534039476643,9.57398733255711,0,33.6976540692182,92.8589563369751,30.0810214566202,71.0695270616181,34.0250994205475,0,26.5562965385225,74.893560212234,6.08544749938025,56.8248729705811,50.3648979081664,99.9173774719238,57.0866684546837,0,0,0,0,84.9850031534831,50.0213560011329,0,0,0,0,14.3191480434239,88.1746086847214,0,0,0,0,0,0,0,0,58.409468757772,82.4672775268555,12.554699866339,0,4.93145811002993,0,0,94.6222090247082,10.400013786706,93.2770347595215,27.6684979785451,50.3527583889663,29.7758914878562,31.2185879723933,71.9840046564738
37.6007834540473,64.3838335673014,41.9602711995443,0,36.2105291562203,0,0,0,0,0,36.6904954910278,0,0,0,0,0,72.3364787996732,83.8890816183651,56.2932614952803,0,8.02206228575911,0,0,0,0,82.4135131835938,86.1921768188477,0,0,0,0,0,7.03300501211449,0,4.09078149209943,6.81502154451428,8.5809727568835,0,10.4424126596503,86.6007884678088,21.3846240016751,72.7179156855533,28.8496909868019,0,33.4310181935628,69.5249271392822,25.4133700713518,6.36678156442657,14.5585044179342,0,50.9351606559753,0,0,0,0,0,35.8784829548427,83.5639762878418,35.6138477325439,0,0,0,85.4982754389445,20.5681140029315,0,0,0,0,0,0,0,0,97.48948097229,50.028583249973,0,8.51993950082784,0,5.89569008334527,94.6222090247082,0,81.590092976888,13.3427880266243,28.950434659083,39.7682235658169,32.3011471037864,74.6206570943197,30.4883994864721
0,34.958703994751,0,37.1074876573351,0,54.2509293556213,0,0,0,7.8598575214455,0,2.87954647724445,0,0,0,0,78.9364293416341,68.3779776436942,41.4280419444658,15.0524301528931,0,7.00865676089564,0,9.89196993509928,0,0,0,6.25315931865147,0,3.37134090649713,0,0,0,6.08485746589595,0,9.8496857141455,0,5.75518848752929,0,54.8312987372989,0,51.7044317324956,60.5596580505371,42.620979309082,0,20.7143931656182,78.4109573364258,9.1638968780282,0,6.25347826710009,0,44.1580429077148,0,0,0,8.19601970690268,0,56.2556076049805,0,0,0,0,15.5848985663,0,7.91934641789167,0,8.16985185399486,0,0,0,4.81129149132567,0,6.22913643074036,0,0,0,7.59397675422105,0,10.400013786706,81.590092976888,0,0,13.5441236248433,52.9191795349121,12.5852625724432,24.4301392502255,0
33.1554345350999,0,36.4080576463179,0,42.9524836106734,0,0,0,7.95384443433661,0,5.11658161878586,0,0,0,0,0,66.6148236592611,73.3273582458496,54.7472870673662,0,14.0053693757338,0,9.99637590783338,0,4.77895738497502,0,0,0,3.04442372629719,0,3.00279302597046,0,0,0,8.52848096238742,0,8.78552657514398,0,6.37745175243723,80.413210550944,74.3767242431641,0,42.9503992494911,0,0,0,30.0071342566918,11.9851368536681,6.67100513518696,0,47.1843162536621,0,0,0,8.34938215458835,0,37.2162780761719,0,0,0,0,0,0,15.3240222682348,0,10.316571971506,0,7.63008783982725,0,0,0,5.07330266713858,0,4.3299298933403,0,0,0,8.6218407821032,93.2770347595215,13.3427880266243,0,0,25.6458786500721,12.4497064818507,30.2458058830718,0,27.8182327270508
