0,0,0.0225792306436028,0,0,0,0,0,0.0197124591167117,0,0,0,0,0,0,0,0.000234636892212374,3.5310636432197e-05,0.0037772170738709,0,0,0,0,0,0,0,0,0,0,0,0,0,0,0,0,0,3.84221413400644e-05,0,2.66840170153215e-05,0,0.00118939077086305,6.91382212280075e-05,0.0038741969770328,0,0.000383478126442759,0,0.0101422498406387,0,0.058827181769454,0,0.000169421974400852,0,0,0,0.0256873666919185,0,0.00276052706741873,0,0.00138341683563228,0,0.0265056719360372,0,0,0.00725990909120757,0,0,0,0,0,0,0,0.00163004545187487,0,0.00539460118325577,0,0,0,0,0,0.00232055001372429,0,0.000316454597706064,0.00285497890800949,0,0.0324808012356847,0,0.000353256283136245
0,0,0,0.00886938325702805,0,0,0,0,0,0.00695513517510481,0,0,0,0,0,0.00167374508863615,0,5.41878579733549e-06,0.000319558897754252,0,0,0,0,0.00215697294755956,0,0,0,0,0,0,0,0,0,5.94458919965855e-05,0,0,0,0.000201512049760647,0,0.000296087962398354,0,0.0105599477536946,1.11183683868256e-05,0,0,7.76636535953293e-05,0,0.000210460962326761,0,0.0435363462556803,0,0,0,0,0,0.0565032205912513,0,1.76261125835707e-05,0,0,0,0.0249482650778249,0,0,0,0,0.000572998753021414,0,0,0,1.99056404797298e-05,0,0.000156715730131266,0,0,0,0.000132513351654753,0,4.63669828190067e-05,0,0.000159746244790889,0,0.000591587618591584,0,0.0123732262834339,0.000633513487837563,0
0.0225792306436028,0,0,0.000242568305899082,0.0178789463509935,0,0,0,0.00226131562236977,0,0,0,0,0,0,0,0.000159324672729099,5.99704428424309e-06,0.00099527577450196,0,0,0,0,0,0,0,0,0,0,0,0,0,0,0,0,0,4.33444652346439e-05,4.94407316268061e-06,1.0924059340382e-05,0.00072068483656193,0.00213431949221835,0.000108063412292049,0.00757707259702,0,0.000807068719011587,0.00131172516671672,0.00338290947505895,0,0.0410101569408497,0.000240390980620639,0.0400270197184936,0,0,0,0.0474215358095086,0,0.00174183749105123,0,0.00626064190540941,0,0.0395840276378124,0,1.58095559455943e-05,9.03570223083042e-05,0,0,0,0,0,0,0,0.000941544079071509,0,0.00511995315519283,0,0,0,0,3.1107310821861e-05,6.52956956472233e-05,0,0.000120121573254654,0.000521800408322244,1.05785317505656e-06,0.0100341111791174,5.09248601358869e-05,0.00323033578075838
0,0.00886938325702805,0.000242568305899082,0,8.60745154274423e-05,0.0169350555601942,0,0,0,0.00129991868345378,0,0,0,0,0,0,1.19625908947135e-05,0.000106070781317724,0.0010210733820121,0.000893242221533565,0,0,0,0.000399585075739464,0,0,0,0,0,0,0,0,0,8.33928428463392e-05,0,9.28088098174653e-05,1.53189139952568e-05,3.22134985876748e-05,0,0.00246378926981557,5.10621441849831e-05,0.00575699708281683,0.000575265707298109,0,0,0.00158239138207256,0,0.000840284012036802,0,0.00762910616629612,7.16219364714568e-05,0.0174929467942502,0,0,0,0,0,0.00191231692571401,0,0.00357429240493414,0,0.0197952852375757,0.00123204847891952,0,0,0,0,0,0,0,5.47534573801271e-05,0,0.000413728306932739,6.48858040355055e-05,0,0,0,0,9.30829689953122e-05,1.95318005851106e-05,0.000273638887399549,2.78056679332638e-06,0.000614583138537806,2.97841615855418e-06,0.0187559453356975,0,4.4419254862189e-05
0,0,0.0178789463509935,8.60745154274423e-05,0,0,0.0136814944988524,0,0.00318548711169452,0,0,0,0.000219529652322165,0,0.00038197151716449,0,0,0,0,0,0.00774764739390716,0,0,0,0,0,0,0,0,0,0,0,0,0,0,0,7.85389152322097e-05,0,0,0,0.00033170921011916,0,0.000985601359559103,0,0.000246250655592641,0.000255207907745029,0.000700492585248735,0,0,0,0.124612457588283,0,0.0233577324218451,0,0.00265816499525544,0,0,0,0.000128608036448942,0,0.000492143148416557,0,0,0.000153663678694285,0,0,0,0,0,0,0,0,0,7.85477437101139e-05,0,0,0,0,0,5.61803978198881e-05,0,0,0.00256189665962623,0.00183525543620007,0.00226731857517824,0,0.000452555055593494
0,0,0,0.0169350555601942,0,0,0,0,0,0.00883834711715012,0,0,0,0,0,0,0,0,1.17051760967948e-05,0,0,0,0,0,0,0,0,0,0,0,0,0,0,0,0,0,1.63959697345147e-05,0,0,0.000242060409510149,0,0.00028272354569499,0,0,0,0,0,2.60505262027421e-05,0,7.16582608861385e-05,0,0.0996303007610176,0,0.000510073950863443,0,0,0,0,0,0,0,0,0.00126940025086286,0,0,0,0,0,0,0,0,0,0,0.000206860650713925,0,0,0,0,5.78060559068908e-06,0,0,0,0.0034635465458376,4.17427580593844e-05,0.00236401518257735,0,0
0,0,0,0,0.0136814944988524,0,0,0,0,0,0.0144411418882015,0,0.00143518193948936,0,0,0,0,0,0,0,0.00479183011327726,0,0,0,0,0,0,0,0,0,0,0,0,0,0,0,0.000569417181610526,0,0,0,0,0,0,0,0,0,0,0,0,0,0.00234199629817888,0,0.138673540382324,0,0,0,0.00597038403287531,0,0.00111861390057578,0,0,0,0,0,0,0,0,0,0,0,0,0,0,0,0,0,0,0,0,6.3112960373502e-05,0,0,0.00110052974779095,0.00154506664949869,0,0,0
0,0,0,0,0,0,0,0,0,0,0,0.000387367771421177,0,0.000938964354323425,0,0,0,0,0,0,0,0,0,0,0,0,0,0,0,0,0,0,0,0,0,0,0,0,0,0,0,0,0,0,0,0,0,0,0,0,0,0.00291258331710544,0,0.0514660411759711,0,0,0,0.00882430536720978,0,0.0140011025498519,0,0,0.000938859078991933,0,0,0,0,0,0,0,0,0,0,0,0,0,0,0,0,0,0,0,0.000144208597703973,0,0,0,0
0.0197124591167117,0,0.00226131562236977,0,0.00318548711169452,0,0,0,0,0,0,0,0,0,0.00503572369033392,0,0,0,0.000106127533249407,0,0,0,0,0,0.000482155315978271,0,0,0,0,0,0,0,0,0,0,0,0,0,0,0,3.19564145151842e-05,0,0.000242941325527658,0,0,0,9.85016257125804e-05,0,0.00371547428671651,0,0.00720224495377679,0,0,0,0.104504006049024,0,0.000132484157850057,0,0,0,0.00705128432778891,0,0,0,0,0,0,0.00213879339595777,0,0.000209349214356003,0,8.44376913464468e-05,0,0.000157973621978759,0,0,0,0,0,3.41627844235309e-06,0,0.000198741535587237,0.00149752497502999,0.000234345415714268,0.000180141906133843,0,0
0,0.00695513517510481,0,0.00129991868345378,0,0.00883834711715012,0,0,0,0,0,0,0,0,0,0.000739342402785587,0,0.00211407315227264,0.000343262883537717,0,0,0,0,0.00363175903697771,0,0,0,0,0,0,0,0,0,5.79926558094798e-05,0,1.35540509750445e-06,0,0.00038505498266185,0,0.000322182649533921,0,0.000370009560566235,0,0,0,1.62228443286586e-05,0,2.4341539752884e-05,0,0.00217303907812651,0,0,0,0,0,0.0595481425497751,0,0,0,0,0,0.00808758414785532,0,0,0,0,0.00647901148952244,0,0,0,0,0,0,0,0,0,5.79841874470894e-05,0,0,0,0.00117905976969021,0,0.00700476201249089,0.00081487490612856,0.00177259736151026,0,0.000294858917464207
0,0,0,0,0,0,0.0144411418882015,0,0,0,0,0,0.000848397886795122,0,0,0,0,0,0,0,0.0275901372110323,0,0,0,0,0,0,0,0.000370766698803886,0,0.00395154009280909,0,0,0,0,0,0.00115449589732872,0,0.00286055058449806,0,0,0,0,0,0,0,0,0,0,0,0,0,2.06486003031074e-05,0,0,0,0.152072470760138,0,0.00911124503559653,0,0,0,0,0.000134183283134172,0,0,0,0,0,0,0,0,0,0.0143070043655772,0,0,0,0,0,0.000101812533685494,0,0.000723121629695282,0.00258007185600175,0.000398215248985678,0,0,0
0,0,0,0,0,0,0,0.000387367771421177,0,0,0,0,0,0.000456738434449567,0,0,0,0,0,0.0128714382102459,0,0,0,0,0,0,0,0,0,0.000267694275703934,0,0,0,0,0,0,0,0.000478921292146949,0,0,0,0,0,0,0,0,0,0,0,0,0,0,0,0,0,0,0,0.0542191388050623,0,0.000849788472829485,0,0,0.00206383029623882,0,0,0,0,0,0,0,0,0,0.0144658149464599,0,0,0,0,0,0,0,0,0,6.03908063372444e-05,0,1.12494090719214e-05,0,0
0,0,0,0,0.000219529652322165,0,0.00143518193948936,0,0,0,0.000848397886795122,0,0,0,0.00075584970173835,0,0,0,0,0,0,0,0,0,0,0,0,0,0,0,0,0,0,0,0,0,0,0,0,0,0,0,0,0,0,0,0,0,0,0,0.000167265866826733,0,0.00107773722535512,0,0,0,0.000460799513924036,0,0.0534159029261412,0,0.00119866518397206,0,0,0,0,0,0,0,0,0,0,0,0,0,0,0,0,0,0,0,0,0,0.00371448578579199,0.00123336303877709,0,0,0
0,0,0,0,0,0,0,0.000938964354323425,0,0,0,0.000456738434449567,0,0,0,0,0,0,0,0,0,0,0,0,0,0,0,0.000509861827870465,0,0,0,0,0,0,0,0,0,0,0,0,0,0,0,0,0,0,0,0,0,0,0,0,0,0,0,0,0,0.00014267504187159,0,0.0306230256550628,0,0,0,0,0,0,0,0,0,0,0,0,0,0,0,0,0,0,0,0,0,0,4.43603907526041e-05,0,0,0,0
0,0,0,0,0.00038197151716449,0,0,0,0.00503572369033392,0,0,0,0.00075584970173835,0,0,0,0,0,0,0,0,0,0,0,0,0,0,0,0,0,0,0,0,0,0,0,0,0,0,0,0,0,0,0,0,0,0,0,0,0,0.000231243220500544,0,0,0,0.0102650986579788,0,0,0,0.0169911310205997,0,0.00901531771307593,0,0,0,0,0,0,0,0,0,0,0,0,0,0,0,0,0,0,0,0,0,0,0,5.74363982601753e-06,0,0
0,0.00167374508863615,0,0,0,0,0,0,0,0.000739342402785587,0,0,0,0,0,0,0,0,0,0,0,0,0,0,0,0,0,0,0,0,0,0,0,0,0,0,0,0,0,0,0,0,0,0,0,0,0,0,0,0,0,0,0,0,0,0,0,0,0,0,0,0,0,0,0,0,0,0,0,0,0,0,0,0,0,0,0,0,0,0,0,0,0.000659339752855956,0.000160102039589224,0,0,0
0.000234636892212374,0,0.000159324672729099,1.19625908947135e-05,0,0,0,0,0,0,0,0,0,0,0,0,0,0.119764697086802,0.0497748985271391,0,0,0.000296932590647981,0.00026142028496494,5.24336486241311e-05,0.000667313125886297,0.000654054327529894,0.00180595886895965,0,0.000989610730701693,0,0,0,0,0,0,4.56148780155672e-05,0.000129159161392076,4.84104931200614e-05,0.000145025538517652,0.00102452646487861,0.000983206748407523,0.000510501273878859,0.00280925196119351,7.41522836180314e-06,0.000512128449801785,6.94157927092994e-05,0.00102453074343856,8.69484823239244e-06,4.35397269936235e-05,0.000200428190339618,3.96808681863261e-06,0,0,0,0,0,0.000117568243152029,0,5.41233854619383e-05,0,3.67567649996116e-06,0,1.41377520823907e-05,0.000499977499993275,0,0,0,0,0,0,0,0.000172145631313231,7.81882586684609e-06,0.00109441457412922,0,0,0,0,0.000246357662805975,0.000981032672679385,9.81666711167261e-05,0.00117561850225299,0.0324691935019252,0.0111474955384702,0.00163100535416813,5.0271745648504e-06,0.000573755336297054
3.5310636432197e-05,5.41878579733549e-06,5.99704428424309e-06,0.000106070781317724,0,0,0,0,0,0.00211407315227264,0,0,0,0,0,0,0.119764697086802,0,0.0558159326733061,0,0,0.00325947107686285,4.73283913014592e-06,0.00172495788034791,5.27422821865094e-06,0.00612390505169587,0,0,0,0,0,0,0,0,0,8.55780845904621e-05,7.63811344316803e-05,7.35597780325856e-05,2.72080883067933e-05,0.00253707753795461,0.000438532142638713,0.00171535545416193,0.00104501123825497,3.24832779712636e-05,0.000342284243189069,0.000120598161159542,0.000360750208527561,1.62929641646542e-05,1.10880161164196e-05,0.000415217061011747,0,0,0,0,2.58785817675547e-05,0.000768579751110835,6.80534239179933e-05,0,2.68131178167157e-05,0,3.77964847121594e-06,3.54091979453278e-05,9.59004119690382e-06,0.000155897872293171,1.00556310416179e-05,0,0,0,0,0,0,3.50187161016625e-05,0,0.000362423614625677,0,0,3.45845994045748e-06,0,0.00095447109026956,0.000327280775726421,0.000149248562286083,0.000208168951801719,0.044294500127483,0.00800445847109229,0.00101893014463674,0.000119170455006234,0.000392688917121175
0.0037772170738709,0.000319558897754252,0.00099527577450196,0.0010210733820121,0,1.17051760967948e-05,0,0,0.000106127533249407,0.000343262883537717,0,0,0,0,0,0,0.0497748985271391,0.0558159326733061,0,0,5.18836084768548e-05,3.73506922925939e-06,0,0,0,0.00017394957939521,0,0,0,0,2.61767931903332e-05,0,0,0,0,0.00150925331911756,0.000397473731619015,0.00106982172731484,0.000256313838325221,0.0273887973663625,0.00536227922222339,0.0192083814442145,0.0149051172194362,0.000238028266214102,0.00327825027293318,0.00247202052462648,0.00986733425068952,0.000105467040592216,0.000173496484568875,0.0159946559982507,0.000630674067544728,0,0,0,0.000437277343392835,0,0.00137645838756279,0.000151976193739989,0.000427672085612172,0,8.56577053337266e-06,8.74390453670815e-05,0.00027262001247534,0.00500166496557163,8.9820155588444e-06,0,7.13398305043401e-06,0,2.6526037056964e-05,0,0.000158675331186911,0.000833472755656545,0.000996615129890668,0.00490476118021658,0,0,0.000164825259342185,0,0.00532980606105163,0.00364069167342742,0.00464917623797625,0.003109083072513,0.0239621811696475,7.73228868431527e-05,0.0163431466600554,0.000657326117498912,0.00399407039900527
0,0,0,0.000893242221533565,0,0,0,0,0,0,0,0.0128714382102459,0,0,0,0,0,0,0,0,0,0,0,0,0,0,0,0,0,0,0,0,0,0,0,0.000891748136333203,0,0.0006774194657618,0,0,0,0,0,0,0,0,0,0,0,0,0,0,0,0,0,0,0,0,0,0,0,0,0.039955840241762,0,0,0,0,0,0,0,0,0,0,0,0,0,0,0,0.000140418681004182,0,0.000793734053181961,0,9.10519631654725e-05,2.64948134238513e-05,0.000595843965286619,0,0
0,0,0,0,0.00774764739390716,0,0.00479183011327726,0,0,0,0.0275901372110323,0,0,0,0,0,0,0,5.18836084768548e-05,0,0,0,0,0,0,0,0,0,0,0,0.000517174054729163,0,0,0,0,0,0.014363987983531,0,0.00484154827859567,0,3.0262834693637e-05,0,0,0,0,0,1.23536152799376e-05,0,8.85211553986317e-05,0,0.0327330117786127,0,0.00325120346234169,0,0,0,0.0581509952549037,0,0.00422084887029205,0,0,0,0,0.0485734990574329,0,0,0,0,0,0,0,0,0,0.00154658740557404,0,0,0,0,0,0.0126493295117411,0,0.00382084881358383,0.00432602052240603,0,0.0010606739029628,0,0
0,0,0,0,0,0,0,0,0,0,0,0,0,0,0,0,0.000296932590647981,0.00325947107686285,3.73506922925939e-06,0,0,0,0.000743516737780075,0.00252845690939907,0,9.75842053383357e-05,0,0.00122477780694929,0,0,0,0,0,1.05251509147962e-05,0,0,0,0.0109934645682913,2.39465194426725e-05,1.94181437842511e-05,4.80310908557578e-06,2.06193969676263e-05,3.68089760908051e-06,0,0,0,0,0.000149248921171955,0,0.00658169933012344,0,0,0,0,0,0,0,8.67891557421955e-06,0,1.92964089243712e-05,0,0,0,0,0.0870953195779032,0,5.67580733284809e-05,0,0.000787395170656319,0,6.67368673521443e-05,0,2.08084245249953e-05,0,0,0,0,0,0,0,0.00907906219944605,0,0.00404966380884988,0.000745850389532481,2.87217022581728e-05,0,0
0,0,0,0,0,0,0,0,0,0,0,0,0,0,0,0,0.00026142028496494,4.73283913014592e-06,0,0,0,0.000743516737780075,0,0,3.2764711029225e-05,0,0.00012211699944363,0,0.00197611219573857,0,0,0,0,0,0,0,0,0,0.00738391324921942,0,0,0,0,0,0,0,0,0,0.00385539251312709,0,0,0,0,0,0,0,0,0,0,0,0,0,0,0,2.85596999269436e-05,0.0777023640929629,0,0.000157450136761877,0,0.00433505364948158,0,0.00020218407796105,0,0,0,0,0,0,0,0,0,0.00216314463443847,0.00263793809507885,0.00240080440072649,0,0,0
0,0.00215697294755956,0,0.000399585075739464,0,0,0,0,0,0.00363175903697771,0,0,0,0,0,0,5.24336486241311e-05,0.00172495788034791,0,0,0,0.00252845690939907,0,0,0,0.020161048925946,0,0,0,0,0,0,0,0,0,0,0,0.00459276263973677,0,0,0,3.83651237039063e-05,0,0,0,0,0,0.000179549058752845,0,0.00044919695495248,0,0,0,0,0,0.0078115034118003,0,0.000104194968940175,0,0,0,0.000139238314321485,0,0,0.00611433491533264,0,0.0927392880637603,0,0.0241447447303642,0,0.000599921715602521,0,0,0,0,0,0,0,1.83171807137319e-06,0,0.0112886817523296,0,0.00143944076985425,8.93787760552001e-07,0.00114644409297633,0,0
0,0,0,0,0,0,0,0,0.000482155315978271,0,0,0,0,0,0,0,0.000667313125886297,5.27422821865094e-06,0,0,0,0,3.2764711029225e-05,0,0,0,0.0175604433399606,0,0,0,0,0,0,0,0,0,0,0,0.00747233590103995,0,0,0,0,0,0,0,0,0,0.00113769865931302,0,0,0,0,0,0.0491675195841172,0,0,0,0,0,0.00954363925152882,0,0,0,0,0.000927340660057549,0,0.0725895413358957,0,0.0734753036544833,0,0,0,2.35260679123902e-05,0,0,0,0,8.87719182685993e-07,0,0,0.000656511158645033,0.000230686604466161,0,0.00011821228498509,0,0
0,0,0,0,0,0,0,0,0,0,0,0,0,0,0,0,0.000654054327529894,0.00612390505169587,0.00017394957939521,0,0,9.75842053383357e-05,0,0.020161048925946,0,0,0,0,0,0,0,0,0,0,0,0,0,0,0,0,0,0,0,0,0,0,0,0,0,0,0,0,0,0,0,0,0,0,0,0,0,0,0,0,0.000194422693942535,0,0.0112514257062562,0,0.00510424056910329,0,4.93727801653167e-05,0,0,0,0,0,0,0,0,0,0,0,5.80168200798767e-05,0,0,0,0
0,0,0,0,0,0,0,0,0,0,0,0,0,0,0,0,0.00180595886895965,0,0,0,0,0,0.00012211699944363,0,0.0175604433399606,0,0,0,0,0,0,0,0,0,0,0,0,0,0,0,0,0,0,0,0,0,0,0,0,0,0,0,0,0,0.000378093114601907,0,0,0,0,0,0.00523032317921654,0,0,0,0,1.0425067233323e-05,0,0.000931845580162385,0,0.00530335528635502,0,0.00769807955589881,0,0,0,0,0,0,0,0,0,0,2.39830648729283e-05,7.43697289726682e-05,0,0,0
0,0,0,0,0,0,0,0,0,0,0,0,0,0.000509861827870465,0,0,0,0,0,0,0,0.00122477780694929,0,0,0,0,0,0,0,0.018362376250633,0,0,0,0,0,0,0,0.000409234104995164,0,0,0,0,0,0,0,0,0,0,0,0,0,0,0,0,0,0,0,0,0,0,0,0,0,0,0.000402873353193783,0,0,0,0,0,0.0157235143953587,0,0.00230759963523404,0,0,0,0,0,0,0,0,0,1.77554801542765e-05,0,0,0,0
0,0,0,0,0,0,0,0,0,0,0.000370766698803886,0,0,0,0,0,0.000989610730701693,0,0,0,0,0,0.00197611219573857,0,0,0,0,0,0,0,0.0257694358554713,0,0,0,0,0,0,0,6.57215923638432e-05,0,0,0,0,0,0,0,0,0,0,0,0,0,0,0,0,0,0,0,8.27566664492989e-05,0,0,0,0,0,0,7.11772020757079e-05,0,0,0,7.34481589397696e-05,0,0.0159045645345282,0,0,0,0,0,0,0,0,0,0,0.00146421276605925,0.000434531238989643,0,0,0
0,0,0,0,0,0,0,0,0,0,0,0.000267694275703934,0,0,0,0,0,0,0,0,0,0,0,0,0,0,0,0.018362376250633,0,0,0,0,0,0,0,0,0,0.00299179033792104,0,0,0,0,0,0,0,0,0,0,0,0,0,0,0,0,0,0,0,0,0,0,0,0,0,0,0,0,0,0,0,0,0.000422373737819726,0,0.0774444899522731,0,0,0,0,0,0,0,0.00285873532734037,0,7.37060885594497e-05,0,0,0,0
0,0,0,0,0,0,0,0,0,0,0.00395154009280909,0,0,0,0,0,0,0,2.61767931903332e-05,0,0.000517174054729163,0,0,0,0,0,0,0,0.0257694358554713,0,0,0,0,0,0,0,0,0,0.00191630401240064,0,0,0,0,0,0,0,4.74766038824315e-05,0,0,0,0,0,0,0,0,0,0.00328821353457809,0,0,0,0,0,0,0.000740392689471265,0,0,0,0,0,0,0,0.0100477137323128,0,0.0394172403970232,0,0,0,0,0,0,0,0.000185854000003904,3.95618195075183e-06,0.000604012047538066,1.84371748876254e-05,0,0
0,0,0,0,0,0,0,0,0,0,0,0,0,0,0,0,0,0,0,0,0,0,0,0,0,0,0,0,0,0,0,0,0.0998867476293226,0.0146872243191722,0.012468082452674,0.00563781591176914,0.00303905310565339,4.44370063475934e-05,0,0,0.000570580037161234,0,0,0,0,0,0,0.303484080364737,0.00826527464738819,8.58724893123466e-05,0,0,0,0,0,0,0,0,0,0,0,0,0,0,0,0,0,0,0,0,0,0,0,0,0.0826362833993464,0.113558404821143,0.00467682018248457,0,0.00275854342708616,0.00209827780557379,3.31799077784947e-05,0,0.00332506857622392,0,0.000751986899763579,0,0
0,0,0,0,0,0,0,0,0,0,0,0,0,0,0,0,0,0,0,0,0,0,0,0,0,0,0,0,0,0,0,0.0998867476293226,0,0.0010639080109541,0,0.000552503942712597,0.0081969355186144,0,0,0,0,0,0,0,0,0,0,0.050640088444617,0.000262091645749512,0,0,0,0,0,0,0,0,0,0,0,0,0,0,0,0,0,0,0,0,0,0,0,0,0,0.00463961892742826,0.134849974473252,0,5.09955438972147e-05,0.000381856102657391,0.00125817552035621,0,0,0.00011623943319991,0,0,0,0
0,5.94458919965855e-05,0,8.33928428463392e-05,0,0,0,0,0,5.79926558094798e-05,0,0,0,0,0,0,0,0,0,0,0,1.05251509147962e-05,0,0,0,0,0,0,0,0,0,0.0146872243191722,0.0010639080109541,0,0.0318716050433153,0.0111430893973813,0,0.00396021097258967,6.22125776249306e-05,1.5043412024894e-05,0,0.000175713818504301,0.00258092211725217,4.91211603988878e-05,0,1.38478595320094e-05,0,0.272679172187302,0.00369590948776794,0.00504388436490037,0,0,0,0,0,0.000217031981298186,0,0,0,0,0,0,0,0,0,0,0,0,0,0,0,0,0,0,0.000151213958670716,0,0.106726338954478,0.0765961504155896,0.00328749508542442,0,0.00633838627373316,3.58060696151459e-05,0.00577985393637628,2.89534619268382e-05,0.00396661293621796,0,0.000256554206811392
0,0,0,0,0,0,0,0,0,0,0,0,0,0,0,0,0,0,0,0,0,0,0,0,0,0,0,0,0,0,0,0.012468082452674,0,0.0318716050433153,0,0.00302627541772557,0.006103688788144,0,0.00195453142609223,0,0,0,3.78411511384631e-05,0,0,0,0,0.0181792132468965,0.000798610633955115,0,0,0,0,0,0,0,0,0,0,0,0,0,0,0,0,0,0,0,0,0,0,0,0,0,0,0.00724688659975508,0.0106510642947192,0.194377849258489,0.000113950818571252,0.00877042562782391,3.8430228165701e-06,0.00740365858729692,0.000356335466704834,5.86961280185068e-05,0,0,0
0,0,0,9.28088098174653e-05,0,0,0,0,0,1.35540509750445e-06,0,0,0,0,0,0,4.56148780155672e-05,8.55780845904621e-05,0.00150925331911756,0.000891748136333203,0,0,0,0,0,0,0,0,0,0,0,0.00563781591176914,0.000552503942712597,0.0111430893973813,0.00302627541772557,0,0.0139700504474049,0.0127071258768758,0.00027247641317859,0.000491550657423852,5.3850079383515e-05,0.00181950690020864,6.62621682088784e-05,5.67088655275064e-06,1.32690998413571e-06,0.00226828591120326,0,0.00448385173919114,0.000150630551580377,0.000175308599210725,0,0,0,0,0,0,0,0,0,0,0,0,0.0171377034957742,0,0,0,0,0,0,0,0,1.2268777761831e-06,9.52942032600201e-06,1.20724005357068e-05,0.0284859789242124,0.000208701771494699,0.0288289860200278,0,0.0774968631447477,0.00761004667716678,0.0181806886654291,7.95954807555504e-06,0.0164154369300503,0.00310016851114398,0.00186258379024768,0.000256696788908256,3.24571651980045e-05
3.84221413400644e-05,0,4.33444652346439e-05,1.53189139952568e-05,7.85389152322097e-05,1.63959697345147e-05,0.000569417181610526,0,0,0,0.00115449589732872,0,0,0,0,0,0.000129159161392076,7.63811344316803e-05,0.000397473731619015,0,0.014363987983531,0,0,0,0,0,0,0,0,0,0,0.00303905310565339,0.0081969355186144,0,0.006103688788144,0.0139700504474049,0,0,0.0140500876147833,6.4785477540644e-05,0.000889568483895802,3.55674255375244e-05,0.000686138923556673,0,6.50063125602292e-05,3.17246736856204e-05,0.00113828263131253,0.000913723139861071,0.000494786262473852,9.17665079004055e-06,0.000612664097035453,0,0.000129956348661644,0,0,0,0.00196446333505164,0,0.00019630603379206,0,3.37161895829483e-06,0,0,0.0077248578060588,0,0,0,0,0,0,0,1.41141687988408e-05,0,1.17114359187523e-05,0.000387645361019354,0.00802155198235711,4.12548014829041e-06,0.00684103591454982,0.00406960895012484,0.108286507081273,9.67849718831986e-06,0.0180777805982933,0.0134008554368255,0.0140564165306869,0.00246325133802817,0,0.000496043208414305
0,0.000201512049760647,4.94407316268061e-06,3.22134985876748e-05,0,0,0,0,0,0.00038505498266185,0,0.000478921292146949,0,0,0,0,4.84104931200614e-05,7.35597780325856e-05,0.00106982172731484,0.0006774194657618,0,0.0109934645682913,0,0.00459276263973677,0,0,0,0.000409234104995164,0,0.00299179033792104,0,4.44370063475934e-05,0,0.00396021097258967,0,0.0127071258768758,0,0,0.00201506715382499,0.000103591185361115,3.28438103070085e-06,0.000806995374620535,5.36480846255385e-05,0,2.13443218379031e-05,0.000867691355889906,0,0.0126750650800563,0.000128894696212553,0.00278417613110288,0,0,0,0,0,0.0017484964361169,0,0.00128304548998399,0,0,0,1.12967087457762e-05,0.00193529380613348,0,0.00941814946609393,0,0.00218111223806574,0,9.02023090634655e-06,0,1.20780684812978e-05,0,0.00380774832944082,0,0,0,0.00338630721156962,0,0.00476411711777346,3.2916286291232e-06,0.115980625792785,2.2475551564433e-05,0.00716312945208575,0.000688948282661282,0.00289865796560757,5.38858249792996e-05,2.12110431633216e-06
2.66840170153215e-05,0,1.0924059340382e-05,0,0,0,0,0,0,0,0.00286055058449806,0,0,0,0,0,0.000145025538517652,2.72080883067933e-05,0.000256313838325221,0,0.00484154827859567,2.39465194426725e-05,0.00738391324921942,0,0.00747233590103995,0,0,0,6.57215923638432e-05,0,0.00191630401240064,0,0,6.22125776249306e-05,0.00195453142609223,0.00027247641317859,0.0140500876147833,0.00201506715382499,0,0,2.60259875951619e-05,4.33529234650713e-06,0.000875695021978668,0,3.2757981029487e-06,0,0.000644255501020602,0.0142681548506348,0.0178672919481712,4.66847039569699e-06,2.75791612010721e-06,0,0,0,7.19451434973699e-05,0,0.0010811472206694,0,3.07202587344759e-05,0,2.28537554449728e-05,0,0,0.00761693454163598,0,0.0018079725542039,0,0.00704570538408182,0,0.000493296863440331,0,0.000721569195207601,0,0.0052980676536226,0,0,1.36588231514502e-05,0.00140555258490376,2.75507930733565e-05,0.00443688236200472,0.00092105617603905,0.109758805796755,0.00642480751084553,0.00128391395954024,0.00304745253437931,0,5.30945939514164e-05
0,0.000296087962398354,0.00072068483656193,0.00246378926981557,0,0.000242060409510149,0,0,0,0.000322182649533921,0,0,0,0,0,0,0.00102452646487861,0.00253707753795461,0.0273887973663625,0,0,1.94181437842511e-05,0,0,0,0,0,0,0,0,0,0,0,1.5043412024894e-05,0,0.000491550657423852,6.4785477540644e-05,0.000103591185361115,0,0,0.000309520224584856,0.100022522004896,0.000922026962690505,0.00286186091273257,0.000411629816630959,0.027048175687362,0.000108129344481042,0.0159152362429429,0.000151117323739349,0.0605307193107915,0.000132028830764608,0,0,0,0.000141034949657502,0,0.000152463924119977,7.9329066845317e-05,8.05877318149292e-05,0,1.41156880875015e-05,0.000222947722096362,0.000527246605678388,0.000190941392766337,0,0,0,0,1.39316192135565e-05,0,1.73233306167334e-05,0,0.000268254565601635,0.000349669587200831,0,0,0.000187530899119883,0,0.00698637397917925,0.000227974183953955,0.000856086714234689,0.000119481386435868,0.0015560168649693,1.00572600660699e-05,0.0320154290152666,0.00130862905479681,0.000821630484373406
0.00118939077086305,0,0.00213431949221835,5.10621441849831e-05,0.00033170921011916,0,0,0,3.19564145151842e-05,0,0,0,0,0,0,0,0.000983206748407523,0.000438532142638713,0.00536227922222339,0,3.0262834693637e-05,4.80310908557578e-06,0,0,0,0,0,0,0,0,0,0.000570580037161234,0,0,0,5.3850079383515e-05,0.000889568483895802,3.28438103070085e-06,2.60259875951619e-05,0.000309520224584856,0,0.000186792542683773,0.0177206726808263,1.23655809321926e-05,0.00941656005245069,0.000143475075811271,0.0137048985691564,0.0187895681875004,0.0264243329324882,0.000621005948498983,0.000354825969158194,0,0,0,1.68574202155992e-05,0,0.000525654190072626,0,0.000412533581997849,0,0.000478697381831594,0,0,0.00596132409735296,0,0,0,0,0,0,8.65288031442335e-06,0.000221877638873641,2.29695261190514e-05,0.00618081047563588,0,0,1.76773403406483e-05,0,5.79723564769472e-05,0.0115889274160724,3.0230435836938e-05,0.00130790744889948,0.000516842067710028,0,0.0163840761161116,9.91039488649127e-05,0.0129763387090547
6.91382212280075e-05,0.0105599477536946,0.000108063412292049,0.00575699708281683,0,0.00028272354569499,0,0,0,0.000370009560566235,0,0,0,0,0,0,0.000510501273878859,0.00171535545416193,0.0192083814442145,0,0,2.06193969676263e-05,0,3.83651237039063e-05,0,0,0,0,0,0,0,0,0,0.000175713818504301,0,0.00181950690020864,3.55674255375244e-05,0.000806995374620535,4.33529234650713e-06,0.100022522004896,0.000186792542683773,0,0.00999810664058704,0.00191059120927847,0.000449579837717559,0.00559446285900665,3.27200567961093e-05,0.00573605004235224,0,0.0487332805072755,0,0,0,0,0,0,3.5435074583921e-05,0.000698723519639736,3.13539490327439e-05,0,0,0.000279631137755255,0.00151814213246216,1.8070965640965e-05,7.12537244165405e-05,0,0.000142493297310466,0,0.000318850032978417,0,0.000551980924273128,7.31494319260722e-05,0.00331733937604299,0.000142382200859523,0,0,0.000639044169552314,0,0.0102069959396815,6.87945073988827e-05,0.00234561228227397,0.000149282393694409,0.00518765613549097,7.14136544300894e-05,0.0384542916048031,0.00368366789782704,0.000130640618677438
0.0038741969770328,1.11183683868256e-05,0.00757707259702,0.000575265707298109,0.000985601359559103,0,0,0,0.000242941325527658,0,0,0,0,0,0,0,0.00280925196119351,0.00104501123825497,0.0149051172194362,0,0,3.68089760908051e-06,0,0,0,0,0,0,0,0,0,0,0,0.00258092211725217,3.78411511384631e-05,6.62621682088784e-05,0.000686138923556673,5.36480846255385e-05,0.000875695021978668,0.000922026962690505,0.0177206726808263,0.00999810664058704,0,0.000166421622074564,0.00951734770026216,0.000231119853538516,0.0238443937504949,0.0166276576025648,0.0451530577278456,0.00284116793461211,0.00148919938971372,0,0,0,0.000480980499472871,0,0.0139853773022851,0,0.00431446913139006,0,0.00103865174828904,0,8.9919724879089e-05,0.0167519969483999,0,0,0,0.00105671613385541,0,0.000123350166335037,4.69732058069449e-05,0.0149227282196681,5.02762797294318e-05,0.0271400215136289,5.73471593301716e-05,0,0.000987671375086573,0,0.000347224186233832,0.0091506588994756,0.000341831241173114,0.00385680382997958,0.00586529823501838,6.13440752764765e-05,0.0643477021059442,5.79376471216179e-05,0.0170123812531158
0,0,0,0,0,0,0,0,0,0,0,0,0,0,0,0,7.41522836180314e-06,3.24832779712636e-05,0.000238028266214102,0,0,0,0,0,0,0,0,0,0,0,0,0,0,4.91211603988878e-05,0,5.67088655275064e-06,0,0,0,0.00286186091273257,1.23655809321926e-05,0.00191059120927847,0.000166421622074564,0,0,0.00041744542625803,0,0.000191727389314829,0,0.00040493016207127,0,0,0,0,0,0,0,0,0,0,0,0,6.87597146747409e-05,0,0,0,0,0,0,0,0,0,0,2.22567147784847e-05,0,0,0,0,0.000115013522377237,4.42449422889953e-06,5.54342603771791e-06,3.28358010265455e-06,0.00010916862510505,0,0.000766750964999983,0.000184644206461721,8.47720535327892e-05
0.000383478126442759,0,0.000807068719011587,0,0.000246250655592641,0,0,0,0,0,0,0,0,0,0,0,0.000512128449801785,0.000342284243189069,0.00327825027293318,0,0,0,0,0,0,0,0,0,0,0,0,0,0,0,0,1.32690998413571e-06,6.50063125602292e-05,2.13443218379031e-05,3.2757981029487e-06,0.000411629816630959,0.00941656005245069,0.000449579837717559,0.00951734770026216,0,0,0.000177259864304561,0.0168791938176167,0,9.46314160908679e-05,3.41739440261927e-05,8.13059569466663e-05,0,0,0,7.16547067931561e-05,0,0.000192481279904065,0,9.70513184713861e-05,0,0.000148589961179293,0,1.18893338321691e-05,0.00936932157531228,0,0,0,0,0,0,0,2.24380533005849e-05,0,0.00116675913673081,0,0,0,0,6.13848803500009e-05,0.00168149459043157,5.39446416707623e-05,0.000310282000400813,0.000358887399523999,0,0.00436535298497274,0,0.0123837011537449
0,7.76636535953293e-05,0.00131172516671672,0.00158239138207256,0.000255207907745029,0,0,0,0,1.62228443286586e-05,0,0,0,0,0,0,6.94157927092994e-05,0.000120598161159542,0.00247202052462648,0,0,0,0,0,0,0,0,0,0,0,0,0,0,1.38478595320094e-05,0,0.00226828591120326,3.17246736856204e-05,0.000867691355889906,0,0.027048175687362,0.000143475075811271,0.00559446285900665,0.000231119853538516,0.00041744542625803,0.000177259864304561,0,0.000181010961120322,0.000104493182366768,0,0.00762280424895253,0.00015262968994794,0,0,0,0,0,0,1.30695803998023e-05,2.16291008636681e-05,0,1.89195296761025e-05,1.58677921444599e-05,0.0290211754207943,1.01765715805266e-05,0,0,2.74335414525287e-05,0,0,0,2.34233451598316e-05,3.99962083974525e-05,0.00166526642609637,1.06635000529361e-05,0,0,6.64366665343451e-05,0,0.0110782584271297,8.80602741028388e-06,0.00699630897623928,0,0.000385297680471082,1.40192917769344e-05,0.0332020718148069,0.000171826326544509,0
0.0101422498406387,0,0.00338290947505895,0,0.000700492585248735,0,0,0,9.85016257125804e-05,0,0,0,0,0,0,0,0.00102453074343856,0.000360750208527561,0.00986733425068952,0,1.23536152799376e-05,0,0,0,0,0,0,0,0,0,4.74766038824315e-05,0,0,0,0,0,0.00113828263131253,0,0.000644255501020602,0.000108129344481042,0.0137048985691564,3.27200567961093e-05,0.0238443937504949,0,0.0168791938176167,0.000181010961120322,0,0,0.000378273093204176,0.000266731125446769,0.000933707760380494,0,0,0,0.000116632676284659,0,0.000390517064161475,0,0.000410958300510569,0,0.000517054490707746,0,0,0.0596213781673831,0,0,0,0,0,0,0,0.000360817777061701,0,0.00322457087972408,0,0,0,0,1.59511543433664e-05,0.00957786294929262,7.65416567765834e-06,0.0024964219439423,0.00113746239698483,0,0.0249343681807652,0,0.000631678704779202
0,0.000210460962326761,0,0.000840284012036802,0,2.60505262027421e-05,0,0,0,2.4341539752884e-05,0,0,0,0,0,0,8.69484823239244e-06,1.62929641646542e-05,0.000105467040592216,0,0,0.000149248921171955,0,0.000179549058752845,0,0,0,0,0,0,0,0.303484080364737,0.050640088444617,0.272679172187302,0.0181792132468965,0.00448385173919114,0.000913723139861071,0.0126750650800563,0.0142681548506348,0.0159152362429429,0.0187895681875004,0.00573605004235224,0.0166276576025648,0.000191727389314829,0,0.000104493182366768,0,0,0.354524564927589,0.0527447780332269,0,0,0,0,0,0.00066506158162795,0,0,0,0,0,0.000143958387825106,9.27721769952011e-06,0,9.45843283915206e-06,0,0.000227390617740759,0.000124767843347568,0,0,0,0,0,0,0.0147899099763338,0.0407545073207013,0.0873291288447421,0.00627107529379529,0.00915912228568963,0.0140386963828246,0.00933990125679381,0.00423982693377575,0.00928694575945837,3.27667472520858e-05,0.0453006822337864,2.42919592801289e-05,0.00107175241735603
0.058827181769454,0,0.0410101569408497,0,0,0,0,0,0.00371547428671651,0,0,0,0,0,0,0,4.35397269936235e-05,1.10880161164196e-05,0.000173496484568875,0,8.85211553986317e-05,0,0.00385539251312709,0,0.00113769865931302,0,0,0,0,0,0,0.00826527464738819,0.000262091645749512,0.00369590948776794,0.000798610633955115,0.000150630551580377,0.000494786262473852,0.000128894696212553,0.0178672919481712,0.000151117323739349,0.0264243329324882,0,0.0451530577278456,0,9.46314160908679e-05,0,0.000378273093204176,0.354524564927589,0,0.00198335930262116,0.000155537124831546,0,0,0,0.00607609532643511,0,0.000858910775780427,0,0.00299086831396479,0,0.00543427478655627,0,0,0.000442232238641527,0,0.0218320010385972,0,0.0111322893124896,0,0.00314547865501865,0,0.0233521513404132,0,0.00882252892468213,0.000474414792189615,0.000260997699446361,0.00168052508662594,0.00111453881784657,0.000160368525916589,0.00542244339043532,6.61875469421496e-05,0.0284115936132381,0.00468890153364991,2.02705831760027e-06,0.0527828188580397,0,0.000343733056099804
0,0.0435363462556803,0.000240390980620639,0.00762910616629612,0,7.16582608861385e-05,0,0,0,0.00217303907812651,0,0,0,0,0,0,0.000200428190339618,0.000415217061011747,0.0159946559982507,0,0,0.00658169933012344,0,0.00044919695495248,0,0,0,0,0,0,0,8.58724893123466e-05,0,0.00504388436490037,0,0.000175308599210725,9.17665079004055e-06,0.00278417613110288,4.66847039569699e-06,0.0605307193107915,0.000621005948498983,0.0487332805072755,0.00284116793461211,0.00040493016207127,3.41739440261927e-05,0.00762280424895253,0.000266731125446769,0.0527447780332269,0.00198335930262116,0,0,0,0,0,0,0,2.90783489601608e-05,0.0183639607357982,2.15003643464629e-05,0.00167112764611159,0,0.0102428037437869,0.00157273355633366,0,0.00750035517655372,0,0.00819199068234461,0,0.00840659317038939,0,0.0193743114638087,2.42234745228848e-05,0.0330011706057963,0.000334282865764969,0.000110433873548102,0,0.0135944320472777,0,0.00286386281486584,6.22561911228232e-05,0.00647430280785664,0.000126630568831533,0.00347508359141106,2.36967791477989e-05,0.0522346323263354,0.00150379363388181,0.000627865520844442
0.000169421974400852,0,0.0400270197184936,7.16219364714568e-05,0.124612457588283,0,0.00234199629817888,0,0.00720224495377679,0,0,0,0.000167265866826733,0,0.000231243220500544,0,3.96808681863261e-06,0,0.000630674067544728,0,0.0327330117786127,0,0,0,0,0,0,0,0,0,0,0,0,0,0,0,0.000612664097035453,0,2.75791612010721e-06,0.000132028830764608,0.000354825969158194,0,0.00148919938971372,0,8.13059569466663e-05,0.00015262968994794,0.000933707760380494,0,0.000155537124831546,0,0,0,0.0355077692904749,0,0.00192760609047474,0,0.00161516442618822,0,0.0129411312927931,0,0.0042723514812717,0,0,0.00737117604620261,0,0,0,0,0,0,0,0.000319155238408473,0,0.00106038710013229,0,0,0,0,0,0.000474527923204587,0,6.81979143731168e-05,0.0035660421944152,0.000415015996676131,0.00593000986749887,0,0.000796660330541276
0,0,0,0.0174929467942502,0,0.0996303007610176,0,0.00291258331710544,0,0,0,0,0,0,0,0,0,0,0,0,0,0,0,0,0,0,0,0,0,0,0,0,0,0,0,0,0,0,0,0,0,0,0,0,0,0,0,0,0,0,0,0,0,0.00139958008367103,0,0,0,0.00570654879802596,0,0.000185961142851243,0,0.000198255351278931,0.00160779537829541,0,0,0,0,0,0,0,0,0,0,0,0,0,0,0,0,0,0,0,0.000380683249505002,0,0.00181433056904837,0,0
0,0,0,0,0.0233577324218451,0,0.138673540382324,0,0,0,2.06486003031074e-05,0,0.00107773722535512,0,0,0,0,0,0,0,0.00325120346234169,0,0,0,0,0,0,0,0,0,0,0,0,0,0,0,0.000129956348661644,0,0,0,0,0,0,0,0,0,0,0,0,0,0.0355077692904749,0,0,0,0,0,0.00243679555455271,0,0.00142283748177476,0,0,0,0,0.00206323157175446,0,0,0,0,0,0,0,0,0,0,0,0,0,0,0,2.62761287720515e-05,0,0,8.20602927702814e-05,8.38403870754073e-05,8.96157052382787e-05,0,0
0,0,0,0,0,0.000510073950863443,0,0.0514660411759711,0,0,0,0,0,0,0,0,0,0,0,0,0,0,0,0,0,0,0,0,0,0,0,0,0,0,0,0,0,0,0,0,0,0,0,0,0,0,0,0,0,0,0,0.00139958008367103,0,0,0,0,0,0.0166614459250801,0,0,0,0,0.000440404201149519,0,0,0,0,0,0,0,0,0,0,0,0,0,0,0,0,0,0,0,0.000153989717390542,0,5.96477573889726e-05,0,0
0.0256873666919185,0,0.0474215358095086,0,0.00265816499525544,0,0,0,0.104504006049024,0,0,0,0,0,0.0102650986579788,0,0,2.58785817675547e-05,0.000437277343392835,0,0,0,0,0,0.0491675195841172,0,0.000378093114601907,0,0,0,0,0,0,0,0,0,0,0,7.19451434973699e-05,0.000141034949657502,1.68574202155992e-05,0,0.000480980499472871,0,7.16547067931561e-05,0,0.000116632676284659,0,0.00607609532643511,0,0.00192760609047474,0,0,0,0,0,0.000102242332179263,0,5.00508032053727e-05,0,0.00309324862026406,0,0,0,0,0,0,0.0555288703916471,0,0.00382314294244944,0,0.000193808421052449,0,0.000778100243468827,0,0,0,0,0,3.77174317128332e-06,0,0.00268054201370405,0.000270149497468019,0,0.00464735177896709,0,7.48785311474416e-05
0,0.0565032205912513,0,0,0,0,0,0,0,0.0595481425497751,0,0,0,0,0,0,0,0.000768579751110835,0,0,0,0,0,0.0078115034118003,0,0,0,0,0,0,0,0,0,0.000217031981298186,0,0,0,0.0017484964361169,0,0,0,0,0,0,0,0,0,0.00066506158162795,0,0,0,0,0,0,0,0,0,0,0,0,0,0.005715381655609,0,0,0,0,0.0661586004644998,0,0,0,0,0,0,0,0,0,6.42249291003339e-05,0,0,0,0.00388504817660346,0,9.56738949178343e-05,0,0.00216972389727491,0,0
0.00276052706741873,0,0.00174183749105123,0,0,0,0.00597038403287531,0,0.000132484157850057,0,0.152072470760138,0,0.000460799513924036,0,0,0,0.000117568243152029,6.80534239179933e-05,0.00137645838756279,0,0.0581509952549037,0,0,0,0,0,0,0,0,0,0.00328821353457809,0,0,0,0,0,0.00196446333505164,0,0.0010811472206694,0.000152463924119977,0.000525654190072626,3.5435074583921e-05,0.0139853773022851,0,0.000192481279904065,0,0.000390517064161475,0,0.000858910775780427,2.90783489601608e-05,0.00161516442618822,0,0.00243679555455271,0,0.000102242332179263,0,0,0,0.043162678428613,0,0.000410110806133491,0,0,0.0744170190456377,0,0,0,0,0,0.000350696148585912,0,0.0340118645189727,0,0.0819881332798919,0,0,0,0,3.73627139168462e-06,0.000273135796874626,0,0.000735910432496482,0.00100002759924455,0.000502971864977781,0.0187577953203916,0,0.00125083738119707
0,1.76261125835707e-05,0,0.00191231692571401,0,0,0,0.00882430536720978,0,0,0,0.0542191388050623,0,0.00014267504187159,0,0,0,0,0.000151976193739989,0,0,8.67891557421955e-06,0,0.000104194968940175,0,0,0,0,0,0,0,0,0,0,0,0,0,0.00128304548998399,0,7.9329066845317e-05,0,0.000698723519639736,0,0,0,1.30695803998023e-05,0,0,0,0.0183639607357982,0,0.00570654879802596,0,0.0166614459250801,0,0,0,0,0,0.0062734665354833,0,0.000224189239248232,0.016077718124529,0,0.000511861729687352,0,0.00165923827208326,0,0.00219970179073023,0,0.00866030802589682,0,0.0154584148462521,0,0,0,0,0,7.81227730757682e-06,0,0.000678285035484061,0,0.00013763271976454,0,0.00280564827994746,0,0
0.00138341683563228,0,0.00626064190540941,0,0.000128608036448942,0,0.00111861390057578,0,0,0,0.00911124503559653,0,0.0534159029261412,0,0.0169911310205997,0,5.41233854619383e-05,2.68131178167157e-05,0.000427672085612172,0,0.00422084887029205,0,0,0,0,0,0,0,8.27566664492989e-05,0,0,0,0,0,0,0,0.00019630603379206,0,3.07202587344759e-05,8.05877318149292e-05,0.000412533581997849,3.13539490327439e-05,0.00431446913139006,0,9.70513184713861e-05,2.16291008636681e-05,0.000410958300510569,0,0.00299086831396479,2.15003643464629e-05,0.0129411312927931,0,0.00142283748177476,0,5.00508032053727e-05,0,0.043162678428613,0,0,0,0.0150936430711964,0,0,0.0109292264129095,0,0,0,0,0,0.0117447569483994,0,0.0295950111581671,2.8189496586731e-05,0.010399328978054,0,0,0,0,5.95551435405615e-06,0.000538641480847135,3.52504387561681e-06,0.000265394116154993,0.000687907921785563,0.00071311756269749,0.0115483721610073,0,0.000401437627301881
0,0,0,0.00357429240493414,0,0,0,0.0140011025498519,0,0,0,0.000849788472829485,0,0.0306230256550628,0,0,0,0,0,0,0,1.92964089243712e-05,0,0,0,0,0,0,0,0,0,0,0,0,0,0,0,0,0,0,0,0,0,0,0,0,0,0,0,0.00167112764611159,0,0.000185961142851243,0,0,0,0,0,0.0062734665354833,0,0,0,0.000839142954375233,1.20567561211842e-05,0,9.80334899504529e-05,0,0.000682644039979795,0,0.00338904260165185,0,0.00128493518547821,0,0.000125321312248122,0,0,0,0,0,0,0,7.17493096673901e-06,0,0.000206743372880724,0,9.21035490746571e-05,0,0
0.0265056719360372,0,0.0395840276378124,0,0.000492143148416557,0,0,0,0.00705128432778891,0,0,0,0.00119866518397206,0,0.00901531771307593,0,3.67567649996116e-06,3.77964847121594e-06,8.56577053337266e-06,0,0,0,0,0,0.00954363925152882,0,0.00523032317921654,0,0,0,0,0,0,0,0,0,3.37161895829483e-06,0,2.28537554449728e-05,1.41156880875015e-05,0.000478697381831594,0,0.00103865174828904,0,0.000148589961179293,1.89195296761025e-05,0.000517054490707746,0,0.00543427478655627,0,0.0042723514812717,0,0,0,0.00309324862026406,0,0.000410110806133491,0,0.0150936430711964,0,0,0,0,2.53097662763083e-05,0,0,0,0,0,0.00467385356700476,0,0.000517912537524917,0,0.0105530395190216,0,0,0,0,0,3.92017537030974e-05,0,0.000151961367936629,3.15229072572587e-05,2.02790181092903e-06,0.00314218976699868,8.05789981063003e-05,0.000705471825087566
