0,0,5.85924434242455,0,9.88180002413298,0,0,0,6.39541742800021,0,0,0,4.73382639884949,0,3.12113798459371,0,6.96620202064514,0,6.74024320439081,0,0,0,0,0,19.650600194931,0,0,0,0,0,0,0,0,0,0,0,0,0,22.0224769855368,0,0,0,13.8895157399385,0,0,0,0,46.9833246866862,4.47645341310746,0,0,0,0,0,7.9607335281572,0,0,0,3.79034543037415,0,5.24396480475703,0,0,0,0,0,0,15.9351806640625,0,0,0,0,0,0,0,0,0,0,0,0,0,20.7867952982585,6.5403514793261,0,9.44759663660428,0,11.2114887702756
0,0,0,5.04143973520607,0,9.20954192630828,0,0,0,7.86026470210846,0,0,0,0,0,9.78380881185117,0,0,7.53299111127853,0,0,0,0,17.9064631734576,0,0,0,0,0,0,0,0,0,0,0,85.6348419189453,0,0,0,0,0,20.7982046650006,0,0,0,0,0,42.837158203125,0,4.60036784815557,0,9.03148794174194,0,0,0,6.97604490482985,0,0,0,0,0,8.83793810435704,88.2209548950195,0,0,0,18.9415100097656,0,0,0,0,0,0,0,0,0,0,0,36.467643737793,0,0,0,5.32000508634134,6.52110195159912,13.1738500542884,0,0
5.85924434242455,0,0,0,8.22915140744094,0,0,0,7.40539289951324,0,0,0,0,0,0,0,0,0,35.8561973571777,0,0,0,0,0,0,0,0,0,0,0,0,0,0,0,0,0,22.3627166748047,0,0,0,36.6005395253499,0,28.1627667744954,0,0,0,11.5517779159546,38.7132034301758,9.55095156526144,0,2.93234634399414,0,0,0,4.42913570404053,0,3.70631641876407,0,3.16489498955863,0,3.71835406621297,0,0,16.3353444508144,0,0,0,0,0,0,0,0,0,34.5272197723389,0,0,0,0,0,42.1698117937361,0,0,8.22480459260006,7.89720463752747,5.55370280699165,0,15.8950090408325
0,5.04143973520607,0,0,0,5.37175545479682,0,0,0,4.93910692943321,0,0,0,0,0,3.22743161519369,0,0,0,0,0,0,0,0,0,0,0,0,0,0,0,0,0,59.4657554626465,0,24.5852527618408,0,0,0,46.0083198547363,0,32.1781656546671,0,27.6661396026611,0,14.4745597147173,0,57.1369024004255,0,5.45909472365128,0,4.30793823047005,0,0,0,4.45311225910445,0,3.59231081734533,0,0,0,3.4684950459388,27.0678313440747,0,0,0,0,0,0,0,0,0,37.1789665222168,0,0,0,0,0,41.2514162063599,0,38.0073939236728,0,6.51011215424051,0,7.03152599744499,0,0
9.88180002413298,0,8.22915140744094,0,0,0,3.47316753864288,0,8.00977385044098,0,0,0,0,0,0,0,0,0,0,0,7.67902656520406,0,0,0,0,0,0,0,0,0,0,0,0,0,0,0,24.0156855949989,0,0,0,42.6882756551107,0,46.5645935876029,0,0,0,21.5247683979216,51.1632045399059,47.898787513146,46.2660579681396,3.15659154431764,0,0,0,3.26642119884491,0,37.9726130167643,0,0,0,0,0,0,12.0722683124375,0,0,0,0,0,0,0,0,0,41.4864086151123,0,0,0,62.8532524108887,0,48.6888082529369,0,52.2584095001221,6.89067250963241,21.2139171759288,9.919705125651,0,0
0,9.20954192630828,0,5.37175545479682,0,0,0,0,0,4.1713577361956,0,31.290002822876,0,0,0,0,0,0,83.6158638000488,8.30725190292395,0,0,0,0,0,0,0,0,0,43.1969795227051,0,0,0,0,0,9.84357322504123,0,44.3561534881592,0,46.762261050871,0,49.8743935624758,52.8452796936035,0,0,24.5656028785328,0,52.9632574462891,0,43.8605374089123,0,4.91988268451414,0,0,0,3.2556909699189,0,33.1532492821033,0,36.849178314209,0,0,15.4146413114212,0,0,0,0,0,0,0,43.7903900146484,0,44.8672651952627,0,0,0,67.2513961791992,0,48.8406188683432,0,47.2125554165598,0,5.10709542822331,0,13.6567260847261,53.1338653564453,0
0,0,0,0,3.47316753864288,0,0,0,0,0,7.16958570480347,0,0,0,0,0,0,0,0,0,5.80762648582458,0,0,0,0,0,0,0,0,0,0,0,0,0,0,0,0,0,0,0,0,0,0,0,0,0,0,0,0,0,0,0,4.5955087473427,0,0,0,5.34243140050343,0,0,0,0,0,0,0,0,0,0,0,0,0,0,0,0,0,0,0,0,0,0,3.59848308563232,0,0,4.39805192683177,0,0,0,0
0,0,0,0,0,0,0,0,0,0,0,4.38879043480446,0,3.18356990814209,0,0,0,0,0,3.20375047978901,0,0,0,0,0,0,0,0,0,0,0,0,0,0,0,0,0,0,0,0,0,0,0,0,0,0,0,0,0,0,0,3.39307883807591,0,3.78382993116975,0,0,0,4.21033048629761,0,3.69378427416086,0,0,0,0,0,0,0,0,0,0,0,0,0,0,0,0,0,0,0,0,0,0,3.02355320700284,0,0,0,0
6.39541742800021,0,7.40539289951324,0,8.00977385044098,0,0,0,0,46.0833233594894,0,0,0,0,8.59479056851248,55.7621339162191,20.173277096572,40.8121698835622,15.5933410354283,0,17.4935646057129,0,0,34.7821763356527,5.16667595986397,50.8213218688965,13.9100518394919,0,0,0,0,0,0,0,0,0,30.2310810089111,81.8341751098633,8.25278736377249,62.7464205423991,59.3939247131348,66.7810707092285,19.8429383451288,0,29.7165412902832,0,23.0009736453786,52.6959571838379,23.0391448868646,0,3.38816201686859,0,0,0,5.92341753834327,52.7101389567057,36.5583534240723,0,0,0,9.60168204307556,53.9201717376709,52.9001197814941,24.5807771682739,0,0,0,4.55454918054434,41.3317985534668,22.278195511211,0,0,0,40.9327665964762,0,0,0,0,62.4368040296767,49.5173122167587,0,7.81417100732977,10.9384647595282,8.10479682683945,7.25686803889724,40.7701587677002,46.811840057373
0,7.86026470210846,0,4.93910692943321,0,4.1713577361956,0,0,46.0833233594894,0,0,0,0,0,43.4197044372559,10.9456484872241,36.0741441473776,19.935939862804,11.5932942459125,0,0,0,0,18.3656223093877,0,12.7936153237678,50.295176188151,0,0,0,0,0,0,0,0,0,0,5.82869275232379,0,59.9424391852485,52.2964820861816,40.0654920247885,43.0028615248831,25.8011073430379,0,34.7229843139648,35.8302122751872,0,0,7.45404608249664,0,7.9752637260365,0,0,0,5.35972591544891,0,0,0,0,42.1249294281006,8.54964861749601,40.5649924278259,0,0,0,0,0,14.9448035558065,50.4303531646729,0,0,55.4745903015137,51.4044647216797,0,0,0,0,58.7519040358694,57.4183288343025,10.105610743165,0,10.2328937864741,40.905237197876,11.5135534458554,36.8586232321603,0
0,0,0,0,0,0,7.16958570480347,0,0,0,0,0,3.33877687321769,0,0,0,0,0,0,0,3.70914773631406,0,0,0,0,0,0,0,0,0,0,0,0,0,0,0,3.15785516710842,0,3.86037427452269,0,38.0212135314941,0,44.9044303894043,0,0,0,11.9098713556925,0,45.1360778808594,0,0,0,5.54983059565226,0,0,0,4.47193605711586,0,3.10724023410252,0,0,0,0,5.97026901645998,0,0,0,0,0,0,0,0,0,5.81916828589006,0,0,0,0,0,15.0450603961945,0,4.28836593894184,4.2221159259957,0,7.9034150618094,0,0
0,0,0,0,0,31.290002822876,0,4.38879043480446,0,0,0,0,0,2.87334252794584,0,0,0,0,0,3.46914243863428,0,0,0,0,0,0,0,0,0,7.36946341383312,0,0,0,0,0,3.26073536357364,0,3.37587253763041,0,49.0291023254395,0,20.9396325856039,0,0,0,20.2384021193893,0,0,0,49.0462938944499,0,0,0,6.09126540234214,0,0,0,4.63999339915258,0,0,0,0,9.77456549750176,0,0,0,0,0,0,0,17.932219712965,0,9.90848422517963,0,0,0,0,0,7.30191082133478,0,3.9863575102853,0,3.10241864321433,2.96871147213913,17.821522310045,21.2713190714518,0
4.73382639884949,0,0,0,0,0,0,0,0,0,3.33877687321769,0,0,0,3.46308998177561,0,0,0,0,0,0,0,0,0,0,0,0,0,3.0926242516591,0,0,0,0,0,0,0,0,0,0,0,0,0,0,0,0,0,0,0,4.21013277769089,0,0,0,0,0,0,0,2.9610321521759,0,3.14441950209189,0,5.1955749809742,0,0,0,0,0,0,0,0,0,0,0,0,0,0,0,0,0,0,0,0,0,3.0684441725413,0,0,0,0
0,0,0,0,0,0,0,3.18356990814209,0,0,0,2.87334252794584,0,0,0,3.28153868997173,0,7.56940031051636,0,0,0,0,0,0,0,0,0,3.29651941571917,0,0,0,0,0,0,0,0,0,0,0,0,0,0,0,0,0,0,0,0,0,0,0,3.91033825193133,0,3.20794808864594,0,0,0,3.48600773341501,0,3.19027658312389,0,3.14440972390382,0,0,0,0,0,0,0,0,2.85513055324554,0,0,0,0,0,0,0,0,0,0,0,3.21571015176319,3.2735747385025,0,0,0
3.12113798459371,0,0,0,0,0,0,0,8.59479056851248,43.4197044372559,0,0,3.46308998177561,0,0,0,16.0187811219929,35.7817426919937,28.5001572608948,0,0,0,0,33.2513771057129,0,0,9.35540210860116,0,0,0,0,0,0,0,0,0,0,0,28.0305337905884,0,0,0,88.8470153808594,0,0,0,49.107292175293,0,7.2522085805734,0,0,0,0,0,6.71215390099419,0,4.92521028518677,0,4.46079470172073,0,3.87981692531653,0,0,0,0,0,0,0,0,14.4412640045429,0,0,0,0,0,0,0,0,0,0,0,20.2455959320068,11.5341791193749,7.56485033035278,9.27649676799774,0,0
0,9.78380881185117,0,3.22743161519369,0,0,0,0,55.7621339162191,10.9456484872241,0,0,0,3.28153868997173,0,0,43.7883967558543,14.5404168922516,29.0364424761604,0,0,0,0,26.6932468414307,0,10.7085779279959,0,4.86477104822795,0,0,0,0,0,0,0,0,0,0,0,0,0,0,0,0,0,0,0,0,0,0,0,7.3892068862915,0,0,0,4.6593571945473,0,0,0,3.98192265852174,0,4.60467815298994,0,74.1721649169922,0,0,0,0,7.88809386052583,45.9097862243652,0,0,0,0,0,0,0,0,0,0,0,0,9.45837476616244,7.13797820261283,0,0,87.1835784912109
6.96620202064514,0,0,0,0,0,0,0,20.173277096572,36.0741441473776,0,0,0,0,16.0187811219929,43.7883967558543,0,21.2466938013645,19.158317723953,0,0,0,0,32.4363180796305,0,38.6018325610039,9.70930625836142,0,0,65.5024948120117,0,0,0,0,0,68.8512268066406,47.0827903747559,66.7031707763672,0,66.1444414482742,58.1421989730642,57.0779862993219,43.4451599489918,47.4989874362946,35.114049911499,56.7587858630765,50.1484291770241,93.0079803466797,60.0088310241699,77.3013820648193,0,0,0,0,21.189234495163,41.6535309878263,66.4735794067383,79.4654083251953,0,0,12.136320087341,42.155535168118,68.4630406697591,62.8207689921061,0,0,0,0,37.4633543226454,12.98250070628,0,0,75.0082372029622,65.0887616475423,0,0,0,0,71.9384652278462,65.8831993860143,81.2819811503092,62.87493624006,19.0424739057584,33.1356620334444,55.5095751135199,52.4584620931874,39.9848081925336
0,0,0,0,0,0,0,0,40.8121698835622,19.935939862804,0,0,0,7.56940031051636,35.7817426919937,14.5404168922516,21.2466938013645,0,19.7078140644848,0,84.1808929443359,3.51674231290817,0,24.1827622619835,0,9.83847986849563,35.9714023896626,4.24721231914702,0,0,0,0,0,0,0,0,0,54.4668102264404,0,59.1695657348633,65.9147821374842,44.2604949520184,50.4546815156937,30.2260667483012,43.539514541626,46.3242420985781,57.4937410856548,0,67.2503617604574,58.9056987762451,0,0,0,0,48.1962242126465,16.1023342959531,85.8781280517578,75.8926086425781,0,12.4129047393799,41.1399250030518,14.0267245510849,63.3234461004084,62.8179466247559,0,0,0,0,12.8209179323077,36.5975956344604,0,0,69.0512784322103,65.5097770690918,0,0,0,0,64.9268288824968,70.9224639010073,56.8366630984024,71.1140823364258,17.0498666520938,19.7066428376059,49.0178382135533,39.8917533567288,59.7523679733276
6.74024320439081,7.53299111127853,35.8561973571777,0,0,83.6158638000488,0,0,15.5933410354283,11.5932942459125,0,0,0,0,28.5001572608948,29.0364424761604,19.158317723953,19.7078140644848,0,56.3765029907227,0,0,0,13.6836828667185,0,30.3645648956299,30.2103032504811,0,0,52.8307781219482,0,0,0,0,47.3243789672852,61.0918476798318,43.3487720489502,49.4215368383071,0,47.619857953206,43.3444381051508,31.3877224107667,27.2005743518077,22.2684994447427,18.1623535095117,40.1817847597426,34.4196089511643,44.578377859933,46.8839167411754,48.2239737017401,0,0,0,0,0,18.5492649608188,64.2560386657715,63.1551969968356,0,0,30.371413230896,34.7301775279798,53.7243140754053,53.1302056884766,0,0,0,0,31.9710322618484,34.5092889785767,58.9871788024902,0,49.2813349476567,47.8899402320385,0,0,0,49.3447418212891,51.7842543387564,49.5536332514284,45.5267434127687,44.255506056473,13.6197518358779,21.9271293119951,34.5979259486462,27.0260462003626,26.2860390665257
0,0,0,0,0,8.30725190292395,0,3.20375047978901,0,0,0,3.46914243863428,0,0,0,0,0,0,56.3765029907227,0,0,0,0,0,0,0,0,0,0,18.4818096160889,0,0,0,0,0,3.51513698648234,0,3.84470419271277,0,56.3599159240723,0,23.0932958498597,0,29.7961120605469,0,17.2685776200405,0,47.2640609741211,0,38.9004907608032,0,6.30440587997437,0,0,0,0,0,10.4905782312487,0,0,0,0,7.11432652725623,0,0,0,0,0,0,0,22.5608862907656,0,19.8771359875517,0,0,0,0,0,6.28114738511445,0,5.33035854678348,0,4.97959565599581,0,20.8156552547362,13.4381103515625,0
0,0,0,0,7.67902656520406,0,5.80762648582458,0,17.4935646057129,0,3.70914773631406,0,0,0,0,0,0,84.1808929443359,0,0,0,0,0,0,0,0,0,0,0,0,4.94746088981628,0,0,0,0,0,3.96786358666058,0,3.70364254786644,0,40.1885452270508,0,21.7980412783688,0,0,0,10.7106936231573,49.5403238932292,46.147046661377,0,3.36881160736084,0,0,0,0,0,6.7830932511986,0,0,0,0,0,0,3.97190576986015,0,0,0,0,0,0,0,0,0,10.8641230036051,0,0,0,52.4934310913086,0,4.23495586240878,0,8.09618728284891,4.81854543433899,13.7672805786133,11.8731145888443,0,27.7128067016602
0,0,0,0,0,0,0,0,0,0,0,0,0,0,0,0,0,3.51674231290817,0,0,0,0,5.76520082583794,11.0232499079271,0,2.95156841278076,0,0,0,0,0,0,0,0,0,0,0,4.22644595315836,0,0,0,0,0,0,0,0,0,23.5263404846191,0,11.073535341865,0,0,0,0,0,0,0,0,0,0,0,0,0,0,5.4472488317151,0,6.74955342267011,0,3.3151461020112,0,5.22808271321383,0,0,0,0,0,0,0,0,0,7.33211611551345,0,3.57883542159508,3.09455043619329,21.1073710441589,0,0
0,0,0,0,0,0,0,0,0,0,0,0,0,0,0,0,0,0,0,0,0,5.76520082583794,0,0,3.77651897647925,0,0,0,2.92248185702733,0,0,0,0,0,0,0,0,0,4.16273230718187,0,0,0,0,0,0,0,0,20.793977355957,6.57797762751579,0,0,0,0,0,0,0,0,0,0,0,0,0,0,0,5.61573595633874,5.34996928332893,0,2.74571394920349,0,0,0,0,0,0,0,0,0,0,0,0,0,5.60296732224293,3.35512917130082,2.79864823818207,0,0,0
0,17.9064631734576,0,0,0,0,0,0,34.7821763356527,18.3656223093877,0,0,0,0,33.2513771057129,26.6932468414307,32.4363180796305,24.1827622619835,13.6836828667185,0,0,11.0232499079271,0,0,0,3.61270773940616,35.1080207824707,0,0,0,0,0,0,0,0,0,0,4.79384067280883,0,0,0,39.4163665771484,0,0,0,0,0,0,0,7.27734274334378,0,0,0,0,0,5.25247734623986,0,0,0,0,0,19.5082168579102,0,0,9.52468459746417,0,3.46694225324711,0,3.04337986504159,35.1907806396484,0,0,0,0,0,0,0,0,0,0,6.00858085663592,0,13.110418164853,0,7.58252790768941,0,0
19.650600194931,0,0,0,0,0,0,0,5.16667595986397,0,0,0,0,0,0,0,0,0,0,0,0,0,3.77651897647925,0,0,0,2.84199921981148,0,0,0,0,0,0,0,0,0,0,0,7.35928163478249,0,0,0,0,0,0,0,0,0,9.98943064212799,0,0,0,0,0,7.29956723731241,0,0,0,0,0,25.7139511108398,0,0,0,0,4.1905106153894,0,3.73817177782296,0,0,0,0,0,0,0,0,0,0,0,0,0,6.52878458348532,10.8595006465912,0,9.27231746885512,0,0
0,0,0,0,0,0,0,0,50.8213218688965,12.7936153237678,0,0,0,0,0,10.7085779279959,38.6018325610039,9.83847986849563,30.3645648956299,0,0,2.95156841278076,0,3.61270773940616,0,0,0,3.82844941956656,0,0,0,0,0,0,0,0,0,0,0,0,0,40.1787567138672,60.0546798706055,0,0,0,0,0,0,0,0,0,0,0,0,12.1893602813162,0,0,0,0,0,7.60771949040262,0,0,0,0,4.04910707473755,0,3.28815035627681,0,2.784602697079,0,0,0,0,0,0,0,73.8489685058594,88.9328994750977,0,0,15.3977857984899,18.5525606832197,66.117769241333,0,0
0,0,0,0,0,0,0,0,13.9100518394919,50.295176188151,0,0,0,0,9.35540210860116,0,9.70930625836142,35.9714023896626,30.2103032504811,0,0,0,0,35.1080207824707,2.84199921981148,0,0,0,3.23081970214844,0,0,0,0,0,0,0,0,0,0,0,0,0,0,0,0,0,0,0,0,0,0,0,0,0,0,0,0,0,0,0,7.57134501636028,48.0529594421387,0,0,0,0,0,3.06808020187928,0,5.91232260886361,0,0,0,0,0,0,0,0,80.3030242919922,0,0,0,12.3411907693828,0,0,0,0
0,0,0,0,0,0,0,0,0,0,0,0,0,3.29651941571917,0,4.86477104822795,0,4.24721231914702,0,0,0,0,0,0,0,3.82844941956656,0,0,0,3.06423442860086,0,0,0,0,0,0,0,3.49188374918561,0,0,0,0,0,0,0,0,0,0,0,0,0,0,0,0,0,0,0,3.69153320789337,0,2.74306297302246,0,0,0,0,0,0,0,0,0,0,3.24708391080691,0,3.30983604264982,0,0,0,0,0,0,0,3.49323426352607,0,4.77152746915817,3.5197061510647,0,0,0
0,0,0,0,0,0,0,0,0,0,0,0,3.0926242516591,0,0,0,0,0,0,0,0,0,2.92248185702733,0,0,0,3.23081970214844,0,0,0,3.09704135475358,0,0,0,0,0,0,0,3.08761232894462,0,0,0,0,0,0,0,0,0,0,0,0,0,0,0,0,0,0,0,3.66503094391502,0,2.84408432245255,0,0,0,0,2.91060163180033,0,0,0,0,0,3.38211222265808,0,3.37758927875095,0,0,0,0,0,0,0,3.4698649603745,2.84869918456444,2.96703934669495,0,0,0
0,0,0,0,0,43.1969795227051,0,0,0,0,0,7.36946341383312,0,0,0,0,65.5024948120117,0,52.8307781219482,18.4818096160889,0,0,0,0,0,0,0,3.06423442860086,0,0,0,0,0,0,0,0,0,3.50626563170566,0,70.143310546875,0,28.3519771575928,0,26.6322002410889,0,21.3842175923861,0,0,0,0,0,0,0,0,0,0,0,5.76706267647121,0,0,0,0,17.2184563759835,0,0,0,0,0,0,0,3.27997542435015,0,3.12178612113895,0,0,0,0,0,49.9611575786884,0,4.68919960477135,0,2.89478668570518,0,29.172567791409,23.2592235565186,0
0,0,0,0,0,0,0,0,0,0,0,0,0,0,0,0,0,0,0,0,4.94746088981628,0,0,0,0,0,0,0,3.09704135475358,0,0,0,0,0,0,0,0,0,2.80015742778778,0,0,0,0,0,0,0,15.1029014587402,0,0,0,0,0,0,0,0,0,3.29146084785461,0,0,0,0,0,0,12.0757720470428,0,0,0,0,0,0,0,3.7069661957877,0,3.19217306634654,0,0,0,0,0,0,0,3.80282323890262,0,0,6.57420969009399,0,0
0,0,0,0,0,0,0,0,0,0,0,0,0,0,0,0,0,0,0,0,0,0,0,0,0,0,0,0,0,0,0,0,6.22490916982059,4.14513290219191,0,4.4329647416196,3.2046838429597,0,0,0,0,0,0,0,0,0,0,3.81511839271197,0,0,0,0,0,0,0,0,0,0,0,0,0,0,0,0,0,0,0,0,0,0,0,0,0,0,6.61244514683501,5.8015799105323,6.3356493123166,6.48116069090994,9.04993949769873,12.414529800415,0,0,3.13749965642003,0,0,0,0
0,0,0,0,0,0,0,0,0,0,0,0,0,0,0,0,0,0,0,0,0,0,0,0,0,0,0,0,0,0,0,6.22490916982059,0,6.34107172489166,5.188094782186,2.94423427581787,3.36827695447635,0,0,0,0,0,54.5393409729004,0,0,0,43.7109756469727,7.61799705002102,13.0315721736235,0,0,0,0,0,0,0,0,0,0,0,0,0,0,0,0,0,0,0,0,0,0,0,0,0,7.09300341660326,5.82756473571398,13.2402267456055,7.29090330736809,13.648452666498,6.44618776756498,0,73.9970169067383,6.33895276542063,0,27.3573380878993,0,0
0,0,0,59.4657554626465,0,0,0,0,0,0,0,0,0,0,0,0,0,0,0,0,0,0,0,0,0,0,0,0,0,0,0,4.14513290219191,6.34107172489166,0,4.05188655987819,5.50176731526382,0,4.89324495436639,9.35891103744507,0,0,22.9576005935669,0,0,0,0,0,6.35513734265765,30.6681270599365,13.9063781012188,0,0,0,0,0,0,0,0,0,0,0,0,0,0,0,0,0,0,0,0,34.7975883483887,0,0,0,6.53978820280595,3.24576079845428,4.7701441166565,4.18175843396744,7.88733284232708,20.4863166809082,8.09191950162252,16.4528946876526,4.02261597754663,0,16.2135393619537,0,0
0,0,0,0,0,0,0,0,0,0,0,0,0,0,0,0,0,0,47.3243789672852,0,0,0,0,0,0,0,0,0,0,0,0,0,5.188094782186,4.05188655987819,0,0,3.59432830695105,0,6.85211708959839,0,0,0,27.1154720783234,0,0,0,44.2689819335938,6.58100918038138,9.31724456057829,14.2174164454142,0,0,0,0,0,0,0,0,0,0,0,0,0,56.1256071726481,0,0,0,0,0,0,0,0,0,82.653205871582,19.514713605245,3.30601496696472,5.01987239427096,4.56479087256574,26.1650487581889,5.27462164625704,4.28003859519958,9.91723320412242,5.63562421845918,0,31.9495580593745,0,0
0,85.6348419189453,0,24.5852527618408,0,9.84357322504123,0,0,0,0,0,3.26073536357364,0,0,0,0,68.8512268066406,0,61.0918476798318,3.51513698648234,0,0,0,0,0,0,0,0,0,0,0,4.4329647416196,2.94423427581787,5.50176731526382,0,0,3.52480218278935,4.73501795997052,0,37.4091407838932,0,32.7777920712852,26.3434867858887,40.5696907043457,0,20.831819592513,0,11.9662250473886,11.5788478851318,32.3238437169183,0,47.8462867736816,0,0,0,0,0,45.7274265289307,0,0,0,0,17.5880768853732,0,0,0,0,0,0,0,50.8467161390517,0,45.8756162915911,0,7.02189518928528,6.7074361349407,10.2635677099228,0,6.86490038476737,4.92168283012678,8.45286576867881,0,4.27937587192715,5.90732140541077,29.362017078925,32.8152860005697,0
0,0,22.3627166748047,0,24.0156855949989,0,0,0,30.2310810089111,0,3.15785516710842,0,0,0,0,0,47.0827903747559,0,43.3487720489502,0,3.96786358666058,0,0,0,0,0,0,0,0,0,0,3.2046838429597,3.36827695447635,0,3.59432830695105,3.52480218278935,0,0,5.68241955567149,0,43.2498106275286,0,34.0863544676039,0,0,0,14.3498437416348,6.68340601873158,28.9413288628183,18.5395954449972,35.0960807800293,0,0,0,0,0,0,0,0,0,0,0,0,8.56424552893293,0,0,0,0,0,0,0,0,0,41.6089379446847,22.3372211456299,4.7017968398309,0,3.71559425975595,4.47990310857744,5.27405989009904,0,7.02123136631161,3.63225519197984,32.6811676025391,25.640394901094,0,30.4140682220459
0,0,0,0,0,44.3561534881592,0,0,81.8341751098633,5.82869275232379,0,3.37587253763041,0,0,0,0,66.7031707763672,54.4668102264404,49.4215368383071,3.84470419271277,0,4.22644595315836,0,4.79384067280883,0,0,0,3.49188374918561,0,3.50626563170566,0,0,0,4.89324495436639,0,4.73501795997052,0,0,4.28008912290846,62.0274257659912,0,10.8219436879016,0,26.5965044839042,0,19.7541144140835,0,8.10993077672565,0,6.22906294842984,0,0,0,0,0,6.84246291433062,0,7.9098894900464,0,0,0,0,16.4401346451325,0,4.51056198812387,0,7.58905631928217,0,0,0,5.07481070568687,0,6.08302354812622,0,0,0,7.27263125742671,0,7.70669025074352,0,5.97224654516928,2.74431502819061,4.64950067195309,4.34663156307105,8.44738458887922,22.1890857333229,0
22.0224769855368,0,0,0,0,0,0,0,8.25278736377249,0,3.86037427452269,0,0,0,28.0305337905884,0,0,0,0,0,3.70364254786644,0,4.16273230718187,0,7.35928163478249,0,0,0,3.08761232894462,0,2.80015742778778,0,0,9.35891103744507,6.85211708959839,0,5.68241955567149,4.28008912290846,0,0,0,0,8.94435312426424,0,0,0,0,10.1336809882532,4.09481541636958,0,0,0,0,0,10.3828444212478,0,8.13683286919651,0,0,0,30.27685546875,0,0,5.88850159645081,0,3.76270581847743,0,11.4363507082362,0,0,0,0,0,0,0,0,4.72925542612545,6.67605890677525,0,5.35074344944879,4.58609383947709,5.31723169014775,4.51868987956182,3.12822449952364,8.82078509439122,0,0
0,0,0,46.0083198547363,0,46.762261050871,0,0,62.7464205423991,59.9424391852485,0,49.0291023254395,0,0,0,0,66.1444414482742,59.1695657348633,47.619857953206,56.3599159240723,0,0,0,0,0,0,0,0,0,70.143310546875,0,0,0,0,0,37.4091407838932,0,62.0274257659912,0,0,73.4426370100542,25.7975452224729,62.1552688280741,28.0513578796387,43.8383486005995,29.0682477673112,70.6701156616211,28.4149746629927,68.5732065836589,22.4897743163121,0,48.6262016296387,0,0,0,0,0,46.6334667205811,0,0,0,0,18.4747305638963,89.8550796508789,0,0,0,0,71.4189300537109,0,61.469935768529,0,56.1180329587724,0,0,0,36.7329502105713,0,18.9845307398903,77.8008230270878,26.8461871834125,70.9537048339844,41.7057234239578,55.7728996276855,26.2655749097312,27.7086463119044,48.0866737365723
0,0,36.6005395253499,0,42.6882756551107,0,0,0,59.3939247131348,52.2964820861816,38.0212135314941,0,0,0,0,0,58.1421989730642,65.9147821374842,43.3444381051508,0,40.1885452270508,0,0,0,0,0,0,0,0,0,0,0,0,0,0,0,43.2498106275286,0,0,73.4426370100542,0,58.62662088871,21.0595340114496,49.7928126653036,26.2519336978331,62.5575798034668,21.3302412122808,24.9629842073489,21.2213899261239,33.0043223698934,28.8292846679688,0,0,0,0,0,55.3965630531311,0,0,0,0,0,74.4587879180908,30.8288339335343,0,0,0,0,0,0,0,0,0,53.962096981886,0,16.2263011932373,0,0,75.2155209591514,24.2508421334113,0,27.5517482885293,38.8258655967775,43.8952217102051,21.5805719407757,78.1231282552083,19.1268818402531
0,20.7982046650006,0,32.1781656546671,0,49.8743935624758,0,0,66.7810707092285,40.0654920247885,0,20.9396325856039,0,0,0,0,57.0779862993219,44.2604949520184,31.3877224107667,23.0932958498597,0,0,0,39.4163665771484,0,40.1787567138672,0,0,0,28.3519771575928,0,0,0,22.9576005935669,0,32.7777920712852,0,10.8219436879016,0,25.7975452224729,58.62662088871,0,14.2617668364848,22.1966766277949,31.7622771012156,26.7620032995238,71.4751873016357,24.8997659721223,37.7995773042951,22.1268745869205,0,39.0076481745793,0,0,0,32.8482360839844,0,20.8903581101691,0,0,60.4039306640625,0,27.1459381520339,0,0,0,0,0,0,0,23.1307538264507,0,22.6745528066762,118.033332824707,0,0,20.1905547055331,30.4016456604004,26.0999452294861,63.7953737046983,24.6026197952799,0,21.9260935086777,57.1843719482422,17.78554486884,11.9405276296382,35.4221585591634
13.8895157399385,0,28.1627667744954,0,46.5645935876029,52.8452796936035,0,0,19.8429383451288,43.0028615248831,44.9044303894043,0,0,0,88.8470153808594,0,43.4451599489918,50.4546815156937,27.2005743518077,0,21.7980412783688,0,0,0,0,60.0546798706055,0,0,0,0,0,0,54.5393409729004,0,27.1154720783234,26.3434867858887,34.0863544676039,0,8.94435312426424,62.1552688280741,21.0595340114496,14.2617668364848,0,31.3890643649631,16.1879646716974,56.1451590855916,23.9966528289889,22.1994311824726,17.6967419399267,54.9553985595703,0,0,0,0,0,0,24.7828376293182,66.7773513793945,0,0,0,0,72.9808000417856,20.9391853683006,0,0,0,0,0,0,0,17.260244846344,73.2492421468099,19.7673161824544,0,0,0,19.3361206054688,64.1224318883752,25.859514947284,56.9940986633301,20.1082725819915,25.6847913695897,40.9224043759433,16.5166846290665,40.5803715632512,8.69555414285331
0,0,0,27.6661396026611,0,0,0,0,0,25.8011073430379,0,0,0,0,0,0,47.4989874362946,30.2260667483012,22.2684994447427,29.7961120605469,0,0,0,0,0,0,0,0,0,26.6322002410889,0,0,0,0,0,40.5696907043457,0,26.5965044839042,0,28.0513578796387,49.7928126653036,22.1966766277949,31.3890643649631,0,0,14.0514595379701,0,42.0305862426758,0,31.8392893791199,0,0,0,0,0,24.4022922515869,0,25.4754535357157,0,0,0,0,29.070694386274,77.7505874633789,0,0,0,0,0,0,28.3383207321167,0,26.7066292133737,0,0,0,0,0,34.2711482904588,50.822375509474,27.8316665915556,0,22.0155363082886,0,16.1901570094033,16.4914144298487,33.2580108642578
0,0,0,0,0,0,0,0,29.7165412902832,0,0,0,0,0,0,0,35.114049911499,43.539514541626,18.1623535095117,0,0,0,0,0,0,0,0,0,0,0,0,0,0,0,0,0,0,0,0,43.8383486005995,26.2519336978331,31.7622771012156,16.1879646716974,0,0,50.3546829223633,14.0651382075416,0,34.7795413970947,0,0,0,0,0,0,0,19.3893389701843,0,0,0,0,0,39.3921775817871,34.7380910353227,0,0,0,0,0,0,0,0,50.6395797729492,23.5634171555682,0,0,0,0,43.9312583635438,30.9269338573868,0,25.4978235739249,26.0628796453061,0,19.190476118168,24.0852737426758,13.4765230814616
0,0,0,14.4745597147173,0,24.5656028785328,0,0,0,34.7229843139648,0,20.2384021193893,0,0,0,0,56.7587858630765,46.3242420985781,40.1817847597426,17.2685776200405,0,0,0,0,0,0,0,0,0,21.3842175923861,0,0,0,0,0,20.831819592513,0,19.7541144140835,0,29.0682477673112,62.5575798034668,26.7620032995238,56.1451590855916,14.0514595379701,50.3546829223633,0,59.6472511291504,39.5076653592221,0,34.7359469344322,0,21.4739461898804,0,0,0,0,0,20.4661026355832,0,0,0,0,13.9915506126395,75.3164367675781,0,0,0,0,0,58.5944290161133,30.7243572803254,0,24.9823416202907,0,0,0,50.2068054199219,0,24.2652191411431,68.7234883559378,20.2494762014635,0,28.3768177331934,22.7782535552979,15.0017247002367,24.519729582818,0
0,0,11.5517779159546,0,21.5247683979216,0,0,0,23.0009736453786,35.8302122751872,11.9098713556925,0,0,0,49.107292175293,0,50.1484291770241,57.4937410856548,34.4196089511643,0,10.7106936231573,0,0,0,0,0,0,0,0,0,15.1029014587402,0,43.7109756469727,0,44.2689819335938,0,14.3498437416348,0,0,70.6701156616211,21.3302412122808,71.4751873016357,23.9966528289889,0,14.0651382075416,59.6472511291504,0,40.3435665957899,36.6049439616187,42.224422454834,15.494663476944,0,0,0,0,0,13.6916567037913,0,0,0,0,0,63.7166366577148,9.94569557639444,0,0,0,0,0,48.7040214538574,0,22.8028108596802,0,17.4729183925377,0,61.9888610839844,0,55.638932800293,75.0707636746493,21.4686495922978,0,16.1859264415334,25.6302670402002,24.9235097765923,16.8982426973244,79.7948150634766,22.9037026299371
46.9833246866862,42.837158203125,38.7132034301758,57.1369024004255,51.1632045399059,52.9632574462891,0,0,52.6959571838379,0,0,0,0,0,0,0,93.0079803466797,0,44.578377859933,47.2640609741211,49.5403238932292,23.5263404846191,20.793977355957,0,0,0,0,0,0,0,0,3.81511839271197,7.61799705002102,6.35513734265765,6.58100918038138,11.9662250473886,6.68340601873158,8.10993077672565,10.1336809882532,28.4149746629927,24.9629842073489,24.8997659721223,22.1994311824726,42.0305862426758,0,39.5076653592221,40.3435665957899,0,12.1093662973759,10.6658038524344,50.3277359008789,52.7957763671875,0,0,0,0,57.1352397918701,52.8505530584426,0,0,0,0,47.4773251143369,46.3239077919408,19.5833625793457,20.4190845489502,0,0,0,0,48.464773495992,0,65.6949297587077,61.4605758303688,8.34959560212955,10.6518617923177,9.65909130581942,9.15711468707138,10.4595596944246,13.4477458931934,13.6882481557952,11.2029351075937,16.7522785471505,48.903299331665,24.2946340021012,33.3505349159241,32.3736822945731
4.47645341310746,0,9.55095156526144,0,47.898787513146,0,0,0,23.0391448868646,0,45.1360778808594,0,4.21013277769089,0,7.2522085805734,0,60.0088310241699,67.2503617604574,46.8839167411754,0,46.147046661377,0,6.57797762751579,0,9.98943064212799,0,0,0,0,0,0,0,13.0315721736235,30.6681270599365,9.31724456057829,11.5788478851318,28.9413288628183,0,4.09481541636958,68.5732065836589,21.2213899261239,37.7995773042951,17.6967419399267,0,34.7795413970947,0,36.6049439616187,12.1093662973759,0,4.75012899890091,44.3744220733643,0,0,0,0,0,11.3292439351269,0,3.89034067405449,0,8.76421480178833,0,61.6609954833984,40.3367804974318,0,6.81631762855931,0,6.73257044081662,0,4.42764921379089,0,5.33183886788108,0,45.9164141509139,0,19.1692571640015,0,18.5657898935221,73.3988482157389,28.5596802710239,0,9.6048531572075,29.8148550699497,49.4398333231608,20.1356689027644,0,14.4100504056463
0,4.60036784815557,0,5.45909472365128,46.2660579681396,43.8605374089123,0,0,0,7.45404608249664,0,49.0462938944499,0,0,0,0,77.3013820648193,58.9056987762451,48.2239737017401,38.9004907608032,0,11.073535341865,0,7.27734274334378,0,0,0,0,0,0,0,0,0,13.9063781012188,14.2174164454142,32.3238437169183,18.5395954449972,6.22906294842984,0,22.4897743163121,33.0043223698934,22.1268745869205,54.9553985595703,31.8392893791199,0,34.7359469344322,42.224422454834,10.6658038524344,4.75012899890091,0,0,40.2365125550164,0,0,0,5.59611365853286,54.9798812866211,39.6320797220255,0,56.1831016540527,0,9.37415816783905,37.6512015236416,53.4822597503662,7.1890864892569,0,5.31556129195,0,4.83442931856428,0,9.34627859485283,0,50.9223167130977,59.2568969726562,20.8643188476562,0,16.2296655879301,23.1476254463196,30.4062289692556,32.6134966581296,9.09398934027044,0,16.3075752237361,47.7690601348877,17.1878216910796,41.2399673461914,0
0,0,2.93234634399414,0,3.15659154431764,0,0,0,3.38816201686859,0,0,0,0,0,0,0,0,0,0,0,3.36881160736084,0,0,0,0,0,0,0,0,0,0,0,0,0,0,0,35.0960807800293,0,0,0,28.8292846679688,0,0,0,0,0,15.494663476944,50.3277359008789,44.3744220733643,0,0,0,0,0,3.90701924216363,0,5.55477459366257,0,4.05621346746172,0,4.11493950731614,0,0,6.34501164754232,0,0,0,0,0,0,0,0,0,34.6627082824707,0,0,0,0,0,57.6408576965332,0,0,31.3084176381429,0,5.23696500468969,0,0
0,9.03148794174194,0,4.30793823047005,0,4.91988268451414,0,3.39307883807591,0,7.9752637260365,0,0,0,3.91033825193133,0,7.3892068862915,0,0,0,6.30440587997437,0,0,0,0,0,0,0,0,0,0,0,0,0,0,0,47.8462867736816,0,0,0,48.6262016296387,0,39.0076481745793,0,0,0,21.4739461898804,0,52.7957763671875,0,40.2365125550164,0,0,0,0,0,3.43054393819861,0,4.55981835690173,0,4.57166560490926,0,3.90355683936447,9.35818967187261,0,0,0,0,0,0,0,0,0,37.5655555725098,0,0,0,0,0,39.3720681667328,0,57.165828704834,0,6.44583781560262,0,6.49584059311016,0,0
0,0,0,0,0,0,4.5955087473427,0,0,0,5.54983059565226,0,0,0,0,0,0,0,0,0,0,0,0,0,0,0,0,0,0,0,0,0,0,0,0,0,0,0,0,0,0,0,0,0,0,0,0,0,0,0,0,0,0,0,0,0,5.47480078803168,0,0,0,0,0,0,0,0,0,0,0,0,0,0,0,0,0,0,0,0,0,0,0,0,0,0,0,0,0,0
0,0,0,0,0,0,0,3.78382993116975,0,0,0,6.09126540234214,0,3.20794808864594,0,0,0,0,0,0,0,0,0,0,0,0,0,0,0,0,0,0,0,0,0,0,0,0,0,0,0,0,0,0,0,0,0,0,0,0,0,0,0,0,0,0,0,4.01285219192505,0,3.77392946590077,0,0,0,0,0,0,0,0,0,0,0,0,0,0,0,0,0,0,0,0,0,0,0,0,0,0,0
7.9607335281572,0,4.42913570404053,0,3.26642119884491,0,0,0,5.92341753834327,0,0,0,0,0,6.71215390099419,0,21.189234495163,48.1962242126465,0,0,0,0,0,0,7.29956723731241,0,0,0,0,0,0,0,0,0,0,0,0,0,10.3828444212478,0,0,0,0,0,0,0,0,0,0,0,3.90701924216363,0,0,0,0,0,0,0,0,0,10.9718813896179,0,0,0,0,0,0,4.18117364660486,0,0,0,0,0,0,0,0,0,0,0,0,0,9.3716294568613,7.40158195495605,0,7.27785328873099,0,0
0,6.97604490482985,0,4.45311225910445,0,3.2556909699189,0,0,52.7101389567057,5.35972591544891,0,0,0,0,0,4.6593571945473,41.6535309878263,16.1023342959531,18.5492649608188,0,0,0,0,5.25247734623986,0,12.1893602813162,0,0,0,0,0,0,0,0,0,0,0,6.84246291433062,0,0,0,32.8482360839844,0,24.4022922515869,0,0,0,0,0,5.59611365853286,0,3.43054393819861,0,0,0,0,0,0,0,0,0,5.20908418155852,0,0,0,0,0,0,9.06876979154699,0,0,0,0,0,0,0,0,0,65.510214805603,0,8.18188711802165,0,11.6312453471697,0,15.2796997342791,50.436695098877,0
0,0,3.70631641876407,0,37.9726130167643,0,5.34243140050343,0,36.5583534240723,0,4.47193605711586,0,2.9610321521759,0,4.92521028518677,0,66.4735794067383,85.8781280517578,64.2560386657715,0,6.7830932511986,0,0,0,0,0,0,0,0,0,3.29146084785461,0,0,0,0,0,0,0,8.13683286919651,0,55.3965630531311,0,24.7828376293182,0,19.3893389701843,0,13.6916567037913,57.1352397918701,11.3292439351269,54.9798812866211,5.55477459366257,0,5.47480078803168,0,0,0,0,0,3.30768645251239,0,4.41409628029463,0,0,9.5374340172525,0,0,0,0,0,0,0,5.4924236536026,0,4.49629725224127,0,0,0,0,0,49.0292691450853,0,12.4541197163718,20.1217033993114,38.4059171676636,9.88853378053439,0,16.0683975219727
0,0,0,3.59231081734533,0,33.1532492821033,0,4.21033048629761,0,0,0,4.63999339915258,0,3.48600773341501,0,0,79.4654083251953,75.8926086425781,63.1551969968356,10.4905782312487,0,0,0,0,0,0,0,3.69153320789337,0,5.76706267647121,0,0,0,0,0,45.7274265289307,0,7.9098894900464,0,46.6334667205811,0,20.8903581101691,66.7773513793945,25.4754535357157,0,20.4661026355832,0,52.8505530584426,0,39.6320797220255,0,4.55981835690173,0,4.01285219192505,0,0,0,0,0,4.1881439595074,0,3.23111005451368,14.2451857886148,0,24.3957214355469,0,18.3980016708374,0,22.2828388214111,0,8.56875564848963,0,7.10448979773778,0,0,0,0,0,43.0511592452928,81.8822860717773,29.2737844149272,0,6.2488508718471,3.88778742779507,16.8205005882259,16.6204683167594,0
3.79034543037415,0,3.16489498955863,0,0,0,0,0,0,0,3.10724023410252,0,3.14441950209189,0,4.46079470172073,0,0,0,0,0,0,0,0,0,0,0,0,0,3.66503094391502,0,0,0,0,0,0,0,0,0,0,0,0,0,0,0,0,0,0,0,3.89034067405449,0,4.05621346746172,0,0,0,0,0,3.30768645251239,0,0,0,4.75765680585589,0,0,0,0,0,0,0,0,0,0,0,0,0,0,0,0,0,0,0,0,0,3.35569574193257,0,5.52019262313843,0,0
0,0,0,0,0,36.849178314209,0,3.69378427416086,0,0,0,0,0,3.19027658312389,0,3.98192265852174,0,12.4129047393799,0,0,0,0,0,0,0,0,0,2.74306297302246,0,0,0,0,0,0,0,0,0,0,0,0,0,0,0,0,0,0,0,0,0,56.1831016540527,0,4.57166560490926,0,3.77392946590077,0,0,0,4.1881439595074,0,0,0,4.23987583680586,6.61975502967834,0,0,0,0,0,0,0,0,0,0,0,0,0,0,0,0,0,0,0,3.14987516403198,0,4.6513934135437,0,0
5.24396480475703,0,3.71835406621297,0,0,0,0,0,9.60168204307556,42.1249294281006,0,0,5.1955749809742,0,3.87981692531653,0,12.136320087341,41.1399250030518,30.371413230896,0,0,0,0,0,25.7139511108398,0,7.57134501636028,0,2.84408432245255,0,0,0,0,0,0,0,0,0,30.27685546875,0,0,60.4039306640625,0,0,0,0,0,0,8.76421480178833,0,4.11493950731614,0,0,0,10.9718813896179,0,4.41409628029463,0,4.75765680585589,0,0,0,0,0,0,0,0,0,0,11.1517432795631,0,0,0,0,0,0,0,0,67.6326293945312,62.8018226623535,0,0,12.4287498853351,0,5.85095202153729,0,0
0,8.83793810435704,0,3.4684950459388,0,0,0,0,53.9201717376709,8.54964861749601,0,0,0,3.14440972390382,0,4.60467815298994,42.155535168118,14.0267245510849,34.7301775279798,0,0,0,0,19.5082168579102,0,7.60771949040262,48.0529594421387,0,0,0,0,0,0,0,0,0,0,0,0,0,0,0,0,0,0,0,0,0,0,9.37415816783905,0,3.90355683936447,0,0,0,5.20908418155852,0,3.23111005451368,0,4.23987583680586,0,0,0,0,0,0,0,0,8.92649131235869,0,0,0,0,0,0,0,0,0,0,0,0,0,15.8323877883863,14.6611638069153,24.4083317518234,0,0
0,88.2209548950195,0,27.0678313440747,0,15.4146413114212,0,0,52.9001197814941,40.5649924278259,0,9.77456549750176,0,0,0,0,68.4630406697591,63.3234461004084,53.7243140754053,7.11432652725623,0,0,0,0,0,0,0,0,0,17.2184563759835,0,0,0,0,0,17.5880768853732,0,16.4401346451325,0,18.4747305638963,74.4587879180908,27.1459381520339,72.9808000417856,29.070694386274,39.3921775817871,13.9915506126395,63.7166366577148,47.4773251143369,61.6609954833984,37.6512015236416,0,9.35818967187261,0,0,0,0,0,14.2451857886148,0,6.61975502967834,0,0,0,0,0,0,0,0,33.187557220459,0,28.1134069224766,0,21.7255134698436,0,0,0,66.6387634277344,0,16.177094250983,85.295623106115,13.0952745750576,0,15.6322190770719,20.7957620620728,24.2178721211614,26.1705577093012,0
0,0,16.3353444508144,0,12.0722683124375,0,0,0,24.5807771682739,0,5.97026901645998,0,0,0,0,74.1721649169922,62.8207689921061,62.8179466247559,53.1302056884766,0,3.97190576986015,0,0,0,0,0,0,0,0,0,12.0757720470428,0,0,0,56.1256071726481,0,8.56424552893293,0,5.88850159645081,89.8550796508789,30.8288339335343,0,20.9391853683006,77.7505874633789,34.7380910353227,75.3164367675781,9.94569557639444,46.3239077919408,40.3367804974318,53.4822597503662,6.34501164754232,0,0,0,0,0,9.5374340172525,0,0,0,0,0,0,0,0,0,0,0,0,0,0,17.1308836122838,88.7860488891602,15.2158752070733,0,0,0,72.0577774047852,79.7747604370117,10.492491553256,0,8.41475236259921,12.6436987585616,14.1502387478666,11.8533043644988,0,26.4616001976861
0,0,0,0,0,0,0,0,0,0,0,0,0,0,0,0,0,0,0,0,0,5.4472488317151,5.61573595633874,9.52468459746417,0,0,0,0,0,0,0,0,0,0,0,0,0,4.51056198812387,0,0,0,0,0,0,0,0,0,19.5833625793457,0,7.1890864892569,0,0,0,0,0,0,0,24.3957214355469,0,0,0,0,0,0,0,5.7407301902771,5.72897238046565,0,5.89276514631329,0,8.07972244883693,0,0,0,0,0,0,0,0,0,4.61245647024601,0,5.32515610348095,3.81135320663452,26.1505889892578,0,0
0,0,0,0,0,0,0,0,0,0,0,0,0,0,0,0,0,0,0,0,0,0,5.34996928332893,0,4.1905106153894,0,0,0,2.91060163180033,0,0,0,0,0,0,0,0,0,3.76270581847743,0,0,0,0,0,0,0,0,20.4190845489502,6.81631762855931,0,0,0,0,0,0,0,0,0,0,0,0,0,0,0,5.7407301902771,0,0,6.55351033978079,0,0,0,0,0,0,0,0,0,0,0,0,0,6.49201387751336,4.25452641879811,0,0,0,0
0,18.9415100097656,0,0,0,0,0,0,0,0,0,0,0,0,0,0,0,0,0,0,0,6.74955342267011,0,3.46694225324711,0,4.04910707473755,0,0,0,0,0,0,0,0,0,0,0,7.58905631928217,0,0,0,0,0,0,0,0,0,0,0,5.31556129195,0,0,0,0,0,0,0,18.3980016708374,0,0,0,0,0,0,5.72897238046565,0,0,0,5.26406453471435,0,10.269959790366,0,0,0,0,0,0,0,0,0,7.31412940973427,0,3.79509127140045,0,6.72676308949788,0,0
15.9351806640625,0,0,0,0,0,0,0,4.55454918054434,0,0,0,0,0,0,0,0,0,0,0,0,0,2.74571394920349,0,3.73817177782296,0,3.06808020187928,0,0,0,0,0,0,0,0,0,0,0,11.4363507082362,0,0,0,0,0,0,0,0,0,6.73257044081662,0,0,0,0,0,4.18117364660486,0,0,0,0,0,0,0,0,0,0,6.55351033978079,0,0,0,4.17816889286041,0,0,0,0,0,0,0,0,0,0,0,8.6245613189844,3.47082598585832,0,11.2018004006861,0,0
0,0,0,0,0,0,0,0,41.3317985534668,14.9448035558065,0,0,0,0,0,7.88809386052583,37.4633543226454,12.8209179323077,31.9710322618484,0,0,3.3151461020112,0,3.04337986504159,0,3.28815035627681,0,0,0,0,0,0,0,0,0,0,0,0,0,71.4189300537109,0,0,0,0,0,0,0,0,0,4.83442931856428,0,0,0,0,0,9.06876979154699,0,22.2828388214111,0,0,0,8.92649131235869,33.187557220459,0,5.89276514631329,0,5.26406453471435,0,0,0,5.96671651371222,0,0,0,0,0,0,0,65.5279903411865,0,0,0,8.34580441285636,21.1213553746541,3.84011266628901,0,0
0,0,0,0,0,0,0,0,22.278195511211,50.4303531646729,0,0,0,0,14.4412640045429,45.9097862243652,12.98250070628,36.5975956344604,34.5092889785767,0,0,0,0,35.1907806396484,0,0,5.91232260886361,0,0,0,0,0,0,0,0,0,0,0,0,0,0,0,0,0,0,58.5944290161133,48.7040214538574,0,4.42764921379089,0,0,0,0,0,0,0,0,0,0,0,11.1517432795631,0,0,0,0,0,0,4.17816889286041,0,0,0,2.8411501697872,0,0,0,0,0,0,0,91.5883178710938,0,0,16.4073554039001,0,72.6928367614746,0,0
0,0,0,0,0,43.7903900146484,0,0,0,0,0,17.932219712965,0,2.85513055324554,0,0,0,0,58.9871788024902,22.5608862907656,0,5.22808271321383,0,0,0,2.784602697079,0,3.24708391080691,0,3.27997542435015,0,0,0,34.7975883483887,0,50.8467161390517,0,5.07481070568687,0,61.469935768529,0,23.1307538264507,0,28.3383207321167,0,30.7243572803254,0,48.464773495992,0,9.34627859485283,0,0,0,0,0,0,0,8.56875564848963,0,0,0,0,28.1134069224766,0,8.07972244883693,0,10.269959790366,0,5.96671651371222,0,0,0,6.03428766892222,0,0,0,0,0,52.0498173797832,0,4.86503436827956,0,35.9761587977409,3.02806389331818,24.9355580274724,22.740442276001,0
0,0,0,0,0,0,0,0,0,0,0,0,0,0,0,0,0,0,0,0,0,0,0,0,0,0,0,0,3.38211222265808,0,3.7069661957877,0,0,0,0,0,0,0,0,0,0,0,17.260244846344,0,0,0,22.8028108596802,0,5.33183886788108,0,0,0,0,0,0,0,5.4924236536026,0,0,0,0,0,0,17.1308836122838,0,0,0,0,0,2.8411501697872,0,0,0,3.61931586036315,0,0,0,0,0,0,0,5.06161018298091,38.9234771728516,0,7.33951615878514,0,20.1401042938232
0,0,0,37.1789665222168,0,44.8672651952627,0,0,0,55.4745903015137,0,9.90848422517963,0,0,0,0,75.0082372029622,69.0512784322103,49.2813349476567,19.8771359875517,0,0,0,0,0,0,0,3.30983604264982,0,3.12178612113895,0,0,0,0,0,45.8756162915911,0,6.08302354812622,0,56.1180329587724,0,22.6745528066762,73.2492421468099,26.7066292133737,50.6395797729492,24.9823416202907,0,65.6949297587077,0,50.9223167130977,0,37.5655555725098,0,0,0,0,0,7.10448979773778,0,0,0,0,21.7255134698436,88.7860488891602,0,0,0,0,0,0,6.03428766892222,0,0,0,0,0,0,0,50.2001060052501,80.8447845458984,8.25886029474663,0,19.2042252610645,0,20.9806976896963,22.2936539673073,0
