0,0,0.126520496369763,0,0,0,0,0,0.11593681541118,0,0,0,0,0,0,0,0.294608981348574,0.196307107806206,0.190352263860404,0,0,0,0,0,0,0,0,0,0,0,0,0,0,0,0,0,0,0,0.119355569221079,0,0.269075326621532,0.256041755278905,0.290636812265103,0,0,0,0.33240389517125,0,0.157834629060456,0,0,0,0,0,0.156661242246628,0,0.344112312793732,0,0,0,0.189049683511257,0,0,0.250645579149326,0,0,0,0,0,0,0,0,0,0.346266342699528,0,0,0,0,0,0.356766894459724,0,0.422818606650388,0.243462454171523,0,0.263026905727798,0,0.264176497856776
0,0,0,0.12929709794532,0,0,0,0,0,0.124240921803912,0,0,0,0,0,0.184473663568497,0,0,0.265835752089818,0,0,0,0,0.131869863718748,0,0,0,0,0,0,0,0,0,0,0,0,0,0,0,0,0,0.276612475678161,0,0,0,0.252844045559565,0,0,0,0.141641124151647,0,0,0,0,0,0.1549701991442,0,0.217707976698875,0,0,0,0.173352652612854,0,0,0,0,0.129656910896301,0,0,0,0,0,0,0,0,0,0,0,0.290643592675527,0,0.351287454366684,0,0.172599232037559,0,0.18785431629766,0.27427351474762,0
0.126520496369763,0,0,0,0.115894164985571,0,0,0,0.116924665868282,0,0,0,0,0,0.152651749551296,0,0.289880782365799,0,0.16198543459177,0,0,0,0,0,0,0,0,0,0,0,0,0,0,0,0,0,0,0,0,0,0.237276075283686,0,0.295499067930948,0,0,0,0.242283126339316,0,0.127296746716843,0.281231105327606,0.167400721460581,0,0,0,0.173557114476959,0,0.2730545019326,0,0.229259714484215,0,0.159724582944598,0,0,0,0,0,0,0,0,0,0,0,0,0.306977052064169,0,0,0,0,0,0.3060622724394,0,0.312217496335506,0.18639268617559,0.283434239029884,0.176338197680411,0,0.256014946103096
0,0.12929709794532,0,0,0,0.207876362482255,0,0,0,0.131342610780848,0,0,0,0,0,0,0.262977133194606,0.229396816343069,0.243705058693886,0.262277004974229,0,0,0,0,0,0,0,0,0,0,0,0,0,0.285896122455597,0,0.185132853382704,0,0.204758390784264,0,0.245888323044704,0.229599436124166,0.269057009974097,0.251373052597046,0,0,0.231497165695247,0,0.280300850669543,0.258473123113314,0.194028417148241,0,0.237311655088611,0,0,0,0.167001655118333,0,0.282021286519798,0,0,0,0,0.292129255439106,0,0,0,0,0,0,0,0,0,0.28397741748227,0,0,0,0,0,0.252566531544826,0.292624704539776,0.279202769117907,0.327727019786835,0.220177342546946,0.126401560114963,0.249851443586259,0.229325275008495,0
0,0,0.115894164985571,0,0,0,0.120567020960152,0,0.149551181711702,0,0,0,0.133012193517807,0,0.144355250256402,0,0.211211889982224,0,0.237189143896103,0,0.185066561241752,0,0,0,0,0,0,0,0,0,0,0,0,0,0,0,0.197240912914276,0,0,0,0.224593796440073,0,0.253687979209991,0,0,0,0.20046254992485,0.27242311835289,0.232140564837971,0,0.171314216405153,0,0.127894850951784,0,0.153041308000684,0,0.23668472468853,0,0.150277960932616,0,0.164457678794861,0,0,0.210711919419144,0,0,0,0,0,0,0,0,0,0.282642751932144,0,0,0,0,0,0.208502516523004,0,0.249626154700915,0.155449776271102,0,0.198935679650953,0,0.218489363789558
0,0,0,0.207876362482255,0,0,0,0.176708641462028,0,0.183581142070202,0,0,0,0,0,0.255094206929207,0,0,0.246826760470867,0.195444478300111,0,0,0,0,0,0,0,0,0,0,0,0,0,0.25285792350769,0,0.189818854073444,0,0,0,0.226568049523566,0,0.227870969900063,0,0,0,0.184188897749691,0,0.236314855515957,0.213989980518818,0.20958230810033,0,0.189551579992513,0,0.158419847115874,0,0.203162802383304,0,0,0,0.20934369676087,0,0.235723860326566,0.222802507571685,0,0,0,0,0,0,0,0,0,0.267307281494141,0,0,0,0,0,0.200102899276035,0.285072416067123,0.261282177269459,0,0.181459196102228,0.179340695832358,0.199195661210083,0,0
0,0,0,0,0.120567020960152,0,0,0,0,0,0.165881224686191,0,0.13026393555543,0,0,0,0,0,0,0,0.203971565920648,0,0,0,0,0,0,0,0,0,0,0,0,0,0,0,0.23709499835968,0,0,0,0,0,0,0,0,0,0,0,0,0,0.134433753788471,0,0.183303550703803,0,0,0,0.237399158999324,0,0.136603653372731,0,0,0,0,0.253250423150185,0,0,0,0,0,0,0,0,0,0,0,0,0,0,0,0,0,0,0.142980286338985,0.127492296695709,0,0,0
0,0,0,0,0,0.176708641462028,0,0,0,0,0,0.176159843802452,0,0.184573071077466,0,0,0,0,0,0.138400054403714,0,0,0,0,0,0,0,0,0,0,0,0,0,0,0,0.138048887252808,0,0,0,0,0,0,0,0,0,0,0,0,0,0,0,0.17331110292125,0,0.16183578047334,0,0,0,0.163922358304262,0,0.18272819829748,0,0,0,0,0,0,0,0,0,0,0,0,0,0,0,0,0,0,0,0,0,0,0.193717160367277,0.199454615513484,0,0,0
0.11593681541118,0,0.116924665868282,0,0.149551181711702,0,0,0,0,0,0,0,0,0,0.133646759204566,0,0.154402437452877,0.168684921848277,0.191622226222141,0,0,0,0,0,0.149482528630056,0,0.128417270148502,0,0,0,0,0,0,0,0,0,0,0,0.11884731428296,0.20838488638401,0.220131417115529,0.235195890069008,0.157507120699122,0,0,0.22814330086112,0.250446379184723,0,0.136629128385158,0.214172452688217,0.162702619497265,0,0,0,0.215966195692356,0,0.26312442868948,0,0,0,0.130259157988158,0,0,0.233841562271118,0,0,0,0.15257972975572,0,0.136129029095173,0,0,0,0.280177563428879,0,0,0,0,0.263993144035339,0.266423696279526,0.240951478481293,0.254500043392181,0.171814869075245,0.187344879123336,0.125111527341024,0,0
0,0.124240921803912,0,0.131342610780848,0,0.183581142070202,0,0,0,0,0,0,0,0,0,0.183558269480213,0.180206220597029,0.182242822255531,0.187793120741844,0,0,0,0,0.124134287939352,0,0,0,0,0,0,0,0,0,0,0,0,0,0.149130120918606,0,0.23240215331316,0,0.219640368022598,0,0,0,0.18344084918499,0,0.262879610061646,0,0.175479175362188,0,0.25639283657074,0,0,0,0.185050434932658,0,0.236926227807999,0,0,0,0.1737330108881,0,0.228940948843956,0,0,0.139990523457527,0,0,0,0,0,0,0,0,0,0,0,0.248835778662137,0,0.224077322277702,0,0.158555746921082,0.1720111758468,0.159926283149863,0,0
0,0,0,0,0,0,0.165881224686191,0,0,0,0,0,0.134216001977218,0,0,0,0,0,0,0,0.132369397125105,0,0,0,0,0,0,0,0.11822984367609,0,0.0793353766202927,0,0,0,0,0,0.139263120635102,0,0.13924880892987,0,0,0,0,0,0,0,0,0,0,0,0,0,0.230084665432698,0,0,0,0.211397172501545,0,0.150835728738457,0,0,0,0,0.208696979585044,0,0,0,0,0,0,0,0,0,0.196069245537122,0,0,0,0,0,0.194513440132141,0,0.132100182026625,0.128075381264019,0,0,0,0
0,0,0,0,0,0,0,0.176159843802452,0,0,0,0,0,0.122382112679868,0,0,0,0,0,0.125661961058087,0,0,0,0,0,0,0,0.121172388456762,0,0.1179074537097,0,0,0,0,0,0.120956155968363,0,0.130253561012182,0,0,0,0,0,0,0,0.35247814655304,0,0,0,0,0,0,0,0.148068495094776,0,0,0,0.16823606327459,0,0.11870437080777,0,0,0.127737269690721,0,0,0,0,0,0,0,0.123994291183494,0,0.144461617359649,0,0,0,0,0,0.112343614154002,0,0.115042136982083,0,0.13660133876249,0.105514462138044,0.316179737851426,0,0
0,0,0,0,0.133012193517807,0,0.13026393555543,0,0,0,0.134216001977218,0,0,0,0.142127440489353,0,0,0,0,0,0,0,0,0,0,0,0,0,0,0,0,0,0,0,0,0,0,0,0,0,0,0,0,0,0,0,0,0,0,0,0,0,0.0990306440649963,0,0,0,0.123079507052898,0,0.165816107264129,0,0.132833280911048,0,0,0,0,0,0,0,0,0,0,0,0,0,0,0,0,0,0,0,0,0,0.142674032637947,0.250183029472828,0,0,0
0,0,0,0,0,0,0,0.184573071077466,0,0,0,0.122382112679868,0,0,0,0.121914494317025,0,0,0,0,0,0,0,0,0,0.120446438590686,0,0,0,0,0,0,0,0,0,0,0,0,0,0,0,0,0,0,0,0,0,0,0,0,0,0,0,0.186229936778545,0,0,0,0.116988077197435,0,0.155739829188145,0,0.131383044570684,0,0,0,0,0,0,0,0,0,0,0,0,0,0,0,0,0,0,0,0,0.184131981344784,0.191625274717808,0,0,0
0,0,0.152651749551296,0,0.144355250256402,0,0,0,0.133646759204566,0,0,0,0.142127440489353,0,0,0,0.12849627108801,0.179016302029292,0.151947923004627,0,0,0,0,0,0,0,0.106497929177501,0,0,0,0,0,0,0,0,0,0,0,0,0.201450407505035,0.190990269184113,0,0,0,0,0,0.253508925437927,0,0,0,0.152859363084038,0,0,0,0.139815774337154,0,0,0,0.167909844756409,0,0.154648672387074,0,0,0,0,0,0,0,0,0.240913078188896,0,0,0,0,0,0,0,0,0,0.27011051774025,0,0.35581174492836,0.161064026222147,0.201641272814547,0.287822008132935,0,0
0,0.184473663568497,0,0,0,0.255094206929207,0,0,0,0.183558269480213,0,0,0,0.121914494317025,0,0,0,0.132712482051416,0,0,0,0,0,0,0,0.104171893813393,0,0,0,0,0,0,0,0,0,0,0,0,0,0,0,0,0,0,0,0,0,0,0,0,0,0.245729960501194,0,0,0,0.193514023852699,0,0,0,0,0,0.195754716438907,0,0,0,0,0,0,0,0,0,0,0,0,0,0,0,0,0,0,0,0,0.173018752375529,0.143534682516815,0,0,0
0.294608981348574,0,0.289880782365799,0.262977133194606,0.211211889982224,0,0,0,0.154402437452877,0.180206220597029,0,0,0,0,0.12849627108801,0,0,0.147503842232742,0.234069172651738,0,0,0.129061412066221,0.130912973627187,0,0,0.227453589439392,0.120313872157385,0,0.129452675580978,0,0,0,0,0,0,0,0,0,0.350442081689835,0.243526126721397,0.250676512718201,0.228646195387538,0.225349523456751,0,0,0.250809124942067,0.279975595021689,0,0.310987040400505,0.231557190418243,0.231642290949821,0,0,0,0,0,0.285242819172495,0,0,0,0.149778865490641,0,0.220761309067408,0.260638871016326,0,0.122663785802557,0,0,0,0.125952461164217,0,0,0.298482835292816,0.30120462253074,0,0,0,0,0.262783752987161,0.303960423137308,0.27407963980328,0.309908325511676,0.186688934555265,0.137782253594233,0.2782165513436,0.230563422044118,0.227664859457449
0.196307107806206,0,0,0.229396816343069,0,0,0,0,0.168684921848277,0.182242822255531,0,0,0,0,0.179016302029292,0.132712482051416,0.147503842232742,0,0.201747631583908,0,0,0.118359995584418,0.14277470856905,0.126927820965648,0,0.125869727570493,0.144485534727573,0.13840573032697,0,0,0,0,0,0,0,0,0,0.261554539203644,0,0.232835512463149,0.246814175908055,0.218948407023477,0.202293647187097,0,0,0.240958776790649,0.253918002857718,0,0,0.220619518309832,0.224858328700066,0,0,0,0,0,0.269911020994186,0.272877335548401,0,0,0,0.116107554308006,0.230341404676437,0.238266376256943,0.123142074261393,0.109795443713665,0.156323176622391,0,0.133087891750038,0.134208112955093,0,0,0.275968879461288,0.269708458334208,0,0,0,0,0.25464509391856,0.281113350980504,0.27794220095331,0.296209618874959,0.167435808605341,0.167621677144955,0.247821975705082,0.221329301595688,0.225816965103149
0.190352263860404,0.265835752089818,0.16198543459177,0.243705058693886,0.237189143896103,0.246826760470867,0,0,0.191622226222141,0.187793120741844,0,0,0,0,0.151947923004627,0,0.234069172651738,0.201747631583908,0,0,0,0,0,0,0,0,0.191980399868705,0,0,0,0,0,0,0,0,0.309164632111788,0,0.292491008838018,0.386487156152725,0.236194610509201,0.244180979430003,0.213179038745737,0.199458900518715,0.357727535746314,0.232265442609787,0.260265997756959,0.281359820897981,0.246703460812569,0.198006038864454,0.268068212191615,0.257226750254631,0,0,0,0,0.24825145304203,0.289195016977635,0.374057270532107,0.24625300988555,0,0.201004654169083,0,0.24841765811046,0.251519198068878,0,0,0,0,0,0.179924661914508,0,0.302455723285675,0.363657313052583,0.313947527929469,0,0,0,0,0.277176183093525,0.300905704467709,0.335124431802334,0.305671826706436,0.187570837107676,0.182707266410965,0.29232010270558,0.23550635849943,0.218408368341625
0,0,0,0.262277004974229,0,0.195444478300111,0,0.138400054403714,0,0,0,0.125661961058087,0,0,0,0,0,0,0,0,0,0,0,0,0,0,0,0,0,0.163613796234131,0,0,0,0,0,0.135369784394769,0,0.136009150161053,0,0,0,0,0,0,0,0.186404621358528,0,0.26918363571167,0,0.228044375777245,0,0,0,0,0,0,0,0.123328751461072,0,0,0,0,0.154755292903558,0,0,0,0,0,0,0,0,0,0,0,0,0,0,0,0.172479415286692,0,0.169818430445915,0,0.16904912374376,0.0991970524191856,0.18239771049152,0,0
0,0,0,0,0.185066561241752,0,0.203971565920648,0,0,0,0.132369397125105,0,0,0,0,0,0,0,0,0,0,0,0,0,0,0,0,0,0,0,0,0,0,0,0,0,0.13232957859834,0,0.149126256257296,0,0.22229440510273,0,0,0,0,0,0.164528951833123,0,0.218642511963844,0,0.218749602418022,0,0.215690832585096,0,0,0,0.160137369391231,0,0.217648923397064,0,0,0,0,0.211555540532534,0,0,0,0,0,0,0,0,0,0.292705540855726,0,0,0,0,0,0.159423617338671,0,0.21686956502943,0.11778251188142,0,0.171418516586224,0,0
0,0,0,0,0,0,0,0,0,0,0,0,0,0,0,0,0.129061412066221,0.118359995584418,0,0,0,0,0.0894817336135217,0.148967116149843,0,0.125559431811174,0,0.13274481366186,0,0,0,0,0,0,0,0,0,0.136849920532433,0.116749167442322,0,0,0,0,0,0,0,0,0.295612808730867,0,0.124337314628065,0,0,0,0,0,0,0,0,0,0,0,0,0,0,0.151947639908564,0.10946828732267,0.193792365089129,0,0.197927850697722,0,0.196929650508206,0,0,0,0,0,0,0,0,0,0.170258587184627,0,0.104715562749283,0.118460580823826,0.236370071768761,0,0
0,0,0,0,0,0,0,0,0,0,0,0,0,0,0,0,0.130912973627187,0.14277470856905,0,0,0,0.0894817336135217,0,0,0.166702636105043,0,0.128837894234392,0,0.13323245827286,0,0,0,0,0,0,0,0,0.108796622604132,0.119799553732465,0,0,0,0,0,0,0,0,0,0.188888686051319,0,0,0,0,0,0,0,0,0,0,0,0,0,0,0,0.0780298287669818,0.150705482096879,0,0.147665592157221,0,0.157205624068665,0,0.186085600161414,0,0,0,0,0,0,0,0,0,0.156552790700772,0.125184788571345,0.144898239198562,0.345110505819321,0,0
0,0.131869863718748,0,0,0,0,0,0,0,0.124134287939352,0,0,0,0,0,0,0,0.126927820965648,0,0,0,0.148967116149843,0,0,0,0.146467112004757,0,0,0,0,0,0,0,0,0,0,0,0.170532307201495,0,0,0,0.198918532047953,0.232994645833969,0,0,0,0,0.330491236277989,0,0.237950622462309,0,0,0,0,0,0.137292368667466,0,0,0,0,0,0,0,0,0.153797468701794,0,0.162484627190483,0,0.169614814568398,0,0.221326751634479,0,0.230101317167282,0,0,0,0,0,0,0,0.236966394391414,0,0.128194766535843,0.210269629955292,0.233383600684729,0.197408819198608,0
0,0,0,0,0,0,0,0,0.149482528630056,0,0,0,0,0,0,0,0,0,0,0,0,0,0.166702636105043,0,0,0,0.130137792106756,0,0,0,0,0,0,0,0,0,0,0,0.137513806587796,0,0,0,0,0,0,0,0,0,0.181733895465732,0,0,0,0,0,0,0,0,0,0,0,0,0,0,0,0,0.177926860929254,0,0.179144314757086,0,0.160160488011886,0,0,0,0,0,0,0,0,0,0,0,0.219031628417341,0.137574330276372,0,0.151340997015888,0,0
0,0,0,0,0,0,0,0,0,0,0,0,0,0.120446438590686,0,0.104171893813393,0.227453589439392,0.125869727570493,0,0,0,0.125559431811174,0,0.146467112004757,0,0,0,0.174106388425952,0,0,0,0,0,0,0,0,0,0,0,0,0,0,0,0,0,0,0,0,0,0,0,0,0,0,0,0,0,0,0,0,0,0.10687037356771,0,0,0.115656798084577,0,0.230151414871216,0,0.146611697136242,0,0.179603146016598,0,0,0,0,0,0,0,0,0,0,0,0.135939261478158,0,0,0,0
0,0,0,0,0,0,0,0,0.128417270148502,0,0,0,0,0,0.106497929177501,0,0.120313872157385,0.144485534727573,0.191980399868705,0,0,0,0.128837894234392,0,0.130137792106756,0,0,0,0.105677562003786,0,0,0,0,0,0,0,0,0,0,0,0.179101869463921,0.226099446415901,0,0,0,0,0,0,0,0,0,0,0,0,0.11683314293623,0,0,0,0,0,0,0,0,0,0,0,0,0.159941822290421,0,0.140552231814803,0,0,0,0,0,0,0,0,0,0.30225482583046,0,0.353842188914617,0.124471921984467,0.134571574628353,0,0,0
0,0,0,0,0,0,0,0,0,0,0,0.121172388456762,0,0,0,0,0,0.13840573032697,0,0,0,0.13274481366186,0,0,0,0.174106388425952,0,0,0,0.108849611948244,0,0,0,0,0,0,0,0.127576047411332,0,0,0,0,0,0,0,0,0,0,0,0,0,0,0,0,0,0,0,0.125538846477866,0,0.159232058695384,0,0,0,0,0.11586464622191,0,0,0,0.160662103429133,0,0.160404346957943,0,0.122051126427121,0,0,0,0,0,0,0,0.135104656219482,0,0.143520444654223,0.164148422713215,0,0,0
0,0,0,0,0,0,0,0,0,0,0.11822984367609,0,0,0,0,0,0.129452675580978,0,0,0,0,0,0.13323245827286,0,0,0,0.105677562003786,0,0,0,0.132666129542857,0,0,0,0,0,0,0,0.184505800215098,0,0,0,0,0,0,0,0,0,0,0,0,0,0,0,0,0,0,0,0,0,0,0,0,0,0,0.140877728350461,0,0,0,0.0969055816531181,0,0.167080869834556,0,0.153518474542759,0,0,0,0,0,0,0,0.225466367143851,0.133048767844836,0.126937031745911,0,0,0
0,0,0,0,0,0,0,0,0,0,0,0.1179074537097,0,0,0,0,0,0,0,0.163613796234131,0,0,0,0,0,0,0,0.108849611948244,0,0,0,0,0,0,0,0,0,0.119768843635336,0,0,0,0,0,0,0,0,0,0,0,0,0,0,0,0,0,0,0,0.158092430911281,0,0,0,0,0.179869562387466,0,0,0,0,0,0,0,0.0992282306154569,0,0.14177198561195,0,0,0,0,0,0,0,0.189535624855621,0,0.134769630100992,0,0,0,0
0,0,0,0,0,0,0,0,0,0,0.0793353766202927,0,0,0,0,0,0,0,0,0,0,0,0,0,0,0,0,0,0.132666129542857,0,0,0,0,0,0,0,0,0,0.142019211735839,0,0,0,0,0,0,0,0,0,0,0,0,0,0,0,0,0,0.184208024293184,0,0,0,0,0,0,0,0,0,0,0,0,0,0,0.204610430879599,0,0.178206481669705,0,0,0,0,0,0,0,0.160242101843775,0.124971857715038,0.146905454556243,0,0,0
0,0,0,0,0,0,0,0,0,0,0,0,0,0,0,0,0,0,0,0,0,0,0,0,0,0,0,0,0,0,0,0,0.224197635025654,0.281374997752053,0,0.156712675839663,0,0,0,0,0,0,0,0,0,0,0,0.479243858885982,0,0,0,0,0,0,0,0,0,0,0,0,0,0,0,0,0,0,0,0,0,0,0,0,0,0,0.218856670633289,0.455891607412651,0.255817223053712,0,0.126372246342337,0.408578873931907,0,0,0.365248545540566,0,0,0,0
0,0,0,0,0,0,0,0,0,0,0,0,0,0,0,0,0,0,0,0,0,0,0,0,0,0,0,0,0,0,0,0.224197635025654,0,0.15912714026667,0.370321476349124,0.193078309297562,0.141068908266532,0,0,0,0,0,0,0,0,0,0,0.358414063547298,0,0,0,0,0,0,0,0,0,0,0,0,0,0,0,0,0,0,0,0,0,0,0,0,0,0,0.216016960901829,0.309852548363556,0.17762186874946,0.380651942209194,0.201358495652676,0.33163405768692,0,0,0.322316664457321,0,0,0,0
0,0,0,0.285896122455597,0,0.25285792350769,0,0,0,0,0,0,0,0,0,0,0,0,0,0,0,0,0,0,0,0,0,0,0,0,0,0.281374997752053,0.15912714026667,0,0.188939589325858,0.143340862830087,0.154441371560097,0.13627185099688,0.283774593534569,0,0,0,0,0,0,0.262309235831102,0,0.467847176723084,0.383949706951777,0.407312784194946,0,0,0,0,0,0,0,0,0,0,0,0,0,0,0,0,0,0,0,0,0,0,0,0,0.179313468081611,0.500740334391594,0.16158020544273,0.164690705804998,0.17570741524299,0.10840519996626,0.150186059732518,0.161732919514179,0.227457995459651,0.201101124286652,0.277522340416908,0,0
0,0,0,0,0,0,0,0,0,0,0,0,0,0,0,0,0,0,0,0,0,0,0,0,0,0,0,0,0,0,0,0,0.370321476349124,0.188939589325858,0,0.137755207717419,0.149117763691801,0.187355696364786,0.199647486252202,0,0,0,0,0,0,0,0,0.479451098858814,0.603914272785187,0,0,0,0,0,0,0,0,0,0,0,0,0,0,0,0,0,0,0,0,0,0,0,0,0,0,0.543237492442131,0.1607331847772,0.22555267002661,0.133185807201597,0.148574255966286,0.151133041666902,0.20515371390731,0.189715301411019,0,0,0,0
0,0,0,0.185132853382704,0,0.189818854073444,0,0.138048887252808,0,0,0,0.120956155968363,0,0,0,0,0,0,0.309164632111788,0.135369784394769,0,0,0,0,0,0,0,0,0,0,0,0.156712675839663,0.193078309297562,0.143340862830087,0.137755207717419,0,0.150347744131743,0.123783086689998,0.127669662237167,0.230611676350236,0,0.236389485498269,0.235786631703377,0,0,0.206403182859116,0,0.161273917157046,0.219569409886996,0.219893374666572,0,0,0,0,0,0.277836292982101,0,0.160912510904449,0,0,0,0,0.163404570114165,0,0,0,0,0,0,0,0,0,0,0,0.162565171267047,0,0.183332461310971,0,0.169620842302721,0.128313280235637,0.185414786663087,0,0.134785899685489,0.165465802309059,0.183301264137933,0,0
0,0,0,0,0.197240912914276,0,0.23709499835968,0,0,0,0.139263120635102,0,0,0,0,0,0,0,0,0,0.13232957859834,0,0,0,0,0,0,0,0,0,0,0,0.141068908266532,0.154441371560097,0.149117763691801,0.150347744131743,0,0,0.144372591955244,0,0,0,0,0,0,0,0.167468850623887,0.249337044201399,0.207489067786618,0.238864955306053,0.218567467843875,0,0.236192122101784,0,0,0,0.212546644466264,0,0.236687898635864,0,0,0,0,0.200164998981578,0,0,0,0,0,0,0,0,0,0.254923969507217,0.210034370422363,0.125930483142535,0.164587905009588,0.182834181881829,0.180506197516533,0.188418314372524,0,0.209484712473643,0.134021508359377,0.124132968822995,0.202453525137093,0,0
0,0,0,0.204758390784264,0,0,0,0,0,0.149130120918606,0,0.130253561012182,0,0,0,0,0,0.261554539203644,0.292491008838018,0.136009150161053,0,0.136849920532433,0.108796622604132,0.170532307201495,0,0,0,0.127576047411332,0,0.119768843635336,0,0,0,0.13627185099688,0.187355696364786,0.123783086689998,0,0,0.156264504658527,0.254746496677399,0,0.21248453296721,0.258677963167429,0,0,0.19471300316268,0,0.411664266016946,0,0.22496778171859,0,0,0,0,0,0.258769967330572,0,0.157612446652249,0,0,0,0,0.145590026663919,0,0.130546217449924,0,0.212379337296362,0,0.20163169593522,0,0.138362689254185,0,0.125354148695866,0,0,0,0.160051618185308,0.300041794776917,0.193160032326696,0,0.173177837884865,0.113389841680016,0.162525421503059,0.17014554152504,0.23052566441956,0.204774864017963,0
0.119355569221079,0,0,0,0,0,0,0,0.11884731428296,0,0.13924880892987,0,0,0,0,0,0.350442081689835,0,0.386487156152725,0,0.149126256257296,0.116749167442322,0.119799553732465,0,0.137513806587796,0,0,0,0.184505800215098,0,0.142019211735839,0,0,0.283774593534569,0.199647486252202,0.127669662237167,0.144372591955244,0.156264504658527,0,0,0.224057175219059,0,0.31068477168012,0,0,0,0.229421350691054,0.548943295299044,0.245061726400391,0,0.256610691547394,0,0,0,0.321313142776489,0,0.173428361527622,0,0,0,0,0,0,0.206740214032005,0,0.138340966524704,0,0.20850402434855,0,0,0,0.181725440617604,0,0.179578305559826,0,0,0.164840790842261,0.187274582819505,0.144624218344688,0.217399841069188,0.129624619046702,0.186853798633506,0.160114481780343,0.143257174498707,0.365989328397118,0,0.360255092382431
0,0,0,0.245888323044704,0,0.226568049523566,0,0,0.20838488638401,0.23240215331316,0,0,0,0,0.201450407505035,0,0.243526126721397,0.232835512463149,0.236194610509201,0,0,0,0,0,0,0,0,0,0,0,0,0,0,0,0,0.230611676350236,0,0.254746496677399,0,0,0.230580048526035,0.218631111162412,0.200146517128144,0,0,0.20228679666861,0.255889685824513,0.197605620111738,0.242016300559044,0.196657125921183,0.238299056887627,0.238749782626445,0,0,0,0.234447253977551,0.24818017333746,0.264880603551865,0,0,0,0,0.186638989024334,0.24052292201668,0,0,0,0,0,0.270823508501053,0,0,0.267774781720205,0.311040639877319,0,0,0,0,0.250687437468479,0.291754764076826,0.286498312331453,0.300385799096978,0.237379979086824,0.229160763505029,0.218202018278558,0.243639062032287,0.238353550434113
0.269075326621532,0,0.237276075283686,0.229599436124166,0.224593796440073,0,0,0,0.220131417115529,0,0,0,0,0,0.190990269184113,0,0.250676512718201,0.246814175908055,0.244180979430003,0,0.22229440510273,0,0,0,0,0,0.179101869463921,0,0,0,0,0,0,0,0,0,0,0,0.224057175219059,0.230580048526035,0,0.222297787666321,0.210623209836736,0,0.182770559420952,0.25464435108006,0.187165999839529,0.208930635026523,0.203855353718003,0.234598234295845,0.237912031875294,0,0,0,0,0,0.265086348144672,0.252204805612564,0.266275113224983,0,0,0,0,0.198086758107545,0,0,0,0,0,0,0,0.27800315618515,0.226798102259636,0.268911556180181,0,0,0,0,0.28346594174703,0.234383989023706,0,0.269281074138624,0.240307559901604,0.237765702067829,0.19623030884645,0,0.212507211665312
0.256041755278905,0.276612475678161,0,0.269057009974097,0,0.227870969900063,0,0,0.235195890069008,0.219640368022598,0,0,0,0,0,0,0.228646195387538,0.218948407023477,0.213179038745737,0,0,0,0,0.198918532047953,0,0,0.226099446415901,0,0,0,0,0,0,0,0,0.236389485498269,0,0.21248453296721,0,0.218631111162412,0.222297787666321,0,0.183060645578163,0.335060581564903,0,0.222897417776937,0.24277108839967,0.372354235914018,0.309627950191498,0.272966516706391,0,0.256263941526413,0,0,0,0.235872538387775,0,0.308024200294559,0,0,0.191682383418083,0,0.219004216321399,0.19727398455143,0,0,0,0,0,0,0,0,0.30453677653031,0.257843255996704,0,0,0,0,0.244646019256083,0.262369060516357,0.272710896524542,0.35742624104023,0.235926375837083,0.245915572952341,0.291601090688513,0.241957094597941,0.19744835793972
0.290636812265103,0,0.295499067930948,0.251373052597046,0.253687979209991,0,0,0,0.157507120699122,0,0,0,0,0,0,0,0.225349523456751,0.202293647187097,0.199458900518715,0,0,0,0,0.232994645833969,0,0,0,0,0,0,0,0,0,0,0,0.235786631703377,0,0.258677963167429,0.31068477168012,0.200146517128144,0.210623209836736,0.183060645578163,0,0,0.185891526666555,0.230429678641517,0.252832697417441,0.379269209274879,0.34573132779173,0.202777429794272,0.267988961069815,0,0,0,0,0.238343626260757,0.313226851920341,0.268682241439819,0.311466299588718,0,0,0,0.184441616137822,0.215814193486008,0,0.284592628479004,0,0,0,0,0,0.277998704372383,0,0.29473700563703,0,0,0,0,0.255715513930601,0.287485480670326,0.275899550980992,0.276094996452946,0.271946254260838,0.287552682858593,0.276372895676955,0.290694892406464,0.213370968906471
0,0,0,0,0,0,0,0,0,0,0,0,0,0,0,0,0,0,0.357727535746314,0,0,0,0,0,0,0,0,0,0,0,0,0,0,0,0,0,0,0,0,0,0,0.335060581564903,0,0,0,0.241349726915359,0,0,0,0,0,0,0,0,0,0,0,0,0,0,0,0,0,0,0,0,0,0,0,0,0,0,0,0,0,0,0,0,0.355831161141396,0,0,0,0.309035189449787,0,0.322875455021858,0,0
0,0,0,0,0,0,0,0,0,0,0,0,0,0,0,0,0,0,0.232265442609787,0,0,0,0,0,0,0,0,0,0,0,0,0,0,0,0,0,0,0,0,0,0.182770559420952,0,0.185891526666555,0,0,0,0.295115113258362,0,0.262300372123718,0,0,0,0,0,0,0,0.279268354177475,0,0,0,0,0,0,0.220820426940918,0,0,0,0,0,0,0,0,0,0,0,0,0,0,0,0.258170187473297,0,0.19708214700222,0,0,0.255988798042138,0,0
0,0.252844045559565,0,0.231497165695247,0,0.184188897749691,0,0,0.22814330086112,0.18344084918499,0,0.35247814655304,0,0,0,0,0.250809124942067,0.240958776790649,0.260265997756959,0.186404621358528,0,0,0,0,0,0,0,0,0,0,0,0,0,0.262309235831102,0,0.206403182859116,0,0.19471300316268,0,0.20228679666861,0.25464435108006,0.222897417776937,0.230429678641517,0.241349726915359,0,0,0.259349728003144,0.252371188718826,0.203802485018969,0.21431375267329,0.259859681129456,0.211906766891479,0,0,0,0.205336591601372,0.302086770534515,0.255840412812468,0,0,0,0,0.21367796282544,0.247437659651041,0,0,0,0,0,0,0,0,0.257299864623282,0.286625578999519,0,0,0,0,0.222228819535711,0.275639592639862,0.254290670870918,0.291842285882343,0.258811217591618,0.228671718169661,0.247738898997499,0.260722450911999,0
0.33240389517125,0,0.242283126339316,0,0.20046254992485,0,0,0,0.250446379184723,0,0,0,0,0,0.253508925437927,0,0.279975595021689,0.253918002857718,0.281359820897981,0,0.164528951833123,0,0,0,0,0,0,0,0,0,0,0,0,0,0,0,0.167468850623887,0,0.229421350691054,0.255889685824513,0.187165999839529,0.24277108839967,0.252832697417441,0,0.295115113258362,0.259349728003144,0,0.224043369293213,0.197607334896619,0.219045395652453,0.228660564071366,0,0,0,0,0,0.262665332442871,0,0.241105983362478,0,0.232189476490021,0,0.287133380770683,0.186120000823424,0,0,0,0,0,0.274073362350464,0,0.326339155435562,0,0.265972759726704,0,0,0,0,0.281221420193712,0.221245500283712,0.291634649038315,0.280223473437189,0.277443781300126,0.283405529061953,0.216583045906227,0,0.244706075638533
0,0,0,0.280300850669543,0.27242311835289,0.236314855515957,0,0,0,0.262879610061646,0,0,0,0,0,0,0,0,0.246703460812569,0.26918363571167,0,0.295612808730867,0,0.330491236277989,0,0,0,0,0,0,0,0.479243858885982,0.358414063547298,0.467847176723084,0.479451098858814,0.161273917157046,0.249337044201399,0.411664266016946,0.548943295299044,0.197605620111738,0.208930635026523,0.372354235914018,0.379269209274879,0,0,0.252371188718826,0.224043369293213,0,0.46097154412319,0.35871244923512,0.271871220320463,0,0,0,0,0.31560496489207,0.290408849716187,0,0,0,0,0,0.227143704891205,0,0.2951966325442,0.379648357629776,0.34183413365431,0,0,0,0,0,0,0,0.311388601509012,0.48384466689522,0.299156893594343,0.433914909373672,0.211563572970801,0.35680541603769,0.364605137335709,0.377548230382112,0.375100616602674,0.261476180383137,0.473034988461491,0,0
0.157834629060456,0,0.127296746716843,0.258473123113314,0.232140564837971,0.213989980518818,0,0,0.136629128385158,0,0,0,0,0,0,0,0.310987040400505,0,0.198006038864454,0,0.218642511963844,0,0.188888686051319,0,0.181733895465732,0,0,0,0,0,0,0,0,0.383949706951777,0.603914272785187,0.219569409886996,0.207489067786618,0,0.245061726400391,0.242016300559044,0.203855353718003,0.309627950191498,0.34573132779173,0,0.262300372123718,0.203802485018969,0.197607334896619,0.46097154412319,0,0.21233947299994,0.243993794168431,0,0,0,0.206549111121106,0.257367879152298,0.264842976712518,0,0.249320098239443,0,0.219598605098396,0,0.190511360764503,0.215215581254317,0,0.256985586850212,0,0.256244748553134,0,0,0,0.210146413864316,0,0.260154056983689,0,0.3209594587485,0,0.393871318548918,0.22216510860359,0.218476785440106,0,0.269127550680895,0.325196279269276,0.237890589237213,0.309957928603851,0,0
0,0.141641124151647,0.281231105327606,0.194028417148241,0,0.20958230810033,0,0,0.214172452688217,0.175479175362188,0,0,0,0,0,0,0.231557190418243,0.220619518309832,0.268068212191615,0.228044375777245,0,0.124337314628065,0,0.237950622462309,0,0,0,0,0,0,0,0,0,0.407312784194946,0,0.219893374666572,0.238864955306053,0.22496778171859,0,0.196657125921183,0.234598234295845,0.272966516706391,0.202777429794272,0,0,0.21431375267329,0.219045395652453,0.35871244923512,0.21233947299994,0,0.219816625118256,0.262102574110031,0,0,0,0.170985558707463,0,0.281333458092478,0.22803957760334,0,0,0,0.207934064933887,0,0.220015619777971,0,0.23506433985352,0,0.225345032910506,0,0,0,0.282361588694833,0,0,0,0,0.374943792819977,0.231450727408193,0.224942209628912,0.255084182755604,0.24525310844183,0.280555517411702,0.228013664484024,0.239820527768756,0.286647808977536,0
0,0,0.167400721460581,0,0.171314216405153,0,0.134433753788471,0,0.162702619497265,0,0,0,0,0,0.152859363084038,0,0.231642290949821,0.224858328700066,0.257226750254631,0,0.218749602418022,0,0,0,0,0,0,0,0,0,0,0,0,0,0,0,0.218567467843875,0,0.256610691547394,0.238299056887627,0.237912031875294,0,0.267988961069815,0,0,0.259859681129456,0.228660564071366,0.271871220320463,0.243993794168431,0.219816625118256,0,0,0.166590990622838,0,0.179572148593488,0,0.252402099324208,0,0.191610212291568,0,0.182025446865129,0,0,0.264129076204272,0,0,0,0,0,0,0,0.292059659957886,0,0.297334054730973,0,0,0,0,0,0.236231101331887,0,0.291563279602839,0.20161660199296,0.253118723630905,0.24831613856554,0,0.27516582608223
0,0,0,0.237311655088611,0,0.189551579992513,0,0.17331110292125,0,0.25639283657074,0,0,0,0,0,0.245729960501194,0,0,0,0,0,0,0,0,0,0,0,0,0,0,0,0,0,0,0,0,0,0,0,0.238749782626445,0,0.256263941526413,0,0,0,0.211906766891479,0,0,0,0.262102574110031,0,0,0,0.145588097855067,0,0.217578505476316,0,0,0,0.209500463976376,0,0.220433501367058,0.323542281985283,0,0,0,0,0,0,0,0,0,0.27898308634758,0,0,0,0,0,0.239951379100482,0,0.273029554635286,0,0.200615076669331,0.202646593962397,0.238694420031139,0,0
0,0,0,0,0.127894850951784,0,0.183303550703803,0,0,0,0.230084665432698,0,0.0990306440649963,0,0,0,0,0,0,0,0.215690832585096,0,0,0,0,0,0,0,0,0,0,0,0,0,0,0,0.236192122101784,0,0,0,0,0,0,0,0,0,0,0,0,0,0.166590990622838,0,0,0,0,0,0.239428914436914,0,0.138257794082165,0,0,0,0,0.28066537471918,0,0,0,0,0,0,0,0,0,0,0,0,0,0,0,0,0,0,0.155721746172224,0,0,0,0
0,0,0,0,0,0.158419847115874,0,0.16183578047334,0,0,0,0.148068495094776,0,0.186229936778545,0,0,0,0,0,0,0,0,0,0,0,0,0,0,0,0,0,0,0,0,0,0,0,0,0,0,0,0,0,0,0,0,0,0,0,0,0,0.145588097855067,0,0,0,0,0,0.183609929982196,0,0.1713859195059,0,0,0,0,0,0,0,0,0,0,0,0,0,0,0,0,0,0,0,0,0,0,0.18439599275589,0.211047112941742,0,0,0
0.156661242246628,0,0.173557114476959,0,0.153041308000684,0,0,0,0.215966195692356,0,0,0,0,0,0.139815774337154,0,0,0,0,0,0,0,0,0,0,0,0.11683314293623,0,0,0,0,0,0,0,0,0,0,0,0.321313142776489,0,0,0,0,0,0,0,0,0,0.206549111121106,0,0.179572148593488,0,0,0,0,0,0,0,0.198845580220222,0,0.175903977933577,0,0,0,0,0,0,0.27660062281709,0,0,0,0,0,0,0,0,0,0,0,0,0,0.352051338011568,0.239079290290469,0,0,0,0
0,0.1549701991442,0,0.167001655118333,0,0.203162802383304,0,0,0,0.185050434932658,0,0,0,0,0,0.193514023852699,0,0,0.24825145304203,0,0,0,0,0.137292368667466,0,0,0,0,0,0,0,0,0,0,0,0.277836292982101,0,0.258769967330572,0,0.234447253977551,0,0.235872538387775,0.238343626260757,0,0,0.205336591601372,0,0.31560496489207,0.257367879152298,0.170985558707463,0,0.217578505476316,0,0,0,0,0,0.246003593007723,0,0,0,0.175069738131065,0.195614327987035,0,0,0,0.164819512610571,0,0,0,0,0,0.264909493923187,0,0,0,0,0,0.246710756929909,0,0.301730339930528,0,0.19204238501768,0.208503678441048,0.174284869498467,0.158667281270027,0
0.344112312793732,0,0.2730545019326,0,0.23668472468853,0,0.237399158999324,0,0.26312442868948,0,0.211397172501545,0,0.123079507052898,0,0,0,0.285242819172495,0.269911020994186,0.289195016977635,0,0.160137369391231,0,0,0,0,0,0,0,0,0,0.184208024293184,0,0,0,0,0,0.212546644466264,0,0.173428361527622,0.24818017333746,0.265086348144672,0,0.313226851920341,0,0.279268354177475,0.302086770534515,0.262665332442871,0.290408849716187,0.264842976712518,0,0.252402099324208,0,0.239428914436914,0,0,0,0,0,0.246587065194897,0,0.22056012849013,0,0,0.286933337580333,0,0,0,0,0,0,0,0.304964216709137,0,0.322264129418021,0,0,0,0,0.263783872127533,0.266462292258556,0,0.28547497195046,0.247472585996195,0.359777679810157,0.311565561665443,0,0.324530102150596
0,0.217707976698875,0,0.282021286519798,0,0,0,0.163922358304262,0,0.236926227807999,0,0.16823606327459,0,0.116988077197435,0,0,0,0.272877335548401,0.374057270532107,0.123328751461072,0,0,0,0,0,0,0,0.125538846477866,0,0.158092430911281,0,0,0,0,0,0.160912510904449,0,0.157612446652249,0,0.264880603551865,0.252204805612564,0.308024200294559,0.268682241439819,0,0,0.255840412812468,0,0,0,0.281333458092478,0,0,0,0.183609929982196,0,0.246003593007723,0,0,0,0.230590689480305,0,0,0.293357050388443,0,0,0,0,0,0,0,0,0,0.261231277641412,0,0,0,0,0,0.245980308032953,0,0.211841496197801,0,0.204860148293462,0.149063959717751,0.304505089795214,0.347426720567652,0
0,0,0.229259714484215,0,0.150277960932616,0,0.136603653372731,0,0,0,0.150835728738457,0,0.165816107264129,0,0.167909844756409,0,0,0,0.24625300988555,0,0.217648923397064,0,0,0,0,0,0,0,0,0,0,0,0,0,0,0,0.236687898635864,0,0,0,0.266275113224983,0,0.311466299588718,0,0,0,0.241105983362478,0,0.249320098239443,0.22803957760334,0.191610212291568,0,0.138257794082165,0,0.198845580220222,0,0.246587065194897,0,0,0,0.169353143959462,0,0,0.270391122748454,0,0,0,0,0,0,0,0.258960298697154,0,0.299827301336659,0,0,0,0,0,0.267922083798208,0,0.327498367199531,0.152758236915346,0.126638233661652,0.280954853545689,0,0.299158726419721
0,0,0,0,0,0.20934369676087,0,0.18272819829748,0,0,0,0.11870437080777,0,0.155739829188145,0,0,0,0,0,0,0,0,0,0,0,0,0,0.159232058695384,0,0,0,0,0,0,0,0,0,0,0,0,0,0,0,0,0,0,0,0,0,0,0,0.209500463976376,0,0.1713859195059,0,0,0,0.230590689480305,0,0,0,0.171701960886518,0,0,0,0,0,0,0,0,0.1833271458745,0,0,0,0,0,0,0,0,0,0,0,0.157678630369104,0.176950206539848,0,0,0
0.189049683511257,0,0.159724582944598,0,0.164457678794861,0,0,0,0.130259157988158,0,0,0,0.132833280911048,0,0.154648672387074,0,0.149778865490641,0,0.201004654169083,0,0,0,0,0,0,0,0,0,0,0,0,0,0,0,0,0,0,0,0,0,0,0.191682383418083,0,0,0,0,0.232189476490021,0,0.219598605098396,0,0.182025446865129,0,0,0,0.175903977933577,0,0.22056012849013,0,0.169353143959462,0,0,0,0,0,0,0,0,0,0,0.207273917556819,0,0,0,0,0,0,0,0,0,0.35315477848053,0,0,0.152903350887069,0.172394499182701,0.235733886559804,0,0
0,0.173352652612854,0,0,0,0.235723860326566,0,0,0,0.1737330108881,0,0,0,0.131383044570684,0,0.195754716438907,0,0.116107554308006,0,0,0,0,0,0,0,0.10687037356771,0,0,0,0,0,0,0,0,0,0,0,0,0,0,0,0,0,0,0,0,0,0,0,0,0,0.220433501367058,0,0,0,0.175069738131065,0,0,0,0.171701960886518,0,0,0,0,0,0,0,0,0.188689187169075,0,0,0,0,0,0,0,0,0,0,0,0,0,0.115103681172643,0.156178936362267,0,0,0
0,0,0,0.292129255439106,0,0.222802507571685,0,0,0,0,0,0.127737269690721,0,0,0,0,0.220761309067408,0.230341404676437,0.24841765811046,0.154755292903558,0,0,0,0,0,0,0,0,0,0.179869562387466,0,0,0,0,0,0.163404570114165,0,0.145590026663919,0,0.186638989024334,0,0.219004216321399,0.184441616137822,0,0,0.21367796282544,0.287133380770683,0.227143704891205,0.190511360764503,0.207934064933887,0,0.323542281985283,0,0,0,0.195614327987035,0,0.293357050388443,0,0,0,0,0,0,0,0,0,0,0,0,0,0,0.307981768044932,0,0,0,0,0,0.215028274836846,0.30254802107811,0.206428650131867,0,0.188812743971306,0.203012153506279,0.26241457896637,0.329542011022568,0
0.250645579149326,0,0,0,0.210711919419144,0,0.253250423150185,0,0.233841562271118,0.228940948843956,0.208696979585044,0,0,0,0,0,0.260638871016326,0.238266376256943,0.251519198068878,0,0.211555540532534,0,0,0,0,0,0,0,0,0,0,0,0,0,0,0,0.200164998981578,0,0.206740214032005,0.24052292201668,0.198086758107545,0.19727398455143,0.215814193486008,0,0.220820426940918,0.247437659651041,0.186120000823424,0,0.215215581254317,0,0.264129076204272,0,0.28066537471918,0,0,0,0.286933337580333,0,0.270391122748454,0,0,0,0,0,0,0,0,0,0,0,0,0.313184857368469,0,0.290913469169738,0,0,0,0,0.275509357452393,0.243569063735801,0.249117091298103,0.270564279478529,0.244811558704346,0.255883908220406,0.226090190805476,0,0.241004353761673
0,0,0,0,0,0,0,0,0,0,0,0,0,0,0,0,0,0.123142074261393,0,0,0,0.151947639908564,0.0780298287669818,0.153797468701794,0,0.115656798084577,0,0.11586464622191,0,0,0,0,0,0,0,0,0,0.130546217449924,0,0,0,0,0,0,0,0,0,0.2951966325442,0,0.220015619777971,0,0,0,0,0,0,0,0,0,0,0,0,0,0,0,0.0887575298547745,0.226058876174331,0,0.23822898947401,0,0.247615940247973,0,0,0,0,0,0,0,0,0,0.214716646898304,0,0.118803591124784,0.123024002701606,0.24434599543319,0,0
0,0,0,0,0,0,0,0,0,0,0,0,0,0,0,0,0.122663785802557,0.109795443713665,0,0,0,0.10946828732267,0.150705482096879,0,0.177926860929254,0,0,0,0.140877728350461,0,0,0,0,0,0,0,0,0,0.138340966524704,0,0,0,0.284592628479004,0,0,0,0,0.379648357629776,0.256985586850212,0,0,0,0,0,0,0,0,0,0,0,0,0,0,0,0.0887575298547745,0,0,0.232410796173655,0,0.227230731982226,0,0.236905989404396,0,0,0,0,0,0,0,0,0,0.251009142578958,0.138670237295501,0.148442233544449,0.329271038373311,0,0
0,0.129656910896301,0,0,0,0,0,0,0,0.139990523457527,0,0,0,0,0,0,0,0.156323176622391,0,0,0,0.193792365089129,0,0.162484627190483,0,0.230151414871216,0,0,0,0,0,0,0,0,0,0,0,0.212379337296362,0,0,0,0,0,0,0,0,0,0.34183413365431,0,0.23506433985352,0,0,0,0,0,0.164819512610571,0,0,0,0,0,0,0,0,0.226058876174331,0,0,0,0.232398535621348,0,0.252014357580079,0,0,0,0,0,0,0,0,0,0.315001311193217,0,0.131719203320918,0,0.249611658446894,0,0
0,0,0,0,0,0,0,0,0.15257972975572,0,0,0,0,0,0,0,0,0,0,0,0,0,0.147665592157221,0,0.179144314757086,0,0.159941822290421,0,0,0,0,0,0,0,0,0,0,0,0.20850402434855,0,0,0,0,0,0,0,0,0,0.256244748553134,0,0,0,0,0,0.27660062281709,0,0,0,0,0,0,0,0,0,0,0.232410796173655,0,0,0,0.209192921632323,0,0.220939575479581,0,0,0,0,0,0,0,0,0,0.315226185909198,0.139462185787911,0,0.290056461587231,0,0
0,0,0,0,0,0,0,0,0,0,0,0,0,0,0,0,0,0.133087891750038,0,0,0,0.197927850697722,0,0.169614814568398,0,0.146611697136242,0,0.160662103429133,0,0,0,0,0,0,0,0,0,0.20163169593522,0,0,0,0,0,0,0,0,0,0,0,0.225345032910506,0,0,0,0,0,0,0,0,0,0,0,0.188689187169075,0,0,0.23822898947401,0,0.232398535621348,0,0,0,0.184838364545203,0,0,0,0,0,0,0,0,0,0.20114599665006,0,0.158814200888509,0,0.245153248310089,0,0
0,0,0,0,0,0,0,0,0.136129029095173,0,0,0,0,0,0.240913078188896,0,0.125952461164217,0.134208112955093,0.179924661914508,0,0,0,0.157205624068665,0,0.160160488011886,0,0.140552231814803,0,0.0969055816531181,0,0,0,0,0,0,0,0,0,0,0.270823508501053,0,0,0,0,0,0,0.274073362350464,0,0,0,0,0,0,0,0,0,0,0,0,0,0.207273917556819,0,0,0,0,0.227230731982226,0,0.209192921632323,0,0,0,0.270596581170837,0,0,0,0,0,0,0.219776332378387,0.314575463533401,0,0.29359894990921,0.130848450517213,0,0.204773113131523,0,0
0,0,0,0,0,0,0,0,0,0,0,0.123994291183494,0,0,0,0,0,0,0,0,0,0.196929650508206,0,0.221326751634479,0,0.179603146016598,0,0.160404346957943,0,0.0992282306154569,0,0,0,0,0,0,0,0.138362689254185,0,0,0,0,0,0,0,0,0,0,0,0,0,0,0,0,0,0,0,0,0,0.1833271458745,0,0,0,0,0.247615940247973,0,0.252014357580079,0,0.184838364545203,0,0,0,0.201719912207302,0,0,0,0,0,0,0,0.193365993731804,0,0.174948601158169,0.242812410761149,0,0,0
0,0,0,0,0,0,0,0,0,0,0,0,0,0,0,0,0,0,0.302455723285675,0,0,0,0.186085600161414,0,0,0,0,0,0.167080869834556,0,0.204610430879599,0,0,0,0,0,0,0,0.181725440617604,0,0.27800315618515,0,0.277998704372383,0,0,0,0.326339155435562,0,0.210146413864316,0,0.292059659957886,0,0,0,0,0,0.304964216709137,0,0.258960298697154,0,0,0,0,0.313184857368469,0,0.236905989404396,0,0.220939575479581,0,0.270596581170837,0,0,0,0.315925512533143,0,0,0,0,0,0.244431167840958,0,0.228527774747748,0.151364116280368,0,0.302174838525908,0,0.328221380710602
0,0,0,0.28397741748227,0,0.267307281494141,0,0,0,0,0,0.144461617359649,0,0,0,0,0.298482835292816,0.275968879461288,0.363657313052583,0,0,0,0,0.230101317167282,0,0,0,0.122051126427121,0,0.14177198561195,0,0,0,0,0,0,0,0.125354148695866,0,0.267774781720205,0.226798102259636,0.30453677653031,0,0,0,0.257299864623282,0,0,0,0.282361588694833,0,0.27898308634758,0,0,0,0.264909493923187,0,0.261231277641412,0,0,0,0,0.307981768044932,0,0,0,0,0,0,0,0.201719912207302,0,0,0,0,0,0,0,0.244986972212791,0,0.183391688333775,0,0.192466397345762,0.292201429605484,0.31299652982425,0.336255364797332,0
