0,0,0.216013064607978,0,0,0,0,0,0.128416735678911,0,0,0,0,0,0,0,0.247574433684349,0,0.261109595497449,0,0,0,0,0,0,0,0,0,0,0,0,0,0,0,0,0,0,0,0,0,0.350189817803247,0,0.322201048058492,0,0,0,0.264093055611565,0,0.200140348672867,0,0,0,0,0,0.181775221430161,0,0.272308398570333,0,0,0,0,0,0,0,0,0,0,0,0,0,0,0,0,0.30926104973663,0,0,0,0,0,0.343111707104577,0,0.351052552461624,0.250950638453166,0,0.308386802409602,0,0
0,0,0,0.139888808131218,0,0,0,0,0,0.138331306853988,0,0,0,0,0,0,0,0,0.255823034379217,0,0,0,0,0,0,0,0,0,0,0,0,0,0,0,0,0,0,0,0,0,0,0.413022172960593,0,0,0,0.28634270131588,0,0,0,0.242523031808981,0,0,0,0,0,0.162261641267593,0,0.307885697909764,0,0,0,0.184323400334658,0,0,0,0,0,0,0,0,0,0,0.328128643333912,0,0,0,0,0,0.391114853322506,0,0,0,0.251042853891849,0,0.32390392735899,0.416674189269543,0
0.216013064607978,0,0,0,0.162810087925003,0,0,0,0.110432382673025,0,0,0,0,0,0,0,0,0.295305341482162,0.272285461425781,0,0.274016842246056,0,0,0,0,0,0,0,0,0,0,0,0,0,0,0,0.301193028688431,0,0,0,0.31200491345447,0,0.28390568844128,0,0.306276226043701,0.309041023254395,0.333855659037293,0.262053785269911,0.221362532675266,0,0.214290931820869,0,0,0,0.223953136305014,0,0.278836712636779,0,0.279868625570089,0,0.238168935565388,0,0,0.289051592350006,0,0,0,0,0,0,0,0,0,0.321979372841971,0,0,0,0,0,0.311165470000985,0,0.369160771369934,0.312507840139525,0,0.278630033256562,0,0.247212798757987
0,0.139888808131218,0,0,0,0.141932847941744,0,0,0,0,0,0,0,0,0,0,0,0,0.283442509174347,0,0,0,0,0,0,0,0,0,0,0,0,0,0,0,0,0.398190945386887,0,0,0,0.374752151966095,0,0.286823133739193,0,0.268643975257874,0,0.300881780683994,0.280027002096176,0.27834540605545,0,0.230402406116929,0,0.216674171780285,0,0,0,0.211736248455186,0,0.295339535389628,0,0.282140303197808,0,0.237060966991609,0.310898777842522,0,0,0,0,0,0,0,0.3009113073349,0,0.328276169711146,0,0,0,0,0,0.357642032206059,0,0.325168430805206,0,0.281692066008136,0,0.284000685033591,0.263454020023346,0
0,0,0.162810087925003,0,0,0,0.138311564922333,0,0.191152335144579,0,0,0,0,0,0,0,0,0,0,0,0,0,0,0,0,0,0,0,0,0,0,0,0,0,0,0,0.167202726006508,0,0,0,0,0,0,0,0,0,0.325808217128118,0,0,0,0.234639267042532,0,0,0,0.196697861832731,0,0.188739284873009,0,0.245779648147247,0,0.201988108456135,0,0,0,0,0,0,0,0,0,0,0,0,0,0,0,0,0,0,0,0,0,0.198976043860118,0.254302114248276,0.19198135882616,0,0
0,0,0,0.141932847941744,0,0,0,0,0,0.188670062593051,0,0,0,0,0,0,0,0,0,0,0,0,0,0,0,0,0,0,0,0,0,0,0,0,0,0,0,0,0,0,0,0.246710956096649,0,0,0,0,0,0,0,0.251287519931793,0,0.262242681282735,0,0,0,0,0,0.18184522021076,0,0.223985597491264,0,0,0,0,0,0,0,0,0,0,0,0,0,0,0,0,0,0,0,0,0,0,0.248363168703185,0,0.154580127913505,0,0
0,0,0,0,0.138311564922333,0,0,0,0,0,0.146120429039001,0,0.182180299991515,0,0,0,0,0,0,0,0,0,0,0,0,0,0,0,0,0,0,0,0,0,0,0,0,0,0,0,0,0,0,0,0,0,0,0,0,0,0,0,0.218207226659375,0,0,0,0.251809528718392,0,0.191529445986652,0,0,0,0,0.232772290706635,0,0,0,0,0,0,0,0,0,0,0,0,0,0,0,0,0,0,0,0,0,0,0
0,0,0,0,0,0,0,0,0,0,0,0,0,0.168148105343183,0,0,0,0,0,0,0,0,0,0,0,0,0,0,0,0,0,0,0,0,0,0,0,0,0,0,0,0,0,0,0,0,0,0,0,0,0,0.197456001171044,0,0.229149267701578,0,0,0,0.241881540456376,0,0.186858892777165,0,0,0,0,0,0,0,0,0,0,0,0,0,0,0,0,0,0,0,0,0,0,0,0,0,0,0
0.128416735678911,0,0.110432382673025,0,0.191152335144579,0,0,0,0,0,0,0,0,0,0,0,0,0,0,0,0,0,0,0,0.168544755262487,0,0,0,0,0,0,0,0,0,0,0,0,0,0.137252182552689,0,0,0,0.139993458986282,0,0,0,0,0,0,0,0,0,0,0,0.235002354163873,0,0,0,0,0,0.214771838188171,0,0,0,0,0,0,0,0,0,0,0,0,0,0,0,0,0,0,0,0,0,0.192029394647654,0,0.162161158000837,0,0
0,0.138331306853988,0,0,0,0.188670062593051,0,0,0,0,0,0,0,0,0,0.232414245605469,0,0,0,0,0,0,0,0.190885340174039,0,0.169347196817398,0,0,0,0,0,0,0,0,0,0,0,0.207112530867259,0,0,0,0.21876298636198,0,0,0,0,0,0,0,0,0,0,0,0,0,0.244339285541041,0,0,0,0,0,0.20077257259534,0,0,0,0,0.210902084003795,0,0,0,0,0,0,0,0,0,0,0,0,0,0,0,0.199574066540309,0.171380665153265,0.193638374859636,0,0
0,0,0,0,0,0,0.146120429039001,0,0,0,0,0,0.154077675938606,0,0,0,0,0,0,0,0.164026110193559,0,0,0,0,0,0,0,0,0,0.198892837941227,0,0,0,0,0,0,0,0.151600253083799,0,0,0,0,0,0,0,0,0,0,0,0,0,0.289202287793159,0,0,0,0.229970464338187,0,0.196328750014305,0,0,0,0,0,0,0,0,0,0,0,0,0,0,0.220520618119891,0,0,0,0,0,0,0,0.176597347689999,0.187126772157077,0,0.224303387105465,0,0
0,0,0,0,0,0,0,0,0,0,0,0,0,0.12466536462307,0,0,0,0,0,0.127951648124714,0,0,0,0,0,0,0,0,0,0.167313252886136,0,0,0,0,0,0.111608020961285,0,0.158437918320946,0,0,0,0,0,0,0,0.312592625617981,0,0,0,0.337669879198074,0,0,0,0,0,0,0,0.227731826949858,0,0.12898250467637,0,0,0.242122170190478,0,0,0,0,0,0,0,0,0,0.183141067408133,0,0,0,0,0,0.275361508131027,0,0.171631369739771,0,0.128400271137555,0,0.258445860611068,0,0
0,0,0,0,0,0,0.182180299991515,0,0,0,0.154077675938606,0,0,0,0.207339987158775,0,0,0,0,0,0,0,0,0,0,0,0,0,0,0,0,0,0,0,0,0,0,0,0,0,0,0,0,0,0,0,0,0,0.30997434258461,0,0,0,0,0,0,0,0,0,0.216888255281235,0,0.271798756718636,0,0,0,0,0,0,0,0,0,0,0,0,0,0,0,0,0,0,0,0,0,0.179881092905998,0,0,0,0
0,0,0,0,0,0,0,0.168148105343183,0,0,0,0.12466536462307,0,0,0,0,0,0,0,0,0,0,0,0,0,0,0,0,0,0,0,0,0,0,0,0,0,0,0,0,0,0,0,0,0,0,0,0,0,0,0,0,0,0,0,0,0,0,0,0.179255096241832,0,0,0,0,0,0,0,0,0,0,0,0,0,0,0,0,0,0,0,0,0,0,0.15609423071146,0,0,0,0
0,0,0,0,0,0,0,0,0,0,0,0,0.207339987158775,0,0,0,0.159413993358612,0,0,0,0,0,0,0,0,0,0,0,0,0,0,0,0,0,0,0,0,0,0,0,0,0,0,0,0,0,0,0,0.219489207863808,0,0,0,0,0,0.192054897546768,0,0,0,0.238929707392127,0,0.226538429448479,0,0,0,0,0,0,0,0,0,0,0,0,0,0,0,0,0,0,0,0,0,0,0,0,0,0
0,0,0,0,0,0,0,0,0,0.232414245605469,0,0,0,0,0,0,0,0,0,0,0,0,0,0,0,0,0,0,0,0,0,0,0,0,0,0,0,0,0,0,0,0,0,0,0,0,0,0,0,0,0,0,0,0,0,0.225070421894391,0,0,0,0.207384094595909,0,0.204092755627174,0,0,0,0,0,0,0,0,0,0,0,0,0,0,0,0,0,0,0,0,0.116845365574485,0.226729367066313,0,0,0
0.247574433684349,0,0,0,0,0,0,0,0,0,0,0,0,0,0.159413993358612,0,0,0.172688694880713,0.294582986485612,0,0,0.140345408336112,0.154283609757402,0.173427796363831,0.182543645254694,0,0.139434507428521,0,0,0,0,0,0,0,0,0.353892341256142,0.357719833359999,0,0,0.339381938850558,0.308659531590011,0.289715568865499,0.283394877733879,0.297366444553648,0.269566500352489,0.348797285642761,0.316621273837012,0,0.34140944480896,0.290315866470337,0,0,0,0,0,0,0.300120145082474,0,0,0,0.155778586864471,0,0.326211706451748,0.309217789593865,0.281878679990768,0.140875847323945,0,0.19729503040964,0,0.149550982351814,0,0,0.328754325707753,0.307835072278976,0,0.337144285440445,0,0,0.359690302731218,0.342819232137958,0.467726945877075,0.371285994847616,0.178191153493501,0.161843459970625,0.329084837878192,0.283730047089713,0.285146365945156
0,0,0.295305341482162,0,0,0,0,0,0,0,0,0,0,0,0,0,0.172688694880713,0,0.327218497416378,0,0,0.162548947951331,0.148667769616141,0.222701761207065,0.144929256822382,0.159783679074966,0.157917400521617,0.143396121760209,0,0,0,0,0,0,0,0.402300114432971,0.358648693561554,0,0,0.343874182420618,0.326159897304717,0.29443313959572,0.288209803063761,0.27239396490834,0.307775611678759,0.327066576346419,0.335209001061375,0.398522853851318,0.380788385868073,0.322858494520187,0,0,0,0,0,0,0,0.330961555242538,0,0,0,0,0.329413167361555,0.323118493745202,0.143312580883503,0,0.196922090459377,0,0.190528440475464,0.183586224913597,0.14825151860714,0,0.368492309004068,0.31892791390419,0,0,0,0,0.343312657605379,0.353802114129066,0.415355734527111,0.364358633756638,0.191824629901999,0.160320135312893,0.347467590948779,0.283334021897692,0.258894466691547
0.261109595497449,0.255823034379217,0.272285461425781,0.283442509174347,0,0,0,0,0,0,0,0,0,0,0,0,0.294582986485612,0.327218497416378,0,0.358108401298523,0,0.297843108574549,0.276285878249577,0.263873383402824,0.268498279154301,0,0.266246244311333,0,0,0,0,0,0.347372084856033,0,0,0.404593939549171,0.384683181420256,0.424470290541649,0.368817299604416,0.369605029852343,0.339072498283824,0.294563870321621,0.253709684039352,0.254845005878504,0.272426129955994,0.351659971652337,0.331164420963621,0.395144432783127,0.375362274321643,0.312241941690445,0,0,0,0,0,0,0.355192674323916,0.332761940856775,0,0,0,0,0.335155413999452,0.318282358740505,0,0,0,0,0,0,0.341664669605402,0,0.373379399891823,0.369651118086444,0,0.379106452067693,0.399064093828201,0.405868226289749,0.374647105196364,0.370302699928405,0.462226742192319,0.443596910133406,0.263792025594084,0.276048751473427,0.362754064464846,0.282113918884054,0.27430712329202
0,0,0,0,0,0,0,0,0,0,0,0.127951648124714,0,0,0,0,0,0,0.358108401298523,0,0,0,0,0,0,0,0,0,0,0,0,0,0,0,0,0.179414133319543,0,0.202072856681687,0,0,0,0,0,0,0,0.295215006669362,0,0,0,0,0,0,0,0,0,0,0,0,0,0,0,0,0.239457191106411,0,0,0,0,0,0,0,0,0,0,0,0,0,0,0,0.235102274559312,0,0.269434499243895,0,0.202742531895638,0,0.246870977860509,0,0
0,0,0.274016842246056,0,0,0,0,0,0,0,0.164026110193559,0,0,0,0,0,0,0,0,0,0,0,0,0,0,0,0,0,0,0,0,0,0,0,0,0,0.203578687599779,0,0.190719485886999,0,0.384945660829544,0,0,0,0,0,0.307884261012077,0,0.31236070394516,0,0.124115685767987,0,0.225538641214371,0,0,0,0.216069648822247,0,0,0,0.263861864805222,0,0,0.232722346933143,0,0,0,0,0,0,0,0,0,0.278463981397774,0,0,0,0,0,0.237113078156214,0,0.26172829992496,0.206363037999334,0,0.249264361543788,0,0
0,0,0,0,0,0,0,0,0,0,0,0,0,0,0,0,0.140345408336112,0.162548947951331,0.297843108574549,0,0,0,0.115513134747744,0.282087372243404,0,0,0,0.169142004240442,0,0,0,0,0,0,0,0,0,0.28381028910855,0,0,0,0.334613567590713,0,0,0,0,0.338520169258118,0,0,0.354994690421341,0,0,0,0,0,0,0,0.312665790319443,0,0.290656328201294,0,0,0.343841508030891,0,0.254932435852124,0,0.299578162921326,0,0.311727094224521,0,0.287103597864737,0,0.388081568770292,0,0,0,0,0,0.317875444889069,0,0.35101197850894,0,0.15503883937678,0.140935381167922,0.331299865245819,0,0
0,0,0,0,0,0,0,0,0,0,0,0,0,0,0,0,0.154283609757402,0.148667769616141,0.276285878249577,0,0,0.115513134747744,0,0,0.237713293793301,0,0.155952872667048,0,0.150303171897257,0,0,0,0,0.54337199529012,0.617101669311523,0,0,0,0.302126791908254,0,0,0,0,0,0,0,0,0.486890074279573,0.35432838588953,0,0,0,0,0,0,0,0,0,0,0,0,0,0,0,0,0.220084394506039,0,0.271753694862127,0,0,0,0,0,0,0,0,0,0,0,0.347367286682129,0,0.286042300952929,0.159710575022349,0.192508098783253,0,0,0
0,0,0,0,0,0,0,0,0,0.190885340174039,0,0,0,0,0,0,0.173427796363831,0.222701761207065,0.263873383402824,0,0,0.282087372243404,0,0,0,0,0,0,0,0,0,0,0,0,0,0,0,0.216635145566644,0,0,0,0.245550155639648,0,0,0,0,0,0,0,0.359294081121925,0,0,0,0,0,0.251205141406234,0,0,0,0,0,0,0,0,0.311821332094313,0,0.212133018462205,0,0.330894883798093,0,0.331447731250178,0,0,0,0,0,0,0,0,0,0.27625378478782,0,0.181630724190194,0.204426407814026,0.268980850776037,0,0
0,0,0,0,0,0,0,0,0.168544755262487,0,0,0,0,0,0,0,0.182543645254694,0.144929256822382,0.268498279154301,0,0,0,0.237713293793301,0,0,0,0.195229791543063,0,0,0,0,0,0,0,0,0,0,0,0.254382168851365,0,0,0,0,0,0,0,0,0.485154380400976,0.289825047951578,0,0,0,0,0,0.148708125786348,0,0,0,0,0,0,0,0,0,0,0.209320435652862,0,0.285314664542675,0,0.197978138923645,0,0,0,0,0,0,0,0,0,0,0,0.258500866567502,0.155554204100841,0.183506019156555,0.363986313343048,0,0
0,0,0,0,0,0,0,0,0,0.169347196817398,0,0,0,0,0,0,0,0.159783679074966,0,0,0,0,0,0,0,0,0,0.110123695696101,0,0,0,0,0,0,0,0,0,0,0,0,0,0,0,0,0,0,0,0,0,0,0,0,0,0,0,0,0,0,0,0,0,0,0,0,0.198439255356789,0,0.20359872529904,0,0.232343955090762,0,0.234183487302113,0,0,0,0,0,0,0,0,0,0,0,0.183694803714752,0,0,0,0
0,0,0,0,0,0,0,0,0,0,0,0,0,0,0,0,0.139434507428521,0.157917400521617,0.266246244311333,0,0,0,0.155952872667048,0,0.195229791543063,0,0,0,0.225221039756896,0,0,0,0,0,0,0,0,0,0,0,0,0,0,0,0,0,0,0,0,0,0,0,0,0,0,0,0,0,0,0,0,0,0,0,0,0.175004738298329,0,0,0,0.251450263641097,0,0.236360719109454,0,0,0,0,0,0,0,0,0,0,0.15541677858967,0.174545412262281,0,0,0
0,0,0,0,0,0,0,0,0,0,0,0,0,0,0,0,0,0.143396121760209,0,0,0,0.169142004240442,0,0,0,0.110123695696101,0,0,0,0.171779854595661,0,0,0,0,0,0,0,0,0,0,0,0,0,0,0,0,0,0,0,0,0,0,0,0,0,0,0,0,0,0,0,0,0,0,0.162701372057199,0,0,0,0.185493871569633,0,0.190750904501231,0,0.186757765710354,0,0,0,0,0,0,0,0.198255653182665,0,0.172257244586945,0,0,0,0
0,0,0,0,0,0,0,0,0,0,0,0,0,0,0,0,0,0,0,0,0,0,0.150303171897257,0,0,0,0.225221039756896,0,0,0,0.155763095752759,0,0,0,0,0,0,0,0.226303208619356,0,0,0,0,0,0,0,0,0,0,0,0,0,0,0,0,0,0,0,0,0,0,0,0,0,0,0.215501327772398,0,0,0,0.25381698702511,0,0.230020735196249,0,0,0,0,0,0,0,0,0,0.255902600211975,0,0.179708262284597,0,0,0
0,0,0,0,0,0,0,0,0,0,0,0.167313252886136,0,0,0,0,0,0,0,0,0,0,0,0,0,0,0,0.171779854595661,0,0,0,0,0,0,0,0,0,0.146194758718131,0,0,0,0,0,0,0,0,0,0,0,0,0,0,0,0,0,0,0,0.187559181993658,0,0,0,0,0,0,0,0,0,0,0,0,0.160028516948223,0,0.21945373362825,0,0,0,0,0,0,0,0.190068039629194,0,0.134735718369484,0,0,0,0
0,0,0,0,0,0,0,0,0,0,0.198892837941227,0,0,0,0,0,0,0,0,0,0,0,0,0,0,0,0,0,0.155763095752759,0,0,0,0,0,0,0,0,0,0.167928057374677,0,0,0,0,0,0,0,0,0,0,0,0,0,0,0,0,0,0.260097148301809,0,0,0,0,0,0,0,0,0,0,0,0,0,0,0.195306241512299,0,0.212524989473229,0,0,0,0,0,0,0,0.177626091660115,0,0,0,0,0
0,0,0,0,0,0,0,0,0,0,0,0,0,0,0,0,0,0,0,0,0,0,0,0,0,0,0,0,0,0,0,0,0,0.270005508263906,0,0.270467752308557,0,0,0,0,0,0,0,0,0,0,0,0.455157641852372,0,0,0,0,0,0,0,0,0,0,0,0,0,0,0,0,0,0,0,0,0,0,0,0,0,0,0.255737133148148,0,0.274440077089128,0,0.253505089000366,0,0,0,0.185782066216836,0,0,0,0
0,0,0,0,0,0,0,0,0,0,0,0,0,0,0,0,0,0,0.347372084856033,0,0,0,0,0,0,0,0,0,0,0,0,0,0,0,0.366946674244744,0.426159530878067,0.32911845029621,0,0,0,0,0,0,0,0,0,0,0.366583447802886,0.416619375348091,0,0,0,0,0,0,0,0,0,0,0,0,0,0,0,0,0,0,0,0,0,0,0,0,0,0,0.277066142437701,0,0.409830097357432,0.310079753398895,0.401885292387956,0,0,0.235181763768196,0,0,0,0
0,0,0,0,0,0,0,0,0,0,0,0,0,0,0,0,0,0,0,0,0,0,0.54337199529012,0,0,0,0,0,0,0,0,0.270005508263906,0,0,0.323434994472358,0.165568265604646,0,0.596281487456887,0.644577829796192,0,0,0,0,0,0,0,0,0.376016468535113,0.666464703423636,0.709517776966095,0,0,0,0,0,0,0,0,0,0,0,0,0,0,0,0,0,0.591929107904434,0,0,0,0,0,0,0.253916429821402,0,0.218255419412318,0.162754911269191,0.181272503368709,0,0.260780912041664,0.746820666790009,0.216740642723284,0,0.752383987108866,0,0
0,0,0,0,0,0,0,0,0,0,0,0,0,0,0,0,0,0,0,0,0,0,0.617101669311523,0,0,0,0,0,0,0,0,0,0.366946674244744,0.323434994472358,0,0,0.18163948424724,0.659067279100418,0.280557207174991,0,0,0,0,0,0,0,0,0.534432054485243,0.516054538580088,0,0,0,0,0,0,0,0,0,0,0,0,0,0,0,0,0,0,0,0,0,0,0,0,0,0,0.366586145927321,0.179356582228493,0.346742446817648,0,0.259394796415307,0,0.34347629087056,0.230412057068731,0,0,0,0
0,0,0,0.398190945386887,0,0,0,0,0,0,0,0.111608020961285,0,0,0,0,0.353892341256142,0.402300114432971,0.404593939549171,0.179414133319543,0,0,0,0,0,0,0,0,0,0,0,0.270467752308557,0.426159530878067,0.165568265604646,0,0,0.229796974850235,0.208184550951878,0,0.336726214046832,0,0.385857078162107,0.359061762690544,0.410725672755923,0,0.320307752419714,0.3623306453228,0.652493152401144,0,0.36930975661828,0,0,0,0,0,0,0,0,0,0,0,0.327516168355942,0.275304847919188,0.388378739356995,0,0,0,0,0,0,0,0,0.359683609008789,0,0.241398349242951,0,0.199870345586876,0,0.25303191023565,0.224534827659185,0.260361586549343,0.21784482896328,0.203373805462197,0.194193341334661,0.363579253338172,0.405818517912518,0
0,0,0.301193028688431,0,0.167202726006508,0,0,0,0,0,0,0,0,0,0,0,0.357719833359999,0.358648693561554,0.384683181420256,0,0.203578687599779,0,0,0,0,0,0,0,0,0,0,0,0.32911845029621,0,0.18163948424724,0.229796974850235,0,0,0.204715505147737,0.35907506942749,0.365597460199805,0,0.354160700955659,0,0.3862336736459,0,0.330058671089641,0.411458749096004,0.347873291359889,0,0,0,0,0,0,0,0.234494529664516,0,0,0,0.327859938144684,0,0,0.275735219906677,0,0,0,0,0,0,0,0,0,0.340482463439306,0,0.290522509606455,0,0.281577158109124,0.283884289334802,0.24168571818823,0,0.247754634097504,0.192130826493278,0.14397916836398,0.331406372361602,0,0.377232911555391
0,0,0,0,0,0,0,0,0,0.207112530867259,0,0.158437918320946,0,0,0,0,0,0,0.424470290541649,0.202072856681687,0,0.28381028910855,0,0.216635145566644,0,0,0,0,0,0.146194758718131,0,0,0,0.596281487456887,0.659067279100418,0.208184550951878,0,0,0.537289606698535,0.293472945690155,0,0.234126036365827,0,0,0,0.355482154495114,0,0.745674400098005,0.637583573659261,0.332732933852822,0,0,0,0,0,0.2095747590065,0,0.153220551609993,0,0,0,0,0.287992667267679,0,0.352284720198562,0,0.233433385253389,0,0.253386318683624,0,0.317191544837422,0,0.144828926771879,0,0,0,0.203583019419953,0,0.270716986066926,0,0.239676692608962,0.291498173028231,0.297436266692221,0.129145607352257,0.337653661665228,0.489297121763229,0
0,0,0,0,0,0,0,0,0.137252182552689,0,0.151600253083799,0,0,0,0,0,0,0,0.368817299604416,0,0.190719485886999,0,0.302126791908254,0,0.254382168851365,0,0,0,0.226303208619356,0,0.167928057374677,0,0,0.644577829796192,0.280557207174991,0,0.204715505147737,0.537289606698535,0,0,0,0,0.178979108730952,0,0,0,0.367190088217075,0.63684164946448,0.401421882274772,0,0,0,0,0,0.164601035912832,0,0.181251664654546,0,0,0,0,0,0,0.2580278789284,0,0.306096595365882,0,0.3295516565584,0,0,0,0.251242028667748,0,0.18910740044984,0,0,0.180926628410816,0.224902484046165,0,0.27912405252667,0.133923139742443,0.250848773076734,0.328496233426628,0.196425471330682,0.33839310633326,0,0.453601857026418
0,0,0,0.374752151966095,0,0,0,0,0,0,0,0,0,0,0,0,0.339381938850558,0.343874182420618,0.369605029852343,0,0,0,0,0,0,0,0,0,0,0,0,0,0,0,0,0.336726214046832,0.35907506942749,0.293472945690155,0,0,0.335658088326454,0.318601852237564,0.29694414883852,0.390452263275469,0.377776950597763,0.346902521825879,0.369663140603474,0.488433831013166,0.426467618116966,0.38916792115375,0,0,0,0,0,0,0,0.357264717419942,0,0.375940591096878,0,0.315838992595673,0.300577572808834,0,0,0,0,0,0,0,0.334304966032505,0,0.366597520453589,0,0,0,0,0,0.312472383483365,0.412847273051739,0.330650550002853,0,0.414384660937569,0,0.316380230010639,0.448297723337556,0.318960249423981
0.350189817803247,0,0.31200491345447,0,0,0,0,0,0,0,0,0,0,0,0,0,0.308659531590011,0.326159897304717,0.339072498283824,0,0.384945660829544,0,0,0,0,0,0,0,0,0,0,0,0,0,0,0,0.365597460199805,0,0,0.335658088326454,0,0.371855527162552,0.312031598228692,0.273461997509003,0.352728321379231,0.380113986405459,0.318413681026074,0.515569637219111,0.290780011027514,0,0,0,0,0,0,0,0.370670786925725,0,0,0,0,0,0.31412073969841,0.277098208311058,0,0,0,0,0,0,0,0,0,0.329786704136775,0,0,0,0,0.393980453411738,0.269494685014325,0.38652178645134,0.296391023993492,0.345444934773776,0,0.298335646507883,0,0.417521135184009
0,0.413022172960593,0,0.286823133739193,0,0.246710956096649,0,0,0,0.21876298636198,0,0,0,0,0,0,0.289715568865499,0.29443313959572,0.294563870321621,0,0,0.334613567590713,0,0.245550155639648,0,0,0,0,0,0,0,0,0,0,0,0.385857078162107,0,0.234126036365827,0,0.318601852237564,0.371855527162552,0,0.259286228645152,0.297573028753201,0.267307117581367,0.349065972219517,0.346418824635054,0.42120515058438,0.351670980453491,0.364562545306334,0,0,0,0,0,0.283933624625206,0,0.345358247602038,0,0.346090515851974,0,0.257671903286661,0.336885397701428,0,0.354814340670904,0,0.375816382467747,0,0,0,0.362738789802187,0,0.375446450058113,0,0,0,0.388891994953156,0,0.3705878913591,0.360150408744812,0.47771672279604,0.347682967782021,0.278425442204354,0,0.32898115667599,0.285381794974791,0.233441844582558
0.322201048058492,0,0.28390568844128,0,0,0,0,0,0.139993458986282,0,0,0,0,0,0,0,0.283394877733879,0.288209803063761,0.253709684039352,0,0,0,0,0,0,0,0,0,0,0,0,0,0,0,0,0.359061762690544,0.354160700955659,0,0.178979108730952,0.29694414883852,0.312031598228692,0.259286228645152,0,0.228878483176231,0.282250112840827,0.313587791153363,0.336621502447265,0.394333000263471,0.342832217857264,0,0.244923949241638,0,0,0,0,0,0.361566958635572,0,0,0,0,0,0.353516489267349,0.326734634417512,0,0,0,0.328732907772064,0,0,0,0,0.296591073274612,0.361462820128332,0,0.358808737248182,0,0.371649156014125,0.32181373915889,0.361195541458575,0,0.434331948967541,0.288488444980549,0,0.328619079067032,0.297981381416321,0.276250278091159
0,0,0,0.268643975257874,0,0,0,0,0,0,0,0,0,0,0,0,0.297366444553648,0.27239396490834,0.254845005878504,0,0,0,0,0,0,0,0,0,0,0,0,0,0,0,0,0.410725672755923,0,0,0,0.390452263275469,0.273461997509003,0.297573028753201,0.228878483176231,0,0.246126100420952,0.413127728919873,0.354505699127913,0,0,0.323750979134015,0,0,0,0,0,0,0,0.297371625900269,0,0,0,0,0.37213613765855,0,0,0,0,0,0,0,0.313547611236572,0,0.393923036076806,0,0,0,0,0,0.413286679183332,0.307792656123638,0.47507909933726,0,0.248160916659619,0.26497808098793,0.394028489342415,0.322411164965319,0
0,0,0.306276226043701,0,0,0,0,0,0,0,0,0,0,0,0,0,0.269566500352489,0.307775611678759,0.272426129955994,0,0,0,0,0,0,0,0,0,0,0,0,0,0,0,0,0,0.3862336736459,0,0,0.377776950597763,0.352728321379231,0.267307117581367,0.282250112840827,0.246126100420952,0,0.31349766254425,0.390064289745061,0,0.386526621878147,0,0,0,0,0,0,0,0.430604040622711,0,0,0,0,0,0,0.353964915923905,0,0,0,0,0,0,0,0,0,0,0,0,0,0,0.340217679738998,0.384199951808465,0,0.49332719296217,0.243753901770655,0,0.369681446368878,0,0.262848060239445
0,0.28634270131588,0.309041023254395,0.300881780683994,0,0,0,0,0,0,0,0.312592625617981,0,0,0,0,0.348797285642761,0.327066576346419,0.351659971652337,0.295215006669362,0,0,0,0,0,0,0,0,0,0,0,0,0,0,0,0.320307752419714,0,0.355482154495114,0,0.346902521825879,0.380113986405459,0.349065972219517,0.313587791153363,0.413127728919873,0.31349766254425,0,0.366132936307362,0.364145547151566,0.374978303909302,0.321862455241936,0,0,0,0,0,0,0,0.324568779185051,0,0.30859911441803,0,0,0.303600881221652,0.350827870269616,0,0,0,0,0,0,0.330517694905952,0,0.335624630522469,0,0,0,0,0,0.31914492019722,0.378068268804227,0.377549960936382,0.476627379655838,0.330240571320807,0.31085604429245,0.389258107445043,0.341635434464975,0.299186393618584
0.264093055611565,0,0.333855659037293,0.280027002096176,0.325808217128118,0,0,0,0,0,0,0,0,0,0,0,0.316621273837012,0.335209001061375,0.331164420963621,0,0.307884261012077,0.338520169258118,0,0,0,0,0,0,0,0,0,0,0,0,0,0.3623306453228,0.330058671089641,0,0.367190088217075,0.369663140603474,0.318413681026074,0.346418824635054,0.336621502447265,0.354505699127913,0.390064289745061,0.366132936307362,0,0.321681836619973,0.330134822483416,0.397158995270729,0,0,0,0,0.251049064099789,0,0.331402219637581,0,0,0,0.260870130998748,0,0.351110668977102,0.306445058273628,0,0,0,0,0,0,0,0,0.351855993270874,0.365432779362172,0,0.397636592388153,0,0.341333308390209,0.368171221830628,0.315366024434834,0,0.426008792594075,0.322405913216297,0.350896239280701,0.34016553166648,0.310444407165051,0.312616255204633
0,0,0.262053785269911,0.27834540605545,0,0,0,0,0,0,0,0,0,0,0,0,0,0.398522853851318,0.395144432783127,0,0,0,0.486890074279573,0,0.485154380400976,0,0,0,0,0,0,0.455157641852372,0.366583447802886,0.376016468535113,0.534432054485243,0.652493152401144,0.411458749096004,0.745674400098005,0.63684164946448,0.488433831013166,0.515569637219111,0.42120515058438,0.394333000263471,0,0,0.364145547151566,0.321681836619973,0,0.536464343493392,0.576242226800725,0,0,0,0,0,0,0,0,0,0,0,0,0,0.362907767295837,0.498625546693802,0.466982372105122,0.442151963710785,0.511632899443308,0,0,0,0,0,0,0.340555950272374,0.592216348082855,0.234009048525006,0.38131228291694,0.446155830475391,0.390943413241245,0.467856761103585,0.608558963147961,0.515778783734591,0,0.421784260001121,0,0
0.200140348672867,0,0.221362532675266,0,0,0,0,0,0,0,0,0,0.30997434258461,0,0.219489207863808,0,0.34140944480896,0.380788385868073,0.375362274321643,0,0.31236070394516,0,0.35432838588953,0,0.289825047951578,0,0,0,0,0,0,0,0.416619375348091,0.666464703423636,0.516054538580088,0,0.347873291359889,0.637583573659261,0.401421882274772,0.426467618116966,0.290780011027514,0.351670980453491,0.342832217857264,0,0.386526621878147,0.374978303909302,0.330134822483416,0.536464343493392,0,0.496717655829021,0,0,0,0,0,0,0.27726726890398,0,0.289273716674911,0,0.269077727013389,0,0,0.328192111104727,0,0.371146572051478,0,0.365120832497875,0,0,0,0.328681215643883,0,0.356819367352522,0,0.374456355969111,0,0.459114337275768,0,0.347815618645037,0,0.364127105292009,0.431310382479506,0,0.330844215693928,0,0.347107323259115
0,0.242523031808981,0,0.230402406116929,0,0.251287519931793,0,0,0,0,0,0.337669879198074,0,0,0,0,0.290315866470337,0.322858494520187,0.312241941690445,0,0,0.354994690421341,0,0.359294081121925,0,0,0,0,0,0,0,0,0,0.709517776966095,0,0.36930975661828,0,0.332732933852822,0,0.38916792115375,0,0.364562545306334,0,0.323750979134015,0,0.321862455241936,0.397158995270729,0.576242226800725,0.496717655829021,0,0,0,0,0,0,0.305749237537384,0,0.32527522785323,0,0.298130836337805,0,0.191060275088793,0.328323988930175,0,0.387686599138661,0,0.363453008820502,0,0.261863889602514,0,0.361680158849299,0,0.373114459285582,0,0.373340278863907,0,0.403365095456441,0,0.418749803563406,0,0.401087662229655,0,0.466876281493937,0,0.354362910310289,0.349014683694079,0
0,0,0.214290931820869,0,0.234639267042532,0,0,0,0,0,0,0,0,0,0,0,0,0,0,0,0.124115685767987,0,0,0,0,0,0,0,0,0,0,0,0,0,0,0,0,0,0,0,0,0,0.244923949241638,0,0,0,0,0,0,0,0,0,0,0,0.218299649655819,0,0.17723473906517,0,0.208997980522378,0,0.205837558095272,0,0,0,0,0,0,0,0,0,0,0,0,0,0,0,0,0,0,0,0,0,0.208604872226715,0,0.202774518728256,0,0
0,0,0,0.216674171780285,0,0.262242681282735,0,0.197456001171044,0,0,0,0,0,0,0,0,0,0,0,0,0,0,0,0,0,0,0,0,0,0,0,0,0,0,0,0,0,0,0,0,0,0,0,0,0,0,0,0,0,0,0,0,0,0.215552794507572,0,0,0,0.194016666875945,0,0.185291443799817,0,0.211102394954018,0,0,0,0,0,0,0,0,0,0,0,0,0,0,0,0,0,0,0,0,0.272539859337191,0,0.170896078273654,0,0
0,0,0,0,0,0,0.218207226659375,0,0,0,0.289202287793159,0,0,0,0,0,0,0,0,0,0.225538641214371,0,0,0,0,0,0,0,0,0,0,0,0,0,0,0,0,0,0,0,0,0,0,0,0,0,0,0,0,0,0,0,0,0,0,0,0.263757906159136,0,0.200354789175204,0,0,0,0,0.232524275779724,0,0,0,0,0,0,0,0,0,0,0,0,0,0,0,0,0,0,0,0,0,0,0
0,0,0,0,0,0,0,0.229149267701578,0,0,0,0,0,0,0,0,0,0,0,0,0,0,0,0,0,0,0,0,0,0,0,0,0,0,0,0,0,0,0,0,0,0,0,0,0,0,0,0,0,0,0,0.215552794507572,0,0,0,0,0,0.259202306220929,0,0.172960586845875,0,0,0,0,0,0,0,0,0,0,0,0,0,0,0,0,0,0,0,0,0,0,0,0,0,0,0
0.181775221430161,0,0.223953136305014,0,0.196697861832731,0,0,0,0.235002354163873,0,0,0,0,0,0.192054897546768,0,0,0,0,0,0,0,0,0,0.148708125786348,0,0,0,0,0,0,0,0,0,0,0,0,0,0.164601035912832,0,0,0,0,0,0,0,0.251049064099789,0,0,0,0.218299649655819,0,0,0,0,0,0.225123857076351,0,0,0,0.210766116294133,0,0,0,0,0,0,0.209950794426488,0,0,0,0,0,0,0,0,0,0,0,0,0,0.243557384745641,0,0,0.150757407311533,0,0
0,0.162261641267593,0,0.211736248455186,0,0,0,0,0,0.244339285541041,0,0,0,0,0,0.225070421894391,0,0,0,0,0,0,0,0.251205141406234,0,0,0,0,0,0,0,0,0,0,0,0,0,0.2095747590065,0,0,0,0.283933624625206,0,0,0,0,0,0,0,0.305749237537384,0,0,0,0,0,0,0,0,0,0,0,0.212882682681084,0,0,0,0,0.26879528824915,0,0.20642032623291,0,0,0,0,0,0,0,0,0,0,0,0.343329223624447,0,0.228178374114491,0,0.157580185330139,0,0
0.272308398570333,0,0.278836712636779,0,0.188739284873009,0,0.251809528718392,0,0,0,0.229970464338187,0,0,0,0,0,0.300120145082474,0,0.355192674323916,0,0.216069648822247,0,0,0,0,0,0,0,0,0,0.260097148301809,0,0,0,0,0,0.234494529664516,0,0.181251664654546,0,0.370670786925725,0,0.361566958635572,0,0.430604040622711,0,0.331402219637581,0,0.27726726890398,0,0.17723473906517,0,0.263757906159136,0,0.225123857076351,0,0,0,0.256695677811963,0,0.249728269309833,0,0,0.283529659198528,0,0,0,0,0,0,0,0,0,0.316785825929448,0,0,0,0,0,0.31650421222051,0,0.16494089432738,0.37111873115812,0,0.361652170530873,0,0.368454724550247
0,0.307885697909764,0,0.295339535389628,0,0.18184522021076,0,0.241881540456376,0,0,0,0.227731826949858,0,0,0,0,0,0.330961555242538,0.332761940856775,0,0,0.312665790319443,0,0,0,0,0,0,0,0.187559181993658,0,0,0,0,0,0,0,0.153220551609993,0,0.357264717419942,0,0.345358247602038,0,0.297371625900269,0,0.324568779185051,0,0,0,0.32527522785323,0,0.194016666875945,0,0.259202306220929,0,0,0,0,0,0.258124041002399,0,0.253073307375113,0.319112802992137,0,0.364460721611977,0,0.353734572728475,0,0.336559534072876,0,0.333764892126431,0,0.333295314162835,0,0,0,0,0,0.295299376082268,0,0.367736909538507,0,0.333453804589389,0,0.334867809311853,0.347046196460724,0.361015319824219
0,0,0.279868625570089,0,0.245779648147247,0,0.191529445986652,0,0,0,0.196328750014305,0,0.216888255281235,0,0.238929707392127,0,0,0,0,0,0,0,0,0,0,0,0,0,0,0,0,0,0,0,0,0,0,0,0,0,0,0,0,0,0,0,0,0,0.289273716674911,0,0.208997980522378,0,0.200354789175204,0,0,0,0.256695677811963,0,0,0,0.270401136121816,0,0,0,0,0,0,0,0,0,0,0.244747829933961,0,0,0,0,0,0,0,0,0,0,0.173321194052696,0,0.217625260353088,0,0
0,0,0,0.282140303197808,0,0.223985597491264,0,0.186858892777165,0,0,0,0.12898250467637,0,0.179255096241832,0,0.207384094595909,0,0,0,0,0,0.290656328201294,0,0,0,0,0,0,0,0,0,0,0,0,0,0,0,0,0,0.375940591096878,0,0.346090515851974,0,0,0,0.30859911441803,0,0,0,0.298130836337805,0,0.185291443799817,0,0.172960586845875,0,0,0,0.258124041002399,0,0,0,0.20622619363799,0.330302913983663,0,0,0,0,0,0.350240300099055,0,0.360216334886298,0,0.34601803123951,0,0,0,0,0,0.284716282572065,0,0,0,0.327675879001617,0,0.282972190922838,0,0
0,0,0.238168935565388,0,0.201988108456135,0,0,0,0.214771838188171,0,0,0,0.271798756718636,0,0.226538429448479,0,0.155778586864471,0,0,0,0.263861864805222,0,0,0,0,0,0,0,0,0,0,0,0,0,0,0,0.327859938144684,0,0,0,0,0,0,0,0,0,0.260870130998748,0,0.269077727013389,0,0.205837558095272,0,0,0,0.210766116294133,0,0.249728269309833,0,0.270401136121816,0,0,0,0,0,0,0,0,0,0,0,0,0,0,0.31074395775795,0,0,0,0,0,0.287784407536189,0,0.336119294166565,0,0,0.254551997998866,0,0.258500576019287
0,0.184323400334658,0,0.237060966991609,0,0,0,0,0,0.20077257259534,0,0,0,0,0,0.204092755627174,0,0,0,0,0,0,0,0,0,0,0,0,0,0,0,0,0,0,0,0.327516168355942,0,0,0,0.315838992595673,0,0.257671903286661,0,0,0,0,0,0,0,0.191060275088793,0,0.211102394954018,0,0,0,0.212882682681084,0,0.253073307375113,0,0.20622619363799,0,0,0,0,0,0,0,0,0,0,0.342198350599834,0,0,0,0,0,0,0,0,0,0,0,0.142313997778628,0,0.193588418499479,0,0
0,0,0,0.310898777842522,0,0,0,0,0,0,0,0.242122170190478,0,0,0,0,0.326211706451748,0.329413167361555,0.335155413999452,0.239457191106411,0,0.343841508030891,0,0,0,0,0,0,0,0,0,0,0,0,0,0.275304847919188,0,0.287992667267679,0,0.300577572808834,0.31412073969841,0.336885397701428,0.353516489267349,0.37213613765855,0,0.303600881221652,0.351110668977102,0,0,0.328323988930175,0,0,0,0,0,0,0,0.319112802992137,0,0.330302913983663,0,0,0,0,0.361776947975159,0,0,0,0,0,0.347784472862259,0,0.359161940062555,0,0,0,0,0,0.297264260611011,0.39668865998586,0.340249712362483,0,0.337562520228899,0,0.350616516754756,0.351677002509435,0
0,0,0.289051592350006,0,0,0,0.232772290706635,0,0,0,0,0,0,0,0,0,0.309217789593865,0.323118493745202,0.318282358740505,0,0.232722346933143,0,0,0,0,0,0,0,0,0,0,0,0,0,0,0.388378739356995,0.275735219906677,0,0.2580278789284,0,0.277098208311058,0,0.326734634417512,0,0.353964915923905,0.350827870269616,0.306445058273628,0.362907767295837,0.328192111104727,0,0,0,0.232524275779724,0,0,0,0.283529659198528,0,0,0,0,0,0,0,0,0,0,0,0,0,0,0,0,0.413333878650532,0,0,0,0,0.372778534889221,0.3196295957309,0,0.350159454919961,0.291506131996914,0,0.324237125711898,0,0.329342022538185
0,0,0,0,0,0,0,0,0,0,0,0,0,0,0,0,0.281878679990768,0.143312580883503,0,0,0,0.254932435852124,0,0.311821332094313,0,0.198439255356789,0,0.162701372057199,0,0,0,0,0,0,0,0,0,0.352284720198562,0,0,0,0.354814340670904,0,0,0,0,0,0.498625546693802,0,0.387686599138661,0,0,0,0,0,0,0,0.364460721611977,0,0,0,0,0.361776947975159,0,0,0,0.289283277435475,0,0.343474337884358,0,0.341210641238627,0,0.386956186398216,0,0,0,0,0,0.406114369630814,0,0.338664726010776,0,0.165026550491651,0,0.368092978000641,0,0
0,0,0,0,0,0,0,0,0,0,0,0,0,0,0,0,0.140875847323945,0,0,0,0,0,0.220084394506039,0,0.209320435652862,0,0.175004738298329,0,0.215501327772398,0,0,0,0,0,0,0,0,0,0.306096595365882,0,0,0,0,0,0,0,0,0.466982372105122,0.371146572051478,0,0,0,0,0,0,0,0,0,0,0,0,0,0,0,0,0,0,0.245097845691402,0,0.269448787608045,0,0.268970032649062,0,0,0,0,0,0,0,0,0,0.289824235592995,0.182401022826233,0.171847355862459,0,0,0
0,0,0,0,0,0,0,0,0,0.210902084003795,0,0,0,0,0,0,0,0.196922090459377,0,0,0,0.299578162921326,0,0.212133018462205,0,0.20359872529904,0,0,0,0,0,0,0,0,0,0,0,0.233433385253389,0,0,0,0.375816382467747,0,0,0,0,0,0.442151963710785,0,0.363453008820502,0,0,0,0,0,0.26879528824915,0,0.353734572728475,0,0,0,0,0,0,0.289283277435475,0,0,0,0.272239812999774,0,0.339698442576094,0,0,0,0,0,0,0,0.302434265613556,0,0.332956617112438,0,0.240488954641846,0,0.294106154273271,0,0
0,0,0,0,0,0,0,0,0,0,0,0,0,0,0,0,0.19729503040964,0,0,0,0,0,0.271753694862127,0,0.285314664542675,0,0,0,0,0,0,0,0,0.591929107904434,0,0,0,0,0.3295516565584,0,0,0,0.328732907772064,0,0,0,0,0.511632899443308,0.365120832497875,0,0,0,0,0,0.209950794426488,0,0,0,0,0,0,0,0,0,0,0.245097845691402,0,0,0,0.286408267087407,0,0.316291995164825,0,0,0,0,0,0,0,0,0,0.325677848796627,0.4107982644013,0,0.325901373782579,0,0
0,0,0,0,0,0,0,0,0,0,0,0,0,0,0,0,0,0.190528440475464,0,0,0,0.311727094224521,0,0.330894883798093,0,0.232343955090762,0,0.185493871569633,0,0,0,0,0,0,0,0,0,0.253386318683624,0,0,0,0,0,0,0,0,0,0,0,0.261863889602514,0,0,0,0,0,0.20642032623291,0,0.336559534072876,0,0.350240300099055,0,0,0,0,0.343474337884358,0,0.272239812999774,0,0,0,0.277847603119317,0,0,0,0,0,0,0,0,0,0,0,0,0,0,0,0
0,0,0,0,0,0,0,0,0,0,0,0,0,0,0,0,0.149550982351814,0.183586224913597,0,0,0,0,0,0,0.197978138923645,0,0.251450263641097,0,0.25381698702511,0,0,0,0,0,0,0,0,0,0,0,0,0,0,0,0,0,0,0,0,0,0,0,0,0,0,0,0,0,0,0,0,0,0,0,0,0.269448787608045,0,0.286408267087407,0,0,0,0.273227370847017,0,0,0,0,0,0,0,0,0,0,0.140845941172706,0,0,0,0
0,0,0,0.3009113073349,0,0,0,0,0,0,0,0,0,0,0,0,0,0.14825151860714,0.341664669605402,0,0,0.287103597864737,0,0.331447731250178,0,0.234183487302113,0,0.190750904501231,0,0.160028516948223,0,0,0,0,0,0,0,0.317191544837422,0,0.334304966032505,0,0.362738789802187,0,0.313547611236572,0,0.330517694905952,0,0,0,0.361680158849299,0,0,0,0,0,0,0,0.333764892126431,0,0.360216334886298,0,0.342198350599834,0.347784472862259,0,0.341210641238627,0,0.339698442576094,0,0.277847603119317,0,0,0,0.330478667340072,0,0,0,0,0,0.313649093403536,0,0.35578529842633,0,0.321331522806927,0,0.364649844440547,0.349026126520974,0
0,0,0,0,0,0,0,0,0,0,0,0,0,0,0,0,0,0,0,0,0,0,0,0,0,0,0.236360719109454,0,0.230020735196249,0,0.195306241512299,0,0,0,0,0,0,0,0.251242028667748,0,0,0,0,0,0,0,0,0,0.328681215643883,0,0,0,0,0,0,0,0,0,0.244747829933961,0,0,0,0,0,0,0.268970032649062,0,0.316291995164825,0,0.273227370847017,0,0,0,0.379361926515897,0,0,0,0,0,0,0,0.297193251883669,0,0,0.385447492202123,0,0
0,0.328128643333912,0,0.328276169711146,0,0,0,0,0,0,0,0.183141067408133,0,0,0,0,0.328754325707753,0.368492309004068,0.373379399891823,0,0,0.388081568770292,0,0,0,0,0,0.186757765710354,0,0.21945373362825,0,0,0,0,0,0.359683609008789,0,0.144828926771879,0,0.366597520453589,0,0.375446450058113,0.296591073274612,0.393923036076806,0,0.335624630522469,0.351855993270874,0,0,0.373114459285582,0,0,0,0,0,0,0,0.333295314162835,0,0.34601803123951,0,0,0.359161940062555,0,0.386956186398216,0,0,0,0,0,0.330478667340072,0,0,0,0,0,0.440126121044159,0,0.31827133062274,0,0.355476880218695,0,0.361996748521596,0,0.395208116788353,0.382381883951334,0
0.30926104973663,0,0.321979372841971,0,0,0,0,0,0,0,0.220520618119891,0,0,0,0,0,0.307835072278976,0.31892791390419,0.369651118086444,0,0.278463981397774,0,0,0,0,0,0,0,0,0,0.212524989473229,0,0,0,0,0,0.340482463439306,0,0.18910740044984,0,0.329786704136775,0,0.361462820128332,0,0,0,0.365432779362172,0,0.356819367352522,0,0,0,0,0,0,0,0.316785825929448,0,0,0,0.31074395775795,0,0,0.413333878650532,0,0,0,0,0,0,0,0.379361926515897,0,0,0,0,0,0.343348264694214,0,0.331386242061853,0,0.264405248425395,0.405594866572088,0,0.393829687295226,0,0.407099020022612
0,0,0,0,0,0,0,0,0,0,0,0,0,0,0,0,0,0,0,0,0,0,0,0,0,0,0,0,0,0,0,0.255737133148148,0,0.253916429821402,0,0.241398349242951,0,0,0,0,0,0,0,0,0,0,0,0.340555950272374,0,0.373340278863907,0,0,0,0,0,0,0,0,0,0,0,0,0,0,0,0,0,0,0,0,0,0,0,0,0,0,0.304965164613079,0,0.256699283510806,0,0.321238787550675,0,0.196220773458481,0,0,0,0
0,0,0,0,0,0,0,0,0,0,0,0,0,0,0,0,0.337144285440445,0,0.379106452067693,0,0,0,0,0,0,0,0,0,0,0,0,0,0.277066142437701,0,0.366586145927321,0,0.290522509606455,0,0,0,0,0,0.358808737248182,0,0,0,0.397636592388153,0.592216348082855,0.374456355969111,0,0,0,0,0,0,0,0,0,0,0,0,0,0,0,0,0,0,0,0,0,0,0,0,0,0,0,0,0.365660558664929,0.280395433306694,0.328084421011083,0,0,0.210545798142751,0,0.368715524673462,0,0
0,0,0,0,0,0,0,0,0,0,0,0,0,0,0,0,0,0,0.399064093828201,0,0,0,0,0,0,0,0,0,0,0,0,0.274440077089128,0,0.218255419412318,0.179356582228493,0.199870345586876,0,0.203583019419953,0.180926628410816,0,0,0.388891994953156,0,0,0,0,0,0.234009048525006,0,0.403365095456441,0,0,0,0,0,0,0,0,0,0,0,0,0,0,0,0,0,0,0,0,0,0,0.440126121044159,0,0.304965164613079,0,0,0.189910228418953,0.354048889541645,0,0.267878020782523,0,0.198079326941121,0,0,0,0
0,0,0,0,0,0,0,0,0,0,0,0,0,0,0,0,0,0,0.405868226289749,0,0,0,0,0,0,0,0,0,0,0,0,0,0.409830097357432,0.162754911269191,0.346742446817648,0,0.281577158109124,0,0.224902484046165,0,0,0,0.371649156014125,0,0,0,0.341333308390209,0.38131228291694,0.459114337275768,0,0,0,0,0,0,0,0,0,0,0,0,0,0,0,0,0,0,0,0,0,0,0,0,0.343348264694214,0,0.365660558664929,0.189910228418953,0,0,0.365763832770008,0,0.306519817409541,0.174512051045895,0,0.412942290306091,0,0.44599275290966
0,0.391114853322506,0,0.357642032206059,0,0,0,0,0,0,0,0.275361508131027,0,0,0,0,0.359690302731218,0.343312657605379,0.374647105196364,0.235102274559312,0,0.317875444889069,0,0,0,0,0,0,0,0,0,0.253505089000366,0.310079753398895,0.181272503368709,0,0.25303191023565,0.283884289334802,0.270716986066926,0,0.312472383483365,0.393980453411738,0.3705878913591,0.32181373915889,0.413286679183332,0.340217679738998,0.31914492019722,0.368171221830628,0.446155830475391,0,0.418749803563406,0,0,0,0,0,0,0,0.295299376082268,0,0.284716282572065,0,0,0.297264260611011,0.372778534889221,0.406114369630814,0,0.302434265613556,0,0,0,0.313649093403536,0,0.31827133062274,0,0.256699283510806,0.280395433306694,0.354048889541645,0,0,0.370812489267658,0.302760411970864,0,0.256094903364188,0.300683205326398,0.353463225592055,0.418214469584597,0.304709561169147
0.343111707104577,0,0.311165470000985,0,0,0,0,0,0,0,0,0,0,0,0,0,0.342819232137958,0.353802114129066,0.370302699928405,0,0.237113078156214,0,0.347367286682129,0,0,0,0,0,0,0,0,0,0.401885292387956,0,0.259394796415307,0.224534827659185,0.24168571818823,0,0.27912405252667,0.412847273051739,0.269494685014325,0.360150408744812,0.361195541458575,0.307792656123638,0.384199951808465,0.378068268804227,0.315366024434834,0.390943413241245,0.347815618645037,0,0,0,0,0,0,0,0.31650421222051,0,0,0,0.287784407536189,0,0.39668865998586,0.3196295957309,0,0,0,0,0,0,0,0,0,0.331386242061853,0,0.328084421011083,0,0.365763832770008,0.370812489267658,0,0,0.302439844273657,0.291204178944309,0.145362630486488,0.369123203818098,0.356449760496616,0.415754979352156
0,0,0,0.325168430805206,0,0,0,0,0,0,0,0.171631369739771,0,0,0,0,0.467726945877075,0.415355734527111,0.462226742192319,0.269434499243895,0,0.35101197850894,0,0.27625378478782,0,0,0,0.198255653182665,0,0.190068039629194,0,0,0,0.260780912041664,0,0.260361586549343,0,0.239676692608962,0.133923139742443,0.330650550002853,0.38652178645134,0.47771672279604,0,0.47507909933726,0,0.377549960936382,0,0.467856761103585,0,0.401087662229655,0,0,0,0,0,0.343329223624447,0,0.367736909538507,0,0,0,0,0.340249712362483,0,0.338664726010776,0,0.332956617112438,0,0,0,0.35578529842633,0,0.355476880218695,0,0.321238787550675,0,0.267878020782523,0,0.302760411970864,0,0,0,0.213259240391811,0,0.444245667351182,0.569271587190174,0
