0,0,0.0213998185624853,0,0,0,0,0,0.0405831515764406,0,0,0,0,0,0,0,0,0,1.5369455586995e-05,0,0,0,0,0,0,0,0,0,0,0,0,0,0,0,0,0,0,0,0.00010436141266942,0,0,2.59160794473271e-05,0.000782125721488835,0,0,0,0,0.000548591357967476,0.00587718582488063,0,0,0,0,0,0.0439137584816151,0,0.00132879691793487,0,0.000915385024503598,0,0.0066630298856191,0,0,0,0,0,0,0.00172097404010628,0,6.81490760734657e-05,0,0,0,0,0,0,0,0,0,0,0,0.00133033004585686,0.00034054466838954,0,0.00628978265670883,0,0
0,0,0,0.0144381361976905,0,0,0,0,0,0.00145061343247567,0,0,0,0,0,0,0,0,0,2.79080967407227e-05,0,0,0,0.000878063608282079,0,0,0,0,0,1.48852066210715e-05,0,0,0,0,0,0,0,0.000509309499208551,0,0,0,0.00264257407567719,0,0,0,0.000435656617233369,0,0,0,0.00847423664843772,0,0,0,0,0,0.00312817271283097,0,0.000623146474545179,0,0.00111230128788216,0,0.000696525917099193,0.000137320962340446,0,0,0,0,0,0,0,0,0,3.28777277653502e-05,0,0,0,0,0,0,0,9.68255840908102e-05,0,7.81458866649313e-05,0,0.00176146157115727,0,0
0.0213998185624853,0,0,0,0.00391676619297197,0,0,0,0.0172929631457125,0,0,0,0,0,0,0,0,0,0,0,0,0,0,0,0,0,0,0,0,0,0,0,0,0,0,0,2.58698062029772e-05,0,0,0,0,0,0.000150390525066884,0,0,0,0.00604212029665946,2.18460885542996e-05,0.000298037899978597,0,0.00458509760532632,0,0,0,0.000734323899757007,0,0.000395858221369364,0,0,0,0,0,0,0.00140092693081849,0,0,0,0,0,0,0,0,0,9.10705921508121e-05,0,0,0,0,0,0,0,0.000169917900415803,0.00122585562404038,3.97536787015718e-05,0.0217752904340606,0,0
0,0.0144381361976905,0,0,0,0.00370978006899638,0,0,0,0.0109530885555731,0,0,0,0,0,0,0,0,0,0,0,0,0,0,0,0,0,0,0,0,0,0,0,0,0,0,0,1.04470306894853e-05,0,0,0,0.00045317605939744,0,0,0,0.00550503722579476,0,0,0,0.0154323778200448,0,0.0049856764395352,0,0,0,0.00227238990077566,0,0.000976424964712166,0,0.000146899384580048,0,0.000304630448362146,0.000297533153745942,0,0,0,0,0,0,0,0,0,0.000137691103234072,0,0,0,0,0,0,0,3.48150734885862e-05,0,1.92043967098145e-05,0,0.0227424177864376,0,0
0,0,0.00391676619297197,0,0,0,0,0,0.0049527942787252,0,9.01398906878893e-05,0,0,0,0,0,0,0,0,0,0,0,0,0,0,0,0,0,0,0,0,0,0,0,0,0,0,0,0,0,0,0,0,0,0,0,1.38036294310986e-05,0,0,0,0.018628075188018,0,0,0,0,0,0.000408186216418613,0,0.000469220032945972,0,0.000193549568080131,0,0,0.00296129153632452,0,0,0,0,0,0,0,0,0,0,0,0,0,0,0,0,0,0,0.00011866562023144,0,0.00282716487513084,0,0
0,0,0,0.00370978006899638,0,0,0,0,0,0.00379069934864379,0,0.00229305345750083,0,0,0,0.000335022130844909,0,0,0,0.00821805464149574,0,0,0,0,0,0,0,0,0,0,0,0,0,0,0,0,0,0,0,0.000146248432823281,0,0,0,0,0,0.000534079942520942,0,0,0,0,0,0.0529633283087017,0,0.00321906099912452,0,0.00232133395904483,0,0.00774218404518846,0,0.000343376472678106,0,0.00121868692600675,0.0213348755962419,0,0,0,0,0,0,0,0,0,0,0,0,0,0,0,1.50494635738898e-05,0,0,0,0.000404197634078874,0,0.00482742087878315,0,0
0,0,0,0,0,0,0,0,0,0,0,0,0,0,0,0,0,0,0,0,0,0,0,0,0,0,0,0,0,0,0,0,0,0,0,0,0,0,0,0,0,0,0,0,0,0,0,0,0,0,0.000854641731263671,0,0.00819752946277378,0,0,0,0.00193203358624463,0,0.000473777610535621,0,0,0,0,0,0,0,0,0,0,0,0,0,0,0,0,0,0,0,0,0,0,0,7.31730008587104e-05,0,0,0,0
0,0,0,0,0,0,0,0,0,0,0,0,0,0.00194055035602206,0,0,0,0,0,0,0,0,0,0,0,0,0,0,0,0,0,0,0,0,0,0,0,0,0,0,0,0,0,0,0,0,0,0,0,0,0,0,0,0.000409416592447087,0,0,0,0,0,0,0,0,0.00015673368477292,0,0,0,0,0,0,0,0,0,0,0,0,0,0,0,0,0,0,0,7.68933568906505e-06,0,0,0,0
0.0405831515764406,0,0.0172929631457125,0,0.0049527942787252,0,0,0,0,0,0,0,0,0,0.0116501973368896,0,0.0268124300611367,0.000262894845585799,0.000568076076331969,0,0,0,0.000456660200397574,0,0.00218877644882259,0,0.0020789417036164,0,0,0,0,0,0,0,0.000114095100540723,0,0,0,0.000369010029103711,0,0,2.70751132926828e-05,0.00025763495938507,0,0.000683771885308881,0,0,0.000697516097317599,0.000926351776767689,0,0,0,0,0,0.0571323687944048,0,0,0,0,0,0.00187169983338797,0,0,0,0,0,0,0.000156499732159999,0,0.000459692385010831,0,0,0,0,0,0,0,0,0,0,0,0.00152180011453576,0.00227063020311416,4.60983353133218e-06,0.000934156028291688,6.73751953824092e-05,0
0,0.00145061343247567,0,0.0109530885555731,0,0.00379069934864379,0,0,0,0,0,0,0,0,0,0.0173108427204957,0,0.00314659904381927,0.000302793382090755,0,0,0,0,0.00694432413450481,0,0.00101041346851737,0,0,0,0,0,0,0,0,0,0,0,0.00100296917680624,0,0,0,0.000833853023592664,0,0,0,0,0,0,0,0.0062955889920107,0,0,0,0,0,0.0162495789332108,0,8.49452533013397e-05,0,0.000209403292176016,0,0.00583297004444012,0,0,0,0,0.00378138431735793,0,0.000680926568307353,0,0,0,0,0,0,0,0,0,0,0,0.00070619209546219,0,0.000181835490579286,0,0.00138509611325271,0,0
0,0,0,0,9.01398906878893e-05,0,0,0,0,0,0,0,0.00318773739020848,0,0,0,0,0,0,0,0.0143100965767303,0,0,0,0,0,0,0,0.00248626760505171,0,0.00213216074262208,0,0,0,0,0,0,0,0.00787324627790348,0,0,0,0,0,0,0,0,0,2.01546710330083e-05,0,0,0,7.84067742642947e-05,0,0,0,0.0500781046648321,0,0.000552674876371775,0,0,0,0,0.00237675643494318,0,0,0,0,0,0,0,0,0,0.000617414802800256,0,0,0,0,0,0,0,0.0021084659672006,0.000305206974151518,0,0,0,0
0,0,0,0,0,0.00229305345750083,0,0,0,0,0,0,0,0.00708723912260598,0,0,0,0.000128608627255422,0.000420499079543516,0.00661837124946007,0,0,0,0,0,0,0,0.00183073314234693,0,0.00481309154181217,0,0,0,0,0,0,0,0.00239684292477909,0,0,0,7.66839488922869e-05,0,0,0,0.00261720115910328,0,0,0,0,0,3.00765170477193e-05,0,0.000775690780686664,0,0,0,0.0373359683518974,0,0.00154776913257396,0,0,0.0153889596250727,0,0,0,0,0,0,0,0,0,0.0111818641886657,0,0,0,0,0,0,0,0.00230006860823211,0,0.000321403595796306,0.000129454797990656,0.000302214738857025,1.88140850480999e-05,0
0,0,0,0,0,0,0,0,0,0,0.00318773739020848,0,0,0,0.000105021087234344,0,0,0,0,0,0,0,0,0,0,0,0,0,0,0,0,0,0,0,0,0,0,0,0,0,0,0,0,0,0,0,0,0,0,0,0,0,0,0,0,0,0.000229549860824557,0,0.0418233099564402,0,0.00595604138253655,0,0,0,0,0,0,0,0,0,0,0,0,0,0,0,0,0,0,0,0,0,0.0002380420376433,0,0,0,0
0,0,0,0,0,0,0,0.00194055035602206,0,0,0,0.00708723912260598,0,0,0,0.0128559484889026,0,0,0,0,0,0,0,0,0,4.65625349446589e-05,0,3.91183516847654e-05,0,0,0,0,0,0,0,0,0,0,0,0,0,0,0,0,0,0,0,0,0,0,0,0.00224124063073184,0,0.00724510354571775,0,0,0,0.00468383994616726,0,0.0369614692547178,0,0.001475091045101,0,0,0,0,0,0,0,0,5.05762944936154e-05,0,0,0,0,0,0,0,0,0,0,0,0.000274280152422722,0.000592237917789872,0,0,0
0,0,0,0,0,0,0,0,0.0116501973368896,0,0,0,0.000105021087234344,0,0,0,0.00476837418717553,0,0.000150278546057502,0,0,0,1.63223118610846e-05,0,0.000451145206010195,0,0.0178989857832694,0,0.00217302431347307,0,0,0,0,0,0,0,0,0,0.00010962571258946,0,0,0,0,0,0,0,0,0,0,0,0.010432950803767,0,0,0,0.00319734977977054,0,0,0,0.00126978837457256,0,0.00798050850946712,0,0,0,0,0,0,0,0,0.000149832483321236,0,0,0,0,0,0,0,0,0,0,0,0.000106231451911307,9.78109723092382e-05,0,0,0,0
0,0,0,0,0,0.000335022130844909,0,0,0,0.0173108427204957,0,0,0,0.0128559484889026,0,0,0,0.00255202328655709,8.64137292344103e-05,0,0,0,0,0.0015426310702511,0,0.00812021089607954,0,0,0,0,0,0,0,0,0,0,0,0,0,0,0,0,0,0,0,0,0,0,0,0,0,0.000783266100992653,0,0,0,0.000206739650297869,0,0,0,0.00730911998125861,0,0.027897937261895,0,0,0,0,0.00216965980205811,0,0.00259447025332682,0,0,0,0,0,0,0,0,0,0,0,0,0,0.000349849471236608,0,0,0,0
0,0,0,0,0,0,0,0,0.0268124300611367,0,0,0,0,0,0.00476837418717553,0,0,0.098183564724074,0.0541234151273382,2.21926810314648e-05,0,3.74141982920108e-05,0.00189405941630241,2.39788188047441e-05,0.000444024132154299,3.81162273421643e-05,0.0135080248671046,0,0.00221249874540483,0,0,0,0,0,0,7.15069763404518e-07,0,0,0.000248156896033093,0,2.50907598970945e-05,0.00155342976143169,0.00610085664501481,0,0.00249631050916344,0.000221951339820682,0,1.80197429601697e-05,0.000147505003488538,0,0,0,0,0,0.00189732637569366,0,0,3.77250383748752e-05,0,0,0.000702830202740168,0,0.000131645959763658,0,0,0.000342692944548555,5.30755581860179e-05,0,0,0.00153613646865732,0,0,7.52625412319938e-05,3.71637878956729e-05,0,0,0,2.32410945207596e-06,1.64430657969024e-06,3.382986458632e-05,0,0.000670701371948996,0.0289354482896237,0.0014335718056641,0.00256362381774897,0.000115306228522659,5.57524910528326e-05
0,0,0,0,0,0,0,0,0.000262894845585799,0.00314659904381927,0,0.000128608627255422,0,0,0,0.00255202328655709,0.098183564724074,0,0.0459226093468623,5.02725656701994e-05,0,0.016305606596514,0,0.0276716236422245,0,0.0219537210712625,0,0.00209651807097009,0,0,0,0,0,0,0,1.78966800168162e-06,0,0.000332241175188104,0,7.59607091774988e-05,2.15804800965651e-05,0.00350347856669616,0.00121595244849196,0,0.0004254888218687,0.00259788230483706,0,0,5.90299924676933e-06,0.00033035088701951,0,0,0,0,3.3809213994158e-05,0.000333326170150391,0,0.000578832251491118,0,0,0,0.000191414066643325,0.00103960927513676,0,0.00144924187563191,0,0.00651994117701306,0,0.00552759920415161,0,0.000973246499882174,0,0.00056870813967317,1.32663574445761e-05,0,0,0,0,3.38798540772678e-05,2.03259215435258e-06,0.000353622509370896,3.58005918829881e-05,0.0507445321165626,0.0102690401401371,0.00390922340922667,0.000838438418326503,8.56723605254969e-05
1.5369455586995e-05,0,0,0,0,0,0,0,0.000568076076331969,0.000302793382090755,0,0.000420499079543516,0,0,0.000150278546057502,8.64137292344103e-05,0.0541234151273382,0.0459226093468623,0,0.000361596602391116,0,0,0,0.000677818872260807,0,0.000344966054603851,0,0,0,2.69430313552397e-05,0,0,0,0,2.16942135919028e-05,5.28363069356006e-05,0,4.32275138364278e-05,0,0.000284460743196486,0.000825775689321444,0.0473889010086358,0.0425742349407941,0,0.0493562676038103,0.0271363344487358,0.000216137626718024,0.000147596527850344,0.00134429416494658,0.000402640702571713,0,0,0,0,2.99677206915157e-05,0,0,0.00450255228326686,0,0,0,0,0.00858296376300739,0,0,0,0.000216898065675581,0,0.000342086466574415,1.26470240523343e-05,0,0,0.00289492329455914,0.000340359176366172,0,0,0,9.3908903440784e-05,0.00023307984926196,0.000219966223502575,0.000105788737928072,0.00260846710847058,0.019050041148738,3.69828239514935e-05,0.0503418369930767,0.0123406996097504,0.00356396705537361
0,2.79080967407227e-05,0,0,0,0.00821805464149574,0,0,0,0,0,0.00661837124946007,0,0,0,0,2.21926810314648e-05,5.02725656701994e-05,0.000361596602391116,0,0,0,0,0,0,0,0,0,0,0.0024503254381386,0,0,0,0,0,0.00159190597811797,0,0.00437923285120959,0,0,0,0.000806562144765256,0,0,0,0.00334602018303413,0,0,0,0,0,0,0,0,0,0,0,0.00194200187601295,0,0,0,0,0.0770447369804526,0,0,0,0,0,0,0,0,0,0.00399074502870214,0,0,0,0,0,0.00368078209642996,0,0.00841524901777159,0,0.000258447593961503,0,0.00636144589664832,3.83108431907379e-05,0
0,0,0,0,0,0,0,0,0,0,0.0143100965767303,0,0,0,0,0,0,0,0,0,0,0,0,0,0,0,0,0,0,0,0,0,0,0,0,0,0.00163340127982062,0,0.00347843983098096,0,0,0,0,0,0,0,0,0,0,0,0,0,0,0,0,0,0.00118171934528327,0,0,0,0,0,0,0.0281517352825529,0,0,0,0,0,0,0,0,0,0.000129353996071292,0,0,0,0,0,0.00116397567240229,0,0.00196082828150251,0.000363247419982339,0,0,0,0
0,0,0,0,0,0,0,0,0,0,0,0,0,0,0,0,3.74141982920108e-05,0.016305606596514,0,0,0,0,0.00174170683727708,0.000424965023954467,0,0.000896398592202915,0,0.00303767332173745,0,0,0,0,0,0,0,0,0,0.00319557406288022,0,0,0,0,0,0,0,0,0,0,0,0.000569350051263019,0,0,0,0,0,0,0,0,0,0,0,0,0,0,0.0373349128197248,1.46121118204032e-05,0.000193065120187619,0,0.000133116009908481,0,0.000789729310208528,0,1.57251937725022e-05,0,0,0,0,0,0,0,0.00152717622522746,0,0.00196655298856569,5.35454956207169e-05,0,0,0
0,0,0,0,0,0,0,0,0.000456660200397574,0,0,0,0,0,1.63223118610846e-05,0,0.00189405941630241,0,0,0,0,0.00174170683727708,0,0,0,0,0,0,0.000246639509852921,0,0,0,0,3.34725889058855e-05,0.000110378319629056,0,0,7.43618037866978e-06,0.00580010279751275,0,0,0,0,0,0,0,0,0.000107432608531534,0.0135979395964725,0,0,0,0,0,0,0,2.18590323125727e-05,0,0,0,0,0,0,2.41013687615092e-05,0,0.0443338725908368,0,0,0,0,0,0.00557123598010704,0,4.17428585126063e-05,0,0,0,2.36784484624307e-05,0,0,0,0.00772186727834484,0.00141911666089966,9.21597438718891e-06,4.29913028836098e-05,0,0
0,0.000878063608282079,0,0,0,0,0,0,0,0.00694432413450481,0,0,0,0,0,0.0015426310702511,2.39788188047441e-05,0.0276716236422245,0.000677818872260807,0,0,0.000424965023954467,0,0,0,0.0117233041589757,0,0,0,0,0,0,0,0,0,0,0,0.00490443155781259,0,0,0,0,0,0,0,0,0,0,0,0.00873771600601841,0,0,0,0,0,0.0020836088941522,0,0.000109121636937499,0,0,0,0,1.62874754402759e-05,0,0.000543403425218821,0,0.0460229059149974,0,0.00658051295994495,0,0.00041143353411086,0,0.000146478489647608,0,0,0,0,0,0,0,0.00281248775347754,0,0.00328278092164999,3.105985035718e-05,0.000363023550356473,0.000387698221065297,0
0,0,0,0,0,0,0,0,0.00218877644882259,0,0,0,0,0,0.000451145206010195,0,0.000444024132154299,0,0,0,0,0,0,0,0,0,0.0102098353367591,0,0,0,0,0,0,0,0,0,0,0,0.00138190651270615,0,0,0,0,0,0,0,0,0.000382299361946947,0.00134081408455956,0,0,0,0,0,0.011276234548834,0,0,0,0,0,0,0,0,0,0,0,0,0.0387538221304573,0,0.00226222488075987,0,0,0,0,0,0,0,0,0,0,0,0.000734534189221297,0.000116146928084194,0,1.07427708870584e-05,0,0
0,0,0,0,0,0,0,0,0,0.00101041346851737,0,0,0,4.65625349446589e-05,0,0.00812021089607954,3.81162273421643e-05,0.0219537210712625,0.000344966054603851,0,0,0.000896398592202915,0,0.0117233041589757,0,0,0,0.000608325707838666,0,0,0,0,0,0,0,0,0,2.20271123485356e-05,0,0,0,8.21603082847146e-05,0,0,0,0,0,0,0,0.001464967490822,0,0,0,0,0,0.000660758354610498,0,0,0,0.00136683538577229,0,0.000190789146987409,0,0,0.000166546365444226,0,0.00174968610520654,0,0.0112470579777809,0,0.000120675289908538,0,0,0,0,0,0,0,0,0,6.49773468975873e-06,0,0.00119217320476618,3.08010839743093e-05,0.000157622290639678,0,0
0,0,0,0,0,0,0,0,0.0020789417036164,0,0,0,0,0,0.0178989857832694,0,0.0135080248671046,0,0,0,0,0,0,0,0.0102098353367591,0,0,0,0.00294292134598851,0,0,0,0,0,0,0,0,0,0,0,0,0,0,0,0,0,0,0,0,0,0,0,0,0,0.000517125304772001,0,0,0,0,0,0,0,0,0,0,0,0,0.000800304782691225,0,0.00227081318791228,0,0,0,0,0,0,0,0,0,0,0,0,0.000112880016428956,0,0,0,0
0,0,0,0,0,0,0,0,0,0,0,0.00183073314234693,0,3.91183516847654e-05,0,0,0,0.00209651807097009,0,0,0,0.00303767332173745,0,0,0,0.000608325707838666,0,0,0,0.00023490200145609,0,0,0,0,0,0,0,0.000607246352065992,0,0,0,0,0,0,0,0,0,0,0,0,0,0,0,0,0,0,0,0.00613552351952005,0,0.011604948123981,0,0,0,0,0.000739888242855231,0,0,0,0.000254545843932462,0,0.0377692931985858,0,1.10917136277693e-05,0,0,0,0,0,0,0,0.00108985920029193,0,0.000345831833764698,1.94655116297663e-05,0,0,0
0,0,0,0,0,0,0,0,0,0,0.00248626760505171,0,0,0,0.00217302431347307,0,0.00221249874540483,0,0,0,0,0,0.000246639509852921,0,0,0,0.00294292134598851,0,0,0,0.0078688017186663,0,0,0,0,0,0,0,0,0,0,0,0,0,0,0,0,0,0,0,0,0,0,0,0,0,0,0,0.000238947726660813,0,0,0,0,0,0,0.00128772469151192,0,0,0,0.00546156375745976,0,0.0199067844469857,0,0,0,0,0,0,0,0,0,0,9.91286409808628e-05,0,0,0,0
0,1.48852066210715e-05,0,0,0,0,0,0,0,0,0,0.00481309154181217,0,0,0,0,0,0,2.69430313552397e-05,0.0024503254381386,0,0,0,0,0,0,0,0.00023490200145609,0,0,0,0,0,0,0,0,0,0.003972732111171,0,0,0,0,0,0,0,0.000285256553894182,0,0,0,0,0,0,0,0,0,0,0,0.00115113892860077,0,0,0,0,0.00049671620750416,0,0,0,0,0,0,0,0.00597849630790392,0,0.0111683535869885,0,0,0,0,0,0,0,0.000579819793875822,0,0.000144344459658912,0.000306429235329356,6.98378715519851e-06,0,0
0,0,0,0,0,0,0,0,0,0,0.00213216074262208,0,0,0,0,0,0,0,0,0,0,0,0,0,0,0,0,0,0.0078688017186663,0,0,0,0,0,0,0,0,0,0.00703575191171699,0,0,0,0,0,0,0,0,0,0,0,0,0,0,0,0,0,0,0,0,0,0,0,0,0,0,0,0,0,0,0,0,0.0106436836304059,0,0.0131181429348133,0,0,0,0,0,0,0,0.000342402952484712,1.24023958668409e-05,0,0,0,0
0,0,0,0,0,0,0,0,0,0,0,0,0,0,0,0,0,0,0,0,0,0,0,0,0,0,0,0,0,0,0,0,0.0435003133334104,0.0139024570229863,0.000198828909781387,0.000464094755735962,0.00101020560264284,0,0,0.000151397763712167,3.74654664992433e-05,0,0,0,0,0.000437099230502176,0,0.0279013755540636,2.06354554078969e-05,0.00357504110710936,0,0,0,0,0,0,0,0,0,0,0,0,0,0,0,0,0,0,0,0,0,0,0,0,0.162381779185056,0.0172779731758848,0.00601648937566132,0.00203513245425807,0.00439890584579014,4.15598058958934e-05,0,0,0.000626595667337773,0,0.000300018639526893,0,0
0,0,0,0,0,0,0,0,0,0,0,0,0,0,0,0,0,0,0,0,0,0,0,0,0,0,0,0,0,0,0,0.0435003133334104,0,8.38750274851918e-05,0.0168977209165563,0.000181417372835816,0.000186278170968202,0,0,0,0.00115585817394668,0,0,0,0,0,0,0.0165836277272115,0.000510389220357038,0,0,0,0,0,0,0,0,0,0,0,0,0,0,0,0,0,0,0,0,0,0,0,0,0,0.061466476550415,0.2104660069479,0,0.0122381372704499,0.00363914769212495,0.00911230875773254,0,0,7.2829802115221e-05,0,0,0,0
0,0,0,0,0,0,0,0,0,0,0,0,0,0,0,0,0,0,0,0,0,0,3.34725889058855e-05,0,0,0,0,0,0,0,0,0.0139024570229863,8.38750274851918e-05,0,0.246527816026461,0.00296409793408897,8.83813412994549e-05,0.00561762565544822,0.00086498291879606,0,0,4.87608329759193e-05,0,0,0,0,0,0.0725527870955359,0,0.0500203473505634,0,0,0,0,0,0,0,3.986018993312e-05,0,0,0,0,0,0,0,0.000133583978797492,0,0,0,0,0,0,1.34957545250192e-05,0,0,0,0.47791384548266,0.18814209004999,0.00147447098409325,9.51127422050359e-05,0.0234904449848989,0.00187106377612621,0.00259796704422238,0.00010857156626677,0.000251078463781291,0,0
0,0,0,0,0,0,0,0,0.000114095100540723,0,0,0,0,0,0,0,0,0,2.16942135919028e-05,0,0,0,0.000110378319629056,0,0,0,0,0,0,0,0,0.000198828909781387,0.0168977209165563,0.246527816026461,0,0.000118626341814703,0.00192132356821427,0.0006209546356083,0.00456523029264726,0,0.00152196672945933,8.0424507775045e-05,0.00230266752464106,0,0,0,0,0.149362264584042,0.00800776833634201,0.00171511596663099,0,0,0,0,5.15486595556907e-05,0,0,0,0,0,0,0,0,0,0,0.000305118728393586,0,3.28451519041959e-05,0,0,0,0,0,0,0,0.00633297762051839,0.0610212535203102,0.24740282179041,3.19134693214273e-06,0.00406283394551897,0.000213431466055007,0.00847281929895101,0.00156877195899866,0,0.0028837967153004,0,8.03944497721337e-05
0,0,0,0,0,0,0,0,0,0,0,0,0,0,0,0,7.15069763404518e-07,1.78966800168162e-06,5.28363069356006e-05,0.00159190597811797,0,0,0,0,0,0,0,0,0,0,0,0.000464094755735962,0.000181417372835816,0.00296409793408897,0.000118626341814703,0,0.00200705970617576,0.00617530348910063,0,1.17994390781082e-05,0,0.000413877425816298,3.50487249981507e-05,0,0,0.00313886613352325,0,0.000678642865602474,0,5.63464282551333e-05,0,0,0,0,0,0,0,1.35979144552201e-06,0,0,0,0,0.00165820599960626,0,0,0,0,0,0,0,0,0,1.52568817106012e-06,0,0,7.12614675855816e-05,0.00187633020301947,0,0.0516639241675744,0.000109139703161292,0.0104505528383268,0,0.00230830250854988,0.000846722837396487,0.00111087995516603,1.86326073795233e-05,0
0,0,2.58698062029772e-05,0,0,0,0,0,0,0,0,0,0,0,0,0,0,0,0,0,0.00163340127982062,0,0,0,0,0,0,0,0,0,0,0.00101020560264284,0.000186278170968202,8.83813412994549e-05,0.00192132356821427,0.00200705970617576,0,0,0.00257835092092549,0,3.63651208917999e-05,0,3.05523081337462e-06,0,0,0,0.000121015509840368,0.000292455830781677,0.000107754047281705,1.29520906361511e-05,0,0,0,0,0,0,0,0,0,0,0,0,0,0.000390922217159696,0,0,0,0,0,0,0,0,0,0,0.00102352948598056,0.000197521172721098,7.99749797888299e-06,0.00143799666012243,0.000243334888245849,0.0604779252494284,0,0.00240454852344588,0.00264473446342161,0.000280193615550112,0.000298896505295783,0,0
0,0.000509309499208551,0,1.04470306894853e-05,0,0,0,0,0,0.00100296917680624,0,0.00239684292477909,0,0,0,0,0,0.000332241175188104,4.32275138364278e-05,0.00437923285120959,0,0.00319557406288022,7.43618037866978e-06,0.00490443155781259,0,2.20271123485356e-05,0,0.000607246352065992,0,0.003972732111171,0,0,0,0.00561762565544822,0.0006209546356083,0.00617530348910063,0,0,0.000104051512316171,0,0,0.000131860166440304,0,0,0,4.20767385631237e-05,0,0.00309847749679454,0,0.00248646972928991,0,0,0,0,0,0.000230523601392006,0,0,0,0,0,3.58459957415237e-06,0.00188454309355339,0,0.00521948791925574,0,0.00105092652966993,0,0,0,8.22097661886198e-05,0,0.000309216099138371,0,0,0,0.000228015586150684,3.84859552225462e-05,0.00209031694531241,0,0.0568537248094229,0.000156513374522445,0.00201716863504086,0.000267752959072909,0.000236878331804141,0,0
0.00010436141266942,0,0,0,0,0,0,0,0.000369010029103711,0,0.00787324627790348,0,0,0,0.00010962571258946,0,0.000248156896033093,0,0,0,0.00347843983098096,0,0.00580010279751275,0,0.00138190651270615,0,0,0,0,0,0.00703575191171699,0,0,0.00086498291879606,0.00456523029264726,0,0.00257835092092549,0.000104051512316171,0,0,0,0,0.000223617157668383,0,2.74430416900686e-05,0,0,0.00361939095792773,0.00162708979567501,1.67679306850532e-05,0,0,0,0,0.00197569495298911,0,0.000519714192757675,0,0,0,0,0,0,0.000453696779342158,0,0.0041878281270569,0,0.00554512111845683,0,0,0,0.000348751526015462,0,0.00101068691520285,0,0,0,0.00218576077059405,0,0.00207223243215241,1.19544275600104e-05,0.0546010630732824,0.00329386605922569,0.000225895100069367,0.000730027486528252,0,1.60672252251621e-05
0,0,0,0,0,0.000146248432823281,0,0,0,0,0,0,0,0,0,0,0,7.59607091774988e-05,0.000284460743196486,0,0,0,0,0,0,0,0,0,0,0,0,0.000151397763712167,0,0,0,1.17994390781082e-05,0,0,0,0,0,0.0180167360469539,0,0,0,0.0126574839053193,0,0.00016431435384407,0,0.0106105456632077,0,0,0,0,0,0,0,0,0,0,0,0,0.00602248083875776,0,0,0,0,0,0,0,0,0,0,0,0,0,0,0,0.0154110471699435,0,0.00144788450833385,0,2.43024812728332e-05,0,0.0523541421693644,0.000566444336613816,0
0,0,0,0,0,0,0,0,0,0,0,0,0,0,0,0,2.50907598970945e-05,2.15804800965651e-05,0.000825775689321444,0,0,0,0,0,0,0,0,0,0,0,0,3.74654664992433e-05,0.00115585817394668,0,0.00152196672945933,0,3.63651208917999e-05,0,0,0,0,0,0.0389137517787805,0,0.00258669633844971,0,0.0182224741647138,0.00860659406920498,0.0460653001605177,0.00146622913249818,0,0,0,0,0,0,0,0,0,0,0,0,0,0.00786203616119193,0,0,0,0,0,0,0,0,0,0,1.74683707925374e-05,0.000478937233554549,0,0.000373088559679389,2.20527661581888e-05,0.0201392499836778,0,0.000663175247128502,1.71819272776685e-05,0,0.0386025699448558,0,0.000944578966213649
2.59160794473271e-05,0.00264257407567719,0,0.00045317605939744,0,0,0,0,2.70751132926828e-05,0.000833853023592664,0,7.66839488922869e-05,0,0,0,0,0.00155342976143169,0.00350347856669616,0.0473889010086358,0.000806562144765256,0,0,0,0,0,8.21603082847146e-05,0,0,0,0,0,0,0,4.87608329759193e-05,8.0424507775045e-05,0.000413877425816298,0,0.000131860166440304,0,0.0180167360469539,0,0,0.00501809332115849,0,0.000866097346730704,0.0263907358260294,6.39460543952946e-06,0.00312834400916871,0.000267034806193692,0.0140435482698594,0,0,0,0,0,0,0,0.0298587141423597,0,6.15980838660261e-05,0,0,0.011484799037834,0,0,0,1.2193182173572e-05,0,0.000203415683467266,0,0,0,0.0166273659081529,0,0,0,0,0,0.00261851555695964,0,0.000858371090204461,0.000131368266131009,0.00301813767660839,9.9929471361634e-05,0.0962480287002509,0.0836507355663865,0.000256631431267299
0.000782125721488835,0,0.000150390525066884,0,0,0,0,0,0.00025763495938507,0,0,0,0,0,0,0,0.00610085664501481,0.00121595244849196,0.0425742349407941,0,0,0,0,0,0,0,0,0,0,0,0,0,0,0,0.00230266752464106,3.50487249981507e-05,3.05523081337462e-06,0,0.000223617157668383,0,0.0389137517787805,0.00501809332115849,0,0,0.0409167505741041,0.000313578947305012,0.00694094864195383,0.0365081693063689,0.0660930631931195,0,0,0,0,0,0,0,0,7.82827931562952e-05,0,0,0,0,0,3.17542382863091e-05,0,0,0,0,0,0,0,0.000243089573946143,0.000135330764754014,0.0100682743600661,0,0,0,0.000918171409146433,3.43453541124536e-05,0.00254190691719831,0,0.00777873067183037,0.00496089064607843,4.91360857656707e-05,0.135168814462668,4.25192450082303e-05,0.0168399945034104
0,0,0,0,0,0,0,0,0,0,0,0,0,0,0,0,0,0,0,0,0,0,0,0,0,0,0,0,0,0,0,0,0,0,0,0,0,0,0,0,0,0,0,0,0,0,0,0,0,0,0,0,0,0,0,0,0,0,0,0,0,0,0,0,0,0,0,0,0,0,0,0,0,0,0,0,0,0,0,0,0,0,0,0,0,0,0
0,0,0,0,0,0,0,0,0.000683771885308881,0,0,0,0,0,0,0,0.00249631050916344,0.0004254888218687,0.0493562676038103,0,0,0,0,0,0,0,0,0,0,0,0,0,0,0,0,0,0,0,2.74430416900686e-05,0,0.00258669633844971,0.000866097346730704,0.0409167505741041,0,0,0.000514418264402131,0.00107710805048186,0.00107325700853759,0.000667721323037052,0,0,0,0,0,0,0,0,0,0,0,0,0,0.00018897556966882,0,0,0,0,0,0.0004873151526819,0,0,0,0,5.2810471426596e-05,0,0,0,2.26340097976333e-05,0,0.000229564565045143,0,0.000348387571613813,0.000725013800342677,2.76933869044083e-06,0.0147391941078483,0,0.0120040583826607
0,0.000435656617233369,0,0.00550503722579476,0,0.000534079942520942,0,0,0,0,0,0.00261720115910328,0,0,0,0,0.000221951339820682,0.00259788230483706,0.0271363344487358,0.00334602018303413,0,0,0,0,0,0,0,0,0,0.000285256553894182,0,0.000437099230502176,0,0,0,0.00313886613352325,0,4.20767385631237e-05,0,0.0126574839053193,0,0.0263907358260294,0.000313578947305012,0,0.000514418264402131,0,0,0.0036096810173028,5.3695228536388e-05,0.00434024413708328,0,0.000127869333684003,0,0,0,0,0,0.0159541679704658,0,0,0,0,0.0845176212742512,0,0,0,0,0,0,0,0,0,0.00636456406854602,0,0,0,0,0,0.00821931214267386,0,0.00241721392871467,0,0.000586689733699466,0,0.0699427582751435,0.00307371271198068,0
0,0,0.00604212029665946,0,1.38036294310986e-05,0,0,0,0,0,0,0,0,0,0,0,0,0,0.000216137626718024,0,0,0,0,0,0,0,0,0,0,0,0,0,0,0,0,0,0.000121015509840368,0,0,0,0.0182224741647138,6.39460543952946e-06,0.00694094864195383,0,0.00107710805048186,0,0,0.000164288957868957,0.00586050009993445,0,0,0,0,0,0,0,0,0,0,0,0,0,0,0.0416419190012469,0,0,0,0,0,0,0,0,0,0.00106486712359817,0,0,0,9.50536836866775e-06,0,0.00864973744086727,0,0.00401078239816006,0.000181743817723712,0,0.084444169032549,0,2.71237087978503e-05
0.000548591357967476,0,2.18460885542996e-05,0,0,0,0,0,0.000697516097317599,0,0,0,0,0,0,0,1.80197429601697e-05,0,0.000147596527850344,0,0,0,0.000107432608531534,0,0.000382299361946947,0,0,0,0,0,0,0.0279013755540636,0.0165836277272115,0.0725527870955359,0.149362264584042,0.000678642865602474,0.000292455830781677,0.00309847749679454,0.00361939095792773,0.00016431435384407,0.00860659406920498,0.00312834400916871,0.0365081693063689,0,0.00107325700853759,0.0036096810173028,0.000164288957868957,0,0.0537698561975007,0.129108293132123,0,0,0,0,0.00137475314778669,0,0,0,0,0,1.67513789414555e-05,0,1.03577624811393e-05,0,0,9.94166954012929e-05,0,0.00236304912425705,0,0,0,0,0,0,0.0232668227223879,0.0351760437978956,0.00961449740554093,0.0278769432591787,0.00346332402982572,0.00952102351754067,0.00605267790661417,0.000845267899506662,0.00146324530719131,2.72884975193216e-05,0.0504232136911766,0,0.000363640505484465
0.00587718582488063,0,0.000298037899978597,0,0,0,0,0,0.000926351776767689,0,2.01546710330083e-05,0,0,0,0,0,0.000147505003488538,5.90299924676933e-06,0.00134429416494658,0,0,0,0.0135979395964725,0,0.00134081408455956,0,0,0,0,0,0,2.06354554078969e-05,0.000510389220357038,0,0.00800776833634201,0,0.000107754047281705,0,0.00162708979567501,0,0.0460653001605177,0.000267034806193692,0.0660930631931195,0,0.000667721323037052,5.3695228536388e-05,0.00586050009993445,0.0537698561975007,0,0.0111530630753201,0,0,0,0,8.68235661830455e-05,0,0.00851156420346896,6.18101542901794e-06,0.000723129838902036,0,0.00429408909320342,0,0,0.00191926714551432,0,0.0120198279516137,0,0.0303310908411844,0,0.00229656154910702,0,0.0184651981353556,0,0.00949677730110195,0,0.00235642832746768,0,0.0223693133768438,0,0.00328869324467456,0,0.0121290390209839,0.000279400601282662,2.2951297680392e-06,0.0565629976492841,0,0.0020284845379925
0,0.00847423664843772,0,0.0154323778200448,0,0,0,0,0,0.0062955889920107,0,0,0,0,0,0,0,0.00033035088701951,0.000402640702571713,0,0,0.000569350051263019,0,0.00873771600601841,0,0.001464967490822,0,0,0,0,0,0.00357504110710936,0,0.0500203473505634,0.00171511596663099,5.63464282551333e-05,1.29520906361511e-05,0.00248646972928991,1.67679306850532e-05,0.0106105456632077,0.00146622913249818,0.0140435482698594,0,0,0,0.00434024413708328,0,0.129108293132123,0.0111530630753201,0,0,0,0,0,0,0.000907783546570396,0,0.00784551869277174,0,0.000691946217754365,0,0.000360742139672573,0.0012418960301081,0,0.00296944967636277,0,0.0282624468412887,0,0.0102355728387718,0,0.00252967543865004,0,0.00465563445803522,0,0,0,0.020545675592141,0.00125406344674633,0.00109611069027149,0.000247086551858706,0.00733902910534484,3.70774559679569e-05,0.000267015596251782,0,0.0183667593016535,0.000104034941544844,0
0,0,0.00458509760532632,0,0.018628075188018,0,0.000854641731263671,0,0,0,0,0,0,0,0.010432950803767,0,0,0,0,0,0,0,0,0,0,0,0,0,0,0,0,0,0,0,0,0,0,0,0,0,0,0,0,0,0,0,0,0,0,0,0,0,0.000160506334448195,0,0,0,0.00362003513813715,0,0.00389095090426926,0,0.0133613735356531,0,0,0.000275590099062881,0,0,0,0,0,0,0,0,0,0,0,0,0,0,0,0,0,0,0,0,0.000702443836988017,0,0
0,0,0,0.0049856764395352,0,0.0529633283087017,0,0,0,0,0,3.00765170477193e-05,0,0.00224124063073184,0,0.000783266100992653,0,0,0,0,0,0,0,0,0,0,0,0,0,0,0,0,0,0,0,0,0,0,0,0,0,0,0,0,0,0.000127869333684003,0,0,0,0,0,0,0,0.0059835730209967,0,0,0,0.00933629933269781,0,0.0111401684725317,0,0.00524843653380013,0.00159253122092867,0,0,0,0,0,0,0,0,0,0,0,0,0,0,0,0,0,0,0,2.06793311852423e-05,0,0.000589712752079498,0,0
0,0,0,0,0,0,0.00819752946277378,0,0,0,7.84067742642947e-05,0,0,0,0,0,0,0,0,0,0,0,0,0,0,0,0,0,0,0,0,0,0,0,0,0,0,0,0,0,0,0,0,0,0,0,0,0,0,0,0.000160506334448195,0,0,0,0,0,0.00372830237506221,0,0.000171920796138326,0,0,0,0,0,0,0,0,0,0,0,0,0,0,0,0,0,0,0,0,0,0,0,3.70637644784384e-05,0,0,0,0
0,0,0,0,0,0.00321906099912452,0,0.000409416592447087,0,0,0,0.000775690780686664,0,0.00724510354571775,0,0,0,0,0,0,0,0,0,0,0,0,0,0,0,0,0,0,0,0,0,0,0,0,0,0,0,0,0,0,0,0,0,0,0,0,0,0.0059835730209967,0,0,0,0,0,0.00461471175126135,0,0.00104680219501234,0,0,0,0,0,0,0,0,0,0,0,0,0,0,0,0,0,0,0,0,0,0,0,0,0,0,0
0.0439137584816151,0,0.000734323899757007,0,0,0,0,0,0.0571323687944048,0,0,0,0,0,0.00319734977977054,0,0.00189732637569366,3.3809213994158e-05,2.99677206915157e-05,0,0,0,0,0,0.011276234548834,0,0.000517125304772001,0,0,0,0,0,0,0,5.15486595556907e-05,0,0,0,0.00197569495298911,0,0,0,0,0,0,0,0,0.00137475314778669,8.68235661830455e-05,0,0,0,0,0,0,0,0,0,0,0,0.000365008562226675,0,0,0,0,0,0,0.0266125946017302,0,0.000162287193201786,0,0,0,0,0,0,0,0,0,0,0,0.00419564417836512,9.38637491251696e-05,0,0.000699867940300188,0,0
0,0.00312817271283097,0,0.00227238990077566,0,0.00232133395904483,0,0,0,0.0162495789332108,0,0,0,0,0,0.000206739650297869,0,0.000333326170150391,0,0,0,0,0,0.0020836088941522,0,0.000660758354610498,0,0,0,0,0,0,0,0,0,0,0,0.000230523601392006,0,0,0,0,0,0,0,0,0,0,0,0.000907783546570396,0,0,0,0,0,0,0,0,0,0.00593267425720224,0,0.00751995485342726,0,0,0,0,0,0,0,0,0,0,0,0,0,0,0,0,0,0,0.000178401988364942,0,6.91527231840164e-05,0,1.3670262721464e-05,0,0
0.00132879691793487,0,0.000395858221369364,0,0.000408186216418613,0,0.00193203358624463,0,0,0,0.0500781046648321,0,0.000229549860824557,0,0,0,0,0,0,0,0.00118171934528327,0,2.18590323125727e-05,0,0,0,0,0,0,0,0,0,0,0,0,0,0,0,0.000519714192757675,0,0,0,0,0,0,0,0,0,0.00851156420346896,0,0.00362003513813715,0,0.00372830237506221,0,0,0,0,0,0.0173603547210859,0,0.00443242041256652,0,0,0.0116452493068864,0,2.57628376735667e-05,0,0.00180546036724485,0,0.00690011118493857,0,0.014362972703295,0,0.0216765996477104,0,0,0,0,0,0,0,0.000898909885831747,9.1927076192579e-05,0,0.0075519385827424,0,0
0,0.000623146474545179,0,0.000976424964712166,0,0.00774218404518846,0,0,0,8.49452533013397e-05,0,0.0373359683518974,0,0.00468383994616726,0,0,3.77250383748752e-05,0.000578832251491118,0.00450255228326686,0.00194200187601295,0,0,0,0.000109121636937499,0,0,0,0.00613552351952005,0,0.00115113892860077,0,0,0,3.986018993312e-05,0,1.35979144552201e-06,0,0,0,0,0,0.0298587141423597,7.82827931562952e-05,0,0,0.0159541679704658,0,0,6.18101542901794e-06,0.00784551869277174,0,0.00933629933269781,0,0.00461471175126135,0,0,0,0,0,0.0142615916121332,0,0.000669233824470444,0.0573391200358638,0,0,0,0,0,3.28266519872907e-05,0,0.00403814691060524,0,0.0858269851758627,0,0,0,2.38565117698856e-05,0,8.29676790063596e-06,0,0.00151867343938596,2.05428100874483e-06,0.000259615529486338,0,0.0154003040683866,0.000811315583555483,0
0.000915385024503598,0,0,0,0.000469220032945972,0,0.000473777610535621,0,0,0,0.000552674876371775,0,0.0418233099564402,0,0.00126978837457256,0,0,0,0,0,0,0,0,0,0,0,0,0,0.000238947726660813,0,0,0,0,0,0,0,0,0,0,0,0,0,0,0,0,0,0,0,0.000723129838902036,0,0.00389095090426926,0,0.000171920796138326,0,0,0,0.0173603547210859,0,0,0,0.0122820553373917,0,0,0,0,0,0,0.000760458024368997,0,0.00391258891844465,0,0.000533606356174386,0,0,0,0,0,0,0,0,0,2.30041672607202e-05,1.05541759507985e-05,0,2.92193059665943e-05,0,0
0,0.00111230128788216,0,0.000146899384580048,0,0.000343376472678106,0,0,0,0.000209403292176016,0,0.00154776913257396,0,0.0369614692547178,0,0.00730911998125861,0,0,0,0,0,0,0,0,0,0.00136683538577229,0,0.011604948123981,0,0,0,0,0,0,0,0,0,0,0,0,0,6.15980838660261e-05,0,0,0,0,0,0,0,0.000691946217754365,0,0.0111401684725317,0,0.00104680219501234,0,0.00593267425720224,0,0.0142615916121332,0,0,0,0.00333753185917358,7.94578405906232e-05,0,0,0,2.21742009366287e-05,0,0.00173905315591275,0,0.0255219220140487,0,0.000635738598057703,0,0,0,0,0,0,0,8.40723211389053e-05,0,6.13832626814771e-05,0.000121562468136904,6.21563952273182e-05,0,0
0.0066630298856191,0,0,0,0.000193549568080131,0,0,0,0.00187169983338797,0,0,0,0.00595604138253655,0,0.00798050850946712,0,0.000702830202740168,0,0,0,0,0,0,0,0,0,0,0,0,0,0,0,0,0,0,0,0,0,0,0,0,0,0,0,0,0,0,1.67513789414555e-05,0.00429408909320342,0,0.0133613735356531,0,0,0,0.000365008562226675,0,0.00443242041256652,0,0.0122820553373917,0,0,0,0,0,0,0,0,0.0101743281977586,0,0.00702702542379324,0,0,0,0,0,0,0,0,0,0,0,0.000108461069602958,0.000187769709867693,0,8.04940493775654e-05,0,0
0,0.000696525917099193,0,0.000304630448362146,0,0.00121868692600675,0,0,0,0.00583297004444012,0,0,0,0.001475091045101,0,0.027897937261895,0,0.000191414066643325,0,0,0,0,0,0,0,0.000190789146987409,0,0,0,0,0,0,0,0,0,0,0,3.58459957415237e-06,0,0,0,0,0,0,0,0,0,0,0,0.000360742139672573,0,0.00524843653380013,0,0,0,0.00751995485342726,0,0.000669233824470444,0,0.00333753185917358,0,0,0,0,0,0,0,0,0.00148108880152784,0,2.12049065735165e-05,0,0.000123818963972276,0,0,0,0,0,0,0,7.38463866389405e-06,0,6.18088623543467e-07,0,1.11931103239187e-05,0,0
0,0.000137320962340446,0,0.000297533153745942,0,0.0213348755962419,0,0.00015673368477292,0,0,0,0.0153889596250727,0,0,0,0,0.000131645959763658,0.00103960927513676,0.00858296376300739,0.0770447369804526,0,0,0,1.62874754402759e-05,0,0,0,0,0,0.00049671620750416,0,0,0,0,0,0.00165820599960626,0,0.00188454309355339,0,0.00602248083875776,0,0.011484799037834,0,0,0.00018897556966882,0.0845176212742512,0,1.03577624811393e-05,0,0.0012418960301081,0,0.00159253122092867,0,0,0,0,0,0.0573391200358638,0,7.94578405906232e-05,0,0,0,0,0,0,0,0,1.59047580474067e-05,0,5.62957522631238e-06,0,0.0137976126965245,0,0,0,0,0,0.0144091799464868,0,0.00702151986770186,1.91194177710072e-05,0.000265373898377732,2.18854293052573e-05,0.0264703022949188,0.0052438031992194,0
0,0,0.00140092693081849,0,0.00296129153632452,0,0,0,0,0,0.00237675643494318,0,0,0,0,0,0,0,0,0,0.0281517352825529,0,2.41013687615092e-05,0,0,0,0,0,0,0,0,0,0,0,0,0,0.000390922217159696,0,0.000453696779342158,0,0.00786203616119193,0,3.17542382863091e-05,0,0,0,0.0416419190012469,0,0.00191926714551432,0,0.000275590099062881,0,0,0,0,0,0.0116452493068864,0,0,0,0,0,0,0,0,6.86378654056973e-06,0,7.19761312380766e-05,0,0,0,0.00112873310946333,0,0.00651911490957615,0,0,0,0,0,0.0155479657003984,0,0.00866894403378916,0.000218670325031998,0,0.0160968245202769,0,0
0,0,0,0,0,0,0,0,0,0,0,0,0,0,0,0,0,0.00144924187563191,0,0,0,0.0373349128197248,0,0.000543403425218821,0,0.000166546365444226,0,0.000739888242855231,0,0,0,0,0,0,0,0,0,0.00521948791925574,0,0,0,0,0,0,0,0,0,0,0,0.00296944967636277,0,0,0,0,0,0,0,0,0,0,0,0,0,0,0,0,0.00122461811072364,0,2.84986639999542e-05,0,0.0162277143465855,0,2.6426089791695e-05,0,0,0,0,0,0,0,0.0109489023094668,0,0.000288081102065088,0,0,0,0
0,0,0,0,0,0,0,0,0,0,0,0,0,0,0,0,0.000342692944548555,0,0,0,0,1.46121118204032e-05,0.0443338725908368,0,0,0,0,0,0.00128772469151192,0,0,0,0,0.000133583978797492,0.000305118728393586,0,0,0,0.0041878281270569,0,0,0,0,0,0,0,0,9.94166954012929e-05,0.0120198279516137,0,0,0,0,0,0,0,2.57628376735667e-05,0,0,0,0,0,0,6.86378654056973e-06,0,0,0,0.00184369456211752,0,0,0,0.000591130974851317,0,3.21999920580669e-05,0,0,0,0,0,0,0,0.0135771366543032,0.000621419678741766,0,0.000152510560530094,0,0
0,0,0,0,0,0,0,0,0,0.00378138431735793,0,0,0,0,0,0.00216965980205811,5.30755581860179e-05,0.00651994117701306,0.000216898065675581,0,0,0.000193065120187619,0,0.0460229059149974,0,0.00174968610520654,0,0,0,0,0,0,0,0,0,0,0,0.00105092652966993,0,0,0,1.2193182173572e-05,0,0,0,0,0,0,0,0.0282624468412887,0,0,0,0,0,0,0,0,0,2.21742009366287e-05,0,0,0,0,0.00122461811072364,0,0,0,0.000719478929088173,0,0.00113019891628478,0,0,0,0,0,0,0,0,0,0.00118732982726627,0,0.000837640601165726,1.52372793835149e-06,0,0,0
0.00172097404010628,0,0,0,0,0,0,0,0.000156499732159999,0,0,0,0,0,0,0,0,0,0,0,0,0,0,0,0.0387538221304573,0,0.000800304782691225,0,0,0,0,0,0,0,3.28451519041959e-05,0,0,0,0.00554512111845683,0,0,0,0,0,0,0,0,0.00236304912425705,0.0303310908411844,0,0,0,0,0,0.0266125946017302,0,0.00180546036724485,0,0.000760458024368997,0,0.0101743281977586,0,0,7.19761312380766e-05,0,0.00184369456211752,0,0,0,0.0244194359712253,0,0.00156115514722761,0,0.000111968010107599,0,0,0,0,0,0,0,0.00126586157288193,7.50445749648685e-05,0,0.000204222202374289,0,0
0,0,0,0,0,0,0,0,0,0.000680926568307353,0,0,0,0,0,0.00259447025332682,0,0.00552759920415161,0.000342086466574415,0,0,0.000133116009908481,0,0.00658051295994495,0,0.0112470579777809,0,0.000254545843932462,0,0,0,0,0,0,0,0,0,0,0,0,0,0.000203415683467266,0,0,0.0004873151526819,0,0,0,0,0.0102355728387718,0,0,0,0,0,0,0,3.28266519872907e-05,0,0.00173905315591275,0,0.00148108880152784,1.59047580474067e-05,0,2.84986639999542e-05,0,0.000719478929088173,0,0,0,0.00798886951501714,0,0,0,0,0,0,0,0,0,2.69724377322521e-05,0,0.000124560967062105,3.53143490832485e-06,0,4.82195585624345e-05,0
6.81490760734657e-05,0,0,0,0,0,0,0,0.000459692385010831,0,0,0,0,0,0.000149832483321236,0,0.00153613646865732,0,1.26470240523343e-05,0,0,0,0,0,0.00226222488075987,0,0.00227081318791228,0,0.00546156375745976,0,0,0,0,0,0,0,0,0,0,0,0,0,0,0,0,0,0,0,0.00229656154910702,0,0,0,0,0,0.000162287193201786,0,0.00690011118493857,0,0.00391258891844465,0,0.00702702542379324,0,0,0,0,0,0,0.0244194359712253,0,0,0,0.00834947161005726,0,0,0,0,0,0,0,0,0,0,4.82666004835225e-07,0,3.89765546538125e-05,0,0
0,0,0,0,0,0,0,0,0,0,0,0,0,5.05762944936154e-05,0,0,0,0.000973246499882174,0,0,0,0.000789729310208528,0,0.00041143353411086,0,0.000120675289908538,0,0.0377692931985858,0,0.00597849630790392,0,0,0,0,0,0,0,8.22097661886198e-05,0,0,0,0,0,0,0,0,0,0,0,0.00252967543865004,0,0,0,0,0,0,0,0.00403814691060524,0,0.0255219220140487,0,2.12049065735165e-05,5.62957522631238e-06,0,0.0162277143465855,0,0.00113019891628478,0,0.00798886951501714,0,0,0,0.0404136063248554,0,0,0,0,0,0,0,0.0039820183843912,0,0.000323235218573294,0,0,0,0
0,0,0,0,0,0,0,0,0,0,0,0,0,0,0,0,0,0,0,0,0,0,0.00557123598010704,0,0,0,0,0,0.0199067844469857,0,0.0106436836304059,0,0,0,0,0,0,0,0.000348751526015462,0,0,0,0.000243089573946143,0,0,0,0,0,0.0184651981353556,0,0,0,0,0,0,0,0.014362972703295,0,0.000533606356174386,0,0,0,0,0.00112873310946333,0,0.000591130974851317,0,0.00156115514722761,0,0.00834947161005726,0,0,0,0.0245235087219309,0,0,0,0,0,0,0,0.00126066648542681,2.57814272680523e-05,0,0.00345319299903146,0,0
0,3.28777277653502e-05,0,0.000137691103234072,0,0,0,0,0,0,0,0.0111818641886657,0,0,0,0,7.52625412319938e-05,0.00056870813967317,0.00289492329455914,0.00399074502870214,0,1.57251937725022e-05,0,0.000146478489647608,0,0,0,1.10917136277693e-05,0,0.0111683535869885,0,0,0,1.34957545250192e-05,0,1.52568817106012e-06,0,0.000309216099138371,0,0,0,0.0166273659081529,0.000135330764754014,0,0,0.00636456406854602,0,0,0,0.00465563445803522,0,0,0,0,0,0,0,0.0858269851758627,0,0.000635738598057703,0,0.000123818963972276,0.0137976126965245,0,2.6426089791695e-05,0,0,0,0,0,0.0404136063248554,0,0,0,0,0,2.63836698835632e-05,0,0,0,0.0159225595112674,1.42034479165678e-05,0.000120756775711838,0,0.010178637366792,0.000820055363728624,2.69510723946821e-05
