0,0,19.1694419648912,0,0,0,0,0,5.14413220324415,0,0,0,0,0,0,0,0,74.0652770996094,10.8451834143728,0,0,0,0,0,0,0,0,0,0,0,0,0,0,0,0,0,62.2906341552734,0,0,50.3100776672363,30.9564120769501,42.5657806396484,14.5207333960291,0,55.8403396606445,45.0183094249052,14.9439045888073,0,6.50688089927038,29.6155729293823,0,0,0,0,4.73948911153353,0,21.3802938461304,0,31.6595468521118,0,0,0,56.4856472015381,24.3259162902832,0,0,0,0,0,0,0,0,0,0,0,0,0,0,60.9323247273763,38.2116438150406,0,0,9.16710881901603,0,16.6179097540462,0,14.9114212459988
0,0,0,7.51699864864349,0,18.8113613128662,0,0,0,5.07946593014162,0,0,0,0,0,0,36.2069549560547,0,11.9710542249008,0,0,0,0,0,0,0,0,0,0,0,0,0,0,0,0,55.0497608184814,0,0,0,29.2744046379538,55.811206817627,15.1122082273573,53.0894241333008,7.55456864833832,0,14.01888474505,42.7719079722529,0,0,7.36689535031716,0,19.7538666725159,0,0,0,4.2388849388808,0,12.1782479719682,0,0,0,8.31062390587547,25.6688836415609,58.5468101501465,0,0,0,0,0,0,0,0,0,0,0,0,0,0,37.9848550091619,56.4334335327148,27.5664565563202,0,10.0632683190723,0,14.9180988301249,12.4712727864583,65.2196960449219
19.1694419648912,0,0,0,13.0661834391152,0,0,0,5.35198684533437,0,0,0,0,0,0,0,0,0,16.3552865164621,0,21.4753348032633,0,0,0,0,0,0,0,0,0,0,0,0,0,0,0,53.8107390403748,0,0,0,37.0572225130521,60.4499702453613,24.8133463358513,0,0,0,22.1607464500096,0,13.1317873001099,39.3883590698242,18.4515876372655,0,0,0,6.65858555923809,0,21.2977958270482,0,13.6424241860708,0,0,0,0,31.3327007293701,0,0,0,0,0,0,0,0,0,0,0,0,0,0,0,47.6686254228864,0,0,17.7466357381998,18.7811234122828,24.7166132311338,0,19.6756159185053
0,7.51699864864349,0,0,0,14.8617417306611,0,0,0,4.86990022268452,0,0,0,0,0,0,0,0,24.0517887047359,0,0,0,0,0,0,0,0,0,0,0,0,0,0,0,0,31.2284058695254,0,0,0,35.894264433119,0,23.896102007974,58.5398597717285,25.7822713851929,41.4688034057617,20.9248765248519,42.3029876708984,0,35.6341247558594,10.8861203005439,0,12.2787299347775,0,0,0,6.19672091744787,0,18.5938569097906,0,7.57787990570068,0,9.62791395187378,29.6607391523278,0,0,0,0,0,0,0,0,0,28.2780702590942,0,0,0,0,0,41.9242315888405,69.8611930847168,31.7584642682757,0,15.87881349181,18.4764614105225,25.1532482828314,16.6942959689022,0
0,0,13.0661834391152,0,0,0,0,0,3.54658049486932,0,9.23123264312744,0,0,0,3.06247537476676,0,0,119.77783203125,51.2946141560872,0,3.3726167678833,0,0,0,0,0,0,0,0,0,0,0,0,0,0,0,45.0582869847616,0,0,0,38.5678085914025,0,34.6155311584473,0,0,0,22.6335157394409,0,33.8794409434001,0,5.76343510041543,0,0,0,12.8984889984131,0,15.938113621303,0,14.2992539405823,0,2.82556147575378,0,0,29.1136932373047,0,0,0,0,0,0,0,0,0,0,0,0,0,0,0,47.2097437229562,0,0,11.1925220075718,3.45247372713956,20.491563046606,0,27.6005506515503
0,18.8113613128662,0,14.8617417306611,0,0,0,0,0,3.35946454558262,0,0,0,0,0,4.12641174395879,0,0,106.197021484375,6.10473954677582,0,0,0,0,0,0,0,0,0,0,0,0,0,0,0,21.2021153767904,0,0,0,0,0,45.4741582870483,0,0,61.9050979614258,37.1178651537214,0,0,0,46.3036518096924,0,5.30528321548512,0,3.05085220703712,0,0,0,15.1363591905368,0,0,0,4.06481199515493,31.9711036682129,0,0,0,0,0,0,0,0,0,47.2278175354004,0,0,0,0,0,50.0554950714111,0,0,0,13.3189368326156,40.6220957438151,24.5068859592158,0,0
0,0,0,0,0,0,0,0,0,0,0,0,0,0,0,0,0,0,0,0,3.87860854466756,0,0,0,0,0,0,0,0,0,0,0,0,0,0,0,0,0,0,0,0,0,0,0,0,0,0,0,0,0,3.00464153289795,0,3.88662726525571,0,0,0,5.14141040265419,0,3.67998943790313,0,0,0,0,0,0,0,0,0,0,0,0,0,0,0,0,0,0,0,0,0,0,0,3.59483615557353,3.51257006327311,0,0,0
0,0,0,0,0,0,0,0,0,0,0,5.65821984836033,0,2.85805947964008,0,0,0,0,0,0,0,0,0,0,0,0,0,0,0,0,0,0,0,0,0,0,0,0,0,0,0,0,0,0,0,0,0,0,0,0,0,0,0,4.80501621874367,0,0,0,8.4675370156765,0,0,0,0,4.23126220703125,0,0,0,0,0,0,0,0,0,0,0,0,0,0,0,6.6133439540863,0,0,0,3.39009348551432,0,0,0,0
5.14413220324415,0,5.35198684533437,0,3.54658049486932,0,0,0,0,0,0,0,0,0,3.47775600003261,0,9.4919417169359,0,42.1608285903931,0,0,0,0,0,3.95551013695566,0,0,0,0,0,0,0,0,0,0,0,0,0,8.32902189649909,0,0,0,21.4955851370547,0,0,0,30.0467224121094,0,5.65915624300639,0,8.11902488708496,0,0,0,4.58033797718284,0,33.6862983703613,0,0,0,3.45066480911695,0,0,0,0,0,0,6.28417034302988,0,0,0,0,0,0,0,0,0,0,0,0,0,11.2045155598058,4.88050946639352,4.26735591888428,10.6659341052227,0,26.2686527797154
0,5.07946593014162,0,4.86990022268452,0,3.35946454558262,0,0,0,0,0,0,0,0,0,3.18278517661157,22.1167742411296,16.7008165631975,0,0,0,0,0,4.01587231342609,0,0,0,0,0,0,0,0,0,0,0,0,0,9.46366114444561,0,0,0,10.2304377628832,0,0,0,0,0,0,0,4.42517465782166,0,7.00584185123444,0,0,0,4.45761479625757,0,0,0,0,0,4.03610171761401,0,0,0,0,4.34284590350257,0,0,0,0,0,0,0,0,0,0,0,0,0,10.6929460777031,0,4.72691749655934,2.74183535575867,5.83843421936035,3.15199136734009,0
0,0,0,0,9.23123264312744,0,0,0,0,0,0,0,3.15958023071289,0,0,0,0,0,0,0,4.93403638375772,0,0,0,0,0,0,0,2.8522688349088,0,11.7365993624148,0,0,0,0,0,3.20909256359627,0,3.54632845845779,0,0,0,32.7450332641602,0,0,0,0,0,0,0,2.75472021102905,0,3.49301047623158,0,0,0,4.62600226193329,0,3.21628830125255,0,0,0,0,3.88282492160797,0,0,0,0,0,0,0,0,0,10.6273879932635,0,0,0,0,0,7.82368993759155,0,5.74992784023285,3.2219944058395,3.01286075665401,8.36070322990417,0,0
0,0,0,0,0,0,0,5.65821984836033,0,0,0,0,0,4.83640239330438,0,0,0,0,0,3.75815427175132,0,0,0,0,0,0,0,2.91085233688354,0,4.6212247513436,0,0,0,0,0,3.45486042764452,0,4.80052109651787,0,0,0,0,0,0,0,0,0,0,0,0,0,0,0,7.19236450276132,0,0,0,7.03322538929957,0,3.21813922343047,0,0,5.66535304722033,0,0,0,0,0,0,0,3.16211295127869,0,8.12862738000936,0,0,0,0,0,5.47051803882305,0,5.47258319854736,0,3.86325720971144,0,4.64805810268109,0,0
0,0,0,0,0,0,0,0,0,0,3.15958023071289,0,0,0,0,0,0,0,0,0,0,0,0,0,0,0,0,0,3.0006676197052,0,0,0,0,0,0,0,0,0,0,0,0,0,0,0,0,0,0,0,0,0,0,0,0,0,0,0,0,0,2.98089990179047,0,0,0,0,0,0,0,0,0,0,0,0,0,0,0,0,0,0,0,0,0,0,0,2.99841013881895,3.06165594439353,0,0,0
0,0,0,0,0,0,0,2.85805947964008,0,0,0,4.83640239330438,0,0,0,3.74996689303004,0,0,0,0,0,0,0,0,0,0,0,3.38126680680684,0,6.0305769443512,0,0,0,0,0,0,0,0,0,0,0,0,0,0,0,0,0,0,0,0,0,0,0,0,0,0,0,12.8791964054108,0,3.20268050071115,0,4.67556869465372,0,0,0,0,0,0,2.74864363670349,0,3.21870279312134,0,13.1996183395386,0,0,0,0,0,0,0,0,0,3.64641295160566,2.91456396579742,0,0,0
0,0,0,0,3.06247537476676,0,0,0,3.47775600003261,0,0,0,0,0,0,0,0,0,0,0,0,0,0,0,0,0,0,0,0,0,0,0,0,0,0,0,0,0,0,0,0,0,0,0,0,0,0,0,0,0,3.10837411880493,0,0,0,6.44331093456434,0,0,0,0,0,3.45046670096261,0,0,0,0,0,0,0,0,0,0,0,0,0,0,0,0,0,0,0,0,0,2.88756497701009,0,0,0,0
0,0,0,0,0,4.12641174395879,0,0,0,3.18278517661157,0,0,0,3.74996689303004,0,0,0,3.47741745647631,0,0,0,0,0,0,0,0,0,0,0,0,0,0,0,0,0,0,0,0,0,0,0,0,0,0,0,0,0,0,0,3.52499679156712,0,4.40976092815399,0,0,0,7.17548751831055,0,0,0,3.38163550694784,0,3.75602203648107,0,0,0,0,0,0,0,0,0,0,0,0,0,0,0,0,0,0,0,0,3.9753941969438,6.45123386383057,0,0,0
0,36.2069549560547,0,0,0,0,0,0,9.4919417169359,22.1167742411296,0,0,0,0,0,0,0,20.9825985186723,20.9483466511462,0,0,36.3351828257243,4.54449880592466,45.4457998275757,7.05455905066596,38.0734524726868,8.97199817783925,0,0,0,0,0,0,0,0,78.3823776245117,0,0,0,62.2502973344591,70.5184810344989,61.3312354368322,50.7949580585255,48.7715561515407,60.5921335220337,49.6605548858643,58.2065146162703,0,0,35.331000328064,0,0,0,0,0,0,0,0,0,0,2.95936477184296,0,59.6963086809431,70.9167048136393,17.7235727310181,5.44871334802537,0,3.57976675033569,0,3.56552257537842,0,0,0,0,0,0,0,0,68.2501937981808,85.1992780245267,0,0,15.6492334279684,8.90576250529696,56.3522676964329,58.8823531468709,50.137633005778
74.0652770996094,0,0,0,119.77783203125,0,0,0,0,16.7008165631975,0,0,0,0,0,3.47741745647631,20.9825985186723,0,24.3194688417502,0,0,10.5882277142854,0,15.8987282117208,0,9.71305900199391,52.072395324707,0,0,0,0,0,0,0,0,144.876052856445,0,0,0,74.4270955403646,80.0011211576916,52.4939026832581,64.6328705378941,47.4865963254656,61.1010097927517,57.4327509534228,66.9754042789854,0,0,0,0,0,0,0,0,0,0,0,0,0,0,4.00824594497681,72.2105369567871,76.4802357066761,7.6340304241552,0,0,0,0,0,0,0,0,0,0,0,0,0,82.3311870944115,81.0667298479778,0,0,15.0213496989109,9.60049128994717,58.0293797785693,49.4884196690151,55.2867388044085
10.8451834143728,11.9710542249008,16.3552865164621,24.0517887047359,51.2946141560872,106.197021484375,0,0,42.1608285903931,0,0,0,0,0,0,0,20.9483466511462,24.3194688417502,0,0,0,40.7813049316406,0,38.9666519165039,0,0,0,0,0,0,0,0,0,0,0,65.8262751988002,63.9517688751221,0,0,45.1260817317158,45.636629060069,18.6789268044274,20.6975072571997,19.5846951701071,18.0954931862747,34.1173067864329,34.0054433780558,0,10.801878229777,12.5846834889165,44.2217636108398,0,0,0,0,0,34.8540656226022,28.6641200216193,81.8304710388184,0,0,0,49.0223159317143,53.0410693810911,0,0,0,0,0,0,0,0,33.8444445927938,0,0,0,0,0,53.1019248423698,50.5502335062016,43.0759971618652,0,15.2397957495805,50.2179141044617,25.5644049175237,15.093901803706,14.8471448217839
0,0,0,0,0,6.10473954677582,0,0,0,0,0,3.75815427175132,0,0,0,0,0,0,0,0,0,0,0,0,0,0,0,0,0,0,0,0,0,0,0,6.77952557275158,0,2.91802738263057,0,0,0,0,0,0,0,0,0,0,0,0,0,11.0545864671469,0,0,0,0,0,9.05653230424197,0,0,0,0,7.76385683829968,0,0,0,0,0,0,0,0,0,0,0,0,0,0,0,6.53253354607744,0,0,0,6.03309029734074,0,6.18797861480713,0,0
0,0,21.4753348032633,0,3.3726167678833,0,3.87860854466756,0,0,0,4.93403638375772,0,0,0,0,0,0,0,0,0,0,0,0,0,0,0,0,0,0,0,0,0,0,0,0,0,6.82668688757165,0,2.95401537418365,0,0,0,0,0,0,0,12.7225350211648,0,33.1169233322144,0,3.28017857670784,0,7.54912084691665,0,0,0,6.33357155734095,0,0,0,0,0,0,7.31671087413791,0,0,0,0,0,0,0,0,0,0,0,0,0,0,0,5.57028173087934,0,0,7.71737132234088,0,6.58108706066483,0,0
0,0,0,0,0,0,0,0,0,0,0,0,0,0,0,0,36.3351828257243,10.5882277142854,40.7813049316406,0,0,0,3.58957255970348,4.99849634310778,0,3.38532633366792,0,3.32362586616451,0,0,0,0,0,0,0,0,0,4.44693323935585,0,0,0,0,0,0,0,70.9372482299805,0,0,0,12.0079559619762,0,0,0,0,0,0,0,0,0,0,0,0,0,0,4.6735189625914,4.540766954422,10.6148662026595,0,4.6327955356011,0,7.55808850530455,0,12.4532414818731,0,0,0,0,0,0,0,4.8199460028986,0,4.8120494890213,4.05552931030591,0,0,0
0,0,0,0,0,0,0,0,0,0,0,0,0,0,0,0,4.54449880592466,0,0,0,0,3.58957255970348,0,0,4.25892800851302,0,3.38067996792677,0,3.12100772264987,0,0,0,0,0,0,0,0,4.8620285987854,4.62237249808029,0,0,0,0,0,0,0,0,0,4.35800670746897,0,0,0,0,0,0,0,0,0,0,0,0,0,0,0,0,4.70171816349789,0,5.77707668766379,0,3.66289093957018,0,3.06226898294635,0,0,0,0,0,0,0,0,3.79643630981445,5.8928468750312,4.1989902158097,5.74477369271073,20.0210304260254,0,0
0,0,0,0,0,0,0,0,0,4.01587231342609,0,0,0,0,0,0,45.4457998275757,15.8987282117208,38.9666519165039,0,0,4.99849634310778,0,0,0,3.25141786706859,0,0,0,0,0,0,0,0,0,0,0,5.27447571754456,0,0,0,8.43167304992676,0,0,0,0,0,0,0,4.63190841674805,0,0,0,0,0,3.76448724791408,0,0,0,0,0,0,0,0,4.18429227828979,0,4.56555993715922,0,6.71825260947121,0,0,0,0,0,0,0,0,0,0,97.0176849365234,6.98810044799264,0,4.43383776865766,12.3121376037598,5.17737848108465,0,0
0,0,0,0,0,0,0,0,3.95551013695566,0,0,0,0,0,0,0,7.05455905066596,0,0,0,0,0,4.25892800851302,0,0,0,4.56615244667485,0,0,0,0,0,0,0,0,0,0,0,5.59030969275369,0,0,0,10.2625489987825,0,0,0,0,0,9.12952241897583,0,0,0,0,0,4.32736445084596,0,0,0,0,0,0,0,0,0,0,4.67418486118317,0,4.48489041167781,0,3.67971581379573,0,0,0,0,0,0,0,0,0,0,0,6.54843499785975,4.08266316198405,3.587948401769,8.79108914895491,0,0
0,0,0,0,0,0,0,0,0,0,0,0,0,0,0,0,38.0734524726868,9.71305900199391,0,0,0,3.38532633366792,0,3.25141786706859,0,0,0,3.18677910168966,0,0,0,0,0,0,0,0,0,0,0,0,0,0,0,0,0,0,0,0,0,0,0,0,0,0,0,0,0,0,0,0,0,0,0,0,6.03252741006705,0,2.80972607930501,0,5.30384874754055,0,3.34672741889954,0,0,0,0,0,0,0,0,0,0,0,9.30458759201898,0,0,0,0
0,0,0,0,0,0,0,0,0,0,0,0,0,0,0,0,8.97199817783925,52.072395324707,0,0,0,0,3.38067996792677,0,4.56615244667485,0,0,0,3.36047404289246,0,0,0,0,0,0,0,0,0,0,0,0,0,0,0,0,0,0,0,0,0,0,0,0,0,0,0,0,0,0,0,0,0,0,0,0,4.16628396113714,0,4.98171965281169,0,3.7947133799394,0,3.22437999988424,0,0,0,0,0,0,0,0,0,0,17.1366819206037,0,56.013801574707,0,0
0,0,0,0,0,0,0,0,0,0,0,2.91085233688354,0,3.38126680680684,0,0,0,0,0,0,0,3.32362586616451,0,0,0,3.18677910168966,0,0,0,3.38016770404318,0,0,0,0,0,0,0,4.01686592418936,0,0,0,0,0,0,0,0,0,0,0,0,0,0,0,0,0,0,0,0,0,2.95602707068125,0,0,0,0,3.0263263463974,0,0,0,2.87475790977478,0,5.30445845751927,0,8.56715250015259,0,0,0,0,0,0,0,5.00678730010986,0,3.63118028640747,0,0,0,0
0,0,0,0,0,0,0,0,0,0,2.8522688349088,0,3.0006676197052,0,0,0,0,0,0,0,0,0,3.12100772264987,0,0,0,3.36047404289246,0,0,0,4.75295736960002,0,0,0,0,0,0,0,4.34784178251631,0,0,0,0,0,0,0,0,0,4.08851134777069,0,0,0,0,0,0,0,0,0,3.08273326026069,0,0,0,0,0,0,0,0,0,0,5.91811408996582,0,3.95665592074578,0,0,0,0,0,0,0,0,0,4.89769952143392,2.86212892965837,0,0,0,0
0,0,0,0,0,0,0,0,0,0,0,4.6212247513436,0,6.0305769443512,0,0,0,0,0,0,0,0,0,0,0,0,0,3.38016770404318,0,0,0,0,0,0,0,0,0,3.55643780231476,0,0,0,0,0,0,0,0,0,0,0,0,0,0,0,0,0,0,0,4.17222199837367,0,3.35760021209717,0,0,0,0,0,0,0,0,0,0,2.94724247435562,0,5.39389870952032,0,0,0,0,0,0,0,7.62636800284858,0,3.42925495902697,0,0,0,0
0,0,0,0,0,0,0,0,0,0,11.7365993624148,0,0,0,0,0,0,0,0,0,0,0,0,0,0,0,0,0,4.75295736960002,0,0,0,0,0,0,0,0,0,4.37881591819381,0,0,0,0,0,0,0,0,0,0,0,0,0,0,0,0,0,5.86985793183832,0,0,0,0,0,0,0,0,0,0,0,0,0,0,3.52776514965555,0,5.24639469564559,0,0,0,0,0,0,0,5.93361465013944,4.87566820462545,0,0,0,0
0,0,0,0,0,0,0,0,0,0,0,0,0,0,0,0,0,0,0,0,0,0,0,0,0,0,0,0,0,0,0,0,4.06078743130973,3.27740226473127,0,3.62337425992459,0,0,0,0,0,0,0,0,0,0,0,4.85873944874532,0,0,0,0,0,0,0,0,0,0,0,0,0,0,0,0,0,0,0,0,0,0,0,0,0,0,5.06706367648623,14.4658861160278,6.04953469807589,5.56025966008504,8.0647657838448,0,0,0,3.57259307801723,0,0,0,0
0,0,0,0,0,0,0,0,0,0,0,0,0,0,0,0,0,0,0,0,0,0,0,0,0,0,0,0,0,0,0,4.06078743130973,0,0,3.73733988395104,5.08338308334351,6.0922661238471,0,0,15.9820318222046,0,0,0,0,0,0,0,5.13980478721767,6.65870653788249,11.6054006464341,0,0,0,0,0,0,0,0,0,0,0,0,0,0,0,0,0,0,0,0,0,0,0,0,9.11423468589783,7.00433897174053,10.7483302806986,4.1892179181223,0,7.72314488239604,0,0,3.35044093235679,0,0,0,0
0,0,0,0,0,0,0,0,0,0,0,0,0,0,0,0,0,0,0,0,0,0,0,0,0,0,0,0,0,0,0,3.27740226473127,0,0,4.11766427299556,4.01463048344114,0,4.10463768307881,4.26340171238324,0,0,0,0,0,0,0,0,4.33500161109645,0,18.274206161499,0,0,0,0,0,0,0,0,0,0,0,0,0,0,0,0,0,0,0,0,0,0,0,0,3.77886392010583,17.0786037445068,4.06681461768482,5.47993772585415,5.98308548500867,31.6629886627197,6.38224007360271,3.44464023907979,3.48582548648119,5.6855411529541,0,0,0
0,0,0,0,0,0,0,0,0,0,0,0,0,0,0,0,0,0,0,0,0,0,0,0,0,0,0,0,0,0,0,0,3.73733988395104,4.11766427299556,0,0,4.12981813115285,4.37422323226929,4.5377410438221,0,0,0,0,0,0,0,0,5.64668383266463,16.4656991958618,0,0,0,0,0,0,0,0,0,0,0,0,0,0,0,0,0,0,0,0,0,0,0,0,0,0,4.82287401769628,4.88714870882034,4.9126842241908,0,7.42762204658153,0,5.98109464243116,4.64608240019682,0,0,0,0
0,55.0497608184814,0,31.2284058695254,0,21.2021153767904,0,0,0,0,0,3.45486042764452,0,0,0,0,78.3823776245117,144.876052856445,65.8262751988002,6.77952557275158,0,0,0,0,0,0,0,0,0,0,0,3.62337425992459,5.08338308334351,4.01463048344114,0,0,4.73105303345853,4.60430629795191,4.25754810514904,27.4360181717646,0,44.6354918812597,97.2719039916992,50.7926283563886,0,42.5486239115397,102.973815917969,7.48532649915512,0,12.672444047599,0,25.3440386267269,0,0,0,0,0,25.2799322111853,0,28.8589725494385,0,0,10.982913024996,0,0,0,0,0,0,0,0,0,47.4550557817732,0,4.62697404906863,13.0660438537598,5.92984082681419,0,6.80539123054297,10.6005300760269,5.33520915753035,0,5.14478631006383,4.40607671621369,27.9162275364945,46.1741061891828,0
62.2906341552734,0,53.8107390403748,0,45.0582869847616,0,0,0,0,0,3.20909256359627,0,0,0,0,0,0,0,63.9517688751221,0,6.82668688757165,0,0,0,0,0,0,0,0,0,0,0,6.0922661238471,0,4.12981813115285,4.73105303345853,0,3.15537309646606,5.31755001687371,0,34.0302124023438,0,43.8695705367858,0,45.1433568318685,99.7190272013346,34.1389384287708,7.78352838163977,21.613953886361,0,62.7724914550781,0,0,0,0,0,8.79391807125461,0,0,0,0,0,0,14.0389303158431,0,0,0,0,0,0,0,0,0,0,0,5.73630299602317,0,7.3840102413283,5.71666909733864,6.6235884872856,0,6.68749969125338,5.27943947881179,4.83494830131531,26.1905239859213,0,42.4113712310791
0,0,0,0,0,0,0,0,0,9.46366114444561,0,4.80052109651787,0,0,0,0,0,0,0,2.91802738263057,0,4.44693323935585,4.8620285987854,5.27447571754456,0,0,0,4.01686592418936,0,3.55643780231476,0,0,0,4.10463768307881,4.37422323226929,4.60430629795191,3.15537309646606,0,3.71108849673736,0,0,4.08722560107708,0,0,0,0,0,5.33686827750042,0,5.4202070200082,0,0,0,0,0,12.1025298436483,0,5.52836890220642,0,0,0,0,3.72296659813987,0,5.61261203581608,4.85176515579224,7.79501291697393,0,0,0,6.71448088246723,0,7.243887621206,0,0,0,5.74565595768868,0,6.56302458960886,0,5.97274225196653,4.7699638793343,4.11743707948221,3.02481942517417,3.85598634822028,0,0
0,0,0,0,0,0,0,0,8.32902189649909,0,3.54632845845779,0,0,0,0,0,0,0,0,0,2.95401537418365,0,4.62237249808029,0,5.59030969275369,0,0,0,4.34784178251631,0,4.37881591819381,0,0,4.26340171238324,4.5377410438221,4.25754810514904,5.31755001687371,3.71108849673736,0,0,0,0,6.03351243336995,0,0,0,0,4.38939206644615,5.23864567160367,0,0,0,0,0,11.6251245939015,0,4.76464167705252,0,0,0,0,0,0,2.83920300006866,0,5.97993817346157,0,7.52411326926625,0,12.7374653816223,0,4.63601044317087,0,8.32614350141426,0,0,5.54912674331665,4.78026708581231,13.4905490875244,9.44536102922292,3.53287455197927,5.7553029490155,4.86780811598998,3.12241180737813,4.99670580829806,0,0
50.3100776672363,29.2744046379538,0,35.894264433119,0,0,0,0,0,0,0,0,0,0,0,0,62.2502973344591,74.4270955403646,45.1260817317158,0,0,0,0,0,0,0,0,0,0,0,0,0,15.9820318222046,0,0,27.4360181717646,0,0,0,0,79.0934630173903,20.0708118839769,82.2329650878906,26.2341394860127,55.5572834014893,18.7231694100933,66.2637159029643,8.27924793987183,9.57750668128332,7.39933658535801,0,0,0,0,0,0,0,48.5278778076172,0,0,0,0,5.19425062670756,80.2372970581055,0,0,0,0,0,0,0,0,0,0,0,0,0,0,23.0225998761519,86.8104332817925,39.034553527832,0,51.4608238241175,48.7069867451986,14.9418913293458,19.685515721639,50.1352233886719
30.9564120769501,55.811206817627,37.0572225130521,0,38.5678085914025,0,0,0,0,0,0,0,0,0,0,0,70.5184810344989,80.0011211576916,45.636629060069,0,0,0,0,0,0,0,0,0,0,0,0,0,0,0,0,0,34.0302124023438,0,0,79.0934630173903,0,68.1873626708984,20.6884699711617,54.9709014892578,25.8517447612325,69.0164695315891,14.7706653932939,0,12.8050695307115,51.4663314819336,44.1826362609863,0,0,0,0,0,38.2676845550537,0,37.9012660980225,0,40.5332908630371,0,80.9722010294596,6.15450655056698,0,0,0,0,0,0,0,0,0,0,0,0,0,0,86.0854829641489,12.7303567792549,0,0,51.9856033325195,0,13.6577922037197,52.760861714681,24.9288095898098
42.5657806396484,15.1122082273573,60.4499702453613,23.896102007974,0,45.4741582870483,0,0,0,10.2304377628832,0,0,0,0,0,0,61.3312354368322,52.4939026832581,18.6789268044274,0,0,0,0,8.43167304992676,0,0,0,0,0,0,0,0,0,0,0,44.6354918812597,0,4.08722560107708,0,20.0708118839769,68.1873626708984,0,8.25982956113762,12.4619819773249,30.7138900756836,14.9116656423911,54.5848453521728,11.1323879896584,33.195484161377,15.1741884955579,0,47.2592599656847,0,0,0,17.1013187408447,0,18.6341760893429,0,0,0,29.0492833455404,26.5154379156252,69.2778701782227,0,0,11.7374212741852,0,0,0,0,0,5.24349087558381,0,0,0,0,0,25.9236875831852,70.5378150939941,10.9247127446261,0,13.3456959135598,19.8046107292175,11.6214417556835,6.82040861937434,62.0900268554688
14.5207333960291,53.0894241333008,24.8133463358513,58.5398597717285,34.6155311584473,0,0,0,21.4955851370547,0,32.7450332641602,0,0,0,0,0,50.7949580585255,64.6328705378941,20.6975072571997,0,0,0,0,0,10.2625489987825,0,0,0,0,0,0,0,0,0,0,97.2719039916992,43.8695705367858,0,6.03351243336995,82.2329650878906,20.6884699711617,8.25982956113762,0,43.1539378166199,14.8294475265001,62.0736179351807,13.9703173622612,9.93940808813451,16.8479308242439,65.6031036376953,40.2866706848145,0,0,0,14.6752676299856,0,23.4309045917492,77.6859512329102,26.5542023976644,0,0,0,0,28.0628513982219,0,0,0,11.6613344192505,0,0,0,0,0,0,0,0,0,0,71.7130241394043,27.0252250103506,71.1256484985352,11.5451853275299,16.4471258621236,32.5829230414497,12.2117590683902,37.3793334960938,8.12974262946475
0,7.55456864833832,0,25.7822713851929,0,0,0,0,0,0,0,0,0,0,0,0,48.7715561515407,47.4865963254656,19.5846951701071,0,0,0,0,0,0,0,0,0,0,0,0,0,0,0,0,50.7926283563886,0,0,0,26.2341394860127,54.9709014892578,12.4619819773249,43.1539378166199,0,32.3624215559526,18.047707583921,42.409819169478,0,0,0,0,0,0,0,0,0,64.5687103271484,19.6015446980794,0,0,0,0,31.0275072860718,62.9470520019531,0,0,0,0,0,0,0,0,21.2024307250977,0,0,0,0,0,35.4218953227138,67.1740090506417,23.0456699371338,0,26.14997168748,23.4399032592773,16.1977529908354,11.9811667919159,41.6569137573242
55.8403396606445,0,0,41.4688034057617,0,61.9050979614258,0,0,0,0,0,0,0,0,0,0,60.5921335220337,61.1010097927517,18.0954931862747,0,0,0,0,0,0,0,0,0,0,0,0,0,0,0,0,0,45.1433568318685,0,0,55.5572834014893,25.8517447612325,30.7138900756836,14.8294475265001,32.3624215559526,0,44.846174066717,17.6873047095473,0,0,0,0,0,0,0,0,0,38.5583724975586,0,0,0,0,0,0,35.5494575500488,0,0,0,0,0,0,0,0,0,0,0,0,0,0,70.3581699795193,35.6241102848809,0,25.7102241516113,19.7762162020949,19.1511383056641,17.9400857535716,0,12.4661436518844
45.0183094249052,14.01888474505,0,20.9248765248519,0,37.1178651537214,0,0,0,0,0,0,0,0,0,0,49.6605548858643,57.4327509534228,34.1173067864329,0,0,70.9372482299805,0,0,0,0,0,0,0,0,0,0,0,0,0,42.5486239115397,99.7190272013346,0,0,18.7231694100933,69.0164695315891,14.9116656423911,62.0736179351807,18.047707583921,44.846174066717,0,58.4000618750133,0,0,58.7739067077637,0,32.9078345920729,0,0,0,0,0,22.6491670608521,0,0,0,0,16.0260674758855,71.5708874117944,0,0,0,0,0,0,0,0,19.4111946105957,0,0,0,0,0,25.7451037986902,74.8699886685326,15.8675448344304,0,41.604490339756,33.4152412414551,18.797287747496,31.2402368121677,57.2570686340332
14.9439045888073,42.7719079722529,22.1607464500096,42.3029876708984,22.6335157394409,0,0,0,30.0467224121094,0,0,0,0,0,0,0,58.2065146162703,66.9754042789854,34.0054433780558,0,12.7225350211648,0,0,0,0,0,0,0,0,0,0,0,0,0,0,102.973815917969,34.1389384287708,0,0,66.2637159029643,14.7706653932939,54.5848453521728,13.9703173622612,42.409819169478,17.6873047095473,58.4000618750133,0,0,47.4224729537964,42.6192028522491,26.5874952740139,0,0,0,27.6302127838135,0,21.6147013946816,78.2763214111328,23.5883946418762,0,26.3041849136353,0,72.1128317791483,11.2217155933856,0,0,0,0,0,0,0,0,70.083984375,0,0,0,0,0,75.7792401000531,24.1413057320983,68.5006790161133,11.7821893692017,37.5803914096329,28.2406370980399,16.3734523103675,54.0089822496687,31.8388036148889
0,0,0,0,0,0,0,0,0,0,0,0,0,0,0,0,0,0,0,0,0,0,0,0,0,0,0,0,0,0,0,4.85873944874532,5.13980478721767,4.33500161109645,5.64668383266463,7.48532649915512,7.78352838163977,5.33686827750042,4.38939206644615,8.27924793987183,0,11.1323879896584,9.93940808813451,0,0,0,0,0,5.41171764384476,7.11642243462153,0,0,0,0,0,0,0,0,0,0,0,0,0,0,0,0,0,0,0,0,0,0,0,0,5.85000156664282,5.36752280019364,6.19545087114081,3.96686596862327,6.16167963048328,8.82332664848985,8.23280740600578,4.38093949443519,5.24236950323984,0,6.12717722402657,0,0
6.50688089927038,0,13.1317873001099,35.6341247558594,33.8794409434001,0,0,0,5.65915624300639,0,0,0,0,0,0,0,0,0,10.801878229777,0,33.1169233322144,0,4.35800670746897,0,9.12952241897583,0,0,0,4.08851134777069,0,0,0,6.65870653788249,0,16.4656991958618,0,21.613953886361,0,5.23864567160367,9.57750668128332,12.8050695307115,33.195484161377,16.8479308242439,0,0,0,47.4224729537964,5.41171764384476,0,6.5841087495256,54.0877494812012,0,0,0,7.13756561279297,0,16.6864662965139,0,0,0,4.25768793330473,0,0,41.3261436462402,0,4.5503250299424,0,7.20251806230353,0,7.63177936121544,0,5.06167341560446,0,4.88657422802028,0,3.42072421312332,16.8783054351807,4.37190537154675,0,6.0327326182308,0,5.04040483215677,10.9423942769875,27.4343531472342,7.81802571394445,0,12.0245269139608
29.6155729293823,7.36689535031716,39.3883590698242,10.8861203005439,0,46.3036518096924,0,0,0,4.42517465782166,0,0,0,0,0,3.52499679156712,35.331000328064,0,12.5846834889165,0,0,12.0079559619762,0,4.63190841674805,0,0,0,0,0,0,0,0,11.6054006464341,18.274206161499,0,12.672444047599,0,5.4202070200082,0,7.39933658535801,51.4663314819336,15.1741884955579,65.6031036376953,0,0,58.7739067077637,42.6192028522491,7.11642243462153,6.5841087495256,0,0,34.5253966649373,0,0,0,6.40431396166484,0,9.18490553919862,0,4.99032262166341,0,6.41578041496923,10.599441687266,55.2078895568848,8.42674054304759,0,7.10154512997658,0,5.836249153086,0,4.66770309676772,0,4.90784854261882,0,0,0,5.28682306408882,0,5.55366645690284,70.5060157775879,4.90518236160278,0,9.57574959221727,26.1571434868707,8.94043685549387,12.5816091576668,0
0,0,18.4515876372655,0,5.76343510041543,0,3.00464153289795,0,8.11902488708496,0,2.75472021102905,0,0,0,3.10837411880493,0,0,0,44.2217636108398,0,3.28017857670784,0,0,0,0,0,0,0,0,0,0,0,0,0,0,0,62.7724914550781,0,0,0,44.1826362609863,0,40.2866706848145,0,0,0,26.5874952740139,0,54.0877494812012,0,0,0,4.62008462633405,0,13.4779756069183,0,22.1859466007778,0,7.18527841567993,0,3.41051426955632,0,0,22.6153123378754,0,0,0,0,0,0,0,0,0,0,0,0,0,0,0,52.2630546569824,0,0,16.0640696973512,29.5301914215088,25.7191122980679,0,0
0,19.7538666725159,0,12.2787299347775,0,5.30528321548512,0,0,0,7.00584185123444,0,0,0,0,0,4.40976092815399,0,0,0,11.0545864671469,0,0,0,0,0,0,0,0,0,0,0,0,0,0,0,25.3440386267269,0,0,0,0,0,47.2592599656847,0,0,0,32.9078345920729,0,0,0,34.5253966649373,0,0,0,3.09328130880992,0,0,0,6.7139545969136,0,4.92036627416741,0,4.5823187828064,17.6019432965447,0,0,0,0,0,0,0,0,0,0,0,0,0,0,0,36.2279964540063,0,51.1703395843506,0,15.7427520136679,0,22.919917871432,33.4112339019775,0
0,0,0,0,0,0,3.88662726525571,0,0,0,3.49301047623158,0,0,0,0,0,0,0,0,0,7.54912084691665,0,0,0,0,0,0,0,0,0,0,0,0,0,0,0,0,0,0,0,0,0,0,0,0,0,0,0,0,0,4.62008462633405,0,0,0,0,0,5.86322800763256,0,3.69531405312674,0,0,0,0,8.0201046298927,0,0,0,0,0,0,0,0,0,0,0,0,0,0,0,0,0,0,2.94708189964294,0,0,0,0
0,0,0,0,0,3.05085220703712,0,4.80501621874367,0,0,0,7.19236450276132,0,0,0,0,0,0,0,0,0,0,0,0,0,0,0,0,0,0,0,0,0,0,0,0,0,0,0,0,0,0,0,0,0,0,0,0,0,0,0,3.09328130880992,0,0,0,0,0,5.49462474000428,0,0,0,0,0,0,0,0,0,0,0,0,0,0,0,0,0,0,0,0,0,0,0,0,4.54288196563721,0,0,0,0
4.73948911153353,0,6.65858555923809,0,12.8984889984131,0,0,0,4.58033797718284,0,0,0,0,0,6.44331093456434,0,0,0,0,0,0,0,0,0,4.32736445084596,0,0,0,0,0,0,0,0,0,0,0,0,0,11.6251245939015,0,0,0,14.6752676299856,0,0,0,27.6302127838135,0,7.13756561279297,0,13.4779756069183,0,0,0,0,0,0,0,0,0,4.58009569461529,0,0,0,0,0,0,5.25408481037806,0,4.27215385437012,0,0,0,0,0,0,0,0,0,44.6175651550293,0,11.3391198978191,15.9737791011208,0,11.2995419958198,0,34.8511352539062
0,4.2388849388808,0,6.19672091744787,0,0,0,0,0,4.45761479625757,0,0,0,0,0,7.17548751831055,0,0,0,0,0,0,0,3.76448724791408,0,0,0,0,0,0,0,0,0,0,0,0,0,12.1025298436483,0,0,0,17.1013187408447,0,0,0,0,0,0,0,6.40431396166484,0,0,0,0,0,0,0,0,0,0,0,7.21147409963459,0,0,0,0,5.08109434576698,0,0,0,0,0,0,0,0,0,0,0,0,0,10.7524368067582,0,9.93566371433771,28.008903503418,10.6049169452102,0,0
21.3802938461304,0,21.2977958270482,0,15.938113621303,0,5.14141040265419,0,33.6862983703613,0,4.62600226193329,0,0,0,0,0,0,0,34.8540656226022,0,6.33357155734095,0,0,0,0,0,0,0,0,0,5.86985793183832,0,0,0,0,0,8.79391807125461,0,4.76464167705252,0,38.2676845550537,0,23.4309045917492,64.5687103271484,38.5583724975586,0,21.6147013946816,0,16.6864662965139,0,22.1859466007778,0,5.86322800763256,0,0,0,0,0,6.99397859674819,0,0,0,0,8.05102916129773,0,0,0,0,0,0,0,3.8230398459868,0,7.83520796196312,0,0,0,0,0,45.9072655269078,0,6.52001107533773,15.2511309456258,20.9637679100037,19.2222612580009,0,19.0896337080975
0,12.1782479719682,0,18.5938569097906,0,15.1363591905368,0,8.4675370156765,0,0,0,7.03322538929957,0,12.8791964054108,0,0,0,0,28.6641200216193,9.05653230424197,0,0,0,0,0,0,0,0,0,4.17222199837367,0,0,0,0,0,25.2799322111853,0,5.52836890220642,0,48.5278778076172,0,18.6341760893429,77.6859512329102,19.6015446980794,0,22.6491670608521,78.2763214111328,0,0,9.18490553919862,0,6.7139545969136,0,5.49462474000428,0,0,0,0,0,4.45652972152847,0,5.44464998245239,16.4104234988873,87.4151000976562,0,0,0,0,0,0,4.45917711950916,0,6.82376254397369,0,0,0,0,0,33.4378298912754,0,14.031332382789,0,8.75793017299791,38.5562620162964,15.0445130965144,13.2001402080059,0
31.6595468521118,0,13.6424241860708,0,14.2992539405823,0,3.67998943790313,0,0,0,3.21628830125255,0,2.98089990179047,0,0,0,0,0,81.8304710388184,0,0,0,0,0,0,0,0,0,3.08273326026069,0,0,0,0,0,0,0,0,0,0,0,37.9012660980225,0,26.5542023976644,0,0,0,23.5883946418762,0,0,0,7.18527841567993,0,3.69531405312674,0,0,0,6.99397859674819,0,0,0,0,0,0,32.34423828125,0,0,0,0,0,0,0,0,0,0,0,0,0,0,0,48.8650058399547,0,0,9.01372153418405,5.6394550204277,29.160358532055,0,24.6861743927002
0,0,0,7.57787990570068,0,0,0,0,0,0,0,3.21813922343047,0,3.20268050071115,0,3.38163550694784,0,0,0,0,0,0,0,0,0,0,0,2.95602707068125,0,3.35760021209717,0,0,0,0,0,28.8589725494385,0,0,0,0,0,0,0,0,0,0,0,0,0,4.99032262166341,0,4.92036627416741,0,0,0,0,0,4.45652972152847,0,0,0,4.71247434616089,21.8548641204834,0,0,0,0,0,3.62879106733534,0,3.59241415966641,0,0,0,0,0,0,0,52.0323677062988,0,0,0,3.70881460981166,4.84532037803105,10.9524735808372,0,0
0,0,0,0,2.82556147575378,0,0,0,3.45066480911695,0,0,0,0,0,3.45046670096261,0,2.95936477184296,0,0,0,0,0,0,0,0,0,0,0,0,0,0,0,0,0,0,0,0,0,0,0,40.5332908630371,0,0,0,0,0,26.3041849136353,0,4.25768793330473,0,3.41051426955632,0,0,0,4.58009569461529,0,0,0,0,0,0,0,0,0,0,0,0,4.64316368103027,0,0,0,0,0,0,0,0,0,0,0,56.4999605814616,0,0,2.96010935306549,0,25.0371265411377,0,21.8589668273926
0,8.31062390587547,0,9.62791395187378,0,4.06481199515493,0,0,0,4.03610171761401,0,0,0,4.67556869465372,0,3.75602203648107,0,4.00824594497681,0,0,0,0,0,0,0,0,0,0,0,0,0,0,0,0,0,0,0,0,0,0,0,29.0492833455404,0,0,0,0,0,0,0,6.41578041496923,0,4.5823187828064,0,0,0,7.21147409963459,0,5.44464998245239,0,4.71247434616089,0,0,0,0,0,0,0,0,2.90060345943157,0,0,0,0,0,0,0,0,0,0,0,0,0,4.12419570193571,0,20.505495707194,0,0
56.4856472015381,25.6688836415609,0,29.6607391523278,0,31.9711036682129,0,4.23126220703125,0,0,0,5.66535304722033,0,0,0,0,59.6963086809431,72.2105369567871,49.0223159317143,7.76385683829968,0,0,0,0,0,0,0,0,0,0,0,0,0,0,0,10.982913024996,0,3.72296659813987,0,5.19425062670756,80.9722010294596,26.5154379156252,0,31.0275072860718,0,16.0260674758855,72.1128317791483,0,0,10.599441687266,0,17.6019432965447,0,0,0,0,0,16.4104234988873,0,21.8548641204834,0,0,0,83.8530082702637,0,0,0,0,0,0,0,0,21.7255676537752,0,0,0,0,0,18.9853545392985,85.5130554199219,10.3285684821741,0,22.2223104028141,44.1455249786377,21.2448322038735,24.4861455559731,0
24.3259162902832,58.5468101501465,31.3327007293701,0,29.1136932373047,0,0,0,0,0,3.88282492160797,0,0,0,0,0,70.9167048136393,76.4802357066761,53.0410693810911,0,7.31671087413791,0,0,0,0,0,0,0,0,0,0,0,0,0,0,0,14.0389303158431,0,2.83920300006866,80.2372970581055,6.15450655056698,69.2778701782227,28.0628513982219,62.9470520019531,35.5494575500488,71.5708874117944,11.2217155933856,0,41.3261436462402,55.2078895568848,22.6153123378754,0,8.0201046298927,0,0,0,8.05102916129773,87.4151000976562,32.34423828125,0,0,0,83.8530082702637,0,0,0,0,0,0,0,0,0,0,0,0,0,0,0,99.4663794381278,14.0891849490934,0,3.92673071793147,23.8967719249588,41.9841232299805,12.2345699600995,0,18.850772857666
0,0,0,0,0,0,0,0,0,0,0,0,0,0,0,0,17.7235727310181,7.6340304241552,0,0,0,4.6735189625914,0,4.18429227828979,0,6.03252741006705,0,3.0263263463974,0,0,0,0,0,0,0,0,0,5.61261203581608,0,0,0,0,0,0,0,0,0,0,0,8.42674054304759,0,0,0,0,0,0,0,0,0,0,0,0,0,0,0,0,4.85401542449677,0,10.2376685256958,0,5.42135694870756,0,13.6577792465687,0,0,0,0,0,0,0,5.69115076198444,0,5.05598697510977,2.74988985061646,13.6802406311035,0,0
0,0,0,0,0,0,0,0,0,0,0,0,0,0,0,0,5.44871334802537,0,0,0,0,4.540766954422,4.70171816349789,0,4.67418486118317,0,4.16628396113714,0,0,0,0,0,0,0,0,0,0,4.85176515579224,5.97993817346157,0,0,0,0,0,0,0,0,0,4.5503250299424,0,0,0,0,0,0,0,0,0,0,0,0,0,0,0,0,0,0,5.0539097678554,0,3.57319972488318,0,3.76042436361313,0,0,0,0,0,0,0,0,0,7.11579741716167,4.37759650791541,0,18.9539976119995,0,0
0,0,0,0,0,0,0,0,0,4.34284590350257,0,0,0,0,0,0,0,0,0,0,0,10.6148662026595,0,4.56555993715922,0,2.80972607930501,0,0,0,0,0,0,0,0,0,0,0,7.79501291697393,0,0,0,11.7374212741852,0,0,0,0,0,0,0,7.10154512997658,0,0,0,0,0,5.08109434576698,0,0,0,0,0,0,0,0,4.85401542449677,0,0,0,5.48788472473056,0,10.6551026913206,0,0,0,0,0,0,0,0,0,5.62497333639459,0,4.72628828312488,0,9.66308870846018,0,0
0,0,0,0,0,0,0,0,6.28417034302988,0,0,0,0,0,0,0,3.57976675033569,0,0,0,0,0,5.77707668766379,0,4.48489041167781,0,4.98171965281169,0,0,0,0,0,0,0,0,0,0,0,7.52411326926625,0,0,0,11.6613344192505,0,0,0,0,0,7.20251806230353,0,0,0,0,0,5.25408481037806,0,0,0,0,0,4.64316368103027,0,0,0,0,5.0539097678554,0,0,0,4.17448795602677,0,8.50348011652629,0,0,0,0,0,0,0,0,0,7.64134853050627,5.76363589597303,0,6.90676488304138,0,0
0,0,0,0,0,0,0,0,0,0,0,0,0,2.74864363670349,0,0,0,0,0,0,0,4.6327955356011,0,6.71825260947121,0,5.30384874754055,0,2.87475790977478,0,0,0,0,0,0,0,0,0,0,0,0,0,0,0,0,0,0,0,0,0,5.836249153086,0,0,0,0,0,0,0,0,0,3.62879106733534,0,2.90060345943157,0,0,10.2376685256958,0,5.48788472473056,0,0,0,6.69615551693674,0,15.2656008402507,0,0,0,0,0,0,0,0,0,4.71980757940383,0,0,0,0
0,0,0,0,0,0,0,0,0,0,0,0,0,0,0,0,3.56552257537842,0,0,0,0,0,3.66289093957018,0,3.67971581379573,0,3.7947133799394,0,5.91811408996582,0,0,0,0,0,0,0,0,0,12.7374653816223,0,0,0,0,0,0,0,0,0,7.63177936121544,0,0,0,0,0,4.27215385437012,0,0,0,0,0,0,0,0,0,0,3.57319972488318,0,4.17448795602677,0,0,0,4.60192139943441,0,0,0,0,0,0,0,0,0,16.9970455169678,0,0,12.737167040507,0,0
0,0,0,0,0,0,0,0,0,0,0,3.16211295127869,0,3.21870279312134,0,0,0,0,0,0,0,7.55808850530455,0,0,0,3.34672741889954,0,5.30445845751927,0,2.94724247435562,0,0,0,0,0,0,0,6.71448088246723,0,0,0,0,0,0,0,0,0,0,0,4.66770309676772,0,0,0,0,0,0,0,4.45917711950916,0,3.59241415966641,0,0,0,0,5.42135694870756,0,10.6551026913206,0,6.69615551693674,0,0,0,4.74187861212267,0,0,0,0,0,0,0,4.83661595683987,0,5.84989432493846,0,20.1393890380859,0,0
0,0,0,0,0,0,0,0,0,0,0,0,0,0,0,0,0,0,0,0,0,0,3.06226898294635,0,0,0,3.22437999988424,0,3.95665592074578,0,3.52776514965555,0,0,0,0,0,0,0,4.63601044317087,0,0,0,0,0,0,0,0,0,5.06167341560446,0,0,0,0,0,0,0,3.8230398459868,0,0,0,0,0,0,0,0,3.76042436361313,0,8.50348011652629,0,4.60192139943441,0,0,0,3.98893111634327,0,0,0,0,0,0,0,5.97726220706663,0,0,0,0,0
0,0,0,28.2780702590942,0,47.2278175354004,0,0,0,0,0,8.12862738000936,0,13.1996183395386,0,0,0,0,33.8444445927938,0,0,12.4532414818731,0,0,0,0,0,8.56715250015259,0,5.39389870952032,0,0,0,0,0,47.4550557817732,0,7.243887621206,0,0,0,5.24349087558381,0,21.2024307250977,0,19.4111946105957,70.083984375,0,0,4.90784854261882,0,0,0,0,0,0,0,6.82376254397369,0,0,0,0,21.7255676537752,0,13.6577792465687,0,0,0,15.2656008402507,0,4.74187861212267,0,0,0,0,0,0,0,46.0812846735904,0,6.84308276069335,0,10.4289849021218,0,7.59120916169265,0,0
0,0,0,0,0,0,0,0,0,0,10.6273879932635,0,0,0,0,0,0,0,0,0,0,0,0,0,0,0,0,0,0,0,5.24639469564559,0,0,0,0,0,0,0,8.32614350141426,0,0,0,0,0,0,0,0,0,4.88657422802028,0,0,0,0,0,0,0,7.83520796196312,0,0,0,0,0,0,0,0,0,0,0,0,0,0,3.98893111634327,0,0,0,0,0,0,0,0,0,5.35017697086111,8.97343095143636,0,3.81905992031097,0,0
0,0,0,0,0,0,0,0,0,0,0,0,0,0,0,0,0,0,0,0,0,0,0,0,0,0,0,0,0,0,0,5.06706367648623,9.11423468589783,3.77886392010583,0,4.62697404906863,0,0,0,0,0,0,0,0,0,0,0,5.85000156664282,0,0,0,0,0,0,0,0,0,0,0,0,0,0,0,0,0,0,0,0,0,0,0,0,0,0,0,0,8.0396350176438,15.5866508483887,6.37815481906467,0,0,0,6.45379877835512,0,0,0,0
0,0,0,0,0,0,0,0,0,0,0,0,0,0,0,0,0,0,0,0,0,0,0,0,0,0,0,0,0,0,0,14.4658861160278,7.00433897174053,17.0786037445068,4.82287401769628,13.0660438537598,5.73630299602317,0,0,0,0,0,0,0,0,0,0,5.36752280019364,3.42072421312332,0,0,0,0,0,0,0,0,0,0,0,0,0,0,0,0,0,0,0,0,0,0,0,0,0,0,0,0,5.30758224896022,10.5650682449341,4.89442847827293,0,0,6.43695185967346,0,0,0,0
0,0,0,0,0,0,0,0,0,0,0,0,0,0,0,0,0,0,0,0,0,0,0,0,0,0,0,0,0,0,0,6.04953469807589,10.7483302806986,4.06681461768482,4.88714870882034,5.92984082681419,0,5.74565595768868,5.54912674331665,0,0,0,0,0,0,0,0,6.19545087114081,16.8783054351807,5.28682306408882,0,0,0,0,0,0,0,0,0,0,0,0,0,0,0,0,0,0,0,0,0,0,0,0,8.0396350176438,0,0,5.95559615407671,7.48387068926745,0,8.38316397945523,0,4.89022080589541,0,0,0,0
0,0,0,0,0,0,0,0,0,0,0,0,0,0,0,0,0,0,0,0,0,0,0,0,0,0,0,0,0,0,0,5.56025966008504,4.1892179181223,5.47993772585415,4.9126842241908,0,7.3840102413283,0,4.78026708581231,0,0,0,0,0,0,0,0,3.96686596862327,4.37190537154675,0,0,0,0,0,0,0,0,0,0,0,0,0,0,0,0,0,0,0,0,0,0,0,0,0,15.5866508483887,5.30758224896022,5.95559615407671,0,0,7.14004231190336,0,6.60029423735333,4.51683485618344,0,4.82583093643188,0,0
60.9323247273763,37.9848550091619,0,41.9242315888405,0,50.0554950714111,0,6.6133439540863,0,0,0,5.47051803882305,0,0,0,0,68.2501937981808,82.3311870944115,53.1019248423698,6.53253354607744,0,0,0,0,0,0,0,0,0,0,0,8.0647657838448,0,5.98308548500867,0,6.80539123054297,5.71666909733864,6.56302458960886,13.4905490875244,23.0225998761519,86.0854829641489,25.9236875831852,71.7130241394043,35.4218953227138,70.3581699795193,25.7451037986902,75.7792401000531,6.16167963048328,0,5.55366645690284,0,36.2279964540063,0,0,0,0,0,33.4378298912754,0,52.0323677062988,0,0,18.9853545392985,99.4663794381278,0,0,0,0,0,0,0,0,46.0812846735904,0,6.37815481906467,10.5650682449341,7.48387068926745,0,0,45.4074772766658,8.2622920200769,0,15.0847093051588,8.91664163271586,26.8432810070359,32.2948715608199,68.3833084106445
38.2116438150406,56.4334335327148,47.6686254228864,69.8611930847168,47.2097437229562,0,0,0,0,0,7.82368993759155,0,0,0,0,0,85.1992780245267,81.0667298479778,50.5502335062016,0,5.57028173087934,0,0,97.0176849365234,0,0,0,0,0,0,0,0,7.72314488239604,31.6629886627197,7.42762204658153,10.6005300760269,6.6235884872856,0,9.44536102922292,86.8104332817925,12.7303567792549,70.5378150939941,27.0252250103506,67.1740090506417,35.6241102848809,74.8699886685326,24.1413057320983,8.82332664848985,6.0327326182308,70.5060157775879,52.2630546569824,0,0,0,44.6175651550293,0,45.9072655269078,0,48.8650058399547,0,56.4999605814616,0,85.5130554199219,14.0891849490934,0,0,0,0,0,0,0,0,0,0,0,4.89442847827293,0,7.14004231190336,45.4074772766658,0,91.6550140380859,7.25167672456922,18.3684786194578,51.0211135016547,22.5487177013685,63.4174003601074,38.0679715855916
0,27.5664565563202,0,31.7584642682757,0,0,0,0,0,10.6929460777031,0,5.47258319854736,0,0,0,0,0,0,43.0759971618652,0,0,4.8199460028986,3.79643630981445,6.98810044799264,0,0,0,5.00678730010986,0,7.62636800284858,0,0,0,6.38224007360271,0,5.33520915753035,0,5.97274225196653,3.53287455197927,39.034553527832,0,10.9247127446261,71.1256484985352,23.0456699371338,0,15.8675448344304,68.5006790161133,8.23280740600578,0,4.90518236160278,0,51.1703395843506,0,0,0,10.7524368067582,0,14.031332382789,0,0,0,0,10.3285684821741,0,5.69115076198444,0,5.62497333639459,0,0,0,4.83661595683987,0,6.84308276069335,0,0,0,8.38316397945523,0,8.2622920200769,91.6550140380859,0,0,6.95492416961365,8.8196799499648,11.4667954461104,19.6956754922867,0
0,0,0,0,0,0,0,0,11.2045155598058,0,5.74992784023285,0,0,0,0,0,0,0,0,0,0,0,5.8928468750312,0,6.54843499785975,0,0,0,4.89769952143392,0,5.93361465013944,0,0,3.44464023907979,5.98109464243116,0,6.68749969125338,4.7699638793343,5.7553029490155,0,0,0,11.5451853275299,0,25.7102241516113,0,11.7821893692017,4.38093949443519,5.04040483215677,0,0,0,0,0,11.3391198978191,0,6.52001107533773,0,0,0,0,0,0,3.92673071793147,0,7.11579741716167,0,7.64134853050627,0,16.9970455169678,0,5.97726220706663,0,5.35017697086111,0,0,0,6.60029423735333,0,7.25167672456922,0,0,6.82241624182443,0,7.82341157903477,0,22.9217777252197
