0,0,3.43528534645258,0,0,0,0,0,5.28148921857778,0,0,0,0,0,3.19916240374247,0,0,0,5.40752518839306,0,0,0,0,0,6.52540481090546,0,0,0,0,0,0,0,0,0,0,0,0,0,0,0,0,0,8.60091965198517,0,0,0,0,0,4.17342019326908,0,0,0,0,0,5.61645464362385,0,0,0,0,0,3.6003187974294,0,0,0,0,0,0,0,0,0,0,0,0,0,0,0,0,0,0,0,0,0,6.96369552680134,0,5.75685730786391,0,7.56910778284073
0,0,0,4.57278770666856,0,0,0,0,0,8.72414315944653,0,7.8120903968811,0,0,0,4.79372625350952,0,0,4.13463401794434,0,0,0,0,3.75838679187703,0,5.45244264602661,0,0,0,0,0,0,0,0,0,0,0,20.572318519034,0,0,0,12.1239459669435,0,0,0,0,0,0,0,3.9583413725825,0,0,0,0,0,7.30144114561484,0,6.23659268021584,0,7.17095923423767,0,0,0,0,0,0,2.83104574680328,0,0,0,0,0,0,0,0,0,0,0,0,0,22.2974901199341,0,8.33441277816892,0,5.97525317658412,11.2268798578353,0
3.43528534645258,0,0,0,6.91501530011495,0,0,0,4.69215856856554,0,0,0,0,0,0,0,0,0,3.24813141822815,0,0,0,0,0,0,0,0,0,0,0,0,0,0,0,0,0,0,0,0,0,0,0,8.66432189941406,0,0,0,0,0,4.497040886979,0,4.97401487827301,0,0,0,4.96160162945051,0,4.3403281732039,0,2.78826159238815,0,3.26632797718048,0,0,0,0,0,0,0,0,0,0,0,0,0,0,0,0,0,0,0,0,0,3.0743576335907,0,4.74000109239198,0,0
0,4.57278770666856,0,0,0,0,0,0,0,4.63224866757026,0,0,0,0,0,4.56068580095158,0,0,4.11686166640251,0,0,0,0,0,0,0,0,0,0,0,0,0,0,0,0,0,0,0,0,0,0,16.6661420032896,0,0,0,7.91225738892188,0,0,0,3.54360402207221,0,3.61737465858459,0,0,0,3.69840281804403,0,6.03780743053981,0,3.79682880181533,0,3.76705828309059,8.80059796258023,0,0,0,0,0,0,0,0,0,0,0,0,0,0,0,0,0,0,0,6.983702312197,0,6.57570577069187,0,0
0,0,6.91501530011495,0,0,0,0,0,3.1039026260376,0,0,0,0,0,2.75019574165344,0,0,0,0,0,3.68395308211998,0,0,0,0,0,0,0,0,0,0,0,0,0,0,0,0,0,0,0,0,0,0,0,0,0,0,0,0,0,3.13428550820018,0,2.74002158641815,0,4.4312282266288,0,0,0,0,0,4.92164492607117,0,0,0,0,0,0,0,0,0,0,0,0,0,0,0,0,0,0,0,0,0,0,0,4.3591078753149,0,0
0,0,0,0,0,0,0,0,0,6.79871258528336,0,0,0,0,0,0,0,0,0,5.80609845320384,0,0,0,0,0,0,0,0,0,0,0,0,0,0,0,0,0,0,0,0,0,0,0,0,0,0,0,0,0,0,0,3.10626781980197,0,0,0,3.20147814750671,0,0,0,3.72699737548828,0,2.94508457183838,8.31790703256554,0,0,0,0,0,0,0,0,0,0,0,0,0,0,0,0,0,0,0,3.88352202440237,7.7467736783235,4.2094722588857,0,0
0,0,0,0,0,0,0,0,0,0,0,0,0,0,0,0,0,0,0,0,2.95447075366974,0,0,0,0,0,0,0,0,0,0,0,0,0,0,0,0,0,0,0,0,0,0,0,0,0,0,0,0,0,0,0,2.86903185907163,0,0,0,0,0,0,0,0,0,0,3.52885154315404,0,0,0,0,0,0,0,0,0,0,0,0,0,0,0,0,0,0,2.91821937901633,0,0,0,0
0,0,0,0,0,0,0,0,0,0,0,0,0,0,0,0,0,0,0,4.54366338253021,0,0,0,0,0,0,0,0,0,0,0,0,0,0,0,0,0,0,0,0,0,0,0,0,0,0,0,0,0,0,0,0,0,2.95106966742154,0,0,0,2.90611979012848,0,2.95821332931519,0,0,0,0,0,0,0,0,0,0,0,0,0,0,0,0,0,0,0,0,0,0,3.05637601692311,3.09006412823995,0,0,0
5.28148921857778,0,4.69215856856554,0,3.1039026260376,0,0,0,0,0,0,0,0,0,3.03958811362584,0,4.99484051357616,0,4.74175645442719,0,0,0,0,0,3.6229240160722,0,0,0,0,0,0,0,0,0,0,0,0,0,4.18999261856079,0,0,0,4.40883181743251,0,0,0,0,0,7.31033592224121,0,3.75814618153519,0,0,0,4.82545894085846,0,0,0,0,0,3.36240750602168,0,0,0,0,0,0,3.21158558907716,0,0,0,0,0,0,0,0,0,0,0,0,0,0,4.60067839703514,3.47289481163025,7.78829331523494,0,8.45770515714373
0,8.72414315944653,0,4.63224866757026,0,6.79871258528336,0,0,0,0,0,7.36801719665527,0,0,0,3.37532381282365,18.0865037100656,3.67720815521514,8.56482729767308,0,0,0,0,3.96750719750181,0,3.24749110937119,0,0,0,0,0,0,0,0,0,0,0,12.108682339008,0,0,0,6.47026529639576,0,0,0,0,0,0,0,3.36565484046936,0,6.62886456080845,0,0,0,4.14695843435397,0,8.94376850128174,0,6.74531173706055,0,3.47725698581109,0,0,0,0,5.17683742627376,0,3.37004748980204,0,0,0,0,0,0,0,0,0,0,0,0,0,7.38002211753901,10.5457131611673,5.53212719532981,3.23554182052612,0
0,0,0,0,0,0,0,0,0,0,0,0,5.50477095603943,0,0,0,0,0,0,0,3.53543468458312,0,0,0,0,0,0,0,4.10885956600241,0,3.51871999634637,0,0,0,0,0,3.85716817919062,0,4.41554165634129,0,0,0,0,0,0,0,0,0,0,0,0,0,0,0,0,0,4.06757309147429,0,5.7243966895993,0,0,0,0,3.82249565234129,0,0,0,0,0,0,0,3.55455229247826,0,3.26606976985931,0,0,0,0,0,4.28554961681366,0,5.62891710403911,3.68050906680665,3.1937414594248,0,0,0
0,7.8120903968811,0,0,0,0,0,0,0,7.36801719665527,0,0,0,4.23210469881694,0,0,0,0,0,3.47827592298582,0,0,0,0,0,0,0,10.5382300747765,0,7.15400925408239,0,0,0,0,0,4.8251105826578,0,5.0858949993932,0,0,0,0,0,0,0,0,0,0,0,0,0,0,0,0,0,5.06855964660645,0,4.95012724875671,0,4.92892503738403,0,0,3.7142431359542,0,0,0,0,0,0,0,12.4164464979461,0,3.61232719421387,0,0,0,0,0,9.93113231658936,0,8.09480925312749,0,4.15595769976625,4.58026669187061,3.42170007088605,0,0
0,0,0,0,0,0,0,0,0,0,5.50477095603943,0,0,0,3.77309681819035,0,0,0,0,0,0,0,0,0,0,0,3.48800698916117,0,0,0,0,0,0,0,0,0,0,0,0,0,0,0,0,0,0,0,0,0,0,0,0,0,0,0,0,0,5.35791643336995,0,4.56892103318743,0,3.0374983549118,0,0,0,0,0,0,0,0,0,0,4.38616847991943,0,0,0,0,0,0,0,0,0,0,5.08405087856536,2.84797763824463,0,0,0
0,0,0,0,0,0,0,0,0,0,0,4.23210469881694,0,0,0,0,0,0,0,0,0,0,0,0,0,0,0,10.4864752292633,0,7.28980565071106,0,0,0,0,0,0,0,0,0,0,0,0,0,0,0,0,0,0,0,0,0,0,0,0,0,0,0,5.55701339686358,0,4.45259308705005,0,0,0,0,0,0,0,0,0,0,10.9551512919939,0,0,0,0,0,0,0,0,0,0,0,3.66413897328672,3.96367370183743,0,0,0
3.19916240374247,0,0,0,2.75019574165344,0,0,0,3.03958811362584,0,0,0,3.77309681819035,0,0,0,3.90821482714485,0,0,0,0,0,0,0,0,0,3.57825570106506,0,0,0,0,0,0,0,0,0,0,0,0,0,0,0,0,0,0,0,0,0,0,0,0,0,0,0,2.98911397797721,0,0,0,5.28734832513528,0,3.73760235309601,0,0,0,0,0,0,0,0,3.28253092765808,0,0,0,0,0,0,0,0,0,0,0,0,3.4912039445371,0,0,0,0
0,4.79372625350952,0,4.56068580095158,0,0,0,0,0,3.37532381282365,0,0,0,0,0,0,0,4.43555117633245,0,0,0,0,0,4.20752372191502,0,3.87028346834956,0,0,0,0,0,0,0,0,0,0,0,0,0,0,0,0,0,0,0,0,0,0,0,3.44492388593739,0,2.94728136062622,0,0,0,4.12789743314914,0,0,0,3.27172529420187,0,3.94281314065401,0,0,0,0,4.61081981658936,0,4.23643723199534,0,0,0,0,0,0,0,0,0,0,0,0,0,3.9871998793549,7.019518866539,0,0,0
0,0,0,0,0,0,0,0,4.99484051357616,18.0865037100656,0,0,0,0,3.90821482714485,0,0,17.1398547058359,5.78648666341446,0,0,23.4699466361999,6.84597472711043,21.9885966330767,3.42107355594635,30.0546059281859,4.60908050623545,38.8423690795898,4.46140676386216,0,0,0,0,0,0,0,0,0,0,0,0,0,14.7974528312683,0,23.1122856140137,0,0,0,0,0,0,0,0,0,0,0,0,0,0,0,4.32079358623452,0,0,0,23.048663119475,10.8081077999539,30.1386623382568,0,31.3473071678012,4.43536770343781,34.918815612793,10.1500024795532,0,0,0,0,0,0,0,0,0,0,8.01061671053625,16.8125100514245,0,0,14.8117489814758
0,0,0,0,0,0,0,0,0,3.67720815521514,0,0,0,0,0,4.43555117633245,17.1398547058359,0,5.11355585826714,0,0,9.19483215719621,24.5951528703013,13.1419583263964,0,12.2912059496527,27.41118315288,5.2898218524456,0,0,0,0,0,0,0,0,0,0,0,0,0,16.1401075950036,0,17.8663015365601,0,0,0,0,0,0,0,0,0,0,0,4.58850479125977,0,0,0,0,0,0,0,0,12.3980532484425,0,14.4244286219279,0,12.9769180438501,0,8.10869578754201,0,0,0,0,0,0,0,0,0,0,0,8.83960833336507,5.53553550903286,13.807653427124,19.2167291641235,0
5.40752518839306,4.13463401794434,3.24813141822815,4.11686166640251,0,0,0,0,4.74175645442719,8.56482729767308,0,0,0,0,0,0,5.78648666341446,5.11355585826714,0,0,0,0,0,13.319399356842,3.69201332330704,0,0,0,0,0,0,0,0,0,0,0,0,0,0,0,0,7.07003749684303,5.42792038198049,5.50518509225968,5.76313730724131,5.99006833515915,0,0,0,0,0,0,0,0,4.1118232011795,0,0,0,0,0,0,0,0,20.7478885650635,0,0,0,4.32059335708618,0,0,0,0,0,24.743616104126,0,0,0,0,0,0,0,29.9712965829032,5.72585701631496,0,5.90669451037791,6.73200271401224,4.82981374320083
0,0,0,0,0,5.80609845320384,0,4.54366338253021,0,0,0,3.47827592298582,0,0,0,0,0,0,0,0,0,0,0,0,0,0,0,0,0,0,0,0,0,0,0,3.42293415517371,0,3.1052373578583,0,0,0,0,0,0,0,0,0,0,0,0,0,0,0,0,0,0,0,4.50186525691639,0,0,0,0,4.6348282005649,0,0,0,0,0,0,0,0,0,2.73619532585144,0,0,0,0,0,4.05182353083883,0,7.86623122032652,0,3.96857684850693,0,5.7909792025884,0,0
0,0,0,0,3.68395308211998,0,2.95447075366974,0,0,0,3.53543468458312,0,0,0,0,0,0,0,0,0,0,0,0,0,0,0,0,0,0,0,0,0,28.9010715484619,0,0,0,3.79076108985282,0,4.31146641781456,0,0,0,0,0,0,0,0,0,0,0,3.91717406488814,0,0,0,0,0,4.0207180277161,0,0,0,0,0,0,3.74383252466619,0,0,0,0,0,0,0,0,0,3.42808691660563,36.9204254150391,0,0,0,0,5.86847804328295,0,4.92931279412702,3.60752634824933,3.27438235282898,3.565354347229,0,0
0,0,0,0,0,0,0,0,0,0,0,0,0,0,0,0,23.4699466361999,9.19483215719621,0,0,0,0,6.89017751633882,6.31446278095245,11.2054706301008,13.2408693097804,31.0572153392591,6.6966467638898,0,0,0,0,0,0,0,0,0,4.41507238337079,14.3338975906372,0,0,0,0,0,0,0,0,0,0,9.40729929297424,0,0,0,0,0,0,0,0,0,0,0,0,0,0,5.48486844938328,8.24235764074893,25.7519474029541,20.3750038146973,14.3476498235356,33.0865992137364,14.0864574568612,0,0,0,0,0,0,0,0,0,6.33683276397826,10.4919881613358,7.18943016811953,11.7868714376385,0,0,0
0,0,0,0,0,0,0,0,0,0,0,0,0,0,0,0,6.84597472711043,24.5951528703013,0,0,0,6.89017751633882,0,25.8159046173096,5.95283161325658,31.8642419815063,6.9080013278481,31.2479381561279,0,0,0,0,0,0,0,0,0,17.723087310791,4.42367533834854,0,0,0,0,0,0,0,0,0,8.22483611106873,0,0,0,0,0,0,0,0,0,0,0,0,0,0,0,6.72483552691272,4.89002937683753,0,5.71800557772319,31.8782512119838,22.9412171763759,36.708890914917,3.12084110577901,0,0,0,0,0,0,0,0,0,6.18120984972259,6.3050265389914,7.16398347480388,0,0,0
0,3.75838679187703,0,0,0,0,0,0,0,3.96750719750181,0,0,0,0,0,4.20752372191502,21.9885966330767,13.1419583263964,13.319399356842,0,0,6.31446278095245,25.8159046173096,0,0,5.04882433414459,0,12.6532802581787,0,0,0,0,0,0,0,0,0,0,0,0,0,5.25619673728943,0,0,0,0,0,0,0,0,0,0,0,0,0,3.64197072516317,0,0,0,0,0,0,0,0,5.22099627057711,0,3.8942631312779,0,5.0192321572985,0,13.9338550567627,0,0,0,0,0,0,0,0,0,0,0,12.9133494614036,15.3943586349487,0,0,0
6.52540481090546,0,0,0,0,0,0,0,3.6229240160722,0,0,0,0,0,0,0,3.42107355594635,0,3.69201332330704,0,0,11.2054706301008,5.95283161325658,0,0,0,3.49968199168935,0,0,0,0,0,0,0,0,0,0,0,4.47646713256836,0,0,0,9.70586249232292,0,0,0,0,0,3.88520878553391,0,0,0,0,0,3.48825284838676,0,0,0,0,0,0,0,0,0,0,4.22490462741336,0,3.33510593904389,0,0,0,0,0,0,0,0,0,0,0,0,0,5.15871059099833,4.75055028779588,7.2817066529902,3.40746077624234,0,10.458145459493
0,5.45244264602661,0,0,0,0,0,0,0,3.24749110937119,0,0,0,0,0,3.87028346834956,30.0546059281859,12.2912059496527,0,0,0,13.2408693097804,31.8642419815063,5.04882433414459,0,0,37.8036778767904,4.39284590424084,0,0,0,0,0,0,0,0,0,0,0,0,0,0,0,0,0,0,0,0,0,0,0,0,0,0,0,3.87158026695251,0,0,0,0,0,5.9789266983668,0,0,9.81777691089016,0,5.89727365970612,0,5.05112920583066,0,4.54448718200495,0,0,0,0,0,0,0,0,0,0,0,15.8552772698239,19.9671139112661,0,0,0
0,0,0,0,0,0,0,0,0,0,0,0,3.48800698916117,0,3.57825570106506,0,4.60908050623545,27.41118315288,0,0,0,31.0572153392591,6.9080013278481,0,3.49968199168935,37.8036778767904,0,0,4.20022816317422,0,0,0,0,0,0,0,0,0,0,0,0,0,0,0,0,0,0,0,0,0,0,0,0,0,0,0,0,0,0,0,3.16337096691132,0,0,0,0,6.35086246791639,0,27.2212371826172,37.0378150939941,4.3713288845411,0,6.90012164721413,0,0,0,0,0,0,0,0,0,0,8.42645768973292,19.5860263705254,0,0,0
0,0,0,0,0,0,0,0,0,0,0,10.5382300747765,0,10.4864752292633,0,0,38.8423690795898,5.2898218524456,0,0,0,6.6966467638898,31.2479381561279,12.6532802581787,0,4.39284590424084,0,0,0,6.11604058827069,0,0,0,0,0,0,0,8.78438901901245,0,0,0,0,0,0,0,0,0,0,0,0,0,0,0,0,0,0,0,14.1583285331726,0,3.30074680369833,0,0,0,0,9.30989547305637,0,12.4426740010579,0,6.63186963399251,0,5.79625190494956,0,5.82776418824991,0,0,0,0,0,0,0,5.64826956943229,0,4.53870148540443,6.30179550988334,0,0,0
0,0,0,0,0,0,0,0,0,0,4.10885956600241,0,0,0,0,0,4.46140676386216,0,0,0,0,0,0,0,0,0,4.20022816317422,0,0,0,3.59791612625122,0,0,0,0,0,0,0,3.57435413769313,0,0,0,0,0,0,0,0,0,0,0,0,0,0,0,0,0,3.56623392778894,0,6.88371869495937,0,4.12573575973511,0,0,0,0,4.89811423089769,0,0,0,5.54643958144718,0,6.2312621981907,0,3.40790996523131,0,0,0,0,0,0,0,4.48023195053214,3.88261296204158,3.84023170471191,0,0,0
0,0,0,0,0,0,0,0,0,0,0,7.15400925408239,0,7.28980565071106,0,0,0,0,0,0,0,0,0,0,0,0,0,6.11604058827069,0,0,0,0,0,0,0,0,0,3.99165377785674,0,0,0,0,0,0,0,0,0,0,0,0,0,0,0,0,0,0,0,4.88677335869182,0,0,0,0,0,0,0,0,0,0,0,0,5.65218327630241,0,4.00933373283908,0,0,0,0,0,0,0,4.85067909178527,0,4.37175357015662,4.506644064188,0,0,0
0,0,0,0,0,0,0,0,0,0,3.51871999634637,0,0,0,0,0,0,0,0,0,0,0,0,0,0,0,0,0,3.59791612625122,0,0,0,0,0,0,0,0,0,3.78612477510748,0,0,0,0,0,0,0,0,0,0,0,0,0,0,0,0,0,3.82959588714268,0,0,0,0,0,0,0,0,0,0,0,0,0,0,4.66552978074512,0,3.44214747883127,0,0,0,0,0,0,0,3.84731206002126,4.0590342961436,2.94801590659402,0,0,0
0,0,0,0,0,0,0,0,0,0,0,0,0,0,0,0,0,0,0,0,0,0,0,0,0,0,0,0,0,0,0,0,4.3531003643988,24.8539610015021,16.6597300442782,5.40785933035538,3.94212819496791,32.0822388331095,31.6306624412537,22.7398417790731,33.1913132667542,30.7307085897408,43.9631256527371,0,0,27.0066247516208,41.0583746337891,5.3947707055938,12.1479204268683,16.8414291833576,0,0,0,0,0,0,0,0,0,0,0,0,25.6325035095215,34.5698168827937,0,0,0,0,0,0,0,0,0,0,4.67353567195746,6.23882096599778,27.2327639678429,30.2429481506348,10.078344969465,8.06634514823088,29.6606941223145,27.436708177839,4.50635296271907,0,30.6886610462718,0,0
0,0,0,0,0,0,0,0,0,0,0,0,0,0,0,0,0,0,0,0,28.9010715484619,0,0,0,0,0,0,0,0,0,0,4.3531003643988,0,20.336642563343,11.0867198854685,3.71428200653044,6.8192607080903,0,27.0917523425558,25.7291946411133,27.991455078125,35.7816725338207,39.0227728671715,0,0,29.9168863296509,37.1123536963212,4.4148538758602,26.3630328178406,38.0841827392578,0,0,0,0,0,0,0,0,0,0,0,0,28.8278957366943,30.334769827979,0,0,0,0,0,0,0,0,0,0,6.07605508100732,5.25520640053234,33.8566956058625,26.8723273891034,20.1236326357104,7.37127216026131,0,26.7880637233419,4.07806473860034,0,33.6457478175654,0,0
0,0,0,0,0,0,0,0,0,0,0,0,0,0,0,0,0,0,0,0,0,0,0,0,0,0,0,0,0,0,0,24.8539610015021,20.336642563343,0,6.93678668871621,8.46694989797086,3.39143653032256,7.66358439627658,6.44410503072804,0,0,13.460461139679,0,0,0,0,0,5.96291973767802,21.565097173055,12.388548486373,0,0,0,0,0,0,0,0,0,0,0,0,24.9656365712484,0,0,0,0,0,0,0,0,0,0,0,17.9393996950165,36.9730593999227,6.91294733995692,9.08904515776,9.76740857911488,16.1550125214789,7.63952009066155,15.2266189698049,6.03290487887591,0,7.44918556213379,0,0
0,0,0,0,0,0,0,0,0,0,0,0,0,0,0,0,0,0,0,0,0,0,0,0,0,0,0,0,0,0,0,16.6597300442782,11.0867198854685,6.93678668871621,0,12.2300713857015,6.67472725232442,8.05010756850243,9.83134680168302,28.2359714508057,0,35.5973777770996,32.1706756183079,0,0,0,30.3552997439515,5.34999192480383,7.34566956758499,17.8061137729221,0,0,0,0,0,0,0,0,0,0,0,0,0,29.0803880691528,0,0,0,0,0,0,0,0,0,0,27.5471045176188,25.161993836998,5.7136515935812,11.8887325602692,17.728781418628,12.0517135761652,9.33431242130421,5.71731328925748,5.31731209429828,0,29.5080725963299,0,33.7486381530762
0,0,0,0,0,0,0,0,0,0,0,4.8251105826578,0,0,0,0,0,0,0,3.42293415517371,0,0,0,0,0,0,0,0,0,0,0,5.40785933035538,3.71428200653044,8.46694989797086,12.2300713857015,0,3.79336700150661,5.05474069830577,5.88664182749662,8.15540433752126,14.2123308181763,24.8060083389282,0,0,0,11.7782888585871,0,5.78141860148874,11.1012581586838,9.63081558851095,0,0,0,0,0,0,0,0,0,0,0,0,10.6939906809065,0,0,0,0,0,0,0,0,0,0,0,8.09622530761054,5.72621294712198,10.4356225233644,0,5.47721348645291,3.94221631433522,5.25033566905457,24.6969776153564,5.1211394049942,6.55929785414978,9.02043329370328,0,0
0,0,0,0,0,0,0,0,0,0,3.85716817919062,0,0,0,0,0,0,0,0,0,3.79076108985282,0,0,0,0,0,0,0,0,0,0,3.94212819496791,6.8192607080903,3.39143653032256,6.67472725232442,3.79336700150661,0,9.6617259979248,4.66257285761048,14.1194871664047,11.2869969350951,0,32.3855648040771,0,0,0,28.2401183242098,5.38340410636593,5.17030874556965,9.53515434265137,0,0,0,0,0,0,3.43716440238352,0,0,0,0,0,0,8.39576614287592,0,0,0,0,0,0,0,0,0,0,4.99308940726267,10.5858206268184,4.0810187404806,35.3517468770345,4.6764189023483,4.82717674216204,0,5.14506892500482,4.10934031618496,4.08083452769688,7.18474120071956,0,0
0,20.572318519034,0,0,0,0,0,0,0,12.108682339008,0,5.0858949993932,0,0,0,0,0,0,0,3.1052373578583,0,4.41507238337079,17.723087310791,0,0,0,0,8.78438901901245,0,3.99165377785674,0,32.0822388331095,0,7.66358439627658,8.05010756850243,5.05474069830577,9.6617259979248,0,6.5578222192769,0,0,7.3419325484963,0,0,0,0,0,5.7056897990222,0,5.34279759434434,0,0,0,0,0,14.1733012199402,0,4.97118171056112,0,0,0,0,6.09693770659597,0,5.02852857645561,0,2.73542141914368,0,0,0,6.25651665636011,0,3.60254271030426,0,18.8294007234406,0,13.2656924572397,4.97351961135864,7.21508623002451,45.3675155639648,4.78583300565605,4.60189250670373,4.30868685993217,4.6550849278179,4.47014862919847,7.79404497146606,0
0,0,0,0,0,0,0,0,4.18999261856079,0,4.41554165634129,0,0,0,0,0,0,0,0,0,4.31146641781456,14.3338975906372,4.42367533834854,0,4.47646713256836,0,0,0,3.57435413769313,0,3.78612477510748,31.6306624412537,27.0917523425558,6.44410503072804,9.83134680168302,5.88664182749662,4.66257285761048,6.5578222192769,0,0,0,0,8.21796915894848,0,0,0,0,5.72101539554018,3.4188451692462,14.2389429057086,0,0,0,0,0,0,4.38377789310787,0,0,0,0,0,0,9.44934034347534,0,5.31680848089497,0,3.05204010009766,0,0,0,3.72389953732491,0,4.21266886528502,29.8607321421305,28.8635505534984,21.9632833571661,14.0163790529424,2.95331001281738,7.62605547149416,9.634971681615,4.00703735078651,4.07759826559281,3.54489242324382,3.69242028819705,0,13.4492049217224
0,0,0,0,0,0,0,0,0,0,0,0,0,0,0,0,0,0,0,0,0,0,0,0,0,0,0,0,0,0,0,22.7398417790731,25.7291946411133,0,28.2359714508057,8.15540433752126,14.1194871664047,0,0,0,50.3868637084961,10.0214960339629,63.9664087295532,0,0,4.54549612204234,62.6301244099935,11.7441917624921,9.74950182760084,10.5887585851988,0,0,0,0,0,0,0,0,0,0,0,0,23.1526448726654,0,0,0,0,0,0,0,0,0,30.3324527740479,0,25.3273848124913,33.2507261129526,23.9077320098877,27.9053816795349,10.3878698140613,32.543200894406,21.2987330638579,42.1588478088379,20.4086174223158,0,6.5029886202854,13.1681992667062,53.1334266662598
0,0,0,0,0,0,0,0,0,0,0,0,0,0,0,0,0,0,0,0,0,0,0,0,0,0,0,0,0,0,0,33.1913132667542,27.991455078125,0,0,14.2123308181763,11.2869969350951,0,0,50.3868637084961,0,64.4072125752767,15.5709255387305,0,0,0,7.49528723424642,12.5238762487445,14.0732933999775,7.57949495315552,0,0,0,0,0,0,0,0,0,0,0,0,0,6.26398548269057,0,0,0,0,0,0,0,0,0,39.169962474278,35.6297416687012,21.312240488389,0,0,45.6348896026611,9.36154901165112,0,24.0397189820237,25.1671839237213,0,8.48127690527174,0,0
0,12.1239459669435,0,16.6661420032896,0,0,0,0,0,6.47026529639576,0,0,0,0,0,0,0,16.1401075950036,7.07003749684303,0,0,0,0,5.25619673728943,0,0,0,0,0,0,0,30.7307085897408,35.7816725338207,13.460461139679,35.5973777770996,24.8060083389282,0,7.3419325484963,0,10.0214960339629,64.4072125752767,0,16.9522505628652,4.70090778981915,0,6.49029379206545,65.9447991507394,29.2404386605157,7.04929721355438,9.77498255179774,0,0,0,0,0,6.75013019420483,0,10.4049314880371,0,0,0,0,7.68137341487907,67.2170944213867,0,0,0,0,0,0,0,0,12.2189629770094,0,30.7832391699966,42.0702638933735,24.0570426354041,38.7767419815063,19.8013265417122,46.1605761845907,16.9245027536299,46.9702167510986,10.7458809784481,25.8715833936419,6.72814901093824,4.28176675906664,0
8.60091965198517,0,8.66432189941406,0,0,0,0,0,4.40883181743251,0,0,0,0,0,0,0,14.7974528312683,0,5.42792038198049,0,0,0,0,0,9.70586249232292,0,0,0,0,0,0,43.9631256527371,39.0227728671715,0,32.1706756183079,0,32.3855648040771,0,8.21796915894848,63.9664087295532,15.5709255387305,16.9522505628652,0,6.92547416687012,4.45858986087827,67.9733219146729,12.1859830558955,38.630313951461,13.6989192443472,45.7639287471771,0,0,0,0,4.51378922620095,0,11.7606213959781,0,0,0,0,0,65.7249878777398,17.8227074384689,0,0,0,13.2704839706421,0,0,0,0,0,12.894825442084,45.3461724794828,32.5712178548177,45.9676398199958,30.2542540232341,54.6921690550145,21.9543509687803,45.7267261731743,19.1124811542168,9.48336089561095,21.6081094741821,8.76536203421086,67.3802871704102,5.39251898447238
0,0,0,0,0,0,0,0,0,0,0,0,0,0,0,0,0,17.8663015365601,5.50518509225968,0,0,0,0,0,0,0,0,0,0,0,0,0,0,0,0,0,0,0,0,0,0,4.70090778981915,6.92547416687012,0,0,4.14648452758789,0,0,0,0,0,0,0,0,0,0,0,0,0,0,0,0,0,0,0,0,0,0,0,0,0,0,0,0,0,0,0,0,16.5910930633545,0,0,0,8.62408864390743,0,4.66719350262749,4.21521282196045,0
0,0,0,0,0,0,0,0,0,0,0,0,0,0,0,0,23.1122856140137,0,5.76313730724131,0,0,0,0,0,0,0,0,0,0,0,0,0,0,0,0,0,0,0,0,0,0,0,4.45858986087827,0,0,0,0,0,0,0,0,0,0,0,0,0,0,0,0,0,0,0,0,0,0,0,0,0,0,0,0,0,0,0,0,0,0,0,0,0,0,25.7961730957031,11.5492360460649,18.6948533058167,4.90972721056234,0,11.2828530073166
0,0,0,7.91225738892188,0,0,0,0,0,0,0,0,0,0,0,0,0,0,5.99006833515915,0,0,0,0,0,0,0,0,0,0,0,0,27.0066247516208,29.9168863296509,0,0,11.7782888585871,0,0,0,4.54549612204234,0,6.49029379206545,67.9733219146729,4.14648452758789,0,0,68.7262191772461,31.3194374604659,21.4433749516805,20.4113692243894,0,0,0,0,0,0,0,0,0,0,0,0,4.64325324510171,0,0,0,0,0,0,0,0,0,0,0,24.4801992797852,38.1086302537185,0,37.1689481735229,14.51585317009,40.6609479056464,15.5762931520694,0,8.22966877810926,16.9295093536377,4.82485139936434,0,65.4792785644531
0,0,0,0,0,0,0,0,0,0,0,0,0,0,0,0,0,0,0,0,0,0,0,0,0,0,0,0,0,0,0,41.0583746337891,37.1123536963212,0,30.3552997439515,0,28.2401183242098,0,0,62.6301244099935,7.49528723424642,65.9447991507394,12.1859830558955,0,0,68.7262191772461,0,37.5020603936566,14.8607238679485,0,0,0,0,0,0,0,0,0,0,0,0,0,62.6532185872396,7.23669812428205,0,0,0,0,0,0,0,0,0,13.8329741954803,42.716675652398,30.1264399615201,0,29.7863859176636,56.9062762587038,21.6404814801532,49.7139511108398,22.7941213372131,26.1296631766529,0,7.31701707483557,68.1113510131836,0
0,0,0,0,0,0,0,0,0,0,0,0,0,0,0,0,0,0,0,0,0,0,0,0,0,0,0,0,0,0,0,5.3947707055938,4.4148538758602,5.96291973767802,5.34999192480383,5.78141860148874,5.38340410636593,5.7056897990222,5.72101539554018,11.7441917624921,12.5238762487445,29.2404386605157,38.630313951461,0,0,31.3194374604659,37.5020603936566,0,8.82846255771449,13.9873795222013,0,0,0,0,0,0,0,0,0,0,0,0,35.7003377278646,31.3593726231502,0,0,0,0,0,0,0,0,41.8811569213867,0,6.0334775279636,7.2596418523961,7.06423883626957,5.55077749844125,14.1190254605733,9.83216194815897,18.5700837948601,7.13993528695754,29.3231993060913,48.6635209655762,24.6074770418618,0,61.393627166748
4.17342019326908,0,4.497040886979,0,0,0,0,0,7.31033592224121,0,0,0,0,0,0,0,0,0,0,0,0,0,8.22483611106873,0,3.88520878553391,0,0,0,0,0,0,12.1479204268683,26.3630328178406,21.565097173055,7.34566956758499,11.1012581586838,5.17030874556965,0,3.4188451692462,9.74950182760084,14.0732933999775,7.04929721355438,13.6989192443472,0,0,21.4433749516805,14.8607238679485,8.82846255771449,0,6.04834827509793,0,0,0,0,4.10720726043459,0,7.91611896730819,0,7.08034465949573,0,3.72473522652401,0,0,14.61038747515,0,4.35740676487193,0,3.52676607608795,0,3.99685184130651,0,3.39025561327345,0,9.84163635283175,49.9860916137695,12.7224975932728,0,26.407527923584,11.159109120099,16.0914686753469,0,13.4627986282903,14.4503147615268,36.4991981506348,11.815393493289,0,6.54677198803614
0,3.9583413725825,0,3.54360402207221,0,0,0,0,0,3.36565484046936,0,0,0,0,0,3.44492388593739,0,0,0,0,0,9.40729929297424,0,0,0,0,0,0,0,0,0,16.8414291833576,38.0841827392578,12.388548486373,17.8061137729221,9.63081558851095,9.53515434265137,5.34279759434434,14.2389429057086,10.5887585851988,7.57949495315552,9.77498255179774,45.7639287471771,0,0,20.4113692243894,0,13.9873795222013,6.04834827509793,0,0,0,0,0,0,3.42212736606598,0,3.81175916300619,0,4.50414636611939,0,3.99687914848328,5.76924803143456,0,5.62858093108414,0,3.37430183704083,0,4.44906595303462,0,7.90182677573,0,7.70564895565227,0,13.5946783615371,43.2967166900635,19.9422001838684,0,14.0216395111905,33.9105533058964,16.5538547387317,35.3420357174344,15.1185985544782,36.037444959368,10.4903981871612,0,52.4926933288574
0,0,4.97401487827301,0,3.13428550820018,0,0,0,3.75814618153519,0,0,0,0,0,0,0,0,0,0,0,3.91717406488814,0,0,0,0,0,0,0,0,0,0,0,0,0,0,0,0,0,0,0,0,0,0,0,0,0,0,0,0,0,0,0,0,0,3.86140863100688,0,3.37947540115892,0,3.40231983974332,0,3.47652668423123,0,0,3.98039886765851,0,0,0,0,0,0,0,0,0,0,0,0,0,0,0,0,0,0,0,0,6.13269563059989,0,0
0,0,0,3.61737465858459,0,3.10626781980197,0,0,0,6.62886456080845,0,0,0,0,0,2.94728136062622,0,0,0,0,0,0,0,0,0,0,0,0,0,0,0,0,0,0,0,0,0,0,0,0,0,0,0,0,0,0,0,0,0,0,0,0,0,0,0,3.31902545747303,0,3.00982981920242,0,3.60789987776015,0,0,0,0,0,0,0,0,0,0,0,0,0,0,0,0,0,0,0,0,0,0,3.02128622391645,0,3.96237200498581,0,0
0,0,0,0,2.74002158641815,0,2.86903185907163,0,0,0,0,0,0,0,0,0,0,0,0,0,0,0,0,0,0,0,0,0,0,0,0,0,0,0,0,0,0,0,0,0,0,0,0,0,0,0,0,0,0,0,0,0,0,0,0,0,2.9935263633728,0,0,0,0,0,0,0,0,0,0,0,0,0,0,0,0,0,0,0,0,0,0,0,0,0,3.01539352394286,0,0,0,0
0,0,0,0,0,0,0,2.95106966742154,0,0,0,0,0,0,0,0,0,0,0,0,0,0,0,0,0,0,0,0,0,0,0,0,0,0,0,0,0,0,0,0,0,0,0,0,0,0,0,0,0,0,0,0,0,0,0,0,0,0,0,4.4967319170634,0,0,0,0,0,0,0,0,0,0,0,0,0,0,0,0,0,0,0,0,0,0,2.87706809997559,0,0,0,0
5.61645464362385,0,4.96160162945051,0,4.4312282266288,0,0,0,4.82545894085846,0,0,0,0,0,2.98911397797721,0,0,0,4.1118232011795,0,0,0,0,0,3.48825284838676,0,0,0,0,0,0,0,0,0,0,0,0,0,0,0,0,0,4.51378922620095,0,0,0,0,0,4.10720726043459,0,3.86140863100688,0,0,0,0,0,0,0,0,0,3.60832233314055,0,0,0,0,0,0,2.87218991915385,0,0,0,0,0,0,0,0,0,0,0,0,0,0,3.79660555949578,3.97882982095083,8.72378467378162,0,0
0,7.30144114561484,0,3.69840281804403,0,3.20147814750671,0,0,0,4.14695843435397,0,5.06855964660645,0,0,0,4.12789743314914,0,4.58850479125977,0,0,0,0,0,3.64197072516317,0,3.87158026695251,0,0,0,0,0,0,0,0,0,0,0,14.1733012199402,0,0,0,6.75013019420483,0,0,0,0,0,0,0,3.42212736606598,0,3.31902545747303,0,0,0,0,0,0,0,4.03157884424383,0,3.32472195625305,0,0,0,0,4.69638764858246,0,0,0,0,0,0,0,0,0,0,0,0,0,14.7692108154297,0,9.27032093078859,0,5.16188067601139,0,0
0,0,4.3403281732039,0,0,0,0,0,0,0,4.06757309147429,0,5.35791643336995,0,0,0,0,0,0,0,4.0207180277161,0,0,0,0,0,0,0,3.56623392778894,0,3.82959588714268,0,0,0,0,0,3.43716440238352,0,4.38377789310787,0,0,0,11.7606213959781,0,0,0,0,0,7.91611896730819,0,3.37947540115892,0,2.9935263633728,0,0,0,0,0,6.77577816523038,0,5.69181060791016,0,0,3.79155920169972,0,0,0,0,0,0,0,2.84628200531006,0,3.4423751249546,0,0,0,0,0,6.59846896113771,0,8.26708633405668,4.3639890021748,2.91531352864371,5.67099872502414,0,0
0,6.23659268021584,0,6.03780743053981,0,0,0,2.90611979012848,0,8.94376850128174,0,4.95012724875671,0,5.55701339686358,0,0,0,0,0,4.50186525691639,0,0,0,0,0,0,0,14.1583285331726,0,4.88677335869182,0,0,0,0,0,0,0,4.97118171056112,0,0,0,10.4049314880371,0,0,0,0,0,0,0,3.81175916300619,0,3.00982981920242,0,0,0,0,0,0,0,3.86853101449611,0,0,5.14145143442093,0,0,0,0,0,0,0,0,0,4.57710519300299,0,0,0,0,0,0,0,10.9778987884521,0,4.23869803090144,4.42622949426824,4.96371574842767,0,0
0,0,2.78826159238815,0,0,0,0,0,0,0,5.7243966895993,0,4.56892103318743,0,5.28734832513528,0,0,0,0,0,0,0,0,0,0,0,0,0,6.88371869495937,0,0,0,0,0,0,0,0,0,0,0,0,0,0,0,0,0,0,0,7.08034465949573,0,3.40231983974332,0,0,0,0,0,6.77577816523038,0,0,0,5.89622405118616,0,0,0,0,0,0,0,0,0,0,6.12336067684361,0,0,0,0,0,0,0,0,0,0,5.35175562944523,3.31751762117658,7.95511229832967,0,0
0,7.17095923423767,0,3.79682880181533,0,3.72699737548828,0,2.95821332931519,0,6.74531173706055,0,4.92892503738403,0,4.45259308705005,0,3.27172529420187,0,0,0,0,0,0,0,0,0,0,0,3.30074680369833,0,0,0,0,0,0,0,0,0,0,0,0,0,0,0,0,0,0,0,0,0,4.50414636611939,0,3.60789987776015,0,4.4967319170634,0,4.03157884424383,0,3.86853101449611,0,0,0,4.1515112552014,0,0,0,0,0,0,0,0,3.37693407318809,0,0,0,0,0,0,0,0,0,0,0,3.49520071226222,3.81629380183433,4.00474327802658,0,0
3.6003187974294,0,3.26632797718048,0,4.92164492607117,0,0,0,3.36240750602168,0,0,0,3.0374983549118,0,3.73760235309601,0,4.32079358623452,0,0,0,0,0,0,0,0,0,3.16337096691132,0,4.12573575973511,0,0,0,0,0,0,0,0,0,0,0,0,0,0,0,0,0,0,0,3.72473522652401,0,3.47652668423123,0,0,0,3.60832233314055,0,5.69181060791016,0,5.89622405118616,0,0,0,0,0,0,0,0,0,0,5.53805938634005,0,4.16057059499953,0,0,0,0,0,0,0,0,0,0,3.91905142602168,0,0,0,0
0,0,0,3.76705828309059,0,2.94508457183838,0,0,0,3.47725698581109,0,0,0,0,0,3.94281314065401,0,0,0,0,0,0,0,0,0,5.9789266983668,0,0,0,0,0,0,0,0,0,0,0,0,0,0,0,0,0,0,0,0,0,0,0,3.99687914848328,0,0,0,0,0,3.32472195625305,0,0,0,4.1515112552014,0,0,0,0,0,0,0,0,4.05656369754246,0,0,0,0,0,0,0,0,0,0,0,0,0,4.74562028135572,8.06511909218245,0,0,0
0,0,0,8.80059796258023,0,8.31790703256554,0,0,0,0,0,3.7142431359542,0,0,0,0,0,0,0,4.6348282005649,0,0,0,0,0,0,0,0,0,0,0,25.6325035095215,28.8278957366943,24.9656365712484,0,10.6939906809065,0,6.09693770659597,0,23.1526448726654,0,7.68137341487907,65.7249878777398,0,0,4.64325324510171,62.6532185872396,35.7003377278646,0,5.76924803143456,0,0,0,0,0,0,0,5.14145143442093,0,0,0,0,0,0,0,0,0,0,0,0,0,0,5.79393071598477,0,0,35.9206511179606,21.041512298584,36.3836097717285,7.74482498657448,38.6010545842788,11.5395400923695,43.6953048706055,7.35585455778168,0,5.16286058956978,0,0
0,0,0,0,0,0,3.52885154315404,0,0,0,3.82249565234129,0,0,0,0,0,0,0,20.7478885650635,0,3.74383252466619,0,0,0,0,0,0,0,0,0,0,34.5698168827937,30.334769827979,0,29.0803880691528,0,8.39576614287592,0,9.44934034347534,0,6.26398548269057,67.2170944213867,17.8227074384689,0,0,0,7.23669812428205,31.3593726231502,14.61038747515,0,3.98039886765851,0,0,0,0,0,3.79155920169972,0,0,0,0,0,0,0,0,0,0,0,0,0,0,0,0,3.96152639389038,36.3124128069196,23.7211120381075,0,0,52.7573775185479,14.8654176281106,37.1433590480259,8.52619617580752,7.58476276257459,0,7.77897598549671,0,14.2611074447632
0,0,0,0,0,0,0,0,0,0,0,0,0,0,0,0,23.048663119475,12.3980532484425,0,0,0,5.48486844938328,6.72483552691272,5.22099627057711,0,9.81777691089016,0,9.30989547305637,0,0,0,0,0,0,0,0,0,5.02852857645561,0,0,0,0,0,0,0,0,0,0,0,5.62858093108414,0,0,0,0,0,0,0,0,0,0,0,0,0,0,0,10.924241065979,16.5562596321106,0,12.5352990934026,43.0396957397461,7.73353055070658,0,0,0,0,0,0,0,0,0,6.60924333293251,0,6.69059544370092,12.311186117933,0,0,0
0,0,0,0,0,0,0,0,0,0,0,0,0,0,0,0,10.8081077999539,0,0,0,0,8.24235764074893,4.89002937683753,0,4.22490462741336,0,6.35086246791639,0,4.89811423089769,0,0,0,0,0,0,0,0,0,5.31680848089497,0,0,0,0,0,0,0,0,0,4.35740676487193,0,0,0,0,0,0,0,0,0,0,0,0,0,0,0,10.924241065979,0,0,4.57463674344322,0,11.0666225060173,0,5.03527986959338,0,0,0,0,0,0,0,0,0,7.55800550750324,5.98614300098344,6.60646056435829,0,0,0
0,2.83104574680328,0,0,0,0,0,0,0,5.17683742627376,0,0,0,0,0,4.61081981658936,30.1386623382568,14.4244286219279,0,0,0,25.7519474029541,0,3.8942631312779,0,5.89727365970612,0,12.4426740010579,0,0,0,0,0,0,0,0,0,2.73542141914368,0,0,0,0,0,0,0,0,0,0,0,3.37430183704083,0,0,0,0,0,4.69638764858246,0,0,0,0,0,0,0,0,16.5562596321106,0,0,0,7.77368806764997,0,12.2289400100708,0,0,0,0,0,0,0,0,0,0,0,9.66741722669357,14.5110849380493,2.99903396368027,0,0
0,0,0,0,0,0,0,0,3.21158558907716,0,0,0,0,0,0,0,0,0,4.32059335708618,0,0,20.3750038146973,5.71800557772319,0,3.33510593904389,0,27.2212371826172,0,0,0,0,0,0,0,0,0,0,0,3.05204010009766,0,0,0,13.2704839706421,0,0,0,0,0,3.52676607608795,0,0,0,0,0,2.87218991915385,0,0,0,0,0,0,0,0,0,0,4.57463674344322,0,0,0,3.78006845170801,0,0,0,0,0,0,0,0,0,0,0,3.26039230823517,4.62721658171269,19.2132428487142,2.83512270450592,0,0
0,0,0,0,0,0,0,0,0,3.37004748980204,0,0,0,0,0,4.23643723199534,31.3473071678012,12.9769180438501,0,0,0,14.3476498235356,31.8782512119838,5.0192321572985,0,5.05112920583066,37.0378150939941,6.63186963399251,0,0,0,0,0,0,0,0,0,0,0,0,0,0,0,0,0,0,0,0,0,4.44906595303462,0,0,0,0,0,0,0,0,0,0,0,4.05656369754246,0,0,12.5352990934026,0,7.77368806764997,0,0,0,5.65463614686627,0,0,0,0,0,0,0,0,0,0,0,16.8972669059985,20.2059692325014,0,0,0
0,0,0,0,0,0,0,0,0,0,0,0,0,0,3.28253092765808,0,4.43536770343781,0,0,0,0,33.0865992137364,22.9412171763759,0,0,0,4.3713288845411,0,5.54643958144718,0,0,0,0,0,0,0,0,0,0,0,0,0,0,0,0,0,0,0,3.99685184130651,0,0,0,0,0,0,0,0,0,0,0,5.53805938634005,0,0,0,43.0396957397461,11.0666225060173,0,3.78006845170801,0,0,0,8.29011591780123,0,0,0,0,0,0,0,0,0,0,8.28945428259829,24.2646942138672,3.9396436214447,0,0
0,0,0,0,0,0,0,0,0,0,0,12.4164464979461,0,10.9551512919939,0,0,34.918815612793,8.10869578754201,0,0,0,14.0864574568612,36.708890914917,13.9338550567627,0,4.54448718200495,0,5.79625190494956,0,5.65218327630241,0,0,0,0,0,0,0,6.25651665636011,0,0,0,0,0,0,0,0,0,0,0,7.90182677573,0,0,0,0,0,0,0,0,0,3.37693407318809,0,0,0,0,7.73353055070658,0,12.2289400100708,0,5.65463614686627,0,0,0,7.93265768101341,0,0,0,0,0,0,0,4.27822251496299,0,9.45257382476053,10.1487211104362,0,0,0
0,0,0,0,0,0,0,0,0,0,3.55455229247826,0,4.38616847991943,0,0,0,10.1500024795532,0,0,0,0,0,3.12084110577901,0,0,0,6.90012164721413,0,6.2312621981907,0,4.66552978074512,0,0,0,0,0,0,0,3.72389953732491,0,0,0,0,0,0,0,0,0,3.39025561327345,0,0,0,0,0,0,0,2.84628200531006,0,6.12336067684361,0,4.16057059499953,0,0,0,0,5.03527986959338,0,0,0,8.29011591780123,0,0,0,3.01874800034385,0,0,0,0,0,0,0,3.87420142560765,4.7987725047178,3.03094376623631,0,0,0
0,0,0,0,0,0,0,0,0,0,0,3.61232719421387,0,0,0,0,0,0,0,2.73619532585144,0,0,0,0,0,0,0,5.82776418824991,0,4.00933373283908,0,0,0,0,0,0,0,3.60254271030426,0,30.3324527740479,0,12.2189629770094,0,0,0,0,0,41.8811569213867,0,7.70564895565227,0,0,0,0,0,0,0,4.57710519300299,0,0,0,0,5.79393071598477,0,0,0,0,0,0,0,7.93265768101341,0,0,0,0,57.0986709594727,0,0,31.7125269816472,53.4637565612793,3.79772630291528,0,8.74627763032913,59.3266067504883,6.22823124810269,0,0
0,0,0,0,0,0,0,0,0,0,3.26606976985931,0,0,0,0,0,0,0,24.743616104126,0,3.42808691660563,0,0,0,0,0,0,0,3.40790996523131,0,3.44214747883127,0,0,0,0,0,0,0,4.21266886528502,0,39.169962474278,0,12.894825442084,0,0,0,13.8329741954803,0,9.84163635283175,0,0,0,0,0,0,0,3.4423751249546,0,0,0,0,0,0,3.96152639389038,0,0,0,0,0,0,0,3.01874800034385,0,0,0,0,0,0,0,37.801399230957,0,5.42288900192059,4.39674753503701,3.03662219047546,6.72064393262068,0,8.60114097595215
0,0,0,0,0,0,0,0,0,0,0,0,0,0,0,0,0,0,0,0,36.9204254150391,0,0,0,0,0,0,0,0,0,0,4.67353567195746,6.07605508100732,17.9393996950165,27.5471045176188,8.09622530761054,4.99308940726267,18.8294007234406,29.8607321421305,25.3273848124913,35.6297416687012,30.7832391699966,45.3461724794828,0,0,24.4801992797852,42.716675652398,6.0334775279636,49.9860916137695,13.5946783615371,0,0,0,0,0,0,0,0,0,0,0,0,0,36.3124128069196,0,0,0,0,0,0,0,0,0,0,0,9.14060095561004,25.6904999163225,20.729287981987,8.09017145045735,16.1539750392399,19.7694687730684,41.7284588813782,7.80515936829827,0,29.1204818926359,0,0
0,0,0,0,0,0,0,0,0,0,0,0,0,0,0,0,0,0,0,0,0,0,0,0,0,0,0,0,0,0,0,6.23882096599778,5.25520640053234,36.9730593999227,25.161993836998,5.72621294712198,10.5858206268184,0,28.8635505534984,33.2507261129526,21.312240488389,42.0702638933735,32.5712178548177,0,0,38.1086302537185,30.1264399615201,7.2596418523961,12.7224975932728,43.2967166900635,0,0,0,0,0,0,0,0,0,0,0,0,35.9206511179606,23.7211120381075,0,0,0,0,0,0,0,0,57.0986709594727,0,9.14060095561004,0,34.4305808084053,30.6503878247311,28.4817034725982,5.59259579289096,29.9229164123535,27.8992534013228,4.5939985461857,0,33.979123111263,0,0
0,0,0,0,0,0,0,0,0,0,0,0,0,0,0,0,0,0,0,0,0,0,0,0,0,0,0,0,0,0,0,27.2327639678429,33.8566956058625,6.91294733995692,5.7136515935812,10.4356225233644,4.0810187404806,13.2656924572397,21.9632833571661,23.9077320098877,0,24.0570426354041,45.9676398199958,0,0,0,0,7.06423883626957,0,19.9422001838684,0,0,0,0,0,0,0,0,0,0,0,0,21.041512298584,0,0,0,0,0,0,0,0,0,0,0,25.6904999163225,34.4305808084053,0,16.0893774537274,17.3267958164215,36.9832804732852,7.68766635444564,18.0978524505662,14.0926826000214,0,32.5426738858223,0,46.8512935638428
0,0,0,0,0,0,0,0,0,0,0,0,0,0,0,0,0,0,0,0,0,0,0,0,0,0,0,0,0,0,0,30.2429481506348,26.8723273891034,9.08904515776,11.8887325602692,0,35.3517468770345,4.97351961135864,14.0163790529424,27.9053816795349,0,38.7767419815063,30.2542540232341,0,0,37.1689481735229,29.7863859176636,5.55077749844125,26.407527923584,0,0,0,0,0,0,0,0,0,0,0,0,0,36.3836097717285,0,0,0,0,0,0,0,0,0,0,0,20.729287981987,30.6503878247311,16.0893774537274,0,22.4787384572655,15.379972293973,27.2521600564321,7.30518405850117,10.1749236186345,0,35.9069803873698,0,33.0264320373535
0,0,0,0,0,0,0,0,0,0,0,9.93113231658936,0,0,0,0,0,0,0,4.05182353083883,0,0,0,0,0,0,0,0,0,0,0,10.078344969465,20.1236326357104,9.76740857911488,17.728781418628,5.47721348645291,4.6764189023483,7.21508623002451,2.95331001281738,10.3878698140613,45.6348896026611,19.8013265417122,54.6921690550145,16.5910930633545,0,14.51585317009,56.9062762587038,14.1190254605733,11.159109120099,14.0216395111905,0,0,0,0,0,0,0,0,0,0,0,0,7.74482498657448,52.7573775185479,0,0,0,0,0,0,0,0,31.7125269816472,0,8.09017145045735,28.4817034725982,17.3267958164215,22.4787384572655,0,28.3307036140208,7.86574431714165,29.4497977144578,7.20131524523398,9.4354367288691,17.038177438097,16.9131253849376,47.7073918392784
0,0,0,0,0,0,0,0,0,0,4.28554961681366,0,0,0,0,0,0,0,0,0,5.86847804328295,0,0,0,0,0,0,0,0,0,0,8.06634514823088,7.37127216026131,16.1550125214789,12.0517135761652,3.94221631433522,4.82717674216204,45.3675155639648,7.62605547149416,32.543200894406,9.36154901165112,46.1605761845907,21.9543509687803,0,0,40.6609479056464,21.6404814801532,9.83216194815897,16.0914686753469,33.9105533058964,0,0,0,0,0,0,6.59846896113771,0,0,0,0,0,38.6010545842788,14.8654176281106,0,0,0,0,0,0,0,0,53.4637565612793,37.801399230957,16.1539750392399,5.59259579289096,36.9832804732852,15.379972293973,28.3307036140208,0,27.3329705997389,8.92535297751219,5.55306197526582,5.92212528242515,19.8678807987317,46.3268928527832,25.0915319654677
0,22.2974901199341,0,0,0,0,0,0,0,0,0,8.09480925312749,0,0,0,0,0,0,0,7.86623122032652,0,6.33683276397826,0,0,0,0,0,5.64826956943229,0,4.85067909178527,0,29.6606941223145,0,7.63952009066155,9.33431242130421,5.25033566905457,0,4.78583300565605,9.634971681615,21.2987330638579,0,16.9245027536299,45.7267261731743,0,0,15.5762931520694,49.7139511108398,18.5700837948601,0,16.5538547387317,0,0,0,0,0,14.7692108154297,0,10.9778987884521,0,0,0,0,11.5395400923695,37.1433590480259,6.60924333293251,0,0,0,0,0,4.27822251496299,0,3.79772630291528,0,19.7694687730684,29.9229164123535,7.68766635444564,27.2521600564321,7.86574431714165,27.3329705997389,0,22.9825141535004,5.40642162682017,6.5365905241651,16.487989062601,15.8888883590698,45.2651039470326
0,0,0,0,0,0,0,0,0,0,5.62891710403911,0,0,0,0,0,0,0,29.9712965829032,0,4.92931279412702,10.4919881613358,6.18120984972259,0,5.15871059099833,0,0,0,4.48023195053214,0,3.84731206002126,27.436708177839,26.7880637233419,15.2266189698049,5.71731328925748,24.6969776153564,5.14506892500482,4.60189250670373,4.00703735078651,42.1588478088379,24.0397189820237,46.9702167510986,19.1124811542168,0,25.7961730957031,0,22.7941213372131,7.13993528695754,13.4627986282903,35.3420357174344,0,0,0,0,0,0,8.26708633405668,0,0,0,0,0,43.6953048706055,8.52619617580752,0,7.55800550750324,0,3.26039230823517,0,0,0,3.87420142560765,0,5.42288900192059,41.7284588813782,27.8992534013228,18.0978524505662,7.30518405850117,29.4497977144578,8.92535297751219,22.9825141535004,0,4.90973451668929,4.57593018717401,15.1997178060184,48.0653762817383,15.6812430623442
