0,0,0.0489631962664009,0,0.00211219358563858,0,0,0,0.0647513038502654,0,0,0,0,0,0.000138610640954169,0,9.2118247744393e-05,0.000185293625342825,0.00106012482091032,0,0.000284860699575194,0,0,0,0.00646576860129233,0,0,0,0,0,0,0,0,0,0,0,0,0,0,2.92271665300824e-05,0,0,0.00519428799473835,0,0,0,0,0,0.0261078512381554,0,0,0,0,0,0.0395241720433612,0,0,0,0,0,0.000151449551426012,0,0,0,0,0,0,0.0118705132685366,0,0,0,0,2.42119778486698e-05,0,0,0,0,0,2.35304004800777e-05,0,0,0,0.000284905248370717,0,0.00952757309815926,0,0.00166421045449706
0,0,0,0.0247234038498015,0,0,0,0,0,0.0156384023011812,0,0,0,0,0,0,3.94742559277033e-05,0,0.000130926635386901,0,0,0,0,0,0,0,0,0,0,0,0,0,0,0,2.06198228234165e-05,0,0,1.35687249442474e-05,0,6.34506586403276e-05,0,0.00821636996827012,4.3215479261264e-05,0,0,1.6223455272278e-05,0,0.000237006883892265,0.000111581075763864,0.0269729477014399,0,0,0,0,0,0.0235853407181863,0,2.8621875981207e-05,0,0,0,0.00906939223208031,0,0,0,0,0,0,0,0,0,0,0.00347098709137744,0,0,0,0,0,6.17267436121876e-05,0,2.3415072742317e-05,0,0.000370232236813908,0,0.0056062876333286,0.000183801818798665,0
0.0489631962664009,0,0,0,0.010528551806461,0,0,0,0.0690798576638961,0,0,0,0,0,0,0,0,0,1.25134140735862e-05,0,0.00271998078387293,0,0,0,0,0,0,0,0,0,0,0,0,0,0,4.1704931274076e-05,9.91164160975275e-05,0,0,0,0.00310296682663251,1.65636673130184e-05,0.00427892247885633,0,0,0,0.0045166013125204,0.000214465158117898,0.0198528687899601,0.000358673057967875,0.00273105260960181,0,0,0,0.0680570585639918,0,0.00157395095304916,0,0.00558802825495737,0,0.0264055734625769,0,0,0.000565393341553412,0,0,0,0,0,0,0,0,0,0,0,0,0,0,1.9602118138557e-06,0.000288901911596618,0,0,0.000372315752814961,0,0.0210104950713748,0,0.000288515535014534
0,0.0247234038498015,0,0,0,0.00699922034742076,0,0,0,0.026893237538958,0,0,0,0,0,0,0,0,1.51700415818587e-05,0.0012567404582633,0,0,0,0,0,0,0,0,0,0,0,0,0,0,0,6.83079123923189e-05,1.98345272165175e-06,0,0,0.00213040320114953,1.01846043622347e-05,0.00717794991247965,1.79104700616365e-05,0,0,0.00011549804773843,0,0.000110186604142401,0.000159558265696994,0.00867747051095726,0,0,0,0,3.63100519864864e-05,0,7.01968058995465e-06,0.0061957182234421,0,0.008437236355411,0,7.52214928290149e-05,0.000538320809297843,0,0,0,0,0,0,0,0,0,0.00150164978365107,0,0,0,0,0,0.000218851946818848,0,0.000134699382068197,0,0.000264317777917716,0,0.00745856707658743,0.00163026651399019,0
0.00211219358563858,0,0.010528551806461,0,0,0,0,0,0.00216532235802377,0,0.000223358305732018,0,0,0,0,0,0,0,0,0,0.00526298672931985,0,0,0,0,0,0,0,0,0,0,0,0,0,0,0,2.78921453667559e-05,0,0,0,0.000293460598330001,0,0.00022512750073568,0,0,0,0.000781755044471393,1.6805091500933e-05,0.000539675973406491,6.14672710453354e-05,0.00976843917596076,0,0,0,0.0140075963786203,0,0.000208666184333343,0,0.000247251608661045,0,0.000487643245084503,0,0,0.00125258777447196,0,0,0,0,0,0,0,0,0,0,0,0,0,0,0,4.75719114132517e-05,0,0,0.00013227221629163,8.49229085156918e-05,0.00367679819174754,0,0.000125104684305054
0,0,0,0.00699922034742076,0,0,0,0,0,0,0,0,0,0,0,0,0,0,0,0,0,0,0,0,0,0,0,0,0,0,0,0,0,0,0,0.000110535477943245,0,0,0,0,0,0,0,0,0,0,0,0,0,5.06044911976235e-05,0,0.000445186422439292,0,0,0,0,0,0.00205980315659659,0,0,0,0,0,0,0,0,0,0,0,0,0,0,0,0,0,0,0,0,0,0,0,0,0.000113443658979413,0,0.00178211895283814,0,0
0,0,0,0,0,0,0,0,0,0,0.00259087204952808,0,0,0,0,0,0,0,0,0,0.00258984255133687,0,0,0,0,0,0,0,0,0,0,0,0,0,0,0,0,0,0,0,0,0,0,0,0,0,0,0,0,0,0,0,0.0374499543058862,0,0,0,0.000258698011986387,0,0.00230720934239179,0,0,0,0,0,0,0,0,0,0,0,0,0,0,0,0,0,0,0,0,0,0,0,0.00164112935616018,9.67315626823398e-05,0,0,0
0,0,0,0,0,0,0,0,0,0,0,0,0,0.0146686152251156,0,0,0,0,0,0,0,0,0,0,0,0,0,0,0,0,0,0,0,0,0,0,0,0,0,0,0,0,0,0,0,0,0,0,0,0,0,0,0,0.00499803496197397,0,0,0,0.000161043557454832,0,0.00374149578832246,0,0,0,0,0,0,0,0,0,0,0,0,0,0,0,0,0,0,0,0,0,0,7.03894613450479e-06,0,0,0,0
0.0647513038502654,0,0.0690798576638961,0,0.00216532235802377,0,0,0,0,2.93886271288809e-05,0,0,0,0,0.00571345245770773,0,0.00384528741776638,3.60648682622974e-05,0.000867988428233934,0,0.00039923085202814,0,0,0,0.000196101455564851,0,0.00205450571587879,0,0,0,0,0,0,0,0,1.39847957759641e-05,2.72628755115448e-06,0,0.00040589291582514,2.28423307163445e-05,0.000624324557506249,0,0.012418980007052,0,0,0,6.44640418420606e-05,0,0.00340776765075868,0.000182560469826606,0,0,0,0,0.0763306657419852,0,7.48444391144864e-05,0,0,0,0.00448022495009041,0,0,0.00024598298551008,0,0,0,0.00350132912508486,0,0,0,0,0,0,0,0,0,0,0,3.774285968645e-05,0,1.44910732471481e-05,0.00439980892656826,7.98831141933647e-05,0.0098322540794466,0,0.00246299465362767
0,0.0156384023011812,0,0.026893237538958,0,0,0,0,2.93886271288809e-05,0,0,0,0,0,0,0.00559658562766929,0.000217110042418285,0.00146516063531964,6.40717877662539e-06,0,0,0,0,0.00872212001753944,0,0.0156741379102788,0.000191380321141757,0,0,0,0,0,0,5.51095668895533e-05,0,0,0,0.00149391738753631,0,0,0,0.00228048388578161,0,0,0,0,0,5.20799309318594e-05,0,0,0,0,0,0,0,0.3674510881941,0,1.25447495251561e-05,0,0,0,0.00298549043580701,0,0,0,0,0.000508052395351847,0,0.0021129335011378,0,0,0,0,0,0,0,0,0,0,0,9.00573716181081e-05,0,0.00259012312138394,6.59661068121831e-06,0.000787266099968933,0,0
0,0,0,0,0.000223358305732018,0,0.00259087204952808,0,0,0,0,0,0.0712247886476577,0,0,0,0,0,0,0,0.0313094786766942,0,0,0,0,0,0,0,0.0105416521972219,0,0.0225724067564868,0,0,0,0,0,0.0109730082644176,0,0.0364470921500234,0,0,0,0,0,0,0,0,0,0,0,6.82239386433081e-05,0,0.00224372894477054,0,0,0,0.162363462166007,0,0.0267903704601518,0,0,0,0,0.0218724070954534,0,0,0,0,0,0,0,0,0,0.00818266569349766,0,0,0,0,0,0.00325627501634354,0,0.0066686748409123,0.001453403132147,0,0,0,0
0,0,0,0,0,0,0,0,0,0,0,0,0,0.0811710680661154,0,0,0,0,0,0.0953005358651834,0,0,0,0,0,0,0,0.0126027318362545,0,0.0149158921113734,0,0,0,0,0,0.0150624788475634,0,0.020939677683854,0,0,0,0,0,0,0,2.55813501734146e-05,0,0,0,0,0,0,0,0,0,0,0,0.119155673845948,0,0.0342483236135827,0,0,0.0250123355000034,0,0,0,0,0,0,0,0,0,0.0101987754268042,0,0,0,0,0,0.00767313627757716,0,0.00973792325815136,0,0.00489714345062931,1.42508178600355e-05,2.86524224177406e-05,0,0
0,0,0,0,0,0,0,0,0,0,0.0712247886476577,0,0,0,0.0241991985573301,0,0,0,0,0,0,0,0,0,0,0,0,0,0,0,0,0,0,0,0,0,0,0,0,0,0,0,0,0,0,0,0,0,0,0,0,0,0,0,0,0,0.070761130921367,0,0.131829137611687,0,0.00164730186927198,0,0,0,0,0,0,0,0,0,0,0.00725446921798554,0,0,0,0,0,0,0,0,0,0,0.0010089488345647,0.000310059368439008,0,0,0
0,0,0,0,0,0,0,0.0146686152251156,0,0,0,0.0811710680661154,0,0,0,0.00511462793999743,0,0,0,0,0,0,0,0,0,0,0,0.00814495206849028,0,0,0,0,0,0,0,0,0,0,0,0,0,0,0,0,0,0,0,0,0,0,0,0,0,0,0,0,0,0.0496752496013825,0,0.0121336581564863,0,0,0,0,0,0,0,0,0,0,0.00264722669247385,0,0,0,0,0,0,0,0,0,0,0,0.000834089893078259,0.000221930469379338,0,0,0
0.000138610640954169,0,0,0,0,0,0,0,0.00571345245770773,0,0,0,0.0241991985573301,0,0,0,0.00149380031091117,0,0,0,0,0,0,0,0,0,0.00167334065671535,0,0,0,0,0,0,0,0,0,0,0,0,0,0,0,0,0,0,0,0,0,0,0,0,0,0,0,0.00824624898542712,0,0,0,0.000481510290950081,0,0.0505530622860886,0,0,0,0,0,0,0.000181334799148693,0,0,0,0,0,0,0,0,0,0,0,0,0,0,0.00032424734217621,0,0,0,0
0,0,0,0,0,0,0,0,0,0.00559658562766929,0,0,0,0.00511462793999743,0,0,8.0552646614363e-05,0.00366194820908918,0.000146692596806851,0,0,0.000123728263862936,0,0.0015804448824295,0,0.0167933295705637,0,0,0,0,0,0,0,0,0,0,0,0,0,0,0,0,0,0,0,0,0,0,0,0,0,0,0,0,0,0.0661363969817284,0,0,0,0.022416386151831,0,0.0134372659069209,0,0,3.80739214030736e-05,0,0,0,0.0083210895314148,0,0,0,0,0,0,0,0,0,0,0,0,0,0.000204726516368433,3.3994093896156e-05,0,0,0
9.2118247744393e-05,3.94742559277033e-05,0,0,0,0,0,0,0.00384528741776638,0.000217110042418285,0,0,0,0,0.00149380031091117,8.0552646614363e-05,0,0.133417405572773,0.0573269296704158,0,0,0.00137551920864454,0.00624695158155798,0.00120141749976047,0.0016521231694822,0.00215508008893318,0.056068968051868,0,3.07560898396703e-05,0,0,0,0,0,0,0,0,0,0,0.00161170503816646,0.0027106161498999,0.000786168999246158,0.0017918460839914,0,0,0.00170476145522484,0.00222502403310367,0,2.3777473836159e-06,1.52111697994965e-05,0,0,0,0,0.000128107282153132,0,4.97990053926713e-05,0.00044886310950232,0,0,0.00235829132380693,0,0.000184826102212359,0.000306691923197009,0.000225776538068734,2.54792919433388e-05,0.00182527218343554,0,0.000275694953787218,0.00343553661699274,0,0,0.000426341060326251,0,0,0,0,0,0.00239324634002915,0.00220347846978565,0.000549701327034976,6.99754988347921e-06,0.0330346266075347,0.00902200424771483,0.00311909031875326,0.000665735146846803,0.000106934054913571
0.000185293625342825,0,0,0,0,0,0,0,3.60648682622974e-05,0.00146516063531964,0,0,0,0,0,0.00366194820908918,0.133417405572773,0,0.0397870597538589,0,0,0.0120951876133619,0.000243460229743128,0.0104041269898689,8.25184236787078e-05,0.0454782488972577,0.00165606779376527,0,0,0,0,0,0,0,0,0,0,0,0,0.00285481799382349,0.000849946366176599,0.00180896963764459,0.000718640754376142,0,0,0.00111866220085466,0.00113086083849928,0,2.20282451457668e-05,1.84885105336778e-05,0,0,0,0,0,0.000117663012959521,3.00041938666886e-05,0.000211058157048556,0,0,7.69142057266861e-05,0.000100031753328756,0.000163382417876668,0.000213790237381201,0.00199320272743507,0,0.00108871630215616,0,0.0114419123385229,6.1448275328033e-05,0,0,0.000644052229557383,0,0,0,0,0,0.00291186309013804,0.00103070033851064,0.00077851475104954,0,0.0270158385880567,0.00385242061347013,0.00246051123215839,0.00011392995807191,7.56080428655531e-05
0.00106012482091032,0.000130926635386901,1.25134140735862e-05,1.51700415818587e-05,0,0,0,0,0.000867988428233934,6.40717877662539e-06,0,0,0,0,0,0.000146692596806851,0.0573269296704158,0.0397870597538589,0,0,0,0.000126284742706381,0.000144473870991761,0.000334198340139254,0.000149630634282554,0.00120096959148036,0.0026462047265374,0,0,0,0,0,0,0,0,0,0,0,0,0.0214676828887974,0.0315223726273388,0.0123324939771017,0.0309277632446574,0.000248494979127158,0.000338933371803542,0.0117476933943192,0.0197018685544754,3.7427392743523e-05,0.000284770690319806,0.00011110113566298,0,0,0,0,0,0,7.47383952033605e-05,0.00138746712952899,0,0,0,0,0.00195818135793021,0.00287624488273732,1.42942971738196e-05,0,0.000136819882431617,0,0.000104876096333579,0.00034019644274351,0,0,0.00317315724281944,0,0,0,0,0,0.0144244654712752,0.0198763929701182,0.00486919587995145,4.9090854363958e-05,0.00968123779179462,0.000179268788830192,0.0271758034318419,0.000921025377097484,0.0088655555053536
0,0,0,0.0012567404582633,0,0,0,0,0,0,0,0.0953005358651834,0,0,0,0,0,0,0,0,0,0,0,0,0,0,0,0,0,0,0,0,0,0,0,0.0330997216395652,0,0.00916465393077282,0,0,0,0,0,0,0,0.000107510423795025,0,0,0,0.000203552200120172,0,0,0,0,0,0,0,0.00382064975200543,0,0,0,0,0.0885631584418049,0,0,0,0,0,0,0,0,0,0.000595378198404008,0,0,0,0,0,0.00519412525133971,0,0.000258335281508812,0,0.00053371450094564,3.64783590554824e-06,0.00128833267004297,0,0
0.000284860699575194,0,0.00271998078387293,0,0.00526298672931985,0,0.00258984255133687,0,0.00039923085202814,0,0.0313094786766942,0,0,0,0,0,0,0,0,0,0,0,0,0,0,0,0,0,0,0,0,0,0,0,0,0,0.0290060472228735,0,0.00486124332546052,0,4.56174118414047e-05,0,4.75261942443241e-05,0,0,0,0.000476276573256919,0,8.92657337734108e-05,0,0.00103103283143969,0,0,0,0.000263729959533623,0,0.00999108385114254,0,0,0,0,0,0,0.120725331850321,0,0,0,0,0,0,0,0,0,0,0,0,0,0,0,0.00293328059204284,0,0.000664533955071155,0.00179010602607281,0.000204823495771934,0.00306111265628419,0,0
0,0,0,0,0,0,0,0,0,0,0,0,0,0,0,0.000123728263862936,0.00137551920864454,0.0120951876133619,0.000126284742706381,0,0,0,0.0266690056922096,0.00348202492121919,0,0.0140866010273442,0.000163328255897989,0.000101485493360087,0,0,0,0,0,0.00112788823719577,0,0,0,0.0174668218055292,0.000132248879246211,1.69586168988935e-05,0,5.20269896394331e-06,0,0,0,3.2883438464304e-05,0,0,0,0.000330715272709263,0,0,0,0,0,0,0,0,0,0,0,0,0,0,0.122620247273735,0.00293868250939905,0.00231103047067632,0,0.0037454496444994,1.14936333075327e-05,0.000166903454637381,0,0,0,0,0,0.000296944442357125,0,2.11658354263437e-05,0,0.00543215457528516,3.91273940295744e-05,0.00750120297807406,0.00199458593884796,1.13463747061196e-05,0,0
0,0,0,0,0,0,0,0,0,0,0,0,0,0,0,0,0.00624695158155798,0.000243460229743128,0.000144473870991761,0,0,0.0266690056922096,0,0,0.000974123349024258,0,0.0189483710456365,0,0.00719842333470107,0,0,0,0,0,0,0,0,0.00156329489247436,0.0129945496194641,0,0,0,0,0,0,0,1.88591196431558e-05,0,0.000895955177898427,0,0,0,0,0,0,0,0,0,0,0,0,0,0,0,0.00953821651782781,0.136487880457716,8.33388712619641e-05,0.0029622887109331,0,0.00927802886974944,0,0.000496343292836281,0,0,0,0,0,0,6.6374672635359e-06,6.30112063293919e-06,0.000139673412249033,0.00472180881689199,0.00593003884722333,0.00356903031292712,0,0,0
0,0,0,0,0,0,0,0,0,0.00872212001753944,0,0,0,0,0,0.0015804448824295,0.00120141749976047,0.0104041269898689,0.000334198340139254,0,0,0.00348202492121919,0,0,0,0.0450495163054965,0,0,0,0,0,0,0,0,0,0,0,0.00176068316998907,0,0.000136487572854366,0,0,0,0,0,0,0,0,0,0.00018951565469794,0,0,0,0,0,0.00127367413576459,0,0,0,0,0,0,0,0,0.00852741090178943,0,0.243059597352023,0,0.0033166226946145,0,0,0,2.1693869809462e-05,0,0,0,0.000372585565751508,0,8.96878256734557e-06,2.4233580701755e-05,0.000375933050715298,0,0.00205712246926599,9.05774852264992e-05,0.000681281747896988,0,0
0.00646576860129233,0,0,0,0,0,0,0,0.000196101455564851,0,0,0,0,0,0,0,0.0016521231694822,8.25184236787078e-05,0.000149630634282554,0,0,0,0.000974123349024258,0,0,0,0.0124969158620031,0,0,0,0,0,0,0,0,0,0,0,0.000148664304740064,0,2.30779770441672e-05,0,3.87175325670164e-05,0,0,0,1.93303445989799e-05,0,0,0,0,0,0,0,0.00119016130394614,0,0,0,0,0,0,0,0,0,0,0.0171831727834772,0,0.310448870284531,0,7.34310644418742e-05,0,0,0,0,0,0,0,0,1.42421601280078e-06,4.41931701781753e-06,0,2.5363688193121e-05,0.000331152255930996,1.77023249302401e-05,0.000674672938863701,0,0.000107148910629106
0,0,0,0,0,0,0,0,0,0.0156741379102788,0,0,0,0,0,0.0167933295705637,0.00215508008893318,0.0454782488972577,0.00120096959148036,0,0,0.0140866010273442,0,0.0450495163054965,0,0,0.0012268147775425,0.00167253300108502,0,0,0,0,0,0,0,0,0,0,0,2.4193734884906e-05,0,2.74661946074307e-05,0,0,0,0.000132818494657711,0.00011671709215736,0,0,0,0,0,0,0,0,0.00356455233723701,0,0,0,0,0,0,0,0,0.0117279585352653,0,0.0245115727959436,0,0.236149053401118,0.000253679534951791,0.0128253772847591,0,0,0,0,0,0,0,3.61217029203005e-06,0,0,0,0.00460286442194675,0.000396066538803481,9.52715403156541e-05,0,0
0,0,0,0,0,0,0,0,0.00205450571587879,0.000191380321141757,0,0,0,0,0.00167334065671535,0,0.056068968051868,0.00165606779376527,0.0026462047265374,0,0,0.000163328255897989,0.0189483710456365,0,0.0124969158620031,0.0012268147775425,0,0,0.0111478749770837,0,0,0,0,0,0,0,0,0,0,1.24091395062074e-05,9.19369323595075e-06,0.000112402475619834,0,0,0,0,0,0,0,0,0,0,0,0,0.000220701826037839,0,0,1.31900408368083e-05,0,0,0,0,0,0,0,0.00370715583569709,0,0.0092891258254811,0,0.134815935155103,0,0.0125147499595207,0,0,0,0,0,0,7.81046741836421e-05,0,1.94171568443681e-05,0,0.00515430993603485,0.000262281448169913,0.0001636730298452,0.000137298727894287,0
0,0,0,0,0,0,0,0,0,0,0,0.0126027318362545,0,0.00814495206849028,0,0,0,0,0,0,0,0.000101485493360087,0,0,0,0.00167253300108502,0,0,0,0.00912696625251588,0,0,0,0,0,0,0,0.000941288466547428,0,0,0,0,0,0,0,0,0,0,0,0,0,0,0,0,0,0,0,0.00255047390295166,0,0,0,0,0,0,0.000303848170730347,0,0,0,0.0203202637780824,0,0.139502089339744,0,0.0140106716757263,0,0,0,0,0,0,0,0.00477353712564468,0,0.00143411393616948,0,0,0,0
0,0,0,0,0,0,0,0,0,0,0.0105416521972219,0,0,0,0,0,3.07560898396703e-05,0,0,0,0,0,0.00719842333470107,0,0,0,0.0111478749770837,0,0,0,0.0367822843180894,0,0,0,0,0,0,0,0.00122752484003796,0,0,0,0,0,0,0,0,0,0,0,0,0,0,0,0,0,0.0069611729695558,0,0.00176132878761697,0,0.000303006341358138,0,0,0,0,0.00171198858590662,0,0,0,0.0179080787591075,0,0.175764205571024,0,0.0248627524991596,0,0,0,0,0,0,0,0.000517685014343908,0.00212313669687828,0.000120208654924423,0,0,0
0,0,0,0,0,0,0,0,0,0,0,0.0149158921113734,0,0,0,0,0,0,0,0,0,0,0,0,0,0,0,0.00912696625251588,0,0,0,0,0,0,0,0,0,0.00276232201153351,0,0,0,0,0,0,0,0,0,0,0,0,0,0,0,0,0,0,0,0.00314155013459106,0,0,0,0,0,0,0,0,0,0,0,0,0,0,0.206468772779091,0,0,0,0,0,0,0,0.000849155783740589,0,0.00069544502620711,0,0,0,0
0,0,0,0,0,0,0,0,0,0,0.0225724067564868,0,0,0,0,0,0,0,0,0,0,0,0,0,0,0,0,0,0.0367822843180894,0,0,0,0,0,0,0,0,0,0.00272631173234587,0,0,0,0,0,0,0,0,0,0,0,0,0,0,0,0,0,0.0176331057095563,0,0,0,0,0,0,0,0,0,0,0,0,0,0,0.000750515688673223,0,0.344591859905768,0,0,0,0,0,0,0,0.00276315139460192,0.000272845840426113,6.61224794384907e-06,0,0,0
0,0,0,0,0,0,0,0,0,0,0,0,0,0,0,0,0,0,0,0,0,0,0,0,0,0,0,0,0,0,0,0,0.288972862560981,0.00403947422337513,0,0.0110618398817484,0.000104893626006141,0,0,0,0,0,0,0,0,0,0,0.0105756958649619,0,0,0,0,0,0,0,0,0,0,0,0,0,0,0,0,0,0,0,0,0,0,0,0,0,0,0.204580129436208,0.0590626676674188,0.00600648610292398,0,0.0102398514575114,4.02014769056893e-05,0,0,0.000391156598850046,0,0,0,0
0,0,0,0,0,0,0,0,0,0,0,0,0,0,0,0,0,0,0,0,0,0,0,0,0,0,0,0,0,0,0,0.288972862560981,0,0.00112406687277284,0.00668502834705211,0.00102412516867334,0.0129145509835241,0,0,0,0,0,0,0,0,0,0,0.127766876113614,0,5.44088303188711e-05,0,0,0,0,0,0,0,0,0,0,0,0,0,0,0,0,0,0,0,0,0,0,0,0,0.0980960379423676,0.125197901079658,0,0.000264793199291531,1.3664505008259e-05,0.00228122639839978,0,0,0.00172070325832176,0,0,0,0
0,0,0,0,0,0,0,0,0,5.51095668895533e-05,0,0,0,0,0,0,0,0,0,0,0,0.00112788823719577,0,0,0,0,0,0,0,0,0,0.00403947422337513,0.00112406687277284,0,0.325197453173354,0.00664507683188088,0,0.00910673787607386,0.00308714977051333,0,0,0,0,0,0,0,0,0.223509732028752,0.00296322540553138,0,0,0,0,0,0,0.000389183979467558,0,0,0,0,0,0,0,0,0.000150476606261885,0,0.000461251291775925,0,0,0,0,0,0,0,4.52596331258479e-05,0.00158756824364947,0.176392950775208,0.0312837688273991,0.00134403861946463,0,0.00637901719515503,0.00041493187810739,0.00196196621909746,6.51002530976399e-06,6.43922560821398e-05,0,0
0,2.06198228234165e-05,0,0,0,0,0,0,0,0,0,0,0,0,0,0,0,0,0,0,0,0,0,0,0,0,0,0,0,0,0,0,0.00668502834705211,0.325197453173354,0,0,0.0117752873014342,0,0.00352891212442098,0,0,0,0,0,0,0,0,0.292506404297335,0.000181332017831366,0.00136255265540779,0,0,0,0,0,0,0,1.24834619942061e-05,0,0,0,0,0,0,0,0,0,2.71179318603668e-05,0,0,0,0,0,0,0,0,0.104217043113219,0.139422043805135,0,0.00414803210540422,0.000139061817799348,0.00141658771456163,0.00351424576136308,0.000422320635683253,9.34184805871157e-05,0,0
0,0,4.1704931274076e-05,6.83079123923189e-05,0,0.000110535477943245,0,0,1.39847957759641e-05,0,0,0.0150624788475634,0,0,0,0,0,0,0,0.0330997216395652,0,0,0,0,0,0,0,0,0,0,0,0.0110618398817484,0.00102412516867334,0.00664507683188088,0,0,0.0259475923611006,0.0156187875051341,3.02020266464264e-05,3.49190851625929e-05,0,3.96196266107263e-06,0,0,0,0,0,1.1623209178828e-05,0,0.000158383265891809,0,0,0,0,0,0,0,0.0048215056667948,0,8.70843542640559e-05,0,0,0.0279795115865435,0,0,0,0,0,0,0,0,0,0,0,0.000241750730597788,0,0.00250235810243941,0,0.0872294761759206,0.010327312125521,0.0011153428047613,0,0.0238698919204772,0.00191173101537126,0.00211890304843825,0,0
0,0,9.91164160975275e-05,1.98345272165175e-06,2.78921453667559e-05,0,0,0,2.72628755115448e-06,0,0.0109730082644176,0,0,0,0,0,0,0,0,0,0.0290060472228735,0,0,0,0,0,0,0,0,0,0,0.000104893626006141,0.0129145509835241,0,0.0117752873014342,0.0259475923611006,0,0.000120848166022439,0.0177782365004473,0,0.000204535443691228,8.82524081585213e-06,6.88956306375555e-06,0,0,0,5.23003228623032e-05,0.000292439677231198,0,0,0,0,0,0,0,0,0.00159918185299199,2.0156972641716e-05,0,0,0,0,5.92059602034492e-05,0.0271729838122083,0,0,0,0,0,0,0,0,0,0,6.33796095714066e-06,0.00246337598751754,0,0.00209859371533312,0.00131851301929918,0.0983630912504072,0,0.00297779310198009,0.020418127735662,0.0032169915545567,0.000738217105921833,0,0
0,1.35687249442474e-05,0,0,0,0,0,0,0,0.00149391738753631,0,0.020939677683854,0,0,0,0,0,0,0,0.00916465393077282,0,0.0174668218055292,0.00156329489247436,0.00176068316998907,0,0,0,0.000941288466547428,0,0.00276232201153351,0,0,0,0.00910673787607386,0,0.0156187875051341,0.000120848166022439,0,0.0137683277428155,0,0,0.000407360644464637,0,0,0,2.91233865105483e-05,0,3.67658053646526e-06,6.99207968353767e-06,0.00772750492796351,0,0,0,0,0,0.00223528582187336,0,0.00526405730081993,0,0,0,0,0.00150388876261337,0,0.00538879558029826,6.34652196854684e-05,0.00198306461637388,0,0,0,0.00159307694716446,0,0.000277833435507173,0,0,0,0.00385275145850445,0,0.0049400295443286,0,0.151160644516397,0.00150318323386548,0.0115584370181174,6.48743614716128e-05,0.00115531122655582,0,0
0,0,0,0,0,0,0,0,0.00040589291582514,0,0.0364470921500234,0,0,0,0,0,0,0,0,0,0.00486124332546052,0.000132248879246211,0.0129945496194641,0,0.000148664304740064,0,0,0,0.00122752484003796,0,0.00272631173234587,0,0,0.00308714977051333,0.00352891212442098,3.02020266464264e-05,0.0177782365004473,0.0137683277428155,0,0,0,0,1.31578196968457e-05,0,0,0,0,0.000152250060324061,0.0148874483010395,2.15824869556863e-05,0,0,0,0,3.51227958174868e-05,0,0.00396021929454913,0,0,0,0,0,0,0.00909106676484746,0,0.0101667287713219,0,0.000623813758641197,0,0,0,9.22132786430732e-05,0,0.000612020099186362,0,0,0,0.00393330583478138,0,0.00173622133232205,0.0041178843494713,0.154707913078225,0.00774868739092684,0.00058184186444112,0.00271917788338713,0,0
2.92271665300824e-05,6.34506586403276e-05,0,0.00213040320114953,0,0,0,0,2.28423307163445e-05,0,0,0,0,0,0,0,0.00161170503816646,0.00285481799382349,0.0214676828887974,0,0,1.69586168988935e-05,0,0.000136487572854366,0,2.4193734884906e-05,1.24091395062074e-05,0,0,0,0,0,0,0,0,3.49190851625929e-05,0,0,0,0,0.000505022035030269,0.0523887455557818,0.000601496445698959,0.0037671994134151,5.27093917000454e-05,0.03408833416316,0.000315478006013848,0,0.000101486143557078,0.00769914898287013,0,0,0,0,0,0,0,0.00259745784611715,0,0.00059785426878213,0,0,0.0437091931327975,2.86025698044336e-05,0,0,0,0,6.0671272606139e-05,0,0,0,0.00388586299846816,0,0,0,0,0,0.00848479777439438,0.00020320355579797,0.00360014154297533,0,0.000922351715058537,1.46208942917225e-05,0.0324267147633654,0.00210272927896872,3.48925461665303e-05
0,0,0.00310296682663251,1.01846043622347e-05,0.000293460598330001,0,0,0,0.000624324557506249,0,0,0,0,0,0,0,0.0027106161498999,0.000849946366176599,0.0315223726273388,0,4.56174118414047e-05,0,0,0,2.30779770441672e-05,0,9.19369323595075e-06,0,0,0,0,0,0,0,0,0,0.000204535443691228,0,0,0.000505022035030269,0,0.000500271590378308,0.0644458385815836,0,0.00107698083337453,0.000305005916002328,0.0380811072075219,0.00817909180735558,0.0093893306616217,8.85079352484636e-05,0,0,0,0,4.79254381136453e-05,0,0.000103342223211832,0.00014103639065848,0,0,9.46495919606906e-05,0,1.72960826908046e-05,0.0130752379444779,0,0,0,0,0,0,0,0,0.0001841230227344,0,0,0,0,0,0.000213328203765531,0.00610623464804658,6.68389896983731e-05,0,0.00143412257910356,2.00980696539124e-06,0.0523042752887064,0,0.0122491722119427
0,0.00821636996827012,1.65636673130184e-05,0.00717794991247965,0,0,0,0,0,0.00228048388578161,0,0,0,0,0,0,0.000786168999246158,0.00180896963764459,0.0123324939771017,0,0,5.20269896394331e-06,0,0,0,2.74661946074307e-05,0.000112402475619834,0,0,0,0,0,0,0,0,3.96196266107263e-06,8.82524081585213e-06,0.000407360644464637,0,0.0523887455557818,0.000500271590378308,0,0.0107541851724436,0.00263126995500848,0,0.0105016111006386,0.000639108037492016,0.0026020881183908,0.000889061127221603,0.0284787651712573,0,0,0,0,7.3152776824766e-06,0.000205162728052765,2.88152743957524e-06,0.0483841738360932,0,0.000417399526259701,0,0,0.0134743481070301,0,0,0,0,0,0,0,0,0,0.0462979869104422,0,0,0,0,2.60470614263193e-05,0.0106267686245257,0.000124203428372864,0.00828204087531264,8.94994865882484e-06,0.0037238518304972,5.26631790921393e-06,0.0867734186266409,0.00876242185786998,0.000290754195758111
0.00519428799473835,4.3215479261264e-05,0.00427892247885633,1.79104700616365e-05,0.00022512750073568,0,0,0,0.012418980007052,0,0,0,0,0,0,0,0.0017918460839914,0.000718640754376142,0.0309277632446574,0,4.75261942443241e-05,0,0,0,3.87175325670164e-05,0,0,0,0,0,0,0,0,0,0,0,6.88956306375555e-06,0,1.31578196968457e-05,0.000601496445698959,0.0644458385815836,0.0107541851724436,0,3.39012855331093e-05,0.000112795979301955,0.000103389597161067,0.0173367673440366,0.0067930275582133,0.0140069450093516,0.000287952064245816,0,0,0,0,0.000955433631325087,0,0.00204285781989896,4.66430414270707e-05,0,5.01060952523644e-06,0,0,6.06733582287733e-06,0.00259904749184381,0,0,0,3.06875873829734e-05,0,0,0,0,0.00015691940946543,2.84183844801247e-05,0,0,0,0,0.000207217854857821,0.00692563411390332,5.16684692151941e-05,4.71880850542724e-05,0.00586957023904948,7.35994065401563e-06,0.163976427842512,6.83932486652064e-06,0.0463391284210421
0,0,0,0,0,0,0,0,0,0,0,0,0,0,0,0,0,0,0.000248494979127158,0,0,0,0,0,0,0,0,0,0,0,0,0,0,0,0,0,0,0,0,0.0037671994134151,0,0.00263126995500848,3.39012855331093e-05,0,0,0.000481971232651545,1.4296780387139e-05,0,0,2.10754139697532e-05,0,0,0,0,0,0,0,1.82624026756045e-05,0,0,0,0,0.000309433095134072,0,0,0,0,0,0,0,0,0,0,0,0,0,0,0,0.000329400417102417,0,4.01079257345907e-05,0,7.4690012554312e-05,0,0.0014786736021352,8.35913230473346e-05,7.51326601517513e-05
0,0,0,0,0,0,0,0,0,0,0,0,0,0,0,0,0,0,0.000338933371803542,0,0,0,0,0,0,0,0,0,0,0,0,0,0,0,0,0,0,0,0,5.27093917000454e-05,0.00107698083337453,0,0.000112795979301955,0,0,0,0.00246352254294419,0,0,0,0,0,0,0,0,0,0,0,0,0,0,0,0,0.000372900799689538,0,0,0,0,0,0,0,0,0,0,0,0,0,0,0,0.00144830266936517,0,1.57179402255237e-05,0,0,0.00177854392260624,0,0
0,1.6223455272278e-05,0,0.00011549804773843,0,0,0,0,0,0,0,2.55813501734146e-05,0,0,0,0,0.00170476145522484,0.00111866220085466,0.0117476933943192,0.000107510423795025,0,3.2883438464304e-05,0,0,0,0.000132818494657711,0,0,0,0,0,0,0,0,0,0,0,2.91233865105483e-05,0,0.03408833416316,0.000305005916002328,0.0105016111006386,0.000103389597161067,0.000481971232651545,0,0,0.000252183078344546,0,1.98561313842201e-05,0.00237798462201593,0,0,0,0,0,0,0,0.0014839229112849,0,0,0,0,0.0111433698347055,0,0,0,0,0,0,0,0,0,0.00333156063772513,0,0,0,0,0,0.00659636368943717,0.000152291183628036,0.0035545149469148,0,0.000484220106319189,4.36617187616348e-06,0.012728690811553,9.79417421560279e-05,0.000219883781043661
0,0,0.0045166013125204,0,0.000781755044471393,0,0,0,6.44640418420606e-05,0,0,0,0,0,0,0,0.00222502403310367,0.00113086083849928,0.0197018685544754,0,0.000476276573256919,0,1.88591196431558e-05,0,1.93303445989799e-05,0.00011671709215736,0,0,0,0,0,0,0,0,0,0,5.23003228623032e-05,0,0,0.000315478006013848,0.0380811072075219,0.000639108037492016,0.0173367673440366,1.4296780387139e-05,0.00246352254294419,0.000252183078344546,0,7.73792739775547e-05,0.00244156314365338,0.000180643598522314,0,0,0,0,0.00109268124476149,0,3.62405629445519e-05,1.41239540929357e-05,0,0,0,0,3.29321487822949e-05,0.100486317163929,0,0,0,0,0,0,0,0,3.84845301626576e-05,0,0,0,0,0,0.000285787038480448,0.0123844360313191,9.22295923656974e-05,0.00200718938900967,0.00109837384969765,0,0.0268629298291298,0,0.000505214310270074
0,0.000237006883892265,0.000214465158117898,0.000110186604142401,1.6805091500933e-05,0,0,0,0,5.20799309318594e-05,0,0,0,0,0,0,0,0,3.7427392743523e-05,0,0,0,0,0,0,0,0,0,0,0,0,0.0105756958649619,0.127766876113614,0.223509732028752,0.292506404297335,1.1623209178828e-05,0.000292439677231198,3.67658053646526e-06,0.000152250060324061,0,0.00817909180735558,0.0026020881183908,0.0067930275582133,0,0,0,7.73792739775547e-05,0,0.0741036497838297,0.102733370783988,0,0,0,0,0,0,5.75168143794949e-06,8.90236606485928e-05,0,0,0,0,2.15307352474164e-05,0,0,0,0,0,0,0,0,0,0,0,0.285677673889179,0.0321919639899334,0.405119065112512,0.00388893553874782,0.00478779647269135,0.00918591828567192,0.0217700249456526,0.00336376541955141,0.00142227635441545,0,0.0122476582342535,1.83639528226801e-05,0.000163597390630601
0.0261078512381554,0.000111581075763864,0.0198528687899601,0.000159558265696994,0.000539675973406491,0,0,0,0.00340776765075868,0,0,0,0,0,0,0,2.3777473836159e-06,2.20282451457668e-05,0.000284770690319806,0,8.92657337734108e-05,0,0.000895955177898427,0,0,0,0,0,0,0,0,0,0,0.00296322540553138,0.000181332017831366,0,0,6.99207968353767e-06,0.0148874483010395,0.000101486143557078,0.0093893306616217,0.000889061127221603,0.0140069450093516,0,0,1.98561313842201e-05,0.00244156314365338,0.0741036497838297,0,0.0110732809651161,0,0,0,0,0.000207028663210005,0,8.14361624536028e-05,6.41099550667886e-05,0,0,1.78655481992203e-05,0,5.27589614091045e-05,0.000119646541494378,0,0.00176207549078524,0,0.00114618069241584,0,0,0,0,2.15508322707851e-05,0.00655539913246527,0,0.000736751690499696,0.000570467020195376,0,2.8530526837467e-06,0.00365347026626848,0.00050829320624783,0.0102990201584927,0.00102734330725775,0,0.0381701295221428,0.000122156360764908,0.00130110449868674
0,0.0269729477014399,0.000358673057967875,0.00867747051095726,6.14672710453354e-05,5.06044911976235e-05,0,0,0.000182560469826606,0,0,0,0,0,0,0,1.52111697994965e-05,1.84885105336778e-05,0.00011110113566298,0.000203552200120172,0,0.000330715272709263,0,0.00018951565469794,0,0,0,0,0,0,0,0,5.44088303188711e-05,0,0.00136255265540779,0.000158383265891809,0,0.00772750492796351,2.15824869556863e-05,0.00769914898287013,8.85079352484636e-05,0.0284787651712573,0.000287952064245816,2.10754139697532e-05,0,0.00237798462201593,0.000180643598522314,0.102733370783988,0.0110732809651161,0,0,0,0,0,7.91977342001061e-05,0,0,0.00685892178657158,0,0.00338114494224648,0,0.00775008608569125,0.00115192448215397,0,0.00276389715992775,0,0.00358432104441335,0,0.00367224477747457,0,0,0,0.0122672213398322,0,0.00767188637049994,0,0.0216742734727889,0.000253909212034625,0.00078440066015432,2.41442923444386e-05,0.011983392525361,0.000408522611575907,0.00132790365746076,0,0.054292965346387,0.000244373602596014,0
0,0,0.00273105260960181,0,0.00976843917596076,0,0,0,0,0,6.82239386433081e-05,0,0,0,0,0,0,0,0,0,0.00103103283143969,0,0,0,0,0,0,0,0,0,0,0,0,0,0,0,0,0,0,0,0,0,0,0,0,0,0,0,0,0,0,0,0,0,0,0,0.00151982068217392,0,3.03986729794092e-05,0,0,0,0,0.000241391820093621,0,0,0,0,0,0,0,0,0,0,0,0,0,0,0,0,0,0,3.88334456147277e-06,0,0.00171561463138004,0,0
0,0,0,0,0,0.000445186422439292,0,0,0,0,0,0,0,0,0,0,0,0,0,0,0,0,0,0,0,0,0,0,0,0,0,0,0,0,0,0,0,0,0,0,0,0,0,0,0,0,0,0,0,0,0,0,0,0.000267094030277804,0,0,0,4.83984251872485e-05,0,0,0,0,0,0,0,0,0,0,0,0,0,0,0,0,0,0,0,0,0,0,0,0,0,0,0,0,0
0,0,0,0,0,0,0.0374499543058862,0,0,0,0.00224372894477054,0,0,0,0,0,0,0,0,0,0,0,0,0,0,0,0,0,0,0,0,0,0,0,0,0,0,0,0,0,0,0,0,0,0,0,0,0,0,0,0,0,0,0,0,0,0,0,0,0,0,0,0,0,0,0,0,0,0,0,0,0,0,0,0,0,0,0,0,0,0,0,0.000516595832792766,0,0,0,0
0,0,0,0,0,0,0,0.00499803496197397,0,0,0,0,0,0,0,0,0,0,0,0,0,0,0,0,0,0,0,0,0,0,0,0,0,0,0,0,0,0,0,0,0,0,0,0,0,0,0,0,0,0,0,0.000267094030277804,0,0,0,0,0,0.00826063882377907,0,0,0,0,0,0,0,0,0,0,0,0,0,0,0,0,0,0,0,0,0,0,0,0,0,0,0,0,0
0.0395241720433612,0,0.0680570585639918,3.63100519864864e-05,0.0140075963786203,0,0,0,0.0763306657419852,0,0,0,0,0,0.00824624898542712,0,0.000128107282153132,0,0,0,0.000263729959533623,0,0,0,0.00119016130394614,0,0.000220701826037839,0,0,0,0,0,0,0,0,0,0,0,3.51227958174868e-05,0,4.79254381136453e-05,7.3152776824766e-06,0.000955433631325087,0,0,0,0.00109268124476149,0,0.000207028663210005,7.91977342001061e-05,0,0,0,0,0,0,0.000317291254390325,0,0,0,0.00792380738050008,0,0,5.6159491200981e-05,0,0,0,0.0312297684495957,0,0,0,0,0,0,0,0,0,0,7.87225643723101e-06,3.24857025808654e-05,0,0,8.94726065217287e-05,0,0.00471832409890806,0,0
0,0.0235853407181863,0,0,0,0,0,0,0,0.3674510881941,0,0,0,0,0,0.0661363969817284,0,0.000117663012959521,0,0,0,0,0,0.00127367413576459,0,0.00356455233723701,0,0,0,0,0,0,0,0.000389183979467558,0,0,0,0.00223528582187336,0,0,0,0.000205162728052765,0,0,0,0,0,0,0,0,0,0,0,0,0,0,0,0,0,0,0,0.0523973578318717,0,0,0,0,0.0124006456490328,0,0,0,0,0,0,0,0,0,0.00038890837125437,0,0,0,0.000364062823670267,0,0.000379960343053315,0,0.00118496365813912,0,0
0,0,0.00157395095304916,7.01968058995465e-06,0.000208666184333343,0,0.000258698011986387,0,7.48444391144864e-05,0,0.162363462166007,0,0.070761130921367,0,0,0,4.97990053926713e-05,3.00041938666886e-05,7.47383952033605e-05,0,0.00999108385114254,0,0,0,0,0,0,0,0.0069611729695558,0,0.0176331057095563,0,0,0,0,0,0.00159918185299199,0,0.00396021929454913,0,0.000103342223211832,2.88152743957524e-06,0.00204285781989896,0,0,0,3.62405629445519e-05,5.75168143794949e-06,8.14361624536028e-05,0,0.00151982068217392,0,0,0,0.000317291254390325,0,0,0,0.013468685502809,0,0.00153699743883398,0,0,0.00563964811674985,0,0,0,0,0,0,0,0,0,0.0115338403932905,0,0,0,0,9.90527892077877e-06,1.3598374606358e-05,0,2.55271511062697e-05,0.00209890334883709,0,0.00187184569927121,8.57822872015433e-06,0.000656458786017863
0,2.8621875981207e-05,0,0.0061957182234421,0,0.00205980315659659,0,0.000161043557454832,0,1.25447495251561e-05,0,0.119155673845948,0,0.0496752496013825,0,0,0.00044886310950232,0.000211058157048556,0.00138746712952899,0.00382064975200543,0,0,0,0,0,0,1.31900408368083e-05,0.00255047390295166,0,0.00314155013459106,0,0,0,0,1.24834619942061e-05,0.0048215056667948,2.0156972641716e-05,0.00526405730081993,0,0.00259745784611715,0.00014103639065848,0.0483841738360932,4.66430414270707e-05,1.82624026756045e-05,0,0.0014839229112849,1.41239540929357e-05,8.90236606485928e-05,6.41099550667886e-05,0.00685892178657158,0,4.83984251872485e-05,0,0.00826063882377907,0,0,0,0,0,0.00240592006559822,0,3.51826550377332e-05,0.0206669121940579,0,0,0,0,0,1.66887226757534e-05,0,0,0,0.0506698931719251,0,0,0,0,0,0.00056015394967489,2.89405678843979e-05,0.000247828976208659,0,0.00211167498891165,3.07371135230279e-05,0.0375907708288286,0.00315893895014449,0
0,0,0.00558802825495737,0,0.000247251608661045,0,0.00230720934239179,0,0,0,0.0267903704601518,0,0.131829137611687,0,0.000481510290950081,0,0,0,0,0,0,0,0,0,0,0,0,0,0.00176132878761697,0,0,0,0,0,0,0,0,0,0,0,0,0,0,0,0,0,0,0,0,0,3.03986729794092e-05,0,0,0,0,0,0.013468685502809,0,0,0,0.00262823064040274,0,0,0,0,0,0,0,0,0,0,0.00026305416743614,0,0,0,0,0,0,0,0,0,0,0.00270328811829897,0.00103330357086171,0.000404648100235721,0,0
0,0,0,0.008437236355411,0,0,0,0.00374149578832246,0,0,0,0.0342483236135827,0,0.0121336581564863,0,0.022416386151831,0,0,0,0,0,0,0,0,0,0,0,0,0,0,0,0,0,0,0,8.70843542640559e-05,0,0,0,0.00059785426878213,0,0.000417399526259701,5.01060952523644e-06,0,0,0,0,0,0,0.00338114494224648,0,0,0,0,0,0,0,0.00240592006559822,0,0,0,0,5.72507012157336e-05,0,0,0,0,0,0,0,0,0,0.000173953607377276,0,0,0,0,0,0.000228837356863977,0,7.45903010223799e-05,0,0.000432069938650865,4.0461776568886e-05,0.00684586061518562,0,0
0.000151449551426012,0,0.0264055734625769,0,0.000487643245084503,0,0,0,0.00448022495009041,0,0,0,0.00164730186927198,0,0.0505530622860886,0,0.00235829132380693,7.69142057266861e-05,0,0,0,0,0,0,0,0,0,0,0.000303006341358138,0,0,0,0,0,0,0,0,0,0,0,9.46495919606906e-05,0,0,0,0,0,0,0,1.78655481992203e-05,0,0,0,0,0,0.00792380738050008,0,0.00153699743883398,0,0.00262823064040274,0,0,0,0,5.73520183936482e-05,0,0,0,6.19518005931228e-05,0,0.00048223756311927,0,0,0,0,0,0,0,0,0,2.54366208994313e-06,0,0,0.000453667743297041,0,0.00110770626717197,0,0
0,0.00906939223208031,0,7.52214928290149e-05,0,0,0,0,0,0.00298549043580701,0,0,0,0,0,0.0134372659069209,0,0.000100031753328756,0,0,0,0,0,0,0,0,0,0,0,0,0,0,0,0,0,0,0,0,0,0,0,0,0,0,0,0,0,0,0,0.00775008608569125,0,0,0,0,0,0.0523973578318717,0,3.51826550377332e-05,0,0,0,0,0,0,0,0,0,0,0.00140278207107835,0,0,0,0,0,0,0,0,0,0,0,0,0,0.00018477527725085,0,0.000702771231935564,0,0
0,0,0,0.000538320809297843,0,0,0,0,0,0,0,0.0250123355000034,0,0,0,0,0.000184826102212359,0.000163382417876668,0.00195818135793021,0.0885631584418049,0,0,0,0,0,0,0,0,0,0,0,0,0,0,0,0.0279795115865435,5.92059602034492e-05,0.00150388876261337,0,0.0437091931327975,1.72960826908046e-05,0.0134743481070301,6.06733582287733e-06,0.000309433095134072,0,0.0111433698347055,3.29321487822949e-05,2.15307352474164e-05,5.27589614091045e-05,0.00115192448215397,0,0,0,0,0,0,0,0.0206669121940579,0,5.72507012157336e-05,0,0,0,0,0,0,0,0,0,0,0,0,0.0181971604710046,0,0,0,0,0,0.0201203185003192,5.21716661535496e-05,0.0104518051736743,0,0.00151116141770748,7.10041915802606e-06,0.0167258164137898,0.000399872224223841,0
0,0,0.000565393341553412,0,0.00125258777447196,0,0,0,0.00024598298551008,0,0.0218724070954534,0,0,0,0,0,0.000306691923197009,0.000213790237381201,0.00287624488273732,0,0.120725331850321,0,0,0,0,0,0,0,0,0,0,0,0,0,0,0,0.0271729838122083,0,0.00909106676484746,2.86025698044336e-05,0.0130752379444779,0,0.00259904749184381,0,0.000372900799689538,0,0.100486317163929,0,0.000119646541494378,0,0.000241391820093621,0,0,0,5.6159491200981e-05,0,0.00563964811674985,0,0,0,5.73520183936482e-05,0,0,0,0,0,0,0,0,0,0,0,0,0,0,0,0,0,1.45980634061863e-05,0.0181637415678477,5.97565620331923e-06,0.00446741007403954,0.00222328237986824,1.3485287948294e-05,0.0198411080468999,0,0.000471209097419544
0,0,0,0,0,0,0,0,0,0,0,0,0,0,0,3.80739214030736e-05,0.000225776538068734,0.00199320272743507,1.42942971738196e-05,0,0,0.122620247273735,0.00953821651782781,0.00852741090178943,0,0.0117279585352653,0,0.000303848170730347,0,0,0,0,0,0.000150476606261885,0,0,0,0.00538879558029826,0,0,0,0,0,0,0,0,0,0,0,0.00276389715992775,0,0,0,0,0,0,0,0,0,0,0,0,0,0,0,1.34904115364503e-05,0.00786062882447366,0,0.00222335623582555,0,0.001098495572242,0,0,0,0,0,0,0,2.76779955807271e-06,0,0.00113457521473751,0,0.00352930220922705,0.000961157124524439,0,0,0
0,0,0,0,0,0,0,0,0,0,0,0,0,0,0,0,2.54792919433388e-05,0,0,0,0,0.00293868250939905,0.136487880457716,0,0.0171831727834772,0,0.00370715583569709,0,0.00171198858590662,0,0,0,0,0,0,0,0,6.34652196854684e-05,0.0101667287713219,0,0,0,0,0,0,0,0,0,0.00176207549078524,0,0,0,0,0,0,0,0,0,0,0,0,0,0,0,1.34904115364503e-05,0,0,0.000523236588780552,0,0.00454439345073062,0,0.000198189777296206,0,0,0,0,0,0,0,0,0,0.00310366058645055,0.00215011435275992,0.000679171260236655,0,0,0
0,0,0,0,0,0,0,0,0,0.000508052395351847,0,0,0,0,0,0,0.00182527218343554,0.00108871630215616,0.000136819882431617,0,0,0.00231103047067632,8.33388712619641e-05,0.243059597352023,0,0.0245115727959436,0,0,0,0,0,0,0,0.000461251291775925,0,0,0,0.00198306461637388,0,0,0,0,0,0,0,0,0,0,0,0.00358432104441335,0,0,0,0,0,0.0124006456490328,0,0,0,0,0,0,0,0,0.00786062882447366,0,0,0,0.000142142237715714,0,0,0,3.00038613348982e-05,0,0,0,0.00182945091963165,0,0,0,0.00301307150409592,0,0.00128195613919545,0,0.0035354155424731,0,0
0.0118705132685366,0,0,0,0,0,0,0,0.00350132912508486,0,0,0,0,0,0.000181334799148693,0,0,0,0,0,0,0,0.0029622887109331,0,0.310448870284531,0,0.0092891258254811,0,0,0,0,0,0,0,2.71179318603668e-05,0,0,0,0.000623813758641197,0,0,0,3.06875873829734e-05,0,0,0,0,0,0.00114618069241584,0,0,0,0,0,0.0312297684495957,0,0,0,0,0,6.19518005931228e-05,0,0,0,0,0.000523236588780552,0,0,0,0,0,0,0,0,0,0,0,0,0,0,0,5.22202493662642e-05,0.000130950190370245,0,0.001784370268366,0,0
0,0,0,0,0,0,0,0,0,0.0021129335011378,0,0,0,0,0,0.0083210895314148,0.000275694953787218,0.0114419123385229,0.000104876096333579,0,0,0.0037454496444994,0,0.0033166226946145,0,0.236149053401118,0,0.0203202637780824,0,0,0,0,0,0,0,0,0,0,0,6.0671272606139e-05,0,0,0,0,0,0,0,0,0,0.00367224477747457,0,0,0,0,0,0,0,1.66887226757534e-05,0,0,0,0.00140278207107835,0,0,0.00222335623582555,0,0.000142142237715714,0,0,0,0.0042290919113808,0,0,0,0,0,0,0,8.02409420765625e-06,0,2.95300596884904e-06,0,0.000749254353247927,4.57190716400779e-05,0.000873284896669089,0,0
0,0,0,0,0,0,0,0,0,0,0,0,0,0,0,0,0.00343553661699274,6.1448275328033e-05,0.00034019644274351,0,0,1.14936333075327e-05,0.00927802886974944,0,7.34310644418742e-05,0.000253679534951791,0.134815935155103,0,0.0179080787591075,0,0,0,0,0,0,0,0,0,0,0,0,0,0,0,0,0,0,0,0,0,0,0,0,0,0,0,0,0,0,0,0.00048223756311927,0,0,0,0,0.00454439345073062,0,0,0,0,0,0.00233414045341504,0,0,0,0,0,0,0,0,0,0,0.000637178907001695,8.33742761983521e-06,0,0,0
