0,0,65.1970451772213,0,0,0,0,0,666.843896478415,0,0,0,0,0,0,0,0.557605922222137,0,33.1965319365263,0,0,0,0,0,0,0,0,0,0,0,0,0,0,0,0,0,0,0,0,0,13.3025850951672,0.383557051420212,35.6173040568829,0,0,0.217812061309814,16.4946234077215,1.16009247303009,250.911222100258,0,0,0,0,0,90.2375782430172,0,0,0,0,0,55.0735303163528,0,0,3.54019364714622,0,0,0,0,0,0,0,0,0,0.765006422996521,0,0,0,0,0,35.2239598482847,0,2.32606363296509,187.553208127618,2.47202888131142,97.9382930248976,0,1.64864215254784
0,0,0,123.669441610575,0,0,0,0,0,188.052545487881,0,0,0,0,0,0,3.15745961666107,0.8388512134552,53.781169116497,0,0,0,0,0,0,0,0,0,0,0,0,0,0,0,0,0.190104335546494,0,0,0,27.1505946218967,0,604.368669003248,0.184950172901154,0,0,38.7234562635422,0,0,0,102.487287819386,0,0,0,0,0,329.481900721788,0,3.39243197441101,0,0,0,29.5842289924622,15.9305466860533,0,0,0,0,0,0,0,0,0,3.84255532920361,0,0,0,0,0,103.734499290586,0,1.27552601695061,0,249.781622156501,4.33093971014023,265.858590692282,1.1002924144268,0
65.1970451772213,0,0,0,51.4648906737566,0,0,0,499.780944943428,0,0,0,0,0,0,0,0.0961522087454796,0.933268576860428,8.26598549634218,0,8.59264421463013,0,0,0,0,0,0,0,0,0,0,0,0,0,0,0,0.57157176733017,0,0,0.81621265411377,23.0163849070668,0,195.410211287439,0,0,0,15.1833204552531,2.65128175914288,295.475466780365,0.288388639688492,87.0183941572905,0,0,0,38.7324679493904,0,34.1250083446503,0,23.6083283126354,0,1.57937359809875,0,0,13.8970779776573,0,0,0,0,0,0,0,0,0,44.770570486784,0,0,0,0,1.87683367729187,46.9480798915029,0,11.8669194728136,147.605830729008,1.89504691958427,406.903099671006,0,25.5672460049391
0,123.669441610575,0,0,0,432.972718566656,0,0,0,403.906110525131,0,0,0,0,0,1.03179240226746,0.399736404418945,0.192977011203766,9.78111982345581,0.192915603518486,0,0,0,0,0,0,0,0,0,0,0,0,0,0,0,14.4053906351328,0,0,0,39.8783357515931,0,135.722004532814,0.416105076670647,0,0,11.9270604103804,0.291612058877945,11.43274974823,4.40405981242657,212.864930167794,0,233.944628849626,0,0,0,767.271174997091,0,172.423680230975,0,76.0037614703178,0,12.2972555160522,21.6396065726876,0,0,0,0,0,0,0,0,0,18.3363253027201,0,0,0,0,0,53.2469300851226,0,5.45571631193161,0,310.431883051991,6.36169219017029,443.837126716971,7.78955537080765,0
0,0,51.4648906737566,0,0,0,70.2594952583313,0,10.743949174881,0,1.70985531806946,0,5.77525162696838,0,0,0,3.99169313907623,0,13.8405343294144,0,332.420669674873,0,0,0,0,0,0,0,0,0,0,0,0,0,0,0,13.5696877241135,0,0,0,27.517230540514,0,80.4772630184889,0,0,0,8.4720872938633,4.491465523839,33.7994256615639,2.58263105154037,622.220651775599,0,89.2435820102692,0,0,0,9.69864545762539,0,13.0906821489334,0,31.7237564921379,0,0,86.8567139357328,0,0,0,0,0,0,0,0,0,4.77955673635006,0,0,0,0,0,21.5990234017372,0,9.55150279402733,989.929326310754,10.3484997749329,539.395050384104,0,6.93652582913637
0,0,0,432.972718566656,0,0,0,43.3382075428963,0,40.1386120319366,0,12.4526421427727,0,40.3745533823967,0,37.0487475991249,0,0.156080514192581,7.57304689288139,256.412283137441,0,0,0,0,0,0,0,0,0,0,0,0,0,0,0,102.93121470511,0,0.198224112391472,0,42.981832832098,1.40273249149323,110.763894349337,3.120620906353,0,0,11.8169062584639,0,29.6428698003292,4.84698437154293,46.62543207407,0,264.99398458004,0,0,0,31.7114192843437,0,75.0790855586529,0,0,0,42.9044525176287,121.939909718931,0,0,0,0,0,0,0,0,0,9.45120157301426,0,0,0,0,0,120.002795003355,0,15.359035924077,0,1773.32145750523,86.9883486032486,682.164478749037,2.6348425000906,0
0,0,0,0,70.2594952583313,0,0,0,0,0,1.90573513507843,0,71.2567353248596,0,0,0,0,0,0,0,0,0,0,0,0,0,0,0,0,0,0,0,0,0,0,0,0,0,0,0,0,0,0,0,0,0,0,0,0,0,36.9675922393799,0,1062.59130722284,0,0,0,24.5394403934479,0,20.0909426212311,0,0,0,0,0,0,0,0,0,0,0,0,0,0,0,0,0,0,0,0,0,0,0,456.189362406731,25.9730858802795,0,0,0
0,0,0,0,0,43.3382075428963,0,0,0,0,0,10.9860275089741,0,26.3404521942139,0,4.3454076051712,0,0,0,0,0,0,0,0,0,0,0,0,0,0,0,0,0,0,0,0,0,0,0,0,0,0,0,0,0,0,0,0,0,0,0,149.50130045414,0,957.254357516766,0,0,0,26.1492926478386,0,50.7764176726341,0,1.60546809434891,6.10456693172455,0,0,0,0,0,0,0,0,0,0,0,0,0,0,0,0,0,0,0,175.489631175995,0,0,0,0
666.843896478415,0,499.780944943428,0,10.743949174881,0,0,0,0,0,0,0,0,0,4,0,1.71607220172882,0,0.834590658545494,0,0,0,0,0,50.2932171821594,0,0,0,0,0,0,0,0,0,0,0,0,0,147.442010492086,0,4.39874589443207,0,51.5634735301137,0,0,0,0.906698048114777,2.8502504825592,26.8445961773396,0,0,0,0,0,847.719916373491,0,5.16453611850739,0,0,0,5.25275480747223,0,0,0,0,0,0,3.7069046497345,0,0,0,0,0,6.74577912688255,0,0,0,0,0,5.48850095272064,0,60.4844102263451,728.515150681138,0.208198636770248,305.714471593499,0,8.73135314881802
0,188.052545487881,0,403.906110525131,0,40.1386120319366,0,0,0,0,0,0,0,0,0,389.797550857067,0,18.8278950154781,1.5824436545372,5.47881999611855,0,0,0,5.90348792076111,0,3.10813498497009,0,0,0,0,0,0,0,0,0,2.83571434020996,0,32.5724297463894,0.489791914820671,2.37365464866161,0,76.4226384013891,0,0,0,0.217562317848206,0,0,1.12541854381561,31.0606166422367,0,11.2029185295105,0,0,0,1133.84157578647,0,17.0239955186844,0,0,0,638.231893181801,0,0,0,0,31.4061521589756,0,11.4404399394989,0,0,0,1.6803877055645,0,0,0,0,0,6.56837017834187,0,125.916397750378,0,786.592491209507,2.65186294913292,111.30018427968,13.8724753856659,0
0,0,0,0,1.70985531806946,0,1.90573513507843,0,0,0,0,0,835.124900817871,0,0,0,0,0,0,0,803.168159782887,0,0,0,0,0,0,0,84.0517635345459,0,56.0559062957764,0,0,0,0,0,90.0952945947647,0,1318.10850012302,0,0,0,0,0,0,0,0,0,0,0,16.7550391852856,0,21.0194685459137,0,0,0,343.318090364337,0,25.7110726833344,0,0,0,0,239.262167692184,0,0,0,0,0,0,0,0,0,1.914222240448,0,0,0,0,0,118.144098132849,0,196.304442048073,215.704412162304,0,29.5233840048313,0,0
0,0,0,0,0,12.4526421427727,0,10.9860275089741,0,0,0,0,0,288.733837991953,0,0,1.99988198280334,0,0.707243204116821,367.825010836124,0,0,0,0,0,0,0,0.163536369800568,0,2.28031592071056,0,0,0,0,0,141.707521855831,0,437.600733399391,0,0.545717254281044,0,0,0,0,0,3.25739735364914,0,0,0,0,0,16.0897388458252,0,0,0,0,0,2063.09126459062,0,799.907306939363,0,0,153.46709908545,0,0,0,0,0,0,0,30.9744753837585,0,0.730827033519745,0,0,0,0,0,4.13699008524418,0,93.1346366405487,0,353.686679199338,0,63.97131305933,0,0
0,0,0,0,5.77525162696838,0,71.2567353248596,0,0,0,835.124900817871,0,0,0,0,0,0,0,0,0,0,0,0,0,0,0,0,0,0,0,7.63347625732422,0,0,0,0,0,0,0,0,0,0,0,0,0,0,0,0,0,0,0,0,0,137.14786875248,0,0,0,33.6251912117004,0,226.482776224613,0,9.87012255191803,0,0,0,0,0,0,0,0,0,0,0,0,0,0,0,0,0,0,0,0,0,114.99525308609,0,0,0,0
0,0,0,0,0,40.3745533823967,0,26.3404521942139,0,0,0,288.733837991953,0,0,0,54.1928604245186,0,0,0,0,0,0,0,0,0,0,0,0,0,0,0,0,0,0,0,0,0,0,0,0,0,0,0,0,0,0,0,0,0,0,0,0,0,27.0386039018631,0,0,0,58.4692815840244,0,1855.32023137808,0,103.232342422009,0,0,0,0,0,0,0,0,61.4610471725464,0,0,0,0,0,0,0,0,0,0,0,288.790851414204,40.8039880990982,0,0,0
0,0,0,0,0,0,0,0,4,0,0,0,0,0,0,0,221.022284701467,14.543760985136,0,0,0,0,0,0,0,0,0,0,0,0,0,0,0,0,0,0,0,0,0,0,0,0,0,0,0,0,0,0,0,0,0,0,0,0,9.59655046463013,0,0,0,4.74084758758545,0,7.2627454996109,0,0,0,0,0,0,0,0,0,0,0,0,0,0,0,0,0,0,0,0,0,54.308496773243,0,0,0,0
0,0,0,1.03179240226746,0,37.0487475991249,0,4.3454076051712,0,389.797550857067,0,0,0,54.1928604245186,0,0,0,12.0665148496628,0,0,0,0,0,0,0,0,0,0,0,0,0,0,0,0,0,0,0,0,0,0,0,0,0,0,0,0,0,0,0,0,0,52.8847439587116,0,0,0,408.896973907948,0,0,0,15.7120071649551,0,71.5909335613251,0,0,0,0,0,0,0,0,0,0,0,0,0,0,0,0,0,0,0,0,190.724566757679,0,0,0,0
0.557605922222137,3.15745961666107,0.0961522087454796,0.399736404418945,3.99169313907623,0,0,0,1.71607220172882,0,0,1.99988198280334,0,0,221.022284701467,0,0,16571.0787542313,6243.65908004344,0,0,0,388.316626816988,0,43.5080904364586,10.7510797977448,167.744922876358,0,0,0,0,0,0,0,0,1.01811271905899,0,0,0,68.1916769444942,168.89169536531,33.1909488216043,78.3937587961555,0,0,40.0140985846519,74.7053089216352,0,2.0029226988554,0.233928337693214,0.861121356487274,0.170458227396011,0,0,0,0,1.26777541637421,8.21677212417126,0,0,124.648045539856,0,24.7971577197313,23.058607660234,0,57.0694828033447,0,0,0,148.947261616588,0,0,6.41778552532196,1.1307160332799,0,0,0,0,168.173576228321,197.269976362586,16.18489215523,13.8192129433155,12727.2256383896,1750.35547053069,159.322141051292,10.9923012405634,18.9493065625429
0,0.8388512134552,0.933268576860428,0.192977011203766,0,0.156080514192581,0,0,0,18.8278950154781,0,0,0,0,14.543760985136,12.0665148496628,16571.0787542313,0,5975.27998951077,0,0,85.8010580539703,0.338990211486816,267.428154885769,0,75.3717349171638,6.80691528320312,0,0,0,0,0,0,0,0,0.780519053339958,0,0,0,80.0979433506727,37.8601636365056,53.4419065564871,8.90434239804745,0,0,44.710069000721,19.8382793813944,0,0,0.942788600921631,0,0,0,0,0,0,1.05626058578491,9.47263761609793,0,0,2.13768315315247,0,26.1512317657471,1.92112630605698,0,0,77.9383988380432,0,4.34248745441437,3.66422981023788,0,0,2.16740243136883,0.809769302606583,0,0,0,0,169.54662271589,44.9156863987446,30.28289963305,3.91683296859264,19424.8925309926,9568.34855650365,114.590971902013,35.6035091355443,2.21794725954533
33.1965319365263,53.781169116497,8.26598549634218,9.78111982345581,13.8405343294144,7.57304689288139,0,0,0.834590658545494,1.5824436545372,0,0.707243204116821,0,0,0,0,6243.65908004344,5975.27998951077,0,3.68245762586594,0,0,0,0,0,0,1.29060328006744,0,0,0,0,0,0,0,0,7.58321207761765,2.53864030539989,4.9789525270462,0,787.327933207154,1413.00247757137,704.20459484309,490.125848211348,0,7.748002409935,457.9171782583,1037.07340866327,0.875906884670258,7.55377154052258,6.28272111713886,0.656322717666626,2.10280169546604,0,0,0,0,8.04410921037197,183.243714421988,0,0,5.32662856578827,0,257.353065244853,143.430092841387,0,0,0,0,0,5.48102411627769,0,0,85.0205934196711,68.3378704041243,0,0,0,0,2146.6493325904,1831.23364882916,461.04682328552,207.829646319151,7685.26220100373,261.940820887685,2381.84963033348,445.708830103278,120.792272560298
0,0,0,0.192915603518486,0,256.412283137441,0,0,0,5.47881999611855,0,367.825010836124,0,0,0,0,0,0,3.68245762586594,0,0,0,0,0,0,0,0,0,0,0,0,0,0,0,0,2211.43908151984,0,8.69353076815605,0,0.105861328542233,0,1.96319879591465,0,0,0,82.6395984590054,0,0.363649934530258,0,0.67371279001236,0,60.2880906760693,0,0,0,0,0,49.4415101110935,0,0,0,0,1332.56587058306,0.422307699918747,0,0,0,0,0,0,0,0,0,0,0,0,0,0,283.837503783405,0,0.518147885799408,0,361.021772623062,0,53.4102126061916,0.271786063909531,0
0,0,8.59264421463013,0,332.420669674873,0,0,0,0,0,803.168159782887,0,0,0,0,0,0,0,0,0,0,0,0,0,0,0,0,0,0,0,0,0,0,0,0,0,1170.54531368613,0,211.848108828068,0,0,0,0.815171897411346,0,0,0,0.27748903632164,0,0,0,25.1185763478279,0,0,0,0,0,135.265173017979,0,0,0,0,0,0,515.654213503003,0,0,0,0,0,0,0,0,0,0,0,0,0,0,0,740.024937540293,0,157.247490987182,466.191329658031,0,119.560240000486,0,0
0,0,0,0,0,0,0,0,0,0,0,0,0,0,0,0,0,85.8010580539703,0,0,0,0,368.795863866806,280.242627173662,0,0,0,84.1315124332905,0,0,0,0,0,0,0,0,0,1763.42011427879,0,0,0,0,0,0,0,0,0,0,0,3.48706072568893,0,0,0,0,0,0,0,0,0,0,0,0,0,0,6138.46933174133,0,118.209939956665,0,0,0,30.5957966148853,0,0,0,0,0,0,0,0,0,284.809045359492,0,1120.20445591211,91.9320519566536,1.19027322530746,0,0
0,0,0,0,0,0,0,0,0,0,0,0,0,0,0,0,388.316626816988,0.338990211486816,0,0,0,368.795863866806,0,0,697.355539351702,0,285.788645267487,0,311.259480714798,0,0,0,0,0,0,0,0,68.2638261318207,1686.30246111751,0,0,0,0,0,0,0,0,0.720714211463928,33.0316768139601,0,0,0,0,0,0,0,0,0,0,0,0,0,0,0,0,4719.7423760891,0,160.438973039389,0,300.737681984901,0,0,0,0,0,0,0,0,0,1.75369465351105,0,504.737031772733,646.037253856659,18.9792280197144,0.56408679485321,0,0
0,0,0,0,0,0,0,0,0,5.90348792076111,0,0,0,0,0,0,0,267.428154885769,0,0,0,280.242627173662,0,0,0,284.209838628769,0,0,0,0,0,0,0,0,0,0,0,904.840040832758,0,0,0,0,0,0,0,0,0,0,0,3.330685287714,0,0,0,0,0,82.0824555456638,0,0,0,0,0,0,0,0,239.942675292492,0,1290.1985155046,0,218.037785708904,0,0,0,0,0,0,0,0,0,0,0,443.695175528526,0,721.485458642244,2.07868957519531,120.721108168364,0,0
0,0,0,0,0,0,0,0,50.2932171821594,0,0,0,0,0,0,0,43.5080904364586,0,0,0,0,0,697.355539351702,0,0,0,314.512001931667,0,0,0,0,0,0,0,0,0,0,0,618.044675827026,0,0,0,4.94213798642159,0,0,0,0,0,10.2338222265244,0,0,0,0,0,140.347191154957,0,0,0,0,0,0,0,0,0,0,272.946144193411,0,136.215091913939,0,68.6068941354752,0,0,0,0,0,0,0,0,0,0,0,317.125507950783,148.551265627146,0,6.25408220291138,0,0.373546540737152
0,0,0,0,0,0,0,0,0,3.10813498497009,0,0,0,0,0,0,10.7510797977448,75.3717349171638,0,0,0,0,0,284.209838628769,0,0,0,30.1402439177036,0,0,0,0,0,0,0,0,0,0,0,0,0,0,0,0,0,0,0,0,0,0,0,0,0,0,0,45.9834851622581,0,0,0,0,0,0,0,0,0,0,164.68095049262,0,89.1102095246315,0,102.452905058861,0,0,0,0,0,0,0,0,0,0,0,62.5108329951763,1.06929048895836,0,0,0
0,0,0,0,0,0,0,0,0,0,0,0,0,0,0,0,167.744922876358,6.80691528320312,1.29060328006744,0,0,0,285.788645267487,0,314.512001931667,0,0,0,4,0,0,0,0,0,0,0,0,0,0,0,0,0,0,0,0,0,0,0,0,0,0,0,0,0,11.3630402088165,0,0,0,0,0,0,0,0,0,0,24.2185526490211,0,0,0,283.736760377884,0,0,0,0,0,0,0,0,0,0,0,0,111.252815067768,0,0,0,0
0,0,0,0,0,0,0,0,0,0,0,0.163536369800568,0,0,0,0,0,0,0,0,0,84.1315124332905,0,0,0,30.1402439177036,0,0,0,96.6431585252285,0,0,0,0,0,0,0,16.3580322265625,0,0,0,0,0,0,0,0,0,0,0,0,0,0,0,0,0,0,0,0,0,72.1820783615112,0,0,0,0,54.1670551300049,0,0,0,49.1046239733696,0,1923.09651514888,0,53.6716618537903,0,0,0,0,0,0,0,0,0,93.5260685682297,1,0,0,0
0,0,0,0,0,0,0,0,0,0,84.0517635345459,0,0,0,0,0,0,0,0,0,0,0,311.259480714798,0,0,0,4,0,0,0,152.094630718231,0,0,0,0,0,0,0,174.288292646408,0,0,0,0,0,0,0,0,0,0,0,0,0,0,0,0,0,15.270574092865,0,0,0,0,0,0,0,0,101.489493727684,0,0,0,0,0,54.1387162208557,0,171.465167880058,0,0,0,0,0,0,0,0,22.3460518121719,0,0,0,0
0,0,0,0,0,0,0,0,0,0,0,2.28031592071056,0,0,0,0,0,0,0,0,0,0,0,0,0,0,0,96.6431585252285,0,0,0,0,0,0,0,0,0,64.2276641130447,0,0,0,0,0,0,0,0,0,0,0,0,0,0,0,0,0,0,0,134.51777112484,0,0,0,0,0,0,0,0,0,0,0,0,0,0,339.757248818874,0,0,0,0,0,0,0,5.29458713531494,0,44.1304376125336,0,0,0,0
0,0,0,0,0,0,0,0,0,0,56.0559062957764,0,7.63347625732422,0,0,0,0,0,0,0,0,0,0,0,0,0,0,0,152.094630718231,0,0,0,0,0,0,0,0,0,516.558732628822,0,0,0,0,0,0,0,0,0,0,0,0,0,0,0,0,0,0,0,0,0,0,0,0,0,0,0,0,0,0,0,0,31.588542342186,0,294.302320063114,0,0,0,0,0,0,0,42.9595576524734,32.4422807693481,0,0,0,0
0,0,0,0,0,0,0,0,0,0,0,0,0,0,0,0,0,0,0,0,0,0,0,0,0,0,0,0,0,0,0,0,79.273279607296,72.4639832228422,0,614.133571401238,3.62537229061127,0,0,0,0,0,0,0,0,0,0,2695.76246470213,0,16.3023826479912,0,0,0,0,0,0,0,0,0,0,0,0,0,0,0,0,0,0,0,0,0,0,0,0,768.748908028007,91.1624900698662,8.24953439831734,0,489.865980356932,0.702972114086151,0,0,402.865683734417,0,2.57900476455688,0,0
0,0,0,0,0,0,0,0,0,0,0,0,0,0,0,0,0,0,0,0,0,0,0,0,0,0,0,0,0,0,0,79.273279607296,0,0,152.171677023172,1.05388295650482,216.024938285351,0,0,0,0,0,0,0,0,0,0,1489.41753108799,69.6077436804771,3.33214384317398,0,0,0,0,0,0,0,0,0,0,0,0,0,0,0,0,0,0,0,0,0,0,0,0,362.381142616272,1679.55312590301,0,35.4821264594793,10.8319411277771,373.192463263869,0,0,277.873517394066,0,0,0,0
0,0,0,0,0,0,0,0,0,0,0,0,0,0,0,0,0,0,0,0,0,0,0,0,0,0,0,0,0,0,0,72.4639832228422,0,0,854.115676105022,1194.28825502098,0,102.269740223885,15.0743212103844,0,0,0,0,0,0,0,0,1179.71272835135,0,1.45350229740143,0,0,0,0,0,0,0,0,0,0,0,0,0,0,0,0,0,0,0,0,0,0,0,0,126.852548792958,0,1590.6463855505,394.024405658245,17.4515082985163,0,240.37817054987,0,59.3482556939125,18.4417612552643,0,0,0
0,0,0,0,0,0,0,0,0,0,0,0,0,0,0,0,0,0,0,0,0,0,0,0,0,0,0,0,0,0,0,0,152.171677023172,854.115676105022,0,0,302.704180389643,13.5653880536556,85.8065038919449,0,0,0,0,0,0,0,0,2763.86593639851,11.794847369194,9.3773974776268,0,0,0,0,0,0,0,0,0,0,0,0,0,0,0,0,0,0,0,0,0,0,0,0,35.5927202701569,180.195698082447,679.346527218819,1089.21439030766,0,44.5543232560158,0,62.5382868051529,429.03925961256,17.5474189519882,1.21289527416229,0,0
0,0.190104335546494,0,14.4053906351328,0,102.93121470511,0,0,0,2.83571434020996,0,141.707521855831,0,0,0,0,1.01811271905899,0.780519053339958,7.58321207761765,2211.43908151984,0,0,0,0,0,0,0,0,0,0,0,614.133571401238,1.05388295650482,1194.28825502098,0,0,361.510856330395,882.770459875464,0,12.6034945771098,0,21.7780062332749,0,0,0,45.1929124519229,0,121.478214561939,49.7758817970753,50.349747300148,0,12.0894111692905,0,0,0,0.438109338283539,0,25.6735235676169,0,0.289628714323044,0,0,1478.86415502429,0,0,0,0,0,0,0,0,0,0.677495166659355,0,127.471471861005,4.20998072624207,574.171049058437,0,18392.5081835315,66.3662785589695,629.346593789756,0,5174.26172337681,386.477126926184,276.35360442847,1.32545766234398,0
0,0,0.57157176733017,0,13.5696877241135,0,0,0,0,0,90.0952945947647,0,0,0,0,0,0,0,2.53864030539989,0,1170.54531368613,0,0,0,0,0,0,0,0,0,0,3.62537229061127,216.024938285351,0,302.704180389643,361.510856330395,0,0,2090.15595926344,0,6.34103429317474,0,0.346473835408688,0,0,0,24.333953589201,98.296649992466,0,0,6.31255243718624,0,0,0,0,0,8.14353156089783,0,0,0,0,0,0,421.1992700845,0,0,0,0,0,0,0,0,0,0,34.759467869997,413.204313129187,0,529.039273560047,114.360770255327,19666.4833035916,0,280.027952328324,3499.34602099657,1172.97366517782,79.0994947999716,0,0
0,0,0,0,0,0.198224112391472,0,0,0,32.5724297463894,0,437.600733399391,0,0,0,0,0,0,4.9789525270462,8.69353076815605,0,1763.42011427879,68.2638261318207,904.840040832758,0,0,0,16.3580322265625,0,64.2276641130447,0,0,0,102.269740223885,13.5653880536556,882.770459875464,0,0,383.724896848202,0,0,4.55967281758785,0,0,0,26.4584504365921,0,1645.82921233773,0,527.219658046961,0,0,0,0,0,64.4685060381889,0,310.837640225887,0,0,0,0,77.1954403668642,0,378.139547020197,0,542.532094195485,0,0,0,0,0,97.6574617624283,0,0,0,299.285165607929,0,225.704736888409,0,9239.16454404593,7.97490787506104,2437.07212793827,135.811799436808,21.5984448194504,0,0
0,0,0,0,0,0,0,0,147.442010492086,0.489791914820671,1318.10850012302,0,0,0,0,0,0,0,0,0,211.848108828068,0,1686.30246111751,0,618.044675827026,0,0,0,174.288292646408,0,516.558732628822,0,0,15.0743212103844,85.8065038919449,0,2090.15595926344,383.724896848202,0,0,0,0.820762440562248,14.1957694292068,0,0,0,0,559.056061148643,364.011613637209,0.627034604549408,0,0,0,0,128.158764153719,0,347.599006593227,0,0,0,0,0,0,67.8424659371376,0,610.240601584315,0,906.482055366039,0,0,0,7.95984816551208,0,132.411874175072,0,0,0,81.1969875693321,0,1092.45240435004,547.445549368858,8170.93316288292,1559.27851594985,165.843870073557,60.0387045741081,0.370607644319534,0.669917285442352
0,27.1505946218967,0.81621265411377,39.8783357515931,0,42.981832832098,0,0,0,2.37365464866161,0,0.545717254281044,0,0,0,0,68.1916769444942,80.0979433506727,787.327933207154,0.105861328542233,0,0,0,0,0,0,0,0,0,0,0,0,0,0,0,12.6034945771098,0,0,0,0,16.2017252594233,2012.09501199424,10.7754298448563,0,0,447.714694969356,10.5004914775491,6.30089175701141,0,132.942331299186,0,13.5383961200714,0,0,0,0.373543530702591,0,68.1978936269879,0,0.140731900930405,0,0,164.251064307988,0.772377610206604,0,0,0,0,0,0,0,0,13.4236936718225,0.976291596889496,0,0,0,0,798.101497739553,17.2442130297422,65.8127070367336,0.950603008270264,414.292842514813,21.3911864981055,1424.13570956886,195.179351247847,3.22658045589924
13.3025850951672,0,23.0163849070668,0,27.517230540514,1.40273249149323,0,0,4.39874589443207,0,0,0,0,0,0,0,168.89169536531,37.8601636365056,1413.00247757137,0,0,0,0,0,0,0,0,0,0,0,0,0,0,0,0,0,6.34103429317474,0,0,16.2017252594233,0,17.3773399665952,2752.46928505599,0,0,12.0007784739137,797.998398497701,2.43230843544006,81.5781117230654,0.440774381160736,12.1359771192074,0,0,0,0,0,6.96613082289696,2.84711702167988,0,0,0,0,9.94860696792603,192.861467838287,0,0,0,0,0,0,0,0,0.850894995033741,15.4503123313189,0,0,0,0,37.0061683505774,949.411715269089,5.5949963927269,56.5906031280756,532.025898762047,65.4894473180175,1579.66249930859,6.67538449168205,327.400666870177
0.383557051420212,604.368669003248,0,135.722004532814,0,110.763894349337,0,0,0,76.4226384013891,0,0,0,0,0,0,33.1909488216043,53.4419065564871,704.20459484309,1.96319879591465,0,0,0,0,0,0,0,0,0,0,0,0,0,0,0,21.7780062332749,0,4.55967281758785,0.820762440562248,2012.09501199424,17.3773399665952,0,385.241427801549,0,0,485.736261025071,11.3261672705412,26.1828415989876,5.77105908095837,1173.22100629658,0,19.9890342876315,0,0,0,5.91839362680912,0,1283.98768600076,0,0,0.332146942615509,0,207.310317210853,0.849769026041031,0,0,0.353861153125763,0,0,0,0,0,478.689906038344,0,0,0,0,0,1249.41067750007,22.1497497558594,172.554170571268,3.51742771267891,1728.22806870937,93.9069238305092,3543.20579489321,768.998784735799,1.81353148818016
35.6173040568829,0.184950172901154,195.410211287439,0.416105076670647,80.4772630184889,3.120620906353,0,0,51.5634735301137,0,0,0,0,0,0,0,78.3937587961555,8.90434239804745,490.125848211348,0,0.815171897411346,0,0,0,4.94213798642159,0,0,0,0,0,0,0,0,0,0,0,0.346473835408688,0,14.1957694292068,10.7754298448563,2752.46928505599,385.241427801549,0,0,0,12.6195284873247,432.633671522141,9.22737297415733,175.712909892201,1.19348894059658,30.427743576467,0,0,0,4.58176256716251,0,157.107214592397,2.01951079070568,0,0,0,0,0.759233273565769,340.927126087248,0,0,0,0,0,0,0,0,1.5772238522768,175.1356112957,0,0,0,0,26.0458993166685,1413.79683350772,3.58752305805683,79.9340970590711,1190.5249973014,132.768931522965,5598.53112690896,2.80997680127621,686.302107073367
0,0,0,0,0,0,0,0,0,0,0,0,0,0,0,0,0,0,0,0,0,0,0,0,0,0,0,0,0,0,0,0,0,0,0,0,0,0,0,0,0,0,0,0,0,0,0,0,0,0,0,0,0,0,0,0,0,0,0,0,0,0,0,0,0,0,0,0,0,0,0,0,0,0,0,0,0,0,0,0,0,0,0,0,0,0,0
0,0,0,0,0,0,0,0,0,0,0,0,0,0,0,0,0,0,7.748002409935,0,0,0,0,0,0,0,0,0,0,0,0,0,0,0,0,0,0,0,0,0,0,0,0,0,0,0,0,0,0,0,0,0,0,0,0,0,0,0,0,0,0,0,0,0,0,0,0,0,0,0,0,0,0,0,0,0,0,0,0,2.16775447130203,0,0,0,0,0.143427938222885,0,0
0.217812061309814,38.7234562635422,0,11.9270604103804,0,11.8169062584639,0,0,0,0.217562317848206,0,3.25739735364914,0,0,0,0,40.0140985846519,44.710069000721,457.9171782583,82.6395984590054,0,0,0,0,0,0,0,0,0,0,0,0,0,0,0,45.1929124519229,0,26.4584504365921,0,447.714694969356,12.0007784739137,485.736261025071,12.6195284873247,0,0,0,6.06252963095903,5.6669187694788,3.8814342468977,24.3003898561001,0,0.442735999822617,0,0,0,0,0,174.697066232562,0,0,0,0,2079.00112815946,1.46063791960478,0,0,0,0,0,0,0,0,20.5555451065302,0,0,0,0,0,1938.89337771386,17.6707721501589,381.364208608866,0.935934364795685,211.172191374004,6.55941037833691,631.46066173166,25.7015779018402,0.539878204464912
16.4946234077215,0,15.1833204552531,0.291612058877945,8.4720872938633,0,0,0,0.906698048114777,0,0,0,0,0,0,0,74.7053089216352,19.8382793813944,1037.07340866327,0,0.27748903632164,0,0,0,0,0,0,0,0,0,0,0,0,0,0,0,24.333953589201,0,0,10.5004914775491,797.998398497701,11.3261672705412,432.633671522141,0,0,6.06252963095903,0,1.84226980805397,17.1627235487103,0,2.82597391307354,0,0,0,0,0,10.0742471814156,1.57490020990372,0.190894335508347,0,0,0,8.20877850055695,1038.3707947135,0,0,0,0,0,0,0,0,0.178115159273148,22.8910400867462,0,0,0,0,23.3349253684282,2351.67749027908,1.89588615298271,319.607324063778,307.312937736511,22.7994386255741,676.284283727407,0.558340363204479,16.2157140895724
1.16009247303009,0,2.65128175914288,11.43274974823,4.491465523839,29.6428698003292,0,0,2.8502504825592,0,0,0,0,0,0,0,0,0,0.875906884670258,0.363649934530258,0,0,0.720714211463928,0,0,0,0,0,0,0,0,2695.76246470213,1489.41753108799,1179.71272835135,2763.86593639851,121.478214561939,98.296649992466,1645.82921233773,559.056061148643,6.30089175701141,2.43230843544006,26.1828415989876,9.22737297415733,0,0,5.6669187694788,1.84226980805397,0,1665.01394198835,4023.12975257635,2.47026042640209,1.7649544775486,0,0,0,0,1.46031773090363,4.65838126093149,0,0,0,0,0.796102315187454,7.38900184631348,0,0,0,0.601055324077606,0,0,0,0,0,0,3080.2291944176,4321.13495597243,128.420827627182,223.701485097408,1278.43345458806,1428.42854511738,0.610332474112511,2.84917117655277,3076.87524133921,7.95763754844666,388.214946195483,0.271221280097961,0
250.911222100258,0,295.475466780365,4.40405981242657,33.7994256615639,4.84698437154293,0,0,26.8445961773396,1.12541854381561,0,0,0,0,0,0,2.0029226988554,0,7.55377154052258,0,0,0,33.0316768139601,0,10.2338222265244,0,0,0,0,0,0,0,69.6077436804771,0,11.794847369194,49.7758817970753,0,0,364.011613637209,0,81.5781117230654,5.77105908095837,175.712909892201,0,0,3.8814342468977,17.1627235487103,1665.01394198835,0,74.9161123484373,16.2146111428738,1.33002495765686,0,0,89.146942794323,0,0.595855742692947,0.651402324438095,0,0,1.78610277175903,0,0.223187461495399,3.17392501235008,0,1.3514948785305,0,29.0385529994965,0,0,0,0,0.170601889491081,1.29919981956482,0,10.3637774586678,0,18.0028100609779,69.8385694921017,359.724393106997,0,124.9602997154,1226.43240138888,19.8941623866558,842.510212399065,0.180204018950462,3.33884359896183
0,102.487287819386,0.288388639688492,212.864930167794,2.58263105154037,46.62543207407,0,0,0,31.0606166422367,0,0,0,0,0,0,0.233928337693214,0.942788600921631,6.28272111713886,0.67371279001236,0,3.48706072568893,0,3.330685287714,0,0,0,0,0,0,0,16.3023826479912,3.33214384317398,1.45350229740143,9.3773974776268,50.349747300148,0,527.219658046961,0.627034604549408,132.942331299186,0.440774381160736,1173.22100629658,1.19348894059658,0,0,24.3003898561001,0,4023.12975257635,74.9161123484373,0,1.20914804935455,9.901048630476,0,0,0,32.279945731163,0,37.9409861713648,0,0.506708562374115,0,25.6954486370087,6.19535121321678,0,6.08303868770599,0,18.2645880281925,0,4,0,0,0,4.12176559865475,0,14.3262418210506,0,0,0,192.669683486223,0.518137648701668,85.5798434764147,0,3107.49563740939,33.9779126867652,694.946439139545,19.1966542154551,0
0,0,87.0183941572905,0,622.220651775599,0,36.9675922393799,0,0,0,16.7550391852856,0,0,0,0,0,0.861121356487274,0,0.656322717666626,0,25.1185763478279,0,0,0,0,0,0,0,0,0,0,0,0,0,0,0,6.31255243718624,0,0,0,12.1359771192074,0,30.427743576467,0,0,0,2.82597391307354,2.47026042640209,16.2146111428738,1.20914804935455,0,0,0,0,0,0,44.7843224704266,0,0,0,0,0,0,145.126639261842,0,0,0,0,0,0,0,0,0,5.28553336858749,0,0,0,0,0,16.7168919220567,0,1.80141434073448,559.580122761428,0,394.672655887902,0,0.238741002976894
0,0,0,233.944628849626,0,264.99398458004,0,149.50130045414,0,11.2029185295105,0,16.0897388458252,0,0,0,52.8847439587116,0.170458227396011,0,2.10280169546604,60.2880906760693,0,0,0,0,0,0,0,0,0,0,0,0,0,0,0,12.0894111692905,0,0,0,13.5383961200714,0,19.9890342876315,0,0,0,0.442735999822617,0,1.7649544775486,1.33002495765686,9.901048630476,0,0,0,1.53528234362602,0,15.1022344827652,0,43.7535141855478,0,1.44255378842354,0,72.835833966732,119.25189088285,0,0,0,0,0,0,0,0,0,0.802887842059135,0,0,0,0,0,31.8311526179314,0,0.164055868983269,0,689.316743075848,5.23074412345886,292.438089646399,1.27137997746468,0
0,0,0,0,89.2435820102692,0,1062.59130722284,0,0,0,21.0194685459137,0,137.14786875248,0,0,0,0,0,0,0,0,0,0,0,0,0,0,0,0,0,0,0,0,0,0,0,0,0,0,0,0,0,0,0,0,0,0,0,0,0,0,0,0,0,0,0,4.15258491039276,0,0,0,0,0,0,0,0,0,0,0,0,0,0,0,0,0,0,0,0,0,0,0,0,0,709.625685811043,0,0,0,0
0,0,0,0,0,0,0,957.254357516766,0,0,0,0,0,27.0386039018631,0,0,0,0,0,0,0,0,0,0,0,0,0,0,0,0,0,0,0,0,0,0,0,0,0,0,0,0,0,0,0,0,0,0,0,0,0,1.53528234362602,0,0,0,0,0,0,0,17.5920330882072,0,0,0,0,0,0,0,0,0,0,0,0,0,0,0,0,0,0,0,0,0,0,199.16349118948,0,0,0,0
90.2375782430172,0,38.7324679493904,0,0,0,0,0,847.719916373491,0,0,0,0,0,9.59655046463013,0,0,0,0,0,0,0,0,0,140.347191154957,0,11.3630402088165,0,0,0,0,0,0,0,0,0,0,0,128.158764153719,0,0,0,4.58176256716251,0,0,0,0,0,89.146942794323,0,0,0,0,0,0,0,0.206245824694633,0,0,0,80.3472622036934,0,0,0,0,0,0,379.674782276154,0,0,0,0,0,0,0,0,0,0,0,0.259213298559189,0,354.756295919418,62.2439017593861,0.337477475404739,4.54199594259262,0,0
0,329.481900721788,0,767.271174997091,0,31.7114192843437,0,0,0,1133.84157578647,0,0,0,0,0,408.896973907948,0,0,0,0,0,0,0,82.0824555456638,0,45.9834851622581,0,0,0,0,0,0,0,0,0,0.438109338283539,0,64.4685060381889,0,0.373543530702591,0,5.91839362680912,0,0,0,0,0,0,0,32.279945731163,0,15.1022344827652,0,0,0,0,0,12.3475012332201,0,0,0,368.540879011154,0,0,0,0,421.230894416571,0,36.0380253791809,0,0,0,1.78450739383698,0,0,0,0,0,0,0,271.410555303097,0,105.39476197958,0,78.8034465163946,1.13166843354702,0
0,0,34.1250083446503,0,9.69864545762539,0,24.5394403934479,0,5.16453611850739,0,343.318090364337,0,33.6251912117004,0,0,0,1.26777541637421,1.05626058578491,8.04410921037197,0,135.265173017979,0,0,0,0,0,0,0,15.270574092865,0,0,0,0,0,0,0,8.14353156089783,0,347.599006593227,0,6.96613082289696,0,157.107214592397,0,0,0,10.0742471814156,1.46031773090363,0.595855742692947,0,44.7843224704266,0,4.15258491039276,0,0.206245824694633,0,0,0,15.9869491159916,0,0,0,0,156.649440929294,0,0,0,0,0,0,0,0,0,145.658472776413,0,0,0,0,0.608333766460419,15.198998503387,0,33.1323815584183,158.098395049572,0.513896942138672,234.374452032149,0,8.92314699292183
0,3.39243197441101,0,172.423680230975,0,75.0790855586529,0,26.1492926478386,0,17.0239955186844,0,2063.09126459062,0,58.4692815840244,0,0,8.21677212417126,9.47263761609793,183.243714421988,49.4415101110935,0,0,0,0,0,0,0,0,0,134.51777112484,0,0,0,0,0,25.6735235676169,0,310.837640225887,0,68.1978936269879,2.84711702167988,1283.98768600076,2.01951079070568,0,0,174.697066232562,1.57490020990372,4.65838126093149,0.651402324438095,37.9409861713648,0,43.7535141855478,0,0,0,12.3475012332201,0,0,0,20.2536913752556,0,0,1160.11706816405,1.59174905717373,0,0,0,0,0,0,25.6041890382767,0,34.8940218389034,0,0,0,0,0,237.415518634021,1.4134349822998,20.7223570197821,0.133290499448776,541.147281400859,4.21766888350248,1156.91803153604,189.653498962522,0.16595958173275
0,0,23.6083283126354,0,13.0906821489334,0,20.0909426212311,0,0,0,25.7110726833344,0,226.482776224613,0,4.74084758758545,0,0,0,0,0,0,0,0,0,0,0,0,0,0,0,0,0,0,0,0,0,0,0,0,0,0,0,0,0,0,0,0.190894335508347,0,0,0,0,0,0,0,0,0,15.9869491159916,0,0,0,29.6891828775406,0,0,0,0,0,0,0,0,0,0,0,0,0,0,0,0,0,0,0,0,0,51.4918191581964,0,16.815803527832,0,0
0,0,0,76.0037614703178,0,0,0,50.7764176726341,0,0,0,799.907306939363,0,1855.32023137808,0,15.7120071649551,0,0,0,0,0,0,0,0,0,0,0,72.1820783615112,0,0,0,0,0,0,0,0.289628714323044,0,0,0,0.140731900930405,0,0,0,0,0,0,0,0,0,0.506708562374115,0,1.44255378842354,0,17.5920330882072,0,0,0,20.2536913752556,0,0,0,45.7808373272419,2.67007571458817,0,0,0,0,0,0,0,21.7294344902039,0,0,0,0,0,0,0,0.197968199849129,0,0,0,960.676897391677,57.2867121696472,28.8252873271704,0,0
55.0735303163528,0,1.57937359809875,0,31.7237564921379,0,0,0,5.25275480747223,0,0,0,9.87012255191803,0,7.2627454996109,0,124.648045539856,2.13768315315247,5.32662856578827,0,0,0,0,0,0,0,0,0,0,0,0,0,0,0,0,0,0,0,0,0,0,0.332146942615509,0,0,0,0,0,0,1.78610277175903,0,0,0,0,0,80.3472622036934,0,0,0,29.6891828775406,0,0,0,0,0,0,0,0,0,0,0,0,0,0,0,0,0,0,0,0,0,0,0,9.40663334727287,0,0,0,0
0,29.5842289924622,0,12.2972555160522,0,42.9044525176287,0,1.60546809434891,0,638.231893181801,0,0,0,103.232342422009,0,71.5909335613251,0,0,0,0,0,0,0,0,0,0,0,0,0,0,0,0,0,0,0,0,0,0,0,0,0,0,0,0,0,0,0,0,0,25.6954486370087,0,72.835833966732,0,0,0,368.540879011154,0,0,0,45.7808373272419,0,0,0,0,0,0,0.686976492404938,0,19.35223954916,0,0,0,0,0,0,0,0,0,0,0,0,0,115.130119085312,0,0,0,0
0,15.9305466860533,0,21.6396065726876,0,121.939909718931,0,6.10456693172455,0,0,0,153.46709908545,0,0,0,0,24.7971577197313,26.1512317657471,257.353065244853,1332.56587058306,0,0,0,0,0,0,0,0,0,0,0,0,0,0,0,1478.86415502429,0,77.1954403668642,0,164.251064307988,9.94860696792603,207.310317210853,0.759233273565769,0,0,2079.00112815946,8.20877850055695,0.796102315187454,0.223187461495399,6.19535121321678,0,119.25189088285,0,0,0,0,0,1160.11706816405,0,2.67007571458817,0,0,0,0.344200849533081,0,0,0,0,0,0,0,0,23.0074393749237,0,0,0,0,0,1587.50788323581,4.32765802741051,277.949395611882,0.949915677309036,1230.89217565209,1.46975889801979,1428.20492907614,18.5359347909689,0.185378551483154
3.54019364714622,0,13.8970779776573,0,86.8567139357328,0,0,0,0,0,239.262167692184,0,0,0,0,0,23.058607660234,1.92112630605698,143.430092841387,0.422307699918747,515.654213503003,0,0,0,0,0,0,0,0,0,0,0,0,0,0,0,421.1992700845,0,67.8424659371376,0.772377610206604,192.861467838287,0.849769026041031,340.927126087248,0,0,1.46063791960478,1038.3707947135,7.38900184631348,3.17392501235008,0,145.126639261842,0,0,0,0,0,156.649440929294,1.59174905717373,0,0,0,0,0.344200849533081,0,0,0,0,0,0,0,0,0,0,128.870997607708,0,0,0,0,2.98756642639637,1898.2371776551,0.233978286385536,540.598218008876,131.249632023275,19.3840775340796,1480.28163217008,0.402964681386948,7.32716411352158
0,0,0,0,0,0,0,0,0,0,0,0,0,0,0,0,0,0,0,0,0,6138.46933174133,0,239.942675292492,0,0,0,54.1670551300049,0,0,0,0,0,0,0,0,0,378.139547020197,0,0,0,0,0,0,0,0,0,0,0,6.08303868770599,0,0,0,0,0,0,0,0,0,0,0,0,0,0,0,0,163.725194692612,0,206.079508900642,0,88.268163561821,0,0,0,0,0,0,0,0,0,17.3421982526779,0,452.059129834175,8.53799688816071,0,0,0
0,0,0,0,0,0,0,0,0,0,0,0,0,0,0,0,57.0694828033447,0,0,0,0,0,4719.7423760891,0,272.946144193411,0,24.2185526490211,0,101.489493727684,0,0,0,0,0,0,0,0,0,610.240601584315,0,0,0,0,0,0,0,0,0,1.3514948785305,0,0,0,0,0,0,0,0,0,0,0,0,0,0,0,0,0,0,169.544274121523,0,5.51968145370483,0,83.7715837955475,0,0,0,0,0,0,0,0,0,37.2201647460461,570.025838002563,3.87540233135223,0,0,0
0,0,0,0,0,0,0,0,0,31.4061521589756,0,0,0,0,0,0,0,77.9383988380432,0,0,0,118.209939956665,0,1290.1985155046,0,164.68095049262,0,0,0,0,0,0,0,0,0,0,0,542.532094195485,0,0,0,0.353861153125763,0,0,0,0,0,0,0,18.2645880281925,0,0,0,0,0,421.230894416571,0,0,0,0,0,0.686976492404938,0,0,163.725194692612,0,0,0,143.213672757149,0,0,0,0,0,0,0,0,0,0,0,680.886640310287,0,84.4175132513046,0,343.559451878071,0,0
0,0,0,0,0,0,0,0,3.7069046497345,0,0,0,0,0,0,0,0,0,0,0,0,0,160.438973039389,0,136.215091913939,0,0,0,0,0,0,0,0,0,0,0,0,0,906.482055366039,0,0,0,0,0,0,0,0,0.601055324077606,29.0385529994965,0,0,0,0,0,379.674782276154,0,0,0,0,0,0,0,0,0,0,169.544274121523,0,0,0,0,0,0,0,0,0,0,0,0,0,0,0,624.383423835039,88.1757260560989,3.45710402727127,105.688793867826,0,0
0,0,0,0,0,0,0,0,0,11.4404399394989,0,0,0,0,0,0,0,4.34248745441437,0,0,0,0,0,218.037785708904,0,89.1102095246315,0,49.1046239733696,0,0,0,0,0,0,0,0,0,0,0,0,0,0,0,0,0,0,0,0,0,4,0,0,0,0,0,36.0380253791809,0,0,0,0,0,19.35223954916,0,0,206.079508900642,0,143.213672757149,0,0,0,69.9346446692944,0,0,0,0,0,0,0,0,0,0,0,86.0307796001434,0,0,0,0
0,0,0,0,0,0,0,0,0,0,0,0,0,0,0,0,148.947261616588,3.66422981023788,5.48102411627769,0,0,0,300.737681984901,0,68.6068941354752,0,283.736760377884,0,0,0,0,0,0,0,0,0,0,0,0,0,0,0,0,0,0,0,0,0,0,0,0,0,0,0,0,0,0,0,0,0,0,0,0,0,0,5.51968145370483,0,0,0,0,0,0,0,0,0,0,0,0,0,0,0,0,26.0259317606688,0,0,0,0
0,0,0,0,0,0,0,0,0,0,0,30.9744753837585,0,61.4610471725464,0,0,0,0,0,0,0,30.5957966148853,0,0,0,102.452905058861,0,1923.09651514888,0,0,0,0,0,0,0,0,0,0,0,0,0,0,0,0,0,0,0,0,0,0,0,0,0,0,0,0,0,25.6041890382767,0,21.7294344902039,0,0,0,0,88.268163561821,0,0,0,69.9346446692944,0,0,0,36.1251108646393,0,0,0,0,0,0,0,0,0,277.318884432316,0,0,0,0
0,0,0,0,0,0,0,0,0,0,0,0,0,0,0,0,0,0,0,0,0,0,0,0,0,0,0,0,54.1387162208557,0,31.588542342186,0,0,0,0,0,0,0,7.95984816551208,0,0,0,0,0,0,0,0,0,0,0,0,0,0,0,0,0,0,0,0,0,0,0,0,0,0,83.7715837955475,0,0,0,0,0,0,0,290.858452379704,0,0,0,0,0,0,0,72.1116432249546,54.9321385622025,0,0,0,0
0,3.84255532920361,0,18.3363253027201,0,9.45120157301426,0,0,0,1.6803877055645,0,0.730827033519745,0,0,0,0,6.41778552532196,2.16740243136883,85.0205934196711,0,0,0,0,0,0,0,0,53.6716618537903,0,339.757248818874,0,0,0,0,0,0.677495166659355,0,97.6574617624283,0,13.4236936718225,0.850894995033741,478.689906038344,1.5772238522768,0,0,20.5555451065302,0.178115159273148,0,0.170601889491081,4.12176559865475,0,0.802887842059135,0,0,0,1.78450739383698,0,34.8940218389034,0,0,0,0,23.0074393749237,0,0,0,0,0,0,0,36.1251108646393,0,0,0,0,0,0,0,38.7559154331684,1.39926839619875,114.134431257844,0,110.899044439197,1.7030945122242,148.318632081151,103.113999344409,0
0.765006422996521,0,44.770570486784,0,4.77955673635006,0,0,0,6.74577912688255,0,1.914222240448,0,0,0,0,0,1.1307160332799,0.809769302606583,68.3378704041243,0,0,0,0,0,0,0,0,0,171.465167880058,0,294.302320063114,0,0,0,0,0,0,0,132.411874175072,0.976291596889496,15.4503123313189,0,175.1356112957,0,0,0,22.8910400867462,0,1.29919981956482,0,5.28553336858749,0,0,0,0,0,145.658472776413,0,0,0,0,0,0,128.870997607708,0,0,0,0,0,0,0,290.858452379704,0,0,0,0,0,0,0.973753988742828,36.2778274863958,0.237096533179283,40.9728507995605,85.4851979166269,1.88187229633331,262.585428193212,0,30.3429584801197
0,0,0,0,0,0,0,0,0,0,0,0,0,0,0,0,0,0,0,0,0,0,0,0,0,0,0,0,0,0,0,768.748908028007,362.381142616272,126.852548792958,35.5927202701569,127.471471861005,34.759467869997,0,0,0,0,0,0,0,0,0,0,3080.2291944176,0,14.3262418210506,0,0,0,0,0,0,0,0,0,0,0,0,0,0,0,0,0,0,0,0,0,0,0,0,0,72.4560713469982,163.103706389666,0,183.866667851806,18.6839686632156,0,0,734.452233716846,0,0,0,0
0,0,0,0,0,0,0,0,0,0,0,0,0,0,0,0,0,0,0,0,0,0,0,0,0,0,0,0,0,0,0,91.1624900698662,1679.55312590301,0,180.195698082447,4.20998072624207,413.204313129187,0,0,0,0,0,0,0,0,0,0,4321.13495597243,10.3637774586678,0,0,0,0,0,0,0,0,0,0,0,0,0,0,0,0,0,0,0,0,0,0,0,0,0,72.4560713469982,0,0,93.557725712657,0,640.574418768287,0,0,564.072816848755,0,0,0,0
0,0,0,0,0,0,0,0,0,0,0,0,0,0,0,0,0,0,0,0,0,0,0,0,0,0,0,0,0,0,0,8.24953439831734,0,1590.6463855505,679.346527218819,574.171049058437,0,299.285165607929,0,0,0,0,0,0,0,0,0,128.420827627182,0,0,0,0,0,0,0,0,0,0,0,0,0,0,0,0,0,0,0,0,0,0,0,0,0,0,163.103706389666,0,0,19.4863483905792,114.805579572916,0,0.828149765729904,0,229.42244964838,13.1680860519409,0,0,0
0,0,0,0,0,0,0,0,0,0,0,0,0,0,0,0,0,0,0,0,0,0,0,0,0,0,0,0,0,0,0,0,35.4821264594793,394.024405658245,1089.21439030766,0,529.039273560047,0,81.1969875693321,0,0,0,0,0,0,0,0,223.701485097408,18.0028100609779,0,0,0,0,0,0,0,0,0,0,0,0,0,0,0,0,0,0,0,0,0,0,0,0,0,0,93.557725712657,19.4863483905792,0,0,531.937709406018,0,118.375072836876,380.321005314589,17.6198989152908,0,0,0
0,103.734499290586,1.87683367729187,53.2469300851226,0,120.002795003355,0,0,0,6.56837017834187,0,4.13699008524418,0,0,0,0,168.173576228321,169.54662271589,2146.6493325904,283.837503783405,0,0,0,0,0,0,0,0,0,0,0,489.865980356932,10.8319411277771,17.4515082985163,0,18392.5081835315,114.360770255327,225.704736888409,0,798.101497739553,37.0061683505774,1249.41067750007,26.0458993166685,0,0,1938.89337771386,23.3349253684282,1278.43345458806,69.8385694921017,192.669683486223,0,31.8311526179314,0,0,0,0,0.608333766460419,237.415518634021,0,0.197968199849129,0,0,1587.50788323581,2.98756642639637,0,0,0,0,0,0,0,0,38.7559154331684,0.973753988742828,183.866667851806,0,114.805579572916,0,0,79.8840087354183,1142.17434412986,6.25084123015404,5922.06216651201,429.499332368374,1548.06538995355,268.531706288457,4.53625512123108
35.2239598482847,0,46.9480798915029,0,21.5990234017372,0,0,0,5.48850095272064,0,118.144098132849,0,0,0,0,0,197.269976362586,44.9156863987446,1831.23364882916,0,740.024937540293,0,1.75369465351105,0,0,0,0,0,0,0,0,0.702972114086151,373.192463263869,0,44.5543232560158,66.3662785589695,19666.4833035916,0,1092.45240435004,17.2442130297422,949.411715269089,22.1497497558594,1413.79683350772,0,2.16775447130203,17.6707721501589,2351.67749027908,1428.42854511738,359.724393106997,0.518137648701668,16.7168919220567,0,0,0,0.259213298559189,0,15.198998503387,1.4134349822998,0,0,0,0,4.32765802741051,1898.2371776551,0,0,0,0,0,0,0,0,1.39926839619875,36.2778274863958,18.6839686632156,640.574418768287,0,531.937709406018,79.8840087354183,0,3.23525010049343,1213.14244735241,5632.38204482198,574.023462720215,1246.77306108922,8.33647606521845,174.450551837683
