0,0,0.140278719365597,0,0.163232669234276,0,0,0,0.166278154673901,0,0,0,0,0,0,0,0.311209301153819,0,0.238324456098603,0,0,0,0,0,0,0,0,0,0,0,0,0,0,0,0,0,0.427257269620895,0,0,0,0.458619326353073,0,0.377829497731904,0,0,0,0.460689872503281,0.343155950307846,0.213956670463085,0,0,0,0,0,0.197970017519864,0,0.396492916345596,0,0,0,0.214391923602054,0,0,0.449702441692352,0,0,0,0,0,0,0,0.413810918728511,0,0.417286431789398,0,0,0.452633827924728,0,0,0.423849349512773,0,0.477765709684606,0.243656527363893,0,0.382041178448662,0,0
0,0,0,0.190484998954667,0,0,0,0,0,0.16568214838442,0,0,0,0,0,0,0.314767301082611,0.270658046007156,0.344176899243451,0,0,0,0,0,0,0,0,0,0,0,0,0,0,0,0,0.371817350387573,0,0,0,0.417890677849452,0,0.359996485750417,0,0.512945224841436,0,0.386508693695068,0,0.389839351177216,0,0.283440921243816,0,0,0,0,0,0.15561463445425,0,0,0,0,0,0.190010415459121,0.391735359149821,0,0,0,0,0,0,0,0,0,0.333890289068222,0,0,0,0,0,0.409028157677954,0,0.446062229573727,0,0.331315092345667,0,0.290568890696085,0.392481923103333,0
0.140278719365597,0,0,0,0.17555595103931,0,0,0,0.147546958674987,0,0,0,0,0,0,0,0,0,0.298361169440406,0,0.311724461615086,0,0,0,0,0,0,0,0,0,0,0,0,0,0,0,0.328055560588837,0,0.341476221879323,0,0.33704776763916,0.244431778788567,0.312286468718549,0,0,0,0.308789789676666,0,0.305104948207736,0.315542489290237,0.327481559415658,0,0,0,0.199840852881179,0,0.334930542028613,0,0.393040085906413,0,0.244575142860413,0,0,0.335336421926816,0,0,0,0,0,0,0,0.345578738621303,0,0.34554795401566,0,0,0,0,0,0.345488265156746,0,0.370680438088519,0.174912073427723,0.331268012523651,0.263409796727184,0,0.277007006786086
0,0.190484998954667,0,0,0,0,0,0,0,0.167653269237942,0,0,0,0,0,0,0,0,0,0,0,0,0,0,0,0,0,0,0,0,0,0,0,0,0,0.350901529192924,0,0.303556859493256,0,0.267831191420555,0,0.328355867415667,0,0,0,0.27663021002497,0,0,0,0.199368379876285,0,0.228771411946842,0,0,0,0.16742181032896,0,0.278381188017453,0,0.310782036360572,0,0.249201379821334,0.308827199041843,0,0,0,0,0,0,0,0.299481004476547,0,0.349073495893251,0,0,0,0,0,0.322049564484394,0,0.362366383114169,0,0.244693494072327,0,0.228661090669492,0.271617919206619,0
0.163232669234276,0,0.17555595103931,0,0,0,0.191298441030085,0,0.165561569929123,0,0.267594148715337,0,0,0,0,0,0.286810994148254,0,0.278583072125912,0,0.243147568122761,0,0,0,0,0,0,0,0,0,0,0,0,0,0,0.304931342601776,0.249278376534791,0,0.315592706203461,0,0.295857869916492,0.269316911697388,0.290237601865759,0,0,0,0.30030058324337,0.26505509018898,0.298954343061839,0.281635440058178,0.243244554288035,0,0.226774865100461,0,0.195009063515398,0,0.280190653677257,0,0.267126159975305,0,0.212523967027664,0,0,0.270689415404709,0,0,0,0,0,0.299093455076218,0,0.300589056809743,0,0.309777589263143,0,0,0,0,0.29381275177002,0.292869000313839,0,0.343480636035242,0.224229326483313,0.198013447501041,0.289238441134253,0,0.263985103617112
0,0,0,0,0,0,0,0,0,0.194734591426271,0,0,0,0.218166580931707,0,0.219217272365794,0,0,0.307940483093262,0.14299863576889,0,0,0,0,0,0,0,0,0,0,0,0,0,0,0,0,0,0,0,0,0,0,0,0,0,0.233544275164604,0,0,0,0,0,0.212921028903552,0,0.14904573559761,0,0.223468080163002,0,0.150463074445724,0,0.228340717522722,0,0.237043957297619,0,0,0,0,0,0,0,0,0,0,0,0,0,0,0,0,0,0,0,0,0.210074011236429,0.269278397783637,0.186122346669436,0,0
0,0,0,0,0.191298441030085,0,0,0,0,0,0.197060423903167,0,0,0,0,0,0,0,0,0,0.196649307554418,0,0,0,0,0,0,0,0,0,0,0,0,0,0,0,0,0,0,0,0,0,0,0,0,0,0,0,0,0,0.216763084968094,0,0.197867055184877,0,0,0,0.196500177184741,0,0.25963755087419,0,0,0,0,0.204740475449297,0,0,0,0,0,0,0,0,0,0,0,0,0,0,0,0.26865229010582,0,0,0.181276530559574,0,0.2096837790949,0,0
0,0,0,0,0,0,0,0,0,0,0,0,0,0,0,0,0,0,0,0,0,0,0,0,0,0,0,0,0,0,0,0,0,0,0,0,0,0,0,0,0,0,0,0,0,0,0,0,0,0,0,0.210367152094841,0,0.249017336782608,0,0,0,0,0,0,0,0,0,0,0,0,0,0,0,0,0,0,0,0,0,0,0,0,0,0,0,0,0.167029819872281,0.18793822824955,0,0,0
0.166278154673901,0,0.147546958674987,0,0.165561569929123,0,0,0,0,0,0,0,0,0,0.17715352276961,0,0.192148684403476,0.216662779450417,0,0,0,0,0,0,0,0,0,0,0,0,0,0,0,0,0,0,0,0,0.157865718007088,0,0,0,0.270167129735152,0,0,0,0,0,0.124606554396451,0,0,0,0,0,0.237614033723827,0,0,0,0,0,0.247536450624466,0,0,0,0,0,0,0.20589388694082,0,0,0,0,0,0,0,0,0,0,0,0,0,0.208512797951698,0.178536475989325,0.184332773089409,0.170892007590737,0,0
0,0.16568214838442,0,0.167653269237942,0,0.194734591426271,0,0,0,0,0,0,0,0,0,0.194008171794907,0,0.188836640932343,0,0,0,0,0,0.224156074225903,0,0,0,0,0,0,0,0,0,0,0,0,0,0.19804996997118,0,0,0,0.217807874083519,0,0,0,0,0,0,0,0.219741087158521,0,0.184780943393707,0,0,0,0.216808520789657,0,0,0,0,0,0.196373879828088,0,0,0,0,0.195713892579079,0,0.160237304866314,0,0,0,0,0,0,0,0,0,0,0,0.190634123980999,0,0.197961499671141,0,0,0,0
0,0,0,0,0.267594148715337,0,0.197060423903167,0,0,0,0,0,0,0,0,0,0.330124199390411,0,0.409813150763512,0,0.172551311636239,0,0,0,0,0,0,0,0,0,0.215501114726067,0,0,0,0,0,0,0,0.157137495474281,0,0,0,0,0,0,0,0,0,0,0,0,0,0.179242278600848,0,0,0,0.228615629984537,0,0.214533418416977,0,0,0,0,0.202998652458191,0,0,0,0,0,0,0,0,0,0.26337851639559,0,0,0,0,0,0.29501151580077,0.332240641117096,0.15687631717638,0.170241258627067,0,0.310275416821241,0,0
0,0,0,0,0,0,0,0,0,0,0,0,0,0.228486915677786,0,0,0,0,0,0.153355716890895,0,0,0,0,0,0,0,0,0,0.141425207257271,0,0,0,0,0,0,0,0.158924819255362,0,0,0,0,0,0,0,0,0,0,0,0,0,0.193390362537824,0,0,0,0,0,0.239880697732414,0,0.191162805346882,0,0,0,0,0,0,0,0,0,0,0,0,0,0,0,0,0,0,0,0,0.158963945542657,0,0.119664289057255,0,0,0,0
0,0,0,0,0,0,0,0,0,0,0,0,0,0,0.157545545271465,0,0,0,0,0,0,0,0,0,0,0,0,0,0,0,0,0,0,0,0,0,0,0,0,0,0,0,0,0,0,0,0,0,0,0,0,0,0.278442174196243,0,0,0,0,0,0.243266447492548,0,0.152676299214363,0,0,0,0,0,0,0,0,0,0,0,0,0,0,0,0,0,0,0,0,0,0,0,0,0,0
0,0,0,0,0,0.218166580931707,0,0,0,0,0,0.228486915677786,0,0,0,0.231160899003347,0,0,0,0,0,0,0,0,0,0,0,0,0,0,0,0,0,0,0,0,0,0,0,0,0,0,0,0,0,0,0,0,0,0,0,0,0,0.267833242813746,0,0,0,0.250894556442897,0,0.228952940553427,0,0.243979919701815,0,0,0,0,0,0,0,0,0,0,0,0,0,0,0,0,0,0,0,0,0,0.139592510958513,0,0,0
0,0,0,0,0,0,0,0,0.17715352276961,0,0,0,0.157545545271465,0,0,0,0.189536271760097,0,0,0,0,0,0,0,0,0,0,0,0,0,0,0,0,0,0,0,0,0,0,0,0,0,0,0,0,0,0,0,0,0,0.265047343153703,0,0,0,0.181541284448222,0,0,0,0.222138305505117,0,0.162127521051013,0,0,0,0,0,0,0,0,0,0,0,0,0,0,0,0,0,0,0,0,0,0.180261307529041,0.153597146272659,0,0,0
0,0,0,0,0,0.219217272365794,0,0,0,0.194008171794907,0,0,0,0.231160899003347,0,0,0,0,0,0,0,0,0,0,0,0,0,0,0,0,0,0,0,0,0,0,0,0,0,0,0,0,0,0,0,0,0,0,0,0,0,0,0,0,0,0.232607481675548,0,0,0,0.250919408657972,0,0.206276844327266,0,0,0,0,0,0,0,0,0,0,0,0,0,0,0,0,0,0,0,0,0.18871593909959,0.23343925178051,0,0,0
0.311209301153819,0.314767301082611,0,0,0.286810994148254,0,0,0,0.192148684403476,0,0.330124199390411,0,0,0,0.189536271760097,0,0,0.182375519643922,0.287150812063483,0,0.35122811794281,0,0,0,0.171089547021048,0,0.190553642809391,0,0,0,0,0,0,0,0,0.321094777435064,0.339331043618066,0,0.347039945423603,0.297756470441818,0.315440617758652,0.270172860324383,0.27566107288003,0.265791227420171,0.264070788025856,0.294738331745411,0.296814562779077,0,0.331286534667015,0.308617989222209,0,0,0,0,0,0,0.341576793364116,0,0,0,0.192272888986688,0,0.314061600477137,0.335000409185886,0,0,0,0,0,0,0,0.360553745180368,0.320824912616185,0.343800815038903,0,0,0,0,0.318629572530846,0.344142203314386,0.330054229381038,0.365944919190876,0.204209696884124,0.174062584137609,0.325355067074481,0.265614292942561,0.280225713705194
0,0.270658046007156,0,0,0,0,0,0,0.216662779450417,0.188836640932343,0,0,0,0,0,0,0.182375519643922,0,0.286669788273926,0,0.254368215799332,0.170783475041389,0,0.163133284030482,0,0,0,0,0,0,0,0,0,0,0,0.323981830477715,0.316564351320267,0,0.333487987518311,0.311503523162433,0.299820453283333,0.296302947476506,0.265633628505175,0.295063900947571,0,0.310729887368333,0.269733985619886,0,0.318640475471814,0.373393009106318,0,0,0,0,0,0.170857020550304,0.328043170273304,0.352284550666809,0,0,0,0.166980609297752,0.328453072243267,0.361461212237676,0.22920036315918,0,0.173348577693105,0,0,0,0,0,0.348799435531392,0.302475837059319,0,0,0,0,0.334038981084544,0.33192318979274,0.366481428078357,0.331024570292548,0.217522745281067,0.19675448175407,0.319276401695485,0.300484724591176,0.279097357048438
0.238324456098603,0.344176899243451,0.298361169440406,0,0.278583072125912,0.307940483093262,0,0,0,0,0.409813150763512,0,0,0,0,0,0.287150812063483,0.286669788273926,0,0,0.411932580173016,0,0,0,0,0,0,0,0,0,0,0,0,0,0,0.348121894033332,0.375872895121574,0.400943453113238,0.392191843986511,0.330087935685867,0.352408198777724,0.26906892457882,0.270021951796787,0.393966750507908,0.266087644240435,0.345667436338717,0.302952138639172,0.329988837242126,0.348651537450693,0.320854251201336,0.296550571918488,0,0,0,0,0,0.361104316078126,0.36730744317174,0,0,0,0,0.34472705076608,0.353429026615161,0,0,0,0,0,0.367456138134003,0,0.365212281545003,0.406481702048499,0.367463182545825,0,0,0,0,0.370545217885931,0.392660970994168,0.400853658174099,0.399873845102822,0.255694087520412,0.24018717710286,0.371628692265196,0.273605273791722,0.259875828309742
0,0,0,0,0,0.14299863576889,0,0,0,0,0,0.153355716890895,0,0,0,0,0,0,0,0,0,0,0,0,0,0,0,0,0,0,0,0,0,0,0,0.213916291352713,0,0.25071527531334,0,0,0,0.290672123432159,0,0,0,0.364543676376343,0,0,0,0.378840178251266,0,0.170458131014033,0,0,0,0,0,0.163162691166272,0,0,0,0,0.265564134422778,0,0,0,0,0,0,0,0,0,0.289406508207321,0,0,0,0,0,0.233877670118079,0,0.249312147498131,0,0.215357106398134,0.208355842098113,0.210404484587557,0,0
0,0,0.311724461615086,0,0.243147568122761,0,0.196649307554418,0,0,0,0.172551311636239,0,0,0,0,0,0.35122811794281,0.254368215799332,0.411932580173016,0,0,0,0,0,0,0,0,0,0,0,0,0,0,0,0,0,0.161341806825919,0,0.194052123709729,0,0.314775109291077,0,0.349464908242226,0,0,0,0.341994028199803,0,0.372489213943481,0,0.265537232261252,0,0.19544625878334,0,0,0,0.311815153611334,0,0,0,0,0,0,0.233511714770481,0,0,0,0,0,0,0,0,0,0.33865162357688,0,0,0,0,0,0.185391617994953,0,0.29399436712265,0.185035594845893,0,0.333745639357302,0,0
0,0,0,0,0,0,0,0,0,0,0,0,0,0,0,0,0,0.170783475041389,0,0,0,0,0.117017522454262,0.198361394398006,0,0.227592816576362,0,0.182323354813788,0,0,0,0,0,0,0,0,0,0.235036400051517,0,0,0,0,0,0,0,0,0,0.509824728681928,0,0.260975421506625,0,0,0,0,0,0,0,0,0,0,0,0,0,0,0.263870829186941,0,0.280910797681905,0,0.304693620204926,0,0.2931824862957,0,0,0,0,0,0,0,0,0,0.314297291373717,0.135894700884819,0.194093817058094,0.213166028261185,0,0,0
0,0,0,0,0,0,0,0,0,0,0,0,0,0,0,0,0,0,0,0,0,0.117017522454262,0,0,0.227168972433453,0,0.219543358543888,0,0.247603453695774,0,0,0,0,0,0,0,0,0,0.286064591731376,0,0,0,0.381153881549835,0,0,0,0,0,0.343157735077315,0,0,0,0,0,0,0,0.399403691291809,0,0,0,0,0,0,0,0,0.235833073274614,0,0.217460951634816,0,0.364242611274327,0,0.43022666986172,0,0,0,0,0,0,0,0,0,0.263618382533391,0.174920366834039,0.13646415959705,0.336636816461881,0,0
0,0,0,0,0,0,0,0,0,0.224156074225903,0,0,0,0,0,0,0,0.163133284030482,0,0,0,0.198361394398006,0,0,0,0.243639841675758,0,0,0,0,0,0,0,0,0,0,0,0.195088197031747,0,0,0,0,0,0,0,0,0,0,0,0,0,0,0,0,0,0.24767231248634,0,0,0,0,0,0,0,0,0.224099665271993,0,0.263037474585485,0,0.308726084503261,0,0,0,0,0,0,0,0,0,0,0,0.239652018284514,0,0.158859354521458,0,0,0,0
0,0,0,0,0,0,0,0,0,0,0,0,0,0,0,0,0.171089547021048,0,0,0,0,0,0.227168972433453,0,0,0,0.149729434814718,0,0,0,0,0,0,0,0,0,0,0,0.244590760270754,0,0,0,0.258893807729085,0,0,0,0,0,0.237576454877853,0,0,0,0,0,0.20082660302006,0,0,0,0,0,0,0,0,0,0,0.234988707710396,0,0.220653344912104,0,0.179379747862915,0,0,0,0,0,0,0,0,0,0,0,0.227290694009174,0.162668109871447,0,0.292957274373188,0,0
0,0,0,0,0,0,0,0,0,0,0,0,0,0,0,0,0,0,0,0,0,0.227592816576362,0,0.243639841675758,0,0,0,0,0,0,0,0,0,0,0,0,0,0,0,0,0,0,0,0,0,0,0,0,0,0,0,0,0,0,0,0.217893779277802,0,0,0,0,0,0,0,0,0.239755136626107,0,0.244976977507273,0,0.248784792045472,0,0.296961009502411,0,0,0,0,0,0,0,0,0,0,0,0,0,0,0,0
0,0,0,0,0,0,0,0,0,0,0,0,0,0,0,0,0.190553642809391,0,0,0,0,0,0.219543358543888,0,0.149729434814718,0,0,0,0.210375966770308,0,0,0,0,0,0,0,0,0,0,0,0,0,0,0,0,0,0,0,0,0,0,0,0,0,0,0,0,0,0,0,0,0,0,0,0,0,0,0.206569868326187,0,0.35431739071894,0,0.412001431228653,0,0,0,0,0,0,0,0,0,0,0.157157285559562,0.191401138901711,0,0,0
0,0,0,0,0,0,0,0,0,0,0,0,0,0,0,0,0,0,0,0,0,0.182323354813788,0,0,0,0,0,0,0,0,0,0,0,0,0,0,0,0.198853721368616,0,0,0,0,0,0,0,0,0,0,0,0,0,0,0,0,0,0,0,0,0,0.23388170224169,0,0,0,0,0,0,0,0,0.225122526288033,0,0.246731959012869,0,0,0,0,0,0,0,0,0,0.205435048187933,0,0,0,0,0,0
0,0,0,0,0,0,0,0,0,0,0,0,0,0,0,0,0,0,0,0,0,0,0.247603453695774,0,0,0,0.210375966770308,0,0,0,0,0,0,0,0,0,0,0,0,0,0,0,0,0,0,0,0,0,0,0,0,0,0,0,0,0,0,0,0,0,0,0,0,0,0,0.24810183942318,0,0,0,0.373335982362429,0,0.266003713461777,0,0,0,0,0,0,0,0,0,0,0,0,0,0,0
0,0,0,0,0,0,0,0,0,0,0,0.141425207257271,0,0,0,0,0,0,0,0,0,0,0,0,0,0,0,0,0,0,0,0,0,0,0,0,0,0.144596063823842,0,0,0,0,0,0,0,0,0,0,0,0,0,0,0,0,0,0,0,0,0,0,0,0,0,0,0,0,0,0,0,0,0,0,0.252567416660268,0,0,0,0,0,0,0,0.253732728306204,0,0.166968703269958,0,0,0,0
0,0,0,0,0,0,0,0,0,0,0.215501114726067,0,0,0,0,0,0,0,0,0,0,0,0,0,0,0,0,0,0,0,0,0,0,0,0,0,0,0,0,0,0,0,0,0,0,0,0,0,0,0,0,0,0,0,0,0,0.289099173413383,0,0,0,0,0,0,0.305663838982582,0,0,0,0,0,0,0,0,0,0.231821457423815,0,0,0,0,0,0.325232446193695,0,0,0,0,0,0,0
0,0,0,0,0,0,0,0,0,0,0,0,0,0,0,0,0,0,0,0,0,0,0,0,0,0,0,0,0,0,0,0,0.310932374931872,0.274272001602433,0,0.288698046253278,0.61499281724294,0,0,0.460381805896759,0,0,0,0,0,0,0,0.447099531430678,0,0.645208597183228,0,0,0,0,0,0,0,0,0,0,0,0,0,0,0,0,0,0,0,0,0,0,0,0,0.255030728362988,0.413459813155112,0.27956494476114,0,0.396812939033276,0.464248415496614,0,0,0.317150788381696,0,0,0,0
0,0,0,0,0,0,0,0,0,0,0,0,0,0,0,0,0,0,0,0,0,0,0,0,0,0,0,0,0,0,0,0.310932374931872,0,0,0.463720691784964,0.627050893008709,0.239081795369294,0,0,0,0,0,0,0,0,0,0,0.575851047595779,0,0.469776719808578,0,0,0,0,0,0,0,0,0,0,0,0,0,0,0,0,0,0,0,0,0,0,0,0,0.227049548698719,0.405606431659737,0.175572153925896,0.530990213155746,0.455699429909388,0.302719447261168,0,0,0.183178823973451,0,0,0,0
0,0,0,0,0,0,0,0,0,0,0,0,0,0,0,0,0,0,0,0,0,0,0,0,0,0,0,0,0,0,0,0.274272001602433,0,0,0.335391181757709,0.138707972011145,0,0.461881794035435,0.375852137804031,0,0,0.611100167036057,0.529247939586639,0,0,0,0,0.456463253347225,0.545112788677216,0.520700656134507,0,0,0,0,0,0,0,0,0,0,0,0,0,0,0,0,0,0,0,0,0,0,0,0,0.321573939919472,0,0.22649553363608,0.12773193915685,0.293378085479004,0,0.53565347646222,0,0.258610674482308,0,0.509073078632355,0,0
0,0,0,0,0,0,0,0,0,0,0,0,0,0,0,0,0,0,0,0,0,0,0,0,0,0,0,0,0,0,0,0,0.463720691784964,0.335391181757709,0,0,0.176520173509534,0.136763092718626,0.311427508791288,0,0,0,0.644771337509155,0,0,0,0,0.505740832340775,0.565643177628517,0.54795159972631,0,0,0,0,0,0,0,0,0,0,0,0,0,0,0,0,0,0,0,0,0,0,0,0,0.174462795257568,0.397825338270353,0.189500023075875,0.216806569234098,0,0.228554906301977,0,0.284205763069066,0.296652779878814,0,0.575100082159042,0,0
0,0.371817350387573,0,0.350901529192924,0.304931342601776,0,0,0,0,0,0,0,0,0,0,0,0.321094777435064,0.323981830477715,0.348121894033332,0.213916291352713,0,0,0,0,0,0,0,0,0,0,0,0.288698046253278,0.627050893008709,0.138707972011145,0,0,0.157438675312774,0.199182402643752,0.142692614346743,0.284612523972011,0,0.324574666304721,0.286848336458206,0.410408598184586,0,0.309279041985671,0.290542289614677,0.549903050808241,0.296396672725677,0.293031554669142,0,0.242285104626316,0,0,0,0.237083941698074,0.327430993318558,0.192329123616219,0,0,0,0.324416026473045,0.263241910696856,0,0,0,0,0,0,0,0,0,0.351619988679886,0.306907311081886,0.2328419573929,0.588075349728266,0.172556893464099,0,0.267745778426148,0.165118226781487,0.256289424338177,0.368826140960058,0.181064639642049,0.174707742172097,0.300000041723251,0.32710457273892,0.294794450203578
0.427257269620895,0,0.328055560588837,0,0.249278376534791,0,0,0,0,0,0,0,0,0,0,0,0.339331043618066,0.316564351320267,0.375872895121574,0,0.161341806825919,0,0,0,0,0,0,0,0,0,0,0.61499281724294,0.239081795369294,0,0.176520173509534,0.157438675312774,0,0,0.196190518473229,0,0.354808479547501,0.359396561980247,0.338049884765379,0,0.347747296094894,0,0.271612231744164,0.64884311117786,0.291066440132757,0.242955565452576,0.277062858939171,0,0,0,0,0,0.301584836683775,0,0.312977582216263,0,0,0,0,0.228456076910476,0,0,0,0,0,0,0,0.340658277273178,0,0.308254521340132,0.608219504356384,0.242506753774058,0,0.237625402879472,0.185951746937077,0.262845638760322,0,0.252932461367531,0.198560137433896,0.221386906343474,0.281217758021603,0,0.337423238158226
0,0,0,0.303556859493256,0,0,0,0,0,0.19804996997118,0,0.158924819255362,0,0,0,0,0,0,0.400943453113238,0.25071527531334,0,0.235036400051517,0,0.195088197031747,0,0,0,0.198853721368616,0,0.144596063823842,0,0,0,0.461881794035435,0.136763092718626,0.199182402643752,0,0,0.311564767633686,0,0,0.445546519362702,0,0.403338640928268,0,0.310420349240303,0,0.648777777867683,0,0.294948962608049,0,0,0,0,0,0.185062650995082,0,0.142939793877304,0,0,0,0,0.288680794173504,0,0.232088899262613,0,0.26388708975988,0,0.25986236333847,0,0.259072635943691,0,0.172814190884431,0,0,0,0.181482298017451,0.138014083107313,0.269179686809142,0,0.282394075877827,0.152759173151219,0.37462124298766,0.356648547815628,0.47470233799847,0.357041418552399,0
0,0,0.341476221879323,0,0.315592706203461,0,0,0,0.157865718007088,0,0.157137495474281,0,0,0,0,0,0.347039945423603,0.333487987518311,0.392191843986511,0,0.194052123709729,0,0.286064591731376,0,0.244590760270754,0,0,0,0,0,0,0,0,0.375852137804031,0.311427508791288,0.142692614346743,0.196190518473229,0.311564767633686,0,0.29786691069603,0.31982843875885,0,0.372628538869321,0.389492124319077,0,0.346037343144417,0.314968044266981,0.586358313485059,0.384596015919339,0,0.342423394322395,0,0,0,0.252963536001485,0,0.151424471288919,0,0,0,0,0,0,0.260411467879249,0,0.355937077484278,0,0.306793415229526,0,0,0,0,0,0.34321191906929,0,0,0,0.30004472831885,0.397670656442642,0.260935028370952,0,0.247823622185795,0.291568838258584,0.253836065530777,0.421820909684074,0,0.341818574815989
0,0.417890677849452,0,0.267831191420555,0,0,0,0,0,0,0,0,0,0,0,0,0.297756470441818,0.311503523162433,0.330087935685867,0,0,0,0,0,0,0,0,0,0,0,0,0.460381805896759,0,0,0,0.284612523972011,0,0,0.29786691069603,0,0.3124272108078,0.305346347105523,0.277986630797386,0.444110729373418,0,0.271707044691785,0.318058061599731,0.624568985862882,0.386817127466202,0.469509061125782,0,0.259177148342133,0,0,0,0,0.300088415543238,0.310518432747234,0,0,0,0,0.264480616791835,0,0,0,0,0,0,0,0,0,0.334577687476811,0.328115731477737,0.265171885490417,0.497569541136424,0,0,0.420844573521188,0.352846439068134,0.345460927566967,0.356026824563742,0.305384798698566,0.302940905094147,0.272090098637516,0.317426322887723,0.261885559558868
0.458619326353073,0,0.33704776763916,0,0.295857869916492,0,0,0,0,0,0,0,0,0,0,0,0.315440617758652,0.299820453283333,0.352408198777724,0,0.314775109291077,0,0,0,0,0,0,0,0,0,0,0,0,0,0,0,0.354808479547501,0,0.31982843875885,0.3124272108078,0,0.313664392630259,0.324902231065725,0,0.358349498580484,0.331257079328809,0.403972141050795,0.360157656483352,0.224248784619409,0.263705589373906,0.322377012457166,0,0,0,0,0,0.30972469202718,0,0.344471309866224,0,0,0,0.339334348837535,0.353178969131628,0,0,0,0,0,0,0,0.338606938719749,0,0.323416966127186,0,0,0,0,0.349720262345814,0.330172883742902,0.341023661196232,0.374290044722932,0.336915263411452,0.349289228839259,0.347857612654113,0.287957936525345,0.28426150960831
0,0.359996485750417,0.244431778788567,0.328355867415667,0.269316911697388,0,0,0,0,0.217807874083519,0,0,0,0,0,0,0.270172860324383,0.296302947476506,0.26906892457882,0.290672123432159,0,0,0,0,0,0,0,0,0,0,0,0,0,0.611100167036057,0,0.324574666304721,0.359396561980247,0.445546519362702,0,0.305346347105523,0.313664392630259,0,0.317666207855408,0.343720172345638,0.219798937439919,0.325122000502949,0.268055979162455,0.518895642033645,0.44893467053771,0.391804614552745,0,0.311290502548218,0,0,0,0.254250981268429,0.287361124157906,0.357013909887559,0,0.40583148598671,0,0.297172265393393,0.339232980124349,0.332781463861465,0,0,0.240576758152909,0,0,0,0.342322333500935,0.298224240541458,0.369252520549143,0.301776617765427,0,0,0,0,0.335427814730701,0.34858413785696,0.366051523639426,0.315593219229153,0.323955927418598,0.28067495567458,0.329940574902127,0.257781753300736,0.24100094749814
0.377829497731904,0,0.312286468718549,0,0.290237601865759,0,0,0,0.270167129735152,0,0,0,0,0,0,0,0.27566107288003,0.265633628505175,0.270021951796787,0,0.349464908242226,0,0.381153881549835,0,0.258893807729085,0,0,0,0,0,0,0,0,0.529247939586639,0.644771337509155,0.286848336458206,0.338049884765379,0,0.372628538869321,0.277986630797386,0.324902231065725,0.317666207855408,0,0.353769063949585,0.300753318890929,0.298448969920476,0.347710216652612,0.556167112295388,0.377512127526771,0.47796101615114,0.327011049497785,0,0,0,0.287651182575659,0,0.351791052874737,0.284311085939407,0.351417642086744,0,0,0,0.317523146905596,0.377287528707308,0,0.386798605322838,0,0,0,0.367621001270082,0,0.367467744235309,0.311548733711243,0.351082388569693,0,0,0,0,0.312953993145909,0.341763858669379,0.354993636267526,0.364506517472316,0.37697234802696,0.307550516218329,0.340981812349594,0.227643508996282,0.26715361334985
0,0.512945224841436,0,0,0,0,0,0,0,0,0,0,0,0,0,0,0.265791227420171,0.295063900947571,0.393966750507908,0,0,0,0,0,0,0,0,0,0,0,0,0,0,0,0,0.410408598184586,0,0.403338640928268,0.389492124319077,0.444110729373418,0,0.343720172345638,0.353769063949585,0,0,0.339437166849772,0,0,0,0.424282193183899,0,0,0,0,0,0,0,0.332782447338104,0,0,0,0,0.402218310670419,0,0,0,0,0,0,0,0,0,0.489986017346382,0.309883326292038,0,0,0,0,0.421285180747509,0.376037195324898,0.555732100809875,0,0.440531079967817,0,0.452670338418749,0.254032522439957,0
0,0,0,0,0,0,0,0,0,0,0,0,0,0,0,0,0.264070788025856,0,0.266087644240435,0,0,0,0,0,0,0,0,0,0,0,0,0,0,0,0,0,0.347747296094894,0,0,0,0.358349498580484,0.219798937439919,0.300753318890929,0,0,0,0.413891315460205,0,0,0,0,0,0,0,0,0,0.402065277099609,0,0,0,0,0,0.336322754621506,0,0,0,0,0,0,0,0,0,0,0.386310219764709,0,0,0,0,0.377854883670807,0.415761740626516,0,0.308325286954641,0.248976713418961,0,0.375650212168694,0,0.274314196780324
0,0.386508693695068,0,0.27663021002497,0,0.233544275164604,0,0,0,0,0,0,0,0,0,0,0.294738331745411,0.310729887368333,0.345667436338717,0.364543676376343,0,0,0,0,0,0,0,0,0,0,0,0,0,0,0,0.309279041985671,0,0.310420349240303,0.346037343144417,0.271707044691785,0.331257079328809,0.325122000502949,0.298448969920476,0.339437166849772,0,0,0.305622777768544,0.368962213397026,0.314888578653336,0.291235827256081,0.324449300765991,0.255571220070124,0,0,0,0.253721475601196,0,0.306434037163854,0,0.266226649284363,0,0.238169348665646,0.279070535249118,0.361288130283356,0,0,0,0,0,0,0,0.353129237890244,0.392590887844563,0.316320985555649,0,0,0,0,0.298915535712969,0.363011353072666,0.369211631076676,0.352719008922577,0.326591480532155,0.208332639187574,0.304585402611579,0.315421570230413,0.28263550500075
0.460689872503281,0,0.308789789676666,0,0.30030058324337,0,0,0,0,0,0,0,0,0,0,0,0.296814562779077,0.269733985619886,0.302952138639172,0,0.341994028199803,0,0,0,0,0,0,0,0,0,0,0,0,0,0,0.290542289614677,0.271612231744164,0,0.314968044266981,0.318058061599731,0.403972141050795,0.268055979162455,0.347710216652612,0,0.413891315460205,0.305622777768544,0,0,0.323721258655975,0.248131657640139,0.357607126235962,0,0,0,0,0,0.304876000385418,0,0.361531406641006,0,0,0,0.347017440199852,0.31344603618153,0,0,0,0,0,0,0,0.353929117321968,0,0.341680367355761,0,0,0,0,0.347185159271414,0.292318862298923,0.328988760709763,0.328786928377662,0.308653581338797,0.306204699807697,0.310783242492965,0.277587587634722,0.304253196826688
0.343155950307846,0.389839351177216,0,0,0.26505509018898,0,0,0,0,0,0,0,0,0,0,0,0,0,0.329988837242126,0,0,0.509824728681928,0,0,0,0,0,0,0,0,0,0.447099531430678,0.575851047595779,0.456463253347225,0.505740832340775,0.549903050808241,0.64884311117786,0.648777777867683,0.586358313485059,0.624568985862882,0.360157656483352,0.518895642033645,0.556167112295388,0,0,0.368962213397026,0,0,0.539905785931134,0.515481564403662,0.308202344179153,0,0,0,0,0,0.302784651517868,0,0,0,0,0,0,0,0.514310761139943,0,0.498008024692535,0,0,0,0,0,0,0.353544324636459,0.38181563071197,0.510080814754712,0.464385841183596,0.437447555735707,0.449613299630519,0.473504165512831,0.533424062069393,0.42407613992691,0.613282619567011,0.672955530030387,0.625680243968964,0.323560863733292,0.271349966526031
0.213956670463085,0,0.305104948207736,0,0.298954343061839,0,0,0,0.124606554396451,0,0,0,0,0,0,0,0.331286534667015,0.318640475471814,0.348651537450693,0,0.372489213943481,0,0.343157735077315,0,0.237576454877853,0,0,0,0,0,0,0,0,0.545112788677216,0.565643177628517,0.296396672725677,0.291066440132757,0,0.384596015919339,0.386817127466202,0.224248784619409,0.44893467053771,0.377512127526771,0,0,0.314888578653336,0.323721258655975,0.539905785931134,0,0.370243621094582,0.325517595627091,0,0,0,0,0,0.331970733291698,0,0.352378189563751,0,0.210426554083824,0,0.374956905841827,0.376161555449168,0,0.368614103154916,0,0.294517284807037,0,0.198459409177303,0,0.304762764184764,0,0.366430197873384,0,0.571298032999039,0,0.399389192461967,0.317482948303223,0.322051018369284,0.449267841875553,0.387360094460899,0.444122728305675,0.349051775617732,0.368562110174786,0.307785332202911,0.317332024807515
0,0.283440921243816,0.315542489290237,0.199368379876285,0.281635440058178,0,0,0,0,0.219741087158521,0,0,0,0,0,0,0.308617989222209,0.373393009106318,0.320854251201336,0.378840178251266,0,0.260975421506625,0,0,0,0,0,0,0,0,0,0.645208597183228,0.469776719808578,0.520700656134507,0.54795159972631,0.293031554669142,0.242955565452576,0.294948962608049,0,0.469509061125782,0.263705589373906,0.391804614552745,0.47796101615114,0.424282193183899,0,0.291235827256081,0.248131657640139,0.515481564403662,0.370243621094582,0,0.304239408327983,0.251256555318832,0,0,0,0.275604590773582,0.312810800969601,0.342389917945209,0.310839116573334,0.337418884038925,0,0.324584158758322,0.326370992158589,0.282794862985611,0.284706460723751,0,0.307874094694853,0,0.30292645619858,0,0.321041465747773,0,0.390532089410157,0.363083918889364,0.642997682094574,0.571453243494034,0.441312317462528,0,0.387138857148578,0.35065372346663,0.315043912827969,0.371691010892391,0.432061327469377,0.293760374188423,0.328765900280823,0.337233665512829,0
0,0,0.327481559415658,0,0.243244554288035,0,0.216763084968094,0,0,0,0,0,0,0,0.265047343153703,0,0,0,0.296550571918488,0,0.265537232261252,0,0,0,0,0,0,0,0,0,0,0,0,0,0,0,0.277062858939171,0,0.342423394322395,0,0.322377012457166,0,0.327011049497785,0,0,0.324449300765991,0.357607126235962,0.308202344179153,0.325517595627091,0.304239408327983,0,0,0.21384291328601,0,0.207819633185863,0,0.320802907562918,0,0.258703007960497,0,0.231047500331863,0,0,0.291612803864364,0,0,0,0,0,0,0,0.333332091569901,0,0.33464184829167,0,0,0,0,0,0.323171653874804,0,0.358019153917989,0.234701808122314,0.247437864542007,0.316671766103379,0,0.285298079252243
0,0,0,0.228771411946842,0,0.212921028903552,0,0.210367152094841,0,0.184780943393707,0,0.193390362537824,0,0,0,0,0,0,0,0.170458131014033,0,0,0,0,0,0,0,0,0,0,0,0,0,0,0,0.242285104626316,0,0,0,0.259177148342133,0,0.311290502548218,0,0,0,0.255571220070124,0,0,0,0.251256555318832,0,0,0,0.233361877146221,0,0.212973237037659,0,0.248076521136143,0,0.264171080212844,0,0.207383051233472,0.272424874387004,0,0,0,0,0,0,0,0,0,0,0,0,0,0,0,0.282924814866139,0,0.352271695931753,0,0.231952392944583,0.223173381553756,0.261437192333182,0,0
0,0,0,0,0.226774865100461,0,0.197867055184877,0,0,0,0.179242278600848,0,0.278442174196243,0,0,0,0,0,0,0,0.19544625878334,0,0,0,0,0,0,0,0,0,0,0,0,0,0,0,0,0,0,0,0,0,0,0,0,0,0,0,0,0,0.21384291328601,0,0,0,0,0,0.242553530260921,0,0.244877145302539,0,0,0,0,0.182914752799731,0,0,0,0,0,0,0,0,0,0,0,0,0,0,0,0,0,0,0.17360933255731,0,0.23948921635747,0,0
0,0,0,0,0,0.14904573559761,0,0.249017336782608,0,0,0,0,0,0.267833242813746,0,0,0,0,0,0,0,0,0,0,0,0,0,0,0,0,0,0,0,0,0,0,0,0,0,0,0,0,0,0,0,0,0,0,0,0,0,0.233361877146221,0,0,0,0,0,0.211345378309488,0,0.249044538242742,0,0,0,0,0,0,0,0,0,0,0,0,0,0,0,0,0,0,0,0,0,0,0,0,0.222657606005669,0,0
0.197970017519864,0,0.199840852881179,0,0.195009063515398,0,0,0,0.237614033723827,0,0,0,0,0,0.181541284448222,0,0,0,0,0,0,0,0,0,0.20082660302006,0,0,0,0,0,0,0,0,0,0,0,0,0,0.252963536001485,0,0,0,0.287651182575659,0,0,0,0,0,0,0,0.207819633185863,0,0,0,0,0,0.293803496020181,0,0,0,0.202455341815948,0,0,0,0,0,0,0.279217026936124,0,0.23273178935051,0,0.288221746683121,0,0.33911982178688,0,0,0,0,0,0,0,0.258869404221979,0.205539833535166,0,0.222587848880461,0,0
0,0.15561463445425,0,0.16742181032896,0,0.223468080163002,0,0,0,0.216808520789657,0,0,0,0,0,0.232607481675548,0,0.170857020550304,0,0,0,0,0,0.24767231248634,0,0.217893779277802,0,0,0,0,0,0,0,0,0,0.237083941698074,0,0.185062650995082,0,0,0,0.254250981268429,0,0,0,0.253721475601196,0,0,0,0.275604590773582,0,0.212973237037659,0,0,0,0,0,0,0,0,0,0.240652709685523,0,0,0,0,0.23550397021187,0,0,0,0,0,0.299175679683685,0,0,0,0,0,0.324509412050247,0,0.195985799004242,0,0.211673364508897,0,0.188061656264648,0,0
0.396492916345596,0,0.334930542028613,0,0.280190653677257,0,0.196500177184741,0,0,0,0.228615629984537,0,0,0,0,0,0.341576793364116,0.328043170273304,0.361104316078126,0,0.311815153611334,0,0.399403691291809,0,0,0,0,0,0,0,0.289099173413383,0,0,0,0,0.327430993318558,0.301584836683775,0,0.151424471288919,0.300088415543238,0.30972469202718,0.287361124157906,0.351791052874737,0,0.402065277099609,0,0.304876000385418,0.302784651517868,0.331970733291698,0.312810800969601,0.320802907562918,0,0.242553530260921,0,0.293803496020181,0,0,0,0.326920628547668,0,0.300384655594826,0,0.305798478424549,0.302634808857858,0,0.403013242916627,0,0,0,0.383477889356159,0,0.382166546149395,0.309084728360176,0.337072063771367,0,0,0,0,0.347600509723028,0.331302254419895,0.325753944260733,0.357749415295465,0.342785996636508,0.361549835652113,0.3356753620741,0.279441928863525,0.377309822119199
0,0,0,0.278381188017453,0,0.150463074445724,0,0,0,0,0,0.239880697732414,0,0.250894556442897,0,0,0,0.352284550666809,0.36730744317174,0.163162691166272,0,0,0,0,0,0,0,0,0,0,0,0,0,0,0,0.192329123616219,0,0.142939793877304,0,0.310518432747234,0,0.357013909887559,0.284311085939407,0.332782447338104,0,0.306434037163854,0,0,0,0.342389917945209,0,0.248076521136143,0,0.211345378309488,0,0,0,0,0,0.32844495702,0,0.279616095803001,0.326501377800893,0,0,0,0,0,0,0,0.435015157649392,0,0.347226105625155,0,0,0,0,0,0.328786962880538,0.336522936820984,0.252787226980383,0,0.322865469283179,0,0.336920651285387,0.349448156577569,0
0,0,0.393040085906413,0,0.267126159975305,0,0.25963755087419,0,0,0,0.214533418416977,0,0.243266447492548,0,0.222138305505117,0,0,0,0,0,0,0,0,0,0,0,0,0,0,0,0,0,0,0,0,0,0.312977582216263,0,0,0,0.344471309866224,0,0.351417642086744,0,0,0,0.361531406641006,0,0.352378189563751,0.310839116573334,0.258703007960497,0,0.244877145302539,0,0,0,0.326920628547668,0,0,0,0.213540056347847,0,0,0.347428212563197,0,0,0,0,0,0.310978249023701,0,0.339032731453578,0,0.352138864994049,0,0,0,0,0,0.354743401209513,0,0.369069914023081,0.252236749976873,0,0.367186625798543,0,0
0,0,0,0.310782036360572,0,0.228340717522722,0,0,0,0,0,0.191162805346882,0,0.228952940553427,0,0.250919408657972,0,0,0,0,0,0,0,0,0,0,0,0.23388170224169,0,0,0,0,0,0,0,0,0,0,0,0,0,0.40583148598671,0,0,0,0.266226649284363,0,0,0,0.337418884038925,0,0.264171080212844,0,0.249044538242742,0,0,0,0.32844495702,0,0,0,0.261235563227764,0.301528677344322,0,0,0,0,0,0,0,0.255087338309539,0,0.318813100457191,0,0,0,0,0,0.291933220624924,0,0.322839677333832,0,0.154652044177055,0,0.294869634398708,0,0
0.214391923602054,0,0.244575142860413,0,0.212523967027664,0,0,0,0.247536450624466,0,0,0,0.152676299214363,0,0.162127521051013,0,0.192272888986688,0,0,0,0,0,0,0,0,0,0,0,0,0,0,0,0,0,0,0,0,0,0,0,0,0,0,0,0,0,0,0,0.210426554083824,0,0.231047500331863,0,0,0,0.202455341815948,0,0.300384655594826,0,0.213540056347847,0,0,0,0,0,0,0,0,0.212326884269714,0,0.242446874280344,0,0,0,0,0,0,0,0,0,0,0,0,0.20815891569311,0,0.33974426984787,0,0
0,0.190010415459121,0,0.249201379821334,0,0.237043957297619,0,0,0,0.196373879828088,0,0,0,0.243979919701815,0,0.206276844327266,0,0.166980609297752,0,0,0,0,0,0,0,0,0,0,0,0,0,0,0,0,0,0.324416026473045,0,0,0,0,0,0.297172265393393,0,0,0,0.238169348665646,0,0,0,0.324584158758322,0,0.207383051233472,0,0,0,0.240652709685523,0,0.279616095803001,0,0.261235563227764,0,0,0.291471046209335,0,0,0,0.139763697981834,0,0.152071878314018,0,0.335338609559195,0,0.319632774591446,0,0,0,0,0,0.307100889169508,0,0.322224924961726,0,0.273426270112395,0.214409381151199,0.251690111644224,0,0
0,0.391735359149821,0,0.308827199041843,0,0,0,0,0,0,0,0,0,0,0,0,0.314061600477137,0.328453072243267,0.34472705076608,0.265564134422778,0,0,0,0,0,0,0,0,0,0,0,0,0,0,0,0.263241910696856,0,0.288680794173504,0,0.264480616791835,0.339334348837535,0.339232980124349,0.317523146905596,0.402218310670419,0.336322754621506,0.279070535249118,0.347017440199852,0,0.374956905841827,0.326370992158589,0,0.272424874387004,0,0,0,0,0.305798478424549,0.326501377800893,0,0.301528677344322,0,0.291471046209335,0,0.367383852601051,0,0,0,0,0,0,0.335894525051117,0,0.380487162089176,0.338114231824875,0,0,0,0,0.292548243331566,0.368589925316145,0.37886727051306,0.37615687882199,0.32285141444158,0.215453726464304,0.292647529056418,0.327393426441811,0.313444329933687
0.449702441692352,0,0.335336421926816,0,0.270689415404709,0,0.204740475449297,0,0,0,0.202998652458191,0,0,0,0,0,0.335000409185886,0.361461212237676,0.353429026615161,0,0.233511714770481,0,0,0,0,0,0,0,0,0,0.305663838982582,0,0,0,0,0,0.228456076910476,0,0.260411467879249,0,0.353178969131628,0.332781463861465,0.377287528707308,0,0,0.361288130283356,0.31344603618153,0,0.376161555449168,0.282794862985611,0.291612803864364,0,0.182914752799731,0,0,0,0.302634808857858,0,0.347428212563197,0,0,0,0.367383852601051,0,0,0,0,0,0,0.373843610286713,0,0.364177187283834,0,0.337459120100475,0,0,0,0,0.377485454082489,0.296084544613955,0.374123245477676,0.335951696431208,0.264675409620395,0.360434370381492,0.342834170562802,0,0.325950655341148
0,0,0,0,0,0,0,0,0,0,0,0,0,0,0,0,0,0.22920036315918,0,0,0,0.263870829186941,0,0.224099665271993,0,0.239755136626107,0,0,0,0,0,0,0,0,0,0,0,0.232088899262613,0,0,0,0,0,0,0,0,0,0.514310761139943,0,0.284706460723751,0,0,0,0,0,0,0,0,0,0,0,0,0,0,0,0,0.272516265356292,0,0.311616607057224,0,0.294352778971793,0,0,0,0,0,0,0,0,0,0.310359318008798,0,0.203117105831455,0,0,0,0
0,0,0,0,0,0,0,0,0,0,0,0,0,0,0,0,0,0,0,0,0,0,0.235833073274614,0,0.234988707710396,0,0,0,0.24810183942318,0,0,0,0,0,0,0,0,0,0.355937077484278,0,0,0,0.386798605322838,0,0,0,0,0,0.368614103154916,0,0,0,0,0,0,0,0.403013242916627,0,0,0,0,0,0,0,0,0,0,0.202647074360714,0,0.406967071375409,0,0.37920396412518,0,0.398683577775955,0,0,0,0,0,0,0,0.364776483126115,0.205163700446006,0,0.363756674031417,0,0
0,0,0,0,0,0,0,0,0,0.195713892579079,0,0,0,0,0,0,0,0.173348577693105,0,0,0,0.280910797681905,0,0.263037474585485,0,0.244976977507273,0,0,0,0,0,0,0,0,0,0,0,0.26388708975988,0,0,0,0.240576758152909,0,0,0,0,0,0.498008024692535,0,0.307874094694853,0,0,0,0,0,0.23550397021187,0,0,0,0,0,0.139763697981834,0,0,0.272516265356292,0,0,0,0.364175042519942,0,0.402925417119381,0,0,0,0,0,0,0,0,0,0.327584726985781,0,0.208859393959279,0,0.239854925028656,0,0
0,0,0,0,0,0,0,0,0.20589388694082,0,0,0,0,0,0,0,0,0,0,0,0,0,0.217460951634816,0,0.220653344912104,0,0.206569868326187,0,0,0,0,0,0,0,0,0,0,0,0.306793415229526,0,0,0,0,0,0,0,0,0,0.294517284807037,0,0,0,0,0,0.279217026936124,0,0,0,0,0,0.212326884269714,0,0,0,0,0.202647074360714,0,0,0,0.198386037515269,0,0,0,0,0,0,0,0,0,0,0,0.285684732936142,0.15825646683093,0,0.335408585735514,0,0
0,0,0,0,0,0,0,0,0,0.160237304866314,0,0,0,0,0,0,0,0,0,0,0,0.304693620204926,0,0.308726084503261,0,0.248784792045472,0,0.225122526288033,0,0,0,0,0,0,0,0,0,0.25986236333847,0,0,0,0,0,0,0,0,0,0,0,0.30292645619858,0,0,0,0,0,0,0,0,0,0,0,0.152071878314018,0,0,0.311616607057224,0,0.364175042519942,0,0,0,0.403932652148333,0,0.334386706352234,0,0,0,0,0,0,0,0,0,0,0,0.236416021925072,0,0
0,0,0,0,0.299093455076218,0,0,0,0,0,0,0,0,0,0,0,0,0,0.367456138134003,0,0,0,0.364242611274327,0,0.179379747862915,0,0.35431739071894,0,0.373335982362429,0,0,0,0,0,0,0,0,0,0,0,0,0,0.367621001270082,0,0,0,0,0,0.198459409177303,0,0,0,0,0,0.23273178935051,0,0.383477889356159,0,0.310978249023701,0,0.242446874280344,0,0,0.373843610286713,0,0.406967071375409,0,0.198386037515269,0,0,0,0.406047478144945,0,0,0,0,0,0,0,0.354065835475922,0,0,0.228239481647809,0,0.380091648016657,0,0.381503149867058
0,0,0,0.299481004476547,0,0,0,0,0,0,0,0,0,0,0,0,0,0,0,0,0,0.2931824862957,0,0,0,0.296961009502411,0,0.246731959012869,0,0,0,0,0,0,0,0,0,0.259072635943691,0,0,0,0.342322333500935,0,0,0,0,0,0,0,0.321041465747773,0,0,0,0,0,0,0,0.435015157649392,0,0.255087338309539,0,0.335338609559195,0.335894525051117,0,0.294352778971793,0,0.402925417119381,0,0.403932652148333,0,0,0,0.44800192288688,0,0,0,0,0,0.337061375379562,0,0.298833537804524,0,0.340476551476647,0,0.377400513823706,0.329427003860474,0
0.413810918728511,0,0.345578738621303,0,0.300589056809743,0,0,0,0,0,0,0,0,0,0,0,0.360553745180368,0,0.365212281545003,0,0,0,0.43022666986172,0,0,0,0.412001431228653,0,0.266003713461777,0,0,0,0,0,0,0,0.340658277273178,0,0,0,0.338606938719749,0.298224240541458,0.367467744235309,0,0,0.353129237890244,0.353929117321968,0,0.304762764184764,0,0.333332091569901,0,0,0,0.288221746683121,0,0.382166546149395,0,0.339032731453578,0,0,0,0,0.364177187283834,0,0.37920396412518,0,0,0,0.406047478144945,0,0,0,0.402350478373648,0,0,0,0,0.371178090572357,0.350588423284617,0.38668817281723,0.315237776314219,0.364352802932262,0.397871355215708,0.406296162099241,0,0.40566121089843
0,0.333890289068222,0,0.349073495893251,0,0,0,0,0,0,0,0,0,0,0,0,0.320824912616185,0.348799435531392,0.406481702048499,0.289406508207321,0,0,0,0,0,0,0,0,0,0.252567416660268,0,0,0,0,0,0.351619988679886,0,0.172814190884431,0,0.334577687476811,0,0.369252520549143,0.311548733711243,0.489986017346382,0,0.392590887844563,0,0,0,0.390532089410157,0,0,0,0,0,0.299175679683685,0.309084728360176,0.347226105625155,0,0.318813100457191,0,0.319632774591446,0.380487162089176,0,0,0,0,0,0.334386706352234,0,0.44800192288688,0,0,0.342391734321912,0,0,0,0,0.355274161544897,0.344397395849228,0.389801254460922,0.35089681094343,0.373950011299716,0.314820528030396,0.401113243190937,0.401666183799705,0.315133732557297
0.417286431789398,0,0.34554795401566,0,0.309777589263143,0,0,0,0,0,0.26337851639559,0,0,0,0,0,0.343800815038903,0.302475837059319,0.367463182545825,0,0.33865162357688,0,0,0,0,0,0,0,0,0,0.231821457423815,0,0,0,0,0.306907311081886,0.308254521340132,0,0.34321191906929,0.328115731477737,0.323416966127186,0.301776617765427,0.351082388569693,0.309883326292038,0.386310219764709,0.316320985555649,0.341680367355761,0.353544324636459,0.366430197873384,0.363083918889364,0.33464184829167,0,0,0,0.33911982178688,0,0.337072063771367,0,0.352138864994049,0,0,0,0.338114231824875,0.337459120100475,0,0.398683577775955,0,0,0,0,0,0.402350478373648,0.342391734321912,0,0,0,0,0,0.327677614413775,0.324076479171762,0.343820945670207,0.392522210364222,0.373910922557116,0.367937503116471,0.402756811106858,0.296453092779432,0.397150223263713
0,0,0,0,0,0,0,0,0,0,0,0,0,0,0,0,0,0,0,0,0,0,0,0,0,0,0,0,0,0,0,0.255030728362988,0.227049548698719,0.321573939919472,0.174462795257568,0.2328419573929,0.608219504356384,0,0,0.265171885490417,0,0,0,0,0,0,0,0.38181563071197,0,0.642997682094574,0,0,0,0,0,0,0,0,0,0,0,0,0,0,0,0,0,0,0,0,0,0,0,0,0,0.384924279708488,0.290726459848838,0,0.281082676190243,0.419720441102982,0,0,0.286086017235381,0,0.317388355731964,0,0
