0,0,0.0480691160696217,0,0,0,0,0,0.0183380134143375,0,0,0,0,0,0,0,3.87069955486955e-06,0,0.000406649338326058,0,0,0,0,0,0,0,0,0,0,0,0,0,0,0,0.00025776877075538,0,0.000126938187983578,0,6.24289304318969e-05,0,0.000614169959526656,0,0.000268825349399,0,0.000102738081981728,0,0.00032484848917327,0.0012403239018907,0.00607550306691511,2.13539041908932e-05,0,0,0,0,0.045120818309092,0,0.00132523828983149,0,0,0,0.000988469147874982,0,0,0,0,0,0,5.03828106259226e-05,0,0,0,0,0,0,0,0,0,0,0,0.000440085670998946,0,0.000109271429967775,0.000436411468994643,1.40908693937379e-06,0.00344925143895958,0,0
0,0,0,0.0455615743201379,0,0.000335976673510166,0,0,0,0.0141853515820673,0,0,0,0,0,0,0,0,0.0013693418565807,0,0,0,0,0.00217735995357462,0,0,0,0,0,0,0,0,0,0,0,8.63498711010068e-05,3.26128738346951e-06,0.000395854864613395,0,0,0,0.00535585460398821,0,0,0,0.000797300237828208,0,0,0,0.00914384826094922,0,0,0,0,0,0.0425377782708691,0,1.47939910310072e-05,0,4.24366358458037e-05,0,0.00904029934314434,0.000101708667468822,0,0,0,0.0111750437403253,0,0.000752246148298852,0,4.68792958974737e-05,0,0.000355255937719088,0,0,0,0,0,0.000319571834690001,0,0.000950549703134873,0,0.000632627201789685,4.46970791558225e-06,0.00830664999580764,0,0
0.0480691160696217,0,0,0,0.00187215024941003,0,0,0,0.00102324918368923,0,0,0,0,0,0,0,0,0,0,0,0,0,0,0,0,0,0,0,0,0,0,0,0,0,0,0,0,0,0,0,0,0,0.000409336153171588,0,0,0,0.000610845418359119,0,0.00163670016041452,0,0.00404768644839049,0,0,0,0,0,0.000192635445717839,0,0,0,0,0,0,0,0,0,0,0,0,0,0,1.91493301608496e-05,0,0,0,0,0,0,0,0,0,0,0.000387906245481912,0.000107996367682927,0.00881521106523369,0,0.00123907958497206
0,0.0455615743201379,0,0,0,0.00725165244228843,0,0,0,0.000568555968508741,0,0,0,0,0,0,4.98946752300745e-06,0,0.000468415832790778,0,0,0,0,0,0,0,0,0,0,0,0,0,0,0,0,1.48564178620284e-06,8.3473925729446e-05,5.61492949192906e-05,0,0.000301793795241138,0,0.00354881969001502,1.35744460714928e-05,0,0,0.0018036336816265,1.78437262790118e-05,0,0,0.00693462771338517,0,0.0192603606166438,0,0,0,0.0499478142611677,0,0.00139885841427589,0,6.07315189750015e-05,0,0,3.71360450907266e-05,0,0,0,0,0,0,0,0.000335382470803631,0,0.000332831758103628,0,0,0,0,0,3.55808686084649e-05,0,4.84506785524647e-05,0,0.000637784508673098,1.20628767387839e-06,0.00711589759822749,4.56950787942152e-05,3.29438750990528e-05
0,0,0.00187215024941003,0,0,0,0,0,0.00468175192207205,0,0,0,0,0,0,0,0,0,5.19417030039509e-05,0,0.000895975437326923,0,0,0,0,0,0,0,0,0,0,0,0,0,0,0,0.000146525831848515,0,0,0,0.00533400019763759,6.27140203186567e-05,0.00126203832170131,0,0,1.40346241930084e-05,0.0162821006813783,0.00023224846507453,0.000637649035034593,7.42601920176804e-05,0.0513846729226269,0,0,0,0.000341768177380269,0,0,0,0,0,0,0,0,0.0089818384064796,0,0,0,8.22014036277567e-05,0,0,0,5.45824781280589e-05,0,0.000130017919971271,0,0,0,0,8.98658985499921e-06,3.20235120328128e-05,0,4.22171216721544e-06,0.000881835279933785,0,0.00508541786678824,0,0.000536941842776461
0,0.000335976673510166,0,0.00725165244228843,0,0,0,0,0,0.0116477801440743,0,5.99457622502031e-05,0,0,0,0,0,0,0.000102624389585104,0.00313028183284026,0,0,0,0,0,0,0,0,0,0,0,0,0,0,0,0.000326507519225911,1.57972843746788e-06,4.00607372093211e-06,0,0.00017298060714559,0,0.00140775219180377,0,0,0,0.00256163694865623,0,0,0,0.000414466202578148,0,0.0309540181527682,0,0,0,0.00398056667667299,0,0.000267019289785873,0,0,0,0,0.00520850714053251,0,0,0,0,0,0,0,0,0,9.17690339439893e-05,0,0,0,0,0,8.67603596121018e-05,0,4.38030270881524e-06,0,0.000909715176637477,9.91183408759523e-05,0.00491679129468432,0,0
0,0,0,0,0,0,0,0,0,0,0.00488235689413366,0,0,0,0,0,0,0,0,0,0,0,0,0,0,0,0,0,0,0,0,0,0,0,0,0,0,0,0,0,0,0,0,0,0,0,0,0,0,0,0,0,0.00154611666270642,0,0,0,0,0,0,0,0,0,0,0,0,0,0,0,0,0,0,0,0,0,0,0,0,0,0,0,0,0,0.000221092704747383,0,0,0,0
0,0,0,0,0,0,0,0,0,0,0,0,0,0,0,0,0,0,0,0.000695996680130984,0,0,0,0,0,0,0,0,0,0,0,0,0,0,0,0,0,0,0,0,0,0,0,0,0,0,0,0,0,0,0,0,0,0.0333608605673659,0,0,0,0,0,0,0,0,0,0,0,0,0,0,0,0,0,0,0,0,0,0,0,0,0,0,0,0,0.000188845946593114,0,0,0,0
0.0183380134143375,0,0.00102324918368923,0,0.00468175192207205,0,0,0,0,0,0,0,0,0,0.0146469102296455,0,0.016039909140022,0.0014813502066024,0.00196192560596607,0,0,0,0,0,0.00613459441046652,0,0.00420750230118713,0,0,0,0,0,0,0,0,0,0,2.48717855498814e-06,0.000170771742272169,0,5.07773307534551e-05,0,0.00114120770524289,0,0,0,0.000181492526449596,0,0.00449277612630029,0,0.00608006577695531,0,0,0,0.118765474786753,0,0,0,0,0,0.0153952879301755,0,0,0,0,0,0,0.00768101181160715,0,0.00504447587546576,0,0,0,0,0,0,0,0,0,2.68188144598482e-05,5.85339473442028e-06,6.33401944593995e-05,0.0014640386041903,0,0.000220850212846698,0,0.000702749144125038
0,0.0141853515820673,0,0.000568555968508741,0,0.0116477801440743,0,0,0,0,0,0,0,0,0.00016163494044567,0.030164838200841,0.000177969139346238,0.00328106336972959,0.000299371998877084,0,0,4.00599937718651e-06,0,0.0230283507995198,0,0.00110687164224127,0,8.47572590541483e-05,0,0,0,0,0,0,0,3.9940044884873e-06,9.77345613580595e-06,0.000174334990772364,0,8.49809709259e-06,0,0.0038745295086268,0,0,0,0.000207288936045728,0,0,0,0.00259655317777892,0,0.0043168813384913,0,0,0,0.0679599807690613,0,0.0010811190748726,0,0,0,0.000187100283453419,0,0,0,0,0.00396575924256501,0,0.012537592078669,0,0.00260180874466304,0,0.00547547771293373,0,0,0,0,0,3.35366706425558e-05,0,8.17939384590475e-05,0,0.00143697849317138,7.40659721584102e-05,0.00192826648643523,4.81987654827251e-05,0
0,0,0,0,0,0,0.00488235689413366,0,0,0,0,0,0.00147181996925704,0,0,0,0,0,0,0,0.000839629748457432,0,0,0,0,0,0,0,0,0,0.000115172692410279,0,0,0,0,0,0.000298004027354246,0,0.00173227240620535,0,0,0,0,0,0,0,0,0,0,0,0,0,0.00177606834375991,0,0,0,0.012669072004865,0,0,0,0,0,0,0.00038370486518793,0,0,0,0,0,0,0,0,0,9.23441492554911e-05,0,0,0,0,0,0,0,0.00149696815486864,0.000695868513250836,0,0,0,0
0,0,0,0,0,5.99457622502031e-05,0,0,0,0,0,0,0,0.00668778779684841,0,0,6.96374750285082e-06,0,0.000338584539272205,0.0143155183585304,0,0,0,0,0,0,0,0.0042722903145492,0,0.0231254941234015,0,0,0,0,0,4.23029731230206e-06,0,0.00133643145087297,0,6.46163266508447e-06,0,6.69336528281018e-06,0,0,0,0.000322571637427709,0,0,0,0,0,0,0,0.000289391533632381,0,0,0,0.0680462822961693,0,0.00312231799959114,0,0,0.00589989595551941,0,0,0,0,0,0,0,0.000273316697080588,0,0.00293456003723342,0,0,0,0,0,2.59580964321613e-05,0,0.000481924884848976,0,0.000123998911704628,0,0.000678796474940153,0,0
0,0,0,0,0,0,0,0,0,0,0.00147181996925704,0,0,0,0,0,0.000419924919368411,0,0,0,0,0,0,0,0,0,0.000182235704475966,0,0.00103763066284412,0,0,0,0,0,0,0,0,0,0,0,0,0,0,0,0,0,0,0,0,0,0,0,0,0,0,0,0.000498407499317862,0,0.000766997755649473,0,0,0,0,0,0,0,0,0,0,0,0,0.000912273208314165,0,0,0,0,0,0,0,0,0,0,3.69896464781032e-05,0,0,0,0
0,0,0,0,0,0,0,0,0,0,0,0.00668778779684841,0,0,0,7.34942877897993e-05,0,0,0,0,0,4.92635908483575e-06,0,0,0,0.00227874089599487,0,0.00309852301884045,0,0.00239242471671397,0,0,0,0,0,0,0,0,0,0,0,0,0,0,0,0,0,0,0,0,0,0,0,0,0,0,0,0.000216845072258079,0,0.0349900508615933,0,0,0,0,0,0,0,0,0.00447587894500347,0,0.000282556104294065,0,0.000107790812958498,0,0,0,0,0,0,0,0,0,0.000402792068096587,0.00105063581103321,1.77105541388546e-05,0,0
0,0,0,0,0,0,0,0,0.0146469102296455,0.00016163494044567,0,0,0,0,0,0,0.00806793493749079,0.000430710382526171,0.000293826520362572,0,0,0,0,0.000102968164315442,0,0,0.00116459695423974,0,0,0,0,0,0,0,0,0,0,0,0,0,0,1.89768637155613e-05,0,0,0,0,0,0,0,0,0,0,0,0,0.020998777961013,0,0,0,0,0,0.0188111141965737,0,0,0,0,0,0,0,0,0.00819056475037719,0,0,0,0,0,0,0,0,0,0,0,0,0.000735246624435156,0.000357567148799997,9.95726979615384e-06,0,0
0,0,0,0,0,0,0,0,0,0.030164838200841,0,0,0,7.34942877897993e-05,0,0,3.23499313823155e-05,0.00107826551367304,0,0,0,0,0,0.00278122487273253,0,0.00156961519568408,0,0,0,0,0,0,0,0,0,0,0,0,0,0,0,0,0,0,0,0,0,0,0,0,0,0,0,0,0,0.0265198998021636,0,0,0,0.000163895395942804,0,0.00467896494551094,0,0,0,0,0,0,0.0102264937783283,0,0,0,0,0,0,0,0,0,0,0,0,0,0.000456486588178122,0.000326777978342583,0,0,0
3.87069955486955e-06,0,0,4.98946752300745e-06,0,0,0,0,0.016039909140022,0.000177969139346238,0,6.96374750285082e-06,0.000419924919368411,0,0.00806793493749079,3.23499313823155e-05,0,0.0761771406808361,0.0541989494012154,3.78766495763398e-05,0,0,0.00155634029433421,4.61771336867156e-05,0.00170474771114637,0,0.0004222521884552,0,0.000836119981210597,0,0,0,0,0,2.97543818531517e-05,2.44771051934364e-05,0.000120151005000081,8.48074696506037e-05,0.000180994421225996,5.79827107390227e-06,0.000823213566191376,0.000285754376489511,0.00172841456372195,0,6.41745960315626e-05,0.000366127986727625,0.000339517498219599,3.13019862662427e-06,0.000297367576572266,0,0,1.76551337667123e-06,0,0,0,0,0,0,0,0,0.0019774047225628,0,6.91527687995522e-05,2.48419463891779e-05,0,0.00203406912894571,0,0,0,0,0,8.89946488699642e-06,4.60540759102142e-05,2.2368412351227e-05,0,0,0,0,0.000155852174242752,0.00044166219703852,7.18615379294114e-05,0.000743410858503942,0.0278727699462702,0.00476649060548755,0.000632322611433508,2.68488711468441e-05,8.33006572104853e-05
0,0,0,0,0,0,0,0,0.0014813502066024,0.00328106336972959,0,0,0,0,0.000430710382526171,0.00107826551367304,0.0761771406808361,0,0.0474810776984465,2.3389197248486e-05,0,0.00148172894636959,0,0.00499409033374315,0,0.00010888280863414,0,0,0,0,0,0,0,0,0,2.34760984665682e-05,2.21762652331807e-05,0.000124409211557333,3.19385579176562e-05,5.94808514898875e-05,0.000242503790173891,0.000538801549431261,0.000375123592588413,0,0,0.000542434777836442,5.46989967612297e-05,0,0.000116016736368115,0,0,0,0,0,4.66137344718029e-06,0,0,2.28994423602915e-05,0,0,7.72054464260707e-05,0.000112411041482695,0.000159534016378066,2.33043060957194e-06,0.000630230849403856,0,0,0,0,0,1.12567920833078e-05,0,0.000143394465511391,2.53054698502861e-05,0,0,0,7.79135218152184e-06,0.000342505985507079,9.24827560267882e-05,0.000245179917994723,0.000156010558646562,0.0382360597078349,0.0700555498807851,0.000396583089203825,0.000103376836550951,2.3991890052079e-06
0.000406649338326058,0.0013693418565807,0,0.000468415832790778,5.19417030039509e-05,0.000102624389585104,0,0,0.00196192560596607,0.000299371998877084,0,0.000338584539272205,0,0,0.000293826520362572,0,0.0541989494012154,0.0474810776984465,0,0.000411381899785719,0,0,0,2.22697314300826e-05,0,0,0,3.69573490141675e-06,0,0,0,0,0,0,0.000180189882054129,0.000688015156526329,0.00137464878707136,0.00563837416277334,0.00238723695694874,0.00174759632747222,0.00709311604812991,0.0196268591752422,0.0280459523340402,0.00173987037409927,0.00618602433361626,0.0201442992254036,0.00282449180974959,2.55328928986248e-05,0.00725168958885336,0.000306620487021426,4.68162429621399e-05,0,0,0,0,0,6.643278650311e-05,0.000258522650719579,0,0,4.66462483003254e-05,0,0.00468416135219929,0.000341271741426465,0,0,0,0,0,0,0.000848721625435017,0.000338565875979316,0.010215172374254,0.000191391157724848,0,0,0,3.44255724823517e-05,0.00709470277738345,0.00571780486906847,0.00708094456115342,0.0107108135971142,0.0251715540034219,0.00892106075764519,0.0170386794419842,0.00372587752064779,0.00223163353991713
0,0,0,0,0,0.00313028183284026,0,0.000695996680130984,0,0,0,0.0143155183585304,0,0,0,0,3.78766495763398e-05,2.3389197248486e-05,0.000411381899785719,0,0,0,0,0,0,0,0,0,0,0,0,0,0,0,0,0.0100299975869689,2.81507442911696e-06,0.00390621938472843,0,1.3997664549644e-05,0,0.000708478706621781,9.79748421660022e-06,0.0002688027775039,0,0.00318386246215934,0,5.81027015479066e-06,0,0.000561349259613927,0,0.000292115945641265,0,0.00136935570970551,0,0,0,0.00107222399601347,0,0,0,0,0.0429376045310079,0,0,0,0,0,0,0,0,0,0.00790993804486581,0,0,0,0,0,0.00627353559864405,1.00083578160741e-06,0.00151268197239023,0,0.000765259905824098,0,0.00216803499652587,0.000159149048662785,0
0,0,0,0,0.000895975437326923,0,0,0,0,0,0.000839629748457432,0,0,0,0,0,0,0,0,0,0,0,0,0,0,0,0,0,0,0,0,0,0,0,1.30636188551913e-05,0,0.00694345075335196,0,0.00140139535001962,0,1.95559155559111e-05,0,0,0,0,0,0.00057190604041021,0,0,0,0,0,0,0,0,0,0,0,0,0,0,0,0,0.0730228872523066,0,0,0,0,0,0,0,0,0,0,0,0,0,0,0,0.00307814287296831,0,0.00138682718290937,0.00111926207909035,0,0.000131888198177334,0,0
0,0,0,0,0,0,0,0,0,4.00599937718651e-06,0,0,0,4.92635908483575e-06,0,0,0,0.00148172894636959,0,0,0,0,0.00188232688740564,0.00137682214013483,0,0.00139647957612954,0,0.000761163215191917,0,0,0,0,0,0,1.81157090444733e-05,0,0,0.00935846259170857,8.1026392024778e-06,2.78467740990555e-06,0,3.29271294994329e-06,0,0,0,0,0,0.000224626954623483,0,0.000130125779050873,0,0,0,0,0,0,0,7.29927666121862e-05,0,0.000202943325103974,0,0.000212684826655207,0,0,0.0608191844405421,0.000403666299785092,0.000211674814522818,0,0.00450442631485119,0,0.00188468927308785,0,2.70483476796105e-06,0,0,0,0,0,0,0,0.00492259230918154,1.87080321384553e-05,0.00175172342170165,0.000183519316530153,2.4459086045621e-05,0,0
0,0,0,0,0,0,0,0,0,0,0,0,0,0,0,0,0.00155634029433421,0,0,0,0,0.00188232688740564,0,0,0.00164843777121635,0,0.000479982450460998,0,0.000819375725470793,0,0,0,0,0,0,0,0,0,0.0121661477063772,0,0,0,8.52296469393434e-06,0,0,0,0,0,0.00292719531143514,0,0,0,0,0,0,0,0,0,0,0,0,0,0,0,0,0.0735430565243286,0,0.00113188112182944,0,0.00505559368831254,0,0.000571178054240962,0,0,0,0,0,0,0,0,2.60993863091273e-06,0.00662770697134036,0.00254766271229617,0.00122989190450164,5.0523999733251e-05,0,0
0,0.00217735995357462,0,0,0,0,0,0,0,0.0230283507995198,0,0,0,0,0.000102968164315442,0.00278122487273253,4.61771336867156e-05,0.00499409033374315,2.22697314300826e-05,0,0,0.00137682214013483,0,0,0,0.0034850904661972,0,0,0,0,0,0,0,0,0,0,0,0.00542801288911621,0,0,0,3.09436219736855e-05,0,0,0,0,0,5.05868524520578e-05,0,0.000377649609641697,0,0,0,0,0,0.0440766919391452,0,0,0,1.89729847741623e-05,0,0.00587628781345671,0,0,0.000867895419616262,0,0.198725363100086,0,0.00296924473138605,0,0.000210598170562511,0,0,0,0,0,0,0,0,0,0.00501210276048933,0,0.000514839604895328,0,0.000550615987355894,0,0
0,0,0,0,0,0,0,0,0.00613459441046652,0,0,0,0,0,0,0,0.00170474771114637,0,0,0,0,0,0.00164843777121635,0,0,0,0.0455398697891269,0,0,0,0,0,0,0,0,0,0,0,0.00443592173773048,0,0,0,0.00011788866512372,0,0,0,0,0.000532320923142282,0.00151960236669697,0,0,0,0,0,0.0472341847000411,0,0,0,0.000125771623222277,0,0.00348120956880594,0,0,0,6.45272609772448e-06,0.00370085694939513,0,0.20149698020961,0,0.0316374503693445,0,0.00011743454250458,0,0,0,0,0,0,0,0,7.88909493513318e-06,0.00186034173137615,0.00138561150741804,0,3.34792398817355e-05,0,0
0,0,0,0,0,0,0,0,0,0.00110687164224127,0,0,0,0.00227874089599487,0,0.00156961519568408,0,0.00010888280863414,0,0,0,0.00139647957612954,0,0.0034850904661972,0,0,0,0.0103852596068096,0,0,0,0,0,0,0,0,0,0.000252536726225349,7.0682098308183e-06,0,0,0,0,0,0,1.52251100105651e-05,0,6.27112272834763e-05,0,0.000401944443810368,0,0,0,0,0,0.00135004624503772,0,0.00112748940174546,0,0.00382623612745372,0,0.00663122108816233,0,0,0.00185425186689505,0,0.00715863544802665,0,0.0976404622690181,0,0.00152743002427817,0,0,0,0,0,0,0,0,0,0.00124463285999189,9.36979153763758e-06,9.06441298959012e-05,3.01611310291543e-05,0.000173312068905636,0,0
0,0,0,0,0,0,0,0,0.00420750230118713,0,0,0,0.000182235704475966,0,0.00116459695423974,0,0.0004222521884552,0,0,0,0,0,0.000479982450460998,0,0.0455398697891269,0,0,0,4.5326219957959e-05,0,0,0,0,0,0,0,0,0,0.000408126258859891,0,0,0,0,0,0,0,0,5.24231933390388e-05,0,0,0,0,0,0,0.0052347658728367,0,0,0,0,0,0.00262393174680541,0,0,0,0,0.000924966962197004,0,0.0108078041102355,0,0.0685274925223075,0,0.000110596404577789,0,0,0,0,0,0,0,0,0,0.000157533835867735,0.000198752224671299,0,0,0,0
0,0,0,0,0,0,0,0,0,8.47572590541483e-05,0,0.0042722903145492,0,0.00309852301884045,0,0,0,0,3.69573490141675e-06,0,0,0.000761163215191917,0,0,0,0.0103852596068096,0,0,0,0.00728603080701944,0,0,0,0,0,0,0,0.000157537073616955,0,0,0,4.51334971087331e-05,0,0,0,2.80692415549941e-05,0,7.6238191610367e-06,0,0.000352668997044003,0,0,0,0,0,0,0,0.00251450539782956,0,0.00666922738493233,0,0,5.82606868896202e-05,0,0.00183550434689085,0,0,0,0.0048688819573413,0,0.068929727481438,0,0.000817145665040566,0,0,0,0,0,0,0,7.68340512379107e-05,0,0.000638301963878004,7.70268495018968e-05,0.000794416001145381,0,0
0,0,0,0,0,0,0,0,0,0,0,0,0.00103763066284412,0,0,0,0.000836119981210597,0,0,0,0,0,0.000819375725470793,0,0,0,4.5326219957959e-05,0,0,0,0.00208747789483278,0,0,0,0,0,0,0,0.000299689180834251,0,0,0,0,0,0,0,0,0,1.76656005136055e-05,0,0,0,0,0,0,0,0,0,0.000104633064932093,0,0,0,0,0,0,0.000183221629606941,0,0,0,0.00534412428042244,0,0.0190733870208773,0,7.64649936975785e-05,0,0,0,0,0,0,0,1.84062347468412e-05,8.22180793134271e-05,0,0,0,0
0,0,0,0,0,0,0,0,0,0,0,0.0231254941234015,0,0.00239242471671397,0,0,0,0,0,0,0,0,0,0,0,0,0,0.00728603080701944,0,0,0,0,0,0,0,0,0,0.00358979121943868,0,0,0,8.41053304403896e-06,0,0,0,0,0,0,0,0,0,0,0,0,0,0,0,0.00392185896950741,0,0,0,0,3.12905199289296e-05,0,0,0,0,0,0,0,0.00118488984108471,0,0.0715986071586123,0,0,0,0,0,0,0,0.000919793293214532,0,0.000455407832900452,0,0,0,0
0,0,0,0,0,0,0,0,0,0,0.000115172692410279,0,0,0,0,0,0,0,0,0,0,0,0,0,0,0,0,0,0.00208747789483278,0,0,0,0,0,0,0,0,0,0,0,0,0,0,0,0,0,0,0,0,0,0,0,0,0,0,0,6.52635472918103e-05,0,0,0,0,0,0,0,0,0,0,0,0,0,0,0.000169977170979339,0,0.0256176711038282,0,0,0,0,0,0,0,5.7149121786587e-05,1.26842547796685e-05,0,0,0,0
0,0,0,0,0,0,0,0,0,0,0,0,0,0,0,0,0,0,0,0,0,0,0,0,0,0,0,0,0,0,0,0,0.0257677266097947,0.000898430177360022,0.000328824655167278,0.000414695466432941,0,0,0,0,0,0,0,0,0,0,0,0.0326483743746035,0,0.00175487313503143,0,0,0,0,0,0,0,0,0,0,0,0,0,0,0,0,0,0,0,0,0,0,0,0,0.196322215886828,0.0363393802821934,0.00306975833845553,0.00191735515931603,0.00595714582203669,1.29294855540161e-05,0,0,0.0012723749792565,0,0,0,0
0,0,0,0,0,0,0,0,0,0,0,0,0,0,0,0,0,0,0,0,0,0,0,0,0,0,0,0,0,0,0,0.0257677266097947,0,0.000215522538498346,0.00186758985733374,0.000132103989668415,0.0019989553964506,0,0,0,0.000380749291695975,0,0,0,0,0,0,0.0282606500693935,0.00052285700569398,0,0,0,0,0,0,0,0,0,0,0,0,0,0,0,0,0,0,0,0,0,0,0,0,0,0.0106638837324803,0.220287107384319,0,0.00802759949051878,5.7151902228121e-05,0.00154125187752993,0,0,0.00125547000483484,0,0,0,0
0,0,0,0,0,0,0,0,0,0,0,0,0,0,0,0,0,0,0,0,0,0,0,0,0,0,0,0,0,0,0,0.000898430177360022,0.000215522538498346,0,0.0538771682416697,0.00513583804414251,0,0.00691989127937484,0.000397445481010271,0,0,0,0,0,0,0,0,0.0392288309915617,0,0.0100296885621654,0,0,0,0,0,0,0,0,0,0,0,0,0,0,0,0,0,0,0,0,0,0,0,0,0.00183534399141211,3.86429020642811e-05,0.168455796421172,0.0175638518353575,0.00167750414501167,0,0.0053285745473174,0.00148045620465317,0.00143896898970561,0,0,0,0
0.00025776877075538,0,0,0,0,0,0,0,0,0,0,0,0,0,0,0,2.97543818531517e-05,0,0.000180189882054129,0,1.30636188551913e-05,1.81157090444733e-05,0,0,0,0,0,0,0,0,0,0.000328824655167278,0.00186758985733374,0.0538771682416697,0,1.80116718710818e-06,0.00652205763208036,0.000284279851209916,0.00818697732720001,0,9.66550197509242e-05,7.56742038900409e-05,0.00048178336304586,0,5.26457003981831e-05,0,0.00071367924289372,0.230958533123732,0.00122225277577808,0.00496511046363158,0,0,0,0,0,0,0,0,0,0,0,0,0,0.000887126350164234,2.75514215031991e-05,0,0,5.53999595992341e-05,2.7720770579697e-05,4.31010067151614e-05,0,0,0,2.6082790850939e-05,0,0.000970175853778869,0.0116074337730283,0.22650480151641,6.34580095839199e-05,0.00240963774791199,0.000208710520130433,0.00955658451703645,0.00342760278205559,7.67511302673528e-06,0.000631686450503476,0,0
0,8.63498711010068e-05,0,1.48564178620284e-06,0,0.000326507519225911,0,0,0,3.9940044884873e-06,0,4.23029731230206e-06,0,0,0,0,2.44771051934364e-05,2.34760984665682e-05,0.000688015156526329,0.0100299975869689,0,0,0,0,0,0,0,0,0,0,0,0.000414695466432941,0.000132103989668415,0.00513583804414251,1.80116718710818e-06,0,0.00170852506064877,0.00254103915024443,0.000129307303131162,2.67589087742508e-05,0,0.000372048596368736,3.53778115247172e-05,6.28700824636199e-05,0,0.000865181354956329,2.28047661813009e-05,0.000781574647292597,6.84042467767213e-06,0.000267178333171354,0,6.84826420323877e-06,0,0,0,0,0,2.5403211545379e-05,0,0,0,0,0.00478667282885481,0,0,0,0,0,0,0,8.99309235291405e-06,0,0.000142204374765649,0,0.000623206412381399,0,0.000611118034617223,3.14531569979519e-06,0.0509300918090924,1.23209834261121e-05,0.00423574972369025,0.00011969759261752,0.00232570907425122,9.69291626677396e-06,0.000583626318367831,0.000116305383533219,0
0.000126938187983578,3.26128738346951e-06,0,8.3473925729446e-05,0.000146525831848515,1.57972843746788e-06,0,0,0,9.77345613580595e-06,0.000298004027354246,0,0,0,0,0,0.000120151005000081,2.21762652331807e-05,0.00137464878707136,2.81507442911696e-06,0.00694345075335196,0,0,0,0,0,0,0,0,0,0,0,0.0019989553964506,0,0.00652205763208036,0.00170852506064877,0,3.26754978432671e-05,0.00593491600190974,1.23945168165625e-05,0.000146987448898017,0.000971417744238264,0.00146637317142832,0,4.94627264739499e-05,4.24219528568424e-05,0.00110226431045456,0.00115399807839855,9.96637038350214e-05,7.00005373672559e-05,8.66785575181724e-06,1.14832934984703e-06,0,0,0,2.09053168718097e-06,0,7.85175668211152e-06,0,0,2.90820537338072e-06,0,8.78101498633705e-06,0.00111944799512364,0,0,0,0,0,0,9.27274713782798e-06,7.24711240584781e-06,2.25680759960449e-05,5.71763815627893e-06,0,0.00265265018396917,0,0.00209188289195712,0.00106606248005585,0.0631717726685535,1.42563564774739e-05,0.0061220299780091,0.00328312992167617,0.000315057824632639,0.00129233693893007,1.26557521809606e-05,8.12753063058636e-05
0,0.000395854864613395,0,5.61492949192906e-05,0,4.00607372093211e-06,0,0,2.48717855498814e-06,0.000174334990772364,0,0.00133643145087297,0,0,0,0,8.48074696506037e-05,0.000124409211557333,0.00563837416277334,0.00390621938472843,0,0.00935846259170857,0,0.00542801288911621,0,0.000252536726225349,0,0.000157537073616955,0,0.00358979121943868,0,0,0,0.00691989127937484,0.000284279851209916,0.00254103915024443,3.26754978432671e-05,0,0.000886837722176269,8.88671742011732e-05,2.66528186931299e-05,0.0025016472161997,0.000177617835351211,0.00084536557813756,0,0.00184188695760321,9.53812073608106e-06,0.00880625660888584,1.16521293874825e-05,0.00230534455877806,2.70336116663371e-06,0,0,0,0,0.000168232679825884,0,1.13443508705522e-05,0,3.65685118406344e-06,0,2.90196443948976e-06,0.0120718186339644,1.53783047002061e-06,0.00523201025537995,2.01774916998971e-06,0.00240747833520494,0,0.000188107990292277,0,0.00189297122333655,0,0.00295005840505867,0,0,0,0.00519349840809639,2.68815659965663e-05,0.00213417450971225,4.3741456675263e-05,0.108292988567459,0.000518413514385093,0.00525100910954176,0.00065703593689809,0.00325578436435693,0.0006102220086037,0
6.24289304318969e-05,0,0,0,0,0,0,0,0.000170771742272169,0,0.00173227240620535,0,0,0,0,0,0.000180994421225996,3.19385579176562e-05,0.00238723695694874,0,0.00140139535001962,8.1026392024778e-06,0.0121661477063772,0,0.00443592173773048,7.0682098308183e-06,0.000408126258859891,0,0.000299689180834251,0,0,0,0,0.000397445481010271,0.00818697732720001,0.000129307303131162,0.00593491600190974,0.000886837722176269,0,2.06042628627968e-06,0.000292412691243952,3.74784656802499e-05,0.00261988253916453,0,0.000163866027793209,4.72677299865599e-05,0.000423512585235183,0.00315463752590703,0.0042729825643894,2.35589896476745e-05,0,0,0,0,0.00130685784540203,0,0.00177006872756207,0,0,0,0,0,5.04587707344874e-06,0.00143385728352603,1.57747894781442e-05,0.00405268207436704,0,0.00510550034272179,8.80946911367724e-06,0.00116527569031878,0,0.00135898067785517,8.61582790695692e-06,5.01746417098179e-05,0,0,0,0.00410646251631189,3.49366584126376e-05,0.00339702942100543,0.000851152041894543,0.0936123971941821,0.00482718569978427,0.000794950416713389,0.00224645722521736,0,0.000170211227086901
0,0,0,0.000301793795241138,0,0.00017298060714559,0,0,0,8.49809709259e-06,0,6.46163266508447e-06,0,0,0,0,5.79827107390227e-06,5.94808514898875e-05,0.00174759632747222,1.3997664549644e-05,0,2.78467740990555e-06,0,0,0,0,0,0,0,0,0,0,0,0,0,2.67589087742508e-05,1.23945168165625e-05,8.88671742011732e-05,2.06042628627968e-06,0,0,0.0146705388886006,0.000131653457706262,6.20189532332237e-05,0,0.0343536789533265,0.00011455672500151,0.000922963876612479,0,0.0640867211495163,0,0,0,0,0,0,0,6.15172631727759e-05,0,0,0,0,0.00161802288332762,0,0,0,0,0,0,0,0.000180951515208773,0,0.00155546493482509,0,0,0,0,0,0.00278399332130203,1.22395892482874e-06,0.000918951076634811,5.36040576447317e-06,7.2326068184771e-05,8.19850175182731e-06,0.00509954345293565,0.000691778223428534,4.71828046018895e-05
0.000614169959526656,0,0,0,0.00533400019763759,0,0,0,5.07773307534551e-05,0,0,0,0,0,0,0,0.000823213566191376,0.000242503790173891,0.00709311604812991,0,1.95559155559111e-05,0,0,0,0,0,0,0,0,0,0,0,0.000380749291695975,0,9.66550197509242e-05,0,0.000146987448898017,2.66528186931299e-05,0.000292412691243952,0,0,0.000213829122544223,0.0612942694905157,0,0.000593715534911199,0.000349827192907731,0.0498654442654979,0.00172457035178588,0.051481806044493,0.000994559573783165,0.000250558964362073,0,0,0,0,0,0.000226025213750286,0,0,0,0,0,4.68977893113892e-05,0.00871494676342264,0,0,0,0,0,0,0,0.00019436998699982,0.000115264610109664,0.000245976917789586,0,0.00149319815682548,0,1.30589519892158e-05,2.75636733871661e-05,0.00906703423934893,3.80185143355933e-05,0.00159804813294387,0.00104758843070248,0.00015582551981582,0.0268346152024264,1.52469040379244e-05,0.000738161828019372
0,0.00535585460398821,0,0.00354881969001502,6.27140203186567e-05,0.00140775219180377,0,0,0,0.0038745295086268,0,6.69336528281018e-06,0,0,1.89768637155613e-05,0,0.000285754376489511,0.000538801549431261,0.0196268591752422,0.000708478706621781,0,3.29271294994329e-06,0,3.09436219736855e-05,0,0,0,4.51334971087331e-05,0,8.41053304403896e-06,0,0,0,0,7.56742038900409e-05,0.000372048596368736,0.000971417744238264,0.0025016472161997,3.74784656802499e-05,0.0146705388886006,0.000213829122544223,0,0.00616766908904113,2.69930250505028e-05,0,0.0358449764627169,0.000490943984417967,0.00115936916277767,0.000269529723793784,0.0198622077528252,0,0.000415413322008785,0,0,0,0.000532561494714794,0,0.00436537686718269,0,0.000423022911117154,0,0,0.0165582058374754,0,3.30422781410637e-05,0,2.54142726084225e-05,0,9.0920247129585e-06,0,0.00591110281977847,8.05367403883023e-06,0.0152017541622542,1.11497192626177e-05,0,0,0,0,0.00849591293202246,4.24060805021811e-05,0.00298163109462242,0.000222385400376904,0.00425575681150795,0.000291992655470034,0.0349859543929876,0.0109593391547755,6.32949385627909e-05
0.000268825349399,0,0.000409336153171588,1.35744460714928e-05,0.00126203832170131,0,0,0,0.00114120770524289,0,0,0,0,0,0,0,0.00172841456372195,0.000375123592588413,0.0280459523340402,9.79748421660022e-06,0,0,8.52296469393434e-06,0,0.00011788866512372,0,0,0,0,0,0,0,0,0,0.00048178336304586,3.53778115247172e-05,0.00146637317142832,0.000177617835351211,0.00261988253916453,0.000131653457706262,0.0612942694905157,0.00616766908904113,0,0,0.000544013515356785,0.000710701034279528,0.0072665925276004,0.00585903647621811,0.0578991864631725,6.32092961182126e-05,0.000492877376067483,0,0,0,0.0011904142936883,0,0.00296586061959296,3.24862334845794e-06,2.24850776822582e-05,0,0,0,0.000123311457973508,0.0103090685322473,0,5.3197727202055e-05,0,0.000612413792655247,0,7.02334024959544e-05,7.18031494715433e-05,0.0109428154117729,0.00022523751535057,0.00156864159557802,0,0,0,5.83356384805261e-05,0.000143274992525629,0.0134643262859929,0.000118634520114304,0.0119794489083564,0.0067581344440498,0.000505394578038108,0.0566618680690176,0.000129221084023362,0.0187991904075293
0,0,0,0,0,0,0,0,0,0,0,0,0,0,0,0,0,0,0.00173987037409927,0.0002688027775039,0,0,0,0,0,0,0,0,0,0,0,0,0,0,0,6.28700824636199e-05,0,0.00084536557813756,0,6.20189532332237e-05,0,2.69930250505028e-05,0,0,0,0.000914826014922642,0,0,0,0.000288019733439714,0,0,0,0,0,0,0,1.73767359012834e-05,0,0,0,0,0.000420876123535299,0,0,0,0,0,0,0,0,0,0.000482174764053989,0,0,0,0,0,0.000353096289264043,1.7706898887653e-06,0.000796386285532181,0,3.46860045766349e-05,1.07019283971568e-05,0.000227976402738903,0,0
0.000102738081981728,0,0,0,0,0,0,0,0,0,0,0,0,0,0,0,6.41745960315626e-05,0,0.00618602433361626,0,0,0,0,0,0,0,0,0,0,0,0,0,0,0,5.26457003981831e-05,0,4.94627264739499e-05,0,0.000163866027793209,0,0.000593715534911199,0,0.000544013515356785,0,0,4.4407199063378e-05,0.000217072034513747,0,0.000379500350046203,0,0,0,0,0,0,0,0,0,0,0,0,0,0,0,0,0,0,0,0,0,0,0,0,0,0,0,0,0,1.47810912048729e-06,0.000159967624211046,0,0.00096027226079414,0.000102433558100306,8.93393063591482e-06,0.00304017511422251,0,0
0,0.000797300237828208,0,0.0018036336816265,1.40346241930084e-05,0.00256163694865623,0,0,0,0.000207288936045728,0,0.000322571637427709,0,0,0,0,0.000366127986727625,0.000542434777836442,0.0201442992254036,0.00318386246215934,0,0,0,0,0,1.52251100105651e-05,0,2.80692415549941e-05,0,0,0,0,0,0,0,0.000865181354956329,4.24219528568424e-05,0.00184188695760321,4.72677299865599e-05,0.0343536789533265,0.000349827192907731,0.0358449764627169,0.000710701034279528,0.000914826014922642,4.4407199063378e-05,0,6.00990006881528e-05,0,0.000223531547075576,0.00409307377240481,0,0.000157660073417675,0,0,0,0,0,0.000749032601196155,0,2.69315125008647e-05,0,0,0.0510164994241658,5.84495246338948e-06,0,0,1.89801443638438e-05,0,0,0,0.00104083058559059,5.7123489915466e-06,0.00610862930915992,4.68298039306295e-05,0,0,0,0,0.00504645098722758,4.24767194271874e-05,0.00179953635094551,0.000104704156596637,0.00147233898739961,0.000218740422071414,0.0205333997037549,0.00296991892281518,2.67030107461883e-05
0.00032484848917327,0,0.000610845418359119,1.78437262790118e-05,0.0162821006813783,0,0,0,0.000181492526449596,0,0,0,0,0,0,0,0.000339517498219599,5.46989967612297e-05,0.00282449180974959,0,0.00057190604041021,0,0,0,0,0,0,0,0,0,0,0,0,0,0.00071367924289372,2.28047661813009e-05,0.00110226431045456,9.53812073608106e-06,0.000423512585235183,0.00011455672500151,0.0498654442654979,0.000490943984417967,0.0072665925276004,0,0.000217072034513747,6.00990006881528e-05,0,0.000772204814012202,0.00358785702185743,0.00239971056948945,0.00211125898863928,0,0,0,0,0,0.00165438130165248,0,0,0,0,0,3.03771439978579e-05,0.0561253648118807,0,5.78023631424372e-06,0,0,0,0,0,0.000667451695587461,7.20637661670012e-05,0.00056675980282754,0,0,0,0.000105955308872694,2.65251852711977e-05,0.00710157099340263,2.30123604053218e-05,0.00320780268012369,0.000821647189053731,7.01212639892659e-05,0.0204853434623307,5.30126955046199e-05,0.00178560328617797
0.0012403239018907,0,0,0,0.00023224846507453,0,0,0,0,0,0,0,0,0,0,0,3.13019862662427e-06,0,2.55328928986248e-05,5.81027015479066e-06,0,0.000224626954623483,0,5.05868524520578e-05,0.000532320923142282,6.27112272834763e-05,5.24231933390388e-05,7.6238191610367e-06,0,0,0,0.0326483743746035,0.0282606500693935,0.0392288309915617,0.230958533123732,0.000781574647292597,0.00115399807839855,0.00880625660888584,0.00315463752590703,0.000922963876612479,0.00172457035178588,0.00115936916277767,0.00585903647621811,0,0,0,0.000772204814012202,0,0.0239537663142492,0.233023605019745,5.40490279030016e-05,0,0,0,0,1.96883318491493e-05,6.48463206231521e-05,0,0,0,0,0,9.23825557552628e-05,0.000312995063356906,0.000610232130741198,1.0732784586996e-05,0.000165227335589151,0.0023246350836808,0.000123165785905722,9.41711773070242e-05,5.90841635157436e-05,1.73919030468311e-05,2.65049798319093e-05,6.8761388560508e-06,0.0346213229905307,0.183035885798062,0.0125507064799032,0.125429974301706,0.0116440023844815,0.000561358767900676,0.00626249925696046,0.00453981920026681,0.00360915451814639,1.60251209837883e-06,0.0103419458316826,1.17178497641928e-05,0.000223441856865601
0.00607550306691511,0,0.00163670016041452,0,0.000637649035034593,0,0,0,0.00449277612630029,0,0,0,0,0,0,0,0.000297367576572266,0.000116016736368115,0.00725168958885336,0,0,0,0.00292719531143514,0,0.00151960236669697,0,0,0,1.76656005136055e-05,0,0,0,0.00052285700569398,0,0.00122225277577808,6.84042467767213e-06,9.96637038350214e-05,1.16521293874825e-05,0.0042729825643894,0,0.051481806044493,0.000269529723793784,0.0578991864631725,0,0.000379500350046203,0.000223531547075576,0.00358785702185743,0.0239537663142492,0,0.0216024974027484,0.000168111846393073,0,0,0,0.00117015236337021,0,0.0134027906437703,0,0.000161834538578963,0,0.00172417042246698,0,1.97670582435274e-05,0.00670569130766412,0,0.00503361018885052,0,0.00127376066181137,0,0.0105119951805353,1.09513263961895e-05,0.0246198351319349,7.18103472563923e-05,0.0049844188814179,0,0.00182798224674358,0,0.00637009304831301,0.000165126778599572,0.00200519229075589,1.53872688867415e-05,0.00928346925304471,0.000781215693897124,6.14870631176953e-05,0.0265093221616013,3.54587934077164e-05,0.0113624925285365
2.13539041908932e-05,0.00914384826094922,0,0.00693462771338517,7.42601920176804e-05,0.000414466202578148,0,0,0,0.00259655317777892,0,0,0,0,0,0,0,0,0.000306620487021426,0.000561349259613927,0,0.000130125779050873,0,0.000377649609641697,0,0.000401944443810368,0,0.000352668997044003,0,0,0,0.00175487313503143,0,0.0100296885621654,0.00496511046363158,0.000267178333171354,7.00005373672559e-05,0.00230534455877806,2.35589896476745e-05,0.0640867211495163,0.000994559573783165,0.0198622077528252,6.32092961182126e-05,0.000288019733439714,0,0.00409307377240481,0.00239971056948945,0.233023605019745,0.0216024974027484,0,0.000110413046374484,2.22970966348951e-05,0,0,0,0.000843123710204867,3.80946854671553e-05,0.00235545212567333,0,0.00192714760597927,0,0.000639318097587594,7.05223589305301e-05,0.00024095399806544,0.000146275157445153,0,0.000255796616222835,0,0.0020448693155733,0,0.0124206050023387,0,0.00679276026664534,0,0,0.00118248313255462,0.000290558165059925,0.00298210926421731,0.0086305177021172,7.97589507652836e-06,0.0113326439128741,2.35628972883647e-05,0.00133390672599016,6.37301758659407e-06,0.0331105623771107,8.08364902888789e-05,0
0,0,0.00404768644839049,0,0.0513846729226269,0,0,0,0.00608006577695531,0,0,0,0,0,0,0,0,0,4.68162429621399e-05,0,0,0,0,0,0,0,0,0,0,0,0,0,0,0,0,0,8.66785575181724e-06,2.70336116663371e-06,0,0,0.000250558964362073,0,0.000492877376067483,0,0,0,0.00211125898863928,5.40490279030016e-05,0.000168111846393073,0.000110413046374484,0,0,0,0,0.0119288044798576,0,0.00265908791479652,0,0,0,0,0,0,0.00197522742532322,0,0,0,0,0,0,0,0,0,0,0,0,0,0,2.27681510211511e-06,0,0,0,3.53377283950197e-05,0,0.00147874350339999,0,0
0,0,0,0.0192603606166438,0,0.0309540181527682,0,0,0,0.0043168813384913,0,0,0,0,0,0,1.76551337667123e-06,0,0,0.000292115945641265,0,0,0,0,0,0,0,0,0,0,0,0,0,0,0,6.84826420323877e-06,1.14832934984703e-06,0,0,0,0,0.000415413322008785,0,0,0,0.000157660073417675,0,0,0,2.22970966348951e-05,0,0,0,0.00538582368880118,0,0.00116751813602464,0,0.000456351083068053,0,0,0,0,0.000859586300123134,0,0,0,0,0,0,0,0,0,0,0,0,0,0,0,1.60310641683859e-05,0,0,0,0.000286808882315604,1.12385428053522e-06,0.000845612458395995,0,0
0,0,0,0,0,0,0.00154611666270642,0,0,0,0.00177606834375991,0,0,0,0,0,0,0,0,0,0,0,0,0,0,0,0,0,0,0,0,0,0,0,0,0,0,0,0,0,0,0,0,0,0,0,0,0,0,0,0,0,0,0,0,0,0.0019293106513627,0,0,0,0,0,0,0,0,0,0,0,0,0,0,0,0,0,0,0,0,0,0,0,0,0,8.64905996422749e-06,0,0,0,0
0,0,0,0,0,0,0,0.0333608605673659,0,0,0,0.000289391533632381,0,0,0,0,0,0,0,0.00136935570970551,0,0,0,0,0,0,0,0,0,0,0,0,0,0,0,0,0,0,0,0,0,0,0,0,0,0,0,0,0,0,0,0.00538582368880118,0,0,0,0,0,0,0,0,0,0,0.000597007754538074,0,0,0,0,0,0,0,0,0,0,0,0,0,0,0,0,0,0,0,0.000190427130681062,0,0,0,0
0.045120818309092,0,0,0,0.000341768177380269,0,0,0,0.118765474786753,0,0,0,0,0,0.020998777961013,0,0,4.66137344718029e-06,0,0,0,0,0,0,0.0472341847000411,0,0.0052347658728367,0,0,0,0,0,0,0,0,0,0,0,0.00130685784540203,0,0,0,0.0011904142936883,0,0,0,0,0,0.00117015236337021,0,0.0119288044798576,0,0,0,0,0,0,0,4.12991880541802e-05,0,0.010081359149513,0,0,0,0,0,0,0.0285883625222477,0,0.00574500778840255,0,0,0,0,0,0,0,0,0,0,0,0.000312400110603063,0.000154054376524166,0,0.000452726119122242,0,0.0014826679984119
0,0.0425377782708691,0,0.0499478142611677,0,0.00398056667667299,0,0,0,0.0679599807690613,0,0,0,0,0,0.0265198998021636,0,0,0,0,0,0,0,0.0440766919391452,0,0.00135004624503772,0,0,0,0,0,0,0,0,0,0,2.09053168718097e-06,0.000168232679825884,0,0,0,0.000532561494714794,0,0,0,0,0,1.96883318491493e-05,0,0.000843123710204867,0,0.00116751813602464,0,0,0,0,0,0,0,0,0,0.031235715011975,0,0,0,0,0.0222492164376846,0,0.00699043068299789,0,0.000373165156329621,0,0.000227686664494853,0,0,0,0,0,0,0,0.000223696968521507,0,0.00020365789136351,8.28183051719675e-06,0.000276823421285278,0,0
0.00132523828983149,0,0.000192635445717839,0,0,0,0,0,0,0,0.012669072004865,0,0.000498407499317862,0,0,0,0,0,6.643278650311e-05,0,0,0,0,0,0,0,0,0,0,0,6.52635472918103e-05,0,0,0,0,0,0,0,0.00177006872756207,0,0.000226025213750286,0,0.00296586061959296,0,0,0,0.00165438130165248,6.48463206231521e-05,0.0134027906437703,3.80946854671553e-05,0.00265908791479652,0,0.0019293106513627,0,0,0,0,0,0.000198484827317661,0,8.21658904897049e-05,0,0,0.0148077322471713,0,0,0,0,0,0.00126634086662309,0,0.0294107557131107,0,0.0175368035884353,0,0,0,0,0,7.79833522974883e-05,0,0.00223548247784615,0.000233372376053902,0,0.00834196783569811,0,0.000393233000316477
0,1.47939910310072e-05,0,0.00139885841427589,0,0.000267019289785873,0,0,0,0.0010811190748726,0,0.0680462822961693,0,0.000216845072258079,0,0,0,2.28994423602915e-05,0.000258522650719579,0.00107222399601347,0,7.29927666121862e-05,0,0,0,0.00112748940174546,0,0.00251450539782956,0,0.00392185896950741,0,0,0,0,0,2.5403211545379e-05,7.85175668211152e-06,1.13443508705522e-05,0,6.15172631727759e-05,0,0.00436537686718269,3.24862334845794e-06,1.73767359012834e-05,0,0.000749032601196155,0,0,0,0.00235545212567333,0,0.000456351083068053,0,0,0,0,0,0,0,0.0157226751857924,0,0.00105301221046274,0.0112180751038243,0,0,0,0,0,0.00267803098773177,0,0.025185807667006,0,0.04345172940012,0,0,0,0,0,1.81831290218415e-05,0,7.17731389202467e-05,0,0.000294087381754347,0,0.0105607783544405,0.00014363327927982,0
0,0,0,0,0,0,0,0,0,0,0,0,0.000766997755649473,0,0,0,0,0,0,0,0,0,0,0,0.000125771623222277,0,0,0,0.000104633064932093,0,0,0,0,0,0,0,0,0,0,0,0,0,2.24850776822582e-05,0,0,0,0,0,0.000161834538578963,0,0,0,0,0,4.12991880541802e-05,0,0.000198484827317661,0,0,0,0.0031623718375807,0,0,0,0,0,0,6.39849700433195e-05,0,0.00521443777065275,0,0.00422081135490567,0,0,0,0,0,0,0,0,0,0,0,0,0,0,0
0,4.24366358458037e-05,0,6.07315189750015e-05,0,0,0,0,0,0,0,0.00312231799959114,0,0.0349900508615933,0,0.000163895395942804,0,0,0,0,0,0.000202943325103974,0,1.89729847741623e-05,0,0.00382623612745372,0,0.00666922738493233,0,0,0,0,0,0,0,0,0,3.65685118406344e-06,0,0,0,0.000423022911117154,0,0,0,2.69315125008647e-05,0,0,0,0.00192714760597927,0,0,0,0,0,0,0,0.0157226751857924,0,0,0,0.00449318355607903,9.52768407340302e-05,0,3.40239093572851e-05,0,0,0,0.0113948398366597,0,0.0218978508179015,0,0.000297686580890857,0,0,0,0,0,4.86365585561453e-06,0,1.43635540167017e-05,0,0.000615596849452613,0.000354434049034515,0.00159084084478032,0,0
0.000988469147874982,0,0,0,0,0,0,0,0.0153952879301755,0,0,0,0,0,0.0188111141965737,0,0.0019774047225628,7.72054464260707e-05,4.66462483003254e-05,0,0,0,0,0,0.00348120956880594,0,0.00262393174680541,0,0,0,0,0,0,0,0,0,2.90820537338072e-06,0,0,0,0,0,0,0,0,0,0,0,0.00172417042246698,0,0,0,0,0,0.010081359149513,0,8.21658904897049e-05,0,0.0031623718375807,0,0,0,0,0,0,0,0,0.0029261018365103,0,0.00618379433630235,0,0.000223827803583222,0,0,0,0,0,0,0,0,0,0,0.000323466283471427,3.99438942750113e-06,0,0,0
0,0.00904029934314434,0,0,0,0,0,0,0,0.000187100283453419,0,0,0,0,0,0.00467896494551094,0,0.000112411041482695,0,0,0,0.000212684826655207,0,0.00587628781345671,0,0.00663122108816233,0,0,0,0,0,0,0,0,0,0,0,2.90196443948976e-06,0,0,0,0,0,0,0,0,0,0,0,0.000639318097587594,0,0,0,0,0,0.031235715011975,0,0.00105301221046274,0,0.00449318355607903,0,0,0,0,0,0,0,0,0.0308826049155769,0,0.00167445279538585,0,0.00021088408128549,0,0,0,0,0,0,0,0,0,7.24010268267553e-06,0,0.000108948803615042,0,0
