0,0.170413319021463,0.235901371146229,0,0.221313610672951,0,0,0,0.245425289668957,0.253278023004532,0,0,0,0,0,0,0.300923682014707,0.299299068071625,0.253024028148502,0,0,0.247287049889565,0,0,0.24940413236618,0,0,0,0,0,0,0,0,0,0,0,0,0,0,0.294412086407344,0.319025427103043,0,0.299505624070502,0,0,0,0,0,0.233998802679999,0,0.231833281786474,0,0,0,0.248500333025175,0.229059398174286,0.210006862878799,0,0.22785140032118,0,0.263475179672241,0,0,0.191479445936588,0,0,0,0.215070426464081,0,0.300347030162811,0,0,0,0,0,0,0,0,0.363143444061279,0.37389862537384,0,0,0.265195588627573,0.217597544193268,0.212537237290126,0,0.299050556272268
0.170413319021463,0,0,0.277177477678024,0,0.322481811397216,0,0,0,0.221385887870688,0,0,0,0,0,0.189213115970294,0.307056874036789,0.321615226566792,0.233322265116792,0,0,0,0,0.266257882118225,0,0,0,0,0,0,0,0,0,0,0,0,0,0,0,0,0,0.347698287455582,0,0,0,0.22246053814888,0,0,0,0.328826483405993,0,0,0,0,0,0.203874701375349,0,0.241635928551356,0,0,0,0.20971792191267,0,0,0.229596346616745,0,0.237571060657501,0,0,0,0,0,0,0,0,0,0,0,0,0,0,0,0.307861457874135,0.218997061252594,0.221353503746715,0.363127133617662,0
0.235901371146229,0,0,0,0.17909123805853,0,0,0,0.177146011032164,0,0,0,0,0,0,0,0,0,0,0,0,0,0,0,0,0,0,0,0,0,0,0,0,0,0,0,0,0,0,0,0,0,0.303662185867627,0,0,0,0.162219189807321,0,0.222057328644124,0,0.235481613116457,0,0,0,0.184477256404029,0,0.247508339371,0,0.232353366911411,0,0.223148234188557,0,0,0.21913527128517,0,0,0,0,0,0,0,0,0,0,0,0,0,0,0,0.289697557687759,0,0,0.246459253515516,0.206184461712837,0.162208663110626,0,0.304729769006371
0,0.277177477678024,0,0,0,0.254349220011915,0,0,0,0.255402310531798,0,0,0,0,0,0,0,0,0,0,0,0,0,0,0,0,0,0,0,0,0,0,0,0,0,0,0,0,0,0,0,0.338168012981231,0,0,0,0.193398361120905,0,0,0,0.299042063652222,0,0,0,0,0,0.280854280624125,0,0.21486440859735,0,0,0,0,0.227102022618055,0,0,0,0,0,0,0,0,0,0,0,0,0,0,0,0,0,0,0,0.268358622776057,0,0.2008807469796,0.343530930578709,0
0.221313610672951,0,0.17909123805853,0,0,0,0.190958768129349,0,0.173354375247772,0,0.324571490287781,0,0,0,0,0,0,0,0,0,0.239128548119749,0,0,0,0,0,0,0,0,0,0,0,0,0,0.31107223033905,0,0.364546626806259,0,0,0,0.268622197210789,0,0.253976851701736,0,0,0,0.229556190204029,0.26567724943161,0.266390974654092,0,0.223312440116636,0,0.120632372796535,0,0.179967028399309,0,0,0,0,0,0,0,0,0.243820617966195,0,0,0,0,0,0,0,0,0,0,0,0,0,0,0,0.27694830596447,0,0.379297971725464,0.185207179437081,0.20175912976265,0.273585278516501,0,0.257160842418671
0,0.322481811397216,0,0.254349220011915,0,0,0,0.180801574672971,0,0.215176929648106,0,0,0,0,0,0,0,0,0,0,0,0,0,0,0,0,0,0,0,0,0,0,0,0,0,0.268440971771876,0,0,0,0,0,0.330353863537312,0,0,0,0.221131073931853,0,0,0,0.33877946718319,0,0.204996252393169,0,0.172790516305853,0,0.231927848037551,0,0,0,0,0,0,0,0,0,0,0,0,0,0,0,0,0,0,0,0,0,0,0,0,0,0,0.254195986256288,0.20207326987694,0.259830111049508,0.348182268440723,0
0,0,0,0,0.190958768129349,0,0,0,0,0,0,0,0,0,0,0,0,0,0,0,0,0,0,0,0,0,0,0,0,0,0,0,0,0,0,0,0,0,0,0,0,0,0,0,0,0,0,0,0,0,0.167295262217522,0,0.169586844742298,0,0,0,0.220472939312458,0,0,0,0,0,0,0,0,0,0,0,0,0,0,0,0,0,0,0,0,0,0,0,0,0,0.172626480460167,0,0,0,0
0,0,0,0,0,0.180801574672971,0,0,0,0,0,0.219611181524293,0,0.151971590431298,0,0,0,0,0,0,0,0,0,0,0,0,0,0,0,0,0,0,0,0,0,0,0,0,0,0,0,0,0,0,0,0,0,0,0,0,0,0.198511641886499,0,0.191626081247362,0,0,0,0.15198548615743,0,0.153606986127249,0,0,0,0,0,0,0,0,0,0,0,0,0,0,0,0,0,0,0,0,0,0,0.202598193729365,0,0,0,0
0.245425289668957,0,0.177146011032164,0,0.173354375247772,0,0,0,0,0.350180298089981,0,0,0,0,0.169691982708479,0,0.243484003497316,0.261673727300432,0.26893320138667,0,0.396415829658508,0.2475221991539,0.261715224385262,0.196735113859177,0.223642477406515,0.203562885522842,0.211182221289604,0,0,0,0,0,0,0,0,0,0,0,0.21019572019577,0.31217597424984,0.327266643444697,0,0.248688024660898,0,0,0,0.329175293445587,0,0.273558914661407,0.304790697991848,0,0,0,0,0.214574900579737,0,0.356946140527725,0,0,0,0.252296032274471,0.230750992894173,0,0,0.222643926739693,0.279517158865929,0,0.236278330887619,0.328188478946686,0.231910802031818,0,0,0,0,0,0,0,0,0.355520730217298,0.353672876954079,0,0.245539028197527,0.22389464822745,0.244341650977731,0.236125678883345,0,0.388204276561737
0.253278023004532,0.221385887870688,0,0.255402310531798,0,0.215176929648106,0,0,0.350180298089981,0,0,0,0,0,0,0.217288945654505,0.290849231183529,0.288533850598335,0.255803975636942,0,0,0.242860173008272,0,0.225095191632795,0.287635639309883,0.214720847450684,0,0,0,0,0,0,0,0,0,0,0,0,0,0.299795895814896,0.357354670763016,0.328825970490774,0.292907565832138,0,0,0,0.347829014062881,0,0,0.302996259240004,0,0,0,0,0.294256120920181,0.223706899587982,0,0,0,0,0,0.207642003216527,0,0,0.223021988073985,0,0.230175849510713,0,0.214098548012621,0,0,0,0,0,0,0,0,0,0.340070435777307,0.410182312130928,0.204108427677836,0,0.246547793357291,0.235979281898056,0.254637764369855,0.329340368509293,0
0,0,0,0,0.324571490287781,0,0,0,0,0,0,0,0,0,0,0,0.360501954952876,0,0.382374740563906,0,0.250948990391957,0,0,0,0,0,0,0,0,0,0.257208990212727,0,0,0,0.35033056139946,0,0.298634959892793,0,0.24258554505828,0,0.284255498447097,0,0.35246496626309,0,0,0,0.340611244887114,0.319847514232,0.316946744079321,0,0,0,0,0,0,0,0.273118853890969,0,0,0,0,0,0,0.342655273146244,0,0,0,0,0,0,0,0,0,0.405600837578899,0,0,0,0,0,0.315033219459623,0,0.390736339555385,0.235210999646889,0.32251912355423,0.380630331283266,0,0.414413680407134
0,0,0,0,0,0,0,0.219611181524293,0,0,0,0,0,0.176430943842392,0,0,0,0,0.338144302368164,0.221386041165041,0,0,0,0,0,0,0,0,0,0.254526334504286,0,0.309405952692032,0,0,0,0.273803665275031,0,0.271445338585039,0,0.289353797833125,0.326216101646423,0.338119278351466,0,0,0,0.385898306772306,0,0,0.282258719205856,0.344244450330734,0,0,0,0.241108318400937,0,0,0,0.211014184805666,0,0.14573148898189,0,0,0.339316202700138,0,0,0,0,0,0,0,0,0,0.276342372099559,0,0,0,0,0,0.331445030592106,0,0.246462235977123,0,0.252681557588788,0.353347361087799,0.402467243373394,0.412112799974588,0
0,0,0,0,0,0,0,0,0,0,0,0,0,0,0,0,0,0,0,0,0,0,0,0,0,0,0,0,0,0,0,0,0,0,0,0,0,0,0,0,0,0,0,0,0,0,0,0,0,0,0,0,0,0,0,0,0,0,0,0,0,0,0,0,0,0,0,0,0,0,0,0,0,0,0,0,0,0,0,0,0,0,0,0,0,0,0
0,0,0,0,0,0,0,0.151971590431298,0,0,0,0.176430943842392,0,0,0,0,0,0,0,0,0,0,0,0,0,0,0,0.207552351630651,0,0,0,0,0,0,0,0,0,0,0,0,0,0,0,0,0,0,0,0,0,0,0,0,0,0.167902663350105,0,0,0,0.200787426773892,0,0.17694846206011,0,0,0,0,0,0,0,0,0,0,0.175169035792351,0,0,0,0,0,0,0,0,0,0,0,0.185694253788545,0,0,0,0
0,0,0,0,0,0,0,0,0.169691982708479,0,0,0,0,0,0,0,0.195385755350192,0.255412413014306,0.304673224687576,0,0,0,0.246453237533569,0,0.203657332707096,0,0.204367035176865,0,0,0,0,0,0,0,0,0,0,0,0,0,0,0,0,0,0,0,0,0,0.273246955871582,0,0,0,0,0,0.170471519941375,0,0,0,0,0,0.203572797775269,0,0,0,0,0.24496532479922,0,0.222462659080823,0,0.21008247854533,0,0,0,0,0,0,0,0,0,0,0,0,0.181298040037863,0,0.18777970969677,0,0
0,0.189213115970294,0,0,0,0,0,0,0,0.217288945654505,0,0,0,0,0,0,0.265269570052624,0.21149631845622,0.253594817519188,0,0,0.233641917817295,0,0.214157006679437,0,0.204967465397774,0,0.164866223931313,0,0,0,0,0,0,0,0,0,0,0,0,0,0.272879958152771,0,0,0,0,0,0,0,0.261618137359619,0,0,0,0,0,0.197782972637488,0,0,0,0.209427960216999,0,0.197719088778263,0,0,0.216901901093396,0,0.220784411929986,0,0.218832613822694,0,0.209198092775685,0,0,0,0,0,0,0,0.375297635793686,0,0,0,0.236836546386769,0.284346175690492,0,0,0
0.300923682014707,0.307056874036789,0,0,0,0,0,0,0.243484003497316,0.290849231183529,0.360501954952876,0,0,0,0.195385755350192,0.265269570052624,0,0.295260409783064,0.330784634338912,0.386594355106354,0.39678970154594,0.283538583147375,0.288541125747012,0.279948729761811,0.281081635564634,0.272618347778916,0.245214302804363,0,0,0,0,0,0,0,0,0.36405523866415,0.396702553544726,0,0.277093283004231,0.344914080699285,0.343069914976756,0.325699521945073,0.324626183137298,0.387019157409668,0.372338016827901,0.355718696117401,0.360498497883479,0.318530470132828,0.314313906762335,0.325753285771325,0,0,0,0,0.245798346494705,0.266301994522413,0.398407196998596,0,0,0,0.18547818966602,0.25758533924818,0,0.374172240495682,0.284093068114349,0.277434236236981,0.277199920515219,0.266845970857687,0.276042374471823,0.228111598068748,0,0,0,0,0.344863265752792,0,0,0,0.370066909821002,0.401709948888922,0.344500621159871,0.40422702299224,0.29451010584529,0.294758455525782,0.352431293600684,0.346330016851425,0.3241106569767
0.299299068071625,0.321615226566792,0,0,0,0,0,0,0.261673727300432,0.288533850598335,0,0,0,0,0.255412413014306,0.21149631845622,0.295260409783064,0,0.341691840429699,0.3726258456707,0.356727025338582,0.240982911558853,0.314405167102814,0.250963584707519,0.283198109407222,0.188649225119745,0.256352107439722,0.157846570014954,0,0,0.427471548318863,0.339229702949524,0,0,0,0.376707904040813,0.411576589569449,0.31404148042202,0,0.329165290272425,0.369754534575247,0.324662466610179,0.332866860123781,0.400964945554733,0.380142045872552,0.348188227728793,0.370346364649859,0.321921450751168,0.342913857528142,0.318465133992637,0,0,0,0,0.263251672341273,0.230512643108765,0.379767429828644,0,0,0,0.269697308540344,0.204418567319711,0.338333684206009,0.363736109601127,0.244106917024513,0,0.243270131434466,0.290987748699852,0.196706302621785,0.331824719905853,0,0,0,0,0.391269937157631,0,0,0,0.362753233642547,0.405815322538872,0.375557100772858,0.399596248567104,0.27840360772033,0.274989084705063,0.360499476297544,0.338115985194842,0.306105305751165
0.253024028148502,0.233322265116792,0,0,0,0,0,0,0.26893320138667,0.255803975636942,0.382374740563906,0.338144302368164,0,0,0.304673224687576,0.253594817519188,0.330784634338912,0.341691840429699,0,0.340749611457189,0.381502103060484,0.301448255777359,0.301787945628166,0.265054736707521,0.290361820326911,0.273400381759361,0.323254028956095,0,0,0,0,0.318540424108505,0,0.300217429796855,0.348636895418167,0.378351397581936,0.416391140366175,0.369188335079413,0.40251836180687,0.313274105801815,0.331956462736787,0.286234183281155,0.28525989181675,0.325814427435398,0.340282037340361,0.36296478773824,0.354032200625103,0.315442096873334,0.313941970655003,0.297853392352543,0,0,0,0,0.277174809399773,0.245524136148966,0.400127521583012,0,0,0,0,0.250413200507561,0.333020374963158,0.3462396515686,0.281793998046355,0,0.268416685782946,0.266561997097892,0.285218050082525,0.305563896894455,0,0,0,0.410830429622105,0.343231242895126,0,0,0.351324707269669,0.360692212866111,0.393632307557564,0.365879961825681,0.389882044161408,0.269311801664817,0.258897037451504,0.355487988875934,0.317005118396547,0.30567477788867
0,0,0,0,0,0,0,0,0,0,0,0.221386041165041,0,0,0,0,0.386594355106354,0.3726258456707,0.340749611457189,0,0,0,0,0,0,0,0,0,0,0,0,0.331831321120262,0,0.315296903252602,0,0.246343082038579,0,0.287012010332077,0,0.288375669337333,0,0.36001988031246,0.318123877048492,0.403588056564331,0,0.326937638482035,0,0.306112658977509,0.308827077349027,0.304669571174702,0,0,0,0,0.327050536870956,0,0,0.286147426486015,0,0,0,0,0.279827483670295,0,0,0,0,0,0,0,0,0,0.267310529947281,0,0.264377787709236,0,0,0,0.291722966385936,0.30832751095295,0.280978755587601,0,0.213409034807361,0.29632468894124,0.377945839150532,0.41118291384644,0
0,0,0,0,0.239128548119749,0,0,0,0.396415829658508,0,0.250948990391957,0,0,0,0,0,0.39678970154594,0.356727025338582,0.381502103060484,0,0,0,0,0,0,0,0,0,0,0,0.396267265081406,0,0,0,0.369133327156305,0,0.258072267823955,0,0.239234653611978,0,0.307401562290909,0.401624351739883,0.359740723238323,0,0,0,0.340254399012512,0.308066221078237,0.33712461755118,0,0,0,0,0,0,0,0.386756887107536,0,0,0,0,0,0,0.300818269787011,0,0,0.339008748531342,0,0,0,0,0,0,0.413918363346773,0,0.422577381134033,0,0.327704459428787,0.388255819678307,0.308345643847913,0,0.305473500673991,0.210144243070057,0.186614802905491,0.385751251179677,0,0.402108960460733
0.247287049889565,0,0,0,0,0,0,0,0.2475221991539,0.242860173008272,0,0,0,0,0,0.233641917817295,0.283538583147375,0.240982911558853,0.301448255777359,0,0,0,0.251443316993186,0.236970236112258,0.236637612183889,0.220936329452285,0,0.256791377526063,0,0,0,0,0,0.238893534988165,0.262588422964601,0,0,0.254350921165922,0.242012594990871,0,0.281667500734329,0.301470965147018,0,0,0,0,0,0.273177832365036,0,0.253102939100342,0,0,0,0,0.270320455233256,0.220675401389599,0,0,0,0,0,0.233918523415923,0,0,0.239280818542025,0.263166950808631,0.210617418337313,0.246935527771711,0.194095089038213,0,0.274472109372156,0,0.314532299836477,0,0,0,0.28271225114402,0.267531150579453,0.336954832077026,0.406646490097046,0.254579345420968,0.249560127082543,0.244318107152442,0.258430157195438,0.284632578492165,0,0
0,0,0,0,0,0,0,0,0.261715224385262,0,0,0,0,0,0.246453237533569,0,0.288541125747012,0.314405167102814,0.301787945628166,0,0,0.251443316993186,0,0,0.265021438091916,0,0.260828862587611,0,0.202056214213371,0,0,0,0,0,0.253612092385689,0,0.400951027870178,0.275121092796326,0.26874445157463,0,0,0,0,0,0,0,0,0.336584180593491,0.266569944034363,0,0,0,0,0,0.265127964317799,0,0,0,0,0,0.240863561630249,0,0,0,0.245039912801364,0.240350422596382,0,0.266555794030428,0,0.264668454777221,0,0.245873707036177,0,0,0,0,0,0.258761470019817,0.406304746866226,0,0,0.27921595024265,0.262574722367259,0.267507436178285,0.295288294553757,0,0
0,0.266257882118225,0,0,0,0,0,0,0.196735113859177,0.225095191632795,0,0,0,0,0,0.214157006679437,0.279948729761811,0.250963584707519,0.265054736707521,0,0,0.236970236112258,0,0,0,0.199553696484101,0,0.245987894013524,0,0,0,0,0,0,0,0,0,0.186219496420588,0,0,0.35266101360321,0.322097281614939,0,0.384077429771423,0,0,0,0.30170065164566,0,0.251679914693038,0,0,0,0,0.22568978369236,0.200469485842265,0,0,0,0,0,0.208227992585275,0,0,0.208496001448563,0,0.201593114969171,0,0.208403138348948,0,0.194024377280758,0,0,0,0,0,0,0,0.339222472161055,0.361982578039169,0.175016723344662,0,0.216198853786467,0.225250981748104,0.295586701896456,0,0
0.24940413236618,0,0,0,0,0,0,0,0.223642477406515,0.287635639309883,0,0,0,0,0.203657332707096,0,0.281081635564634,0.283198109407222,0.290361820326911,0,0,0.236637612183889,0.265021438091916,0,0,0.232041478157043,0.240249281874287,0,0,0,0,0,0,0,0.291947652896245,0,0,0,0.259615405885185,0.317968219518661,0,0,0.277324825525284,0,0,0,0.295933365821838,0,0.239332646131516,0.320743759473165,0,0,0,0,0.244068917937768,0,0,0,0,0,0.226336561820724,0,0.331813603639603,0,0.241066470742226,0.249749687895791,0,0.24332679350212,0,0.247000287153891,0,0,0,0,0,0,0,0.274882376194,0,0.32572728395462,0,0.199135576276218,0.262090346357281,0.285500408921923,0.210886282048055,0,0
0,0,0,0,0,0,0,0,0.203562885522842,0.214720847450684,0,0,0,0,0,0.204967465397774,0.272618347778916,0.188649225119745,0.273400381759361,0,0,0.220936329452285,0,0.199553696484101,0.232041478157043,0,0,0.188839231666766,0,0,0,0,0,0,0,0,0,0.196028262376785,0,0,0,0,0,0,0,0,0,0,0,0.233180648514203,0,0,0,0,0.208864480257034,0.212779081373845,0,0,0,0,0,0.201874120447931,0,0,0.220901774068392,0,0.205245251402012,0,0.186172943457277,0,0.213968849182129,0,0,0,0,0,0,0,0.348393787940343,0.345186471939087,0.208344660699368,0,0.186957877413061,0.229471487303575,0,0,0
0,0,0,0,0,0,0,0,0.211182221289604,0,0,0,0,0,0.204367035176865,0,0.245214302804363,0.256352107439722,0.323254028956095,0,0,0,0.260828862587611,0,0.240249281874287,0,0,0,0.186960585415363,0,0,0,0,0,0,0,0,0,0,0,0,0,0,0,0,0,0,0,0,0,0,0,0,0,0.234224304556847,0,0,0,0,0,0.202367419170009,0,0,0,0,0.242444399086868,0,0.240936701350352,0,0.222361376146889,0,0.19310145949324,0,0,0,0,0,0,0,0,0,0,0.241284306575027,0.255251914262772,0,0,0
0,0,0,0,0,0,0,0,0,0,0,0,0,0.207552351630651,0,0.164866223931313,0,0.157846570014954,0,0,0,0.256791377526063,0,0.245987894013524,0,0.188839231666766,0,0,0,0.199342636598481,0,0,0,0,0,0,0,0.246953030116856,0,0,0,0,0,0,0,0,0,0,0,0.298658430576324,0,0,0,0,0,0,0,0,0,0.217914442221324,0,0.212147179991007,0,0,0.249959894220034,0,0.253994271159172,0,0.258937399547834,0,0.246514318567334,0,0.282746284482951,0,0,0,0,0,0,0,0.281388997467178,0,0.175887075011377,0,0,0,0
0,0,0,0,0,0,0,0,0,0,0,0,0,0,0,0,0,0,0,0,0,0,0.202056214213371,0,0,0,0.186960585415363,0,0,0,0,0,0,0,0,0,0,0,0.197835040092468,0,0,0,0,0,0,0,0,0,0,0,0,0,0,0,0,0,0,0,0,0,0,0,0,0,0,0.165624242275953,0,0,0,0.181472361087799,0,0.219250943511724,0,0.190447957200163,0,0,0,0,0,0,0,0.211302940403262,0,0,0,0,0
0,0,0,0,0,0,0,0,0,0,0,0.254526334504286,0,0,0,0,0,0,0,0,0,0,0,0,0,0,0,0.199342636598481,0,0,0,0,0,0,0,0,0,0.249704933599617,0,0,0,0,0,0,0,0,0,0,0,0,0,0,0,0,0,0,0,0.284847140312195,0,0,0,0,0,0,0,0,0,0,0,0,0.227942080691803,0,0.238192053850907,0,0,0,0,0,0,0,0.340015253116345,0,0,0,0,0,0
0,0,0,0,0,0,0,0,0,0,0.257208990212727,0,0,0,0,0,0,0.427471548318863,0,0,0.396267265081406,0,0,0,0,0,0,0,0,0,0,0,0,0,0,0,0,0,0.251989179911713,0,0.283094942569733,0,0,0,0,0,0.467896789312363,0,0,0,0,0,0,0,0,0,0.392686754465103,0,0,0,0,0,0,0.460235387086868,0,0,0,0,0,0,0,0,0,0.207001374827491,0,0,0,0,0,0,0,0.257415917840334,0.188980375784774,0,0,0,0
0,0,0,0,0,0,0,0,0,0,0,0.309405952692032,0,0,0,0,0,0.339229702949524,0.318540424108505,0.331831321120262,0,0,0,0,0,0,0,0,0,0,0,0,0.293251107408814,0.398816023842763,0.368838459253311,0.328128178396352,0.223886570509742,0,0,0.294369147159159,0,0.313091633575303,0.247822791337967,0,0,0.313191543022792,0,0.396263553883086,0.38915194963154,0.222131354749203,0,0,0,0,0,0,0,0,0,0,0,0,0.34651243686676,0,0,0,0,0,0,0,0,0,0,0,0.345696634982453,0.348632182843155,0.518672360401405,0.702178627252579,0.36237927637403,0.533661421565782,0.261510288173502,0,0.261088892540696,0,0.344477645224995,0.295960120856762,0
0,0,0,0,0,0,0,0,0,0,0,0,0,0,0,0,0,0,0,0,0,0,0,0,0,0,0,0,0,0,0,0.293251107408814,0,0.309163576592513,0.379315145405078,0.268479586135257,0.290416227333877,0,0,0,0.308126823769675,0.243864372372627,0.276630610227585,0,0,0,0.331144821312692,0.335537785232462,0.291890484971159,0,0,0,0,0,0,0,0,0,0,0,0,0,0,0.37668576836586,0,0,0,0,0,0,0,0,0,0,0.375445543860014,0.344636252905491,0.380635443143547,0.331731742232287,0.461997092139013,0.434870728442386,0,0,0.213936961252197,0,0.305260392335745,0,0
0,0,0,0,0,0,0,0,0,0,0,0,0,0,0,0,0,0,0.300217429796855,0.315296903252602,0,0.238893534988165,0,0,0,0,0,0,0,0,0,0.398816023842763,0.309163576592513,0,0.294948774340285,0.355513563757125,0.314209723472595,0.252427392900808,0.346710801124573,0.299218088388443,0,0.299444817006588,0.361172035336494,0,0,0.330097365060023,0.467559814453125,0.524114634578481,0.424748411629258,0.411938228777477,0,0,0,0,0,0,0,0,0,0,0,0,0.328432455658913,0,0.25011562023844,0,0,0,0,0,0,0,0,0,0.469787679277025,0.55319697696429,0.403945676175502,0.303037220372196,0.497813740943341,0.400648842074654,0.330324546272527,0.433670828739802,0.253388235871632,0,0.338468761963619,0.331264615058899,0
0,0,0,0,0.31107223033905,0,0,0,0,0,0.35033056139946,0,0,0,0,0,0,0,0.348636895418167,0,0.369133327156305,0.262588422964601,0.253612092385689,0,0.291947652896245,0,0,0,0,0,0,0.368838459253311,0.379315145405078,0.294948774340285,0,0.292653221074197,0.324760750130655,0.267193818402217,0.258147884562455,0,0.317615200467661,0.394462388008833,0.304153768876766,0,0,0.45585298538208,0.335326854335634,0.536616060624749,0.3649830355456,0.422790999259424,0,0,0,0,0,0,0.381758123636246,0,0,0,0,0,0.463409304618835,0.365289635436479,0.268864691257477,0,0,0,0,0,0,0,0,0,0.734237385647638,0.46182133095605,0.442853645435927,0.419074308437522,0.438339941824476,0.370798196380583,0.450150109675466,0.362739622231138,0.256799308307947,0,0.339906463411547,0.326885521411896,0
0,0,0,0,0,0.268440971771876,0,0,0,0,0,0.273803665275031,0,0,0,0,0.36405523866415,0.376707904040813,0.378351397581936,0.246343082038579,0,0,0,0,0,0,0,0,0,0,0,0.328128178396352,0.268479586135257,0.355513563757125,0.292653221074197,0,0.22519978093967,0.244992750380078,0.212319001555443,0.313558582518552,0.368562646210194,0.375325857828825,0.4008908867836,0.462388211861253,0,0.311330697296942,0,0.292934670028361,0.312575921968178,0.323483623956379,0,0,0,0,0,0,0,0.287094675004482,0,0,0,0,0.259650968523633,0,0,0,0.311440140008926,0,0,0,0,0,0,0,0.353022968345652,0.305590191206267,0.402542275744815,0.431310383602977,0.260972202758644,0.35594208817929,0.258101951261336,0,0.230630717391043,0.22390612110385,0.318153988058259,0.343847485149608,0
0,0,0,0,0.364546626806259,0,0,0,0,0,0.298634959892793,0,0,0,0,0,0.396702553544726,0.411576589569449,0.416391140366175,0,0.258072267823955,0,0.400951027870178,0,0,0,0,0,0,0,0,0.223886570509742,0.290416227333877,0.314209723472595,0.324760750130655,0.22519978093967,0,0,0.275238733476905,0.386182526747386,0.336499204516411,0.392833292484283,0.421064759980249,0.440023005008698,0.51840967248226,0.359239935874939,0.315228824119229,0.284560147755676,0.303310830183703,0.343958568572998,0,0,0,0,0,0,0.338598194718361,0,0,0,0,0,0.342969343066216,0.306974714514145,0,0,0,0,0,0,0,0,0,0.2821424305439,0.234884818394979,0.399242166541294,0.354436129331589,0.333209764129586,0.252438034448359,0.277835698168215,0.312801167368889,0.255438620152535,0.238755894793005,0.231785316945495,0.4747624840406,0.368408739566803,0.370783040920893
0,0,0,0,0,0,0,0,0,0,0,0.271445338585039,0,0,0,0,0,0.31404148042202,0.369188335079413,0.287012010332077,0,0.254350921165922,0.275121092796326,0.186219496420588,0,0.196028262376785,0,0.246953030116856,0,0.249704933599617,0,0,0,0.252427392900808,0.267193818402217,0.244992750380078,0,0,0.235856441846445,0.30819068197161,0,0.23758935835695,0.321474611759186,0,0,0.354668612991061,0,0.240709560641384,0.469433188438416,0.239088601311915,0,0,0,0,0,0,0,0.248882767375635,0,0,0,0.20819025238355,0.284367017447948,0,0.300913621127218,0,0.209569170998364,0,0,0,0.291044349878667,0,0.302333425252865,0,0,0,0.27704115426708,0.258546495189269,0.295905919180652,0.35576706379652,0.230149041259258,0.23843967086739,0.221117771011973,0.193393996312763,0.27031367627027,0.412700941345908,0
0,0,0,0,0,0,0,0,0.21019572019577,0,0.24258554505828,0,0,0,0,0,0.277093283004231,0,0.40251836180687,0,0.239234653611978,0.242012594990871,0.26874445157463,0,0.259615405885185,0,0,0,0.197835040092468,0,0.251989179911713,0,0,0.346710801124573,0.258147884562455,0.212319001555443,0.275238733476905,0.235856441846445,0,0.371053606271744,0.322234377264977,0,0.240481102998768,0,0,0,0.341273359954357,0.343785220252469,0.269508908751584,0.445330107212067,0,0,0,0,0.238670699298382,0,0.339562267065048,0,0,0,0,0,0,0.313666817896506,0.227826323021542,0.213287755090977,0,0.212944644742307,0,0,0,0.217079408790754,0,0.296595055609941,0,0,0.507782608270645,0.30357423520794,0,0.275684929424769,0.18203192949295,0.247945212849708,0.259621074169755,0.264147931784109,0.279988697585784,0,0.451262816786766
0.294412086407344,0,0,0,0,0,0,0,0.31217597424984,0.299795895814896,0,0.289353797833125,0,0,0,0,0.344914080699285,0.329165290272425,0.313274105801815,0.288375669337333,0,0,0,0,0.317968219518661,0,0,0,0,0,0,0.294369147159159,0,0.299218088388443,0,0.313558582518552,0.386182526747386,0.30819068197161,0.371053606271744,0,0.317863464355469,0.27444891636513,0.276740248860984,0.340574405476695,0.323631674051285,0.250932037159515,0.320696629583836,0.324175209984747,0.260597920686495,0.304730962688105,0,0,0,0,0,0,0,0,0,0,0,0,0.285683206601166,0.334616343180339,0.336528033018112,0,0,0.347608059644699,0.300839453935623,0,0,0,0,0.335981696844101,0.276508705224842,0,0.245039418339729,0,0.3292628720234,0.35818559175632,0.333599939738234,0.334680090347926,0.305940733660351,0.325388863682747,0.298856158033574,0.299016475322701,0.259063243865967
0.319025427103043,0,0,0,0.268622197210789,0,0,0,0.327266643444697,0.357354670763016,0.284255498447097,0.326216101646423,0,0,0,0,0.343069914976756,0.369754534575247,0.331956462736787,0,0.307401562290909,0.281667500734329,0,0.35266101360321,0,0,0,0,0,0,0.283094942569733,0,0.308126823769675,0,0.317615200467661,0.368562646210194,0.336499204516411,0,0.322234377264977,0.317863464355469,0,0.270692336559296,0.272524709308507,0,0.399492148309946,0.32406318684419,0.260679422859819,0.297896986010511,0.278332600354129,0.300629071891308,0,0,0,0,0,0,0.313219666481018,0,0,0,0,0,0,0.259044238810682,0,0,0.276591032743454,0,0,0,0,0,0,0.332684582471848,0,0.231892437807151,0,0.30204275897459,0.36285332971149,0.350040464924659,0.354591235518456,0.367662566713989,0.331364687171675,0.333584971725941,0.344220311063919,0.352006018161774,0.294272150578243
0,0.347698287455582,0,0.338168012981231,0,0.330353863537312,0,0,0,0.328825970490774,0,0.338119278351466,0,0,0,0.272879958152771,0.325699521945073,0.324662466610179,0.286234183281155,0.36001988031246,0.401624351739883,0.301470965147018,0,0.322097281614939,0,0,0,0,0,0,0,0.313091633575303,0.243864372372627,0.299444817006588,0.394462388008833,0.375325857828825,0.392833292484283,0.23758935835695,0,0.27444891636513,0.270692336559296,0,0.253302295081663,0.366553035047319,0.289535880088806,0.356627044481735,0.261295835177104,0.278129019295867,0.25321483171799,0.26694645159363,0,0,0,0,0,0,0,0.172187387943268,0,0,0,0,0.306575839838962,0,0,0,0.303125411272049,0,0.262566745281219,0,0,0,0,0,0.283247516767399,0,0.32235272356442,0.475152105093002,0.341257108451543,0.349283602130547,0.369884740733183,0.327252631678301,0.271235283047685,0.357174968397295,0.241874048963321,0.263830012602846,0
0.299505624070502,0,0.303662185867627,0,0.253976851701736,0,0,0,0.248688024660898,0.292907565832138,0.35246496626309,0,0,0,0,0,0.324626183137298,0.332866860123781,0.28525989181675,0.318123877048492,0.359740723238323,0,0,0,0.277324825525284,0,0,0,0,0,0,0.247822791337967,0.276630610227585,0.361172035336494,0.304153768876766,0.4008908867836,0.421064759980249,0.321474611759186,0.240481102998768,0.276740248860984,0.272524709308507,0.253302295081663,0,0,0.313835906982422,0.278987627476454,0.321254488809818,0.253732744786856,0.263667106740308,0.265363678812981,0.273323174566031,0,0,0,0.216975239269874,0,0.42023019221696,0,0.257975618044535,0,0,0,0.297648767630259,0.355813940855819,0,0,0.26317822933197,0.322969913482666,0.372974395751953,0,0,0,0,0,0,0.41015229622523,0.42178675159812,0.333309622817352,0.331435384920665,0.363164406175552,0.380988405810462,0.395356658427186,0.269302400172646,0.376461666077375,0.305055026316542,0.292041996121407,0.269406554038311
0,0,0,0,0,0,0,0,0,0,0,0,0,0,0,0,0.387019157409668,0.400964945554733,0.325814427435398,0.403588056564331,0,0,0,0.384077429771423,0,0,0,0,0,0,0,0,0,0,0,0.462388211861253,0.440023005008698,0,0,0.340574405476695,0,0.366553035047319,0,0,0.307737469673157,0.376119365834672,0.394207745790482,0.377809358494622,0,0.353836562484503,0,0,0,0,0,0,0,0,0,0,0,0,0.374354104200999,0,0,0,0.313377976417542,0,0,0,0,0,0,0,0.456016838550568,0,0,0,0.441352127492428,0.43493600487709,0.390508413314819,0,0.340137531980872,0.397409230470657,0.302888859191845,0.386911642551422,0
0,0,0,0,0,0,0,0,0,0,0,0,0,0,0,0,0.372338016827901,0.380142045872552,0.340282037340361,0,0,0,0,0,0,0,0,0,0,0,0,0,0,0,0,0,0.51840967248226,0,0,0.323631674051285,0.399492148309946,0.289535880088806,0.313835906982422,0.307737469673157,0,0,0.386456320683161,0,0.496106535196304,0.293258830904961,0,0,0,0,0.321079671382904,0,0,0,0,0,0,0,0,0,0,0,0.329047918319702,0,0,0,0,0,0,0,0,0,0,0,0.381552636623383,0.524738589869464,0,0,0.388000204282648,0.460739215215047,0.466766660057363,0,0.447153717279434
0,0.22246053814888,0,0.193398361120905,0,0.221131073931853,0,0,0,0,0,0.385898306772306,0,0,0,0,0.355718696117401,0.348188227728793,0.36296478773824,0.326937638482035,0,0,0,0,0,0,0,0,0,0,0,0.313191543022792,0,0.330097365060023,0.45585298538208,0.311330697296942,0.359239935874939,0.354668612991061,0,0.250932037159515,0.32406318684419,0.356627044481735,0.278987627476454,0.376119365834672,0,0,0,0.305558129790283,0.295276000208798,0.314580570722436,0,0,0,0,0,0.323174268007278,0,0.269754752516747,0,0,0,0,0.320144998551977,0.28037691116333,0,0,0.268549054861069,0.274186372756958,0,0,0,0,0,0,0.305420982898498,0,0,0,0.318533689424823,0.34940238257772,0.377824455373825,0.318291418254375,0.289312436630329,0.322216656113016,0.287658492010336,0.334578129359417,0.283501356840134
0,0,0.162219189807321,0,0.229556190204029,0,0,0,0.329175293445587,0.347829014062881,0.340611244887114,0,0,0,0,0,0.360498497883479,0.370346364649859,0.354032200625103,0,0.340254399012512,0,0,0,0.295933365821838,0,0,0,0,0,0.467896789312363,0,0.331144821312692,0.467559814453125,0.335326854335634,0,0.315228824119229,0,0.341273359954357,0.320696629583836,0.260679422859819,0.261295835177104,0.321254488809818,0.394207745790482,0.386456320683161,0,0,0.321463563558409,0.325844308626373,0.289470940828323,0.223525568842888,0,0,0,0.312166064977646,0,0.389891254681128,0,0,0,0,0,0,0.261986502312032,0,0,0.367066234350204,0,0.326862990856171,0,0,0,0,0.390459420283635,0,0,0,0.327364121377468,0.327005162835121,0.315159534084729,0,0.375543424191902,0.292635766891488,0.342285834691104,0.306857624363187,0,0.352050272019013
0,0,0,0,0.26567724943161,0,0,0,0,0,0.319847514232,0,0,0,0,0,0.318530470132828,0.321921450751168,0.315442096873334,0.306112658977509,0.308066221078237,0.273177832365036,0.336584180593491,0.30170065164566,0,0,0,0,0,0,0,0.396263553883086,0.335537785232462,0.524114634578481,0.536616060624749,0.292934670028361,0.284560147755676,0.240709560641384,0.343785220252469,0.324175209984747,0.297896986010511,0.278129019295867,0.253732744786856,0.377809358494622,0,0.305558129790283,0.321463563558409,0,0.339304942795143,0.331297536688832,0,0,0,0,0,0,0.38075977563858,0,0,0,0,0,0.307436682509654,0.345622737650518,0,0.387468874454498,0,0,0,0,0,0,0,0,0.31723779590348,0.393670265713046,0.428199687642821,0.327379230481045,0.255803596982526,0.315257608248242,0.365812048439279,0.442399903458934,0.294628455731514,0.242239656434818,0.316298344390237,0.299177564680576,0.302833090225856
0.233998802679999,0,0.222057328644124,0,0.266390974654092,0,0,0,0.273558914661407,0,0.316946744079321,0.282258719205856,0,0,0.273246955871582,0,0.314313906762335,0.342913857528142,0.313941970655003,0.308827077349027,0.33712461755118,0,0.266569944034363,0,0.239332646131516,0,0,0,0,0,0,0.38915194963154,0.291890484971159,0.424748411629258,0.3649830355456,0.312575921968178,0.303310830183703,0.469433188438416,0.269508908751584,0.260597920686495,0.278332600354129,0.25321483171799,0.263667106740308,0,0.496106535196304,0.295276000208798,0.325844308626373,0.339304942795143,0,0.282419579300454,0.229367244702119,0,0,0,0.30869362089369,0,0.356758228757165,0,0,0,0.305560915963724,0,0.298295549076536,0.333653591891167,0,0.241924358265741,0,0.247904856290136,0.287280291318893,0.251602259201881,0,0.263305351957206,0,0.342504938443502,0.301563003483941,0.376083349436522,0.453233943099067,0.359826249219113,0.287055676384848,0.334544100802174,0.345960925022761,0.30219162505785,0.253367571663557,0.327597007155418,0.303087250562685,0.25591158370177,0.280353419731061
0,0.328826483405993,0,0.299042063652222,0,0.33877946718319,0,0,0.304790697991848,0.302996259240004,0,0.344244450330734,0,0,0,0.261618137359619,0.325753285771325,0.318465133992637,0.297853392352543,0.304669571174702,0,0.253102939100342,0,0.251679914693038,0.320743759473165,0.233180648514203,0,0.298658430576324,0,0,0,0.222131354749203,0,0.411938228777477,0.422790999259424,0.323483623956379,0.343958568572998,0.239088601311915,0.445330107212067,0.304730962688105,0.300629071891308,0.26694645159363,0.265363678812981,0.353836562484503,0.293258830904961,0.314580570722436,0.289470940828323,0.331297536688832,0.282419579300454,0,0,0,0,0,0,0.309986606240273,0,0.223988828855917,0,0,0,0.246801001951098,0.303738186962174,0.347415069739024,0.239447667732509,0,0.241939968712952,0,0.222470255096753,0,0.276525454969935,0,0.248182321588198,0,0.195851372661335,0,0.36632641843737,0.465132382127546,0.329030142490455,0.353666433857547,0.324260797006638,0.391039609909058,0.288913067714658,0.339330534636974,0.292536759450011,0.288974844972077,0.296713590621948
0.231833281786474,0,0.235481613116457,0,0.223312440116636,0,0.167295262217522,0,0,0,0,0,0,0,0,0,0,0,0,0,0,0,0,0,0,0,0,0,0,0,0,0,0,0,0,0,0,0,0,0,0,0,0.273323174566031,0,0,0,0.223525568842888,0,0.229367244702119,0,0,0,0,0,0.159967238704363,0,0.181348041933813,0,0,0,0,0,0,0.227424727922136,0,0,0,0,0,0,0,0,0,0,0,0,0,0,0,0,0,0,0.253768907814491,0,0.254387648436575,0,0.262761356575148
0,0,0,0,0,0.204996252393169,0,0.198511641886499,0,0,0,0,0,0,0,0,0,0,0,0,0,0,0,0,0,0,0,0,0,0,0,0,0,0,0,0,0,0,0,0,0,0,0,0,0,0,0,0,0,0,0,0,0,0.222103933387614,0,0.170179113745689,0,0.260767142474651,0,0.211369761824608,0,0.16633091121912,0,0,0,0,0,0,0,0,0,0,0,0,0,0,0,0,0,0,0,0,0.224968339605578,0,0,0,0
0,0,0,0,0.120632372796535,0,0.169586844742298,0,0,0,0,0,0,0,0,0,0,0,0,0,0,0,0,0,0,0,0,0,0,0,0,0,0,0,0,0,0,0,0,0,0,0,0,0,0,0,0,0,0,0,0,0,0,0,0,0,0.200690042972565,0,0,0,0,0,0,0,0,0,0,0,0,0,0,0,0,0,0,0,0,0,0,0,0,0,0,0,0,0,0
0,0,0,0,0,0.172790516305853,0,0.191626081247362,0,0,0,0.241108318400937,0,0.167902663350105,0,0,0,0,0,0,0,0,0,0,0,0,0,0,0,0,0,0,0,0,0,0,0,0,0,0,0,0,0,0,0,0,0,0,0,0,0,0.222103933387614,0,0,0,0,0,0.16481383449175,0,0.158755014064135,0,0,0,0,0,0,0,0,0,0,0,0,0,0,0,0,0,0,0,0,0,0,0.190280454754829,0,0,0,0
0.248500333025175,0,0.184477256404029,0,0.179967028399309,0,0,0,0.214574900579737,0.294256120920181,0,0,0,0,0.170471519941375,0,0.245798346494705,0.263251672341273,0.277174809399773,0.327050536870956,0,0.270320455233256,0.265127964317799,0.22568978369236,0.244068917937768,0.208864480257034,0.234224304556847,0,0,0,0,0,0,0,0,0,0,0,0.238670699298382,0,0,0,0.216975239269874,0,0.321079671382904,0,0.312166064977646,0,0.30869362089369,0,0.159967238704363,0,0,0,0,0,0,0,0,0,0.27990460023284,0.212728410959244,0,0,0,0,0.24763198196888,0.24195909336138,0,0.249713540077209,0,0,0,0,0,0,0,0,0.344876989722252,0.357589887721198,0,0.169374212622643,0.241856564119545,0.242576286844585,0.218451134203111,0,0
0.229059398174286,0.203874701375349,0,0.280854280624125,0,0.231927848037551,0,0,0,0.223706899587982,0,0,0,0,0,0.197782972637488,0.266301994522413,0.230512643108765,0.245524136148966,0,0,0.220675401389599,0,0.200469485842265,0,0.212779081373845,0,0,0,0,0,0,0,0,0,0,0,0,0,0,0,0,0,0,0,0.323174268007278,0,0,0,0.309986606240273,0,0.170179113745689,0,0,0,0,0,0,0,0,0,0.206017364561558,0,0,0.222290828824043,0,0.196258590399445,0,0.207949706623631,0,0,0,0,0,0,0,0,0,0,0.382496873537699,0.196446746587753,0,0.244131433397112,0.240532096475363,0.251843381453963,0.358315914869308,0
0.210006862878799,0,0.247508339371,0,0,0,0.220472939312458,0,0.356946140527725,0,0.273118853890969,0,0,0,0,0,0.398407196998596,0.379767429828644,0.400127521583012,0,0.386756887107536,0,0,0,0,0,0,0,0,0,0.392686754465103,0,0,0,0.381758123636246,0,0.338598194718361,0,0.339562267065048,0,0.313219666481018,0,0.42023019221696,0,0,0,0.389891254681128,0.38075977563858,0.356758228757165,0,0.181348041933813,0,0.200690042972565,0,0,0,0,0,0.265228145942092,0,0.242417779821222,0,0,0.31169554629584,0,0,0,0,0,0,0,0,0,0.418369111418724,0,0,0,0.352008819580078,0,0.338228673959265,0,0.435808023109156,0.36462826281786,0,0.288181832998338,0,0.431671696901321
0,0.241635928551356,0,0.21486440859735,0,0,0,0.15198548615743,0,0,0,0.211014184805666,0,0.200787426773892,0,0,0,0,0,0.286147426486015,0,0,0,0,0,0,0,0,0,0.284847140312195,0,0,0,0,0,0.287094675004482,0,0.248882767375635,0,0,0,0.172187387943268,0,0,0,0.269754752516747,0,0,0,0.223988828855917,0,0.260767142474651,0,0.16481383449175,0,0,0,0,0,0.213807109034563,0,0.218168016227465,0.266760634633985,0,0,0,0,0,0,0,0.312962031938705,0,0.288722448022647,0,0,0,0,0,0,0,0.261186135311921,0,0.202555683870164,0,0.221964797308279,0.230941712856293,0
0.22785140032118,0,0.232353366911411,0,0,0,0,0,0,0,0,0,0,0,0,0,0,0,0,0,0,0,0,0,0,0,0,0,0,0,0,0,0,0,0,0,0,0,0,0,0,0,0.257975618044535,0,0,0,0,0,0,0,0,0,0,0,0,0,0.265228145942092,0,0,0,0.194609724377331,0,0,0,0,0,0,0,0,0,0,0,0,0,0,0,0,0,0,0,0,0,0.252430468797684,0,0,0,0.264913499355316
0,0,0,0,0,0,0,0.153606986127249,0,0,0,0.14573148898189,0,0.17694846206011,0,0.209427960216999,0,0,0,0,0,0,0,0,0,0,0,0.217914442221324,0,0,0,0,0,0,0,0,0,0,0,0,0,0,0,0,0,0,0,0,0,0,0,0.211369761824608,0,0.158755014064135,0,0,0,0.213807109034563,0,0,0,0.220576918173221,0,0,0,0,0,0,0,0,0.244947117123614,0,0,0,0,0,0,0,0,0,0,0,0.173840276896954,0,0,0,0
0.263475179672241,0,0.223148234188557,0,0,0,0,0,0.252296032274471,0,0,0,0,0,0.203572797775269,0,0.18547818966602,0.269697308540344,0,0,0,0,0.240863561630249,0,0.226336561820724,0,0.202367419170009,0,0,0,0,0,0,0,0,0,0,0,0,0,0,0,0,0,0,0,0,0,0.305560915963724,0,0,0,0,0,0.27990460023284,0,0.242417779821222,0,0.194609724377331,0,0,0,0,0,0,0,0,0,0,0.199886646866798,0,0,0,0,0,0,0,0,0,0,0,0,0.184268236446839,0,0.308860189384884,0,0
0,0.20971792191267,0,0,0,0,0,0,0.230750992894173,0.207642003216527,0,0,0,0,0,0.197719088778263,0.25758533924818,0.204418567319711,0.250413200507561,0,0,0.233918523415923,0,0.208227992585275,0,0.201874120447931,0,0.212147179991007,0,0,0,0,0,0,0,0,0,0.20819025238355,0,0,0,0,0,0,0,0,0,0,0,0.246801001951098,0,0.16633091121912,0,0,0.212728410959244,0.206017364561558,0,0.218168016227465,0,0.220576918173221,0,0,0,0,0.20991563424468,0,0.203989912950715,0,0.184996917717538,0,0.209477514028549,0,0,0,0,0,0,0,0.329915910959244,0,0,0,0.213770940467931,0.237955220043659,0,0,0
0,0,0,0.227102022618055,0,0,0,0,0,0,0,0.339316202700138,0,0,0,0,0,0.338333684206009,0.333020374963158,0.279827483670295,0,0,0,0,0.331813603639603,0,0,0,0,0,0,0.34651243686676,0,0.328432455658913,0.463409304618835,0.259650968523633,0.342969343066216,0.284367017447948,0,0.285683206601166,0,0.306575839838962,0.297648767630259,0.374354104200999,0,0.320144998551977,0,0.307436682509654,0.298295549076536,0.303738186962174,0,0,0,0,0,0,0,0.266760634633985,0,0,0,0,0,0,0,0,0,0,0,0,0,0,0,0,0.326476372778416,0,0,0,0.321322220959777,0.324610441923141,0.32761506756903,0,0.181210460220322,0.364311751510416,0.270266550283875,0.361776795733738,0
0.191479445936588,0,0.21913527128517,0,0.243820617966195,0,0,0,0,0,0.342655273146244,0,0,0,0,0,0.374172240495682,0.363736109601127,0.3462396515686,0,0.300818269787011,0,0,0,0,0,0,0,0,0,0.460235387086868,0,0.37668576836586,0,0.365289635436479,0,0.306974714514145,0,0.313666817896506,0.334616343180339,0.259044238810682,0,0.355813940855819,0,0,0.28037691116333,0.261986502312032,0.345622737650518,0.333653591891167,0.347415069739024,0.227424727922136,0,0,0,0,0,0.31169554629584,0,0,0,0,0,0,0,0,0,0,0,0,0,0,0,0,0.383148516217868,0,0.446248382329941,0.422942996025085,0.347469294071198,0.378994420170784,0.306126612979736,0,0.349188533605231,0.269598406736354,0.231986958228174,0.299014747426055,0,0.375523630500764
0,0.229596346616745,0,0,0,0,0,0,0.222643926739693,0.223021988073985,0,0,0,0,0,0.216901901093396,0.284093068114349,0.244106917024513,0.281793998046355,0,0,0.239280818542025,0.245039912801364,0.208496001448563,0.241066470742226,0.220901774068392,0,0.249959894220034,0,0,0,0,0,0.25011562023844,0.268864691257477,0,0,0.300913621127218,0.227826323021542,0.336528033018112,0,0,0,0,0,0,0,0,0,0.239447667732509,0,0,0,0,0,0.222290828824043,0,0,0,0,0,0.20991563424468,0,0,0,0.248776875436306,0.196587004896366,0.242814436554909,0.196295402631038,0,0.324202840824922,0,0.323398436818804,0,0,0,0.273230284452438,0.269265949726105,0.321410745382309,0,0.251197129838699,0.224600316335758,0.236947509064617,0.215498013340909,0.354767392079035,0,0
0,0,0,0,0,0,0,0,0.279517158865929,0,0,0,0,0,0.24496532479922,0,0.277434236236981,0,0,0,0,0.263166950808631,0.240350422596382,0,0.249749687895791,0,0.242444399086868,0,0.165624242275953,0,0,0,0,0,0,0,0,0,0.213287755090977,0,0,0,0,0,0,0,0,0.387468874454498,0.241924358265741,0,0,0,0,0,0,0,0,0,0,0,0,0,0,0,0.248776875436306,0,0,0.270799689697769,0,0.240745415364889,0,0.219413718953729,0,0,0,0,0,0,0,0,0,0.25022256679741,0.254361524319951,0.269531476450717,0,0,0
