0,0,173.241117671132,0.140103653073311,0,0,0,0,175.070411682129,0.629057973623276,0,0,0,0,0,0,7.22861994802952,1.63455912470818,5.13899704813957,0,0,0,0,0,0,0,0,0,0,0,0,0,0,0,0,0,0,0,0,0,0,0,48.8909483700991,0,0,0,0.239978849887848,0.378159463405609,104.868536993861,0,0.73541134595871,0,0,0,449.154919445515,0,0,0,0,0,0,0,0,0,0,0,0,0,0,0,0,0,0,0,0,0,0,0,0.461182594299316,2.38482695817947,0,0,169.420348256826,0.403191685676575,134.396138086915,0,0
0,0,0,545.506285727024,0,33.3705824315548,0,0,0,177.975427299738,0,0,0,0,0,0,0.951834082603455,2.94033315777779,4.18502849340439,0,0,0,0,0,0,0,0,0,0,0,0,0,0,0,0,0,0,0,0,0.354957461357117,0.403892502188683,22.2622333168983,0.18181686103344,0,0,4.92634457349777,0.312852144241333,0,0,275.758014634252,0,0,0,0,0,292.309334814548,0,0,0,0,0,234.896183982491,0.473057121038437,0,0,0,19.4168441593647,0,0,0,0,0,0,0,0,0,0,0,16.3752241134644,0,0,0,122.308181300759,0,259.182770326734,7.87557297945023,0
173.241117671132,0,0,0,380.443456858397,0,0,0,121.761716395617,0,0,0,0,0,0,0,0,0,2.95488786697388,0,0,0,0,0,0,0,0,0,0,0,0,0,0,0,0,0,0.4546018242836,0,0.487703591585159,0,0.776019111275673,0,59.1506574675441,0,3.20855224132538,0,2.66481368243694,0.939357295632362,8.9543397128582,0,64.7191323339939,0,0,0,200.969436645508,0,1.69444525241852,0,0.404809832572937,0,0,0,0,0.500040411949158,0,0,0,0,0,0,0,0,0,18.1936107426882,0,0,0,0,1.7668481618166,7.09616222977638,0,5.06692253053188,383.884440258145,73.3217334747314,467.204205162823,0,0.223432376980782
0.140103653073311,545.506285727024,0,0,0,51.2491315901279,0,0,0,48.5092075169086,0,0,0,0,0,0,0,0.722186729311943,0,0,0,0,0,0,0,0,0,0,0,0,0,0,0,0,0,0.197371140122414,0,0.204955101013184,0,1.32886397838593,0.563967883586884,117.416212111712,0.538034379482269,0,0,59.4518101662397,0,1.0558052957058,0,135.349010184407,0,5.82924419641495,0,0,0,8.10150097310543,0,27.9756165593863,0,0,0,5.857854783535,13.6447717249393,0,0,0,0,0,0,0,0,0,0.931663110852242,0,0,0,0,0,0.365297988057137,0,1.54956009984016,0,183.912884876132,69.7982603311539,1123.31078225374,0.490337461233139,0
0,0,380.443456858397,0,0,0,89.9038511514664,0,87.8992104530334,0,0,0,0,0,0,0,0,0,1.79993438720703,0,142.034842848778,0,0,0,0,0,0,0,0,0,0,0,0,0,0,0,53.8614095002413,0,0,0,4.2352754175663,0.263437241315842,33.755129262805,0,0.248723983764648,0,68.9898884743452,3.59015065431595,26.3832033723593,4.3445075750351,81.8447542488575,0,0,0,0,0,0.263666719198227,0,0,0,3.73084688186646,0,0,205.730288863182,0,0,0,0,0,0,0,0,0,6.61328303813934,0,0,0,0,0,60.905569896102,0,0.745419025421143,464.709244862199,1.72300398349762,665.598319418728,0,0.12832610309124
0,33.3705824315548,0,51.2491315901279,0,0,0,0,0,238.091816484928,0,0,0,1,0,0,0,0,2.4044015109539,9.99063132703304,0,0,0,0,0,0,0,0,0,0,0,0,0,0,0,48.0092346072197,0,0,0,44.2905926182866,0.176711395382881,24.6956489384174,0,0,0,418.599081084132,0.186481684446335,15.6765940263867,0,87.1074935123324,0,383.015407502651,0,7.3856782913208,0,0.542504966259003,0,4.70096012949944,0,52.9745652675629,0,0,366.407748535275,0,0,0,0,0,0,0,0,0,0.780483782291412,0,0,0,0,0,66.4325521141291,1.86135733127594,2.42174810916185,0.231778293848038,1103.19381009042,4.88848209381104,468.708475604653,1.08386206626892,0
0,0,0,0,89.9038511514664,0,0,0,0,0,37.6882816553116,0,0,0,0,0,0,0,0,0,0,0,0,0,0,0,0,0,0,0,0,0,0,0,0,0,0,0,0,0,0,0,0,0,0,0,0,0,0,0,54.0564162731171,0,137.193496078253,0,0,0,29.0495693385601,0,0,0,0,0,0,0,0,0,0,0,0,0,0,0,0,0,0,0,0,0,0,0,0,0,0,0,0,0,0
0,0,0,0,0,0,0,0,0,0,0,53.3690313696861,0,0,0,0,0,0,0,29.6014575958252,0,0,0,0,0,0,0,0,0,0,0,0,0,0,0,0,0,0,0,0,0,0,0,0,0,0,0,0,0,0,0,0,0,126.449774444103,0,0,0,0,0,0,0,0,0,0,0,0,0,0,0,0,0,0,0,0,0,0,0,0,0,0,0,0,8.79445344209671,0,0,0,0
175.070411682129,0,121.761716395617,0,87.8992104530334,0,0,0,0,0.276114761829376,0,0,0,0,98.6485120654106,0,484.733355253935,23.5530834645033,39.9097130894661,0,0,0,0,0,48.2336301207542,0,54.4760714769363,0,0,0,0,0,0,0,0,0.167181327939034,0,0,69.4974752515554,0,0.179521322250366,0,35.2007997184992,0,0,0,5.79973559081554,0.931829363107681,4.36488410830498,0,0,0,0,0,1116.03908762336,1.11252653598785,0,0,0,0,82.3990163803101,0,0,0,0,0,0,27.2031413018703,0,11.2520198822021,0,0,0,0,0,0,0,0,0,0.960981294512749,0,84.9896536767483,1067.10567870736,6.86873099207878,108.112114757299,0,8.50148528814316
0.629057973623276,177.975427299738,0,48.5092075169086,0,238.091816484928,0,0,0.276114761829376,0,0,0,0,0,3.24352145195007,265.325649738312,226.21150149405,1271.72203190625,124.475383162498,0,0,0,0,127.220366954803,0,19.6077286452055,1.31260526180267,0,0,0,0,0,0,0,0,0,0,178.113647595048,0,1.58022391796112,1.84018765389919,27.0011847317219,1.39186823368073,0,0,1.70995272696018,18.2488251626492,0,0,9.70057095587254,0,0,0,0,0,829.320914357901,0,0,0,0,0,30.4088847488165,1.09269058704376,6.38125143200159,0,0,37.6107993125916,0,6.01199862360954,0,0,0,0,0,0,0,0,0,8.19715183973312,48.3147024810314,172.105797991157,3.95863831043243,1133.38433988392,62.0572993457317,125.540009044111,0.359884098172188,0
0,0,0,0,0,0,37.6882816553116,0,0,0,0,0,128.135266840458,0,0,0,0,0,0,0,121.968140602112,0,0,0,0,0,0,0,0,0,284.0179656744,0,0,0,0,0,736.849940568209,0,899.373867332935,0,0,0,0,0,0,0,0,0,0,0,0,0,48.9380018413067,0,0,0,1004.01977346838,0,14.8656683862209,0,0,0,0,63.9766898155212,0,0,0,0,0,0,0,27.9156117141247,0,88.5253875851631,0,0,0,0,0,35.7737445235252,0,0,25.3528841733932,0,17.0341520309448,0,0
0,0,0,0,0,0,0,53.3690313696861,0,0,0,0,0,23.8097448348999,0,0,0,0,0.199710384011269,948.509671032429,0,0,0,0,0,0,0,0,0,132.764020651579,0,0,0,0,0,0,0,590.382229804993,0,1.27117162197828,0,2.59269273281097,0,0,0,9.7282200306654,0,0.440118595957756,0,4.71454921364784,0,0,0,6.25062453746796,0,0,0,993.275007098913,0,3,0,0,380.530305922031,0,0,0,0,0,0,0,0,0,3.21235118806362,0,0,0,0,0,110.122895658016,0.248985856771469,129.394938141108,0,162.872047573328,0,20.9120059758425,0,0
0,0,0,0,0,0,0,0,0,0,128.135266840458,0,0,0,0,0,0,0,0,0,0,0,0,0,0,0,0,0,0,0,0,0,0,0,0,0,0,0,0,0,0,0,0,0,0,0,0,0,0,0,0,0,0,0,0,0,120.88818114996,0,422.240624040365,0,0,0,0,0,0,0,0,0,0,0,0,38.0571181774139,0,0,0,0,0,0,0,0,0,0,0,0,0,0,0
0,0,0,0,0,1,0,0,0,0,0,23.8097448348999,0,0,0,65.4704080820084,0,1.16069412231445,0,0,0,0,0,0,0,26.6724115610123,0,15.3260608911514,0,0,0,0,0,0,0,0,0,0,0,0,0,0,0,0,0,0,0,0,0,0,0,0,0,0,0,0,0,52.2708126306534,0,458.052477240562,0,7.18007957935333,0,0,0,0,0,0,23.3320515155792,0,0,0,0,0,0,0,0,0,0,0,0,0,51.9025790095329,8.33666294813156,0,0,0
0,0,0,0,0,0,0,0,98.6485120654106,3.24352145195007,0,0,0,0,0,0,9.07750922441483,2.11698985099792,6.35991412401199,0,0,0,0,0,2.79195421934128,0,14.3136931061745,0,0,0,0,0,0,0,0,0,0,0,0,0,0,0,0,0,0,0,0,0,0,0,0,0,0,0,38.6542902290821,0,0,0,11.8485932946205,0,4.08044070005417,0,0,0,0,0,0,2.54096245765686,0,0,0,0,0,0,0,0,0,0,0,0.191997930407524,0,0,3.17744553089142,0,0,0,0
0,0,0,0,0,0,0,0,0,265.325649738312,0,0,0,65.4704080820084,0,0,48.9967594742775,616.348454967141,4.67842398583889,0,0,0,0,0,0,7.95175017416477,0,2.48533272743225,0,0,0,0,0,0,0,0,0,0,0,0,0,0,0,0,0,0,0,0,0,0,0,0,0,0,0,159.299615234137,0,0,0,14.5990455150604,0,30.9395008683205,0,0,0,0,0,0,35.6985735297203,0,0,0,0,0,0,0,0,0,0,0,0,0,290.341905876994,32.7045557796955,0,0,0
7.22861994802952,0.951834082603455,0,0,0,0,0,0,484.733355253935,226.21150149405,0,0,0,0,9.07750922441483,48.9967594742775,0,13865.6509675682,7106.11445824057,0,0,0,229.011951178312,19.7822608649731,257.407122552395,50.0697019696236,217.465918183327,0,0,0,0,0,0,0,0,0,0,0,0,19.1438160836697,22.1159204691648,22.2190322130919,52.9562084451318,4.80722963809967,0.655964180827141,8.85343641042709,60.5655220896006,0,0.640407592058182,1.06878763437271,0,0,0,0,0,80.6808975338936,0.278693437576294,6.9199003726244,0,0,0,0.361245155334473,13.2019716128707,20.718807965517,0,145.911147594452,0,0,2.10460245609283,101.326361507177,0,0,0.665953129529953,3.19344753026962,0,0,0,0,83.2847060188651,240.990657746792,22.5505141019821,43.1775110736489,20611.6602089703,3802.51952858269,101.152780532837,2.43741174042225,10.9666281491518
1.63455912470818,2.94033315777779,0,0.722186729311943,0,0,0,0,23.5530834645033,1271.72203190625,0,0,0,1.16069412231445,2.11698985099792,616.348454967141,13865.6509675682,0,7558.66180416197,0,0,233.782961636782,0,240.821242034435,1.57310557365417,1195.20630137622,14.7499438524246,30.1905519366264,0,0,0,0,0,0,0,0,0,0,0,66.513934276998,25.3637729436159,76.9372668862343,27.0257015228271,0.852636426687241,0.20615229010582,25.5707814395428,25.0987560078502,0.487624064087868,0.187595903873444,1.51852897554636,0,0,0,0,0,421.579267397523,0,21.0008997172117,0,0,0,161.279386848211,18.6289660856128,33.9242895171046,0,0,5.77995574474335,0,100.262045055628,3.59702223539352,0,0,3.42184783518314,1.64779144525528,0,0,0,0,270.332850262523,186.445351518691,103.567033074796,29.4658762514591,20839.1704147458,8548.80751685798,135.996742300689,21.8617753610015,11.2865176647902
5.13899704813957,4.18502849340439,2.95488786697388,0,1.79993438720703,2.4044015109539,0,0,39.9097130894661,124.475383162498,0,0.199710384011269,0,0,6.35991412401199,4.67842398583889,7106.11445824057,7558.66180416197,0,0,0,0,0,4.70439681410789,3.95184898376465,3.58144716918468,1.72599422931671,0,0,0,0,0,0,0,0,0.143301069736481,2.93651276826859,0,1.41237413883209,422.124037913978,240.935003854334,523.973309323192,494.747122175992,31.5101338624954,3.87298455834389,251.57320818305,449.325462155044,6.51681505143642,10.010078728199,17.1561238467693,0,0,0,0,3.17043018341064,25.7516955435276,0.132344797253609,98.6775798946619,0,0,0,0,110.315105810761,169.483767598867,0,0,0,0,1.7045658826828,0,0,0,40.5335407480597,71.3238610178232,0,0,0,0,1647.7137479037,2066.35974523425,737.676622465253,556.852313697338,8587.57587682456,182.151404947042,1421.18586084247,84.672352835536,106.063544206321
0,0,0,0,0,9.99063132703304,0,29.6014575958252,0,0,0,948.509671032429,0,0,0,0,0,0,0,0,0,0,0,0,0,0,0,0,0,0,0,0,0,0,0,337.714207917452,0,91.4141253829002,0,3.72245195508003,0,1.91098335385323,0,0,0,75.7170145511627,0,3.11824661493301,0,12.8125279694796,0,0,0,0,0,0,0,79.5300587415695,0,0,0,0,1437.99185109138,0,0,0,0,0,0,0,0,0,7.06622599065304,0,0,0,0,0,798.762268677354,0.22751085460186,177.407702296972,0,804.759332835674,6.39375707507133,27.0049065947533,0.898113429546356,0
0,0,0,0,142.034842848778,0,0,0,0,0,121.968140602112,0,0,0,0,0,0,0,0,0,0,0,0,0,0,0,0,0,0,0,0,0,0,0,0,0,647.560966059566,0,785.146352425218,0,0.760850608348846,0,4.91009072959423,0,0,0,74.2973668277264,0,4.78442272543907,0.55445009469986,0,0,0,0,0,0,0,0,0,0,0,0,0,803.520270004869,0,0,0,0,0,0,0,0,0,0.678987741470337,0,0,0,0,0,429.037696421146,0,283.733245015144,161.860575452447,0,101.94354827702,0,0
0,0,0,0,0,0,0,0,0,0,0,0,0,0,0,0,0,233.782961636782,0,0,0,0,318.828813612461,229.467791825533,0,8.49098327755928,0,9.49057579040527,0,0,0,0,0,0,0,0,0,807.199835658073,0,0,0,0,0,0,0,0,0,0,0,13.7501842081547,0,0,0,0,0,0,0,0,0,0,0,0,0,0,5691.34699784219,15.4443965554237,92.2583813965321,0,20.1867776811123,0,0,0,0,0,0,0,0,0,0,0,108.980740532279,0,857.474540501833,182.76570430398,0,0,0
0,0,0,0,0,0,0,0,0,0,0,0,0,0,0,0,229.011951178312,0,0,0,0,318.828813612461,0,0,161.473813936114,0,33.7441873550415,0,445.461966663599,0,0,0,0,0,0,0,0,0,591.861498102546,0,0,0,0,0,0,0,0,0.69071900844574,12.8416467308998,0,0,0,0,0,0,0,0,0,0,0,0,0,0,0,8.94705748558044,5993.01078373194,0,76.2299741506577,0,4.1665221452713,0,113.425577759743,0,0,0,0,0,0,0,0,0,374.332123681903,684.502421483397,383.95165514946,0.771488070487976,0,0
0,0,0,0,0,0,0,0,0,127.220366954803,0,0,0,0,0,0,19.7822608649731,240.821242034435,4.70439681410789,0,0,229.467791825533,0,0,0,131.432879686356,0,0,0,0,0,0,0,0,0,0,0,630.804776728153,0,0,0,0,0,0,0,0,0,0,0,42.7327662706375,0,0,0,0,0,54.0506138205528,0,0,0,0,0,0,0,0,115.144707798958,0,636.819204241037,0,15.3766631782055,0,0,0,0,0,0,0,0,0,0.946104884147644,0,105.383180826902,0,516.919364988804,2.13580483198166,26.7809940874577,0,0
0,0,0,0,0,0,0,0,48.2336301207542,0,0,0,0,0,2.79195421934128,0,257.407122552395,1.57310557365417,3.95184898376465,0,0,0,161.473813936114,0,0,0,54.725109577179,0,0,0,0,0,0,0,0,0,0,0,340.738494411111,0,0,0,0,0,0,0,0,0,0,0,0,0,0,0,183.093631118536,0,0,0,0,0,0,0,0,0,0,149.576083242893,0,1009.9058161974,0,89.3383291363716,0,0,0,0,0,0,0,0,0,0,0,19.696441590786,581.439363479614,0,3.56952786445618,0,0
0,0,0,0,0,0,0,0,0,19.6077286452055,0,0,0,26.6724115610123,0,7.95175017416477,50.0697019696236,1195.20630137622,3.58144716918468,0,0,8.49098327755928,0,131.432879686356,0,0,0,26.3353865742683,0,0,0,0,0,0,0,0,0,0,0,0,0,0.15736012160778,0,0,0,0,0,0,0,0,0,0,0,0,0,10.8695684671402,0,0,0,0,0,4.35862484574318,0,0,0,0,0,0,561.680560827255,0,0,0,0,0,0,0,0,0,1.77856141328812,0,0,0,341.740504965186,73.1878396868706,0,0,0
0,0,0,0,0,0,0,0,54.4760714769363,1.31260526180267,0,0,0,0,14.3136931061745,0,217.465918183327,14.7499438524246,1.72599422931671,0,0,0,33.7441873550415,0,54.725109577179,0,0,0,37.8722799420357,0,0,0,0,0,0,0,0,0,0,0,0,0,0,0,0,0,0,0,0,0,0,0,0,0,40.7208520770073,0,0,0,0,0,0,0,0,0,0,41.3370940983295,0,18.14475274086,0,66.369916498661,0,23.9805936217308,0,0,0,0,0,0,0,0,0,0,135.848752468824,0.929653108119965,0,0,0
0,0,0,0,0,0,0,0,0,0,0,0,0,15.3260608911514,0,2.48533272743225,0,30.1905519366264,0,0,0,9.49057579040527,0,0,0,26.3353865742683,0,0,0,49.7720215320587,0,0,0,0,0,0,0,4.52995383739471,0,0,0,0,0,0,0,0,0,0,0,0,0,0,0,0,0,0,0,0,0,1.14571070671082,0,0,0,0,3.02696484327316,0,0,0,118.294180870056,0,941.115626692772,0,0,0,0,0,0,0,0,0,29.7891028821468,0,6,1.08750259876251,0,0,0
0,0,0,0,0,0,0,0,0,0,0,0,0,0,0,0,0,0,0,0,0,0,445.461966663599,0,0,0,37.8722799420357,0,0,0,93.1124792098999,0,0,0,0,0,0,0,40.8704700469971,0,0,0,0,0,0,0,0,0,0,0,0,0,0,0,0,0,0,0,165.093740582466,0,0,0,0,0,0,184.883619606495,0,0,0,10.5448070764542,0,1129.82029527426,0,0,0,0,0,0,0,0,0,3.50248920917511,89.7815314233303,5.90443277359009,0,0,0
0,0,0,0,0,0,0,0,0,0,0,132.764020651579,0,0,0,0,0,0,0,0,0,0,0,0,0,0,0,49.7720215320587,0,0,0,0,0,0,0,0,0,229.142221421003,0,0,0,0,0,0,0,0,0,0,0,0,0,0,0,0,0,0,0,16.3538253903389,0,0,0,0,0,0,0,0,0,0,0,0,0,0,143.942133381963,0,0,0,0,0,0,0,87.5657458603382,0,1,0,0,0,0
0,0,0,0,0,0,0,0,0,0,284.0179656744,0,0,0,0,0,0,0,0,0,0,0,0,0,0,0,0,0,93.1124792098999,0,0,0,0,0,0,0,0,0,623.34874945879,0,0,0,0,0,0,0,0,0,0,0,0,0,0,0,0,0,20.0320996642113,0,0,0,0,0,0,0,0,0,0,0,0,0,0,52.1087322384119,0,674.494364589453,0,0,0,0,0,0,0,86.6022644639015,17.9607470631599,0,0,0,0
0,0,0,0,0,0,0,0,0,0,0,0,0,0,0,0,0,0,0,0,0,0,0,0,0,0,0,0,0,0,0,0,202.653467327356,4.11034149676561,0,440.303744018078,0,0,0,0,0,0,0,0,0,0,0,472.96608376503,0,0,0,0,0,0,0,0,0,0,0,0,0,0,0,0,0,0,0,0,0,0,0,0,0,0,1895.53269449621,153.128524780273,172.93846899271,0,232.29164416343,0,0,0,612.580586791039,0,0,0,0
0,0,0,0,0,0,0,0,0,0,0,0,0,0,0,0,0,0,0,0,0,0,0,0,0,0,0,0,0,0,0,202.653467327356,0,0,25.0129488110542,0,106.258277535439,0,0,0,0,0,0,0,0,0,0,202.675504207611,0,0,0,0,0,0,0,0,0,0,0,0,0,0,0,0,0,0,0,0,0,0,0,0,0,0,250.813217997551,2416.67364897579,0,84.2016058266163,0,10.3429062366486,0,0,688.652184069157,0,0,0,0
0,0,0,0,0,0,0,0,0,0,0,0,0,0,0,0,0,0,0,0,0,0,0,0,0,0,0,0,0,0,0,4.11034149676561,0,0,1199.90962100029,1569.77514368296,0,222.883719265461,0,0,0,0,0,0,0,0,0,2611.16073295474,0.307631343603134,3.34705287218094,0,0,0,0,0,0,0,0,0,0,0,0,0,0,0,0,0,0,0,0,0,0,0,0,5.71646612882614,0,3366.42483903468,296.291538894176,753.714653387666,0,407.041314125061,0.998819410800934,463.726470828056,0,0,0,0
0,0,0,0,0,0,0,0,0,0,0,0,0,0,0,0,0,0,0,0,0,0,0,0,0,0,0,0,0,0,0,0,25.0129488110542,1199.90962100029,0,0,543.828607261181,8.15071678161621,573.67914891243,0,0,0,0,0,0,0,0,2626.92947666347,0,0.359924107789993,0,0,0,0,0,0,0,0,0,0,0,0,0,0,0,0,0,0,0,0,0,0,0,0,0,83.1083496809006,437.008088454604,2403.46193063259,0,469.659775540233,0,214.944914087653,618.758737385273,2.70122814178467,0,0,0
0,0,0,0.197371140122414,0,48.0092346072197,0,0,0.167181327939034,0,0,0,0,0,0,0,0,0,0.143301069736481,337.714207917452,0,0,0,0,0,0,0,0,0,0,0,440.303744018078,0,1569.77514368296,0,0,434.876331061125,1128.88412329555,0,3.71807392686605,1.02385284006596,12.3325150460005,9.0563377737999,0,0,30.7196415960789,1.36016267538071,24.4607605785131,5.168930336833,34.3572300747037,0,0,0,0,0,0,0,1.6314590126276,0,0,0,0,155.621630638838,0.164167135953903,0,0,0,0,0,0,0,0,0.813361704349518,0,8.05817031860352,0,43.7637839913368,0,9618.67722421885,49.5676534920931,281.467449560761,0.382761806249619,2252.36662888527,196.095334470272,132.764888614416,0.388854891061783,0.131588250398636
0,0,0.4546018242836,0,53.8614095002413,0,0,0,0,0,736.849940568209,0,0,0,0,0,0,0,2.93651276826859,0,647.560966059566,0,0,0,0,0,0,0,0,0,0,0,106.258277535439,0,543.828607261181,434.876331061125,0,0,627.821170672774,0,3.06262096762657,0,9.09856072068214,0,0,0,35.6890779733658,100.52721208334,66.0163631141186,4.39795541763306,0,0,0,0,0,0,3.6650875210762,0,0,0,0,0,0,355.765639871359,0,0,0,0,0,0,0,0,0,2.37305000424385,0,7.82176172733307,0,65.1379968523979,98.659060806036,10008.9233016074,0,871.596090093255,1400.59696932137,118.990568459034,131.967582412064,0,0.198895201086998
0,0,0,0.204955101013184,0,0,0,0,0,178.113647595048,0,590.382229804993,0,0,0,0,0,0,0,91.4141253829002,0,807.199835658073,0,630.804776728153,0,0,0,4.52995383739471,0,229.142221421003,0,0,0,222.883719265461,8.15071678161621,1128.88412329555,0,0,102.399978995323,0,0,7.01505592465401,0,0,0,0.223251655697823,0,1685.27421832085,0,244.786616951227,0,0,0,0,0,19.0034839808941,0,60.6459116637707,0,0,0,0,23.2322785556316,0,258.397589057684,0,222.14944049716,0,0,0,122.436442479491,0,33.8566267639399,0,0,0,84.3896955251694,0.851720929145813,380.228314124048,0,9863.04651553929,7.84004068374634,923.987663075328,80.2136333882809,123.288842596114,0,0
0,0,0.487703591585159,0,0,0,0,0,69.4974752515554,0,899.373867332935,0,0,0,0,0,0,0,1.41237413883209,0,785.146352425218,0,591.861498102546,0,340.738494411111,0,0,0,40.8704700469971,0,623.34874945879,0,0,0,573.67914891243,0,627.821170672774,102.399978995323,0,0,0,0,3.28624096512794,0,1.15848469734192,0,7.56370823085308,1695.49074521661,82.0774952769279,0,0,0,0,0,53.2482796609402,0,330.672848641872,0,0,0,0,0,0,200.684701800346,0,147.219954490662,0,1104.59240320325,0,0,0,182.945145964622,0,684.943634450436,0,0,0,63.507898658514,0.16653099656105,284.989526838064,0.351964086294174,13503.5028370768,1855.14042498171,516.56750074029,139.843814820051,0,1.15540707111359
0,0.354957461357117,0,1.32886397838593,0,44.2905926182866,0,0,0,1.58022391796112,0,1.27117162197828,0,0,0,0,19.1438160836697,66.513934276998,422.124037913978,3.72245195508003,0,0,0,0,0,0,0,0,0,0,0,0,0,0,0,3.71807392686605,0,0,0,0,8.08401794731617,1465.18963835388,20.5177070200443,24.6517121642828,1.38909518718719,333.331219770014,13.2494300454855,79.9586268365383,5.80663585662842,525.970290154219,0,0,0,0,0,0,0,56.650726094842,0,0,0,0,177.80398195982,2.85637427866459,0,0,0,0,0,0,0,0,15.1811589673162,0.589132130146027,0,0,1.36867415904999,0,963.855085171759,58.7998611330986,107.516159877181,13.4705817550421,272.400543600321,3.15491919219494,774.898655228317,27.0015137046576,4.77872589230537
0,0.403892502188683,0.776019111275673,0.563967883586884,4.2352754175663,0.176711395382881,0,0,0.179521322250366,1.84018765389919,0,0,0,0,0,0,22.1159204691648,25.3637729436159,240.935003854334,0,0.760850608348846,0,0,0,0,0,0,0,0,0,0,0,0,0,0,1.02385284006596,3.06262096762657,0,0,8.08401794731617,0,7.17907048016787,1194.28119939566,0,2.75624148547649,4.96274252980947,325.604145124555,53.1753356605768,436.931463032961,7.3835620880127,0,0,0,0,0,0,0.327279821038246,1.42321653664112,0,0,0,0,2.03144876658916,87.640669323504,0,0,0,0,0,0,0,0,1.63069742918015,17.0289047509432,0,0,0,0,15.2107683494687,315.520052738488,4.81663021445274,45.3521642833948,179.784706421196,0,754.54521894455,2.86879153549671,45.6683643907309
0,22.2622333168983,0,117.416212111712,0.263437241315842,24.6956489384174,0,0,0,27.0011847317219,0,2.59269273281097,0,0,0,0,22.2190322130919,76.9372668862343,523.973309323192,1.91098335385323,0,0,0,0,0,0.15736012160778,0,0,0,0,0,0,0,0,0,12.3325150460005,0,7.01505592465401,0,1465.18963835388,7.17907048016787,0,293.489755108953,59.084343880415,0,315.441564410925,14.4019692540169,157.597345158458,5.16960018873215,189.972811579704,0,0,0,0,0,0,0.146124303340912,2308.84164687991,0,0,0,0,961.279272191226,7.98231093585491,0,0,0,0,0,0,0.402712687849998,0,161.473812669516,0.310454681515694,0,0,0.62138444185257,0,2289.48798587173,33.6774486452341,739.929228574038,12.8302693963051,882.510893911123,0.607199758291245,2934.48493519425,733.756530560553,5.61858940124512
48.8909483700991,0.18181686103344,59.1506574675441,0.538034379482269,33.755129262805,0,0,0,35.2007997184992,1.39186823368073,0,0,0,0,0,0,52.9562084451318,27.0257015228271,494.747122175992,0,4.91009072959423,0,0,0,0,0,0,0,0,0,0,0,0,0,0,9.0563377737999,9.09856072068214,0,3.28624096512794,20.5177070200443,1194.28119939566,293.489755108953,0,0.447859793901443,6.30721440911293,10.5161629617214,205.571797713637,34.5938164666295,355.888945288956,4.33942443877459,0,0,0,0,1.78922653198242,0,2.37314721941948,8.39353148639202,0,0,0,0,3.98342674970627,348.117069810629,0,0,0,0,0,0,0.193745225667953,0,1.47285775840282,251.272327139974,0,0,0,0,43.6121876314282,2592.72192572057,21.1559504196048,510.402869746089,897.974163584411,8.12915854156017,6221.24176248163,4.42471317946911,783.056955449283
0,0,0,0,0,0,0,0,0,0,0,0,0,0,0,0,4.80722963809967,0.852636426687241,31.5101338624954,0,0,0,0,0,0,0,0,0,0,0,0,0,0,0,0,0,0,0,0,24.6517121642828,0,59.084343880415,0.447859793901443,0,0,1.75014710426331,0,0.992760568857193,0,2.33494603633881,0,0,0,0,0,0,0,87.1827753633261,0,0,0,0,3.59484884887934,1.47969079017639,0,0,0,0,0,0,0,0,27.3542021363974,0,0,0,0,0,179.828501559794,3.56269106268883,381.583100944757,0,12.9568275660276,0,83.7274079173803,3.06582620739937,0
0,0,3.20855224132538,0,0.248723983764648,0,0,0,0,0,0,0,0,0,0,0,0.655964180827141,0.20615229010582,3.87298455834389,0,0,0,0,0,0,0,0,0,0,0,0,0,0,0,0,0,0,0,1.15848469734192,1.38909518718719,2.75624148547649,0,6.30721440911293,0,0,0.567949116230011,6.84720066189766,0,1.07439102232456,0,0,0,0,0,0,0,0,0.502575278282166,0,0,0,0,0,2.27051028609276,0,0,0,0,0,0,0,0,0,13.5955675542355,0,0,0,0,0,37.1583325862885,0,92.1158583909273,3.99821165204048,0,99.4586024880409,0,3.18703281879425
0,4.92634457349777,0,59.4518101662397,0,418.599081084132,0,0,0,1.70995272696018,0,9.7282200306654,0,0,0,0,8.85343641042709,25.5707814395428,251.57320818305,75.7170145511627,0,0,0,0,0,0,0,0,0,0,0,0,0,0,0,30.7196415960789,0,0.223251655697823,0,333.331219770014,4.96274252980947,315.441564410925,10.5161629617214,1.75014710426331,0.567949116230011,0,4.7038309276104,38.6219598278403,5.21094512939453,219.779977023602,0,0,0,0,0,0,0,267.949300721288,0,0,0,0,652.110816821456,4.75162214040756,0,0,0,0,0,0,0,0,85.9286413639784,1.44307518005371,0,0,0,0,1892.16368091106,38.8192639574409,658.424188368022,7.34938019514084,329.613008871675,5.13871020078659,1292.57322588563,30.2457306683064,0
0.239978849887848,0.312852144241333,2.66481368243694,0,68.9898884743452,0.186481684446335,0,0,5.79973559081554,18.2488251626492,0,0,0,0,0,0,60.5655220896006,25.0987560078502,449.325462155044,0,74.2973668277264,0,0,0,0,0,0,0,0,0,0,0,0,0,0,1.36016267538071,35.6890779733658,0,7.56370823085308,13.2494300454855,325.604145124555,14.4019692540169,205.571797713637,0,6.84720066189766,4.7038309276104,0,25.707152813673,205.061357364058,9.85976937413216,1.18341316282749,0,0,0,0,0,8.48319833725691,4.1687513589859,0,0,0,0,1.45590351521969,1614.24881486595,0,0,0,0,0,0,0,0,1.62256026268005,96.6486400216818,0,0,0,0.860777139663696,42.4966737553477,2322.50149404258,5.69472649693489,720.219980038702,379.018719874322,13.233178794384,1524.4879353866,0.165147885680199,19.6547715365887
0.378159463405609,0,0.939357295632362,1.0558052957058,3.59015065431595,15.6765940263867,0,0,0.931829363107681,0,0,0.440118595957756,0,0,0,0,0,0.487624064087868,6.51681505143642,3.11824661493301,0,0,0.69071900844574,0,0,0,0,0,0,0,0,472.96608376503,202.675504207611,2611.16073295474,2626.92947666347,24.4607605785131,100.52721208334,1685.27421832085,1695.49074521661,79.9586268365383,53.1753356605768,157.597345158458,34.5938164666295,0.992760568857193,0,38.6219598278403,25.707152813673,0,964.86062939465,2188.41254751384,0,0,0,0,0,0,0,7.72373759746552,0,0,0,0,6.46085147559643,2.347347676754,0,0,0,0,0,0,9.29579861462116,0,0.801202058792114,0,380.584387026727,210.027026742697,4404.83853758872,1139.71556533873,259.392391018569,557.985919229686,316.069518327713,73.930361032486,1620.27286288142,10.0422764122486,1899.14001635462,0,0.36971515417099
104.868536993861,0,8.9543397128582,0,26.3832033723593,0,0,0,4.36488410830498,0,0,0,0,0,0,0,0.640407592058182,0.187595903873444,10.010078728199,0,4.78442272543907,0,12.8416467308998,0,0,0,0,0,0,0,0,0,0,0.307631343603134,0,5.168930336833,66.0163631141186,0,82.0774952769279,5.80663585662842,436.931463032961,5.16960018873215,355.888945288956,0,1.07439102232456,5.21094512939453,205.061357364058,964.86062939465,0,152.10901466012,0,0,0,0,63.3965227603912,0,0.248898714780807,0.353372663259506,0,0,0,0,0,22.7651458159089,0,323.373719617724,0,0,0,0,0,0,0,28.8732139468193,0,0,5.36347450315952,0.548076450824738,2.65780048072338,286.744670405984,1.12719790637493,238.021791741252,270.6996557042,6.25194215774536,907.857074566185,0,6.69911150634289
0,275.758014634252,0,135.349010184407,4.3445075750351,87.1074935123324,0,0,0,9.70057095587254,0,4.71454921364784,0,0,0,0,1.06878763437271,1.51852897554636,17.1561238467693,12.8125279694796,0.55445009469986,13.7501842081547,0,42.7327662706375,0,0,0,0,0,0,0,0,0,3.34705287218094,0.359924107789993,34.3572300747037,4.39795541763306,244.786616951227,0,525.970290154219,7.3835620880127,189.972811579704,4.33942443877459,2.33494603633881,0,219.779977023602,9.85976937413216,2188.41254751384,152.10901466012,0,0,0.208530321717262,0,0,0,3.46404781937599,0,73.3106166496873,0,46.2944305837154,0,10.1551723182201,34.6089863032103,0.597113154828548,61.8111335635185,0,49.2460079193115,0,0.381404161453247,0,193.884387731552,0,47.6492355167866,0,0,0,32.3164064884186,0,132.969233028591,1.39696618914604,779.210728652775,0.620358511805534,329.513428159058,1.95519098639488,1101.34349709004,3.84647999703884,0.297693625092506
0.73541134595871,0,64.7191323339939,0,81.8447542488575,0,54.0564162731171,0,0,0,0,0,0,0,0,0,0,0,0,0,0,0,0,0,0,0,0,0,0,0,0,0,0,0,0,0,0,0,0,0,0,0,0,0,0,0,1.18341316282749,0,0,0,0,0,4.94568252563477,0,33.4737649559975,0,0,0,0,0,73.2131431102753,0,0,0,0,0,0,0,0,0,0,0,0,0,0,0,0,0,0,0,0,0,1,0,31.8917764872313,0,0
0,0,0,5.82924419641495,0,383.015407502651,0,0,0,0,0,0,0,0,0,0,0,0,0,0,0,0,0,0,0,0,0,0,0,0,0,0,0,0,0,0,0,0,0,0,0,0,0,0,0,0,0,0,0,0.208530321717262,0,0,0,14.7569212913513,0,0,0,0,0,14.1598513126373,0,19.0850283503532,1.04414561390877,0,0,0,0,0,0,0,0,0,0,0,0,0,0,0,0.148192793130875,0,0,0,0,0,2.84697568416595,0,0
0,0,0,0,0,0,137.193496078253,0,0,0,48.9380018413067,0,0,0,0,0,0,0,0,0,0,0,0,0,0,0,0,0,0,0,0,0,0,0,0,0,0,0,0,0,0,0,0,0,0,0,0,0,0,0,4.94568252563477,0,0,0,0,0,41.426928371191,0,0,0,0,0,0,0,0,0,0,0,0,0,0,0,0,0,0,0,0,0,0,0,0,0,0,0,0,0,0
0,0,0,0,0,7.3856782913208,0,126.449774444103,0,0,0,6.25062453746796,0,0,0,0,0,0,0,0,0,0,0,0,0,0,0,0,0,0,0,0,0,0,0,0,0,0,0,0,0,0,0,0,0,0,0,0,0,0,0,14.7569212913513,0,0,0,0,0,0,0,13.4973573684692,0,0,0,0,0,0,0,0,0,0,0,0,0,0,0,0,0,0,0,0,0,0,0,0,0,0,0
449.154919445515,0,200.969436645508,0,0,0,0,0,1116.03908762336,0,0,0,0,0,38.6542902290821,0,0,0,3.17043018341064,0,0,0,0,0,183.093631118536,0,40.7208520770073,0,0,0,0,0,0,0,0,0,0,0,53.2482796609402,0,0,0,1.78922653198242,0,0,0,0,0,63.3965227603912,0,33.4737649559975,0,0,0,0,0,0,0,0,0,108.558297067881,0,0,0,0,0,0,388.859567850828,0,0,0,0,0,0.673769354820251,0,0,0,0,0,0,0,164.322319298983,98.4546167105436,0,31.1195016801357,0,0
0,292.309334814548,0,8.10150097310543,0,0.542504966259003,0,0,1.11252653598785,829.320914357901,0,0,0,0,0,159.299615234137,80.6808975338936,421.579267397523,25.7516955435276,0,0,0,0,54.0506138205528,0,10.8695684671402,0,0,0,0,0,0,0,0,0,0,0,19.0034839808941,0,0,0,0,0,0,0,0,0,0,0,3.46404781937599,0,0,0,0,0,0,0,0,0,0,0,45.8237754106522,0,0,0,0,18.1886856257915,0,0,0,0,0,0,0,0,0,0,0,0,0,149.75265352428,0,373.729639723897,6.55233514308929,13.9888954609632,0,0
0,0,1.69444525241852,0,0.263666719198227,0,29.0495693385601,0,0,0,1004.01977346838,0,120.88818114996,0,0,0,0.278693437576294,0,0.132344797253609,0,0,0,0,0,0,0,0,0,0,0,20.0320996642113,0,0,0,0,0,3.6650875210762,0,330.672848641872,0,0.327279821038246,0.146124303340912,2.37314721941948,0,0,0,8.48319833725691,0,0.248898714780807,0,0,0,41.426928371191,0,0,0,0,0,40.24674667418,0,0.882354140281677,0,0,55.3704335987568,0,0,0,0,0,0,0,136.920221269131,0,459.563622772694,0,0,0,0,0,0.170002609491348,0,2.26247990131378,0.861724734306335,0,66.3152832090855,0,2.62142777442932
0,0,0,27.9756165593863,0,4.70096012949944,0,0,0,0,0,993.275007098913,0,52.2708126306534,0,0,6.9199003726244,21.0008997172117,98.6775798946619,79.5300587415695,0,0,0,0,0,0,0,0,0,16.3538253903389,0,0,0,0,0,1.6314590126276,0,60.6459116637707,0,56.650726094842,1.42321653664112,2308.84164687991,8.39353148639202,87.1827753633261,0.502575278282166,267.949300721288,4.1687513589859,7.72373759746552,0.353372663259506,73.3106166496873,0,0,0,0,0,0,0,0,0,173.090990155935,0,0,1368.7822188735,0.369514502584934,0,0,0,0,0,0,0,0,130.854383736849,0.377259388566017,0,0,0,0,90.1644768863916,13.8794790431857,40.590908177197,2.06051421165466,98.2379350811243,0.222127705812454,1175.55557029694,336.486532233655,1.80501785874367
0,0,0.404809832572937,0,0,0,0,0,0,0,14.8656683862209,0,422.240624040365,0,11.8485932946205,0,0,0,0,0,0,0,0,0,0,0,0,0,165.093740582466,0,0,0,0,0,0,0,0,0,0,0,0,0,0,0,0,0,0,0,0,0,0,0,0,0,0,0,40.24674667418,0,0,0,81.6334489881992,0,0,0,0,0,0,0,0,0,0,181.66734161973,0,0,0,0,0,0,0,0,0,0,0,0,0,0,0
0,0,0,0,0,52.9745652675629,0,0,0,0,0,3,0,458.052477240562,0,14.5990455150604,0,0,0,0,0,0,0,0,0,0,0,1.14571070671082,0,0,0,0,0,0,0,0,0,0,0,0,0,0,0,0,0,0,0,0,0,46.2944305837154,0,14.1598513126373,0,13.4973573684692,0,0,0,173.090990155935,0,0,0,14.1482256352901,0,0,0,0,0,0,18.3681393861771,0,51.5860618650913,0,0,0,0,0,0,0,0,0,0,0,0,0,0,0,0
0,0,0,0,3.73084688186646,0,0,0,82.3990163803101,0,0,0,0,0,4.08044070005417,0,0,0,0,0,0,0,0,0,0,0,0,0,0,0,0,0,0,0,0,0,0,0,0,0,0,0,0,0,0,0,0,0,0,0,73.2131431102753,0,0,0,108.558297067881,0,0.882354140281677,0,81.6334489881992,0,0,0,0,0,0,0,0,0,0,73.2567657232285,0,0,0,0,0,0,0,0,0,0,0,0,0,0,0,0,0
0,234.896183982491,0,5.857854783535,0,0,0,0,0,30.4088847488165,0,0,0,7.18007957935333,0,30.9395008683205,0.361245155334473,161.279386848211,0,0,0,0,0,0,0,4.35862484574318,0,0,0,0,0,0,0,0,0,0,0,0,0,0,0,0,0,0,0,0,0,0,0,10.1551723182201,0,19.0850283503532,0,0,0,45.8237754106522,0,0,0,14.1482256352901,0,0,0,0,0,0,0,0,11.9063150882721,0,0,0,0,0,0,0,0,0,0,0,0,0,46.9799791425467,11.6163843870163,0,0,0
0,0.473057121038437,0,13.6447717249393,0,366.407748535275,0,0,0,1.09269058704376,0,380.530305922031,0,0,0,0,13.2019716128707,18.6289660856128,110.315105810761,1437.99185109138,0,0,0,0,0,0,0,0,0,0,0,0,0,0,0,155.621630638838,0,23.2322785556316,0,177.80398195982,2.03144876658916,961.279272191226,3.98342674970627,3.59484884887934,0,652.110816821456,1.45590351521969,6.46085147559643,0,34.6089863032103,0,1.04414561390877,0,0,0,0,0,1368.7822188735,0,0,0,0,0,6.22763182222843,0,0,0,0,0,0,0,0,332.069649584591,0,0,0,0,0,1716.41921658069,18.3701045438647,1784.99312535673,3.09258429706097,556.673880666494,0.845888465642929,662.171363510191,43.551001213491,1.389503441751
0,0,0.500040411949158,0,205.730288863182,0,0,0,0,6.38125143200159,63.9766898155212,0,0,0,0,0,20.718807965517,33.9242895171046,169.483767598867,0,803.520270004869,0,0,0,0,0,0,0,0,0,0,0,0,0,0,0.164167135953903,355.765639871359,0,200.684701800346,2.85637427866459,87.640669323504,7.98231093585491,348.117069810629,1.47969079017639,2.27051028609276,4.75162214040756,1614.24881486595,2.347347676754,22.7651458159089,0.597113154828548,0,0,0,0,0,0,55.3704335987568,0.369514502584934,0,0,0,0,6.22763182222843,0,0,0,0,0,0,0,0,0,0,167.379332691431,0,0,0,0,19.407058916986,2239.56037695706,4.13013203442097,780.697294056416,391.466874971986,5.88640494644642,1575.78391133249,0,12.737143933773
0,0,0,0,0,0,0,0,0,0,0,0,0,0,0,0,0,0,0,0,0,5691.34699784219,8.94705748558044,115.144707798958,0,0,0,3.02696484327316,0,0,0,0,0,0,0,0,0,258.397589057684,0,0,0,0,0,0,0,0,0,0,0,61.8111335635185,0,0,0,0,0,0,0,0,0,0,0,0,0,0,0,0,51.0598105192184,0,0,0,26.0383924543858,0,0,0,0,0,0,0,0,0,104.249375402927,0,74.361731171608,88.4623507261276,0,0,0
0,0,0,0,0,0,0,0,0,0,0,0,0,0,0,0,145.911147594452,0,0,0,0,15.4443965554237,5993.01078373194,0,149.576083242893,0,41.3370940983295,0,184.883619606495,0,0,0,0,0,0,0,0,0,147.219954490662,0,0,0,0,0,0,0,0,0,323.373719617724,0,0,0,0,0,0,0,0,0,0,0,0,0,0,0,0,0,0,53.607626080513,0,30.1155916452408,0,59.0693466663361,0,0,0,0,0,0,0,0,0,261.67702716589,79.0141723304987,9.73997473716736,0,0,0
0,19.4168441593647,0,0,0,0,0,0,0,37.6107993125916,0,0,0,0,0,0,0,5.77995574474335,0,0,0,92.2583813965321,0,636.819204241037,0,0,0,0,0,0,0,0,0,0,0,0,0,222.14944049716,0,0,0,0,0,0,0,0,0,0,0,49.2460079193115,0,0,0,0,0,18.1886856257915,0,0,0,0,0,0,0,0,51.0598105192184,0,0,0,0,0,0,0,0,0,0,0,0,0,0,0,303.012600049376,0,143.163384914398,0,254.428298532963,0,0
0,0,0,0,0,0,0,0,27.2031413018703,0,0,0,0,0,2.54096245765686,0,0,0,0,0,0,0,76.2299741506577,0,1009.9058161974,0,18.14475274086,0,0,0,0,0,0,0,0,0,0,0,1104.59240320325,0,0,0,0,0,0,0,0,0,0,0,0,0,0,0,388.859567850828,0,0,0,0,0,0,0,0,0,0,53.607626080513,0,0,0,0,0,0,0,0,0,0,0,0,0,0,0,723.780896946788,197.793404221535,0,121.286056041718,0,0
0,0,0,0,0,0,0,0,0,6.01199862360954,0,0,0,23.3320515155792,0,35.6985735297203,2.10460245609283,100.262045055628,1.7045658826828,0,0,20.1867776811123,0,15.3766631782055,0,561.680560827255,0,118.294180870056,0,0,0,0,0,0,0,0,0,0,0,0,0,0,0,0,0,0,0,0,0,0.381404161453247,0,0,0,0,0,0,0,0,0,18.3681393861771,0,11.9063150882721,0,0,0,0,0,0,0,0,7.55830019712448,0,0,0,0,0,0,0,0,0,0,0,22.9370805770159,3.3594234585762,0,0,0
0,0,0,0,0,0,0,0,11.2520198822021,0,0,0,0,0,0,0,101.326361507177,3.59702223539352,0,0,0,0,4.1665221452713,0,89.3383291363716,0,66.369916498661,0,10.5448070764542,0,0,0,0,0,0,0,0,0,0,0,0,0,0,0,0,0,0,0,0,0,0,0,0,0,0,0,0,0,0,0,73.2567657232285,0,0,0,0,30.1155916452408,0,0,0,0,0,144.099908322096,0,0,0,0,0,0,0,0,0,0,5.26943004131317,0,0,0,0
0,0,0,0,0,0,0,0,0,0,0,0,0,0,0,0,0,0,0,0,0,0,0,0,0,0,0,941.115626692772,0,0,0,0,0,0,0,0,0,122.436442479491,0,0,0,0.402712687849998,0.193745225667953,0,0,0,0,9.29579861462116,0,193.884387731552,0,0,0,0,0,0,0,0,0,51.5860618650913,0,0,0,0,26.0383924543858,0,0,0,7.55830019712448,0,0,0,6.29683399200439,0,0,0,0,0,0,0,320.004496484995,0,63.9401877969503,10.7843170166016,0.438641175627708,0,0
0,0,0,0,0,0,0,0,0,0,27.9156117141247,0,38.0571181774139,0,0,0,0,0,0,0,0,0,113.425577759743,0,0,0,23.9805936217308,0,1129.82029527426,0,52.1087322384119,0,0,0,0,0,0,0,182.945145964622,0,0,0,0,0,0,0,0,0,0,0,0,0,0,0,0,0,136.920221269131,0,181.66734161973,0,0,0,0,0,0,59.0693466663361,0,0,0,144.099908322096,0,0,0,446.960322991014,0,0,0,0,0,0,0,208.157916635275,5.98133540153503,0,0,0,0
0,0,0,0.931663110852242,0,0.780483782291412,0,0,0,0,0,3.21235118806362,0,0,0,0,0.665953129529953,3.42184783518314,40.5335407480597,7.06622599065304,0,0,0,0,0,0,0,0,0,143.942133381963,0,0,0,0,0,0.813361704349518,0,33.8566267639399,0,15.1811589673162,1.63069742918015,161.473812669516,1.47285775840282,27.3542021363974,0,85.9286413639784,1.62256026268005,0.801202058792114,0,47.6492355167866,0,0,0,0,0,0,0,130.854383736849,0,0,0,0,332.069649584591,0,0,0,0,0,0,0,6.29683399200439,0,0,0,0,0,0,0,29.4732673317194,2.91082003712654,250.60500253737,0.543606638908386,20.1708296984434,0,719.565310962498,61.1487523019314,0.146100983023643
0,0,18.1936107426882,0,6.61328303813934,0,0,0,0,0,88.5253875851631,0,0,0,0,0,3.19344753026962,1.64779144525528,71.3238610178232,0,0.678987741470337,0,0,0,0,0,0,0,0,0,674.494364589453,0,0,0,0,0,2.37305000424385,0,684.943634450436,0.589132130146027,17.0289047509432,0.310454681515694,251.272327139974,0,13.5955675542355,1.44307518005371,96.6486400216818,0,28.8732139468193,0,0,0,0,0,0.673769354820251,0,459.563622772694,0.377259388566017,0,0,0,0,0,167.379332691431,0,0,0,0,0,0,0,446.960322991014,0,0,0,0,0,0,0.907550647854805,36.084079220891,1.58979354053736,66.4012533724308,19.320813447237,0,627.100753881037,0.33982264995575,114.107929348946
0,0,0,0,0,0,0,0,0,0,0,0,0,0,0,0,0,0,0,0,0,0,0,0,0,0,0,0,0,0,0,1895.53269449621,250.813217997551,5.71646612882614,0,8.05817031860352,0,0,0,0,0,0,0,0,0,0,0,380.584387026727,0,0,0,0,0,0,0,0,0,0,0,0,0,0,0,0,0,0,0,0,0,0,0,0,0,0,0,61.9454915821552,201.098050117493,0,455.981377288699,0,0,0,530.234121784568,0,0,0,0
0,0,0,0,0,0,0,0,0,0,0,0,0,0,0,0,0,0,0,0,0,0,0,0,0,0,0,0,0,0,0,153.128524780273,2416.67364897579,0,83.1083496809006,0,7.82176172733307,0,0,0,0,0,0,0,0,0,0,210.027026742697,0,0,0,0,0,0,0,0,0,0,0,0,0,0,0,0,0,0,0,0,0,0,0,0,0,0,61.9454915821552,0,0,161.380234494805,0,3,0,0,277.567969679832,0,0,0,0
0,0,0,0,0,0,0,0,0,0,0,0,0,0,0,0,0,0,0,0,0,0,0,0,0,0,0,0,0,0,0,172.93846899271,0,3366.42483903468,437.008088454604,43.7637839913368,0,84.3896955251694,0,1.36867415904999,0,0.62138444185257,0,0,0,0,0,4404.83853758872,5.36347450315952,32.3164064884186,0,0,0,0,0,0,0,0,0,0,0,0,0,0,0,0,0,0,0,0,0,0,0,0,201.098050117493,0,0,47.7003252506256,133.919396430254,0,47.4293279051781,0,441.858154170215,0,8.76120407879353,0,0
0,0,0,0,0,0,0,0,0,0,0,0,0,0,0,0,0,0,0,0,0,0,0,0,0,0,0,0,0,0,0,0,84.2016058266163,296.291538894176,2403.46193063259,0,65.1379968523979,0.851720929145813,63.507898658514,0,0,0,0,0,0,0,0.860777139663696,1139.71556533873,0.548076450824738,0,0,0,0,0,0,0,0,0,0,0,0,0,0,0,0,0,0,0,0,0,0,0,0,0,0,161.380234494805,47.7003252506256,0,0,1.87742340564728,0,16.8913272023201,505.821164682508,6.72956740856171,0,0,0
0.461182594299316,16.3752241134644,1.7668481618166,0.365297988057137,0,66.4325521141291,0,0,0,8.19715183973312,0,110.122895658016,0,0,0,0,83.2847060188651,270.332850262523,1647.7137479037,798.762268677354,0,0,0,0.946104884147644,0,1.77856141328812,0,0,0,0,0,232.29164416343,0,753.714653387666,0,9618.67722421885,98.659060806036,380.228314124048,0.16653099656105,963.855085171759,15.2107683494687,2289.48798587173,43.6121876314282,179.828501559794,0,1892.16368091106,42.4966737553477,259.392391018569,2.65780048072338,132.969233028591,0,0.148192793130875,0,0,0,0,0,90.1644768863916,0,0,0,0,1716.41921658069,19.407058916986,0,0,0,0,0,0,0,0,29.4732673317194,0.907550647854805,455.981377288699,0,133.919396430254,0,0,134.110419906676,1200.50491052121,12.17059610039,1860.1575095281,91.4893324077129,1255.22947359085,220.29303535074,4.60508601367474
2.38482695817947,0,7.09616222977638,0,60.905569896102,1.86135733127594,0,0,0.960981294512749,48.3147024810314,35.7737445235252,0.248985856771469,0,0,0.191997930407524,0,240.990657746792,186.445351518691,2066.35974523425,0.22751085460186,429.037696421146,0,0,0,0,0,0,0,0,0,0,0,10.3429062366486,0,469.659775540233,49.5676534920931,10008.9233016074,0,284.989526838064,58.7998611330986,315.520052738488,33.6774486452341,2592.72192572057,3.56269106268883,37.1583325862885,38.8192639574409,2322.50149404258,557.985919229686,286.744670405984,1.39696618914604,0,0,0,0,0,0,0.170002609491348,13.8794790431857,0,0,0,0,18.3701045438647,2239.56037695706,0,0,0,0,0,0,0,0,2.91082003712654,36.084079220891,0,3,0,1.87742340564728,134.110419906676,0,41.4014977738261,1604.52617888898,1367.69275224209,31.0256796181202,1323.59324689209,7.44472354650497,230.47864689678
