0,19.9888806343079,6.58620988282182,0,13.0527744293213,0,0,0,5.02387668505436,32.1617074012756,0,0,0,0,0,0,19.4677019320743,39.2346759275957,24.2722683995962,0,0,39.320629119873,0,0,33.6565742492676,0,0,0,0,0,0,0,0,0,0,0,0,0,0,51.8738543192546,60.2060699462891,0,7.43125416312301,0,0,0,0,0,4.82350579988649,0,13.0844943817348,0,0,0,4.63827700895422,35.2898648579915,10.621684551239,0,12.274993723089,0,9.16525673866272,0,0,6.79986135317729,0,0,0,28.045934677124,0,23.5599422454834,0,0,0,0,0,0,0,0,69.1840181350708,76.325325012207,0,0,8.27390798350065,38.7928142547607,5.63523321899016,0,7.54774258494377
19.9888806343079,0,0,7.30822646639524,0,10.5204436302185,0,0,0,7.18515962094934,0,0,0,0,0,7.21282817522685,46.5792541503906,18.883024930954,14.1583333015442,0,0,0,0,30.978590965271,0,0,0,0,0,0,0,0,0,0,0,0,0,0,0,0,0,11.4833647502712,0,0,0,19.585391998291,0,0,0,5.19482534374306,0,0,0,0,0,5.91124069525136,0,11.3420483725412,0,0,0,3.61588390668233,0,0,39.0858459472656,0,40.1679720878601,0,0,0,0,0,0,0,0,0,0,0,0,0,0,0,6.2084384555229,32.0611610412598,6.89012814149624,8.64308993783716,0
6.58620988282182,0,0,0,4.08944561160528,0,0,0,4.23920937255025,0,0,0,0,0,0,0,0,0,0,0,0,0,0,0,0,0,0,0,0,0,0,0,0,0,0,0,0,0,0,0,0,0,17.7423445383708,0,0,0,8.88414370074417,0,8.38981502232227,0,9.92742664414334,0,0,0,3.22978727022807,0,4.5883221081325,0,7.41832888126373,0,8.53707814216614,0,0,8.77861960728963,0,0,0,0,0,0,0,0,0,0,0,0,0,0,0,36.4157218933105,0,0,11.2236783254714,3.16017198562622,6.93375529822415,0,16.015426158905
0,7.30822646639524,0,0,0,6.23583360848489,0,0,0,6.22669826193554,0,0,0,0,0,0,0,0,0,0,0,0,0,0,0,0,0,0,0,0,0,0,0,0,0,0,0,0,0,0,0,19.7809324447925,0,0,0,13.0612338747297,0,0,0,9.65038448397585,0,0,0,0,0,4.49315916167365,0,4.24841623504957,0,0,0,0,10.597798705101,0,0,0,0,0,0,0,0,0,0,0,0,0,0,0,0,0,0,0,10.1099594627939,0,5.91520381538598,15.9811533964597,0
13.0527744293213,0,4.08944561160528,0,0,0,2.96597981452942,0,3.09398263845688,0,41.3334693908691,0,0,0,0,0,0,0,0,0,4.70253995060921,0,0,0,0,0,0,0,0,0,0,0,0,0,53.9039459228516,0,51.413761138916,0,0,0,36.3844575881958,0,37.0984764099121,0,0,0,19.8716077804565,49.2115219116211,37.6094994862874,0,4.24673112278635,0,2.74964880943298,0,2.9130538503329,0,0,0,0,0,0,0,0,11.9811882135716,0,0,0,0,0,0,0,0,0,0,0,0,0,0,0,49.3096199035645,0,45.7026596069336,4.11614642540614,2.95032954216003,7.21937483120588,0,36.4483795166016
0,10.5204436302185,0,6.23583360848489,0,0,0,3.41714836302258,0,3.09880997584416,0,0,0,0,0,0,0,0,0,0,0,0,0,0,0,0,0,0,0,0,0,0,0,0,0,8.16649889945984,0,0,0,0,0,25.5310046672821,0,0,0,17.7519611517588,0,0,0,13.139777759174,0,3.43514574429154,0,3.8206972722654,0,3.57125254238353,0,0,0,0,0,0,0,0,0,0,0,0,0,0,0,0,0,0,0,0,0,0,0,0,0,0,5.41881563747005,10.3336328473584,7.05981552600861,21.9663114547729,0
0,0,0,0,2.96597981452942,0,0,0,0,0,0,0,0,0,0,0,0,0,0,0,0,0,0,0,0,0,0,0,0,0,0,0,0,0,0,0,0,0,0,0,0,0,0,0,0,0,0,0,0,0,2.94727092981339,0,2.83844590187073,0,0,0,3.31685900688171,0,0,0,0,0,0,0,0,0,0,0,0,0,0,0,0,0,0,0,0,0,0,0,0,0,2.95991079012553,0,0,0,0
0,0,0,0,0,3.41714836302258,0,0,0,0,0,3.13645495217422,0,3.36765020033892,0,0,0,0,0,0,0,0,0,0,0,0,0,0,0,0,0,0,0,0,0,0,0,0,0,0,0,0,0,0,0,0,0,0,0,0,0,5.33829328748915,0,3.43343905939744,0,0,0,4.26696134224916,0,3.3414298848408,0,0,0,0,0,0,0,0,0,0,0,0,0,0,0,0,0,0,0,0,0,0,3.53241506329289,0,0,0,0
5.02387668505436,0,4.23920937255025,0,3.09398263845688,0,0,0,0,33.3987808227539,0,0,0,0,6.68895306085285,0,14.6946645439327,41.413628270891,26.3104683608766,0,65.9117279052734,42.2271514892578,26.1151891708374,37.4784507751465,16.9192907190109,58.1999435424805,7.25318547218077,0,0,0,0,0,0,0,0,0,0,0,3.14203834533691,95.6407699584961,77.1633529663086,0,5.65886577727303,0,0,0,55.2391014099121,0,6.71564397925422,66.6920585632324,0,0,0,0,6.40603988759211,0,56.027042388916,0,0,0,4.35654119884267,66.3885879516602,0,0,41.8499698638916,23.4869108200073,0,11.1956521473433,56.9248962402344,6.80850527161046,0,0,0,0,0,0,0,0,77.4014180501302,68.1287485758464,0,17.8273966312408,16.003892690208,33.3716349601746,7.54149009266171,0,4.84311628341675
32.1617074012756,7.18515962094934,0,6.22669826193554,0,3.09880997584416,0,0,33.3987808227539,0,0,0,0,0,0,7.55072186651983,49.1322746892129,18.4137842277527,21.1070069141342,0,0,36.2012911524091,0,21.5376235727678,62.0663089752197,16.4120144844055,0,0,0,0,0,0,0,0,0,0,0,0,0,52.9118938446045,55.8865509033203,27.1749356587728,46.3646831512451,0,0,0,42.9290008544922,0,0,11.01800465217,0,0,0,0,59.394474029541,8.49017072912317,0,0,0,0,0,8.03812610019337,0,0,30.6164316813151,0,26.6562442940273,0,21.7550408868229,0,0,0,0,0,0,0,0,0,77.2972483634949,69.6680736541748,12.2609614304134,0,19.4797924471192,33.8646468435015,15.8166909139664,138.780197143555,0
0,0,0,0,41.3334693908691,0,0,0,0,0,0,0,0,0,0,0,65.4650637308757,0,50.7665905585656,0,8.14723654472551,0,0,0,0,0,0,0,0,0,6.27467647012142,0,0,0,61.156135559082,0,40.4480134736408,0,6.40331946843504,0,39.5280178693625,0,31.2979825973511,0,0,0,25.6866456635793,56.3911253611247,43.5713666190564,0,0,0,0,0,0,0,5.02933720821216,0,0,0,0,0,0,14.721109625554,0,0,0,0,0,0,0,0,0,3.99281533140885,0,0,0,0,0,46.0484070211354,0,8.19108003689437,8.3849563524127,73.3809127807617,28.542319427837,0,16.1132994565097
0,0,0,0,0,0,0,3.13645495217422,0,0,0,0,0,3.89505000483068,0,0,0,0,55.1757545471191,4.80991124151668,0,0,0,0,0,0,0,0,0,5.52193895975749,0,59.4320411682129,0,0,0,6.6740273520498,0,6.5077041029015,0,37.8623596191406,99.6944046020508,45.3930702209473,0,0,0,20.4732425491531,0,0,42.7701225280762,46.5896224975586,0,0,0,3.55930444806121,0,0,0,3.91855379212954,0,3.4679339726766,0,0,9.67707449992498,0,0,0,0,0,0,0,0,0,3.84779612223307,0,0,0,0,0,46.1398376800396,0,6.50820767724669,0,5.12748605027256,50.8968887329102,23.8075015544891,18.0288166633019,0
0,0,0,0,0,0,0,0,0,0,0,0,0,0,0,0,0,0,0,0,0,0,0,0,0,0,0,0,0,0,0,0,0,0,0,0,0,0,0,0,0,0,0,0,0,0,0,0,0,0,0,0,0,0,0,0,0,0,0,0,0,0,0,0,0,0,0,0,0,0,0,0,0,0,0,0,0,0,0,0,0,0,0,0,0,0,0
0,0,0,0,0,0,0,3.36765020033892,0,0,0,3.89505000483068,0,0,0,0,0,0,0,0,0,0,0,0,0,0,0,3.31909432777992,0,0,0,0,0,0,0,0,0,0,0,0,0,0,0,0,0,0,0,0,0,0,0,0,0,3.48252546787262,0,0,0,5.34521330650463,0,3.43631282592202,0,0,0,0,0,0,0,0,0,0,4.7665085527632,0,0,0,0,0,0,0,0,0,0,0,3.24214544663062,0,0,0,0
0,0,0,0,0,0,0,0,6.68895306085285,0,0,0,0,0,0,0,9.06275965597318,39.7715589735243,38.2395057678223,0,0,0,23.7513807296753,0,15.3772623839679,0,8.17037367266278,0,0,0,0,0,0,0,0,0,0,0,0,0,0,0,0,0,0,0,0,0,6.59029865264893,0,0,0,0,0,9.4666835353488,0,0,0,0,0,4.10816338062286,0,0,0,0,21.3972873687744,0,19.3127914004856,0,5.44693541085279,0,0,0,0,0,0,0,0,0,0,0,0,8.12967622743479,0,17.8011722564697,0,0
0,7.21282817522685,0,0,0,0,0,0,0,7.55072186651983,0,0,0,0,0,0,47.03590965271,9.5635535724324,26.8166772079468,0,0,26.1409792900085,0,14.125255382978,0,7.95228039867738,0,4.0080246925354,0,0,0,0,0,0,0,0,0,0,0,0,0,70.3705139160156,0,0,0,0,0,0,0,52.4975395202637,0,0,0,0,0,5.57680986852062,0,0,0,4.1218957901001,0,3.91276705038903,0,0,24.8024118596857,0,24.9873098625856,0,7.06521195918322,0,4.17251426833017,0,0,0,0,0,0,0,73.299919128418,0,0,0,17.0791749845143,19.0078153212865,0,0,0
19.4677019320743,46.5792541503906,0,0,0,0,0,0,14.6946645439327,49.1322746892129,65.4650637308757,0,0,0,9.06275965597318,47.03590965271,0,17.7713899801941,20.1433051932755,59.8650131225586,45.0982699674719,24.4378169578842,8.78725373384816,37.876232768214,12.9955252193477,39.839302778244,6.62378080172485,0,0,0,0,0,0,0,0,92.1468448638916,71.6872700282506,0,16.6376004748874,64.2470998128255,57.1237761603461,66.5815233083872,42.048514008522,32.6657695770264,27.0878588358561,47.2928352355957,47.9831797281901,84.748420715332,59.8944363064236,66.1686966305687,0,0,0,0,17.4661286565619,48.3175954818726,54.6603904724121,0,0,0,8.06110084684271,47.3002281188965,0,51.3619270324707,28.9130278996059,9.1071167478756,34.3383364995321,14.470178340575,45.6688423156738,6.54708269522892,0,0,0,0,99.378044128418,0,0,0,81.3788114275251,65.2629221013162,99.4460779825846,56.8488537258572,16.1566319576946,14.707919426061,46.1657073452215,87.4633560180664,49.0082809448242
39.2346759275957,18.883024930954,0,0,0,0,0,0,41.413628270891,18.4137842277527,0,0,0,0,39.7715589735243,9.5635535724324,17.7713899801941,0,22.8238985306962,61.9013931274414,69.6115471976144,10.9767889882809,26.1789426803589,17.8417675037634,21.2999858506398,7.16510586029221,34.0292862483433,3.15365248918533,0,0,73.0715713500977,75.2929992675781,0,0,0,81.6089177131653,86.9751515388489,55.0403052738735,0,57.615961710612,61.9068580750496,66.057028983621,52.2884996120746,41.4694809383816,40.4395272391183,51.9042190752531,48.2562318281694,73.2777410234724,83.174734388079,59.9707068001352,0,0,0,0,39.3315710507906,25.9150059302648,78.3409469604492,0,0,0,43.7589111328125,11.0633765471478,68.7290328979492,65.2277297973633,14.4967748742804,0,18.2621113131213,27.9195586578755,9.27758887739743,50.5842475891113,0,0,0,0,85.49658203125,0,0,0,71.5903804828594,74.5660229497777,62.655344136556,77.124967956543,15.7616716345185,16.3287726381551,50.8139917178032,78.6102746327718,63.436533610026
24.2722683995962,14.1583333015442,0,0,0,0,0,0,26.3104683608766,21.1070069141342,50.7665905585656,55.1757545471191,0,0,38.2395057678223,26.8166772079468,20.1433051932755,22.8238985306962,0,62.3292543093363,47.8088235696157,34.2271912693977,32.8877321243286,32.7062491209611,28.1511867947049,36.6242272412335,31.0628630320231,0,0,0,0,89.4665857950846,0,55.8716634114583,50.8405284881592,74.9063570868109,65.2754463517522,45.1635147975041,47.2485137939453,49.9432608162485,49.5073196490058,44.0490486278372,29.892803409197,28.7483423511187,27.6464314666288,40.8106012889995,36.5707980461335,65.8647661309493,50.5554070982543,52.0474535184606,0,0,0,0,25.3102134185679,21.7869007110596,43.9549056461879,0,0,0,0,31.8183093070984,67.5787951820775,50.1823986084735,38.8287695104426,0,35.0878794890184,22.2664415836334,37.6891822179158,34.6425590515137,0,0,0,45.4690486363002,78.243720626831,0,0,62.4254112243652,61.5266253177006,59.0940526228307,56.7300778302279,53.6465555163263,18.2850995750074,32.117968075148,39.9295902293455,65.1285831451416,40.2329051785353
0,0,0,0,0,0,0,0,0,0,0,4.80991124151668,0,0,0,0,59.8650131225586,61.9013931274414,62.3292543093363,0,0,0,0,0,0,0,0,0,0,0,0,61.4700050354004,0,57.4237937927246,0,8.47661354643308,0,3.19688187106963,0,29.0665522433342,0,30.2991121963218,47.4204883575439,26.9356250762939,0,15.9201117238137,0,48.6336456298828,39.3527455329895,40.2687011772478,0,0,0,0,81.8046951293945,0,0,4.16843213844299,0,0,0,0,8.34216402951925,0,0,0,0,0,0,0,0,0,3.59197163581848,0,51.8751087188721,0,0,0,15.3697406900791,78.5696640014648,14.6880428601071,0,6.90861561994874,25.4524262944857,20.5314035125681,16.5405762142605,0
0,0,0,0,4.70253995060921,0,0,0,65.9117279052734,0,8.14723654472551,0,0,0,0,0,45.0982699674719,69.6115471976144,47.8088235696157,0,0,0,0,0,0,0,0,0,0,0,17.8316879272461,0,0,0,36.508841753006,0,8.56393007001868,0,9.2433260317202,0,39.8453943370718,36.4094390869141,18.2901795967158,0,0,0,20.7137881749113,40.6126935323079,28.6775664020987,0,0,0,0,0,0,0,4.74150635467635,0,0,0,0,0,0,10.5219651841058,0,0,74.9623947143555,0,0,0,0,0,0,6.40409604521359,0,45.0044994354248,0,29.4789028167725,84.8621444702148,21.99536451885,0,13.4530025064157,6.11834765048254,10.9814424514771,9.55167099872193,0,13.2534655888875
39.320629119873,0,0,0,0,0,0,0,42.2271514892578,36.2012911524091,0,0,0,0,0,26.1409792900085,24.4378169578842,10.9767889882809,34.2271912693977,0,0,0,6.71423992521228,7.33518687693659,12.3543868594699,9.09286706071151,0,3.80764799301441,0,0,0,0,0,13.7505739716923,16.5552670254427,0,0,6.77181430879257,7.99028804197031,0,102.730911254883,106.063495635986,0,0,0,0,0,39.2791481018066,0,5.35032798592926,0,0,0,0,36.6924985249837,33.4809643427531,0,0,0,0,0,22.888485789299,0,0,4.86786671708954,7.62660081850158,8.86918473243713,18.4768558740616,10.0244319550196,0,5.62540247147543,0,12.1350773970286,0,0,0,17.6872475021764,16.9130899810791,87.1628494262695,91.4598159790039,9.43020079015828,9.36658721703749,5.37885593159047,7.31615682804223,38.7546424865723,0,0
0,0,0,0,0,0,0,0,26.1151891708374,0,0,0,0,0,23.7513807296753,0,8.78725373384816,26.1789426803589,32.8877321243286,0,0,6.71423992521228,0,0,6.0654395402864,0,7.8079406637134,0,2.85126519203186,0,0,0,0,0,14.9534683227539,0,77.3864440917969,9.69687271118164,5.84554331162891,0,0,0,0,0,0,0,0,25.4994792938232,13.1597350383627,0,0,0,0,0,30.2480931282043,0,0,0,0,0,21.8076133728027,0,0,0,8.96545394042443,4.44045120605652,0,5.05963959932327,0,10.0707893468896,0,3.20964231093725,0,0,0,0,0,18.1696479797363,92.384880065918,0,0,8.06891085032313,5.36507102055543,6.18288107341428,127.756690979004,0,0
0,30.978590965271,0,0,0,0,0,0,37.4784507751465,21.5376235727678,0,0,0,0,0,14.125255382978,37.876232768214,17.8417675037634,32.7062491209611,0,0,7.33518687693659,0,0,0,11.0368766135317,0,8.94847357273102,0,0,0,0,0,0,0,0,0,4.58265538675239,0,0,68.1766357421875,81.899346669515,0,57.7142906188965,0,0,0,74.0528335571289,0,30.4310172398885,0,0,0,0,48.9026908874512,17.0989191898933,0,0,0,0,0,13.4986643284823,0,0,6.02898685537654,0,5.40843855216179,0,8.56695727049186,0,4.97449122156416,0,0,0,0,0,0,0,83.0797595977783,86.9276992797852,4.1666993875445,0,15.3882662407318,13.8465389083414,12.9701218516738,0,0
33.6565742492676,0,0,0,0,0,0,0,16.9192907190109,62.0663089752197,0,0,0,0,15.3772623839679,0,12.9955252193477,21.2999858506398,28.1511867947049,0,0,12.3543868594699,6.0654395402864,0,0,36.6586418151855,5.46767855915627,0,0,0,0,0,0,0,10.0405537287394,0,0,0,4.56630473602109,61.349063873291,0,0,51.9008445739746,0,0,0,76.7528686523438,0,45.3836424350739,69.5596084594727,0,0,0,0,12.0332406219254,0,0,0,0,0,18.4389032017101,0,82.0859680175781,0,17.0941848754883,4.51183826466129,0,4.12485666846958,0,8.11729173717045,0,0,0,0,0,0,0,13.7271099090576,0,76.2451095581055,0,7.08160681163563,9.5504972106273,8.56992425918579,5.30341561635335,0,0
0,0,0,0,0,0,0,0,58.1999435424805,16.4120144844055,0,0,0,0,0,7.95228039867738,39.839302778244,7.16510586029221,36.6242272412335,0,0,9.09286706071151,0,11.0368766135317,36.6586418151855,0,0,5.68986620401081,0,0,0,0,0,0,0,0,0,17.5709692001343,0,0,0,0,0,0,0,0,0,0,0,9.47174191474915,0,0,0,0,57.9766731262207,16.1104531917932,0,0,0,0,0,6.95803893800949,0,0,8.11977178854578,0,13.3584224624528,0,5.66914384300375,0,6.20916366577148,0,0,0,0,0,0,0,84.9652709960938,87.5588455200195,14.9669342041016,0,9.96964177101191,31.9475841522217,0,0,0
0,0,0,0,0,0,0,0,7.25318547218077,0,0,0,0,0,8.17037367266278,0,6.62378080172485,34.0292862483433,31.0628630320231,0,0,0,7.8079406637134,0,5.46767855915627,0,0,0,3.57551318865556,0,0,0,0,0,0,0,0,0,0,0,0,0,0,0,0,0,0,0,0,0,0,0,0,0,6.11071443557739,0,0,0,0,0,9.49149158265856,0,0,0,0,6.26860114406137,0,6.26886306089513,0,4.53262870096498,0,3.65192226568858,0,0,0,0,0,0,0,0,0,0,9.51207361287541,19.0891456604004,0,0,0
0,0,0,0,0,0,0,0,0,0,0,0,0,3.31909432777992,0,4.0080246925354,0,3.15365248918533,0,0,0,3.80764799301441,0,8.94847357273102,0,5.68986620401081,0,0,0,3.34611235724555,0,0,0,0,0,0,0,11.0546827465296,0,0,0,0,0,0,0,0,0,0,0,6.09914064407349,0,0,0,0,0,0,0,0,0,3.08923141161601,0,5.04815119504929,0,0,3.98925922393799,0,11.6123480796814,0,6.84025370501555,0,4.15116124731122,0,4.7690477995949,0,0,0,0,0,0,0,10.8354454185023,0,3.52836826554051,0,0,0,0
0,0,0,0,0,0,0,0,0,0,0,0,0,0,0,0,0,0,0,0,0,0,2.85126519203186,0,0,0,3.57551318865556,0,0,0,0,0,0,0,0,0,0,0,2.98002519607544,0,0,0,0,0,0,0,0,0,0,0,0,0,0,0,0,0,0,0,0,0,0,0,0,0,0,3.21846681833267,0,0,0,3.88002534707387,0,3.07590705156326,0,3.02418912158293,0,0,0,0,0,0,0,3.15379762649536,0,0,0,0,0
0,0,0,0,0,0,0,0,0,0,0,5.52193895975749,0,0,0,0,0,0,0,0,0,0,0,0,0,0,0,3.34611235724555,0,0,0,0,0,0,0,0,0,7.78694009780884,0,0,0,0,0,0,0,0,0,0,0,0,0,0,0,0,0,0,0,2.94755434989929,0,0,0,0,0,0,0,0,0,0,0,0,6.51676688083383,0,4.04018294562155,0,0,0,0,0,0,0,9.62729790292937,0,0,0,0,0,0
0,0,0,0,0,0,0,0,0,0,6.27467647012142,0,0,0,0,0,0,73.0715713500977,0,0,17.8316879272461,0,0,0,0,0,0,0,0,0,0,0,0,0,0,0,0,0,5.77253404756387,0,45.6390495300293,0,0,0,0,0,33.5790824890137,0,0,0,0,0,0,0,0,0,2.94047355651855,0,0,0,0,0,0,7.81061410903931,0,0,0,0,0,0,0,0,0,5.23741466469235,0,0,0,0,0,0,0,5.54403310955161,4.23557279830755,0,0,0,0
0,0,0,0,0,0,0,0,0,0,0,59.4320411682129,0,0,0,0,0,75.2929992675781,89.4665857950846,61.4700050354004,0,0,0,0,0,0,0,0,0,0,0,0,8.91122065430622,9.93244143125028,11.4554082870483,8.80984796873143,8.62317093680887,0,0,32.9850763082504,0,43.8133795601981,25.2808170318604,0,0,40.1072050730387,0,8.78495130724594,16.0752810428017,15.7982182712555,0,0,0,0,0,0,0,0,0,0,0,0,48.4315986633301,0,0,0,0,0,0,0,0,0,0,0,6.56254386901855,11.7786895023452,10.971919044068,8.1557140827179,11.3399587540399,19.0628689697811,31.1071477369829,0,7.5905681896505,0,32.2240617540148,50.6246471405029,0
0,0,0,0,0,0,0,0,0,0,0,0,0,0,0,0,0,0,0,0,0,0,0,0,0,0,0,0,0,0,0,8.91122065430622,0,14.1330080774964,6.82272234104978,11.4823492318934,7.62600851708602,0,0,0,19.7830924987793,19.8004932403564,45.5870208740234,0,0,0,26.1836099624634,6.3689188049329,10.5997029304504,0,0,0,0,0,0,0,0,0,0,0,0,0,0,34.1376914978027,0,0,0,0,0,0,0,0,0,0,8.38297519367984,6.54489629083956,17.3829941004515,9.59940732827707,12.4020378778477,7.82224160893864,0,0,5.09318530680197,0,25.2830963684962,0,0
0,0,0,0,0,0,0,0,0,0,0,0,0,0,0,0,0,0,55.8716634114583,57.4237937927246,0,13.7505739716923,0,0,0,0,0,0,0,0,0,9.93244143125028,14.1330080774964,0,5.82679630672082,8.31816060875737,19.6911673069,6.80197380555407,24.9504728317261,38.4215754270554,0,19.3107107639313,34.3239437739054,0,0,42.8458006041391,53.513053894043,6.46528612433568,27.1347850241312,15.0461818620461,0,0,0,0,0,0,0,0,0,0,0,0,50.7782363891602,0,14.2299953188215,0,0,0,0,0,0,0,0,0,9.46461455886428,10.5303027904951,5.59762482687105,7.10090920639916,8.28805575399776,17.8406297683716,8.44728354307321,23.5112358729045,5.32038404486843,0,23.2280113713161,34.8552684783936,0
0,0,0,0,53.9039459228516,0,0,0,0,0,61.156135559082,0,0,0,0,0,0,0,50.8405284881592,0,36.508841753006,16.5552670254427,14.9534683227539,0,10.0405537287394,0,0,0,0,0,0,11.4554082870483,6.82272234104978,5.82679630672082,0,8.32279096318663,6.70191563916621,7.13860466064663,5.23518351211289,0,20.6044285832619,24.5267190933228,21.9468280548745,0,0,68.9184951782227,34.8295480075635,7.10411168796343,14.1013485237742,18.5911678786672,0,0,0,0,0,0,63.9455032348633,0,0,0,0,0,52.8847274780273,40.7133286498314,24.1184458732605,0,0,0,0,0,0,0,0,0,8.06398919650487,9.51825167519706,6.70759103433942,5.68531400400791,14.9841999451319,13.916489544357,15.4729114892531,8.21181133737694,6.56723879839066,0,29.9686435576408,43.989185333252,0
0,0,0,0,0,8.16649889945984,0,0,0,0,0,6.6740273520498,0,0,0,0,92.1468448638916,81.6089177131653,74.9063570868109,8.47661354643308,0,0,0,0,0,0,0,0,0,0,0,8.80984796873143,11.4823492318934,8.31816060875737,8.32279096318663,0,7.7735690641939,6.01279499280038,3.38420557975769,45.6630926261077,104.218679428101,47.4305680103791,61.6815719604492,52.0070946216583,0,28.9066064670665,0,33.1144163093784,36.1758798316673,45.1560555842885,0,0,0,0,0,0,0,6.69657814502716,0,0,0,0,10.3057266220333,0,0,0,116.57596206665,0,0,0,0,0,0,0,12.6518099125617,12.0798817568047,7.54328060288762,18.7457897663116,6.78060290903956,55.7734422981739,7.38001853346594,0,6.69250554314691,10.1605445851858,21.0628970252289,55.2239222807043,0
0,0,0,0,51.413761138916,0,0,0,0,0,40.4480134736408,0,0,0,0,0,71.6872700282506,86.9751515388489,65.2754463517522,0,8.56393007001868,0,77.3864440917969,0,0,0,0,0,0,0,0,8.62317093680887,7.62600851708602,19.6911673069,6.70191563916621,7.7735690641939,0,0,6.42414331276914,81.7600402832031,44.9527905731201,67.8983589172363,36.3326764712676,58.7504959106445,39.3977070512443,65.9830614725749,29.0028796808435,27.4715610689587,36.2554982984909,74.6091178894043,0,0,0,0,0,0,54.9798648834228,0,0,0,0,0,83.5484924316406,21.4869945853867,0,0,0,0,0,0,0,0,0,52.1997566223145,10.8197657267253,11.2233231752932,35.3350086212158,10.3148857235909,34.4545345306396,7.55157090431233,84.5878238677979,9.41010637719354,7.29129279622072,10.0771445082154,32.7700869492377,66.1138648986816,37.2978337605794
0,0,0,0,0,0,0,0,0,0,0,6.5077041029015,0,0,0,0,0,55.0403052738735,45.1635147975041,3.19688187106963,0,6.77181430879257,9.69687271118164,4.58265538675239,0,17.5709692001343,0,11.0546827465296,0,7.78694009780884,0,0,0,6.80197380555407,7.13860466064663,6.01279499280038,0,0,4.69425539155701,43.0959620475769,0,9.78316109909295,53.9062385559082,0,0,22.1408338546753,0,8.5047304511527,42.7706464131673,6.70531535915064,0,0,0,0,0,0,0,7.73207027960797,0,0,0,24.7003879547119,19.7287361621857,0,7.44318003700925,0,4.87889889972966,0,0,0,8.87590820645712,0,11.1260112921397,0,0,0,10.409324233687,6.95949791584696,8.34106007288939,40.227002620697,5.54853749370842,7.47285741700066,5.4774749434301,7.07985897136457,6.43895286637096,20.9193788701838,0
0,0,0,0,0,0,0,0,3.14203834533691,0,6.40331946843504,0,0,0,0,0,16.6376004748874,0,47.2485137939453,0,9.2433260317202,7.99028804197031,5.84554331162891,0,4.56630473602109,0,0,0,2.98002519607544,0,5.77253404756387,0,0,24.9504728317261,5.23518351211289,3.38420557975769,6.42414331276914,4.69425539155701,0,80.7188568115234,48.5045566558838,0,7.98355658735548,0,0,0,31.1725907325745,14.9771954179397,6.27296893287251,32.6849605560303,0,0,0,0,14.3351788520813,0,5.67562961578369,0,0,0,0,0,0,17.4800332434037,16.8603996797041,6.33776034182,0,4.82364101325516,0,0,0,4.29480849832728,0,4.16957753896713,0,0,24.4795598983765,8.65522805013155,0,11.0805865807076,4.22386312484741,5.63092355078043,5.90125822701429,7.98236230775422,5.04419661694624,0,20.9935626983643
51.8738543192546,0,0,0,0,0,0,0,95.6407699584961,52.9118938446045,0,37.8623596191406,0,0,0,0,64.2470998128255,57.615961710612,49.9432608162485,29.0665522433342,0,0,0,0,61.349063873291,0,0,0,0,0,0,32.9850763082504,0,38.4215754270554,0,45.6630926261077,81.7600402832031,43.0959620475769,80.7188568115234,0,60.3242495218913,27.2148651911753,45.1901218808931,25.0875522035067,49.3002281188965,17.423972551165,60.999174118042,21.8605814356984,14.1130350495948,14.422179659556,0,0,0,0,0,0,0,0,0,0,0,0,20.4469812469263,67.6721598307292,91.3844604492188,0,0,82.9084167480469,82.4882736206055,0,0,0,0,60.5963249206543,33.7126022577286,0,34.8650093078613,0,19.6372448563754,76.1872938812756,45.9831225425685,73.0714077419705,40.9822956778786,70.6010787010193,26.3971253225678,40.9925508499146,74.2693634033203
60.2060699462891,0,0,0,36.3844575881958,0,0,0,77.1633529663086,55.8865509033203,39.5280178693625,99.6944046020508,0,0,0,0,57.1237761603461,61.9068580750496,49.5073196490058,0,39.8453943370718,102.730911254883,0,68.1766357421875,0,0,0,0,0,0,45.6390495300293,0,19.7830924987793,0,20.6044285832619,104.218679428101,44.9527905731201,0,48.5045566558838,60.3242495218913,0,56.1998220443726,22.0493815729754,0,27.3465304374695,49.0225424766541,18.0576137923277,21.4185876861356,14.8646689078191,58.1157844861348,0,0,0,0,0,0,45.5272510362708,0,0,0,0,0,0,15.545815335756,0,0,72.8699035644531,0,0,0,0,0,0,44.8957550048828,0,11.2117713519505,0,22.1033337994626,82.3997287326389,21.583344390986,85.6146411895752,49.9054378100804,41.6352848083742,69.3454494476318,25.0624057808084,115.461380004883,26.7777349097388
0,11.4833647502712,0,19.7809324447925,0,25.5310046672821,0,0,0,27.1749356587728,0,45.3930702209473,0,0,0,70.3705139160156,66.5815233083872,66.057028983621,44.0490486278372,30.2991121963218,36.4094390869141,106.063495635986,0,81.899346669515,0,0,0,0,0,0,0,43.8133795601981,19.8004932403564,19.3107107639313,24.5267190933228,47.4305680103791,67.8983589172363,9.78316109909295,0,27.2148651911753,56.1998220443726,0,31.0807486512014,48.9851730134752,91.997859954834,23.5868326879097,43.9240786234538,24.7564787490458,23.0391464341771,19.0625267485301,0,0,0,0,0,0,0,9.3993399143219,0,0,0,0,17.5491916241979,0,0,0,105.78736114502,0,79.5544509887695,0,0,0,0,0,37.785185530379,0,15.961386190142,32.2804474830627,34.9927687665729,63.5369261838077,24.7243908882141,55.6167001163258,13.6322028351327,56.9329831406877,13.7151035369758,8.61216536053194,0
7.43125416312301,0,17.7423445383708,0,37.0984764099121,0,0,0,5.65886577727303,46.3646831512451,31.2979825973511,0,0,0,0,0,42.048514008522,52.2884996120746,29.892803409197,47.4204883575439,18.2901795967158,0,0,0,51.9008445739746,0,0,0,0,0,0,25.2808170318604,45.5870208740234,34.3239437739054,21.9468280548745,61.6815719604492,36.3326764712676,53.9062385559082,7.98355658735548,45.1901218808931,22.0493815729754,31.0807486512014,0,0,14.6583538532257,47.4690720240275,23.4471526874614,16.4273439054874,13.1500628238853,30.3241047401428,22.1755409240723,0,0,0,8.69657698799582,0,26.1750209114768,0,20.1789805094401,0,0,0,64.8766479492188,22.8363861517167,0,0,58.1540794372559,54.6810111999512,49.00146484375,0,0,0,0,0,0,35.8638769785563,39.2185688018799,19.7747559625594,57.604299454462,30.0301502698966,54.64953189426,26.9496518355372,10.1954280003505,55.4520230293274,11.865135790238,47.1863670349121,6.58269751035023
0,0,0,0,0,0,0,0,0,0,0,0,0,0,0,0,32.6657695770264,41.4694809383816,28.7483423511187,26.9356250762939,0,0,0,57.7142906188965,0,0,0,0,0,0,0,0,0,0,0,52.0070946216583,58.7504959106445,0,0,25.0875522035067,0,48.9851730134752,0,0,22.4907913208008,13.0759179125661,35.4112358093262,45.4327501569475,0,28.6201169888179,0,0,0,0,0,0,0,0,0,0,0,0,38.6485939025879,0,0,0,53.6776008605957,0,0,0,0,0,0,0,40.8277702331543,0,0,0,37.7990174651146,59.2976276397705,43.4072895050049,0,19.8130755797029,73.6844673156738,12.2010877543482,56.7300926208496,0
0,0,0,0,0,0,0,0,0,0,0,0,0,0,0,0,27.0878588358561,40.4395272391183,27.6464314666288,0,0,0,0,0,0,0,0,0,0,0,0,0,0,0,0,0,39.3977070512443,0,0,49.3002281188965,27.3465304374695,91.997859954834,14.6583538532257,22.4907913208008,0,0,11.3655088742574,0,35.1977462768555,63.3174514770508,0,0,0,0,35.2767944335938,0,0,0,0,0,0,0,0,0,0,0,62.6319847106934,0,0,0,0,0,0,0,0,0,0,0,60.759105682373,35.075946002083,0,0,40.7509881187888,61.0409762064616,15.8059707236668,0,58.2820739746094
0,19.585391998291,0,13.0612338747297,0,17.7519611517588,0,0,0,0,0,20.4732425491531,0,0,0,0,47.2928352355957,51.9042190752531,40.8106012889995,15.9201117238137,0,0,0,0,0,0,0,0,0,0,0,40.1072050730387,0,42.8458006041391,68.9184951782227,28.9066064670665,65.9830614725749,22.1408338546753,0,17.423972551165,49.0225424766541,23.5868326879097,47.4690720240275,13.0759179125661,0,0,0,36.3812128770919,24.5152093910036,30.2412778590442,0,0,0,0,0,46.4528007507324,0,15.3119854927063,0,0,0,0,9.2089435156636,42.4907875061035,0,0,78.5925445556641,62.7634010314941,0,0,0,0,0,0,41.0000216814936,0,0,0,24.0855515939489,59.3260791176244,23.9562835210195,73.042067527771,27.5004462909698,39.4886230040288,11.5236989617028,24.3421160065466,67.4698257446289
0,0,8.88414370074417,0,19.8716077804565,0,0,0,55.2391014099121,42.9290008544922,25.6866456635793,0,0,0,0,0,47.9831797281901,48.2562318281694,36.5707980461335,0,20.7137881749113,0,0,0,76.7528686523438,0,0,0,0,0,33.5790824890137,0,26.1836099624634,53.513053894043,34.8295480075635,0,29.0028796808435,0,31.1725907325745,60.999174118042,18.0576137923277,43.9240786234538,23.4471526874614,35.4112358093262,11.3655088742574,0,0,32.9303300986856,24.0781333238962,61.3284511566162,22.6042652130127,0,0,0,66.1361312866211,0,28.2958623391611,0,0,0,0,0,0,10.8488954290902,0,0,63.6471290588379,0,59.8379974365234,0,0,0,0,33.5428948720296,0,0,0,37.7244848251343,90.405699412028,26.8011211697472,0,35.0887234795768,26.4877675837102,58.1850989846622,12.521179343615,0,15.2434269759966
0,0,0,0,49.2115219116211,0,0,0,0,0,56.3911253611247,0,0,0,0,0,84.748420715332,73.2777410234724,65.8647661309493,48.6336456298828,40.6126935323079,39.2791481018066,25.4994792938232,74.0528335571289,0,0,0,0,0,0,0,8.78495130724594,6.3689188049329,6.46528612433568,7.10411168796343,33.1144163093784,27.4715610689587,8.5047304511527,14.9771954179397,21.8605814356984,21.4185876861356,24.7564787490458,16.4273439054874,45.4327501569475,0,36.3812128770919,32.9303300986856,0,9.90312966046874,14.2079607168833,0,0,0,0,0,0,66.5738220214844,0,0,0,0,0,40.7201035094984,38.8334361182319,0,26.9886913299561,0,0,0,0,0,0,0,0,10.3112214371233,16.3308357807898,7.82757982518524,7.40956128251021,21.9187368290219,28.1909123350834,13.067132944898,12.4785911018618,16.6486508890584,9.15811784700914,26.0647390224076,44.530117248234,44.3891544342041
4.82350579988649,0,8.38981502232227,0,37.6094994862874,0,0,0,6.71564397925422,0,43.5713666190564,42.7701225280762,0,0,6.59029865264893,0,59.8944363064236,83.174734388079,50.5554070982543,39.3527455329895,28.6775664020987,0,13.1597350383627,0,45.3836424350739,0,0,0,0,0,0,16.0752810428017,10.5997029304504,27.1347850241312,14.1013485237742,36.1758798316673,36.2554982984909,42.7706464131673,6.27296893287251,14.1130350495948,14.8646689078191,23.0391464341771,13.1500628238853,0,35.1977462768555,24.5152093910036,24.0781333238962,9.90312966046874,0,20.9588860767644,13.4392596024733,0,0,0,5.88697122202979,0,54.7106940529563,0,0,0,6.27425053715706,0,28.2459161177925,26.6857132699361,0,13.5603069577898,0,3.11458307674953,114.945648193359,4.75980123189779,0,5.02574688183581,0,52.7019131978353,16.6139544318704,20.9865767161051,29.7310259228661,15.8935836658416,34.4986908971047,24.1151091829083,48.2854557037354,7.54574960939257,11.1504511572208,75.7419624328613,13.30314321045,38.9852549235026,27.2984308083852
0,5.19482534374306,0,9.65038448397585,0,13.139777759174,0,0,66.6920585632324,11.01800465217,0,46.5896224975586,0,0,0,52.4975395202637,66.1686966305687,59.9707068001352,52.0474535184606,40.2687011772478,0,5.35032798592926,0,30.4310172398885,69.5596084594727,9.47174191474915,0,6.09914064407349,0,0,0,15.7982182712555,0,15.0461818620461,18.5911678786672,45.1560555842885,74.6091178894043,6.70531535915064,32.6849605560303,14.422179659556,58.1157844861348,19.0625267485301,30.3241047401428,28.6201169888179,63.3174514770508,30.2412778590442,61.3284511566162,14.2079607168833,20.9588860767644,0,0,0,0,0,0,10.4515706471034,0,6.34299165174502,0,0,0,3.32319700717926,31.8579525606973,62.2494417826335,4.67493122555044,0,7.74381677482439,0,12.2500332482656,0,5.65215224592019,0,5.47459586461385,0,16.9217876212937,0,11.0802949715967,29.0616875310098,26.2193560873004,63.7868258158366,9.66426339827504,51.721728960673,18.832562938487,69.4581104278564,20.0325919622918,35.4122607086016,65.6097412109375
13.0844943817348,0,9.92742664414334,0,4.24673112278635,0,2.94727092981339,0,0,0,0,0,0,0,0,0,0,0,0,0,0,0,0,0,0,0,0,0,0,0,0,0,0,0,0,0,0,0,0,0,0,0,22.1755409240723,0,0,0,22.6042652130127,0,13.4392596024733,0,0,0,0,0,2.95633045832316,0,4.5441324847519,0,0,0,0,0,0,15.3313015591015,0,0,0,0,0,0,0,0,0,0,0,0,0,0,0,0,0,0,17.3255928783882,0,7.46123909818533,0,21.9561380658831
0,0,0,0,0,3.43514574429154,0,5.33829328748915,0,0,0,0,0,0,0,0,0,0,0,0,0,0,0,0,0,0,0,0,0,0,0,0,0,0,0,0,0,0,0,0,0,0,0,0,0,0,0,0,0,0,0,0,0,4.42214536159597,0,2.96216559410095,0,3.95369409322739,0,3.3696750164032,0,3.3750194311142,0,0,0,0,0,0,0,0,0,0,0,0,0,0,0,0,0,0,0,0,4.07235080209272,0,0,0,0
0,0,0,0,2.74964880943298,0,2.83844590187073,0,0,0,0,0,0,0,0,0,0,0,0,0,0,0,0,0,0,0,0,0,0,0,0,0,0,0,0,0,0,0,0,0,0,0,0,0,0,0,0,0,0,0,0,0,0,0,0,0,3.59915232658386,0,0,0,0,0,0,0,0,0,0,0,0,0,0,0,0,0,0,0,0,0,0,0,0,0,0,0,0,0,0
0,0,0,0,0,3.8206972722654,0,3.43343905939744,0,0,0,3.55930444806121,0,3.48252546787262,0,0,0,0,0,0,0,0,0,0,0,0,0,0,0,0,0,0,0,0,0,0,0,0,0,0,0,0,0,0,0,0,0,0,0,0,0,4.42214536159597,0,0,0,0,0,4.44896297555574,0,4.4791348863531,0,0,0,0,0,0,0,0,0,0,0,0,0,0,0,0,0,0,0,0,0,0,3.49400016307831,0,0,0,0
4.63827700895422,0,3.22978727022807,0,2.9130538503329,0,0,0,6.40603988759211,59.394474029541,0,0,0,0,9.4666835353488,0,17.4661286565619,39.3315710507906,25.3102134185679,81.8046951293945,0,36.6924985249837,30.2480931282043,48.9026908874512,12.0332406219254,57.9766731262207,6.11071443557739,0,0,0,0,0,0,0,0,0,0,0,14.3351788520813,0,0,0,8.69657698799582,0,35.2767944335938,0,66.1361312866211,0,5.88697122202979,0,2.95633045832316,0,0,0,0,0,0,0,0,0,3.32360482215881,51.6113967895508,0,0,0,0,40.9323539733887,6.32489088163421,0,16.2034244537354,0,0,0,0,0,0,0,0,85.3873634338379,70.8077430725098,0,4.54106760025024,11.7417848577276,28.612581750621,7.05918681972167,0,0
35.2898648579915,5.91124069525136,0,4.49315916167365,0,3.57125254238353,0,0,0,8.49017072912317,0,0,0,0,0,5.57680986852062,48.3175954818726,25.9150059302648,21.7869007110596,0,0,33.4809643427531,0,17.0989191898933,0,16.1104531917932,0,0,0,0,0,0,0,0,0,0,0,0,0,0,0,0,0,0,0,46.4528007507324,0,0,0,10.4515706471034,0,2.96216559410095,0,0,0,0,0,0,0,0,0,6.90246738195419,0,0,34.2327861785889,0,19.7100243630347,0,20.1099162563201,0,0,0,0,0,0,0,0,0,0,84.069819132487,3.49580001831055,0,20.6103270809415,33.44535779953,13.1035211787504,19.1090259552002,0
10.621684551239,0,4.5883221081325,0,0,0,3.31685900688171,0,56.027042388916,0,5.02933720821216,0,0,0,0,0,54.6603904724121,78.3409469604492,43.9549056461879,0,4.74150635467635,0,0,0,0,0,0,0,0,0,2.94047355651855,0,0,0,63.9455032348633,0,54.9798648834228,0,5.67562961578369,0,45.5272510362708,0,26.1750209114768,0,0,0,28.2958623391611,66.5738220214844,54.7106940529563,0,4.5441324847519,0,3.59915232658386,0,0,0,0,0,3.72028716504574,0,3.46504679290197,0,0,7.66959751512586,0,0,0,0,0,0,0,0,0,2.91984345912933,0,0,0,71.6091232299805,0,51.9449790253931,0,6.63092462455525,43.8139370679855,0,8.07995252887698,0,18.6635543823242
0,11.3420483725412,0,4.24841623504957,0,0,0,4.26696134224916,0,0,0,3.91855379212954,0,5.34521330650463,0,0,0,0,0,4.16843213844299,0,0,0,0,0,0,0,0,0,2.94755434989929,0,0,0,0,0,6.69657814502716,0,7.73207027960797,0,0,0,9.3993399143219,0,0,0,15.3119854927063,0,0,0,6.34299165174502,0,3.95369409322739,0,4.44896297555574,0,0,0,0,0,4.44638333172925,0,5.59200383746435,7.7884007692337,0,0,0,0,0,0,0,8.16887598061482,0,5.20241411829176,0,0,0,0,0,0,0,8.03105632464091,0,6.18850688328819,0,5.24119188064753,19.4001064300537,0
12.274993723089,0,7.41832888126373,0,0,0,0,0,0,0,0,0,0,0,0,0,0,0,0,0,0,0,0,0,0,0,0,0,0,0,0,0,0,0,0,0,0,0,0,0,0,0,20.1789805094401,0,0,0,0,0,0,0,0,0,0,0,0,0,3.72028716504574,0,0,0,2.88595515803287,0,0,0,0,0,0,0,0,0,0,0,0,0,0,0,0,0,0,0,0,0,16.5696519745721,0,0,0,20.8092994689941
0,0,0,0,0,0,0,3.3414298848408,0,0,0,3.4679339726766,0,3.43631282592202,0,4.1218957901001,0,0,0,0,0,0,0,0,0,0,0,3.08923141161601,0,0,0,0,0,0,0,0,0,0,0,0,0,0,0,0,0,0,0,0,0,0,0,3.3696750164032,0,4.4791348863531,0,0,0,4.44638333172925,0,0,0,4.44410219884688,0,0,0,0,0,0,0,0,5.55117088804099,0,0,0,0,0,0,0,0,0,0,0,3.46450984477997,0,0,0,0
9.16525673866272,0,8.53707814216614,0,0,0,0,0,4.35654119884267,0,0,0,0,0,4.10816338062286,0,8.06110084684271,43.7589111328125,0,0,0,0,21.8076133728027,0,18.4389032017101,0,9.49149158265856,0,0,0,0,0,0,0,0,0,0,0,0,0,0,0,0,0,0,0,0,0,6.27425053715706,0,0,0,0,0,3.32360482215881,0,3.46504679290197,0,2.88595515803287,0,0,0,0,0,0,0,0,0,0,2.86699628829956,0,0,0,0,0,0,0,0,0,0,0,0,7.46836901628054,0,6.28818975554572,0,0
0,3.61588390668233,0,0,0,0,0,0,66.3885879516602,8.03812610019337,0,0,0,0,0,3.91276705038903,47.3002281188965,11.0633765471478,31.8183093070984,0,0,22.888485789299,0,13.4986643284823,0,6.95803893800949,0,5.04815119504929,0,0,0,0,0,0,0,0,0,24.7003879547119,0,0,0,0,0,0,0,0,0,0,0,3.32319700717926,0,3.3750194311142,0,0,51.6113967895508,6.90246738195419,0,5.59200383746435,0,4.44410219884688,0,0,0,0,23.9449697494507,0,21.6967845961105,0,6.66011260121556,0,6.5391640663147,0,0,0,0,0,0,0,90.9527282714844,0,0,0,17.1303916979527,31.0611400604248,0,0,0
0,0,0,10.597798705101,0,0,0,0,0,0,0,9.67707449992498,0,0,0,0,0,68.7290328979492,67.5787951820775,8.34216402951925,0,0,0,0,82.0859680175781,0,0,0,0,0,0,48.4315986633301,0,50.7782363891602,52.8847274780273,10.3057266220333,83.5484924316406,19.7287361621857,0,20.4469812469263,0,17.5491916241979,64.8766479492188,38.6485939025879,0,9.2089435156636,0,40.7201035094984,28.2459161177925,31.8579525606973,0,0,0,0,0,0,0,7.7884007692337,0,0,0,0,0,0,0,0,0,0,0,0,0,0,0,0,48.279613494873,0,0,0,14.0204341510563,82.483283996582,17.2995462054612,0,7.81889467889612,13.3181325026921,7.61133368433651,11.9290927854078,0
6.79986135317729,0,8.77861960728963,0,11.9811882135716,0,0,0,0,0,14.721109625554,0,0,0,0,0,51.3619270324707,65.2277297973633,50.1823986084735,0,10.5219651841058,0,0,0,0,0,0,0,0,0,7.81061410903931,0,34.1376914978027,0,40.7133286498314,0,21.4869945853867,0,17.4800332434037,67.6721598307292,15.545815335756,0,22.8363861517167,0,0,42.4907875061035,10.8488954290902,38.8334361182319,26.6857132699361,62.2494417826335,15.3313015591015,0,0,0,0,0,7.66959751512586,0,0,0,0,0,0,0,0,0,0,0,0,0,0,0,0,24.907653649648,0,52.0930061340332,61.0100288391113,43.5621154785156,75.7845191955566,21.6762847523443,0,17.4182882615808,16.4830501722394,9.84983375424244,10.2899241336529,0,13.4632450037224
0,39.0858459472656,0,0,0,0,0,0,41.8499698638916,30.6164316813151,0,0,0,0,0,24.8024118596857,28.9130278996059,14.4967748742804,38.8287695104426,0,0,4.86786671708954,8.96545394042443,6.02898685537654,17.0941848754883,8.11977178854578,0,3.98925922393799,0,0,0,0,0,14.2299953188215,24.1184458732605,0,0,7.44318003700925,16.8603996797041,91.3844604492188,0,0,0,0,0,0,0,0,0,4.67493122555044,0,0,0,0,0,34.2327861785889,0,0,0,0,0,23.9449697494507,0,0,0,10.3635706050055,6.71153180767791,24.29368019104,9.00717517107475,0,5.94832783910963,0,10.9269432340349,0,0,0,18.7658009529114,26.124397277832,90.632698059082,0,7.4666968117698,17.5676579872767,5.88841860569806,5.53167878026548,77.8610254923503,0,0
0,0,0,0,0,0,0,0,23.4869108200073,0,0,0,0,0,21.3972873687744,0,9.1071167478756,0,0,0,0,7.62660081850158,4.44045120605652,0,4.51183826466129,0,6.26860114406137,0,3.21846681833267,0,0,0,0,0,0,0,0,0,6.33776034182,0,0,0,0,0,0,0,0,26.9886913299561,13.5603069577898,0,0,0,0,0,0,0,0,0,0,0,0,0,0,0,10.3635706050055,0,0,4.06432375368082,0,7.44606105725568,0,3.3964019715786,0,0,0,0,0,0,0,0,0,4.89121740619832,5.12045572218216,7.16122908855048,0,0,0
0,40.1679720878601,0,0,0,0,0,0,0,26.6562442940273,0,0,0,0,0,24.9873098625856,34.3383364995321,18.2621113131213,35.0878794890184,0,74.9623947143555,8.86918473243713,0,5.40843855216179,0,13.3584224624528,0,11.6123480796814,0,0,0,0,0,0,0,116.57596206665,0,4.87889889972966,0,0,72.8699035644531,105.78736114502,58.1540794372559,53.6776008605957,62.6319847106934,78.5925445556641,63.6471290588379,0,0,7.74381677482439,0,0,0,0,40.9323539733887,19.7100243630347,0,0,0,0,0,21.6967845961105,0,0,6.71153180767791,0,0,40.1901969909668,7.78135890256383,0,5.82351734373305,0,0,0,0,0,0,0,104.80576578776,84.4055328369141,4.91101461965314,0,22.3664097629243,13.3185039043427,8.55083664825984,0,0
28.045934677124,0,0,0,0,0,0,0,11.1956521473433,0,0,0,0,0,19.3127914004856,0,14.470178340575,27.9195586578755,22.2664415836334,0,0,18.4768558740616,5.05963959932327,0,4.12485666846958,0,6.26886306089513,0,0,0,0,0,0,0,0,0,0,0,4.82364101325516,82.9084167480469,0,0,54.6810111999512,0,0,62.7634010314941,0,0,3.11458307674953,0,0,0,0,0,6.32489088163421,0,0,0,0,0,0,0,0,0,24.29368019104,4.06432375368082,40.1901969909668,0,0,8.89315725366274,0,4.21964550018311,0,0,0,0,0,0,100.312728881836,0,0,3.94891089551589,10.5721513983968,9.43848471641541,15.8506156280637,0,0
0,0,0,0,0,0,0,0,56.9248962402344,21.7550408868229,0,0,0,0,0,7.06521195918322,45.6688423156738,9.27758887739743,37.6891822179158,0,0,10.0244319550196,0,8.56695727049186,0,5.66914384300375,0,6.84025370501555,0,0,0,0,0,0,0,0,0,0,0,82.4882736206055,0,79.5544509887695,49.00146484375,0,0,0,59.8379974365234,0,114.945648193359,12.2500332482656,0,0,0,0,0,20.1099162563201,0,0,0,0,0,6.66011260121556,0,0,9.00717517107475,0,7.78135890256383,0,0,0,5.54711109558038,0,0,0,0,0,0,0,81.3666687011719,91.8974838256836,11.3860524041312,89.3241653442383,15.6557110234311,30.3902921676636,47.6495361328125,0,0
