0,0,3.76483463843664,0,0,0,0,0,4.05874431206405,0,0,0,0,0,0,0,0,0,12.9312508106232,0,0,0,0,0,0,0,0,0,0,0,0,0,0,0,0,0,0,0,17.4984241485596,0,0,0,12.1763594901923,0,0,0,0,0,5.42994225681167,0,0,0,0,0,4.30409363980563,0,0,0,0,0,0,0,0,0,0,24.286997795105,0,3.48530828952789,0,11.4544113725424,0,7.53873570760091,0,26.0942630767822,0,0,0,0,0,39.6864535013835,0,0,5.38903235887226,0,6.95247521877289,0,17.7828175226847
0,0,0,14.2704233885941,0,0,0,0,0,14.5967342058818,0,0,0,0,0,7.14043965339661,0,8.84181835033275,15.4908158424053,0,0,0,0,5.59696316719055,0,0,0,0,0,0,0,0,0,0,0,0,0,11.162614532139,0,0,0,27.0370499362116,0,0,0,37.2558391571045,0,52.2564334869385,0,14.286300741219,0,0,0,0,0,3.30227006912231,0,11.7212871551514,0,9.96596145629883,0,6.04678742275682,41.9089469909668,0,41.6209071477254,0,15.0241621017456,0,43.2338600158691,0,32.2934786125466,0,31.5227633256179,0,0,0,0,0,42.3777325948079,0,34.557663458365,0,13.787839552886,0,13.877508872243,0,0
3.76483463843664,0,0,0,6.13376978635788,0,0,0,9.20029678344727,0,0,0,0,0,0,0,0,70.5691223144531,36.832741716173,0,0,0,0,0,0,0,0,0,0,0,0,0,0,0,61.9372177124023,0,51.9746189117432,0,47.8843421936035,45.940185546875,37.1568033318771,30.0749141148158,24.1186573767249,0,0,0,17.9457340694609,52.5799582004547,10.9764236418406,40.0122983351998,5.91232509035701,0,0,0,5.73958680241607,0,25.6736916303635,0,0,0,5.26322344371251,0,0,25.6155131844913,0,0,0,0,0,0,0,33.0743341445923,0,31.9832722713273,0,0,0,0,67.4126739501953,55.964150428772,0,42.5773978397764,20.0208971202374,21.1581133929166,19.7425443626219,0,17.7962789381704
0,14.2704233885941,0,0,0,0,0,0,0,21.7931454181671,0,0,0,0,0,19.87424659729,130.639572143555,0,60.6556901931763,0,0,0,0,0,0,0,0,0,0,0,0,0,0,0,0,0,0,47.7544345855713,0,28.2859236399333,0,28.6219773074143,0,48.6822090148926,0,35.0813670158386,0,0,0,8.53659379857141,0,0,0,0,0,19.7948980331421,0,18.254997253418,0,17.323055267334,0,23.3282686233521,31.5631664594014,0,46.2693824768066,0,49.574520111084,0,48.7133255004883,0,37.0376891396262,0,35.97163290136,0,0,0,0,0,40.9528196425665,93.8409881591797,38.3643992741903,0,13.3921625924217,19.4269218444824,18.2868759930134,0,0
0,0,6.13376978635788,0,0,0,2.92344244718552,0,3.16875672340393,0,0,0,0,0,0,0,0,68.7219390869141,48.9529647827148,0,5.93325677010172,0,0,0,0,0,0,0,0,0,0,0,0,0,0,36.3779521355262,25.240877696446,0,0,0,0,0,45.5888423919678,0,0,0,15.0651730624112,54.3339398701986,60.3722381591797,48.0668144226074,4.71757390534967,0,3.60946606844664,0,0,0,0,0,8.65755295753479,0,0,0,0,6.07429381517264,0,0,0,0,0,0,0,0,0,44.5566368103027,0,0,0,0,0,18.7909649712699,0,0,6.1215700969696,0,7.12615487397607,0,0
0,0,0,0,0,0,0,0,0,0,0,0,0,0,0,2.8958761116554,0,0,0,0,0,0,0,0,0,0,0,0,0,0,0,0,0,0,0,0,0,0,0,0,0,0,0,0,0,0,0,0,0,0,0,3.14401679039001,0,0,0,0,0,0,0,0,0,2.91599910006379,0,0,0,0,0,0,0,0,0,0,0,0,0,0,0,0,0,0,0,0,0,0,0,0,0
0,0,0,0,2.92344244718552,0,0,0,0,0,6.40348790431845,0,3.00564472603075,0,0,0,0,0,0,0,0,0,0,0,0,0,0,0,0,0,0,0,0,0,0,0,0,0,0,0,0,0,0,0,0,0,0,0,0,0,2.94921815395355,0,3.95024772660922,0,0,0,6.19062348206838,0,3.0860599737901,0,0,0,0,0,0,0,0,0,0,0,0,0,0,0,0,0,0,0,0,0,0,0,3.91848861362975,0,0,0,0
0,0,0,0,0,0,0,0,0,0,0,0,0,3.11661581626305,0,0,0,0,0,0,0,0,0,0,0,0,0,0,0,0,0,0,0,0,0,0,0,0,0,0,0,0,0,0,0,0,0,0,0,0,0,0,0,0,0,0,0,0,0,0,0,0,0,0,0,0,0,0,0,0,0,0,0,0,0,0,0,0,0,0,0,0,2.94091844558716,0,0,0,0
4.05874431206405,0,9.20029678344727,0,3.16875672340393,0,0,0,0,0,0,0,0,0,3.93393580118815,0,14.1073380952858,40.8218109130859,20.1297388076782,0,0,0,0,0,6.42624901153229,0,0,0,0,0,0,0,0,0,60.3221130371094,0,0,0,10.4928246451461,0,0,0,11.0418935368458,0,0,0,41.6789355278015,59.7577743530273,30.5881938934326,49.2865982055664,0,0,0,0,4.71781268949094,0,0,0,0,0,5.10710566384452,0,0,0,0,0,0,4.62729406356812,0,0,0,0,0,0,0,0,0,0,0,0,0,50.4636192321777,6.50626888956342,20.0534400939941,8.44290706571543,0,4.17031078338623
0,14.5967342058818,0,21.7931454181671,0,0,0,0,0,0,0,0,0,0,0,4.58129670030327,0,43.17200700442,0,0,0,0,0,3.96525964898578,0,4.39530954360962,0,0,0,0,0,0,0,0,0,0,0,5.35739224572336,0,0,0,16.4608564774195,0,0,0,47.9388656616211,0,0,0,20.5944414138794,0,0,0,0,0,5.73019211976835,0,19.6742585500081,0,0,0,3.59625778198242,54.2048645019531,0,32.042875289917,0,7.98550803706331,0,15.755988740921,0,21.033126224171,0,21.6004657745361,0,0,0,0,0,0,0,8.57363866025751,0,9.81617630217686,6.96254429022471,19.2924116600391,0,0
0,0,0,0,0,0,6.40348790431845,0,0,0,0,0,3.15073577981246,0,0,0,0,0,0,0,5.61756848548223,0,0,0,0,0,0,0,0,0,3.6110100030899,0,0,0,0,0,5.60159349441528,0,3.47033745304067,0,0,0,0,0,0,0,0,0,0,0,0,0,5.79969899143491,0,0,0,6.45224481333045,0,0,0,0,0,0,4.92030772708711,0,0,0,0,0,0,0,0,0,5.06502170562744,0,0,0,0,0,0,0,3.63020235559215,4.96486186132462,0,7.30139966073789,0,0
0,0,0,0,0,0,0,0,0,0,0,0,0,4.9776090780894,0,0,0,0,0,3.48493754863739,0,0,0,0,0,0,0,0,0,4.50920639325071,0,0,0,0,0,4.75424480438232,0,4.17923300687004,0,0,0,0,0,0,0,0,0,0,0,0,0,0,0,0,0,0,0,3.65188347470065,0,3.17204999923706,0,0,3.4002874936813,0,0,0,0,0,0,0,19.5898786024614,0,10.1151411266703,0,0,0,0,0,13.7103319168091,0,22.8400790350778,0,4.03086712956429,0,4.8390736579895,0,0
0,0,0,0,0,0,3.00564472603075,0,0,0,3.15073577981246,0,0,0,0,0,0,0,0,0,0,0,0,0,0,0,0,0,0,0,0,0,0,0,0,0,0,0,0,0,0,0,0,0,0,0,0,0,0,0,0,0,3.01281094551086,0,0,0,3.59948587417603,0,0,0,2.74706196784973,0,0,0,0,0,0,0,0,0,0,0,0,0,0,0,0,0,0,0,0,0,0,0,0,0,0
0,0,0,0,0,0,0,3.11661581626305,0,0,0,4.9776090780894,0,0,0,4.68750836081424,0,0,0,0,0,31.7625951766968,0,21.7911472320557,0,7.32036294539769,0,5.97273921966553,0,0,0,0,0,0,0,0,0,0,0,43.407829284668,0,43.270268758138,0,0,0,40.3055877685547,0,0,0,9.95678642817906,0,0,0,0,0,0,0,8.62405742917742,0,4.32764380241158,0,5.36115407943726,17.0542931026883,0,27.9643416934543,0,22.0987909757174,0,13.7637281851335,0,8.00253316630488,0,47.7136726379395,0,0,0,0,0,0,0,46.481029510498,0,5.52006608606821,4.41652395175054,18.3686910441944,0,0
0,0,0,0,0,0,0,0,3.93393580118815,0,0,0,0,0,0,0,6.52265695911465,55.2048873901367,0,0,0,0,0,0,0,0,4.57540957781733,0,5.66704589128494,0,0,0,0,0,0,0,0,0,0,0,0,0,0,0,0,0,0,0,0,0,0,0,0,0,3.23597178961101,0,0,0,0,0,3.64337821801504,0,0,0,0,0,0,0,0,5.88198566436768,0,3.81307554244995,0,0,0,0,0,0,0,0,0,0,3.4988812264942,3.57067203521729,0,0,0
0,7.14043965339661,0,19.87424659729,0,2.8958761116554,0,0,0,4.58129670030327,0,0,0,4.68750836081424,0,0,0,41.1436455249786,51.5140724182129,0,0,0,0,21.6358280181885,0,4.68255933125814,0,5.46434336900711,0,0,0,0,0,0,0,42.5593452453613,0,0,0,44.5839900970459,0,43.5456855773926,0,0,0,47.0227069854736,0,0,0,9.2775945699037,0,0,0,0,0,8.74028971791267,0,9.04419803619385,0,5.28756059449295,0,3.88402884740096,16.9931825769359,0,0,0,18.8721085654365,0,5.72990630654728,0,0,0,0,0,0,0,0,0,33.744691212972,0,0,0,4.48778814593187,3.99305668681167,20.1493901302075,63.6697807312012,0
0,0,0,130.639572143555,0,0,0,0,14.1073380952858,0,0,0,0,0,6.52265695911465,0,0,24.1262953483234,23.417331589177,98.328862508138,0,20.0785759290059,6.79815697701122,0,8.34806952332005,0,7.69673985666265,0,7.56527711947759,0,0,0,0,0,78.2003205617269,102.327989705404,88.040873983632,104.336774190267,85.8650338309152,89.2545509338379,68.0115070518004,55.1927230358124,48.8631446815672,0,0,74.1628582166589,76.4314176386053,77.3729690551758,67.0771357218425,79.9752858479818,0,0,0,0,19.6081981658936,0,55.3317565917969,0,0,0,11.1297844539989,0,83.3824033322542,0,32.8166980743408,9.01126348010955,0,13.9010244607925,0,5.49913993287594,103.528987884521,0,84.5429363250732,70.9106233119965,0,68.6689376831055,0,73.7977247527151,82.9923963154832,79.0804479400073,88.043906211853,76.3214954283179,14.5820632722259,12.9216351976016,69.7181463499327,58.173089163644,47.8838653564453
0,8.84181835033275,70.5691223144531,0,68.7219390869141,0,0,0,40.8218109130859,43.17200700442,0,0,0,0,55.2048873901367,41.1436455249786,24.1262953483234,0,21.698476318793,78.5895180953176,0,6.60482483142053,34.1467904177579,4.23273865107832,0,3.05524117889858,56.9627220153809,2.90379959344864,0,0,0,0,0,0,88.9692249298096,81.5142523692204,103.834559631348,80.5106302897135,0,82.8434400558472,78.7983162743705,50.279580932727,62.9883470302675,38.7204666137695,0,59.8776695367062,71.0034732818604,101.216766357422,83.0630798339844,77.0633337838309,0,0,0,0,34.175178527832,0,0,0,0,0,57.3083171844482,0,75.0842421849569,0,7.67075888734115,0,0,0,3.07661999762058,0,80.8851114908854,0,73.721901603367,88.1389988490513,0,0,0,84.8133087158203,65.1996923910605,89.7074320811146,70.11609141812,91.1020599365234,14.2802674415715,10.4332141548421,57.1187291069636,45.1829581669399,73.9326558794294
12.9312508106232,15.4908158424053,36.832741716173,60.6556901931763,48.9529647827148,0,0,0,20.1297388076782,0,0,0,0,0,0,51.5140724182129,23.417331589177,21.698476318793,0,59.4034980622348,0,0,39.9137185414632,0,0,0,0,0,0,0,0,0,53.5590292612712,0,47.8877834300096,67.9857092248388,60.2299519845568,73.5993008980384,56.0297274679508,61.376833269673,47.0094244032842,28.4530571494029,27.6362249689004,17.3504778544108,2.72911953926086,44.9141990262176,32.8534235980341,50.9747379787719,46.124568714815,61.1626939924936,0,0,0,0,0,0,32.1067333221436,59.299934387207,0,0,56.4511566162109,67.3677911758423,56.3135918342537,31.9807055155436,69.5946807861328,0,60.018575668335,0,82.3827743530273,0,64.1364453633626,35.103048324585,54.0700569309172,32.766887509093,0,48.9756301879883,0,46.0122494952369,53.7127084422046,52.5720436587208,53.4888657507812,42.5595555844677,15.0089964836588,38.970193847281,35.2151301414544,25.972918985674,15.627453960817
0,0,0,0,0,0,0,0,0,0,0,3.48493754863739,0,0,0,0,98.328862508138,78.5895180953176,59.4034980622348,0,0,52.0972518920898,0,0,0,0,0,0,0,9.87816905975342,0,0,0,0,0,8.94211980031461,0,10.2373727410487,0,50.8263982137044,0,33.9365067769246,60.4091873168945,26.5806517601013,0,13.6422621729423,0,0,0,68.4364852905273,0,0,0,0,0,0,0,9.53677894274394,0,14.9488509041922,0,17.2447309494019,8.46896572510198,0,40.7939247131348,0,0,0,43.3500760396322,0,29.6682005359628,0,22.1588182147545,0,0,0,0,0,18.4576887573515,88.1683807373047,20.0720947953868,0,10.2763388028182,0,24.1888857513178,53.959765625,0
0,0,0,0,5.93325677010172,0,0,0,0,0,5.61756848548223,0,0,0,0,0,0,0,0,0,0,0,0,0,0,0,0,0,0,0,0,0,0,0,0,27.7481698989868,5.33270319787467,0,2.97125028073788,0,0,0,0,0,0,0,6.41460887753234,44.334602355957,0,0,10.7122866312663,0,0,0,0,0,9.46296395074337,0,0,0,0,0,0,3.36649302683379,0,0,0,0,0,0,0,0,0,0,0,0,0,0,0,4.89064497947693,0,6.96542167663574,4.62161856636857,0,6.30354771349165,0,0
0,0,0,0,0,0,0,0,0,0,0,0,0,31.7625951766968,0,0,20.0785759290059,6.60482483142053,0,52.0972518920898,0,0,4.5809140094256,4.47995353891299,0,7.4463220577614,0,4.8667991402783,0,0,0,0,0,0,0,0,0,9.28494264195126,0,0,0,51.7134834289551,0,0,0,57.9144515991211,0,0,0,8.3840311563932,0,0,0,0,0,0,0,44.2419882078429,0,33.7942336206851,0,44.4584490458171,48.2671167124873,0,4.89182498408211,0,8.59082612001671,0,12.9543013931954,0,13.915627542664,0,0,0,0,0,0,0,0,0,8.81619559168053,0,5.04912710125382,4.1751744667689,54.9607734680176,0,0
0,0,0,0,0,0,0,0,0,0,0,0,0,0,0,0,6.79815697701122,34.1467904177579,39.9137185414632,0,0,4.5809140094256,0,0,6.65307116508484,0,6.20298128743326,0,3.44875818335492,0,0,0,0,0,0,0,0,0,4.96245423516074,0,0,0,0,0,0,0,0,26.1477624719793,8.76527618865172,0,0,0,0,0,0,0,0,0,0,0,0,0,0,0,0,4.86675870238445,0,7.92949771881104,0,3.18648167089982,0,4.1090535958608,0,0,0,0,0,0,0,0,0,7.17186891224759,5.52267135278275,5.9348987703738,21.2957727909088,0,0
0,5.59696316719055,0,0,0,0,0,0,0,3.96525964898578,0,0,0,21.7911472320557,0,21.6358280181885,0,4.23273865107832,0,0,0,4.47995353891299,0,0,0,4.34100516410101,0,18.4826202392578,0,0,0,0,0,0,0,0,0,6.5746066229684,0,0,0,0,0,0,0,60.100648244222,0,0,0,47.8891181945801,0,0,0,0,0,5.81359265385003,0,36.7658981323242,0,24.2086498825638,0,50.9837799072266,0,0,7.45704228595152,0,5.25444550993287,0,5.4261753350189,0,15.797447013855,0,0,0,0,0,0,0,0,0,8.19369545158433,0,4.42548309672963,0,15.9303474724293,0,0
0,0,0,0,0,0,0,0,6.42624901153229,0,0,0,0,0,0,0,8.34806952332005,0,0,0,0,0,6.65307116508484,0,0,0,6.23434927246787,0,0,0,0,0,0,0,0,0,0,0,4.14724521636963,0,0,0,0,0,0,0,0,0,10.9400635132423,0,0,0,0,0,4.88123915697399,0,0,0,0,0,0,0,0,0,0,12.5683557033539,0,5.5390003543151,0,3.45953233851943,0,14.2848482131958,0,0,0,0,0,0,0,0,0,8.0824417997809,4.95821757125854,0,6.62562622194705,0,0
0,0,0,0,0,0,0,0,0,4.39530954360962,0,0,0,7.32036294539769,0,4.68255933125814,0,3.05524117889858,0,0,0,7.4463220577614,0,4.34100516410101,0,0,0,5.15963245160652,0,0,0,0,0,0,0,0,0,0,0,0,0,79.3992309570312,0,0,0,0,0,0,0,30.8705387115479,0,0,0,0,0,3.91618865728378,0,33.8125991821289,0,14.3188977407855,0,0,30.9432859420776,0,6.934660537919,0,5.65825394865794,0,5.22193951783357,0,11.0989473819733,0,0,0,0,0,0,0,0,0,0,0,0,0,45.4681816101074,0,0
0,0,0,0,0,0,0,0,0,0,0,0,0,0,4.57540957781733,0,7.69673985666265,56.9627220153809,0,0,0,0,6.20298128743326,0,6.23434927246787,0,0,0,2.93875807684821,0,0,0,0,0,0,0,0,0,0,0,0,0,0,0,0,0,0,0,0,0,0,0,0,0,0,0,0,0,0,0,0,0,0,0,0,3.49017024040222,0,2.954341173172,0,3.20404408717978,0,3.31914281845093,0,0,0,0,0,0,0,0,0,0,7.09637093870607,5.81987154483795,0,0,0
0,0,0,0,0,0,0,0,0,0,0,0,0,5.97273921966553,0,5.46434336900711,0,2.90379959344864,0,0,0,4.8667991402783,0,18.4826202392578,0,5.15963245160652,0,0,0,4.75902685303973,0,0,0,0,0,0,0,3.06532914638519,0,0,0,0,0,0,0,0,0,0,0,0,0,0,0,0,0,0,0,0,0,8.81771277018956,0,0,0,0,6.74418448579722,0,16.8365489112006,0,7.25383379249959,0,6.04565111051332,0,7.42646428254934,0,0,0,0,0,0,0,0,0,6.11794084864993,0,0,0,0
0,0,0,0,0,0,0,0,0,0,0,0,0,0,5.66704589128494,0,7.56527711947759,0,0,0,0,0,3.44875818335492,0,0,0,2.93875807684821,0,0,0,2.74599480628967,0,0,0,0,0,0,0,2.96567904949188,0,0,0,0,0,0,0,0,0,0,0,0,0,0,0,0,0,0,0,0,0,0,0,0,0,0,3.47717212779181,0,0,0,0,0,5.42470946595682,0,5.04177036602509,0,0,0,0,0,0,0,5.3126655739846,5.11385708332062,4.73232881646407,0,0,0
0,0,0,0,0,0,0,0,0,0,0,4.50920639325071,0,0,0,0,0,0,0,9.87816905975342,0,0,0,0,0,0,0,4.75902685303973,0,0,0,0,0,0,0,0,0,3.64218098858753,0,0,0,0,0,0,0,0,0,0,0,0,0,0,0,0,0,0,0,4.25842190742493,0,0,0,0,17.9768743515015,0,0,0,0,0,0,0,6.59514195767136,0,7.197055529356,0,0,0,0,0,0,0,3.25727769622096,0,4.82214827890749,2.85242700576782,0,0,0
0,0,0,0,0,0,0,0,0,0,3.6110100030899,0,0,0,0,0,0,0,0,0,0,0,0,0,0,0,0,0,2.74599480628967,0,0,0,0,0,0,0,0,0,3.3390528277347,0,0,0,0,0,0,0,0,0,0,0,0,0,0,0,0,0,3.3765349984169,0,0,0,0,0,0,0,0,0,0,0,0,0,0,3.09190119637383,0,4.04317193709049,0,0,0,0,0,0,0,3.29566227472745,0,0,0,0,0
0,0,0,0,0,0,0,0,0,0,0,0,0,0,0,0,0,0,0,0,0,0,0,0,0,0,0,0,0,0,0,0,4.86927217786163,3.33418784141541,8.50150854029554,17.7062809467316,6.298443402817,0,0,7.3703626833464,0,0,0,0,0,0,0,5.65707398424245,0,6.05583301457492,0,0,0,0,0,0,0,0,0,0,0,0,9.94804491102695,0,0,0,0,0,0,0,0,0,0,0,3.75389174052647,6.7196481304784,38.4630699157715,0,9.13525153938093,9.31359182463752,0,0,4.18063204675107,0,0,0,0
0,0,0,0,0,0,0,0,0,0,0,0,0,0,0,0,0,0,53.5590292612712,0,0,0,0,0,0,0,0,0,0,0,0,4.86927217786163,0,3.72792181101712,5.05975069462414,10.2127931017271,10.9392762591199,0,0,14.532019997065,0,0,33.1865834322843,0,0,0,0,5.84770022122248,19.1040839790016,7.16694924764544,0,0,0,0,0,0,0,0,0,0,0,0,17.1891618728638,0,0,0,0,0,0,0,0,0,0,0,5.57644288814985,4.14694538078191,42.8144092559814,5.23763523464068,19.0824543625022,6.18833051068442,0,21.7518043518066,5.39099952326881,0,36.7564754486084,0,40.7566699981689
0,0,0,0,0,0,0,0,0,0,0,0,0,0,0,0,0,0,0,0,0,0,0,0,0,0,0,0,0,0,0,3.33418784141541,3.72792181101712,0,4.53901918870683,2.98860483510154,3.2520988189568,3.58531825807359,0,7.67328839831882,0,8.59905338287354,61.8847007751465,0,0,0,0,4.51972100744172,0,5.73011572904225,0,0,0,0,0,0,0,0,0,0,0,0,0,0,0,0,0,0,0,0,0,0,0,0,3.01963216380069,0,4.29557229167071,3.82555473552031,6.52888479308477,0,5.84016939096673,0,3.77606562577962,3.37260007858276,10.9651670455933,0,0
0,0,61.9372177124023,0,0,0,0,0,60.3221130371094,0,0,0,0,0,0,0,78.2003205617269,88.9692249298096,47.8877834300096,0,0,0,0,0,0,0,0,0,0,0,0,8.50150854029554,5.05975069462414,4.53901918870683,0,0,5.9381321325734,0,6.45961910381652,17.56351039807,63.0052223205566,19.4726888301761,31.8744891202008,0,0,79.0185012817383,30.37200689969,6.21251053037299,12.287967931523,21.1526784732424,70.5566940307617,0,0,0,0,0,84.9481582641602,0,0,0,0,0,0,42.4841995239258,0,0,0,0,0,0,0,0,0,61.3654457092285,0,6.51223184585571,5.03141709474417,5.70478706804326,24.0573840227994,10.5367573360344,30.7734413146973,11.5765554417955,13.6960198595318,6.98353984874228,22.3901786017925,49.7076072692871,32.3857166626874
0,0,0,0,36.3779521355262,0,0,0,0,0,0,4.75424480438232,0,0,0,42.5593452453613,102.327989705404,81.5142523692204,67.9857092248388,8.94211980031461,27.7481698989868,0,0,0,0,0,0,0,0,0,0,17.7062809467316,10.2127931017271,2.98860483510154,0,0,5.17228160235172,14.0941134258978,0,8.39588001569112,87.4962844848633,54.0880749826213,87.3746083577474,45.7640113830566,0,43.2000454488504,23.5050217858676,4.60415958740551,0,42.1132361292839,35.5403760274251,0,0,0,0,0,0,0,0,30.4073015848796,0,34.5630176067352,20.7028216567491,26.7061414718628,0,0,0,0,0,0,61.9256992340088,0,58.0829819899339,0,0,0,0,122.346343994141,8.42955340538438,13.5623482283424,16.4282127158436,114.029022216797,9.41929685554052,5.79935281884437,41.3752049150425,45.0571273981139,0
0,0,51.9746189117432,0,25.240877696446,0,0,0,0,0,5.60159349441528,0,0,0,0,0,88.040873983632,103.834559631348,60.2299519845568,0,5.33270319787467,0,0,0,0,0,0,0,0,0,0,6.298443402817,10.9392762591199,3.2520988189568,5.9381321325734,5.17228160235172,0,151.287521362305,9.51887871062699,39.8239989280701,75.5908831725886,83.401676940918,49.7820230663152,0,45.5198516845703,89.204216003418,36.4434215106882,6.2137825076753,72.9579086303711,54.4692255900456,25.7527402242025,0,0,0,0,0,106.142425537109,0,0,0,0,0,0,5.73075073425502,0,0,0,0,0,0,0,0,0,83.7820653915405,4.82694312930107,7.28855893015862,0,13.1287389873643,20.0508157161817,8.26112220198792,127.221351623535,15.9015019025703,7.15760576404348,10.5083022693108,37.4138485352824,80.3476104736328,45.810378909111
0,11.162614532139,0,47.7544345855713,0,0,0,0,0,5.35739224572336,0,4.17923300687004,0,0,0,0,104.336774190267,80.5106302897135,73.5993008980384,10.2373727410487,0,9.28494264195126,0,6.5746066229684,0,0,0,3.06532914638519,0,3.64218098858753,0,0,0,3.58531825807359,0,14.0941134258978,151.287521362305,0,4.79693194322808,60.5133743286133,0,57.2904790110058,0,61.3082008361816,0,57.1180566267534,0,4.76607548391531,0,7.20477623799268,0,0,0,0,0,9.28260779380798,0,9.67279767990112,0,0,0,0,30.4435196827012,0,12.5124138583876,0,8.27886551238929,0,0,0,7.21891702733268,0,9.36689898587655,0,0,0,5.83205453554789,0,19.6554364943535,0,6.72866956036398,0,8.4619275985436,6.01350326971574,13.4509094431509,49.0319558923895,0
17.4984241485596,0,47.8843421936035,0,0,0,0,0,10.4928246451461,0,3.47033745304067,0,0,0,0,0,85.8650338309152,0,56.0297274679508,0,2.97125028073788,0,4.96245423516074,0,4.14724521636963,0,0,0,2.96567904949188,0,3.3390528277347,0,0,0,6.45961910381652,0,9.51887871062699,4.79693194322808,0,0,72.7764864469829,61.3119812011719,17.8397947527744,0,0,0,37.4350038906039,7.19062507889091,7.06181386981423,83.1541900634766,0,0,0,0,6.37516927137608,0,3.77145158251127,0,0,0,0,0,0,14.0510923862457,0,7.1701064496427,0,8.67750991715325,0,0,0,4.65234780311584,0,9.95408511161804,0,0,0,9.08810523121627,88.97509765625,13.6147360849757,0,6.41821942965734,8.06636623801472,9.08977696062189,15.6960082941277,0,26.8174372425786
0,0,45.940185546875,28.2859236399333,0,0,0,0,0,0,0,0,0,43.407829284668,0,44.5839900970459,89.2545509338379,82.8434400558472,61.376833269673,50.8263982137044,0,0,0,0,0,0,0,0,0,0,0,7.3703626833464,14.532019997065,7.67328839831882,17.56351039807,8.39588001569112,39.8239989280701,60.5133743286133,0,0,55.1069641113281,21.6403797171989,58.1579999923706,34.4880453745524,0,6.51118617571757,38.4881100654602,8.15626702125356,38.5625326156616,8.27137420064454,0,0,0,0,0,39.7334003448486,0,35.9142413820539,0,36.4452377845501,0,40.7106027910786,8.18548209049084,0,0,0,0,0,0,0,65.2606983184814,0,26.6926832199097,0,18.0224103927612,17.0871867537498,24.011651357015,26.8013436244084,5.76494606396624,62.9627643823624,17.9477866558941,49.9004602432251,21.9284513676376,25.740701675415,19.3865904125645,38.6943638920784,54.233570098877
0,0,37.1568033318771,0,0,0,0,0,0,0,0,0,0,0,0,0,68.0115070518004,78.7983162743705,47.0094244032842,0,0,0,0,0,0,0,0,0,0,0,0,0,0,0,63.0052223205566,87.4962844848633,75.5908831725886,0,72.7764864469829,55.1069641113281,0,24.0070022081545,19.9790353820155,0,0,85.4604136149089,15.1078651599355,27.1856800175848,13.2726338942026,52.5327104330063,0,0,0,0,0,0,50.5161075592041,0,0,0,0,0,0,11.8233552218624,0,0,0,0,0,0,102.004249572754,52.6386890411377,0,53.3055027553013,0,14.1093208509333,0,63.874404644144,84.5981597900391,17.0780256304926,112.068375905355,63.4247701547842,24.9873864618665,41.2124279340108,21.1211143353996,38.3339881896973,35.1770873527004
0,27.0370499362116,30.0749141148158,28.6219773074143,0,0,0,0,0,16.4608564774195,0,0,0,43.270268758138,0,43.5456855773926,55.1927230358124,50.279580932727,28.4530571494029,33.9365067769246,0,51.7134834289551,0,0,0,79.3992309570312,0,0,0,0,0,0,0,8.59905338287354,19.4726888301761,54.0880749826213,83.401676940918,57.2904790110058,61.3119812011719,21.6403797171989,24.0070022081545,0,15.3944065512798,14.1022620567909,0,18.3816282913876,30.5545933246613,16.0701135876702,29.8888457417488,19.3309509767054,0,0,0,0,0,43.4905645582411,0,26.9917282721009,0,30.1550200780233,0,40.7215648480316,30.6123815753706,0,39.0357081095378,0,46.2864739554269,0,42.1297140757243,0,30.1761204877721,0,26.9615037239457,54.5089489329945,0,0,5.46883392333984,36.2477497187528,28.9137149479333,54.1703910107883,30.2177171980273,62.0418930053711,14.7942231771593,28.0155651569366,14.8081385341675,17.4537784033927,21.6143157843387
12.1763594901923,0,24.1186573767249,0,45.5888423919678,0,0,0,11.0418935368458,0,0,0,0,0,0,0,48.8631446815672,62.9883470302675,27.6362249689004,60.4091873168945,0,0,0,0,0,0,0,0,0,0,0,0,33.1865834322843,61.8847007751465,31.8744891202008,87.3746083577474,49.7820230663152,0,17.8397947527744,58.1579999923706,19.9790353820155,15.3944065512798,0,0,0,53.8594375610352,31.4560620621603,22.0016967483798,13.0523237619209,50.1931671778361,72.6724395751953,0,0,0,25.2971773147583,0,26.1984664835828,0,0,0,0,0,69.7867431640625,22.0362552668714,0,0,0,0,0,0,99.3381881713867,26.6822832547701,66.517219543457,23.7613560551053,0,28.3214352199009,0,31.1083910696221,69.9090155192784,29.8777228186955,85.7592031305487,36.6177046632345,15.2328996143933,25.7413382530212,16.7698189587451,18.4757026831309,12.4861028642938
0,0,0,48.6822090148926,0,0,0,0,0,0,0,0,0,0,0,0,0,38.7204666137695,17.3504778544108,26.5806517601013,0,0,0,0,0,0,0,0,0,0,0,0,0,0,0,45.7640113830566,0,61.3082008361816,0,34.4880453745524,0,14.1022620567909,0,0,0,16.4776519820804,0,0,0,0,0,0,0,0,0,0,0,0,0,0,0,0,26.6205517450968,0,0,0,0,0,0,0,0,0,0,0,0,0,0,0,32.8310260039109,0,38.9307080374824,0,7.58194657961528,0,5.54793392468805,12.7570355279105,0
0,0,0,0,0,0,0,0,0,0,0,0,0,0,0,0,0,0,2.72911953926086,0,0,0,0,0,0,0,0,0,0,0,0,0,0,0,0,0,45.5198516845703,0,0,0,0,0,0,0,0,0,0,0,0,0,0,0,0,0,0,0,0,0,0,0,0,0,0,0,0,0,0,0,0,0,0,0,0,0,0,0,0,0,0,0,0,52.5278434753418,0,0,0,0,0
0,37.2558391571045,0,35.0813670158386,0,0,0,0,0,47.9388656616211,0,0,0,40.3055877685547,0,47.0227069854736,74.1628582166589,59.8776695367062,44.9141990262176,13.6422621729423,0,57.9144515991211,0,60.100648244222,0,0,0,0,0,0,0,0,0,0,79.0185012817383,43.2000454488504,89.204216003418,57.1180566267534,0,6.51118617571757,85.4604136149089,18.3816282913876,53.8594375610352,16.4776519820804,0,0,0,0,0,35.3077083134151,0,0,0,0,0,32.4445824623108,75.4596176147461,29.0040661355724,0,30.1410917663574,0,33.931357482384,9.83501358314146,0,61.4215739568075,0,60.4559868706597,0,54.4024255540636,0,46.1462306468659,0,42.6447869618734,108.014575958252,0,0,0,0,30.9944948545503,81.6631401062012,46.3488408207415,114.231861114502,31.5492920515089,55.98956934611,13.3125866558916,32.4993814627329,57.8535029093424
0,0,17.9457340694609,0,15.0651730624112,0,0,0,41.6789355278015,0,0,0,0,0,0,0,76.4314176386053,71.0034732818604,32.8534235980341,0,6.41460887753234,0,0,0,0,0,0,0,0,0,0,0,0,0,30.37200689969,23.5050217858676,36.4434215106882,0,37.4350038906039,38.4881100654602,15.1078651599355,30.5545933246613,31.4560620621603,0,0,0,0,36.4115135310447,33.6715967514936,34.5866979340375,18.4270759820938,0,0,0,51.639949798584,0,14.3748742652662,0,0,0,0,0,0,7.30564602926739,0,0,0,0,0,0,97.6016540527344,32.1767362867083,0,22.2898552895842,0,24.1033170223236,0,26.2102414477123,75.8126502990723,22.2763327151547,82.6945648193359,28.2955910770606,27.4310008013571,35.4321986304389,15.6077150712604,0,34.9653653621674
0,52.2564334869385,52.5799582004547,0,54.3339398701986,0,0,0,59.7577743530273,0,0,0,0,0,0,0,77.3729690551758,101.216766357422,50.9747379787719,0,44.334602355957,0,26.1477624719793,0,0,0,0,0,0,0,0,5.65707398424245,5.84770022122248,4.51972100744172,6.21251053037299,4.60415958740551,6.2137825076753,4.76607548391531,7.19062507889091,8.15626702125356,27.1856800175848,16.0701135876702,22.0016967483798,0,0,0,36.4115135310447,0,10.9045342920204,7.80581461925334,59.9328804016113,0,0,0,0,0,0,0,0,63.3998832702637,0,51.8303977966309,11.1879928804213,48.648801167806,0,26.5346990732046,0,25.2482602861192,0,0,97.539540608724,0,0,58.7835783751115,7.4557168285052,7.16959315906496,5.64763841296769,12.4441157769246,10.1720423914244,12.3621053451683,7.25016947789381,15.1319571054644,9.0224185253993,4.60542117423481,13.1579782444057,0,37.7582814833697
5.42994225681167,0,10.9764236418406,0,60.3722381591797,0,0,0,30.5881938934326,0,0,0,0,0,0,0,67.0771357218425,83.0630798339844,46.124568714815,0,0,0,8.76527618865172,0,10.9400635132423,0,0,0,0,0,0,0,19.1040839790016,0,12.287967931523,0,72.9579086303711,0,7.06181386981423,38.5625326156616,13.2726338942026,29.8888457417488,13.0523237619209,0,0,0,33.6715967514936,10.9045342920204,0,35.819638859142,0,0,0,0,4.30077469348907,0,7.32032770755862,0,9.58470644236763,0,5.25542311842849,0,0,24.8929492869276,0,9.15262925160041,0,10.1160429053836,0,8.37583881721162,0,5.32421970604664,0,9.86961778427106,0,40.8788318634033,36.0544700622559,13.5518884433536,36.5009475121131,40.2482318052879,55.6668281555176,6.58149826562986,19.0774506883016,29.1573189588693,14.0199556524949,0,26.8196404701055
0,14.286300741219,40.0122983351998,8.53659379857141,48.0668144226074,0,0,0,49.2865982055664,20.5944414138794,0,0,0,9.95678642817906,0,9.2775945699037,79.9752858479818,77.0633337838309,61.1626939924936,68.4364852905273,0,8.3840311563932,0,47.8891181945801,0,30.8705387115479,0,0,0,0,0,6.05583301457492,7.16694924764544,5.73011572904225,21.1526784732424,42.1132361292839,54.4692255900456,7.20477623799268,83.1541900634766,8.27137420064454,52.5327104330063,19.3309509767054,50.1931671778361,0,0,35.3077083134151,34.5866979340375,7.80581461925334,35.819638859142,0,51.3712832132975,0,0,0,0,34.9390310807662,0,27.3117785151043,0,12.6177525836301,0,16.2815601477687,21.2051459709803,0,10.9597655997693,0,37.4914257049561,0,14.4997374633002,0,20.7333995547272,0,19.4751845587855,65.5107198861929,0,10.2009325872494,5.47534084320068,35.0113001929389,10.9209193219965,64.8739892641703,11.7300142739319,52.883876653818,13.456247989102,25.1092596054077,19.0507602258778,55.5047171456473,0
0,0,5.91232509035701,0,4.71757390534967,0,2.94921815395355,0,0,0,0,0,0,0,0,0,0,0,0,0,10.7122866312663,0,0,0,0,0,0,0,0,0,0,0,0,0,70.5566940307617,35.5403760274251,25.7527402242025,0,0,0,0,0,72.6724395751953,0,0,0,18.4270759820938,59.9328804016113,0,51.3712832132975,0,0,3.15214251388203,0,0,0,3.73068336078099,0,5.45958239691598,0,0,0,0,12.1776692867279,0,0,0,0,0,0,0,0,0,0,0,0,0,0,0,21.9670554002126,0,0,11.8019952011108,0,8.84366349359838,0,0
0,0,0,0,0,3.14401679039001,0,0,0,0,0,0,0,0,0,0,0,0,0,0,0,0,0,0,0,0,0,0,0,0,0,0,0,0,0,0,0,0,0,0,0,0,0,0,0,0,0,0,0,0,0,0,0,0,0,0,0,0,0,2.99023435513178,0,0,0,0,0,0,0,0,0,0,0,0,0,0,0,0,0,0,0,0,0,0,0,0,16.1858455657959,0,0
0,0,0,0,3.60946606844664,0,3.95024772660922,0,0,0,5.79969899143491,0,3.01281094551086,0,0,0,0,0,0,0,0,0,0,0,0,0,0,0,0,0,0,0,0,0,0,0,0,0,0,0,0,0,0,0,0,0,0,0,0,0,3.15214251388203,0,0,0,0,0,5.25281642377377,0,3.25247508126336,0,0,0,0,0,0,0,0,0,0,0,0,0,0,0,0,0,0,0,0,0,0,0,3.80830459935325,0,0,0,0
0,0,0,0,0,0,0,0,0,0,0,0,0,0,0,0,0,0,0,0,0,0,0,0,0,0,0,0,0,0,0,0,0,0,0,0,0,0,0,0,0,0,0,0,0,0,0,0,0,0,0,0,0,0,0,0,0,0,0,0,0,0,0,0,0,0,0,0,0,0,0,0,0,0,0,0,0,0,0,0,0,0,0,0,0,0,0
4.30409363980563,0,5.73958680241607,0,0,0,0,0,4.71781268949094,0,0,0,0,0,3.23597178961101,0,19.6081981658936,34.175178527832,0,0,0,0,0,0,4.88123915697399,0,0,0,0,0,0,0,0,0,0,0,0,0,6.37516927137608,0,0,0,25.2971773147583,0,0,0,51.639949798584,0,4.30077469348907,0,0,0,0,0,0,0,0,0,0,0,3.65162163757416,0,0,0,0,0,0,3.40949522160195,0,7.95075273513794,0,0,0,0,0,0,0,0,0,0,0,9.5476254449516,6.9936116139094,0,5.8172832262516,0,0
0,3.30227006912231,0,19.7948980331421,0,0,0,0,0,5.73019211976835,0,0,0,0,0,8.74028971791267,0,0,0,0,0,0,0,5.81359265385003,0,3.91618865728378,0,0,0,0,0,0,0,0,0,0,0,9.28260779380798,0,39.7334003448486,0,43.4905645582411,0,0,0,32.4445824623108,0,0,0,34.9390310807662,0,0,0,0,0,0,0,19.1431541442871,0,0,0,0,0,0,0,0,7.20242103678541,0,5.33534049987793,0,0,0,0,0,0,0,0,0,27.5882530212402,0,8.84933477148004,0,9.55682077407837,11.5864849090576,25.4762591706946,0,0
0,0,25.6736916303635,0,0,0,6.19062348206838,0,0,0,6.45224481333045,0,3.59948587417603,0,0,0,55.3317565917969,0,32.1067333221436,0,9.46296395074337,0,0,0,0,0,0,0,0,0,3.3765349984169,0,0,0,84.9481582641602,0,106.142425537109,0,3.77145158251127,0,50.5161075592041,0,26.1984664835828,0,0,75.4596176147461,14.3748742652662,0,7.32032770755862,0,3.73068336078099,0,5.25281642377377,0,0,0,0,0,6.6951288895236,0,6.18093853526645,0,0,8.87169540423423,0,0,0,0,0,18.5536831565525,0,9.26484615117432,0,6.66627878579662,0,0,0,101.858413696289,0,64.7732330322266,0,22.3484804970878,24.009716719389,59.4070358276367,7.48266820458884,0,21.7015392515394
0,11.7212871551514,0,18.254997253418,0,0,0,0,0,19.6742585500081,0,3.65188347470065,0,8.62405742917742,0,9.04419803619385,0,0,59.299934387207,9.53677894274394,0,44.2419882078429,0,36.7658981323242,0,33.8125991821289,0,0,0,4.25842190742493,0,0,0,0,0,0,0,9.67279767990112,0,35.9142413820539,0,26.9917282721009,0,0,0,29.0040661355724,0,0,0,27.3117785151043,0,0,0,0,0,19.1431541442871,0,0,0,5.21762479802836,0,11.3335451577839,8.22444295790409,0,40.3394739627838,0,33.8048810531844,0,31.3819995625814,0,16.983270722844,0,13.6311384311392,0,0,0,0,0,17.9583908262707,0,18.0914792711773,0,23.6006692522451,0,14.378422882086,0,0
0,0,0,0,8.65755295753479,0,3.0860599737901,0,0,0,0,0,0,0,0,0,0,0,0,0,0,0,0,0,0,0,0,0,0,0,0,0,0,0,0,0,0,0,0,0,0,0,0,0,0,0,0,0,9.58470644236763,0,5.45958239691598,0,3.25247508126336,0,0,0,6.6951288895236,0,0,0,9.01908431089286,0,0,0,0,0,0,0,0,0,0,4.34671183510306,0,0,0,0,0,0,0,0,0,0,0,0,0,0,0
0,9.96596145629883,0,17.323055267334,0,0,0,0,0,0,0,3.17204999923706,0,4.32764380241158,0,5.28756059449295,0,0,0,14.9488509041922,0,33.7942336206851,0,24.2086498825638,0,14.3188977407855,0,8.81771277018956,0,0,0,0,0,0,0,30.4073015848796,0,0,0,36.4452377845501,0,30.1550200780233,0,0,0,30.1410917663574,0,63.3998832702637,0,12.6177525836301,0,2.99023435513178,0,0,0,0,0,5.21762479802836,0,0,0,4.29935973220401,15.0767304863885,0,32.7364091485496,0,24.1407030646481,0,17.1131175097886,0,9.93378643194834,0,0,0,0,0,0,0,24.3691365311785,0,30.2794202168783,0,11.044270581007,41.6932309468587,13.0356768250142,0,0
0,0,5.26322344371251,0,0,0,0,0,5.10710566384452,0,0,0,2.74706196784973,0,3.64337821801504,0,11.1297844539989,57.3083171844482,56.4511566162109,0,0,0,0,0,0,0,0,0,0,0,0,0,0,0,0,0,0,0,0,0,0,0,0,0,0,0,0,0,5.25542311842849,0,0,0,0,0,3.65162163757416,0,6.18093853526645,0,9.01908431089286,0,0,0,0,0,0,0,0,0,0,10.0996103689268,0,4.71510220610577,0,0,0,0,0,0,0,0,0,0,10.3393073479335,8.19398307800293,0,0,0
0,6.04678742275682,0,23.3282686233521,0,2.91599910006379,0,0,0,3.59625778198242,0,0,0,5.36115407943726,0,3.88402884740096,0,0,67.3677911758423,17.2447309494019,0,44.4584490458171,0,50.9837799072266,0,0,0,0,0,0,0,0,0,0,0,34.5630176067352,0,0,0,40.7106027910786,0,40.7215648480316,0,0,0,33.931357482384,0,51.8303977966309,0,16.2815601477687,0,0,0,0,0,0,0,11.3335451577839,0,4.29935973220401,0,0,17.9190659739754,0,37.1943001747131,0,25.3335054397583,0,7.76890722618383,0,13.3435720181933,0,0,0,0,0,0,0,30.4647343317668,0,43.6640644073486,0,15.5169291851368,21.1851194245475,20.8064876744445,0,0
0,41.9089469909668,0,31.5631664594014,0,0,0,0,0,54.2048645019531,0,3.4002874936813,0,17.0542931026883,0,16.9931825769359,83.3824033322542,75.0842421849569,56.3135918342537,8.46896572510198,0,48.2671167124873,0,0,0,30.9432859420776,0,0,0,17.9768743515015,0,9.94804491102695,17.1891618728638,0,0,20.7028216567491,0,30.4435196827012,0,8.18548209049084,0,30.6123815753706,69.7867431640625,26.6205517450968,0,9.83501358314146,0,11.1879928804213,0,21.2051459709803,0,0,0,0,0,0,0,8.22444295790409,0,15.0767304863885,0,17.9190659739754,0,0,42.4221849603168,0,39.3503272192819,0,36.4403821771795,0,27.9976108060918,0,22.9451215611771,78.4105072021484,19.988224029541,17.1404902140299,26.2837429046631,0,22.0269350584986,98.0562438964844,32.9566036026573,114.480918884277,24.1040682523568,97.326171875,18.671312702011,43.1755072275798,0
0,0,25.6155131844913,0,6.07429381517264,0,0,0,0,0,4.92030772708711,0,0,0,0,0,0,0,31.9807055155436,0,3.36649302683379,0,0,0,0,0,0,0,0,0,0,0,0,0,42.4841995239258,26.7061414718628,5.73075073425502,0,14.0510923862457,0,11.8233552218624,0,22.0362552668714,0,0,0,7.30564602926739,48.648801167806,24.8929492869276,0,12.1776692867279,0,0,0,0,0,8.87169540423423,0,0,0,0,0,0,0,0,0,0,0,0,27.5934376186795,0,18.6212588183085,0,14.6155156048861,0,0,0,0,0,6.86123506848405,0,23.3829047044118,13.7251409870737,39.587329864502,8.35246774782831,0,17.2419435501099
0,41.6209071477254,0,46.2693824768066,0,0,0,0,0,32.042875289917,0,0,0,27.9643416934543,0,0,32.8166980743408,7.67075888734115,69.5946807861328,40.7939247131348,0,4.89182498408211,0,7.45704228595152,0,6.934660537919,0,6.74418448579722,0,0,0,0,0,0,0,0,0,12.5124138583876,0,0,0,39.0357081095378,0,0,0,61.4215739568075,0,0,0,10.9597655997693,0,0,0,0,0,0,0,40.3394739627838,0,32.7364091485496,0,37.1943001747131,42.4221849603168,0,0,0,5.99467264557506,0,9.11262260860867,0,10.6579028192934,0,0,0,0,0,0,0,75.3684387207031,0,8.2946436999739,0,14.022698365725,6.33813047409058,49.4833657211728,0,0
24.286997795105,0,0,0,0,0,0,0,0,0,0,0,0,0,0,0,9.01126348010955,0,0,0,0,0,4.86675870238445,0,12.5683557033539,0,3.49017024040222,0,3.47717212779181,0,0,0,0,0,0,0,0,0,7.1701064496427,0,0,0,0,0,0,0,0,26.5346990732046,9.15262925160041,0,0,0,0,0,0,0,0,0,0,0,0,0,0,0,0,0,0,9.30414145344103,0,6.17768738632488,0,8.00653733147515,0,0,0,0,0,0,0,0,0,7.37988253821179,5.65415330207785,23.3516640663147,19.644455909729,0,0
0,15.0241621017456,0,49.574520111084,0,0,0,0,0,7.98550803706331,0,0,0,22.0987909757174,0,18.8721085654365,0,0,60.018575668335,0,0,8.59082612001671,0,5.25444550993287,0,5.65825394865794,0,16.8365489112006,0,0,0,0,0,0,0,0,0,8.27886551238929,0,0,0,46.2864739554269,0,0,0,60.4559868706597,0,0,0,37.4914257049561,0,0,0,0,0,7.20242103678541,0,33.8048810531844,0,24.1407030646481,0,25.3335054397583,39.3503272192819,0,5.99467264557506,0,0,0,10.1321885351823,0,17.1144625610775,0,46.6954383850098,0,0,0,0,0,0,0,10.6919368525856,0,32.3254161410862,0,49.4967921652445,0,0
3.48530828952789,0,0,0,0,0,0,0,4.62729406356812,0,0,0,0,0,0,0,13.9010244607925,0,0,0,0,0,7.92949771881104,0,5.5390003543151,0,2.954341173172,0,0,0,0,0,0,0,0,0,0,0,8.67750991715325,0,0,0,0,0,0,0,0,25.2482602861192,10.1160429053836,0,0,0,0,0,3.40949522160195,0,0,0,0,0,0,0,0,0,0,9.30414145344103,0,0,0,4.84015395548251,0,9.34727430343628,0,0,0,0,0,0,0,0,0,8.75793779801719,15.1433751799844,31.0120048522949,11.2466889138049,0,0
0,43.2338600158691,0,48.7133255004883,0,0,0,0,0,15.755988740921,0,0,0,13.7637281851335,0,5.72990630654728,0,3.07661999762058,82.3827743530273,43.3500760396322,0,12.9543013931954,0,5.4261753350189,0,5.22193951783357,0,7.25383379249959,0,0,0,0,0,0,0,0,0,0,0,0,0,42.1297140757243,0,0,0,54.4024255540636,0,0,0,14.4997374633002,0,0,0,0,0,5.33534049987793,0,31.3819995625814,0,17.1131175097886,0,7.76890722618383,36.4403821771795,0,9.11262260860867,0,10.1321885351823,0,0,0,9.89080235854439,0,0,0,0,0,0,0,71.9392776489258,0,43.7887687683105,0,11.2539452097633,0,40.8989124884972,0,0
11.4544113725424,0,0,0,0,0,0,0,0,0,0,0,0,0,5.88198566436768,0,5.49913993287594,0,0,0,0,0,3.18648167089982,0,3.45953233851943,0,3.20404408717978,0,0,0,0,0,0,0,0,0,0,0,0,0,0,0,0,0,0,0,0,0,8.37583881721162,0,0,0,0,0,7.95075273513794,0,18.5536831565525,0,0,0,10.0996103689268,0,0,27.5934376186795,0,6.17768738632488,0,4.84015395548251,0,0,0,6.40032850127471,0,0,0,0,0,0,0,0,0,0,7.80254689852397,0,16.1870730913602,0,0
0,32.2934786125466,0,37.0376891396262,0,0,0,0,0,21.033126224171,0,19.5898786024614,0,8.00253316630488,0,0,103.528987884521,80.8851114908854,64.1364453633626,29.6682005359628,0,13.915627542664,0,15.797447013855,0,11.0989473819733,0,6.04565111051332,0,6.59514195767136,0,0,0,0,0,61.9256992340088,0,7.21891702733268,0,65.2606983184814,102.004249572754,30.1761204877721,99.3381881713867,0,0,46.1462306468659,97.6016540527344,97.539540608724,0,20.7333995547272,0,0,0,0,0,0,0,16.983270722844,0,9.93378643194834,0,13.3435720181933,27.9976108060918,0,10.6579028192934,0,17.1144625610775,0,9.89080235854439,0,0,0,8.67310714175683,0,0,0,0,0,69.4029708275428,106.046970367432,10.4893376715978,0,19.6389134412977,42.0922615528107,39.5074954751631,55.6539337851784,0
7.53873570760091,0,33.0743341445923,0,0,0,0,0,0,0,0,0,0,0,3.81307554244995,0,0,0,35.103048324585,0,0,0,4.1090535958608,0,14.2848482131958,0,3.31914281845093,0,5.42470946595682,0,3.09190119637383,0,0,0,0,0,0,0,4.65234780311584,0,52.6386890411377,0,26.6822832547701,0,0,0,32.1767362867083,0,5.32421970604664,0,0,0,0,0,0,0,9.26484615117432,0,4.34671183510306,0,4.71510220610577,0,0,18.6212588183085,0,8.00653733147515,0,9.34727430343628,0,6.40032850127471,0,0,0,4.78178252400579,0,0,0,0,0,65.34375,0,6.38410154277435,5.59401185121109,0,11.2215667463118,0,40.9584860801697
0,31.5227633256179,0,35.97163290136,0,0,0,0,0,21.6004657745361,0,10.1151411266703,0,47.7136726379395,0,0,84.5429363250732,73.721901603367,54.0700569309172,22.1588182147545,0,0,0,0,0,0,0,7.42646428254934,0,7.197055529356,0,0,0,0,0,58.0829819899339,0,9.36689898587655,0,26.6926832199097,0,26.9615037239457,66.517219543457,0,0,42.6447869618734,0,0,0,19.4751845587855,0,0,0,0,0,0,0,13.6311384311392,0,0,0,0,22.9451215611771,0,0,0,46.6954383850098,0,0,0,8.67310714175683,0,0,0,0,0,0,0,61.9772955481686,0,11.4790254601002,0,27.1222389207132,0,30.7936093837147,32.3984591166178,0
26.0942630767822,0,31.9832722713273,0,44.5566368103027,0,0,0,0,0,5.06502170562744,0,0,0,0,0,70.9106233119965,88.1389988490513,32.766887509093,0,0,0,0,0,0,0,0,0,5.04177036602509,0,4.04317193709049,0,0,0,61.3654457092285,0,83.7820653915405,0,9.95408511161804,0,53.3055027553013,54.5089489329945,23.7613560551053,0,0,108.014575958252,22.2898552895842,58.7835783751115,9.86961778427106,65.5107198861929,0,0,0,0,0,0,6.66627878579662,0,0,0,0,0,78.4105072021484,14.6155156048861,0,0,0,0,0,0,0,4.78178252400579,0,0,0,0,0,68.6793929290772,105.0852394104,61.3878922598703,133.087463378906,10.910572335124,46.4847125337548,45.1476523659446,17.1345302274338,0,22.688922971128
0,0,0,0,0,0,0,0,0,0,0,0,0,0,0,0,0,0,0,0,0,0,0,0,0,0,0,0,0,0,0,3.75389174052647,5.57644288814985,3.01963216380069,0,0,4.82694312930107,0,0,18.0224103927612,0,0,0,0,0,0,0,7.4557168285052,0,0,0,0,0,0,0,0,0,0,0,0,0,0,19.988224029541,0,0,0,0,0,0,0,0,0,0,0,0,19.2627482414246,3.26461325751411,10.9646215438843,11.6895970621625,11.1165300282565,0,0,3.59143117550881,0,0,0,0
