0,0,0.151101811726888,0,0.147339977324009,0,0,0,0.172489578304089,0,0,0,0,0,0.226834163069725,0,0,0,0.23599786311388,0,0,0,0,0,0,0,0,0,0,0,0,0,0,0,0,0,0,0,0,0,0,0,0.207540168834866,0,0,0,0,0,0.188418057132909,0,0.148860841989517,0,0,0,0.200280341697801,0,0,0,0,0,0.175922993055831,0,0,0,0,0,0,0,0,0,0,0,0,0.223467111587524,0,0,0,0,0,0,0,0,0.190105240792036,0,0.185764327414077,0,0.189888190478086
0,0,0,0,0,0,0,0,0,0.191387386791096,0,0,0,0,0,0,0,0,0,0,0,0,0,0,0,0,0,0,0,0,0,0,0,0,0,0,0,0,0,0,0,0.231728832238982,0,0,0,0,0,0,0,0.194101969198305,0,0,0,0,0,0.206392129437891,0,0,0,0,0,0.190738034745057,0,0,0,0,0,0,0,0,0,0,0,0,0,0,0,0,0,0,0,0,0.183226580694904,0,0.174382915339678,0.229316785627482,0
0.151101811726888,0,0,0,0.179210205872854,0,0,0,0.171086362921275,0,0,0,0,0,0.155719953278701,0,0,0,0.293864130973816,0,0.247528721061018,0,0,0,0,0,0,0,0,0,0,0,0,0,0,0,0,0,0,0,0,0,0.254741328772499,0,0,0,0.218906475231051,0,0.176299410872161,0,0.138488276302814,0,0,0,0.159045188647249,0,0.261621603369713,0,0,0,0.156871410853723,0,0,0.22645159269516,0,0,0,0,0,0,0,0,0,0,0,0,0,0,0,0,0,0,0.164771785649161,0,0.235129969390374,0,0.245645350880093
0,0,0,0,0,0.165906634926796,0,0,0,0.137944939235846,0,0,0,0,0,0,0,0.259054720401764,0.25149938557297,0.18463342388471,0,0,0,0,0,0,0,0,0,0,0,0,0,0,0,0.205342513861066,0,0,0,0.32354673743248,0,0.28779047220908,0,0,0,0.237297538282542,0,0,0,0.269787187377612,0,0.192564012702376,0,0,0,0,0,0,0,0.167194209992886,0,0.16107644399871,0.261574489835205,0,0,0,0,0,0,0,0,0,0,0,0,0,0,0,0.242984310047239,0,0,0,0.210675633201996,0,0.234296223495128,0.26121389298212,0
0.147339977324009,0,0.179210205872854,0,0,0,0,0,0.13932004570961,0,0,0,0,0,0.141788654029369,0,0,0,0,0,0.150313562110943,0,0,0,0,0,0,0,0,0,0,0,0,0,0,0,0,0,0,0,0,0,0.219303403049707,0,0,0,0.187349987526735,0,0.15521552413702,0,0.187231573325464,0,0.166225120425224,0,0.148983647425969,0,0.17460210948731,0,0.178222065781527,0,0.164405017970054,0,0,0.199005323798717,0,0,0,0,0,0,0,0,0,0,0,0,0,0,0,0.204297577341398,0,0,0.16816782951355,0,0.164873048159235,0,0
0,0,0,0.165906634926796,0,0,0,0.174727174170901,0,0.14848094061017,0,0,0,0,0,0,0,0,0,0.144553110794683,0,0,0,0,0,0,0,0,0,0,0,0,0,0,0,0.179879038594663,0,0,0,0,0,0,0,0,0,0,0,0,0,0,0,0.167853051184008,0,0,0,0,0,0.179724373987743,0,0.182904958724976,0,0.170119099318981,0.156492471694946,0,0,0,0,0,0,0,0,0,0,0,0,0,0,0,0.183341562747955,0,0,0,0.178481579407469,0,0.146816984254078,0,0
0,0,0,0,0,0,0,0,0,0,0,0,0,0,0,0,0,0,0,0,0.175500825047493,0,0,0,0,0,0,0,0,0,0,0,0,0,0,0,0.137157594164213,0,0,0,0,0,0,0,0,0,0,0,0,0,0.144511349499226,0,0.14512275186452,0,0,0,0.126385087768237,0,0.157819043167613,0,0,0,0,0,0,0,0,0,0,0,0,0,0,0,0,0,0,0,0,0,0,0,0.0777015089988708,0,0,0,0
0,0,0,0,0,0.174727174170901,0,0,0,0,0,0,0,0,0,0,0,0,0,0.145141346818384,0,0,0,0,0,0,0,0,0,0,0,0,0,0,0,0,0,0,0,0,0,0,0,0,0,0,0,0,0,0,0,0.172899847229322,0,0.174731142818928,0,0,0,0.155527773110763,0,0.161124008397261,0,0,0.14730081129987,0,0,0,0,0,0,0,0,0,0,0,0,0,0,0,0,0,0,0,0.162119980589036,0,0,0,0
0.172489578304089,0,0.171086362921275,0,0.13932004570961,0,0,0,0,0,0,0,0,0,0.158260819507227,0,0.18910958757289,0,0.235761775294455,0,0.259399384260178,0,0,0,0.275303868641113,0,0.171217900255452,0,0,0,0,0,0,0,0,0,0,0,0.251483934141007,0,0,0,0.194988481791281,0,0,0,0.33687965075175,0,0.255639923166256,0,0,0,0,0,0.245500037588799,0,0.354148611426353,0,0.162907294929028,0,0.186684793303683,0,0,0.245629236102104,0,0,0,0.228269669744704,0,0.15000806748867,0,0,0,0,0,0,0,0,0,0,0,0.336240790784359,0.182441714188872,0.173242626090844,0.218480828265389,0,0.200187751225063
0,0.191387386791096,0,0.137944939235846,0,0.14848094061017,0,0,0,0,0,0,0,0,0,0.162179319005387,0,0.149114230734212,0,0,0,0,0,0.150578770520432,0,0.140291027514867,0,0,0,0,0,0,0,0.238627329468727,0,0,0,0.230577853351536,0,0,0,0.248687020582812,0,0,0,0,0,0,0,0,0,0.165521129965782,0,0,0,0.238095186204251,0,0,0,0,0,0.17878807120853,0,0,0,0,0.222570061683655,0,0.147308428372656,0,0,0,0,0,0,0,0.252253457903862,0,0,0,0.2312990334945,0,0.174862134934667,0,0.194575279753467,0.257029861211777,0
0,0,0,0,0,0,0,0,0,0,0,0,0.140432633049155,0,0,0,0,0,0,0,0.138128029694269,0,0,0,0,0,0,0,0,0,0.142091333866119,0,0,0,0,0,0.150423863704238,0,0.126039737524476,0,0,0,0,0,0,0,0,0,0,0,0,0,0,0,0,0,0.126137358749785,0,0.148121046523253,0,0,0,0,0.160451819499334,0,0,0,0,0,0,0,0,0,0,0,0,0,0,0,0.140683931715649,0,0.124341218646272,0.148495058368248,0.155318185687065,0,0,0
0,0,0,0,0,0,0,0,0,0,0,0,0,0.193145824821441,0,0,0,0,0,0.147710066459034,0,0,0,0,0,0,0,0.165993993481,0,0.180290162563324,0,0,0,0,0,0.141192451623327,0,0.156504223021652,0,0,0,0,0,0,0,0,0,0,0,0,0,0,0,0,0,0,0,0.17043547452117,0,0.145773278439746,0,0,0.166234868294197,0,0,0,0,0,0,0,0,0,0.175159385571113,0,0,0,0,0,0.141318820290217,0,0.163590746904112,0,0.190860744826095,0,0,0,0
0,0,0,0,0,0,0,0,0,0,0.140432633049155,0,0,0,0.134867634624243,0,0,0,0,0,0,0,0,0,0,0,0,0,0.177627801895142,0,0,0,0,0,0,0,0,0,0,0,0,0,0,0,0,0,0,0,0,0,0,0,0,0,0,0,0.145649212963727,0,0.17212971417956,0,0.142843917012215,0,0,0,0,0,0,0,0,0,0,0,0,0,0,0,0,0,0,0,0,0,0.136881528349666,0.212984714657068,0,0,0
0,0,0,0,0,0,0,0,0,0,0,0.193145824821441,0,0,0,0,0,0.146664168685675,0,0,0,0,0,0,0,0.147758955756823,0,0,0,0.174988314509392,0,0,0,0,0,0,0,0,0,0,0,0,0,0,0,0,0,0,0,0,0,0,0,0,0,0,0,0.182011984288692,0,0.155941587668846,0,0,0,0,0,0,0,0,0,0,0.162471447139978,0,0,0,0,0,0,0,0,0,0,0,0.22243487698083,0.219184853136539,0,0,0
0.226834163069725,0,0.155719953278701,0,0.141788654029369,0,0,0,0.158260819507227,0,0,0,0.134867634624243,0,0,0,0.149232135950655,0,0,0,0,0,0,0,0,0,0.134231708813132,0,0,0,0,0,0,0,0,0,0,0,0,0,0,0,0.203786447644234,0,0,0,0,0,0,0,0.139755995323261,0,0,0,0.211171363306753,0,0,0,0.140295252203941,0,0.148133218578414,0,0,0,0,0,0,0,0,0.124982402792999,0,0,0,0,0,0,0,0,0,0,0,0,0.170565214509226,0.203218899667263,0,0,0
0,0,0,0,0,0,0,0,0,0.162179319005387,0,0,0,0,0,0,0,0.171059739938296,0,0,0,0,0,0,0,0.144842877984047,0,0,0,0,0,0,0,0,0,0,0,0,0,0,0,0,0,0,0,0,0,0,0,0,0,0,0,0,0,0.145355902793931,0,0,0,0,0,0.174960428184563,0,0,0,0,0,0,0,0,0,0,0,0,0,0,0,0,0,0,0,0,0.175717134028673,0.176929876208305,0,0,0
0,0,0,0,0,0,0,0,0.18910958757289,0,0,0,0,0,0.149232135950655,0,0,0.168552099990964,0.241017850072564,0,0.322824645042419,0.13373264670372,0.149042824500551,0,0.175396907351617,0.144849702715874,0.139923031813379,0,0.117071284124484,0,0,0,0,0,0,0,0,0,0,0.320331621192284,0.280827881679648,0.249982654087005,0.241562667430616,0.259035165752134,0.250823124622305,0.280878324475553,0.277325545411661,0,0,0,0,0,0,0,0,0,0.327495651585715,0,0,0,0.146347796337472,0,0,0.319985932479166,0,0.102095686472379,0,0,0,0.152032719625906,0,0,0,0,0,0,0,0,0.339679794446115,0.325422903835373,0,0,0.176781052052136,0.187909170192801,0.316652003897678,0.235053023323417,0.2317293922816
0,0,0,0.259054720401764,0,0,0,0,0,0.149114230734212,0,0,0,0.146664168685675,0,0.171059739938296,0.168552099990964,0,0.247349600982025,0,0.282275021076202,0.115982644833051,0.143612195207522,0.185515618055231,0.138808062246868,0.136356834037494,0.180368401110172,0.127232714299044,0,0,0,0,0,0,0,0,0,0,0,0.273612018266734,0.267947573376739,0.245371604567678,0.237677970102855,0.2555719219976,0.261636080486434,0.246621032104348,0.2804048104984,0,0,0,0,0,0,0,0,0.14374062135106,0.289445787668228,0,0,0,0,0.166720253343766,0,0.311794678370158,0,0,0,0,0.135405449941754,0.152108527719975,0,0,0,0,0,0,0,0,0.290136849409656,0.311108406186104,0,0,0.171151226523185,0.212737199040535,0.29379897501868,0.24561208767711,0.229377888143063
0.23599786311388,0,0.293864130973816,0.25149938557297,0,0,0,0,0.235761775294455,0,0,0,0,0,0,0,0.241017850072564,0.247349600982025,0,0,0.338245236873627,0.194497436285019,0.2207141071558,0,0.244449618458748,0,0.27370278040568,0,0,0,0,0,0,0,0,0,0.322370674461126,0,0,0.333678357874761,0.303678832191993,0.245874394860058,0.226649131793745,0.250733871198572,0.241843840175301,0.254460199584697,0.308013661436311,0,0,0,0,0,0,0,0,0.246341019868851,0.330804170833694,0.261231034994125,0,0,0,0,0.281868204474449,0.310192633229188,0,0,0,0,0,0.250525318086147,0,0,0,0,0,0,0,0,0.354945263324116,0.359474245520782,0,0,0.20242413139324,0.202700396733625,0.313692331676606,0.246857616360541,0.234000348146
0,0,0,0.18463342388471,0,0.144553110794683,0,0.145141346818384,0,0,0,0.147710066459034,0,0,0,0,0,0,0,0,0,0,0,0,0,0,0,0,0,0,0,0,0,0,0,0.161376071625542,0,0.14965751476805,0,0,0,0,0,0,0,0,0,0,0,0,0,0,0,0,0,0,0,0.135350173073156,0,0,0,0,0.163073572696609,0,0,0,0,0,0,0,0,0,0,0,0,0,0,0,0.174693155736207,0,0.149486088752747,0,0.178794151000211,0,0.179965327843765,0,0
0,0,0.247528721061018,0,0.150313562110943,0,0.175500825047493,0,0.259399384260178,0,0.138128029694269,0,0,0,0,0,0.322824645042419,0.282275021076202,0.338245236873627,0,0,0,0,0,0,0,0,0,0,0,0,0,0,0,0,0,0.143703152398622,0,0.147465675049707,0.319738268852234,0,0,0.381750861803691,0,0.381646722555161,0,0.273049872535378,0,0.299611985683441,0,0.169143509119749,0,0.164405189454556,0,0,0,0.158467638480132,0,0,0,0,0,0,0.208719708600267,0,0,0,0,0,0,0,0,0,0,0,0,0,0,0,0.14500077264632,0,0.143942889259305,0.169488580686412,0.165953440325601,0.191852089082986,0,0.371920704841614
0,0,0,0,0,0,0,0,0,0,0,0,0,0,0,0,0.13373264670372,0.115982644833051,0.194497436285019,0,0,0,0.119768508295448,0,0,0.135485425591469,0,0.125046111643314,0,0,0,0,0,0,0,0,0,0.271622400241239,0.123784298077226,0,0,0,0,0,0,0,0,0,0,0,0,0,0,0,0,0,0,0,0,0,0,0,0,0,0.194620095694314,0.11211543801156,0,0,0.111291825771332,0,0.284728434178736,0,0,0,0,0,0,0,0,0,0.246587033603569,0,0.137315357973178,0,0,0,0
0,0,0,0,0,0,0,0,0,0,0,0,0,0,0,0,0.149042824500551,0.143612195207522,0.2207141071558,0,0,0.119768508295448,0,0,0.16628368857295,0,0.121702002475456,0,0.131505800021249,0,0,0,0,0,0,0,0,0,0.146761726863958,0,0,0,0,0,0,0,0.220176577568054,0,0.181554330140352,0,0,0,0,0,0,0,0,0,0,0,0,0,0,0,0.110876233095214,0.209020871746892,0,0.266397756898505,0,0.274376381890497,0,0.157759634563417,0,0,0,0,0,0,0,0,0,0.212447843747389,0.138360947295017,0,0.300808638334274,0,0
0,0,0,0,0,0,0,0,0,0.150578770520432,0,0,0,0,0,0,0,0.185515618055231,0,0,0,0,0,0,0,0,0,0,0,0,0,0,0,0,0,0,0,0.322521754111467,0,0,0,0,0,0,0,0,0,0.345326781272888,0,0.329623639583588,0,0,0,0,0,0.152518884131783,0,0,0,0,0,0,0,0,0,0,0.137686575949192,0,0,0,0,0,0,0,0,0,0,0,0,0,0.351817668415606,0,0.158189214164826,0.135287523269653,0.245513098990476,0.20333431661129,0
0,0,0,0,0,0,0,0,0.275303868641113,0,0,0,0,0,0,0,0.175396907351617,0.138808062246868,0.244449618458748,0,0,0,0.16628368857295,0,0,0,0.172602407634258,0,0,0,0,0,0,0,0,0,0,0,0.11222920395969,0,0,0,0.324472934007645,0,0,0,0.256326362490654,0,0.196272330064523,0,0,0,0,0,0.248401912745465,0,0,0,0,0,0,0,0,0,0,0.168824844062328,0,0.167945663979713,0,0.192372913161914,0,0,0,0,0,0,0,0,0,0,0,0.145915797039082,0.1644606668116,0,0.270760490976531,0,0
0,0,0,0,0,0,0,0,0,0.140291027514867,0,0,0,0.147758955756823,0,0.144842877984047,0.144849702715874,0.136356834037494,0,0,0,0.135485425591469,0,0,0,0,0,0.121077687612602,0,0,0,0,0,0,0,0,0,0,0,0,0,0,0,0,0,0,0,0,0,0,0,0,0,0,0,0.137966100479026,0,0,0,0,0,0,0,0,0,0,0.111567109823227,0,0.140818552537398,0,0,0,0,0,0,0,0,0,0,0,0,0,0.127922020002765,0,0,0,0
0,0,0,0,0,0,0,0,0.171217900255452,0,0,0,0,0,0.134231708813132,0,0.139923031813379,0.180368401110172,0.27370278040568,0,0,0,0.121702002475456,0,0.172602407634258,0,0,0,0.177119686490013,0,0,0,0,0,0,0,0,0,0,0,0,0,0,0,0,0,0,0,0,0,0,0,0,0,0.170427426695824,0,0,0,0,0,0,0,0,0,0,0.114163641631603,0,0.12649762401214,0,0.140316102995227,0,0.174083726540689,0,0,0,0,0,0,0,0,0,0,0.147401126433713,0,0,0,0
0,0,0,0,0,0,0,0,0,0,0,0.165993993481,0,0,0,0,0,0.127232714299044,0,0,0,0.125046111643314,0,0,0,0.121077687612602,0,0,0,0.161905441589134,0,0,0,0,0,0,0,0,0,0,0,0,0,0,0,0,0,0,0,0,0,0,0,0,0,0,0,0,0,0,0,0,0,0,0,0,0,0,0.154469315920557,0,0.148455904431073,0,0.171081693342815,0,0,0,0,0,0,0,0.132916124803679,0,0.136757357252969,0,0,0,0
0,0,0,0,0,0,0,0,0,0,0,0,0.177627801895142,0,0,0,0.117071284124484,0,0,0,0,0,0.131505800021249,0,0,0,0.177119686490013,0,0,0,0.169965634258782,0,0,0,0,0,0,0,0.135753016918898,0,0,0,0,0,0,0,0,0,0,0,0,0,0,0,0,0,0,0,0.179553119120774,0,0,0,0,0,0,0,0,0,0,0.162740729749203,0,0.146038033047426,0,0.165332120233055,0,0,0,0,0,0,0,0.151771518919203,0.14759869116048,0.153992418395846,0,0,0
0,0,0,0,0,0,0,0,0,0,0,0.180290162563324,0,0.174988314509392,0,0,0,0,0,0,0,0,0,0,0,0,0,0.161905441589134,0,0,0,0,0,0,0,0,0,0.15739189684391,0,0,0,0,0,0,0,0,0,0,0,0,0,0,0,0,0,0,0,0,0,0,0,0,0,0,0,0,0,0,0,0,0.153562653064728,0,0.167334735103413,0,0,0,0,0,0,0,0.156161657401494,0,0,0,0,0,0
0,0,0,0,0,0,0,0,0,0,0.142091333866119,0,0,0,0,0,0,0,0,0,0,0,0,0,0,0,0,0,0.169965634258782,0,0,0,0,0,0,0,0,0,0.13663989985028,0,0,0,0,0,0,0,0,0,0,0,0,0,0,0,0,0,0,0,0,0,0,0,0,0,0,0,0,0,0,0,0,0.148739963769913,0,0.164918040700048,0,0,0,0,0,0,0,0.146155829552342,0,0,0,0,0
0,0,0,0,0,0,0,0,0,0,0,0,0,0,0,0,0,0,0,0,0,0,0,0,0,0,0,0,0,0,0,0,0.252209546763974,0.153784987330437,0.23344248059121,0.148337470150433,0,0,0,0,0,0,0,0,0,0,0,0.28285661446007,0.395460784435272,0,0,0,0,0,0,0,0,0,0,0,0,0,0,0,0,0,0,0,0,0,0,0,0,0,0.265957104028887,0.229723053568221,0.300507914943573,0.225025679738749,0.352679178906339,0.396583467721939,0,0,0.181042862225728,0,0,0,0
0,0,0,0,0,0,0,0,0,0,0,0,0,0,0,0,0,0,0,0,0,0,0,0,0,0,0,0,0,0,0,0.252209546763974,0,0,0.225173185269038,0,0.169504018206345,0,0,0,0,0,0,0,0,0,0,0.323931221295609,0.392838642001152,0,0,0,0,0,0,0,0,0,0,0,0,0,0,0,0,0,0,0,0,0,0,0,0,0,0.25623982878668,0.254692732130637,0.340841263532639,0.336768841991822,0.286224007606506,0.272900786974134,0,0,0.299358382821083,0,0,0,0
0,0,0,0,0,0,0,0,0,0.238627329468727,0,0,0,0,0,0,0,0,0,0,0,0,0,0,0,0,0,0,0,0,0,0.153784987330437,0,0,0.16557007821754,0.171840503153488,0,0.242275775812297,0.163689717650414,0,0,0,0,0,0,0,0,0.26632913906106,0.336226814985275,0.284744963049889,0,0,0,0,0,0,0,0,0,0,0,0,0,0,0,0,0.267836332321167,0,0,0,0,0,0,0,0.223498018150744,0,0.23633080741342,0.16222229739387,0.176412905654768,0,0.355975310665619,0.304853222370148,0.173319496471306,0,0,0,0
0,0,0,0,0,0,0,0,0,0,0,0,0,0,0,0,0,0,0,0,0,0,0,0,0,0,0,0,0,0,0,0.23344248059121,0.225173185269038,0.16557007821754,0,0,0.161933383202973,0.177338217263636,0.29351050806673,0,0,0,0,0,0,0,0,0.279042635470555,0.306302379478108,0.370851516723633,0,0,0,0,0,0,0,0,0,0,0,0,0,0,0,0,0,0,0,0,0,0,0,0,0.280379098322656,0.235377238215511,0.196725688751231,0.195070849315483,0,0.181135087287256,0.272972178573792,0.31584805732476,0.14898183720171,0,0.390044197440147,0,0
0,0,0,0.205342513861066,0,0.179879038594663,0,0,0,0,0,0.141192451623327,0,0,0,0,0,0,0,0.161376071625542,0,0,0,0,0,0,0,0,0,0,0,0.148337470150433,0,0.171840503153488,0,0,0.127779499716587,0.220985029489119,0.154520064302079,0.206954784691334,0,0.254568879803022,0,0,0,0.168460177498705,0,0.458965166181814,0.298987030982971,0,0,0,0,0,0,0,0,0.210750523209572,0,0,0,0,0.188550380376463,0,0,0,0,0,0,0,0,0,0,0,0.147573536843107,0,0.172042824584862,0,0.210469827990814,0.184503974137959,0.183321436753078,0,0.167550396015975,0.192778109439782,0.201832512595567,0,0
0,0,0,0,0,0,0.137157594164213,0,0,0,0.150423863704238,0,0,0,0,0,0,0,0.322370674461126,0,0.143703152398622,0,0,0,0,0,0,0,0,0,0,0,0.169504018206345,0,0.161933383202973,0.127779499716587,0,0.105238704276936,0.178184751392601,0.310626357793808,0,0,0.303694993257523,0,0.343507212400436,0,0.244352237536357,0.48823094787732,0,0,0,0,0,0,0,0,0.162955268646201,0,0,0,0,0,0,0.191924250693548,0,0,0,0,0,0,0,0,0,0,0,0.161243568720489,0,0.123842108670784,0.320443880558014,0.206483645876931,0,0.17268634484046,0.164451016833265,0.165679876371163,0.205803240979871,0,0
0,0,0,0,0,0,0,0,0,0.230577853351536,0,0.156504223021652,0,0,0,0,0,0,0,0.14965751476805,0,0.271622400241239,0,0.322521754111467,0,0,0,0,0,0.15739189684391,0,0,0,0.242275775812297,0.177338217263636,0.220985029489119,0.105238704276936,0,0.157584712197085,0,0,0.187556090008002,0,0,0,0,0,0.52365163444471,0,0.196898422721359,0,0,0,0,0,0.306458198361927,0,0.156626037469036,0,0,0,0,0.170616029489855,0,0.319636658886852,0,0.343295232812454,0,0,0,0,0,0.145644788146019,0,0,0,0.255837595597246,0,0.272714079886396,0,0.212892507571369,0.13177675368457,0.208579363519652,0.215496346354485,0.227747010013887,0.181214869022369,0
0,0,0,0,0,0,0,0,0.251483934141007,0,0.126039737524476,0,0,0,0,0,0,0,0,0,0.147465675049707,0.123784298077226,0.146761726863958,0,0.11222920395969,0,0,0,0.135753016918898,0,0.13663989985028,0,0,0.163689717650414,0.29351050806673,0.154520064302079,0.178184751392601,0.157584712197085,0,0,0,0,0.167532564307514,0,0,0,0,0.449254960542725,0.264760361736458,0,0,0,0,0,0.269165515830671,0,0.136844283456469,0,0,0,0,0,0,0.181599388068373,0,0.214150195528647,0,0.297074444809534,0,0,0,0,0,0.172329665788195,0,0,0.160543344382729,0.277634258434471,0.169956193942773,0.18597440765173,0.192237519792148,0.195690334664545,0.181980684844416,0.13491671106645,0.25484327562764,0,0
0,0,0,0.32354673743248,0,0,0,0,0,0,0,0,0,0,0,0,0.320331621192284,0.273612018266734,0.333678357874761,0,0.319738268852234,0,0,0,0,0,0,0,0,0,0,0,0,0,0,0.206954784691334,0.310626357793808,0,0,0,0.291467927396297,0.288968322659689,0.296211872782026,0.342782978353131,0.315887739452032,0.257930551747439,0.327674720769943,0.298283308744431,0,0.180293687320857,0,0,0,0,0,0,0,0,0,0,0,0,0.22458269726485,0,0,0,0,0,0,0,0,0,0,0,0,0,0,0,0.313243629529755,0.364786674847474,0,0,0.305516248014062,0.345660591125488,0.288062410465188,0.294752480332241,0.322210296988487
0,0,0,0,0,0,0,0,0,0,0,0,0,0,0,0,0.280827881679648,0.267947573376739,0.303678832191993,0,0,0,0,0,0,0,0,0,0,0,0,0,0,0,0,0,0,0,0,0.291467927396297,0,0.318091894189517,0.283709954030498,0.342701822519302,0.326116408535976,0.338501717363085,0.288334402111402,0.307737747207284,0.1924413465129,0,0,0,0,0,0,0,0.300719141960144,0,0,0,0,0,0,0.197156500007279,0,0,0,0,0,0,0,0,0,0,0,0,0,0,0.34337842464447,0.232219542110605,0,0,0.28871288470628,0,0.298487170674565,0.280523926019669,0.277574568986893
0,0.231728832238982,0,0.28779047220908,0,0,0,0,0,0.248687020582812,0,0,0,0,0,0,0.249982654087005,0.245371604567678,0.245874394860058,0,0,0,0,0,0,0,0,0,0,0,0,0,0,0,0,0.254568879803022,0,0.187556090008002,0,0.288968322659689,0.318091894189517,0,0.177683355294996,0.256237948632372,0.295656837522984,0.251374760571914,0.318102844487662,0.347767098960669,0,0.308193611722256,0,0,0,0,0,0.26431493076586,0,0.32669340977163,0,0,0,0,0.293529047320286,0.309354788064957,0,0,0,0,0,0,0,0,0.207365922629833,0,0,0,0,0,0.323969869828615,0.360767962471131,0,0,0.24701235997632,0.300525649235799,0.290086239117693,0.253678222767787,0.227534378568331
0.207540168834866,0,0.254741328772499,0,0.219303403049707,0,0,0,0.194988481791281,0,0,0,0,0,0.203786447644234,0,0.241562667430616,0.237677970102855,0.226649131793745,0,0.381750861803691,0,0,0,0.324472934007645,0,0,0,0,0,0,0,0,0,0,0,0.303694993257523,0,0.167532564307514,0.296211872782026,0.283709954030498,0.177683355294996,0,0.273013554513454,0.200014160009863,0.286432733138402,0.29105693965186,0.401547763910558,0.312555656901428,0.383525267243385,0.23488489985466,0,0,0,0.22699014384013,0,0.321927215454393,0,0,0,0.258722851381582,0,0,0.267774984741794,0,0,0,0.301151394844055,0,0,0,0,0,0.312883746623993,0,0,0,0,0.269868534058332,0.310594260635358,0,0,0.289077794072664,0,0.280822775568147,0.242794062942266,0.189521092754516
0,0,0,0,0,0,0,0,0,0,0,0,0,0,0,0,0.259035165752134,0.2555719219976,0.250733871198572,0,0,0,0,0,0,0,0,0,0,0,0,0,0,0,0,0,0,0,0,0.342782978353131,0.342701822519302,0.256237948632372,0.273013554513454,0,0.299369186162949,0.257956201465506,0.32614354044199,0,0,0,0,0,0,0,0,0,0,0,0,0,0,0,0,0,0,0,0,0,0,0,0,0,0,0,0,0,0,0,0.349328441951508,0.350211241179042,0,0,0.251702528324101,0.236466072499752,0.35696594088052,0.257398571161663,0.250908315181732
0,0,0,0,0,0,0,0,0,0,0,0,0,0,0,0,0.250823124622305,0.261636080486434,0.241843840175301,0,0.381646722555161,0,0,0,0,0,0,0,0,0,0,0,0,0,0,0,0.343507212400436,0,0,0.315887739452032,0.326116408535976,0.295656837522984,0.200014160009863,0.299369186162949,0,0.300175078213215,0.310685835172751,0,0,0,0,0,0,0,0,0,0.313858345150948,0,0,0,0,0,0,0.287247588417747,0,0,0,0,0,0,0,0,0,0,0,0,0,0,0.347224454085032,0.369896236901608,0,0,0.242963764973047,0,0.365400467207772,0.253995001316071,0.215022519230843
0,0,0,0.237297538282542,0,0,0,0,0,0,0,0,0,0,0,0,0.280878324475553,0.246621032104348,0.254460199584697,0,0,0,0,0,0,0,0,0,0,0,0,0,0,0,0,0.168460177498705,0,0,0,0.257930551747439,0.338501717363085,0.251374760571914,0.286432733138402,0.257956201465506,0.300175078213215,0,0.31843830834129,0,0,0.182004200915496,0,0,0,0,0,0,0,0.27011642072882,0,0,0,0,0.236358548094736,0.360020716985067,0,0,0,0,0,0,0,0,0,0,0,0,0,0,0.284337048753892,0.348991801909038,0,0,0.23023081537378,0.262159526348114,0.247510667200577,0.241291284561157,0.249122046998569
0,0,0.218906475231051,0,0.187349987526735,0,0,0,0.33687965075175,0,0,0,0,0,0,0,0.277325545411661,0.2804048104984,0.308013661436311,0,0.273049872535378,0,0.220176577568054,0,0.256326362490654,0,0,0,0,0,0,0,0,0,0,0,0.244352237536357,0,0,0.327674720769943,0.288334402111402,0.318102844487662,0.29105693965186,0.32614354044199,0.310685835172751,0.31843830834129,0,0,0.179537948966026,0,0,0,0,0,0,0,0.246037858227889,0,0,0,0,0,0,0.246919506496797,0,0,0,0,0,0,0,0,0,0,0,0,0,0,0.355171769187691,0.291945848404329,0,0,0.315075821376091,0.32461878657341,0.251099223480478,0.312203799684842,0.245345137905383
0,0,0,0,0,0,0,0,0,0,0,0,0,0,0,0,0,0,0,0,0,0,0,0.345326781272888,0,0,0,0,0,0,0,0.28285661446007,0.323931221295609,0.26632913906106,0.279042635470555,0.458965166181814,0.48823094787732,0.52365163444471,0.449254960542725,0.298283308744431,0.307737747207284,0.347767098960669,0.401547763910558,0,0,0,0,0,0.340741619155074,0.378049537903771,0,0,0,0,0,0,0,0,0,0,0,0,0,0,0,0,0.346652395195431,0,0,0,0,0,0,0,0.337033611402923,0.357401178644314,0.29430160254664,0.274398500045141,0.31563101149354,0.392803206761039,0.426120614197612,0.384545796862957,0.498933070507389,0,0.409925330536706,0,0
0.188418057132909,0,0.176299410872161,0,0.15521552413702,0,0,0,0.255639923166256,0,0,0,0,0,0,0,0,0,0,0,0.299611985683441,0,0.181554330140352,0,0.196272330064523,0,0,0,0,0,0,0.395460784435272,0.392838642001152,0.336226814985275,0.306302379478108,0.298987030982971,0,0,0.264760361736458,0,0.1924413465129,0,0.312555656901428,0,0,0,0.179537948966026,0.340741619155074,0,0.296623464739113,0.157029703259468,0,0,0,0.223798246122897,0,0.193029205293156,0,0.175679735839367,0,0.186120210836331,0,0,0.287838318943977,0,0,0,0.225328354177804,0,0,0,0.203869955738386,0,0.246676647183883,0.395536472797394,0.369827648003896,0.314612051844597,0.303200115449727,0.27143430980139,0.278371669873194,0,0.335266182842618,0.286322813788333,0.17842435836792,0.269746748696862,0,0.271232742402289
0,0.194101969198305,0,0.269787187377612,0,0,0,0,0,0,0,0,0,0,0,0,0,0,0,0,0,0,0,0.329623639583588,0,0,0,0,0,0,0,0,0,0.284744963049889,0.370851516723633,0,0,0.196898422721359,0,0.180293687320857,0,0.308193611722256,0.383525267243385,0,0,0.182004200915496,0,0.378049537903771,0.296623464739113,0,0,0,0,0,0,0.202995519552912,0,0,0,0,0,0,0,0,0,0,0.20805287361145,0,0,0,0,0,0.262145936489105,0,0.327226922429841,0,0.316684126853943,0,0.203199693021622,0.256677543123563,0.307140089459971,0,0.384003995539068,0,0.301826103674759,0.282988579184921,0
0.148860841989517,0,0.138488276302814,0,0.187231573325464,0,0.144511349499226,0,0,0,0,0,0,0,0.139755995323261,0,0,0,0,0,0.169143509119749,0,0,0,0,0,0,0,0,0,0,0,0,0,0,0,0,0,0,0,0,0,0.23488489985466,0,0,0,0,0,0.157029703259468,0,0,0,0.172132064898809,0,0.147466983932715,0,0.189807096665556,0,0.186093055808993,0,0.166873388868921,0,0,0.19584721326828,0,0,0,0,0,0,0,0,0,0,0,0,0,0,0,0.219306811690331,0,0,0.155181688978183,0,0.18386956387096,0,0
0,0,0,0.192564012702376,0,0.167853051184008,0,0.172899847229322,0,0.165521129965782,0,0,0,0,0,0,0,0,0,0,0,0,0,0,0,0,0,0,0,0,0,0,0,0,0,0,0,0,0,0,0,0,0,0,0,0,0,0,0,0,0,0,0,0,0,0,0,0.193128327837012,0,0.193710294691764,0,0.180933536822889,0,0,0,0,0,0,0,0,0,0,0,0,0,0,0,0,0,0,0,0,0.170604985207319,0,0,0,0
0,0,0,0,0.166225120425224,0,0.14512275186452,0,0,0,0,0,0,0,0,0,0,0,0,0,0.164405189454556,0,0,0,0,0,0,0,0,0,0,0,0,0,0,0,0,0,0,0,0,0,0,0,0,0,0,0,0,0,0.172132064898809,0,0,0,0,0,0,0,0.171095848083496,0,0,0,0,0,0,0,0,0,0,0,0,0,0,0,0,0,0,0,0,0,0,0,0.148031664391359,0,0,0,0
0,0,0,0,0,0,0,0.174731142818928,0,0,0,0,0,0,0,0,0,0,0,0,0,0,0,0,0,0,0,0,0,0,0,0,0,0,0,0,0,0,0,0,0,0,0,0,0,0,0,0,0,0,0,0,0,0,0,0,0,0.184275239706039,0,0.174273711663705,0,0,0,0,0,0,0,0,0,0,0,0,0,0,0,0,0,0,0,0,0,0,0,0,0,0,0
0.200280341697801,0,0.159045188647249,0,0.148983647425969,0,0,0,0.245500037588799,0,0,0,0,0,0.211171363306753,0,0,0,0,0,0,0,0,0,0.248401912745465,0,0.170427426695824,0,0,0,0,0,0,0,0,0,0,0,0.269165515830671,0,0,0,0.22699014384013,0,0,0,0,0,0.223798246122897,0,0.147466983932715,0,0,0,0,0,0.17402771115303,0,0.160715876147151,0,0.224871866023976,0,0,0,0,0,0,0.203731894011449,0,0,0,0,0,0,0,0,0,0,0,0,0,0.273248575725838,0.202222873593212,0.198899639149507,0.223682307455528,0,0.228114858269691
0,0.206392129437891,0,0,0,0,0,0,0,0.238095186204251,0,0,0,0,0,0.145355902793931,0,0.14374062135106,0.246341019868851,0,0,0,0,0.152518884131783,0,0.137966100479026,0,0,0,0,0,0,0,0,0,0,0,0.306458198361927,0,0,0,0.26431493076586,0,0,0,0,0,0,0,0.202995519552912,0,0,0,0,0,0,0,0,0,0,0,0.229447847331057,0,0,0,0,0.215864001048936,0,0.139390457421541,0,0,0,0,0,0,0,0.243807435035706,0,0,0,0.28544623542715,0,0.193209235556424,0,0.222739772638306,0.22834009428819,0
0,0,0.261621603369713,0,0.17460210948731,0,0.126385087768237,0,0.354148611426353,0,0.126137358749785,0,0.145649212963727,0,0,0,0.327495651585715,0.289445787668228,0.330804170833694,0,0.158467638480132,0,0,0,0,0,0,0,0,0,0,0,0,0,0,0,0.162955268646201,0,0.136844283456469,0,0.300719141960144,0,0.321927215454393,0,0.313858345150948,0,0.246037858227889,0,0.193029205293156,0,0.189807096665556,0,0,0,0.17402771115303,0,0,0,0.149362872044245,0,0.186102370598486,0,0,0.265380319300439,0,0,0,0,0,0,0,0,0,0.244174668017556,0,0,0,0,0,0.274206302254587,0,0.152937521584905,0.182207014346712,0.153000669678052,0.272747352832595,0,0.307249539345503
0,0,0,0,0,0.179724373987743,0,0.155527773110763,0,0,0,0.17043547452117,0,0.182011984288692,0,0,0,0,0.261231034994125,0.135350173073156,0,0,0,0,0,0,0,0,0,0,0,0,0,0,0,0.210750523209572,0,0.156626037469036,0,0,0,0.32669340977163,0,0,0,0.27011642072882,0,0,0,0,0,0.193128327837012,0,0.184275239706039,0,0,0,0,0,0.172810201079417,0,0.17378893122077,0.261643139389538,0,0,0,0,0,0,0,0,0,0.211754615448381,0,0,0,0,0,0.278106605803425,0,0.130244842420022,0,0.219307077676058,0,0.265492056355332,0.304632425308228,0
0,0,0,0,0.178222065781527,0,0.157819043167613,0,0.162907294929028,0,0.148121046523253,0,0.17212971417956,0,0.140295252203941,0,0,0,0,0,0,0,0,0,0,0,0,0,0.179553119120774,0,0,0,0,0,0,0,0,0,0,0,0,0,0,0,0,0,0,0,0.175679735839367,0,0.186093055808993,0,0.171095848083496,0,0.160715876147151,0,0.149362872044245,0,0,0,0.166008609347045,0,0,0,0,0,0,0,0,0,0,0,0,0,0,0,0,0,0,0,0,0,0.14903445065636,0,0,0,0
0,0,0,0.167194209992886,0,0.182904958724976,0,0.161124008397261,0,0,0,0.145773278439746,0,0.155941587668846,0,0,0,0,0,0,0,0,0,0,0,0,0,0,0,0,0,0,0,0,0,0,0,0,0,0,0,0,0,0,0,0,0,0,0,0,0,0.193710294691764,0,0.174273711663705,0,0,0,0.172810201079417,0,0,0,0.195272622363908,0,0,0,0,0,0,0,0,0,0,0,0,0,0,0,0,0,0,0,0,0.166689667105675,0,0,0,0
0.175922993055831,0,0.156871410853723,0,0.164405017970054,0,0,0,0.186684793303683,0,0,0,0.142843917012215,0,0.148133218578414,0,0.146347796337472,0,0,0,0,0,0,0,0,0,0,0,0,0,0,0,0,0,0,0,0,0,0,0,0,0,0.258722851381582,0,0,0,0,0,0.186120210836331,0,0.166873388868921,0,0,0,0.224871866023976,0,0.186102370598486,0,0.166008609347045,0,0,0,0,0,0,0,0,0.178585350513458,0,0,0,0,0,0,0,0,0,0,0,0,0,0,0.158154578597766,0.19622182018227,0.221828645662121,0,0
0,0.190738034745057,0,0.16107644399871,0,0.170119099318981,0,0,0,0.17878807120853,0,0,0,0,0,0.174960428184563,0,0.166720253343766,0,0,0,0,0,0,0,0,0,0,0,0,0,0,0,0,0,0,0,0,0,0,0,0,0,0,0,0,0,0,0,0,0,0.180933536822889,0,0,0,0.229447847331057,0,0.17378893122077,0,0.195272622363908,0,0,0,0,0,0,0,0,0,0,0,0,0,0,0,0,0,0,0,0,0,0,0.172892183065414,0,0,0,0
0,0,0,0.261574489835205,0,0.156492471694946,0,0.14730081129987,0,0,0,0.166234868294197,0,0,0,0,0,0,0.281868204474449,0.163073572696609,0,0,0,0,0,0,0,0,0,0,0,0,0,0,0,0.188550380376463,0,0.170616029489855,0,0.22458269726485,0,0.293529047320286,0,0,0,0.236358548094736,0,0,0,0,0,0,0,0,0,0,0,0.261643139389538,0,0,0,0,0,0,0,0,0,0,0,0,0,0,0,0,0,0,0,0,0.258565586322309,0,0,0,0.188605172334662,0,0.26838465837373,0.277027770876884,0
0,0,0.22645159269516,0,0.199005323798717,0,0,0,0.245629236102104,0,0.160451819499334,0,0,0,0,0,0.319985932479166,0.311794678370158,0.310192633229188,0,0.208719708600267,0,0,0,0,0,0,0,0,0,0,0,0,0,0,0,0.191924250693548,0,0.181599388068373,0,0.197156500007279,0.309354788064957,0.267774984741794,0,0.287247588417747,0.360020716985067,0.246919506496797,0,0.287838318943977,0,0.19584721326828,0,0,0,0,0,0.265380319300439,0,0,0,0,0,0,0,0,0,0,0,0,0,0,0,0,0,0,0,0,0,0,0.267321881140956,0,0.146286418040593,0.261709595260593,0.179211822648843,0.261327824854173,0.284867286682129,0.305099162344749
0,0,0,0,0,0,0,0,0,0,0,0,0,0,0,0,0,0,0,0,0,0.194620095694314,0.110876233095214,0,0,0,0,0,0,0,0,0,0,0,0,0,0,0.319636658886852,0,0,0,0,0,0,0,0,0,0,0,0,0,0,0,0,0,0,0,0,0,0,0,0,0,0,0,0,0.199614067872365,0,0.111248028278351,0,0.264417799351656,0,0,0,0,0,0,0,0,0,0.277746864461473,0,0.103207101163111,0,0,0,0
0,0,0,0,0,0,0,0,0,0,0,0,0,0,0,0,0.102095686472379,0,0,0,0,0.11211543801156,0.209020871746892,0,0.168824844062328,0,0.114163641631603,0,0,0,0,0,0,0,0,0,0,0,0.214150195528647,0,0,0,0,0,0,0,0,0,0,0,0,0,0,0,0,0,0,0,0,0,0,0,0,0,0,0,0,0.27319953713728,0,0.251622521382284,0,0.246741062509162,0,0,0,0,0,0,0,0,0,0.295280169417228,0.122790996730328,0,0,0,0
0,0,0,0,0,0,0,0,0,0.222570061683655,0,0,0,0,0,0,0,0,0,0,0,0,0,0.137686575949192,0,0.111567109823227,0,0,0,0,0,0,0,0.267836332321167,0,0,0,0.343295232812454,0,0,0,0,0,0,0,0,0,0.346652395195431,0,0.20805287361145,0,0,0,0,0,0.215864001048936,0,0,0,0,0,0,0,0,0.199614067872365,0,0,0,0,0,0,0,0,0,0,0,0.278967473751459,0,0,0,0.296323293002634,0,0.366854339838028,0,0.269872561268423,0,0
0,0,0,0,0,0,0,0,0.228269669744704,0,0,0,0,0,0,0,0,0,0,0,0,0,0.266397756898505,0,0.167945663979713,0,0.12649762401214,0,0,0,0,0,0,0,0,0,0,0,0.297074444809534,0,0,0,0.301151394844055,0,0,0,0,0,0.225328354177804,0,0,0,0,0,0.203731894011449,0,0,0,0,0,0.178585350513458,0,0,0,0,0.27319953713728,0,0,0,0.240193240545891,0,0,0,0,0,0,0,0,0,0,0,0.260279713869095,0.158124333010478,0,0.308035407675786,0,0
0,0,0,0,0,0,0,0,0,0.147308428372656,0,0,0,0,0,0,0,0.135405449941754,0,0,0,0.111291825771332,0,0,0,0.140818552537398,0,0.154469315920557,0,0,0,0,0,0,0,0,0,0,0,0,0,0,0,0,0,0,0,0,0,0,0,0,0,0,0,0.139390457421541,0,0,0,0,0,0,0,0,0.111248028278351,0,0,0,0,0,0,0,0,0,0,0,0,0,0,0,0,0,0.131070856927055,0,0,0,0
0,0,0,0,0,0,0,0,0.15000806748867,0,0,0,0,0,0.124982402792999,0,0.152032719625906,0.152108527719975,0.250525318086147,0,0,0,0.274376381890497,0,0.192372913161914,0,0.140316102995227,0,0.162740729749203,0,0,0,0,0,0,0,0,0,0,0,0,0,0,0,0,0,0,0,0,0,0,0,0,0,0,0,0,0,0,0,0,0,0,0,0,0.251622521382284,0,0.240193240545891,0,0,0,0.166394412517548,0,0,0,0,0,0,0,0,0,0,0.156567041264024,0,0,0,0
0,0,0,0,0,0,0,0,0,0,0,0,0,0.162471447139978,0,0,0,0,0,0,0,0.284728434178736,0,0,0,0,0,0.148455904431073,0,0.153562653064728,0,0,0,0,0,0,0,0,0,0,0,0,0,0,0,0,0,0,0,0,0,0,0,0,0,0,0,0,0,0,0,0,0,0,0.264417799351656,0,0,0,0,0,0,0,0.206325842801369,0,0,0,0,0,0,0,0.256525060298441,0,0.167924128472805,0,0,0,0
0,0,0,0,0,0,0,0,0,0,0,0,0,0,0,0,0,0,0,0,0,0,0.157759634563417,0,0,0,0.174083726540689,0,0.146038033047426,0,0.148739963769913,0,0,0,0,0,0,0,0,0,0,0,0,0,0,0,0,0,0.203869955738386,0,0,0,0,0,0,0,0,0,0,0,0,0,0,0,0,0.246741062509162,0,0,0,0.166394412517548,0,0,0,0.225427492190906,0,0,0,0,0,0,0,0.24006565846939,0.167264256094183,0.16134374588728,0,0,0
0,0,0,0,0,0,0,0,0,0,0,0.175159385571113,0,0,0,0,0,0,0,0,0,0,0,0,0,0,0,0.171081693342815,0,0.167334735103413,0,0,0,0,0,0,0,0.145644788146019,0,0,0,0.207365922629833,0,0,0,0,0,0,0,0.262145936489105,0,0,0,0,0,0,0,0.211754615448381,0,0,0,0,0,0,0,0,0,0,0,0,0.206325842801369,0,0,0,0,0,0,0,0,0,0.142110049724579,0,0,0,0.210571732175978,0,0
0.223467111587524,0,0,0,0,0,0,0,0,0,0,0,0,0,0,0,0,0,0,0,0,0,0,0,0,0,0,0,0.165332120233055,0,0.164918040700048,0,0,0,0,0,0,0,0.172329665788195,0,0,0,0.312883746623993,0,0,0,0,0,0.246676647183883,0,0,0,0,0,0,0,0.244174668017556,0,0,0,0,0,0,0,0,0,0,0,0,0,0,0.225427492190906,0,0,0,0,0,0,0,0,0,0.295487618203637,0,0,0.244074323202495,0,0
0,0,0,0,0,0,0,0,0,0,0,0,0,0,0,0,0,0,0,0,0,0,0,0,0,0,0,0,0,0,0,0.265957104028887,0.25623982878668,0.223498018150744,0.280379098322656,0.147573536843107,0,0,0,0,0,0,0,0,0,0,0,0.337033611402923,0.395536472797394,0.327226922429841,0,0,0,0,0,0,0,0,0,0,0,0,0,0,0,0,0,0,0,0,0,0,0,0,0,0.348465485342087,0.312695453410033,0.264943316578865,0.316022312557404,0.388432264328003,0,0,0.235365058647262,0,0,0,0
0,0,0,0,0,0,0,0,0,0,0,0,0,0,0,0,0,0,0,0,0,0,0,0,0,0,0,0,0,0,0,0.229723053568221,0.254692732130637,0,0.235377238215511,0,0.161243568720489,0,0,0,0,0,0,0,0,0,0,0.357401178644314,0.369827648003896,0,0,0,0,0,0,0,0,0,0,0,0,0,0,0,0,0,0,0,0,0,0,0,0,0,0.348465485342087,0,0.299343928694725,0.321667149708374,0.297185838222504,0.286929932980895,0,0,0.26158256857441,0,0,0,0
0,0,0,0,0,0,0,0,0,0.252253457903862,0,0,0,0,0,0,0,0,0,0,0,0,0,0,0,0,0,0,0,0,0,0.300507914943573,0.340841263532639,0.23633080741342,0.196725688751231,0.172042824584862,0,0.255837595597246,0.160543344382729,0,0,0,0,0,0,0,0,0.29430160254664,0.314612051844597,0.316684126853943,0,0,0,0,0,0.243807435035706,0,0,0,0,0,0,0,0,0,0,0.278967473751459,0,0,0,0,0,0,0,0.312695453410033,0.299343928694725,0,0.182522429474469,0.2623260748737,0,0.302752594353486,0.280894690981278,0.228235852415279,0,0,0,0
0,0,0,0,0,0,0,0,0,0,0,0,0,0,0,0,0,0,0,0,0,0,0,0,0,0,0,0,0,0,0,0.225025679738749,0.336768841991822,0.16222229739387,0.195070849315483,0,0.123842108670784,0,0.277634258434471,0,0,0,0,0,0,0,0,0.274398500045141,0.303200115449727,0,0,0,0,0,0,0,0,0,0,0,0,0,0,0,0,0,0,0,0,0,0,0,0,0,0.264943316578865,0.321667149708374,0.182522429474469,0,0,0.2927958748719,0,0.270614847035072,0.152692253735379,0,0,0,0
0,0,0,0.242984310047239,0,0.183341562747955,0,0,0,0,0,0.141318820290217,0,0,0,0,0.339679794446115,0.290136849409656,0.354945263324116,0.174693155736207,0,0,0,0,0,0,0,0,0,0,0,0.352679178906339,0.286224007606506,0.176412905654768,0,0.210469827990814,0.320443880558014,0.272714079886396,0.169956193942773,0.313243629529755,0.34337842464447,0.323969869828615,0.269868534058332,0.349328441951508,0.347224454085032,0.284337048753892,0.355171769187691,0.31563101149354,0.27143430980139,0.203199693021622,0,0,0,0,0,0,0,0.278106605803425,0,0,0,0,0.258565586322309,0,0,0,0,0,0,0,0,0,0,0,0.316022312557404,0.297185838222504,0.2623260748737,0,0,0.324062430718601,0.267771773050893,0,0.22774399701187,0.232938739657402,0.29807668832546,0.315684965501229,0.351048658291499
0,0,0,0,0.204297577341398,0,0,0,0,0,0.140683931715649,0,0,0,0,0,0.325422903835373,0.311108406186104,0.359474245520782,0,0.14500077264632,0,0,0,0,0,0,0,0,0,0,0.396583467721939,0.272900786974134,0,0.181135087287256,0.184503974137959,0.206483645876931,0,0.18597440765173,0.364786674847474,0.232219542110605,0.360767962471131,0.310594260635358,0.350211241179042,0.369896236901608,0.348991801909038,0.291945848404329,0.392803206761039,0.278371669873194,0.256677543123563,0.219306811690331,0,0,0,0,0,0.274206302254587,0,0,0,0,0,0,0.267321881140956,0,0,0,0,0,0,0,0,0,0,0.388432264328003,0.286929932980895,0,0.2927958748719,0.324062430718601,0,0,0.199515805665833,0.257701399598002,0.174615283807119,0.329331040003015,0.34294530749321,0.343664906919003
0,0,0,0,0,0,0,0,0,0.2312990334945,0,0.163590746904112,0,0,0,0,0,0,0,0.149486088752747,0,0.246587033603569,0,0.351817668415606,0,0,0,0.132916124803679,0,0.156161657401494,0,0,0,0.355975310665619,0.272972178573792,0.183321436753078,0,0.212892507571369,0.192237519792148,0,0,0,0,0,0,0,0,0.426120614197612,0,0.307140089459971,0,0,0,0,0,0.28544623542715,0,0.130244842420022,0,0,0,0,0,0,0.277746864461473,0,0.296323293002634,0,0,0,0.256525060298441,0,0.142110049724579,0,0,0,0.302752594353486,0,0.267771773050893,0,0,0,0.293990048098153,0,0.31113088230292,0,0
0,0,0,0,0,0,0,0,0.336240790784359,0,0.124341218646272,0,0,0,0,0,0,0,0,0,0.143942889259305,0,0.212447843747389,0,0.145915797039082,0,0,0,0.151771518919203,0,0.146155829552342,0,0,0.304853222370148,0.31584805732476,0,0.17268634484046,0.13177675368457,0.195690334664545,0,0,0,0,0,0,0,0,0.384545796862957,0.335266182842618,0,0,0,0,0,0.273248575725838,0,0.152937521584905,0,0,0,0,0,0,0.146286418040593,0,0.295280169417228,0,0.260279713869095,0,0,0,0.24006565846939,0,0.295487618203637,0,0,0.280894690981278,0.270614847035072,0,0.199515805665833,0,0,0.163254099550532,0,0.441118272773007,0,0
0.190105240792036,0.183226580694904,0.164771785649161,0.210675633201996,0.16816782951355,0.178481579407469,0.0777015089988708,0.162119980589036,0.182441714188872,0.174862134934667,0.148495058368248,0.190860744826095,0.136881528349666,0.22243487698083,0.170565214509226,0.175717134028673,0.176781052052136,0.171151226523185,0.20242413139324,0.178794151000211,0.169488580686412,0.137315357973178,0.138360947295017,0.158189214164826,0.1644606668116,0.127922020002765,0.147401126433713,0.136757357252969,0.14759869116048,0,0,0.181042862225728,0.299358382821083,0.173319496471306,0.14898183720171,0.167550396015975,0.164451016833265,0.208579363519652,0.181980684844416,0.305516248014062,0.28871288470628,0.24701235997632,0.289077794072664,0.251702528324101,0.242963764973047,0.23023081537378,0.315075821376091,0.498933070507389,0.286322813788333,0.384003995539068,0.155181688978183,0.170604985207319,0.148031664391359,0,0.202222873593212,0.193209235556424,0.182207014346712,0.219307077676058,0.14903445065636,0.166689667105675,0.158154578597766,0.172892183065414,0.188605172334662,0.261709595260593,0.103207101163111,0.122790996730328,0.366854339838028,0.158124333010478,0.131070856927055,0.156567041264024,0.167924128472805,0.167264256094183,0,0,0.235365058647262,0.26158256857441,0.228235852415279,0.152692253735379,0.22774399701187,0.257701399598002,0.293990048098153,0.163254099550532,0,0.2034537367392,0.279888764896737,0.275276539076763,0.298064245155356
0,0,0,0,0,0,0,0,0.173242626090844,0,0.155318185687065,0,0.212984714657068,0.219184853136539,0.203218899667263,0.176929876208305,0.187909170192801,0.212737199040535,0.202700396733625,0,0.165953440325601,0,0,0.135287523269653,0,0,0,0,0.153992418395846,0,0,0,0,0,0,0.192778109439782,0.165679876371163,0.215496346354485,0.13491671106645,0.345660591125488,0,0.300525649235799,0,0.236466072499752,0,0.262159526348114,0.32461878657341,0,0.17842435836792,0,0,0,0,0,0.198899639149507,0,0.153000669678052,0,0,0,0.19622182018227,0,0,0.179211822648843,0,0,0,0,0,0,0,0.16134374588728,0,0,0,0,0,0,0.232938739657402,0.174615283807119,0,0,0.2034537367392,0,0.329803030741842,0.322537519037724,0
0.185764327414077,0.174382915339678,0.235129969390374,0.234296223495128,0.164873048159235,0.146816984254078,0,0,0.218480828265389,0.194575279753467,0,0,0,0,0,0,0.316652003897678,0.29379897501868,0.313692331676606,0.179965327843765,0.191852089082986,0,0.300808638334274,0.245513098990476,0.270760490976531,0,0,0,0,0,0,0,0,0,0.390044197440147,0.201832512595567,0.205803240979871,0.227747010013887,0.25484327562764,0.288062410465188,0.298487170674565,0.290086239117693,0.280822775568147,0.35696594088052,0.365400467207772,0.247510667200577,0.251099223480478,0.409925330536706,0.269746748696862,0.301826103674759,0.18386956387096,0,0,0,0.223682307455528,0.222739772638306,0.272747352832595,0.265492056355332,0,0,0.221828645662121,0,0.26838465837373,0.261327824854173,0,0,0.269872561268423,0.308035407675786,0,0,0,0,0.210571732175978,0.244074323202495,0,0,0,0,0.29807668832546,0.329331040003015,0.31113088230292,0.441118272773007,0.279888764896737,0.329803030741842,0,0.322768383170939,0.288385183676708
