0,0,0.0580875181264831,0,0,0,0,0,0.0527781155881454,0,0,0,0,0,0,0,0.00124262130529352,0,0.00906934915986786,0,0,0,0,0,0,0,0,0,0,0,0,0,0,0,0,0,0,0,0,0,0,0,0.000750681121646867,0,0,0,0.00330146977398412,0,0.0443471540859639,0,0,0,0,0,0.0927459443433229,0,0.000852174541856437,0,0.0109481702031651,0,0.00828706443651315,0,0,0,0,0,0,4.51200867024792e-05,0,0,0,3.56994713446098e-05,0,0,0,0,0,0,0,0,0,0,0.00187992322769455,0,0.0141529425762201,0,0.00524447266384405
0,0,0,0.0172697793268569,0,0,0,0,0,0.038711367983186,0,0,0,0.000283734040430721,0,4.71023004930357e-05,0,0,0.000759066138022318,0,0,0,0,0,0,0,0,0,0,0,0,0,0,0,0,0,0,0,0,0,0,0.0123689195823285,0,0.000279486304916528,0,0.000196354605434379,0,0,0,0.0337298604702805,0,0,0,0,0,0.0425435228938582,0,0.00133514551316115,0,0.0136479184332995,0,0.00977984337279294,0,0,0,0,0.00487447381936201,0,0,0,0,0,0,0,0,0,0,0,0,0,0,0,0.000333558143896796,0,0.0142250565650102,0.00011542721826309,0
0.0580875181264831,0,0,0,0,0,0,0,0.00356242011985904,0,0,0,0,0,0,0,0,0,0.000263839021223505,0,0,0,0,0,0,0,0,0,0,0,0,0,0,0,0,0,1.63266363819303e-05,0,0,0,0,0,4.12043925611086e-05,0,0,0,0.000276870835773449,0,0.0315896092478667,0,0,0,0,0,6.85841013854747e-05,0,0.00120627914044293,0,0,0,0,0,0,0.0010237123337021,0,0,0,0,0,0,0,0,0,0,0,0,0,0,0,4.20538875908367e-05,0,0,5.32196394030629e-05,0,0.0201240592275062,0,0.000104637585517505
0,0.0172697793268569,0,0,0,0,0,0,0,0,0,0,0,0,0,0,0,0,0.000557555947524659,0,0,0,0,0,0,0,0,0,0,0,0,0,0,0,0,0,0,0,0,0,0,0,0,0,0,0.000416790561346249,0,0,0,0.00801901210351378,0,0,0,0,0,0,0,0,0,0,0,0,0.000108958465788742,0,0,0,0,0,0,0,0,0,0,0,0,0,0,0,0,0,0,0,0.000177768776506918,0,0.00961347842405238,0,0
0,0,0,0,0,0,0.000723104938386621,0,0.00405881319348396,0,0.000690345517048961,0,0,0,0.00388511309907048,0,0,0,0,0,0.00426564907204113,0,0,0,0,0,0,0,0,0,0,0,0,0,0,0,3.15125440819182e-05,0,0,0,0,0,0,0,0,0,0.000114994690355009,0,0,0,0.121476084534946,0,0,0,0.00433391183022442,0,0,0,0.000300219122945323,0,0.00347494905722957,0,0,0.0135251805044799,0,0,0,0,0,0,0,0,0,0,0,0,0,0,0,0.000331254287352785,0,0,0.00201411008906562,0.000249280906280369,0.000854519489083877,0,0
0,0,0,0,0,0,0,0,0,0,0,0,0,0,0,0,0,0,0,0.0176862817093617,0,0,0,0,0,0,0,0,0,0,0,0,0,0,0,0.000528444161572974,0,0,0,0,0,0,0,0,0,0.000123416153677059,0,0,0,0,0,0.157859280024061,0,0,0,0,0,0,0,0.00162000830341589,0,0,0.0156642535405491,0,0,0,0,0,0,0,0,0,0,0,0,0,0,0,0.000236951176290959,0,0,0,0.00195658241250706,0.000457298933073703,0.000827355588072655,0,0
0,0,0,0,0.000723104938386621,0,0,0,0,0,0.00112651204045497,0,0.00500049194811386,0,0,0,0,0,0,0,0.00193566229105917,0,0,0,0,0,0,0,0,0,0,0,0,0,0,0,0,0,0,0,0,0,0,0,0,0,0,0,0,0,0,0,0,0,0,0,0.0189216283108379,0,0.00477372982738626,0,0,0,0,0,0,0,0,0,0,0,0,0,0,0,0,0,0,0,0,5.44335829266108e-05,0,0,0.000611408462085447,7.48038999480005e-06,0,0,0
0,0,0,0,0,0,0,0,0,0,0,0,0,0.000131608421578188,0,0,0,0,0,0,0,0,0,0,0,0,0,0,0,0,0,0,0,0,0,0,0,0,0,0,0,0,0,0,0,0,0,0,0,0,0,0,0,0.0337730589981644,0,0,0,0.00275041822622487,0,0.00152337017845413,0,0,0,0,0,0,0,0,0,0,0,0,0,0,0,0,0,0,0,0,0,0,0.00112813732179336,0,0,0,0
0.0527781155881454,0,0.00356242011985904,0,0.00405881319348396,0,0,0,0,0,0,0,0,0,0.0511267340902173,0,0.0242386047763106,0,0.00130038019642797,0,0,0,0,0,0.0108042228725662,0,0.0117102677092792,0,0,0,0,0,0,0,0,0,0,0,0,0,0,0,0.00914245785961872,0,0.00070071078223238,0,0,0,0,0,9.42813226736602e-05,0,0,0,0.0997226139241291,0,0,0,0.0177894306973338,0,0.0494799250068902,0,0,0,0,0,0,0.00436321240587592,0,0.00601930687668243,0,0,0,0,0,0,0,0,0,0,0,0,0.00520327302520668,0.000702615268862294,0.0124378907731665,0,0.00026965579186641
0,0.038711367983186,0,0,0,0,0,0,0,0,0,0,0,0,0,0.0519661334496349,0,0.00100349115380121,0.0118407689261287,0,0,0,0,0.00392318318546296,0,0.0260697245364105,0,0,0,0,0,0,0,0,0,0,0,5.38987439552292e-05,0,0,0,0.0143555648914791,0,0,0,0,0,0,0,0.00529164952076169,0,0,0,0,0,0.0844307114818409,0,0,0,0,0,0.0251196352276797,0,0,0,0,0.00409735237709527,0,0,0,0,0,0,0,0,0,0,0,0,0,0,0,0.00577643506458962,0.00212720295005718,0.0082237619640887,0.00541642905713611,0
0,0,0,0,0.000690345517048961,0,0.00112651204045497,0,0,0,0,0,0.000525400815527932,0,0,0,0,0,0,0,0.0195611642164537,0,0,0,0,0,0,0,0.000951471060264791,0,0.00921993231441158,0,0,0,0,0,0.00206288616165376,0,0.0303343923030528,0,0,0,0,0,0,0,0,0,0,0,0,0,0,0,0,0,0.0354406670637807,0,0.00032881543628091,0,0,0,0,0.00570303984918654,0,0,0,0,0,0,0,0,0,0,0,0,0,0,0,0.00233895879191672,0,0.0173863414311998,0.00114734004154132,1.03475828902951e-05,6.83834546905764e-05,0,0
0,0,0,0,0,0,0,0,0,0,0,0,0,0.00802968283441706,0,0,0,0,0,0.0132657102098058,0,0,0,0,0,0,0,0,0,0.00238949767352638,0,0,0,0,0,0.00765766183062646,0,0.0228719234763637,0,0,0,0,0,0,0,0,0,0,0,0,0,0,0,0,0,0,0,0.041997973163708,0,0,0,0,0.0313856217002846,0,0,0,0,0,0,0,0,0,0.00260747183423634,0,0,0,0,0,0.00481440343567216,0,0.00297271353280588,0,0.00103793102277253,0,0,0,0
0,0,0,0,0,0,0.00500049194811386,0,0,0,0.000525400815527932,0,0,0,0.00228998625624482,0,0,0,0,0,0,0,0,0,0,0,0,0,0,0,0,0,0,0,0,0,0,0,0,0,0,0,0,0,0,0,0,0,0,0,0,0,0,0,0,0,0.00348274633237869,0,0.0276107234499416,0,0.0003645680375234,0,0,0,0,0,0,0,0,0,0,0,0,0,0,0,0,0,0,0,0,0,0.00178483602970343,0.00224640253304234,0,0,0
0,0.000283734040430721,0,0,0,0,0,0.000131608421578188,0,0,0,0.00802968283441706,0,0,0,0,0,0,0,0,0,0,0,0,0,0,0,0,0,0,0,0,0,0,0,0,0,0,0,0,0,0,0,0,0,0,0,0,0,0,0,0.000131850150944117,0,0,0,0,0,0.00779778602581933,0,0.0881100315513602,0,0.0294838581348157,0,0,0,0,0,0,0,0,0,0,0,0,0,0,0,0,0,0,0,0,0.00206564008813697,0.00284064654093298,0,0,0
0,0,0,0,0.00388511309907048,0,0,0,0.0511267340902173,0,0,0,0.00228998625624482,0,0,0,0.000359722808544012,0,8.60201852501425e-05,0,0,0,0,0,0,0,0,0,0,0,0,0,0,0,0,0,0,0,0,0,0,0,0,0,0,0,0,0,0,0,0.000149827150280959,0,0,0,0.0198097575306879,0,0,0,0.0142378286069524,0,0.129321789697512,0,0,0,0,0,0,0,0,0,0,0,0,0,0,0,0,0,0,0,0,0,0.00162961331505257,0.000273259756846416,0,0,0
0,4.71023004930357e-05,0,0,0,0,0,0,0,0.0519661334496349,0,0,0,0,0,0,0,0,0,0,0,0,0,0,0,0,0,0,0,0,0,0,0,0,0,0,0,0,0,0,0,0,0,0,0,0,0,0,0,0,0,0.000236266976571642,0,0,0,0.0855219716036804,0,0,0,0.000521708221697248,0,0.10670143270336,0,0,0,0,0,0,0.000384890462106456,0,0,0,0,0,0,0,0,0,0,0,0,0,0.00113561676633492,0.000634368071113519,0,0,0
0.00124262130529352,0,0,0,0,0,0,0,0.0242386047763106,0,0,0,0,0,0.000359722808544012,0,0,0.137042213851535,0.109571145603548,0,0,0,0.00297430804806591,0,0,0,0.0328756863513219,0,6.3405323443937e-05,0,0,0,0,0,0,0,0,0,0,0,5.26837425367352e-06,0,0.000439097519094223,0,0.000666433451593437,0,4.85131571617206e-05,0,0,0,0,0,0,0,0.00150689777580357,0,0,0,0,0,0.00188925252411826,0,0,0,0,0.00250894408862202,0,0,0,0.00895872547880126,0,0,0,0,0,0,0,0,0,0,0,0,0.0223754050171481,0.00929674018800819,0.000240824322899769,0,0.000125248540437631
0,0,0,0,0,0,0,0,0,0.00100349115380121,0,0,0,0,0,0,0.137042213851535,0,0.114698318531219,0,0,3.11593814237936e-05,0,0.000145162400468617,0,0.0185523101986957,0,3.0873044151814e-05,0,0,0,0,0,0,0,0,0,0,0,0,0,0.000146244456148126,3.90626835416445e-05,0.000129286539404526,0,2.05710471601162e-05,0,0,0,0,0,0,0,0,0,8.49478532899589e-05,0,0,0,0,0,0.00116786500244985,0,0,0,0,0,0,0.0134730150886423,0,2.31266323970098e-05,0,0,0,0,0,0,0,0,0,0,0,0.0319912735598668,0.00756692118054221,3.52444063202412e-05,8.24791247943655e-05,0
0.00906934915986786,0.000759066138022318,0.000263839021223505,0.000557555947524659,0,0,0,0,0.00130038019642797,0.0118407689261287,0,0,0,0,8.60201852501425e-05,0,0.109571145603548,0.114698318531219,0,0,0,0,0,0.00354687862146701,0,7.39851140533652e-05,0,0,0,0,0,0,0,0,0,0,0,8.4363003754364e-06,0,5.72006706603236e-05,0.000968275099212139,0.0902678416816551,0.0855238709070578,0.0955243122014748,0.0637242480022535,0.0187894921540326,0.0242972100606373,0,7.17436452856576e-05,6.79116757053831e-06,0,0,0,0,0,0.00034663883469962,0,0,0,0,0,0,0,0,0,0,0,0,0,0,0,0,0,1.68942038938579e-05,0,0,0,0,0,0,0,0,0.0218984574566344,0.00147253711758701,0.0881929832578387,0.031457508535253,0.0216808334401657
0,0,0,0,0,0.0176862817093617,0,0,0,0,0,0.0132657102098058,0,0,0,0,0,0,0,0,0,0,0,0,0,0,0,0,0,0,0,0,0,0,0,0.00695848827297933,0,0,0,0,0,0,0,0,0,0,0,0,0,0,0,0.000774737036392044,0,0,0,0,0,0.000528357692039367,0,0,0,0,0.0503228315322833,0,0,0,0,0,0,0,0,0,9.80114756733295e-05,0,0,0,0,0,0.00166411012578583,0,0.00124500740131895,0,0.00058872091890172,2.0007906358552e-05,0.00195807447580205,0,0
0,0,0,0,0.00426564907204113,0,0.00193566229105917,0,0,0,0.0195611642164537,0,0,0,0,0,0,0,0,0,0,0,0,0,0,0,0,0,0,0,0,0,0,0,0,0,0.0127367771125468,0,0,0,0,0,0,0,0,0,1.86580173008807e-05,0,0,0,0.000787549765755652,0,0.00458347257976502,0,0,0,0.00458262648997886,0,0,0,0,0,0,0.00831891292298132,0,0,0,0,0,0,0,0,0,0.000912623769184227,0,0,0,0,0,0.00713906468495177,0,0,0.00102338647831943,0,0.00821634508330996,0,0
0,0,0,0,0,0,0,0,0,0,0,0,0,0,0,0,0,3.11593814237936e-05,0,0,0,0,0.0146540097521627,0.00233908389864877,0,0,0,0.0150211322570805,0,0,0,0,0,0,0,0,0,0.0156666505864833,0,0,0,0,0,0,0,0,0,0,0,0,0,0,0,0,0,0,0,0,0,0,0,0,0,0,0.061856638512074,0.0141734463989621,0.000334991300553596,0,0,0,0.0124889639989675,0,0,0,0,0,0,0,0,0,0.012158434721193,0,0.00838589033452682,0.00116618387211723,0,0,0
0,0,0,0,0,0,0,0,0,0,0,0,0,0,0,0,0.00297430804806591,0,0,0,0,0.0146540097521627,0,0,0.000236359543757132,0,0.00562759150169022,0,0.0152020477664917,0,0,0,0,0,0,0,0,0,0.0136206558919766,0,0,0,0,0,0,0,0,0,0,0,0,0,0,0,0,0,0,0,0,0,0,0,0,0,0.000791486556174739,0.0506287343092814,0,0,0,0.000113753925755228,0,0.00810697665710777,0,0,0,0,0,0,0,0,0,0.00943622719478478,0.00831678321033517,0.00102388539913117,0,0,0
0,0,0,0,0,0,0,0,0,0.00392318318546296,0,0,0,0,0,0,0,0.000145162400468617,0.00354687862146701,0,0,0.00233908389864877,0,0,0,0.0641810481284104,0,0,0,0,0,0,0,0,0,0,0,0.00916808736160066,0,0,0,0.00043093364695607,0,0,0,0,0,0,0,0,0,0,0,0,0,0.0756769246929363,0,0,0,0,0,0,0,0,2.32014197088272e-05,0,0.0500922336060959,0,0,0,0,0,0,0,0,0,0,0,0,0,0.00574846267579,0,0.000952621838300813,2.35481532420722e-06,0.000203424074769349,0,0
0,0,0,0,0,0,0,0,0.0108042228725662,0,0,0,0,0,0,0,0,0,0,0,0,0,0.000236359543757132,0,0,0,0.0301697416035096,0,0,0,0,0,0,0,0,0,0,0,0.00611226129022892,0,0,0,0.000913511591720248,0,0,0,0,0,0,0,0,0,0,0,0.0128146776251735,0,0,0,0,0,0,0,0,0,0,0,0,0.0229342146838593,0,0.0428122849767887,0,0,0,0,0,0,0,0,0,0,0,0.00778110083563042,0.000464079688288773,0,8.81450291768858e-05,0,0
0,0,0,0,0,0,0,0,0,0.0260697245364105,0,0,0,0,0,0,0,0.0185523101986957,7.39851140533652e-05,0,0,0,0,0.0641810481284104,0,0,0,0.000793640925971217,0,0,0,0,0,0,0,0,0,0,0,0,0,0,0,0,0,0,0,0,0,0,0,0,0,0,0,0.0855544650818177,0,0,0,0,0,0,0,0,0,0,0.0475437626384569,0,0.0814854995098225,0,6.27164682011501e-05,0,0,0,0,0,0,0,0,0,0,0,0.00114277979509159,0,0,0,0
0,0,0,0,0,0,0,0,0.0117102677092792,0,0,0,0,0,0,0,0.0328756863513219,0,0,0,0,0,0.00562759150169022,0,0.0301697416035096,0,0,0,0.00218767704763204,0,0,0,0,0,0,0,0,0,0,0,0,0,0,0,0,0,0,0,0,0,0,0,0,0,0.0575207817881024,0,0,0,0,0,0,0,0,0,0,0.00233592823209049,0,0.0377260786869218,0,0.0995260570216244,0,0.00305888194050603,0,0,0,0,0,0,0,0,0,0,0.00122373725555819,0.000131964447967549,0,0,0
0,0,0,0,0,0,0,0,0,0,0,0,0,0,0,0,0,3.0873044151814e-05,0,0,0,0.0150211322570805,0,0,0,0.000793640925971217,0,0,0,0.0110367042324371,0,0,0,0,0,0,0,0.00675595246317051,0,0,0,0,0,0,0,0,0,0,0,0,0,0,0,0,0,0,0,0,0,5.38082822458819e-05,0,0,0,0,0.00244529565208542,0,0,0,0.0130198760070033,0,0.1232864718924,0,0.0170512364576339,0,0,0,0,0,0,0,0.00231124044313245,0,0.00104311072104649,0.00021574915106208,0,0,0
0,0,0,0,0,0,0,0,0,0,0.000951471060264791,0,0,0,0,0,6.3405323443937e-05,0,0,0,0,0,0.0152020477664917,0,0,0,0.00218767704763204,0,0,0,0.0251774209213423,0,0,0,0,0,0,0,0.00693642547984322,0,0,0,0,0,0,0,0,0,0,0,0,0,0,0,0,0,0.000595419988176581,0,0,0,0,0,0,0,0,0.0041096823516147,0,0,0,0.00515744371913226,0,0.0993379819186133,0,0.026748997684966,0,0,0,0,0,0,0,0.00183273547148644,0.00113375412843723,0.0003022005289248,0,0,0
0,0,0,0,0,0,0,0,0,0,0,0.00238949767352638,0,0,0,0,0,0,0,0,0,0,0,0,0,0,0,0.0110367042324371,0,0,0,0,0,0,0,0,0,0.00897448049050477,0,0,0,0,0,0,0,0,0,0,0,0,0,0,0,0,0,0,0,0.00479592058863303,0,0,0,0,0,0,0,0,0,0,0,0,0.0036715718560881,0,0.00524557873581293,0,0,0,0,0,0,0,0.00519583092615659,0,0.000501538199199009,0,0,0,0
0,0,0,0,0,0,0,0,0,0,0.00921993231441158,0,0,0,0,0,0,0,0,0,0,0,0,0,0,0,0,0,0.0251774209213423,0,0,0,0,0,0,0,0,0,0.00798336243738797,0,0,0,0,0,0,0,0,0,0,0,0,0,0,0,0,0,0.00831274181085848,0,0,0,0,0,0,0,0,0,0,0,0,0,0,0,0,0.0226750413267452,0,0,0,0,0,0,0,0.00291180783856575,0,0,0,0,0
0,0,0,0,0,0,0,0,0,0,0,0,0,0,0,0,0,0,0,0,0,0,0,0,0,0,0,0,0,0,0,0,0.12771108150316,0.00840504358375666,0,0.00873521746379061,0.00814419741911998,3.7210134613148e-05,0,0,5.78653080516895e-05,0,0,0,0,0,0,0.0398826693225982,0,0,0,0,0,0,0,0,0,0,0,0,0,0,0,0,0,0,0,0,0,0,0,0,0,0,0.118158754769373,0.0856739424589115,0.00779651382991407,0.000397736910255908,0.0141573864651491,0.00966369176794658,1.11945086883541e-05,0,0.00029721935365472,0,0,0,0
0,0,0,0,0,0,0,0,0,0,0,0,0,0,0,0,0,0,0,0,0,0,0,0,0,0,0,0,0,0,0,0.12771108150316,0,0.00426170788402205,0.000204081800013607,0,0.00608082438602337,0,0,0,0,0,0,0,0,0,0,0.0553493010483183,0,0,0,0,0,0,0,0,0,0,0,0,0,0,0,0,0,0,0,0,0,0,0,0,0,0,0.0865924280626235,0.10896523981798,0.00476888345620164,0.00632862882982739,0.00031056593322943,0.0105028842141454,0,0,0.000138981066361116,0,0,0,0
0,0,0,0,0,0,0,0,0,0,0,0,0,0,0,0,0,0,0,0,0,0,0,0,0,0,0,0,0,0,0,0.00840504358375666,0.00426170788402205,0,0.0681498069848292,0.000102514531792029,0,0.0226115465178992,0.00126349890854141,0,0,0,0,0,0,0,0,0.107667061432379,0.00116018679895572,6.91269042700417e-05,0,0,0,0,0,0,0,0,0,0,0,0,0,0,0,0,0,0,0,0,0,0,0,0,0.0202701153871265,0.00342765491068884,0.0867517356733848,0.124617482431128,0.00244744729185513,0.000991924296124528,0.00491978768133752,0.00167174478538374,0.000497438478247059,7.24309654665288e-05,0,0,0
0,0,0,0,0,0,0,0,0,0,0,0,0,0,0,0,0,0,0,0,0,0,0,0,0,0,0,0,0,0,0,0,0.000204081800013607,0.0681498069848292,0,0,0.000592195081347765,0.000191873545048176,0.0147568418269333,0,0,0,0,0,0,0,0,0.0489630339528152,6.45332573801635e-05,0.00015772094368379,0,0,0,0,0,0,0,0,0,0,0,0,0,0,0,0,0,0,0,0,0,0,0,0,0.000273389541808569,0.00915560691610975,0.0069705808462949,0.113982324516173,1.29069576014873e-05,0.00765822039540793,0.000341467478357767,0.00515180352421755,0.000282803427908931,0.000482866794355807,8.00209851385939e-05,0,0
0,0,0,0,0,0.000528444161572974,0,0,0,0,0,0.00765766183062646,0,0,0,0,0,0,0,0.00695848827297933,0,0,0,0,0,0,0,0,0,0,0,0.00873521746379061,0,0.000102514531792029,0,0,0.0142094732134195,0.0144283033841734,0,1.7211397059658e-05,0,0,0,0,0,0.00323946894228141,0,0.000194792145645909,0,0,0,1.30582647817097e-05,0,0,0,0,0,0.000127278588022836,0,0,0,0,0.0126534584411446,0,0,0,0,0,0,0,0,0,0,0,0.00191874890458279,1.95755761937215e-05,0,0,0.0521676039295031,0.00810224424921813,0.0024832438335622,0,0.00784588889362433,0.00106303775569576,0.00132524298534994,0,0
0,0,1.63266363819303e-05,0,3.15125440819182e-05,0,0,0,0,0,0.00206288616165376,0,0,0,0,0,0,0,0,0,0.0127367771125468,0,0,0,0,0,0,0,0,0,0,0.00814419741911998,0.00608082438602337,0,0.000592195081347765,0.0142094732134195,0,0,0.020216892007234,0,2.69022135531923e-05,0,0,0,0,0,0.000957688927053753,0.000236334793434044,0,0,7.90175952720398e-06,0,0,0,0,0,0,0,0,0,0,0,0,0.0126402827703053,0,0,0,0,0,0,0,0,0,0,0,0.00608823017855677,0,1.48012195495539e-05,0.000898327875362341,0.0570616099859235,0,0.00393257244581941,0.0091061606266966,0.00408890306871113,0.000513658939174171,0,0
0,0,0,0,0,0,0,0,0,5.38987439552292e-05,0,0.0228719234763637,0,0,0,0,0,0,8.4363003754364e-06,0,0,0.0156666505864833,0,0.00916808736160066,0,0,0,0.00675595246317051,0,0.00897448049050477,0,3.7210134613148e-05,0,0.0226115465178992,0.000191873545048176,0.0144283033841734,0,0,0.00400176866882956,0,0,0.00050289875458491,6.77221108150608e-06,0,0,0,0,0.0263186054755705,0.000160859115708468,0.00213072236270694,0,0,0,0,0,0,0,0.00378908883337833,0,0,0,0,0.000215412274774248,0,0.00326162352594251,0,0.00259315033924189,0,0,0,0.00178844446872243,0,0.000337662298724383,0,0.000679557056113718,0,0.0103992694002705,0.000143178976505796,0.00106888638538485,0,0.076175862635197,0.00450972874703172,0.00367413573625802,0.000924591755401784,0.000315220361276387,0,0
0,0,0,0,0,0,0,0,0,0,0.0303343923030528,0,0,0,0,0,0,0,0,0,0,0,0.0136206558919766,0,0.00611226129022892,0,0,0,0.00693642547984322,0,0.00798336243738797,0,0,0.00126349890854141,0.0147568418269333,0,0.020216892007234,0.00400176866882956,0,0,0,0,0,0,0,0,0,0.0242217353622886,0.000138606745640784,3.94995397529391e-05,0,0,0,0,0,0,0.00374127446847522,0,0,0,0,0,0,0,0,0.00476806736408541,0,0.00200582088126911,0,0,0,0.00233833370923619,0,0,0,0,9.14541272667014e-05,0.0161309528339084,0,0.00238128133537662,1.22977015926749e-05,0.0401806531561156,0.00480718003558621,0.00195117674298634,0.000219030109522709,0,0
0,0,0,0,0,0,0,0,0,0,0,0,0,0,0,0,0,0,5.72006706603236e-05,0,0,0,0,0,0,0,0,0,0,0,0,0,0,0,0,1.7211397059658e-05,0,0,0,0,0,0.0226079537581498,0,0.000526976215974036,0,0.0599079140678631,0,0.000629692370642258,0,0.0445612670862642,0,0,0,0,0,0,0,0,0,0,0,0,0.012307278183651,0,0,0,0,0,0,0,0,0,0.00329736885345687,0,0,0,0,0,0.00714906150655721,0,0.00088358060808543,0,3.65487636855873e-05,0,0.0871617874393109,0.000198201016253452,0
0,0,0,0,0,0,0,0,0,0,0,0,0,0,0,0,5.26837425367352e-06,0,0.000968275099212139,0,0,0,0,0,0,0,0,0,0,0,0,5.78653080516895e-05,0,0,0,0,2.69022135531923e-05,0,0,0,0,0,0.0129093738376717,0,0.00126220655408796,0,0.0945374104470932,0.00329876988807864,0.0525808857835074,5.00933423203608e-05,0,0,0,0,0,0,0,0,0,0,0,0,0,0.0212823620533818,0,0,0,0,0,0,0,0,0,0.00152312622397696,0,0.000160891124265115,0,0,0.000100894345128164,0.0042823727027248,0,0.00172033971475843,4.64498397588612e-06,0,0.0660193418527104,0,0.00372266580250752
0,0.0123689195823285,0,0,0,0,0,0,0,0.0143555648914791,0,0,0,0,0,0,0,0.000146244456148126,0.0902678416816551,0,0,0,0,0.00043093364695607,0,0,0,0,0,0,0,0,0,0,0,0,0,0.00050289875458491,0,0.0226079537581498,0,0,0.00546598986586697,0.0478150195201525,0.000295810874406666,0.0148755703801562,0,0.000493530023203289,0,0.0256576277641814,0,0,0,0,0,0.000874307906111103,0,8.50104899475427e-05,0,0,0,0,0,0,0,0,0,0,0,0,9.46168899195452e-06,0,0.0110932935261413,0,0,0,0,0,0.00136455118397681,0,0.00366666476593635,0,0.00580381773621581,0,0.171664383759287,0.110226320528645,0
0.000750681121646867,0,4.12043925611086e-05,0,0,0,0,0,0.00914245785961872,0,0,0,0,0,0,0,0.000439097519094223,3.90626835416445e-05,0.0855238709070578,0,0,0,0,0,0.000913511591720248,0,0,0,0,0,0,0,0,0,0,0,0,6.77221108150608e-06,0,0,0.0129093738376717,0.00546598986586697,0,0.000216270928319378,0.0637234037099663,0.000607859326539892,0.0132491378243422,0.0017184699521248,0.0186698428275016,2.17427463314194e-05,0,0,0,0,0.00111235010942842,0,0.000692621618289151,0,0,0,0,0,0,0,0,0,0,0,0,0,0,1.07279666457209e-05,0,0.0043104264698652,0,0,0,0,0,0.00369271161089566,2.22416916900031e-06,0.00113397634920569,0.00345500233634704,0,0.171126099512739,0.000500057081982346,0.0832587105851261
0,0.000279486304916528,0,0,0,0,0,0,0,0,0,0,0,0,0,0,0,0.000129286539404526,0.0955243122014748,0,0,0,0,0,0,0,0,0,0,0,0,0,0,0,0,0,0,0,0,0.000526976215974036,0,0.0478150195201525,0.000216270928319378,0,0.00353044994653369,0.0688792287209236,0.00015603030493745,0,0,0,0,0,0,0,0,0,0,0,0,0,0,0,0,0,0,0,0,0,0,0,0,0,0,0,0,0,0,0,2.90560461134936e-06,0,0,0,0.000152954381845225,0,0.0340188612545038,0.0285532367643854,0
0,0,0,0,0,0,0,0,0.00070071078223238,0,0,0,0,0,0,0,0.000666433451593437,0,0.0637242480022535,0,0,0,0,0,0,0,0,0,0,0,0,0,0,0,0,0,0,0,0,0,0.00126220655408796,0.000295810874406666,0.0637234037099663,0.00353044994653369,0,0.000385765733843619,0.0411633604922394,0,0,0,0,0,0,0,0,0,0,0,0,0,0,0,0,0,0,0,0,0,0,0,0,0,0,0,0,0,0,0,0,0,0,0,0.000181651914299972,0,0.0301738765204736,0,0.0339359277437175
0,0.000196354605434379,0,0.000416790561346249,0,0.000123416153677059,0,0,0,0,0,0,0,0,0,0,0,2.05710471601162e-05,0.0187894921540326,0,0,0,0,0,0,0,0,0,0,0,0,0,0,0,0,0.00323946894228141,0,0,0,0.0599079140678631,0,0.0148755703801562,0.000607859326539892,0.0688792287209236,0.000385765733843619,0,0,0,1.82597645388145e-05,0.00682817013419338,0,2.01791977368234e-05,0,0,0,0,0,0.000272847598875731,0,0,0,0,0.0157404657846638,0,0,0,0,0,0,0,0,0,0,0,0,0,0,0,0.00610976966253888,0,0.00109281780388449,0,0.000434646254338501,0,0.114353151554124,4.92005089064006e-05,0
0.00330146977398412,0,0.000276870835773449,0,0.000114994690355009,0,0,0,0,0,0,0,0,0,0,0,4.85131571617206e-05,0,0.0242972100606373,0,1.86580173008807e-05,0,0,0,0,0,0,0,0,0,0,0,0,0,0,0,0.000957688927053753,0,0,0,0.0945374104470932,0,0.0132491378243422,0.00015603030493745,0.0411633604922394,0,0,0,0.00647788000840719,0,0,0,0,0,0,0,0.0014428647567264,0,0,0,0,0,0,0.0214861737675821,0,0,0,0,0,0,0,0,0,0.00269398149954427,0,0,0,0,0,0.00333361707757265,0,0.000615354847794747,0.000151135340283338,2.95628232754419e-06,0.102511163638073,0,0.00047898996061462
0,0,0,0,0,0,0,0,0,0,0,0,0,0,0,0,0,0,0,0,0,0,0,0,0,0,0,0,0,0,0,0.0398826693225982,0.0553493010483183,0.107667061432379,0.0489630339528152,0.000194792145645909,0.000236334793434044,0.0263186054755705,0.0242217353622886,0.000629692370642258,0.00329876988807864,0.000493530023203289,0.0017184699521248,0,0,0,0,0,0.0535241211948362,0.0435492254325461,0,0,0,0,0,0,0,0,0,0,0,0,0,0,1.01470116076322e-05,0,0,0,0,0,0,0,0,6.99625592566201e-06,0.0740814615768599,0.030699932857849,0.0386351535219285,0.0555977110836743,0.0134362258890377,0.0192028154771697,0.0319246512337702,0.0409185438011981,0.00226126764430774,0.000147490276578767,0.0114598003521005,0,0
0.0443471540859639,0,0.0315896092478667,0,0,0,0,0,0,0,0,0,0,0,0,0,0,0,7.17436452856576e-05,0,0,0,0,0,0,0,0,0,0,0,0,0,0,0.00116018679895572,6.45332573801635e-05,0,0,0.000160859115708468,0.000138606745640784,0,0.0525808857835074,0,0.0186698428275016,0,0,1.82597645388145e-05,0.00647788000840719,0.0535241211948362,0,0.00510920867948605,0,0,0,0,0.00681109395571287,0,0.00361778500379239,0,0.00708920891850819,0,0.00578430181716354,0,0,1.85731088598608e-05,0,0,0,0.00067859939651428,0,0.00577457047690723,0,0.000555384277149699,0,0.00493059648526553,8.17263161146211e-05,0.000864304118541325,0.000214898082467217,0.00184109768259124,8.23379873757977e-05,0.00592444286256682,0.000625958625984343,0.00248932444171593,0.0022924008745826,0,0.0406072232043146,0,0
0,0.0337298604702805,0,0.00801901210351378,0,0,0,0,0,0.00529164952076169,0,0,0,0,0,0,0,0,6.79116757053831e-06,0,0,0,0,0,0,0,0,0,0,0,0,0,0,6.91269042700417e-05,0.00015772094368379,0,0,0.00213072236270694,3.94995397529391e-05,0.0445612670862642,5.00933423203608e-05,0.0256576277641814,2.17427463314194e-05,0,0,0.00682817013419338,0,0.0435492254325461,0.00510920867948605,0,0,0,0,0,0,0.00292121065289069,0,0.0105424536038467,0,0.0044422768279309,0,0.00735808190393315,0,0,0.000218706105579532,0,0.000146730480830252,0,0.0028875101494487,0,0.00620671496001343,0,0.0114889793189357,0,0.000298862338997939,0,0.0037692561281292,0.000305341522178511,0.0067399894237813,6.24771806263854e-05,0.00364829815640453,0.000615385493470532,0.00196322806800171,0,0.0324482580529889,0.000179949301802533,0
0,0,0,0,0.121476084534946,0,0,0,9.42813226736602e-05,0,0,0,0,0,0.000149827150280959,0,0,0,0,0,0.000787549765755652,0,0,0,0,0,0,0,0,0,0,0,0,0,0,0,7.90175952720398e-06,0,0,0,0,0,0,0,0,0,0,0,0,0,0,0,0.00446661713790436,0,0,0,0,0,0.000641918326809983,0,0.00041821155807939,0,0,0.0110967398292235,0,0,0,0,0,0,0,0,0,0,0,0,0,0,0,0.00016948503274245,0,0,0.00212768868717909,0,0.000171203261965145,0,0
0,0,0,0,0,0.157859280024061,0,0,0,0,0,0,0,0.000131850150944117,0,0.000236266976571642,0,0,0,0.000774737036392044,0,0,0,0,0,0,0,0,0,0,0,0,0,0,0,1.30582647817097e-05,0,0,0,0,0,0,0,0,0,2.01791977368234e-05,0,0,0,0,0,0,0,0,0,0,0,0,0,0.00284912971511305,0,0,0.0132533336256979,0,0,0,0,0,0,0,0,0,0,0,0,0,0,0,0.000207976271159164,0,0,0,0.00394594610087083,0.000112404876987568,2.06855899517483e-05,0,0
0,0,0,0,0,0,0,0,0,0,0,0,0,0,0,0,0,0,0,0,0.00458347257976502,0,0,0,0,0,0,0,0,0,0,0,0,0,0,0,0,0,0,0,0,0,0,0,0,0,0,0,0,0,0.00446661713790436,0,0,0,0,0,0.00257876967761098,0,0.00196849751591886,0,0,0,0,0,0,0,0,0,0,0,0,0,0,0,0,0,0,0,0,0,0,0,0.000154890456622786,0,0,0,0
0,0,0,0,0,0,0,0.0337730589981644,0,0,0,0,0,0,0,0,0,0,0,0,0,0,0,0,0,0,0,0,0,0,0,0,0,0,0,0,0,0,0,0,0,0,0,0,0,0,0,0,0,0,0,0,0,0,0,0,0,0.00198513993552807,0,0,0,0,0,0,0,0,0,0,0,0,0,0,0,0,0,0,0,0,0,0,0,0,0,0,0,0,0
0.0927459443433229,0,6.85841013854747e-05,0,0.00433391183022442,0,0,0,0.0997226139241291,0,0,0,0,0,0.0198097575306879,0,0.00150689777580357,0,0,0,0,0,0,0,0.0128146776251735,0,0.0575207817881024,0,0,0,0,0,0,0,0,0,0,0,0,0,0,0,0.00111235010942842,0,0,0,0,0,0.00681109395571287,0,0,0,0,0,0,0,0,0,0,0,0.0120163294139236,0,0,0,0,0,0,0.0351353051839044,0,0.00315053350736358,0,0,0,0,0,0,0,0,0,0,0,0,0.000448282305254314,0.000118669991303908,0.00726682659090187,0,0
0,0.0425435228938582,0,0,0,0,0,0,0,0.0844307114818409,0,0,0,0,0,0.0855219716036804,0,8.49478532899589e-05,0.00034663883469962,0,0,0,0,0.0756769246929363,0,0.0855544650818177,0,0,0,0,0,0,0,0,0,0,0,0,0,0,0,0.000874307906111103,0,0,0,0,0,0,0,0.00292121065289069,0,0,0,0,0,0,0,0,0,0,0,0.001014927914102,0,0,0,0,0.107849281555414,0,0,0,0,0,0,0,0,0,0,0,0,0,0,0,0.000838535130497204,0,0.00186030030165238,0,0
0.000852174541856437,0,0.00120627914044293,0,0,0,0.0189216283108379,0,0,0,0.0354406670637807,0,0.00348274633237869,0,0,0,0,0,0,0,0.00458262648997886,0,0,0,0,0,0,0,0.000595419988176581,0,0.00831274181085848,0,0,0,0,0,0,0,0.00374127446847522,0,0,0,0.000692621618289151,0,0,0,0.0014428647567264,0,0.00361778500379239,0,0,0,0.00257876967761098,0,0,0,0,0,0.00406701558265281,0,0.000236726969003967,0,0,0.0272930153349178,0,0,0,0,0,0,0,0.0199661766654104,0,0.10003425208059,0,0,0,0,0,8.60534275492952e-05,0,0.000554405027580889,0.000628365276845521,0,0.0170917207618834,0,0
0,0.00133514551316115,0,0,0,0,0,0.00275041822622487,0,0,0,0.041997973163708,0,0.00779778602581933,0,0,0,0,0,0.000528357692039367,0,0,0,0,0,0,0,0,0,0.00479592058863303,0,0,0,0,0,0.000127278588022836,0,0.00378908883337833,0,0,0,8.50104899475427e-05,0,0,0,0.000272847598875731,0,0,0,0.0105424536038467,0,0,0,0.00198513993552807,0,0,0,0,0,0.00514671488758371,0,0.00140968070625988,0.0238845748445797,0,4.60533709291142e-05,0,0,0,0,0,0.0473797240292085,0,0.0910098120468478,0,0,0,0,0,6.25492722147717e-05,0,0.00201817868569936,0,0.000200052773850893,0,0.011232210202238,0,0
0.0109481702031651,0,0,0,0.000300219122945323,0,0.00477372982738626,0,0.0177894306973338,0,0.00032881543628091,0,0.0276107234499416,0,0.0142378286069524,0,0,0,0,0,0,0,0,0,0,0,0,0,0,0,0,0,0,0,0,0,0,0,0,0,0,0,0,0,0,0,0,0,0.00708920891850819,0,0.000641918326809983,0,0.00196849751591886,0,0,0,0.00406701558265281,0,0,0,0.0286341467220297,0,0,0,0,0,0,0,0,0,0,0,0,0,0,0,0,0,0,0,0,0,0.000907629126529597,0.00132826676036692,0.000368525967287588,0,0
0,0.0136479184332995,0,0,0,0.00162000830341589,0,0.00152337017845413,0,0,0,0,0,0.0881100315513602,0,0.000521708221697248,0,0,0,0,0,0,0,0,0,0,0,5.38082822458819e-05,0,0,0,0,0,0,0,0,0,0,0,0,0,0,0,0,0,0,0,0,0,0.0044422768279309,0,0.00284912971511305,0,0,0,0,0,0.00514671488758371,0,0,0,0.0277304685425359,0,0,0,0,0,0,0,0,0.00174750735401182,0,0,0,0,0,0,0,0,0,0,0,0.000899225569919043,0.00121668064349715,1.27491599168986e-05,0,0
0.00828706443651315,0,0,0,0.00347494905722957,0,0,0,0.0494799250068902,0,0,0,0.0003645680375234,0,0.129321789697512,0,0.00188925252411826,0,0,0,0,0,0,0,0,0,0,0,0,0,0,0,0,0,0,0,0,0,0,0,0,0,0,0,0,0,0,0,0.00578430181716354,0,0.00041821155807939,0,0,0,0.0120163294139236,0,0.000236726969003967,0,0.0286341467220297,0,0,0,0,0,0,0,0,0.00083202864500223,0,0.000140915232471541,0,0.000626477536876466,0,0,0,0,0,0,0,0,0,0,0.00263903354920521,0.000203887615621087,8.2641443889803e-05,0,0
0,0.00977984337279294,0,0,0,0,0,0,0,0.0251196352276797,0,0,0,0.0294838581348157,0,0.10670143270336,0,0.00116786500244985,0,0,0,0,0,0,0,0,0,0,0,0,0,0,0,0,0,0,0,0,0,0,0,0,0,0,0,0,0,0,0,0.00735808190393315,0,0,0,0,0,0.001014927914102,0,0.00140968070625988,0,0.0277304685425359,0,0,0,0,0,0,0,0,0,0,0,0,0,0,0,0,0,0,0,0,0,0,0.00130519017028911,0.000205121770512379,0,0,0
0,0,0,0.000108958465788742,0,0.0156642535405491,0,0,0,0,0,0.0313856217002846,0,0,0,0,0,0,0,0.0503228315322833,0,0,0,0,0,0,0,0,0,0,0,0,0,0,0,0.0126534584411446,0,0.000215412274774248,0,0.012307278183651,0,0,0,0,0,0.0157404657846638,0,0,0,0,0,0.0132533336256979,0,0,0,0,0,0.0238845748445797,0,0,0,0,0,0,0,0,0,0,0,0,0,0,0.00107362092150169,0,0,0,0,0,0.00682231565683847,0,0.0223671452863231,0,0.000660333617652816,3.58388495770101e-06,0.0164450917235738,0,0
0,0,0.0010237123337021,0,0.0135251805044799,0,0,0,0,0,0.00570303984918654,0,0,0,0,0,0,0,0,0,0.00831891292298132,0,0,0,0,0,0,0,0,0,0,0,0,0,0,0,0.0126402827703053,0,0,0,0.0212823620533818,0,0,0,0,0,0.0214861737675821,0,1.85731088598608e-05,0,0.0110967398292235,0,0,0,0,0,0.0272930153349178,0,0,0,0,0,0,0,0,0,0,0,0,0,0,0,0,0.0084094838763499,0,0,0,0,0,0.00829068833361075,0,0.00469017180264413,0.000880703802957142,0,0.0387841235694248,0,0
0,0,0,0,0,0,0,0,0,0,0,0,0,0,0,0,0,0,0,0,0,0.061856638512074,0.000791486556174739,2.32014197088272e-05,0,0,0,0.00244529565208542,0,0,0,0,0,0,0,0,0,0.00326162352594251,0,0,0,0,0,0,0,0,0,1.01470116076322e-05,0,0.000218706105579532,0,0,0,0,0,0,0,4.60533709291142e-05,0,0,0,0,0,0,0,0.00179040435155121,2.06556659145644e-05,0,0,0,0.0133261520319214,0,5.73961173938309e-05,0,0,0,0,0,0,0,0.00315241366437038,0,0.00539724810960427,0,0,0,0
0,0,0,0,0,0,0,0,0,0,0,0,0,0,0,0,0.00250894408862202,0,0,0,0,0.0141734463989621,0.0506287343092814,0,0,0,0.00233592823209049,0,0.0041096823516147,0,0,0,0,0,0,0,0,0,0.00476806736408541,0,0,0,0,0,0,0,0,0,0,0,0,0,0,0,0,0,0,0,0,0,0,0,0,0,0.00179040435155121,0,0,0.00195080775431432,0,0,0,0.00247260647236058,0,0,0,0,0,0,0,0,0,0.00125032775542472,0.00627738044773994,0.00251161532915465,0,0,0
0,0.00487447381936201,0,0,0,0,0,0,0,0.00409735237709527,0,0,0,0,0,0,0,0,0,0,0,0.000334991300553596,0,0.0500922336060959,0,0.0475437626384569,0,0,0,0,0,0,0,0,0,0,0,0.00259315033924189,0,0,0,0,0,0,0,0,0,0,0,0.000146730480830252,0,0,0,0,0,0.107849281555414,0,0,0,0,0,0,0,0,2.06556659145644e-05,0,0,0,0,0,0,0,0,0,0,0,0,0,0,0,0.00100020842454879,0,0.000395245516421624,0,0.0030917094594746,0,0
4.51200867024792e-05,0,0,0,0,0,0,0,0.00436321240587592,0,0,0,0,0,0,0,0,0,0,0,0,0,0,0,0.0229342146838593,0,0.0377260786869218,0,0,0,0,0,0,0,0,0,0,0,0.00200582088126911,0,0,0,0,0,0,0,0,0,0.00067859939651428,0,0,0,0,0,0.0351353051839044,0,0,0,0,0,0.00083202864500223,0,0,0,0,0.00195080775431432,0,0,0,0.0535605213886596,0,0,0,0,0,0,0,0,0,0,0,0.00131831396285749,0.000476293128296013,0,0.000891742137795219,0,0
0,0,0,0,0,0,0,0,0,0,0,0,0,0,0,0.000384890462106456,0,0.0134730150886423,0,0,0,0,0,0,0,0.0814854995098225,0,0.0130198760070033,0,0,0,0,0,0,0,0,0,0,0,0,0,0,0,0,0,0,0,0,0,0.0028875101494487,0,0,0,0,0,0,0,0,0,0,0,0,0,0,0,0,0,0,0,0,0.0136484819633192,0,0,0,0,0,0,0,0,0,0,0,0.00123284170155333,0,0,0,0
0,0,0,0,0,0,0,0,0.00601930687668243,0,0,0,0,0,0,0,0.00895872547880126,0,0,0,0,0,0.000113753925755228,0,0.0428122849767887,0,0.0995260570216244,0,0.00515744371913226,0,0,0,0,0,0,0,0,0,0,0,0,0,0,0,0,0,0,0,0.00577457047690723,0,0,0,0,0,0.00315053350736358,0,0,0,0,0,0.000140915232471541,0,0,0,0,0,0,0.0535605213886596,0,0,0,0.005157360866056,0,0,0,0,0,0,0,0,0,0,0.00132594085809658,3.73380754685389e-06,8.32609999912076e-05,0,0
0,0,0,0,0,0,0,0,0,0,0,0,0,0,0,0,0,2.31266323970098e-05,0,0,0,0.0124889639989675,0,0,0,6.27164682011501e-05,0,0.1232864718924,0,0.0036715718560881,0,0,0,0,0,0,0,0.00178844446872243,0,0,0,9.46168899195452e-06,0,0,0,0,0,0,0,0.00620671496001343,0,0,0,0,0,0,0,0.0473797240292085,0,0.00174750735401182,0,0,0,0,0.0133261520319214,0,0,0,0.0136484819633192,0,0,0,0.0327154832838346,0,0,0,0,0,0,0,0.000656777786854248,0,0.00306400292706493,0.00022787950571994,0.00165675016458411,0,0
3.56994713446098e-05,0,0,0,0,0,0,0,0,0,0,0,0,0,0,0,0,0,0,0,0,0,0.00810697665710777,0,0,0,0.00305888194050603,0,0.0993379819186133,0,0,0,0,0,0,0,0,0,0.00233833370923619,0,0,0,1.07279666457209e-05,0,0,0,0,0,0.000555384277149699,0,0,0,0,0,0,0,0.0199661766654104,0,0,0,0.000626477536876466,0,0,0,0,0.00247260647236058,0,0,0,0.005157360866056,0,0,0,0.0494819698155103,0,0,0,0,0,0,0,0.00261569329810328,0.0034164340336961,0.000194963073446792,0.000497490572853768,0,0
0,0,0,0,0,0,0,0,0,0,0,0.00260747183423634,0,0,0,0,0,0,0,9.80114756733295e-05,0,0,0,0,0,0,0,0.0170512364576339,0,0.00524557873581293,0,0,0,0,0,0,0,0.000337662298724383,0,0.00329736885345687,0,0.0110932935261413,0,0,0,0,0,0,0,0.0114889793189357,0,0,0,0,0,0,0,0.0910098120468478,0,0,0,0,0.00107362092150169,0,5.73961173938309e-05,0,0,0,0,0,0.0327154832838346,0,0,0,0,0,0,0,1.13746301960038e-05,0,0.00416430546761364,0,0.000564527463273455,0,0.0487222312844562,0,0
0,0,0,0,0,0,0,0,0,0,0,0,0,0,0,0,0,0,1.68942038938579e-05,0,0.000912623769184227,0,0,0,0,0,0,0,0.026748997684966,0,0.0226750413267452,0,0,0,0,0,0,0,0,0,0.00152312622397696,0,0.0043104264698652,0,0,0,0.00269398149954427,6.99625592566201e-06,0.00493059648526553,0,0,0,0,0,0,0,0.10003425208059,0,0,0,0,0,0,0.0084094838763499,0,0,0,0,0,0,0,0.0494819698155103,0,0,0,0,0,0,0,0.000172879614734893,0,0.00306140386273603,0,0,0.0477427890075742,0,5.98283368405601e-05
0,0,0,0,0,0,0,0,0,0,0,0,0,0,0,0,0,0,0,0,0,0,0,0,0,0,0,0,0,0,0,0.118158754769373,0.0865924280626235,0.0202701153871265,0.000273389541808569,0.00191874890458279,0,0.000679557056113718,0,0,0,0,0,0,0,0,0,0.0740814615768599,8.17263161146211e-05,0.000298862338997939,0,0,0,0,0,0,0,0,0,0,0,0,0,0,0,0,0,0,0,0,0,0,0,0,0,0.0508205845877788,0.0894008409017616,0.00231144610007721,0.00613076889285752,0.00430726063354582,0.001588797390029,0,0.000516825642757551,0,0,0,0
0,0,0,0,0,0,0,0,0,0,0,0,0,0,0,0,0,0,0,0,0,0,0,0,0,0,0,0,0,0,0,0.0856739424589115,0.10896523981798,0.00342765491068884,0.00915560691610975,1.95755761937215e-05,0.00608823017855677,0,0,0,0.000160891124265115,0,0,0,0,0,0,0.030699932857849,0.000864304118541325,0,0,0,0,0,0,0,0,0,0,0,0,0,0,0,0,0,0,0,0,0,0,0,0,0,0.0508205845877788,0,0.000644794024435302,0.0896563680703176,0.00118268847555946,0.00945749352847458,8.44562879439084e-06,0.000119288729562939,0.000361018723155514,0,0,0,0
0,0,0,0,0,0,0,0,0,0,0,0,0,0,0,0,0,0,0,0,0,0,0,0,0,0,0,0,0,0,0,0.00779651382991407,0.00476888345620164,0.0867517356733848,0.0069705808462949,0,0,0.0103992694002705,9.14541272667014e-05,0,0,0,0,0,0,0,0,0.0386351535219285,0.000214898082467217,0.0037692561281292,0,0,0,0,0,0,0,0,0,0,0,0,0,0,0,0,0,0,0,0,0,0,0,0,0.0894008409017616,0.000644794024435302,0,0.00540468712331975,0.00021383694062182,0,0.0084550293400845,0.000290771073437856,0.000150532481091361,4.44324305809296e-06,0,0,0
0,0,0,0,0,0,0,0,0,0,0,0,0,0,0,0,0,0,0,0,0,0,0,0,0,0,0,0,0,0,0,0.000397736910255908,0.00632862882982739,0.124617482431128,0.113982324516173,0,1.48012195495539e-05,0.000143178976505796,0.0161309528339084,0,0,0,0,0,0,0,0,0.0555977110836743,0.00184109768259124,0.000305341522178511,0,0,0,0,0,0,0,0,0,0,0,0,0,0,0,0,0,0,0,0,0,0,0,0,0.00231144610007721,0.0896563680703176,0.00540468712331975,0,1.0513437250177e-05,0.00350158994995729,0.000703184566262275,0.00924113829419131,0.00215340064477529,0.000657725758180846,0,0,0
0,0,0,0,0,0.000236951176290959,0,0,0,0,0,0.00481440343567216,0,0,0,0,0,0,0,0.00166411012578583,0,0,0,0,0,0,0,0,0,0,0,0.0141573864651491,0.00031056593322943,0.00244744729185513,1.29069576014873e-05,0.0521676039295031,0.000898327875362341,0.00106888638538485,0,0.00714906150655721,0.000100894345128164,0.00136455118397681,0,2.90560461134936e-06,0,0.00610976966253888,0,0.0134362258890377,8.23379873757977e-05,0.0067399894237813,0,0.000207976271159164,0,0,0,0,0,6.25492722147717e-05,0,0,0,0,0.00682231565683847,0,0,0,0,0,0,0,0,0,1.13746301960038e-05,0,0.00613076889285752,0.00118268847555946,0.00021383694062182,1.0513437250177e-05,0,0.00704063255648833,0.00502433891364781,0,0.0043747736659727,5.91466126924529e-05,0.0166829332148385,3.99808732363667e-05,0
0,0,4.20538875908367e-05,0,0.000331254287352785,0,5.44335829266108e-05,0,0,0,0.00233895879191672,0,0,0,0,0,0,0,0,0,0.00713906468495177,0,0,0,0,0,0,0,0,0,0,0.00966369176794658,0.0105028842141454,0.000991924296124528,0.00765822039540793,0.00810224424921813,0.0570616099859235,0,0.00238128133537662,0,0.0042823727027248,0,0.00369271161089566,0,0,0,0.00333361707757265,0.0192028154771697,0.00592444286256682,6.24771806263854e-05,0.00016948503274245,0,0,0,0,0,8.60534275492952e-05,0,0,0,0,0,0,0.00829068833361075,0,0,0,0,0,0,0,0,0,0.000172879614734893,0.00430726063354582,0.00945749352847458,0,0.00350158994995729,0.00704063255648833,0,0,0.00215854913424704,0.00465090940056015,0.000657465879183192,0.0161133893873723,0,0.000415847765256519
0,0,0,0,0,0,0,0,0,0,0,0.00297271353280588,0,0,0,0,0,0,0,0.00124500740131895,0,0.012158434721193,0,0.00574846267579,0,0,0,0.00231124044313245,0,0.00519583092615659,0,1.11945086883541e-05,0,0.00491978768133752,0.000341467478357767,0.0024832438335622,0,0.076175862635197,1.22977015926749e-05,0.00088358060808543,0,0.00366666476593635,2.22416916900031e-06,0,0,0.00109281780388449,0,0.0319246512337702,0.000625958625984343,0.00364829815640453,0,0,0,0,0,0,0,0.00201817868569936,0,0,0,0,0.0223671452863231,0,0.00315241366437038,0,0.00100020842454879,0,0,0,0.000656777786854248,0,0.00416430546761364,0,0.001588797390029,8.44562879439084e-06,0.0084550293400845,0.000703184566262275,0.00502433891364781,0,0,0.0013032819937888,0.00561472715232379,0.000827732448582142,0.0251372494066412,0.00286046603553335,0
0,0,0,0,0,0,0,0,0,0,0.0173863414311998,0,0,0,0,0,0,0,0,0,0,0,0.00943622719478478,0,0.00778110083563042,0,0,0,0.00183273547148644,0,0.00291180783856575,0,0,0.00167174478538374,0.00515180352421755,0,0.00393257244581941,0.00450972874703172,0.0401806531561156,0,0.00172033971475843,0,0.00113397634920569,0,0,0,0.000615354847794747,0.0409185438011981,0.00248932444171593,0.000615385493470532,0,0,0,0,0,0,0.000554405027580889,0,0,0,0,0,0,0.00469017180264413,0,0.00125032775542472,0,0.00131831396285749,0,0,0,0.00261569329810328,0,0.00306140386273603,0,0.000119288729562939,0.000290771073437856,0.00924113829419131,0,0.00215854913424704,0.0013032819937888,0,0.00617477306021987,0.00346578402441383,0.00856407557026969,0,0.00151320635232603
0.00187992322769455,0.000333558143896796,5.32196394030629e-05,0.000177768776506918,0.00201411008906562,0.00195658241250706,0.000611408462085447,0.00112813732179336,0.00520327302520668,0.00577643506458962,0.00114734004154132,0.00103793102277253,0.00178483602970343,0.00206564008813697,0.00162961331505257,0.00113561676633492,0.0223754050171481,0.0319912735598668,0.0218984574566344,0.00058872091890172,0.00102338647831943,0.00838589033452682,0.00831678321033517,0.000952621838300813,0.000464079688288773,0.00114277979509159,0.00122373725555819,0.00104311072104649,0.00113375412843723,0.000501538199199009,0,0.00029721935365472,0.000138981066361116,0.000497438478247059,0.000282803427908931,0.00784588889362433,0.0091061606266966,0.00367413573625802,0.00480718003558621,3.65487636855873e-05,4.64498397588612e-06,0.00580381773621581,0.00345500233634704,0.000152954381845225,0.000181651914299972,0.000434646254338501,0.000151135340283338,0.00226126764430774,0.0022924008745826,0.00196322806800171,0.00212768868717909,0.00394594610087083,0.000154890456622786,0,0.000448282305254314,0.000838535130497204,0.000628365276845521,0.000200052773850893,0.000907629126529597,0.000899225569919043,0.00263903354920521,0.00130519017028911,0.000660333617652816,0.000880703802957142,0.00539724810960427,0.00627738044773994,0.000395245516421624,0.000476293128296013,0.00123284170155333,0.00132594085809658,0.00306400292706493,0.0034164340336961,0.000564527463273455,0,0.000516825642757551,0.000361018723155514,0.000150532481091361,0.00215340064477529,0.0043747736659727,0.00465090940056015,0.00561472715232379,0.00617477306021987,0,0.0227794243075078,0.0118217914792529,0.000476664607941997,0.0004477639572122
