0,0,0.00720909732476751,0,0,0,0,0,0.0141501881760299,0,0,0,0,0,0,0,0,0,0,0,0,0,0,0,0,0,0,0,0,0,0,0,0,0,0,0,0,0,0,0,1.4922371283695e-05,0,0.00181042234967559,0,0,8.374522427045e-06,0,0,0.00840529336661281,0,0,0,0,0,0.00562799295069244,0,6.21929885216905e-05,0,0,0,0,0,0,0.00012969919566405,0,0,0,0,0,0,0,0,0,0,0,0,0,0,0,0,0,0,0.000480925977498487,0,0.0156004229556978,0,0
0,0,0,0.0772643363405959,0,0.000796129683980547,0,0,0,0.053906843756988,0,0,0,0,0,0.000829310738677016,0,0,5.42788387407487e-05,0,0,0,0,0,0,0,0,0,0,0,0,0,0,0,0,0,0,0,0,0,0,0.0014043524431116,0,0,0,0,0,9.35372381685132e-06,0,0.0246773212351018,0,0.00246114273528105,0,0,0,0.169286591062111,0,0.000471354296701699,0,0.000324113482519077,0,0.0316119484364242,1.41535022155293e-05,7.79289143285669e-06,0,0,0,0,0,0,0,0,3.4139010742942e-05,0,0,0,0,0,0,5.64127619619007e-06,0,0,7.28164206474061e-05,0,0.00548358843522966,0,0
0.00720909732476751,0,0,0,0.000776727424720791,0,0,0,0,0,0,0,0,0,0,0,0,0,1.7829556917153e-05,0,3.42840117290785e-05,0,0,0,0,0,0,0,0,0,0,0,0,0,0,0,9.99359403129466e-05,0,0,5.1115789911825e-05,0,9.56211983192895e-06,0.0054871058975266,0,0,1.54819103001389e-05,0,0,0.00525739041059108,0,0,0,0,0,0,0,3.47530806507068e-05,0,0,0,0,0,1.66644339963883e-05,0.000314057029523575,0,0,0,0,0,0,0,0,0,0,0,0,0,0,6.05847450750901e-06,0.000218147786180798,0,0,0.000630811780272944,0,0.0205088083079621,0,0.000121042042201737
0,0.0772643363405959,0,0,0,0.00692732346650527,0,0,0,0.00934695431371488,0,8.39973419816849e-05,0,0,0,0.000263112202763281,0,0,0,0.000447227579751387,0,0,0,0,0,0,0,0,0,0,0,0,0,0,0,0,0,0,0,0,0,7.98885312483788e-05,0,0,0,0,0,1.25357975924793e-05,0,0.0149917821133429,0,0.0188997382238339,0,0,0,0.00754427586952502,0,0.00132087406197287,0,0.00627219512466515,0,0.0144371357582525,0.000229806516532901,0,0,0,0,0,0,0,0,0,0,0,0,0,0,0,0,0,0,0,0.000181783163745055,0,0.00557318464301277,0,0
0,0,0.000776727424720791,0,0,0,0,0,0.00669357770388287,0,0,0,0,0,0,0,0,0,0,0,0.00188274784193327,0,0,0,0,0,0,0,0,0,0,0,0,0,0,0,0,0,0,0,0,0,0,0,0,0,0,0,0,0,0.0526050499482007,0,0,0,0.0372741795654132,0,0,0,0,0,0,0,0,0,0,0,0,0,0,0,0,0,0,0,0,0,0,0,0,0,0,0,0.00119268358713064,0.000165587166362532,0,0,0
0,0.000796129683980547,0,0.00692732346650527,0,0,0,0,0,0.000171408988535404,0,0.000577402663233806,0,0.00297601580131464,0,0,0,0,0,0.00455386263570025,0,0,0,0,0,0,0,0,0,0,0,0,0,0,0,0,0,0,0,0,0,0,0,0,0,0,0,0,0,0,0,0.0693771453793312,0,0.00657442040697332,0,0,0,0.000183797082611847,0,9.81518060984314e-05,0,0,0,0,0,0,0,0,0,0,0,0,0,0,0,0,0,0,0,0,0,0,0.000361820232824115,0,0.000185453647326418,0,0
0,0,0,0,0,0,0,0,0,0,0,0,0,0,0,0,0,0,0,0,0,0,0,0,0,0,0,0,0,0,0,0,0,0,0,0,1.45626117955544e-05,0,0,0,0,0,0,0,0,0,0,0,0,0,0,0,0.0892136927324837,0,0,0,0.000672571869014763,0,0,0,0,0,0,0,0,0,0,0,0,0,0,0,0,0,0,0,0,0,0,0,0,0,0.000515659210610891,0,0,0,0
0,0,0,0,0,0,0,0,0,0,0,0.00120841047018314,0,0.0144653967178219,0,0,0,0,0,0.000537153641557133,0,0,0,0,0,0,0,0,0,0,0,0,0,0,0,0,0,0,0,0,0,0,0,0,0,0,0,0,0,0,0,0,0,0.07728519559021,0,0,0,0.020387198805711,0,0.0030771744179714,0,0,0.000107765579510912,0,0,0,0,0,0,0,0,0,0,0,0,0,0,0,0,0,0,0,0.000323718020018132,0,0,0,0
0.0141501881760299,0,0,0,0.00669357770388287,0,0,0,0,0,0,0,0,0,0.0160191426905872,0,0,0,0,0,0,0,0,0,0.000834820379008373,0,0.00013255331245514,0,0,0,0,0,0,0,0,0,0,0,2.32813462736476e-05,0,0,0,0,0,0,0,0,0,0,0,0.00253412608986927,0,0,0,0.0975248209627406,0,0,0,0,0,0.000959204243416311,0,0,0,0,0,0,0.00196780327176404,0,0,0,0,0,0,0,0,0,0,0,0,0,0,0.00384032432957516,0.00171035957274782,0.00102213994437057,0,0
0,0.053906843756988,0,0.00934695431371488,0,0.000171408988535404,0,0,0,0,0,0,0,0,0,0.0142742938774134,0,0,0,0,0,0,0,0.00261192272363371,0,0,0,0,0,0,0,0,0,0,0,0,0,5.77923216138788e-05,0,0,0,0,0,0,0,0,0,0,0,0.000420033886635039,0,0,0,0,0,0.158687233119214,0,0,0,0,0,0.00210412120468331,0,0,0,0,0.000402540123845163,0,0,0,0,0,0,0,0,0,0,0,0,0,0,0,0.000417257450722705,3.44576826607212e-05,0.000494736450618966,0,0
0,0,0,0,0,0,0,0,0,0,0,0,0.00613801988664141,0,0,0,0,0,0,0,0.0869515131731828,0,0,0,0,0,0,0,0,0,0,0,0,0,0,0,0.00329182417428544,0,0.0246014660234489,0,0,0,0,0,0,0,0,0,0,0,0,0,0.0212556666230443,0,0,0,0.135131367268105,0,0.0375043380407104,0,0,0,0,0.0104394402137472,0,0,0,0,0,0,0,0,0,0,0,0,0,0,0,0.000258170157984677,0,0.00243466257023656,0.0005050738948419,0,0,0,0
0,0,0,8.39973419816849e-05,0,0.000577402663233806,0,0.00120841047018314,0,0,0,0,0,0.000175939107580332,0,0,0,0,0,0.0103199299750051,0,0,0,0,0,0,0,0.000975082273692328,0,0.00429694649674195,0,0,0,0,0,0,0,0.00655873183942342,0,0,0,0.00154505324887983,0,0,0,0.000270810078868812,0,0,0,8.98598771213137e-05,0,0.00207297595091389,0,0.000531569938337628,0,0,0,0.0653841638120546,0,0.000175177367054857,0,0,0.042555004734825,1.99703079867934e-05,0,0,0,0,0,0,0,0,0.000730709889899359,0,0,0,0,0,0,0,0.00024903145374278,0,0.0015001320858381,0,0.00471238783244775,0.000420007219698231,0
0,0,0,0,0,0,0,0,0,0,0.00613801988664141,0,0,0,0,0,0,0,0,0,0,0,0,0,0,0,0,0,0,0,0,0,0,0,0,0,0,0,0,0,0,0,0,0,0,0,0,0,0,0,0,0,0,0,0,0,0.0012067639412112,0,0.0116709832450054,0,0,0,0,0,0,0,0,0,0,0,0,0,0,0,0,0,0,0,0,0,0,0,0.000331460240202822,0,0,0,0
0,0,0,0,0,0.00297601580131464,0,0.0144653967178219,0,0,0,0.000175939107580332,0,0,0,0.00145051523955471,0,0,0,0,0,0,0,0,0,0,0,0.000374000035035345,0,0,0,0,0,0,0,0,0,0,0,0,0,0,0,0,0,0,0,0,0,0,0,0.00903871224300902,0,0,0,0,0,0.000494795634067036,0,0.0222669724140743,0,0.00228497816657442,0,0,0,0,0,0,0,0,0.012158572110184,0,0,0,0,0,0,0,0,0,0,0,0.000731434934175629,0.000778193377710715,0,0,0
0,0,0,0,0,0,0,0,0.0160191426905872,0,0,0,0,0,0,0,0,0,0,0,0,0,0,0,0,0,0,0,0,0,0,0,0,0,0,0,0,0,0,0,0,0,0,0,0,0,0,0,0,0,0,0,0,0,0.000677511292671686,0,0,0,0,0,0.0245678750362518,0,0,0,0,0,0,0,0,0,0,0,0,0,0,0,0,0,0,0,0,0,0.000558592546923513,8.78535865922458e-06,0,0,0
0,0.000829310738677016,0,0.000263112202763281,0,0,0,0,0,0.0142742938774134,0,0,0,0.00145051523955471,0,0,0,0.000414347671016428,0,0,0,0.0002448168633069,0,0.00119662845784565,0,0.00840150189474965,0,0,0,0,0,0,0,0,0,0,0,0,0,0,0,0,0,0,0,0,0,0,0,0,0,0,0,0,0,0.00142428328480844,0,0,0,0.00952132185184332,0,0.0598170591269643,0,0,3.02895135100721e-05,0,0.000204136505205375,0,0.00422126645640824,0,0,0,0,0,0,0,0,0,0,0,0,0,0.00101971937261738,0.000541490704133017,4.52239945700368e-05,0,0
0,0,0,0,0,0,0,0,0,0,0,0,0,0,0,0,0,0.0877877694374043,0.0510266483643297,0,0,0.000839931941867961,0.0307688181029761,0.000526381419486448,0.000859699094664645,7.46424307760795e-06,0.0398975978012591,0,0.000103195932283948,0,0,0,0,0,0,0,0,0,0,7.78218967840079e-05,0,2.9249699697727e-05,0.000421864150308002,0,0,0.000189333275398208,0.00101578187479925,0,0,0,0,0,0,0,0,0,0,0,0,0,0,0,9.75602031406151e-05,2.491198434439e-05,8.45720014149037e-06,0.000986106135982013,0,0,6.05121024444276e-06,0.00179371765863643,0,0,0,0,0,0,0,0,7.92891085800899e-05,1.57089818069497e-05,0,0,0.0208472632506089,0.000135852396764706,0.000562001196947455,3.80899804783743e-05,0
0,0,0,0,0,0,0,0,0,0,0,0,0,0,0,0.000414347671016428,0.0877877694374043,0,0.0455379850429557,0,0,0.0329424297232899,0.000111843789757064,0.0112169509053407,2.48880335045011e-05,0.0743208388933059,1.80789049412526e-05,9.9387999087262e-05,0,0,0,0,0,0,0,0,0,0,0,0.000379119741695146,7.11308839374337e-06,0.000570612740426852,0.000480763944455253,0,0,0.000795848312666318,0.000783638136097042,0,0,0,0,0,0,0,0,0,0,0,0,0,0,0,0.000294002423827031,0.000270802494141092,0.00211704669679812,0,0.000930124861236175,0,0.0225089510002872,0,0,0,0,0,0,0,0,0,0.000740954543493961,3.029316079463e-05,0,0,0.0164428330176584,0.00200980147057505,0.00100440083336505,0.000333523557733278,0
0,5.42788387407487e-05,1.7829556917153e-05,0,0,0,0,0,0,0,0,0,0,0,0,0,0.0510266483643297,0.0455379850429557,0,0,0,0.000762312166240103,0.000995432037491065,0.000491664748383056,0,0.000161728395933367,0.000516084576563215,0,0,0,0,0,0,0,0,0,0,0,0,0.00980050452601017,0.00559326431037801,0.0181971071619165,0.0186375407544593,0.000144715056880028,0,0.0248162455085049,0.0373211878471897,0,5.3123447139097e-06,0.000106665545086541,0,0,0,0,0,0,2.35382873422795e-05,0,0,0,0,0,0.0120471596896435,0.0177727299894831,0,0,0,0,6.70446825802393e-05,0,0,0,0,0,0,0,0,0,0.013402484154522,0.00647670417320556,4.27488029749303e-05,0.000226866798697243,0.00405020576772986,0,0.0520136405330441,0.0035345100562181,0.00247908408173066
0,0,0,0.000447227579751387,0,0.00455386263570025,0,0.000537153641557133,0,0,0,0.0103199299750051,0,0,0,0,0,0,0,0,0,0,0,0,0,0,0,0,0,0,0,0,0,0,0,0.0109494469494623,0,0.00800630345893262,0,0,0,0.000787653081773804,0,0,0,0.000154181328724842,0,0,0,0,0,0.00337879648375252,0,0.0052106894405821,0,0,0,0.0107314577095642,0,0,0,0,0.152621354710173,0,0,0,0,0,0,0,0,0,0.00071731234966587,0,0,0,0,0,0.000750321169797006,0,0.00278091229629989,0,0.000569582030124547,0,0.000665661715431979,0,0
0,0,3.42840117290785e-05,0,0.00188274784193327,0,0,0,0,0,0.0869515131731828,0,0,0,0,0,0,0,0,0,0,0,0,0,0,0,0,0,0,0,0,0,0,0,0,0,0.0126349909511405,0,0.000921392416024172,0,0,0,0,0,0,0,0,0,6.68365517707201e-05,0,0,0,0,0,0,0,0.0319380807195194,0,0,0,0,0,0,0.101293351505119,0,0,0,0,0,0,0,0,0,0,0,0,0,0,0,0.000554133263941592,0,0,0.00236662659084284,1.62774925615407e-05,0.00230326687867741,0,0
0,0,0,0,0,0,0,0,0,0,0,0,0,0,0,0.0002448168633069,0.000839931941867961,0.0329424297232899,0.000762312166240103,0,0,0,0.00622465486649694,0.00843960248635727,0,0.0348683743091739,0,0.00746066471477658,0,0,0,0,0,0,0,0,0,0.00317416921017712,0,2.97413624269452e-06,0,4.04920842592073e-05,6.07817611034838e-06,0,0,6.27899809832685e-05,5.69922484450306e-06,0,0,0.000195655190316099,0,0,0,0,0,0,0,0,0,0,0,0,1.17332592105623e-05,0,0.0987630584377613,0.000591736027048718,0.00369726359300694,0,0.0298638668058228,0,0.00284991454146968,0,0,0,0,0,0,0,3.56703962003071e-05,0,0.00290256469963928,0,0.00805378228226343,0.00778237088643089,4.29346442254859e-05,1.43791534819139e-05,0
0,0,0,0,0,0,0,0,0,0,0,0,0,0,0,0,0.0307688181029761,0.000111843789757064,0.000995432037491065,0,0,0.00622465486649694,0,0,0.00132717085025626,0,0.0108700613692532,0,0.00319252028321536,0,0,0,0,0,0,0,0,0,0.00588845460458818,0,0,0,1.28751208222947e-05,0,0,0,0,0,0.00311164478782989,0,0,0,0,0,0,0,0,0,0,0,0,0,0,0,0.000963227714310363,0.14424356201217,0,0.000155176744855478,1.50154238227095e-05,0.00241252764125979,0,4.09102540288586e-05,0,0,0,0,0,0,1.86472289896364e-05,0,0,0.00039192791819613,0.00553176237829884,0.00843219712449144,9.47681097272443e-06,0,0
0,0,0,0,0,0,0,0,0,0.00261192272363371,0,0,0,0,0,0.00119662845784565,0.000526381419486448,0.0112169509053407,0.000491664748383056,0,0,0.00843960248635727,0,0,0,0.0128233649321588,0,0,0,0,0,0,0,0,0,0,0,0.00123700833843825,0,0,0,0.000177647355586657,0,0,0,0,0,0,0,0.000675877015535014,0,0,0,0,0,0.00105543897975266,0,0,0,0,0,0,0,0,0.00421309819925001,0,0.103406884049622,0,0.00418422454825306,0,0,0,0,0,0,0,0,0,1.20693179904026e-05,7.78817305319254e-06,0,0,0.00105852531928867,0,0,0,0
0,0,0,0,0,0,0,0,0.000834820379008373,0,0,0,0,0,0,0,0.000859699094664645,2.48880335045011e-05,0,0,0,0,0.00132717085025626,0,0,0,0.00143899221940824,0,0,0,0,0,0,0,0,0,0,0,0.0013620372898148,0,0,0,0,0,0,0,0,0,0.0035931520457357,0,0,0,0,0,0.000211132203449067,0,0,0,0,0,0,0,0,0,0,0.00076244788762491,0,0.105856847111797,0,0.000134920590754193,0,0,0,0,0,0,0,0,0,0,0,0.000623984519478529,0.000306199144371927,0.000199040422230865,0,0,0
0,0,0,0,0,0,0,0,0,0,0,0,0,0,0,0.00840150189474965,7.46424307760795e-06,0.0743208388933059,0.000161728395933367,0,0,0.0348683743091739,0,0.0128233649321588,0,0,0,0.00644540958828103,0,0,0,0,0,0,0,0,0,0,0,0,0,0,0,0,0,0,0,0,0,0,0,0,0,0,0,0.0031546401905832,0,0,0,0,0,0,0,0,0.018923381511161,0,0.00600161771757896,0,0.211167670272361,0,0.000614219044119963,0,0,0,0,0,0,0,1.41665558851311e-06,0,0,0,0.00190332539282737,2.91203324740796e-06,1.36623387160147e-05,0,0
0,0,0,0,0,0,0,0,0.00013255331245514,0,0,0,0,0,0,0,0.0398975978012591,1.80789049412526e-05,0.000516084576563215,0,0,0,0.0108700613692532,0,0.00143899221940824,0,0,0,0.0184922459429062,0,0,0,0,0,0,0,0,0,0,0,0,0,0,0,0,0,0,0,0,0,0,0,0,0,0.000604039161918035,0,0,0,0,0,0,0,0,0,0,0.00799256777991503,0,0.0013376461767897,0,0.0880857652046934,0,0.000808389427872152,0,0,0,0,0,0,0,0,0,0,0.00202978034385358,2.58431373918794e-05,0,0,0
0,0,0,0,0,0,0,0,0,0,0,0.000975082273692328,0,0.000374000035035345,0,0,0,9.9387999087262e-05,0,0,0,0.00746066471477658,0,0,0,0.00644540958828103,0,0,0,0.0158949311168444,0,0,0,0,0,0,0,0,0,0,0,0,0,0,0,0,0,0,0,0,0,0,0,0,0,0,0,0.00134861583141665,0,0,0,0,0,0,0.00250452493032664,0,0,0,0.00479324345665877,0,0.0174141303669399,0,0.000769726062886222,0,0,0,0,0,0,0,0,0,0.000408222562124669,0.000315480564694966,0,0,0
0,0,0,0,0,0,0,0,0,0,0,0,0,0,0,0,0.000103195932283948,0,0,0,0,0,0.00319252028321536,0,0,0,0.0184922459429062,0,0,0,0.00545036197364327,0,0,0,0,0,0,0,0.00221673072474856,0,0,0,0,0,0,0,0,0,0,0,0,0,0,0,0,0,0,0,0,0,0,0,0,0,0,0.000272214940043705,0,0,0,0.000916902394697709,0,0.0203715507263912,0,0.0125301428755182,0,0,0,0,0,0,0,0,0.000144717485937258,0.000218071246016681,0,0,0
0,0,0,0,0,0,0,0,0,0,0,0.00429694649674195,0,0,0,0,0,0,0,0,0,0,0,0,0,0,0,0.0158949311168444,0,0,0,0,0,0,0,0,0,1.65324696930553e-05,0,0,0,0,0,0,0,6.66630801410546e-05,0,0,0,0,0,0,0,0,0,0,0,0.00173357437914484,0,0,0,0,9.51291185678077e-05,0,0,0,0,0,0,0,0,0,0.143716499206107,0,0,0,0,0,0,0,0,0,0.000351382801449852,0,4.37441306209291e-05,0,0
0,0,0,0,0,0,0,0,0,0,0,0,0,0,0,0,0,0,0,0,0,0,0,0,0,0,0,0,0.00545036197364327,0,0,0,0,0,0,0,0,0,0,0,0,0,0,0,0,0,0,0,0,0,0,0,0,0,0,0,0,0,0,0,0,0,0,0,0,0,0,0,0,0,0,5.83243418077473e-05,0,0.0923863636191924,0,0,0,0,0,0,0,0,0.00039649491837793,0,0,0,0
0,0,0,0,0,0,0,0,0,0,0,0,0,0,0,0,0,0,0,0,0,0,0,0,0,0,0,0,0,0,0,0,0.00123499993580278,0.00400535909472014,0,0.000208308604561959,0,0,0,0,0,0,0,0,0,0,0,0.0143608502544891,0,0,0,0,0,0,0,0,0,0,0,0,0,0,0,0,0,0,0,0,0,0,0,0,0,0,0.0532993168148335,0,0.0022093485634687,0,0.00175205006877193,0,0,0,0.000481561291358463,0,0,0,0
0,0,0,0,0,0,0,0,0,0,0,0,0,0,0,0,0,0,0,0,0,0,0,0,0,0,0,0,0,0,0,0.00123499993580278,0,0,0.00857087486376339,0,4.28525509050814e-05,0,0,0,0,0,0,0,0,0,0,0.0253077611373852,0.00125420397363091,0,0,0,0,0,0,0,0,0,0,0,0,0,0,0,0,0,0,0,0,0,0,0,0,0,0,0.0511021468432622,0,0.00903791040410446,0,2.24119771701226e-05,0,0,8.96769375822413e-05,0,0,0,0
0,0,0,0,0,0,0,0,0,0,0,0,0,0,0,0,0,0,0,0,0,0,0,0,0,0,0,0,0,0,0,0.00400535909472014,0,0,0.0560901138167957,0.0219956048472677,0,0.000437961862860335,0.000179915534221946,0,0,0,0,0,0,0,0,0.138616032295084,0,0.000382421916724643,0,0,0,0,0,0,0,0,0,0,0,0,0,0,0,0,0,0,0,0,0,0,0,0,0.0118786867177687,0,0.217001613610525,0.0374624603161918,0.00538131063411742,0,0.00211343431699997,5.0435729054011e-05,0.00232945962051908,2.2709984893542e-05,0,0,0
0,0,0,0,0,0,0,0,0,0,0,0,0,0,0,0,0,0,0,0,0,0,0,0,0,0,0,0,0,0,0,0,0.00857087486376339,0.0560901138167957,0,0,0.0154397943999431,7.82405107205807e-05,0.00849917892613452,0,0,0,0,0,0,0,0,0.104517662357893,0.00443140903784537,0,0,0,0,0,0,0,0,0,0,0,0,0,0,0,0,0,0,0,0,0,0,0,0,0,0,0.00248357933211882,0.00597190030500935,0.136542275075962,0,0.00500188568436904,0,0.0188353537289098,0.00208097320226274,0.000221694571343464,0,0,0
0,0,0,0,0,0,0,0,0,0,0,0,0,0,0,0,0,0,0,0.0109494469494623,0,0,0,0,0,0,0,0,0,0,0,0.000208308604561959,0,0.0219956048472677,0,0,0.000516592216153245,0.0128697793733707,0,0,0,0,0,0,0,3.13811770685925e-05,0,0,0,0,0,0,0,0,0,0,0,0,0,0,0,0,0.0148467407746991,0,0,0,0,0,0,0,0,0,0,0,0.00290622940244508,0,0.0064628193135216,0,0.0494003354497643,0,0.000590474454830791,0,0.00437574950753891,1.69661739231672e-05,0.00192300921977389,0,0
0,0,9.99359403129466e-05,0,0,0,1.45626117955544e-05,0,0,0,0.00329182417428544,0,0,0,0,0,0,0,0,0,0.0126349909511405,0,0,0,0,0,0,0,0,0,0,0,4.28525509050814e-05,0,0.0154397943999431,0.000516592216153245,0,2.65404794788628e-05,0.0134560482921131,0,0,0,0,0,0,0,0,4.44925315256484e-06,0.000118018095999209,0,0,0,0,0,0,0,0.000307016429167619,0,0,0,0,0,0,0.0216743509380145,0,0,0,0,0,0,0,0,0,0,0,0.000995308163426274,0,0.00786738317456014,0,0.0515157377244562,0,0.00118807972889761,0.010164894765607,0.00105559257803312,0.00190161568174815,0,0
0,0,0,0,0,0,0,0,0,5.77923216138788e-05,0,0.00655873183942342,0,0,0,0,0,0,0,0.00800630345893262,0,0.00317416921017712,0,0.00123700833843825,0,0,0,0,0,1.65324696930553e-05,0,0,0,0.000437961862860335,7.82405107205807e-05,0.0128697793733707,2.65404794788628e-05,0,0.00247852667396187,7.12853089021776e-06,0,0.000415638749547751,0,0,0,0.000133528928307176,0,0,0,0.00216298902505658,0,0,0,0,0,0.000252931341334959,0,0,0,0,0,0,0.00657617480241106,0,0.00377264789910113,0,0.00237410684635653,0,0,0,0.0002118094288801,0,0,0,0,0,0.00433225522958296,0,0.00338740096795744,0,0.0536837212877193,0.000141509679576801,0.00501076845233548,0.000399490335012665,0.00273726778246229,0.000230786949671681,0
0,0,0,0,0,0,0,0,2.32813462736476e-05,0,0.0246014660234489,0,0,0,0,0,0,0,0,0,0.000921392416024172,0,0.00588845460458818,0,0.0013620372898148,0,0,0,0.00221673072474856,0,0,0,0,0.000179915534221946,0.00849917892613452,0,0.0134560482921131,0.00247852667396187,0,0,0,0,0,0,0,0,0,0.00384388714419184,0.010122118694176,0,0,0,0,0,0.00150034311877637,0,0.00473445712750214,0,0,0,0,0,0,0.00303314188348391,0,0.000738330611654038,0,0.00394113135457508,0,0,0,0.00129164809268857,0,0.000502348637850821,0,0,0,0.00883883790720965,0,0.0057943801120669,2.24551763655299e-05,0.0552337499234864,0.00484153184878835,0.000904525675158006,0.000191664203709658,0,0
0,0,5.1115789911825e-05,0,0,0,0,0,0,0,0,0,0,0,0,0,7.78218967840079e-05,0.000379119741695146,0.00980050452601017,0,0,2.97413624269452e-06,0,0,0,0,0,0,0,0,0,0,0,0,0,0,0,7.12853089021776e-06,0,0,8.82394645385087e-06,0.0620709592873163,0.000341076117303354,8.81840940121382e-05,0,0.00320081138771242,0.000567073666456784,0,0,0.00976173288155534,0,0,0,0,0,0,0,0,0,0,0,0,0.0115946513551019,0.00022649852138176,0,0,0,0,0,0,0,0,0,0,0,0,0,0,0.00174725351953147,2.37531574082954e-05,0.000413742508412044,3.29958192223957e-06,0.000180826057933487,0,0.0652092259342424,0.0043020438344305,1.59550511454029e-05
1.4922371283695e-05,0,0,0,0,0,0,0,0,0,0,0,0,0,0,0,0,7.11308839374337e-06,0.00559326431037801,0,0,0,0,0,0,0,0,0,0,0,0,0,0,0,0,0,0,0,0,8.82394645385087e-06,0,0.000265730156754261,0.0123728180173982,0,0,0.000298877383525174,0.0055403575081028,0,3.81924684194728e-06,0,0,0,0,0,0,0,0,0,0,0,0,0,7.24490879826664e-05,0.00229856484319307,0,0,0,0,0,0,0,0,0,1.06685935696075e-05,0,0,0,0,7.81470255363665e-06,0.00278358671816257,0,0,9.04334645153039e-05,0,0.0112206006021796,0,0.000624952454824796
0,0.0014043524431116,9.56211983192895e-06,7.98885312483788e-05,0,0,0,0,0,0,0,0.00154505324887983,0,0,0,0,2.9249699697727e-05,0.000570612740426852,0.0181971071619165,0.000787653081773804,0,4.04920842592073e-05,0,0.000177647355586657,0,0,0,0,0,0,0,0,0,0,0,0,0,0.000415638749547751,0,0.0620709592873163,0.000265730156754261,0,0.00242332834701058,0.00217730364682394,1.11750159384472e-05,0.0183694191091344,0.000621565627836061,0.000264971676538972,0,0.0223177533356848,0,0,0,0,0,3.23960795307002e-05,0,0.046503466972823,0,0,0,0,0.0426968745204831,0.000434313297477175,0,0,0,0,0,0,0,0,0.00115544095790907,0,0,0,0,0,0.014529320843917,3.0549410968806e-05,0.00329641208406853,0,0.00194131288720287,0,0.139785107456401,0.0274687712416039,0
0.00181042234967559,0,0.0054871058975266,0,0,0,0,0,0,0,0,0,0,0,0,0,0.000421864150308002,0.000480763944455253,0.0186375407544593,0,0,6.07817611034838e-06,1.28751208222947e-05,0,0,0,0,0,0,0,0,0,0,0,0,0,0,0,0,0.000341076117303354,0.0123728180173982,0.00242332834701058,0,0,0,0.00070683922557905,0.0397262365599617,0,0.00620031743911304,0,0,0,0,0,0,0,0.000713391359404032,0,0,0,0,0,0.000759197615857472,0.0621591927039632,0,0,0,0,0,0,0,0,0,0.000158557457350006,0,0,0,0,0.000185266054631483,0.00814001449001298,0,0.000455541719136307,0.00315845924696065,0,0.130080087916095,0,0.037585037559603
0,0,0,0,0,0,0,0,0,0,0,0,0,0,0,0,0,0,0.000144715056880028,0,0,0,0,0,0,0,0,0,0,0,0,0,0,0,0,0,0,0,0,8.81840940121382e-05,0,0.00217730364682394,0,0,0,0,0,0,0,0.00026257289222032,0,0,0,0,0,0,0,0,0,0,0,0,0,0,0,0,0,0,0,0,0,0,0,0,0,0,0,0,4.33647754266414e-06,0,0,0,3.90971431583499e-06,0,0.000340857039614389,0,0
0,0,0,0,0,0,0,0,0,0,0,0,0,0,0,0,0,0,0,0,0,0,0,0,0,0,0,0,0,0,0,0,0,0,0,0,0,0,0,0,0,1.11750159384472e-05,0,0,0,0,1.50937503504318e-05,0,0,0,0,0,0,0,0,0,0,0,0,0,0,0,0,0,0,0,0,0,0,0,0,0,0,0,0,0,0,0,5.9314410300049e-06,1.40566788271617e-05,0,0,0,0,8.56974167279978e-05,0,0
8.374522427045e-06,0,1.54819103001389e-05,0,0,0,0,0,0,0,0,0.000270810078868812,0,0,0,0,0.000189333275398208,0.000795848312666318,0.0248162455085049,0.000154181328724842,0,6.27899809832685e-05,0,0,0,0,0,0,0,6.66630801410546e-05,0,0,0,0,0,3.13811770685925e-05,0,0.000133528928307176,0,0.00320081138771242,0.000298877383525174,0.0183694191091344,0.00070683922557905,0,0,0,0.00481480589697166,0,0,0.000262391981791349,0,0,0,0,0,0,0,0.00015431021438994,0,0,0,0,0.0489266583873039,0.00296152927850058,0,0,0,0,0,0,0,0,0.000135183529048395,0,0,0,0,0,0.00855047962410302,0.000205383044752303,0.00130162260627052,0,0.000370577876762899,0,0.0270516936065864,0.000791118569344809,1.44820188002432e-05
0,0,0,0,0,0,0,0,0,0,0,0,0,0,0,0,0.00101578187479925,0.000783638136097042,0.0373211878471897,0,0,5.69922484450306e-06,0,0,0,0,0,0,0,0,0,0,0,0,0,0,0,0,0,0.000567073666456784,0.0055403575081028,0.000621565627836061,0.0397262365599617,0,1.50937503504318e-05,0.00481480589697166,0,0,6.52758518587481e-05,0,0,0,0,0,0,0,0,0,0,0,0,0,0.001885630397956,0.0408526467707909,0,0,0,0,0,0,0,0,0,0,0,0,0,0,0.00041240275717679,0.0206107838510359,1.22761859546135e-05,0.000515807552263315,0.00100226073951762,0,0.0188860605172487,0,0.000565782348225529
0,9.35372381685132e-06,0,1.25357975924793e-05,0,0,0,0,0,0,0,0,0,0,0,0,0,0,0,0,0,0,0,0,0,0,0,0,0,0,0,0.0143608502544891,0.0253077611373852,0.138616032295084,0.104517662357893,0,4.44925315256484e-06,0,0.00384388714419184,0,0,0.000264971676538972,0,0,0,0,0,0,0.0487472865427445,0.0271300422077598,0,0,0,0,0,0,0,0,0,0,0,0,0,0,0,0,0,0,0,0,0,0,0,0,0.0372362678966514,0.0117944331458589,0.0951734673982297,0.0759972794774321,0.000931698848068288,0.00220456220794299,6.41099751814177e-05,0.00046322278135923,0.00210148605352386,5.96021563366115e-05,0.00855483664934855,0,0
0.00840529336661281,0,0.00525739041059108,0,0,0,0,0,0,0,0,0,0,0,0,0,0,0,5.3123447139097e-06,0,6.68365517707201e-05,0,0.00311164478782989,0,0.0035931520457357,0,0,0,0,0,0,0,0.00125420397363091,0,0.00443140903784537,0,0.000118018095999209,0,0.010122118694176,0,3.81924684194728e-06,0,0.00620031743911304,0,0,0,6.52758518587481e-05,0.0487472865427445,0,0,0,0,0,0,0,0,0.000176249799834953,0,0,0,0,0,0,0.000420389889358654,0,0,0,0.000311123384046444,0,0,0,0,0,6.30216836081785e-06,0,0.000654494263772397,0,0.00670015760089849,0,0.00333280568086522,0,0.0107794650438537,0.000769285861532349,0,0.0172653053870006,0,0
0,0.0246773212351018,0,0.0149917821133429,0,0,0,0,0,0.000420033886635039,0,8.98598771213137e-05,0,0,0,0,0,0,0.000106665545086541,0,0,0.000195655190316099,0,0.000675877015535014,0,0,0,0,0,0,0,0,0,0.000382421916724643,0,0,0,0.00216298902505658,0,0.00976173288155534,0,0.0223177533356848,0,0.00026257289222032,0,0.000262391981791349,0,0.0271300422077598,0,0,0,0.000137759194316193,0,0,0,0.000120799643686966,0,0.00422214493652047,0,0.00616722654576201,0,0.00282911643180631,0.000497535417049787,0,0,0,0.00218159263826575,0,0,0,0.00704358901805109,0,7.32273612931342e-05,0,0,0,0.001585203708518,0,0.000833017267028364,0,0.016013173689659,0,0.00108682761737478,0,0.0339443892197166,0.000410180178570281,0
0,0,0,0,0.0526050499482007,0,0,0,0.00253412608986927,0,0,0,0,0,0,0,0,0,0,0,0,0,0,0,0,0,0,0,0,0,0,0,0,0,0,0,0,0,0,0,0,0,0,0,0,0,0,0,0,0,0,0,0.0230281934577025,0,0.0154918721221699,0,0.00805910505073769,0,0,0,0.000201795977773145,0,0,0.00111779107604912,0,0,0,0,0,0,0,0,0,0,0,0,0,0,0,0,0,0,0.000112051777951575,1.56707696499416e-06,0,0,0
0,0.00246114273528105,0,0.0188997382238339,0,0.0693771453793312,0,0,0,0,0,0.00207297595091389,0,0.00903871224300902,0,0,0,0,0,0.00337879648375252,0,0,0,0,0,0,0,0,0,0,0,0,0,0,0,0,0,0,0,0,0,0,0,0,0,0,0,0,0,0.000137759194316193,0,0,0,0,0,0,0,0.000187184158535509,0,0.0204021376214131,0,0.000549900294671279,0,0,0,0,0,0,0,0,0,0,0,0,0,0,0,0,0,0,0,0,0.00036785365821548,0,0.000739658295824327,0,0
0,0,0,0,0,0,0.0892136927324837,0,0,0,0.0212556666230443,0,0,0,0,0,0,0,0,0,0,0,0,0,0,0,0,0,0,0,0,0,0,0,0,0,0,0,0,0,0,0,0,0,0,0,0,0,0,0,0.0230281934577025,0,0,0,0,0,0.0128212517483776,0,0.00626601736452541,0,0,0,0,0,0,0,0,0,0,0,0,0,0,0,0,0,0,0,0,0,0,0,1.85765094645005e-06,0,0,0,0
0,0,0,0,0,0.00657442040697332,0,0.07728519559021,0,0,0,0.000531569938337628,0,0,0,0,0,0,0,0.0052106894405821,0,0,0,0,0,0,0,0,0,0,0,0,0,0,0,0,0,0,0,0,0,0,0,0,0,0,0,0,0,0,0,0,0,0,0,0,0,0,0,0,0,0,0,0,0,0,0,0,0,0,0,0,0,0,0,0,0,0,0,0,0,0,0.000255708173420383,3.28457154496699e-05,0.00169166433835552,0,0
0.00562799295069244,0,0,0,0.0372741795654132,0,0,0,0.0975248209627406,0,0,0,0,0,0.000677511292671686,0,0,0,0,0,0,0,0,0,0.000211132203449067,0,0.000604039161918035,0,0,0,0,0,0,0,0,0,0,0,0.00150034311877637,0,0,0,0,0,0,0,0,0,0,0,0.0154918721221699,0,0,0,0,0,0,0,0,0,0.00142165950188504,0,0,0,0,0,0,0.00302793646085978,0,0,0,0,0,0,0,0,0,0,0,0,0,8.36355538793714e-05,0.000429427167341213,0.00010389779578631,0,0,0
0,0.169286591062111,0,0.00754427586952502,0,0,0,0,0,0.158687233119214,0,0,0,0,0,0.00142428328480844,0,0,0,0,0,0,0,0.00105543897975266,0,0.0031546401905832,0,0,0,0,0,0,0,0,0,0,0,0.000252931341334959,0,0,0,3.23960795307002e-05,0,0,0,0,0,0,0,0.000120799643686966,0,0,0,0,0,0,0,0,0,0,0,0.0063266057979,0,0,0,0,0.0285347366818792,0,0,0,0,0,0,0,0,0,0,0,0,0,1.36341392711667e-05,0,0.000627321410158789,0,0.00200468747108809,0,0
6.21929885216905e-05,0,3.47530806507068e-05,0,0,0,0.000672571869014763,0,0,0,0.135131367268105,0,0.0012067639412112,0,0,0,0,0,2.35382873422795e-05,0,0.0319380807195194,0,0,0,0,0,0,0,0,0,0,0,0,0,0,0,0.000307016429167619,0,0.00473445712750214,0,0,0,0.000713391359404032,0,0,0,0,0,0.000176249799834953,0,0.00805910505073769,0,0.0128212517483776,0,0,0,0,0,0.0103727824039144,0,0,0,0,0.025507318389761,0,0,0,0,0,0,0,0,0,0.0102509080984929,0,0,0,0,0,0.000136301012921457,0,0.000550390368387513,0.00036143846395385,0,0.0112424453700283,0,0.000610941383942134
0,0.000471354296701699,0,0.00132087406197287,0,0.000183797082611847,0,0.020387198805711,0,0,0,0.0653841638120546,0,0.000494795634067036,0,0,0,0,0,0.0107314577095642,0,0,0,0,0,0,0,0.00134861583141665,0,0.00173357437914484,0,0,0,0,0,0,0,0,0,0,0,0.046503466972823,0,0,0,0.00015431021438994,0,0,0,0.00422214493652047,0,0.000187184158535509,0,0,0,0,0,0,0,0.00092243079812438,0,0.000337028587802522,0.0333709188874754,2.29737317290441e-05,0,0,0,0,0,0,0,0,0.0129299778451561,0,0,0,0,0,0,0,0,0,0.000177770895187587,0,0.0231586798169034,0.000355205696030427,0
0,0,0,0,0,0,0,0,0,0,0.0375043380407104,0,0.0116709832450054,0,0,0,0,0,0,0,0,0,0,0,0,0,0,0,0,0,0,0,0,0,0,0,0,0,0,0,0,0,0,0,0,0,0,0,0,0,0,0,0.00626601736452541,0,0,0,0.0103727824039144,0,0,0,0,0,0,0,0,0,0,0,0,0,0,0,0,0,0,0,0,0,0,0,0,0,0.000190125696731732,0,0,0,0
0,0.000324113482519077,0,0.00627219512466515,0,9.81518060984314e-05,0,0.0030771744179714,0,0,0,0.000175177367054857,0,0.0222669724140743,0,0.00952132185184332,0,0,0,0,0,0,0,0,0,0,0,0,0,0,0,0,0,0,0,0,0,0,0,0,0,0,0,0,0,0,0,0,0,0.00616722654576201,0,0.0204021376214131,0,0,0,0,0,0.00092243079812438,0,0,0,0.02458024769715,0.000140464069687823,0,0,0,0,0,0,0,0,0,0,0,0,0,0,0,0,0,0,0,0.00128858451331629,0.000307026723657992,0.00151904942484531,0,0
0,0,0,0,0,0,0,0,0.000959204243416311,0,0,0,0,0,0.0245678750362518,0,0,0,0,0,0,0,0,0,0,0,0,0,0,0,0,0,0,0,0,0,0,0,0,0,0,0,0,0,0,0,0,0,0,0,0.000201795977773145,0,0,0,0.00142165950188504,0,0,0,0,0,0,0,0,0,0,0,0,0,0,0,0,0,0,0,0,0,0,0,0,0,0,0,0.000251773806600897,0,0,0,0
0,0.0316119484364242,0,0.0144371357582525,0,0,0,0,0,0.00210412120468331,0,0,0,0.00228497816657442,0,0.0598170591269643,0,0,0,0,0,0,0,0,0,0,0,0,0,0,0,0,0,0,0,0,0,0,0,0,0,0,0,0,0,0,0,0,0,0.00282911643180631,0,0.000549900294671279,0,0,0,0.0063266057979,0,0.000337028587802522,0,0.02458024769715,0,0,0,0,0,0,0,0,0.00091844231064897,0,0,0,0,0,0,0,0,0,0,0,0,0,0.00016297061790525,0,0.000186819024739908,0,0
0,1.41535022155293e-05,1.66644339963883e-05,0.000229806516532901,0,0,0,0.000107765579510912,0,0,0,0.042555004734825,0,0,0,0,9.75602031406151e-05,0.000294002423827031,0.0120471596896435,0.152621354710173,0,1.17332592105623e-05,0,0,0,0,0,0,0,9.51291185678077e-05,0,0,0,0,0,0.0148467407746991,0,0.00657617480241106,0,0.0115946513551019,7.24490879826664e-05,0.0426968745204831,0.000759197615857472,0,0,0.0489266583873039,0.001885630397956,0,0,0.000497535417049787,0,0,0,0,0,0,0,0.0333709188874754,0,0.000140464069687823,0,0,0,0.000360733625434759,0,0,0,0,0,0,0,0,0.00211120514481451,0,0,0,0,0,0.0164940540333025,2.83245965202195e-05,0.0292183711418052,3.3420625808392e-06,0.000651829366373719,0,0.0226977667755953,0.0186122073757758,0
0.00012969919566405,7.79289143285669e-06,0.000314057029523575,0,0,0,0,0,0,0,0.0104394402137472,1.99703079867934e-05,0,0,0,0,2.491198434439e-05,0.000270802494141092,0.0177727299894831,0,0.101293351505119,0,0,0,0,0,0,0,0,0,0,0,0,0,0,0,0.0216743509380145,0,0.00303314188348391,0.00022649852138176,0.00229856484319307,0.000434313297477175,0.0621591927039632,0,0,0.00296152927850058,0.0408526467707909,0,0.000420389889358654,0,0.00111779107604912,0,0,0,0,0,0.025507318389761,2.29737317290441e-05,0,0,0,0,0.000360733625434759,0,0,0,0,0,0,0,0,0,0,3.91621615409687e-05,0,0,0,0,0.000153081279776201,0.00790325576522426,2.78397643818812e-06,0.00422738407951058,0.00195155884115736,0,0.0371568174871428,0,0.0476108977850246
0,0,0,0,0,0,0,0,0,0,0,0,0,0,0,3.02895135100721e-05,8.45720014149037e-06,0.00211704669679812,0,0,0,0.0987630584377613,0.000963227714310363,0.00421309819925001,0,0.018923381511161,0,0.00250452493032664,0,0,0,0,0,0,0,0,0,0.00377264789910113,0,0,0,0,0,0,0,0,0,0,0,0,0,0,0,0,0,0,0,0,0,0,0,0,0,0,0,2.46464894360605e-05,0.00059557358995774,0,0.0182153647880925,0,0.0162885476468452,0,0,0,0,0,0,0,0,0,0.00393621223879119,0,0.000793912153670601,0.000778214367935601,0,0,0
0,0,0,0,0,0,0,0,0,0,0,0,0,0,0,0,0.000986106135982013,0,0,0,0,0.000591736027048718,0.14424356201217,0,0.00076244788762491,0,0.00799256777991503,0,0.000272214940043705,0,0,0,0,0,0,0,0,0,0.000738330611654038,0,0,0,0,0,0,0,0,0,0,0,0,0,0,0,0,0,0,0,0,0,0,0,0,0,2.46464894360605e-05,0,0,0,0,0.00320357548458961,0,7.56000736146234e-05,0,0,0,0,0,0,0,0,0,0.00362540584515085,0.00194626286965015,0.000746954618768645,0,0,0
0,0,0,0,0,0,0,0,0,0.000402540123845163,0,0,0,0,0,0.000204136505205375,0,0.000930124861236175,0,0,0,0.00369726359300694,0,0.103406884049622,0,0.00600161771757896,0,0,0,0,0,0,0,0,0,0,0,0.00237410684635653,0,0,0,0,0,0,0,0,0,0,0,0.00218159263826575,0,0,0,0,0,0.0285347366818792,0,0,0,0,0,0,0,0,0.00059557358995774,0,0,0,0.00106493890367676,0,0.00525680571283003,0,0,0,0,0,0,0,0,0,0.000466273832099604,0,7.33357578783502e-05,0,0.00585567538895767,0,0
0,0,0,0,0,0,0,0,0.00196780327176404,0,0,0,0,0,0,0,0,0,0,0,0,0,0.000155176744855478,0,0.105856847111797,0,0.0013376461767897,0,0,0,0,0,0,0,0,0,0,0,0.00394113135457508,0,0,0,0,0,0,0,0,0,0.000311123384046444,0,0,0,0,0,0.00302793646085978,0,0,0,0,0,0,0,0,0,0,0,0,0,0,0,0,0,0,0,0,0,0,0,0,0,0,0.00206489327817253,0.000647836485765969,8.55968378456305e-07,0.0014124140398212,0,0
0,0,0,0,0,0,0,0,0,0,0,0,0,0,0,0.00422126645640824,6.05121024444276e-06,0.0225089510002872,6.70446825802393e-05,0,0,0.0298638668058228,1.50154238227095e-05,0.00418422454825306,0,0.211167670272361,0,0.00479324345665877,0,0,0,0,0,0,0,0,0,0,0,0,0,0,0,0,0,0,0,0,0,0,0,0,0,0,0,0,0,0,0,0,0,0.00091844231064897,0,0,0.0182153647880925,0,0.00106493890367676,0,0,0,0.000453991311284964,0,0,0,0,0,0,0,0,0,0,0,0.00050189497344371,1.00620478418458e-05,0,0,0
0,0,0,0,0,0,0,0,0,0,0,0,0,0,0,0,0.00179371765863643,0,0,0,0,0,0.00241252764125979,0,0.000134920590754193,0,0.0880857652046934,0,0.000916902394697709,0,0,0,0,0,0,0,0,0,0,0,0,0,0,0,0,0,0,0,0,0,0,0,0,0,0,0,0,0,0,0,0,0,0,0,0,0.00320357548458961,0,0,0,0,0,0,0,0,0,0,0,0,0,0,0,0,0.000565087854178092,0,0,0,0
0,0,0,0,0,0,0,0,0,0,0,0,0,0.012158572110184,0,0,0,0,0,0,0,0.00284991454146968,0,0,0,0.000614219044119963,0,0.0174141303669399,0,0,0,0,0,0,0,0,0,0.0002118094288801,0,0,0,0,0,0,0,0,0,0,0,0.00704358901805109,0,0,0,0,0,0,0,0,0,0,0,0,0,0,0.0162885476468452,0,0.00525680571283003,0,0.000453991311284964,0,0,0,0,0,0,0,0,0,0,0,0.00120144517217142,0,1.96137281934124e-05,0,0,0,0
0,0,0,0,0,0,0,0,0,0,0,0,0,0,0,0,0,0,0,0,0,0,4.09102540288586e-05,0,0,0,0.000808389427872152,0,0.0203715507263912,0,5.83243418077473e-05,0,0,0,0,0,0,0,0.00129164809268857,0,0,0,0,0,0,0,0,0,0,0,0,0,0,0,0,0,0,0,0,0,0,0,0,0,0,7.56000736146234e-05,0,0,0,0,0,0,0,0.0039574712462613,0,0,0,0,0,0,0,0.00251249743395869,0.000147553052293389,0,0,0,0
0,3.4139010742942e-05,0,0,0,0,0,0,0,0,0,0.000730709889899359,0,0,0,0,0,0,0,0.00071731234966587,0,0,0,0,0,0,0,0.000769726062886222,0,0.143716499206107,0,0,0,0,0,0,0,0,0,0,0,0.00115544095790907,0,0,0,0.000135183529048395,0,0,0,7.32273612931342e-05,0,0,0,0,0,0,0,0.0129299778451561,0,0,0,0,0.00211120514481451,0,0,0,0,0,0,0,0,0,0,0,0,0,0,0,0,0,1.71028895137816e-05,0,0,0,0.00570074120603785,0.00068957347228244,0
0,0,0,0,0,0,0,0,0,0,0,0,0,0,0,0,0,0,0,0,0,0,0,0,0,0,0,0,0.0125301428755182,0,0.0923863636191924,0,0,0,0,0,0,0,0.000502348637850821,0,1.06685935696075e-05,0,0.000158557457350006,0,0,0,0,0,6.30216836081785e-06,0,0,0,0,0,0,0,0.0102509080984929,0,0,0,0,0,0,3.91621615409687e-05,0,0,0,0,0,0,0,0.0039574712462613,0,0,0,0,0,0,0,0,0,0.000291297259697841,4.05676186477528e-05,0,0.00123204174662695,0,0.000247260365713233
0,0,0,0,0,0,0,0,0,0,0,0,0,0,0,0,0,0,0,0,0,0,0,0,0,0,0,0,0,0,0,0.0532993168148335,0,0.0118786867177687,0,0.00290622940244508,0,0,0,0,0,0,0,0,0,0,0,0.0372362678966514,0,0,0,0,0,0,0,0,0,0,0,0,0,0,0,0,0,0,0,0,0,0,0,0,0,0,0,0,0.00281708729315477,0,0,0,0,0,0.000141747367718881,0,0,0,0
0,0,0,0,0,0,0,0,0,0,0,0,0,0,0,0,0,0,0,0,0,0,0,0,0,0,0,0,0,0,0,0,0.0511021468432622,0,0.00248357933211882,0,0.000995308163426274,0,0,0,0,0,0,0,0,0,0,0.0117944331458589,0.000654494263772397,0,0,0,0,0,0,0,0,0,0,0,0,0,0,0,0,0,0,0,0,0,0,0,0,0,0,0,0,0.0159097813009913,0,0.00286422192092059,0,0,5.89763260360701e-05,0,0,0,0
0,0,0,0,0,0,0,0,0,0,0,0,0,0,0,0,0,0,0,0,0,0,0,0,0,0,0,0,0,0,0,0.0022093485634687,0,0.217001613610525,0.00597190030500935,0.0064628193135216,0,0.00433225522958296,0,0,0,0,0,0,0,0,0,0.0951734673982297,0,0.001585203708518,0,0,0,0,0,0,0,0,0,0,0,0,0,0,0,0,0,0,0,0,0,0,0,0,0.00281708729315477,0,0,0.00105321786093557,0.00582169105415095,0,0.00432211165237076,0,0.00107209986760932,0,0,0,0
0,0,0,0,0,0,0,0,0,0,0,0,0,0,0,0,0,0,0,0,0,0,0,0,0,0,0,0,0,0,0,0,0.00903791040410446,0.0374624603161918,0.136542275075962,0,0.00786738317456014,0,0.00883883790720965,0,0,0,0,0,0,0,0,0.0759972794774321,0.00670015760089849,0,0,0,0,0,0,0,0,0,0,0,0,0,0,0,0,0,0,0,0,0,0,0,0,0,0,0.0159097813009913,0.00105321786093557,0,0,0.0102156155959798,0,0.0218952353995819,0.000666255492038035,0.00012690411376478,0,0,0
0,0,6.05847450750901e-06,0,0,0,0,0,0,0,0,0,0,0,0,0,7.92891085800899e-05,0.000740954543493961,0.013402484154522,0.000750321169797006,0,3.56703962003071e-05,1.86472289896364e-05,1.20693179904026e-05,0,1.41665558851311e-06,0,0,0,0,0,0.00175205006877193,0,0.00538131063411742,0,0.0494003354497643,0,0.00338740096795744,0,0.00174725351953147,7.81470255363665e-06,0.014529320843917,0.000185266054631483,4.33647754266414e-06,5.9314410300049e-06,0.00855047962410302,0.00041240275717679,0.000931698848068288,0,0.000833017267028364,0,0,0,0,0,0,0,0,0,0,0,0,0.0164940540333025,0.000153081279776201,0,0,0,0,0,0,0,0,0,0,0,0,0.00582169105415095,0,0,3.69708709975269e-05,0.00436947341363633,1.70724137399235e-06,0.00196733684341595,0,0.0184826013645372,0.00445381239341727,2.34285719861957e-06
0,5.64127619619007e-06,0.000218147786180798,0,0,0,0,0,0,0,0.000258170157984677,0,0,0,0,0,1.57089818069497e-05,3.029316079463e-05,0.00647670417320556,0,0.000554133263941592,0,0,7.78817305319254e-06,0,0,0,0,0,0,0,0,2.24119771701226e-05,0,0.00500188568436904,0,0.0515157377244562,0,0.0057943801120669,2.37531574082954e-05,0.00278358671816257,3.0549410968806e-05,0.00814001449001298,0,1.40566788271617e-05,0.000205383044752303,0.0206107838510359,0.00220456220794299,0.00333280568086522,0,0,0,0,0,0,0,0.000136301012921457,0,0,0,0,0,2.83245965202195e-05,0.00790325576522426,0,0,0,0,0,0,0,0,0,0,0,0.00286422192092059,0,0.0102156155959798,3.69708709975269e-05,0,0,0.00209149977914353,0.00397906058503322,2.00732341816235e-05,0.0241822912702846,5.81692684036693e-07,0.00089506155333322
0,0,0,0,0,0,0,0,0,0,0,0.00024903145374278,0,0,0,0,0,0,4.27488029749303e-05,0.00278091229629989,0,0.00290256469963928,0,0,0,0,0,0,0,0,0,0,0,0.00211343431699997,0,0.000590474454830791,0,0.0536837212877193,2.24551763655299e-05,0.000413742508412044,0,0.00329641208406853,0,0,0,0.00130162260627052,1.22761859546135e-05,6.41099751814177e-05,0,0.016013173689659,0,0,0,0,0,1.36341392711667e-05,0,0,0,0,0,0,0.0292183711418052,2.78397643818812e-06,0.00393621223879119,0,0.000466273832099604,0,0,0,0.00120144517217142,0,1.71028895137816e-05,0,0,0,0.00432211165237076,0,0.00436947341363633,0,0,0,0.000213373949219605,6.22711018003436e-06,0.00753457131541172,0.00104813102150857,0
0,0,0,0,0,0,0,0,0,0,0.00243466257023656,0,0,0,0,0,0,0,0.000226866798697243,0,0,0,0.00039192791819613,0,0.000623984519478529,0,0,0,0,0,0,0,0,5.0435729054011e-05,0.0188353537289098,0,0.00118807972889761,0.000141509679576801,0.0552337499234864,3.29958192223957e-06,0,0,0.000455541719136307,0,0,0,0.000515807552263315,0.00046322278135923,0.0107794650438537,0,0,0,0,0,8.36355538793714e-05,0,0.000550390368387513,0,0,0,0,0,3.3420625808392e-06,0.00422738407951058,0,0.00362540584515085,0,0.00206489327817253,0,0,0,0.00251249743395869,0,0.000291297259697841,0,0,0,0.0218952353995819,1.70724137399235e-06,0.00209149977914353,0,0,0.00214265291525385,1.05292988147668e-05,0.000895610540810311,0,0.000101182881486054
0.000480925977498487,7.28164206474061e-05,0.000630811780272944,0.000181783163745055,0.00119268358713064,0.000361820232824115,0.000515659210610891,0.000323718020018132,0.00384032432957516,0.000417257450722705,0.0005050738948419,0.0015001320858381,0.000331460240202822,0.000731434934175629,0.000558592546923513,0.00101971937261738,0.0208472632506089,0.0164428330176584,0.00405020576772986,0.000569582030124547,0.00236662659084284,0.00805378228226343,0.00553176237829884,0.00105852531928867,0.000306199144371927,0.00190332539282737,0.00202978034385358,0.000408222562124669,0.000144717485937258,0.000351382801449852,0.00039649491837793,0.000481561291358463,8.96769375822413e-05,0.00232945962051908,0.00208097320226274,0.00437574950753891,0.010164894765607,0.00501076845233548,0.00484153184878835,0.000180826057933487,9.04334645153039e-05,0.00194131288720287,0.00315845924696065,3.90971431583499e-06,0,0.000370577876762899,0.00100226073951762,0.00210148605352386,0.000769285861532349,0.00108682761737478,0.000112051777951575,0.00036785365821548,1.85765094645005e-06,0.000255708173420383,0.000429427167341213,0.000627321410158789,0.00036143846395385,0.000177770895187587,0.000190125696731732,0.00128858451331629,0.000251773806600897,0.00016297061790525,0.000651829366373719,0.00195155884115736,0.000793912153670601,0.00194626286965015,7.33357578783502e-05,0.000647836485765969,0.00050189497344371,0.000565087854178092,1.96137281934124e-05,0.000147553052293389,0,4.05676186477528e-05,0.000141747367718881,5.89763260360701e-05,0.00107209986760932,0.000666255492038035,0.00196733684341595,0.00397906058503322,0.000213373949219605,0.00214265291525385,0,0.0144604522201097,0.0083448689122684,0.000128714510545469,0.000200390748618603
