0,0,4.53677962026523,0,0,0,0,0,3.55526443719864,0,0,0,0,0,4.2980094909668,0,34.9864400227865,0,19.0119729093326,0,0,0,0,0,0,0,0,0,0,0,0,0,0,0,0,0,0,0,0,57.3537139892578,0,49.98876953125,11.7854282486607,0,0,0,0,0,5.71891566835311,0,0,0,0,0,4.00620419765035,0,0,0,0,0,4.64996519088745,0,0,30.3598206837972,0,0,0,0,0,0,0,0,0,0,0,0,0,0,0,38.9588797887166,0,0,6.68026684870762,0,8.10821568965912,0,17.8885726928711
0,0,0,3.87654143288022,0,0,0,0,0,4.42984719862018,0,0,0,0,0,4.63465672870015,38.1282215118408,0,13.498149139365,0,0,0,0,0,0,0,0,0,0,0,0,0,0,0,0,52.7032325744629,0,0,0,29.0013254256476,0,20.7515743810234,0,0,0,9.68395900726318,44.9529876708984,0,0,4.65118940238512,0,0,0,0,0,5.99653760592143,0,0,0,0,0,4.27370386595254,33.5333461761475,60.3713912963867,0,0,0,0,0,0,0,0,28.0006885528564,0,0,0,0,0,37.2029666900635,60.9783143997192,0,0,6.9547402344498,0,14.3214634481024,14.4367745614821,0
4.53677962026523,0,0,0,11.8683189153671,0,0,0,8.40024210856511,0,0,0,0,0,7.37344789505005,0,0,50.7624702453613,70.6044616699219,0,22.1378402709961,0,0,0,0,0,0,0,0,0,0,0,0,0,0,0,30.3533098881061,0,0,0,33.933736477868,0,27.4721552109232,0,18.9841995239258,0,20.3851273267165,0,14.8844439541188,0,8.5578727722168,0,0,0,5.94689091324806,0,20.2204898932041,0,0,0,7.01838392870767,0,0,32.7446776440269,0,0,0,0,0,0,0,0,0,26.8966079439436,0,0,0,0,0,37.2858154007883,0,60.0993499755859,8.81606747895424,0,18.4850905002432,0,18.5387421607971
0,3.87654143288022,0,0,0,10.7257453172635,0,0,0,6.72576159856406,0,0,0,0,0,5.48592059428875,0,46.8822631835938,51.3814363479614,8.76707114113702,0,0,0,60.3021278381348,0,0,0,0,0,0,0,0,0,0,0,37.5535884984334,26.0513998667399,0,0,39.0971937437315,0,25.489213524023,0,0,0,17.5017898695809,0,53.2954126993815,0,28.1669118226585,0,8.57934688386463,0,0,0,7.92308860115757,0,21.6152287555846,0,4.33676718748533,0,5.43343784612253,38.4672532332571,0,0,0,0,0,0,0,0,0,28.4389769798886,0,0,0,0,0,41.839274259349,0,0,0,10.04414218948,0,16.0671333119889,18.4047224267015,0
0,0,11.8683189153671,0,0,0,2.95245170593262,0,17.0930500030518,0,0,0,0,0,4.55204299688339,0,0,0,0,0,0,0,0,0,0,0,0,0,0,0,0,0,0,0,0,0,35.1816354592641,0,0,0,41.8469038009644,0,52.3870429992676,0,0,0,36.3250872294108,0,40.9417495727539,0,5.5431479045323,0,0,0,0,0,20.8931014060974,0,4.85939133167267,0,5.45660586357117,0,0,31.897590637207,0,0,0,0,0,0,0,0,0,42.1169052124023,0,0,0,0,0,48.8592031142291,0,0,16.8429619338777,0,21.024990854056,0,0
0,0,0,10.7257453172635,0,0,0,0,0,6.30811581611633,0,0,0,0,0,5.40822545687358,0,0,54.1109085083008,9.26737689971924,0,0,0,0,0,0,0,0,0,0,0,0,0,0,0,39.0932636260986,0,0,0,43.5010188874744,0,39.7980175018311,0,0,0,31.9383719308036,0,0,0,41.3816798400879,0,5.93714382367976,0,0,0,8.93351395924886,0,31.406702041626,0,2.87903654575348,0,4.19898781246609,30.6871991157532,0,0,0,0,0,0,0,0,0,0,0,0,0,0,0,50.9243825531006,0,0,0,14.1349061159861,0,19.8141892606562,29.8565139770508,0
0,0,0,0,2.95245170593262,0,0,0,0,0,5.26895554860433,0,2.95003163814545,0,0,0,0,0,0,0,0,0,0,0,0,0,0,0,0,0,0,0,0,0,0,0,0,0,0,0,0,0,0,0,0,0,0,0,0,0,2.74236583709717,0,4.54901623028506,0,0,0,6.6709705458747,0,2.72685980796814,0,0,0,0,0,0,0,0,0,0,0,0,0,0,0,0,0,0,0,0,0,0,0,3.33485675344662,2.84783613681793,0,0,0
0,0,0,0,0,0,0,0,0,0,0,4.51025085499946,0,0,0,0,0,0,0,0,0,0,0,0,0,0,0,0,0,0,0,0,0,0,0,0,0,0,0,0,0,0,0,0,0,0,0,0,0,0,0,2.85090088844299,0,3.62466563267654,0,0,0,6.38907822886029,0,0,0,0,11.8132934570312,0,0,0,0,0,0,0,0,0,0,0,0,0,0,0,0,0,0,0,3.54884033035814,0,0,0,0
3.55526443719864,0,8.40024210856511,0,17.0930500030518,0,0,0,0,0,0,0,0,0,6.3905470266447,0,22.6235652651106,0,0,0,0,0,0,0,3.45431560057181,0,0,0,0,0,0,0,0,0,0,0,50.9014685494559,0,7.32804973006249,0,43.0168062845866,0,34.9775641698104,0,0,0,33.0323634147644,25.3105754852295,10.6996905779759,0,16.2639293670654,0,0,0,7.01852444555293,0,11.1804988563702,0,7.14908981323242,0,4.50382842695391,0,0,43.3188924789429,0,0,0,3.48124198118846,0,7.65506842557122,0,0,0,40.9606323242188,0,0,0,0,0,51.1927936923119,0,5.38435840606689,5.38897455249846,0,9.57450106598082,0,28.5525875091553
0,4.42984719862018,0,6.72576159856406,0,6.30811581611633,0,0,0,0,0,0,0,0,0,3.78226766406849,49.5638999938965,21.565550049146,0,0,0,25.1859766642253,0,11.7764633269537,0,19.1942713260651,0,0,0,0,0,0,0,18.2828535352434,0,61.5453853607178,0,9.20484771194129,0,45.1951389312744,0,13.1832909040813,0,0,0,22.9441108703613,0,16.9087290082659,0,13.5902609216406,0,0,0,0,0,4.47851841270228,0,37.3013458251953,0,0,0,4.11695732010735,32.8381996154785,0,0,0,3.45581390460332,0,21.5509967803955,0,28.2465305328369,0,39.3138313293457,0,0,0,22.272522131602,0,50.0098068352902,0,13.070631980896,0,5.46155657871737,3.16194677352905,7.66618185519291,35.7354354858398,0
0,0,0,0,0,0,5.26895554860433,0,0,0,0,0,3.1325773529659,0,0,0,0,0,0,0,3.84663342415018,0,0,0,0,0,0,0,0,0,11.7857549587886,0,0,0,0,0,4.64552090244908,0,4.15274663306773,0,0,0,0,0,0,0,0,0,0,0,6.63714504241943,0,5.50482623768549,0,0,0,6.34415074426479,0,3.56783447442231,0,0,0,0,8.20203456980117,0,0,0,0,0,0,0,0,0,9.95318534780056,0,0,0,0,0,4.84338132540385,0,7.18865062793096,4.42422904804306,0,25.4985122680664,0,0
0,0,0,0,0,0,0,4.51025085499946,0,0,0,0,0,3.28352850247053,0,0,0,0,0,5.79665416876475,0,0,0,0,0,0,0,2.82114221368517,0,9.07823846255811,0,0,0,0,0,4.16339693471752,0,5.80303258972991,0,0,0,0,0,0,0,15.3195863962173,0,0,0,0,0,2.93691039085388,0,4.60916028703962,0,0,0,5.97694750404651,0,3.97424201791073,0,0,10.5610772288123,0,0,0,0,0,0,0,0,0,11.9554220516404,0,0,0,0,0,12.3450594757284,0,5.55514811126279,0,5.51250288160402,0,21.3896346092224,0,0
0,0,0,0,0,0,2.95003163814545,0,0,0,3.1325773529659,0,0,0,4.5910719203949,0,0,0,0,0,0,0,0,0,0,0,0,0,0,0,0,0,0,0,0,0,0,0,0,0,0,0,0,0,0,0,0,0,7.78685388198266,0,0,0,3.59373784065247,0,0,0,7.91048288345337,0,4.36324805510539,0,8.41749487006873,0,0,0,0,0,0,0,0,0,0,2.74444993336995,0,0,0,0,0,0,0,0,0,0,3.70962962969928,2.744349360466,0,0,0
0,0,0,0,0,0,0,0,0,0,0,3.28352850247053,0,0,0,3.05669285700871,0,0,0,0,0,0,0,0,0,2.89603066444397,0,2.9580237865448,0,0,0,0,0,0,0,0,0,0,0,0,0,0,0,0,0,0,0,0,0,0,0,0,0,0,0,0,0,4.21192409117011,0,3.02884672160893,0,3.4245188832283,0,0,0,0,0,0,5.18688535690308,0,3.63191925562345,0,0,0,0,0,0,0,0,0,0,0,3.37690733899974,3.49104321797689,0,0,0
4.2980094909668,0,7.37344789505005,0,4.55204299688339,0,0,0,6.3905470266447,0,0,0,4.5910719203949,0,0,0,0,0,0,0,0,0,0,0,0,0,0,0,0,0,0,0,0,0,0,0,0,0,0,0,0,0,38.5559997558594,0,0,0,0,0,8.63794689178467,0,5.32633668515417,0,0,0,16.7013230415491,0,8.45391063690186,0,6.98005504152099,0,6.2429882657613,0,0,0,0,0,0,0,0,0,0,0,0,0,0,0,0,0,0,0,0,0,5.03153851608825,0,15.8683656056722,0,0
0,4.63465672870015,0,5.48592059428875,0,5.40822545687358,0,0,0,3.78226766406849,0,0,0,3.05669285700871,0,0,65.9599380493164,22.1116860665773,0,0,0,24.142520904541,0,19.2941513061523,0,14.368750890096,0,0,0,0,0,0,0,0,0,0,0,0,0,0,0,0,0,0,0,26.759407043457,0,0,0,0,0,0,0,0,0,4.93500884012742,0,0,0,3.92855629595843,0,3.80600993858193,62.5861206054688,0,24.1872329711914,0,0,0,21.9331150054932,0,0,0,0,0,0,0,0,0,0,0,0,0,10.2033874818257,0,0,0,0
34.9864400227865,38.1282215118408,0,0,0,0,0,0,22.6235652651106,49.5638999938965,0,0,0,0,0,65.9599380493164,0,20.0171174084663,23.5982231391265,0,88.3985939025879,27.6185090456078,19.1972967814805,31.5129855063654,24.0617844899495,47.4908315758956,16.4372074488396,55.8420791625977,4.64514058828354,0,0,0,0,0,0,105.410356309679,87.8412162780762,0,0,76.1604694059525,64.4825469425746,71.528075504303,50.2478362934009,0,42.7545369466146,57.3362566630046,55.7593699968778,0,0,0,0,0,0,0,0,0,71.692684173584,0,0,0,0,54.4772872924805,75.9448979241507,67.4372293298895,32.6364122118269,24.0123030676161,0,0,38.9774196458899,16.9336747733446,0,0,87.3395919799805,0,0,0,0,0,80.6050542760778,70.3210131760352,0,0,19.9598712236152,18.9197863270255,59.2987593743109,64.5148594379425,44.2872226715088
0,0,50.7624702453613,46.8822631835938,0,0,0,0,0,21.565550049146,0,0,0,0,0,22.1116860665773,20.0171174084663,0,18.8299993002113,0,78.9409484863281,18.3157849458029,33.371199041605,20.4986095717459,0,12.7394285112922,48.8520706812541,5.07463780526192,0,0,0,0,0,0,0,88.1474421301553,91.3846225738525,0,0,66.6627052233057,71.381238861084,52.6100238521447,61.3297552381243,51.6598587036133,61.0690879821777,54.9170166969299,64.2933139801025,0,0,56.6551027297974,0,0,0,0,0,0,0,49.2511329650879,0,0,0,14.401197719574,70.9801246447441,75.1447220970603,18.9720968794754,55.4401226043701,22.776851495107,0,16.6094722129264,37.4626246558295,8.75048992213081,0,78.3168182373047,0,0,0,0,0,71.2223596011891,79.7264606617115,0,0,18.2956777147048,8.60670017910575,58.6639329195023,46.2619271570322,55.5455368041992
19.0119729093326,13.498149139365,70.6044616699219,51.3814363479614,0,54.1109085083008,0,0,0,0,0,0,0,0,0,0,23.5982231391265,18.8299993002113,0,0,49.0685894614772,34.3060897378361,46.71430698194,32.5017259597778,41.954402923584,32.2837683504278,36.6874769846598,0,0,0,0,0,0,0,0,64.5938624251248,68.1768477088527,0,0,44.7040234159589,47.4810316554403,34.0915441820803,39.346465186601,23.6962668895721,29.0103184195126,34.1992525252621,39.8855226933318,0,75.19873046875,34.8260850270589,0,0,0,0,0,0,39.211311340332,23.1506923948015,0,0,0,0,49.4828753053096,51.5261743548815,48.7398236592611,0,0,0,34.4466457366943,40.9555239677429,23.776252746582,0,27.009800690871,57.8855069478353,0,0,61.0749664306641,0,49.694680896494,51.9812867822174,0,42.928325176239,24.1321909368997,28.9428100585938,33.4354698017651,22.8138607659798,30.3491192975091
0,0,0,8.76707114113702,0,9.26737689971924,0,0,0,0,0,5.79665416876475,0,0,0,0,0,0,0,0,0,0,0,0,0,0,0,0,0,0,0,0,0,0,0,4.9315727683069,0,5.10985237818498,0,48.8638610839844,0,0,0,0,0,11.0081965169128,0,0,0,0,0,0,0,0,0,0,0,4.50892742872238,0,0,0,9.47346019744873,5.55218971750836,0,0,0,0,0,0,0,0,0,4.68368675595238,0,0,0,0,0,8.63290124189193,0,5.20335014180823,0,7.97971864124336,0,8.98498931125414,0,0
0,0,22.1378402709961,0,0,0,0,0,0,0,3.84663342415018,0,0,0,0,0,88.3985939025879,78.9409484863281,49.0685894614772,0,0,0,0,0,0,0,0,0,0,0,0,0,0,0,0,0,5.82692687248222,0,4.90008049900249,0,0,74.9982376098633,31.0255592891148,0,29.1205625534058,0,18.8262594640255,0,57.2279186248779,0,3.55502935935711,0,0,0,0,0,9.23651709264638,0,0,0,0,0,0,7.82658031207772,0,0,0,0,0,0,0,0,0,20.6117342313131,0,0,0,0,0,8.41687362014102,0,12.5417536099752,15.7709125838148,0,15.2214128477079,0,52.2640743255615
0,0,0,0,0,0,0,0,0,25.1859766642253,0,0,0,0,0,24.142520904541,27.6185090456078,18.3157849458029,34.3060897378361,0,0,0,5.85988314946492,7.20900662990099,0,9.06471522121655,28.6721963882446,5.62236169645609,0,0,0,0,0,0,0,0,0,5.62512728971944,0,89.805296761649,0,72.8057518005371,0,0,0,66.568000793457,0,0,0,5.57131159845203,0,0,0,0,0,0,0,0,0,0,0,27.3757561770352,0,0,4.44059232072539,0,8.76921987533569,0,6.58298716322503,0,15.3158996105194,0,0,0,0,0,0,0,77.6214809417725,88.7909698486328,4.7384034498514,0,8.98516643505567,4.5985142487746,91.2266693115234,64.7334365844727,59.916690826416
0,0,0,0,0,0,0,0,0,0,0,0,0,0,0,0,19.1972967814805,33.371199041605,46.71430698194,0,0,5.85988314946492,0,0,4.3467760177759,60.5384089152018,10.6100932041804,0,3.03205149514335,0,0,0,0,0,0,0,0,0,4.16105714662501,77.1397171020508,0,0,0,0,0,0,65.4845962524414,0,4.77751775000505,0,0,0,0,0,0,0,0,0,0,0,0,0,0,82.9193649291992,0,4.72893519806197,0,7.08269166946411,73.9699172973633,9.42072643475099,0,3.3997265762753,0,0,0,0,0,0,0,96.3752326965332,0,5.74688200303066,7.73690181205931,3.3240888261795,0,0,0
0,0,0,60.3021278381348,0,0,0,0,0,11.7764633269537,0,0,0,0,0,19.2941513061523,31.5129855063654,20.4986095717459,32.5017259597778,0,0,7.20900662990099,0,0,26.3521862030029,9.20180330957685,61.5157470703125,19.573766708374,0,0,0,0,0,18.1432569503784,0,0,0,6.09724962287479,0,0,0,99.8546676635742,0,0,0,0,0,13.5851030349731,0,8.57825195789337,0,0,0,0,0,4.39017985163746,0,0,0,0,0,22.1410617828369,0,0,7.34316430268464,0,4.89201770807212,0,8.23714881107725,0,29.8427696228027,0,0,0,0,0,20.9051261228674,0,70.943603515625,0,8.07696062165338,0,8.67021202436277,22.8139944076538,6.48634171742265,0,0
0,0,0,0,0,0,0,0,3.45431560057181,0,0,0,0,0,0,0,24.0617844899495,0,41.954402923584,0,0,0,4.3467760177759,26.3521862030029,0,0,3.42415420293808,0,0,0,0,0,0,0,0,0,0,0,5.14610059298002,0,0,0,0,0,0,0,0,0,6.3816810355467,0,0,0,0,0,4.65100456400121,0,0,0,0,0,0,0,0,0,0,0,0,3.20461747348309,0,0,0,0,0,0,0,0,0,0,0,0,0,4.16358777454921,6.3232911135021,0,5.14433539687813,0,0
0,0,0,0,0,0,0,0,0,19.1942713260651,0,0,0,2.89603066444397,0,14.368750890096,47.4908315758956,12.7394285112922,32.2837683504278,0,0,9.06471522121655,60.5384089152018,9.20180330957685,0,0,0,6.10559634262363,0,0,0,0,0,0,0,0,0,0,0,73.8146629333496,0,47.6561660766602,0,0,0,0,0,0,0,0,0,0,0,0,0,0,0,0,0,0,0,22.7657794952393,72.6891250610352,0,8.08523008642317,0,8.80035901069641,0,5.82587252530185,0,5.63830291008463,0,0,0,0,0,0,0,63.0534591674805,0,0,0,10.7956715991468,18.1284526189168,67.4320755004883,0,0
0,0,0,0,0,0,0,0,0,0,0,0,0,0,0,0,16.4372074488396,48.8520706812541,36.6874769846598,0,0,28.6721963882446,10.6100932041804,61.5157470703125,3.42415420293808,0,0,0,2.95263826847076,0,0,0,0,0,0,0,0,0,0,83.9662857055664,0,0,0,0,0,0,49.9225120544434,0,0,0,0,0,0,0,0,0,0,0,0,0,0,0,0,88.9474029541016,0,6.75270199775696,0,0,0,5.26193460396358,0,7.31433901309967,0,0,0,0,0,0,0,74.8282623291016,0,0,14.684594399947,22.8604803085327,108.844543457031,0,0
0,0,0,0,0,0,0,0,0,0,0,2.82114221368517,0,2.9580237865448,0,0,55.8420791625977,5.07463780526192,0,0,0,5.62236169645609,0,19.573766708374,0,6.10559634262363,0,0,0,3.61811151949026,0,0,0,0,0,0,0,7.99513781070709,0,0,0,0,0,0,0,0,0,0,0,0,0,0,0,0,0,0,0,2.9636287689209,0,4.11366081237793,0,19.5089845657349,0,0,16.0197708800032,0,0,0,6.38975925827026,0,3.73281399643977,0,5.95040317843942,0,0,0,0,0,0,0,15.9579891997272,0,4.4700262299046,4.44146359883822,0,0,0
0,0,0,0,0,0,0,0,0,0,0,0,0,0,0,0,4.64514058828354,0,0,0,0,0,3.03205149514335,0,0,0,2.95263826847076,0,0,0,5.92931209670173,0,0,0,0,0,0,0,7.08382968178817,0,0,0,0,0,0,0,0,0,0,0,0,0,0,0,0,0,0,0,0,0,0,0,0,0,0,5.00271803513169,0,0,0,2.95367938280106,0,4.1278130782207,0,3.47639568150043,0,0,0,0,0,0,0,9.97426762653419,3.14347853568884,0,0,0,0
0,0,0,0,0,0,0,0,0,0,0,9.07823846255811,0,0,0,0,0,0,0,0,0,0,0,0,0,0,0,3.61811151949026,0,0,0,0,0,0,0,0,0,6.49485675692558,0,0,0,0,0,0,0,0,0,0,0,0,0,0,0,0,0,0,0,3.02204993893118,0,0,0,0,0,0,0,0,0,0,0,0,2.99725985527039,0,6.48932584989106,0,0,0,0,0,0,0,11.553247151484,0,6.07832484875085,0,0,0,0
0,0,0,0,0,0,0,0,0,0,11.7857549587886,0,0,0,0,0,0,0,0,0,0,0,0,0,0,0,0,0,5.92931209670173,0,0,0,0,0,0,0,0,0,6.30179152869091,0,0,0,0,0,0,0,0,0,0,0,0,0,0,0,0,0,11.4582548725362,0,0,0,0,0,0,0,0,0,0,0,0,0,0,5.38826990127563,0,7.63480910336722,0,0,0,0,0,0,0,7.78815312044961,5.93529833918032,0,0,0,0
0,0,0,0,0,0,0,0,0,0,0,0,0,0,0,0,0,0,0,0,0,0,0,0,0,0,0,0,0,0,0,0,3.10601259424136,4.90328057855368,2.73274922370911,8.13480181343161,0,0,0,0,0,0,0,0,0,0,0,5.07211570659554,9.75520253181458,6.17085783958435,0,0,0,0,0,0,0,0,0,0,0,0,0,0,0,0,0,0,0,0,0,0,0,0,4.53285976814677,4.78993141651154,4.78474639973989,0,5.44075218583997,0,0,0,3.38137863684392,0,5.48384189605713,0,0
0,0,0,0,0,0,0,0,0,0,0,0,0,0,0,0,0,0,0,0,0,0,0,0,0,0,0,0,0,0,0,3.10601259424136,0,2.73795580863953,4.15351123809814,0,3.36720503208249,0,0,0,0,0,0,0,0,0,0,3.75097893198876,4.56498940785726,0,0,0,0,0,0,0,0,0,0,0,0,0,0,0,0,0,0,0,0,0,0,0,0,0,0,3.41835480170856,0,0,0,3.74523702515496,0,0,3.27587546752049,0,0,0,0
0,0,0,0,0,0,0,0,0,18.2828535352434,0,0,0,0,0,0,0,0,0,0,0,0,0,18.1432569503784,0,0,0,0,0,0,0,4.90328057855368,2.73795580863953,0,3.31396882659879,6.14801313903894,3.73949886452068,5.87953050931295,9.01072879632314,0,0,15.6980533599854,0,0,0,0,0,5.9627144887041,21.7119523457118,4.42520334846095,0,0,0,0,0,19.0294771194458,0,0,0,0,0,0,0,0,0,0,17.1323553888421,0,0,0,0,0,0,0,3.92722523212433,0,4.07456930292771,5.90012370944023,10.3252619921677,0,4.9279167071948,23.8697652816772,6.63391033063332,0,10.7725380659103,0,0
0,0,0,0,0,0,0,0,0,0,0,0,0,0,0,0,0,0,0,0,0,0,0,0,0,0,0,0,0,0,0,2.73274922370911,4.15351123809814,3.31396882659879,0,0,4.65882906140243,0,3.26150679296377,0,0,0,0,0,0,0,0,4.81109805134627,8.42298950561105,0,0,0,0,0,0,0,0,0,0,0,0,0,0,0,0,0,0,0,0,0,0,0,0,0,0,3.80508766275771,3.75381066327427,4.84813288339087,0,8.00840181516687,26.0749073028564,5.15683340582048,3.58287434354206,0,0,0,0
0,52.7032325744629,0,37.5535884984334,0,39.0932636260986,0,0,0,61.5453853607178,0,4.16339693471752,0,0,0,0,105.410356309679,88.1474421301553,64.5938624251248,4.9315727683069,0,0,0,0,0,0,0,0,0,0,0,8.13480181343161,0,6.14801313903894,0,0,3.95648043950399,5.41239143380067,0,57.3535856246948,0,48.357769720016,0,47.7182490030924,0,42.9102327439273,96.9377288818359,29.964574439185,0,34.4308364226086,0,44.1396169662476,0,0,0,30.5559051831563,0,65.3171510696411,0,12.2202110290527,0,0,9.00341662091594,107.564056396484,0,0,0,0,0,0,0,0,74.9002151489258,0,8.12065517394551,0,13.2062770982161,0,8.35949070668749,94.1602352142334,7.67042858342554,0,7.46890858958831,5.13152280913459,30.2877544541604,48.1713218688965,0
0,0,30.3533098881061,26.0513998667399,35.1816354592641,0,0,0,50.9014685494559,0,4.64552090244908,0,0,0,0,0,87.8412162780762,91.3846225738525,68.1768477088527,0,5.82692687248222,0,0,0,0,0,0,0,0,0,0,0,3.36720503208249,3.73949886452068,4.65882906140243,3.95648043950399,0,0,5.91955272431323,0,25.6762272218863,69.382942199707,45.2501855537073,0,54.5125793457031,31.3807144165039,40.6157556991339,12.10123953326,18.8008908662903,0,0,0,0,0,0,0,12.5034081310034,0,0,0,0,0,94.1719512939453,14.2492129895728,0,0,0,0,0,0,0,0,0,66.7123908996582,0,3.01525028546651,7.25990689475581,7.23222554586828,105.517206827799,7.22419062628427,0,7.14799400717665,6.59015745666356,3.78483254821212,31.4617885609341,0,50.3358612060547
0,0,0,0,0,0,0,0,0,9.20484771194129,0,5.80303258972991,0,0,0,0,0,0,0,5.10985237818498,0,5.62512728971944,0,6.09724962287479,0,0,0,7.99513781070709,0,6.49485675692558,0,0,0,5.87953050931295,0,5.41239143380067,0,0,3.34858699820258,0,0,6.15816764235497,0,0,0,0,0,5.38678885204888,0,5.1191209708894,0,0,0,0,0,10.1830285310745,0,15.706195640564,0,0,0,0,4.76406259536743,0,6.88025176163876,0,6.97763452275109,0,9.89479827880859,0,7.57972673575083,0,8.06313564628363,0,0,0,10.7761583051016,0,8.7084962744183,0,5.15606650703019,0,5.32306834065821,0,5.86468834327716,0,0
0,0,0,0,0,0,0,0,7.32804973006249,0,4.15274663306773,0,0,0,0,0,0,0,0,0,4.90008049900249,0,4.16105714662501,0,5.14610059298002,0,0,0,7.08382968178817,0,6.30179152869091,0,0,9.01072879632314,3.26150679296377,0,5.91955272431323,3.34858699820258,0,0,0,0,0,0,0,0,0,8.30726136143204,7.04753068725871,0,0,0,0,0,10.4875558303598,0,6.90308683149276,0,0,0,0,0,0,16.6700890599465,0,4.68588552162761,0,8.75466490823985,0,0,0,8.02050890525182,0,11.7432563235459,0,0,15.0491728782654,4.15266852858463,0,5.28932795524597,14.5450407266617,5.2870846016276,5.12630931085813,3.3452364452954,4.25287435879217,0,0
57.3537139892578,29.0013254256476,0,39.0971937437315,0,43.5010188874744,0,0,0,45.1951389312744,0,0,0,0,0,0,76.1604694059525,66.6627052233057,44.7040234159589,48.8638610839844,0,89.805296761649,77.1397171020508,0,0,73.8146629333496,83.9662857055664,0,0,0,0,0,0,0,0,57.3535856246948,0,0,0,0,80.8306999206543,21.3626612172597,63.0283296373155,27.333681344986,86.4866847991943,18.2151501769949,75.8310540517171,34.3633270263672,0,13.5218589916287,0,41.0534362792969,0,0,0,47.1302080154419,0,51.0758000183105,0,0,0,47.3658390045166,10.4231624906713,94.2612637971577,0,0,0,0,0,0,0,0,56.3381364345551,0,0,0,0,0,18.0326163275007,86.6537376015873,0,0,45.7861719359621,76.0444107055664,17.3895373967891,21.063062246168,56.7513019016811
0,0,33.933736477868,0,41.8469038009644,0,0,0,43.0168062845866,0,0,0,0,0,0,0,64.4825469425746,71.381238861084,47.4810316554403,0,0,0,0,0,0,0,0,0,0,0,0,0,0,0,0,0,25.6762272218863,0,0,80.8306999206543,0,58.754434967041,19.5486083138068,0,34.2388915357919,49.0405807495117,16.6227193527222,10.3361854553223,5.73780991044392,23.0861072540283,54.3928031921387,0,0,0,0,0,45.4526297251383,0,0,0,0,0,92.7837142944336,12.0386941267814,0,0,0,0,0,0,0,0,0,0,0,0,0,0,83.2851686477661,24.4930818544877,0,11.6539841186569,41.4039373189601,0,18.6959235551662,77.3103942871094,17.6270640859656
49.98876953125,20.7515743810234,0,25.489213524023,0,39.7980175018311,0,0,0,13.1832909040813,0,0,0,0,0,0,71.528075504303,52.6100238521447,34.0915441820803,0,74.9982376098633,72.8057518005371,0,99.8546676635742,0,47.6561660766602,0,0,0,0,0,0,0,15.6980533599854,0,48.357769720016,69.382942199707,6.15816764235497,0,21.3626612172597,58.754434967041,0,11.6258768515153,11.3977617709363,0,20.926619774645,48.0050239562988,12.8195711393205,21.9649957623975,15.649258484425,0,0,0,0,0,46.2290697097778,0,13.650397392114,0,0,0,0,25.9729876449935,71.2657324473063,0,0,0,0,0,0,0,0,14.1414719865872,0,0,0,0,0,29.9591343211667,71.9188286174427,0,26.975998878479,14.8031597821572,0,14.1529203065879,10.1455627008059,0
11.7854282486607,0,27.4721552109232,0,52.3870429992676,0,0,0,34.9775641698104,0,0,0,0,0,38.5559997558594,0,50.2478362934009,61.3297552381243,39.346465186601,0,31.0255592891148,0,0,0,0,0,0,0,0,0,0,0,0,0,0,0,45.2501855537073,0,0,63.0283296373155,19.5486083138068,11.6258768515153,0,0,22.1963845888774,41.3518800735474,15.1487016192189,12.8248453824608,13.4821969727987,19.0142072711075,0,0,0,0,25.8105425834656,0,24.4816884561018,0,0,0,30.5243765732338,0,79.7523612976074,27.8172411685621,0,0,0,0,0,0,0,0,0,17.9577608108521,0,0,0,0,68.809610748291,27.3623922902997,0,19.631050491333,12.2747608846328,0,13.092838968657,65.9748204549154,7.8712112702433
0,0,0,0,0,0,0,0,0,0,0,0,0,0,0,0,0,51.6598587036133,23.6962668895721,0,0,0,0,0,0,0,0,0,0,0,0,0,0,0,0,47.7182490030924,0,0,0,27.333681344986,0,11.3977617709363,0,0,0,36.444699605306,37.3852195739746,0,0,0,0,0,0,0,0,0,0,0,0,0,0,0,44.5627431869507,70.2043762207031,0,0,0,0,0,0,0,0,0,0,0,0,0,0,34.1369576514522,65.0461273193359,0,0,13.8744062369978,0,12.3870596444165,14.8660713831584,0
0,0,18.9841995239258,0,0,0,0,0,0,0,0,0,0,0,0,0,42.7545369466146,61.0690879821777,29.0103184195126,0,29.1205625534058,0,0,0,0,0,0,0,0,0,0,0,0,0,0,0,54.5125793457031,0,0,86.4866847991943,34.2388915357919,0,22.1963845888774,0,0,49.3650856018066,14.0083032886634,0,0,0,0,0,0,0,0,0,0,0,0,0,0,0,0,37.8736127853394,0,0,0,0,0,0,0,0,0,0,0,0,0,0,0,41.5100970968816,0,0,10.2611589920826,0,12.1167360966404,0,26.0884688117287
0,9.68395900726318,0,17.5017898695809,0,31.9383719308036,0,0,0,22.9441108703613,0,15.3195863962173,0,0,0,26.759407043457,57.3362566630046,54.9170166969299,34.1992525252621,11.0081965169128,0,66.568000793457,0,0,0,0,0,0,0,0,0,0,0,0,0,42.9102327439273,31.3807144165039,0,0,18.2151501769949,49.0405807495117,20.926619774645,41.3518800735474,36.444699605306,49.3650856018066,0,48.1566944122314,0,0,31.5537971149791,0,0,0,0,0,31.8087684631348,0,24.0149812584379,0,0,0,22.283504486084,9.77440138183011,71.807825088501,0,0,0,0,0,0,0,0,28.559653304344,0,0,0,0,0,23.9782289375488,74.4938456217448,0,0,41.974941199234,0,15.2526171515718,31.8294866085052,0
0,44.9529876708984,20.3851273267165,0,36.3250872294108,0,0,0,33.0323634147644,0,0,0,0,0,0,0,55.7593699968778,64.2933139801025,39.8855226933318,0,18.8262594640255,0,65.4845962524414,0,0,0,49.9225120544434,0,0,0,0,0,0,0,0,96.9377288818359,40.6157556991339,0,0,75.8310540517171,16.6227193527222,48.0050239562988,15.1487016192189,37.3852195739746,14.0083032886634,48.1566944122314,0,0,40.9290098710494,0,0,0,0,0,0,0,30.7614556252956,0,0,0,0,0,71.4050547281901,15.0889348551445,0,0,0,0,0,0,0,0,0,35.3154907226562,0,0,0,0,84.8373334248861,23.9938644235339,0,26.9850692749023,24.6549390593301,65.3290023803711,19.8903463705609,50.1394526163737,32.5492481125726
0,0,0,53.2954126993815,0,0,0,0,25.3105754852295,16.9087290082659,0,0,0,0,0,0,0,0,0,0,0,0,0,13.5851030349731,0,0,0,0,0,0,0,5.07211570659554,3.75097893198876,5.9627144887041,4.81109805134627,29.964574439185,12.10123953326,5.38678885204888,8.30726136143204,34.3633270263672,10.3361854553223,12.8195711393205,12.8248453824608,0,0,0,0,0,6.08631566286043,6.20188393405636,0,0,0,0,11.8149175643921,63.661018371582,0,0,0,0,0,0,79.3652648925781,0,0,0,10.5068573951721,0,0,0,0,0,72.0190048217773,0,3.87554955858753,3.86453374783704,8.29711246681519,5.84651870466434,5.86721748486161,5.75438291185042,7.72851084581707,12.1387771281611,7.38514441888993,0,9.26482885717549,0,0
5.71891566835311,0,14.8844439541188,0,40.9417495727539,0,0,0,10.6996905779759,0,0,0,7.78685388198266,0,8.63794689178467,0,0,0,75.19873046875,0,57.2279186248779,0,4.77751775000505,0,6.3816810355467,0,0,0,0,0,0,9.75520253181458,4.56498940785726,21.7119523457118,8.42298950561105,0,18.8008908662903,0,7.04753068725871,0,5.73780991044392,21.9649957623975,13.4821969727987,0,0,0,40.9290098710494,6.08631566286043,0,8.92513555503448,36.9847939809163,0,0,0,8.99675414711237,0,45.0646814433011,0,5.7129777105231,0,7.97366755590664,0,0,58.2091108049665,0,4.00895021696348,0,4.68455474551131,0,3.81704843092156,0,6.1371103224547,0,42.5030792236328,9.40376877784729,6.52832252870907,22.5186889648438,7.38653960882449,0,9.19482256256301,37.3257217407227,9.72989426089768,9.53841009026291,0,9.8512309388696,0,19.1692759990692
0,4.65118940238512,0,28.1669118226585,0,41.3816798400879,0,0,0,13.5902609216406,0,0,0,0,0,0,0,56.6551027297974,34.8260850270589,0,0,5.57131159845203,0,8.57825195789337,0,0,0,0,0,0,0,6.17085783958435,0,4.42520334846095,0,34.4308364226086,0,5.1191209708894,0,13.5218589916287,23.0861072540283,15.649258484425,19.0142072711075,0,0,31.5537971149791,0,6.20188393405636,8.92513555503448,0,0,46.1676731109619,0,0,0,20.5040704695905,0,23.3986731521015,0,10.3278217315674,0,5.55312820540534,32.5960097878666,0,7.05147389133098,0,8.14007206366096,0,4.97314014273175,0,4.21177437152082,0,32.4333837297228,0,5.88998938560486,0,2.73009967803955,0,25.0587353682637,25.5296802520752,7.80180433082683,27.1416807174683,12.8110379287861,0,10.6903131842399,29.7720588644346,0
0,0,8.5578727722168,0,5.5431479045323,0,2.74236583709717,0,16.2639293670654,0,6.63714504241943,0,0,0,5.32633668515417,0,0,0,0,0,3.55502935935711,0,0,0,0,0,0,0,0,0,0,0,0,0,0,0,0,0,0,0,54.3928031921387,0,0,0,0,0,0,0,36.9847939809163,0,0,0,0,0,0,0,10.3284795083195,0,4.56159398050019,0,4.65839584439229,0,0,14.3133487701416,0,0,0,0,0,0,0,0,0,0,0,0,0,0,0,53.9158576965332,0,0,26.5092952728271,0,12.5286111405442,0,0
0,0,0,8.57934688386463,0,5.93714382367976,0,2.85090088844299,0,0,0,2.93691039085388,0,0,0,0,0,0,0,0,0,0,0,0,0,0,0,0,0,0,0,0,0,0,0,44.1396169662476,0,0,0,41.0534362792969,0,0,0,0,0,0,0,0,0,46.1676731109619,0,0,0,3.24332964129564,0,0,0,8.98936192194621,0,3.17562569512261,0,3.03163340687752,19.9995746612549,0,0,0,0,0,0,0,0,0,0,0,0,0,0,0,42.6110521952311,0,0,0,27.4496698379517,0,11.4164938111848,0,0
0,0,0,0,0,0,4.54901623028506,0,0,0,5.50482623768549,0,3.59373784065247,0,0,0,0,0,0,0,0,0,0,0,0,0,0,0,0,0,0,0,0,0,0,0,0,0,0,0,0,0,0,0,0,0,0,0,0,0,0,0,0,0,0,0,5.07309455640854,0,2.74852609634399,0,0,0,0,0,0,0,0,0,0,0,0,0,0,0,0,0,0,0,0,0,0,0,3.93445597001172,0,0,0,0
0,0,0,0,0,0,0,3.62466563267654,0,0,0,4.60916028703962,0,0,0,0,0,0,0,0,0,0,0,0,0,0,0,0,0,0,0,0,0,0,0,0,0,0,0,0,0,0,0,0,0,0,0,0,0,0,0,3.24332964129564,0,0,0,0,0,4.65900740348376,0,0,0,0,6.4141079509069,0,0,0,0,0,0,0,0,0,0,0,0,0,0,0,0,0,0,0,3.15824580618313,0,5.97323926289876,0,0
4.00620419765035,0,5.94689091324806,0,0,0,0,0,7.01852444555293,0,0,0,0,0,16.7013230415491,0,0,0,0,0,0,0,0,0,4.65100456400121,0,0,0,0,0,0,0,0,0,0,0,0,0,10.4875558303598,0,0,0,25.8105425834656,0,0,0,0,11.8149175643921,8.99675414711237,0,0,0,0,0,0,0,9.03474156061808,0,6.83987038476126,0,6.88768133107763,0,0,14.3428707122803,0,0,0,3.69778228957872,0,7.76882824404486,0,0,0,0,0,0,0,0,0,45.033814239502,0,8.37373241625334,10.4304937102,0,8.74331781497368,0,0
0,5.99653760592143,0,7.92308860115757,0,8.93351395924886,0,0,0,4.47851841270228,0,0,0,0,0,4.93500884012742,0,0,0,0,0,0,0,4.39017985163746,0,0,0,0,0,0,0,0,0,19.0294771194458,0,30.5559051831563,0,10.1830285310745,0,47.1302080154419,0,46.2290697097778,0,0,0,31.8087684631348,0,63.661018371582,0,20.5040704695905,0,0,0,0,0,0,0,6.93470764160156,0,4.41231346130371,0,4.640968657049,48.443208694458,0,0,0,4.47146526292751,0,0,0,0,0,37.7942047119141,0,0,0,0,0,50.253859312638,0,0,0,6.68218944337633,0,9.09806106470328,31.9809236526489,0
0,0,20.2204898932041,0,20.8931014060974,0,6.6709705458747,0,11.1804988563702,0,6.34415074426479,0,7.91048288345337,0,8.45391063690186,0,71.692684173584,0,39.211311340332,0,9.23651709264638,0,0,0,0,0,0,0,0,0,11.4582548725362,0,0,0,0,0,12.5034081310034,0,6.90308683149276,0,45.4526297251383,0,24.4816884561018,0,0,0,30.7614556252956,0,45.0646814433011,0,10.3284795083195,0,5.07309455640854,0,9.03474156061808,0,0,0,4.72174361541117,0,7.95866427444605,0,0,11.1263328726148,0,0,0,0,0,0,0,0,0,8.97573948575526,0,0,0,0,0,46.4994179455202,0,39.703742980957,13.3502615225024,0,12.6166282602614,0,14.0694180897304
0,0,0,21.6152287555846,0,31.406702041626,0,6.38907822886029,0,37.3013458251953,0,5.97694750404651,0,4.21192409117011,0,0,0,49.2511329650879,23.1506923948015,4.50892742872238,0,0,0,0,0,0,0,2.9636287689209,0,3.02204993893118,0,0,0,0,0,65.3171510696411,0,15.706195640564,0,51.0758000183105,0,13.650397392114,0,0,0,24.0149812584379,0,0,0,23.3986731521015,0,8.98936192194621,0,4.65900740348376,0,6.93470764160156,0,0,0,6.88061459993912,0,4.67557222048442,10.2867521220344,0,0,0,0,0,0,0,5.45595693588257,0,6.1172797785451,0,0,0,0,0,48.9429450564914,0,0,0,14.724236996884,0,12.059727395587,14.8702794075012,0
0,0,0,0,4.85939133167267,0,2.72685980796814,0,7.14908981323242,0,3.56783447442231,0,4.36324805510539,0,6.98005504152099,0,0,0,0,0,0,0,0,0,0,0,0,0,0,0,0,0,0,0,0,0,0,0,0,0,0,0,0,0,0,0,0,0,5.7129777105231,0,4.56159398050019,0,2.74852609634399,0,6.83987038476126,0,4.72174361541117,0,0,0,5.50127390580518,0,0,8.43114651333202,0,0,0,0,0,4.51187217329642,0,4.27638241265635,0,0,0,0,0,0,0,0,0,0,2.93061280250549,0,8.5117167101966,0,0
0,0,0,4.33676718748533,0,2.87903654575348,0,0,0,0,0,3.97424201791073,0,3.02884672160893,0,3.92855629595843,0,0,0,0,0,0,0,0,0,0,0,4.11366081237793,0,0,0,0,0,0,0,12.2202110290527,0,0,0,0,0,0,0,0,0,0,0,0,0,10.3278217315674,0,3.17562569512261,0,0,0,4.41231346130371,0,6.88061459993912,0,0,0,3.26000550710238,0,0,0,0,0,0,0,0,4.01757009333976,0,14.9820028753842,0,0,0,0,0,0,0,0,0,4.43623537279311,3.34336098035177,7.17447166215806,0,0
4.64996519088745,0,7.01838392870767,0,5.45660586357117,0,0,0,4.50382842695391,0,0,0,8.41749487006873,0,6.2429882657613,0,0,0,0,0,0,0,0,0,0,0,0,0,0,0,0,0,0,0,0,0,0,0,0,0,0,0,30.5243765732338,0,0,0,0,0,7.97366755590664,0,4.65839584439229,0,0,0,6.88768133107763,0,7.95866427444605,0,5.50127390580518,0,0,0,0,0,0,0,0,0,0,0,0,0,0,0,0,0,0,0,0,0,0,0,6.71466207504272,0,12.6798793555653,0,0
0,4.27370386595254,0,5.43343784612253,0,4.19898781246609,0,0,0,4.11695732010735,0,0,0,3.4245188832283,0,3.80600993858193,54.4772872924805,14.401197719574,0,9.47346019744873,0,27.3757561770352,0,22.1410617828369,0,22.7657794952393,0,19.5089845657349,0,0,0,0,0,0,0,0,0,0,0,47.3658390045166,0,0,0,0,0,22.283504486084,0,0,0,5.55312820540534,0,3.03163340687752,0,0,0,4.640968657049,0,4.67557222048442,0,3.26000550710238,0,0,0,0,27.6109828948975,0,0,0,20.8687985738118,0,0,0,35.5209693908691,0,0,0,0,0,48.6153602600098,0,0,0,13.8596727583143,3.58248138427734,16.8209975858529,0,0
0,33.5333461761475,0,38.4672532332571,0,30.6871991157532,0,11.8132934570312,0,32.8381996154785,0,10.5610772288123,0,0,0,62.5861206054688,75.9448979241507,70.9801246447441,49.4828753053096,5.55218971750836,0,0,0,0,0,72.6891250610352,0,0,0,0,0,0,0,0,0,9.00341662091594,94.1719512939453,4.76406259536743,0,10.4231624906713,92.7837142944336,25.9729876449935,79.7523612976074,44.5627431869507,0,9.77440138183011,71.4050547281901,79.3652648925781,0,32.5960097878666,0,19.9995746612549,0,6.4141079509069,0,48.443208694458,0,10.2867521220344,0,0,0,0,0,89.1794853210449,0,0,0,0,0,0,15.0914669036865,0,16.616415468391,0,0,0,0,0,11.0470603184919,87.436188437722,7.98270111083984,0,28.657253403309,0,12.3099119677455,38.2083536783854,58.3191795349121
30.3598206837972,60.3713912963867,32.7446776440269,0,31.897590637207,0,0,0,43.3188924789429,0,8.20203456980117,0,0,0,0,0,67.4372293298895,75.1447220970603,51.5261743548815,0,7.82658031207772,0,82.9193649291992,0,0,0,88.9474029541016,0,0,0,0,0,0,0,0,107.564056396484,14.2492129895728,0,16.6700890599465,94.2612637971577,12.0386941267814,71.2657324473063,27.8172411685621,70.2043762207031,37.8736127853394,71.807825088501,15.0889348551445,0,58.2091108049665,0,14.3133487701416,0,0,0,14.3428707122803,0,11.1263328726148,0,8.43114651333202,0,0,0,89.1794853210449,0,0,0,0,0,0,0,0,0,0,24.7354560573146,0,0,0,0,86.3687341863459,17.7983342357112,0,25.7490373758169,39.5338804750557,0,21.6432824372492,66.4294929504395,37.8895720191624
0,0,0,0,0,0,0,0,0,0,0,0,0,0,0,24.1872329711914,32.6364122118269,18.9720968794754,48.7398236592611,0,0,4.44059232072539,0,7.34316430268464,0,8.08523008642317,0,16.0197708800032,0,0,0,0,0,0,0,0,0,6.88025176163876,0,0,0,0,0,0,0,0,0,0,0,7.05147389133098,0,0,0,0,0,0,0,0,0,0,0,27.6109828948975,0,0,0,0,0,0,5.6777838585072,0,0,0,0,0,0,0,0,0,0,0,4.46504603705623,0,11.4063082833724,4.8613957437602,64.6226654052734,0,0
0,0,0,0,0,0,0,0,0,0,0,0,0,0,0,0,24.0123030676161,55.4401226043701,0,0,0,0,4.72893519806197,0,0,0,6.75270199775696,0,5.00271803513169,0,0,0,0,0,0,0,0,0,4.68588552162761,0,0,0,0,0,0,0,0,0,4.00895021696348,0,0,0,0,0,0,0,0,0,0,0,0,0,0,0,0,0,0,0,0,14.7654981613159,0,6.35008745132348,0,0,0,0,0,0,0,0,0,4.36785915891871,5.80264775772564,29.4819221496582,0,0,0
0,0,0,0,0,0,0,0,0,3.45581390460332,0,0,0,0,0,0,0,22.776851495107,0,0,0,8.76921987533569,0,4.89201770807212,0,8.80035901069641,0,0,0,0,0,0,0,17.1323553888421,0,0,0,6.97763452275109,0,0,0,0,0,0,0,0,0,10.5068573951721,0,8.14007206366096,0,0,0,0,0,4.47146526292751,0,0,0,0,0,0,0,0,0,0,0,0,4.91841834783554,0,0,0,0,0,0,0,20.2115524836949,0,0,0,8.90110248327255,0,4.70918620865921,0,7.00611734587299,0,0
0,0,0,0,0,0,0,0,3.48124198118846,0,0,0,0,0,0,0,0,0,0,0,0,0,7.08269166946411,0,3.20461747348309,0,0,0,0,0,0,0,0,0,0,0,0,0,8.75466490823985,0,0,0,0,0,0,0,0,0,4.68455474551131,0,0,0,0,0,3.69778228957872,0,0,0,0,0,0,0,0,0,0,0,0,0,0,3.51805836504156,0,0,0,0,0,0,0,0,0,0,0,4.47968743829166,0,0,5.8873277260707,0,0
0,0,0,0,0,0,0,0,0,21.5509967803955,0,0,0,5.18688535690308,0,21.9331150054932,38.9774196458899,16.6094722129264,34.4466457366943,0,0,6.58298716322503,73.9699172973633,8.23714881107725,0,5.82587252530185,0,6.38975925827026,0,0,0,0,0,0,0,0,0,9.89479827880859,0,0,0,0,0,0,0,0,0,0,0,4.97314014273175,0,0,0,0,0,0,0,0,0,0,0,20.8687985738118,0,0,5.6777838585072,0,4.91841834783554,0,0,0,4.1800183057785,0,0,0,0,0,0,0,0,91.7338943481445,0,0,18.2672865949236,17.0617904663086,0,0,0
0,0,0,0,0,0,0,0,7.65506842557122,0,0,0,0,0,0,0,16.9336747733446,37.4626246558295,40.9555239677429,0,0,0,9.42072643475099,0,0,0,5.26193460396358,0,2.95367938280106,0,0,0,0,0,0,0,0,0,0,0,0,0,0,0,0,0,0,0,3.81704843092156,0,0,0,0,0,7.76882824404486,0,0,0,4.51187217329642,0,0,0,0,0,0,14.7654981613159,0,3.51805836504156,0,0,0,4.37820057001981,0,0,0,0,0,0,0,0,0,0,15.8321472648847,0,10.5537824630737,0,0
0,0,0,0,0,0,0,0,0,28.2465305328369,0,0,0,3.63191925562345,0,0,0,8.75048992213081,23.776252746582,0,0,15.3158996105194,0,29.8427696228027,0,5.63830291008463,0,3.73281399643977,0,2.99725985527039,0,0,0,0,0,0,0,7.57972673575083,0,0,0,0,0,0,0,0,0,0,0,4.21177437152082,0,0,0,0,0,0,0,5.45595693588257,0,4.01757009333976,0,0,15.0914669036865,0,0,0,0,0,4.1800183057785,0,0,0,7.3448610555294,0,0,0,0,0,0,0,9.24491572573298,0,10.8552830982208,0,3.16445231437683,0,0
0,0,0,0,0,0,0,0,0,0,0,0,2.74444993336995,0,0,0,0,0,0,0,0,0,3.3997265762753,0,0,0,7.31433901309967,0,4.1278130782207,0,5.38826990127563,0,0,0,0,0,0,0,8.02050890525182,0,0,0,0,0,0,0,0,0,6.1371103224547,0,0,0,0,0,0,0,0,0,4.27638241265635,0,0,0,0,0,0,6.35008745132348,0,0,0,4.37820057001981,0,0,0,0,0,0,0,0,0,0,0,8.4859326562183,0,0,0,0,0
0,28.0006885528564,0,28.4389769798886,0,0,0,0,0,39.3138313293457,0,11.9554220516404,0,0,0,0,87.3395919799805,78.3168182373047,27.009800690871,4.68368675595238,0,0,0,0,0,0,0,5.95040317843942,0,6.48932584989106,0,0,0,0,0,74.9002151489258,0,8.06313564628363,0,56.3381364345551,0,14.1414719865872,0,0,0,28.559653304344,0,72.0190048217773,0,32.4333837297228,0,0,0,0,0,37.7942047119141,0,6.1172797785451,0,14.9820028753842,0,35.5209693908691,16.616415468391,0,0,0,0,0,0,0,7.3448610555294,0,0,0,0,0,0,0,51.572704606137,88.8413772583008,9.8319321622974,0,19.2795953127471,0,13.9510275014668,15.7002468963168,0
0,0,26.8966079439436,0,42.1169052124023,0,0,0,40.9606323242188,0,9.95318534780056,0,0,0,0,0,0,0,57.8855069478353,0,20.6117342313131,0,0,0,0,0,0,0,3.47639568150043,0,7.63480910336722,0,0,0,0,0,66.7123908996582,0,11.7432563235459,0,0,0,17.9577608108521,0,0,0,35.3154907226562,0,42.5030792236328,0,0,0,0,0,0,0,8.97573948575526,0,0,0,0,0,0,24.7354560573146,0,0,0,0,0,0,0,0,0,0,0,0,0,0,0,53.5706697351792,0,5.23093658685684,30.4843201015307,0,20.0569702111758,0,16.9366817474365
0,0,0,0,0,0,0,0,0,0,0,0,0,0,0,0,0,0,0,0,0,0,0,0,0,0,0,0,0,0,0,4.53285976814677,0,3.92722523212433,0,8.12065517394551,0,0,0,0,0,0,0,0,0,0,0,3.87554955858753,9.40376877784729,5.88998938560486,0,0,0,0,0,0,0,0,0,0,0,0,0,0,0,0,0,0,0,0,0,0,0,0,0,0,5.26713896848233,0,7.83760574696556,0,0,0,5.47296500205994,0,0,0,0
0,0,0,0,0,0,0,0,0,0,0,0,0,0,0,0,0,0,0,0,0,0,0,0,0,0,0,0,0,0,0,4.78993141651154,3.41835480170856,0,3.80508766275771,0,3.01525028546651,0,0,0,0,0,0,0,0,0,0,3.86453374783704,6.52832252870907,0,0,0,0,0,0,0,0,0,0,0,0,0,0,0,0,0,0,0,0,0,0,0,0,0,0,0,0,6.04414825191285,0,3.72483384963309,0,0,3.59645035982132,0,0,0,0
0,0,0,0,0,0,0,0,0,22.272522131602,0,0,0,0,0,0,0,0,61.0749664306641,0,0,0,0,20.9051261228674,0,0,0,0,0,0,0,4.78474639973989,0,4.07456930292771,3.75381066327427,13.2062770982161,7.25990689475581,10.7761583051016,15.0491728782654,0,0,0,0,0,0,0,0,8.29711246681519,22.5186889648438,2.73009967803955,0,0,0,0,0,0,0,0,0,0,0,0,0,0,0,0,20.2115524836949,0,0,0,0,0,0,0,5.26713896848233,0,0,6.12176275253296,6.02275619506836,0,6.96423696472259,32.8808555603027,8.82831304913383,0,34.1729497909546,0,0
0,0,0,0,0,0,0,0,0,0,0,0,0,0,0,0,0,0,0,0,0,0,0,0,0,0,0,0,0,0,0,0,0,5.90012370944023,4.84813288339087,0,7.23222554586828,0,4.15266852858463,0,0,0,0,0,0,0,0,5.84651870466434,7.38653960882449,0,0,0,0,0,0,0,0,0,0,0,0,0,0,0,0,0,0,0,0,0,0,0,0,0,0,6.04414825191285,6.12176275253296,0,0,4.57167720466794,0,4.43423845731851,6.90852628019121,0,8.20235061645508,0,0
0,37.2029666900635,0,41.839274259349,0,50.9243825531006,0,0,0,50.0098068352902,0,12.3450594757284,0,0,0,0,80.6050542760778,71.2223596011891,49.694680896494,8.63290124189193,0,77.6214809417725,0,70.943603515625,0,63.0534591674805,0,0,0,0,0,5.44075218583997,0,10.3252619921677,0,8.35949070668749,105.517206827799,8.7084962744183,0,18.0326163275007,83.2851686477661,29.9591343211667,68.809610748291,34.1369576514522,0,23.9782289375488,84.8373334248861,5.86721748486161,0,25.0587353682637,0,42.6110521952311,0,0,0,50.253859312638,0,48.9429450564914,0,0,0,48.6153602600098,11.0470603184919,86.3687341863459,0,0,0,0,0,0,0,0,51.572704606137,0,7.83760574696556,0,6.02275619506836,0,0,95.7106855565851,6.67441200661933,0,19.0458335051654,45.9716234207153,26.7977946652306,32.8957029091069,62.1336771647135
