0,0,4.53568344256457,0,8.34592156661184,0,0,0,5.92066363182621,0,0,0,0,0,0,0,33.4851837158203,0,6.23844025009557,0,0,0,0,0,0,0,0,0,0,0,0,0,0,0,0,0,50.5105667114258,0,0,0,0,0,21.044968529062,0,9.43954467773438,0,14.238649447759,32.1557788848877,7.04621251140322,0,0,0,0,0,6.10728069422196,0,11.6523877661279,0,0,0,8.66702733039856,0,0,12.2626953125,0,0,0,0,0,0,0,0,0,28.5980421702067,0,0,0,0,81.1311874389648,40.2009942190988,0,34.0036186944871,6.85984255750495,29.4177875518799,8.58037277666325,0,2.74039101600647
0,0,0,3.6742862268064,0,6.22220134735107,0,0,0,3.67309672668062,0,0,0,0,0,0,72.8220672607422,0,3.57284075021744,0,0,0,0,0,0,0,0,0,0,0,0,0,0,0,0,51.7183418273926,0,57.0625575672496,0,0,0,17.9412777443242,0,0,0,0,0,29.4817371368408,0,5.8685150385434,0,0,0,0,0,3.4507888795692,0,9.81671069867044,0,0,0,3.63104953084673,14.366170796481,0,0,0,16.0053176879883,0,35.8748588562012,0,6.22012448310852,0,18.2505999711844,0,0,0,0,0,39.3056123256683,0,33.7721553318937,0,7.9813700566598,27.5147266387939,8.47978793102319,10.3689152399699,0
4.53568344256457,0,0,0,6.13772281010946,0,0,0,5.6424097604649,0,0,0,0,0,0,0,0,0,0,0,0,0,0,0,0,0,0,0,0,0,0,0,0,0,0,0,13.8932760801071,0,0,0,0,0,0,0,0,0,8.40463890348162,0,3.51879649895888,0,0,0,0,0,5.49172019958496,0,0,0,0,0,0,0,0,0,0,0,0,0,0,0,0,0,0,0,0,0,0,0,0,0,0,0,5.76407092099363,0,5.06758742683504,0,0
0,3.6742862268064,0,0,0,4.59689692656199,0,0,0,3.09053498659378,0,0,0,0,0,0,0,0,61.4420185089111,0,0,0,0,0,0,0,0,0,0,0,0,0,0,0,0,12.5699049631755,0,0,0,0,0,26.1207681543687,0,0,0,14.3296880722046,0,0,0,7.60132743517558,0,3.54500662712824,0,0,0,3.01236367225647,0,18.9195376092737,0,0,0,0,17.521831035614,0,0,0,27.8016119003296,0,32.8216896057129,0,0,0,0,0,0,0,0,0,22.7435057503837,0,74.3238754272461,0,5.12600472695391,6.92032854897635,10.8066356553222,22.2921873728434,0
8.34592156661184,0,6.13772281010946,0,0,0,4.47025990486145,0,7.19769585844296,0,0,0,3.06365955394247,0,3.07970729280025,0,0,0,0,0,4.15032593905926,0,0,0,0,0,0,0,0,0,0,0,0,0,0,0,8.01412707469502,0,0,0,0,0,0,0,0,0,13.2082480726571,0,0,0,3.82112174484351,0,4.21554978688558,0,4.41467315620846,0,3.38893199736072,0,4.89153232099323,0,3.12455934569949,0,0,4.34343172002722,0,0,0,0,0,0,0,0,0,0,0,0,0,0,0,8.93932044506073,0,0,5.10731850145183,14.1521978378296,8.23974894570558,0,0
0,6.22220134735107,0,4.59689692656199,0,0,0,7.59873991911529,0,3.17098690668742,0,0,0,3.75516613139663,0,0,59.1738586425781,131.667297363281,54.4516824994768,2.94002914428711,0,0,0,0,0,0,0,0,0,0,0,0,0,0,0,10.2854839642843,0,0,0,30.3537680308024,0,38.0995887517929,53.9214267730713,0,0,12.5367228984833,0,43.6014909744263,0,39.3785882525974,0,2.98954620050347,0,5.62214145691771,0,0,0,4.83928224673638,0,3.50661240518093,0,0,6.77340835270129,0,0,0,0,0,0,0,41.5101661682129,0,37.6758766174316,0,0,0,0,0,31.2333149543175,0,84.0688591003418,0,4.84185276664761,68.1052627563477,9.04186952215416,0,0
0,0,0,0,4.47025990486145,0,0,0,0,0,4.71149372203009,0,0,0,0,0,0,0,0,0,7.00197930062285,0,0,0,0,0,0,0,0,0,0,0,0,0,0,0,6.92284832245264,0,0,0,0,0,0,0,0,0,0,0,0,0,2.76894813776016,0,3.88283939103822,0,0,0,4.63139328851805,0,0,0,0,0,0,6.69790190939577,0,0,0,0,0,0,0,0,0,0,0,0,0,0,0,8.65654532114665,0,0,5.27787721192033,13.9303541183472,0,0,0
0,0,0,0,0,7.59873991911529,0,0,0,0,0,3.25780533827268,0,0,0,0,0,0,0,7.37324825922648,0,0,0,0,0,0,0,0,0,0,0,0,0,0,0,2.74851417541504,0,0,0,0,0,0,0,0,0,0,0,0,0,0,0,3.36024534702301,0,3.69566577148438,0,0,0,3.38640952110291,0,0,0,0,0,0,0,0,0,0,0,0,0,0,0,0,0,0,0,0,0,0,0,0,4.80289124665053,0,0,0,0
5.92066363182621,0,5.6424097604649,0,7.19769585844296,0,0,0,0,0,0,0,0,0,3.22762526512146,0,0,0,0,0,0,0,0,0,4.22146229773033,0,0,0,0,0,0,0,0,0,0,0,42.4420585632324,0,4.22277936037036,0,0,0,5.53316108602713,0,0,0,20.4127608865931,0,5.93887382745743,0,8.64015054702759,0,0,0,3.88524555201919,0,21.2051124572754,0,0,0,5.0904539903005,0,0,19.731954574585,0,0,0,3.20499091541644,0,0,0,31.3941230773926,0,0,0,0,0,0,0,0,0,7.55985682351249,5.70888050885116,0,15.5083058697562,0,6.52061216382013
0,3.67309672668062,0,3.09053498659378,0,3.17098690668742,0,0,0,0,0,0,0,0,0,3.3563816414939,0,0,0,0,0,0,0,4.20400916039944,0,0,0,0,0,0,0,0,0,0,0,0,0,0,0,0,0,5.71556404372242,0,0,0,0,0,0,0,0,0,0,0,0,0,3.71605989107719,0,20.408179918925,0,0,0,3.97776826222738,21.675333404541,0,0,0,3.35001130614962,0,0,0,0,0,0,0,0,0,0,0,0,0,2.95181226730347,0,5.28220149253805,4.63056057149714,8.5261368064193,7.03920499380533,0
0,0,0,0,0,0,4.71149372203009,0,0,0,0,0,0,0,0,0,0,0,0,0,3.85052963226072,0,0,0,0,0,0,0,9.89330459677655,0,3.54922577609187,0,0,0,0,0,3.36971141443867,0,4.7852606954127,0,0,0,0,0,0,0,0,0,0,0,0,0,7.29524286588033,0,0,0,4.50438801153078,0,2.75436210632324,0,0,0,0,4.8483053445816,0,0,0,0,0,0,0,10.2950277328491,0,4.63158736910139,0,0,0,0,0,0,0,2.72831201553345,4.62968284465888,0,0,0,0
0,0,0,0,0,0,0,3.25780533827268,0,0,0,0,0,3.62400012546115,0,0,0,0,0,3.9778281985497,0,0,0,0,0,0,0,10.2562323171039,0,4.46422365717677,0,0,0,0,0,6.42295031673861,0,8.0711275315947,0,0,0,0,0,0,0,0,0,0,0,36.4117736816406,0,0,0,0,0,0,0,5.07450082880734,0,2.88430611292521,0,0,8.10857319122269,0,0,0,0,0,0,0,9.47158953547478,0,7.72081741723627,0,0,0,0,0,0,0,4.41068273693768,0,5.57439121761483,0,2.96355220404538,0,0
0,0,0,0,3.06365955394247,0,0,0,0,0,0,0,0,0,0,0,0,0,0,0,0,0,0,0,0,0,0,0,0,0,0,0,0,0,0,0,0,0,0,0,0,0,0,0,0,0,0,0,0,0,4.07474512524075,0,0,0,0,0,0,0,2.74737862745921,0,0,0,0,0,0,0,0,0,0,0,0,0,0,0,0,0,0,0,0,0,0,0,2.87385649681091,0,0,0,0
0,0,0,0,0,3.75516613139663,0,0,0,0,0,3.62400012546115,0,0,0,3.24621552076095,0,0,0,0,0,0,0,0,0,0,0,3.36576965876988,0,6.4256298939387,0,0,0,0,0,0,0,0,0,0,0,0,0,0,0,0,0,0,0,0,0,3.28691797073071,0,0,0,0,0,4.37802603264817,0,3.37410563517766,0,3.64118929470287,0,0,0,0,0,0,0,0,0,0,0,0,0,0,0,0,0,0,0,0,4.21892952919006,0,0,0,0
0,0,0,0,3.07970729280025,0,0,0,3.22762526512146,0,0,0,0,0,0,0,0,0,0,0,0,0,0,0,0,0,0,0,0,0,0,0,0,0,0,0,0,0,0,0,0,0,0,0,0,0,0,0,0,0,3.31402879953384,0,0,0,3.6828178865569,0,0,0,0,0,3.44808419008513,0,0,0,0,0,0,0,0,0,0,0,0,0,0,0,0,0,0,0,0,0,2.9386726419131,0,0,0,0
0,0,0,0,0,0,0,0,0,3.3563816414939,0,0,0,3.24621552076095,0,0,0,0,0,0,0,0,0,0,0,0,0,0,0,0,0,0,0,0,0,0,0,0,0,0,0,0,0,0,0,0,0,0,0,0,0,0,0,0,0,2.7513906955719,0,6.37817064921061,0,5.7980993176483,0,3.32234406471252,0,0,0,0,0,0,0,0,0,0,0,0,0,0,0,0,0,0,0,0,2.98762956716247,0,0,0,0
33.4851837158203,72.8220672607422,0,0,0,59.1738586425781,0,0,0,0,0,0,0,0,0,0,0,20.8162615029771,22.2399595678494,78.5139770507812,0,0,5.09839146137238,0,0,0,2.82191642125448,0,0,0,0,0,0,0,0,70.9929911295573,90.24840037028,110.410652160645,92.4221827189128,73.7729064941406,68.691915512085,67.0733280181885,48.7391290151945,42.3202056884766,37.4426856291921,49.6817512512207,53.3069789409637,0,0,0,0,0,0,0,0,0,0,82.7710380554199,0,0,0,0,86.5912551879883,0,0,7.23893415927887,0,0,0,2.75215005874634,0,43.2782287597656,85.4750595092773,56.7016495598687,0,0,0,0,81.5680007171631,70.2381540934245,85.109317779541,65.3456249237061,14.4122129557816,10.1102546362835,56.0623604080381,56.9590148925781,41.1466077168783
0,0,0,0,0,131.667297363281,0,0,0,0,0,0,0,0,0,0,20.8162615029771,0,20.9733194758826,0,0,4.728932762146,0,0,0,3.44521542831703,0,3.05037152767181,0,0,0,0,0,0,0,74.4269682566325,103.698684692383,104.422577752007,0,64.7399934467516,76.3420093536377,57.3675228567684,62.7878757052951,31.9077514920916,50.8939717032693,56.3753223419189,55.8685069613987,90.7801284790039,0,0,0,0,0,0,0,0,0,58.0901126861572,0,0,0,0,66.0336136817932,75.2704238891602,0,0,0,0,2.85102927684784,0,0,0,60.9809541141286,84.3322944641113,0,0,0,0,75.4620471219404,81.5428343878852,68.1931415864791,71.58917872111,14.1571196231786,9.75448180384845,61.8959845365104,56.2003729078505,54.6606041590373
6.23844025009557,3.57284075021744,0,61.4420185089111,0,54.4516824994768,0,0,0,0,0,0,0,0,0,0,22.2399595678494,20.9733194758826,0,40.4211692810059,0,0,0,0,0,0,0,0,0,0,0,0,0,0,0,43.1875489643642,62.9367459791678,75.9859993632247,69.2871535164969,46.3438861319359,44.1096367441165,27.4418544648659,27.1044444442187,15.1524655319029,22.2808739370501,48.4698110710491,28.9845108883669,0,0,45.508543361317,0,0,0,0,0,0,20.7335338592529,49.7754613876343,0,0,0,0,44.6197602198674,26.0157026403091,0,0,0,0,48.251392364502,0,55.4593391418457,28.2328395843506,37.9078279288418,31.8455531720034,0,0,0,0,48.9438439902909,49.941499625312,45.9936509466908,43.7546862793921,15.6472011347774,29.3224876908695,29.7981657437578,28.4086164984592,17.0065154555058
0,0,0,0,0,2.94002914428711,0,7.37324825922648,0,0,0,3.9778281985497,0,0,0,0,78.5139770507812,0,40.4211692810059,0,0,0,0,0,0,0,0,0,0,0,0,0,0,0,0,3.90612841869275,0,9.99013270031322,0,32.257022857666,0,33.0025734371609,52.3336181640625,0,0,7.39848883946737,0,41.5264654159546,48.2886009216309,31.8943639901968,0,0,0,3.89659430222078,0,0,0,4.41906836758489,0,0,0,0,4.6413360666006,0,0,0,0,0,0,0,0,0,0,0,0,0,0,0,5.33353462506297,0,14.738439402797,0,4.02582630621789,0,8.41795118231522,0,0
0,0,0,0,4.15032593905926,0,7.00197930062285,0,0,0,3.85052963226072,0,0,0,0,0,0,0,0,0,0,0,0,0,0,0,0,0,0,0,0,0,0,0,0,0,4.45231658597102,0,3.47265111639145,0,43.6983680725098,41.2999229431152,38.0388104915619,0,25.2855319976807,0,7.00708276430766,39.7140067418416,39.0620291573661,0,0,0,7.91528502670494,0,0,0,8.37740230560303,0,0,0,0,0,0,5.05847239635122,0,0,0,0,0,0,0,0,0,7.54839460055033,0,0,0,0,0,5.0220938665677,0,3.30637366121466,6.76945610004559,0,13.6468857455123,0,0
0,0,0,0,0,0,0,0,0,0,0,0,0,0,0,0,0,4.728932762146,0,0,0,0,4.89114135694673,4.96631776407117,0,3.74515200083235,0,3.62268346693458,0,0,0,0,0,0,0,0,0,4.14166633604871,5.21539910634359,0,0,0,0,0,0,0,0,0,0,0,0,0,0,0,0,0,0,0,0,0,0,0,0,0,3.70659269142252,10.3240228652954,4.72708724616383,0,4.91707913021209,0,0,0,0,0,0,0,0,0,0,0,6.47223674686506,0,3.78352696031004,4.14441476111028,0,0,0
0,0,0,0,0,0,0,0,0,0,0,0,0,0,0,0,5.09839146137238,0,0,0,0,4.89114135694673,0,0,8.14950821247507,0,4.08514869758506,0,2.93000876903534,0,0,0,0,0,0,0,0,3.48557114601135,6.95315333739998,0,0,0,0,0,0,0,0,0,8.14466963830541,0,0,0,0,0,0,0,0,0,0,0,0,0,0,0,4.92160646120707,4.01699897382757,0,6.63766697645187,0,6.23434872560568,0,0,0,0,0,0,0,0,0,0,0,10.3557179050752,4.07385153392515,4.10738683465015,0,0,0
0,0,0,0,0,0,0,0,0,4.20400916039944,0,0,0,0,0,0,0,0,0,0,0,4.96631776407117,0,0,0,3.49752889721599,0,0,0,0,0,0,0,0,0,0,0,3.56820701608563,28.2886371612549,0,0,10.4568161781018,0,0,0,0,0,0,0,3.82810349464417,0,0,0,0,0,6.07621742519264,0,20.8456050872803,0,0,0,0,20.5964045524597,0,4.43285537399022,0,3.53773520678245,0,4.35097972551982,0,0,0,0,0,0,0,0,0,0,0,5.48275132701822,0,7.17626015812743,17.9279088973999,14.7608184522512,10.4719330966473,0
0,0,0,0,0,0,0,0,4.22146229773033,0,0,0,0,0,0,0,0,0,0,0,0,0,8.14950821247507,0,0,0,5.31039995991665,0,0,0,0,0,0,0,0,0,43.7034606933594,0,8.19276391903083,0,0,0,6.75532520031501,0,0,0,23.4323453903198,0,9.78487229347229,0,0,0,0,0,4.91925792066196,0,0,0,0,0,5.37233384450277,0,0,21.6211171150208,0,5.04423760387995,0,4.18863876631501,0,7.63035296441394,0,0,0,0,0,0,0,0,0,0,0,10.4940674827212,6.35749446746357,0,11.7482935355769,0,8.81619497787121
0,0,0,0,0,0,0,0,0,0,0,0,0,0,0,0,0,3.44521542831703,0,0,0,3.74515200083235,0,3.49752889721599,0,0,0,3.69635841991361,0,0,0,0,0,0,0,0,0,0,0,0,0,0,0,0,0,0,0,0,0,4.30928206443787,0,0,0,0,0,0,0,0,0,0,0,0,0,0,3.97919301145217,0,4.37525442790985,0,4.57282741952338,0,6.24633327214756,0,0,0,0,0,0,0,0,0,0,0,2.9085947394371,0,0,0,0
0,0,0,0,0,0,0,0,0,0,0,0,0,0,0,0,2.82191642125448,0,0,0,0,0,4.08514869758506,0,5.31039995991665,0,0,0,4.8676389058431,0,0,0,0,0,0,0,0,0,13.7198801040649,0,0,0,0,0,0,0,0,0,0,0,0,0,0,0,0,0,0,0,0,0,3.38245272636414,0,0,0,0,4.29029346089209,0,4.9619801291713,0,5.5245796308655,0,3.00533843040466,0,0,0,0,0,0,0,0,0,15.3000564575195,2.95679960648219,0,0,0,0
0,0,0,0,0,0,0,0,0,0,0,10.2562323171039,0,3.36576965876988,0,0,0,3.05037152767181,0,0,0,3.62268346693458,0,0,0,3.69635841991361,0,0,0,4.03446606059133,0,0,0,0,0,0,0,5.49176597595215,0,0,0,0,0,0,0,0,0,0,0,0,0,0,0,0,0,0,0,0,0,2.98406007885933,0,0,0,0,3.39227997684062,0,0,0,3.40067414442698,0,3.76425400063839,0,3.61259571143559,0,0,0,0,0,0,0,2.86010837554932,0,3.43491994962096,2.84997242689133,0,0,0
0,0,0,0,0,0,0,0,0,0,9.89330459677655,0,0,0,0,0,0,0,0,0,0,0,2.93000876903534,0,0,0,4.8676389058431,0,0,0,7.15400683879852,0,0,0,0,0,0,0,0,0,0,0,0,0,0,0,0,0,0,0,0,0,0,0,0,0,9.94965481758118,0,0,0,0,0,0,0,0,0,0,0,0,8.13344858967981,0,4.15065644031278,0,0,0,0,0,0,0,0,0,0,4.79585048216808,3.58514451980591,0,0,0
0,0,0,0,0,0,0,0,0,0,0,4.46422365717677,0,6.4256298939387,0,0,0,0,0,0,0,0,0,0,0,0,0,4.03446606059133,0,0,0,0,0,0,0,0,0,5.78058382533024,0,0,0,0,0,0,0,0,0,0,0,0,0,0,0,0,0,0,0,3.99407342076302,0,0,0,0,0,0,0,0,0,0,0,0,3.98410517828805,0,3.96150920158878,0,0,0,0,0,0,0,5.35175798526361,0,6.81755955913399,0,0,0,0
0,0,0,0,0,0,0,0,0,0,3.54922577609187,0,0,0,0,0,0,0,0,0,0,0,0,0,0,0,0,0,7.15400683879852,0,0,0,0,0,0,0,0,0,3.76377044937827,0,0,0,0,0,0,0,0,0,0,0,0,0,0,0,0,0,3.49541824439476,0,0,0,0,0,0,0,0,0,0,0,0,0,0,7.83795213699341,0,4.33096255858739,0,0,0,0,0,0,0,0,3.40684798955917,0,0,0,0
0,0,0,0,0,0,0,0,0,0,0,0,0,0,0,0,0,0,0,0,0,0,0,0,0,0,0,0,0,0,0,0,6.28304058643633,5.90160810947418,6.85392463207245,4.02909273054542,15.8100242614746,0,0,0,0,0,0,0,0,0,0,4.62824387670313,0,0,0,0,0,0,0,0,0,0,0,0,0,0,0,0,0,0,0,0,0,0,0,0,0,0,4.63844112915257,6.69167099611585,8.14708589514097,0,5.49359190977361,13.3829430474175,0,0,4.42164496039602,0,0,0,0
0,0,0,0,0,0,0,0,0,0,0,0,0,0,0,0,0,0,0,0,0,0,0,0,0,0,0,0,0,0,0,6.28304058643633,0,0,5.50906771093934,3.60435407301959,4.70760627623807,0,0,0,5.25306081771851,0,0,0,0,0,0,4.96621840117408,6.67340424927798,0,0,0,0,0,0,0,0,0,0,0,0,0,0,0,0,0,0,0,0,0,0,0,0,0,8.796927219943,4.51612549453201,0,6.21642136573792,13.1978569030762,6.31344228600239,0,0,3.33593292461663,0,0,0,0
0,0,0,0,0,0,0,0,0,0,0,0,0,0,0,0,0,0,0,0,0,0,0,0,0,0,0,0,0,0,0,5.90160810947418,0,0,3.08045782915468,4.22707252017038,0,4.55357667661849,11.4702386856079,0,0,10.9468317826589,12.0018949508667,0,0,0,60.8159217834473,5.71843092991545,0,0,0,0,0,0,0,0,0,0,0,0,0,0,0,0,0,0,0,0,0,0,0,0,0,0,10.0572374517267,0,4.27397180889017,5.26672899723053,4.74246583610284,0,5.85234972662177,0,4.98521407315784,0,12.1512099763621,0,0
0,0,0,0,0,0,0,0,0,0,0,0,0,0,0,0,0,0,0,0,0,0,0,0,0,0,0,0,0,0,0,6.85392463207245,5.50906771093934,3.08045782915468,0,0,5.01407014204161,11.4600716804971,4.39065999014903,0,0,9.24789047241211,5.00741536617279,0,0,0,48.0824928283691,5.15168408172075,13.9088167190552,16.8145345052083,0,0,0,0,0,0,0,0,0,0,0,0,0,0,0,0,0,0,0,0,0,0,0,0,6.00342965126038,3.3711621837312,3.40555736124516,3.37596523592578,0,6.41785389582316,0,9.70412594144759,4.40575616131251,0,7.23281945853398,0,0
0,51.7183418273926,0,12.5699049631755,0,10.2854839642843,0,2.74851417541504,0,0,0,6.42295031673861,0,0,0,0,70.9929911295573,74.4269682566325,43.1875489643642,3.90612841869275,0,0,0,0,0,0,0,0,0,0,0,4.02909273054542,3.60435407301959,4.22707252017038,0,0,4.87639066588204,6.42699033780141,96.1515960693359,22.5222773651282,37.1296895345052,32.8152362861131,39.1318040211995,20.6794209480286,17.670991897583,9.30468020104525,36.106258392334,5.32430822684847,46.591598033905,16.3590019832958,0,0,0,6.77323620659964,0,0,0,5.5863951402552,0,0,0,0,8.51388102339248,0,0,0,0,0,41.7489204406738,0,31.638599395752,0,53.0356928507487,0,5.05940399169922,6.39565209547679,5.449694679208,0,5.93660072427742,17.0479050971366,8.58278361935198,81.7708597183228,4.83469232510031,3.92561170752619,17.1012097230324,38.5083565711975,0
50.5105667114258,0,13.8932760801071,0,8.01412707469502,0,6.92284832245264,0,42.4420585632324,0,3.36971141443867,0,0,0,0,0,90.24840037028,103.698684692383,62.9367459791678,0,4.45231658597102,0,0,0,43.7034606933594,0,0,0,0,0,0,15.8100242614746,4.70760627623807,0,5.01407014204161,4.87639066588204,0,5.47506046295166,7.28412218215205,0,39.1994540831622,73.9225584665934,42.2351055634327,120.880531311035,48.8044146696726,0,39.7553849990208,8.37539330615273,15.2788821905851,48.6892967224121,0,0,4.43299341201782,0,0,0,6.16343858973185,0,0,0,0,0,0,12.1322590230666,0,0,0,0,0,0,0,40.1497421264648,0,50.2080586751302,0,7.50712817353629,0,7.47304131156967,3.83382011682559,6.06501816887071,0,11.8559376938047,4.82998279614742,4.37100464905263,19.0212934022752,0,33.4270199064225
0,57.0625575672496,0,0,0,0,0,0,0,0,0,8.0711275315947,0,0,0,0,110.410652160645,104.422577752007,75.9859993632247,9.99013270031322,0,4.14166633604871,3.48557114601135,3.56820701608563,0,0,0,5.49176597595215,0,5.78058382533024,0,0,0,4.55357667661849,11.4600716804971,6.42699033780141,5.47506046295166,0,11.2868023527429,70.8584940433502,0,32.9121262193378,61.8200802273221,55.6300430297852,122.058395385742,58.0342111587524,0,8.37269600322688,71.7224746704102,7.10400720834732,0,0,0,0,0,7.36627372105916,0,10.7957837743144,0,0,0,0,14.4304024363464,0,6.07367125850613,0,4.5697663471735,0,0,0,0,0,8.30136369100583,0,0,0,6.90277091411602,0,17.1228675426761,0,5.79990475366388,8.03243591017642,7.14879319049929,5.86699701148057,32.3953957535396,27.1872188840594,100.631004333496
0,0,0,0,0,0,0,0,4.22277936037036,0,4.7852606954127,0,0,0,0,0,92.4221827189128,0,69.2871535164969,0,3.47265111639145,5.21539910634359,6.95315333739998,28.2886371612549,8.19276391903083,0,13.7198801040649,0,0,0,3.76377044937827,0,0,11.4702386856079,4.39065999014903,96.1515960693359,7.28412218215205,11.2868023527429,0,0,0,19.1828002929688,29.9693361128249,0,54.777852675494,0,43.5042213392258,6.53942342766193,5.23025297855436,0,0,0,0,0,4.53569696304646,0,6.19148719706924,0,0,0,0,0,0,11.5150500622471,0,6.78301673794482,0,6.00090330310433,0,0,0,0,0,4.34162088513374,0,0,0,7.17849728500142,0,11.9139523343264,6.66116166114807,5.46769715300857,5.35794550937205,5.22562304361543,11.4029593363599,0,47.066343943278
0,0,0,0,0,30.3537680308024,0,0,0,0,0,0,0,0,0,0,73.7729064941406,64.7399934467516,46.3438861319359,32.257022857666,0,0,0,0,0,0,0,0,0,0,0,0,0,0,0,22.5222773651282,0,70.8584940433502,0,0,0,19.4702339876553,37.2049342564174,0,50.7770214080811,9.6249367574514,104.26008605957,7.08226516329009,33.4251232147217,6.9172242678306,0,0,0,0,0,0,0,44.9225153923035,0,0,0,0,12.8644746197595,0,0,0,0,0,53.9141273498535,0,44.088516998291,0,43.9087681452433,0,0,0,0,0,8.86409693355862,74.1338481903076,48.6867252588272,87.3508148193359,43.6451863584847,66.941831442026,17.5858705015361,39.1414563315255,0
0,0,0,0,0,0,0,0,0,0,0,0,0,0,0,0,68.691915512085,76.3420093536377,44.1096367441165,0,43.6983680725098,0,0,0,0,0,0,0,0,0,0,0,5.25306081771851,0,0,37.1296895345052,39.1994540831622,0,0,0,0,62.1086540222168,17.4790727257153,0,25.512485300453,0,11.6507891481103,20.2589296165266,11.7420806749812,86.3498687744141,0,0,0,0,0,0,32.6202313232422,0,0,0,0,0,0,17.3234536767006,0,0,0,0,0,0,0,39.6518287658691,0,44.2630451809276,0,9.04214196456106,0,26.4364168643951,70.1140670776367,9.59700292244507,93.6157054901123,9.57086987349025,40.5824528963138,69.9443384806315,14.1974854092306,0,27.8453305562337
0,17.9412777443242,0,26.1207681543687,0,38.0995887517929,0,0,0,5.71556404372242,0,0,0,0,0,0,67.0733280181885,57.3675228567684,27.4418544648659,33.0025734371609,41.2999229431152,0,0,10.4568161781018,0,0,0,0,0,0,0,0,0,10.9468317826589,9.24789047241211,32.8152362861131,73.9225584665934,32.9121262193378,19.1828002929688,19.4702339876553,62.1086540222168,0,12.0567785785312,14.7490556769901,42.8055274486542,24.8633586053794,43.9606645832891,8.04844119885156,16.3310449773615,11.6088397498538,0,0,0,0,0,7.92936592835646,0,18.0573326569806,0,23.6116828918457,0,19.112434387207,22.2628785893524,46.8088455200195,0,0,10.521057151979,0,24.7451782749124,0,20.3335282504559,0,19.2697942802148,43.0410588582357,0,0,11.6567637490444,0,25.6104801395953,60.351060618525,32.7997686858212,54.8424744923909,14.4930294443938,50.7675865491231,14.668725237009,11.2858131577095,14.4483989862835
21.044968529062,0,0,0,0,53.9214267730713,0,0,5.53316108602713,0,0,0,0,0,0,0,48.7391290151945,62.7878757052951,27.1044444442187,52.3336181640625,38.0388104915619,0,0,0,6.75532520031501,0,0,0,0,0,0,0,0,12.0018949508667,5.00741536617279,39.1318040211995,42.2351055634327,61.8200802273221,29.9693361128249,37.2049342564174,17.4790727257153,12.0567785785312,0,0,19.7833752892792,42.3079475989709,19.443917325759,9.26033243200415,10.7332704976363,13.2191558067615,0,0,0,0,6.66960022028755,0,21.1877288438578,78.0471420288086,16.230936050415,0,0,0,46.8395851135254,18.2923697670482,0,0,0,10.1115757768804,0,0,0,17.8377819278023,53.4122932434082,23.0812723802196,0,10.735818862915,13.6541638876262,6.90090329830463,61.2037317752838,24.9615930300789,63.4270059008931,26.8105523295987,16.2898581555417,22.3109893681091,13.9042884051669,37.078364944458,9.53959656158453
0,0,0,0,0,0,0,0,0,0,0,0,0,0,0,0,42.3202056884766,31.9077514920916,15.1524655319029,0,0,0,0,0,0,0,0,0,0,0,0,0,0,0,0,20.6794209480286,120.880531311035,55.6300430297852,0,0,0,14.7490556769901,0,0,36.6908645629883,0,0,0,0,20.31334400177,0,0,0,0,0,0,0,37.1650991439819,0,0,0,0,22.0757894515991,0,0,0,0,0,0,0,0,0,21.7662858402028,78.1014633178711,0,0,0,0,33.7306084632874,0,29.2705694295592,0,34.7003940281115,43.4134826660156,17.4100953982427,15.5602874755859,0
9.43954467773438,0,0,0,0,0,0,0,0,0,0,0,0,0,0,0,37.4426856291921,50.8939717032693,22.2808739370501,0,25.2855319976807,0,0,0,0,0,0,0,0,0,0,0,0,0,0,17.670991897583,48.8044146696726,122.058395385742,54.777852675494,50.7770214080811,25.512485300453,42.8055274486542,19.7833752892792,36.6908645629883,0,0,20.5240405174994,0,0,91.3878173828125,0,0,0,0,0,0,0,0,0,0,0,0,0,26.1626148223877,0,0,0,0,0,0,0,0,58.035270690918,24.5739560127258,0,0,0,0,65.7031488418579,32.5265957525839,65.8282174004449,30.7446587588809,34.6125805671098,50.6861255352314,20.4147142862345,39.3763389587402,15.0742184850905
0,0,0,14.3296880722046,0,12.5367228984833,0,0,0,0,0,0,0,0,0,0,49.6817512512207,56.3753223419189,48.4698110710491,7.39848883946737,0,0,0,0,0,0,0,0,0,0,0,0,0,0,0,9.30468020104525,0,58.0342111587524,0,9.6249367574514,0,24.8633586053794,42.3079475989709,0,0,0,50.5930805206299,35.7412229588157,34.5275762081146,24.3556107358235,0,0,0,0,0,0,0,19.8222421050072,0,0,0,0,7.63886536671235,0,0,0,0,0,32.1843757629395,0,24.5419902205467,0,24.4262869314182,0,0,0,48.5985374450684,46.9575843811035,13.5715011022798,95.9300231933594,34.0926300644875,64.0046234130859,29.3485890677277,69.4560680389404,22.0186434451903,13.3799760818481,0
14.238649447759,0,8.40463890348162,0,13.2082480726571,0,0,0,20.4127608865931,0,0,0,0,0,0,0,53.3069789409637,55.8685069613987,28.9845108883669,0,7.00708276430766,0,0,0,23.4323453903198,0,0,0,0,0,0,0,0,60.8159217834473,48.0824928283691,36.106258392334,39.7553849990208,0,43.5042213392258,104.26008605957,11.6507891481103,43.9606645832891,19.443917325759,0,20.5240405174994,50.5930805206299,0,38.6741781770513,26.2513908355813,40.3627602713449,13.4091640472412,0,0,0,20.9775409698486,0,20.6031806716919,0,0,0,0,0,0,8.34483259795113,0,0,0,0,0,0,0,26.8128733634949,66.8647403717041,26.5761153011688,0,29.7273263931274,52.633026599884,33.1958970670347,72.4781869649887,26.0267541650123,75.9255957352488,27.5656355124625,17.9702229885845,62.5533500671387,17.551788095135,0,18.2660366960628
32.1557788848877,29.4817371368408,0,0,0,43.6014909744263,0,0,0,0,0,0,0,0,0,0,0,90.7801284790039,0,41.5264654159546,39.7140067418416,0,0,0,0,0,0,0,0,0,0,4.62824387670313,4.96621840117408,5.71843092991545,5.15168408172075,5.32430822684847,8.37539330615273,8.37269600322688,6.53942342766193,7.08226516329009,20.2589296165266,8.04844119885156,9.26033243200415,0,0,35.7412229588157,38.6741781770513,0,8.52297561140785,6.15557605627726,0,0,0,0,0,0,58.6114400227865,0,0,0,0,0,39.9639372507731,45.1836212421286,0,0,0,0,0,0,57.2893028259277,68.7501220703125,0,71.0529708862305,6.72917354548419,6.74193013713265,7.09723270628468,4.28863577402321,5.24924944420378,6.38493811442882,15.4640446603298,9.33708542440638,8.39284993785849,5.28426673354172,13.9299785097572,0,43.5544667243958
7.04621251140322,0,3.51879649895888,0,0,0,0,0,5.93887382745743,0,0,0,0,0,0,0,0,0,0,48.2886009216309,39.0620291573661,0,8.14466963830541,0,9.78487229347229,0,0,0,0,0,0,0,6.67340424927798,0,13.9088167190552,46.591598033905,15.2788821905851,71.7224746704102,5.23025297855436,33.4251232147217,11.7420806749812,16.3310449773615,10.7332704976363,0,0,34.5275762081146,26.2513908355813,8.52297561140785,0,21.0238487243652,0,0,0,0,0,0,4.22396394042742,61.7880935668945,4.1516181741442,0,4.19403600692749,0,29.2460260391235,35.1210850010747,0,5.16574374560652,0,7.20858391471531,0,3.38405666143998,0,21.5189730439867,53.5739761352539,43.5499633312225,0,6.99412388271756,21.0773576100667,21.179932160811,37.5999412536621,8.37841274148674,68.1831868489583,6.83194075520776,10.5221716543039,12.8022079467773,12.9501166896739,0,32.4704134804862
0,5.8685150385434,0,7.60132743517558,0,39.3785882525974,0,0,0,0,0,36.4117736816406,0,0,0,0,0,0,45.508543361317,31.8943639901968,0,0,0,3.82810349464417,0,4.30928206443787,0,0,0,0,0,0,0,0,16.8145345052083,16.3590019832958,48.6892967224121,7.10400720834732,0,6.9172242678306,86.3498687744141,11.6088397498538,13.2191558067615,20.31334400177,91.3878173828125,24.3556107358235,40.3627602713449,6.15557605627726,21.0238487243652,0,0,0,0,0,0,0,0,19.3546481269529,0,9.8764820098877,0,7.22197190920512,25.2694330256561,29.6503238677979,4.21130747179831,0,4.36533355712891,0,5.97727865044789,0,10.7272774528813,0,39.328420996666,0,0,0,2.818354845047,17.7670176823934,19.5629961009037,85.9862594604492,7.83906654684756,85.4269104003906,12.6033885905836,0,14.9528593183279,21.6116000510551,0
0,0,0,0,3.82112174484351,0,2.76894813776016,0,8.64015054702759,0,0,0,4.07474512524075,0,3.31402879953384,0,0,0,0,0,0,0,0,0,0,0,0,0,0,0,0,0,0,0,0,0,0,0,0,0,0,0,0,0,0,0,13.4091640472412,0,0,0,0,0,0,0,3.2053475856781,0,2.82333660125732,0,3.26327565883068,0,3.33256429604122,0,0,3.2611870765686,0,0,0,0,0,0,0,0,0,0,0,0,0,0,0,0,0,0,3.5351912021637,0,7.8282263394325,0,0
0,0,0,3.54500662712824,0,2.98954620050347,0,3.36024534702301,0,0,0,0,0,3.28691797073071,0,0,0,0,0,0,0,0,0,0,0,0,0,0,0,0,0,0,0,0,0,0,0,0,0,0,0,0,0,0,0,0,0,0,0,0,0,0,0,3.50597977638245,0,2.78553037643433,0,0,0,3.00076028704643,0,2.85069096088409,5.70142180579049,0,0,0,0,0,0,0,0,0,0,0,0,0,0,0,0,0,0,0,3.43245926342512,0,4.70470686392351,0,0
0,0,0,0,4.21554978688558,0,3.88283939103822,0,0,0,7.29524286588033,0,0,0,0,0,0,0,0,0,7.91528502670494,0,0,0,0,0,0,0,0,0,0,0,0,0,0,0,4.43299341201782,0,0,0,0,0,0,0,0,0,0,0,0,0,0,0,0,0,0,0,3.58039854123042,0,0,0,0,0,0,9.77864627838135,0,0,0,0,0,0,0,0,0,0,0,0,0,0,0,0,0,0,5.89361043598341,0,0,0,0
0,0,0,0,0,5.62214145691771,0,3.69566577148438,0,0,0,0,0,0,0,0,0,0,0,3.89659430222078,0,0,0,0,0,0,0,0,0,0,0,0,0,0,0,6.77323620659964,0,0,0,0,0,0,0,0,0,0,0,0,0,0,0,3.50597977638245,0,0,0,0,0,0,0,0,0,0,0,0,0,0,0,0,0,0,0,0,0,0,0,0,0,0,0,0,0,0,4.84549474716187,0,0,0,0
6.10728069422196,0,5.49172019958496,0,4.41467315620846,0,0,0,3.88524555201919,0,0,0,0,0,3.6828178865569,0,0,0,0,0,0,0,0,0,4.91925792066196,0,0,0,0,0,0,0,0,0,0,0,0,0,4.53569696304646,0,0,0,6.66960022028755,0,0,0,20.9775409698486,0,0,0,3.2053475856781,0,0,0,0,0,0,0,0,0,3.87576304712603,0,0,20.4363880157471,0,0,0,4.66627828588763,0,0,0,0,0,0,0,0,0,0,0,0,0,6.79516681682232,5.83843614161015,0,17.777944501241,0,6.5255024773734
0,3.4507888795692,0,3.01236367225647,0,0,0,0,0,3.71605989107719,0,0,0,0,0,2.7513906955719,0,0,0,0,0,0,0,6.07621742519264,0,0,0,0,0,0,0,0,0,0,0,0,0,7.36627372105916,0,0,0,7.92936592835646,0,0,0,0,0,0,0,0,0,2.78553037643433,0,0,0,0,0,19.5092859268188,0,0,0,4.17360847762653,19.5212821960449,0,0,0,5.34971056179992,0,0,0,0,0,0,0,0,0,0,0,0,0,7.43691897392273,0,8.01943592591719,0,14.8487957545689,8.40071662267049,0
11.6523877661279,0,0,0,3.38893199736072,0,4.63139328851805,0,21.2051124572754,0,4.50438801153078,0,0,0,0,0,0,0,20.7335338592529,0,8.37740230560303,0,0,0,0,0,0,0,9.94965481758118,0,3.49541824439476,0,0,0,0,0,6.16343858973185,0,6.19148719706924,0,32.6202313232422,0,21.1877288438578,0,0,0,20.6031806716919,58.6114400227865,4.22396394042742,0,2.82333660125732,0,3.58039854123042,0,0,0,0,0,4.20149323273609,0,4.38537576585203,0,0,7.36552635798263,0,0,0,0,0,0,0,6.72872942144221,0,5.6261973783365,0,0,0,0,0,36.9004531083284,0,0,10.3712501080831,0,7.40288697329435,0,15.8734357880383
0,9.81671069867044,0,18.9195376092737,0,4.83928224673638,0,3.38640952110291,0,20.408179918925,0,5.07450082880734,0,4.37802603264817,0,6.37817064921061,82.7710380554199,58.0901126861572,49.7754613876343,4.41906836758489,0,0,0,20.8456050872803,0,0,0,0,0,3.99407342076302,0,0,0,0,0,5.5863951402552,0,10.7957837743144,0,44.9225153923035,0,18.0573326569806,78.0471420288086,37.1650991439819,0,19.8222421050072,0,0,61.7880935668945,19.3546481269529,0,0,0,0,0,19.5092859268188,0,0,0,5.86422927877638,0,7.04898241131576,11.2598796220571,0,0,0,21.3376676771376,0,12.3660981099997,0,8.15890262020555,0,5.81688796398686,0,0,0,0,0,46.1484583445958,91.9323310852051,30.738643127939,0,9.63451151498223,29.1771373748779,14.944889054765,14.7905972140959,73.0966339111328
0,0,0,0,4.89153232099323,0,0,0,0,0,2.75436210632324,0,2.74737862745921,0,0,0,0,0,0,0,0,0,0,0,0,0,0,0,0,0,0,0,0,0,0,0,0,0,0,0,0,0,16.230936050415,0,0,0,0,0,4.1516181741442,0,3.26327565883068,0,0,0,0,0,4.20149323273609,0,0,0,3.25449711084366,0,0,0,0,0,0,0,0,2.96441915631294,0,0,0,0,0,0,0,0,0,42.2957077026367,0,0,5.4390605158276,0,6.80819511413574,0,0
0,0,0,0,0,3.50661240518093,0,0,0,0,0,2.88430611292521,0,3.37410563517766,0,5.7980993176483,0,0,0,0,0,0,0,0,0,0,0,2.98406007885933,0,0,0,0,0,0,0,0,0,0,0,0,0,23.6116828918457,0,0,0,0,0,0,0,9.8764820098877,0,3.00076028704643,0,0,0,0,0,5.86422927877638,0,0,0,4.80969377358754,14.7099225304343,0,0,0,0,0,7.14858485670651,0,3.20506192998188,0,0,0,0,0,0,0,0,0,0,0,0,2.74294471740723,17.8450403213501,0,0
8.66702733039856,0,0,0,3.12455934569949,0,0,0,5.0904539903005,0,0,0,0,0,3.44808419008513,0,0,0,0,0,0,0,0,0,5.37233384450277,0,3.38245272636414,0,0,0,0,0,0,0,0,0,0,0,0,0,0,0,0,0,0,0,0,0,4.19403600692749,0,3.33256429604122,0,0,0,3.87576304712603,0,4.38537576585203,0,3.25449711084366,0,0,0,0,0,0,0,0,4.31420569670828,0,3.51027852091296,0,0,0,0,0,0,0,0,0,0,0,0,2.88369379324072,0,0,0,0
0,3.63104953084673,0,0,0,0,0,0,0,3.97776826222738,0,0,0,3.64118929470287,0,3.32234406471252,0,0,0,0,0,0,0,0,0,0,0,0,0,0,0,0,0,0,0,0,0,0,0,0,0,19.112434387207,0,0,0,0,0,0,0,7.22197190920512,0,2.85069096088409,0,0,0,4.17360847762653,0,7.04898241131576,0,4.80969377358754,0,0,17.4049384253366,0,0,0,0,0,5.51361517608166,0,3.88661015033722,0,3.45165171225866,0,0,0,0,0,0,0,0,0,2.74825358390808,0,8.11847157705398,0,0
0,14.366170796481,0,17.521831035614,0,6.77340835270129,0,0,0,21.675333404541,0,8.10857319122269,0,0,0,0,86.5912551879883,66.0336136817932,44.6197602198674,4.6413360666006,0,0,0,20.5964045524597,0,0,0,0,0,0,0,0,0,0,0,8.51388102339248,0,14.4304024363464,0,12.8644746197595,0,22.2628785893524,46.8395851135254,22.0757894515991,0,7.63886536671235,0,39.9639372507731,29.2460260391235,25.2694330256561,0,5.70142180579049,0,0,0,19.5212821960449,0,11.2598796220571,0,14.7099225304343,0,17.4049384253366,0,0,0,0,21.6314654350281,0,26.9875771565871,0,19.5428648203677,0,15.8899204976711,0,0,0,0,59.6761894226074,10.8567881371801,94.2276763916016,14.49486204396,0,12.4196381041932,31.8722807566325,12.7393142508016,15.2698726844788,41.9893035888672
12.2626953125,0,0,0,4.34343172002722,0,6.69790190939577,0,19.731954574585,0,4.8483053445816,0,0,0,0,0,0,75.2704238891602,26.0157026403091,0,5.05847239635122,0,0,0,21.6211171150208,0,0,0,0,0,0,0,0,0,0,0,12.1322590230666,0,11.5150500622471,0,17.3234536767006,46.8088455200195,18.2923697670482,0,26.1626148223877,0,8.34483259795113,45.1836212421286,35.1210850010747,29.6503238677979,3.2611870765686,0,9.77864627838135,0,20.4363880157471,0,7.36552635798263,0,0,0,0,0,0,0,0,0,0,21.2414150238037,0,0,0,19.9509749412537,83.7753372192383,12.099507572645,0,0,0,0,0,12.7071873291194,73.8514404296875,10.39237666082,9.30349911748357,38.4515800476074,9.78392245922791,0,14.9723355572297
0,0,0,0,0,0,0,0,0,0,0,0,0,0,0,0,0,0,0,0,0,3.70659269142252,4.92160646120707,4.43285537399022,0,3.97919301145217,0,3.39227997684062,0,0,0,0,0,0,0,0,0,6.07367125850613,0,0,0,0,0,0,0,0,0,0,0,4.21130747179831,0,0,0,0,0,0,0,0,0,0,0,0,0,0,0,0,4.10560280321307,0,3.88344531956286,0,2.75257444381714,0,0,0,0,0,0,0,0,0,8.68984140269458,0,3.88370087637973,8.98037964297879,0,0,0
0,0,0,0,0,0,0,0,0,0,0,0,0,0,0,0,7.23893415927887,0,0,0,0,10.3240228652954,4.01699897382757,0,5.04423760387995,0,4.29029346089209,0,0,0,0,0,0,0,0,0,0,0,6.78301673794482,0,0,0,0,0,0,0,0,0,5.16574374560652,0,0,0,0,0,0,0,0,0,0,0,0,0,0,0,0,0,0,4.19547138088628,0,3.87696334600449,0,3.38548221588135,0,0,0,0,0,0,0,0,0,8.98969496767572,3.59896824089084,6.89023852348328,0,0,0
0,16.0053176879883,0,27.8016119003296,0,0,0,0,0,3.35001130614962,0,0,0,0,0,0,0,0,0,0,0,4.72708724616383,0,3.53773520678245,0,4.37525442790985,0,0,0,0,0,0,0,0,0,0,0,4.5697663471735,0,0,0,10.521057151979,0,0,0,0,0,0,0,4.36533355712891,0,0,0,0,0,5.34971056179992,0,21.3376676771376,0,0,0,0,21.6314654350281,0,4.10560280321307,0,0,0,4.08335705052055,0,0,0,0,0,0,0,0,0,0,0,6.0684429168018,0,9.96593797512543,18.349458694458,17.1113603174686,10.8848259789603,0
0,0,0,0,0,0,0,0,3.20499091541644,0,0,0,0,0,0,0,0,0,0,0,0,0,6.63766697645187,0,4.18863876631501,0,4.9619801291713,0,0,0,0,0,0,0,0,0,0,0,6.00090330310433,0,0,0,10.1115757768804,0,0,0,0,0,7.20858391471531,0,0,0,0,0,4.66627828588763,0,0,0,0,0,4.31420569670828,0,0,21.2414150238037,0,4.19547138088628,0,0,0,8.16444709565904,0,0,0,0,0,0,0,0,0,0,0,5.52402822168907,5.67226890281395,0,6.3745795642176,0,8.42281897862752
0,35.8748588562012,0,32.8216896057129,0,0,0,0,0,0,0,0,0,0,0,0,0,2.85102927684784,48.251392364502,0,0,4.91707913021209,0,4.35097972551982,0,4.57282741952338,0,3.40067414442698,0,0,0,0,0,0,0,41.7489204406738,0,0,0,53.9141273498535,0,24.7451782749124,0,0,0,32.1843757629395,0,0,0,5.97727865044789,0,0,0,0,0,0,0,12.3660981099997,0,7.14858485670651,0,5.51361517608166,26.9875771565871,0,3.88344531956286,0,4.08335705052055,0,0,0,5.96624219152663,0,9.52096529006958,0,0,0,0,0,76.9962100982666,0,100.10090637207,0,36.6774196624756,0,22.4295171805791,23.5015838623047,0
0,0,0,0,0,0,0,0,0,0,0,0,0,0,0,0,2.75215005874634,0,0,0,0,0,6.23434872560568,0,7.63035296441394,0,5.5245796308655,0,8.13344858967981,0,0,0,0,0,0,0,0,0,0,0,0,0,0,0,0,0,0,0,3.38405666143998,0,0,0,0,0,0,0,0,0,2.96441915631294,0,3.51027852091296,0,0,0,0,3.87696334600449,0,8.16444709565904,0,0,0,3.31167297788186,0,0,0,0,0,0,0,0,0,0,2.84214136997859,0,0,0,0
0,6.22012448310852,0,0,0,41.5101661682129,0,0,0,0,0,9.47158953547478,0,0,0,0,0,0,55.4593391418457,0,0,0,0,0,0,6.24633327214756,0,3.76425400063839,0,3.98410517828805,0,0,0,0,0,31.638599395752,0,0,0,44.088516998291,0,20.3335282504559,0,0,0,24.5419902205467,0,57.2893028259277,0,10.7272774528813,0,0,0,0,0,0,0,8.15890262020555,0,3.20506192998188,0,3.88661015033722,19.5428648203677,0,2.75257444381714,0,0,0,5.96624219152663,0,0,0,8.40792937278747,0,0,0,0,0,54.6644447871617,0,67.0824474692345,0,5.08970598237855,0,24.2964693522453,20.5185111652721,0
0,0,0,0,0,0,0,0,31.3941230773926,0,10.2950277328491,0,0,0,0,0,43.2782287597656,0,28.2328395843506,0,0,0,0,0,0,0,3.00533843040466,0,4.15065644031278,0,7.83795213699341,0,0,0,0,0,40.1497421264648,0,0,0,39.6518287658691,0,17.8377819278023,0,0,0,26.8128733634949,68.7501220703125,21.5189730439867,0,0,0,0,0,0,0,6.72872942144221,0,0,0,0,0,0,19.9509749412537,0,3.38548221588135,0,0,0,3.31167297788186,0,0,0,3.30429379145304,0,0,0,0,0,0,0,0,24.296089553833,0,8.84434381095312,0,21.1855962926691
0,18.2505999711844,0,0,0,37.6758766174316,0,0,0,0,0,7.72081741723627,0,0,0,0,85.4750595092773,60.9809541141286,37.9078279288418,0,0,0,0,0,0,0,0,3.61259571143559,0,3.96150920158878,0,0,0,0,0,53.0356928507487,0,8.30136369100583,0,43.9087681452433,0,19.2697942802148,53.4122932434082,21.7662858402028,58.035270690918,24.4262869314182,66.8647403717041,0,53.5739761352539,39.328420996666,0,0,0,0,0,0,0,5.81688796398686,0,0,0,3.45165171225866,15.8899204976711,83.7753372192383,0,0,0,0,9.52096529006958,0,8.40792937278747,0,0,73.1107457478841,0,0,0,0,45.1090889607579,83.1689414978027,32.9024751409888,80.1526260375977,46.1258934704033,0,27.3534779135152,20.1870915575725,51.2504606246948
28.5980421702067,0,0,0,0,0,0,0,0,0,4.63158736910139,0,0,0,0,0,56.7016495598687,84.3322944641113,31.8455531720034,0,7.54839460055033,0,0,0,0,0,0,0,0,0,4.33096255858739,0,0,0,0,0,50.2080586751302,0,4.34162088513374,0,44.2630451809276,43.0410588582357,23.0812723802196,78.1014633178711,24.5739560127258,0,26.5761153011688,71.0529708862305,43.5499633312225,0,0,0,0,0,0,0,5.6261973783365,0,0,0,0,0,0,12.099507572645,0,0,0,0,0,0,0,3.30429379145304,73.1107457478841,0,0,0,0,69.4121437072754,0,46.430815157683,0,53.1163914998372,39.0534501756941,69.3322143554688,13.6821324507819,0,17.2134909382573
0,0,0,0,0,0,0,0,0,0,0,0,0,0,0,0,0,0,0,0,0,0,0,0,0,0,0,0,0,0,0,4.63844112915257,8.796927219943,10.0572374517267,6.00342965126038,5.05940399169922,0,0,0,0,0,0,0,0,0,0,0,6.72917354548419,0,0,0,0,0,0,0,0,0,0,0,0,0,0,0,0,0,0,0,0,0,0,0,0,0,0,0,17.5037659905174,8.27867704582214,0,5.06818303808874,17.6530499458313,0,0,5.43039807213677,0,0,0,0
0,0,0,0,0,0,0,0,0,0,0,0,0,0,0,0,0,0,0,0,0,0,0,0,0,0,0,0,0,0,0,6.69167099611585,4.51612549453201,0,3.3711621837312,6.39565209547679,7.50712817353629,0,0,0,9.04214196456106,0,10.735818862915,0,0,0,29.7273263931274,6.74193013713265,6.99412388271756,0,0,0,0,0,0,0,0,0,0,0,0,0,0,0,0,0,0,0,0,0,0,0,0,0,17.5037659905174,0,13.6755065917969,3.32448850908587,40.9122530619303,4.89941456278354,0,0,5.26602284738769,0,18.9782368342082,0,0
0,0,0,0,0,0,0,0,0,0,0,0,0,0,0,0,0,0,0,0,0,0,0,0,0,0,0,0,0,0,0,8.14708589514097,0,4.27397180889017,3.40555736124516,5.449694679208,0,6.90277091411602,0,0,0,11.6567637490444,13.6541638876262,0,0,48.5985374450684,52.633026599884,7.09723270628468,21.0773576100667,2.818354845047,0,0,0,0,0,0,0,0,0,0,0,0,0,0,0,0,0,0,0,0,0,0,0,0,8.27867704582214,13.6755065917969,0,14.6395003000895,3.01466922049827,0,6.44534236686887,0,7.93112255774793,0,13.9401935502595,0,0
0,0,0,0,0,0,0,0,0,0,0,0,0,0,0,0,0,0,0,0,0,0,0,0,0,0,0,0,0,0,0,0,6.21642136573792,5.26672899723053,3.37596523592578,0,7.47304131156967,0,7.17849728500142,0,26.4364168643951,0,6.90090329830463,0,0,46.9575843811035,33.1958970670347,4.28863577402321,21.179932160811,17.7670176823934,0,0,0,0,0,0,0,0,0,0,0,0,59.6761894226074,0,0,0,0,0,0,0,0,0,0,69.4121437072754,0,3.32448850908587,14.6395003000895,0,21.5909099578857,6.16859282221934,67.4198455810547,5.89173141751079,4.89832428675979,2.9589102268219,10.0806849654923,0,63.7724952697754
81.1311874389648,39.3056123256683,0,22.7435057503837,0,31.2333149543175,0,0,0,0,0,0,0,0,0,0,81.5680007171631,75.4620471219404,48.9438439902909,5.33353462506297,0,0,0,0,0,0,0,0,0,0,0,5.49359190977361,13.1978569030762,4.74246583610284,0,5.93660072427742,3.83382011682559,17.1228675426761,0,8.86409693355862,70.1140670776367,25.6104801395953,61.2037317752838,33.7306084632874,65.7031488418579,13.5715011022798,72.4781869649887,5.24924944420378,37.5999412536621,19.5629961009037,0,0,0,0,0,0,0,46.1484583445958,0,0,0,0,10.8567881371801,0,0,0,0,0,76.9962100982666,0,54.6644447871617,0,45.1090889607579,0,5.06818303808874,40.9122530619303,3.01466922049827,21.5909099578857,0,87.0847528631037,16.2808376671646,92.5436753167047,14.2908383972076,7.77699273576883,24.056872966415,36.4679827746223,63.2205723353795
40.2009942190988,0,0,0,8.93932044506073,0,8.65654532114665,0,0,0,0,0,0,0,0,0,70.2381540934245,81.5428343878852,49.941499625312,0,5.0220938665677,0,0,0,0,0,0,0,0,0,0,13.3829430474175,6.31344228600239,0,6.41785389582316,17.0479050971366,6.06501816887071,0,11.9139523343264,74.1338481903076,9.59700292244507,60.351060618525,24.9615930300789,0,32.5265957525839,95.9300231933594,26.0267541650123,6.38493811442882,8.37841274148674,85.9862594604492,0,0,0,0,0,0,36.9004531083284,91.9323310852051,42.2957077026367,0,0,0,94.2276763916016,12.7071873291194,0,0,0,0,0,0,0,0,83.1689414978027,46.430815157683,17.6530499458313,4.89941456278354,0,6.16859282221934,87.0847528631037,0,105.649842156304,8.08522758722872,11.2158357069511,13.5599388431379,21.9428875915133,0,32.2229722503923
