0,0,0.00996767816748674,0,0,0,0,0,0.0845619707783664,0,0.0010794842142102,0,0.000409942194983832,0,0.0151727329129626,0,0.000536195601947041,6.44709141501815e-05,0.0041106453107723,0,0,0,0,0,0.0251938210314926,0,0.00689634430837288,0,0,0,0.000710520166408437,0,0,0,0,0,2.3345675232947e-05,0,0.000593588651102618,0,0,0.000224616410298357,0.0134418915031139,0,0.0298843520809085,0.000176743665993918,0.0251631820348122,0,0.014090764899789,0,0,0,0,0,0.015602654768507,0,0.00569664291244742,0,0.00133749460950984,0,0.0358527463817882,0,0,0.00277314380227558,0,0,0,0.0236006154189273,0,0.0653673571058282,0,0.0458770550830158,0,0.110353259183933,0,0,0,0,0,0.000627696027924316,0,0.00771161210769163,0.000892649355809744,1.9329581639077e-05,0.0272809087711743,0,0.00230072668936581
0,0,0,0.0190365061081937,0,0,0,0,0.000272663117242618,0.209709157108506,0,0,0,0,0,0.0219980105794457,2.63203886291575e-05,4.34631172618878e-05,0.00122032802399785,0,0,0,0,0.0782936797072406,0,0.00604139788993727,0,1.76363909451205e-05,0,0,0,0,0,0,0,0,0,0.000204793235041076,0,0.00155056590378944,0,0.0110852401336517,0.000470246850162684,0.00951339342707353,0,0.00373092713527729,0,0,0,0.0348137469581903,0,0,0,0,0,0.019326797627382,0,0.000639065155142811,0,0,0,0.020658389734369,0,0,0,0,0.128534878891086,0,0.0367967669399692,0,0.00976919001628049,0,0.00240423910313847,0,0,0,0,0,0,0,0.000564625983439259,2.54230470584654e-06,0.00222549384248714,0,0.0101430407171181,0.00126923212643041,0
0.00996767816748674,0,0,0,0.0119706796332948,0,0,0,0.00652567919371711,0,2.04412848674451e-05,0,0.001993913723223,0,0.0193992870997248,0,0,0,6.82774326174647e-06,0,0,0,0,0,0,0,0,0,0,0,0,0,0,0,0,0,0.000226499635866888,0,1.8752850884266e-05,0,0,0,0.00413238004436009,0,0.00205524802637691,0,0.00229448630781037,0,0.00317773970414075,0,0,0,0,0,0,0,0.00929653397020672,0,0.035088472294391,0,0.0202011259284231,0,0,2.76650118909904e-05,0,0,0,0,0,0.000493833863715087,0,0.000843124061856391,0,0.000635773310771093,0,0,0,0,0,0.00158218269850156,0,0.000112971322241941,4.73571408769809e-05,1.22262670777656e-05,0.0013978533345693,0,5.34609951323341e-05
0,0.0190365061081937,0,0,0,0.001278412769311,0,0,0,0.0348440759943998,0,0,0,0,0,0.0273812281056309,0,0,0,0.000892699850227434,0,0,0,0.000193535377271557,0,0,0,0,0,0,0,0,0,0,0,0.00415156541955155,0,0,0,6.28448236572438e-05,0,0.00223694453938551,0,0,0,0.00234365791275997,0,0,0,0.00497893018467269,0,0,0,0,0,7.47124747758061e-05,0,0.00529807234787978,0,0.00120131601457089,0,0.0854471167623349,0.000771373396738197,0,0,0,0.000711674332906174,0,0.00218769578786131,0,0.00105264812272083,0,0.000501577827724052,0,0,0,0,0,0.00222051690333805,0,9.16433690916747e-05,0,0.00164193065126007,0,0.00597660498706648,0,0
0,0,0.0119706796332948,0,0,0,0.000582511319774499,0,0.00010040463642987,0,0,0,0.000177121532066631,0,0.0068232314949624,0,0,0,0,0,0.000288732432936072,0,0,0,0,0,0,0,0,0,0,0,0,0,0,0,5.88993578623655e-05,0,0,0,0,0,0,0,0,0,0,0,0,0,0.0578426179396007,0,0,0,0,0,0.00379124612097888,0,0.00812588490459848,0,0.00482420753507929,0,0,0.000337564901386987,0,0,0,0,0,0,0,0,0,0,0,0,0,0,0,0,0,0,0.000896582814553891,9.86578821848491e-06,0,0,0
0,0,0,0.001278412769311,0,0,0,0,0,0.00118579537025876,0,0,0,0,0,0,0,0,0,0.000624408871651078,0,0,0,0,0,0,0,0,0,0,0,0,0,0,0,0,0,0,0,0,0,0,0,0,0,0,0,0,0,0,0,0.0238321152106685,0,0,0,0,0,0,0,0,0,0,0.00239555063611829,0,0,0,0,0,0,0,0,0,0,0,0,0,0,0,0,0,0,0,0.000211679776257888,1.69840752674416e-05,0.0055396434593432,0,0
0,0,0,0,0.000582511319774499,0,0,0,0,0,0,0,0.000159750794409774,0,0,0,0,0,0,0,0,0,0,0,0,0,0,0,0,0,0,0,0,0,0,0,5.36271024479341e-05,0,0,0,0,0,0,0,0,0,0,0,0,0,0.00691109676092289,0,0,0,0,0,0,0,0,0,0,0,0,0,0,0,0,0,0,0,0,0,0,0,0,0,0,0,0,0,0,0,0.000662493374420114,5.07031245433609e-06,0,0,0
0,0,0,0,0,0,0,0,0,0,0,0,0,0.000601474323870048,0,0,0,0,0,0,0,0,0,0,0,0,0,0,0,0,0,0,0,0,0,0,0,0,0,0,0,0,0,0,0,0,0,0,0,0,0,0,0,0,0,0,0,0,0,0.00887388698601625,0,0,0,0,0,0,0,0,0,0,0,0,0,0,0,0,0,0,0,0,0,0,3.01854902318155e-06,0,0,0,0
0.0845619707783664,0.000272663117242618,0.00652567919371711,0,0.00010040463642987,0,0,0,0,8.42314267088529e-05,8.49247430269647e-05,0,0.000325954879556848,0,0.0332742504267797,0,0.0039169331344864,0.000612745427918346,0.0128695467618351,0,0,0,0,0,0.00772298677684676,0,0.000323172854076395,0,0,0,0.000127118379287983,0,0,0,0,0,1.60694734846478e-06,0,0.00015220537913794,2.16322754210225e-05,0,0.000589213581674864,0.0432342460112805,0.000116661080029839,0.007411638067226,0.00082189466186351,0.0179916625338896,0,0.017508835714887,3.37899337545041e-05,0,0,0,0,0.0918331697427886,0,0.000938960100215433,0,0.00303805440151694,0,0.0330705401303966,0,0,0.00360427114328042,0,0,0,0.0119064598437239,0,0.0110313291766721,0,0.00277712425626341,0,0.0223961944722118,0,0,0,0,0,0.000389086476528094,1.62792775657109e-05,0.00439077934255466,0.00142674429452783,0.000106381101216415,0.0282107957883953,3.33316932092731e-05,0.0185931237803106
0,0.209709157108506,0,0.0348440759943998,0,0.00118579537025876,0,0,8.42314267088529e-05,0,0,0,0,0,0,0.000684057417728756,8.72744710671432e-05,0.0123416526751069,0.000854602967790569,0,0,0,0,0.00698833007113283,0,0.000522098313276804,0,0,0,0,0,0,0,0,0,1.0711564532061e-05,0,5.70880468162004e-05,0,0.000190514675564007,0,0.0297303142001084,5.85300106057394e-05,0.00169262702669674,0,0.000626612500348856,0,0,0,0.0363992246441839,0,0,0,0,0,0.00704113184204557,0,0.00389015257650286,0,0,0,4.87594232934105e-05,0,0,0,0,0.0119632985698241,0,0.00207747530755481,0,0.00313487855919824,0,0.00225638316717432,1.72121843062677e-05,0,0,0,0,2.47468635083958e-06,0,0.000183064800083445,0,0.00196243906399839,0,0.00776496900637435,0.00161949780327825,0
0.0010794842142102,0,2.04412848674451e-05,0,0,0,0,0,8.49247430269647e-05,0,0,0,0.00357820521331439,0,0,0,0,0,3.70935657800512e-05,0,0.0437363024751574,0,0,0,0,0,0,0,0.00144245609475212,0,0.00406619103284962,0,0,0,0,0,0.000408528790523916,0,0.00144685664971434,0,0,0,0.000248499837758858,0,8.63838276254896e-05,0,0.000675350066568358,0,3.34703149558885e-05,0,0,0,0,0,0,1.48767346254229e-05,0.0653949120996658,0,0.000815640213525949,0,0,0,0,0.00350904708801253,0,0,0,0,0,0,0,0.00139217221577228,0,0.00609858271677502,0,0,0,0,0,1.4039330108709e-06,0,0.00041471035349298,0.00135327347458043,0.000486339705535791,0.000818806953830394,0,1.5731047659062e-05
0,0,0,0,0,0,0,0,0,0,0,0,0,0.00810094604365241,0,0,0,0,0,0.0221827445108643,0,0,0,0,0,0,0,0,0,0.000965621698953202,0,0,0,0,0,2.81152698199709e-05,0,0.000546087715380375,0,0,0,0,0,0,0,0.00116031486597107,0,0,0,0,0,0,0,0,0,0,0,0.0388334472488419,0,0.00762183116918319,0,0,0.00521111122235795,0,0,0,0,0,0,0,0.00276987075429077,0,0.00130590137384492,0,0,0,0,0,0,0,0,0,0.000241036120408836,0,0.000324072159424682,0,0
0.000409942194983832,0,0.001993913723223,0,0.000177121532066631,0,0.000159750794409774,0,0.000325954879556848,0,0.00357820521331439,0,0,0,0.00527452268079046,0,0,0,7.63980433902164e-06,0,0,0,0,0,0.000999279480100036,0,0.000109114532479459,0,0,0,0,0,0,0,0,0,0,0,0,0,0,0,0.000240526098185223,0,2.77611341588484e-05,0,7.15708601723829e-06,0,0.00250591984997574,0,0.00121585036665989,0,0,0,0,0,0.000758736003791178,0,0.0175865183834604,0,0.0228547694548136,0,0,0,0,0,0,0.000374904260557439,0,0.00692227795781733,0,0.00150615530218765,0,7.45520434481091e-05,0,0,0,0,0,8.94756474732229e-06,0,0,0.000764377104510596,0,0.000137828644371546,0,3.29335305380009e-05
0,0,0,0,0,0,0,0.000601474323870048,0,0,0,0.00810094604365241,0,0,0,0.0180136722751661,0,0,0,0,0,0,0,0,0,4.4923296873649e-05,0,0.000121771604904341,0,0,0,0,0,0,0,0,0,0,0,0,0,0,0,0,0,0,0,0,0,0,0,0,0,0,0,0,0,0,0,0.0246914059775352,0,0.0104460443477937,0,0,0,0,0,0,0,0,0.00332069673015013,0,0,0,0,0,0,0,0,0,0,0,0.000150339651516961,3.75024039855807e-05,0,0,0
0.0151727329129626,0,0.0193992870997248,0,0.0068232314949624,0,0,0,0.0332742504267797,0,0,0,0.00527452268079046,0,0,0,0.00349133285397521,0,3.26564463242153e-05,0,0,0,0,0,0.0050106160303924,0,0.0146957647282693,0,0,0,0,0,0,0,0,0,0,0,1.57941235718988e-05,0,0,1.8580384752782e-05,0.00267656933883229,0,0.00183483913213312,0,0.000208164399406061,0,0.00575768810537115,0,0.0195619640639292,0,0,0,0.00874543788289631,0,0.000398537649170173,0,0.0110531699310662,0,0.134407749753369,0,0,1.52525216375103e-05,0,0,0,0.00195792315283182,0,0.0312517799215681,0,0.00287915151422666,0,0.000208938062222892,0,0,0,0,0,6.80936228239973e-05,0,1.25268027864529e-05,0.000929437041470374,0.000156525359462198,0.000577737482373149,0,7.70941977681283e-05
0,0.0219980105794457,0,0.0273812281056309,0,0,0,0,0,0.000684057417728756,0,0,0,0.0180136722751661,0,0,0,0.00155634348613064,0,0,0,0,0,0.0213599653026597,0,0.00231844891393796,0,0,0,0,0,0,0,0,0,5.90415926256779e-05,0,5.45529838725069e-05,0,0,0,6.54901451646551e-05,0,0.000114670383139534,0,0,0,0,0,0.000768184135146441,0,0,0,0,0,0.00316681243207449,0,0,0,0.00187951363703535,0,0.105482472287124,0,0,0,0,0.0103332710179789,0,0.00840318652134035,0,0,0,0,0,0,0,0,0,4.83237268941448e-06,0,4.64781306612071e-06,0,0.00114557192804875,0.000123544559253411,1.59499868178894e-05,0,0
0.000536195601947041,2.63203886291575e-05,0,0,0,0,0,0,0.0039169331344864,8.72744710671432e-05,0,0,0,0,0.00349133285397521,0,0,0.0838854581972754,0.0392715402643879,0,0,0,0.00214789397046209,9.08526654642088e-06,0.00809559397266826,0,0.00584358804018895,0,0,0,0,0,0,0,0,0,0,0,2.1887692884392e-05,0.000401074611276332,0,0.00355584117336079,0.00140821138866607,0.000360127359961188,8.53503312442285e-06,0.00177318158250256,0.00385020310293049,0,0.000226654077866959,0.000703125905658012,0,0,0,0,0.000752496280736475,2.24081608734469e-05,4.56221057423094e-05,0,0,0,0.00378062014440556,0,0,0.000901082596111398,0,0.00133756419042457,0,0.00287418739223953,0,0.0019246523871467,4.8691730451082e-06,0.000264801808030645,0,0.00283634879339691,0,0,0,0,0,0.000119092684592454,6.33953800463321e-05,0.000509499052201338,0.0253427055282758,0.0866567546750836,0.00625038482610647,0.000190094833647767,0.000466116768994752
6.44709141501815e-05,4.34631172618878e-05,0,0,0,0,0,0,0.000612745427918346,0.0123416526751069,0,0,0,0,0,0.00155634348613064,0.0838854581972754,0,0.0264081518954171,0,0,0.00470809911082814,0,0.0104313713481332,9.92641949627664e-06,0.0155035122196723,0,2.7006860339255e-05,0,0,0,0,0,0,0,0,0,6.68591672786244e-06,9.39090714873457e-06,0.000267353369920255,0,0.00335023687423138,0.000111969216415386,0.00019922860467764,0,0.000749842786225533,0.000779347739629439,0,1.07082721686486e-05,0.000487849734731443,0,0,0,0,4.4361235958365e-05,0.00368475989257371,9.11214399545101e-06,0,0,0,0,0.000518738590382606,0,0.000203000143519636,0.00043579452680069,0,0.00135898555364085,0,0.00863432324355841,0,3.39126915565983e-05,3.12894826075714e-05,3.64010772590785e-06,0.000223445088267128,0,0,0,0,0,1.060155059103e-05,9.72948738243312e-05,9.59560532194182e-05,0.0222518239426287,0.0656386701480054,0.00207195548181507,0.000231007410451932,2.74803375688874e-05
0.0041106453107723,0.00122032802399785,6.82774326174647e-06,0,0,0,0,0,0.0128695467618351,0.000854602967790569,3.70935657800512e-05,0,7.63980433902164e-06,0,3.26564463242153e-05,0,0.0392715402643879,0.0264081518954171,0,0,0,0,0,0.000119428462244883,5.91662902258639e-05,0,0,0,0,0,4.02756002478204e-05,0,0,0,0,0,2.42665397741429e-05,1.72498642818201e-05,5.77997487070418e-05,0.00389314995987468,0,0.0756526216286859,0.0557655027925593,0.00611726541127143,0.00236665383350233,0.028825478282618,0.0210774214563005,0,0.00118395793428602,0.0102893631586587,0,0,0,0,0.00273626655667956,0.00132971104739424,0.000298472796967474,0,1.56033973111352e-05,0,0.000137828097676844,0,0,0.00422810461759152,0,0,0.000291968245090413,0.000190718905572422,5.06118493371903e-05,0.000385310659674247,8.11669178906873e-05,0.00116438009373557,0.000114449479153457,0.0140961502163239,0,0,0,0,3.39960825775808e-06,0.000390336501197431,0.000897891638741706,0.00259161604573614,0.0187039757465532,0.00423160615505949,0.0466223167047796,0.00496879460468181,0.00693662176965838
0,0,0,0.000892699850227434,0,0.000624408871651078,0,0,0,0,0,0.0221827445108643,0,0,0,0,0,0,0,0,0,0,0,0,0,0,0,0,0,0,0,0,0,0,0,0.00254888226381308,0,0.000985444779071911,0,0,0,0,0,0,0,0.0472710484535327,0,0,0,2.96595524706096e-05,0,0,0,0,0,0,0,0.00124575880084551,0,0,0,0,0.127258549031126,0,0,0,0,0,0,0,0,0,0,0,0,0,0,0,0.000888581052321396,0,0.00113720629528357,0,0.000395990261379613,0,0.00212115651681908,0,0
0,0,0,0,0.000288732432936072,0,0,0,0,0,0.0437363024751574,0,0,0,0,0,0,0,0,0,0,0,0,0,0,0,0,0,0,0,0.000572168029415049,0,0,0,0,0,0.000881696490854252,0,0.00158059758413204,0,0,0,2.74358015941827e-05,0,4.25827026340276e-05,0,0.00341902185856873,0,0.000213330443169772,0,0.000640457415440191,0,0,0,0,0,0.0414962739974093,0,4.94932946430229e-05,0,0,0,0,0.123871651329369,0,0,0,0,0,0,0,0,0,0.000699227905917859,0,0,0,0,0,0.000578610704794353,0,0.00218026558749443,0.00154249940005263,3.58431972165388e-05,0.00274246521264625,0,0
0,0,0,0,0,0,0,0,0,0,0,0,0,0,0,0,0,0.00470809911082814,0,0,0,0,0.00172920330972895,0.00739045412511769,0,0.00546815819633873,0,0.000596632678130641,0,0,0,0,0,0,0,0,0,0.00482903727862598,0,0,0,0,0,0,0,0,0,0,0,0.00360878155462326,0,0,0,0,0,0,0,0,0,0,0,0,0,0,0.129614412250937,0,0.00159839473201134,0,0.0045660069052201,0,0.00193547305476402,0,0,0,0,0,0,0,0,0,4.17167369339667e-05,0,0.00839472038914059,0.0120462047296126,0,0,0
0,0,0,0,0,0,0,0,0,0,0,0,0,0,0,0,0.00214789397046209,0,0,0,0,0.00172920330972895,0,0,0.00562541025357451,0,0.00420948151661674,0,0.000991882393336071,0,0,0,0,0,0,0,0,0,0.00749241148319641,0,0,0,0,0,0,0,0,0,0.00547049643917644,0,0,0,0,0,0,0,0,0,0,0,0,0,0,0,0.00028375293446676,0.152457011558976,0,0.00125518259021696,0,0.00104139830506471,0,0.000648311706565002,0,0,0,0,0,0,0,0,0,0.000403355646201949,0.00772114155186412,0.0167163316979579,0,0,0
0,0.0782936797072406,0,0.000193535377271557,0,0,0,0,0,0.00698833007113283,0,0,0,0,0,0.0213599653026597,9.08526654642088e-06,0.0104313713481332,0.000119428462244883,0,0,0.00739045412511769,0,0,0,0.0634924745865584,0,0,0,0,0,0,0,0,0,0,0,0.00251501316815721,0,7.80701278753739e-05,0,0.00132936531311508,0.000552695590800571,0,0,7.57379465176513e-05,0,0,0,0.00714470364440274,0,0,0,0,0,0.0709739357415169,0,0,0,0,0,0.0503648239128959,0,0,0.00426680165035585,0,0.248377605779373,0,0.0357576738831327,0,0.000847838343624497,0,0.000434994408452182,0,0,0,0,0,0,0,0.00260266521295947,0,0.00292338333048861,3.36692780647213e-05,0.00200641481859844,3.43444349172059e-05,0
0.0251938210314926,0,0,0,0,0,0,0,0.00772298677684676,0,0,0,0.000999279480100036,0,0.0050106160303924,0,0.00809559397266826,9.92641949627664e-06,5.91662902258639e-05,0,0,0,0.00562541025357451,0,0,0,0.0744997061367832,0,0,0,0,0,0,0,0,0,0,0,0.00716336302835435,0,0,0,0.00975010971949222,0,0.000170017214779647,2.05204175913309e-05,0.000955331097973667,0,0.0106733852441413,0,0,0,0,0,0.0110193749630055,0,0,0,0.000964082366163229,0,0.0253723569055254,0,0,4.93785767998007e-05,0,0.00156503402825854,0,0.232321203496467,0,0.10672228248264,0,0.00325503609068299,0,0.000273275934919019,0,0,0,0,0,1.76871355637943e-06,0,0.00213565897533764,0.000772511345807493,0,0.00393175484434708,0,0.00138217295549389
0,0.00604139788993727,0,0,0,0,0,0,0,0.000522098313276804,0,0,0,4.4923296873649e-05,0,0.00231844891393796,0,0.0155035122196723,0,0,0,0.00546815819633873,0,0.0634924745865584,0,0,0,0.00792519809967304,0,0,0,0,0,0,0,0,0,2.69160999160189e-05,0,0,0,0,0,0,0,0,0,0,0,0,0,0,0,0,0,0.0155360869986488,0,0,0,0.0028751065099189,0,0.00814232038314288,0,0,0.00651021769345626,0,0.0256163781863404,0,0.224229050208456,0,0.0095024438139076,0,0,0,0,0,0,0,0,0,1.61384386465507e-05,0,0.00026959811417948,0,0,0,0
0.00689634430837288,0,0,0,0,0,0,0,0.000323172854076395,0,0,0,0.000109114532479459,0,0.0146957647282693,0,0.00584358804018895,0,0,0,0,0,0.00420948151661674,0,0.0744997061367832,0,0,0,0.00317993301025174,0,0,0,0,0,0,0,0,0,0.001477873119753,0,0,0,0.00097888081101348,0,0,0,0,0,0,0,0,0,0,0,0.00135967847812631,0,0,0,0.000199878489774352,0,0.00702397086702537,0,0,0,0,0.00303236334592896,0,0.00870693239176551,0,0.125412559527149,0,0.00270319696381896,0,0,0,0,0,0,0,0,0,0.00050014902241503,0.000276969006262738,0,2.49344655733202e-05,0,0
0,1.76363909451205e-05,0,0,0,0,0,0,0,0,0,0,0,0.000121771604904341,0,0,0,2.7006860339255e-05,0,0,0,0.000596632678130641,0,0,0,0.00792519809967304,0,0,0,0.00397184322296004,0,0,0,0,0,0,0,0.00226159559463554,0,0,0,0,0,0,0,0,0,0,0,0,0,0,0,0,0,0,0,0,0,0.00076508080893421,0,0,0,0,0.00088441452039781,0,0,0,0.00507797686165658,0,0.0447889888229067,0,0.000278466863156045,0,0,0,0,0,0,0,1.98463641419043e-05,0,0.00100942216391776,0.000382503166053413,0,0,0
0,0,0,0,0,0,0,0,0,0,0.00144245609475212,0,0,0,0,0,0,0,0,0,0,0,0.000991882393336071,0,0,0,0.00317993301025174,0,0,0,0.00373034300870308,0,0,0,0,0,0,0,0,0,0,0,0,0,0,0,0,0,0,0,0,0,0,0,0,0,0.00124261202453611,0,0.00019697774761733,0,0,0,0,0,0,0.00179016554526225,0,0,0,0.000421251156045631,0,0.0378706452793632,0,3.89854531322167e-05,0,0,0,0,0,0,0,0,0.000773439004190768,0.00132131936296947,0,0,0
0,0,0,0,0,0,0,0,0,0,0,0.000965621698953202,0,0,0,0,0,0,0,0,0,0,0,0,0,0,0,0.00397184322296004,0,0,0,0,0,0,0,0,0,0.00106025163535885,0,0,0,0,0,0,0,0,0,0,0,0,0,0,0,0,0,0,0,0,0,0,0,0,0,0,0,0,0,0,0,0,0.000965894704789511,0,0.0284941387927706,0,0,0,0,0,0,0,2.4665470407496e-05,0,0.000523833623627039,0.000274785482398079,0,0,0
0.000710520166408437,0,0,0,0,0,0,0,0.000127118379287983,0,0.00406619103284962,0,0,0,0,0,0,0,4.02756002478204e-05,0,0.000572168029415049,0,0,0,0,0,0,0,0.00373034300870308,0,0,0,0,0,0,0,0,0,0.00106721979448134,0,0,6.75430976628845e-05,3.97254097616834e-05,0,3.38310875460822e-05,0,9.34603918990025e-05,0,3.04720625173612e-05,0,0,0,0,0,0,0,0.00445616036705391,0,0,0,0,0,0,0.000524313473331213,0,0,0,0,0,0,0,0.000582711726611443,0,0.0733362009710395,0,0,0,0,0,0,0,6.6898154580022e-05,5.77428586194839e-05,0.000214549319636544,3.02286612284108e-05,0,0
0,0,0,0,0,0,0,0,0,0,0,0,0,0,0,0,0,0,0,0,0,0,0,0,0,0,0,0,0,0,0,0,0,0.000503911216275521,0,0.00102242914064381,0,0,0,0,0,0,0,0,0,0,0,0,0,0,0,0,0,0,0,0,0,0,0,0,0,0,0,0,0,0,0,0,0,0,0,0,0,0,0.0109242632870975,0,0.0125427642173407,0,6.56171873905168e-05,0,0,0,0.000108337325690996,0,0,0,0
0,0,0,0,0,0,0,0,0,0,0,0,0,0,0,0,0,0,0,0,0,0,0,0,0,0,0,0,0,0,0,0,0,5.44321200925918e-05,0,0,0,0,0,0,0,0,0,0,0,0,0,0.0126149217801922,0.0205015322602531,0,0,0,0,0,0,0,0,0,0,0,0,0,0,0,0,0,0,0,0,0,0,0,0,0,0,0.000111074084998108,0,0.000108096421172377,0,0.000374620146826498,0,0,1.75530116871339e-05,0,0,0,0
0,0,0,0,0,0,0,0,0,0,0,0,0,0,0,0,0,0,0,0,0,0,0,0,0,0,0,0,0,0,0,0.000503911216275521,5.44321200925918e-05,0,0.0512196740059681,0.00106213669060944,3.28420323333359e-05,0.00209755276604546,0,0,0,0,0,0,0,0,0,0.0151376674606747,0,0,0,0,0,0,0,0,0,0,0,0,0,0,0,0,0,0,0,0,0,0,0,0,0,0,0.000595207339888893,0,0.162820535176367,0,0.000840681663728954,0,0.000561687339648042,0,0.00237155597849174,8.43057883812847e-05,0,0,0
0,0,0,0,0,0,0,0,0,0,0,0,0,0,0,0,0,0,0,0,0,0,0,0,0,0,0,0,0,0,0,0,0,0.0512196740059681,0,0,0.000102519043471777,5.18245565324156e-05,0.000419649402887812,0,0,0,0,0,0,0,0,0.00827189481941962,0.00109512011640436,0,0,0,0,0,0,0,0,0,0,0,0,0,0,0,0,0,0,0,0,0,0,0,0,0,0,0,0.0493630666113333,0.114926284186689,0,0.000203231081936598,0,0.0108179642612891,2.16068434807706e-05,0,0,0,0
0,0,0,0.00415156541955155,0,0,0,0,0,1.0711564532061e-05,0,2.81152698199709e-05,0,0,0,5.90415926256779e-05,0,0,0,0.00254888226381308,0,0,0,0,0,0,0,0,0,0,0,0.00102242914064381,0,0.00106213669060944,0,0,0.00125622077993489,0.00370837994947047,0,0.000858252861971909,0,0,0,0,0,7.29081563544611e-05,0,0.000412546280217567,0,0.000157031475167099,0,0,0,0,0,0,0,2.55291434883822e-05,0,9.51712561342007e-06,0,0.000360993298445476,0.000857407400627241,0,0,0,0,0,0,0,0,0,0,0,7.86129737019688e-05,0,0.000305505031641222,0,0.0369788594300159,1.4917477466023e-05,0.0088461515154421,0,0.00304599707699294,0,0.000746488986335353,0,0
2.3345675232947e-05,0,0.000226499635866888,0,5.88993578623655e-05,0,5.36271024479341e-05,0,1.60694734846478e-06,0,0.000408528790523916,0,0,0,0,0,0,0,2.42665397741429e-05,0,0.000881696490854252,0,0,0,0,0,0,0,0,0,0,0,0,3.28420323333359e-05,0.000102519043471777,0.00125622077993489,0,3.17651528185269e-05,0.00588890412851445,0,7.41897046678242e-05,0,0.000189875815955956,0,2.96985958284956e-05,0,2.93234199179336e-06,0.000239697999131435,3.00464654293597e-05,0,0.000460011597689469,0,0,0,0,0,0.00170855068572475,0,0.000419714739443275,0,0,0,0,0.00112591178227374,0,0,0,0,0,0,0,4.39354029444183e-06,0,1.63051130723572e-05,0,0,8.85775752652917e-05,0,1.87551328139843e-06,0.0161357882563528,0.000167070003378489,0.00505488744664605,0.00298292517359418,0.000358195775658938,0.00124976533255573,1.44907656870241e-06,6.64235430117701e-06
0,0.000204793235041076,0,0,0,0,0,0,0,5.70880468162004e-05,0,0.000546087715380375,0,0,0,5.45529838725069e-05,0,6.68591672786244e-06,1.72498642818201e-05,0.000985444779071911,0,0.00482903727862598,0,0.00251501316815721,0,2.69160999160189e-05,0,0.00226159559463554,0,0.00106025163535885,0,0,0,0.00209755276604546,5.18245565324156e-05,0.00370837994947047,3.17651528185269e-05,0,0.000205449899529416,2.21195137320375e-06,0,0.000434484493355591,0.00118741023200675,0,0,4.23018668015205e-06,0,0.00215916447133298,3.47782477754477e-05,0.000760425668841455,0,0,0,0,0,0.000201433510059918,0,0,0,0,0,0.000154645273057978,0.000488594382090231,0,0.00149661103264787,0,0.00126468395420176,0,1.63483123273188e-05,0,0.000308042741761566,0,0.000279354420642238,0,0,0,0.000937959078352355,0,0.00189004861048872,0,0.0843702496009931,1.01797417116782e-05,0.00450839807723595,0.00490092066614062,0.000669034502980003,2.15718125528888e-06,0
0.000593588651102618,0,1.8752850884266e-05,0,0,0,0,0,0.00015220537913794,0,0.00144685664971434,0,0,0,1.57941235718988e-05,0,2.1887692884392e-05,9.39090714873457e-06,5.77997487070418e-05,0,0.00158059758413204,0,0.00749241148319641,0,0.00716336302835435,0,0.001477873119753,0,0,0,0.00106721979448134,0,0,0,0.000419649402887812,0,0.00588890412851445,0.000205449899529416,0,0,0,0,0.00287963746968403,0,2.82252991895731e-05,0,0.000554747362971932,0.00222528027356736,0.00312457593456903,0,0,0,0,0,8.32423997950749e-05,0,0.000102728339402288,0,0,0,0.000121780253377997,0,0,0.00059745985451133,0,0.000293977738473777,0,0.00671408016854763,0,0.00118225060890607,0,5.27546970103888e-05,0,0.000157723930485524,0,0,0,0.000458800667596991,0,0.0013035060745483,0.000275082732736247,0.125952182776953,0.00615781944687994,0.000257080109623248,0.000721766291686223,0,2.50681308865634e-05
0,0.00155056590378944,0,6.28448236572438e-05,0,0,0,0,2.16322754210225e-05,0.000190514675564007,0,0,0,0,0,0,0.000401074611276332,0.000267353369920255,0.00389314995987468,0,0,0,0,7.80701278753739e-05,0,0,0,0,0,0,0,0,0,0,0,0.000858252861971909,0,2.21195137320375e-06,0,0,0,0.0133131607223205,0.00017724945040646,0.00237385417940271,0,0.00599732293412324,8.85106327342008e-05,0,0,0.00134897433076001,0,0,0,0,1.62132225215595e-05,5.89163487985512e-05,0,0,0,0,0,2.85637977536591e-05,0,0,0,0,0.000169951756302074,0,0.000342113843384304,0,0.000271503952479709,0,5.3745369834426e-05,1.48904847484847e-05,0,0,0,0,0.000385520098488801,7.07540777190538e-06,1.62067268909943e-05,8.06707116216172e-06,0.000423497356074125,1.48984545645612e-06,0.0101278625384901,0.00108977244815128,1.45615310197402e-05
0,0,0,0,0,0,0,0,0,0,0,0,0,0,0,0,0,0,0,0,0,0,0,0,0,0,0,0,0,0,0,0,0,0,0,0,7.41897046678242e-05,0,0,0,0,0,0.0138374413239611,0,0,0,0.000104665465187281,0.000224154925169084,0.0417807382783273,0.00159584761920306,0,0,0,0,0,0,0,0,0,0,0,0,0,0,0,0,0,0,0,0,0,0,0,0,0,0,0,0,0,0.00746509052016188,0,0,0,0,0.00877029026365784,0,0
0.000224616410298357,0.0110852401336517,0,0.00223694453938551,0,0,0,0,0.000589213581674864,0.0297303142001084,0,0,0,0,1.8580384752782e-05,6.54901451646551e-05,0.00355584117336079,0.00335023687423138,0.0756526216286859,0,0,0,0,0.00132936531311508,0,0,0,0,0,0,6.75430976628845e-05,0,0,0,0,0,0,0.000434484493355591,0,0.0133131607223205,0,0,0.0181379430742609,0.0153981020070338,1.71212006441898e-05,0.0952364159101164,0.00152684207469296,0,5.64385221247135e-05,0.0248136415539916,0,0,0,0,0.000100435715300562,0.016243415525914,7.88738875693836e-06,0.00167642989629384,0,0,0,0,0.000547757081682019,0.000248257000193776,0,0,0.00136363725736198,0,0.000130230078901214,0,0.000974871235869724,4.47797213588026e-05,0.0010444720125819,0.000386164332771029,0,0,0,0,1.09690931076765e-05,3.01902151141393e-05,0.000782999279969062,0.000101917511298671,0.0115772704136391,0.000197984885216193,0.0471519194647305,0.0173425532240552,0.000433019838116198
0.0134418915031139,0.000470246850162684,0.00413238004436009,0,0,0,0,0,0.0432342460112805,5.85300106057394e-05,0.000248499837758858,0,0.000240526098185223,0,0.00267656933883229,0,0.00140821138866607,0.000111969216415386,0.0557655027925593,0,2.74358015941827e-05,0,0,0.000552695590800571,0.00975010971949222,0,0.00097888081101348,0,0,0,3.97254097616834e-05,0,0,0,0,0,0.000189875815955956,0.00118741023200675,0.00287963746968403,0.00017724945040646,0.0138374413239611,0.0181379430742609,0,0.000809933659399444,0.0275253703497611,0.0011485205994765,0.0732586000792651,0.00103044103214039,0.0306337629396733,0.00511484929044819,0,0,0,0,0.00784701433510219,1.25482037885643e-05,0.00038820482267958,0,0.000754902049114371,0,0.00335123053383301,0,0,0.0210222076520581,0,0,1.32690031494548e-05,0.00346350214498511,9.73740069021127e-06,0.00303108643128149,1.59727404319969e-05,0.00306343398609289,2.52964130309247e-05,0.0101351089936036,0,0,0,0,0,0.000976987790806273,0.000189093911239471,0.00480564643394369,0.0129198428725268,2.51858563182721e-05,0.0780534962264132,0.00016239488108326,0.0219045415682981
0,0.00951339342707353,0,0,0,0,0,0,0.000116661080029839,0.00169262702669674,0,0,0,0,0,0.000114670383139534,0.000360127359961188,0.00019922860467764,0.00611726541127143,0,0,0,0,0,0,0,0,0,0,0,0,0,0,0,0,0,0,0,0,0.00237385417940271,0,0.0153981020070338,0.000809933659399444,0,0,0.0333632662638956,0.000262681335739715,0,4.64013675388897e-05,0.00260311975659643,0,0,0,0,0,7.38220259059166e-05,0,0,0,0,0,0,0,1.9895507367975e-05,0,0,0.000229395622213399,0,0.000447010886666786,0,0.000316366556498381,0,6.2587411688942e-05,2.70252178889603e-05,0,0,0,0,4.19308530842521e-05,1.51547529663209e-06,0.000236925310136418,3.21993480058714e-06,0.000945308528629782,1.10003138192631e-05,0.00362482005214049,0.00152688215802977,0.000108254366206451
0.0298843520809085,0,0.00205524802637691,0,0,0,0,0,0.007411638067226,0,8.63838276254896e-05,0,2.77611341588484e-05,0,0.00183483913213312,0,8.53503312442285e-06,0,0.00236665383350233,0,4.25827026340276e-05,0,0,0,0.000170017214779647,0,0,0,0,0,3.38310875460822e-05,0,0,0,0,0,2.96985958284956e-05,0,2.82252991895731e-05,0,0,1.71212006441898e-05,0.0275253703497611,0,0,5.58543776101806e-05,0.0129682284642366,0,0.000962047576123716,1.82094837827281e-05,0,0,0,0,0.000115477095437352,0,0.000217054203487242,0,0.000128167533258356,0,0.00177315393008402,0,0,0.00750046495857282,0,0,0,0.0010574789191533,0,0.000522040601460954,0,0.000734847957726199,0,0.00225612060718976,0,0,0,0,0,0.000131563777512655,0,0.000228773593765766,0.000580781777000016,0,0.00185949753444891,0,0.00309923999536304
0.000176743665993918,0.00373092713527729,0,0.00234365791275997,0,0,0,0,0.00082189466186351,0.000626612500348856,0,0.00116031486597107,0,0,0,0,0.00177318158250256,0.000749842786225533,0.028825478282618,0.0472710484535327,0,0,0,7.57379465176513e-05,2.05204175913309e-05,0,0,0,0,0,0,0,0,0,0,7.29081563544611e-05,0,4.23018668015205e-06,0,0.00599732293412324,0,0.0952364159101164,0.0011485205994765,0.0333632662638956,5.58543776101806e-05,0,0.00127317835403788,0,2.0037870297313e-05,0.0161475323109063,0,0,0,0,0.000267430276969221,0.000452641927133691,9.77767900584383e-06,0,0,0,1.03593372420143e-05,0.000158032797951818,0.0784453314499527,0.000220214744971206,0,0,0.000349081860547964,0,0.000657627320923049,0,0.000652622276088414,0,0.00022830067452289,0.000170012301009461,0,0,0,0,2.66790670022548e-05,4.10249132888677e-05,0.00162679305227844,5.80988610760131e-05,0.00302346469859674,0.000125412542363104,0.0480279318330979,0.00209854263265248,0.000241943298057613
0.0251631820348122,0,0.00229448630781037,0,0,0,0,0,0.0179916625338896,0,0.000675350066568358,0,7.15708601723829e-06,0,0.000208164399406061,0,0.00385020310293049,0.000779347739629439,0.0210774214563005,0,0.00341902185856873,0,0,0,0.000955331097973667,0,0,0,0,0,9.34603918990025e-05,0,0,0,0,0,2.93234199179336e-06,0,0.000554747362971932,8.85106327342008e-05,0.000104665465187281,0.00152684207469296,0.0732586000792651,0.000262681335739715,0.0129682284642366,0.00127317835403788,0,0,0.00840037240741449,0.000163508944134066,0,0,0,0,0.00393998704036332,2.65633276582836e-05,0.00904705377605714,0,0.000114136736009393,0,0.000384938107994565,0,0,0.0652562398720991,0,0,4.3235700185149e-05,0.000734111866094322,0,0.000671038933299825,4.82624036311323e-05,0.00264522462044787,0,0.0213786387803668,0,0,0,0,0,0.000847960285019424,4.3403095558944e-05,0.00292482075102417,0.0025315633821115,0.00020107371238048,0.027813051488184,0.000367205948415595,0.0171484110993921
0,0,0,0,0,0,0,0,0,0,0,0,0,0,0,0,0,0,0,0,0,0,0,0,0,0,0,0,0,0,0,0,0.0126149217801922,0.0151376674606747,0.00827189481941962,0.000412546280217567,0.000239697999131435,0.00215916447133298,0.00222528027356736,0,0.000224154925169084,0,0.00103044103214039,0,0,0,0,0,0.120506355875464,0.0179561899749559,0,0,0,0,0,0,0,0,0,0,0,0,0,0,0,0,0,0,0,0,0,0,0,0,0,0,0.00590158393498606,0.000455575027741219,0.000361191222617261,0.000204827128438382,0.00110287017990218,0.00100000846572458,0.00637964525683022,3.05289644618456e-05,0.00430040431963653,0,0
0.014090764899789,0,0.00317773970414075,0,0,0,0,0,0.017508835714887,0,3.34703149558885e-05,0,0.00250591984997574,0,0.00575768810537115,0,0.000226654077866959,1.07082721686486e-05,0.00118395793428602,0,0.000213330443169772,0,0.00547049643917644,0,0.0106733852441413,0,0,0,0,0,3.04720625173612e-05,0,0.0205015322602531,0,0.00109512011640436,0,3.00464654293597e-05,3.47782477754477e-05,0.00312457593456903,0,0.0417807382783273,5.64385221247135e-05,0.0306337629396733,4.64013675388897e-05,0.000962047576123716,2.0037870297313e-05,0.00840037240741449,0.120506355875464,0,0.0110194609390746,0,0,0,0,0.0150825235062931,0,0.000581894908143311,0,0.00307927360611831,0,0.00836094972393431,0,0,0.00103767421092268,0,0.00682993258364704,0,0.0276929909136661,0,0.0181389943822011,0,0.0121298843371612,0,0.00516831798591935,0,0.00227059233709464,0,0.00492503918951899,0,0.000697460910429418,3.5110589415535e-06,0.00193704162996092,0.00410795051887397,1.40596132820856e-06,0.0229562405736322,0,0.00179124672119505
0,0.0348137469581903,0,0.00497893018467269,0,0,0,0,3.37899337545041e-05,0.0363992246441839,0,0,0,0,0,0.000768184135146441,0.000703125905658012,0.000487849734731443,0.0102893631586587,2.96595524706096e-05,0,0.00360878155462326,0,0.00714470364440274,0,0,0,0,0,0,0,0,0,0,0,0.000157031475167099,0,0.000760425668841455,0,0.00134897433076001,0.00159584761920306,0.0248136415539916,0.00511484929044819,0.00260311975659643,1.82094837827281e-05,0.0161475323109063,0.000163508944134066,0.0179561899749559,0.0110194609390746,0,0,0,0,0,8.0691844964397e-05,0.0558460090993096,0,0.000610495268254795,0,0,0,0.026732249970946,0.000789116688325472,2.97908715414585e-05,0.0027970049581721,0,0.008193675990097,0,0.00925364208778762,0,0.00514763336047307,4.68296703896127e-05,0.00182239135829897,7.02417101161975e-05,0,0,0,0,0.000179083297159947,6.95989593993499e-06,0.000955623330230292,1.69655478660921e-05,0.00657779371155078,2.11572767564098e-05,0.0301017698847677,0.00371650891450469,3.82430311089842e-05
0,0,0,0,0.0578426179396007,0,0.00691109676092289,0,0,0,0,0,0.00121585036665989,0,0.0195619640639292,0,0,0,0,0,0.000640457415440191,0,0,0,0,0,0,0,0,0,0,0,0,0,0,0,0.000460011597689469,0,0,0,0,0,0,0,0,0,0,0,0,0,0,0,0,0,0,0,0,0,0.00190568939735987,0,0.000357314546289664,0,0,0.000132016810737642,0,0,0,0,0,0,0,0,0,0,0,0,0,0,0,6.24396328489829e-05,0,0,0.000429402806542495,0,0,0,0
0,0,0,0,0,0.0238321152106685,0,0,0,0,0,0,0,0,0,0,0,0,0,0,0,0,0,0,0,0,0,0,0,0,0,0,0,0,0,0,0,0,0,0,0,0,0,0,0,0,0,0,0,0,0,0,0,0,0,0,0,0,0,0,0,0,0,0,0,0,0,0,0,0,0,0,0,0,0,0,0,0,0,0,0,0,0.000102786918810659,0,0,0,0
0,0,0,0,0,0,0,0,0,0,0,0,0,0,0,0,0,0,0,0,0,0,0,0,0,0,0,0,0,0,0,0,0,0,0,0,0,0,0,0,0,0,0,0,0,0,0,0,0,0,0,0,0,0,0,0,0.000345503706961243,0,0.00558423575082267,0,0,0,0,0,0,0,0,0,0,0,0,0,0,0,0,0,0,0,0,0,0,0,1.2050177503836e-05,0,0,0,0
0,0,0,0,0,0,0,0,0,0,0,0,0,0,0,0,0,0,0,0,0,0,0,0,0,0,0,0,0,0,0,0,0,0,0,0,0,0,0,0,0,0,0,0,0,0,0,0,0,0,0,0,0,0,0,0,0,0,0,0.000688470827233596,0,0,0,0,0,0,0,0,0,0,0,0,0,0,0,0,0,0,0,0,0,0,0,0,0,0,0
0.015602654768507,0,0,0,0,0,0,0,0.0918331697427886,0,0,0,0,0,0.00874543788289631,0,0.000752496280736475,4.4361235958365e-05,0.00273626655667956,0,0,0,0,0,0.0110193749630055,0,0.00135967847812631,0,0,0,0,0,0,0,0,0,0,0,8.32423997950749e-05,1.62132225215595e-05,0,0.000100435715300562,0.00784701433510219,0,0.000115477095437352,0.000267430276969221,0.00393998704036332,0,0.0150825235062931,8.0691844964397e-05,0,0,0,0,0,0,0.000463883812395235,0,0,0,0.0175364595417677,0,0,0.000902362107696624,0,0,0,0.0171823709546891,0,0.0224232348502357,0,0.0112411989023357,0,0.0509283600256305,0,0,0,0,0,0.000133728549032138,3.30831217999192e-06,0.00137347304266693,0.000247112239205451,1.68277981560924e-05,0.0131016242329399,0,0.0143457431064134
0,0.019326797627382,0,7.47124747758061e-05,0,0,0,0,0,0.00704113184204557,1.48767346254229e-05,0,0,0,0,0.00316681243207449,2.24081608734469e-05,0.00368475989257371,0.00132971104739424,0,0,0,0,0.0709739357415169,0,0.0155360869986488,0,0,0,0,0,0,0,0,0,0,0,0.000201433510059918,0,5.89163487985512e-05,0,0.016243415525914,1.25482037885643e-05,7.38220259059166e-05,0,0.000452641927133691,2.65633276582836e-05,0,0,0.0558460090993096,0,0,0,0,0,0,0,0,0,0,0,0.00203186951184868,0,0,0,0,0.1522477253344,0,0.0165679407226026,0,0.00488940979751857,0,0.00352750752417348,0,0,0,0,0,0,0,6.63443386596887e-05,0,0.000526550544848641,5.0261689959422e-06,0.00520742436109563,0.00165709871225953,0
0.00569664291244742,0,0.00929653397020672,0,0.00379124612097888,0,0,0,0.000938960100215433,0,0.0653949120996658,0,0.000758736003791178,0,0.000398537649170173,0,4.56221057423094e-05,9.11214399545101e-06,0.000298472796967474,0,0.0414962739974093,0,0,0,0,0,0,0,0.00124261202453611,0,0.00445616036705391,0,0,0,0,0,0.00170855068572475,0,0.000102728339402288,0,0,7.88738875693836e-06,0.00038820482267958,0,0.000217054203487242,9.77767900584383e-06,0.00904705377605714,0,0.000581894908143311,0,0,0,0.000345503706961243,0,0.000463883812395235,0,0,0,0.0449823364306776,0,0.00150423754940774,0,0,0.0400338409327132,0,0,0,0,0,9.83413946334648e-05,0,0.0258013459449193,0,0.0334209964963765,0,0,0,0,0,0.00102783459371997,0,0.000230480478611327,0.0009710548168144,0.000191532852140778,0.0151529147387209,0,0.000195092103448792
0,0.000639065155142811,0,0.00529807234787978,0,0,0,0,0,0.00389015257650286,0,0.0388334472488419,0,0,0,0,0,0,0,0.00124575880084551,0,0,0,0,0,0,0,0,0,0,0,0,0,0,0,2.55291434883822e-05,0,0,0,0,0,0.00167642989629384,0,0,0,0,0,0,0,0.000610495268254795,0,0,0,0,0,0,0,0,0,5.85824526375903e-05,0,0.000822012585956027,0.00019577162825563,0,0,0,0,0,0,0,4.53411619423484e-05,0,0.00660762633380839,0,0,0,0,0,1.52897953074494e-05,0,1.13854141196278e-06,0,3.34970664900784e-05,0,0.00401199038757418,0,0
0.00133749460950984,0,0.035088472294391,0,0.00812588490459848,0,0,0,0.00303805440151694,0,0.000815640213525949,0,0.0175865183834604,0,0.0110531699310662,0,0,0,1.56033973111352e-05,0,4.94932946430229e-05,0,0,0,0.000964082366163229,0,0.000199878489774352,0,0.00019697774761733,0,0,0,0,0,0,0,0.000419714739443275,0,0,0,0,0,0.000754902049114371,0,0.000128167533258356,0,0.000114136736009393,0,0.00307927360611831,0,0.00190568939735987,0,0.00558423575082267,0,0,0,0.0449823364306776,0,0,0,0.0105509184471372,0,0,0.000149182561607166,0,0,0,0.000363399268514543,0,0.00956207801323971,0,0.0173058223556001,0,2.51803590710382e-05,0,0,0,0,0,0.00035633361881807,0,4.51337435251669e-06,0.000276535094357779,8.16950552023519e-06,0.00210311874143262,0,1.44753759541793e-05
0,0,0,0.00120131601457089,0,0,0,0.00887388698601625,0,0,0,0.00762183116918319,0,0.0246914059775352,0,0.00187951363703535,0,0,0,0,0,0,0,0,0,0.0028751065099189,0,0.00076508080893421,0,0,0,0,0,0,0,9.51712561342007e-06,0,0,0,0,0,0,0,0,0,0,0,0,0,0,0,0,0,0.000688470827233596,0,0,0,5.85824526375903e-05,0,0,0,0.0014737240985988,0,0,0,0,0,0,0.00015995048907971,0,0.00630802451480384,0,0,0,0,0,0,0,0,0,0,0,0.00014697545214108,0,0,0,0
0.0358527463817882,0,0.0202011259284231,0,0.00482420753507929,0,0,0,0.0330705401303966,0,0,0,0.0228547694548136,0,0.134407749753369,0,0.00378062014440556,0,0.000137828097676844,0,0,0,0,0,0.0253723569055254,0,0.00702397086702537,0,0,0,0,0,0,0,0,0,0,0,0.000121780253377997,0,0,0,0.00335123053383301,0,0.00177315393008402,1.03593372420143e-05,0.000384938107994565,0,0.00836094972393431,0,0.000357314546289664,0,0,0,0.0175364595417677,0,0.00150423754940774,0,0.0105509184471372,0,0,0,0,0.000286633799240454,0,0,0,0.00695781640141848,0,0.0631472677903012,0,0.00563411099353262,0,5.51326716379712e-05,0,0,0,0,0,2.6322547569817e-05,0,5.86389460165443e-05,0.000931691684537807,2.15340935455163e-05,0.00133614487148609,0,0.000129438736531106
0,0.020658389734369,0,0.0854471167623349,0,0,0,0,0,4.87594232934105e-05,0,0,0,0.0104460443477937,0,0.105482472287124,0,0.000518738590382606,0,0,0,0,0,0.0503648239128959,0,0.00814232038314288,0,0,0,0,0,0,0,0,0,0.000360993298445476,0,0.000154645273057978,0,2.85637977536591e-05,0,0,0,0,0,0.000158032797951818,0,0,0,0.026732249970946,0,0,0,0,0,0.00203186951184868,0,0.000822012585956027,0,0.0014737240985988,0,0,0,0,0,0,0.0674720641977389,0,0.0305702573672586,0,8.36086730148953e-05,0,0,0,0,0,0,0,6.63874661106486e-05,0,3.78597051151365e-05,0,0.000527274686971041,2.56299255225694e-05,0.000291355038244692,0,0
0,0,0,0.000771373396738197,0,0.00239555063611829,0,0,0,0,0,0.00521111122235795,0,0,0,0,0,0,0,0.127258549031126,0,0,0,0,0,0,0,0,0,0,0,0,0,0,0,0.000857407400627241,0,0.000488594382090231,0,0,0,0.000547757081682019,0,0,0,0.0784453314499527,0,0,0,0.000789116688325472,0,0,0,0,0,0,0,0.00019577162825563,0,0,0,0,0,0,0,0,0,0,0,0,0,0,0.000240372823770602,0,0,0,0,0,2.08751523920212e-05,0,0.000102953743030687,0,0.000230771368002347,0,0.0133291682126273,0,0
0.00277314380227558,0,2.76650118909904e-05,0,0.000337564901386987,0,0,0,0.00360427114328042,0,0.00350904708801253,0,0,0,1.52525216375103e-05,0,0.000901082596111398,0.000203000143519636,0.00422810461759152,0,0.123871651329369,0,0,0,4.93785767998007e-05,0,0,0,0,0,0.000524313473331213,0,0,0,0,0,0.00112591178227374,0,0.00059745985451133,0,0,0.000248257000193776,0.0210222076520581,1.9895507367975e-05,0.00750046495857282,0.000220214744971206,0.0652562398720991,0,0.00103767421092268,2.97908715414585e-05,0.000132016810737642,0,0,0,0.000902362107696624,0,0.0400338409327132,0,0.000149182561607166,0,0.000286633799240454,0,0,0,0,0,0,8.69230592792617e-05,0,0.000207263888167234,0,0.000768121803784849,0,0.00863553575159591,0,0,0,0,0,0.00384777769314836,0,0.004361116481345,0.000819993359509957,1.44019557689256e-05,0.0183813035604375,2.80175100716565e-05,0.00341657890996371
0,0,0,0,0,0,0,0,0,0,0,0,0,0,0,0,0,0.00043579452680069,0,0,0,0.129614412250937,0.00028375293446676,0.00426680165035585,0,0.00651021769345626,0,0.00088441452039781,0,0,0,0,0,0,0,0,0,0.00149661103264787,0,0,0,0,0,0,0,0,0,0,0,0.0027970049581721,0,0,0,0,0,0,0,0,0,0,0,0,0,0,0,0,0.0019314868360347,0,0.00512472751730935,0,0.000248787158460127,0,0,0,0,0,0,0,0,0,0.000200321223901593,0,0.00295556823631779,0.00111135021425451,0,0,0
0,0,0,0,0,0,0,0,0,0,0,0,0,0,0,0,0.00133756419042457,0,0,0,0,0,0.152457011558976,0,0.00156503402825854,0,0.00303236334592896,0,0.00179016554526225,0,0,0,0,0,0,0,0,0,0.000293977738473777,0,0,0,0,0,0,0,0,0,0.00682993258364704,0,0,0,0,0,0,0,0,0,0,0,0,0,0,0,0,0,0,0.000459398671354559,0,0,0,0.000917290948631517,0,0,0,0,0,0,0,0,0,0.000382902994174205,0.00177872424882579,0.00282958721853439,0,0,0
