0,0,0.15685326766384,0,0,0,0,0,0.0820570752435041,0,0,0,0,0,0,0,0,0,0.00245373069280373,0,0,0,0,0,0.000224388643766521,0,0,0,0,0,0,0,0,0,0,0,0,0,2.42779058324208e-06,0,0,0,0.000435494388051818,0,0,0,0,0,0.0108364405103562,0,0,0,0,0,0.0271928035445194,0,0,0,0,0,0.000317199030509195,0,0,0,0,0,0,0.000735418080611751,0,0,0,0,0,0,0,0,0,0,0,0,0,2.9950356538136e-05,0.000593612526291319,0,0.00361385685119239,0,0.00373750130960793
0,0,0,0.0847117601851026,0,0,0,0,0,0.0301218370679261,0,0,0,0,0,0,0,0,0,0,0,0,0,0.00677474259995735,0,0,0,0,0,0,0,0,0,0,0,0,0,0,0,0,0,0.000609938826670626,0,0,0,0,0,0,0,0.0222240014935793,0,0,0,0,0,0.0447802874401643,0,0.000117013004829331,0,3.77133500544802e-05,0,0.000883101596089047,0.000301881885264725,0,0,0,0.0149345959328062,0,0,0,0,0,0,0,0,0,0,0,0,0,0,0,0.000615132416118271,0,0.0193872565391096,3.72347808258754e-05,0
0.15685326766384,0,0,0,0.0127604751759654,0,0,0,0.0120056536930328,0,0,0,0,0,0,0,0,0,0.000533187707649481,0,0,0,0,0,0,0,0,0,0,0,0,0,0,0,0,0,1.73614856954947e-06,0,1.97813627321334e-05,0,0.00031958019737891,0,0.00185659423891205,0,0,0,0.00469063224099413,0,0.00839366785506647,0,0.0151062974076385,0,0,0,0.0441924794769455,0,0.000474231322350647,0,2.56659998828501e-05,0,0.00549478584241837,0,0,0.00194850069790483,0,0,0,0,0,0,0,0,0,0.000272561117114774,0,0,0,0,0,1.60539326405474e-06,0,0,0.00065033888715715,1.91041525937495e-05,0.0150995449825868,0,0
0,0.0847117601851026,0,0,0,0.0215721159438748,0,0,0,0.0328121046148715,0,0,0,0,0,0,0,0,0,0.000824189986689997,0,0,0,0,0,0,0,0,0,0,0,0,0,0,0,0.000274231999268439,0,0,0,1.97358690996795e-05,0,0.00171296029641382,0,0,0,0.0159620220566653,0,1.38550968693859e-05,0,0.0179005369346405,0,0.0171404175344497,0,0,0,0.0728626791675536,0,0.00449973988838199,0,0.000361126666273974,0,0.0220255055984535,0.00567390319568375,0,0,0,0,0,0,0,0,0,0.00258460898042572,0,0,0,0,0,0,0,5.6024731620612e-05,0,0.000246571005742007,5.84820963922539e-06,0.0419955116249572,0.00075317633636629,0
0,0,0.0127604751759654,0,0,0,0,0,0,0,0,0,0,0,0,0,0,0,0,0,0.000499270685840355,0,0,0,0,0,0,0,0,0,0,0,0,0,0,0,0,0,0,0,0,0,3.97178472339901e-05,0,0,0,0.000166973239982436,1.50829081407616e-05,0.000148742935635026,0,0.139496740060472,0,0,0,0.00354475869607742,0,0.00223249096064011,0,0.00218716254420057,0,0.00269070185557677,0,0,0.00159183392832611,0,0,0,0,0,0,0,0,0,0,0,0,0,0,0,2.67078556982062e-06,0,0,7.50579732744042e-05,4.88841443751217e-05,0.00349315916285725,0,0.00012441086734772
0,0,0,0.0215721159438748,0,0,0,0,0,0.000316944202823705,0,0,0,0,0,0,0,0,0,0.00331077233672581,0,0,0,0,0,0,0,0,0,0,0,0,0,0,0,0.000503641456666643,0,0,0,0,0,0,0,0,0,0.000105257778300093,0,0,0,2.3175476749693e-05,0,0.077011957350768,0,0.0187529879103319,0,0,0,0.000463911041130236,0,0.00137180789721373,0,0.00259900370302255,0.0226266772994814,0,0,0,0,0,0,0,0,0,0,0,0,0,0,0,8.00179934993926e-06,0,0,0,0.00059333174056703,0,0.00317500786179602,0,0
0,0,0,0,0,0,0,0,0,0,0.000788428273678525,0,0.00619459164771989,0,0,0,0,0,0,0,0.000392069076944765,0,0,0,0,0,0,0,0,0,0,0,0,0,0,0,0,0,0,0,0,0,0,0,0,0,0,0,0,0,0,0,0.0562156259244982,0,0,0,0.00280703845840532,0,0.00230885160685969,0,0,0,0,8.58624483303855e-05,0,0,0,0,0,0,0,0,0,0,0,0,0,0,0,0,0,0,0.000233921995059562,0,0,0,0
0,0,0,0,0,0,0,0,0,0,0,0.00141583021804205,0,0.00042902878256156,0,0,0,0,0,0.0064974121260174,0,0,0,0,0,0,0,0,0,0,0,0,0,0,0,0,0,0,0,0,0,0,0,0,0,0,0,0,0,0,0,0,0,0.0652136983363743,0,0,0,0.00741453188001022,0,0.00861189417624995,0,0,0,0,0,0,0,0,0,0,0,0,0,0,0,0,0,0,0,0,0,0,0.000316325287427032,0,0,0,0
0.0820570752435041,0,0.0120056536930328,0,0,0,0,0,0,0.00225881202684162,0,0,0,2.74985017096078e-05,0.00661778964464053,0.000261051317902068,0.0201013557140048,0.00424125559691794,0.00418359564257061,0,0,0,0.000303535610355175,0.000189175350873792,0.00873012598054558,0.00100157794644449,0.0182560571245232,3.95411520566244e-05,0,0,0,0,0,0,0,0,0,0,0.00183123580491038,0,0,0.000146500548185245,0.000808055372388389,0,0,0,0.000380080734405079,1.65988222753339e-05,0.000286618334575349,0,0.00029104304139924,0,0,0,0.0770451704576787,0.00272908054276388,0.000110932065410993,0,8.45188291960716e-05,1.1679402457099e-05,0.00112165757829333,4.81817176479302e-05,0,8.4048820714137e-05,0,0.000257680534661891,0.00146228011449622,0.00855459444053658,0.000439119540507173,0.000134935718814425,0,0,0,5.03091448191685e-05,0,0,0,0,5.38148463523173e-06,1.19631749719682e-05,0,0.000644058088138812,0.00124453229578712,7.96832421722901e-05,0.00895565841037912,0,0
0,0.0301218370679261,0,0.0328121046148715,0,0.000316944202823705,0,0,0.00225881202684162,0,0,0,0,0.000156008235063027,0.00035799547090142,0.0153632500481399,0.00208565800032119,0.0126902032177468,0.00364307085292212,0,0,0,4.37054657671208e-05,0.0108914417147383,0,0.00901490213185789,8.80917260450143e-05,0.000527573254495206,0,0,0,0,0,0,0,0,0,0,0,6.7178410874467e-05,0,0.00972430929510593,0.000285418026211483,0,9.58699607042715e-05,7.58283482242567e-05,0,0,0,0.000148322523915562,0,0,0,0,6.61366465406388e-05,0.0332961180443365,0,2.63161381802127e-05,0,2.86797330829758e-05,0,0.00452878786735486,2.84556633058388e-05,0,0.000208053829763782,4.96969561975414e-06,0.00812622972262319,0,0.00569470275558901,0,0,0,0.00128700129122166,0,0,0,0,0,9.21971078606719e-05,9.94137620913835e-06,0.000105888450315389,0,0.00136128407905836,7.41386922097675e-05,0.00299114479887652,0.00584832870258491,0
0,0,0,0,0,0,0.000788428273678525,0,0,0,0,0,0,0,0,0,0,0,0,0,0.0355429839111409,0,0,0,0,0,0,0,0.000793593208993001,0,0.00551087945460734,0,0,0,0,0,6.95567576524868e-05,0,0.0114124846440196,0,0,0,0,0,0,0,1.09479774592052e-05,0,0,0,0,0,0,0,0,0,0.0844664498554174,0,0,0,0,0,0,0.00123646577869253,0,0,0,0,0,0,0,0,0,0.00340943189841869,0,0,0,0,0,0,0,0.00318170333750942,0.000820420551572045,0,0,0,0
0,0,0,0,0,0,0,0.00141583021804205,0,0,0,0,0,0.0116617995983212,0,0,0,0,0,0.0163420157484815,0,0,0,0,0,0,0,0.000332043737851075,0,0.0219899736300181,0,0,0,0,0,0.000234709484900827,0,0.00700561526863884,0,0,0,7.41312048301284e-05,0,0,0,0,0,0,0,0,0,0,0,0,0,0,0,0.123702676308696,0,0.000636112196372974,0,0,0.00652257587722764,0,0,0,0,0,0,0,0,0,0.00874358830928116,0,0,0,0,0,4.63657850742918e-05,0,0.00138238514280568,0,0.00388378572462483,0.000164908236526855,6.48123293299117e-05,0,0
0,0,0,0,0,0,0.00619459164771989,0,0,0,0,0,0,0,0.00934210782460441,0,4.60673098120375e-05,0,0,0,0,0,0,0,0,0,0,0,0.00273428387981775,0,0,0,0,0,0,0,0,0,0,0,0,0,0,0,0,0,0,0,0,0,0,0,0,0,0,0,0.000284717060181126,0,0.0234823122036768,0,0.0208167208482148,0,0,0,0,0,0,0,0,0,0,0.000912181803958331,0,0,0,0,0,0,0,0,0,0,0.000211214835373861,0,0,0,0
0,0,0,0,0,0,0,0.00042902878256156,2.74985017096078e-05,0.000156008235063027,0,0.0116617995983212,0,0,0,0.00196914431957567,4.56968870547396e-05,0.00440063222485139,3.14559730924605e-05,0,0,0,0,0,0,0.000692539260436245,0,0.00130070003258314,0,0,0,0,0,0,0,0,0,0,0,0,0,7.1668249230342e-06,0,0,0,0,0,0,0,0,0,0.000512173141971974,0,0,0,0.000853295695989661,0,0.00721606800038757,0,0.0475456634466631,0,0.000384972952870166,0,0,7.30262648588025e-06,0,0,0,0.000150957642590401,0,0.0067747550466091,0,0,0,0,0,0,0,0,0,1.15993804211253e-05,2.45695987755132e-05,0.000599769688300434,0.000110584120466453,0,0,0
0,0,0,0,0,0,0,0,0.00661778964464053,0.00035799547090142,0,0,0.00934210782460441,0,0,0,0.00627051815967096,0.000335033212441078,0.000434781080575438,0,0,0,7.30650045971813e-05,0,0,0,0.0179185999531416,0,0.00231518275420952,0,0,0,0,0,0,0,0,0,0,0,0,0,0,0,0,0,0,0,0,0,0,0,0,0,0.0115243276598511,0.000285894995476953,6.52928763383246e-05,0,0.00135144479494767,0,0.0357668389728174,0,0,0,0,7.69023077320734e-05,0,0,0.000240963684378839,0.00704635428326984,0,0,0,0,0,0,0,0,0,0,0,0,0.000375909812497544,1.92983745199591e-05,0,0,0
0,0,0,0,0,0,0,0,0.000261051317902068,0.0153632500481399,0,0,0,0.00196914431957567,0,0,0.000885636048694994,0.00976532851709905,0.000526923925193729,0,0,0,0,0,0,0.0197242826853561,0,0.000180147517826723,0,0,0,0,0,0,0,0,0,0,0,9.29387707310735e-05,0,1.87445317569425e-05,0,0,0,0,0,0,0,0,0,0.000650141409035132,0,0,3.72168050125576e-05,0.0141253458830899,0,0,0,0.00469303964789706,0,0.0310396650935899,0,0,0.000352367476143371,8.50646014730581e-06,0.00117523045658043,0,0.0198324960329483,0,0,0,0,0,0,0,0,0,2.56373484145024e-05,0,0,0,0.00056460118626618,0.000141060788491793,0,0,0
0,0,0,0,0,0,0,0,0.0201013557140048,0.00208565800032119,0,0,4.60673098120375e-05,4.56968870547396e-05,0.00627051815967096,0.000885636048694994,0,0.076077084712924,0.0522926918997167,0,0,0,0.00272417967488949,0.000181419111310668,0.000240702898714625,0.00127186460849047,0.0077795739608499,0.000264714617177157,0.00178834741498812,0,0,0,0,0,0,0,0,0,0,6.94013220755253e-05,0,0.000124514219195338,0.000239732486964347,3.04103660262102e-05,6.18583037129253e-05,0,0,0,0,1.56442619307102e-05,0,0,0,0,0.00703913099816126,0.00158189983259348,0,0,0,4.90857890705029e-05,0.00108485360811931,0.000107672074812408,3.24551554648162e-05,0,0.000278724228878071,0.00355986796124037,0.000489418918180063,0,0.00108912804073444,0.00345519774502135,8.39146422892132e-06,0,0,0,0,0,0,0,0.000161995075366465,0.00011846343834016,5.24952835554711e-05,4.7565037056749e-05,0.0132443800612808,0.00180419147492846,0.000124681756647135,6.61758523930941e-05,0.000107007732608268
0,0,0,0,0,0,0,0,0.00424125559691794,0.0126902032177468,0,0,0,0.00440063222485139,0.000335033212441078,0.00976532851709905,0.076077084712924,0,0.0307552321189971,2.91823593048047e-05,0,4.07765604976684e-05,0.000291080669661667,0.00228127923279842,0.000208300491009006,0.0201130908294635,0.000219910359079911,0.00519676852537587,0,0,0,0,0,0,0,0,0,0,0,0.000292354470873182,0,0.000543759805944148,0.000425538009696131,3.20861075917096e-05,6.59496067644699e-06,0,0,3.67301902524838e-06,0,0,0,0,0,0,0.00154463344688413,0.0088105991190847,0,0,0,0.00100452931584689,7.66418329835772e-05,0.00313434853557605,4.39413844157994e-06,0,0.00158900632412245,0.000240869905037462,0.00307157469993239,0,0.0139527534220122,6.666374728064e-05,0.000866776990773539,0,4.5838283356809e-05,0,0,0,0,0,0.000185321112287949,9.80380720501449e-05,0.00011721340474412,5.73127745956023e-05,0.013533044964516,0.0169684527565579,0.000273760794515259,0.000300753579297398,2.64068671046508e-05
0.00245373069280373,0,0.000533187707649481,0,0,0,0,0,0.00418359564257061,0.00364307085292212,0,0,0,3.14559730924605e-05,0.000434781080575438,0.000526923925193729,0.0522926918997167,0.0307552321189971,0,0.000202129016816787,0,0,5.54338588025811e-05,2.05331723071881e-05,1.58245921939051e-05,0.00116585764339455,1.42942208353287e-05,2.45086162711797e-05,0,0,0,0,0,8.49515767095633e-05,0,0.000151302552071349,0.000197326490515538,4.93026541780535e-05,0,0.00854392239728105,0.00386562437612144,0.03264411284449,0.0259284582027686,0.0161503852766603,0.016291023429577,5.66469069508689e-05,1.80411598464002e-05,0.000275588798931231,0.000719139306094041,0.00175785945476599,0,0,0,0,0.00112749409414277,0.00075000156111334,0.000119839637164227,0.000191221287360445,0,6.58281304257158e-05,0.000154299610927111,0.000223415773181009,0.000217924435485709,0.000755386902990859,1.21169727232866e-05,0.000167437112653156,0.000662639866824362,0,0.00124118576268949,9.30133012753609e-05,0,0,0.0011296204090198,0.000316209627950207,0,0,0,0,0.00829789908876233,0.011171344494625,0.00408616648930257,0.00352629672489156,0.00850411490296548,9.93169937472111e-05,0.0154559142734216,0.00976803448049325,0.00515972312608685
0,0,0,0.000824189986689997,0,0.00331077233672581,0,0.0064974121260174,0,0,0,0.0163420157484815,0,0,0,0,0,2.91823593048047e-05,0.000202129016816787,0,0,0,0,0,0,0,0,0,0,0.000597895071697538,0,0,0,0,0,0.00527012230278691,0,0.000732429827224986,0,0.000142869011335967,0,0.000594330670739155,0,0,0,0.000757421894724362,0,0,0,0,0,0,0,0,0,0,0,0.0170162698194969,0,0,0,0,0.0649688020209694,0,0,0,0,0,0,0,0,0,0.0108104977000016,0,0,0,0,0,0.00571027797191768,0,0.00832233469866708,0,0.00196553434552735,0.000192101127821915,0.00263566231671545,0.00130535951447855,0
0,0,0,0,0.000499270685840355,0,0.000392069076944765,0,0,0,0.0355429839111409,0,0,0,0,0,0,0,0,0,0,0,0,0,0,0,0,0,0,0,0,0,0,0,0,0,0.00797696739058784,0,0.0020320835564762,0,8.10758947283148e-06,0,9.15854044296013e-06,0,0,0,0.000390895001233486,0,8.44439749380445e-06,0,0,0,0,0,0,0,0.0141746737893259,0,0,0,0,0,0,0.0619388112651242,0,0,0,0,0,0,0,0,0,0.0139040717558843,0,0,0,0,0,0.00437133949298168,0,0.00255253371113969,0.00238933499123855,0.000144294298975833,0.00183598034630941,0,0.00010527104959706
0,0,0,0,0,0,0,0,0,0,0,0,0,0,0,0,0,4.07765604976684e-05,0,0,0,0,0.000483831950395586,0.000593245892984982,0,0.00184017018430488,0,0.0067432816256173,0,0,0,0,0,0.00106053560729351,4.58378481832156e-05,0,0,0.0108561154410126,2.24728982674526e-05,0,0,0,0,0,0,0,0,0,0,0.00327750339601639,0,0,0,0,0,0,0,0,0,0,0,0,0,0,0.146307419010334,0.000957915218585433,0.000501728161671956,0,0.00759163260596913,0,0.00202513534842371,0,0,0,0,0,0.000532535757507545,0,0,0,0.00337915322853752,2.25060766571007e-05,0.0034200151847416,0.00161805049610798,2.85067699118437e-05,0,0
0,0,0,0,0,0,0,0,0.000303535610355175,4.37054657671208e-05,0,0,0,0,7.30650045971813e-05,0,0.00272417967488949,0.000291080669661667,5.54338588025811e-05,0,0,0.000483831950395586,0,0,0.00779640267912308,0,0.00181260036411904,0,0.00268808899394932,0,0,0,0,0,0,0,0,0,0.00817013825748315,0,0,0,0,0,0,0,0,0,0.00173158801928809,0,0,0,0,0,1.25952151115211e-05,9.15768861552092e-06,0,0,0,0,0,0,0,0,0,0.144678505203234,2.21704868554008e-05,0.00268101988729721,0,0.00017937017277699,0,0.00693134377026736,0,2.3805777641383e-05,0,0,0,0,0,0,0,0.00914617548975976,0.00289873280707752,0.000541948668462109,0,0,0
0,0.00677474259995735,0,0,0,0,0,0,0.000189175350873792,0.0108914417147383,0,0,0,0,0,0,0.000181419111310668,0.00228127923279842,2.05331723071881e-05,0,0,0.000593245892984982,0,0,0,0.0287265442418796,0,7.05829482572397e-05,0,0,0,0,0,0,0,0,0,0.00531893538470691,0,0,0,0.00037494872268963,0,0,0,0,0,0,0,0.0127233628105417,0,0,0,0,0,0.0193385486168741,0,0,0,0,0,0,0,0,0.00301192514256566,0,0.122835570904897,0,0.0417146668349674,0,0,0,0,0,0,0,3.83051142077984e-05,0,0,0,0.00112615065555361,0,0.000216843070296845,0,0.000215355057002611,0,0
0.000224388643766521,0,0,0,0,0,0,0,0.00873012598054558,0,0,0,0,0,0,0,0.000240702898714625,0.000208300491009006,1.58245921939051e-05,0,0,0,0.00779640267912308,0,0,0,0.0161914694678541,0,0,0,0,0,0,0,0,0,0,0,0.00617260794806473,0,0,0,0.000395334847016513,0,0,0,0,0,0.000779427460286721,0,0,0,0,0,0.036915795378322,0,0,0,0,0,0,0,0,0,0,0.0115849000858065,0,0.171278074377467,0,0.00897820523251571,0,0,0,0,0,0,0,0,0,0,0,0.00138461148648078,7.83107811429258e-05,0,0.000375606378243904,0,0
0,0,0,0,0,0,0,0,0.00100157794644449,0.00901490213185789,0,0,0,0.000692539260436245,0,0.0197242826853561,0.00127186460849047,0.0201130908294635,0.00116585764339455,0,0,0.00184017018430488,0,0.0287265442418796,0,0,0,0.00655977504664465,0,0,0,0,0,0,0,0,0,0,0,0,0,0,0,0,0,0,0,0,0,0,0,0,0,0,0.000395762802644303,0.00809692002089137,0,0,0,0.00221138575821789,0,0.000530391361491372,0,0,0.000892554311101862,2.28682652361403e-05,0.0638962139071246,0,0.0539231861580064,4.03148139798215e-05,0.00947572423546977,0,0,0,0,0,0,0,0,0,0,0,0.000574398004336712,0.000418795151723774,0,0.000493024416818918,0
0,0,0,0,0,0,0,0,0.0182560571245232,8.80917260450143e-05,0,0,0,0,0.0179185999531416,0,0.0077795739608499,0.000219910359079911,1.42942208353287e-05,0,0,0,0.00181260036411904,0,0.0161914694678541,0,0,0,0.00101962688552742,0,0,0,0,0,0,0,0,0,0,0,0,0,0,0,0,0,0,0,0,0,0,0,0,0,0.0049821706269566,0,0,0,0,0,0.00404360395278913,0,0,0,0,0.00745289590155574,0,0.0205757464565926,0.000293102830309089,0.0827698862735572,0,0,0,0,0,0,0,0,0,0,0,0,0.000676861572909603,7.15672315377258e-06,0,0,0
0,0,0,0,0,0,0,0,3.95411520566244e-05,0.000527573254495206,0,0.000332043737851075,0,0.00130070003258314,0,0.000180147517826723,0.000264714617177157,0.00519676852537587,2.45086162711797e-05,0,0,0.0067432816256173,0,7.05829482572397e-05,0,0.00655977504664465,0,0,0,0.0196307346572916,0,0,0,0,0,0,0,0.00293489590371457,0,0,0,1.03031941871977e-05,0,0,0,0,0,0,0,0,0,0,0,0,3.31077684589563e-05,0.000487567992053239,0,0.00396538698165546,0,0.00166179859022614,0,9.0003353365482e-05,0,0,0.011477129876416,0,0,0,0.00597991355948869,1.9561542148501e-05,0.0605237731609538,0,0.00341918116120069,0,0,0,0,0,0,0,0.0070444717053298,0,0.000729254348353617,0.000403287920117528,0,0,0
0,0,0,0,0,0,0,0,0,0,0.000793593208993001,0,0.00273428387981775,0,0.00231518275420952,0,0.00178834741498812,0,0,0,0,0,0.00268808899394932,0,0,0,0.00101962688552742,0,0,0,0.017332720062834,0,0,0,0,0,0,0,0.000996403887869726,0,0,0,0,0,0,0,0,0,0.000350725783829515,0,0,0,0,0,0,0,0,0,0.00159504926215117,0,5.79038471713975e-05,0,0,0,0,0.000757625142547497,0,0,0,0.00146382373627964,0,0.0519178498567447,0,0.0188540910019107,0,0,0,0,0,0,0,0.000687528421314061,0.000168203775417207,0,0,0,0
0,0,0,0,0,0,0,0,0,0,0,0.0219899736300181,0,0,0,0,0,0,0,0.000597895071697538,0,0,0,0,0,0,0,0.0196307346572916,0,0,0,0,0,0,0,0,0,0.00488114722970178,0,0,0,0,0,0,0,0,0,0,0,0,0,0,0,0,0,0,0,0.0139872004888595,0,0,0,0,4.07516861791759e-05,0,0,0,0,0,0,0,0.00069464917212489,0,0.163151890082467,0,0,0,0,0,0,0,0.000961273361742583,0,0.00159711948779504,1.31074289757109e-05,0,0,0
0,0,0,0,0,0,0,0,0,0,0.00551087945460734,0,0,0,0,0,0,0,0,0,0,0,0,0,0,0,0,0,0.017332720062834,0,0,0,0,0,0,0,0,0,0.00155562800913341,0,0,0,0,0,0,0,0,0,0,0,0,0,0,0,0,0,0.00273702103249888,0,0,0,0,0,0,0,0,0,0,0,0,0,0,0.001116701807237,0,0.0996365680970255,0,0,0,0,0,0,0,0.00275904047927704,0.000561795301232049,9.18323422223685e-05,0,0,0
0,0,0,0,0,0,0,0,0,0,0,0,0,0,0,0,0,0,0,0,0,0,0,0,0,0,0,0,0,0,0,0,0.223575638848166,0.0204054632923521,0.000300204163305873,0.000327011448387095,0.00107864280033324,0,0,0,0,0,0,0,0,0,0,0.00196453063126065,0,0.00301721408549942,0,0,0,0,0,0,0,0,0,0,0,0,0.000129178510017318,0,0,0,0,0,0,0,0,0,0,0,0.361150612636428,0.0279851685397771,0.0195231692921381,0.00168115883254178,0.00118087443700739,0,0.000136378811360287,0,0.00025132696367998,0,7.20232159578029e-05,0,0
0,0,0,0,0,0,0,0,0,0,0,0,0,0,0,0,0,0,0,0,0,0,0,0,0,0,0,0,0,0,0,0.223575638848166,0,0.000397619468513683,0.0267623675190709,6.6525623056862e-05,0.00269474910003672,0,0,0,0,0,0,0,0,0,0.000274497552941131,0.0029122538682068,0.000397375917037645,0,0,0,0,0,0,0,0,0,0,0,0,0,0,0,0,0,0,0,0,0,0,0,0,0,0.0378455834957275,0.105899912150608,0.000478054339206368,0.00904998208037072,1.56830778550663e-05,0.00280727812698397,0,0,0.00110024093458054,0,8.75210612815043e-06,0,0
0,0,0,0,0,0,0,0,0,0,0,0,0,0,0,0,0,0,8.49515767095633e-05,0,0,0.00106053560729351,0,0,0,0,0,0,0,0,0,0.0204054632923521,0.000397619468513683,0,0.104164594885437,0.00733714564106208,3.33545368879523e-06,0.00508136909989302,0.000473624814545433,0.000308300585035093,0,0.00194413123090163,0,5.68044938427949e-05,0,0,0,0.0611929889190495,1.38094997166832e-05,0.0310743230099227,0,0,0,0,0,0,0,0.000103273624811389,0,0,0,0,9.85001158218715e-05,0,0.000468666924045305,0,0.000363115278881627,0,0,0,1.23495299984844e-05,0,3.57526339930317e-05,0,0.00593773623611682,0,0.494621635685622,0.0392023442728504,0.00284448973048092,0,0.0126476744159625,4.96003665486429e-05,0.00318827897585871,0.00408370711011684,0.00166299844616545,0.000283166155485401,0
0,0,0,0,0,0,0,0,0,0,0,0,0,0,0,0,0,0,0,0,0,4.58378481832156e-05,0,0,0,0,0,0,0,0,0,0.000300204163305873,0.0267623675190709,0.104164594885437,0,0.000324431570561172,0.00623019991270909,9.18036504089269e-05,0.00917211233771719,0,0.000236561895917742,0.000191426137489901,0.000818576078709453,0,0,0,2.65913431708088e-05,0.0445363812996085,0.0323582221593428,0.000164973960213317,0,0,0,0,0,0,0,0,0,0,0,0,0,3.63909471369395e-05,5.95889478795372e-05,5.11801481802784e-05,0,0,0,0,0,0,0,0,0.000386096510348542,0.00668939839306998,0.150397135301026,0.524706145868912,0.000100502814856851,0.0102252829777821,0.000398466232281958,0.00218509312717816,0.00289509552148689,0.0042285372315818,0.000371157057213872,0,0
0,0,0,0.000274231999268439,0,0.000503641456666643,0,0,0,0,0,0.000234709484900827,0,0,0,0,0,0,0.000151302552071349,0.00527012230278691,0,0,0,0,0,0,0,0,0,0,0,0.000327011448387095,6.6525623056862e-05,0.00733714564106208,0.000324431570561172,0,0.0011470011382483,0.00978299541209673,0.000247328751458575,7.00026266803889e-05,0,0.000284152113725366,0,4.70805437526485e-05,0,0.000376419466976393,0,9.90340543326466e-05,0,5.22639140276555e-05,0,0,0,0,0,0,0,0.000125407393981184,0,0,0,0,0.00151762623876899,0,0,0,0,0,0,0,0,0,0.000154820292838477,0,7.14541821863592e-05,7.04620289429211e-05,0.000547417109819694,9.14314581850898e-05,0.052510286159874,0.000217913881356159,0.00621115404818543,0,0.00779119777741804,0.00168282877009229,0.000869835109345273,6.43063439075952e-05,0
0,0,1.73614856954947e-06,0,0,0,0,0,0,0,6.95567576524868e-05,0,0,0,0,0,0,0,0.000197326490515538,0,0.00797696739058784,0,0,0,0,0,0,0,0,0,0,0.00107864280033324,0.00269474910003672,3.33545368879523e-06,0.00623019991270909,0.0011470011382483,0,0,0.0115268401408437,1.59840865967146e-05,0.000463304707202157,9.00234680808191e-05,0.000837134860103774,0,8.70176069834497e-05,0,6.17571775564606e-05,0.000500806255786869,0.000545011368783383,0.000701306270419593,0,0,0,0,0,0,3.70983562263708e-05,0,0,0,0,0,0,0.00339279001666607,0,0,0,0,0,0,0,0,0,6.44704420601897e-05,0,0.000259165185782864,0,0.000309146564796404,8.40183904316954e-05,0.065927701789368,0,0.00832850556451884,0.0110867311655846,0.00122683606988224,0.00100838252209401,5.80426576190177e-05,8.42622674292973e-06
0,0,0,0,0,0,0,0,0,0,0,0.00700561526863884,0,0,0,0,0,0,4.93026541780535e-05,0.000732429827224986,0,0.0108561154410126,0,0.00531893538470691,0,0,0,0.00293489590371457,0,0.00488114722970178,0,0,0,0.00508136909989302,9.18036504089269e-05,0.00978299541209673,0,0,0.000910193738985072,1.12301961795796e-05,0,0.000336748093842185,1.47225363205661e-05,3.99967261207773e-05,0,0.000126695439964974,0,0.000330256950495727,0,0.00550405580076876,0,0,0,0,0,0,0,0.000541378763459038,0,0,0,0,0.00204063470790117,0,0.00804615675533117,0,0.00113468721766494,0,0,0,0.00115574999933674,0,0.0011588382145804,0,0,0,0.0021400667838141,4.48740058864367e-05,0.00264158863643023,3.00812212297938e-06,0.119273530287282,0.000103207180898244,0.0147556124904899,0.00844718787705203,0.0064237718027544,0.000336417898315855,0
2.42779058324208e-06,0,1.97813627321334e-05,0,0,0,0,0,0.00183123580491038,0,0.0114124846440196,0,0,0,0,0,0,0,0,0,0.0020320835564762,2.24728982674526e-05,0.00817013825748315,0,0.00617260794806473,0,0,0,0.000996403887869726,0,0.00155562800913341,0,0,0.000473624814545433,0.00917211233771719,0.000247328751458575,0.0115268401408437,0.000910193738985072,0,0,0,0,0.00147638305192305,0,0,0,0,0.000551298804450691,0.00391311019540219,0,0,0,0,0,0.00027204249340495,0,0.000352327261466132,0,0,0,0,0,0,0.000346981411230673,0,0.00557825506104135,0,0.00342218754881723,0,0,0,0.000959376592293075,0,0.000655339374103587,0,0,9.29118349289886e-05,0.0129675716352746,0.000177063936339952,0.00439785334620544,0.000663063616441986,0.137862199123676,0.0093571374174846,0.00437752624644049,0.00205088794725047,0,6.00755364731889e-06
0,0,0,1.97358690996795e-05,0,0,0,0,0,6.7178410874467e-05,0,0,0,0,0,9.29387707310735e-05,6.94013220755253e-05,0.000292354470873182,0.00854392239728105,0.000142869011335967,0,0,0,0,0,0,0,0,0,0,0,0,0,0.000308300585035093,0,7.00026266803889e-05,1.59840865967146e-05,1.12301961795796e-05,0,0,5.53245591446705e-05,0.039413487935203,0.00157302470107116,0.00311823192274806,0.000342460153748047,0.0195065978704635,0,0.00895167203392992,0.0008880400075442,0.0295848653184882,0,0,0,0,0,0,0,0.000221207258601244,0,0,0,0,0.00493744603146644,0,0,0,0,0,0,0,0,0,0.000557282300532402,0,0.000722472036238579,0,0.000949760593423472,0,0.00417886943531767,8.49422222768426e-05,0.00215502228410066,4.80330950785812e-05,0.000263033406776317,0,0.00960630982676676,0.0111682615526121,0
0,0,0.00031958019737891,0,0,0,0,0,0,0,0,0,0,0,0,0,0,0,0.00386562437612144,0,8.10758947283148e-06,0,0,0,0,0,0,0,0,0,0,0,0,0,0.000236561895917742,0,0.000463304707202157,0,0,5.53245591446705e-05,0,0.000192833499691324,0.0162398885972924,0,0.00111598340183929,0,0.00975868943508591,0.00509334496098201,0.0492819080709942,0,0,0,0,0,0,0,0.00057847554581044,0,0,0,0,0,0,0.00573031505891328,0,0,0,0,0,0,0,0,0,0.000954756559315893,0,0,0,0,9.26456363257566e-06,0.0086552368444636,7.29609069602258e-06,0.000421466612684191,8.86828816281739e-05,0,0.00775307108017319,0,0.00105450154434825
0,0.000609938826670626,0,0.00171296029641382,0,0,0,0,0.000146500548185245,0.00972430929510593,0,7.41312048301284e-05,0,7.1668249230342e-06,0,1.87445317569425e-05,0.000124514219195338,0.000543759805944148,0.03264411284449,0.000594330670739155,0,0,0,0.00037494872268963,0,0,0,1.03031941871977e-05,0,0,0,0,0,0.00194413123090163,0.000191426137489901,0.000284152113725366,9.00234680808191e-05,0.000336748093842185,0,0.039413487935203,0.000192833499691324,0,0.00487520837931745,0.00829055026902725,0.000313185499451064,0.00774017704873773,0,0.015854075153978,0.000348002013744091,0.0362402936817775,0,0,0,0,0,0.00012845278086788,0,0.0120837773394804,0,0,0,0,0.0147304579402306,8.08394363898697e-06,7.57715346673448e-05,0,0,0,0,0,0,0,0.0505604076018013,0,0,0,0.000240652894621609,0,0.0137417979608832,0.00034707522612079,0.0178849922447999,8.52737202684591e-05,0.00476591216587109,7.35470558932198e-07,0.0707675162333098,0.0621559612450747,0.00021604585292732
0.000435494388051818,0,0.00185659423891205,0,3.97178472339901e-05,0,0,0,0.000808055372388389,0.000285418026211483,0,0,0,0,0,0,0.000239732486964347,0.000425538009696131,0.0259284582027686,0,9.15854044296013e-06,0,0,0,0.000395334847016513,0,0,0,0,0,0,0,0,0,0.000818576078709453,0,0.000837134860103774,1.47225363205661e-05,0.00147638305192305,0.00157302470107116,0.0162398885972924,0.00487520837931745,0,0.000440498963714955,0.00632633595861914,0,0.00580703244890958,0.00937345716290463,0.0216242486035725,0.000299732585369507,0,0,0,0,0,9.2502180353643e-05,0.00692499681946497,0,0,0,0,0,0.000393936269562317,0.0224049083540799,0,0,0,0,0,0,0,0,0,0.00439401352001257,0,0,0,1.10663401458767e-05,0.000193877311913708,0.0108014832077338,0.000239299292489885,0.0144845510641824,0.00488742578438822,0,0.0851832796525028,0.000565392640594342,0.0438000549734133
0,0,0,0,0,0,0,0,0,0,0,0,0,0,0,0,3.04103660262102e-05,3.20861075917096e-05,0.0161503852766603,0,0,0,0,0,0,0,0,0,0,0,0,0,0,5.68044938427949e-05,0,4.70805437526485e-05,0,3.99967261207773e-05,0,0.00311823192274806,0,0.00829055026902725,0.000440498963714955,0,0.00177059996174708,0.00299862301130349,3.99359413025737e-05,0.000140246897127966,0,0.000356259287803084,0,0,0,0,0,0,0,0,0,0,0,0,0,0,0,0,0,0,0,0,0,0,0.000520983837675703,0,0,0,0,0,0.000839775105127638,7.17404885298409e-05,0.00110113915202264,4.84646181411275e-06,0.000100079115017549,0,0.00154261805214583,0.0170345273309942,0.000160112801909206
0,0,0,0,0,0,0,0,0,9.58699607042715e-05,0,0,0,0,0,0,6.18583037129253e-05,6.59496067644699e-06,0.016291023429577,0,0,0,0,0,0,0,0,0,0,0,0,0,0,0,0,0,8.70176069834497e-05,0,0,0.000342460153748047,0.00111598340183929,0.000313185499451064,0.00632633595861914,0.00177059996174708,0,0,0.0023991331851375,2.88344109333023e-05,2.3331732443157e-05,0,0,0,0,0,0,0,0.000214213600964414,0,0,0,0,0,0,0.00107006095053307,0,0,0,0,0,0,0,0,0,0.00116931750740928,0,0,0,0,3.39595662854634e-05,0.00321347951328936,0,0.0021740597479524,7.19031635570175e-05,0,0.00460722026450494,0,0.0210775901901953
0,0,0,0.0159620220566653,0,0.000105257778300093,0,0,0,7.58283482242567e-05,0,0,0,0,0,0,0,0,5.66469069508689e-05,0.000757421894724362,0,0,0,0,0,0,0,0,0,0,0,0,0,0,0,0.000376419466976393,0,0.000126695439964974,0,0.0195065978704635,0,0.00774017704873773,0,0.00299862301130349,0,0,0,0.00033852733778636,0,0.00600744444359233,0,0,0,0,0,0,0,0.00511194090334815,0,0,0,0,0.0763147391560218,0,0,0,0,0,0,0,0,0,0.0108493640425372,0,0.000240307304396836,0,1.22630536220024e-05,0,0.000864111521593714,3.25848336717302e-05,0.00187394721029801,0,8.91298100213708e-05,0,0.0206031232748812,0.000571963805775161,0
0,0,0.00469063224099413,0,0.000166973239982436,0,0,0,0.000380080734405079,0,1.09479774592052e-05,0,0,0,0,0,0,0,1.80411598464002e-05,0,0.000390895001233486,0,0,0,0,0,0,0,0,0,0,0,0.000274497552941131,0,2.65913431708088e-05,0,6.17571775564606e-05,0,0,0,0.00975868943508591,0,0.00580703244890958,3.99359413025737e-05,0.0023991331851375,0,0,0.00279332068407089,0.0120438379562778,0.00177171095545266,0,0,0,0,0,0,0.00416115938943258,0,0,0,0,0,0,0.0964511818563461,0,0,0,0,0,0,0,0,0,0.00478780368509734,0,0,0,0,0,0.00245050530972088,0,0.00226611005059964,0.000224047787990045,0,0.0131115660440205,0,0.000294637025678617
0,0,0,1.38550968693859e-05,1.50829081407616e-05,0,0,0,1.65988222753339e-05,0,0,0,0,0,0,0,0,3.67301902524838e-06,0.000275588798931231,0,0,0,0,0,0,0,0,0,0,0,0,0.00196453063126065,0.0029122538682068,0.0611929889190495,0.0445363812996085,9.90340543326466e-05,0.000500806255786869,0.000330256950495727,0.000551298804450691,0.00895167203392992,0.00509334496098201,0.015854075153978,0.00937345716290463,0.000140246897127966,2.88344109333023e-05,0.00033852733778636,0.00279332068407089,0,0.0666647735431066,0.0553746206815559,0,0,0,0,0,0,7.73534398983394e-05,0.0001803435046031,0,0,0,0,0.00201841680674537,0.00137896033045128,1.0875527323375e-05,0,0,0,0,0,0,0,0.000177840318211385,0,0.000459390477803299,0.0127678448532295,0.0280968390558803,0.0156096628034023,0.00242793986929002,0.00284401840258403,0.00101048303867947,0.000208375887943915,0.00180094711525314,0.000340453759432015,0.0271489729771143,5.20465144699129e-05,9.14724811284695e-05
0.0108364405103562,0,0.00839366785506647,0,0.000148742935635026,0,0,0,0.000286618334575349,0,0,0,0,0,0,0,0,0,0.000719139306094041,0,8.44439749380445e-06,0,0.00173158801928809,0,0.000779427460286721,0,0,0,0.000350725783829515,0,0,0,0.000397375917037645,1.38094997166832e-05,0.0323582221593428,0,0.000545011368783383,0,0.00391311019540219,0.0008880400075442,0.0492819080709942,0.000348002013744091,0.0216242486035725,0,2.3331732443157e-05,0,0.0120438379562778,0.0666647735431066,0,0.00842184126319061,9.39169780914167e-05,0,0,0,9.36136002356886e-05,0,0.00165072999530587,0,0.0008860932922519,0,0.00634865011040447,0,0,0.00249722375181978,0,0.00142957541395227,0,0.00601251351961233,0,0.00566258964664425,0,0.00654331544927574,0,0.00990946732742902,0,0,0.000332788073436889,0.00380559837884768,7.41460784135797e-06,0.00869352362848579,5.9453403327862e-05,0.0063550190034375,0.000341940475985349,0,0.0178915496549852,0,0.000319235449499649
0,0.0222240014935793,0,0.0179005369346405,0,2.3175476749693e-05,0,0,0,0.000148322523915562,0,0,0,0,0,0,1.56442619307102e-05,0,0.00175785945476599,0,0,0.00327750339601639,0,0.0127233628105417,0,0,0,0,0,0,0,0.00301721408549942,0,0.0310743230099227,0.000164973960213317,5.22639140276555e-05,0.000701306270419593,0.00550405580076876,0,0.0295848653184882,0,0.0362402936817775,0.000299732585369507,0.000356259287803084,0,0.00600744444359233,0.00177171095545266,0.0553746206815559,0.00842184126319061,0,0,0,0,0,0,0,0,0.00285086170663567,0,8.12632434398493e-05,0,0.000756419974150942,0.0043772618054976,0.00032141736450387,0.00589489269958652,0,0.0286672080858671,0,7.91322854417449e-05,0,0,0,0.0110982577781042,0,0.00136893740551078,0,0.0109490823611525,0,0.00357502693490011,9.38200734220742e-05,0.00378237352738178,1.76181070292595e-05,0.000867729636151613,3.3462152158363e-06,0.0293302567110955,0.0020920246613663,0
0,0,0.0151062974076385,0,0.139496740060472,0,0,0,0.00029104304139924,0,0,0,0,0,0,0,0,0,0,0,0,0,0,0,0,0,0,0,0,0,0,0,0,0,0,0,0,0,0,0,0,0,0,0,0,0,0,0,9.39169780914167e-05,0,0,0,0,0,0.0021883152320239,0,0.00622771370051106,0,0.00739372328737295,0,0.00251838355735531,0,0,0,0,0,0,0,0,0,0,0,0,0,0,0,0,0,0,0,0,0,0,0,0.000116550618376893,0,0
0,0,0,0.0171404175344497,0,0.077011957350768,0,0,0,0,0,0,0,0.000512173141971974,0,0.000650141409035132,0,0,0,0,0,0,0,0,0,0,0,0,0,0,0,0,0,0,0,0,0,0,0,0,0,0,0,0,0,0,0,0,0,0,0,0,0,0.00138184032466895,0,0,0,0.00314144738588053,0,0.0150643380355966,0,0.000765973465383261,0.00076632302164422,0,0,0,0,0,0,0,0,0,0,0,0,0,0,0,0,0,0,0,1.13542428359932e-05,0,0,0,0
0,0,0,0,0,0,0.0562156259244982,0,0,0,0,0,0,0,0,0,0,0,0,0,0,0,0,0,0,0,0,0,0,0,0,0,0,0,0,0,0,0,0,0,0,0,0,0,0,0,0,0,0,0,0,0,0,0,0,0,0,0,0,0,0,0,0,0,0,0,0,0,0,0,0,0,0,0,0,0,0,0,0,0,0,0,0.000401474395252869,0,0,0,0
0,0,0,0,0,0.0187529879103319,0,0.0652136983363743,0,0,0,0,0,0,0,0,0,0,0,0,0,0,0,0,0,0,0,0,0,0,0,0,0,0,0,0,0,0,0,0,0,0,0,0,0,0,0,0,0,0,0,0.00138184032466895,0,0,0,0,0,0.00720279413990335,0,6.94143861466427e-05,0,0,0,0,0,0,0,0,0,0,0,0,0,0,0,0,0,0,0,0,0,0,0.000375061410192924,0,0,0,0
0.0271928035445194,0,0.0441924794769455,0,0.00354475869607742,0,0,0,0.0770451704576787,6.61366465406388e-05,0,0,0,0,0.0115243276598511,3.72168050125576e-05,0.00703913099816126,0.00154463344688413,0.00112749409414277,0,0,0,1.25952151115211e-05,0,0.036915795378322,0.000395762802644303,0.0049821706269566,3.31077684589563e-05,0,0,0,0,0,0,0,0,0,0,0.00027204249340495,0,0,0,0,0,0,0,0,0,9.36136002356886e-05,0,0.0021883152320239,0,0,0,0,0.00229223026194631,5.53706614348729e-05,0,9.34133618619376e-05,0,0.00126047757285329,0,0,0,0,0.000120599497321646,4.73033480233656e-05,0.0136836223576478,0.000453677256885459,0.000209224124076928,0,0,0,0,0,0,0,0,0,0,0,0.00302301004685932,0.000350030280811181,2.07360797257093e-05,0.000334118759565013,0,0
0,0.0447802874401643,0,0.0728626791675536,0,0,0,0,0.00272908054276388,0.0332961180443365,0,0,0,0.000853295695989661,0.000285894995476953,0.0141253458830899,0.00158189983259348,0.0088105991190847,0.00075000156111334,0,0,0,9.15768861552092e-06,0.0193385486168741,0,0.00809692002089137,0,0.000487567992053239,0,0,0,0,0,0,0,0,0,0,0,0,0,0.00012845278086788,9.2502180353643e-05,0,0,0,0,0,0,0,0,0,0,0,0.00229223026194631,0,0,0,0,0.00122802455702004,0,0.0244718936424532,0,0,0.000231846537970259,7.16794328276089e-05,0.0520503786037956,0,0.00470947154570789,0,3.09217531817675e-05,0,2.66972034219822e-05,0,0,0,0,0,2.38993066658508e-06,2.00124642230357e-05,2.44289174994612e-05,0,0.000502137574225929,0.000103344224400542,0.000890135424311549,0.000429122418094466,0
0,0,0.000474231322350647,0,0.00223249096064011,0,0.00280703845840532,0,0.000110932065410993,0,0.0844664498554174,0,0.000284717060181126,0,6.52928763383246e-05,0,0,0,0.000119839637164227,0,0.0141746737893259,0,0,0,0,0,0,0,0,0,0.00273702103249888,0,0,0,0,0,3.70983562263708e-05,0,0.000352327261466132,0,0.00057847554581044,0,0.00692499681946497,0,0.000214213600964414,0,0.00416115938943258,7.73534398983394e-05,0.00165072999530587,0,0.00622771370051106,0,0,0,5.53706614348729e-05,0,0,0,0.0122092979181812,0,0.00964329289427118,0,0,0.0227219921421741,0,0,0,0,0,0,0,0.00474836829991466,0,0.0170880740174622,0,0,0,0,0,0.000199681079906933,0,0.000383800292428653,5.69083634697068e-05,0,0.00928168992154964,0,0.00277557482167611
0,0.000117013004829331,0,0.00449973988838199,0,0.000463911041130236,0,0.00741453188001022,0,2.63161381802127e-05,0,0.123702676308696,0,0.00721606800038757,0,0,0,0,0.000191221287360445,0.0170162698194969,0,0,0,0,0,0,0,0.00396538698165546,0,0.0139872004888595,0,0,0,0.000103273624811389,0,0.000125407393981184,0,0.000541378763459038,0,0.000221207258601244,0,0.0120837773394804,0,0,0,0.00511194090334815,0,0.0001803435046031,0,0.00285086170663567,0,0.00314144738588053,0,0.00720279413990335,0,0,0,0,0,0.0121032614451066,0,0.00159587317133694,0.0425051759476687,0,0,0,0,0,0,0,1.33010547739029e-05,0,0.0271962556460785,0,0,0,0,0,0.000767527338279102,0,0.000821838147598428,0,0.000340349361134053,1.13469713238091e-05,0.010729258705017,0.00365263355951843,0
0,0,2.56659998828501e-05,0,0.00218716254420057,0,0.00230885160685969,0,8.45188291960716e-05,0,0,0,0.0234823122036768,0,0.00135144479494767,0,0,0,0,0,0,0,0,0,0,0,0,0,0.00159504926215117,0,0,0,0,0,0,0,0,0,0,0,0,0,0,0,0,0,0,0,0.0008860932922519,0,0.00739372328737295,0,0,0,9.34133618619376e-05,0,0.0122092979181812,0,0,0,0.0201785790089088,0,0,0,0,0,0,0,0,0,0,0.00150051937808449,0,0,0,0,0,0,0,0,0,0,3.205234816523e-05,0,0.000210333901625503,0,0
0,3.77133500544802e-05,0,0.000361126666273974,0,0.00137180789721373,0,0.00861189417624995,1.1679402457099e-05,2.86797330829758e-05,0,0.000636112196372974,0,0.0475456634466631,0,0.00469303964789706,4.90857890705029e-05,0.00100452931584689,6.58281304257158e-05,0,0,0,0,0,0,0.00221138575821789,0,0.00166179859022614,0,0,0,0,0,0,0,0,0,0,0,0,0,0,0,0,0,0,0,0,0,8.12632434398493e-05,0,0.0150643380355966,0,6.94143861466427e-05,0,0.00122802455702004,0,0.0121032614451066,0,0,0,0.00828962779614408,0,0,3.66823735500534e-05,0,0,0,0.00239262015523472,0,0.020447547377206,0,0,0,0,0,0,0,0,0,0,0,0.000107298396005958,2.46117642252217e-05,0,0,0
0.000317199030509195,0,0.00549478584241837,0,0.00269070185557677,0,0,0,0.00112165757829333,0,0,0,0.0208167208482148,0,0.0357668389728174,0,0.00108485360811931,7.66418329835772e-05,0.000154299610927111,0,0,0,0,0,0,0,0.00404360395278913,0,5.79038471713975e-05,0,0,0,0,0,0,0,0,0,0,0,0,0,0,0,0,0,0,0,0.00634865011040447,0,0.00251838355735531,0,0,0,0.00126047757285329,0,0.00964329289427118,0,0.0201785790089088,0,0,0,0,0,0,1.31916487464538e-05,0,0,0,0.00305342662287082,0,5.96907063300208e-05,0,0,0,0,0,0,0,0,0,0,2.06214495297406e-05,3.02420991017368e-06,0.000807881864511383,0,0
0,0.000883101596089047,0,0.0220255055984535,0,0.00259900370302255,0,0,4.81817176479302e-05,0.00452878786735486,0,0,0,0.000384972952870166,0,0.0310396650935899,0.000107672074812408,0.00313434853557605,0.000223415773181009,0,0,0,0,0,0,0.000530391361491372,0,9.0003353365482e-05,0,0,0,0,0,0,0,0,0,0,0,0,0,0,0,0,0,0,0,0,0,0.000756419974150942,0,0.000765973465383261,0,0,0,0.0244718936424532,0,0.00159587317133694,0,0.00828962779614408,0,0,0,0,0,0,0,0,0.00153434836093647,0,7.25004840190085e-06,0,0,0,0,0,0,0,0,0,0,0,4.52916489515759e-05,1.54659435505763e-05,0,0,0
0,0.000301881885264725,0,0.00567390319568375,0,0.0226266772994814,0,0,0,2.84556633058388e-05,0,0.00652257587722764,0,0,0,0,3.24551554648162e-05,4.39413844157994e-06,0.000217924435485709,0.0649688020209694,0,0,0,0,0,0,0,0,0,4.07516861791759e-05,0,0.000129178510017318,0,9.85001158218715e-05,0,0.00151762623876899,0,0.00204063470790117,0,0.00493744603146644,0,0.0147304579402306,0.000393936269562317,0,0,0.0763147391560218,0,0.00201841680674537,0,0.0043772618054976,0,0.00076632302164422,0,0,0,0,0,0.0425051759476687,0,0,0,0,0,0,0,0,0,0,0,0,0,0,0.0286571258258775,0,4.88793675292999e-05,0,0.000236244134157611,0,0.00795382348945766,0,0.0122438228923835,3.58156234790763e-05,0.00072843399452965,1.10441859965623e-05,0.0176535209704642,0.0009638213639799,0
0,0,0.00194850069790483,0,0.00159183392832611,0,8.58624483303855e-05,0,8.4048820714137e-05,0,0.00123646577869253,0,0,0,0,0,0,0,0.000755386902990859,0,0.0619388112651242,0,0,0,0,0,0,0,0,0,0,0,0,0,3.63909471369395e-05,0,0.00339279001666607,0,0.000346981411230673,0,0.00573031505891328,8.08394363898697e-06,0.0224049083540799,0,0.00107006095053307,0,0.0964511818563461,0.00137896033045128,0.00249722375181978,0.00032141736450387,0,0,0,0,0,0,0.0227219921421741,0,0,0,0,0,0,0,0,0,0,0,0,0,0,0,0,0.0128399673787098,0,0,0,0,0,0.0188236445840381,4.132664491595e-06,0.0128688490134386,0.00207501711726676,0.000123809209883724,0.024924712515317,0,0.00477362361300967
0,0,0,0,0,0,0,0,0,0.000208053829763782,0,0,0,7.30262648588025e-06,0,0.000352367476143371,0.000278724228878071,0.00158900632412245,1.21169727232866e-05,0,0,0.146307419010334,0,0.00301192514256566,0,0.000892554311101862,0,0.011477129876416,0,0,0,0,0,0.000468666924045305,5.95889478795372e-05,0,0,0.00804615675533117,0,0,0,7.57715346673448e-05,0,0,0,0,0,1.0875527323375e-05,0,0.00589489269958652,0,0,0,0,0,0.000231846537970259,0,0,0,3.66823735500534e-05,0,0,0,0,0,0,0.00893930469880615,0,0.00400772275520898,0,0.0131029431332711,0,2.02726300196263e-05,0,0,0,1.77941402663842e-05,2.68425064971923e-05,0,0,0.00782420608123003,3.72024425932259e-05,0.000961386019471705,0.00103922156084228,4.94162861870754e-05,0,0
