0,0,99.4038362056017,0,2.91550947725773,0,0,0,371.927354171872,0,0,0,0,0,5.46638071537018,0,5.29044885933399,0,3.9428486675024,0,9.44650137424469,0,0,0,0,0,0,0,0,0,0,0,0,0,0,0,4.69321285188198,0.802890449762344,12.8919583559036,0,16.6862725317478,1.73873090744019,125.9023854509,0,0,0,4.47026012837887,4.69307821989059,233.044020839036,0,29.3906961083412,0,0,0,74.0012818276882,0,14.9881511181593,0,0,0,5.02050310373306,0,0,1.7362454533577,0,0,0,0,0,0,0,2.14696921408176,0,14.2780273258686,0,0,0,0,0,14.1109657287598,3.52831727266312,1.47273689508438,179.920418649912,0,362.520631916821,0,5.77867412567139
0,0,0,114.018093407154,0,0,0,0,0,450.968969702721,0,0,0,0,0,57.5521019399166,0.663767918944359,2.3665814101696,31.5307277664542,9.51818761974573,0,0,0,63.050600245595,0,0,0,0,0,0,0,0,0,0,0,3.58288972079754,0,87.6490762382746,0,17.7507933154702,0.248201750218868,438.3830800578,1.12987963855267,1.1436120569706,0,176.474569700658,0.130507692694664,0.863046109676361,0,220.925638668239,0,24.1315465569496,0,0,0,58.3294398784637,0,22.7277110517025,0,25.5105285197496,0,126.00503231585,25.7684230878949,0,0,0,1.2107430100441,0,0,0,0,0,14.2951198965311,0,0,0,0,0,20.8196294084191,0.102034628391266,18.8824082538486,0,457.016277581453,0,828.932390838861,10.2523289173841,0
99.4038362056017,0,0,0,16.7093894481659,0,0,0,70.2111157774925,0,0,0,0,0,0,0,1.3650287091732,0,1.28956113755703,0,52.059164494276,0,0,0,0,0,0,0,0,0,0,0,0,0,0,0,24.3322972357273,0,0.64603328704834,0.227562382817268,7.51545358449221,0.173173271119595,35.0064137876034,0,0.594512581825256,0.775975406169891,1.60408255457878,0,67.0950962379575,0,109.724342346191,0,0,0,11.6851687431335,0,34.4639806598425,0,106.399189904332,0,56.6358130574226,0,0,7.96263810992241,0,0,0,0,0,0,0,0,0,10.574513360858,0,0,0,0,0.891575157642365,28.7345278337598,0.175694793462753,1.00331050157547,42.3860904797912,0.772953391075134,169.985420525074,0,0.216965734958649
0,114.018093407154,0,0,0,11.9375760555267,0,0,0,24.2762057930231,0,3.26893758773804,0,0,0,11.6235725283623,0,0,4.27549690008163,55.7101610898972,0,0,0,0.237552210688591,0,0,0,0,0,0,0,0,0,0,0,73.4750550985336,0,1.12709638476372,0,70.6896312087774,0.177330359816551,70.289367839694,1.40568834543228,0,0,61.8238043934107,0.948184192180634,0,0.335565626621246,72.9196124225855,0,15.507762670517,0,0,0,12.5451314598322,1.80103948712349,168.253685534,0,69.4822588562965,0,50.6772392839193,66.5800514221191,0,0,0,0,0,0,0,0,0,1.89949429035187,0.55117791891098,0,0,0,0,94.0063609629869,1.6644140407443,2.1397802978754,0,221.290304288268,50.8249722272158,355.673233188689,1.07785391807556,0
2.91550947725773,0,16.7093894481659,0,0,0,95.645722001791,0,0.667938619852066,0,0,0,0,0,2.41356575489044,0,0,0,0,0,24.6029700189829,0,0,0,0,0,0,0,0,0,0,0,0,0,0,0,1.74558913707733,0,0,0,0,0,1.11216320097446,0,0,0,0,0,0.912316918373108,0,232.329375490546,0,1,0,0,0,5.34358540177345,0,3.12303014099598,0,68.4772843569517,0,0,0,0,0,0,0,0,0,0,0,0,1.62312203645706,0,0,0,0,0,1.27082151174545,0,0,345.427835822105,27.8667013645172,6.45675538480282,0,0
0,0,0,11.9375760555267,0,0,0,86.8332512974739,0,0,0,11.3830899596214,0,0,0,0,0,0,0,9.89689511060715,0,0,0,0,0,0,0,0,0,0,0,0,0,0,0,40.6669504344463,0,0,0,0.777576804161072,0,0,0,0,0,0,0,0,0,0,0,236.264319121838,0,65.956787198782,0,4.63840913772583,0,54.2487364709377,0,2.20864474773407,0,10.6351535320282,0,0,0,0,0,0,0,0,0,0,0,0,0,0,0,0,0,0,0,0,597.286966204643,2.75936663150787,39.0395291447639,0,0
0,0,0,0,95.645722001791,0,0,0,0,0,48.2264962792397,0,70.4175110459328,0,0,0,0,0,0,0,6.06695783138275,0,0,0,0,0,0,0,0,0,0,0,0,0,0,0,0,0,0,0,0,0,0,0,0,0,0,0,0,0,50.4281327724457,0,249.241687387228,0,0,0,82.1165552735329,0,34.8077932298183,0,0,0,0,0,0,0,0,0,0,0,0,0,0,0,0,0,0,0,0,0,0,0,292.396263703704,1.70199371874332,2.83218216896057,0,0
0,0,0,0,0,86.8332512974739,0,0,0,0,0,0,0,22.26253002882,0,0,0,0,0,29.9682297706604,0,0,0,0,0,0,0,0,0,0,0,0,0,0,0,44.3009801805019,0,0,0,0,0,0,0,0,0,0,0,0,0,0,0,16.4912657141685,0,210.676615387201,0,0,0,0,0,28.2156291306019,0,0,0,0,0,0,0,0,0,0,0,0,0,0,0,0,0,0,42.722698494792,0,0,0,173.733180046082,3.99157476425171,0,0,0
371.927354171872,0,70.2111157774925,0,0.667938619852066,0,0,0,0,0,0,0,0,0,201.616902261972,0,81.5727001875639,0,40.0436769276857,0,23.8214807659388,0,3.48449179530144,0.147798180580139,255.984232872725,0,7.81380611658096,0,0,0,0,0,0,0,0,0,3.19924819469452,0.198191806674004,52.4436858072877,0,5.76780334115028,0.906682074069977,43.2775660678744,0,0,0.471995532512665,2.08716380596161,2.65069504082203,41.5775137096643,0,4.40519660711288,0,0,0,414.520796984434,0,14.6332037895918,0,0,0,192.973882511258,0,0,1.75210440158844,0,2.08396798372269,0,107.936655387282,0,144.203294038773,0,2.16110736131668,0,29.1480906754732,0,0,0,0,0,10.2339839711785,0,15.9036439061165,1258.98498511314,85.4862450659275,100.960436373949,0,7.06741650402546
0,450.968969702721,0,24.2762057930231,0,0,0,0,0,0,0,0,0,0,0,149.79609849304,0,21.1001532971859,14.1212793663144,0.17048291862011,0,0,0,88.2919783890247,0,23.5067043602467,0,0,0,0,0,0,0,0,0,0.822212636470795,0,25.2544964700937,0.416791915893555,0.571210384368896,0,135.821104466915,0.137805357575417,0,0,24.0446458533406,0,3.89161232113838,0.135364532470703,56.9408499449492,0,18.7647621631622,0,0,0,258.577380776405,0,1.52955967187881,0,0.647830784320831,0,175.239381425083,11.3226588368416,0,0,0,35.1559624224901,0,31.9627564102411,0,0,0,58.1468420624733,0,0,0,0,0,12.5562760531902,0,25.6192682832479,0.438548907637596,608.382350876927,91.6993255615234,167.290651842952,12.4342611432076,0
0,0,0,0,0,0,48.2264962792397,0,0,0,0,0,1403.27456393838,0,0,0,0,0,0,0,489.900351107121,0,0,0,0,0,0,0,183.592553973198,0,72.1343692839146,0,0,0,0,0,260.874483436346,0,2273.00387197733,0,0.195457935333252,0,0,0,0,0,2.10306262969971,0,0,0,0,0,8.05541920661926,0,0,0,2849.09613690525,0,2667.10257312655,0,0,0,0,434.086375407875,0,0,0,0,0,0,0,79.8785661160946,0,175.645607300103,0,0,0,0,0,134.881502360106,0,543.328012868762,1271.31518137455,69.6876384615898,64.3118617832661,0,0
0,0,0,3.26893758773804,0,11.3830899596214,0,0,0,0,0,0,0,264.724317535758,0,0,0,0,0,250.993892133236,0,0,0,0,0,0,0,96.6986557394266,0,535.506097055972,0,0,0,0,0,156.279914841056,0,961.908847801387,0,0,0,0,0,0,0,0,0,0,0,0,0,0,0,2,0,0,0,3457.97215630114,0,18.4347934424877,0,1.16176962852478,16.615588888526,0,0,0,0,0,0,0,9.96140831708908,0,516.454253293574,0,0,0,0,0,85.9996257573366,0,173.087845690548,0,608.70259450376,84.7680076360703,15.6232495382428,0,0
0,0,0,0,0,0,70.4175110459328,0,0,0,1403.27456393838,0,0,0,74.1022569835186,0,0,0,0,0,0,0,0,0,0,0,6.59601998329163,0,209.635820806026,0,0,0,0,0,0,0,0,0,0,0,0,0,0,0,0,0,0,0,0,0,0,0,0,0,0,0,170.089548379183,0,843.42134039849,0,0.655376791954041,0,0,0,0,0,0,0,0,0,0,38.9532890915871,0,0,0,0,0,0,0,0,0,0,476.21865439415,339.183213025331,0,0,0
0,0,0,0,0,0,0,22.26253002882,0,0,0,264.724317535758,0,0,0,0,0,2.18946349620819,0,0,0,0,0,0,0,0,0,103.239051938057,0,23.5154458284378,0,0,0,0,0,0,0,0,0,0,0,0,0,0,0,0,0,0,0,0,0,0,0,102.210477739573,0,0,0,43.3163221180439,0,2303.99308474362,0,0,0,0,0,0,0,0,0,0,275.922755815089,0,3.94039136171341,0,0,0,0,0,0,0,0,0,394.336075603962,489.590730935335,0,0,0
5.46638071537018,0,0,0,2.41356575489044,0,0,0,201.616902261972,0,0,0,74.1022569835186,0,0,0,175.188615396619,0,0,0,0,0,0,0,11.7394554018974,0,28.273249745369,0,0,0,0,0,0,0,0,0,0,0,0.17848239839077,0,0,0,0,0,0,0,0,0,0.548609867691994,0,0,0,0,0,21.9240499585867,0,0,0,23.3415376543999,0,126.563647508621,0,0,0,0,0,0,6.87814274430275,0,0.24377766251564,0,3.16295123100281,0,0,0,0,0,0,0,0,0,0,142.10144649446,33.3793597221375,0.257024616003036,0,0
0,57.5521019399166,0,11.6235725283623,0,0,0,0,0,149.79609849304,0,0,0,0,0,0,0,91.2971667349339,0.145272359251976,0.191716223955154,0,0,0,59.5742935463786,0,43.3039743602276,0,0,0,0,0,0,0,0,0,0,0,0,0,1.51892331242561,0,4.72612825036049,0,0,0,0.639311388134956,0,0,0,4.47602571547031,0,0,0,0,0,42.130641669035,0,0,0,0,0,103.400032773614,0.129810035228729,0,0,0,0,0,59.3040379881859,0,0,0,0.199297517538071,0,0,0,0,0,1.47723658382893,0,0.169423401355743,0,151.126956008375,58.2684542536736,2.69503547251225,0.972273528575897,0
5.29044885933399,0.663767918944359,1.3650287091732,0,0,0,0,0,81.5727001875639,0,0,0,0,0,175.188615396619,0,0,5419.78622785211,2003.84930747747,0,0,0,428.579756692052,0,23.2858579158783,0,2217.093409881,0,165.078313201666,0,0,0,0,0,0,0.124174378812313,0.409684635698795,0.806455925107002,0.52909243106842,2.8922692835331,205.189483731985,16.5937014222145,178.214948132634,0,1.72367313504219,68.689703039825,88.3076713457704,0,2.89047308266163,0.829928822815418,0,0,0,0,47.6871637105942,0.146552428603172,17.8539457321167,0,0.387878715991974,0,1.01692008972168,0,0.80245903134346,1.15296317636967,0,6.18029701709747,0,2.76710361242294,0,415.352833732963,0,11.8180720061064,0,52.0904653817415,0,0,0,0,3.03993585705757,35.6442448571324,4.48755139112473,9.56979233771563,4245.73879843578,2004.16328065097,299.800718635321,0.740037448704243,29.2686702013016
0,2.3665814101696,0,0,0,0,0,0,0,21.1001532971859,0,0,0,2.18946349620819,0,91.2971667349339,5419.78622785211,0,1539.87379806489,1.25829770416021,0,861.956672430038,0,262.154593497515,0,702.953242361546,7.67784357070923,180.123932659626,0,0,0,0,0,0,0,0,0.162497341632843,1.35868568718433,0,1.59868267178535,28.1167234703898,31.4702451378107,37.4184019416571,1.40546371042728,0.242525845766068,54.7343461737037,22.0694599673152,0.154460176825523,1.39049318432808,1.39116588979959,0,0,0,0,0,0,3.71799953281879,0.806602478027344,0,0,0.240632399916649,8.24081158638,6.73938743025064,0.313441127538681,141.875151917338,0,55.3726728856564,0,194.737298935652,0,0,0,0.504331827163696,5.18302353471518,0,0,0,0,10.1899452954531,4.47187979519367,6.36989282816648,0.46679961681366,8906.71419624984,1027.02474471927,66.9156174883246,1.0453674569726,4.00989708304405
3.9428486675024,31.5307277664542,1.28956113755703,4.27549690008163,0,0,0,0,40.0436769276857,14.1212793663144,0,0,0,0,0,0.145272359251976,2003.84930747747,1539.87379806489,0,19.8170561417937,0.159879192709923,0,0,0.653641000390053,0,0,5.72200772166252,0,0,0,0,0,0,0,0,9.04670460522175,8.19610884785652,24.4600908905268,0.863401934504509,17.865298435092,761.184161409736,440.425876121968,799.902684554458,5.90489076077938,5.00647242367268,1042.4344964847,384.589787065983,0.363998219370842,6.18990749120712,36.4755558148026,2.50219187140465,0,0,0,0,11.9715224727988,36.8117461204529,0.367273285984993,0.124629095196724,0,1.4266223013401,0.33953458070755,68.4337466955185,2.47496528178453,0,0,0.288747206330299,0,0,0.358206361532211,0,0.659370437264442,11.0509646758437,131.036056250334,0,0,0,0,138.219333484769,90.5031738728285,123.779724836349,29.9502766206861,2306.6043163836,10.8141561001539,1324.26925278455,53.146192625165,97.0331366807222
0,9.51818761974573,0,55.7101610898972,0,9.89689511060715,0,29.9682297706604,0,0.17048291862011,0,250.993892133236,0,0,0,0.191716223955154,0,1.25829770416021,19.8170561417937,0,0,0,0,0,0,0,0,0,0,9.40273493528366,0,0,0,0,0,1785.67109902948,0,315.096530526876,0,3.21483066678047,0,24.0440404936671,0.161642402410507,1.01419222354889,0,222.205739684403,0,0,0,5.45138645172119,0,0,0,0,0,0,0,117.18200199306,0,0,0,2.12532658874989,1443.88098099083,0,0,0,0,0,0,0,0,0,39.3531787320971,0,0,0,0,0,213.392332091928,0,90.6329459920526,0,1202.33689205348,0.659950375556946,234.803247846663,3.25537663698196,0
9.44650137424469,0,52.059164494276,0,24.6029700189829,0,6.06695783138275,0,23.8214807659388,0,489.900351107121,0,0,0,0,0,0,0,0.159879192709923,0,0,0,0,0,0,0,0,0,0,0,0,0,0,0,0,2.31024622917175,873.293678224087,0,439.164376109838,0,1.16589529067278,0,7.73305500298738,0,0,0,177.789729803801,0,13.5752180814743,0,140.33576746285,0,2.14367812871933,0,2.76652732491493,0,667.742188766599,0,7.78112231194973,0,4.19315975904465,0,0,3530.22530344874,0,0,0,0,0,0,0,0,0,9.92256978154182,0,0,0,0,0,308.953633725643,0,76.4309439659119,136.257635436952,4.01178149878979,177.458418481052,0,0
0,0,0,0,0,0,0,0,0,0,0,0,0,0,0,0,0,861.956672430038,0,0,0,0,746.763627067208,685.48681370914,0,92.4020934104919,0,189.759521320462,0,0,0,0,0,1.23312425613403,0,0,0,2790.46933999658,26.6320887506008,0,0,0,0,0,0,0,0,3.68369287252426,1.00365456938744,436.049565911293,0,0,0,0,0,0,0,0,0,0,0,0,0,0,9164.03336202353,71.4032494723797,310.153880223632,0,66.1251167654991,0,144.500639677048,0,0,0,0,0,0,0,0,0,521.431501165032,2.21087580919266,5333.41395368427,921.584121018648,0.420985609292984,0,0
0,0,0,0,0,0,0,0,3.48449179530144,0,0,0,0,0,0,0,428.579756692052,0,0,0,0,746.763627067208,0,0,269.015576183796,0,437.158658087254,0,414.866456180811,0,0,0,0,0,0,0,0,14.5890016555786,2291.11111282557,0,0,0,0,0,0,0,0,0,573.554282903671,0,0,0,0,0,2.37525749206543,0,0,0,0,0,0,0,0,0,128.612621724606,12216.9832923412,0,70.1293746381998,0,329.812717378139,0,129.204248145223,0,0,0,0,0,0.545325696468353,0,0,4.46629616618156,745.670418962836,4910.69622083753,1476.92664411664,0,0,0
0,63.050600245595,0,0.237552210688591,0,0,0,0,0.147798180580139,88.2919783890247,0,0,0,0,0,59.5742935463786,0,262.154593497515,0.653641000390053,0,0,685.48681370914,0,0,0,142.624605700374,0,0,0,0,0,0,0,0,0,0,0,695.870252385736,0.664719894528389,0.170555412769318,0,10.4662613794208,0,0,0,1.95442300289869,0,6.68215903639793,0.202186420559883,49.4747560173273,0,0,0,0,0,69.795092985034,0,2.37272167205811,0,0,0,47.3647060021758,0.944355398416519,0,341.971591323614,0,690.237237036228,0,351.7556181252,0,0,0,1.84822715818882,0,0,0,0,0,0.937654346227646,0,24.2479978501797,0.395733535289764,431.586812749505,13.0215066671371,11.7771473675966,0.335735216736794,0
0,0,0,0,0,0,0,0,255.984232872725,0,0,0,0,0,11.7394554018974,0,23.2858579158783,0,0,0,0,0,269.015576183796,0,0,0,203.106680363417,0,0,0,0,0,0,0,0,0,0,0.670238837599754,695.919918686152,0,0,0,0,0,0,0,0.307398825883865,3.31909909844398,49.7174661755562,0,0,0,0,0,122.826225757599,0,0,0,0,0,87.1474138796329,0,0,0,0,415.916114032269,0,990.556722819805,0,776.135468482971,0,0,0,0,0,0,0,0,0,0,1.11247180402279,47.0344202145934,287.991088479757,1.23871403932571,8.143226146698,0,0
0,0,0,0,0,0,0,0,0,23.5067043602467,0,0,0,0,0,43.3039743602276,0,702.953242361546,0,0,0,92.4020934104919,0,142.624605700374,0,0,0,8.65137031674385,0,0,0,0,0,0,0,0,0,0,0,0,0,0,0,0,0,0,0,0,0,0,0,0,0,0,0,7.13740113377571,0,0,0,0,0,47.0815894305706,0,0,32.3178390860558,0,0.627371788024902,0,283.07766392827,0,0,0,0,0,0,0,0,0,0,0,0,0,204.021003365517,78.986314445734,0,0,0
0,0,0,0,0,0,0,0,7.81380611658096,0,0,0,6.59601998329163,0,28.273249745369,0,2217.093409881,7.67784357070923,5.72200772166252,0,0,0,437.158658087254,0,203.106680363417,0,0,0,344.274681225419,0,0,0,0,0,0,0,0,0,0.590329259634018,0,0,0,0,0,0,0.689668074250221,0,0,0,0,0,0,0,0,0.981729567050934,0,0.120625086128712,0,0,0,2.41127026081085,0,0,0,0,52.1722058653831,0,17.3112049996853,0,988.979646384716,0,113.452949434519,0,0,0,0,0,0,0,0,0,0,672.411348700523,75.3548322618008,0.736443817615509,0,0
0,0,0,0,0,0,0,0,0,0,0,96.6986557394266,0,103.239051938057,0,0,0,180.123932659626,0,0,0,189.759521320462,0,0,0,8.65137031674385,0,0,0,513.621005430818,0,0,0,0,0,0,0,96.1260789185762,0,0,0,0,0,0,0,0,0,0,0,0,0,0,0,0,0,0,0,6.08297738432884,0,177.885428264737,0,0,0,0,78.8582752794027,0,0,0,0,0,3994.6056759432,0,18.1392126977444,0,0,0,0,0,0,0,34.4929061830044,0,1198.00365482271,1332.11485785246,0,0,0
0,0,0,0,0,0,0,0,0,0,183.592553973198,0,209.635820806026,0,0,0,165.078313201666,0,0,0,0,0,414.866456180811,0,0,0,344.274681225419,0,0,0,816.45529307425,0,0,0,0,0,0,0,75.6148406863213,0,0.501564800739288,0,0,0,0,0,0,0,0,0,0,0,0,0,0,0,176.258514195681,0,161.791447937489,0,0,0,0,0,0,33.9034204781055,0,0,0,18.5291613042355,0,2146.0836173892,0,420.85112285614,0,0,0,0,0,0,0,108.710739992559,1126.22037696838,455.903545990586,0,0,0
0,0,0,0,0,0,0,0,0,0,0,535.506097055972,0,23.5154458284378,0,0,0,0,0,9.40273493528366,0,0,0,0,0,0,0,513.621005430818,0,0,0,0,0,0,0,0,0,630.467454560101,0,0,0,0,0,0,0,0,0,0,0,0,0,0,0,0,0,0,0,351.711425662041,0,27.1144988536835,0,0,0,0,0,0,0,0,0,0,122.939409509301,0,2150.39649102092,0,0,0,0,0,0,0,259.890914179385,0,373.759225845337,39.7904346287251,0,0,0
0,0,0,0,0,0,0,0,0,0,72.1343692839146,0,0,0,0,0,0,0,0,0,0,0,0,0,0,0,0,0,816.45529307425,0,0,0,0,0,0,0,0,0,1395.45616209507,0,0,0,0,0,0,0,0,0,0,0,0,0,0,0,0,0,129.634384632111,0,0,0,0,0,0,2.03816270828247,0,0,0,0,0,0,0,52.6032722294331,0,834.54256208241,0,0,0,0,0,0,0,236.287858396769,515.275207415223,175.640224993229,0,0,0
0,0,0,0,0,0,0,0,0,0,0,0,0,0,0,0,0,0,0,0,0,0,0,0,0,0,0,0,0,0,0,0,236.645309567451,9.06035178899765,5.92672684043646,317.716664433479,1.27568662166595,0,0,0,0,0,0,0,0,0,0,271.620498031378,0,14.3013685941696,0,0,0,0,0,0,0,0,0,0,0,0,0,0,0,0,0,0,0,0,0,0,0,0,2357.16631171107,0,37.5171192884445,3.4668852686882,198.554236993194,0,0,0,159.793697506189,0,0,0,0
0,0,0,0,0,0,0,0,0,0,0,0,0,0,0,0,0,0,0,0,0,0,0,0,0,0,0,0,0,0,0,236.645309567451,0,12.1767103224993,54.6765356883407,40.2651208490133,375.384029880166,0,0,0,0,0,0,0,0,0,0,1081.55464871228,4.84097337722778,186.612851381302,0,0,0,0,0,0,0,0,0,0,0,0,0,0,0,0,0,0,0,0,0,0,0,0,143.179928570986,434.7306638062,3.24642179906368,215.146669082344,0.77457982301712,120.588410153985,0,0,703.8098064363,0,0,0,0
0,0,0,0,0,0,0,0,0,0,0,0,0,0,0,0,0,0,0,0,0,1.23312425613403,0,0,0,0,0,0,0,0,0,9.06035178899765,12.1767103224993,0,1394.95799234509,504.441458076239,36.2883930802345,621.671998620033,91.7987378835678,0,0,0,0,0,0,0,0,998.757782936096,17.1318152397871,7.09951312839985,0,0,0,0,0,0,0,0,0,0,0,0,0,0,2.91785717010498,0,0,0,0,0,0,0,0,0,59.4868081361055,0,3401.32290101796,326.354862377048,207.275537773967,4.70834422856569,415.293237432837,107.33608750999,591.808129251003,10.6662529110909,0,0,0
0,0,0,0,0,0,0,0,0,0,0,0,0,0,0,0,0,0,0,0,0,0,0,0,0,0,0,0,0,0,0,5.92672684043646,54.6765356883407,1394.95799234509,0,0.175464153289795,1092.01541429758,351.716678351164,853.5317812711,0,0,0,0,0,0,0,0,1970.41931039095,2.19274377822876,86.2047297358513,0,0,0,0,0,0,0,0,0,0,0,0,0,0,0,0,0,0,0,0,0,0,0,0,4.40363921225071,5.46755766868591,279.286669954658,2079.77295780182,0.162696063518524,50.5447617769241,109.386463105679,286.033545002341,321.830421604216,19.9344397783279,0,0,0
0,3.58288972079754,0,73.4750550985336,0,40.6669504344463,0,44.3009801805019,0,0.822212636470795,0,156.279914841056,0,0,0,0,0.124174378812313,0,9.04670460522175,1785.67109902948,2.31024622917175,0,0,0,0,0,0,0,0,0,0,317.716664433479,40.2651208490133,504.441458076239,0.175464153289795,0,1032.47279695421,2241.89281924814,0.944668412208557,41.3384818732738,0,4.84980887174606,0.617048293352127,0.477494120597839,0,25.8741322234273,0.174314945936203,76.1150581538677,1.07526040077209,6.488280788064,0,0,0,0,0,0,0,43.1497014611959,0.138894334435463,1.43369114398956,0,1.05441731214523,975.719497673213,0,0,0,0,0,0,0,0,0,0.565891996026039,0,502.466603666544,4.24602946639061,422.62899440527,0.453686200082302,20947.6389474124,282.485474951565,1305.37389416993,2.29093430936337,6460.63607285172,1986.79528510571,83.2296825647354,2.1517585515976,0
4.69321285188198,0,24.3322972357273,0,1.74558913707733,0,0,0,3.19924819469452,0,260.874483436346,0,0,0,0,0,0.409684635698795,0.162497341632843,8.19610884785652,0,873.293678224087,0,0,0,0,0,0,0,0,0,0,1.27568662166595,375.384029880166,36.2883930802345,1092.01541429758,1032.47279695421,0,9.85263594985008,1763.34241329134,1.4022576212883,8.70780843496323,0,15.3089487180114,0,0,0,141.312516786158,154.368407644331,9.77741703391075,11.132510393858,57.6935762465,0,0,0,0,0,113.023711360991,0,19.2005233317614,0,3.01327758282423,0,0,1008.35343474895,0,0,0,0,0,0,0,0.156547069549561,0,1.98943817615509,0,527.413619831204,3.19224911928177,1108.2001773119,369.67900159955,26177.2762425318,0,562.448763556778,5669.12300326675,2440.20085956156,155.205039903522,0,0
0.802890449762344,87.6490762382746,0,1.12709638476372,0,0,0,0,0.198191806674004,25.2544964700937,0,961.908847801387,0,0,0,0,0.806455925107002,1.35868568718433,24.4600908905268,315.096530526876,0,2790.46933999658,14.5890016555786,695.870252385736,0.670238837599754,0,0,96.1260789185762,0,630.467454560101,0,0,0,621.671998620033,351.716678351164,2241.89281924814,9.85263594985008,0,1074.48377990723,1.17703068256378,0.202117159962654,52.7424764484167,2.51671507954597,0,0,30.9301753863692,0.304202109575272,281.495513617992,32.394198179245,115.133600577712,0,0,0,0,0,107.541368201375,0,417.775355868042,0,0,0.537138015031815,0.698659494519234,108.939541131258,0,1024.76819048822,0,400.445825323462,0.249184474349022,0,0,42.6718756556511,0,711.651843808591,0,0,0,155.189252138138,52.8630672693253,555.629193454981,7.51017579436302,17072.2062022611,1269.53021982312,3986.05767333508,295.03440362215,199.068515747786,5.9609457552433,0
12.8919583559036,0,0.64603328704834,0,0,0,0,0,52.4436858072877,0.416791915893555,2273.00387197733,0,0,0,0.17848239839077,0,0.52909243106842,0,0.863401934504509,0,439.164376109838,26.6320887506008,2291.11111282557,0.664719894528389,695.919918686152,0,0.590329259634018,0,75.6148406863213,0,1395.45616209507,0,0,91.7987378835678,853.5317812711,0.944668412208557,1763.34241329134,1074.48377990723,0,0,1.36909973621368,0.877153098583221,12.0087480321527,0,0,0,19.5474042594433,342.766269102693,921.96939624846,0,0,0,0,0,80.6657070219517,0.436877816915512,1587.33844154328,0,0.642953991889954,0,0.197307616472244,0,0,568.254233047366,1.27666306495667,1210.77557095885,0.16903929412365,333.135908856988,0,0.557700395584106,0,10.1053160727024,0,728.723787173629,0,0,35.5614658892155,467.742909640074,0,1088.89365255833,176.275134891272,18972.6910670996,3838.37512589991,127.857412487268,315.701108038425,0,0
0,17.7507933154702,0.227562382817268,70.6896312087774,0,0.777576804161072,0,0,0,0.571210384368896,0,0,0,0,0,1.51892331242561,2.8922692835331,1.59868267178535,17.865298435092,3.21483066678047,0,0,0,0.170555412769318,0,0,0,0,0,0,0,0,0,0,0,41.3384818732738,1.4022576212883,1.17703068256378,0,0,1.70784782618284,75.7549565583467,1.94505308568478,2.07636117935181,0,166.006442502141,0.679341562092304,0,0,70.1067931130528,0,0,0,0,0,1.46030002832413,1.04782220721245,3.30564258992672,0,0,0,5.93314380943775,156.414345905185,0,0,0,0,0,0,0,0,0,0.299802020192146,0,0,0,0,0,235.857887633145,1.86339799314737,2.5718056038022,0,168.692347720265,0.906562343239784,423.836763940752,1.24210204184055,0.478915832936764
16.6862725317478,0.248201750218868,7.51545358449221,0.177330359816551,0,0,0,0,5.76780334115028,0,0.195457935333252,0,0,0,0,0,205.189483731985,28.1167234703898,761.184161409736,0,1.16589529067278,0,0,0,0,0,0,0,0.501564800739288,0,0,0,0,0,0,0,8.70780843496323,0.202117159962654,1.36909973621368,1.70784782618284,0,22.4705455228686,1472.77549216151,0.248777270317078,12.6501418575644,25.2846617624164,995.112273514271,9.4813347607851,43.3513325303793,0.506443090736866,8.69287101924419,0,0,0,0,0.118511117994785,43.6267919838428,0,2.54338207095861,0,3.25212788581848,0,0.108105011284351,110.977333053946,0,0,0,0,0,0,0,2.23729939758778,0,50.6524647250772,0,0,0,0,2.00961643457413,414.572849296033,3.00435277819633,19.3264496251941,516.171414189041,2.56480146944523,900.13051763922,0,136.920583717525
1.73873090744019,438.3830800578,0.173173271119595,70.289367839694,0,0,0,0,0.906682074069977,135.821104466915,0,0,0,0,0,4.72612825036049,16.5937014222145,31.4702451378107,440.425876121968,24.0440404936671,0,0,0,10.4662613794208,0,0,0,0,0,0,0,0,0,0,0,4.84980887174606,0,52.7424764484167,0.877153098583221,75.7549565583467,22.4705455228686,0,124.394372306764,2.87079925835133,0.228033520281315,1662.90538217127,4.95815619081259,0,6.09734031558037,345.708980672061,1.20212507992983,2.31784644722939,0,0,0,49.3075332865119,1.09780649095774,26.9172725453973,0.150763466954231,4.87157437205315,1.90001206099987,13.635843090713,134.742340058088,0.515881069004536,0,0,0.428921781480312,0,0,0,1.22792999446392,0,140.501771189272,3.31563004851341,0,0,0,0,197.617474853992,1.88477282226086,145.529942922294,0.986688226461411,1564.96261827275,0.147926703095436,1247.2217181623,120.255295403302,2.72023430466652
125.9023854509,1.12987963855267,35.0064137876034,1.40568834543228,1.11216320097446,0,0,0,43.2775660678744,0.137805357575417,0,0,0,0,0,0,178.214948132634,37.4184019416571,799.902684554458,0.161642402410507,7.73305500298738,0,0,0,0,0,0,0,0,0,0,0,0,0,0,0.617048293352127,15.3089487180114,2.51671507954597,12.0087480321527,1.94505308568478,1472.77549216151,124.394372306764,0,0,20.7038300931454,29.1944903954864,425.564054310322,8.30877996981144,344.815640829504,0.591644875705242,38.3322060033679,0,0,0,1.63799396157265,0.351104959845543,253.681730411947,0.177544757723808,12.8753572627902,0,18.6862558946013,0,4.87275795638561,8.14985843002796,0,0,0,0,0,0,0,43.8760832026601,0.807946920394897,485.934232831001,0,0,0,0,4.44982263445854,125.119362428784,1.13386119902134,23.5807724893093,1363.19880473614,2.49345207214355,1424.98631210625,0.623493000864983,187.900288425386
0,1.1436120569706,0,0,0,0,0,0,0,0,0,0,0,0,0,0,0,1.40546371042728,5.90489076077938,1.01419222354889,0,0,0,0,0,0,0,0,0,0,0,0,0,0,0,0.477494120597839,0,0,0,2.07636117935181,0.248777270317078,2.87079925835133,0,0,0,12.7371278852224,0.140381440520287,0,0,0.270815432071686,0,0,0,0,0,0,0,0,0,0,0,0,2.92263147234917,0,0,0,0,0,0,0,0,0,1.80811661481857,0,0,0,0,0,2.02025187015533,0,0,0,11.1194157600403,0,8.82857741415501,0.888395011425018,0
0,0,0.594512581825256,0,0,0,0,0,0,0,0,0,0,0,0,0,1.72367313504219,0.242525845766068,5.00647242367268,0,0,0,0,0,0,0,0,0,0,0,0,0,0,0,0,0,0,0,0,0,12.6501418575644,0.228033520281315,20.7038300931454,0,0,0,3.62277518212795,0,0.192802801728249,0,0,0,0,0,0,0,0.5040243268013,0,0,0,0.53086131811142,0,0,0,0,0,0,0,0,0,0,0,0,0.259715408086777,0,0,0,0,0,0.638080626726151,0,0.842668354511261,20.1763665303588,0,15.8600983321667,0,0
0,176.474569700658,0.775975406169891,61.8238043934107,0,0,0,0,0.471995532512665,24.0446458533406,0,0,0,0,0,0.639311388134956,68.689703039825,54.7343461737037,1042.4344964847,222.205739684403,0,0,0,1.95442300289869,0,0,0.689668074250221,0,0,0,0,0,0,0,0,25.8741322234273,0,30.9301753863692,0,166.006442502141,25.2846617624164,1662.90538217127,29.1944903954864,12.7371278852224,0,0,19.8532149642706,0,2.01687724888325,70.7467933595181,0,1.9805993437767,0,0,0,5.04291269928217,2.08060881495476,19.0274793282151,0,6.36308953166008,0,7.54801682382822,1678.95783081651,0.150926694273949,0,0,0.593264751136303,0,0,0,0,0,37.9721809029579,2.54816890507936,0,0,0,0,201.398621208966,8.15559633821249,96.484238281846,0.0753218308091164,1126.21593572199,1.37195673584938,1660.67974112183,110.563538625836,6.73071165382862
4.47026012837887,0.130507692694664,1.60408255457878,0.948184192180634,0,0,0,0,2.08716380596161,0,2.10306262969971,0,0,0,0,0,88.3076713457704,22.0694599673152,384.589787065983,0,177.789729803801,0,0,0,0.307398825883865,0,0,0,0,0,0,0,0,0,0,0.174314945936203,141.312516786158,0.304202109575272,19.5474042594433,0.679341562092304,995.112273514271,4.95815619081259,425.564054310322,0.140381440520287,3.62277518212795,19.8532149642706,0,3.76733390986919,10.4675136804581,1.1079398393631,7.48550156503916,0,0,0,0,0.113289795815945,59.6193305179477,0,4.53725814819336,0,2.05959071218967,0,2.5456882417202,1020.70533134788,0,0,0,0,0,0,0,0,0,72.7506896480918,0,0,0,0,0.583329319953918,771.72330134362,0.150643393397331,109.918782770634,315.397674828768,4.11866403371096,958.998750813305,0,18.5594927445054
4.69307821989059,0.863046109676361,0,0,0,0,0,0,2.65069504082203,3.89161232113838,0,0,0,0,0,0,0,0.154460176825523,0.363998219370842,0,0,3.68369287252426,0,6.68215903639793,3.31909909844398,0,0,0,0,0,0,271.620498031378,1081.55464871228,998.757782936096,1970.41931039095,76.1150581538677,154.368407644331,281.495513617992,342.766269102693,0,9.4813347607851,0,8.30877996981144,0,0,0,3.76733390986919,0,1551.1973670572,4674.57155360281,0,0,0,0,3.77131474018097,8.82121585309505,0.139462858438492,0,0,0,1.75467200577259,0,0,0,1.46203625202179,0.499270588159561,7.99049550294876,4.59183970093727,0,0,0,0,0,0,103.773251190782,383.957880139351,146.333374381065,111.107621528208,201.327658489347,255.53947968781,445.540473222733,581.855654537678,1533.30341857672,3.70284128189087,53.1644970774651,0,0
233.044020839036,0,67.0950962379575,0.335565626621246,0.912316918373108,0,0,0,41.5775137096643,0.135364532470703,0,0,0,0,0.548609867691994,0,2.89047308266163,1.39049318432808,6.18990749120712,0,13.5752180814743,1.00365456938744,573.554282903671,0.202186420559883,49.7174661755562,0,0,0,0,0,0,0,4.84097337722778,17.1318152397871,2.19274377822876,1.07526040077209,9.77741703391075,32.394198179245,921.96939624846,0,43.3513325303793,6.09734031558037,344.815640829504,0,0.192802801728249,2.01687724888325,10.4675136804581,1551.1973670572,0,1141.86036506295,23.7523944526911,0,0,0,10.7487514466047,0.329026520252228,49.6252450346947,0,5.94413203001022,0,49.2295534163713,0,0,2.48260235786438,0,861.333633333445,0.164297997951508,167.052679821849,0,0.689909696578979,0,8.33741039037704,0,31.1465200185776,0,0.819526255130768,0,0,0,10.5650141388178,39.891910508275,201.158173903823,1031.08767592907,0,567.440872639418,0,2.60838495194912
0,220.925638668239,0,72.9196124225855,0,0,0,0,0,56.9408499449492,0,0,0,0,0,4.47602571547031,0.829928822815418,1.39116588979959,36.4755558148026,5.45138645172119,0,436.049565911293,0,49.4747560173273,0,0,0,0,0,0,0,14.3013685941696,186.612851381302,7.09951312839985,86.2047297358513,6.488280788064,11.132510393858,115.133600577712,0,70.1067931130528,0.506443090736866,345.708980672061,0.591644875705242,0.270815432071686,0,70.7467933595181,1.1079398393631,4674.57155360281,1141.86036506295,0,0.213555052876472,3.86005103588104,0,0,0,49.3689380586147,0,15.0343067646027,0,0.98829573392868,0,69.3111178129911,15.251157514751,0,46.9541168212891,0,32.4714922606945,0,6.47662030160427,0,0,0,3.17891128361225,0,5.05136831104755,6.40112069249153,1.18189144134521,1.78854924440384,52.4210241809487,3.42931967973709,26.0014224126935,0.376517862081528,1596.63911145926,2.51349100470543,350.689355239272,7.71415320038795,0.751948118209839
29.3906961083412,0,109.724342346191,0,232.329375490546,0,50.4281327724457,0,4.40519660711288,0,0,0,0,0,0,0,0,0,2.50219187140465,0,140.33576746285,0,0,0,0,0,0,0,0,0,0,0,0,0,0,0,57.6935762465,0,0,0,8.69287101924419,1.20212507992983,38.3322060033679,0,0,0,7.48550156503916,0,23.7523944526911,0.213555052876472,0,0,31.4583525657654,0,0.637086570262909,0,27.6545670628548,0,21.1525095701218,0,2.50308626890182,0,0,57.8351237177849,0,0,0,0,0,0,0,0,0,3.75093665719032,0,0,0,0,0.416313469409943,30.1931719779968,0,0.895853124558926,162.78819450736,9.1981310993433,209.072207480669,0,0
0,24.1315465569496,0,15.507762670517,0,236.264319121838,0,16.4912657141685,0,18.7647621631622,0,0,0,0,0,0,0,0,0,0,0,0,0,0,0,0,0,0,0,0,0,0,0,0,0,0,0,0,0,0,0,2.31784644722939,0,0,0,1.9805993437767,0,0,0,3.86005103588104,0,0,0,10.2144802808762,0,0,0,3.11550608277321,0,2.24062132835388,0,38.5140751004219,0.15752187371254,0,0,0,0,0,0,0,0,0,0,0,0,0,0,0,1.19574016332626,0,0,0,120.863792151213,0,2.86240288615227,0.303940683603287,0
0,0,0,0,1,0,249.241687387228,0,0,0,8.05541920661926,0,0,0,0,0,0,0,0,0,2.14367812871933,0,0,0,0,0,0,0,0,0,0,0,0,0,0,0,0,0,0,0,0,0,0,0,0,0,0,0,0,0,31.4583525657654,0,0,0,0,0,160.905300378799,0,0,0,0,0,0,0,0,0,0,0,0,0,0,0,0,0,0,0,0,0,0,0,0,0,13.3783999979496,0,0,0,0
0,0,0,0,0,65.956787198782,0,210.676615387201,0,0,0,2,0,102.210477739573,0,0,0,0,0,0,0,0,0,0,0,0,0,0,0,0,0,0,0,0,0,0,0,0,0,0,0,0,0,0,0,0,0,0,0,0,0,10.2144802808762,0,0,0,0,0,0,0,83.7781170904636,0,0,0,0,0,0,0,0,0,0,0,0,0,0,0,0,0,0,0,0,0,0,75.3833723962307,1.26279950141907,0,0,0
74.0012818276882,0,11.6851687431335,0,0,0,0,0,414.520796984434,0,0,0,0,0,21.9240499585867,0,47.6871637105942,0,0,0,2.76652732491493,0,2.37525749206543,0,122.826225757599,0,0.981729567050934,0,0,0,0,0,0,0,0,0,0,0,80.6657070219517,0,0,0,1.63799396157265,0,0,0,0,3.77131474018097,10.7487514466047,0,0.637086570262909,0,0,0,0,0,0.265823274850845,0,0,0,140.677008777857,0,0,0.184800326824188,0,1.51794767379761,0,90.3559891879559,0,8.11398801207542,0,0,0,0,0,0,0,0,0,0,0,104.195482119918,266.338254094124,4.88017806410789,87.742533326149,0,0
0,58.3294398784637,0,12.5451314598322,0,4.63840913772583,0,0,0,258.577380776405,0,0,0,0,0,42.130641669035,0.146552428603172,0,11.9715224727988,0,0,0,0,69.795092985034,0,7.13740113377571,0,0,0,0,0,0,0,0,0,0,0,107.541368201375,0.436877816915512,1.46030002832413,0.118511117994785,49.3075332865119,0.351104959845543,0,0,5.04291269928217,0.113289795815945,8.82121585309505,0.329026520252228,49.3689380586147,0,0,0,0,0,0,0,3.45698806643486,0,0,0,31.0049798339605,0.365093857049942,0,0,0,53.8807314485312,0.338324457406998,0.346735686063766,0,0,0,13.6092583537102,0,0,0,0,0,0.513453267514706,0.103703334927559,37.6403912752867,1.23459419608116,145.585564382374,0,102.219378449023,2.33147937059402,0.104204200208187
14.9881511181593,0,34.4639806598425,1.80103948712349,5.34358540177345,0,82.1165552735329,0,14.6332037895918,0,2849.09613690525,0,170.089548379183,0,0,0,17.8539457321167,3.71799953281879,36.8117461204529,0,667.742188766599,0,0,0,0,0,0.120625086128712,0,176.258514195681,0,129.634384632111,0,0,0,0,0,113.023711360991,0,1587.33844154328,1.04782220721245,43.6267919838428,1.09780649095774,253.681730411947,0,0.5040243268013,2.08060881495476,59.6193305179477,0.139462858438492,49.6252450346947,0,27.6545670628548,0,160.905300378799,0,0.265823274850845,0,0,0,68.6247593313456,0,9.99619025737047,0,0.631944715976715,401.627124711871,0,0,0,0,0,0,0,4.76245637238026,0,99.046271443367,0,0,0,0,1.49615372717381,47.2102089822292,0.502784729003906,121.283493645489,748.866913706064,58.2994689717889,959.646000526845,0,21.2790855169296
0,22.7277110517025,0,168.253685534,0,54.2487364709377,0,0,0,1.52955967187881,0,3457.97215630114,0,43.3163221180439,0,0,0,0.806602478027344,0.367273285984993,117.18200199306,0,0,0,2.37272167205811,0,0,0,6.08297738432884,0,351.711425662041,0,0,0,0,0,43.1497014611959,0,417.775355868042,0,3.30564258992672,0,26.9172725453973,0.177544757723808,0,0,19.0274793282151,0,0,0,15.0343067646027,0,3.11550608277321,0,0,0,3.45698806643486,0,0,0,55.5912715047598,0,31.7674205005169,203.9740261361,0,0,0,0,0,0,0,0.723452761769295,0,430.011443346739,0,0,0,0,0,25.9789101779461,0,110.233476944268,0,251.880229361355,73.0217710882425,302.117865689099,1.91390499472618,0
0,0,106.399189904332,0,3.12303014099598,0,34.8077932298183,0,0,0,2667.10257312655,0,843.42134039849,0,23.3415376543999,0,0.387878715991974,0,0.124629095196724,0,7.78112231194973,0,0,0,0,0,0,0,161.791447937489,0,0,0,0,0,0,0.138894334435463,19.2005233317614,0,0.642953991889954,0,2.54338207095861,0.150763466954231,12.8753572627902,0,0,0,4.53725814819336,0,5.94413203001022,0,21.1525095701218,0,0,0,0,0,68.6247593313456,0,0,0,0,0,0,12.7309968322515,0,0,0,0,0,0,0,0.188186794519424,0,9.63062579929829,0,0,0,0,0.214029610157013,16.2952478975058,0.0993666276335716,0.12297535687685,194.727133989334,151.593035370111,141.482253789902,0,0.24052357673645
0,25.5105285197496,0,69.4822588562965,0,2.20864474773407,0,28.2156291306019,0,0.647830784320831,0,18.4347934424877,0,2303.99308474362,0,0,0,0,0,0,0,0,0,0,0,0,0,177.885428264737,0,27.1144988536835,0,0,0,0,0,1.43369114398956,0,0,0,0,0,4.87157437205315,0,0,0,6.36308953166008,0,0,0,0.98829573392868,0,2.24062132835388,0,83.7781170904636,0,0,0,55.5912715047598,0,0,0,46.8658571541309,1.45253710448742,0,0,0,0,0,0,0,87.1119885668159,0,0.37847937643528,0,0,0,0,0,1.179567694664,0,0.8377695530653,0,66.9430327266455,77.3514390736818,8.45565041899681,0,0
5.02050310373306,0,56.6358130574226,0,68.4772843569517,0,0,0,192.973882511258,0,0,0,0.655376791954041,0,126.563647508621,0,1.01692008972168,0.240632399916649,1.4266223013401,0,4.19315975904465,0,0,0,87.1474138796329,0,2.41127026081085,0,0,0,0,0,0,0,0,0,3.01327758282423,0.537138015031815,0.197307616472244,0,3.25212788581848,1.90001206099987,18.6862558946013,0,0.53086131811142,0,2.05959071218967,1.75467200577259,49.2295534163713,0,2.50308626890182,0,0,0,140.677008777857,0,9.99619025737047,0,0,0,0,0,0,1.11279988288879,0,0,0,9.20601068437099,0,50.9161503762007,0,0,0,10.7139502465725,0,0,0,0,0,10.4924392178655,0,0,239.541207320988,18.0320858061314,54.4132001772523,0,0
0,126.00503231585,0,50.6772392839193,0,10.6351535320282,0,0,0,175.239381425083,0,1.16176962852478,0,0,0,103.400032773614,0,8.24081158638,0.33953458070755,2.12532658874989,0,0,0,47.3647060021758,0,47.0815894305706,0,0,0,0,0,0,0,0,0,1.05441731214523,0,0.698659494519234,0,5.93314380943775,0,13.635843090713,0,0,0,7.54801682382822,0,0,0,69.3111178129911,0,38.5140751004219,0,0,0,31.0049798339605,0,31.7674205005169,0,46.8658571541309,0,0,2.3720725774765,0,0,0,0.430708587169647,0,24.9214632958174,0,0,0,0.111230164766312,0,0,0,0,0,0.566138342022896,0,1.44275131821632,0,38.3266722932458,22.7082960605621,54.3454412966967,1.07539755105972,0
0,25.7684230878949,0,66.5800514221191,0,0,0,0,0,11.3226588368416,0,16.615588888526,0,0,0,0.129810035228729,0.80245903134346,6.73938743025064,68.4337466955185,1443.88098099083,0,0,0,0.944355398416519,0,0,0,0,0,0,0,0,0,0,0,975.719497673213,0,108.939541131258,0,156.414345905185,0.108105011284351,134.742340058088,4.87275795638561,2.92263147234917,0,1678.95783081651,2.5456882417202,0,0,15.251157514751,0,0.15752187371254,0,0,0,0.365093857049942,0.631944715976715,203.9740261361,0,1.45253710448742,0,2.3720725774765,0,0,0,0,0,0,0,0,0,0,37.9854242354631,0,0,0,0,0,43.2885104566813,0,119.89766138792,0,682.370855040848,0.423715174198151,1029.62519171834,12.9604538530111,0.279774099588394
1.7362454533577,0,7.96263810992241,0,0,0,0,0,1.75210440158844,0,434.086375407875,0,0,0,0,0,1.15296317636967,0.313441127538681,2.47496528178453,0,3530.22530344874,0,0,0,0,0,0,0,0,0,2.03816270828247,0,0,0,0,0,1008.35343474895,0,568.254233047366,0,110.977333053946,0.515881069004536,8.14985843002796,0,0,0.150926694273949,1020.70533134788,0,2.48260235786438,0,57.8351237177849,0,0,0,0.184800326824188,0,401.627124711871,0,12.7309968322515,0,1.11279988288879,0,0,0,0,0,0,0,0,0,0,0.939698219299316,0,34.4847250580788,0,0,0,0,0,730.317133449018,0,237.874853827059,245.650172002614,0,965.052682824433,0,0
0,0,0,0,0,0,0,0,0,0,0,0,0,0,0,0,0,141.875151917338,0,0,0,9164.03336202353,128.612621724606,341.971591323614,0,32.3178390860558,0,78.8582752794027,0,0,0,0,0,2.91785717010498,0,0,0,1024.76819048822,1.27666306495667,0,0,0,0,0,0,0,0,1.46203625202179,0,46.9541168212891,0,0,0,0,0,0,0,0,0,0,0,0,0,0,0,0,126.732027456164,0,19.9895141124725,0,53.1089000403881,0,0,0,0,0,0,0,0,0,141.412765100598,0,1499.03725593537,123.368037879467,0,0,0
0,0,0,0,0,0,0,0,2.08396798372269,0,0,0,0,0,0,0,6.18029701709747,0,0,0,0,71.4032494723797,12216.9832923412,0,415.916114032269,0,52.1722058653831,0,33.9034204781055,0,0,0,0,0,0,0,0,0,1210.77557095885,0,0,0,0,0,0,0,0,0.499270588159561,861.333633333445,0,0,0,0,0,1.51794767379761,0,0,0,0,0,0,0,0,0,0,0,0,140.824032619596,0,27.7633837163448,0,22.6085558533669,0,0,0,0,0,0,0,0,2.63603320717812,745.818471319973,1582.6145259887,422.251803085208,0,0,0
0,1.2107430100441,0,0,0,0,0,0,0,35.1559624224901,0,0,0,0,0,0,0,55.3726728856564,0.288747206330299,0,0,310.153880223632,0,690.237237036228,0,0.627371788024902,0,0,0,0,0,0,0,0,0,0,0,400.445825323462,0.16903929412365,0,0,0.428921781480312,0,0,0,0.593264751136303,0,7.99049550294876,0.164297997951508,32.4714922606945,0,0,0,0,0,53.8807314485312,0,0,0,0,0,0.430708587169647,0,0,126.732027456164,0,0,0,1.96268266439438,0,0,0,0,0,0,0,0,0,0,0,43.319509267807,0,121.87488476932,7.77831947803497,0.113885514438152,0.112014323472977,0
0,0,0,0,0,0,0,0,107.936655387282,0,0,0,0,0,6.87814274430275,0,2.76710361242294,0,0,0,0,0,70.1293746381998,0,990.556722819805,0,17.3112049996853,0,0,0,0,0,0,0,0,0,0,0.249184474349022,333.135908856988,0,0,0,0,0,0,0,0,4.59183970093727,167.052679821849,0,0,0,0,0,90.3559891879559,0.338324457406998,0,0,0,0,9.20601068437099,0,0,0,0,140.824032619596,0,0,0,93.0105257332325,0,0,0,0,0,0,0,0,0,0,1.07496018707752,83.9908608794212,86.4048657268286,0,23.6763961613178,0,0
