0,0,7.40326355034964,0,0,0,0,0,6.23498392216253,0,0,0,0,0,29.0497360229492,0,14.5949777912239,32.8033492678688,9.39817152457213,0,0,0,0,0,0,0,0,0,0,0,0,0,0,0,0,0,0,0,0,51.2596893310547,28.1634089152018,78.4345703125,21.8967272708029,0,46.4115829467773,84.8443756103516,22.9482681954641,56.0951347351074,11.1523369691552,0,0,0,0,0,6.47376076359662,0,14.204808473587,0,0,0,5.21574417098624,0,0,22.2597293263858,0,0,0,12.5366616340784,0,0,0,12.5776052474976,0,20.363412636977,0,0,0,0,0,32.9876496371101,0,20.2675057220459,16.0492871088641,67.5841979980469,9.80325181277464,0,5.73429928671929
0,0,0,4.69881704923148,0,0,0,0,0,7.39162396385608,0,0,0,0,0,6.76915627342087,83.1574478149414,81.3942718505859,10.28282677404,0,0,0,0,14.3869279623032,0,0,0,0,0,0,0,0,0,0,0,64.2200145721436,60.8877105712891,17.5654586358504,0,49.3762749565972,0,33.9881850319903,47.9594084875924,57.5293569564819,0,53.4752518503289,0,22.935986348602,52.1179981231689,12.6632879850476,0,0,0,0,0,8.40376163068025,0,0,0,0,0,5.22785771929699,0,0,0,0,14.7706481629059,0,0,0,0,0,0,0,0,0,0,0,0,0,16.6809522000755,0,16.8218325903338,0,18.483574147303,13.9193798601627,0
7.40326355034964,0,0,0,9.09976251920064,0,0,0,6.76662354469299,0,0,0,0,0,0,0,0,0,0,0,0,0,0,0,0,0,0,0,0,0,0,0,0,0,0,0,0,0,0,0,0,0,30.2845605120063,0,57.9288597106934,0,45.7529616117477,0,8.09245557472354,0,0,0,0,0,5.041185578056,0,10.844920847151,0,9.39625803368991,0,0,0,0,37.1512889862061,0,0,0,0,0,0,0,25.4137163162231,0,28.9469360228508,0,0,0,0,0,34.7327690124512,0,0,7.13225585369054,0,8.31516208021764,0,0
0,4.69881704923148,0,0,0,6.16723048722566,0,0,0,12.6623411178589,0,0,0,0,0,0,0,0,9.12960535980934,11.3699832227495,0,0,0,23.0311698913574,0,0,0,0,0,0,0,0,0,0,0,6.53708541786278,0,26.4154504140218,0,0,0,34.7268438339233,0,0,0,9.88288381085758,0,35.637321472168,0,5.79846708851476,0,0,0,0,0,0,0,0,0,0,0,0,12.1362935702006,0,0,0,24.6019287109375,0,0,0,0,0,0,0,0,0,0,0,0,0,25.8859303792318,0,12.1189670396456,0,8.48799491319928,18.4675540924072,0
0,0,9.09976251920064,0,0,0,0,0,0,0,0,0,0,0,0,0,0,0,0,0,0,0,0,0,0,0,0,0,0,0,0,0,0,0,0,0,4.2191424369812,0,0,0,0,0,45.0141983032227,0,0,0,0,0,10.5104265213013,0,3.11543533930907,0,0,0,3.13039084275564,0,9.49400629009213,0,11.508317080411,0,0,0,0,0,0,0,0,0,0,0,0,0,0,29.1137619018555,0,0,0,0,0,0,0,0,4.11790231863658,0,9.03928439757403,0,0
0,0,0,6.16723048722566,0,0,0,0,0,2.87681035200755,0,0,0,0,0,0,0,0,0,3.5487429246758,0,0,0,0,0,0,0,0,0,0,0,0,0,0,0,3.15672110830035,0,0,0,0,0,0,0,0,0,0,0,0,0,9.26980590820312,0,2.95804341634115,0,0,0,3.051046685739,0,0,0,0,0,0,3.49737219015757,0,0,0,0,0,0,0,0,0,0,0,0,0,0,0,0,0,0,0,9.84980895091055,0,11.3552962322624,0,0
0,0,0,0,0,0,0,0,0,0,3.17374346085957,0,0,0,0,0,0,0,0,0,0,0,0,0,0,0,0,0,0,0,0,0,0,0,0,0,0,0,0,0,0,0,0,0,0,0,0,0,0,0,0,0,3.04792280887303,0,0,0,3.70010976791382,0,0,0,0,0,0,0,0,0,0,0,0,0,0,0,0,0,0,0,0,0,0,0,0,0,3.27937507859751,3.30234697653767,0,0,0
0,0,0,0,0,0,0,0,0,0,0,7.89195367363742,0,7.67431563029452,0,0,0,0,0,0,0,0,0,0,0,0,0,0,0,0,0,0,0,0,0,0,0,0,0,0,0,0,0,0,0,0,0,0,0,0,0,0,0,4.00349608196835,0,0,0,8.58136811115273,0,10.094265222022,0,0,0,0,0,0,0,0,0,0,0,0,0,0,0,0,0,0,0,0,0,0,5.43905335945609,7.71405033838181,0,0,0
6.23498392216253,0,6.76662354469299,0,0,0,0,0,0,0,0,0,0,0,5.2461245310934,0,15.8698091231423,32.519803227942,14.3107644334983,0,21.0111446380615,0,0,0,6.32403119405111,0,0,0,0,0,0,0,0,0,0,0,0,0,18.1323184967041,42.9843826293945,25.840461730957,39.6437622706095,15.8774519525468,45.6209669113159,31.1128620692662,0,36.4210176235292,0,10.3038376867771,0,3.26957660336648,0,0,0,5.01097550956152,0,0,0,3.2346396446228,0,4.51860315799713,0,0,32.4204067230225,0,0,0,11.4151556823427,0,0,0,0,0,31.5969888687134,0,0,0,0,0,45.9030211054046,0,31.1925960878531,10.3778776574904,10.6717252731323,24.1095437967777,0,4.7190441450692
0,7.39162396385608,0,12.6623411178589,0,2.87681035200755,0,0,0,0,0,0,0,0,0,3.01470298237271,0,3.48709695931249,8.58082775556913,0,0,0,0,7.29073043656301,0,0,0,0,0,0,0,0,0,0,0,0,0,11.7058891006138,0,36.9697575039334,0,24.8206502101193,42.4635219573975,0,0,47.692798614502,0,24.1717217360871,0,11.2501379213025,0,0,0,0,0,4.37087383710549,0,0,0,0,0,6.26908955176671,0,0,0,0,7.55743862942952,0,0,0,0,0,15.8832495429299,0,0,0,0,0,0,0,14.1416248841719,0,8.22263697804631,8.00808171961043,10.2750686383483,8.69986917534653,0
0,0,0,0,0,0,3.17374346085957,0,0,0,0,0,0,0,0,0,62.0707206726074,0,42.4565448760986,0,5.53506282042553,0,0,0,0,0,0,0,0,0,4.83362436294556,0,0,0,0,0,3.69936050815242,0,3.942483750715,0,62.9555015563965,0,35.8195471082415,0,0,0,43.6306114196777,0,0,0,0,0,3.19851251443227,0,0,0,3.8836490471813,0,0,0,0,0,0,11.8756645747593,0,0,0,0,0,0,0,0,0,4.29841194834028,0,0,0,0,0,0,0,6.31726598739624,4.04768410454626,3.74017477741902,20.8831827375624,0,15.5925340652466
0,0,0,0,0,0,0,7.89195367363742,0,0,0,0,0,4.73332423199224,0,0,0,0,0,3.54611030317122,0,0,0,0,0,0,0,11.8140897750854,0,5.50040773205135,0,0,0,0,0,4.13728002655462,0,3.24761648999908,0,0,0,2.73278284072876,0,0,0,5.29069577975151,0,0,0,0,0,0,0,5.62457379684072,0,0,0,3.80834817501116,0,6.09530415406098,0,0,3.20204338061264,0,0,0,0,0,0,0,10.7477254867554,0,4.20419811903183,0,0,0,0,0,3.85788397656547,0,3.97154649236928,0,7.96821625751478,14.7305343527543,3.77644789218903,0,0
0,0,0,0,0,0,0,0,0,0,0,0,0,0,0,0,0,0,0,0,0,0,0,0,0,0,0,0,5.41271981079421,0,0,0,0,0,0,0,0,0,0,0,0,0,0,0,0,0,0,0,5.29969543218613,0,0,0,0,0,0,0,5.2285684744517,0,4.78008801879355,0,5.05092977049164,0,0,0,0,0,0,0,0,0,0,5.16537556936453,0,0,0,0,0,0,0,0,0,0,3.71769643040885,3.58304374637216,0,0,0
0,0,0,0,0,0,0,7.67431563029452,0,0,0,4.73332423199224,0,0,0,0,0,12.6147338341976,0,0,0,0,0,0,0,0,0,3.46744188152511,0,0,0,0,0,0,0,0,0,0,0,0,0,0,0,0,0,0,0,0,0,0,0,0,0,11.9543739557266,0,0,0,4.29186996151277,0,4.8270341824514,0,0,0,0,0,0,0,0,0,0,4.83028821287484,0,0,0,0,0,0,0,0,0,0,0,4.47299744466604,4.5686387111056,0,0,0
29.0497360229492,0,0,0,0,0,0,0,5.2461245310934,0,0,0,0,0,0,0,16.5430048465729,29.6576086680094,17.5450300574303,0,0,0,0,0,0,0,0,0,0,0,0,0,0,0,0,0,0,0,0,0,0,0,18.4223525789049,0,0,0,42.7503128051758,0,4.535450369704,0,0,0,0,0,26.5991287231445,0,0,0,3.75960051616033,0,3.60692916406649,0,0,0,0,0,0,0,0,0,0,0,0,0,0,0,0,0,0,0,0,40.5401802062988,29.3518180847168,0,18.3765643437703,0,8.00614738464355
0,6.76915627342087,0,0,0,0,0,0,0,3.01470298237271,0,0,0,0,0,0,0,3.49856960536628,0,0,0,0,0,0,0,0,0,0,0,0,0,0,0,0,0,0,0,0,0,0,0,0,0,0,0,0,0,0,0,10.0511828422546,0,0,0,0,0,2.93648632367452,0,0,0,0,0,4.68503733196169,0,0,0,0,0,0,0,0,0,0,0,0,0,0,0,0,0,0,0,0,3.3274783372879,4.78045588731766,0,0,0
14.5949777912239,83.1574478149414,0,0,0,0,0,0,15.8698091231423,0,62.0707206726074,0,0,0,16.5430048465729,0,0,10.5180205606645,17.8509917651635,0,56.7467803955078,0,0,0,0,0,0,0,0,0,0,0,0,0,0,0,0,0,41.5870735645294,49.899525642395,45.8486592429025,44.9245470527078,31.4357426533332,45.5215627670288,39.3548706847352,51.5103908114963,42.9739988584045,56.108455657959,0,62.7055304391044,0,0,0,0,17.4551943241989,0,0,0,0,0,0,0,0,41.98806008094,0,0,0,0,0,0,0,0,0,41.7363994235084,0,0,0,0,50.8882840474447,44.061669032284,54.386878490448,42.7813705403263,8.7018323171312,3.97282055530372,38.3052508714089,0,21.2121797694436
32.8033492678688,81.3942718505859,0,0,0,0,0,0,32.519803227942,3.48709695931249,0,0,0,12.6147338341976,29.6576086680094,3.49856960536628,10.5180205606645,0,10.6156266186641,0,0,3.3370341704442,0,3.70438590049744,0,3.25010842573447,0,9.85748844762002,0,0,0,0,0,0,0,0,0,0,0,48.8909748200447,0,42.623938307011,46.5003045399984,42.1233847300212,51.6913367509842,53.668039276123,59.4170184251739,64.9089851379395,0,49.7892710741828,0,0,0,0,32.7363480932919,0,0,0,0,12.2384287516276,0,0,0,50.8921648661296,0,0,0,0,0,0,10.7369680404663,0,0,52.7340850830078,0,0,0,0,49.0431792826592,64.1915970852501,47.7185436884562,62.1825634149405,7.27423921139717,5.6737145722405,44.3852738592251,0,41.4244539361251
9.39817152457213,10.28282677404,0,9.12960535980934,0,0,0,0,14.3107644334983,8.58082775556913,42.4565448760986,0,0,0,17.5450300574303,0,17.8509917651635,10.6156266186641,0,0,41.0652078901018,0,0,9.60466303476473,0,0,0,0,0,0,0,0,0,0,0,59.4271049499512,41.7994956970215,17.2964765986458,51.9102573394775,29.0913106028441,35.6503921655508,24.4186760737358,26.8446194943983,17.6979699809018,19.9121035300273,30.3288882912408,25.0274702175421,38.8479134503533,47.2364743550619,26.3406888468217,0,0,0,0,23.4273497937601,13.5041828967907,51.6713358561198,0,0,0,0,0,0,32.5575633085975,0,0,15.5271952644853,0,0,0,0,42.7764129638672,18.0675089699881,45.4698186042981,0,0,76.7916107177734,0,35.2519115627748,39.9159399807193,30.4858813260328,45.7853658592905,13.3987098368637,6.46348449817071,22.2033516633119,6.55110168707998,30.0938854530209
0,0,0,11.3699832227495,0,3.5487429246758,0,0,0,0,0,3.54611030317122,0,0,0,0,0,0,0,0,0,0,0,0,0,0,0,0,0,0,0,0,0,0,0,3.69081470915066,0,2.85224783420563,0,0,0,3.05356427601406,0,0,0,4.4337402144447,0,0,0,0,0,0,0,0,0,0,0,0,0,0,0,0,3.1989198628922,0,0,0,0,0,0,0,0,0,0,0,0,0,0,0,2.74474620819092,0,3.72152514489281,0,4.76629730713995,0,3.46712572392771,0,0
0,0,0,0,0,0,0,0,21.0111446380615,0,5.53506282042553,0,0,0,0,0,56.7467803955078,0,41.0652078901018,0,0,0,0,0,0,0,0,0,0,0,7.73730158805847,0,0,0,0,0,3.53640814533376,0,4.38753057899083,0,54.403211182239,0,49.8041032746781,0,0,0,29.2922628664337,0,64.6334566388811,0,8.16925239562988,0,0,0,0,0,4.61246665164856,0,8.83135549227397,0,0,0,0,8.83114545689467,0,0,0,0,0,0,0,0,0,28.5280526161194,0,0,0,0,0,4.65258239074187,0,8.94176324653625,4.0222719592068,0,17.9855617964563,0,11.8701820373535
0,0,0,0,0,0,0,0,0,0,0,0,0,0,0,0,0,3.3370341704442,0,0,0,0,3.58845271640068,3.23114474614461,0,3.56079286204444,0,2.92675375938416,0,0,0,0,0,0,0,0,0,4.10551489718222,3.31750484307607,0,0,0,0,0,0,0,0,0,0,2.87872644833156,0,0,0,0,0,0,0,0,0,0,0,0,0,0,3.51878537404335,3.4955182017702,0,0,0,0,3.2481609582901,0,0,0,0,0,0,0,0,0,5.54911125356501,4.05141229629517,3.80856107280462,4.17111572902368,0,0,0
0,0,0,0,0,0,0,0,0,0,0,0,0,0,0,0,0,0,0,0,0,3.58845271640068,0,0,5.99246907234192,0,3.57051229476929,0,0,0,0,0,0,0,0,0,0,0,5.8422390159499,0,0,0,0,0,0,0,0,0,3.7854722565367,0,0,0,0,0,0,0,0,0,0,0,0,0,0,0,3.28901124000549,3.63355405832543,0,3.32242040719815,0,0,0,3.13435283574191,0,0,0,0,0,0,0,0,0,6.47189643888763,3.60729014159945,4.29373325700835,0,0,0
0,14.3869279623032,0,23.0311698913574,0,0,0,0,0,7.29073043656301,0,0,0,0,0,0,0,3.70438590049744,9.60466303476473,0,0,3.23114474614461,0,0,0,3.08480271652563,0,0,0,0,0,0,0,0,0,0,0,7.58679849047993,0,0,0,17.8532018661499,0,0,0,0,0,0,0,16.8072738647461,0,0,0,0,0,6.78900140195156,0,0,0,0,0,0,0,0,0,0,5.31221176672351,0,0,0,0,0,0,0,0,0,0,0,0,0,7.18379793167114,0,7.1482471797117,0,11.9423894882202,7.96770652135213,0
0,0,0,0,0,0,0,0,6.32403119405111,0,0,0,0,0,0,0,0,0,0,0,0,0,5.99246907234192,0,0,0,0,0,0,0,0,0,0,0,0,0,0,0,3.80500836805864,0,0,0,8.39135837554932,0,0,0,0,0,0,0,0,0,0,0,12.0059881687164,0,0,0,0,0,0,0,0,0,0,3.51182286492709,0,4.00350083754613,0,3.00139934676034,0,0,0,0,0,0,0,0,0,0,0,5.81668457618126,0,0,5.44940853118896,0,0
0,0,0,0,0,0,0,0,0,0,0,0,0,0,0,0,0,3.25010842573447,0,0,0,3.56079286204444,0,3.08480271652563,0,0,0,0,0,0,0,0,0,0,0,0,0,0,0,0,0,0,0,0,0,0,0,0,0,0,0,0,0,0,0,0,0,0,0,0,0,2.88140502997807,0,0,3.42542583601815,0,0,0,3.69585419978414,0,0,0,0,0,0,0,0,0,0,0,0,0,3.05270301211964,0,0,0,0
0,0,0,0,0,0,0,0,0,0,0,0,0,0,0,0,0,0,0,0,0,0,3.57051229476929,0,0,0,0,0,0,0,0,0,0,0,0,0,0,0,0,0,0,0,0,0,0,0,0,0,0,0,0,0,0,0,0,0,0,0,0,0,0,0,0,0,0,4.08234829902649,0,0,0,2.89731953825269,0,0,0,0,0,0,0,0,0,0,0,0,0,0,0,0,0
0,0,0,0,0,0,0,0,0,0,0,11.8140897750854,0,3.46744188152511,0,0,0,9.85748844762002,0,0,0,2.92675375938416,0,0,0,0,0,0,0,5.3735905419821,0,0,0,0,0,0,0,13.1775062084198,0,0,0,0,0,0,0,0,0,0,0,0,0,0,0,0,0,0,0,3.79359705107553,0,5.44292896946183,0,0,0,0,3.85353840686179,0,0,0,0,0,3.97977634419482,0,3.84626171893852,0,0,0,0,0,0,0,3.72123473712376,0,5.57697070634566,6.81970025014274,0,0,0
0,0,0,0,0,0,0,0,0,0,0,0,5.41271981079421,0,0,0,0,0,0,0,0,0,0,0,0,0,0,0,0,0,4.3598969596805,0,0,0,0,0,0,0,4.79917143185933,0,0,0,0,0,0,0,0,0,0,0,0,0,0,0,0,0,0,0,0,0,0,0,0,0,0,2.73862171173096,0,0,0,0,0,3.88953159389825,0,0,0,0,0,0,0,0,0,0,3.60500508423073,3.38930662626822,0,0,0
0,0,0,0,0,0,0,0,0,0,0,5.50040773205135,0,0,0,0,0,0,0,0,0,0,0,0,0,0,0,5.3735905419821,0,0,0,0,0,0,0,14.4924559593201,0,4.9191142249451,0,0,0,0,0,0,0,0,0,0,0,0,0,0,0,0,0,0,0,4.19870591163635,0,0,0,0,0,0,0,0,0,0,0,0,5.48758870431226,0,4.15376591518484,0,0,0,0,0,16.1893935203552,0,5.17487795417812,0,5.1747303490171,0,0,0,0
0,0,0,0,0,0,0,0,0,0,4.83362436294556,0,0,0,0,0,0,0,0,0,7.73730158805847,0,0,0,0,0,0,0,4.3598969596805,0,0,0,0,0,0,0,0,0,2.91778367757797,0,55.1750564575195,0,35.2792686462402,0,0,0,38.1211624145508,0,0,0,0,0,0,0,0,0,3.86972266117125,0,0,0,0,0,0,13.1691107749939,0,0,0,0,0,0,0,0,0,3.48835051059723,0,0,0,0,0,0,0,47.2633514404297,3.32110350285101,3.16702625271288,25.9435749053955,0,0
0,0,0,0,0,0,0,0,0,0,0,0,0,0,0,0,0,0,0,0,0,0,0,0,0,0,0,0,0,0,0,0,3.75026737410447,8.26387306142736,0,3.57393038272858,3.2383241792381,0,0,15.7310613832976,12.38991355896,40.4189097086589,0,0,0,26.3804864883423,0,5.02854702901389,10.7464635213216,8.07348580537019,0,0,0,0,0,0,0,0,0,0,0,0,0,0,0,0,0,0,0,0,0,0,0,0,3.41141525904338,4.03467157355741,11.089244701493,0,15.7772695541382,5.70159280846137,21.5763673782349,0,4.58219305144416,0,40.4760551452637,0,0
0,0,0,0,0,0,0,0,0,0,0,0,0,0,0,0,0,0,0,0,0,0,0,0,0,0,0,0,0,0,0,3.75026737410447,0,3.59120863676071,3.79800307750702,0,3.57459407103689,0,0,0,0,0,0,0,0,0,0,3.52677005245572,0,0,0,0,0,0,0,0,0,0,0,0,0,0,0,0,0,0,0,0,0,0,0,0,0,0,0,3.72586474802881,0,7.29844280785205,0,3.25410410410178,0,34.4404563903809,4.11710060117395,0,0,0,0
0,0,0,0,0,0,0,0,0,0,0,0,0,0,0,0,0,0,0,0,0,0,0,0,0,0,0,0,0,0,0,8.26387306142736,3.59120863676071,0,4.58871312410224,9.01182734966278,6.47370422731234,2.91354334354401,4.38245030010448,18.9214000701904,24.8865547180176,36.3798179626465,6.69803667068481,0,0,29.7165641784668,0,6.18931475036588,15.0790461322717,14.679952280862,0,0,0,0,0,0,0,0,0,0,0,0,0,0,0,0,0,0,0,0,0,0,0,0,7.4792553396786,3.26941696802775,9.44076835379977,4.57745380180398,28.623348236084,7.19239916706717,3.54811272923909,11.8497629142137,4.04308490580823,2.96755068877648,7.64854904583522,0,0
0,0,0,0,0,0,0,0,0,0,0,0,0,0,0,0,0,0,0,0,0,0,0,0,0,0,0,0,0,0,0,0,3.79800307750702,4.58871312410224,0,0,5.26729885737101,3.60431177616119,3.79522927086075,0,0,0,0,0,0,0,0,5.53419069298209,6.36585362452381,0,0,0,0,0,0,0,0,0,0,0,0,0,0,0,0,0,0,0,0,0,0,0,0,0,0,7.24342876161848,9.11714697408152,4.8563825832753,0,6.61255040002424,0,6.12164632563166,3.45778053732061,0,0,0,0
0,64.2200145721436,0,6.53708541786278,0,3.15672110830035,0,0,0,0,0,4.13728002655462,0,0,0,0,0,0,59.4271049499512,3.69081470915066,0,0,0,0,0,0,0,0,0,14.4924559593201,0,3.57393038272858,0,9.01182734966278,0,0,3.12967570644011,4.02054670714992,0,0,7.78545576508282,24.1067149904039,18.3429586291313,0,0,5.73299789428711,11.792335202617,5.98751306445673,8.23264856841237,11.4413888973949,0,0,0,0,0,0,0,5.10197041847644,0,0,0,0,4.18403462396152,0,0,0,0,0,0,0,0,0,13.6886854171753,0,2.80459364255269,0,0,0,3.71418853991028,6.58396112288117,4.7232094242109,0,5.67611445493546,5.49157450415871,6.55396381446293,0,0
0,60.8877105712891,0,0,4.2191424369812,0,0,0,0,0,3.69936050815242,0,0,0,0,0,0,0,41.7994956970215,0,3.53640814533376,0,0,0,0,0,0,0,0,0,0,3.2383241792381,3.57459407103689,6.47370422731234,5.26729885737101,3.12967570644011,0,0,3.55666869548632,0,5.15736864079384,19.3671332768032,11.1362022310495,0,0,0,16.7984361748946,9.77283531172663,4.45958354052375,15.0673672870923,0,0,0,0,0,0,4.73405431270599,0,11.4639000892639,0,0,0,0,16.1436507336728,0,0,0,0,0,0,0,0,0,40.6732425689697,0,6.40458068381185,0,3.85709671803414,3.7861630320549,3.72068832241852,42.2059516906738,3.90674905106239,3.46887162134769,3.21797446472438,7.91072803604939,0,0
0,17.5654586358504,0,26.4154504140218,0,0,0,0,0,11.7058891006138,0,3.24761648999908,0,0,0,0,0,0,17.2964765986458,2.85224783420563,0,4.10551489718222,0,7.58679849047993,0,0,0,13.1775062084198,0,4.9191142249451,0,0,0,2.91354334354401,3.60431177616119,4.02054670714992,0,0,3.25638857567464,0,0,21.7429651532854,0,0,0,0,0,5.74712658255566,18.6177124840873,16.9930215358734,0,0,0,0,0,10.3391084671021,0,3.62142937302786,0,0,0,0,0,0,3.80343682584364,0,4.69990073499225,0,0,0,4.23765217283237,0,4.46659250478441,0,0,0,0,3.4611981232961,4.26968902247708,0,3.9720124916186,3.94860002828575,4.11743677251024,4.02370743041343,13.3966713916688,8.76501458031791,0
0,0,0,0,0,0,0,0,18.1323184967041,0,3.942483750715,0,0,0,0,0,41.5870735645294,0,51.9102573394775,0,4.38753057899083,3.31750484307607,5.8422390159499,0,3.80500836805864,0,0,0,4.79917143185933,0,2.91778367757797,0,0,4.38245030010448,3.79522927086075,0,3.55666869548632,3.25638857567464,0,0,61.44309425354,0,32.7917250772802,0,0,0,39.1587486499693,3.96438170483238,3.8352895916677,0,0,0,0,0,20.8629729670863,0,4.45039468574804,0,0,0,0,0,0,11.7678806640334,0,3.98565561529175,0,5.15956839062702,0,3.79728984832764,0,4.22736430168152,0,74.9118747711182,0,0,15.1454561948776,3.48181491338906,0,12.5840927008036,13.8148342262615,3.54278332464598,3.45380269846326,3.77026687159258,19.8131835045694,0,18.0269242604574
51.2596893310547,49.3762749565972,0,0,0,0,0,0,42.9843826293945,36.9697575039334,0,0,0,0,0,0,49.899525642395,48.8909748200447,29.0913106028441,0,0,0,0,0,0,0,0,0,0,0,0,15.7310613832976,0,18.9214000701904,0,0,0,0,0,0,0,19.3485763685923,33.7767924172538,17.904643397817,24.7388074398041,11.452897083533,52.4475021362305,15.8447133595207,5.11612661679586,16.1713131238966,0,0,0,0,66.74951171875,0,0,0,0,0,0,0,0,0,0,0,0,0,0,0,0,0,28.6173858642578,0,0,0,21.1867155347552,0,10.1130021562671,109.331886291504,21.6909908170991,0,35.2266165462367,0,17.8996211129058,28.2751659665789,0
28.1634089152018,0,0,0,0,0,0,0,25.840461730957,0,62.9555015563965,0,0,0,0,0,45.8486592429025,0,35.6503921655508,0,54.403211182239,0,0,0,0,0,0,0,0,0,55.1750564575195,12.38991355896,0,24.8865547180176,0,7.78545576508282,5.15736864079384,0,61.44309425354,0,0,0,23.017745262956,0,21.8681338628133,0,13.5980592964223,6.98152079096614,10.7363040374376,23.7970290184021,0,0,0,0,0,0,52.9118102788925,0,0,0,0,0,0,28.1312799017604,0,0,0,0,0,0,0,52.8596823765681,0,41.240947308616,0,0,0,0,9.59570135389056,9.21547617421616,34.7632152557373,23.241796768605,12.1534459439246,4.7450872201186,14.1815752380572,0,0
78.4345703125,33.9881850319903,0,34.7268438339233,0,0,0,0,39.6437622706095,24.8206502101193,0,2.73278284072876,0,0,0,0,44.9245470527078,42.623938307011,24.4186760737358,3.05356427601406,0,0,0,17.8532018661499,0,0,0,0,0,0,0,40.4189097086589,0,36.3798179626465,0,24.1067149904039,19.3671332768032,21.7429651532854,0,19.3485763685923,0,0,33.5205648942427,14.2651075865771,26.136670759746,15.9043763916295,81.108268737793,22.0941635749788,24.4900718963507,18.8206140933969,0,0,0,0,99.4389801025391,40.8800754547119,0,0,0,0,0,0,0,112.002174377441,0,0,16.7264460722605,0,0,0,0,0,13.0962641502714,0,39.6562232971191,0,25.4887054443359,0,29.4176233070941,57.3963851928711,17.9896997594246,101.07479095459,24.7893256313545,0,15.3902234558428,15.4461164231032,0
21.8967272708029,47.9594084875924,30.2845605120063,0,45.0141983032227,0,0,0,15.8774519525468,42.4635219573975,35.8195471082415,0,0,0,18.4223525789049,0,31.4357426533332,46.5003045399984,26.8446194943983,0,49.8041032746781,0,0,0,8.39135837554932,0,0,0,0,0,35.2792686462402,0,0,6.69803667068481,0,18.3429586291313,11.1362022310495,0,32.7917250772802,33.7767924172538,23.017745262956,33.5205648942427,0,24.8422590185095,18.3044532471233,26.4471325054765,18.6080983653217,19.4639658978645,16.234333829601,37.4436542247904,0,0,0,0,14.596442946246,0,15.9141950766928,0,30.4908936818441,0,33.3691540082296,0,0,25.9053981272715,0,0,0,12.2199720655169,0,0,0,17.827653324604,0,13.0291940865527,0,0,0,0,37.4179232461112,21.8005677099728,63.8744578361511,31.8421979331075,18.6225643555323,7.76968094280788,18.3703154258325,59.1216564178467,8.13748078497629
0,57.5293569564819,0,0,0,0,0,0,45.6209669113159,0,0,0,0,0,0,0,45.5215627670288,42.1233847300212,17.6979699809018,0,0,0,0,0,0,0,0,0,0,0,0,0,0,0,0,0,0,0,0,17.904643397817,0,14.2651075865771,24.8422590185095,0,40.3837966918945,15.8101914469729,0,34.9987475077311,22.94358253479,33.3586158752441,0,0,0,0,0,0,0,0,0,0,0,0,0,0,0,0,0,0,0,0,0,0,0,0,0,0,0,0,20.8231128421398,93.56787109375,24.4406413369709,0,25.1044649671039,26.1303011576335,14.5338902093328,12.5963958104452,0
46.4115829467773,0,57.9288597106934,0,0,0,0,0,31.1128620692662,0,0,0,0,0,0,0,39.3548706847352,51.6913367509842,19.9121035300273,0,0,0,0,0,0,0,0,0,0,0,0,0,0,0,0,0,0,0,0,24.7388074398041,21.8681338628133,26.136670759746,18.3044532471233,40.3837966918945,0,25.9912789951671,19.8213286601193,56.8695602416992,58.8153839111328,0,0,0,0,0,34.6504786014557,0,34.5512008666992,0,0,0,0,0,0,22.3987035877379,0,0,0,0,0,0,0,0,0,34.9197642008464,0,0,0,0,0,25.5397325058885,32.9668617248535,36.2835963772189,34.426040889924,0,10.2306766740346,0,33.2903633117676
84.8443756103516,53.4752518503289,0,9.88288381085758,0,0,0,0,0,47.692798614502,0,5.29069577975151,0,0,0,0,51.5103908114963,53.668039276123,30.3288882912408,4.4337402144447,0,0,0,0,0,0,0,0,0,0,0,26.3804864883423,0,29.7165641784668,0,5.73299789428711,0,0,0,11.452897083533,0,15.9043763916295,26.4471325054765,15.8101914469729,25.9912789951671,0,83.3340911865234,30.4700429222801,17.8393867492676,26.603481524791,0,0,0,0,61.9472770690918,0,0,0,0,0,0,0,3.20375127851751,0,0,0,0,0,0,0,0,0,26.0016485850016,0,0,0,0,0,21.2869917742267,55.3292808532715,33.8805126122066,0,31.5092398175171,27.9434490203857,12.0852745613977,24.9616701514633,85.5344696044922
22.9482681954641,0,45.7529616117477,0,0,0,0,0,36.4210176235292,0,43.6306114196777,0,0,0,42.7503128051758,0,42.9739988584045,59.4170184251739,25.0274702175421,0,29.2922628664337,0,0,0,0,0,0,0,0,0,38.1211624145508,0,0,0,0,11.792335202617,16.7984361748946,0,39.1587486499693,52.4475021362305,13.5980592964223,81.108268737793,18.6080983653217,0,19.8213286601193,83.3340911865234,0,9.61409562567006,32.3718525256769,0,0,0,0,0,45.801272141306,0,44.8598468454578,0,0,0,59.2020950317383,0,0,21.4752037990093,0,0,0,0,0,0,0,39.9650588830312,0,32.7442605680143,0,0,0,0,13.9701428413391,13.9676629609765,0,32.2953511498313,26.6854957022041,0,21.320551005185,0,29.2272724533081
56.0951347351074,22.935986348602,0,35.637321472168,0,0,0,0,0,24.1717217360871,0,0,0,0,0,0,56.108455657959,64.9089851379395,38.8479134503533,0,0,0,0,0,0,0,0,0,0,0,0,5.02854702901389,3.52677005245572,6.18931475036588,5.53419069298209,5.98751306445673,9.77283531172663,5.74712658255566,3.96438170483238,15.8447133595207,6.98152079096614,22.0941635749788,19.4639658978645,34.9987475077311,56.8695602416992,30.4700429222801,9.61409562567006,0,7.95844117690647,9.65729077681878,0,0,0,0,0,19.6111729527248,59.0467796325684,0,0,0,0,0,0,0,0,0,12.7261085102265,0,0,0,0,0,0,0,0,5.95299623906612,8.621419925001,8.87397100225739,10.5436957128104,7.01322511852547,11.4683476287432,8.63258176818261,12.597454787074,3.31529650423262,15.1477825244749,15.2694907869611,0
11.1523369691552,52.1179981231689,8.09245557472354,0,10.5104265213013,0,0,0,10.3038376867771,0,0,0,5.29969543218613,0,4.535450369704,0,0,0,47.2364743550619,0,64.6334566388811,0,3.7854722565367,0,0,0,0,0,0,0,0,10.7464635213216,0,15.0790461322717,6.36585362452381,8.23264856841237,4.45958354052375,18.6177124840873,3.8352895916677,5.11612661679586,10.7363040374376,24.4900718963507,16.234333829601,22.94358253479,58.8153839111328,17.8393867492676,32.3718525256769,7.95844117690647,0,15.4323563677541,0,0,0,0,9.73697688307943,0,14.6495016208062,0,4.47611149639454,0,4.71044522153456,0,0,26.0616354294765,0,4.47077595881927,0,4.90056024654376,0,2.77829031591062,0,8.86136820690691,0,22.5985551101482,10.4726791381836,0,17.3686257027183,6.42063167820806,10.1116926630989,10.5318053271792,22.5682722336207,6.10160319512073,21.3830959372957,5.25344920158386,15.5403534016502,57.4808082580566,28.295166015625
0,12.6632879850476,0,5.79846708851476,0,9.26980590820312,0,0,0,11.2501379213025,0,0,0,0,0,10.0511828422546,62.7055304391044,49.7892710741828,26.3406888468217,0,0,2.87872644833156,0,16.8072738647461,0,0,0,0,0,0,0,8.07348580537019,0,14.679952280862,0,11.4413888973949,15.0673672870923,16.9930215358734,0,16.1713131238966,23.7970290184021,18.8206140933969,37.4436542247904,33.3586158752441,0,26.603481524791,0,9.65729077681878,15.4323563677541,0,0,0,0,0,0,10.3899968967103,0,0,0,0,0,8.4793093754695,0,0,0,0,16.0722751617432,0,0,0,0,0,0,0,6.31587934494019,0,16.5288146495819,0,12.8043159895982,0,21.5990535309426,0,20.4912312787246,0,20.0685532689009,16.5757258106928,0
0,0,0,0,3.11543533930907,0,0,0,3.26957660336648,0,0,0,0,0,0,0,0,0,0,0,8.16925239562988,0,0,0,0,0,0,0,0,0,0,0,0,0,0,0,0,0,0,0,0,0,0,0,0,0,0,0,0,0,0,0,0,0,0,0,9.10275717215105,0,10.0941829681396,0,0,0,0,0,0,0,0,0,0,0,0,0,0,0,0,0,0,0,0,0,0,0,6.74567890167236,0,9.30651194708688,0,0
0,0,0,0,0,2.95804341634115,0,0,0,0,0,0,0,0,0,0,0,0,0,0,0,0,0,0,0,0,0,0,0,0,0,0,0,0,0,0,0,0,0,0,0,0,0,0,0,0,0,0,0,0,0,0,0,0,0,0,0,0,0,0,0,0,0,0,0,0,0,0,0,0,0,0,0,0,0,0,0,0,0,0,0,0,3.10712164640427,0,0,0,0
0,0,0,0,0,0,3.04792280887303,0,0,0,3.19851251443227,0,0,0,0,0,0,0,0,0,0,0,0,0,0,0,0,0,0,0,0,0,0,0,0,0,0,0,0,0,0,0,0,0,0,0,0,0,0,0,0,0,0,0,0,0,4.62904989142572,0,0,0,0,0,0,0,0,0,0,0,0,0,0,0,0,0,0,0,0,0,0,0,0,0,3.128067649644,0,0,0,0
0,0,0,0,0,0,0,4.00349608196835,0,0,0,5.62457379684072,0,11.9543739557266,0,0,0,0,0,0,0,0,0,0,0,0,0,0,0,0,0,0,0,0,0,0,0,0,0,0,0,0,0,0,0,0,0,0,0,0,0,0,0,0,0,0,0,4.12616783859086,0,15.484272287247,0,0,0,0,0,0,0,0,0,0,0,0,0,0,0,0,0,0,0,0,0,0,5.82693219184875,11.8022418022156,0,0,0
6.47376076359662,0,5.041185578056,0,3.13039084275564,0,0,0,5.01097550956152,0,0,0,0,0,26.5991287231445,0,17.4551943241989,32.7363480932919,23.4273497937601,0,0,0,0,0,12.0059881687164,0,0,0,0,0,0,0,0,0,0,0,0,0,20.8629729670863,66.74951171875,0,99.4389801025391,14.596442946246,0,34.6504786014557,61.9472770690918,45.801272141306,0,9.73697688307943,0,0,0,0,0,0,0,17.8852729797363,0,0,0,3.3165071606636,0,0,0,0,0,0,10.3915992779351,0,0,0,18.2949562072754,0,32.525782585144,0,0,0,0,0,45.419786517903,0,16.9410373319394,12.3318262636422,11.0355529785156,9.34698375906363,0,8.51986628241009
0,8.40376163068025,0,0,0,3.051046685739,0,0,0,4.37087383710549,0,0,0,0,0,2.93648632367452,0,0,13.5041828967907,0,0,0,0,6.78900140195156,0,0,0,0,0,0,0,0,0,0,0,0,0,10.3391084671021,0,0,0,40.8800754547119,0,0,0,0,0,19.6111729527248,0,10.3899968967103,0,0,0,0,0,0,0,0,0,0,0,8.84856382343504,0,0,0,0,4.8760028537522,0,0,0,0,0,0,0,0,0,0,0,0,0,9.55105098088582,0,15.622795779258,0,9.35446061302976,0,0
14.204808473587,0,10.844920847151,0,9.49400629009213,0,3.70010976791382,0,0,0,3.8836490471813,0,5.2285684744517,0,0,0,0,0,51.6713358561198,0,4.61246665164856,0,0,0,0,0,0,0,0,0,3.86972266117125,0,0,0,0,0,4.73405431270599,0,4.45039468574804,0,52.9118102788925,0,15.9141950766928,0,34.5512008666992,0,44.8598468454578,59.0467796325684,14.6495016208062,0,9.10275717215105,0,4.62904989142572,0,17.8852729797363,0,0,0,5.54829344304302,0,4.95996730977839,0,0,9.06670947360516,0,0,0,0,0,0,0,4.30424458742142,0,8.40937098987559,0,0,0,0,0,39.2489637732506,0,63.6782761606677,12.2350101609563,3.31703278275787,13.6081679615843,0,8.02532176568475
0,0,0,0,0,0,0,8.58136811115273,0,0,0,3.80834817501116,0,4.29186996151277,0,0,0,0,0,0,0,0,0,0,0,0,0,3.79359705107553,0,4.19870591163635,0,0,0,0,0,5.10197041847644,0,3.62142937302786,0,0,0,0,0,0,0,0,0,0,0,0,0,0,0,4.12616783859086,0,0,0,0,0,6.13122565791292,0,0,0,0,0,0,0,0,0,0,0,0,3.0066771622627,0,0,0,0,0,5.08936888831002,0,6.22912995955523,0,7.25439301046093,18.7301094055176,0,0,0
0,0,9.39625803368991,0,11.508317080411,0,0,0,3.2346396446228,0,0,0,4.78008801879355,0,3.75960051616033,0,0,0,0,0,8.83135549227397,0,0,0,0,0,0,0,0,0,0,0,0,0,0,0,11.4639000892639,0,0,0,0,0,30.4908936818441,0,0,0,0,0,4.47611149639454,0,10.0941829681396,0,0,0,0,0,5.54829344304302,0,0,0,4.98847516916566,0,0,8.65630435943604,0,0,0,0,0,0,0,0,0,0,0,0,0,0,0,0,0,0,8.63595607876778,2.84436845779419,6.69036284848756,0,0
0,0,0,0,0,0,0,10.094265222022,0,0,0,6.09530415406098,0,4.8270341824514,0,0,0,12.2384287516276,0,0,0,0,0,0,0,0,0,5.44292896946183,0,0,0,0,0,0,0,0,0,0,0,0,0,0,0,0,0,0,0,0,0,0,0,0,0,15.484272287247,0,0,0,6.13122565791292,0,0,0,0,0,0,0,0,0,0,0,0,3.81678391434252,0,0,0,0,0,0,0,0,0,0,0,4.29262066267539,4.94871837039326,0,0,0
5.21574417098624,0,0,0,0,0,0,0,4.51860315799713,0,0,0,5.05092977049164,0,3.60692916406649,0,0,0,0,0,0,0,0,0,0,0,0,0,0,0,0,0,0,0,0,0,0,0,0,0,0,0,33.3691540082296,0,0,0,59.2020950317383,0,4.71044522153456,0,0,0,0,0,3.3165071606636,0,4.95996730977839,0,4.98847516916566,0,0,0,0,0,0,0,0,0,0,0,0,0,0,0,0,0,0,0,0,46.4612350463867,0,0,70.7447357177734,0,32.6679700654129,0,0
0,5.22785771929699,0,0,0,0,0,0,0,6.26908955176671,0,0,0,0,0,4.68503733196169,0,0,0,0,0,0,0,0,0,2.88140502997807,0,0,0,0,0,0,0,0,0,0,0,0,0,0,0,0,0,0,0,0,0,0,0,8.4793093754695,0,0,0,0,0,8.84856382343504,0,0,0,0,0,0,0,0,0,0,0,0,2.74369263648987,0,0,0,0,0,0,0,0,0,0,0,0,0,0,0,0,0,0
0,0,0,12.1362935702006,0,3.49737219015757,0,0,0,0,0,3.20204338061264,0,0,0,0,0,0,0,3.1989198628922,0,0,0,0,0,0,0,0,0,0,0,0,0,0,0,4.18403462396152,0,0,0,0,0,0,0,0,0,3.20375127851751,0,0,0,0,0,0,0,0,0,0,0,0,0,0,0,0,0,0,0,0,0,0,0,0,0,0,0,0,0,0,0,0,4.37454092630776,0,0,0,4.36681541764593,0,3.52891809957011,0,0
22.2597293263858,0,37.1512889862061,0,0,0,0,0,32.4204067230225,0,11.8756645747593,0,0,0,0,0,41.98806008094,50.8921648661296,32.5575633085975,0,8.83114545689467,0,0,0,0,0,0,0,0,0,13.1691107749939,0,0,0,0,0,16.1436507336728,0,11.7678806640334,0,28.1312799017604,112.002174377441,25.9053981272715,0,22.3987035877379,0,21.4752037990093,0,26.0616354294765,0,0,0,0,0,0,0,9.06670947360516,0,8.65630435943604,0,0,0,0,0,0,0,0,0,0,0,0,12.0699682235718,0,17.58087303177,0,0,0,0,97.588737487793,8.92589600212908,106.962615966797,17.1799566447224,23.2079834102355,0,18.2779646175204,0,26.5014132499695
0,0,0,0,0,0,0,0,0,0,0,0,0,0,0,0,0,0,0,0,0,3.51878537404335,3.28901124000549,0,0,3.42542583601815,0,3.85353840686179,0,0,0,0,0,0,0,0,0,3.80343682584364,0,0,0,0,0,0,0,0,0,0,0,0,0,0,0,0,0,0,0,0,0,0,0,0,0,0,0,0,0,0,0,0,4.44156217706796,0,0,0,0,0,0,0,0,0,6.75367736816406,0,3.87137416963587,3.0074138879776,0,0,0
0,0,0,0,0,0,0,0,0,0,0,0,0,0,0,0,0,0,0,0,0,3.4955182017702,3.63355405832543,0,3.51182286492709,0,4.08234829902649,0,2.73862171173096,0,0,0,0,0,0,0,0,0,3.98565561529175,0,0,0,0,0,0,0,0,0,4.47077595881927,0,0,0,0,0,0,0,0,0,0,0,0,0,0,0,0,0,0,5.27204523767744,0,3.72007933355147,0,4.6374849415662,0,0,0,0,0,0,0,0,0,7.06290039420128,3.95624854827986,3.71798470285204,0,0,0
0,14.7706481629059,0,24.6019287109375,0,0,0,0,0,7.55743862942952,0,0,0,0,0,0,0,0,15.5271952644853,0,0,0,0,5.31221176672351,0,0,0,0,0,0,0,0,0,0,0,0,0,4.69990073499225,0,0,0,16.7264460722605,0,0,0,0,0,12.7261085102265,0,16.0722751617432,0,0,0,0,0,4.8760028537522,0,0,0,0,0,0,0,0,0,0,0,0,0,0,0,0,0,0,0,0,0,0,0,0,3.79492986988235,0,11.9368409633636,0,12.5629937368281,7.54837528864543,0
12.5366616340784,0,0,0,0,0,0,0,11.4151556823427,0,0,0,0,0,0,0,0,0,0,0,0,0,3.32242040719815,0,4.00350083754613,0,0,0,0,0,0,0,0,0,0,0,0,0,5.15956839062702,0,0,0,12.2199720655169,0,0,0,0,0,4.90056024654376,0,0,0,0,0,10.3915992779351,0,0,0,0,0,0,0,0,0,0,5.27204523767744,0,0,0,2.91632498502731,0,0,0,0,0,0,0,0,0,0,0,6.16165913327683,9.17367378870646,0,4.2292248947772,0,12.7404346466064
0,0,0,0,0,0,0,0,0,0,0,0,0,0,0,0,0,0,0,0,0,0,0,0,0,3.69585419978414,0,0,0,0,0,0,0,0,0,0,0,0,0,0,0,0,0,0,0,0,0,0,0,0,0,0,0,0,0,0,0,0,0,0,0,2.74369263648987,0,0,0,0,0,0,0,0,0,0,0,0,0,0,0,0,0,0,0,0,2.74567818641663,0,0,0,0
0,0,0,0,0,0,0,0,0,0,0,0,0,0,0,0,0,0,0,0,0,0,0,0,3.00139934676034,0,2.89731953825269,0,0,0,0,0,0,0,0,0,0,0,3.79728984832764,0,0,0,0,0,0,0,0,0,2.77829031591062,0,0,0,0,0,0,0,0,0,0,0,0,0,0,0,0,3.72007933355147,0,2.91632498502731,0,0,0,0,0,0,0,0,0,0,0,0,0,0,0,0,0,0,0
0,0,0,0,0,0,0,0,0,0,0,10.7477254867554,0,4.83028821287484,0,0,0,10.7369680404663,0,0,0,3.2481609582901,0,0,0,0,0,3.97977634419482,0,5.48758870431226,0,0,0,0,0,0,0,4.23765217283237,0,0,0,0,0,0,0,0,0,0,0,0,0,0,0,0,0,0,0,0,0,3.81678391434252,0,0,0,0,4.44156217706796,0,0,0,0,0,0,0,5.98975705554467,0,0,0,0,0,0,0,6.70552334183033,0,4.87963340856642,5.87345442496813,0,0,0
12.5776052474976,0,25.4137163162231,0,0,0,0,0,0,0,0,0,5.16537556936453,0,0,0,0,0,42.7764129638672,0,0,0,3.13435283574191,0,0,0,0,0,3.88953159389825,0,0,0,0,0,0,0,0,0,4.22736430168152,0,52.8596823765681,0,17.827653324604,0,0,0,39.9650588830312,0,8.86136820690691,0,0,0,0,0,18.2949562072754,0,4.30424458742142,0,0,0,0,0,0,12.0699682235718,0,4.6374849415662,0,0,0,0,0,0,0,20.8274533067431,0,0,0,0,0,28.7516193389893,0,8.58889355815825,4.76247175060518,3.86672448299148,17.4349444660682,0,0
0,0,0,0,0,0,0,0,0,15.8832495429299,0,4.20419811903183,0,0,0,0,0,0,18.0675089699881,0,0,0,0,0,0,0,0,3.84626171893852,0,4.15376591518484,0,0,0,0,0,13.6886854171753,0,4.46659250478441,0,28.6173858642578,0,13.0962641502714,0,0,0,26.0016485850016,0,0,0,0,0,0,0,0,0,0,0,3.0066771622627,0,0,0,0,0,0,0,0,0,0,0,0,5.98975705554467,0,0,0,0,0,0,0,0,0,5.47681183257002,0,9.12932519852361,0,19.225583417075,15.5940441290538,0
20.363412636977,0,28.9469360228508,0,29.1137619018555,0,0,0,31.5969888687134,0,4.29841194834028,0,0,0,0,0,41.7363994235084,52.7340850830078,45.4698186042981,0,28.5280526161194,0,0,0,0,0,0,0,0,0,3.48835051059723,0,0,0,0,0,40.6732425689697,0,74.9118747711182,0,41.240947308616,0,13.0291940865527,0,34.9197642008464,0,32.7442605680143,0,22.5985551101482,0,0,0,0,0,32.525782585144,0,8.40937098987559,0,0,0,0,0,0,17.58087303177,0,0,0,0,0,0,0,20.8274533067431,0,0,0,0,0,0,0,23.3937552470917,0,50.4156011231244,43.5404865241051,3.40698208720047,18.6018250534812,0,12.6027612812516
0,0,0,0,0,0,0,0,0,0,0,0,0,0,0,0,0,0,0,0,0,0,0,0,0,0,0,0,0,0,0,3.41141525904338,0,7.4792553396786,0,2.80459364255269,0,0,0,0,0,39.6562232971191,0,0,0,0,0,0,10.4726791381836,6.31587934494019,0,0,0,0,0,0,0,0,0,0,0,0,0,0,0,0,0,0,0,0,0,0,0,0,0,0,8.41599042831905,0,0,0,0,0,3.36412668228149,0,0,0,0
0,0,0,0,0,0,0,0,0,0,0,0,0,0,0,0,0,0,0,0,0,0,0,0,0,0,0,0,0,0,0,4.03467157355741,3.72586474802881,3.26941696802775,7.24342876161848,0,6.40458068381185,0,0,0,0,0,0,0,0,0,0,5.95299623906612,0,0,0,0,0,0,0,0,0,0,0,0,0,0,0,0,0,0,0,0,0,0,0,0,0,0,0,0,0,12.8226814309517,0,4.54352980147126,0,28.0033360163371,5.51935574289871,0,0,0,0
0,0,0,0,0,0,0,0,0,0,0,0,0,0,0,0,0,0,76.7916107177734,0,0,0,0,0,0,0,0,0,0,0,0,11.089244701493,0,9.44076835379977,9.11714697408152,0,0,0,15.1454561948776,21.1867155347552,0,25.4887054443359,0,0,0,0,0,8.621419925001,17.3686257027183,16.5288146495819,0,0,0,0,0,0,0,0,0,0,0,0,0,0,0,0,0,0,0,0,0,0,0,0,8.41599042831905,0,0,15.2443814277649,23.4305203755697,0,2.83409632955279,16.2354523790055,5.53149328127012,4.24563981608341,20.9637565612793,0,0
0,0,0,0,0,0,0,0,0,0,0,0,0,0,0,0,0,0,0,0,0,0,0,0,0,0,0,0,0,0,0,0,7.29844280785205,4.57745380180398,4.8563825832753,0,3.85709671803414,3.4611981232961,3.48181491338906,0,0,0,0,0,0,0,0,8.87397100225739,6.42063167820806,0,0,0,0,0,0,0,0,0,0,0,0,0,0,0,0,0,0,0,0,0,0,0,0,0,0,12.8226814309517,15.2443814277649,0,0,4.82177467726089,0,13.1120283259892,4.89112273932825,3.1426830291748,0,0,0
0,0,0,0,0,0,0,0,0,0,0,3.85788397656547,0,0,0,0,50.8882840474447,49.0431792826592,35.2519115627748,2.74474620819092,0,0,0,0,0,0,0,0,0,16.1893935203552,0,15.7772695541382,0,28.623348236084,0,3.71418853991028,3.7861630320549,4.26968902247708,0,10.1130021562671,9.59570135389056,29.4176233070941,37.4179232461112,20.8231128421398,0,21.2869917742267,13.9701428413391,10.5436957128104,10.1116926630989,12.8043159895982,0,0,0,0,0,0,0,5.08936888831002,0,0,0,0,4.37454092630776,97.588737487793,0,0,0,0,0,0,0,0,0,0,0,0,23.4305203755697,0,0,9.83857878049215,8.34560568368359,0,7.41913240623864,4.2408512278301,16.5142924083951,20.9623412177676,0
32.9876496371101,0,34.7327690124512,0,0,0,0,0,45.9030211054046,0,0,0,0,0,0,0,44.061669032284,64.1915970852501,39.9159399807193,0,4.65258239074187,0,0,0,0,0,0,0,0,0,0,5.70159280846137,3.25410410410178,7.19239916706717,6.61255040002424,6.58396112288117,3.72068832241852,0,12.5840927008036,109.331886291504,9.21547617421616,57.3963851928711,21.8005677099728,93.56787109375,25.5397325058885,55.3292808532715,13.9676629609765,7.01322511852547,10.5318053271792,0,0,0,0,0,45.419786517903,0,39.2489637732506,0,0,0,46.4612350463867,0,0,8.92589600212908,0,0,0,0,0,0,0,28.7516193389893,0,23.3937552470917,0,4.54352980147126,0,4.82177467726089,9.83857878049215,0,0,12.2128457285783,9.90203448892828,6.12355683300946,18.1638989925836,0,25.1968171145465
0,16.6809522000755,0,25.8859303792318,0,0,0,0,0,14.1416248841719,0,3.97154649236928,0,0,0,0,54.386878490448,47.7185436884562,30.4858813260328,3.72152514489281,0,5.54911125356501,0,7.18379793167114,0,0,0,3.72123473712376,0,5.17487795417812,0,21.5763673782349,0,3.54811272923909,0,4.7232094242109,42.2059516906738,3.9720124916186,13.8148342262615,21.6909908170991,34.7632152557373,17.9896997594246,63.8744578361511,24.4406413369709,32.9668617248535,33.8805126122066,0,11.4683476287432,22.5682722336207,21.5990535309426,0,0,0,0,0,9.55105098088582,0,6.22912995955523,0,0,0,0,0,106.962615966797,6.75367736816406,0,3.79492986988235,0,0,0,6.70552334183033,0,5.47681183257002,0,0,0,2.83409632955279,0,8.34560568368359,0,0,18.267542929589,7.5884750486736,5.2863649725914,11.5257214021313,18.4337027854278,0
20.2675057220459,0,0,0,0,0,0,0,31.1925960878531,0,6.31726598739624,0,0,0,40.5401802062988,0,42.7813705403263,62.1825634149405,45.7853658592905,0,8.94176324653625,4.05141229629517,6.47189643888763,0,5.81668457618126,0,0,0,0,0,47.2633514404297,0,34.4404563903809,11.8497629142137,6.12164632563166,0,3.90674905106239,3.94860002828575,3.54278332464598,0,23.241796768605,101.07479095459,31.8421979331075,0,36.2835963772189,0,32.2953511498313,8.63258176818261,6.10160319512073,0,0,0,0,0,16.9410373319394,0,63.6782761606677,0,0,0,0,0,0,17.1799566447224,0,7.06290039420128,0,6.16165913327683,0,0,0,8.58889355815825,0,50.4156011231244,0,28.0033360163371,16.2354523790055,13.1120283259892,0,12.2128457285783,18.267542929589,0,11.5904999081014,5.02940318750781,19.9788247608237,0,19.6620249332384
16.0492871088641,16.8218325903338,7.13225585369054,12.1189670396456,4.11790231863658,9.84980895091055,3.27937507859751,5.43905335945609,10.3778776574904,8.22263697804631,4.04768410454626,7.96821625751478,3.71769643040885,4.47299744466604,29.3518180847168,3.3274783372879,8.7018323171312,7.27423921139717,13.3987098368637,4.76629730713995,4.0222719592068,3.80856107280462,3.60729014159945,7.1482471797117,0,3.05270301211964,0,5.57697070634566,3.60500508423073,5.1747303490171,3.32110350285101,4.58219305144416,4.11710060117395,4.04308490580823,3.45778053732061,5.67611445493546,3.46887162134769,4.11743677251024,3.45380269846326,35.2266165462367,12.1534459439246,24.7893256313545,18.6225643555323,25.1044649671039,34.426040889924,31.5092398175171,26.6854957022041,12.597454787074,21.3830959372957,20.4912312787246,6.74567890167236,3.10712164640427,3.128067649644,5.82693219184875,12.3318262636422,15.622795779258,12.2350101609563,7.25439301046093,8.63595607876778,4.29262066267539,70.7447357177734,0,4.36681541764593,23.2079834102355,3.87137416963587,3.95624854827986,11.9368409633636,9.17367378870646,2.74567818641663,0,4.87963340856642,4.76247175060518,9.12932519852361,43.5404865241051,3.36412668228149,5.51935574289871,5.53149328127012,4.89112273932825,7.41913240623864,9.90203448892828,7.5884750486736,11.5904999081014,0,4.54657154917397,22.5987130201088,12.2875373649337,9.98807710889847
