0,0,70.6555118560791,0,0.444313615560532,0,0,0,149.053153187037,0,0,0,0,0,0,0,0,0.397103726863861,1.99304276704788,0,0.460158661007881,0,0,0,0,0,0,0,0,0,0,0,0,0,0,0,1.58514487743378,0,0,0,1.04682672023773,0,35.2808979153633,0,0,0,1.93284264206886,0,193.891572207212,0,0,0,0,0,35.1546108573675,0,6.86995653808117,0,0,0,13.2480128407478,0,0,0.270712196826935,0,0,0,0,0,0,0,0,0,0.212724670767784,0,0,0,0,0,23.3544241413474,0,1.69255715608597,48.7578191310167,0,232.918169870973,0,0
0,0,0,174.528361290693,0,0,0,0,0,371.582913964987,0,0,0,0,0,1.68683242797852,0,0,0,0,0,0,0,0,0,0,0,0,0,0,0,0,0,0,0,0,0,0,0,0,0,5.06155848503113,0,0,0,0,0,0,0,142.067350566387,0,4.95156687498093,0,0,0,86.4463428556919,0,33.0724943876266,0,0,0,128.000753909349,0,0,0,0,0,0,0,0,0,0,0,0,0,0,0,0,0,0,0,0,112.363651305437,3.10318243503571,93.9111725986004,0,0
70.6555118560791,0,0,0,110.878165334463,0,0,0,233.954273253679,0,0,0,0,0,0,0.198397189378738,0,0,0.291266232728958,0,0,0,0,0,0,0,0,0,0,0,0,0,0,0,0,0,1.6937809586525,0,0.697417080402374,0,0.506830587983131,0,2.79334215819836,0,0,0,4.09116111695766,0,26.1060850024223,0,30.1019464433193,0,0,0,45.0982732772827,0,3.30616340041161,0,19.6383864283562,0,54.9396072030067,0,0,0.54713299870491,0,0,0,0,0,0,0,0,0,2.84612099826336,0,0,0,0,0,5.38572560250759,0,2.02939823269844,71.9022461473942,0,224.886601477861,0,0
0,174.528361290693,0,0,0,74.3837661445141,0,0,0,35.8522042036057,0,0.256864666938782,0,0,0,0,0,0.544111147522926,7.0884784758091,0,0,0,0,0,0,0,0,0,0,0,0,0,0,0,0,8.8837748542428,0,0,0,39.8373528793454,0.963600039482117,107.126842260361,1.82151262462139,5.8250834941864,0,66.2110980153084,0,11.8379872143269,6.01766747236252,67.6423020511866,0,45.7617087364197,0,0,0,19.9621492028236,0,99.2128276079893,0,2.11427500844002,0,0,7.26823763549328,0,0,0,0,0,0,0,0,0,71.640944480896,0,0,0,0,0,32.4315695464611,0,17.4866040199995,0,126.09102126956,8.22814083099365,449.124422818422,16.4592587500811,0
0.444313615560532,0,110.878165334463,0,0,0,44.6422953605652,0,62.9341614842415,0,1.86262547969818,0,0,0,7.54515358805656,0,0.122168578207493,0,6.94057881832123,0,88.9274643063545,0,0,0,0,0,0,0,0,0,0,0,0,0,0,0,2.01385508477688,0,0.275175780057907,0,24.0857448726892,0,23.1850513368845,0,0,0,3.05722759664059,7.61337375640869,28.5388763397932,0,750.055779248476,0,14.104592949152,0,47.578719496727,0,15.9656705409288,0,3.86332184076309,0,19.0288672149181,0,0,81.9361004531384,0,0,0,0,0,0,0,0,0,2.92342953383923,0,0,0,0,0,25.6581907868385,0,1.56185927987099,114.368319794536,0,218.526373133063,0,3.02030146121979
0,0,0,74.3837661445141,0,0,0,176.925404846668,0,4.46650552749634,0,0,0,0,0,0,0,0.408067971467972,1.8211944103241,14.1261025667191,0,0,0,0,0,0,0,0,0,0.266851603984833,0,0,0,0,0,41.3216533362865,0,0,0,19.9393765628338,0,7.31990137696266,0,0,0,14.2204518318176,0,11.685268342495,15.6791011244059,20.2422283440828,0,161.496869176626,0,69.2169706821442,0,17.2289654016495,0,1.94029280543327,0,28.4249571561813,0,12.0686009526253,20.816386282444,0,0,0,0,0,0,0,0,0,13.6184386610985,0,0,0,0,0,13.3905387073755,0,4.05942353606224,0,240.79110686481,0,497.075496420264,0.52702584862709,0
0,0,0,0,44.6422953605652,0,0,0,0,0,3,0,0,0,0,0,0,0,0,0,1.6030347943306,0,0,0,0,0,0,0,0,0,0,0,0,0,0,0,0,0,0,0,0,0,0,0,0,0,0,0,0,0,6.66163298487663,0,191.364753633738,0,0,0,14.8251669108868,0,32.2065240740776,0,0,0,0,0,0,0,0,0,0,0,0,0,0,0,0,0,0,0,0,0,0,0,89.7344698607922,6,0,0,0
0,0,0,0,0,176.925404846668,0,0,0,0,0,47.7595111727715,0,44.8772506713867,0,0,0,0,0,59.4175063073635,0,0,0,0,0,0,0,0,0,0,0,0,0,0,0,0,0,0,0,0,0,0,0,0,0,0,0,0,0,0,0,57.0192067623138,0,581.971099197865,0,0,0,16.6609818935394,0,8.28990304470062,0,0,102.572253644466,0,0,0,0,0,0,0,0,0,0,0,0,0,0,0,0,0,0,0,230.21156051755,6.08067536354065,0,0,0
149.053153187037,0,233.954273253679,0,62.9341614842415,0,0,0,0,0,0,0,0,0,124.602186977863,0,67.8246988207102,16.8563179820776,7.08510702848434,0,0,0.659868896007538,0,0,37.8276556134224,0,3.00048589706421,0,0,0,0,0,0,0,0,0,0.549379408359528,0,116.875992506742,0,0.500753462314606,0,4.84421367943287,0,0,0,0,0,49.8932265788317,0,27.5938317775726,0,0,0,681.001680970192,0,0.345564126968384,0,0,0,124.746495008469,0,0,1.4118919968605,0,0,0,2.31519611179829,0,0.891084462404251,0,0,0,0.554926156997681,0,0,0,0,0,0.253710210323334,0,12.9558348804712,174.444892093539,0,289.534056052566,0,0
0,371.582913964987,0,35.8522042036057,0,4.46650552749634,0,0,0,0,0,0,0,0,0,27.5096874237061,0,3.02453911304474,1.20453321933746,0,0,0,0,13.5567057728767,0,0.813036739826202,0,0,0,0,0,0,0,0,0,0,0,241.916388809681,0,0,0,1.1899805366993,0,0,0,0,0,0,0,1.30121219158173,0,0,0,0,0,458.378532648087,0,0,0,0,0,7,0,0,0,0,1.49319052696228,0,0,0,0,0,0.296179860830307,0,0,0,0,0,0.2140162140131,0,3.25851845741272,0,464.931757926941,1.21087741851807,113.58607673645,0,0
0,0,0,0,1.86262547969818,0,3,0,0,0,0,0,335.874676942825,0,0,0,0.752057194709778,0,3.98135569691658,0,1059.49938255548,0,0,0,0,0,0,0,0,0,185.808770209551,0,0,0,0,0,333.548392444849,0,876.437902629375,0,2.27118034660816,0,6.32449333369732,0,0,0,2.11793687939644,0,1.79265177249908,0,0,0,32.8124157190323,0,0,0,1758.84216858447,0,47.8283042609692,0,0,0,0,124.251219719648,0,0,0,0,0,0,0,0,0,115.1388412714,0,0,0,0,0,7.96724576503038,0,89.8349454402924,731.606020703912,110.065371379256,7.891312032938,0,0.948616027832031
0,0,0,0.256864666938782,0,0,0,47.7595111727715,0,0,0,0,0,174.13759791851,0,0,0,0,0,344.942535310984,0,0,0,0,0,0,0,26.5645318329334,0,99.5354681909084,0,0,0,0,0,293.295167297125,0,332.305562674999,0,0,0,0,0,0,0,1.96924868226051,0,0,0,0,0,0,0,6.08847016096115,0,0,0,4162.15446478128,0,20.3256067037582,0,0,217.26211771369,0,0,0,0,0,0,0,0,0,164.566320776939,0,0,0,0,0,85.3727334886789,0,45.8748067319393,0,651.159754604101,0,27.4230785965919,0,0
0,0,0,0,0,0,0,0,0,0,335.874676942825,0,0,0,11.0225245952606,0,0,0,0,0,0,0,0,0,0,0,0,0,0,0,17.5078945159912,0,0,0,0,0,0,0,0,0,0,0,0,0,0,0,0,0,0,0,0,0,5.07672834396362,0,0,0,9.35297966003418,0,388.075504824519,0,0,0,0,0,0,0,0,0,0,0,0,0,0,0.484340280294418,0,0,0,0,0,0,0,0,29.9782782793045,0,0,0,0
0,0,0,0,0,0,0,44.8772506713867,0,0,0,174.13759791851,0,0,0,5.21939396858215,0,49.3946768045425,2.30905646085739,0,0,0,0,0,0,0,0,26.5439939796925,0,1.48531913757324,0,0,0,0,0,0,0,0,0,0,0,0,0,0,0,0,0,0,0,0,0,0,0,3.121277987957,0,0,0,273.143541097641,0,925.056456834078,0,0,0,0,0,0,0,0,0,0,26.0115325450897,0,0,0,0,0,0,0,0,0,0,0,411.158526599407,0,0,0,0
0,0,0,0,7.54515358805656,0,0,0,124.602186977863,0,0,0,11.0225245952606,0,0,0,224.477668210864,5.16064327955246,0,0,0,0,0,0,1.75245916843414,0,11.1585398614407,0,7.58098343014717,0,0,0,0,0,0,0,0,0,0,0,0,0,0,0,0,0,0,0,0,0,2.38203233480453,0,0,0,18.4588297903538,0,0,0,54.6671957969666,0,99.8934112787247,0,0,0,0,0,0,0,0,13.4948967695236,0,0,0,0,0,0,0,0,0,0,0,0,44.6607778221369,0,0,0,0
0,1.68683242797852,0.198397189378738,0,0,0,0,0,0,27.5096874237061,0,0,0,5.21939396858215,0,0,15.692668735981,481.38970823586,14.6550135612488,0,0,13.1719386577606,0,4.01174795627594,0,158.60308137536,0,2.39691805839539,0,0,0,0,0,0,0,0,0,0,0,0,0,0,0,0,0,5.42367219924927,0,0,0,18.538391828537,0,3.39857876300812,0,0,0,12.8350313305855,0,0,0,6.57335364818573,0,151.621762990952,0,0,0,0,0,0,84.1348490417004,0,0,0,0,0,0,0,0,0,0,0,0,0,363.367839947343,35.6992803812027,0,0,0
0,0,0,0,0.122168578207493,0,0,0,67.8246988207102,0,0.752057194709778,0,0,0,224.477668210864,15.692668735981,0,8098.54892200232,3590.21031469107,0,0.992842450737953,40.3511001169682,312.6690582335,29.7768836170435,237.168538063765,102.187322661281,1372.1852221936,0,68.5349131375551,0,0.146621689200401,0,0,0,0,6.60536393523216,34.1470944806933,0,1.37011608481407,18.0377271920443,4.70168346911669,28.3175200372934,67.2566978037357,3.85535395145416,2.32963860034943,6.95140248537064,34.2007886916399,0,0,3.88235342502594,0,0,0,0,41.7141637504101,0,6.94484376907349,0,0,0,653.04319024086,18.8323467671871,0,29.2537145838141,1.15818560123444,26.0846068263054,0.338256627321243,2.63094261288643,28.2786463052034,930.752699002624,0,0,1.01282382011414,3.71281702816486,0,0,0,0,34.2766971737146,153.285296417773,2.9003769159317,34.0707323923707,8665.93879917264,436.677198797464,78.4520577639341,2.6629995405674,16.1083766371012
0.397103726863861,0,0,0.544111147522926,0,0.408067971467972,0,0,16.8563179820776,3.02453911304474,0,0,0,49.3946768045425,5.16064327955246,481.38970823586,8098.54892200232,0,4890.13049593568,0,0,1187.20464791358,9.55458682775497,220.291212767363,39.7849647700787,2056.77817299962,56.9415116906166,203.13715955615,3.79950517416,0,0,0,0,0,0,9.45866411924362,5.36727896332741,0,0,45.3981033712626,0.216742396354675,56.5257937610149,3.1282327324152,3.12481559813023,0,14.002595230937,16.6629533469677,0,0,3.53134225308895,0,0,0,0,14.3797028809786,0,0.921210646629333,0.299924463033676,0,0.223654955625534,24.3892904222012,249.912750229239,4.00686976313591,10.4501626342535,147.346494346857,0,3.76963847875595,0,374.852379918098,74.3748548775911,0,0,0.761851787567139,3.28989744186401,0,0,0,0,90.660053819418,21.8438678905368,2.34578090906143,7.52337571978569,11580.280955717,302.376132786274,30.873154386878,7.01739659905434,6.79387754201889
1.99304276704788,0,0.291266232728958,7.0884784758091,6.94057881832123,1.8211944103241,0,0,7.08510702848434,1.20453321933746,3.98135569691658,0,0,2.30905646085739,0,14.6550135612488,3590.21031469107,4890.13049593568,0,0.705502212047577,7.25818157196045,11.2297328412533,0.666998624801636,9.23176071047783,8.48189353942871,51.879450827837,20.511754706502,0,1.28579235076904,0,0.581465244293213,0,0,0,0,143.538141958416,307.364645473659,1.3135370016098,6.02976189553738,750.093614786863,87.4930118769407,831.273451045156,436.682837083936,400.890295803547,3.8254576921463,173.112596705556,317.969218425453,3.73218840360641,2.30298288166523,91.6613944321871,1.54937624931335,0,0,0,6.24935162067413,0,52.4387334734201,13.0752183794975,0,0,36.1274928748608,15.4014909863472,15.6068366616964,240.660811647773,0,0,1.86028409004211,0,25.4902054220438,14.530841499567,0,0,35.1815300434828,39.6194513738155,0,0,0,0,1186.79138012975,1476.13508251309,43.1112571805716,196.935023725033,4896.29505627602,3.20639508962631,966.215574339032,136.903121396899,118.864082351327
0,0,0,0,0,14.1261025667191,0,59.4175063073635,0,0,0,344.942535310984,0,0,0,0,0,0,0.705502212047577,0,0,0,0,0,0,0,0,0,0,0,0,0,0,0,0,807.947593763471,0,32.7497340589762,0,4.60120677947998,0,0,0,2.28528517484665,0,97.5240476429462,0,2.65396127104759,0,2.30049686133862,0,0,0,3.00597897171974,0,0,0,73.5304628610611,0,0,0,0,2496.15453337133,0,0,0,0,0,0,0,0,0,177.155990481377,0,0,0,0,0,330.33554854244,0,162.750455036759,0,425.777540832758,0,75.5136282593012,0,0
0.460158661007881,0,0,0,88.9274643063545,0,1.6030347943306,0,0,0,1059.49938255548,0,0,0,0,0,0.992842450737953,0,7.25818157196045,0,0,0,0,0,0,0,0,0,0,0,9.50661990046501,0,0,0,0,0,1160.41021171957,0,73.9086306989193,0,2.44216435402632,0,13.5030540972948,0,0,0,10.5879584401846,0.61746734380722,8.32727928459644,0,122.930074125528,0,57.9159150421619,0,0,0,446.655918180943,0,0,0,0,0,0,1441.14574698359,0,0,0,0,0,0.40608885884285,0,0,0,38.9848479777575,0,0,0,0,0,829.6683646366,0,155.041321203113,272.990620955825,0,54.4111038595438,0,4.34074947237968
0,0,0,0,0,0,0,0,0.659868896007538,0,0,0,0,0,0,13.1719386577606,40.3511001169682,1187.20464791358,11.2297328412533,0,0,0,34.9267857074738,57.23392111063,0,80.9330461025238,0,226.308830052614,0,0,0,0,0,5.07095611095428,0,0,0,646.454821005464,2.27080082893372,0,0,0.650330722332001,0,0,0,0,0,0.575471967458725,0,154.323611199856,0,0,0,0,0,0,0,17.2916959226131,0,0.284611135721207,0,3.1677610874176,0,0,6339.09428143501,0,33.44189915061,0,34.654241502285,0,43.8422475457191,0,0,0,0,0,0,0,0,0,592.082966014743,0,1520.52181357145,30.830404907465,33.0283036530018,0,0
0,0,0,0,0,0,0,0,0,0,0,0,0,0,0,0,312.6690582335,9.55458682775497,0.666998624801636,0,0,34.9267857074738,0,0,95.2402064204216,0,65.1843718290329,0,73.8326241970062,0,0,0,0,0,0,0,0,0,161.599153876305,0,0,0,0,0,0,0,0,0,121.109694570303,0,0,0,0,0,0,0,0,0,0,0,0.670841217041016,0,0,0,4.86686223745346,4489.98053407669,0,0,0,5.91218191385269,0,3.67883843183517,0,0,0,0,0,0,0,0,0,41.8482721447945,954.140015661716,84.7023804783821,0.828499376773834,0,0
0,0,0,0,0,0,0,0,0,13.5567057728767,0,0,0,0,0,4.01174795627594,29.7768836170435,220.291212767363,9.23176071047783,0,0,57.23392111063,0,0,0,72.0642197430134,0,0,0,0,0,0,0,0,0,0,0,131.950118839741,0,0,0,0.59058004617691,0,0,0,0,0,0.44311648607254,0,9.99234226346016,0,0,0,0,1.95394539833069,314.762694180012,0,1.57457971572876,0,0,0,0,0,0,52.3543035686016,0,538.906393587589,0,54.1894273459911,0,0,0,0,0,0,0,0,0,0,0,132.664060354233,0,698.351168632507,0,71.4077440202236,0,0
0,0,0,0,0,0,0,0,37.8276556134224,0,0,0,0,0,1.75245916843414,0,237.168538063765,39.7849647700787,8.48189353942871,0,0,0,95.2402064204216,0,0,5.51899194717407,142.10676330328,0,0,0,0,0,0,0,0,0,0,0,183.913920909166,0,0,0,0,0,0,0,0,0,53.7577092647552,0,0,0,0,0,18.7171593159437,0,0,0,0,0,16.8228750824928,0,0,0,0,33.8491423428059,0,305.543213799596,0,48.2050419449806,0,0,0,0,0,0,0,0,0,0,0,56.4831000566483,175.921109184623,0,6.23676526546478,0,0
0,0,0,0,0,0,0,0,0,0.813036739826202,0,0,0,0,0,158.60308137536,102.187322661281,2056.77817299962,51.879450827837,0,0,80.9330461025238,0,72.0642197430134,5.51899194717407,0,0,61.8116402328014,0,0,0,0,0,0,0,0,0,0,0,0,0,0,0,0,0,0,1.28868639469147,0,0,0,0,0,0,0,0,6.72528088092804,0,0,0,0,3.94702625274658,48.4806874394417,0,0,48.7717541456223,0,33.4273815751076,0,926.522108137608,0,1.3089679479599,0,0,0,0,0,0,0,0,0,0.612708389759064,0.15932908654213,809.584395855665,6.63953959941864,0,0,0
0,0,0,0,0,0,0,0,3.00048589706421,0,0,0,0,0,11.1585398614407,0,1372.1852221936,56.9415116906166,20.511754706502,0,0,0,65.1843718290329,0,142.10676330328,0,0,0,52.6702404618263,0,0,0,0,0,0,0,0,0,0,0,0,0,1.51043009757996,0,0,0,0,0,0,0,0,0,0,0,1.01977360248566,0,0,0,0,0,35.7161154448986,0,0,0,0,272.967339754105,0,201.992058873177,6.12304365634918,353.852702736855,0,18.4610776901245,0,0,0,0,0,0,0,0.246487393975258,0,0,341.345032677054,0,0.555418536067009,0,0.21741509437561
0,0,0,0,0,0,0,0,0,0,0,26.5645318329334,0,26.5439939796925,0,2.39691805839539,0,203.13715955615,0,0,0,226.308830052614,0,0,0,61.8116402328014,0,0,0,23.9323550909758,0,0,0,0,0,0,0,7.98499663174152,0,0,0,0,0,0,0,0,0,0,0,0,0,0,0,0,0,0,0,0.354885935783386,0,17.2517322897911,0,8.60736787319183,0,0,102.128670930862,0,0,0,289.487003445625,0,1771.67256312072,0,3.34323832392693,0,0,0,0,0,0,0,122.464171379805,0,152.281508773565,103.721088171005,0,0,0
0,0,0,0,0,0,0,0,0,0,0,0,0,0,7.58098343014717,0,68.5349131375551,3.79950517416,1.28579235076904,0,0,0,73.8326241970062,0,0,0,52.6702404618263,0,0,0,0,0,0,0,0,0,0,0,59.92136490345,0,0,0,0,0,0,0,0,0,0,0,0,0,0,0,0,0,0,0,45.9307425022125,0,1.67151838541031,0,0,0,0,7.90757322311401,0,0,0,1.17052388191223,0,529.527348935604,0,13.7208432257175,0,0,0,0,0,0,0,50.8004049062729,28.4186504781246,0,0,0,0
0,0,0,0,0,0.266851603984833,0,0,0,0,0,99.5354681909084,0,1.48531913757324,0,0,0,0,0,0,0,0,0,0,0,0,0,23.9323550909758,0,0,0,0,0,0,0,0,0,97.9675607085228,0,0,0,0,0,0,0,0,0,0,0,0,0,0,0,0,0,0,0,127.025604248047,0,0,0,0,0,0,0,0,0,0,0,0,0,0,1642.04052832723,0,0,0,0,0,0,0,53.2907526344061,0,57.8387511223555,0,0,0,0
0,0,0,0,0,0,0,0,0,0,185.808770209551,0,17.5078945159912,0,0,0,0.146621689200401,0,0.581465244293213,0,9.50661990046501,0,0,0,0,0,0,0,0,0,0,0,0,0,0,0,0.356780931353569,0,129.644803151488,0,0.890785411000252,0,3.50912748277187,0,0,0,0.893005669116974,0.151639983057976,1.39754247665405,0,0,0,0,0,0,0,285.844891414046,0,12.8837099075317,0,0,0,0,27.4443964660168,0,0,0,0,0,0,0,0,0,443.335330992937,0,0,0,0,0,5.99571494758129,0,60.1257533282042,2.05190069973469,263.313302516937,15.6479603350163,0,5.27560210227966
0,0,0,0,0,0,0,0,0,0,0,0,0,0,0,0,0,0,0,0,0,0,0,0,0,0,0,0,0,0,0,0,386.497250065207,60.3809740543365,0,179.487122863531,0,0,0,0,0,0,0,0,0,0,0,718.48885139823,159.821623593569,0,0,0,0,0,0,0,0,0,0,0,0,0,0,0,0,0,0,0,0,0,0,0,0.135187372565269,0,2723.01310770214,80.9413721263409,54.4299996495247,0,79.4093925207853,22.8144408464432,0,0,951.866079062223,0,1.38232749700546,0,0
0,0,0,0,0,0,0,0,0,0,0,0,0,0,0,0,0,0,0,0,0,0,0,0,0,0,0,0,0,0,0,386.497250065207,0,0,0,4.70628118515015,589.316554188728,0,0,0,0,0,0,0,0,0,0,1823.57439491153,88.077004134655,0,0,0,0,0,0,0,0,0,0,0,0,0,0,0,0,0,0,0,0,0,0,0,0,0,335.560248196125,2104.3922933042,4.84371745586395,17.1558647155762,2.34331256151199,1616.83393619955,0,0,519.794272005558,0,0,0,0
0,0,0,0,0,0,0,0,0,0,0,0,0,0,0,0,0,0,0,0,0,5.07095611095428,0,0,0,0,0,0,0,0,0,60.3809740543365,0,0,435.39906463027,169.434017524123,0,207.886435240507,0.57488077878952,0,0,0,8.46601381897926,0,0,0.840285584330559,0,2474.78752756119,4.00400632619858,0.342676848173141,0,0,0,0,0,0,0,0.114472255110741,0,0,0,0,0,0,0,0,0,0,0,0,0,0,0,0,8.59716203808784,0,1803.47308793664,291.754774034023,44.6729308217764,0.898578107357025,111.700837910175,0.227212160825729,1055.12847548723,0,8.32336464524269,0,0
0,0,0,0,0,0,0,0,0,0,0,0,0,0,0,0,0,0,0,0,0,0,0,0,0,0,0,0,0,0,0,0,0,435.39906463027,0,0,128.160750091076,25.04547560215,175.230327606201,0,0,0,0,0,0,0,0,483.193341434002,10.2234791517258,0,0,0,0,0,0,0,0,0,0,0,0,0,0,0,0,0,0,0,0,0,0,0,0,0,3.29457879066467,114.681813120842,118.379383057356,1674.23508135974,0,195.98445738852,0,43.830061390996,146.197053730488,0,0,0,0
0,0,0,8.8837748542428,0,41.3216533362865,0,0,0,0,0,293.295167297125,0,0,0,0,6.60536393523216,9.45866411924362,143.538141958416,807.947593763471,0,0,0,0,0,0,0,0,0,0,0,179.487122863531,4.70628118515015,169.434017524123,0,0,751.654180750251,1990.81539861858,0,83.2046021223068,1.0435339063406,200.098003566265,1.05666692554951,149.134975507855,0,318.273672536016,1.00662791728973,86.4842801392078,0.210565976798534,26.4074702635407,0,0.189394608139992,0,0,0,0.428785234689713,0,40.3374437019229,0,0,0,0,318.559516273439,0.270377159118652,0,0,0,0,0,0,1.13363659381866,0,5.54988665878773,0.736643612384796,72.6417992115021,0,75.3543733209372,0,32991.9623621926,87.488517805934,742.176944583654,0,10242.9922912866,284.73567917943,113.600098758936,87.9540193080902,1.59071220457554
1.58514487743378,0,1.6937809586525,0,2.01385508477688,0,0,0,0.549379408359528,0,333.548392444849,0,0,0,0,0,34.1470944806933,5.36727896332741,307.364645473659,0,1160.41021171957,0,0,0,0,0,0,0,0,0,0.356780931353569,0,589.316554188728,0,128.160750091076,751.654180750251,0,0,3227.18311789632,4.40988731384277,23.7261317446828,2.5133481323719,168.111530125141,0.151492208242416,13.5825563445687,3.07362297177315,375.850718781352,86.9267677217722,35.3994045555592,0,34.8100464791059,0,0,0,0,0,48.0612810477614,0,4.98048913478851,0,0,0,0,841.5693930462,0,0,0,0,0,0,0,0,0.132104769349098,13.3111676648259,0,133.758727952838,0,97.3767154812813,84.0153446942568,25694.1952673718,1.95811629295349,433.2240011096,7675.68435753137,1987.69630853832,318.408716410398,0.832226015627384,31.305880881846
0,0,0,0,0,0,0,0,0,241.916388809681,0,332.305562674999,0,0,0,0,0,0,1.3135370016098,32.7497340589762,0,646.454821005464,0,131.950118839741,0,0,0,7.98499663174152,0,97.9675607085228,0,0,0,207.886435240507,25.04547560215,1990.81539861858,0,0,59.1373994350433,0.201842829585075,0,6.80827569961548,4.70683062076569,0,0,1.1083164960146,0,361.391606360674,1.33834102749825,270.107237294316,0,0,0,0,0,45.2803482711315,0,74.9522476494312,0,0,0,0,38.4207022190094,0,176.626145452261,0,13.9293252229691,0,0,0,1.02180629968643,0,192.048553809524,0,0,0,230.951056838036,0,583.411135554314,0,12350.9301901907,0,2304.93321947753,86.7346812486649,276.361642792821,0,0
0,0,0.697417080402374,0,0.275175780057907,0,0,0,116.875992506742,0,876.437902629375,0,0,0,0,0,1.37011608481407,0,6.02976189553738,0,73.9086306989193,2.27080082893372,161.599153876305,0,183.913920909166,0,0,0,59.92136490345,0,129.644803151488,0,0,0.57488077878952,175.230327606201,0,3227.18311789632,59.1373994350433,0,0,1.00682970881462,0,33.5160801410675,0,0,0,7.75037005543709,171.15706217289,438.628965675831,0,0,0,0,0,44.8612635433674,0,360.352295741439,0,0,0,0,0,0,307.954680360854,0,213.671008706093,0,45.1505610197783,0,0,0,12.0242359638214,0,60.1909358352423,0,0,0,36.6438511610031,0.262923210859299,838.233535066247,0,8731.3283957988,2376.35340814292,707.282323122025,214.127877667546,0,7.43655321002007
0,0,0,39.8373528793454,0,19.9393765628338,0,0,0,0,0,0,0,0,0,0,18.0377271920443,45.3981033712626,750.093614786863,4.60120677947998,0,0,0,0,0,0,0,0,0,0,0,0,0,0,0,83.2046021223068,4.40988731384277,0.201842829585075,0,0,1.43366065621376,1445.98434077203,17.4860313087702,197.18820732832,0,230.733945652843,3.34540489315987,106.062483161688,3.6842524856329,1014.22133848071,0,0.911301016807556,0,0,0,0,1.00400996208191,17.1901977136731,0,0,0,0,32.9796351790428,6.78071631491184,0,0,0,0,0,0,0,0,52.469689026475,0,0,0,0,0,1837.10059360415,16.1743462532759,26.5635573416948,3.43673419952393,524.991149321198,0,772.170529909432,256.5764221102,0.547520518302917
1.04682672023773,0,0.506830587983131,0.963600039482117,24.0857448726892,0,0,0,0.500753462314606,0,2.27118034660816,0,0,0,0,0,4.70168346911669,0.216742396354675,87.4930118769407,0,2.44216435402632,0,0,0,0,0,0,0,0,0,0.890785411000252,0,0,0,0,1.0435339063406,23.7261317446828,0,1.00682970881462,1.43366065621376,0,1.33072970807552,215.912619136274,0,4.17822064459324,0,89.5084060877562,22.0625460147858,284.665079072118,0,29.8082973435521,0,0,0,1.89978352189064,0,33.8745968714356,0,9.22603617608547,0,0.524936854839325,0,0,172.339397333562,0,0,0,0,0,0,0,0,0,18.1689328998327,0,0,0,0,1.79210321605206,867.33993383497,0,47.0023596733809,116.180201165378,0,428.453735977411,0.469137698411942,17.1113088876009
0,5.06155848503113,0,107.126842260361,0,7.31990137696266,0,0,0,1.1899805366993,0,0,0,0,0,0,28.3175200372934,56.5257937610149,831.273451045156,0,0,0.650330722332001,0,0.59058004617691,0,0,0,0,0,0,0,0,0,0,0,200.098003566265,2.5133481323719,6.80827569961548,0,1445.98434077203,1.33072970807552,0,117.369644060731,55.9919699132442,0,152.148847781122,2.31294703483582,94.9155752956867,0.370925262570381,730.366737820208,0,1.21057546138763,0,0,0,0,4.93956027925014,255.007343359292,0,0,0,0,141.681740492582,1.64160269498825,0,0,0,0,0,0,0.916238248348236,0,541.366900712252,1.46966023743153,0,0,1.53419414162636,0,1441.29729290307,26.1345953345299,64.674410238862,12.8502217978239,1345.07265936583,19.4158196151257,3600.35042473674,905.534894406796,2.81718821823597
35.2808979153633,0,2.79334215819836,1.82151262462139,23.1850513368845,0,0,0,4.84421367943287,0,6.32449333369732,0,0,0,0,0,67.2566978037357,3.1282327324152,436.682837083936,0,13.5030540972948,0,0,0,0,0,1.51043009757996,0,0,0,3.50912748277187,0,0,8.46601381897926,0,1.05666692554951,168.111530125141,4.70683062076569,33.5160801410675,17.4860313087702,215.912619136274,117.369644060731,0,2.01626491546631,12.0628746151924,0,334.451163627207,135.681152939796,1236.47743158042,5.97647784650326,8.17187575995922,0,0,0,2.01883341372013,0,512.948479771614,0.148956164717674,17.5090252906084,0,14.0964561104774,0,0,501.018668532372,0,0.70067036151886,0,0,0,0.263085514307022,0,0.987716972827911,1.18919822573662,276.543254762888,0,0,0,0,23.312625952065,1253.9697618857,0.585576087236404,237.712919972837,1550.69153627753,39.6366386115551,4095.74691694975,3.65281343460083,662.282732799649
0,0,0,5.8250834941864,0,0,0,0,0,0,0,0,0,0,0,0,3.85535395145416,3.12481559813023,400.890295803547,2.28528517484665,0,0,0,0,0,0,0,0,0,0,0,0,0,0,0,149.134975507855,0.151492208242416,0,0,197.18820732832,0,55.9919699132442,2.01626491546631,0,0,23.6310200095177,0,0,0,46.3890096694231,0,0,0,0,0,0,0,22.3509376645088,0,0,0,0,2.53986206650734,0,0,0,0,0,0,0,0,0,65.3219546079636,0,0,0,0,0,640.087784320116,2.96527111530304,108.870878815651,1.98106706142426,21.9671747088432,0,158.083268091083,9.14097625017166,3.39270639419556
0,0,0,0,0,0,0,0,0,0,0,0,0,0,0,0,2.32963860034943,0,3.8254576921463,0,0,0,0,0,0,0,0,0,0,0,0,0,0,0,0,0,13.5825563445687,0,0,0,4.17822064459324,0,12.0628746151924,0,0,0,14.7698411494493,0,0,0,0,0,0,0,0,0,1.87299919128418,0,0,0,0,0,0,8.58473935723305,0,0,0,0,0,0,0,0,0,1.8376048207283,0,0,0,0,0,40.1186790987849,0,4.563620403409,1.38271974772215,0,48.3646750301123,0,0.955991819500923
0,0,0,66.2110980153084,0,14.2204518318176,0,0,0,0,0,1.96924868226051,0,0,0,5.42367219924927,6.95140248537064,14.002595230937,173.112596705556,97.5240476429462,0,0,0,0,0,0,0,0,0,0,0,0,0,0.840285584330559,0,318.273672536016,3.07362297177315,1.1083164960146,0,230.733945652843,0,152.148847781122,0,23.6310200095177,0,0,2.90363383293152,80.4734115749598,35.4008460640907,69.5442001521587,0,0,0,0,0,0,0,103.538359224796,0,0,0,0,1122.60576734692,0,0,0,0,0,0,0,1.11842316389084,0,330.430519968271,0,0,0,0,0,3756.60103704035,6.78784543275833,495.134047865868,3.23349285125732,115.610263757408,0,933.689909026027,39.5657079815865,0
1.93284264206886,0,4.09116111695766,0,3.05722759664059,0,0,0,0,0,2.11793687939644,0,0,0,0,0,34.2007886916399,16.6629533469677,317.969218425453,0,10.5879584401846,0,0,0,0,1.28868639469147,0,0,0,0,0.893005669116974,0,0,0,0,1.00662791728973,375.850718781352,0,7.75037005543709,3.34540489315987,89.5084060877562,2.31294703483582,334.451163627207,0,14.7698411494493,2.90363383293152,0,4.2812933921814,25.7137788906693,1.85333168506622,4.46467809379101,0,0,0,0,0,29.6567071974277,0,0.365367412567139,0,0,0,0.293221116065979,651.592405632138,0,0,0,0,0,0,0,0,0.25280573964119,13.1904919445515,0,0,0,0,7.29437576979399,1498.7093982771,0.829483091831207,144.120796665549,142.235600918531,0,345.522673197091,0,7.64577916264534
0,0,0,11.8379872143269,7.61337375640869,11.685268342495,0,0,0,0,0,0,0,0,0,0,0,0,3.73218840360641,2.65396127104759,0.61746734380722,0.575471967458725,0,0.44311648607254,0,0,0,0,0,0,0.151639983057976,718.48885139823,1823.57439491153,2474.78752756119,483.193341434002,86.4842801392078,86.9267677217722,361.391606360674,171.15706217289,106.062483161688,22.0625460147858,94.9155752956867,135.681152939796,0,0,80.4734115749598,4.2812933921814,0,3417.29162721336,582.18194873631,4.41020008921623,0.28022626042366,0,0,0,0,9.03245095908642,4.3238485455513,1.79990303516388,0.212976858019829,2.23391103744507,0,6.10868632048368,8.76146004348993,0,0,0,0,0,0,0,0,3.91632345318794,3.42762558162212,1271.38114640117,630.446656182408,625.153035908937,495.539191126823,511.474794477224,796.194889232516,3.2521893158555,12.8307948559523,2092.1713872999,2.30369740724564,818.129341930151,0.201952517032623,0.39744433760643
193.891572207212,0,26.1060850024223,6.01766747236252,28.5388763397932,15.6791011244059,0,0,49.8932265788317,0,1.79265177249908,0,0,0,0,0,0,0,2.30298288166523,0,8.32727928459644,0,121.109694570303,0,53.7577092647552,0,0,0,0,0,1.39754247665405,159.821623593569,88.077004134655,4.00400632619858,10.2234791517258,0.210565976798534,35.3994045555592,1.33834102749825,438.628965675831,3.6842524856329,284.665079072118,0.370925262570381,1236.47743158042,0,0,35.4008460640907,25.7137788906693,3417.29162721336,0,1.60063982009888,54.2725189328194,0,0,0,53.8102546185255,0,42.4602223783731,0.812545590102673,6.08257183432579,0,31.5461765378714,0,1.10080613195896,41.3758294954896,0,431.214308708906,0,79.0284458845854,0,72.8546998500824,0,15.3415596187115,1.0417332649231,22.2452991306782,44.745373904705,0.871758937835693,3.27096605300903,4.39624840021133,37.8951765298843,840.342288263142,0.15815643966198,1189.64347822219,1407.50938214362,0,1122.50482615083,0.150659143924713,6.39463087171316
0,142.067350566387,0,67.6423020511866,0,20.2422283440828,0,0,0,1.30121219158173,0,0,0,0,0,18.538391828537,3.88235342502594,3.53134225308895,91.6613944321871,2.30049686133862,0,154.323611199856,0,9.99234226346016,0,0,0,0,0,0,0,0,0,0.342676848173141,0,26.4074702635407,0,270.107237294316,0,1014.22133848071,0,730.366737820208,5.97647784650326,46.3890096694231,0,69.5442001521587,1.85333168506622,582.18194873631,1.60063982009888,0,0,10.2571180313826,0,0,0,0,0,250.637794010341,0,7.8058745265007,0,11.6280008554459,23.1729585826397,0,496.485572561622,0,28.7236244380474,0,73.5435925424099,0,564.121859550476,0,276.884275473654,1.13701987266541,1.47804880142212,0,32.4088585972786,0,449.619346596301,0.176417246460915,395.107195913792,0.252776026725769,372.628365501761,0,1078.91912978142,94.715287655592,1.59035134315491
0,0,30.1019464433193,0,750.055779248476,0,6.66163298487663,0,27.5938317775726,0,0,0,0,0,2.38203233480453,0,0,0,1.54937624931335,0,122.930074125528,0,0,0,0,0,0,0,0,0,0,0,0,0,0,0,34.8100464791059,0,0,0,29.8082973435521,0,8.17187575995922,0,0,0,4.46467809379101,4.41020008921623,54.2725189328194,0,0,0,37.6816118359566,0,1.39579117298126,0,48.2069698572159,0,6.87646409869194,0,178.502455592155,0,0,380.6832806319,0,0,0,0,0,0,0,0,0,7.2526112049818,0,0,0,0,0,90.3645053803921,0,1.71915352344513,327.459977537394,0,252.909459754825,0,1.99656993150711
0,4.95156687498093,0,45.7617087364197,0,161.496869176626,0,57.0192067623138,0,0,0,0,0,0,0,3.39857876300812,0,0,0,0,0,0,0,0,0,0,0,0,0,0,0,0,0,0,0,0.189394608139992,0,0,0,0.911301016807556,0,1.21057546138763,0,0,0,0,0,0.28022626042366,0,10.2571180313826,0,0,0,1,0,20.2208009362221,0,1.83676162362099,0,47.1782868206501,0,120.740719616413,0,0,0,0,0,0,0,0,0,0,0,0,0,0,0,0,1.14789198338985,0,0.223357856273651,0,2.55365937948227,0,34.5897300690413,0,0
0,0,0,0,14.104592949152,0,191.364753633738,0,0,0,32.8124157190323,0,5.07672834396362,0,0,0,0,0,0,0,57.9159150421619,0,0,0,0,0,0,0,0,0,0,0,0,0,0,0,0,0,0,0,0,0,0,0,0,0,0,0,0,0,37.6816118359566,0,0,0,0,0,103.290414005518,0,68.6047144532204,0,0,0,0,16.2844331860542,0,0,0,0,0,0,0,0,0,0,0,0,0,0,0,0,0,0,102.306389272213,2.58077764511108,0,0,0
0,0,0,0,0,69.2169706821442,0,581.971099197865,0,0,0,6.08847016096115,0,3.121277987957,0,0,0,0,0,3.00597897171974,0,0,0,0,0,0,0,0,0,0,0,0,0,0,0,0,0,0,0,0,0,0,0,0,0,0,0,0,0,0,0,1,0,0,0,0,0,39.7193438410759,0,76.8064974546432,0,0,2.06563010811806,0,0,0,0,0,0,0,0,0,0,0,0,0,0,0,0,0,0,0,0.288727521896362,0,0,0,0
35.1546108573675,0,45.0982732772827,0,47.578719496727,0,0,0,681.001680970192,0,0,0,0,0,18.4588297903538,0,41.7141637504101,14.3797028809786,6.24935162067413,0,0,0,0,1.95394539833069,18.7171593159437,0,1.01977360248566,0,0,0,0,0,0,0,0,0,0,0,44.8612635433674,0,1.89978352189064,0,2.01883341372013,0,0,0,0,0,53.8102546185255,0,1.39579117298126,0,0,0,0,0,0,0,1.41195231676102,0,133.043800055981,0,0,0,0,0,0,7.26034447550774,0,5.79705601930618,0,0,0,0,0,0,0,0,0,0,0,3.40151703357697,76.6690711826086,0,118.109968274832,0,0.244413241744041
0,86.4463428556919,0,19.9621492028236,0,17.2289654016495,0,0,0,458.378532648087,0,0,0,0,0,12.8350313305855,0,0,0,0,0,0,0,314.762694180012,0,6.72528088092804,0,0,0,0,0,0,0,0,0,0.428785234689713,0,45.2803482711315,0,0,0,0,0,0,0,0,0,0,0,0,0,20.2208009362221,0,0,0,0,0,0,0,0,0,2.27029168605804,0,0,0,0,56.0038834214211,0,0.703986644744873,0,0,0,0,0,0,0,0,0,0.943876266479492,0,10.9301682710648,0,10.0376983880997,0,4.96779125928879,0,0
6.86995653808117,0,3.30616340041161,0,15.9656705409288,0,14.8251669108868,0,0.345564126968384,0,1758.84216858447,0,9.35297966003418,0,0,0,6.94484376907349,0.921210646629333,52.4387334734201,0,446.655918180943,0,0,0,0,0,0,0,0,0,285.844891414046,0,0,0,0,0,48.0612810477614,0,360.352295741439,1.00400996208191,33.8745968714356,4.93956027925014,512.948479771614,0,1.87299919128418,0,29.6567071974277,9.03245095908642,42.4602223783731,0,48.2069698572159,0,103.290414005518,0,0,0,0,0,125.713784098625,0,39.8634972572327,0,0,1648.68106633425,0,0,0,0,0,0,0,367.599545955658,0,1490.86065031588,0,0,0,0,0.38616655766964,87.9209260568023,0,84.3655645996332,421.374942786992,65.7863965183496,1213.83697363734,0,147.345771402121
0,33.0724943876266,0,99.2128276079893,0,1.94029280543327,0,16.6609818935394,0,0,0,4162.15446478128,0,273.143541097641,0,0,0,0.299924463033676,13.0752183794975,73.5304628610611,0,17.2916959226131,0,1.57457971572876,0,0,0,0.354885935783386,0,127.025604248047,0,0,0,0.114472255110741,0,40.3374437019229,0,74.9522476494312,0,17.1901977136731,0,255.007343359292,0.148956164717674,22.3509376645088,0,103.538359224796,0,4.3238485455513,0.812545590102673,250.637794010341,0,1.83676162362099,0,39.7193438410759,0,0,0,0,0,112.70265828073,0,0,478.440984293818,0,47.5294427871704,0,13.3158987462521,0,41.1928436458111,0,223.248567909002,0,698.212274834514,0,0,0,0,0,27.6833078488708,0,8.18732929229736,2.20683145523071,131.128818169236,0,669.49666980654,15.0976775586605,0
0,0,19.6383864283562,0,3.86332184076309,0,32.2065240740776,0,0,0,47.8283042609692,0,388.075504824519,0,54.6671957969666,0,0,0,0,0,0,0,0,0,0,0,0,0,45.9307425022125,0,12.8837099075317,0,0,0,0,0,4.98048913478851,0,0,0,9.22603617608547,0,17.5090252906084,0,0,0,0.365367412567139,1.79990303516388,6.08257183432579,0,6.87646409869194,0,68.6047144532204,0,1.41195231676102,0,125.713784098625,0,0,0,129.116555154324,0,0,22.7072548866272,0,0,0,0,0,21.8822432160378,0,125.73172545433,0,0,0,0,0,0,0,6.82008105516434,0,0,88.5256387591362,0,260.189885690808,0,1.38048180937767
0,0,0,2.11427500844002,0,28.4249571561813,0,8.28990304470062,0,0,0,20.3256067037582,0,925.056456834078,0,6.57335364818573,0,0.223654955625534,0,0,0,0.284611135721207,0,0,0,0,0,17.2517322897911,0,0,0,0,0,0,0,0,0,0,0,0,0,0,0,0,0,0,0,0.212976858019829,0,7.8058745265007,0,47.1782868206501,0,76.8064974546432,0,0,0,112.70265828073,0,0,0,62.5501677393913,0,0,0,0,0.282324612140656,0,1.03395202755928,0,284.031865507364,0,1.18645179271698,0,0,0,0,0,0,0,0,0,31.4641486406326,0,2.42748799920082,0,0
13.2480128407478,0,54.9396072030067,0,19.0288672149181,0,0,0,124.746495008469,0,0,0,0,0,99.8934112787247,0,653.04319024086,24.3892904222012,36.1274928748608,0,0,0,0.670841217041016,0,16.8228750824928,3.94702625274658,35.7161154448986,0,1.67151838541031,0,0,0,0,0,0,0,0,0,0,0,0.524936854839325,0,14.0964561104774,0,0,0,0,2.23391103744507,31.5461765378714,0,178.502455592155,0,0,0,133.043800055981,0,39.8634972572327,0,129.116555154324,0,0,0,0,0.217446610331535,0,0,0,0,0,4.85871919989586,0,0,0,1.2966313958168,0,0,0,0,0,6.55776238441467,0,0,252.836285114288,0,112.637057200074,0,0.418200492858887
0,128.000753909349,0,0,0,12.0686009526253,0,0,0,7,0,0,0,0,0,151.621762990952,18.8323467671871,249.912750229239,15.4014909863472,0,0,3.1677610874176,0,0,0,48.4806874394417,0,8.60736787319183,0,0,0,0,0,0,0,0,0,0,0,0,0,0,0,0,0,0,0,0,0,11.6280008554459,0,120.740719616413,0,0,0,2.27029168605804,0,0,0,62.5501677393913,0,0,0,0,0,0,0,0,7.330217897892,0,0,0,0,0,0,0,0,0,0,0,0,0,81.6084225773811,10.150580406189,0,0,0
0,0,0,7.26823763549328,0,20.816386282444,0,102.572253644466,0,0,0,217.26211771369,0,0,0,0,0,4.00686976313591,15.6068366616964,2496.15453337133,0,0,0,0,0,0,0,0,0,0,0,0,0,0,0,318.559516273439,0,38.4207022190094,0,32.9796351790428,0,141.681740492582,0,2.53986206650734,0,1122.60576734692,0.293221116065979,6.10868632048368,1.10080613195896,23.1729585826397,0,0,0,2.06563010811806,0,0,0,478.440984293818,0,0,0,0,0,0,0,0,0,0,0,0,0.554732739925385,0,166.833948597312,0,0,0,0.17223659157753,0,3717.62447492033,1.71559357643127,490.325799621642,0,255.484022811055,0,510.523210346699,3.1595419049263,0
0.270712196826935,0,0.54713299870491,0,81.9361004531384,0,0,0,1.4118919968605,0,124.251219719648,0,0,0,0,0,29.2537145838141,10.4501626342535,240.660811647773,0,1441.14574698359,0,0,0,0,0,0,0,0,0,27.4443964660168,0,0,0,0,0.270377159118652,841.5693930462,0,307.954680360854,6.78071631491184,172.339397333562,1.64160269498825,501.018668532372,0,8.58473935723305,0,651.592405632138,8.76146004348993,41.3758294954896,0,380.6832806319,0,16.2844331860542,0,0,0,1648.68106633425,0,22.7072548866272,0,0.217446610331535,0,0,0,0,0,0,0,0,0,0,2.07056099176407,0,188.866440072656,0,0,0,0,3.43871541321278,2529.02051416785,0,706.744658015668,250.902866758406,0,877.065726742148,0,56.5429933667183
0,0,0,0,0,0,0,0,0,0,0,0,0,0,0,0,1.15818560123444,147.346494346857,0,0,0,6339.09428143501,4.86686223745346,52.3543035686016,0,48.7717541456223,0,102.128670930862,0,0,0,0,0,0,0,0,0,176.626145452261,0,0,0,0,0,0,0,0,0,0,0,496.485572561622,0,0,0,0,0,0,0,47.5294427871704,0,0,0,0,0,0,0,0,57.472606241703,0,101.551443874836,0,258.158337160945,0,1.16789126396179,0,0,0,0,0,0,0,448.09821434319,0,153.570793747902,3.08018493652344,6.0595276504755,0,0
0,0,0,0,0,0,0,0,0,0,0,0,0,0,0,0,26.0846068263054,0,0,0,0,0,4489.98053407669,0,33.8491423428059,0,272.967339754105,0,7.90757322311401,0,0,0,0,0,0,0,0,0,213.671008706093,0,0,0,0.70067036151886,0,0,0,0,0,431.214308708906,0,0,0,0,0,0,0,0,0,0,0,0,0,0,0,0,0,0,34.1754955053329,0,74.2651563286781,0,517.107518792152,0,0,0,0,0,0,0,0,0,396.563937664032,76.5703483819962,0,0,0,0
0,0,0,0,0,0,0,0,0,1.49319052696228,0,0,0,0,0,0,0.338256627321243,3.76963847875595,1.86028409004211,0,0,33.44189915061,0,538.906393587589,0,33.4273815751076,0,0,0,0,0,0,0,0,0,0,0,13.9293252229691,0,0,0,0,0,0,0,0,0,0,0,28.7236244380474,0,0,0,0,0,56.0038834214211,0,13.3158987462521,0,0.282324612140656,0,0,0,0,57.472606241703,0,0,0,14.3298672139645,0,12.2975575327873,0,0,0,0,0,0,0,0,0,1.06141051650047,0,57.6239906251431,0,32.5912181437016,0,0
0,0,0,0,0,0,0,0,2.31519611179829,0,0,0,0,0,0,0,2.63094261288643,0,0,0,0,0,0,0,305.543213799596,0,201.992058873177,0,0,0,0,0,0,0,0,0,0,0,45.1505610197783,0,0,0,0,0,0,0,0,0,79.0284458845854,0,0,0,0,0,7.26034447550774,0,0,0,0,0,0,0,0,0,0,34.1754955053329,0,0,0,118.237752199173,0,0,0,0,0,0,0,0,0,0,0,14.6962473094463,0.676524639129639,0,27.8971514254808,0,0
0,0,0,0,0,0,0,0,0,0,0,0,0,0,0,84.1348490417004,28.2786463052034,374.852379918098,25.4902054220438,0,0,34.654241502285,0,54.1894273459911,0,926.522108137608,6.12304365634918,289.487003445625,0,0,0,0,0,0,0,0,0,0,0,0,0,0,0,0,0,0,0,0,0,73.5435925424099,0,0,0,0,0,0.703986644744873,0,41.1928436458111,0,1.03395202755928,0,7.330217897892,0,0,101.551443874836,0,14.3298672139645,0,0,0,174.379198849201,0,0,0,0,0,0,0,0.689076662063599,0,0,0,182.523935779929,1.82272613048553,9.86865243315697,0,0
0,0,0,0,0,0,0,0,0.891084462404251,0,0,0,0,0,13.4948967695236,0,930.752699002624,74.3748548775911,14.530841499567,0,0.40608885884285,0,5.91218191385269,0,48.2050419449806,0,353.852702736855,0,1.17052388191223,0,0,0,0,0,0,0,0,0,0,0,0,0,0.263085514307022,0,0,0,0,0,72.8546998500824,0,0,0,0,0,5.79705601930618,0,0,0,21.8822432160378,0,4.85871919989586,0,0,0,0,74.2651563286781,0,118.237752199173,0,0,0,89.7659671902657,0,0,0,0,0,0,0,0,0,0,224.017700001597,0,0,0,0
0,0,0,0,0,0,0,0,0,0,0,0,0,26.0115325450897,0,0,0,0,0,0,0,43.8422475457191,0,0,0,1.3089679479599,0,1771.67256312072,0,0,0,0,0,0,0,1.13363659381866,0,1.02180629968643,0,0,0,0.916238248348236,0,0,0,1.11842316389084,0,0,0,564.121859550476,0,0,0,0,0,0,0,223.248567909002,0,284.031865507364,0,0,0.554732739925385,0,258.158337160945,0,12.2975575327873,0,174.379198849201,0,0,0,0,0,0,0,0,0,0,0,323.000649169087,0,7.66945648193359,6.21288019418716,7.65284717082977,0,0
0,0,0,0,0,0,0,0,0,0,0,0,0,0,0,0,0,0,0,0,0,0,3.67883843183517,0,0,0,18.4610776901245,0,529.527348935604,0,0,0,0,0,0,0,0,0,12.0242359638214,0,0,0,0.987716972827911,0,0,0,0,0,15.3415596187115,0,0,0,0,0,0,0,367.599545955658,0,125.73172545433,0,0,0,0,2.07056099176407,0,517.107518792152,0,0,0,89.7659671902657,0,0,0,127.400703787804,0,0,0,0,0,0,0,131.714855790138,0,0,1.50192427635193,0,0
0,0,0,71.640944480896,0,13.6184386610985,0,0,0,0.296179860830307,0,164.566320776939,0,0,0,0,1.01282382011414,0.761851787567139,35.1815300434828,177.155990481377,0,0,0,0,0,0,0,3.34323832392693,0,1642.04052832723,0,0.135187372565269,0,0,0,5.54988665878773,0.132104769349098,192.048553809524,0,52.469689026475,0,541.366900712252,1.18919822573662,65.3219546079636,0,330.430519968271,0.25280573964119,3.91632345318794,1.0417332649231,276.884275473654,0,0,0,0,0,0,0,698.212274834514,0,1.18645179271698,0,0,166.833948597312,0,1.16789126396179,0,0,0,0,0,0,0,0,0,0,0,0.677679181098938,0,67.2596698999405,1.574487619102,394.961833566427,0,82.2605765834451,0,649.427806735039,100.21439447999,0
