0,0,0.00725521512700057,0,0,0,0,0,0.0295373599507604,0,0,0,0,0,0,0,3.21786166033327e-06,7.56210690663228e-06,0.00270556339955896,0,0,0,0,0,0,0,0,0,0,0,0,0,0,0,0,0,0,0,0,0,0.00314397086751426,0,0.000430936152798741,0,0.000260323348155594,0,0.00340855277924807,0,0.00455312102380597,0,0,0,0,0,0.00725878936234493,0,2.52193954886951e-05,0,0,0,0.00287553255645565,0,0,0.00133439776820671,0,0,0,0,0,0,0,3.1222582031554e-05,0,0.000289440982952249,0,0,0,0,1.65450133152354e-06,0.000721694303953121,0,2.3323900798515e-05,0.00044766681350292,6.09969255401909e-06,0.00488744158842053,0,0
0,0,0,0.0117997753248321,0,0,0,0,0,0.0283327341241023,0,0,0,0,0,0.00210623545100437,5.69340541428653e-06,0,0.00204824265002396,0,0,0,0,0,0,0,0,0,0,0,0,0,0,0,0,0,0,6.84183079228142e-05,0,0.000850067640481016,0,0.000762443113540289,0,0.000633987179207211,0,0.000892891880936769,0,0.000176332497330883,0,0.0159059961501637,0,5.27790542208251e-05,0,0,0,0.0339064169750203,0,0,0,0,0,0.0102327351596259,0.00214593902218385,0,0,0,0.000349211368645741,0,0,0,0,0,0.000879963493979254,0,0,0,0,0,0.000715991780057495,0,0.000388155739973384,0,0.00059041277404692,3.00599174146451e-06,0.0105650656210368,0.000163015068506116,0
0.00725521512700057,0,0,0,0.0146966151784347,0,0,0,0.0163680201269381,0,0,0,0,0,0,0,3.78375542362788e-06,0,0.000430581007272255,0,4.24519102218987e-05,0,0,0,0,0,0,0,0,0,0,0,0,0,0,0,5.10479532503448e-06,0,0,0,0.00213913706412834,0,0.00454932711187688,0,7.11591840618434e-05,0,0.0025014771382431,0.000397003697073084,0.00547312579164311,0,0.0431365738010668,0,0,0,0.048873047937805,0,0.00576132448357004,0,0.00267055660630163,0,0.000262367070754006,0,0,0.000217097374224298,0,0,0,0,0,0,0,1.55730860778493e-05,0,0.00157526679834549,0,0,0,0,0,0.000184922423681657,0,0.000108546943126247,0.000332638315524187,8.06813145792337e-07,0.0232990317322332,0,0.00262658351510274
0,0.0117997753248321,0,0,0,0.0114270944708047,0,0,0,0.0276035351900308,0,0,0,0,0,0,0,1.03647914613216e-05,0.000290225074468382,0,0,0,0,0,0,0,0,0,0,0,0,0,0,0,0,5.80156294735263e-05,0,0,0,0.000667751537576272,0,0.00620231985637557,0,0.000817332015438673,0.0001648061287912,0.00111128648469649,0,0.00043795445475812,0,0.012572931728526,0,0.0255222174050727,0,0,0,0.0171495395613083,0,0.00873255424612475,0,0.00526114376025688,0,0.00343163028623121,0.000323830621551879,1.72702317820677e-05,0,0,0,0,0,0,0.000298273832182756,0,0.00762930459003398,0,0,0,0,0,0.000213859830880896,0,0.000162667166564631,0,0.00131271698375334,3.00601229570412e-05,0.0235085029558087,0.00056504324226114,0
0,0,0.0146966151784347,0,0,0,0,0,0.00789261589469571,0,0.000187604160529261,0,0,0,0,0,0,0,0.00016823174567201,0,0.00340930386110079,0,0,0,0,0,0,0,0,0,0,0,0,0,0,3.2868406883426e-05,0,0,0,0,0.000595476493749812,0,0.00142090997976328,0,0,0,0.00122045506516126,0.000677526970438564,0.00106593579595687,0,0.0367094251223099,0,0.000430650305089689,0,0,0,0.000360822707116938,0,0.00021372660351472,0,0,0,0,0.000543214387963247,0,0,0,0,0,0,0,0,0,0.000395886447816709,0,0,0,0,2.7544085311792e-06,9.21768836711242e-05,0,2.03315357661729e-05,0.00043463961166955,7.3314644249261e-06,0.0203510306272474,0,0.000177423863001095
0,0,0,0.0114270944708047,0,0,0,0,0,0.0143348615816885,0,0,0,0,0,0.00307330419460479,0,0,5.12579049084545e-06,0.00559993818373243,0,0,0,0,0,0,0,0,0,0,0,0,0,0,0,0.000159392583988121,0,0,0,0,0,0.000187541939109945,0,0,0,0,0,0,0,0.000201693208519648,0,0.0135254847405319,0,0,0,0.00266275679135633,0,0,0,0,0,0.000623328218962412,8.79207793001852e-05,0,0,0,0,0,0,0,0,0,0.00048785071977599,0,0,0,0,0,8.68059282528548e-05,0,4.41207346095283e-05,0,0.00105666460080703,1.88573263147193e-05,0.00579457386956912,0,0
0,0,0,0,0,0,0,0,0,0,6.52571106911637e-05,0,0,0,0,0,0,0,0,0,0.0168484472345372,0,0,0,0,0,0,0,0,0,0,0,0,0,0,0,0,0,0,0,0,0,0,0,0,0,0,0,0,0,0,0,0.00206925957509416,0,0,0,0.0033696001020427,0,0,0,0,0,0,0.000323982746129273,0,0,0,0,0,0,0,0,0,0,0,0,0,0,0,0,0,0,0.000455007705117286,1.70497688091242e-05,0,0,0
0,0,0,0,0,0,0,0,0,0,0,0.000933883085803885,0,0,0,0,0,0,0,0.00253133321749088,0,0,0,0,0,0,0,0,0,0,0,0,0,0,0,0,0,0,0,0,0,0,0,0,0,0,0,0,0,0,0,0,0,0.0140627347212185,0,0,0,0,0,0,0,0,0.000138713860807582,0,0,0,0,0,0,0,0,0,0,0,0,0,0,0,0,0,0,0,0,0,0,0,0
0.0295373599507604,0,0.0163680201269381,0,0.00789261589469571,0,0,0,0,0,0,0,0,0,0.00101856277325969,0,0.0103796380877412,0.000663622845217846,0.000392173773955964,0,0,0,1.86661404724181e-05,0,0.00289527709335638,0,2.15356665197175e-05,0,0,0,0,0,0,0,0,0,0,0,9.93889031418605e-05,0,0,0,0.000277869351388631,0,0,3.03162141156014e-05,0,0,0.00436409649882852,0,0.00067392894145171,0,0,0,0.0853457270940859,0,0,0,0,0,0.00251079910352937,0,0,0,0,0,0,0.00640703746719812,0,0,0,0,0,7.71195427748893e-05,0,0,0,0,1.06107180289387e-05,3.63259140401056e-06,0,0.000775015140133831,0.00247104969268492,4.41030711193638e-06,0.00153533511002099,0,0.00107796693809721
0,0.0283327341241023,0,0.0276035351900308,0,0.0143348615816885,0,0,0,0,0,0,0,0,0,0.0348638257278695,0,1.03541384103325e-05,0,0,0,0,0,0.00273109641386274,0,0.00221162899833701,0,0,0,0,0,0,0,0,0,0,0,0.000690327517316708,0,0,0,0.000157587952520752,0,0,0,1.08060085476946e-05,0,0.000114800082007861,0,0.00130164124899829,0,0.00113089133716507,0,0,0,0.0552807167277287,0,0,0,0,0,0.0102744018110069,0,0,0,0,0.00380792564628528,0,0.011007326104473,0,0,0,0,0,0,0,0,0,0,0,0.000565983229637989,0,0.0047594492882048,0,0.00311804248909835,0,0
0,0,0,0,0.000187604160529261,0,6.52571106911637e-05,0,0,0,0,0,0.0048664452767674,0,0,0,0,0,0,0,0.0234794127546149,0,0,0,0,0,0,0,0,0,0.000844307961302906,0,0,0,0,0,0,0,0.0142535398059091,0,0,0,0,0,0,0,7.97316506649486e-05,0,0,0,0.00141177265739567,0,0.000336788577623921,0,0,0,0.086659793567461,0,0.000260308840055398,0,0,0,0,0.0159954600688159,0,0,0,0,0,0,0,0,0,0.00164669230123353,0,0,0,0,0,0,0,0.00479634891664086,0.000949642800286562,0,0.000455459288791353,0,0
0,0,0,0,0,0,0,0.000933883085803885,0,0,0,0,0,0.000444833852522483,0,0,0,0,0,0.0136404330295072,0,0,0,0,0,0,0,0.000137859630649958,0,0.00643809790036308,0,0,0,0,0,0.00114793176724563,0,0.00286981124323507,0,0,0,0,0,0,0,0,0,0,0,0,0,0,0,0,0,0,0,0.115214270791844,0,0.00477451535385836,0,0,0.00195262897667441,0,0,0,0,0,0,0,0.000184743857971625,0,0.019724168899549,0,0,0,0,0,4.13186762195426e-05,0,0.000292460738772156,0,0.000542142493071879,1.14226779125104e-05,0,0,0
0,0,0,0,0,0,0,0,0,0,0.0048664452767674,0,0,0,0.000744963143781474,0,0,0,0,0,0,0,0,0,0,0,0,0,0,0,0,0,0,0,0,0,0,0,0,0,0,0,0,0,0,0,0,0,0,0,0,0,0,0,0,0,0.00363434632624423,0,0.00195440864315785,0,0,0,0,0,0,0,0,0,0,0,0,0,0,0,0,0,0,0,0,0,0,0,7.06721376992985e-05,1.11741210275795e-05,0,0,0
0,0,0,0,0,0,0,0,0,0,0,0.000444833852522483,0,0,0,0.00256809032451731,0,0,0,0,0,0,0,0,0,0,0,0.00226508280523582,0,9.0028342194652e-05,0,0,0,0,0,0,0,0,0,0,0,0,0,0,0,0,0,0,0,0,0,0,0,0,0,0,0,0,0,0.022056996682064,0,0.00111990536137208,0,0,0,0,0,0,0,0,7.25044883438386e-05,0,1.65168504304212e-05,0,0,0,0,0,0,0,0,0,1.17124246890842e-06,0,0,0,0
0,0,0,0,0,0,0,0,0.00101856277325969,0,0,0,0.000744963143781474,0,0,0,0.00416746943700521,3.96169325486233e-05,0,0,0,0,6.09523055150406e-05,0,0,0,6.13198728021923e-05,0,0,0,0,0,0,0,0,0,0,0,0,0,0,0,0,0,0,0,0,0,0,0,0,0,0,0,0.000235744030237231,0,0,0,0.00598216420120107,0,0.00139394126418364,0,0,0,0,0,0,0,0,0,0,0,0,0,0,0,0,0,0,0,0,0,0.000297608205562774,1.12528586759787e-05,0,0,0
0,0.00210623545100437,0,0,0,0.00307330419460479,0,0,0,0.0348638257278695,0,0,0,0.00256809032451731,0,0,0,0,0,0,0,0,0,0,0,0.000142714430694468,0,0,0,0,0,0,0,0,0,0,0,0,0,0,0,0,0,0,0,0,0,1.55002280833715e-05,0,0,0,0.00901857636415064,0,0,0,0.0027614546858997,0,0,0,0.00338247940450668,0,0.0151930032925451,0,0,0,0,0,0,0,0,0,0,0,0,0,0,0,0,0,0,0,0,3.2005367338142e-06,0,7.97744357461058e-06,0,0
3.21786166033327e-06,5.69340541428653e-06,3.78375542362788e-06,0,0,0,0,0,0.0103796380877412,0,0,0,0,0,0.00416746943700521,0,0,0.14167930875517,0.079840033345923,0,0,0,0.00309990721377325,6.48215438074043e-06,0.000395808936562302,0,0.0160257299648226,0,0,0,0,0,0,0,0,0,0,0,0,0.000249194321674806,0.000378636988974398,0.000226179958407878,0.000662879263709155,0.000201267152445762,0.000184602423657354,0.000333214594727661,0.000222103105521443,0,3.76084989057172e-06,0,0,0,0,0,3.09842055812881e-05,3.01360924671629e-06,1.96474852652789e-05,0,0,0,0.00047537628012854,0,0.000286060592279766,8.72536251938567e-05,0,0,0,0,0,0.000541349102677366,0,0,4.51923493234506e-05,0,0,0,0,0,0.000318951719888866,0.000386577704638799,4.73535908531688e-05,6.58579953437926e-05,0.0413941795478798,0.0285702150974237,0.0013042938301664,3.77711260350756e-05,5.46477134651689e-05
7.56210690663228e-06,0,0,1.03647914613216e-05,0,0,0,0,0.000663622845217846,1.03541384103325e-05,0,0,0,0,3.96169325486233e-05,0,0.14167930875517,0,0.0779010706404606,0,0,0.000134641067434889,0.000195759096756938,0.00041371382585349,0.000106515136848938,0.00252261337416008,0.000488046827088881,0,0,0,0,0,0,0,0,0,1.25413114598136e-06,3.0000927461157e-05,0,0.000258269382966077,0.000322420571378578,0.000398228475335564,0.000152977810483667,0.000272895938945825,0.000102834996922673,0.000537504795562736,5.32899577381076e-05,0,0,2.64601272011236e-05,0,2.29513536655654e-06,0,0,2.29120491628213e-05,0,7.4464330900986e-06,3.7124425020438e-06,0,0,6.99012796240685e-06,0,0.000356538079914222,8.94307713472384e-05,0,0,0,0,0,2.19039354349996e-05,0,0,9.82952032135649e-05,2.22293895211659e-05,0,0,0,0,0.000356632854267273,0.000148582134744675,8.42510777729068e-05,8.17302295790128e-06,0.0334284689562188,0.0244903667241573,0.00109195498794431,0.000129011867203609,9.42505074940801e-06
0.00270556339955896,0.00204824265002396,0.000430581007272255,0.000290225074468382,0.00016823174567201,5.12579049084545e-06,0,0,0.000392173773955964,0,0,0,0,0,0,0,0.079840033345923,0.0779010706404606,0,0,5.35241088512937e-05,0,5.60745238857078e-06,0,0,0,1.81356451185734e-05,0,0,0,0,0,0,0,9.76704010591061e-06,4.39695113909982e-06,2.25849733474636e-05,0,0,0.0149128150762103,0.0210898992244826,0.0266078929380877,0.0130320753743542,0.00892636810926774,0.0105715717345964,0.0136488091644315,0.00968154233864918,6.41312462366819e-05,0.00022514771232856,0.0010028939221872,2.14364050511403e-05,5.82882424339126e-05,0,0,0,7.80544400141685e-06,0.00156661071514307,0.00035623953380114,0,0,0,8.73416188281395e-06,0.0110745876962764,0.00422455524348795,0,0,0,0,0,0,9.83067325688446e-05,4.475949592173e-06,0.00813957667976926,0.000806832933771181,0,0,0,0,0.0126246514545711,0.0103562631336916,0.00408528147067816,0.00189710205073982,0.0234197721106521,0.00312202322313602,0.0632212820190896,0.00466571276936369,0.0014305944664314
0,0,0,0,0,0.00559993818373243,0,0.00253133321749088,0,0,0,0.0136404330295072,0,0,0,0,0,0,0,0,0,0,0,0,0,0,0,0,0,0,0,0,0,0,0,0.00375943577311506,0,0.00112235006535237,0,0,0,0,0,0,0,2.12012102631274e-05,0,0,0,0,0,0.00860436893562846,0,0.000352693601534337,0,0,0,0.00854802121348359,0,0.00011659665488657,0,0,0.0323948352509348,0,0,0,0,0,0,0,0,0,9.73309584743568e-05,0,0,0,0,0,5.35279754051767e-05,0,0.000400345263056546,0,0.000497224709507761,2.65970264463899e-05,0.00025553848533985,0,0
0,0,4.24519102218987e-05,0,0.00340930386110079,0,0.0168484472345372,0,0,0,0.0234794127546149,0,0,0,0,0,0,0,5.35241088512937e-05,0,0,0,0,0,0,0,0,0,0,0,0,0,0,0,0,0,0.00600297549333184,0,0.00159806800028582,0,7.2657212467353e-05,0,0.000136643224154934,0,0,0,0.000351641617505873,2.84628842583063e-05,0,0,0,0,0.00125080167552994,0,0,0,0.00578813727964438,0,0,0,0,0,0,0.0555112964953104,0,0,0,0,0,0,0,0,0,0,0,0,0,0,0,0.00100548961369012,0,0.00106699403388727,0.000176070133350682,0,0.00371335368395212,0,0
0,0,0,0,0,0,0,0,0,0,0,0,0,0,0,0,0,0.000134641067434889,0,0,0,0,0.00290969637412835,0.00394295968201528,0,0.00427988330819884,0,0.000319437528095893,0,0,0,0,0,0,0,0,0,0.00912085381664576,0,0,0,0,0,0,0,0,0,0,0,0.00502218099500232,0,0,0,0,0,0,0,0,0,0,0,0,0,0,0.0734918076523544,0.000310799472627421,0.00106230217289909,0,0.000364101172738517,0,0.00184596187984163,0,0,0,0,0,0,0,0,0,0.0085293198059884,0,0.00199431892709824,6.78025902647068e-05,0,0,0
0,0,0,0,0,0,0,0,1.86661404724181e-05,0,0,0,0,0,6.09523055150406e-05,0,0.00309990721377325,0.000195759096756938,5.60745238857078e-06,0,0,0.00290969637412835,0,0,0.00239896552345553,0,0.000583265834029504,0,0.000108545464393783,0,0,0,0,0,0,0,0,0.000120305631821896,0.0060161054150943,0,0,0,0,0,0,0,0,0,0.00706482706250461,0,0,0,0,0,0,0,0,0,0,0,0,0,0,0,0,0.0711134116253262,0,5.92729864583156e-05,0,0.00145834556240835,0,0.00303426334877835,0,0,0,0,0,0,0,0,0,0.000332673480136616,0.00230384743524117,1.67201953619212e-05,0,0,0
0,0,0,0,0,0,0,0,0,0.00273109641386274,0,0,0,0,0,0,6.48215438074043e-06,0.00041371382585349,0,0,0,0.00394295968201528,0,0,0,0.0253146541223313,0,0,0,0,0,0,0,0,0,0,0,0.00109869640980271,0,0,0,0,0,0,0,0,0,0,0,0,0,0,0,0,0,0.0209576419194034,0,0,0,0,0,0,0,0,0.00287711734126162,0,0.0675983703295993,0,0.0641701985510817,0,3.42458180565058e-05,0,0,0,0,0,0,0,0,0,0.000209845183999732,0,0.000430704448140859,0,0,0,0
0,0,0,0,0,0,0,0,0.00289527709335638,0,0,0,0,0,0,0,0.000395808936562302,0.000106515136848938,0,0,0,0,0.00239896552345553,0,0,0,0.00313837208452344,0,0,0,0,0,0,0,0,0,0,0,0.00262333602086831,0,0,0,0,0,0,0,0,0,7.40533060998826e-05,0,0,0,0,0,0.0354018919704335,0,0,0,0,0,0.0049093219432611,0,0,0,0,0.00128399051392888,0,0.00946781155024985,0,0.0236090271845938,0,0,0,0,0,0,0,0,0,0,0,0.000210062531306344,0.000155686686521592,0,5.65760848159015e-05,0,0
0,0,0,0,0,0,0,0,0,0.00221162899833701,0,0,0,0,0,0.000142714430694468,0,0.00252261337416008,0,0,0,0.00427988330819884,0,0.0253146541223313,0,0,0,0.000310053474095184,0,0,0,0,0,0,0,0,0,0,0,0,0,0,0,0,0,0,0,0,0,0,0,0,0,0,0,0,0,0,0,0.000572030227271895,0,0.000237066114388836,0,0,0.0025099262712779,0,0.0011198635661012,0,0.0169736178014298,0,0,0,0,0,0,0,0,0,0,0,0,0,0.000139696873667305,0,0,0,0
0,0,0,0,0,0,0,0,2.15356665197175e-05,0,0,0,0,0,6.13198728021923e-05,0,0.0160257299648226,0.000488046827088881,1.81356451185734e-05,0,0,0,0.000583265834029504,0,0.00313837208452344,0,0,0,0,0,0,0,0,0,0,0,0,0,0,0,0,0,0,0,0,0,0,0,0,0,0,0,0,0,0,0,0,0,0,0,0,0,0,0,0,3.09848254415872e-05,0,0,0,0.0360715780088871,0,0,0,0,0,0,0,0,0,0,0,0,7.94297492023992e-05,1.00116180025218e-05,0,0,0
0,0,0,0,0,0,0,0,0,0,0,0.000137859630649958,0,0.00226508280523582,0,0,0,0,0,0,0,0.000319437528095893,0,0,0,0.000310053474095184,0,0,0,0.0117512273355815,0,0,0,0,0,0,0,0.000939738117666609,0,0,0,0,0,0,0,0,0,0,0,0,0,0,0,0,0,0,0,1.15256178874149e-05,0,0.00228489939833586,0,0,0,0,0,0,0,0,0,0,0.0494163317917609,0,0.00033167052905415,0,0,0,0,0,0,0,0.000368285391841821,0,0.000204178582618971,2.67861514272696e-05,0,0,0
0,0,0,0,0,0,0,0,0,0,0,0,0,0,0,0,0,0,0,0,0,0,0.000108545464393783,0,0,0,0,0,0,0,0.00508018561791973,0,0,0,0,0,0,0,0.000483429915561579,0,0,0,0,0,0,0,0,0,0.000538384974001264,0,0,0,0,0,0,0,0,0,0,0,0,0,0,0,0,0,0,0,0,0.00195472902247727,0,0.0255007633443733,0,6.96525791431179e-05,0,0,0,0,0,0,0,0.00073250185211771,1.08622057268803e-05,0,0,0,0
0,0,0,0,0,0,0,0,0,0,0,0.00643809790036308,0,9.0028342194652e-05,0,0,0,0,0,0,0,0,0,0,0,0,0,0.0117512273355815,0,0,0,0,0,0,0,0,0,0.00194715248314466,0,0,0,0,0,0,0,0,0,0,0,0,0,0,0,0,0,0,0,0.000683780025558764,0,0.000273189358140885,0,0,0,0,0,0,0,0,0,0,0.014786389117915,0,0.070352179586638,0,0,0,0,0,0,0,0.0029388430721342,0,0.000479518954854917,0,0,0,0
0,0,0,0,0,0,0,0,0,0,0.000844307961302906,0,0,0,0,0,0,0,0,0,0,0,0,0,0,0,0,0,0.00508018561791973,0,0,0,0,0,0,0,0,0,0.00785778864218024,0,0,0,0,0,0,0,0,0,0,0,0,0,0,0,0,0,0.00137460630827008,0,0,0,0,0,0,0,0,0,0,0,0,0,0,0.00495448967067479,0,0.0251977773895349,0,0,0,0,0,0,0,0,3.79145490114752e-06,0,0,0,0
0,0,0,0,0,0,0,0,0,0,0,0,0,0,0,0,0,0,0,0,0,0,0,0,0,0,0,0,0,0,0,0,0.0137678304582266,0.000230705604933662,0,0.00741918805707156,0,0,0,0,0,0,0,0,0,0,0,0.0492378260832998,0,0,0,0,0,0,0,0,0,0,0,0,0,0,0,0,0,0,0,0,0,0,0,0,0,0,0.11661180942126,0.00451230111939326,0.00468822726418477,0,0.00324747288337847,8.04764204076491e-06,0,0,0.000140426759852737,0,0,0,0
0,0,0,0,0,0,0,0,0,0,0,0,0,0,0,0,0,0,0,0,0,0,0,0,0,0,0,0,0,0,0,0.0137678304582266,0,0.000186645827593241,0,0,0.00749282955634834,0,0,0,0,0,0,0,0,0,5.14765198159965e-05,0.0508734318600032,0.000193590439189534,0,0,0,0,0,0,0,0,0,0,0,0,0,0,9.05890166965007e-06,0,0,0,0,0,0,0,0,0,0,0.0116653579117719,0.0909647234531797,0.000474382972494494,0.00163217038832245,0,0.00234003777309018,0,0,0.000222867586193131,0,7.88452110326459e-06,0,0
0,0,0,0,0,0,0,0,0,0,0,0,0,0,0,0,0,0,0,0,0,0,0,0,0,0,0,0,0,0,0,0.000230705604933662,0.000186645827593241,0,0.0722510021705774,0.00643569371312553,0,0.00178040867541403,0.000135534137808471,0,0,0,0,0,0,0,0,0.112044453510634,4.43821975692638e-05,0.000550280502164141,0,0,0,0,0,0,0,0,0,0,0,0,0,0,0,0,0,0,0,0,0,0,0,0,0.000450615902578435,0,0.124067653920232,0.0279081838751716,0.00134238571565638,0,0.00118782088898973,0.000808588559622122,0.000651943327540245,0,2.34487062353099e-05,0,0
0,0,0,0,0,0,0,0,0,0,0,0,0,0,0,0,0,0,9.76704010591061e-06,0,0,0,0,0,0,0,0,0,0,0,0,0,0,0.0722510021705774,0,0,0.00134210684022228,0,0.00181907344159286,0,0,0,8.28461175633678e-06,0,0,0,0,0.0750495909952572,0.00810124818323669,0,0,0,0,0,0,0,0,0,0,0,0,0,0,0,0,0,0,0,0,0,0,0,0,0,0,0,0.0201377599430164,0.0718014421655694,0,0.000195262787617694,0.000610689244477716,0.00439061186749108,0.000124144819481678,0,0,0,0
0,0,0,5.80156294735263e-05,3.2868406883426e-05,0.000159392583988121,0,0,0,0,0,0.00114793176724563,0,0,0,0,0,0,4.39695113909982e-06,0.00375943577311506,0,0,0,0,0,0,0,0,0,0,0,0.00741918805707156,0,0.00643569371312553,0,0,0.00427412416988671,0.00750311054975994,7.3333667869434e-05,1.93688360348464e-05,0,4.10729725040839e-06,0,0,0,0.00130707954944806,4.85360102052499e-05,0.000532847868112386,0,0.00014297019060635,0,0.000140572773597243,0,0,0,9.96478340297178e-06,1.5884210803858e-06,6.89902329052296e-05,0,3.31568917104357e-05,0,0,0.00220163686587668,9.84736743227422e-06,0,0,0,0,0,0,0,0,0,0,0.00269491030394278,0,0.00569684426359707,0,0.0591249864845188,0.00134963975231755,0.00686265775687728,0,0.00195754879321593,1.11377382836508e-05,0.0021607877029081,0,0
0,0,5.10479532503448e-06,0,0,0,0,0,0,0,0,0,0,0,0,0,0,1.25413114598136e-06,2.25849733474636e-05,0,0.00600297549333184,0,0,0,0,0,0,0,0,0,0,0,0.00749282955634834,0,0.00134210684022228,0.00427412416988671,0,0,0.0146417450442002,0,5.16985509287207e-06,0,4.05817957501428e-05,0,0,0,0.0010719907783389,0.000967461439831981,0.000147873958970253,0,0,0,0,0,0,0,3.07485943769571e-05,0,0,0,0,0,0,0.00194222639065677,0,0,0,0,0,0,0,4.10017707422035e-06,0,0,0,0.00463040710912394,0,0.00224072093019318,0.00340581811757773,0.0443065117453067,0,0.00597500328648863,0.00159967328245416,3.15930992211741e-05,0.00178288049237246,0,9.28486053688071e-06
0,6.84183079228142e-05,0,0,0,0,0,0,0,0.000690327517316708,0,0.00286981124323507,0,0,0,0,0,3.0000927461157e-05,0,0.00112235006535237,0,0.00912085381664576,0.000120305631821896,0.00109869640980271,0,0,0,0.000939738117666609,0,0.00194715248314466,0,0,0,0.00178040867541403,0,0.00750311054975994,0,0,0.000582398707128879,0,0,7.14892822402399e-05,0,0,0,0.00018041510023406,0,0.0247612100015591,0,0.00219211203766658,0,0,0,0,0,0.00100004153622379,0,0.00244088042496113,0,0,0,0,0.00300041924887201,0,0.00230268965019183,0,0.007295365972816,0,0,0,0.00130376819227012,0,0.00347409838012882,0,0,0,0.000570004215756211,1.64795140694513e-05,0.00168678593155662,0,0.111478207121289,0.000230004339823566,0.00495035936591415,0.000964210815408296,0.00212509721823977,1.2221015974229e-05,0
0,0,0,0,0,0,0,0,9.93889031418605e-05,0,0.0142535398059091,0,0,0,0,0,0,0,0,0,0.00159806800028582,0,0.0060161054150943,0,0.00262333602086831,0,0,0,0.000483429915561579,0,0.00785778864218024,0,0,0.000135534137808471,0.00181907344159286,7.3333667869434e-05,0.0146417450442002,0.000582398707128879,0,0,2.20855613305754e-06,0,6.25714288700693e-06,0,0,0,2.49650853720694e-05,0.0118163494187335,0.0176386790154011,0,0,0,0,0,0.000392967553513158,0,0.00203129279016184,0,0,0,0,0,0,0.00163611936960885,0,0.00306763773039571,0,0.000905683710649563,0,0,0,0.000271842492547031,0,0.00210230099900339,0,0,0,0.00158475913681147,0.000146312344221533,0.00337301287061577,0.000405918547684494,0.0657542385162111,0.00761046744742021,0.000305543591435754,0.000812899487247712,0,0
0,0.000850067640481016,0,0.000667751537576272,0,0,0,0,0,0,0,0,0,0,0,0,0.000249194321674806,0.000258269382966077,0.0149128150762103,0,0,0,0,0,0,0,0,0,0,0,0,0,0,0,0,1.93688360348464e-05,0,0,0,0,0.000119302614112395,0.028198606172551,0,0.00480293577896198,4.12322768135708e-05,0.00783270765219965,3.42591174802814e-05,0.000242939473500857,0,0.0106168405679482,0,8.30671399882086e-05,0,0,0,2.76722749262509e-05,0,0.00015416333076617,0,0,0,0,0.0169909882279912,0,0,0,0,0,0,0,0,0,0.000992458770676358,0,0,0,0,0,0.00593839404304194,1.79547208156883e-06,0.000276437457454367,0,0.000251800177722168,1.48929282243746e-05,0.0196731112460758,0.00911584402359871,0
0.00314397086751426,0,0.00213913706412834,0,0.000595476493749812,0,0,0,0,0,0,0,0,0,0,0,0.000378636988974398,0.000322420571378578,0.0210898992244826,0,7.2657212467353e-05,0,0,0,0,0,0,0,0,0,0,0,0,0,0,0,5.16985509287207e-06,0,2.20855613305754e-06,0.000119302614112395,0,8.29435592787421e-05,0.0322053557142385,0.000149730410599513,0.0104034891693786,0,0.0137365882073422,0.0036031384366309,0.00881526085164707,0,0.000549897462790951,0,0,0,8.23745310851308e-05,0,0.00165612292139958,0,8.71053246158745e-06,0,0,0,1.06526423329969e-05,0.0160261726828082,0,0,0,0,0,0,0,0,0,0.00270476167882629,0,0,0,0,1.7939679353537e-05,0.00633944418685704,0,0.000335347199031661,0.000678343174440279,7.91353455864413e-05,0.0478176909005587,0,0.00869555569828233
0,0.000762443113540289,0,0.00620231985637557,0,0.000187541939109945,0,0,0,0.000157587952520752,0,0,0,0,0,0,0.000226179958407878,0.000398228475335564,0.0266078929380877,0,0,0,0,0,0,0,0,0,0,0,0,0,0,0,0,4.10729725040839e-06,0,7.14892822402399e-05,0,0.028198606172551,8.29435592787421e-05,0,0.00680850654740598,0.00175589488174958,6.49914315769539e-05,0.0190128572849699,1.19088993549042e-05,0.00143802300096264,0,0.0158215383623369,0,0.00087389127671205,0,0,0,0.000384321356344186,0,0.00165588845284088,0,3.4747665172777e-05,0,0.000133121392524318,0.0111948651703167,0,0,0,0,0,0,0,0.000585797137740014,0,0.0231347816747365,0,0,0,0,0,0.00759728500945013,9.70086941817116e-06,0.00323651201568592,0,0.00650168599743001,0.000204587269912808,0.060855028769147,0.0165147073144514,0
0.000430936152798741,0,0.00454932711187688,0,0.00142090997976328,0,0,0,0.000277869351388631,0,0,0,0,0,0,0,0.000662879263709155,0.000152977810483667,0.0130320753743542,0,0.000136643224154934,0,0,0,0,0,0,0,0,0,0,0,0,0,8.28461175633678e-06,0,4.05817957501428e-05,0,6.25714288700693e-06,0,0.0322053557142385,0.00680850654740598,0,0,0.00385015800988257,5.50909984332747e-05,0.00444937670005966,0.0035470060387166,0.00809861228814945,0,0.00087417515046487,0,0,0,0.000157059349832676,0,0.0144151377171513,0,3.36548664313435e-05,0,0,0,2.87924826149932e-05,0.00219426341339585,0,0,0,0,0,0,0,0.000187747090585344,0,0.00630369840792271,0,0,0,0,3.3388033652558e-05,0.00926820448287252,5.1691384833974e-06,0.00193878760171255,0.00458384945678198,0.000169060731103659,0.0932103407570016,9.35825734862657e-05,0.0118153202992595
0,0.000633987179207211,0,0.000817332015438673,0,0,0,0,0,0,0,0,0,0,0,0,0.000201267152445762,0.000272895938945825,0.00892636810926774,0,0,0,0,0,0,0,0,0,0,0,0,0,0,0,0,0,0,0,0,0.00480293577896198,0.000149730410599513,0.00175589488174958,0,0,0,0.00310507094932213,0,0,0,0,0,0,0,0,0,0,0,0.000111933803136933,0,0,0,0,0.00192673590415951,0,0,0,0,0,0,0,0,0,0.00136324096437264,0,0,0,0,0,0.00167401229708197,1.98041703169897e-05,0.000356512698397873,0,0.000101672526079929,1.1389467143331e-05,0.00317573075415926,0.000237455445520071,0
0.000260323348155594,0,7.11591840618434e-05,0.0001648061287912,0,0,0,0,0,0,0,0,0,0,0,0,0.000184602423657354,0.000102834996922673,0.0105715717345964,0,0,0,0,0,0,0,0,0,0,0,0,0,0,0,0,0,0,0,0,4.12322768135708e-05,0.0104034891693786,6.49914315769539e-05,0.00385015800988257,0,0,0.000315879486238501,0.00451379985060154,0.000196550397279598,6.04438666246913e-05,0,0,0,0,0,0,0,0.000397059769431371,0,0,0,0,0,0.000131679503935985,0.00207393909063285,0,0,0,0,0,0,0,0,0,0.000739480283303961,0,0,0,0.00011487994101003,2.42210344685348e-05,0.00219863546852797,0,0.000254376917308076,0.000251770412345807,1.85933097132048e-05,0.00722419337797386,0,0.0020392332667172
0,0.000892891880936769,0,0.00111128648469649,0,0,0,0,3.03162141156014e-05,1.08060085476946e-05,0,0,0,0,0,0,0.000333214594727661,0.000537504795562736,0.0136488091644315,2.12012102631274e-05,0,0,0,0,0,0,0,0,0,0,0,0,0,0,0,0.00130707954944806,0,0.00018041510023406,0,0.00783270765219965,0,0.0190128572849699,5.50909984332747e-05,0.00310507094932213,0.000315879486238501,0,6.13485818606911e-05,0,0,0.00138127821217763,0,0.0001302405831325,0,0,0,2.58698181841393e-05,0,6.98816286475324e-05,0,0,0,9.8854435382394e-06,0.0517584205196694,1.26699493152661e-05,0,0,0,0,0,0,6.75951293551822e-05,0,0.00604556737301901,0,0,0,0,0,0.00463507373875202,1.50036856299196e-05,0.00421180238324975,0,0.000790883922355836,2.48857575185398e-05,0.0246527749218009,0.000805738486471112,0
0.00340855277924807,0,0.0025014771382431,0,0.00122045506516126,0,0,0,0,0,7.97316506649486e-05,0,0,0,0,0,0.000222103105521443,5.32899577381076e-05,0.00968154233864918,0,0.000351641617505873,0,0,0,0,0,0,0,0,0,0,0,5.14765198159965e-05,0,0,4.85360102052499e-05,0.0010719907783389,0,2.49650853720694e-05,3.42591174802814e-05,0.0137365882073422,1.19088993549042e-05,0.00444937670005966,0,0.00451379985060154,6.13485818606911e-05,0,0.000547390681938592,0.00107259429968791,0,0.000241211193535343,0,0,0,0.000262363757687066,0,0.00319138551733798,0,0,0,0,0,5.42057452748554e-05,0.0436591272993523,0,0,0,0,0,0,0,5.97351985254426e-05,0,0.000736797129023233,0,0,0,0,3.45102614972398e-05,0.00747110368978624,0,0.00329839277550668,0.000693774401292857,4.6733985149023e-05,0.023522273539995,7.50487183447902e-05,0.000121445922090216
0,0.000176332497330883,0.000397003697073084,0.00043795445475812,0.000677526970438564,0,0,0,0,0.000114800082007861,0,0,0,0,0,1.55002280833715e-05,0,0,6.41312462366819e-05,0,2.84628842583063e-05,0,0,0,0,0,0,0,0,0,0,0.0492378260832998,0.0508734318600032,0.112044453510634,0.0750495909952572,0.000532847868112386,0.000967461439831981,0.0247612100015591,0.0118163494187335,0.000242939473500857,0.0036031384366309,0.00143802300096264,0.0035470060387166,0,0.000196550397279598,0,0.000547390681938592,0,0.1061682125138,0.0698504838060865,0,0.000205022287494007,0,0,0,0.000137800369520952,0.000155396031716303,1.18339426294833e-05,0,0,0,0,0,0.000339384494177944,0,0,0,0,0,0,0,0,0,0,0.0223111569297184,0.159046366298803,0.012801294199166,0.00369025038904556,0.0017989498587241,0.0174838892354579,0,0.00322867465847969,0.00473817706456163,6.11976185451333e-05,0.0220076353707298,0,0
0.00455312102380597,0,0.00547312579164311,0,0.00106593579595687,0,0,0,0.00436409649882852,0,0,0,0,0,0,0,3.76084989057172e-06,0,0.00022514771232856,0,0,0,0.00706482706250461,0,7.40533060998826e-05,0,0,0,0.000538384974001264,0,0,0,0.000193590439189534,4.43821975692638e-05,0.00810124818323669,0,0.000147873958970253,0,0.0176386790154011,0,0.00881526085164707,0,0.00809861228814945,0,6.04438666246913e-05,0,0.00107259429968791,0.1061682125138,0,0.00571193095667829,0.000343158652484843,0,0,0,0.00242659484339572,0,0.000480332307127168,0,0,0,0.00112652426559004,0,0,0.000261370897248031,0,0.0194595768538603,0,0.01244170648788,0,0,0,0.00338072772910634,0,0.00093832904241658,0,4.13082088665832e-05,0,0.00177427444493281,0,0.00423310159288809,0,0.0139144387226932,0.00149378014956936,0,0.0197934218284614,0,0.00014692133751563
0,0.0159059961501637,0,0.012572931728526,0,0.000201693208519648,0,0,0,0.00130164124899829,0,0,0,0,0,0,0,2.64601272011236e-05,0.0010028939221872,0,0,0.00502218099500232,0,0,0,0,0,0,0,0,0,0,0,0.000550280502164141,0,0.00014297019060635,0,0.00219211203766658,0,0.0106168405679482,0,0.0158215383623369,0,0,0,0.00138127821217763,0,0.0698504838060865,0.00571193095667829,0,0,0.00120860429071643,0,0,0,0.00614074033864422,0,0.0089915608834819,0,0.00285570135393303,0,0.00351584546090455,0.00370686938847962,0,0.00704798106121789,0,0.00515101508055678,0,0.00421807929039982,0,0.0166510896633198,0,0.0189700356745362,0,0,0,0,0,0.00266989825110403,0,0.00326764300644675,0,0.00160881064329151,2.34936135408133e-05,0.0347160286463621,0.00172667275734933,0
0,0,0.0431365738010668,0,0.0367094251223099,0,0,0,0.00067392894145171,0,0.00141177265739567,0,0,0,0,0,0,0,2.14364050511403e-05,0,0,0,0,0,0,0,0,0,0,0,0,0,0,0,0,0,0,0,0,0,0.000549897462790951,0,0.00087417515046487,0,0,0,0.000241211193535343,0,0.000343158652484843,0,0,0,0,0,0,0,0.00977352629466799,0,0.00452391368337571,0,0.00101068428546633,0,0,8.55883498504701e-05,0,0,0,0,0,0,0,0,0,0.000199576298256274,0,0,0,0,0,3.25662355452417e-05,0,3.4189806809059e-05,0.00037731156097991,0,0.0103864832670692,0,0.000540489849136859
0,5.27790542208251e-05,0,0.0255222174050727,0,0.0135254847405319,0,0,0,0.00113089133716507,0,0,0,0,0,0.00901857636415064,0,2.29513536655654e-06,5.82882424339126e-05,0.00860436893562846,0,0,0,0,0,0,0,0,0,0,0,0,0,0,0,0.000140572773597243,0,0,0,8.30671399882086e-05,0,0.00087389127671205,0,0,0,0.0001302405831325,0,0.000205022287494007,0,0.00120860429071643,0,0,0,0,0,0.000743794230493745,0,0.0105049302287309,0,0.00382233361513454,0,0.0145476309435623,0.00296451941397687,0,0,0,0,0,0,0,3.66380365739516e-05,0,0.00227158699343012,0,0,0,0,0,0.000109163282381802,0,6.00575745029906e-05,0,0.000307187594282645,2.47536710089752e-06,0.00779422380242291,4.14085571810426e-05,0
0,0,0,0,0.000430650305089689,0,0.00206925957509416,0,0,0,0.000336788577623921,0,0,0,0,0,0,0,0,0,0.00125080167552994,0,0,0,0,0,0,0,0,0,0,0,0,0,0,0,0,0,0,0,0,0,0,0,0,0,0,0,0,0,0,0,0,0,0,0,0.00269209197501826,0,0,0,0,0,0,0,0,0,0,0,0,0,0,0,0,0,0,0,0,0,0,0,0,0,0.00034021887631481,0.000140614473307227,0,0,0
0,0,0,0,0,0,0,0.0140627347212185,0,0,0,0,0,0,0,0,0,0,0,0.000352693601534337,0,0,0,0,0,0,0,0,0,0,0,0,0,0,0,0,0,0,0,0,0,0,0,0,0,0,0,0,0,0,0,0,0,0,0,0,0,0,0,0,0,0,0,0,0,0,0,0,0,0,0,0,0,0,0,0,0,0,0,0,0,0,0.000421592849902673,0,0,0,0
0.00725878936234493,0,0.048873047937805,0,0,0,0,0,0.0853457270940859,0,0,0,0,0,0.000235744030237231,0,3.09842055812881e-05,2.29120491628213e-05,0,0,0,0,0,0,0.0354018919704335,0,0,0,0,0,0,0,0,0,0,0,0,0,0.000392967553513158,0,8.23745310851308e-05,0,0.000157059349832676,0,0,0,0.000262363757687066,0,0.00242659484339572,0,0,0,0,0,0,0,6.50458714779101e-05,0,0,0,0.0270691419731335,0,0,0,0,0,0,0.0995554276513884,0,0,0,0,0,0,0,0,0,0,0,0,0,0.00393661746980662,0.000112134073611336,0,0.00307999832233882,0,9.80129484360734e-05
0,0.0339064169750203,0,0.0171495395613083,0,0.00266275679135633,0,0,0,0.0552807167277287,0,0,0,0,0,0.0027614546858997,3.01360924671629e-06,0,7.80544400141685e-06,0,0,0,0,0.0209576419194034,0,0,0,0,0,0,0,0,0,0,0,9.96478340297178e-06,0,0.00100004153622379,0,2.76722749262509e-05,0,0.000384321356344186,0,0,0,2.58698181841393e-05,0,0.000137800369520952,0,0.00614074033864422,0,0.000743794230493745,0,0,0,0,0,0,0,0,0,0.0256567061716645,4.81710655247221e-05,0,0,0,0.0523866045455797,0,0,0,3.93124516963008e-05,0,0.000503320413567795,0,0,0,0,0,8.74166368882494e-06,0,0.00128233382429257,0,0.00022648008150017,0,0.00344141962504343,0,0
2.52193954886951e-05,0,0.00576132448357004,0,0.000360822707116938,0,0.0033696001020427,0,0,0,0.086659793567461,0,0.00363434632624423,0,0,0,1.96474852652789e-05,7.4464330900986e-06,0.00156661071514307,0,0.00578813727964438,0,0,0,0,0,0,0,0,0,0.00137460630827008,0,0,0,0,1.5884210803858e-06,3.07485943769571e-05,0,0.00203129279016184,0,0.00165612292139958,0,0.0144151377171513,0,0.000397059769431371,0,0.00319138551733798,0.000155396031716303,0.000480332307127168,0,0.00977352629466799,0,0.00269209197501826,0,6.50458714779101e-05,0,0,0,0.0301174867328864,0,0.00100200912884743,0,0,0.0376246549923652,0,0,0,0,0,0,0,0.00471828725551276,0,0.0505763929563532,0,0,0,0,0,0.000371652950423312,0,0.000904773893161945,0.000531090565811285,1.67292622172909e-05,0.0389710564917395,0,0.00629973918653682
0,0,0,0.00873255424612475,0,0,0,0,0,0,0,0.115214270791844,0,0,0,0,0,3.7124425020438e-06,0.00035623953380114,0.00854802121348359,0,0,0,0,0,0,0,1.15256178874149e-05,0,0.000683780025558764,0,0,0,0,0,6.89902329052296e-05,0,0.00244088042496113,0,0.00015416333076617,0,0.00165588845284088,0,0.000111933803136933,0,6.98816286475324e-05,0,1.18339426294833e-05,0,0.0089915608834819,0,0.0105049302287309,0,0,0,0,0,0,0,0.0254416038891428,0,0.000394915374984218,0.0333455797624253,0,0,0,0,0,0.001078756175403,0,0.0141160655628719,0,0.0409123663925158,0,0,0,0,0,0.000135217431910613,0,0.000120901840342404,0,0.000231200445125262,5.38511878578845e-06,0.00897514187093966,0.000340561284006256,0
0,0,0.00267055660630163,0,0.00021372660351472,0,0,0,0,0,0.000260308840055398,0,0.00195440864315785,0,0.00598216420120107,0,0,0,0,0,0,0,0,0,0,0,0,0,0,0,0,0,0,0,0,0,0,0,0,0,8.71053246158745e-06,0,3.36548664313435e-05,0,0,0,0,0,0,0,0.00452391368337571,0,0,0,0,0,0.0301174867328864,0,0,0,0.00409596360113835,0,0,0,0,0,0,0,0,0,0,0,0,6.93473142497972e-05,0,0,0,0,0,0,0,0,6.12808280974608e-05,0,0.000252320546263662,0,0
0,0,0,0.00526114376025688,0,0,0,0,0,0,0,0.00477451535385836,0,0.022056996682064,0,0.00338247940450668,0,0,0,0.00011659665488657,0,0,0,0,0,0.000572030227271895,0,0.00228489939833586,0,0.000273189358140885,0,0,0,0,0,3.31568917104357e-05,0,0,0,0,0,3.4747665172777e-05,0,0,0,0,0,0,0,0.00285570135393303,0,0.00382233361513454,0,0,0,0,0,0.0254416038891428,0,0,0,0.00579083085984527,0.000620047917164896,0,0,0,0,0,0.00198092531404094,0,0.00325759046995559,0,0.000107603626901731,0,0,0,0,0,2.05696950446249e-05,0,0,0,1.57450015928225e-05,0,0.00187379394840239,0,0
0.00287553255645565,0,0.000262367070754006,0,0,0,0,0,0.00251079910352937,0,0,0,0,0,0.00139394126418364,0,0.00047537628012854,6.99012796240685e-06,0,0,0,0,0,0,0.0049093219432611,0,0,0,0,0,0,0,0,0,0,0,0,0,0,0,0,0,0,0,0,0,0,0,0.00112652426559004,0,0.00101068428546633,0,0,0,0.0270691419731335,0,0.00100200912884743,0,0.00409596360113835,0,0,0,0,0,0,0,0,0,0,0,0,0,0,0,0,0,0,0,0,0,0,2.08254717446389e-05,0.000106483212741512,0,0,0,0
0,0.0102327351596259,0,0.00343163028623121,0,0.000623328218962412,0,0,0,0.0102744018110069,0,0,0,0.00111990536137208,0,0.0151930032925451,0,0,8.73416188281395e-06,0,0,0,0,0,0,0.000237066114388836,0,0,0,0,0,0,0,0,0,0,0,0,0,0,0,0.000133121392524318,0,0,0,9.8854435382394e-06,0,0,0,0.00351584546090455,0,0.0145476309435623,0,0,0,0.0256567061716645,0,0.000394915374984218,0,0.00579083085984527,0,0,9.42149918600403e-05,0,0,0,0,0,0.00581289185215374,0,0.000265175063969621,0,9.25978104256292e-05,0,0,0,0,0,4.474359807994e-06,0,1.82475393140926e-06,0,1.90891524704687e-05,0,0.000870980877634101,4.52564660324329e-05,0
0,0.00214593902218385,0,0.000323830621551879,0,8.79207793001852e-05,0,0.000138713860807582,0,0,0,0.00195262897667441,0,0,0,0,0.000286060592279766,0.000356538079914222,0.0110745876962764,0.0323948352509348,0,0,0,0,0,0,0,0,0,0,0,0,0,0,0,0.00220163686587668,0,0.00300041924887201,0,0.0169909882279912,1.06526423329969e-05,0.0111948651703167,2.87924826149932e-05,0.00192673590415951,0.000131679503935985,0.0517584205196694,5.42057452748554e-05,0,0,0.00370686938847962,0,0.00296451941397687,0,0,0,4.81710655247221e-05,0,0.0333455797624253,0,0.000620047917164896,0,9.42149918600403e-05,0,5.11682073182684e-05,0,0,0,0,5.94741491029664e-05,0,0.00175635249423917,0,0.0630887709159482,0,0,0,0,0,0.0106909363609102,3.05540491285153e-05,0.00794413861590386,0,0.000717924685310838,1.28980863196156e-05,0.0263015781747749,0.000672999475294651,0
0.00133439776820671,0,0.000217097374224298,1.72702317820677e-05,0.000543214387963247,0,0.000323982746129273,0,0,0,0.0159954600688159,0,0,0,0,0,8.72536251938567e-05,8.94307713472384e-05,0.00422455524348795,0,0.0555112964953104,0,0,0,0,0,0,0,0,0,0,0,9.05890166965007e-06,0,0,9.84736743227422e-06,0.00194222639065677,0,0.00163611936960885,0,0.0160261726828082,0,0.00219426341339585,0,0.00207393909063285,1.26699493152661e-05,0.0436591272993523,0.000339384494177944,0.000261370897248031,0,8.55883498504701e-05,0,0,0,0,0,0.0376246549923652,0,0,0,0,0,5.11682073182684e-05,0,0,0,0,0,0,0,0,0.000103910299242323,0,0.00278046901685644,0,0,0,0,2.80606531614562e-05,0.0156357201925643,0,0.00863195579427634,0.000422409211079845,3.78941001746478e-06,0.0287072596218418,0,0.000312857870869206
0,0,0,0,0,0,0,0,0,0,0,0,0,0,0,0,0,0,0,0,0,0.0734918076523544,0,0.00287711734126162,0,0.0025099262712779,0,0,0,0,0,0,0,0,0,0,0,0.00230268965019183,0,0,0,0,0,0,0,0,0,0,0,0.00704798106121789,0,0,0,0,0,0,0,0,0,0,0,0,0,0,0,0,0.00731159838354277,0,0.0058166667645291,0,0.00384932270513636,0,0,0,0,0,0,0,0,0,0.00143320206237388,0,0.000331228688958896,0,0,0,0
0,0,0,0,0,0,0,0,0,0,0,0,0,0,0,0,0,0,0,0,0,0.000310799472627421,0.0711134116253262,0,0.00128399051392888,0,3.09848254415872e-05,0,0,0,0,0,0,0,0,0,0,0,0.00306763773039571,0,0,0,0,0,0,0,0,0,0.0194595768538603,0,0,0,0,0,0,0,0,0,0,0,0,0,0,0,0,0,0,0.00184333207513598,0,7.62107451032768e-05,0,6.13202246313449e-05,0,0,0,0,0,0,0,0,0,0.00338131112974076,0.000572185122086137,0,0,0,0
0,0.000349211368645741,0,0,0,0,0,0,0,0.00380792564628528,0,0,0,0,0,0,0,0,0,0,0,0.00106230217289909,0,0.0675983703295993,0,0.0011198635661012,0,0,0,0,0,0,0,0,0,0,0,0.007295365972816,0,0,0,0,0,0,0,0,0,0,0,0.00515101508055678,0,0,0,0,0,0.0523866045455797,0,0,0,0,0,0,0,0,0.00731159838354277,0,0,0,0.0571527806446997,0,0.00379523058758707,0,0,0,0,0,0,0,0,0,0.00243724422963365,0,0.00012453320084675,0,0.00221555309137651,0,0
0,0,0,0,0,0,0,0,0.00640703746719812,0,0,0,0,0,0,0,0,0,0,0,0,0,5.92729864583156e-05,0,0.00946781155024985,0,0,0,0,0,0,0,0,0,0,0,0,0,0.000905683710649563,0,0,0,0,0,0,0,0,0,0.01244170648788,0,0,0,0,0,0.0995554276513884,0,0,0,0,0,0,0,0,0,0,0.00184333207513598,0,0,0,0.016606793859954,0,0,0,0,0,0,0,0,0,0,0,0.00501226641552404,4.92942455561826e-06,0,0.000702556780975296,0,0
0,0,0,0,0,0,0,0,0,0.011007326104473,0,0,0,0,0,0,0,0,0,0,0,0.000364101172738517,0,0.0641701985510817,0,0.0169736178014298,0,0,0,0,0,0,0,0,0,0,0,0,0,0,0,0,0,0,0,0,0,0,0,0.00421807929039982,0,0,0,0,0,0,0,0.001078756175403,0,0.00198092531404094,0,0.00581289185215374,5.94741491029664e-05,0,0.0058166667645291,0,0.0571527806446997,0,0,0,0.0150617458513413,0,0,0,0,0,0,0,0,0,0,0,6.28694332247128e-05,0,0.000150094718037306,0,0
0,0,0,0,0,0,0,0,0,0,0,0,0,0,0,0,0.000541349102677366,2.19039354349996e-05,0,0,0,0,0.00145834556240835,0,0.0236090271845938,0,0.0360715780088871,0,0.00195472902247727,0,0,0,0,0,0,0,0,0,0,0,0,0,0,0,0,0,0,0,0,0,0,0,0,0,0,0,0,0,0,0,0,0,0,0,0,7.62107451032768e-05,0,0.016606793859954,0,0,0,0.00410503655085434,0,0,0,0,0,0,0,0,0,0,0,0,0,0,0
0,0,0,0.000298273832182756,0,0,0,0,0,0,0,0.000184743857971625,0,7.25044883438386e-05,0,0,0,0,9.83067325688446e-05,0,0,0.00184596187984163,0,3.42458180565058e-05,0,0,0,0.0494163317917609,0,0.014786389117915,0,0,0,0,0,0,0,0.00130376819227012,0,0,0,0.000585797137740014,0,0,0,6.75951293551822e-05,0,0,0,0.0166510896633198,0,3.66380365739516e-05,0,0,0,3.93124516963008e-05,0,0.0141160655628719,0,0.00325759046995559,0,0.000265175063969621,0.00175635249423917,0,0.00384932270513636,0,0.00379523058758707,0,0.0150617458513413,0,0,0,0.0131349060943847,0,0,0,0,0,1.04728651903003e-05,0,0.00151174995279474,0,6.14815434362528e-05,1.22212780963986e-06,0.00436762301953529,5.86884501039006e-05,0
3.1222582031554e-05,0,1.55730860778493e-05,0,0,0,0,0,0,0,0,0,0,0,0,0,0,0,4.475949592173e-06,0,0,0,0.00303426334877835,0,0,0,0,0,0.0255007633443733,0,0.00495448967067479,0,0,0,0,0,4.10017707422035e-06,0,0.000271842492547031,0,0,0,0.000187747090585344,0,0,0,5.97351985254426e-05,0,0.00338072772910634,0,0,0,0,0,0,0,0.00471828725551276,0,0,0,0,0,0,0.000103910299242323,0,6.13202246313449e-05,0,0,0,0.00410503655085434,0,0,0,0.0151592256829582,0,0,0,0,0,1.46938088091629e-06,0,0.00791922711067765,8.28337134801262e-05,0,0.000641886687305011,0,0
