0,0,6.77172112889599,0,13.78755373933,0,0,0,9.44958089052144,54.363682047526,0,0,0,0,16.5970777164806,0,27.1256847676777,36.9728454883282,17.1909402205664,0,0,0,0,43.1567649841309,24.998013380532,54.8250846862793,21.7009221315384,0,0,0,0,0,0,0,0,0,12.3809598286947,0,0,0,0,0,12.4731931319935,0,0,40.4506797790527,0,0,4.20123337190362,0,0,0,0,0,7.55371235665821,61.3932189941406,0,0,0,0,22.4948745727539,0,0,0,0,0,0,18.1063976287842,0,21.9173097610474,0,0,0,0,0,0,0,0,52.2209619794573,0,0,104.656211853027,10.1409354843924,145.620971679688,7.1054482958479,67.8505096435547,8.21565528077594
0,0,0,7.77590836177382,0,12.3788638507094,0,0,0,8.66191548126505,0,0,0,0,0,3.58318393571036,0,20.8370483398438,6.39597684686834,0,0,0,0,0,0,0,0,0,0,0,0,0,0,0,0,0,0,0,0,0,44.2796325683594,12.607249582136,0,0,0,0,0,0,0,5.3432604381941,0,17.2945187525316,0,0,0,8.40062089358704,0,17.5542601857867,0,16.5484229138023,0,2.9072716999054,0,0,0,0,4.3047670841217,0,0,0,0,0,0,0,0,0,0,0,0,0,0,0,9.11109377442582,0,5.80256104490268,7.18248605728149,0
6.77172112889599,0,0,0,5.78672136314564,0,0,0,6.14852344989777,0,0,0,0,0,0,0,0,0,8.11232509613037,0,0,0,0,0,0,0,0,0,0,0,0,0,0,56.1903438568115,49.70926645067,0,0,0,0,0,0,0,22.817339479783,0,9.00250635147095,0,7.04581288353342,47.9571602432816,7.6116511921967,64.4862571716309,0,0,0,0,0,0,3.07372435927391,0,0,0,5.90917426347733,0,0,0,0,0,0,0,0,0,0,0,0,0,0,0,62.3415270718661,52.9206237792969,0,0,62.4042358398438,0,12.4375529262032,0,9.24269291412479,0,16.9876113371416
0,7.77590836177382,0,0,0,4.20696074485779,0,0,0,14.4035934916383,0,0,0,0,0,0,100.058399200439,0,69.0898081461589,0,0,0,0,0,0,0,0,0,0,0,0,0,0,53.7578671773275,55.0238399505615,0,0,0,0,40.8402706292959,0,29.2547576551493,0,0,0,12.715745788798,0,49.2116154034932,0,17.259304510899,0,6.4433503985405,0,0,0,16.4165859222412,0,5.45803551162992,0,6.55391322649442,0,0,30.5994396209717,0,0,0,0,0,0,0,0,0,0,0,0,0,52.7913273402623,62.4405975341797,50.4568928527832,0,40.7745775969132,64.7234369913737,17.2429974323664,0,9.03957886119063,27.4035110473633,0
13.78755373933,0,5.78672136314564,0,0,0,0,0,3.30021158286503,0,0,0,0,0,0,0,0,0,0,0,0,0,0,0,0,0,0,0,0,0,0,0,0,0,0,0,0,0,0,0,0,0,26.0046665723934,0,0,0,11.5699291229248,0,12.1253652203808,0,3.11035157374616,0,0,0,2.73379913965861,0,0,0,0,0,0,0,0,0,0,0,0,0,0,0,0,0,0,0,0,0,0,0,0,0,0,0,20.1061053290689,0,21.8818359375,0,24.8644753694534
0,12.3788638507094,0,4.20696074485779,0,0,0,3.17085029681524,0,16.7212021799169,0,0,0,3.10707622766495,0,0,0,82.8751678466797,64.6989206586565,3.598313331604,0,0,0,0,0,0,0,0,0,0,0,43.0701847076416,0,50.6207688649495,0,0,0,0,0,44.0194458449182,0,44.2867521197591,0,0,0,17.7168552243303,0,49.8634233769682,0,38.8684149513129,0,3.35189634344004,0,3.36078343024621,0,4.57734218010536,0,0,0,3.58818368694999,0,0,8.51124639027969,0,0,0,0,0,0,0,0,0,0,0,0,0,52.7834213256836,0,48.5504598800953,115.263702392578,45.9562574906783,0,21.1576817396915,0,14.4530609097279,44.079372882843,0
0,0,0,0,0,0,0,0,0,0,3.93451925470859,0,3.26168584823608,0,0,0,0,0,0,0,0,0,0,0,0,0,0,0,0,0,0,0,0,0,0,0,3.88491444587708,0,0,0,0,0,0,0,0,0,0,0,0,0,4.72503032684326,0,4.12562440827835,0,0,0,5.07496139877721,0,4.09392076212427,0,0,0,0,0,0,0,0,0,0,0,0,0,0,0,0,0,0,0,0,0,0,0,3.14938810169697,0,0,0,0
0,0,0,0,0,3.17085029681524,0,0,0,0,0,0,0,3.37022307447412,0,0,0,0,0,4.9245552778244,0,0,0,0,0,0,0,0,0,0,0,0,0,0,0,0,0,0,0,0,0,0,0,0,0,0,0,0,0,0,0,3.37965864605374,0,2.90810003159921,0,0,0,3.26428524936949,0,4.52537604217274,0,0,4.93383404943678,0,0,0,0,0,0,0,0,0,0,0,0,0,0,0,0,0,0,0,3.16681362522973,0,0,0,0
9.44958089052144,0,6.14852344989777,0,3.30021158286503,0,0,0,0,49.9982778592543,0,0,0,0,7.18763314235759,54.7841860453288,22.5800675416987,42.1163570864715,22.4174126351334,0,0,0,0,44.9871196746826,25.0908745192688,54.1540336608887,16.9132218478477,0,0,0,0,0,0,0,0,58.3489303588867,0,0,6.82870287202003,63.9337172257273,54.9401949102228,72.3209519386292,26.0768202400208,35.2264874776204,0,46.2058288256327,49.6088066101074,111.98120880127,15.0690391344183,0,3.03058197763231,0,0,0,5.9737220049676,51.1370206560407,0,0,0,0,7.7228238007118,0,55.1147270202637,42.5617389678955,0,0,0,0,0,18.1018121076185,0,0,0,0,0,0,0,0,62.6561790554003,65.8364135899495,81.3200278811985,56.9013748168945,15.1370716575877,16.4988542330467,20.936815810758,110.909744262695,23.4937898972455
54.363682047526,8.66191548126505,0,14.4035934916383,0,16.7212021799169,0,0,49.9982778592543,0,0,0,0,0,59.8074741363525,8.04750934243202,36.5822857205536,25.3282264990547,25.6535813551683,0,107.458076477051,0,0,15.4690921476909,50.6237640380859,34.7814102172852,59.2411422729492,0,0,0,0,0,0,0,0,0,0,5.23870238731861,0,46.212646484375,63.4745941162109,53.0286283493042,55.4982643127441,59.4969940185547,0,80.1736469268799,40.0306510925293,12.5821558407375,73.753044128418,11.9256034997793,0,22.7955360412598,0,0,48.9635669163295,4.04997285618502,0,0,0,0,61.2950344085693,3.28457982956417,79.8098068237305,0,0,0,4.64234849714464,0,0,53.4751383463542,0,0,0,0,0,104.526039123535,20.2392854690552,0,79.7983240400042,74.4608602523804,6.56690650119394,75.9049682617188,14.656144947982,44.0518690745036,9.72079766046751,0,0
0,0,0,0,0,0,3.93451925470859,0,0,0,0,0,3.0362450159513,0,0,0,0,0,82.8773574829102,0,6.43861567974091,0,0,0,0,0,0,0,0,0,10.4361194826893,0,50.7542381286621,0,0,0,3.2010401169459,0,4.72916696229491,0,43.1210395812988,0,46.6572430928548,0,0,0,10.9401335782475,60.614107131958,58.3975105285645,0,0,0,5.23467327526637,0,0,0,4.12856304148833,0,0,0,0,0,0,13.4944591522217,0,0,0,0,0,0,0,0,0,8.57335645961515,0,0,0,58.9832077026367,0,47.4154198964437,0,7.44608943909407,3.6320072252359,0,34.5579195022583,0,0
0,0,0,0,0,0,0,0,0,0,0,0,0,3.90842526958835,0,0,0,0,0,3.55924741896187,0,0,0,0,0,0,0,3.4786301702261,0,3.24528843019067,0,0,0,0,0,0,0,3.81644354712579,0,38.3995933532715,0,46.3765020370483,0,0,0,19.7098097120013,0,46.0965251922607,0,41.5179608662923,0,0,0,0,0,0,0,3.2516300249759,0,0,0,0,7.32479196913699,0,0,0,0,0,0,0,3.2582796134732,0,8.25355311802455,0,0,0,0,0,53.0387153625488,0,4.3684909965681,0,4.03923823833466,0,5.56869350946867,0,0
0,0,0,0,0,0,3.26168584823608,0,0,0,3.0362450159513,0,0,0,3.0767105545914,0,0,0,0,0,0,0,0,0,0,0,0,0,0,0,0,0,0,0,0,0,0,0,0,0,0,0,0,0,0,0,0,0,0,0,0,0,0,0,0,0,0,0,3.42895171434983,0,3.74908413981447,0,0,0,0,0,0,0,0,0,0,0,0,0,0,0,0,0,0,0,0,0,3.39785184902427,2.96201356252035,0,0,0
0,0,0,0,0,3.10707622766495,0,3.37022307447412,0,0,0,3.90842526958835,0,0,0,3.13337398684302,0,0,0,0,0,0,0,0,0,0,0,3.29926991462708,0,0,0,0,0,0,0,0,0,0,0,0,0,0,0,0,0,0,0,0,0,0,0,0,0,3.31349469166176,0,0,0,0,0,3.37412990539942,0,3.58261651741831,0,0,0,0,0,0,0,0,2.96172629462348,0,0,0,0,0,0,0,0,0,0,0,4.51980042975882,3.81749022006989,0,0,0
16.5970777164806,0,0,0,0,0,0,0,7.18763314235759,59.8074741363525,0,0,3.0767105545914,0,0,0,12.0810021379226,52.7101736749922,28.1221831118474,0,68.8659744262695,0,0,0,18.4457484654018,46.3619155883789,9.23480321736353,0,0,0,0,0,0,0,0,0,0,0,0,65.4665679931641,59.2325828552246,59.7714996337891,48.4968697684152,45.7243270874023,0,54.5080761909485,63.1974042256673,0,0,0,3.17748410999775,0,0,0,6.87081085669028,0,0,0,3.52328598835099,0,4.25899471326271,0,0,75.6793975830078,0,0,0,0,0,9.00083710284943,0,0,0,0,0,0,0,0,75.6417481271844,77.1669921875,74.2835159301758,0,14.22039668279,55.9283752074608,36.3089204231898,0,48.4754219055176
0,3.58318393571036,0,0,0,0,0,0,54.7841860453288,8.04750934243202,0,0,0,3.13337398684302,0,0,34.1235280173165,18.2696549029626,48.3088285923004,0,0,0,0,29.374716758728,0,19.84139808019,45.064338684082,0,0,0,0,0,0,0,0,0,0,0,0,0,0,0,0,0,0,0,0,0,0,0,0,0,0,0,64.7030963897705,4.00905027662873,0,0,0,0,0,3.26144338537146,0,0,0,0,0,0,0,0,0,0,0,0,0,0,0,0,0,0,65.7348480224609,92.8159255981445,22.2341396070662,41.2700996398926,0,0,0
27.1256847676777,0,0,100.058399200439,0,0,0,0,22.5800675416987,36.5822857205536,0,0,0,0,12.0810021379226,34.1235280173165,0,29.7024533911972,23.128772179534,0,70.2113498340953,0,0,35.469878911972,18.0626025659996,27.0778181400705,9.04534398442154,0,0,0,0,0,84.7870254516602,64.2210311889648,66.9693603515625,75.234260559082,78.9236200332642,123.089385986328,87.6307258605957,70.4563978273575,58.9217975868119,58.5033054351807,45.4001463519202,49.8513299012795,0,59.9399699201488,52.828231180995,68.8815760405167,58.4783820788066,76.2176442146301,0,0,0,0,23.4516807561198,35.7134184068249,0,0,0,0,12.0593683865606,0,74.5129109258237,75.7443395342146,0,0,0,10.8726863861084,30.1255865097046,17.3229409422782,0,0,0,79.5015716552734,94.5873260498047,70.7076253255208,0,66.6040363311768,75.5051836389984,68.4773498702049,78.2369533295327,61.7142870161268,12.9948404460572,15.9853251332218,52.6305648141252,55.3726557681435,48.8679571151733
36.9728454883282,20.8370483398438,0,0,0,82.8751678466797,0,0,42.1163570864715,25.3282264990547,0,0,0,0,52.7101736749922,18.2696549029626,29.7024533911972,0,15.8311770429095,80.1139793395996,84.8032073974609,2.9717887684151,0,18.8344314928213,49.2985642751058,16.4036853427214,51.4780488381019,0,0,0,0,0,0,0,67.7949142456055,81.8801422119141,76.8084389822824,0,0,69.2519857233221,64.3557818250257,55.9168753794261,67.2925068781926,41.287479033837,32.0876922607422,55.8522910641548,57.4463857014974,73.8251247406006,71.1634542504136,69.7034721374512,0,0,0,0,52.0826012747628,27.4625087124961,0,0,0,0,53.214463353157,5.24645845845061,75.6722450256348,70.65074412028,0,0,13.8226404190063,0,19.3277806906865,48.5448586600167,0,0,0,0,0,59.6210784912109,73.7142181396484,0,71.4483329256608,73.3271930330593,70.1548020839691,89.3503498750574,14.5169368730144,44.4722928024944,54.6601832930175,46.6929597258568,91.3706512451172
17.1909402205664,6.39597684686834,8.11232509613037,69.0898081461589,0,64.6989206586565,0,0,22.4174126351334,25.6535813551683,82.8773574829102,0,0,0,28.1221831118474,48.3088285923004,23.128772179534,15.8311770429095,0,52.7405204772949,52.3370040893555,0,0,31.9606802804129,29.9968260889468,45.0253435770671,30.0084657669067,0,0,0,0,0,50.1306114196777,40.6432634989421,48.4223825791303,51.6082566579183,62.064370211433,0,70.1596272786458,48.2207584191945,46.688328027524,30.4605512495343,29.3550632526398,26.174337845149,9.12537169456482,42.4452958491729,39.900424392478,47.0712778486055,44.5715536148317,43.9803316670079,0,0,0,0,45.7777743339539,39.3989853858948,0,62.3989677429199,0,0,32.0581393056102,0,56.6104726012872,50.2633909567808,0,0,0,25.5053310394287,30.1531372070312,33.3743837605352,0,0,78.1521415710449,0,76.9169883728027,52.275850982666,46.8720283508301,45.5847460428874,53.1889104287961,52.6623390704866,49.5921083121765,48.4858370425096,11.5592815326117,20.765021349914,39.0200770417462,27.6552660366312,31.2487832152325
0,0,0,0,0,3.598313331604,0,4.9245552778244,0,0,0,3.55924741896187,0,0,0,0,0,80.1139793395996,52.7405204772949,0,0,0,0,0,0,0,0,0,0,0,0,0,0,0,0,3.48383159983681,0,5.38848254940297,0,49.1999534260143,0,43.7151176452637,0,17.847983678182,0,15.0390776520775,0,48.4486141204834,0,47.6448574066162,0,0,0,0,0,0,0,3.8023432392921,0,0,0,0,6.05668321986633,0,0,0,0,0,0,0,0,0,15.1157691138131,0,0,0,0,0,8.5098587551536,109.959800720215,8.0835325555037,79.8409805297852,3.40671520679349,79.4541091918945,8.80748418120087,18.6645526885986,0
0,0,0,0,0,0,0,0,0,107.458076477051,6.43861567974091,0,0,0,68.8659744262695,0,70.2113498340953,84.8032073974609,52.3370040893555,0,0,0,0,0,0,0,0,0,0,0,12.2790993047886,58.7387599945068,48.6666706932916,0,55.523551940918,0,3.29125131327861,0,8.87451882248833,0,38.302250936757,50.8786228179932,50.3280956127025,128.309051513672,20.3790111541748,77.939640045166,13.0203527619441,50.2486557195216,50.0442199707031,40.5278042384556,0,0,0,0,0,0,8.15096697440514,0,0,0,0,0,0,4.3854821029808,0,0,0,0,0,0,0,0,0,11.0019871802891,0,56.5423842037425,0,58.4653855732509,94.8885402679443,26.396922377041,0,8.38028085670051,6.50047944903374,70.9480955941336,23.361078567822,0,14.5508854866028
0,0,0,0,0,0,0,0,0,0,0,0,0,0,0,0,0,2.9717887684151,0,0,0,0,4.01568722724915,4.60544440073845,0,3.03883103890852,0,0,0,0,0,0,0,0,0,0,0,5.7846723837011,0,0,0,0,0,0,0,0,0,17.4976119995117,0,0,0,0,0,0,0,0,0,0,0,0,0,0,0,0,3.18202117969607,0,6.21238581339518,0,0,0,0,0,0,0,0,0,0,0,0,0,8.40154549362153,0,4.25195974897419,3.02869025866191,0,0,0
0,0,0,0,0,0,0,0,0,0,0,0,0,0,0,0,0,0,0,0,0,4.01568722724915,0,0,3.57462701678276,0,0,0,0,0,0,0,0,0,0,0,0,0,2.9794672200313,0,0,0,0,0,0,0,0,0,0,0,0,0,0,0,0,0,0,0,0,0,0,0,0,0,0,3.21498814059628,0,3.3821606065916,0,0,0,0,0,0,0,0,0,0,0,0,0,2.88746683597565,3.42972011192172,0,0,0,0
43.1567649841309,0,0,0,0,0,0,0,44.9871196746826,15.4690921476909,0,0,0,0,0,29.374716758728,35.469878911972,18.8344314928213,31.9606802804129,0,0,4.60544440073845,0,0,0,2.85367627533115,0,0,0,0,0,0,0,0,0,0,0,4.59745421472764,0,0,0,0,0,0,0,0,0,0,0,0,0,0,0,0,0,22.0860379536947,0,0,0,0,59.6406517028809,0,0,0,6.55667601992016,0,4.88346781136582,0,4.11583524942398,0,0,0,0,0,0,0,14.9960145950317,0,97.1060562133789,81.7948913574219,6.47816388030629,0,4.2085034991931,0,6.68748064835866,0,0
24.998013380532,0,0,0,0,0,0,0,25.0908745192688,50.6237640380859,0,0,0,0,18.4457484654018,0,18.0626025659996,49.2985642751058,29.9968260889468,0,0,0,3.57462701678276,0,0,0,5.20422488451004,0,0,0,0,0,0,0,0,0,0,0,3.74773496309916,71.4176254272461,65.5964393615723,0,57.8395805358887,0,0,78.0344899495443,0,0,4.41443575674029,0,0,0,0,0,22.7234574134904,0,0,0,0,0,23.3637218475342,0,0,0,0,3.47404413027306,0,3.73205697784821,0,5.06635855701235,0,0,0,0,0,0,0,0,85.4571361541748,84.1905619303385,0,0,14.5404727403075,52.2841873168945,13.9850502808889,0,0
54.8250846862793,0,0,0,0,0,0,0,54.1540336608887,34.7814102172852,0,0,0,0,46.3619155883789,19.84139808019,27.0778181400705,16.4036853427214,45.0253435770671,0,0,3.03883103890852,0,2.85367627533115,0,0,43.190113067627,0,0,0,0,0,0,0,0,0,0,0,0,0,0,0,0,0,0,0,79.6877822875977,0,0,0,0,0,0,0,0,24.6874103546143,0,0,0,0,0,21.1376819610596,0,0,3.20615411940075,0,2.96276480356852,0,3.50771679823426,0,0,0,0,0,0,0,0,0,0,0,0,0,23.9513929630148,0,0,0,0
21.7009221315384,0,0,0,0,0,0,0,16.9132218478477,59.2411422729492,0,0,0,0,9.23480321736353,45.064338684082,9.04534398442154,51.4780488381019,30.0084657669067,0,0,0,0,0,5.20422488451004,43.190113067627,0,0,0,0,0,0,0,0,0,0,0,0,0,71.855339050293,66.1913251876831,55.7052850723267,52.6389134724935,49.0421829223633,0,66.2974834442139,0,0,0,0,0,0,0,0,16.9087050490909,46.3713760375977,0,0,0,0,7.27693016228275,0,0,0,0,0,0,0,0,3.98271142443021,0,0,0,0,0,0,0,0,74.7964576721191,69.1040863037109,74.0262756347656,73.1998176574707,8.16140139763052,57.5983562469482,32.2998561859131,0,0
0,0,0,0,0,0,0,0,0,0,0,3.4786301702261,0,3.29926991462708,0,0,0,0,0,0,0,0,0,0,0,0,0,0,0,4.52952685500636,0,0,0,0,0,0,0,0,0,0,0,0,0,0,0,0,0,0,0,0,0,0,0,0,0,0,0,0,0,0,0,0,0,0,2.73713374137878,0,0,0,0,0,2.89197670107018,0,0,0,0,0,0,0,0,0,2.89957322326361,0,2.95841455459595,0,0,0,0
0,0,0,0,0,0,0,0,0,0,0,0,0,0,0,0,0,0,0,0,0,0,0,0,0,0,0,0,0,0,0,0,0,0,0,0,0,0,0,0,0,0,0,0,0,0,0,0,0,0,0,0,0,0,0,0,0,0,0,0,0,0,0,0,0,0,0,0,0,0,0,0,0,0,0,0,0,0,0,0,0,0,2.94649286270142,0,0,0,0
0,0,0,0,0,0,0,0,0,0,0,3.24528843019067,0,0,0,0,0,0,0,0,0,0,0,0,0,0,0,4.52952685500636,0,0,0,0,0,0,0,0,0,3.31023131663374,0,0,0,0,0,0,0,0,0,0,0,0,0,0,0,0,0,0,0,4.11332845687866,0,0,0,0,0,0,0,0,0,0,0,0,3.06480097770691,0,3.00235480864843,0,0,0,0,0,0,0,3.52517395259953,0,3.44899984489788,0,0,0,0
0,0,0,0,0,0,0,0,0,0,10.4361194826893,0,0,0,0,0,0,0,0,0,12.2790993047886,0,0,0,0,0,0,0,0,0,0,63.4663200378418,0,0,0,0,0,0,3.25880175515225,0,54.2917572021484,0,60.779407119751,0,0,0,25.3560858181545,62.0128356933594,61.7466917037964,0,0,0,0,0,0,0,4.55613990530135,0,0,0,0,0,0,33.8811779022217,0,0,0,0,0,0,0,0,0,3.35105283848651,0,60.5518779754639,0,70.0473556518555,0,57.16803250994,0,3.82528502146403,65.848014831543,0,45.9565551064231,0,0
0,0,0,0,0,43.0701847076416,0,0,0,0,0,0,0,0,0,0,0,0,0,0,58.7387599945068,0,0,0,0,0,0,0,0,0,63.4663200378418,0,3.47513055509053,8.29496270902266,8.7511277140164,5.72293693904947,22.0583825111389,0,0,17.9033908843994,41.6665885925293,45.1444328308105,42.1937007904053,0,0,24.2769166310628,32.3620598338475,7.08319242313655,52.9080600738525,9.44717141685136,0,0,0,0,0,0,0,0,0,0,0,0,39.4125852584839,42.6308735438756,0,0,0,0,0,0,0,0,0,0,4.51676106229075,4.72955921303637,16.3694554532935,7.72877449950073,7.68595858841888,59.1689664204915,40.9968996047974,62.0356178283691,21.568753516674,0,30.1218964470757,49.4830741882324,71.0793075561523
0,0,0,0,0,0,0,0,0,0,50.7542381286621,0,0,0,0,0,84.7870254516602,0,50.1306114196777,0,48.6666706932916,0,0,0,0,0,0,0,0,0,0,3.47513055509053,0,0,8.82833424279217,8.04482173919678,4.84883897659846,0,0,0,19.3791913683015,29.7686018943787,36.9216870807466,0,0,0,32.8347818313106,7.25699083738593,11.5993103172098,17.0208710757169,0,0,0,0,0,0,0,0,0,0,0,0,0,42.8142934096487,0,0,0,0,0,0,0,0,0,0,7.25431258028204,4.04493877684026,0,14.9938604929886,69.687250773112,32.0463604770723,0,56.6452569961548,8.91510949975295,79.7508188883464,19.2467160349307,0,38.4844760894775
0,0,56.1903438568115,53.7578671773275,0,50.6207688649495,0,0,0,0,0,0,0,0,0,0,64.2210311889648,0,40.6432634989421,0,0,0,0,0,0,0,0,0,0,0,0,8.29496270902266,0,0,7.04536595328948,5.1122888679136,7.49689888954163,5.27061656666553,0,28.523933803334,0,23.0969640016556,33.7312111132073,0,0,32.7061150272687,51.217737197876,6.11102256488009,23.7778419085911,14.5385563667004,0,0,0,0,0,0,0,0,0,0,0,0,46.7997159957886,43.8848072549571,0,0,0,0,0,0,0,0,0,0,7.22169553167452,4.37046230179923,7.45805351541581,7.05110888056362,7.60542865713529,0,6.86520913831747,15.9529626369476,4.44645232572887,0,33.7116501317222,46.6567306518555,0
0,0,49.70926645067,55.0238399505615,0,0,0,0,0,0,0,0,0,0,0,0,66.9693603515625,67.7949142456055,48.4223825791303,0,55.523551940918,0,0,0,0,0,0,0,0,0,0,8.7511277140164,8.82833424279217,7.04536595328948,0,4.42859919317837,6.05147532474004,0,7.39892719699218,0,33.382580963341,16.2074108508325,28.5252930931017,0,0,0,32.9823367683255,6.35350668108141,10.0622528101269,21.0561367838006,0,0,0,0,0,0,0,0,0,0,0,0,0,42.9464577594435,0,0,0,0,0,0,0,0,0,71.1132202148438,0,16.2730232477188,11.8932489519738,6.32620766172653,49.1567468643188,55.3022611935933,23.2723193698459,8.47050299238196,8.65601855694358,79.6878916422526,21.6423238657004,40.6397552490234,39.662590874566
0,0,0,0,0,0,0,0,58.3489303588867,0,0,0,0,0,0,0,75.234260559082,81.8801422119141,51.6082566579183,3.48383159983681,0,0,0,0,0,0,0,0,0,0,0,5.72293693904947,8.04482173919678,5.1122888679136,4.42859919317837,0,4.45030324988895,6.26752961121458,0,36.3619219462077,92.0052223205566,35.0669343847977,0,31.4258945465088,0,24.7880703434348,0,10.8707053462664,36.7484283447266,10.0362668181911,0,0,0,0,0,0,0,0,0,0,0,0,6.47579496681311,0,0,0,0,0,0,0,0,0,0,0,4.00045230205242,30.7387180328369,9.8590938115435,0,4.72497747292187,9.41815670013428,5.42021821419659,0,5.77322969919125,90.907096862793,42.3721045797521,45.2952156066895,0
12.3809598286947,0,0,0,0,0,3.88491444587708,0,0,0,3.2010401169459,0,0,0,0,0,78.9236200332642,76.8084389822824,62.064370211433,0,3.29125131327861,0,0,0,0,0,0,0,0,0,0,22.0583825111389,4.84883897659846,7.49689888954163,6.05147532474004,4.45030324988895,0,0,4.5876912685911,0,42.9220587742038,85.3612543741862,43.139162979126,0,35.2924194335938,0,26.8812104031048,56.5753732681274,52.4741367975871,11.1799335479736,0,0,0,0,0,0,4.68230428695679,0,0,0,0,0,0,8.29828556818975,0,0,0,0,0,0,0,0,0,0,0,11.6954798698425,20.4204349517822,17.5854416086867,98.5113423665365,5.23476796483502,98.3282928466797,5.19035412184894,4.34785158239369,13.5106509037507,12.2639023522058,0,34.3912734985352
0,0,0,0,0,0,0,0,0,5.23870238731861,0,3.81644354712579,0,0,0,0,123.089385986328,0,0,5.38848254940297,0,5.7846723837011,0,4.59745421472764,0,0,0,0,0,3.31023131663374,0,0,0,5.27061656666553,0,6.26752961121458,0,0,2.77362940992628,57.0713233947754,0,5.81499987660032,0,0,0,25.7387290000916,0,7.47933355018741,0,7.13609785364385,0,0,0,0,0,5.33403850484777,0,5.27166748046875,0,0,0,0,13.6861853152514,0,6.18175209188737,0,7.0063136053867,0,0,0,0,0,3.29064415646838,0,0,0,6.73776008486748,0,5.61043683258263,0,4.09248306202767,0,5.15305820176666,4.04800535652535,4.70841887887257,0,0
0,0,0,0,0,0,0,0,6.82870287202003,0,4.72916696229491,0,0,0,0,0,87.6307258605957,0,70.1596272786458,0,8.87451882248833,0,2.9794672200313,0,3.74773496309916,0,0,0,0,0,3.25880175515225,0,0,0,7.39892719699218,0,4.5876912685911,2.77362940992628,0,0,50.1559936523438,61.1388359069824,9.00931479237604,0,0,0,26.7860560621952,13.474490799555,11.7769524445932,0,0,0,0,0,0,0,6.22869389752547,0,0,0,0,0,0,29.7156737645467,0,3.05015421625394,0,0,0,0,0,0,0,3.59349870681763,0,0,0,9.54792965026129,0,17.428092516862,0,3.8778480534002,5.23148119142027,4.23964662817926,11.9485246463887,0,0
0,0,0,40.8402706292959,0,44.0194458449182,0,0,63.9337172257273,46.212646484375,0,38.3995933532715,0,0,65.4665679931641,0,70.4563978273575,69.2519857233221,48.2207584191945,49.1999534260143,0,0,0,0,71.4176254272461,0,71.855339050293,0,0,0,0,17.9033908843994,0,28.523933803334,0,36.3619219462077,0,57.0713233947754,0,0,73.6672858324918,23.7538736806561,49.2553877189978,35.9563086827596,0,21.4837010219157,72.7036614051232,20.258809982202,57.9627148310343,17.8193868478972,0,0,0,0,0,0,0,0,0,0,72.6744995117188,0,25.2957352747072,55.0702018737793,0,0,0,0,0,59.4237632751465,0,0,62.3767280578613,0,18.1717076179309,0,26.8383535521371,0,17.7451830504006,77.6525322787733,41.0910255132628,73.4177528381348,40.4404844437202,70.3674775470387,21.418265513518,34.3625919219896,53.1028076171875
0,44.2796325683594,0,0,0,0,0,0,54.9401949102228,63.4745941162109,43.1210395812988,0,0,0,59.2325828552246,0,58.9217975868119,64.3557818250257,46.688328027524,0,38.302250936757,0,0,0,65.5964393615723,0,66.1913251876831,0,0,0,54.2917572021484,41.6665885925293,19.3791913683015,0,33.382580963341,92.0052223205566,42.9220587742038,0,50.1559936523438,73.6672858324918,0,33.6473862513518,25.1099688256191,57.127128177219,28.6716041564941,66.7486171722412,14.525204453452,24.6397963008041,16.965246007038,37.2999464092833,0,0,0,0,0,0,0,0,0,0,56.1312472025553,0,76.7366722954644,32.93176374893,0,0,0,0,0,60.0329284667969,0,0,0,47.4722385406494,0,24.4091808595577,73.0209255218506,29.0468923170014,77.0704850581654,23.5693912363598,80.3756327273241,42.5003327395388,41.3146563255181,66.3350871358599,28.9583275120503,58.0259139117073,26.2631797884025
0,12.607249582136,0,29.2547576551493,0,44.2867521197591,0,0,72.3209519386292,53.0286283493042,0,46.3765020370483,0,0,59.7714996337891,0,58.5033054351807,55.9168753794261,30.4605512495343,43.7151176452637,50.8786228179932,0,0,0,0,0,55.7052850723267,0,0,0,0,45.1444328308105,29.7686018943787,23.0969640016556,16.2074108508325,35.0669343847977,85.3612543741862,5.81499987660032,61.1388359069824,23.7538736806561,33.6473862513518,0,18.4618502646629,20.9033484627219,0,21.474243833489,26.3476146171833,15.6521259089573,22.5401231287055,17.682831007148,0,0,0,0,0,18.2685031890869,0,0,0,0,63.904447555542,0,20.4446351913165,37.9219139644078,0,0,0,0,0,0,0,0,0,0,37.1062177022298,31.2661531672758,22.7166218757629,34.2778363227844,30.8696722849078,40.3596670993657,28.3218164357747,46.1313573886187,13.853254044924,66.3610339456675,17.1379630045209,11.3397221503901,22.764019039699
12.4731931319935,0,22.817339479783,0,26.0046665723934,0,0,0,26.0768202400208,55.4982643127441,46.6572430928548,0,0,0,48.4968697684152,0,45.4001463519202,67.2925068781926,29.3550632526398,0,50.3280956127025,0,0,0,57.8395805358887,0,52.6389134724935,0,0,0,60.779407119751,42.1937007904053,36.9216870807466,33.7312111132073,28.5252930931017,0,43.139162979126,0,9.00931479237604,49.2553877189978,25.1099688256191,18.4618502646629,0,47.100757598877,14.6540145874023,56.5085312172219,28.3077284542313,22.1090511806845,19.1586830424843,32.1708778726294,0,0,0,0,46.1490564346313,0,0,0,0,0,47.9156023661296,0,53.2270561218262,24.2697410292852,0,0,0,0,0,52.4184436798096,0,0,0,0,0,31.2617620724463,37.8555838690864,36.5091353452431,63.6666584218524,27.0465043899487,56.864116331347,30.2752956176408,13.0641584238814,62.6011405587196,15.0309849634301,40.795327130486,6.91273759901106
0,0,0,0,0,0,0,0,35.2264874776204,59.4969940185547,0,0,0,0,45.7243270874023,0,49.8513299012795,41.287479033837,26.174337845149,17.847983678182,128.309051513672,0,0,0,0,0,49.0421829223633,0,0,0,0,0,0,0,0,31.4258945465088,0,0,0,35.9563086827596,57.127128177219,20.9033484627219,47.100757598877,0,0,17.0287274205407,56.9538383483887,45.0931911468506,48.5529270172119,34.7692556381226,0,0,0,0,0,66.4805145263672,0,0,0,0,0,0,21.3319902169077,0,0,0,0,0,0,47.093090057373,0,0,0,0,0,0,0,0,31.7164794166709,61.1986903236026,26.3613487151034,49.7735900878906,32.4037514925003,51.3390827973684,20.9980955179672,20.2002117156982,0
0,0,9.00250635147095,0,0,0,0,0,0,0,0,0,0,0,0,0,0,32.0876922607422,9.12537169456482,0,20.3790111541748,0,0,0,0,0,0,0,0,0,0,0,0,0,0,0,35.2924194335938,0,0,0,28.6716041564941,0,14.6540145874023,0,0,0,0,0,26.6769189834595,0,0,0,0,0,0,0,0,0,0,0,0,0,0,0,0,0,0,0,0,0,0,0,0,0,0,0,0,0,56.3225835164388,31.7353580062454,0,28.411642074585,14.5887558460236,36.2409896850586,18.7830325961113,0,0
40.4506797790527,0,0,12.715745788798,0,17.7168552243303,0,0,46.2058288256327,80.1736469268799,0,19.7098097120013,0,0,54.5080761909485,0,59.9399699201488,55.8522910641548,42.4452958491729,15.0390776520775,77.939640045166,0,0,0,78.0344899495443,0,66.2974834442139,0,0,0,0,24.2769166310628,0,32.7061150272687,0,24.7880703434348,0,25.7387290000916,0,21.4837010219157,66.7486171722412,21.474243833489,56.5085312172219,17.0287274205407,0,0,61.5658747355143,31.5513596487724,70.9051761627197,25.4673994922773,0,0,0,0,0,0,0,18.4647570848465,0,0,58.1618181864421,0,11.2329628872109,111.977279663086,0,0,0,0,0,0,0,0,28.3356048583984,0,32.8175702095032,0,33.4014034103192,51.5740547180176,21.0327676829906,75.3184796863132,29.9069431738498,87.4461990356445,25.9453546518106,65.6537619696723,15.2026164451177,25.490330009817,0
0,0,7.04581288353342,0,11.5699291229248,0,0,0,49.6088066101074,40.0306510925293,10.9401335782475,0,0,0,63.1974042256673,0,52.828231180995,57.4463857014974,39.900424392478,0,13.0203527619441,0,0,0,0,79.6877822875977,0,0,0,0,25.3560858181545,32.3620598338475,32.8347818313106,51.217737197876,32.9823367683255,0,26.8812104031048,0,26.7860560621952,72.7036614051232,14.525204453452,26.3476146171833,28.3077284542313,56.9538383483887,0,61.5658747355143,0,31.233067356824,34.1047080729338,23.5358531488537,0,0,0,0,0,0,22.3851631709508,0,0,0,0,0,85.1903533935547,10.5058380102205,0,0,0,0,0,57.142261505127,0,0,0,22.769250143142,28.0200634002686,38.662535714631,54.6663198471069,37.1048711472663,81.17115650177,25.3726870453912,89.5542117848116,21.8457092795143,25.2777267645145,63.0317924231814,13.8221629632591,86.7718963623047,19.6553773001621
0,0,47.9571602432816,49.2116154034932,0,49.8634233769682,0,0,111.98120880127,12.5821558407375,60.614107131958,46.0965251922607,0,0,0,0,68.8815760405167,73.8251247406006,47.0712778486055,48.4486141204834,50.2486557195216,17.4976119995117,0,0,0,0,0,0,0,0,62.0128356933594,7.08319242313655,7.25699083738593,6.11102256488009,6.35350668108141,10.8707053462664,56.5753732681274,7.47933355018741,13.474490799555,20.258809982202,24.6397963008041,15.6521259089573,22.1090511806845,45.0931911468506,0,31.5513596487724,31.233067356824,0,10.467141634406,11.7730633496995,0,0,0,0,0,0,56.743278503418,0,0,0,0,0,44.1978091963802,41.9678587468874,0,0,0,0,0,0,0,0,57.5504875183105,68.5360450744629,7.11731732409933,11.6963835724434,9.33182779056194,10.4139076113274,22.6684330757218,29.3281477968891,10.8029150007133,11.0352495649326,10.8694232980858,71.875804901123,20.9391273043727,45.7259942759638,34.3973172412199
4.20123337190362,0,7.6116511921967,0,12.1253652203808,0,0,0,15.0690391344183,73.753044128418,58.3975105285645,0,0,0,0,0,58.4783820788066,71.1634542504136,44.5715536148317,0,50.0442199707031,0,0,0,4.41443575674029,0,0,0,0,0,61.7466917037964,52.9080600738525,11.5993103172098,23.7778419085911,10.0622528101269,36.7484283447266,52.4741367975871,0,11.7769524445932,57.9627148310343,16.965246007038,22.5401231287055,19.1586830424843,48.5529270172119,26.6769189834595,70.9051761627197,34.1047080729338,10.467141634406,0,32.7617266496023,0,0,0,0,0,0,0,0,0,0,0,0,90.0090866088867,35.7251260829422,0,4.37238081296285,0,4.66223686483671,0,7.290690456338,0,0,0,48.5314223766327,0,15.7416285030066,29.8968754351979,13.510987301693,81.0719855337432,20.0337492634936,53.3392615182059,11.2671855364491,13.5465927215231,70.5555663772776,14.2412629090222,66.639149983724,26.5717478228397
0,5.3432604381941,64.4862571716309,17.259304510899,0,38.8684149513129,0,0,0,11.9256034997793,0,41.5179608662923,0,0,0,0,76.2176442146301,69.7034721374512,43.9803316670079,47.6448574066162,40.5278042384556,0,0,0,0,0,0,0,0,0,0,9.44717141685136,17.0208710757169,14.5385563667004,21.0561367838006,10.0362668181911,11.1799335479736,7.13609785364385,0,17.8193868478972,37.2999464092833,17.682831007148,32.1708778726294,34.7692556381226,0,25.4673994922773,23.5358531488537,11.7730633496995,32.7617266496023,0,0,12.6030794382095,0,0,0,2.74496293067932,0,9.08776950836182,0,6.59460048675537,0,3.26007518768311,37.270520983876,38.6755759647914,0,0,0,0,0,0,0,0,0,0,12.7796048114174,16.8266242345174,15.7317982148418,27.8075808709668,24.8103783744582,50.4834183108422,35.1603568423618,32.2051743594083,22.9915996288546,78.2839870452881,25.5872906077118,28.6276217980818,0
0,0,0,0,3.11035157374616,0,4.72503032684326,0,3.03058197763231,0,0,0,0,0,3.17748410999775,0,0,0,0,0,0,0,0,0,0,0,0,0,0,0,0,0,0,0,0,0,0,0,0,0,0,0,0,0,0,0,0,0,0,0,0,0,5.31500498668568,0,3.26463973522186,0,0,0,5.69206666946411,0,3.14752147908796,0,0,0,0,0,0,0,0,0,0,0,0,0,0,0,0,0,0,0,0,0,0,0,0,0,0
0,17.2945187525316,0,6.4433503985405,0,3.35189634344004,0,3.37965864605374,0,22.7955360412598,0,0,0,0,0,0,0,0,0,0,0,0,0,0,0,0,0,0,0,0,0,0,0,0,0,0,0,0,0,0,0,0,0,0,0,0,0,0,0,12.6030794382095,0,0,0,2.74233555793762,0,0,0,9.40546274185181,0,2.89067202806473,0,0,0,0,0,0,0,0,0,0,0,0,0,0,0,0,0,0,0,0,0,0,21.1193475723267,0,10.6186964035034,0,0
0,0,0,0,0,0,4.12562440827835,0,0,0,5.23467327526637,0,0,0,0,0,0,0,0,0,0,0,0,0,0,0,0,0,0,0,0,0,0,0,0,0,0,0,0,0,0,0,0,0,0,0,0,0,0,0,5.31500498668568,0,0,0,0,0,4.46841421434956,0,3.66724300104029,0,0,0,0,0,0,0,0,0,0,0,0,0,0,0,0,0,0,0,0,0,0,0,4.93110139139237,0,0,0,0
0,0,0,0,0,3.36078343024621,0,2.90810003159921,0,0,0,0,0,3.31349469166176,0,0,0,0,0,0,0,0,0,0,0,0,0,0,0,0,0,0,0,0,0,0,0,0,0,0,0,0,0,0,0,0,0,0,0,0,0,2.74233555793762,0,0,0,0,0,0,0,5.44598133810635,0,0,0,0,0,0,0,0,0,0,0,0,0,0,0,0,0,0,0,0,0,0,3.08140847086906,0,0,0,0
7.55371235665821,0,0,0,2.73379913965861,0,0,0,5.9737220049676,48.9635669163295,0,0,0,0,6.87081085669028,64.7030963897705,23.4516807561198,52.0826012747628,45.7777743339539,0,0,0,0,0,22.7234574134904,0,16.9087050490909,0,0,0,0,0,0,0,0,0,0,0,0,0,0,0,46.1490564346313,0,0,0,0,0,0,0,3.26463973522186,0,0,0,0,47.3593444824219,0,0,0,0,5.96119391109984,0,0,0,0,0,0,0,0,15.6527697762778,0,0,0,0,0,0,0,0,0,0,0,0,16.8334380269961,85.361328125,3.1740814447403,0,0
61.3932189941406,8.40062089358704,0,16.4165859222412,0,4.57734218010536,0,0,51.1370206560407,4.04997285618502,0,0,0,0,0,4.00905027662873,35.7134184068249,27.4625087124961,39.3989853858948,0,0,0,0,22.0860379536947,0,24.6874103546143,46.3713760375977,0,0,0,0,0,0,0,0,0,0,5.33403850484777,0,0,0,18.2685031890869,0,66.4805145263672,0,0,0,0,0,2.74496293067932,0,0,0,0,47.3593444824219,0,0,0,0,0,0,4.23766428019319,0,0,0,0,0,0,0,0,0,0,0,0,0,0,17.5061569213867,0,0,84.8110961914062,5.7393637739551,0,18.5429036224142,0,0,63.8082809448242,0
0,0,3.07372435927391,0,0,0,5.07496139877721,0,0,0,4.12856304148833,0,0,0,0,0,0,0,0,0,8.15096697440514,0,0,0,0,0,0,0,0,0,4.55613990530135,0,0,0,0,0,4.68230428695679,0,6.22869389752547,0,0,0,0,0,0,0,22.3851631709508,56.743278503418,0,0,0,0,4.46841421434956,0,0,0,0,0,0,0,0,0,0,0,0,0,0,0,0,0,0,0,0,3.89743573015386,0,0,0,68.9222869873047,0,45.6168823242188,0,7.29226431479821,0,0,4.88335962192987,0,0
0,17.5542601857867,0,5.45803551162992,0,0,0,3.26428524936949,0,0,0,3.2516300249759,0,0,0,0,0,0,62.3989677429199,3.8023432392921,0,0,0,0,0,0,0,0,0,4.11332845687866,0,0,0,0,0,0,0,5.27166748046875,0,0,0,0,0,0,0,18.4647570848465,0,0,0,9.08776950836182,0,9.40546274185181,0,0,0,0,0,0,0,0,0,5.1788846121894,11.1083087424437,0,0,0,0,0,0,0,0,0,9.26933426424569,0,0,0,53.1347808837891,0,37.5547142028809,0,11.0937623977661,0,3.75222779198697,102.077880859375,7.71619077915797,0,0
0,0,0,0,0,0,4.09392076212427,0,0,0,0,0,3.42895171434983,0,3.52328598835099,0,0,0,0,0,0,0,0,0,0,0,0,0,0,0,0,0,0,0,0,0,0,0,0,0,0,0,0,0,0,0,0,0,0,0,5.69206666946411,0,3.66724300104029,0,0,0,0,0,0,0,4.2622762350809,0,0,0,0,0,0,0,0,0,0,0,0,0,0,0,0,0,0,0,0,0,3.96320183575153,0,0,0,0
0,16.5484229138023,0,6.55391322649442,0,3.58818368694999,0,4.52537604217274,0,0,0,0,0,3.37412990539942,0,0,0,0,0,0,0,0,0,0,0,0,0,0,0,0,0,0,0,0,0,0,0,0,0,0,0,0,0,0,0,0,0,0,0,6.59460048675537,0,2.89067202806473,0,5.44598133810635,0,0,0,0,0,0,0,3.57331333919005,0,0,0,0,0,0,0,0,0,0,0,0,0,0,0,0,0,0,0,0,7.94305513302485,0,10.6879184190617,0,0
22.4948745727539,0,5.90917426347733,0,0,0,0,0,7.7228238007118,61.2950344085693,0,0,3.74908413981447,0,4.25899471326271,0,12.0593683865606,53.214463353157,32.0581393056102,0,0,0,0,59.6406517028809,23.3637218475342,0,7.27693016228275,0,0,0,0,0,0,0,0,0,0,0,0,72.6744995117188,56.1312472025553,63.904447555542,47.9156023661296,0,0,58.1618181864421,0,0,0,0,3.14752147908796,0,0,0,5.96119391109984,0,0,0,4.2622762350809,0,0,0,0,0,0,0,0,0,0,6.34542648688607,0,0,0,0,0,0,0,0,77.3792146955218,70.8004557291667,78.1442108154297,0,8.75039327988085,55.6386360168457,45.9000518105247,0,0
0,2.9072716999054,0,0,0,0,0,0,0,3.28457982956417,0,0,0,3.58261651741831,0,3.26144338537146,0,5.24645845845061,0,0,0,0,0,0,0,21.1376819610596,0,0,0,0,0,0,0,0,0,0,0,0,0,0,0,0,0,0,0,0,0,0,0,3.26007518768311,0,0,0,0,0,4.23766428019319,0,5.1788846121894,0,3.57331333919005,0,0,0,0,0,0,0,0,0,0,0,0,0,0,0,0,0,0,0,0,0,0,0,0,0,0,0
0,0,0,30.5994396209717,0,8.51124639027969,0,4.93383404943678,55.1147270202637,79.8098068237305,0,7.32479196913699,0,0,0,0,74.5129109258237,75.6722450256348,56.6104726012872,6.05668321986633,0,0,0,0,0,0,0,0,0,0,0,39.4125852584839,0,46.7997159957886,0,6.47579496681311,0,13.6861853152514,0,25.2957352747072,76.7366722954644,20.4446351913165,53.2270561218262,21.3319902169077,0,11.2329628872109,85.1903533935547,44.1978091963802,90.0090866088867,37.270520983876,0,0,0,0,0,0,0,11.1083087424437,0,0,0,0,0,0,0,0,0,0,0,0,0,0,21.9658832896839,0,0,0,48.047113776207,0,18.237040415113,81.3324546813965,13.2726908317122,73.3887583414714,11.052983881098,77.2158735625598,14.7881716320328,28.9930748939514,0
0,0,0,0,0,0,0,0,42.5617389678955,0,13.4944591522217,0,0,0,75.6793975830078,0,75.7443395342146,70.65074412028,50.2633909567808,0,4.3854821029808,0,0,0,0,0,0,0,0,0,33.8811779022217,42.6308735438756,42.8142934096487,43.8848072549571,42.9464577594435,0,8.29828556818975,0,29.7156737645467,55.0702018737793,32.93176374893,37.9219139644078,24.2697410292852,0,0,111.977279663086,10.5058380102205,41.9678587468874,35.7251260829422,38.6755759647914,0,0,0,0,0,0,0,0,0,0,0,0,0,0,0,0,0,0,0,0,0,0,0,28.0553302764893,0,46.991291870942,49.3509851500045,49.3658575578169,95.4228103637695,12.6242487432465,54.587795604359,13.1851689592795,17.4224961596151,81.8618833101713,15.4031540428998,60.1373271942139,22.3420307951153
0,0,0,0,0,0,0,0,0,0,0,0,0,0,0,0,0,0,0,0,0,3.18202117969607,0,6.55667601992016,0,3.20615411940075,0,2.73713374137878,0,0,0,0,0,0,0,0,0,6.18175209188737,0,0,0,0,0,0,0,0,0,0,0,0,0,0,0,0,0,0,0,0,0,0,0,0,0,0,0,0,11.0634835694224,0,0,0,2.83175325393677,0,0,0,0,0,0,0,0,0,9.03051101244413,0,5.26757204631689,0,15.6162309646606,0,0
0,0,0,0,0,0,0,0,0,0,0,0,0,0,0,0,0,0,0,0,0,0,3.21498814059628,0,3.47404413027306,0,0,0,0,0,0,0,0,0,0,0,0,0,3.05015421625394,0,0,0,0,0,0,0,0,0,4.37238081296285,0,0,0,0,0,0,0,0,0,0,0,0,0,0,0,0,0,0,3.30138917461686,0,0,0,0,0,0,0,0,0,0,0,0,0,0,2.88894523041589,0,0,0,0
0,4.3047670841217,0,0,0,0,0,0,0,4.64234849714464,0,0,0,0,0,0,0,13.8226404190063,0,0,0,6.21238581339518,0,4.88346781136582,0,2.96276480356852,0,0,0,0,0,0,0,0,0,0,0,7.0063136053867,0,0,0,0,0,0,0,0,0,0,0,0,0,0,0,0,0,0,0,0,0,0,0,0,0,0,11.0634835694224,0,0,0,4.97178053855896,0,0,0,0,0,0,0,16.2549427032471,0,0,0,6.25243335823182,0,3.48247410412188,0,7.25191307067871,0,0
18.1063976287842,0,0,0,0,0,0,0,0,0,0,0,0,0,0,0,10.8726863861084,0,25.5053310394287,0,0,0,3.3821606065916,0,3.73205697784821,0,0,0,0,0,0,0,0,0,0,0,0,0,0,0,0,0,0,0,0,0,0,0,4.66223686483671,0,0,0,0,0,0,0,0,0,0,0,0,0,0,0,0,3.30138917461686,0,0,0,4.55803842522782,0,0,0,0,0,0,0,0,0,0,0,0,0,0,4.82783404066543,0,0
0,0,0,0,0,0,0,0,0,0,0,0,0,0,0,0,30.1255865097046,19.3277806906865,30.1531372070312,0,0,0,0,4.11583524942398,0,3.50771679823426,0,0,0,0,0,0,0,0,0,0,0,0,0,0,0,0,0,0,0,0,0,0,0,0,0,0,0,0,0,0,0,0,0,0,0,0,0,0,0,0,4.97178053855896,0,0,0,0,0,0,0,0,0,0,0,0,0,0,0,0,0,0,0,0
21.9173097610474,0,0,0,0,0,0,0,18.1018121076185,53.4751383463542,0,0,0,0,9.00083710284943,0,17.3229409422782,48.5448586600167,33.3743837605352,0,0,0,0,0,5.06635855701235,0,3.98271142443021,0,0,0,0,0,0,0,0,0,0,0,0,59.4237632751465,60.0329284667969,0,52.4184436798096,47.093090057373,0,0,57.142261505127,0,7.290690456338,0,0,0,0,0,15.6527697762778,0,0,0,0,0,6.34542648688607,0,0,0,0,0,0,4.55803842522782,0,0,0,0,0,0,0,0,0,0,78.1987419128418,70.2835744222005,72.6346817016602,0,10.3772400527361,69.4031677246094,13.7762907935727,0,0
0,0,0,0,0,0,0,0,0,0,0,3.2582796134732,0,2.96172629462348,0,0,0,0,0,0,0,0,0,0,0,0,0,2.89197670107018,0,3.06480097770691,0,0,0,0,0,0,0,0,0,0,0,0,0,0,0,0,0,0,0,0,0,0,0,0,0,0,0,0,0,0,0,0,0,0,2.83175325393677,0,0,0,0,0,0,0,0,0,0,0,0,0,0,0,2.86377207438151,0,0,0,0,0,0
0,0,0,0,0,0,0,0,0,0,0,0,0,0,0,0,0,0,0,0,0,0,0,0,0,0,0,0,0,0,0,0,0,0,0,0,0,0,0,0,0,0,0,0,0,0,0,0,0,0,0,0,0,0,0,0,0,0,0,0,0,0,0,0,0,0,0,0,0,0,0,0,0,0,0,0,0,0,0,0,0,0,0,0,0,0,0
0,0,0,0,0,0,0,0,0,0,0,8.25355311802455,0,0,0,0,0,0,78.1521415710449,15.1157691138131,0,0,0,0,0,0,0,0,0,3.00235480864843,0,0,0,0,0,0,0,3.29064415646838,0,62.3767280578613,0,0,0,0,0,28.3356048583984,0,57.5504875183105,0,0,0,0,0,0,0,0,0,9.26933426424569,0,0,0,0,21.9658832896839,0,0,0,0,0,0,0,0,0,0,0,0,0,0,0,0,0,4.10163634028656,0,3.03926645914714,0,10.8644461972373,0,0
0,0,0,0,0,0,0,0,0,0,8.57335645961515,0,0,0,0,0,79.5015716552734,0,0,0,11.0019871802891,0,0,0,0,0,0,0,0,0,3.35105283848651,0,0,0,71.1132202148438,0,0,0,3.59349870681763,0,47.4722385406494,0,0,0,0,0,22.769250143142,68.5360450744629,48.5314223766327,0,0,0,0,0,0,0,3.89743573015386,0,0,0,0,0,0,28.0553302764893,0,0,0,0,0,0,0,0,0,0,0,0,0,69.6602401733398,0,0,0,4.00636672973633,66.6554336547852,0,16.9400553226471,0,0
0,0,0,0,0,0,0,0,0,0,0,0,0,0,0,0,94.5873260498047,0,76.9169883728027,0,0,0,0,0,0,0,0,0,0,0,0,4.51676106229075,7.25431258028204,7.22169553167452,0,4.00045230205242,0,0,0,18.1717076179309,0,37.1062177022298,0,0,0,32.8175702095032,28.0200634002686,7.11731732409933,0,12.7796048114174,0,0,0,0,0,0,0,0,0,0,0,0,0,0,0,0,0,0,0,0,0,0,0,0,0,0,7.6744503671601,0,5.47833685771812,0,20.3435598261216,0,3.78751420974731,104.068565368652,27.1651795705159,37.7184235709054,0
0,0,0,0,0,0,0,0,0,104.526039123535,0,0,0,0,0,0,70.7076253255208,59.6210784912109,52.275850982666,0,56.5423842037425,0,0,0,0,0,0,0,0,0,60.5518779754639,4.72955921303637,4.04493877684026,4.37046230179923,16.2730232477188,30.7387180328369,11.6954798698425,0,0,0,24.4091808595577,31.2661531672758,31.2617620724463,0,0,0,38.662535714631,11.6963835724434,15.7416285030066,16.8266242345174,0,0,0,0,0,0,0,0,0,0,0,0,0,46.991291870942,0,0,0,0,0,0,0,0,0,0,0,0,0,17.6723109483719,81.4516754150391,26.3686741767785,0,63.4911642074585,13.1139110728752,79.0943813323975,33.5874033833409,63.0088920593262,41.78831917899
