0,0,0.130739254782174,0,0.260175598519189,0,0,0,0.183305547578951,0.227939918637276,0,0,0,0,0.200675152242184,0,0.300781460369335,0.292494098408313,0.291262505886455,0,0.403118222951889,0,0,0,0,0,0,0,0,0,0,0,0,0,0,0,0,0,0.403337419033051,0.3072956878206,0.342868447303772,0.302510499954224,0.334300185044607,0,0,0.263234615325928,0.42175208207439,0,0.16550323343284,0,0.220877783497175,0,0,0,0.214473774954772,0,0.16048269791574,0,0.180425088487419,0,0.199054831991325,0,0,0.359391608834267,0,0,0,0,0,0,0,0,0,0,0,0,0,0,0.334657436609268,0.391764976318527,0,0,0.265176696607446,0.259219850812639,0.292608571421771,0,0.333256925221618
0,0,0,0.142318228744481,0,0.174915350687045,0,0,0,0.162317394822927,0,0,0,0,0,0,0.246187582612038,0,0.222986974716187,0,0,0,0,0,0,0,0,0,0,0,0,0,0,0,0,0,0,0.186839401721954,0,0,0,0.211296652859435,0,0,0,0,0.346739888191223,0,0,0.135609834158159,0,0.188027392671658,0,0,0,0.184204411489018,0,0.208995984246333,0,0,0,0.183238770280566,0,0,0,0,0,0,0,0,0,0,0,0,0,0,0,0,0,0,0,0,0.167934704411389,0.134174726075596,0.167202922798539,0,0
0.130739254782174,0,0,0,0.139869708079191,0,0,0,0.124191340059042,0,0,0,0,0,0,0,0.261712402105331,0.316586397588253,0.267974968585703,0,0,0,0,0,0,0,0,0,0,0,0,0,0,0,0,0,0,0,0,0.334360212087631,0,0,0.282031108294764,0,0,0,0.378540581092238,0,0.154739146843189,0,0.159883189789006,0,0,0,0.166191899862427,0,0.193016670560569,0,0.1766964337892,0,0.167491195930375,0,0,0.339347987125317,0,0,0,0,0,0,0,0,0,0,0,0,0,0,0,0.379106366757265,0,0,0.245485439896584,0.229393526911736,0.223118738979961,0,0.229147051771482
0,0.142318228744481,0,0,0,0.156193775568812,0,0,0,0.14041577387287,0,0,0,0,0,0,0,0,0.262497395277023,0,0,0,0,0,0,0,0,0,0,0,0,0,0,0,0,0.154411534468333,0,0,0,0.295540889104207,0,0.265779381641063,0,0.287775695323944,0,0.223228652471615,0,0.276334077119827,0,0.156003119707372,0,0.223591223304324,0,0,0,0.141478162578174,0,0.254428052887468,0,0.250650676888424,0,0.227974712848663,0.290450274944305,0,0,0,0,0,0,0,0,0,0,0,0,0,0,0,0.280897945165634,0,0,0,0.145103333686018,0.115038207640835,0.222037442306664,0.269253933775252,0
0.260175598519189,0,0.139869708079191,0,0,0,0.163502282717011,0,0.205717604438378,0,0,0,0.185467725319247,0,0.197396501898766,0,0,0,0,0,0.141104117035866,0,0,0,0.287402436137199,0,0,0,0,0,0,0,0,0,0,0,0,0,0,0,0.18621514737606,0,0.275936260819435,0,0,0,0.20016723126173,0,0.266813039779663,0,0.158557777786304,0,0.153388971728938,0,0.231491509997758,0,0.17711970523784,0,0.191926060411744,0,0.175880103157117,0,0,0.161783343553543,0,0,0,0.297770549853643,0,0,0,0,0,0,0,0,0,0,0,0,0,0.207541719079018,0.176592707275771,0,0.157059239113031,0,0
0,0.174915350687045,0,0.156193775568812,0,0,0,0.157297023129885,0,0.177719401380488,0,0,0,0,0,0,0,0,0,0,0,0,0,0,0,0,0,0,0,0,0,0,0,0,0,0.125320741534233,0,0,0,0.245484203100204,0.277287572622299,0.242749392986298,0,0,0,0.226091872502423,0,0.255392546003515,0,0.202502975861231,0,0.181583456399503,0,0.19189233696738,0,0.18451334636582,0,0,0,0,0,0,0.269054924365547,0,0,0,0,0,0,0,0,0,0,0,0,0,0,0,0.276389844636614,0,0,0,0.176488174029666,0.11284382876597,0.246673198207386,0,0
0,0,0,0,0.163502282717011,0,0,0,0,0,0.150500044226646,0,0.158340431311551,0,0,0,0,0,0,0,0.156049966812134,0,0,0,0,0,0,0,0,0,0,0,0,0,0,0,0,0,0,0,0,0,0,0,0,0,0,0,0,0,0,0,0.182250817533392,0,0,0,0,0,0.179408880725371,0,0,0,0,0,0,0,0,0,0,0,0,0,0,0,0,0,0,0,0,0,0,0,0.161689847626764,0.143273470923305,0,0,0
0,0,0,0,0,0.157297023129885,0,0,0,0,0,0,0,0.166116346390202,0,0,0,0,0,0,0,0,0,0,0,0,0,0,0,0,0,0,0,0,0,0,0,0,0,0,0,0,0,0,0,0,0,0,0,0,0,0.179547743031792,0,0.163457989742608,0,0,0,0,0,0.172913856645848,0,0,0,0,0,0,0,0,0,0,0,0,0,0,0,0,0,0,0,0,0,0,0.133702530398395,0,0,0,0
0.183305547578951,0,0.124191340059042,0,0.205717604438378,0,0,0,0,0,0,0,0,0,0.181546924612427,0,0.228925471289943,0.17450331490753,0.242393389940262,0,0,0,0.305240094661713,0,0.177150863758679,0,0.151493382640183,0,0,0,0,0,0,0,0,0,0,0,0.15977334311685,0.294878363609314,0.245925188064575,0.248037844896317,0.175634369254112,0,0,0,0.265783438459039,0,0.166678559575831,0,0.183905962089326,0,0,0,0.235728820256137,0,0.165371760725975,0,0.1743452048826,0,0.166412877649276,0,0,0.313865393400192,0,0.315888571739197,0,0.288776497508204,0,0.168103512376547,0,0,0,0,0,0,0,0,0,0.323911711573601,0,0.156205771662665,0.219465114996373,0.218652566274007,0.185639776455031,0,0
0.227939918637276,0.162317394822927,0,0.14041577387287,0,0.177719401380488,0,0,0,0,0,0,0,0,0,0.150296534646998,0,0.162458002505203,0.171864438802004,0,0,0,0,0.173904688548796,0,0.148971349000931,0,0,0,0,0,0,0,0,0,0,0,0.196186821949996,0,0.275914669036865,0,0.169523896736987,0,0.24565477669239,0,0.174616331855456,0,0,0,0.179427217619092,0,0.206476787056612,0,0,0,0.247678387138421,0,0,0,0,0,0.22237167838547,0,0,0,0,0.26278321351856,0,0,0,0,0,0,0,0,0,0,0,0,0,0.259066520508276,0,0.163632040915008,0.121331007086805,0.168001806545021,0.326007202267647,0
0,0,0,0,0,0,0.150500044226646,0,0,0,0,0,0.154715823054314,0,0,0,0,0,0,0,0.168025993189947,0,0,0,0,0,0,0,0.137542756274343,0,0.13705342511336,0,0,0,0,0,0.151508523249154,0,0.151900100322803,0,0.263700723648071,0,0.432538971304893,0,0,0,0.342450857162476,0,0,0,0,0,0.159911446273327,0,0,0,0.203412099829145,0,0.133379952589932,0,0,0,0,0.239459103239434,0,0,0,0,0,0,0,0.142981025907728,0,0.245187085381774,0,0,0,0,0,0.149555748657269,0,0.159039397420508,0.151038851196597,0.150446963768739,0.450857588223049,0,0.409626543521881
0,0,0,0,0,0,0,0,0,0,0,0,0,0.156864969776227,0,0,0,0,0,0.129299093847689,0,0,0,0,0,0,0,0.152542383569043,0,0.117520537227392,0,0,0,0,0,0.178435761481524,0,0.129278329644953,0,0,0,0,0,0,0,0,0,0,0,0,0,0,0,0.144877024387058,0,0,0,0.206165753296872,0,0.134714270830154,0,0,0.12167197962602,0,0,0,0,0,0,0,0,0,0,0,0,0,0,0,0.133884395162264,0,0.137381847883005,0,0.159962456031092,0,0.149944983422756,0,0
0,0,0,0,0.185467725319247,0,0.158340431311551,0,0,0,0.154715823054314,0,0,0,0.157619252800941,0,0,0,0,0,0,0,0,0,0,0,0,0,0.135628522684177,0,0.145362376811958,0,0,0,0,0,0,0,0,0,0,0,0,0,0,0,0,0,0,0,0.15637444332242,0,0.193036471578208,0,0,0,0.176126554608345,0,0.192302904603583,0,0.169048726558685,0,0,0,0,0,0,0,0,0,0,0.128265216946602,0,0,0,0,0,0,0,0,0,0,0.159955305402322,0.158004697321392,0,0,0
0,0,0,0,0,0,0,0.166116346390202,0,0,0,0.156864969776227,0,0,0,0.176128301024437,0,0,0,0,0,0,0,0,0,0,0,0,0,0,0,0,0,0,0,0,0,0,0,0,0,0,0,0,0,0,0,0,0,0,0,0,0,0.182384515181184,0,0,0,0.160257175564766,0,0.1513070415487,0,0.170828839594668,0,0,0,0,0,0,0,0,0,0,0,0,0,0,0,0,0,0,0,0,0.185026947812705,0.193276673327295,0,0,0
0.200675152242184,0,0,0,0.197396501898766,0,0,0,0.181546924612427,0,0,0,0.157619252800941,0,0,0,0.157647387127672,0.155019415418307,0.215044396427961,0,0,0,0,0,0.167483518520991,0,0.144212931394577,0,0,0,0,0,0,0,0,0,0,0,0,0,0,0,0,0,0,0,0.271522730588913,0,0,0,0.165554573966397,0,0,0,0.211853536527331,0,0,0,0.165427909642458,0,0.167096077008235,0,0,0,0,0,0,0,0,0,0,0,0,0,0,0,0,0,0,0.248979791998863,0,0,0.178268365561962,0.166664642592271,0,0,0
0,0,0,0,0,0,0,0,0,0.150296534646998,0,0,0,0.176128301024437,0,0,0.140681140124798,0.133908595889807,0,0,0,0,0,0,0,0,0,0,0,0,0,0,0,0,0,0,0,0,0,0,0,0,0,0,0,0,0,0,0,0.228191316127777,0,0,0,0,0,0.162197152838895,0,0,0,0,0,0.157124143803404,0,0,0,0,0,0,0,0,0,0,0,0,0,0,0,0,0,0,0,0,0.139793254621327,0.177437141537666,0,0,0
0.300781460369335,0.246187582612038,0.261712402105331,0,0,0,0,0,0.228925471289943,0,0,0,0,0,0.157647387127672,0.140681140124798,0,0.17088415672167,0.247996549568413,0,0,0.145819768309593,0.150248910116888,0.158624489859837,0.162192909269062,0.144686250104791,0.148595391428875,0,0.137905404468377,0,0,0,0,0,0,0,0,0,0,0.30398302953294,0.285037177728444,0.297619713059926,0.266306262379302,0.300995906958213,0.285601142048836,0.272493644194169,0.286378843347411,0,0,0.303280383348465,0,0,0,0,0.213325649499893,0,0,0,0,0,0.167648520273498,0,0,0.309976791993516,0,0.158732143044472,0,0.193438829306294,0.144454667965571,0.148160483903629,0,0.141867101192474,0,0.356873720884323,0,0,0,0,0.32832133069814,0.306075092391728,0.348141372203827,0.325539011094305,0.23228745332756,0.149606795045979,0.295025124448292,0.283636430899302,0.270245097080866
0.292494098408313,0,0.316586397588253,0,0,0,0,0,0.17450331490753,0.162458002505203,0,0,0,0,0.155019415418307,0.133908595889807,0.17088415672167,0,0.245755083137751,0,0.271044731140137,0.164162189746746,0,0.168856714207392,0.152515165093872,0.140431473984372,0.162803769111633,0,0,0,0,0,0,0,0,0,0,0,0,0.298399891751476,0.321077540516853,0.286633783654005,0.231236722734239,0.288101656734943,0.271427631378174,0.283044010400772,0.28832838042029,0,0,0.245795536786318,0,0,0,0,0,0.159941468210447,0,0,0,0,0.149556087329984,0.143694226940473,0,0.311702273347799,0.1845552571691,0,0.193185783922672,0.154637400060892,0.134010170112576,0.15960705652833,0,0,0,0,0,0,0,0,0.317627566613892,0.308276357931819,0.356652652223905,0.211134403944016,0.198406423631593,0.162862702867921,0.284777000469645,0.255413253392492,0.261543661355972
0.291262505886455,0.222986974716187,0.267974968585703,0.262497395277023,0,0,0,0,0.242393389940262,0.171864438802004,0,0,0,0,0.215044396427961,0,0.247996549568413,0.245755083137751,0,0,0.273913443088531,0,0,0,0.157560181138771,0.158826830131667,0.174279521618571,0,0,0,0,0,0,0,0,0,0,0,0.327812328934669,0.2986984402257,0.268635648169688,0.275904246015858,0.200894018353104,0.31481464200885,0.250771914163361,0.273404591980408,0.28060752993458,0.296397417783737,0.230884589254856,0.27556411720611,0,0,0,0,0,0,0.279726574526114,0,0,0,0.187887573784048,0,0,0.30821162470437,0,0,0,0,0,0.228078708052635,0,0,0,0.303999689909128,0,0,0,0,0.331474852399521,0.304716340001544,0.361281406353502,0.294730712717536,0.250024940274435,0.237163879759038,0.277570060356149,0.221052024766331,0.218702048878765
0,0,0,0,0,0,0,0,0,0,0,0.129299093847689,0,0,0,0,0,0,0,0,0,0,0,0,0,0,0,0,0,0,0,0,0,0,0,0.153726201628382,0,0.131624821442015,0,0,0,0,0,0,0,0.17876584756942,0,0,0,0,0,0,0,0,0,0,0,0,0,0,0,0,0.154358750909115,0,0,0,0,0,0,0,0,0,0,0,0,0,0,0,0.167568244332714,0,0.151949215029913,0,0.142957897649871,0,0.138110079616308,0,0
0.403118222951889,0,0,0,0.141104117035866,0,0.156049966812134,0,0,0,0.168025993189947,0,0,0,0,0,0,0.271044731140137,0.273913443088531,0,0,0,0,0,0,0,0,0,0,0,0,0,0,0,0,0,0.20195397074687,0,0.186236861436967,0,0.217533051967621,0,0.334032913669944,0,0.386311694979668,0,0.242465354408483,0,0.257254213094711,0,0,0,0,0,0,0,0.219570656339476,0,0,0,0,0,0,0.259713086551934,0,0,0,0,0,0,0,0,0,0.386534504415024,0,0,0,0,0,0.204419799446081,0,0.259544457110325,0.148364295221232,0,0.415029966881507,0,0.398184724152088
0,0,0,0,0,0,0,0,0,0,0,0,0,0,0,0,0.145819768309593,0.164162189746746,0,0,0,0,0.107464430568507,0.178162879966849,0,0.127431882667207,0,0.127522322404034,0,0,0,0,0,0.29287186563015,0,0,0,0.233114316708951,0,0,0,0,0,0,0,0,0,0.287529096007347,0,0.196343064508182,0,0,0,0,0,0,0,0,0,0,0,0,0,0,0.167525281596678,0.08644006358481,0.270797370140218,0,0.237811987750172,0,0.1324218607555,0,0,0,0,0,0,0,0,0,0.290714299213249,0,0.150254647594538,0.1658210178713,0.271639287471771,0,0
0,0,0,0,0,0,0,0,0.305240094661713,0,0,0,0,0,0,0,0.150248910116888,0,0,0,0,0.107464430568507,0,0,0.264983007499552,0,0.218615187898926,0,0.152085362700745,0,0,0,0,0,0,0,0,0.137926138937473,0.242633929396846,0,0,0,0.401621942718824,0,0,0,0,0.450440714756648,0.263590662347523,0,0,0,0,0,0,0,0,0,0,0,0,0,0,0,0.0863465815782547,0.161190951302446,0,0.198607998781513,0,0.253029723836696,0,0.217626703016966,0,0,0,0,0,0,0,0,0,0.2233208111121,0.15097461532403,0.229273749748245,0.40934991748894,0,0
0,0,0,0,0,0,0,0,0,0.173904688548796,0,0,0,0,0,0,0.158624489859837,0.168856714207392,0,0,0,0.178162879966849,0,0,0,0.134729369045937,0,0,0,0,0,0,0,0,0,0,0,0.154970061017481,0,0,0,0,0.179824978113174,0,0,0,0,0,0,0.203962779707379,0,0,0,0,0,0.186024138864302,0,0,0,0,0,0,0,0,0.262468490954284,0,0.247961927830397,0,0.244365651463124,0,0,0,0,0,0,0,0,0,0,0,0.234420727757893,0,0.142103930314382,0.141582195054401,0.163229893776588,0,0
0,0,0,0,0.287402436137199,0,0,0,0.177150863758679,0,0,0,0,0,0.167483518520991,0,0.162192909269062,0.152515165093872,0.157560181138771,0,0,0,0.264983007499552,0,0,0,0.117327713978149,0,0,0,0,0,0,0,0,0,0,0,0.166140707020037,0,0,0,0.209258005023003,0,0,0,0.313124626874924,0.470856606960297,0.22154538333416,0,0.285598814487457,0,0,0,0.290613653338872,0,0,0,0,0,0.186168387532234,0,0,0,0,0.245890226689252,0,0.159718028336231,0,0.267318958582466,0,0.294163228834377,0,0,0,0,0,0,0,0,0,0.198882730870411,0.195467520963687,0,0.239181519257572,0,0
0,0,0,0,0,0,0,0,0,0.148971349000931,0,0,0,0,0,0,0.144686250104791,0.140431473984372,0.158826830131667,0,0,0.127431882667207,0,0.134729369045937,0,0,0,0,0,0,0,0,0,0,0,0,0,0,0,0,0,0,0,0,0,0,0,0,0,0,0,0,0,0,0,0.153712905943394,0,0,0,0,0,0,0,0,0.219123194680402,0,0.213175047259286,0,0.183468339518762,0,0,0,0,0,0,0,0,0,0,0,0,0,0.141775091985861,0,0,0,0
0,0,0,0,0,0,0,0,0.151493382640183,0,0,0,0,0,0.144212931394577,0,0.148595391428875,0.162803769111633,0.174279521618571,0,0,0,0.218615187898926,0,0.117327713978149,0,0,0,0,0,0,0,0,0,0,0,0,0,0,0,0,0,0,0,0,0,0,0,0,0,0,0,0,0,0.137265329973565,0,0,0,0.236106306314468,0,0,0,0,0,0,0.285841989517212,0,0.23292488604784,0,0.231234525173607,0,0.262273786431652,0,0,0,0,0,0,0,0,0,0,0.167142215604876,0,0,0,0
0,0,0,0,0,0,0,0,0,0,0,0.152542383569043,0,0,0,0,0,0,0,0,0,0.127522322404034,0,0,0,0,0,0,0,0.145875322818756,0,0,0,0,0,0,0,0.140671773917145,0,0,0,0,0,0,0,0,0,0,0,0,0,0,0,0,0,0,0,0.153282530987874,0,0.150563458150083,0,0,0,0,0.135778768919408,0,0,0,0.15932534635067,0,0.144741106577791,0,0.133176638351546,0,0,0,0,0,0,0,0.147617802023888,0,0.162962866425514,0,0,0,0
0,0,0,0,0,0,0,0,0,0,0.137542756274343,0,0.135628522684177,0,0,0,0.137905404468377,0,0,0,0,0,0.152085362700745,0,0,0,0,0,0,0,0.118440041371754,0,0,0,0,0,0,0,0.127974776758088,0,0,0,0,0,0,0,0,0,0,0,0,0,0,0,0,0,0,0,0.152677804231644,0,0,0,0,0,0,0,0,0,0,0,0,0.135103034212234,0,0,0,0,0,0,0,0,0,0,0.140740430207698,0.146311142785367,0,0,0
0,0,0,0,0,0,0,0,0,0,0,0.117520537227392,0,0,0,0,0,0,0,0,0,0,0,0,0,0,0,0.145875322818756,0,0,0,0,0,0,0,0,0,0.138201087309197,0,0,0,0,0,0,0,0,0,0,0,0,0,0,0,0,0,0,0,0.146190821251891,0,0,0,0,0,0,0,0,0,0,0,0,0.151017599162601,0,0.138071448533588,0,0,0,0,0,0,0,0.132384429552725,0,0.143135112524033,0,0,0,0
0,0,0,0,0,0,0,0,0,0,0.13705342511336,0,0.145362376811958,0,0,0,0,0,0,0,0,0,0,0,0,0,0,0,0.118440041371754,0,0,0,0,0,0,0,0,0,0.129256602506954,0,0,0,0,0,0,0,0,0,0,0,0,0,0,0,0,0,0,0,0.143015581582274,0,0,0,0,0,0,0,0,0,0,0,0,0.133748408140881,0,0.210068064545864,0,0,0,0,0,0,0,0,0.150255378162445,0.157288977503777,0,0,0
0,0,0,0,0,0,0,0,0,0,0,0,0,0,0,0,0,0,0,0,0,0,0,0,0,0,0,0,0,0,0,0,0.170272692729687,0.252616768994565,0,0.159240118394027,0.150262107478606,0,0,0.213170653581619,0,0.20366208255291,0,0,0,0.205698817968369,0,0.435864137950449,0.307319274925171,0.24874493657653,0,0,0,0,0,0,0,0,0,0,0,0,0,0,0,0,0,0,0,0,0,0,0,0,0.274252163808875,0.16584357366247,0.309637199244415,0,0.269801031757187,0.182109543910393,0,0,0.14223290333208,0,0.229577352106571,0.241489678621292,0
0,0,0,0,0,0,0,0,0,0,0,0,0,0,0,0,0,0,0,0,0,0,0,0,0,0,0,0,0,0,0,0.170272692729687,0,0.182375337192398,0.195962861180305,0.147546968676827,0.141863209875614,0,0,0,0,0,0,0,0,0,0,0.320627492666245,0,0,0,0,0,0,0,0,0,0,0,0,0,0,0,0,0,0,0,0,0,0,0,0,0,0,0.216296554412231,0.198821993649254,0.271368908804732,0.206040095313486,0.149752135078112,0.279823634788026,0,0,0.115868620356409,0,0,0,0
0,0,0,0,0,0,0,0,0,0,0,0,0,0,0,0,0,0,0,0,0,0.29287186563015,0,0,0,0,0,0,0,0,0,0.252616768994565,0.182375337192398,0,0.151294958460125,0.158673137073825,0.144841035971275,0.239323370780463,0.122022306005801,0,0,0,0.426903843028205,0,0,0,0,0.327885224403402,0.410766386658165,0.235409522503614,0,0,0,0,0,0,0,0,0,0,0,0,0,0,0,0,0,0,0,0,0,0,0,0,0.297460017606368,0.199421232566237,0.276473090768565,0.174622611000092,0,0.370442726846897,0.348004763251954,0.196313321590424,0.202773014126502,0.160839566567414,0.437756750200476,0,0
0,0,0,0,0,0,0,0,0,0,0,0,0,0,0,0,0,0,0,0,0,0,0,0,0,0,0,0,0,0,0,0,0.195962861180305,0.151294958460125,0,0.137522082775831,0.156352750224168,0.138313051313162,0.207970910306488,0,0,0,0,0,0,0,0,0.201668621272277,0.309892658264406,0,0,0,0,0,0,0,0,0,0,0,0,0,0,0,0,0,0,0,0,0,0,0,0,0,0,0.303936965737729,0.257829758724788,0.182492845611613,0,0.280394446648908,0,0.201823852276653,0.147662675653895,0,0,0,0
0,0,0,0.154411534468333,0,0.125320741534233,0,0,0,0,0,0.178435761481524,0,0,0,0,0,0,0,0.153726201628382,0,0,0,0,0,0,0,0,0,0,0,0.159240118394027,0.147546968676827,0.158673137073825,0.137522082775831,0,0.160460780319922,0.124845809369791,0,0,0.241104301065207,0.251893073320389,0.311716318130493,0,0,0.196325547087031,0,0.301951315167338,0.274522103942358,0.252004310488701,0,0,0,0,0,0,0,0.157885306293056,0,0,0,0,0.154507027790521,0,0,0,0,0,0,0,0,0,0,0,0.163393600533406,0,0.133275714729513,0,0.164395320283006,0.207176570670917,0.124838626720536,0,0.142457997082266,0.133280497789383,0.179581650197506,0,0
0,0,0,0,0,0,0,0,0,0,0.151508523249154,0,0,0,0,0,0,0,0,0,0.20195397074687,0,0,0,0,0,0,0,0,0,0,0.150262107478606,0.141863209875614,0.144841035971275,0.156352750224168,0.160460780319922,0,0,0.135131788735146,0,0.215750150382519,0,0,0,0,0.222285613417625,0.182910725474358,0.162941802913944,0.196849763393402,0,0,0,0.185844287276268,0,0,0,0.149634352228681,0,0,0,0,0,0,0.212614946370775,0,0,0,0,0,0,0,0,0,0,0,0.156683754175901,0,0.148686109569626,0,0.18451375629505,0,0.161552621949491,0.147806522127873,0.141553280726532,0.167793532104596,0,0
0,0.186839401721954,0,0,0,0,0,0,0,0.196186821949996,0,0.129278329644953,0,0,0,0,0,0,0,0.131624821442015,0,0.233114316708951,0.137926138937473,0.154970061017481,0,0,0,0.140671773917145,0,0.138201087309197,0,0,0,0.239323370780463,0.138313051313162,0.124845809369791,0,0,0.378362218440886,0.225912168622017,0,0.226668389780181,0.538321852684021,0,0,0.208273069063822,0,0.533053493684968,0.691468954086304,0.226815176220777,0,0,0,0,0,0.247072410209202,0,0.121117617073469,0,0,0,0,0.141184248572046,0,0.272190202878702,0,0.270501238609486,0,0,0,0.224913667355265,0,0.147449622128872,0,0,0,0.231663712046363,0,0.133328648155914,0,0.275568666262704,0.191327938749906,0.366385364291776,0.309986199052057,0.360108172397758,0,0
0.403337419033051,0,0,0,0,0,0,0,0.15977334311685,0,0.151900100322803,0,0,0,0,0,0,0,0.327812328934669,0,0.186236861436967,0,0.242633929396846,0,0.166140707020037,0,0,0,0.127974776758088,0,0.129256602506954,0,0,0.122022306005801,0.207970910306488,0,0.135131788735146,0.378362218440886,0,0,0,0,0.439126580182848,0,0,0,0.348786524824194,0.597412905567144,0.378867836905423,0,0,0,0,0,0.215752805355799,0,0.142926108831385,0,0,0,0,0,0,0.355008177922673,0,0.27514958191939,0,0.168225287942774,0,0,0,0.219300865983734,0,0.148830922499095,0,0,0,0.25976755582925,0,0.209656117088867,0.66408497095108,0.214559036953343,0.225276727650195,0.136527729216145,0.387441352228152,0,0.410694176952044
0.3072956878206,0,0.334360212087631,0.295540889104207,0,0.245484203100204,0,0,0.294878363609314,0.275914669036865,0,0,0,0,0,0,0.30398302953294,0.298399891751476,0.2986984402257,0,0,0,0,0,0,0,0,0,0,0,0,0.213170653581619,0,0,0,0,0,0.225912168622017,0,0,0.305274361371994,0.283916665823729,0.238120302824991,0.363594161612647,0.261905311828568,0.21910838678947,0.310119259357452,0.206257663081201,0.224762049104486,0.19102812847106,0,0,0,0,0,0,0,0,0,0,0,0,0.234936773777008,0.316133953192655,0,0,0,0,0,0,0,0,0,0,0.145041540265083,0,0,0,0.246062963424019,0.332963320715674,0.286872197045099,0.294923692941666,0.30229670229618,0.300654706855615,0.288678800312959,0.439480122135974,0
0.342868447303772,0,0,0,0.18621514737606,0.277287572622299,0,0,0.245925188064575,0,0.263700723648071,0,0,0,0,0,0.285037177728444,0.321077540516853,0.268635648169688,0,0.217533051967621,0,0,0,0,0,0,0,0,0,0,0,0,0,0,0.241104301065207,0.215750150382519,0,0,0.305274361371994,0,0.248559778556228,0.235893841094777,0,0.35848568379879,0.226731970906258,0.210758971606037,0.372417217055592,0.342034345649811,0,0,0,0,0,0,0,0.249852979540825,0,0,0,0,0,0,0.199871612272181,0,0,0,0,0,0,0,0,0,0.211160969883204,0,0,0,0,0.261033590023334,0.288093049003685,0,0.198221012848437,0.273445073133096,0.238611078437637,0.227659219262161,0,0.291295312088111
0.302510499954224,0.211296652859435,0,0.265779381641063,0,0.242749392986298,0,0,0.248037844896317,0.169523896736987,0,0,0,0,0,0,0.297619713059926,0.286633783654005,0.275904246015858,0,0,0,0,0,0,0,0,0,0,0,0,0.20366208255291,0,0,0,0.251893073320389,0,0.226668389780181,0,0.283916665823729,0.248559778556228,0,0.209546788858878,0.414980813469206,0.210748667136217,0.263868735334507,0.281002358004854,0.306448048874933,0.382791228926004,0.263667285385909,0,0.212196179610841,0,0,0,0.189539838582277,0,0.25649584001965,0,0,0,0.213248256307382,0.259130901346604,0.275082435458899,0,0,0,0,0,0,0,0,0,0,0,0,0,0,0.314391310492672,0.293538079730102,0.458753788663495,0.308644711971283,0.233685218711152,0.29078212985094,0.298137615130855,0.336404056927632,0.271414838731289
0.334300185044607,0,0.282031108294764,0,0.275936260819435,0,0,0,0.175634369254112,0,0.432538971304893,0,0,0,0,0,0.266306262379302,0.231236722734239,0.200894018353104,0,0.334032913669944,0,0.401621942718824,0.179824978113174,0.209258005023003,0,0,0,0,0,0,0,0,0.426903843028205,0,0.311716318130493,0,0.538321852684021,0.439126580182848,0.238120302824991,0.235893841094777,0.209546788858878,0,0.231662089625994,0.237137668273028,0.29118142144446,0.24889118657583,0.386626192854226,0.406107827801063,0.247977182269096,0,0,0,0,0.275935063759486,0,0.336522580783358,0,0,0,0,0,0,0.294998268815422,0,0,0,0.507442653179169,0,0,0,0,0,0.393181874503491,0,0,0.411497039660331,0,0.272306100039159,0.263206896667885,0.320547163486481,0.308630335815842,0.26814988740475,0.235637119220149,0.283055453848935,0.197573448220889,0.194510839589312
0,0,0,0.287775695323944,0,0,0,0,0,0.24565477669239,0,0,0,0,0,0,0.300995906958213,0.288101656734943,0.31481464200885,0,0,0,0,0,0,0,0,0,0,0,0,0,0,0,0,0,0,0,0,0.363594161612647,0,0.414980813469206,0.231662089625994,0,0.298366189002991,0.317987833118093,0.281364277005196,0.309463739395142,0,0.277774660633161,0,0,0,0,0,0,0,0,0,0,0,0,0,0,0,0,0,0,0,0,0,0,0,0,0,0,0,0,0.40595232972531,0.325361710786819,0.486461672377079,0,0.25889109017013,0.308010801672935,0.393175810139354,0.350894336467204,0
0,0,0,0,0,0,0,0,0,0,0,0,0,0,0,0,0.285601142048836,0.271427631378174,0.250771914163361,0,0.386311694979668,0,0,0,0,0,0,0,0,0,0,0,0,0,0,0,0,0,0,0.261905311828568,0.35848568379879,0.210748667136217,0.237137668273028,0.298366189002991,0,0.242481008172035,0.305178217349514,0,0,0.251260682940483,0,0,0,0,0,0,0.32367117702961,0,0,0,0,0,0,0.388509208093519,0,0,0,0,0,0,0,0,0,0.434903025627136,0,0,0,0,0.25213146292501,0.390014753426392,0,0.443009662051355,0.194532647365477,0.329147547483444,0.335364393393199,0.213198438286781,0
0.263234615325928,0,0,0.223228652471615,0,0.226091872502423,0,0,0,0.174616331855456,0,0,0,0,0,0,0.272493644194169,0.283044010400772,0.273404591980408,0.17876584756942,0,0,0,0,0,0,0,0,0,0,0,0.205698817968369,0,0,0,0.196325547087031,0.222285613417625,0.208273069063822,0,0.21910838678947,0.226731970906258,0.263868735334507,0.29118142144446,0.317987833118093,0.242481008172035,0,0.251079951723417,0.280015286500171,0.256201594848843,0.211942294304903,0,0.249284762889147,0,0,0,0,0,0.260282550539289,0,0,0,0,0.287636878823939,0.290588746468226,0,0,0,0,0,0,0,0,0,0,0,0,0,0,0.227298819566484,0.294575370848179,0.278579317235438,0.349681258201599,0.288332392290087,0.284340893680399,0.2690318747681,0.254952960780689,0
0.42175208207439,0.346739888191223,0.378540581092238,0,0.20016723126173,0,0,0,0.265783438459039,0,0.342450857162476,0,0,0,0.271522730588913,0,0.286378843347411,0.28832838042029,0.28060752993458,0,0.242465354408483,0,0,0,0.313124626874924,0,0,0,0,0,0,0,0,0,0,0,0.182910725474358,0,0.348786524824194,0.310119259357452,0.210758971606037,0.281002358004854,0.24889118657583,0.281364277005196,0.305178217349514,0.251079951723417,0,0.259510338306427,0.270883197770003,0.266819134354591,0,0,0,0,0,0,0.275437812838289,0,0,0,0,0,0,0.231606655879636,0,0,0,0,0,0,0,0,0,0.314968918186735,0,0,0,0,0.312485712624732,0.253861857311302,0,0.275072358582253,0.282113586055932,0.284596568075093,0.26801862775839,0,0.25552323633346
0,0,0,0.276334077119827,0,0.255392546003515,0,0,0,0,0,0,0,0,0,0,0,0,0.296397417783737,0,0,0.287529096007347,0.450440714756648,0,0.470856606960297,0,0,0,0,0,0,0.435864137950449,0.320627492666245,0.327885224403402,0.201668621272277,0.301951315167338,0.162941802913944,0.533053493684968,0.597412905567144,0.206257663081201,0.372417217055592,0.306448048874933,0.386626192854226,0.309463739395142,0,0.280015286500171,0.259510338306427,0,0.444223092415484,0.230715615970908,0,0,0,0,0,0,0,0,0,0,0,0,0.245048957792195,0.274807035923004,0.284140661358833,0.527903918709074,0,0.503808349370956,0,0,0,0,0,0,0.388547886261229,0.334459674887119,0.360259205527413,0.328513344721525,0.315325943291109,0.340186806877783,0.410588704840431,0.436793200355588,0.4336160522226,0.29707046231981,0.36460248741345,0.288985550403595,0
0.16550323343284,0,0.154739146843189,0,0.266813039779663,0,0,0,0.166678559575831,0,0,0,0,0,0,0,0,0,0.230884589254856,0,0.257254213094711,0,0.263590662347523,0,0.22154538333416,0,0,0,0,0,0,0.307319274925171,0,0.410766386658165,0.309892658264406,0.274522103942358,0.196849763393402,0.691468954086304,0.378867836905423,0.224762049104486,0.342034345649811,0.382791228926004,0.406107827801063,0,0,0.256201594848843,0.270883197770003,0.444223092415484,0,0.317897372551866,0.22959403693676,0,0,0,0.175515174965064,0,0.273444907912791,0,0.166611720038497,0,0.165267208689137,0,0,0.249574912976528,0,0.37579866581493,0,0.318610610233413,0,0,0,0,0,0.256706631183624,0,0.371711375651421,0.420052521430892,0.367498813640504,0.258831722040971,0.38338764744194,0.206784009933472,0.325911743996011,0.434187813249065,0.166721224784851,0.316347598545864,0.272501707077026,0.262805509826411
0,0.135609834158159,0,0.156003119707372,0,0.202502975861231,0,0,0,0.179427217619092,0,0,0,0,0,0.228191316127777,0.303280383348465,0.245795536786318,0.27556411720611,0,0,0.196343064508182,0,0.203962779707379,0,0,0,0,0,0,0,0.24874493657653,0,0.235409522503614,0,0.252004310488701,0,0.226815176220777,0,0.19102812847106,0,0.263667285385909,0.247977182269096,0.277774660633161,0.251260682940483,0.211942294304903,0.266819134354591,0.230715615970908,0.317897372551866,0,0,0.210130700322448,0,0,0,0,0,0.253030879707897,0,0.237307627849719,0,0.270566345590381,0,0,0.306951519101858,0,0.213378260533015,0,0.328266378360636,0,0.277294446315084,0,0.327421471050807,0,0,0,0.199809700250626,0,0.205923316212709,0.389618538320065,0.250879573383012,0,0.282026426253073,0.266907045245171,0.220659837408951,0.3459436049064,0
0.220877783497175,0,0.159883189789006,0,0.158557777786304,0,0,0,0.183905962089326,0,0,0,0.15637444332242,0,0.165554573966397,0,0,0,0,0,0,0,0,0,0.285598814487457,0,0,0,0,0,0,0,0,0,0,0,0,0,0,0,0,0,0,0,0,0,0,0,0.22959403693676,0,0,0,0.154339015483856,0,0.222618824283282,0,0.172627857688702,0,0.173710359821674,0,0.198072484061122,0,0,0.170872710645199,0,0,0,0,0,0,0,0,0,0,0,0,0,0,0,0,0,0.314003199338913,0.163806526859601,0,0.181327907151954,0,0
0,0.188027392671658,0,0.223591223304324,0,0.181583456399503,0,0.179547743031792,0,0.206476787056612,0,0,0,0,0,0,0,0,0,0,0,0,0,0,0,0,0,0,0,0,0,0,0,0,0,0,0,0,0,0,0,0.212196179610841,0,0,0,0.249284762889147,0,0,0,0.210130700322448,0,0,0,0.200200406816399,0,0.221930428068767,0,0.184540163489837,0,0.172949954867363,0,0.159567895260724,0,0,0,0,0,0,0,0,0,0,0,0,0,0,0,0,0,0,0,0,0.17258594922491,0,0.24270353781665,0.279004663228989,0
0,0,0,0,0.153388971728938,0,0.182250817533392,0,0,0,0.159911446273327,0,0.193036471578208,0,0,0,0,0,0,0,0,0,0,0,0,0,0,0,0,0,0,0,0,0,0,0,0.185844287276268,0,0,0,0,0,0,0,0,0,0,0,0,0,0.154339015483856,0,0,0,0,0,0.136537320911884,0,0.209391685575247,0,0,0,0,0,0,0,0,0,0,0,0,0,0,0,0,0,0,0,0,0,0,0,0.173635317119716,0,0,0,0
0,0,0,0,0,0.19189233696738,0,0.163457989742608,0,0,0,0.144877024387058,0,0.182384515181184,0,0,0,0,0,0,0,0,0,0,0,0,0,0,0,0,0,0,0,0,0,0,0,0,0,0,0,0,0,0,0,0,0,0,0,0,0,0.200200406816399,0,0,0,0,0,0,0,0.179898703274758,0,0,0,0,0,0,0,0,0,0,0,0,0,0,0,0,0,0,0,0,0,0,0.146515323543081,0,0,0,0
0.214473774954772,0,0.166191899862427,0,0.231491509997758,0,0,0,0.235728820256137,0,0,0,0,0,0.211853536527331,0,0.213325649499893,0,0,0,0,0,0,0,0.290613653338872,0,0.137265329973565,0,0,0,0,0,0,0,0,0,0,0,0.215752805355799,0,0,0,0.275935063759486,0,0,0,0,0,0.175515174965064,0,0.222618824283282,0,0,0,0,0,0.176510889083147,0,0.205422568699004,0,0.243497773432915,0,0,0,0,0,0,0.332469083719732,0,0,0,0,0,0,0,0,0,0,0,0,0,0.300367034902669,0.236207521480063,0,0.23406401655196,0,0
0,0.184204411489018,0,0.141478162578174,0,0.18451334636582,0,0,0,0.247678387138421,0,0,0,0,0,0.162197152838895,0,0.159941468210447,0,0,0,0,0,0.186024138864302,0,0.153712905943394,0,0,0,0,0,0,0,0,0,0,0,0.247072410209202,0,0,0,0.189539838582277,0,0,0,0,0,0,0,0,0,0.221930428068767,0,0,0,0,0,0,0,0,0,0.228168235922402,0,0,0,0,0.241705434740918,0,0,0,0,0,0,0,0,0,0,0,0,0,0.311384915417204,0,0.166166556972853,0,0.170363257825375,0,0
0.16048269791574,0,0.193016670560569,0,0.17711970523784,0,0,0,0.165371760725975,0,0.203412099829145,0,0.176126554608345,0,0,0,0,0,0.279726574526114,0,0.219570656339476,0,0,0,0,0,0,0,0,0,0,0,0,0,0,0,0.149634352228681,0,0.142926108831385,0,0.249852979540825,0,0.336522580783358,0,0.32367117702961,0,0.275437812838289,0,0.273444907912791,0,0.172627857688702,0,0.136537320911884,0,0.176510889083147,0,0,0,0,0,0.166313874224822,0,0,0.29188266157567,0,0,0,0,0,0,0,0,0,0.334910470878054,0,0,0,0,0,0.247686788763689,0,0.250475527799648,0.202186478733136,0.154796427586812,0.299609301315466,0,0.326744383362335
0,0.208995984246333,0,0.254428052887468,0,0,0,0,0,0,0,0.206165753296872,0,0.160257175564766,0,0,0,0,0,0,0,0,0,0,0,0,0,0.153282530987874,0,0.146190821251891,0,0,0,0,0,0.157885306293056,0,0.121117617073469,0,0,0,0.25649584001965,0,0,0,0.260282550539289,0,0,0,0.253030879707897,0,0.184540163489837,0,0,0,0,0,0,0,0.253079206797115,0,0.283903110689587,0.203389633979116,0,0,0,0,0,0.296706920018925,0,0.274533693180528,0,0.272353318233027,0,0,0,0,0,0,0,0.122526819817722,0,0.124432878568769,0,0.247806576434632,0.288604577382406,0
0.180425088487419,0,0.1766964337892,0,0.191926060411744,0,0.179408880725371,0,0.1743452048826,0,0.133379952589932,0,0.192302904603583,0,0.165427909642458,0,0,0,0,0,0,0,0,0,0,0,0.236106306314468,0,0.152677804231644,0,0.143015581582274,0,0,0,0,0,0,0,0,0,0,0,0,0,0,0,0,0,0.166611720038497,0,0.173710359821674,0,0.209391685575247,0,0.205422568699004,0,0,0,0,0,0.209202775444439,0,0,0,0,0,0,0,0,0.255067662743248,0,0.260769382069783,0,0,0,0,0,0,0,0,0,0,0.18400618569955,0.166328695713332,0.187709738500416,0,0
0,0,0,0.250650676888424,0,0,0,0.172913856645848,0,0,0,0.134714270830154,0,0.1513070415487,0,0,0,0,0,0,0,0,0,0,0,0,0,0.150563458150083,0,0,0,0,0,0,0,0,0,0,0,0,0,0,0,0,0,0,0,0,0,0.237307627849719,0,0.172949954867363,0,0.179898703274758,0,0,0,0.253079206797115,0,0,0,0.257660626787548,0,0,0,0,0,0,0.272223610843306,0,0.289432787062491,0,0,0,0,0,0,0,0,0,0,0,0.156891664037028,0.138301601367337,0.26445176700751,0.27165824174881,0
0.199054831991325,0,0.167491195930375,0,0.175880103157117,0,0,0,0.166412877649276,0,0,0,0.169048726558685,0,0.167096077008235,0,0.167648520273498,0.149556087329984,0.187887573784048,0,0,0,0,0,0.186168387532234,0,0,0,0,0,0,0,0,0,0,0,0,0,0,0,0,0,0,0,0,0,0,0,0.165267208689137,0,0.198072484061122,0,0,0,0.243497773432915,0,0.166313874224822,0,0.209202775444439,0,0,0,0,0,0,0,0,0,0,0,0,0,0,0,0,0,0,0,0,0,0,0,0.180765105059018,0,0.173384312540293,0,0
0,0.183238770280566,0,0.227974712848663,0,0,0,0,0,0.22237167838547,0,0,0,0.170828839594668,0,0.157124143803404,0,0.143694226940473,0,0,0,0,0,0,0,0,0,0,0,0,0,0,0,0,0,0,0,0,0,0,0,0.213248256307382,0,0,0,0,0,0,0,0.270566345590381,0,0.159567895260724,0,0,0,0.228168235922402,0,0.283903110689587,0,0.257660626787548,0,0,0,0,0,0,0,0,0.3004655555955,0,0.352460831403732,0,0,0,0,0,0,0,0,0,0,0,0.151037815426077,0,0.189568829807368,0,0
0,0,0,0.290450274944305,0,0.269054924365547,0,0,0,0,0,0.12167197962602,0,0,0,0,0,0,0,0.154358750909115,0,0,0,0,0,0,0,0,0,0,0,0,0,0,0,0.154507027790521,0,0.141184248572046,0,0.234936773777008,0,0.259130901346604,0,0,0,0.287636878823939,0,0.245048957792195,0,0,0,0,0,0,0,0,0,0.203389633979116,0,0,0,0,0,0,0,0,0,0,0,0,0,0,0,0,0,0,0,0,0.209555232747579,0,0.209782846672561,0,0.205067867240986,0,0.272765475096849,0,0
0.359391608834267,0,0.339347987125317,0,0.161783343553543,0,0,0,0.313865393400192,0,0.239459103239434,0,0,0,0,0,0.309976791993516,0.311702273347799,0.30821162470437,0,0.259713086551934,0,0,0,0,0,0,0,0,0,0,0,0,0,0,0,0.212614946370775,0,0.355008177922673,0.316133953192655,0.199871612272181,0.275082435458899,0.294998268815422,0,0.388509208093519,0.290588746468226,0.231606655879636,0.274807035923004,0.249574912976528,0,0.170872710645199,0,0,0,0,0,0.29188266157567,0,0,0,0,0,0,0,0,0,0,0,0,0,0,0,0,0.397370806501971,0,0,0,0,0.329979963600636,0.238101829960408,0,0.325909580845793,0.288096546685617,0.306528592748301,0.308595802440059,0.280007511377335,0.390486658811569
0,0,0,0,0,0,0,0,0,0,0,0,0,0,0,0,0,0.1845552571691,0,0,0,0.167525281596678,0.0863465815782547,0.262468490954284,0,0.219123194680402,0,0.135778768919408,0,0,0,0,0,0,0,0,0,0.272190202878702,0,0,0,0,0,0,0,0,0,0.284140661358833,0,0.306951519101858,0,0,0,0,0,0,0,0,0,0,0,0,0,0,0,0,0.277420651563358,0,0.237883453703641,0,0.146194159984589,0,0,0,0,0,0,0,0,0,0.304407158142163,0,0.148781360767653,0.168540394097044,0.268297828733921,0,0
0,0,0,0,0,0,0,0,0.315888571739197,0,0,0,0,0,0,0,0.158732143044472,0,0,0,0,0.08644006358481,0.161190951302446,0,0.245890226689252,0,0.285841989517212,0,0,0,0,0,0,0,0,0,0,0,0.27514958191939,0,0,0,0,0,0,0,0,0.527903918709074,0.37579866581493,0,0,0,0,0,0,0,0,0,0,0,0,0,0,0,0,0,0,0.202606451084566,0,0.209805646328473,0,0.241403746573045,0,0,0,0,0,0,0,0,0,0.286214829773031,0.145535751415928,0.187762773036957,0.447400288362252,0,0
0,0,0,0,0,0,0,0,0,0.26278321351856,0,0,0,0,0,0,0,0.193185783922672,0,0,0,0.270797370140218,0,0.247961927830397,0,0.213175047259286,0,0,0,0,0,0,0,0,0,0,0,0.270501238609486,0,0,0,0,0,0,0,0,0,0,0,0.213378260533015,0,0,0,0,0,0.241705434740918,0,0,0,0,0,0,0,0,0.277420651563358,0,0,0,0.269888172985137,0,0,0,0,0,0,0,0,0,0,0,0.316015280046953,0,0.127186724543571,0,0.199916267513551,0,0
0,0,0,0,0.297770549853643,0,0,0,0.288776497508204,0,0,0,0,0,0,0,0.193438829306294,0.154637400060892,0,0,0,0,0.198607998781513,0,0.159718028336231,0,0.23292488604784,0,0,0,0,0,0,0,0,0,0,0,0.168225287942774,0,0,0,0.507442653179169,0,0,0,0,0.503808349370956,0.318610610233413,0,0,0,0,0,0.332469083719732,0,0,0,0,0,0,0,0,0,0,0.202606451084566,0,0,0,0.349519044570497,0,0.325645336738,0,0,0,0,0,0,0,0,0,0.269309859346906,0.182039786832056,0,0.387361461246336,0,0
0,0,0,0,0,0,0,0,0,0,0,0,0,0,0,0,0.144454667965571,0.134010170112576,0,0,0,0.237811987750172,0,0.244365651463124,0,0.183468339518762,0,0.15932534635067,0,0,0,0,0,0,0,0,0,0,0,0,0,0,0,0,0,0,0,0,0,0.328266378360636,0,0,0,0,0,0,0,0.296706920018925,0,0.272223610843306,0,0.3004655555955,0,0,0.237883453703641,0,0.269888172985137,0,0,0,0.263248437605327,0,0,0,0,0,0,0,0,0,0,0,0.147968892094701,0,0,0,0
0,0,0,0,0,0,0,0,0.168103512376547,0,0,0,0,0,0,0,0.148160483903629,0.15960705652833,0.228078708052635,0,0,0,0.253029723836696,0,0.267318958582466,0,0.231234525173607,0,0,0,0,0,0,0,0,0,0,0,0,0,0,0,0,0,0,0,0,0,0,0,0,0,0,0,0,0,0,0,0.255067662743248,0,0,0,0,0,0,0.209805646328473,0,0.349519044570497,0,0,0,0.287260761607123,0,0,0,0,0,0,0,0,0,0,0.183340443298221,0,0,0,0
0,0,0,0,0,0,0,0,0,0,0,0,0,0,0,0,0,0,0,0,0,0.1324218607555,0,0,0,0,0,0.144741106577791,0,0.151017599162601,0,0,0,0,0,0,0,0.224913667355265,0,0,0,0,0,0,0,0,0,0,0,0.277294446315084,0,0,0,0,0,0,0,0.274533693180528,0,0.289432787062491,0,0.352460831403732,0,0,0.146194159984589,0,0,0,0.263248437605327,0,0,0,0.241079414323086,0,0,0,0,0,0,0,0.247835800322619,0,0.171487160027027,0,0,0,0
0,0,0,0,0,0,0,0,0,0,0.142981025907728,0,0.128265216946602,0,0,0,0.141867101192474,0,0,0,0,0,0.217626703016966,0,0.294163228834377,0,0.262273786431652,0,0.135103034212234,0,0.133748408140881,0,0,0,0,0,0,0,0.219300865983734,0,0,0,0,0,0,0,0,0,0,0,0,0,0,0,0,0,0,0,0.260769382069783,0,0,0,0,0,0,0.241403746573045,0,0.325645336738,0,0.287260761607123,0,0,0,0,0,0,0,0,0,0,0,0.221108661636488,0.150819429127794,0.15099165742897,0,0,0
0,0,0,0,0,0,0,0,0,0,0,0,0,0,0,0,0,0,0,0,0,0,0,0,0,0,0,0.133176638351546,0,0.138071448533588,0,0,0,0,0,0,0,0.147449622128872,0,0,0,0,0,0,0,0,0,0,0,0.327421471050807,0,0,0,0,0,0,0,0.272353318233027,0,0,0,0,0,0,0,0,0,0,0,0,0.241079414323086,0,0,0,0,0,0,0,0,0,0.296277544617113,0,0,0,0.281557434797287,0,0
0,0,0,0,0,0,0,0,0,0,0.245187085381774,0,0,0,0,0,0.356873720884323,0,0.303999689909128,0,0.386534504415024,0,0,0,0,0,0,0,0,0,0.210068064545864,0,0,0,0,0,0,0,0.148830922499095,0,0.211160969883204,0,0.393181874503491,0,0.434903025627136,0,0.314968918186735,0,0.256706631183624,0,0,0,0,0,0,0,0.334910470878054,0,0,0,0,0,0,0.397370806501971,0,0,0,0,0,0,0,0,0,0,0,0,0,0,0,0.30436483384615,0,0.27828699662105,0.157992179863728,0,0.359986164156468,0,0.372298181802034
0,0,0,0,0,0,0,0,0,0,0,0,0,0,0,0,0,0,0,0,0,0,0,0,0,0,0,0,0,0,0,0.274252163808875,0.216296554412231,0.297460017606368,0,0.163393600533406,0,0,0,0.145041540265083,0,0,0,0,0,0,0,0.388547886261229,0,0,0,0,0,0,0,0,0,0,0,0,0,0,0,0,0,0,0,0,0,0,0,0,0,0,0,0,0.31457035672052,0,0.27475896854322,0.306617558002472,0,0,0.191783249378204,0,0,0,0
0,0,0,0,0,0,0,0,0,0,0,0,0,0,0,0,0,0,0,0,0,0,0,0,0,0,0,0,0,0,0,0.16584357366247,0.198821993649254,0.199421232566237,0.303936965737729,0,0.156683754175901,0,0,0,0,0,0,0,0,0,0,0.334459674887119,0.371711375651421,0,0,0,0,0,0,0,0,0,0,0,0,0,0,0,0,0,0,0,0,0,0,0,0,0,0,0,0.266963943839073,0.33879401154287,0,0.317958768148362,0,0,0.175886293252309,0,0,0,0
0,0,0,0,0,0,0,0,0,0,0,0,0,0,0,0,0,0,0,0,0,0,0,0,0,0,0,0,0,0,0,0.309637199244415,0.271368908804732,0.276473090768565,0.257829758724788,0.133275714729513,0,0.231663712046363,0,0,0,0,0.411497039660331,0,0,0,0,0.360259205527413,0.420052521430892,0.199809700250626,0,0,0,0,0,0,0,0,0,0,0,0,0,0,0,0,0,0,0,0,0,0,0,0,0.31457035672052,0.266963943839073,0,0.324089054746189,0,0.362044759679573,0.249127498464695,0.419199764728546,0.281440723654828,0,0.416936980353461,0,0
0,0,0,0,0,0,0,0,0,0,0,0,0,0,0,0,0,0,0,0,0,0,0,0,0,0,0,0,0,0,0,0,0.206040095313486,0.174622611000092,0.182492845611613,0,0.148686109569626,0,0.25976755582925,0,0,0,0,0,0,0,0,0.328513344721525,0.367498813640504,0,0,0,0,0,0,0,0,0,0,0,0,0,0,0,0,0,0,0,0,0,0,0,0,0,0,0.33879401154287,0.324089054746189,0,0,0.341287525296211,0,0.243362793135782,0.161350930521961,0,0,0,0
0.334657436609268,0,0,0.280897945165634,0,0.276389844636614,0,0,0,0,0,0.133884395162264,0,0,0,0,0.32832133069814,0.317627566613892,0.331474852399521,0.167568244332714,0,0,0,0,0,0,0,0,0,0,0,0.269801031757187,0.149752135078112,0,0,0.164395320283006,0,0.133328648155914,0,0.246062963424019,0.261033590023334,0.314391310492672,0.272306100039159,0.40595232972531,0.25213146292501,0.227298819566484,0.312485712624732,0.315325943291109,0.258831722040971,0.205923316212709,0,0,0,0,0,0,0,0,0,0,0,0,0.209555232747579,0.329979963600636,0,0,0,0,0,0,0,0,0,0,0.27475896854322,0,0,0,0,0.322151773609221,0.207235660302368,0,0.272709801909728,0.320459005491036,0.301949333724945,0.339518784788939,0.292042762041092
