0,0,0.0101433429068814,0,0,0,0,0,0.0631831638494141,0,0,0,0,0,0.0072409444623325,0,0,0,0.000116503784568606,0,0,0,0,0,0.00622768943805866,0,0.000529410396202398,0,0,0,0,0,0,0,0,0,0,0,0,0,0,0,0.000451917369490213,0,0,0,0,2.91682528133865e-05,0.0327655376585754,0,0,0,0,0,0.0126958131861367,0,0,0,0,0,0.0280155469882092,0,0,0,0,0,0,0,0,0.00373938692441594,0,0,0,0,0,0,0,0,0,0,0,0,0.000862989490271246,0,0.00496410338809601,0,0
0,0,0,0.013180994173555,0,0.000312597621188477,0,0,0,0.104448939598027,0,0,0,0,0,0.00144370946531011,0,0,0.000333784550617756,0,0,0,0,9.07823590918077e-05,0,0,0,0,0,0,0,0,0,0,0,0,0,4.21857922763337e-06,0,0,0,0.000692957257220698,0,0,0,0,0,9.05501554758729e-05,1.83687588707188e-05,0.0100842035770377,0,0.000504595832661041,0,0,0,0.0929757450302438,0,0,0,0,0,0.000237196056489176,0,0,0,0,0,0,0,0,0,0,0,0,0,0,9.69495079636354e-05,0,0,0,0,0,0.00103177251254567,0,0.00343271089448294,0.00494016717408092,0
0.0101433429068814,0,0,0,0.00141051364734044,0,0,0,0.00846293431899582,0,0,0,0,0,0,0,0,3.08537865127689e-06,0.000116599780153549,0,0.00018619979453558,0,0,0,0,0,0,0,0,0,0,0,0,0,0,0,3.84214381893041e-06,0,0,0,0.000171085504077173,0,0.00135086623838725,0,0,0,0.00223196726322656,6.02493844414072e-05,0.000618902149046079,0,0.00032139989705901,0,0,0,0.00164579643466072,0,0.00224819233313441,0,0,0,0,0,0,0.000261343781705686,0,0,0,0,0,0,0,0,0,0.000918887516785602,0,0,0,0,0,1.06517856795561e-06,0,2.91078774006117e-06,0.000395563939362161,0,0.011981255536716,0,0
0,0.013180994173555,0,0,0,0.00489217275418758,0,0,0,0.0572430021568777,0,0,0,0,0,0.0116133030865573,2.64604330587348e-06,3.16332080462468e-05,0,0,0,0,0,0,0,0,0,0,0,0,0,0,0,3.71301200530324e-05,0,1.06984660138577e-05,1.0031794584183e-06,0,0,0.00249199831815016,0,0.000603221341972435,3.52201641068441e-05,0.000527941486114448,0,0.00519237396097596,0,0.000942890219172272,9.07095990349341e-05,0.00170580422861389,0,0.00377169402329579,0,0,0,0.044415667192321,0,0.000364072988553813,0,0,0,0.0160814430650426,0.000268646628250002,0,0,0,0,0,0,0,0,0,5.12109551284662e-05,3.07561109553975e-05,0,0,0.000797849918485335,0,2.26211239701255e-06,4.69843674362345e-06,4.09899523243108e-05,0,0.000361015886168498,1.31327597932764e-05,0.0252234519394031,8.24038337482891e-05,0
0,0,0.00141051364734044,0,0,0,0.0012925252828225,0,0.0115801240743502,0,0.000193162851304771,0,0,0,0,0,4.8141989376034e-05,0,3.21428370119571e-05,0,0.0142531145463361,0,0,0,0,0,0,0,0,0,0,0,6.97868937655186e-05,0,6.30726274508211e-05,0,0.000773903329934942,0,7.51560911287934e-05,0,0.00290304728881341,6.01007091981872e-06,0.00167924678406452,0,0,0,0.00511816959737159,0.000816732295010069,0.00540101628469741,0,0.0898565989152726,0,0.000280969459007085,0,0.0218618508401684,0,0.00382166298782814,0,0,0,0,0,0,0.0106896893009398,0,0,0,0,0,0,0,0,0,0.00162147782549022,0,0,0,0,0,0.000591782038772961,1.65026344039481e-06,0.000727177100492796,0.000979481059362229,0,0.00758730733049944,0,6.79138253611552e-05
0,0.000312597621188477,0,0.00489217275418758,0,0,0,0.0352070531581484,0,0.026053682868707,0,0,0,0.0013355248288456,0,0.00391892769340354,6.66359842070282e-06,0,6.10879135210817e-05,0,0,0,0,0,0,0,0,0,0,0,0,0,0,7.45009257242003e-05,0,0.000205061133848641,0,0,0,0.00345350813289743,0,0.000728851312847892,3.47474637742997e-05,0.000156264862171858,0,0.0184998796361162,1.456340626362e-05,0.00154744255923701,0.00104141753032815,0.00340919431976648,0,0.274818969047734,0,0.0314710526915544,0,0.00184107677053236,0,0.00192176274897364,0,0.00881836624404423,0,0.00271107027630742,0.00309375852370659,0,0,0,0,0,0,0,0,0,0,0,0,0,0.000711210563250692,0,0.000361129818041579,2.67077024716225e-06,2.89917318595333e-05,0,0.00432402528635959,0,0.00289071633693479,5.47944150986085e-05,0.000119278321511828
0,0,0,0,0.0012925252828225,0,0,0,0,0,0.000812804538055,0,0,0,0,0,0,0,0,0,0,0,0,0,0,0,0,0,0,0,0,0,0,0,0,0,0,0,0,0,0,0,0,0,0,0,0,0,0,0,0.0100329489616254,0,0.0163475932797352,0,0,0,4.26588510698362e-05,0,0,0,0,0,0,0,0,0,0,0,0,0,0,0,0,0,0,0,0,0,0,0,0,0,0.000527731331681724,0,0,0,0
0,0,0,0,0,0.0352070531581484,0,0,0,0,0,0.00559140380056447,0,0.00832439650922499,0,0,0,0,0,0,0,0,0,0,0,0,0,0,0,0,0,0,0,0,0,0,0,0,0,0,0,0,0,0,0,0,0,0,0,0,0,0.00946605363099162,0,0.0503896467626598,0,0,0,2.48097312306982e-05,0,0.00434565873810149,0,0,0,0,0,0,0,0,0,0,0,0,0,0,0,0,0,0,0,0,0,0,0.0013318986400791,0,0,0,0
0.0631831638494141,0,0.00846293431899582,0,0.0115801240743502,0,0,0,0,0.000395093187215596,1.33561172361144e-05,0,0,0,0.0284242259155725,0,0.00897210612688265,0.00115517362731982,0.00494348300036216,0,0,0,0,0.000336623709222062,0.0199326049382827,7.68380855589532e-05,0.00445090766812817,0,0,0,0,0,0,0,0,0,0,0,0.00287391207065368,0.000251108754640582,5.84019888277723e-05,0.000491241083958802,0.000533483124425285,4.90485896439616e-05,0,0.000108182867515944,0.000538828301916672,1.59490993199901e-05,0.00185078493905761,0,0.00100457497614864,0,0,0,0.216076593440498,0.000654103483310253,0.00026381895964817,0,0,0,0.0104163693671694,0,1.16001075672874e-05,0.000132423755004725,0,0,0,0.00545609001861872,0,0.000250907961245396,0,0,0,0.000187119978573646,0,0,0.000108801683117069,0,2.19369596093633e-05,8.4250726514936e-05,6.48718317241718e-05,0.000378140350133099,0.00387766981747375,0,0.00375850061606087,4.94929098148172e-05,0.000676102274546207
0,0.104448939598027,0,0.0572430021568777,0,0.026053682868707,0,0,0.000395093187215596,0,0,0,0,0,0,0.0128563269691747,0.000625404646064625,0.00223009429589052,0.00124257662723347,0,0,0,0,0.00818444143114172,7.76491513190936e-05,0.000508726352739227,0,0,0,0,0,0,0,0,0,0,0,0.000209161183104267,3.91283733109255e-06,0.000216090043653697,4.77946221189539e-05,0.00188702266895969,1.88204111123747e-05,0,0,0,0,0,0,0,0,0.00254239477768314,0,0,0,0.0988873614987994,0,0,0,0.000400422590034123,0,0.0052281290475407,0,0,0,0,0.000130208340124227,0,0.00110374420955043,0,0,0,0,0,0,0,0,0,0,1.40579273968225e-06,0.000245964491712538,2.42471615643212e-05,0.00373154502684747,1.82066835570656e-05,0.00237052339240025,0.000164075009035175,0
0,0,0,0,0.000193162851304771,0,0.000812804538055,0,1.33561172361144e-05,0,0,0,0.00104017417715375,0,0,0,4.82330284911341e-05,4.36568271085469e-06,0.000449794308301753,0,0.0136143669944829,0,0,0,0,0,0,0,0,0,0.00546432405877008,0,0,0,0,0,0.00203104424063438,0,0.00296442086540625,1.06415109332918e-05,0.000147300025703105,7.93395318640438e-06,0.000455932177811888,0,5.6629720088153e-05,5.40450400769482e-05,0.000597957498234993,9.26101957557303e-06,3.94703024889507e-05,0,1.2741489577646e-05,0,0.00434430360587212,0,0,0,0.0214080395170884,0,0,0,0,0,0,0.00697582594386611,0,0,0,0,0,8.11840685235182e-05,0,0,0,6.21384201923841e-05,0,0,0,0,0,0.00219316543932115,5.88319695392348e-06,0.000210166254169144,0.000770744750014973,0,0.000421826254297239,0,0.000239246767571603
0,0,0,0,0,0,0,0.00559140380056447,0,0,0,0,0,0.00447275128729769,0,0,0,0,3.88614826501272e-06,0.00765384385357453,0,0,0,0,0,0,0,0,0,0.00125631410830506,0,0,0,0,0,1.6310419596266e-05,0,0.0062028234172569,0,4.86039733737818e-05,0,6.91839635809217e-05,0,0,0,0.00322041960150469,0,1.38634148296924e-05,0,0,0,0,0,0,0,0,0,0.0361042259298628,0,0.00154647843933604,0,0,0.00718552378240863,0,0,0,0,0,0,0,0,0,0.00152533645591806,0,0,0,0,0,4.20983260301352e-05,0,0.00217189688601943,0,0.00220442975681852,0,0.00030570805297427,0,0
0,0,0,0,0,0,0,0,0,0,0.00104017417715375,0,0,0,5.97675061726477e-05,0,0,0,0,0,0,0,0,0,0,0,0,0,0,0,0,0,0,0,0,0,0,0,0,0,0,0,0,0,0,0,0,0,0,0,0,0,0,0,0,0,0.000126768513101814,0,0.00115243903092862,0,0,0,0,0,0,0,0,0,0,0,0,0,0,0,0,0,0,0,0,0,0,0,3.51191420122632e-06,0,0,0,0
0,0,0,0,0,0.0013355248288456,0,0.00832439650922499,0,0,0,0.00447275128729769,0,0,0,0.0014988714406885,1.0889037855807e-05,0.000309101160288579,0,0,0,3.99435074968884e-06,0,9.80908384866906e-05,0,0,0,0.00106917537041403,0,0,0,0,0,0,0,0,0,0,0,0,0,0,0,0,0,0,0,0,0,0,0,0.00214855264881035,0,0.000340043366917997,0,0,0,0.0018034075887673,0,0.04869936541562,0,0.0129829077405768,0,0,0,0,0,0,3.10618533324132e-05,0,0.00268922510863765,0,0,0,0,0,0,0,0,0,0,0,0.000415874951201943,0.000217391675594324,0,0,0
0.0072409444623325,0,0,0,0,0,0,0,0.0284242259155725,0,0,0,5.97675061726477e-05,0,0,0,0.00159146997870935,0.000100744261859535,0.000134474039910004,0,0,0,0,0,0.00170385393979334,0,0.00142410937903772,0,0,0,0,0,0,0,0,0,0,0,0,0,0,4.52900690704283e-05,0,0,0,0,0,0,0,1.84270020191571e-05,0.000436459893411064,0,0,0,0.03260841575888,0,0,0,0.00357850581799615,0,0.040060101481378,0,0,0,0,0,0,0.000325326387146715,0,0,0,0,0,0,0,0,0,0,6.8119872376365e-07,1.53494383924686e-06,0,0,0.000312792798749315,9.13533248141779e-06,0,0,0
0,0.00144370946531011,0,0.0116133030865573,0,0.00391892769340354,0,0,0,0.0128563269691747,0,0,0,0.0014988714406885,0,0,0.000434309942141096,0.00406580231423318,0.000145860942057351,0,0,0,0,0.000303631733366029,0,0.00764784809610846,0,7.01483375312368e-05,0,0,0,0,0,0,0,0,0,0,0,0,0,0,0,0,0,0,0,0,0,0.000405943021486625,0,0.00122839657047025,0,0,0,0,0,0.000396299463828253,0,0.00581242987261869,0,0.0450782877870975,0,0,0,0,0,0,0.00296669938067038,0,0,0,0,0,0,0,0,0,0,2.71776858577575e-05,0,0,0.00107168711126769,3.53817131059092e-05,0,0,0
0,0,0,2.64604330587348e-06,4.8141989376034e-05,6.66359842070282e-06,0,0,0.00897210612688265,0.000625404646064625,4.82330284911341e-05,0,0,1.0889037855807e-05,0.00159146997870935,0.000434309942141096,0,0.0964494447860307,0.0493791397349147,0,0,0.00112927502211237,0.00731679057951751,0.00169559042478639,0.00927390767438457,0.00291162300123117,0.0155617466156569,7.10006125169332e-05,0.000114434187213798,0,0,0,0,3.38085669917074e-05,0,4.07935129717945e-06,2.11062517580828e-05,0,8.58299272565051e-06,0.000299610188917985,0.000261053662301104,0.00058167818068123,0.000493238423231774,0.000104829280966167,7.84711894720792e-05,3.95651837351967e-05,0.000134058527686496,3.62107017429388e-05,2.26835056017595e-06,7.04903652436106e-05,0,0,0,0,0,0.000179871954429828,0.00017285728983367,2.65551504823255e-06,0,0,4.80704772328445e-05,0.000819778078087879,0,3.22888674398844e-06,4.60310259600121e-05,0.000403705312335217,3.31380439670133e-05,0,0.00319746269119181,0.000625098736028789,0,0,6.83139437032232e-06,5.49108686394578e-05,0,0,2.19403935791222e-05,0,0.000139215347454364,0.000424103490485334,0.000112925579856985,0.00029439935569993,0.0471960083087241,0.00350993886952594,0.000577120222369169,4.76708685984329e-05,0.000149323445591714
0,0,3.08537865127689e-06,3.16332080462468e-05,0,0,0,0,0.00115517362731982,0.00223009429589052,4.36568271085469e-06,0,0,0.000309101160288579,0.000100744261859535,0.00406580231423318,0.0964494447860307,0,0.0476832304476295,3.25057345859463e-06,0,0.00877833578213056,0.00010560067252222,0.00626930098499112,0.0019202824723411,0.0572422673451092,0.00057338193805113,0.0142823646315769,0,0,0,0,0,4.56324011705034e-05,0,1.40473616080056e-05,1.68503883683e-05,0,3.11076019620754e-06,0.000513221539834151,0.000271321172738713,0.00161557554942125,0.000569042140843028,0.000148893624898741,6.62419894657952e-05,8.80000521055812e-05,0.000177509396467482,5.51117834731217e-05,2.03828166840729e-06,0.000308912947254032,0,0,0,0,0,9.28832006971452e-05,7.95758806188415e-05,2.33542403846388e-05,0,0,0,0.00493439603004876,3.68610487216534e-05,1.0538262346069e-05,0.000124973113170005,0,0.000955153469457513,0,0.036839685583873,0.000102396353961102,0.000523412163472162,2.94197274190955e-06,1.48746627712066e-05,7.5097568280921e-05,0,0,3.85120121213429e-05,0,0.000500766051491223,0.000194716761652565,0.000355858982426888,0.000116124576504646,0.0395062607415694,0.00366161274490555,0.000564759982371586,0.000102896147970938,0.000141828695628052
0.000116503784568606,0.000333784550617756,0.000116599780153549,0,3.21428370119571e-05,6.10879135210817e-05,0,0,0.00494348300036216,0.00124257662723347,0.000449794308301753,3.88614826501272e-06,0,0,0.000134474039910004,0.000145860942057351,0.0493791397349147,0.0476832304476295,0,1.61785436337775e-05,0.000164238449752804,0.000172970448845941,6.8679263955267e-05,0.00272710227096366,0.00205733220334584,0.00271701992332694,0.000878178941013268,3.22277506494978e-05,0,0,0,3.63457150094962e-05,0,0.000696648770769517,0,0.00030777810131765,0.000267223422146362,3.72357730203471e-05,0.000317490588450618,0.0177253887420309,0.00892887961932881,0.0346969089091507,0.0165177751549336,0.0181549223640469,0.00425840212030155,0.00446037164024822,0.013504208296891,0.00123059713370562,0.000239572306996036,0.00589278120598689,2.09232865335017e-05,0,0,0,0,0.000218978899416432,0.00456676157091716,0.00119137404065068,0,0,2.28873983021281e-05,0.00070113716334277,0.0013445440882972,0.00105208422070854,1.97722881995683e-05,2.66638137491203e-05,6.84648305499535e-05,0,0.00332467138157602,0.000988781824081648,0,0,0.00190295395092343,0.00434819447932852,0,0,0.00161243276613018,0,0.00775365110117792,0.00949111795467988,0.00725020690294816,0.00681720886940724,0.0170578012331361,0.000105582947209382,0.0238679061182501,0.00841619806542936,0.00384695964987471
0,0,0,0,0,0,0,0,0,0,0,0.00765384385357453,0,0,0,0,0,3.25057345859463e-06,1.61785436337775e-05,0,0,0,0,0,0,0,0,0,0,0,0,0,0,6.06126431749517e-05,1.42536363380644e-05,0.00590086006481875,0,0.000150988840708658,0,0.0010226371666795,0,0.00144301149304961,0,9.58916965053502e-05,0,0.0167409291559109,5.57782385208623e-06,0.000309389004167149,0.000243029027606715,0.000944151171000736,0,0,0,0,0,0,0,0.00160376374187369,0,0,0,0,0.0613119744778146,0,0,0,0,0,0,0,0,0,0.000516411708670752,0,0,0,5.33868169236565e-05,0,0.00122821321498463,0,8.91115003223179e-05,0,0.000857299043756046,0,0.00102147101714858,0,0
0,0,0.00018619979453558,0,0.0142531145463361,0,0,0,0,0,0.0136143669944829,0,0,0,0,0,0,0,0.000164238449752804,0,0,0,0,0,0,0,0,0,0,0,0,0,0,0,0,0,0.00633404959981006,0,0.00241007153186159,0,0.000101020840324173,2.86428875142073e-05,0.000613822886202951,0,0,0,0.00173584442353532,1.15987024712158e-05,6.70891811277328e-05,0,0.00229071687383833,0,0,0,0,0,0.0208323441706356,0,0,0,0,0,0,0.077445702835647,0,0,0,0,0,0,0,0,0,0.000525782687125733,0,0,0,1.12173560947379e-05,0,0.0140781256071536,0,0.011373880690431,0.0028236173100967,0,0.00405138531223057,0,0.000200440073343373
0,0,0,0,0,0,0,0,0,0,0,0,0,3.99435074968884e-06,0,0,0.00112927502211237,0.00877833578213056,0.000172970448845941,0,0,0,0.000804888432477894,0.00352946388509868,0,0.00233649853122165,0,0.00310665794606262,0,0,0,0,0,0,0,0,0,0.00716329437327081,0,3.23227584301438e-06,0,6.20023305792356e-05,1.54520619797807e-05,0,0,2.55656741753024e-05,0,0,0,0.00928701269797719,0,0,0,0,0,0,0,0.000177221267771722,0,0,0,2.98658573874354e-05,8.74020102212698e-06,0,0.0456595586385472,0,0.00135213385237322,0,0.00140939642961839,0,0.00694833135035438,0,0.00152148481392815,0,0,0,0,0,1.10877262114793e-06,0,0.00673790341009068,0,0.00513092897409668,0.0024579756761198,9.8772536751211e-05,0,0
0,0,0,0,0,0,0,0,0,0,0,0,0,0,0,0,0.00731679057951751,0.00010560067252222,6.8679263955267e-05,0,0,0.000804888432477894,0,0,6.31000238277783e-05,0,0.000394284249285924,0,7.79679122809237e-05,0,0,0,0,0,0,0,0,0,0.00316566495999036,0,0,0,0,0,0,0,0,0,0.004779444365487,0,0,0,0,0,0,0,4.97220815560636e-06,0,0,0,0,0,0,0,4.28660369194349e-05,0.0302215279911539,0,0,0,0.000126319912361139,0,1.17644141738602e-05,0,5.4848529149065e-06,0,0,0,0,0,0,0,0.00247023003798742,0.00147371187222462,4.75255789176528e-06,0,0,0
0,9.07823590918077e-05,0,0,0,0,0,0,0.000336623709222062,0.00818444143114172,0,0,0,9.80908384866906e-05,0,0.000303631733366029,0.00169559042478639,0.00626930098499112,0.00272710227096366,0,0,0.00352946388509868,0,0,0.00246123187623476,0.0272873394534404,0.000645619645497378,1.72320260311606e-05,0,0,0,0,0,0,0,0,0,0.00351920516848693,0,0,4.49624272374919e-05,0.000147497234660125,0,0,0,0,0,0,0,0.0121814368797401,0,0,0,0,0,0.00418933299874416,0,0,0,0,0,0.00161473528228321,0,0,0.00231713784868803,0,0.210996675016217,0,0.00328314678842141,0,0.000272009981604746,0,0,0,0,0,0,0,6.50320816001856e-06,0,0.000726997451519308,0,0.00452077368878344,1.47449171642667e-05,6.78694307433713e-05,0,2.95509154405445e-05
0.00622768943805866,0,0,0,0,0,0,0,0.0199326049382827,7.76491513190936e-05,0,0,0,0,0.00170385393979334,0,0.00927390767438457,0.0019202824723411,0.00205733220334584,0,0,0,6.31000238277783e-05,0.00246123187623476,0,0,0.0446686745584728,0,0,0,0,0,0,0,0,2.33607446131989e-06,2.63617394452809e-06,0,0.00206130911829777,0.000265670893531581,1.1045927240807e-05,0.000262552054998862,0.00040909366182417,0,3.22960879523145e-05,0.000102578069209467,2.90047303226645e-05,8.37707410209138e-06,0.00433963489656868,9.6001412008118e-06,0,0,0,0,0.0142224437454309,0,9.72361457109215e-06,0,0,0,0,3.49259734333139e-05,0,1.2548061160023e-05,0,0,0,0.0193366023787796,0,0.0151863367532377,0,0,0,0,0,0,0,0,1.39974484082749e-05,8.28180424954892e-05,1.90613082581829e-05,0.000453002137864912,0.00501457854078491,6.15458605107558e-06,0.000966179582840147,0,0.00082315452411462
0,0,0,0,0,0,0,0,7.68380855589532e-05,0.000508726352739227,0,0,0,0,0,0.00764784809610846,0.00291162300123117,0.0572422673451092,0.00271701992332694,0,0,0.00233649853122165,0,0.0272873394534404,0,0,0,0.00854409585228286,0,0,0,0,0,0,0,0,0,0,0,0.000257661872528968,0,7.81711006663313e-06,0,0,0,0,0,0,0,0,0,0,0,0,0,0.000627632893504884,0,0,0,0,0,0.000724751306231239,0,0,7.61841680982801e-05,0,0.0028515569423776,0,0.0365041545071915,0,0.00168282124561034,0,0,0,0,0,0,0,9.13839486124099e-07,0,3.39196564347346e-06,0,0.00299361743966807,0.000420002691684589,0,0,1.73396442946974e-05
0.000529410396202398,0,0,0,0,0,0,0,0.00445090766812817,0,0,0,0,0,0.00142410937903772,0,0.0155617466156569,0.00057338193805113,0.000878178941013268,0,0,0,0.000394284249285924,0.000645619645497378,0.0446686745584728,0,0,0,0.00193672274303724,0,0,0,0,0,0,0,0,0,0,5.17541051755274e-05,0,1.14979687309701e-05,0.000147628783803294,0,0,0,0,0,0,0,0,0,0,0,0.00513721937844697,0,0,0,0,0,0,0.000117482569151108,0,0,0,1.2349076417149e-05,0,0.012973767169982,0,0.0155442012899252,0,0.00997489864463329,0,0,0,0,0,0,4.04560493660064e-06,1.09280234980153e-05,0,3.62695590554792e-05,0.00210879742257274,8.69371744077514e-05,0.000138619499758101,3.74742579081493e-05,0
0,0,0,0,0,0,0,0,0,0,0,0,0,0.00106917537041403,0,7.01483375312368e-05,7.10006125169332e-05,0.0142823646315769,3.22277506494978e-05,0,0,0.00310665794606262,0,1.72320260311606e-05,0,0.00854409585228286,0,0,0,0.00122160456004605,0,0,0,0,0,0,0,0,0,0,0,0,0,0,0,0,0,0,0,0,0,0,0,0,0,0,0,0,0,7.60579870179388e-05,0,0,0,0,0.000342153748840223,0,0,0,0.00180460124306561,0,0.0237231110623906,0,0,0,0,0,0,0,0,0,0.000426949929510071,0,0.00106469739712714,0.00023291664299465,0,0,0
0,0,0,0,0,0,0,0,0,0,0,0,0,0,0,0,0.000114434187213798,0,0,0,0,0,7.79679122809237e-05,0,0,0,0.00193672274303724,0,0,0,0.000681353510535074,0,0,0,0,0,0,0,0.000538521783100701,0,0,0,0,0,0,0,0,0,0,0,0,0,0,0,0,0,0,0,0,0,0,0,0,0,0,0.00107329806873632,0,0,0,0,0,0.011543691598985,0,0,0,0,0,0,0,0,0,0.00265969565260764,4.21623950120133e-05,6.37640634362007e-05,0,0,0
0,0,0,0,0,0,0,0,0,0,0,0.00125631410830506,0,0,0,0,0,0,0,0,0,0,0,0,0,0,0,0.00122160456004605,0,0,0,0,0,0,0,0,0,0.00663654767658853,0,0,0,0,0,0,0,0,0,0,0,0,0,0,0,0,0,0,0,0.000370730725590952,0,0,0,0,0,0,0,0,0,0,0,0,0,0,0.030355408722849,0,0,0,0,0,0,0,0.00158873056872516,0,0.000743775603688558,0,0,0,0
0,0,0,0,0,0,0,0,0,0,0.00546432405877008,0,0,0,0,0,0,0,0,0,0,0,0,0,0,0,0,0,0.000681353510535074,0,0,0,0,0,0,0,0,0,0.000694112490684705,0,0,0,0,0,0,0,0,0,0,0,0,0,0,0,0,0,0.000695799016185927,0,0,0,0,0,0,0,0,0,0,0,0,0,0,0,0,0.0114055591739589,0,0,0,0,0,0,0,0,0,0.000303665812937251,0,0,0
0,0,0,0,0,0,0,0,0,0,0,0,0,0,0,0,0,0,3.63457150094962e-05,0,0,0,0,0,0,0,0,0,0,0,0,0,0.158003827133318,0.0100057866824915,0.000229341858495966,0.000171625935843078,0.00013357644104562,0,0,0,0,3.87422003231394e-05,0,0,0,7.20170340779128e-05,0,0.0309508344135185,0.00012821504976575,0.00032023475035806,0,0,0,0,0,0,0,0,0,0,0,0,0,0,0,0,0,0,0,0,0,0,0,0,0.139085402141044,0.0535394445652146,0.00448684620462322,0,0.000282935823690937,0.0026284099408289,9.2397540873915e-06,0,0.00134325409052239,0,9.36547916330036e-05,1.69161134387294e-05,0
0,0,0,0,6.97868937655186e-05,0,0,0,0,0,0,0,0,0,0,0,0,0,0,0,0,0,0,0,0,0,0,0,0,0,0,0.158003827133318,0,0.0118683073191215,0.00304093605969839,0.000207061767098828,0.00235684353682768,0,0,0,0.000259175373572275,7.55292742606311e-06,6.98039492063912e-06,0,0,3.40947213279783e-05,0.000112125226404427,0.0182908820895622,0.000811715179344716,0.000139575268206626,0,0,0,0,0,0,1.78541795552703e-05,0,0,0,0,0,0,0.000130735037827199,0,0,0,0,0,0,0,0,0,0,0.230148660276615,0.284566310430529,0.0302004183105769,0.0143170160385186,0.000178170222988851,0.0158208676810759,0,0,0.00134753663170069,0,9.92507883702809e-06,0,0
0,0,0,3.71301200530324e-05,0,7.45009257242003e-05,0,0,0,0,0,0,0,0,0,0,3.38085669917074e-05,4.56324011705034e-05,0.000696648770769517,6.06126431749517e-05,0,0,0,0,0,0,0,0,0,0,0,0.0100057866824915,0.0118683073191215,0,0.128898660146912,0.00513372001774906,0.000885372151837242,0.000359481997018967,1.06527986807245e-05,0.00183798999562536,0,0.00293721995444324,0.000886307731985963,0.000230588416925432,0,0.000214945120446752,8.25629494004831e-05,0.146862263224792,0.0121765710114051,0.0131102752504172,0,0,0,0,0,0,7.36237257648606e-06,2.28035515384748e-05,0,0,0,0,0.000156065422288408,0,0,0,0,0,0,0,0,0,5.04309173788055e-05,0,0.00922452133278595,2.66635856669835e-05,0.196770270034086,0.0486233516167502,0.00319868981527777,2.808686303016e-05,0.00293172334092031,1.98233530651955e-05,0.00280197018418153,0,0.00161696574963451,0.000453277274456281,1.53978582973315e-05
0,0,0,0,6.30726274508211e-05,0,0,0,0,0,0,0,0,0,0,0,0,0,0,1.42536363380644e-05,0,0,0,0,0,0,0,0,0,0,0,0.000229341858495966,0.00304093605969839,0.128898660146912,0,0.000131980039033612,0.000479746500946225,0.000823287570800059,0.00163460815128756,4.6356991007827e-05,0.000110317225464923,2.72453923689703e-05,2.32586827049563e-05,0,0,0.000214923183809474,0.000118482313280813,0.0580773697199775,0.0261917217525063,0.000536387607132994,3.59087511940461e-05,0,0,0,1.90938685458203e-05,0,2.37309108820616e-05,0,0,0,0,0,5.18344431334574e-05,0.00011443761804298,0,0,0,0,0,0,0,0,0,0,0.000460492702001131,0.0045564890409155,0.301565819379675,0.282766861728513,5.49410795440759e-05,0.000888816193909539,1.39263278455058e-05,0.00214175250212114,0.000478817212636383,0,0.000280248437647664,2.68640175992387e-05,0
0,0,0,1.06984660138577e-05,0,0.000205061133848641,0,0,0,0,0,1.6310419596266e-05,0,0,0,0,4.07935129717945e-06,1.40473616080056e-05,0.00030777810131765,0.00590086006481875,0,0,0,0,2.33607446131989e-06,0,0,0,0,0,0,0.000171625935843078,0.000207061767098828,0.00513372001774906,0.000131980039033612,0,0.00286339659440196,0.00862114529859462,0,0.000138701534069231,0,0.000787884581825633,3.83432304455894e-05,5.69564209153819e-05,0,0.00252086882339661,0,0.000282216230320419,0.000581871444572568,0.0001803275406315,0,0,0,0,0,0,9.16323474654118e-06,3.78156432032781e-05,0,0,0,0,0.00274639779242437,0,0,0,0,0,0,0,0,0,4.13719231484114e-05,0,0.000959171952042512,0,0.0024631433106556,0,0.069764175631909,0.000677511383481488,0.00238872990613432,2.51123863819471e-06,0.00934659008266958,0.00467340355676969,0.000571043265471901,5.81181329347364e-05,4.91141751438675e-06
0,0,3.84214381893041e-06,1.0031794584183e-06,0.000773903329934942,0,0,0,0,0,0.00203104424063438,0,0,0,0,0,2.11062517580828e-05,1.68503883683e-05,0.000267223422146362,0,0.00633404959981006,0,0,0,2.63617394452809e-06,0,0,0,0,0,0,0.00013357644104562,0.00235684353682768,0.000885372151837242,0.000479746500946225,0.00286339659440196,0,0,0.00763229411852552,2.20135532034345e-05,0.000238187065254855,6.40499321805685e-05,0.00060469677346617,0,0,0,0.0022615766719137,7.66230777401732e-05,0.000976777938678001,1.21450425369304e-05,2.53930384921545e-05,0,0,0,0,0,0.000164925481417181,0,0,0,0,0,0,0.0025740739695483,0,0,0,0,0,2.94056420342595e-06,0,0,0,5.05230005304034e-05,0,3.46250444978594e-05,0.000122771359966107,0,0.000188822868336593,0.0550757120583877,1.26614673495556e-06,0.00873142038429139,0.00750699321991113,0.00435851592341341,0.000404691709791897,3.98418485042485e-06,4.32043657256847e-05
0,4.21857922763337e-06,0,0,0,0,0,0,0,0.000209161183104267,0,0.0062028234172569,0,0,0,0,0,0,3.72357730203471e-05,0.000150988840708658,0,0.00716329437327081,0,0.00351920516848693,0,0,0,0,0,0.00663654767658853,0,0,0,0.000359481997018967,0.000823287570800059,0.00862114529859462,0,0,0,0,0,0.00325690633371299,2.56221685293568e-06,0,0,0.000145619267574943,0,0.00209244318182793,4.27784434019939e-05,0.00321217195654181,0,0,0,0,0,0,0,0.000500251495563866,0,0,0,0,6.58344010584092e-05,0,0.00318323055707712,0,0.000524588761109365,0,0,0,0.000297278342180257,0,0.000146020840909543,0,0,0,0.00125001742253303,0,0.00232769429578964,0,0.0573208435912945,0,0.00436784802958784,0.0013811973902239,0.00218896332237017,9.82651314866772e-06,4.54869830162914e-06
0,0,0,0,7.51560911287934e-05,0,0,0,0.00287391207065368,3.91283733109255e-06,0.00296442086540625,0,0,0,0,0,8.58299272565051e-06,3.11076019620754e-06,0.000317490588450618,0,0.00241007153186159,0,0.00316566495999036,0,0.00206130911829777,0,0,0,0.000538521783100701,0,0.000694112490684705,0,0,1.06527986807245e-05,0.00163460815128756,0,0.00763229411852552,0,0,6.60891808052166e-06,0.000137371021032233,1.24002545003608e-05,0.00030660062927713,0,4.48787061559919e-05,0,0.000459975926083794,0.00369056599297512,0.00288711417684801,5.30864883664165e-06,0,0,0,0,0.00157522501885875,0,5.40460303766219e-05,0,0,0,0,0,0,0.0014660750213527,0,0.00134506674320125,0,0.000482570886883749,0,0,0,1.97117169591365e-05,0,3.1267162132852e-05,0,0,1.59229603682989e-05,0.000161761387232044,2.2342831261669e-06,0.00217044416635571,6.37202563031193e-06,0.0449028649146509,0.00356053919374329,0.00328336605178226,0.000823157839291847,0,9.31336102314156e-05
0,0,0,0.00249199831815016,0,0.00345350813289743,0,0,0.000251108754640582,0.000216090043653697,1.06415109332918e-05,4.86039733737818e-05,0,0,0,0,0.000299610188917985,0.000513221539834151,0.0177253887420309,0.0010226371666795,0,3.23227584301438e-06,0,0,0.000265670893531581,0.000257661872528968,5.17541051755274e-05,0,0,0,0,0,0,0.00183798999562536,4.6356991007827e-05,0.000138701534069231,2.20135532034345e-05,0,6.60891808052166e-06,0,0.000303842438525655,0.0516361833667631,0.00189763491972832,0.00233740168989107,0.000135259950336049,0.06419440809702,0.000418806979405284,0.0149298828236198,0.00125641974068992,0.0441851556937198,0,0,0,0,0,0,0.000250542048878557,0.00158568125116616,0,0,0,0,0.0110179094475,0,5.98769192649114e-06,0,0,0,1.54780776432488e-05,0,6.94893493849257e-06,0,0.00171871547665893,0,1.15711239879924e-05,0,0.00412287404320686,0,0.00411810649287417,0.000109861664958044,0.00104467477900344,0.000190916687955893,0.00235321369030783,1.25967667357965e-05,0.0170121604170276,0.00339223782482955,0.000434912452057488
0,0,0.000171085504077173,0,0.00290304728881341,0,0,0,5.84019888277723e-05,4.77946221189539e-05,0.000147300025703105,0,0,0,0,0,0.000261053662301104,0.000271321172738713,0.00892887961932881,0,0.000101020840324173,0,0,4.49624272374919e-05,1.1045927240807e-05,0,0,0,0,0,0,0,0.000259175373572275,0,0.000110317225464923,0,0.000238187065254855,0,0.000137371021032233,0.000303842438525655,0,0.000825296049038129,0.0299421821300618,4.29843933727187e-05,0.000172570464648778,0.000113585313457992,0.0698794261402497,0.00298915031369422,0.0222148156368469,9.27669299811019e-05,0.000361021774322371,0,0,0,1.98651977267422e-05,0,0.00238444293941989,0,0,0,0,0,1.51608796785721e-05,0.00486043103337456,0,6.58639833552322e-06,0,0,0,1.42010945317423e-05,0,0,0,0.00202981899936586,0,0,0.000126605376607901,1.76997330761613e-05,7.56063681414613e-05,0.0069490474444781,8.7925950988871e-05,0.00133153928955761,0.000467571644365253,0,0.0238449322530746,9.57997576739626e-05,0.00319747866953449
0,0.000692957257220698,0,0.000603221341972435,6.01007091981872e-06,0.000728851312847892,0,0,0.000491241083958802,0.00188702266895969,7.93395318640438e-06,6.91839635809217e-05,0,0,4.52900690704283e-05,0,0.00058167818068123,0.00161557554942125,0.0346969089091507,0.00144301149304961,2.86428875142073e-05,6.20023305792356e-05,0,0.000147497234660125,0.000262552054998862,7.81711006663313e-06,1.14979687309701e-05,0,0,0,0,3.87422003231394e-05,7.55292742606311e-06,0.00293721995444324,2.72453923689703e-05,0.000787884581825633,6.40499321805685e-05,0.00325690633371299,1.24002545003608e-05,0.0516361833667631,0.000825296049038129,0,0.00598991103511498,0.00442032801930571,4.75134269500005e-05,0.0155878068879006,0.000597670979183129,0.0155211976845388,0.000408159656106631,0.0476733551519293,0,0,0,0,0,0,0.000877626199926874,0.0131534420311282,0,0,0,0.000114583201544005,0.0261058363036988,0,4.07279440110683e-05,0,0,0,1.30421629054785e-05,1.01463303245192e-05,0.00010783371634272,0,0.0237225879359807,0.000466340645362506,2.18199105380773e-05,0,0.00419749695516821,0,0.0131628141425415,0.00050604102002284,0.0133930971501942,0.000323666231670379,0.00541145347027779,1.45715217238959e-05,0.0358225035427457,0.0482661202428343,0.000597740631125949
0.000451917369490213,0,0.00135086623838725,3.52201641068441e-05,0.00167924678406452,3.47474637742997e-05,0,0,0.000533483124425285,1.88204111123747e-05,0.000455932177811888,0,0,0,0,0,0.000493238423231774,0.000569042140843028,0.0165177751549336,0,0.000613822886202951,1.54520619797807e-05,0,0,0.00040909366182417,0,0.000147628783803294,0,0,0,0,0,6.98039492063912e-06,0.000886307731985963,2.32586827049563e-05,3.83432304455894e-05,0.00060469677346617,2.56221685293568e-06,0.00030660062927713,0.00189763491972832,0.0299421821300618,0.00598991103511498,0,0.000284852234142229,0.000686069039667695,0.000222585160543283,0.0134266115163659,0.00570339454285436,0.0192173603270688,0.000941974020396387,0.00023085422200264,0,0,0,6.38551481608287e-05,0,0.0318535612749193,3.80663934378069e-05,0,0,0,0,8.83784721007818e-05,0.0173029276159879,0,5.13493284564254e-05,0,0,2.44904724597994e-05,0.000221859997556559,0,0.000108836156488752,0.000163532188247861,0.033962436341563,0,0,0.000995575081632461,0,0.000534584477783699,0.0174084969909767,0.000638190516110201,0.00935512400700659,0.00293699678493812,7.27805180850339e-06,0.0587767834817744,0.00145508683283518,0.0315402394615527
0,0,0,0.000527941486114448,0,0.000156264862171858,0,0,4.90485896439616e-05,0,0,0,0,0,0,0,0.000104829280966167,0.000148893624898741,0.0181549223640469,9.58916965053502e-05,0,0,0,0,0,0,0,0,0,0,0,0,0,0.000230588416925432,0,5.69564209153819e-05,0,0,0,0.00233740168989107,4.29843933727187e-05,0.00442032801930571,0.000284852234142229,0,0,0.00063384347057355,0.000331411712749453,0.000540722785349596,0,0.00371802780064473,0,0,0,0,0,0,1.72337926120232e-05,0.000680903361022731,0,0,0,0,0.000410435064580533,0,0,0,0,0,0,0,7.19477734601862e-05,0,0.00538367255663697,3.70302190273895e-05,0,0,0.00141451504989559,0,0.000853593055210084,1.89526961236197e-05,0.0045898250790322,5.4331188541752e-05,0.000125989249406954,0,0.000997684537075705,0.00216331776454576,0
0,0,0,0,0,0,0,0,0,0,5.6629720088153e-05,0,0,0,0,0,7.84711894720792e-05,6.62419894657952e-05,0.00425840212030155,0,0,0,0,0,3.22960879523145e-05,0,0,0,0,0,0,0,0,0,0,0,0,0,4.48787061559919e-05,0.000135259950336049,0.000172570464648778,4.75134269500005e-05,0.000686069039667695,0,0,0,0.000195232208718973,0,4.98445118111405e-05,0,0,0,0,0,0,0,0.000875741998435125,0,0,0,0,0,0,0.000223942648111168,0,0,0,0,0,0,0,0,0,0.00153610251575422,0,0,0,0,1.25248112074976e-05,0.000184284685256849,2.4655820205413e-06,0.000953043257058052,4.195162199555e-05,0,0.000284161876057622,0,0.00173582986945426
0,0,0,0.00519237396097596,0,0.0184998796361162,0,0,0.000108182867515944,0,5.40450400769482e-05,0.00322041960150469,0,0,0,0,3.95651837351967e-05,8.80000521055812e-05,0.00446037164024822,0.0167409291559109,0,2.55656741753024e-05,0,0,0.000102578069209467,0,0,0,0,0,0,7.20170340779128e-05,3.40947213279783e-05,0.000214945120446752,0.000214923183809474,0.00252086882339661,0,0.000145619267574943,0,0.06419440809702,0.000113585313457992,0.0155878068879006,0.000222585160543283,0.00063384347057355,0,0,0.000229304274396307,0.00568579498112767,0.0080439627981255,0.012149573855924,0,0,0,0,0,0,0.00011486090082849,0.013296571865785,0,0,0,0,0.0807791718893508,0,0,0,0,0,0,0,1.74854343988282e-05,0,0.0153768732364325,4.2429530922613e-05,0.000106415834461573,0,0.00144381008080584,0,0.0191022635834276,7.89513073842634e-05,0.0108405244553269,1.85879085129515e-05,0.00162869881310047,0.000273851296126416,0.0280711879000208,0.00426697984418431,0
0,0,0.00223196726322656,0,0.00511816959737159,1.456340626362e-05,0,0,0.000538828301916672,0,0.000597957498234993,0,0,0,0,0,0.000134058527686496,0.000177509396467482,0.013504208296891,5.57782385208623e-06,0.00173584442353532,0,0,0,2.90047303226645e-05,0,0,0,0,0,0,0,0.000112125226404427,8.25629494004831e-05,0.000118482313280813,0,0.0022615766719137,0,0.000459975926083794,0.000418806979405284,0.0698794261402497,0.000597670979183129,0.0134266115163659,0.000331411712749453,0.000195232208718973,0.000229304274396307,0,0.00326543472393837,0.0170774272613823,0.0001431678914124,0.000180216161861494,0,0,0,2.86311279190871e-05,0,0.00661766568096569,1.08978887491869e-05,0,0,0,0,9.31337720936759e-05,0.0266188532019117,0,0,0,0,2.52316641772826e-05,0,0,0,8.24766922552305e-06,0.00420515037638216,0,1.40407557966063e-05,1.3729093975523e-05,8.44629277107361e-05,0.000177635417384639,0.0162018471306536,0.000137059010715143,0.00542473093748314,0.000696018006816266,4.31587985207005e-06,0.0159727573694942,0.000143533102177953,0.000986938220527358
2.91682528133865e-05,9.05501554758729e-05,6.02493844414072e-05,0.000942890219172272,0.000816732295010069,0.00154744255923701,0,0,1.59490993199901e-05,0,9.26101957557303e-06,1.38634148296924e-05,0,0,0,0,3.62107017429388e-05,5.51117834731217e-05,0.00123059713370562,0.000309389004167149,1.15987024712158e-05,0,0,0,8.37707410209138e-06,0,0,0,0,0,0,0.0309508344135185,0.0182908820895622,0.146862263224792,0.0580773697199775,0.000282216230320419,7.66230777401732e-05,0.00209244318182793,0.00369056599297512,0.0149298828236198,0.00298915031369422,0.0155211976845388,0.00570339454285436,0.000540722785349596,0,0.00568579498112767,0.00326543472393837,0,0.156129833092253,0.0499759342742583,0.000103981570907174,0,0,0,0,0,0.000270894005228776,0.000171201407307885,0,0,0,0,0.00240841184018834,0.000445072910369314,0,0,0,0,0,0,0,0,0.000555690875207572,4.66826671311724e-05,0.0289884587308849,0.0234365396491794,0.169440722315549,0.0306769813814633,0.00150157173267178,0.00862261424212468,0.000557892387713167,0.000702626874038123,0.00300790183756576,1.35137099617232e-05,0.0378152243468904,0.00228029290941299,7.78913940993593e-05
0.0327655376585754,1.83687588707188e-05,0.000618902149046079,9.07095990349341e-05,0.00540101628469741,0.00104141753032815,0,0,0.00185078493905761,0,3.94703024889507e-05,0,0,0,0,0,2.26835056017595e-06,2.03828166840729e-06,0.000239572306996036,0.000243029027606715,6.70891811277328e-05,0,0.004779444365487,0,0.00433963489656868,0,0,0,0,0,0,0.00012821504976575,0.000811715179344716,0.0121765710114051,0.0261917217525063,0.000581871444572568,0.000976777938678001,4.27784434019939e-05,0.00288711417684801,0.00125641974068992,0.0222148156368469,0.000408159656106631,0.0192173603270688,0,4.98445118111405e-05,0.0080439627981255,0.0170774272613823,0.156129833092253,0,0.00223892278198094,0.000631854136348814,0,0,0,6.67480933711309e-05,0,0.00569617003470939,4.74216118069305e-06,0,0,0.00259110388505743,0,0.000627442352952694,0.00219254649417611,0,0.00854474052700261,0,0.0206074666652228,0,0.00482400877012118,0,0.00761292819214157,7.74733100749324e-05,0.000507072641743055,2.50209371254362e-05,0.00170017703332688,0.0163606478895458,0.00200520369538661,0.000123757578505482,0.000921897858108346,4.57063427203617e-05,0.0122490475832942,0.00137364083908977,0,0.0250675507778138,3.7374962491809e-05,7.34925023900142e-05
0,0.0100842035770377,0,0.00170580422861389,0,0.00340919431976648,0,0,0,0,0,0,0,0,1.84270020191571e-05,0.000405943021486625,7.04903652436106e-05,0.000308912947254032,0.00589278120598689,0.000944151171000736,0,0.00928701269797719,0,0.0121814368797401,9.6001412008118e-06,0,0,0,0,0,0,0.00032023475035806,0.000139575268206626,0.0131102752504172,0.000536387607132994,0.0001803275406315,1.21450425369304e-05,0.00321217195654181,5.30864883664165e-06,0.0441851556937198,9.27669299811019e-05,0.0476733551519293,0.000941974020396387,0.00371802780064473,0,0.012149573855924,0.0001431678914124,0.0499759342742583,0.00223892278198094,0,0,0,0,0,0,0.00173986931275089,8.4348456836275e-05,0.00510065357572626,0,0.000106162350110694,0,0.000162952695973217,0.00866931609359345,2.44255203781813e-05,0.00954856196796667,0,0.0134266443832125,0,0,0,0.00123690886536739,0,0.0158323818309403,0.000140518564595242,0.000997382864481141,0,0.0136635190159063,0.000103462968517209,0.00343488838881251,2.90801878009198e-05,0.00610555163249302,4.2074242470818e-05,0.00137643326285344,1.00683099482143e-05,0.0198496553660737,0.0107082410658786,0.000431031260914877
0,0,0.00032139989705901,0,0.0898565989152726,0,0.0100329489616254,0,0.00100457497614864,0,1.2741489577646e-05,0,0,0,0.000436459893411064,0,0,0,2.09232865335017e-05,0,0.00229071687383833,0,0,0,0,0,0,0,0,0,0,0,0,0,3.59087511940461e-05,0,2.53930384921545e-05,0,0,0,0.000361021774322371,0,0.00023085422200264,0,0,0,0.000180216161861494,0.000103981570907174,0.000631854136348814,0,0,0,0,0,0.000390167784644291,0,0.001902357295893,0,2.46622455174468e-05,0,0.0198421477120904,0,0,0.00320830528690319,0,0,0,0,0,0,0,0,0,0.000161288082151526,0,0,0,0,0,6.0907712544241e-05,0,7.18978811146329e-06,8.85507729347424e-05,0,0.000592707684162198,0,0
0,0.000504595832661041,0,0.00377169402329579,0,0.274818969047734,0,0.00946605363099162,0,0.00254239477768314,0,0,0,0.00214855264881035,0,0.00122839657047025,0,0,0,0,0,0,0,0,0,0,0,0,0,0,0,0,0,0,0,0,0,0,0,0,0,0,0,0,0,0,0,0,0,0,0,0,0,0.0183520591924208,0,0.00184548045595921,0,0.00951923490166148,0,0.014580402967503,0,0.00924377971650524,0,0,0,0,0,0,0,0,0,0,0,0,0,0,0,0,0,0,0,0,0.000883022150294179,0,0,0,0
0,0,0,0,0.000280969459007085,0,0.0163475932797352,0,0,0,0.00434430360587212,0,0,0,0,0,0,0,0,0,0,0,0,0,0,0,0,0,0,0,0,0,0,0,0,0,0,0,0,0,0,0,0,0,0,0,0,0,0,0,0,0,0,0,0,0,9.14840815832655e-05,0,0,0,0,0,0,0,0,0,0,0,0,0,0,0,0,0,0,0,0,0,0,0,0,0,5.02936910909036e-05,0,0,0,0
0,0,0,0,0,0.0314710526915544,0,0.0503896467626598,0,0,0,0,0,0.000340043366917997,0,0,0,0,0,0,0,0,0,0,0,0,0,0,0,0,0,0,0,0,0,0,0,0,0,0,0,0,0,0,0,0,0,0,0,0,0,0.0183520591924208,0,0,0,0,0,0,0,0.00479497749269858,0,0,0,0,0,0,0,0,0,0,0,0,0,0,0,0,0,0,0,0,0,0,0.000359096050717929,9.9533738702549e-06,0,0,0
0.0126958131861367,0,0.00164579643466072,0,0.0218618508401684,0,0,0,0.216076593440498,0,0,0,0,0,0.03260841575888,0,0,0,0,0,0,0,0,0,0.0142224437454309,0,0.00513721937844697,0,0,0,0,0,0,0,1.90938685458203e-05,0,0,0,0.00157522501885875,0,1.98651977267422e-05,0,6.38551481608287e-05,0,0,0,2.86311279190871e-05,0,6.67480933711309e-05,0,0.000390167784644291,0,0,0,0,0,0.00160475880388657,0,0,0,0.0300546775498226,0,0,0,0,0,0,0.00454539660294637,0,0.00372757687318257,0,0,0,0,0,0,0,0,0,0,0,0.000600998420872675,0.00041481591627621,0,0.000284322797223484,0,0
0,0.0929757450302438,0,0.044415667192321,0,0.00184107677053236,0,0,0.000654103483310253,0.0988873614987994,0,0,0,0,0,0,0.000179871954429828,9.28832006971452e-05,0.000218978899416432,0,0,0,0,0.00418933299874416,0,0.000627632893504884,0,0,0,0,0,0,0,0,0,0,0,0,0,0,0,0,0,0,0,0,0,0,0,0.00173986931275089,0,0.00184548045595921,0,0,0,0,0,0,0,0.000899405446037681,0,0.00243284173395536,0,0,0,0,0.00193545999916766,0,0.000292621058542071,0,0,0,0,0,0,0,0,0,0,0,0,0,0.000311201991754445,0,0.000105770719979449,0,0
