0,0,0.0894269309110112,0,0.114860642701387,0,0,0,0.142503127179764,0,0,0,0,0,0,0,0.314108031988144,0.276598387530872,0.327889526635408,0,0,0,0,0,0,0,0,0,0,0,0,0,0,0,0,0,0,0,0,0.29524227976799,0.414328575134277,0,0.210894778235638,0,0,0,0.368520627419154,0,0.122796794916151,0,0,0,0,0,0.0893648589377875,0,0,0,0,0,0,0,0,0,0,0,0,0,0,0,0,0,0,0,0,0,0,0,0,0.416695792424051,0,0,0.150633967410862,0.269969016313553,0.285069480095901,0,0
0,0,0,0.112968006230231,0,0.118428699672222,0,0,0,0.192994224543343,0,0,0,0,0,0,0.322105358947407,0.357289140423139,0.302783656646224,0,0,0,0,0,0,0,0,0,0,0,0,0,0,0,0,0,0,0,0,0.424494713544846,0,0.190234543044415,0,0,0,0,0,0,0,0.139197108893703,0,0,0,0,0,0.190201436032037,0,0.106007477099245,0,0,0,0,0,0,0,0,0,0,0,0,0,0,0,0,0,0,0,0,0,0,0,0,0.187432426814928,0,0.165045696439861,0.169839914706422,0
0.0894269309110112,0,0,0,0.11642490635019,0,0,0,0.112181693662779,0,0,0,0,0,0,0,0,0,0,0,0,0,0,0,0,0,0,0,0,0,0,0,0,0,0,0,0,0,0,0,0,0,0.271095854778812,0,0,0,0.183359928648261,0,0.202117348089814,0,0.126854493082324,0,0,0,0.116099016442326,0,0.187258858168334,0,0.119616631595861,0,0,0,0,0.225456546992064,0,0,0,0,0,0,0,0,0,0,0,0,0,0,0,0.287929147481918,0,0,0.120008409817509,0.109035469591618,0.262095164495993,0,0.209557536244392
0,0.112968006230231,0,0,0,0.167458152565367,0,0,0,0.154295706795529,0,0.181931719183922,0,0,0,0,0,0,0,0,0,0,0,0,0,0,0,0,0,0,0,0,0,0,0,0.165170354768634,0,0,0,0.256137941564832,0,0.239451024900464,0,0,0,0.154751363372992,0,0,0,0.138898039417607,0,0.194402022659779,0,0,0,0.138249307125463,0,0.165706716203616,0,0.189119326571623,0,0.158494852045003,0.222442616309438,0,0,0,0,0,0,0,0,0,0,0,0,0,0,0,0.259460270404816,0,0,0,0.158645518680769,0.148365322038654,0.159287019563255,0.165462953348955,0
0.114860642701387,0,0.11642490635019,0,0,0,0,0,0,0,0,0,0,0,0,0,0,0,0,0,0.147705094957793,0,0,0,0,0,0,0,0,0,0,0,0,0,0,0,0,0,0,0,0,0,0.20164152117152,0,0,0,0.172054073003711,0,0.216950488090515,0,0.137928655896431,0,0,0,0,0,0.166641386934614,0,0,0,0,0,0,0.208536501804536,0,0,0,0,0,0,0,0,0,0,0,0,0,0,0,0.187471060880593,0,0,0.145906141027808,0.165928101202227,0.172552495867553,0,0.205545501673923
0,0.118428699672222,0,0.167458152565367,0,0,0,0,0,0.15613755894204,0,0,0,0,0,0,0,0,0,0.223605687865644,0,0,0,0,0,0,0,0,0,0,0,0,0,0,0,0.18162970373412,0,0,0,0.195539382596811,0,0.216458022594452,0,0,0,0.187850329825576,0,0,0,0,0,0,0,0,0,0.134798561825472,0,0.225834123790264,0,0,0,0,0.241096153246777,0,0,0,0,0,0,0,0,0,0,0,0,0,0,0,0,0,0,0,0.182765174063907,0,0.185488727029739,0,0
0,0,0,0,0,0,0,0,0,0,0,0,0,0,0,0,0,0,0,0,0.12276321457965,0,0,0,0,0,0,0,0,0,0,0,0,0,0,0,0,0,0,0,0,0,0,0,0,0,0,0,0,0,0,0,0,0,0,0,0,0,0,0,0,0,0,0,0,0,0,0,0,0,0,0,0,0,0,0,0,0,0,0,0,0,0.141717913250128,0,0,0,0
0,0,0,0,0,0,0,0,0,0,0,0,0,0,0,0,0,0,0,0.118208045290934,0,0,0,0,0,0,0,0,0,0,0,0,0,0,0,0,0,0,0,0,0,0,0,0,0,0,0,0,0,0,0,0,0,0.178081501428395,0,0,0,0,0,0,0,0,0,0,0,0,0,0,0,0,0,0,0,0,0,0,0,0,0,0,0,0,0.154423576822648,0,0,0,0
0.142503127179764,0,0.112181693662779,0,0,0,0,0,0,0,0,0,0,0,0.145332086086273,0,0.164369724013589,0,0,0,0,0,0,0,0.228353158994155,0,0,0,0,0,0,0,0,0,0,0,0,0,0.264237666254523,0,0,0,0.272544806790456,0,0,0,0.166768791774909,0.27280730009079,0,0,0,0,0,0,0.175989974797636,0,0.215562351047993,0,0,0,0.148876367840502,0,0,0.206163104623556,0,0,0,0,0,0,0,0,0,0,0,0,0,0,0,0,0,0.246994275875374,0.191741069184061,0.111467627808452,0.263491736602284,0,0.193699926137924
0,0.192994224543343,0,0.154295706795529,0,0.15613755894204,0,0,0,0,0,0,0,0,0,0.167711094526921,0.202479027211666,0.181044562764334,0.201669053839786,0,0,0,0,0,0,0,0,0,0,0,0,0,0,0,0,0,0,0.290430940010331,0,0,0.234456986188889,0.254418347030878,0,0,0,0.166160115599632,0,0.210775769182614,0,0,0,0,0,0,0,0.151307803472716,0,0,0,0,0,0.168972160418828,0,0,0,0,0,0,0,0,0,0,0,0,0,0,0,0,0,0,0.294610703984896,0,0.193139731371156,0,0.252472532865329,0,0
0,0,0,0,0,0,0,0,0,0,0,0,0.156037059380366,0,0,0,0,0,0.263729672878981,0,0.161761006598073,0,0,0,0,0,0,0,0.174691883226236,0,0,0,0,0,0,0,0.162466853487911,0,0.168494639662693,0,0,0,0.301268835152899,0,0.343484818935394,0,0.305314956853787,0,0,0,0,0,0,0,0,0,0.163719886252957,0,0.182048934561606,0,0,0,0,0.181497011457605,0,0,0,0,0,0,0,0.186292527293837,0,0,0,0,0,0,0,0.158741090697688,0,0.175049381143243,0.167510025030431,0.235147071334551,0.357636017944006,0,0.320439087493079
0,0,0,0.181931719183922,0,0,0,0,0,0,0,0,0,0.168102432456281,0,0,0.275994236270587,0.296892069280148,0.306281951340762,0.172450116704543,0,0,0,0,0,0,0,0.177584566175938,0,0.139910787343979,0,0,0,0,0,0.149699452417444,0,0.182826126947746,0,0.263039798140526,0,0.31998468786478,0,0.375293637576856,0,0.288135800083317,0,0,0,0.217211791872978,0,0,0,0,0,0,0,0.167327927052975,0,0.150242833627595,0,0,0.170198288440101,0,0,0,0,0,0,0,0,0,0,0,0,0,0,0,0.15345870557369,0,0.180909364084198,0,0.156143292564429,0.152282878756523,0.310697360885771,0.30679102241993,0
0,0,0,0,0,0,0,0,0,0,0.156037059380366,0,0,0,0,0,0,0,0,0,0,0,0,0,0,0,0,0,0,0,0,0,0,0,0,0,0,0,0,0,0,0,0,0,0,0,0,0,0,0,0,0,0,0,0,0,0.16735563320773,0,0.167186616102466,0,0,0,0,0,0,0,0,0,0,0,0,0,0,0,0,0,0,0,0,0,0,0,0.161221742630005,0.235070644371697,0,0,0
0,0,0,0,0,0,0,0,0,0,0,0.168102432456281,0,0,0,0,0,0,0,0,0,0,0,0,0,0,0,0.163774620493253,0,0,0,0,0,0,0,0,0,0,0,0,0,0,0,0,0,0,0,0,0,0,0,0,0,0,0,0,0,0,0,0.178944983219696,0,0,0,0,0,0,0,0,0,0,0,0,0,0,0,0,0,0,0,0,0,0,0.194289791449231,0.180984114128423,0,0,0
0,0,0,0,0,0,0,0,0.145332086086273,0,0,0,0,0,0,0,0,0,0,0,0,0,0,0,0.146121789183882,0,0,0,0,0,0,0,0,0,0,0,0,0,0,0,0,0,0,0,0,0,0,0,0,0,0,0,0,0,0,0,0,0,0,0,0.138232529163361,0,0,0,0,0,0,0,0,0,0,0,0,0,0,0,0,0,0,0,0,0,0.135238707065582,0,0,0,0
0,0,0,0,0,0,0,0,0,0.167711094526921,0,0,0,0,0,0,0,0.146496996283531,0,0,0,0,0,0,0,0,0,0,0,0,0,0,0,0,0,0,0,0,0,0,0,0,0,0,0,0,0,0,0,0,0,0,0,0,0,0.14737643301487,0,0,0,0,0,0,0,0,0,0,0,0,0,0,0,0,0,0,0,0,0,0,0,0,0,0,0,0,0,0,0
0.314108031988144,0.322105358947407,0,0,0,0,0,0,0.164369724013589,0.202479027211666,0,0.275994236270587,0,0,0,0,0,0.172221428704742,0.235422169969368,0.279125800728798,0,0,0,0,0.163196490298618,0,0,0,0,0,0,0,0,0,0,0,0.206705614924431,0.233626339584589,0,0.249055371228336,0.22939004463994,0.197553068896135,0.195860349917197,0.267701119184494,0.221581933647394,0.282164081931114,0.234091406985491,0,0.206720188260078,0,0,0,0,0,0,0,0.261641949415207,0.293566393852234,0,0,0,0,0.275086070100466,0.232155961294969,0,0,0,0,0,0,0,0,0,0.242139328271151,0,0,0,0,0.30282010550394,0.27256192969826,0.27381574872293,0.257276201053806,0.236085976654606,0.309787450936334,0.244704344681909,0.185838378392733,0.213329502940178
0.276598387530872,0.357289140423139,0,0,0,0,0,0,0,0.181044562764334,0,0.296892069280148,0,0,0,0.146496996283531,0.172221428704742,0,0.218648565594229,0.302992217774902,0,0.104336149990559,0,0.17491889372468,0,0.167917244136333,0,0,0,0,0,0,0,0,0,0.200103417038918,0,0.296739231050014,0.241777211427689,0.232469813994399,0.236983063604151,0.211722428118115,0.194459945156977,0.270794850587845,0.27481484413147,0.255831284857378,0.252620257650103,0,0,0,0,0,0,0,0,0,0,0.312721950312455,0,0,0,0,0.29855540199358,0.262349367141724,0,0,0,0,0,0,0,0,0,0.221992630097601,0,0,0,0,0.30315922093496,0.259599263319768,0.292527717618006,0.245620195479954,0.242062437212283,0.152407982264528,0.25182068438241,0.214707877324975,0.237374722957611
0.327889526635408,0.302783656646224,0,0,0,0,0,0,0,0.201669053839786,0.263729672878981,0.306281951340762,0,0,0,0,0.235422169969368,0.218648565594229,0,0.295924656325951,0,0,0,0,0,0,0,0,0,0,0,0,0,0,0,0,0.218310188502073,0.28409912760059,0.279582297801971,0.253550207268588,0.259804581253292,0.170975751281288,0.193057852298963,0.192137343952289,0.245221580908849,0.2557928845091,0.281525578659925,0,0.201806500554085,0,0.207440882921219,0,0,0,0,0,0.276941754988262,0.307819442502384,0,0,0,0,0.31635319667035,0.243153154317822,0,0,0,0,0,0,0,0,0,0.278553534299135,0,0,0,0,0.316494043094604,0.306125909214912,0.292632970940506,0.278682907571488,0.236503057821866,0.273992666215808,0.268551887591349,0.163575236660403,0.20940573205208
0,0,0,0,0,0.223605687865644,0,0.118208045290934,0,0,0,0.172450116704543,0,0,0,0,0.279125800728798,0.302992217774902,0.295924656325951,0,0,0,0,0,0,0,0,0,0,0,0,0,0,0,0,0.167787196132432,0,0.17159759505574,0,0.249468524940312,0,0.333895465245052,0.253394484519958,0.390075795352459,0,0.291177644555932,0,0,0,0.212112454076608,0,0,0,0,0,0,0,0.137373912851421,0,0,0,0,0.169696446971413,0,0,0,0,0,0,0,0,0,0,0,0,0,0,0,0.183962942733821,0.277639478445053,0.200337142065952,0,0.147425997878211,0.157083556056023,0.259640842186983,0.342489501604667,0
0,0,0,0,0.147705094957793,0,0.12276321457965,0,0,0,0.161761006598073,0,0,0,0,0,0,0,0,0,0,0,0,0,0,0,0,0,0,0,0,0,0,0,0,0,0.170705787313931,0,0.160683636334927,0,0,0,0.322385917107264,0,0.350136339664459,0,0.268922496212305,0,0.228153795003891,0,0,0,0,0,0,0,0.185159348306202,0,0,0,0,0,0,0.192164932850932,0,0,0,0,0,0,0,0,0,0.349614860380397,0,0,0,0,0,0.152904989661214,0,0.260140138013022,0.149917664429681,0,0.30726873662783,0,0
0,0,0,0,0,0,0,0,0,0,0,0,0,0,0,0,0,0.104336149990559,0,0,0,0,0.0964586676822768,0.132028529420495,0,0,0,0.121915904476362,0,0,0,0,0,0,0,0,0,0.122537299031668,0,0,0,0,0,0,0,0,0,0,0,0.0886620849919465,0,0,0,0,0,0,0,0,0,0,0,0,0,0,0.114360484566977,0,0.0974706975477082,0,0,0,0.110653321657862,0,0,0,0,0,0,0,0,0,0.0916234085129367,0,0.0861244391721602,0.101821094239291,0,0,0
0,0,0,0,0,0,0,0,0,0,0,0,0,0,0,0,0,0,0,0,0,0.0964586676822768,0,0,0.115475926016058,0,0,0,0.17782074213028,0,0,0,0,0,0,0,0,0,0.13913400627207,0,0,0,0,0,0,0,0,0,0,0,0,0,0,0,0,0,0,0,0,0,0,0,0,0,0.0917761375506719,0.144320428213905,0,0.156250678002834,0,0.149227802455425,0,0.137776836752892,0,0,0,0,0,0,0,0,0,0.148730564117432,0.141014295397326,0.119032258003512,0,0,0
0,0,0,0,0,0,0,0,0,0,0,0,0,0,0,0,0,0.17491889372468,0,0,0,0.132028529420495,0,0,0,0,0,0,0,0,0,0,0,0,0,0,0,0.132727186839248,0,0,0,0,0,0,0,0,0,0,0,0.130344307758052,0,0,0,0,0,0,0,0,0,0,0,0,0,0,0,0,0.149555347231038,0,0.136915338166217,0,0,0,0,0,0,0,0,0,0,0,0.175034819046656,0,0.184557821759036,0,0.260173351991744,0,0
0,0,0,0,0,0,0,0,0.228353158994155,0,0,0,0,0,0.146121789183882,0,0.163196490298618,0,0,0,0,0,0.115475926016058,0,0,0,0.156922116693927,0,0,0,0,0,0,0,0,0,0,0,0.136901368708982,0,0,0,0.298207610845566,0,0,0,0,0.317479714751244,0.23809227347374,0.34519237279892,0,0,0,0,0,0,0,0,0,0,0.144307676702738,0,0,0,0,0,0,0.157538442562024,0,0.165908995392371,0,0,0,0,0,0,0,0,0,0,0,0.13296892145012,0.152341890861006,0,0.265671076697867,0,0
0,0,0,0,0,0,0,0,0,0,0,0,0,0,0,0,0,0.167917244136333,0,0,0,0,0,0,0,0,0,0.12859877364503,0,0,0,0,0,0,0,0,0,0,0,0,0,0,0,0,0,0,0,0,0,0,0,0,0,0,0,0,0,0,0,0,0,0,0,0,0,0,0.162367343902588,0,0.144047153581466,0,0.148046481448251,0,0,0,0,0,0,0,0,0,0,0,0.138064242899418,0,0,0,0
0,0,0,0,0,0,0,0,0,0,0,0,0,0,0,0,0,0,0,0,0,0,0,0,0.156922116693927,0,0,0,0.144584233822367,0,0,0,0,0,0,0,0,0,0,0,0,0,0,0,0,0,0,0,0,0,0,0,0,0,0,0,0,0,0,0,0,0,0,0,0,0.156585067510605,0,0.149088025093079,0,0.171796580155691,0,0.173426618178686,0,0,0,0,0,0,0,0,0,0,0.143071800470352,0,0,0,0
0,0,0,0,0,0,0,0,0,0,0,0.177584566175938,0,0.163774620493253,0,0,0,0,0,0,0,0.121915904476362,0,0,0,0.12859877364503,0,0,0,0.156931212369894,0,0,0,0,0,0,0,0,0,0,0,0,0,0,0,0,0,0,0,0,0,0,0,0,0,0,0,0,0,0,0,0,0,0,0,0,0,0,0,0,0.165233019586151,0,0.167257601767778,0,0,0,0,0,0,0,0,0,0.134505941186632,0,0,0,0
0,0,0,0,0,0,0,0,0,0,0.174691883226236,0,0,0,0,0,0,0,0,0,0,0,0.17782074213028,0,0,0,0.144584233822367,0,0,0,0.157958408888007,0,0,0,0,0,0,0,0.1513831120596,0,0,0,0,0,0,0,0,0,0,0,0,0,0,0,0,0,0,0,0,0,0,0,0,0,0,0.177003758457991,0,0,0,0.140963882759765,0,0.146012396521678,0,0.168389764924844,0,0,0,0,0,0,0,0,0,0.143334727734327,0,0,0
0,0,0,0,0,0,0,0,0,0,0,0.139910787343979,0,0,0,0,0,0,0,0,0,0,0,0,0,0,0,0.156931212369894,0,0,0,0,0,0,0,0,0,0,0,0,0,0,0,0,0,0,0,0,0,0,0,0,0,0,0,0,0,0,0,0,0,0,0,0,0,0,0,0,0,0,0.175732539892197,0,0.182524633346772,0,0,0,0,0,0,0,0.210469916462898,0,0.172674897771615,0.164952016012235,0,0,0
0,0,0,0,0,0,0,0,0,0,0,0,0,0,0,0,0,0,0,0,0,0,0,0,0,0,0,0,0.157958408888007,0,0,0,0,0,0,0,0,0,0.161461912772872,0,0,0,0,0,0,0,0,0,0,0,0,0,0,0,0,0,0,0,0.203555062413216,0,0,0,0,0,0,0,0,0,0,0,0,0.150379995107651,0,0.151422924587601,0,0,0,0,0,0,0,0.142108291387558,0.19290919487293,0.223808371885256,0,0,0
0,0,0,0,0,0,0,0,0,0,0,0,0,0,0,0,0,0,0,0,0,0,0,0,0,0,0,0,0,0,0,0,0.18646143822238,0.248854163909118,0.1779694593615,0.155800332698396,0.14478655162168,0,0,0,0,0,0,0,0,0,0,0.266863826757013,0,0,0,0,0,0,0,0,0,0,0,0,0,0,0,0,0,0,0,0,0,0,0,0,0,0,0.264085532148154,0.191826189320315,0.309287112658646,0.205471731796245,0.226333994950567,0.34414480496573,0,0,0.154768831363366,0,0,0,0
0,0,0,0,0,0,0,0,0,0,0,0,0,0,0,0,0,0,0,0,0,0,0,0,0,0,0,0,0,0,0,0.18646143822238,0,0,0.1820659074882,0,0.179330306433538,0,0,0,0,0,0,0,0,0,0,0.178896283591483,0,0,0,0,0,0,0,0,0,0,0,0,0,0,0,0,0,0,0,0,0,0,0,0,0,0,0.237601721385023,0.267504815367321,0,0.219846469893178,0,0.265191740238041,0,0,0.168179198476125,0,0,0,0
0,0,0,0,0,0,0,0,0,0,0,0,0,0,0,0,0,0,0,0,0,0,0,0,0,0,0,0,0,0,0,0.248854163909118,0,0,0.167316613535445,0.165961530271055,0,0.151008322834969,0,0,0,0,0,0,0,0,0,0.165411538826792,0,0,0,0,0,0,0,0,0,0,0,0,0,0,0,0,0,0,0,0,0,0,0,0,0,0,0.275406941620686,0,0.166453560980395,0.17043938564743,0.137572666009267,0,0.167168982326984,0,0.171883578221965,0.170612901449203,0,0,0
0,0,0,0,0,0,0,0,0,0,0,0,0,0,0,0,0,0,0,0,0,0,0,0,0,0,0,0,0,0,0,0.1779694593615,0.1820659074882,0.167316613535445,0,0,0.163446703863004,0.147672078743273,0,0,0,0,0,0,0,0,0,0.187607709187822,0,0,0,0,0,0,0,0,0,0,0,0,0,0,0,0,0,0,0,0,0,0,0,0,0,0,0,0.28873726785183,0.167513311996286,0.180925302141243,0,0.166941600147844,0.163378536701202,0,0.175559900340981,0,0,0,0
0,0,0,0.165170354768634,0,0.18162970373412,0,0,0,0,0,0.149699452417444,0,0,0,0,0,0.200103417038918,0,0.167787196132432,0,0,0,0,0,0,0,0,0,0,0,0.155800332698396,0,0.165961530271055,0,0,0.163075742585212,0.131165687539424,0,0.215159732156095,0,0.256976715007494,0,0,0,0.161786843623434,0,0.395411105773524,0,0.215488505109653,0,0.187861859406296,0,0,0,0,0,0.188186292052269,0,0,0,0,0.159799497681846,0,0,0,0,0,0,0,0,0,0,0,0.342678429103768,0.367364848653475,0.179020756814215,0,0.178807647448213,0.195716700139054,0,0,0.164545918802835,0.245581331508036,0.20953295322497,0,0
0,0,0,0,0,0,0,0,0,0,0.162466853487911,0,0,0,0,0,0.206705614924431,0,0.218310188502073,0,0.170705787313931,0,0,0,0,0,0,0,0,0,0,0.14478655162168,0.179330306433538,0,0.163446703863004,0.163075742585212,0,0,0.121059768237383,0,0.213870504782313,0,0.247747522935403,0,0,0,0.198426693677902,0.301915124401279,0.219823224161352,0.231044730171561,0,0,0,0,0,0,0.222678273916245,0,0,0,0,0,0,0.171410238742828,0,0,0,0,0,0,0,0,0,0.24374161362648,0.335649210427489,0.227583001255989,0,0.167467016117502,0.219524276554585,0.206296873894364,0,0.155529876550039,0.184131608621777,0.19223944236284,0.219772784357019,0,0
0,0,0,0,0,0,0,0,0,0.290430940010331,0,0.182826126947746,0,0,0,0,0.233626339584589,0.296739231050014,0.28409912760059,0.17159759505574,0,0.122537299031668,0,0.132727186839248,0,0,0,0,0,0,0,0,0,0.151008322834969,0.147672078743273,0.131165687539424,0,0,0.128286019781461,0.267266716125985,0,0.246989730203992,0.268537859121958,0.382956155708858,0,0.301476595990629,0,0.346302676585413,0,0.104185107403887,0,0,0,0,0,0,0,0,0,0,0,0,0.2031912666942,0,0.106628296226263,0,0.197344148593941,0,0,0,0,0,0.211389817021511,0,0,0,0.154589779675007,0,0.19883261429412,0,0.163969463567368,0,0.182912111476038,0.170820551881423,0.294175108345858,0.292383039163219,0
0,0,0,0,0,0,0,0,0.264237666254523,0,0.168494639662693,0,0,0,0,0,0,0.241777211427689,0.279582297801971,0,0.160683636334927,0,0.13913400627207,0,0.136901368708982,0,0,0,0.1513831120596,0,0.161461912772872,0,0,0,0,0,0.121059768237383,0.128286019781461,0,0,0,0,0.238225366897926,0,0.324081122875214,0,0.325724735856056,0.345825959838206,0.211221191836031,0.310633659362793,0,0,0,0,0.298468172550201,0,0.155621106425921,0,0,0,0,0,0,0.234303603076046,0,0.174695926538685,0,0.208099462879965,0,0,0,0.172490827405631,0,0.156641326546669,0,0,0.161790952086449,0,0,0.141562092754043,0.132647083216422,0.229540937633459,0.182447840886469,0.164883678779006,0.290326229262131,0,0.302084393799305
0.29524227976799,0.424494713544846,0,0.256137941564832,0,0.195539382596811,0,0,0,0,0,0.263039798140526,0,0,0,0,0.249055371228336,0.232469813994399,0.253550207268588,0.249468524940312,0,0,0,0,0,0,0,0,0,0,0,0,0,0,0,0.215159732156095,0,0.267266716125985,0,0,0.296609113613764,0.243400627001628,0.192020173777233,0.289653115174881,0,0.281559008007255,0.274842293933034,0,0,0.153579225737516,0,0,0,0,0,0,0.219169974327087,0.255237899851381,0,0,0,0,0.253048670637673,0,0,0,0,0,0,0,0,0,0,0.201655015349388,0,0,0,0,0.301174323700024,0.295618684962392,0.2785447219953,0.21505956351757,0.287689579015522,0.274537225564321,0.288015042819547,0.246301330380387,0
0.414328575134277,0,0,0,0,0,0,0,0,0.234456986188889,0,0,0,0,0,0,0.22939004463994,0.236983063604151,0.259804581253292,0,0,0,0,0,0,0,0,0,0,0,0,0,0,0,0,0,0.213870504782313,0,0,0.296609113613764,0,0.197121717532476,0.239957923631397,0,0.278069453545519,0.268079310655594,0.281587365776342,0,0.158632341892166,0.239554084837437,0.187388993799686,0,0,0,0,0,0.213507983088493,0,0,0,0,0,0,0.180318213305118,0,0,0,0,0,0,0,0,0,0.257382533105753,0,0,0,0,0.271831313769023,0.232942526566762,0.250658944249153,0.338447351431109,0.290131812798499,0,0.266653353103413,0.181754533201456,0.237578897057353
0,0.190234543044415,0,0.239451024900464,0,0.216458022594452,0,0,0,0.254418347030878,0,0.31998468786478,0,0,0,0,0.197553068896135,0.211722428118115,0.170975751281288,0.333895465245052,0,0,0,0,0,0,0,0,0,0,0,0,0,0,0,0.256976715007494,0,0.246989730203992,0,0.243400627001628,0.197121717532476,0,0.185719017927037,0.173999271790187,0.155418016016483,0.219865237837918,0.199551216637095,0.201584029993093,0,0.268693318215123,0,0,0,0,0,0.245454811237075,0.20664744079113,0.277199643406245,0,0.269651539623737,0,0.255997945155416,0.291877289895177,0.187060415744781,0,0,0,0,0,0,0,0,0,0.241285681724548,0,0,0,0,0.245970454200943,0.218788786576344,0.267716454402093,0.212606057524681,0.216823981483899,0.245687618851662,0.262425763096265,0.208812299016558,0
0.210894778235638,0,0.271095854778812,0,0.20164152117152,0,0,0,0.272544806790456,0,0.301268835152899,0,0,0,0,0,0.195860349917197,0.194459945156977,0.193057852298963,0.253394484519958,0.322385917107264,0,0,0,0.298207610845566,0,0,0,0,0,0,0,0,0,0,0,0.247747522935403,0.268537859121958,0.238225366897926,0.192020173777233,0.239957923631397,0.185719017927037,0,0,0.157435343236379,0.182433843612671,0.211558470172085,0.214485550529501,0.264034627621897,0.291514504414338,0.204175335044662,0,0,0,0,0,0.321976260781288,0,0.201118740439415,0,0,0,0.228610515594482,0.244767521688079,0,0,0,0,0,0,0,0,0,0.300135279585302,0,0,0,0,0.266604168547524,0.233466523657486,0.231847397155232,0.285283730417339,0.223288611534301,0.212128221988678,0.281205763768984,0.158224345495303,0.20749207414432
0,0,0,0,0,0,0,0,0,0,0,0.375293637576856,0,0,0,0,0.267701119184494,0.270794850587845,0.192137343952289,0.390075795352459,0,0,0,0,0,0,0,0,0,0,0,0,0,0,0,0,0,0.382956155708858,0,0.289653115174881,0,0.173999271790187,0,0,0,0.250665184452727,0,0,0,0,0,0,0,0,0,0,0,0.359892506491054,0,0,0,0,0.3877285302713,0,0,0,0,0,0,0,0,0,0,0,0,0,0,0,0.37495836158914,0,0.438526448938582,0,0.23109758231375,0,0.297525739463747,0,0
0,0,0,0,0,0,0,0,0,0,0.343484818935394,0,0,0,0,0,0.221581933647394,0.27481484413147,0.245221580908849,0,0.350136339664459,0,0,0,0,0,0,0,0,0,0,0,0,0,0,0,0,0,0.324081122875214,0,0.278069453545519,0.155418016016483,0.157435343236379,0,0,0,0.289104038860117,0,0.179959133267403,0,0,0,0,0,0,0,0.330759394499991,0,0,0,0,0,0,0.335037902874105,0,0,0,0,0,0,0,0,0,0.34175201154807,0,0,0,0,0,0.387654332427588,0,0.420412950927303,0.246047508430808,0.22822393476963,0.342249091881425,0,0
0,0,0,0.154751363372992,0,0.187850329825576,0,0,0,0.166160115599632,0,0.288135800083317,0,0,0,0,0.282164081931114,0.255831284857378,0.2557928845091,0.291177644555932,0,0,0,0,0,0,0,0,0,0,0,0,0,0,0,0.161786843623434,0,0.301476595990629,0,0.281559008007255,0.268079310655594,0.219865237837918,0.182433843612671,0.250665184452727,0,0,0.292433443168799,0,0,0.18323629291912,0,0.196426384150982,0,0,0,0,0,0.26983079097517,0,0,0,0,0.247604591542388,0.263768017292023,0,0,0,0,0,0,0,0,0.264491021633148,0,0,0,0,0,0.285884412347087,0.253096427768469,0.393576136594701,0,0.281461278073893,0,0.258724409550613,0.255994285855974,0
0.368520627419154,0,0.183359928648261,0,0.172054073003711,0,0,0,0.166768791774909,0,0.305314956853787,0,0,0,0,0,0.234091406985491,0.252620257650103,0.281525578659925,0,0.268922496212305,0,0,0,0,0,0,0,0,0,0,0,0,0,0,0,0.198426693677902,0,0.325724735856056,0.274842293933034,0.281587365776342,0.199551216637095,0.211558470172085,0,0.289104038860117,0.292433443168799,0,0.215291731059551,0.19437728671357,0.224546689179636,0.176489922449963,0,0,0,0,0,0.217411778550648,0,0.171242345372836,0,0,0,0,0.216496497009008,0,0,0,0,0,0,0,0,0,0.250541254433233,0,0,0,0,0.309398475018415,0.312352102806994,0.250154366095861,0.348744489515529,0.298655170337501,0,0.291017823315178,0.178250074386597,0.230204721030436
0,0,0,0,0,0,0,0,0.27280730009079,0.210775769182614,0,0,0,0,0,0,0,0,0,0,0,0,0,0,0.317479714751244,0,0,0,0,0,0,0.266863826757013,0.178896283591483,0.165411538826792,0.187607709187822,0.395411105773524,0.301915124401279,0.346302676585413,0.345825959838206,0,0,0.201584029993093,0.214485550529501,0,0,0,0.215291731059551,0,0.285579353604959,0.175635008941584,0,0,0,0,0,0,0,0,0,0,0,0,0,0,0,0,0,0.374371886253357,0,0,0,0,0,0,0.340318717253514,0.202174879610538,0,0.207867234753024,0.293165619511756,0.373271933571745,0,0.302034026384354,0.3541244444923,0,0.290762077356484,0.200903043150902,0
0.122796794916151,0,0.202117348089814,0,0.216950488090515,0,0,0,0,0,0,0,0,0,0,0,0.206720188260078,0,0.201806500554085,0,0.228153795003891,0,0,0,0.23809227347374,0,0,0,0,0,0,0,0,0,0,0,0.219823224161352,0,0.211221191836031,0,0.158632341892166,0,0.264034627621897,0,0.179959133267403,0,0.19437728671357,0.285579353604959,0,0.298039189460924,0.20922394990921,0,0,0,0,0,0.219326823073275,0,0,0,0,0,0,0.196938284607821,0,0,0,0.25110892355442,0,0,0,0,0,0.255895315147028,0,0,0,0,0,0.194314232583834,0,0.214914427626701,0.295838162490744,0,0.248228706151191,0,0.231816299259663
0,0.139197108893703,0,0.138898039417607,0,0,0,0,0,0,0,0.217211791872978,0,0,0,0,0,0,0,0.212112454076608,0,0.0886620849919465,0,0.130344307758052,0.34519237279892,0,0,0,0,0,0,0,0,0,0,0.215488505109653,0.231044730171561,0.104185107403887,0.310633659362793,0.153579225737516,0.239554084837437,0.268693318215123,0.291514504414338,0,0,0.18323629291912,0.224546689179636,0.175635008941584,0.298039189460924,0,0,0,0,0,0,0.156793360807458,0,0.141894626369672,0,0.177169397473335,0,0.161097181836764,0.219976660953118,0.194096922874451,0,0,0.134787135977086,0,0,0,0.118177705297345,0,0,0,0,0,0,0,0.190521379222544,0.230153610308965,0.117883793808318,0,0.261980867098214,0,0.242342878978831,0.189029517615664,0
0,0,0.126854493082324,0,0.137928655896431,0,0,0,0,0,0,0,0,0,0,0,0,0,0.207440882921219,0,0,0,0,0,0,0,0,0,0,0,0,0,0,0,0,0,0,0,0,0,0.187388993799686,0,0.204175335044662,0,0,0,0.176489922449963,0,0.20922394990921,0,0,0,0,0,0,0,0.220128478109837,0,0,0,0,0,0,0.206902316165349,0,0,0,0,0,0,0,0,0,0.228221908211708,0,0,0,0,0,0.212544514664582,0,0,0.13451401591301,0,0.171938990460177,0,0.204136662185192
0,0,0,0.194402022659779,0,0,0,0,0,0,0,0,0,0,0,0,0,0,0,0,0,0,0,0,0,0,0,0,0,0,0,0,0,0,0,0.187861859406296,0,0,0,0,0,0,0,0,0,0.196426384150982,0,0,0,0,0,0,0,0,0,0,0,0,0,0,0,0,0.202259570360184,0,0,0,0,0,0,0,0,0,0,0,0,0,0,0,0,0,0,0,0.183092946186662,0,0.189671040246035,0,0
0,0,0,0,0,0,0,0,0,0,0,0,0,0,0,0,0,0,0,0,0,0,0,0,0,0,0,0,0,0,0,0,0,0,0,0,0,0,0,0,0,0,0,0,0,0,0,0,0,0,0,0,0,0,0,0,0,0,0,0,0,0,0,0,0,0,0,0,0,0,0,0,0,0,0,0,0,0,0,0,0,0,0,0,0,0,0
0,0,0,0,0,0,0,0.178081501428395,0,0,0,0,0,0,0,0,0,0,0,0,0,0,0,0,0,0,0,0,0,0,0,0,0,0,0,0,0,0,0,0,0,0,0,0,0,0,0,0,0,0,0,0,0,0,0,0,0,0,0,0,0,0,0,0,0,0,0,0,0,0,0,0,0,0,0,0,0,0,0,0,0,0,0.177375276037987,0,0,0,0
0.0893648589377875,0,0.116099016442326,0,0,0,0,0,0.175989974797636,0,0,0,0,0,0,0,0,0,0,0,0,0,0,0,0,0,0,0,0,0,0,0,0,0,0,0,0,0,0.298468172550201,0,0,0,0,0,0,0,0,0,0,0,0,0,0,0,0,0,0,0,0,0,0,0,0,0,0,0,0,0,0,0,0,0,0,0,0,0,0,0,0,0,0,0,0.127962646633387,0,0,0,0
0,0.190201436032037,0,0.138249307125463,0,0.134798561825472,0,0,0,0.151307803472716,0,0,0,0,0,0.14737643301487,0,0,0,0,0,0,0,0,0,0,0,0,0,0,0,0,0,0,0,0,0,0,0,0,0,0.245454811237075,0,0,0,0,0,0,0,0.156793360807458,0,0,0,0,0,0,0,0.142169451341033,0,0,0,0.144981612637639,0,0,0,0,0,0,0,0,0,0,0,0,0,0,0,0,0,0,0,0,0.187136643699237,0,0.155476320363008,0,0
0,0,0.187258858168334,0,0.166641386934614,0,0,0,0.215562351047993,0,0.163719886252957,0,0.16735563320773,0,0,0,0.261641949415207,0,0.276941754988262,0,0.185159348306202,0,0,0,0,0,0,0,0,0,0,0,0,0,0,0,0.222678273916245,0,0.155621106425921,0.219169974327087,0.213507983088493,0.20664744079113,0.321976260781288,0,0.330759394499991,0,0.217411778550648,0,0.219326823073275,0,0.220128478109837,0,0,0,0,0,0,0,0.211646338303884,0,0,0,0,0.249956970279281,0,0,0,0,0,0,0,0,0,0.320923205713431,0,0,0,0,0,0.225031310319901,0,0,0.176206866153201,0,0.319799107003273,0.218020498752594,0.327373981779935
0,0.106007477099245,0,0.165706716203616,0,0.225834123790264,0,0,0,0,0,0.167327927052975,0,0,0,0,0.293566393852234,0.312721950312455,0.307819442502384,0.137373912851421,0,0,0,0,0,0,0,0,0,0,0,0,0,0,0,0.188186292052269,0,0,0,0.255237899851381,0,0.277199643406245,0,0.359892506491054,0,0.26983079097517,0,0,0,0.141894626369672,0,0,0,0,0,0.142169451341033,0,0,0,0.169165007770061,0,0.147509511560202,0.250042613755082,0,0,0,0,0,0,0,0,0,0,0,0,0,0,0,0.27679886855185,0.297658443450928,0.320266872644424,0,0.224315510500991,0.14256111284097,0.262904119525898,0.309009898453951,0
0,0,0.119616631595861,0,0,0,0,0,0,0,0.182048934561606,0,0.167186616102466,0,0,0,0,0,0,0,0,0,0,0,0,0,0,0,0,0,0.203555062413216,0,0,0,0,0,0,0,0,0,0,0,0.201118740439415,0,0,0,0.171242345372836,0,0,0,0,0,0,0,0,0,0.211646338303884,0,0,0,0,0,0,0.209616745893772,0,0,0,0,0,0,0,0,0,0,0,0,0,0,0,0,0,0,0.181463800370693,0.188578468154777,0.181485085651792,0,0
0,0,0,0.189119326571623,0,0,0,0,0,0,0,0.150242833627595,0,0.178944983219696,0,0,0,0,0,0,0,0,0,0,0,0,0,0,0,0,0,0,0,0,0,0,0,0,0,0,0,0.269651539623737,0,0,0,0,0,0,0,0.177169397473335,0,0,0,0,0,0,0,0.169165007770061,0,0,0,0.113086346536875,0,0,0,0,0,0,0,0,0,0,0,0,0,0,0,0,0,0,0,0,0.199915194883943,0.137343034148216,0.178627494722605,0,0
0,0,0,0,0,0,0,0,0.148876367840502,0,0,0,0,0,0.138232529163361,0,0,0,0,0,0,0,0,0,0.144307676702738,0,0,0,0,0,0,0,0,0,0,0,0,0,0,0,0,0,0,0,0,0,0,0,0,0,0,0,0,0,0,0,0,0,0,0,0,0,0,0,0,0,0,0,0,0,0,0,0,0,0,0,0,0,0,0,0,0,0.137045182287693,0,0,0,0
0,0,0,0.158494852045003,0,0,0,0,0,0.168972160418828,0,0,0,0,0,0,0,0,0,0,0,0,0,0,0,0,0,0,0,0,0,0,0,0,0,0,0,0,0,0,0,0.255997945155416,0,0,0,0,0,0,0,0.161097181836764,0,0,0,0,0,0.144981612637639,0,0.147509511560202,0,0.113086346536875,0,0,0,0,0,0,0,0,0,0,0,0,0,0,0,0,0,0,0,0,0,0,0,0,0.181590401464038,0,0
0,0,0,0.222442616309438,0,0.241096153246777,0,0,0,0,0,0.170198288440101,0,0,0,0,0.275086070100466,0.29855540199358,0.31635319667035,0.169696446971413,0,0,0,0,0,0,0,0,0,0,0,0,0,0,0,0.159799497681846,0,0.2031912666942,0,0.253048670637673,0,0.291877289895177,0.228610515594482,0.3877285302713,0,0.247604591542388,0,0,0,0.219976660953118,0,0.202259570360184,0,0,0,0,0,0.250042613755082,0,0,0,0,0,0,0,0,0,0,0,0,0,0,0,0,0,0,0,0,0.252875995129085,0,0.352465283488434,0,0.169082511470399,0,0.280156689211477,0.320967658190057,0
0,0,0.225456546992064,0,0.208536501804536,0,0,0,0.206163104623556,0,0.181497011457605,0,0,0,0,0,0.232155961294969,0.262349367141724,0.243153154317822,0,0.192164932850932,0,0,0,0,0,0,0,0,0,0,0,0,0,0,0,0.171410238742828,0,0.234303603076046,0,0.180318213305118,0.187060415744781,0.244767521688079,0,0.335037902874105,0.263768017292023,0.216496497009008,0,0.196938284607821,0.194096922874451,0.206902316165349,0,0,0,0,0,0.249956970279281,0,0.209616745893772,0,0,0,0,0,0,0,0,0,0,0,0,0,0,0.338478344328263,0,0,0,0,0,0.253287488997257,0,0.367585277273541,0.19466433947285,0,0.268777447766339,0,0
0,0,0,0,0,0,0,0,0,0,0,0,0,0,0,0,0,0,0,0,0,0.114360484566977,0.0917761375506719,0,0,0,0,0,0,0,0,0,0,0,0,0,0,0.106628296226263,0,0,0,0,0,0,0,0,0,0,0,0,0,0,0,0,0,0,0,0,0,0,0,0,0,0,0,0,0,0,0,0,0,0,0,0,0,0,0,0,0,0,0,0,0.0834626546071011,0,0,0,0
0,0,0,0,0,0,0,0,0,0,0,0,0,0,0,0,0,0,0,0,0,0,0.144320428213905,0,0,0,0.156585067510605,0,0.177003758457991,0,0,0,0,0,0,0,0,0,0.174695926538685,0,0,0,0,0,0,0,0,0,0,0,0,0,0,0,0,0,0,0,0,0,0,0,0,0,0,0,0,0,0,0,0,0.101679103242026,0,0,0,0,0,0,0,0,0,0,0.126695674359798,0,0,0,0
0,0,0,0,0,0,0,0,0,0,0,0,0,0,0,0,0,0,0,0,0,0.0974706975477082,0,0.149555347231038,0,0.162367343902588,0,0,0,0,0,0,0,0,0,0,0,0.197344148593941,0,0,0,0,0,0,0,0,0,0,0,0.134787135977086,0,0,0,0,0,0,0,0,0,0,0,0,0,0,0,0,0,0,0.158258140087128,0,0,0,0,0,0,0,0,0,0,0,0.193675842660014,0,0.302022077143192,0,0.221696063675641,0,0
0,0,0,0,0,0,0,0,0,0,0,0,0,0,0,0,0,0,0,0,0,0,0.156250678002834,0,0.157538442562024,0,0.149088025093079,0,0,0,0,0,0,0,0,0,0,0,0.208099462879965,0,0,0,0,0,0,0,0,0.374371886253357,0.25110892355442,0,0,0,0,0,0,0,0,0,0,0,0,0,0,0,0,0,0,0,0,0,0,0,0,0,0,0,0,0,0,0,0,0.286049314235386,0.127233937232181,0,0.3233658796433,0,0
0,0,0,0,0,0,0,0,0,0,0,0,0,0,0,0,0,0,0,0,0,0,0,0.136915338166217,0,0.144047153581466,0,0,0,0,0,0,0,0,0,0,0,0,0,0,0,0,0,0,0,0,0,0,0,0,0,0,0,0,0,0,0,0,0,0,0,0,0,0,0,0,0.158258140087128,0,0,0,0,0,0,0,0,0,0,0,0,0,0,0,0,0,0,0,0
0,0,0,0,0,0,0,0,0,0,0,0,0,0,0,0,0,0,0,0,0,0,0.149227802455425,0,0.165908995392371,0,0.171796580155691,0,0.140963882759765,0,0,0,0,0,0,0,0,0,0,0,0,0,0,0,0,0,0,0,0,0,0,0,0,0,0,0,0,0,0,0,0,0,0,0,0,0,0,0,0,0,0,0.128271142450663,0,0,0,0,0,0,0,0,0,0,0,0,0,0,0
0,0,0,0,0,0,0,0,0,0,0,0,0,0,0,0,0,0,0,0,0,0.110653321657862,0,0,0,0.148046481448251,0,0.165233019586151,0,0.175732539892197,0,0,0,0,0,0,0,0,0,0,0,0,0,0,0,0,0,0,0,0.118177705297345,0,0,0,0,0,0,0,0,0,0,0,0,0,0,0,0,0,0,0,0,0,0,0.160033685465654,0,0,0,0,0,0,0,0.122245404869318,0,0.176376312971115,0,0,0,0
0,0,0,0,0,0,0,0,0,0,0.186292527293837,0,0,0,0,0,0,0,0,0,0,0,0.137776836752892,0,0,0,0.173426618178686,0,0.146012396521678,0,0.150379995107651,0,0,0,0,0,0,0,0.172490827405631,0,0,0,0,0,0,0,0,0,0,0,0,0,0,0,0,0,0,0,0,0,0,0,0,0,0,0.101679103242026,0,0,0,0.128271142450663,0,0,0,0,0,0,0,0,0,0,0,0,0,0,0,0,0
0,0,0,0,0,0,0,0,0,0,0,0,0,0,0,0,0,0,0,0,0,0,0,0,0,0,0,0.167257601767778,0,0.182524633346772,0,0,0,0,0,0,0,0.211389817021511,0,0,0,0,0,0,0,0.264491021633148,0,0,0,0,0,0,0,0,0,0,0,0,0,0,0,0,0,0,0,0,0,0,0,0,0.160033685465654,0,0,0,0,0,0,0,0,0,0,0,0.199499753483555,0.175559084117413,0,0,0
0,0,0,0,0,0,0,0,0,0,0,0,0,0,0,0,0.242139328271151,0.221992630097601,0.278553534299135,0,0.349614860380397,0,0,0,0,0,0,0,0.168389764924844,0,0.151422924587601,0,0,0,0,0,0.24374161362648,0,0.156641326546669,0.201655015349388,0.257382533105753,0.241285681724548,0.300135279585302,0,0.34175201154807,0,0.250541254433233,0,0.255895315147028,0,0.228221908211708,0,0,0,0,0,0.320923205713431,0,0,0,0,0,0,0.338478344328263,0,0,0,0,0,0,0,0,0,0,0,0,0,0,0.27005036175251,0.252386032032366,0.242674440145493,0.294189542531967,0.247414420430477,0,0.331916974526288,0.237491890788078,0.308656350560486
0,0,0,0,0,0,0,0,0,0,0,0,0,0,0,0,0,0,0,0,0,0,0,0,0,0,0,0,0,0,0,0.264085532148154,0.237601721385023,0.275406941620686,0,0.342678429103768,0.335649210427489,0,0,0,0,0,0,0,0,0,0,0.340318717253514,0,0,0,0,0,0,0,0,0,0,0,0,0,0,0,0,0,0,0,0,0,0,0,0,0,0,0,0.242679261211036,0.298075741621847,0,0.142150744795799,0.340521045862795,0,0,0.155040839130116,0,0,0,0
0,0,0,0,0,0,0,0,0,0,0,0,0,0,0,0,0,0,0,0,0,0,0,0,0,0,0,0,0,0,0,0.191826189320315,0.267504815367321,0,0.28873726785183,0.367364848653475,0.227583001255989,0,0,0,0,0,0,0,0,0,0,0.202174879610538,0,0,0,0,0,0,0,0,0,0,0,0,0,0,0,0,0,0,0,0,0,0,0,0,0,0,0.242679261211036,0,0,0.262597130387076,0,0.311016816718431,0,0,0.180756096993018,0,0,0,0
0,0,0,0,0,0,0,0,0,0,0,0,0,0,0,0,0,0,0,0,0,0,0,0,0,0,0,0,0,0,0,0.309287112658646,0,0.166453560980395,0.167513311996286,0.179020756814215,0,0.154589779675007,0.161790952086449,0,0,0,0,0,0,0,0,0,0,0,0,0,0,0,0,0,0,0,0,0,0,0,0,0,0,0,0,0,0,0,0,0,0,0,0.298075741621847,0,0,0.148891789714495,0,0,0,0,0.172804674358233,0,0,0,0
0,0,0,0,0,0,0,0,0,0,0,0,0,0,0,0,0,0,0,0,0,0,0,0,0,0,0,0,0,0,0,0.205471731796245,0.219846469893178,0.17043938564743,0.180925302141243,0,0.167467016117502,0,0,0,0,0,0,0,0,0,0,0.207867234753024,0,0,0,0,0,0,0,0,0,0,0,0,0,0,0,0,0,0,0,0,0,0,0,0,0,0,0,0.262597130387076,0.148891789714495,0,0,0.155627897381783,0,0,0.176336501568684,0,0,0,0
0,0,0,0.259460270404816,0,0,0,0,0,0,0,0.15345870557369,0,0,0,0,0.30282010550394,0.30315922093496,0.316494043094604,0.183962942733821,0,0,0,0,0,0,0,0,0,0,0,0.226333994950567,0,0.137572666009267,0,0.178807647448213,0.219524276554585,0.19883261429412,0,0.301174323700024,0.271831313769023,0.245970454200943,0.266604168547524,0.37495836158914,0,0.285884412347087,0.309398475018415,0.293165619511756,0,0.190521379222544,0,0,0,0,0,0,0,0.27679886855185,0,0,0,0,0.252875995129085,0,0,0,0,0,0,0,0,0,0,0.27005036175251,0.142150744795799,0,0,0,0,0.367991099205423,0.360274418307022,0,0.202969252187547,0.291051131410477,0.341026426040768,0.260167233454875,0
0.416695792424051,0,0.287929147481918,0,0.187471060880593,0,0,0,0,0,0.158741090697688,0,0,0,0,0,0.27256192969826,0.259599263319768,0.306125909214912,0.277639478445053,0.152904989661214,0,0,0,0,0,0,0,0,0,0,0.34414480496573,0.265191740238041,0,0.166941600147844,0.195716700139054,0.206296873894364,0,0.141562092754043,0.295618684962392,0.232942526566762,0.218788786576344,0.233466523657486,0,0.387654332427588,0.253096427768469,0.312352102806994,0.373271933571745,0.194314232583834,0.230153610308965,0.212544514664582,0,0,0,0,0,0.225031310319901,0.297658443450928,0,0,0,0,0,0.253287488997257,0,0,0,0,0,0,0,0,0,0.252386032032366,0.340521045862795,0.311016816718431,0,0.155627897381783,0.367991099205423,0,0,0.343731484728861,0.20097851207236,0.18948640229932,0.338369193310242,0.205309495329857,0.236630457051006
0,0,0,0,0,0,0,0,0,0.294610703984896,0,0.180909364084198,0,0,0,0,0.27381574872293,0.292527717618006,0.292632970940506,0.200337142065952,0,0.0916234085129367,0,0.175034819046656,0,0,0,0,0,0.210469916462898,0,0,0,0.167168982326984,0.163378536701202,0,0,0.163969463567368,0.132647083216422,0.2785447219953,0.250658944249153,0.267716454402093,0.231847397155232,0.438526448938582,0,0.393576136594701,0.250154366095861,0,0,0.117883793808318,0,0,0,0,0,0,0,0.320266872644424,0,0,0,0,0.352465283488434,0,0,0,0.193675842660014,0,0,0,0.122245404869318,0,0,0.242674440145493,0,0,0,0,0.360274418307022,0,0,0.272189486771822,0.234045815317238,0,0.35328429013927,0.252753494201966,0
0,0,0,0,0,0,0,0,0.246994275875374,0,0.175049381143243,0,0,0,0,0,0.257276201053806,0.245620195479954,0.278682907571488,0,0.260140138013022,0,0.148730564117432,0,0.13296892145012,0,0,0,0,0,0.142108291387558,0,0,0,0,0,0.155529876550039,0,0.229540937633459,0.21505956351757,0.338447351431109,0.212606057524681,0.285283730417339,0,0.420412950927303,0,0.348744489515529,0.302034026384354,0.214914427626701,0,0,0,0,0,0,0,0,0,0,0,0,0,0,0.367585277273541,0,0,0,0.286049314235386,0,0,0,0,0,0.294189542531967,0,0,0,0,0,0.343731484728861,0.272189486771822,0,0.193893001304231,0.244331732392311,0.34504825749535,0.207270678877831,0.289929066385542
0.150633967410862,0.187432426814928,0.120008409817509,0.158645518680769,0.145906141027808,0.182765174063907,0.141717913250128,0.154423576822648,0.191741069184061,0.193139731371156,0.167510025030431,0.156143292564429,0.161221742630005,0.194289791449231,0.135238707065582,0,0.236085976654606,0.242062437212283,0.236503057821866,0.147425997878211,0.149917664429681,0.0861244391721602,0.141014295397326,0.184557821759036,0.152341890861006,0.138064242899418,0.143071800470352,0.134505941186632,0,0.172674897771615,0.19290919487293,0.154768831363366,0.168179198476125,0.171883578221965,0.175559900340981,0.164545918802835,0.184131608621777,0.182912111476038,0.182447840886469,0.287689579015522,0.290131812798499,0.216823981483899,0.223288611534301,0.23109758231375,0.246047508430808,0.281461278073893,0.298655170337501,0.3541244444923,0.295838162490744,0.261980867098214,0.13451401591301,0.183092946186662,0,0.177375276037987,0.127962646633387,0.187136643699237,0.176206866153201,0.224315510500991,0.181463800370693,0.199915194883943,0.137045182287693,0,0.169082511470399,0.19466433947285,0.0834626546071011,0.126695674359798,0.302022077143192,0.127233937232181,0,0,0.176376312971115,0,0.199499753483555,0.247414420430477,0.155040839130116,0.180756096993018,0.172804674358233,0.176336501568684,0.202969252187547,0.20097851207236,0.234045815317238,0.193893001304231,0,0.207931702627546,0.259323248410699,0.180914984694843,0.156743641557365
0.269969016313553,0,0.109035469591618,0.148365322038654,0.165928101202227,0,0,0,0.111467627808452,0,0.235147071334551,0.152282878756523,0.235070644371697,0.180984114128423,0,0,0.309787450936334,0.152407982264528,0.273992666215808,0.157083556056023,0,0.101821094239291,0.119032258003512,0,0,0,0,0,0.143334727734327,0.164952016012235,0.223808371885256,0,0,0.170612901449203,0,0.245581331508036,0.19223944236284,0.170820551881423,0.164883678779006,0.274537225564321,0,0.245687618851662,0.212128221988678,0,0.22822393476963,0,0,0,0,0,0,0,0,0,0,0,0,0.14256111284097,0.188578468154777,0.137343034148216,0,0,0,0,0,0,0,0,0,0,0,0,0.175559084117413,0,0,0,0,0,0.291051131410477,0.18948640229932,0,0.244331732392311,0.207931702627546,0,0.262986657520135,0,0
0.285069480095901,0.165045696439861,0.262095164495993,0.159287019563255,0.172552495867553,0.185488727029739,0,0,0.263491736602284,0.252472532865329,0.357636017944006,0.310697360885771,0,0,0,0,0.244704344681909,0.25182068438241,0.268551887591349,0.259640842186983,0.30726873662783,0,0,0.260173351991744,0.265671076697867,0,0,0,0,0,0,0,0,0,0,0.20953295322497,0.219772784357019,0.294175108345858,0.290326229262131,0.288015042819547,0.266653353103413,0.262425763096265,0.281205763768984,0.297525739463747,0.342249091881425,0.258724409550613,0.291017823315178,0.290762077356484,0.248228706151191,0.242342878978831,0.171938990460177,0.189671040246035,0,0,0,0.155476320363008,0.319799107003273,0.262904119525898,0.181485085651792,0.178627494722605,0,0.181590401464038,0.280156689211477,0.268777447766339,0,0,0.221696063675641,0.3233658796433,0,0,0,0,0,0.331916974526288,0,0,0,0,0.341026426040768,0.338369193310242,0.35328429013927,0.34504825749535,0.259323248410699,0.262986657520135,0,0.247097284745508,0.292031304526765
0,0.169839914706422,0,0.165462953348955,0,0,0,0,0,0,0,0.30679102241993,0,0,0,0,0.185838378392733,0.214707877324975,0.163575236660403,0.342489501604667,0,0,0,0,0,0,0,0,0,0,0,0,0,0,0,0,0,0.292383039163219,0,0.246301330380387,0.181754533201456,0.208812299016558,0.158224345495303,0,0,0.255994285855974,0.178250074386597,0.200903043150902,0,0.189029517615664,0,0,0,0,0,0,0.218020498752594,0.309009898453951,0,0,0,0,0.320967658190057,0,0,0,0,0,0,0,0,0,0,0.237491890788078,0,0,0,0,0.260167233454875,0.205309495329857,0.252753494201966,0.207270678877831,0.180914984694843,0,0.247097284745508,0,0.158040151000023
0,0,0.209557536244392,0,0.205545501673923,0,0,0,0.193699926137924,0,0.320439087493079,0,0,0,0,0,0.213329502940178,0.237374722957611,0.20940573205208,0,0,0,0,0,0,0,0,0,0,0,0,0,0,0,0,0,0,0,0.302084393799305,0,0.237578897057353,0,0.20749207414432,0,0,0,0.230204721030436,0,0.231816299259663,0,0.204136662185192,0,0,0,0,0,0.327373981779935,0,0,0,0,0,0,0,0,0,0,0,0,0,0,0,0,0.308656350560486,0,0,0,0,0,0.236630457051006,0,0.289929066385542,0.156743641557365,0,0.292031304526765,0.158040151000023,0
