0,0,0.222805419285608,0,0.162681087851524,0,0.163252681493759,0,0.181169548427245,0,0,0,0,0,0.164234759552138,0,0.419032992501008,0.337563451793459,0.387705414152857,0,0.52246891663355,0,0,0,0.280656526486079,0,0,0,0,0,0,0,0,0,0,0,0.455569956700007,0,0.425907299667597,0,0.501392583052317,0,0.346917750433649,0,0,0,0.331724444031715,0,0.222677272341148,0,0.168562720445069,0,0,0,0.134786056707517,0,0.360930002277548,0,0.19094343483448,0,0.141215405789977,0,0,0.498147741118644,0,0,0,0.12326187454164,0,0.125456858426332,0,0.241187825798988,0,0.512927770614624,0,0,0,0,0,0.460117489436464,0,0.527549963731032,0.328342151881805,0,0.316901236389365,0,0.29272323846817
0,0,0,0.155012716881082,0,0,0,0,0,0.174300936657156,0,0,0,0,0,0.174984893202782,0,0,0.171737849712372,0,0,0,0,0.201219223439693,0,0,0,0,0,0,0,0,0,0,0,0,0,0.238858039764797,0,0.360274261236191,0,0.325277542743163,0,0,0,0,0,0,0,0.182663406912024,0,0.163569130003452,0,0,0,0.203734294672807,0,0.270274758338928,0,0.259240143439349,0,0.213170519140032,0,0,0,0,0.210516631603241,0,0.256700108448664,0,0,0,0,0,0,0,0,0,0.276211522519588,0,0,0,0.198362368797318,0,0.262931611793645,0.344657585024834,0
0.222805419285608,0,0,0,0.191063676277796,0,0,0,0.18767345266586,0,0,0,0,0,0,0,0,0,0.258292440573374,0,0.282631610569201,0,0,0,0,0,0,0,0,0,0,0,0,0,0,0,0.278510242700577,0,0.289762441068888,0,0.244694950325148,0,0.270746392451904,0,0,0,0.260694845825776,0,0.192856984088818,0,0.222392212273338,0,0,0,0.14537067238528,0,0.246946722782891,0,0.20562244096288,0,0.172086473554373,0,0,0.276173717528582,0,0,0,0,0,0,0,0,0,0.280491158366203,0,0,0,0,0,0.27873585290379,0,0.293572373688221,0.266887276003203,0.272179365158081,0.249766767693931,0,0.249080155576978
0,0.155012716881082,0,0,0,0.178661429375972,0,0,0,0.120596837116913,0,0,0,0,0,0,0,0,0.259208707282176,0.129603117704391,0,0,0,0,0,0,0,0,0,0,0,0,0,0,0,0.203832080364227,0,0.393724501132965,0,0.280100391669707,0,0.271671589076733,0.277249403297901,0.238627150654793,0,0.242495194077492,0,0.241283565759659,0.243011598785718,0.270995261411319,0,0.221324864770752,0,0,0,0.164936986183801,0,0.286056554483043,0,0.220013463103452,0,0.199782125239995,0.258240988308733,0,0,0,0,0,0,0,0,0,0.312275628566742,0,0,0,0,0,0.256782278418541,0,0.365537017583847,0,0.232182812008551,0.236870377023417,0.25577576355065,0.274961644517524,0
0.162681087851524,0,0.191063676277796,0,0,0,0.173435823349603,0,0.174718719596664,0,0,0,0,0,0,0,0,0,0,0,0.185002508262793,0,0,0,0,0,0,0,0,0,0,0,0,0,0,0,0.205423744546401,0,0,0,0.181799348857668,0,0.238350361585617,0,0,0,0.205031489953399,0,0.207287907600403,0,0.173238297338997,0,0.158126408110062,0,0.165460377931595,0,0.217249936782397,0,0.238170862197876,0,0.185098314285278,0,0,0.19951756298542,0,0,0,0,0,0,0,0,0,0,0,0,0,0,0,0.187920801341534,0,0,0.183454338763642,0.172767419368029,0.187845274585265,0,0
0,0,0,0.178661429375972,0,0,0,0.151050045471126,0,0.152136247072901,0,0,0,0,0,0.170663272341092,0.27176533639431,0,0.24833482503891,0.134138775071991,0,0,0,0,0,0,0,0,0,0,0,0,0,0,0,0.194317401103351,0,0,0,0.266069918870926,0,0.252010386969362,0.256930073102315,0,0,0.227880626916885,0,0.216711009542147,0.222671043127775,0.233088527213443,0,0.166373814405823,0,0.167009472846985,0,0,0,0.227770013304857,0,0,0,0.170877019564311,0.167741221713723,0,0,0,0,0,0,0,0,0,0,0,0,0,0,0,0.213655508226819,0,0,0,0.177944700144189,0.196771534844341,0.212051392192878,0.227275639772415,0
0.163252681493759,0,0,0,0.173435823349603,0,0,0,0.168080694296143,0,0.196745568313278,0,0.160712432746704,0,0,0,0,0,0,0,0,0,0,0,0,0,0,0,0,0,0,0,0,0,0,0,0.199410501867533,0,0,0,0.187714770436287,0,0.233237087726593,0,0,0,0.213837347924709,0,0.209832400083542,0,0.158547299799689,0,0.163180383277758,0,0.167071655392647,0,0.191703075127116,0,0.178926226107971,0,0,0,0,0,0,0,0,0,0,0,0,0,0,0,0,0,0,0,0,0,0,0,0.165508415614381,0.168539597217096,0.182310950905085,0,0
0,0,0,0,0,0.151050045471126,0,0,0,0,0,0.178263076146444,0,0.201618278497144,0,0,0,0,0,0,0,0,0,0,0,0,0,0,0,0,0,0,0,0,0,0,0,0,0,0,0,0,0,0,0,0,0,0,0,0,0,0.167675575417168,0,0.206757946626136,0,0,0,0.166675252489802,0,0.156647812575102,0,0,0,0,0,0,0,0,0,0,0,0,0,0,0,0,0,0,0,0,0,0,0.177552132063314,0.249580170455817,0,0,0
0.181169548427245,0,0.18767345266586,0,0.174718719596664,0,0.168080694296143,0,0,0,0,0,0.200176075100899,0,0.2429461602779,0,0.22968168258667,0.276879996061325,0.260667231678963,0,0.241447507270745,0,0,0,0.27112008667722,0,0,0,0,0,0,0,0,0,0,0,0,0,0.230574836688382,0,0.234308886528015,0,0.249736012857069,0,0,0,0.238577792379591,0,0.198841787217294,0,0.180822291650942,0,0,0,0.216156985598509,0,0.266975944841301,0,0.248907923698425,0,0.204140257269521,0,0,0.266272962093353,0,0,0,0.275704799525773,0,0.201819744375017,0,0,0,0.341861296445131,0,0,0,0,0,0.26594532430172,0,0.24619550175137,0.222252211306188,0.204654722291347,0.221291435548128,0,0.245148806439506
0,0.174300936657156,0,0.120596837116913,0,0.152136247072901,0,0,0,0,0,0,0,0,0,0.170657075399702,0.145400404930115,0.15607251226902,0,0,0,0,0,0.204872896022434,0,0,0,0,0,0,0,0,0,0,0,0,0,0.221587040916786,0,0,0,0.281519302837203,0,0,0,0,0,0,0,0.170020818950668,0,0,0,0,0,0.231897819791335,0,0.2548788189888,0,0,0,0.159871570765972,0,0,0,0,0.233955705217246,0,0,0,0,0,0,0,0,0,0,0,0,0,0.283317759463733,0,0.210989510576273,0.190347579053857,0.243986157050251,0.305835051970048,0
0,0,0,0,0,0,0.196745568313278,0,0,0,0,0,0.166070581468009,0,0,0,0,0,0,0,0.243943095207214,0,0,0,0,0,0,0,0.186971907050182,0,0.213009649201443,0,0,0,0,0,0.160423554981138,0,0.145803947487603,0,0,0,0.233349934220314,0,0,0,0.291295617818832,0,0.426098058621089,0,0.24623010626861,0,0.148652149077791,0,0,0,0.195114508436227,0,0.19111842588159,0,0,0,0,0.357812334384237,0,0,0,0,0,0,0,0.187168434262276,0,0.289569590772901,0,0,0,0,0,0,0,0.20391041428259,0.182524823024869,0.180814384034386,0.414129810113656,0,0
0,0,0,0,0,0,0,0.178263076146444,0,0,0,0,0,0.16965514851941,0,0,0,0,0,0.134182596984117,0,0,0,0,0,0,0,0,0,0.164157614876062,0,0,0,0,0,0.141471924631157,0,0.136768896100685,0,0,0,0,0,0,0,0,0,0.203329995274544,0,0,0,0.25133031172057,0,0.160727481047312,0,0,0,0.202306994259442,0,0.160229035870619,0,0,0.137726678912129,0,0,0,0,0,0,0,0,0,0.191534635879226,0,0,0,0,0,0.142473943811911,0,0.138749255991444,0,0.141093312607457,0,0.24543695728625,0,0
0,0,0,0,0,0,0.160712432746704,0,0.200176075100899,0,0.166070581468009,0,0,0,0.170849067847366,0,0,0,0,0,0,0,0,0,0,0,0,0,0,0,0,0,0,0,0,0,0,0,0,0,0,0,0,0,0,0,0,0,0,0,0,0,0.17566908354109,0,0,0,0.196341909468174,0,0.161964346294201,0,0.190245012442271,0,0,0,0,0,0,0,0,0,0,0,0,0,0,0,0,0,0,0,0,0,0.156990347870565,0.167265579238668,0,0,0
0,0,0,0,0,0,0,0.201618278497144,0,0,0,0.16965514851941,0,0,0,0.235481923041136,0,0,0,0,0,0,0,0,0,0,0,0,0,0,0,0,0,0,0,0,0,0,0,0,0,0,0,0,0,0,0,0,0,0,0,0,0,0.15332768112421,0,0,0,0.171572564421473,0,0.196922922136155,0,0.23288467588524,0,0,0,0,0,0,0,0,0.139220962921778,0,0,0,0,0,0,0,0,0,0,0,0.207556036154785,0.259027255078157,0,0,0
0.164234759552138,0,0,0,0,0,0,0,0.2429461602779,0,0,0,0.170849067847366,0,0,0,0.202886030077934,0,0,0,0,0,0,0,0.250912626000012,0,0,0,0,0,0,0,0,0,0,0,0,0,0,0,0,0,0,0,0,0,0,0,0.187296345829964,0,0.176053629471705,0,0,0,0.265534288460209,0,0,0,0.204391279468571,0,0.188850811112408,0,0,0,0,0,0,0.255008820157785,0,0.235716179013252,0,0,0,0,0,0,0,0,0,0,0,0,0.124607155720393,0.187261641025543,0,0,0
0,0.174984893202782,0,0,0,0.170663272341092,0,0,0,0.170657075399702,0,0,0,0.235481923041136,0,0,0,0,0,0,0,0,0,0,0,0,0,0,0,0,0,0,0,0,0,0,0,0,0,0,0,0,0,0,0,0,0,0,0,0,0,0,0,0,0,0.201597062330092,0,0,0,0.243929845591386,0,0.191008887861086,0,0,0,0,0.284303069114685,0,0.165944516658783,0,0,0,0,0,0,0,0,0,0,0,0,0,0.155557466155671,0.142238045463691,0,0,0
0.419032992501008,0,0,0,0,0.27176533639431,0,0,0.22968168258667,0.145400404930115,0,0,0,0,0.202886030077934,0,0,0.188843749240367,0.293660396711124,0,0.402135424315929,0,0.13905847966671,0,0,0.184369361028075,0.150432998383487,0,0,0,0,0,0,0,0,0,0,0,0.414676234126091,0.325766748887427,0.310361590650347,0.277563842841321,0.290183880275353,0.27757421392819,0.282931874195735,0.272266447544098,0.307126849230412,0,0.318454593420029,0.329939842224121,0,0,0,0,0,0,0.304734095931053,0.330841720104218,0,0,0.277423411607742,0,0.301921854416529,0.337109315093983,0,0,0,0,0,0.173008233308792,0,0,0.324889113505681,0,0,0,0,0,0.344465428342422,0.373742310565059,0.360243499279022,0.375950610408416,0.213802869945927,0.138195571747232,0.307557093065519,0.258716881275177,0.295586230090031
0.337563451793459,0,0,0,0,0,0,0,0.276879996061325,0.15607251226902,0,0,0,0,0,0,0.188843749240367,0,0.325393044199123,0,0.362689100205898,0.156817688788782,0,0.150660544633865,0,0.145284378850782,0.139081463217735,0,0,0,0,0,0,0,0,0,0.370250046253204,0,0,0.331793004744931,0.288872430721919,0.285240227563514,0.273511751658387,0.288448494515921,0.27352911233902,0.301729003588359,0.297932878136635,0,0,0,0,0.273481011390686,0,0,0,0,0,0,0,0,0,0.170602142810822,0.328936497370402,0.31906535314477,0,0,0.133518949151039,0,0.131747010876151,0,0,0,0,0,0,0,0,0,0.351480850496808,0.359821313992143,0.394340038299561,0.39513311162591,0.23190539809293,0.163232839229156,0.305747786627232,0.290092358534986,0.269687564836608
0.387705414152857,0.171737849712372,0.258292440573374,0.259208707282176,0,0.24833482503891,0,0,0.260667231678963,0,0,0,0,0,0,0,0.293660396711124,0.325393044199123,0,0,0.396642624468043,0,0,0,0,0.211164331436157,0,0,0,0,0,0,0,0,0,0.357911268870036,0.398900045288934,0.409754350781441,0.410700464690173,0.355870306362718,0.297127991784037,0.23145761937847,0.216158699816076,0.266187643852547,0.216344225056031,0.28211502277968,0.285153697652571,0,0.306306852627609,0.383267108031682,0.276431351900101,0.258245855569839,0,0,0.222178310155869,0.243361122078366,0.30626351266138,0.359336669246356,0,0,0.252282075583935,0.26439180970192,0.321235161481632,0.344488264387409,0,0,0,0,0,0,0,0,0.39062799140811,0.355118168890476,0,0,0,0,0.38523707337396,0.366165232147489,0.461783898182404,0.381222829917225,0.258951446886762,0.252173191971249,0.330744575293563,0.305546117164356,0.229459192359812
0,0,0,0.129603117704391,0,0.134138775071991,0,0,0,0,0,0.134182596984117,0,0,0,0,0,0,0,0,0,0,0,0,0,0,0,0,0,0.157860517501831,0,0,0,0,0,0.153727118639459,0,0.169840326252049,0,0,0,0.171573787927628,0,0,0,0.189286652665872,0,0,0,0,0,0.195193278483855,0,0,0,0,0,0.230019106928791,0,0,0,0,0.148607862741199,0,0,0,0,0,0,0,0,0,0.14559668675065,0,0,0,0,0,0.182786354329437,0,0.237271031166645,0,0.140235859640809,0,0.205919151376818,0,0
0.52246891663355,0,0.282631610569201,0,0.185002508262793,0,0,0,0.241447507270745,0,0.243943095207214,0,0,0,0,0,0.402135424315929,0.362689100205898,0.396642624468043,0,0,0,0,0,0,0,0,0,0,0,0,0,0,0,0,0,0.198963904970919,0,0.239517025924858,0.344936311244965,0.221179384451646,0,0.369803075542611,0.303604245185852,0.395419582724571,0,0.284741380275824,0,0.284949346409216,0,0.239424331391111,0,0,0,0.265742838382721,0,0.219912713867986,0,0.263672919943929,0,0.325156226754189,0,0,0.269015542275519,0,0,0,0,0,0,0,0,0,0.439322494901717,0,0,0,0,0.409208595752716,0.230633930366006,0,0.282033414890369,0.260413754196808,0.223222568631172,0.341820451135961,0,0.437420811165463
0,0,0,0,0,0,0,0,0,0,0,0,0,0,0,0,0,0.156817688788782,0,0,0,0,0.123115482108135,0.20528897855963,0,0,0,0.136689008772373,0,0,0,0,0,0,0,0,0,0.208475426678694,0,0,0,0,0,0,0,0,0,0,0,0.242035624994473,0,0,0,0,0,0,0,0,0,0,0,0,0,0,0.185686874979076,0.0734934348613024,0.2363072254654,0,0.1821378916502,0,0.217253714799881,0,0,0,0,0,0,0,0,0,0.253167729480908,0,0.133158068815667,0.135157115800783,0,0,0
0,0,0,0,0,0,0,0,0,0,0,0,0,0,0,0,0.13905847966671,0,0,0,0,0.123115482108135,0,0,0.160728270086375,0,0,0,0.186944309457213,0,0,0,0,0,0,0,0,0.174991279840469,0.25964879534977,0,0,0,0,0,0,0,0,0,0.318088328763843,0,0,0,0,0,0,0,0,0,0,0,0,0,0,0,0.0952406767755747,0.172482190937006,0,0.103117188582054,0,0.207892045378685,0,0.196900749643301,0,0,0,0,0,0,0,0,0,0.340423263545364,0.133128839858941,0.133298153152405,0,0,0
0,0.201219223439693,0,0,0,0,0,0,0,0.204872896022434,0,0,0,0,0,0,0,0.150660544633865,0,0,0,0.20528897855963,0,0,0,0.149369066500145,0,0,0,0,0,0,0,0,0,0,0,0.227122388912313,0,0,0,0.194403354078531,0,0,0,0,0,0,0,0,0,0,0,0,0,0.255589531797941,0,0,0,0,0,0,0,0,0.233799611267291,0,0.223079018617747,0,0.233332301676273,0,0,0,0,0,0,0,0.231859400868416,0,0,0,0.313859364367965,0,0.141873325010141,0,0.171332060794036,0,0
0.280656526486079,0,0,0,0,0,0,0,0.27112008667722,0,0,0,0,0,0.250912626000012,0,0,0,0,0,0,0,0.160728270086375,0,0,0,0.196335618560379,0,0,0,0,0,0,0,0,0,0,0,0.208050216364522,0,0,0,0.217877653850751,0,0,0,0,0,0.223622587724374,0,0,0,0,0,0.277968801216248,0,0,0,0,0,0.218077628236068,0,0,0,0,0.197242501561772,0,0.173494279533506,0,0.2035786402714,0,0.104920603334904,0,0,0,0,0,0,0,0,0,0.2289233528484,0.217596923808257,0,0.238483141127386,0,0.238564148545265
0,0,0,0,0,0,0,0,0,0,0,0,0,0,0,0,0.184369361028075,0.145284378850782,0.211164331436157,0,0,0,0,0.149369066500145,0,0,0,0.208624359220266,0,0,0,0,0,0,0,0,0,0,0,0,0,0,0,0,0,0,0,0,0,0,0,0,0,0,0,0,0,0,0,0,0,0,0,0,0,0,0.137917026877403,0,0.126872109249234,0,0,0,0,0,0,0,0,0,0,0,0,0,0.200985372066498,0,0,0,0
0,0,0,0,0,0,0,0,0,0,0,0,0,0,0,0,0.150432998383487,0.139081463217735,0,0,0,0,0,0,0.196335618560379,0,0,0,0.136095374822617,0,0,0,0,0,0,0,0,0,0,0,0,0,0,0,0,0,0,0,0,0,0,0,0,0,0,0,0,0,0,0,0.172478854656219,0,0,0,0,0,0,0,0,0.179614975483624,0,0,0,0,0,0,0,0,0,0,0,0,0,0,0,0,0
0,0,0,0,0,0,0,0,0,0,0,0,0,0,0,0,0,0,0,0,0,0.136689008772373,0,0,0,0.208624359220266,0,0,0,0.126621200618419,0,0,0,0,0,0,0,0.127854071557522,0,0,0,0,0,0,0,0,0,0,0,0,0,0,0,0,0,0,0,0,0,0.150806036219001,0,0,0,0,0.158303614705801,0,0,0,0.185883740308108,0,0.179410660049155,0,0,0,0,0,0,0,0,0,0,0,0,0,0,0,0
0,0,0,0,0,0,0,0,0,0,0.186971907050182,0,0,0,0,0,0,0,0,0,0,0,0.186944309457213,0,0,0,0.136095374822617,0,0,0,0.174586760297195,0,0,0,0,0,0,0,0.177136990427971,0,0,0,0,0,0,0,0,0,0,0,0,0,0,0,0,0,0,0,0,0,0,0,0,0,0,0,0,0,0,0.205193528532982,0,0.174095454565857,0,0,0,0,0,0,0,0,0,0,0.15606296419033,0.159976881618301,0,0,0
0,0,0,0,0,0,0,0,0,0,0,0.164157614876062,0,0,0,0,0,0,0,0.157860517501831,0,0,0,0,0,0,0,0.126621200618419,0,0,0,0,0,0,0,0,0,0.142157468420919,0,0,0,0,0,0,0,0,0,0,0,0,0,0,0,0,0,0,0,0.178061891839189,0,0,0,0,0.161883806188901,0,0,0,0,0,0,0,0.128345331177115,0,0.175917293458359,0,0,0,0,0,0,0,0.141680844456834,0,0.152161617577076,0,0,0,0
0,0,0,0,0,0,0,0,0,0,0.213009649201443,0,0,0,0,0,0,0,0,0,0,0,0,0,0,0,0,0,0.174586760297195,0,0,0,0,0,0,0,0,0,0.155076127423316,0,0,0,0,0,0,0,0,0,0,0,0,0,0,0,0,0,0,0,0,0,0,0,0,0,0,0,0,0,0,0,0,0.159354995522234,0,0.220453789585985,0,0,0,0,0,0,0,0.204199640588327,0.157373179486412,0.164135407560911,0,0,0
0,0,0,0,0,0,0,0,0,0,0,0,0,0,0,0,0,0,0,0,0,0,0,0,0,0,0,0,0,0,0,0,0.169097210636468,0.230353086632867,0,0.156748817073849,0.129540249705315,0,0,0,0.447490394115448,0,0,0,0,0,0,0.348713589877915,0.501800418684357,0,0,0,0,0,0,0,0,0,0,0,0,0,0,0,0,0,0,0,0,0,0,0,0,0,0.216802864206758,0.13327540638479,0.242509001967298,0,0,0,0,0,0.143565214785009,0,0.484132861675218,0,0
0,0,0,0,0,0,0,0,0,0,0,0,0,0,0,0,0,0,0,0,0,0,0,0,0,0,0,0,0,0,0,0.169097210636468,0,0.177037939429283,0.180914451430241,0.146259263157845,0.173966540821961,0,0,0,0.282558679580688,0,0,0,0,0,0,0.218923254811058,0.322468384169042,0,0,0,0,0,0,0,0,0,0,0,0,0,0,0,0,0,0,0,0,0,0,0,0,0,0.199043975936042,0.18769005331336,0.176477911571662,0.224963204822684,0,0.255468398119722,0,0,0.139946766918705,0,0,0,0
0,0,0,0,0,0,0,0,0,0,0,0,0,0,0,0,0,0,0,0,0,0,0,0,0,0,0,0,0,0,0,0.230353086632867,0.177037939429283,0,0.17964455819183,0.156905945390463,0.173264235258102,0.264584001667035,0.704378991513639,0,0.448275372385979,0,0.444115348160267,0,0,0,0,0.428127616974407,0.573874042431514,0,0,0,0,0,0,0,0,0,0,0,0,0,0,0,0,0,0,0,0,0,0,0,0,0,0.242720261667714,0,0.223551640713406,0.154696375492535,0.182407318399503,0,0.35265505174996,0.143059196797284,0.192163426937679,0.194063782691956,0.455912440904865,0,0
0,0,0,0,0,0,0,0,0,0,0,0,0,0,0,0,0,0,0,0,0,0,0,0,0,0,0,0,0,0,0,0,0.180914451430241,0.17964455819183,0,0.190337793777386,0.182359576026599,0.335790352523327,0.170301757158677,0,0,0,0,0,0,0,0,0.268509652704563,0.2089609844344,0,0,0,0,0,0,0,0,0,0,0,0,0,0,0,0,0,0,0,0,0,0,0,0,0,0,0.157075181985513,0.194302697107196,0.184310749560128,0.198672442776816,0.163005778838319,0,0.176875586477174,0.171191688885193,0,0,0,0
0,0,0,0.203832080364227,0,0.194317401103351,0,0,0,0,0,0.141471924631157,0,0,0,0,0,0,0.357911268870036,0.153727118639459,0,0,0,0,0,0,0,0,0,0,0,0.156748817073849,0.146259263157845,0.156905945390463,0.190337793777386,0,0.159298681519895,0.165928808775101,0.161064457782405,0.256677257517974,0.157902697101235,0.261492028832436,0,0,0,0.220025840939747,0,0.191517010331154,0.194683685898781,0.181573962171872,0,0.213473879838292,0,0,0,0.206811994314194,0,0.219172381795943,0,0.240807116031647,0,0,0.16294295944657,0,0,0,0,0,0,0,0,0,0.264335523049037,0,0.173041436983191,0,0.159712138313514,0,0.203754304357441,0.136093191214298,0.193061898100472,0,0.179766656366673,0.179726273344274,0.215702847328061,0.332046270370483,0
0.455569956700007,0,0.278510242700577,0,0.205423744546401,0,0.199410501867533,0,0,0,0.160423554981138,0,0,0,0,0,0,0.370250046253204,0.398900045288934,0,0.198963904970919,0,0,0,0,0,0,0,0,0,0,0.129540249705315,0.173966540821961,0.173264235258102,0.182359576026599,0.159298681519895,0,0.172896914184093,0.160701470260006,0.348397195339203,0.16223267801106,0,0.25804588812239,0,0,0.176469810307026,0.238251622879144,0.222941232078216,0.208589040589604,0,0.193548617263635,0,0,0,0,0,0.165898848846169,0,0,0,0,0,0,0.264002353251294,0,0,0,0,0,0,0,0,0,0,0,0.168512907832168,0,0.153160825939822,0.18757567839189,0.212073597066024,0,0.208287371060559,0.182616486561899,0.168786480290284,0.219612443366566,0,0
0,0.238858039764797,0,0.393724501132965,0,0,0,0,0,0.221587040916786,0,0.136768896100685,0,0,0,0,0,0,0.409754350781441,0.169840326252049,0,0.208475426678694,0.174991279840469,0.227122388912313,0,0,0,0.127854071557522,0,0.142157468420919,0,0,0,0.264584001667035,0.335790352523327,0.165928808775101,0.172896914184093,0,0.246558739914227,0,0,0.168721672804917,0,0,0,0.274068432838418,0,0.736207933646852,0.765820741653442,0.24878526072991,0,0,0,0,0,0.187714205185572,0,0.147149871303035,0,0,0,0,0.179971554827306,0,0.317347016610952,0,0.232275290164911,0,0,0,0.295968822848338,0,0.15919165297047,0,0,0,0.25619730367217,0,0.16498332112672,0,0.229944032671371,0.130562227742731,0.172631777376936,0.141143937812264,0.242932336537107,0.309318736195564,0
0.425907299667597,0,0.289762441068888,0,0,0,0,0,0.230574836688382,0,0.145803947487603,0,0,0,0,0,0.414676234126091,0,0.410700464690173,0,0.239517025924858,0,0.25964879534977,0,0.208050216364522,0,0,0,0.177136990427971,0,0.155076127423316,0,0,0.704378991513639,0.170301757158677,0.161064457782405,0.160701470260006,0.246558739914227,0,0,0.263465976715088,0,0.341197744011879,0,0,0,0.269940312486142,0.539684584392565,0.382590936942839,0,0,0,0,0,0.260932275277423,0,0.160226478707045,0,0,0,0,0,0,0.322234248722494,0,0.218589840678587,0,0.228424283054968,0,0.283053476144286,0,0.243326095973744,0,0.205401634068593,0,0,0,0.131958803085432,0.179501856366793,0.20693375273842,0.171277626202657,0.233244214945516,0.201415244878661,0.166658924048677,0.426304084076374,0,0.418663756413893
0,0.360274261236191,0,0.280100391669707,0,0.266069918870926,0,0,0,0,0,0,0,0,0,0,0.325766748887427,0.331793004744931,0.355870306362718,0,0.344936311244965,0,0,0,0,0,0,0,0,0,0,0,0,0,0,0.256677257517974,0.348397195339203,0,0,0,0,0.311440989209316,0.261669769883156,0.385267289859407,0.271640859544277,0.279106303333827,0.351525833209356,0.195889810721079,0.207141036788623,0.170997887576149,0,0.236953064799309,0,0,0,0.269910512225969,0,0.258562564849854,0,0,0,0,0.235866870284081,0.364631466567516,0,0,0,0,0,0,0,0,0.29928477650339,0,0,0,0,0,0.287611990507133,0.357100951282874,0.285358781261103,0,0.306393881108654,0.268693967869407,0.316351805225302,0.445380924013554,0.346148818731308
0.501392583052317,0,0.244694950325148,0,0.181799348857668,0,0.187714770436287,0,0.234308886528015,0,0,0,0,0,0,0,0.310361590650347,0.288872430721919,0.297127991784037,0,0.221179384451646,0,0,0,0,0,0,0,0,0,0,0.447490394115448,0.282558679580688,0.448275372385979,0,0.157902697101235,0.16223267801106,0,0.263465976715088,0,0,0.411319315433502,0.32042302099356,0,0.276980619877577,0,0.218299169472592,0.470692185455544,0.442215292550971,0.404739916324615,0.232587710022926,0,0,0,0,0,0.238413894001175,0,0,0,0.224631957709789,0,0,0.21285823970399,0,0,0,0,0,0,0,0,0,0.319348815414641,0.440974593162537,0,0,0,0.282608479261398,0.300610120134975,0,0.30535078736452,0.348911112146591,0,0.313659569356691,0,0.306680406241313
0,0.325277542743163,0,0.271671589076733,0,0.252010386969362,0,0,0,0.281519302837203,0,0,0,0,0,0,0.277563842841321,0.285240227563514,0.23145761937847,0.171573787927628,0,0,0,0.194403354078531,0,0,0,0,0,0,0,0,0,0,0,0.261492028832436,0,0.168721672804917,0,0.311440989209316,0.411319315433502,0,0.224518649486591,0.34234049011554,0.181499094598823,0.294891601971218,0.217469986528158,0.388625279908449,0.310332244634628,0.316422329326606,0,0.254468828439713,0,0,0,0.244741043966749,0,0.325085939708092,0,0.259503066539764,0,0.292516201734543,0.314159447779355,0.316580524047216,0,0,0.173281915485859,0,0,0,0,0,0.394932237105305,0,0,0,0,0,0.301691962358279,0.299989998340607,0.291095285461499,0,0.256645671965568,0.297231680685931,0.308237569118609,0.304050076948113,0.338570564985275
0.346917750433649,0,0.270746392451904,0.277249403297901,0.238350361585617,0.256930073102315,0.233237087726593,0,0.249736012857069,0,0.233349934220314,0,0,0,0,0,0.290183880275353,0.273511751658387,0.216158699816076,0,0.369803075542611,0,0,0,0.217877653850751,0,0,0,0,0,0,0,0,0.444115348160267,0,0,0.25804588812239,0,0.341197744011879,0.261669769883156,0.32042302099356,0.224518649486591,0,0.292158454656601,0.170577692771763,0,0.249531572100421,0.435597503287161,0.418471108082324,0.368677949905395,0.235262687717165,0.238046213984489,0,0,0.251947265118361,0,0.347061440747626,0,0.334076763441165,0,0.271363934332674,0,0.27916145324707,0.328607676462449,0,0,0,0.252742660045624,0,0,0,0.320858833193779,0,0.306380555532467,0,0,0,0,0.287696877121925,0.286319386573031,0,0.333994429720485,0.286382440542632,0.274636078705179,0.298341005105466,0,0.224935660634538
0,0,0,0.238627150654793,0,0,0,0,0,0,0,0,0,0,0,0,0.27757421392819,0.288448494515921,0.266187643852547,0,0.303604245185852,0,0,0,0,0,0,0,0,0,0,0,0,0,0,0,0,0,0,0.385267289859407,0,0.34234049011554,0.292158454656601,0,0.177027309934298,0.393045023083687,0.322559401392937,0,0,0.401960149407387,0,0,0,0,0,0,0,0,0,0,0,0,0.339655228532278,0.32881160825491,0,0,0,0,0,0,0,0,0.422925472259521,0,0,0,0,0,0.402985986990806,0.343510687351227,0.461076195041339,0,0.27739364072933,0,0.373994419373662,0.400579407811165,0
0,0,0,0,0,0,0,0,0,0,0,0,0,0,0,0,0.282931874195735,0.27352911233902,0.216344225056031,0,0.395419582724571,0,0,0,0,0,0,0,0,0,0,0,0,0,0,0,0,0,0,0.271640859544277,0.276980619877577,0.181499094598823,0.170577692771763,0.177027309934298,0,0,0.224110513499805,0,0,0,0,0,0,0,0,0,0,0,0,0,0,0,0.29040589928627,0.311608054808208,0,0,0,0,0,0,0,0,0,0.305393517017365,0,0,0,0,0.334215777260917,0.32139707158638,0,0.339839813113213,0.213710721971384,0,0.205336503007195,0,0.197119549661875
0,0,0,0.242495194077492,0,0.227880626916885,0,0,0,0,0,0,0,0,0,0,0.272266447544098,0.301729003588359,0.28211502277968,0.189286652665872,0,0,0,0,0,0,0,0,0,0,0,0,0,0,0,0.220025840939747,0.176469810307026,0.274068432838418,0,0.279106303333827,0,0.294891601971218,0,0.393045023083687,0,0,0,0.19994343444705,0.201172976030244,0.216979180276394,0,0,0,0,0,0,0,0.318302219112714,0,0,0,0,0.212680818024886,0.315261900424957,0,0,0,0,0,0,0,0,0.326712901467708,0,0,0,0,0,0.243131991216996,0.177618265151978,0.325813674161004,0,0.223369394307551,0.217815488576889,0.287097569212095,0,0
0.331724444031715,0,0.260694845825776,0,0.205031489953399,0,0.213837347924709,0,0.238577792379591,0,0.291295617818832,0,0,0,0,0,0.307126849230412,0.297932878136635,0.285153697652571,0,0.284741380275824,0,0,0,0,0,0,0,0,0,0,0,0,0,0,0,0.238251622879144,0,0.269940312486142,0.351525833209356,0.218299169472592,0.217469986528158,0.249531572100421,0.322559401392937,0.224110513499805,0,0,0,0.258379859882489,0,0.235471070959018,0,0,0,0,0,0.265082210222239,0,0.251356000346797,0,0.246705610553424,0,0,0.316670945728132,0,0,0,0,0,0,0,0,0,0.290413431823254,0,0,0,0,0.349081122875214,0.331410343444981,0,0.314821147797059,0.275960579514503,0.268920813288007,0.267662212873874,0.297691315412521,0.246763980636994
0,0,0,0.241283565759659,0,0.216711009542147,0,0,0,0,0,0.203329995274544,0,0,0,0,0,0,0,0,0,0,0,0,0,0,0,0,0,0,0,0.348713589877915,0.218923254811058,0.428127616974407,0.268509652704563,0.191517010331154,0.222941232078216,0.736207933646852,0.539684584392565,0.195889810721079,0.470692185455544,0.388625279908449,0.435597503287161,0,0,0.19994343444705,0,0,0.467457625092282,0.243448410679897,0,0.222881495952606,0,0,0,0,0,0.216263338923454,0,0,0,0,0,0,0,0,0,0,0,0,0,0,0,0,0.382224310040474,0.281119609126203,0.274045371618427,0.285525134503841,0.288517015721525,0.286707678142381,0.403987712585009,0.24906302969667,0.386378808029305,0.262969233095646,0.460498484293349,0.385355725884438,0.441579056637628
0.222677272341148,0,0.192856984088818,0.243011598785718,0.207287907600403,0.222671043127775,0.209832400083542,0,0.198841787217294,0,0.426098058621089,0,0,0,0.187296345829964,0,0.318454593420029,0,0.306306852627609,0,0.284949346409216,0,0.318088328763843,0,0.223622587724374,0,0,0,0,0,0,0.501800418684357,0.322468384169042,0.573874042431514,0.2089609844344,0.194683685898781,0.208589040589604,0.765820741653442,0.382590936942839,0.207141036788623,0.442215292550971,0.310332244634628,0.418471108082324,0,0,0.201172976030244,0.258379859882489,0.467457625092282,0,0.288556023548215,0.196435950696468,0.232879790663719,0,0,0.15616971462965,0.230339005589485,0.265212396986863,0,0.222869635774539,0,0.156137690685763,0.256144434213638,0,0.248552454505549,0,0.373125638536833,0,0.220116832123621,0,0.256345398243397,0,0.2415673310558,0.237513855099678,0.293658336767784,0.513247655704618,0.308161199092865,0,0.300497143812802,0,0.304507149406096,0.266806989908218,0.319134899041143,0.474650030347152,0.262896684499887,0.328870398470824,0,0.287368600697894
0,0.182663406912024,0,0.270995261411319,0,0.233088527213443,0,0,0,0.170020818950668,0,0,0,0,0,0,0.329939842224121,0,0.383267108031682,0,0,0.242035624994473,0,0,0,0,0,0,0,0,0,0,0,0,0,0.181573962171872,0,0.24878526072991,0,0.170997887576149,0.404739916324615,0.316422329326606,0.368677949905395,0.401960149407387,0,0.216979180276394,0,0.243448410679897,0.288556023548215,0,0,0.201940244063735,0,0,0,0.208092075060396,0,0.295217383239004,0,0,0,0.196829328934352,0.308126134797931,0,0.259013503789902,0,0,0,0,0,0.239922990401586,0,0.343020173055785,0,0.243140608072281,0,0.233473982839357,0,0.192090924573309,0,0.264449699901842,0.411516010761261,0.293517491654201,0.258247171456997,0.261235951962512,0.35179397784901,0
0.168562720445069,0,0.222392212273338,0,0.173238297338997,0,0.158547299799689,0,0.180822291650942,0,0.24623010626861,0,0,0,0.176053629471705,0,0,0,0.276431351900101,0,0.239424331391111,0,0,0,0,0,0,0,0,0,0,0,0,0,0,0,0.193548617263635,0,0,0,0.232587710022926,0,0.235262687717165,0,0,0,0.235471070959018,0,0.196435950696468,0,0,0,0.15668607386974,0,0.185031816363335,0,0.252329649815434,0,0.249474475594008,0,0.22166756954458,0,0,0.246036567148708,0,0,0,0,0,0,0,0,0,0,0,0,0,0,0,0.236032612621784,0,0,0.16827360905853,0.173863425850868,0.24185885328658,0,0
0,0.163569130003452,0,0.221324864770752,0,0.166373814405823,0,0.167675575417168,0,0,0,0.25133031172057,0,0,0,0,0,0.273481011390686,0.258245855569839,0.195193278483855,0,0,0,0,0,0,0,0,0,0,0,0,0,0,0,0.213473879838292,0,0,0,0.236953064799309,0,0.254468828439713,0.238046213984489,0,0,0,0,0.222881495952606,0.232879790663719,0.201940244063735,0,0,0,0.17823478030531,0,0.172161342576146,0,0.273391732332592,0,0,0,0.170126645780001,0.189315395845208,0,0,0,0,0,0,0,0,0,0.251031488180161,0,0,0,0,0,0.221246681279606,0,0,0,0.179337962602794,0.222841382810944,0.246530524691585,0,0
0,0,0,0,0.158126408110062,0,0.163180383277758,0,0,0,0.148652149077791,0,0.17566908354109,0,0,0,0,0,0,0,0,0,0,0,0,0,0,0,0,0,0,0,0,0,0,0,0,0,0,0,0,0,0,0,0,0,0,0,0,0,0.15668607386974,0,0,0,0,0,0.20985057310583,0,0.189449559631092,0,0,0,0,0,0,0,0,0,0,0,0,0,0,0,0,0,0,0,0,0,0,0,0.164115561480902,0.163493736088276,0,0,0
0,0,0,0,0,0.167009472846985,0,0.206757946626136,0,0,0,0.160727481047312,0,0.15332768112421,0,0,0,0,0,0,0,0,0,0,0,0,0,0,0,0,0,0,0,0,0,0,0,0,0,0,0,0,0,0,0,0,0,0,0,0,0,0.17823478030531,0,0,0,0,0,0.209950208233271,0,0.129126959903674,0,0,0,0,0,0,0,0,0,0,0,0,0,0,0,0,0,0,0,0,0,0,0.200008200747626,0.263635931743516,0,0,0
0.134786056707517,0,0.14537067238528,0,0.165460377931595,0,0.167071655392647,0,0.216156985598509,0,0,0,0,0,0.265534288460209,0,0,0,0.222178310155869,0,0.265742838382721,0,0,0,0.277968801216248,0,0,0,0,0,0,0,0,0,0,0,0,0,0.260932275277423,0,0,0,0.251947265118361,0,0,0,0,0,0.15616971462965,0,0.185031816363335,0,0,0,0,0,0.242129743099213,0,0.195732638239861,0,0.146314811071052,0,0,0,0,0,0,0.285696347523144,0,0.188035881945065,0,0.232277601957321,0,0.258133828639984,0,0,0,0,0,0.336364895105362,0,0.283974181704161,0.171174913206521,0,0.229319815937231,0,0.222774495681127
0,0.203734294672807,0,0.164936986183801,0,0,0,0,0,0.231897819791335,0,0,0,0,0,0.201597062330092,0,0,0.243361122078366,0,0,0,0,0.255589531797941,0,0,0,0,0,0,0,0,0,0,0,0.206811994314194,0,0.187714205185572,0,0.269910512225969,0,0.244741043966749,0,0,0,0,0,0,0.230339005589485,0.208092075060396,0,0.172161342576146,0,0,0,0,0,0,0,0,0,0,0.320254594087601,0,0,0,0.292819454175241,0,0,0,0,0,0.260514054447412,0,0,0,0,0,0.215742439031601,0,0.319016754627228,0,0.20860244333744,0.204581810368432,0.223138818020622,0,0
0.360930002277548,0,0.246946722782891,0,0.217249936782397,0,0.191703075127116,0,0.266975944841301,0,0.195114508436227,0,0.196341909468174,0,0,0,0.304734095931053,0,0.30626351266138,0,0.219912713867986,0,0,0,0,0,0,0,0,0,0,0,0,0,0,0,0.165898848846169,0,0.160226478707045,0,0.238413894001175,0,0.347061440747626,0,0,0,0.265082210222239,0,0.265212396986863,0,0.252329649815434,0,0.20985057310583,0,0.242129743099213,0,0,0,0.25038566948338,0,0.233236017823219,0,0,0.304971491991712,0,0,0,0,0,0,0,0.321368691967983,0,0.336517870645851,0,0,0,0,0,0.294130546230714,0,0.199298837021285,0.249068485052736,0.155372053384781,0.349104189381219,0,0.357101854085922
0,0.270274758338928,0,0.286056554483043,0,0.227770013304857,0,0.166675252489802,0,0.2548788189888,0,0.202306994259442,0,0.171572564421473,0,0,0.330841720104218,0,0.359336669246356,0.230019106928791,0,0,0,0,0,0,0,0,0,0.178061891839189,0,0,0,0,0,0.219172381795943,0,0.147149871303035,0,0.258562564849854,0,0.325085939708092,0,0,0,0.318302219112714,0,0.216263338923454,0,0.295217383239004,0,0.273391732332592,0,0.209950208233271,0,0,0,0,0,0.179092380472205,0,0,0.26664493469585,0,0,0,0,0,0,0,0,0,0.241165695202865,0,0,0,0,0,0.258297829329967,0,0.149152182582496,0,0.215136965573991,0.27390932398183,0.286741042806861,0.345702071623369,0
0.19094343483448,0,0.20562244096288,0,0.238170862197876,0,0.178926226107971,0,0.248907923698425,0,0.19111842588159,0,0.161964346294201,0,0.204391279468571,0,0,0,0,0,0.263672919943929,0,0,0,0,0,0,0,0,0,0,0,0,0,0,0,0,0,0,0,0,0,0.334076763441165,0,0,0,0.251356000346797,0,0.222869635774539,0,0.249474475594008,0,0.189449559631092,0,0.195732638239861,0,0.25038566948338,0,0,0,0.210802324508366,0,0,0.275098056955771,0,0,0,0,0,0,0,0,0,0.237978100776672,0,0,0,0,0,0,0,0,0.159424519809479,0.167274506945236,0.266546189402923,0,0.224786356091499
0,0.259240143439349,0,0.220013463103452,0,0,0,0.156647812575102,0,0,0,0.160229035870619,0,0.196922922136155,0,0.243929845591386,0,0,0,0,0,0,0,0,0,0,0,0.150806036219001,0,0,0,0,0,0,0,0.240807116031647,0,0,0,0,0,0.259503066539764,0,0,0,0,0,0,0,0,0,0,0,0.129126959903674,0,0,0,0.179092380472205,0,0,0,0.223567410214399,0,0,0,0,0,0,0,0,0.175253130900471,0,0,0,0,0,0,0,0,0,0,0,0.193120388899531,0.171725832249807,0.250341264605522,0,0
0.141215405789977,0,0.172086473554373,0,0.185098314285278,0,0,0,0.204140257269521,0,0,0,0.190245012442271,0,0.188850811112408,0,0.277423411607742,0,0.252282075583935,0,0.325156226754189,0,0,0,0.218077628236068,0,0.172478854656219,0,0,0,0,0,0,0,0,0,0,0,0,0,0.224631957709789,0,0.271363934332674,0,0,0,0.246705610553424,0,0.156137690685763,0,0.22166756954458,0,0,0,0.146314811071052,0,0.233236017823219,0,0.210802324508366,0,0,0,0,0.236940085887909,0,0,0,0.240099715797797,0,0.200047418475151,0,0.172656551003456,0,0,0,0,0,0,0,0.255969239132745,0,0.342278547585011,0.267778267463048,0.1995769739151,0.203657176421613,0,0.209119386970997
0,0.213170519140032,0,0.199782125239995,0,0.170877019564311,0,0,0,0.159871570765972,0,0,0,0.23288467588524,0,0.191008887861086,0,0.170602142810822,0.26439180970192,0,0,0,0,0,0,0,0,0,0,0,0,0,0,0,0,0,0,0,0,0,0,0.292516201734543,0,0,0,0,0,0,0.256144434213638,0.196829328934352,0,0.170126645780001,0,0,0,0,0,0,0,0.223567410214399,0,0,0,0,0,0,0,0,0.231759639886709,0,0,0,0.270196348428726,0,0,0,0,0,0.218248561024666,0,0,0,0.209605420629183,0,0.220749712238709,0,0
0,0,0,0.258240988308733,0,0.167741221713723,0,0,0,0,0,0.137726678912129,0,0,0,0,0.301921854416529,0.328936497370402,0.321235161481632,0.148607862741199,0,0,0,0,0,0,0,0,0,0.161883806188901,0,0,0,0,0,0.16294295944657,0,0.179971554827306,0,0.235866870284081,0,0.314159447779355,0.27916145324707,0.339655228532278,0.29040589928627,0.212680818024886,0,0,0,0.308126134797931,0,0.189315395845208,0,0,0,0.320254594087601,0,0.26664493469585,0,0,0,0,0,0,0,0,0,0,0,0,0,0,0.250771155228486,0,0,0,0,0,0.240887568870942,0,0.260443277046329,0,0.194450071396736,0.212975392738978,0.275781760108515,0.316076860978053,0
0.498147741118644,0,0.276173717528582,0,0.19951756298542,0,0,0,0.266272962093353,0,0.357812334384237,0,0,0,0,0,0.337109315093983,0.31906535314477,0.344488264387409,0,0.269015542275519,0,0,0,0,0,0,0,0,0,0,0,0,0,0,0,0.264002353251294,0,0.322234248722494,0.364631466567516,0.21285823970399,0.316580524047216,0.328607676462449,0.32881160825491,0.311608054808208,0.315261900424957,0.316670945728132,0,0.248552454505549,0,0.246036567148708,0,0,0,0,0,0.304971491991712,0,0.275098056955771,0,0.236940085887909,0,0,0,0,0,0,0,0,0,0,0,0,0.407663680234198,0,0,0,0,0.372590616345406,0.270626292302082,0,0.386239880947648,0.347852066112536,0.27896885201335,0.335367175854714,0,0.403235374204814
0,0,0,0,0,0,0,0,0,0,0,0,0,0,0,0,0,0,0,0,0,0.185686874979076,0.0952406767755747,0.233799611267291,0,0,0,0.158303614705801,0,0,0,0,0,0,0,0,0,0.317347016610952,0,0,0,0,0,0,0,0,0,0,0,0.259013503789902,0,0,0,0,0,0,0,0,0,0,0,0,0,0,0,0,0.235641581484595,0,0.26759724242565,0,0.255782322316873,0,0,0,0,0,0,0,0,0,0.390599130083245,0,0.132667543691775,0.134660484461949,0,0,0
0,0,0,0,0,0,0,0,0,0,0,0,0,0,0,0,0,0,0,0,0,0.0734934348613024,0.172482190937006,0,0.197242501561772,0,0,0,0,0,0,0,0,0,0,0,0,0,0.218589840678587,0,0,0,0,0,0,0,0,0,0.373125638536833,0,0,0,0,0,0,0,0,0,0,0,0,0,0,0,0,0,0,0.138613090632064,0,0,0,0.205189020600584,0,0,0,0,0,0,0,0,0,0.349985246570947,0.147624072459895,0.103102844208479,0,0,0
0,0.210516631603241,0,0,0,0,0,0,0,0.233955705217246,0,0,0,0,0,0.284303069114685,0,0.133518949151039,0,0,0,0.2363072254654,0,0.223079018617747,0,0.137917026877403,0,0,0,0,0,0,0,0,0,0,0,0.232275290164911,0,0,0,0.173281915485859,0,0,0,0,0,0,0,0,0,0,0,0,0,0.292819454175241,0,0,0,0,0,0,0,0,0.235641581484595,0,0,0,0.292746724614075,0,0.253297125021894,0,0,0,0,0,0,0,0,0,0.306594200051941,0,0.132139179855585,0,0.186957061055078,0,0
0.12326187454164,0,0,0,0,0,0,0,0.275704799525773,0,0,0,0,0,0.255008820157785,0,0,0,0,0,0,0,0.103117188582054,0,0.173494279533506,0,0,0,0,0,0,0,0,0,0,0,0,0,0.228424283054968,0,0,0,0.252742660045624,0,0,0,0,0,0.220116832123621,0,0,0,0,0,0.285696347523144,0,0,0,0,0,0.240099715797797,0,0,0,0,0.138613090632064,0,0,0,0.245706779068102,0,0.111340134271554,0,0,0,0,0,0,0,0,0,0.275168479054036,0.227004954194436,0,0.285905137794079,0,0
0,0.256700108448664,0,0,0,0,0,0,0,0,0,0,0,0,0,0.165944516658783,0,0.131747010876151,0,0,0,0.1821378916502,0,0.233332301676273,0,0.126872109249234,0,0.185883740308108,0,0,0,0,0,0,0,0,0,0,0,0,0,0,0,0,0,0,0,0,0,0,0,0,0,0,0,0,0,0,0,0,0,0.231759639886709,0,0,0.26759724242565,0,0.292746724614075,0,0,0,0.240208534228104,0,0,0,0,0,0,0,0,0,0,0,0.163778811693192,0,0,0,0
0.125456858426332,0,0,0,0,0,0,0,0.201819744375017,0,0,0,0,0,0.235716179013252,0,0.173008233308792,0,0,0,0,0,0.207892045378685,0,0.2035786402714,0,0.179614975483624,0,0.205193528532982,0,0,0,0,0,0,0,0,0,0.283053476144286,0,0,0,0,0,0,0,0,0,0.256345398243397,0,0,0,0,0,0.188035881945065,0,0,0,0,0,0.200047418475151,0,0,0,0,0,0,0.245706779068102,0,0,0,0.220004111324271,0,0,0,0,0,0,0,0,0,0.304790218671163,0.251243829727173,0,0.302129144469897,0,0
0,0,0,0,0,0,0,0,0,0,0,0,0,0.139220962921778,0,0,0,0,0,0,0,0.217253714799881,0,0,0,0,0,0.179410660049155,0,0.128345331177115,0,0,0,0,0,0,0,0.295968822848338,0,0,0,0,0,0,0,0,0,0,0,0.239922990401586,0,0,0,0,0,0,0,0,0,0.175253130900471,0,0,0,0,0.255782322316873,0,0.253297125021894,0,0.240208534228104,0,0,0,0,0,0,0,0,0,0,0,0.265255915329737,0,0,0,0,0,0
0.241187825798988,0,0,0,0,0,0,0,0,0,0.187168434262276,0,0,0,0,0,0,0,0,0,0,0,0.196900749643301,0,0.104920603334904,0,0,0,0.174095454565857,0,0.159354995522234,0,0,0,0,0,0,0,0.243326095973744,0,0,0,0.320858833193779,0,0,0,0,0,0.2415673310558,0,0,0,0,0,0.232277601957321,0,0.321368691967983,0,0,0,0.172656551003456,0,0,0,0,0.205189020600584,0,0.111340134271554,0,0.220004111324271,0,0,0,0,0,0,0,0,0,0,0,0.279940880050785,0.210329227149487,0.168399050831795,0.331753257662058,0,0
0,0,0,0.312275628566742,0,0,0,0,0,0,0,0.191534635879226,0,0,0,0,0.324889113505681,0,0.39062799140811,0.14559668675065,0,0,0,0,0,0,0,0,0,0.175917293458359,0,0,0,0,0,0.264335523049037,0,0.15919165297047,0,0.29928477650339,0,0.394932237105305,0,0.422925472259521,0,0.326712901467708,0,0,0.237513855099678,0.343020173055785,0,0.251031488180161,0,0,0,0.260514054447412,0,0.241165695202865,0,0,0,0.270196348428726,0.250771155228486,0,0,0,0,0,0,0,0,0,0,0,0,0,0,0,0.294287752360106,0,0.22321740951803,0,0.278741580150698,0.343165349215269,0.362656574876285,0.376083817149772,0
0.512927770614624,0,0.280491158366203,0,0,0,0,0,0.341861296445131,0,0.289569590772901,0,0,0,0,0,0,0,0.355118168890476,0,0.439322494901717,0,0,0,0,0,0,0,0,0,0.220453789585985,0,0,0,0,0,0,0,0.205401634068593,0,0.319348815414641,0,0.306380555532467,0,0.305393517017365,0,0.290413431823254,0,0.293658336767784,0,0,0,0,0,0.258133828639984,0,0.336517870645851,0,0.237978100776672,0,0,0,0,0.407663680234198,0,0,0,0,0,0,0,0,0,0,0,0,0,0,0,0.365113611022631,0,0.316748200395665,0.363468967011717,0,0.406879781981909,0,0.375394713420134
0,0,0,0,0,0,0,0,0,0,0,0,0,0,0,0,0,0,0,0,0,0,0,0,0,0,0,0,0,0,0,0.216802864206758,0.199043975936042,0.242720261667714,0,0.173041436983191,0,0,0,0,0.440974593162537,0,0,0,0,0,0,0.382224310040474,0.513247655704618,0.243140608072281,0,0,0,0,0,0,0,0,0,0,0,0,0,0,0,0,0,0,0,0,0,0,0,0,0,0,0.238354841233404,0,0.145748317241669,0,0,0,0.22489362458388,0,0.497862431406975,0,0
0,0,0,0,0,0,0,0,0,0,0,0,0,0,0,0,0,0,0,0,0,0,0,0,0,0,0,0,0,0,0,0.13327540638479,0.18769005331336,0,0.157075181985513,0,0.168512907832168,0,0,0,0,0,0,0,0,0,0,0.281119609126203,0.308161199092865,0,0,0,0,0,0,0,0,0,0,0,0,0,0,0,0,0,0,0,0,0,0,0,0,0,0,0,0,0.25581925732827,0,0.222191944874701,0,0,0.151406683027744,0,0,0,0
0,0,0,0,0,0,0,0,0,0,0,0,0,0,0,0,0,0,0,0,0,0,0,0.231859400868416,0,0,0,0,0,0,0,0.242509001967298,0.176477911571662,0.223551640713406,0.194302697107196,0.159712138313514,0,0.25619730367217,0,0,0,0,0,0,0,0,0,0.274045371618427,0,0.233473982839357,0,0,0,0,0,0,0,0,0,0,0,0,0,0,0,0,0,0,0,0,0,0,0,0,0.238354841233404,0,0,0,0.268850672990084,0,0.302241694856816,0,0.195240417652358,0.204409682750702,0.299332976341248,0,0
