0,0,38.8936404585838,0,13.7458988428116,0,0,0,273.027191847563,0,0,0,0,0,0,0,0.339626163244247,0,79.5836998820305,0,0,0,0,0,0,0,0,0,0,0,0,0,0,0,0,0,2.21164035797119,0,0,0,0,0,127.066359937191,0,0,0,1.12553131580353,35.5191689133644,59.4133457541466,0,0,0,0,0,133.802054017782,0,0,0,0,0,50.3805547654629,0,0,0,0,0,0,0,0,0,0,0,0,0.372614949941635,0,0,0,0,0,15.7602193951607,0,2.277663230896,95.2683604061604,0,157.024344265461,0,0
0,0,0,471.265631735325,0,0,0,0,0,414.473164528608,0,0,0,0,0,0,0,0,18.0261590778828,0,0,0,0,4.54398274421692,0,0,0,0,0,0,0,0,0,0,0,0,0,0,0,0,0,30.1048931181431,0,0,0,0,0,0,0,540.911944836378,0,0,0,0,0,158.894122779369,0,0,0,0,0,11.1102156639099,0,0,0,0,41.6156912446022,0,0,0,0,0,0,0,0,0,0,0,0,0,0,0,294.826137721539,0,393.032931268215,0,0
38.8936404585838,0,0,0,223.180390954018,0,0,0,248.763181805611,0,0,0,0,0,0,0,0,0,0.922377526760101,0,0,0,0,0,0,0,0,0,0,0,0,0,0,0,0,0,0.397116929292679,0,0,0,4.63825389742851,0,17.7648897618055,0,0,0,8.57763257622719,2.53094625473022,24.7436585128307,0,19.8599945306778,0,0,0,71.4590281546116,0,34.4326229989529,0,51.7480606436729,0,34.4596338272095,0,0,1.83966374397278,0,0,0,0,0,0,0,0.267371833324432,0,25.8604140728712,0,0,0,0,0.140300780534744,6.98757661879063,0,3.16850459575653,86.1435531228781,0,514.874812990427,0,1.71328085660934
0,471.265631735325,0,0,0,71.8073807060719,0,0,0,272.930362254381,0,0,0,0,0,0,0.233660027384758,0,0.174781814217567,13.0100859701633,0,0,0,0,0,0,0,0,0,0,0,0,0,0,0,3.70854040980339,0,0,0,4.44855366647243,1.54277700185776,9.7707611322403,0.125927597284317,0,0,5.14791645109653,0,0,0,114.856737077236,0,9.50937178730965,0,0,0,200.165668576956,0,1.36295992136002,0,0,0,0.767509758472443,8.42872549593449,0,0,0,0,0,0,0,3.391866132617,0,2.08323884010315,0,0,0,0,0,6.03552827239037,0,1.02471666038036,0,94.1491696983576,0,280.923328340054,0.563103094696999,0
13.7458988428116,0,223.180390954018,0,0,0,0,0,263.737510561943,0,0,0,0,0,0,0,0,0,0,0,60.6626418530941,0,0,0,0,0,0,0,0,0,0,0,0,0,0,0,105.249731346965,0,0,0,5.67478127777576,0,13.1323586255312,0,0,0,7.47784477472305,10.5603383034468,38.9932119548321,0,345.028821960092,0,0,0,10.0045915842056,0,12.6208481192589,0,0,0,5.64713275432587,0,0,23.59514144063,0,0,0,0,0,0,0,0,0,0,0,0,0,0,0,38.0171191096306,0,3.05578574538231,83.2678899466991,0,422.084445670247,0,0
0,0,0,71.8073807060719,0,0,0,0,0,159.619008630514,0,0,0,0,0,20.4241622686386,0,0,0,181.41887781024,0,0,0,0,0,0,0,0,0,0,0,0,0,0,0,8.67294517159462,0,0,0,0.697239816188812,0,1.91076657176018,0,0,0,3.11088080704212,0,0,0,0.25747749209404,0,390.175306022167,0,0,0,61.5576642155647,0,1.17038279771805,0,65.6415929794312,0,72.9227839410305,19.6893391311169,0,0,0,0,0,0,0,0,0,1.30425649881363,0,0,0,0,0,2.00170290470123,0,0,0,295.626490294933,0,289.469246312976,1.17506790161133,0
0,0,0,0,0,0,0,0,0,0,0,0,0,0,0,0,0,0,0,0,4.02119958400726,0,0,0,0,0,0,0,0,0,0,0,0,0,0,0,0,0,0,0,0,0,0,0,0,0,0,0,0,0,0.489255100488663,0,56.6680912971497,0,0,0,0,0,0,0,0,0,0,0,0,0,0,0,0,0,0,0,0,0,0,0,0,0,0,0,0,0,0,0,0,0,0
0,0,0,0,0,0,0,0,0,0,0,0,0,0,0,0,0,0,0,153.84219545126,0,0,0,0,0,0,0,0,0,0,0,0,0,0,0,0,0,0,0,0,0,0,0,0,0,0,0,0,0,0,0,0,0,1,0,0,0,0,0,27.0398831367493,0,0,0,0,0,0,0,0,0,0,0,0,0,0,0,0,0,0,0,0,0,0,91.2044177055359,0,0,0,0
273.027191847563,0,248.763181805611,0,263.737510561943,0,0,0,0,0,0,0,0,0,45.5988707542419,0,193.230613857508,33.3976115882397,16.56472915411,0,0,0,0,0,0,3.55201315879822,141.802893221378,0,0,0,0,0,0,0,0,0,0,0,5.27878555655479,0,0,0,58.9904469549656,0,0,0,0.684218168258667,1.62766534090042,49.0204097926617,0,0,0,0,0,1272.80108486116,0,0,0,0,0,16.3609010577202,0,0,0,0,0,0,2.53734561800957,0,6.95443201065063,0,0,0,0,0,0,0,0,0,1.84512650966644,0,0.33506041765213,232.320007532835,0,302.122453868389,0,0
0,414.473164528608,0,272.930362254381,0,159.619008630514,0,0,0,0,0,0,0,0,0,11.7292870879173,0,1.58795085549355,10.4155524373055,0,0,0,0,262.726530760527,0,0.587086319923401,0,0,0,0,0,0,0,0,0,1.75947788357735,0,52.5989530682564,0,0.398666277527809,0,10.5644474774599,0,0,0,0.25910896062851,0,0.32527682185173,0,14.2009121179581,0,0.571633577346802,0,0,0,701.122997969389,0,0,0,0,0,23.0022674798965,0.222999900579453,0,0,0,64.130551815033,0,0,0,1.23715990781784,0,0,0,0,0,0,0,0.495280936360359,0,44.3941577374935,0,553.704010084271,0,169.67787463963,14.5943698883057,0
0,0,0,0,0,0,0,0,0,0,0,0,0,0,0,0,0,0,0,0,401.245864987373,0,0,0,0,0,0,0,0,0,0,0,0,0,0,0,381.42178940773,0,86.080959379673,0,0,0,0,0,0,0,0,0,0,0,0,0,0,0,0,0,253.755652964115,0,0,0,0,0,0,185.178520947695,0,0,0,0,0,0,0,0,0,9.29862278699875,0,0,0,0,0,0,0,10.2377561330795,213.144589543343,0,1.98669898509979,0,0
0,0,0,0,0,0,0,0,0,0,0,0,0,155.570171833038,0,0,0,0,0,508.990833699703,0,0,0,0,0,0,0,443.293657958508,0,4.44396543502808,0,0,0,0,0,212.944582104683,0,828.90097784996,0,0,0,0,0,0,0,0,0,0,0,0,0,37.5897862613201,0,0,0,0,0,667.726552918553,0,0,0,0,90.2816097736359,0,0,0,0,0,0,0,39.1703557372093,0,18.7298168390989,0,0,0,0,0,5.15218651294708,0,110.604218840599,0,129.098184347153,0,39.2810374498367,0,0
0,0,0,0,0,0,0,0,0,0,0,0,0,0,8.00807130336761,0,0,0,0,0,0,0,0,0,0,0,0,0,0,0,0,0,0,0,0,0,0,0,0,0,0,0,0,0,0,0,0,0,0,0,0,0,0,0,0,0,11.2343883216381,0,120.804310679436,0,7.46379536390305,0,0,0,0,0,0,0,0,34.0718586444855,0,0,0,0.363784074783325,0,0,0,0,0,0,0,0,0,0,0,0,0
0,0,0,0,0,0,0,0,0,0,0,155.570171833038,0,0,0,1.37761035561562,0,0,0,0,0,0,0,0,0,0,0,0,0,0,0,0,0,0,0,0,0,0,0,0,0,0,0,0,0,0,0,0,0,0,0,0,0,0,0,0,0,104.570610105991,0,278.336053997278,0,9.56773208081722,0,0,0,0,0,0,0,0,0,0,0,0,0,0,0,0,0,0,0,0,130.328903973103,49.7162557840347,0,0,0
0,0,0,0,0,0,0,0,45.5988707542419,0,0,0,8.00807130336761,0,0,0,388.627638280392,5.15959915518761,9.1612765789032,0,0,0,0,0,0,0,17.2875897288322,0,3.12772965431213,0,0,0,0,0,0,0,0,0,0,0,0,0,0,0,0,0,0,0,0,0,0,0,0,0,107.907466888428,0,0,0,0,0,43.6417698264122,0,0,0,0,0,0,0,0,6.2078709602356,0,0,0,0.301517933607101,0,0,0,0,0,1.98871171474457,0,0,63.4909316599369,0,0.180198207497597,0,0
0,0,0,0,0,20.4241622686386,0,0,0,11.7292870879173,0,0,0,1.37761035561562,0,0,0.716878592967987,16.6288637518883,4.91452622413635,0,0,0,0,0,0,0,0,0,0,0,0,0,0,0,0,0,0,0,0,0,0,0,0,0,0,0,0,0,0,0,0,4.49872732162476,0,0,0,7.28957280516624,0,0,0,3.74168121814728,0,72.1202672123909,0,0,0,0,0,0,0,0,0,0,0,0,0,0,0,0,0,0,0,0,2.57744079828262,4,0,0,0
0.339626163244247,0,0,0.233660027384758,0,0,0,0,193.230613857508,0,0,0,0,0,388.627638280392,0.716878592967987,0,18295.8152802438,5495.05686444044,0,0,0,213.766588956118,0,45.0704619884491,28.2668079137802,1773.77555623651,0,12.008926153183,0,0,0,0,0,0,4.65453861653805,15.8446647822857,0.168318778276443,4.20608407258987,22.5267460495234,57.175029180944,26.739603497088,55.1400382146239,4.06900417804718,1.25390160083771,65.5564483478665,56.9262166619301,0,1.96603408455849,1.21543076634407,0,0,0,0,0,0,3.44886761903763,0,0,0,2.93939137458801,1.04347515106201,5.94706374406815,39.5928235501051,0,35.7670042514801,0,4.29322957992554,27.2127976119518,751.347551196814,0,0.636091500520706,0.829711019992828,18.6417940557003,0,0,3.28529468178749,0,86.2394509389997,317.690995626152,7.98209219425917,117.881191067398,7031.79609188437,195.188831686974,70.3582968041301,3.37454716861248,23.0183561816812
0,0,0,0,0,0,0,0,33.3976115882397,1.58795085549355,0,0,0,0,5.15959915518761,16.6288637518883,18295.8152802438,0,5112.11699897796,0,0,667.514402925968,0,21.315477669239,0,719.2773860991,78.3560962826014,15.1898905038834,0,0,0,0,0,0,0,17.1411223113537,7.87786830961704,0.309276789426804,2.09002485871315,48.1008676290512,20.4256830886006,79.5233885571361,20.5317026153207,5.65639933943748,0,74.4493706449866,37.0855778306723,1.96291609108448,0.362341344356537,5.94212806224823,0,0,0,0,0,0,2.36784917116165,0.445928290486336,0,0,0,18.8943933546543,10.0896569341421,16.7997066304088,81.0525771379471,0,0,18.3385883271694,601.47285670042,51.4025640487671,9.25898343324661,0,2.01085320115089,8.29014424979687,0,0,4.24664415419102,0,249.95489795506,132.153871014714,46.2479778602719,39.577662050724,6523.40568467975,322.680196464062,54.0913389697671,29.5505048781633,7.98755887150764
79.5836998820305,18.0261590778828,0.922377526760101,0.174781814217567,0,0,0,0,16.56472915411,10.4155524373055,0,0,0,0,9.1612765789032,4.91452622413635,5495.05686444044,5112.11699897796,0,0,0,1.81277540326118,0,3.44463312625885,0,7.15421146154404,52.382920563221,0,0,0,0,0,0,0.170162752270699,0,125.057106405497,177.424620479345,9.63577477633953,35.6050881817937,490.168067991734,628.524776063859,626.789582006633,571.731402643025,267.604126423597,25.9481641799212,1333.00424711406,567.468416072428,7.70303021371365,12.4238237515092,36.1811760812998,0,0,0,0,0.997142761945724,0,33.1110187470913,4.59977960586548,0.767740786075592,0,3.10857975482941,2.35352492332458,127.359807029366,367.002989254892,0,0,0,0,27.0657895803452,23.7472971379757,1.76735517382622,2.06888416409492,16.5724245011806,163.322548866272,0.847094163298607,0,45.3753181397915,0,2475.1896513775,3008.39458239079,365.85262016207,965.198859214783,3262.7978817001,2.20597648620605,1358.48492627591,244.307405434549,166.896769873798
0,0,0,13.0100859701633,0,181.41887781024,0,153.84219545126,0,0,0,508.990833699703,0,0,0,0,0,0,0,0,0,0,0,0,0,0,0,0,0,0,0,0,0,0,0,1387.02333953977,0,168.744883596897,0,0,0,0,0,0,0,0,0,0,0,0,0,18.5683769285679,0,6.4565417766571,0,0.410550981760025,0,11.0040550231934,0,5.22614246606827,0,1.46628081798553,162.313373908401,0,0,0,0,0,0,0,0,0,0.438974380493164,0,0,0,0,0,300.888386681676,0,81.370690792799,0,32.9518796205521,0,143.347141474485,0,0
0,0,0,0,60.6626418530941,0,4.02119958400726,0,0,0,401.245864987373,0,0,0,0,0,0,0,0,0,0,0,0,0,0,0,0,0,0,0,0,0,0,0,0,0,787.676912099123,0,37.4276109039783,0,0.984430849552155,0,1.3423624932766,0,0,0,0.855231523513794,0,1.24602752923965,0,250.688461393118,0,4.18916967511177,0,0,0,53.0583826899529,0,0,0,0,0,0,402.352079883218,0,0,0,0,0,0,0,0,0,3.48460829257965,0,0,0,0,0,227.397105999291,0,58.6837103366852,120.634231209755,0,34.5760049819946,0,0
0,0,0,0,0,0,0,0,0,0,0,0,0,0,0,0,0,667.514402925968,1.81277540326118,0,0,0,69.1509621143341,2.11322164535522,0,81.0199169516563,0,5.10030427575111,0,0,0,0,0,0,0,0,0,413.09915587306,0,0,0,0,0,0,0,0,0,0,0,106.266477927566,0,0,0,0,0,0,0,0,0,0,0,0,0,0,3812.63706809282,0,0,0,0,0,12.1444112062454,0,0,0,0,0,0,0,0,0,743.042799428105,0,657.062046974897,1.87331503629684,0,0,0
0,0,0,0,0,0,0,0,0,0,0,0,0,0,0,0,213.766588956118,0,0,0,0,69.1509621143341,0,0,4.64026069641113,0,135.121812164783,0,1.99969482421875,0,0,0,0,0,0,0,0,0,696.083007529378,0,0,0,0,0,0,0,0,1.33644044399261,138.254375785589,0,0,0,0,0,0,0,0.510628283023834,0,0,0,0,0,0,0,0,4245.04608000815,0,4.38412269949913,0,91.3632964491844,0,46.4179554581642,0,8.98793697357178,0,0,0,0,0,0,0,587.486817255616,419.474061310291,0,22.2525832056999,0,0
0,4.54398274421692,0,0,0,0,0,0,0,262.726530760527,0,0,0,0,0,0,0,21.315477669239,3.44463312625885,0,0,2.11322164535522,0,0,0,215.869465529919,0,0,0,0,0,0,0,0,0,0,0,292.566218912601,0,0,0,2.79470819234848,0,0,0,0,0,0,0,27.4396777451038,0,0,0,0,0,247.595415860415,0,0,0,0,0,0,0,0,27.9317938387394,0,506.221116632223,0,94.1222568154335,0,0,0,0,0,0,0,0,0,0,0,342.960521131754,0,63.6692697405815,0,9.95286998152733,0,0
0,0,0,0,0,0,0,0,0,0,0,0,0,0,0,0,45.0704619884491,0,0,0,0,0,4.64026069641113,0,0,0,460.004374086857,0,0,0,0,0,0,0,0,0,0,0,256.373758107424,0,0,0,0.391315400600433,0,0,0,0,0,57.4202797263861,0,0,0,0,0,154.001171201468,0,0,0,0,0,0,0,0,0,0,53.7645544707775,0,320.293858706951,0,160.779944866896,0,0,0,0,0,0,0,0,0,0,0,53.9744863808155,314.439016103745,0,112.901612848043,0,0
0,0,0,0,0,0,0,0,3.55201315879822,0.587086319923401,0,0,0,0,0,0,28.2668079137802,719.2773860991,7.15421146154404,0,0,81.0199169516563,0,215.869465529919,0,0,0,1.59196180105209,0,0,0,0,0,0,0,0,0,0,0,0,0,0,0,0,0,0,0,0,0,0,0,0,0,0,0,0,0,0,0,0,0,0,0,0,1.61720097064972,0,66.857272028923,0,52.783086925745,0,6.1118703186512,0,0,0,0,0,0,0,0,0,0.816599130630493,0,164.96818511188,0,0,0,0
0,0,0,0,0,0,0,0,141.802893221378,0,0,0,0,0,17.2875897288322,0,1773.77555623651,78.3560962826014,52.382920563221,0,0,0,135.121812164783,0,460.004374086857,0,0,0,61.121897816658,0,0,0,0,0,0,0,0,0,0,0,0,0,0,0,0,0.354047060012817,1.66132795810699,0,0,0,0,0,0,0,16.9932045936584,0,0,0,0,0,0,0,0,0.942553579807281,0,1.34426641464233,0,46.6399991512299,0,337.718520194292,0,108.574645280838,0,0,0,0,0,0,0,3.66867113113403,0,1.14890004694462,499.258748888969,0,0.856682777404785,0,0.30914318561554
0,0,0,0,0,0,0,0,0,0,0,443.293657958508,0,0,0,0,0,15.1898905038834,0,0,0,5.10030427575111,0,0,0,1.59196180105209,0,0,0,16.134505033493,0,0,0,0,0,0,0,0,0,0,0,0,0,0,0,0,0,0,0,0,0,0,0,0,0,0,0,82.4834726452827,0,0,0,0,0,0,0,0,0,0,1.14584168791771,0,328.039863914251,0,29.4187189489603,0,0,0,0,0,0,0,22.7417307198048,0,0,0,0,0,0
0,0,0,0,0,0,0,0,0,0,0,0,0,0,3.12772965431213,0,12.008926153183,0,0,0,0,0,1.99969482421875,0,0,0,61.121897816658,0,0,0,16.7501049041748,0,0,0,0,0,0,0,0,0,0,0,0,0,0,0,0,0,0,0,0,0,0,0,0,0,7.56386032700539,0,0,0,0,0,0,0,0,0,0,0,0,78.668905377388,0,423.0175986588,0,7.79872369766235,0,0,0,0,0,0,0,0,0,0,0,0,0
0,0,0,0,0,0,0,0,0,0,0,4.44396543502808,0,0,0,0,0,0,0,0,0,0,0,0,0,0,0,16.134505033493,0,0,0,0,0,0,0,0,0,39.4157376289368,0,0,0,0,0,0,0,0,0,0,0,0,0,0,0,0,0,0,0,8.25233507156372,0,0,0,0,0,0,0,0,0,0,0,0,14.2682526111603,0,0.211043030023575,0,0,0,0,0,0,0,12.9056348800659,0,0,0,0.62194037437439,0,0
0,0,0,0,0,0,0,0,0,0,0,0,0,0,0,0,0,0,0,0,0,0,0,0,0,0,0,0,16.7501049041748,0,0,0,0,0,0,0,0,0,7.93683248758316,0,0,0,0,0,0,0,0,0,0,0,0,0,0,0,0,0,7.77289831638336,0,0,0,0,0,0,0,0,0,0,0,0,0,0,0,0,138.60558500886,0,0,0,0,0,0,0,80.717165261507,0,0,0,0,0
0,0,0,0,0,0,0,0,0,0,0,0,0,0,0,0,0,0,0,0,0,0,0,0,0,0,0,0,0,0,0,0,264.950884401798,18.545139670372,0,293.358252942562,0,0,0,0,0,0,0,0,0,0,0,393.015352725983,0,0,0,0,0,0,0,0,0,0,0,0,0,0,0,0,0,0,0,0,0,0,0,0,0,0,472.201992899179,16.1981574296951,48.0831295847893,0,326.907409578562,48.032364577055,0,0,169.797241568565,0,0,0,0
0,0,0,0,0,0,0,0,0,0,0,0,0,0,0,0,0,0,0,0,0,0,0,0,0,0,0,0,0,0,0,264.950884401798,0,1,66.1478808373213,0,274.098069489002,0,0,0,0,0,0,0,0,0,0,1972.02959680557,5.28793323040009,0,0,0,0,0,0,0,0,0,0,0,0,0,0,0,0,0,0,0,0,0,0,0,0,0,148.361551880836,1473.9049590528,0,92.5510048568249,15.8616664409637,261.933682695031,0,0,176.727078408003,0,0,0,0
0,0,0,0,0,0,0,0,0,0,0,0,0,0,0,0,0,0,0.170162752270699,0,0,0,0,0,0,0,0,0,0,0,0,18.545139670372,1,0,262.287447333336,845.108295172453,0,46.9816473722458,0,0,0,2.10241103172302,0,0,0,0,0,2137.37029513717,0.758039116859436,13.8714114427567,0,0,0,0,0,0,0,0,0,0,0,0,0,0,0,0,0,0,0,0,0,0,0,0,94.9731199890375,0,1404.12514567375,30.620409309864,182.201109528542,0,101.085396885872,0,108.404135584831,2.51058864593506,3.03944736719131,0,0
0,0,0,0,0,0,0,0,0,0,0,0,0,0,0,0,0,0,0,0,0,0,0,0,0,0,0,0,0,0,0,0,66.1478808373213,262.287447333336,0,0,252.166794419289,0,11.2643402814865,0,0,0,0,0,0,0,0,1921.77210214734,1.97589999437332,0,0,0,0,0,0,0,0,0,0,0,0,0,0,0,0,0,0,0,0,0,0,0,0,0,0,155.684671521187,459.75081667304,1390.64415884018,0,186.766762003303,0,59.6443916261196,87.7881244719028,0,0,0,0
0,0,0,3.70854040980339,0,8.67294517159462,0,0,0,1.75947788357735,0,212.944582104683,0,0,0,0,4.65453861653805,17.1411223113537,125.057106405497,1387.02333953977,0,0,0,0,0,0,0,0,0,0,0,293.358252942562,0,845.108295172453,0,0,369.590865135193,1528.13449946046,76.1323826313019,8.50508615374565,0.504057809710503,92.10933945328,0.297600790858269,83.8867122977972,0,100.332428023219,2.40843415260315,366.330946356058,0.984138607978821,7.15349822491407,0,9.51270827651024,0,0,0,0,0,183.332746863365,0,0,0,0,865.433421447873,0.181383699178696,0,0,0,0,0,0,0.542650654911995,0,3.4711758941412,0,135.769048839808,0,107.082183599472,0,13904.3708108589,632.378325745463,431.10259103775,0.65788833796978,970.338476918638,292.405443072319,136.084657989442,40.5320442914963,0.460554301738739
2.21164035797119,0,0.397116929292679,0,105.249731346965,0,0,0,0,0,381.42178940773,0,0,0,0,0,15.8446647822857,7.87786830961704,177.424620479345,0,787.676912099123,0,0,0,0,0,0,0,0,0,0,0,274.098069489002,0,252.166794419289,369.590865135193,0,0,1887.3764423728,0,9.18766525387764,0,57.6639650762081,0,1.38607752323151,1.97119414806366,330.356091350317,104.944047316909,4.12664946168661,0,102.526517242193,0,0,0,1.23307061195374,0,16.1210348233581,0,3.74638864398003,0,0,0,0,429.205916024745,0,0,0,0,0,0,0,0,0,5.35030420124531,0,97.5249775350094,0,72.4323518127203,69.9849939793348,13422.4538993612,0,289.69112021476,1395.06674537808,203.838245123625,99.3721811100841,0,19.0905196666718
0,0,0,0,0,0,0,0,0,52.5989530682564,0,828.90097784996,0,0,0,0,0.168318778276443,0.309276789426804,9.63577477633953,168.744883596897,0,413.09915587306,0,292.566218912601,0,0,0,0,0,39.4157376289368,0,0,0,46.9816473722458,0,1528.13449946046,0,0,208.443185567856,0.65881060063839,0,10.4095528274775,2.09450936317444,8.47854329645634,0,19.3455993831158,0,1457.49183921516,0,513.021142870188,0,0,0,0,0,38.8909732699394,0,393.410977751017,0,0,0,0,191.494021758437,0,50.5826524198055,0,42.9930768609047,0,0,0,0,0,70.223876863718,0.249479845166206,0,0,47.3273940235376,0,1442.42121712863,0,5889.09296694398,86.6043365001678,1590.60578051209,92.4214571714401,60.7053724825382,7.88857693225145,0
0,0,0,0,0,0,0,0,5.27878555655479,0,86.080959379673,0,0,0,0,0,4.20608407258987,2.09002485871315,35.6050881817937,0,37.4276109039783,0,696.083007529378,0,256.373758107424,0,0,0,0,0,7.93683248758316,0,0,0,11.2643402814865,76.1323826313019,1887.3764423728,208.443185567856,0,0,2.28770014643669,4.97460666298866,15.70467479527,0,0.453533917665482,0.692364275455475,92.1573392301798,504.094095945358,614.273129105568,0,0,0,0,0,143.288006156683,0,9.96582686901093,0,0,0,0,0,0,363.295681722462,0,230.992251545191,0,192.96919760108,0,0,0,28.7785867452621,0,10.4779388159513,0,0,0,64.9691970348358,24.1058025360107,1393.30984417349,27.2434332370758,5726.82932551205,617.3152307868,0,244.250061661005,0,4.69982625544071
0,0,0,4.44855366647243,0,0.697239816188812,0,0,0,0.398666277527809,0,0,0,0,0,0,22.5267460495234,48.1008676290512,490.168067991734,0,0,0,0,0,0,0,0,0,0,0,0,0,0,0,0,8.50508615374565,0,0.65881060063839,0,0,3.62927617877722,1113.61839330196,6.86355345696211,36.5937683135271,0.187251508235931,344.879532366991,5.52946177870035,21.1472602710128,0.117189235985279,133.140600152314,0,0,0,0,0,0.601196885108948,0,5.43583356589079,0,0,0,0,183.916734904051,2.47850462049246,0,0,0,0,0,0,8.36795084923506,0,8.35271240770817,2.48222661018372,0,0,3.39065782725811,0,466.424777828157,19.4805037155747,68.6645006984472,1.99497751891613,72.6439538747072,0,661.101527698338,62.841409355402,1.31400778889656
0,0,4.63825389742851,1.54277700185776,5.67478127777576,0,0,0,0,0,0,0,0,0,0,0,57.175029180944,20.4256830886006,628.524776063859,0,0.984430849552155,0,0,0,0,0,0,0,0,0,0,0,0,0,0,0.504057809710503,9.18766525387764,0,2.28770014643669,3.62927617877722,0,8.74434801191092,1373.21987498552,2.67042589187622,21.7297291234136,10.4953036159277,271.799865052104,11.4536783248186,219.875602155924,0,8.6546143591404,0,0,0,2.5945812612772,0,20.2795076370239,0,1.60865990817547,0,0,0,2.86863923072815,411.816775910556,0,0,0,0,0,0,0,3.43349133431911,0,19.4432977885008,0,0,0.883467435836792,0,14.8322740271688,926.293304301798,2.3850964307785,63.1476638391614,121.249505259097,0,1068.22101829946,1.03811192512512,65.6339009255171
0,30.1048931181431,0,9.7707611322403,0,1.91076657176018,0,0,0,10.5644474774599,0,0,0,0,0,0,26.739603497088,79.5233885571361,626.789582006633,0,0,0,0,2.79470819234848,0,0,0,0,0,0,0,0,0,2.10241103172302,0,92.10933945328,0,10.4095528274775,4.97460666298866,1113.61839330196,8.74434801191092,0,135.511088378727,12.9512493163347,0.214285418391228,376.40764811635,4.63193050026894,69.5795264914632,0,378.731971278787,0,0.437233820557594,0,0,0,2.64001030474901,0.260561525821686,116.693922311068,0,0,0,0,410.254474557936,4.32136625051498,1.14482644200325,0,0,0,0,0,242.530435413122,0.104479074478149,378.624908968806,6.48781397938728,0.123006664216518,0,57.8159272372723,0,2270.3905569464,38.2331990674138,947.007919155061,30.2543874755502,1386.45358288288,0,2694.94622306526,496.812511116266,5.6364821344614
127.066359937191,0,17.7648897618055,0.125927597284317,13.1323586255312,0,0,0,58.9904469549656,0,0,0,0,0,0,0,55.1400382146239,20.5317026153207,571.731402643025,0,1.3423624932766,0,0,0,0.391315400600433,0,0,0,0,0,0,0,0,0,0,0.297600790858269,57.6639650762081,2.09450936317444,15.70467479527,6.86355345696211,1373.21987498552,135.511088378727,0,1.28707750141621,28.2616794258356,9.0436040982604,209.46489533782,153.057126015425,259.454726576805,0.268270611763,7.98441107571125,0,0,0,6.73026835918427,0,162.781272545457,0,3.51215024292469,0,0.203068971633911,0,1.42179375141859,450.340496331453,0,0,0,0.527086973190308,0,0,0.968945920467377,58.9467571228743,0.661928549408913,432.054098770022,0,0,0.605463907122612,0,26.5055778995156,2237.72409037501,5.40803274512291,459.143753327429,1315.903540425,0.48533371090889,4666.90285196155,4.3898628950119,447.995602682233
0,0,0,0,0,0,0,0,0,0,0,0,0,0,0,0,4.06900417804718,5.65639933943748,267.604126423597,0,0,0,0,0,0,0,0,0,0,0,0,0,0,0,0,83.8867122977972,0,8.47854329645634,0,36.5937683135271,2.67042589187622,12.9512493163347,1.28707750141621,0,0,104.393776252866,0.474664360284805,0.945299029350281,0,6.8878430724144,0,0,0,0,0,0,0,5.07900077104568,0,0,0,0,11.5647349059582,0.943108528852463,0,0,0,0,0,0,1.23828983306885,0,22.7649039328098,0,2.05629086494446,0,12.8705374002457,0,532.070938132703,2.95519359409809,327.716559171677,0.438226729631424,24.2777258455753,0,247.498064413667,1.20488679409027,0
0,0,0,0,0,0,0,0,0,0,0,0,0,0,0,0,1.25390160083771,0,25.9481641799212,0,0,0,0,0,0,0,0,0,0,0,0,0,0,0,0,0,1.38607752323151,0,0.453533917665482,0.187251508235931,21.7297291234136,0.214285418391228,28.2616794258356,0,0,0.163745701313019,5.30234849452972,0,0.930614367127419,0,0,0,0,0,0,0,0,0,0,0,0,0,0,11.9643396288157,0,0,0,0,0,0,0,0,0,1.15509968996048,0,0,0,0,0.124228268861771,41.6735428571701,0,1.59908139705658,3.25117386877537,0,58.1542264968157,0,0.186799764633179
0,0,0,5.14791645109653,0,3.11088080704212,0,0,0,0.25910896062851,0,0,0,0,0,0,65.5564483478665,74.4493706449866,1333.00424711406,0,0,0,0,0,0,0,0.354047060012817,0,0,0,0,0,0,0,0,100.332428023219,1.97119414806366,19.3455993831158,0.692364275455475,344.879532366991,10.4953036159277,376.40764811635,9.0436040982604,104.393776252866,0.163745701313019,0,6.2276518791914,18.7354252636433,0.88274210691452,49.369622848928,0,4.38934129476547,0,0,0,0.911901324987411,0,77.7447233647108,0,2.65908479690552,0,2.43264159560204,1833.0785753727,6.00343819707632,0,0,0,0,0,0,12.2933594211936,0,203.871851801872,0.339112460613251,0,0,4.99870036542416,0,2622.68873297423,28.7289719954133,719.469862170517,9.75802097469568,241.687761165202,0,1350.55926800519,21.4276230111718,3.03054657578468
1.12553131580353,0,8.57763257622719,0,7.47784477472305,0,0,0,0.684218168258667,0,0,0,0,0,0,0,56.9262166619301,37.0855778306723,567.468416072428,0,0.855231523513794,0,0,0,0,0,1.66132795810699,0,0,0,0,0,0,0,0,2.40843415260315,330.356091350317,0,92.1573392301798,5.52946177870035,271.799865052104,4.63193050026894,209.46489533782,0.474664360284805,5.30234849452972,6.2276518791914,0,9.58519667387009,23.0622400566936,0.303712517023087,11.488462716341,0,0,0,7.48287995159626,0,52.1703579872847,0,4.79636597633362,0,0,0,3.34664712846279,447.507384546101,0,0,0,0,0,2.05937449634075,0,3.37846407294273,1.6046010106802,111.117122843862,0,0,0.991547882556915,0,18.4625981375575,3788.01389946043,1.43755361437798,697.218863390386,169.834463238716,0,451.947568751872,3.99612478911877,7.46046666800976
35.5191689133644,0,2.53094625473022,0,10.5603383034468,0,0,0,1.62766534090042,0.32527682185173,0,0,0,0,0,0,0,1.96291609108448,7.70303021371365,0,0,0,1.33644044399261,0,0,0,0,0,0,0,0,393.015352725983,1972.02959680557,2137.37029513717,1921.77210214734,366.330946356058,104.944047316909,1457.49183921516,504.094095945358,21.1472602710128,11.4536783248186,69.5795264914632,153.057126015425,0.945299029350281,0,18.7354252636433,9.58519667387009,0,1905.01581718028,791.272154048085,3.07001273334026,0,0,0,5.25309447944164,1.57770442962646,9.22330068051815,0,0.298511266708374,0,0,0,0.148937731981277,1.34690657258034,0,0,0,0.964063227176666,0,0,0.764207616448402,0,0.123890407383442,6.02909231185913,1482.62692949176,2351.37426514924,1376.01615279913,663.881531178951,1501.01895907521,3160.50543031096,343.417799919844,270.91694444418,2910.35495836288,32.9791598320007,1732.11604907364,4.83697032928467,0.575518682599068
59.4133457541466,0,24.7436585128307,0,38.9932119548321,0,0,0,49.0204097926617,0,0,0,0,0,0,0,1.96603408455849,0.362341344356537,12.4238237515092,0,1.24602752923965,0,138.254375785589,0,57.4202797263861,0,0,0,0,0,0,0,5.28793323040009,0.758039116859436,1.97589999437332,0.984138607978821,4.12664946168661,0,614.273129105568,0.117189235985279,219.875602155924,0,259.454726576805,0,0.930614367127419,0.88274210691452,23.0622400566936,1905.01581718028,0,18.4730669856071,32.1258638352156,0,0,0,47.1219979822636,0.768709897994995,116.331236928701,0,70.469598069787,0,77.8489132523537,0,0,14.7709059342742,0,332.615742176771,0,194.671440377831,0,102.779239207506,0,223.03591132164,0,89.903211414814,3.18068671226501,4.35019025206566,0.845216333866119,5.67161047458649,10.4980832338333,273.879090681672,0,982.552221879363,838.148725435138,0,1475.90460819006,0,3.80426949262619
0,540.911944836378,0,114.856737077236,0,0.25747749209404,0,0,0,14.2009121179581,0,0,0,0,0,0,1.21543076634407,5.94212806224823,36.1811760812998,0,0,106.266477927566,0,27.4396777451038,0,0,0,0,0,0,0,0,0,13.8714114427567,0,7.15349822491407,0,513.021142870188,0,133.140600152314,0,378.731971278787,0.268270611763,6.8878430724144,0,49.369622848928,0.303712517023087,791.272154048085,18.4730669856071,0,0,0.95060533285141,0,0,0,8.415522351861,0,90.2498818635941,0,67.023142516613,0,86.9881813079119,23.460139118135,0,132.247149094939,0,78.3537928462029,0,173.780172049999,0,579.171580299735,0,92.7787145227194,0,0,0,111.530530758202,1.32033860683441,137.459009081125,2.09696680307388,1299.82546414435,0.227755859494209,351.952611081302,0,1258.27905312926,31.4769949540496,0.25069534778595
0,0,19.8599945306778,0,345.028821960092,0,0.489255100488663,0,0,0,0,0,0,0,0,0,0,0,0,0,250.688461393118,0,0,0,0,0,0,0,0,0,0,0,0,0,0,0,102.526517242193,0,0,0,8.6546143591404,0,7.98441107571125,0,0,0,11.488462716341,3.07001273334026,32.1258638352156,0,0,0,0,0,1.38493549823761,0,11.82457447052,0,2.70016765594482,0,24.9367729723454,0,0,120.630894809961,0,0,0,0,0,0,0,0,0,0.575591593980789,0,0,0,0,0,194.633490055799,0,0,73.489950761199,0,199.040113732219,0,0.312549978494644
0,0,0,9.50937178730965,0,390.175306022167,0,0,0,0.571633577346802,0,37.5897862613201,0,0,0,4.49872732162476,0,0,0,18.5683769285679,0,0,0,0,0,0,0,0,0,0,0,0,0,0,0,9.51270827651024,0,0,0,0,0,0.437233820557594,0,0,0,4.38934129476547,0,0,0,0.95060533285141,0,0,0,0,0,15.4826666712761,0,42.766138792038,0,0,0,86.389781832695,13.978349596262,0,0,0,0,0,0,0,0,0,0,0,0,0,0,0,11.9661535024643,0,0.243589535355568,0,25.0124356746674,0,148.515166670084,0.158453524112701,0
0,0,0,0,0,0,56.6680912971497,0,0,0,0,0,0,0,0,0,0,0,0,0,4.18916967511177,0,0,0,0,0,0,0,0,0,0,0,0,0,0,0,0,0,0,0,0,0,0,0,0,0,0,0,0,0,0,0,0,0,0,0,0,0,4,0,0,0,0,0,0,0,0,0,0,0,0,0,0,0,0,0,0,0,0,0,0,0,0,0,0,0,0
0,0,0,0,0,0,0,1,0,0,0,0,0,0,0,0,0,0,0,6.4565417766571,0,0,0,0,0,0,0,0,0,0,0,0,0,0,0,0,0,0,0,0,0,0,0,0,0,0,0,0,0,0,0,0,0,0,0,0,0,0,0,82.2078320980072,0,0,0,0,0,0,0,0,0,0,0,0,0,0,0,0,0,0,0,0,0,0,46.1663593053818,0,0,0,0
133.802054017782,0,71.4590281546116,0,10.0045915842056,0,0,0,1272.80108486116,0,0,0,0,0,107.907466888428,0,0,0,0.997142761945724,0,0,0,0,0,154.001171201468,0,16.9932045936584,0,0,0,0,0,0,0,0,0,1.23307061195374,0,143.288006156683,0,2.5945812612772,0,6.73026835918427,0,0,0,7.48287995159626,5.25309447944164,47.1219979822636,0,1.38493549823761,0,0,0,0,0,2.99558818340302,0,0.370565176010132,0,118.599850654602,0,0,0.306032299995422,0,0,0,118.441249996424,0,30.868212133646,0,0,0,1.55828851461411,0,0,0,0,0,4.63193346560001,0,164.110471904278,25.4647364914417,0,167.246069982648,0,0
0,158.894122779369,0,200.165668576956,0,61.5576642155647,0,0,0,701.122997969389,0,0,0,0,0,7.28957280516624,0,0,0,0.410550981760025,0,0,0,247.595415860415,0,0,0,0,0,0,0,0,0,0,0,0,0,38.8909732699394,0,0.601196885108948,0,2.64001030474901,0,0,0,0.911901324987411,0,1.57770442962646,0.768709897994995,8.415522351861,0,15.4826666712761,0,0,0,0,0,0,0,0,0,125.571059346199,1.61519229412079,0,0,0,282.054024741054,0,0,0,0.171745032072067,0,0,0,0,0,0,0,1.21416616439819,0,130.436130285263,0,103.642037406564,0,90.3105795383453,0,0
0,0,34.4326229989529,0,12.6208481192589,0,0,0,0,0,253.755652964115,0,11.2343883216381,0,0,0,3.44886761903763,2.36784917116165,33.1110187470913,0,53.0583826899529,0,0.510628283023834,0,0,0,0,0,7.56386032700539,0,7.77289831638336,0,0,0,0,0,16.1210348233581,0,9.96582686901093,0,20.2795076370239,0.260561525821686,162.781272545457,0,0,0,52.1703579872847,9.22330068051815,116.331236928701,0,11.82457447052,0,0,0,2.99558818340302,0,0,0,475.66818267107,0,21.6468793749809,0,0,1440.69153651595,0,0.33365473151207,0,0,0,9.72933468222618,0,559.050150454044,0,896.433146908879,0,0,0,0,0.234034508466721,106.737473234534,0.593913197517395,55.4492821991444,102.830660685897,0,943.767866663635,0,47.6231525838375
0,0,0,1.36295992136002,0,1.17038279771805,0,0,0,0,0,667.726552918553,0,104.570610105991,0,0,0,0.445928290486336,4.59977960586548,11.0040550231934,0,0,0,0,0,0,0,82.4834726452827,0,8.25233507156372,0,0,0,0,0,183.332746863365,0,393.410977751017,0,5.43583356589079,0,116.693922311068,0,5.07900077104568,0,77.7447233647108,0,0,0,90.2498818635941,0,42.766138792038,0,0,0,0,0,0,0,164.246731072664,0,22.6414764523506,714.157699003816,0,5.26973168551922,0,0.784893929958344,0,9.1720055937767,0,863.056381389499,0,781.524989694357,0,0,0,3.52599841356277,0,11.553369358182,0,131.057976283133,0,121.430090501904,0,720.831921719015,14.741277128458,0
0,0,51.7480606436729,0,0,0,0,0,0,0,0,0,120.804310679436,0,0,0,0,0,0.767740786075592,0,0,0,0,0,0,0,0,0,0,0,0,0,0,0,0,0,3.74638864398003,0,0,0,1.60865990817547,0,3.51215024292469,0,0,0,4.79636597633362,0.298511266708374,70.469598069787,0,2.70016765594482,0,4,0,0.370565176010132,0,475.66818267107,0,0,0,62.8488906919956,0,0,40.5026911795139,0,0,0,0,0,32.7360962033272,0,59.7136383056641,0,1.11017501354218,0,0,0,0,0,48.2807105630636,0,0.178490072488785,3.0425950884819,0,91.992696121335,0,0
0,0,0,0,0,65.6415929794312,0,27.0398831367493,0,0,0,0,0,278.336053997278,0,3.74168121814728,0,0,0,5.22614246606827,0,0,0,0,0,0,0,0,0,0,0,0,0,0,0,0,0,0,0,0,0,0,0,0,0,2.65908479690552,0,0,0,67.023142516613,0,0,0,82.2078320980072,0,0,0,164.246731072664,0,0,0,156.308318585157,4.39916065335274,0,0.352603167295456,0,2.70074868202209,0,19.77991771698,0,60.153187006712,0,0,0,0,0,0,0,2.55997639894485,0,0,0,141.728003025055,18.3851407766342,80.8714542984962,0,0
50.3805547654629,0,34.4596338272095,0,5.64713275432587,0,0,0,16.3609010577202,0,0,0,7.46379536390305,0,43.6417698264122,0,2.93939137458801,0,3.10857975482941,0,0,0,0,0,0,0,0,0,0,0,0,0,0,0,0,0,0,0,0,0,0,0,0.203068971633911,0,0,0,0,0,77.8489132523537,0,24.9367729723454,0,0,0,118.599850654602,0,21.6468793749809,0,62.8488906919956,0,0,0,0,0,0,0,0,0,0,16.0577938556671,0,0.913881838321686,0,0,0,0,0,0,0,0,0,0,12.4348571300507,0,6.14168962836266,0,0
0,11.1102156639099,0,0.767509758472443,0,72.9227839410305,0,0,0,23.0022674798965,0,0,0,9.56773208081722,0,72.1202672123909,1.04347515106201,18.8943933546543,2.35352492332458,1.46628081798553,0,0,0,0,0,0,0,0,0,0,0,0,0,0,0,0,0,0,0,0,0,0,0,0,0,2.43264159560204,0,0,0,86.9881813079119,0,86.389781832695,0,0,0,125.571059346199,0,22.6414764523506,0,156.308318585157,0,0,4.69203519821167,0,0,0,1.27107346057892,0,27.4507903456688,0,10.2797541022301,0,0,0,0,0,0,0,1.41995197534561,0,0,0,9.76890802383423,0,35.4778789579868,0,0
0,0,0,8.42872549593449,0,19.6893391311169,0,0,0,0.222999900579453,0,90.2816097736359,0,0,0,0,5.94706374406815,10.0896569341421,127.359807029366,162.313373908401,0,0,0,0,0,0,0,0,0,0,0,0,0,0,0,865.433421447873,0,191.494021758437,0,183.916734904051,2.86863923072815,410.254474557936,1.42179375141859,11.5647349059582,0,1833.0785753727,3.34664712846279,0.148937731981277,0,23.460139118135,0,13.978349596262,0,0,0,1.61519229412079,0,714.157699003816,0,4.39916065335274,0,4.69203519821167,0,0.176823288202286,0.803343564271927,0,0,0,0,0,63.6120964214206,0,305.151171654463,0.156154006719589,0,0,1.68100666999817,0,2746.20641649514,3.69138380140066,1816.69201095402,1.7494034320116,46.5623212903738,0,912.419010192156,3.60581903904676,0
0,0,1.83966374397278,0,23.59514144063,0,0,0,0,0,185.178520947695,0,0,0,0,0,39.5928235501051,16.7997066304088,367.002989254892,0,402.352079883218,0,0,0,0,0,0.942553579807281,0,0,0,0,0,0,0,0,0.181383699178696,429.205916024745,0,363.295681722462,2.47850462049246,411.816775910556,4.32136625051498,450.340496331453,0.943108528852463,11.9643396288157,6.00343819707632,447.507384546101,1.34690657258034,14.7709059342742,0,120.630894809961,0,0,0,0.306032299995422,0,1440.69153651595,0,40.5026911795139,0,0,0,0.176823288202286,0,0,0,0,0,0,0,0,12.1284629106522,0,366.313791245222,0,0,0.138360738754272,0,11.0526135489345,2995.31891576201,3.63204529881477,1119.65493373573,373.853084594011,0,562.011366918683,0.423417568206787,8.26938205957413
0,0,0,0,0,0,0,0,0,0,0,0,0,0,0,0,0,81.0525771379471,0,0,0,3812.63706809282,0,27.9317938387394,0,1.61720097064972,0,0,0,0,0,0,0,0,0,0,0,50.5826524198055,0,0,0,1.14482644200325,0,0,0,0,0,0,0,132.247149094939,0,0,0,0,0,0,0,5.26973168551922,0,0.352603167295456,0,0,0.803343564271927,0,0,0,134.175431311131,0,108.949182599783,0,667.457043975592,0,0,0,0,0,0,0,0.28765831887722,0,1353.96563410759,0,20.228649020195,0,5.76234847307205,0,0
0,0,0,0,0,0,0,0,0,0,0,0,0,0,0,0,35.7670042514801,0,0,0,0,0,4245.04608000815,0,53.7645544707775,0,1.34426641464233,0,0,0,0,0,0,0,0,0,0,0,230.992251545191,0,0,0,0,0,0,0,0,0,332.615742176771,0,0,0,0,0,0,0,0.33365473151207,0,0,0,0,0,0,0,0,0,0,200.544063389301,0,140.581742107868,0,418.102447241545,0,20.7981742322445,0,0,0,0,0,0,0,772.337744221091,38.4130182266235,0,7.20925188064575,0,0
0,41.6156912446022,0,0,0,0,0,0,0,64.130551815033,0,0,0,0,0,0,0,0,0,0,0,0,0,506.221116632223,0,66.857272028923,0,0,0,0,0,0,0,0,0,0,0,42.9930768609047,0,0,0,0,0,0,0,0,0,0,0,78.3537928462029,0,0,0,0,0,282.054024741054,0,0.784893929958344,0,2.70074868202209,0,1.27107346057892,0,0,134.175431311131,0,0,0,313.310268104076,0,32.802625566721,0,0,0,0,0,0,0,0,0,590.917286068201,0,3.4281103014946,0,24.729075729847,0,0
0,0,0,0,0,0,0,0,2.53734561800957,0,0,0,0,0,0,0,4.29322957992554,18.3385883271694,0,0,0,0,4.38412269949913,0,320.293858706951,0,46.6399991512299,0,0,0,0,0,0,0,0,0,0,0,192.96919760108,0,0,0,0.527086973190308,0,0,0,0,0.964063227176666,194.671440377831,0,0,0,0,0,118.441249996424,0,0,0,0,0,0,0,0,0,0,200.544063389301,0,0,0,214.771482080221,0,4.75702774524689,0,0,0,0,0,0,0,0,0,39.4071955531836,105.965871393681,0,162.597510874271,0,0
0,0,0,0,0,0,0,0,0,0,0,0,0,0,0,0,27.2127976119518,601.47285670042,27.0657895803452,0,0,0,0,94.1222568154335,0,52.783086925745,0,1.14584168791771,0,0,0,0,0,0,0,0,0,0,0,0,0,0,0,0,0,0,0,0,0,173.780172049999,0,0,0,0,0,0,0,9.1720055937767,0,19.77991771698,0,27.4507903456688,0,0,108.949182599783,0,313.310268104076,0,0,0,295.38751873374,0,0,0,0,0,0,0,0,0,0.244176357984543,0,45.7725016772747,0,8.34859418869019,0,0
0,0,0,0,0,0,0,0,6.95443201065063,0,0,0,34.0718586444855,0,6.2078709602356,0,751.347551196814,51.4025640487671,23.7472971379757,0,0,0,91.3632964491844,0,160.779944866896,0,337.718520194292,0,78.668905377388,0,0,0,0,0,0,0,0,0,0,0,0,0,0,0,0,0,2.05937449634075,0,102.779239207506,0,0,0,0,0,30.868212133646,0,9.72933468222618,0,32.7360962033272,0,16.0577938556671,0,0,0,0,140.581742107868,0,214.771482080221,0,0,0,625.86131131649,0,0,0,0,0,0,0.147122755646706,0.775880813598633,0,1.63469889760017,69.4196850657463,0,2.18252165615559,0,0
0,0,0,3.391866132617,0,0,0,0,0,1.23715990781784,0,39.1703557372093,0,0,0,0,0,9.25898343324661,1.76735517382622,0,0,12.1444112062454,0,0,0,6.1118703186512,0,328.039863914251,0,14.2682526111603,0,0,0,0,0,0.542650654911995,0,0,0,8.36795084923506,0,242.530435413122,0.968945920467377,1.23828983306885,0,12.2933594211936,0,0.764207616448402,0,579.171580299735,0,0,0,0,0,0.171745032072067,0,863.056381389499,0,60.153187006712,0,10.2797541022301,63.6120964214206,0,667.457043975592,0,32.802625566721,0,295.38751873374,0,0,0,680.754219263792,0,0,0,0,0,15.1138943359256,0,659.010261297226,0,21.5083281546831,0,556.227258220315,9.99876756966114,0.106432564556599
0,0,0.267371833324432,0,0,0,0,0,0,0,0,0,0,0,0,0,0.636091500520706,0,2.06888416409492,0,0,0,46.4179554581642,0,0,0,108.574645280838,0,423.0175986588,0,0,0,0,0,0,0,0,0,28.7785867452621,0,3.43349133431911,0.104479074478149,58.9467571228743,0,0,0,3.37846407294273,0,223.03591132164,0,0,0,0,0,0,0,559.050150454044,0,59.7136383056641,0,0.913881838321686,0,0,12.1284629106522,0,418.102447241545,0,4.75702774524689,0,625.86131131649,0,0,0,890.14471565187,0,0,0,0,0.920813858509064,1.19111756980419,0,581.639064759016,3.34503377974033,0,153.965209394693,0,9.70344603061676
0,0,0,2.08323884010315,0,1.30425649881363,0,0,0,0,0,18.7298168390989,0,0,0,0,0.829711019992828,2.01085320115089,16.5724245011806,0.438974380493164,0,0,0,0,0,0,0,29.4187189489603,0,0.211043030023575,0,0,0,0,0,3.4711758941412,0,70.223876863718,0,8.35271240770817,0,378.624908968806,0.661928549408913,22.7649039328098,0,203.871851801872,1.6046010106802,0.123890407383442,0,92.7787145227194,0,0,0,0,0,0,0,781.524989694357,0,0,0,0,305.151171654463,0,0,0,0,0,0,0,680.754219263792,0,0,0,0,0,0,0,33.4884398803115,2.10397040843964,941.599251240492,0,63.5616992115974,0,629.08853648603,138.957504153252,0
0.372614949941635,0,25.8604140728712,0,0,0,0,0,0,0,9.29862278699875,0,0.363784074783325,0,0.301517933607101,0,18.6417940557003,8.29014424979687,163.322548866272,0,3.48460829257965,0,8.98793697357178,0,0,0,0,0,7.79872369766235,0,138.60558500886,0,0,0,0,0,5.35030420124531,0.249479845166206,10.4779388159513,2.48222661018372,19.4432977885008,6.48781397938728,432.054098770022,0,1.15509968996048,0.339112460613251,111.117122843862,6.02909231185913,89.903211414814,0,0.575591593980789,0,0,0,1.55828851461411,0,896.433146908879,0,1.11017501354218,0,0,0,0.156154006719589,366.313791245222,0,20.7981742322445,0,0,0,0,0,890.14471565187,0,0,0,0,0,0,4.15387915074825,104.019202336669,2.26743164658546,1613.66125269234,26.4331210553646,0,888.637383401394,0.170842602849007,126.919434517622
0,0,0,0,0,0,0,0,0,0,0,0,0,0,0,0,0,0,0.847094163298607,0,0,0,0,0,0,0,0,0,0,0,0,472.201992899179,148.361551880836,94.9731199890375,0,135.769048839808,0,0,0,0,0,0.123006664216518,0,2.05629086494446,0,0,0,1482.62692949176,3.18068671226501,0,0,0,0,0,0,0,0,0,0,0,0,0,0,0,0,0,0,0,0,0,0,0,0,0,0,21.8246533274651,308.309889659286,0,342.268793419003,6.53602623939514,0,0,133.043163865805,0,0,0,0
0,0,0,0,0,0,0,0,0,0,0,0,0,0,0,0,0,0,0,0,0,0,0,0,0,0,0,0,0,0,0,16.1981574296951,1473.9049590528,0,155.684671521187,0,97.5249775350094,0,0,0,0,0,0,0,0,0,0,2351.37426514924,4.35019025206566,0,0,0,0,0,0,0,0,0,0,0,0,0,0,0,0,0,0,0,0,0,0,0,0,0,21.8246533274651,0,0,444.260109513998,7.20440936088562,675.097932651639,0,0,74.5539743602276,0,0.60072535276413,0,0
0,0,0,0,0,0,0,0,0,0,0,0,0,0,0,0,3.28529468178749,4.24664415419102,45.3753181397915,0,0,0,0,0,0,0,0,0,0,0,0,48.0831295847893,0,1404.12514567375,459.75081667304,107.082183599472,0,47.3273940235376,0,3.39065782725811,0.883467435836792,57.8159272372723,0.605463907122612,12.8705374002457,0,4.99870036542416,0.991547882556915,1376.01615279913,0.845216333866119,111.530530758202,0,0,0,0,0,0,0,3.52599841356277,0,0,0,0,1.68100666999817,0.138360738754272,0,0,0,0,0,0,0,0,0,0,308.309889659286,0,0,22.5320651531219,868.061153188348,0,2329.29571375251,0.174363523721695,204.239586427808,0,20.439815685153,23.5169298201799,0
