0,0,7.14169595333246,0,0,0,0,0,4.57732625763779,0,0,0,0,0,0,0,18.1341750962394,59.4251670837402,12.5835377253019,0,26.629373550415,0,0,0,0,0,0,0,0,0,0,0,0,0,0,0,48.1580350240072,0,0,0,36.970533936112,0,14.001943637611,0,0,0,47.808521270752,0,8.78762153120284,0,0,0,0,0,4.95816053842243,0,13.812655766805,0,13.8639626502991,0,3.74468515813351,0,0,27.3637350082397,0,0,0,0,0,0,0,0,0,0,0,0,0,0,0,46.938355345475,0,28.6737221309117,7.42053676605225,0,10.4625376390688,0,0
0,0,0,6.52698730826378,40.4134254455566,0,0,0,0,11.6035194665744,0,0,0,0,0,5.99764400720596,46.2897415161133,6.2218656539917,10.6512590082068,0,0,34.228832244873,0,17.5329343742794,0,0,0,0,0,0,0,0,0,0,0,53.109789276123,0,27.4632256677908,0,40.8444675869412,0,25.9913225423603,0,0,0,0,0,41.1163177490234,0,21.7615468369276,0,0,0,0,0,6.57583034259757,0,8.91698845695047,0,8.3592357105679,0,7.3227171803465,23.7874811717442,0,0,0,22.2286532395551,0,19.9377546039495,0,26.6049022869188,0,30.7909558614095,0,0,0,0,0,43.8724880218506,0,28.1520685389422,0,9.90835389815603,37.6425291697184,20.066480814857,20.8584938049316,0
7.14169595333246,0,0,0,9.39033896095899,0,0,0,6.1623895577022,0,0,0,0,0,0,0,0,0,16.8306668145316,0,29.63258934021,0,0,0,0,0,0,0,0,0,0,0,0,0,0,29.848185811724,21.3113194704056,0,0,0,0,60.046573638916,20.8361453164008,0,0,0,0,44.328275680542,5.21936816927753,0,7.60176091685478,0,0,0,5.78701866071907,0,11.4000616909622,0,4.63910534101374,0,3.64681296348572,0,0,23.380172252655,0,0,0,0,0,0,0,30.2282218933105,0,0,0,0,0,0,0,31.9656894081517,0,31.5556945800781,19.2100360397201,0,17.7070532313822,0,15.5515029483371
0,6.52698730826378,0,0,0,11.2286821774074,0,0,0,18.0074680864811,0,6.00148212909698,0,0,0,3.79077816009521,92.0871276855469,0,45.9405696392059,0,0,0,0,26.8548882802327,0,0,0,0,0,0,0,0,0,0,0,26.7666702270508,0,37.7802257537842,0,32.7744071960449,0,33.5851830820883,0,0,0,0,0,47.4945869445801,0,24.094000755616,0,10.4434085063445,0,0,0,9.34785229854095,0,5.35807240936491,0,6.07574512277331,0,7.31658913730194,0,0,0,0,36.0054080269553,0,37.4355040330153,0,36.1669786626642,0,33.4312419891357,0,0,0,0,0,42.2494756380717,0,41.9418659210205,0,13.6659928712051,7.05518998384476,20.7849787074184,22.5517654418945,0
0,40.4134254455566,9.39033896095899,0,0,0,2.90986151695251,0,4.87759765334751,0,2.85344064235687,0,0,0,6.23231840133667,0,0,0,0,0,2.92794193540301,0,0,0,0,0,0,0,0,0,0,0,0,0,0,27.4440784454346,26.3868789672852,0,0,0,0,0,30.7515506744385,0,0,0,0,0,21.6378312110901,35.6742477416992,5.52241951803199,0,3.65849393956801,0,4.62481535673141,0,0,77.7085113525391,8.22508239746094,0,4.90775732199351,0,0,0,0,0,0,0,0,0,0,0,0,0,0,0,0,0,0,0,0,0,6.98729584898267,4.97311313012067,28.4585212531843,0,0
0,0,0,11.2286821774074,0,0,0,0,0,3.89487748146057,0,0,0,0,0,4.12227127949397,0,0,0,0,0,0,0,0,0,0,0,0,0,0,0,0,0,0,0,4.8370246887207,0,0,0,0,0,0,0,0,0,0,0,0,0,0,0,3.48556790546495,0,0,0,2.73891433080037,0,9.64720994234085,0,6.18140950119286,0,4.14126045914257,0,0,0,0,0,0,0,0,0,0,0,0,0,0,0,0,10.9599914550781,0,0,0,3.71650151548714,0,8.76249947150548,0,0
0,0,0,0,2.90986151695251,0,0,0,0,0,7.0263630549113,0,4.01921095621018,0,0,0,0,0,0,0,0,0,0,0,0,0,0,0,0,0,0,0,0,0,0,0,0,0,0,0,0,0,0,0,0,0,0,0,0,0,3.7696131169796,0,4.43192810189156,0,0,0,3.78002162346473,0,4.63836145401001,0,0,0,0,0,0,0,0,0,0,0,0,0,0,0,0,0,0,0,0,0,0,0,4.9517773578526,4.0293790998913,0,0,0
0,0,0,0,0,0,0,0,0,0,0,0,0,3.46138839363363,0,0,0,0,0,3.22869980335236,0,0,0,0,0,0,0,0,0,0,0,0,0,0,0,0,0,0,0,0,0,0,0,0,0,0,0,0,0,0,0,5.35875558853149,0,3.05935543775558,0,0,0,0,0,4.55417148063057,0,0,0,0,0,0,0,0,0,0,0,0,0,0,0,0,0,0,0,0,0,0,2.89833599328995,0,0,0,0
4.57732625763779,0,6.1623895577022,0,4.87759765334751,0,0,0,0,0,0,0,0,0,4.37594436702872,0,26.5749322800409,55.4634704589844,41.2142724990845,0,0,0,0,0,4.0231414387025,0,18.5558929443359,0,0,0,0,0,0,0,0,0,0,0,5.06050768920353,0,0,0,5.57223426302274,0,0,0,0,0,5.97401448232787,0,3.89223527908325,0,0,0,3.87740809227387,0,17.3684581120809,0,0,0,4.47377091646194,0,0,0,0,0,0,4.95011958030805,0,0,0,0,0,0,0,0,0,0,0,0,0,10.1929617361589,4.92598766735015,7.79805374145508,7.48724555678484,0,4.96970708029611
0,11.6035194665744,0,18.0074680864811,0,3.89487748146057,0,0,0,0,0,0,0,0,0,4.16580963801671,0,2.95621339480082,24.9949711286105,0,0,27.239670753479,0,4.93186507694913,0,5.70565333366394,0,0,0,0,0,0,0,0,0,0,0,12.9231179714203,0,53.9782581329346,96.1824951171875,11.4016917871905,0,0,0,0,0,0,0,17.3339001432864,0,4.08402771949768,0,0,0,4.46111894559257,0,20.4040451049805,0,19.098804473877,0,5.50467591246298,22.1685913085938,0,0,0,7.13638029709335,0,12.0849935384554,0,19.7624028523763,0,0,0,0,0,18.8484973907471,0,49.2824478149414,0,12.3113375258172,0,8.57847241531492,19.7013592720032,14.0862520150971,0,0
0,0,0,0,2.85344064235687,0,7.0263630549113,0,0,0,0,0,3.73368580000741,0,0,0,0,0,0,0,3.90521868225796,0,0,0,0,0,0,0,0,0,3.42237811287244,0,0,0,0,0,4.03075579939217,0,5.16750179098539,0,0,0,0,0,0,0,0,0,0,0,9.73146015719364,0,0,0,0,0,6.42411066926298,0,3.50453373472741,0,0,0,0,8.45970725536346,0,0,0,0,0,0,0,2.74192535877228,0,3.01584190013362,0,0,0,0,0,25.777531683445,0,5.65162139279502,4.17448041464693,4.19603502750397,6.63551867008209,0,0
0,0,0,6.00148212909698,0,0,0,0,0,0,0,0,0,4.79822133259323,0,0,0,0,0,10.418539944562,0,0,0,0,0,0,0,5.92747674205086,0,4.96664839605742,0,0,0,0,0,6.57500434982477,0,5.98512864593698,0,0,0,0,0,0,0,0,0,0,0,0,0,0,0,0,0,0,0,5.08861316002373,0,5.69891861206343,0,0,16.5013926579402,0,0,0,0,0,0,0,9.05160349845886,0,5.6572005266102,0,0,0,0,0,8.93317598104477,0,20.5861950874329,0,3.65208380818367,10.5296921730042,4.03838030993938,0,0
0,0,0,0,0,0,4.01921095621018,0,0,0,3.73368580000741,0,0,0,5.06197340289752,0,0,0,0,0,0,0,0,0,0,0,0,0,6.94617920655471,0,0,0,0,0,0,0,0,0,0,0,0,0,0,0,0,0,0,0,0,0,3.87718925476074,0,3.51428572336833,0,0,0,0,0,4.16130708707006,0,3.14762282371521,0,0,0,0,0,0,0,0,0,0,5.62878939774957,0,0,0,0,0,0,0,0,0,0,4.92282431598367,2.99695631861687,0,0,0
0,0,0,0,0,0,0,3.46138839363363,0,0,0,4.79822133259323,0,0,0,4.02932952841123,0,0,0,0,0,0,0,0,0,0,0,4.76674952927758,0,3.86657898766654,0,0,0,0,0,0,0,0,0,0,0,0,0,0,0,0,0,0,0,0,0,0,0,4.22965774536133,0,0,0,5.7284124970305,0,4.14344327280718,0,5.79298540577292,0,0,0,0,0,0,6.93276631832123,0,12.1049203872681,0,11.4680582682292,0,0,0,0,0,0,0,0,0,5.18486640817028,2.95181916441236,0,0,0
0,0,0,0,6.23231840133667,0,0,0,4.37594436702872,0,0,0,5.06197340289752,0,0,0,11.559414591108,33.4800476498074,0,0,0,0,0,0,8.32730038960775,0,7.05583409468333,0,0,0,0,0,0,0,0,0,0,0,0,0,0,0,0,0,0,0,0,0,0,0,0,0,0,0,5.04626472791036,0,0,0,5.77344967223503,0,3.43604665020712,0,0,0,0,0,0,0,0,5.0304885830198,0,0,0,0,0,0,0,0,0,0,0,0,18.6811639922006,10.5585994720459,0,0,0
0,5.99764400720596,0,3.79077816009521,0,4.12227127949397,0,0,0,4.16580963801671,0,0,0,4.02932952841123,0,0,0,0,0,0,0,0,0,6.17740813891093,0,4.58861031532288,0,0,0,0,0,0,0,0,0,0,0,0,0,0,0,0,0,0,0,0,0,0,0,21.6138077974319,0,3.91848538742691,0,0,0,3.8954630057017,0,0,0,4.25905775092542,0,4.4018510211477,0,0,0,0,0,0,5.3303777128458,0,0,0,0,0,0,0,0,0,0,0,0,0,4.12121668422923,0,0,0,0
18.1341750962394,46.2897415161133,0,92.0871276855469,0,0,0,0,26.5749322800409,0,0,0,0,0,11.559414591108,0,0,24.6862834865797,28.6919751706227,0,67.0884094238281,49.6082334518433,5.18838602304459,0,22.403172955513,0,16.9678887256251,0,4.43476581573486,0,0,0,0,0,0,129.324951171875,75.7835597991943,0,0,82.6028175354004,69.8676511530291,65.5139318896878,37.5084135155929,70.7633485233083,48.687123298645,68.9158454895019,51.6187344789505,0,0,63.5701154073079,0,0,0,0,0,0,0,0,0,0,12.2431955337524,0,83.067147391183,68.9320919036865,0,0,59.8781433105469,19.2591108083725,0,21.810954729716,0,0,0,0,0,0,0,0,90.4574627977736,73.4868679046631,83.3183433532715,0,17.0470502859608,14.1084697770145,54.3671975971497,59.0198865618025,43.7806020736694
59.4251670837402,6.2218656539917,0,0,0,0,0,0,55.4634704589844,2.95621339480082,0,0,0,0,33.4800476498074,0,24.6862834865797,0,23.4706970448684,0,0,8.41226529387327,37.9584007263184,4.83718289361967,42.3513613019671,5.12149860227809,37.1684682552631,0,0,0,0,0,0,0,0,79.4427190508161,94.1183319091797,79.0240097045898,0,73.9762233098348,83.8841172998602,52.3340090046758,57.2075150433709,48.9056903697826,52.3358322143555,57.3714741298131,61.3102879524231,0,0,62.4937448501587,0,0,0,0,0,0,0,0,0,0,0,0,72.2719971338908,85.138614654541,7.87430185982675,0,5.53384661529711,32.059139251709,4.109295129776,31.7190631230672,0,0,0,0,0,0,0,0,78.8512660361625,91.9792617162069,68.9576128446139,0,14.2215064449095,7.66085921880202,59.4361581282182,53.4735743204753,41.7562637329102
12.5835377253019,10.6512590082068,16.8306668145316,45.9405696392059,0,0,0,0,41.2142724990845,24.9949711286105,0,0,0,0,0,0,28.6919751706227,23.4706970448684,0,57.6446771621704,30.8567804609026,36.5568466186523,0,0,38.9777840701016,0,40.6542148590088,0,0,0,0,0,0,0,0,60.9229189116379,62.9923393726349,41.9043654203415,0,44.3619720621968,50.7381692679532,14.9361625704208,16.1898967004427,19.2619679861539,21.9314604742914,40.3324002207325,34.6159373153875,44.2724113464355,24.5274837200458,37.607077552673,0,0,0,0,0,30.3328492641449,35.1005137761434,0,0,0,0,0,56.7989664502964,40.3615822708398,0,0,29.0825803279877,0,47.2696898324149,0,72.3630886077881,0,31.1827176411947,0,0,0,0,0,52.0541404366712,57.8116690123953,40.448462597829,32.4187395432416,15.9178014405624,51.7616246541341,26.4788625117832,15.9778359604061,23.7943077471948
0,0,0,0,0,0,0,3.22869980335236,0,0,0,10.418539944562,0,0,0,0,0,0,57.6446771621704,0,0,0,0,0,0,0,0,0,0,0,0,0,0,0,0,8.54356800155376,0,11.5490823226739,0,21.8176158666611,0,51.2833766937256,0,0,0,27.068273859024,0,0,0,50.653437659854,0,0,0,0,0,0,0,6.2966272709321,0,0,0,0,8.18360404121641,0,0,0,0,0,0,0,47.2027759552002,0,29.7211742903057,0,0,0,0,0,22.5783401655304,0,20.6004046645991,0,5.50235181064823,0,22.9536245736209,78.7187595367432,0
26.629373550415,0,29.63258934021,0,2.92794193540301,0,0,0,0,0,3.90521868225796,0,0,0,0,0,67.0884094238281,0,30.8567804609026,0,0,0,0,0,0,0,0,0,0,0,0,0,0,0,0,0,4.99031584605285,0,3.27088563369982,0,36.01894498908,0,19.9367358207703,0,38.8885078430176,0,13.475285760192,0,25.5197591781616,0,0,0,0,0,0,0,8.9838108366186,0,15.0826763153076,0,0,0,0,7.56952276733977,0,0,0,0,0,0,0,0,0,0,0,0,0,0,0,9.68676783405719,0,28.1950168609619,11.725180657223,0,14.4018696569479,0,20.3754177093506
0,34.228832244873,0,0,0,0,0,0,0,27.239670753479,0,0,0,0,0,0,49.6082334518433,8.41226529387327,36.5568466186523,0,0,0,6.87335618993114,8.91780489774851,0,5.84585849642754,0,4.33614492634116,0,0,0,0,0,0,0,0,0,7.67813263315405,3.53342621667045,0,0,23.7341232299805,0,0,0,0,0,0,0,10.1239897184814,0,0,0,0,0,0,0,0,0,0,0,0,0,0,5.29053932023333,6.54586159388224,7.17249677742229,0,6.98040696986646,0,8.05715892960628,0,0,0,0,0,0,0,69.9866027832031,0,11.4189465252395,0,6.07460620687658,5.87065758379588,31.9402379989624,0,0
0,0,0,0,0,0,0,0,0,0,0,0,0,0,0,0,5.18838602304459,37.9584007263184,0,0,0,6.87335618993114,0,0,3.72328817238242,0,3.76525174338242,0,3.28433513641357,0,0,0,0,0,0,0,0,2.85631799697876,4.0387901653901,0,0,0,0,0,0,0,0,0,7.69516112195685,0,0,0,0,0,0,0,0,0,0,0,0,0,0,0,7.3883461604012,5.08537788098191,0,4.1849250793457,0,6.65094056967142,0,3.72568132592198,0,0,0,0,0,0,0,0,0,5.35173936999972,3.85326907038689,2.8967719078064,18.1778473854065,0,0
0,17.5329343742794,0,26.8548882802327,0,0,0,0,0,4.93186507694913,0,0,0,0,0,6.17740813891093,0,4.83718289361967,0,0,0,8.91780489774851,0,0,0,4.59992637729884,0,0,0,0,0,0,0,15.8891973495483,0,0,0,6.72024907101793,0,0,0,11.1972595076812,0,0,0,0,0,0,0,15.7465457598368,0,0,0,0,0,7.23072211510312,0,0,0,0,0,14.0322653055191,0,0,6.0930476307869,0,3.86456557798517,0,5.76487997210756,0,0,0,0,0,0,0,16.7771463012695,0,0,0,5.82260126680575,0,6.63267520870591,14.6553879517775,7.08055722357622,0,0
0,0,0,0,0,0,0,0,4.0231414387025,0,0,0,0,0,8.32730038960775,0,22.403172955513,42.3513613019671,38.9777840701016,0,0,0,3.72328817238242,0,0,0,4.42255130962089,0,0,0,0,0,0,0,0,0,0,0,7.05522974935071,0,0,0,11.7889728546143,0,0,0,0,0,6.46063939730326,0,0,0,0,0,4.36533594782887,0,0,0,8.01886936596462,0,8.02597283742514,0,0,0,0,3.9343620372541,0,4.43854495990062,0,5.58619137316289,0,8.52861547316274,0,0,0,0,0,0,0,0,0,8.55217713431308,13.2308239363805,27.5414428710938,5.16135658784346,0,0
0,0,0,0,0,0,0,0,0,5.70565333366394,0,0,0,0,0,4.58861031532288,0,5.12149860227809,0,0,0,5.84585849642754,0,4.59992637729884,0,0,0,2.9671777566274,0,0,0,0,0,0,0,0,0,8.72161266538832,0,0,0,0,0,0,0,0,0,0,0,5.91912492116292,0,0,0,0,0,4.97843136931911,0,0,0,0,0,0,0,0,5.94895353136944,0,4.31517948869799,0,5.03665023056974,0,3.3385284697568,0,0,0,0,0,0,0,0,0,0,0,0,0,25.1678581237793,0,0
0,0,0,0,0,0,0,0,18.5558929443359,0,0,0,0,0,7.05583409468333,0,16.9678887256251,37.1684682552631,40.6542148590088,0,0,0,3.76525174338242,0,4.42255130962089,0,0,0,3.70672927732053,0,0,0,0,0,0,0,0,0,0,0,0,55.1476249694824,35.6667709350586,0,0,0,0,0,0,0,0,0,0,0,0,0,0,0,7.04431819915771,0,6.607985908038,0,0,0,0,3.78730424967679,0,3.6361116229034,0,4.19824119385956,0,7.52837484180927,0,0,0,0,0,0,0,0,0,0,15.001775874323,18.9002247810364,0,0,0
0,0,0,0,0,0,0,0,0,0,0,5.92747674205086,0,4.76674952927758,0,0,0,0,0,0,0,4.33614492634116,0,0,0,2.9671777566274,0,0,0,4.98660193620023,0,0,0,0,0,0,0,5.60513501760492,0,0,0,0,0,0,0,0,0,0,0,0,0,0,0,0,0,0,0,5.70859512206047,0,4.21806468429237,0,0,0,0,7.56527023017406,0,0,0,4.43086814880371,0,5.80303836603534,0,10.8559136740994,0,0,0,0,0,0,0,7.35089577028083,0,2.92071346441905,0,0,0,0
0,0,0,0,0,0,0,0,0,0,0,0,6.94617920655471,0,0,0,4.43476581573486,0,0,0,0,0,3.28433513641357,0,0,0,3.70672927732053,0,0,0,5.93440721159298,0,0,0,0,0,0,0,2.95362223897661,0,0,0,0,0,0,0,0,0,12.8313694000244,0,0,0,0,0,0,0,10.4940052032471,0,4.07232971374805,0,0,0,0,18.7698345184326,0,3.3546922289092,0,0,0,4.28826462569302,0,5.1805934431356,0,10.9617137908936,0,0,0,0,0,0,0,4.35203043981032,7.03067893170296,2.84542346411738,0,0,0
0,0,0,0,0,0,0,0,0,0,0,4.96664839605742,0,3.86657898766654,0,0,0,0,0,0,0,0,0,0,0,0,0,4.98660193620023,0,0,0,0,0,0,0,0,0,4.22303749833788,0,0,0,0,0,0,0,0,0,0,0,0,0,0,0,0,0,0,0,4.97104924048304,0,0,0,0,0,0,0,0,0,0,0,0,7.13855562426827,0,5.27891725203652,0,0,0,0,0,0,0,4.82988068801721,0,0,0,0,0,0
0,0,0,0,0,0,0,0,0,0,3.42237811287244,0,0,0,0,0,0,0,0,0,0,0,0,0,0,0,0,0,5.93440721159298,0,0,0,0,0,0,0,0,0,4.32556772591481,0,0,0,0,0,0,0,0,0,0,0,0,0,0,0,0,0,5.58543800939464,0,0,0,0,0,0,20.4596786499023,0,0,0,0,0,0,0,6.62848507274281,0,3.91729402073546,0,0,0,0,0,0,0,4.16658911058458,4.86508792989394,0,9.66182518005371,0,0
0,0,0,0,0,0,0,0,0,0,0,0,0,0,0,0,0,0,0,0,0,0,0,0,0,0,0,0,0,0,0,0,3.85874833379473,0,0,2.97855448722839,0,0,0,0,0,0,0,0,0,0,0,6.86454015355474,0,9.63653405161871,0,0,0,0,0,0,0,0,0,0,0,0,0,0,0,0,0,0,0,0,0,0,0,0,5.43890803674819,0,11.8588076432546,0,5.24527066265611,0,0,0,2.92786972805605,0,0,0,0
0,0,0,0,0,0,0,0,0,0,0,0,0,0,0,0,0,0,0,0,0,0,0,0,0,0,0,0,0,0,0,3.85874833379473,0,0,3.89954146317073,0,4.01559021172014,0,0,0,0,0,0,0,0,0,0,5.00235923744832,5.58945684432983,0,0,0,0,0,0,0,0,0,0,0,0,0,0,0,0,0,0,0,0,0,0,0,0,0,0,4.29935116063124,0,5.88895324737795,0,5.41168427467346,0,0,4.11536187337091,0,0,0,0
0,0,0,0,0,0,0,0,0,0,0,0,0,0,0,0,0,0,0,0,0,0,0,15.8891973495483,0,0,0,0,0,0,0,0,0,0,4.47080410770748,4.57800332854776,0,5.4332778819443,7.51556005477905,0,0,0,0,0,0,0,0,5.19644464417566,0,6.65905706087748,0,0,0,0,0,0,0,0,0,0,0,0,0,0,0,0,13.5734610557556,0,0,0,0,0,0,0,5.85227600387905,0,5.39738280626915,3.80563153539385,9.20408440373608,0,7.0090506934976,4.7610981464386,5.50737520546941,0,0,0,0
0,0,0,0,0,0,0,0,0,0,0,0,0,0,0,0,0,0,0,0,0,0,0,0,0,0,0,0,0,0,0,0,3.89954146317073,4.47080410770748,0,0,5.30108609977232,5.05274820327759,4.20182902162725,0,23.4157536029816,0,0,0,0,0,22.7065296173096,4.37646657160627,8.03546405009471,0,0,0,0,0,0,0,0,0,0,0,0,0,0,60.5599594116211,0,0,0,0,0,0,0,0,0,0,0,5.9580884248438,10.7337443843373,4.27460094536469,0,10.9452345524684,0,6.074444302386,6.37524736386079,0,4.27804962793986,0,0
0,53.109789276123,29.848185811724,26.7666702270508,27.4440784454346,4.8370246887207,0,0,0,0,0,6.57500434982477,0,0,0,0,129.324951171875,79.4427190508161,60.9229189116379,8.54356800155376,0,0,0,0,0,0,0,0,0,0,0,2.97855448722839,0,4.57800332854776,0,0,5.24347495834033,7.05359049332129,0,20.3224711533516,0,43.2763292924413,56.16090965271,55.8263318198068,0,42.0014841079712,0,6.8234011393327,0,20.8886162340641,0,0,0,0,0,0,39.5484263102214,8.5642966399683,0,0,0,0,16.8629771243359,27.646369934082,0,0,0,0,86.3991851806641,0,43.6351432800293,0,74.9481735229492,0,4.49504603029832,0,9.01764754139551,0,9.25315552131168,7.23655466268092,11.4726779051649,0,7.73748606595332,0,27.6842463159043,39.4363045943411,50.5961532592773
48.1580350240072,0,21.3113194704056,0,26.3868789672852,0,0,0,0,0,4.03075579939217,0,0,0,0,0,75.7835597991943,94.1183319091797,62.9923393726349,0,4.99031584605285,0,0,0,0,0,0,0,0,0,0,0,4.01559021172014,0,5.30108609977232,5.24347495834033,0,0,4.86102792695432,0,19.8638814644641,0,34.2446456765229,131.779418945312,46.0055809020996,0,32.4762763646933,16.6826901643173,14.8436594562766,0,20.6905097961426,0,0,0,0,0,9.6822153189603,0,17.1973504286546,0,0,0,0,10.6263330979901,0,0,0,0,0,0,0,0,0,0,0,7.00563358799529,0,5.68076781705878,3.85347852230072,7.65189584314576,0,6.16335786746896,5.04654633985664,3.3862021446228,24.1031189550433,0,36.2799114747481
0,27.4632256677908,0,37.7802257537842,0,0,0,0,0,12.9231179714203,0,5.98512864593698,0,0,0,0,0,79.0240097045898,41.9043654203415,11.5490823226739,0,7.67813263315405,2.85631799697876,6.72024907101793,0,8.72161266538832,0,5.60513501760492,0,4.22303749833788,0,0,0,5.4332778819443,5.05274820327759,7.05359049332129,0,0,3.67492115092727,43.2049112319946,0,17.7802553302363,0,51.7563285827637,0,17.9791562740619,0,5.849558128552,0,7.44458290684608,0,0,0,0,0,15.9429659177275,0,5.00062650221366,0,0,0,25.8974081675212,16.6135775193255,0,7.89104961609656,0,5.88315107670774,0,10.4838292312622,0,5.0508292413527,0,6.19580715529773,0,0,0,9.89836727100731,0,11.6354789230356,0,6.14434774894575,3.41497304860283,6.59792473743265,7.45007254023885,17.3182154877318,28.5876159667969,0
0,0,0,0,0,0,0,0,5.06050768920353,0,5.16750179098539,0,0,0,0,0,0,0,0,0,3.27088563369982,3.53342621667045,4.0387901653901,0,7.05522974935071,0,0,0,2.95362223897661,0,4.32556772591481,0,0,7.51556005477905,4.20182902162725,0,4.86102792695432,3.67492115092727,0,0,14.50705909729,0,4.67094560102983,0,0,0,7.38435786962509,4.14071744983479,5.80701298944108,0,0,0,0,0,6.9074631690979,0,6.19623161836104,0,0,0,0,0,0,7.24141567140012,0,3.81738078426307,0,6.38253876730187,0,10.0645551681519,0,10.5320670132164,0,6.54331912994385,0,0,9.81494395774707,3.91550084522792,0,8.53646269691325,4.33950144751778,5.32080232158057,3.66943472635535,0,4.47573053725412,0,0
0,40.8444675869412,0,32.7744071960449,0,0,0,0,0,53.9782581329346,0,0,0,0,0,0,82.6028175354004,73.9762233098348,44.3619720621968,21.8176158666611,0,0,0,0,0,0,0,0,0,0,0,0,0,0,0,20.3224711533516,0,43.2049112319946,0,0,88.2830505371094,22.0891493233767,133.133361816406,32.9709305607416,54.3132419586182,16.6365349883707,0,5.12575418732383,0,6.45569011529093,0,0,0,0,0,0,0,33.314474105835,0,0,0,0,25.8929678376313,0,0,0,0,0,57.9111938476562,0,57.8328666687012,0,0,0,0,0,0,0,11.4253144543477,149.328353881836,65.0676235052256,0,38.3255525852417,0,17.2048763297719,24.5023270563075,0
36.970533936112,0,0,0,0,0,0,0,0,96.1824951171875,0,0,0,0,0,0,69.8676511530291,83.8841172998602,50.7381692679532,0,36.01894498908,0,0,0,0,0,0,0,0,0,0,0,0,0,23.4157536029816,0,19.8638814644641,0,14.50705909729,88.2830505371094,0,89.9589824676514,21.6937980904475,71.5129699707031,30.5570016639177,140.029418945312,13.3599784069922,20.7525501251221,5.71281672506777,0,0,0,0,0,0,0,42.5132962544759,0,44.892520904541,0,0,0,0,20.7450657068022,0,0,0,0,0,0,0,47.5247955322266,0,27.6856728530512,0,7.66458964347839,0,0,68.4481506347656,14.5109443303311,0,15.5613692849874,52.2803397040436,0,18.8088029515315,0,24.9195312899212
0,25.9913225423603,60.046573638916,33.5851830820883,0,0,0,0,0,11.4016917871905,0,0,0,0,0,0,65.5139318896878,52.3340090046758,14.9361625704208,51.2833766937256,0,23.7341232299805,0,11.1972595076812,0,0,55.1476249694824,0,0,0,0,0,0,0,0,43.2763292924413,0,17.7802553302363,0,22.0891493233767,89.9589824676514,0,7.28478218146733,10.2060889987718,34.8625183105469,14.8676415687185,0,6.887970383962,0,12.9776192151534,0,0,0,0,0,19.3825811093504,0,31.570307970047,0,0,0,26.3527584577862,25.0426500184195,97.7547187805176,0,0,21.3467939778378,0,21.6092578387651,0,18.8743850031207,0,24.5602970123291,0,0,0,0,0,25.6822989981132,0,27.9074292840629,0,12.7746332220032,21.0287064552307,9.92568082177348,9.17535521255196,3.68718862533569
14.001943637611,0,20.8361453164008,0,30.7515506744385,0,0,0,5.57223426302274,0,0,0,0,0,0,0,37.5084135155929,57.2075150433709,16.1898967004427,0,19.9367358207703,0,0,0,11.7889728546143,0,35.6667709350586,0,0,0,0,0,0,0,0,56.16090965271,34.2446456765229,0,4.67094560102983,133.133361816406,21.6937980904475,7.28478218146733,0,0,7.69316673602747,0,11.4826131482787,9.25242495205667,9.92551378992073,34.6551509857178,0,0,0,0,38.5723495483398,0,18.8425530641439,0,23.9677192687988,0,20.5308205740792,0,0,24.844758226758,0,0,0,13.2984820604324,0,0,0,20.7038307189941,0,0,0,0,0,0,99.9065933227539,30.936722946167,0,20.7798937559128,10.1185493536379,8.99352223222906,8.50787352192499,0,5.34880988876315
0,0,0,0,0,0,0,0,0,0,0,0,0,0,0,0,70.7633485233083,48.9056903697826,19.2619679861539,0,0,0,0,0,0,0,0,0,0,0,0,0,0,0,0,55.8263318198068,131.779418945312,51.7563285827637,0,32.9709305607416,71.5129699707031,10.2060889987718,0,0,26.1282224655151,13.1189220182357,0,0,0,40.9137912077062,0,0,0,0,0,0,0,0,0,0,0,0,28.5972214508057,0,0,0,0,0,0,0,0,0,0,0,0,0,0,0,34.739934537263,68.2900110880534,41.4418561598834,0,17.5332713797531,0,11.1265076586438,16.4705421129862,0
0,0,0,0,0,0,0,0,0,0,0,0,0,0,0,0,48.687123298645,52.3358322143555,21.9314604742914,0,38.8885078430176,0,0,0,0,0,0,0,0,0,0,0,0,0,0,0,46.0055809020996,0,0,54.3132419586182,30.5570016639177,34.8625183105469,7.69316673602747,26.1282224655151,0,38.3138542175293,11.0863056368457,0,64.6159286499023,0,0,0,0,0,0,0,0,0,0,0,0,0,0,28.8936352729797,0,0,0,0,0,0,0,0,0,0,0,0,0,0,52.6751098632812,38.1635235156043,0,46.4011535644531,11.8001551922837,0,10.8335601518528,0,11.4901315655027
0,0,0,0,0,0,0,0,0,0,0,0,0,0,0,0,68.9158454895019,57.3714741298131,40.3324002207325,27.068273859024,0,0,0,0,0,0,0,0,0,0,0,0,0,0,0,42.0014841079712,0,17.9791562740619,0,16.6365349883707,140.029418945312,14.8676415687185,0,13.1189220182357,38.3138542175293,0,0,0,0,52.4950355802264,0,0,0,0,0,0,0,0,0,0,0,0,14.746681994526,0,0,0,0,0,0,0,0,0,0,0,0,0,0,0,28.3079784055883,52.0065894126892,18.9577589059301,0,35.0796916503906,0,9.77831630924948,30.2533849477768,0
47.808521270752,0,0,0,0,0,0,0,0,0,0,0,0,0,0,0,51.6187344789505,61.3102879524231,34.6159373153875,0,13.475285760192,0,0,0,0,0,0,0,0,0,0,0,0,0,22.7065296173096,0,32.4762763646933,0,7.38435786962509,0,13.3599784069922,0,11.4826131482787,0,11.0863056368457,0,0,0,24.3997578620911,0,0,0,0,0,0,0,42.7035064697266,0,0,0,0,0,0,9.42530264300233,0,0,0,0,0,0,0,0,0,0,0,0,0,0,0,25.3224045138775,0,14.6366885877123,35.6588269013625,0,13.4716298203223,0,19.1764485836029
0,41.1163177490234,44.328275680542,47.4945869445801,0,0,0,0,0,0,0,0,0,0,0,0,0,0,44.2724113464355,0,0,0,0,0,0,0,0,0,0,0,0,6.86454015355474,5.00235923744832,5.19644464417566,4.37646657160627,6.8234011393327,16.6826901643173,5.849558128552,4.14071744983479,5.12575418732383,20.7525501251221,6.887970383962,9.25242495205667,0,0,0,0,0,4.6361313667686,4.78656704055249,0,0,0,0,0,0,0,0,0,0,0,0,30.1553173065186,0,0,0,0,0,0,0,0,0,0,0,8.36197610058874,6.07183777779425,5.40462087831278,6.57120490493909,6.95123381234111,9.22329784146062,5.66060044215276,6.95265490902004,5.74825462196439,8.06607436297233,5.07457576707724,0,0
8.78762153120284,0,5.21936816927753,0,21.6378312110901,0,0,0,5.97401448232787,0,0,0,0,0,0,0,0,0,24.5274837200458,0,25.5197591781616,0,7.69516112195685,0,6.46063939730326,0,0,0,12.8313694000244,0,0,0,5.58945684432983,0,8.03546405009471,0,14.8436594562766,0,5.80701298944108,0,5.71281672506777,0,9.92551378992073,0,64.6159286499023,0,24.3997578620911,4.6361313667686,0,12.305884718895,0,0,0,0,4.5072805559313,0,7.24250477116282,0,5.4647488117218,0,5.60265680576893,0,0,29.319508000424,0,5.84879874911403,0,6.79421167428783,0,7.24759209156036,0,10.8998214280058,0,9.60331025322797,0,6.26984212849591,0,6.95901467086403,0,11.0439268003287,0,6.6777205648187,8.34479656629067,0,7.10197112533111,0,12.8901980263846
0,21.7615468369276,0,24.094000755616,35.6742477416992,0,0,0,0,17.3339001432864,0,0,0,0,0,21.6138077974319,63.5701154073079,62.4937448501587,37.607077552673,50.653437659854,0,10.1239897184814,0,15.7465457598368,0,5.91912492116292,0,0,0,0,0,9.63653405161871,0,6.65905706087748,0,20.8886162340641,0,7.44458290684608,0,6.45569011529093,0,12.9776192151534,34.6551509857178,40.9137912077062,0,52.4950355802264,0,4.78656704055249,12.305884718895,0,0,44.0634880065918,0,0,0,17.4581885635853,0,10.8107673771884,0,7.85666820518953,0,8.89584157283489,29.9665771486408,0,7.53061663207187,0,10.4165174384522,0,13.6769916610054,0,10.7337181342371,0,6.66792792931017,0,9.43211362807731,0,4.31370913982391,0,15.2513604986897,0,9.14822069817647,0,18.1939883141313,24.191246843338,12.7325224878663,19.4896339025253,0
0,0,7.60176091685478,0,5.52241951803199,0,3.7696131169796,0,3.89223527908325,0,9.73146015719364,0,3.87718925476074,0,0,0,0,0,0,0,0,0,0,0,0,0,0,0,0,0,0,0,0,0,0,0,20.6905097961426,0,0,0,0,0,0,0,0,0,0,0,0,0,0,0,3.31508271638737,0,3.98727819124858,0,7.63245781692299,0,4.97539954451451,0,4.98591415734254,0,0,0,0,0,0,0,0,0,0,0,0,0,0,0,0,0,0,27.7868073781331,0,0,9.64923846962964,0,12.3206139266891,0,0
0,0,0,10.4434085063445,0,3.48556790546495,0,5.35875558853149,0,4.08402771949768,0,0,0,0,0,3.91848538742691,0,0,0,0,0,0,0,0,0,0,0,0,0,0,0,0,0,0,0,0,0,0,0,0,0,0,0,0,0,0,0,0,0,44.0634880065918,0,0,0,0,0,2.94710540771484,0,8.41189372694338,0,5.01253711089347,0,3.77582727538215,10.7633495330811,0,0,0,0,0,0,0,0,0,0,0,0,0,0,0,0,0,0,0,8.95262038346493,23.2625783284505,19.7427083076315,0,0
0,0,0,0,3.65849393956801,0,4.43192810189156,0,0,0,0,0,3.51428572336833,0,0,0,0,0,0,0,0,0,0,0,0,0,0,0,0,0,0,0,0,0,0,0,0,0,0,0,0,0,0,0,0,0,0,0,0,0,3.31508271638737,0,0,0,0,0,3.26555073261261,0,0,0,0,0,0,0,0,0,0,0,0,0,0,0,0,0,0,0,0,0,0,0,0,0,5.19696953093133,7.14710137049357,0,0,0
0,0,0,0,0,0,0,3.05935543775558,0,0,0,0,0,4.22965774536133,0,0,0,0,0,0,0,0,0,0,0,0,0,0,0,0,0,0,0,0,0,0,0,0,0,0,0,0,0,0,0,0,0,0,0,0,0,0,0,0,0,0,0,4.00966656208038,0,3.4420480411605,0,0,0,0,0,0,0,0,0,0,0,0,0,0,0,0,0,0,0,0,0,0,0,0,0,0,0
4.95816053842243,0,5.78701866071907,0,4.62481535673141,0,0,0,3.87740809227387,0,0,0,0,0,5.04626472791036,0,0,0,0,0,0,0,0,0,4.36533594782887,0,0,0,0,0,0,0,0,0,0,0,0,0,6.9074631690979,0,0,0,38.5723495483398,0,0,0,0,0,4.5072805559313,0,3.98727819124858,0,0,0,0,0,24.4411334991455,0,4.74878072738647,0,4.58148015601726,0,0,0,0,0,0,5.2295084765198,0,0,0,0,0,0,0,0,0,0,0,0,0,7.05858065684636,11.7095306923515,0,12.0260887239494,0,0
0,6.57583034259757,0,9.34785229854095,0,2.73891433080037,0,0,0,4.46111894559257,0,0,0,0,0,3.8954630057017,0,0,30.3328492641449,0,0,0,0,7.23072211510312,0,4.97843136931911,0,0,0,0,0,0,0,0,0,0,0,15.9429659177275,0,0,0,19.3825811093504,0,0,0,0,0,0,0,17.4581885635853,0,2.94710540771484,0,0,0,0,0,7.8791937828064,0,5.80102729797363,0,4.46856904720915,0,0,0,0,9.10768295717603,0,6.47940074986425,0,0,0,0,0,0,0,21.1906509399414,0,87.2639236450195,142.155334472656,13.7003132262529,0,8.18977262245284,22.6498507331399,16.233914604187,0,0
13.812655766805,0,11.4000616909622,0,0,0,3.78002162346473,0,17.3684581120809,0,6.42411066926298,0,0,0,0,0,0,0,35.1005137761434,0,8.9838108366186,0,0,0,0,0,0,0,10.4940052032471,0,5.58543800939464,0,0,0,0,39.5484263102214,9.6822153189603,0,6.19623161836104,0,42.5132962544759,0,18.8425530641439,0,0,0,42.7035064697266,0,7.24250477116282,0,7.63245781692299,0,3.26555073261261,0,24.4411334991455,0,0,0,5.8030877639125,0,0,0,0,14.4579159113857,0,0,0,0,0,0,0,9.40447507030386,0,6.73837246376777,0,0,0,0,0,31.0552970153896,0,14.6341310861159,10.9097044913749,8.26712501049042,10.3164534499187,0,13.9672917110819
0,8.91698845695047,0,5.35807240936491,77.7085113525391,9.64720994234085,0,0,0,20.4040451049805,0,5.08861316002373,0,5.7284124970305,0,0,0,0,0,6.2966272709321,0,0,0,0,0,0,0,5.70859512206047,0,4.97104924048304,0,0,0,0,0,8.5642966399683,0,5.00062650221366,0,33.314474105835,0,31.570307970047,0,0,0,0,0,0,0,10.8107673771884,0,8.41189372694338,0,4.00966656208038,0,7.8791937828064,0,0,0,4.73896022977613,0,8.68444604140062,7.36025098777994,0,0,0,26.6390352249146,0,16.6259174636501,0,10.1127286771331,0,6.09641835241034,0,0,0,0,0,22.687470459938,0,14.2600312232971,0,5.97225877033767,12.9922487552349,6.83861153054543,0,0
13.8639626502991,0,4.63910534101374,0,8.22508239746094,0,4.63836145401001,0,0,0,3.50453373472741,0,4.16130708707006,0,5.77344967223503,0,0,0,0,0,15.0826763153076,0,0,0,8.01886936596462,0,7.04431819915771,0,4.07232971374805,0,0,0,0,0,0,0,17.1973504286546,0,0,0,44.892520904541,0,23.9677192687988,0,0,0,0,0,5.4647488117218,0,4.97539954451451,0,0,0,4.74878072738647,0,5.8030877639125,0,0,0,3.65638748459194,0,0,19.5473988196429,0,0,0,10.7394852638245,0,5.79694205326038,0,4.32434309360593,0,5.33320411046346,0,0,0,0,0,28.9558010679303,0,0,14.897012462616,3.7620655298233,11.3223472802263,0,23.0989856719971
0,8.3592357105679,0,6.07574512277331,0,6.18140950119286,0,4.55417148063057,0,19.098804473877,0,5.69891861206343,0,4.14344327280718,0,4.25905775092542,0,0,0,0,0,0,0,0,0,0,0,4.21806468429237,0,0,0,0,0,0,0,0,0,0,0,0,0,0,0,0,0,0,0,0,0,7.85666820518953,0,5.01253711089347,0,3.4420480411605,0,5.80102729797363,0,4.73896022977613,0,0,0,6.25833972318431,15.7843294143677,0,0,0,16.1781749725342,0,7.09613894298673,0,4.21436750888824,0,0,0,0,0,0,0,0,0,0,0,8.76502013206482,15.77037525177,9.3604065145765,0,0
3.74468515813351,0,3.64681296348572,0,4.90775732199351,0,0,0,4.47377091646194,0,0,0,3.14762282371521,0,3.43604665020712,0,12.2431955337524,0,0,0,0,0,0,0,8.02597283742514,0,6.607985908038,0,0,0,0,0,0,0,0,0,0,0,0,0,0,0,20.5308205740792,0,0,0,0,0,5.60265680576893,0,4.98591415734254,0,0,0,4.58148015601726,0,0,0,3.65638748459194,0,0,0,0,0,0,0,0,9.99526769974652,0,5.86803314720375,0,4.10932898521423,0,0,0,0,0,0,0,0,0,0,6.48216142654419,0,9.10319310221179,0,0
0,7.3227171803465,0,7.31658913730194,0,4.14126045914257,0,0,0,5.50467591246298,0,0,0,5.79298540577292,0,4.4018510211477,0,0,0,0,0,0,0,14.0322653055191,0,0,0,0,0,0,0,0,0,0,0,0,0,25.8974081675212,0,0,0,26.3527584577862,0,0,0,0,0,0,0,8.89584157283489,0,3.77582727538215,0,0,0,4.46856904720915,0,8.68444604140062,0,6.25833972318431,0,0,0,0,0,0,9.07442275058018,0,8.74998610901905,0,20.2314802805583,0,0,0,0,0,0,0,0,0,19.7713527679443,0,24.4131336212158,0,14.6236533019122,0,0
0,23.7874811717442,0,0,0,0,0,0,0,22.1685913085938,0,16.5013926579402,0,0,0,0,83.067147391183,72.2719971338908,56.7989664502964,8.18360404121641,0,0,0,0,0,0,0,0,0,0,0,0,0,0,0,16.8629771243359,0,16.6135775193255,0,25.8929678376313,0,25.0426500184195,0,28.5972214508057,0,14.746681994526,0,30.1553173065186,0,29.9665771486408,0,10.7633495330811,0,0,0,0,0,7.36025098777994,0,15.7843294143677,0,0,0,0,0,0,35.3496952056885,0,26.8886559394098,0,28.5507112325624,0,21.2088078380336,0,0,0,0,0,28.5360881083287,0,24.0274970087894,0,17.71066952084,0,16.825436750118,36.6944253444672,0
27.3637350082397,0,23.380172252655,0,0,0,0,0,0,0,8.45970725536346,0,0,0,0,0,68.9320919036865,85.138614654541,40.3615822708398,0,7.56952276733977,0,0,0,0,0,0,0,18.7698345184326,0,20.4596786499023,0,0,0,60.5599594116211,27.646369934082,10.6263330979901,0,7.24141567140012,0,20.7450657068022,97.7547187805176,24.844758226758,0,28.8936352729797,0,9.42530264300233,0,29.319508000424,0,0,0,0,0,0,0,14.4579159113857,0,19.5473988196429,0,0,0,0,0,0,0,0,0,0,0,0,23.4964124361674,0,20.2963616988238,0,0,0,0,0,20.087334018001,0,17.9693800936575,22.1243762360378,0,16.3424321993803,0,28.269406245305
0,0,0,0,0,0,0,0,0,0,0,0,0,0,0,0,0,7.87430185982675,0,0,0,5.29053932023333,7.3883461604012,6.0930476307869,0,5.94895353136944,0,7.56527023017406,0,0,0,0,0,0,0,0,0,7.89104961609656,0,0,0,0,0,0,0,0,0,0,0,7.53061663207187,0,0,0,0,0,0,0,0,0,0,0,0,0,0,0,0,5.18659012328644,0,5.65012169501437,0,9.07435332438985,0,0,0,0,0,0,0,0,0,8.87630149354326,0,5.22299820884639,5.33733247906974,0,0,0
0,0,0,0,0,0,0,0,0,0,0,0,0,0,0,0,0,0,0,0,0,6.54586159388224,5.08537788098191,0,3.9343620372541,0,3.78730424967679,0,3.3546922289092,0,0,0,0,0,0,0,0,0,3.81738078426307,0,0,0,0,0,0,0,0,0,5.84879874911403,0,0,0,0,0,0,0,0,0,0,0,0,0,0,0,0,0,0,4.76588788830427,0,5.65275588540314,0,7.3092957752943,0,0,0,0,0,0,0,0,0,4.46568006320172,4.32253724489457,0,19.8683280944824,0,0
0,22.2286532395551,0,36.0054080269553,0,0,0,0,0,7.13638029709335,0,0,0,0,0,0,59.8781433105469,5.53384661529711,29.0825803279877,0,0,7.17249677742229,0,3.86456557798517,0,4.31517948869799,0,0,0,0,0,0,0,13.5734610557556,0,0,0,5.88315107670774,0,0,0,21.3467939778378,0,0,0,0,0,0,0,10.4165174384522,0,0,0,0,0,9.10768295717603,0,26.6390352249146,0,16.1781749725342,0,9.07442275058018,35.3496952056885,0,5.18659012328644,0,0,0,6.77447956927279,35.8674926757812,21.9585733413696,0,0,0,0,0,16.9878651719344,0,62.185271581014,0,10.1362792642811,0,6.4814383099819,11.4864899635315,19.4939442143148,0,0
0,0,0,0,0,0,0,0,4.95011958030805,0,0,0,0,0,0,0,19.2591108083725,32.059139251709,0,0,0,0,4.1849250793457,0,4.43854495990062,0,3.6361116229034,0,0,0,0,0,0,0,0,0,0,0,6.38253876730187,0,0,0,13.2984820604324,0,0,0,0,0,6.79421167428783,0,0,0,0,0,5.2295084765198,0,0,0,10.7394852638245,0,9.99526769974652,0,0,0,0,4.76588788830427,0,0,0,4.77276285222713,0,6.81521586204062,0,0,0,0,0,0,0,0,0,6.8015477848531,11.0748717069626,0,7.49718372645667,0,0
0,19.9377546039495,0,37.4355040330153,0,0,0,0,0,12.0849935384554,0,0,0,6.93276631832123,0,5.3303777128458,0,4.109295129776,47.2696898324149,0,0,6.98040696986646,0,5.76487997210756,0,5.03665023056974,0,4.43086814880371,0,0,0,0,0,0,0,86.3991851806641,0,10.4838292312622,0,57.9111938476562,0,21.6092578387651,0,0,0,0,0,0,0,13.6769916610054,0,0,0,0,0,6.47940074986425,0,16.6259174636501,0,7.09613894298673,0,8.74998610901905,26.8886559394098,0,5.65012169501437,0,6.77447956927279,0,0,0,4.93406118046154,0,11.5703353881836,0,0,0,0,0,55.0405364990234,0,15.1002020835876,0,39.7437648228237,43.1257286071777,21.9819818276994,0,0
0,0,0,0,0,0,0,0,0,0,0,0,0,0,5.0304885830198,0,21.810954729716,31.7190631230672,0,0,0,0,6.65094056967142,0,5.58619137316289,0,4.19824119385956,0,4.28826462569302,0,0,0,0,0,0,0,0,0,10.0645551681519,0,0,0,0,0,0,0,0,0,7.24759209156036,0,0,0,0,0,0,0,0,0,5.79694205326038,0,5.86803314720375,0,0,0,0,5.65275588540314,35.8674926757812,4.77276285222713,0,0,0,6.88775063540322,0,0,0,0,0,0,0,0,0,0,7.73923683166504,0,11.3069672584534,0,0
0,26.6049022869188,0,36.1669786626642,0,0,0,0,0,19.7624028523763,0,9.05160349845886,0,12.1049203872681,0,0,0,0,72.3630886077881,47.2027759552002,0,8.05715892960628,0,0,0,3.3385284697568,0,5.80303836603534,0,7.13855562426827,0,0,0,0,0,43.6351432800293,0,5.0508292413527,0,57.8328666687012,0,18.8743850031207,0,0,0,0,0,0,0,10.7337181342371,0,0,0,0,0,0,0,10.1127286771331,0,4.21436750888824,0,20.2314802805583,28.5507112325624,0,9.07435332438985,0,21.9585733413696,0,4.93406118046154,0,0,0,8.13051114326868,0,0,0,0,0,56.672733600323,0,5.17072232950081,0,33.2868370195714,41.5512981414795,18.1531708369987,0,0
0,0,30.2282218933105,0,0,0,0,0,0,0,2.74192535877228,0,5.62878939774957,0,0,0,0,0,0,0,0,0,3.72568132592198,0,8.52861547316274,0,7.52837484180927,0,5.1805934431356,0,6.62848507274281,0,0,0,0,0,0,0,10.5320670132164,0,47.5247955322266,0,20.7038307189941,0,0,0,0,0,10.8998214280058,0,0,0,0,0,0,0,9.40447507030386,0,4.32434309360593,0,4.10932898521423,0,0,23.4964124361674,0,7.3092957752943,0,6.81521586204062,0,6.88775063540322,0,0,0,6.50577437936263,0,0,0,0,0,46.6928490532769,0,5.69834125704235,6.96211116384752,0,14.5862750282065,0,0
0,30.7909558614095,0,33.4312419891357,0,0,0,0,0,0,0,5.6572005266102,0,11.4680582682292,0,0,0,0,31.1827176411947,29.7211742903057,0,0,0,0,0,0,0,10.8559136740994,0,5.27891725203652,0,0,0,0,0,74.9481735229492,0,6.19580715529773,0,0,0,24.5602970123291,0,0,0,0,0,0,0,6.66792792931017,0,0,0,0,0,0,0,6.09641835241034,0,0,0,0,21.2088078380336,0,0,0,0,0,11.5703353881836,0,8.13051114326868,0,0,0,0,0,0,0,61.2902027476918,0,6.51079834350432,0,28.8731618134872,0,10.5043296584061,19.322437286377,0
0,0,0,0,0,0,0,0,0,0,3.01584190013362,0,0,0,0,0,0,0,0,0,0,0,0,0,0,0,0,0,10.9617137908936,0,3.91729402073546,0,0,0,0,0,0,0,6.54331912994385,0,27.6856728530512,0,0,0,0,0,0,0,9.60331025322797,0,0,0,0,0,0,0,6.73837246376777,0,5.33320411046346,0,0,0,0,20.2963616988238,0,0,0,0,0,0,0,6.50577437936263,0,0,0,0,0,0,0,40.8133455912272,0,6.70344260148955,7.13840758800507,0,7.50231824232184,0,0
0,0,0,0,0,0,0,0,0,0,0,0,0,0,0,0,0,0,0,0,0,0,0,0,0,0,0,0,0,0,0,5.43890803674819,0,5.85227600387905,0,4.49504603029832,0,0,0,0,0,0,0,0,0,0,0,8.36197610058874,0,9.43211362807731,0,0,0,0,0,0,0,0,0,0,0,0,0,0,0,0,0,0,0,0,0,0,0,0,0,0,9.07564475387335,0,5.6969982229187,0,0,0,2.88760481561933,0,0,0,0
0,0,0,0,0,0,0,0,0,0,0,0,0,0,0,0,0,0,0,0,0,0,0,0,0,0,0,0,0,0,0,0,4.29935116063124,0,5.9580884248438,0,7.00563358799529,0,0,0,7.66458964347839,0,0,0,0,0,0,6.07183777779425,6.26984212849591,0,0,0,0,0,0,0,0,0,0,0,0,0,0,0,0,0,0,0,0,0,0,0,0,0,0,0,0,7.03088126628044,0,6.90501569105492,0,0,3.57674537386213,0,0,0,0
0,0,0,0,0,0,0,0,0,18.8484973907471,0,0,0,0,0,0,0,0,0,0,0,0,0,16.7771463012695,0,0,0,0,0,0,0,11.8588076432546,0,5.39738280626915,10.7337443843373,9.01764754139551,0,9.89836727100731,9.81494395774707,0,0,0,0,0,0,0,0,5.40462087831278,0,4.31370913982391,0,0,0,0,0,21.1906509399414,0,0,0,0,0,0,0,0,0,0,16.9878651719344,0,0,0,0,0,0,0,9.07564475387335,0,0,13.5353847171949,6.94550262605743,0,5.30235546894563,0,5.53599353045581,0,0,0,0
0,0,0,0,0,0,0,0,0,0,0,0,0,0,0,0,0,0,0,0,0,0,0,0,0,0,0,0,0,0,0,0,5.88895324737795,3.80563153539385,4.27460094536469,0,5.68076781705878,0,3.91550084522792,0,0,0,0,0,0,0,0,6.57120490493909,6.95901467086403,0,0,0,0,0,0,0,0,0,0,0,0,0,0,0,0,0,0,0,0,0,0,0,0,0,0,7.03088126628044,13.5353847171949,0,0,8.995048037961,0,6.9314656214263,6.21263211348961,0,0,0,0
0,43.8724880218506,0,42.2494756380717,0,10.9599914550781,0,0,0,49.2824478149414,0,8.93317598104477,0,0,0,0,90.4574627977736,78.8512660361625,52.0541404366712,22.5783401655304,0,69.9866027832031,0,0,0,0,0,0,0,0,0,5.24527066265611,0,9.20408440373608,0,9.25315552131168,3.85347852230072,11.6354789230356,0,11.4253144543477,68.4481506347656,25.6822989981132,99.9065933227539,34.739934537263,52.6751098632812,28.3079784055883,0,6.95123381234111,0,15.2513604986897,0,0,0,0,0,87.2639236450195,0,22.687470459938,0,0,0,0,28.5360881083287,0,0,0,62.185271581014,0,55.0405364990234,0,56.672733600323,0,61.2902027476918,0,5.6969982229187,0,6.94550262605743,0,0,20.4093649784724,11.4517229871752,0,27.2579574982012,0,21.9493720209719,31.5990887234608,65.0505599975586
46.938355345475,0,31.9656894081517,0,0,0,0,0,0,0,25.777531683445,0,0,0,0,0,73.4868679046631,91.9792617162069,57.8116690123953,0,9.68676783405719,0,0,0,0,0,0,0,0,0,0,0,5.41168427467346,0,10.9452345524684,7.23655466268092,7.65189584314576,0,8.53646269691325,149.328353881836,14.5109443303311,0,30.936722946167,68.2900110880534,38.1635235156043,52.0065894126892,25.3224045138775,9.22329784146062,11.0439268003287,0,27.7868073781331,0,0,0,0,142.155334472656,31.0552970153896,0,28.9558010679303,0,0,0,0,20.087334018001,0,0,0,0,0,0,0,46.6928490532769,0,40.8133455912272,0,6.90501569105492,0,8.995048037961,20.4093649784724,0,0,6.57354240389493,20.315794509532,3.78450655937195,32.8216813736035,0,36.9234322216494
