0,0,0,0,0,0,0,0,1,0,0,0,0,0,0,0,0,0,30.322808906436,0,0,0,0,0,0,0,0,0,0,0,0,0,0,0,0,0,0,0,0,0,10.5284961387515,0,265.742153301835,0,0,0,114.329870797694,0,0,0,0,0,0,0,69.3483903408051,0,0,0,0,0,1,0,0,0.252132698893547,0,0,0,0,0,0,0,0,0,0,0,0,0,0,0,3.29449031502008,0,0.426710665225983,254.345871150494,0,70.2312925830483,0,0
0,0,0,2.26445573568344,0,197.615515112877,0,0,0,43.5121803283691,0,0,0,0,0,0,0,1.86181169748306,15.5015600472689,0,0,0,0,0,0,0,0,0,0,0,0,0,0,0,0,0,0,0.857687443494797,0,3.23740891367197,0,391.889847949147,0,0,0,297.723657689989,0,0.17615482211113,0,14.3748235851526,0,0,0,0,0,127.753725886345,0,0,0,0,0,0,0,0,0,0,1.95574057102203,0,0,0,0,0,0,0,0,0,0,0,0.12513941526413,0,0,0,462.005832657218,5.06921347975731,481.374143891037,0,0
0,0,0,0,7.73952972888947,0,0,0,0,0,0,0,0,0,0,0,0.422962188720703,0.224680796265602,33.4991554021835,0,0,0,0,0,0,0,0,0,0,0,0,0,0,0,0,0,18.7376643717289,0,0,0,5.28886844217777,0,353.24694224447,0,38.8525352180004,0,190.637395441532,0,0,0,63.2348474264145,0,0,0,2.68809598684311,0,0,0,0,0,0,0,0,0,0,0,0,0,0,0,0,0,0,0.190279595553875,0,0,0,0,0,0,0,0,141.082528829575,0.559100300073624,1122.08844825625,0,0.923620879650116
0,2.26445573568344,0,0,0,3.08559620380402,0,0,0,0,0,0,0,0,0,0,0,2.28258716315031,45.1553748995066,0,0,0,0,0,0,0,0,0,0,0,0,0,0,0,0,23.6410490050912,0,0,0,100.257343411446,0,130.571990989149,0,67.2205441966653,0,332.23933519423,0,0,0,22.7956352829933,0,0,0,0,0,0,0,0,0,146.137537866831,0,189.817756146193,0,0,0,0,0,0,0,0,0,0,0,0,0,0,0,0,4.23864532262087,0,0,0,251.749325923622,0,831.010542549193,0,0
0,0,7.73952972888947,0,0,0,0,0,0,0,0,0,0,0,0,0,0,0,0.878546118736267,0,0,0,0,0,0,0,0,0,0,0,0,0,0,0,0,0,7.33055241405964,0,0,0,0,0,22.7885390743613,0,9.37583136558533,0,1.76611329615116,0,0,0,0,0,0,0,0,0,0,0,0,0,0,0,0,0,0,0,0,0,0,0,0,0,0,0,0,0,0,0,0,0,0,0,702.782539069653,183.66903552413,116.33582226932,0,0
0,197.615515112877,0,3.08559620380402,0,0,0,0,0,2.7073427438736,0,0,0,0,0,0,0,0,0,0.842255830764771,0,0,0,0,0,0,0,0,0,0,0,0,0,0,0,10.8650923892856,0,0,0,27.2705504000187,0,8.51104244589806,0,0,0,15.2362364828587,0,0,0,0,0,0,0,0,0,0,0,0,0,0,0,0,0,0,0,0,0,0,0,0,0,0,0,0,0,0,0,0,0.533176645636559,0,0,0,350.203655831516,18.4578739702702,123.368374980986,0,0
0,0,0,0,0,0,0,0,0,0,0,0,0,0,0,0,0,0,0,0,90.8597867488861,0,0,0,0,0,0,0,0,0,0,0,0,0,0,0,0,0,0,0,0,0,0,0,0,0,0,0,0,0,0,0,0,0,0,0,0,0,0,0,0,0,0,0,0,0,0,0,0,0,0,0,0,0,0,0,0,0,0,0,0,0,0,0,0,0,0
0,0,0,0,0,0,0,0,0,0,0,2.71689039468765,0,0,0,0,0,0,0,76.0634205341339,0,0,0,0,0,0,0,0,0,0,0,0,0,0,0,0,0,0,0,0,0,0,0,0,0,0,0,0,0,0,0,0,0,0,0,0,0,0,0,0,0,0,0,0,0,0,0,0,0,0,0,0,0,0,0,0,0,0,0,0,0,0,0,0,0,0,0
1,0,0,0,0,0,0,0,0,0,0,0,0,0,0,0,237.493055790663,0,0,0,0,0,0,0,0,0,0,0,0,0,0,0,0,0,0,0,0,0,4.29935455322266,0,0,0,0,0,0,0,0,0,0,0,0,0,0,0,1,0,0,0,0,0,0,0,0,0,0,0,0,0,0,0,0,0,0,0,0,0,0,0,0,0,0,0,402.738864213228,10.610124707222,0,0,0
0,43.5121803283691,0,0,0,2.7073427438736,0,0,0,0,0,0,0,0,0,0,0,202.296586036682,0,0,0,0,0,0,0,0,0,0,0,0,0,0,0,0,0,0,0,0,0,0,0,0,0,0,0,0,0,0,0,0,0,0,0,0,0,1.04456377029419,0,0,0,0,0,0,0,0,0,0,0,0,0,0,0,0,0,0,0,0,0,0,0,0,0,0,784.524810254574,1.68442124128342,0,0,0
0,0,0,0,0,0,0,0,0,0,0,0,7,0,0,0,0,0,0,0,148.76942294836,0,0,0,0,0,0,0,0,0,0,0,0,0,0,0,824.152179270983,0,2986.41193795204,0,0,0,0,0,0,0,0,0,0,0,0,0,0,0,0,0,1499.1004332602,0,0,0,0,0,0,4021.90872246027,0,0,0,0,0,0,0,3.21963930130005,0,8,0,0,0,0,0,256.457051038742,0,27.3628202080727,334.30486407876,207.214996337891,0,0,0
0,0,0,0,0,0,0,2.71689039468765,0,0,0,0,0,398.879546284676,0,0,0,0,0,195.498166233301,0,0,0,0,0,0,0,107.374414384365,0,0,0,0,0,0,0,50.6021867990494,0,2548.86134710908,0,0,0,0,0,0,0,0,0,0,0,0,0,0.874684274196625,0,7.88453203439713,0,0,0,89.3639670908451,0,1042.55352687836,0,0,1155.39296814799,0,0,0,0,0,0,0,23.3836783468723,0,0,0,0,0,0,0,0,0,354.894419014454,0,717.274422556162,1957.67273133993,0,0,0
0,0,0,0,0,0,0,0,0,0,7,0,0,0,0,0,0,0,0,0,0,0,0,0,0,0,0,0,3.81623530387878,0,0,0,0,0,0,0,0,0,0,0,0,0,0,0,0,0,0,0,0,0,0,0,0,0,0,0,108.633265912533,0,0,0,0,0,0,0,0,0,0,0,0,0,0,33.2839361429214,0,0,0,0,0,0,0,0,0,0,5.43202602863312,2512.94387578964,0,0,0
0,0,0,0,0,0,0,0,0,0,0,398.879546284676,0,0,0,0,0,3.26795673370361,0,0,0,0,0,0,0,0,0,0,0,15.5748478770256,0,0,0,0,0,0,0,0,0,0,0,0,0,0,0,0,0,0,0,0,0,0,0,0,0,0,0,420.882880210876,0,509.509307146072,0,0,0,0,0,0,0,0,0,0,0,0,0,0,0,0,0,0,0,0,0,0,748.355588018894,14337.0143366307,0,0,0
0,0,0,0,0,0,0,0,0,0,0,0,0,0,0,0,805.168988108635,0,0,0,0,0,0,0,0,0,0,0,0,0,0,0,0,0,0,0,0,0,0,0,0,0,0,0,0,0,0,0,0,0,0,0,0,0,0,0,0,0,0,0,0,0,0,0,0,0,0,0,0,0,0,0,0,0,0,0,0,0,0,0,0,0,513.775817871094,1512.15455710888,0,0,0
0,0,0,0,0,0,0,0,0,0,0,0,0,0,0,0,0,832.69749122858,0,0,0,0,0,2,0,0,0,0,0,0,0,0,0,0,0,0,0,0,0,0,0,0,0,0,0,0,0,0,0,0,0,0,0,0,0,0,0,0,0,0,0,0,0,0,0,0,0,0,0,0,0,0,0,0,0,0,0,0,0,0,0,0,401.511538177729,814.263374954462,0,0,0
0,0,0.422962188720703,0,0,0,0,0,237.493055790663,0,0,0,0,0,805.168988108635,0,0,3589.82903491706,1133.34752372652,0,0,0,2402.86879728734,0,0,0,66.0951807498932,0,27.3549379706383,0,0,0,0,0,0,0,0,0,0,3.05570826679468,185.971876818687,13.8809477463365,227.829728387296,8.84925886243582,22.9665286317468,3.58201816678047,59.310945533216,0,0,0,0,0,0,0,0.71205747127533,0,0,0,0,0,14.7561492919922,0,0,6.5018199943006,0,268.069886624813,0,0,0,29.5666170120239,0,0,0,0.20335029065609,0,0,0,0,0,75.7058416344225,0,77.8654717244208,3206.52827874571,16.9221224784851,380.213143892586,2.79632456600666,12.3790247552097
0,1.86181169748306,0.224680796265602,2.28258716315031,0,0,0,0,0,202.296586036682,0,0,0,3.26795673370361,0,832.69749122858,3589.82903491706,0,1657.72712690383,0,0,1397.73821848631,0,0,0,848.509222388268,0,451.032434284687,0,0,0,0,0,0,0,0,0,0,0,20.15915273875,41.3883322104812,290.629563994706,39.8682511523366,56.6115710362792,6.28699594736099,163.618690863252,16.809815056622,0,0,0,0,0,0,0,0,0,0,0,0,0,0,566.519894778728,1.76625176519156,0.92763178050518,647.220239520073,0,0,0,106.300706058741,0,384.546167314053,0,0,0,0,0,0,0,10.572573415935,5.09707935154438,0,2.51751261204481,6354.47634836286,12.9037914574146,1421.46138810366,52.8767153024673,1.32429649680853
30.322808906436,15.5015600472689,33.4991554021835,45.1553748995066,0.878546118736267,0,0,0,0,0,0,0,0,0,0,0,1133.34752372652,1657.72712690383,0,0,0,0,0,0,0,0,0,0,0,0,0,0,0,0,0,0,0,0,0,112.693668596447,1001.83535533398,209.428697869182,551.482041098177,131.42818570137,90.8750813901424,2943.20596105605,3309.74424482137,0,0,0,0,0,0,0,1.69785666465759,0,0,0,0,0,0,0,3.13658076524734,42.14417091012,0,0,0,0,0,0,0,0,0,0,0,0,0,0,11.0261311233044,311.503809500486,0,146.609162278473,1221.23587153852,0,4926.65074687079,30.5688683837652,31.2478935532272
0,0,0,0,0,0.842255830764771,0,76.0634205341339,0,0,0,195.498166233301,0,0,0,0,0,0,0,0,0,0,0,0,0,0,0,0,0,0,0,0,0,0,0,0,0,320.59115344286,0,1.91278010606766,0,0,0,0,0,0,0,0,0,0,0,0.741499185562134,0,28.3279675841331,0,0,0,753.836567163467,0,0,0,0,917.854852467775,0,0,0,0,0,0,0,0,0,0,0,0,0,0,0,0,0,0,0,237.755027890205,0,0.687459051609039,0,0
0,0,0,0,0,0,90.8597867488861,0,0,0,148.76942294836,0,0,0,0,0,0,0,0,0,0,0,0,0,0,0,0,0,0,0,0,0,0,0,0,0,1252.40400636196,0,937.669187277555,0,0,0,0,0,0,0,0,0,0,0,0,0,0,0,0,0,1.67620468139648,0,0,0,0,0,0,1307.80981352925,0,0,0,0,0,0,0,0,0,0,0,0,0,0,0,131.333217978477,0,0,313.997761577368,0,0,0,0
0,0,0,0,0,0,0,0,0,0,0,0,0,0,0,0,0,1397.73821848631,0,0,0,0,4433.83978438377,0,0,0.70866072177887,0,0,0,0,0,0,0,0,0,0,0,119.506856143475,0,0,0,0,0,0,0,0,0,0,0,0,0,0,0,0,0,0,0,0,0,0,0,0,0,0,15627.2087334991,176.946288377047,0,0,0,0,1,0,0,0,0,0,0,0,0,0,3047.68845230341,0,1763.79765167832,168.09006267786,0,0,0
0,0,0,0,0,0,0,0,0,0,0,0,0,0,0,0,2402.86879728734,0,0,0,0,4433.83978438377,0,0,0,0,0,0,0,0,0,0,0,0,0,0,0,0,1008.90679937601,0,0,0,0,0,0,0,0,0,0,0,0,0,0,0,0,0,0,0,0,0,0,0,0,0,2972.05529817939,12504.6400467455,0,8.14974403381348,0,0,0,470.591666042805,0,0,0,0,0,0,0,0,0,2114.89871174097,2378.80905649066,201.489995360374,0,0,0
0,0,0,0,0,0,0,0,0,0,0,0,0,0,0,2,0,0,0,0,0,0,0,0,0,705.923954725266,0,0,0,0,0,0,0,0,0,0,0,469.137358307838,0,0,0,0,0,0,0,0,0,0,0,0,0,0,0,0,0,0,0,0,0,0,0,0,0,0,0,0,124.205778121948,0,349.150007605553,0,0,0,0,0,0,0,0,0,0,0,142.998659729958,0,429.980615019798,0,0,0,0
0,0,0,0,0,0,0,0,0,0,0,0,0,0,0,0,0,0,0,0,0,0,0,0,0,0,0,0,0,0,0,0,0,0,0,0,0,0,499.169442176819,0,0,0,0,0,0,0,0,0,0,0,0,0,0,0,0,0,0,0,0,0,0,0,0,0,0,0,0,147.66743516922,0,0,0,0,0,0,0,0,0,0,0,0,0,107.272837519646,12,0,0,0,0
0,0,0,0,0,0,0,0,0,0,0,0,0,0,0,0,0,848.509222388268,0,0,0,0.70866072177887,0,705.923954725266,0,0,0,0,0,0,0,0,0,0,0,0,0,0,0,0,0,0,0,0,0,0,0,0,0,0,0,0,0,0,0,0,0,0,0,0,0,0,0,0,0,0,42.7019798755646,0,450.772919356823,0,0,0,0,0,0,0,0,0,0,0,0,0,127.810413718224,0,0,0,0
0,0,0,0,0,0,0,0,0,0,0,0,0,0,0,0,66.0951807498932,0,0,0,0,0,0,0,0,0,0,0,0,0,0,0,0,0,0,0,0,0,0,0,0,0,0,0,0,0,0,0,0,0,0,0,0,0,0,0,0,0,0,0,0,0,0,0,0,0,0,0,0,0,0,0,0,0,0,0,0,0,0,0,0,0,315.532466173172,0,0,0,0
0,0,0,0,0,0,0,0,0,0,0,107.374414384365,0,0,0,0,0,451.032434284687,0,0,0,0,0,0,0,0,0,0,0,2605.17480158806,0,0,0,0,0,0,0,181.126832634211,0,0,0,0,0,0,0,0,0,0,0,0,0,0,0,0,0,0,0,0,0,0,0,0,0,0,3,0,0,0,0,0,2503.78419715166,0,1012.24291518331,0,0,0,0,0,0,0,359.396001011133,0,4761.47850090265,5926.48794937134,0,0,0
0,0,0,0,0,0,0,0,0,0,0,0,3.81623530387878,0,0,0,27.3549379706383,0,0,0,0,0,0,0,0,0,0,0,0,0,9.85027933120728,0,0,0,0,0,0,0,0,0,0,0,0,0,0,0,0,0,0,0,0,0,0,0,0,0,0,0,8.74429798126221,0,0,0,0,0,0,8.62066340446472,0,0,0,0,0,5590.477409482,0,977.222779333591,0,0,0,0,0,0,0,529.960360050201,1438.64473634958,6563.171256423,0,0,0
0,0,0,0,0,0,0,0,0,0,0,0,0,15.5748478770256,0,0,0,0,0,0,0,0,0,0,0,0,0,2605.17480158806,0,0,0,0,0,0,0,0,0,919.094616919756,0,0,0,0,0,0,0,0,0,0,0,0,0,0,0,0,0,0,0,0,0,0.700840532779694,0,0,0,0,0,0,0,0,0,0,1046.32883998752,0,819.30474871397,0,0,0,0,0,0,0,891.57707247138,0,696.540077149868,996.752513170242,0,0,0
0,0,0,0,0,0,0,0,0,0,0,0,0,0,0,0,0,0,0,0,0,0,0,0,0,0,0,0,9.85027933120728,0,0,0,0,0,0,0,0,0,705.348316520452,0,0,0,0,0,0,0,0,0,0,0,0,0,0,0,0,0,0,0,0,0,0,0,0,0,0,0,0,0,0,0,0,84.9124101400375,0,2893.82856965065,0,0,0,0,0,0,0,83.7176626324654,1115.26753237844,0,0,0,0
0,0,0,0,0,0,0,0,0,0,0,0,0,0,0,0,0,0,0,0,0,0,0,0,0,0,0,0,0,0,0,0,4605.3333992362,0,99.9128669202328,1552.73017245531,682.652053028345,0,0,0,0,0,0,0,0,0,0,2197.62585069239,10.2148166894913,0,0,0,0,0,0,0,0,0,0,0,0,0,0,0,0,0,0,0,0,0,0,0,0,0,953.401200205088,1254.32354962826,0,115.709602355957,24.7173963785172,93.1534770727158,0,0,119.260132908821,0,0,0,0
0,0,0,0,0,0,0,0,0,0,0,0,0,0,0,0,0,0,0,0,0,0,0,0,0,0,0,0,0,0,0,4605.3333992362,0,20.7260448634624,157.078739374876,969.434726923704,1,0,0,0,0,0,0,0,0,0,0,1259.18493932486,0,3.22549206018448,0,0,0,0,0,0,0,0,0,0,0,0,0,0,0,0,0,0,0,0,0,0,0,0,1590.15058231354,4576.8360953778,0,12.5702737569809,62.3774663507938,25.5560952425003,0,0,22.3771262168884,0,0,0,0
0,0,0,0,0,0,0,0,0,0,0,0,0,0,0,0,0,0,0,0,0,0,0,0,0,0,0,0,0,0,0,0,20.7260448634624,0,17543.7364736944,0,5.79031872749329,0,994.339734375477,0,0,0,0,0,0,0,0,2423.89940793812,33.8269464969635,0.760935992002487,0,0,0,0,0,0,0,0,0,0,0,0,0,0,0,0,0,0,0,0,0,0,0,0,72.4435415267944,2.18694138526917,1854.9227963686,4280.05664268136,0,16.9243572950363,0,383.188949167728,93.6383721977472,0,0,0,0
0,0,0,0,0,0,0,0,0,0,0,0,0,0,0,0,0,0,0,0,0,0,0,0,0,0,0,0,0,0,0,99.9128669202328,157.078739374876,17543.7364736944,0,25.9953283071518,14.2757444381714,103.850022614002,41.4836573600769,0,0,0,0,0,0,0,0,5191.30990292132,0,153.191091686487,0,0,0,0,0,0,0,0,0,0,0,0,0,0,0,0,0,0,0,0,0,0,0,0,0,12.5296132862568,9652.91608038545,917.545196473598,1.54312312602997,280.425383329391,939.237318828702,12.1448302268982,1595.14423023909,0,0.643137469887733,0,0
0,0,0,23.6410490050912,0,10.8650923892856,0,0,0,0,0,50.6021867990494,0,0,0,0,0,0,0,0,0,0,0,0,0,0,0,0,0,0,0,1552.73017245531,969.434726923704,0,25.9953283071518,0,9164.3720100224,84.0119200944901,6.3340048789978,406.821591541171,0,8.27586269378662,0,0,0,150.592253178358,0,67.9109924137592,0,0,0,0,0,0,0,0,0,0,0,0,0,0,4.88445520401001,0,0,0,0,0,0,0,0,0,0,0,3529.03170394897,0,109.237949371338,0,17142.1028403044,11160.1536904126,0,21.4033254384995,6146.09813075513,623.641473412514,112.770769648254,0,0
0,0,18.7376643717289,0,7.33055241405964,0,0,0,0,0,824.152179270983,0,0,0,0,0,0,0,0,0,1252.40400636196,0,0,0,0,0,0,0,0,0,0,682.652053028345,1,5.79031872749329,14.2757444381714,9164.3720100224,0,13.5119997262955,16,0,256.513257801533,0,1.36018900573254,0,0,0,36.0565365254879,14.0216487795115,0,0,0,0,0,0,0,0,231.868199974298,0,0,0,0,0,0,2087.59751325846,0,0,0,0,0,0,0,0,0,0,192.474291801453,24.9717898368835,0,3,8688.57020705938,17023.9640178382,0,43.6210066080093,7939.67785102129,807.785706460476,74.6260124444962,0,0
0,0.857687443494797,0,0,0,0,0,0,0,0,0,2548.86134710908,0,0,0,0,0,0,0,320.59115344286,0,119.506856143475,0,469.137358307838,0,0,0,181.126832634211,0,919.094616919756,0,0,0,0,103.850022614002,84.0119200944901,13.5119997262955,0,4798.33771631122,0,0,0,0,0,0,0,0,652.884287819266,0,158.30936960876,0,0,0,0,0,0,0,4682.71771153808,0,0,0,0,1559.65826302767,0,540.304958730936,0,762.481050312519,0,0,0,84.8145115971565,0,177.353876948357,0,0,0,0,1.46873486042023,1662.86368745565,57.2997139692307,18382.370740816,1090.27120789886,5308.69391775131,387.252968490124,705.88459224999,0,0
0,0,0,0,0,0,0,0,4.29935455322266,0,2986.41193795204,0,0,0,0,0,0,0,0,0,937.669187277555,0,1008.90679937601,0,499.169442176819,0,0,0,0,0,705.348316520452,0,0,994.339734375477,41.4836573600769,6.3340048789978,16,4798.33771631122,0,0,0,0,46.5817477405071,0,0,0,0,639.99713344872,2.93002128601074,1.67129482328892,0,0,0,0,15.3910584449768,0,5041.07077890635,0,0,0,0,0,0,319.038432180882,0,310.795983552933,0,2082.1295222044,0,0,0,0,0,73.4582173228264,0,0,27.8815756440163,0,0,364.943342208862,9087.90388914943,24325.3404035419,6004.8851511851,973.320012688637,414.656286492944,0,0
0,3.23740891367197,0,100.257343411446,0,27.2705504000187,0,0,0,0,0,0,0,0,0,0,3.05570826679468,20.15915273875,112.693668596447,1.91278010606766,0,0,0,0,0,0,0,0,0,0,0,0,0,0,0,406.821591541171,0,0,0,0,0,38.8672365769744,0.774187326431274,1.85887484997511,0,893.61260817945,0,0,0,109.067006722093,0,0,0,0,0,0,0,0,0,0,0,0,26.2728634178638,0,0,0,0,0,0,0,0,0,0,0,0,0,0,0,235.706141352654,0,39.142236739397,0,52.146832793951,0,715.402108170092,0.238175265491009,0
10.5284961387515,0,5.28886844217777,0,0,0,0,0,0,0,0,0,0,0,0,0,185.971876818687,41.3883322104812,1001.83535533398,0,0,0,0,0,0,0,0,0,0,0,0,0,0,0,0,0,256.513257801533,0,0,0,0,1.6001823246479,1634.86422246695,0,10.1698128059506,0,792.956940457225,0,68.8157379627228,0,0.574347496032715,0,0,0,0,0,0,0,0,0,0,0,0.0995833277702332,4.13041654229164,0,0,0,0,0,0,0,0,0,8.9313942939043,0,0,0,0,0,443.368399739265,0,178.288681179285,186.307846479118,1.99766165018082,1111.45582260936,3.11254880577326,15.4814866408706
0,391.889847949147,0,130.571990989149,0,8.51104244589806,0,0,0,0,0,0,0,0,0,0,13.8809477463365,290.629563994706,209.428697869182,0,0,0,0,0,0,0,0,0,0,0,0,0,0,0,0,8.27586269378662,0,0,0,38.8672365769744,1.6001823246479,0,4.73186245560646,0,0,167.38258305192,0,0,1.97839970886707,74.6979183554649,0,0,0,0,0,11.2986995726824,0,59.1340314745903,0,0,0,0,0,0.083868145942688,0,0,0,0,0,0,0,0,0,0,0,0,0,0,4.78117004781961,1.94773095101118,0,2.21313514560461,559.831511966884,0,6669.37753527239,107.867779947817,1.78949239104986
265.742153301835,0,353.24694224447,0,22.7885390743613,0,0,0,0,0,0,0,0,0,0,0,227.829728387296,39.8682511523366,551.482041098177,0,0,0,0,0,0,0,0,0,0,0,0,0,0,0,0,0,1.36018900573254,0,46.5817477405071,0.774187326431274,1634.86422246695,4.73186245560646,0,0,1.00217831134796,0.176451697945595,372.782463498414,5.23533393442631,116.75013346225,28.4611570835114,33.945130802691,0,0,0,13.2864179462194,0,0,0,0,0,0,0,0,3.35029562562704,0,0,0,1.20115840435028,0,0,0,0,0,69.4919958338141,0,0,0,0,0.159824468195438,116.96357820183,0,53.6007298380136,431.099685996771,2.29115383327007,5973.29060011357,10.6389507502317,75.940235234797
0,0,0,67.2205441966653,0,0,0,0,0,0,0,0,0,0,0,0,8.84925886243582,56.6115710362792,131.42818570137,0,0,0,0,0,0,0,0,0,0,0,0,0,0,0,0,0,0,0,0,1.85887484997511,0,0,0,0,0,81.2777848094702,0,0,0,0,0,0,0,0,0,0,0,0,0,0,0,0,0,0,0,0,0,0,0,0,0,0,0,0,0,0,0,0,0,0,0,0.240719765424728,76.0263583287597,0,101.400078430772,0,0
0,0,38.8525352180004,0,9.37583136558533,0,0,0,0,0,0,0,0,0,0,0,22.9665286317468,6.28699594736099,90.8750813901424,0,0,0,0,0,0,0,0,0,0,0,0,0,0,0,0,0,0,0,0,0,10.1698128059506,0,1.00217831134796,0,0,0,54.8833565115929,0,0,0,3.9348318874836,0,0,0,7.31454467773438,0,0,0,0,0,0,0,0,0,0,0,0,0,0,0,0,0,0,0,0,0,0,0,0,1.22037586569786,0,1.38840562105179,44.4239390641451,0,73.0972135290504,0,0
0,297.723657689989,0,332.23933519423,0,15.2362364828587,0,0,0,0,0,0,0,0,0,0,3.58201816678047,163.618690863252,2943.20596105605,0,0,0,0,0,0,0,0,0,0,0,0,0,0,0,0,150.592253178358,0,0,0,893.61260817945,0,167.38258305192,0.176451697945595,81.2777848094702,0,0,0,0,0,0,0,0,0,0,0,0,0,0,0,0,0,0,10.2161637544632,0,0,0,0,0,0,0,0,0,0,0,0,0,0,0,73.616892889142,0.303837388753891,0,0.181846261024475,958.996208876371,0,2983.48744348437,0.11864185333252,0.35818038135767
114.329870797694,0,190.637395441532,0,1.76611329615116,0,0,0,0,0,0,0,0,0,0,0,59.310945533216,16.809815056622,3309.74424482137,0,0,0,0,0,0,0,0,0,0,0,0,0,0,0,0,0,36.0565365254879,0,0,0,792.956940457225,0,372.782463498414,0,54.8833565115929,0,0,0,0,0,3.37854032218456,0,0,0,1.74947184324265,0,0,0,0,0,0,0,0,62.9955499470234,0,0,0,0,0,0,0,0,0,0.201958388090134,0,0,0,0,0,40.832420706749,0,32.8074623644352,1331.52244606614,0.234078198671341,1484.57107432187,0,0
0,0.17615482211113,0,0,0,0,0,0,0,0,0,0,0,0,0,0,0,0,0,0,0,0,0,0,0,0,0,0,0,0,0,2197.62585069239,1259.18493932486,2423.89940793812,5191.30990292132,67.9109924137592,14.0216487795115,652.884287819266,639.99713344872,0,0,0,5.23533393442631,0,0,0,0,0,1754.23200759292,1907.78455346823,0,0,0,0,0,0,0,0,0,0,0,0,0,0,0,0,0,0,0,0,0,0,0,0,57.7473116517067,1532.09391528368,96.2124485820532,676.604158103466,0,0.450830221176147,313.84895825386,1314.72349525988,2639.13497166336,0,1314.38122111559,0,0
0,0,0,0,0,0,0,0,0,0,0,0,0,0,0,0,0,0,0,0,0,0,0,0,0,0,0,0,0,0,0,10.2148166894913,0,33.8269464969635,0,0,0,0,2.93002128601074,0,68.8157379627228,1.97839970886707,116.75013346225,0,0,0,0,1754.23200759292,0,5003.31494820863,0,0,0,0,0,0,0,0,0,0,0,0,0,0,0,0,0,0,0,0,0,0,0,0,0,25.7382718324661,2.81700156629086,0,0,0,3.8251763433218,574.31364287436,1164.48269435018,0,143.553903520107,0,0
0,14.3748235851526,0,22.7956352829933,0,0,0,0,0,0,0,0,0,0,0,0,0,0,0,0,0,0,0,0,0,0,0,0,0,0,0,0,3.22549206018448,0.760935992002487,153.191091686487,0,0,158.30936960876,1.67129482328892,109.067006722093,0,74.6979183554649,28.4611570835114,0,0,0,0,1907.78455346823,5003.31494820863,0,0,0,0,0,0,0,0,0,0,0,0,0,0,0,0,0,0,0,0,0,0,0,0,0,0,18.5074447542429,0,101.266888014972,0,0,273.540445402265,147.176694117486,1941.48466740549,0,466.04175388813,0,0
0,0,63.2348474264145,0,0,0,0,0,0,0,0,0,0,0,0,0,0,0,0,0,0,0,0,0,0,0,0,0,0,0,0,0,0,0,0,0,0,0,0,0,0.574347496032715,0,33.945130802691,0,3.9348318874836,0,3.37854032218456,0,0,0,0,0,0,0,0,0,0,0,0,0,0,0,0,0,0,0,0,0,0,0,0,0,0,0,0,0,0,0,0,0,0,0,41.126812055707,0.875022351741791,67.8322039991617,0,0
0,0,0,0,0,0,0,0,0,0,0,0.874684274196625,0,0,0,0,0,0,0,0.741499185562134,0,0,0,0,0,0,0,0,0,0,0,0,0,0,0,0,0,0,0,0,0,0,0,0,0,0,0,0,0,0,0,0,0,0,0,0,0,0,0,0,0,0,0,0,0,0,0,0,0,0,0,0,0,0,0,0,0,0,0,0,0,0,0.441674888134003,0,0,0,0
0,0,0,0,0,0,0,0,0,0,0,0,0,0,0,0,0,0,0,0,0,0,0,0,0,0,0,0,0,0,0,0,0,0,0,0,0,0,0,0,0,0,0,0,0,0,0,0,0,0,0,0,0,0,0,0,0,0,0,0,0,0,0,0,0,0,0,0,0,0,0,0,0,0,0,0,0,0,0,0,0,0,11,0,0,0,0
0,0,0,0,0,0,0,0,0,0,0,7.88453203439713,0,0,0,0,0,0,0,28.3279675841331,0,0,0,0,0,0,0,0,0,0,0,0,0,0,0,0,0,0,0,0,0,0,0,0,0,0,0,0,0,0,0,0,0,0,0,0,0,0,0,0,0,0,0,0,0,0,0,0,0,0,0,0,0,0,0,0,0,0,0,0,0,0,0,0,0,0,0
69.3483903408051,0,2.68809598684311,0,0,0,0,0,1,0,0,0,0,0,0,0,0.71205747127533,0,1.69785666465759,0,0,0,0,0,0,0,0,0,0,0,0,0,0,0,0,0,0,0,15.3910584449768,0,0,0,13.2864179462194,0,7.31454467773438,0,1.74947184324265,0,0,0,0,0,0,0,0,0,0,0,0,0,0,0,0,0,0,0,0,26.9465546607971,0,0,0,0,0,0,0,0,0,0,0,0,0,0,23.0782566666603,0,161.973586082458,0,0
0,127.753725886345,0,0,0,0,0,0,0,1.04456377029419,0,0,0,0,0,0,0,0,0,0,0,0,0,0,0,0,0,0,0,0,0,0,0,0,0,0,0,0,0,0,0,11.2986995726824,0,0,0,0,0,0,0,0,0,0,0,0,0,0,0,0,0,0,0,0,0,0,0,0,20.3990149945021,0,0,0,0,0,0,0,0,0,0,0,0,0,0,0,300.263441175222,0.45844379067421,305.882984116673,0,0
0,0,0,0,0,0,0,0,0,0,1499.1004332602,0,108.633265912533,0,0,0,0,0,0,0,1.67620468139648,0,0,0,0,0,0,0,0,0,0,0,0,0,0,0,231.868199974298,0,5041.07077890635,0,0,0,0,0,0,0,0,0,0,0,0,0,0,0,0,0,0,0,0,0,0,0,0,423.282240390778,0,0,0,0,0,0,0,0,0,0,0,0,0,0,0,168.67729511857,0,73.3581466674805,1319.38405883312,261.276350975037,0,0,0
0,0,0,0,0,0,0,0,0,0,0,89.3639670908451,0,420.882880210876,0,0,0,0,0,753.836567163467,0,0,0,0,0,0,0,0,0,0,0,0,0,0,0,0,0,4682.71771153808,0,0,0,59.1340314745903,0,0,0,0,0,0,0,0,0,0,0,0,0,0,0,0,0,89.3489348888397,0,0,294.877515077591,0,0,0,0,0,0,0,0,0,0,0,0,0,0,0,0,0,14.7756828665733,0,4026.08017081022,1456.06936299801,6.87615974247456,0,0
0,0,0,0,0,0,0,0,0,0,0,0,0,0,0,0,0,0,0,0,0,0,0,0,0,0,0,0,8.74429798126221,0,0,0,0,0,0,0,0,0,0,0,0,0,0,0,0,0,0,0,0,0,0,0,0,0,0,0,0,0,0,0,0,0,0,0,0,0,0,0,0,0,0,0,0,0,0,0,0,0,0,0,0,0,8.27424204349518,8.76226997375488,0,0,0
0,0,0,146.137537866831,0,0,0,0,0,0,0,1042.55352687836,0,509.509307146072,0,0,0,0,0,0,0,0,0,0,0,0,0,0,0,0.700840532779694,0,0,0,0,0,0,0,0,0,0,0,0,0,0,0,0,0,0,0,0,0,0,0,0,0,0,0,89.3489348888397,0,0,0,0,0,0,0,0,0,0,0,0,0,0,0,0,0,0,0,0,0,0,0,0,408.57476568222,1056.34291821718,0,0,0
1,0,0,0,0,0,0,0,0,0,0,0,0,0,0,0,14.7561492919922,0,0,0,0,0,0,0,0,0,0,0,0,0,0,0,0,0,0,0,0,0,0,0,0,0,0,0,0,0,0,0,0,0,0,0,0,0,0,0,0,0,0,0,0,0,0,0,0,0,0,0,0,0,0,0,0,0,0,0,0,0,0,0,0,0,2,0,0,0,0
0,0,0,189.817756146193,0,0,0,0,0,0,0,0,0,0,0,0,0,566.519894778728,0,0,0,0,0,0,0,0,0,0,0,0,0,0,0,0,0,0,0,0,0,0,0,0,0,0,0,0,0,0,0,0,0,0,0,0,0,0,0,0,0,0,0,0,0,0,0,0,0,0,0,0,0,0,0,0,0,0,0,0,0,0,0,0,21.6555337905884,0,0,0,0
0,0,0,0,0,0,0,0,0,0,0,1155.39296814799,0,0,0,0,0,1.76625176519156,3.13658076524734,917.854852467775,0,0,0,0,0,0,0,0,0,0,0,0,0,0,0,4.88445520401001,0,1559.65826302767,0,26.2728634178638,0.0995833277702332,0,0,0,0,10.2161637544632,0,0,0,0,0,0,0,0,0,0,0,294.877515077591,0,0,0,0,0,0,0,0,0,0,0,0,0,0,0,0,0,0,0,0,0,0,0,0,1122.74943736196,0,6.59303509443998,0.387225031852722,0.195696361362934
0.252132698893547,0,0,0,0,0,0,0,0,0,4021.90872246027,0,0,0,0,0,6.5018199943006,0.92763178050518,42.14417091012,0,1307.80981352925,0,0,0,0,0,0,0,0,0,0,0,0,0,0,0,2087.59751325846,0,319.038432180882,0,4.13041654229164,0.083868145942688,3.35029562562704,0,0,0,62.9955499470234,0,0,0,0,0,0,0,0,0,423.282240390778,0,0,0,0,0,0,0,0,0,0,0,0,0,0,0,0,0,0,0,0,0,0,0.089018814265728,0,0,770.203185811639,0,24.9342620447278,0.165899038314819,1.50585237145424
0,0,0,0,0,0,0,0,0,0,0,0,0,0,0,0,0,647.220239520073,0,0,0,15627.2087334991,2972.05529817939,0,0,0,0,3,0,0,0,0,0,0,0,0,0,540.304958730936,0,0,0,0,0,0,0,0,0,0,0,0,0,0,0,0,0,0,0,0,0,0,0,0,0,0,0,41.719987154007,0,0,0,0,0,0,0,0,0,0,0,0,0,0,543.986562311649,0,3118.78813883662,100.832550942898,0,0,0
0,0,0,0,0,0,0,0,0,0,0,0,0,0,0,0,268.069886624813,0,0,0,0,176.946288377047,12504.6400467455,0,0,0,0,0,8.62066340446472,0,0,0,0,0,0,0,0,0,310.795983552933,0,0,0,0,0,0,0,0,0,0,0,0,0,0,0,0,0,0,0,0,0,0,0,0,0,41.719987154007,0,0,0,0,0,0,0,0,0,0,0,0,0,0,0,0,60.4378115087748,4856.49739253521,246.789856314659,0,0,0
0,1.95574057102203,0,0,0,0,0,0,0,0,0,0,0,0,0,0,0,0,0,0,0,0,0,124.205778121948,0,42.7019798755646,0,0,0,0,0,0,0,0,0,0,0,762.481050312519,0,0,0,0,0,0,0,0,0,0,0,0,0,0,0,0,0,20.3990149945021,0,0,0,0,0,0,0,0,0,0,0,0,110.759590148926,0,0,0,0,0,0,0,0,0,0,0,150.239655256271,0,61.2917592525482,0,0,0,0
0,0,0,0,0,0,0,0,0,0,0,0,0,0,0,0,0,0,0,0,0,0,8.14974403381348,0,147.66743516922,0,0,0,0,0,0,0,0,0,0,0,0,0,2082.1295222044,0,0,0,1.20115840435028,0,0,0,0,0,0,0,0,0,0,0,26.9465546607971,0,0,0,0,0,0,0,0,0,0,0,0,0,0,0,0,0,0,0,0,0,0,0,0,0,0,106.05716252327,1,0,0,0,0
0,0,0,0,0,0,0,0,0,0,0,0,0,0,0,0,0,106.300706058741,0,0,0,0,0,349.150007605553,0,450.772919356823,0,0,0,0,0,0,0,0,0,0,0,0,0,0,0,0,0,0,0,0,0,0,0,0,0,0,0,0,0,0,0,0,0,0,0,0,0,0,0,0,110.759590148926,0,0,0,0,0,0,0,0,0,0,0,0,0,0,0,1124.8479757309,0,0,0,0
0,0,0,0,0,0,0,0,0,0,0,0,0,0,0,0,29.5666170120239,0,0,0,0,0,0,0,0,0,0,0,0,0,0,0,0,0,0,0,0,0,0,0,0,0,0,0,0,0,0,0,0,0,0,0,0,0,0,0,0,0,0,0,0,0,0,0,0,0,0,0,0,0,0,0,0,0,0,0,0,0,0,0,0,0,496.925058841705,0,0,0,0
0,0,0,0,0,0,0,0,0,0,0,23.3836783468723,0,0,0,0,0,384.546167314053,0,0,0,1,0,0,0,0,0,2503.78419715166,0,1046.32883998752,0,0,0,0,0,0,0,84.8145115971565,0,0,0,0,0,0,0,0,0,0,0,0,0,0,0,0,0,0,0,0,0,0,0,0,0,0,0,0,0,0,0,0,0,0,32.4503079652786,0,0,0,0,0,0,0,14.3071715831757,0,6323.86314660311,4480.88080248237,0,0,0
0,0,0,0,0,0,0,0,0,0,3.21963930130005,0,33.2839361429214,0,0,0,0,0,0,0,0,0,470.591666042805,0,0,0,0,0,5590.477409482,0,84.9124101400375,0,0,0,0,0,0,0,0,0,0,0,0,0,0,0,0,0,0,0,0,0,0,0,0,0,0,0,0,0,0,0,0,0,0,0,0,0,0,0,0,0,0,0,0,0,0,0,0,0,0,0,2868.60647016764,2418.08950129151,0,0,0
0,0,0,0,0,0,0,0,0,0,0,0,0,0,0,0,0,0,0,0,0,0,0,0,0,0,0,1012.24291518331,0,819.30474871397,0,0,0,0,0,0,0,177.353876948357,0,0,0,0,0,0,0,0,0,0,0,0,0,0,0,0,0,0,0,0,0,0,0,0,0,0,0,0,0,0,0,0,32.4503079652786,0,0,0,0,0,0,0,0,0,9.48351049423218,0,1691.68627330661,624.136643469334,0.190991222858429,0,0
0,0,0.190279595553875,0,0,0,0,0,0,0,8,0,0,0,0,0,0.20335029065609,0,0,0,0,0,0,0,0,0,0,0,977.222779333591,0,2893.82856965065,0,0,0,0,0,0,0,73.4582173228264,0,8.9313942939043,0,69.4919958338141,0,0,0,0.201958388090134,0,0,0,0,0,0,0,0,0,0,0,0,0,0,0,0,0,0,0,0,0,0,0,0,0,0,0,0,0,0,0,0,0,0,0,1992.37432360649,0,6.28387388586998,0,0
0,0,0,0,0,0,0,0,0,0,0,0,0,0,0,0,0,0,0,0,0,0,0,0,0,0,0,0,0,0,0,953.401200205088,1590.15058231354,72.4435415267944,0,3529.03170394897,192.474291801453,0,0,0,0,0,0,0,0,0,0,57.7473116517067,0,0,0,0,0,0,0,0,0,0,0,0,0,0,0,0,0,0,0,0,0,0,0,0,0,0,0,214.707509100437,0,0,12.0565123558044,0,0,0,342.789452314377,0,0,0,0
0,0,0,0,0,0,0,0,0,0,0,0,0,0,0,0,0,0,0,0,0,0,0,0,0,0,0,0,0,0,0,1254.32354962826,4576.8360953778,2.18694138526917,12.5296132862568,0,24.9717898368835,0,0,0,0,0,0,0,0,0,0,1532.09391528368,25.7382718324661,18.5074447542429,0,0,0,0,0,0,0,0,0,0,0,0,0,0,0,0,0,0,0,0,0,0,0,0,214.707509100437,0,0,0,0,0,0,0,1034.44844222069,0,0,0,0
0,0,0,0,0,0,0,0,0,0,0,0,0,0,0,0,0,0,0,0,0,0,0,0,0,0,0,0,0,0,0,0,0,1854.9227963686,9652.91608038545,109.237949371338,0,0,27.8815756440163,0,0,0,0,0,0,0,0,96.2124485820532,2.81700156629086,0,0,0,0,0,0,0,0,0,0,0,0,0,0,0,0,0,0,0,0,0,0,0,0,0,0,0,0,10611.2790255398,0,0,0,16.8631446734071,577.775529623032,0,0,0,0
0,0,0,0,0,0,0,0,0,0,0,0,0,0,0,0,0,0,0,0,0,0,0,0,0,0,0,0,0,0,0,115.709602355957,12.5702737569809,4280.05664268136,917.545196473598,0,3,1.46873486042023,0,0,0,0,0,0,0,0,0,676.604158103466,0,101.266888014972,0,0,0,0,0,0,0,0,0,0,0,0,0,0,0,0,0,0,0,0,0,0,0,0,0,0,10611.2790255398,0,0,0,28.9261567145586,0,133.096674337983,0,1.40862348675728,0,0
0,0.12513941526413,0,4.23864532262087,0,0.533176645636559,0,0,0,0,0,0,0,0,0,0,0,10.572573415935,11.0261311233044,0,0,0,0,0,0,0,0,0,0,0,0,24.7173963785172,62.3774663507938,0,1.54312312602997,17142.1028403044,8688.57020705938,1662.86368745565,0,235.706141352654,0,4.78117004781961,0.159824468195438,0,0,73.616892889142,0,0,0,0,0,0,0,0,0,0,0,0,0,0,0,0,0,0,0,0,0,0,0,0,0,0,0,0,12.0565123558044,0,0,0,0,3727.76951868832,0,0.0814318731427193,3400.50653127581,280.930907696486,37.5214168950915,1.35939271003008,0.886974759399891
3.29449031502008,0,0,0,0,0,0,0,0,0,256.457051038742,0,0,0,0,0,75.7058416344225,5.09707935154438,311.503809500486,0,131.333217978477,0,0,0,0,0,0,0,0,0,0,93.1534770727158,25.5560952425003,16.9243572950363,280.425383329391,11160.1536904126,17023.9640178382,57.2997139692307,364.943342208862,0,443.368399739265,1.94773095101118,116.96357820183,0,1.22037586569786,0.303837388753891,40.832420706749,0.450830221176147,0,0,0,0,0,0,0,0,168.67729511857,0,0,0,0,0,0,0.089018814265728,0,0,0,0,0,0,0,0,0,0,0,0,0,0,3727.76951868832,0,0,3.06994700431824,7650.08305538446,6815.76973634958,110.195686955005,3.88713619485497,16.653420984745
0,0,0,0,0,0,0,0,0,0,0,354.894419014454,0,0,0,0,0,0,0,0,0,3047.68845230341,0,142.998659729958,0,0,0,359.396001011133,0,891.57707247138,0,0,0,0,939.237318828702,0,0,18382.370740816,9087.90388914943,39.142236739397,0,0,0,0,0,0,0,313.84895825386,3.8251763433218,273.540445402265,0,0,0,0,0,0,0,14.7756828665733,0,0,0,0,0,0,543.986562311649,0,150.239655256271,0,0,0,14.3071715831757,0,9.48351049423218,0,0,0,0,28.9261567145586,0,0,0,92.0000360161066,5851.54731735587,8948.04591834545,97.1024211347103,0,0
0.426710665225983,0,0,0,0,0,0,0,0,0,27.3628202080727,0,0,0,0,0,77.8654717244208,2.51751261204481,146.609162278473,0,0,0,2114.89871174097,0,107.272837519646,0,0,0,529.960360050201,0,83.7176626324654,0,0,383.188949167728,12.1448302268982,21.4033254384995,43.6210066080093,1090.27120789886,24325.3404035419,0,178.288681179285,2.21313514560461,53.6007298380136,0.240719765424728,1.38840562105179,0.181846261024475,32.8074623644352,1314.72349525988,574.31364287436,147.176694117486,0,0,0,0,0,0,73.3581466674805,0,0,0,0,0,0,0,0,60.4378115087748,0,106.05716252327,0,0,0,0,0,0,0,0,16.8631446734071,0,0.0814318731427193,3.06994700431824,92.0000360161066,0,9962.1125761494,5164.7531953454,922.48712303862,8.88414181023836,27.9900799617171
254.345871150494,462.005832657218,141.082528829575,251.749325923622,702.782539069653,350.203655831516,0,0,402.738864213228,784.524810254574,334.30486407876,717.274422556162,5.43202602863312,748.355588018894,513.775817871094,401.511538177729,3206.52827874571,6354.47634836286,1221.23587153852,237.755027890205,313.997761577368,1763.79765167832,2378.80905649066,429.980615019798,12,127.810413718224,315.532466173172,4761.47850090265,1438.64473634958,696.540077149868,1115.26753237844,119.260132908821,22.3771262168884,93.6383721977472,1595.14423023909,6146.09813075513,7939.67785102129,5308.69391775131,6004.8851511851,52.146832793951,186.307846479118,559.831511966884,431.099685996771,76.0263583287597,44.4239390641451,958.996208876371,1331.52244606614,2639.13497166336,1164.48269435018,1941.48466740549,41.126812055707,0.441674888134003,11,0,23.0782566666603,300.263441175222,1319.38405883312,4026.08017081022,8.27424204349518,408.57476568222,2,21.6555337905884,1122.74943736196,770.203185811639,3118.78813883662,4856.49739253521,61.2917592525482,1,1124.8479757309,496.925058841705,6323.86314660311,2868.60647016764,1691.68627330661,1992.37432360649,342.789452314377,1034.44844222069,577.775529623032,133.096674337983,3400.50653127581,7650.08305538446,5851.54731735587,9962.1125761494,0,6499.24688011408,6643.42104408517,176.121334251016,3.12673141807318
0,5.06921347975731,0.559100300073624,0,183.66903552413,18.4578739702702,0,0,10.610124707222,1.68442124128342,207.214996337891,1957.67273133993,2512.94387578964,14337.0143366307,1512.15455710888,814.263374954462,16.9221224784851,12.9037914574146,0,0,0,168.09006267786,201.489995360374,0,0,0,0,5926.48794937134,6563.171256423,996.752513170242,0,0,0,0,0,623.641473412514,807.785706460476,387.252968490124,973.320012688637,0,1.99766165018082,0,2.29115383327007,0,0,0,0.234078198671341,0,0,0,0.875022351741791,0,0,0,0,0.45844379067421,261.276350975037,1456.06936299801,8.76226997375488,1056.34291821718,0,0,0,0,100.832550942898,246.789856314659,0,0,0,0,4480.88080248237,2418.08950129151,624.136643469334,0,0,0,0,0,280.930907696486,6815.76973634958,8948.04591834545,5164.7531953454,6499.24688011408,0,18.7628717422485,0,0
70.2312925830483,481.374143891037,1122.08844825625,831.010542549193,116.33582226932,123.368374980986,0,0,0,0,0,0,0,0,0,0,380.213143892586,1421.46138810366,4926.65074687079,0.687459051609039,0,0,0,0,0,0,0,0,0,0,0,0,0,0,0.643137469887733,112.770769648254,74.6260124444962,705.88459224999,414.656286492944,715.402108170092,1111.45582260936,6669.37753527239,5973.29060011357,101.400078430772,73.0972135290504,2983.48744348437,1484.57107432187,1314.38122111559,143.553903520107,466.04175388813,67.8322039991617,0,0,0,161.973586082458,305.882984116673,0,6.87615974247456,0,0,0,0,6.59303509443998,24.9342620447278,0,0,0,0,0,0,0,0,0.190991222858429,6.28387388586998,0,0,0,1.40862348675728,37.5214168950915,110.195686955005,97.1024211347103,922.48712303862,6643.42104408517,18.7628717422485,0,482.101926933974,257.523414026946
0,0,0,0,0,0,0,0,0,0,0,0,0,0,0,0,2.79632456600666,52.8767153024673,30.5688683837652,0,0,0,0,0,0,0,0,0,0,0,0,0,0,0,0,0,0,0,0,0.238175265491009,3.11254880577326,107.867779947817,10.6389507502317,0,0,0.11864185333252,0,0,0,0,0,0,0,0,0,0,0,0,0,0,0,0,0.387225031852722,0.165899038314819,0,0,0,0,0,0,0,0,0,0,0,0,0,0,1.35939271003008,3.88713619485497,0,8.88414181023836,176.121334251016,0,482.101926933974,0,10.7668300755322
0,0,0.923620879650116,0,0,0,0,0,0,0,0,0,0,0,0,0,12.3790247552097,1.32429649680853,31.2478935532272,0,0,0,0,0,0,0,0,0,0,0,0,0,0,0,0,0,0,0,0,0,15.4814866408706,1.78949239104986,75.940235234797,0,0,0.35818038135767,0,0,0,0,0,0,0,0,0,0,0,0,0,0,0,0,0.195696361362934,1.50585237145424,0,0,0,0,0,0,0,0,0,0,0,0,0,0,0.886974759399891,16.653420984745,0,27.9900799617171,3.12673141807318,0,257.523414026946,10.7668300755322,0
