0,0,5.60753851277488,0,0,0,0,0,4.02786799029606,0,0,0,0,0,0,0,33.2664337158203,0,13.0497333032114,0,0,0,0,0,0,0,0,0,0,0,0,0,0,0,0,0,66.1395034790039,0,0,0,44.6790657043457,0,19.8261801401774,0,0,0,0,0,4.82648715451986,0,0,0,0,0,4.33623349039178,0,0,0,0,0,4.33576223525134,0,0,0,0,0,0,0,0,0,0,49.9542579650879,0,0,0,0,0,0,0,0,0,0,6.99253139609382,0,9.03878362555253,0,0
0,0,0,9.23804000832818,0,0,0,0,0,3.21265669302507,0,0,0,0,0,0,0,0,9.15466697462674,0,0,0,0,0,0,0,0,0,0,0,0,0,0,0,0,60.5973523457845,0,0,0,63.9471664428711,0,19.3911178328774,0,0,0,19.2901184558868,0,37.7835998535156,0,8.03755841222969,0,0,0,0,0,3.90960552561936,0,0,0,0,0,4.97518932819366,28.1332931518555,0,0,0,6.09677776694298,0,3.57099318504333,0,28.3699607849121,0,0,0,0,0,0,0,47.0981382751465,0,41.4290606180827,0,6.80378055801758,0,9.80137340996855,0,0
5.60753851277488,0,0,0,11.7430268859863,0,0,0,7.53476574818293,0,0,0,0,0,0,0,0,0,0,0,0,0,0,0,0,0,0,0,0,0,0,0,0,0,0,0,0,0,93.9028167724609,0,43.6106414794922,0,23.2213959565034,0,0,0,22.1383657455444,0,12.0364159361957,0,9.26374540328979,0,0,0,6.64616057799035,0,26.1163943608602,0,34.7074527740479,0,0,0,0,0,0,0,0,0,0,46.6821441650391,0,36.1659172603062,0,31.593877089651,0,0,0,0,0,44.936164855957,0,38.0316286087036,8.29585370620092,0,16.3103489482796,0,19.0007470448812
0,9.23804000832818,0,0,0,8.82525723245409,0,0,0,6.74191718820542,0,0,0,0,0,0,0,77.4431076049805,32.1021367708842,0,0,0,0,0,0,0,0,0,0,0,0,0,0,0,0,31.0333598454793,0,0,0,32.1701526045799,0,27.7957793849788,0,50.794864654541,0,20.1436785629817,0,64.3151143391927,0,9.36368174552917,0,8.0717916285738,0,0,0,6.2062651717269,0,10.3723013747123,0,5.59147401589614,0,6.66347798000682,11.5817054986954,0,0,0,0,0,0,0,33.4583642421625,0,33.5502470456637,0,0,0,0,0,63.3708763122559,0,38.7905576229095,0,7.96361657581038,5.49796867370605,14.8908706648216,46.9874965667725,0
0,0,11.7430268859863,0,0,0,0,0,3.94914477804433,0,0,0,3.27007460594177,0,0,0,0,0,59.8320655822754,0,7.74933854127542,0,0,0,0,0,0,0,0,0,0,0,0,0,0,0,0,0,0,0,42.0635080337524,0,48.7052707672119,0,0,0,31.3669304847717,0,50.2475200653076,0,4.46392019331294,0,0,0,3.50549436360598,0,0,0,3.65272765689426,0,0,0,0,8.92113943327041,0,0,0,0,0,0,0,45.1530380249023,0,48.0001576741536,0,0,0,0,0,0,0,0,26.9985107524054,0,18.2765813443198,0,0
0,0,0,8.82525723245409,0,0,0,3.01962407430013,0,7.92953485250473,0,0,0,0,0,7.65133428573608,0,0,0,7.30221078524718,0,0,0,0,0,0,0,0,0,0,0,0,0,0,0,16.2094268798828,0,0,0,0,0,0,0,0,0,0,0,0,0,47.4548034667969,0,4.55276423840483,0,3.06666456659635,0,5.01172722180684,0,6.56492418050766,0,8.38732438087463,0,7.23018042246501,11.8870247812832,0,0,0,0,0,0,0,0,0,0,0,0,0,0,0,20.3758203029633,0,0,0,4.1497738111085,0,6.96110001664895,0,0
0,0,0,0,0,0,0,0,0,0,4.44187660217285,0,3.13465591839382,0,0,0,0,0,0,0,0,0,0,0,0,0,0,0,0,0,0,0,0,0,0,0,0,0,0,0,0,0,0,0,0,0,0,0,0,0,0,0,3.96554286489374,0,0,0,5.17861356054034,0,4.1552261872725,0,0,0,0,0,0,0,0,0,0,0,0,0,0,0,0,0,0,0,0,0,0,0,0,0,0,0,0
0,0,0,0,0,3.01962407430013,0,0,0,0,0,3.30406145822434,0,0,0,0,0,0,0,0,0,0,0,0,0,0,0,0,0,0,0,0,0,0,0,0,0,0,0,0,0,0,0,0,0,0,0,0,0,0,0,0,0,3.83059178629229,0,0,0,0,0,2.7391122341156,0,0,0,0,0,0,0,0,0,0,0,0,0,0,0,0,0,0,0,0,0,0,2.84352517127991,0,0,0,0
4.02786799029606,0,7.53476574818293,0,3.94914477804433,0,0,0,0,0,0,0,0,0,3.80529093742371,0,20.0199188391368,0,0,0,0,0,0,0,4.38528756983578,0,2.75356777509054,0,0,0,0,0,0,0,0,0,0,0,4.95877232476679,0,45.5068950653076,0,34.9524768829346,0,0,0,33.8953514099121,45.1318168640137,12.9317263221741,0,4.61722473914807,0,0,0,5.05590159951905,0,0,0,0,0,4.96284121274948,0,0,17.413631439209,0,0,0,4.63514107100818,0,0,0,0,0,40.002742767334,0,0,0,0,0,50.1132865905762,0,5.45587423188346,4.41479472560112,0,7.68630960574403,0,0
0,3.21265669302507,0,6.74191718820542,0,7.92953485250473,0,0,0,0,0,0,0,0,0,3.67661913887399,36.1227874755859,18.4554312691208,0,15.635308265686,0,0,0,2.99154990911484,0,0,0,0,0,0,0,0,0,0,0,0,0,3.64465147256851,0,50.611888885498,0,41.6681518554688,0,0,0,22.278751373291,0,0,0,7.31238889694214,0,4.38986792167028,0,0,0,4.12727221667556,0,11.3936314582825,0,0,0,7.39320532899154,0,0,0,0,5.35029912817067,0,0,0,0,0,0,0,0,0,0,0,26.115031560262,0,0,0,6.5237765670719,6.51189736966734,8.65690696014548,34.7268867492676,0
0,0,0,0,0,0,4.44187660217285,0,0,0,0,0,3.0371817475871,0,0,0,0,0,0,0,3.02988324819073,0,0,0,0,0,0,0,0,0,5.88498252592747,0,0,0,0,0,0,0,3.14990024133162,0,0,0,0,0,0,0,0,0,0,0,0,0,7.82355520611718,0,0,0,6.0355759775717,0,5.97437479468279,0,0,0,0,3.94662351290385,0,0,0,0,0,0,0,0,0,10.8449343957272,0,0,0,0,0,0,0,12.8861058884197,0,0,11.5936877250671,0,0
0,0,0,0,0,0,0,3.30406145822434,0,0,0,0,0,4.22972732782364,0,0,0,0,0,3.1293740649556,0,0,0,0,0,0,0,2.74718117713928,0,5.68736617977609,0,0,0,0,0,8.96946716308594,0,5.05109952486955,0,0,0,0,0,0,0,32.316032409668,0,0,0,0,0,0,0,0,0,0,0,6.62689637344712,0,3.45634043693542,0,0,6.40216658167217,0,0,0,0,0,0,0,0,0,10.5949158276,0,0,0,0,0,49.6810836791992,0,3.93781342506409,0,7.19694533348084,0,7.9797592692905,0,0
0,0,0,0,3.27007460594177,0,3.13465591839382,0,0,0,3.0371817475871,0,0,0,3.23936898058111,0,0,0,0,0,0,0,0,0,0,0,0,0,0,0,0,0,0,0,0,0,0,0,0,0,0,0,0,0,0,0,0,0,0,0,0,0,3.79240226745605,0,0,0,3.85337149746278,0,4.76278771151294,0,3.37024589379629,0,0,0,0,0,0,0,0,0,0,9.47142219543457,0,0,0,0,0,0,0,0,0,0,2.95252847671509,0,0,0,0
0,0,0,0,0,0,0,0,0,0,0,4.22972732782364,0,0,0,3.9739556373694,0,0,0,0,0,0,0,0,0,0,0,0,0,0,0,0,0,0,0,0,0,0,0,0,0,0,0,0,0,0,0,0,0,0,0,3.59114980697632,0,2.74007876714071,0,0,0,3.38327479362488,0,4.06741407187656,0,4.63091168403625,0,0,0,0,0,0,0,0,0,0,0,0,0,0,0,0,0,0,0,0,2.93097188472748,3.12177363038063,0,0,0
0,0,0,0,0,0,0,0,3.80529093742371,0,0,0,3.23936898058111,0,0,0,12.2149276733398,0,0,0,0,0,0,0,0,0,0,0,0,0,0,0,0,0,0,0,0,0,0,0,0,0,0,0,0,0,0,0,0,0,5.70054690043132,0,0,0,5.48874974250793,0,0,0,3.15065140724182,0,3.2521571914355,0,0,0,0,0,0,0,0,3.63657807676416,0,0,0,0,0,0,0,0,0,0,0,0,7.28578424453735,0,0,0,0
0,0,0,0,0,7.65133428573608,0,0,0,3.67661913887399,0,0,0,3.9739556373694,0,0,47.5752868652344,19.3417342377872,0,0,0,0,0,16.8139610290527,0,0,0,0,0,0,0,0,0,0,0,0,0,0,0,0,0,0,0,0,0,0,0,0,0,0,0,4.13726287503396,0,0,0,3.55997279286385,0,0,0,4.22421084750782,0,3.72163718110985,0,0,0,0,13.0734031200409,0,0,0,0,0,0,0,0,0,0,0,0,0,0,0,6.91168780553909,22.0247793197632,0,0,0
33.2664337158203,0,0,0,0,0,0,0,20.0199188391368,36.1227874755859,0,0,0,0,12.2149276733398,47.5752868652344,0,20.6385129468728,20.6023620797341,0,0,0,5.27521274071331,0,0,0,4.64588352681283,0,4.51470313072205,0,0,0,0,0,0,121.448527018229,112.714787801107,119.27717590332,0,78.0926569888466,72.8163682345686,79.1957195826939,53.7152533981035,0,47.2557640075684,65.8626258850098,54.1245482126872,75.6167831420898,71.3405303955078,89.8749084472656,0,0,0,0,0,0,0,0,0,0,3.42394526302814,0,80.4389543533325,51.634204864502,0,3.76427717086596,0,0,0,4.19838496219892,0,88.160285949707,82.8563461303711,68.6643956502279,0,0,0,0,78.8766204833984,78.4278085882013,89.0943470001221,78.1238553277377,16.3667150746336,17.7289436284234,57.3984036024879,63.5412902832031,53.0102632045746
0,0,0,77.4431076049805,0,0,0,0,0,18.4554312691208,0,0,0,0,0,19.3417342377872,20.6385129468728,0,23.6323278767658,0,0,4.28204468434507,26.9635467529297,5.08233179364886,0,4.57961710806816,0,0,0,0,0,0,0,0,0,102.763668484158,114.085716247559,104.071060180664,0,73.4358393135717,80.7116143362863,62.8215115410941,70.9593188378119,35.1029739379883,47.2138361249651,60.5975605249405,64.3797329493931,92.6873135036892,0,78.4087333679199,0,0,0,0,0,0,90.6211013793945,82.4677963256836,0,0,0,0,73.3509222666423,0,3.53018636034246,0,0,0,3.3773467540741,0,21.1071370244026,0,89.7942301432292,71.1806666056315,0,0,0,0,85.677508015278,88.1201677322388,78.469516173653,84.0113220214844,15.730568881393,10.3611174687057,66.1522642623546,52.2831205221323,63.2906327681108
13.0497333032114,9.15466697462674,0,32.1021367708842,59.8320655822754,0,0,0,0,0,0,0,0,0,0,0,20.6023620797341,23.6323278767658,0,86.1588897705078,0,0,28.7921180725098,0,0,0,0,0,0,0,0,0,0,0,0,77.4531356744599,72.3412925814405,69.3443400475287,73.2098755306668,50.146725491719,48.5002335127785,31.1789387860887,28.5720347075686,19.2690207806039,23.4884246763976,35.9609603297954,40.3611138673653,65.6296597649069,57.5549506611294,58.2907603581746,0,0,0,0,0,40.6435890197754,48.2249311208725,62.0342995325724,0,0,0,0,50.9488654575465,64.6883441751654,0,0,0,0,0,0,54.896208524704,64.5913617951529,47.6598718724352,52.4456314769218,86.6071166992188,0,0,0,59.9465376955049,57.203314017017,53.4244702905947,52.4636880081969,16.0694954225921,25.167276176913,35.2242342271453,27.7997943424597,31.5900721208169
0,0,0,0,0,7.30221078524718,0,0,0,15.635308265686,0,3.1293740649556,0,0,0,0,0,0,86.1588897705078,0,0,0,0,0,0,0,0,0,0,0,0,0,0,0,0,4.45672149793797,0,3.71421338360885,0,0,0,0,0,0,0,24.3437578678131,0,0,0,0,0,7.78851173905765,0,0,0,0,0,5.45727904140949,0,0,0,0,9.45536441618529,0,0,0,0,0,0,0,0,0,4.09343177080154,0,0,0,0,0,6.78910712599754,0,11.0371786822443,0,4.30241469542185,0,10.5738796411559,0,0
0,0,0,0,7.74933854127542,0,0,0,0,0,3.02988324819073,0,0,0,0,0,0,0,0,0,0,0,0,0,0,0,0,0,0,0,0,0,0,0,0,0,3.05190752986549,0,4.94615346422562,0,0,0,0,0,0,0,0,0,0,0,6.83598074160124,0,0,0,0,0,2.96292135590001,0,0,0,0,0,0,4.60417241528404,0,0,0,0,0,0,0,0,0,0,0,0,0,0,0,5.57589891244625,0,8.74915790202013,4.04371766610579,0,11.7693309386571,0,0
0,0,0,0,0,0,0,0,0,0,0,0,0,0,0,0,0,4.28204468434507,0,0,0,0,2.95378148078918,4.49077890421215,0,6.29142300706161,0,5.65008214066148,0,0,0,0,0,0,0,0,0,7.55846924600304,0,0,0,0,0,0,0,0,0,0,0,7.48235715101551,0,0,0,0,0,0,0,29.7966642379761,0,0,0,0,0,0,5.25994129875558,9.93089866638184,8.86144720248091,0,12.9168224764805,0,13.5855798040118,0,0,0,0,0,0,0,0,0,8.14601331245242,0,3.88921235917925,2.75192189216614,18.0842944526672,0,0
0,0,0,0,0,0,0,0,0,0,0,0,0,0,0,0,5.27521274071331,26.9635467529297,28.7921180725098,0,0,2.95378148078918,0,0,4.69228989502479,0,0,0,3.14341515761155,0,0,0,0,0,0,0,0,0,4.50796670523974,0,0,0,0,0,0,0,0,0,6.05705351372288,0,0,0,0,0,0,0,0,0,30.4137687683105,0,0,0,0,0,3.03850274736231,5.4423779150651,0,5.27842610222953,0,9.9070417881012,0,8.47526618669618,0,33.5017127990723,0,0,0,0,0,0,0,7.02743879040082,5.03178324005156,10.8089902205545,0,0,0
0,0,0,0,0,0,0,0,0,2.99154990911484,0,0,0,0,0,16.8139610290527,0,5.08233179364886,0,0,0,4.49077890421215,0,0,0,4.11811873546013,0,0,0,0,0,0,0,0,0,0,0,6.27594355174473,0,0,0,0,0,0,0,0,0,0,0,12.2417271477836,0,0,0,0,0,9.18356985160985,0,0,0,24.5659030914307,0,15.4211488870474,0,0,7.27579800544247,0,5.12134347290828,0,9.26585269594305,0,13.0324165344238,0,0,0,0,0,0,0,0,0,7.42304067916058,0,4.23072751363118,0,15.6904738166116,0,0
0,0,0,0,0,0,0,0,4.38528756983578,0,0,0,0,0,0,0,0,0,0,0,0,0,4.69228989502479,0,0,0,3.20148718357086,0,0,0,0,0,0,0,0,0,0,0,7.45514558610462,0,0,0,0,0,0,0,0,0,12.6218090057373,0,0,0,0,0,3.63941539250887,0,0,0,0,0,0,0,0,0,0,4.89837106068929,0,4.29256443593694,0,3.70860886573792,0,0,0,0,0,0,0,0,0,0,0,9.51238004977887,3.22478530040154,4.84907293319702,9.53376507759094,0,0
0,0,0,0,0,0,0,0,0,0,0,0,0,0,0,0,0,4.57961710806816,0,0,0,6.29142300706161,0,4.11811873546013,0,0,0,4.93522115685474,0,0,0,0,0,0,0,0,0,0,0,0,0,0,0,0,0,0,0,0,0,0,0,0,0,0,0,4.25151382959806,0,0,0,3.27836191654205,0,0,0,0,10.7532434463501,0,6.8118428502764,0,4.29896760768578,0,6.29778944452604,0,0,0,0,0,0,0,0,0,0,0,6.48276267945766,0,0,0,0
0,0,0,0,0,0,0,0,2.75356777509054,0,0,0,0,0,0,0,4.64588352681283,0,0,0,0,0,0,0,3.20148718357086,0,0,0,2.75328636169434,0,0,0,0,0,0,0,0,0,0,0,0,0,0,0,0,0,0,0,0,0,0,0,0,0,4.58191537857056,0,0,0,0,0,0,0,0,0,0,4.35697245895863,0,3.95822444143175,0,3.91633755356602,0,4.72012853622437,0,0,0,0,0,0,0,0,0,0,2.83611466487249,0,0,0,0
0,0,0,0,0,0,0,0,0,0,0,2.74718117713928,0,0,0,0,0,0,0,0,0,5.65008214066148,0,0,0,4.93522115685474,0,0,0,3.05548361728066,0,0,0,0,0,0,0,3.80837535858154,0,0,0,0,0,0,0,0,0,0,0,0,0,0,0,0,0,0,0,0,0,5.37936619611887,0,0,0,0,8.51773777604103,0,0,0,5.36159673965339,0,6.2784459711619,0,11.7709369659424,0,0,0,0,0,0,0,3.58283066749573,0,4.18433843851089,0,0,0,0
0,0,0,0,0,0,0,0,0,0,0,0,0,0,0,0,4.51470313072205,0,0,0,0,0,3.14341515761155,0,0,0,2.75328636169434,0,0,0,0,0,0,0,0,0,0,0,3.48263056461628,0,0,0,0,0,0,0,0,0,0,0,0,0,0,0,0,0,0,0,4.86077516729181,0,0,0,0,0,0,3.58022038141886,0,0,0,3.43950482777187,0,5.77079498911047,0,11.6558828353882,0,0,0,0,0,0,0,12.9180642763774,3.45755577087402,0,0,0,0
0,0,0,0,0,0,0,0,0,0,0,5.68736617977609,0,0,0,0,0,0,0,0,0,0,0,0,0,0,0,3.05548361728066,0,0,0,0,0,0,0,0,0,3.24189736745129,0,0,0,0,0,0,0,0,0,0,0,0,0,0,0,0,0,0,0,7.65275909769253,0,0,0,0,0,0,0,0,0,0,0,0,3.01382027549305,0,5.52552029256528,0,0,0,0,0,0,0,7.9375406348187,0,3.04350979187909,0,3.79324388504028,0,0
0,0,0,0,0,0,0,0,0,0,5.88498252592747,0,0,0,0,0,0,0,0,0,0,0,0,0,0,0,0,0,0,0,0,0,0,0,0,0,0,0,3.18941350565612,0,0,0,0,0,0,0,0,0,0,0,0,0,0,0,0,0,9.80375674918846,0,0,0,0,0,0,0,0,0,0,0,0,0,0,6.53368020057678,0,5.64297497711054,0,0,0,0,0,0,0,9.06466839324806,2.75065076351166,0,0,0,0
0,0,0,0,0,0,0,0,0,0,0,0,0,0,0,0,0,0,0,0,0,0,0,0,0,0,0,0,0,0,0,0,4.4323327143987,8.8853745162487,0,3.48156031334039,0,0,0,27.1348762512207,0,53.830202738444,0,0,0,0,0,4.39825388320855,0,0,0,0,0,0,0,0,0,0,0,0,0,0,0,0,0,0,0,0,0,0,0,0,69.2452850341797,0,7.35465284293661,0,8.21517660482874,0,5.18827594354235,14.9789581298828,0,0,3.74702135858865,0,58.425724029541,0,0
0,0,0,0,0,0,0,0,0,0,0,0,0,0,0,0,0,0,0,0,0,0,0,0,0,0,0,0,0,0,0,4.4323327143987,0,0,8.84915745398578,2.74626469612122,5.4185742513904,0,0,0,0,0,0,0,0,0,0,4.40279100021394,0,0,0,0,0,0,0,0,0,0,0,0,0,0,0,0,0,0,0,0,0,0,0,0,0,0,4.32602822780609,5.3573917774865,0,9.54945380006518,0,8.29754052716811,0,0,4.08162762935345,0,0,0,0
0,0,0,0,0,0,0,0,0,0,0,0,0,0,0,0,0,0,0,0,0,0,0,0,0,0,0,0,0,0,0,8.8853745162487,0,0,4.12452648907173,3.40393717539938,0,5.73776755862766,0,0,0,0,0,0,0,0,0,5.07661848828412,0,0,0,0,0,0,0,0,0,0,0,0,0,0,0,0,0,0,0,0,0,0,0,0,0,0,8.40653747136776,0,4.94358284439397,4.91446623802185,5.85805760122115,0,5.50949664326275,0,5.02619403430394,0,0,0,0
0,0,0,0,0,0,0,0,0,0,0,0,0,0,0,0,0,0,0,0,0,0,0,0,0,0,0,0,0,0,0,0,8.84915745398578,4.12452648907173,0,0,3.9347781382109,3.16486549377441,4.55886297490862,0,0,0,0,0,0,0,0,4.53665950012943,0,13.4509687423706,0,0,0,0,0,0,0,0,0,0,0,0,0,0,0,0,0,0,0,0,0,0,0,0,0,7.76671289990091,4.03373547438737,5.13423056242909,33.3790977795919,6.63212176282963,15.6024193763733,5.77100455972883,5.49438292450375,0,13.6256637573242,0,0
0,60.5973523457845,0,31.0333598454793,0,16.2094268798828,0,0,0,0,0,8.96946716308594,0,0,0,0,121.448527018229,102.763668484158,77.4531356744599,4.45672149793797,0,0,0,0,0,0,0,0,0,0,0,3.48156031334039,2.74626469612122,3.40393717539938,0,0,3.27363528675503,7.08906630793085,0,56.1136870560823,0,62.7675793296412,86.6497650146484,57.7546558380127,0,53.8300897581083,101.556030273438,19.9385949706439,0,31.7060293717818,0,18.5398193995158,0,0,0,0,0,13.4532847934299,0,0,0,0,11.4133394849606,129.77165222168,0,0,0,0,0,0,145.794296264648,0,87.4093221028646,0,5.54913759379884,0,19.3506819407145,0,6.78696184863093,9.35621449255174,15.6729433744204,0,5.91301268019598,3.69107188717011,23.8054300798915,52.6108171167508,85.6951446533203
66.1395034790039,0,0,0,0,0,0,0,0,0,0,0,0,0,0,0,112.714787801107,114.085716247559,72.3412925814405,0,3.05190752986549,0,0,0,0,0,0,0,0,0,0,0,5.4185742513904,0,3.9347781382109,3.27363528675503,0,0,12.3060100319059,100.39868927002,57.0200877470129,84.9048004150391,53.5988071120788,0,56.7992916107178,97.2324523925781,50.1367497962123,4.7146506201952,82.3669471740723,0,0,0,0,0,71.7109985351562,0,22.7705918947856,0,34.4014072418213,0,0,0,0,15.9057789888457,0,68.3072814941406,0,0,0,0,0,58.7276407877604,0,77.2889644622803,0,7.75494612193277,0,9.02621449798834,4.94150623802311,7.00302996738052,125.529235839844,19.09849954283,8.09169389624402,3.91266421110428,22.8445601811776,0,53.4473985944475
0,0,0,0,0,0,0,0,0,3.64465147256851,0,5.05109952486955,0,0,0,0,119.27717590332,104.071060180664,69.3443400475287,3.71421338360885,0,7.55846924600304,0,6.27594355174473,0,0,0,3.80837535858154,0,3.24189736745129,0,0,0,5.73776755862766,3.16486549377441,7.08906630793085,0,0,2.7510552406311,52.0332508087158,0,57.6683735951133,0,0,0,39.0130082436328,0,7.48887985070188,0,7.34487278571982,0,0,0,0,0,10.0870304107666,0,9.03176931190121,0,0,0,0,12.3125484343185,0,7.20926496768384,0,9.76682670036571,0,0,0,4.5131046295166,0,5.76305653430797,0,0,0,3.78855959574381,0,13.1521856101711,0,6.08553201795991,2.95118522644043,6.49250667750298,7.36721198973448,20.3228139385735,41.6330055509295,0
0,0,93.9028167724609,0,0,0,0,0,4.95877232476679,0,3.14990024133162,0,0,0,0,0,0,0,73.2098755306668,0,4.94615346422562,0,4.50796670523974,0,7.45514558610462,0,0,0,3.48263056461628,0,3.18941350565612,0,0,0,4.55886297490862,0,12.3060100319059,2.7510552406311,0,0,68.7870076497396,92.2120666503906,42.8327386799981,0,50.392505645752,0,49.6837835856846,3.96008191971069,5.66251042759383,0,0,0,0,0,3.3446610212326,0,6.45846907088631,0,0,0,0,0,0,12.3683512053069,0,8.0300466012131,0,9.20903171469632,0,0,0,5.3334969997406,0,10.0220299959183,0,0,0,5.94029104866292,0,18.2471780815517,0,6.35902243678717,6.53911489119401,4.65135996991938,13.9870601952076,0,47.5228058951242
0,63.9471664428711,0,32.1701526045799,0,0,0,0,0,50.611888885498,0,0,0,0,0,0,78.0926569888466,73.4358393135717,50.146725491719,0,0,0,0,0,0,0,0,0,0,0,0,27.1348762512207,0,0,0,56.1136870560823,100.39868927002,52.0332508087158,0,0,77.0149620056152,32.0198584820702,52.6618466010461,29.4810063680013,43.2492224375407,17.9497562203239,50.86669921875,39.3036742210388,0,15.173391795962,0,45.7038650512695,0,0,0,0,0,44.3186009407043,0,40.6525802612305,0,69.2867736816406,13.2492492098502,0,59.635368347168,0,0,0,0,0,57.7187551351694,0,43.5299909655253,104.563720703125,0,0,0,0,25.5635477806392,95.4865938822428,46.8488536556017,78.791036605835,42.2959704260713,32.1719809940883,24.3632677665672,43.6437660379613,60.2460899353027
44.6790657043457,0,43.6106414794922,0,42.0635080337524,0,0,0,45.5068950653076,0,0,0,0,0,0,0,72.8163682345686,80.7116143362863,48.5002335127785,0,0,0,0,0,0,0,0,0,0,0,0,0,0,0,0,0,57.0200877470129,0,68.7870076497396,77.0149620056152,0,64.4792789459229,24.0200736487387,0,29.1695730845133,57.1065654754639,18.1483209008119,7.1787668636867,16.0560090707166,61.4602165222168,35.1928291320801,0,0,0,43.7976252237956,0,38.1508702834447,0,36.7466621398926,0,41.7259788513184,0,73.0450439453125,24.4531094103309,0,92.8209800720215,0,0,0,48.8789558410645,103.267051696777,56.5172146388463,84.3124389648438,56.4440266002308,0,0,0,14.8537693023682,101.557004928589,17.0423598351084,98.9357490539551,42.3874976647206,51.8045876324177,0,13.4619148738632,73.4374179840088,24.4197509002686
0,19.3911178328774,0,27.7957793849788,0,0,0,0,0,41.6681518554688,0,0,0,0,0,0,79.1957195826939,62.8215115410941,31.1789387860887,0,0,0,0,0,0,0,0,0,0,0,0,53.830202738444,0,0,0,62.7675793296412,84.9048004150391,57.6683735951133,92.2120666503906,32.0198584820702,64.4792789459229,0,8.84915217080299,25.8134966546839,27.4266816139221,29.4744927421097,45.7054584503174,47.7496922500734,0,21.7659277534976,0,0,0,0,0,0,0,18.598245036471,0,30.8917219979422,0,0,33.8559260724042,0,41.9823525746663,0,69.2342281341553,0,40.9065628051758,0,25.4543704324298,0,22.2777429648343,108.767795562744,56.2765884399414,0,0,0,38.9086748847617,75.2902870178223,35.9086904129458,65.7972804478237,15.3572970101552,20.4314646720886,17.0477878117721,15.4911935963644,42.2295913696289
19.8261801401774,0,23.2213959565034,0,48.7052707672119,0,0,0,34.9524768829346,0,0,0,0,0,0,0,53.7152533981035,70.9593188378119,28.5720347075686,0,0,0,0,0,0,0,0,0,0,0,0,0,0,0,0,86.6497650146484,53.5988071120788,0,42.8327386799981,52.6618466010461,24.0200736487387,8.84915217080299,0,55.9898681640625,9.20925519037782,61.9856723546982,34.3200947865844,19.7640078663826,17.4252416950217,54.5328025817871,36.5255750020345,0,0,0,43.6098848978678,0,25.7768843164846,0,34.6778957843781,0,34.3069527943929,0,62.8690977096558,41.9995308717092,0,50.0607855660575,0,0,0,41.6764488220215,0,31.7079583192939,77.86572265625,19.2879074310476,0,39.0874481201172,0,36.4962882995605,77.1095535971902,31.0055997943385,75.9413991655622,33.2126142292445,15.9901041254458,25.3414101851614,15.3478613900733,41.961446762085,11.5265780127162
0,0,0,50.794864654541,0,0,0,0,0,0,0,0,0,0,0,0,0,35.1029739379883,19.2690207806039,0,0,0,0,0,0,0,0,0,0,0,0,0,0,0,0,57.7546558380127,0,0,0,29.4810063680013,0,25.8134966546839,55.9898681640625,0,31.580982208252,20.3393598132663,0,56.1260081699916,0,43.2493998209635,0,0,0,0,0,0,0,0,0,0,0,0,35.0781686570909,0,0,0,0,0,0,0,0,0,0,0,0,0,0,0,42.3195593970163,0,52.3567981719971,0,30.2893942197164,0,13.779261264801,23.7212930406843,0
0,0,0,0,0,0,0,0,0,0,0,0,0,0,0,0,47.2557640075684,47.2138361249651,23.4884246763976,0,0,0,0,0,0,0,0,0,0,0,0,0,0,0,0,0,56.7992916107178,0,50.392505645752,43.2492224375407,29.1695730845133,27.4266816139221,9.20925519037782,31.580982208252,0,44.9122565587362,19.1611048153469,0,0,0,0,0,0,0,33.7200775146484,0,0,0,36.877555847168,0,0,0,48.212215423584,35.936939239502,0,0,0,0,0,0,0,44.6799907684326,0,45.043872833252,0,0,0,40.109016418457,54.6187599182129,36.9169827113076,69.5118103027344,37.0779192264263,24.7726597047987,0,11.9575320869429,0,26.2415215752342
0,19.2901184558868,0,20.1436785629817,0,0,0,0,0,22.278751373291,0,32.316032409668,0,0,0,0,65.8626258850098,60.5975605249405,35.9609603297954,24.3437578678131,0,0,0,0,0,0,0,0,0,0,0,0,0,0,0,53.8300897581083,97.2324523925781,39.0130082436328,0,17.9497562203239,57.1065654754639,29.4744927421097,61.9856723546982,20.3393598132663,44.9122565587362,0,52.7061805725098,40.6567014091893,0,36.7117969008053,0,0,0,0,0,0,0,28.2385243196956,0,33.7279119491577,0,0,12.8932251173302,100.572746276855,55.5020357767741,0,0,0,36.5500679016113,0,42.1425003814697,0,40.4287923169478,0,0,0,77.6897354125977,0,23.480602757542,82.0934149424235,38.5262667475305,86.200927734375,27.510286064617,18.4190881435688,18.2717534316629,45.950687107287,57.6654033660889
0,0,22.1383657455444,0,31.3669304847717,0,0,0,33.8953514099121,0,0,0,0,0,0,0,54.1245482126872,64.3797329493931,40.3611138673653,0,0,0,0,0,0,0,0,0,0,0,0,0,0,0,0,101.556030273438,50.1367497962123,0,49.6837835856846,50.86669921875,18.1483209008119,45.7054584503174,34.3200947865844,0,19.1611048153469,52.7061805725098,0,31.7124240875244,45.7066792341379,0,0,0,0,0,0,0,30.9866856993916,0,35.4980888366699,0,0,0,85.6410427093506,18.5509877117402,0,69.4099578857422,0,0,0,46.4382171630859,0,45.2672431945801,55.994930267334,38.9356012579835,0,0,0,33.0049934387207,84.5586967468262,30.611392053941,67.769910176595,33.1320921556536,30.3525871345383,20.2796592712402,23.4454403039683,0,41.9535458213405
0,37.7835998535156,0,64.3151143391927,0,0,0,0,45.1318168640137,0,0,0,0,0,0,0,75.6167831420898,92.6873135036892,65.6296597649069,0,0,0,0,0,0,0,0,0,0,0,0,4.39825388320855,4.40279100021394,5.07661848828412,4.53665950012943,19.9385949706439,4.7146506201952,7.48887985070188,3.96008191971069,39.3036742210388,7.1787668636867,47.7496922500734,19.7640078663826,56.1260081699916,0,40.6567014091893,31.7124240875244,0,5.59848290982234,5.63392741636553,0,0,0,0,0,0,44.3797035217285,75.2668228149414,0,0,0,0,32.8571979734633,47.278736114502,0,0,0,0,0,0,0,0,71.703311920166,63.4782676696777,7.01813839709908,6.85154607757848,6.58392268845013,5.65063324942565,12.4146115726406,6.71979620516072,22.0965399581534,0,12.0805882962195,45.8512001037598,11.0349474512251,46.1348101827833,0
4.82648715451986,0,12.0364159361957,0,50.2475200653076,0,0,0,12.9317263221741,0,0,0,0,0,0,0,71.3405303955078,0,57.5549506611294,0,0,0,6.05705351372288,0,12.6218090057373,0,0,0,0,0,0,0,0,0,0,0,82.3669471740723,0,5.66251042759383,0,16.0560090707166,0,17.4252416950217,0,0,0,45.7066792341379,5.59848290982234,0,10.5895362430149,47.9434204101562,0,0,0,9.19284979878245,0,23.3345664219348,0,17.185497045517,0,3.88007715800861,0,0,35.3918125477243,0,9.29443235899969,0,11.8015844935463,0,9.03434014320374,0,13.498555505505,0,17.1344883612224,0,0,0,5.53512666622798,16.8252906799316,21.5603389837875,0,20.1566572153878,15.4926726410144,56.3178443908691,15.9890029179195,0,34.5273294448853
0,8.03755841222969,0,9.36368174552917,0,47.4548034667969,0,0,0,7.31238889694214,0,0,0,0,0,0,89.8749084472656,78.4087333679199,58.2907603581746,0,0,7.48235715101551,0,12.2417271477836,0,0,0,0,0,0,0,0,0,0,13.4509687423706,31.7060293717818,0,7.34487278571982,0,15.173391795962,61.4602165222168,21.7659277534976,54.5328025817871,43.2493998209635,0,36.7117969008053,0,5.63392741636553,10.5895362430149,0,0,39.5039100646973,0,0,0,6.77841392269841,0,17.6405545342578,0,13.1395352776621,0,5.57010041087507,30.1262926977189,0,8.30001913389394,0,8.74157937367757,0,5.74408713463814,0,9.7909210384616,0,15.6391076238352,0,11.0384356975555,0,0,0,17.5225169620514,0,7.73046355218944,0,13.8959373351665,65.1962127685547,13.6539378636692,47.252413959038,0
0,0,9.26374540328979,0,4.46392019331294,0,0,0,4.61722473914807,0,0,0,0,0,5.70054690043132,0,0,0,0,0,6.83598074160124,0,0,0,0,0,0,0,0,0,0,0,0,0,0,0,0,0,0,0,35.1928291320801,0,36.5255750020345,0,0,0,0,0,47.9434204101562,0,0,0,3.12174733877182,0,3.68848715944493,0,4.5242747730679,0,4.29022182800152,0,4.01847063643592,0,0,7.98979332255221,0,0,0,0,0,0,0,0,0,0,0,0,0,0,0,0,0,0,22.1577616267734,0,9.62146590862955,0,0
0,0,0,8.0717916285738,0,4.55276423840483,0,0,0,4.38986792167028,0,0,0,3.59114980697632,0,4.13726287503396,0,0,0,7.78851173905765,0,0,0,0,0,0,0,0,0,0,0,0,0,0,0,18.5398193995158,0,0,0,45.7038650512695,0,0,0,0,0,0,0,0,0,39.5039100646973,0,0,0,3.10302764177322,0,4.13649284138399,0,4.62198974869468,0,3.74454720540978,0,4.15937012693156,12.6016848882039,0,0,0,0,0,0,0,0,0,0,0,0,0,0,0,19.0787969404651,0,0,0,5.47670724051339,0,9.12623586177826,0,0
0,0,0,0,0,0,3.96554286489374,0,0,0,7.82355520611718,0,3.79240226745605,0,0,0,0,0,0,0,0,0,0,0,0,0,0,0,0,0,0,0,0,0,0,0,0,0,0,0,0,0,0,0,0,0,0,0,0,0,3.12174733877182,0,0,0,0,0,6.48596814929637,0,4.10835609716528,0,0,0,0,0,0,0,0,0,0,0,0,0,0,0,0,0,0,0,0,0,0,0,0,0,0,0,0
0,0,0,0,0,3.06666456659635,0,3.83059178629229,0,0,0,0,0,2.74007876714071,0,0,0,0,0,0,0,0,0,0,0,0,0,0,0,0,0,0,0,0,0,0,0,0,0,0,0,0,0,0,0,0,0,0,0,0,0,3.10302764177322,0,0,0,0,0,0,0,2.9596018931445,0,0,0,0,0,0,0,0,0,0,0,0,0,0,0,0,0,0,0,0,0,0,4.48877538953509,0,0,0,0
4.33623349039178,0,6.64616057799035,0,3.50549436360598,0,0,0,5.05590159951905,0,0,0,0,0,5.48874974250793,0,0,0,0,0,0,0,0,0,3.63941539250887,0,4.58191537857056,0,0,0,0,0,0,0,0,0,71.7109985351562,0,3.3446610212326,0,43.7976252237956,0,43.6098848978678,0,33.7200775146484,0,0,0,9.19284979878245,0,3.68848715944493,0,0,0,0,0,0,0,0,0,6.38610021518698,0,0,13.680811882019,0,0,0,3.68448275451344,0,5.04917662283953,0,0,0,0,0,0,0,0,0,54.4020309448242,0,0,10.1624166914757,0,13.0769752986503,0,0
0,3.90960552561936,0,6.2062651717269,0,5.01172722180684,0,0,0,4.12727221667556,0,0,0,0,0,3.55997279286385,0,0,40.6435890197754,0,0,0,0,9.18356985160985,0,4.25151382959806,0,0,0,0,0,0,0,0,0,0,0,10.0870304107666,0,0,0,0,0,0,0,0,0,0,0,6.77841392269841,0,4.13649284138399,0,0,0,0,0,6.33281469345093,0,4.74514365196228,0,6.71062416537684,0,0,0,0,6.38650469650776,0,7.69870753089587,0,0,0,38.9871368408203,0,0,0,0,0,0,0,7.74618461396959,0,10.6513271729151,0,13.6157573745364,0,0
0,0,26.1163943608602,0,0,0,5.17861356054034,0,0,0,6.0355759775717,0,3.85337149746278,0,0,0,0,90.6211013793945,48.2249311208725,0,2.96292135590001,0,0,0,0,0,0,0,0,0,9.80375674918846,0,0,0,0,0,22.7705918947856,0,6.45846907088631,0,38.1508702834447,0,25.7768843164846,0,0,0,30.9866856993916,44.3797035217285,23.3345664219348,0,4.5242747730679,0,6.48596814929637,0,0,0,0,0,7.5832632276873,0,12.8228483579376,0,0,8.88077972031293,0,36.3764935381272,0,0,0,20.5401958981076,0,13.1842829553397,0,10.8919368782769,0,0,0,54.1886825561523,0,48.3259723796401,0,17.5481400764094,26.367856502533,0,15.2591617237821,0,26.0782113075256
0,0,0,10.3723013747123,0,6.56492418050766,0,0,0,11.3936314582825,0,6.62689637344712,0,3.38327479362488,0,0,0,82.4677963256836,62.0342995325724,5.45727904140949,0,29.7966642379761,0,0,0,0,0,0,0,7.65275909769253,0,0,0,0,0,13.4532847934299,0,9.03176931190121,0,44.3186009407043,0,18.598245036471,0,0,0,28.2385243196956,0,75.2668228149414,0,17.6405545342578,0,4.62198974869468,0,0,0,6.33281469345093,0,0,0,6.67195953400089,0,9.63272891355597,9.30157254998555,0,26.1661798386347,0,27.2054128646851,0,17.4787107952057,0,10.0744561483918,0,8.08415999097272,0,0,0,0,0,42.4068873629851,86.0249938964844,16.83472054494,85.7386627197266,12.4750438677356,26.9411354064941,13.8240301560711,19.4145028250558,0
0,0,34.7074527740479,0,3.65272765689426,0,4.1552261872725,0,0,0,5.97437479468279,0,4.76278771151294,0,3.15065140724182,0,0,0,0,0,0,0,30.4137687683105,0,0,0,0,0,4.86077516729181,0,0,0,0,0,0,0,34.4014072418213,0,0,0,36.7466621398926,0,34.6778957843781,0,36.877555847168,0,35.4980888366699,0,17.185497045517,0,4.29022182800152,0,4.10835609716528,0,0,0,7.5832632276873,0,0,0,6.57830689510623,0,0,14.390530759638,0,31.6629828498477,0,17.3683296839396,0,12.2965860603392,0,7.56736880054801,0,35.1197204589844,0,0,0,0,0,48.1235322952271,0,0,3.05234653809491,49.0999298095703,13.7005232880447,0,33.9982032775879
0,0,0,5.59147401589614,0,8.38732438087463,0,2.7391122341156,0,0,0,3.45634043693542,0,4.06741407187656,0,4.22421084750782,0,0,0,0,0,0,0,24.5659030914307,0,3.27836191654205,0,5.37936619611887,0,0,0,0,0,0,0,0,0,0,0,40.6525802612305,0,30.8917219979422,0,0,0,33.7279119491577,0,0,0,13.1395352776621,0,3.74454720540978,0,2.9596018931445,0,4.74514365196228,0,6.67195953400089,0,0,0,6.34772751779638,14.7741373884464,0,28.1089987754822,0,21.8876076402335,0,10.3551319094672,0,5.80245124624788,0,19.3889634268624,0,0,0,0,0,75.131280263265,0,27.2802260080973,0,5.21225896974405,4.00971047083537,19.6055340550163,20.6451155344645,0
4.33576223525134,0,0,0,0,0,0,0,4.96284121274948,0,0,0,3.37024589379629,0,3.2521571914355,0,3.42394526302814,0,0,0,0,0,0,0,0,0,0,0,0,0,0,0,0,0,0,0,0,0,0,0,41.7259788513184,0,34.3069527943929,0,0,0,0,0,3.88007715800861,0,4.01847063643592,0,0,0,6.38610021518698,0,12.8228483579376,0,6.57830689510623,0,0,0,0,0,0,27.049916267395,0,0,0,5.48886353628976,0,20.4073434670766,0,43.0224990844727,0,0,0,0,0,60.5842094421387,0,0,3.23805809020996,0,28.1168422698975,0,35.3808059692383
0,4.97518932819366,0,6.66347798000682,0,7.23018042246501,0,0,0,7.39320532899154,0,0,0,4.63091168403625,0,3.72163718110985,0,0,0,0,0,0,0,15.4211488870474,0,0,0,0,0,0,0,0,0,0,0,0,0,0,0,69.2867736816406,0,0,0,0,0,0,0,0,0,5.57010041087507,0,4.15937012693156,0,0,0,6.71062416537684,0,9.63272891355597,0,6.34772751779638,0,0,18.2856364250183,0,29.8739948272705,0,14.6974806003883,0,5.12007047702105,0,5.81066903201017,0,0,0,0,0,0,0,0,0,0,0,5.38421946865017,0,20.3944004603795,0,0
0,28.1332931518555,0,11.5817054986954,0,11.8870247812832,0,0,0,0,0,6.40216658167217,0,0,0,0,80.4389543533325,73.3509222666423,50.9488654575465,9.45536441618529,0,0,0,0,0,0,0,0,0,0,0,0,0,0,0,11.4133394849606,0,12.3125484343185,0,13.2492492098502,73.0450439453125,33.8559260724042,62.8690977096558,35.0781686570909,48.212215423584,12.8932251173302,85.6410427093506,32.8571979734633,0,30.1262926977189,0,12.6016848882039,0,0,0,0,0,9.30157254998555,0,14.7741373884464,0,18.2856364250183,0,0,40.4987724010761,0,41.0511538187663,0,29.0451153119405,0,19.6649873642992,0,19.2871859052256,0,0,0,0,0,10.710834685767,84.6975593566895,17.3556421797671,80.3873596191406,31.6789643354103,33.8717994689941,18.9914828417883,55.9395692670668,0
0,0,0,0,8.92113943327041,0,0,0,17.413631439209,0,3.94662351290385,0,0,0,0,0,51.634204864502,0,64.6883441751654,0,4.60417241528404,0,0,0,0,0,0,0,0,0,0,0,0,0,0,129.77165222168,15.9057789888457,0,12.3683512053069,0,24.4531094103309,0,41.9995308717092,0,35.936939239502,100.572746276855,18.5509877117402,47.278736114502,35.3918125477243,0,7.98979332255221,0,0,0,13.680811882019,0,8.88077972031293,0,14.390530759638,0,0,0,0,0,0,41.4755473666721,0,0,0,30.7620661258698,0,22.8207129672893,0,20.0620594699054,0,0,0,25.9212083816528,0,17.0304917648636,0,18.1848894104855,45.7056111097336,0,19.1821641226308,0,45.066294670105
0,0,0,0,0,0,0,0,0,0,0,0,0,0,0,0,0,3.53018636034246,0,0,0,5.25994129875558,3.03850274736231,7.27579800544247,0,10.7532434463501,0,8.51773777604103,0,0,0,0,0,0,0,0,0,7.20926496768384,0,59.635368347168,0,41.9823525746663,0,0,0,55.5020357767741,0,0,0,8.30001913389394,0,0,0,0,0,0,0,26.1661798386347,0,28.1089987754822,0,29.8739948272705,40.4987724010761,0,0,0,7.75288776322907,0,13.2027894669685,0,8.79733182845721,0,18.9463419914246,0,0,0,0,0,0,0,7.56966655248858,0,5.67458925338892,0,23.9056083598035,0,0
0,0,0,0,0,0,0,0,0,0,0,0,0,0,0,0,3.76427717086596,0,0,0,0,9.93089866638184,5.4423779150651,0,4.89837106068929,0,4.35697245895863,0,3.58022038141886,0,0,0,0,0,0,0,68.3072814941406,0,8.0300466012131,0,92.8209800720215,0,50.0607855660575,0,0,0,69.4099578857422,0,9.29443235899969,0,0,0,0,0,0,0,36.3764935381272,0,31.6629828498477,0,27.049916267395,0,0,41.4755473666721,0,0,0,4.65718163013458,0,9.36166864144998,0,9.34848829131444,0,29.0843111673991,0,0,0,0,0,88.1849632263184,0,11.8505509375262,4.85739013727973,10.8517093237709,48.500325012207,0,49.0347118377686
0,6.09677776694298,0,0,0,0,0,0,0,5.35029912817067,0,0,0,0,0,13.0734031200409,0,0,0,0,0,8.86144720248091,0,5.12134347290828,0,6.8118428502764,0,0,0,0,0,0,0,0,0,0,0,9.76682670036571,0,0,0,69.2342281341553,0,0,0,0,0,0,0,8.74157937367757,0,0,0,0,0,6.38650469650776,0,27.2054128646851,0,21.8876076402335,0,14.6974806003883,41.0511538187663,0,7.75288776322907,0,0,0,8.35510710072143,0,11.2820018374402,0,0,0,0,0,0,0,0,0,6.81727495097406,0,6.91022400502805,0,7.94844804668879,0,0
0,0,0,0,0,0,0,0,4.63514107100818,0,0,0,0,0,0,0,0,0,0,0,0,0,5.27842610222953,0,4.29256443593694,0,3.95822444143175,0,0,0,0,0,0,0,0,0,0,0,9.20903171469632,0,0,0,0,0,0,0,0,0,11.8015844935463,0,0,0,0,0,3.68448275451344,0,0,0,17.3683296839396,0,0,0,0,0,0,4.65718163013458,0,0,0,5.22673158941016,0,0,0,0,0,0,0,0,0,0,0,10.9248951673508,4.3267123831643,0,12.7306265830994,0,0
0,3.57099318504333,0,0,0,0,0,0,0,0,0,0,0,0,0,0,0,3.3773467540741,0,0,0,12.9168224764805,0,9.26585269594305,0,4.29896760768578,0,5.36159673965339,0,0,0,0,0,0,0,0,0,0,0,0,0,40.9065628051758,0,0,0,36.5500679016113,0,0,0,5.74408713463814,0,0,0,0,0,7.69870753089587,0,17.4787107952057,0,10.3551319094672,0,5.12007047702105,29.0451153119405,0,13.2027894669685,0,8.35510710072143,0,0,0,5.9453084509115,0,0,0,0,0,0,0,0,0,0,0,3.59155707889133,0,33.653178351266,0,0
0,0,46.6821441650391,0,0,0,0,0,0,0,0,0,0,0,3.63657807676416,0,4.19838496219892,0,0,0,0,0,9.9070417881012,0,3.70860886573792,0,3.91633755356602,0,3.43950482777187,0,0,0,0,0,0,0,0,0,0,0,48.8789558410645,0,41.6764488220215,0,0,0,46.4382171630859,0,9.03434014320374,0,0,0,0,0,5.04917662283953,0,20.5401958981076,0,12.2965860603392,0,5.48886353628976,0,0,30.7620661258698,0,9.36166864144998,0,5.22673158941016,0,0,0,7.55340317114922,0,58.2444229125977,0,0,0,0,0,92.6445617675781,0,0,5.05395129203796,0,36.669987821579,0,48.2895431518555
0,28.3699607849121,0,33.4583642421625,0,0,0,0,0,0,0,0,0,0,0,0,0,21.1071370244026,54.896208524704,0,0,13.5855798040118,0,13.0324165344238,0,6.29778944452604,0,6.2784459711619,0,3.01382027549305,0,0,0,0,0,145.794296264648,0,4.5131046295166,0,57.7187551351694,103.267051696777,25.4543704324298,0,0,0,42.1425003814697,0,0,0,9.7909210384616,0,0,0,0,0,0,0,10.0744561483918,0,5.80245124624788,0,5.81066903201017,19.6649873642992,0,8.79733182845721,0,11.2820018374402,0,5.9453084509115,0,0,0,7.29461247190482,0,0,0,0,0,67.022190729777,198.919555664062,8.20596019635026,0,22.9947544148094,34.6570014953613,28.2912388972516,27.3077394551244,0
49.9542579650879,0,36.1659172603062,0,45.1530380249023,0,0,0,0,0,0,0,9.47142219543457,0,0,0,88.160285949707,0,64.5913617951529,0,0,0,8.47526618669618,0,0,0,4.72012853622437,0,5.77079498911047,0,6.53368020057678,0,0,0,0,0,58.7276407877604,0,5.3334969997406,0,56.5172146388463,0,31.7079583192939,0,44.6799907684326,0,45.2672431945801,0,13.498555505505,0,0,0,0,0,0,0,13.1842829553397,0,7.56736880054801,0,20.4073434670766,0,0,22.8207129672893,0,9.34848829131444,0,0,0,7.55340317114922,0,0,0,8.1596269759346,0,0,0,0,129.196853637695,66.5906521933419,0,9.28771638102523,31.0831271730937,42.6242866516113,33.3688893795013,0,32.2502940984873
0,0,0,33.5502470456637,0,0,0,0,0,0,0,10.5949158276,0,0,0,0,82.8563461303711,89.7942301432292,47.6598718724352,4.09343177080154,0,0,0,0,0,0,0,11.7709369659424,0,5.52552029256528,0,69.2452850341797,0,0,0,87.4093221028646,0,5.76305653430797,0,43.5299909655253,84.3124389648438,22.2777429648343,77.86572265625,0,0,40.4287923169478,55.994930267334,71.703311920166,0,15.6391076238352,0,0,0,0,0,38.9871368408203,0,8.08415999097272,0,19.3889634268624,0,0,19.2871859052256,0,18.9463419914246,0,0,0,0,0,7.29461247190482,0,0,0,0,0,0,0,62.9086181460403,76.4272994995117,7.80416130385435,118.074516296387,30.9281272269086,37.1354751586914,25.7929835477317,25.1230082041781,0
0,0,31.593877089651,0,48.0001576741536,0,0,0,40.002742767334,0,10.8449343957272,0,0,0,0,0,68.6643956502279,71.1806666056315,52.4456314769218,0,0,0,33.5017127990723,0,0,0,0,0,11.6558828353882,0,5.64297497711054,0,0,0,0,0,77.2889644622803,0,10.0220299959183,104.563720703125,56.4440266002308,108.767795562744,19.2879074310476,0,45.043872833252,0,38.9356012579835,63.4782676696777,17.1344883612224,0,0,0,0,0,0,0,10.8919368782769,0,35.1197204589844,0,43.0224990844727,0,0,20.0620594699054,0,29.0843111673991,0,0,0,58.2444229125977,0,8.1596269759346,0,0,0,0,0,0,0,60.9445734251888,100.008972167969,7.11730934883232,40.2022691994659,35.361559232076,26.6886551752003,0,21.1409353866577
0,0,0,0,0,0,0,0,0,0,0,0,0,0,0,0,0,0,86.6071166992188,0,0,0,0,0,0,0,0,0,0,0,0,7.35465284293661,4.32602822780609,8.40653747136776,0,5.54913759379884,0,0,0,0,0,56.2765884399414,0,0,0,0,0,7.01813839709908,0,11.0384356975555,0,0,0,0,0,0,0,0,0,0,0,0,0,0,0,0,0,0,0,0,0,0,0,0,0,0,6.09442253918529,0,5.64202631126951,17.8955078125,14.2061986923218,0,6.46438019540575,0,45.178596496582,0,0
0,0,0,0,0,0,0,0,0,0,0,0,0,0,0,0,0,0,0,0,0,0,0,0,0,0,0,0,0,0,0,0,5.3573917774865,0,7.76671289990091,0,7.75494612193277,0,0,0,0,0,39.0874481201172,0,0,0,0,6.85154607757848,0,0,0,0,0,0,0,0,0,0,0,0,0,0,0,0,0,0,0,0,0,0,0,0,0,0,0,0,0,8.08858383777095,0,7.15208573355614,0,0,4.23038849097032,0,0,0,0
0,0,0,0,0,0,0,0,0,0,0,0,0,0,0,0,0,0,0,0,0,0,0,0,0,0,0,0,0,0,0,8.21517660482874,0,4.94358284439397,4.03373547438737,19.3506819407145,0,3.78855959574381,0,0,0,0,0,0,0,77.6897354125977,0,6.58392268845013,0,0,0,0,0,0,0,0,0,0,0,0,0,0,0,0,0,0,0,0,0,0,0,0,0,0,6.09442253918529,0,0,8.01713720957438,10.2763172532782,0,6.00370231204563,0,5.53501355222293,0,42.4857883453369,57.814094543457,0
0,0,0,0,0,0,0,0,0,0,0,0,0,0,0,0,0,0,0,0,0,0,0,0,0,0,0,0,0,0,0,0,9.54945380006518,4.91446623802185,5.13423056242909,0,9.02621449798834,0,5.94029104866292,0,14.8537693023682,0,36.4962882995605,0,40.109016418457,0,33.0049934387207,5.65063324942565,5.53512666622798,0,0,0,0,0,0,0,54.1886825561523,0,0,0,0,0,0,25.9212083816528,0,0,0,0,0,0,0,0,0,0,0,8.08858383777095,8.01713720957438,0,14.7654275894165,8.71904551082573,0,5.27801922972663,5.76963917165995,0,0,0,0
0,47.0981382751465,0,63.3708763122559,0,20.3758203029633,0,0,0,26.115031560262,0,49.6810836791992,0,0,0,0,78.8766204833984,85.677508015278,59.9465376955049,6.78910712599754,0,0,0,0,0,0,0,0,0,0,0,5.18827594354235,0,5.85805760122115,33.3790977795919,6.78696184863093,4.94150623802311,13.1521856101711,0,25.5635477806392,101.557004928589,38.9086748847617,77.1095535971902,42.3195593970163,54.6187599182129,23.480602757542,84.5586967468262,12.4146115726406,16.8252906799316,17.5225169620514,0,19.0787969404651,0,0,0,0,0,42.4068873629851,0,75.131280263265,0,0,10.710834685767,0,0,0,0,0,0,0,67.022190729777,129.196853637695,62.9086181460403,0,5.64202631126951,0,10.2763172532782,14.7654275894165,0,23.8181553416782,15.8068700351651,109.791708628337,13.8541727189505,11.6630592774809,32.7931431336909,44.6137266159058,75.0272979736328
