0,0,4.4817362777118,0,0,0,0,0,5.84050821938685,0,0,0,0,0,0,0,0,0,7.46274838080773,0,0,0,0,0,0,0,0,0,0,0,0,0,0,0,0,0,0,0,0,0,0,0,3.67969441413879,0,0,0,0,0,8.32282144442583,0,0,0,0,0,7.36276586850484,0,0,0,0,0,0,0,0,0,0,0,0,0,0,0,0,0,0,0,0,0,0,0,0,0,0,0,5.7505324409854,0,5.38386373372041,0,0
0,0,0,3.86668436339027,0,0,0,0,0,5.53809276140856,0,0,0,0,0,3.02078539749672,0,34.9537544250488,0,0,0,0,0,0,0,31.9599914550781,0,0,0,0,0,0,0,0,0,0,0,0,0,0,0,12.5618906021118,0,0,0,0,0,0,0,3.31121116915057,0,0,0,0,0,4.72672833183597,0,0,0,0,0,3.70981089274089,0,0,0,0,0,0,0,0,0,0,0,0,0,0,0,0,0,0,0,0,5.37215305616458,13.8537902832031,6.37937936029936,9.62371301651001,0
4.4817362777118,0,0,0,0,0,0,0,2.86152024830089,0,33.303497950236,0,0,0,0,0,64.2127075195312,0,0,0,27.8611640930176,0,0,0,0,0,0,0,0,0,0,0,50.1101188659668,0,53.7294998168945,0,54.3758149147034,0,39.5308418273926,0,53.6363722483317,0,37.9785559517997,0,0,0,14.7900712987318,48.3268367004395,31.3226252043689,0,3.7959885597229,0,0,0,0,0,28.3062560558319,0,0,0,0,0,0,28.6617705225945,0,0,0,0,0,0,0,0,0,36.2393407821655,0,54.1697082519531,0,0,0,47.0947108730193,0,40.2975053787231,15.6885446310043,0,6.4124388254736,0,0
0,3.86668436339027,0,0,0,6.66639259955611,0,0,0,2.95538232543252,0,30.2929878234863,0,0,0,9.01542168855667,0,0,0,0,0,0,0,0,0,0,0,0,0,0,0,0,0,52.7735939025879,0,61.8993266296387,30.6648551940918,36.4779167175293,0,42.4761443138123,0,34.7653094626762,0,0,0,20.6351953535965,0,46.513843536377,37.8987083435059,8.50073104164227,0,4.81411627547382,0,0,0,3.22078215158903,0,5.91641293401304,0,5.18857501506805,0,8.06257842137263,8.94817807124211,0,0,0,0,0,0,0,0,0,37.2845628261566,0,0,0,0,0,52.7814201914936,0,42.679700088501,0,62.9451144291804,0,6.2583242987023,35.3884544372559,0
0,0,0,0,0,0,0,0,3.16412796797576,0,34.4165229797363,0,0,0,0,0,0,0,0,0,4.45544112187165,0,0,0,0,0,0,0,0,0,0,0,51.9881202697754,0,54.8329593113491,0,38.5566364635121,0,0,0,45.5075747172038,79.5242233276367,42.6584173838298,0,0,0,17.7395408630371,50.8385835820978,44.1399898529053,0,3.01103901863098,0,0,0,3.30327144913051,0,33.894889831543,0,0,0,0,0,0,9.89352709193562,0,0,0,0,0,0,0,0,0,37.2647438049316,0,55.9783706665039,0,61.159854888916,0,46.5463248222105,0,53.8877894083659,6.77857844829559,0,6.72794922850882,0,0
0,0,0,6.66639259955611,0,0,0,3.77666852209303,0,4.33660743917738,0,0,0,0,0,0,0,0,0,2.96502685546875,0,0,0,0,0,0,0,0,0,0,0,54.9112510681152,0,0,0,63.1102712294635,0,0,0,53.5214691162109,0,0,0,0,0,24.2482582556235,0,51.0355847676595,0,48.5988454818726,0,3.27226739227772,0,3.34725555296867,0,3.21509919280098,0,0,0,0,0,0,9.97845005989075,0,0,0,0,0,0,0,0,0,42.4663200378418,0,0,0,0,0,55.3804072003032,89.8881988525391,47.5484809875488,0,17.0053455167347,3.81079959869385,7.03776127463173,0,0
0,0,0,0,0,0,0,0,0,0,0,0,0,0,0,0,0,0,0,0,0,0,0,0,0,0,0,0,0,0,0,0,0,0,0,0,0,0,0,0,0,0,0,0,0,0,0,0,0,0,0,0,2.88001678971683,0,0,0,0,0,0,0,0,0,0,0,0,0,0,0,0,0,0,0,0,0,0,0,0,0,0,0,0,0,3.06291455030441,0,0,0,0
0,0,0,0,0,3.77666852209303,0,0,0,0,0,4.28919022323112,0,0,0,0,0,0,0,7.18656468391418,0,0,0,0,0,0,0,0,0,0,0,0,0,0,0,0,0,0,0,0,0,0,0,0,0,0,0,0,0,0,0,3.30959292215722,0,3.03982240870848,0,0,0,6.12385034561157,0,0,0,0,0,0,0,0,0,0,0,0,0,0,0,0,0,0,0,0,0,0,0,0,4.24124892130494,0,0,0,0
5.84050821938685,0,2.86152024830089,0,3.16412796797576,0,0,0,0,52.2235891819,0,0,0,0,11.7904993933301,78.7869300842285,20.2759577285663,48.1299137094969,22.6667057845393,0,0,0,28.3133299133994,37.2249908447266,17.9445306115098,53.2504437764486,24.5223127647682,0,0,0,0,0,0,0,0,0,0,0,7.58458646138509,0,65.3688672383626,0,4.84266185293011,0,0,0,0,0,8.22830051725561,0,0,0,0,0,5.93421796491558,51.9948329925537,0,0,0,0,9.51030243731834,58.1191205978394,0,85.6058654785156,0,27.3770937919617,0,18.5674306432107,56.1823787689209,23.7032393555143,0,0,0,0,0,0,0,0,104.00954246521,74.94362449646,0,53.9968681335449,18.2051822457995,0,7.07769007086754,0,4.19585187094552
0,5.53809276140856,0,2.95538232543252,0,4.33660743917738,0,0,52.2235891819,0,0,0,0,20.2391376495361,41.1470260620117,7.02869836119718,48.8607986113604,23.7415965815232,16.4802449805827,0,0,32.8805980682373,0,9.98784991271957,38.0863240559896,15.1085445155874,53.3246192932129,25.5766957600911,0,0,0,0,0,0,0,84.7870585123698,87.7972412109375,12.7104242245356,0,64.1773414611816,0,28.9565633932749,0,0,0,47.715202331543,0,0,0,6.18020294262813,0,0,0,0,44.0523370107015,5.24866779374435,0,0,0,0,0,6.74332969529288,0,0,0,0,5.85836254939055,43.5959815979004,12.4647098742809,62.3335037231445,0,0,0,0,0,0,0,0,77.9765256245931,88.2665939331055,12.0514430999756,0,10.3742063169424,10.9209165710669,16.1408237086402,2.85161554813385,0
0,0,33.303497950236,0,34.4165229797363,0,0,0,0,0,0,0,0,0,0,0,0,0,36.5692584991455,0,4.28799450191958,0,0,0,0,0,0,0,0,0,5.23949816952581,0,59.8069877624512,0,0,0,60.175772190094,0,4.03859068920363,0,48.5307445526123,0,21.4298976421356,0,0,0,23.1016528384286,59.1465015411377,42.3462696075439,0,0,0,0,0,0,0,3.83662222904764,0,0,0,0,0,0,10.2614785169217,0,0,0,0,0,0,0,0,0,5.28960745675223,0,0,0,0,76.3415298461914,53.1979715874855,0,5.8204660279964,29.2034989992778,0,24.6668020486832,0,17.9936513900757
0,0,0,30.2929878234863,0,0,0,4.28919022323112,0,0,0,0,0,4.29817450046539,0,0,0,0,0,4.08894810411665,0,0,0,0,0,0,0,0,0,7.31604913471228,0,0,0,0,0,73.562442779541,45.1331405639648,5.08718203362964,0,0,0,18.9217729568481,0,22.1660671234131,0,16.9866009681456,0,0,0,0,0,0,0,4.70754904034494,0,0,0,6.66016331084746,0,3.59048263231913,0,0,11.1259614405809,0,0,0,0,0,0,0,0,0,9.46614788436469,0,0,0,0,0,44.6434108189174,0,10.8028692525095,0,4.14014310773072,0,12.265937699212,0,0
0,0,0,0,0,0,0,0,0,0,0,0,0,0,0,0,0,0,0,0,0,0,0,0,0,0,0,0,0,0,0,0,0,0,0,0,0,0,0,0,0,0,0,0,0,0,0,0,0,0,0,0,0,0,0,0,0,0,0,0,0,0,0,0,0,0,0,0,0,0,0,0,0,0,0,0,0,0,0,0,0,0,0,0,0,0,0
0,0,0,0,0,0,0,0,0,20.2391376495361,0,4.29817450046539,0,0,0,5.36697862148285,61.1120376586914,10.2378462644724,0,0,0,0,0,0,0,8.3729755228216,0,4.0029031351993,0,0,0,0,0,0,0,0,0,0,0,0,0,0,0,0,0,0,0,0,0,0,0,4.60848768552144,0,4.6455401579539,0,0,0,3.7260759802007,0,3.27672430321022,0,4.82173523902893,0,0,0,0,0,0,6.99018335342407,0,7.47039433626028,0,4.30351645605905,0,0,0,0,0,0,0,0,0,4.69497439559077,4.77833398552828,0,0,0
0,0,0,0,0,0,0,0,11.7904993933301,41.1470260620117,0,0,0,0,0,0,10.0135496020606,40.1361798825471,25.9466497421265,0,0,0,22.5542081197103,29.7752717336019,20.4005034951603,48.8210995992025,11.7546175661541,0,2.83326590061188,0,0,0,0,0,0,0,0,0,0,0,0,0,29.0042629241943,0,0,0,0,0,0,0,0,0,0,0,11.0021127027624,0,0,0,0,0,5.10815734741015,0,0,0,0,20.0483125050863,0,16.4631756146749,36.9202308654785,14.9261766985843,0,0,0,0,0,0,0,0,0,70.3997497558594,0,54.7840232849121,15.038107778877,0,0,0,0
0,3.02078539749672,0,9.01542168855667,0,0,0,0,78.7869300842285,7.02869836119718,0,0,0,5.36697862148285,0,0,50.8491274515788,14.8502400721678,28.3506201982498,0,0,29.8818576335907,0,15.5813945607936,33.5395927429199,11.1922877698574,0,11.0702529815917,0,0,0,0,0,0,0,0,0,0,0,62.1508140563965,0,62.4775543212891,0,0,0,0,0,0,0,5.87808905329023,0,0,0,0,56.4956207275391,6.74679575415806,0,7.36855989694595,0,4.80109581947327,0,5.66876238981883,0,0,29.090841293335,0,11.9832245409489,33.9374542236328,12.5822871258384,74.8047637939453,10.9456579208374,0,0,0,0,0,0,0,79.1713612874349,0,0,0,13.7030541271183,6.83780760765076,0,51.4774169921875,0
0,0,64.2127075195312,0,0,0,0,0,20.2759577285663,48.8607986113604,0,0,0,61.1120376586914,10.0135496020606,50.8491274515788,0,23.551248197109,21.5893356230291,0,44.1042175292969,25.3808996677399,13.686814244903,32.2801243976671,18.9567310970911,36.2511071264744,10.3658795434166,61.0349203745524,4.12388905882835,0,0,0,0,0,0,103.863349327674,82.1949844360352,0,60.922251701355,71.3101958719889,61.1997061041722,59.3494257846121,42.8260703381804,49.5734952290853,36.3030598251908,69.1496216910226,58.4325738271077,76.1874816894531,57.6196025666736,90.2656860351562,0,0,0,0,22.3603089447563,49.2015075683594,52.5616705758231,97.685432434082,0,0,10.4901573582167,44.8383207775298,84.7487884521484,65.8837133356043,43.0009412765503,19.0161094391089,38.1708450317383,18.0117937125613,37.5601489203317,12.9898222408124,36.1121711730957,0,86.7482299804688,0,0,0,0,0,81.1611704508464,73.1813606695617,79.811757405599,61.1686840852102,18.6734986685184,9.39763907790184,56.6845292904107,59.1094098091125,38.1248290020487
0,34.9537544250488,0,0,0,0,0,0,48.1299137094969,23.7415965815232,0,0,0,10.2378462644724,40.1361798825471,14.8502400721678,23.551248197109,0,23.3113385486804,0,85.5326690673828,8.19890635478787,27.3119829495748,21.0092788346532,34.1020082517435,11.0956617785435,39.1365896984211,9.07103437701313,0,0,0,0,0,0,71.8568954467773,95.0784643888474,104.769591983996,0,99.343635559082,68.9527150277168,79.8004334246526,51.705987520307,60.0722000857434,42.4987932840983,49.0336852073669,59.6897461149428,64.2121256048029,66.494204044342,86.2947189331055,61.3326437062231,0,0,0,0,44.7125610896519,23.3140436670634,0,0,0,0,41.8857333534642,18.2181692429491,75.7139831991757,80.1151006062826,8.62279288312222,39.5978317260742,21.5567815701167,34.7245616912842,14.1640038306568,40.033890268077,11.1301549911499,0,62.7545776367188,60.093376159668,0,0,0,0,78.0531496410056,89.7251278326763,70.2650589190031,86.1723229192918,16.2865499057443,8.40323412789239,62.0304466324236,50.4105175816736,58.6194886427659
7.46274838080773,0,0,0,0,0,0,0,22.6667057845393,16.4802449805827,36.5692584991455,0,0,0,25.9466497421265,28.3506201982498,21.5893356230291,23.3113385486804,0,0,46.7421279907227,34.7946586608887,41.1319610277812,28.323138053894,36.745587796581,31.4299413309259,30.4885085650853,30.4789878845215,0,0,60.9322700500488,0,0,63.2983474731445,51.7862390790667,76.1675222355084,74.180206747616,68.5783233642578,48.0736480712891,52.6658895241035,53.6477053510568,34.1795797194922,34.9341043796007,10.1029381876561,18.7694285008017,39.7692221542457,33.0480707490536,46.2466501497134,55.8325628343519,48.2618379592896,0,0,0,0,19.8742443902152,25.3651356446116,46.1430622736613,76.1947784423828,0,0,28.0585978296068,26.6956699689229,63.4495868417952,56.8215069050412,34.1468925476074,41.8183031082153,15.2712616920471,37.5994408607483,28.1978798992229,25.6882453354038,39.6453495025635,0,49.1274007161458,45.9016658782959,0,0,0,0,60.9705044343192,62.9217911557159,53.6570950667063,54.5127107435386,18.6250966089783,65.4334087371826,36.2644917865056,28.0424811697006,26.5865491656896
0,0,0,0,0,2.96502685546875,0,7.18656468391418,0,0,0,4.08894810411665,0,0,0,0,0,0,0,0,0,0,0,29.8443870544434,0,0,0,0,0,11.4017162476816,0,0,0,0,0,11.7522762157023,31.4753017425537,6.41885532232431,0,0,0,0,0,0,0,9.57573127746582,0,0,0,21.2016448974609,0,0,0,0,0,0,0,5.37439578526641,0,0,0,0,5.43560611559719,0,0,0,0,0,0,0,26.8695487976074,0,11.889773171881,0,0,0,0,0,10.0342061766795,0,11.5377043074136,0,3.36164451353621,0,9.22159719467163,0,0
0,0,27.8611640930176,0,4.45544112187165,0,0,0,0,0,4.28799450191958,0,0,0,0,0,44.1042175292969,85.5326690673828,46.7421279907227,0,0,0,0,0,0,0,0,0,0,0,12.2986564380782,0,56.1712017059326,0,60.1227607727051,0,10.6311830807917,0,3.49839141255333,0,50.6222057342529,0,28.4490282535553,0,19.651112874349,0,18.0633897803971,55.1324166517991,49.3623082778033,0,0,0,0,0,0,0,5.32738519906998,0,0,0,0,0,0,6.02488559436135,0,0,0,0,0,0,0,0,0,7.53430550098419,0,0,0,0,94.9286918640137,11.267192659215,111.160331726074,5.50786254189231,6.19829138120015,0,12.4978569490569,0,17.6745237112045
0,0,0,0,0,0,0,0,0,32.8805980682373,0,0,0,0,0,29.8818576335907,25.3808996677399,8.19890635478787,34.7946586608887,0,0,0,3.99592232358628,6.81590496063232,0,6.12866481626877,29.29075050354,3.65300361315409,0,0,0,0,0,0,0,0,0,7.73705165532754,0,0,0,38.6998863220215,0,0,0,35.0693168640137,0,0,0,7.28866007205271,0,0,0,0,0,37.9955062866211,0,26.4963388442993,0,0,0,29.5780506134033,35.4223643711635,0,5.28904702339864,0,3.24103875387283,0,5.09519741911637,0,12.6728165226598,0,14.9074851353963,0,0,0,19.5258331298828,0,0,0,8.3721821412034,0,5.18373441033893,3.8045654296875,26.0693848133087,0,0
0,0,0,0,0,0,0,0,28.3133299133994,0,0,0,0,0,22.5542081197103,0,13.686814244903,27.3119829495748,41.1319610277812,0,0,3.99592232358628,0,21.5936365127563,6.52687014420827,38.4449987411499,11.2469774535005,0,4.15828223228455,0,0,0,0,0,0,0,0,0,5.16360581893447,0,0,0,0,0,0,0,0,0,6.81752255984715,0,0,0,0,0,30.5749276479085,68.8994979858398,0,0,0,0,22.7952958887274,61.4667339324951,0,0,0,5.2931949291211,0,4.3612469804698,0,11.7794462839762,0,7.16416173270254,0,0,0,0,0,0,0,0,0,6.92635015802285,6.82575892793235,8.04408979415894,70.1392059326172,0,54.1008377075195
0,0,0,0,0,0,0,0,37.2249908447266,9.98784991271957,0,0,0,0,29.7752717336019,15.5813945607936,32.2801243976671,21.0092788346532,28.323138053894,29.8443870544434,0,6.81590496063232,21.5936365127563,0,21.2255360398974,6.7092777799374,36.6252558571952,30.9709904988607,0,0,0,0,0,0,0,0,0,5.37395264885642,0,92.0392939249675,0,14.6830168151855,77.4735412597656,0,0,0,0,16.0107460021973,0,6.86622731825885,0,0,0,0,42.2374970572335,16.5407872773983,0,25.7194341312755,0,0,40.5246938069661,23.5368553267585,0,0,0,0,3.31711484298075,21.6698717541165,6.5380055325132,40.8628873825073,17.7484167762425,0,0,0,0,0,0,0,86.2488784790039,92.6545969645182,4.85767650604248,79.352783203125,11.1550103711921,13.833074092865,15.7815819382668,0,0
0,0,0,0,0,0,0,0,17.9445306115098,38.0863240559896,0,0,0,0,20.4005034951603,33.5395927429199,18.9567310970911,34.1020082517435,36.745587796581,0,0,0,6.52687014420827,21.2255360398974,0,34.0409769058228,12.1433943083527,0,0,0,0,0,0,0,0,0,0,0,4.22092405215714,77.2261505126953,0,0,2.74357938766479,0,0,0,0,0,6.36887756983439,0,0,0,0,0,17.7710752780621,44.6169624328613,0,0,0,0,21.0346237564087,38.7763710021973,0,0,0,16.2355264027913,0,4.05206812294042,34.2312126159668,16.8813038706779,0,0,0,0,0,0,0,0,99.6631164550781,93.4747604370117,0,3.43285097394671,11.6273700684782,0,5.43705688520919,0,59.6077499389648
0,31.9599914550781,0,0,0,0,0,0,53.2504437764486,15.1085445155874,0,0,0,8.3729755228216,48.8210995992025,11.1922877698574,36.2511071264744,11.0956617785435,31.4299413309259,0,0,6.12866481626877,38.4449987411499,6.7092777799374,34.0409769058228,0,38.6095975240072,5.73600444895156,0,0,0,0,0,0,0,0,0,0,0,0,0,74.9200592041016,59.603931427002,0,0,82.0957641601562,0,0,0,0,0,0,0,0,47.9729270935059,24.105292338951,0,0,0,0,47.4102719624837,12.1484917856806,0,0,3.67681314025009,0,5.40446977412447,43.7589054107666,5.62395839556367,40.5914141337077,6.35723115673548,0,0,0,0,0,0,0,90.5925674438477,0,0,0,13.2356849594496,21.1752230780465,72.8903770446777,0,0
0,0,0,0,0,0,0,0,24.5223127647682,53.3246192932129,0,0,0,0,11.7546175661541,0,10.3658795434166,39.1365896984211,30.4885085650853,0,0,29.29075050354,11.2469774535005,36.6252558571952,12.1433943083527,38.6095975240072,0,0,0,0,0,0,0,0,0,0,0,0,0,0,0,0,45.5418453216553,0,0,0,0,0,0,0,0,0,0,0,26.2045046942575,0,0,0,0,0,8.89056643341364,0,0,0,0,10.3074722043399,0,8.12767130919177,35.5429573059082,6.00871063939044,0,0,0,0,0,0,0,0,95.7058944702148,69.5501842498779,0,0,15.3240664932865,19.4125995635986,0,0,0
0,0,0,0,0,0,0,0,0,25.5766957600911,0,0,0,4.0029031351993,0,11.0702529815917,61.0349203745524,9.07103437701313,30.4789878845215,0,0,3.65300361315409,0,30.9709904988607,0,5.73600444895156,0,0,0,3.06293475627899,0,0,0,0,0,0,0,0,0,0,0,73.2627868652344,0,0,0,0,0,0,0,0,0,0,0,0,0,22.1361446380615,0,3.29446747303009,0,0,0,14.663104613622,85.4131164550781,0,4.78708206690275,0,0,0,7.12436697773817,0,4.33953527554793,0,3.70066305545911,0,0,0,0,0,0,0,6.31307602943258,0,7.59640290645453,14.1410539627075,0,0,0
0,0,0,0,0,0,0,0,0,0,0,0,0,0,2.83326590061188,0,4.12388905882835,0,0,0,0,0,4.15828223228455,0,0,0,0,0,0,0,0,0,0,0,0,0,0,0,3.26732716889217,0,0,0,0,0,0,0,0,0,4.00069400668144,0,0,0,0,0,0,0,0,0,0,0,0,0,0,0,0,2.84104597568512,0,0,0,3.08065094266619,0,3.86033683487132,0,4.38824339140029,0,0,0,0,0,0,0,4.86005453544088,4.30895560979843,0,0,0,0
0,0,0,0,0,0,0,0,0,0,0,7.31604913471228,0,0,0,0,0,0,0,11.4017162476816,0,0,0,0,0,0,0,3.06293475627899,0,0,0,0,0,0,0,0,53.026725769043,5.22438347282999,0,0,0,25.7470337549845,0,26.8445491790771,0,25.7996686238509,0,69.064582824707,0,61.5528678894043,0,0,0,0,0,0,0,6.18976077437401,0,0,0,0,18.1048098095393,0,0,0,0,0,0,0,0,0,4.47580948330107,0,0,0,0,0,53.1495536804199,0,5.37371109636038,0,47.8137877782186,0,38.9769795735677,24.2264474232992,0
0,0,0,0,0,0,0,0,0,0,5.23949816952581,0,0,0,0,0,0,0,60.9322700500488,0,12.2986564380782,0,0,0,0,0,0,0,0,0,0,0,0,0,73.9076080322266,0,62.9443244934082,0,4.69104490355047,0,53.7254791259766,0,25.1913032531738,0,0,0,27.9805029392242,0,61.9475809733073,0,0,0,0,0,0,0,4.2496383748613,0,0,0,0,0,0,15.8239109516144,0,0,0,0,0,0,0,0,0,4.66959771795093,0,0,0,0,0,57.1758783780611,0,4.47327298841615,6.0835369386171,0,24.2705035890852,0,0
0,0,0,0,0,54.9112510681152,0,0,0,0,0,0,0,0,0,0,0,0,0,0,0,0,0,0,0,0,0,0,0,0,0,0,7.4136771744606,7.35733228354227,6.09827649593353,13.4003671010335,7.65548112551371,0,0,26.6927189297146,0,29.5421810150146,0,0,0,39.0795421600342,0,6.16248223819631,13.8856067657471,22.5469950871034,0,0,0,0,0,0,82.5095291137695,0,0,0,0,0,46.9190464019775,0,0,0,0,0,0,0,0,0,0,0,7.59969996938447,7.16426058941164,8.35992146920467,6.41767501831055,8.83695380268346,14.6755001270666,73.8311920166016,0,4.41354767135952,0,42.8442681052468,0,0
0,0,50.1101188659668,0,51.9881202697754,0,0,0,0,0,59.8069877624512,0,0,0,0,0,0,0,0,0,56.1712017059326,0,0,0,0,0,0,0,0,0,0,7.4136771744606,0,7.06744666397572,8.4965686602379,0,10.5358563849306,0,0,0,29.0609575907389,0,20.1448108066212,0,0,0,41.2241298675537,15.4770995527111,21.2602622826894,31.4865538279216,0,0,0,0,0,0,0,0,0,0,0,0,0,45.6591250101725,0,0,0,0,0,0,0,0,0,0,10.4005736485528,8.45240764366098,13.715738014299,12.6068155898693,14.9862747192383,12.857315849276,93.2181930541992,33.1389506203788,9.53759828453544,0,41.4659236833161,0,0
0,0,0,52.7735939025879,0,0,0,0,0,0,0,0,0,0,0,0,0,0,63.2983474731445,0,0,0,0,0,0,0,0,0,0,0,0,7.35733228354227,7.06744666397572,0,5.13896968071921,6.25374337285757,10.3904742227084,4.7620222016221,14.2475719451904,24.9056816630893,40.9247856140137,22.4959735870361,0,0,0,46.5891897201538,0,6.33264862449424,21.9375812823956,15.7697569512306,0,0,0,0,0,0,0,0,0,0,0,0,41.7104768753052,0,0,0,0,0,0,0,0,0,0,0,6.27265172534519,8.60735919377575,5.96604123016573,7.46618149152538,12.8707681401384,13.9903334617615,9.45098259473712,15.9464071642968,11.4983396348026,0,45.1800821622213,0,0
0,0,53.7294998168945,0,54.8329593113491,0,0,0,0,0,0,0,0,0,0,0,0,71.8568954467773,51.7862390790667,0,60.1227607727051,0,0,0,0,0,0,0,0,0,73.9076080322266,6.09827649593353,8.4965686602379,5.13896968071921,0,0,18.19365970917,0,3.96665215312762,0,26.5835532687959,41.0645713806152,18.1938530167132,0,38.3396530151367,0,46.4012120564779,7.24467294890781,16.2903371920069,28.1698997020721,0,0,0,0,0,0,62.919849395752,0,0,0,0,0,0,46.036727739417,0,0,0,0,0,0,0,0,0,67.1760292053223,21.8625091825213,12.5080501371725,7.9781056871692,7.43447478928889,18.4427294480173,14.8858140111858,0,9.92458037207804,7.73153580050021,0,25.887997852821,0,58.9177360534668
0,0,0,61.8993266296387,0,63.1102712294635,0,0,0,84.7870585123698,0,73.562442779541,0,0,0,0,103.863349327674,95.0784643888474,76.1675222355084,11.7522762157023,0,0,0,0,0,0,0,0,0,0,0,13.4003671010335,0,6.25374337285757,0,0,13.1331411647797,6.70630765905167,0,76.4269978124268,136.827921549479,53.943053380274,97.8735046386719,54.0065998783818,82.8621711730957,41.4825817654756,0,17.142956241302,81.04136912028,73.2044026756287,0,0,0,0,0,89.9916915893555,0,74.7170944213867,0,0,0,0,26.4754196267043,143.924697875977,0,0,0,0,0,0,0,0,77.5491663614909,0,19.6388919276576,0,6.86499095868461,0,8.95906025142021,15.6693421150076,12.8790048272521,0,9.68101453450929,7.28024504049038,46.6069509019824,48.2665323777632,0
0,0,54.3758149147034,30.6648551940918,38.5566364635121,0,0,0,0,87.7972412109375,60.175772190094,45.1331405639648,0,0,0,0,82.1949844360352,104.769591983996,74.180206747616,31.4753017425537,10.6311830807917,0,0,0,0,0,0,0,0,53.026725769043,62.9443244934082,7.65548112551371,10.5358563849306,10.3904742227084,18.19365970917,13.1331411647797,0,0,6.37126425758699,54.0711310891544,66.6569144990709,47.9190201986404,47.8749047807584,0,52.6988266706467,28.2822363578667,35.6004392671708,33.7897132115754,48.3749675626069,31.5635730519014,0,0,0,0,0,0,57.2130957893703,0,0,0,83.7210693359375,0,36.9502285851373,39.848028166134,0,0,0,0,0,81.4500579833984,57.8544921875,0,51.0594749450684,64.911284013228,14.2001953368284,12.6040185391903,16.8805978775024,15.3001319408417,51.4018998104521,8.23539859533884,54.4888299640856,7.51080436799283,8.18571646272187,7.98008427129072,40.4451305874772,64.7496566772461,47.4324196577072
0,0,0,36.4779167175293,0,0,0,0,0,12.7104242245356,0,5.08718203362964,0,0,0,0,0,0,68.5783233642578,6.41885532232431,0,7.73705165532754,0,5.37395264885642,0,0,0,0,0,5.22438347282999,0,0,0,4.7620222016221,0,6.70630765905167,0,0,3.45613186359405,57.6801872253418,0,10.9591034701662,0,24.6890233357747,0,17.7824220757735,0,4.85533167861101,0,7.64107012932746,0,0,0,0,0,0,0,6.91021526896435,0,0,0,0,16.078540802002,0,10.6824596030448,0,5.84980354706446,0,0,0,9.66891539096832,0,9.47965327431174,0,0,0,6.02570751345301,0,9.68026471257809,0,6.44720994662354,2.87953349947929,6.59145670516748,6.93272341214694,9.72870393924499,22.1581192016602,0
0,0,39.5308418273926,0,0,0,0,0,7.58458646138509,0,4.03859068920363,0,0,0,0,0,60.922251701355,99.343635559082,48.0736480712891,0,3.49839141255333,0,5.16360581893447,0,4.22092405215714,0,0,0,3.26732716889217,0,4.69104490355047,0,0,14.2475719451904,3.96665215312762,0,6.37126425758699,3.45613186359405,0,0,53.3140340532575,0,10.1024056303418,0,24.7595796585083,0,24.9664044570923,4.29541710870607,5.32936612520804,0,0,0,0,0,7.79364404678345,0,3.87375245775495,0,0,0,0,0,0,12.5273933080163,0,7.88797976374626,0,3.90612458895488,0,0,0,4.89410382509232,0,3.18013951513502,0,0,0,4.1524940485857,0,15.1485921121779,2.95566701889038,6.76293460128131,8.82736706801196,7.81468356197531,7.10955353494569,0,23.5842956542969
0,0,0,42.4761443138123,0,53.5214691162109,0,0,0,64.1773414611816,0,0,0,0,0,62.1508140563965,71.3101958719889,68.9527150277168,52.6658895241035,0,0,0,0,92.0392939249675,77.2261505126953,0,0,0,0,0,0,26.6927189297146,0,24.9056816630893,0,76.4269978124268,54.0711310891544,57.6801872253418,0,0,79.5765436612643,21.2548222373992,54.9877424801097,30.6666500297135,39.8242120742798,23.3396806795866,70.1666466849191,20.4515823049015,53.3864506312779,17.0295859992217,0,0,0,0,0,86.6316909790039,96.0367813110352,0,0,0,0,0,7.33021709939353,73.2309010823568,0,0,0,0,0,76.887336730957,0,0,58.7304901796229,0,0,0,0,0,16.5563836849011,92.03754529953,61.347549038348,75.0608558654785,35.6244834938927,0,20.4908213621414,33.8171429852255,60.0132255554199
0,0,53.6363722483317,0,45.5075747172038,0,0,0,65.3688672383626,0,48.5307445526123,0,0,0,0,0,61.1997061041722,79.8004334246526,53.6477053510568,0,50.6222057342529,0,0,0,0,0,0,0,0,0,53.7254791259766,0,29.0609575907389,40.9247856140137,26.5835532687959,136.827921549479,66.6569144990709,0,53.3140340532575,79.5765436612643,0,53.807667350769,22.2302651348486,0,28.001797436911,69.385871887207,18.2190957770628,20.6243579901182,16.320337372713,0,0,0,0,0,0,0,60.2295067310333,0,0,0,0,0,0,17.1135300414092,0,0,0,0,0,51.649845123291,0,0,0,58.9250760759626,37.111888885498,22.4609280313764,0,31.6233535766602,89.4212429340069,18.946673979545,81.2440414428711,39.7002466471299,40.4927208060933,106.967376708984,22.2044197877661,65.8429870605469,38.7056266580309
0,12.5618906021118,0,34.7653094626762,79.5242233276367,0,0,0,0,28.9565633932749,0,18.9217729568481,0,0,0,62.4775543212891,59.3494257846121,51.705987520307,34.1795797194922,0,0,38.6998863220215,0,14.6830168151855,0,74.9200592041016,0,73.2627868652344,0,25.7470337549845,0,29.5421810150146,0,22.4959735870361,41.0645713806152,53.943053380274,47.9190201986404,10.9591034701662,0,21.2548222373992,53.807667350769,0,19.3916063159704,20.3165465605628,30.9569723129272,26.342663455847,49.0094340931286,21.1140195666215,32.1511392593384,14.2613281322012,0,0,0,0,0,42.9068571726481,0,17.9849277496338,0,0,108.45792388916,46.9739608764648,19.9176137434932,76.5956977844238,0,0,12.1127483194525,0,58.1793060302734,0,31.0670377413432,0,22.4057821453831,0,0,0,15.7639904022217,27.928804397583,31.4490757068843,76.2202295575823,30.145635757614,72.6449327468872,16.4214065362502,0,15.5742501331365,10.8645073140631,42.075873374939
3.67969441413879,0,37.9785559517997,0,42.6584173838298,0,0,0,4.84266185293011,0,21.4298976421356,0,0,0,29.0042629241943,0,42.8260703381804,60.0722000857434,34.9341043796007,0,28.4490282535553,0,0,77.4735412597656,2.74357938766479,59.603931427002,45.5418453216553,0,0,0,25.1913032531738,0,20.1448108066212,0,18.1938530167132,97.8735046386719,47.8749047807584,0,10.1024056303418,54.9877424801097,22.2302651348486,19.3916063159704,0,0,21.1569746835732,91.223429997762,22.9271355447667,19.1840425084467,14.063780934073,33.2488913285105,0,0,0,0,3.75207487742106,0,17.6038194803091,0,0,0,62.4428911209106,70.8410339355469,79.3991521199544,21.5137388437808,0,0,0,2.74165606498718,0,38.2182774977251,0,0,0,21.1977276517384,0,0,0,18.3513399168502,84.4993166242327,33.741364286286,72.0054991585868,26.1875617066208,16.6651824693551,50.967170715332,12.4792045227971,47.5918606652154,8.64993645433313
0,0,0,0,0,0,0,0,0,0,0,22.1660671234131,0,0,0,0,49.5734952290853,42.4987932840983,10.1029381876561,0,0,0,0,0,0,0,0,0,0,26.8445491790771,0,0,0,0,0,54.0065998783818,0,24.6890233357747,0,30.6666500297135,0,20.3165465605628,0,0,0,20.3413061036004,0,28.8775915418352,0,29.639800158414,0,0,0,0,0,0,0,22.5316023826599,0,0,0,0,35.8290452957153,0,0,0,0,0,0,0,0,0,26.1032857259115,0,0,0,0,0,41.8840779736968,0,30.2608038636935,0,39.1926601046608,0,23.0537661661076,19.8881340026855,0
0,0,0,0,0,0,0,0,0,0,0,0,0,0,0,0,36.3030598251908,49.0336852073669,18.7694285008017,0,19.651112874349,0,0,0,0,0,0,0,0,0,0,0,0,0,38.3396530151367,82.8621711730957,52.6988266706467,0,24.7595796585083,39.8242120742798,28.001797436911,30.9569723129272,21.1569746835732,0,0,80.3003540039062,20.4404099328177,30.8951808929443,34.95419104894,0,0,0,0,0,0,0,21.4397075653076,0,0,0,0,0,0,31.3147560225593,0,0,0,0,0,0,0,0,0,26.5568008422852,0,0,0,0,72.5649903037331,40.6840864985276,0,30.162150476037,41.7494737908647,0,18.6272192062738,0,18.1605606079102
0,0,0,20.6351953535965,0,24.2482582556235,0,0,0,47.715202331543,0,16.9866009681456,0,0,0,0,69.1496216910226,59.6897461149428,39.7692221542457,9.57573127746582,0,35.0693168640137,0,0,0,82.0957641601562,0,0,0,25.7996686238509,0,39.0795421600342,0,46.5891897201538,0,41.4825817654756,28.2822363578667,17.7824220757735,0,23.3396806795866,69.385871887207,26.342663455847,91.223429997762,20.3413061036004,80.3003540039062,0,0,38.8805251802717,37.9461771647135,31.7647014644048,0,0,0,0,0,0,0,18.833554979781,0,0,0,0,11.2239077875109,68.9634170532227,0,0,0,0,0,0,37.4387233958525,0,27.1508909372773,0,45.9577289157444,0,52.0166762669881,0,32.6232470412205,89.0918604532878,26.7532562647237,0,38.784723355484,0,18.3157654512303,21.1133110943963,0
0,0,14.7900712987318,0,17.7395408630371,0,0,0,0,0,23.1016528384286,0,0,0,0,0,58.4325738271077,64.2121256048029,33.0480707490536,0,18.0633897803971,0,0,0,0,0,0,0,0,0,27.9805029392242,0,41.2241298675537,0,46.4012120564779,0,35.6004392671708,0,24.9664044570923,70.1666466849191,18.2190957770628,49.0094340931286,22.9271355447667,0,20.4404099328177,0,0,40.1183979308228,33.8874484117981,0,0,0,0,0,0,0,23.5549716529606,0,0,0,0,0,120.952514648438,14.1154622486387,0,0,0,0,0,0,0,0,72.9910202026367,27.171987398811,0,46.1659948175604,0,52.0595752171108,77.813104417589,25.2718778033247,0,32.4432811329314,25.8269060741771,0,13.8228590765591,0,18.3758401286845
0,0,48.3268367004395,46.513843536377,50.8385835820978,51.0355847676595,0,0,0,0,59.1465015411377,0,0,0,0,0,76.1874816894531,66.494204044342,46.2466501497134,0,55.1324166517991,0,0,16.0107460021973,0,0,0,0,0,69.064582824707,0,6.16248223819631,15.4770995527111,6.33264862449424,7.24467294890781,17.142956241302,33.7897132115754,4.85533167861101,4.29541710870607,20.4515823049015,20.6243579901182,21.1140195666215,19.1840425084467,28.8775915418352,30.8951808929443,38.8805251802717,40.1183979308228,0,10.6784072389188,12.2322195338943,0,0,0,0,0,0,57.7509414672852,58.8400179545085,0,0,0,0,40.7115168545416,44.0562150064649,0,0,0,0,0,0,0,0,63.9179697036743,60.9503568013509,11.7188558219534,7.38040576761419,9.74026268904026,9.74939559170989,25.2524809287984,16.4005907797402,67.0006149665459,14.2438223235599,24.1278742633074,0,28.6679775881665,33.2721654176712,46.688111441476
8.32282144442583,0,31.3226252043689,37.8987083435059,44.1399898529053,0,0,0,8.22830051725561,0,42.3462696075439,0,0,0,0,0,57.6196025666736,86.2947189331055,55.8325628343519,0,49.3623082778033,0,6.81752255984715,0,6.36887756983439,0,0,0,4.00069400668144,0,61.9475809733073,13.8856067657471,21.2602622826894,21.9375812823956,16.2903371920069,81.04136912028,48.3749675626069,0,5.32936612520804,53.3864506312779,16.320337372713,32.1511392593384,14.063780934073,0,34.95419104894,37.9461771647135,33.8874484117981,10.6784072389188,0,25.8755514213017,0,0,0,0,3.07931312874182,0,40.0326403833571,0,0,0,0,0,39.156597054523,35.6334969544037,0,4.39373734068973,0,16.6181259155273,0,0,0,3.6480566628774,57.2165699005127,36.3531666535598,0,9.41132343256915,32.5230373220241,8.42858478682382,56.5206438782927,26.2269414883516,71.6338556463068,6.72782176661204,15.735184922369,0,15.0022725721862,41.7925338745117,25.1907655398051
0,3.31121116915057,0,8.50073104164227,0,48.5988454818726,0,0,0,6.18020294262813,0,0,0,0,0,5.87808905329023,90.2656860351562,61.3326437062231,48.2618379592896,21.2016448974609,0,7.28866007205271,0,6.86622731825885,0,0,0,0,0,61.5528678894043,0,22.5469950871034,31.4865538279216,15.7697569512306,28.1698997020721,73.2044026756287,31.5635730519014,7.64107012932746,0,17.0295859992217,0,14.2613281322012,33.2488913285105,29.639800158414,0,31.7647014644048,0,12.2322195338943,25.8755514213017,0,0,0,0,0,0,3.3138272916117,0,12.4567566523172,0,10.551362991333,0,11.0461840629578,31.3589366163526,0,8.40234355644668,0,5.98628008148887,0,5.67755101621151,0,8.54184530702646,0,18.5620179442335,0,20.0231189727783,30.2740597724915,21.0573902130127,28.986607536437,27.2716098704382,79.162281036377,12.3289628762666,31.9696956634521,19.4852954394349,0,16.1648322538161,29.6462465741418,0
0,0,3.7959885597229,0,3.01103901863098,0,0,0,0,0,0,0,0,0,0,0,0,0,0,0,0,0,0,0,0,0,0,0,0,0,0,0,0,0,0,0,0,0,0,0,0,0,0,0,0,0,0,0,0,0,0,0,0,0,0,0,2.8602922296524,0,0,0,0,0,0,7.05505128340288,0,0,0,0,0,0,0,0,0,0,0,0,0,0,0,0,0,0,0,0,5.82445561559233,0,0
0,0,0,4.81411627547382,0,3.27226739227772,0,3.30959292215722,0,0,0,0,0,4.60848768552144,0,0,0,0,0,0,0,0,0,0,0,0,0,0,0,0,0,0,0,0,0,0,0,0,0,0,0,0,0,0,0,0,0,0,0,0,0,0,0,3.12439913039512,0,4.0146324634552,0,0,0,4.49162837437221,0,0,0,0,0,0,0,0,0,0,0,0,0,0,0,0,0,0,0,0,0,0,3.59030437469482,0,8.98560766379038,0,0
0,0,0,0,0,0,2.88001678971683,0,0,0,0,0,0,0,0,0,0,0,0,0,0,0,0,0,0,0,0,0,0,0,0,0,0,0,0,0,0,0,0,0,0,0,0,0,0,0,0,0,0,0,0,0,0,0,0,0,0,0,0,0,0,0,0,0,0,0,0,0,0,0,0,0,0,0,0,0,0,0,0,0,0,0,0,0,0,0,0
0,0,0,0,0,3.34725555296867,0,3.03982240870848,0,0,0,4.70754904034494,0,4.6455401579539,0,0,0,0,0,0,0,0,0,0,0,0,0,0,0,0,0,0,0,0,0,0,0,0,0,0,0,0,0,0,0,0,0,0,0,0,0,3.12439913039512,0,0,0,0,0,5.54484534263611,0,3.89386180468968,0,0,0,0,0,0,0,0,0,0,0,0,0,0,0,0,0,0,0,0,0,0,3.513179063797,0,0,0,0
7.36276586850484,0,0,0,3.30327144913051,0,0,0,5.93421796491558,44.0523370107015,0,0,0,0,11.0021127027624,56.4956207275391,22.3603089447563,44.7125610896519,19.8742443902152,0,0,0,30.5749276479085,42.2374970572335,17.7710752780621,47.9729270935059,26.2045046942575,0,0,0,0,0,0,0,0,0,0,0,7.79364404678345,0,0,0,3.75207487742106,0,0,0,0,0,3.07931312874182,0,0,0,0,0,0,0,0,0,0,0,13.6099842495388,71.8955154418945,0,0,0,26.4939136505127,0,19.2690869300596,30.5438919067383,21.6374048086313,0,0,0,0,0,0,0,0,0,0,0,54.9779357910156,18.7705668053537,0,7.21942393676094,0,3.36598753929138
0,4.72672833183597,0,3.22078215158903,0,3.21509919280098,0,0,51.9948329925537,5.24866779374435,0,0,0,0,0,6.74679575415806,49.2015075683594,23.3140436670634,25.3651356446116,0,0,37.9955062866211,68.8994979858398,16.5407872773983,44.6169624328613,24.105292338951,0,22.1361446380615,0,0,0,0,0,0,0,89.9916915893555,0,0,0,86.6316909790039,0,42.9068571726481,0,0,0,0,0,0,0,3.3138272916117,0,4.0146324634552,0,0,0,0,0,0,0,0,0,10.8791941676223,0,0,45.1682109832764,0,10.1831210851669,44.4290084838867,20.6694414317608,0,33.0598564147949,0,0,0,0,0,0,0,69.946294148763,98.5753173828125,0,0,13.2697390355562,23.8283596038818,49.0261917114258,0,0
0,0,28.3062560558319,0,33.894889831543,0,0,0,0,0,3.83662222904764,0,0,0,0,0,52.5616705758231,0,46.1430622736613,0,5.32738519906998,0,0,0,0,0,0,0,0,0,4.2496383748613,82.5095291137695,0,0,62.919849395752,0,57.2130957893703,0,3.87375245775495,96.0367813110352,60.2295067310333,0,17.6038194803091,0,21.4397075653076,0,23.5549716529606,57.7509414672852,40.0326403833571,0,2.8602922296524,0,0,0,0,0,0,0,7.63448203181869,0,0,0,0,10.4181461732084,0,0,0,0,0,55.0308494567871,0,0,0,4.25290474288365,0,63.5323791503906,0,0,0,53.1693279041963,0,9.03013892232636,36.7233567555745,0,7.81383598280735,0,16.0350009704305
0,0,0,5.91641293401304,0,0,0,6.12385034561157,0,0,0,6.66016331084746,0,3.7260759802007,0,7.36855989694595,97.685432434082,0,76.1947784423828,5.37439578526641,0,26.4963388442993,0,25.7194341312755,0,0,0,3.29446747303009,0,6.18976077437401,0,0,0,0,0,74.7170944213867,0,6.91021526896435,0,0,0,17.9849277496338,0,22.5316023826599,0,18.833554979781,0,58.8400179545085,0,12.4567566523172,0,0,0,5.54484534263611,0,0,0,0,0,5.58809313130757,0,7.90903661412708,8.13378547669286,0,30.642015023665,0,23.4458912297299,0,19.0391023682385,0,9.90117875422541,0,7.6530681299084,0,0,97.1502990722656,0,0,52.3924273681641,0,10.8461776980862,0,8.53085421323776,0,7.9929818598306,16.3411577224731,0
0,0,0,0,0,0,0,0,0,0,0,0,0,0,0,0,0,0,0,0,0,0,0,0,0,0,0,0,0,0,0,0,0,0,0,0,0,0,0,0,0,0,0,0,0,0,0,0,0,0,0,0,0,0,0,0,7.63448203181869,0,0,0,0,0,0,0,0,0,0,0,0,0,0,2.9923649114721,0,0,0,0,0,0,0,0,0,0,0,0,0,0,0
0,0,0,5.18857501506805,0,0,0,0,0,0,0,3.59048263231913,0,3.27672430321022,0,4.80109581947327,0,0,0,0,0,0,0,0,0,0,0,0,0,0,0,0,0,0,0,0,0,0,0,0,0,0,0,0,0,0,0,0,0,10.551362991333,0,4.49162837437221,0,3.89386180468968,0,0,0,5.58809313130757,0,0,0,5.21168016565257,0,0,0,0,0,0,0,0,0,0,0,0,0,0,0,0,0,0,0,0,0,0,0,0,0
0,0,0,0,0,0,0,0,9.51030243731834,0,0,0,0,0,5.10815734741015,0,10.4901573582167,41.8857333534642,28.0585978296068,0,0,0,22.7952958887274,40.5246938069661,21.0346237564087,47.4102719624837,8.89056643341364,0,0,0,0,0,0,0,0,0,83.7210693359375,0,0,0,0,108.45792388916,62.4428911209106,0,0,0,0,0,0,0,0,0,0,0,13.6099842495388,0,0,0,0,0,0,57.8688354492188,0,0,0,22.5400918324788,0,19.1043356166166,51.7988090515137,7.2325191846708,0,0,0,0,0,0,0,0,0,0,0,0,11.7428516836309,9.45134735107422,0,0,31.4919414520264
0,3.70981089274089,0,8.06257842137263,0,0,0,0,58.1191205978394,6.74332969529288,0,0,0,4.82173523902893,0,5.66876238981883,44.8383207775298,18.2181692429491,26.6956699689229,0,0,29.5780506134033,61.4667339324951,23.5368553267585,38.7763710021973,12.1484917856806,0,14.663104613622,0,0,0,0,0,0,0,0,0,0,0,0,0,46.9739608764648,70.8410339355469,0,0,0,0,0,0,11.0461840629578,0,0,0,0,71.8955154418945,10.8791941676223,0,7.90903661412708,0,5.21168016565257,57.8688354492188,0,0,0,0,0,10.7038812637329,0,10.730291253642,0,11.1436100006104,0,0,0,0,0,0,0,79.547981262207,90.3048706054688,0,0,17.4309252769389,13.1147799491882,13.0863447189331,0,0
0,0,0,8.94817807124211,0,9.97845005989075,0,0,0,0,0,11.1259614405809,0,0,0,0,84.7487884521484,75.7139831991757,63.4495868417952,5.43560611559719,0,35.4223643711635,0,0,0,0,0,85.4131164550781,0,18.1048098095393,0,46.9190464019775,0,41.7104768753052,0,26.4754196267043,36.9502285851373,16.078540802002,0,7.33021709939353,0,19.9176137434932,79.3991521199544,35.8290452957153,0,11.2239077875109,120.952514648438,40.7115168545416,39.156597054523,31.3589366163526,0,0,0,0,0,0,0,8.13378547669286,0,0,0,0,0,82.5811996459961,38.3533477783203,0,33.8679339668968,0,29.3289560590472,0,23.5273432975268,0,19.181502897253,0,56.609769821167,0,70.471549987793,68.9661026000977,12.134782536974,120.239280700684,20.4980658822841,0,25.8149433074538,0,11.4928653268419,20.2373832384745,0
0,0,28.6617705225945,0,9.89352709193562,0,0,0,85.6058654785156,0,10.2614785169217,0,0,0,0,0,65.8837133356043,80.1151006062826,56.8215069050412,0,6.02488559436135,0,0,0,0,0,0,0,0,0,15.8239109516144,0,45.6591250101725,0,46.036727739417,143.924697875977,39.848028166134,0,12.5273933080163,73.2309010823568,17.1135300414092,76.5956977844238,21.5137388437808,0,31.3147560225593,68.9634170532227,14.1154622486387,44.0562150064649,35.6334969544037,0,7.05505128340288,0,0,0,0,0,10.4181461732084,0,0,0,0,0,82.5811996459961,0,0,0,0,0,0,43.8456497192383,0,0,74.0804061889648,14.7545540034771,0,52.4217050340441,0,48.3165962219238,104.392894744873,14.5675034183525,79.2596969604492,13.9812418834006,32.0065082146869,5.0599684715271,14.6598958094776,64.7993545532227,13.586122033752
0,0,0,0,0,0,0,0,0,0,0,0,0,0,0,29.090841293335,43.0009412765503,8.62279288312222,34.1468925476074,0,0,5.28904702339864,0,0,0,3.67681314025009,0,4.78708206690275,0,0,0,0,0,0,0,0,0,10.6824596030448,0,0,0,0,0,0,0,0,0,0,0,8.40234355644668,0,0,0,0,0,45.1682109832764,0,30.642015023665,0,0,0,0,38.3533477783203,0,0,0,2.93641030788422,0,3.97322899370777,0,11.3310681130706,0,23.8705414739148,0,0,0,0,0,0,0,6.67777588501782,0,5.1362726526353,0,29.0134462298769,0,0
0,0,0,0,0,0,0,0,27.3770937919617,0,0,0,0,0,20.0483125050863,0,19.0161094391089,39.5978317260742,41.8183031082153,0,0,0,5.2931949291211,0,16.2355264027913,0,10.3074722043399,0,2.84104597568512,0,0,0,0,0,0,0,0,0,7.88797976374626,0,0,0,0,0,0,0,0,0,4.39373734068973,0,0,0,0,0,26.4939136505127,0,0,0,0,0,22.5400918324788,0,0,0,0,0,0,3.20894708978124,0,8.88772003991263,0,4.40897404551506,0,0,0,0,0,0,0,0,0,5.45994270397483,11.2626529108394,0,0,0,0
0,0,0,0,0,0,0,0,0,5.85836254939055,0,0,0,0,0,11.9832245409489,38.1708450317383,21.5567815701167,15.2712616920471,0,0,3.24103875387283,0,3.31711484298075,0,5.40446977412447,0,0,0,0,0,0,0,0,0,0,0,5.84980354706446,0,0,0,12.1127483194525,0,0,0,0,0,0,0,5.98628008148887,0,0,0,0,0,10.1831210851669,0,23.4458912297299,0,0,0,10.7038812637329,33.8679339668968,0,2.93641030788422,0,0,0,4.59800937771797,0,14.6319270812318,0,18.3798568725586,0,0,0,0,0,0,0,2.7332751750946,0,5.28420618813613,0,25.4924918726871,0,0
0,0,0,0,0,0,0,0,18.5674306432107,43.5959815979004,0,0,0,0,16.4631756146749,33.9374542236328,18.0117937125613,34.7245616912842,37.5994408607483,0,0,0,4.3612469804698,21.6698717541165,4.05206812294042,43.7589054107666,8.12767130919177,0,0,0,0,0,0,0,0,0,0,0,3.90612458895488,0,0,0,2.74165606498718,0,0,0,0,0,16.6181259155273,0,0,0,0,0,19.2690869300596,44.4290084838867,0,0,0,0,19.1043356166166,0,0,0,0,3.20894708978124,0,0,33.1622562408447,17.1089166998863,0,0,0,0,0,0,0,0,84.8996505737305,0,0,2.74374103546143,10.0815039677809,0,4.93956682131841,0,0
0,0,0,0,0,0,0,0,56.1823787689209,12.4647098742809,0,0,0,6.99018335342407,36.9202308654785,12.5822871258384,37.5601489203317,14.1640038306568,28.1978798992229,0,0,5.09519741911637,0,6.5380055325132,34.2312126159668,5.62395839556367,35.5429573059082,7.12436697773817,0,0,0,0,0,0,0,0,0,0,0,0,0,58.1793060302734,0,0,0,0,0,0,0,5.67755101621151,0,0,0,0,30.5438919067383,20.6694414317608,0,19.0391023682385,0,0,51.7988090515137,10.730291253642,29.3289560590472,0,3.97322899370777,0,4.59800937771797,33.1622562408447,0,46.0017242431641,9.20530286941739,0,16.0539796352386,0,0,0,0,0,85.5668029785156,0,0,84.1891098022461,13.9256824073859,19.1191298166911,37.8539747238159,0,0
