0,0,0.00694847187327464,0,0,0,0,0,0.0231168345873207,0,0,0,0,0,0.0013832372358155,0,6.68394150011084e-05,0.000212275366360243,0.00103336149055368,0,4.23215413250529e-05,0,0,0,0.000458625407529651,0,0,0,0,0,0,0,0,0,0,0,2.41807005083992e-05,0,7.46654464814245e-05,0,0.000332100149215337,0,0.0104699418546695,0,0,0.000143383460660895,0.00101884512236934,1.59070677387389e-05,0.00263380199442264,0,0,0,0,0,0.0113254793085788,0,0.000343879750257079,0,0.000185522744537312,0,0.0323576954336134,0,0,0.000288076433260717,0,0,0,0.000185268221605087,0,0,0,0,0,0.000318295829810309,0,0,0,0,0,0.000303729979976782,0,6.68907102178539e-05,0.000248685883650343,0,0.0082884447387194,0,0.00065488262398387
0,0,0,0.0297745117007902,0,0,0,0,0,0.0562490940723906,0,0,0,0,0,0.00701777937040146,2.32775527074949e-05,0,0.000359674829373384,0,0,1.49674600832295e-05,0,0.000243281587712493,0,0,0,0,0,0,0,0,0,0,0,0,0,0,0,0,0,0.00859139391475272,0,0,0,0,0,0,0,0.0162049998902255,0,0,0,0,0,0.154734017396519,0,9.26815184701456e-05,0,0,0,0.0115791691366955,0,0,0,0,0.00106980063117873,0,0.00109649020120288,0,0.000102273644838962,0,0,0,0,0,0,0,0,0,0,0,0.000192721474497799,0,0.00528284084348929,0.000568675585495004,0
0.00694847187327464,0,0,0,0.000212743759876784,0,0,0,0.000482740365564914,0,6.73613965652218e-05,0,0,0,0,0,4.75895162417388e-06,4.6273862764799e-06,0.000221978224920708,0,3.67897252819705e-05,0,0,0,0,0,0,0,0,0,0,0,0,0,0,0,1.60244038048575e-05,0,9.25665333159306e-06,0,0,0,0.0094658681870181,0,0,0,0.000730482715690366,0,0.0116672292059234,0,0.00361395937486917,0,0,0,0.0331283478929107,0,0.00112821771733185,0,0.000122788544145505,0,0.000599121023532224,0,0,9.03408694831194e-05,0,0,0,0,0,0,0,0.000115217748391348,0,0.00338013025245287,0,0,0,0,0,0.000127405952893683,0,9.38436435228057e-05,0.000127778464442539,0,0.0062352302895604,0,0.00258837719727704
0,0.0297745117007902,0,0,0,0.0208501776093707,0,0,0,0.00931766388956807,0,0,0,0,0,0,0,1.47770097055645e-05,0.000111209932218836,0,0,0,0,0,0,0,0,0,0,0,0,0,0,0,0,9.19157690833683e-05,0,0,0,0.00187711964502399,0,0.00325265982198322,1.87386950272161e-05,0,0,0.00134256283534202,0,1.28893841927448e-05,0.00117063977781001,0.00283243785929219,0,0.0550879508862842,0,0,0,0.0287256824089244,1.19319671017771e-05,0.00624975532611723,0,0.0051096137164467,0,0.0165139806695641,0.000105248951505906,0,0,0,3.8195861868619e-05,0,0.0001432255278436,0,0.000457170348064847,0,0.00453899979377436,0,0,0,0,0,0.000218516158985259,7.73521551766375e-06,2.46564628159224e-05,7.94411107891285e-06,0.00120676654317264,0.000164825547702083,0.013914317644577,0.00150001530376583,0
0,0,0.000212743759876784,0,0,0,0.00230257833330556,0,0.0132561892481604,0,0,0,0,0,0,0,0,0,0,0,0.00431655899731094,0,0,0,0,0,0,0,0,0,0,0,0,0,0,0,0.000297112779257976,0,0,0,0.00050608749914867,0,0.000500917195124445,0,0,0,0.000162312582591295,0,0.000968338742739203,0,0.100900222192552,0,0.00154598286233778,0,0.000419371144980134,0,0.00017573080343872,0,2.24109270107443e-05,0,0,0,0,0.000701521401937473,0,0,0,0,0,0,0,0,0,0.00016434821555382,0,0,0,0,0,0.000288995651018787,0,5.75886355476159e-05,0.000484807312061214,0,0.00243307141672299,0,0
0,0,0,0.0208501776093707,0,0,0,0.0305046721969368,0,0.0192429613544165,0,0,0,0.000633604331580695,0,7.51404635822785e-05,0,0,0,0.00100383305495576,0,0,0,0,0,0,0,0,0,0,0,0,0,0,0,0.000261567890270341,0,0,0,0.000148740347098764,0,0.000339383613154359,0,0,0,7.11689797938957e-05,0,0,0,0.000150382468566928,0,0.142614750563512,0,0.00734762480927486,0,0.0056352239356692,0,0.00305876830066643,0,0.000419735082063236,0,0,0.00145174918293237,0,0,0,7.51561098413416e-05,0,0,0,0,0,0.0012824070408322,0,0,0,0,0,0.000211822001468119,0,1.51200177692765e-05,0,0.00225518712983423,0,0.00484979148222084,0,0
0,0,0,0,0.00230257833330556,0,0,0,0,0,0,0,0,0,0,0,0,0,0,0,0.000298293478528007,0,0,0,0,0,0,0,0,0,0,0,0,0,0,0,0,0,0,0,0,0,0,0,0,0,0,0,0,0,0.025271171840772,0,0.0658416096403293,0,0,0,0.000878207233621937,0,0,0,0,0,0,0,0,0,0,0,0,0,0,0,0,0,0,0,0,0,0,0,0,0,0.000534304216511138,0.000330521515000983,0,0,0
0,0,0,0,0,0.0305046721969368,0,0,0,0,0,0,0,0.00119970059792589,0,0,0,0,0,0,0,0,0,0,0,0,0,0,0,0,0,0,0,0,0,0,0,0,0,0,0,0,0,0,0,0,0,0,0,0,0,0.0185688869541665,0,0.0501878145578529,0,0,0,0.00195128126336625,0,0.00932702482616402,0,0,0,0,0,0,0,0,0,0,0,0,0,0,0,0,0,0,0,0,0,0,0.000510776902847767,0,0,0,0
0.0231168345873207,0,0.000482740365564914,0,0.0132561892481604,0,0,0,0,0,0,0,0,0,0.0219560765122037,0,0.00985915397033286,0.00222918496094359,0.000689994811553278,0,0,0,0,0,0.0171059701178379,0,0,0,0,0,0,0,0,0,0,0,1.62735164855438e-06,0,0.00129285627664015,0,0,0,0.00199365056686458,0,0,0,0.000190134227478051,0,0.000598971764503504,0,0.000423943300144735,0,0,0,0.138936135306452,0,1.15228084033281e-05,0,0,0,0.0490682414234004,0,0,0,0,0,0,0.0112586112999158,0,0,0,0,0,2.34337249799206e-05,0,0,0,0,8.96894360768107e-06,9.93608855268796e-06,0,0.000405394622334832,0.00139005074525857,0,0.00984765855826949,0,0
0,0.0562490940723906,0,0.00931766388956807,0,0.0192429613544165,0,0,0,0,0,0,0,0,0,0.00545259767045876,0,0.00227568475647941,0,0,0,0,0,0.0249889757082509,0,0.0393302151159141,0,0,0,0,0,0,0,0,0,0,0,0.000557102070119457,0,9.50806340732475e-05,0,0.000817839986259404,0,0,0,7.23292097491624e-05,0,0,0,0.00407083790840581,0,0.00226095185154511,0,0,0,0.150917931153299,0,0,0,0,0,0.00120586267027788,0,0,0,0,0.0150904048376499,0,0.0102300117269745,0,0,0,0.000205455326247494,0,0,0,0,0,6.82169775617729e-06,0,0.000441929851737746,0,0.00373828643932013,0.00122877863867292,0.0011562005272822,0,0
0,0,6.73613965652218e-05,0,0,0,0,0,0,0,0,0,0.00176358248837984,0,0,0,0,0,4.99685650021187e-05,0,0.0198108065878114,0,0,0,0,0,0,0,0.000887709599990765,0,0.00411873103107322,0,0,0,0,0,0,0,0.00997597704587199,0,5.52512507487668e-06,0,3.53237216934197e-05,0,2.93586677967026e-05,0,4.51047992370873e-05,0,2.31239642202927e-05,0,0,0,0.00839442402535002,0,0,0,0.0653950920613221,0,0,0,0,0,0,0.00559115508569016,0,0,0,0,0,0,0,0,0,0.00861540538623608,0,0,0,0,1.46373369575629e-06,8.93670811627845e-05,0,0.000847942162061271,0.00146186184110177,2.56910243479069e-05,5.6472542935063e-05,0,0
0,0,0,0,0,0,0,0,0,0,0,0,0,0.0331788208874801,0,0,0,0,0,0.0113114492268178,0,0,0,0,0,0,0,0,0,0.00678075298094312,0,0,0,0,0,0.00252417843360051,0,0.00938678351853403,0,0,0,0,0,0,0,0,0,0,0,0,0,0,0,0,0,0,0,0.11524432548009,0,0.00500315471229314,0,0,0.0125582204659207,0,0,0,0,0,0,0,0,0,0.00708323760398291,0,0,0,0,0,0.000713555804566564,0,0.00110465991326017,0,0.00251410833484831,0,0.000621308436017774,0,0
0,0,0,0,0,0,0,0,0,0,0.00176358248837984,0,0,0,0.00185536941467344,0,0,0,0,0,0,0,0,0,0,0,0,0,0,0,0,0,0,0,0,0,0,0,0,0,0,0,0,0,0,0,0,0,0,0,0,0,0.000472551891617622,0,0.000176527152348618,0,0,0,0.00673442310914096,0,0.000475811584551754,0,0,0,0,0,0,0,0,0,0,0,0,0,0,0,0,0,0,0,0,0,1.6558182436572e-05,1.57096033035486e-05,7.82137714451861e-05,0,0
0,0,0,0,0,0.000633604331580695,0,0.00119970059792589,0,0,0,0.0331788208874801,0,0,0,0.00166738736862601,0,0,0,0,0,0,0,0,0,0,0,0.00144126053323006,0,0.000351771624123642,0,0,0,0,0,0,0,0,0,0,0,0,0,0,0,0,0,0,0,0,0,0.00067386497457612,0,0,0,0,0,0.0056676403983997,0,0.0608296776296977,0,0,0,0,0,0,0,0,0,0,8.20571093842e-05,0,0,0,0,0,0,0,0,0,0,0,0.000810612005926561,0,0,0,0
0.0013832372358155,0,0,0,0,0,0,0,0.0219560765122037,0,0,0,0.00185536941467344,0,0,0,0.00259922304534727,3.62187651268759e-05,9.60499528046077e-06,0,0,0,0,0,0.000144353142937973,0,0,0,0,0,0,0,0,0,0,0,0,0,0,0,0,0,0,0,0,0,0,0,0,0,0,0,0,0,0.0247551340645679,0,0,0,0.000465127964213894,0,0.0575821216596829,0,0,0,0,0,0,0,0,0,0,0,0,0,0,0,0,0,0,0,0,0,0.000210619461306019,2.00729539487095e-05,5.11004083389346e-05,0,0
0,0.00701777937040146,0,0,0,7.51404635822785e-05,0,0,0,0.00545259767045876,0,0,0,0.00166738736862601,0,0,7.14205550018059e-06,0.000180468336880559,0.000237259691383216,0,0,0,0,0,0,0.00470443399926051,0,0,0,0,0,0,0,0,0,0,0,0,0,0,0,0,0,0,0,0,0,0,0,0,0,0,0,0,0,0.0252271861491032,0,0,0,0,0,0.0672335354673407,0,0,0,0,0,0,0,0,0,0,0,0,0,0,0,0,0,0,0,0,0.000314391530095611,0,0,0,0
6.68394150011084e-05,2.32775527074949e-05,4.75895162417388e-06,0,0,0,0,0,0.00985915397033286,0,0,0,0,0,0.00259922304534727,7.14205550018059e-06,0,0.105345447243021,0.0484369288651798,0,2.69133990040458e-05,3.16426088872641e-05,0.00102079598687299,0,0.0051354857217436,0,0.00122082696140631,0,0,0,0,0,0,0,0,0.000103210695716906,0.000188639383614599,4.51100033896368e-06,7.88618833413223e-05,0.00102730954959174,0.000420907187411036,0.000414111066835649,0.0006211438179405,0,9.22734340011854e-05,0.0011457013151763,0.00204058433117508,0,4.01124151603232e-05,8.31743905297247e-05,1.83185338862692e-05,0,0,0,0.00217120959153831,0,0.000133750303638878,5.88299459830348e-06,1.52891025560148e-05,0,0.000600473156363727,0,8.89610181306928e-05,0.00027540825957513,0,0.000119118028797957,0,0.000756033900089108,0,0.00235833969001366,0,0,5.52029049731696e-05,0.000505290363061937,0,0,0,0,0.000466262993440203,0.00101087567129992,4.1023701455093e-05,0.000558471068309767,0.0322443390263767,0.00229133406425528,0.00141385210830446,0.000197607469780391,0.000324194160773595
0.000212275366360243,0,4.6273862764799e-06,1.47770097055645e-05,0,0,0,0,0.00222918496094359,0.00227568475647941,0,0,0,0,3.62187651268759e-05,0.000180468336880559,0.105345447243021,0,0.0639904013263035,0,7.54824117770814e-06,0.000758631513734552,0,0.0025125825291861,0.000161567661668878,0.000349205289538189,5.11853538424153e-05,5.21309614011983e-05,0,0,0,0,0,3.06494592503513e-06,0,4.79756960993083e-05,0.000149336393319238,7.26067715145863e-06,3.22108424453146e-06,0.000951535206945151,0.000326312709565392,0.000415905481519693,0.000145312754447809,0,3.25610017549638e-06,0.000554639738058324,0.000981124153220195,0,1.90824374153831e-05,0.000161300736305367,0,0,0,0,0.000185200027293245,3.91831542905122e-05,4.53148806897396e-06,0,0,0,0,0.000431844904021925,3.94066596469932e-05,0.000190390191821342,0.0011889722097458,0,0.00131573429499321,0,0.000193579334649169,0,2.68724743559237e-05,0,8.84614215214066e-05,7.90142278740066e-05,0,0,0,0,0.000308832337612886,0.000510700358930722,8.74156079202366e-05,0.000289089162111488,0.045776067685279,0.00123229097335589,0.000634840458079416,0.000147368836434929,6.73579253040089e-05
0.00103336149055368,0.000359674829373384,0.000221978224920708,0.000111209932218836,0,0,0,0,0.000689994811553278,0,4.99685650021187e-05,0,0,0,9.60499528046077e-06,0.000237259691383216,0.0484369288651798,0.0639904013263035,0,0,0.000247561090975949,3.9970637616288e-05,0,8.84025130145812e-05,0,0,0.000124582542227606,0,0,0,0,0,0,0,0,0.00219961191499785,0.00145475195306514,6.93262078294351e-05,0.000317268075053499,0.0293836878292572,0.00623924736362373,0.0253799094282084,0.0095595826256345,0.00330422383500172,0.00142436036138312,0.0189937133906264,0.0223941952905723,3.44345101336544e-05,0.000596342514761527,0.00420414638498639,5.77456149444907e-05,1.567481430299e-05,0,0,9.38276313625017e-05,0,0.000925240308675868,0.000355360756485066,0.000129502026689206,5.41900975597554e-06,0,0,0.00247068213971613,0.00348074244576548,1.6374890096985e-05,0,0.000250890191027398,0,3.89767798479905e-05,0,0.000302335542545798,4.23599997815207e-05,0.00940917014625795,0.0050858543249809,0,0,0,0,0.00951183618900265,0.00847788372004939,0.00341845407057475,0.00577911173889021,0.0132148207306077,3.24123220377707e-05,0.0319454776164448,0.00931931870660626,0.00709943356996947
0,0,0,0,0,0.00100383305495576,0,0,0,0,0,0.0113114492268178,0,0,0,0,0,0,0,0,0,0,0,0,0,0,0,0,0,0,0,0,0,0,0,0.00624591509271176,0,0.00138103153469,0,0.000305258492363597,0,0,0,0,0,0.0024679653756071,0,0,0,0,0,0,0,0,0,0,0,0.000370708385465474,0,0,0,0,0.20516066934797,0,0,0,0,0,0,0,0,0,0.000448471105688401,0,0,0,0,0,0.00326206539870772,0,0.000342085321580984,0,0.000473870849695564,0,0.00222426950368205,0,0
4.23215413250529e-05,0,3.67897252819705e-05,0,0.00431655899731094,0,0.000298293478528007,0,0,0,0.0198108065878114,0,0,0,0,0,2.69133990040458e-05,7.54824117770814e-06,0.000247561090975949,0,0,0,0,0,0,0,0,0,0,0,0.000102398008122955,0,0,0,0,0,0.0100498122508446,0,0.00438246712202642,0,8.09296805094785e-05,0,0.000116703242770905,0,0,8.51552920573526e-05,0.00085295195081644,0,8.44173981076016e-05,0,0.0135849695889149,0,0.00237072121569219,0,0,0,0.0151123807761495,0,2.19195591635424e-05,0,0,0,0,0.0867884422502944,0,0,0,0,0,2.20247737886398e-05,0,0.000258067518155861,0,0.0084585477768563,0,0,0,0,0,0.00365564115819933,0,0.00160798797207739,0.00144164563067273,0,0.000401630304825237,0,0.000271330503767686
0,1.49674600832295e-05,0,0,0,0,0,0,0,0,0,0,0,0,0,0,3.16426088872641e-05,0.000758631513734552,3.9970637616288e-05,0,0,0,0.00342737531608249,0.0036699178541103,0,0.000204134630463715,0,0.00289782730174202,0,0,0,0,0,0,0,0,0,0.0126769390185538,5.37727161517276e-05,0,0,5.67361872390451e-05,0,0,0,0,0,0,0,0.00770620255270411,0,0,0,0,0,0,0,2.10456941691977e-05,0,4.3638654124321e-06,0,1.13241208774283e-05,4.92878464567614e-06,0,0.0590569990717052,0,0.00492545238808525,0,0.00180601620820836,0,0.000293184991290408,0,0,0,0,0,0,0,0,0,0.00773665291351179,0,0.00380091818140706,0.0012017038623844,0.000287155100363882,0,0
0,0,0,0,0,0,0,0,0,0,0,0,0,0,0,0,0.00102079598687299,0,0,0,0,0.00342737531608249,0,0,0.000362317649780526,0,3.28163955094055e-05,0,1.46385018524597e-05,0,0,0,0,0,0,0,0,9.33663240086923e-06,0.00364530658759139,0,0,0,5.44480236579448e-06,0,0,0,0,5.94976893779993e-06,0.00233309957509461,0,0,0,0,0,0,0,3.08920091038124e-05,0,0.000101762745629749,0,0,0,0,3.72127499833008e-06,7.89811114924269e-05,0.0401507024377036,0,0.00103438326409517,0,0.00124482960186647,0,0.000375392097907047,0,0,0,0,0,0,0,0,4.89714511952297e-06,0.00100162931269019,0.00200328572695812,0.000990816582017701,5.62234203433195e-05,0,0
0,0.000243281587712493,0,0,0,0,0,0,0,0.0249889757082509,0,0,0,0,0,0,0,0.0025125825291861,8.84025130145812e-05,0,0,0.0036699178541103,0,0,0,0.0548589246350316,0,0,0,0,0,0,0,0,0,0,0,0.00416564135632566,0,0,0,0.00015004132180311,0,0,0,2.58974735577655e-05,0,0,0,0.00226209621697376,0,0,0,0,0,0.0632886918719622,0,0,0,5.4467750164772e-05,0,0.00150225872689698,4.07915921984852e-05,0,0.0127637092605102,0,0.142031920515642,0,0.0134343907513253,0,5.81702194692523e-05,0,2.69877796569044e-05,0,0,0,0,0,0,0,0.0045628131559015,0,0.00238278084617594,0,0.000263017772749837,0,0
0.000458625407529651,0,0,0,0,0,0,0,0.0171059701178379,0,0,0,0,0,0.000144353142937973,0,0.0051354857217436,0.000161567661668878,0,0,0,0,0.000362317649780526,0,0,0,0.049113354766205,0,0,0,0,0,0,0,0,0,0,0,0.00281901090178271,0,0,0,0.000117977774188665,0,0,0,0,0,0,0,0,0,0,0,0.00928708895262627,0,2.85699453174938e-05,0,0.000212910361742576,0,5.02846943720649e-05,0,0,1.50324514025278e-05,0,0.00118775551309291,0,0.164446845430152,0,0.0360303156570132,0,0.00139599743415178,0,0,0,0,0,0,0,0,0,8.94664869547845e-05,0.00130348383956656,1.57570634896114e-05,0.000276641472678132,0,0
0,0,0,0,0,0,0,0,0,0.0393302151159141,0,0,0,0,0,0.00470443399926051,0,0.000349205289538189,0,0,0,0.000204134630463715,0,0.0548589246350316,0,0,0,0.00127397730855168,0,0,0,0,0,0,0,0,0,0,0,0,0,0,0,0,0,0,0,0,0,0,0,0,0,0,0,0.0277052182721612,0,0,0,0,0,0.00108155075316122,0,0,0.00278817525896,0,0.050159477500137,0,0.0180610719896837,0,0.00339988789273852,0,0,0,0,0,0,0,0,0,0,0,8.36725058079334e-05,0,1.17781483784012e-05,0,0
0,0,0,0,0,0,0,0,0,0,0,0,0,0,0,0,0.00122082696140631,5.11853538424153e-05,0.000124582542227606,0,0,0,3.28163955094055e-05,0,0.049113354766205,0,0,0,0,0,0,0,0,0,0,0,0,0,0,0,0,0,0,0,0,0,0,0,3.12536816446836e-05,0,0,0,0,0,0,0,0.000293275423692543,0,0.000231305962606635,0,0,0,0,0,0,0.000447421401806971,0,0.0214286199123889,0,0.0365849813580618,0,0.00369067187052223,0,0,0,0,0,0,0,0,0,0,1.23154845251224e-05,0,0,0,0
0,0,0,0,0,0,0,0,0,0,0,0,0,0.00144126053323006,0,0,0,5.21309614011983e-05,0,0,0,0.00289782730174202,0,0,0,0.00127397730855168,0,0,0,0.0101947551338136,0,0,0,0,0,0,0,2.91904761205457e-05,0,0,0,0,0,0,0,0,0,0,0,0,0,0,0,0,0,0,0,0,0,0.00210335065524343,0,0,0,0,0.00388919186008536,0,0,0,0.00015366097795777,0,0.0156343606039414,0,0.00273752134808863,0,0,0,0,0,0,0,0.000631818668151349,0,0.000212705055101775,0,0,0,0
0,0,0,0,0,0,0,0,0,0,0.000887709599990765,0,0,0,0,0,0,0,0,0,0,0,1.46385018524597e-05,0,0,0,0,0,0,0,0.00779577369939234,0,0,0,0,0,0,0,0,0,0,0,0,0,0,0,0,0,0,0,0,0,0,0,0,0,2.00780226164036e-05,0,0,0,0,0,0,0,0,0,0,0,0,0,0,0.00622261393117904,0,0.00533848019928757,0,0,0,0,0,0,0,0,0.00011384881184698,2.97336333766406e-05,0,0,0
0,0,0,0,0,0,0,0,0,0,0,0.00678075298094312,0,0.000351771624123642,0,0,0,0,0,0,0,0,0,0,0,0,0,0.0101947551338136,0,0,0,0,0,0,0,0,0,0.00630471768111897,0,0,0,0,0,0,0,0,0,0,0,0,0,0,0,0,0,0,0,0.00597828337756763,0,0,0,0,0,0,0,0,0,0,0,0,0.000863676917459529,0,0.0938420764692139,0,0,0,0,0,0,0,0.000793453412156971,0,0.000152914825575021,0,0,0,0
0,0,0,0,0,0,0,0,0,0,0.00411873103107322,0,0,0,0,0,0,0,0,0,0.000102398008122955,0,0,0,0,0,0,0,0.00779577369939234,0,0,0,0,0,0,0,0,0,0.00708948005285637,0,0,0,0,0,0,0,0,0,0,0,0,0,0,0,0,0,0.00229048918431068,0,0,0,0,0,0,0.000234741905311544,0,0,0,0,0,0,0,0.000102184189017862,0,0.0158757153646919,0,0,0,0,0,1.71904758103369e-06,0,0.000741138115755297,0.000363026577473391,0.000425894353662921,0,0,0
0,0,0,0,0,0,0,0,0,0,0,0,0,0,0,0,0,0,0,0,0,0,0,0,0,0,0,0,0,0,0,0,0.040871904733483,0.00837248411488426,0,0.00439047412409031,3.07916073824141e-05,0,0,0,0,0,0,0,0,0,0,0.192927603564973,0.00106874293660555,0,0,0,0,0,0,0,0,0,0,0,0,0,0,0,0,0,0,0,0,0,0,0,0,0,0.055390936070452,0.0480233168304409,0.00672952221609325,0.000810561256337942,0.00123900051465522,0.000797198087688352,0,0,0.00185330800005173,0,0,0,0
0,0,0,0,0,0,0,0,0,0,0,0,0,0,0,0,0,0,0,0,0,0,0,0,0,0,0,0,0,0,0,0.040871904733483,0,0.00259630147622613,0.00277594655372109,4.20964997983441e-05,0.00371827066003899,0,0,0,0,0,0,0,0,0,0,0.0270283078393981,0.00198401368147484,0,0,0,0,0,0,0,0,0,0,0,0,0,0,0,0,0,0,0,0,0,0,0,0,0,0.0100162222021259,0.118878493224905,0,0.00645199745455772,1.56638791847227e-05,0.00574136708349816,0,0,0.000272211401739502,0,0,0,0
0,0,0,0,0,0,0,0,0,0,0,0,0,0,0,0,0,3.06494592503513e-06,0,0,0,0,0,0,0,0,0,0,0,0,0,0.00837248411488426,0.00259630147622613,0,0.102174943230182,0.00598385387080196,0,0.00373226430189527,0.000469410457069755,0.000105824244068365,3.61516306582668e-05,0,0,0,0,0,0,0.068303054230046,0.000616824664922065,0.00199942699340319,0,0,0,0,0,0,0,0,0,0,0,0,0,0,0,0,0,0,0,0,0,0,0,0,0.000663169753208011,0,0.12358694193158,0.0956831047731222,0.00094438993131057,0,0.00104834943386265,0,0.00184645440471632,0,2.19736603817119e-05,0,0
0,0,0,0,0,0,0,0,0,0,0,0,0,0,0,0,0,0,0,0,0,0,0,0,0,0,0,0,0,0,0,0,0.00277594655372109,0.102174943230182,0,0,0.00255922986081032,0,0.00140624442341145,0,0,0,0,0,0,0,0,0.0491279597677091,0.000412266057231558,0,0,0,0,0,0,0,0,0,0,0,0,0,0,0,0,0,0,0,0,0,0,0,0,0,0,0.000684395242413045,0.0122308106503436,0.141292271571605,0,0.00303428777302859,0,0.00195547210240455,0.000666287216985091,0,0,0,0
0,0,0,9.19157690833683e-05,0,0.000261567890270341,0,0,0,0,0,0.00252417843360051,0,0,0,0,0.000103210695716906,4.79756960993083e-05,0.00219961191499785,0.00624591509271176,0,0,0,0,0,0,0,0,0,0,0,0.00439047412409031,4.20964997983441e-05,0.00598385387080196,0,0,0.00494376197507112,0.0134990582963196,0.000455958588760963,0.000567060130835149,1.15416938618857e-05,0.00148965365345332,1.72031042050836e-05,0.000191072026653626,5.36303481704029e-06,0.00436060537180617,3.50531402804921e-05,0.00196570873372561,8.10527312166589e-05,0.000249917048242703,0,5.68984745746678e-05,0,0,0,0,0,1.57332807721293e-05,0,0,0,0,0.0142106526573529,1.34038072825961e-06,0,0,0,0,1.23327644310702e-06,0,0,0,5.0796422333797e-05,2.4355985165429e-06,0.00382577235581235,0.000118765127599001,0.00975772943974981,0,0.107243435146439,0.00128877453534596,0.00407017444853756,1.32347841719136e-05,0.00748110970260946,0.000654448092489017,0.00177609755585852,0.000448946631576652,1.15263924206025e-05
2.41807005083992e-05,0,1.60244038048575e-05,0,0.000297112779257976,0,0,0,1.62735164855438e-06,0,0,0,0,0,0,0,0.000188639383614599,0.000149336393319238,0.00145475195306514,0,0.0100498122508446,0,0,0,0,0,0,0,0,0,0,3.07916073824141e-05,0.00371827066003899,0,0.00255922986081032,0.00494376197507112,0,2.02833888995281e-05,0.0130712415142506,7.16961570410603e-05,0.000157364858616415,3.07842900014036e-05,0.000706011564239454,1.95381681951433e-06,0.000113681369148569,3.72298302598699e-05,0.00216647986895402,0.0013277699911911,0.000268581080572177,9.66826666116017e-06,0.000423453384639401,0,0,0,4.60516001016622e-06,0,4.25889566822161e-05,1.15392769178374e-06,1.29723066789432e-05,0,0,0,0,0.0049328528856705,0,0,0,0,0,0,0,1.13669602148838e-06,0,0.000107267792416245,0.000193438933061754,0.000581434376205114,0,0.000272349581687368,0.000347190907636575,0.0745820547377754,7.04964053886376e-06,0.00776789972959645,0.00540620188852156,0.00104319280828916,0.00115905971198154,0,0.000213728326064114
0,0,0,0,0,0,0,0,0,0.000557102070119457,0,0.00938678351853403,0,0,0,0,4.51100033896368e-06,7.26067715145863e-06,6.93262078294351e-05,0.00138103153469,0,0.0126769390185538,9.33663240086923e-06,0.00416564135632566,0,0,0,2.91904761205457e-05,0,0.00630471768111897,0,0,0,0.00373226430189527,0,0.0134990582963196,2.02833888995281e-05,0,0.00101371347339375,2.73745612840054e-06,0,0.000427422710686262,0,1.44988209323611e-05,0,7.55861158097844e-05,1.81681788234008e-06,0.00336704146504103,0,0.00348944049899788,0,0,0,0,0,0.000127312057165629,0,0.000959355962085755,0,0,0,0,0.000283376279676284,0,0.00481059508285823,0,0.00422807566732912,0,0,0,0.000656332324742819,0,0.00296017396414051,0,0,0,0.00356850999321509,0,0.00414671630211988,0,0.0614380690647859,0,0.00539016269536597,0.000564841740011893,0.0023167247763617,2.36678899414754e-05,0
7.46654464814245e-05,0,9.25665333159306e-06,0,0,0,0,0,0.00129285627664015,0,0.00997597704587199,0,0,0,0,0,7.88618833413223e-05,3.22108424453146e-06,0.000317268075053499,0,0.00438246712202642,5.37727161517276e-05,0.00364530658759139,0,0.00281901090178271,0,0,0,0,0,0.00708948005285637,0,0,0.000469410457069755,0.00140624442341145,0.000455958588760963,0.0130712415142506,0.00101371347339375,0,1.08589953351341e-05,1.60597631522159e-05,3.11803129364973e-06,0.000481021353820543,0,2.48097338572534e-05,8.22143926113074e-06,0.000359726589276329,0.0104880209749903,0.00520166241977302,0,0,0,0,0,1.59709176656229e-05,0,0.00438415399535843,0,8.99613702941363e-06,0,0,0,4.48029277912566e-06,0.00535266057131835,9.68893709796248e-06,0.00132897182057295,0,0.00110202526467182,0,0,0,0,0,0.00140896000068801,0,0,0,0.000576859446477316,1.82979004269946e-05,0.0071107165562962,0,0.0535409573630136,0.00578069330762795,0.00170527015474175,0.000939390453865585,2.42007954400386e-06,0.000147996423117993
0,0,0,0.00187711964502399,0,0.000148740347098764,0,0,0,9.50806340732475e-05,0,0,0,0,0,0,0.00102730954959174,0.000951535206945151,0.0293836878292572,0.000305258492363597,0,0,0,0,0,0,0,0,0,0,0,0,0,0.000105824244068365,0,0.000567060130835149,7.16961570410603e-05,2.73745612840054e-06,1.08589953351341e-05,0,0.000390203569309888,0.0862871929153137,0.00132623416125487,0.00259186328141094,0.000103855006463122,0.0607063906942091,0.00134160192366962,0.00016548889279772,1.89499310962583e-05,0.0106778354099072,7.42556434239587e-05,0.000148203628310959,0,0,0,0,3.334174183135e-05,0.000261353415564362,0,0.000144023535582636,0,0,0.0155548423820925,0.000153167486780296,0,0,0,0,1.25796597992815e-05,0,0.000104271571851403,0,0.0046633463716685,0.000471603971181853,0,0,0,0,0.0051881239473649,0.000226440751910097,0.000887351286698393,6.54815037666226e-05,0.00129396505573841,4.79489157687821e-05,0.0233095215496909,0.0128448995858164,5.81584889665853e-05
0.000332100149215337,0,0,0,0.00050608749914867,0,0,0,0,0,5.52512507487668e-06,0,0,0,0,0,0.000420907187411036,0.000326312709565392,0.00623924736362373,0,8.09296805094785e-05,0,0,0,0,0,0,0,0,0,0,0,0,3.61516306582668e-05,0,1.15416938618857e-05,0.000157364858616415,0,1.60597631522159e-05,0.000390203569309888,0,0.000115233289379776,0.022600653104351,0,0.00395724716320114,0.000446761860700197,0.00913384655247744,0.0100922528095897,0.0584774257044218,0,0.00237751985365431,0,0,0,0.000189715007276432,0,0.00157073328048058,0,0.000486279911846282,0,0,0,4.39657262394847e-05,0.00389270775998457,0,0,0,0,0,0,0,6.79568473309177e-06,8.56028885673677e-06,0.00371872671057012,0,0,0,0,4.27228420447515e-05,0.00303173664228591,2.48178619372973e-05,0.00117860157830491,0.000401411984621609,1.40689402525107e-05,0.02456582674493,0,0.00718448478933876
0,0.00859139391475272,0,0.00325265982198322,0,0.000339383613154359,0,0,0,0.000817839986259404,0,0,0,0,0,0,0.000414111066835649,0.000415905481519693,0.0253799094282084,0,0,5.67361872390451e-05,0,0.00015004132180311,0,0,0,0,0,0,0,0,0,0,0,0.00148965365345332,3.07842900014036e-05,0.000427422710686262,3.11803129364973e-06,0.0862871929153137,0.000115233289379776,0,0.00812256866333152,0.000443498547352259,0.000309090392004882,0.00363150423417013,0.00038015050958225,0.00190408560306951,0.000580851158075445,0.0315308330189847,9.33503505421394e-05,0.000356953557900046,0,0,0,0.000790132967851336,6.16174283152492e-05,0.00101463747282421,6.42954204131425e-06,0.000164829685836691,0,0,0.00882969242808025,2.5500702213965e-05,7.96004128196911e-05,0,0.000571826458343485,0,0.000679709548135871,0,0.00204897354145375,5.24667578113785e-06,0.015287684368309,0.000107483540888352,0,0,0,0,0.0100123481612277,9.68011986736162e-05,0.00124755456479748,5.27689888777064e-05,0.00378618225770751,0.000172146509006299,0.0559686589383179,0.0218564473659382,0.000245120940102244
0.0104699418546695,0,0.0094658681870181,1.87386950272161e-05,0.000500917195124445,0,0,0,0.00199365056686458,0,3.53237216934197e-05,0,0,0,0,0,0.0006211438179405,0.000145312754447809,0.0095595826256345,0,0.000116703242770905,0,5.44480236579448e-06,0,0.000117977774188665,0,0,0,0,0,0,0,0,0,0,1.72031042050836e-05,0.000706011564239454,0,0.000481021353820543,0.00132623416125487,0.022600653104351,0.00812256866333152,0,0,0.00255520217139005,0.000237415953610856,0.0334953467385893,0.00225843331734872,0.0414885388252268,6.63069825365958e-05,0.00165630944003321,0,0,0,0.000139686361298793,0,0.0247176791690792,0,0.002294130820124,0,0.00039051762134502,0,0.000117688405473939,0.0129285162881131,0,0,0,0,0,0,5.10261976086447e-06,0.00135144057707527,0.000171752775399987,0.0226211634637263,0,0,0,0,0.000184655123186443,0.00953912654348501,6.69184547418474e-06,0.00409977203531394,0.00458142706902683,0.000112583451292984,0.107483509573992,0.000307075156562357,0.0260903913821907
0,0,0,0,0,0,0,0,0,0,0,0,0,0,0,0,0,0,0.00330422383500172,0,0,0,0,0,0,0,0,0,0,0,0,0,0,0,0,0.000191072026653626,1.95381681951433e-06,1.44988209323611e-05,0,0.00259186328141094,0,0.000443498547352259,0,0,0,0.00151096730523829,0,0,0,0.000170011187882431,0,0.000116850621456824,0,0,0,0,0,1.99337681213111e-05,0,0,0,0,7.37821622028142e-05,0,0,0,0,0,0,0,0,0,0.000730719933778746,0,0,0,0,0,0.000589950182638749,3.22866989873955e-06,0.000331508797718544,1.58952641153944e-05,4.04967350181297e-05,1.58711046740094e-05,0.00207800569279646,0,0
0,0,0,0,0,0,0,0,0,0,2.93586677967026e-05,0,0,0,0,0,9.22734340011854e-05,3.25610017549638e-06,0.00142436036138312,0,0,0,0,0,0,0,0,0,0,0,0,0,0,0,0,5.36303481704029e-06,0.000113681369148569,0,2.48097338572534e-05,0.000103855006463122,0.00395724716320114,0.000309090392004882,0.00255520217139005,0,0,0.000167200041859102,0.00788936215826044,0,0,0,0,0,0,0,0,0,0.000414578283339041,0,0,0,0,0,0,0.0016837844041748,0,0,0,0,0,0,0,0,0,0.00127672506267712,0,0,0,0,2.97849518113111e-05,0.000938483655682539,3.33700572148786e-06,0.000490169708551975,0.000189503438556415,3.60966915242309e-05,0.00734989476457427,7.15168601960249e-05,0.0170887982523751
0.000143383460660895,0,0,0.00134256283534202,0,7.11689797938957e-05,0,0,0,7.23292097491624e-05,0,0,0,0,0,0,0.0011457013151763,0.000554639738058324,0.0189937133906264,0.0024679653756071,8.51552920573526e-05,0,0,2.58974735577655e-05,0,0,0,0,0,0,0,0,0,0,0,0.00436060537180617,3.72298302598699e-05,7.55861158097844e-05,8.22143926113074e-06,0.0607063906942091,0.000446761860700197,0.00363150423417013,0.000237415953610856,0.00151096730523829,0.000167200041859102,0,0.000987781963189624,0.000255196564439495,0.000652954832800295,0.00432156525645628,0,0.000278756415590394,0,0,0,0,5.98676579321293e-05,0.00190823469128168,0,0.000128537553454721,0,0,0.0664960697541137,0.000247910522895897,0,0,2.31643146527836e-05,0,8.43336871192994e-05,0,0.000428572984435688,0,0.0263683528869161,0.000158581202318998,0,0,0,0,0.0173726299653866,0.000225472816252575,0.00988300120058097,9.04086690728429e-05,0.00123925160501816,6.27912756476169e-05,0.0527408462808203,0.000790293298146677,0.000289210568263946
0.00101884512236934,0,0.000730482715690366,0,0.000162312582591295,0,0,0,0.000190134227478051,0,4.51047992370873e-05,0,0,0,0,0,0.00204058433117508,0.000981124153220195,0.0223941952905723,0,0.00085295195081644,0,0,0,0,0,0,0,0,0,0,0,0,0,0,3.50531402804921e-05,0.00216647986895402,1.81681788234008e-06,0.000359726589276329,0.00134160192366962,0.00913384655247744,0.00038015050958225,0.0334953467385893,0,0.00788936215826044,0.000987781963189624,0,0,0.00092148433054021,4.78464277723074e-05,0.000191354006983762,0,0,0,0.000122206474436698,0,0.0028861985604976,0,0.000342602987884183,0,0,0,0.00013535287868961,0.027781309948565,0,0,0,0,0,0,0,7.1846679535009e-05,0.000107074436464565,0.00753533221417431,0,0,0,0,0.000320618585401705,0.0196065374271851,4.18762588982849e-05,0.00516662343381597,0.00143552507369112,2.62369274661473e-05,0.0160346850825775,2.04705841319883e-05,0.00545263193655764
1.59070677387389e-05,0,0,1.28893841927448e-05,0,0,0,0,0,0,0,0,0,0,0,0,0,0,3.44345101336544e-05,0,0,0,5.94976893779993e-06,0,0,0,0,0,0,0,0,0.192927603564973,0.0270283078393981,0.068303054230046,0.0491279597677091,0.00196570873372561,0.0013277699911911,0.00336704146504103,0.0104880209749903,0.00016548889279772,0.0100922528095897,0.00190408560306951,0.00225843331734872,0,0,0.000255196564439495,0,0,0.223145280812504,0.064848755488479,0,2.02617763755885e-05,0,0,0,0,0,0,0,0,0,0,0,0,0,0,0,0,0,0,3.51093710821782e-05,0,1.86844689963949e-05,0,0.0756626250237913,0.064262483005256,0.00839849373062408,0.00601788960095428,0.0142832058755008,0.043740511470137,0.000196082854101742,0.000358492838187452,0.00636720194136269,1.02497627896617e-05,0.0360332141234645,0,0
0.00263380199442264,0,0.0116672292059234,0.00117063977781001,0.000968338742739203,0,0,0,0.000598971764503504,0,2.31239642202927e-05,0,0,0,0,0,4.01124151603232e-05,1.90824374153831e-05,0.000596342514761527,0,8.44173981076016e-05,0,0.00233309957509461,0,0,0,3.12536816446836e-05,0,0,0,0,0.00106874293660555,0.00198401368147484,0.000616824664922065,0.000412266057231558,8.10527312166589e-05,0.000268581080572177,0,0.00520166241977302,1.89499310962583e-05,0.0584774257044218,0.000580851158075445,0.0414885388252268,0,0,0.000652954832800295,0.00092148433054021,0.223145280812504,0,0.00034173759575966,0.00333261173273747,0.000137843675856696,0,0,0.00225432366964168,0,0.00189981140775272,0,0.000894294704264374,4.18765787233094e-05,0.000131865299024467,0,0,0.000845349149643286,0,0.0075558935398687,1.99232565901469e-05,0.0154001661435513,0,0.00162579482757125,0,0.000636786633547946,0.000164970225016721,0.00239883144560305,0,0.000516221094406423,6.3833340452491e-05,0.000617827269222909,1.97261901066949e-05,0.00778629439829227,1.99301659845906e-05,0.00469649795769424,0.00758110585815667,1.5689017899429e-05,0.0287335928541424,0,0.000673449344531197
0,0.0162049998902255,0,0.00283243785929219,0,0.000150382468566928,0,0,0,0.00407083790840581,0,0,0,0,0,0,8.31743905297247e-05,0.000161300736305367,0.00420414638498639,0,0,0.00770620255270411,0,0.00226209621697376,0,0,0,0,0,0,0,0,0,0.00199942699340319,0,0.000249917048242703,9.66826666116017e-06,0.00348944049899788,0,0.0106778354099072,0,0.0315308330189847,6.63069825365958e-05,0.000170011187882431,0,0.00432156525645628,4.78464277723074e-05,0.064848755488479,0.00034173759575966,0,0,0.000408063579660189,0,0,0,0.00244806309469858,1.25824836562411e-05,0.00650861390379692,0,0.00559554791842536,0,0.0128082615054145,0.00169707335411567,1.34515714414929e-05,0.0146272811880325,0,0.0167340988497824,0,0.00937179768273466,0,0.00453203544171881,0,0.00454046731572877,6.87577639449065e-05,0.000103731595532971,0,0.00106095954824447,0,0.00125820893029163,1.72445764113586e-05,0.00354046645960265,6.81364200361394e-06,0.00142123814871819,0.000102786637463086,0.0321363429553291,0.00400905178670445,0
0,0,0.00361395937486917,0,0.100900222192552,0,0.025271171840772,0,0.000423943300144735,0,0,0,0,0,0,0,1.83185338862692e-05,0,5.77456149444907e-05,0,0.0135849695889149,0,0,0,0,0,0,0,0,0,0,0,0,0,0,0,0.000423453384639401,0,0,7.42556434239587e-05,0.00237751985365431,9.33503505421394e-05,0.00165630944003321,0,0,0,0.000191354006983762,0,0.00333261173273747,0,0,0,0.0315018501038634,0,0.00704100369979713,0,0.00357710266097227,0,0.00113431735460117,0,0.00283117142176199,0,0.000183975902139798,0.0101769058641353,0,0,0,0,0,0,0,0,0,0.00158462321737804,0,0,0,0,0,0.000539970431778465,0,5.41983045560528e-05,0.000262223010995855,0,0.00928608638057326,0,0.000317316189815602
0,0,0,0.0550879508862842,0,0.142614750563512,0,0.0185688869541665,0,0.00226095185154511,0,0,0,0.00067386497457612,0,0,0,0,1.567481430299e-05,0,0,0,0,0,0,0,0,0,0,0,0,0,0,0,0,5.68984745746678e-05,0,0,0,0.000148203628310959,0,0.000356953557900046,0,0.000116850621456824,0,0.000278756415590394,0,2.02617763755885e-05,0.000137843675856696,0.000408063579660189,0,0,0,0.0208849734717197,0,0.00170150152748472,0,0.00237644593268311,0,0.00391980763259943,0,0.01980658608777,0.00099214610736331,0,0,0,5.41509629511609e-05,0,0,0,3.67777631906531e-05,0,0.000504179775575126,0,0,0,0,0,6.92548127678296e-05,0,7.58803632366987e-06,0,0.000830978281077184,0,0.00328752205459588,0,0
0,0,0,0,0.00154598286233778,0,0.0658416096403293,0,0,0,0.00839442402535002,0,0.000472551891617622,0,0,0,0,0,0,0,0.00237072121569219,0,0,0,0,0,0,0,0,0,0,0,0,0,0,0,0,0,0,0,0,0,0,0,0,0,0,0,0,0,0.0315018501038634,0,0,0,0,0,0.0220905134127209,0,0,0,0,0,0,0.00193935519947345,0,0,0,0,0,0,0,0,0,0,0,0,0,0,0,0,0,0,0.000337596589425486,0,0,0,0
0,0,0,0,0,0.00734762480927486,0,0.0501878145578529,0,0,0,0,0,0,0,0,0,0,0,0,0,0,0,0,0,0,0,0,0,0,0,0,0,0,0,0,0,0,0,0,0,0,0,0,0,0,0,0,0,0,0,0.0208849734717197,0,0,0,0,0,0.0190917167785207,0,0,0,0,0,0,0,0,0,0,0,0,0,0,0,0,0,0,0,0,0,0,0,0,0.000346963242038515,0,0,0,0
0.0113254793085788,0,0.0331283478929107,0,0.000419371144980134,0,0,0,0.138936135306452,0,0,0,0.000176527152348618,0,0.0247551340645679,0,0.00217120959153831,0.000185200027293245,9.38276313625017e-05,0,0,0,0,0,0.00928708895262627,0,0,0,0,0,0,0,0,0,0,0,4.60516001016622e-06,0,1.59709176656229e-05,0,0.000189715007276432,0,0.000139686361298793,0,0,0,0.000122206474436698,0,0.00225432366964168,0,0.00704100369979713,0,0,0,0,0,0.000458010467689222,0,0.00025623319068907,0,0.132705379601111,0,0,0,0,0,0,0.0356519827744333,0,0.00133565244573172,0,0,0,0.000353752284125895,0,0,0,0,0,1.66990715035176e-05,0,0.00105131417718087,0.000427036310627991,0,0.000926910159275557,0,0.00060016622338524
0,0.154734017396519,0,0.0287256824089244,0,0.0056352239356692,0,0,0,0.150917931153299,0,0,0,0,0,0.0252271861491032,0,3.91831542905122e-05,0,0,0,0,0,0.0632886918719622,0,0.0277052182721612,0,0,0,0,0,0,0,0,0,0,0,0.000127312057165629,0,0,0,0.000790132967851336,0,0,0,0,0,0,0,0.00244806309469858,0,0.00170150152748472,0,0,0,0,0,0,0,0,0,0.00642157637950114,0,0,0,0,0.0876900163189605,0,0.000383508230920954,0,0,0,0,0,0,0,0,0,0,0,0.000147011973458861,0,0.000498981925659986,5.80618517916082e-06,0.00116581830455724,0,0
0.000343879750257079,0,0.00112821771733185,1.19319671017771e-05,0.00017573080343872,0,0.000878207233621937,0,1.15228084033281e-05,0,0.0653950920613221,0,0,0,0,0,0.000133750303638878,4.53148806897396e-06,0.000925240308675868,0,0.0151123807761495,0,3.08920091038124e-05,0,2.85699453174938e-05,0,0.000293275423692543,0,2.00780226164036e-05,0,0.00229048918431068,0,0,0,0,0,4.25889566822161e-05,0,0.00438415399535843,3.334174183135e-05,0.00157073328048058,6.16174283152492e-05,0.0247176791690792,0,0.000414578283339041,5.98676579321293e-05,0.0028861985604976,0,0.00189981140775272,1.25824836562411e-05,0.00357710266097227,0,0.0220905134127209,0,0.000458010467689222,0,0,0,0.0236511789738791,0,0.000426595091912493,0,0,0.0264649436832509,0,0.000122188799531155,0,0.000157026039310447,0,0.00369751813576251,0,0.0368075661776631,0,0.0397720856108668,0,0,0,0,1.15761232051623e-05,0.000660192632557865,0,0.000575763816385615,0.000849124139949542,9.60668277329965e-05,0.0212016492240665,0,0.00332795319154067
0,9.26815184701456e-05,0,0.00624975532611723,0,0.00305876830066643,0,0.00195128126336625,0,0,0,0.11524432548009,0,0.0056676403983997,0,0,5.88299459830348e-06,0,0.000355360756485066,0.000370708385465474,0,2.10456941691977e-05,0,0,0,0,0,0,0,0.00597828337756763,0,0,0,0,0,1.57332807721293e-05,1.15392769178374e-06,0.000959355962085755,0,0.000261353415564362,0,0.00101463747282421,0,1.99337681213111e-05,0,0.00190823469128168,0,0,0,0.00650861390379692,0,0.00237644593268311,0,0.0190917167785207,0,0,0,0,0,0.00523473883470882,0,0.00211034197757522,0.00755238972615205,0,7.68774213007499e-05,0,0.000619076423082271,0,0.00102185783203445,0,0.00546706967325556,0,0.0430790373469049,0,0,0,0,0,4.4065504998763e-05,0,9.37981978914185e-05,0,0.000395748193109947,0,0.0176883215500921,0.000159957676021301,0
0.000185522744537312,0,0.000122788544145505,0,2.24109270107443e-05,0,0,0,0,0,0,0,0.00673442310914096,0,0.000465127964213894,0,1.52891025560148e-05,0,0.000129502026689206,0,2.19195591635424e-05,0,0.000101762745629749,0,0.000212910361742576,0,0.000231305962606635,0,0,0,0,0,0,0,0,0,1.29723066789432e-05,0,8.99613702941363e-06,0,0.000486279911846282,6.42954204131425e-06,0.002294130820124,0,0,0,0.000342602987884183,0,0.000894294704264374,0,0.00113431735460117,0,0,0,0.00025623319068907,0,0.0236511789738791,0,0,0,0.0146776855927937,0,0,0.000558447407084217,0,0.000165313949304892,0,0.000473091430266163,0,0.0103399654223381,0,0.0136255037653682,0,0.00115430775016994,0,0,0,0,0,0.000126572022439497,0,0.000132007783684208,2.35718252357236e-05,0,0.00235883840941525,0,0.000194239581474473
0,0,0,0.0051096137164467,0,0.000419735082063236,0,0.00932702482616402,0,0,0,0.00500315471229314,0,0.0608296776296977,0,0,0,0,5.41900975597554e-06,0,0,4.3638654124321e-06,0,5.4467750164772e-05,0,0,0,0.00210335065524343,0,0,0,0,0,0,0,0,0,0,0,0.000144023535582636,0,0.000164829685836691,0,0,0,0.000128537553454721,0,0,4.18765787233094e-05,0.00559554791842536,0,0.00391980763259943,0,0,0,0,0,0.00523473883470882,0,0,0,0.0064240928910326,2.03311585752399e-05,0,1.46820807790204e-05,0,0.00134531072078958,0,0.00240306631885155,0,0.00141106130534813,0,3.84970005597872e-05,0,0,0,0,0,2.54231441221693e-05,0,0,0,9.16491353021839e-05,0,0.00223916712702284,0,0
0.0323576954336134,0,0.000599121023532224,0,0,0,0,0,0.0490682414234004,0,0,0,0.000475811584551754,0,0.0575821216596829,0,0.000600473156363727,0,0,0,0,0,0,0,5.02846943720649e-05,0,0,0,0,0,0,0,0,0,0,0,0,0,0,0,0,0,0.00039051762134502,0,0,0,0,0,0.000131865299024467,0,0.00283117142176199,0,0,0,0.132705379601111,0,0.000426595091912493,0,0.0146776855927937,0,0,0,0,0,0,0,0,0.000414430522764389,0,0.000400496139219712,0,0,0,0.00061108408882662,0,0,0,0,0,5.32132407130267e-06,0,0,0.000158079830291513,1.54459038484152e-05,0.000438254780777282,0,0.000196470172148366
0,0.0115791691366955,0,0.0165139806695641,0,0,0,0,0,0.00120586267027788,0,0,0,0,0,0.0672335354673407,0,0.000431844904021925,0,0,0,1.13241208774283e-05,0,0.00150225872689698,0,0.00108155075316122,0,0,0,0,0,0,0,0,0,0,0,0,0,0,0,0,0,0,0,0,0,0,0,0.0128082615054145,0,0.01980658608777,0,0,0,0.00642157637950114,0,0.00211034197757522,0,0.0064240928910326,0,0,0,0,3.7019313339852e-05,0,0.00835376229381996,0,0.0164412994592221,0,0,0,2.31847428583544e-05,0,0,0,0,0,0,0,0,0,7.86563610952263e-06,0,0.000140969167293558,0,0
