0,0,5.99644482135773,0,0,0,0,0,9.83895860013799,0,0,0,0,0,0,0,15.4776768860994,0,14.9352027575175,0,0,0,88.2416076660156,0,0,0,0,0,0,0,0,0,0,0,0,0,0,0,0,0,31.439966746739,0,20.5183637449818,0,0,0,0,0,5.93465856288342,0,15.4997618993123,0,0,0,11.311764610057,0,20.6101684570312,0,9.4940424841993,0,7.85998364441267,0,0,24.865617275238,0,0,0,0,0,26.7833995819092,0,0,0,29.194993019104,0,0,0,0,0,32.5782740456717,0,27.9716765085856,6.48805020854681,0,18.4572851399906,0,0
0,0,0,6.35503238401105,0,0,0,0,0,8.40227566041808,0,0,0,0,0,0,0,8.45122051239014,23.7035663127899,0,0,0,0,17.247323439039,0,0,0,0,0,0,0,0,0,0,0,0,0,23.2445794885809,0,32.8472893454812,0,19.0152411764743,0,0,0,21.8950123786926,0,0,0,6.5708287115786,0,15.1129746437073,0,0,0,6.87981454344796,0,23.1895093917847,0,0,0,7.46571706165194,22.4639453887939,0,0,0,18.3455896377563,0,0,0,0,0,25.0973625183105,0,0,0,0,0,40.8362168600393,0,0,0,10.3650227129771,0,15.2614692955017,22.2641072273254,0
5.99644482135773,0,0,0,7.37834167480469,0,0,0,10.0165762901306,0,0,0,0,0,0,0,0,0,0,0,0,0,0,0,0,0,0,0,0,0,0,0,0,0,0,0,0,0,0,0,0,0,22.1672443485946,0,0,0,0,0,4.3589150817306,0,10.8487171851672,0,0,0,0,0,3.25272629230837,0,4.11820714814322,0,0,0,0,20.6526050567627,0,0,0,0,0,0,0,0,0,28.912654042244,0,0,0,0,0,0,0,0,8.25223731994629,0,14.7168112970748,0,16.2490139007568
0,6.35503238401105,0,0,0,15.380636780761,0,0,0,12.7410057874826,0,0,0,0,0,0,93.3395729064941,49.9808057149251,34.0049364190353,14.1251001358032,0,0,0,0,0,0,0,0,0,0,0,0,0,0,0,31.7105129241943,0,0,0,46.2641183953536,0,25.8559166652582,0,0,0,20.7622415270124,0,0,0,6.76236985813488,0,9.53115430932779,0,0,0,10.2321733236313,0,15.2727817918213,0,4.61356286906372,0,5.75178093853451,22.5114439450778,0,0,0,30.440990447998,0,0,0,0,0,28.3296198290448,0,0,0,0,0,41.4802303552628,0,0,0,15.7151688337326,0,17.8306671188263,19.8521863688593,0
0,0,7.37834167480469,0,0,0,4.23494995267768,0,3.0588875474601,0,5.85000887784091,0,0,0,0,0,0,0,0,0,9.25201727793767,0,0,0,0,0,0,0,0,0,0,0,0,0,0,0,22.7836208343506,0,0,0,0,0,34.3400292029748,0,0,0,0,0,0,0,6.81342192490896,0,3.73145450735992,0,3.306147813797,0,7.512427110672,0,4.02157640457153,0,0,0,0,11.0659863154093,0,0,0,0,0,0,0,0,0,47.9521598815918,0,0,0,0,0,0,0,0,3.40467754999797,2.95062972949101,6.56253634574937,0,25.5194072723389
0,0,0,15.380636780761,0,0,0,2.95892333984375,0,5.83815224170685,0,12.4141054153442,0,0,0,0,0,0,0,9.8921979766781,0,0,0,0,0,0,0,0,0,0,0,0,0,0,0,21.2841237386068,0,0,0,0,0,51.3700014750163,0,0,0,35.2777194976807,0,0,0,40.6560707092285,0,5.67273617993801,0,2.94304299354553,0,7.81456811726093,0,7.62884815533956,0,0,0,0,8.30228237424578,0,0,0,0,0,0,0,0,0,0,0,0,0,0,0,55.3815625508626,0,0,0,4.57933521866798,0,14.1660170613622,0,0
0,0,0,0,4.23494995267768,0,0,0,0,0,2.8261433669499,0,0,0,0,0,0,0,0,0,4.14237972000736,0,0,0,0,0,0,0,0,0,0,0,0,0,0,0,0,0,0,0,0,0,0,0,0,0,0,0,0,0,3.91756917880132,0,3.52696452116102,0,0,0,9.63403899329049,0,3.66343447436457,0,0,0,0,5.24194105612029,0,0,0,0,0,0,0,0,0,0,0,0,0,0,0,0,0,0,2.95039629658987,3.70748761604572,0,0,0
0,0,0,0,0,2.95892333984375,0,0,0,0,0,3.48565961917241,0,0,0,0,0,0,0,3.62301612386898,0,0,0,0,0,0,0,0,0,0,0,0,0,0,0,0,0,0,0,0,0,0,0,0,0,0,0,0,0,0,0,5.08665723872907,0,3.19402783161155,0,0,0,7.91406131318185,0,3.45100770498577,0,0,8.21449331987917,0,0,0,0,0,0,0,0,0,0,0,0,0,0,0,0,0,0,0,3.63021261551801,2.99364533424377,0,0,0
9.83895860013799,0,10.0165762901306,0,3.0588875474601,0,0,0,0,0,0,0,0,0,4.51967427560261,0,8.64001385266942,52.5261793136597,15.1844165975397,0,0,0,34.533203125,0,7.42356676101685,0,9.56344276316026,0,0,0,0,0,0,0,0,0,0,0,14.5707774291167,0,0,0,14.5601815218603,0,0,0,0,21.5136127471924,12.8466712236404,0,12.3175642108917,0,0,0,8.33376907639215,0,9.23318207263947,0,12.1905484318733,0,9.13170182011848,0,0,0,0,0,0,4.79288148880005,0,14.4658311009407,0,0,0,0,0,0,0,0,0,0,0,10.1096199560165,6.42535118494561,0,20.5248268596999,0,6.97434043884277
0,8.40227566041808,0,12.7410057874826,0,5.83815224170685,0,0,0,0,0,0,0,0,0,5.28199558734894,51.1842927932739,9.2122604755047,9.9470198778219,0,0,0,0,11.6275412014553,0,20.8433465957642,55.3887023925781,0,0,0,0,0,0,0,0,0,0,12.3991041542316,0,0,0,12.6242480513076,0,0,0,0,0,0,0,6.15104322433472,0,10.0924417715806,0,0,0,7.46808094211392,0,0,0,0,0,10.4378578391942,0,0,0,0,9.40765342447493,0,23.5623925526937,0,0,0,0,0,0,0,0,0,54.3832492828369,0,12.278909348427,0,7.19190020012341,2.85619201660156,14.9260674301207,17.1232684453328,0
0,0,0,0,5.85000887784091,0,2.8261433669499,0,0,0,0,0,3.49868281225188,0,0,0,0,0,0,0,3.68440865762987,0,0,0,0,0,0,0,3.3296955883503,0,3.58233406146367,0,0,0,0,0,5.39536848293608,0,4.99967342035316,0,0,0,0,0,0,0,0,0,0,0,3.8307679664521,0,3.38315005302429,0,0,0,6.74625767221244,0,3.30665697222171,0,0,0,0,4.01672009059361,0,0,0,0,0,0,0,0,0,4.07214337587357,0,0,0,0,0,5.1186744927028,0,6.52832384885744,3.3400339748286,3.70390023203457,0,0,0
0,0,0,0,0,12.4141054153442,0,3.48565961917241,0,0,0,0,0,3.94374577175487,0,0,0,0,0,4.43838613545335,0,0,0,0,0,0,0,4.1724739074707,0,4.96988869985682,0,0,0,0,0,3.98785340801523,0,4.15814192108191,0,0,0,0,0,0,0,0,0,0,0,0,0,7.15626192092896,0,6.7537260055542,0,0,0,6.15291061068312,0,4.95757845459562,0,0,8.5217977697693,0,0,0,0,0,0,0,0,0,8.43577789264137,0,0,0,0,0,4.60820607333656,0,5.25754550485858,0,3.78680865551398,0,15.7163749337196,0,0
0,0,0,0,0,0,0,0,0,0,3.49868281225188,0,0,0,3.48345284660657,0,8.84724235534668,0,0,0,0,0,0,0,0,0,5.31019483009974,0,2.9796009461085,0,0,0,0,0,0,0,0,0,0,0,0,0,0,0,0,0,0,0,0,0,0,0,3.52338698506355,0,0,0,4.51385666023601,0,3.24829855254202,0,0,0,0,0,0,0,0,0,0,0,0,4.00247526168823,0,0,0,0,0,0,0,0,0,0,3.45879786809285,3.28345191478729,0,0,0
0,0,0,0,0,0,0,0,0,0,0,3.94374577175487,0,0,0,2.96319770812988,0,0,0,0,0,0,0,0,0,3.01102263728778,0,3.19364008783292,0,0,0,0,0,0,0,0,0,0,0,0,0,0,0,0,0,0,0,0,0,0,0,0,0,0,0,0,0,4.07963085902927,0,4.30947468805814,0,0,0,0,0,0,0,0,2.88615982460253,0,4.18856266472075,0,15.6637042363485,0,0,0,0,0,0,0,0,0,2.99330894152323,0,0,0,0
0,0,0,0,0,0,0,0,4.51967427560261,0,0,0,3.48345284660657,0,0,0,8.00518139424147,43.7090818881989,18.3034629821777,0,0,0,17.6329679489136,0,9.43565845489502,55.8385467529297,5.86171608298789,0,3.48424959182739,0,0,0,0,0,0,0,0,0,0,0,0,0,37.3148765563965,0,0,0,0,0,0,0,0,0,0,0,9.79053423404694,0,0,0,2.73566949367523,0,4.2197979837656,0,0,0,0,0,0,18.5568475723267,58.9799766540527,3.85470882389281,0,3.1994414806366,0,0,0,0,0,0,0,0,0,0,7.21143091776792,5.96755685806274,27.6770044962565,0,0
0,0,0,0,0,0,0,0,0,5.28199558734894,0,0,0,2.96319770812988,0,0,38.6516575935559,14.5591317928708,21.2561979293823,0,0,0,0,18.2951526641846,0,6.63927595755633,0,0,0,0,0,0,0,0,0,0,0,0,0,0,0,0,0,0,0,0,0,0,0,0,0,5.07489633560181,0,0,0,8.9158608118693,0,0,0,0,0,3.34879231452942,0,0,0,0,0,0,4.69505217313766,0,0,0,0,0,0,0,0,0,0,0,0,0,6.73501233311443,3.83371789753437,52.2564315795898,0,0
15.4776768860994,0,0,93.3395729064941,0,0,0,0,8.64001385266942,51.1842927932739,0,0,8.84724235534668,0,8.00518139424147,38.6516575935559,0,24.310014437223,20.6777814763376,0,32.9267959594727,28.9110260009766,12.4734638056804,36.3674011230469,11.2397907677661,41.0609384130259,8.07398245657468,0,3.61012083187438,0,0,0,0,0,0,117.428665161133,67.8118883768717,0,0,80.2084701939633,45.3424997227166,67.9780868902439,39.8815575857011,0,0,62.8979774475098,41.097977031361,0,0,0,0,0,0,0,9.8657101222447,0,37.5934495423969,78.7171325683594,0,0,9.55220451760799,41.8291027762673,0,37.253624259101,0,11.4930093063498,0,16.0184206427768,40.2227154918339,12.6701096624136,0,3.77293714610013,50.7142524719238,35.8565621627004,0,0,0,0,91.570899605751,48.8702050041907,0,49.5922421046666,14.9517720692868,5.1116717921363,44.8697664770139,57.798716545105,27.6520366668701
0,8.45122051239014,0,49.9808057149251,0,0,0,0,52.5261793136597,9.2122604755047,0,0,0,0,43.7090818881989,14.5591317928708,24.310014437223,0,22.1589748653993,0,0,5.06948406451216,34.9522784698841,12.5841608388083,43.3819732666016,8.91189893108842,43.0800723281561,4.44191667708484,0,0,0,0,0,0,0,85.3313217163086,0,0,0,59.9269304504394,78.7316823005676,49.0874029488399,70.0661754608154,0,0,46.8406581878662,0,0,0,0,0,0,0,0,0,6.40589814526694,78.3988037109375,47.5314533060247,0,0,49.2147019704183,16.3663740337536,28.1479396820068,61.8579330444336,3.57891064882278,26.1031018892924,0,44.3353338813782,12.5907338460956,40.6321368584266,0,0,46.680055141449,64.0004348754883,0,0,0,0,65.9724378434439,73.4645500183105,0,0,14.5740765318558,4.80126970242231,43.2841083196633,40.1236463434556,85.9312057495117
14.9352027575175,23.7035663127899,0,34.0049364190353,0,0,0,0,15.1844165975397,9.9470198778219,0,0,0,0,18.3034629821777,21.2561979293823,20.6777814763376,22.1589748653993,0,0,50.5537414550781,0,44.4273559570313,53.3007431030273,28.5797500610352,35.1532063711257,46.7375857035319,0,0,0,0,0,0,0,0,67.5408318837484,70.4778141784668,9.17432213063334,0,41.6732743685665,39.4521785967566,27.3245491813742,31.4688292752353,0,0,32.4764779218987,33.8429233839637,44.2513771057129,35.6350777609306,44.1731836795807,0,30.4915523529053,0,0,0,14.9203907812343,37.3555234273275,28.7694081709935,0,0,77.8638381958008,12.5312614440918,35.5627688239602,39.6851429251937,0,0,0,30.3755423227946,32.943161512676,44.5801467895508,0,0,30.8398549729499,36.8520428975423,0,0,44.5057792663574,0,50.1514285555217,42.8011089024296,13.3369725499834,44.1436014175415,16.4095871300608,0,32.2795437684503,23.1737734818592,30.7342477444781
0,0,0,14.1251001358032,0,9.8921979766781,0,3.62301612386898,0,0,0,4.43838613545335,0,0,0,0,0,0,0,0,0,0,0,0,0,0,0,0,0,0,0,0,0,0,0,4.67386645078659,0,3.86018566290538,0,0,0,0,0,0,0,0,0,0,0,0,0,12.9545532464981,0,0,0,0,0,15.1497321923574,0,0,0,0,3.93421423565258,0,0,0,0,0,0,0,0,0,0,0,0,0,0,0,5.35373740542815,0,4.56272799894214,0,3.86102627474686,0,7.07950852336756,0,0
0,0,0,0,9.25201727793767,0,4.14237972000736,0,0,0,3.68440865762987,0,0,0,0,0,32.9267959594727,0,50.5537414550781,0,0,0,0,0,0,0,0,0,0,0,0,0,0,0,0,0,6.74544998698764,0,3.71179990070622,0,44.7815818786621,0,0,0,0,0,7.65601162115733,0,0,0,11.3186073303223,0,7.84374420186307,0,0,0,8.40530344034662,0,0,0,0,0,0,5.50093587562751,0,0,0,0,0,0,0,0,0,0,0,0,0,0,0,7.12499370439416,0,8.39745012919108,4.11126477874104,4.8654681955065,7.42468354178638,0,0
0,0,0,0,0,0,0,0,0,0,0,0,0,0,0,0,28.9110260009766,5.06948406451216,0,0,0,0,3.53908802941442,2.83532137029311,0,3.30806725365775,0,2.91693008740743,0,0,0,0,0,0,0,0,0,5.87427039538146,7.73562069292422,74.944953918457,0,0,0,0,0,0,0,0,0,4.94958847677204,0,0,0,0,0,0,0,0,0,0,0,0,0,0,5.17336027810636,4.76866072416306,4.46734394810416,0,3.43425118923187,0,4.47754172455493,0,0,0,0,0,0,0,0,0,8.17854989016497,8.74247980117798,4.45020166804305,4.01231019393258,0,0,0
88.2416076660156,0,0,0,0,0,0,0,34.533203125,0,0,0,0,0,17.6329679489136,0,12.4734638056804,34.9522784698841,44.4273559570313,0,0,3.53908802941442,0,0,8.84333191411249,0,6.85297897933186,0,3.45733390683713,0,0,0,0,0,0,0,0,7.61613178253174,7.30494955453006,0,0,0,26.1230907440186,0,0,0,0,0,7.23793168313458,0,0,0,0,0,0,0,0,0,0,0,0,0,0,0,3.06472730636597,5.14666973318535,0,5.44546786009097,30.5476913452148,5.31630496515168,0,8.00790724256349,0,12.6432605584462,0,0,0,0,0,0,0,8.57905940483086,4.9603759739548,3.63803919156392,17.8709964752197,0,0
0,17.247323439039,0,0,0,0,0,0,0,11.6275412014553,0,0,0,0,0,18.2951526641846,36.3674011230469,12.5841608388083,53.3007431030273,0,0,2.83532137029311,0,0,0,8.00638437271118,0,0,0,0,0,0,0,13.4927072525024,0,0,0,4.1656323643418,0,0,0,0,0,0,0,0,0,0,0,5.20866684363439,0,0,0,0,0,6.64392085245677,0,0,0,0,0,26.1216802597046,0,0,5.65887367471736,0,4.4049213299273,0,12.0208306312561,0,0,0,0,0,0,0,14.4053950309753,0,0,0,6.49877466280908,0,4.07886178724227,0,4.58507369704868,0,0
0,0,0,0,0,0,0,0,7.42356676101685,0,0,0,0,0,9.43565845489502,0,11.2397907677661,43.3819732666016,28.5797500610352,0,0,0,8.84333191411249,0,0,0,3.67906392428835,0,0,0,0,0,0,0,0,0,0,0,6.41055295816918,0,0,0,21.5704477266832,0,0,0,0,29.570216178894,7.52614705428361,0,0,0,0,0,9.56907621224721,0,0,0,0,0,16.6115250587463,0,0,56.4345512390137,0,8.47412785655724,0,4.1581613931266,0,4.40126193486727,0,5.62671418190002,0,13.0618886947632,0,0,0,0,0,48.5170249938965,0,11.6360146295829,7.33730745371519,0,6.32607738602729,0,0
0,0,0,0,0,0,0,0,0,20.8433465957642,0,0,0,3.01102263728778,55.8385467529297,6.63927595755633,41.0609384130259,8.91189893108842,35.1532063711257,0,0,3.30806725365775,0,8.00638437271118,0,0,35.3940124511719,4.81308575374324,0,0,0,0,0,0,0,0,0,0,0,97.3977813720703,0,0,0,0,0,0,0,0,0,0,0,0,0,0,0,0,0,0,0,0,0,6.57105689048767,0,0,6.38383025169373,34.5314598083496,3.7972642068237,0,4.44536289324691,0,7.78876495361328,0,0,0,0,0,0,0,0,0,0,0,11.1160216097198,0,55.268274307251,0,0
0,0,0,0,0,0,0,0,9.56344276316026,55.3887023925781,0,0,5.31019483009974,0,5.86171608298789,0,8.07398245657468,43.0800723281561,46.7375857035319,0,0,0,6.85297897933186,0,3.67906392428835,35.3940124511719,0,0,4.18759967015943,0,0,0,0,0,0,0,0,0,0,0,0,0,0,0,0,0,0,0,0,0,0,0,0,0,0,0,0,0,0,0,6.29678444564342,0,0,0,0,3.85379939732893,0,3.79874499585177,66.3963928222656,4.14033310510374,0,3.45925325900316,0,0,0,0,0,0,0,0,0,0,6.44708380073539,0,0,0,0
0,0,0,0,0,0,0,0,0,0,0,4.1724739074707,0,3.19364008783292,0,0,0,4.44191667708484,0,0,0,2.91693008740743,0,0,0,4.81308575374324,0,0,0,4.6142988310451,0,0,0,0,0,0,0,3.23878821978966,0,0,0,0,0,0,0,0,0,0,0,0,0,0,0,0,0,0,0,6.69364509582519,0,4.01903693988675,0,0,0,0,3.50980132818222,0,0,0,5.05273440091506,0,5.17309944171966,0,3.80326196764197,0,0,0,0,0,0,0,6.2440109842279,0,3.58204587300619,0,0,0,0
0,0,0,0,0,0,0,0,0,0,3.3296955883503,0,2.9796009461085,0,3.48424959182739,0,3.61012083187438,0,0,0,0,0,3.45733390683713,0,0,0,4.18759967015943,0,0,0,3.22198418331774,0,0,0,0,0,0,0,3.93903853989287,0,0,0,0,0,0,0,0,0,4.39256191253662,0,0,0,0,0,0,0,4.18975646646173,0,2.91320530573527,0,0,0,0,0,0,5.50546209435714,0,0,0,3.00856079374041,0,3.82928972199101,0,3.76953028303678,0,0,0,0,0,0,0,4.50202279289563,3.75240819207553,0,0,0,0
0,0,0,0,0,0,0,0,0,0,0,4.96988869985682,0,0,0,0,0,0,0,0,0,0,0,0,0,0,0,4.6142988310451,0,0,0,0,0,0,0,0,0,5.08057784912847,0,0,0,0,0,0,0,0,0,0,0,0,0,0,0,0,0,0,0,8.69165176503799,0,0,0,0,0,0,0,0,0,0,0,0,6.19457476172182,0,5.40346727962854,0,0,0,0,0,0,0,4.30698790395163,0,0,0,0,0,0
0,0,0,0,0,0,0,0,0,0,3.58233406146367,0,0,0,0,0,0,0,0,0,0,0,0,0,0,0,0,0,3.22198418331774,0,0,0,0,0,0,0,0,0,2.93451412824484,0,0,0,0,0,0,0,0,0,0,0,0,0,0,0,0,0,3.61176785259712,0,0,0,0,0,0,0,0,0,0,0,0,0,0,0,0,3.4382077880608,0,0,0,0,0,0,0,3.33497790856795,3.14086277484894,0,0,0,0
0,0,0,0,0,0,0,0,0,0,0,0,0,0,0,0,0,0,0,0,0,0,0,0,0,0,0,0,0,0,0,0,3.96999451420745,0,3.63899538993835,3.61959278583527,4.56123092228716,0,0,0,0,0,0,0,0,0,0,4.93857816990659,0,0,0,0,0,0,0,0,0,0,0,0,0,0,0,0,0,0,0,0,0,0,0,0,0,0,6.3734675321793,5.87220051754435,4.08613576740026,12.8833494553199,3.68603369909174,12.7627088455927,0,0,3.00970898099142,0,0,0,0
0,0,0,0,0,0,0,0,0,0,0,0,0,0,0,0,0,0,0,0,0,0,0,0,0,0,0,0,0,0,0,3.96999451420745,0,3.54137816429138,12.7188762823741,3.48685410605537,3.46222965567222,0,0,0,11.3892383575439,0,0,0,0,0,0,4.76361775916355,0,0,0,0,0,0,0,0,0,0,0,0,0,0,0,0,0,0,0,0,0,0,0,0,0,0,4.8315692035341,3.79395010780901,8.01670455932617,8.85598276770689,3.43903316540665,4.66391645540362,0,0,3.62032221164941,0,0,0,0
0,0,0,0,0,0,0,0,0,0,0,0,0,0,0,0,0,0,0,0,0,0,0,13.4927072525024,0,0,0,0,0,0,0,0,3.54137816429138,0,4.13625134437703,4.29141167394158,3.01722989865203,4.12571666508737,5.7810050646464,0,0,5.05117464065552,0,0,0,0,0,4.94918410139618,12.2045698165894,3.36815388997396,0,0,0,0,0,0,0,0,0,0,0,0,0,0,0,0,0,0,0,0,0,0,0,0,0,6.84259653091431,4.44330667853781,6.18016517710985,5.680329674298,0,7.43665908523228,6.36883044242859,3.12542777569568,7.48721083005269,3.87026236337774,0,0
0,0,0,0,0,0,0,0,0,0,0,0,0,0,0,0,0,0,0,0,0,0,0,0,0,0,0,0,0,0,0,3.63899538993835,12.7188762823741,4.13625134437703,0,0,4.34176962869661,3.40825481414795,3.75820784250895,0,0,0,0,0,0,0,0,6.02775001027042,10.0803747177124,13.7051057815552,0,0,0,0,0,0,0,0,0,0,0,0,0,0,0,0,0,0,0,0,0,0,0,0,4.00005496631969,15.9513376842846,3.8124979476134,6.75900189348581,0,5.58756328240419,0,4.9782866387997,3.78478347530681,0,6.68935503959656,0,0
0,0,0,31.7105129241943,0,21.2841237386068,0,0,0,0,0,3.98785340801523,0,0,0,0,117.428665161133,85.3313217163086,67.5408318837484,4.67386645078659,0,0,0,0,0,0,0,0,0,0,0,3.61959278583527,3.48685410605537,4.29141167394158,0,0,3.40767880916915,5.05975125036507,4.38284617134287,46.0111080949957,0,57.4840319951375,0,0,0,32.0208112355825,0,4.35476262141497,21.1900653839111,5.74563537325178,0,48.0370035171509,0,0,0,0,0,5.59223063396774,0,82.0212326049805,0,0,7.9776911246972,0,0,0,0,0,0,0,0,0,0,0,5.81157553672791,4.87747274596116,6.35959742002681,0,5.74966639631583,5.27763003306953,5.92163742083711,0,4.35419935440655,3.56677551155999,15.8381050400815,44.8263336181641,0
0,0,0,0,22.7836208343506,0,0,0,0,0,5.39536848293608,0,0,0,0,0,67.8118883768717,0,70.4778141784668,0,6.74544998698764,0,0,0,0,0,0,0,0,0,0,4.56123092228716,3.46222965567222,3.01722989865203,4.34176962869661,3.40767880916915,0,0,4.70184828936217,0,37.8664577780543,0,71.3237940470378,0,0,0,43.5803760936242,3.78189043700695,24.435716342926,0,33.9807949066162,0,0,0,0,0,8.56963382189787,0,0,0,0,0,0,17.8827502067222,0,0,0,0,0,0,0,0,0,0,3.2691117462359,7.94033865284819,5.54034898281097,7.97555078547678,4.35805625408694,6.56191080764529,0,7.47167129431262,4.28239543786279,3.91495456653981,17.7872313429242,104.955821990967,0
0,23.2445794885809,0,0,0,0,0,0,0,12.3991041542316,0,4.15814192108191,0,0,0,0,0,0,9.17432213063334,3.86018566290538,0,5.87427039538146,7.61613178253174,4.1656323643418,0,0,0,3.23878821978966,0,5.08057784912847,0,0,0,4.12571666508737,3.40825481414795,5.05975125036507,0,0,4.2335789519591,0,0,6.07052352934173,0,0,0,14.9724340438843,0,6.11173634780081,0,5.41596858458086,0,33.1395370483398,0,0,0,13.5249991299916,0,6.12776012854143,0,0,0,31.6455783843994,6.82695330836909,0,6.03020492086605,4.9517548084259,5.20850306327215,0,0,0,3.8465722152165,0,5.92830157475073,0,0,0,6.22934902288828,14.33056640625,7.4847146626028,0,5.6779093743034,3.83918818381437,5.46181715830355,3.44787554568555,4.90290755575353,0,0
0,0,0,0,0,0,0,0,14.5707774291167,0,4.99967342035316,0,0,0,0,0,0,0,0,0,3.71179990070622,7.73562069292422,7.30494955453006,0,6.41055295816918,0,0,0,3.93903853989287,0,2.93451412824484,0,0,5.7810050646464,3.75820784250895,4.38284617134287,4.70184828936217,4.2335789519591,0,0,0,0,6.47216392672339,0,0,0,0,5.53818633291456,6.33591737193999,0,33.5989990234375,0,0,0,14.9159856598808,0,9.05295615786254,0,0,0,27.8205541610718,0,0,33.3658103942871,0,8.40575862197876,0,4.18367981910706,0,3.353928565979,0,7.95326292699336,0,8.46851859092712,0,0,3.14674663543701,12.2268553125587,7.92266201972961,6.63324190678182,8.66092134880896,5.08489486159458,4.95519870263538,3.16540269056956,4.71484817648834,0,6.77363519235091
0,32.8472893454812,0,46.2641183953536,0,0,0,0,0,0,0,0,0,0,0,0,80.2084701939633,59.9269304504394,41.6732743685665,0,0,74.944953918457,0,0,0,97.3977813720703,0,0,0,0,0,0,0,0,0,46.0111080949957,0,0,0,0,57.8865242004395,25.1195880165046,47.9524993896484,0,0,10.8380526723273,62.8951530456543,30.1602993011475,24.201717376709,11.3996503744964,0,0,0,0,0,0,98.5647430419922,57.7386614481608,0,0,0,0,22.4947826597426,0,0,0,0,0,0,0,0,0,61.8225752512614,0,0,0,0,0,28.0409860292622,120.82243347168,0,0,38.7721096530514,0,16.3794302248779,29.4197022682798,0
31.439966746739,0,0,0,0,0,0,0,0,0,0,0,0,0,0,0,45.3424997227166,78.7316823005676,39.4521785967566,0,44.7815818786621,0,0,0,0,0,0,0,0,0,0,0,11.3892383575439,0,0,0,37.8664577780543,0,0,57.8865242004395,0,60.6891356075511,27.6474220231657,0,0,0,20.6771673526008,7.64376999229513,10.1332095553093,33.4680786132812,0,0,0,0,0,0,0,0,0,0,0,0,0,7.50174577509037,0,0,0,0,0,0,0,0,0,8.4047532081604,0,9.38343732697623,0,0,69.5969352722168,22.2190953237704,0,7.96916083991528,38.6694452437766,0,17.1194439001183,0,21.7429605381829
0,19.0152411764743,0,25.8559166652582,0,51.3700014750163,0,0,0,12.6242480513076,0,0,0,0,0,0,67.9780868902439,49.0874029488399,27.3245491813742,0,0,0,0,0,0,0,0,0,0,0,0,0,0,5.05117464065552,0,57.4840319951375,0,6.07052352934173,0,25.1195880165046,60.6891356075511,0,17.5574675747879,0,0,37.3007005964007,56.7063446044922,9.6342285461204,23.3455096244812,13.9969987589093,0,26.8222680091858,0,0,0,16.6677545350173,0,19.2560452032596,0,29.6107346670968,0,30.4562902450562,23.5800360838572,55.0250301361084,0,0,0,0,83.5299015045166,0,0,0,16.4507696368755,60.4456100463867,0,0,11.489860534668,16.4139370918274,35.8303870998062,63.0580101013184,0,0,20.6929117478375,11.5131299972534,18.4084677470412,13.9840025297678,18.2188885516309
20.5183637449818,0,22.1672443485946,0,34.3400292029748,0,0,0,14.5601815218603,0,0,0,0,0,37.3148765563965,0,39.8815575857011,70.0661754608154,31.4688292752353,0,0,0,26.1230907440186,0,21.5704477266832,0,0,0,0,0,0,0,0,0,0,0,71.3237940470378,0,6.47216392672339,47.9524993896484,27.6474220231657,17.5574675747879,0,0,0,0,30.9272018313408,7.86249353835192,10.726695524149,23.4316193262736,39.9906578063965,0,0,0,21.0220060520565,0,17.793615122123,0,31.1522331237793,0,23.8831894397736,0,0,22.6267696627704,0,0,0,0,0,33.7424774169922,0,21.2223987579346,0,17.0314693742485,0,0,0,0,62.3394879659017,31.0460246932245,0,15.8268055370876,15.4012234084236,8.45541276534398,15.9799172388203,11.785469927843,10.2367385048802
0,0,0,0,0,0,0,0,0,0,0,0,0,0,0,0,0,0,0,0,0,0,0,0,0,0,0,0,0,0,0,0,0,0,0,0,0,0,0,0,0,0,0,0,0,0,0,0,0,0,0,0,0,0,0,0,0,16.3267097473145,0,0,0,0,0,0,0,0,0,0,0,0,0,0,0,0,0,0,0,0,0,0,0,0,6.52294683456421,0,0,0,0
0,0,0,0,0,0,0,0,0,0,0,0,0,0,0,0,0,0,0,0,0,0,0,0,0,0,0,0,0,0,0,0,0,0,0,0,0,0,0,0,0,0,0,0,0,0,0,0,0,0,0,0,0,0,0,0,0,0,0,0,0,0,0,0,0,0,0,0,0,0,0,0,0,0,0,0,0,0,0,0,0,0,0,0,0,0,0
0,21.8950123786926,0,20.7622415270124,0,35.2777194976807,0,0,0,0,0,0,0,0,0,0,62.8979774475098,46.8406581878662,32.4764779218987,0,0,0,0,0,0,0,0,0,0,0,0,0,0,0,0,32.0208112355825,0,14.9724340438843,0,10.8380526723273,0,37.3007005964007,0,0,0,0,0,0,0,0,0,0,0,0,0,0,0,33.6506717164638,0,27.0036239624023,0,0,10.5655395482284,0,0,0,0,0,0,82.6128311157227,0,0,35.0903852636164,0,0,0,0,0,18.7198989617997,0,12.6497290096586,0,26.4915995676009,0,17.6449545089247,0,0
0,0,0,0,0,0,0,0,0,0,0,0,0,0,0,0,41.097977031361,0,33.8429233839637,0,7.65601162115733,0,0,0,0,0,0,0,0,0,0,0,0,0,0,0,43.5803760936242,0,0,62.8951530456543,20.6771673526008,56.7063446044922,30.9272018313408,0,0,0,0,46.7027702331543,24.6673345565796,0,0,0,0,0,0,0,29.2943088531494,0,0,0,0,0,0,17.1321490993096,0,0,0,0,0,0,0,0,0,41.7890663146973,0,0,0,0,57.1083011627197,22.3281601978188,0,12.7841593677347,40.8443374633789,0,21.5998606604079,33.8039107322693,35.0853183004591
0,0,0,0,0,0,0,0,21.5136127471924,0,0,0,0,0,0,0,0,0,44.2513771057129,0,0,0,0,0,29.570216178894,0,0,0,0,0,0,4.93857816990659,4.76361775916355,4.94918410139618,6.02775001027042,4.35476262141497,3.78189043700695,6.11173634780081,5.53818633291456,30.1602993011475,7.64376999229513,9.6342285461204,7.86249353835192,0,0,0,46.7027702331543,0,7.06283720591073,8.92078430443129,0,0,0,0,45.65260887146,0,0,0,0,0,0,0,0,0,0,36.1011257171631,0,25.8369922637939,0,0,0,0,0,0,4.51306799728068,6.05994184713933,5.0661843486979,7.11350910814278,6.44441678314977,6.88636795397448,9.86452484130859,9.08028612417333,6.40884633545753,5.31107680002848,6.95021123525317,7.5048558473587,5.62236114648672
5.93465856288342,0,4.3589150817306,0,0,0,0,0,12.8466712236404,0,0,0,0,0,0,0,0,0,35.6350777609306,0,0,0,7.23793168313458,0,7.52614705428361,0,0,0,4.39256191253662,0,0,0,0,12.2045698165894,10.0803747177124,21.1900653839111,24.435716342926,0,6.33591737193999,24.201717376709,10.1332095553093,23.3455096244812,10.726695524149,0,0,0,24.6673345565796,7.06283720591073,0,7.96851821430027,0,0,0,0,13.6580635417591,0,6.75782442092896,0,6.23796373321897,0,4.4379932085673,0,0,0,0,13.2948953892157,0,7.18957034063555,0,3.4356807867686,0,3.8765174936741,0,8.4804616355896,0,5.29796999692917,0,0,27.406872681209,8.65683974447906,0,6.37315998220802,12.3297735028562,0,8.74284425943205,0,31.2235523223877
0,6.5708287115786,0,6.76236985813488,0,40.6560707092285,0,0,0,6.15104322433472,0,0,0,0,0,0,0,0,44.1731836795807,0,0,4.94958847677204,0,5.20866684363439,0,0,0,0,0,0,0,0,0,3.36815388997396,13.7051057815552,5.74563537325178,0,5.41596858458086,0,11.3996503744964,33.4680786132812,13.9969987589093,23.4316193262736,0,0,0,0,8.92078430443129,7.96851821430027,0,0,4.30083952166817,0,0,0,9.55027523040772,0,3.93333179375221,0,2.97365252595199,0,3.60947186170622,9.89984607696533,0,4.92611605496634,0,6.00724284255898,0,5.92498085769356,0,5.18225574780659,0,4.87875220650121,0,0,11.4202728271484,3.90344309806824,16.2292194366455,10.8907972555397,0,5.77536858475053,0,17.0795930505182,0,6.61937840800661,20.0154042243958,0
15.4997618993123,0,10.8487171851672,0,6.81342192490896,0,3.91756917880132,0,12.3175642108917,0,3.8307679664521,0,0,0,0,0,0,0,0,0,11.3186073303223,0,0,0,0,0,0,0,0,0,0,0,0,0,0,0,33.9807949066162,0,33.5989990234375,0,0,0,39.9906578063965,0,0,0,0,0,0,0,0,0,4.40793185287647,0,4.08064052865312,0,6.60916241730144,0,4.27379886920636,0,0,0,0,11.0473582267761,0,0,0,0,0,0,0,0,0,0,0,0,0,0,0,0,0,0,0,0,11.7151361744979,0,0
0,15.1129746437073,0,9.53115430932779,0,5.67273617993801,0,5.08665723872907,0,10.0924417715806,0,7.15626192092896,0,0,0,5.07489633560181,0,0,30.4915523529053,12.9545532464981,0,0,0,0,0,0,0,0,0,0,0,0,0,0,0,48.0370035171509,0,33.1395370483398,0,0,0,26.8222680091858,0,0,0,0,0,0,0,4.30083952166817,0,0,0,4.32368058823703,0,13.4202053244685,0,5.63981583626728,0,2.82031273841858,0,3.80097150802612,7.96641173362732,0,0,0,0,0,0,0,0,0,0,0,0,0,0,0,0,0,0,0,8.20355627505608,0,10.5319017973103,0,0
0,0,0,0,3.73145450735992,0,3.52696452116102,0,0,0,3.38315005302429,0,3.52338698506355,0,0,0,0,0,0,0,7.84374420186307,0,0,0,0,0,0,0,0,0,0,0,0,0,0,0,0,0,0,0,0,0,0,0,0,0,0,0,0,0,4.40793185287647,0,0,0,0,0,6.27859530815991,0,6.99117358895235,0,0,0,0,11.7051099181175,0,0,0,0,0,0,0,0,0,0,0,0,0,0,0,0,0,0,3.80764359586379,2.9698139667511,0,0,0
0,0,0,0,0,2.94304299354553,0,3.19402783161155,0,0,0,6.7537260055542,0,0,0,0,0,0,0,0,0,0,0,0,0,0,0,0,0,0,0,0,0,0,0,0,0,0,0,0,0,0,0,0,0,0,0,0,0,0,0,4.32368058823703,0,0,0,0,0,7.80187411423315,0,3.05392919396454,0,0,11.8357422620478,0,0,0,0,0,0,0,0,0,0,0,0,0,0,0,0,0,0,0,3.20552884129917,0,0,0,0
11.311764610057,0,0,0,3.306147813797,0,0,0,8.33376907639215,0,0,0,0,0,9.79053423404694,0,9.8657101222447,0,0,0,0,0,0,0,9.56907621224721,0,0,0,0,0,0,0,0,0,0,0,0,0,14.9159856598808,0,0,0,21.0220060520565,0,0,0,0,45.65260887146,13.6580635417591,0,4.08064052865312,0,0,0,0,0,0,0,27.2182273864746,0,11.601755372856,0,0,0,0,0,0,5.64923739433289,0,13.9624253000532,0,0,0,0,0,0,0,0,0,0,0,15.0731205463409,7.78149928536805,0,15.3803588131987,0,0
0,6.87981454344796,0,10.2321733236313,0,7.81456811726093,0,0,0,7.46808094211392,0,0,0,0,0,8.9158608118693,0,6.40589814526694,14.9203907812343,0,0,0,0,6.64392085245677,0,0,0,0,0,0,0,0,0,0,0,0,0,13.5249991299916,0,0,0,16.6677545350173,0,0,0,0,0,0,0,9.55027523040772,0,13.4202053244685,0,0,0,0,0,0,0,0,0,8.21626382503869,0,0,0,0,4.35180871303265,0,43.4141273498535,0,0,0,0,0,0,0,0,0,43.9868240356445,0,12.9446398360389,0,10.8454906022862,0,11.4694087518159,23.7087507247925,0
20.6101684570312,0,3.25272629230837,0,7.512427110672,0,9.63403899329049,0,9.23318207263947,0,6.74625767221244,0,4.51385666023601,0,0,0,37.5934495423969,78.3988037109375,37.3555234273275,0,8.40530344034662,0,0,0,0,0,0,0,4.18975646646173,0,3.61176785259712,0,0,0,0,0,8.56963382189787,0,9.05295615786254,98.5647430419922,0,0,17.793615122123,0,0,0,29.2943088531494,0,6.75782442092896,0,6.60916241730144,0,6.27859530815991,0,0,0,0,0,4.12014100637781,0,4.99539529404989,0,0,9.95579031912517,0,0,0,0,0,0,0,3.27013325691223,0,7.47491290731537,0,0,0,0,0,18.4473268483814,0,12.4075987096418,16.2793562350335,4.23145532608032,9.60802671437216,0,10.3836439739574
0,23.1895093917847,0,15.2727817918213,0,7.62884815533956,0,7.91406131318185,0,0,0,6.15291061068312,0,4.07963085902927,0,0,78.7171325683594,47.5314533060247,28.7694081709935,15.1497321923574,0,0,0,0,0,0,0,6.69364509582519,0,8.69165176503799,0,0,0,0,0,5.59223063396774,0,6.12776012854143,0,57.7386614481608,0,19.2560452032596,0,16.3267097473145,0,33.6506717164638,0,0,0,3.93333179375221,0,5.63981583626728,0,7.80187411423315,0,0,0,0,0,5.29876201989635,0,4.71692206859589,7.67472431919362,0,0,0,0,0,0,0,4.29757195711136,0,7.03670218255785,0,0,0,0,0,14.7205691015169,0,6.66668357654494,0,10.3724395106389,0,9.352561939651,15.6798953620755,0
9.4940424841993,0,4.11820714814322,0,4.02157640457153,0,3.66343447436457,0,12.1905484318733,0,3.30665697222171,0,3.24829855254202,0,2.73566949367523,0,0,0,0,0,0,0,0,0,0,0,0,0,2.91320530573527,0,0,0,0,0,0,0,0,0,0,0,0,0,31.1522331237793,0,0,0,0,0,6.23796373321897,0,4.27379886920636,0,6.99117358895235,0,27.2182273864746,0,4.12014100637781,0,0,0,7.38464014224859,0,0,0,0,0,0,0,0,9.94257164001465,0,0,0,0,0,0,0,0,0,0,0,0,8.57001504898071,0,14.617235258715,0,0
0,0,0,4.61356286906372,0,0,0,3.45100770498577,0,0,0,4.95757845459562,0,4.30947468805814,0,0,0,0,0,0,0,0,0,0,0,0,0,4.01903693988675,0,0,0,0,0,0,0,82.0212326049805,0,0,0,0,0,29.6107346670968,0,0,0,27.0036239624023,0,0,0,2.97365252595199,0,2.82031273841858,0,3.05392919396454,0,0,0,5.29876201989635,0,0,0,3.35699698058042,0,0,0,0,0,0,0,0,5.25066659389398,0,35.8626670837402,0,0,0,0,0,48.2146865844727,0,0,0,5.60892565433796,0,13.6379011372725,0,0
7.85998364441267,0,0,0,0,0,0,0,9.13170182011848,0,0,0,0,0,4.2197979837656,0,9.55220451760799,49.2147019704183,77.8638381958008,0,0,0,0,0,16.6115250587463,0,6.29678444564342,0,0,0,0,0,0,0,0,0,0,0,27.8205541610718,0,0,0,23.8831894397736,0,0,0,0,0,4.4379932085673,0,0,0,0,0,11.601755372856,0,4.99539529404989,0,7.38464014224859,0,0,0,0,0,0,0,0,18.9142913818359,0,30.585880279541,0,0,0,0,0,0,0,0,0,0,0,0,7.27986539493908,0,23.8645112755323,0,0
0,7.46571706165194,0,5.75178093853451,0,0,0,0,0,10.4378578391942,0,0,0,0,0,3.34879231452942,41.8291027762673,16.3663740337536,12.5312614440918,0,0,0,0,26.1216802597046,0,6.57105689048767,0,0,0,0,0,0,0,0,0,0,0,31.6455783843994,0,0,0,30.4562902450562,0,0,0,0,0,0,0,3.60947186170622,0,3.80097150802612,0,0,0,8.21626382503869,0,4.71692206859589,0,3.35699698058042,0,0,0,0,0,0,0,0,4.80615269570124,0,0,0,0,0,0,0,0,0,0,0,0,0,20.5926819515228,0,25.8199404080709,0,0
0,22.4639453887939,0,22.5114439450778,0,8.30228237424578,0,8.21449331987917,0,0,0,8.5217977697693,0,0,0,0,0,28.1479396820068,35.5627688239602,3.93421423565258,0,0,0,0,0,0,0,0,0,0,0,0,0,0,0,7.9776911246972,0,6.82695330836909,0,22.4947826597426,0,23.5800360838572,0,0,0,10.5655395482284,0,0,0,9.89984607696533,0,7.96641173362732,0,11.8357422620478,0,0,0,7.67472431919362,0,0,0,0,0,0,0,0,0,0,0,0,0,0,10.094401459635,0,0,0,0,0,6.64694151343356,0,11.6470485870228,0,4.08117222130797,0,14.5921376125676,0,0
24.865617275238,0,20.6526050567627,0,11.0659863154093,0,5.24194105612029,0,0,0,4.01672009059361,0,0,0,0,0,37.253624259101,61.8579330444336,39.6851429251937,0,5.50093587562751,0,0,0,56.4345512390137,0,0,0,0,0,0,0,0,0,0,0,17.8827502067222,0,33.3658103942871,0,7.50174577509037,55.0250301361084,22.6267696627704,0,0,0,17.1321490993096,0,0,0,11.0473582267761,0,11.7051099181175,0,0,0,9.95579031912517,0,0,0,0,0,0,0,0,0,0,0,79.8741302490234,0,0,0,0,16.1664800220066,0,0,0,0,0,20.5283782608241,0,13.6699642786506,20.0061274851522,0,16.8512115177107,0,19.7162979350371
0,0,0,0,0,0,0,0,0,0,0,0,0,0,0,0,0,3.57891064882278,0,0,0,5.17336027810636,3.06472730636597,5.65887367471736,0,6.38383025169373,0,3.50980132818222,0,0,0,0,0,0,0,0,0,6.03020492086605,0,0,0,0,0,0,0,0,0,0,0,4.92611605496634,0,0,0,0,0,0,0,0,0,0,0,0,0,0,0,0,4.83564464586327,0,5.18528905163161,0,4.48914569074457,0,0,0,0,0,0,0,0,0,5.56823946143266,0,4.73252764082792,4.30264762043953,0,0,0
0,0,0,0,0,0,0,0,0,0,0,0,0,0,0,0,11.4930093063498,26.1031018892924,0,0,0,4.76866072416306,5.14666973318535,0,8.47412785655724,34.5314598083496,3.85379939732893,0,5.50546209435714,0,0,0,0,0,0,0,0,4.9517548084259,8.40575862197876,0,0,0,0,0,0,0,0,36.1011257171631,13.2948953892157,0,0,0,0,0,0,0,0,0,0,0,0,0,0,0,0,0,0,4.84940720571054,0,4.57059208552043,0,9.52560690157583,0,16.707850592477,0,0,0,0,0,0,0,8.68958867502155,4.78836292382125,5.16017679373423,26.0520153045654,0,0
0,18.3455896377563,0,30.440990447998,0,0,0,0,0,9.40765342447493,0,0,0,0,0,0,0,0,0,0,0,4.46734394810416,0,4.4049213299273,0,3.7972642068237,0,0,0,0,0,0,0,0,0,0,0,5.20850306327215,0,0,0,0,0,0,0,0,0,0,0,6.00724284255898,0,0,0,0,0,4.35180871303265,0,0,0,0,0,0,0,0,4.83564464586327,0,0,0,4.47333253451756,0,10.9514685206943,0,0,0,0,0,0,0,0,0,8.38759987906322,0,4.01900705228369,0,4.74440683921178,0,0
0,0,0,0,0,0,0,0,4.79288148880005,0,0,0,0,0,18.5568475723267,0,16.0184206427768,44.3353338813782,30.3755423227946,0,0,0,5.44546786009097,0,4.1581613931266,0,3.79874499585177,0,0,0,0,0,0,0,0,0,0,0,4.18367981910706,0,0,0,0,0,0,0,0,25.8369922637939,7.18957034063555,0,0,0,0,0,5.64923739433289,0,0,0,0,0,18.9142913818359,0,0,0,0,4.84940720571054,0,0,0,3.75137220654223,0,4.22661933302879,0,0,0,0,0,0,0,0,0,9.98256927378037,10.0076950080892,0,5.12783106387131,0,0
0,0,0,0,0,0,0,0,0,23.5623925526937,0,0,0,2.88615982460253,58.9799766540527,4.69505217313766,40.2227154918339,12.5907338460956,32.943161512676,0,0,3.43425118923187,30.5476913452148,12.0208306312561,0,4.44536289324691,66.3963928222656,5.05273440091506,0,0,0,0,0,0,0,0,0,0,0,0,0,83.5299015045166,0,0,0,0,0,0,0,5.92498085769356,0,0,0,0,0,43.4141273498535,0,0,0,0,0,4.80615269570124,0,79.8741302490234,5.18528905163161,0,4.47333253451756,0,0,0,5.81298638117806,0,0,0,0,0,0,0,96.5939292907715,0,0,0,10.1744735507326,0,60.0785614013672,0,0
26.7833995819092,0,0,0,0,0,0,0,14.4658311009407,0,0,0,0,0,3.85470882389281,0,12.6701096624136,40.6321368584266,44.5801467895508,0,0,0,5.31630496515168,0,4.40126193486727,0,4.14033310510374,0,3.00856079374041,0,0,0,0,0,0,0,0,0,3.353928565979,0,0,0,33.7424774169922,0,0,82.6128311157227,0,0,3.4356807867686,0,0,0,0,0,13.9624253000532,0,0,0,9.94257164001465,0,30.585880279541,0,0,0,0,4.57059208552043,0,3.75137220654223,0,0,0,3.60694719142601,0,0,0,0,0,0,0,0,0,2.73466420173645,9.20053955292215,0,4.36979978172867,0,0
0,0,0,0,0,0,0,0,0,0,0,0,0,4.18856266472075,0,0,0,0,0,0,0,4.47754172455493,0,0,0,7.78876495361328,0,5.17309944171966,0,6.19457476172182,0,0,0,0,0,0,0,3.8465722152165,0,0,0,0,0,0,0,0,0,0,0,5.18225574780659,0,0,0,0,0,0,0,4.29757195711136,0,5.25066659389398,0,0,0,0,4.48914569074457,0,10.9514685206943,0,5.81298638117806,0,0,0,3.7963228225708,0,0,0,0,0,0,0,3.53569552516937,0,3.52577631290142,0,5.02351994947954,0,0
0,0,0,0,0,0,0,0,0,0,0,0,4.00247526168823,0,3.1994414806366,0,3.77293714610013,0,0,0,0,0,8.00790724256349,0,5.62671418190002,0,3.45925325900316,0,3.82928972199101,0,0,0,0,0,0,0,0,0,7.95326292699336,0,0,0,21.2223987579346,0,0,0,0,0,3.8765174936741,0,0,0,0,0,0,0,3.27013325691223,0,0,0,0,0,0,0,0,9.52560690157583,0,4.22661933302879,0,3.60694719142601,0,0,0,3.82995648153367,0,0,0,0,0,0,0,5.21124219582241,3.08164056402738,0,0,0,0
0,25.0973625183105,0,28.3296198290448,0,0,0,0,0,0,0,8.43577789264137,0,15.6637042363485,0,0,50.7142524719238,46.680055141449,30.8398549729499,0,0,0,0,0,0,0,0,3.80326196764197,0,5.40346727962854,0,0,0,0,0,0,0,5.92830157475073,0,61.8225752512614,0,16.4507696368755,0,0,0,35.0903852636164,0,0,0,4.87875220650121,0,0,0,0,0,0,0,7.03670218255785,0,35.8626670837402,0,0,10.094401459635,0,0,0,0,0,0,0,3.7963228225708,0,0,0,0,0,0,0,57.9010569763184,0,5.05276950939681,0,30.7667661099821,0,11.4946304999044,19.3408928419414,0
29.194993019104,0,28.912654042244,0,47.9521598815918,0,0,0,0,0,4.07214337587357,0,0,0,0,0,35.8565621627004,64.0004348754883,36.8520428975423,0,0,0,12.6432605584462,0,13.0618886947632,0,0,0,3.76953028303678,0,3.4382077880608,0,0,0,0,0,0,0,8.46851859092712,0,8.4047532081604,60.4456100463867,17.0314693742485,0,0,0,41.7890663146973,0,8.4804616355896,0,0,0,0,0,0,0,7.47491290731537,0,0,0,0,0,0,16.1664800220066,0,16.707850592477,0,0,0,0,0,3.82995648153367,0,0,0,0,0,0,0,0,0,4.18651106905553,20.8824816317785,0,9.99851611856516,0,12.5019698143005
0,0,0,0,0,0,0,0,0,0,0,0,0,0,0,0,0,0,0,0,0,0,0,0,0,0,0,0,0,0,0,6.3734675321793,4.8315692035341,0,4.00005496631969,5.81157553672791,3.2691117462359,0,0,0,0,0,0,0,0,0,0,4.51306799728068,0,0,0,0,0,0,0,0,0,0,0,0,0,0,0,0,0,0,0,0,0,0,0,0,0,0,0,7.50549793243408,6.29474396869619,0,5.02695591063113,12.3169047832489,0,0,3.14894748633763,0,0,0,0
0,0,0,0,0,0,0,0,0,0,0,0,0,0,0,0,0,0,0,0,0,0,0,0,0,0,0,0,0,0,0,5.87220051754435,3.79395010780901,6.84259653091431,15.9513376842846,4.87747274596116,7.94033865284819,0,0,0,9.38343732697623,0,0,0,0,0,0,6.05994184713933,5.29796999692917,11.4202728271484,0,0,0,0,0,0,0,0,0,0,0,0,0,0,0,0,0,0,0,0,0,0,0,0,7.50549793243408,0,0,8.27431318882387,5.83034007549286,7.24482698207135,0,0,4.05058592824794,0,0,0,0
0,0,0,0,0,0,0,0,0,0,0,0,0,0,0,0,0,0,44.5057792663574,0,0,0,0,14.4053950309753,0,0,0,0,0,0,0,4.08613576740026,8.01670455932617,4.44330667853781,3.8124979476134,6.35959742002681,5.54034898281097,6.22934902288828,3.14674663543701,0,0,11.489860534668,0,0,0,0,0,5.0661843486979,0,3.90344309806824,0,0,0,0,0,0,0,0,0,0,0,0,0,0,0,0,0,0,0,0,0,0,0,0,6.29474396869619,0,0,8.37724715471268,10.8399885585098,0,5.57983379663477,0,3.79023594441621,8.41504748662313,0,0,0
0,0,0,0,0,0,0,0,0,0,0,0,0,0,0,0,0,0,0,0,0,0,0,0,0,0,0,0,0,0,0,12.8833494553199,8.85598276770689,6.18016517710985,6.75900189348581,0,7.97555078547678,14.33056640625,12.2268553125587,0,0,16.4139370918274,0,0,0,0,0,7.11350910814278,0,16.2292194366455,0,0,0,0,0,0,0,0,0,0,0,0,0,0,0,0,0,0,0,0,0,0,0,0,0,8.27431318882387,8.37724715471268,0,0,8.07016988536891,0,8.44096928574906,9.29668904940287,17.0968770980835,0,0,0
0,40.8362168600393,0,41.4802303552628,0,55.3815625508626,0,0,0,54.3832492828369,0,4.60820607333656,0,0,0,0,91.570899605751,65.9724378434439,50.1514285555217,5.35373740542815,0,0,0,0,0,0,0,0,0,0,0,3.68603369909174,3.43903316540665,5.680329674298,0,5.74966639631583,4.35805625408694,7.4847146626028,7.92266201972961,28.0409860292622,69.5969352722168,35.8303870998062,62.3394879659017,0,0,18.7198989617997,57.1083011627197,6.44441678314977,27.406872681209,10.8907972555397,0,0,0,0,0,43.9868240356445,0,14.7205691015169,0,48.2146865844727,0,0,6.64694151343356,0,0,0,0,0,96.5939292907715,0,0,0,57.9010569763184,0,5.02695591063113,5.83034007549286,10.8399885585098,0,0,6.43833835335339,6.87644379450448,0,13.1738424115833,4.72440391489603,33.2429716913124,38.6424201965332,0
32.5782740456717,0,0,0,0,0,0,0,0,0,5.1186744927028,0,0,0,0,0,48.8702050041907,73.4645500183105,42.8011089024296,0,7.12499370439416,0,0,0,48.5170249938965,0,0,0,0,0,0,12.7627088455927,4.66391645540362,0,5.58756328240419,5.27763003306953,6.56191080764529,0,6.63324190678182,120.82243347168,22.2190953237704,63.0580101013184,31.0460246932245,0,0,0,22.3281601978188,6.88636795397448,8.65683974447906,0,0,0,0,0,0,0,18.4473268483814,0,0,0,0,0,0,20.5283782608241,0,0,0,0,0,0,0,0,0,0,12.3169047832489,7.24482698207135,0,8.07016988536891,6.43833835335339,0,0,7.42296150048202,9.93610390593882,6.13659785893524,24.9954617609148,74.9684829711914,31.0844182779914
0,0,0,0,0,0,0,0,0,12.278909348427,0,5.25754550485858,0,0,0,0,0,0,13.3369725499834,4.56272799894214,0,8.17854989016497,0,6.49877466280908,0,0,0,6.2440109842279,0,4.30698790395163,0,0,0,7.43665908523228,0,5.92163742083711,0,5.6779093743034,8.66092134880896,0,0,0,0,0,0,12.6497290096586,0,9.86452484130859,0,5.77536858475053,0,0,0,0,0,12.9446398360389,0,6.66668357654494,0,0,0,0,11.6470485870228,0,5.56823946143266,0,8.38759987906322,0,0,0,3.53569552516937,0,5.05276950939681,0,0,0,5.57983379663477,0,6.87644379450448,0,0,0,7.09836026412159,7.32045904795329,5.2376993338267,0,0
