0,4.8263560973082e-05,0.0152072875473554,0,0.000785209232014486,0,0,0,0.0212352276925023,0,0,0,0,0,0,0,0.000792174648107329,0.000143736500940899,0.00628085743626934,0,0,0,4.37201572190305e-06,0,0,0,0,0,0,0,0,0,0,0,0,0,1.84422203941141e-06,2.20052215146374e-05,0,0,0.0107590617473567,6.95864923529427e-06,0.0096389626277007,0,0,0.00013521228364837,0.0146126219421115,0,0.0032340748560243,0,0,0,0,0,0.0417367050989965,0,0.000538470581100066,0,0,0,0.00216051595786031,0,0,9.01191622083419e-05,0,0,0,0,0,0,0,0,0,0.00105049442051675,0,0,0,0,5.46622707683682e-06,0.00295500836013636,4.48912785015222e-06,0.000249162495641995,0.000844963646329069,0,0.0133761677172321,0,0.000665950190199663
4.8263560973082e-05,0,0,0.010820068068481,0,0,0,0,0,0.034328724590403,0,0,0,0,0,0.000673182294955166,2.56970803407626e-05,0.000170783014712668,0.00585899414996885,0,0,0,0,0,0,0,0,0,0,0,0,0,0,0,0,2.02909627901978e-06,0,0.000106298260514067,0,0.00668909126775862,0,0.0665277958457666,0.000284757904087061,0,0,0.00406836257044855,0,3.36797906592967e-05,4.17535463800224e-05,0.0192855652125085,0,0,0,0,0,0.0222769346995437,0,0.000211039753458369,0,0,0,0.00631048423042746,0.000107379480565814,0,0,0,0,0,0,0,0.000182872970597617,0,0.00337714254131263,0,0,0,0,0,0.00118314388076904,0,0.000419235463127119,0,0.00228809439354023,0,0.0200891617898219,7.60843095357977e-05,0
0.0152072875473554,0,0,0,0.00714315045488556,0,0,0,0.0146949983909339,0,0,0,0,0,0,0,2.41633216868913e-06,0,8.07673223472123e-05,0,0,0,0,0,0,0,0,0,0,0,0,0,0,0,0,4.15698057330474e-06,0,0,0,0,0.000293840411629307,8.94949254926723e-06,0.0037406298657706,0,0,0,0.000959679540166047,0,0.0113443181451405,0,0.00212283005990274,0,0,0,0.0436541245723124,0,0.00808061535488174,0,0.0174157938565911,0,0.0363593857087804,0,0,0.000236717540960756,0,0,0,0,0,0,0,5.39985709294902e-05,0,0.00274689272215181,0,0,0,0,1.39654093291058e-06,0.000112749699364069,0,5.15449392055271e-05,0.000880524757832865,0,0.00611783770141728,0,0.00128459791842622
0,0.010820068068481,0,0,0,0.00299094480600269,0,0,0,0.0215027167534352,0,0,0,0,0,0.00394592129479995,0,0,7.26102624513923e-05,0.0085492549544369,0,0,0,0,0,0,0,0,0,0,0,0,0,0,0,0.0030569676162958,0,0,0,0.000386810551631736,0,0.00284047008263928,0,0,0,0.000656132368447915,0,0,0,0.0336146164053231,0,0.00374279609707649,0,0,0,0.0119344127329726,0,0.00801591976768608,0,0.000520508301523503,0,0.00785366457054023,0.0167995713547989,0,0,0,0,0,0,0,1.4797031898643e-05,0,0.000734586242672989,0,0,0,0,0,0.00198297591116641,0,1.49998262510921e-05,0,0.000470361642348366,1.24243852970082e-05,0.0206274266369893,2.51948007372895e-05,0
0.000785209232014486,0,0.00714315045488556,0,0,0,0,0,0.00979921477945241,0,0,0,0,0,0.000655288214482574,0,0,0,0,0,0.00326572293636534,0,0,0,0,0,0,0,0,0,0,0,0,0,0,1.13488068700163e-05,4.21724648655224e-06,0,0,0,0,0,0.000105406513481554,0,0,0,0,0,1.88182264369277e-05,0,0.0914308600257507,0,0.00820626111696432,0,0.0129789720230222,0,0.000357532627127573,0,0.00237503941449184,0,0.000287872264152649,0,0,0.000460999773075313,0,0,0,0,0,0,0,0,0,0,0,0,0,0,0,2.74792068581152e-06,0,0,0.000761355977460996,0,0.000787095533591645,0,0
0,0,0,0.00299094480600269,0,0,0,0,0,0.000467736688771651,0,0,0,0,0,0.00224086795151258,0,0,0,0,0,0,0,0,0,0,0,0,0,0,0,0,0,0,0,5.41359935568343e-05,0,0,0,0,0,0,0,0,0,0,0,0,0,0.00192528784813156,0,0.0558532225536043,0,0.0181783774654393,0,0.00151913676923443,0,0.0193644774987446,0,0,0,0.0107659829166739,0,0,0,0,0,0,0,0,0,0,0,0,0,0,0,0,0,0,0,0,0.000973600956072746,0.000559574142914327,0.00368503812795313,0,0
0,0,0,0,0,0,0,0,0,0,0,0,0.00044442797661759,0,0,0,0,0,0,0,0,0,0,0,0,0,0,0,0,0,0,0,0,0,0,0,0,0,0,0,0,0,0,0,0,0,0,0,0,0,0.00264460833201399,0,0.0351023806429245,0,0,0,0,0,0.00812944761112466,0,0,0,0,0,0,0,0,0,0,0,0,0,0,0,0,0,0,0,0,0,0,0,1.873445057754e-05,0,0,0,0
0,0,0,0,0,0,0,0,0,0,0,0,0,0.00781869307597051,0,0,0,0,0,7.99520275904797e-05,0,0,0,0,0,0,0,0,0,0,0,0,0,0,0,0,0,0,0,0,0,0,0,0,0,0,0,0,0,0,0,0.000618206495713964,0,0.0924565502145461,0,0,0,0.00440644917100753,0,0.00733991933710192,0,0,0,0,0,0,0,0,0,0,0,0,0,0,0,0,0,0,0,0,0,0,0.000267101461391065,0.000385617142355266,0.00139310873986996,0,0
0.0212352276925023,0,0.0146949983909339,0,0.00979921477945241,0,0,0,0,0,0,0,0,0,0.0688301222644035,0,2.97709312363254e-06,0,8.20343096700148e-06,0,0.00110751434152985,0,0,0,0,0,0,0,0,0,0,0,0,0,0,0,2.42541850065735e-05,0,6.35149593072176e-05,0,4.57522613084502e-05,0,0.000606542841129554,0,0,0,6.6388203171521e-05,0,0.00114734653997526,0,0,0,0,0,0.1662601096578,0,0.000136600133000631,0,0,0,0.102540202970301,0,0,0.000400197192119321,0,0,0,0.00303293572665636,0,0.000304599452647381,0,0,0,0.000137451357488746,0,0,0,0,0,7.24651714135163e-05,0,4.35097756465685e-06,0.00693938990730353,0,0.00590209548180625,0,0
0,0.034328724590403,0,0.0215027167534352,0,0.000467736688771651,0,0,0,0,0,0,0,0,0,0.0349751364335919,0,0.00111879898564735,0,0.000247413853351698,0,0,0,0.00542802187907414,0,6.72525026190326e-05,0,0,0,0,0,0,0,0,0,0.000194502023471054,0,0.00127769719372404,0,0,0,0.00163591094580849,0,0,0,1.85427540078736e-05,0,0,0,0.00258260109045421,0,0,0,0,0,0.124187476035286,0,0.000861288176098284,0,0,0,0.00462086506040361,0.000208809065364638,0,0,0,0.00213060862277667,0,0.00158463531828953,0,0.000156611081490933,0,0.00214529502182662,0,0,0,0,0,0.000138641728537394,0,0.000606091564036417,0,0.0071837232957824,0.00430149753762752,0.0033477280393217,0,0
0,0,0,0,0,0,0,0,0,0,0,0,0.0064562317216722,0,0,0,0,0,0,0,0.0688819575539665,0,0,0,0,0,0,0,0,0,0.0020730461151835,0,0,0,0,0,0.012299108748646,0,0.00775610990581235,0,0,0,0,0,0,0,0,0,0,0,0,0,0,0,0,0,0.0372850534204405,0,7.93430372141302e-05,0,0,0,0,0.0109676052648359,0,0,0,0,0,0,0,0,0,0,0,0,0,0,0,0.00116407315193587,0,0,0.0013549393602677,0.00022338866627212,5.54367298205268e-05,0,0
0,0,0,0,0,0,0,0,0,0,0,0,0,0.00255178854097535,0,0,0,0,0,0.0248801926911239,0,0,0,0,0,0,0,3.66878230124712e-05,0,0.00171403539898848,0,0,0,0,0,0.000496561549874321,0,0.00881918831626536,0,0,0,0,0,0,0,0,0,0,0,0,0,0,0,0,0,0,0,0.106167565249588,0,0.011229954557553,0,0,0.0016579297377547,0,0,0,0,0,0,0,3.73245748050977e-05,0,0.000371405266208378,0,0,0,0,0,0,0,0,0,0.00116869225131829,0,0.000734182005694784,0,0
0,0,0,0,0,0,0.00044442797661759,0,0,0,0.0064562317216722,0,0,0,0,0,0,0,0,0,0,0,0,0,0,0,0,0,0,0,0,0,0,0,0,0,0,0,0,0,0,0,0,0,0,0,0,0,0,0,0,0,0,0,0,0,0.000129823406325611,0,0.013723032183525,0,0.000173841423112752,0,0,0,0,0,0,0,0,0,0,0,0,0,0,0,0,0,0,0,0,0,0,0,0,0,0
0,0,0,0,0,0,0,0.00781869307597051,0,0,0,0.00255178854097535,0,0,0,0.000957858947045039,0,0,0,0,0,0,0,0,0,0,0,0,0,0,0,0,0,0,0,0,0,0,0,0,0,0,0,0,0,0,0,0,0,0,0,0,0,0.000585605394903973,0,0,0,0.000696013056265765,0,0.0440369264106744,0,0,0,0,0,0,0,0,0,0,0.00020800773580063,0,0,0,0,0,0,0,0,0,0,0,0.000282943968081896,0,0,0,0
0,0,0,0,0.000655288214482574,0,0,0,0.0688301222644035,0,0,0,0,0,0,0,0,0,0,0,0,0,0,0,0,0,0.00469128928567225,0,0,0,0,0,0,0,0,0,0,0,0,0,0,0,0,0,0,0,0,0,0,0,0,0,0,0,0.00349892643853532,0,0,0,0.000206785370427023,0,0.0647696728291249,0,0,0,0,0,0,0,0,0.00605721280643783,0,0,0,0,0,0,0,0,0,0,0,0,5.19478521041126e-05,0,0,0,0
0,0.000673182294955166,0,0.00394592129479995,0,0.00224086795151258,0,0,0,0.0349751364335919,0,0,0,0.000957858947045039,0,0,0,6.21369433989933e-05,0,0.000231223060031197,0,0,0,0.00720865610480415,0,0.000484614416415606,0,0,0,0,0,0,0,0,0,0.000103363583903328,0,1.12909437175422e-05,0,0,0,0.000250231447765306,0,0,0,5.53002469551973e-05,0,0,0,0.000508791216940633,0,0.000358638984775311,0,0,0,0.000755118814823354,0,0.000270619425041528,0,0.00261369184192839,0,0.0284088328968412,0.000180730985069377,0,0,0,0,0,0,0,0.000262378106502309,0,0.000284704935435463,0,0,0,0,0,5.2524783726252e-05,0,7.82959979704596e-06,0,0.00274506343041044,0.00132520925506969,0.00069488454882789,0,0
0.000792174648107329,2.56970803407626e-05,2.41633216868913e-06,0,0,0,0,0,2.97709312363254e-06,0,0,0,0,0,0,0,0,0.216924696939409,0.0907405671030951,0,0,0,0.0237081916090567,0,0.00186447379201957,1.08331014966742e-05,0.0028509605504422,0,2.91156492718023e-05,0,0,0,0,0,0,0,1.02886361672874e-05,0,0,0.00156179484775961,0.00796495545913005,0.00133362884669914,0.00241338023779582,0,0,0.00495846081649122,0.007584123968744,0,7.32302920274704e-06,4.30679910823083e-05,0,0,0,0,0,0,0.000498937821918592,0,0,0,3.31436205786568e-05,0,2.01492001160731e-05,0.000118925367419174,0,0.00191555534855526,0,0.000956531469629241,0,0.00298758879488338,0,0,0.000191704035961107,0.000314787668062361,0,0,0,0,0.000720249432482449,0.00312147245884046,0.000275872360193001,0.000511742935487648,0.0301295179965822,0.00391486005363595,0.00819832996037383,0.000582932559608181,0.00110275974167517
0.000143736500940899,0.000170783014712668,0,0,0,0,0,0,0,0.00111879898564735,0,0,0,0,0,6.21369433989933e-05,0.216924696939409,0,0.08841424449411,0,0,0.00203104709783571,0.00269256581023877,0.000961557396974093,9.5545455422604e-05,0.00968919390105479,2.43968225154387e-05,0.00210602983584171,0,0,0,0,0,0,0,0,0,0,0,0.00161312300536374,0.00136786727025763,0.00135657558273625,0.000318565150857828,0,0,0.00290427037859182,0.00157393122841409,0,0,3.38015483228024e-05,0,0,0,0,0,0,4.89302532085509e-05,2.75663745634736e-05,0,0,0,0,1.81992867088615e-05,8.34028971479544e-06,0.00123502492161688,0.000107570963266533,0,0,0.000804167454284223,0,0,0,0.000148956309803128,5.62305813031577e-05,0,0,0,0,0.000568400783146668,0.000556239372206402,0.000334767840059643,7.5621770286755e-05,0.0389270710156354,0.00820230416843664,0.00357812827035918,0.000758282720952455,0.000187207481270457
0.00628085743626934,0.00585899414996885,8.07673223472123e-05,7.26102624513923e-05,0,0,0,0,8.20343096700148e-06,0,0,0,0,0,0,0,0.0907405671030951,0.08841424449411,0,0,0,0,0.000542721582827051,0,0,0.000139583609018699,0,0,0,0,0,0,0,0,0,2.58242914998741e-05,8.08253195276319e-06,1.90412119706863e-05,1.2013045744335e-05,0.0329876418292616,0.0439026547985158,0.0194684960553842,0.0181610041285872,0,0,0.0530280837892288,0.0402283348809105,0,0.000121817857462959,0.00038032306207451,9.35887336437052e-06,0,0,0,0,0,0.00119567583245985,0.000125047449824783,0,0,6.81232740888074e-06,0,0.000311128953994304,0.000293490312678946,0,1.42151207865853e-05,0,0,0,0.000128685053112035,4.1207253728021e-05,3.65675248539029e-06,0.00317682000944937,0.00192050075098207,0,0,0,0,0.00957765530294973,0.00900370084691298,0.00367980472667672,0.00133609501770351,0.0146572338502424,2.50708367281117e-05,0.0509484589639295,0.00755649547759669,0.00651004345759808
0,0,0,0.0085492549544369,0,0,0,7.99520275904797e-05,0,0.000247413853351698,0,0.0248801926911239,0,0,0,0.000231223060031197,0,0,0,0,0,0,0,0,0,0,0,0,0,0,0,0,0,0,0,0.00337144496458205,0,0.00163489005572251,0,8.74314676654305e-05,0,6.15500008086524e-05,0,0,0,0.00157832442235809,0,0,0,0.000384112278043611,0,0,0,0,0,0,0,0.0322943150936242,0,0.000263946633235693,0,0.00156052760935629,0.037705583627307,0,0,0,0,0,0,0,1.97757343555546e-05,0,1.70012216985159e-05,0,0,0,0,0,0.000473460974251344,0,8.57899682348222e-05,0,0.000572539256698067,0,0.00312712795023854,1.36300661655449e-05,0
0,0,0,0,0.00326572293636534,0,0,0,0.00110751434152985,0,0.0688819575539665,0,0,0,0,0,0,0,0,0,0,0,0,0,0,0,0,0,0,0,0,0,0,0,0,0,0.00756185209817083,0,0.001111675354698,0,0,0,0,0,0,0,0.0017421128016588,0,0,0,0.0168070442612372,0,9.09301379513443e-05,0,0.00165257310304064,0,0.00563044464886476,0,0.000244333493692307,0,0,0,0,0.0439585041740204,0,0,0,0,0,0,0,0,0,0,0,0,0,0,0,0.000480471751176151,0,7.38103705909304e-05,0.000186631320052119,0,0.00124273425010043,0,0
0,0,0,0,0,0,0,0,0,0,0,0,0,0,0,0,0,0.00203104709783571,0,0,0,0,9.84999062543096e-05,0.00592641023545601,0,0.000301496196644702,0,0.00253734786106979,0,0,0,0,0,0,0,0,0,0.0166622638705865,0,0,0,0,0,0,0,0,0,0,0,0.00196201199537641,0,0,0,0,0,0,0,0,0,0,0,0,0,0,0.0321636029027065,4.18598998115291e-05,0.00257064425341821,0,4.32942910696434e-05,0,0.00104109807526928,0,0,0,0,0,0,0,0,0,0.00711933060596095,0,0.0034976051145593,0.000783397313246799,0,0,0
4.37201572190305e-06,0,0,0,0,0,0,0,0,0,0,0,0,0,0,0,0.0237081916090567,0.00269256581023877,0.000542721582827051,0,0,9.84999062543096e-05,0,0,0.00360223487552044,0,0.00384139335400182,0,0.000270273580824988,0,0,0,0,0,0,0,0,0,0.00391321111481907,0,5.79079535660505e-06,1.05813148705565e-05,1.29785327199153e-05,0,0,1.08652775145145e-05,2.85160544849673e-05,0,0.000951689784018439,0,0,0,0,0,0,0,0,0,0,0,0,0,0,0,0,0.037490088752041,0,0.00328668918241866,0,0,0,0,0,0,0,0,0,0,0,1.52850435802146e-06,0,0.00227541296169377,0.00403130328341342,7.75733284089821e-06,3.59621396414218e-05,0,0
0,0,0,0,0,0,0,0,0,0.00542802187907414,0,0,0,0,0,0.00720865610480415,0,0.000961557396974093,0,0,0,0.00592641023545601,0,0,0,0.0386480338390991,0,0,0,0,0,0,0,0,0,0,0,0.0158971541411302,0,0,0,0.000457635619520072,0,0,0,0,0,0,1.576054687319e-05,0.0022848405867626,0,0,0,0,0,0.0373912223717079,0,0,0,0,0,0,0,0,0.0055176542001469,0,0.0699518103687607,0,0.141365418945372,0,0.000199863370316183,0,0,0,0,0,0,0,0,0,0.00168865528601143,0,0.00171993714901206,0,0.00157709977445142,0,0
0,0,0,0,0,0,0,0,0,0,0,0,0,0,0,0,0.00186447379201957,9.5545455422604e-05,0,0,0,0,0.00360223487552044,0,0,0,0.00459514146833024,0,0,0,0,0,0,5.42910269836802e-05,0,0,0,1.02842311844827e-05,0.00650245180727533,0,0,0,3.68552878565742e-05,0,0,0,0,0.000209939347088785,0.0127722950395082,0,0,0,0,0,0,0,0,0,0,0,0,0,0,0,0,0.00170379233020276,0,0.152470478662138,0,0.0297763727526412,0,0,0,0,0,0,0,0,0,0,0,0.00106762354413793,0.0007371379253588,0,0.000486987803869403,0,0
0,0,0,0,0,0,0,0,0,6.72525026190326e-05,0,0,0,0,0,0.000484614416415606,1.08331014966742e-05,0.00968919390105479,0.000139583609018699,0,0,0.000301496196644702,0,0.0386480338390991,0,0,0,0.00137902157064868,0,0,0,0,0,0,0,0,0,0,0,0,0,0,0,0,0,0,0,0,0,0,0,0,0,0,0,0,0,0,0,0,0,0,0,0,0.00706546597675659,0,0.0060163065161083,0,0.0179497903203652,0,0.00428589272282572,0,0,0,0,0,0,0,0,0,0,0,0.000632421099661453,0,0,0,0
0,0,0,0,0,0,0,0,0,0,0,0,0,0,0.00469128928567225,0,0.0028509605504422,2.43968225154387e-05,0,0,0,0,0.00384139335400182,0,0.00459514146833024,0,0,0,0.00531700486245785,0,0,0,0,0,0,0,0,0,0,0,0,0,0,0,0,0,0,0,0,0,0,0,0,0,0,0,0,0,0,0,0.00274432460240348,0,0,0,0,0.000671384280527423,0,0.000584022712306315,0,0.0191647279417865,0,0,0,0,0,0,0,0,0,0,0,0,0.000202350555178739,0,0,0,0
0,0,0,0,0,0,0,0,0,0,0,3.66878230124712e-05,0,0,0,0,0,0.00210602983584171,0,0,0,0.00253734786106979,0,0,0,0.00137902157064868,0,0,0,0.00213855307214717,0,0,0,0,0,0,0,0,0,0,0,0,0,0,0,0,0,0,0,0,0,0,0,0,0,0,0,0,0,0,0,0,0,0,0.00268927163697924,0,0,0,0.000948626301904185,0,0.00480742746869872,0,0,0,0,0,0,0,0,0,0,0,0.000752355969300799,0.000143937840067817,0,0,0
0,0,0,0,0,0,0,0,0,0,0,0,0,0,0,0,2.91156492718023e-05,0,0,0,0,0,0.000270273580824988,0,0,0,0.00531700486245785,0,0,0,0.00767191870240827,0,0,0,0,0,0,0,0,0,0,0,0,0,0,0,0,0,0,0,0,0,0,0,0,0,0,0,0,0,0,0,0,0,0,0,0,0,0,0.000497761738305586,0,0.00145346223499649,0,4.3732095946325e-05,0,0,0,0,0,0,0,0,0.000606313316846734,0,0,0,0
0,0,0,0,0,0,0,0,0,0,0,0.00171403539898848,0,0,0,0,0,0,0,0,0,0,0,0,0,0,0,0.00213855307214717,0,0,0,0,0,0,0,0,0,0.00515061612842863,0,0,0,0,0,0,0,0,0,0,0,0,0,0,0,0,0,0,0,0.000806462766014226,0,0,0,0,0,0,0,0,0,0,0,0,0.000573229216139817,0,0.0137223250017448,0,0,0,0,0,0,0,0.00169541614387037,0,3.19155043012413e-06,0,0,0,0
0,0,0,0,0,0,0,0,0,0,0.0020730461151835,0,0,0,0,0,0,0,0,0,0,0,0,0,0,0,0,0,0.00767191870240827,0,0,0,0,0,0,0,0,0,0.00122370055487039,0,0,0,0,0,0,0,0,0,0,0,0,0,0,0,0,0,0.000228605198908757,0,0,0,0,0,0,0,0,0,0,0,0,0,0,0,0,0.040921912627783,0,0,0,0,0,0,0,0.000506406211104831,0,0.000717590132742481,0,0,0
0,0,0,0,0,0,0,0,0,0,0,0,0,0,0,0,0,0,0,0,0,0,0,0,0,0,0,0,0,0,0,0,0.0225155280876135,0.0205745436558618,0,0.000632227700595202,0.000575355694331441,0,0,0,0,0,0,0,0,0,0,0.0292619098236675,0,0.000380450132759391,0,0,0,0,0,0,0,0,0,0,0,0,0,0,0,0,0,0,0,0,0,0,0,0,0.0520691162577864,0.00978897044967019,0.00344381429847479,0,0.00372839350351687,0,0,0,0.000316589824701508,0,0,0,0
0,0,0,0,0,0,0,0,0,0,0,0,0,0,0,0,0,0,0,0,0,0,0,0,0,0,0,0,0,0,0,0.0225155280876135,0,0,0.00422286798787907,0.000188171621537235,0.00138514383260694,0,0,0,0,0,0,0,0,0,0,0.0176146973317191,0.000352725712296488,4.35162971576235e-05,0,0,0,0,0,0,0,0,0,0,0,0,0,0,0,0,0,0,0,0,0,0,0,0,0.00500847453454654,0.0576920500200592,0,0.00444188188185579,0.000123422697999615,0.00157467930754278,0,0,5.54189656481797e-05,4.6687754116858e-06,0,0,0
0,0,0,0,0,0,0,0,0,0,0,0,0,0,0,0,0,0,0,0,0,0,0,0,5.42910269836802e-05,0,0,0,0,0,0,0.0205745436558618,0,0,0.0800541529352438,0.000624558047364159,0,0.000958097449594708,0.000265173617480691,0,0,0,0,0,0,0,0,0.189444462325018,0.000157249633565396,0.000218418378004163,0,0,0,0,0,0,0,0,0,0,0,0,0,0,0,0,0,0,0,0,0,0,0,0,0.00922157159400861,0,0.0941746557274643,0.0524006204385742,0.000142208896058922,0,0.00150782424942722,0.000112230508588559,0.00101375296803435,0.000298694249162175,0,0,0
0,0,0,0,0,0,0,0,0,0,0,0,0,0,0,0,0,0,0,0,0,0,0,0,0,0,0,0,0,0,0,0,0.00422286798787907,0.0800541529352438,0,1.85440998911105e-06,0.00215603173881543,0.000596716679392483,0.000707182944220602,0,0,0,0,0,0,0,0,0.0718052564149469,0.000406345714673665,0.000147230979408005,0,0,0,0,0,0,0,0,0,0,0,0,0,0,0,0,0,0,0,0,0,0,0,0,0,0.00463398817092285,0.02113345378121,0.159924484835307,0,0.000323016708997656,0,0.000906571547723215,0.000749384185960863,8.01746903840842e-05,0,0,0
0,2.02909627901978e-06,4.15698057330474e-06,0.0030569676162958,1.13488068700163e-05,5.41359935568343e-05,0,0,0,0.000194502023471054,0,0.000496561549874321,0,0,0,0.000103363583903328,0,0,2.58242914998741e-05,0.00337144496458205,0,0,0,0,0,0,0,0,0,0,0,0.000632227700595202,0.000188171621537235,0.000624558047364159,1.85440998911105e-06,0,0.00302389294044553,0.0121909123914497,0,2.1147057996472e-06,0,3.68593779732932e-05,0,0,0,7.411107214911e-05,0,0.000580163971049932,0,0.000333576554832807,0,9.01824607900436e-06,0,0,3.50813598147092e-06,6.29289456637641e-05,9.09430694014275e-06,0.00274037629545171,0,0.000125657411064272,3.57877236640934e-06,0.000845635746685387,0.00415146821667507,0,0,0,0,0,0,0,1.92746147768656e-06,0,1.09289625101318e-05,0,7.68111319608777e-05,0.000228001331342582,0.000499675339163096,0,0.0401036422280938,0.00226930163258606,0.00333054958487343,0,0.00734012089660854,0.000444918007275426,0.0014378972681351,0,0
1.84422203941141e-06,0,0,0,4.21724648655224e-06,0,0,0,2.42541850065735e-05,0,0.012299108748646,0,0,0,0,0,1.02886361672874e-05,0,8.08253195276319e-06,0,0.00756185209817083,0,0,0,0,0,0,0,0,0,0,0.000575355694331441,0.00138514383260694,0,0.00215603173881543,0.00302389294044553,0,0,0.00796475591487419,0,0,0,1.33948291686926e-05,0,0,4.80874844307669e-06,4.26710964125862e-05,0.00020390358803097,4.28146640626101e-05,0,0.0002996916001144,0,0,0,0.00027268454261032,0,0.00189667207479315,0,0.00024738257620502,0,7.69450111173075e-05,0,0,0.000805091531388153,0,0,0,0,0,0,0,0,0,0,0,0.00164790883972282,0,0.00124623903160184,0.00256723831386977,0.0461397273305263,0,0.00213332487976464,0.00774485561225207,0.00107408005822382,0.000275722159016176,0,2.55868312263355e-06
2.20052215146374e-05,0.000106298260514067,0,0,0,0,0,0,0,0.00127769719372404,0,0.00881918831626536,0,0,0,1.12909437175422e-05,0,0,1.90412119706863e-05,0.00163489005572251,0,0.0166622638705865,0,0.0158971541411302,1.02842311844827e-05,0,0,0,0,0.00515061612842863,0,0,0,0.000958097449594708,0.000596716679392483,0.0121909123914497,0,0,0.00103267154842335,1.63471381630387e-05,0,0.000507441935271278,0.000226835355405977,0,0,0.000788324715550933,0,0.0240000578546082,0.00193237208608004,0.00136738752926259,0,0,0,0,0,0.00225901353610048,0,0.0069838854190298,0,0,0,0,0.0014819156241365,0,0.00225612910793901,0,0.0132632409772248,7.58868812757521e-05,0,0,7.28309455069095e-05,0,0.00503354643265059,0,0,0,0.000623547477908784,0,0.00237732346659205,0,0.030011185541004,0.000799585473033528,0.00517143165302068,0.000555334139980693,0.00476454650973704,7.2426790653412e-06,0
0,0,0,0,0,0,0,0,6.35149593072176e-05,0,0.00775610990581235,0,0,0,0,0,0,0,1.2013045744335e-05,0,0.001111675354698,0,0.00391321111481907,0,0.00650245180727533,0,0,0,0,0,0.00122370055487039,0,0,0.000265173617480691,0.000707182944220602,0,0.00796475591487419,0.00103267154842335,0,0,0,0,0.000154778318627907,0,0,0,0.000278097809160251,0.0150900185683388,0.0030434490234469,0,0,0,0,0,0.00234158825482235,0,0.00311543460796791,0,0,0,0,0,0,0.00166208266550493,0,0.000842812947385282,4.07447514355229e-06,0.00281275992496972,0,0,0,8.84994463939883e-05,0,0.000181379651749077,0,0,0,8.19074532958119e-05,0,0.0014029777482479,0.000281824208398971,0.0319955592080152,0.004981129595445,0.000999583342813382,0.00182607320897803,0,2.74332368543262e-05
0,0.00668909126775862,0,0.000386810551631736,0,0,0,0,0,0,0,0,0,0,0,0,0.00156179484775961,0.00161312300536374,0.0329876418292616,8.74314676654305e-05,0,0,0,0,0,0,0,0,0,0,0,0,0,0,0,2.1147057996472e-06,0,1.63471381630387e-05,0,0,0.00103029230266609,0.052779510309815,9.03241214220962e-05,0,0,0.0294288922961506,0.000672147533527518,0,0,0.000751176577318654,0,0,0,0,0,0,1.30694206868037e-05,0.000161474688608177,0,0,0,0,0.000150926331530373,0,0,0,0,0,0,0,0,0,0.0012033936394985,1.54755587791189e-05,0,0,0,0,0.00192722445130204,7.67144789977709e-05,0.000600694254562111,1.146051936121e-05,0.00126576444589461,1.09864083072679e-06,0.0442870940560771,0.0496725042175006,0.000151415025492085
0.0107590617473567,0,0.000293840411629307,0,0,0,0,0,4.57522613084502e-05,0,0,0,0,0,0,0,0.00796495545913005,0.00136786727025763,0.0439026547985158,0,0,0,5.79079535660505e-06,0,0,0,0,0,0,0,0,0,0,0,0,0,0,0,0,0.00103029230266609,0,0.00230738465505746,0.0803069850716861,0,0,0.00301023191897248,0.111305825636967,0,0.000152928284126643,0,0,0,0,0,2.13904837793725e-05,0,0.00129018154743354,0,0,0,0,0,6.82774184575705e-06,0.0120621895535973,0,0,0,0,0,0,0,2.55788541407348e-05,0,0.000964598916669779,0,0,0,0,0.000173279638893436,0.00767804731008014,1.97718603684494e-05,0.000643651832705226,0.00264370030350897,0,0.0572395171389499,0.00168421829856783,0.0242068138480925
6.95864923529427e-06,0.0665277958457666,8.94949254926723e-06,0.00284047008263928,0,0,0,0,0,0.00163591094580849,0,0,0,0,0,0.000250231447765306,0.00133362884669914,0.00135657558273625,0.0194684960553842,6.15500008086524e-05,0,0,1.05813148705565e-05,0.000457635619520072,0,0,0,0,0,0,0,0,0,0,0,3.68593779732932e-05,0,0.000507441935271278,0,0.052779510309815,0.00230738465505746,0,0.00613415658481986,0.00179775129850499,0,0.0579419587705273,0.00159519793935593,4.32808056502034e-05,4.11384986278893e-05,0.0458777273416232,0,0,0,0,0,0.000293707096505945,1.81309354116897e-05,0.00589662201174192,0,0,0,0.000436513451637591,0.00223594273597203,2.09458080145732e-05,0,0,0.000856612791105772,0,0,0,0.00207675851947326,0,0.0436952044483336,0,0,0,0,0,0.00423831040256377,0.000237126451394945,0.0035683780170636,2.63461308529918e-05,0.0109419488178819,3.28225480860573e-06,0.0966022669016415,0.0220311551850316,0.000150051405771318
0.0096389626277007,0.000284757904087061,0.0037406298657706,0,0.000105406513481554,0,0,0,0.000606542841129554,0,0,0,0,0,0,0,0.00241338023779582,0.000318565150857828,0.0181610041285872,0,0,0,1.29785327199153e-05,0,3.68552878565742e-05,0,0,0,0,0,0,0,0,0,0,0,1.33948291686926e-05,0.000226835355405977,0.000154778318627907,9.03241214220962e-05,0.0803069850716861,0.00613415658481986,0,5.82801585551351e-05,0,0.000606171704391475,0.0365659685050816,0.00080677247123556,0.0135133813163347,0.0001563164248238,0.000146731494677928,0,0,0,0.00257958110157515,5.07358317775059e-05,0.0364885871846936,0,3.66045036618824e-05,0,0.000202255330329826,0,0,0.00148539502553165,0,0,2.57124077228774e-05,9.03934897049799e-05,0,0,0,0.00132204973270675,0,0.031072962152837,0,0,0,0,6.8643403413955e-05,0.00476609581126259,6.49026175579291e-05,0.00200755171602681,0.00624403801599825,0,0.0940812104638207,0.000130496128994184,0.0353799632214774
0,0,0,0,0,0,0,0,0,0,0,0,0,0,0,0,0,0,0,0,0,0,0,0,0,0,0,0,0,0,0,0,0,0,0,0,0,0,0,0,0,0.00179775129850499,5.82801585551351e-05,0,0,0,0,0,0,1.73760494071708e-05,0,0,0,0,0,0,0,0,0,0,0,0,0,0,0,0,0,0,0,0,0,0,0,0,0,0,0,0,0,0,0,0,3.17315577657475e-05,0,0.000243043219379785,0,0
0,0,0,0,0,0,0,0,0,0,0,0,0,0,0,0,0,0,0,0,0,0,0,0,0,0,0,0,0,0,0,0,0,0,0,0,0,0,0,0,0,0,0,0,0,0,0,0,0,0,0,0,0,0,0,0,0,0,0,0,0,0,0,0,0,0,0,0,0,0,0,0,0,0,0,0,0,0,0,0,0,0,0,0,0,0,0
0.00013521228364837,0.00406836257044855,0,0.000656132368447915,0,0,0,0,0,1.85427540078736e-05,0,0,0,0,0,5.53002469551973e-05,0.00495846081649122,0.00290427037859182,0.0530280837892288,0.00157832442235809,0,0,1.08652775145145e-05,0,0,0,0,0,0,0,0,0,0,0,0,7.411107214911e-05,4.80874844307669e-06,0.000788324715550933,0,0.0294288922961506,0.00301023191897248,0.0579419587705273,0.000606171704391475,0,0,0,0.00265666702338185,0,4.59505898507077e-06,0.00181866768187116,0,0,0,0,0,0,0.000106382789571754,0.00840846582801942,0,0,0,0,0.095673872711662,8.38300189097397e-05,0,0,0,0,0,0,0.000318485994999464,0,0.00610619689334242,5.08093428138804e-05,0,0,0,0,0.016687753770966,0.000320113810149023,0.0111560140830511,8.04230213322582e-05,0.00395562141555656,0,0.0578156780198023,0.00721878274931685,0.000753468908554715
0.0146126219421115,0,0.000959679540166047,0,0,0,0,0,6.6388203171521e-05,0,0,0,0,0,0,0,0.007584123968744,0.00157393122841409,0.0402283348809105,0,0.0017421128016588,0,2.85160544849673e-05,0,0,0,0,0,0,0,0,0,0,0,0,0,4.26710964125862e-05,0,0.000278097809160251,0.000672147533527518,0.111305825636967,0.00159519793935593,0.0365659685050816,0,0,0.00265666702338185,0,0,0.00082258550162188,0,0,0,0,0,0.000234662752572965,0,0.00777678805028371,2.81860420488383e-05,0,0,0,0,5.41428884898131e-05,0.170763231534823,0,0,0,0,0,0,0,0,6.07075107930746e-05,0.00104572121875974,0,0,0,0,0.000226068245633724,0.0177485057842244,1.34227182723359e-05,0.00676666174924927,0.00279812976535138,0,0.0493957161148931,0.000922270596504447,0.00259518281734672
0,3.36797906592967e-05,0,0,0,0,0,0,0,0,0,0,0,0,0,0,0,0,0,0,0,0,0,0,0.000209939347088785,0,0,0,0,0,0,0.0292619098236675,0.0176146973317191,0.189444462325018,0.0718052564149469,0.000580163971049932,0.00020390358803097,0.0240000578546082,0.0150900185683388,0,0,4.32808056502034e-05,0.00080677247123556,0,0,0,0,0,0.227686892331834,0.291147709097678,0,0,0,0,0,0,0,0,0,0,0,0,0,0,0,0,0,0.0016127994252577,0,0,0,3.69041080896301e-05,0,0,0.0358715391071101,0.221708690400113,0.0274442617166868,0.0194375889080967,0.00933560498256302,0.00181378891336779,0.00188775933560918,0.000631673017991969,0.00645400644241372,5.94468732704188e-06,0.0115036372342527,0,0
0.0032340748560243,4.17535463800224e-05,0.0113443181451405,0,1.88182264369277e-05,0,0,0,0.00114734653997526,0,0,0,0,0,0,0,7.32302920274704e-06,0,0.000121817857462959,0,0,0,0.000951689784018439,1.576054687319e-05,0.0127722950395082,0,0,0,0,0,0,0,0.000352725712296488,0.000157249633565396,0.000406345714673665,0,4.28146640626101e-05,0.00193237208608004,0.0030434490234469,0,0.000152928284126643,4.11384986278893e-05,0.0135133813163347,0,0,4.59505898507077e-06,0.00082258550162188,0.227686892331834,0,0.0553553493113282,4.79283327591516e-05,0,0,0,0.00141264816671681,0,0.00262811390007669,0,1.34784607222337e-05,0,0.000318987056810357,0,0,6.42083502693099e-05,0,0.00160028338903759,0,0.0152190554540901,0,0,0,0.00140651017971146,0,0.000713899694979754,0,0.00718629714474983,0,0.000773481981544874,0,0.000554784932952664,0.000104180881062631,0.0203922680609245,0.0154142810325602,0,0.0255945194552169,0,0.00132671785919415
0,0.0192855652125085,0,0.0336146164053231,0,0.00192528784813156,0,0,0,0.00258260109045421,0,0,0,0,0,0.000508791216940633,4.30679910823083e-05,3.38015483228024e-05,0.00038032306207451,0.000384112278043611,0,0.00196201199537641,0,0.0022848405867626,0,0,0,0,0,0,0,0.000380450132759391,4.35162971576235e-05,0.000218418378004163,0.000147230979408005,0.000333576554832807,0,0.00136738752926259,0,0.000751176577318654,0,0.0458777273416232,0.0001563164248238,1.73760494071708e-05,0,0.00181866768187116,0,0.291147709097678,0.0553553493113282,0,0,3.32632675707377e-05,0,0,0,0.000918438255668127,7.54421480842084e-06,0.00443567009912287,0,0,0,0.000731042867314018,0.00356065926906155,0,0.00466555921069719,0,0.0210587580220208,0,0.00580114594582861,0,0.0115472550879144,0,0.0191185333984302,0,0.000626527400295473,0.016721221948483,0,0,0.000757999150071552,2.60847699124633e-06,0.000920812382446037,3.28455274223908e-05,0.0116626473065675,1.37124398085184e-06,0.0344719277927154,0.000467232065615789,0
0,0,0.00212283005990274,0,0.0914308600257507,0,0.00264460833201399,0,0,0,0,0,0,0,0,0,0,0,9.35887336437052e-06,0,0.0168070442612372,0,0,0,0,0,0,0,0,0,0,0,0,0,0,0,0.0002996916001144,0,0,0,0,0,0.000146731494677928,0,0,0,0,0,4.79283327591516e-05,0,0,0,0.00090375968180529,0,0,0,0.00126012929621947,0,0.00222997709494771,0,0.000238771465343591,0,0,0.0130197249053181,0,0,0,0,0,0,0,0,0,0,0,0,0,0,0,0.000981470491572096,0,0,0.000876985449318242,7.95234587337072e-06,0.00132485341458429,0,0
0,0,0,0.00374279609707649,0,0.0558532225536043,0,0.000618206495713964,0,0,0,0,0,0,0,0.000358638984775311,0,0,0,0,0,0,0,0,0,0,0,0,0,0,0,0,0,0,0,9.01824607900436e-06,0,0,0,0,0,0,0,0,0,0,0,0,0,3.32632675707377e-05,0,0,0,0.00157632301594245,0,0,0,0.00413820627682376,0,0,0,0.0073638041993143,0.000247468402587861,0,0,0,0,0,0,0,0,0,0,0,0,0,0,0,0,0,0,0,0.000255888479644756,0.000102417349819216,0.000193643923979397,0,0
0,0,0,0,0.00820626111696432,0,0.0351023806429245,0,0,0,0,0,0,0,0,0,0,0,0,0,9.09301379513443e-05,0,0,0,0,0,0,0,0,0,0,0,0,0,0,0,0,0,0,0,0,0,0,0,0,0,0,0,0,0,0.00090375968180529,0,0,0,0,0,0,0,0,0,0,0,0,4.34382946941122e-05,0,0,0,0,0,0,0,0,0,0,0,0,0,0,0,0,0,0,1.88465537576121e-05,0,0,0,0
0,0,0,0,0,0.0181783774654393,0,0.0924565502145461,0,0,0,0,0,0.000585605394903973,0,0,0,0,0,0,0,0,0,0,0,0,0,0,0,0,0,0,0,0,0,0,0,0,0,0,0,0,0,0,0,0,0,0,0,0,0,0.00157632301594245,0,0,0,0,0,0,0,0.00626811209746022,0,0,0,0,0,0,0,0,0,0,0,0,0,0,0,0,0,0,0,0,0,0,0.000109075781555643,3.48684460370195e-05,0,0,0
0.0417367050989965,0,0.0436541245723124,0,0.0129789720230222,0,0,0,0.1662601096578,0,0,0,0,0,0.00349892643853532,0,0,0,0,0,0.00165257310304064,0,0,0,0,0,0,0,0,0,0,0,0,0,0,3.50813598147092e-06,0.00027268454261032,0,0.00234158825482235,0,2.13904837793725e-05,0,0.00257958110157515,0,0,0,0.000234662752572965,0,0.00141264816671681,0,0,0,0,0,0,0,0.00234896485460379,0,5.41798483761631e-05,0,0.0350511954009224,0,0,0.00080230220974095,0,0,0,0.0981971766256016,0,0,0,2.97544928270165e-05,0,0.00059019083221278,0,0,0,0,0,0.000415508966826497,0,0.00286743190125976,0.00119449740058456,1.97357175378775e-06,0.0125186590142287,0,0.000340875195606015
0,0.0222769346995437,0,0.0119344127329726,0,0.00151913676923443,0,0,0,0.124187476035286,0,0,0,0,0,0.000755118814823354,0,0,0,0,0,0,0,0.0373912223717079,0,0,0,0,0,0,0,0,0,0,0,6.29289456637641e-05,0,0.00225901353610048,0,0,0,0.000293707096505945,5.07358317775059e-05,0,0,0,0,0,0,0.000918438255668127,0,0,0,0,0,0,0,0.000570877252046417,0,0,0,0.0160697413547739,0,0,0,0,0.0920568043568129,0,0,0,0,0,0.000147544769278307,0,0,0,0,0,3.4909774569504e-05,0,0.00131831268537436,0,0.000188770561662979,2.72238003908151e-06,0.000978181856642074,0,0
0.000538470581100066,0,0.00808061535488174,0,0.000357532627127573,0,0,0,0.000136600133000631,0,0.0372850534204405,0,0.000129823406325611,0,0,0,0.000498937821918592,4.89302532085509e-05,0.00119567583245985,0,0.00563044464886476,0,0,0,0,0,0,0,0,0,0.000228605198908757,0,0,0,0,9.09430694014275e-06,0.00189667207479315,0,0.00311543460796791,1.30694206868037e-05,0.00129018154743354,1.81309354116897e-05,0.0364885871846936,0,0,0.000106382789571754,0.00777678805028371,0,0.00262811390007669,7.54421480842084e-06,0.00126012929621947,0,0,0,0.00234896485460379,0,0,0,0.0144710674488452,0,0.000166054050075872,0,0,0.0566249171285521,0,0,0,0,0,0,0,0.0140927160610749,0,0.0166882266878914,0,0,0,0,0,0.00293563331960539,0,9.6634766705236e-05,0.0030183441760335,0,0.0356540002858434,5.18465561070297e-05,0.0109622360446699
0,0.000211039753458369,0,0.00801591976768608,0,0.0193644774987446,0,0.00440644917100753,0,0.000861288176098284,0,0.106167565249588,0,0.000696013056265765,0,0.000270619425041528,0,2.75663745634736e-05,0.000125047449824783,0.0322943150936242,0,0,0,0,0,0,0,0,0,0.000806462766014226,0,0,0,0,0,0.00274037629545171,0,0.0069838854190298,0,0.000161474688608177,0,0.00589662201174192,0,0,0,0.00840846582801942,2.81860420488383e-05,0,0,0.00443567009912287,0,0.00413820627682376,0,0,0,0.000570877252046417,0,0,0,3.77679170924239e-05,0,0.00174806433002415,0.0733257568216298,0,0,0,0,0,0,0,0.00773854384391761,0,0.0195811934869526,0,0,0,0,0,0.000526996528383205,0,0.000102741434263307,0,0.000510341456508099,1.30033587318833e-05,0.0120448636261635,7.71660193996798e-06,0
0,0,0.0174157938565911,0,0.00237503941449184,0,0.00812944761112466,0,0,0,7.93430372141302e-05,0,0.013723032183525,0,0.000206785370427023,0,0,0,0,0,0.000244333493692307,0,0,0,0,0,0,0,0,0,0,0,0,0,0,0,0.00024738257620502,0,0,0,0,0,3.66045036618824e-05,0,0,0,0,0,1.34784607222337e-05,0,0.00222997709494771,0,0,0,5.41798483761631e-05,0,0.0144710674488452,0,0,0,0.00582531310638095,0,0,0.00403851252587969,0,0,0,0,0,0,0,0,0,4.02909387806848e-05,0,0,0,0,0,0.000856129564622546,0,0,0.000120607731973263,2.19462934659951e-06,0.00127369744009118,0,0
0,0,0,0.000520508301523503,0,0,0,0.00733991933710192,0,0,0,0.011229954557553,0,0.0440369264106744,0,0.00261369184192839,0,0,0,0.000263946633235693,0,0,0,0,0,0,0,0,0,0,0,0,0,0,0,0.000125657411064272,0,0,0,0,0,0,0,0,0,0,0,0,0,0,0,0,0,0.00626811209746022,0,0,0,3.77679170924239e-05,0,0,0,0,0.000167090427805551,0,0,0,0,0,0,0,0,0,0,0,0,0,0,0,5.10283452969369e-05,0,0,0,0.000162103215668148,0,1.08264232700673e-05,0,0
0.00216051595786031,0,0.0363593857087804,0,0.000287872264152649,0,0,0,0.102540202970301,0,0,0,0.000173841423112752,0,0.0647696728291249,0,3.31436205786568e-05,0,6.81232740888074e-06,0,0,0,0,0,0,0,0.00274432460240348,0,0,0,0,0,0,0,0,3.57877236640934e-06,7.69450111173075e-05,0,0,0,0,0,0.000202255330329826,0,0,0,0,0,0.000318987056810357,0,0.000238771465343591,0,0,0,0.0350511954009224,0,0.000166054050075872,0,0.00582531310638095,0,0,0,0,0.000410481175727659,0,0,0,6.41196003856857e-05,0,0.0103845346580977,0,0,0,0,0,0,0,0,0,0.000453853704351361,0,0,0.000681585887949654,6.41162828487595e-06,0.00106053151085419,0,0
0,0.00631048423042746,0,0.00785366457054023,0,0.0107659829166739,0,0,0,0.00462086506040361,0,0,0,0,0,0.0284088328968412,0,0,0,0.00156052760935629,0,0,0,0,0,0,0,0,0,0,0,0,0,0,0,0.000845635746685387,0,0,0,0,0,0.000436513451637591,0,0,0,0,0,0,0,0.000731042867314018,0,0.0073638041993143,0,0,0,0.0160697413547739,0,0.00174806433002415,0,0,0,0,0.0013384062285806,0,0,0,0,0,0,0,0,0,4.5006902314567e-05,0,0,0,0,0,0.000197892678876646,0,0,0,0.0002945128676915,2.1186762449114e-05,0.00208965393422261,0,0
0,0.000107379480565814,0,0.0167995713547989,0,0,0,0,0,0.000208809065364638,0,0.0016579297377547,0,0,0,0.000180730985069377,2.01492001160731e-05,1.81992867088615e-05,0.000311128953994304,0.037705583627307,0,0,0,0,0,0,0,0,0,0,0,0,0,0,0,0.00415146821667507,0,0.0014819156241365,0,0.000150926331530373,6.82774184575705e-06,0.00223594273597203,0,0,0,0.095673872711662,5.41428884898131e-05,0,0,0.00356065926906155,0,0.000247468402587861,0,0,0,0,0,0.0733257568216298,0,0.000167090427805551,0,0.0013384062285806,0,0,0,0,0,0,0,0,0.000324194953292496,0,0.0106010826819237,0,0,0,0,0,0.000266644976676589,0,0.00207976668848844,0,0.00103557016740791,0,0.0341682547965705,0.000256874411475497,0
9.01191622083419e-05,0,0.000236717540960756,0,0.000460999773075313,0,0,0,0.000400197192119321,0,0.0109676052648359,0,0,0,0,0,0.000118925367419174,8.34028971479544e-06,0.000293490312678946,0,0.0439585041740204,0,0,0,0,0,0,0,0,0,0,0,0,0,0,0,0.000805091531388153,0,0.00166208266550493,0,0.0120621895535973,2.09458080145732e-05,0.00148539502553165,0,0,8.38300189097397e-05,0.170763231534823,0,6.42083502693099e-05,0,0.0130197249053181,0,4.34382946941122e-05,0,0.00080230220974095,0,0.0566249171285521,0,0.00403851252587969,0,0.000410481175727659,0,0,0,0,0,0,0,0,0,0,8.38921651547095e-06,0,0.00121865380656784,0,0,0,0,0,0.00915055869634564,0,0.00436094387845425,0.000267184435181244,0,0.0254533135301749,0,0.000292784496284919
0,0,0,0,0,0,0,0,0,0,0,0,0,0,0,0,0,0.00123502492161688,0,0,0,0.0321636029027065,0,0.0055176542001469,0,0.00706546597675659,0,0.00268927163697924,0,0,0,0,0,0,0,0,0,0.00225612910793901,0,0,0,0,0,0,0,0,0,0,0,0.00466555921069719,0,0,0,0,0,0,0,0,0,0,0,0,0,0,0,0,0.00706782664668716,0,0.00100134001337082,0,0.00314931542114051,0,2.51350326069784e-05,0,0,0,0,0,0,0,0.000829851661684768,0,0.00174779996141172,0.00115211782321716,1.36684144296851e-05,0,0
0,0,0,0,0,0,0,0,0,0,0,0,0,0,0,0,0.00191555534855526,0.000107570963266533,1.42151207865853e-05,0,0,4.18598998115291e-05,0.037490088752041,0,0.00170379233020276,0,0.000671384280527423,0,0,0,0,0,0,0,0,0,0,0,0.000842812947385282,0,0,0,0,0,0,0,0,0,0.00160028338903759,0,0,0,0,0,0,0,0,0,0,0,0,0,0,0,0,0,0,0.00179282924020665,0,3.198413469363e-05,0,0,0,0,0,0,0,0,0,0,0,0.0033314197146946,0.00075062098808804,0,0,0,0
0,0,0,0,0,0,0,0,0,0.00213060862277667,0,0,0,0,0,0,0,0,0,0,0,0.00257064425341821,0,0.0699518103687607,0,0.0060163065161083,0,0,0,0,0,0,0,0,0,0,0,0.0132632409772248,4.07447514355229e-06,0,0,0.000856612791105772,2.57124077228774e-05,0,0,0,0,0,0,0.0210587580220208,0,0,0,0,0,0.0920568043568129,0,0,0,0,0,0,0,0,0.00706782664668716,0,0,0,0.0492389233980037,0,0.00290537583611942,0,0,0,0,0,0,0,0,0,0.00793053819115844,0,0.000134672769124022,0,0.0177235948307593,0,0
0,0,0,0,0,0,0,0,0.00303293572665636,0,0,0,0,0,0,0,0.000956531469629241,0,0,0,0,0,0.00328668918241866,0,0.152470478662138,0,0.000584022712306315,0,0,0,0,0,0,0,0,0,0,7.58868812757521e-05,0.00281275992496972,0,0,0,9.03934897049799e-05,0,0,0,0,0.0016127994252577,0.0152190554540901,0,0,0,0,0,0.0981971766256016,0,0,0,0,0,6.41196003856857e-05,0,0,0,0,0.00179282924020665,0,0,0,0.0131585364569863,0,2.88180766734906e-05,0,0,0,0,0,0,0,0,7.88504176707093e-06,0.00776087542007577,0.000201844266614344,0,0.00764556537021346,0,0
0,0,0,0,0,0,0,0,0,0.00158463531828953,0,0,0,0,0,0,0,0.000804167454284223,0,0,0,4.32942910696434e-05,0,0.141365418945372,0,0.0179497903203652,0,0.000948626301904185,0,0,0,0,0,0,0,0,0,0,0,0,0,0,0,0,0,0,0,0,0,0.00580114594582861,0,0,0,0,0,0,0,0,0,0,0,0,0,0,0.00100134001337082,0,0.0492389233980037,0,0,0,0.00324321094877324,0,0,0,0,0,0,0,0,0,0,0,0.000222624856616982,0,2.33834582207952e-05,0,0
0,0,0,0,0,0,0,0,0.000304599452647381,0,0,0,0,0,0.00605721280643783,0,0.00298758879488338,0,0.000128685053112035,0,0,0,0,0,0.0297763727526412,0,0.0191647279417865,0,0.000497761738305586,0,0,0,0,0,0,0,0,0,0,0,0,0,0,0,0,0,0,0,0,0,0,0,0,0,0,0,0,0,0,0,0.0103845346580977,0,0,0,0,3.198413469363e-05,0,0.0131585364569863,0,0,0,0,0,0,0,0,0,0,0,0,0,0,0.000596264992596333,0,1.15353241993579e-05,0,0
0,0.000182872970597617,0,1.4797031898643e-05,0,0,0,0,0,0.000156611081490933,0,3.73245748050977e-05,0,0.00020800773580063,0,0.000262378106502309,0,0,4.1207253728021e-05,1.97757343555546e-05,0,0.00104109807526928,0,0.000199863370316183,0,0.00428589272282572,0,0.00480742746869872,0,0.000573229216139817,0,0,0,0,0,1.92746147768656e-06,0,7.28309455069095e-05,0,0,0,0.00207675851947326,0,0,0,0.000318485994999464,0,0,0,0.0115472550879144,0,0,0,0,0,0,0,0.00773854384391761,0,0,0,0,0.000324194953292496,0,0.00314931542114051,0,0.00290537583611942,0,0.00324321094877324,0,0,0,0.038305164276202,0,0,0,0,0,7.38089627309569e-06,0,0.00140462644200736,0,0.000343060680410333,0,0.00418637613361068,8.9400188215797e-05,0
0,0,5.39985709294902e-05,0,0,0,0,0,0,0,0,0,0,0,0,0,0,0,3.65675248539029e-06,0,0,0,0,0,0,0,0,0,0.00145346223499649,0,0,0,0,0,0,0,0,0,8.84994463939883e-05,0,2.55788541407348e-05,0,0.00132204973270675,0,0,0,0,3.69041080896301e-05,0.00140651017971146,0,0,0,0,0,2.97544928270165e-05,0,0.0140927160610749,0,0,0,0,0,0,8.38921651547095e-06,0,0,0,2.88180766734906e-05,0,0,0,0,0,0.00531188088134784,0,0,0,0,0,1.08154612002119e-05,0,0.00415213655418837,8.3047034211778e-05,0,0.000288586946051754,0,0.000123959008061836
