0,0,148.399329453707,0,2.81791472434998,0,0,0,695.986272826791,0,0,0,0,0,0,0,0,0,0.313285917043686,0,0,0,0,0,13.4526285231113,0,0,0,0,0,0,0,0,0,0,0,0,0,0.980989664793015,0,0.453943729400635,0,93.7737998068333,0,0,0,0,0,387.664727389812,0,0,0,0,0,520.632553964853,0,0,0,1.44727039337158,0,73.3278583437204,0,0,0,0,0,0,40.0743464082479,0,3.30638167262077,0,0,0,0.997539401054382,0,0,0,0,0,1.72416247427464,0,0,245.779981464148,0,521.988847509027,0,4.42272751033306
0,0,0,52.3596794307232,0,0,0,0,0,116.410133570433,0,0,0,0,0,0,0,1.13048565387726,2.78369843959808,0,0,0,0,0,0,0,0,0,0,0,0,0,0,0,0,0,0,2.60159793496132,0,2.52119025588036,0,141.402183592319,0,0,0,26.0084838122129,0,27.0011166185141,0,391.754234150052,0,0,0,0,0,410.18866750598,0,1.41592109203339,0,62.195096001029,0,330.849696144462,4.59744596481323,0,0,0,0,0,0,0,0,0,1.80550841987133,0,0,0,0,0,40.8857615664601,0,2.07461620867252,0,206.151857018471,0,396.361909419298,3.93067383766174,0
148.399329453707,0,0,0,357.181986033916,0,0,0,540.692783176899,0,0,0,0,0,0,0,0,0,6.54022698104382,0,0,0,0,0,0,0,0,0,0,0,0,0,0,0,0,0,0.483764469623566,0,0,0,8.85424944013357,0,56.7186262309551,0,0,0.326485097408295,12.5198741555214,3.2710619866848,34.8825491368771,0.424841165542603,30.5088711678982,0,0,0,72.3575935959816,0,86.9252900481224,0,5.71448242664337,0,0.610412299633026,0,0,4.74037588387728,0,0,0,0,0,0,0,0,0,0,0,0,0,0,0.398843973875046,21.4347316473722,0,2.6139270812273,136.648334942758,0,577.45589017123,0,7.47566214203835
0,52.3596794307232,0,0,0,0,0,0,0,4.60159921646118,0,0,0,0,0,0,0,0,4.41488203406334,5.05078268051147,0,0,0,0,0,0,0,0,0,0,0,0,0,0,0,0,0,0,0,0.166171416640282,1.5916895866394,75.8024363070726,0,0,0,43.7069804668427,0,0,0,75.6707711517811,0,0,0,0,0,19.5966446995735,0,42.6756402105093,0,50.3429899513721,0,11.0647438466549,10.6670904308558,0,0,0,0,0,0,0,1.49781599640846,0,11.6047797203064,0,0,0,0,0,4.58706918358803,0,4.37801885604858,0,110.889297798276,0,424.738624483347,0.665024295449257,0
2.81791472434998,0,357.181986033916,0,0,0,0,0,741.205258488655,0,0,0,40.1014627218246,0,96.3263995945454,0,0,0,0,0,101.837145999074,0,0,0,0,0,0,0,0,0,0,0,0,0,0,0,0,0,0,0,0,0,1.59944808483124,0,0,0,0,0.344506651163101,1.6757704615593,0,193.508563101292,0,0,0,0,0,24.5282620489597,0,64.0606908798218,0,77.1961200088263,0,0,9.04216574132442,0,0,0,0,0,0,0,0,0,0,0,0,0,0,0,0,0,0,239.120319381356,0,82.6804433315992,0,0
0,0,0,0,0,0,0,59.5379631519318,0,0,0,7.31275153160095,0,0,0,0,0,0,0,0,0,0,0,0,0,0,0,0,0,0,0,0,0,0,0,0,0,0,0,0,0,0,0,0,0,0,0,0,0,0,0,19.9304609298706,0,22.2264201641083,0,0,0,4.6116406917572,0,0,0,0,0,0,0,0,0,0,0,0,0,0,0,0,0,0,0,0,0,0,0,0,14.0582299232483,0,50.8672116994858,0,0
0,0,0,0,0,0,0,0,0,0,9.64163482189178,0,53.5584940314293,0,0,0,0,0,0,0,0,0,0,0,0,0,0,0,0,0,0,0,0,0,0,0,0,0,0,0,0,0,0,0,0,0,0,0,0,0,0,0,1149.66272366047,0,0,0,236.371688783169,0,184.809415698051,0,0,0,0,0,0,0,0,0,0,0,0,0,0,0,0,0,0,0,0,0,0,0,93.7085880637169,26.4664597511292,0,0,0
0,0,0,0,0,59.5379631519318,0,0,0,0,0,0,0,0,0,0,0,0,0,0,0,0,0,0,0,0,0,0,0,0,0,0,0,0,0,0,0,0,0,0,0,0,0,0,0,0,0,0,0,0,0,0,0,91.4709919691086,0,0,0,458.292024254799,0,0,0,0,0,0,0,0,0,0,0,0,0,0,0,0,0,0,0,0,0,0,0,0,43.6639550328255,0,0,0,0
695.986272826791,0,540.692783176899,0,741.205258488655,0,0,0,0,0,0,0,5.25580769777298,0,472.735852122307,0,0.992727190256119,0,0,0,0,0,0,0,72.4409842640162,0,163.046830534935,0,0,0,0,0,0,0,0,0,0,0,94.9193145334721,0,0.337505996227264,0,10.9080079346895,0,0,0,0,0,51.6255028247833,0,4.12268114089966,0,0,0,1386.62261131406,0,3.06318259239197,0,0,0,824.811638846993,0,0,0,0,0,0,100.502166032791,0,246.140889897943,0,0,0,0,0,0,0,0,0,0.22185891866684,0,112.970473572612,404.325121864676,2.26514327526093,239.334931179881,0,1.26872129738331
0,116.410133570433,0,4.60159921646118,0,0,0,0,0,0,0,0,0,0,0,183.757914751768,0,0,0,0,0,1.13973391056061,0,29.9348133355379,0,9.44860458374023,0,0,0,0,0,0,0,0,0,0,0,15.4008670598269,0,0,0,0.563264608383179,0,0,0,0,0,0.226617038249969,0,8.33222554624081,0,0,0,0,0,521.734415143728,0,0,0,0,0,277.235678061843,0,0,0,0,163.255918085575,0,28.7559024095535,0,0,0,0,0,0,0,0,0,0,0,41.5875070244074,0,249.396796703339,0,23.2753973156214,0,0
0,0,0,0,0,0,9.64163482189178,0,0,0,0,0,571.108228325844,0,0,0,0,0,0,0,1283.7793315351,0,0,0,0,0,0,0,262.273067086935,0,299.687353461981,0,0,0,0,0,140.551254361868,0,635.728762075305,0,0,0,0,0,0,0,0,0,0,0,0,0,0,0,0,0,1451.88625863194,0,932.725813731551,0,0,0,0,154.078433990479,0,0,0,0,0,0,0,25.2569580674171,0,29.7138810157776,0,0,0,0,0,259.765444487333,0,178.161301895976,895.594311058521,26.4072833061218,0,0,0
0,0,0,0,0,7.31275153160095,0,0,0,0,0,0,0,414.418572947383,0,0,0,0,0,1479.32163189352,0,0,0,0,0,0,0,0,0,32.0181821584702,0,0,0,0,0,91.1575735807419,0,999.326695531607,0,0,0,0,0,0,0,0,0,0,0,0,0,3.1831214427948,0,0,0,0,0,2085.72103390098,0,259.137210503221,0,0,22.292619407177,0,0,0,0,0,0,0,0,0,22.6509656906128,0,0,0,0,0,97.6906272768974,0,755.325864851475,0,229.030408844352,0,50.7430955767632,0,0
0,0,0,0,40.1014627218246,0,53.5584940314293,0,5.25580769777298,0,571.108228325844,0,0,0,396.689250767231,0,0,0,0,0,0,0,0,0,0,0,8.18241930007935,0,6.41952800750732,0,0,0,0,0,0,0,0,0,0,0,0,0,0,0,0,0,0,0,0,0,14.1966206729412,0,0,0,0.71846467256546,0,16.9912986457348,0,1120.9988912195,0,5.15158167481422,0,0,0,0,0,0,0,0,0,0,0,0,0,0,0,0,0,0,0,0,0,684.369019985199,962.281257301569,0,0,0
0,0,0,0,0,0,0,0,0,0,0,414.418572947383,0,0,0,296.411510229111,0,0,0,0,0,0,0,0,0,44.2965720891953,0,522.854589372873,0,0,0,0,0,0,0,0,0,0,0,0,0,0,0,0,0,0,0,0,0,0,0,0,0,0,0,0,0,182.394620522857,0,1201.90352012217,0,116.676316738129,0,0,0,0,0,0,2.48536419868469,0,9.59032773971558,0,0,0,0,0,0,0,0,0,0,0,435.373853772879,457.604216814041,0,0,0
0,0,0,0,96.3263995945454,0,0,0,472.735852122307,0,0,0,396.689250767231,0,0,0,5.18496716022491,0,0,0,0,0,0,0,4.02695608139038,0,2.95323967933655,0,0,0,0,0,0,0,0,0,0,0,0,0,0,0,0,0,0,0,0,0,0,0,29.2188518345356,0,0,0,60.1446043252945,0,0,0,102.848765492439,0,258.012303829193,0,0,0,0,0,0,0,0,8.95850801467896,0,0,0,0,0,0,0,0,0,0,0,0,190.081569984555,0,0,0,0
0,0,0,0,0,0,0,0,0,183.757914751768,0,0,0,296.411510229111,0,0,0,0,0,0,0,0,0,17.5362505912781,0,128.294798731804,0,0,0,0,0,0,0,0,0,0,0,0,0,0,0,0,0,0,0,0,0,0,0,0,0,0,0,0,0,75.3595113605261,0,0,0,268.799898117781,0,425.479004502296,0,0,0,0,0,0,50.4461099505424,0,0,0,0,0,0,0,0,0,0,0,0,0,177.255912423134,75.6983604431152,0,0,0
0,0,0,0,0,0,0,0,0.992727190256119,0,0,0,0,0,5.18496716022491,0,0,5741.3199569881,2424.67948052287,0,0,0,0,0,19.8413579761982,0,524.126474916935,0,0,0,0,0,0,0,0,0,0,0,0,11.8021983653307,34.5550830960274,45.1771480888128,62.4753545746207,3.14612852036953,0.230113863945007,11.281810104847,13.5359138920903,0,0,1.07223016023636,0,0,0,0,0,0,0.326399452984333,3.21440486609936,0,0,0.955152928829193,0,1.70717510581017,8.44543251395226,0,0,0,2.28963279724121,0,175.871098890901,0,0,4.957783177495,0,0,0,0,0,41.6562505140901,50.4950386285782,20.2847478538752,0.856085002422333,3235.27570935339,0,186.136412665248,2.13000880181789,11.2083964645863
0,1.13048565387726,0,0,0,0,0,0,0,0,0,0,0,0,0,0,5741.3199569881,0,3032.90583579242,0,0,16.8208068609238,0,2.87269638478756,0,2.77683842182159,12.2415136098862,0,0,0,0,0,0,0,0,0,0,0,0,37.7355541065335,33.0199506953359,180.642482459545,57.5239630043507,8.61814050376415,0,57.9785018116236,18.1609502136707,0,0.252832680940628,1.01829278469086,0,0,0,0,0,0,0.237764373421669,13.385483212769,0,0,0,0,3.05304506421089,5.52889682352543,0,0,0,0,6.43241769075394,1.53204041719437,2.10136599838734,0,15.869846612215,0,0,0,0,0,166.851403743029,37.0721390023828,94.3502233475447,0.263762585818768,3641.88910326362,521.215407937765,327.651403397322,19.0802489519119,9.28397214412689
0.313285917043686,2.78369843959808,6.54022698104382,4.41488203406334,0,0,0,0,0,0,0,0,0,0,0,0,2424.67948052287,3032.90583579242,0,0,0,0,0,0,0,0,0.331991493701935,0,0,0,0,0,0,0,0,0.573563307523727,0,0,0,285.479224748909,578.695354834199,887.171249479055,728.676493644714,42.2406443953514,5.44545347988605,701.531414419413,314.12826398015,0.152775123715401,8.00362524390221,5.62072375416756,0,0,0,0,0,0,1.20512942969799,53.1114381030202,0,3.9702151119709,0,0,36.4439429119229,139.143404968083,0,0,0,0,0,1.94675290584564,0,0,53.8578818961978,0,0,0,0,0,1343.53701706231,719.147722505033,440.186789497733,17.1705132648349,1607.47284290195,0,3396.42339228839,84.2933084666729,116.216850817204
0,0,0,5.05078268051147,0,0,0,0,0,0,0,1479.32163189352,0,0,0,0,0,0,0,0,0,0,0,0,0,0,0,0,0,0,0,0,0,0,0,695.066761881113,0,977.759842067957,0,0,0,0,0,0,0,0,0,0,0,0,0,3.79276394844055,0,0,0,0,0,1103.10780370235,0,2.22460678219795,0,0,294.077111020684,0,0,0,0,0,0,0,0,0,4.25350165367126,0,0,0,0,0,257.15205411613,0,821.251011781394,0,215.248773962259,0,89.8937883079052,0,0
0,0,0,0,101.837145999074,0,0,0,0,0,1283.7793315351,0,0,0,0,0,0,0,0,0,0,0,0,0,0,0,0,0,0,0,0,0,0,0,0,0,3585.82269245386,0,441.022373765707,0,0,0,0,0,0,0,0,0,0,0,0,0,0,0,0,0,1456.71628883481,0,0,0,0,0,0,1074.8440104723,0,0,0,0,0,0,0,0,0,0.93268895149231,0,0,0,0,0,1127.2928018868,0,115.721088290215,730.492311388254,10.8119320869446,48.5978185534477,0,0
0,0,0,0,0,0,0,0,0,1.13973391056061,0,0,0,0,0,0,0,16.8208068609238,0,0,0,0,1049.76265022159,355.51097548008,0,511.130002260208,0,1067.29282584786,0,0,0,0,0,4.57921841740608,0,0,0,3053.2861482501,0,0,0,0,0,0,0,0,0,0,0,22.4939475655556,0,0,0,0,0,0.368255198001862,0,0,0,0,0,0,0,0,6053.39303693175,201.557285070419,156.512449458241,0,388.511823654175,0,420.227415204048,0,0,0,0,0,0,0,0,0,1337.20191064477,0,3436.13184277713,138.48736333847,0,0,0
0,0,0,0,0,0,0,0,0,0,0,0,0,0,0,0,0,0,0,0,0,1049.76265022159,0,0,352.440827965736,0,0,0,494.972115635872,0,0,0,0,0,0,0,0,0,2202.96790102124,0,0,0,0,0,0,0,0,0,115.182163402438,0,0,0,0,0,0,0,0,0,0,0,0,0,0,0,424.29174593091,4680.86889800429,0,109.851924926043,0,0,0,178.511805534363,0,0,0,0,0,0,0,0,0,636.11833627522,2446.80832841992,50.6172910928726,0,0,0
0,0,0,0,0,0,0,0,0,29.9348133355379,0,0,0,0,0,17.5362505912781,0,2.87269638478756,0,0,0,355.51097548008,0,0,0,429.169184148312,0,0,0,0,0,0,0,2.97287976741791,0,0,0,601.294137522578,0.272721409797668,0,0,0,0,0,0,0,0,0,0,0,0,0,0,0,0,66.924137070775,0,0,0,0,0,17.1665387749672,0,0,45.3049673587084,0,1081.91448035836,0,1376.5292531848,0,0,0,0,0,0,0,0,0,0,0,368.607487842441,0.278335183858871,576.116298824549,0.925040751695633,48.2177179157734,0,0
13.4526285231113,0,0,0,0,0,0,0,72.4409842640162,0,0,0,0,0,4.02695608139038,0,19.8413579761982,0,0,0,0,0,352.440827965736,0,0,0,169.52430421114,0,0,0,0,0,0,0,0,0,0,0,423.073276370764,0,0,0,0,0,0,0,0,0,9.48984387516975,0,0,0,0,0,39.8030945956707,0,0,0,0,0,0.430462747812271,0,0,0,0,93.3831302821636,0,235.885821342468,0,818.774236693978,0,0,0,0,0,0,0,0,0,0,0,125.1834243536,166.24340775609,0,6.37811304628849,0,0
0,0,0,0,0,0,0,0,0,9.44860458374023,0,0,0,44.2965720891953,0,128.294798731804,0,2.77683842182159,0,0,0,511.130002260208,0,429.169184148312,0,0,0,760.804308652878,0,0,0,0,0,0,0,0,0,0,0,0,0,0,0,0,0,0,0,0,0,0,0,0,0,0,0,0,0,0,0,4.46396160125732,0,26.1156404912472,0,0,0,0,155.451323926449,0,363.27711763978,0,291.212683558464,0,0,0,0,0,0,0,0,0,0,0,61.5875449180603,0,0,0,0
0,0,0,0,0,0,0,0,163.046830534935,0,0,0,8.18241930007935,0,2.95323967933655,0,524.126474916935,12.2415136098862,0.331991493701935,0,0,0,0,0,169.52430421114,0,0,0,629.199639797211,0,0,0,0,0,0,0,0,0,0,0,0,0,0,0,0,0,0,0,0,0,0,0,0,0,7.61245775222778,0,0,0,0,0,0,0,0,0,0,0,0,1.82245826721191,0,86.8561895489693,0,60.04656457901,0,0,0,0,0,0,0,0,0,0,48.6132333129644,0,0,0,0
0,0,0,0,0,0,0,0,0,0,0,0,0,522.854589372873,0,0,0,0,0,0,0,1067.29282584786,0,0,0,760.804308652878,0,0,0,1482.65862610936,0,0,0,0,0,0,0,513.770854711533,0,0,0,0,0,0,0,0,0,0,0,0,0,0,0,0,0,0,0,0,0,187.491571187973,0,0,0,0,313.535556137562,0,0,0,233.32273298502,0,5144.73660640419,0,61.7813894450665,0,0,0,0,0,0,0,206.730734571815,0,1279.21691197157,2166.21363788843,0,0,0
0,0,0,0,0,0,0,0,0,0,262.273067086935,0,6.41952800750732,0,0,0,0,0,0,0,0,0,494.972115635872,0,0,0,629.199639797211,0,0,0,316.358452677727,0,0,0,0,0,0,0,76.9563441574574,0,0,0,0,0,0,0,0,0,0,0,0,0,0,0,0,0,152.192206025124,0,11.5053644180298,0,0,0,0,0,0,255.786062300205,0,0,0,182.035664796829,0,3190.68268406391,0,6.06302261352539,0,0,0,0,0,0,0,184.658482775092,366.545545578003,218.596519529819,0,0,0
0,0,0,0,0,0,0,0,0,0,0,32.0181821584702,0,0,0,0,0,0,0,0,0,0,0,0,0,0,0,1482.65862610936,0,0,0,0,0,0,0,0,0,1966.2745064944,0,0,0,0,0,0,0,0,0,0,0,0,0,0,0,0,0,0,0,12.122473359108,0,0,0,0,0,0,0,0,0,0,0,0,1086.25697267056,0,744.297912687063,0,0,0,0,0,0,0,672.890868455172,0,107.399708032608,0,0,0,0
0,0,0,0,0,0,0,0,0,0,299.687353461981,0,0,0,0,0,0,0,0,0,0,0,0,0,0,0,0,0,316.358452677727,0,0,0,0,0,0,0,0,0,192.047069564462,0,0,0,0,0,0,0,0,0,0,0,0,0,0,0,0,0,124.300535172224,0,0,0,0,0,0,0,0,0,0,0,0,0,0,302.759268552065,0,62.5420274138451,0,0,0,0,0,0,0,251.235045738518,63.4394496977329,0,0,0,0
0,0,0,0,0,0,0,0,0,0,0,0,0,0,0,0,0,0,0,0,0,0,0,0,0,0,0,0,0,0,0,0,313.500037163496,51.8655356168747,5.92965632677078,1045.12946403027,345.779825150967,0.277999430894852,0,0,0,0,0,0,0,0,0,409.33885769546,0.381952494382858,0,0,0,0,0,0,0,0,0,0,0,0,0,0,0,0,0,0,0,0,0,0,0,0,0,1196.1159863919,264.366030111909,121.564892709255,56.5922708511353,197.854878485203,241.849023520947,1.72364616394043,0,613.751387655735,0,0,0,0
0,0,0,0,0,0,0,0,0,0,0,0,0,0,0,0,0,0,0,0,0,0,0,0,0,0,0,0,0,0,0,313.500037163496,0,29.2656779438257,70.6884624809027,0,388.398307055235,0,0,0,0,0,0,0,0,0,0,603.70504963398,0.351455003023148,1.14630195498466,0,0,0,0,0,0,0,0,0,0,0,0,0,0,0,0,0,0,0,0,0,0,0,0,376.767204910517,216.024148330092,6.80291423201561,73.6920188963413,41.5102111697197,412.08321467042,0.332842439413071,0,303.250715196133,0,0,0,0
0,0,0,0,0,0,0,0,0,0,0,0,0,0,0,0,0,0,0,0,0,4.57921841740608,0,2.97287976741791,0,0,0,0,0,0,0,51.8655356168747,29.2656779438257,0,3681.51507866383,675.630957171321,0,468.236785531044,37.563683360815,0,0,0,0,0,0,0,0,2391.23993262649,2.28557729721069,0,0,0,0,0,0,0,0,0,0,0,0,0,0,0,0,0,2.93786293268204,0,0,0,0,0,0,0,242.677655801177,2.71940362453461,1881.17065767944,3359.22313323617,355.078062027693,0,636.256437212229,82.0298306047916,1167.05082143843,14.674957215786,0,0,0
0,0,0,0,0,0,0,0,0,0,0,0,0,0,0,0,0,0,0,0,0,0,0,0,0,0,0,0,0,0,0,5.92965632677078,70.6884624809027,3681.51507866383,0,0,989.997530400753,305.719955548644,886.051235809922,0,0,0,0,0,0,0,0,3378.22485563159,47.5047325789928,4.54456359148026,0,0,0,0,0,0,0,0,0,0,0,0,0,0,0,0,0,0,0,0,0,0,0,0,20.7722315043211,110.893089398742,1126.07301317155,2462.89457526803,29.7549362182617,188.523904666305,251.602257266641,1502.98690630496,877.015700772405,2.65165442228317,0,0,0
0,0,0,0,0,0,0,0,0,0,0,91.1575735807419,0,0,0,0,0,0,0.573563307523727,695.066761881113,0,0,0,0,0,0,0,0,0,0,0,1045.12946403027,0,675.630957171321,0,0,859.336087688804,4851.1661105603,0,27.8399006426334,4.14411509037018,0,0,0,0,48.5838159397244,0,119.173273593187,5.69692271947861,2.40074276924133,0,0,0,0,0,0,0,39.2365805581212,0,5.54377961158752,0,0,449.460460580885,0,0,0,0,0,0,0,0.341920673847198,0,0.126054152846336,0,810.17352193594,0,334.104411259294,0,16899.0235715508,541.156830847263,761.747872263193,0,2025.22244957089,0.878930270671844,228.892837658525,0,0
0,0,0.483764469623566,0,0,0,0,0,0,0,140.551254361868,0,0,0,0,0,0,0,0,0,3585.82269245386,0,0,0,0,0,0,0,0,0,0,345.779825150967,388.398307055235,0,989.997530400753,859.336087688804,0,0,5535.0391176492,0,17.2570509016514,0,1.48653227090836,0,0,0,5.84195773303509,301.011979103088,32.1646830290556,0,0,0,0,0,0,0,100.128751665354,0,0,0,0,0,0,1146.75018075109,0,0,0,0,0,0,0,0,0,0,148.932712957263,184.90549069643,0,860.472347617149,201.373031139374,25519.9341902956,0,1660.2695478797,3602.77497053146,3.29625463485718,56.3254316747189,0,0
0,2.60159793496132,0,0,0,0,0,0,0,15.4008670598269,0,999.326695531607,0,0,0,0,0,0,0,977.759842067957,0,3053.2861482501,0,601.294137522578,0,0,0,513.770854711533,0,1966.2745064944,0,0.277999430894852,0,468.236785531044,305.719955548644,4851.1661105603,0,0,1079.47146858275,0,0,2.30938455462456,0,0,0,0,0,1508.30684146285,0,141.806877657771,0,0,0,0,0,76.9128592908382,0,1200.24898897111,0,0,0,0,53.7279242873192,0,2144.26993623376,0,718.738262504339,0,0,0,646.078597217798,0,2250.52159926295,0,3.79969815909863,0,61.2628945708275,244.45728956908,1716.50576156378,0,18360.7048905119,235.000180542469,3565.6822861582,277.260078430176,139.950041413307,0,0
0.980989664793015,0,0,0,0,0,0,0,94.9193145334721,0,635.728762075305,0,0,0,0,0,0,0,0,0,441.022373765707,0,2202.96790102124,0.272721409797668,423.073276370764,0,0,0,76.9563441574574,0,192.047069564462,0,0,37.563683360815,886.051235809922,0,5535.0391176492,1079.47146858275,0,0,0,0,16.1890926361084,0,0,0,0,959.813044011593,531.320972621441,0,0,0,0,0,82.6331871151924,0,575.48415414989,0,0,0,0,0,0,469.264826983213,0,3043.76411551237,0,436.706909120083,0,0.718850374221802,0,43.7219544947147,0,112.490385115147,0,0,12.7009610831738,387.02865177393,0,1925.11406776309,511.00386184454,18218.8182284534,3462.95808798075,136.916092127562,360.62292817235,0,0
0,2.52119025588036,0,0.166171416640282,0,0,0,0,0,0,0,0,0,0,0,0,11.8021983653307,37.7355541065335,285.479224748909,0,0,0,0,0,0,0,0,0,0,0,0,0,0,0,0,27.8399006426334,0,0,0,0,1.32865793257952,702.572245210409,9.35334358364344,10.0358729213476,0,499.364067934453,23.6008258908987,0,0,378.304464280605,0,0,0,0,0,0,0.393442690372467,39.2837754637003,0,3.23546986281872,0,0,199.432655528188,0.115220189094543,0,0,0,0,0,0,0.936029955744743,0,4.6061949878931,0,0,0,0,0,515.914862528443,8.46082991361618,78.0373712480068,0,74.3212359920144,0,2054.28358009458,11.5823464617133,0.178207784891129
0.453943729400635,0,8.85424944013357,1.5916895866394,0,0,0,0,0.337505996227264,0,0,0,0,0,0,0,34.5550830960274,33.0199506953359,578.695354834199,0,0,0,0,0,0,0,0,0,0,0,0,0,0,0,0,4.14411509037018,17.2570509016514,0,0,1.32865793257952,0,19.01147031039,502.093811072409,7.03325738012791,1.49466054141521,4.27126079797745,385.926209829748,3.23967845737934,454.550429806113,0.366966158151627,0,0,0,0,0,0,23.0462720319629,4.07211834192276,0.316056787967682,0,0,0,0.832955382764339,567.46946978569,0,0,0,0,0,0,0,0,0.272227182984352,17.7032593488693,0,0,0,0,6.01612332463264,898.290215171874,2.15418983995914,123.299686744809,202.573722012341,0,1270.42691849917,5.23981253802776,20.2275362461805
0,141.402183592319,0,75.8024363070726,0,0,0,0,0,0.563264608383179,0,0,0,0,0,0,45.1771480888128,180.642482459545,887.171249479055,0,0,0,0,0,0,0,0,0,0,0,0,0,0,0,0,0,0,2.30938455462456,0,702.572245210409,19.01147031039,0,156.708966597915,53.0355474203825,0,186.087268352509,7.02521423995495,2.54691061377525,0,349.351575396955,0,0,0,0,0,1.584038823843,0,224.348595917225,0,15.2136983275414,0,0.570889532566071,69.5623716041446,4.57253501564264,0,0,0,0,0,0,52.7462109178305,0,383.469610109925,0,0,0,0,0,1133.00133652985,30.4951701462269,350.912996530533,3.58005332946777,892.702537313104,0,4825.17257091403,277.981137916446,16.0114637985826
93.7737998068333,0,56.7186262309551,0,1.59944808483124,0,0,0,10.9080079346895,0,0,0,0,0,0,0,62.4753545746207,57.5239630043507,728.676493644714,0,0,0,0,0,0,0,0,0,0,0,0,0,0,0,0,0,1.48653227090836,0,16.1890926361084,9.35334358364344,502.093811072409,156.708966597915,0,17.7168966382742,6.61045041680336,8.23863917589188,203.537465777248,13.3723894134164,291.39099702239,0.468092978000641,0.134915798902512,0,0,0,0.218949615955353,0,20.5425224378705,2.84507673978806,0,0,0,0,2.72782951593399,118.593252845109,0,0,0,0,0,0,0,0,2.69208388030529,0,0,0,0,0,43.4372147917747,594.904275946319,21.8325047418475,18.385445304215,1105.63378101587,0,6332.62548152357,3.55899316072464,1891.35035227239
0,0,0,0,0,0,0,0,0,0,0,0,0,0,0,0,3.14612852036953,8.61814050376415,42.2406443953514,0,0,0,0,0,0,0,0,0,0,0,0,0,0,0,0,0,0,0,0,10.0358729213476,7.03325738012791,53.0355474203825,17.7168966382742,0,0,13.0758190900087,2.29534577578306,0,0,1.38694141805172,0,0,0,0,0,0,0,4.95322382450104,0,0,0,0,1.12305771559477,0.503156021237373,0,0,0,0,0,0,0,0,3.49992805719376,0,0,0,0,0,54.6881835311651,10.1451649442315,10.5669255554676,0,8.56796923279762,0,76.7901363372803,5.94065570831299,0.983839154243469
0,0,0,0,0,0,0,0,0,0,0,0,0,0,0,0,0.230113863945007,0,5.44545347988605,0,0,0,0,0,0,0,0,0,0,0,0,0,0,0,0,0,0,0,0,0,1.49466054141521,0,6.61045041680336,0,0,0,19.1884009391069,0,0.0966202989220619,0,0,0,0,0,0,0,0,0,0,0,0,0,0,0.419290840625763,0,0,0,0,0,0,0,0,0,0,0,0,0,0,0,40.2587292939425,0,3.13821628689766,2.91497460007668,0,129.555158913136,0,0
0,26.0084838122129,0.326485097408295,43.7069804668427,0,0,0,0,0,0,0,0,0,0,0,0,11.281810104847,57.9785018116236,701.531414419413,0,0,0,0,0,0,0,0,0,0,0,0,0,0,0,0,48.5838159397244,0,0,0,499.364067934453,4.27126079797745,186.087268352509,8.23863917589188,13.0758190900087,0,0,39.3910047784448,0.368320643901825,0,25.9484112113714,0,0,0,0,0,0,3.0811053737998,338.004706799984,0,13.4252704828978,0,0,655.409946188331,0.152220860123634,0,0,0,0,0,0,0,0,20.9285177886486,0,0,0,0,0,1252.75246915966,12.816684782505,412.322755709291,2.14908695220947,214.789987154305,0,1578.45881637558,5.75024510920048,4.2535338550806
0,0,12.5198741555214,0,0,0,0,0,0,0,0,0,0,0,0,0,13.5359138920903,18.1609502136707,314.12826398015,0,0,0,0,0,0,0,0,0,0,0,0,0,0,0,0,0,5.84195773303509,0,0,23.6008258908987,385.926209829748,7.02521423995495,203.537465777248,2.29534577578306,19.1884009391069,39.3910047784448,0,1.10950230062008,64.9831608757377,0,1.14448979496956,0,0,0,0,0,13.9250933155417,11.5177210494876,0.366367369890213,0,0,0,15.3799549266696,1196.37965001911,0,0,0,0,0,0,0,0,0.883115142583847,0,0,0,0,0,25.1617439612746,944.067124590278,9.35622260719538,165.427143022418,149.701426103711,0,1370.09977104142,0,13.3615538477898
0,27.0011166185141,3.2710619866848,0,0.344506651163101,0,0,0,0,0.226617038249969,0,0,0,0,0,0,0,0,0.152775123715401,0,0,0,0,0,0,0,0,0,0,0,0,409.33885769546,603.70504963398,2391.23993262649,3378.22485563159,119.173273593187,301.011979103088,1508.30684146285,959.813044011593,0,3.23967845737934,2.54691061377525,13.3723894134164,0,0,0.368320643901825,1.10950230062008,0,1321.88672377169,711.061505451798,0,0,0,0,0,0,5.92297544330359,0,0,0,0,0,0,0.24167637526989,0,0,0,0,0,0,0.309193432331085,0,1.24606049060822,0,2870.39993834496,3027.37476992607,1609.24574074149,878.84981174767,3148.40568903089,283.230975911021,1352.55372428894,1029.02064323425,1129.03100778162,1.32000708580017,596.034321971238,0,0
387.664727389812,0,34.8825491368771,0,1.6757704615593,0,0,0,51.6255028247833,0,0,0,0,0,0,0,0,0.252832680940628,8.00362524390221,0,0,0,115.182163402438,0,9.48984387516975,0,0,0,0,0,0,0.381952494382858,0.351455003023148,2.28557729721069,47.5047325789928,5.69692271947861,32.1646830290556,0,531.320972621441,0,454.550429806113,0,291.39099702239,0,0.0966202989220619,0,64.9831608757377,1321.88672377169,0,60.5399148464203,0,0,0,0,9.06964209675789,0,75.0890594646335,0.212037444114685,22.3970986604691,0,14.4582558870316,0,0,3.4713384360075,0,419.840671911836,0,209.246182441711,0,142.50355617702,0,130.872053772211,0,52.6106317043304,17.7308256030083,11.56995677948,6.47006979584694,0.7012919485569,106.998751789331,319.46447083354,0.39957332611084,657.685401931405,328.014244019985,0,1711.13293061405,0,11.402861058712
0,391.754234150052,0.424841165542603,75.6707711517811,0,0,0,0,0,8.33222554624081,0,0,0,0,0,0,1.07223016023636,1.01829278469086,5.62072375416756,0,0,22.4939475655556,0,0,0,0,0,0,0,0,0,0,1.14630195498466,0,4.54456359148026,2.40074276924133,0,141.806877657771,0,378.304464280605,0.366966158151627,349.351575396955,0.468092978000641,1.38694141805172,0,25.9484112113714,0,711.061505451798,60.5399148464203,0,0,0,0,0,0,45.7046296149492,0,88.9742165505886,0,89.5870452821255,0,34.0176557451487,3.58824260532856,0,108.573758795857,0,1.28740608692169,0,13.5757330060005,0,110.780557155609,0,206.00537148118,0,30.8897702693939,16.6684775948524,6.48607325553894,1.17643269896507,221.59605460614,0,775.922571599483,0,475.319925278425,0,1141.16426718235,0,0
0,0,30.5088711678982,0,193.508563101292,0,0,0,4.12268114089966,0,0,0,14.1966206729412,0,29.2188518345356,0,0,0,0,0,0,0,0,0,0,0,0,0,0,0,0,0,0,0,0,0,0,0,0,0,0,0,0.134915798902512,0,0,0,1.14448979496956,0,0,0,0,0,0,0,0,0,99.877560377121,0,44.7561782598495,0,105.606704324484,0,0,0,0,0,0,0,0,0,0,0,0,0,0,0,0,0,0,0.162892028689384,0,0.741897881031036,108.860557705164,0,73.260079279542,0,0
0,0,0,0,0,19.9304609298706,0,0,0,0,0,3.1831214427948,0,0,0,0,0,0,0,3.79276394844055,0,0,0,0,0,0,0,0,0,0,0,0,0,0,0,0,0,0,0,0,0,0,0,0,0,0,0,0,0,0,0,0,0,0,0,0,0,0,0,0,0,0,0,0,0,0,0,0,0,0,0,0,0,0,0,0,0,0,0,0,0,0,10.9490671157837,0,0,0,0
0,0,0,0,0,0,1149.66272366047,0,0,0,0,0,0,0,0,0,0,0,0,0,0,0,0,0,0,0,0,0,0,0,0,0,0,0,0,0,0,0,0,0,0,0,0,0,0,0,0,0,0,0,0,0,0,0,0,0,0,0,0,0,0,0,0,0,0,0,0,0,0,0,0,0,0,0,0,0,0,0,0,0,0,0,708.083201766014,14.1624803543091,0,0,0
0,0,0,0,0,22.2264201641083,0,91.4709919691086,0,0,0,0,0,0,0,0,0,0,0,0,0,0,0,0,0,0,0,0,0,0,0,0,0,0,0,0,0,0,0,0,0,0,0,0,0,0,0,0,0,0,0,0,0,0,0,0,0,76.377893358469,0,0,0,0,0,0,0,0,0,0,0,0,0,0,0,0,0,0,0,0,0,0,0,0,67.6331571638584,0,0,0,0
520.632553964853,0,72.3575935959816,0,0,0,0,0,1386.62261131406,0,0,0,0.71846467256546,0,60.1446043252945,0,0,0,0,0,0,0,0,0,39.8030945956707,0,7.61245775222778,0,0,0,0,0,0,0,0,0,0,0,82.6331871151924,0,0,0,0.218949615955353,0,0,0,0,0,9.06964209675789,0,0,0,0,0,0,0,1.92531362175941,0,7.10997670888901,0,138.979749232531,0,0,0,0,0,0,449.157905608416,0,20.6795493662357,0,0,0,0,0,0,0,0,0,0,0,159.821230024099,75.4637361913919,0,61.5412154644728,0,0
0,410.18866750598,0,19.5966446995735,0,0,0,0,0,521.734415143728,0,0,0,0,0,75.3595113605261,0,0,0,0,0,0.368255198001862,0,66.924137070775,0,0,0,0,0,0,0,0,0,0,0,0,0,76.9128592908382,0,0,0,1.584038823843,0,0,0,0,0,0,0,45.7046296149492,0,0,0,0,0,0,0,3.46863389015198,0,6.88726532459259,0,218.335295006633,0,0,0,0,248.153213754296,0,0,0,0,0,0.253434389829636,0,0,0,0,0,0,0,186.601395443082,0,68.4384786188602,0,94.0256119519472,2.44911050796509,0
0,0,86.9252900481224,0,24.5282620489597,0,236.371688783169,0,3.06318259239197,0,1451.88625863194,0,16.9912986457348,0,0,0,0.326399452984333,0.237764373421669,1.20512942969799,0,1456.71628883481,0,0,0,0,0,0,0,152.192206025124,0,124.300535172224,0,0,0,0,0,100.128751665354,0,575.48415414989,0.393442690372467,23.0462720319629,0,20.5425224378705,0,0,3.0811053737998,13.9250933155417,5.92297544330359,75.0890594646335,0,99.877560377121,0,0,0,1.92531362175941,0,0,2.91864785552025,136.728914707899,0,9.19771561026573,0,0,966.900626257062,0,0,0,0,0,0,0,378.200525254011,0,257.903156727552,0,0,0,0,0.524027206003666,42.2125720530748,0.123816639184952,228.913597360253,2286.0903223753,166.337577342987,1388.63400763273,0,0.448143750429153
0,1.41592109203339,0,42.6756402105093,0,4.6116406917572,0,458.292024254799,0,0,0,2085.72103390098,0,182.394620522857,0,0,3.21440486609936,13.385483212769,53.1114381030202,1103.10780370235,0,0,0,0,0,0,0,0,0,12.122473359108,0,0,0,0,0,39.2365805581212,0,1200.24898897111,0,39.2837754637003,4.07211834192276,224.348595917225,2.84507673978806,4.95322382450104,0,338.004706799984,11.5177210494876,0,0.212037444114685,88.9742165505886,0,0,0,76.377893358469,0,3.46863389015198,2.91864785552025,0,0,467.201717987657,0,16.2083350419998,1421.25545486808,0,0,0,0,0,0,0,432.368178069592,0,1058.92124213278,0,0,0,0,0,197.797512561083,1.60277504473925,513.835258021951,0.718062460422516,873.648029744625,0,859.266413643956,42.7508833408356,0
1.44727039337158,0,5.71448242664337,0,64.0606908798218,0,184.809415698051,0,0,0,932.725813731551,0,1120.9988912195,0,102.848765492439,0,0,0,0,0,0,0,0,0,0,0,0,0,11.5053644180298,0,0,0,0,0,0,0,0,0,0,0,0.316056787967682,0,0,0,0,0,0.366367369890213,0,22.3970986604691,0,44.7561782598495,0,0,0,7.10997670888901,0,136.728914707899,0,0,0,182.902111425996,0,0,0,0,0,0,0,0,0,0,344.618198886514,0,0,0,0,0,0,0,4.76247815787792,0,0,2140.35538053513,1702.04561841488,34.994449749589,0,0
0,62.195096001029,0,50.3429899513721,0,0,0,0,0,0,0,259.137210503221,0,1201.90352012217,0,268.799898117781,0,0,3.9702151119709,2.22460678219795,0,0,0,0,0,4.46396160125732,0,187.491571187973,0,0,0,0,0,0,0,5.54377961158752,0,0,0,3.23546986281872,0,15.2136983275414,0,0,0,13.4252704828978,0,0,0,89.5870452821255,0,0,0,0,0,6.88726532459259,0,467.201717987657,0,0,0,423.369222670794,28.6442350745201,0,0,0,0.447063490748405,0,378.244392424822,0,125.95404574275,0,2.58619379997253,0,0,0,0,0,53.036460056901,0,1.255784034729,0,452.994542777538,366.190140902996,95.7535289078951,1.39570081233978,0
73.3278583437204,0,0.610412299633026,0,77.1961200088263,0,0,0,824.811638846993,0,0,0,5.15158167481422,0,258.012303829193,0,0.955152928829193,0,0,0,0,0,0,0,0.430462747812271,0,0,0,0,0,0,0,0,0,0,0,0,0,0,0,0,0,0,0,0,0,0,0,14.4582558870316,0,105.606704324484,0,0,0,138.979749232531,0,9.19771561026573,0,182.902111425996,0,0,0,0,0,0,0,0,0,0,0,0,0,0,0,0,0,0,0,0,0,0,0,52.2028603702784,0,1.90881749987602,0,0
0,330.849696144462,0,11.0647438466549,0,0,0,0,0,277.235678061843,0,0,0,116.676316738129,0,425.479004502296,0,0,0,0,0,0,0,17.1665387749672,0,26.1156404912472,0,0,0,0,0,0,0,0,0,0,0,0,0,0,0,0.570889532566071,0,0,0,0,0,0,0,34.0176557451487,0,0,0,0,0,218.335295006633,0,16.2083350419998,0,423.369222670794,0,0,7.67859157919884,0,0,0,0,0,114.558178916574,0,0,0,1.10814428329468,0,0,0,0,0,5.37099173665047,0,0.193558588624001,0,91.35809892416,0,39.1075089126825,0,0
0,4.59744596481323,0,10.6670904308558,0,0,0,0,0,0,0,22.292619407177,0,0,0,0,1.70717510581017,3.05304506421089,36.4439429119229,294.077111020684,0,0,0,0,0,0,0,0,0,0,0,0,0,0,0,449.460460580885,0,53.7279242873192,0,199.432655528188,0.832955382764339,69.5623716041446,2.72782951593399,1.12305771559477,0,655.409946188331,15.3799549266696,0,0,3.58824260532856,0,0,0,0,0,0,0,1421.25545486808,0,28.6442350745201,0,7.67859157919884,0,0,0,0,0,0,0,0,11.59511269629,0,33.2670794203877,0,0,0,0,0,941.416760914028,0.202808991074562,265.436081141233,0,165.544568300247,0,441.951722241938,7.39995065331459,1.43008899688721
0,0,4.74037588387728,0,9.04216574132442,0,0,0,0,0,154.078433990479,0,0,0,0,0,8.44543251395226,5.52889682352543,139.143404968083,0,1074.8440104723,0,0,0,0,0,0,0,0,0,0,0,0,0,0,0,1146.75018075109,0,469.264826983213,0.115220189094543,567.46946978569,4.57253501564264,118.593252845109,0.503156021237373,0.419290840625763,0.152220860123634,1196.37965001911,0.24167637526989,3.4713384360075,0,0,0,0,0,0,0,966.900626257062,0,0,0,0,0,0,0,0,0,0,0,0,0,0,81.5779220759869,0,14.9216995239258,0,0,0,0,0.682415813207626,2068.25204802305,0.533496350049973,716.554724961519,787.184392459691,0,546.487833105028,0.468857526779175,2.04864570498466
0,0,0,0,0,0,0,0,0,0,0,0,0,0,0,0,0,0,0,0,0,6053.39303693175,424.29174593091,45.3049673587084,0,0,0,313.535556137562,0,0,0,0,0,0,0,0,0,2144.26993623376,0,0,0,0,0,0,0,0,0,0,0,108.573758795857,0,0,0,0,0,0,0,0,0,0,0,0,0,0,0,23.2166578173637,208.782782793045,0,58.6933108121157,0,1475.94723759592,0,0,0,0,0,0,0,0,0,1118.50498406589,0,817.332665532827,79.6497308909893,0,0,0
0,0,0,0,0,0,0,0,0,0,0,0,0,0,0,0,0,0,0,0,0,201.557285070419,4680.86889800429,0,93.3831302821636,0,0,0,255.786062300205,0,0,0,0,0,0,0,0,0,3043.76411551237,0,0,0,0,0,0,0,0,0,419.840671911836,0,0,0,0,0,0,0,0,0,0,0,0,0,0,0,23.2166578173637,0,0,316.812787294388,0,377.105012692511,0,290.958369232714,0,0,0,0,0,0,0,0,0,959.835475727916,1491.15766559541,24.3250998258591,0,0,0
0,0,0,0,0,0,0,0,0,163.255918085575,0,0,0,0,0,0,0,0,0,0,0,156.512449458241,0,1081.91448035836,0,155.451323926449,0,0,0,0,0,0,0,2.93786293268204,0,0,0,718.738262504339,0,0,0,0,0,0,0,0,0,0,0,1.28740608692169,0,0,0,0,0,248.153213754296,0,0,0,0.447063490748405,0,0,0,0,208.782782793045,0,0,0,61.9871757477522,0,0.495461598038673,0,0,0,0,0,0,0,0,0,776.156381458044,0,634.562978297472,0,81.0916007906199,0,0
40.0743464082479,0,0,0,0,0,0,0,100.502166032791,0,0,0,0,0,0,0,2.28963279724121,0,0,0,0,0,109.851924926043,0,235.885821342468,0,1.82245826721191,0,0,0,0,0,0,0,0,0,0,0,436.706909120083,0,0,0,0,0,0,0,0,0,209.246182441711,0,0,0,0,0,449.157905608416,0,0,0,0,0,0,0,0,0,0,316.812787294388,0,0,0,102.56458735466,0,0,0,0,0,0,0,0,0,0,0,296.385310798883,177.505309760571,0,170.485961794853,0,0
0,0,0,0,0,0,0,0,0,28.7559024095535,0,0,0,2.48536419868469,0,50.4461099505424,0,6.43241769075394,0,0,0,388.511823654175,0,1376.5292531848,0,363.27711763978,0,233.32273298502,0,0,0,0,0,0,0,0,0,0,0,0,0,0,0,0,0,0,0,0,0,13.5757330060005,0,0,0,0,0,0,0,0,0,378.244392424822,0,114.558178916574,0,0,58.6933108121157,0,61.9871757477522,0,0,0,1286.16547636688,0,0,0,0,0,0,0,0,0,0,0,345.403028428555,6.99728667736053,0,0,0
3.30638167262077,0,0,0,0,0,0,0,246.140889897943,0,0,0,0,0,8.95850801467896,0,175.871098890901,1.53204041719437,1.94675290584564,0,0,0,0,0,818.774236693978,0,86.8561895489693,0,182.035664796829,0,0,0,0,0,0,0,0,0,0.718850374221802,0,0,0,0,0,0,0,0,0,142.50355617702,0,0,0,0,0,20.6795493662357,0,0,0,0,0,0,0,0,0,0,377.105012692511,0,102.56458735466,0,0,0,341.954166576266,0,0,0,0,0,0,0,0,0,0,217.55920521915,0,113.839927956462,0,0
0,0,0,1.49781599640846,0,0,0,0,0,0,0,0,0,9.59032773971558,0,0,0,2.10136599838734,0,0,0,420.227415204048,0,0,0,291.212683558464,0,5144.73660640419,0,1086.25697267056,0,0,0,0,0,0.341920673847198,0,646.078597217798,0,0.936029955744743,0,52.7462109178305,0,0,0,0,0,0.309193432331085,0,110.780557155609,0,0,0,0,0,0,0,432.368178069592,0,125.95404574275,0,0,11.59511269629,0,1475.94723759592,0,0.495461598038673,0,1286.16547636688,0,0,0,217.019786342978,0,0,0,0,0,0.361511752009392,0,110.622559607029,0,1653.11285057664,812.05803245306,130.186582028866,3.96431064605713,0
0,0,0,0,0,0,0,0,0,0,25.2569580674171,0,0,0,0,0,0,0,0,0,0,0,178.511805534363,0,0,0,60.04656457901,0,3190.68268406391,0,302.759268552065,0,0,0,0,0,0,0,43.7219544947147,0,0,0,0,0,0,0,0,0,130.872053772211,0,0,0,0,0,0,0,378.200525254011,0,344.618198886514,0,0,0,0,81.5779220759869,0,290.958369232714,0,0,0,341.954166576266,0,0,0,211.898113965988,0,0,0,0,0,0,0,885.574346795678,785.599848985672,516.613432824612,20.6011459827423,0,0
0,1.80550841987133,0,11.6047797203064,0,0,0,0,0,0,0,22.6509656906128,0,0,0,0,4.957783177495,15.869846612215,53.8578818961978,4.25350165367126,0,0,0,0,0,0,0,61.7813894450665,0,744.297912687063,0,0,0,0,0,0.126054152846336,0,2250.52159926295,0,4.6061949878931,0.272227182984352,383.469610109925,2.69208388030529,3.49992805719376,0,20.9285177886486,0.883115142583847,1.24606049060822,0,206.00537148118,0,0,0,0,0,0.253434389829636,0,1058.92124213278,0,2.58619379997253,0,1.10814428329468,33.2670794203877,0,0,0,0,0,0,0,217.019786342978,0,0,0,0,0,0,0,13.1281075701118,4.09450951218605,1057.04596050084,0,324.211846210063,0,1046.62492568791,71.0930752307177,0.149107068777084
0.997539401054382,0,0,0,0,0,0,0,0,0,29.7138810157776,0,0,0,0,0,0,0,0,0,0.93268895149231,0,0,0,0,0,0,0,6.06302261352539,0,62.5420274138451,0,0,0,0,0,0,0,112.490385115147,0,17.7032593488693,0,0,0,0,0,0,0,52.6106317043304,0,0,0,0,0,0,0,257.903156727552,0,0,0,0,0,0,14.9216995239258,0,0,0,0,0,0,0,211.898113965988,0,0,0,0,0,0,0,2.17684063315392,0,880.888822227716,0.685581147670746,0,38.0481209456921,0,0
0,0,0,0,0,0,0,0,0,0,0,0,0,0,0,0,0,0,0,0,0,0,0,0,0,0,0,0,0,0,0,1196.1159863919,376.767204910517,242.677655801177,20.7722315043211,810.17352193594,148.932712957263,3.79969815909863,0,0,0,0,0,0,0,0,0,2870.39993834496,17.7308256030083,30.8897702693939,0,0,0,0,0,0,0,0,0,0,0,0,0,0,0,0,0,0,0,0,0,0,0,0,0,567.195305079222,638.55776026845,2.88059428334236,1534.07384997606,50.6862774193287,15.0120969414711,0,314.393008008599,0,0,0,0
0,0,0,0,0,0,0,0,0,0,0,0,0,0,0,0,0,0,0,0,0,0,0,0,0,0,0,0,0,0,0,264.366030111909,216.024148330092,2.71940362453461,110.893089398742,0,184.90549069643,0,0,0,0,0,0,0,0,0,0,3027.37476992607,11.56995677948,16.6684775948524,0,0,0,0,0,0,0,0,0,0,0,0,0,0,0,0,0,0,0,0,0,0,0,0,567.195305079222,0,2.34658125042915,195.526427581906,240.725729227066,165.816777586937,0,0,137.945934429765,0,0,0,0
0,0,0,0,0,0,0,0,0,0,0,0,0,0,0,0,0,0,0,0,0,0,0,0,0,0,0,0,0,0,0,121.564892709255,6.80291423201561,1881.17065767944,1126.07301317155,334.104411259294,0,61.2628945708275,12.7009610831738,0,0,0,0,0,0,0,0,1609.24574074149,6.47006979584694,6.48607325553894,0,0,0,0,0,0,0,0,0,0,0,0,0,0,0,0,0,0,0,0,0,0,0,0,638.55776026845,2.34658125042915,0,489.524495571852,303.639042958617,0,639.439951054752,38.5299916565418,645.585532963276,7.9645734578371,0,0,0
0,0,0,0,0,0,0,0,0,0,0,0,0,0,0,0,0,0,0,0,0,0,0,0,0,0,0,0,0,0,0,56.5922708511353,73.6920188963413,3359.22313323617,2462.89457526803,0,860.472347617149,244.45728956908,387.02865177393,0,0,0,0,0,0,0,0,878.84981174767,0.7012919485569,1.17643269896507,0,0,0,0,0,0,0,0,0,0,0,0,0,0,0,0,0,0,0,0,0,0,0,0,2.88059428334236,195.526427581906,489.524495571852,0,6.33393311500549,498.178927391768,64.1915728896856,1035.28673306108,1026.53261905164,7.95415645837784,0.704512894153595,0,0
0,40.8857615664601,0.398843973875046,4.58706918358803,0,0,0,0,0,0,0,97.6906272768974,0,0,0,0,41.6562505140901,166.851403743029,1343.53701706231,257.15205411613,0,0,0,0,0,0,0,0,0,0,0,197.854878485203,41.5102111697197,355.078062027693,29.7549362182617,16899.0235715508,201.373031139374,1716.50576156378,0,515.914862528443,6.01612332463264,1133.00133652985,43.4372147917747,54.6881835311651,0,1252.75246915966,25.1617439612746,3148.40568903089,106.998751789331,221.59605460614,0,0,0,0,0,0,0.524027206003666,197.797512561083,0,53.036460056901,0,5.37099173665047,941.416760914028,0.682415813207626,0,0,0,0,0,0,0.361511752009392,0,13.1281075701118,0,1534.07384997606,240.725729227066,303.639042958617,6.33393311500549,0,92.3275017365813,1313.45200967789,0.0922276377677917,6832.05465246737,0,2171.96761247888,47.0057066679001,6.1017355248332
1.72416247427464,0,21.4347316473722,0,0,0,0,0,0.22185891866684,0,259.765444487333,0,0,0,0,0,50.4950386285782,37.0721390023828,719.147722505033,0,1127.2928018868,0,0,0,0,0,0,0,0,0,0,241.849023520947,412.08321467042,0,188.523904666305,541.156830847263,25519.9341902956,0,1925.11406776309,8.46082991361618,898.290215171874,30.4951701462269,594.904275946319,10.1451649442315,40.2587292939425,12.816684782505,944.067124590278,283.230975911021,319.46447083354,0,0.162892028689384,0,0,0,0,0,42.2125720530748,1.60277504473925,4.76247815787792,0,0,0,0.202808991074562,2068.25204802305,0,0,0,0,0,0,0,0,4.09450951218605,2.17684063315392,50.6862774193287,165.816777586937,0,498.178927391768,92.3275017365813,0,4.62933813035488,1761.20670318604,9339.34099663794,0,3570.13969102502,3.2897714227438,24.1282749846578
0,2.07461620867252,0,4.37801885604858,0,0,0,0,0,41.5875070244074,0,755.325864851475,0,0,0,0,20.2847478538752,94.3502233475447,440.186789497733,821.251011781394,0,1337.20191064477,0,368.607487842441,0,0,0,206.730734571815,0,672.890868455172,0,1.72364616394043,0.332842439413071,636.256437212229,251.602257266641,761.747872263193,0,18360.7048905119,511.00386184454,78.0373712480068,2.15418983995914,350.912996530533,21.8325047418475,10.5669255554676,0,412.322755709291,9.35622260719538,1352.55372428894,0.39957332611084,775.922571599483,0,0,0,0,0,186.601395443082,0.123816639184952,513.835258021951,0,1.255784034729,0,0.193558588624001,265.436081141233,0.533496350049973,1118.50498406589,0,776.156381458044,0,0,0,110.622559607029,0,1057.04596050084,0,15.0120969414711,0,639.439951054752,64.1915728896856,1313.45200967789,4.62933813035488,0,332.968087777495,3123.13220536709,167.056118026376,1221.2103009522,46.5163496732712,6.19242525100708
0,0,2.6139270812273,0,0,0,0,0,112.970473572612,0,178.161301895976,0,0,0,0,0,0.856085002422333,0.263762585818768,17.1705132648349,0,115.721088290215,0,636.11833627522,0.278335183858871,125.1834243536,0,0,0,184.658482775092,0,251.235045738518,0,0,82.0298306047916,1502.98690630496,0,1660.2695478797,235.000180542469,18218.8182284534,0,123.299686744809,3.58005332946777,18.385445304215,0,3.13821628689766,2.14908695220947,165.427143022418,1029.02064323425,657.685401931405,0,0.741897881031036,0,0,0,159.821230024099,0,228.913597360253,0.718062460422516,0,0,0,0,0,716.554724961519,0,959.835475727916,0,296.385310798883,0,0,0,885.574346795678,0,880.888822227716,0,0,38.5299916565418,1035.28673306108,0.0922276377677917,1761.20670318604,332.968087777495,0,4010.18349246681,276.045284196734,702.030892528594,0,2.08047831058502
