0,0,0.262547858510153,0,0,0,0,0,0.193681251478234,0,0,0,0.369125567814883,0,0.257705221749195,0,0.385574439167976,0,0.423927235085031,0,0.510577403008938,0,0,0,0.23132166280499,0,0,0,0,0,0,0,0,0.461087465286255,0,0,0.422692167408326,0.422656692564487,0.223109187961985,0,0.459924533963203,0.366389438509941,0.311333456703037,0,0,0.414678156375885,0.455522051236487,0.463056161999702,0.316760168537061,0.445662900805473,0.315337657928467,0,0,0,0.191734333883743,0,0.382518291473389,0,0.403594800959463,0,0.249385436083201,0,0,0.416292129069801,0,0.40277299284935,0,0.194241242473607,0,0,0,0.368095115703695,0,0.408389036693881,0,0,0,0,0,0.430839812507232,0.404130443930626,0.266125240377081,0.351489633532912,0.421019278466702,0.402718229057549,0.32224440574646,0.289292484521866
0,0,0,0.254908777196561,0,0.173340299251405,0,0,0,0.208295025518762,0,0,0,0,0,0.193914465606213,0.33555905520916,0.323905125260353,0.397496663607084,0.422532320022583,0,0,0,0.292794403013767,0,0,0,0,0,0,0,0,0,0,0,0.390382796525955,0,0.239469457451288,0,0.358496443355737,0,0.426330262742867,0.321203738451004,0,0,0.339839021499093,0,0,0,0.315890822089413,0,0,0,0,0,0.178558175683022,0,0.388843160122633,0,0.377781343956788,0,0.262042477261275,0.392920225858688,0,0.323595806956291,0,0.177140828967094,0,0.33659084954045,0,0.378530989587307,0,0.44490660797982,0,0,0,0,0,0.402261547639336,0,0.356449494759242,0,0.227537943185676,0.191994801163673,0.380948386125518,0.325065419077873,0
0.262547858510153,0,0,0,0.212581686320759,0,0,0,0.217887827442794,0,0,0,0,0,0.222549481248414,0,0,0.326272189617157,0.303692924976349,0,0.385279286991466,0,0,0,0.349499940872192,0,0,0,0,0,0,0,0,0,0,0,0.337885087598925,0,0.367806339015563,0,0.294473797082901,0.236356258392334,0.309246322716486,0,0,0.227671697735786,0.338012203714758,0,0.220398177138784,0,0.209626408723684,0,0,0,0.171678038083029,0,0.306331519105218,0,0.262552090648529,0,0.24325255831301,0.253944903612137,0,0.316950150307209,0,0,0,0.298227947205305,0,0,0,0.340974971305492,0,0.366791696967305,0,0,0,0,0.291399359703064,0.325626827732083,0,0.361284987926483,0.311529130728777,0,0.293242801100122,0,0.283721596002579
0,0.254908777196561,0,0,0,0.194250444906789,0,0,0,0.175058610395766,0,0,0,0,0,0.209609271299025,0.278025358915329,0,0.30075368149714,0.305798592977226,0,0,0,0,0,0,0,0,0,0,0,0,0,0,0,0.273987500359873,0.276090971061162,0.32891509878008,0,0.275539609869676,0,0.292653257090871,0.326668679714203,0,0,0.246393887851006,0,0.380638033151627,0.322172433137894,0.274655001821127,0,0.270802338329173,0,0,0,0.158185010884427,0.27195742726326,0.306607590567681,0,0.31069339485839,0,0.284226204031598,0.295559718776708,0,0,0,0,0,0,0,0.398023971915245,0,0.389774039095523,0,0,0,0,0,0.292159032781382,0.264929741621017,0.314898835979912,0.287605047225952,0.241871049366286,0.192988639076551,0.294383044084594,0,0
0,0,0.212581686320759,0,0,0,0,0,0.185028449773129,0,0,0,0,0,0.215234541893005,0,0,0,0,0,0.196312291671832,0,0,0,0,0,0,0,0,0,0,0,0,0,0,0,0,0,0,0,0,0,0.285644665360451,0,0,0,0,0,0.227329039573669,0,0.191838139305579,0,0,0,0.157184167341752,0,0.268903821706772,0,0.231625109910965,0,0.240283433813602,0,0,0,0,0,0,0,0,0,0,0,0,0,0,0,0,0,0,0.335026413202286,0,0,0.208514393511273,0.215052453180154,0.203098647030337,0,0
0,0.173340299251405,0,0.194250444906789,0,0,0,0.188076569802231,0,0.241418574574507,0,0,0,0,0,0.231709252904963,0,0,0.27395087480545,0.244143163164457,0,0,0,0,0,0,0,0,0,0,0,0,0,0,0,0.202538646287746,0.233435928821564,0.303156544764837,0,0.286409107478041,0,0.282886434245754,0.277470111846924,0,0,0.223197557470378,0,0,0,0.226878242672614,0,0.235865844275377,0,0.176948477824529,0,0.20346278945605,0,0.274925380372084,0,0.195942560380155,0,0.271555691957474,0.218164226040244,0,0,0,0,0,0,0,0,0,0.343911271203648,0,0,0,0,0,0.272923812270164,0,0.298526497823851,0,0.223172265171882,0.215247195928472,0.235267527170063,0,0
0,0,0,0,0,0,0,0,0,0,0,0,0,0,0,0,0,0,0,0,0.166076223055522,0,0,0,0,0,0,0,0,0,0,0,0,0,0,0,0.159564520631518,0,0,0,0,0,0,0,0,0,0,0,0,0,0.153434427126366,0,0.186574612959073,0,0,0,0,0,0.172905663649241,0,0,0,0,0,0,0,0,0,0,0,0,0,0,0,0,0,0,0,0,0.200789399445057,0,0,0.188209565261663,0.198915714398026,0,0,0
0,0,0,0,0,0.188076569802231,0,0,0,0,0,0,0,0.204194852556938,0,0,0,0,0,0,0,0,0,0,0,0,0,0,0,0,0,0,0,0,0,0,0,0,0,0,0,0,0,0,0,0,0,0,0,0,0,0.218159323765172,0,0.235808133467891,0,0,0,0.221188045082948,0,0.220878603883454,0,0,0,0,0,0,0,0,0,0,0,0,0,0,0,0,0,0,0,0,0,0,0.185814220124803,0.200838172187408,0,0,0
0.193681251478234,0,0.217887827442794,0,0.185028449773129,0,0,0,0,0,0,0,0.379221260547638,0,0.20893064312498,0,0.330898790620267,0.442528665065765,0.296403972940011,0,0.456410616636276,0,0,0,0.262537112350865,0,0.24817779879821,0,0,0,0,0,0,0,0,0,0.397980357209841,0,0.293967813489929,0,0.312426159779231,0.248026869126729,0.285238207583981,0,0,0,0.302489186926135,0,0.284580073437129,0,0.197879634797573,0,0,0,0.224244633847838,0,0.324342479527985,0,0.334236081157412,0,0.178029731925681,0,0,0.322974525888761,0,0,0,0.209205037456448,0,0.244605032727122,0,0.361541500411083,0,0.384960629591128,0,0,0,0,0,0.356261985216822,0,0.362377714178116,0.275938984710371,0.291532396525145,0.321420177222042,0,0.300089814009205
0,0.208295025518762,0,0.175058610395766,0,0.241418574574507,0,0,0,0,0,0,0,0,0,0.211571549486087,0,0.180798425172505,0.292032411321998,0.217518910765648,0,0,0,0.230595671255322,0,0.187245554935474,0,0,0,0,0,0,0,0,0,0.285669343339072,0.235973805189133,0.234585923583884,0,0.294409619077392,0,0.282407565479693,0,0,0,0.244179704441474,0,0,0.43347555398941,0.304650321451078,0,0.206139606734117,0,0,0,0.21091455457353,0,0.362273448705673,0,0,0,0.199242190248371,0.315725684165955,0,0,0,0.169658921402076,0,0.212712437916419,0,0.402158423381693,0,0.391544738098195,0,0,0,0,0,0.312500856437926,0.292525574564934,0.313991418574005,0.312685966491699,0.233044824340254,0.21986498399152,0.305068595475157,0.30695629119873,0
0,0,0,0,0,0,0,0,0,0,0,0,0.22008554968569,0,0,0,0,0,0.407342076301575,0,0.157001291712125,0,0,0,0,0,0,0,0.219678029417992,0,0.126109474434935,0,0,0,0,0,0.18869099120299,0,0.178658767381223,0,0.462397515773773,0,0.321203619241714,0,0,0,0.314807496137089,0,0,0,0.20350037212089,0,0.211565220826551,0,0,0,0.160843392737516,0,0.204458554585775,0,0.346658140420914,0,0,0.280529328955794,0,0,0,0,0,0,0,0,0,0.141790522879491,0,0,0,0,0,0.232871901563236,0,0,0.162169289639872,0.151729956269264,0.29479156434536,0,0
0,0,0,0,0,0,0,0,0,0,0,0,0,0.152480279819833,0,0,0,0,0,0.17075048503013,0,0,0,0,0,0,0,0.142951486011346,0,0.191131964325905,0,0,0,0,0,0.189463248407399,0,0.173446348282424,0,0,0,0,0,0,0,0,0,0,0,0,0,0.28353300359514,0,0,0,0,0,0.197158845318075,0,0.186964249157387,0,0,0.16071006470303,0,0,0,0,0,0,0,0.166321950033307,0,0.144530266523361,0,0,0,0,0,0.184603303670883,0,0,0,0.154345755875111,0,0,0,0
0.369125567814883,0,0,0,0,0,0,0,0.379221260547638,0,0.22008554968569,0,0,0,0.189469636590393,0,0,0,0,0,0,0,0,0,0,0,0,0,0.212547963027094,0,0,0,0,0,0,0,0,0,0,0,0,0,0.348755641116036,0,0,0,0.27796345949173,0,0.282685454075153,0,0,0,0,0,0,0,0,0,0.243475751052225,0,0.191133226598463,0,0,0.304571688175201,0,0,0,0,0,0,0,0.296295613050461,0,0,0,0,0,0,0,0,0,0,0.217567093372345,0.217750921845436,0.323329150676727,0,0
0,0,0,0,0,0,0,0.204194852556938,0,0,0,0.152480279819833,0,0,0,0.204417092612747,0,0.176221047838529,0,0,0,0,0,0,0,0,0,0.128352618217468,0,0,0,0,0,0,0,0,0,0,0,0,0,0,0,0,0,0,0,0,0,0,0,0,0,0.239035967737436,0,0,0,0.148456908762455,0,0.197347133295305,0,0.207251870948257,0,0,0,0,0,0,0,0,0.117531180381775,0,0,0,0,0,0,0,0,0,0,0,0.198014560169068,0.204693660915861,0,0,0
0.257705221749195,0,0.222549481248414,0,0.215234541893005,0,0,0,0.20893064312498,0,0,0,0.189469636590393,0,0,0,0.165518440306187,0,0.283738106489182,0,0,0,0,0,0.342524796724319,0,0.23004225641489,0,0,0,0,0,0,0,0,0,0.327951431274414,0,0.341322004795074,0,0,0,0.335704184075197,0,0,0,0.291361212730408,0,0.246713081167804,0,0.195263703664144,0,0,0,0.33242819711883,0,0.250228382647038,0,0.192463929951191,0,0.19604330946331,0,0,0.317780286073685,0,0,0,0.349585115909576,0,0,0,0.283301760752996,0,0.302113628387451,0,0,0,0,0,0.302044498920441,0,0.323639626304309,0.210648702407205,0,0.33872467007652,0,0
0,0.193914465606213,0,0.209609271299025,0,0.231709252904963,0,0,0,0.211571549486087,0,0,0,0.204417092612747,0,0,0.163720317184925,0.160245324373245,0,0,0,0,0,0.218947552442551,0,0.197640637308359,0,0,0,0,0,0,0,0,0,0,0,0,0,0.287505283951759,0,0.311013513377735,0.31221342086792,0,0,0.228981971740723,0,0,0,0.254357039928436,0,0.211207374930382,0,0,0,0.227594792208773,0,0,0,0.236666129840599,0,0.216231603880186,0.294308125972748,0,0,0,0,0,0.195818133031329,0,0.349761709570885,0,0.365332670509815,0,0,0,0,0,0.304920503071376,0,0.322648060321808,0,0.210129330158234,0.223579022288322,0.274080064366846,0,0
0.385574439167976,0.33555905520916,0,0.278025358915329,0,0,0,0,0.330898790620267,0,0,0,0,0,0.165518440306187,0.163720317184925,0,0.165801196118715,0.33219851745867,0,0.435224279761314,0,0,0,0,0.143315926194191,0.141578212380409,0,0,0,0,0,0,0,0,0.331463133295377,0.372995699445407,0.280807927250862,0.407108513514201,0.329201999203912,0.345126908272505,0.279653741710487,0.28060437682876,0,0.282759815454483,0.329759101369488,0.350733733527801,0,0.292720392346382,0.299276110003976,0,0,0,0,0.302627861499786,0,0.299334764480591,0,0,0,0,0,0,0.355777188931426,0,0,0,0,0,0,0,0.366315811872482,0,0.35015469597232,0,0,0,0,0.331019219424989,0.375307734205689,0.32866580310193,0.349038560313788,0.250300960801775,0.227115627302199,0.35935636434866,0.278578224778175,0.283993538788387
0,0.323905125260353,0.326272189617157,0,0,0,0,0,0.442528665065765,0.180798425172505,0,0,0,0.176221047838529,0,0.160245324373245,0.165801196118715,0,0.308462336100824,0,0,0.146183586956068,0,0.212284551850006,0,0.163838433953268,0,0,0,0,0,0,0,0,0,0.318473190069199,0.398278007904689,0.291495092213154,0.365226805210114,0.32630846853245,0.337719678878784,0.288037094956552,0.260089266758699,0,0.235603109002113,0.337294613773173,0.320183436870575,0,0.329305648803711,0.296035154163837,0,0,0,0,0,0.180378437042236,0,0,0,0,0,0.183694183826447,0,0.341163418359227,0.150464531211626,0,0.200962394475937,0,0.166092912356059,0,0,0,0.373617380857468,0.300864631930987,0,0,0,0,0.323819774473813,0.337725360074948,0.315329401782065,0.324891073008378,0.207512686442902,0.177382948236328,0.326709408790637,0.307982382178307,0.295783415436745
0.423927235085031,0.397496663607084,0.303692924976349,0.30075368149714,0,0.27395087480545,0,0,0.296403972940011,0.292032411321998,0.407342076301575,0,0,0,0.283738106489182,0,0.33219851745867,0.308462336100824,0,0.482830584049225,0.363966457545757,0,0,0.198808565735817,0,0.251085132360458,0,0,0,0,0,0,0,0,0,0.345550591982371,0.36647012066983,0.375222329811383,0.380732223829802,0.346597551223195,0.32100178814011,0.264501947556027,0.242703345784351,0.37226665019989,0.242721826865755,0.382805176713594,0.351385086006725,0.326720625162125,0.314649843808376,0.345759344560311,0.288776099681854,0,0,0,0.25330286026001,0.292860954999924,0.288801544904709,0,0.292607933282852,0,0.27351338416338,0,0.507912288109461,0.35378976263533,0,0,0,0,0,0,0.453460043668747,0.340819142262141,0.453793834509521,0.356805361205279,0,0,0,0,0.368546071113731,0.355854490282464,0.388499867655847,0.338544356092911,0.285313575253362,0.220265605527422,0.379107544472975,0.288710898943077,0.27444643683314
0,0.422532320022583,0,0.305798592977226,0,0.244143163164457,0,0,0,0.217518910765648,0,0.17075048503013,0,0,0,0,0,0,0.482830584049225,0,0,0,0,0,0,0,0,0,0,0,0,0,0,0,0,0.257704176216818,0,0.331758863478899,0,0.302916333079338,0,0.329368164141973,0,0,0,0.252050036245638,0,0,0,0.332834422588348,0,0.28989451272147,0,0,0,0,0,0.206446642967036,0,0.378827158893858,0,0.294586825370789,0.207961341256681,0,0,0,0,0,0,0,0,0,0.337619036436081,0,0,0,0,0,0.288963039716085,0,0.3360494066929,0,0.193952638522855,0,0.325065497984022,0,0
0.510577403008938,0,0.385279286991466,0,0.196312291671832,0,0.166076223055522,0,0.456410616636276,0,0.157001291712125,0,0,0,0,0,0.435224279761314,0,0.363966457545757,0,0,0,0,0,0,0,0,0,0,0,0,0,0,0,0,0,0.24505570790472,0,0.251075039437676,0.365753501653671,0.43095538020134,0,0.322189916402866,0,0,0,0.293932170309919,0,0.312857190003762,0,0.20476848114345,0,0,0,0.341746956110001,0,0.236790405823139,0,0.316958559410913,0,0.298574295308855,0,0,0.283691479611748,0,0,0,0,0,0,0,0,0,0.300131699070334,0,0,0,0,0,0.259472370022161,0,0.245878522770078,0.217080238072768,0,0.32682766111952,0,0.451196551322937
0,0,0,0,0,0,0,0,0,0,0,0,0,0,0,0,0,0.146183586956068,0,0,0,0,0.0918515636646128,0.20689874587508,0,0.167786895936611,0,0,0,0,0,0,0,0,0,0,0,0.192826644979185,0,0,0,0,0,0,0,0,0,0,0,0.2494204490535,0,0,0,0,0,0,0,0.333714067935944,0,0,0,0,0,0,0.196823110976326,0,0.180638518267208,0,0.291858709775485,0,0.21778174605349,0,0,0,0,0,0,0,0,0,0.235681296885014,0,0.142647694176529,0.129828032638345,0,0,0
0,0,0,0,0,0,0,0,0,0,0,0,0,0,0,0,0,0,0,0,0,0.0918515636646128,0,0,0.177001981602775,0,0.284963287795201,0,0,0,0,0,0,0,0,0,0,0,0.228844015758771,0,0,0,0.324150532484055,0,0,0,0,0,0.299479602093107,0,0,0,0,0,0,0,0,0,0,0,0,0,0,0,0.0759382654158842,0.198324485088336,0,0.149434691492249,0,0.270881932580246,0,0.350854971508185,0,0.390988000801631,0,0,0,0,0,0,0,0.341270891163084,0.134972260796091,0.133812394390986,0.395522832870483,0,0
0,0.292794403013767,0,0,0,0,0,0,0,0.230595671255322,0,0,0,0,0,0.218947552442551,0,0.212284551850006,0.198808565735817,0,0,0.20689874587508,0,0,0,0.220307240089805,0,0,0,0,0,0,0,0,0,0,0,0.192235612576561,0,0,0,0.223438125517633,0,0,0,0,0,0,0,0.260143260161082,0,0,0,0,0,0.231343211050619,0,0.361688047647476,0,0,0,0.215354974816243,0,0,0.150571440431205,0,0.257269407735942,0,0.222719823337601,0,0.300157225131989,0,0,0,0,0,0,0,0,0,0.205726566499677,0.508872985839844,0.234979474716049,0.466514974832535,0.273417890071869,0,0
0.23132166280499,0,0.349499940872192,0,0,0,0,0,0.262537112350865,0,0,0,0,0,0.342524796724319,0,0,0,0,0,0,0,0.177001981602775,0,0,0,0.231776749023369,0,0,0,0,0,0,0,0,0,0,0,0.267696309092348,0,0,0,0.248078500231107,0,0,0,0,0,0.270274876554807,0,0,0,0,0,0.26013117344653,0,0.337704934179783,0,0,0,0.366466134786606,0,0,0,0,0.123707476733387,0,0.27837739879719,0,0.241864827864491,0,0,0,0,0,0,0,0,0,0,0,0.253509219856031,0.205501154436115,0,0.230187541094877,0,0
0,0,0,0,0,0,0,0,0,0.187245554935474,0,0,0,0,0,0.197640637308359,0.143315926194191,0.163838433953268,0.251085132360458,0,0,0.167786895936611,0,0.220307240089805,0,0,0,0,0,0,0,0,0,0,0,0,0,0,0,0,0,0,0,0,0,0,0,0,0,0,0,0,0,0,0,0.194889149665833,0,0,0,0,0,0.197503615170717,0,0,0.227758303284645,0,0,0,0.228622331128354,0,0.298784337937832,0,0,0,0,0,0,0,0,0,0,0,0.159272336772272,0.155084084305498,0,0,0
0,0,0,0,0,0,0,0,0.24817779879821,0,0,0,0,0,0.23004225641489,0,0.141578212380409,0,0,0,0,0,0.284963287795201,0,0.231776749023369,0,0,0,0.235539044439793,0,0,0,0,0,0,0,0,0,0,0,0,0,0,0,0,0,0,0,0,0,0,0,0,0,0.233618259429932,0,0,0,0,0,0.231692252059778,0,0,0,0,0.216958026091258,0,0.269875705242157,0,0.241456749715203,0,0,0,0,0,0,0,0,0,0,0,0,0.142292257005246,0,0,0,0
0,0,0,0,0,0,0,0,0,0,0,0.142951486011346,0,0.128352618217468,0,0,0,0,0,0,0,0,0,0,0,0,0,0,0,0.167093497108329,0,0,0,0,0,0,0,0.150468856096268,0,0,0,0,0,0,0,0,0,0,0,0,0,0,0,0,0,0,0,0,0,0,0,0,0,0,0,0,0,0,0,0,0.153299487341707,0,0,0,0,0,0,0,0,0,0,0,0.162166860008585,0,0,0,0
0,0,0,0,0,0,0,0,0,0,0.219678029417992,0,0.212547963027094,0,0,0,0,0,0,0,0,0,0,0,0,0,0.235539044439793,0,0,0,0.227052271828171,0,0,0,0,0,0,0,0.224404065267128,0,0,0,0,0,0,0,0,0,0.399668514728546,0,0,0,0,0,0,0,0,0,0.208949844752039,0,0,0,0,0,0,0.363431476056576,0,0,0,0.232077894200172,0,0.22284606399741,0,0.248974884549777,0,0,0,0,0,0,0,0,0.199980092219642,0,0,0,0
0,0,0,0,0,0,0,0,0,0,0,0.191131964325905,0,0,0,0,0,0,0,0,0,0,0,0,0,0,0,0.167093497108329,0,0,0,0,0,0,0,0,0,0.151756079404946,0,0,0,0,0,0,0,0,0,0,0,0,0,0,0,0,0,0,0,0.147738019004464,0,0,0,0,0,0,0,0,0,0,0,0,0.146042943000793,0,0.212557654846293,0,0,0,0,0,0,0,0.148144692182541,0,0.145547651648521,0,0,0,0
0,0,0,0,0,0,0,0,0,0,0.126109474434935,0,0,0,0,0,0,0,0,0,0,0,0,0,0,0,0,0,0.227052271828171,0,0,0,0,0,0,0,0,0,0.209221359028994,0,0,0,0.303897261619568,0,0,0,0,0,0,0,0,0,0,0,0,0,0.13833393806976,0,0,0,0,0,0,0.346741676330566,0,0,0,0,0,0,0,0.242155060172081,0,0.174764811180497,0,0,0,0,0,0,0,0.201842950149016,0.148862859275606,0.139250427160574,0.297812759876251,0,0
0,0,0,0,0,0,0,0,0,0,0,0,0,0,0,0,0,0,0,0,0,0,0,0,0,0,0,0,0,0,0,0,0.175734194600808,0.250297278941919,0.179996157685916,0.236225523355296,0.162552598331656,0,0,0,0.398717526346445,0,0,0,0,0,0,0.449099288531686,0.416470012929704,0.41219373694006,0,0,0,0,0,0,0,0,0,0,0,0,0,0,0,0,0,0,0,0,0,0,0,0,0.230335854489222,0.168449711761897,0.146025706082582,0,0.253827745847117,0.471265081229598,0,0,0.191993093227639,0,0,0,0
0,0,0,0,0,0,0,0,0,0,0,0,0,0,0,0,0,0,0,0,0,0,0,0,0,0,0,0,0,0,0,0.175734194600808,0,0.183422925010804,0,0.153695166110992,0.145690910361315,0,0,0,0,0,0,0,0,0,0,0.17615685070632,0,0,0,0,0,0,0,0,0,0,0,0,0,0,0,0,0,0,0,0,0,0,0,0,0,0,0.193877844437617,0.163780512539644,0,0.187951221404707,0,0.158285555229566,0,0,0.149443935780298,0,0,0,0
0.461087465286255,0,0,0,0,0,0,0,0,0,0,0,0,0,0,0,0,0,0,0,0,0,0,0,0,0,0,0,0,0,0,0.250297278941919,0.183422925010804,0,0.164719997709539,0.185808235123044,0,0.229910324327648,0.621797930110585,0,0,0.459847795111792,0.496774440461939,0,0,0,0,0.29057250145149,0.537087229666886,0.286817360387908,0,0,0,0,0,0,0,0,0,0,0,0,0,0,0,0.458490341901779,0,0,0,0.425317674875259,0,0,0,0,0.193409768017856,0.177532825618982,0.175849706706298,0.160470636827605,0.235283236122794,0,0.18533470792075,0.551879078149796,0.223248132018011,0.190765370215688,0.331562390550971,0,0
0,0,0,0,0,0,0,0,0,0,0,0,0,0,0,0,0,0,0,0,0,0,0,0,0,0,0,0,0,0,0,0.179996157685916,0,0.164719997709539,0,0,0.173838939964771,0.127110727131367,0.21805211857349,0,0.323369383811951,0,0.253327131271362,0,0,0,0,0.20902334348737,0.276106588542461,0,0,0,0,0,0,0,0,0,0,0,0,0,0,0,0,0,0,0,0,0,0,0,0,0,0,0.217853012965636,0.160946307244239,0.187538881391964,0,0.172297435210032,0,0.199159942906011,0.197121532994081,0,0,0,0
0,0.390382796525955,0,0.273987500359873,0,0.202538646287746,0,0,0,0.285669343339072,0,0.189463248407399,0,0,0,0,0.331463133295377,0.318473190069199,0.345550591982371,0.257704176216818,0,0,0,0,0,0,0,0,0,0,0,0.236225523355296,0.153695166110992,0.185808235123044,0,0,0.277843138367545,0.161185363968925,0.13248620984646,0.244123158847341,0.539332549245852,0.309825529771236,0.327502924203873,0.268098384141922,0,0.319698027709625,0.374754011631012,0.335716144505486,0.635324306212939,0.329466760905616,0,0.248303767019948,0,0,0,0.293550841510296,0,0.317474571972843,0,0.290691452721755,0,0.277283865739318,0.245211234112748,0.420731782913208,0,0,0,0,0,0,0.408514469861984,0,0.360134908131191,0,0.26753678464809,0,0.180982287357173,0,0.248822220203548,0.447980286866209,0.216547570020395,0.190401236216227,0.218544178029965,0.171692060764509,0.279779194098908,0.330671132219081,0
0.422692167408326,0,0.337885087598925,0.276090971061162,0,0.233435928821564,0.159564520631518,0,0.397980357209841,0.235973805189133,0.18869099120299,0,0,0,0.327951431274414,0,0.372995699445407,0.398278007904689,0.36647012066983,0,0.24505570790472,0,0,0,0,0,0,0,0,0,0,0.162552598331656,0.145690910361315,0,0.173838939964771,0.277843138367545,0,0,0.211240193989839,0.288108211010695,0.340934761424563,0.285975333303213,0.302981644175773,0,0,0.290946178966098,0.281350650666998,0.295122448444366,0.252777165856706,0.277636989951134,0.222091523309549,0,0,0,0.286532044410706,0,0.284515522180065,0,0.284021081635728,0,0.273676520761322,0,0,0.2520667321129,0,0,0,0,0,0,0,0,0,0.303510433861188,0.313872918486595,0.151279568071327,0,0.158772255643658,0.512684718834972,0.234444675163874,0,0.222221233621819,0.207661973307356,0.170833051449536,0.282600237276744,0,0.36210764635284
0.422656692564487,0.239469457451288,0,0.32891509878008,0,0.303156544764837,0,0,0,0.234585923583884,0,0.173446348282424,0,0,0,0,0.280807927250862,0.291495092213154,0.375222329811383,0.331758863478899,0,0.192826644979185,0,0.192235612576561,0,0,0,0.150468856096268,0,0.151756079404946,0,0,0,0.229910324327648,0.127110727131367,0.161185363968925,0,0,0.654823669982029,0.357971000671387,0,0.340428806403104,0.586854589723908,0,0,0.3326596156584,0,0.527850587147438,0.563241584985344,0.308348561020433,0,0.295714914798737,0,0,0.535548031330109,0.232008006762375,0,0.156843799732479,0.443416059017181,0,0,0.311931926012039,0.259481616562507,0,0.355725547391564,0.467805494864782,0.363126379748185,0.540346079901473,0,0,0.300021540373564,0.483079969882965,0.151762322811731,0,0,0,0.184189504749483,0,0.274557708274455,0,0.272844128909955,0.640798206370452,0.43555328836083,0.489219864209493,0.426506876158334,0.316513788700104,0
0.223109187961985,0,0.367806339015563,0,0,0,0,0,0.293967813489929,0,0.178658767381223,0,0,0,0.341322004795074,0,0.407108513514201,0.365226805210114,0.380732223829802,0,0.251075039437676,0,0.228844015758771,0,0.267696309092348,0,0,0,0.224404065267128,0,0.209221359028994,0,0,0.621797930110585,0.21805211857349,0.13248620984646,0.211240193989839,0.654823669982029,0,0,0.340782155593236,0.568742108459656,0.417025657284718,0,0,0,0.347004777005127,0.47600689580918,0.32383583261957,0.554968818071041,0,0,0,0,0.209694691253512,0.456235930323601,0.261548925638199,0,0.315446972846985,0,0.338168313105901,0,0,0.308846240559062,0.529756277799606,0.362204854030254,0.558066492730921,0.269724340727835,0,0.199208326637745,0,0.275055188685656,0,0.27162414137274,0,0,0,0.254995410525522,0,0.247468178559627,0.562690623104572,0.249210714963178,0.50369720869415,0.598164716711292,0.546585378828256,0,0.351047458017574
0,0.358496443355737,0,0.275539609869676,0,0.286409107478041,0,0,0,0.294409619077392,0,0,0,0,0,0.287505283951759,0.329201999203912,0.32630846853245,0.346597551223195,0.302916333079338,0.365753501653671,0,0,0,0,0,0,0,0,0,0,0,0,0,0,0.244123158847341,0.288108211010695,0.357971000671387,0,0,0,0.324191309158739,0.288488347704212,0.324900651971499,0,0.339294885206084,0.338290835128111,0.288572913408279,0.272653475403786,0.269545714990467,0,0.267444986850023,0,0,0,0.280877832770348,0,0.327732183039188,0,0.23631951212883,0,0.272961505585247,0.294222304721673,0.30892688035965,0,0,0,0,0,0,0.347035855054855,0,0.357673237993293,0.32378950715065,0,0,0,0,0.264674942191241,0.34209543466568,0.347225380822634,0.339018353819847,0.338129130631072,0.338982991874218,0.339328587988273,0.351043767834965,0.311375114050779
0.459924533963203,0,0.294473797082901,0,0,0,0,0,0.312426159779231,0,0.462397515773773,0,0,0,0,0,0.345126908272505,0.337719678878784,0.32100178814011,0,0.43095538020134,0,0,0,0,0,0,0,0,0,0,0.398717526346445,0,0,0.323369383811951,0.539332549245852,0.340934761424563,0,0.340782155593236,0,0,0.318067844957113,0.307682304510048,0,0.282033354043961,0.324313402175903,0.294900888047083,0.432065948027068,0.394915544704744,0.439163683027756,0,0,0,0,0.26603819004127,0,0.400972485542297,0,0.272763133049011,0,0.288270477205515,0,0,0.217560736654279,0,0,0,0,0,0,0,0.310804054141045,0,0.250262698424714,0.720045149326324,0.381592963423048,0,0,0.604749704400698,0.280088040826346,0,0.320069186138303,0.312231455936988,0.425950810313225,0.307258950615371,0.306570127606392,0.299570556353317
0.366389438509941,0.426330262742867,0.236356258392334,0.292653257090871,0,0.282886434245754,0,0,0.248026869126729,0.282407565479693,0,0,0,0,0,0.311013513377735,0.279653741710487,0.288037094956552,0.264501947556027,0.329368164141973,0,0,0,0.223438125517633,0,0,0,0,0,0,0,0,0,0.459847795111792,0,0.309825529771236,0.285975333303213,0.340428806403104,0.568742108459656,0.324191309158739,0.318067844957113,0,0.293405119163699,0.265535471960902,0.254580195202972,0.312642855510943,0.274610961228609,0.445310684767636,0.458098434263243,0.3335598581457,0,0.278182012836138,0,0,0.327761560678482,0.284705374476521,0,0.407387334593507,0,0,0.42070597410202,0.306227124073136,0.316226482391357,0.287139430642128,0,0,0.262497731380992,0.441340829644884,0.297140657901764,0,0.445958650890906,0.279490888118744,0.447254975673868,0.291317346004339,0,0,0,0,0.33586411799536,0.311776889618053,0.319052587245025,0.292562809788575,0.282423321898799,0.311517784992854,0.310374757127215,0.256690114121074,0.23013290648277
0.311333456703037,0.321203738451004,0.309246322716486,0.326668679714203,0.285644665360451,0.277470111846924,0,0,0.285238207583981,0,0.321203619241714,0,0.348755641116036,0,0.335704184075197,0.31221342086792,0.28060437682876,0.260089266758699,0.242703345784351,0,0.322189916402866,0,0.324150532484055,0,0.248078500231107,0,0,0,0,0,0.303897261619568,0,0,0.496774440461939,0.253327131271362,0.327502924203873,0.302981644175773,0.586854589723908,0.417025657284718,0.288488347704212,0.307682304510048,0.293405119163699,0,0,0.242743957159894,0.296442530371926,0.291886980962845,0.49160189111717,0.380080793945049,0.438942903509507,0.276269166515424,0,0,0,0.289892128582209,0.261962741613388,0.312386226521132,0,0.312449625060882,0,0.314118921932052,0.283584803342819,0,0.300757299591415,0,0.338319003582001,0.385326713323593,0.336197111660533,0,0.315194681286812,0.417820483446121,0.325911665249329,0.313779056072235,0.341113476302148,0,0,0,0,0.336227343632625,0.308282361411207,0.494944943115115,0.331671772406826,0.297827851795368,0.393821574893652,0.290251464583661,0.31239898289953,0.228929163643441
0,0,0,0,0,0,0,0,0,0,0,0,0,0,0,0,0,0,0.37226665019989,0,0,0,0,0,0,0,0,0,0,0,0,0,0,0,0,0.268098384141922,0,0,0,0.324900651971499,0,0.265535471960902,0,0,0,0.360004384409298,0,0,0,0,0,0,0,0,0,0,0,0,0,0,0,0,0.400583744049072,0,0,0,0,0,0,0,0,0,0,0,0,0,0,0,0,0,0,0,0.281894654035568,0,0.284238684177399,0,0
0,0,0,0,0,0,0,0,0,0,0,0,0,0,0,0,0.282759815454483,0.235603109002113,0.242721826865755,0,0,0,0,0,0,0,0,0,0,0,0,0,0,0,0,0,0,0,0,0,0.282033354043961,0.254580195202972,0.242743957159894,0,0,0,0.25826541185379,0,0,0,0,0,0,0,0,0,0,0,0,0,0.261703342199326,0,0,0.341640800237656,0,0,0,0,0,0,0,0,0,0.287158966064453,0,0,0,0,0,0.294873729348183,0.331267774105072,0,0.248153477907181,0,0.231539220764087,0,0.241936385631561
0.414678156375885,0.339839021499093,0.227671697735786,0.246393887851006,0,0.223197557470378,0,0,0,0.244179704441474,0,0,0,0,0,0.228981971740723,0.329759101369488,0.337294613773173,0.382805176713594,0.252050036245638,0,0,0,0,0,0,0,0,0,0,0,0,0,0,0,0.319698027709625,0.290946178966098,0.3326596156584,0,0.339294885206084,0.324313402175903,0.312642855510943,0.296442530371926,0.360004384409298,0,0,0.33378778398037,0.36605016887188,0.322176069021225,0.316577719858824,0,0.250118979811668,0,0,0.242225810885429,0.234439572150057,0,0.331873502996233,0,0,0,0.249835582077503,0.25748939415469,0.362659469246864,0,0,0,0,0,0,0.36661559343338,0,0.360416864856667,0.375127524137497,0,0,0,0,0.312270443276711,0.322683360179265,0.324391726989274,0.307090744376183,0.349154710460548,0.234706729650497,0.267816480755604,0.305760902697093,0.323316290974617
0.455522051236487,0,0.338012203714758,0,0,0,0,0,0.302489186926135,0,0.314807496137089,0,0.27796345949173,0,0.291361212730408,0,0.350733733527801,0.320183436870575,0.351385086006725,0,0.293932170309919,0,0,0,0,0,0,0,0,0,0,0,0,0,0,0.374754011631012,0.281350650666998,0,0.347004777005127,0.338290835128111,0.294900888047083,0.274610961228609,0.291886980962845,0,0.25826541185379,0.33378778398037,0,0,0.339100314938146,0.334278583526611,0.255259083850043,0,0,0,0.262665989035267,0,0.291538809026991,0,0.268721814950307,0,0.260146827019494,0,0,0.286787837363144,0,0,0,0,0,0,0,0.324129794131626,0,0.327385831001269,0,0,0,0,0.33790870308876,0.307669246760817,0,0.319252539086716,0.346498488151158,0.306090669499503,0.249772485224777,0.297814387828112,0.27181827672367
0.463056161999702,0,0,0.380638033151627,0,0,0,0,0,0,0,0,0,0,0,0,0,0,0.326720625162125,0,0,0,0,0,0,0,0,0,0,0,0,0.449099288531686,0.17615685070632,0.29057250145149,0.20902334348737,0.335716144505486,0.295122448444366,0.527850587147438,0.47600689580918,0.288572913408279,0.432065948027068,0.445310684767636,0.49160189111717,0,0,0.36605016887188,0,0,0.440411885107696,0.415694665649062,0,0,0,0,0.430840770403544,0,0,0,0.409285664558411,0,0.402927741408348,0,0,0,0,0.442638508975506,0,0.482137635350227,0,0,0,0,0,0.433641040325165,0.443510748101664,0.328380534615444,0.189377771483527,0.187423822971491,0.529799837157625,0.425169129042367,0.326768827065825,0.513338198860486,0.449354876102321,0.539957683337362,0.447537276443023,0.389231711626053,0
0.316760168537061,0,0.220398177138784,0.322172433137894,0.227329039573669,0,0,0,0.284580073437129,0.43347555398941,0,0,0.282685454075153,0,0.246713081167804,0,0.292720392346382,0.329305648803711,0.314649843808376,0,0.312857190003762,0,0.299479602093107,0,0.270274876554807,0,0,0,0.399668514728546,0,0,0.416470012929704,0,0.537087229666886,0.276106588542461,0.635324306212939,0.252777165856706,0.563241584985344,0.32383583261957,0.272653475403786,0.394915544704744,0.458098434263243,0.380080793945049,0,0,0.322176069021225,0.339100314938146,0.440411885107696,0,0.484219788941177,0.227927849020647,0,0,0,0.227493317933245,0,0.331150528732803,0,0.307558184094501,0,0.240416560905525,0,0,0.314198919605437,0,0.405119370019093,0,0.233822559020412,0,0.190663724073342,0,0.363125542977027,0,0.35665134661566,0.481642876786214,0.370627906460028,0,0.180769374496058,0.638409259418646,0.320312921593352,0.569204023906163,0.313771686192419,0.45256845903944,0.493285706168727,0.347442130812447,0,0.301747301220894
0.445662900805473,0.315890822089413,0,0.274655001821127,0,0.226878242672614,0,0,0,0.304650321451078,0,0,0,0,0,0.254357039928436,0.299276110003976,0.296035154163837,0.345759344560311,0.332834422588348,0,0.2494204490535,0,0.260143260161082,0,0,0,0,0,0,0,0.41219373694006,0,0.286817360387908,0,0.329466760905616,0.277636989951134,0.308348561020433,0.554968818071041,0.269545714990467,0.439163683027756,0.3335598581457,0.438942903509507,0,0,0.316577719858824,0.334278583526611,0.415694665649062,0.484219788941177,0,0,0.258447758853436,0,0,0,0.239594388633005,0,0.378348094112468,0,0.304548317300422,0.428947389125824,0.301364090045293,0.318876971801122,0,0.322049647848666,0.411014899611473,0.278333597209143,0.482269610677447,0.254529085052147,0,0.311347984755638,0,0.407795544149298,0.279220968484879,0.393028438091278,0,0.221386437614759,0,0.332220711148659,0.390101462602615,0.292684167599092,0.515101453837226,0.366193984235241,0.36977074171106,0.343525384511421,0.335329790154229,0.235879153013229
0.315337657928467,0,0.209626408723684,0,0.191838139305579,0,0.153434427126366,0,0.197879634797573,0,0.20350037212089,0,0,0,0.195263703664144,0,0,0,0.288776099681854,0,0.20476848114345,0,0,0,0,0,0,0,0,0,0,0,0,0,0,0,0.222091523309549,0,0,0,0,0,0.276269166515424,0,0,0,0.255259083850043,0,0.227927849020647,0,0,0,0.160351199124541,0,0.21311968639493,0,0.263987900955336,0,0.315898600727954,0,0.210213086953977,0,0,0.224107882994063,0,0,0,0,0,0,0,0,0,0,0,0,0,0,0,0.25588858127594,0,0.252199172973633,0.212064587012973,0.192607000470161,0.208000261450218,0,0
0,0,0,0.270802338329173,0,0.235865844275377,0,0.218159323765172,0,0.206139606734117,0,0.28353300359514,0,0,0,0.211207374930382,0,0,0,0.28989451272147,0,0,0,0,0,0,0,0,0,0,0,0,0,0,0,0.248303767019948,0,0.295714914798737,0,0.267444986850023,0,0.278182012836138,0,0,0,0.250118979811668,0,0,0,0.258447758853436,0,0,0,0.206167668104172,0,0,0,0.25656709591681,0,0.29746530989283,0,0.332197323441505,0.210475718712105,0,0,0,0,0,0,0,0,0,0.326729089021683,0,0,0,0,0,0.269131747451988,0,0.302623689174652,0,0.217016572679453,0.179959644873937,0.303353028707206,0,0
0,0,0,0,0,0,0.186574612959073,0,0,0,0.211565220826551,0,0,0,0,0,0,0,0,0,0,0,0,0,0,0,0,0,0,0,0,0,0,0,0,0,0,0,0,0,0,0,0,0,0,0,0,0,0,0,0.160351199124541,0,0,0,0,0,0,0,0,0,0,0,0,0,0,0,0,0,0,0,0,0,0,0,0,0,0,0,0,0,0,0,0,0,0,0,0
0,0,0,0,0,0.176948477824529,0,0.235808133467891,0,0,0,0,0,0.239035967737436,0,0,0,0,0,0,0,0,0,0,0,0,0,0,0,0,0,0,0,0,0,0,0,0,0,0,0,0,0,0,0,0,0,0,0,0,0,0.206167668104172,0,0,0,0,0,0,0,0.218011785494654,0,0,0,0,0,0,0,0,0,0,0,0,0,0,0,0,0,0,0,0,0,0,0.170911617003954,0.231053031153149,0,0,0
0.191734333883743,0,0.171678038083029,0,0.157184167341752,0,0,0,0.224244633847838,0,0,0,0,0,0.33242819711883,0,0.302627861499786,0,0.25330286026001,0,0.341746956110001,0,0,0,0.26013117344653,0,0.233618259429932,0,0,0,0,0,0,0,0,0,0.286532044410706,0.535548031330109,0.209694691253512,0,0.26603819004127,0.327761560678482,0.289892128582209,0,0,0.242225810885429,0.262665989035267,0.430840770403544,0.227493317933245,0,0.21311968639493,0,0,0,0,0,0.293813925074494,0,0.27800769678184,0,0.239034244827196,0,0,0.294457837939262,0,0,0,0.194758936000819,0,0.266164444386959,0,0.305560477674007,0,0.330496051939585,0,0,0,0,0,0.286857227898306,0,0.270284340716898,0.274026132258428,0.313111357887586,0.258356402462788,0,0.279756009578705
0,0.178558175683022,0,0.158185010884427,0,0.20346278945605,0,0,0,0.21091455457353,0,0,0,0,0,0.227594792208773,0,0.180378437042236,0.292860954999924,0,0,0,0,0.231343211050619,0,0.194889149665833,0,0,0,0,0,0,0,0,0,0.293550841510296,0,0.232008006762375,0.456235930323601,0.280877832770348,0,0.284705374476521,0.261962741613388,0,0,0.234439572150057,0,0,0,0.239594388633005,0,0,0,0,0,0,0,0.336498141288757,0,0,0,0.220585521710277,0.275361850857735,0,0,0,0.178601488337508,0.426911950111389,0.233463649749756,0,0.317549735307693,0,0.340275815791554,0,0,0,0,0,0.29912399236233,0,0.269424566999078,0,0.215822397759466,0.23846144725879,0.257931199933284,0.324211776256561,0
0.382518291473389,0,0.306331519105218,0.27195742726326,0.268903821706772,0,0,0,0.324342479527985,0,0.160843392737516,0,0,0,0.250228382647038,0,0.299334764480591,0,0.288801544904709,0,0.236790405823139,0,0,0,0.337704934179783,0,0,0,0,0,0.13833393806976,0,0,0,0,0,0.284515522180065,0,0.261548925638199,0,0.400972485542297,0,0.312386226521132,0,0,0,0.291538809026991,0,0.331150528732803,0,0.263987900955336,0,0,0,0.293813925074494,0,0,0,0.303131283667434,0,0.284075827582886,0,0,0.262830425201259,0,0,0,0.313124947249889,0,0,0,0.391845687772288,0,0.316284535770063,0,0,0,0,0,0.297938577334086,0,0.329687343703376,0.313690226156354,0.146845828741789,0.32895450927225,0,0.324755281209946
0,0.388843160122633,0,0.306607590567681,0,0.274925380372084,0,0.221188045082948,0,0.362273448705673,0,0.197158845318075,0,0.148456908762455,0,0,0,0,0,0.206446642967036,0,0.333714067935944,0,0.361688047647476,0,0,0,0,0,0.147738019004464,0,0,0,0,0,0.317474571972843,0,0.156843799732479,0,0.327732183039188,0,0.407387334593507,0,0,0,0.331873502996233,0,0,0,0.378348094112468,0,0.25656709591681,0,0,0,0.336498141288757,0,0,0,0.346157324040615,0,0.376252508163452,0.213423218232035,0,0.335032117366791,0,0.314473509788513,0,0.3396298759862,0,0.431284338122968,0,0.394764369284665,0,0,0,0,0,0.343959031136412,0,0,0,0.222615386458004,0,0.380472685479027,0.433469027280807,0
0.403594800959463,0,0.262552090648529,0,0.231625109910965,0,0.172905663649241,0,0.334236081157412,0,0.204458554585775,0,0.243475751052225,0,0.192463929951191,0,0,0,0.292607933282852,0,0.316958559410913,0,0,0,0,0,0,0,0.208949844752039,0,0,0,0,0,0,0,0.284021081635728,0.443416059017181,0.315446972846985,0,0.272763133049011,0,0.312449625060882,0,0,0,0.268721814950307,0.409285664558411,0.307558184094501,0,0.315898600727954,0,0,0,0.27800769678184,0,0.303131283667434,0,0,0,0.249415688995105,0,0,0.296397292503604,0,0,0,0,0,0.281973510980606,0,0.333752639267756,0,0.320527602519308,0,0,0,0,0,0.287707839575079,0,0.331782275012561,0.263258211918779,0,0.325976214531037,0,0
0,0.377781343956788,0,0.31069339485839,0,0.195942560380155,0,0.220878603883454,0,0,0,0.186964249157387,0,0.197347133295305,0,0.236666129840599,0,0,0,0.378827158893858,0,0,0,0,0,0,0,0,0,0,0,0,0,0,0,0.290691452721755,0,0,0,0.23631951212883,0,0,0,0,0,0,0,0,0,0.304548317300422,0,0.29746530989283,0,0.218011785494654,0,0,0,0.346157324040615,0,0,0,0.363720618011827,0.267473220825195,0,0.336969321966171,0,0,0,0.331542118735935,0,0.384019992853466,0,0,0,0,0,0,0,0,0,0,0,0.22397339140555,0.23577499722059,0.353266690373421,0,0
0.249385436083201,0,0.24325255831301,0,0.240283433813602,0,0,0,0.178029731925681,0,0.346658140420914,0,0.191133226598463,0,0.19604330946331,0,0,0,0.27351338416338,0,0.298574295308855,0,0,0,0.366466134786606,0,0.231692252059778,0,0,0,0,0,0,0,0,0,0.273676520761322,0,0.338168313105901,0,0.288270477205515,0.42070597410202,0.314118921932052,0,0.261703342199326,0,0.260146827019494,0.402927741408348,0.240416560905525,0.428947389125824,0.210213086953977,0,0,0,0.239034244827196,0,0.284075827582886,0,0.249415688995105,0,0,0,0,0.258421114512852,0,0,0,0,0,0.220715397968888,0,0.307712304371375,0,0.311294125440793,0,0,0,0,0,0.292287745846892,0,0.323750233650207,0.274641972957271,0.246370941400528,0.302421433101362,0,0
0,0.262042477261275,0.253944903612137,0.284226204031598,0,0.271555691957474,0,0,0,0.199242190248371,0,0,0,0.207251870948257,0,0.216231603880186,0,0.183694183826447,0,0.294586825370789,0,0,0,0.215354974816243,0,0.197503615170717,0,0,0,0,0,0,0,0,0,0.277283865739318,0,0.311931926012039,0,0.272961505585247,0,0.306227124073136,0.283584803342819,0,0,0.249835582077503,0,0,0,0.301364090045293,0,0.332197323441505,0,0,0,0.220585521710277,0,0.376252508163452,0,0.363720618011827,0,0,0.271497251199824,0,0.346945613622665,0,0,0,0.315949918354972,0,0.354154489934444,0,0.352126185383116,0,0,0,0,0,0.296117294579744,0,0.322023928165436,0,0.242938345049154,0.221705651508187,0.268903801179942,0.268975049257278,0.247364774346352
0,0.392920225858688,0,0.295559718776708,0,0.218164226040244,0,0,0,0.315725684165955,0,0.16071006470303,0,0,0,0.294308125972748,0,0,0.507912288109461,0.207961341256681,0,0,0,0,0,0,0,0,0,0,0,0,0,0,0,0.245211234112748,0,0.259481616562507,0,0.294222304721673,0,0.316226482391357,0,0.400583744049072,0,0.25748939415469,0,0,0,0.318876971801122,0,0.210475718712105,0,0,0,0.275361850857735,0,0.213423218232035,0,0.267473220825195,0,0.271497251199824,0,0,0,0,0,0,0,0,0.383855300290244,0,0.359320842450665,0,0,0,0,0,0.29078714097904,0,0.296824662779507,0,0.213512815396238,0,0.307881846469767,0.470531344413757,0
0.416292129069801,0,0.316950150307209,0,0,0,0,0,0.322974525888761,0,0.280529328955794,0,0.304571688175201,0,0.317780286073685,0,0.355777188931426,0.341163418359227,0.35378976263533,0,0.283691479611748,0,0,0,0,0,0,0,0,0,0.346741676330566,0,0,0,0,0.420731782913208,0.2520667321129,0,0.308846240559062,0.30892688035965,0.217560736654279,0.287139430642128,0.300757299591415,0,0.341640800237656,0.362659469246864,0.286787837363144,0,0.314198919605437,0,0.224107882994063,0,0,0,0.294457837939262,0,0.262830425201259,0,0.296397292503604,0,0.258421114512852,0,0,0,0,0,0,0,0,0,0,0.314277843634288,0,0.332054503073109,0,0,0,0,0.319235503673553,0.271154601181508,0.326577752828598,0.309880425179751,0.328013289629603,0.347576558589935,0.296253946427203,0,0.29800819499152
0,0.323595806956291,0,0,0,0,0,0,0,0,0,0,0,0,0,0,0,0.150464531211626,0,0,0,0.196823110976326,0.0759382654158842,0.150571440431205,0,0.227758303284645,0,0,0,0,0,0,0,0,0,0,0,0.355725547391564,0.529756277799606,0,0,0,0,0,0,0,0,0,0,0.322049647848666,0,0,0,0,0,0,0,0.335032117366791,0,0.336969321966171,0,0.346945613622665,0,0,0,0,0.279169423295591,0,0.319758536643065,0,0.297946138803947,0,0,0,0,0,0,0,0,0,0.354378444373987,0,0.187082237187233,0,0.362541643472818,0,0
0.40277299284935,0,0,0,0,0,0,0,0,0,0,0,0,0,0,0,0,0,0,0,0,0,0.198324485088336,0,0.123707476733387,0,0.216958026091258,0,0.363431476056576,0,0,0,0,0.458490341901779,0,0,0,0.467805494864782,0.362204854030254,0,0,0,0.338319003582001,0,0,0,0,0.442638508975506,0.405119370019093,0.411014899611473,0,0,0,0,0,0,0,0,0,0,0,0,0,0,0,0,0,0.124319366772066,0,0.326521193765732,0,0.326668349495963,0,0.376555372507144,0,0,0,0,0,0,0,0.369259652495384,0.17399520072199,0.154195956885815,0.400694796017238,0,0
