0,0,33.3073828816414,0,0,0,0,0,159.155428752303,0,0,0,0,0,0,0,0,0,1.96986767649651,0,0,0,0,0,0,0,0,0,0,0,0,0,0,0,0,0,0,0,0.333537250757217,0,0,0,13.6195467934012,0,0,0,0.171672031283379,0.236624091863632,256.503343969584,0,0,0,0,0,103.209434121847,0,1.59991747885942,0,0,0,20.3381539732218,0,0,0,0,0,0,0,0,0,0,0.683749333024025,0,3.70313581824303,0,0,0,0,0,0.860381163656712,0,1.78402201831341,14.6894389390945,0,179.588564552367,0,1.75371116399765
0,0,0,55.8439228832722,0,0,0,0,0,168.741483792663,0,0,0,0,0,0,0,0,1.6676322966814,0,0,0,0,1.6943373978138,0,0,0,0,0,0,0,0,0,0,0,0,0,17.8915272951126,0,0,0,26.3532664477825,0,0,0,13.0897643268108,0,0.203572109341621,0,161.664604365826,0,0,0,0,0,352.847811162472,0,16.3743944764137,0,0,0,21.797799795866,0.176994070410728,0,0,0,0,0,0,0,31.5639547258615,0,10.5873958021402,0,0,0,0,0,1.12925355881453,0,7.88576370477676,0,67.9225912243128,0,376.683747924864,0,0
33.3073828816414,0,0,0,0,0,0,0,23.2194928526878,0,0,0,0,0,0,0,1.08319370448589,3.86826795339584,4.81063425540924,0,0,0,0,0,0,0,0,0,0,0,0,0,0,0,0,0,0,0,0.436739429831505,0,0.364015400409698,0.360745534300804,162.882729195058,0,1.61608731746674,0.242149114608765,22.2346085011959,0,8.7397720143199,0,15.6441253125668,0,0,0,62.1517681181431,0,39.1458151116967,0,2.14343686401844,0,0,0,0,3.13314920663834,0,0,0,0,0,0.251637697219849,0,3.80550591647625,0,16.670254945755,0,0,0,0,0,0.386233940720558,0,1.73086394369602,50.1209974139929,0,267.0479388237,0,9.32998165488243
0,55.8439228832722,0,0,0,107.109100550413,0,0,0,18.4955967366695,0,0,0,0,0,0,0,4.694385163486,6.10425588488579,0,0,0,0,1.54894974827766,0,0,0,0,0,0,0,0,0,0,0,2.80779731273651,0,13.6435818523169,0,0.337510973215103,0,103.336519099772,0.760785758495331,0,0,140.634065620601,0,0.831076309084892,0,57.524587251246,0,121.131548166275,0,0,0,69.4380567371845,0,10.4370517283678,0,10.1202316880226,0,29.8234023749828,1.39849662035704,0,0,0,0.426514357328415,0,0,0,0.323192358016968,0,35.2127689272165,0,0,0,0,0,3.01544813066721,0,10.3094758465886,0,65.2362881302834,0,284.656725347042,0,0
0,0,0,0,0,0,0,0,7.99485778808594,0,0,0,0,0,20.0992886424065,0,0,0,0,0,35.1116433739662,0,0,0,0,0,0,0,0,0,0,0,0,0,0,0,0,0,0,0,0,0,16.984933257103,0,0,0,41.6692601591349,0.653480529785156,2.11341592669487,0,49.9955766201019,0,0,0,1.09157037734985,0,2.06302672624588,0,0,0,60.0137180089951,0,0,113.348505973816,0,0,0,0,0,0,0,0,0,1.59266972541809,0,0,0,0,0,0,0,0,27.6175228655338,0,117.386991098523,0,0
0,0,0,107.109100550413,0,0,0,0,0,4.98489189147949,0,0,0,0,0,0,0,0,0,75.1875146627426,0,0,0,0,0,0,0,0,0,0,0,0,0,0,0,2.6090812087059,0,0,0,0,0,9.66102389991283,0,0,0,3.44108335673809,0,0.503956437110901,0,2.08579409122467,0,131.603572845459,0,0,0,4.01676309108734,0,0.334436625242233,0,0,0,17.8063960075378,0,0,0,0,0,0,0,0,0,0,0.416007846593857,0,0,0,0,0,0.128930628299713,0,0,0,8.26331661641598,0,99.2426065057516,0,0
0,0,0,0,0,0,0,0,0,0,12.6027520895004,0,0,0,0,0,0,0,0,0,7.16870135068893,0,0,0,0,0,0,0,0,0,0,0,0,0,0,0,0,0,0,0,0,0,0,0,0,0,0,0,0,0,0,0,3.09025168418884,0,0,0,170.074150294065,0,0,0,0,0,0,0,0,0,0,0,0,0,0,0,0,0,0,0,0,0,0,0,0,0,81.9578661322594,0,0,0,0
0,0,0,0,0,0,0,0,0,0,0,1.37756955623627,0,0,0,0,0,0,0,10.479307115078,0,0,0,0,0,0,0,0,0,0,0,0,0,0,0,0,0,0,0,0,0,0,0,0,0,0,0,0,0,0,0,0,0,287.292886316776,0,0,0,81.0102016478777,0,15.0971646308899,0,0,8.40525475144386,0,0,0,0,0,0,0,0,0,0,0,0,0,0,0,0,0,0,0,56.83904337883,0,0,0,0
159.155428752303,0,23.2194928526878,0,7.99485778808594,0,0,0,0,0,0,0,0,0,672.776258528233,0,9.21656273305416,0,4.53395083546638,0,0,0,0.209310948848724,0,27.2252956628799,0,25.6424944698811,0,0,0,0,0,0,0,0,0,0,0,41.5781765431166,0,0,0.391104780137539,34.5200398415327,0,0,0,0,0.449763596057892,48.5235526561737,0,0,0,0,0,626.292419582605,0,0.349822670221329,0,0,0,508.4498501122,0,0,0,0,0,0,23.3051891326904,0,29.198031693697,0,0,0,1.27275171875954,0,0,0,0,0,0,0,4.73709033429623,957.943685904145,0,67.6969384104013,0,4.60605853796005
0,168.741483792663,0,18.4955967366695,0,4.98489189147949,0,0,0,0,0,0,0,0,0,365.368768006563,0,89.3961505293846,1.14129963517189,0,0,0,0,7.7741976827383,0,30.0550508499146,0,0,0,0,0,0,0,0,0,0,0,8.07342186570168,0,2.00346203148365,0,36.7619541659951,0,0,0,0,0,0,0,10.0460727363825,0,0.454154521226883,0,0,0,678.395098060369,0,3.77711138129234,0,0,0,630.550531327724,0,0,0,0,29.610148742795,0,57.8370641469955,0,0.930430114269257,0,44.6425181031227,0,0,0,0,0,0.670472830533981,0,33.2454055696726,0,193.311739191413,0,37.2916526794434,0,0
0,0,0,0,0,0,12.6027520895004,0,0,0,0,0,662.987214118242,0,0,0,0,0,0,0,718.675648361444,0,0,0,0,0,0,0,44.1483089625835,0,50.0115594863892,0,0,0,0,0,531.611724495888,0,1277.9148041904,0,0,0,0,0,0,0,0,0,0,0,0,0,0.335993081331253,0,0,0,1589.57015263289,0,140.65406692028,0,0,0,0,53.6175839304924,0,0,0,0,0,0,0,317.03243932128,0,15.593711823225,0,0,0,0,0,165.253137260675,0,55.2248970866203,418.475818455219,0,0,0,0
0,0,0,0,0,0,0,1.37756955623627,0,0,0,0,0,772.028332799673,0,0,0,0,0,203.038408890367,0,0,0,0,0,0,0,34.717681825161,0,47.9525901079178,0,0,0,0,0,76.5383529067039,0,990.208597570658,0,0,0,0,0,0,0,0,0,0,0,0,0,0,0,7.3088464140892,0,0,0,2224.21547821164,0,699.925193160772,0,0,11.2766240090132,0,0,0,0,0,0,0,6.60376425087452,0,117.469929307699,0,0,0,0,0,0,0,30.1856625676155,0,396.043317586184,0,0,0,0
0,0,0,0,0,0,0,0,0,0,662.987214118242,0,0,0,6.12537834048271,0,0,0,0,0,0,0,0,0,0,0,0,0,116.294714868069,0,0,0,0,0,0,0,0,0,0,0,0,0,0,0,0,0,0,0,0,0,0,0,0,0,0,0,240.422899648547,0,581.386123627424,0,4.42835187911987,0,0,0,0,0,0,0,0,0,0,16.0485098361969,0,0,0,0,0,0,0,0,0,0,143.01921671629,15.232236623764,0,0,0
0,0,0,0,0,0,0,0,0,0,0,772.028332799673,0,0,0,184.521906793118,0,0,0,0,0,0,0,0,0,22.9615298509598,0,31.6613810062408,0,7.30808931589127,0,0,0,0,0,0,0,0,0,0,0,0,0,0,0,0,0,0,0,0,0,0,0,0,0,0,0,0,0,788.622613012791,0,273.615154564381,0,0,0,0,0,0,0,0,0,0,0,0,0,0,0,0,0,0,0,0,258.027496278286,825.853061318398,0,0,0
0,0,0,0,20.0992886424065,0,0,0,672.776258528233,0,0,0,6.12537834048271,0,0,0,354.724943369627,3.25289349257946,0.294978111982346,0,0,0,0,0,0,0,92.2300480902195,0,90.8455679416656,0,0,0,0,0,0,0,0,0,0,0,0,0,0.1942278444767,0,0,0,0,0,0,0,104.911490738392,0,0,0,1.99432075023651,0,0,0,45.0047348737717,0,190.697580754757,0,0,0,0,0,0,0,0,0,0,0,0,0,0,0,0,0,0,0,0,0,187.554034978151,61.4366371631622,0,0,0
0,0,0,0,0,0,0,0,0,365.368768006563,0,0,0,184.521906793118,0,0,0.563076555728912,324.732861608267,0.942290484905243,0,0,0.742898941040039,0,0,0,25.638084769249,0,8.83733913302422,0,0,0,0,0,0,0,0,0,0,0,0,0,0,0,0,0,0,0,0,0,0,0,0,0,0,0,267.435421973467,0,0,0,0,0,237.388658434153,0,0,0,0,0,0,6.95954263210297,0,0,0,0,0,0,0,0,0,0,0,0,0,297.979437798262,117.309923291206,0,0,0
0,0,1.08319370448589,0,0,0,0,0,9.21656273305416,0,0,0,0,0,354.724943369627,0.563076555728912,0,9608.97147288918,3384.52669975907,0,0,74.9318412095308,411.614096134901,3.15271140635014,3.88966512680054,42.0170091092587,1481.32359938323,0,123.726333200932,0,0,0,0,0,0,0,0,0,0.393340557813644,5.63379530608654,13.8031080886722,35.8364086076617,123.313948787749,2.69432654976845,5.16277341544628,6.16466546058655,18.8659090995789,0,0.15187494456768,0,0.288192868232727,0,0,0,0,0,18.0308404862881,0,0,0,12.2890183031559,0,0.491364300251007,0.60450404882431,0,61.9752731174231,0,0,0,121.556490749121,0,7.51869770884514,1.10404682159424,42.7124394327402,0,0,0,0,34.7021437808871,27.4834095910192,12.1170287877321,50.5136389508843,5920.01099229604,154.816685602069,260.151648856699,1.18331465125084,25.0593735277653
0,0,3.86826795339584,4.694385163486,0,0,0,0,0,89.3961505293846,0,0,0,0,3.25289349257946,324.732861608267,9608.97147288918,0,3231.44126386195,0,0,463.898511871696,7.2169785797596,308.378457024693,0,2215.52592171729,25.8587967157364,0,0,0,0,0,0,0,0,0,0.11574712395668,0,0,12.64672190696,8.1411894634366,132.76360078156,47.9501307532191,5.6676956564188,4.88628193736076,32.0235018953681,16.8922312781215,0.426129132509232,0,0,0,0,0,0,0,2.91542220115662,2.41894146800041,0,0,0,0,0,3.68785800039768,0.313228592276573,31.2081331014633,0,26.1282326579094,0,20.9931932091713,0.443348243832588,0,1.59931153059006,6.79048708081245,6.83236162364483,0,0,0,0,69.1568544134498,32.5221762955189,27.9595676362514,25.4213553741574,7128.4684420079,630.123781114817,208.965907126665,5.10478863120079,3.38600911200047
1.96986767649651,1.6676322966814,4.81063425540924,6.10425588488579,0,0,0,0,4.53395083546638,1.14129963517189,0,0,0,0,0.294978111982346,0.942290484905243,3384.52669975907,3231.44126386195,0,2.09420734643936,0,12.3141705393791,0.550069689750671,5.88012713193893,0,9.20384342968464,5.22424879670143,0,0,0,0,0,0,0,0,0,0.346078783273697,1.35305903851986,0,156.848963186145,206.783312827349,941.277523271739,1199.62561459839,119.628490746021,76.0477464944124,384.550986468792,318.793733485043,0.502947688102722,0.308905974030495,1.16253837943077,1.59294083714485,0,0,0,0,0,59.9625849276781,2.50485859811306,0,0,0,0,85.5209169685841,3.00778847932816,0,0,0,0,0,2.0861394405365,1.34778819978237,11.9074380248785,89.5384210497141,135.421652592719,0,0,0,0,882.53556279093,415.17189193517,484.150775372982,397.855119526386,3037.6410574168,0,3502.9653224051,49.3024844676256,103.342940531671
0,0,0,0,0,75.1875146627426,0,10.479307115078,0,0,0,203.038408890367,0,0,0,0,0,0,2.09420734643936,0,0,0,0,0,0,0,0,0,0,0,0,0,0,0,0,1092.45897693932,0,393.087633416057,0,0,0,1.32930332422256,0,0,0,6.79242903739214,0,0,0,1.57109820842743,0,0,0,2.93788285553455,0,0,0,354.878824532032,0,0,0,0,1257.19141352177,0,0,0,0,0,0,0,0,0,30.6701381355524,0,0,0,0,0,115.650724679232,0,143.028005927801,0.98996502161026,243.299892887473,0,147.789047420025,0,0
0,0,0,0,35.1116433739662,0,7.16870135068893,0,0,0,718.675648361444,0,0,0,0,0,0,0,0,0,0,0,0,0,0,0,0,0,0,0,0,0,0,0,0,0,1686.7939773351,0,45.3106677532196,0,0,0,0.283538520336151,0,0,0,4.49611204862595,0,0.330185174942017,0,18.4450021386147,0,0,0,0,0,18.5000481009483,0,0,0,0,0,0,319.078887596726,0,0,0,0,0,0,0,0,0,7.34821826219559,0,0,0,0,0,435.674452036619,0,61.8019779026508,123.893060147762,2.96200203895569,137.86476328969,0,0
0,0,0,0,0,0,0,0,0,0,0,0,0,0,0,0.742898941040039,74.9318412095308,463.898511871696,12.3141705393791,0,0,0,690.429560035467,147.014295637608,0,316.521265774965,0,77.648705124855,0,0,0,0,0,0,0,0,0,927.125039979815,0,0,0,0.34249472618103,0,0,0,0,0,6.05845485627651,0,222.59782359004,0,0,0,0,0,0,0,0,0,0,0,0,0,0,11265.3116840124,103.352204322815,95.0933504402637,0,53.4258163571358,0,258.188531652093,0,0,0,0,0,0,0,0.106231912970543,0,584.299045220017,0,2124.8564594537,901.689675807953,0.143176630139351,0,0
0,0,0,0,0,0,0,0,0.209310948848724,0,0,0,0,0,0,0,411.614096134901,7.2169785797596,0.550069689750671,0,0,690.429560035467,0,0,103.246268033981,0,468.538734450936,0,139.301356941462,0,0,0,0,0,0,0,0,36.3570963740349,661.825017720461,0,0,0,0,0,0,0,0,0,607.868344426155,0,0,0,0,0,0,0,0,0,0,0,0,0,0,0,140.10368180275,11977.4472825527,0,42.5872265845537,0,154.269854724407,0,74.9957700967789,0,0,0,0,0,0,0,0,0,172.491332963109,2025.20574045181,516.85560387373,0,0,0
0,1.6943373978138,0,1.54894974827766,0,0,0,0,0,7.7741976827383,0,0,0,0,0,0,3.15271140635014,308.378457024693,5.88012713193893,0,0,147.014295637608,0,0,0,171.872731372714,2.22044658660889,0,0,0,0,0,0,0,0,0,0,626.36376529932,0,0,0,2.80108710378408,0,0,0,0.260764807462692,0,4.38638570904732,0,0,0,0,0,0,0,2.96111245453358,0,0,0,0,0,0,0,0,102.197656571865,0,877.02035023272,0,727.075774550438,0,3.40648519992828,0,0.34424701333046,0,0,0,0,0,0.222382828593254,0,389.020864591002,0,313.033968418837,0,4.8233046233654,0,0
0,0,0,0,0,0,0,0,27.2252956628799,0,0,0,0,0,0,0,3.88966512680054,0,0,0,0,0,103.246268033981,0,0,0,335.938058823347,0,0,0,0,0,0,0,0,0,0,0,150.456015050411,0,0,0,4.38847558200359,0,0,0,0,0,27.0098649561405,0,0,0,0,0,8.38124734163284,0,0,0,0,0,1.8387690782547,0,0,0,0,193.231273561716,0,940.161463901401,0,603.999582499266,0,0,0,0,0,0,0,0,0,0,0,151.561809696257,43.1790056973696,0,3.34522227942944,0,0
0,0,0,0,0,0,0,0,0,30.0550508499146,0,0,0,22.9615298509598,0,25.638084769249,42.0170091092587,2215.52592171729,9.20384342968464,0,0,316.521265774965,0,171.872731372714,0,0,1.50109028816223,213.086959838867,0,0,0,0,0,0,0,0,0,0,0,0,0,0,0,0,0,0.337423533201218,0,0,0,0,0,0,0,0,0,0,0,0,0,0,0,47.662761002779,0,0,15.5069887638092,0,35.9686103016138,0,907.013315469027,0,0,0,0,0,0,0,0,0,0,0,0,0,265.588924273849,0,0,0,0
0,0,0,0,0,0,0,0,25.6424944698811,0,0,0,0,0,92.2300480902195,0,1481.32359938323,25.8587967157364,5.22424879670143,0,0,0,468.538734450936,2.22044658660889,335.938058823347,1.50109028816223,0,0,204.122559309006,0,0,0,0,0,0,0,0,0,0,0,0,0,0.599021598696709,0,0,0,0.202893406152725,0,0,0,0,0,0,0,2.94987154006958,0,0,0,0,0,6.64693689346313,0,0,0,0,39.6704369932413,0,5.50823441147804,0,478.653507500887,0,128.111427754164,0,0.358746975660324,0,0,0,0,0,0,0,0,624.401682406664,0,0,0,1.44102025032043
0,0,0,0,0,0,0,0,0,0,0,34.717681825161,0,31.6613810062408,0,8.83733913302422,0,0,0,0,0,77.648705124855,0,0,0,213.086959838867,0,0,0,506.141043335199,0,0,0,0,0,0,0,389.33930298686,0,0,0,0,0,0,0,0,0,0,0,0,0,0,0,0,0,0,0,0,0,27.6862924098969,0,5.04562556743622,0,0,234.701220646501,0,0,0,191.602254867554,0,3066.42626288533,0,21.1079317927361,0,0,0,0,0,0,0,2.77247244119644,0,625.136592775583,844.836312264204,0,0,0
0,0,0,0,0,0,0,0,0,0,44.1483089625835,0,116.294714868069,0,90.8455679416656,0,123.726333200932,0,0,0,0,0,139.301356941462,0,0,0,204.122559309006,0,0,0,166.478847980499,0,0,0,0,0,0,0,5,0,0,0,0,0,0,0,0,0,0,0,0,0,0,0,0,0,3.60115599632263,0,25.8154250383377,0,11.3927549123764,0,0,0,0,20.0394925475121,0,0,0,43.8585939407349,0,1832.96522018313,0,0,0,0,0,0,0,0,0,5.6212337911129,424.161809504032,14.191454410553,0,0,0
0,0,0,0,0,0,0,0,0,0,0,47.9525901079178,0,7.30808931589127,0,0,0,0,0,0,0,0,0,0,0,0,0,506.141043335199,0,0,0,0,0,0,0,0,0,398.323307693005,0,0,0,0,0,0,0,0,0,0,0,0,0,0,0,0,0,0,0,38.3850003033876,0,74.2842010259628,0,0,0,0,0,0,0,0,0,0,373.559113204479,0,1842.07509498298,0,0,0,0,0,0,0,106.814271345735,0,40.9774134159088,0,0,0,0
0,0,0,0,0,0,0,0,0,0,50.0115594863892,0,0,0,0,0,0,0,0,0,0,0,0,0,0,0,0,0,166.478847980499,0,0,0,0,0,0,0,0,0,190.175087213516,0,0,0,0,0,0,0,0,0,0,0,0,0,0,0,0,0,25.790029168129,0,0,0,0,0,0,0,0,0,0,0,0,0,0,203.102305114269,0,115.437467545271,0,0,0,0,0,0,0,4.76542547345161,0,0,0,0,0
0,0,0,0,0,0,0,0,0,0,0,0,0,0,0,0,0,0,0,0,0,0,0,0,0,0,0,0,0,0,0,0,324.463973015547,1,37.1422816514969,1516.87941944599,0.507309913635254,0,0,0,0,0,0,0,0,0,0,817.595234036446,58.8138865530491,22.2698741555214,0,0,0,0,0,0,0,0,0,0,0,0,0,0,0,0,0,0,0,0,0,0,0,0,1243.50224936008,5.15408113598824,21.7898178100586,1.52534735202789,359.983830779791,34.2376090884209,0,0,294.73560360074,0,0,0,0
0,0,0,0,0,0,0,0,0,0,0,0,0,0,0,0,0,0,0,0,0,0,0,0,0,0,0,0,0,0,0,324.463973015547,0,0,35.7851251065731,0.633034229278564,804.031889870763,0,0,0,0,0,0,0,0,0,0,1944.16627462208,11.3271837681532,3.36332651972771,0,0,0,0,0,0,0,0,0,0,0,0,0,0,0,0,0,0,0,0,0,0,0,0,335.784474283457,666.369025915861,0,26.2294757515192,0,537.885900869966,0,0,94.2288864254951,0,0.887783139944077,0,0
0,0,0,0,0,0,0,0,0,0,0,0,0,0,0,0,0,0,0,0,0,0,0,0,0,0,0,0,0,0,0,1,0,0,1527.80881845951,621.336804881692,0,516.770879566669,170.52386879921,0,0,0,0,0,0,0,0,1811.51024153829,1.21830767393112,0,0,0,0,0,0,0,0,0,0,0,0,0,0,0,0,0,0,0,0,0,0,0,0,0,5.84042644500732,0,1154.03542324901,76.0059446692467,130.372894749045,29.6516721844673,179.458918690681,49.1619500815868,670.545274138451,0,0.644601702690125,0,0
0,0,0,0,0,0,0,0,0,0,0,0,0,0,0,0,0,0,0,0,0,0,0,0,0,0,0,0,0,0,0,37.1422816514969,35.7851251065731,1527.80881845951,0,0,735.421149462461,24.8691466450691,543.040845051408,0,0,0,0.328815966844559,0,0,0,0,2774.06575378776,8.38439467549324,3.70007857680321,0,0,0,0,0,0,0,0,0,0,0,0,0,0,0,0,0,0,0,0,0,0,0,0,45.9974188804626,172.700505718589,1245.10843192041,1767.91736528277,0,324.931963473558,44.314338773489,475.583643242717,478.099211797118,0,2.7861909866333,0,0
0,0,0,2.80779731273651,0,2.6090812087059,0,0,0,0,0,76.5383529067039,0,0,0,0,0,0,0,1092.45897693932,0,0,0,0,0,0,0,0,0,0,0,1516.87941944599,0.633034229278564,621.336804881692,0,0,560.870647549629,934.771892040968,18.9600685834885,6.36406925320625,0,2.55084186792374,0,0,0,38.9625367820263,0,5.81439426541328,3.30061876773834,21.9644097983837,0,0,0,0,0,0,0,5.05857315659523,0,0,0,0,494.378281712532,0,0,0,0,0,0,0,0,0,0.849344298243523,0,755.3057218045,0,361.610644459724,0,15769.1869011819,0,1109.18753576279,0,1590.2535642609,0.6658815741539,244.304318040609,0,0
0,0,0,0,0,0,0,0,0,0,531.611724495888,0,0,0,0,0,0,0.11574712395668,0.346078783273697,0,1686.7939773351,0,0,0,0,0,0,0,0,0,0,0.507309913635254,804.031889870763,0,735.421149462461,560.870647549629,0,0,1153.60294798017,8.69693946838379,0,0,6.97050964087248,0,0,0.206818550825119,25.3579546883702,11.3435249328613,2.41069845855236,0,0,0,0,0,0,0,229.104426845908,0,0,0,0,0,0,963.787043683231,0,0,0,0,0,0,0,0,0,0,0,583.912894025445,0,702.334354296327,23.9786559343338,17402.3114110902,0,773.789829775691,2849.4760428369,83.8715290129185,142.700599126518,0,0
0,17.8915272951126,0,13.6435818523169,0,0,0,0,0,8.07342186570168,0,990.208597570658,0,0,0,0,0,0,1.35305903851986,393.087633416057,0,927.125039979815,36.3570963740349,626.36376529932,0,0,0,389.33930298686,0,398.323307693005,0,0,0,516.770879566669,24.8691466450691,934.771892040968,0,0,1091.25115473568,0,0,26.7000594362617,0,0,0,2.92868012934923,0,1220.4507869035,0,63.672166839242,0,0,0,0,0,29.6167997866869,0,120.759842723608,0,0,0,0,177.490310445428,0,436.073234282434,0,452.742606297135,0,0,0,1.46411401033401,0,484.571769028902,0,0,0,267.556563571095,2.3312566280365,226.011842928827,0,18087.8504246175,276.370080038905,2972.34795644134,145.066364131868,97.3342096582055,0,0
0.333537250757217,0,0.436739429831505,0,0,0,0,0,41.5781765431166,0,1277.9148041904,0,0,0,0,0,0.393340557813644,0,0,0,45.3106677532196,0,661.825017720461,0,150.456015050411,0,0,0,5,0,190.175087213516,0,0,170.52386879921,543.040845051408,18.9600685834885,1153.60294798017,1091.25115473568,0,0,0,0,100.613987013698,0,0,0,0.651516139507294,1492.84003008902,425.649653106928,0,0,0,0,0,60.4893457964063,0,586.884492903948,0,0,0,0,0,0,46.3638117164373,0,260.328442335129,0,568.763335220516,0,0.719640299677849,0,23.815391510725,0,108.992214977741,0,0,12.7227118015289,98.8349575549364,0,374.331849247217,420.710389494896,16725.6523803398,2202.03548520803,17.28672786057,67.9913287758827,0,1.09456571936607
0,0,0,0.337510973215103,0,0,0,0,0,2.00346203148365,0,0,0,0,0,0,5.63379530608654,12.64672190696,156.848963186145,0,0,0,0,0,0,0,0,0,0,0,0,0,0,0,0,6.36406925320625,8.69693946838379,0,0,0,0,516.265287287533,2.39673329889774,7.26428264379501,1.57426828145981,376.243979983032,0,57.6323721408844,0,560.078788742423,0,0,0,0,0,0,0,2.21403440833092,0,0,0,0,65.0532997697592,0,0,0,0.22011986374855,0,0,0,0,0,4.96314512193203,0,0,0,0,0,432.657314524055,0.385673731565475,68.17659714818,1.38352024555206,79.2508352026343,0.158219367265701,963.643698260188,3.6371993124485,0.90026319026947
0,0,0.364015400409698,0,0,0,0,0,0,0,0,0,0,0,0,0,13.8031080886722,8.1411894634366,206.783312827349,0,0,0,0,0,0,0,0,0,0,0,0,0,0,0,0,0,0,0,0,0,0,4.72726169228554,1042.20979005098,0,17.5022044926882,0.910672903060913,397.275277912617,0,62.3381089568138,0,0.332081690430641,0,0,0,0,0,1.99906454980373,0,0,0,0,0,0,205.126841723919,0,0,0,0,0,0,0,0,0,6.87074282765388,0,0,0,0,1.60234612226486,467.9420934394,0,26.8316728919744,48.720768161118,0,1776.72349643707,0,21.9475933462381
0,26.3532664477825,0.360745534300804,103.336519099772,0,9.66102389991283,0,0,0.391104780137539,36.7619541659951,0,0,0,0,0,0,35.8364086076617,132.76360078156,941.277523271739,1.32930332422256,0,0.34249472618103,0,2.80108710378408,0,0,0,0,0,0,0,0,0,0,0,2.55084186792374,0,26.7000594362617,0,516.265287287533,4.72726169228554,0,266.286220908165,15.9506389275193,1.22060452401638,814.126894503832,17.3224765956402,38.0538882911205,0.214777812361717,232.975689724088,0.153553023934364,0.738454803824425,0,0,0,6.44067518413067,2.72019991278648,97.9067055583,0,0,0,0.354312896728516,36.0257886052132,1.72082585096359,0,0,0.542043685913086,0,0,0,27.0231360942125,0.20936119556427,427.667858608067,3.18977479636669,0,0,0,0,1032.25793753564,5.12791219353676,531.622197791934,12.8441203385592,1842.75845594704,11.0477090403438,4112.33336192369,80.9281913414598,8.08242037892342
13.6195467934012,0,162.882729195058,0.760785758495331,16.984933257103,0,0,0,34.5200398415327,0,0,0,0,0,0.1942278444767,0,123.313948787749,47.9501307532191,1199.62561459839,0,0.283538520336151,0,0,0,4.38847558200359,0,0.599021598696709,0,0,0,0,0,0,0,0.328815966844559,0,6.97050964087248,0,100.613987013698,2.39673329889774,1042.20979005098,266.286220908165,0,0,103.116691246629,7.01140287518501,615.926583848894,137.528477102518,543.826014213264,0,52.780456058681,0,0,0,5.55248141288757,0,599.772278815508,0,1.35810603201389,0,0,0,0,179.725994348526,0,0,0,0,0,0.730909079313278,0,257.206042185426,0.743546068668365,785.723332338035,0,0,0,0,6.53043194115162,1047.2851177156,5.09584867954254,506.971051037312,1191.81839299202,2.95760323107243,5299.71671359241,2.35229480266571,678.740590155125
0,0,0,0,0,0,0,0,0,0,0,0,0,0,0,0,2.69432654976845,5.6676956564188,119.628490746021,0,0,0,0,0,0,0,0,0,0,0,0,0,0,0,0,0,0,0,0,7.26428264379501,0,15.9506389275193,0,0,0,10.6944261342287,0.194710552692413,0.966114550828934,0,0.155506387352943,0,0,0,0,0,0,0,0.202565357089043,0,0,0,0,6.23487336933613,0,0,0,0,0,0,0,0,0,6.72334608435631,0,0,0,0,0,71.1918591409922,0.215348035097122,9.79445494711399,0.178484201431274,8.94756688177586,0,64.5317770764232,3.58577156066895,0
0,0,1.61608731746674,0,0,0,0,0,0,0,0,0,0,0,0,0,5.16277341544628,4.88628193736076,76.0477464944124,0,0,0,0,0,0,0,0,0,0,0,0,0,0,0,0,0,0,0,0,1.57426828145981,17.5022044926882,1.22060452401638,103.116691246629,0,0,0,65.3170537948608,0,0.207372218370438,0,1.70534643530846,0,0,0,0,0,3.95836865901947,0,0,0,0,0,0,0.52578741312027,0,0,0,0,0,0,0,0,0,3.73394227027893,0,0,0,0,0.378305375576019,29.5388035625219,0.467995464801788,13.9692928195,21.6794422268867,0,199.580286309123,0,5.03856539726257
0,13.0897643268108,0.242149114608765,140.634065620601,0,3.44108335673809,0,0,0,0,0,0,0,0,0,0,6.16466546058655,32.0235018953681,384.550986468792,6.79242903739214,0,0,0,0.260764807462692,0,0.337423533201218,0,0,0,0,0,0,0,0,0,38.9625367820263,0.206818550825119,2.92868012934923,0,376.243979983032,0.910672903060913,814.126894503832,7.01140287518501,10.6944261342287,0,0,0.985427886247635,16.394495613873,0,94.2770996540785,0,0,0,0,0,0.522634670138359,0,3.20944144576788,0,0,0,0,958.317785166204,0,0,0,0,0,0,0,0.737209156155586,0,63.2670949026942,0.686635553836823,0,0,0,0,296.10388815403,5.67009180784225,208.261386528611,4.1804404258728,223.817350044847,0.446545325219631,2158.76796263456,5.90092715620995,3.06948241591454
0.171672031283379,0,22.2346085011959,0,41.6692601591349,0,0,0,0,0,0,0,0,0,0,0,18.8659090995789,16.8922312781215,318.793733485043,0,4.49611204862595,0,0,0,0,0,0.202893406152725,0,0,0,0,0,0,0,0,0,25.3579546883702,0,0.651516139507294,0,397.275277912617,17.3224765956402,615.926583848894,0.194710552692413,65.3170537948608,0.985427886247635,0,8.68073628842831,96.1832076907158,4.01588736474514,42.8861698582768,0,0,0,0,0,180.629064068198,0,0,0,0,0,1.90315708518028,1273.95109438896,0,0,0,0,0,0,0,1.99563528597355,1.00185599923134,140.963997095823,0,0,0,0,5.90406620502472,1164.38464568555,1.36403051018715,602.23488843441,214.40409874171,0,2200.0383817628,0.740641966462135,13.3541885316372
0.236624091863632,0.203572109341621,0,0.831076309084892,0.653480529785156,0.503956437110901,0,0,0.449763596057892,0,0,0,0,0,0,0,0,0.426129132509232,0.502947688102722,0,0,6.05845485627651,0,4.38638570904732,0,0,0,0,0,0,0,817.595234036446,1944.16627462208,1811.51024153829,2774.06575378776,5.81439426541328,11.3435249328613,1220.4507869035,1492.84003008902,57.6323721408844,0,38.0538882911205,137.528477102518,0.966114550828934,0,16.394495613873,8.68073628842831,0,1188.74785707891,2527.14276200533,0,0,0,0,0,0,1.17776001989841,0,0,0,0,0,0,3.13340131938457,4.03402645885944,0,2.7465443611145,0,0,0,0,0,0,0,182.705647855997,2453.80267365277,57.2779605537653,284.229131698608,166.61075566709,645.257330164313,785.279987305403,229.590573742986,688.350815452635,0.461392506957054,855.800153709948,0,0
256.503343969584,0,8.7397720143199,0,2.11341592669487,0,0,0,48.5235526561737,0,0,0,0,0,0,0,0.15187494456768,0,0.308905974030495,0,0.330185174942017,0,607.868344426155,0,27.0098649561405,0,0,0,0,0,0,58.8138865530491,11.3271837681532,1.21830767393112,8.38439467549324,3.30061876773834,2.41069845855236,0,425.649653106928,0,62.3381089568138,0.214777812361717,543.826014213264,0,0.207372218370438,0,96.1832076907158,1188.74785707891,0,20.5886564552784,6.90511552989483,0,0,0,186.041014418006,0,9.42891162633896,0,0.590433537960052,0,45.5893492996693,0,0,1.60928419232368,0,344.013244494796,0,178.336222037673,0,13.1548569947481,0,25.0924823582172,0,34.8629028052092,7.73483073711395,29.1697883307934,0,5.12232863903046,0,287.299304798245,0,397.093642815948,145.70063252002,0,776.905830197036,0,0.985806226730347
0,161.664604365826,0,57.524587251246,0,2.08579409122467,0,0,0,10.0460727363825,0,0,0,0,0,0,0,0,1.16253837943077,1.57109820842743,0,222.59782359004,0,0,0,0,0,0,0,0,0,22.2698741555214,3.36332651972771,0,3.70007857680321,21.9644097983837,0,63.672166839242,0,560.078788742423,0,232.975689724088,0,0.155506387352943,0,94.2770996540785,4.01588736474514,2527.14276200533,20.5886564552784,0,0.756880819797516,0,0,0,0,6.69370226562023,0,55.3227096647024,0,35.9840205609798,0,161.588157758117,0.986181527376175,0.285241335630417,25.3755804896355,0,4.11802005767822,0,149.465705171227,0,56.7540671825409,0,92.7846282124519,0,2.68745708465576,11.5239085257053,0,0.884211301803589,283.072490133345,1.85927304625511,7.51059794425964,0,380.446884050965,0.833306901156902,798.66793423146,0,0
0,0,15.6441253125668,0,49.9955766201019,0,0,0,0,0,0,0,0,0,104.911490738392,0,0.288192868232727,0,1.59294083714485,0,18.4450021386147,0,0,0,0,0,0,0,0,0,0,0,0,0,0,0,0,0,0,0,0.332081690430641,0.153553023934364,52.780456058681,0,1.70534643530846,0,42.8861698582768,0,6.90511552989483,0.756880819797516,0,0,1,0,17.5467258989811,0,80.9631605744362,0,2.3891995549202,0,15.3125303983688,0,0,123.907682597637,0,0,0,0,0,0,0,1.08159130811691,0,6.57092727720737,0,0,0,0,0,1.35606873035431,0,1.93034905195236,21.6349210888147,0,299.146336771548,0,0
0,0,0,121.131548166275,0,131.603572845459,0,0,0,0.454154521226883,0,0,0,0,0,0,0,0,0,0,0,0,0,0,0,0,0,0,0,0,0,0,0,0,0,0,0,0,0,0,0,0.738454803824425,0,0,0,0,0,0,0,0,0,0,0,0,0,0.348607897758484,0,105.203424423933,0,31.6559425592422,0,7.58225136995316,0,0,0,0,0,0,0,0,0,0,0,0,0,0,0,0,0,0,0,0,1.01368680596352,0,69.4513012468815,0,0
0,0,0,0,0,0,3.09025168418884,0,0,0,0.335993081331253,0,0,0,0,0,0,0,0,0,0,0,0,0,0,0,0,0,0,0,0,0,0,0,0,0,0,0,0,0,0,0,0,0,0,0,0,0,0,0,1,0,0,0,0,0,25.0377271473408,0,0,0,0,0,0,0,0,0,0,0,0,0,0,0,0,0,0,0,0,0,0,0,0,0,3.5815138220787,0,0,0,0
0,0,0,0,0,0,0,287.292886316776,0,0,0,7.3088464140892,0,0,0,0,0,0,0,2.93788285553455,0,0,0,0,0,0,0,0,0,0,0,0,0,0,0,0,0,0,0,0,0,0,0,0,0,0,0,0,0,0,0,0,0,0,0,0,0,171.527693450451,0,0,0,0,20.6703569740057,0,0,0,0,0,0,0,0,0,0,0,0,0,0,0,0,0,0,0,2.97924470901489,0,0,0,0
103.209434121847,0,62.1517681181431,0,1.09157037734985,0,0,0,626.292419582605,0,0,0,0,0,1.99432075023651,0,0,0,0,0,0,0,0,0,8.38124734163284,0,2.94987154006958,0,0,0,0,0,0,0,0,0,0,0,60.4893457964063,0,0,0,5.55248141288757,0,0,0,0,0,186.041014418006,0,17.5467258989811,0,0,0,0,0,1.09632515907288,0,0,0,185.885096028447,0,0,0.60979688167572,0,0,0,37.2569933533669,0,13.8234674632549,0,0,0,0.700169369578362,0,0,0,0,0,0,0,230.387440085411,371.748460710049,0,12.0492151379585,0,0
0,352.847811162472,0,69.4380567371845,0,4.01676309108734,0,0,0,678.395098060369,0,0,0,0,0,267.435421973467,0,2.91542220115662,0,0,0,0,0,2.96111245453358,0,0,0,0,0,0,0,0,0,0,0,0,0,29.6167997866869,0,0,0,6.44067518413067,0,0,0,0.522634670138359,0,0,0,6.69370226562023,0,0.348607897758484,0,0,0,0,0,0,0,4.63476899266243,0,337.441015571356,0,0,0,0,361.761310324073,0,0,0,0,0,0,0,0,0,0,0,0,0,87.9952056929469,0,52.4545290395617,0,49.2289853915572,0,0
1.59991747885942,0,39.1458151116967,0,2.06302672624588,0,170.074150294065,0,0.349822670221329,0,1589.57015263289,0,240.422899648547,0,0,0,18.0308404862881,2.41894146800041,59.9625849276781,0,18.5000481009483,0,0,0,0,0,0,0,3.60115599632263,0,25.790029168129,0,0,0,0,0,229.104426845908,0,586.884492903948,0,1.99906454980373,2.72019991278648,599.772278815508,0,3.95836865901947,0,180.629064068198,1.17776001989841,9.42891162633896,0,80.9631605744362,0,25.0377271473408,0,1.09632515907288,0,0,0,39.5031811594963,0,0,0,0,529.337563127279,0,0,0,0,0,0,0,339.053780511022,0,172.453084565699,0,0,0,0,0,117.837100669742,1.9347540140152,53.2318135052919,452.76565553993,0,905.177886903286,0,53.1301267668605
0,16.3743944764137,0,10.4370517283678,0,0.334436625242233,0,81.0102016478777,0,3.77711138129234,0,2224.21547821164,0,0,0,0,0,0,2.50485859811306,354.878824532032,0,0,0,0,0,0,0,0,0,38.3850003033876,0,0,0,0,0,5.05857315659523,0,120.759842723608,0,2.21403440833092,0,97.9067055583,0,0.202565357089043,0,3.20944144576788,0,0,0,55.3227096647024,0,105.203424423933,0,171.527693450451,0,0,0,0,0,256.096112862229,0,1.96240070462227,1430.48268847913,0,0,0,0,0,2.90570166707039,0,593.039288982749,0,561.887252882123,0,0,0,0,0,1.90837944298983,0,5.4045332595706,0,136.07346046716,0.413809522986412,408.459649220109,0,0
0,0,2.14343686401844,0,0,0,0,0,0,0,140.65406692028,0,581.386123627424,0,45.0047348737717,0,0,0,0,0,0,0,0,0,0,0,0,0,25.8154250383377,0,0,0,0,0,0,0,0,0,0,0,0,0,1.35810603201389,0,0,0,0,0,0.590433537960052,0,2.3891995549202,0,0,0,0,0,39.5031811594963,0,0,0,17.0867261886597,0,0,0,0,0,0,0,0,0,0,4.42229068279266,0,0.542212665081024,0,0,0,0,0,0,0,0.233110845088959,319.1896943748,129.903734147549,12.9995612353086,0,0
0,0,0,10.1202316880226,0,0,0,15.0971646308899,0,0,0,699.925193160772,0,788.622613012791,0,0,0,0,0,0,0,0,0,0,0,0,0,27.6862924098969,0,74.2842010259628,0,0,0,0,0,0,0,0,0,0,0,0,0,0,0,0,0,0,0,35.9840205609798,0,31.6559425592422,0,0,0,4.63476899266243,0,256.096112862229,0,0,0,16.5346195995808,0,0,0,0,0,0,15.3368730843067,0,121.129999086261,0,1.9733776897192,0,0,0,0,0,0,0,0,0,41.8418589830399,34.1291785240173,4.3213395178318,0,0
20.3381539732218,0,0,0,60.0137180089951,0,0,0,508.4498501122,0,0,0,4.42835187911987,0,190.697580754757,0,12.2890183031559,0,0,0,0,0,0,0,1.8387690782547,0,6.64693689346313,0,11.3927549123764,0,0,0,0,0,0,0,0,0,0,0,0,0,0,0,0,0,0,0,45.5893492996693,0,15.3125303983688,0,0,0,185.885096028447,0,0,0,17.0867261886597,0,0,0,0,0,0,0,0,0.899934530258179,0,0,0,0,0,0,0,0,0,0,0,0,0,0,103.139851927757,0,0,0,0
0,21.797799795866,0,29.8234023749828,0,17.8063960075378,0,0,0,630.550531327724,0,0,0,273.615154564381,0,237.388658434153,0,0,0,0,0,0,0,0,0,47.662761002779,0,5.04562556743622,0,0,0,0,0,0,0,0,0,0,0,0,0,0.354312896728516,0,0,0,0,0,0,0,161.588157758117,0,7.58225136995316,0,0,0,337.441015571356,0,1.96240070462227,0,16.5346195995808,0,0,0,0,0,0,0.81714428961277,0,72.3080952763557,0,27.0136766731739,0,0,0,0,0,0,0,0,0,0.277119815349579,0,353.900936126709,6.59556794166565,83.8972387909889,0,0
0,0.176994070410728,0,1.39849662035704,0,0,0,8.40525475144386,0,0,0,11.2766240090132,0,0,0,0,0.491364300251007,3.68785800039768,85.5209169685841,1257.19141352177,0,0,0,0,0,0,0,0,0,0,0,0,0,0,0,494.378281712532,0,177.490310445428,0,65.0532997697592,0,36.0257886052132,0,6.23487336933613,0,958.317785166204,1.90315708518028,0,0,0.986181527376175,0,0,0,20.6703569740057,0,0,0,1430.48268847913,0,0,0,0,0,0,0,0,0,0,0,0,0,0,11.9485423341393,0,0,0,0,0,239.747709855437,0,521.192418478429,0,191.747272983193,0,881.609420910478,0.924682080745697,0
0,0,3.13314920663834,0,113.348505973816,0,0,0,0,0,53.6175839304924,0,0,0,0,0,0.60450404882431,0.313228592276573,3.00778847932816,0,319.078887596726,0,0,0,0,0,0,0,0,0,0,0,0,0,0,0,963.787043683231,0,46.3638117164373,0,205.126841723919,1.72082585096359,179.725994348526,0,0.52578741312027,0,1273.95109438896,3.13340131938457,1.60928419232368,0.285241335630417,123.907682597637,0,0,0,0.60979688167572,0,529.337563127279,0,0,0,0,0,0,0,0,0,0,0,0,0,0,15.742725327611,0,164.290260627866,0,0,0,0,0,1042.98789024353,0,443.653600163758,40.120581112802,6.17585325241089,781.138177677989,0,12.0859667956829
0,0,0,0,0,0,0,0,0,0,0,0,0,0,0,0,0,31.2081331014633,0,0,0,11265.3116840124,140.10368180275,102.197656571865,0,15.5069887638092,0,234.701220646501,0,0,0,0,0,0,0,0,0,436.073234282434,0,0,0,0,0,0,0,0,0,4.03402645885944,0,25.3755804896355,0,0,0,0,0,0,0,0,0,0,0,0,0,0,0,39.2889881134033,198.461102634668,0,46.921431094408,0,547.493823498487,0,0,0,0,0,0,0,0,0,302.774703711271,0,783.62644430995,154.215563386679,0,0,0
0,0,0,0,0,0,0,0,0,0,0,0,0,0,0,0,61.9752731174231,0,0,0,0,103.352204322815,11977.4472825527,0,193.231273561716,0,39.6704369932413,0,20.0394925475121,0,0,0,0,0,0,0,0,0,260.328442335129,0,0,0,0,0,0,0,0,0,344.013244494796,0,0,0,0,0,0,0,0,0,0,0,0,0,0,0,39.2889881134033,0,0,278.709483921528,0,83.5641814023256,0,166.013518735766,0,0,0,0,0,0,0,0,0,107.75813536346,807.957269653678,31.4194230735302,0,0,0
0,0,0,0.426514357328415,0,0,0,0,0,29.610148742795,0,0,0,0,0,0,0,26.1282326579094,0,0,0,95.0933504402637,0,877.02035023272,0,35.9686103016138,0,0,0,0,0,0,0,0,0,0,0,452.742606297135,0,0.22011986374855,0,0.542043685913086,0,0,0,0,0,2.7465443611145,0,4.11802005767822,0,0,0,0,0,361.761310324073,0,0,0,0,0,0.81714428961277,0,0,198.461102634668,0,0,0,74.2933869659901,0,0,0,0,0,0,0,0,0,0.604952096939087,0,447.224805474281,0,156.828067094088,0,5.15138411521912,0,0
0,0,0,0,0,0,0,0,23.3051891326904,0,0,0,0,0,0,0,0,0,0,0,0,0,42.5872265845537,0,940.161463901401,0,5.50823441147804,0,0,0,0,0,0,0,0,0,0,0,568.763335220516,0,0,0,0,0,0,0,0,0,178.336222037673,0,0,0,0,0,37.2569933533669,0,0,0,0,0,0.899934530258179,0,0,0,0,278.709483921528,0,0,0,307.213760137558,0,0,0,0,0,0,0,0,0,0,0,889.629882305861,10.9135176241398,0,89.9463250637054,0,0
0,0,0,0,0,0,0,0,0,57.8370641469955,0,0,0,0,0,6.95954263210297,0,20.9931932091713,0,0,0,53.4258163571358,0,727.075774550438,0,907.013315469027,0,191.602254867554,0,0,0,0,0,0,0,0,0,0,0,0,0,0,0,0,0,0,0,0,0,149.465705171227,0,0,0,0,0,0,0,2.90570166707039,0,15.3368730843067,0,72.3080952763557,0,0,46.921431094408,0,74.2933869659901,0,0,0,230.616583004594,0,0,0,0,0,0,0,0,0,0,0,345.707111164927,0,1.76428458094597,0,0
0,0,0.251637697219849,0,0,0,0,0,29.198031693697,0,0,0,0,0,0,0,121.556490749121,0.443348243832588,2.0861394405365,0,0,0,154.269854724407,0,603.999582499266,0,478.653507500887,0,43.8585939407349,0,0,0,0,0,0,0,0,0,0.719640299677849,0,0,0,0.730909079313278,0,0,0,0,0,13.1548569947481,0,0,0,0,0,13.8234674632549,0,0,0,0,0,0,0,0,0,0,83.5641814023256,0,307.213760137558,0,0,0,337.411211594939,0,0,0,0,0,0,0,0,0,0.280127167701721,98.2785323262215,0,1.09748512506485,0,0
0,31.5639547258615,0,0.323192358016968,0,0,0,0,0,0.930430114269257,0,6.60376425087452,0,0,0,0,0,0,1.34778819978237,0,0,258.188531652093,0,3.40648519992828,0,0,0,3066.42626288533,0,373.559113204479,0,0,0,0,0,0,0,1.46411401033401,0,0,0,27.0231360942125,0,0,0,0.737209156155586,0,0,0,56.7540671825409,0,0,0,0,0,0,0,593.039288982749,0,121.129999086261,0,27.0136766731739,0,0,547.493823498487,0,0,0,230.616583004594,0,0,0,249.336699336767,0,0,0,0,0,0.259249269962311,0,18.4522965699434,0,298.975527718663,245.828482270241,147.885753586888,0,0
0.683749333024025,0,3.80550591647625,0,0,0,0,0,0,0,317.03243932128,0,16.0485098361969,0,0,0,7.51869770884514,1.59931153059006,11.9074380248785,0,0,0,74.9957700967789,0,0,0,128.111427754164,0,1832.96522018313,0,203.102305114269,0,0,0,0,0,0,0,23.815391510725,0,0,0.20936119556427,257.206042185426,0,0,0,1.99563528597355,0,25.0924823582172,0,1.08159130811691,0,0,0,0,0,339.053780511022,0,4.42229068279266,0,0,0,0,15.742725327611,0,166.013518735766,0,0,0,337.411211594939,0,0,0,160.813002943993,0,0,0,0,0,0,0,317.07070235908,204.37054400146,11.1787738800049,96.1500548347831,0,23.0755999684334
0,10.5873958021402,0,35.2127689272165,0,0.416007846593857,0,0,0,44.6425181031227,0,117.469929307699,0,0,0,0,1.10404682159424,6.79048708081245,89.5384210497141,30.6701381355524,0,0,0,0.34424701333046,0,0,0,21.1079317927361,0,1842.07509498298,0,0,0,0,0,0.849344298243523,0,484.571769028902,0,4.96314512193203,0,427.667858608067,0.743546068668365,6.72334608435631,0,63.2670949026942,1.00185599923134,0,0,92.7846282124519,0,0,0,0,0,0,0,561.887252882123,0,1.9733776897192,0,0,11.9485423341393,0,0,0,0,0,0,0,249.336699336767,0,0,0,0,0,0,0,36.923689968884,0,189.129203364253,0.863652408123016,475.783357746899,1.49873651564121,942.52589340508,1.35646395385265,0
3.70313581824303,0,16.670254945755,0,1.59266972541809,0,0,0,1.27275171875954,0,15.593711823225,0,0,0,0,0,42.7124394327402,6.83236162364483,135.421652592719,0,7.34821826219559,0,0,0,0,0,0.358746975660324,0,0,0,115.437467545271,0,0,0,0,0,0,0,108.992214977741,0,6.87074282765388,3.18977479636669,785.723332338035,0,3.73394227027893,0.686635553836823,140.963997095823,0,34.8629028052092,0,6.57092727720737,0,0,0,0.700169369578362,0,172.453084565699,0,0.542212665081024,0,0,0,0,164.290260627866,0,0,0,0,0,0,0,160.813002943993,0,0,0,0,0,0,1.18043673038483,7.13696529716253,1.39095725119114,583.564605221152,135.403093628585,0,606.087085314095,0.121763430535793,138.393832176924
0,0,0,0,0,0,0,0,0,0,0,0,0,0,0,0,0,0,0,0,0,0,0,0,0,0,0,0,0,0,0,1243.50224936008,335.784474283457,5.84042644500732,45.9974188804626,755.3057218045,0,0,0,0,0,0,0,0,0,0,0,182.705647855997,7.73483073711395,2.68745708465576,0,0,0,0,0,0,0,0,0,0,0,0,0,0,0,0,0,0,0,0,0,0,0,0,0,0,6.31465435028076,0,80.5180625319481,3.29873740673065,0,0,315.867310225964,0,0,0,0
0,0,0,0,0,0,0,0,0,0,0,0,0,0,0,0,0,0,0,0,0,0,0,0,0,0,0,0,0,0,0,5.15408113598824,666.369025915861,0,172.700505718589,0,583.912894025445,0,0,0,0,0,0,0,0,0,0,2453.80267365277,29.1697883307934,11.5239085257053,0,0,0,0,0,0,0,0,0,0,0,0,0,0,0,0,0,0,0,0,0,0,0,0,0,0,0,524.280356541276,0,647.499489232898,0,0,190.851737856865,0,0,0,0
0,0,0,0,0,0,0,0,0,0,0,0,0,0,0,0,0,0,0,0,0,0,0,0,0,0,0,0,0,0,0,21.7898178100586,0,1154.03542324901,1245.10843192041,361.610644459724,0,267.556563571095,12.7227118015289,0,0,0,0,0,0,0,0,57.2779605537653,0,0,0,0,0,0,0,0,0,0,0,0,0,0,0,0,0,0,0,0,0,0,0,0,0,0,6.31465435028076,0,0,4.43424046039581,184.438915759325,0,284.202589660883,0.459506452083588,300.59054428339,0,0,0,0
0,0,0,0,0,0,0,0,0,0,0,0,0,0,0,0,0,0,0,0,0,0,0,0,0,0,0,0,0,0,0,1.52534735202789,26.2294757515192,76.0059446692467,1767.91736528277,0,702.334354296327,2.3312566280365,98.8349575549364,0,0,0,0,0,0,0,0,284.229131698608,5.12232863903046,0.884211301803589,0,0,0,0,0,0,0,0,0,0,0,0,0,0,0,0,0,0,0,0,0,0,0,0,0,524.280356541276,4.43424046039581,0,0,872.750992372632,0,1427.29635053873,240.467109113932,0,0,0,0
0,1.12925355881453,0,3.01544813066721,0,0.128930628299713,0,0,0,0.670472830533981,0,0,0,0,0,0,34.7021437808871,69.1568544134498,882.53556279093,115.650724679232,0,0.106231912970543,0,0.222382828593254,0,0,0,0,0,0,0,359.983830779791,0,130.372894749045,0,15769.1869011819,23.9786559343338,226.011842928827,0,432.657314524055,1.60234612226486,1032.25793753564,6.53043194115162,71.1918591409922,0.378305375576019,296.10388815403,5.90406620502472,166.61075566709,0,283.072490133345,0,0,0,0,0,0,0,1.90837944298983,0,0,0,0,239.747709855437,0,0,0,0.604952096939087,0,0,0,0.259249269962311,0,36.923689968884,1.18043673038483,80.5180625319481,0,184.438915759325,0,0,4.92910511046648,999.19029583782,0.231095552444458,642.40839716047,1.17779582738876,960.279192917049,52.0762979835272,3.98220533132553
