0,0,200.620896100998,0.128655597567558,11.7666374444962,0,0,0,433.837759777904,0,0,0,0,0,19.5709965229034,0,10.5374708920717,3.21437251567841,67.2025108486414,0,0,0,0,0,0,0,0,0,0,0,0,0,0,0,0,0,0,0,0,1.60798424482346,22.4718531966209,0.612264513969421,52.5701567232609,0,0,0,15.078194335103,0,29.6245660334826,0.176069319248199,0,0,0,0,363.090237304568,0,56.0676979422569,0,75.507082760334,0,128.26580697298,0,0,15.1884816884995,0,0,0,0,0,0,0,1.12238729000092,0,1.98785844445229,0,0,0,0,0.8481115847826,78.3274603188038,0,0.372966974973679,156.31144669652,13.3864494562149,506.419985234737,0,10.1506003290415
0,0,0,58.928323790431,0,0,0,0,0,51.1280806213617,0,0,0,0,0,0,0,0,25.1716637015343,0,0,0,0,0,0,0,0,0,0,0,0,0,0,0,0,0,0,0,0,0.217493370175362,0,67.9764909148216,0,0,0,0,0,0,0,81.3096193671227,0,0,0,0,0,263.01149469614,0,0,0,0,0,0,0.32619234919548,0,0,0,0,0,0,0,0,0,0,0,0,0,0,0,13.6055787205696,0,0,0,103.38332413137,0,277.377760574222,3.35026949644089,0
200.620896100998,0,0,7.79570090025663,0,1.80968284606934,0,0,102.026733696461,0,0,0,0,0,0,0,0,0,1.19731922447681,0,0.99080890417099,0,0,0,0,0,0,0,0,0,0,0,0,0,0,0,0.584223017096519,0,0,0,24.0096879377961,2.48535123467445,203.460396334529,0,0,0,35.1239204257727,0.538396835327148,69.6954726576805,0.345016092061996,131.258221328259,2.38355070352554,0,0,127.881643727422,0.219767764210701,78.4209633767605,0,9.40136897563934,0,0,0,0,7.62300023436546,0,0,0,0,0,0,0,0,0,7.60220877826214,0,0,0,0,0,14.7610264569521,0,0.176369726657867,110.590398833156,3.16388842463493,733.706488780677,0,43.1363493651152
0.128655597567558,58.928323790431,7.79570090025663,0,1.82046347856522,18.0543661415577,0,0,0,194.481733083725,0.152456149458885,0,0,0,0,0,0.982257202267647,1.4044922888279,36.8575807064772,23.106715798378,0,0,0,0,0,0,0,0,0,0,0,0,0,0,0,0,0,0,0,89.7948008328676,0.135718122124672,229.142082810402,3.44254715740681,0,0,21.5676568225026,0.155086487531662,8.79641585797071,6.90201453864574,113.551263898611,7.00025662779808,189.078563041985,0,0,0,381.728430107236,1.66371822357178,91.8647204935551,0,18.6404065042734,0,120.952780455351,7.42636191099882,0,0,0,0,0,0,0,0,0,0,0,0,0,0,0,40.1241796389222,0.330610424280167,2.01975202560425,0,195.463476650417,0.647980928421021,856.980554863811,24.4628764539957,0.144059956073761
11.7666374444962,0,0,1.82046347856522,0,0,0,0,91.3869349360466,0,0.600954845547676,0,0,0,5.48063564300537,0,0,0,0,0,200.641042649746,0,0,0,0,0,0,0,0,0,0,0,0,0,0,0,12.365114659071,0,0,0,16.0329662710428,4.71384219825268,9.17584279924631,0,0,1.24823832511902,0,0,63.2757364287972,0,314.540967315435,0,0,0,58.5525614023209,0,1.35989856719971,0,0,0,2,0,0,4.72684474289417,0,0,0,0,0,0,0,0,0,0.980862438678741,0,0,0,0,0,10.2357433438301,0,0,528.898702442646,116.980555295944,358.182026490569,0,2.57839465141296
0,0,1.80968284606934,18.0543661415577,0,0,0,51.6499983519316,0,0,0,0.179478347301483,0,0,0,0,0,0,0.316366091370583,194.953576430678,0,0,0,0,0,0,0,0,0,0,0,0,0,0,0,3.54136496782303,0,0,0,8.98161564767361,0,17.173607006669,0.269392818212509,0,0,0.15990923345089,0,0.555372282862663,0.444372355937958,7.65869171917439,0,123.613534942269,0,3.59999732673168,0,0,0,0.353334113955498,0,0,0,0,32.6473219841719,0,0,0,0,0,0,0,0,0,0,0,0,0,0,0,35.5175910890102,0,0,0,61.0775549337268,108.809598445892,361.307287342846,0.291472405195236,0.554751455783844
0,0,0,0,0,0,0,0,0,0,47.7974793314934,0,2.34327268600464,0,0,0,0,0,0,0,113.348351299763,0,0,0,0,0,0,0,0,0,0,0,0,0,0,0,0,0,0,0,0,0,0,0,0,0,0,0,0,0,0,0,185.536753237247,0,0,0,1.6667640209198,0,147.372885048389,0,0,0,0,0,0,0,0,0,0,0,0,0,0,0,0,0,0,0,0,0,0,0,72.6667985916138,0,0,0,0
0,0,0,0,0,51.6499983519316,0,0,0,0,0,44.489035025239,0,1,0,0,0,0,0,6.18064725399017,0,0,0,0,0,0,0,0,0,0,0,0,0,0,0,0,0,0,0,0,0,0,0,0,0,0,0,0,0,0,0,80.8917152285576,0,110.490379810333,0,0,0,10.6078594923019,0,1,0,0,26.0203211158514,0,0,0,0,0,0,0,0,0,0,0,0,0,0,0,0,0,0,0,13.0538492202759,0,0,0,0
433.837759777904,0,102.026733696461,0,91.3869349360466,0,0,0,0,0,0,0,0,0,810.464348942041,0,357.257546387613,40.9881306290627,13.4303973317146,0,0,0,7.9609954059124,0,10.1497767567635,0,27.967238754034,0,0,0,0,0,0,0,0,0,0,0,106.003901556134,0,0.285011500120163,0,56.260055154562,0,0,0,0.184794813394547,0.621588110923767,0.631642401218414,0,0,0,0,0,1648.39699038863,0,0,0,0,0,238.909428656101,0,0,0,0,0,0,28.400077521801,0,10.5134371519089,0,0,0,0,0,0,0,0,0,2.27136313915253,0,20.7257459759712,1106.70602078736,70.3278080821037,306.422399684787,0,0.738817512989044
0,51.1280806213617,0,194.481733083725,0,0,0,0,0,0,0,0,0,0,0,56.354220867157,0,0,7.45899465680122,0,0,0,0,1.74421447515488,0,0,0,0,0,0,0,0,0,0,0,0,0,183.165669813752,0,0,0,0.217062219977379,0,0,0,0,0,2.55851289629936,0,12.65659250319,0,0,0,0,0,574.524463802576,0,0,0,0,0,0,0,0,0,0,15.2081559747458,0,0,0,0,0,0,0,0,0,0.77642297744751,0,0,0,87.4280579984188,0,704.496936827898,257.878179013729,126.367184698582,23.1543401479721,0
0,0,0,0.152456149458885,0.600954845547676,0,47.7974793314934,0,0,0,0,0,689.556608498096,0,0,0,0,0,0,0,286.424918055534,0,0,0,0,0,0,0,0,0,0,0,0,0,0,0,789.655659854412,0,587.273673146963,0.172676131129265,1.6359639018774,0,0,0,0,0,0,0.237806260585785,4.83669580519199,0,3.10198658704758,0,21.5817618370056,0,0,0,1293.61417126656,0,370.782534480095,0,0,0,0,27.8280554413795,0,0,0,0,0,0,0,0,0,0,0,0,0,0,0,32.8415416330099,0,232.343140989542,203.904954075813,0,8.33367884904146,0,0
0,0,0,0,0,0.179478347301483,0,44.489035025239,0,0,0,0,0,814.240693151951,0,0,0,0,0,549.613096892834,0,0,0,0,0,0,0,84.9629244804382,0,4.63458013534546,0,0,0,0,0,1466.97274771333,0,410.578172624111,0,0,0,0,0,0,0,0,0,0,0,0,0,0.381000757217407,0,33.0351216048002,0,0,0,2050.09987209737,0,6.37794363498688,0,0,313.527792572975,0,0,0,0,0,0,0,12.5680425167084,0,0,0,0,0,0,0,250.853622317314,0,59.0488613247871,0,158.288845449686,0,36.1626241803169,0,0
0,0,0,0,0,0,2.34327268600464,0,0,0,689.556608498096,0,0,0,63.0258243083954,0,0,0,0,0,0,0,0,0,0,0,11.601535320282,0,49.6437592506409,0,0,0,0,0,0,0,0,0,0,0,0,0,0,0,0,0,0,0,0,0,0,0,0,0,0,0,163.642044782639,0,268.639498323202,0,0,0,0,0,0,0,0,0,0,0,0,0,0,0,0,0,0,0,0,0,0,0,159.575344443321,102.618839263916,0,0,0
0,0,0,0,0,0,0,1,0,0,0,814.240693151951,0,0,0,53.113609880209,0,0,0,0,0,0,0,0,0,0,0,8.43255150318146,0,0,0,0,0,0,0,0,0,0,0,0,0,0,0,0,0,0,0,0,0,0,0,12.2993221282959,0,0,0,0,0,243.876546382904,0,723.290788292885,0,18.4939661622047,0,0,0,0,0,0,0,0,92.5518455505371,0,0,0,0,0,0,0,0,0,0,0,130.510030835867,187.13278055191,0,0,0
19.5709965229034,0,0,0,5.48063564300537,0,0,0,810.464348942041,0,0,0,63.0258243083954,0,0,0,256.971064060926,14.3204645365477,4.35289573669434,0,0,0,0.7291589230299,0,0.21525651216507,0,28.2055835127831,0,1.82423484325409,0,0,0,0,0,0,0,0,0,0,0,0,0,1.18847095966339,0,0,0,0,0,0,0,0,0,0,0,250.890082985163,0,0,0,93.1665551662445,0,212.124131083488,0,0,0,0,0,0,0,0,68.2499607801437,0,0,0,0,0,0,0,0,0,0,0,0,553.095783956349,314.542523622513,0,0,0
0,0,0,0,0,0,0,0,0,56.354220867157,0,0,0,53.113609880209,0,0,3.94802176952362,99.9587830007076,2.4106151163578,0,0,0,0,0,0,0,0,0,0,0,0,0,0,0,0,0,0,0,0,0,0,0,0,0,0,0,0,0,0,0,0,3.10435879230499,0,0,0,43.7088150978088,0,0,0,32.2007823288441,0,29.0364398956299,0,0,0,0,0,0,5.12807822227478,0,0,0,0,0,0,0,0,0,0,0,0,0,166.443686723709,241.095472335815,0,0,0
10.5374708920717,0,0,0.982257202267647,0,0,0,0,357.257546387613,0,0,0,0,0,256.971064060926,3.94802176952362,0,11735.6371575519,5649.49355395883,0,0,0,697.085396617651,1.20755136013031,26.467460334301,5.34642814099789,877.803995892406,0,0,0,0,0,0,0,0,0,0,0,0.622297614812851,147.131242632866,126.412145122886,27.0932120978832,60.3529929593205,0,0,0,135.15343092382,0,2.97302357852459,1.36668157577515,0.115881353616714,0.198481202125549,0,0,4.28873819112778,0,4.73817224800587,0,0,0,15.6021137982607,0,6.91039088368416,46.9229517877102,0,266.494698405266,0,0.649701148271561,0,184.918278425932,0,0,0,1.45585797727108,0,0,0,0,147.832883089781,152.503951512277,0.532349348068237,4.08404137194157,13579.2037830949,1362.89668421447,248.227194912732,0.556485831737518,38.1791040599346
3.21437251567841,0,0,1.4044922888279,0,0,0,0,40.9881306290627,0,0,0,0,0,14.3204645365477,99.9587830007076,11735.6371575519,0,5091.84237595648,0,0,13.7610112130642,25.0405558347702,26.7443642616272,0,672.792472854257,8.32909715175629,0,0,0,0,0,0,0,0,0,0,0,0,132.403372213244,28.1926959604025,32.3715009316802,20.2987307533622,0,0,0,40.2779330611229,1.38086174428463,0.166786894202232,0.70961782336235,0,0.229166492819786,0,0,0,29.0018095374107,0.99542909860611,0,0,0,4.20521903038025,0,9.57107676565647,13.1546060442924,7.22691106796265,9.00841283798218,24.0738693922758,0,66.3943673670292,0,0,0,0,0,0,0,0,0,125.400039531291,25.4622679799795,0.184345796704292,0,12715.8495224267,1602.45255852491,108.141049817204,0.323137491941452,9.19344528019428
67.2025108486414,25.1716637015343,1.19731922447681,36.8575807064772,0,0.316366091370583,0,0,13.4303973317146,7.45899465680122,0,0,0,0,4.35289573669434,2.4106151163578,5649.49355395883,5091.84237595648,0,0,0,0,8.79902376234531,0.746979542076588,0,4.61083559691906,13.5029511749744,0,0,0,0,0,0,0,0,0.698098450899124,2.40808892250061,0,0,1714.10803495347,546.403374403715,838.831653542817,427.04810141027,11.8919389843941,0,1.18557569384575,889.558354146779,1.67767988890409,21.3786524385214,23.8926556631923,0,1.18263219296932,0,0,0,9.44242417812347,26.7181767076254,2.57484844326973,0,0,0,0,67.3147031664848,246.359270825982,0,4.24250054359436,0,0,0,0.727507710456848,0,0,0,4.73996658623219,0,0,0,0,2008.97873999178,945.702209442854,23.9001432955265,0.417435109615326,7542.25751926005,10.8247480392456,3376.26383391768,244.110899955034,274.565649688244
0,0,0,23.106715798378,0,194.953576430678,0,6.18064725399017,0,0,0,549.613096892834,0,0,0,0,0,0,0,0,0,0,0,0,0,0,0,0,0,0,0,0,0,0,0,767.752061903477,0,26.8661251068115,0,1.13399544358253,0,0.584415107965469,0,0,0,2.31201541423798,0,0.918212443590164,1.44865036010742,8.0065615773201,1.36865031719208,8.69445648789406,0,0.985940754413605,0,0,0,5.14691066741943,0,0,0,0,1203.71793879569,0,0,0,0,0,0,0,0,0,0,0,0,0,0,0,430.9733158499,0,0,0,58.1383880078793,0,111.119817718863,0,0
0,0,0.99080890417099,0,200.641042649746,0,113.348351299763,0,0,0,286.424918055534,0,0,0,0,0,0,0,0,0,0,0,0,0,0,0,0,0,0,0,0,0,0,0,0,0,792.930249214172,0,38.501175224781,0,3.44405275583267,0,0,0,0,0,1.01760721206665,0,18.3535382002592,0,6.3355253636837,0,20.8476591706276,0,0,0,23.0919589102268,0,0,0,0,0,0,767.164296165109,0,0,0,0,0,0,0,0,0,0,0,0,0,0,0,855.562705174088,0,0,285.728735089302,0,58.3753130435944,0,0
0,0,0,0,0,0,0,0,0,0,0,0,0,0,0,0,0,13.7610112130642,0,0,0,0,1023.97655665874,85.6496122479439,0,0,0,59.0896692276001,0,0,0,0,0,0,0,0,0,1318.45845425129,0,0,0,0,0,0,0,0,0,0,0,256.077702790499,0,0,0,0,0,0,0,0,0,0,0,0,0,0,5989.88594513386,3,84.3308324068785,0,10.9930658340454,0,86.7786636352539,0,0,0,0,0,0.283013731241226,0,0,0,575.827595576644,49.7983026504517,1044.72088968754,22.6331944465637,0,0,0
0,0,0,0,0,0,0,0,7.9609954059124,0,0,0,0,0,0.7291589230299,0,697.085396617651,25.0405558347702,8.79902376234531,0,0,1023.97655665874,0,0,63.1465933471918,0,49.7178245782852,0,0,0,0,0,0,0,0,0,0,71.5781071186066,2787.94831728935,0,0,0,0,0,0,0,0,0,16.846836283803,0,0,0,0,0,0,0,0,0,0,0,0,0,0,0.88301545381546,24.0911626219749,6253.85970467329,0,63.4381030201912,0,19.2842396944761,0,0.170511111617088,0,0,0,0,0,0,0,0,0,521.712853178382,1038.25722433627,65.7196514010429,0.624573349952698,0,0
0,0,0,0,0,0,0,0,0,1.74421447515488,0,0,0,0,0,0,1.20755136013031,26.7443642616272,0.746979542076588,0,0,85.6496122479439,0,0,0,30.0810134410858,0,0,0,0,0,0,0,0,0,0,0,243.51788084209,0,0,0,0,0,0,0,0,0,0,0,1.7645722925663,0,0,0,0,0,2.6663546860218,0,0,0,0,0,0,0,0,10.4240093231201,0,251.595739655197,0,11.5071447193623,0,0,0,0,0,0,0,0,0,0,0,136.223584651947,0,193.087308987975,0.360989332199097,79.3947691768408,0,0
0,0,0,0,0,0,0,0,10.1497767567635,0,0,0,0,0,0.21525651216507,0,26.467460334301,0,0,0,0,0,63.1465933471918,0,0,0,256.002202659845,0,0,0,0,0,0,0,0,0,0,0,540.334773674607,0,0,0,12.050448089838,0,0,0,0,0.854421555995941,1.56187763810158,0,0,0,0,0,18.8820416033268,0,0,0,0,0,0,0,0,0,0,5.15678143501282,0,671.393497854471,0,243.86599072814,0,0,0,0,0,0,0,0,0,0,0,114.810283988714,325.143998131156,0,29.387748003006,0,0
0,0,0,0,0,0,0,0,0,0,0,0,0,0,0,0,5.34642814099789,672.792472854257,4.61083559691906,0,0,0,0,30.0810134410858,0,0,0,0,0,0,0,0,0,0,0,0,0,0,0,0,0,0,0.825801372528076,0,0,0,0,0,0,0,0,0,0,0,0,0,0,0,0,0,0,0,0,0,43.3017480373383,0,86.1057019382715,0,574.471544623375,0,0,0,0,0,0,0,0,0,0.353974789381027,0,0,0,97.7639567255974,0,0.49494481086731,0,0
0,0,0,0,0,0,0,0,27.967238754034,0,0,0,11.601535320282,0,28.2055835127831,0,877.803995892406,8.32909715175629,13.5029511749744,0,0,0,49.7178245782852,0,256.002202659845,0,0,0,32.9897575378418,0,0,0,0,0,0,0,0,0,0,1.56801187992096,0,0,0.313713401556015,0,0,0,0.33795154094696,0,0,0,0,0,0,0,113.908452600241,0,0,0,0,0,2.78683996200562,0,0,3.12924265861511,0,16.7123947143555,0,12.971058011055,0,864.559906721115,0,0,0,0,0,0,0,0,0,0,0,0,370.708613932133,1.95297765731812,0,0,0
0,0,0,0,0,0,0,0,0,0,0,84.9629244804382,0,8.43255150318146,0,0,0,0,0,0,0,59.0896692276001,0,0,0,0,0,0,0,534.854089856148,0,0,0,0,0,0,0,20.2281234264374,0,0,0,0,0,0,0,0,0,0,0,0,0,0,0,0,0,0,0,0,0,0,0,0,0,0,0,0,0,0,1,0,558.250020861626,0,11.0332093238831,0,0,0,0,0,0,0,247.428080916405,0,19.8629031181335,5.74544715881348,0,0,0
0,0,0,0,0,0,0,0,0,0,0,0,49.6437592506409,0,1.82423484325409,0,0,0,0,0,0,0,0,0,0,0,32.9897575378418,0,0,0,588.7679297328,0,0,0,0,0,0,0,0,0,0,0,0,0,0,0,0,0,0,0,0,0,0,0,0,0,0,0,18.8743991851807,0,0,0,0,0,0,0,0,0,0,16.5847864151001,0,443.488438308239,0,169.783820152283,0,0,0,0,0,0,0,0,142.008764266968,0,0,0,0
0,0,0,0,0,0,0,0,0,0,0,4.63458013534546,0,0,0,0,0,0,0,0,0,0,0,0,0,0,0,534.854089856148,0,0,0,0,0,0,0,0,0,11.3118977546692,0,0,0,0,0,0,0,0,0,0,0,0,0,0,0,0,0,0,0,190.76824593544,0,0,0,0,0,0,0,0,0,0,0,0,45.2374602556229,0,195.950711816549,0,0,0,0,0,0,0,8.15077936649323,0,0,0,0,0,0
0,0,0,0,0,0,0,0,0,0,0,0,0,0,0,0,0,0,0,0,0,0,0,0,0,0,0,0,588.7679297328,0,0,0,0,0,0,0,0,0,346.313094139099,0,0,0,0,0,0,0,0,0,0,0,0,0,0,0,0,0,112.817262947559,0,0,0,0,0,0,0,0,0,0,0,0,0,0,45.8154239654541,0,71.6451548039913,0,0,0,0,0,0,0,0,2.66101574897766,0,0,0,0
0,0,0,0,0,0,0,0,0,0,0,0,0,0,0,0,0,0,0,0,0,0,0,0,0,0,0,0,0,0,0,0,104.934900522232,60.4005205631256,0,41.8016210794449,0,0,0,0,0,0,0,0,0,0,0,2301.50704473257,0.914310663938522,0,0,0,0,0,0,0,0,0,0,0,0,0,0,0,0,0,0,0,0,0,0,0,0,0,1237.43840375543,8.68973314762115,5.22745576500893,0,637.964919805527,1.67820629477501,0,0,13.4958507269621,0,0,0,0
0,0,0,0,0,0,0,0,0,0,0,0,0,0,0,0,0,0,0,0,0,0,0,0,0,0,0,0,0,0,0,104.934900522232,0,2.55238121747971,0,0,386.654051423073,0,0,0,1.12641727924347,0,0,0,0,0,0,775.050172954798,0,0.989612251520157,0,0,0,0,0,0,0,0,0,0,0,0,0,0,0,0,0,0,0,0,0,0,0,0,4.22682285308838,1138.50723923743,0,14.6771704852581,1,316.23299574852,0,0,0,0,0,0,0
0,0,0,0,0,0,0,0,0,0,0,0,0,0,0,0,0,0,0,0,0,0,0,0,0,0,0,0,0,0,0,60.4005205631256,2.55238121747971,0,1589.03753465414,410.977704584599,0,193.127551183105,43.4608731269836,0.661552608013153,0,0,0,0,0,0,0,591.833726257086,0,106.770543366671,0,0,0,0,0,0,0,0,0,0,0,0,0,0,0,0,0,0,0,0,0,0,0,0,16.107995390892,5,1495.37264207006,1521.07024922967,332.363256752491,7.44370245933533,604.305485442281,0,175.673607081175,15.0480899214745,1.12374949455261,0,0
0,0,0,0,0,0,0,0,0,0,0,0,0,0,0,0,0,0,0,0,0,0,0,0,0,0,0,0,0,0,0,0,0,1589.03753465414,0,0,354.53446495533,15.3203727006912,480.288684561849,0,0,0,0,0,0,0,0,1136.82880973816,0,0.468951404094696,0,0,0,0,0,0,0,0,0,0,0,0,0,0,0,0,0,0,0,0,0,0,0,0,0,20.9617040753365,60.3985313177109,2021.84802062809,0.532375574111938,291.754536181688,0,22.2776280045509,226.483280286193,4.75034081935883,0.461323082447052,0,0
0,0,0,0,0,3.54136496782303,0,0,0,0,0,1466.97274771333,0,0,0,0,0,0,0.698098450899124,767.752061903477,0,0,0,0,0,0,0,0,0,0,0,41.8016210794449,0,410.977704584599,0,0,1046.72543513775,1624.17670932412,74.9156677126884,0.400842234492302,0,2.33222182095051,0,0,0,74.6470132395625,0,341.088170170784,0.328418016433716,1.39551103115082,0,0,0,0,0,0,0,37.989141523838,0,0,0,0,725.091345101595,0,0,0,0,0,0,0,0,0,0,0,5.78848400712013,0,861.094684630632,0,10564.9243982285,554.372608393431,55.5336659401655,42.3739095926285,622.681306615472,53.8000406622887,51.4977987632155,0,0
0,0,0.584223017096519,0,12.365114659071,0,0,0,0,0,789.655659854412,0,0,0,0,0,0,0,2.40808892250061,0,792.930249214172,0,0,0,0,0,0,0,0,0,0,0,386.654051423073,0,354.53446495533,1046.72543513775,0,0,2045.28978543729,0,2.26504288613796,0.163924068212509,8.23705531656742,0,0,0,0.137559950351715,20.8592967987061,50.7747632265091,2.55879299342632,1.90526868402958,0.242922961711884,0,0,0,0,13.7641341984272,0,0,0,0,0,0,95.5938083678484,0,0,0,0,0,0,0,0,0,0,1,30.7564523667097,0,91.7811853885651,18.2634668648243,7428.98228584975,0,332.824142545462,392.409598127007,43.6121342182159,128.09477391839,0,0
0,0,0,0,0,0,0,0,0,183.165669813752,0,410.578172624111,0,0,0,0,0,0,0,26.8661251068115,0,1318.45845425129,71.5781071186066,243.51788084209,0,0,0,20.2281234264374,0,11.3118977546692,0,0,0,193.127551183105,15.3203727006912,1624.17670932412,0,0,541.022266447544,0,0,10.2135630846024,0,0,0,0,0,420.987346678972,0,601.204584017396,0,0,0,0,0,42.3310653716326,0,145.084317684174,0,0,0,0,92.2098037302494,0,579.983123660088,0,149.86605873704,0,0,0,0,0,122.753386557102,0,0,0,421.132007002831,3.83332419395447,3694.6021829769,21.987818479538,10801.2298535332,77.4814058542252,1627.57543992996,52.9280893802643,174.474057227373,0,0
0,0,0,0,0,0,0,0,106.003901556134,0,587.273673146963,0,0,0,0,0,0.622297614812851,0,0,0,38.501175224781,0,2787.94831728935,0,540.334773674607,0,0,0,0,0,346.313094139099,0,0,43.4608731269836,480.288684561849,74.9156677126884,2045.28978543729,541.022266447544,0,0,0,0,62.8624938875437,0,0,0,0,974.681752830744,477.563323155046,0,0,0,0,0,138.5663947016,0,432.811093688011,0,0,0,0,0,0,26.189962387085,0,344.705181315541,0,344.104955673218,0,0,0,0,0,11.4706276655197,0,0,0,349.662206918001,10.4551653862,916.236729115248,56.9676241576672,9844.1047238633,1367.9877076745,74.3523054122925,523.339382186532,0,0
1.60798424482346,0.217493370175362,0,89.7948008328676,0,8.98161564767361,0,0,0,0,0.172676131129265,0,0,0,0,0,147.131242632866,132.403372213244,1714.10803495347,1.13399544358253,0,0,0,0,0,0,1.56801187992096,0,0,0,0,0,0,0.661552608013153,0,0.400842234492302,0,0,0,0,29.9326506257057,2188.08498362452,11.7101419940591,1.6102928519249,0,26.3056669905782,14.8284897431731,46.60002194345,2.49360501766205,203.102866083384,0,33.1984182819724,0,0,0,20.8958471268415,0.464593693614006,0.109415829181671,0,0,0,0,209.089866884053,9.68084499239922,0,0,0,0,0,0,0,0,0,0,1.9561380147934,0,0,0,1419.65579131246,20.752088688314,8.51160861551762,0,278.097467727959,0.507490962743759,1034.33658389002,100.754649981856,6.95036266744137
22.4718531966209,0,24.0096879377961,0.135718122124672,16.0329662710428,0,0,0,0.285011500120163,0,1.6359639018774,0,0,0,0,0,126.412145122886,28.1926959604025,546.403374403715,0,3.44405275583267,0,0,0,0,0,0,0,0,0,0,0,1.12641727924347,0,0,0,2.26504288613796,0,0,29.9326506257057,0,18.0608748346567,499.392757982016,0,0,0,209.265910550952,575.313332691789,350.111441478133,47.8729204684496,9.05931501090527,0,0,0,0,0,30.8124822080135,0,0,0,0,0,0,62.1163286417723,0,0,0,0,0,0,0,0,0,2.6762228012085,0.327523201704025,28.6611551344395,0,0,19.8339455872774,1815.6417972818,0,0.701228976249695,148.478462405503,0,1602.4441812411,0,86.0499064326286
0.612264513969421,67.9764909148216,2.48535123467445,229.142082810402,4.71384219825268,17.173607006669,0,0,0,0.217062219977379,0,0,0,0,0,0,27.0932120978832,32.3715009316802,838.831653542817,0.584415107965469,0,0,0,0,0,0,0,0,0,0,0,0,0,0,0,2.33222182095051,0.163924068212509,10.2135630846024,0,2188.08498362452,18.0608748346567,0,475.901342332363,12.413142606616,0,18.6587334945798,10.9987344443798,215.823632925749,13.2554675415158,270.393925115466,0.966144979000092,26.0656801611185,0,0,0.488336443901062,81.1343835294247,2.61689269542694,82.4170483052731,0,0,0,0,198.288195341825,4.36872592568398,0,0,0,0.303082436323166,0,0,0,0,0.210412681102753,0,0,0,0,0,784.043042823672,25.3324122577906,9.40318281948566,0.234765186905861,1182.89366916567,21.5782241076231,5529.37474105507,1043.79596249759,5.31434049457312
52.5701567232609,0,203.460396334529,3.44254715740681,9.17584279924631,0.269392818212509,0,0,56.260055154562,0,0,0,0,0,1.18847095966339,0,60.3529929593205,20.2987307533622,427.04810141027,0,0,0,0,0,12.050448089838,0.825801372528076,0.313713401556015,0,0,0,0,0,0,0,0,0,8.23705531656742,0,62.8624938875437,11.7101419940591,499.392757982016,475.901342332363,0,0,0,0.662715494632721,209.947700545192,431.831091448665,851.970945887268,8.28799363970757,13.356294259429,0.125773385167122,0,0,29.8463195711374,0,301.551386550069,0,0,0,0,0,0.681916654109955,222.465833365917,0,0,0,63.199157461524,0,0,0,0,0,24.3258113265038,0,0,0,0,4.28704003244638,852.174717321992,0,34.9824846535921,1253.57088759542,18.7467701733112,7492.20774491131,15.922119691968,2283.98586148769
0,0,0,0,0,0,0,0,0,0,0,0,0,0,0,0,0,0,11.8919389843941,0,0,0,0,0,0,0,0,0,0,0,0,0,0,0,0,0,0,0,0,1.6102928519249,0,12.413142606616,0,0,0,0,0,0,0,0,0,0,0,0,0,0,0,1.99896943569183,0,0,0,0,0,0,0,0,0,0,0,0,0,0,0,0,0,0,0,0,0.233733341097832,0,1.03184509277344,0,1.58128818869591,0,62.6775697618723,3.13178268074989,0
0,0,0,0,0,0,0,0,0,0,0,0,0,0,0,0,0,0,0,0,0,0,0,0,0,0,0,0,0,0,0,0,0,0,0,0,0,0,0,0,0,0,0,0,0,0,0,0,0,0,0,0,0,0,0,0,0,0,0,0,0,0,0,0,0,0,0,0,0,0,0,0,0,0,0,0,0,0,0,0,0,0,0,0,0,0,0
0,0,0,21.5676568225026,1.24823832511902,0.15990923345089,0,0,0,0,0,0,0,0,0,0,0,0,1.18557569384575,2.31201541423798,0,0,0,0,0,0,0,0,0,0,0,0,0,0,0,74.6470132395625,0,0,0,26.3056669905782,0,18.6587334945798,0.662715494632721,0,0,0,1.92019557952881,14.9554482102394,11.9526671916246,70.7875556945801,0,0.574009418487549,0,0,0,0,0.939697086811066,33.9184613600373,0,0,0,0,1244.40973624587,0,0,0,0,0,0,0,0,0,0,0,0,0,0,0,1097.90641544014,0,347.993947543204,0,5.23084768652916,0,1521.45521531254,0.128848865628242,0
15.078194335103,0,35.1239204257727,0.155086487531662,0,0,0,0,0.184794813394547,0,0,0,0,0,0,0,135.15343092382,40.2779330611229,889.558354146779,0,1.01760721206665,0,0,0,0,0,0.33795154094696,0,0,0,0,0,0,0,0,0,0.137559950351715,0,0,14.8284897431731,209.265910550952,10.9987344443798,209.947700545192,0,0,1.92019557952881,0,0,6.18673267960548,1.98984132707119,13.0757985115051,1.25604319572449,0,0,0,0.193264245986938,49.5703643113375,0,0,0,0,0,0,657.648881487548,0,0,0,0,0,0,0,0,0,3.17661073803902,0,0,0,0,16.8463521450758,1659.60493899882,0,10.2359130382538,336.092203833163,0.354986295104027,933.702706299722,0,16.9738731235266
0,0,0.538396835327148,8.79641585797071,0,0.555372282862663,0,0,0.621588110923767,2.55851289629936,0.237806260585785,0,0,0,0,0,0,1.38086174428463,1.67767988890409,0.918212443590164,0,0,0,0,0.854421555995941,0,0,0,0,0,0,2301.50704473257,775.050172954798,591.833726257086,1136.82880973816,341.088170170784,20.8592967987061,420.987346678972,974.681752830744,46.60002194345,575.313332691789,215.823632925749,431.831091448665,0,0,14.9554482102394,0,0,1524.33916637301,964.506285071373,0.338329404592514,10.0612382441759,0,0,0,7.69308757781982,0.136700302362442,0,0,0,0,0,0,0,0,0,0.296358853578568,1.91863173246384,0,0,0,0,0,0,1538.13202363253,2721.56888875365,141.979966461658,128.53601308167,2939.05277203023,1309.97175650299,199.835415959358,957.343783944845,2792.62848292291,16.018052816391,1547.69134660065,16.3447933346033,2.07902002334595
29.6245660334826,0,69.6954726576805,6.90201453864574,63.2757364287972,0.444372355937958,0,0,0.631642401218414,0,4.83669580519199,0,0,0,0,0,2.97302357852459,0.166786894202232,21.3786524385214,1.44865036010742,18.3535382002592,0,16.846836283803,0,1.56187763810158,0,0,0,0,0,0,0.914310663938522,0,0,0,0.328418016433716,50.7747632265091,0,477.563323155046,2.49360501766205,350.111441478133,13.2554675415158,851.970945887268,0,0,11.9526671916246,6.18673267960548,1524.33916637301,0,45.1239417642355,44.3261199072003,3.02179360389709,0,0,72.6934020519257,6.10700134932995,48.2430875226855,0,8.69972014427185,0,1.49414539337158,0,0,22.638087593019,0,304.423883408308,0,53.4965143203735,0,18.8078752756119,0,112.55503693223,0,9.29667773842812,0.325671672821045,16.4814948439598,0,4.56036275625229,7.79302518069744,100.65280418098,0,710.371664732695,431.427790135145,0.498217537999153,1979.21683048457,0.319421887397766,16.5949945747852
0.176069319248199,81.3096193671227,0.345016092061996,113.551263898611,0,7.65869171917439,0,0,0,12.65659250319,0,0,0,0,0,0,1.36668157577515,0.70961782336235,23.8926556631923,8.0065615773201,0,256.077702790499,0,1.7645722925663,0,0,0,0,0,0,0,0,0.989612251520157,106.770543366671,0.468951404094696,1.39551103115082,2.55879299342632,601.204584017396,0,203.102866083384,47.8729204684496,270.393925115466,8.28799363970757,0,0,70.7875556945801,1.98984132707119,964.506285071373,45.1239417642355,0,0.928220808506012,40.0997253507376,0,0,0,55.893700927496,0,39.5268088281155,0,15.5480221509933,0,9.06607550382614,1.4422505646944,0.434390559792519,436.960460036993,0,19.2391057163477,0,0,0,245.340607717633,0,0.282623022794724,0,4.70717638731003,0.49408170580864,2.04802292585373,0,156.266059502959,21.1008328646421,188.077912226319,0,363.397928491235,1.14776234328747,1216.20840162039,8.52348805963993,2.11604617536068
0,0,131.258221328259,7.00025662779808,314.540967315435,0,0,0,0,0,3.10198658704758,0,0,0,0,0,0.115881353616714,0,0,1.36865031719208,6.3355253636837,0,0,0,0,0,0,0,0,0,0,0,0,0,0,0,1.90526868402958,0,0,0,9.05931501090527,0.966144979000092,13.356294259429,0,0,0,13.0757985115051,0.338329404592514,44.3261199072003,0.928220808506012,0,0,0,0,43.6727046966553,2.18492603302002,84.0950144082308,0,257.938986778259,0,66.8911440819502,0,0,4.60705859959126,0,0,0,0,0,0,0,0,0,1.50908963382244,0,0,0,0,0,6.48933097720146,0,0,79.320713609457,8.0333731174469,208.645831823349,0,0.730126664042473
0,0,2.38355070352554,189.078563041985,0,123.613534942269,0,80.8917152285576,0,0,0,0.381000757217407,0,12.2993221282959,0,3.10435879230499,0.198481202125549,0.229166492819786,1.18263219296932,8.69445648789406,0,0,0,0,0,0,0,0,0,0,0,0,0,0,0,0,0.242922961711884,0,0,33.1984182819724,0,26.0656801611185,0.125773385167122,0,0,0.574009418487549,1.25604319572449,10.0612382441759,3.02179360389709,40.0997253507376,0,0,0,32.374183550477,0,0,0,26.7125850617886,0,8.09678561985493,0,22.343889400363,2.7817924618721,0,0,0,0,0,0,0,0,0,0,0,0,0,0,0,11.3328878134489,0.169885069131851,1.37964627146721,0,5.21020163595676,0,187.889373898506,2.00896546989679,0
0,0,0,0,0,0,185.536753237247,0,0,0,21.5817618370056,0,0,0,0,0,0,0,0,0,20.8476591706276,0,0,0,0,0,0,0,0,0,0,0,0,0,0,0,0,0,0,0,0,0,0,0,0,0,0,0,0,0,0,0,0,0,0,0,144.287596791983,0,0,0,0,0,0,0,0,0,0,0,0,0,0,0,0,0,0,0,0,0,0,0,0,0,271.389222860336,3.45463466644287,0,0,0
0,0,0,0,0,3.59999732673168,0,110.490379810333,0,0,0,33.0351216048002,0,0,0,0,0,0,0,0.985940754413605,0,0,0,0,0,0,0,0,0,0,0,0,0,0,0,0,0,0,0,0,0,0,0,0,0,0,0,0,0,0,0,32.374183550477,0,0,0,0,0,2.21090967953205,0,0,0,0,12.2383608520031,0,0,0,0,0,0,0,0,0,0,0,0,0,0,0,0,0,0,0,0.401675283908844,0,0,0,0
363.090237304568,0,127.881643727422,0,58.5525614023209,0,0,0,1648.39699038863,0,0,0,0,0,250.890082985163,0,4.28873819112778,0,0,0,0,0,0,0,18.8820416033268,0,113.908452600241,0,0,0,0,0,0,0,0,0,0,0,138.5663947016,0,0,0.488336443901062,29.8463195711374,0,0,0,0,0,72.6934020519257,0,43.6727046966553,0,0,0,0,0,0,0,0,0,3.25923228263855,0,0,0,0,0,0,171.196783721447,0,32.2648156881332,0,0,0,0,0,0,0,0,0,0,0,173.315046697855,39.510993257165,0.304459005594254,217.776054680347,0,0
0,263.01149469614,0.219767764210701,381.728430107236,0,0,0,0,0,574.524463802576,0,0,0,0,0,43.7088150978088,0,29.0018095374107,9.44242417812347,0,0,0,0,2.6663546860218,0,0,0,0,0,0,0,0,0,0,0,0,0,42.3310653716326,0,20.8958471268415,0,81.1343835294247,0,0,0,0,0.193264245986938,7.69308757781982,6.10700134932995,55.893700927496,2.18492603302002,0,0,0,0,0,0,0,0,0,0,2.013163626194,0,0,0,0,28.3595914840698,0,0,0,0,0,0,0,0,0,0,0,5.41791476309299,0,98.1365478336811,0,139.591648586094,0,275.190571308136,4.69610646367073,0
56.0676979422569,0,78.4209633767605,1.66371822357178,1.35989856719971,0,1.6667640209198,0,0,0,1293.61417126656,0,163.642044782639,0,0,0,4.73817224800587,0.99542909860611,26.7181767076254,0,23.0919589102268,0,0,0,0,0,0,0,0,0,112.817262947559,0,0,0,0,0,13.7641341984272,0,432.811093688011,0.464593693614006,30.8124822080135,2.61689269542694,301.551386550069,0,0,0.939697086811066,49.5703643113375,0.136700302362442,48.2430875226855,0,84.0950144082308,0,144.287596791983,0,0,0,0,0,268.310233354568,0,4.18237936496735,0,0,797.930544413626,0,0,0,0,0,8.12519401311874,0,64.5802847445011,0,61.0049618780613,0,0,0,0,0,107.709640622139,0,0.145228490233421,288.716561749578,0,1788.60365732014,0,188.937735944986
0,0,0,91.8647204935551,0,0.353334113955498,0,10.6078594923019,0,0,0,2050.09987209737,0,243.876546382904,0,0,0,0,2.57484844326973,5.14691066741943,0,0,0,0,0,0,0,0,0,190.76824593544,0,0,0,0,0,37.989141523838,0,145.084317684174,0,0.109415829181671,0,82.4170483052731,0,1.99896943569183,0,33.9184613600373,0,0,0,39.5268088281155,0,26.7125850617886,0,2.21090967953205,0,0,0,0,0,49.6154692322016,0,1.14918203651905,176.377497196198,0,0,0,0,0,0,0,0,0,105.769934773445,0,0,0,0,0,4.71811110526323,0,0,0,8.75267277657986,0,161.668352633715,7.38107338547707,0
75.507082760334,0,9.40136897563934,0,0,0,147.372885048389,0,0,0,370.782534480095,0,268.639498323202,0,93.1665551662445,0,0,0,0,0,0,0,0,0,0,0,0,0,18.8743991851807,0,0,0,0,0,0,0,0,0,0,0,0,0,0,0,0,0,0,0,8.69972014427185,0,257.938986778259,0,0,0,0,0,268.310233354568,0,0,0,34.9650695323944,0,0,0,0,0,0,0,0,2.33523976802826,0,25.7856000363827,0,0,0,0,0,0,0,0,0,0,211.096156895161,0,7.24042543768883,0,0
0,0,0,18.6404065042734,0,0,0,1,0,0,0,6.37794363498688,0,723.290788292885,0,32.2007823288441,0,0,0,0,0,0,0,0,0,0,0,0,0,0,0,0,0,0,0,0,0,0,0,0,0,0,0,0,0,0,0,0,0,15.5480221509933,0,8.09678561985493,0,0,0,0,0,49.6154692322016,0,0,0,88.5777736008167,0,0,0,0,0,0,146.427433937788,0,0,0,0,0,0,0,0,0,0,0,0,0,177.832764685154,184.858643591404,2.2359341531992,0,0
128.26580697298,0,0,0,2,0,0,0,238.909428656101,0,0,0,0,0,212.124131083488,0,15.6021137982607,4.20521903038025,0,0,0,0,0,0,0,0,2.78683996200562,0,0,0,0,0,0,0,0,0,0,0,0,0,0,0,0,0,0,0,0,0,1.49414539337158,0,66.8911440819502,0,0,0,3.25923228263855,0,4.18237936496735,0,34.9650695323944,0,0,0,0,0,0,0,0,0,0,0,0,3.02726122736931,0,0,0,0,0,0,0,0,0,0,363.577125951648,34.283154964447,0.740697950124741,0,0
0,0,0,120.952780455351,0,0,0,0,0,0,0,0,0,18.4939661622047,0,29.0364398956299,0,0,0,0,0,0,0,0,0,0,0,0,0,0,0,0,0,0,0,0,0,0,0,0,0,0,0,0,0,0,0,0,0,9.06607550382614,0,22.343889400363,0,0,0,2.013163626194,0,1.14918203651905,0,88.5777736008167,0,0,0,0,0,0,0,0,33.1858288943768,0,0,0,0,0,0,0,0,0,0,0,0,0,79.020919084549,1,0,0,0
0,0.32619234919548,0,7.42636191099882,0,32.6473219841719,0,26.0203211158514,0,0,0,313.527792572975,0,0,0,0,6.91039088368416,9.57107676565647,67.3147031664848,1203.71793879569,0,0,0,0,0,0,0,0,0,0,0,0,0,0,0,725.091345101595,0,92.2098037302494,0,209.089866884053,0,198.288195341825,0.681916654109955,0,0,1244.40973624587,0,0,0,1.4422505646944,0,2.7817924618721,0,12.2383608520031,0,0,0,176.377497196198,0,0,0,0,0,2.09159445762634,0,0,0,0,0,0,0,0,0,0,0,0,0,0,1862.87103115022,0,253.603560641408,0,100.694565594196,0,1573.07884766161,5.84483540803194,0
15.1884816884995,0,7.62300023436546,0,4.72684474289417,0,0,0,0,0,27.8280554413795,0,0,0,0,0,46.9229517877102,13.1546060442924,246.359270825982,0,767.164296165109,0,0.88301545381546,0,0,0,3.12924265861511,0,0,0,0,0,0,0,0,0,95.5938083678484,0,26.189962387085,9.68084499239922,62.1163286417723,4.36872592568398,222.465833365917,0,0,0,657.648881487548,0,22.638087593019,0.434390559792519,4.60705859959126,0,0,0,0,0,797.930544413626,0,0,0,0,0,2.09159445762634,0,0,0,0,0,0,0,0,0,0,28.5177660733461,0,0,0,0,1.85609313845634,1280.03987430036,0,7.41588118672371,282.143500909209,0,1360.2632593587,1.70734453201294,27.0035276412964
0,0,0,0,0,0,0,0,0,0,0,0,0,0,0,0,0,7.22691106796265,0,0,0,5989.88594513386,24.0911626219749,10.4240093231201,0,43.3017480373383,0,0,0,0,0,0,0,0,0,0,0,579.983123660088,0,0,0,0,0,0,0,0,0,0,0,436.960460036993,0,0,0,0,0,0,0,0,0,0,0,0,0,0,0,0,406.614330634475,0,257.501233428717,0,10.7270296216011,0,0,0,0,0,0,0,0,0,724.83546423912,0,277.719033479691,0,0,0,0
0,0,0,0,0,0,0,0,0,0,0,0,0,0,0,0,266.494698405266,9.00841283798218,4.24250054359436,0,0,3,6253.85970467329,0,5.15678143501282,0,16.7123947143555,0,0,0,0,0,0,0,0,0,0,0,344.705181315541,0,0,0,0,0,0,0,0,0,304.423883408308,0,0,0,0,0,0,0,0,0,0,0,0,0,0,0,0,0,0,66.6243796795607,0,764.013041257858,0,108.077989473939,0,0,0,0,0,0,0,0,0,653.644567295909,465.929014831781,0,2.75788310170174,0,0
0,0,0,0,0,0,0,0,0,15.2081559747458,0,0,0,0,0,0,0,24.0738693922758,0,0,0,84.3308324068785,0,251.595739655197,0,86.1057019382715,0,0,0,0,0,0,0,0,0,0,0,149.86605873704,0,0,0,0,0,0,0,0,0,0.296358853578568,0,19.2391057163477,0,0,0,0,0,28.3595914840698,0,0,0,0,0,0,0,0,406.614330634475,0,0,0,164.065203741193,0,0,0,0,0,0,0,1.83758035302162,0,0,0,563.355611369014,0,150.609785556793,0,152.098991960287,0,0
0,0,0,0,0,0,0,0,28.400077521801,0,0,0,0,0,0,0,0.649701148271561,0,0,0,0,0,63.4381030201912,0,671.393497854471,0,12.971058011055,0,0,0,0,0,0,0,0,0,0,0,344.104955673218,0,0,0.303082436323166,63.199157461524,0,0,0,0,1.91863173246384,53.4965143203735,0,0,0,0,0,171.196783721447,0,0,0,0,0,0,0,0,0,0,66.6243796795607,0,0,0,3.94122391939163,0,1.747074842453,0,0,0,0,0,0,0,0,0,194.809297248721,130.432616084814,1.04089224338531,215.279610097408,0,0
0,0,0,0,0,0,0,0,0,0,0,0,0,0,0,5.12807822227478,0,66.3943673670292,0,0,0,10.9930658340454,0,11.5071447193623,0,574.471544623375,0,1,0,0,0,0,0,0,0,0,0,0,0,0,0,0,0,0,0,0,0,0,0,0,0,0,0,0,0,0,0,0,0,146.427433937788,0,33.1858288943768,0,0,257.501233428717,0,164.065203741193,0,0,0,19.9457260370255,0,0,0,0,0,0,0,0,0,0,0,79.5292884111404,0,0,0,0
0,0,0,0,0,0,0,0,10.5134371519089,0,0,0,0,0,68.2499607801437,0,184.918278425932,0,0.727507710456848,0,0,0,19.2842396944761,0,243.86599072814,0,864.559906721115,0,16.5847864151001,0,0,0,0,0,0,0,0,0,0,0,0,0,0,0,0,0,0,0,18.8078752756119,0,0,0,0,0,32.2648156881332,0,8.12519401311874,0,2.33523976802826,0,0,0,0,0,0,764.013041257858,0,3.94122391939163,0,0,0,61.1517189741135,0,0,0,0,0,0,0,0,0,0,149.799856245518,0,0,0,0
0,0,0,0,0,0,0,0,0,0,0,12.5680425167084,0,92.5518455505371,0,0,0,0,0,0,0,86.7786636352539,0,0,0,0,0,558.250020861626,0,45.2374602556229,0,0,0,0,0,0,0,0,0,0,0,0,0,0,0,0,0,0,0,245.340607717633,0,0,0,0,0,0,0,0,0,0,0,0,0,0,10.7270296216011,0,0,0,19.9457260370255,0,0,0,65.0162311792374,0,0,0,0,0,0,0,89.6925923973322,0,127.992150068283,36.1564689874649,0,0,0
1.12238729000092,0,0,0,0,0,0,0,0,0,0,0,0,0,0,0,0,0,0,0,0,0,0.170511111617088,0,0,0,0,0,443.488438308239,0,45.8154239654541,0,0,0,0,0,0,0,0,0,0,0,0,0,0,0,0,0,112.55503693223,0,0,0,0,0,0,0,64.5802847445011,0,25.7856000363827,0,3.02726122736931,0,0,0,0,108.077989473939,0,1.747074842453,0,61.1517189741135,0,0,0,0,0,0,0,0,0,0,0,0,37.8572616577148,0,0,0,0
0,0,0,0,0,0,0,0,0,0,0,0,0,0,0,0,0,0,0,0,0,0,0,0,0,0,0,11.0332093238831,0,195.950711816549,0,0,0,0,0,0,0,122.753386557102,0,0,0,0.210412681102753,0,0,0,0,0,0,0,0.282623022794724,0,0,0,0,0,0,0,105.769934773445,0,0,0,0,0,0,0,0,0,0,0,0,65.0162311792374,0,0,0,0,0,0,0,0.549321472644806,0,0,0,0,0,20.9135583043098,0,0
1.98785844445229,0,7.60220877826214,0,0.980862438678741,0,0,0,0,0,0,0,0,0,0,0,1.45585797727108,0,4.73996658623219,0,0,0,0,0,0,0,0,0,169.783820152283,0,71.6451548039913,0,0,0,0,0,0,0,11.4706276655197,0,2.6762228012085,0,24.3258113265038,0,0,0,3.17661073803902,0,9.29667773842812,0,1.50908963382244,0,0,0,0,0,61.0049618780613,0,0,0,0,0,0,28.5177660733461,0,0,0,0,0,0,0,0,0,0,0,0,0,0,0,19.1021517962217,0,477.576759070158,6.42810171842575,0,592.104499861598,0,17.3457217216492
0,0,0,0,0,0,0,0,0,0,0,0,0,0,0,0,0,0,0,0,0,0,0,0,0,0,0,0,0,0,0,1237.43840375543,4.22682285308838,16.107995390892,0,5.78848400712013,1,0,0,1.9561380147934,0.327523201704025,0,0,0,0,0,0,1538.13202363253,0.325671672821045,4.70717638731003,0,0,0,0,0,0,0,0,0,0,0,0,0,0,0,0,0,0,0,0,0,0,0,0,0,0.739179313182831,660.111470252275,0,147.164596349001,2.56533801555634,0,0,73.7398842573166,0,0,0,0
0,0,0,0,0,0,0,0,0,0,0,0,0,0,0,0,0,0,0,0,0,0,0,0,0,0,0,0,0,0,0,8.68973314762115,1138.50723923743,5,20.9617040753365,0,30.7564523667097,0,0,0,28.6611551344395,0,0,0,0,0,0,2721.56888875365,16.4814948439598,0.49408170580864,0,0,0,0,0,0,0,0,0,0,0,0,0,0,0,0,0,0,0,0,0,0,0,0,0.739179313182831,0,0,1242.5139464885,0,1439.94842325151,0,0,0,0,0,0,0
0,0,0,0,0,0,0,0,0,0.77642297744751,0,0,0,0,0,0,0,0,0,0,0,0.283013731241226,0,0,0,0,0,0,0,0,0,5.22745576500893,0,1495.37264207006,60.3985313177109,861.094684630632,0,421.132007002831,0,0,0,0,0,0,0,0,0,141.979966461658,0,2.04802292585373,0,0,0,0,0,0,0,0,0,0,0,0,0,0,0,0,1.83758035302162,0,0,0,0,0,0,0,660.111470252275,0,0,38.6733495593071,261.307795614004,0,413.813216045499,0,193.363941967487,24.313529253006,0,0,0
0,0,0,0,0,0,0,0,0,0,0,0,0,0,0,0,0,0,0,0,0,0,0,0,0,0,0,0,0,0,0,0,14.6771704852581,1521.07024922967,2021.84802062809,0,91.7811853885651,3.83332419395447,349.662206918001,0,0,0,0,0,0,0,0,128.53601308167,4.56036275625229,0,0,0,0,0,0,0,0,0,0,0,0,0,0,0,0,0,0,0,0,0,0,0,0,0,0,1242.5139464885,38.6733495593071,0,0,191.592075496912,0,167.498124569654,71.4011436104774,0,0,0,0
0.8481115847826,13.6055787205696,0,40.1241796389222,0,35.5175910890102,0,0,0,0,0,250.853622317314,0,0,0,0,147.832883089781,125.400039531291,2008.97873999178,430.9733158499,0,0,0,0,0,0.353974789381027,0,0,0,0,0,637.964919805527,1,332.363256752491,0.532375574111938,10564.9243982285,18.2634668648243,3694.6021829769,10.4551653862,1419.65579131246,19.8339455872774,784.043042823672,4.28704003244638,0.233733341097832,0,1097.90641544014,16.8463521450758,2939.05277203023,7.79302518069744,156.266059502959,0,11.3328878134489,0,0,0,5.41791476309299,0,4.71811110526323,0,0,0,0,1862.87103115022,1.85609313845634,0,0,0,0,0,0,0,0,0.549321472644806,0,147.164596349001,0,261.307795614004,0,0,30.1445473581553,935.00039435178,0,2177.52129261941,25.7266899645329,1452.76008234918,34.105005055666,4.61028844118118
78.3274603188038,0,14.7610264569521,0.330610424280167,10.2357433438301,0,0,0,2.27136313915253,0,32.8415416330099,0,0,0,0,0,152.503951512277,25.4622679799795,945.702209442854,0,855.562705174088,0,0,0,0,0,0,0,0,0,0,1.67820629477501,316.23299574852,7.44370245933533,291.754536181688,554.372608393431,7428.98228584975,21.987818479538,916.236729115248,20.752088688314,1815.6417972818,25.3324122577906,852.174717321992,0,0,0,1659.60493899882,1309.97175650299,100.65280418098,21.1008328646421,6.48933097720146,0.169885069131851,0,0,0,0,107.709640622139,0,0,0,0,0,0,1280.03987430036,0,0,0,0,0,0,0,0,0,19.1021517962217,2.56533801555634,1439.94842325151,0,191.592075496912,30.1445473581553,0,0,1242.46222315729,1795.1934234798,198.33176484704,2587.07473349571,0.59399077296257,90.1966978013515
0,0,0,2.01975202560425,0,0,0,0,0,87.4280579984188,0,59.0488613247871,0,0,0,0,0.532349348068237,0.184345796704292,23.9001432955265,0,0,575.827595576644,0,136.223584651947,0,0,0,247.428080916405,0,8.15077936649323,0,0,0,604.305485442281,0,55.5336659401655,0,10801.2298535332,56.9676241576672,8.51160861551762,0,9.40318281948566,0,1.03184509277344,0,347.993947543204,0,199.835415959358,0,188.077912226319,0,1.37964627146721,0,0,0,98.1365478336811,0,0,0,0,0,0,253.603560641408,0,724.83546423912,0,563.355611369014,0,0,0,89.6925923973322,0,0,0,0,0,413.813216045499,0,935.00039435178,0,0,0,638.072453901172,46.5865145027637,219.701934471726,8.24505037069321,0
