0,0,0.151581283907096,0,0,0,0,0,0.171930688366575,0,0,0,0,0,0.174351617693901,0,0,0,0.131512463770129,0,0,0,0,0,0.184197068214417,0,0,0,0,0,0,0,0,0.285384833812714,0.272002473473549,0,0,0,0.208969852099052,0,0,0,0.166639735517295,0,0,0,0,0.270163761079311,0.173280672622578,0.245593145489693,0,0,0,0,0.188733884060022,0,0.169019096172773,0,0.183053240180016,0,0.17508896345442,0,0,0,0,0,0,0.185135632753372,0,0,0,0,0,0,0,0,0,0,0,0,0,0.192520368099213,0.148126985685575,0,0.196340046357363,0,0.177777709066868
0,0,0,0.150515205000301,0,0,0,0,0,0.256779589174643,0,0,0,0,0,0,0,0,0.226370400852627,0,0,0,0,0,0,0,0,0,0,0,0,0,0,0,0,0,0,0,0,0,0,0.242880468095481,0,0,0,0,0,0,0,0.190428306146795,0,0,0,0,0,0.192986614102947,0,0.180648657892432,0,0,0,0.201457745223134,0,0,0,0,0.130269076261255,0,0.15751222272714,0,0,0,0.245256909065776,0,0,0,0,0,0,0,0,0,0.257658156074412,0,0.247308900942202,0,0
0.151581283907096,0,0,0,0.1737499140203,0,0,0,0.174673013389111,0,0,0,0,0,0,0,0,0,0,0,0,0,0,0,0,0,0,0,0,0,0,0,0,0,0.379099994897842,0,0.272684425115585,0,0,0,0,0,0.29561951075807,0,0,0,0.165608085691929,0.329723228301321,0.206105122342706,0.269602119922638,0.179311685264111,0,0,0,0.148214332138499,0,0.196594708331741,0,0.186317252460867,0,0.216823060597692,0,0,0,0,0,0,0,0,0,0,0,0,0.305220706122262,0,0,0,0.254540234804153,0,0,0,0.326189483205477,0.14442172224323,0,0.246957605641622,0,0.303653180599213
0,0.150515205000301,0,0,0,0.171015097395233,0,0,0,0.141785158465306,0,0,0,0,0,0,0,0,0.250988841056824,0,0,0,0,0,0,0,0,0,0,0.29121033847332,0,0,0,0,0,0.264115804008075,0,0.273083308339119,0,0.207265011966228,0,0.243771269917488,0,0,0,0.153719806535677,0,0.245120584964752,0,0.14075669261717,0,0,0,0,0,0.17838329821825,0,0.255884339412053,0,0,0,0,0.229410722851753,0,0,0,0,0,0,0,0,0,0.281642197817564,0,0,0,0,0,0.277587577700615,0,0.302672971572195,0,0.162300033805271,0,0.152699768193376,0,0
0,0,0.1737499140203,0,0,0,0,0,0.124018751084805,0,0,0,0,0,0.237544500827789,0,0.270687878131866,0,0.2551342745622,0,0,0,0,0,0,0,0,0,0,0,0,0,0,0,0,0,0.224807968139648,0,0.274457573890686,0,0.216190829873085,0,0.260569640151832,0,0,0,0.214779531660159,0.254586659371853,0.268744499518954,0.231077086925507,0.136678874906566,0,0,0,0.131487303330928,0,0,0,0,0,0.238911438812601,0,0,0.254628742860112,0,0,0,0,0,0,0,0,0,0.293930977582932,0,0,0,0.245518806576729,0,0.244227560784887,0,0.297390182381091,0.21344344634959,0,0.225968983971466,0,0.222021073102951
0,0,0,0.171015097395233,0,0,0,0,0,0,0,0.210948921740055,0,0,0,0,0,0,0,0.297149480866992,0,0,0,0,0,0,0,0,0,0,0,0,0,0,0,0.23106960952282,0,0,0,0.217275261878967,0,0,0,0,0,0.216721445322037,0,0.224814221262932,0,0,0,0,0,0,0,0,0,0.182436646521091,0,0,0,0,0.257923120028013,0,0,0,0,0,0,0,0,0,0.26205638051033,0,0,0,0,0,0.249583445489407,0,0,0,0.251498794555664,0,0.251436152833834,0,0
0,0,0,0,0,0,0,0,0,0,0.165956690907478,0,0.157106045219633,0,0,0,0,0,0,0,0.203419222622304,0,0,0,0,0,0,0,0,0,0,0,0,0,0,0,0.17277318239212,0,0,0,0,0,0,0,0,0,0.313130125403404,0,0,0,0,0,0.16248031105937,0,0,0,0.185059905575033,0,0.181165048807594,0,0,0,0,0.253444725504288,0,0,0,0,0,0,0,0,0,0,0,0,0,0,0,0,0,0,0.18697121581861,0,0,0,0
0,0,0,0,0,0,0,0,0,0,0,0.184984909163581,0,0,0,0,0,0,0,0,0,0,0,0,0,0,0,0,0,0,0,0,0,0,0,0,0,0,0,0,0,0,0,0,0,0,0,0,0,0,0,0,0,0.151304875314236,0,0,0,0.203906165702002,0,0,0,0,0,0,0,0,0,0,0,0,0,0,0,0,0,0,0,0,0,0,0,0,0.124828354269266,0.167834038535754,0,0,0
0.171930688366575,0,0.174673013389111,0,0.124018751084805,0,0,0,0,0,0,0,0,0,0.19924744875992,0,0.162721793460787,0.166081537803014,0.190329436744962,0,0,0,0,0.174960310260455,0.210837149371703,0.153983369469643,0.138975903391838,0,0,0,0,0,0,0.378479093313217,0.320046929376466,0,0,0,0.214863338347139,0,0,0,0.242391177199104,0,0,0,0,0.27980297616049,0.199493912439192,0.288623303174973,0,0,0,0,0.217378665429179,0,0,0,0,0,0.206530763552739,0,0,0,0,0,0,0.224621953265298,0.151761263608932,0,0,0,0,0,0,0,0,0.291642338037491,0,0,0.329926460981369,0.207544839807919,0.193573329116797,0,0.211366909780563,0,0.240580690403779
0,0.256779589174643,0,0.141785158465306,0,0,0,0,0,0,0,0,0,0,0,0.159862786964622,0.172990947961807,0.191374747405017,0.21927208351818,0,0,0.163948320623102,0,0.164406717435954,0,0.160814485892102,0,0,0,0,0,0,0,0,0,0.296039700508118,0,0.205151257738912,0,0,0,0.172271466503541,0.25163197517395,0,0,0.288550227880478,0,0,0,0.286636583134532,0,0,0,0,0,0.174347631374033,0,0,0,0,0,0.161704541284995,0,0,0.158476671347251,0,0.162742573226883,0,0.1589941081724,0,0,0,0,0,0,0,0,0,0.26979273557663,0.291080877184868,0.257605731631247,0,0.188508598398028,0.118060417473316,0.268639715056162,0.148846581578255,0
0,0,0,0,0,0,0.165956690907478,0,0,0,0,0,0.125723263714463,0,0,0,0,0,0.26284646987915,0,0.165232264754318,0,0,0,0,0,0,0,0,0,0.108136773523357,0,0,0,0,0,0.183725474484312,0,0.140031394871635,0,0,0,0.33992063999176,0,0,0,0,0,0.197930559515953,0,0,0,0,0,0,0,0.195145895715066,0,0.150136908888817,0,0,0,0,0.146988218840288,0,0,0,0,0,0,0,0.126888945698738,0,0.15332697923829,0,0,0,0,0,0.221861384809017,0,0.156958120799065,0.172745287777657,0,0.229274221202906,0,0
0,0,0,0,0,0.210948921740055,0,0.184984909163581,0,0,0,0,0,0.160800664126873,0,0,0,0,0.323508709669113,0.222298938385601,0,0,0,0,0,0,0,0.312518098524639,0,0.238941893617554,0,0,0,0,0,0.187031775712967,0,0.19649772491031,0,0.237719520926476,0,0.402291113680059,0,0.488994032144547,0,0.314325218399366,0,0,0,0.254548100133737,0,0,0,0.169264344498515,0,0,0,0.224223173109931,0,0,0,0,0.286655456507415,0,0,0,0,0,0,0,0.344518717195167,0,0.245978265360821,0,0,0,0,0,0.264774955809116,0,0.207473879284931,0,0.147092350080711,0.140368927370858,0.263197519323405,0.394095723118101,0
0,0,0,0,0,0,0.157106045219633,0,0,0,0.125723263714463,0,0,0,0,0,0,0,0,0,0,0,0,0,0,0,0,0,0,0,0,0,0,0,0,0,0,0,0,0,0,0,0,0,0,0,0,0,0,0,0,0,0,0,0,0,0.136315937257475,0,0.172329443315211,0,0,0,0,0,0,0,0,0,0,0,0,0,0,0,0,0,0,0,0,0,0,0,0.161610208337124,0,0,0,0
0,0,0,0,0,0,0,0,0,0,0,0.160800664126873,0,0,0,0.208553520472426,0,0.182286282831972,0,0,0,0,0,0,0,0.201169222593307,0,0.154035044234732,0,0,0,0,0,0,0,0,0,0,0,0,0,0,0,0,0,0,0,0,0,0,0,0,0,0,0,0,0,0.15805207118392,0,0.1724734326748,0,0.259547233581543,0,0,0,0,0,0,0,0,0.177592650055885,0,0,0,0,0,0,0,0,0,0,0,0.166746626903371,0,0,0,0
0.174351617693901,0,0,0,0.237544500827789,0,0,0,0.19924744875992,0,0,0,0,0,0,0,0.166982268816546,0.144688934087753,0,0,0,0,0,0,0,0,0,0,0,0,0,0,0,0,0,0,0,0,0,0,0,0,0,0,0,0,0,0,0.214172020554543,0,0,0,0,0,0.179921746253967,0,0,0,0,0,0.128635365981609,0,0,0,0,0,0,0,0,0,0,0,0,0,0,0,0,0,0,0,0,0,0.162756381245951,0,0,0,0
0,0,0,0,0,0,0,0,0,0.159862786964622,0,0,0,0.208553520472426,0,0,0.159668729479971,0.154285970473554,0.192607501787799,0,0,0.170088363954654,0,0.15974831526332,0,0.160322947467831,0,0.19049562431044,0,0,0,0,0,0,0,0,0,0,0,0,0,0,0.262845039367676,0,0,0,0,0,0,0,0,0,0,0,0,0.164771395168085,0,0,0,0.169974861400468,0,0.177059060389019,0,0,0.160495054908097,0,0.160346882174844,0,0.153644467750307,0,0,0,0,0,0,0,0,0,0,0.260126411914825,0,0,0.157143192892232,0.124218504461977,0.182436868548393,0,0
0,0,0,0,0.270687878131866,0,0,0,0.162721793460787,0.172990947961807,0,0,0,0,0.166982268816546,0.159668729479971,0,0.171214198839627,0.26358333515161,0,0,0.174691742762577,0.147020805627108,0.168199725907113,0.157827660441399,0.142462863586843,0.143840422504582,0,0,0,0,0,0,0,0,0.315806814111196,0.30573994324853,0.318855583667755,0.290421313473157,0.265556716001951,0.29600534075644,0.272034519850606,0.264918741553336,0.306852966547012,0.282994568347931,0.312802940607071,0.260197222232819,0.243632480502129,0.298050941739764,0.257785886526108,0,0,0,0,0,0.176554935543161,0,0,0,0,0.169501529633999,0.156785518862307,0.290014682256657,0.289887328942617,0.157527109608054,0,0.177394313337626,0,0.150613446917498,0.155985956164924,0,0,0,0,0,0,0,0,0.306279703488816,0.316074410905726,0.32771573995435,0.311721696385315,0.170796638234632,0.181633013226683,0.291927931400446,0.229582404096921,0.263031694293022
0,0,0,0,0,0,0,0,0.166081537803014,0.191374747405017,0,0,0,0.182286282831972,0.144688934087753,0.154285970473554,0.171214198839627,0,0.246638325540117,0,0,0.178164657946551,0,0.178383814410988,0,0.14319281947675,0.125154823064804,0.123641684651375,0,0.333431869745255,0,0,0,0,0,0.329821239531475,0.318829897572013,0.337697531282902,0.28869849940141,0.286494557533348,0.287483876242357,0.279044513717789,0.2651111152437,0.311598781082365,0.299516720431192,0.268064531187216,0.296266078948975,0.233066760003567,0.299819353435721,0,0,0,0,0,0,0.186398219928813,0,0,0,0,0.160255283117294,0.153939012934163,0.294610272443623,0.289607316255569,0.173692385852337,0,0.183507076609674,0,0.140102107074238,0.139997586607933,0,0,0.340663284063339,0.323047071695328,0,0,0,0.300004541873932,0.318256101046884,0.317026444967242,0.345538910532343,0.30801611718459,0.207488638850127,0.163189000485279,0.293789088557351,0.274721739243488,0.255633980035782
0.131512463770129,0.226370400852627,0,0.250988841056824,0.2551342745622,0,0,0,0.190329436744962,0.21927208351818,0.26284646987915,0.323508709669113,0,0,0,0.192607501787799,0.26358333515161,0.246638325540117,0,0.330808758735657,0,0.222289979457855,0,0.219059398975866,0.139765039086342,0.210982611775398,0.195424526929855,0,0,0.331311916311582,0,0,0,0,0,0.328129098923118,0.337285439919504,0.341831330914755,0.317070645824918,0.2663512848072,0.295403283733622,0.224660550101211,0.276859822675031,0.393240476439472,0.239228889800426,0.279189078077193,0.262824848294258,0.247947640393091,0.317589232951579,0.236005259056886,0,0,0,0,0,0.228891667392519,0,0.291962345441182,0,0,0.178047403693199,0,0.278921439392226,0.270943179726601,0,0,0.221982107284557,0,0.20400272416217,0.170499414205551,0,0,0.334906041622162,0.355083946670805,0,0,0,0.322163283824921,0.323395547791086,0.336452005137318,0.341180915998392,0.340772885795849,0.217918167320498,0.264489471912384,0.307953161067803,0.249861998760954,0.326358701243545
0,0,0,0,0,0.297149480866992,0,0,0,0,0,0.222298938385601,0,0,0,0,0,0,0.330808758735657,0,0,0,0,0,0,0,0,0,0,0.327861202466819,0,0,0,0,0,0.216627399202364,0,0.236885587076757,0,0.216915473341942,0,0.349945103483541,0,0.486643642187119,0,0.228885864982238,0,0.239505037665367,0,0.272582078352571,0,0,0,0,0,0,0,0.269064259672657,0,0,0,0,0.218566649215335,0,0,0,0,0,0,0,0,0,0.36189290462585,0,0,0,0.239033699035645,0,0.250863050791689,0.303406536579132,0.302589955325895,0,0.186474581282993,0,0.29093092746699,0.346475464957101,0
0,0,0,0,0,0,0.203419222622304,0,0,0,0.165232264754318,0,0,0,0,0,0,0,0,0,0,0,0,0,0,0,0,0,0,0,0,0,0,0,0,0,0.162058927010406,0,0.15244027475516,0,0,0,0,0,0,0,0.209352004257115,0,0.260248184204102,0,0,0,0,0,0,0,0,0,0,0,0,0,0,0.18342065023774,0,0,0,0,0,0,0,0,0,0.247671917080879,0,0,0,0,0,0.188322387184158,0,0.17736052992669,0.177751599340201,0,0.206493165649352,0,0
0,0,0,0,0,0,0,0,0,0.163948320623102,0,0,0,0,0,0.170088363954654,0.174691742762577,0.178164657946551,0.222289979457855,0,0,0,0.140831888247762,0.168529198683323,0,0.188787700539654,0,0.166168529175076,0,0,0,0,0,0,0,0,0,0.164225221291759,0,0,0.284745573997498,0,0,0,0,0,0,0,0,0.187042052724532,0,0,0,0,0,0.167512807656418,0,0,0,0,0,0.159107336508376,0.263797521591187,0,0.185098542076185,0.172833614678495,0.205743667403502,0,0.184363076378676,0,0.250990426090975,0,0.26414708386768,0,0,0,0,0,0.298949390649796,0.270464882254601,0.220647178292596,0,0.139547446499068,0.17645768516443,0.286722451448441,0,0
0,0,0,0,0,0,0,0,0,0,0,0,0,0,0,0,0.147020805627108,0,0,0,0,0.140831888247762,0,0,0.228479594625533,0,0.166030272841454,0,0.183555744588375,0,0,0,0,0.320680201053619,0.350313025712967,0,0,0.116215575486422,0.248173415449309,0,0,0,0,0,0,0,0,0.363480018532794,0.247762754093856,0.326595261693001,0,0,0,0,0,0,0,0,0,0,0,0,0,0,0.132260992203827,0.200024596088376,0,0.233235997147858,0,0.225480765104294,0,0.206672040952577,0,0.302508403857549,0,0,0,0,0,0,0,0.287916227561219,0.194706373513491,0.150958237638166,0,0,0
0,0,0,0,0,0,0,0,0.174960310260455,0.164406717435954,0,0,0,0,0,0.15974831526332,0.168199725907113,0.178383814410988,0.219059398975866,0,0,0.168529198683323,0,0,0,0.161989089388114,0,0,0,0,0,0,0,0,0,0,0,0.169374212084766,0,0.25350359082222,0.267442718148232,0.210307741707022,0.234123814851046,0,0,0,0,0,0.280820727348328,0.258615337650884,0,0,0,0,0,0.160608270119976,0,0,0,0,0,0.150632944742316,0.225371822714806,0,0.192901653902871,0,0.172122948054746,0,0.153282362663624,0,0.227905949950218,0,0,0,0,0,0,0,0.309005290269852,0.295644914110502,0.177438348224332,0.268085561692715,0.162927420658936,0.197972112894058,0.261450033148994,0,0.254139870405197
0.184197068214417,0,0,0,0,0,0,0,0.210837149371703,0,0,0,0,0,0,0,0.157827660441399,0,0.139765039086342,0,0,0,0.228479594625533,0,0,0,0,0,0.34734902381897,0,0,0,0,0,0.31217681368192,0,0,0,0.207310859570984,0,0,0,0.222067045313971,0,0,0,0,0,0.352410599589348,0,0,0,0,0,0.215766525694302,0,0,0,0,0,0,0,0,0,0,0.219182467002135,0,0.172795606534305,0,0.293408492666024,0,0.31049702858383,0,0,0,0,0,0.310655331611633,0,0,0,0.187031573366101,0.167441685597792,0.122675025369972,0.218758314847946,0,0.24369341135025
0,0,0,0,0,0,0,0,0.153983369469643,0.160814485892102,0,0,0,0.201169222593307,0,0.160322947467831,0.142462863586843,0.14319281947675,0.210982611775398,0,0,0.188787700539654,0,0.161989089388114,0,0,0,0.178550841832402,0,0,0,0,0,0,0,0,0,0,0,0,0.265957623720169,0,0,0,0,0,0,0,0,0,0,0,0,0,0,0.162511953285762,0,0,0,0,0,0.148260114241892,0.268010467290878,0,0.148870150957789,0,0.162071549644073,0,0.142076508503362,0,0.189120237599127,0,0,0,0,0,0,0,0,0,0,0,0.148358364418453,0.158562424282233,0,0,0
0,0,0,0,0,0,0,0,0.138975903391838,0,0,0,0,0,0,0,0.143840422504582,0.125154823064804,0.195424526929855,0,0,0,0.166030272841454,0,0,0,0,0,0,0,0,0,0,0,0,0,0,0,0,0,0,0,0,0,0,0,0,0,0,0,0,0,0,0,0,0,0,0,0,0,0,0,0,0,0,0.237037857957915,0,0,0.139675244688988,0.161528496730207,0,0.210004150867462,0,0,0,0,0,0,0,0,0,0,0.143798828125,0,0,0,0
0,0,0,0,0,0,0,0,0,0,0,0.312518098524639,0,0.154035044234732,0,0.19049562431044,0,0.123641684651375,0,0,0,0.166168529175076,0,0,0,0.178550841832402,0,0,0,0.126408189278224,0,0,0,0,0,0,0,0.152990497844784,0,0,0,0,0,0,0,0,0,0,0,0,0,0,0,0,0,0,0,0.381434410810471,0,0.145710597435633,0,0,0,0,0.219316726922989,0,0,0,0.132714308798313,0,0.244207473373357,0,0.264363080263138,0,0,0,0,0,0,0,0.169954343802399,0,0.143635122291744,0,0,0,0
0,0,0,0,0,0,0,0,0,0,0,0,0,0,0,0,0,0,0,0,0,0,0.183555744588375,0,0.34734902381897,0,0,0,0,0,0,0,0,0,0,0,0,0,0.114823060731093,0,0,0,0,0,0,0,0,0,0.347293894737959,0,0,0,0,0,0,0,0,0,0,0,0,0,0,0,0,0.206236908642145,0,0.338398138682048,0,0.143373561593202,0,0.206724114820663,0,0.148800521613436,0,0,0,0,0,0,0,0.202415938683591,0.153209242969751,0,0,0,0
0,0,0,0.29121033847332,0,0,0,0,0,0,0,0.238941893617554,0,0,0,0,0,0.333431869745255,0.331311916311582,0.327861202466819,0,0,0,0,0,0,0,0.126408189278224,0,0,0,0,0,0,0,0.321591563522816,0,0.206484640431854,0,0.277101305127144,0,0.38244693887,0,0.434335291385651,0,0.333333475991737,0,0.259893853749548,0.243554726243019,0.255775859806596,0,0,0,0,0,0,0,0.280769761651754,0,0,0,0,0.324788907658315,0,0,0,0,0,0,0,0,0,0.205082448022592,0,0,0,0,0,0.284878714726521,0.319644019007683,0.336626851361017,0,0.296531878908475,0.123202126601647,0.346186840906739,0.371461779663437,0
0,0,0,0,0,0,0,0,0,0,0.108136773523357,0,0,0,0,0,0,0,0,0,0,0,0,0,0,0,0,0,0,0,0,0,0,0,0,0,0,0,0.149638874026445,0,0,0,0,0,0,0,0,0,0,0,0,0,0,0,0,0,0.181152111635758,0,0,0,0,0,0,0,0,0,0,0,0,0,0,0,0,0.166788485338174,0,0,0,0,0,0,0,0.180433228146285,0,0,0,0,0
0,0,0,0,0,0,0,0,0,0,0,0,0,0,0,0,0,0,0,0,0,0,0,0,0,0,0,0,0,0,0,0,0.349548271253378,0.374757227940219,0,0.221066856079678,0.114931234573743,0,0,0,0,0,0,0,0,0,0,0.280418938150009,0,0.300007477402687,0,0,0,0,0,0,0,0.25318917632103,0,0,0,0,0.237678796052933,0,0,0,0,0,0,0,0,0,0,0,0.297494237140276,0.307832745691905,0.32201613026737,0,0.279104018013155,0,0.319211453199387,0,0.228314746194091,0,0.228773415088654,0,0
0,0,0,0,0,0,0,0,0,0,0,0,0,0,0,0,0,0,0,0,0,0,0,0,0,0,0,0,0,0,0,0.349548271253378,0,0.362690968438983,0.300641334144508,0,0.269983843190245,0,0.263346314430237,0,0.217636413872242,0,0.286361873149872,0,0,0,0.212408229708672,0.288529211557225,0.15328380631076,0,0,0,0,0,0,0,0,0,0,0,0,0,0,0,0,0,0,0,0,0,0,0,0,0,0.368578755941944,0.387875959442923,0.350458086861504,0.353563443691071,0.362756994706166,0.243055349680653,0,0.283630321423213,0.261893902879495,0,0.236103234191736,0,0
0.285384833812714,0,0,0,0,0,0,0,0.378479093313217,0,0,0,0,0,0,0,0,0,0,0,0,0,0.320680201053619,0,0,0,0,0,0,0,0,0.374757227940219,0.362690968438983,0,0.254980731794935,0.25343438384059,0.313170835375786,0.36096141594477,0.205168508622848,0.250639088451862,0,0.274660500663298,0.361517697572708,0,0.374383419752121,0.218459025025368,0,0.460266254531841,0.318894684314728,0.340923033590461,0,0,0,0,0,0,0,0.235557109117508,0,0,0,0,0.247253289818764,0,0,0,0,0,0,0,0,0,0.301462153593699,0,0.369475872766587,0.325149685144424,0.28003611736442,0.316992377583944,0.27120473324543,0,0.435304188751676,0.23495624853032,0.235050239437719,0.418939802930548,0.321086606010795,0,0.333831563591957
0.272002473473549,0,0.379099994897842,0,0,0,0,0,0.320046929376466,0,0,0,0,0,0,0,0,0,0,0,0,0,0.350313025712967,0,0.31217681368192,0,0,0,0,0,0,0,0.300641334144508,0.254980731794935,0,0,0.276263254729503,0.528016214924199,0.257301070426981,0,0.277562758210533,0.244512540102005,0.263239465347708,0,0,0,0.262389144727162,0.499058707878699,0.244906892932202,0.328816866874695,0,0,0,0,0,0,0.386517862478892,0,0,0,0,0,0,0.301948666572571,0,0,0,0,0,0,0,0,0,0,0,0.298833232372999,0.221465510298621,0.342030061539751,0.348248332738876,0.282256793426402,0.354569342828566,0.34224228311,0.31377585498017,0.249245449512208,0.258919943774,0,0.358195853978395
0,0,0,0.264115804008075,0,0.23106960952282,0,0,0,0.296039700508118,0,0.187031775712967,0,0,0,0,0.315806814111196,0.329821239531475,0.328129098923118,0.216627399202364,0,0,0,0,0,0,0,0,0,0.321591563522816,0,0.221066856079678,0,0.25343438384059,0,0,0.153378117308407,0.210182867620176,0,0.27370192994674,0.325682764252027,0.32334132193465,0.309875927865505,0.400135282737513,0,0.224370551382544,0,0.297352864612371,0.245032899081707,0.260599086788984,0,0,0,0,0,0,0,0.295938314097684,0,0,0,0,0.226836645288395,0,0,0,0.312249481678009,0,0,0,0,0,0.335462262684649,0,0.303286345463154,0,0.268671793534475,0,0.231952736647489,0.259520885245553,0.249387965496112,0.358255277077357,0.204515355780888,0.143334974348545,0.332102793035373,0.372625225380565,0.381639271974564
0,0,0.272684425115585,0,0.224807968139648,0,0.17277318239212,0,0,0,0.183725474484312,0,0,0,0,0,0.30573994324853,0.318829897572013,0.337285439919504,0,0.162058927010406,0,0,0,0,0,0,0,0,0,0,0.114931234573743,0.269983843190245,0.313170835375786,0.276263254729503,0.153378117308407,0,0.189623916149139,0.186687360124046,0,0.328407768736181,0.286055748877318,0.306107303415169,0.276433537403742,0.395909816026688,0,0.229601485867585,0.232712995486729,0.287750617024444,0.254101994362744,0.189104780554771,0,0,0,0,0,0.191990977380334,0,0,0,0,0,0.301119297742844,0.173128808930735,0,0,0,0,0,0,0,0,0,0.331410843878984,0,0.28220536051826,0,0.287094180846831,0.153287558107855,0.219108761505109,0.367127060890198,0.222615541731486,0.191675992305444,0.208639386575669,0.263678993284702,0.309395641088486,0.360328770677249
0,0,0,0.273083308339119,0,0,0,0,0,0.205151257738912,0,0.19649772491031,0,0,0,0,0.318855583667755,0.337697531282902,0.341831330914755,0.236885587076757,0,0.164225221291759,0.116215575486422,0.169374212084766,0,0,0,0.152990497844784,0,0.206484640431854,0,0,0,0.36096141594477,0.528016214924199,0.210182867620176,0.189623916149139,0,0.240646328656904,0.290752680972219,0,0.308085986700073,0,0.418453367054462,0,0.282966076268763,0,0.577388930924331,0,0.288137492966162,0,0,0,0,0,0.170739857774032,0,0.245791834134322,0,0,0,0,0.303184304640497,0,0.198028183783646,0,0.14854469534723,0,0,0,0.187409221505125,0,0.244897172955627,0,0,0,0.178240287303925,0.413161983092626,0.252725936390989,0.268706366419792,0.209653581007245,0.198111975843879,0.174750142989908,0.286045938606835,0.325539521248485,0.371109865213695,0
0.208969852099052,0,0,0,0.274457573890686,0,0,0,0.214863338347139,0,0.140031394871635,0,0,0,0,0,0.290421313473157,0.28869849940141,0.317070645824918,0,0.15244027475516,0,0.248173415449309,0,0.207310859570984,0,0,0,0.114823060731093,0,0.149638874026445,0,0.263346314430237,0.205168508622848,0.257301070426981,0,0.186687360124046,0.240646328656904,0,0,0.27513748808549,0.277442333953721,0.223228122273537,0,0.342920929193497,0,0.25169890927162,0.310318419152293,0.26183486769703,0.301125509398324,0,0,0,0,0.210727848112583,0,0.170753762846993,0,0,0,0,0,0,0.238757871862116,0,0.157892009276512,0,0.227338336013406,0,0.318696082702705,0,0.257603247554935,0,0.267591895241486,0,0,0.1872405509154,0.266376299190362,0.31010964512825,0.238751429122994,0.30628614872694,0.213072320596559,0.181992525514334,0.229079559112296,0.245744967460632,0,0.203858228551375
0,0,0,0.207265011966228,0,0.217275261878967,0,0,0,0,0,0.237719520926476,0,0,0,0,0.265556716001951,0.286494557533348,0.2663512848072,0.216915473341942,0,0,0,0.25350359082222,0,0,0,0,0,0.277101305127144,0,0,0,0.250639088451862,0,0.27370192994674,0,0.290752680972219,0,0,0.273259833455086,0.243957673883454,0.209805592894554,0.248087406158447,0,0.196018813472045,0,0.252895279675722,0,0.259642706227996,0,0,0,0,0,0,0,0.243930402500876,0,0,0,0,0.236272353989383,0,0,0,0,0,0,0,0,0,0.257889951268832,0,0,0,0.260370090603828,0,0.255081013380217,0.377312481403351,0.256062600255012,0,0.263489453897456,0,0.263316277742552,0.251801671726363,0
0,0,0,0,0.216190829873085,0,0,0,0,0,0,0,0,0,0,0,0.29600534075644,0.287483876242357,0.295403283733622,0,0,0.284745573997498,0,0.267442718148232,0,0.265957623720169,0,0,0,0,0,0,0.217636413872242,0,0.277562758210533,0.325682764252027,0.328407768736181,0,0.27513748808549,0.273259833455086,0,0.263341367476345,0.308729663470462,0.273239233359999,0.262085714019262,0.300191263357798,0.191144524536271,0.272495358736438,0.263858095132115,0.224196799820469,0,0,0,0,0,0,0,0,0,0,0,0,0.264884442090988,0.220844643710895,0,0,0,0,0,0,0,0,0,0.293328519910574,0,0.148819639278459,0,0.25268744255016,0.327964671783977,0.295913300567623,0.325440660119057,0.329553518000493,0.282600041936945,0.349193602800369,0.321236908887372,0,0.286185055971146
0,0.242880468095481,0,0.243771269917488,0,0,0,0,0,0.172271466503541,0,0.402291113680059,0,0,0,0,0.272034519850606,0.279044513717789,0.224660550101211,0.349945103483541,0,0,0,0.210307741707022,0,0,0,0,0,0.38244693887,0,0,0,0.274660500663298,0.244512540102005,0.32334132193465,0.286055748877318,0.308085986700073,0.277442333953721,0.243957673883454,0.263341367476345,0,0.190172588821907,0.236055141379093,0.203515946865082,0.272272602042982,0,0.262054172159653,0.247610264071604,0.23462102621382,0,0,0,0,0,0,0,0.293199852818535,0,0,0,0,0.311508995340421,0.228123046457767,0,0,0.153918821651202,0,0,0,0,0,0.333988916430924,0.340577483177185,0,0,0.273950441119572,0.25943423807621,0.321729662657377,0.312728743340018,0.34933362626962,0.306413212104848,0.231821466494056,0.253661478559176,0.251196509383687,0.243813698112738,0.187063033382098
0.166639735517295,0,0.29561951075807,0,0.260569640151832,0,0,0,0.242391177199104,0.25163197517395,0.33992063999176,0,0,0,0,0.262845039367676,0.264918741553336,0.2651111152437,0.276859822675031,0,0,0,0,0.234123814851046,0.222067045313971,0,0,0,0,0,0,0,0.286361873149872,0.361517697572708,0.263239465347708,0.309875927865505,0.306107303415169,0,0.223228122273537,0.209805592894554,0.308729663470462,0.190172588821907,0,0.212232461287862,0.287449107782261,0.260918710380793,0.311268079179254,0.246285553225071,0.283563716845921,0.281595223716327,0.273226098467906,0,0,0,0,0.264702528715134,0.325091372373738,0.293245509266853,0.32061255723238,0,0,0,0.267949281976773,0.318679962080458,0,0,0.258022144436836,0.259521558880806,0,0,0,0,0,0.387833698209361,0,0,0,0.272810136056065,0.306198818343026,0.340239635281766,0.329790077482661,0.359638721099455,0.234061314170751,0.180241050089107,0.294035355416207,0.240137537320455,0.25593538316412
0,0,0,0,0,0,0,0,0,0,0,0.488994032144547,0,0,0,0,0.306852966547012,0.311598781082365,0.393240476439472,0.486643642187119,0,0,0,0,0,0,0,0,0,0.434335291385651,0,0,0,0,0,0.400135282737513,0.276433537403742,0.418453367054462,0,0.248087406158447,0.273239233359999,0.236055141379093,0.212232461287862,0,0,0.376909047365189,0.20854477584362,0.239360883831978,0.237876556813717,0,0,0,0,0,0,0,0,0,0,0,0,0,0.293188013136387,0,0,0,0,0,0,0,0,0,0.465557497739792,0,0,0,0,0,0.369608570138613,0.313644018024206,0.486327747865157,0.355338553587596,0.335494257700749,0,0.381579007642965,0,0.201696753501892
0,0,0,0,0,0,0,0,0,0,0,0,0,0,0,0,0.282994568347931,0.299516720431192,0.239228889800426,0,0,0,0,0,0,0,0,0,0,0,0,0,0,0.374383419752121,0,0,0.395909816026688,0,0.342920929193497,0,0.262085714019262,0.203515946865082,0.287449107782261,0,0,0,0.317766965145157,0,0.392128509694132,0,0,0,0,0,0,0,0,0,0,0,0,0,0,0,0,0,0,0,0,0,0,0,0,0,0,0,0,0.314379304647446,0,0.404424827243831,0,0.417972247048122,0.221966303820754,0.360368371009827,0.282824286673258,0,0.307687528431416
0,0,0,0.153719806535677,0,0.216721445322037,0,0,0,0.288550227880478,0,0.314325218399366,0,0,0,0,0.312802940607071,0.268064531187216,0.279189078077193,0.228885864982238,0,0,0,0,0,0,0,0,0,0.333333475991737,0,0,0,0.218459025025368,0,0.224370551382544,0,0.282966076268763,0,0.196018813472045,0.300191263357798,0.272272602042982,0.260918710380793,0.376909047365189,0,0,0,0.227259132713079,0,0.221192165561344,0,0,0,0,0,0,0,0.286605753635956,0,0,0,0,0.196282639821409,0,0,0,0,0,0,0,0,0,0.328121643147372,0,0,0,0.224584832787514,0,0.210542827171588,0.323425461848577,0.290575190470689,0,0.269999718169371,0.276160389184952,0.242355110465094,0.263344964385033,0
0,0,0.165608085691929,0,0.214779531660159,0,0.313130125403404,0,0,0,0,0,0,0,0,0,0.260197222232819,0.296266078948975,0.262824848294258,0,0.209352004257115,0,0,0,0,0,0,0,0,0,0,0,0.212408229708672,0,0.262389144727162,0,0.229601485867585,0,0.25169890927162,0,0.191144524536271,0,0.311268079179254,0.20854477584362,0.317766965145157,0,0,0.257549611035358,0.286098059037096,0.226673066616058,0.281293772838332,0,0,0,0,0,0.324402555823326,0,0,0,0,0,0.242979988455772,0.263232131495731,0,0,0,0,0,0,0,0,0,0.314125357731151,0,0,0,0.240915631706064,0,0.227657532500802,0,0.281905841162572,0.258690478123781,0.299388070901235,0.259622240806352,0,0.319531680004937
0.270163761079311,0,0.329723228301321,0.245120584964752,0.254586659371853,0.224814221262932,0,0,0.27980297616049,0,0,0,0,0,0,0,0.243632480502129,0.233066760003567,0.247947640393091,0.239505037665367,0,0,0.363480018532794,0,0,0,0,0,0,0.259893853749548,0,0.280418938150009,0.288529211557225,0.460266254531841,0.499058707878699,0.297352864612371,0.232712995486729,0.577388930924331,0.310318419152293,0.252895279675722,0.272495358736438,0.262054172159653,0.246285553225071,0.239360883831978,0,0.227259132713079,0.257549611035358,0,0.234408833571596,0.385162558901529,0.297070890665054,0,0,0,0.263780429959297,0.238919124007225,0.341461067398389,0.266286973282695,0.331479161977768,0,0,0,0.249326309870029,0.301554567047528,0,0,0,0,0,0,0,0,0.276300616934895,0.290790141413086,0.342742288304913,0.240826310544479,0.395252449222526,0.390264988316232,0.281878624735803,0.264562908455178,0.486623024215895,0.338553412133439,0.269853109402054,0.454992896792564,0.271332774784302,0.298746147751808,0.345602717569896
0.173280672622578,0,0.206105122342706,0,0.268744499518954,0,0,0,0.199493912439192,0,0.197930559515953,0,0,0,0.214172020554543,0,0.298050941739764,0.299819353435721,0.317589232951579,0,0.260248184204102,0,0.247762754093856,0.280820727348328,0.352410599589348,0,0,0,0.347293894737959,0.243554726243019,0,0,0.15328380631076,0.318894684314728,0.244906892932202,0.245032899081707,0.287750617024444,0,0.26183486769703,0,0.263858095132115,0.247610264071604,0.283563716845921,0.237876556813717,0.392128509694132,0,0.286098059037096,0.234408833571596,0,0.266922479122877,0.274152874946594,0,0,0,0.18204443818993,0,0.289677283117891,0,0.294674475987752,0,0.205822977423668,0.270698547363281,0.292467802762985,0.296884018655807,0,0.328280011812846,0,0.325485145052274,0,0.299279393007358,0,0.312255092901201,0.25725494325161,0.352095752120852,0,0.157007692573226,0,0.249261574292875,0.25058842698733,0.278374853707758,0.33308333158493,0.269399091912739,0.260475480691469,0.270657380421956,0.289733593117003,0,0.352522474106911
0.245593145489693,0.190428306146795,0.269602119922638,0.14075669261717,0.231077086925507,0,0,0,0.288623303174973,0.286636583134532,0,0.254548100133737,0,0,0,0,0.257785886526108,0,0.236005259056886,0.272582078352571,0,0.187042052724532,0.326595261693001,0.258615337650884,0,0,0,0,0,0.255775859806596,0,0.300007477402687,0,0.340923033590461,0.328816866874695,0.260599086788984,0.254101994362744,0.288137492966162,0.301125509398324,0.259642706227996,0.224196799820469,0.23462102621382,0.281595223716327,0,0,0.221192165561344,0.226673066616058,0.385162558901529,0.266922479122877,0,0,0,0,0,0,0.24228431036075,0,0.228365682417696,0,0,0,0.163507685065269,0.282783009981746,0,0.24521672668851,0,0.227945398042599,0,0.236262497802575,0,0.216798648800749,0,0.242750119373557,0.272447235882282,0.34902086853981,0,0.307677220214497,0.329600986735574,0.22980736802949,0.223054440915585,0.373387099674421,0.309603715484793,0.271420641762776,0,0.270516148665779,0.269975632429123,0.316880196332932
0,0,0.179311685264111,0,0.136678874906566,0,0,0,0,0,0,0,0,0,0,0,0,0,0,0,0,0,0,0,0,0,0,0,0,0,0,0,0,0,0,0,0.189104780554771,0,0,0,0,0,0.273226098467906,0,0,0,0.281293772838332,0.297070890665054,0.274152874946594,0,0,0,0.118210151791573,0,0.125911168754101,0,0,0,0.120300747454166,0,0.223641712218523,0,0,0.254026708227617,0,0,0,0,0,0,0,0,0,0.310579925775528,0,0,0,0,0,0.317598909139633,0,0.302197974920273,0.219391060017404,0,0.234853843043388,0,0
0,0,0,0,0,0,0,0,0,0,0,0,0,0,0,0,0,0,0,0,0,0,0,0,0,0,0,0,0,0,0,0,0,0,0,0,0,0,0,0,0,0,0,0,0,0,0,0,0,0,0,0,0,0,0,0,0,0.176839283770985,0,0,0,0,0,0,0,0,0,0,0,0,0,0,0,0,0,0,0,0,0,0,0,0,0,0,0.202732091769576,0,0
0,0,0,0,0,0,0.16248031105937,0,0,0,0,0,0,0,0,0,0,0,0,0,0,0,0,0,0,0,0,0,0,0,0,0,0,0,0,0,0,0,0,0,0,0,0,0,0,0,0,0,0,0,0.118210151791573,0,0,0,0,0,0.205893567763269,0,0.151234388428649,0,0,0,0,0,0,0,0,0,0,0,0,0,0,0,0,0,0,0,0,0,0,0,0.152219292308603,0,0,0,0
0,0,0,0,0,0,0,0.151304875314236,0,0,0,0.169264344498515,0,0,0,0,0,0,0,0,0,0,0,0,0,0,0,0,0,0,0,0,0,0,0,0,0,0,0,0,0,0,0,0,0,0,0,0,0,0,0,0,0,0,0,0,0,0.143039852380753,0,0,0,0,0,0,0,0,0,0,0,0,0,0,0,0,0,0,0,0,0,0,0,0,0.162746861577034,0,0,0,0
0.188733884060022,0,0.148214332138499,0,0.131487303330928,0,0,0,0.217378665429179,0,0,0,0,0,0.179921746253967,0,0,0,0,0,0,0,0,0,0.215766525694302,0,0,0,0,0,0,0,0,0,0,0,0,0,0.210727848112583,0,0,0,0,0,0,0,0,0.263780429959297,0.18204443818993,0,0.125911168754101,0,0,0,0,0,0,0,0,0,0.183489579707384,0,0,0,0,0,0,0.267369962528648,0,0,0,0,0,0,0,0,0,0,0,0,0,0,0.193495612363426,0,0.165420904363457,0,0
0,0.192986614102947,0,0.17838329821825,0,0,0,0,0,0.174347631374033,0,0,0,0,0,0.164771395168085,0.176554935543161,0.186398219928813,0.228891667392519,0,0,0.167512807656418,0,0.160608270119976,0,0.162511953285762,0,0,0,0,0,0,0,0,0,0,0,0.170739857774032,0,0,0,0,0.264702528715134,0,0,0,0,0.238919124007225,0,0.24228431036075,0,0,0,0,0,0,0,0,0,0,0,0.165183282672213,0,0,0.16906734307607,0,0.16010801076332,0,0.170464392503103,0,0,0,0,0,0,0,0,0,0,0,0.235421768006156,0,0.171744951452964,0,0.154429572132918,0,0
0.169019096172773,0,0.196594708331741,0,0,0,0.185059905575033,0,0,0,0.195145895715066,0,0.136315937257475,0,0,0,0,0,0,0,0,0,0,0,0,0,0,0,0,0,0.181152111635758,0,0,0,0.386517862478892,0,0.191990977380334,0,0.170753762846993,0,0,0,0.325091372373738,0,0,0,0.324402555823326,0.341461067398389,0.289677283117891,0,0,0,0.205893567763269,0,0,0,0,0,0.144312436724531,0,0,0,0,0.246392301180296,0,0,0,0,0,0,0,0.221970586313142,0,0.253319761822088,0,0,0,0.304247389237086,0,0.290431555360556,0,0.284088440587587,0.204431121264185,0,0.255448104949456,0,0.316272568702698
0,0.180648657892432,0,0.255884339412053,0,0.182436646521091,0,0.203906165702002,0,0,0,0.224223173109931,0,0.15805207118392,0,0,0,0,0.291962345441182,0.269064259672657,0,0,0,0,0,0,0,0.381434410810471,0,0.280769761651754,0,0.25318917632103,0,0.235557109117508,0,0.295938314097684,0,0.245791834134322,0,0.243930402500876,0,0.293199852818535,0.293245509266853,0,0,0.286605753635956,0,0.266286973282695,0,0.228365682417696,0,0.176839283770985,0,0.143039852380753,0,0,0,0,0,0.133119423687458,0,0,0.303495190224702,0,0,0,0,0,0,0,0.339728119148724,0,0.273337339333604,0,0,0,0.267556011676788,0,0.265082273559243,0.307033687829971,0.257595657156064,0,0.167474240222028,0,0.254677331018765,0.328647688031197,0
0.183053240180016,0,0.186317252460867,0,0,0,0.181165048807594,0,0,0,0.150136908888817,0,0.172329443315211,0,0,0,0,0,0,0,0,0,0,0,0,0,0,0,0,0,0,0,0,0,0,0,0,0,0,0,0,0,0.32061255723238,0,0,0,0,0.331479161977768,0.294674475987752,0,0.120300747454166,0,0.151234388428649,0,0,0,0.144312436724531,0,0,0,0.129589006304741,0,0,0,0,0,0,0,0,0.181978918612003,0,0.203699716121743,0,0.32903641462326,0,0,0,0,0,0,0,0.349572122097015,0.171567647080672,0,0.23202221185872,0,0
0,0,0,0,0,0,0,0,0,0,0,0,0,0.1724734326748,0,0.169974861400468,0,0,0,0,0,0,0,0,0,0,0,0.145710597435633,0,0,0,0,0,0,0,0,0,0,0,0,0,0,0,0,0,0,0,0,0,0,0,0,0,0,0,0,0,0.133119423687458,0,0,0,0.162721157073975,0,0,0,0,0,0,0,0,0.23698068553046,0,0,0,0,0,0,0,0,0,0,0,0.142723073179905,0,0,0,0
0.17508896345442,0,0.216823060597692,0,0.238911438812601,0,0,0,0.206530763552739,0,0,0,0,0,0.128635365981609,0,0.169501529633999,0.160255283117294,0.178047403693199,0,0,0,0,0,0,0,0,0,0,0,0,0,0,0,0,0,0,0,0,0,0,0,0,0,0,0,0,0,0.205822977423668,0,0.223641712218523,0,0,0,0.183489579707384,0,0,0,0.129589006304741,0,0,0,0,0,0,0,0,0,0,0.118903249502182,0,0,0,0,0,0,0,0,0,0,0,0,0.150929242372513,0,0,0,0
0,0.201457745223134,0,0,0,0,0,0,0,0.161704541284995,0,0,0,0.259547233581543,0,0.177059060389019,0.156785518862307,0.153939012934163,0,0,0,0.159107336508376,0,0.150632944742316,0,0.148260114241892,0,0,0,0,0,0,0,0,0,0,0,0,0,0,0,0,0,0,0,0,0,0,0.270698547363281,0.163507685065269,0,0,0,0,0,0.165183282672213,0,0,0,0.162721157073975,0,0,0,0,0.146346426010132,0,0.1542424702396,0,0.14362740477449,0,0,0,0,0,0,0,0,0,0,0.278025314211845,0,0,0.170913541429369,0.157895335863376,0.206090302694412,0,0
0,0,0,0.229410722851753,0,0.257923120028013,0,0,0,0,0,0.286655456507415,0,0,0,0,0.290014682256657,0.294610272443623,0.278921439392226,0.218566649215335,0,0.263797521591187,0,0.225371822714806,0,0.268010467290878,0,0,0,0.324788907658315,0,0.237678796052933,0,0.247253289818764,0,0.226836645288395,0.301119297742844,0.303184304640497,0,0.236272353989383,0.264884442090988,0.311508995340421,0.267949281976773,0.293188013136387,0,0.196282639821409,0.242979988455772,0.249326309870029,0.292467802762985,0.282783009981746,0,0,0,0,0,0,0,0.303495190224702,0,0,0,0,0,0,0,0,0,0,0,0,0.320258885622025,0,0.343799810217229,0,0,0,0.259093046188354,0,0.242424478947791,0.298532674709956,0.308955293326689,0.308672092854977,0.233310154713571,0,0.297169402164248,0.299487704322452,0
0,0,0,0,0.254628742860112,0,0.253444725504288,0,0,0,0.146988218840288,0,0,0,0,0,0.289887328942617,0.289607316255569,0.270943179726601,0,0.18342065023774,0,0,0,0,0,0,0,0,0,0,0,0,0,0.301948666572571,0,0.173128808930735,0,0.238757871862116,0,0.220844643710895,0.228123046457767,0.318679962080458,0,0,0,0.263232131495731,0.301554567047528,0.296884018655807,0,0.254026708227617,0,0,0,0,0,0.246392301180296,0,0,0,0,0,0,0,0,0,0,0,0,0,0,0,0,0.283001672719173,0,0,0,0.241949573159218,0,0.249019480063988,0,0.281825047408977,0.177567281971141,0.19120616465807,0.265876894496908,0,0.30482617020607
0,0,0,0,0,0,0,0,0,0.158476671347251,0,0,0,0,0,0.160495054908097,0.157527109608054,0.173692385852337,0,0,0,0.185098542076185,0.132260992203827,0.192901653902871,0,0.148870150957789,0,0.219316726922989,0,0,0,0,0,0,0,0,0,0.198028183783646,0,0,0,0,0,0,0,0,0,0,0,0.24521672668851,0,0,0,0,0,0.16906734307607,0,0,0,0,0,0.146346426010132,0,0,0,0.157296044861569,0.235432905620999,0,0.215252001071349,0,0.246020975499162,0,0.269175845384598,0,0,0,0,0,0,0,0.334613455452345,0,0.147538673110873,0.16583523982101,0.400139401356379,0,0
0,0,0,0,0,0,0,0,0,0,0,0,0,0,0,0,0,0,0,0,0,0.172833614678495,0.200024596088376,0,0.219182467002135,0,0.237037857957915,0,0.206236908642145,0,0,0,0,0,0,0,0,0,0.157892009276512,0,0,0,0,0,0,0,0,0,0.328280011812846,0,0,0,0,0,0,0,0,0,0,0,0,0,0,0,0.157296044861569,0,0,0.258324715259828,0,0.229232105460209,0,0.227097846291683,0,0,0,0,0,0,0,0,0,0.209615421739217,0.183203604999479,0.167051147431769,0,0,0
0,0.130269076261255,0,0,0,0,0,0,0,0.162742573226883,0,0,0,0,0,0.160346882174844,0.177394313337626,0.183507076609674,0.221982107284557,0,0,0.205743667403502,0,0.172122948054746,0,0.162071549644073,0,0,0,0,0,0,0,0,0,0.312249481678009,0,0.14854469534723,0,0,0,0.153918821651202,0.258022144436836,0,0,0,0,0,0,0.227945398042599,0,0,0,0,0,0.16010801076332,0,0,0,0,0,0.1542424702396,0,0,0.235432905620999,0,0,0,0.187975195873725,0,0.220475905591604,0,0.301160961389542,0,0,0,0,0,0.291570693254471,0.309620919823647,0.182569177773518,0,0.164088958341171,0.249257482588291,0.185850066283057,0,0.263889074325562
0.185135632753372,0,0,0,0,0,0,0,0.224621953265298,0,0,0,0,0,0,0,0,0,0,0,0,0,0.233235997147858,0,0.172795606534305,0,0,0,0.338398138682048,0,0,0,0,0,0,0,0,0,0.227338336013406,0,0,0,0.259521558880806,0,0,0,0,0,0.325485145052274,0,0,0,0,0,0.267369962528648,0,0,0,0,0,0,0,0,0,0,0.258324715259828,0,0,0,0.254823734372679,0,0.29131627089598,0,0,0,0,0,0,0,0,0,0.204494774341583,0.176094007742559,0,0.231322258710861,0,0
0,0.15751222272714,0,0,0,0,0,0,0.151761263608932,0.1589941081724,0,0,0,0,0,0.153644467750307,0.150613446917498,0.140102107074238,0.20400272416217,0,0,0.184363076378676,0,0.153282362663624,0,0.142076508503362,0.139675244688988,0.132714308798313,0,0,0,0,0,0,0,0,0,0,0,0,0,0,0,0,0,0,0,0,0,0.236262497802575,0,0,0,0,0,0.170464392503103,0,0,0,0,0,0.14362740477449,0,0,0.215252001071349,0,0.187975195873725,0,0,0,0.237576965699404,0,0.258466392755508,0,0,0,0,0,0,0.255025774240494,0,0,0.152685100719652,0.147675356864929,0.172453173436224,0.26522833108902,0
0,0,0,0,0,0,0,0,0,0,0,0,0,0,0,0,0.155985956164924,0.139997586607933,0.170499414205551,0,0,0,0.225480765104294,0,0.293408492666024,0,0.161528496730207,0,0.143373561593202,0,0,0,0,0,0,0,0,0,0.318696082702705,0,0,0,0,0,0,0,0,0,0.299279393007358,0,0,0,0,0,0,0,0,0,0.181978918612003,0,0.118903249502182,0,0,0,0,0.229232105460209,0,0.254823734372679,0,0,0,0.18854696258088,0,0,0,0,0,0,0,0,0,0.327801056206226,0.16666467487812,0,0,0,0
0,0,0,0,0,0,0,0,0,0,0,0.344518717195167,0,0.177592650055885,0,0,0,0,0,0,0,0.250990426090975,0,0.227905949950218,0,0.189120237599127,0,0.244207473373357,0,0,0,0,0,0,0,0,0,0.187409221505125,0,0,0,0,0,0,0,0,0,0,0,0.216798648800749,0,0,0,0,0,0,0,0.339728119148724,0,0.23698068553046,0,0,0.320258885622025,0,0.246020975499162,0,0.220475905591604,0,0.237576965699404,0,0,0,0.265896208159276,0,0,0,0,0,0,0,0.251570001970722,0,0.142681414882342,0,0.21105387261728,0,0
0,0,0,0,0,0,0,0,0,0,0.126888945698738,0,0,0,0,0,0,0,0,0,0,0,0.206672040952577,0,0.31049702858383,0,0.210004150867462,0,0.206724114820663,0,0,0,0,0,0,0,0,0,0.257603247554935,0,0,0,0,0,0,0,0,0,0.312255092901201,0,0,0,0,0,0,0,0.221970586313142,0,0.203699716121743,0,0,0,0,0,0,0.227097846291683,0,0.29131627089598,0,0.18854696258088,0,0,0,0.282017585786083,0,0,0,0,0,0,0,0.241025889261281,0.140887081623077,0,0,0,0
