0,0,9.94165402650833,0,0,0,0,0,5.33724452628464,0,0,0,0,0,0,0,57.5994682312012,0,20.8938980102539,0,0,0,0,0,0,0,0,0,0,0,0,0,0,0,0,0,0,0,0,0,40.9949553353446,0,17.5549074102331,0,0,0,14.8333281108311,0,5.18563631057739,0,0,0,0,0,5.12777677365547,0,22.1185648781913,0,0,0,0,0,0,0,0,0,0,0,0,0,0,0,0,27.1598446585915,0,0,0,0,0,40.9761801825629,0,35.9025039672852,10.2081033420563,0,12.4443356096217,0,0
0,0,0,4.4508553981781,0,0,0,0,0,4.98328460142261,0,0,0,0,0,0,0,0,10.0315903557671,0,0,0,0,0,0,0,0,0,0,0,0,0,0,0,0,0,0,0,0,0,0,15.0140592286006,0,0,0,23.9350347518921,0,0,0,6.17011579556194,0,0,0,0,0,4.60351391976255,0,12.5271124158587,0,0,0,7.92071678069642,0,0,0,0,0,0,0,0,0,0,32.8762650489807,0,0,0,0,0,47.8256120681763,0,0,0,7.55505643844605,0,11.8908768714234,8.91131472587585,0
9.94165402650833,0,0,0,5.73248324471135,0,0,0,5.49124562740326,0,0,0,0,0,0,0,0,60.7342739105225,46.9845915900336,0,30.3774080276489,0,0,0,0,0,0,0,0,0,0,0,0,0,0,0,62.846134185791,0,0,0,40.0255229784095,0,23.1764221925002,0,18.6265239715576,30.3350324630737,20.2896553199448,31.718547335538,17.1415732701619,0,10.4104953720456,0,0,0,6.05900256633759,0,17.1849254190394,0,3.97298958897591,0,7.42254773931566,0,0,44.9725850423177,0,0,0,0,0,0,0,0,0,28.6726781572614,0,0,0,0,0,49.7035839278977,0,39.065605708531,23.0028047172391,0,22.3795977028889,0,19.2388114929199
0,4.4508553981781,0,0,0,10.4675587950082,0,0,0,0,0,0,0,0,0,0,0,0,47.9808631896973,0,0,0,0,0,0,0,0,0,0,0,0,0,0,0,0,67.1982917785645,0,0,0,41.8501335144043,0,27.0759703818332,0,39.6889400482178,0,46.0185317993164,38.2320995330811,39.218505859375,0,13.5089220278191,0,7.9013698728461,0,0,0,7.88942762388699,0,11.3505479437964,0,5.36175864137064,0,6.64280992754044,35.7789539337158,0,0,0,0,0,0,0,33.9994939168294,0,33.7132045482767,0,0,0,0,0,44.2663111686707,0,38.9326540629069,0,27.4836365154811,0,16.794468227288,24.3919551849365,0
0,0,5.73248324471135,0,0,0,2.96153616905212,0,3.44385889172554,0,0,0,0,0,0,0,0,0,0,0,0,0,0,0,0,0,0,0,0,0,0,0,0,0,0,0,2.7385630607605,0,0,0,0,0,0,0,0,0,19.471534093221,0,0,0,3.18114157248352,0,0,0,3.66238347221823,0,12.4663143157959,0,3.14933292071025,0,5.6063289642334,0,0,0,0,0,0,0,0,0,0,0,0,0,0,0,0,0,0,0,0,0,10.5333466847738,28.2865047454834,12.0078977823257,0,0
0,0,0,10.4675587950082,0,0,0,0,0,2.89794445037842,0,0,0,0,0,0,0,0,0,0,0,0,0,0,0,0,0,0,0,0,0,0,0,0,0,0,0,0,0,0,0,32.900577545166,0,0,0,0,0,0,0,44.4911003112793,0,3.69717389272775,0,0,0,0,0,3.64957307732624,0,5.9013786315918,0,0,0,0,0,0,0,0,0,0,0,0,0,0,0,0,0,0,0,0,0,0,6.48997733328078,0,12.5079560875893,0,0
0,0,0,0,2.96153616905212,0,0,0,0,0,2.85316681861877,0,3.22847369240551,0,0,0,0,0,0,0,0,0,0,0,0,0,0,0,0,0,0,0,0,0,0,0,0,0,0,0,0,0,0,0,0,0,0,0,0,0,0,0,3.15875286480476,0,0,0,5.92323692242304,0,3.48627649240158,0,0,0,0,16.6974716186523,0,0,0,0,0,0,0,0,0,0,0,0,0,0,0,0,0,0,0,0,0,0,0
0,0,0,0,0,0,0,0,0,0,0,0,0,2.88518130779266,0,0,0,0,0,0,0,0,0,0,0,0,0,0,0,0,0,0,0,0,0,0,0,0,0,0,0,0,0,0,0,0,0,0,0,0,0,3.97036416190011,0,3.45099284511586,0,0,0,3.82189756987931,0,3.79248924395301,0,0,0,0,0,0,0,0,0,0,0,0,0,0,0,0,0,0,0,0,0,0,0,0,0,0,0
5.33724452628464,0,5.49124562740326,0,3.44385889172554,0,0,0,0,0,0,0,0,0,0,0,0,0,0,0,0,0,0,0,3.48939507849076,0,0,0,0,0,0,0,0,0,0,0,0,0,3.72205229181992,0,0,0,6.1276273727417,0,0,0,0,0,0,0,0,0,0,0,4.62549427333631,0,0,0,0,0,3.02820071220398,0,0,0,0,0,0,0,0,0,0,0,0,0,0,0,0,0,0,0,0,0,6.64971138449276,0,3.52985784655712,0,0
0,4.98328460142261,0,0,0,2.89794445037842,0,0,0,0,0,0,0,0,0,2.86018869611952,0,0,0,0,0,0,0,4.37161223093669,0,2.95425033569336,0,0,0,0,0,0,0,0,0,0,0,3.0392973224322,0,0,0,3.28681085109711,0,0,0,0,0,0,0,0,0,0,0,0,0,7.30418239171511,0,0,0,0,0,3.78651106357574,0,0,0,0,2.84268188476562,0,0,0,0,0,0,0,0,0,0,0,0,0,0,0,3.8193315911082,3.21923160552979,5.2785850871693,0,0
0,0,0,0,0,0,2.85316681861877,0,0,0,0,0,2.90570067167282,0,0,0,0,0,0,0,4.095656309809,0,0,0,0,0,0,0,0,0,12.6152554313901,0,0,0,0,0,0,0,6.20107697650611,0,0,0,0,0,0,0,0,0,0,0,0,0,4.13496669479038,0,0,0,7.36448920900959,0,3.35576251029968,0,0,0,0,0,0,0,0,0,0,0,0,0,0,13.1283778543547,0,0,0,0,0,0,0,7.78851009077496,4.70769492511092,0,4.62811736265818,0,0
0,0,0,0,0,0,0,0,0,0,0,0,0,2.79497462511063,0,0,0,0,0,3.25340912637022,0,0,0,0,0,0,0,0,0,7.48354509549263,0,0,0,0,0,2.96684741973877,0,7.76631838135097,0,0,0,0,0,0,0,14.0992631912231,0,0,0,29.2606954574585,0,0,0,0,0,0,0,7.21817248865989,0,2.85488892162547,0,0,12.2742714327435,0,0,0,0,0,0,0,0,0,7.38863929803821,0,0,0,0,0,43.1340446472168,0,9.9695531129837,0,3.1690951983134,0,5.97669190830655,0,0
0,0,0,0,0,0,3.22847369240551,0,0,0,2.90570067167282,0,0,0,2.85288721323013,0,0,0,0,0,0,0,0,0,0,0,0,0,0,0,0,0,0,0,0,0,0,0,0,0,0,0,0,0,0,0,0,0,9.72486820220947,0,0,0,0,0,0,0,0,0,3.64148465341596,0,8.75544605255127,0,0,0,0,0,0,0,0,0,0,0,0,0,0,0,0,0,0,0,0,0,3.84633655548096,0,0,0,0
0,0,0,0,0,0,0,2.88518130779266,0,0,0,2.79497462511063,0,0,0,0,0,0,0,0,0,0,0,0,0,0,0,0,0,0,0,0,0,0,0,0,0,0,0,0,0,0,0,0,0,0,0,0,0,0,0,0,0,0,0,0,0,0,0,3.79443306662142,0,0,0,0,0,0,0,0,0,0,0,0,0,0,0,0,0,0,0,0,0,0,2.85585260391235,0,0,0,0
0,0,0,0,0,0,0,0,0,0,0,0,2.85288721323013,0,0,0,2.73939990997314,0,0,0,0,0,0,0,0,0,0,0,0,0,0,0,0,0,0,0,0,0,0,0,0,0,0,0,0,0,0,0,4.84633164405823,0,0,0,0,0,2.74751019477844,0,0,0,5.66518138573233,0,3.26705758446141,0,0,0,0,0,0,0,0,0,0,0,0,0,0,0,0,0,0,0,0,0,0,0,0,0,0
0,0,0,0,0,0,0,0,0,2.86018869611952,0,0,0,0,0,0,0,0,0,0,0,0,0,0,0,0,0,0,0,0,0,0,0,0,0,0,0,0,0,0,0,0,0,0,0,0,0,0,0,0,0,0,0,0,0,3.23259019851685,0,0,0,3.173743724823,0,3.36302732504331,0,0,0,0,0,0,0,0,0,0,0,0,0,0,0,0,0,0,0,0,2.90045855170802,3.37259593716374,0,0,0
57.5994682312012,0,0,0,0,0,0,0,0,0,0,0,0,0,2.73939990997314,0,0,22.4993403167564,18.4827394438219,0,0,18.1200561523438,9.53396270828075,48.3241752624512,9.94514990311403,0,9.05672576632435,0,0,0,0,0,0,0,0,97.3560447692871,88.9823042925666,0,0,69.5953191808752,67.7752760781182,61.6711713729366,45.7423195728036,55.1267438616071,46.3253803253174,55.5377716467931,56.8556697368622,0,82.5039647420247,60.8508987426758,0,0,0,0,0,0,71.862434387207,0,0,0,2.74725937843323,0,75.414391061534,73.8359642028809,79.5003356933594,12.0339258407292,0,5.79313989119096,0,10.7678339225905,0,0,75.8027928670247,61.0129661560059,0,91.3704528808594,0,0,72.8821669913627,77.2737606757849,56.2944183349609,66.9746114095052,13.923027286786,11.4376827763219,57.2786879716096,67.8718839372907,48.378041780912
0,0,60.7342739105225,0,0,0,0,0,0,0,0,0,0,0,0,0,22.4993403167564,0,19.3057250342759,0,0,11.4669392207234,24.5500563593472,20.5987776588749,20.9339353016445,3.46065621926234,37.4717386307255,2.98435914516449,0,0,0,0,0,0,0,79.6111125946045,89.2761993408203,0,0,61.1897246416877,70.612675621396,48.7868502722846,58.609377080744,49.3948607011275,43.1622676849365,59.9171434847036,57.1816454928345,60.8813400268555,84.7300796508789,51.1861656188965,0,0,0,0,0,0,0,57.1516208648682,0,0,0,0,68.7861026895457,71.5642162122224,13.640477736791,0,15.8134451115385,0,5.21408314069112,36.0360565185547,4.10694050788879,0,58.2292165756226,61.1389770507812,0,0,0,0,73.4977064866286,79.3469822692871,68.1906261444092,98.9624913533529,15.7725841676968,14.0310807266884,55.2260056741223,45.8588180541992,58.6578263176812
20.8938980102539,10.0315903557671,46.9845915900336,47.9808631896973,0,0,0,0,0,0,0,0,0,0,0,0,18.4827394438219,19.3057250342759,0,62.8448600769043,0,49.1714795430501,40.7193145751953,59.1956958770752,41.4122447967529,0,51.602954864502,0,0,0,0,0,106.735008239746,0,0,66.9351979966132,71.7761247995738,74.8899912834167,62.7986660003662,45.8415757934874,53.1424066210943,29.2281720443205,27.9523948066059,21.7625236329825,26.9143099433497,44.7258886572137,42.0023783884296,66.7741826375325,68.2146048112349,38.5117772322435,0,0,0,0,0,0,39.621769785881,37.8740390141805,0,0,0,0,56.8301125840797,54.3721955306548,0,0,0,0,0,0,45.3708287752592,0,38.2613472723192,36.7840219603644,0,88.0759989420573,66.9601211547852,80.8326217651367,57.8638150893782,59.1940287012253,45.7301105365419,46.1204435118922,15.7909624635445,46.1810729980469,35.1317512473099,24.6946792549641,23.1864352843145
0,0,0,0,0,0,0,0,0,0,0,3.25340912637022,0,0,0,0,0,0,62.8448600769043,0,0,0,0,0,0,0,0,0,0,0,0,0,0,0,0,6.01369631763488,0,6.04681055886405,0,0,0,0,0,0,0,18.1214097976685,0,0,0,0,0,0,0,0,0,0,0,0,0,0,0,0,11.1876398411521,0,0,0,0,0,0,0,0,0,0,0,0,0,0,0,7.32653394230342,0,12.7533586819967,0,9.50325727462769,0,3.75427993138631,0,0
0,0,30.3774080276489,0,0,0,0,0,0,0,4.095656309809,0,0,0,0,0,0,0,0,0,0,0,0,0,0,0,0,0,0,0,0,0,0,0,0,0,4.72978207305769,0,4.56378008868243,0,57.0170593261719,0,0,0,0,0,16.112590154012,0,32.8781242370605,0,3.07140433087068,0,15.8298778533936,0,0,0,6.06295934334177,0,0,0,44.703483581543,0,0,10.8833006724571,0,0,0,0,0,0,0,0,0,6.81770491600037,0,0,0,0,0,6.75166958637452,0,6.60530917461102,12.5569016193521,0,5.02891133891212,0,0
0,0,0,0,0,0,0,0,0,0,0,0,0,0,0,0,18.1200561523438,11.4669392207234,49.1714795430501,0,0,0,3.494768679142,6.19836827516556,0,0,0,3.52153993535925,0,0,0,0,0,0,0,0,0,11.4925737150052,0,0,0,36.9065074920654,0,0,0,0,71.8378448486328,0,0,18.8617082256785,0,0,0,0,0,0,0,29.8413750784738,0,28.1971035003662,0,0,42.2672829627991,0,5.29353754655519,0,5.20239770071847,0,11.6083924293518,0,16.0958678266287,0,18.7802946741988,0,0,0,0,0,59.1696262359619,0,11.9825205531782,0,5.12993129506054,6.57364339664065,47.376428604126,0,0
0,0,0,0,0,0,0,0,0,0,0,0,0,0,0,0,9.53396270828075,24.5500563593472,40.7193145751953,0,0,3.494768679142,0,0,3.57170697798332,0,6.60357474221124,0,2.89855916757841,0,0,0,0,28.4765084584554,24.3650875091553,0,0,0,9.58719866746025,0,0,0,0,0,0,0,0,24.4003810176143,10.1231171908379,0,0,0,0,0,0,0,0,0,0,0,0,0,0,0,0,4.57649966054891,0,4.00359308719635,0,0,0,0,0,0,0,0,0,0,0,101.369453430176,0,8.83024238960765,4.87753222744639,7.53968735907575,0,0,0
0,0,0,0,0,0,0,0,0,4.37161223093669,0,0,0,0,0,0,48.3241752624512,20.5987776588749,59.1956958770752,0,0,6.19836827516556,0,0,0,0,0,0,0,0,0,0,0,0,0,0,0,5.57905344050316,0,0,0,3.47564744949341,0,0,0,0,0,0,0,9.52847005293621,0,0,0,0,0,3.50438582606432,0,0,0,0,0,0,0,0,5.36495384402659,0,4.48248687053751,0,6.10841522897993,0,7.38459409733929,0,0,0,0,0,0,0,0,0,6.93129271186442,0,5.88279742370417,30.1530914306641,8.99240330060323,0,0
0,0,0,0,0,0,0,0,3.48939507849076,0,0,0,0,0,0,0,9.94514990311403,20.9339353016445,41.4122447967529,0,0,0,3.57170697798332,0,0,0,4.99827262934516,0,0,0,0,0,0,0,0,0,0,0,6.40756617507504,0,0,0,0,0,0,0,0,20.4992237091064,6.2846921767042,0,0,0,0,0,4.41641174489802,0,0,0,0,0,0,0,0,0,0,3.99095849733095,0,3.12493017673492,0,5.8233642578125,0,0,0,0,0,0,0,0,0,0,0,6.62624606304481,6.48713511855979,11.1639937203506,10.9139394760132,0,0
0,0,0,0,0,0,0,0,0,2.95425033569336,0,0,0,0,0,0,0,3.46065621926234,0,0,0,0,0,0,0,0,0,3.30279922485352,0,0,0,0,0,0,0,0,0,0,0,0,0,0,0,0,0,0,0,0,0,0,0,0,0,0,0,0,0,0,0,0,0,0,0,0,7.82954454421997,0,5.60001794497172,0,6.05970351578409,0,7.11064834363999,0,0,0,0,0,0,0,0,0,0,0,5.45221738815308,0,0,0,0
0,0,0,0,0,0,0,0,0,0,0,0,0,0,0,0,9.05672576632435,37.4717386307255,51.602954864502,0,0,0,6.60357474221124,0,4.99827262934516,0,0,0,3.30981082764883,0,0,0,0,0,0,0,0,0,0,0,0,0,0,0,0,0,0,0,0,0,0,0,0,0,0,0,0,0,0,0,0,0,0,0,0,4.2215991453691,0,0,0,3.42286174947565,0,3.5942472539297,0,0,0,0,0,0,0,0,0,0,9.60526340007782,14.8808229083107,0,0,0
0,0,0,0,0,0,0,0,0,0,0,0,0,0,0,0,0,2.98435914516449,0,0,0,3.52153993535925,0,0,0,3.30279922485352,0,0,0,3.0341726064682,0,0,0,0,0,0,0,0,0,0,0,0,0,0,0,0,0,0,0,0,0,0,0,0,0,0,0,0,0,0,0,0,0,0,3.59026503562927,0,0,0,9.94289302825928,0,4.03537144174729,0,3.4289738535881,0,0,0,0,0,0,0,4.53018432193332,0,2.95774018764496,0,0,0,0
0,0,0,0,0,0,0,0,0,0,0,0,0,0,0,0,0,0,0,0,0,0,2.89855916757841,0,0,0,3.30981082764883,0,0,0,3.87047897685658,0,0,0,0,0,0,0,3.48163270950317,0,0,0,0,0,0,0,0,0,0,0,0,0,0,0,0,0,0,0,0,0,0,0,0,0,0,8.11876899487264,0,0,0,5.84902435603895,0,4.82931191872719,0,0,0,0,0,0,0,0,0,3.89145567783943,0,3.23817308743795,0,0,0
0,0,0,0,0,0,0,0,0,0,0,7.48354509549263,0,0,0,0,0,0,0,0,0,0,0,0,0,0,0,3.0341726064682,0,0,0,0,0,0,0,0,0,2.92639148039896,0,0,0,0,0,0,0,0,0,0,0,0,0,0,0,0,0,0,0,4.96743456233632,0,0,0,0,0,0,0,0,0,0,0,0,3.0668709230423,0,5.72728961039886,0,0,0,0,0,0,0,2.97725031110975,0,2.74737644195557,0,0,0,0
0,0,0,0,0,0,0,0,0,0,12.6152554313901,0,0,0,0,0,0,0,0,0,0,0,0,0,0,0,0,0,3.87047897685658,0,0,0,0,0,0,0,0,0,3.63268337225673,0,0,0,0,0,0,0,0,0,0,0,0,0,0,0,0,0,5.48127332459325,0,0,0,0,0,0,0,0,0,0,0,0,0,0,4.85699081420898,0,3.57146670866986,0,0,0,0,0,0,0,3.8844000916732,0,0,0,0,0
0,0,0,0,0,0,0,0,0,0,0,0,0,0,0,0,0,0,0,0,0,0,0,0,0,0,0,0,0,0,0,0,0,4.45096004803975,0,10.9335245532219,0,0,0,0,0,0,0,0,0,0,0,6.46467075439069,0,0,0,0,0,0,0,0,0,0,0,0,0,0,0,0,0,0,0,0,0,0,0,0,0,0,5.85293754129585,0,4.78566775435493,0,11.6289565077669,0,0,0,3.12817428295429,0,0,0,0
0,0,0,0,0,0,0,0,0,0,0,0,0,0,0,0,0,0,106.735008239746,0,0,0,0,0,0,0,0,0,0,0,0,0,0,0,3.24740586280823,11.3889493942261,3.91929439473071,0,0,0,0,0,0,0,0,0,0,3.49950616809988,33.4955034255981,0,0,0,0,0,0,0,0,0,0,0,0,0,0,0,0,0,0,0,0,0,0,0,0,0,0,4.03112385658447,0,5.70124350653754,16.6618900299072,10.3736891699153,0,0,6.21521949768066,0,0,0,0
0,0,0,0,0,0,0,0,0,0,0,0,0,0,0,0,0,0,0,0,0,0,28.4765084584554,0,0,0,0,0,0,0,0,4.45096004803975,0,0,4.55191785513522,4.59240923189137,0,5.50945212695804,6.80190451423843,0,0,0,0,0,0,0,0,4.72956506176558,14.5241968291146,11.5377149581909,0,0,0,0,0,0,0,0,0,0,0,0,0,0,0,0,0,21.1337032318115,0,0,0,0,0,0,7.88871825858951,0,4.60568058183043,3.23597311596327,5.80966262914697,0,4.65839049339294,14.0514390945435,5.69866916223576,0,8.62324523925781,0,0
0,0,0,0,0,0,0,0,0,0,0,0,0,0,0,0,0,0,0,0,0,0,24.3650875091553,0,0,0,0,0,0,0,0,0,3.24740586280823,4.55191785513522,0,0,5.26152570708459,7.51413946151733,3.79802938197788,0,0,0,0,0,0,0,0,5.3608890008309,7.74169058066148,0,0,0,0,0,0,0,0,0,0,0,0,0,0,0,0,0,0,0,0,0,0,0,0,0,0,4.29357873943617,4.78853902426906,4.24033887407943,0,10.5385372789427,0,5.6643482348958,3.24624431984765,0,0,0,0
0,0,0,67.1982917785645,0,0,0,0,0,0,0,2.96684741973877,0,0,0,0,97.3560447692871,79.6111125946045,66.9351979966132,6.01369631763488,0,0,0,0,0,0,0,0,0,0,0,10.9335245532219,11.3889493942261,4.59240923189137,0,0,4.26091348591136,7.08519655515655,0,29.1100412563041,0,43.273369394789,83.9162826538086,48.1977854047503,0,39.5393253174503,125.98787689209,9.02783437484174,0,39.4940013151902,0,0,0,0,0,0,0,0,0,0,0,78.5918502807617,17.2583246064793,116.665946960449,0,0,0,0,0,0,0,0,63.0208274841309,0,8.37720680882354,0,7.5096896920564,0,8.39477434889219,14.6473869482676,13.2558994473555,11.7253003120422,7.19295536565926,10.0595972061157,41.2733135433264,45.0578819621693,0
0,0,62.846134185791,0,2.7385630607605,0,0,0,0,0,0,0,0,0,0,0,88.9823042925666,89.2761993408203,71.7761247995738,0,4.72978207305769,0,0,0,0,0,0,0,0,0,0,0,3.91929439473071,0,5.26152570708459,4.26091348591136,0,0,5.36258171407003,163.699417114258,56.5515078376321,0,46.1614888866844,0,55.8550062913161,0,40.3648810654356,22.9501129753736,27.9710032800922,0,0,0,0,0,0,0,34.4159382581711,0,0,0,80.2064361572266,0,0,15.728153256503,0,0,0,0,0,0,0,0,0,71.6721547444661,0,5.89739364829958,0,16.2702647781578,7.80601374962751,7.27109622193366,0,7.80855451141737,9.02492394947797,5.39335026059832,30.1590432811482,0,48.1496712534051
0,0,0,0,0,0,0,0,0,3.0392973224322,0,7.76631838135097,0,0,0,0,0,0,74.8899912834167,6.04681055886405,0,11.4925737150052,0,5.57905344050316,0,0,0,0,0,2.92639148039896,0,0,0,5.50945212695804,7.51413946151733,7.08519655515655,0,0,6.53405968015844,31.4121634165446,0,5.6575566927592,0,0,0,19.9624510964194,0,6.55009934628845,14.2154245376587,8.65464414805174,0,0,0,0,0,2.73535871505737,0,6.44124228477478,0,0,0,0,14.9916846420755,0,11.8709363957246,0,6.46805127898415,0,5.71180582046509,0,15.5968859354655,0,4.33160275679368,0,0,0,6.60293311189722,0,11.1356065010627,0,5.35361690108185,7.40151730179787,4.75317791675905,2.7395715713501,6.79547028443248,40.2793617248535,0
0,0,0,0,0,0,0,0,3.72205229181992,0,6.20107697650611,0,0,0,0,0,0,0,62.7986660003662,0,4.56378008868243,0,9.58719866746025,0,6.40756617507504,0,0,0,3.48163270950317,0,3.63268337225673,0,0,6.80190451423843,3.79802938197788,0,5.36258171407003,6.53405968015844,0,0,0,0,7.56999713182449,0,0,0,25.1214429415189,8.46968711055859,6.52031540040638,0,0,0,0,0,5.98920866648356,0,8.51820241285293,0,0,0,0,0,0,12.5269624169739,0,9.70273805349723,0,6.47867056801206,0,0,0,3.20897643276722,0,10.0913628231395,0,0,7.49627351760864,5.54553387331408,0,7.57894061265453,5.25609565462385,4.99842607574546,5.16849371247587,3.50959684054057,8.5843909388607,0,32.7097352345785
0,0,0,41.8501335144043,0,0,0,0,0,0,0,0,0,0,0,0,69.5953191808752,61.1897246416877,45.8415757934874,0,0,0,0,0,0,0,0,0,0,0,0,0,0,0,0,29.1100412563041,163.699417114258,31.4121634165446,0,0,88.8264427185059,19.9098452594108,65.4364217122396,26.0052802619033,80.0164947509766,17.351506593058,81.3143790108817,7.57444046093867,8.48436306073115,6.07810659472513,0,0,0,0,0,0,0,52.1374384562174,0,49.033447265625,0,60.0842056274414,8.53828090662137,0,0,0,0,0,0,0,56.855920791626,0,51.8973045349121,0,0,0,0,0,20.9134113711833,94.1060647964478,28.9445476929347,0,45.2762627757679,0,13.1067403523561,21.3853225443098,62.1132287979126
40.9949553353446,0,40.0255229784095,0,0,0,0,0,0,0,0,0,0,0,0,0,67.7752760781182,70.612675621396,53.1424066210943,0,57.0170593261719,0,0,0,0,0,0,0,0,0,0,0,0,0,0,0,56.5515078376321,0,0,88.8264427185059,0,87.7710800170898,25.3636238084859,64.1500778198242,27.1596348854803,81.3844902732155,12.9845013356144,8.97519981861115,8.75045517382321,0,0,0,0,0,0,0,47.2146737234933,0,0,0,0,0,112.245239257812,8.19272967321532,0,0,0,0,0,0,0,0,0,56.7724072383,0,0,0,0,130.303810119629,13.8298135218413,80.993278503418,20.0262948608398,48.2752315441767,0,16.0085784338336,0,24.3314926791093
0,15.0140592286006,0,27.0759703818332,0,32.900577545166,0,0,0,3.28681085109711,0,0,0,0,0,0,61.6711713729366,48.7868502722846,29.2281720443205,0,0,36.9065074920654,0,3.47564744949341,0,0,0,0,0,0,0,0,0,0,0,43.273369394789,0,5.6575566927592,0,19.9098452594108,87.7710800170898,0,8.39283597994846,14.7149957993935,34.3111912409464,21.2270072158275,69.6184031837865,18.4897339344025,103.389190673828,15.0602711733163,0,0,0,0,0,37.9471969604492,0,16.6672289224448,0,22.4160950469971,0,30.9436719076974,26.852757179326,0,35.002316792806,0,33.535514831543,0,0,0,19.8452196389102,0,18.5100737625212,0,0,0,50.7785428365072,0,32.4923694908387,82.6268154144287,33.9000325972034,58.2560768127441,13.1005761606678,0,13.5725966771728,11.9876314756813,39.9191493988037
17.5549074102331,0,23.1764221925002,0,0,0,0,0,6.1276273727417,0,0,0,0,0,0,0,45.7423195728036,58.609377080744,27.9523948066059,0,0,0,0,0,0,0,0,0,0,0,0,0,0,0,0,83.9162826538086,46.1614888866844,0,7.56999713182449,65.4364217122396,25.3636238084859,8.39283597994846,0,32.4025077819824,13.4766173049318,69.7752858116513,22.2671322261067,14.3660188390968,16.3609599676468,0,37.6391372680664,0,0,0,0,0,13.738706838517,0,0,0,0,0,77.1307729085286,29.0763780543513,0,0,0,33.5444583892822,0,0,0,0,90.0937194824219,11.5137506549362,0,58.8602085113525,0,52.0980847676595,81.3326589410955,35.7286235431327,0,29.7318819607005,14.6164906637273,0,12.7161917887287,91.2864418029785,9.96691632270813
0,0,0,39.6889400482178,0,0,0,0,0,0,0,0,0,0,0,0,55.1267438616071,49.3948607011275,21.7625236329825,0,0,0,0,0,0,0,0,0,0,0,0,0,0,0,0,48.1977854047503,0,0,0,26.0052802619033,64.1500778198242,14.7149957993935,32.4025077819824,0,47.6544227600098,19.4218880700882,57.0214104652405,0,0,26.0700632163457,0,0,0,0,0,0,0,36.0663324991862,0,0,0,0,26.9115705336294,0,0,0,0,0,0,0,40.3170471191406,0,32.5366755398837,0,0,0,0,0,33.6438423010488,90.0862617492676,40.3624312082926,0,13.5681643207713,50.3541831970215,16.7560102932224,16.6775942367056,0
0,0,18.6265239715576,0,0,0,0,0,0,0,0,0,0,0,0,0,46.3253803253174,43.1622676849365,26.9143099433497,0,0,0,0,0,0,0,0,0,0,0,0,0,0,0,0,0,55.8550062913161,0,0,80.0164947509766,27.1596348854803,34.3111912409464,13.4766173049318,47.6544227600098,0,89.545970916748,20.5199699072055,0,34.4382438659668,0,0,0,0,0,0,0,25.9418163299561,0,0,0,0,0,0,28.571996722305,0,0,0,0,0,0,0,0,0,0,0,0,0,0,108.642059326172,39.9496111700377,0,33.1013517379761,19.8830438020094,0,19.0153299203286,0,30.416015364907
0,23.9350347518921,30.3350324630737,46.0185317993164,0,0,0,0,0,0,0,14.0992631912231,0,0,0,0,55.5377716467931,59.9171434847036,44.7258886572137,18.1214097976685,0,0,0,0,0,0,0,0,0,0,0,0,0,0,0,39.5393253174503,0,19.9624510964194,0,17.351506593058,81.3844902732155,21.2270072158275,69.7752858116513,19.4218880700882,89.545970916748,0,58.8286706058919,64.9857635498047,32.2427520751953,20.5102241531877,0,0,0,0,0,0,0,24.8785740922137,0,29.6706771850586,0,0,11.9283412980206,70.1470406850179,0,0,0,0,0,0,30.1829436973289,0,32.5121519513752,0,0,0,0,0,27.6706926560747,87.9654283685199,21.2181606560545,83.1599502563477,49.7865596717259,73.4773178100586,17.8659637654214,38.3872675317706,59.3755416870117
14.8333281108311,0,20.2896553199448,38.2320995330811,19.471534093221,0,0,0,0,0,0,0,0,0,0,0,56.8556697368622,57.1816454928345,42.0023783884296,0,16.112590154012,71.8378448486328,0,0,0,0,0,0,0,0,0,0,0,0,0,125.98787689209,40.3648810654356,0,25.1214429415189,81.3143790108817,12.9845013356144,69.6184031837865,22.2671322261067,57.0214104652405,20.5199699072055,58.8286706058919,0,34.8994496464729,24.0154062271118,31.8209133148193,0,0,0,0,45.0953884124756,0,24.4286243853362,0,0,0,36.0231127057757,0,75.430734761556,11.3450707485564,0,0,0,0,0,0,0,0,50.7998008728027,30.1386950222062,0,47.6946830749512,0,65.4498519897461,89.1109157909047,29.3736299140371,0,20.9688692752804,40.2479991961007,75.8376846313477,15.6354074867554,75.8436613082886,43.3371657965318
0,0,31.718547335538,39.218505859375,0,0,0,0,0,0,0,0,0,0,0,0,0,60.8813400268555,66.7741826375325,0,0,0,24.4003810176143,0,20.4992237091064,0,0,0,0,0,0,6.46467075439069,3.49950616809988,4.72956506176558,5.3608890008309,9.02783437484174,22.9501129753736,6.55009934628845,8.46968711055859,7.57444046093867,8.97519981861115,18.4897339344025,14.3660188390968,0,0,64.9857635498047,34.8994496464729,0,6.24318079463129,6.04175889680364,0,0,0,0,0,0,0,0,0,0,0,0,0,65.7405853271484,11.9582290649414,28.7810203234355,18.9861421585083,18.2290170306251,0,0,0,0,0,0,5.27131053180229,6.96948961964969,5.67072400323888,11.6575581203272,9.1430213135116,15.1808224736568,4.22441642511459,12.4222929797437,7.26126734659746,0,9.02840583618839,0,0
5.18563631057739,0,17.1415732701619,0,0,0,0,0,0,0,0,0,9.72486820220947,0,4.84633164405823,0,82.5039647420247,84.7300796508789,68.2146048112349,0,32.8781242370605,0,10.1231171908379,0,6.2846921767042,0,0,0,0,0,0,0,33.4955034255981,14.5241968291146,7.74169058066148,0,27.9710032800922,14.2154245376587,6.52031540040638,8.48436306073115,8.75045517382321,103.389190673828,16.3609599676468,0,34.4382438659668,32.2427520751953,24.0154062271118,6.24318079463129,0,7.22999032974243,0,0,0,0,0,0,12.3337343505826,0,5.42120074696011,0,4.8559693805242,0,0,29.6019206047058,0,14.1929411888123,0,7.5558963517348,0,0,0,3.16634714603424,0,22.7509357659322,0,38.9458910624186,0,7.85433037527676,0,21.2544239303698,0,5.84729261657819,10.6249496835594,0,11.3683545234793,0,27.5916726112366
0,6.17011579556194,0,13.5089220278191,0,44.4911003112793,0,0,0,0,0,29.2606954574585,0,0,0,0,60.8508987426758,51.1861656188965,38.5117772322435,0,0,18.8617082256785,0,9.52847005293621,0,0,0,0,0,0,0,0,0,11.5377149581909,0,39.4940013151902,0,8.65464414805174,0,6.07810659472513,0,15.0602711733163,0,26.0700632163457,0,20.5102241531877,31.8209133148193,6.04175889680364,7.22999032974243,0,0,0,0,0,0,38.1392555236816,0,15.8336730180468,0,6.96716551482677,0,9.24523332627747,23.8260747006065,0,17.0534863531293,0,8.22598903813166,0,4.22498831382165,0,16.4005905798906,0,22.7466446249573,0,37.0985679626465,0,25.636848449707,0,8.88717642269973,0,6.53516294637418,0,11.6554168770872,0,12.7054812673966,14.8288041405056,0
0,0,10.4104953720456,0,3.18114157248352,0,0,0,0,0,0,0,0,0,0,0,0,0,0,0,3.07140433087068,0,0,0,0,0,0,0,0,0,0,0,0,0,0,0,0,0,0,0,0,0,37.6391372680664,0,0,0,0,0,0,0,0,0,0,0,4.64410877227783,0,6.0254285219239,0,3.57759851750815,0,4.64924948032086,0,0,0,0,0,0,0,0,0,0,0,0,0,0,0,0,0,0,0,0,0,4.01687574386597,0,19.6999046325684,0,0
0,0,0,7.9013698728461,0,3.69717389272775,0,3.97036416190011,0,0,0,0,0,0,0,0,0,0,0,0,0,0,0,0,0,0,0,0,0,0,0,0,0,0,0,0,0,0,0,0,0,0,0,0,0,0,0,0,0,0,0,0,0,4.12564305918557,0,0,0,7.21183303550438,0,4.98797184090282,0,5.14918367759041,0,0,0,0,0,0,0,0,0,0,0,0,0,0,0,0,0,0,0,0,3.54789693893925,0,8.55196106433868,0,0
0,0,0,0,0,0,3.15875286480476,0,0,0,4.13496669479038,0,0,0,0,0,0,0,0,0,15.8298778533936,0,0,0,0,0,0,0,0,0,0,0,0,0,0,0,0,0,0,0,0,0,0,0,0,0,0,0,0,0,0,0,0,0,0,0,5.15573125365955,0,4.41748659646333,0,0,0,0,15.7024149894714,0,0,0,0,0,0,0,0,0,0,0,0,0,0,0,0,0,0,0,0,0,0,0
0,0,0,0,0,0,0,3.45099284511586,0,0,0,0,0,0,0,0,0,0,0,0,0,0,0,0,0,0,0,0,0,0,0,0,0,0,0,0,0,0,0,0,0,0,0,0,0,0,0,0,0,0,0,4.12564305918557,0,0,0,0,0,4.36640098461738,0,5.40040731430054,0,0,0,0,0,0,0,0,0,0,0,0,0,0,0,0,0,0,0,0,0,0,0,0,0,0,0
5.12777677365547,0,6.05900256633759,0,3.66238347221823,0,0,0,4.62549427333631,0,0,0,0,0,2.74751019477844,0,0,0,0,0,0,0,0,0,4.41641174489802,0,0,0,0,0,0,0,0,0,0,0,0,0,5.98920866648356,0,0,0,0,0,0,0,45.0953884124756,0,0,0,4.64410877227783,0,0,0,0,0,6.29506877752451,0,0,0,4.42965784625095,0,0,0,0,0,0,3.68606392430588,0,0,0,0,0,0,0,0,0,0,0,0,0,5.0036633123051,0,0,5.32950918596299,0,0
0,4.60351391976255,0,7.88942762388699,0,0,0,0,0,7.30418239171511,0,0,0,0,0,3.23259019851685,0,0,0,0,0,0,0,3.50438582606432,0,0,0,0,0,0,0,0,0,0,0,0,0,2.73535871505737,0,0,0,37.9471969604492,0,0,0,0,0,0,0,38.1392555236816,0,0,0,0,0,0,0,0,0,0,0,4.22300672531128,0,0,0,0,4.47850755317099,0,4.09672961235046,0,0,0,0,0,0,0,0,0,0,0,10.6015288871631,0,4.75489887510027,0,7.07959777004314,0,0
22.1185648781913,0,17.1849254190394,0,12.4663143157959,0,5.92323692242304,0,0,0,7.36448920900959,0,0,0,0,0,71.862434387207,0,39.621769785881,0,6.06295934334177,0,0,0,0,0,0,0,0,0,5.48127332459325,0,0,0,0,0,34.4159382581711,0,8.51820241285293,0,47.2146737234933,0,13.738706838517,0,25.9418163299561,0,24.4286243853362,0,12.3337343505826,0,6.0254285219239,0,5.15573125365955,0,6.29506877752451,0,0,0,4.06301120153984,0,7.04529190556756,0,0,6.86113007228684,0,0,0,0,0,0,0,0,0,6.29899413969072,0,0,0,0,0,60.675564066569,0,11.0258030024442,21.8366695540292,0,8.18998100844072,0,14.9445757457188
0,12.5271124158587,0,11.3505479437964,0,3.64957307732624,0,3.82189756987931,0,0,0,7.21817248865989,0,0,0,0,0,57.1516208648682,37.8740390141805,0,0,29.8413750784738,0,0,0,0,0,0,0,4.96743456233632,0,0,0,0,0,0,0,6.44124228477478,0,52.1374384562174,0,16.6672289224448,0,36.0663324991862,0,24.8785740922137,0,0,0,15.8336730180468,0,7.21183303550438,0,4.36640098461738,0,0,0,0,0,5.5257931953917,0,4.45279659063388,14.3072192969236,0,22.426113764445,0,21.4462820688883,0,9.6919641494751,0,8.03301684132016,0,8.03957222404331,0,0,0,0,0,33.7390993567789,0,18.6767909765244,0,21.5008883958452,0,11.9269815887814,18.3379564285278,145.331359863281
0,0,3.97298958897591,0,3.14933292071025,0,3.48627649240158,0,0,0,3.35576251029968,0,3.64148465341596,0,5.66518138573233,0,0,0,0,0,0,0,0,0,0,0,0,0,0,0,0,0,0,0,0,0,0,0,0,0,0,0,0,0,0,0,0,0,5.42120074696011,0,3.57759851750815,0,4.41748659646333,0,0,0,4.06301120153984,0,0,0,4.4681545595328,0,0,0,0,0,0,0,0,0,0,2.92463493347168,0,0,0,0,0,0,0,0,0,0,3.40423499107361,0,8.00501132011414,0,0
0,0,0,5.36175864137064,0,5.9013786315918,0,3.79248924395301,0,0,0,2.85488892162547,0,3.79443306662142,0,3.173743724823,0,0,0,0,0,28.1971035003662,0,0,0,0,0,0,0,0,0,0,0,0,0,0,0,0,0,49.033447265625,0,22.4160950469971,0,0,0,29.6706771850586,0,0,0,6.96716551482677,0,4.98797184090282,0,5.40040731430054,0,0,0,5.5257931953917,0,0,0,3.0984432732881,19.3852883179982,0,0,0,0,0,5.92180895805359,0,4.68847530797492,0,20.6039867401123,0,0,0,0,0,33.1314116886684,0,0,0,23.4949115117391,0,8.95901344462139,0,0
0,0,7.42254773931566,0,5.6063289642334,0,0,0,3.02820071220398,0,0,0,8.75544605255127,0,3.26705758446141,0,2.74725937843323,0,0,0,44.703483581543,0,0,0,0,0,0,0,0,0,0,0,0,0,0,0,80.2064361572266,0,0,0,0,0,0,0,0,0,36.0231127057757,0,4.8559693805242,0,4.64924948032086,0,0,0,4.42965784625095,0,7.04529190556756,0,4.4681545595328,0,0,0,0,0,0,0,0,0,0,0,0,0,0,39.2681083679199,0,0,0,0,0,58.1840343475342,0,49.2414754231771,0,0,26.9697294816738,0,42.0609893798828
0,7.92071678069642,0,6.64280992754044,0,0,0,0,0,3.78651106357574,0,0,0,0,0,3.36302732504331,0,0,0,0,0,0,0,0,0,0,0,0,0,0,0,0,0,0,0,78.5918502807617,0,0,0,60.0842056274414,0,30.9436719076974,0,0,0,0,0,0,0,9.24523332627747,0,5.14918367759041,0,0,0,4.22300672531128,0,4.45279659063388,0,3.0984432732881,0,0,0,0,0,0,0,0,0,0,3.93303087779454,0,0,0,0,0,0,0,0,0,0,0,4.24271535873413,0,15.2354646478809,0,0
0,0,0,35.7789539337158,0,0,0,0,0,0,0,12.2742714327435,0,0,0,0,75.414391061534,68.7861026895457,56.8301125840797,11.1876398411521,0,42.2672829627991,0,0,0,0,0,0,0,0,0,0,0,0,0,17.2583246064793,0,14.9916846420755,0,8.53828090662137,112.245239257812,26.852757179326,77.1307729085286,26.9115705336294,0,11.9283412980206,75.430734761556,0,0,23.8260747006065,0,0,0,0,0,0,0,14.3072192969236,0,19.3852883179982,0,0,0,0,42.818585395813,0,0,0,0,0,20.9301506876945,0,19.6761362712558,0,0,0,0,0,17.4706933586226,100.586086697049,17.6298185654589,0,56.2164840404804,0,16.5103794723297,44.843579864502,0
0,0,44.9725850423177,0,0,0,16.6974716186523,0,0,0,0,0,0,0,0,0,73.8359642028809,71.5642162122224,54.3721955306548,0,10.8833006724571,0,0,0,0,0,0,0,0,0,0,0,0,0,0,116.665946960449,15.728153256503,0,12.5269624169739,0,8.19272967321532,0,29.0763780543513,0,28.571996722305,70.1470406850179,11.3450707485564,65.7405853271484,29.6019206047058,0,0,0,15.7024149894714,0,0,0,6.86113007228684,0,0,0,0,0,0,0,0,0,0,0,0,0,0,0,0,13.377986514485,0,0,0,0,102.40355682373,18.2731298940248,0,15.3194463863101,45.9851089132075,0,13.7261975020578,0,49.7823759714762
0,0,0,0,0,0,0,0,0,0,0,0,0,0,0,0,79.5003356933594,13.640477736791,0,0,0,5.29353754655519,0,5.36495384402659,0,7.82954454421997,0,3.59026503562927,0,0,0,0,0,0,0,0,0,11.8709363957246,0,0,0,35.002316792806,0,0,0,0,0,11.9582290649414,0,17.0534863531293,0,0,0,0,0,0,0,22.426113764445,0,0,0,0,42.818585395813,0,0,0,4.79715083650796,0,12.311505644662,0,11.7045011998638,0,15.8136556044869,0,0,0,0,0,72.0687103271484,0,8.33434264019995,0,4.83510752986459,0,43.5706111907959,0,0
0,0,0,0,0,0,0,0,0,0,0,0,0,0,0,0,12.0339258407292,0,0,0,0,0,4.57649966054891,0,3.99095849733095,0,4.2215991453691,0,8.11876899487264,0,0,0,0,0,0,0,0,0,9.70273805349723,0,0,0,0,0,0,0,0,28.7810203234355,14.1929411888123,0,0,0,0,0,0,0,0,0,0,0,0,0,0,0,0,0,0,3.73265970807497,0,8.80948826099964,0,4.81688606961865,0,0,0,0,0,0,0,0,0,9.75653246254041,4.34664660735722,6.69512679841783,0,0,0
0,0,0,0,0,0,0,0,0,2.84268188476562,0,0,0,0,0,0,0,15.8134451115385,0,0,0,5.20239770071847,0,4.48248687053751,0,5.60001794497172,0,0,0,0,0,0,0,0,0,0,0,6.46805127898415,0,0,0,33.535514831543,0,0,0,0,0,18.9861421585083,0,8.22598903813166,0,0,0,0,0,4.47850755317099,0,21.4462820688883,0,0,0,0,0,0,4.79715083650796,0,0,0,4.4645965357495,0,6.54232790652763,0,0,0,0,0,0,0,56.3609771728516,0,7.17933915509928,0,12.4512595447262,0,8.14281965401156,0,0
0,0,0,0,0,0,0,0,0,0,0,0,0,0,0,0,5.79313989119096,0,0,0,0,0,4.00359308719635,0,3.12493017673492,0,0,0,0,0,0,0,0,21.1337032318115,0,0,0,0,6.47867056801206,0,0,0,33.5444583892822,0,0,0,0,18.2290170306251,7.5558963517348,0,0,0,0,0,3.68606392430588,0,0,0,0,0,0,0,0,0,0,3.73265970807497,0,0,0,3.53767388396793,0,3.61465334892273,0,0,0,0,0,0,0,0,0,6.44863721302577,16.5583103554589,0,6.47915589809418,0,0
0,0,0,0,0,0,0,0,0,0,0,0,0,0,0,0,0,5.21408314069112,0,0,0,11.6083924293518,0,6.10841522897993,0,6.05970351578409,0,9.94289302825928,0,0,0,0,0,0,0,0,0,5.71180582046509,0,0,0,0,0,0,0,0,0,0,0,4.22498831382165,0,0,0,0,0,4.09672961235046,0,9.6919641494751,0,5.92180895805359,0,0,0,0,12.311505644662,0,4.4645965357495,0,0,0,5.08807862154111,0,0,0,0,0,0,0,0,0,0,0,0,0,0,0,0
0,0,0,0,0,0,0,0,0,0,0,0,0,0,0,0,10.7678339225905,36.0360565185547,0,0,0,0,0,0,5.8233642578125,0,3.42286174947565,0,5.84902435603895,0,0,0,0,0,0,0,0,0,0,0,0,0,0,0,0,0,0,0,0,0,0,0,0,0,0,0,0,0,0,0,0,0,0,0,0,8.80948826099964,0,3.53767388396793,0,0,0,4.39757780045271,0,0,0,0,0,0,0,0,0,0,8.26390160454644,0,0,0,0
0,0,0,33.9994939168294,0,0,0,0,0,0,0,0,0,0,0,0,0,4.10694050788879,45.3708287752592,0,0,16.0958678266287,0,7.38459409733929,0,7.11064834363999,0,4.03537144174729,0,3.0668709230423,0,0,0,0,0,0,0,15.5968859354655,0,56.855920791626,0,19.8452196389102,0,40.3170471191406,0,30.1829436973289,0,0,0,16.4005905798906,0,0,0,0,0,0,0,8.03301684132016,0,4.68847530797492,0,3.93303087779454,20.9301506876945,0,11.7045011998638,0,6.54232790652763,0,5.08807862154111,0,0,0,5.7055004136874,0,0,0,0,0,41.5027300890754,0,9.52715578697024,0,22.1087642952248,0,17.5934572250812,28.1899836403983,0
0,0,0,0,0,0,0,0,0,0,0,0,0,0,0,0,0,0,0,0,0,0,0,0,0,0,3.5942472539297,0,4.82931191872719,0,4.85699081420898,0,0,0,0,0,0,0,3.20897643276722,0,0,0,0,0,0,0,0,0,3.16634714603424,0,0,0,0,0,0,0,0,0,2.92463493347168,0,0,0,0,0,0,4.81688606961865,0,3.61465334892273,0,4.39757780045271,0,0,0,3.92993919849396,0,0,0,0,0,0,0,4.20323756265903,0,0,3.15494477748871,0,0
0,32.8762650489807,0,33.7132045482767,0,0,0,0,0,0,0,7.38863929803821,0,0,0,0,75.8027928670247,58.2292165756226,38.2613472723192,0,0,18.7802946741988,0,0,0,0,0,3.4289738535881,0,5.72728961039886,0,0,0,0,0,63.0208274841309,0,4.33160275679368,0,51.8973045349121,0,18.5100737625212,90.0937194824219,32.5366755398837,0,32.5121519513752,50.7998008728027,0,0,22.7466446249573,0,0,0,0,0,0,0,8.03957222404331,0,20.6039867401123,0,0,19.6761362712558,0,15.8136556044869,0,0,0,0,0,5.7055004136874,0,0,0,0,0,22.0494403839111,0,45.7245347666186,0,6.78845485745164,0,21.3642664202509,0,17.6574700307681,20.1697728083684,0
27.1598446585915,0,28.6726781572614,0,0,0,0,0,0,0,13.1283778543547,0,0,0,0,0,61.0129661560059,61.1389770507812,36.7840219603644,0,6.81770491600037,0,0,0,0,0,0,0,0,0,3.57146670866986,0,0,0,0,0,71.6721547444661,0,10.0913628231395,0,56.7724072383,0,11.5137506549362,0,0,0,30.1386950222062,0,22.7509357659322,0,0,0,0,0,0,0,6.29899413969072,0,0,0,39.2681083679199,0,0,13.377986514485,0,0,0,0,0,0,0,3.92993919849396,0,0,0,0,0,84.133674621582,0,57.9106194178263,0,4.01768556439499,25.786471907114,0,11.98095847104,0,17.2382328571417
0,0,0,0,0,0,0,0,0,0,0,0,0,0,0,0,0,0,0,0,0,0,0,0,0,0,0,0,0,0,0,5.85293754129585,0,7.88871825858951,0,8.37720680882354,0,0,0,0,0,0,0,0,0,0,0,5.27131053180229,0,37.0985679626465,0,0,0,0,0,0,0,0,0,0,0,0,0,0,0,0,0,0,0,0,0,0,0,0,0,0,5.35023609582368,0,6.68314998868,0,14.1466541290283,0,3.54482529713557,0,0,0,0
0,0,0,0,0,0,0,0,0,0,0,0,0,0,0,0,91.3704528808594,0,88.0759989420573,0,0,0,0,0,0,0,0,0,0,0,0,0,4.03112385658447,0,4.29357873943617,0,5.89739364829958,0,0,0,0,0,58.8602085113525,0,0,0,47.6946830749512,6.96948961964969,38.9458910624186,0,0,0,0,0,0,0,0,0,0,0,0,0,0,0,0,0,0,0,0,0,0,0,0,0,0,0,0,6.42267891292938,12.0928826332092,9.82128531878645,0,0,4.56153917312622,0,55.8582534790039,0,0
0,0,0,0,0,0,0,0,0,0,0,0,0,0,0,0,0,0,66.9601211547852,0,0,0,0,0,0,0,0,0,0,0,0,4.78566775435493,0,4.60568058183043,4.78853902426906,7.5096896920564,0,6.60293311189722,7.49627351760864,0,0,50.7785428365072,0,0,0,0,0,5.67072400323888,0,25.636848449707,0,0,0,0,0,0,0,0,0,0,0,0,0,0,0,0,0,0,0,0,0,0,22.0494403839111,0,5.35023609582368,0,0,6.02471362492617,9.86455198940159,0,5.30462180232606,0,7.97118651097821,0,0,0,0
0,0,0,0,0,0,0,0,0,0,0,0,0,0,0,0,0,0,80.8326217651367,0,0,0,0,0,0,0,0,0,0,0,0,0,5.70124350653754,3.23597311596327,4.24033887407943,0,16.2702647781578,0,5.54553387331408,0,0,0,52.0980847676595,0,0,0,65.4498519897461,11.6575581203272,7.85433037527676,0,0,0,0,0,0,0,0,0,0,0,0,0,0,0,0,0,0,0,0,0,0,0,0,84.133674621582,0,6.42267891292938,6.02471362492617,0,0,11.6344826875447,0,5.97828553773482,4.39397092163563,0,64.0605163574219,0,49.298360824585
0,47.8256120681763,0,44.2663111686707,0,0,0,0,0,0,0,43.1340446472168,0,0,0,0,72.8821669913627,73.4977064866286,57.8638150893782,7.32653394230342,0,59.1696262359619,0,0,0,0,0,0,0,0,0,11.6289565077669,16.6618900299072,5.80966262914697,0,8.39477434889219,7.80601374962751,11.1356065010627,0,20.9134113711833,130.303810119629,32.4923694908387,81.3326589410955,33.6438423010488,108.642059326172,27.6706926560747,89.1109157909047,9.1430213135116,0,8.88717642269973,0,0,0,0,0,0,0,33.7390993567789,0,33.1314116886684,0,0,17.4706933586226,102.40355682373,72.0687103271484,0,56.3609771728516,0,0,0,41.5027300890754,0,45.7245347666186,0,6.68314998868,12.0928826332092,9.86455198940159,0,0,78.709499835968,8.539567090818,0,18.6605118902053,60.5578483740489,23.60024788021,38.4767197520793,64.9290447235107
40.9761801825629,0,49.7035839278977,0,0,0,0,0,0,0,0,0,0,0,0,0,77.2737606757849,79.3469822692871,59.1940287012253,0,6.75166958637452,0,101.369453430176,0,0,0,0,0,0,0,0,0,10.3736891699153,0,10.5385372789427,14.6473869482676,7.27109622193366,0,7.57894061265453,94.1060647964478,13.8298135218413,82.6268154144287,35.7286235431327,90.0862617492676,39.9496111700377,87.9654283685199,29.3736299140371,15.1808224736568,21.2544239303698,0,0,0,0,0,0,0,60.675564066569,0,0,0,58.1840343475342,0,100.586086697049,18.2731298940248,0,0,0,0,0,0,0,0,0,57.9106194178263,0,9.82128531878645,0,11.6344826875447,78.709499835968,0,0,8.10003405540628,29.6007050818236,2.75182771682739,31.7588124136745,103.331279754639,35.0290253737034
0,0,0,38.9326540629069,0,0,0,0,0,0,0,9.9695531129837,0,0,0,0,56.2944183349609,68.1906261444092,45.7301105365419,12.7533586819967,0,11.9825205531782,0,6.93129271186442,0,0,0,4.53018432193332,0,2.97725031110975,0,0,0,4.65839049339294,0,13.2558994473555,0,5.35361690108185,5.25609565462385,28.9445476929347,80.993278503418,33.9000325972034,0,40.3624312082926,0,21.2181606560545,0,4.22441642511459,0,6.53516294637418,0,0,0,0,0,10.6015288871631,0,18.6767909765244,0,0,0,0,17.6298185654589,0,8.33434264019995,0,7.17933915509928,0,0,0,9.52715578697024,0,6.78845485745164,0,14.1466541290283,0,5.30462180232606,0,8.539567090818,0,0,0,9.37280211832963,0,10.7885059124785,21.1486234210786,0
35.9025039672852,0,39.065605708531,0,0,0,0,0,0,0,7.78851009077496,0,0,0,0,0,66.9746114095052,98.9624913533529,46.1204435118922,0,6.60530917461102,0,8.83024238960765,0,6.62624606304481,0,0,0,3.89145567783943,0,3.8844000916732,0,0,14.0514390945435,5.6643482348958,11.7253003120422,7.80855451141737,7.40151730179787,4.99842607574546,0,20.0262948608398,58.2560768127441,29.7318819607005,0,33.1013517379761,83.1599502563477,20.9688692752804,12.4222929797437,5.84729261657819,0,0,0,0,0,5.0036633123051,0,11.0258030024442,0,0,0,49.2414754231771,0,0,15.3194463863101,0,9.75653246254041,0,6.44863721302577,0,0,0,4.20323756265903,0,4.01768556439499,0,0,0,5.97828553773482,0,8.10003405540628,0,0,24.0461862469059,2.96492937364076,15.1772432453103,0,23.7817250958989
10.2081033420563,7.55505643844605,23.0028047172391,27.4836365154811,10.5333466847738,6.48997733328078,0,0,6.64971138449276,3.8193315911082,4.70769492511092,3.1690951983134,3.84633655548096,2.85585260391235,0,2.90045855170802,13.923027286786,15.7725841676968,15.7909624635445,9.50325727462769,12.5569016193521,5.12993129506054,4.87753222744639,5.88279742370417,6.48713511855979,5.45221738815308,9.60526340007782,2.95774018764496,0,2.74737644195557,0,3.12817428295429,6.21521949768066,5.69866916223576,3.24624431984765,7.19295536565926,9.02492394947797,4.75317791675905,5.16849371247587,45.2762627757679,48.2752315441767,13.1005761606678,14.6164906637273,13.5681643207713,19.8830438020094,49.7865596717259,40.2479991961007,7.26126734659746,10.6249496835594,11.6554168770872,4.01687574386597,3.54789693893925,0,0,0,4.75489887510027,21.8366695540292,21.5008883958452,3.40423499107361,23.4949115117391,0,4.24271535873413,56.2164840404804,45.9851089132075,4.83510752986459,4.34664660735722,12.4512595447262,16.5583103554589,0,8.26390160454644,22.1087642952248,0,21.3642664202509,25.786471907114,3.54482529713557,4.56153917312622,7.97118651097821,4.39397092163563,18.6605118902053,29.6007050818236,9.37280211832963,24.0461862469059,0,5.82575148088893,15.2246606180752,18.236513772042,23.0912574343207
