0,0,0.0187203077529392,0,0.00104491479237782,0,0,0,0.0708717526184379,0,0,0,0,0,0.000236547628665889,0,4.69000654186289e-05,0.000104058415308832,0.00166713137686919,0,3.43798179522148e-05,0,0,0,0.00553534362152557,0,0,0,0,0,0,0,0,0,0,0,3.16918332507151e-06,1.80593418733764e-05,0.000164903371530785,0.000197214414826105,0.000385282216943295,4.36950841358312e-05,0.014629736750588,0,0,0,0.000570949787354497,0.000212629808686472,0.0346667769755675,0,0.000110699052034868,0,0,0,0.0733628835108316,0,0.000994425390456384,0,0.00352472819183964,0,0.0343787227413863,0,0,3.01240783933181e-05,0,0,0,0.000716561432183634,0,0,0,0.000516340037542003,0,0.00187533717467001,0,0,0,0,1.55243834894395e-05,3.7933550285132e-05,0,2.03151323653403e-05,0.000601378953773207,9.74864707584057e-06,0.0234722237282031,0,0.000191939253786044
0,0,0,0.0156199183618901,0,0,0,0,0,0.0426973234521641,0,0,0,0,0,6.41260156028067e-05,0,0,0.00124943761694637,0,0,0,0,0,0,0,0,0,0,0,0,0,0,0,0,4.16834855458767e-05,0,1.17817863393301e-05,0,0.00563482062275119,0,0.064214477389898,4.64059927273797e-05,0.000343377449532146,0,0.00259769023798266,0,0,0,0.0339178695249829,0,0,0,0,0,0.0574257833093329,0,0,0,0.000256367977213395,0,0.0146350003762179,0,0,0,0,0,0,0,0,0,0,0.00282385738671733,0,0,0,0,0,0.000304770759763269,4.61804769996579e-06,4.93423241745711e-05,0,0.000888049943238292,1.93619942514599e-06,0.0196557816179033,0.00456020998893976,0
0.0187203077529392,0,0,0,0.0151203502032683,0,0,0,0.00995501816034791,0,0,0,1.48160871477239e-05,0,0.00312433596537181,0,0,3.49595763597953e-06,4.93626898876026e-05,0,0,0,0,0,0,0,0,0,0,0,0,0,0,0,0,0,3.11519735529574e-05,0,0,0,8.50916186533079e-05,0,0.000460202130111714,0,0,0,0.000104932185525073,0,0.00264376000121011,0,0.0134313291530119,0,0,0,0.0311557953765574,0,0.000689183711715217,0,0.00126177305368121,0,0.00540976713939276,0,0,0,0,0,0,0,0,0,0,1.18279960213487e-05,0,0.000153422148784563,0,0,0,0,0,5.39511423052442e-05,0,0,0.000197414673217019,8.15905968162184e-05,0.00350059171288557,0,0
0,0.0156199183618901,0,0,0,0.0368330344962383,0,0,0,0.0088792710405681,0,0,0,0,0,0,0,4.70485153545848e-06,0.000348063762703183,0,0,0,0,0,0,0,0,0,0,0,0,0,0,0,0,0.00044088879496179,0.0001039463911418,0,0,0.00737267865715171,0,0.0100384818513899,0.000638269721209298,0.00228677376743397,0,0.00459854845370172,0,0.000784515862123195,0.000146167575719494,0.0155396486374793,0,0.00938348452103848,0,0,0,0.0895236991659539,0,0.000541721666909444,0,0.0164263311182916,0,0.0294411071713302,0.00145512225134363,0,0,0,0,0,0,0,0,0,0.00336640192113061,0,0,0,0,0,0.00111218703031278,0.000106045645593707,7.42195732522527e-05,0,0.000790824675189757,0.000768701292450344,0.0252258370653093,0.000754721278559456,0
0.00104491479237782,0,0.0151203502032683,0,0,0,0.00646776276140015,0,0.00196821619977058,0,7.58963983584328e-05,0,0,0,0,0,0,0,0.000277881341267851,0,2.54515819338532e-05,0,0,0,0,0,0,0,0,0,0,0,0,0,0,0,0.000168143089907454,0,0,0,0.00121035477313385,0,0.00076603577783588,0,0,0,0.000581296686008924,0,0.00232564069092594,0,0.0383408003347552,0,0,0,0.000672738253474732,0,0.0116429088351476,0,0.00221954238724844,0,0.00569078190945307,0,0,0,0,0,0,0,0,0,0,0.00014205748909769,0,0.000662432278007175,0,0,0,0,0,4.48315542665422e-05,0,0,0.00243489164817651,0.000796583047902596,0.00515346455340267,0,0
0,0,0,0.0368330344962383,0,0,0,0.00596320908071626,0,0,0,0,0,0,0,0.00177710111685802,0,2.24738431951234e-05,0,0.00283694577202485,0,0,0,0,0,0,0,0,0,0,0,0,0,0,0,1.97178265845371e-05,2.71417745783302e-06,0,0,0.000486897763405951,0,0.000242483984993599,0,0,0,2.76642382748674e-05,0,0.000250731549961857,0,0.000880516541956603,0,0.0704233592880503,0,0.00393701861238198,0,0.000584705886129591,0,0,0,2.60693605190431e-05,0,0.0179424358394529,0.000192125655964164,0,0,0,0,0,0,0,0,0,8.8627844195665e-05,0,0,0,0,0,5.22215959543155e-05,1.7986925461592e-06,2.25623927020734e-06,0,0.000969526056831284,0.000161428061950073,0.00197222949966743,0,0
0,0,0,0,0.00646776276140015,0,0,0,0,0,0,0,0.000271532032494535,0,0,0,0,0,0,0,0,0,0,0,0,0,0,0,0,0,0,0,0,0,0,0,6.84379713156307e-05,0,0,0,0,0,0,0,0,0,0,0,0,0,0.00212246433914497,0,0.0105850116172061,0,0,0,0.000714433778004341,0,0.0153452093220345,0,0,0,0,0,0,0,0,0,0,0,0,0,0,0,0,0,0,0,0,0.000162991950125129,0,0,2.50891555353106e-05,0,0,0,0
0,0,0,0,0,0.00596320908071626,0,0,0,0,0,0,0,0.00130085140265425,0,0,0,0,0,0,0,0,0,0,0,0,0,0,0,0,0,0,0,0,0,0,0,0,0,0,0,0,0,0,0,0,0,0,0,0,0,0.00445453608048298,0,0.104608034147025,0,0,0,0,0,0.0226652492179317,0,0.0115047390773284,0,0,0,0,0,0,0,0,0,0,0,0,0,0,0,0,0,0,0,0,0,1.70947960214107e-05,0,0,0
0.0708717526184379,0,0.00995501816034791,0,0.00196821619977058,0,0,0,0,0,0,0,0,0,0.00365166162056487,0,2.04905367191626e-05,0,0.00109458533414903,0,0,0,0,0,0.000805146964377883,0,0,0,0,0,0,0,0,0,0,0,7.69377316481963e-06,0,1.00886630645472e-05,0,0.000464587337526548,0,0.00347084637093398,0,0,1.17667667172546e-05,0.00052550621863783,0,0.00565030039673525,0,0.00164179439033452,0,0,0,0.0577326562636455,0,0.00237302577929396,0,0.000543351372808635,0,0.0311016870671659,0,0,7.93785724328535e-05,0,0,0,0.0346297155340594,0,0.0195488944800276,0,0.00101241733176969,0,0.00591097170153194,0,0,0,0,0,0.000106557724661931,0,0.000840291808490049,0.00160495400856266,0.000498311732344595,0.00367103177386868,0,0.0030959106153653
0,0.0426973234521641,0,0.0088792710405681,0,0,0,0,0,0,0,0,0,0,0,0.063529971716325,0,0.00104526914975973,8.27376025785964e-05,0,0,0,0,0.000215975396602389,0,0,0,0,0,0,0,0,0,0,0,1.36331396065331e-05,4.18117451365273e-06,0.000455557113257608,0,0.000246767417793159,0,0.00286351359639409,0,0.000159883117845402,0,0.000261364151758435,1.1814138617239e-05,1.58055471786414e-05,0,0.00260706559927487,0,0,0,0,0,0.101059561254816,0,0,0,0,0,0.0439322108154916,0,0,0,0,0.00657495167959298,0,0.0452458389545038,0,0,0,4.51552743881566e-05,0,0,0,0,0,3.49170182614283e-05,0,0.000280277545918224,0,0.00192772392847663,0.000245584915284611,0.00248266026941446,0,0
0,0,0,0,7.58963983584328e-05,0,0,0,0,0,0,0,0.00827688157323254,0,0,0,2.96414207285236e-05,0,0.00019635381146584,0,0.0108552933727346,0,0,0,0,0,0,0,0.000156973869637671,0,0.0113640983327029,0,0,0,0,0,0.000378209899679046,0,0.00113062381468615,0,0,0,0.000106706964937378,0,0,0,0.000449786751634328,0,0,0,0,0,0.00414547256592558,0,0,0,0.11676247970633,0,0.00936077416838371,0,0,0,0,0.00675880882447394,0,0,0,0,0,0,0,0,0,0.0100873790483083,0,0,0,0,2.52368361146438e-05,0.000156140449172159,0,2.05032258189286e-06,0.00181263607834017,0,0.000540343129933868,0,0.000266172461184974
0,0,0,0,0,0,0,0,0,0,0,0,0,0.0219382539419664,0,0,0,0,0,0.0118213255126045,0,0,0,0,0,0,0,0,0,0.0121694790507909,0,0,0,0,0,0.00131312940977755,0,0.00733985128992597,0,0,0,0,0,0,0,0,0,0,0,0,0,3.91021973443111e-05,0,0,0,0,0,0.102599585125912,0,0.0431134773836552,0,0,0.00685723757028978,0,0,0,0,0,0,0,0.000156052390573048,0,0.0203928610059035,0,0,0,0,0,0.000443711884599314,0,0.00173407357754735,0,0.000889623890130758,0,0.0029584403409274,0,0
0,0,1.48160871477239e-05,0,0,0,0.000271532032494535,0,0,0,0.00827688157323254,0,0,0,0.00985576556097593,0,0,0,0,0,0,0,0,0,0,0,3.93852760345089e-05,0,0,0,6.52632215304445e-05,0,0,0,0,0,0,0,0,0,0,0,0,0,0,0,0,0,0,0,0,0,0.00115689158434341,0,0,0,0.00134263372132318,0,0.0241853510214145,0,0.000440551810954561,0,0,0,0,5.20979672727583e-05,0,8.28672475855757e-05,0,0.00917352623683517,0,0.0052250141616767,0,0,0,0,0,0,0,0,0,0,0.000243647389103129,0.000293360605789155,4.85537054947704e-06,0,0
0,0,0,0,0,0,0,0.00130085140265425,0,0,0,0.0219382539419664,0,0,0,0,0,0,0,0,0,0,0,0,0,0,0,0.000666846218933564,0,0,0,0,0,0,0,0,0,0,0,0,0,0,0,0,0,0,0,0,0,0,0,0.0014929512573867,0,0.00103104620639329,0,0,0,0.000432022468567321,0,0.0525846513026511,0,0.0161623163748173,0,0,0,0,0,0,0,0,0.00204161099093982,0,0,0,0,0,0,0,0,0,0,0,0.000206801100121733,0.000148293274184428,0,0,0
0.000236547628665889,0,0.00312433596537181,0,0,0,0,0,0.00365166162056487,0,0,0,0.00985576556097593,0,0,0,0,0,0.000197395530400837,0,0,0,0,0,0,0,0,0,0.000573670078297724,0,0,0,0,0,0,0,0,0,0,0,0,0,0.000411038148181515,0,0,0,1.5307248040429e-05,0,0.000477809451800602,0,0,0,0,0,0,0,0.00123947282342342,0,0.00319351442905343,0,0.041158268842606,0,0,0,0,0,0,0.000185122227836565,0,0.00736346994430865,0,0.000232020904611883,0,0.000352418321224871,0,0,0,0,0,3.83604621126464e-06,0,0,7.85183784178663e-05,2.60754188595187e-06,0.000817343430769593,0,0
0,6.41260156028067e-05,0,0,0,0.00177710111685802,0,0,0,0.063529971716325,0,0,0,0,0,0,0,0,0,0,0,0,0,0,0,0,0,0,0,0,0,0,0,0,0,0,0,0,0,0,0,0,0,0,0,0,0,0,0,0,0,0.0109831879418178,0,0,0,0.0346462996988332,0,0,0,0,0,0.00858832202405959,0,0,0,0,0.00112858030214236,0,0.0040007725385245,0,0,0,0,0,0,0,0,0,0,0,1.75653273700248e-05,0,0.000241831111033933,4.43783607038048e-05,0,0,0
4.69000654186289e-05,0,0,0,0,0,0,0,2.04905367191626e-05,0,2.96414207285236e-05,0,0,0,0,0,0,0.120543291924835,0.0517681914051685,0,0.000649459443090632,0.000448968199373276,0.0230658902204569,0,5.81402020035605e-05,1.68978641305505e-05,0.00747273858428563,0,0,0,0,0,0,0,0,4.9292461148155e-05,0.000259661850445062,0,7.41513415580067e-05,0.0011918881015615,0.000276493942058406,0.000599528848832636,0.00195273998216141,0.000149940292807902,9.44826309128358e-06,0.00058070620547267,0.00290060354611756,0,0.000573301484347218,1.69547447887862e-05,0,0,0,0,5.57137598932708e-06,0,0.000482553825130065,0,1.64402678936507e-05,0,2.23207794200713e-05,0,0,0.00105579573044541,1.40378354589457e-05,0.0103784983555426,0,0,0,0.000315440150164251,0,1.94312108899011e-05,2.7544226510209e-05,0.00132212515088761,0,0,0,0,0.000205205360419373,0.00155206596024288,0,0.000384504824641286,0.0211956225127566,0.00479868736612619,0.00234145119563957,1.66508756420817e-05,0.00116866321680464
0.000104058415308832,0,3.49595763597953e-06,4.70485153545848e-06,0,2.24738431951234e-05,0,0,0,0.00104526914975973,0,0,0,0,0,0,0.120543291924835,0,0.053006943986064,0,6.36626206453078e-05,0.0153144795765818,0.000174058419454985,0,0,0.0112906655006995,0,0.000390773871383228,0,0,0,0,0,0,0,2.49666461858364e-05,5.25764050765668e-05,0,2.11627004352672e-05,0.00131634920839261,7.76297772893967e-06,0.00104777475900494,0.000309384012841282,8.35430763021041e-05,0,0.000748202182922395,0.00094929262688248,0,4.27114601316465e-05,0.000140220457716364,0,0,0,0,0,0,1.1393989811504e-05,0,0,0,0,0,0,0.000152806094149148,0.00560175115762431,4.45162109557549e-05,0,0,0,0,0,0,0,9.35938657948643e-05,0,0,0,0,0.000156818577469945,0.000261265728250397,0,3.63764017767103e-05,0.0409428465766275,0.00297935109502879,0.000620619800361847,7.96362625410578e-05,7.71802005895346e-05
0.00166713137686919,0.00124943761694637,4.93626898876026e-05,0.000348063762703183,0.000277881341267851,0,0,0,0.00109458533414903,8.27376025785964e-05,0.00019635381146584,0,0,0,0.000197395530400837,0,0.0517681914051685,0.053006943986064,0,0,0.00168536907146806,0,4.66464946301313e-05,0,2.01525652083435e-05,1.29666770948261e-05,0,0,0,0,0,0.00017964205804937,0,6.76261413104331e-05,0,0.00144503059033339,0.00218594469978196,2.94295990508674e-05,0.000907618032241281,0.0470778308155101,0.00414476990901917,0.0407228283629234,0.0121686094713007,0.00197438982166895,0.000491211989883479,0.0177512771412379,0.0506522848714772,0.00022257121702177,0.00294384179258852,0.00274602445627087,3.51415416970421e-05,0,0,0,0.00019742467153168,6.1457138932452e-05,0.00145620552293362,0,0.000326081940098189,0,8.08265619229565e-05,0,0,0.0121925451996386,1.18388161551795e-05,3.83680311618901e-06,0,0,0,0,0,0.000318970382045089,0.000968215686246426,0.00481380591226627,6.94190003729198e-05,0,0.000157428866073806,0,0.00720070424019836,0.012733585391001,0.000780008287130198,0.00220285579029969,0.0106133977516566,1.8003759366793e-05,0.028666953206167,0.00408358336962261,0.0088198025525445
0,0,0,0,0,0.00283694577202485,0,0,0,0,0,0.0118213255126045,0,0,0,0,0,0,0,0,0,0,0,0,0,0,0,0,0,0,0,0,0,0,0,0.00440207703816294,0,0.000457283048784868,0,4.19553110004014e-05,0,0,0,0,0,0.0171809837107833,0,0,0,0,0,0.00110095606674874,0,0,0,0,0,0.0091747727025944,0,0,0,0,0.109586099620317,0,0,0,0,0,0,0,0,0,0.000711201937646268,0,0,0,0,0,0.00183267636791279,0,0.000306782084683086,0,0.000731653092464952,0,0.00575421023869273,0,0
3.43798179522148e-05,0,0,0,2.54515819338532e-05,0,0,0,0,0,0.0108552933727346,0,0,0,0,0,0.000649459443090632,6.36626206453078e-05,0.00168536907146806,0,0,0,0,0,0,0,0,0,0,0,0,0,0,0,0,0,0.01461707875411,0,0.00327369617511479,3.48355586023627e-05,0.000611416993583351,5.16193092394051e-05,0.00123242469628173,0,0,6.98648843831741e-05,0.00439395325578508,0,4.34070727828937e-05,0,0.000127332421106266,0,0,0,0,0,0.0129958911507442,0,0.000272985406762948,0,0,0,0,0.116183104906156,0,0,0,0,0,0,0,0.000214423479966105,0,0.000800372995468149,0,0,0,0,0,0.00760231614375291,0,0.000213300498249563,0.00199820318037896,0,0.0111709931153397,0,0.00258765594888867
0,0,0,0,0,0,0,0,0,0,0,0,0,0,0,0,0.000448968199373276,0.0153144795765818,0,0,0,0,0.00143313967818735,0.0192926264827188,0,0.0116904100923391,0,0.00136645858728908,0,0,0,0,0,0,0,0,0,0.00963147145338991,0,0,0,0,0,0,0,0,4.61845436326904e-05,0,0,0.000406329376678116,0,0,0,0,0,0,0,0,0,0,0,0,0,0,0.113742899035841,0,0.00286480447050389,0,0.0122873580588801,0,0.000807122155310508,0,0,0,0,0,0,0,0,0,0.00648214691921405,0,0.00582569192851687,0.000883213420748299,0,0,0
0,0,0,0,0,0,0,0,0,0,0,0,0,0,0,0,0.0230658902204569,0.000174058419454985,4.66464946301313e-05,0,0,0.00143313967818735,0,0,0.0027492713630359,0,0.00760196772952314,0,0.00338311945060439,0,0,0,0,0,0,0,0,1.54236326581278e-05,0.00421699493092544,0,0,0,5.62098659579038e-06,0,1.46958846053602e-05,0,2.51364297232563e-06,0,0.000445553467279034,0,0,0,0,0,0,0,4.76823874009203e-06,0,0,0,0,0,0,0,0,0.0859365115953828,0,0.000182264498486777,0,0.00811920726120757,0,0.0015456011058482,0,0,0,0,0,0,0,0,0,0.00307832211337993,0.00487679913312182,0.000425699014725002,1.13020821290889e-05,0,0.000109048964508909
0,0,0,0,0,0,0,0,0,0.000215975396602389,0,0,0,0,0,0,0,0,0,0,0,0.0192926264827188,0,0,0,0.0798306473820391,0,0,0,0,0,0,0,0,0,0,0,0.0057309943931235,0,0,0,0,0,0,0,0,0,0.000186411208534035,0,0.000822411254733168,0,0,0,0,0,0.00191635988164472,0,0,0,0,0,0.000237911674962592,0,0,0.0125486372244449,0,0.115038176405912,0,0.0159257205432349,0,0.000399478411579501,0,0,0,0,0,0,0,0,0,0.00457061182851279,0,0.000195491863336806,0,0,0,0
0.00553534362152557,0,0,0,0,0,0,0,0.000805146964377883,0,0,0,0,0,0,0,5.81402020035605e-05,0,2.01525652083435e-05,0,0,0,0.0027492713630359,0,0,0,0.0063679719058449,0,0,0,0,0,0,0,0,0,0,0,0.00452890742206425,0,0,0,8.27854904437101e-05,0,0,0,0,8.89700768740356e-05,0.00320227732276065,0,0,0,0,0,0.0164424518692065,0,0,0,0,0,0,0,0,0,0,0.00522250609324046,0,0.0930700696891667,0,0.146655870375569,0,5.7842595319069e-05,0,0,0,0,0,0,0,0,0,0.00174636306509008,7.92660578698571e-05,0,0.000242930561843453,0,0
0,0,0,0,0,0,0,0,0,0,0,0,0,0,0,0,1.68978641305505e-05,0.0112906655006995,1.29666770948261e-05,0,0,0.0116904100923391,0,0.0798306473820391,0,0,0,0.000256865658907098,0,0,0,0,0,0,0,0,0,0,0,0,0,0,0,0,0,0,0,0,0,0,0,0,0,0,0,0,0,0,0,0,0,0,0,0,0.00607915171985356,0,0.10719591693408,0,0.00844260267642658,0,0.00062212760212258,0,0,0,0,0,0,0,0,0,0,0,0.000293804364717988,0,0,0,0
0,0,0,0,0,0,0,0,0,0,0,0,3.93852760345089e-05,0,0,0,0.00747273858428563,0,0,0,0,0,0.00760196772952314,0,0.0063679719058449,0,0,0,0.00191285541568615,0,0,0,0,0,0,0,0,0,0,0,0.000172242865690833,0,0,0,0,0,0,0,0,0,0,0,0,0,0,0,0,0,0,0,0,0,0,0,0,0.00215015010579484,0,0.00329999890606838,0,0.086260800285331,0,0.00022812735020253,0,0,0,0,0,0,0,0,0,0,0.0013216546057106,0,0,0,0
0,0,0,0,0,0,0,0,0,0,0,0,0,0.000666846218933564,0,0,0,0.000390773871383228,0,0,0,0.00136645858728908,0,0,0,0.000256865658907098,0,0,0,0.0698926445124946,0,0,0,0,0,0,0,0,0,0,0,0,0,0,0,0,0,0,0,0,0,0,0,0,0,0,0,0,0,0.00348262168399152,0,0,0,0,0.0032486513939244,0,0,0,0,0,0.0370566650594951,0,0.00327205430300138,0,0,0,0,0,0,0,6.62646607452189e-05,0,0.000344994315983459,0,0,0,0
0,0,0,0,0,0,0,0,0,0,0.000156973869637671,0,0,0,0.000573670078297724,0,0,0,0,0,0,0,0.00338311945060439,0,0,0,0.00191285541568615,0,0,0,0.00293532610327967,0,0,0,0,0,0,0,0,0,0,0,0,0,0,0,0,0,0,0,0,0,0,0,0,0,0,0,9.09959489945322e-05,0,0,0,0,0,0,0.000433315158641982,0,0,0,0,0,0.0263474980856306,0,0.000127808940415461,0,0,0,0,0,0,0,0,0.00167844469371784,0.000130393107658128,0,0,0
0,0,0,0,0,0,0,0,0,0,0,0.0121694790507909,0,0,0,0,0,0,0,0,0,0,0,0,0,0,0,0.0698926445124946,0,0,0,0,0,0,0,0,0,0.00514682314849822,0,0,0,0,0,0,0,0,0,0,0,0,0,0,0,0,0,0,0,0.00127246873083042,0,0.00098567068700116,0,0,0,0,0,0,0,0,0,0,0.0169308756470034,0,0.0706770246892102,0,0,0,0,0,0,0,0.00324962979551401,0,5.70502369288281e-05,0,0,0,0
0,0,0,0,0,0,0,0,0,0,0.0113640983327029,0,6.52632215304445e-05,0,0,0,0,0,0,0,0,0,0,0,0,0,0,0,0.00293532610327967,0,0,0,0,0,0,0,0,0,0.00046446360744719,0,0,0,0,0,0,0,0,0,0,0,0,0,0,0,0,0,0.0047676973208359,0,0,0,0,0,0,0,0,0,0,0,0,0,0,0.000555693068319546,0,0.0420277818345824,0,0,0,0,0,0,0,0,0.00100579523321753,5.72814113866255e-05,0,0,0
0,0,0,0,0,0,0,0,0,0,0,0,0,0,0,0,0,0,0.00017964205804937,0,0,0,0,0,0,0,0,0,0,0,0,0,0.0475346727101662,0.00753164930271435,0.0157072921853206,0.0103667189856484,0.000222763179659956,0,0,0.000112341526135117,0.00014572477099152,0.000201310881741675,6.5885392146347e-05,0,0,5.05372471538823e-05,0,0.0290582626193587,0.000406632670706135,0.00102479990760468,0,0,0,0,0,0,0,0,0,0,0,0,0,0,0,0,0,0,0,0,0,0,0,0,0.08992613291928,0.0216501734454477,0.0143238967108857,0.000385349472968354,0.00221143320657849,0.000217798233264906,0,0,0.00294412770029305,0,0.000190910714122413,3.95968380726443e-05,0
0,0,0,0,0,0,0,0,0,0,0,0,0,0,0,0,0,0,0,0,0,0,0,0,0,0,0,0,0,0,0,0.0475346727101662,0,0.0024469629152865,0.0123457222693062,0.00116760192732053,0.00420993361951119,0,0,0,0.000426714824353483,0,0,0,0,0,0,0.0209117094637787,0.000771332579069538,0,0,0,0,0,0,0,0,0,0,0,0,0,0,0,0,0,0,0,0,0,0,0,0,0,0.00341677307034414,0.146790751971453,0.008083244345282,0.00139248031857287,0,0.0015520821566695,0,0,0.000884113009317455,0,0,0,0
0,0,0,0,0,0,0,0,0,0,0,0,0,0,0,0,0,0,6.76261413104331e-05,0,0,0,0,0,0,0,0,0,0,0,0,0.00753164930271435,0.0024469629152865,0,0.071456852000074,0.00311013278548041,7.60860203591774e-06,0.00305934717367322,0.00011757385117994,0,0,0.00010952453373095,0.000527602326945244,0,0,4.46969586910492e-05,0,0.0780858071543599,0,0.00120286780994882,0,0,0,0,0,0,0,0,0,0,0,0,0,0,0,0,0,0,0,0,0,0,0,0,0.00395644134479228,4.8256006469044e-05,0.119546747424907,0.0629210877445968,0.00235613915392392,0,0.000539809319109532,0,0.00161359308475931,0,0.000145659455340995,0.000505527741174951,0
0,0,0,0,0,0,0,0,0,0,0,0,0,0,0,0,0,0,0,0,0,0,0,0,0,0,0,0,0,0,0,0.0157072921853206,0.0123457222693062,0.071456852000074,0,0.000264736229763955,0.00410820139335059,8.93087503803427e-05,0.00108568900072028,0,0.00108910094897077,0,5.04465656837334e-05,0,0,0,0,0.0338007638215198,0.00940522209945111,0,0,0,0,0,0,0,0,0,0,0,0,0,0,0,0,0,0,0,0,0,0,0,0,0,0.00131982139261673,0.0029729378170618,0.00292173049486926,0.178637577664972,8.36599283757082e-05,0.00232172428311794,0,0.000793066167734917,0.00199425429092115,0,0,0,0
0,4.16834855458767e-05,0,0.00044088879496179,0,1.97178265845371e-05,0,0,0,1.36331396065331e-05,0,0.00131312940977755,0,0,0,0,4.9292461148155e-05,2.49666461858364e-05,0.00144503059033339,0.00440207703816294,0,0,0,0,0,0,0,0,0,0,0,0.0103667189856484,0.00116760192732053,0.00311013278548041,0.000264736229763955,0,0.0073950999820535,0.00801109125606685,7.75620244195847e-05,0.000575155693162139,3.20605386472668e-06,0.00151421302565778,8.64407908651453e-05,3.98424568699779e-05,0,0.00247219487636401,2.28996515575013e-05,0.00537407482371945,4.24958882416276e-05,0.000852693656831679,0,4.44507622406835e-06,0,0,0,2.80790081112997e-05,0,0,0,0,0,0,0.00969896304662911,6.21854917416263e-06,0,0,0,0,0,0,0,0,2.27323350080974e-06,0,0.00525979609385009,0.00220829390061772,0.00569377782580681,0,0.108996265123005,0.0060954011223141,0.00763842546726544,0,0.00994767487711977,0.000900758089503307,0.00184632761651684,0.000429810915256061,2.2521275634541e-05
3.16918332507151e-06,0,3.11519735529574e-05,0.0001039463911418,0.000168143089907454,2.71417745783302e-06,6.84379713156307e-05,0,7.69377316481963e-06,4.18117451365273e-06,0.000378209899679046,0,0,0,0,0,0.000259661850445062,5.25764050765668e-05,0.00218594469978196,0,0.01461707875411,0,0,0,0,0,0,0,0,0,0,0.000222763179659956,0.00420993361951119,7.60860203591774e-06,0.00410820139335059,0.0073950999820535,0,0,0.0144409272443583,4.88214508231329e-05,0.00147478068643865,1.95466113851565e-05,0.000444612977461936,0,9.14330699125594e-05,1.4836776657324e-05,0.000568799658511647,0.00136201246817128,0.000816663973369383,1.52781165943103e-05,6.79693222371678e-05,0,2.38403618157179e-05,0,0,3.33443406226675e-05,0.00132442311418638,0,4.72041000903161e-05,0,3.05089745158412e-06,0,0,0.00509219907713704,0,0,0,0,0,0,0,3.31550550694318e-06,0,8.11719945743599e-05,2.21764640593458e-06,0.00512690608564554,1.15649724256968e-05,0.000442390664931392,0.00199056626834729,0.0995914581870082,0,0.00780685399936796,0.0106919799795698,0.000360719527924409,0.0035539679688538,0,0.000442710332417536
1.80593418733764e-05,1.17817863393301e-05,0,0,0,0,0,0,0,0.000455557113257608,0,0.00733985128992597,0,0,0,0,0,0,2.94295990508674e-05,0.000457283048784868,0,0.00963147145338991,1.54236326581278e-05,0.0057309943931235,0,0,0,0,0,0.00514682314849822,0,0,0,0.00305934717367322,8.93087503803427e-05,0.00801109125606685,0,0,0.00228673391326057,4.18338877424395e-05,0,4.49584514266129e-05,8.4893873442584e-05,0,0,0.000581350229683131,0,0.0141305308447035,4.60100758856062e-05,0.00267782864677736,0,0,0,0,0,0.00167517174177226,0,0.000996994231368827,0,0,0,9.26682617432228e-06,0.000234498950397518,0,0.0016801725733588,0,0.00193325367060495,0,0,0,0,0,0.00133988699460528,0,0,0,0.00145091446419292,0,0.00436357426517954,0,0.0677893315984576,7.9444207585766e-06,0.00390103514421809,1.821941086912e-05,0.000718666252599502,3.00894473175239e-05,0
0.000164903371530785,0,0,0,0,0,0,0,1.00886630645472e-05,0,0.00113062381468615,0,0,0,0,0,7.41513415580067e-05,2.11627004352672e-05,0.000907618032241281,0,0.00327369617511479,0,0.00421699493092544,0,0.00452890742206425,0,0,0,0,0,0.00046446360744719,0,0,0.00011757385117994,0.00108568900072028,7.75620244195847e-05,0.0144409272443583,0.00228673391326057,0,0,4.1485423521852e-05,0,0.000715891385335573,0,0,6.99076012437821e-05,0.00161178983841634,0.00796389455848864,0.00849716842175501,0,0,0,0,0,0,0,0.000201948735381448,0,0,0,0,0,0,0.0130325671694712,0,0.00792947040116646,0,0.00801349490528491,0,4.36615553247787e-05,0,9.42525596799857e-05,0,0.000995434920909609,0,0,0,0.00526566236783828,8.96353811928119e-06,0.00817418757940856,0,0.0689522655023596,0.00426261628140945,0.000826944561244034,0.00117659307857185,0,6.46087039807412e-05
0.000197214414826105,0.00563482062275119,0,0.00737267865715171,0,0.000486897763405951,0,0,0,0.000246767417793159,0,0,0,0,0,0,0.0011918881015615,0.00131634920839261,0.0470778308155101,4.19553110004014e-05,3.48355586023627e-05,0,0,0,0,0,0,0,0,0,0,0.000112341526135117,0,0,0,0.000575155693162139,4.88214508231329e-05,4.18338877424395e-05,0,0,3.14515886442992e-05,0.0908486081754917,0.00446583853360807,0.00344820224723411,0,0.0571409217293245,0.000779782370916169,0.000244022269605351,0,0.0316897322023707,0,0,0,0,0,0.00115621175600425,0,1.57803344259322e-05,0,0,0,0,0.00552127446579105,0.000392518593960062,0,0,0,0,0,0,0,3.311689656392e-05,0.00084061712926298,0.000150144173977353,1.93301463160801e-05,0,0.000185546553143881,0,0.00515531225425843,0.000238255028828493,0.000265138559730905,2.65862583874068e-05,0.00306654041200376,6.62385589955287e-05,0.0394587129881066,0.0123277455329776,2.04909353916267e-05
0.000385282216943295,0,8.50916186533079e-05,0,0.00121035477313385,0,0,0,0.000464587337526548,0,0,0,0,0,0,0,0.000276493942058406,7.76297772893967e-06,0.00414476990901917,0,0.000611416993583351,0,0,0,0,0,0.000172242865690833,0,0,0,0,0.00014572477099152,0.000426714824353483,0,0.00108910094897077,3.20605386472668e-06,0.00147478068643865,0,4.1485423521852e-05,3.14515886442992e-05,0,0.000194664235905696,0.00529365741725779,0,0.00117406110619653,7.87836036552042e-06,0.0107329251133939,0.0477409692071252,0.368515052061922,0.0438678312401697,3.49644369898594e-05,0,0,0,0.000526219937234661,0,0.000758419801351652,0,0.000717477621402333,0,0.000131910022533319,0,0,0.00464334973453913,0,0,0,0,0,0,0,4.08374572657276e-05,0,0.000509521487482671,0,0.00259199827382746,0,9.18967246095158e-05,1.46047787939539e-06,0.019129804618786,0,0.000534597310026594,0.000321997450172882,6.25135390995422e-06,0.0268010290487749,0,0.00201507972108191
4.36950841358312e-05,0.064214477389898,0,0.0100384818513899,0,0.000242483984993599,0,0,0,0.00286351359639409,0,0,0,0,0,0,0.000599528848832636,0.00104777475900494,0.0407228283629234,0,5.16193092394051e-05,0,0,0,0,0,0,0,0,0,0,0.000201310881741675,0,0.00010952453373095,0,0.00151421302565778,1.95466113851565e-05,4.49584514266129e-05,0,0.0908486081754917,0.000194664235905696,0,0.0236698354246977,0.00793133096140165,0.00024967367602374,0.0217749017229795,0.000304793503654022,0.00142923941041044,0.000169740858322849,0.0287066517785946,0,9.09262897019796e-06,0,0,0.00020069235008901,0.00432800427682223,0,0,9.07138659898994e-06,0,0,1.35776166870654e-05,0.00162370790519921,0.000227920256365277,0,0,0,1.44904288808875e-05,0,0,0,0,0.00453211301561313,5.01415245086258e-05,4.35144081097566e-05,0,0.000128243158156909,0,0.00513940715740536,8.32095601018973e-05,0.000330853066812471,6.7189097744237e-05,0.00708331258733815,0.000153949149658914,0.0900166001110894,0.0301102654336233,0
0.014629736750588,4.64059927273797e-05,0.000460202130111714,0.000638269721209298,0.00076603577783588,0,0,0,0.00347084637093398,0,0.000106706964937378,0,0,0,0.000411038148181515,0,0.00195273998216141,0.000309384012841282,0.0121686094713007,0,0.00123242469628173,0,5.62098659579038e-06,0,8.27854904437101e-05,0,0,0,0,0,0,6.5885392146347e-05,0,0.000527602326945244,5.04465656837334e-05,8.64407908651453e-05,0.000444612977461936,8.4893873442584e-05,0.000715891385335573,0.00446583853360807,0.00529365741725779,0.0236698354246977,0,0.00218831070452101,0.00590478080093162,0.00115484109279114,0.0513509221711581,0.0658176251080404,0.0929465775148754,0.0116462080282137,0.000354971651313901,0,0,0,0.00160237256242374,0.00043569253875638,0.00847843497264852,0,0.00403141284784681,0,0.000599284003852523,0,0,0.00747537996484783,0,3.77757326926089e-05,0,0.00225789959902662,0,3.5208780056217e-05,0,0.00793093941320937,0.000103774889393564,0.0279171942480057,0,0,1.93211132866529e-05,2.87624352267855e-05,0.000389119478402761,0.00361666696612606,6.8481685804466e-05,0.000871512380573404,0.00871346860404815,3.77350120030506e-05,0.0938650267930333,0.000250367873817149,0.0543051931913301
0,0.000343377449532146,0,0.00228677376743397,0,0,0,0,0,0.000159883117845402,0,0,0,0,0,0,0.000149940292807902,8.35430763021041e-05,0.00197438982166895,0,0,0,0,0,0,0,0,0,0,0,0,0,0,0,0,3.98424568699779e-05,0,0,0,0.00344820224723411,0,0.00793133096140165,0.00218831070452101,0,0,0.00111165847603745,0,0.000287906426776116,0,0.000701852125656942,0,0,0,0,0,0.00207617028123378,0,0,0,0,0,0,0,0,0,0,0,0,0,0,0,0,0.000106222260886066,0,0,0,0,0,0.000221910251019762,0,6.19991016146467e-05,0,0.000261192200589852,2.14492194209048e-05,0.00105107363654158,0.000501574151222314,0
0,0,0,0,0,0,0,0,0,0,0,0,0,0,0,0,9.44826309128358e-06,0,0.000491211989883479,0,0,0,1.46958846053602e-05,0,0,0,0,0,0,0,0,0,0,0,0,0,9.14330699125594e-05,0,0,0,0.00117406110619653,0.00024967367602374,0.00590478080093162,0,0,1.65329739459678e-05,0.00580719394713744,0,0,5.48613383650849e-05,0,0,0,0,0,0,0,0,0,0,0,0,0,0.00106361764436827,0,0,0,0,0,0,0,0,0,0,0,0,0,0,0,0.000319289531177962,0,3.32300685821167e-05,3.00259609428622e-05,0,0.001171512541049,0,0.00812358213114472
0,0.00259769023798266,0,0.00459854845370172,0,2.76642382748674e-05,0,0,1.17667667172546e-05,0.000261364151758435,0,0,0,0,0,0,0.00058070620547267,0.000748202182922395,0.0177512771412379,0.0171809837107833,6.98648843831741e-05,0,0,0,0,0,0,0,0,0,0,5.05372471538823e-05,0,4.46969586910492e-05,0,0.00247219487636401,1.4836776657324e-05,0.000581350229683131,6.99076012437821e-05,0.0571409217293245,7.87836036552042e-06,0.0217749017229795,0.00115484109279114,0.00111165847603745,1.65329739459678e-05,0,0.000630760536500838,0.000194945441610573,0,0.00103777987766883,0,0,0,0,0,0.000209617813270353,0,6.66876277190145e-05,0,0,0,0,0.0507369237054054,4.6209477462826e-05,0,0,0,0,0,0,0,0,0.000574894484544538,4.72170922456282e-05,0,0,1.47439767296765e-05,0,0.00664409425677448,0.000178641024561144,0.00522760981935678,2.86105914715956e-05,0.00130057332425227,3.32714664181366e-05,0.0383598448516513,0.000401804757868662,2.34236518644763e-05
0.000570949787354497,0,0.000104932185525073,0,0.000581296686008924,0,0,0,0.00052550621863783,1.1814138617239e-05,0.000449786751634328,0,0,0,1.5307248040429e-05,0,0.00290060354611756,0.00094929262688248,0.0506522848714772,0,0.00439395325578508,4.61845436326904e-05,2.51364297232563e-06,0,0,0,0,0,0,0,0,0,0,0,0,2.28996515575013e-05,0.000568799658511647,0,0.00161178983841634,0.000779782370916169,0.0107329251133939,0.000304793503654022,0.0513509221711581,0,0.00580719394713744,0.000630760536500838,0,0,0.00193480179172641,0,0.000182863110663864,0,0,0,0.000921950840463988,0,0.0065723596548565,0,0.000902309635848416,0,0.000239820433541486,0,0,0.0368936754024841,0,0,0,0,0,0,0,0.000602360617323234,1.0657798348943e-05,0.012274432100116,0,0,0,0,5.50178288396675e-05,0.00695291289587505,3.17500459771857e-05,0.00144176192921758,0.00218231830938483,6.59352264494168e-06,0.0242637192887489,0,0.00520907454819356
0.000212629808686472,0,0,0.000784515862123195,0,0.000250731549961857,0,0,0,1.58055471786414e-05,0,0,0,0,0,0,0,0,0.00022257121702177,0,0,0,0,0.000186411208534035,8.89700768740356e-05,0,0,0,0,0,0,0.0290582626193587,0.0209117094637787,0.0780858071543599,0.0338007638215198,0.00537407482371945,0.00136201246817128,0.0141305308447035,0.00796389455848864,0.000244022269605351,0.0477409692071252,0.00142923941041044,0.0658176251080404,0.000287906426776116,0,0.000194945441610573,0,0,0.223410128718087,0.103824453160791,0,0,0,0,0,7.46132506473478e-05,0,0,0,0,0,0,0,7.40627403267285e-05,0,1.54285472210911e-05,2.54508909679216e-05,0.0011651051156744,0,5.92714700934759e-05,0,0,4.5568573720282e-05,0,0.00656133012724344,0.00432718381193596,0.0130341694580059,0.0275700336798004,0.00304194073739762,0.00442598810396393,0.00307293918162194,0.000219810909935567,0.0181064655551757,0.000214375412957495,0.0433363246371757,0.000337756625637257,0
0.0346667769755675,0,0.00264376000121011,0.000146167575719494,0.00232564069092594,0,0,0,0.00565030039673525,0,0,0,0,0,0.000477809451800602,0,0.000573301484347218,4.27114601316465e-05,0.00294384179258852,0,4.34070727828937e-05,0,0.000445553467279034,0,0.00320227732276065,0,0,0,0,0,0,0.000406632670706135,0.000771332579069538,0,0.00940522209945111,4.24958882416276e-05,0.000816663973369383,4.60100758856062e-05,0.00849716842175501,0,0.368515052061922,0.000169740858322849,0.0929465775148754,0,0,0,0.00193480179172641,0.223410128718087,0,0.100440796736198,0.00186062683858418,0,0,0,0.0033946613740264,0.000242566784815969,0.00863675601639446,0,0.0188902480516252,0,0.0356542727901224,0,0,0.000536324941701207,0,0.00424107389561054,0,0.0484707566971567,0,0.000802794416812776,0,0.00363177249378934,0,0.010536269054875,0,0.00822322767983254,0,0.00622870697636903,4.42488163441921e-06,0.00352213281531652,1.16887236128406e-05,0.0383721795426661,0.00517993162558442,0,0.0537556957658197,0,0.000641907053998795
0,0.0339178695249829,0,0.0155396486374793,0,0.000880516541956603,0,0,0,0.00260706559927487,0,0,0,0,0,0,1.69547447887862e-05,0.000140220457716364,0.00274602445627087,0,0,0.000406329376678116,0,0.000822411254733168,0,0,0,0,0,0,0,0.00102479990760468,0,0.00120286780994882,0,0.000852693656831679,1.52781165943103e-05,0.00267782864677736,0,0.0316897322023707,0.0438678312401697,0.0287066517785946,0.0116462080282137,0.000701852125656942,5.48613383650849e-05,0.00103777987766883,0,0.103824453160791,0.100440796736198,0,0,2.84924136812782e-05,0,0,0,0.0102968903215562,0,2.08654278101858e-05,0,0,0,0.00732995567433911,1.04927604356061e-05,0,0.000587143830739507,0,0,0,0.0181450995689654,0,0.00042668769864238,0,0.000844169871115712,0,0,0,0.00072940906674912,0,0.00194975674235185,9.39785345965751e-06,0.00039195920254344,0,0.00165346035996166,0.00013001025126518,0.0497633207721576,0.00688692104222598,0
0.000110699052034868,0,0.0134313291530119,0,0.0383408003347552,0,0.00212246433914497,0,0.00164179439033452,0,0,0,0,0,0,0,0,0,3.51415416970421e-05,0,0.000127332421106266,0,0,0,0,0,0,0,0,0,0,0,0,0,0,0,6.79693222371678e-05,0,0,0,3.49644369898594e-05,0,0.000354971651313901,0,0,0,0.000182863110663864,0,0.00186062683858418,0,0,0,0.00557303948972479,0,0,0,0.00915701781298893,0,0.0030609315133039,0,5.6363610730914e-05,0,0,3.29260119027845e-05,0,0,0,0,0,0,0,0,0,4.95249612441897e-05,0,0,0,0,0,7.03268128099148e-05,0,0,0.000608990044460053,6.45727566852702e-05,0.00202484650864001,0,0.000641985363218668
0,0,0,0.00938348452103848,0,0.0704233592880503,0,0.00445453608048298,0,0,0,3.91021973443111e-05,0,0.0014929512573867,0,0.0109831879418178,0,0,0,0.00110095606674874,0,0,0,0,0,0,0,0,0,0,0,0,0,0,0,4.44507622406835e-06,0,0,0,0,0,9.09262897019796e-06,0,0,0,0,0,0,0,2.84924136812782e-05,0,0,0,0.00980380380090968,0,0.000102503097933819,0,0.0030332832039316,0,0.000788041883385132,0,0.0242933591414972,0.000107311976963256,0,0,0,0,0,0,0,0,0,0,0,0,0,0,0,0,0,0,0,1.21246412582715e-06,0,0.00026653329280801,0,0
0,0,0,0,0,0,0.0105850116172061,0,0,0,0.00414547256592558,0,0.00115689158434341,0,0,0,0,0,0,0,0,0,0,0,0,0,0,0,0,0,0,0,0,0,0,0,2.38403618157179e-05,0,0,0,0,0,0,0,0,0,0,0,0,0,0.00557303948972479,0,0,0,0,0,0,0,0.0021132369590927,0,0,0,0,0,0,0,0,0,0,0,0,0,0,0,0,0,0,0,0,1.08237702881158e-05,0,0,9.90279035999546e-05,0,0,0,0
0,0,0,0,0,0.00393701861238198,0,0.104608034147025,0,0,0,0,0,0.00103104620639329,0,0,0,0,0,0,0,0,0,0,0,0,0,0,0,0,0,0,0,0,0,0,0,0,0,0,0,0,0,0,0,0,0,0,0,0,0,0.00980380380090968,0,0,0,0,0,0.000190937050548239,0,0.00523813578029926,0,0.038693098108709,0,0,0,0,0,0,0,0,0,0,0,0,0,0,0,0,0,0,0,0,0,0,0,0,0
0.0733628835108316,0,0.0311557953765574,0,0.000672738253474732,0,0,0,0.0577326562636455,0,0,0,0,0,0,0,5.57137598932708e-06,0,0.00019742467153168,0,0,0,0,0,0.0164424518692065,0,0,0,0,0,0,0,0,0,0,0,0,0,0,0,0.000526219937234661,0.00020069235008901,0.00160237256242374,0,0,0,0.000921950840463988,0,0.0033946613740264,0,0,0,0,0,0,0,0.000662456552890711,0,0.000247463575933145,0,0.000498085350372495,0,0,0,0,0,0,0.0665974774237657,0,0.000144476288086692,0,0.000176505907820922,0,0.00260639896852429,0,0,0,0,0,2.88165264531326e-05,0,0.000996129154254589,0.000402048092647382,0.000352411307201304,0.00514825317886083,0,0.000319647243311141
0,0.0574257833093329,0,0.0895236991659539,0,0.000584705886129591,0,0,0,0.101059561254816,0,0,0,0,0,0.0346462996988332,0,0,6.1457138932452e-05,0,0,0,0,0.00191635988164472,0,0,0,0,0,0,0,0,0,0,0,2.80790081112997e-05,3.33443406226675e-05,0.00167517174177226,0,0.00115621175600425,0,0.00432800427682223,0.00043569253875638,0.00207617028123378,0,0.000209617813270353,0,7.46132506473478e-05,0.000242566784815969,0.0102968903215562,0,0.000102503097933819,0,0,0,0,0,0,0,0,0,0.0116278815121507,0,0,0,0,0.0865966692408525,0,0,0,0,0,0.000536412732295226,0,0,0,0,0,0.00011556204946852,6.4322711165502e-06,0.0023413154730416,0,0.000574719548684477,2.512595910047e-05,0.00584188114628664,7.10994250146743e-05,0
0.000994425390456384,0,0.000689183711715217,0,0.0116429088351476,0,0.000714433778004341,0,0.00237302577929396,0,0.11676247970633,0,0.00134263372132318,0,0.00123947282342342,0,0.000482553825130065,1.1393989811504e-05,0.00145620552293362,0,0.0129958911507442,0,4.76823874009203e-06,0,0,0,0,0,0,0,0.0047676973208359,0,0,0,0,0,0.00132442311418638,0,0.000201948735381448,0,0.000758419801351652,0,0.00847843497264852,0,0,0,0.0065723596548565,0,0.00863675601639446,0,0.00915701781298893,0,0,0,0.000662456552890711,0,0,0,0.0440310897535308,0,0.0125110905285942,0,0,0.0249050119353602,0,0,0,0,0,0.000185934751081014,0,0.0194530782541939,0,0.0482074288019328,0,0,0,0,0,0.000993895589679104,0,0,0.00121440237690009,1.62523485958273e-05,0.0188122304169979,0,0.000606682955661554
0,0,0,0.000541721666909444,0,0,0,0,0,0,0,0.102599585125912,0,0.000432022468567321,0,0,0,0,0,0.0091747727025944,0,0,0,0,0,0,0,0,0,0.00127246873083042,0,0,0,0,0,0,0,0.000996994231368827,0,1.57803344259322e-05,0,0,0,0,0,6.66876277190145e-05,0,0,0,2.08654278101858e-05,0,0.0030332832039316,0,0.000190937050548239,0,0,0,0,0,0.00418607001538955,0,0.000404120572580172,0.0179735923947217,0,0,0,0,0,0,0,0.00381613204897977,0,0.0287683163623053,0,0,0,0,0,3.43956335513827e-06,1.07541755665045e-05,9.55890676861831e-06,0,0.000214104714299969,6.41205460122205e-07,0.0123380335856516,0,0
0.00352472819183964,0,0.00126177305368121,0,0.00221954238724844,0,0.0153452093220345,0,0.000543351372808635,0,0.00936077416838371,0,0.0241853510214145,0,0.00319351442905343,0,1.64402678936507e-05,0,0.000326081940098189,0,0.000272985406762948,0,0,0,0,0,0,0,9.09959489945322e-05,0,0,0,0,0,0,0,4.72041000903161e-05,0,0,0,0.000717477621402333,9.07138659898994e-06,0.00403141284784681,0,0,0,0.000902309635848416,0,0.0188902480516252,0,0.0030609315133039,0,0.0021132369590927,0,0.000247463575933145,0,0.0440310897535308,0,0,0,0.00835270069031438,0,0,0.000777721971010995,0,0,0,0,0,0.00348148593209487,0,0.0193032705301772,0,0.00151838040416698,0,0,0,0,0,0.000209772497861038,0,0,0.000162623841402429,2.56655265158116e-05,0.0137138170670726,0,0.000171049225550711
0,0.000256367977213395,0,0.0164263311182916,0,2.60693605190431e-05,0,0.0226652492179317,0,0,0,0.0431134773836552,0,0.0525846513026511,0,0,0,0,0,0,0,0,0,0,0,0,0,0.00348262168399152,0,0.00098567068700116,0,0,0,0,0,0,0,0,0,0,0,0,0,0,0,0,0,0,0,0,0,0.000788041883385132,0,0.00523813578029926,0,0,0,0.00418607001538955,0,0,0,0.00531047620789298,0,0,0,0,0,0,0,0,0,0,0,0,0,0,0,0,0,0,0,0,0.000327746529033477,2.2807319236969e-05,0.00326941297311653,0,0
0.0343787227413863,0,0.00540976713939276,0,0.00569078190945307,0,0,0,0.0311016870671659,0,0,0,0.000440551810954561,0,0.041158268842606,0,2.23207794200713e-05,0,8.08265619229565e-05,0,0,0,0,0,0,0,0,0,0,0,0,0,0,0,0,0,3.05089745158412e-06,0,0,0,0.000131910022533319,0,0.000599284003852523,0,0,0,0.000239820433541486,0,0.0356542727901224,0,5.6363610730914e-05,0,0,0,0.000498085350372495,0,0.0125110905285942,0,0.00835270069031438,0,0,0,0,0.00022585425288421,0,0,0,0,0,0.0168523545917176,0,0.000589436373201087,0,0.000800884976924291,0,0,0,0,0,7.42797374314821e-05,0,0,5.31879289785116e-05,1.38958357992271e-05,0.00275201815811482,0,0.000139431192760326
0,0.0146350003762179,0,0.0294411071713302,0,0.0179424358394529,0,0.0115047390773284,0,0.0439322108154916,0,0,0,0.0161623163748173,0,0.00858832202405959,0,0,0,0,0,0,0,0.000237911674962592,0,0,0,0,0,0,0,0,0,0,0,0,0,9.26682617432228e-06,0,0,0,1.35776166870654e-05,0,0,0,0,0,0,0,0.00732995567433911,0,0.0242933591414972,0,0.038693098108709,0,0.0116278815121507,0,0.000404120572580172,0,0.00531047620789298,0,0,0,0,0,0,0.00304028336543322,0,4.95528620456168e-05,0,0,0,0,0,0,0,0,0,0,0,7.30212429838099e-06,0,5.69046089954487e-05,1.66343684720029e-06,0.00264586152680639,0,0
0,0,0,0.00145512225134363,0,0.000192125655964164,0,0,0,0,0,0.00685723757028978,0,0,0,0,0,0,0,0.109586099620317,0,0,0,0,0,0,0,0,0,0,0,0,0,0,0,0.00969896304662911,0,0.000234498950397518,0,0.00552127446579105,0,0.00162370790519921,0,0,0,0.0507369237054054,0,0,0,1.04927604356061e-05,0,0.000107311976963256,0,0,0,0,0,0.0179735923947217,0,0,0,0,0,0,0,0,0,0,0,0,0,0,0.000139035791676107,0,0,0,0,0,0.00538017258627436,0,0.000315324578009261,0,0.000152077970618354,0,0.0321853597424645,0,0
