0,0,60.1672169417143,0,0,0,0,0,585.845601260662,0,0,0,0,0,0.442908763885498,0,4.21228593587875,2.09737396240234,34.3517217636108,0,0,0,0,0,0,0,0,0,0,0,0,0,0,0,0,0,0,0,0,0,0.124277114868164,0,32.2663309723139,0,0,0,2.24668675661087,3.38966435194016,218.632770359516,0,0,0,0,0,397.928723469377,0,0,0,0,0,0,0,0,0,0,0,0,6.75686383247375,0,1.80844032764435,0,0,0,0,0,0,0,0,1.20568668842316,3.82572494447231,0,0,117.385297596455,0,282.512200132012,0,0.188642427325249
0,0,0,219.121874153614,0,0,0,0,0,689.429801225662,0,0,0,0,0,1.12734287977219,1.92803257703781,0.532888174057007,36.5799764990807,0,0,0,0,0,0,0,0,0,0,0,0,0,0,0,0,0,0,0,0,2.9361412525177,0,34.5928690880537,0,0,0,1.59595665335655,0,5.18062724173069,0,82.7388792037964,0,0,0,0,0,477.328772932291,0,0,0,0,0,33.5002258121967,0,0,0,0,105.621545642614,0,9.41201788187027,0,0,0,1.29879197478294,0,0,0,0,0,38.3776403963566,0,2.61426973342896,0,101.270992830396,0,249.841885134578,0,0
60.1672169417143,0,0,0,119.819295376539,0,0,0,322.158540189266,0,0,0,0,0,0,0,0,0,0.328047394752502,0,0,0,0,0,0,0,0,0,0,0,0,0,0,0,0,0,2.30592250823975,0,0,0,15.3345059081912,1.8655748963356,118.81074526906,0,0,0,53.3902283012867,4.94213515520096,325.449840188026,0.639742910861969,58.0717471837997,0,0,0,565.6052942276,0,14.4614788889885,0,3.10810518264771,0,10.0398015975952,0,0,4.57380943000317,0,0,0,0,0,0,0,0,0,0.992957502603531,0,0,0,0,0,39.6875980272889,0,9.3386245816946,426.515093885362,3.55474102497101,546.581814445555,0,0.210818186402321
0,219.121874153614,0,0,0,52.7944405674934,0,0,0,128.349266260862,0,0,0,0,0,0,0,0,0.494469940662384,0,0,0,0,0,0,0,0,0,0,0,0,0,0,0,0,2.23587864637375,0,0,0,12.3142010718584,0,39.7312571555376,0,0,0,37.8428043872118,0,0.387354120612144,0,330.180711433291,0,95.5936154127121,0,0,0,197.338496118784,0,1.48390591144562,0,3.46217593550682,0,67.1046656966209,5.42499372363091,0,0,0,0,0,0,0,0,0,2.2401425242424,0,0,0,0,0,5.01919990777969,0,2.10457661747932,0,278.88089607656,0,1197.71475948393,0,0
0,0,119.819295376539,0,0,0,52.4750571250916,0,4.88079595565796,0,0,0,0,0,0,0,2.2322371006012,0,0,0,199.718688309193,0,0,0,0,0,0,0,0,0,0,0,0,0,0,0,30.5672207474709,0,0,0,9.65431578457355,0,24.8230746090412,0,0,0,73.7832485437393,0.492400079965591,26.5310377329588,0,552.744569271803,0,18.6140902936459,0,3.20619988441467,0,0,0,9.38237607479095,0,6,0,0,201.383841753006,0,0,0,0,0,0,0,0,0,0,0,0,0,0,0,109.556186333299,0,2.89150336384773,289.928333520889,9.4525454044342,629.939130887389,0,0.802985548973083
0,0,0,52.7944405674934,0,0,0,0,0,92.2700456380844,0,0,0,0,0,0,0,0,0.325407266616821,251.980026215315,0,0,0,0,0,0,0,0,0,0,0,0,0,0,0,29.6331701874733,0,0,0,9.33512082695961,0,4.70143032073975,0,0.193622246384621,0,117.570433139801,0,0.772250011563301,0,12.2723269611597,0,471.850571990013,0,4,0,44.1711592078209,0,4.56729185581207,0,0,0,0.895520210266113,228.218645304441,0,0,0,0,0,0,0,0,0,0,0,0,0,0,0,84.1788309514523,0,1.64424160122871,0,249.174380734563,5.95790576934814,273.958323821425,0,0
0,0,0,0,52.4750571250916,0,0,0,0,0,0,0,15.8603940010071,0,0,0,0,0,0,0,27.3269879817963,0,0,0,0,0,0,0,0,0,0,0,0,0,0,0,0,0,0,0,0,0,0,0,0,0,0,0,0,0,222.335773825645,0,299.872783005238,0,0,0,0,0,18.4538433551788,0,0,0,0,8.46505975723267,0,0,0,0,0,0,0,0,0,0,0,0,0,0,0,0,0,0,44.7953530550003,0,0,0,0
0,0,0,0,0,0,0,0,0,0,0,19.4618060588837,0,0,0,0,0,0,0,73.1974607110023,0,0,0,0,0,0,0,0,0,0,0,0,0,0,0,0,0,0,0,0,0,0,0,0,0,0,0,0,0,0,0,75.6648163795471,0,117.245473504066,0,0,0,56.086347669363,0,0,0,0,0,0,0,0,0,0,0,0,0,0,0,0,0,0,0,0,0,0,0,0,85.1142661571503,0,0,0,0
585.845601260662,0,322.158540189266,0,4.88079595565796,0,0,0,0,3.91526558995247,0,0,0,0,114.162340924144,0,687.736301928759,105.578074723482,91.3389445692301,0,0,0,3.81391453742981,0,22.4994586110115,0,52.0583686232567,0,0,0,0,0,0,0,0,0,0,0,85.1732890605927,0.297523766756058,0,0,11.4869547188282,0,0,0,0.861962273716927,0,30.266804933548,0,16.8854783773422,0,0,0,1361.11552336812,0,0,0,0,0,54.7577074468136,3.45182228088379,0,0,0,4.61271941661835,0,2.77500239014626,0,58.9970713555813,0,0,0,0,0,0,0,0,0,1.48446273803711,0,71.7421721220016,426.304318964481,5.45899921655655,163.523318380117,1.35716474056244,2.44570997357368
0,689.429801225662,0,128.349266260862,0,92.2700456380844,0,0,3.91526558995247,0,0,0,0,0,0.324356257915497,115.206309556961,146.677400767803,561.415015608072,94.4211918711662,0,0,0.683546543121338,0,131.923060461879,0,27.2522988021374,0.391515493392944,0,0,0,0,0,0,0,0,0,0,185.578288316727,0,2.36909739673138,1.33501124382019,35.1439827978611,0,0,0,0,2.23457896709442,0,0,117.420270308852,0,106.958703279495,0,0,0,680.364504039288,0,0,0,1.44326174259186,1.4452451467514,198.317575484514,0.276247322559357,0,0,0,62.3781276345253,0,41.0926305651665,0,0,0,0,0,0,0,0,0,0,0,89.685111746192,0.228289201855659,798.897128432989,0.415288418531418,122.263632327318,71.7930474877357,0.908309280872345
0,0,0,0,0,0,0,0,0,0,0,0,94.1648020744324,0,0,0,0,0,0,0,69.715650677681,0,0,0,0,0,0,0,0,0,41.7879959344864,0,0,0,0,0,191.683153152466,0,1430.11143386364,0,0,0,0,0,0,0,0,0,0,0,0,0,0,0,0,0,1098.01021358371,0,1,0,0,0,0,150.137395560741,0,0,0,0,0,0,0,0,0,72.9435856938362,0,0,0,0,0,326.054233521223,0,199.770510971546,412.86400192976,52.6516255140305,4.29104959964752,0,0
0,0,0,0,0,0,0,19.4618060588837,0,0,0,0,0,406.057457447052,0,0,0,0,0,593.424127459526,0,0,0,0,0,0,0,0,0,99.833691239357,0,0,0,0,0,8.59298300743103,0,1223.88977831602,0,0,0,0,0,0,0,0,0,0,0,0,0,0,0,3.6017033457756,0,0,0,981.461387500167,0,0,0,0,0.323195964097977,0,0,0,0,0,0,0,0,0,52.2101085335016,0,0,0,0,0,55.8339552879333,0,615.415659815073,0,482.604510128498,0,0,0,0
0,0,0,0,0,0,15.8603940010071,0,0,0,94.1648020744324,0,0,0,100.704426050186,0,0,0,0,0,0,0,0,0,0,0,0,0,0,0,0,0,0,0,0,0,0,0,0,0,0,0,0,0,0,0,0,0,0,0,0,0,0,0,0,0,7.14197468757629,0,588.058718472719,0,236.54468730092,0,0,0,0,0,0,0,0,0,0,0,0,0,0,0,0,0,0,0,0,0,67.4651292562485,29.391562461853,0,0,0
0,0,0,0,0,0,0,0,0,0,0,406.057457447052,0,0,0,67.9629616141319,4.160964012146,64.0834858119488,0,0,0,0,0,0,0,16.0327298343182,0,46.4916455745697,0,0,0,0,0,0,0,0,0,0,0,0,0,0,0,0,0,0,0,0,0,0,0,0,0,0,0,0,0,270.238896608353,0,970.864815890789,0,0,0,0,0,0,0,0,0,0,0,0,0,0,0,0,0,0,0,0,0,0,128.204077124596,16.3196261525154,0,0,0
0.442908763885498,0,0,0,0,0,0,0,114.162340924144,0.324356257915497,0,0,100.704426050186,0,0,0,953.856970757246,54.6814725100994,13.4116636365652,0,0,0,11.5498566627502,0,2.6408631503582,0,52.3133158683777,0,0,0,0,0,0,0,0,0,0,0,0,0,1.40638327598572,0,2.01919931173325,0,0,0,1.53886742889881,0,0,0,1,0,0,0,68.0124475359917,0,0,0,2.76241245865822,0,1424.75248503685,0,0,0,0,1.40572780370712,0,0,0,15.1003208458424,0,0,0,0,0,0,0,0,0.949237942695618,0,0,0,375.153237849474,4.59789788722992,0.628095358610153,0,0
0,1.12734287977219,0,0,0,0,0,0,0,115.206309556961,0,0,0,67.9629616141319,0,0,16.8356707692146,297.200663670897,3.83562502264977,0,0,0.305772066116333,0,7.16085466742516,0,42.3096253275871,0,1.74106860160828,0,0,0,0,0,0,0,0,0,0,0,0,0,0,0,0,0,0,0,0,0,0,0,0,0,0,0,5.10440176725388,0,0,0,162.845227271318,0,16.7333984971046,0,0,0,0,0.553372800350189,0,132.37106436491,0,0,0,0,0,0,0,0,0,0,0,0,0,193.431686922908,8.56264919042587,0,0,0
4.21228593587875,1.92803257703781,0,0,2.2322371006012,0,0,0,687.736301928759,146.677400767803,0,0,0,4.160964012146,953.856970757246,16.8356707692146,0,21331.9325752407,5399.08272881806,0,0,31.0290478765965,332.613487228751,122.613469034433,62.3243263363838,96.2542178034782,959.397251397371,0,0,0,0,0,0,0,0,4.24490320682526,3.04195199906826,0,0,74.4530392438173,169.111956655979,68.6707858741283,142.657604441047,13.2630668878555,0.6482914686203,21.4378039836884,100.207526445389,0,2.46189507842064,4.48233994841576,0,0,0,0,157.860782459378,7.37430709600449,0,0,0,1.9868665933609,464.339407503605,39.5575221180916,13.5695386826992,14.4514003098011,0,40.7228873372078,1.28862300515175,0,75.0966474711895,46.1378402709961,0,0.894783020019531,2.75956892967224,8.32408612966537,0,0,0,0,88.0837984532118,201.496086992323,26.9371617734432,57.1762038916349,7614.2984829098,3883.84725758433,178.291291899979,9.0362768471241,18.8253417909145
2.09737396240234,0.532888174057007,0,0,0,0,0,0,105.578074723482,561.415015608072,0,0,0,64.0834858119488,54.6814725100994,297.200663670897,21331.9325752407,0,4636.617145136,0,0,129.123984575272,23.7408515512943,324.533306419849,10.2380177378654,895.904745653272,90.7522455155849,2.10836020112038,0,0,0,0,0,0,0,6.00809264183044,5.77321217954159,0,0,186.009646058083,131.097148939967,189.311893939972,107.178545743227,37.1040766239166,0.485623478889465,47.5745151340961,85.4770272821188,0,5.60004615783691,10.1815517544746,0,1.16996109485626,0,0,11.5439261049032,24.0635174661875,0.502287030220032,0,0,71.2622454464436,8.1028613448143,426.680518746376,21.9457740485668,21.4970283061266,3.3725218474865,10.4153718799353,77.710061609745,0,574.009436696768,1.97570645809174,5.70067551732063,0,1.10492911934853,0,0,0,0,0,220.152952983975,213.030548207462,90.7567243427038,38.5380673110485,10229.0876747221,4140.63615579903,254.68750949204,67.4062875062227,10.214557826519
34.3517217636108,36.5799764990807,0.328047394752502,0.494469940662384,0,0.325407266616821,0,0,91.3389445692301,94.4211918711662,0,0,0,0,13.4116636365652,3.83562502264977,5399.08272881806,4636.617145136,0,0,0,18.4051538109779,0.561881601810455,21.2017780840397,2.97954384982586,20.7862628102303,71.1242893487215,0,0,0,0,0,0,0,0,23.6679893434048,25.7902311682701,1.9535453915596,0,1187.51107944548,929.440931662917,1000.48306654394,1119.50334642828,348.844201177359,83.6772359013557,287.467360988259,438.798042349517,1.36108121275902,15.7404302656651,54.7767833769321,0,0,0,0,3.45900446176529,0,3.71480965614319,2.49830961227417,0,0,9.64648671448231,10.9311183691025,126.912892699242,130.10427840054,0,9.18393762409687,2.96400600671768,3.31478345394135,29.3324533104897,6.83511379361153,0,3.19008588790894,21.2714372873306,38.8845468908548,0.270812124013901,0,0,0,2056.19528071582,1953.18177660555,508.201045647264,365.865223065019,7195.04430899024,25.26585906744,1656.43046001345,216.897991225123,197.029242545366
0,0,0,0,0,251.980026215315,0,73.1974607110023,0,0,0,593.424127459526,0,0,0,0,0,0,0,0,0,0,0,0,0,0,0,0,0,0,0,0,0,0,0,340.065524727106,0,84.9953766167164,0,0,0,0,0,0,0,0,0,0,0,0,0,2.33008590340614,0,0,0,0,0,202.080641925335,0,0,0,0,636.673052564263,0,0,0,0,0,0,0,0,0,28.3519433736801,0,0,0,0,0,458.828066676855,0,258.626587674022,0,151.199169009924,1.38406264781952,43.1859500110149,0,0
0,0,0,0,199.718688309193,0,27.3269879817963,0,0,0,69.715650677681,0,0,0,0,0,0,0,0,0,0,0,0,0,0,0,0,0,0,0,0,0,0,0,0,0,605.763201653957,0,217.293817162514,0,0,0,0.296615213155746,0,0,0,11.0769948959351,0,0,0,0,0,0,0,0,0,135.961423039436,0,0,0,0,0,0,618.264840334654,0,0,0,0,0,0,0,0,0,0,0,0,0,0,0,366.336637496948,0,230.268247455359,236.048483550549,0,172.788528114557,0,0
0,0,0,0,0,0,0,0,0,0.683546543121338,0,0,0,0,0,0.305772066116333,31.0290478765965,129.123984575272,18.4051538109779,0,0,0,1,153.1572021842,0,8.78528288006783,0.583632826805115,0,0,0,0,0,0,0,0,0,0,343.173855125904,0,0,0,0.360226094722748,0,0,0,0,0,0,0,39.8370601534843,0,0,0,0,0,0,0,0,0,0,0,5.58040809631348,0,0,4121.579376176,7.90408372879028,83.2285769283772,0,8.98434084653854,0,18.852267742157,0,0,0,0,0,0,0,0,0,804.038926362991,0,474.442084461451,0.331292033195496,0,0,0
0,0,0,0,0,0,0,0,3.81391453742981,0,0,0,0,0,11.5498566627502,0,332.613487228751,23.7408515512943,0.561881601810455,0,0,1,0,0,32.729215413332,0,460.584068864584,0,0,0,0,0,0,0,0,0,0,0,320.510736823082,0,0,0,0,0,0,0,0,0,8.16780100762844,0,0,0,0,0,4.24503964185715,0,0,0,0,0,1.70318448543549,0,0,0,0,2348.13769187033,0,11.3022591769695,0,322.837611705065,0,0,0,0,0,0,0,0,0,0,0,239.572324514389,114.908742383122,0,0.366210788488388,0,0
0,0,0,0,0,0,0,0,0,131.923060461879,0,0,0,0,0,7.16085466742516,122.613469034433,324.533306419849,21.2017780840397,0,0,153.1572021842,0,0,0,257.407140493393,2.38977456092834,0,0,0,0,0,0,0,0,0,0,324.168657302856,0,2.03600144386292,1.50521278381348,0,0.794824838638306,0,0,0,0.314677536487579,0,0,11.1970812380314,0,0,0,0,0.174730002880096,10.9181249290705,0,0,0,0,0,9.60940085351467,0,0,3.44388943910599,0,331.158064216375,0,249.645873367786,0,0,0,0,0,0,0,0,0,0.73035454750061,0,52.0539852976799,0,303.602499097586,4.37309408187866,22.4426772594452,0,0
0,0,0,0,0,0,0,0,22.4994586110115,0,0,0,0,0,2.6408631503582,0,62.3243263363838,10.2380177378654,2.97954384982586,0,0,0,32.729215413332,0,0,0,273.99258351326,0,0,0,0,0,0,0,0,0,0,0,131.31355085969,0,0,0,0,0,0,0,0,0,1.25364524126053,0,0,0,0,0,92.3484092801809,0,0,0,0,0,0,0,0,0,0,46.9210295677185,0,518.991531729698,0,590.219073474407,0,0,0,0,0,0,0,0,0.228497967123985,0,0,73.9661426842213,99.3216231167316,1.07805216312408,9.85614249110222,0,0.248661786317825
0,0,0,0,0,0,0,0,0,27.2522988021374,0,0,0,16.0327298343182,0,42.3096253275871,96.2542178034782,895.904745653272,20.7862628102303,0,0,8.78528288006783,0,257.407140493393,0,0,0,0.919920265674591,0,0,0,0,0,0,0,0,0,0,0,0,0.957721948623657,0.277319729328156,0,0,0,1.88747107982635,3.43539118766785,0,0,0,0,0,0,0,0.45937505364418,0,0,0,0,0,0,67.9448258876801,0,0,0,0,75.5018246173859,0,250.425088703632,0,0,0,0,0,0,0,0,0,3.26861763000488,1.17515015602112,0,0,133.650273889303,3.78414416313171,0.798457026481628,0,0
0,0,0,0,0,0,0,0,52.0583686232567,0.391515493392944,0,0,0,0,52.3133158683777,0,959.397251397371,90.7522455155849,71.1242893487215,0,0,0.583632826805115,460.584068864584,2.38977456092834,273.99258351326,0,0,0,3,0,0,0,0,0,0,0,0,0,0,0,3.38274247944355,0,2.55556264519691,0,0,0,1.93547324836254,0,0,0,0,0,0,0,30.8863796293736,0,0,0,0,0,49.5511282086372,0,0,0,0,229.344242364168,0,130.182333409786,0,531.283484041691,0,0,0,0,0,0,0,0,0,3.02327345311642,0,1.4335834980011,271.08170196414,0,0.753910228610039,0,0.913859874010086
0,0,0,0,0,0,0,0,0,0,0,0,0,46.4916455745697,0,1.74106860160828,0,2.10836020112038,0,0,0,0,0,0,0,0.919920265674591,0,0,0,210.341320633888,0,0,0,0,0,0,0,0.603541135787964,0,0,0,0,0,0,0,0,0,0,0,0,0,0,0,0,0,0,0,0,0,0,0,0,0,0,0,0,0,0,1,0,515.463370129466,0,33.2789599895477,0,0,0,0,0,0,0,2.47969686985016,0,95.5356286466122,0.915383994579315,0,0,0
0,0,0,0,0,0,0,0,0,0,0,0,0,0,0,0,0,0,0,0,0,0,0,0,0,0,3,0,0,0,3,0,0,0,0,0,0,0,84.8124523162842,0,0,0,0,0,0,0,0,0,0,0,0,0,0,0,0,0,0,0,0,0,0,0,0,0,0,0,0,0,0,19.9169430732727,0,156.640443772078,0,0,0,0,0,0,0,0,0,16.2596502304077,59.3798508644104,0,0,0,0
0,0,0,0,0,0,0,0,0,0,0,99.833691239357,0,0,0,0,0,0,0,0,0,0,0,0,0,0,0,210.341320633888,0,0,0,0,0,0,0,0,0,12.1476249694824,0,0,0,0,0,0,0,0,0,0,0,0,0,0,0,0,0,0,0,3.75217205286026,0,0,0,0,0,0,0,0,0,0,0,0,0,0,150.730381667614,0,0,0,0,0,0,0,28.8321483433247,0,0,0,0,0,0
0,0,0,0,0,0,0,0,0,0,41.7879959344864,0,0,0,0,0,0,0,0,0,0,0,0,0,0,0,0,0,3,0,0,0,0,0,0,0,0,0,82.1121187210083,0,0,0,0,0,0,0,0,0,0,0,0,0,0,0,0,0,16.9116925895214,0,0,0,0,0,0,0,0,0,0,0,0,0,0,0,0,58.7356174886227,0,0,0,0,0,0,0,0,0,4.84678387641907,0,0,0
0,0,0,0,0,0,0,0,0,0,0,0,0,0,0,0,0,0,0,0,0,0,0,0,0,0,0,0,0,0,0,0,149.076217830181,6.64155885577202,43.1531916856766,312.008963242173,70.9236631393433,0,0,0,0,0,0,0,0,0,0,569.923678159714,0,3.55879095196724,0,0,0,0,0,0,0,0,0,0,0,0,0,0,0,0,0,0,0,0,0,0,0,0,1762.24979540706,276.716399312019,108.439736187458,0,1466.83084970713,9.40458178520203,0,0,452.198631584644,0,0,0,0
0,0,0,0,0,0,0,0,0,0,0,0,0,0,0,0,0,0,0,0,0,0,0,0,0,0,0,0,0,0,0,149.076217830181,0,12.8498791456223,12.8412920981646,0,144.780788838863,0,0,0,0,0,0,0,0,0,0,107.528057038784,0,0,0,0,0,0,0,0,0,0,0,0,0,0,0,0,0,0,0,0,0,0,0,0,0,0,333.975599259138,723.289239615202,17.7013581991196,61.7510403096676,6.62905544042587,65.9061444699764,0,0,264.45826613903,0,0,0,0
0,0,0,0,0,0,0,0,0,0,0,0,0,0,0,0,0,0,0,0,0,0,0,0,0,0,0,0,0,0,0,6.64155885577202,12.8498791456223,0,758.846566557884,457.773187667131,0,40.3138981163502,5.34584206342697,0,0,0,0,0,0,0,0,2223.10550090671,13.5109032988548,3.18810883164406,0,0,0,0,0,0,0,0,0,0,0,0,0,0,0,0,0,0,0,0,0,0,0,0,11.6663578748703,0,2740.33575412631,1124.43257012963,634.790299266577,0,115.935671120882,160.48084384203,322.912300109863,29.8921213448048,4.50479796528816,0,0
0,0,0,0,0,0,0,0,0,0,0,0,0,0,0,0,0,0,0,0,0,0,0,0,0,0,0,0,0,0,0,43.1531916856766,12.8412920981646,758.846566557884,0,0,308.130393385887,0,39.1340998113155,0,0,0,0,0,0,0,0,1645.27817156911,25.8951460719109,11.0605723559856,0,0,0,0,0,0,0,0,0,0,0,0,0,0,0,0,0,0,0,0,0,0,0,0,1.15112316608429,80.129336565733,761.122199714184,1920.75511395931,2.75899749994278,98.5678361952305,4.53523284196854,342.804269015789,514.994936391711,80.7178660929203,0,0,0
0,0,0,2.23587864637375,0,29.6331701874733,0,0,0,0,0,8.59298300743103,0,0,0,0,4.24490320682526,6.00809264183044,23.6679893434048,340.065524727106,0,0,0,0,0,0,0,0,0,0,0,312.008963242173,0,457.773187667131,0,0,1115.67921370268,2523.14891403913,0,13.7784009277821,0,10.6072634458542,1.25633215904236,4.2317336499691,0,114.232179291546,0,303.421940565109,0,8.25007584691048,0,5.85781675577164,0,0,0,0,0,10.808525800705,0,1.98343408107758,0,0,94.2892004847527,0,0,0,0,0,0,0,0,0,0.472948685288429,0,250.684664472938,0,577.28809197247,0,11534.1461653709,592.25839805603,1189.46796032786,0,1582.67631201446,265.070635393262,144.782630980015,0.338771402835846,0
0,0,2.30592250823975,0,30.5672207474709,0,0,0,0,0,191.683153152466,0,0,0,0,0,3.04195199906826,5.77321217954159,25.7902311682701,0,605.763201653957,0,0,0,0,0,0,0,0,0,0,70.9236631393433,144.780788838863,0,308.130393385887,1115.67921370268,0,0,759.602088928223,1.65934664011002,10.5742253661156,0,19.5741700530052,0,15.4079288393259,0,97.9824002608657,172.939472138882,6.88377144187689,0.226313158869743,0,0,0,0,0,0,0.382022202014923,0,0,0,0,0,0,157.404316067696,0,0,0,0,0,0,0,0,0,0.639648467302322,0,194.808991283178,0,75.0131384134293,456.195724904537,10255.4679749385,0,645.834262892604,1921.12211723626,745.620694369078,154.356396667659,0,2.29362422227859
0,0,0,0,0,0,0,0,0,185.578288316727,0,1223.88977831602,0,0,0,0,0,0,1.9535453915596,84.9953766167164,0,343.173855125904,0,324.168657302856,0,0,0,0.603541135787964,0,12.1476249694824,0,0,0,40.3138981163502,0,2523.14891403913,0,0,41.7516770362854,3.17567503452301,0,45.985113799572,0,1.13512375950813,0,18.3188705891371,0,59.2877543866634,0,171.196208834648,0,0,0,0,0,42.3197442293167,0,18.5052853226662,0,0,0,0,59.5825435072184,0,276.576572299004,0,761.11414796114,0,0,0,27.6212219893932,0,0.386916041374207,0,0,0,30.9446096420288,0,1249.54913145304,0,7085.58717823029,47.2223567962646,478.34324772656,11.2344830930233,340.147504165769,0,0
0,0,0,0,0,0,0,0,85.1732890605927,0,1430.11143386364,0,0,0,0,0,0,0,0,0,217.293817162514,0,320.510736823082,0,131.31355085969,0,0,0,84.8124523162842,0,82.1121187210083,0,0,5.34584206342697,39.1340998113155,0,759.602088928223,41.7516770362854,0,0,0.174287348985672,0,15.7398292422295,0,1.2117440700531,0,6.48201775550842,281.338150262833,88.6633576154709,2.05220976471901,0,0,0,0,8.74216997623444,0,723.655771315098,0,0,0,0,0,0,73.9339289665222,0,87.3402878642082,0,235.991972178221,0,0,0,0,0,0.588743925094604,0,0,0,47.3376617133617,0,407.415663808584,0.591314494609833,6366.08410705626,416.590156137943,150.912740826607,190.505709379911,0,0
0,2.9361412525177,0,12.3142010718584,0,9.33512082695961,0,0,0.297523766756058,2.36909739673138,0,0,0,0,0,0,74.4530392438173,186.009646058083,1187.51107944548,0,0,0,0,2.03600144386292,0,0,0,0,0,0,0,0,0,0,0,13.7784009277821,1.65934664011002,3.17567503452301,0,0,11.5193080604076,3288.86924679577,20.1348806768656,192.934023797512,0,503.656740769744,2.78603236377239,5.64716517925262,0,825.748481273651,0,5.93007577955723,0,0,0,1.12910027801991,0,9.53564339876175,0,2.69104695320129,0,2.79049372673035,295.161922320724,1.03027135133743,0,0,0,0,0,0,1.85781416296959,0,33.2089211791754,0,0.694275140762329,0,0,0,1783.79632087797,19.3730192780495,301.497431926429,8.12101875245571,425.811032354832,3.08088234066963,1956.18875300139,144.595241501927,1.34508734941483
0.124277114868164,0,15.3345059081912,0,9.65431578457355,0,0,0,0,1.33501124382019,0,0,0,0,1.40638327598572,0,169.111956655979,131.097148939967,929.440931662917,0,0,0,0,1.50521278381348,0,0.957721948623657,3.38274247944355,0,0,0,0,0,0,0,0,0,10.5742253661156,0,0.174287348985672,11.5193080604076,0,16.3461589068174,2531.75444086641,4.55085331201553,119.082434728742,4.04624664783478,701.053347930312,11.7465765476227,213.760863944888,1.84237861633301,1.40885499119759,0,0,0,2.69222521781921,0,14.8432679325342,0,0,0,0,0,0.377382576465607,103.790809035301,0,0,0,0,1.52166783809662,0,0,1.04052850604057,0,40.4924868196249,0,0,0,0,20.1795537918806,772.015971072018,3.06388515233994,233.134620785713,530.206739902496,0,1650.86085047573,1.82383178174496,151.755952849984
0,34.5928690880537,1.8655748963356,39.7312571555376,0,4.70143032073975,0,0,0,35.1439827978611,0,0,0,0,0,0,68.6707858741283,189.311893939972,1000.48306654394,0,0,0.360226094722748,0,0,0,0.277319729328156,0,0,0,0,0,0,0,0,0,10.6072634458542,0,45.985113799572,0,3288.86924679577,16.3461589068174,0,715.579293102026,154.798570170999,0,458.268061429262,10.4095879346132,20.9822364449501,1.34998366236687,744.539030596614,0,6.23917192220688,0,0,0.258550077676773,2.30013400316238,0,522.244584962726,0,1.01970291137695,0,3.80488020181656,301.283935114741,0.280429899692535,0,0,0.687662780284882,0,0,0,83.1383188813925,0,467.101640924811,1.19922918081284,0,0,0,0,1687.18084456772,17.6482106149197,673.44680146873,17.1813830733299,1411.36429768801,0,5655.03215557337,1357.47594982386,7.40230536460876
32.2663309723139,0,118.81074526906,0,24.8230746090412,0,0,0,11.4869547188282,0,0,0,0,0,2.01919931173325,0,142.657604441047,107.178545743227,1119.50334642828,0,0.296615213155746,0,0,0.794824838638306,0,0,2.55556264519691,0,0,0,0,0,0,0,0,1.25633215904236,19.5741700530052,0,15.7398292422295,20.1348806768656,2531.75444086641,715.579293102026,0,5.93652115762234,36.4428000450134,9.02292653918266,463.242944031954,23.0167002826929,133.544266685843,1.1976033449173,5.68998587876558,0,0,0,37.4017157703638,2.20728588104248,30.1619525924325,0,0.278764277696609,0,0,0,1.19995602965355,83.7244612649083,0,0,0,0,0,0,0,24.0287900492549,0,438.958921931684,0,0,0,0,27.3033177852631,1630.57297641039,13.6880367547274,486.20168248564,1482.26075609028,0,4917.4221233651,10.151250526309,1910.3872101903
0,0,0,0,0,0.193622246384621,0,0,0,0,0,0,0,0,0,0,13.2630668878555,37.1040766239166,348.844201177359,0,0,0,0,0,0,0,0,0,0,0,0,0,0,0,0,4.2317336499691,0,1.13512375950813,0,192.934023797512,4.55085331201553,154.798570170999,5.93652115762234,0,0,41.4273951053619,0,1.29983794689178,0,21.5582605302334,0,0,0,0,0,0,0,0,0,0,0,0,18.7333869636059,0,0,0,0,0,0,0,0,0,6.3911706507206,0,0,0,0,0,255.016258329153,5.87992240488529,231.384370595217,0.421579569578171,89.7821454405785,0,135.596961289644,8.05774936079979,2.9959704875946
0,0,0,0,0,0,0,0,0,0,0,0,0,0,0,0,0.6482914686203,0.485623478889465,83.6772359013557,0,0,0,0,0,0,0,0,0,0,0,0,0,0,0,0,0,15.4079288393259,0,1.2117440700531,0,119.082434728742,0,36.4428000450134,0,0,1.18414986133575,50.1447274237871,3.08304113149643,6.06604705750942,0,0,0,0,0,0,0,1.35222411155701,0,0,0,0,0,0,5.69932672381401,0,0,0,0,0,0,0,0,0,21.3354190289974,0,0,0,0,0,392.44549703598,0,280.980029329658,19.2819623798132,0,160.960081905127,0,3.394266679883
0,1.59595665335655,0,37.8428043872118,0,117.570433139801,0,0,0,0,0,0,0,0,0,0,21.4378039836884,47.5745151340961,287.467360988259,0,0,0,0,0,0,1.88747107982635,0,0,0,0,0,0,0,0,0,114.232179291546,0,18.3188705891371,0,503.656740769744,4.04624664783478,458.268061429262,9.02292653918266,41.4273951053619,1.18414986133575,0,0.800278544425964,18.5348483026028,0,165.530700556934,0,45.2644675076008,0,0,0,0,0,76.8441195040941,0,0.300129175186157,0,0.696533113718033,538.162801094353,1.50449359416962,0,0,0,0,0.967839956283569,0,15.3907701075077,0,255.395550146699,0,0,0,0,0,2936.79735253006,5.28037983179092,1155.77475327253,2.94597664475441,229.06303396821,0,1319.01211952418,16.1696735620499,0.614908874034882
2.24668675661087,0,53.3902283012867,0,73.7832485437393,0,0,0,0.861962273716927,2.23457896709442,0,0,0,0,1.53886742889881,0,100.207526445389,85.4770272821188,438.798042349517,0,11.0769948959351,0,0,0.314677536487579,0,3.43539118766785,1.93547324836254,0,0,0,0,0,0,0,0,0,97.9824002608657,0,6.48201775550842,2.78603236377239,701.053347930312,10.4095879346132,463.242944031954,0,50.1447274237871,0.800278544425964,0,33.3975841104984,289.216535560787,5.18989516794682,24.2116275280714,0,0,0,3.31035584211349,0,57.7727546021342,0,0,0,0,0,0,2243.44649447501,0,0,0,0,0,0,0,6.45286939293146,0,99.8398285731673,0,0,0,0,2.8157859146595,3780.29051873088,6.57698468863964,1053.25051923096,355.780988030136,0.718534469604492,2506.3824916929,0,27.3254505097866
3.38966435194016,5.18062724173069,4.94213515520096,0.387354120612144,0.492400079965591,0.772250011563301,0,0,0,0,0,0,0,0,0,0,0,0,1.36108121275902,0,0,0,0,0,0,0,0,0,0,0,0,569.923678159714,107.528057038784,2223.10550090671,1645.27817156911,303.421940565109,172.939472138882,59.2877543866634,281.338150262833,5.64716517925262,11.7465765476227,20.9822364449501,23.0167002826929,1.29983794689178,3.08304113149643,18.5348483026028,33.3975841104984,0,1132.24360558391,1216.18949815631,0,0.861896932125092,0,0,0,1.08402621746063,0,1.93512023985386,0,0.981710314750671,0,0.349744439125061,1.10168606042862,1.31814855337143,0,0,0.576707601547241,0,0,0,0,0,1.12547256052494,0.723422944545746,893.708993844688,417.179836601019,2058.92443421483,1637.02441895008,2559.66750344634,3749.04756081104,895.816137388349,738.223685741425,731.489916786551,58.9588837325573,1197.46625810862,0,2.50865499675274
218.632770359516,0,325.449840188026,0,26.5310377329588,0,0,0,30.266804933548,0,0,0,0,0,0,0,2.46189507842064,5.60004615783691,15.7404302656651,0,0,0,8.16780100762844,0,1.25364524126053,0,0,0,0,0,0,0,0,13.5109032988548,25.8951460719109,0,6.88377144187689,0,88.6633576154709,0,213.760863944888,1.34998366236687,133.544266685843,0,6.06604705750942,0,289.216535560787,1132.24360558391,0,62.7141663581133,4.86754702031612,0,0,0,64.5494151115417,0,120.909551091492,0,21.0763940811157,0,22.2035839557648,0,0,8.61464084684849,0,33.3411234468222,0,25.3134299516678,0,147.578043103218,0,220.538984254003,0,68.6207904294133,0,18.140845656395,26.1692266464233,2.38349026441574,1.52818277478218,624.660852864385,24.9617888629436,635.353280931711,394.045457877219,0.776149749755859,1149.64270357788,0,7.19317184388638
0,82.7388792037964,0.639742910861969,330.180711433291,0,12.2723269611597,0,0,0,117.420270308852,0,0,0,0,0,0,4.48233994841576,10.1815517544746,54.7767833769321,0,0,39.8370601534843,0,11.1970812380314,0,0,0,0,0,0,0,3.55879095196724,0,3.18810883164406,11.0605723559856,8.25007584691048,0.226313158869743,171.196208834648,2.05220976471901,825.748481273651,1.84237861633301,744.539030596614,1.1976033449173,21.5582605302334,0,165.530700556934,5.18989516794682,1216.18949815631,62.7141663581133,0,0,13.5479584485292,0,0,0,51.3609178960323,0,143.709773734212,0,11.039596170187,0,14.7361160367727,28.9082426950336,0.183814436197281,29.3052194416523,0,225.440318048,0,8.02846679091454,0,96.3934632241726,0,29.890136256814,0,0,0,0,47.0918851494789,1317.68251647055,0.84452648460865,372.52503734827,84.6842457652092,464.895453542471,0,1392.16336222738,8.90614755451679,0
0,0,58.0717471837997,0,552.744569271803,0,222.335773825645,0,16.8854783773422,0,0,0,0,0,1,0,0,0,0,0,0,0,0,0,0,0,0,0,0,0,0,0,0,0,0,0,0,0,0,0,1.40885499119759,0,5.68998587876558,0,0,0,24.2116275280714,0,4.86754702031612,0,0,0,115.223844617605,0,4.23698788881302,0,0.973274648189545,0,0.442309379577637,0,0,0,0,5.91879707574844,0,0,0,0,0,0,0,0,0,0,0,0,0,0,0,7.70797640830278,0,1.38184660673141,201.114765658975,0,132.090807974339,0,0
0,0,0,95.5936154127121,0,471.850571990013,0,75.6648163795471,0,106.958703279495,0,0,0,0,0,0,0,1.16996109485626,0,2.33008590340614,0,0,0,0,0,0,0,0,0,0,0,0,0,0,0,5.85781675577164,0,0,0,5.93007577955723,0,6.23917192220688,0,0,0,45.2644675076008,0,0.861896932125092,0,13.5479584485292,0,0,0,0,0,4.40951323509216,0,0,0,0,0,150.210694849491,49.363473534584,0,0,0,0,0,0,0,0,0,0,0,0,0,0,0,37.4169739484787,0,1.20293760299683,0,38.7898014783859,0,186.714309513569,0.168246373534203,0
0,0,0,0,18.6140902936459,0,299.872783005238,0,0,0,0,0,0,0,0,0,0,0,0,0,0,0,0,0,0,0,0,0,0,0,0,0,0,0,0,0,0,0,0,0,0,0,0,0,0,0,0,0,0,0,115.223844617605,0,0,0,0,0,162.033795058727,0,0,0,0,0,0,0,0,0,0,0,0,0,0,0,0,0,0,0,0,0,0,0,0,0,54.8184604644775,0,0,0,0
0,0,0,0,0,4,0,117.245473504066,0,0,0,3.6017033457756,0,0,0,0,0,0,0,0,0,0,0,0,0,0,0,0,0,0,0,0,0,0,0,0,0,0,0,0,0,0,0,0,0,0,0,0,0,0,0,0,0,0,0,0,0,2.11687678098679,0,0,0,0,0,0,0,0,0,0,0,0,0,0,0,0,0,0,0,0,0,0,0,0,5.09656572341919,0,0,0,0
397.928723469377,0,565.6052942276,0,3.20619988441467,0,0,0,1361.11552336812,0,0,0,0,0,68.0124475359917,0,157.860782459378,11.5439261049032,3.45900446176529,0,0,0,4.24503964185715,0.174730002880096,92.3484092801809,0.45937505364418,30.8863796293736,0,0,0,0,0,0,0,0,0,0,0,8.74216997623444,0,2.69222521781921,0.258550077676773,37.4017157703638,0,0,0,3.31035584211349,0,64.5494151115417,0,4.23698788881302,0,0,0,0,0,0,0,0,0,72.0817619860172,0,0,0,0,0.673344224691391,0,619.758246153593,0,1.04750832915306,0,0,0,0.356367528438568,0,0,0,0,0,1.67755544185638,0,13.6510134637356,100.208203405142,0,265.219801083207,0,0
0,477.328772932291,0,197.338496118784,0,44.1711592078209,0,0,0,680.364504039288,0,0,0,0,0,5.10440176725388,7.37430709600449,24.0635174661875,0,0,0,0,0,10.9181249290705,0,0,0,0,0,0,0,0,0,0,0,0,0,42.3197442293167,0,1.12910027801991,0,2.30013400316238,2.20728588104248,0,0,0,0,1.08402621746063,0,51.3609178960323,0,4.40951323509216,0,0,0,0,0,0,0,0,0,145.634455680847,0,0,0,0,259.724820911884,0,8.13908949494362,0,0,0,0,0,0,0,0,0,0,0,100.093919038773,0,75.653029948473,0,22.569826900959,16.7819067239761,0
0,0,14.4614788889885,0,0,0,0,0,0,0,1098.01021358371,0,7.14197468757629,0,0,0,0,0.502287030220032,3.71480965614319,0,135.961423039436,0,0,0,0,0,0,0,0,0,16.9116925895214,0,0,0,0,0,0.382022202014923,0,723.655771315098,0,14.8432679325342,0,30.1619525924325,0,1.35222411155701,0,57.7727546021342,0,120.909551091492,0,0.973274648189545,0,162.033795058727,0,0,0,0,0,157.541097074747,0,15.0302375853062,0,0,160.459676094353,0,0,0,0,0,0,0,439.556270569563,0,948.075665026903,0,0,0,0,0,33.0591389685869,0,238.856354035437,274.344851121306,68.6370211839676,885.098587431014,0,4.03716021776199
0,0,0,1.48390591144562,0,4.56729185581207,0,56.086347669363,0,0,0,981.461387500167,0,270.238896608353,0,0,0,0,2.49830961227417,202.080641925335,0,0,0,0,0,0,0,0,0,3.75217205286026,0,0,0,0,0,10.808525800705,0,18.5052853226662,0,9.53564339876175,0,522.244584962726,0,0,0,76.8441195040941,0,1.93512023985386,0,143.709773734212,0,0,0,2.11687678098679,0,0,0,0,0,943.115118712187,0,22.5641863942146,1144.92697846889,0,0.421891242265701,0,4.77472800016403,0,0.894888311624527,0,1398.61318388581,0,1146.28661106527,0,0,0,0,0,69.0248803794384,0,313.497839152813,0,500.276728034019,6.32608187198639,599.879148334265,30.0029831528664,0
0,0,3.10810518264771,0,9.38237607479095,0,18.4538433551788,0,0,0,1,0,588.058718472719,0,2.76241245865822,0,0,0,0,0,0,0,0,0,0,0,0,0,0,0,0,0,0,0,0,0,0,0,0,0,0,0,0.278764277696609,0,0,0,0,0,21.0763940811157,0,0.442309379577637,0,0,0,0,0,157.541097074747,0,0,0,269.986045062542,0,0,0,0,0,0,0,0,13.56306168437,0,0,0,0,0,0,0,0,0,0,0,0,62.5304681062698,0,0,0,0
0,0,0,3.46217593550682,0,0,0,0,0,1.44326174259186,0,0,0,970.864815890789,0,162.845227271318,1.9868665933609,71.2622454464436,0,0,0,0,0,0,0,0,0,0,0,0,0,0,0,0,0,1.98343408107758,0,0,0,2.69104695320129,0,1.01970291137695,0,0,0,0.300129175186157,0,0.981710314750671,0,11.039596170187,0,0,0,0,0,0,0,943.115118712187,0,0,0,248.253593027592,0,0,0,0,0,0,3.48952013254166,0,55.8672334849834,0,1.6990230679512,0,0,0,0,0,0.291869968175888,0,0.601515173912048,0,102.132189795375,218.731372088194,21.8991928398609,0,0
0,0,10.0398015975952,0,6,0,0,0,54.7577074468136,1.4452451467514,0,0,236.54468730092,0,1424.75248503685,0,464.339407503605,8.1028613448143,9.64648671448231,0,0,0,1.70318448543549,0,0,0,49.5511282086372,0,0,0,0,0,0,0,0,0,0,0,0,0,0,0,0,0,0,0,0,0,22.2035839557648,0,0,0,0,0,72.0817619860172,0,15.0302375853062,0,269.986045062542,0,0,0,0,0,0,0.565951645374298,0,0,0,1.40434873104095,0,0,0,0,0,0,0,0,0,0,0,0,137.722907587886,0,2.43406534194946,0,0
0,33.5002258121967,0,67.1046656966209,0,0.895520210266113,0,0,3.45182228088379,198.317575484514,0,0,0,0,0,16.7333984971046,39.5575221180916,426.680518746376,10.9311183691025,0,0,5.58040809631348,0,9.60940085351467,0,67.9448258876801,0,0,0,0,0,0,0,0,0,0,0,0,0,2.79049372673035,0,3.80488020181656,0,0,0,0.696533113718033,0,0.349744439125061,0,14.7361160367727,0,150.210694849491,0,0,0,145.634455680847,0,22.5641863942146,0,248.253593027592,0,0,0,0,0,0,13.2144826948643,0,10.5889005064964,0,0,0,0,0,0,0,0,0,0,0,0.377451866865158,0,159.738048106432,2.55389773845673,81.6086209863424,0,0
0,0,0,5.42499372363091,0,228.218645304441,0,0,0,0.276247322559357,0,0.323195964097977,0,0,0,0,13.5695386826992,21.9457740485668,126.912892699242,636.673052564263,0,0,0,0,0,0,0,0,0,0,0,0,0,0,0,94.2892004847527,0,59.5825435072184,0,295.161922320724,0.377382576465607,301.283935114741,1.19995602965355,18.7333869636059,0,538.162801094353,0,1.10168606042862,0,28.9082426950336,0,49.363473534584,0,0,0,0,0,1144.92697846889,0,0,0,0,0,0,0,0,0,0,0,0,84.4022536873817,0,301.689123049378,0,0,0,0,0,3045.84530964494,1.95659971237183,2203.39753063768,0,98.6521813571453,5.5475013256073,696.324071779847,6.87034964561462,0
0,0,4.57380943000317,0,201.383841753006,0,8.46505975723267,0,0,0,150.137395560741,0,0,0,0,0,14.4514003098011,21.4970283061266,130.10427840054,0,618.264840334654,0,0,0,0,0,0,0,0,0,0,0,0,0,0,0,157.404316067696,0,73.9339289665222,1.03027135133743,103.790809035301,0.280429899692535,83.7244612649083,0,5.69932672381401,1.50449359416962,2243.44649447501,1.31814855337143,8.61464084684849,0.183814436197281,5.91879707574844,0,0,0,0,0,160.459676094353,0,0,0,0,0,0,0,0,0,0,0,0,0,0,7.05241192132235,0,17.497718192637,0,0,0,0,3.02251124382019,2679.7063728869,2.21567833423615,853.012806534767,325.140594378114,0,895.252303645015,1.35525131225586,3.84456552565098
0,0,0,0,0,0,0,0,0,0,0,0,0,0,0,0,0,3.3725218474865,0,0,0,4121.579376176,0,3.44388943910599,0,0,0,0,0,0,0,0,0,0,0,0,0,276.576572299004,0,0,0,0,0,0,0,0,0,0,0,29.3052194416523,0,0,0,0,0,0,0,0.421891242265701,0,0,0,0,0,0,0,0,398.991621404886,0,207.438829392195,0,375.741803795099,0,0,0,0,0,0,0,0,0,1269.63451945782,0,87.3791125714779,0,0,0,0
0,0,0,0,0,0,0,0,4.61271941661835,0,0,0,0,0,1.40572780370712,0,40.7228873372078,10.4153718799353,9.18393762409687,0,0,7.90408372879028,2348.13769187033,0,46.9210295677185,0,229.344242364168,0,0,0,0,0,0,0,0,0,0,0,87.3402878642082,0,0,0,0,0,0,0,0,0,33.3411234468222,0,0,0,0,0,0.673344224691391,0,0,0,0,0,0.565951645374298,0,0,0,0,0,0,185.052816152573,0,153.382932692766,0,0,0,0,0,0,0,0,0,0,0,626.093783229589,97.7416512519121,0,0.268192142248154,0.549821197986603,0
0,105.621545642614,0,0,0,0,0,0,0,62.3781276345253,0,0,0,0,0,0.553372800350189,1.28862300515175,77.710061609745,2.96400600671768,0,0,83.2285769283772,0,331.158064216375,0,75.5018246173859,0,0,0,0,0,0,0,0,0,0,0,761.11414796114,0,0,0,0.687662780284882,0,0,0,0,0,0.576707601547241,0,225.440318048,0,0,0,0,0,259.724820911884,0,4.77472800016403,0,0,0,13.2144826948643,0,0,398.991621404886,0,0,0,714.709959343076,0,100.209516227245,0,0,0,0,0,0,0,0,0,677.739414095879,0,206.884028628469,0.260024458169937,79.1823354959488,0,0
6.75686383247375,0,0,0,0,0,0,0,2.77500239014626,0,0,0,0,0,0,0,0,0,3.31478345394135,0,0,0,11.3022591769695,0,518.991531729698,0,130.182333409786,0,0,0,0,0,0,0,0,0,0,0,235.991972178221,0,0,0,0,0,0,0,0,0,25.3134299516678,0,0,0,0,0,619.758246153593,0,0,0,0,0,0,0,0,0,0,185.052816152573,0,0,0,138.122465133667,0,0,0,0,0,0,0,0,0,0,0,147.12883195281,36.3155390024185,0,150.169768214226,0,0
0,9.41201788187027,0,0,0,0,0,0,0,41.0926305651665,0,0,0,0,0,132.37106436491,75.0966474711895,574.009436696768,29.3324533104897,0,0,8.98434084653854,0,249.645873367786,0,250.425088703632,0,1,0,0,0,0,0,0,0,0,0,0,0,0,1.52166783809662,0,0,0,0,0.967839956283569,0,0,0,8.02846679091454,0,0,0,0,0,8.13908949494362,0,0.894888311624527,0,3.48952013254166,0,10.5889005064964,0,0,207.438829392195,0,714.709959343076,0,0,0,148.977812021971,0,0,0,0,0,0,0,0,0,1.58955359458923,0,119.181812256575,1.229731798172,29.3258549571037,0,0
1.80844032764435,0,0,0,0,0,0,0,58.9970713555813,0,0,0,0,0,15.1003208458424,0,46.1378402709961,1.97570645809174,6.83511379361153,0,0,0,322.837611705065,0,590.219073474407,0,531.283484041691,0,19.9169430732727,0,0,0,0,0,0,0,0,0,0,0,0,0,0,0,0,0,0,0,147.578043103218,0,0,0,0,0,1.04750832915306,0,0,0,13.56306168437,0,1.40434873104095,0,0,0,0,153.382932692766,0,138.122465133667,0,0,0,149.543820559978,0,0,0,0,0,0,0,0,0,0,384.858069360256,0,0,0,0
0,0,0,0,0,0,0,0,0,0,0,0,0,0,0,0,0,5.70067551732063,0,0,0,18.852267742157,0,0,0,0,0,515.463370129466,0,0,0,0,0,0,0,0,0,27.6212219893932,0,1.85781416296959,0,83.1383188813925,0,0,0,15.3907701075077,0,0,0,96.3934632241726,0,0,0,0,0,0,0,1398.61318388581,0,55.8672334849834,0,0,84.4022536873817,0,375.741803795099,0,100.209516227245,0,148.977812021971,0,0,0,279.334941804409,0,0,0,0,0,0,0,570.812294572592,0,7.89167687296867,0,85.416436702013,14.8195706009865,0
0,0,0,0,0,0,0,0,0,0,0,0,0,0,0,0,0.894783020019531,0,3.19008588790894,0,0,0,0,0,0,0,0,0,156.640443772078,0,0,0,0,0,0,0,0,0,0,0,1.04052850604057,0,24.0287900492549,0,0,0,6.45286939293146,0,220.538984254003,0,0,0,0,0,0,0,439.556270569563,0,0,0,0,0,0,7.05241192132235,0,0,0,0,0,149.543820559978,0,0,0,166.329395070672,0,0,0,0,0,1.30433668196201,0,50.1480296999216,1.95138245820999,0,437.84747915715,0,7.09811842441559
0,1.29879197478294,0,2.2401425242424,0,0,0,0,0,0,0,52.2101085335016,0,0,0,0,2.75956892967224,1.10492911934853,21.2714372873306,28.3519433736801,0,0,0,0,0,0,0,33.2789599895477,0,150.730381667614,0,0,0,0,0,0.472948685288429,0,0.386916041374207,0,33.2089211791754,0,467.101640924811,0,6.3911706507206,0,255.395550146699,0,1.12547256052494,0,29.890136256814,0,0,0,0,0,0,0,1146.28661106527,0,1.6990230679512,0,0,301.689123049378,0,0,0,0,0,0,0,279.334941804409,0,0,0,0,0,0,0,49.3127408176661,0,618.300078690052,0.294847726821899,12.3851975947618,0,777.28561078012,149.732490569353,0
0,0,0.992957502603531,0,0,0,0,0,0,0,72.9435856938362,0,0,0,0,0,8.32408612966537,0,38.8845468908548,0,0,0,0,0,0,0,0,0,0,0,58.7356174886227,0,0,0,0,0,0.639648467302322,0,0.588743925094604,0,40.4924868196249,1.19922918081284,438.958921931684,0,21.3354190289974,0,99.8398285731673,0.723422944545746,68.6207904294133,0,0,0,0,0,0.356367528438568,0,948.075665026903,0,0,0,0,0,0,17.497718192637,0,0,0,0,0,0,0,166.329395070672,0,0,0,0,0,0,0.403407573699951,44.8204829022288,0,310.909677088261,21.5097835510969,0,1510.90231367201,0,194.709412798285
0,0,0,0,0,0,0,0,0,0,0,0,0,0,0,0,0,0,0.270812124013901,0,0,0,0,0,0,0,0,0,0,0,0,1762.24979540706,333.975599259138,11.6663578748703,1.15112316608429,250.684664472938,0,0,0,0.694275140762329,0,0,0,0,0,0,0,893.708993844688,0,0,0,0,0,0,0,0,0,0,0,0,0,0,0,0,0,0,0,0,0,0,0,0,0,0,0,75.4474177956581,431.675333186984,0,1746.64044353366,0,0,0,318.657720729709,0,0.732242822647095,0,0
0,0,0,0,0,0,0,0,0,0,0,0,0,0,0,0,0,0,0,0,0,0,0,0,0,0,0,0,0,0,0,276.716399312019,723.289239615202,0,80.129336565733,0,194.808991283178,0,0,0,0,0,0,0,0,0,0,417.179836601019,18.140845656395,0,0,0,0,0,0,0,0,0,0,0,0,0,0,0,0,0,0,0,0,0,0,0,0,0,75.4474177956581,0,3.79342126846313,670.426100686193,0,259.932271033525,0,2.31447732448578,645.045584946871,0,0,0,0
0,0,0,0,0,0,0,0,0,0,0,0,0,0,0,0,0,0,0,0,0,0,0,0,0,0,0,0,0,0,0,108.439736187458,17.7013581991196,2740.33575412631,761.122199714184,577.28809197247,0,30.9446096420288,0,0,0,0,0,0,0,0,0,2058.92443421483,26.1692266464233,0,0,0,0,0,0,0,0,0,0,0,0,0,0,0,0,0,0,0,0,0,0,0,0,0,431.675333186984,3.79342126846313,0,486.406187146902,811.009382382035,4.91094565391541,212.884859591722,115.799872457981,506.509328454733,11.4505963921547,8.41308832168579,0,0
