0,0,10.8539121548335,0,0,0,0,0,8.82487476470173,0,24.604955966656,0,14.376004082816,0,8.3487553840136,0,37.638687494066,64.8241758346558,26.6129510537633,0,0,0,0,0,17.1722170284816,0,9.97761114675607,0,0,0,28.0904468536377,0,0,0,0,0,31.6205832163493,0,27.6488227974879,0,0,64.3536357879639,30.009718473141,0,16.8454751276599,58.3783767700195,24.9112707693613,0,15.0202371085562,0,0,0,0,0,11.1253160517893,0,23.0026901908543,0,15.4610354502996,0,8.71175343289095,0,0,33.208634221876,0,0,0,16.8872456805397,0,12.8173050016075,0,16.8005733634744,0,23.8171359018481,0,0,0,0,0,32.39118818305,0,34.0911380278712,14.0239740295769,66.8226566314697,25.7956968816792,0,38.018272857666
0,0,0,10.2151030555367,0,0,0,0,54.3282318115234,8.17189656948698,0,0,0,0,0,6.1319157799085,57.8154544830322,65.4018459320068,25.6631462539945,0,0,0,0,14.2776228824701,0,10.390468631823,0,28.5107173919678,0,0,0,0,0,0,0,0,0,24.7859137398856,0,31.9182192362272,0,25.9987096421573,35.7715759277344,20.4464602166034,0,25.3305252653653,0,0,0,13.1940440189529,0,0,0,0,0,11.9506382544835,0,12.3288256525993,0,0,0,6.30071977744425,0,0,0,0,12.0490191125057,0,11.347066301492,0,14.8504361138938,0,15.668935436191,0,0,0,0,0,0,0,35.3137672456921,70.0557098388672,11.3222069674925,0,22.4381783382493,17.5765247344971,0
10.8539121548335,0,0,0,4.90148346953922,0,0,0,15.7582178373595,0,34.8285255432129,0,11.3625594615936,0,13.6894039045681,0,0,0,47.9062118530273,0,0,0,0,0,0,0,0,0,0,0,0,0,0,0,0,0,7.29088685867634,0,39.9050064086914,0,0,0,33.9880683060848,0,17.3053359985352,0,20.1166571657708,0,10.0697741959039,0,0,0,0,0,0,0,5.50461295201228,0,9.22153889130702,0,14.5414685991075,0,0,33.3110389709473,0,0,0,0,0,24.0339408874512,0,27.2410771743111,0,35.0901817321777,0,0,0,0,0,13.1375349499853,0,43.9914801224418,7.87026123046875,9.90093231201172,26.8183232580914,0,45.0425605773926
0,10.2151030555367,0,0,0,8.54475345611572,0,0,0,11.9729755322138,0,0,0,0,0,10.3220127286582,0,0,0,8.8592605193456,0,0,0,22.6886343955994,0,0,0,0,0,0,0,0,0,0,0,12.066147402294,0,0,0,23.076021194458,0,33.3240714887293,0,0,0,17.6074623694787,0,0,0,14.5064839114662,0,0,0,0,0,21.2796878814697,0,8.55576495859358,0,9.16460967063904,0,7.49308388639885,12.3693540279682,0,0,0,21.0895372118269,0,21.6222504835862,0,26.2312928402063,0,26.7263089960272,0,0,0,0,0,12.0092402213166,0,42.7302317619324,0,11.4369150175768,0,15.2374020097813,0,0
0,0,4.90148346953922,0,0,0,3.38430547714233,0,22.1078224182129,0,0,0,15.8231682777405,0,11.9496642101643,0,0,0,0,0,5.14840936660767,0,0,0,0,0,0,0,0,0,0,0,0,0,0,0,5.48354700633458,0,0,0,0,0,0,0,0,0,0,0,0,0,3.1253166554137,0,0,0,0,0,9.28911449692466,0,12.7256378694014,0,8.13180800106214,0,0,4.85820424556732,0,0,0,0,0,0,0,0,0,0,0,0,0,0,0,0,0,0,3.42840666586245,3.08239738146464,0,0,0
0,0,0,8.54475345611572,0,0,0,0,0,9.82964070638021,0,0,0,0,0,0,0,0,0,2.80811262130737,0,0,0,0,0,0,0,0,0,0,0,0,0,0,0,0,0,0,0,0,0,0,0,0,0,0,0,0,0,0,0,2.92835321426392,0,0,0,0,0,0,0,0,0,0,2.79657517160688,0,0,0,0,0,0,0,0,0,0,0,0,0,0,0,0,0,0,0,4.30752567811446,5.49170207977295,2.86155449350675,0,0
0,0,0,0,3.38430547714233,0,0,0,0,0,0,0,2.8540186882019,0,0,0,0,0,0,0,0,0,0,0,0,0,0,0,0,0,0,0,0,0,0,0,4.27347716918358,0,0,0,0,0,0,0,0,0,0,0,0,0,2.96967000620706,0,0,0,0,0,0,0,0,0,0,0,0,0,0,0,0,0,0,0,0,0,0,0,0,0,0,0,0,0,0,0,3.14247275362111,2.72173094749451,0,0,0
0,0,0,0,0,0,0,0,0,0,0,0,0,3.09740759929021,0,0,0,0,0,0,0,0,0,0,0,0,0,0,0,0,0,0,0,0,0,0,0,0,0,0,0,0,0,0,0,0,0,0,0,0,0,0,0,0,0,0,0,0,0,4.22439624272384,0,0,0,0,0,0,0,0,0,0,0,0,0,0,0,0,0,0,0,0,0,0,4.86489391326904,0,0,0,0
8.82487476470173,54.3282318115234,15.7582178373595,0,22.1078224182129,0,0,0,0,71.3105545043945,92.4387893676758,0,12.4786430835724,0,12.8158989584865,0,22.858135606519,51.1738886606126,23.1976749466379,0,0,0,0,0,12.9903054767185,0,11.6533045768738,0,0,0,40.5973434448242,0,0,0,0,0,56.3331909179688,0,29.0758399516344,57.7965316772461,0,55.4365695317586,14.7980500738842,34.5719861984253,13.182479262352,52.8095846388075,30.9810112201101,0,13.8502606052842,91.5452423095703,0,0,0,0,6.83193431371524,0,28.633638381958,0,11.9167310611622,0,12.7392355017579,0,0,34.5020843834005,0,0,0,13.1077920541925,0,11.9570918655396,0,25.9142731642112,0,23.4750175179902,0,0,0,0,0,34.884846056922,65.5914764404297,36.1479151128518,13.4772128443164,52.9305314064026,25.6871656415515,32.3748550415039,20.6087555281103
0,8.17189656948698,0,11.9729755322138,0,9.82964070638021,0,0,71.3105545043945,0,0,0,0,0,0,4.72764118512471,66.0255368550618,5.16604424531187,46.0483574989514,0,0,0,0,23.6431446008749,0,17.6372974940709,0,0,0,0,0,0,0,0,0,25.6739706993103,0,28.4462238152822,0,30.7373161315918,0,23.7352715709149,71.3239898681641,36.9970874786377,0,49.7834036977668,0,0,0,20.8346246712199,0,0,0,0,0,9.12628310801936,0,11.009828059904,0,0,0,13.2051448822021,0,0,0,0,19.2496552732256,0,18.7711312465179,0,16.9461818243328,0,16.733771617596,101.763725280762,0,0,0,0,28.2159290313721,0,37.9986887613932,0,10.5008723547006,0,27.0328977254159,40.8953985214233,0
24.604955966656,0,34.8285255432129,0,0,0,0,0,92.4387893676758,0,0,0,2.8120721578598,0,0,0,0,0,41.8994617462158,0,5.75076698317722,0,0,0,0,0,0,0,3.44936802983284,0,3.62656817597858,0,0,0,0,0,5.89456496895223,0,5.38571001585725,0,0,0,57.6564753055573,0,44.6881637573242,0,38.2707240846422,0,20.2505149841309,0,0,0,0,0,0,84.1455841064453,5.35007530123636,0,6.30849862098694,0,0,0,0,9.64089041900635,0,0,0,0,0,0,0,3.20726002346386,0,4.24718064001237,0,0,0,0,0,57.3708953857422,0,12.7704410398161,4.54249243556329,3.20167935287559,21.0087361593504,0,65.3027877807617
0,0,0,0,0,0,0,0,0,0,0,0,0,3.07703293793237,0,0,0,0,0,7.52869751916003,0,0,0,0,0,0,0,0,0,5.23567533493042,0,0,0,0,0,6.61219660441081,0,3.73210710546245,0,0,0,0,0,0,0,16.1359941959381,0,0,0,0,0,0,0,0,0,0,0,3.56039802056378,0,4.5323214596867,0,0,8.36948737345244,0,0,0,0,0,0,0,7.5128756791503,0,4.55861711502075,0,0,0,0,0,0,0,0,0,3.56283583424308,0,4.48760888311598,0,0
14.376004082816,0,11.3625594615936,0,15.8231682777405,0,2.8540186882019,0,12.4786430835724,0,2.8120721578598,0,0,0,4.52557137277391,0,0,0,43.9985046386719,0,0,0,0,0,10.6693446238836,0,8.8299560546875,0,0,0,0,0,0,0,0,0,0,0,0,0,0,0,44.63938591697,0,25.3711318969727,0,53.2694129943848,0,6.10670458835407,0,2.74629235267639,0,0,0,0,0,6.22309429557235,0,4.46917594725435,0,4.399028514951,0,0,0,0,0,0,17.5223172505697,0,8.13094891700069,0,9.87125456484058,0,61.3504219055176,0,0,0,0,0,25.8737862904867,0,0,4.24033991970233,0,24.0352770805359,0,45.7300777435303
0,0,0,0,0,0,0,3.09740759929021,0,0,0,3.07703293793237,0,0,0,4.06547491654106,0,0,0,0,0,0,0,0,0,4.43483018875122,0,3.37595409154892,0,0,0,0,0,0,0,0,0,0,0,0,0,0,0,0,0,0,0,0,0,0,0,0,0,0,0,0,0,0,0,3.72306332144626,0,4.46020310247267,0,0,0,0,0,0,0,0,7.0206023166614,0,0,0,0,0,0,0,0,0,0,0,3.94648795969346,3.26792657375336,0,0,0
8.3487553840136,0,13.6894039045681,0,11.9496642101643,0,0,0,12.8158989584865,0,0,0,4.52557137277391,0,0,0,6.75575685901802,0,35.9868907928467,0,0,0,0,0,13.5626819864909,0,5.77430726175931,0,0,0,0,0,0,0,0,0,0,0,18.8252806663513,0,0,49.2117748260498,42.2669363856316,0,26.8937389149385,0,40.6976470947266,0,8.97136726944717,0,3.11220628023148,0,0,0,11.5058281144926,0,8.71558210584852,0,6.30795512052431,0,4.5748627364887,0,0,60.2612457275391,0,0,0,14.6952521536085,0,6.76942281331102,0,13.2527002594688,0,32.0032507578532,0,0,0,0,0,30.6681057612101,0,25.6372165679932,5.48718316936906,8.23534146477194,34.0184943816241,0,44.8399600982666
0,6.1319157799085,0,10.3220127286582,0,0,0,0,0,4.72764118512471,0,0,0,4.06547491654106,0,0,0,5.86340833244039,0,0,0,0,0,9.96375563024809,0,5.57646146687594,0,0,0,0,0,0,0,0,0,22.8124353702252,0,25.2211669286092,0,0,0,37.0890254974365,0,26.5529613494873,0,0,0,0,0,5.41361175477505,0,0,0,0,0,7.83742154912746,0,0,0,4.80137344360352,0,4.07124109191279,0,0,0,0,10.7252346523224,0,6.27435660848812,0,0,0,0,0,0,0,0,0,24.607533454895,0,28.5773258209229,0,5.07392937814867,4.69837029163654,29.7109508514404,0,0
37.638687494066,57.8154544830322,0,0,0,0,0,0,22.858135606519,66.0255368550618,0,0,0,0,6.75575685901802,0,0,28.5435762130613,24.6854101664943,0,0,0,4.16067680208629,73.3486569722493,7.30358108969367,0,5.03167800639274,0,0,0,0,0,0,0,0,0,0,0,23.4827356338501,67.1363671302795,0,54.3417691002207,37.200271356453,50.6891220756199,41.738525390625,56.9797541987789,47.3829930735569,0,46.4653937189203,61.1372394846446,0,0,0,0,21.5075310707092,63.5231355031331,56.0659395853678,0,0,0,10.7695648685144,0,0,49.3416226346728,0,4.39668404070058,0,7.17374775780572,0,8.51712502241135,53.5289688110352,42.1391101250282,0,46.0896266661968,0,0,0,0,0,55.3008201305683,70.0712016712535,60.7952113447518,16.5189894354716,17.6251282332588,51.2322959701679,46.6136882781982,37.2889048136198
64.8241758346558,65.4018459320068,0,0,0,0,0,0,51.1738886606126,5.16604424531187,0,0,0,0,0,5.86340833244039,28.5435762130613,0,25.083734636649,0,0,7.10913035639743,0,8.68999428499145,74.1737365722656,5.20411634715353,0,3.87229084968567,0,0,0,0,0,0,0,0,0,36.7079226175944,85.3671112060547,63.2100882096724,0,52.7986338009871,61.1002428872245,54.713375600179,0,61.8730543826489,68.2456840066349,0,78.3756459554036,54.3493201515891,0,0,0,0,59.6440734863281,6.64443503710617,59.5209617614746,0,0,0,0,5.48936458123036,0,72.9148547960364,11.2569900458714,0,11.2411333831253,0,5.31198305969404,0,20.4792175292969,71.2162310282389,49.3941993713379,66.683001798742,0,0,0,0,0,115.394322713216,62.6616666793823,79.9545253117879,12.3736793519076,17.4906658518331,60.2854780879447,43.230442682902,59.7114669799805
26.6129510537633,25.6631462539945,47.9062118530273,0,0,0,0,0,23.1976749466379,46.0483574989514,41.8994617462158,0,43.9985046386719,0,35.9868907928467,0,24.6854101664943,25.083734636649,0,0,0,0,0,49.5781056722005,49.0836459568569,0,0,0,0,0,53.5276489257812,0,0,0,0,0,36.4838628768921,52.2175156729562,49.793347285344,45.7503385330314,0,29.4180434814985,14.3358347648611,18.3492143562485,11.2113543215083,37.9808372577859,40.9576218305713,0,40.0444734816583,42.2952954151012,0,0,0,0,34.3558478568917,48.658612149433,51.4519282254306,0,46.3015403747559,0,41.6860211236136,0,0,50.0701021787081,0,0,52.1975274293319,50.3815664715237,44.253167046441,51.6630393580387,47.9580579485212,47.0843502367047,49.224676767985,46.0901523969636,0,0,0,0,63.6209468841553,43.5112172197176,53.3330695795458,51.3945107680101,13.9350542255678,36.4100100867337,40.3557239603659,27.3549767233509,27.0694980912219
0,0,0,8.8592605193456,0,2.80811262130737,0,0,0,0,0,7.52869751916003,0,0,0,0,0,0,0,0,0,0,0,0,0,0,0,0,0,0,0,0,0,0,0,6.60044056312786,0,9.33642678619713,0,0,0,0,0,0,0,7.25455241394589,0,0,0,13.4470748901367,0,0,0,0,0,0,0,14.1782529089186,0,0,0,0,5.66994044832718,0,0,0,0,0,0,0,0,0,0,0,0,0,0,0,7.41277889680054,0,8.50718445992202,0,4.5661384585154,0,6.98671838525054,0,0
0,0,0,0,5.14840936660767,0,0,0,0,0,5.75076698317722,0,0,0,0,0,0,0,0,0,0,0,0,0,0,0,0,0,0,0,6.41970748371548,0,0,0,0,0,4.12978207180073,0,7.92729115112887,0,0,0,50.8806991577148,0,46.7553482055664,0,25.242996507478,0,19.9058488210042,0,5.51773856083552,0,0,0,0,0,7.57700679177842,0,16.4596824645996,0,0,0,0,6.04268040477161,0,0,0,0,0,0,0,0,0,8.39477837713141,0,0,0,0,0,9.93689969036129,0,14.1653835498892,3.87281583134009,3.26450324058533,8.83690927028656,0,0
0,0,0,0,0,0,0,0,0,0,0,0,0,0,0,0,0,7.10913035639743,0,0,0,0,4.66700553894043,6.95810404590896,0,7.18907609707551,0,5.14246624900449,0,0,0,0,0,0,0,0,0,5.05149273338361,0,0,0,0,0,0,0,0,0,0,0,5.78002853249785,0,0,0,0,0,0,0,0,0,0,0,0,0,0,5.67745440768115,0,7.51657151226974,0,11.439658414705,0,5.38839316870037,0,0,0,0,0,0,0,0,0,4.22586331764857,0,5.69604273966443,5.21178751824231,0,0,0
0,0,0,0,0,0,0,0,0,0,0,0,0,0,0,0,4.16067680208629,0,0,0,0,4.66700553894043,0,0,6.92410114442656,0,7.26105290285036,0,7.55016553076239,0,0,0,0,0,0,0,0,0,5.68323756786103,0,0,0,0,0,0,0,0,0,5.07247300496133,0,0,0,0,0,0,0,0,0,0,0,0,0,0,0,8.75083467483521,5.46556335783357,0,8.30548553849444,0,7.52121779322624,0,7.46902013526243,0,0,0,0,0,0,0,0,0,6.58740441849891,4.58891510637042,4.29059863727153,0,0,0
0,14.2776228824701,0,22.6886343955994,0,0,0,0,0,23.6431446008749,0,0,0,0,0,9.96375563024809,73.3486569722493,8.68999428499145,49.5781056722005,0,0,6.95810404590896,0,0,0,4.88657211408417,0,0,0,0,0,0,0,0,0,0,0,8.22796553705559,0,50.1017481486003,0,29.0892660256588,23.2586377461751,0,0,46.8850982666016,0,0,0,15.2378254209846,0,0,0,0,0,14.6049723107449,0,0,0,0,0,11.9350242057649,0,0,5.01940942347587,0,6.36817108956816,0,5.71212026694926,0,13.9426883350719,0,15.6611998081207,0,0,0,0,0,0,0,5.44782606164614,0,8.47815418586104,13.9744602253563,15.7256840640499,35.9399337768555,0
17.1722170284816,0,0,0,0,0,0,0,12.9903054767185,0,0,0,10.6693446238836,0,13.5626819864909,0,7.30358108969367,74.1737365722656,49.0836459568569,0,0,0,6.92410114442656,0,0,0,7.10260221359372,0,0,0,0,0,0,0,0,0,0,0,7.97316647438837,0,0,0,16.5420258876256,0,37.9978275299072,73.3021392822266,41.9028923797607,0,9.91358506610628,0,0,0,0,0,12.4394518087988,0,0,0,8.62803259762851,0,15.0865381576662,0,0,61.186284383138,0,4.54769156430219,0,4.70203929888618,0,8.54761440394676,0,11.7350270106242,0,45.5305164337158,0,0,0,0,0,46.2118682861328,0,9.49362694952223,7.7210357030673,0,13.1754978360463,0,22.5933575630188
0,10.390468631823,0,0,0,0,0,0,0,17.6372974940709,0,0,0,4.43483018875122,0,5.57646146687594,0,5.20411634715353,0,0,0,7.18907609707551,0,4.88657211408417,0,0,0,5.53131104078137,0,0,0,0,0,0,0,0,0,17.8926704406738,0,0,0,0,0,0,0,0,0,0,0,0,0,0,0,0,0,10.7517949538153,0,0,0,4.17521297401852,0,5.07642105800002,0,0,11.0174738750029,0,5.76242995778204,0,6.32331451432318,0,6.63036251533777,0,0,0,0,0,0,0,0,0,15.5614366531372,0,7.69861907657536,0,0,0,0
9.97761114675607,0,0,0,0,0,0,0,11.6533045768738,0,0,0,8.8299560546875,0,5.77430726175931,0,5.03167800639274,0,0,0,0,0,7.26105290285036,0,7.10260221359372,0,0,0,5.89278793629305,0,0,0,0,0,0,0,0,0,13.0444620529024,0,0,0,27.2110970815023,0,0,0,0,0,0,0,0,0,0,0,5.3518317767552,0,0,0,5.8703134059906,0,8.68550743413775,0,0,0,0,3.8927422579597,0,5.48047085126241,0,3.80439359139485,0,7.02241150025398,0,0,0,0,0,0,0,0,0,13.0832238462236,5.47196931188757,0,29.2156047821045,0,0
0,28.5107173919678,0,0,0,0,0,0,0,0,0,0,0,3.37595409154892,0,0,0,3.87229084968567,0,0,0,5.14246624900449,0,0,0,5.53131104078137,0,0,0,4.30820703415122,0,0,0,0,0,0,0,3.21860240551463,0,0,0,0,0,0,0,0,0,0,0,0,0,0,0,0,0,0,0,0,0,2.99215261752789,0,0,0,0,7.0905007493907,0,0,0,8.4301009628008,0,3.88352739622538,0,2.95348215103149,0,0,0,0,0,0,0,2.85133731365204,0,3.96377810194857,3.56657271832228,0,0,0
0,0,0,0,0,0,0,0,0,0,3.44936802983284,0,0,0,0,0,0,0,0,0,0,0,7.55016553076239,0,0,0,5.89278793629305,0,0,0,3.31441549658775,0,0,0,0,0,0,0,0,0,0,0,0,0,0,0,0,0,0,0,0,0,0,0,0,0,3.7205528318882,0,3.08140357335409,0,0,0,0,0,0,7.6579717596372,0,0,0,4.6707709133625,0,4.40705341059011,0,2.75342273712158,0,0,0,0,0,0,0,0,3.212411396127,3.38174579894706,0,0,0
0,0,0,0,0,0,0,0,0,0,0,5.23567533493042,0,0,0,0,0,0,0,0,0,0,0,0,0,0,0,4.30820703415122,0,0,0,0,0,0,0,0,0,3.39934366729659,0,0,0,0,0,0,0,0,0,0,0,0,0,0,0,0,0,0,0,0,0,0,0,0,0,0,0,0,0,0,0,0,5.63426193736848,0,3.20482567378453,0,0,0,0,0,0,0,3.17814195156097,0,4.64977202859036,4.36439395944277,0,0,0
28.0904468536377,0,0,0,0,0,0,0,40.5973434448242,0,3.62656817597858,0,0,0,0,0,0,0,53.5276489257812,0,6.41970748371548,0,0,0,0,0,0,0,3.31441549658775,0,0,0,0,0,0,0,0,0,3.3771442049428,0,0,80.2122268676758,43.7500371932983,0,49.7509346008301,0,38.2172775268555,0,69.221305847168,0,0,0,0,0,0,0,6.56269528813984,0,0,0,0,0,0,14.8088420419132,0,0,0,0,0,0,0,3.5933039188385,0,3.65149317638768,0,0,0,0,0,0,0,13.9371794632503,3.13195174080985,2.90172019600868,50.9950466156006,0,0
0,0,0,0,0,0,0,0,0,0,0,0,0,0,0,0,0,0,0,0,0,0,0,0,0,0,0,0,0,0,0,0,0,3.661478916804,0,3.32112272083759,0,0,0,0,0,0,0,0,0,0,0,0,0,0,0,0,0,0,0,0,0,0,0,0,0,0,0,0,0,0,0,0,0,0,0,0,0,0,3.38992520534631,0,3.97761545702815,0,3.1901528101701,0,0,0,3.31959319871569,0,0,0,0
0,0,0,0,0,0,0,0,0,0,0,0,0,0,0,0,0,0,0,0,0,0,0,0,0,0,0,0,0,0,0,0,0,6.13622236251831,0,0,0,0,0,0,0,0,0,0,0,0,0,2.90457928343995,3.38344177163166,0,0,0,0,0,0,0,0,0,0,0,0,0,0,0,0,0,0,0,0,0,0,0,0,0,0,2.7523410320282,0,2.7431697845459,0,5.83828210830688,0,0,3.0561671257019,0,0,0,0
0,0,0,0,0,0,0,0,0,0,0,0,0,0,0,0,0,0,0,0,0,0,0,0,0,0,0,0,0,0,0,3.661478916804,6.13622236251831,0,5.38211468230148,6.26892340493468,17.8816579182943,5.97538203170441,0,0,0,0,0,0,0,0,0,5.10124405150144,0,0,0,0,0,0,0,0,0,0,0,0,0,0,0,0,0,0,0,0,0,0,0,0,0,0,2.88705197970072,0,4.10464021172839,0,3.98096315971928,0,6.58128690165143,0,6.94898824216391,5.16861078474257,0,0,0
0,0,0,0,0,0,0,0,0,0,0,0,0,0,0,0,0,0,0,0,0,0,0,0,0,0,0,0,0,0,0,0,0,5.38211468230148,0,0,5.460560242335,8.54975032806396,3.9393474817276,0,0,0,0,0,0,0,0,3.80524712074094,4.21304409127486,0,0,0,0,0,0,0,0,0,0,0,0,0,0,0,0,0,0,0,0,0,0,0,0,0,0,0,6.17070840877935,3.81349704518986,0,5.64672464277686,0,5.28989942494561,2.82967510223389,0,0,0,0
0,0,0,12.066147402294,0,0,0,0,0,25.6739706993103,0,6.61219660441081,0,0,0,22.8124353702252,0,0,0,6.60044056312786,0,0,0,0,0,0,0,0,0,0,0,3.32112272083759,0,6.26892340493468,0,0,3.27814210116208,6.92098554815771,0,8.24320276578267,0,0,0,0,0,11.0097542311016,0,15.6446554080034,0,23.1374291486518,0,0,0,0,0,0,0,16.4926527568272,0,16.7970701853434,0,19.5036447936413,9.4977065117205,0,0,0,0,0,0,0,0,0,0,0,3.37667179107666,0,6.23506846427918,0,5.89987714227205,3.16632080078125,9.85951247930953,0,5.5958679696565,0,8.47494862952703,0,0
31.6205832163493,0,7.29088685867634,0,5.48354700633458,0,4.27347716918358,0,56.3331909179688,0,5.89456496895223,0,0,0,0,0,0,0,36.4838628768921,0,4.12978207180073,0,0,0,0,0,0,0,0,0,0,0,0,17.8816579182943,5.460560242335,3.27814210116208,0,12.5143951773643,5.21344391591711,0,3.10399961471558,0,26.7919286410014,0,10.8978899319967,0,43.6789970397949,4.06204833984375,43.6945174535116,0,8.26746226151784,0,0,0,0,0,12.5214019766394,0,17.195429971483,0,0,0,0,5.05880350032739,0,0,0,0,0,0,0,57.9851188659668,0,44.7806377410889,0,0,17.7073373794556,0,11.3885631561279,5.07224075854074,13.5476850561194,7.39503100013502,4.62602071487048,3.84927645596591,8.94837087879644,40.8469276428223,28.1390857696533
0,24.7859137398856,0,0,0,0,0,0,0,28.4462238152822,0,3.73210710546245,0,0,0,25.2211669286092,0,36.7079226175944,52.2175156729562,9.33642678619713,0,5.05149273338361,0,8.22796553705559,0,17.8926704406738,0,3.21860240551463,0,3.39934366729659,0,0,0,5.97538203170441,8.54975032806396,6.92098554815771,12.5143951773643,0,10.9284975745461,50.6785659790039,0,16.9024369579095,19.7070890949462,0,0,33.8718121846517,0,6.75491384325958,18.0188481590965,12.738248777944,0,0,0,0,0,23.1600790797053,0,0,0,0,0,23.941414537101,11.759998330203,0,6.53896795651492,0,8.80642318347144,0,20.6669546763102,0,3.07671868801117,0,5.71031398773193,0,0,0,6.96516514623631,0,6.48197541599758,0,8.12287188972681,20.4468343734741,7.82762196782888,4.66462820841942,6.00626470342926,34.097469329834,0
27.6488227974879,0,39.9050064086914,0,0,0,0,0,29.0758399516344,0,5.38571001585725,0,0,0,18.8252806663513,0,23.4827356338501,85.3671112060547,49.793347285344,0,7.92729115112887,0,5.68323756786103,0,7.97316647438837,0,13.0444620529024,0,0,0,3.3771442049428,0,0,0,3.9393474817276,0,5.21344391591711,10.9284975745461,0,0,0,0,15.041018359394,0,44.3038814067841,0,40.9284022552798,6.97108175288672,6.97290796167074,0,0,0,0,0,20.0670607354906,0,10.3026721477509,0,0,0,21.0593494176865,0,0,15.9965995210801,0,6.18460200354457,0,7.66668260449413,0,13.6803263871357,0,39.316778755188,0,13.0376758277416,0,0,0,6.00892384847005,0,8.20619358173033,11.3072745964445,6.72541019673281,4.86179541745025,4.66929246167668,18.2739542544357,0,31.1676152547201
0,31.9182192362272,0,23.076021194458,0,0,0,0,57.7965316772461,30.7373161315918,0,0,0,0,0,0,67.1363671302795,63.2100882096724,45.7503385330314,0,0,0,0,50.1017481486003,0,0,0,0,0,0,0,0,0,0,0,8.24320276578267,0,50.6785659790039,0,0,0,25.2682844758034,44.9972093755549,25.0239827292306,0,15.3946729202126,86.8283271789551,0,0,46.9618222372873,0,0,0,0,60.3339462280273,45.9321956634521,0,0,0,0,0,43.0594577789307,0,0,0,0,47.5569410324097,0,49.8169464111328,0,53.134934495135,0,52.2042590550014,69.0445022583008,0,0,0,0,7.75475710088556,94.4929084777832,66.5967254638672,95.0604228973389,38.6545316103177,86.4991874694824,12.3695082185484,25.1043677696815,55.5400428771973
0,0,0,0,0,0,0,0,0,0,0,0,0,0,0,0,0,0,0,0,0,0,0,0,0,0,0,0,0,0,0,0,0,0,0,0,3.10399961471558,0,0,0,0,0,19.1874388858771,0,0,0,4.11653208732605,9.50002861022949,10.0902358291533,7.94544292107607,0,0,0,0,0,0,0,0,0,0,0,0,0,0,0,0,0,0,0,0,0,0,0,0,0,0,0,0,0,9.73890175186482,0,0,0,0,11.6664367081594,0,0
64.3536357879639,25.9987096421573,0,33.3240714887293,0,0,0,0,55.4365695317586,23.7352715709149,0,0,0,0,49.2117748260498,37.0890254974365,54.3417691002207,52.7986338009871,29.4180434814985,0,0,0,0,29.0892660256588,0,0,0,0,0,0,80.2122268676758,0,0,0,0,0,0,16.9024369579095,0,25.2682844758034,0,0,14.5678701653827,26.2716658007015,44.9948768615723,21.2986292688539,61.4044097243555,0,66.7378997802734,27.2395481175912,0,0,0,0,58.3106870651245,26.032820718629,62.2474060058594,17.9331549157699,0,0,0,0,19.1150620041824,70.822475751241,0,0,34.0334101529189,0,51.6954533894857,0,44.5509914928012,83.6752599080404,16.2306354738051,73.2035901922929,0,0,0,0,33.3599190711975,69.5269511829723,56.7663784233672,78.0656487391545,26.4478327233651,72.9563027544627,25.6965909039266,20.9522343708213,49.2346980503627
30.009718473141,35.7715759277344,33.9880683060848,0,0,0,0,0,14.7980500738842,71.3239898681641,57.6564753055573,0,44.63938591697,0,42.2669363856316,0,37.200271356453,61.1002428872245,14.3358347648611,0,50.8806991577148,0,0,23.2586377461751,16.5420258876256,0,27.2110970815023,0,0,0,43.7500371932983,0,0,0,0,0,26.7919286410014,19.7070890949462,15.041018359394,44.9972093755549,19.1874388858771,14.5678701653827,0,18.5475506973267,13.6200675269893,39.8248062372208,26.0094783991634,15.0459442615509,12.5728611601789,21.8445535606438,0,0,0,0,19.8009406725566,45.4585418701172,53.5779453118642,0,46.8378108215332,0,41.0909770269814,0,0,24.0662463923899,0,0,53.2547817230225,20.9872602201858,49.7344856262207,32.2223980307579,56.0209197998047,53.3332593466284,56.5895169576009,34.6724161735709,0,0,0,0,0,35.678693616545,29.1209831798778,33.8721903631122,15.7863871197472,67.0730957618127,16.1588672576267,40.8072307811064,13.2891858370364
0,20.4464602166034,0,0,0,0,0,0,34.5719861984253,36.9970874786377,0,0,0,0,0,26.5529613494873,50.6891220756199,54.713375600179,18.3492143562485,0,0,0,0,0,0,0,0,0,0,0,0,0,0,0,0,0,0,0,0,25.0239827292306,0,26.2716658007015,18.5475506973267,0,0,12.6789334575639,57.2174295278696,0,57.4389610290527,44.7431676025391,0,0,0,0,0,54.7184982299805,0,0,0,0,0,0,0,47.9188117980957,0,0,36.1472444534302,0,38.2370079888238,0,40.180303700765,0,38.9587526321411,54.7145729064941,0,0,0,0,19.112929503123,53.8745803833008,49.7039853112172,57.6966724395752,15.4145492724195,55.1180124282837,37.962972018202,30.9523436228434,38.9079151153564
16.8454751276599,0,17.3053359985352,0,0,0,0,0,13.182479262352,0,44.6881637573242,0,25.3711318969727,0,26.8937389149385,0,41.738525390625,0,11.2113543215083,0,46.7553482055664,0,0,0,37.9978275299072,0,0,0,0,0,49.7509346008301,0,0,0,0,0,10.8978899319967,0,44.3038814067841,0,0,44.9948768615723,13.6200675269893,0,0,43.173698425293,19.2931068511719,0,28.7119291155946,73.5840606689453,0,0,0,0,53.4108352661133,0,45.3348134358724,0,35.6086349487305,0,27.8530146735055,0,0,20.4946215644715,0,0,0,37.5175069173177,0,36.2166524614607,0,41.6216294424874,0,47.5330737044172,0,0,0,0,0,23.4046883656428,0,53.3961548578172,14.1976230124239,0,31.4980207562447,0,24.8855214516322
58.3783767700195,25.3305252653653,0,17.6074623694787,0,0,0,0,52.8095846388075,49.7834036977668,0,16.1359941959381,0,0,0,0,56.9797541987789,61.8730543826489,37.9808372577859,7.25455241394589,0,0,0,46.8850982666016,73.3021392822266,0,0,0,0,0,0,0,0,0,0,11.0097542311016,0,33.8718121846517,0,15.3946729202126,0,21.2986292688539,39.8248062372208,12.6789334575639,43.173698425293,0,74.2561147477892,0,65.0349629720052,28.8635664952717,0,0,0,0,56.0473838806152,57.5755492316352,94.5431518554688,0,0,0,61.087963104248,34.4946146011353,6.33012866965814,74.896942941766,0,0,39.9857659339905,0,42.0692562020343,0,43.010896396637,0,42.2480095311215,66.4994711875916,0,0,0,0,18.7627822160721,83.1347222761674,30.6110925440408,85.7777916403378,31.8711533320065,76.0597402481806,17.8062175977687,37.5042573495915,48.3636470794678
24.9112707693613,0,20.1166571657708,0,0,0,0,0,30.9810112201101,0,38.2707240846422,0,53.2694129943848,0,40.6976470947266,0,47.3829930735569,68.2456840066349,40.9576218305713,0,25.242996507478,0,0,0,41.9028923797607,0,0,0,0,0,38.2172775268555,0,0,0,0,0,43.6789970397949,0,40.9284022552798,86.8283271789551,4.11653208732605,61.4044097243555,26.0094783991634,57.2174295278696,19.2931068511719,74.2561147477892,0,0,37.7978654690307,81.968957380815,0,0,0,0,42.9933479825656,97.699893951416,26.5305224404616,0,34.9085081418355,0,37.0622527178596,0,0,12.1375553901911,0,0,106.840755462646,49.5633257990298,0,47.4433943884713,86.6460952758789,47.6838309317827,0,49.1743298272594,0,0,0,0,0,21.0751906798241,89.6633615493774,33.3846962430456,34.5883221238625,76.3610033555464,22.4352247714996,53.3496305147807,22.5497469356042
0,0,0,0,0,0,0,0,0,0,0,0,0,0,0,0,0,0,0,0,0,0,0,0,0,0,0,0,0,0,0,0,2.90457928343995,5.10124405150144,3.80524712074094,15.6446554080034,4.06204833984375,6.75491384325958,6.97108175288672,0,9.50002861022949,0,15.0459442615509,0,0,0,0,0,4.6322948488886,14.3288306775388,0,0,0,0,0,0,0,0,0,0,0,0,0,0,0,0,0,0,0,0,0,0,0,0,0,0,7.1522560707037,3.30052986741066,14.829879032599,5.35224919319153,6.40178269528328,9.1414382148672,6.14809321360929,4.19858207702637,10.1406425948213,0,0
15.0202371085562,0,10.0697741959039,0,0,0,0,0,13.8502606052842,0,20.2505149841309,0,6.10670458835407,0,8.97136726944717,0,46.4653937189203,78.3756459554036,40.0444734816583,0,19.9058488210042,0,5.07247300496133,0,9.91358506610628,0,0,0,0,0,69.221305847168,0,3.38344177163166,0,4.21304409127486,0,43.6945174535116,18.0188481590965,6.97290796167074,0,10.0902358291533,66.7378997802734,12.5728611601789,57.4389610290527,28.7119291155946,65.0349629720052,37.7978654690307,4.6322948488886,0,5.7919310181291,0,0,0,0,15.4466715296761,0,14.4009735743205,0,8.51514395748276,0,8.29902431882661,0,0,45.557308919502,0,4.06658444268917,0,9.59686345567193,0,5.23141208590041,0,13.5260313771187,0,21.7655567017154,0,4.21002291043599,0,3.11090975716001,0,15.465953256307,22.1382312774658,17.3568015959089,8.69642576747241,98.9410629272461,13.9562922753221,0,22.9963814884151
0,13.1940440189529,0,14.5064839114662,0,0,0,0,91.5452423095703,20.8346246712199,0,0,0,0,0,5.41361175477505,61.1372394846446,54.3493201515891,42.2952954151012,13.4470748901367,0,5.78002853249785,0,15.2378254209846,0,0,0,0,0,0,0,0,0,0,0,23.1374291486518,0,12.738248777944,0,46.9618222372873,7.94544292107607,27.2395481175912,21.8445535606438,44.7431676025391,73.5840606689453,28.8635664952717,81.968957380815,14.3288306775388,5.7919310181291,0,0,0,0,0,85.4353485107422,17.5105929252429,0,12.3827836137069,0,0,0,5.4938896149871,12.0670292620756,91.1637471516927,3.38371338667693,0,16.8008576304682,0,14.294278828648,0,15.5178382041348,76.3358993530273,10.6744770568515,79.5936508178711,0,0,0,0,22.1008882300798,74.6515769958496,47.4662518770649,101.980702718099,20.6774232393525,76.4455245522892,21.564236774235,24.6253190242883,60.3656145731608
0,0,0,0,3.1253166554137,0,2.96967000620706,0,0,0,0,0,2.74629235267639,0,3.11220628023148,0,0,0,0,0,5.51773856083552,0,0,0,0,0,0,0,0,0,0,0,0,0,0,0,8.26746226151784,0,0,0,0,0,0,0,0,0,0,0,0,0,0,0,0,0,0,0,0,0,2.79712408781052,0,5.16351866722107,0,0,6.70414805412292,0,0,0,0,0,0,0,0,0,0,0,0,0,0,0,8.58986290763406,0,0,4.67542249598402,0,0,0,0
0,0,0,0,0,2.92835321426392,0,0,0,0,0,0,0,0,0,0,0,0,0,0,0,0,0,0,0,0,0,0,0,0,0,0,0,0,0,0,0,0,0,0,0,0,0,0,0,0,0,0,0,0,0,0,0,0,0,0,0,0,0,0,0,0,0,0,0,0,0,0,0,0,0,0,0,0,0,0,0,0,0,0,0,0,3.19072910149892,0,0,0,0
0,0,0,0,0,0,0,0,0,0,0,0,0,0,0,0,0,0,0,0,0,0,0,0,0,0,0,0,0,0,0,0,0,0,0,0,0,0,0,0,0,0,0,0,0,0,0,0,0,0,0,0,0,0,0,0,2.9440598487854,0,2.77185051441193,0,0,0,0,0,0,0,0,0,0,0,0,0,0,0,0,0,0,0,0,0,0,0,4.0085414648056,0,0,0,0
0,0,0,0,0,0,0,0,0,0,0,0,0,0,0,0,0,0,0,0,0,0,0,0,0,0,0,0,0,0,0,0,0,0,0,0,0,0,0,0,0,0,0,0,0,0,0,0,0,0,0,0,0,0,0,0,0,0,0,3.34744545391628,0,0,0,0,0,0,0,0,0,0,0,0,0,0,0,0,0,0,0,0,0,0,0,0,0,0,0
11.1253160517893,0,0,0,0,0,0,0,6.83193431371524,0,0,0,0,0,11.5058281144926,0,21.5075310707092,59.6440734863281,34.3558478568917,0,0,0,0,0,12.4394518087988,0,5.3518317767552,0,0,0,0,0,0,0,0,0,0,0,20.0670607354906,60.3339462280273,0,58.3106870651245,19.8009406725566,0,53.4108352661133,56.0473838806152,42.9933479825656,0,15.4466715296761,85.4353485107422,0,0,0,0,0,0,25.4959149360657,0,0,0,11.994223096154,0,0,44.4572533198765,0,0,0,11.5590496939056,0,10.286040827632,0,17.1800409721223,0,22.7072487324913,0,0,0,0,0,35.6922527551651,68.5940856933594,34.289218040834,19.9055994490987,61.0053787231445,26.8118098142768,0,27.5176915349187
0,11.9506382544835,0,21.2796878814697,0,0,0,0,0,9.12628310801936,84.1455841064453,0,0,0,0,7.83742154912746,63.5231355031331,6.64443503710617,48.658612149433,0,0,0,0,14.6049723107449,0,10.7517949538153,0,0,0,0,0,0,0,0,0,0,0,23.1600790797053,0,45.9321956634521,0,26.032820718629,45.4585418701172,54.7184982299805,0,57.5755492316352,97.699893951416,0,0,17.5105929252429,0,0,0,0,0,0,0,0,0,0,0,8.44489540100098,0,0,0,0,12.2981434667731,0,9.3962176055239,0,14.4798794166715,0,14.0983795589871,0,0,0,0,0,0,0,27.4790206636701,0,26.1721862863611,96.8768825531006,21.6551103529177,39.0602070303524,0
23.0026901908543,0,5.50461295201228,0,9.28911449692466,0,0,0,28.633638381958,0,5.35007530123636,0,6.22309429557235,0,8.71558210584852,0,56.0659395853678,59.5209617614746,51.4519282254306,0,7.57700679177842,0,0,0,0,0,0,0,3.7205528318882,0,6.56269528813984,0,0,0,0,0,12.5214019766394,0,10.3026721477509,0,0,62.2474060058594,53.5779453118642,0,45.3348134358724,94.5431518554688,26.5305224404616,0,14.4009735743205,0,0,0,2.9440598487854,0,25.4959149360657,0,0,0,4.16239377407179,0,8.22868844314858,0,0,11.8952348127661,0,0,0,0,0,11.9079748789469,0,7.99226494950843,0,10.3946474168612,0,0,0,0,0,23.390627023336,0,39.9162909984589,9.47279686411026,3.50472568720579,10.5863635110855,0,59.1185760498047
0,12.3288256525993,0,8.55576495859358,0,0,0,0,0,11.009828059904,0,3.56039802056378,0,0,0,0,0,0,0,14.1782529089186,0,0,0,0,0,0,0,0,0,0,0,0,0,0,0,16.4926527568272,0,0,0,0,0,17.9331549157699,0,0,0,0,0,0,0,12.3827836137069,0,0,0,0,0,0,0,0,0,2.73976373672485,0,3.09251813093821,5.0661289691925,0,0,0,0,0,0,0,14.6042176882426,0,5.32922341064973,0,0,0,0,0,18.2846455574036,0,63.8500137329102,0,15.3581467866898,0,8.5091252116596,0,0
15.4610354502996,0,9.22153889130702,0,12.7256378694014,0,0,0,11.9167310611622,0,6.30849862098694,0,4.46917594725435,0,6.30795512052431,0,0,0,46.3015403747559,0,16.4596824645996,0,0,0,8.62803259762851,0,5.8703134059906,0,3.08140357335409,0,0,0,0,0,0,0,17.195429971483,0,0,0,0,0,46.8378108215332,0,35.6086349487305,0,34.9085081418355,0,8.51514395748276,0,2.79712408781052,0,2.77185051441193,0,0,0,4.16239377407179,0,0,0,7.72700749230139,0,0,14.4645762443542,0,0,0,16.3882035017014,0,5.89247062068055,0,7.82188876712888,0,66.2897109985352,0,0,0,0,0,22.2344499803939,0,60.9908504486084,10.9246478357485,35.893031835556,11.4792536692833,0,55.3951606750488
0,0,0,9.16460967063904,0,0,0,4.22439624272384,0,0,0,4.5323214596867,0,3.72306332144626,0,4.80137344360352,0,0,0,0,0,0,0,0,0,4.17521297401852,0,2.99215261752789,0,0,0,0,0,0,0,16.7970701853434,0,0,0,0,0,0,0,0,0,0,0,0,0,0,0,0,0,3.34744545391628,0,0,0,2.73976373672485,0,0,0,3.91196794626189,0,0,0,0,0,0,8.54709982872009,0,4.07443581362487,0,0,0,0,0,0,0,0,0,0,0,5.40359813180463,0,0,0,0
8.71175343289095,0,14.5414685991075,0,8.13180800106214,0,0,0,12.7392355017579,0,0,0,4.399028514951,0,4.5748627364887,0,10.7695648685144,0,41.6860211236136,0,0,0,0,0,15.0865381576662,0,8.68550743413775,0,0,0,0,0,0,0,0,0,0,0,21.0593494176865,0,0,0,41.0909770269814,0,27.8530146735055,61.087963104248,37.0622527178596,0,8.29902431882661,0,5.16351866722107,0,0,0,11.994223096154,0,8.22868844314858,0,7.72700749230139,0,0,0,0,24.7272822062174,0,0,0,13.5394298113309,0,6.67860534708859,0,9.88295044706541,0,61.2497584025065,0,0,0,0,0,28.6131890614827,0,33.103391289711,6.82544842736805,25.8288205862045,25.4240151538125,0,53.4509709676107
0,6.30071977744425,0,7.49308388639885,0,0,0,0,0,13.2051448822021,0,0,0,4.46020310247267,0,4.07124109191279,0,5.48936458123036,0,0,0,0,0,11.9350242057649,0,5.07642105800002,0,0,0,0,0,0,0,0,0,19.5036447936413,0,23.941414537101,0,43.0594577789307,0,0,0,0,0,34.4946146011353,0,0,0,5.4938896149871,0,0,0,0,0,8.44489540100098,0,3.09251813093821,0,3.91196794626189,0,0,0,0,0,0,10.8857754992862,0,6.07374754525207,0,5.64251190423965,0,0,0,0,0,0,0,20.1924339021955,0,30.0953478813171,0,10.9522218513851,6.18324375152588,15.2988127249259,0,0
0,0,0,12.3693540279682,0,2.79657517160688,0,0,0,0,0,8.36948737345244,0,0,0,0,0,0,0,5.66994044832718,0,0,0,0,0,0,0,0,0,0,0,0,0,0,0,9.4977065117205,0,11.759998330203,0,0,0,19.1150620041824,0,0,0,6.33012866965814,0,0,0,12.0670292620756,0,0,0,0,0,0,0,5.0661289691925,0,0,0,0,0,0,0,0,0,0,0,0,0,0,20.086840057373,0,0,0,0,0,10.9523686408997,0,15.7870194911957,0,6.76513537803254,0,10.0163626454499,0,0
33.208634221876,0,33.3110389709473,0,4.85820424556732,0,0,0,34.5020843834005,0,9.64089041900635,0,0,0,60.2612457275391,0,49.3416226346728,72.9148547960364,50.0701021787081,0,6.04268040477161,0,0,0,61.186284383138,0,0,0,0,0,14.8088420419132,0,0,0,0,0,5.05880350032739,0,15.9965995210801,0,0,70.822475751241,24.0662463923899,47.9188117980957,20.4946215644715,74.896942941766,12.1375553901911,0,45.557308919502,91.1637471516927,6.70414805412292,0,0,0,44.4572533198765,0,11.8952348127661,0,14.4645762443542,0,24.7272822062174,0,0,0,0,0,0,59.2104568481445,0,50.9124183654785,0,50.517961213083,0,33.2565122987858,0,0,0,0,0,9.37571632847536,0,21.7004837894021,34.8291593521031,75.429838180542,19.1905694146917,53.4344692230225,31.0452331714943
0,0,0,0,0,0,0,0,0,0,0,0,0,0,0,0,0,11.2569900458714,0,0,0,5.67745440768115,8.75083467483521,5.01940942347587,0,11.0174738750029,0,7.0905007493907,0,0,0,0,0,0,0,0,0,6.53896795651492,0,0,0,0,0,0,0,0,0,0,0,3.38371338667693,0,0,0,0,0,0,0,0,0,0,0,0,0,0,0,0,4.65691614600847,0,13.319628899356,0,8.77171212976629,0,0,0,0,0,0,0,0,0,3.91970717906952,0,5.77849813984401,7.60130771393428,0,0,0
0,0,0,0,0,0,0,0,0,0,0,0,0,0,0,0,4.39668404070058,0,0,0,0,0,5.46556335783357,0,4.54769156430219,0,3.8927422579597,0,7.6579717596372,0,0,0,0,0,0,0,0,0,6.18460200354457,0,0,0,0,0,0,0,0,0,4.06658444268917,0,0,0,0,0,0,0,0,0,0,0,0,0,0,0,0,0,0,3.07019889982123,0,0,0,9.19278664059109,0,0,0,0,0,0,0,0,0,4.14830626273642,6.88491125931194,5.66467920807767,0,0,0
0,12.0490191125057,0,21.0895372118269,0,0,0,0,0,19.2496552732256,0,0,0,0,0,10.7252346523224,0,11.2411333831253,52.1975274293319,0,0,7.51657151226974,0,6.36817108956816,0,5.76242995778204,0,0,0,0,0,0,0,0,0,0,0,8.80642318347144,0,47.5569410324097,0,34.0334101529189,53.2547817230225,36.1472444534302,0,39.9857659339905,106.840755462646,0,0,16.8008576304682,0,0,0,0,0,12.2981434667731,0,0,0,0,0,10.8857754992862,0,0,4.65691614600847,0,0,0,5.9101099167427,0,10.4436677585949,0,12.664257367452,0,0,0,0,0,59.9193916320801,0,11.596281125994,0,10.5640387732102,35.2270509719849,15.2245499151094,35.0775714874268,0
16.8872456805397,0,0,0,0,0,0,0,13.1077920541925,0,0,0,17.5223172505697,0,14.6952521536085,0,7.17374775780572,0,50.3815664715237,0,0,0,8.30548553849444,0,4.70203929888618,0,5.48047085126241,0,0,0,0,0,0,0,0,0,0,0,7.66668260449413,0,0,0,20.9872602201858,0,37.5175069173177,0,49.5633257990298,0,9.59686345567193,0,0,0,0,0,11.5590496939056,0,0,0,16.3882035017014,0,13.5394298113309,0,0,59.2104568481445,0,3.07019889982123,0,0,0,8.43696434282686,0,13.6580865625292,0,26.5706050212567,0,0,0,0,0,55.9336671829224,0,7.94067706954613,11.9682672674006,0,13.345481115688,0,28.0902018913856
0,11.347066301492,0,21.6222504835862,0,0,0,0,0,18.7711312465179,0,0,0,0,0,6.27435660848812,0,5.31198305969404,44.253167046441,0,0,11.439658414705,0,5.71212026694926,0,6.32331451432318,0,8.4301009628008,0,0,0,0,0,0,0,0,0,20.6669546763102,0,49.8169464111328,0,51.6954533894857,49.7344856262207,38.2370079888238,0,42.0692562020343,0,0,0,14.294278828648,0,0,0,0,0,9.3962176055239,0,0,0,8.54709982872009,0,6.07374754525207,0,0,13.319628899356,0,5.9101099167427,0,0,0,5.56294421046097,0,0,0,0,0,0,0,0,0,50.2922461136528,0,10.9153982716638,0,25.2325255308092,38.0190544128418,0
12.8173050016075,0,24.0339408874512,0,0,0,0,0,11.9570918655396,0,0,0,8.13094891700069,0,6.76942281331102,0,8.51712502241135,0,51.6630393580387,0,0,0,7.52121779322624,0,8.54761440394676,0,3.80439359139485,0,4.6707709133625,0,0,0,0,0,0,0,0,0,13.6803263871357,0,0,0,32.2223980307579,0,36.2166524614607,0,47.4433943884713,0,5.23141208590041,0,0,0,0,0,10.286040827632,0,11.9079748789469,0,5.89247062068055,0,6.67860534708859,0,0,50.9124183654785,0,0,0,8.43696434282686,0,0,0,4.30996229559593,0,70.2910385131836,0,0,0,0,0,57.0716667175293,0,16.6040456220508,18.8431744951091,72.1445236206055,22.923979409039,0,25.7706146240234
0,14.8504361138938,0,26.2312928402063,0,0,0,0,0,16.9461818243328,0,7.5128756791503,0,7.0206023166614,0,0,53.5289688110352,20.4792175292969,47.9580579485212,0,0,5.38839316870037,0,13.9426883350719,0,6.63036251533777,0,3.88352739622538,0,5.63426193736848,0,0,0,0,0,0,0,3.07671868801117,0,53.134934495135,0,44.5509914928012,56.0209197998047,40.180303700765,0,43.010896396637,86.6460952758789,0,0,15.5178382041348,0,0,0,0,0,14.4798794166715,0,14.6042176882426,0,4.07443581362487,0,5.64251190423965,0,0,8.77171212976629,0,10.4436677585949,0,5.56294421046097,0,0,0,4.12103177110354,0,0,0,0,0,67.6530990600586,0,56.2660585550162,0,22.1663258932075,6.67618515616969,22.1820965082919,37.8137016296387,0
16.8005733634744,0,27.2410771743111,0,0,0,0,0,25.9142731642112,0,3.20726002346386,0,9.87125456484058,0,13.2527002594688,0,42.1391101250282,71.2162310282389,47.0843502367047,0,0,0,7.46902013526243,0,11.7350270106242,0,7.02241150025398,0,4.40705341059011,0,3.5933039188385,0,0,0,0,0,57.9851188659668,0,39.316778755188,0,0,83.6752599080404,53.3332593466284,0,41.6216294424874,0,47.6838309317827,0,13.5260313771187,76.3358993530273,0,0,0,0,17.1800409721223,0,7.99226494950843,0,7.82188876712888,0,9.88295044706541,0,0,50.517961213083,0,9.19278664059109,0,13.6580865625292,0,4.30996229559593,0,0,71.6326370239258,59.3032769595875,0,0,0,0,0,50.526001563439,0,52.1404002820942,29.524418585117,5.49396092820876,31.3468052580831,0,55.1231188774109
0,15.668935436191,0,26.7263089960272,0,0,0,0,0,16.733771617596,0,4.55861711502075,0,0,0,0,0,49.3941993713379,49.224676767985,0,0,0,0,15.6611998081207,0,0,0,2.95348215103149,0,3.20482567378453,0,0,0,0,0,0,0,5.71031398773193,0,52.2042590550014,0,16.2306354738051,56.5895169576009,38.9587526321411,0,42.2480095311215,0,0,0,10.6744770568515,0,0,0,0,0,14.0983795589871,0,5.32922341064973,0,0,0,0,20.086840057373,0,0,0,12.664257367452,0,0,0,4.12103177110354,71.6326370239258,0,0,0,0,0,0,0,0,14.6125997736099,0,26.3363483940683,0,10.6010548441641,10.1009435653687,0
23.8171359018481,0,35.0901817321777,0,0,0,0,0,23.4750175179902,101.763725280762,4.24718064001237,0,61.3504219055176,0,32.0032507578532,0,46.0896266661968,66.683001798742,46.0901523969636,0,8.39477837713141,0,0,0,45.5305164337158,0,0,0,2.75342273712158,0,3.65149317638768,0,0,0,0,0,44.7806377410889,0,13.0376758277416,69.0445022583008,0,73.2035901922929,34.6724161735709,54.7145729064941,47.5330737044172,66.4994711875916,49.1743298272594,0,21.7655567017154,79.5936508178711,0,0,0,0,22.7072487324913,0,10.3946474168612,0,66.2897109985352,0,61.2497584025065,0,0,33.2565122987858,0,0,0,26.5706050212567,0,70.2910385131836,0,59.3032769595875,0,0,0,0,0,0,0,56.835132762364,78.296023050944,53.1647537096953,44.3015255676052,63.6798240741094,23.9065970454105,62.3711233139038,24.7546032370859
