0,0,6.13335701320948,0,0,0,0,0,6.57391263028117,0,0,0,0,0,7.29957040987517,0,0,0,22.6084566116333,0,0,0,0,0,8.81749615404341,0,0,0,0,0,0,0,0,0,0,0,0,0,14.8415783643723,63.5361976623535,50.6265935897827,67.8134078979492,38.3534859743985,0,0,0,38.9240821202596,0,6.89223167829902,0,0,0,0,0,5.43714187900472,0,39.8385953903198,0,15.6108614206314,0,7.58071502617427,0,0,43.9494641621908,0,0,0,10.1665142059326,0,19.3344497680664,0,16.8506736755371,0,33.2234001159668,0,0,0,0,83.2298355102539,47.8408727645874,0,40.5992374420166,14.7916441311861,0,9.33080667053781,0,0
0,0,0,4.9732479207656,0,0,0,0,0,5.46686936658004,0,0,0,0,0,0,0,0,8.48823677854879,0,0,0,0,16.3496343824599,0,0,0,0,0,0,0,0,0,0,0,57.0893669128418,0,16.7968635559082,0,34.3781152452741,0,16.6156707176795,0,0,0,20.218520512452,0,25.933890581131,0,6.49422615958798,0,0,0,0,0,4.43967493942806,0,18.0930633544922,0,0,0,3.13565031687419,36.3750495910645,0,0,0,6.51557588577271,0,0,0,30.431791305542,0,30.9885845184326,0,0,0,0,0,38.9201291799545,0,40.9459190368652,0,9.78613636240981,0,11.4702669872536,8.26582209269206,0
6.13335701320948,0,0,0,14.9916688601176,0,0,0,11.0812392768107,0,0,0,0,0,9.25772748055396,0,50.203483581543,0,30.9591677529471,0,0,0,0,0,0,0,0,0,0,0,0,0,0,0,0,0,44.5976059436798,0,36.575855255127,0,32.0089504122734,40.450159072876,32.0647517058809,0,0,45.6540279388428,19.9510305999616,0,10.438781785965,0,12.4829562248722,0,0,0,10.3683816918566,0,15.4403782117934,0,11.5754827377273,0,10.1987942460845,0,0,37.3759672376845,0,0,0,0,0,0,0,24.5615630149841,65.8731460571289,30.0830670633624,0,0,0,0,83.3945560455322,37.6893860261832,0,36.6452943361722,9.5692508649081,0,15.6740945019199,0,0
0,4.9732479207656,0,0,0,17.2665138244629,0,0,0,6.87945778533895,0,0,0,0,0,0,0,0,46.3060906728109,12.5958118438721,0,0,0,0,0,0,0,0,0,0,0,0,0,0,0,49.1792933940887,0,0,0,41.2964187473446,0,40.1449913713667,0,0,0,22.639992827076,61.2032127380371,0,0,5.8788564109323,0,5.33148962563842,0,0,0,7.06711124304699,0,7.89437980995965,0,6.04734605731386,0,8.33819554448128,22.2990821429661,0,0,0,0,0,0,0,32.2286062240601,0,29.3483450026739,0,0,0,0,0,43.4389084275089,0,33.6987558763419,80.3652038574219,16.1581862081944,11.8117900748751,12.5130959781267,49.1961946487427,0
0,0,14.9916688601176,0,0,0,0,0,4.99737746575299,0,0,0,2.74989732106527,0,4.275024654939,0,0,0,0,0,0,0,0,0,0,0,0,0,0,0,0,0,0,0,0,0,15.6215785344442,0,0,0,47.3444328308105,0,40.2047691345215,0,0,0,33.4209053039551,0,41.6446032524109,0,4.70652439998604,0,5.50341596603394,0,0,0,12.8613939285278,0,7.15076446533203,0,4.84307927152385,0,0,0,0,0,0,0,0,0,0,0,0,42.3221397399902,0,0,0,0,0,35.7294864654541,0,0,4.62125198046366,8.06734442710876,27.994047164917,0,0
0,0,0,17.2665138244629,0,0,0,0,0,4.28974947333336,0,4.21402907371521,0,0,0,3.5299271941185,0,0,45.5320676167806,7.54448065934358,0,0,0,0,0,0,0,0,0,0,0,0,0,0,0,15.2418163858611,0,0,0,0,0,49.9467926025391,0,0,0,31.0253416697184,0,0,0,0,0,3.29055924279349,0,0,0,26.706241607666,0,15.0331127643585,0,0,0,3.66699018081029,7.68842653739147,0,0,0,0,0,0,0,49.9636421203613,0,41.6977119445801,0,0,0,0,0,23.4481126132764,0,46.0516139439174,0,7.10305339081092,0,10.4814520974954,0,0
0,0,0,0,0,0,0,0,0,0,3.66001684414713,0,3.77195775508881,0,0,0,0,0,0,0,0,0,0,0,0,0,0,0,0,0,0,0,0,0,0,0,0,0,0,0,0,0,0,0,0,0,0,0,0,0,3.91025490164757,0,3.3920747767324,0,0,0,4.4701182132866,0,4.62661525782417,0,0,0,0,0,0,0,0,0,0,0,0,0,0,0,0,0,0,0,0,0,0,0,3.22598434973133,0,0,0,0
0,0,0,0,0,0,0,0,0,0,0,4.15433452440345,0,0,0,0,0,0,0,0,0,0,0,0,0,0,0,0,0,0,0,0,0,0,0,0,0,0,0,0,0,0,0,0,0,0,0,0,0,0,0,3.60118929545085,0,4.626731241719,0,0,0,5.56051448980967,0,0,0,0,0,0,0,0,0,0,0,0,0,0,0,0,0,0,0,0,0,0,0,0,4.18969192504883,0,0,0,0
6.57391263028117,0,11.0812392768107,0,4.99737746575299,0,0,0,0,0,0,0,0,0,3.61878615212672,0,6.05712526664138,0,35.9626353127616,0,0,0,0,0,5.92522157164645,0,6.5623566309611,0,0,0,0,0,0,0,0,0,28.2523517608643,0,13.9132131370338,0,45.6220486958822,0,21.0743561972172,0,0,0,36.202177103828,0,15.1916356390598,0,4.7236976146698,0,0,0,4.90670636571977,0,20.6631755828857,0,23.2115383148193,0,10.0324606798791,0,0,42.3240661621094,0,0,0,6.08830018423818,0,7.10197448730469,0,20.1376037597656,0,21.0291839327131,0,0,0,0,0,49.4400081634521,0,12.3410573275584,8.65768771016411,8.61328894719128,25.4817833761836,0,4.08379298990423
0,5.46686936658004,0,6.87945778533895,0,4.28974947333336,0,0,0,0,0,0,0,0,0,3.21515369415283,0,0,42.9589920043945,0,0,0,0,6.76620452908369,0,3.17257165908813,0,0,0,0,0,0,0,0,0,19.8577836354574,0,14.1259309727213,0,46.8990020751953,0,49.3993759155273,0,0,0,32.5438725607736,0,0,0,8.53147681100028,0,0,0,0,0,4.0800035498359,0,27.5112047195435,0,0,0,4.01622663906642,0,0,0,0,5.11595151092433,0,0,0,38.9220314025879,0,40.8944614955357,0,0,0,0,0,59.9961624145508,0,20.2421234778638,0,5.41681481072296,17.8879486083984,12.4964048797434,0,0
0,0,0,0,0,0,3.66001684414713,0,0,0,0,0,4.12552878630422,0,0,0,0,0,0,0,3.31622011908169,0,0,0,0,0,0,0,0,0,0,0,0,0,0,0,9.91301438212395,0,8.15482342738026,0,0,0,0,0,0,0,0,0,0,0,0,0,7.18840265274048,0,0,0,5.30964792319215,0,3.68000917936626,0,0,0,0,9.14848162911155,0,0,0,0,0,0,0,0,0,8.05188990821523,0,0,0,0,0,0,0,11.3499745078709,4.62468931633373,0,9.57482940943033,0,0
0,0,0,0,0,4.21402907371521,0,4.15433452440345,0,0,0,0,0,3.16952971673348,0,0,0,0,0,4.41029242480673,0,0,0,0,0,0,0,2.89153973261515,0,5.11310693796943,0,0,0,0,0,3.09388546590452,0,7.01351159755315,0,0,0,0,0,0,0,0,0,0,0,0,0,3.58216507538505,0,3.66733529832628,0,0,0,7.74107353855727,0,5.47131437186537,0,0,3.66448760670137,0,0,0,0,0,0,0,0,0,11.873365918124,0,0,0,0,0,3.33356771469116,0,9.22041211128235,0,6.19800338294685,0,5.48391876476152,0,0
0,0,0,0,2.74989732106527,0,3.77195775508881,0,0,0,4.12552878630422,0,0,0,5.01021163480995,0,0,0,0,0,40.6792297363281,0,0,0,0,0,10.5211438718049,0,3.35803537368774,0,0,0,0,0,0,0,0,0,0,0,0,0,0,0,0,0,30.8028392791748,0,0,0,0,0,0,0,0,0,6.13162167219852,0,4.00493730143677,0,3.48355031013489,0,0,24.2267818450928,0,0,0,0,0,10.0917406506637,0,9.5120085477829,0,0,0,0,0,0,0,0,0,0,3.68409925586772,0,34.7277495066325,0,0
0,0,0,0,0,0,0,0,0,0,0,3.16952971673348,0,0,0,3.32186072047164,0,0,0,0,0,0,0,0,0,0,0,10.1358800615583,0,0,0,0,0,0,0,0,0,0,0,0,0,0,0,0,0,0,0,0,0,0,0,0,0,0,0,0,0,0,0,5.98822886993488,0,3.59647154808044,0,0,0,0,0,0,0,0,10.2910945976482,0,0,0,0,0,0,0,0,0,0,0,3.16951984167099,2.91041833162308,0,0,0
7.29957040987517,0,9.25772748055396,0,4.275024654939,0,0,0,3.61878615212672,0,0,0,5.01021163480995,0,0,0,0,0,40.2141132354736,0,0,0,0,0,10.5953217619783,0,6.05649690628052,0,0,0,0,0,0,0,0,0,0,0,0,0,0,0,37.041122118632,0,0,65.256965637207,30.2169971466064,0,10.5745906148638,0,4.3240061260405,0,0,0,6.02534407377243,0,0,0,10.6478230612619,0,4.3475611215713,0,0,48.8838405609131,0,0,0,12.7382633375085,0,7.02608317865742,0,0,0,0,0,0,0,0,0,47.1752281188965,0,0,5.08492074179095,4.27628629207611,31.1311851739883,0,0
0,0,0,0,0,3.5299271941185,0,0,0,3.21515369415283,0,0,0,3.32186072047164,0,0,0,12.0389590263367,0,0,0,0,0,2.96532320976257,0,3.33039194345474,0,0,0,0,0,0,0,0,0,0,0,0,0,0,0,0,0,0,0,0,0,0,0,0,0,3.89986276626587,0,0,0,6.11889219284058,0,0,0,4.96637716641029,0,2.9748304936944,0,0,0,0,0,0,0,0,0,0,0,0,0,0,0,0,0,0,0,0,3.13220329284668,0,0,0,0
0,0,50.203483581543,0,0,0,0,0,6.05712526664138,0,0,0,0,0,0,0,0,22.3996383470619,28.0482080535249,0,87.5310516357422,46.7942433357239,4.86719560447861,0,4.35651751298171,48.748872756958,3.42853116989136,0,0,0,0,0,0,0,0,116.873966217041,99.8917907714844,0,74.3249359130859,88.435272693634,74.6723036332564,82.0728249183068,54.527458544859,0,41.8956604003906,70.3693072001139,68.3733060113315,0,67.141331354777,81.6296081542969,0,0,0,0,79.4682769775391,0,91.3909759521484,0,64.4807434082031,0,13.7341549396515,0,0,83.0220036660471,0,0,0,0,0,0,0,0,65.8434143066406,69.7250989278158,0,0,0,0,92.8779045553768,75.9492591591768,81.2886276245117,68.8705707550049,14.3723439469371,7.48479152660744,64.5946050286293,57.392406463623,51.6314611190405
0,0,0,0,0,0,0,0,0,0,0,0,0,0,0,12.0389590263367,22.3996383470619,0,27.7007650355436,0,105.782043457031,7.34652289280221,57.0462608337402,12.2101103199853,0,9.79529865553458,0,0,0,0,0,0,0,0,0,107.042945861816,98.370112101237,0,0,76.3185548782349,78.61595319665,68.9432024002075,70.4714278084891,71.7737350463867,0,62.1814405507055,79.9481213324893,0,89.418332417806,70.5460993448893,0,0,0,0,0,0,94.0886459350586,0,0,0,0,0,86.6259907313756,90.6648305257161,4.07294995444162,0,16.4943814873695,0,9.21273472905159,0,0,0,62.883617401123,78.4816277821859,0,0,0,0,78.9988157749176,85.6200623719589,69.9270588801457,91.3186787196568,15.0315883189389,8.08962474564711,75.1415675313849,53.8605659484863,57.9619154496626
22.6084566116333,8.48823677854879,30.9591677529471,46.3060906728109,0,45.5320676167806,0,0,35.9626353127616,42.9589920043945,0,0,0,0,40.2141132354736,0,28.0482080535249,27.7007650355436,0,0,53.1126873618678,0,0,0,0,0,0,0,0,0,0,0,0,0,0,67.8059834466464,63.6818608223124,0,61.9231185913086,44.9821315129088,44.1635717986518,28.6232623733105,25.9243604215233,10.9212643329543,7.04161720616477,33.4714632821896,40.7804918015678,0,43.5897087830764,42.6216090819415,0,52.1812438964844,0,0,51.7613677978516,0,46.4705158580433,38.2498953342438,42.7568138122559,36.6156311035156,51.4670961168077,115.430000305176,50.1594263359352,51.0493063728015,0,0,0,0,0,0,52.4154808044434,38.8391218185425,38.8375944062775,41.9051426264865,0,0,0,0,49.2566638241894,50.5009904226744,41.3055373672181,46.9501965126295,14.7997524324869,27.763190133231,35.0754505344756,22.634002278995,22.8370322875327
0,0,0,12.5958118438721,0,7.54448065934358,0,0,0,0,0,4.41029242480673,0,0,0,0,0,0,0,0,0,0,0,0,0,0,0,0,0,0,0,0,0,0,0,4.61129756882077,0,6.14584595197207,0,0,0,0,0,0,0,8.10322008132935,0,0,0,0,0,9.39769354888371,0,0,0,0,0,3.77831530570984,0,13.0213060379028,0,0,4.96787019604826,0,0,0,0,0,0,0,0,0,7.47274041175842,0,0,0,0,0,5.9664567788442,0,8.09374298220095,0,4.55456874767939,0,4.64060538960254,0,0
0,0,0,0,0,0,0,0,0,0,3.31622011908169,0,40.6792297363281,0,0,0,87.5310516357422,105.782043457031,53.1126873618678,0,0,0,0,0,0,0,0,0,0,0,0,0,0,0,0,0,4.72736947260041,0,8.06925193494744,0,45.1608591079712,0,35.0121019151476,0,0,0,19.6609446233319,0,46.811269124349,0,6.82222537199656,0,6.96315431594849,0,0,0,24.8571580330838,0,40.2134178161621,0,0,0,0,9.62641865291867,0,0,0,0,0,0,0,49.0569625854492,0,49.4988388610336,0,0,0,0,0,13.17558669233,0,14.9185002039349,5.70869468884953,0,26.5435258050322,0,56.6269569396973
0,0,0,0,0,0,0,0,0,0,0,0,0,0,0,0,46.7942433357239,7.34652289280221,0,0,0,0,4.78223194795496,3.1747944355011,0,5.71509905611531,0,3.58013334137182,0,0,0,0,0,0,0,0,0,6.09729700320212,0,0,0,0,0,0,0,0,0,0,0,3.17586922645569,0,0,0,0,0,0,0,0,0,0,0,0,0,0,6.32214555292237,2.96437521414323,4.16603702969021,0,7.61561473210653,0,9.03068949624057,0,0,0,0,0,0,0,0,0,13.455507388022,4.86603689193726,5.33453754669911,3.29372358322144,0,0,0
0,0,0,0,0,0,0,0,0,0,0,0,0,0,0,0,4.86719560447861,57.0462608337402,0,0,0,4.78223194795496,0,0,6.61021049206073,0,3.29950423240662,0,2.96452474594116,0,0,0,0,0,0,0,0,0,6.23169582222696,0,0,0,0,0,0,0,0,0,0,0,0,0,0,0,0,0,0,0,0,0,0,0,0,0,6.04251450300217,4.3676014905693,0,10.8987114646218,0,0,0,2.96590089797974,0,0,0,0,0,0,0,0,0,10.727096265905,4.57987663388668,4.6254225730896,0,0,0
0,16.3496343824599,0,0,0,0,0,0,0,6.76620452908369,0,0,0,0,0,2.96532320976257,0,12.2101103199853,0,0,0,3.1747944355011,0,0,0,4.56547750057058,0,0,0,0,0,0,0,0,0,0,0,4.20213297094618,0,0,0,0,0,0,0,0,0,0,0,6.62165131568909,0,0,0,0,0,5.85991036863486,0,0,0,0,0,2.95939254760742,0,0,3.31970184189933,0,4.21566350281902,0,5.01757139112891,0,0,0,0,0,0,0,0,0,0,0,7.88592610508204,0,6.11362332486092,0,2.73342716693878,0,0
8.81749615404341,0,0,0,0,0,0,0,5.92522157164645,0,0,0,0,0,10.5953217619783,0,4.35651751298171,0,0,0,0,0,6.61021049206073,0,0,0,4.80636029839516,0,0,0,0,0,0,0,0,0,0,0,4.19175277479845,0,0,0,0,0,0,0,0,0,4.37230364481608,0,0,0,0,0,5.12846405939622,0,0,0,0,0,13.6238786624028,0,0,0,0,5.59786048432191,0,3.89254495956445,0,3.11687159538269,0,0,0,0,0,0,0,0,0,0,0,6.67766365823866,6.34828850915355,20.4868135452271,2.95577502250671,0,0
0,0,0,0,0,0,0,0,0,3.17257165908813,0,0,0,0,0,3.33039194345474,48.748872756958,9.79529865553458,0,0,0,5.71509905611531,0,4.56547750057058,0,0,0,3.22021740674973,0,0,0,0,0,0,0,0,0,0,0,0,0,0,0,0,0,0,0,0,0,0,0,0,0,0,0,0,0,0,0,0,0,3.29967126846313,0,0,4.88529430902921,0,3.29764763514201,0,4.47506932545734,0,7.6837678319878,0,0,0,0,0,0,0,0,0,0,0,5.31459094859936,0,0,0,0
0,0,0,0,0,0,0,0,6.5623566309611,0,0,0,10.5211438718049,0,6.05649690628052,0,3.42853116989136,0,0,0,0,0,3.29950423240662,0,4.80636029839516,0,0,0,4.90721798278916,0,0,0,0,0,0,0,0,0,0,0,0,0,0,0,0,0,0,0,0,0,0,0,0,0,0,0,0,0,14.0691087245941,0,8.21766928434372,0,0,0,0,5.01318678855896,0,5.58435625500149,0,4.37111195531385,0,4.35687343279521,0,0,0,0,0,0,0,0,0,0,4.39337668418884,0,0,0,0
0,0,0,0,0,0,0,0,0,0,0,2.89153973261515,0,10.1358800615583,0,0,0,0,0,0,0,3.58013334137182,0,0,0,3.22021740674973,0,0,0,7.54678280536945,0,0,0,0,0,0,0,4.03739885091782,0,0,0,0,0,0,0,0,0,0,0,0,0,0,0,0,0,0,0,9.3437465429306,0,5.12153021387152,0,0,0,0,3.55512460072835,0,0,0,3.24591232499769,0,4.63098531255823,0,7.78201095838296,0,0,0,0,0,0,0,9.58263750835857,0,4.29446976576278,0,0,0,0
0,0,0,0,0,0,0,0,0,0,0,0,3.35803537368774,0,0,0,0,0,0,0,0,0,2.96452474594116,0,0,0,4.90721798278916,0,0,0,5.4250803929973,0,0,0,0,0,0,0,6.53922891616821,0,0,0,0,0,0,0,0,0,0,0,0,0,0,0,0,0,0,0,3.41287764161825,0,0,0,0,0,0,0,0,0,0,3.35975798438577,0,4.15124167043771,0,8.97469595562328,0,0,0,0,0,0,0,6.41571497917175,5.08883190155029,0,0,0,0
0,0,0,0,0,0,0,0,0,0,0,5.11310693796943,0,0,0,0,0,0,0,0,0,0,0,0,0,0,0,7.54678280536945,0,0,0,0,0,0,0,0,0,3.80601908875711,0,0,0,0,0,0,0,0,0,0,0,0,0,0,0,0,0,0,0,6.00967116434066,0,0,0,0,0,0,0,0,0,0,0,0,7.40572457332688,0,6.1175375783714,0,0,0,0,0,0,0,5.94711690289634,0,6.43922138214111,0,0,0,0
0,0,0,0,0,0,0,0,0,0,0,0,0,0,0,0,0,0,0,0,0,0,0,0,0,0,0,0,5.4250803929973,0,0,0,0,0,0,0,0,0,4.99506983918659,0,0,0,0,0,0,0,0,0,0,0,0,0,0,0,0,0,3.86349821090698,0,0,0,0,0,0,0,0,0,0,0,0,0,0,5.83293509651238,0,5.30962288364107,0,0,0,0,0,0,0,5.41507509221201,5.6913384107443,0,0,0,0
0,0,0,0,0,0,0,0,0,0,0,0,0,0,0,0,0,0,0,0,0,0,0,0,0,0,0,0,0,0,0,0,2.77111342549324,15.4891357453041,7.62887744108836,11.0586363152191,0,0,0,0,0,0,0,0,0,0,0,7.56639528952963,18.4970872061593,0,0,0,0,0,0,0,0,0,0,0,0,0,0,0,0,0,0,0,0,0,0,0,0,0,5.03662199358786,16.4940074920654,0,0,28.9603193473299,21.6726301932821,0,0,4.19959880411625,0,0,0,0
0,0,0,0,0,0,0,0,0,0,0,0,0,0,0,0,0,0,0,0,0,0,0,0,0,0,0,0,0,0,0,2.77111342549324,0,0,7.61123557885488,0,8.25224866690459,0,0,0,0,0,0,0,0,0,0,10.1130871221436,9.24500503078584,0,0,0,0,0,0,0,0,0,0,0,0,0,0,0,0,0,0,0,0,0,0,0,0,0,0,5.62661686082606,0,2.73289656639099,0,15.2852446611952,0,0,3.0267911752065,0,0,0,0
0,0,0,0,0,0,0,0,0,0,0,0,0,0,0,0,0,0,0,0,0,0,0,0,0,0,0,0,0,0,0,15.4891357453041,0,0,5.26493701892616,4.83470261581545,0,6.81746021488257,0,0,0,0,0,0,0,0,0,5.71993796168296,0,9.94630517544954,0,0,0,0,0,0,0,0,0,0,0,0,0,0,0,0,0,0,0,0,0,0,0,0,0,0,4.20470106288693,7.3464827971025,11.5939513757825,0,9.35392932788185,0,5.8480496108532,2.83517771959305,0,0,0
0,0,0,0,0,0,0,0,0,0,0,0,0,0,0,0,0,0,0,0,0,0,0,0,0,0,0,0,0,0,0,7.62887744108836,7.61123557885488,5.26493701892616,0,0,11.8339359983553,0,6.05334099133809,0,0,0,0,0,0,0,0,5.31608549807934,7.63132390850469,12.5645871291289,0,0,0,0,0,0,0,0,0,0,0,0,0,0,0,0,0,0,0,0,0,0,0,0,0,5.60211785634359,5.02133899114349,5.87355004780004,0,13.5967563344287,14.4855500030518,5.15258259633008,5.7365553896891,3.27160446357727,0,0,0
0,57.0893669128418,0,49.1792933940887,0,15.2418163858611,0,0,0,19.8577836354574,0,3.09388546590452,0,0,0,0,116.873966217041,107.042945861816,67.8059834466464,4.61129756882077,0,0,0,0,0,0,0,0,0,0,0,11.0586363152191,0,4.83470261581545,0,0,4.28010320099624,5.95470345623885,0,65.8851540088654,0,64.1807634758227,0,58.4941418965658,0,36.9178445276461,97.3856544494629,5.56515850804069,0,56.4371223449707,0,17.5493447625792,0,0,0,0,0,17.5077366828918,0,17.9360070405183,0,31.4515857696533,7.51641288667629,0,0,0,0,0,0,0,0,0,0,0,18.7528520425161,0,4.04398651950615,0,6.93073358277455,6.20584951025067,17.0361242555965,0,5.54064019172219,7.58953090950295,13.6413842341479,54.8816913257946,0
0,0,44.5976059436798,0,15.6215785344442,0,0,0,28.2523517608643,0,9.91301438212395,0,0,0,0,0,99.8917907714844,98.370112101237,63.6818608223124,0,4.72736947260041,0,0,0,0,0,0,0,0,0,0,0,8.25224866690459,0,11.8339359983553,4.28010320099624,0,0,6.9119016711444,0,27.9126967733557,0,55.6065895080566,0,0,0,36.7178237766563,4.91567081074382,40.4443323101316,0,27.3986773239939,0,0,0,29.2189547220866,0,31.4665770781668,0,31.3836499673349,0,31.8655642100743,0,0,15.557104872561,0,0,0,0,0,0,0,47.4890098571777,0,52.8847255000362,0,3.77098356021775,0,8.5578616472391,6.42570902620043,6.59522892616174,0,12.4041555171829,6.19190356390637,3.46344951579445,18.163047451874,0,42.2091619968414
0,16.7968635559082,0,0,0,0,0,0,0,14.1259309727213,0,7.01351159755315,0,0,0,0,0,0,0,6.14584595197207,0,6.09729700320212,0,4.20213297094618,0,0,0,4.03739885091782,0,3.80601908875711,0,0,0,6.81746021488257,0,5.95470345623885,0,0,3.37965393066406,91.0955200195312,0,0,0,0,0,33.8646873474121,0,6.60081662535667,0,5.70657318804233,0,0,0,0,0,10.4623620248821,0,7.49885086391283,0,0,0,0,10.366655737559,0,6.7099299484788,0,5.31636372595153,0,12.2085828781128,0,11.7439268790659,0,4.19961543459641,0,0,0,0,0,9.03013253047832,0,6.2867072481805,0,5.88329269362904,5.07646086687099,3.80184409141541,0,0
14.8415783643723,0,36.575855255127,0,0,0,0,0,13.9132131370338,0,8.15482342738026,0,0,0,0,0,74.3249359130859,0,61.9231185913086,0,8.06925193494744,0,6.23169582222696,0,4.19175277479845,0,0,0,6.53922891616821,0,4.99506983918659,0,0,0,6.05334099133809,0,6.9119016711444,3.37965393066406,0,0,0,0,8.59756728510062,0,0,0,33.4884476410715,5.48227606769203,23.3243311246236,0,0,0,0,0,5.86526918411255,0,0,0,32.5655331611633,0,32.7468180656433,0,0,17.0338737998448,0,8.50190737073014,0,7.29804177536155,0,0,0,16.2892758051554,0,7.01072428171025,0,0,0,5.42962118999378,94.2465209960938,11.8750112468249,0,6.59965309004535,5.87934661738632,3.239496681608,16.1497555786166,0,0
63.5361976623535,34.3781152452741,0,41.2964187473446,0,0,0,0,0,46.8990020751953,0,0,0,0,0,0,88.435272693634,76.3185548782349,44.9821315129088,0,0,0,0,0,0,0,0,0,0,0,0,0,0,0,0,65.8851540088654,0,91.0955200195312,0,0,86.8627519607544,26.0849369253173,55.344626222338,27.1776029857125,44.8550071716309,16.1136075727755,73.7691150533742,0,69.8995649549696,18.8296358797111,0,49.0190654330783,0,0,0,52.3299236297607,70.7887077331543,44.5923846014615,0,51.7297375996908,59.3810615539551,44.9001226425171,19.282398749206,89.4779739379883,0,0,0,0,0,0,60.4296875,0,49.2493953980462,86.2798404693604,0,0,0,0,20.183178435357,95.0324172973633,53.259518228396,78.556037902832,36.0697758408079,56.370854695638,20.0103657329582,34.9763562459588,60.2944043477376
50.6265935897827,0,32.0089504122734,0,47.3444328308105,0,0,0,45.6220486958822,0,0,0,0,0,0,0,74.6723036332564,78.61595319665,44.1635717986518,0,45.1608591079712,0,0,0,0,0,0,0,0,0,0,0,0,0,0,0,27.9126967733557,0,0,86.8627519607544,0,64.8668381827218,22.4626656904145,0,30.0350854131911,78.5178426106771,18.2363607107647,58.5105247497559,13.9034906338293,0,35.4100403785706,0,0,0,44.5686666700575,0,45.1423283938704,0,38.9890733446394,0,42.8071310255263,0,0,18.9919738416319,0,0,0,0,0,77.4430847167969,0,53.0292799813407,81.6821517944336,49.7125040463039,0,0,0,0,99.7249237060547,13.1911297404036,120.62516784668,20.604178750515,37.8092192556128,43.1908798217773,12.0935640035535,61.0614204406738,19.6846573868843
67.8134078979492,16.6156707176795,40.450159072876,40.1449913713667,0,49.9467926025391,0,0,0,49.3993759155273,0,0,0,0,0,0,82.0728249183068,68.9432024002075,28.6232623733105,0,0,0,0,0,0,0,0,0,0,0,0,0,0,0,0,64.1807634758227,0,0,0,26.0849369253173,64.8668381827218,0,16.4668977325465,9.66160144965519,0,28.9832506775856,50.4962395259312,0,57.091153717041,23.3618353154601,0,55.001805305481,0,0,0,40.4347052574158,0,20.334768827055,0,53.9380719321115,0,47.2208263079325,33.0882853577469,80.8047733306885,0,0,0,0,0,0,26.400604195065,58.1798191070557,22.2013508759684,63.2550010681152,0,0,0,0,35.2091146663922,77.8467391967773,29.0781416381941,0,21.2414374520942,38.1106609768338,20.8369074041979,18.1731951139591,40.246826171875
38.3534859743985,0,32.0647517058809,0,40.2047691345215,0,0,0,21.0743561972172,0,0,0,0,0,37.041122118632,0,54.527458544859,70.4714278084891,25.9243604215233,0,35.0121019151476,0,0,0,0,0,0,0,0,0,0,0,0,0,0,0,55.6065895080566,0,8.59756728510062,55.344626222338,22.4626656904145,16.4668977325465,0,61.986400604248,8.87705013216758,43.7753639221191,22.6725040738291,8.48741030693054,24.6462795358829,0,44.3765459927646,0,0,0,45.4412839552935,0,41.5784150804792,0,40.5701309861808,0,39.4338234795464,0,62.5708999633789,29.5643061571828,0,0,0,0,0,42.7783368428548,0,24.8102595864273,87.3375549316406,25.3128705870236,0,0,0,0,71.5362650553385,27.6438506188567,64.2009857177734,34.7637361117772,18.7124986714459,22.8118672004113,20.6206954835599,42.2383858362834,15.0612109201144
0,0,0,0,0,0,0,0,0,0,0,0,0,0,0,0,0,71.7737350463867,10.9212643329543,0,0,0,0,0,0,0,0,0,0,0,0,0,0,0,0,58.4941418965658,0,0,0,27.1776029857125,0,9.66160144965519,61.986400604248,0,0,16.0756135213943,103.55687713623,0,0,35.7592206001282,0,0,0,0,0,0,0,0,0,0,0,33.9905738830566,30.8188735961914,0,0,0,0,0,0,0,0,0,33.5192527770996,0,0,0,0,0,37.0729326841966,0,34.1261268615723,0,8.41956291573771,17.0638961791992,9.77348636544269,17.448339658625,0
0,0,0,0,0,0,0,0,0,0,0,0,0,0,0,0,41.8956604003906,0,7.04161720616477,0,0,0,0,0,0,0,0,0,0,0,0,0,0,0,0,0,0,0,0,44.8550071716309,30.0350854131911,0,8.87705013216758,0,0,0,24.4641426433216,0,35.8088302612305,0,0,0,0,0,0,0,0,0,0,0,0,0,0,33.5329233805339,0,0,0,0,0,0,0,0,53.9103546142578,37.7048454284668,0,0,0,0,0,32.7981975136734,0,48.3297157287598,8.80278331944437,0,15.2290527989787,0,16.4762185414632
0,20.218520512452,45.6540279388428,22.639992827076,0,31.0253416697184,0,0,0,32.5438725607736,0,0,0,0,65.256965637207,0,70.3693072001139,62.1814405507055,33.4714632821896,8.10322008132935,0,0,0,0,0,0,0,0,0,0,0,0,0,0,0,36.9178445276461,0,33.8646873474121,0,16.1136075727755,78.5178426106771,28.9832506775856,43.7753639221191,16.0756135213943,0,0,59.7169832171816,0,66.673828125,37.3753754297892,0,29.1409921050072,0,0,0,30.8343595421833,57.1453037261963,24.2785901878819,59.2208557128906,28.5542049407959,0,33.8154424031576,10.9712375558125,70.6770782470703,0,0,0,0,0,0,41.5567383575439,0,34.9355198298153,72.5663738250732,0,0,0,0,23.8249113771363,79.6019789955833,24.5918646356667,72.0881144205729,23.8967453918265,26.6103242791217,16.5727967800607,46.2706668376923,54.1361026763916
38.9240821202596,0,19.9510305999616,61.2032127380371,33.4209053039551,0,0,0,36.202177103828,0,0,0,30.8028392791748,0,30.2169971466064,0,68.3733060113315,79.9481213324893,40.7804918015678,0,19.6609446233319,0,0,0,0,0,0,0,0,0,0,0,0,0,0,97.3856544494629,36.7178237766563,0,33.4884476410715,73.7691150533742,18.2363607107647,50.4962395259312,22.6725040738291,103.55687713623,24.4641426433216,59.7169832171816,0,44.3798624674479,34.2720355767046,70.5024490356445,36.638617515564,0,0,0,33.2006878444127,0,31.8996513858918,0,31.5038252769433,0,33.8213011833929,54.5327835083008,0,17.2559864827387,0,0,0,0,0,36.0673519770304,0,36.7437788921854,64.2652969360352,41.5833741686237,0,0,0,0,80.6817110697428,22.8366584759601,78.7402149200439,27.8958786384126,30.3467595315561,25.4263516494206,25.7004313851981,48.3557671138218,45.122741338369
0,25.933890581131,0,0,0,0,0,0,0,0,0,0,0,0,0,0,0,0,0,0,0,0,0,0,0,0,0,0,0,0,0,7.56639528952963,10.1130871221436,5.71993796168296,5.31608549807934,5.56515850804069,4.91567081074382,6.60081662535667,5.48227606769203,0,58.5105247497559,0,8.48741030693054,0,0,0,44.3798624674479,0,8.87976433902035,8.20148782776917,0,45.6769752502441,0,0,0,0,0,0,0,0,48.9581413269043,0,0,0,24.9781249364217,0,0,0,0,0,29.0614595413208,0,0,0,8.61164356406179,8.77549812097228,7.3135349191547,5.75965914825084,7.38335620239855,8.56265867665443,9.36781357309038,9.13300897354303,6.0215199099909,7.35476430257161,6.36006280383327,21.7211856842041,0
6.89223167829902,0,10.438781785965,0,41.6446032524109,0,0,0,15.1916356390598,0,0,0,0,0,10.5745906148638,0,67.141331354777,89.418332417806,43.5897087830764,0,46.811269124349,0,0,0,4.37230364481608,0,0,0,0,0,0,18.4970872061593,9.24500503078584,0,7.63132390850469,0,40.4443323101316,0,23.3243311246236,69.8995649549696,13.9034906338293,57.091153717041,24.6462795358829,0,35.8088302612305,66.673828125,34.2720355767046,8.87976433902035,0,87.7355194091797,44.7619828444261,0,0,0,9.15416384334407,43.9843902587891,16.7969247453353,0,21.0696358602555,0,14.1323422424255,0,75.4237594604492,44.4698896275626,0,3.46743383306138,0,3.91629902294704,0,3.89885864939008,0,8.84396342658997,95.6462097167969,18.2241190788672,0,8.16503661870956,0,8.11667762483869,86.0001004536947,26.7101627880346,0,21.6543725215156,21.1387429188746,15.4715747833252,15.3985160173751,62.0053215026855,26.9479256312052
0,6.49422615958798,0,5.8788564109323,0,0,0,0,0,8.53147681100028,0,0,0,0,0,0,81.6296081542969,70.5460993448893,42.6216090819415,0,0,3.17586922645569,0,6.62165131568909,0,0,0,0,0,0,0,0,0,9.94630517544954,12.5645871291289,56.4371223449707,0,5.70657318804233,0,18.8296358797111,0,23.3618353154601,0,35.7592206001282,0,37.3753754297892,70.5024490356445,8.20148782776917,87.7355194091797,0,0,0,0,0,0,9.1668517009632,0,11.4387521505356,0,3.44114820162455,0,9.75691747665405,0,0,6.66471335154757,0,4.52275961637497,0,3.90328627366286,0,8.02374850063149,0,10.0054639909685,77.3569869995117,0,0,6.45853543281555,0,28.0859330111536,0,7.1499781671402,0,16.1806067881519,33.347191174825,9.99271221823163,27.2169759205409,0
0,0,12.4829562248722,0,4.70652439998604,0,3.91025490164757,0,4.7236976146698,0,0,0,0,0,4.3240061260405,0,0,0,0,0,6.82222537199656,0,0,0,0,0,0,0,0,0,0,0,0,0,0,0,27.3986773239939,0,0,0,35.4100403785706,0,44.3765459927646,0,0,0,36.638617515564,0,44.7619828444261,0,0,0,3.28443153454707,0,10.7630252838135,0,6.08221478297793,0,5.47125237435102,0,3.63710265138031,0,0,13.472348465639,0,0,0,0,0,0,0,0,0,39.2182210286458,0,0,0,0,0,34.2483103752136,0,0,26.5760236608571,38.3788414001465,16.3018300533295,0,0
0,0,0,5.33148962563842,0,3.29055924279349,0,3.60118929545085,0,0,0,3.58216507538505,0,0,0,3.89986276626587,0,0,52.1812438964844,9.39769354888371,0,0,0,0,0,0,0,0,0,0,0,0,0,0,0,17.5493447625792,0,0,0,49.0190654330783,0,55.001805305481,0,0,0,29.1409921050072,0,45.6769752502441,0,0,0,0,0,2.96333527565002,0,0,0,20.3413656022814,0,4.39624507061756,0,0,13.6716001033783,0,0,0,0,0,0,0,45.459716796875,0,42.5714311599731,0,0,0,0,0,22.1073237870869,0,45.1574592590332,0,15.147911643225,22.5262498855591,10.1014420982945,94.799934387207,0
0,0,0,0,5.50341596603394,0,3.3920747767324,0,0,0,7.18840265274048,0,0,0,0,0,0,0,0,0,6.96315431594849,0,0,0,0,0,0,0,0,0,0,0,0,0,0,0,0,0,0,0,0,0,0,0,0,0,0,0,0,0,3.28443153454707,0,0,0,0,0,4.32402928892549,0,3.99236834049225,0,0,0,0,0,0,0,0,0,0,0,0,0,0,0,0,0,0,0,0,0,0,0,3.15134573777517,0,0,0,0
0,0,0,0,0,0,0,4.626731241719,0,0,0,3.66733529832628,0,0,0,0,0,0,0,0,0,0,0,0,0,0,0,0,0,0,0,0,0,0,0,0,0,0,0,0,0,0,0,0,0,0,0,0,0,0,0,2.96333527565002,0,0,0,0,0,5.05300637894575,0,0,0,0,0,0,0,0,0,0,0,0,0,0,0,0,0,0,0,0,0,0,0,0,3.74731098281013,0,0,0,0
5.43714187900472,0,10.3683816918566,0,0,0,0,0,4.90670636571977,0,0,0,0,0,6.02534407377243,0,79.4682769775391,0,51.7613677978516,0,0,0,0,0,5.12846405939622,0,0,0,0,0,0,0,0,0,0,0,29.2189547220866,0,5.86526918411255,0,44.5686666700575,0,45.4412839552935,0,0,0,33.2006878444127,0,9.15416384334407,0,10.7630252838135,0,0,0,0,0,14.862485408783,0,26.4728622436523,0,5.49705748558044,0,0,36.5070954163869,0,0,0,4.31118886087843,0,0,0,0,0,39.2758483886719,0,0,0,0,0,45.6092288153512,0,11.6642567928021,25.7245738090031,13.2496502134535,29.1804062121255,0,60.6068267822266
0,4.43967493942806,0,7.06711124304699,0,26.706241607666,0,0,0,4.0800035498359,0,0,0,0,0,6.11889219284058,0,0,0,0,0,0,0,5.85991036863486,0,0,0,0,0,0,0,0,0,0,0,0,0,10.4623620248821,0,52.3299236297607,0,40.4347052574158,0,0,0,30.8343595421833,0,0,43.9843902587891,9.1668517009632,0,0,0,0,0,0,0,24.0733089447021,0,0,0,5.10774607774688,41.0621643066406,0,0,0,4.58008063696568,0,0,0,39.1887435913086,0,42.0353244434704,0,0,0,0,0,52.9797035564076,0,11.2867921252636,0,13.3518280982971,18.6362808227539,10.7671947866527,0,0
39.8385953903198,0,15.4403782117934,0,12.8613939285278,0,4.4701182132866,0,20.6631755828857,0,5.30964792319215,0,6.13162167219852,0,0,0,91.3909759521484,94.0886459350586,46.4705158580433,0,24.8571580330838,0,0,0,0,0,0,0,0,0,3.86349821090698,0,0,0,0,0,31.4665770781668,0,0,70.7887077331543,45.1423283938704,0,41.5784150804792,0,0,57.1453037261963,31.8996513858918,0,16.7969247453353,0,6.08221478297793,0,4.32402928892549,0,14.862485408783,0,0,0,4.40118670091033,0,6.88698317431196,0,0,27.4981211928965,0,0,0,0,0,4.65023422241211,0,5.32432670843217,0,8.900397347533,0,0,0,0,97.1675758361816,37.5914335525953,0,15.6247683482565,20.5764998739416,0,13.8801078193244,0,64.5044174194336
0,18.0930633544922,0,7.89437980995965,0,15.0331127643585,0,5.56051448980967,0,27.5112047195435,0,7.74107353855727,0,0,0,0,0,0,38.2498953342438,3.77831530570984,0,0,0,0,0,0,0,9.3437465429306,0,6.00967116434066,0,0,0,0,0,17.5077366828918,0,7.49885086391283,0,44.5923846014615,0,20.334768827055,0,0,0,24.2785901878819,0,0,0,11.4387521505356,0,20.3413656022814,0,5.05300637894575,0,24.0733089447021,0,0,0,5.24590729108691,0,23.1378335952759,9.98438374635304,0,30.5806241716657,0,0,0,0,0,8.75598517199925,0,8.33528475012118,0,0,0,0,0,42.9655859375,0,11.3597758099279,0,22.8244489245945,28.034538269043,9.92473185490065,12.6403769290808,0
15.6108614206314,0,11.5754827377273,0,7.15076446533203,0,4.62661525782417,0,23.2115383148193,0,3.68000917936626,0,4.00493730143677,0,10.6478230612619,0,64.4807434082031,0,42.7568138122559,0,40.2134178161621,0,0,0,0,0,14.0691087245941,0,3.41287764161825,0,0,0,0,0,0,0,31.3836499673349,0,32.5655331611633,0,38.9890733446394,0,40.5701309861808,0,0,59.2208557128906,31.5038252769433,0,21.0696358602555,0,5.47125237435102,0,3.99236834049225,0,26.4728622436523,0,4.40118670091033,0,0,0,5.08321311350526,0,0,28.3540187037994,0,0,0,0,0,11.2094786533943,0,9.49688790795582,0,30.3405839746649,0,0,0,0,0,38.6907803301226,0,36.9360980987549,30.1338392550295,0,15.2013620412058,0,17.6586799621582
0,0,0,6.04734605731386,0,0,0,0,0,0,0,5.47131437186537,0,5.98822886993488,0,4.96637716641029,0,0,36.6156311035156,13.0213060379028,0,0,0,0,0,0,0,5.12153021387152,0,0,0,0,0,0,0,17.9360070405183,0,0,0,51.7297375996908,0,53.9380719321115,0,0,0,28.5542049407959,0,0,0,3.44114820162455,0,4.39624507061756,0,0,0,0,0,5.24590729108691,0,0,0,4.80640542574521,18.7209843529595,0,25.7044550577799,0,0,0,8.55715026855469,0,6.82187795994887,0,29.5744930903117,0,0,0,0,0,24.0489979698544,0,0,0,11.4592769851685,22.0022096633911,13.5088184138378,0,0
7.58071502617427,0,10.1987942460845,0,4.84307927152385,0,0,0,10.0324606798791,0,0,0,3.48355031013489,0,4.3475611215713,0,13.7341549396515,0,51.4670961168077,0,0,0,0,0,13.6238786624028,0,8.21766928434372,0,0,0,0,0,0,0,0,0,31.8655642100743,0,32.7468180656433,59.3810615539551,42.8071310255263,0,39.4338234795464,0,0,0,33.8213011833929,48.9581413269043,14.1323422424255,0,3.63710265138031,0,0,0,5.49705748558044,0,6.88698317431196,0,5.08321311350526,0,0,0,0,35.3161177751495,0,0,0,16.2211715153285,0,5.42316839285195,0,0,0,41.0990831851959,0,0,0,0,81.6263580322266,42.0992514504327,79.4279937744141,53.1415462493896,30.5869477288476,37.3961963653564,24.7830930996444,0,0
0,3.13565031687419,0,8.33819554448128,0,3.66699018081029,0,0,0,4.01622663906642,0,0,0,3.59647154808044,0,2.9748304936944,0,0,115.430000305176,0,0,0,0,2.95939254760742,0,3.29967126846313,0,0,0,0,0,0,0,0,0,31.4515857696533,0,0,0,44.9001226425171,0,47.2208263079325,0,33.9905738830566,0,33.8154424031576,54.5327835083008,0,0,9.75691747665405,0,0,0,0,0,5.10774607774688,0,23.1378335952759,0,4.80640542574521,0,0,0,0,0,0,6.46700477600098,0,3.99265388232559,0,3.95991325378418,0,42.3038902282715,0,0,0,0,0,53.0452198028564,0,45.0377168655396,0,21.5276039692394,21.8931837081909,21.5390822604151,0,0
0,36.3750495910645,0,22.2990821429661,0,7.68842653739147,0,0,0,0,0,3.66448760670137,0,0,0,0,0,86.6259907313756,50.1594263359352,4.96787019604826,0,0,0,0,0,0,0,0,0,0,0,0,0,0,0,7.51641288667629,0,10.366655737559,0,19.282398749206,0,33.0882853577469,62.5708999633789,30.8188735961914,0,10.9712375558125,0,0,75.4237594604492,0,0,13.6716001033783,0,0,0,41.0621643066406,0,9.98438374635304,0,18.7209843529595,0,0,0,0,0,0,0,0,0,0,21.5332934856415,0,17.6312045443421,0,0,0,0,0,9.03603024373249,0,17.4839582433014,0,7.82780956829849,0,11.8292429576134,62.2701568603516,0
43.9494641621908,0,37.3759672376845,0,0,0,0,0,42.3240661621094,0,9.14848162911155,0,24.2267818450928,0,48.8838405609131,0,83.0220036660471,90.6648305257161,51.0493063728015,0,9.62641865291867,0,0,0,0,0,0,0,0,0,0,0,0,0,0,0,15.557104872561,0,17.0338737998448,89.4779739379883,18.9919738416319,80.8047733306885,29.5643061571828,0,33.5329233805339,70.6770782470703,17.2559864827387,0,44.4698896275626,0,13.472348465639,0,0,0,36.5070954163869,0,27.4981211928965,0,28.3540187037994,0,35.3161177751495,0,0,0,0,0,0,0,0,37.0529022216797,0,45.1678409576416,0,43.7300069423822,0,0,0,0,100.279569625854,19.2556313663042,104.320696512858,29.8059625318798,34.6680867988052,43.3081932067871,25.8134735439358,56.8937721252441,53.2018225533622
0,0,0,0,0,0,0,0,0,0,0,0,0,0,0,0,0,4.07294995444162,0,0,0,6.32214555292237,6.04251450300217,3.31970184189933,0,4.88529430902921,0,3.55512460072835,0,0,0,0,0,0,0,0,0,6.7099299484788,0,0,0,0,0,0,0,0,0,24.9781249364217,0,6.66471335154757,0,0,0,0,0,0,0,30.5806241716657,0,25.7044550577799,0,0,0,0,0,0,3.22068879008293,0,3.98317496496088,0,7.98926775863296,0,0,0,0,0,0,0,0,0,7.90766855723051,0,6.07366314404447,0,0,0,0
0,0,0,0,0,0,0,0,0,0,0,0,0,0,0,0,0,0,0,0,0,2.96437521414323,4.3676014905693,0,5.59786048432191,0,5.01318678855896,0,0,0,0,0,0,0,0,0,0,0,8.50190737073014,0,0,0,0,0,0,0,0,0,3.46743383306138,0,0,0,0,0,0,0,0,0,0,0,0,0,0,0,0,0,0,4.1138781454505,0,3.5713964770822,0,7.72517785205636,0,0,0,0,0,0,0,0,0,10.1540048963591,4.77826087428074,0,0,0,0
0,6.51557588577271,0,0,0,0,0,0,0,5.11595151092433,0,0,0,0,0,0,0,16.4943814873695,0,0,0,4.16603702969021,0,4.21566350281902,0,3.29764763514201,0,0,0,0,0,0,0,0,0,0,0,5.31636372595153,0,0,0,0,0,0,0,0,0,0,0,4.52275961637497,0,0,0,0,0,4.58008063696568,0,0,0,0,0,6.46700477600098,0,0,3.22068879008293,0,0,0,4.73065200835298,0,0,0,0,0,0,0,0,0,0,0,5.41119849918325,0,4.61587362195931,0,2.80759199460348,0,0
10.1665142059326,0,0,0,0,0,0,0,6.08830018423818,0,0,0,0,0,12.7382633375085,0,0,0,0,0,0,0,10.8987114646218,0,3.89254495956445,0,5.58435625500149,0,0,0,0,0,0,0,0,0,0,0,7.29804177536155,0,0,0,0,0,0,0,0,0,3.91629902294704,0,0,0,0,0,4.31118886087843,0,0,0,0,0,16.2211715153285,0,0,0,0,4.1138781454505,0,0,0,3.22943019866943,0,0,0,0,0,0,0,0,0,0,0,10.0738260461817,6.2956099375239,0,4.20785999298096,0,0
0,0,0,0,0,0,0,0,0,0,0,0,0,0,0,0,0,9.21273472905159,0,0,0,7.61561473210653,0,5.01757139112891,0,4.47506932545734,0,3.24591232499769,0,0,0,0,0,0,0,0,0,12.2085828781128,0,0,0,0,0,0,0,0,0,0,0,3.90328627366286,0,0,0,0,0,0,0,0,0,8.55715026855469,0,3.99265388232559,0,0,3.98317496496088,0,4.73065200835298,0,0,0,6.45359334121447,0,0,0,0,0,0,0,0,0,0,0,3.88869725612172,0,3.27257144451141,0,0
19.3344497680664,0,0,0,0,0,0,0,7.10197448730469,0,0,0,10.0917406506637,0,7.02608317865742,0,0,0,0,0,0,0,0,0,3.11687159538269,0,4.37111195531385,0,3.35975798438577,0,0,0,0,0,0,0,0,0,0,0,77.4430847167969,0,42.7783368428548,0,0,0,36.0673519770304,0,3.89885864939008,0,0,0,0,0,0,0,4.65023422241211,0,11.2094786533943,0,5.42316839285195,0,0,37.0529022216797,0,3.5713964770822,0,3.22943019866943,0,0,0,4.00217947567979,0,0,0,0,0,0,0,45.8694305419922,0,0,31.0371589660645,0,42.0643803278605,0,0
0,30.431791305542,0,32.2286062240601,0,49.9636421203613,0,0,0,38.9220314025879,0,0,0,10.2910945976482,0,0,0,0,52.4154808044434,0,0,9.03068949624057,0,0,0,7.6837678319878,0,4.63098531255823,0,7.40572457332688,0,0,0,0,0,0,0,11.7439268790659,0,60.4296875,0,26.400604195065,0,0,0,41.5567383575439,0,29.0614595413208,0,8.02374850063149,0,45.459716796875,0,0,0,39.1887435913086,0,8.75598517199925,0,6.82187795994887,0,3.95991325378418,21.5332934856415,0,7.98926775863296,0,0,0,6.45359334121447,0,0,0,6.43345538743943,0,0,0,0,0,61.7777488708496,0,6.24347179278829,0,34.9706882808519,36.3485412597656,21.5324687509537,19.0082099437714,0
16.8506736755371,0,24.5615630149841,0,0,0,0,0,20.1376037597656,0,0,0,9.5120085477829,0,0,0,0,0,38.8391218185425,0,49.0569625854492,0,2.96590089797974,0,0,0,4.35687343279521,0,4.15124167043771,0,5.83293509651238,0,0,0,0,0,47.4890098571777,0,16.2892758051554,0,53.0292799813407,58.1798191070557,24.8102595864273,0,0,0,36.7437788921854,0,8.84396342658997,0,0,0,0,0,0,0,5.32432670843217,0,9.49688790795582,0,0,0,0,45.1678409576416,0,7.72517785205636,0,0,0,4.00217947567979,0,0,113.567962646484,4.68815223717775,0,0,0,0,0,48.7765480432755,0,6.08405966672423,27.5644281864166,0,31.2576702322279,0,0
0,30.9885845184326,65.8731460571289,29.3483450026739,0,41.6977119445801,0,0,0,40.8944614955357,0,11.873365918124,0,0,0,0,65.8434143066406,62.883617401123,38.8375944062775,7.47274041175842,0,0,0,0,0,0,0,7.78201095838296,0,6.1175375783714,0,0,0,0,0,0,0,4.19961543459641,0,49.2493953980462,81.6821517944336,22.2013508759684,87.3375549316406,33.5192527770996,53.9103546142578,34.9355198298153,64.2652969360352,0,95.6462097167969,10.0054639909685,0,42.5714311599731,0,0,0,42.0353244434704,0,8.33528475012118,0,29.5744930903117,0,42.3038902282715,17.6312045443421,0,0,0,0,0,0,0,6.43345538743943,113.567962646484,0,0,0,0,0,0,60.213064966975,94.3247833251953,5.71403564969699,0,33.1357716789246,34.237352265252,22.0306283220953,24.5431213282576,0
33.2234001159668,0,30.0830670633624,0,42.3221397399902,0,0,0,21.0291839327131,0,8.05188990821523,0,0,0,0,0,69.7250989278158,78.4816277821859,41.9051426264865,0,49.4988388610336,0,0,0,0,0,0,0,8.97469595562328,0,5.30962288364107,0,0,0,0,0,52.8847255000362,0,7.01072428171025,86.2798404693604,49.7125040463039,63.2550010681152,25.3128705870236,0,37.7048454284668,72.5663738250732,41.5833741686237,0,18.2241190788672,77.3569869995117,39.2182210286458,0,0,0,39.2758483886719,0,8.900397347533,0,30.3405839746649,0,41.0990831851959,0,0,43.7300069423822,0,0,0,0,0,0,0,4.68815223717775,0,0,0,0,0,0,89.7361053466797,51.7475836127996,91.9987945556641,6.16371825895129,28.030251982445,0,26.5776229752914,0,26.807457397724
0,0,0,0,0,0,0,0,0,0,0,0,0,0,0,0,0,0,0,0,0,0,0,0,0,0,0,0,0,0,0,5.03662199358786,0,0,0,18.7528520425161,0,0,0,0,0,0,0,0,0,0,0,8.61164356406179,0,0,0,0,0,0,0,0,0,0,0,0,0,0,0,0,0,0,0,0,0,0,0,0,0,0,0,0,0,0,26.821087848181,22.1978950500488,0,0,4.01463413238525,0,0,0,0
0,0,0,0,0,0,0,0,0,0,0,0,0,0,0,0,0,0,0,0,0,0,0,0,0,0,0,0,0,0,0,16.4940074920654,5.62661686082606,0,5.60211785634359,0,3.77098356021775,0,0,0,0,0,0,0,0,0,0,8.77549812097228,8.16503661870956,0,0,0,0,0,0,0,0,0,0,0,0,0,0,0,0,0,0,0,0,0,0,0,0,0,0,0,0,4.42619113548129,0,13.1819586452396,0,0,5.13042705059051,0,0,0,0
0,0,0,0,0,0,0,0,0,0,0,0,0,0,0,0,0,0,0,0,0,0,0,0,0,0,0,0,0,0,0,0,0,4.20470106288693,5.02133899114349,4.04398651950615,0,0,0,0,0,0,0,0,0,0,0,7.3135349191547,0,6.45853543281555,0,0,0,0,0,0,0,0,0,0,0,0,0,0,0,0,0,0,0,0,0,0,0,0,0,0,0,0,6.7023868560791,0,0,0,4.14202874501546,0,0,0,0
0,0,0,0,0,0,0,0,0,0,0,0,0,0,0,0,0,0,0,0,0,0,0,0,0,0,0,0,0,0,0,0,2.73289656639099,7.3464827971025,5.87355004780004,0,8.5578616472391,0,5.42962118999378,0,0,0,0,0,0,0,0,5.75965914825084,8.11667762483869,0,0,0,0,0,0,0,0,0,0,0,0,0,0,0,0,0,0,0,0,0,0,0,0,0,0,4.42619113548129,0,0,0,3.97520287707448,0,5.62677297131315,6.36410333247895,3.63600155886482,0,0,0
