0,0,0.00887266840488913,0,0,0,0,0,0.0410856479705519,0,0,0,0,0,0,0,0.000193095529531433,2.7450725173391e-05,0.00411549776793032,0,0,0,0,0,0,0,0,0,0,0,0,0,0,0,0,0,0,0,0,0,0.000245691736643931,0,0.00540807821147521,0,0,0,0,0,0.00759697966858429,0,0,0,0,0,0.0380041757588599,0,2.79970961739387e-05,0,0,0,0.0118412385294198,0,0,0,0,0,0,0,0,0,0,0,0,0,0,0,0,0,8.83545582342533e-07,3.20177530735374e-05,0,0,0.000672482730517938,1.83927064829732e-06,0.0120167261511542,0,0.00118027345743827
0,0,0,0.00426712454697654,0,0,0,0,0,0.0517524809085111,0,0,0,0,0,0.000437266795889346,4.88195847156295e-06,0,0.00114114513910939,0,0,0,0,0.000186859730999477,0,0,0,0,0,0,0,0,0,0,0,0,0,3.48106195275249e-05,0,0,0,0.0153636957630785,0,0,0,0,0,8.80271023918304e-05,0,0.0171817063863095,0,0,0,0,0,0.0257096696808237,0,1.55292132168669e-05,0,0,0,0.00619381875894877,0.000153391607057404,0,0,0,0.010510600343243,0,0,0,0,0,0.000126215134623761,0,0,0,0,0,0.000101983643471764,0,0,0,0.000460366247242308,1.21180499531337e-05,0.0123458494384876,0,0
0.00887266840488913,0,0,0.000478321801576555,0.0287915984076315,0.00017079961440246,0,0,0.0479389559208948,0,0,0,0,0,0,0,0,2.7690163494903e-06,0.000203132909794835,0,0,0,0,0,0,0,0,0,0,0,0,0,0,0,0,0,4.04685523727767e-05,0,0,0.000123098937973186,0.000546399551082669,8.07353497309675e-05,0.00972384087292196,0,0,1.34819487467941e-05,0.000120305368762658,0,0.00357273881417826,1.98147551592716e-05,0.0155573651165644,0,0,0,0.0446738570298081,0,0.000564452077080812,5.76485242429884e-05,0.00199612755829786,0,0.00340114901592804,0,0.000100970011961019,0.000466661611903774,0,0,0,0,0,0,0,0,1.89341719904104e-05,0.000276763024324472,0,0,0,0,0,0.000119835035674798,0,5.66933172243929e-05,0.000608927531478224,3.62802006177347e-05,0.0174210607114816,0,0.00106109121349796
0,0.00426712454697654,0.000478321801576555,0,0,0.0249849040651255,0,0,0,0.0254159589894807,0,0,0,0,0,0,0,5.75192511590288e-06,0.000452999460501634,0,0,0,0,0,0,0,0,0,0,0,0,0,0,0,0,0.000190134286336431,0,3.06520325048977e-06,0,0.00262672936417166,0.000614189496941096,0.00996855102574961,0.000283560759302885,0,0,0.00172037978155891,0.000195234938437876,0,8.30237289927452e-06,0.00981575391903426,3.31054765138504e-05,0.00357064624107229,0,0,0,0.063092210377097,0.000138183161145512,0.00550504231204211,0,0.00237899765859676,3.29143334045639e-05,0.0236507992864529,0.00180285388313579,0.000316950848359563,0,0,0,0,0,0,0,0,0.00211001034154706,2.50458618082467e-05,0,0,0,0,0.000638284449954177,2.15389166574535e-05,8.70844297948222e-05,0,0.000521049519688508,3.74955262405589e-06,0.0177912910026543,0.00178291185925884,0
0,0,0.0287915984076315,0,0,0,0,0,0.0116987765346643,0,0,0,0,0,0,0,0,0,0.000117023188464725,0,0,0,0,0,0,0,0,0,0,0,0,0,0,0,0,0,0.000148802059261757,0,0,0,0,0,0.00164933159167201,0,0,0,0.000168172994702648,0,0.000187907658914878,0,0.0342632820923886,0,0,0,0.00184561214569956,0,0.000408280060951095,0,0,0,0,0,0,6.96331722818847e-05,0,0,0,0,0,0,0,0,0,0,0,0,0,0,1.5398353863956e-06,9.51482301142974e-05,0,0,0.000445590546989907,6.71003869009206e-07,0.00651441244883827,0,0
0,0,0.00017079961440246,0.0249849040651255,0,0,0,0,0,0.0296003271261514,0,5.54137979314298e-05,0,5.6205037253676e-05,0,0.00445440555654009,0,0,9.55133508522259e-05,0,0,0,0,0,0,0,0,0,0,0,0,0,0,0,0,0.000145358767214853,0,0,0,0.000723992947922708,0,0.00131618304087817,0,0,0,0.000844029139002254,0,0,0,0.000614721866719474,0,0.0645860756960587,0,0,0,0.00714340627789676,0,0.000910973722727251,0,0.000100569323638914,0,3.04893119231053e-05,0.000458300489991622,0,0,0,0,0,0,0,0,0,0.000111706500341632,0,0,0,0,0,0.000261236884361012,0,6.6774782141789e-05,0,0.00107572020551077,0,0.0054306398283908,0,0
0,0,0,0,0,0,0,0,0,0,0,0,0,0,0,0,0,0,0,0,0.00471238306820496,0,0,0,0,0,0,0,0,0,0,0,0,0,0,0,0,0,0,0,0,0,0,0,0,0,0,0,0,0,0,0,0.029941223874675,0,0,0,0,0,0,0,0,0,0,0,0,0,0,0,0,0,0,0,0,0,0,0,0,0,0,0,0,0,0,0,0,0,0
0,0,0,0,0,0,0,0,0,0,0,0,0,0.000653265627856284,0,0,0,0,0,0,0,0,0,0,0,0,0,0,0,0,0,0,0,0,0,0,0,0,0,0,0,0,0,0,0,0,0,0,0,0,0,0,0,0.0701970556217236,0,0,0,0,0,0.0201048312325555,0,0,0,0,0,0,0,0,0,0,0,0,0,0,0,0,0,0,0,0,0,0,0.000255738391572106,3.77714050846551e-05,0,0,0
0.0410856479705519,0,0.0479389559208948,0,0.0116987765346643,0,0,0,0,0,0,0,0,0,0.00996991529538659,0,0.00388057861307079,0.00134610958252374,0.00092402241018017,0,0,3.92569003188558e-06,0,0,0.00602170877355226,0,0,0,0,0,0,0,0,0,0,0,0,0,0.000351618742091152,1.51304357774977e-05,0,0,2.0452582584591e-05,0,0,0,7.38084813734952e-05,0,0.00161055333826461,0,0.00689035699993144,0,0,0,0.2310389825605,0,0,0,0,0,0.011944278792422,0,2.26710473362167e-05,0,0,0,0,0.0153081997774987,0,0.000875329457854927,0,0,0,0,0,0,0,0,6.91040049263832e-06,0,0,0.000258426986054286,0.00218161514866385,0,0.00122037929699709,0,0
0,0.0517524809085111,0,0.0254159589894807,0,0.0296003271261514,0,0,0,0,0,0,0,0,0,0.0106045414473149,0.000109077867441642,0.000881072958326317,3.2292455311704e-05,0,0,0,0,0.00627739925788089,0,0,0,0,0,0,0,0,0,0,0,0,0,1.6854965708816e-06,0,0,0,0.000986468386471148,0,0,0,0,0,1.42704719751507e-05,0,0.00554424718153108,0,0.000165717615884339,0,0,0,0.0602505164896249,0,0.000313982361976107,0,0,0,0.00468624099629937,0,0,0,0,0.000581493075426331,0,0,0,0,0,0.000105945077090462,0,0,0,0,0,2.24648605324208e-05,9.34651167167321e-07,2.34916333814356e-06,0,0.00439688515660556,0,0.0017282449896555,0,0
0,0,0,0,0,0,0,0,0,0,0,0,0.000486897472600445,0,0,0,0,0,0,0,0.00857404549549288,0,0,0,0,0,0,0,0,0,0.000146931552376084,0,0,0,0,0,0.00217820572884056,0,0.00593675919752479,0,0,0,0,0,0,0,4.5738161926912e-05,0,0,0,0,0,0,0,0,0,0.0145009520840858,0,0.00360447327275581,0,0,0,0,0.000460863794595971,0,0,0,0,0,0,0,0,0,4.6388041391324e-05,0,0,0,0,0,3.14001567433535e-05,0,0.000273966215758913,3.62550743724229e-05,0,4.48948598801802e-06,0,0
0,0,0,0,0,5.54137979314298e-05,0,0,0,0,0,0,0,0.0233535052126321,0,0,0,0,0,0.0216117980107151,0,0,0,0,0,0,0,0.000204506115551056,0,5.30763666942841e-05,0,0,0,0,0,0.00308224600957935,0,0.0156821768759056,0,0,0,0,0,0,0,0,0,0,0,0,0,0.000368035431569108,0,0,0,0,0,0.0546933553218891,0,0.0563394101197935,0,0,0.0039312596215945,0,0,0,0,0,0,0,0,0,0.000942919013871606,0,0,0,0,0,0,0,0.000488440839965016,0,0.000518397948885253,0,0,0,0
0,0,0,0,0,0,0,0,0,0,0.000486897472600445,0,0,0,0.00347191164821766,0,0,0,0,0,0,0,0,0,0,0,0,0,0,0,0,0,0,0,0,0,0,0,0,0,0,0,0,0,0,0,0,0,0,0,0,0,0,0,0,0,0,0,0.00562517924756164,0,0.00237493549185575,0,0,0,0,0,0,0,0,0,0,0,0,0,0,0,0,0,0,0,0,0,2.90235914866858e-05,0.000834208159323453,0,0,0
0,0,0,0,0,5.6205037253676e-05,0,0.000653265627856284,0,0,0,0.0233535052126321,0,0,0,0.0176311448530133,0,0,0,0,0,0,0,0,0,0,0,0,0,0,0,0,0,0,0,0,0,0,0,0,0,0,0,0,0,0,0,0,0,0,0,0,0,0,0,0,0,0,0,0.0533168460959539,0,0,0,0,0,0,0,0,0,0,0.00334296895430033,0,0,0,0,0,0,0,0,0,0,0,0.00156208768060757,0.00283245443970522,0,0,0
0,0,0,0,0,0,0,0,0.00996991529538659,0,0,0,0.00347191164821766,0,0,0,0.00130166603101273,0,0,0,0,0,0,0,0,0,0,0,0,0,0,0,0,0,0,0,0,0,0,0,0,0,0,0,0,0,0,0,0,0,0,0,0,0,0.0121971246052307,0,0,0,0.00200913038136121,0,0.0500633971775649,0,0,0,0,0,0,0,0,0.00353969268451089,0,0,0,0,0,0,0,0,0,0,0,0,0.000264898655324479,0,0,0,0
0,0.000437266795889346,0,0,0,0.00445440555654009,0,0,0,0.0106045414473149,0,0,0,0.0176311448530133,0,0,0,0.000257113575879667,0,0,0,0,0,0,0,0,0,0,0,0,0,0,0,0,0,0,0,0,0,0,0,0,0,0,0,0,0,0,0,0,0,0.00176767543280887,0,0,0,0.00207624494512243,0,0,0,0,0,0.0181509777812753,0,0,0,0,0,0,0.000146559173385026,0,0,0,0,0,0,0,0,0,0,0,0,0,0.00105752082540174,0.000107258006098271,8.68757226128031e-06,0,0
0.000193095529531433,4.88195847156295e-06,0,0,0,0,0,0,0.00388057861307079,0.000109077867441642,0,0,0,0,0.00130166603101273,0,0,0.159965045961336,0.0812272757861187,0,0,0.000596360433949854,0.000880854148514122,0,0.000541162550219599,0.000100872349731514,0.00663866258497404,0,0,0,0,0,0,0,0,0,0,0,0,0.000401915231590339,0.0005972658138803,0.000272399911843522,0.000474567199723746,6.92494476142594e-05,0,4.80091258807485e-05,4.51059742447683e-05,0,3.21513485702485e-05,0,0,0,0,0,0,6.15007744480818e-06,4.56051057055279e-06,2.59812592261635e-05,0,0,0.000139284205302828,2.76821468714467e-05,0.000364461036387944,0.000518152601946938,0,0,0,0,5.25313336551113e-05,0.000585078253511693,0,0,2.96659525178092e-05,3.20626477187105e-06,0,0,0,0,0.000511483859882962,0.000725774938752328,1.34639819580061e-05,4.24000671404409e-05,0.0226081612480394,0.0265166044215325,0.0012867526375485,9.22223686794055e-06,0
2.7450725173391e-05,0,2.7690163494903e-06,5.75192511590288e-06,0,0,0,0,0.00134610958252374,0.000881072958326317,0,0,0,0,0,0.000257113575879667,0.159965045961336,0,0.0876066413402339,0,0,0.00685187434246303,0,0.000939207091521135,0.00061149794772926,0.0187026289852427,8.00487196232352e-05,0,0,0,0,0,0,0,0,0,0,0,0,0.000596381435503292,0.000300054736817455,0.00040791522837648,0.00030275452873767,8.0559363040649e-05,0,6.53834709638787e-06,2.22281709842738e-05,0,0,0,0,0,0,0,0,0.000243066738728867,6.97219065987623e-06,4.98291286506931e-05,0,0,0,0.000793617734637192,0.000479876437672349,0.000371108892968768,0.00174130353074501,0,0.000461830976428154,0,0.0078982936734556,0,0,0,4.99578385685962e-05,2.63789843578922e-06,0,0,0,0,0.000569475335483165,0.000431359699530279,2.59572144273957e-05,5.09968923840255e-05,0.0251853813038154,0.0492132684719887,0.000907475169035035,0.000125885889400115,0
0.00411549776793032,0.00114114513910939,0.000203132909794835,0.000452999460501634,0.000117023188464725,9.55133508522259e-05,0,0,0.00092402241018017,3.2292455311704e-05,0,0,0,0,0,0,0.0812272757861187,0.0876066413402339,0,0,0.000224045097672997,6.77485029149591e-05,0,0,0.00016761421920279,0.00018861974435068,0,0,0,0,0,0,0,0,0,3.62311710769197e-06,0,0,5.57378603187645e-06,0.0225549169676805,0.0211391718660228,0.0166312510257592,0.0162368942688672,0.00075020848350828,0,0.000755188057523072,0.00155448539455487,0,0.000713447627307114,5.36582754113779e-05,0,0,0,0,0,0,0.000314145128775903,0.00236809237372264,0,0,0,0,0.0119304078216206,0.014155208846188,0,0,0,0,4.35750902151649e-05,0,0,0,0.00332367762172685,5.34600634745456e-05,0,0,0,0,0.0185978828511025,0.0155153407093515,0.00229929591198592,0.00145105332465122,0.020277915367482,0.000838462711928291,0.0508107078663337,0.00323420761838882,0.000893936877784169
0,0,0,0,0,0,0,0,0,0,0,0.0216117980107151,0,0,0,0,0,0,0,0,0,0,0,0,0,0,0,0,0,0,0,0,0,0,0,0.00850183852896249,0,0.001030155458298,0,0,0,0,0,0,0,0,0,0,0,0,0,0,0,0,0,0,0,0.0050555579710631,0,0,0,0,0.043790768590303,0,0,0,0,0,0,0,0,0,0,0,0,0,0,0,0.000275763046454214,0,0.000367292073414088,0,0.000134143777981522,0,4.32451737041018e-05,0,0
0,0,0,0,0,0,0.00471238306820496,0,0,0,0.00857404549549288,0,0,0,0,0,0,0,0.000224045097672997,0,0,0,0,0,0,0,0,0,0,0,0,0,0,0,0,0,0.0110182256221768,0,0.00202742384728707,1.80277516866269e-05,0,0,0.000134832718717038,0,0,0,0.000505580092165458,0,6.63683746253039e-06,0,0,0,0.00102540714759048,0,0,0,0.00248326199802063,0,0,0,0,0,0,0.0367242409085837,0,0,0,0,0,0,0,0,0,0.000169091517577264,0,0,0,0,0,0.0033228203986215,0,0.000628981459065638,0.000709727996958236,1.13261375843763e-06,0.000605766744247681,0,0
0,0,0,0,0,0,0,0,3.92569003188558e-06,0,0,0,0,0,0,0,0.000596360433949854,0.00685187434246303,6.77485029149591e-05,0,0,0,0.0116583778614658,0.00667608020795703,0,0.0178404362008768,0,0.00112068138411603,0,0,0,0,0,0,0,0,0,0.0116737363801623,0.000470532491895623,0,0,0,0,0,0,0,0,0,0,0,0,0,0,0,0,0,0,0,0,0,0,0,0,0,0.0269263836543982,0.00613564832660683,0.0026237524477652,0,0.00370712616913785,0,0.00104058290937946,0,0,0,0,0,0,0,0,9.75933854820534e-06,0.000657064653045325,0.000649467459098556,0.00552661806823483,0.00353461367386013,0,0,0
0,0,0,0,0,0,0,0,0,0,0,0,0,0,0,0,0.000880854148514122,0,0,0,0,0.0116583778614658,0,0,0.00667833453300632,0,0.0044598148913269,0,0.00304153345795146,0,0,0,0,0,0,0,0,2.99958909507744e-05,0.00894662849741176,0,0,0,0,0,0,0,0,0,0.000168319104954444,0,0,0,0,0,0,0,0,0,0,0,0,0,0,0,0.000516825837128794,0.0369566242438902,0,0.00108426715111274,0,0.00341660117491724,0,0.000451330069997146,0,0,0,0,0,0,0,0,0,0.00390862666079422,0.00282870232140077,0.000491240287772434,0,0,0
0,0.000186859730999477,0,0,0,0,0,0,0,0.00627739925788089,0,0,0,0,0,0,0,0.000939207091521135,0,0,0,0.00667608020795703,0,0,0,0.0541163311114226,0,0,0,0,0,0,0,0.000143531112541985,0,0,0,0.00408793365405482,0,0,0,0,0,0,0,0,0,0,0,0.000129877597627745,0,0,0,0,0,0.0221333214805161,0,0,0,0,0,0.000102793409931799,0,0,0.0068308060143057,0,0.134759486423824,0,0.0258448967599085,0,0,0,0,0,0,0,0,0,0,0,0.000980404829771677,0,0.0023617444964909,0.000145565738448508,0.00167454392652516,0,0
0,0,0,0,0,0,0,0,0.00602170877355226,0,0,0,0,0,0,0,0.000541162550219599,0.00061149794772926,0.00016761421920279,0,0,0,0.00667833453300632,0,0,0,0.0208816265940626,0,0,0,0,0,0,0,0,0,0,0,0.00312946052807859,0,0,0,0,0,0,0,0,0,0,0,0,0,0,0,0.00428215158762786,0,0,0,0,0,0.000122717605702417,0,0,0,0,0.00413539948107247,0,0.101445888896963,0,0.0724811905669366,0,0,0,0,0,0,0,0,0,0,0,0.00059050242484503,0.000781513561327472,0,0.000181541991516526,0,0
0,0,0,0,0,0,0,0,0,0,0,0,0,0,0,0,0.000100872349731514,0.0187026289852427,0.00018861974435068,0,0,0.0178404362008768,0,0.0541163311114226,0,0,0,0.00152025676799026,0,0,0,0,0,0,0,0,0,0,0,0,0,0,0,0,0,0,0,0,0,0,0,0,0,0,0,0,0,0,0,0,0,0,0,0,0.00700471387395026,0,0.00285121750325438,0,0.0313585343817785,0,0.000292316615577645,0,0,0,0,0,0,0,0,0,0,0,0.000101963136045576,3.71293155719565e-05,0,0,0
0,0,0,0,0,0,0,0,0,0,0,0,0,0,0,0,0.00663866258497404,8.00487196232352e-05,0,0,0,0,0.0044598148913269,0,0.0208816265940626,0,0,0,0.000870960328029469,0,0,0,0,0,0,0,0,0,0,0,0,0,0,0,0,0,0,0,0,0,0,0,0,0,0,0,0,0,0,0,0,0,0,0,0,4.51449626248995e-05,0,0.00390777609982111,0,0.00820922348708705,0,0,0,0,0,0,0,0,0,0,0,0,0.000267012984286609,0,0,0,0
0,0,0,0,0,0,0,0,0,0,0,0.000204506115551056,0,0,0,0,0,0,0,0,0,0.00112068138411603,0,0,0,0.00152025676799026,0,0,0,0.0353425789993975,0,0,0,0,0,0,0,0.000886890983905181,0,0,0,0,0,0,0,0,0,0,0,0,0,0,0,0,0,0,0,0,0,0.000368706266122705,0,0,0,0,0.00044988689987734,0,0,0,0.00117463488604293,0,0.0211069857153692,0,0.000905302921846995,0,0,0,0,0,0,0,0.0001888581483671,0,0.000531547183685661,0.00180381234501098,0,0,0
0,0,0,0,0,0,0,0,0,0,0,0,0,0,0,0,0,0,0,0,0,0,0.00304153345795146,0,0,0,0.000870960328029469,0,0,0,0.0313948991090448,0,0,0,0,0,0,0,0.00267680995017068,0,0,0,0,0,0,0,0,0,0,0,0,0,0,0,0,0,0,0,0,0,0,0,0,0,0,0,0,0,0,0,0,0.0132438227574253,0,0,0,0,0,0,0,0,0,0,0.000369299922803524,0.00063568774426942,0,0,0
0,0,0,0,0,0,0,0,0,0,0,5.30763666942841e-05,0,0,0,0,0,0,0,0,0,0,0,0,0,0,0,0.0353425789993975,0,0,0,0,0,0,0,0,0,0.00398772533198238,0,0,0,0,0,0,0,0,0,0,0,0,0,0,0,0,0,0,0,0.0010938200147125,0,0,0,0,0,0,0,0,0,0,0,0,0.0333664571175614,0,0.0164638644802813,0,0,0,0,0,0,0,0.000408997004216837,0,5.17360319145765e-05,0,0,0,0
0,0,0,0,0,0,0,0,0,0,0.000146931552376084,0,0,0,0,0,0,0,0,0,0,0,0,0,0,0,0,0,0.0313948991090448,0,0,0,0,0,0,0,0,0,0.00184125862618544,0,0,0,0,0,0,0,0,0,0,0,0,0,0,0,0,0,0.000148431029098513,0,0,0,0,0,0,0,0,0,0,0,0,0,0,0.0130378447943822,0,0.0227035262315577,0,0,0,0,0,0,0,0,0.00062453873936109,0,0,0,0
0,0,0,0,0,0,0,0,0,0,0,0,0,0,0,0,0,0,0,0,0,0,0,0,0,0,0,0,0,0,0,0,0.104023669839002,0.00486679311112144,0.00283812709961227,0.000858453595709429,0.0003907405065578,0,0,0,0,0,0,0,0,0,0,0.0889583112015963,0.000244988643896451,0.000975284070047918,0,0,0,0,0,0,0,0,0,0,0,0,0,0,0,0,0,0,0,0,0,0,0,0,0.124804285304803,0.0421679320768565,0.000545716309784736,0.000725532454837678,0.000911456445356069,0.000165974272368452,0,0,0.00197701874289944,0,0,0,0
0,0,0,0,0,0,0,0,0,0,0,0,0,0,0,0,0,0,0,0,0,0,0,0,0,0,0,0,0,0,0,0.104023669839002,0,0.00407120173662014,0.00248317506386614,2.09213401273156e-05,0.00109579699902586,0,0,0,0,0,0,0,0,0,0,0.0510285280496898,9.09278104602213e-05,0.000110049375963241,0,0,0,0,0,0,0,0,0,0,0,0,0,0,0,0,0,0,0,0,0,0,0,0,0.0165241296606876,0.0867294825082333,0,0.00190932325329228,0,0.00011006302333739,0,0,0.000569580287727621,0,0,0,0
0,0,0,0,0,0,0,0,0,0,0,0,0,0,0,0,0,0,0,0,0,0,0,0.000143531112541985,0,0,0,0,0,0,0,0.00486679311112144,0.00407120173662014,0,0.345965896270584,0.00807300891100399,0,0.00781836709395668,2.23391667258401e-05,0,0,0,0,0,0,0,0,0.0599145731773988,0.000975823641461244,0.000594533659739223,0,0,0,0,0,0,0,0,0,0,0,0,0,0,0,0,0.000504707813895205,0,0,0,0,0,0,0,0.00294434026483256,0.0016902516257428,0.114485459577829,0.0946365178331807,0.000733356600902231,0,0.00780301771606547,2.17702628676364e-06,0.000974761130059948,0,0,0,0
0,0,0,0,0,0,0,0,0,0,0,0,0,0,0,0,0,0,0,0,0,0,0,0,0,0,0,0,0,0,0,0.00283812709961227,0.00248317506386614,0.345965896270584,0,0,0.0079877230076298,0.000146671784162199,0.00223222216970484,0,0,0,0,0,0,0,0,0.0614911052434878,0.000156008719693041,0.000431667997455994,0,0,0,0,0,0,0,0,0,0,0,0,0,0,0,0,0,0,0,0,0,0,0,0,4.01804435368792e-05,0.000315811166325722,0.0378415393589904,0.143717599279271,6.48857667329139e-06,0.00037496255080228,3.09582126946216e-05,0.00282001146168723,0.000281437936782929,0,0,0,0
0,0,0,0.000190134286336431,0,0.000145358767214853,0,0,0,0,0,0.00308224600957935,0,0,0,0,0,0,3.62311710769197e-06,0.00850183852896249,0,0,0,0,0,0,0,0,0,0,0,0.000858453595709429,2.09213401273156e-05,0.00807300891100399,0,0,0.00307217067034411,0.00695895377572764,5.78273611250638e-05,0.000137175010669992,0,9.97878331747328e-06,0,0,0,0.000248234157764328,0,1.16838644082456e-05,0,0,0,8.11061173200956e-05,0,0,0,1.93382049696007e-06,0,0.0016976807425392,0,4.5617216315414e-06,0,6.85954890322903e-06,0.0100514668866217,0,0,0,0,0,0,0,0,0,0,0,0.00290222346635685,0,0.00844360969261059,0,0.0256756292272539,0.00194321729850971,0.000946387083265948,0,0.00142099616945689,1.05464048391398e-05,0.000660430353394757,0,0
0,0,4.04685523727767e-05,0,0.000148802059261757,0,0,0,0,0,0.00217820572884056,0,0,0,0,0,0,0,0,0,0.0110182256221768,0,0,0,0,0,0,0,0,0,0,0.0003907405065578,0.00109579699902586,0,0.0079877230076298,0.00307217067034411,0,0.000128923066058224,0.0131478619230842,0,4.14442975905606e-05,0,5.72453935461146e-05,0,0,0,0.00020122712690899,0.000176461522658677,0.000304582268405085,0,1.53645455947067e-05,0,0,0,4.1446514538305e-06,0,0.0019266344913389,0,1.55686841259579e-06,0,0,0,0,0.00987650723897963,0,0,0,0,0,0,0,0,0,3.04247042629349e-06,0.000144764631919102,0.00460829013766232,0,0.0062284606417169,0.00115349898696544,0.0311464716790338,0,0.0017522507864536,0.0014431200391578,4.77519824267077e-05,0.000527944144407724,0,0
0,3.48106195275249e-05,0,3.06520325048977e-06,0,0,0,0,0,1.6854965708816e-06,0,0.0156821768759056,0,0,0,0,0,0,0,0.001030155458298,0,0.0116737363801623,2.99958909507744e-05,0.00408793365405482,0,0,0,0.000886890983905181,0,0.00398772533198238,0,0,0,0.00781836709395668,0.000146671784162199,0.00695895377572764,0.000128923066058224,0,0.0119736645894419,0,0,0,0,0,0,0,0,0.00192562986169154,0,0.00180189184972929,0,0,0,0,0,0,0,0.00638132206066908,0,0,0,0,0.000290936463758599,0,0.00594299051530932,0,0.00222634399323097,0,0,0,0.0010558913327021,0,0.00178402322086457,0,0,0,0.00165178781773142,0.00143651840242031,0.00381670238365578,0,0.0480520075584654,0.00279908436392333,0.00119207960133204,0,0.00102236012858813,0,0
0,0,0,0,0,0,0,0,0.000351618742091152,0,0.00593675919752479,0,0,0,0,0,0,0,5.57378603187645e-06,0,0.00202742384728707,0.000470532491895623,0.00894662849741176,0,0.00312946052807859,0,0,0,0.00267680995017068,0,0.00184125862618544,0,0,2.23391667258401e-05,0.00223222216970484,5.78273611250638e-05,0.0131478619230842,0.0119736645894419,0,0,0,0,1.31495430908063e-05,0,0,0,3.28195891590473e-05,0.00278609034013687,0.00445084385402256,0,0,0,0,0,0.000198432824245394,0,0.00683892715640355,0,0,0,0,0,0,0.00207975833345444,0.000500022076723822,0.00769377303474195,0,0.00569080597223513,0,0,0,0.00117430863014023,0,0.00164958282515774,0,0,0,0.00190083876478022,3.40254156539019e-06,0.00227001386340846,0.00306332424881038,0.0510425821102205,0.00174539180310148,0,0.00271136625477567,0,0
0,0,0.000123098937973186,0.00262672936417166,0,0.000723992947922708,0,0,1.51304357774977e-05,0,0,0,0,0,0,0,0.000401915231590339,0.000596381435503292,0.0225549169676805,0,1.80277516866269e-05,0,0,0,0,0,0,0,0,0,0,0,0,0,0,0.000137175010669992,0,0,0,0,0.000512935991513458,0.05490281944069,0.000248004774402509,0.000219319616924511,0,0.000804455172516993,0.000112045653446598,6.84952345078108e-05,0,0.0173852117598052,0,0.000305973971928659,0,0,0,0,7.33357997234927e-05,0.000724623524112964,0,0,0,0.000172078398024198,0.003435695350204,0.000409165519437563,0,0,0,0,0,0,0,0,0.000793148115040446,4.26711323091606e-05,0,0,0,0,0.00440104589819039,0.000243696988939929,0.000270625542188439,2.92049922155814e-05,0.000503953218079915,5.26826990817792e-06,0.0111069694466678,0.0093966313070895,0
0.000245691736643931,0,0.000546399551082669,0.000614189496941096,0,0,0,0,0,0,0,0,0,0,0,0,0.0005972658138803,0.000300054736817455,0.0211391718660228,0,0,0,0,0,0,0,0,0,0,0,0,0,0,0,0,0,4.14442975905606e-05,0,0,0.000512935991513458,0,0.000194070353515425,0.0317781519661134,0,0,0.000314132438422976,0.00101195336228109,0,0.0102451156555308,6.89396640381377e-05,2.20685694511101e-05,0,0,0,0,1.4184056773294e-05,0.000126117095699782,0.000117457955373677,0,0,0,0,0.000451731382663816,0.00427731999697185,0,0,0,0,0,0,0,0,8.994618075378e-06,0.00151470531570134,0,0,0,0,8.04157792973607e-05,0.00387445705105328,0,0.000970721111751213,0.000211999843318505,1.77980991540123e-05,0.0130369845753073,1.37044306139151e-05,0.00916022295214139
0,0.0153636957630785,8.07353497309675e-05,0.00996855102574961,0,0.00131618304087817,0,0,0,0.000986468386471148,0,0,0,0,0,0,0.000272399911843522,0.00040791522837648,0.0166312510257592,0,0,0,0,0,0,0,0,0,0,0,0,0,0,0,0,9.97878331747328e-06,0,0,0,0.05490281944069,0.000194070353515425,0,0.00421329039321077,2.51987054545298e-05,0,0.00146709867722539,9.26176577479576e-05,0.000288923104072833,1.8768894171598e-05,0.0246422651569992,7.20316711264653e-06,5.57797185771361e-05,0,0,0,0.00276337687100886,2.38732548659688e-05,0.00999342790876085,0,4.21190451520235e-05,0,0.00150989700638636,0.0217035860651381,0.000361885631302788,0,0,0,0,0,0,0,0,0.0221404592589053,4.57662805297123e-06,0,0,0,0,0.00841478899740065,0.000243891217565195,0.000735615355822981,2.10099016155332e-05,0.00535279762146528,3.35439988829458e-06,0.072001469334269,0.0196235095095545,8.13019784489787e-06
0.00540807821147521,0,0.00972384087292196,0.000283560759302885,0.00164933159167201,0,0,0,2.0452582584591e-05,0,0,0,0,0,0,0,0.000474567199723746,0.00030275452873767,0.0162368942688672,0,0.000134832718717038,0,0,0,0,0,0,0,0,0,0,0,0,0,0,0,5.72453935461146e-05,0,1.31495430908063e-05,0.000248004774402509,0.0317781519661134,0.00421329039321077,0,0,0,3.57173273632736e-05,0.00292881921936445,0.00163139380467914,0.012480931736068,3.25064223000057e-05,0.000387684937992574,0,0,0,0.000918120933097572,0,0.00365664411151603,4.49983514877613e-05,0.000423584611933397,0,0.00167582853705726,1.66429694798792e-05,0.000205152090643694,0.0304468410808866,0,0,0,0,0,0,0,0,3.13162658704486e-05,0.000138817282609622,0,0,0,0,0.000250318138552771,0.0123348994736822,4.16225411161897e-06,0.000851335263025829,0.0061832073224557,0.000428054804591225,0.0963167326985135,0,0.0383632071146421
0,0,0,0,0,0,0,0,0,0,0,0,0,0,0,0,6.92494476142594e-05,8.0559363040649e-05,0.00075020848350828,0,0,0,0,0,0,0,0,0,0,0,0,0,0,0,0,0,0,0,0,0.000219319616924511,0,2.51987054545298e-05,0,0,0,0,0,0,0,0,0,0,0,0,0,0,0,0,0,0,0,0,0.000312681417157164,1.11027362546959e-05,0,0,0,0,0,0,0,0,0,0,0,0,0,0,0.000237933891759648,1.32623048738006e-06,3.45255878572085e-05,0,1.16686377182271e-05,0,0.000392559197210331,0,0
0,0,0,0,0,0,0,0,0,0,0,0,0,0,0,0,0,0,0,0,0,0,0,0,0,0,0,0,0,0,0,0,0,0,0,0,0,0,0,0,0,0,0,0,0,0,0,0,0,0,0,0,0,0,0,0,0,0,0,0,0,0,0,0,0,0,0,0,0,0,0,0,0,0,0,0,0,0,0,0,0,0,0,0,2.88087876230987e-05,0,0
0,0,1.34819487467941e-05,0.00172037978155891,0,0.000844029139002254,0,0,0,0,0,0,0,0,0,0,4.80091258807485e-05,6.53834709638787e-06,0.000755188057523072,0,0,0,0,0,0,0,0,0,0,0,0,0,0,0,0,0.000248234157764328,0,0,0,0.000804455172516993,0.000314132438422976,0.00146709867722539,3.57173273632736e-05,0,0,0,0,0,0,0.000421720940036287,9.93957339934237e-06,4.38061649953372e-05,0,0,0,1.63563009135817e-05,5.2092745668521e-05,0.000757754710218187,4.39096627966637e-06,0,0,0.000171487886474987,0.0483158207237304,2.366682996307e-05,0,0,0,0,0,0,0,0,0.000422132127128065,4.94785557018549e-06,0,0,0,0,0.0051417182369911,1.01767611312327e-05,0.00213091141568138,0,0.000126825248389582,0,0.0196806673472433,1.64530366915123e-05,0
0,0,0.000120305368762658,0.000195234938437876,0.000168172994702648,0,0,0,7.38084813734952e-05,0,4.5738161926912e-05,0,0,0,0,0,4.51059742447683e-05,2.22281709842738e-05,0.00155448539455487,0,0.000505580092165458,0,0,0,0,0,0,0,0,0,0,0,0,0,0,0,0.00020122712690899,0,3.28195891590473e-05,0.000112045653446598,0.00101195336228109,9.26176577479576e-05,0.00292881921936445,0,0,0,0,0.000123038544972791,0.000336229253649105,3.72889733980669e-05,0,0,0,0,0,0,0.000515477787308271,8.76842838434408e-05,0,3.85914391550017e-06,0,0,7.27910482621792e-05,0.0308867219855428,0,0,0,0,0,0,0,0,0,0.000978103473232989,0,0,0,0,2.24646366471166e-05,0.00579179734057618,0,0.00129501092497163,0.000287347541229797,4.10429816237931e-06,0.00620413272055132,0,1.16248410189645e-05
0,8.80271023918304e-05,0,0,0,0,0,0,0,1.42704719751507e-05,0,0,0,0,0,0,0,0,0,0,0,0,0,0,0,0,0,0,0,0,0,0.0889583112015963,0.0510285280496898,0.0599145731773988,0.0614911052434878,1.16838644082456e-05,0.000176461522658677,0.00192562986169154,0.00278609034013687,6.84952345078108e-05,0,0.000288923104072833,0.00163139380467914,0,0,0,0.000123038544972791,0,0.113773255898822,0.0442615250086924,0,0,0,0,0,0,0,0,0,0,0,0,0,0,0,1.67151265704863e-05,0,0,0,0,0,0,0,0,0.170600285049765,0.0705098106949814,0.00220213657634057,0.00599025613899557,0.00451404078846714,0.0116843344051706,0.00396124256481521,0.00789187312823988,0.0101443131466014,0,0.00935868981889378,0,0
0.00759697966858429,0,0.00357273881417826,8.30237289927452e-06,0.000187907658914878,0,0,0,0.00161055333826461,0,0,0,0,0,0,0,3.21513485702485e-05,0,0.000713447627307114,0,6.63683746253039e-06,0,0.000168319104954444,0,0,0,0,0,0,0,0,0.000244988643896451,9.09278104602213e-05,0.000975823641461244,0.000156008719693041,0,0.000304582268405085,0,0.00445084385402256,0,0.0102451156555308,1.8768894171598e-05,0.012480931736068,0,0,0,0.000336229253649105,0.113773255898822,0,0.0108398688056408,0.000120477060392071,0,0,0,0.00179334520263459,0,0.000988964908582117,8.1849010719041e-06,0.000180933527466422,0,0.00183640338936075,0,0,0.000896138106348436,0,0.00245849544364392,0,0.00207500933059019,0,0.00153862117849654,0,0.00310634077925338,0,0.000199993683140931,0,0.000788165500074196,2.79549770027709e-05,0,1.76889389976632e-06,0.00152881957197302,0,0.00610320597323898,0.00264338185232458,2.66162872423717e-05,0.0170716683882766,0,0.000265157284682343
0,0.0171817063863095,1.98147551592716e-05,0.00981575391903426,0,0.000614721866719474,0,0,0,0.00554424718153108,0,0,0,0,0,0,0,0,5.36582754113779e-05,0,0,0,0,0.000129877597627745,0,0,0,0,0,0,0,0.000975284070047918,0.000110049375963241,0.000594533659739223,0.000431667997455994,0,0,0.00180189184972929,0,0.0173852117598052,6.89396640381377e-05,0.0246422651569992,3.25064223000057e-05,0,0,0.000421720940036287,3.72889733980669e-05,0.0442615250086924,0.0108398688056408,0,0,2.28431828576134e-05,0,0,0,0.00933695951642562,5.58817998765199e-05,0.000131044454663291,0,0,0,0.00203414517493253,0.000570713540274595,0,7.09957599198883e-05,0,0.00253541580471572,0,0,0,0,0,6.69935412850689e-05,1.20245837332375e-05,0.000260091588381944,0.000424092929329621,7.34484215465527e-05,0,0.00236730853473843,1.0513879648306e-05,0.000940883778254234,0,0.00481385876656797,8.37627074529373e-06,0.020928655200462,0.000143473620821003,9.78823152783038e-06
0,0,0.0155573651165644,3.31054765138504e-05,0.0342632820923886,0,0,0,0.00689035699993144,0,0,0,0,0,0,0,0,0,0,0,0,0,0,0,0,0,0,0,0,0,0,0,0,0,0,0,1.53645455947067e-05,0,0,0,2.20685694511101e-05,7.20316711264653e-06,0.000387684937992574,0,0,9.93957339934237e-06,0,0,0.000120477060392071,0,0,0,0,0,0.00167573570954722,0,0.0119273854304073,0,0.00676099419583035,0,0.00015974301047067,0,0,2.90380516100967e-05,0,0,0,0,0,0,0,0,0,0,0,0,0,0,0,1.85213499566841e-05,0,0,0.000584546673164237,7.06289501868987e-07,0.00458268518448459,0,0
0,0,0,0.00357064624107229,0,0.0645860756960587,0,0,0,0.000165717615884339,0,0.000368035431569108,0,0,0,0.00176767543280887,0,0,0,0,0,0,0,0,0,0,0,0,0,0,0,0,0,0,0,8.11061173200956e-05,0,0,0,0.000305973971928659,0,5.57797185771361e-05,0,0,0,4.38061649953372e-05,0,0,0,2.28431828576134e-05,0,0,0,0,0,0,0,0.00314685089644566,0,0,0,0,2.25037417576684e-05,9.12731258403813e-06,0,0,0,0,0,0,0,0,0,0,0,0,0,0,3.84662478007247e-05,0,0,0,0.000207547740665865,0,0.000824329425098389,0,0
0,0,0,0,0,0,0.029941223874675,0,0,0,0,0,0,0,0,0,0,0,0,0,0.00102540714759048,0,0,0,0,0,0,0,0,0,0,0,0,0,0,0,0,0,0,0,0,0,0,0,0,0,0,0,0,0,0,0,0,0,0,0,0,0,0,0,0,0,0,0,0,0,0,0,0,0,0,0,0,0,0,0,0,0,0,0,0,0,3.25055248140416e-06,0,0,0,0
0,0,0,0,0,0,0,0.0701970556217236,0,0,0,0,0,0,0,0,0,0,0,0,0,0,0,0,0,0,0,0,0,0,0,0,0,0,0,0,0,0,0,0,0,0,0,0,0,0,0,0,0,0,0,0,0,0,0,0,0,0,0,0,0,0,0,0,0,0,0,0,0,0,0,0,0,0,0,0,0,0,0,0,0,0,2.28017697478605e-06,0,0,0,0
0.0380041757588599,0,0.0446738570298081,0,0.00184561214569956,0,0,0,0.2310389825605,0,0,0,0,0,0.0121971246052307,0,0,0,0,0,0,0,0,0,0.00428215158762786,0,0,0,0,0,0,0,0,0,0,0,4.1446514538305e-06,0,0.000198432824245394,0,0,0,0.000918120933097572,0,0,0,0,0,0.00179334520263459,0,0.00167573570954722,0,0,0,0,0,1.48491070400027e-05,0,1.85657836443008e-05,0,0.0992969270935001,0,0,1.04672596193888e-05,0,0,0,0.0624851794220903,0,0.00496862145584238,0,0,0,0,0,0,0,0,0,0,0,0.00182435041312156,0.000486580907778671,2.00995273603961e-06,0.00364527622394891,0,0.00019290742447833
0,0.0257096696808237,0,0.063092210377097,0,0.00714340627789676,0,0,0,0.0602505164896249,0,0,0,0,0,0.00207624494512243,6.15007744480818e-06,0.000243066738728867,0,0,0,0,0,0.0221333214805161,0,0,0,0,0,0,0,0,0,0,0,1.93382049696007e-06,0,0,0,0,1.4184056773294e-05,0.00276337687100886,0,0,0,1.63563009135817e-05,0,0,0,0.00933695951642562,0,0,0,0,0,0,0,9.78231953631518e-05,0,0,0,0.0313448539965696,6.69484583354515e-05,0,0,0,0.126475584616111,0,0.000117258699233042,0,0,0,2.23990548116092e-05,0,0,0,0,0,1.55994239335544e-05,0,1.06255249477031e-05,0,4.50930289135812e-05,0,0.00187083593933355,0,0
2.79970961739387e-05,0,0.000564452077080812,0.000138183161145512,0.000408280060951095,0,0,0,0,0,0.0145009520840858,0,0,0,0,0,4.56051057055279e-06,6.97219065987623e-06,0.000314145128775903,0,0.00248326199802063,0,0,0,0,0,0,0,0,0,0.000148431029098513,0,0,0,0,0,0.0019266344913389,0,0.00683892715640355,7.33357997234927e-05,0.000126117095699782,2.38732548659688e-05,0.00365664411151603,0,0,5.2092745668521e-05,0.000515477787308271,0,0.000988964908582117,5.58817998765199e-05,0.0119273854304073,0,0,0,1.48491070400027e-05,0,0,3.45831284293694e-05,0.00208745280577821,0,1.42013370943614e-05,0,2.6079282170526e-05,0.0373339319515027,0,0,0,0,0,0,0,0,0,0.00764043663469777,0,0,0,0,1.36501461796245e-05,0.000585141905062299,0,0.000163318559271494,0.000250267145235032,5.85224390521354e-07,0.00616699680871062,0,0.000440776623279332
0,1.55292132168669e-05,5.76485242429884e-05,0.00550504231204211,0,0.000910973722727251,0,0,0,0.000313982361976107,0,0.0546933553218891,0,0,0,0,2.59812592261635e-05,4.98291286506931e-05,0.00236809237372264,0.0050555579710631,0,0,0,0,0,0,0,0,0,0.0010938200147125,0,0,0,0,0,0.0016976807425392,0,0.00638132206066908,0,0.000724623524112964,0.000117457955373677,0.00999342790876085,4.49983514877613e-05,0,0,0.000757754710218187,8.76842838434408e-05,0,8.1849010719041e-06,0.000131044454663291,0,0.00314685089644566,0,0,0,9.78231953631518e-05,3.45831284293694e-05,0,0,0.00029811298518561,0,0.000914535211222745,0.00923486091979296,6.00121704258815e-05,0,0,0,0,0,0,0,0,0.0150242865144528,8.756094552189e-06,0,0,0,0,0.000432373595821837,2.82391630073597e-05,0.00232281668705297,5.52540790667934e-06,0.00112534016771437,0,0.0266699329496744,0.00434147101498957,0
0,0,0.00199612755829786,0,0,0,0,0,0,0,0.00360447327275581,0,0.00562517924756164,0,0.00200913038136121,0,0,0,0,0,0,0,0,0,0,0,0,0,0,0,0,0,0,0,0,0,1.55686841259579e-06,0,0,0,0,0,0.000423584611933397,0,0,4.39096627966637e-06,0,0,0.000180933527466422,0,0.00676099419583035,0,0,0,1.85657836443008e-05,0,0.00208745280577821,0,0,0,0.00376497398161746,0,0,0,0,0,0,0,0,0,0,0,0,1.13396357220548e-05,0,0,0,0,0,0,0,0,6.96045270153453e-06,5.02308103023097e-06,0.00046605543490476,0,0
0,0,0,0.00237899765859676,0,0.000100569323638914,0,0.0201048312325555,0,0,0,0.0563394101197935,0,0.0533168460959539,0,0,0,0,0,0,0,0,0,0,0,0,0,0.000368706266122705,0,0,0,0,0,0,0,4.5617216315414e-06,0,0,0,0,0,4.21190451520235e-05,0,0,0,0,3.85914391550017e-06,0,0,0,0,0,0,0,0,0,0,0.00029811298518561,0,0,0,0.000338258173556645,0,0,0,0,0,0,0,0,0,0,0,0,0,0,0,0,2.92828446137982e-06,0,0,0,0.000390827065202183,0.000215933398836406,0.000142629156178575,0,0
0.0118412385294198,0,0.00340114901592804,3.29143334045639e-05,0,0,0,0,0.011944278792422,0,0,0,0.00237493549185575,0,0.0500633971775649,0,0.000139284205302828,0,0,0,0,0,0,0,0.000122717605702417,0,0,0,0,0,0,0,0,0,0,0,0,0,0,0,0,0,0.00167582853705726,0,0,0,0,0,0.00183640338936075,0,0.00015974301047067,0,0,0,0.0992969270935001,0,1.42013370943614e-05,0,0.00376497398161746,0,0,0,0,0,0,0,0,0.00166516749862483,0,0.000431865856300499,0,0,0,0,0,0,0,0,0,0,0,0,0.00022066283584234,0,0.0018028085795824,0,0.000272588538933042
0,0.00619381875894877,0,0.0236507992864529,0,3.04893119231053e-05,0,0,0,0.00468624099629937,0,0,0,0,0,0.0181509777812753,2.76821468714467e-05,0.000793617734637192,0,0,0,0,0,0.000102793409931799,0,0,0,0,0,0,0,0,0,0,0,6.85954890322903e-06,0,0,0,0.000172078398024198,0,0.00150989700638636,1.66429694798792e-05,0,0,0.000171487886474987,0,0,0,0.00203414517493253,0,0,0,0,0,0.0313448539965696,0,0.000914535211222745,0,0.000338258173556645,0,0,9.77916520871554e-06,0,0,0,0.0157936305695178,0,5.03295154592053e-05,0,0,0,0,0,0,0,0,0,7.94768269034345e-06,0,0,0,0.00063847280361602,3.18568322280276e-05,0.000732224090895788,0,0
0,0.000153391607057404,0.000100970011961019,0.00180285388313579,0,0.000458300489991622,0,0,2.26710473362167e-05,0,0,0.0039312596215945,0,0,0,0,0.000364461036387944,0.000479876437672349,0.0119304078216206,0.043790768590303,0,0,0,0,0,0,0,0,0,0,0,0,0,0,0,0.0100514668866217,0,0.000290936463758599,0,0.003435695350204,0.000451731382663816,0.0217035860651381,0.000205152090643694,0.000312681417157164,0,0.0483158207237304,7.27910482621792e-05,0,0,0.000570713540274595,0,2.25037417576684e-05,0,0,0,6.69484583354515e-05,2.6079282170526e-05,0.00923486091979296,0,0,0,9.77916520871554e-06,0,0.00049176046845785,0,0,0,0,0,0,0,0,0.00125315676392109,5.37907391370102e-06,0,0,0,0,0.00766273734911545,0.000214767710564609,0.00394037643362429,2.35955389553362e-05,0.00107842283609706,4.44838095474683e-06,0.0454407749488911,0.000327582375721621,0
0,0,0.000466661611903774,0.000316950848359563,6.96331722818847e-05,0,0,0,0,0,0.000460863794595971,0,0,0,0,0,0.000518152601946938,0.000371108892968768,0.014155208846188,0,0.0367242409085837,0,0,0,0,0,0,0,0,0,0,0,0,0,0,0,0.00987650723897963,0,0.00207975833345444,0.000409165519437563,0.00427731999697185,0.000361885631302788,0.0304468410808866,1.11027362546959e-05,0,2.366682996307e-05,0.0308867219855428,0,0.000896138106348436,0,2.90380516100967e-05,9.12731258403813e-06,0,0,1.04672596193888e-05,0,0.0373339319515027,6.00121704258815e-05,0,0,0,0,0.00049176046845785,0,0,0,0,0,0,0,0,0,1.57924160887691e-05,0.027774010144374,0,0,0,0,0.000181333423762232,0.0126813453230259,1.20835352685789e-06,0.00311990435139829,0.00108694847964292,3.35692919480847e-05,0.0284324114469028,0,0.00062689673071279
0,0,0,0,0,0,0,0,0,0,0,0,0,0,0,0,0,0.00174130353074501,0,0,0,0.0269263836543982,0.000516825837128794,0.0068308060143057,0,0.00700471387395026,0,0.00044988689987734,0,0,0,0,0,0,0,0,0,0.00594299051530932,0.000500022076723822,0,0,0,0,0,0,0,0,0,0,7.09957599198883e-05,0,0,0,0,0,0,0,0,0,0,0,0,0,0,0,0,0.0136285294015436,0,0.00240218457566928,0,0.0020225852778742,0,0,0,0,0,0,0,0,0,0.00191627360825296,2.91841208072678e-05,0.00112140843532928,0.000526615813531894,0,0,0
0,0,0,0,0,0,0,0,0,0,0,0,0,0,0,0,0,0,0,0,0,0.00613564832660683,0.0369566242438902,0,0.00413539948107247,0,4.51449626248995e-05,0,0,0,0,0,0,0,0,0,0,0,0.00769377303474195,0,0,0,0,0,0,0,0,1.67151265704863e-05,0.00245849544364392,0,0,0,0,0,0,0,0,0,0,0,0,0,0,0,0,0,0,0.00668431185743769,0,0.00527037599810677,0,0.000144049687387108,0,0,0,0,0,0,0,0,0,0.00597390296612148,0.000372443912928647,0,0,0,0
0,0.010510600343243,0,0,0,0,0,0,0,0.000581493075426331,0,0,0,0,0,0,0,0.000461830976428154,0,0,0,0.0026237524477652,0,0.134759486423824,0,0.00285121750325438,0,0,0,0,0,0,0,0.000504707813895205,0,0,0,0.00222634399323097,0,0,0,0,0,0,0,0,0,0,0,0.00253541580471572,0,0,0,0,0,0.126475584616111,0,0,0,0,0,0.0157936305695178,0,0,0.0136285294015436,0,0,0,0.000500117986311537,0,0,0,0,0,0,0,0,0,0,0,0.00754749864322775,0,0.00101300209609551,0,0.00574056791081721,0,0
0,0,0,0,0,0,0,0,0.0153081997774987,0,0,0,0,0,0,0,0,0,0,0,0,0,0.00108426715111274,0,0.101445888896963,0,0.00390777609982111,0,0,0,0,0,0,0,0,0,0,0,0.00569080597223513,0,0,0,0,0,0,0,0,0,0.00207500933059019,0,0,0,0,0,0.0624851794220903,0,0,0,0,0,0.00166516749862483,0,0,0,0,0.00668431185743769,0,0,0,0.0350558896414858,0,0,0,0,0,0,0,0,0,0,0,0.00814861823373881,0.000352311126896207,0,0.00828716365922185,0,0
0,0,0,0,0,0,0,0,0,0,0,0,0,0,0,0.000146559173385026,5.25313336551113e-05,0.0078982936734556,4.35750902151649e-05,0,0,0.00370712616913785,0,0.0258448967599085,0,0.0313585343817785,0,0.00117463488604293,0,0,0,0,0,0,0,0,0,0,0,0,0,0,0,0,0,0,0,0,0,0,0,0,0,0,0,0.000117258699233042,0,0,0,0,0,5.03295154592053e-05,0,0,0.00240218457566928,0,0.000500117986311537,0,0,0,0.0200998941651001,0,0,0,0,0,0,0,0,0,0,0,0.000167133214619537,0,1.12345820102227e-05,0,0
0,0,0,0,0,0,0,0,0.000875329457854927,0,0,0,0,0,0.00353969268451089,0,0.000585078253511693,0,0,0,0,0,0.00341660117491724,0,0.0724811905669366,0,0.00820922348708705,0,0,0,0,0,0,0,0,0,0,0,0,0,0,0,0,0,0,0,0,0,0.00153862117849654,0,0,0,0,0,0.00496862145584238,0,0,0,0,0,0.000431865856300499,0,0,0,0,0.00527037599810677,0,0.0350558896414858,0,0,0,0,0,0,0,0,0,0,0,0,0,0,0.000111042257831508,0,0,0,0
0,0,0,0,0,0,0,0,0,0,0,0,0,0.00334296895430033,0,0,0,0,0,0,0,0.00104058290937946,0,0,0,0.000292316615577645,0,0.0211069857153692,0,0.0333664571175614,0,0,0,0,0,0,0,0.0010558913327021,0,0,0,0,0,0,0,0,0,0,0,0,0,0,0,0,0,0,0,0,0,0,0,0,0,0,0.0020225852778742,0,0,0,0.0200998941651001,0,0,0,3.8140278775245e-05,0,0,0,0,0,0,0,0.00396273835088578,0,9.1648971327492e-05,0.000158056309940739,0,0,0
0,0,0,0,0,0,0,0,0,0,0,0,0,0,0,0,0,0,0,0,0,0,0.000451330069997146,0,0,0,0,0,0.0132438227574253,0,0.0130378447943822,0,0,0,0,0,0,0,0.00117430863014023,0,0,0,0,0,0,0,0,0,0.00310634077925338,0,0,0,0,0,0,0,0,0,0,0,0,0,0,0,0,0.000144049687387108,0,0,0,0,0,0,0,0,0,0,0,0,0,0,0,8.71038486822971e-05,3.19276281429093e-05,0,0,0,0
0,0.000126215134623761,1.89341719904104e-05,0.00211001034154706,0,0.000111706500341632,0,0,0,0.000105945077090462,0,0.000942919013871606,0,0,0,0,2.96659525178092e-05,4.99578385685962e-05,0.00332367762172685,0,0,0,0,0,0,0,0,0.000905302921846995,0,0.0164638644802813,0,0,0,0,0,0,0,0.00178402322086457,0,0.000793148115040446,8.994618075378e-06,0.0221404592589053,3.13162658704486e-05,0,0,0.000422132127128065,0,0,0,6.69935412850689e-05,0,0,0,0,0,2.23990548116092e-05,0,0.0150242865144528,0,0,0,0,0.00125315676392109,1.57924160887691e-05,0,0,0,0,0,0,3.8140278775245e-05,0,0,0,0,0,0,0,0.00030500795435283,1.57402194225394e-05,0.0012297351716766,0,0.000685609392219419,0,0.0036901228745931,0.0203007573325462,0
