0,0,0.185371244997086,0,0.199802860617638,0,0,0,0.265688002294471,0,0,0,0,0,0.234137207269669,0,0,0,0,0,0,0,0,0,0,0,0,0,0,0,0,0,0,0,0,0,0,0,0,0,0,0,0.308291053133351,0,0,0,0,0,0.177662500896219,0,0,0,0,0,0.229838808149737,0,0,0,0.295980706810951,0,0.265110111187312,0,0,0,0,0,0,0,0,0,0,0,0,0,0,0,0,0,0,0,0,0,0.192974148410789,0,0.23131174031569,0,0
0,0,0,0.151331590439962,0,0,0,0,0,0.171931056380272,0,0,0,0,0,0,0,0,0.371030417845604,0,0,0,0,0.275677959124247,0,0,0,0,0,0,0,0,0,0,0,0,0,0.229963936842978,0,0,0,0.33175721384731,0,0,0,0.415095889393021,0,0,0,0.215025409262765,0,0,0,0,0,0.215175763679157,0,0.297262602382236,0,0.25073553277896,0,0.233379930257797,0.439902566373348,0,0,0,0.243284814059734,0,0,0,0,0,0,0,0,0,0,0,0.419962048530579,0,0.317217774689198,0,0.309902479556891,0,0.25495370010023,0,0
0.185371244997086,0,0,0.352843523025513,0.245472766037257,0,0,0,0.208003668189049,0,0,0,0,0,0,0,0,0,0,0,0.390252232551575,0,0,0,0,0,0,0,0,0,0,0,0,0,0,0,0,0,0,0,0,0,0.292081329557631,0,0,0,0.183446163932482,0,0.18563549220562,0,0.284793445938512,0,0,0,0.248937658429925,0,0.42182246702058,0.353614836931229,0.287289977073669,0,0,0,0,0.312604477008184,0,0,0,0,0,0,0,0,0,0.414659947156906,0,0.330029368400574,0,0,0,0.351546794176102,0,0,0.176839123346976,0,0.22576542980969,0,0.314661294221878
0,0.151331590439962,0.352843523025513,0,0.321680158376694,0.157926604151726,0,0,0,0.168143847395503,0,0.416706621646881,0,0,0,0,0,0,0,0.265357971191406,0,0,0,0,0,0,0,0,0,0,0,0,0,0,0,0.226531131400002,0,0.411643549799919,0.395547926425934,0.284351186781395,0.393818229436874,0.298244312405586,0.350558131933212,0,0,0.365671806714752,0.328431859612465,0,0.278204917907715,0.283370756372375,0.344510058561961,0.2377150141487,0,0,0,0.127140454464145,0.353546698888143,0.307730064003004,0.321851372718811,0.271607800364494,0,0.245400459928946,0.293024929861228,0.332963469624519,0,0,0,0,0,0,0.370091766119003,0,0.419653144147661,0,0,0,0,0,0.309869752787962,0.338376075029373,0.367148518562317,0,0.273978122559033,0,0.282848015195564,0.274828062951565,0
0.199802860617638,0,0.245472766037257,0.321680158376694,0,0,0,0,0.233935092130433,0,0.391269872585932,0,0,0,0,0,0,0,0,0,0.268019343167543,0,0,0,0,0,0,0,0,0,0,0,0,0,0,0.347145020961761,0.329965859651566,0,0,0,0.317492678761482,0,0.300232664896892,0,0,0.301020383834839,0.274274872615933,0,0.301543745398521,0,0.282095514403449,0,0,0,0.265774135078703,0,0.37326293811202,0,0.172689963664327,0,0.240686604922468,0,0,0.286592271125742,0,0,0,0,0,0,0,0,0,0.419589906930923,0,0.28752189874649,0,0,0,0.312535513192415,0,0.394234627485275,0.196182334501492,0,0.27549211221671,0,0
0,0,0,0.157926604151726,0,0,0,0,0,0.29243230181081,0,0,0,0.204101761182149,0,0,0,0,0,0,0,0,0,0,0,0,0,0,0,0,0,0,0,0,0,0.293071834734206,0,0,0,0,0,0,0,0,0,0,0,0,0,0,0,0.198479484462794,0,0,0,0.223296925425529,0,0,0,0.248426071754316,0,0,0,0,0,0,0,0,0,0,0,0,0,0,0,0,0,0,0.302434301297916,0,0,0,0.235149139160058,0.136804327368736,0.303236722946167,0,0
0,0,0,0,0,0,0,0,0,0,0.252492566193853,0,0,0,0,0,0,0,0,0,0,0,0,0,0,0,0,0,0,0,0,0,0,0,0,0,0,0,0,0,0,0,0,0,0,0,0,0,0,0,0,0,0.201157698139029,0,0,0,0.233355977097336,0,0.169047544399897,0,0,0,0,0.244379058480263,0,0,0,0,0,0,0,0,0,0,0,0,0,0,0,0,0,0,0.216873480573944,0,0,0,0
0,0,0,0,0,0,0,0,0,0,0,0.199717797338963,0,0.147066603813853,0,0,0,0,0,0,0,0,0,0,0,0,0,0,0,0,0,0,0,0,0,0.209733029206594,0,0,0,0,0,0,0,0,0,0,0,0,0,0,0,0,0,0.237379964102398,0,0,0,0.198324279859662,0,0.135950498282909,0,0,0,0,0,0,0,0,0,0,0,0,0,0,0,0,0,0,0.242425400018692,0,0,0,0.175183966755867,0,0,0,0
0.265688002294471,0,0.208003668189049,0,0.233935092130433,0,0,0,0,0,0,0,0,0,0.207882237669669,0,0.241263159992851,0.24071547207309,0.292800464012005,0,0,0.203385446220636,0.240668432749048,0.213253945112228,0.226458145278981,0.213487416505814,0.223810249285118,0,0,0,0,0,0,0,0,0,0,0,0.298801864393883,0,0,0,0.309954605996609,0,0,0.345565021038055,0,0,0.267174746841192,0,0.267843188490809,0,0,0,0.285157315922735,0,0.390020683407784,0,0,0,0.196453174286418,0,0,0,0,0.217669248580933,0,0.273983059958978,0,0.217452488745315,0,0,0,0.372984737157822,0,0,0,0,0,0,0,0.224921414459294,0.213933674468388,0.230683389119804,0.307644337729704,0,0
0,0.171931056380272,0,0.168143847395503,0,0.29243230181081,0,0,0,0,0,0,0,0,0,0.207745557954145,0,0,0,0,0,0,0,0.284607818143235,0,0.200909700244665,0,0,0,0,0,0,0,0,0,0,0,0.262711915291018,0,0,0,0.202411431819201,0,0,0,0,0,0.45004965364933,0,0.347841367125511,0,0.182965719865428,0,0,0,0.249772432014736,0,0,0,0,0,0.221118032637209,0,0,0,0,0.243903228977941,0,0.232469560176718,0,0,0,0,0,0,0,0,0,0,0,0.311786001598513,0,0.199556861905491,0,0.286358332744351,0,0
0,0,0,0,0.391269872585932,0,0.252492566193853,0,0,0,0,0,0.240923661738634,0,0,0,0,0,0,0,0.230331836053229,0,0,0,0,0,0,0,0.193163625895977,0,0.314677126731427,0,0,0,0,0,0.2032718966669,0,0.243145882341215,0,0.372472646335761,0,0,0,0,0,0.464585864660787,0.424556761980057,0.353033289313316,0,0.386293828487396,0,0.204158296403678,0,0.383449494838715,0,0.287248275258073,0,0,0,0,0,0,0.269831196728506,0,0,0,0,0,0,0,0,0,0.320178543974599,0,0.332203927139441,0,0,0,0.33891939163208,0,0.299084633805535,0.232045406423656,0,0.463503586558195,0,0.573008557160695
0,0,0,0.416706621646881,0,0,0,0.199717797338963,0,0,0,0,0,0.243198212453537,0,0,0,0,0.484062761068344,0.210877021858052,0,0,0,0,0,0,0,0,0,0.269993651199799,0,0,0,0,0,0.295829187693267,0,0.172578032064679,0,0.317181557416916,0,0.530250728130341,0,0.578823208808899,0,0.435150559743245,0,0,0,0.322430846366015,0,0.189882591366768,0,0.290145120837472,0,0,0,0.266536058038086,0,0.191469129775801,0,0,0.387215960626174,0,0,0,0,0,0,0,0,0,0.333570334015133,0,0,0,0,0,0.340661650233799,0,0.207024632772403,0,0.202601083080497,0.181373529964023,0.510410022178142,0.495014898478985,0
0,0,0,0,0,0,0,0,0,0,0.240923661738634,0,0,0,0.154273880024751,0,0,0,0,0,0,0,0,0,0,0,0,0,0.214141864329576,0,0,0,0,0,0,0,0,0,0,0,0,0,0,0,0,0,0,0,0,0,0,0,0.175855711102486,0,0,0,0.278728395700455,0,0.232192744630887,0,0.277178764343262,0,0,0,0,0,0,0,0,0,0,0,0,0,0,0,0,0,0,0,0,0,0.191376376595046,0,0,0,0
0,0,0,0,0,0.204101761182149,0,0.147066603813853,0,0,0,0.243198212453537,0,0,0,0.178986905940941,0,0,0,0,0,0,0,0,0,0,0,0.198068219423294,0,0.243578183948994,0,0,0,0,0,0,0,0,0,0,0,0,0,0,0,0,0,0,0,0,0,0.209260853007436,0,0,0,0,0,0.272449483672778,0,0.221110861016135,0,0,0,0,0,0,0,0,0,0,0.202286255856355,0,0.313269325248573,0,0,0,0,0,0,0,0,0,0.231020855823079,0.209419742953487,0,0,0
0.234137207269669,0,0,0,0,0,0,0,0.207882237669669,0,0,0,0.154273880024751,0,0,0,0.24592913874181,0.272780077088447,0.319348682132032,0,0,0,0.251995226270274,0,0.201139171656809,0,0.189413184002042,0,0,0,0,0,0,0,0,0,0,0,0,0,0,0,0,0,0,0,0,0,0,0,0,0,0,0,0.175517683300902,0,0,0,0,0,0.208436061069369,0,0,0,0,0,0,0,0,0.180197889653017,0,0,0,0,0,0,0,0,0,0,0,0,0.220979350813701,0,0,0,0
0,0,0,0,0,0,0,0,0,0.207745557954145,0,0,0,0.178986905940941,0,0,0.251050785183907,0.232673650189322,0.241201415657997,0,0,0,0,0.224457085132599,0,0.281958132982254,0,0,0,0,0,0,0,0,0,0,0,0,0,0,0,0,0,0,0,0,0,0,0,0,0,0,0,0,0,0.208701539039612,0,0,0,0.176504697650671,0,0.176287259628524,0,0,0,0,0,0,0.181990918020407,0,0,0,0,0,0,0,0,0,0,0,0,0,0.208129715460997,0.196609735488892,0,0,0
0,0,0,0,0,0,0,0,0.241263159992851,0,0,0,0,0,0.24592913874181,0.251050785183907,0,0.282752180195992,0.429847686336785,0,0,0.222864188494221,0.239714790063195,0.239977043722906,0.236633844536506,0.233229682346185,0.255108514828929,0,0,0,0,0,0,0,0,0,0.427933640778065,0,0,0.416966110467911,0.44552618265152,0.34656600356102,0.388587649911642,0.374099367856979,0.438397228717804,0.426686714435446,0.477092931667964,0,0,0,0,0,0,0,0.236612528562546,0,0,0,0,0,0.225806619486083,0,0.441827942927678,0.419130064547062,0,0.222151593276949,0.204193653030829,0,0.201690807938576,0.247946477636642,0,0,0,0,0,0.466984763741493,0,0.425975769758224,0.432042319575946,0.430092278935693,0,0,0.304723778363066,0.364651471376419,0.444214383503059,0,0.484256759285927
0,0,0,0,0,0,0,0,0.24071547207309,0,0,0,0,0,0.272780077088447,0.232673650189322,0.282752180195992,0,0.433105876462491,0,0,0.214777843430638,0.292132148389206,0.205393855720383,0.245647794966187,0.235401844964868,0.308306048695858,0,0,0,0,0,0,0,0,0,0.37230858206749,0,0,0,0.441220433371408,0.385272219777107,0.367933157086372,0.435777276754379,0.374869610582079,0.430835530553993,0.434513336420059,0,0.366468161344528,0.363688826560974,0,0,0,0,0.286941127851605,0,0.327744364738464,0,0,0,0.250296289722125,0.223663062685066,0.415585190057755,0.416569709777832,0,0.201498632629712,0.204688342909018,0,0.218473658666891,0.296385067124521,0,0,0,0,0,0.457123458385468,0,0,0.458094278286243,0.413790235916773,0,0,0.259212525861161,0.261430943012238,0.432379826507737,0,0
0,0.371030417845604,0,0,0,0,0,0,0.292800464012005,0,0,0.484062761068344,0,0,0.319348682132032,0.241201415657997,0.429847686336785,0.433105876462491,0,0.534132776781917,0,0.274994718531768,0.360406436217137,0.280026043454806,0.346264359354973,0.301455505630549,0.35745131092913,0,0,0,0,0,0.448497876524925,0,0,0.394173294305801,0.427001350786951,0.518228153387705,0.443549439311028,0.402985469203129,0.428504592396996,0.325616964395276,0.346121783182025,0.349993395157785,0.413912535156354,0.452336169468216,0.49825072328606,0.398101391891638,0.363115951418877,0.412075102329254,0,0,0,0,0.271368220448494,0,0.463507049850055,0.491337023351503,0,0,0.30816825479269,0,0.457257742343879,0.384111110431453,0,0,0,0,0,0.360421740091764,0,0,0.53978942707181,0.473944562176863,0,0.454534839868546,0,0.430006468296051,0.443204679593935,0.42451976333564,0.479789292310724,0.479608040302992,0.30391735015168,0.316919421570169,0.431033083019288,0.35169822672256,0.355871765264149
0,0,0,0.265357971191406,0,0,0,0,0,0,0,0.210877021858052,0,0,0,0,0,0,0.534132776781917,0,0,0,0,0,0,0,0,0,0,0,0,0,0,0,0,0.230608102284436,0,0.169488078663986,0,0.362974176804225,0,0.5053420274154,0,0.620361149311066,0,0.441967738495357,0.448821216821671,0,0,0.333316057920456,0,0.236856408417225,0,0,0,0,0,0.313018137361492,0,0.326112203299999,0,0,0.328619014068438,0,0,0,0,0,0,0,0.47263440489769,0,0.449629242221514,0,0,0,0,0,0.280308994487859,0,0.278188882572619,0,0.209429572636638,0,0.485660948086044,0.521532444392934,0
0,0,0.390252232551575,0,0.268019343167543,0,0,0,0,0,0.230331836053229,0,0,0,0,0,0,0,0,0,0,0,0,0,0,0,0,0,0,0,0,0,0,0,0,0,0.172594928286843,0,0.219388688077228,0.360871911048889,0.33678571704556,0,0.412295147776604,0,0.577376037836075,0.290810436010361,0.42336595966945,0,0.342800494283438,0,0.316209117355554,0,0,0,0.372393935918808,0,0.302361126024933,0,0.384036415815353,0,0,0,0,0.276684857405853,0,0,0,0,0,0,0,0,0,0.406004692957951,0,0.311576800545057,0,0,0,0.239734544560425,0,0.197050078374794,0.208810183804396,0.301075438658396,0.29682448404869,0,0
0,0,0,0,0,0,0,0,0.203385446220636,0,0,0,0,0,0,0,0.222864188494221,0.214777843430638,0.274994718531768,0,0,0,0.135878064071954,0.204540904611349,0,0.158718129335824,0,0.159624276819026,0,0,0,0,0,0,0,0,0,0.29070240400699,0.197887721870627,0,0,0,0,0,0,0.326314806938171,0,0.491422661713191,0,0.382871781030427,0,0,0,0,0,0,0,0.365259110927582,0,0,0,0,0,0,0.265738792524278,0,0.262427466308198,0,0.1686097184817,0.247338250279427,0.279853405613525,0,0,0,0,0,0,0,0,0,0.271277879566794,0,0.172258094126877,0.248061738908291,0.378910873617445,0,0
0,0,0,0,0,0,0,0,0.240668432749048,0,0,0,0,0,0.251995226270274,0,0.239714790063195,0.292132148389206,0.360406436217137,0,0,0.135878064071954,0,0.180669903755188,0.243416960487205,0,0.197856750556754,0,0.246861717353264,0,0,0,0,0,0.345215290784836,0,0,0,0.294891523986199,0,0,0,0,0,0,0.419514894485474,0,0.41361078619957,0.28962892981676,0,0,0,0,0,0.213050595174233,0,0,0,0,0,0.256863296031952,0,0,0.417601436376572,0.156220130622387,0.288843083390786,0,0.244185622781515,0,0.195840977996156,0,0.186995700001717,0,0,0,0,0,0,0,0,0,0.345719690462189,0.223512503634911,0.228346475958824,0.413315638899803,0,0
0,0.275677959124247,0,0,0,0,0,0,0.213253945112228,0.284607818143235,0,0,0,0,0,0.224457085132599,0.239977043722906,0.205393855720383,0.280026043454806,0,0,0.204540904611349,0.180669903755188,0,0.196319796144962,0.227052667074733,0,0,0,0,0,0,0,0,0,0,0,0.25611465893653,0,0,0,0,0,0.294851392507553,0.377833336591721,0,0,0.480854677657286,0,0.327460752035442,0,0,0,0,0,0.314198624023369,0,0,0,0,0,0,0,0.324956268072128,0.215266265133594,0,0.182620428215999,0,0.231542733465803,0.304853737354279,0.349204548767635,0,0,0,0,0,0,0,0,0,0.286586189176887,0,0.195035264902301,0,0.368625398173376,0,0
0,0,0,0,0,0,0,0,0.226458145278981,0,0,0,0,0,0.201139171656809,0,0.236633844536506,0.245647794966187,0.346264359354973,0,0,0,0.243416960487205,0.196319796144962,0,0.203378587961197,0.197072648944763,0,0,0,0,0,0,0,0,0,0,0,0.249350798831267,0,0,0,0.369993180036545,0,0,0.394886493682861,0,0.503537758038594,0.256915574705841,0,0,0,0,0,0.252846644205206,0,0,0,0,0,0.199984189122915,0,0,0,0,0.221041245119912,0,0.240194721316749,0,0.178579256975953,0,0,0,0,0,0,0,0,0,0,0,0.235096084220069,0.187965037160782,0,0.300226490605961,0,0
0,0,0,0,0,0,0,0,0.213487416505814,0.200909700244665,0,0,0,0,0,0.281958132982254,0.233229682346185,0.235401844964868,0.301455505630549,0,0,0.158718129335824,0,0.227052667074733,0.203378587961197,0,0,0.170817348192323,0,0,0,0,0,0,0,0,0,0,0,0,0,0,0,0,0,0,0,0,0,0,0,0,0,0,0,0.204905706644058,0,0,0,0,0,0.262401461601257,0,0,0.172101693848769,0,0.24107060987841,0,0.159268428777394,0,0,0,0,0,0,0,0,0,0,0,0,0,0.215565492308909,0,0,0,0
0,0,0,0,0,0,0,0,0.223810249285118,0,0,0,0,0,0.189413184002042,0,0.255108514828929,0.308306048695858,0.35745131092913,0,0,0,0.197856750556754,0,0.197072648944763,0,0,0,0.196459258978183,0,0,0,0,0,0,0,0,0,0,0,0,0.365173608064651,0,0,0,0.394062474370003,0.473234340548515,0,0,0,0,0,0,0,0.21275605532256,0,0,0,0,0,0.176115389527946,0,0,0,0,0.12923405079111,0,0,0,0.199946058771999,0,0.175650316362198,0,0,0,0,0,0,0,0,0,0,0.232258244813371,0,0.378992170095444,0,0
0,0,0,0,0,0,0,0,0,0,0,0,0,0.198068219423294,0,0,0,0,0,0,0,0.159624276819026,0,0,0,0.170817348192323,0,0,0,0.270814198125964,0,0,0,0,0,0,0,0.239142476835034,0,0,0,0,0,0,0,0,0,0,0,0,0,0,0,0,0,0,0,0,0,0.190208555012941,0,0,0,0,0.164576983135758,0,0,0,0.213803119731672,0,0.257405216412292,0,0.237050508027491,0,0,0,0,0,0,0,0.223706565948866,0,0.159660593739578,0.18747732937336,0,0,0
0,0,0,0,0,0,0,0,0,0,0.193163625895977,0,0.214141864329576,0,0,0,0,0,0,0,0,0,0.246861717353264,0,0,0,0.196459258978183,0,0,0,0.205827378330455,0,0,0,0,0,0,0,0.293461309190382,0,0,0,0,0,0,0,0,0,0,0,0,0,0,0,0,0,0,0,0,0,0,0,0,0,0,0.224918208834602,0,0,0,0.172382108039326,0,0.279032098725438,0,0.26454138082106,0,0,0,0,0,0,0,0.299766743740217,0.219294554478413,0.150945208966732,0,0,0
0,0,0,0,0,0,0,0,0,0,0,0.269993651199799,0,0.243578183948994,0,0,0,0,0,0,0,0,0,0,0,0,0,0.270814198125964,0,0,0,0,0,0,0,0,0,0.164628282379435,0,0,0,0,0,0,0,0,0,0,0,0,0,0,0,0,0,0,0,0.244381281322446,0,0.220718954662675,0,0,0,0,0,0,0,0,0,0,0.20486432070436,0,0.286294757779653,0,0,0,0,0,0,0,0.238525468674866,0,0.196354438466716,0.175781011581421,0,0,0
0,0,0,0,0,0,0,0,0,0,0.314677126731427,0,0,0,0,0,0,0,0,0,0,0,0,0,0,0,0,0,0.205827378330455,0,0,0,0,0,0,0,0,0,0.288067954244898,0,0,0,0,0,0,0,0,0,0,0,0,0,0,0,0,0,0.296420862247958,0,0,0,0,0,0,0,0,0,0,0,0,0,0,0.15544372300307,0,0.25629725453096,0,0,0,0,0,0,0,0.318097119946634,0.30713364854455,0,0,0,0
0,0,0,0,0,0,0,0,0,0,0,0,0,0,0,0,0,0,0,0,0,0,0,0,0,0,0,0,0,0,0,0,0.224964871269758,0.283787667751312,0,0.157035828137879,0,0,0,0,0,0,0,0,0,0,0,0.381845255730716,0,0.273899367877415,0,0,0,0,0,0,0,0,0,0,0,0,0,0,0,0,0,0,0,0,0,0,0,0,0.311457313234065,0.388616999954853,0.276480133334796,0,0.331949955347466,0,0,0,0.311169206830008,0,0,0,0
0,0,0,0,0,0,0,0,0,0,0,0,0,0,0,0,0,0,0.448497876524925,0,0,0,0,0,0,0,0,0,0,0,0,0.224964871269758,0,0.301086809900072,0.389107150805963,0,0.311421047438655,0,0,0.50400761621339,0,0.419888198375702,0,0,0,0,0.308602333068848,0.586015358560934,0.372784554958344,0.483559576670329,0,0,0,0,0,0,0,0,0,0,0,0,0,0.374225467443466,0,0,0,0,0,0,0,0,0,0,0,0.459593522717159,0,0.306280921805989,0.55084034204483,0.38992960059217,0,0,0.31514951559165,0.306862970193227,0,0,0
0,0,0,0,0,0,0,0,0,0,0,0,0,0,0,0,0,0,0,0,0,0,0,0,0,0,0,0,0,0,0,0.283787667751312,0.301086809900072,0,0.202893222725264,0.292269098541295,0.34510612487793,0.314365195824454,0.195421382784843,0,0,0,0,0,0,0,0,0.264725694854845,0,0.3917724378407,0,0,0,0,0,0,0,0,0,0,0,0,0,0,0,0,0,0,0,0,0,0,0,0,0.413438262192137,0,0.240007421904435,0.291935723895828,0.320774104663284,0,0.268294067725991,0.225398393968741,0.239276845650426,0,0,0,0
0,0,0,0,0,0,0,0,0,0,0,0,0,0,0,0,0,0,0,0,0,0,0.345215290784836,0,0,0,0,0,0,0,0,0,0.389107150805963,0.202893222725264,0,0.186785317957401,0.307379047310287,0.159273566195258,0.371171324781673,0,0,0,0.377237178385258,0,0.507422268390656,0,0.363147211926324,0.463300986581477,0.456156641244888,0.499165058135986,0,0,0,0,0,0,0,0,0,0,0,0,0,0,0,0.453571945428848,0,0,0,0,0,0,0,0,0,0.415610592563947,0.155822792197719,0.344114449374942,0,0.373359640311051,0,0.438943895402033,0.256740721476093,0.335456985235214,0.474097618931218,0,0
0,0,0,0.226531131400002,0.347145020961761,0.293071834734206,0,0.209733029206594,0,0,0,0.295829187693267,0,0,0,0,0,0,0.394173294305801,0.230608102284436,0,0,0,0,0,0,0,0,0,0,0,0.157035828137879,0,0.292269098541295,0.186785317957401,0,0.225018755691807,0.24590392011416,0,0.386851795884066,0,0.368444163490225,0,0,0,0.392600790026841,0.360938340425491,0.398574747641881,0.213221326470375,0.408205830217025,0,0.271488553711346,0,0,0,0,0,0.345480638033733,0,0.309189851085345,0,0.225921677425504,0.311475299551636,0,0,0,0,0,0,0,0.386642982562383,0,0.389891720811526,0,0.163109019950584,0.363544434309006,0.294754065573215,0.361758708953857,0.294771088280908,0.200024962425232,0.301918843745119,0,0.216336548669765,0.171620131283999,0.376166896763862,0.3576682976314,0
0,0,0,0,0.329965859651566,0,0,0,0,0,0.2032718966669,0,0,0,0,0,0.427933640778065,0.37230858206749,0.427001350786951,0,0.172594928286843,0,0,0,0,0,0,0,0,0,0,0,0.311421047438655,0.34510612487793,0.307379047310287,0.225018755691807,0,0,0.328078616175292,0,0.340112908584316,0,0.387285536179295,0,0.465172547591876,0.442833513021469,0.312952631069237,0.328921240568161,0.334655933909946,0.288097888231277,0.330334740025657,0,0,0,0,0,0.22661110593213,0,0.338660359382629,0,0,0,0,0.248632289144519,0,0,0,0,0,0,0,0,0,0.364965219389309,0,0.331714934832657,0,0.37933632764763,0.225568604583924,0.300221476645656,0,0.328159692691418,0.263376207265625,0.270099956128332,0.369949912921717,0,0.365974385291338
0,0.229963936842978,0,0.411643549799919,0,0,0,0,0,0.262711915291018,0,0.172578032064679,0,0,0,0,0,0,0.518228153387705,0.169488078663986,0,0.29070240400699,0,0.25611465893653,0,0,0,0.239142476835034,0,0.164628282379435,0,0,0,0.314365195824454,0.159273566195258,0.24590392011416,0,0,0.209310629398283,0.287424218654633,0,0.479676947900743,0,0.592667326331139,0,0.430546914523989,0,0.573440394660299,0,0.520845974752536,0,0,0,0,0,0.349114811992732,0,0.180078932035317,0,0,0,0,0.35871041530529,0,0.405423211422934,0,0.349832464316312,0,0,0,0.286817342042923,0,0.261002552780238,0,0,0,0.364994731055547,0,0.299717748461243,0,0.284701683459395,0.21856240183115,0.238127549602939,0.172874789412429,0.424683654787897,0.501005987326304,0
0,0,0,0.395547926425934,0,0,0,0,0.298801864393883,0,0.243145882341215,0,0,0,0,0,0,0,0.443549439311028,0,0.219388688077228,0.197887721870627,0.294891523986199,0,0.249350798831267,0,0,0,0.293461309190382,0,0.288067954244898,0,0,0.195421382784843,0.371171324781673,0,0.328078616175292,0.209310629398283,0,0,0.363802623748779,0,0.280992987210907,0,0.544721558690071,0,0.37794568353012,0.493353747372521,0.319307331641213,0,0.346220016479492,0,0,0,0.33636749535799,0,0.27325503390569,0,0.387543678283691,0,0,0,0,0.260239985047115,0,0.393832682995569,0,0.287002126375834,0,0,0,0.215929754078388,0,0.313026712543663,0,0.332486130297184,0,0.341141479997851,0,0.376238491821148,0.147415651215447,0.312416211478514,0.27045752449952,0.18491755053401,0.340412197552083,0,0
0,0,0,0.284351186781395,0,0,0,0,0,0,0,0.317181557416916,0,0,0,0,0.416966110467911,0,0.402985469203129,0.362974176804225,0.360871911048889,0,0,0,0,0,0,0,0,0,0,0,0.50400761621339,0,0,0.386851795884066,0,0.287424218654633,0,0,0.418537765741348,0.335183077600113,0.378945410251617,0.418539332492011,0,0.451777363279564,0.327532003323237,0.533787087971471,0.283592939376831,0.479635851200873,0,0.244230949878693,0,0,0,0,0.346129044890404,0.327388485272725,0.34497919678688,0.301004692912102,0,0.257551893591881,0.258672318296414,0.34598134458065,0,0,0,0,0,0,0,0,0.278988272340401,0,0,0.457679652354934,0,0,0.327257489856562,0.42271526157856,0.285086680735861,0,0.346254529841876,0,0.335005675107059,0.311761548606361,0
0,0,0,0.393818229436874,0.317492678761482,0,0,0,0,0,0.372472646335761,0,0,0,0,0,0.44552618265152,0.441220433371408,0.428504592396996,0,0.33678571704556,0,0,0,0,0,0,0,0,0,0,0,0,0,0,0,0.340112908584316,0,0.363802623748779,0.418537765741348,0,0.404031030833721,0.341195882596821,0.428267776966095,0.515687670448039,0.453574246913195,0.349978775726906,0.246188124020894,0.284754843280439,0,0.334780761599541,0,0,0,0,0,0.367312430404127,0,0,0,0,0,0.443487763404846,0.335117179317908,0,0,0,0,0,0,0,0,0,0.390062573163406,0,0.357660234622333,0,0.448307365179062,0.442385201868804,0.310277165094921,0,0.353085366630913,0.380933250512993,0.364377448956172,0.424582275425352,0,0.406584612466395
0,0.33175721384731,0,0.298244312405586,0,0,0,0,0,0.202411431819201,0,0.530250728130341,0,0,0,0,0.34656600356102,0.385272219777107,0.325616964395276,0.5053420274154,0,0,0,0,0,0,0.365173608064651,0,0,0,0,0,0.419888198375702,0,0,0.368444163490225,0,0.479676947900743,0,0.335183077600113,0.404031030833721,0,0.258812641415349,0.308334061389516,0.326369121670723,0.3643384953023,0.378123248616854,0.44710792156688,0.238744124770164,0.370513848750138,0.353660821914673,0,0,0,0,0,0,0.486558802980435,0,0.427038770914078,0,0.393913678824902,0.427752114577438,0,0,0,0,0,0,0,0.509658310562372,0,0.515140947398789,0,0,0.41922727227211,0,0,0.3542004765852,0.370390617847443,0.473435620594228,0,0.303806422027675,0.316003948450089,0.354329382817703,0.30811871983818,0
0.308291053133351,0,0.292081329557631,0.350558131933212,0.300232664896892,0,0,0,0.309954605996609,0,0,0,0,0,0,0,0.388587649911642,0.367933157086372,0.346121783182025,0,0.412295147776604,0,0,0,0.369993180036545,0,0,0,0,0,0,0,0,0,0.377237178385258,0,0.387285536179295,0,0.280992987210907,0.378945410251617,0.341195882596821,0.258812641415349,0,0.29946580529213,0.48162809535861,0.384857978784677,0.354571482608306,0.349950995600345,0.324849952181632,0.363397255539894,0.327811838492103,0,0,0,0.315107891956965,0,0.423692622072789,0,0.351229713721709,0,0,0,0.383882117271423,0.385525381929238,0,0.329338490962982,0,0,0,0,0,0,0,0.427728539819901,0,0.350722400653477,0,0.339925265811347,0.394611215591431,0.344865388250128,0,0.366963328793645,0.320337207841598,0.347422805699435,0.355259683812177,0.356155842542648,0.344622567814281
0,0,0,0,0,0,0,0,0,0,0,0.578823208808899,0,0,0,0,0.374099367856979,0.435777276754379,0.349993395157785,0.620361149311066,0,0,0,0.294851392507553,0,0,0,0,0,0,0,0,0,0,0,0,0,0.592667326331139,0,0.418539332492011,0.428267776966095,0.308334061389516,0.29946580529213,0,0,0.504276258789975,0,0,0,0.374220788478851,0,0,0,0,0,0,0,0.587110728025436,0,0,0,0,0.541741811687296,0,0,0,0,0,0,0,0,0,0.595470607280731,0,0,0,0,0.424981743097305,0.46907380781196,0.349823248386383,0.541847089474851,0,0.30174020640552,0,0.416616867715066,0.366068945119255,0
0,0,0,0,0,0,0,0,0,0,0,0,0,0,0,0,0.438397228717804,0.374869610582079,0.413912535156354,0,0.577376037836075,0,0,0.377833336591721,0,0,0,0,0,0,0,0,0,0,0.507422268390656,0,0.465172547591876,0,0.544721558690071,0,0.515687670448039,0.326369121670723,0.48162809535861,0,0,0.423421778612667,0.488065157617841,0.444517709314823,0.481583022409015,0,0,0,0,0,0,0,0.581630272084269,0,0,0,0,0,0.449823915958405,0.460576119522254,0,0,0,0,0,0,0,0,0,0.578197707148159,0,0.477127770755602,0,0.497756293286448,0.449078410863876,0.497694501390685,0,0.560403656959534,0.427181890191034,0.412064397335053,0.530197311601624,0,0.439760225159781
0,0.415095889393021,0,0.365671806714752,0.301020383834839,0,0,0,0.345565021038055,0,0,0.435150559743245,0,0,0,0,0.426686714435446,0.430835530553993,0.452336169468216,0.441967738495357,0.290810436010361,0.326314806938171,0.419514894485474,0,0.394886493682861,0,0.394062474370003,0,0,0,0,0,0,0,0,0.392600790026841,0.442833513021469,0.430546914523989,0,0.451777363279564,0.453574246913195,0.3643384953023,0.384857978784677,0.504276258789975,0.423421778612667,0,0.428541802697712,0.452247338162528,0.325256645679474,0.298573938406203,0.328137397766113,0.258269846439362,0,0,0,0,0.379218697547913,0.478099027441608,0.344757005572319,0,0,0,0.366999526452643,0.373760087415576,0,0,0,0,0,0,0,0,0.486005663263554,0,0,0.44059721486909,0,0.413969337940216,0.410565514654235,0.432167109786248,0.419737664271753,0,0.487886171888661,0.372887462377548,0.437393979130415,0.420393421506205,0.343168258666992
0,0,0.183446163932482,0.328431859612465,0.274274872615933,0,0,0,0,0,0.464585864660787,0,0,0,0,0,0.477092931667964,0.434513336420059,0.49825072328606,0.448821216821671,0.42336595966945,0,0,0,0,0,0.473234340548515,0,0,0,0,0,0.308602333068848,0,0.363147211926324,0.360938340425491,0.312952631069237,0,0.37794568353012,0.327532003323237,0.349978775726906,0.378123248616854,0.354571482608306,0,0.488065157617841,0.428541802697712,0,0.38203763961792,0.304579892844865,0.339695692062378,0.299809969606854,0,0,0,0.280590042471886,0,0.457470515747343,0.351323112845421,0.372564447777612,0,0,0,0.433395400643349,0.314596154556906,0,0,0,0,0,0,0,0,0,0.472321307075392,0,0.320478182813959,0,0.341847435737911,0.436168591765796,0.321914703385849,0,0.389143634327622,0.338636503294782,0.334393495959895,0.342751420097041,0,0.365332284942269
0,0,0,0,0,0,0,0,0,0.45004965364933,0.424556761980057,0,0,0,0,0,0,0,0.398101391891638,0,0,0.491422661713191,0.41361078619957,0.480854677657286,0.503537758038594,0,0,0,0,0,0,0.381845255730716,0.586015358560934,0.264725694854845,0.463300986581477,0.398574747641881,0.328921240568161,0.573440394660299,0.493353747372521,0.533787087971471,0.246188124020894,0.44710792156688,0.349950995600345,0,0.444517709314823,0.452247338162528,0.38203763961792,0,0.368046999321128,0.561878962451315,0,0,0,0,0,0.490115994215012,0.38784296810627,0.351003795862198,0,0,0,0,0.406881286547734,0.333124831318855,0.505673830325787,0.496878500495638,0.520225259661675,0,0,0,0.406846880912781,0,0.412241593003273,0,0.360594045307677,0.542389371218166,0.322999311395289,0.394686500389813,0.507064605147673,0.328191161682751,0.455855591148718,0.717803931100028,0.554041546503277,0,0.495999651931411,0.382171487808228,0.271495461463928
0.177662500896219,0,0.18563549220562,0.278204917907715,0.301543745398521,0,0,0,0.267174746841192,0,0.353033289313316,0,0,0,0,0,0,0.366468161344528,0.363115951418877,0,0.342800494283438,0,0.28962892981676,0,0.256915574705841,0,0,0,0,0,0,0,0.372784554958344,0,0.456156641244888,0.213221326470375,0.334655933909946,0,0.319307331641213,0.283592939376831,0.284754843280439,0.238744124770164,0.324849952181632,0,0.481583022409015,0.325256645679474,0.304579892844865,0.368046999321128,0,0.352610230445862,0.333620043361888,0,0,0,0.306338369846344,0,0.306999960453203,0,0.308642902676642,0,0.270390829946621,0,0,0.337212141071047,0,0.385414694435894,0,0.239649734326771,0,0,0,0,0,0.286745071411133,0,0.334731583411877,0,0.292120619532988,0.250478833913803,0.254368377619354,0,0.451302027790728,0.45499194096575,0,0.294057916781238,0,0.315361192097535
0,0.215025409262765,0,0.283370756372375,0,0,0,0,0,0.347841367125511,0,0.322430846366015,0,0,0,0,0,0.363688826560974,0.412075102329254,0.333316057920456,0,0.382871781030427,0,0.327460752035442,0,0,0,0,0,0,0,0.273899367877415,0.483559576670329,0.3917724378407,0.499165058135986,0.408205830217025,0.288097888231277,0.520845974752536,0,0.479635851200873,0,0.370513848750138,0.363397255539894,0.374220788478851,0,0.298573938406203,0.339695692062378,0.561878962451315,0.352610230445862,0,0.319303303956985,0.26825376740984,0,0,0,0.280752688009515,0.374040134251118,0.341110143997816,0,0.289153416180748,0,0.248328185943893,0.315778410310547,0.285912066698074,0.414250801695744,0,0.328721928790279,0,0.295634796986213,0,0.33716086654392,0,0.295246281845127,0,0.399315485587487,0.461616028668517,0.34235218167305,0.45001638748429,0.51475561686192,0.262567281723022,0.474377240855377,0,0.422326717057852,0.30897984083961,0.387830149923481,0.348238495134172,0
0,0,0.284793445938512,0.344510058561961,0.282095514403449,0,0,0,0.267843188490809,0,0.386293828487396,0,0,0,0,0,0,0,0,0,0.316209117355554,0,0,0,0,0,0,0,0,0,0,0,0,0,0,0,0.330334740025657,0,0.346220016479492,0,0.334780761599541,0.353660821914673,0.327811838492103,0,0,0.328137397766113,0.299809969606854,0,0.333620043361888,0.319303303956985,0,0,0,0,0.254876799242837,0,0.31355611333646,0.367344230413437,0.28802300560655,0,0.241578010221322,0,0,0.339124481379986,0,0,0,0,0,0,0,0,0,0.402031695141512,0,0.305475150545438,0,0.284439563751221,0.326910346746445,0.303629531942565,0,0.386016041040421,0.276321467544351,0.245437100529671,0.301367490254957,0,0.29848524928093
0,0,0,0.2377150141487,0,0.198479484462794,0,0,0,0.182965719865428,0,0.189882591366768,0,0.209260853007436,0,0,0,0,0,0.236856408417225,0,0,0,0,0,0,0,0,0,0,0,0,0,0,0,0.271488553711346,0,0,0,0.244230949878693,0,0,0,0,0,0.258269846439362,0,0,0,0.26825376740984,0,0,0,0,0,0,0.327560633420944,0.225211699136589,0,0.232357246228532,0,0.240067757169406,0.241568997502327,0,0,0,0,0,0,0,0,0,0,0,0,0,0,0,0.294239595532417,0,0,0,0.188691714172991,0,0.243669422391133,0,0
0,0,0,0,0,0,0.201157698139029,0,0,0,0.204158296403678,0,0.175855711102486,0,0,0,0,0,0,0,0,0,0,0,0,0,0,0,0,0,0,0,0,0,0,0,0,0,0,0,0,0,0,0,0,0,0,0,0,0,0,0,0,0,0,0,0.196391597390175,0,0.239813789725304,0,0,0,0,0,0,0,0,0,0,0,0,0,0,0,0,0,0,0,0,0,0,0,0.148775979876518,0,0,0,0
0,0,0,0,0,0,0,0.237379964102398,0,0,0,0.290145120837472,0,0,0,0,0,0,0,0,0,0,0,0,0,0,0,0,0,0,0,0,0,0,0,0,0,0,0,0,0,0,0,0,0,0,0,0,0,0,0,0,0,0,0,0,0,0.179874362217055,0,0,0,0,0,0,0,0,0,0,0,0,0,0,0,0,0,0,0,0,0,0,0,0,0.151764795184135,0,0,0,0
0.229838808149737,0,0.248937658429925,0,0.265774135078703,0,0,0,0.285157315922735,0,0.383449494838715,0,0,0,0.175517683300902,0,0.236612528562546,0.286941127851605,0.271368220448494,0,0.372393935918808,0,0.213050595174233,0,0.252846644205206,0,0.21275605532256,0,0,0,0,0,0,0,0,0,0,0,0.33636749535799,0,0,0,0.315107891956965,0,0,0,0.280590042471886,0,0.306338369846344,0,0.254876799242837,0,0,0,0,0,0.373121827840805,0,0,0,0.224436610005796,0,0,0.297476820647717,0,0,0,0.28816957885431,0,0.20208558001939,0,0,0,0.390701818466187,0,0,0,0,0,0.267271965742111,0,0.220873326063156,0.235059507669659,0,0.294540141296538,0,0
0,0.215175763679157,0,0.127140454464145,0,0.223296925425529,0,0,0,0.249772432014736,0,0,0,0,0,0.208701539039612,0,0,0,0,0,0,0,0.314198624023369,0,0.204905706644058,0,0,0,0,0,0,0,0,0,0,0,0.349114811992732,0,0,0,0,0,0,0,0,0,0.490115994215012,0,0.280752688009515,0,0,0,0,0,0,0,0,0,0,0,0.210097111091855,0,0,0,0,0.320131447891482,0,0.233479099640669,0,0,0,0,0,0,0,0,0,0,0,0.33581558532804,0,0.24707723014495,0,0.340516927059401,0,0
0,0,0.42182246702058,0.353546698888143,0.37326293811202,0,0.233355977097336,0,0.390020683407784,0,0.287248275258073,0,0.278728395700455,0,0,0,0,0.327744364738464,0.463507049850055,0,0.302361126024933,0,0,0,0,0,0,0,0,0,0.296420862247958,0,0,0,0,0,0.22661110593213,0,0.27325503390569,0.346129044890404,0.367312430404127,0,0.423692622072789,0,0.581630272084269,0.379218697547913,0.457470515747343,0.38784296810627,0.306999960453203,0.374040134251118,0.31355611333646,0.327560633420944,0.196391597390175,0,0.373121827840805,0,0,0.366849422454834,0.300948600034015,0,0.270941598074777,0,0.379961460828781,0.329833155290948,0,0,0,0,0,0,0,0,0,0.406473470808462,0,0.332860232033628,0,0.364545077085495,0.368009527524312,0.34113350685905,0,0.405904117162804,0.249312307182196,0,0.397954259761613,0,0.463350121093833
0,0.297262602382236,0.353614836931229,0.307730064003004,0,0,0,0.198324279859662,0,0,0,0.266536058038086,0,0.272449483672778,0,0,0,0,0.491337023351503,0.313018137361492,0,0.365259110927582,0,0,0,0,0,0,0,0.244381281322446,0,0,0,0,0,0.345480638033733,0,0.180078932035317,0,0.327388485272725,0,0.486558802980435,0,0.587110728025436,0,0.478099027441608,0.351323112845421,0.351003795862198,0,0.341110143997816,0.367344230413437,0.225211699136589,0,0.179874362217055,0,0,0.366849422454834,0,0.286000579595566,0.331501726735206,0,0.281364029821228,0.403246171803759,0.362555056810379,0,0,0,0,0,0,0.440656752228737,0,0.407481816946026,0,0,0,0,0,0.366601257391295,0.363424926996231,0.251235904196898,0,0.30218034977664,0,0.419410509889533,0.49782573607038,0
0.295980706810951,0,0.287289977073669,0.321851372718811,0.172689963664327,0,0.169047544399897,0,0,0,0,0,0.232192744630887,0,0,0,0,0,0,0,0.384036415815353,0,0,0,0,0,0,0,0,0,0,0,0,0,0,0,0.338660359382629,0,0.387543678283691,0.34497919678688,0,0,0.351229713721709,0,0,0.344757005572319,0.372564447777612,0,0.308642902676642,0,0.28802300560655,0,0.239813789725304,0,0,0,0.300948600034015,0.286000579595566,0,0,0.304146166962962,0,0,0.382549799978733,0,0,0,0,0,0,0,0.240907527506351,0,0.433807708323002,0,0.308685347437859,0,0,0,0.307044896814558,0,0.428343266248703,0.199041861043849,0,0.332404809273206,0,0
0,0.25073553277896,0,0.271607800364494,0,0.248426071754316,0,0.135950498282909,0,0,0,0.191469129775801,0,0.221110861016135,0,0.176504697650671,0,0,0,0.326112203299999,0,0,0,0,0,0,0,0.190208555012941,0,0.220718954662675,0,0,0,0,0,0.309189851085345,0,0,0,0.301004692912102,0,0.427038770914078,0,0,0,0,0,0,0,0.289153416180748,0,0.232357246228532,0,0,0,0,0,0.331501726735206,0,0,0,0.26010433981816,0.373652713454288,0,0,0,0,0,0,0,0.358906332403421,0,0.335350924068027,0,0,0,0,0,0.330394851664702,0,0,0,0.222345763698537,0.162542698475031,0.355289220753706,0.490014746785164,0
0.265110111187312,0,0,0,0.240686604922468,0,0,0,0.196453174286418,0,0,0,0.277178764343262,0,0.208436061069369,0,0.225806619486083,0.250296289722125,0.30816825479269,0,0,0,0.256863296031952,0,0.199984189122915,0,0.176115389527946,0,0,0,0,0,0,0,0,0,0,0,0,0,0,0,0,0,0,0,0,0,0.270390829946621,0,0.241578010221322,0,0,0,0.224436610005796,0,0.270941598074777,0,0.304146166962962,0,0,0,0,0,0,0,0,0,0,0.164761268844207,0,0,0,0,0,0,0,0,0,0,0,0,0.220851192215704,0,0,0,0
0,0.233379930257797,0,0.245400459928946,0,0,0,0,0,0.221118032637209,0,0,0,0,0,0.176287259628524,0,0.223663062685066,0,0,0,0,0,0,0,0.262401461601257,0,0,0,0,0,0,0,0,0,0.225921677425504,0,0,0,0.257551893591881,0,0.393913678824902,0,0,0,0,0,0,0,0.248328185943893,0,0.240067757169406,0,0,0,0.210097111091855,0,0.281364029821228,0,0.26010433981816,0,0,0.237667933106422,0,0,0,0,0,0.203335572201926,0,0,0,0,0,0,0,0,0,0.234422266483307,0,0,0,0.196947157382965,0,0.293539694022565,0,0
0,0.439902566373348,0,0.293024929861228,0,0,0,0,0,0,0,0.387215960626174,0,0,0,0,0.441827942927678,0.415585190057755,0.457257742343879,0.328619014068438,0,0,0,0,0,0,0,0,0,0,0,0,0,0,0,0.311475299551636,0,0.35871041530529,0,0.258672318296414,0.443487763404846,0.427752114577438,0.383882117271423,0.541741811687296,0.449823915958405,0.366999526452643,0.433395400643349,0.406881286547734,0,0.315778410310547,0,0.241568997502327,0,0,0,0,0.379961460828781,0.403246171803759,0,0.373652713454288,0,0.237667933106422,0,0.306669354438782,0,0,0,0,0,0,0.445379376411438,0,0.477475110462258,0,0,0.391216367483139,0,0,0.321491014810359,0.406750361124674,0.369947476213089,0,0.39929486930515,0.423007726669312,0.430168195390728,0.469489378313864,0
0,0,0.312604477008184,0.332963469624519,0.286592271125742,0,0.244379058480263,0,0,0,0.269831196728506,0,0,0,0,0,0.419130064547062,0.416569709777832,0.384111110431453,0,0.276684857405853,0,0.417601436376572,0.324956268072128,0,0,0,0,0,0,0,0,0.374225467443466,0,0,0,0.248632289144519,0,0.260239985047115,0.34598134458065,0.335117179317908,0,0.385525381929238,0,0.460576119522254,0.373760087415576,0.314596154556906,0.333124831318855,0.337212141071047,0.285912066698074,0.339124481379986,0,0,0,0.297476820647717,0,0.329833155290948,0.362555056810379,0.382549799978733,0,0,0,0.306669354438782,0,0,0,0,0,0,0,0,0,0,0.411216511391103,0,0.311625518058908,0,0.314316600561142,0.417725116014481,0.315416660532408,0,0.258763377828633,0.243269590189658,0.352876881758372,0.354812684062652,0,0.40477302869161
0,0,0,0,0,0,0,0,0,0,0,0,0,0,0,0,0,0,0,0,0,0.265738792524278,0.156220130622387,0.215266265133594,0,0.172101693848769,0,0.164576983135758,0,0,0,0,0,0,0,0,0,0.405423211422934,0,0,0,0,0,0,0,0,0,0.505673830325787,0,0.414250801695744,0,0,0,0,0,0,0,0,0,0,0,0,0,0,0,0,0.251990403617836,0,0.279558510066719,0,0.325375449553074,0,0.382673144340515,0,0,0,0,0,0,0,0.363793141278633,0,0.16621493687064,0,0.405709551440345,0,0
0,0,0,0,0,0,0,0,0.217669248580933,0,0,0,0,0,0,0,0.222151593276949,0.201498632629712,0,0,0,0,0.288843083390786,0,0.221041245119912,0,0.12923405079111,0,0.224918208834602,0,0,0,0,0,0.453571945428848,0,0,0,0.393832682995569,0,0,0,0.329338490962982,0,0,0,0,0.496878500495638,0.385414694435894,0,0,0,0,0,0,0,0,0,0,0,0,0,0,0,0,0,0,0,0,0.174103422952978,0,0.262725318471591,0,0,0,0,0,0,0,0,0,0.371515847606474,0.233371897690719,0,0.375825146834056,0,0
0,0.243284814059734,0,0,0,0,0,0,0,0.243903228977941,0,0,0,0,0,0,0.204193653030829,0.204688342909018,0,0,0,0.262427466308198,0,0.182620428215999,0,0.24107060987841,0,0,0,0,0,0,0,0,0,0,0,0.349832464316312,0,0,0,0,0,0,0,0,0,0.520225259661675,0,0.328721928790279,0,0,0,0,0,0.320131447891482,0,0,0,0,0,0,0,0,0.251990403617836,0,0,0,0.291081430169213,0,0.361641694723614,0,0,0,0,0,0,0,0,0,0.336546050551337,0,0.250359116329087,0,0.406532819090939,0,0
0,0,0,0,0,0,0,0,0.273983059958978,0,0,0,0,0,0,0,0,0,0,0,0,0,0.244185622781515,0,0.240194721316749,0,0,0,0,0,0,0,0,0,0,0,0,0,0.287002126375834,0,0,0,0,0,0,0,0,0,0.239649734326771,0,0,0,0,0,0.28816957885431,0,0,0,0,0,0,0,0,0,0,0,0,0,0,0.204471720949463,0,0,0,0,0,0,0,0,0,0,0,0.262659591436386,0.188020864991765,0,0.297241181135178,0,0
0,0,0,0,0,0,0,0,0,0.232469560176718,0,0,0,0,0,0.181990918020407,0.201690807938576,0.218473658666891,0,0,0,0.1686097184817,0,0.231542733465803,0,0.159268428777394,0,0.213803119731672,0,0,0,0,0,0,0,0,0,0,0,0,0,0,0,0,0,0,0,0,0,0.295634796986213,0,0,0,0,0,0.233479099640669,0,0,0,0,0,0.203335572201926,0,0,0.279558510066719,0,0.291081430169213,0,0,0,0.316388071223489,0,0,0,0,0,0,0,0,0,0,0,0.165271142763751,0,0,0,0
0,0,0,0,0,0,0,0,0.217452488745315,0,0,0,0,0,0.180197889653017,0,0.247946477636642,0.296385067124521,0.360421740091764,0,0,0.247338250279427,0.195840977996156,0.304853737354279,0.178579256975953,0,0.199946058771999,0,0.172382108039326,0,0,0,0,0,0,0,0,0,0,0,0,0,0,0,0,0,0,0,0,0,0,0,0,0,0.20208558001939,0,0,0,0,0,0.164761268844207,0,0,0,0,0.174103422952978,0,0.204471720949463,0,0,0,0.239936734506717,0,0,0,0,0,0,0,0,0,0,0.221240540723438,0,0.32866096496582,0,0
0,0,0,0.370091766119003,0,0,0,0,0,0,0,0,0,0.202286255856355,0,0,0,0,0,0.47263440489769,0,0.279853405613525,0,0.349204548767635,0,0,0,0.257405216412292,0,0.20486432070436,0,0,0,0,0,0.386642982562383,0,0.286817342042923,0,0,0,0.509658310562372,0,0,0,0,0,0.406846880912781,0,0.33716086654392,0,0,0,0,0,0,0,0.440656752228737,0,0.358906332403421,0,0,0.445379376411438,0,0.325375449553074,0,0.361641694723614,0,0.316388071223489,0,0,0,0.390290938713382,0,0,0,0,0,0.402843487262726,0,0.356162591834708,0,0.208739823238416,0.210592731833458,0.449252379351649,0.509501606225967,0
0,0,0,0,0,0,0,0,0,0,0,0,0,0,0,0,0,0,0,0,0,0,0.186995700001717,0,0,0,0.175650316362198,0,0.279032098725438,0,0.15544372300307,0,0,0,0,0,0,0,0.215929754078388,0,0,0,0,0,0,0,0,0,0,0,0,0,0,0,0,0,0,0,0.240907527506351,0,0,0,0,0,0,0.262725318471591,0,0,0,0.239936734506717,0,0,0,0.272694285529164,0,0,0,0,0,0,0,0.281204769978789,0,0,0,0,0
