0,0,7.81422919034958,0,2.79934515058994,0,0,0,221.775721311569,0,0,0,0,0,0,0,0,0,74.8251905366778,0,0,0,0,0,1.15094378590584,0,0,0,0,0,0,0,0,0,0,0,0,0,21.9939545243979,0,0,0,183.80402058363,0,0,0,0,0,312.715095005929,0,0,0,0,0,67.6048838049173,0,0,0,0,0,1.26203632354736,0,0,0,0,0,0,30.4652703851461,0,0,0,0,0,0.689378701150417,0,0,0,0,0,0,0,90.3508234620094,255.932398177683,0,1624.72754181176,0,0
0,0,0,49.6814702749252,0,14.3217869848013,0,0,0,602.134043291211,0,0,0,0,0,0,0,0.156400352716446,183.044236943126,0,0,0,0,21.9286525398493,0,0,0,0,0,0,0,0,0,0,0,0,0,10.4014513343573,0,0.177171245217323,0,933.738451473415,0,0,0,0,0,0,0,34.8095311075449,0,0,0,0,0,713.257208377123,0,0.167905539274216,0,0,0,0,0,0,0,0,82.0510766506195,0,0,0,0,0,0,0,0,0,0,0,0,0,0,0,389.737743668258,4.03221470117569,987.0476263538,3.94156090915203,0
7.81422919034958,0,0,10.4812315702438,238.10528087616,1.23123776912689,0,0,17.5002013593912,0,0,0,0,0,0,0,0.214198715984821,0,6.52429670095444,0,0,0,0,0,0,0,0,0,0,0,0,0,0,0,0,0,68.4673140496016,0,0,0,52.5416176915169,0,342.481123171747,0,0,0,25.6158830523491,0,105.577992022038,0,235.029739975929,0,0,0,20.8127810060978,0,0.25473341345787,0,12.1236216425896,0,88.9838671684265,0,0,11.6409030109644,0,0,0,0.370642945170403,0,0,0,7.92938327789307,0,9.54137473553419,0,0,0,0,0,1.29635332524776,0,4.37402266263962,146.449473403394,2.73548079282045,1758.93272753805,0,0
0,49.6814702749252,10.4812315702438,0,0,29.4300883710384,0,0,0,26.6627236604691,0,0,0,0,0,0,1.41569399833679,13.8602563738823,37.1159770339727,0,0,0,0,1.42222444713116,0,0,0,0,0,0,0,0,0,0,0,0.712770238518715,0,1.04801744222641,0,9.00094617903233,0,980.560975894332,1.10380382835865,0,0,3.94973666965961,4.28778219968081,0,0.556355968117714,13.3998623937368,0,42.7683791518211,0,0,0,67.9918930828571,0,48.2189724594355,0,0,0,0,0.921421825885773,0.302468329668045,0,0,5.90871229767799,0,0,0,0,0,3.44955794513226,0,0,0,0,0,34.8756092935801,1.37318426370621,0,0,169.036760650575,12.9257403463125,982.043777167797,27.2205486595631,0
2.79934515058994,0,238.10528087616,0,0,0,6.5433543920517,0,20.7197883874178,0,303.740310370922,0,0,0,0,0,0,0,0.354258149862289,0,36.252826243639,0,0,0,0,0,0,0,0,0,0,0,0,0,0,0,44.5696637630463,0,0,0,0,0,8.89185779541731,0,0,0,0,0,0,0,172.509917229414,0,816.497452616692,0,50.859035551548,0,11.3569846451283,0,0,0,0,0,0,1.86133706569672,0,0,0,0.231982886791229,0,0,0,1.71890723705292,0,2.0139220058918,0,0,0,0,0,0.869882702827454,0,3.69576324522495,936.800518095493,2.65266889333725,289.676422774792,0,0
0,14.3217869848013,1.23123776912689,29.4300883710384,0,0,0,0,0,10.7974844127893,0,0,0,0,0,3.46653211116791,0,0,0,56.8885161876678,0,0,0,0,0,0,0,0,0,0,0,0,0,0,0,0.893595457077026,0,0,0,2.28774678707123,0,137.637435346842,1.61530607938766,0,0,0,0,0,0,0,0,11.4288656711578,0,0,0,0.222571313381195,0,2.95797419548035,0,0,0,35.151416182518,0,0,0,0,0,0,0,0,0,0,0,0,0,0,0,0,2.51778030395508,0,0,0,510.454105824232,0,285.665465593338,3.96698597073555,0
0,0,0,0,6.5433543920517,0,0,0,0,0,20.4651884138584,0,7,0,0,0,0,0,0,0,54.717803299427,0,0,0,0,0,0,0,0,0,0,0,0,0,0,0,1,0,0,0,0,0,0,0,0,0,0,0,0,0,0,0,609.792434126139,0,0,0,0,0,0,0,0,0,0,0,0,0,0,0,0,0,0,0,0,0,0,0,0,0,0,0,0,0,3.82624053955078,2.6809349656105,11.3142436146736,0,0
0,0,0,0,0,0,0,0,0,0,0,0,0,0,0,0,0,0,0,21.238639831543,0,0,0,0,0,0,0,0,0,0,0,0,0,0,0,0,0,0,0,0,0,0,0,0,0,0,0,0,0,0,0,0,0,0,0,0,0,0,0,0,0,0,0,0,0,0,0,0,0,0,0,0,0,0,0,0,0,0,0,0,0,0,38.6986144781113,0,0,0,0
221.775721311569,0,17.5002013593912,0,20.7197883874178,0,0,0,0,0,0,0,0,0,366.605415284634,0,12.8643163442612,0,95.1314139142632,0,0,0,0,0,53.1876683831215,0,69.4779706001282,0,0,0,0,0,0,0,0,0,0.118673004209995,0,0.371462523937225,0,0,0,29.9587972909212,0,0,0,0,0,48.522602468729,0,0,0,0,0,1165.80013109744,0,0,0,0,0,317.746736377478,0,0,1.73825907707214,0,0,0,101.587106898427,0,0,0,0.972570337355137,0,3.08640904724598,0,0,0,0,0,1.75873076915741,0,152.671952083707,912.843706130981,332.686649262905,343.694364279509,0,0
0,602.134043291211,0,26.6627236604691,0,10.7974844127893,0,0,0,0,0,0,0,0,0,0,0,12.5594692230225,28.2492266446352,0,0,0,0,30.1419978141785,0,0,0,0,0,0,0,0,0,0,0,0,0,41.2649543583393,0,0,0,101.509935721755,2.28313136100769,0,0,0,0,0,0,14.3865738660097,0,0,0,0,0,841.020782530308,0,0.544994175434113,0,0,0,25.4577233791351,0,0,0,0,2.25879535079002,0,0,0,0,0,0,0,0,0,0,0,0,0,82.230419665575,0,1268.33610904962,479.957446709275,90.3287574201822,9.46066981554031,0
0,0,0,0,303.740310370922,0,20.4651884138584,0,0,0,0,0,621.49723353982,0,0,0,0,0,0,0,1340.3193269074,0,0,0,0,0,0,0,0,0,29.4828824996948,0,0,0,0,0,0,0,72.2002211213112,0,0,0,0,0,0,0,0,0,0,0,0,0,38.7944556176662,0,0,0,7776.41610795259,0,2182.83574092388,0,0,0,0,50.1019959747791,0,0,0,0,0,0,0,0,0,111.239188551903,0,0,0,0,0,0,0,0,19.6400927305222,1.35890758037567,7.90479791164398,0,0
0,0,0,0,0,0,0,0,0,0,0,0,0,1392.37526905537,0,0,0,0,0,954.806061983109,0,0,0,0,0,0,0,117.044183135033,0,0,0,0,0,0,0,1821.74279987812,0,834.190218925476,0,0,0,0,0,0,0,0,0,0,0,0,0,0,0,0,0,0,0,296.564003586769,0,6473.43519833684,0,0,28.4327487945557,0,0,0,0,0,0,0,1416.2349704504,0,0,0,0,0,0,0,20.6665605306625,0,0,0,798.394267439842,0,0,0,0
0,0,0,0,0,0,7,0,0,0,621.49723353982,0,0,0,665.541373372078,0,0,0,0,0,0,0,0,0,0,0,0,0,566.660521566868,0,0,0,0,0,0,0,0,0,0,0,0,0,0,0,0,0,0,0,0,0,0,0,0,0,0,0,0,0,5936.16642326117,0,0,0,0,0,0,0,0,0,0,0,0,5.18258118629456,0,0,0,0,0,0,0,0,0,0,925.094999521971,1457.74625110626,0,0,0
0,0,0,0,0,0,0,0,0,0,0,1392.37526905537,0,0,0,787.544199466705,0,0,0,0,0,0,0,0,0,0,0,73.6324205994606,0,0,0,0,0,0,0,0,0,0,0,0,0,0,0,0,0,0,0,0,0,0,0,0,0,0,0,0,0,225.026850521564,0,534.79100394249,0,5153.25665435195,0,0,0,0,0,0,0,0,161.384125292301,0,0,0,0,0,0,0,0,0,0,0,2669.46809536219,3166.58984404802,0,0,0
0,0,0,0,0,0,0,0,366.605415284634,0,0,0,665.541373372078,0,0,0,18.2869546413422,0,0,0,0,0,0,0,0,0,60.1037955284119,0,92.6063905954361,0,0,0,0,0,0,0,0,0,0,0,0,0,0,0,0,0,0,0,1.36102962493896,0,0,0,0,0,130.68155169487,0,0,0,35.8104231357574,0,154.115175068378,0,0,0,0,0,0,0,0,0,0,0,0,0,0,0,0,0,0,0,0,0,617.97114855051,115.86698743701,0,0,0
0,0,0,0,0,3.46653211116791,0,0,0,0,0,0,0,787.544199466705,0,0,0,12.7338866591454,0,0,0,0,0,0,0,115.641740322113,0,179.112550199032,0,0,0,0,0,0,0,0,0,0,0,0,0,0,0,0,0,0,0,0,0,0,0,0,0,0,0,0,0,0,0,1925.69661200047,0,1018.30098348856,0,0,0,0,0,0,8.7776153087616,0,800.274269640446,0,0,0,0,0,0,0,0,0,0,0,1003.13966184855,103.838185966015,0,0,0
0,0,0.214198715984821,1.41569399833679,0,0,0,0,12.8643163442612,0,0,0,0,0,18.2869546413422,0,0,18178.5820976347,10727.8493625559,0,0,0,64.7039141058922,0,0,0,7.50801438093185,0,57.1453310251236,0,0,0,0,0,0,0,0,0,0,8.01206443458796,5.24579332768917,11.1028241589665,117.411138750613,0.664528861641884,0,11.1581837385893,72.7995215058327,0,0,0,0,0,0,0,0,0,0,0,0,0,0,0,0,13.3507034033537,0,0,0,0,0,0,0,0,0,0,0,0,0,0,4.66436855494976,91.6454616189003,0,0,13278.6872855723,1034.78036674857,371.099049247801,3.22439580410719,26.944059856236
0,0.156400352716446,0,13.8602563738823,0,0,0,0,0,12.5594692230225,0,0,0,0,0,12.7338866591454,18178.5820976347,0,9541.27477692813,0,0,100.028807640076,0,0,0,18.9220824241638,0,0,0,0,0,0,0,0,0,0,0,0,0,84.8878363072872,4.91917878389359,257.459466457367,5.43755547702312,32.4792688637972,0,113.483445420861,24.595847286284,0,0,0,0,0,0,0,0,0,0,0.516877956688404,0,0,0,0,0,3.299121953547,0,0,0,0,0,0,0,0,0,0,0,0,0,0,145.072636328638,19.6192693933845,0,0,16261.0601514429,7637.92309828103,1056.64793331921,93.2243153676391,0.847346626222134
74.8251905366778,183.044236943126,6.52429670095444,37.1159770339727,0.354258149862289,0,0,0,95.1314139142632,28.2492266446352,0,0,0,0,0,0,10727.8493625559,9541.27477692813,0,0,0,0,0,0.956767454743385,0,0,0,0,0,0,0,0,0,0,0,0,0,0,0,366.959611803293,233.551226757467,3705.05860053003,3795.30714523792,344.680979348719,37.6202183663845,788.434928521514,2990.75589866191,0,0.74903704226017,9.09627214074135,0,0,0,0,50.3538380265236,9.26694977283478,0.819907456636429,8.31572147458792,0,0,0,0,0.173844054341316,380.741800650954,0,0,5.555160805583,0.555271230638027,0,0,0,1.03071311861277,0.391338318586349,5.90510465949774,0,0,0,0,1056.06235473603,1852.52565613389,0,0.592919051647186,12146.3247759044,2236.58801943064,18013.122123912,563.856866791844,357.680066078901
0,0,0,0,0,56.8885161876678,0,21.238639831543,0,0,0,954.806061983109,0,0,0,0,0,0,0,0,0,0,0,0,0,0,0,0,0,0,0,0,0,0,0,371.103265315294,0,267.400233745575,0,0,0,0.809548318386078,0,0,0,0,0,0,0,0.97907567024231,0,0,0,1.99635660648346,0,0,0,22.4534239768982,0,0,0,0,4.90943905711174,0,0,0,0,0,0,0,0,0,0,0,0,0,0,0,14.4644142091274,0,0,0,352.250050917268,26.7107894420624,335.31155064702,0,0
0,0,0,0,36.252826243639,0,54.717803299427,0,0,0,1340.3193269074,0,0,0,0,0,0,0,0,0,0,0,0,0,0,0,0,0,0,0,0,0,0,0,0,0,1161.87448394299,0,227.664816915989,0,0,0,0,0,0,0,0,0,0,0,0,0,55.4599143862724,0,0,0,597.357537508011,0,0,0,0,0,0,287.161105930805,0,0,0,0,0,0,0,0,0,0,0,0,0,0,0,4.37926763296127,0,0,776.830289244652,0,0,0,0
0,0,0,0,0,0,0,0,0,0,0,0,0,0,0,0,0,100.028807640076,0,0,0,0,3407.36410796642,345.592348098755,0,392.567049980164,0,179.63082242012,0,0,0,0,0,0,0,0,0,35.2179522514343,0,0,0,0,0,0,0,0,0,0,0,0,0,0,0,0,0,0,0,0,0,0,0,0,0,0,5262.41551935673,19.6809816360474,1436.49463760853,0,0,0,17.5490427017212,0,0,0,0,0,0,0,0,0,2.71864151954651,0,1827.70697164536,373.010166049004,0,0,0
0,0,0,0,0,0,0,0,0,0,0,0,0,0,0,0,64.7039141058922,0,0,0,0,3407.36410796642,0,0,0,0,0,0,204.138829231262,0,0,0,0,0,0,0,0,0,14.7162747383118,0,0,0,0,0,0,0,0,0,0,0,0,0,0,0,0,0,0,0,0,0,0,0,0,0,105.952851891518,4437.01854971051,0,52.8023600578308,0,0,0,0,0,0,0,0,0,0,0,0,0,0,492.302222847939,851.847725629807,0,0,0
0,21.9286525398493,0,1.42222444713116,0,0,0,0,0,30.1419978141785,0,0,0,0,0,0,0,0,0.956767454743385,0,0,345.592348098755,0,0,0,0,0,0,0,0,0,0,0,0,0,0,0,7.44637137651443,0,0,0,0.887745961546898,0,0,0,0,0,0,0,1.72804170846939,0,0,0,0,0,58.8623567968607,0,0,0,0,0,0,0,0,317.670750498772,0,1161.65636128187,0,121.664912581444,0,0,0,0,0,0,0,0,0,0,0,8.1475545167923,0,24.1760416179895,0,8.59081602096558,0.393471330404282,0
1.15094378590584,0,0,0,0,0,0,0,53.1876683831215,0,0,0,0,0,0,0,0,0,0,0,0,0,0,0,0,0,1.89546889066696,0,0,0,0,0,0,0,0,0,0,0,7.18267184495926,0,0,0,0,0,0,0,0,0,0,0,0,0,0,0,59.9119942188263,0,0,0,0,0,0,0,0,0,0,16.3028917312622,0,382.931064277887,0,0,0,0,0,0,0,0,0,0,0,0,0,8.40994679927826,3.44793593883514,0,0,0,0
0,0,0,0,0,0,0,0,0,0,0,0,0,0,0,115.641740322113,0,18.9220824241638,0,0,0,392.567049980164,0,0,0,0,0,763.623957931995,0,0,0,0,0,0,0,0,0,0,0,0,0,0,0,0,0,0,0,0,0,0,0,0,0,0,0,0,0,0,0,0,0,7.77972620725632,0,0,154.929191827774,0,0,0,281.578868746758,0,2852.33584043384,0,0,0,0,0,0,0,0,0,0,0,7,0,0,0,0
0,0,0,0,0,0,0,0,69.4779706001282,0,0,0,0,0,60.1037955284119,0,7.50801438093185,0,0,0,0,0,0,0,1.89546889066696,0,0,0,1019.60712373257,0,0,0,0,0,0,0,0,0,0,0,0,0,0,0,0,0,0,0,0,0,0,0,0,0,0,0,0,0,0,0,0,0,0,0,0,0,0,0,0,12.181657075882,0,13.0110292434692,0,0,0,0,0,0,0,0,0,0,31.3325303792953,0,0,0,0
0,0,0,0,0,0,0,0,0,0,0,117.044183135033,0,73.6324205994606,0,179.112550199032,0,0,0,0,0,179.63082242012,0,0,0,763.623957931995,0,0,0,12,0,0,0,0,0,0,0,0,0,0,0,0,0,0,0,0,0,0,0,0,0,0,0,0,0,0,0,0,0,5.61104226112366,0,0,0,0,0,0,0,0,0,0,5108.36960017681,0,0,0,0,0,0,0,0,0,0,0,152.836193680763,15,0,0,0
0,0,0,0,0,0,0,0,0,0,0,0,566.660521566868,0,92.6063905954361,0,57.1453310251236,0,0,0,0,0,204.138829231262,0,0,0,1019.60712373257,0,0,0,231.359928131104,0,0,0,0,0,0,0,0,0,0,0,0,0,0,0,0,0,0,0,0,0,0,0,0,0,0,0,857.908363372087,0,0,0,0,0,0,0,0,0,0,1,0,2783.92295753956,0,0,0,0,0,0,0,0,0,0,2130.48885536194,22.0693542957306,0,0,0
0,0,0,0,0,0,0,0,0,0,0,0,0,0,0,0,0,0,0,0,0,0,0,0,0,0,0,12,0,0,0,0,0,0,0,0,0,117.328790903091,0,0,0,0,0,0,0,0,0,0,0,0,0,0,0,0,0,0,0,185.568389415741,0,0,0,0,0,0,0,0,0,0,0,0,60.3142130374908,0,63.5971238613129,0,0,0,0,0,0,0,0,0,0,0,0,0,0
0,0,0,0,0,0,0,0,0,0,29.4828824996948,0,0,0,0,0,0,0,0,0,0,0,0,0,0,0,0,0,231.359928131104,0,0,0,0,0,0,0,0,0,0,0,0,0,0,0,0,0,0,0,0,0,0,0,0,0,0,0,151.608428955078,0,0,0,0,0,0,0,0,0,0,0,0,0,0,0,0,48.0343804359436,0,0,0,0,0,0,0,0,0,0,0,0,0
0,0,0,0,0,0,0,0,0,0,0,0,0,0,0,0,0,0,0,0,0,0,0,0,0,0,0,0,0,0,0,0,1507.73505839705,364.238925635815,3,0,3,0,0,0,0,0,0,0,0,0,0,2572.8216329664,46.6585135161877,0,0,0,0,0,0,0,0,0,0,0,0,0,0,0,0,0,0,0,0,0,0,0,0,0,104.150116443634,1987.58685874939,53.5151346921921,5.67115163803101,0,1.43800806999207,0,0,7.12561464309692,0,0,0,0
0,0,0,0,0,0,0,0,0,0,0,0,0,0,0,0,0,0,0,0,0,0,0,0,0,0,0,0,0,0,0,1507.73505839705,0,0,0,8.1621561050415,9.7759096622467,0,0,0,0,0,0,0,0,0,0,461.480365395546,0,0,0,0,0,0,0,0,0,0,0,0,0,0,0,0,0,0,0,0,0,0,0,0,0,0,0,2822.55634179711,0,23.9288091659546,0,0,0,0,391.285879194736,0,0,0,0
0,0,0,0,0,0,0,0,0,0,0,0,0,0,0,0,0,0,0,0,0,0,0,0,0,0,0,0,0,0,0,364.238925635815,0,0,2092.4838617444,110.889076471329,0,925.205941572785,330.802852839231,0,0,0,0,0,0,0,0,817.250001370907,29.3800268471241,4.07701814174652,0,0,0,0,0,0,0,0,0,0,0,0,0,0,0,0,0,0,0,0,0,0,0,0,14.3625733852386,0,2561.68154883385,880.306252300739,258.923768162727,0,445.738845452666,220.811084270477,621.317575335503,23.2256009578705,0,0,0
0,0,0,0,0,0,0,0,0,0,0,0,0,0,0,0,0,0,0,0,0,0,0,0,0,0,0,0,0,0,0,3,0,2092.4838617444,0,0,17,118.123691737652,157.661296844482,0,0,0,0,0,0,0,0,1014.78336702287,0,0,0,0,0,0,0,0,0,0,0,0,0,0,0,0,0,0,0,0,0,0,0,0,0,0,0,0,361.989944815636,1665.02675628662,0,0,11.1879067122936,218.588643193245,455.488673403859,48.84041929245,0,0,0
0,0,0,0.712770238518715,0,0.893595457077026,0,0,0,0,0,1821.74279987812,0,0,0,0,0,0,0,371.103265315294,0,0,0,0,0,0,0,0,0,0,0,0,8.1621561050415,110.889076471329,0,0,6.02791488170624,1213.89551365376,0,18.7314469814301,0,19.1183110326529,0,0,0,0,0,0,0,2.03417208790779,0,0,0,0,0,0,0,596.104738473892,0,0,0,0,574.887336134911,0,0,0,0,0,0,0,0,0,0,0,0,0,0,0,2987.25834751129,0,4204.10715782642,0,847.232797399163,0,352.312108337879,0.24001607298851,0
0,0,68.4673140496016,0,44.5696637630463,0,1,0,0.118673004209995,0,0,0,0,0,0,0,0,0,0,0,1161.87448394299,0,0,0,0,0,0,0,0,0,0,3,9.7759096622467,0,17,6.02791488170624,0,0,1600.73207169771,0,0,0.771632105112076,0,0,0,0,0,0,0.420194894075394,0,3.83717307448387,0,0,0,1.75772559642792,0,0,0,0,0,0,0,0,264.609486535192,0,0,0,0,0,0,0,0,0,0,0,84.1638977527618,0,0,0,964.961455374956,0,2434.712487638,276.067935824394,0,275.859477199614,0.453261345624924,0
0,10.4014513343573,0,1.04801744222641,0,0,0,0,0,41.2649543583393,0,834.190218925476,0,0,0,0,0,0,0,267.400233745575,0,35.2179522514343,0,7.44637137651443,0,0,0,0,0,117.328790903091,0,0,0,925.205941572785,118.123691737652,1213.89551365376,0,0,2397.00979152322,0,0,12.8742715418339,0,0,0,0,0,110.758263751864,0,5.71246555447578,0,0,0,0,0,82.2963463664055,0,1040.71855860949,0,0,0,0,13.8020029067993,0,6,0,43.3030124157667,0,0,0,0,0,139.010268449783,0,0,0,370.202290117741,8.73770147562027,4,0,13226.9168239087,1279.56070411205,1529.78076963127,49.4500629901886,18.1693856567144,7.09868240356445,0
21.9939545243979,0,0,0,0,0,0,0,0.371462523937225,0,72.2002211213112,0,0,0,0,0,0,0,0,0,227.664816915989,0,14.7162747383118,0,7.18267184495926,0,0,0,0,0,0,0,0,330.802852839231,157.661296844482,0,1600.73207169771,2397.00979152322,0,0,0,0,0,0,0,0,0,1127.58072046936,0,0,0,0,0,0,0.200314894318581,0,79.844718337059,0,0,0,0,0,0,0,0,0,0,14.9999793767929,0,0,0,0,0,0,0,0,0,726.371017575264,0,0,433.626316040754,13630.0730024576,2698.96793875098,14,355.79149338603,0,0
0,0.177171245217323,0,9.00094617903233,0,2.28774678707123,0,0,0,0,0,0,0,0,0,0,8.01206443458796,84.8878363072872,366.959611803293,0,0,0,0,0,0,0,0,0,0,0,0,0,0,0,0,18.7314469814301,0,0,0,0,0.26277706772089,160.689752459526,0.127443045377731,2.08591355383396,0,129.366768427193,2.77176240086555,0,0,537.961502924562,0,0,0,0,0,0.184361636638641,0,0.448969282209873,0,0,0,0,0,0.112845957279205,0,0,0,0,0,0,0,0,0,0,0,0,0,0,399.197537705302,1.18644441664219,0,0,319.891083583236,100.065027035773,1812.92209926248,3.89204342663288,0
0,0,52.5416176915169,0,0,0,0,0,0,0,0,0,0,0,0,0,5.24579332768917,4.91917878389359,233.551226757467,0,0,0,0,0,0,0,0,0,0,0,0,0,0,0,0,0,0,0,0,0.26277706772089,0,0.446858957409859,86.452915713191,0,1.14982938766479,1.52801269292831,876.890470132232,46.9964085966349,1358.79019097984,1.86162221431732,0,0,0,0,0,0,0,0,0,0,0,0,0,6.50793713331223,0,0,0,0,0,0,0,0,0,0,0,0,0,0,1.47174662351608,88.5689885616302,0,0,168.536404892802,37.1491091772914,598.627061538398,0,0.93338306248188
0,933.738451473415,0,980.560975894332,0,137.637435346842,0,0,0,101.509935721755,0,0,0,0,0,0,11.1028241589665,257.459466457367,3705.05860053003,0.809548318386078,0,0,0,0.887745961546898,0,0,0,0,0,0,0,0,0,0,0,19.1183110326529,0.771632105112076,12.8742715418339,0,160.689752459526,0.446858957409859,0,6.16581376641989,9.33359628915787,0,40.2369579747319,9.26423089206219,0,27.7029830515385,330.46724691242,0,5.65068148076534,0,0,0,168.350845113397,0,28.8593519479036,0,0,0,0,0,0.431499779224396,0,0,0.169882923364639,0,0,0,0,0,2.4727531298995,0,0,0,0,0,178.931310109794,0.650276824831963,0,0,1875.96012634039,78.8534019365907,6968.16296917945,456.975828178227,0
183.80402058363,0,342.481123171747,1.10380382835865,8.89185779541731,1.61530607938766,0,0,29.9587972909212,2.28313136100769,0,0,0,0,0,0,117.411138750613,5.43755547702312,3795.30714523792,0,0,0,0,0,0,0,0,0,0,0,0,0,0,0,0,0,0,0,0,0.127443045377731,86.452915713191,6.16581376641989,0,0,13.3591592013836,0.130086287856102,948.283607594669,0,156.48763923347,0,12.9422568976879,0,0,0,40.4597510695457,1.74448418617249,0.126142129302025,0,0,0,0.675859779119492,0,0,239.943927325308,0,0,0,0.127348527312279,0,0,0,1.3856753334403,0,3.10079339146614,0,0,0,0,1.6474694609642,446.054140970111,0,0.11945628374815,1354.52359768003,177.107656337321,7099.5388321653,0,158.700349591672
0,0,0,0,0,0,0,0,0,0,0,0,0,0,0,0,0.664528861641884,32.4792688637972,344.680979348719,0,0,0,0,0,0,0,0,0,0,0,0,0,0,0,0,0,0,0,0,2.08591355383396,0,9.33359628915787,0,0,0,24.4254733771086,1.60424983501434,0,0,0,0,0,0,0,0,0,0,0.955698788166046,0,0,0,0,0,0,0,0,0,0,0,0,0,0,0,0,0,0,0,0,10.7548674941063,0,0,0,145.994991712272,4.28564293682575,271.652413025498,1.1269493997097,0
0,0,0,0,0,0,0,0,0,0,0,0,0,0,0,0,0,0,37.6202183663845,0,0,0,0,0,0,0,0,0,0,0,0,0,0,0,0,0,0,0,0,0,1.14982938766479,0,13.3591592013836,0,0,0,24.7355640679598,0,0,0,0,0,0,0,0,0,0,0,0,0,0,0,0,0,0,0,0,0,0,0,0,0,0,0,0,0,0,0,0,0,0,0,119.286169573665,0.15553979575634,35.7892658412457,0,0
0,0,0,3.94973666965961,0,0,0,0,0,0,0,0,0,0,0,0,11.1581837385893,113.483445420861,788.434928521514,0,0,0,0,0,0,0,0,0,0,0,0,0,0,0,0,0,0,0,0,129.366768427193,1.52801269292831,40.2369579747319,0.130086287856102,24.4254733771086,0,0,15.2222707569599,0,0,0,0,0,0,0,0,0,0,1.5931134968996,0,0,0,0,179.138249337673,1.15962136536837,0,0,0,0,0,0,0,0,0,0,0,0,0,0,41.4103098586202,2.26176564395428,0,0,912.462469436228,356.645604759455,920.321123443544,3.97295096516609,0
0,0,25.6158830523491,4.28778219968081,0,0,0,0,0,0,0,0,0,0,0,0,72.7995215058327,24.595847286284,2990.75589866191,0,0,0,0,0,0,0,0,0,0,0,0,0,0,0,0,0,0,0,0,2.77176240086555,876.890470132232,9.26423089206219,948.283607594669,1.60424983501434,24.7355640679598,15.2222707569599,0,0,1.77653335034847,0,0,0,0,0,2.05750443041325,0,0,0,0,0,0,0,0,220.277181737125,0,0,0,0,0,0,0,0.341758161783218,0,0,0,0,0,0,2.91780934482813,187.636183716357,0,0,2158.72148868442,423.586795970798,1229.62877207994,0,0
0,0,0,0,0,0,0,0,0,0,0,0,0,0,0,0,0,0,0,0,0,0,0,0,0,0,0,0,0,0,0,2572.8216329664,461.480365395546,817.250001370907,1014.78336702287,0,0,110.758263751864,1127.58072046936,0,46.9964085966349,0,0,0,0,0,0,0,7965.58235749602,417.135935232043,0,0,0,0,0,0,0,0,0,0,0,0,0,0,0,0,0,0,0,0,0,0,0,0,0,146.587237149477,16.9830798953772,53.3550423383713,0,886.011379212141,92.898050993681,39.4836177527905,1833.73684513569,0,8.95792138576508,0,0
312.715095005929,0,105.577992022038,0.556355968117714,0,0,0,0,48.522602468729,0,0,0,0,0,1.36102962493896,0,0,0,0.74903704226017,0,0,0,0,0,0,0,0,0,0,0,0,46.6585135161877,0,29.3800268471241,0,0,0.420194894075394,0,0,0,1358.79019097984,27.7029830515385,156.48763923347,0,0,0,1.77653335034847,7965.58235749602,0,1841.15070028603,0,0,0,0,25.057639092207,0,1,0,0,0,7.56948494911194,0,0,0,0,0,0,0,0,0,0,0,0,0,0,57.3521176874638,0,0,0,96.8497724235058,0,1.39664760231972,5578.91855366528,0.225237742066383,817.40308444947,7.330676227808,0
0,34.8095311075449,0,13.3998623937368,0,0,0,0,0,14.3865738660097,0,0,0,0,0,0,0,0,9.09627214074135,0.97907567024231,0,0,0,1.72804170846939,0,0,0,0,0,0,0,0,0,4.07701814174652,0,2.03417208790779,0,5.71246555447578,0,537.961502924562,1.86162221431732,330.46724691242,0,0,0,0,0,417.135935232043,1841.15070028603,0,0,0,0,0,0,7.68730837106705,0,7.14741218835115,0,0,0,0,0,0,0,0,1.83457826077938,0,0,0,0,0,0,0,0,0,0,0,112.893543481827,0,0,0,2211.9271813482,0.292351424694061,506.762291006744,17.9879957437515,0
0,0,235.029739975929,0,172.509917229414,0,0,0,0,0,0,0,0,0,0,0,0,0,0,0,0,0,0,0,0,0,0,0,0,0,0,0,0,0,0,0,3.83717307448387,0,0,0,0,0,12.9422568976879,0,0,0,0,0,0,0,0,0,0,0,0,0,43.8555115759373,0,0,0,0,0,0,0,0,0,0,0,0,0,0,0,0,0,0,0,0,0,0,0,0,0,2.04524326324463,0,376.631908148527,0,0
0,0,0,42.7683791518211,0,11.4288656711578,0,0,0,0,0,0,0,0,0,0,0,0,0,0,0,0,0,0,0,0,0,0,0,0,0,0,0,0,0,0,0,0,0,0,0,5.65068148076534,0,0,0,0,0,0,0,0,0,0,0,0,0,0,0,0,0,0,0,0,0,0,0,0,0,0,0,0,0,0,0.180678471922874,0,0,0,0,0,0,0,0,0,185.85796880722,0,15.293667063117,0,0
0,0,0,0,816.497452616692,0,609.792434126139,0,0,0,38.7944556176662,0,0,0,0,0,0,0,0,0,55.4599143862724,0,0,0,0,0,0,0,0,0,0,0,0,0,0,0,0,0,0,0,0,0,0,0,0,0,0,0,0,0,0,0,0,0,0,0,0,0,0,0,0,0,0,0,0,0,0,0,0,0,0,0,0,0,0,0,0,0,0,0,0,0,6.88387441635132,15.1603493094444,43.4656580686569,0,0
0,0,0,0,0,0,0,0,0,0,0,0,0,0,0,0,0,0,0,1.99635660648346,0,0,0,0,0,0,0,0,0,0,0,0,0,0,0,0,0,0,0,0,0,0,0,0,0,0,0,0,0,0,0,0,0,0,0,0,0,0,0,0,0,0,0,0,0,0,0,0,0,0,0,0,0,0,0,0,0,0,0,0,0,0,1.99509072303772,0,0,0,0
67.6048838049173,0,20.8127810060978,0,50.859035551548,0,0,0,1165.80013109744,0,0,0,0,0,130.68155169487,0,0,0,50.3538380265236,0,0,0,0,0,59.9119942188263,0,0,0,0,0,0,0,0,0,0,0,1.75772559642792,0,0.200314894318581,0,0,0,40.4597510695457,0,0,0,2.05750443041325,0,25.057639092207,0,0,0,0,0,0,0,0,0,0,0,283.369126498699,0,0,1.62876775860786,0,0,0,344.089156508446,0,0,0,1.27505926787853,0,3.43869405984879,0,0,0,0,0,0,0,12.7671189159155,132.749374061823,0.485415227711201,187.1293810606,0,0
0,713.257208377123,0,67.9918930828571,0,0.222571313381195,0,0,0,841.020782530308,0,0,0,0,0,0,0,0,9.26694977283478,0,0,0,0,58.8623567968607,0,0,0,0,0,0,0,0,0,0,0,0,0,82.2963463664055,0,0.184361636638641,0,168.350845113397,1.74448418617249,0,0,0,0,0,0,7.68730837106705,0,0,0,0,0,0,0,11.9460106641054,0,0,0,0,0,0,0,0,41.8472350239754,0,0,0,0,0,0.403954342007637,0,0,0,0,0,0,0,582.017211049795,0,164.272947020829,0.241038590669632,177.488824352622,6.2740167081356,0
0,0,0.25473341345787,0,11.3569846451283,0,0,0,0,0,7776.41610795259,0,0,0,0,0,0,0,0.819907456636429,0,597.357537508011,0,0,0,0,0,0,0,0,0,151.608428955078,0,0,0,0,0,0,0,79.844718337059,0,0,0,0.126142129302025,0,0,0,0,0,1,0,43.8555115759373,0,0,0,0,0,0,0,9.05289101600647,0,1,0,0,115.077932715416,0,0,0,0,0,0,0,0,0,70.3953667879105,0,0,0,0,0,0,0,0,12.9165601283312,0,5.83095173537731,0,0
0,0.167905539274216,0,48.2189724594355,0,2.95797419548035,0,0,0,0.544994175434113,0,296.564003586769,0,225.026850521564,0,0,0,0.516877956688404,8.31572147458792,22.4534239768982,0,0,0,0,0,0,0,0,0,185.568389415741,0,0,0,0,0,596.104738473892,0,1040.71855860949,0,0.448969282209873,0,28.8593519479036,0,0.955698788166046,0,1.5931134968996,0,0,0,7.14741218835115,0,0,0,0,0,11.9460106641054,0,0,0,738.974158585072,0,0,5.65744924545288,0,0,0,0,0,0,0,0,0,56.4504133760929,0,0,0,0,0,28.0011079907417,0.129454538226128,0,0,442.764681488276,1.21331845223904,202.064912192523,0.712782502174377,0.0628624483942986
0,0,12.1236216425896,0,0,0,0,0,0,0,2182.83574092388,0,5936.16642326117,0,35.8104231357574,0,0,0,0,0,0,0,0,0,0,0,0,0,857.908363372087,0,0,0,0,0,0,0,0,0,0,0,0,0,0,0,0,0,0,0,0,0,0,0,0,0,0,0,9.05289101600647,0,0,0,0,0,0,0,0,0,0,0,0,0,0,0,0,0,0,0,0,0,0,0,0,0,89.4759939908981,37.5486577153206,0,0,0
0,0,0,0,0,0,0,0,0,0,0,6473.43519833684,0,534.79100394249,0,1925.69661200047,0,0,0,0,0,0,0,0,0,0,0,5.61104226112366,0,0,0,0,0,0,0,0,0,0,0,0,0,0,0,0,0,0,0,0,0,0,0,0,0,0,0,0,0,738.974158585072,0,0,0,219.666023313999,0,0,0,0,0,0,0,0,0,0,0,0,0,0,0,0,0,0,0,0,686.901204437017,194.075395703316,0,0,0
1.26203632354736,0,88.9838671684265,0,0,0,0,0,317.746736377478,0,0,0,0,0,154.115175068378,0,0,0,0,0,0,0,0,0,0,0,0,0,0,0,0,0,0,0,0,0,0,0,0,0,0,0,0.675859779119492,0,0,0,0,0,7.56948494911194,0,0,0,0,0,283.369126498699,0,1,0,0,0,0,0,0,0,0,0,0,0,0,0,0,0,0,0,0,0,0,0,0,0,0,0,4.93984287977219,150.964472711086,4.69046990573406,0,0
0,0,0,0,0,35.151416182518,0,0,0,25.4577233791351,0,0,0,5153.25665435195,0,1018.30098348856,0,0,0,0,0,0,0,0,0,7.77972620725632,0,0,0,0,0,0,0,0,0,0,0,0,0,0,0,0,0,0,0,0,0,0,0,0,0,0,0,0,0,0,0,0,0,219.666023313999,0,0,0,0,0,0,0,0,0,0,0,0,0,0,0,0,0,0,0,0,0,0,661.885867714882,55.8853640556335,0,0,0
0,0,0,0.921421825885773,0,0,0,0,0,0,0,28.4327487945557,0,0,0,0,0,0,0.173844054341316,4.90943905711174,0,0,0,0,0,0,0,0,0,0,0,0,0,0,0,574.887336134911,0,13.8020029067993,0,0,0,0,0,0,0,179.138249337673,0,0,0,0,0,0,0,0,0,0,0,5.65744924545288,0,0,0,0,0,0,0,0,0,0,0,0,0,0,0,0,0,0,0,0,1,0,0,0,9.99837136268616,0,298.657530128956,0,0
0,0,11.6409030109644,0.302468329668045,1.86133706569672,0,0,0,1.73825907707214,0,50.1019959747791,0,0,0,0,0,13.3507034033537,3.299121953547,380.741800650954,0,287.161105930805,0,0,0,0,0,0,0,0,0,0,0,0,0,0,0,264.609486535192,0,0,0.112845957279205,6.50793713331223,0.431499779224396,239.943927325308,0,0,1.15962136536837,220.277181737125,0,0,0,0,0,0,0,1.62876775860786,0,115.077932715416,0,0,0,0,0,0,0,0,0,0,0,0,0,0,0,0,0,0,0,0,0,0,9.69241890311241,0,0,766.320386752486,12.5233799442649,421.107494980097,0,0.504548013210297
0,0,0,0,0,0,0,0,0,0,0,0,0,0,0,0,0,0,0,0,0,5262.41551935673,105.952851891518,317.670750498772,0,154.929191827774,0,0,0,0,0,0,0,0,0,0,0,6,0,0,0,0,0,0,0,0,0,0,0,0,0,0,0,0,0,0,0,0,0,0,0,0,0,0,0,0,10.7771589756012,0,0,0,0,0,0,0,0,0,0,0,0,0,0,0,40.1612260341644,0,0,0,0
0,0,0,0,0,0,0,0,0,0,0,0,0,0,0,0,0,0,0,0,0,19.6809816360474,4437.01854971051,0,16.3028917312622,0,0,0,0,0,0,0,0,0,0,0,0,0,0,0,0,0,0,0,0,0,0,0,0,0,0,0,0,0,0,0,0,0,0,0,0,0,0,0,0,0,0,117.933990478516,0,0,0,0,0,0,0,0,0,0,0,0,0,0,51.1560139656067,0,0,0,0
0,82.0510766506195,0,5.90871229767799,0,0,0,0,0,2.25879535079002,0,0,0,0,0,0,0,0,5.555160805583,0,0,1436.49463760853,0,1161.65636128187,0,0,0,0,0,0,0,0,0,0,0,0,0,43.3030124157667,0,0,0,0.169882923364639,0,0,0,0,0,0,0,1.83457826077938,0,0,0,0,0,41.8472350239754,0,0,0,0,0,0,0,0,10.7771589756012,0,0,0,0,0,0,0,0,0,0,0,0,0,0,0,341.226916849613,0,176.867274552584,0,78.9602397084236,0,0
30.4652703851461,0,0.370642945170403,0,0.231982886791229,0,0,0,101.587106898427,0,0,0,0,0,0,0,0,0,0.555271230638027,0,0,0,52.8023600578308,0,382.931064277887,0,0,0,0,0,0,0,0,0,0,0,0,0,14.9999793767929,0,0,0,0.127348527312279,0,0,0,0,0,0,0,0,0,0,0,344.089156508446,0,0,0,0,0,0,0,0,0,0,117.933990478516,0,0,0,0,0,0,0,0,0,0,0,0,0,0,0,939.687785953283,0.712088868021965,0,0.903726994991302,0,0
0,0,0,0,0,0,0,0,0,0,0,0,0,0,0,8.7776153087616,0,0,0,0,0,0,0,121.664912581444,0,281.578868746758,0,0,0,0,0,0,0,0,0,0,0,0,0,0,0,0,0,0,0,0,0,0,0,0,0,0,0,0,0,0,0,0,0,0,0,0,0,0,0,0,0,0,0,0,0,0,0,0,0,0,0,0,0,0,0,0,0,0,0,0,0
0,0,0,0,0,0,0,0,0,0,0,0,0,0,0,0,0,0,0,0,0,0,0,0,0,0,12.181657075882,0,1,0,0,0,0,0,0,0,0,0,0,0,0,0,0,0,0,0,0,0,0,0,0,0,0,0,0,0,0,0,0,0,0,0,0,0,0,0,0,0,0,0,0,0,0,0,0,0,0,0,0,0,0,0,0,0,0,0,0
0,0,0,0,0,0,0,0,0,0,0,1416.2349704504,0,161.384125292301,0,800.274269640446,0,0,0,0,0,17.5490427017212,0,0,0,2852.33584043384,0,5108.36960017681,0,60.3142130374908,0,0,0,0,0,0,0,0,0,0,0,0,0,0,0,0,0,0,0,0,0,0,0,0,0,0,0,0,0,0,0,0,0,0,0,0,0,0,0,0,0,0,0,0,0,0,0,0,0,0,0,0,7.56079590320587,0,0,0,0
0,0,7.92938327789307,0,1.71890723705292,0,0,0,0.972570337355137,0,0,0,5.18258118629456,0,0,0,0,0,1.03071311861277,0,0,0,0,0,0,0,13.0110292434692,0,2783.92295753956,0,0,0,0,0,0,0,0,0,0,0,0,0,1.3856753334403,0,0,0,0.341758161783218,0,0,0,0,0,0,0,1.27505926787853,0,0,0,0,0,0,0,0,0,0,0,0,0,0,0,0,0,0,0.488183796405792,0,0,0,0,0,0,0,0,185.738929279149,0,141.588617749512,0,0
0,0,0,3.44955794513226,0,0,0,0,0,0,0,0,0,0,0,0,0,0,0.391338318586349,0,0,0,0,0,0,0,0,0,0,63.5971238613129,0,0,0,0,0,0,0,139.010268449783,0,0,0,2.4727531298995,0,0,0,0,0,0,0,0,0,0.180678471922874,0,0,0,0.403954342007637,0,56.4504133760929,0,0,0,0,0,0,0,0,0,0,0,0,0,0,0,0,0,0,0,0,0,0,0,0,0.79229611903429,0,2.93088048696518,0,0
0.689378701150417,0,9.54137473553419,0,2.0139220058918,0,0,0,3.08640904724598,0,111.239188551903,0,0,0,0,0,0,0,5.90510465949774,0,0,0,0,0,0,0,0,0,0,0,48.0343804359436,0,0,0,0,0,0,0,0,0,0,0,3.10079339146614,0,0,0,0,0,0,0,0,0,0,0,3.43869405984879,0,70.3953667879105,0,0,0,0,0,0,0,0,0,0,0,0,0,0,0.488183796405792,0,0,0,0,0,0,0,0,0,0,24.6051676124334,0.287134759128094,118.374964781106,0,0
0,0,0,0,0,0,0,0,0,0,0,0,0,0,0,0,0,0,0,0,0,0,0,0,0,0,0,0,0,0,0,104.150116443634,0,14.3625733852386,0,0,0,0,0,0,0,0,0,0,0,0,0,0,0,0,0,0,0,0,0,0,0,0,0,0,0,0,0,0,0,0,0,0,0,0,0,0,0,0,0,0,46.9888138771057,0,0,0,0,0,7.29643726348877,0,0,0,0
0,0,0,0,0,0,0,0,0,0,0,0,0,0,0,0,0,0,0,0,0,0,0,0,0,0,0,0,0,0,0,1987.58685874939,2822.55634179711,0,0,0,84.1638977527618,0,0,0,0,0,0,0,0,0,0,146.587237149477,57.3521176874638,0,0,0,0,0,0,0,0,0,0,0,0,0,0,0,0,0,0,0,0,0,0,0,0,0,0,0,0,16.8352451324463,0,0,0,0,0,0,0,0,0
0,0,0,0,0,0,0,0,0,0,0,0,0,0,0,0,0,0,0,0,0,0,0,0,0,0,0,0,0,0,0,53.5151346921921,0,2561.68154883385,361.989944815636,0,0,370.202290117741,0,0,0,0,0,0,0,0,0,16.9830798953772,0,0,0,0,0,0,0,0,0,0,0,0,0,0,0,0,0,0,0,0,0,0,0,0,0,0,46.9888138771057,0,0,7,0,0,0,0,125.909249663353,0,0,0,0
0,0,0,0,0,0,0,0,0,0,0,0,0,0,0,0,0,0,0,0,0,0,0,0,0,0,0,0,0,0,0,5.67115163803101,23.9288091659546,880.306252300739,1665.02675628662,0,0,8.73770147562027,726.371017575264,0,0,0,0,0,0,0,0,53.3550423383713,0,0,0,0,0,0,0,0,0,0,0,0,0,0,0,0,0,0,0,0,0,0,0,0,0,0,0,16.8352451324463,7,0,0,0,1.96371096372604,361.295262187719,178.774022221565,243.628532171249,0,0,0
0,0,0,34.8756092935801,0,2.51778030395508,0,0,0,0,0,20.6665605306625,0,0,0,0,4.66436855494976,145.072636328638,1056.06235473603,14.4644142091274,0,0,0,0,0,0,0,0,0,0,0,0,0,258.923768162727,0,2987.25834751129,0,4,0,399.197537705302,1.47174662351608,178.931310109794,1.6474694609642,10.7548674941063,0,41.4103098586202,2.91780934482813,0,0,112.893543481827,0,0,0,0,0,0,0,28.0011079907417,0,0,0,0,1,0,0,0,0,0,0,0,0,0,0,0,0,0,0,0,0,3.35655391216278,66.4225556850433,0,672.508652254939,69.7459533289075,461.26576448977,3.04288429021835,0.871019065380096
0,0,1.29635332524776,1.37318426370621,0.869882702827454,0,0,0,1.75873076915741,0,0,0,0,0,0,0,91.6454616189003,19.6192693933845,1852.52565613389,0,4.37926763296127,0,0,0,0,0,0,0,0,0,0,1.43800806999207,0,0,0,0,964.961455374956,0,0,1.18644441664219,88.5689885616302,0.650276824831963,446.054140970111,0,0,2.26176564395428,187.636183716357,886.011379212141,96.8497724235058,0,0,0,0,0,0,0,0,0.129454538226128,0,0,0,0,0,9.69241890311241,0,0,0,0,0,0,0,0,0,0,0,0,0,0,3.35655391216278,0,0,319.939977765083,709.286132499576,50.1735331192613,585.010027684271,0,2.80837313830853
0,0,0,0,0,0,0,0,0,82.230419665575,0,0,0,0,0,0,0,0,0,0,0,2.71864151954651,0,8.1475545167923,0,0,0,0,0,0,0,0,0,445.738845452666,11.1879067122936,4204.10715782642,0,13226.9168239087,433.626316040754,0,0,0,0,0,0,0,0,92.898050993681,0,0,0,0,0,0,0,582.017211049795,0,0,0,0,0,0,0,0,0,0,341.226916849613,0,0,0,0,0,0,0,0,0,0,1.96371096372604,66.4225556850433,0,0,388.081311225891,457.553691029549,32,1.73638164997101,0,0
90.3508234620094,0,4.37402266263962,0,3.69576324522495,0,0,0,152.671952083707,0,0,0,0,0,0,0,0,0,0.592919051647186,0,0,0,0,0,8.40994679927826,0,0,0,0,0,0,0,0,220.811084270477,218.588643193245,0,2434.712487638,1279.56070411205,13630.0730024576,0,0,0,0.11945628374815,0,0,0,0,39.4836177527905,1.39664760231972,0,0,0,0,0,12.7671189159155,0,0,0,0,0,0,0,0,0,0,0,0,939.687785953283,0,0,0,0,0,0,0,0,0,361.295262187719,0,319.939977765083,388.081311225891,0,680.735591903329,0,27.3910349011421,0,0
255.932398177683,389.737743668258,146.449473403394,169.036760650575,936.800518095493,510.454105824232,3.82624053955078,38.6986144781113,912.843706130981,1268.33610904962,19.6400927305222,798.394267439842,925.094999521971,2669.46809536219,617.97114855051,1003.13966184855,13278.6872855723,16261.0601514429,12146.3247759044,352.250050917268,776.830289244652,1827.70697164536,492.302222847939,24.1760416179895,3.44793593883514,7,31.3325303792953,152.836193680763,2130.48885536194,0,0,7.12561464309692,391.285879194736,621.317575335503,455.488673403859,847.232797399163,276.067935824394,1529.78076963127,2698.96793875098,319.891083583236,168.536404892802,1875.96012634039,1354.52359768003,145.994991712272,119.286169573665,912.462469436228,2158.72148868442,1833.73684513569,5578.91855366528,2211.9271813482,2.04524326324463,185.85796880722,6.88387441635132,1.99509072303772,132.749374061823,164.272947020829,12.9165601283312,442.764681488276,89.4759939908981,686.901204437017,4.93984287977219,661.885867714882,9.99837136268616,766.320386752486,40.1612260341644,51.1560139656067,176.867274552584,0.712088868021965,0,0,7.56079590320587,185.738929279149,0.79229611903429,24.6051676124334,7.29643726348877,0,125.909249663353,178.774022221565,672.508652254939,709.286132499576,457.553691029549,680.735591903329,0,27774.0288738236,10934.6971808895,146.305112496018,34.0257447138429
0,4.03221470117569,2.73548079282045,12.9257403463125,2.65266889333725,0,2.6809349656105,0,332.686649262905,479.957446709275,1.35890758037567,0,1457.74625110626,3166.58984404802,115.86698743701,103.838185966015,1034.78036674857,7637.92309828103,2236.58801943064,26.7107894420624,0,373.010166049004,851.847725629807,0,0,0,0,15,22.0693542957306,0,0,0,0,23.2256009578705,48.84041929245,0,0,49.4500629901886,14,100.065027035773,37.1491091772914,78.8534019365907,177.107656337321,4.28564293682575,0.15553979575634,356.645604759455,423.586795970798,0,0.225237742066383,0.292351424694061,0,0,15.1603493094444,0,0.485415227711201,0.241038590669632,0,1.21331845223904,37.5486577153206,194.075395703316,150.964472711086,55.8853640556335,0,12.5233799442649,0,0,0,0,0,0,0,0,0,0.287134759128094,0,0,0,243.628532171249,69.7459533289075,50.1735331192613,32,0,27774.0288738236,0,680.785560198128,20.8234309926629,0.731537081301212
1624.72754181176,987.0476263538,1758.93272753805,982.043777167797,289.676422774792,285.665465593338,11.3142436146736,0,343.694364279509,90.3287574201822,7.90479791164398,0,0,0,0,0,371.099049247801,1056.64793331921,18013.122123912,335.31155064702,0,0,0,8.59081602096558,0,0,0,0,0,0,0,0,0,0,0,352.312108337879,275.859477199614,18.1693856567144,355.79149338603,1812.92209926248,598.627061538398,6968.16296917945,7099.5388321653,271.652413025498,35.7892658412457,920.321123443544,1229.62877207994,8.95792138576508,817.40308444947,506.762291006744,376.631908148527,15.293667063117,43.4656580686569,0,187.1293810606,177.488824352622,5.83095173537731,202.064912192523,0,0,4.69046990573406,0,298.657530128956,421.107494980097,0,0,78.9602397084236,0.903726994991302,0,0,0,141.588617749512,2.93088048696518,118.374964781106,0,0,0,0,461.26576448977,585.010027684271,1.73638164997101,27.3910349011421,10934.6971808895,680.785560198128,0,517.915099591017,232.076478719711
0,3.94156090915203,0,27.2205486595631,0,3.96698597073555,0,0,0,9.46066981554031,0,0,0,0,0,0,3.22439580410719,93.2243153676391,563.856866791844,0,0,0,0,0.393471330404282,0,0,0,0,0,0,0,0,0,0,0,0.24001607298851,0.453261345624924,7.09868240356445,0,3.89204342663288,0,456.975828178227,0,1.1269493997097,0,3.97295096516609,0,0,7.330676227808,17.9879957437515,0,0,0,0,0,6.2740167081356,0,0.712782502174377,0,0,0,0,0,0,0,0,0,0,0,0,0,0,0,0,0,0,0,0,3.04288429021835,0,0,0,146.305112496018,20.8234309926629,517.915099591017,0,0
0,0,0,0,0,0,0,0,0,0,0,0,0,0,0,0,26.944059856236,0.847346626222134,357.680066078901,0,0,0,0,0,0,0,0,0,0,0,0,0,0,0,0,0,0,0,0,0,0.93338306248188,0,158.700349591672,0,0,0,0,0,0,0,0,0,0,0,0,0,0,0.0628624483942986,0,0,0,0,0,0.504548013210297,0,0,0,0,0,0,0,0,0,0,0,0,0,0,0.871019065380096,2.80837313830853,0,0,34.0257447138429,0.731537081301212,232.076478719711,0,0
