0,0.388397701084614,205.848071053624,0,15.9387692213058,0,0,0,1047.29372523725,0,0,0,0,0,0.515792012214661,0,8.79454274475574,2.60315451025963,70.8491721227765,0,0.233881995081902,0,0,1.93227365612984,85.4514300227165,0,0,0,0,0,0,0,0,0,0,0,0.50858348608017,0.182640925049782,4.87719063460827,0.344512164592743,5.45285506546497,0.722792640328407,254.051846250892,0,0,0.620185181498528,29.008676469326,0,226.055664360523,0.295203894376755,2.64173340797424,0,0,0,441.754979878664,0,93.239058226347,0,5.27978219091892,0,8.13756999373436,0,0.121654719114304,1.66810853779316,0,0,2.14862748235464,37.144743219018,0,0.35009628534317,0,0,0,1.70409297943115,0,0,0,0,0,23.8435674756765,5.64594634622335,10.9822720736265,259.799741193652,1.91581653058529,960.166888184845,0,0
0.388397701084614,0,0,173.559850081801,0,1.69124376773834,0,0,0.161968901753426,598.974769666791,0,0,0,0,0,37.7561302781105,2.8282103985548,3.88447970151901,145.317455135286,0,0,0,0,0.654997929930687,0,0,0,0,0,0,0,0,0,0,0,0,0,0,4.8861341625452,7.12330634146929,0.260734431445599,163.364466942847,3.26708450913429,0,0,31.8215170204639,1.48426620662212,0,0.649243451654911,1065.05264601856,0,0,0,0,0,205.822994202375,0,0.259146183729172,0,0,0,2.12180727720261,6.17883159220219,0,0,0,6.47827817499638,0.493702724575996,0,0,0.255515821278095,0,0.475596994161606,0,0,0,0,0,18.9509169459343,1.1801889538765,2.96124932169914,5.07745964825153,636.242969885468,3.20612613856792,653.085616417229,0,0
205.848071053624,0,0,0,38.9323055371642,0,0,0,154.079981029034,0,0,0,0,0,0,0,1.89999993145466,0.485078386962414,19.3078777641058,0,4.05571842193604,0,0,0,3.9344165623188,0,0,0,0,0,0,0,0,0,0,1.65997242927551,6.31415741145611,0,0,0.114829294383526,21.7151799201965,0.23325178027153,370.982258655131,0,0,0.387643069028854,44.4293639659882,0,39.8338247314095,0,75.6862422674894,0,0,0,11.0562514960766,0,33.5543247461319,0,42.5216189026833,0,0,0,0.915513575077057,0.948932155966759,0,0,0,2.24642041325569,0,0,0,0,0,0.790188699960709,0,0,0,0,3.49190849065781,26.9488894715905,0.638655290007591,1.25661447644234,129.432318560779,1.52892944216728,529.57846365869,0,0.506474703550339
0,173.559850081801,0,0,0,218.303525269032,0,0,0,106.097296282649,0,3.39170363545418,0,0,0,0,1.04679727554321,0.479422204196453,53.4188268408179,0,0,0,0,0.564037293195724,0,0,0,0,0,0,0,0,0,0,0,0.410118371248245,0,0.499976873397827,0.751356437802315,70.053916066885,0.156030759215355,307.204418547451,0.851377926766872,0,0,30.491733379662,2.03376755863428,0,0,98.0943460762501,0,260.124906674027,0,0,0,2.42123541235924,0,5.92871667444706,0,14.2230044007301,0,49.3141126930714,1.84655223786831,0.48612055182457,0,0,0.436744928359985,0.183833673596382,0,0,0.429927811026573,0,0.155626639723778,0,0,0,0,0,21.1442847698927,0,0,1.30355727672577,174.083903044462,0.446104563772678,505.914059072733,0,0
15.9387692213058,0,38.9323055371642,0,0,0,0,0,29.0685954988003,0,0,0,0,0,0,0,0.178904056549072,0,1.29562640190125,0,96.8692701756954,0,0,0,0,0,0,0,0,0,0,0,0,0,0,0,42.1238539516926,0,0,0,1.49604922533035,0,53.4813086166978,0,0,0,0.441041976213455,0,4.12385202944279,0,245.591254785657,0,1,0,0.82651299238205,0,0.236776128411293,0,0.507374107837677,0,0,0,0,4.82623165845871,0,0,0,0,0,0,0,0,0,0,0,0,0,0,1.65708684921265,23.93587911129,0.230352371931076,0,280.901026330888,13.6453871876001,159.495299167931,0,0
0,1.69124376773834,0,218.303525269032,0,0,0,0,0,5.05406741797924,0,12.3922463357449,0,0,0,0,0,0,1.79593604803085,131.568093508482,0,0,0,0,0,0,0,0,0,0,0,0,0,0,0,2.53141188621521,0,0,0,1.12821105122566,0,29.334076076746,0,0,0,0.791600748896599,0.52696692943573,0,0,1.64405417442322,0,427.765191167593,0,97.6674503982067,0,3.17437812685966,0,25.128708332777,0,11.8325725495815,0,2.35233683884144,0,0,0,0,0,0,0,0,0,0,0,0,0,0,0,0,67.8111953437328,1.48266434669495,0,0,226.888417713344,3.98456194996834,139.587567865849,0,0
0,0,0,0,0,0,0,0,0,0,12.365188062191,0,254.027998745441,0,0,0,0,0,0,0,123.171947821975,0,0,0,0,0,0,0,0,0,0,0,0,0,0,0,0,0,0,0,0,0,0,0,0,0,0,0,0,0,0,0,85.9575723409653,0,0,0,14.8632431328297,0,153.216271042824,0,0,0,0,0,0,0,0,0,0,0,0,0,0,0,0,0,0,0,0,0,0,0,41.7990420311689,68.0949382781982,0,0,0
0,0,0,0,0,0,0,0,0,0,0,0,0,1.65864491462708,0,0,0,0,0,162.525175213814,0,0,0,0,0,0,0,0,0,0,0,0,0,0,0,31.6316869258881,0,0,0,0,0,0,0,0,0,0,0,0,0,0,0,1.64196038246155,0,91.8038763105869,0,0,0,40.0026149451733,0,7.77867162227631,0,0,2.43232822418213,0,0,0,0,0,0,0,0,0,0,0,0,0,0,0,0,0,0,0,40.2814373970032,0,0,0,0
1047.29372523725,0.161968901753426,154.079981029034,0,29.0685954988003,0,0,0,0,0,0,0,0,0,163.147339403629,0,52.440345287323,1.58135338127613,63.1136781200767,0,0,0,0,0,57.9936850816011,0,34.000036418438,0,0,0,0,0,0,0,0,0,0,0,4.79099406301975,0.449409767985344,6.06528992950916,0.404963500797749,463.629067994654,0,0,0.757085122168064,15.7839425578713,0,14.3439130932093,0.184907332062721,0,0,0,0,543.176069229841,0,18.0830666720867,0,0,0,413.934418722987,0,0.106233656406403,1.86875206232071,0,0,0,29.3533860594034,0,0,0,1.75048878788948,0,42.6509062349796,0,0,0,0,0,14.8795968294144,0,1.36130957305431,856.197926521301,343.310897439718,606.934712722898,0,39.0817233324051
0,598.974769666791,0,106.097296282649,0,5.05406741797924,0,0,0,0,0,0.429918467998505,0,0,0,901.356299430132,0.232824221253395,116.570076495409,23.7981779575348,0,0,0,0,68.6526442468166,0,0,0,0,0,0,0,0,0,0,0,0,0,9.83913619816303,0,1.0507025718689,0,261.574270881712,0,0,0,3.52658498287201,0.150140270590782,0,0,362.110996350646,0,1.0555582344532,0,0,0,831.859374493361,0,0.437445372343063,0,0,0,116.643993362784,4.69773623347282,0,0,0,7.1514069288969,0,0,0,1.33131235837936,0,2.4455623626709,0,0,0,0,0,0.444021306931973,0.842977523803711,11.5152342915535,0.213682353496552,722.286941275001,205.446623548865,173.369700178504,0,0
0,0,0,0,0,0,12.365188062191,0,0,0,0,0,710.244285345078,0,0,0,0,0,0,0,709.839214265347,0,0,0,0,0,0,0,0,0,20.8832103312016,0,0,0,0,0,207.748222082853,0,188.410778164864,0,0,0,0,0,0,0,0,0,0,0,0,0,0,0,0,0,3334.16873118281,0,2148.23988649249,0,0,0,0,126.230038806796,0,0,0,0,0,0,0,0,0,753.666594088078,0,0,0,0,0,1.25182297825813,0,0,767.031855612993,476.857324361801,23.0123372077942,0,0
0,0,0,3.39170363545418,0,12.3922463357449,0,0,0,0.429918467998505,0,0,0,89.7640255689621,0,0,0,0,0,728.384383663535,0,0,0,0,0,0,0,0,0,23.8221056461334,0,0,0,0,0,126.685858696699,0,50.3998981714249,0,0,0,0,0,0,0,0,0,0,0,0,0,5.41094860434532,0,0.957688450813293,0,0,0,3181.84629970789,0,199.866730451584,0,0,280.626243501902,0,0,0,0,0,0,0,5,0,195.222182154655,0,0,0,0,0,5.94376167654991,0,1.28465938568115,0,695.52867294848,9.16712188720703,61.2120747417212,0,0
0,0,0,0,0,0,254.027998745441,0,0,0,710.244285345078,0,0,0,0,0,0,0,0,0,0,0,0,0,0,0,0,0,36.821059525013,0,0,0,0,0,0,0,0,0,0,0,0,0,0,0,0,0,0,0,0,0,0,0,6.27644324302673,0,0,0,80.6117357462645,0,1608.46917898953,0,0,0,0,0,0,0,0,0,0,0,0,20.0792596936226,0,0,0,0,0,0,0,0,0,0,217.190184682608,2930.15422436595,0,0,0
0,0,0,0,0,0,0,1.65864491462708,0,0,0,89.7640255689621,0,0,0,0,0,0,0,0,0,0,0,0,0,0,0,61.1541836261749,0,0,0,0,0,0,0,0,0,0,0,0,0,0,0,0,0,0,0,0,0,0,0,0,0,0,0,0,0,4.10499382019043,0,938.237959384918,0,0,0,0,0,0,0,0,0,0,0,0,0,0,0,0,0,0,0,0,0,0,921.698034316301,1236.26826509833,0,0,0
0.515792012214661,0,0,0,0,0,0,0,163.147339403629,0,0,0,0,0,0,0,220.714047849178,0,0,0,0,0,0,0,0,0,29.5307320356369,0,0,0,0,0,0,0,0,0,0,0,0,0,0,0,0,0,0,0,0,0,0,0,0,0,0,0,2.55873936414719,0,0,0,0,0,593.536430552602,0,0,0,0,0,0,0,0,70.1684253811836,0,0,0,0,0,0,0,0,0,0,0,0,194.956849128008,165.727188646793,0,0,0
0,37.7561302781105,0,0,0,0,0,0,0,901.356299430132,0,0,0,0,0,0,0,71.066686168313,0,0,0,0,0,0,0,35.4719273746014,0,0,0,0,0,0,0,0,0,0,0,0,0,0.220810860395432,0,0.427812069654465,0,0,0,1.72999477386475,0,0,0,5.87704053521156,0,0,0,0,0,79.053357064724,0,0,0,0,0,542.488932311535,0,0,0,0,0,0,2.77818208932877,0,0,0,0,0,0,0,0,0,0,0,0,0,465.484253779054,255.363671258092,3.88965380191803,0,0
8.79454274475574,2.8282103985548,1.89999993145466,1.04679727554321,0.178904056549072,0,0,0,52.440345287323,0.232824221253395,0,0,0,0,220.714047849178,0,0,8236.3489247486,4221.04719210416,0,0,0,37.1446885466576,0,0.105130814015865,0,776.080447241664,0,0,0,0,0,0,0,0,0,0,0,0,22.3039893358946,34.6190133541822,21.6113494411111,49.0961104333401,0,0,106.28923676163,182.511576361954,0,0,9.97429209947586,0,0,0,0,9.27859485149384,0,0,0,0,0,0,0,8.9841088950634,5.72133855521679,0,0,0,0,0,264.846580564976,0,0,0.311772584915161,0.234477370977402,0,0,0,0,38.7864657863975,76.616781167686,0,6.19577549397945,8837.83315261453,7439.68652911484,401.524234414101,0,4.3208169862628
2.60315451025963,3.88447970151901,0.485078386962414,0.479422204196453,0,0,0,0,1.58135338127613,116.570076495409,0,0,0,0,0,71.066686168313,8236.3489247486,0,3288.25308905542,0,0,206.01798593998,0,22.3545106202364,0,865.09421902895,0,0,0,0,0,0,0,0,0,0,0,2.03215591609478,0,16.4159917607903,10.2276331484318,31.2541571706533,8.87477827072144,0,0,95.5382009297609,29.3837690576911,0,0,10.5563146471977,0,0,0,0,0,0,0,0,0,0,0,52.0234127938747,8.4433548822999,1.95071244239807,159.900025188923,0,18.3514474630356,0,16.6253735125065,0,0,0,0,1.23576283454895,0,0,0,0,36.7826075330377,19.6020394489169,1.93594855070114,1.99156051874161,8350.43510972708,5343.71400415897,203.878207474947,0.833288788795471,0.618060544133186
70.8491721227765,145.317455135286,19.3078777641058,53.4188268408179,1.29562640190125,1.79593604803085,0,0,63.1136781200767,23.7981779575348,0,0,0,0,0,0,4221.04719210416,3288.25308905542,0,0,0.307427659630775,0,0,24.5787299275398,1.03010401129723,0,0,0,0,0,0,0,0,0,0,0,0,0,0.695835456252098,295.820376783609,233.506942518055,1292.38291996717,1473.56728260219,0.223163306713104,0,994.66541095823,1037.72606699169,0,0.516396217048168,184.057540312409,0,0,0,0,2.94927206635475,3.15951588749886,2.27876490354538,0.652220234274864,0.464364022016525,0,0,0,76.4903669282794,16.2200740501285,0,0,2.70888376235962,0.899107351899147,0,0,0,1.39785468578339,0.347598277032375,10.0277055650949,0,0,0,0,384.273875810206,473.649599373341,0,35.1342955753207,12222.8936427236,747.396466746926,4451.19258848578,26.6211834549904,141.762800812721
0,0,0,0,0,131.568093508482,0,162.525175213814,0,0,0,728.384383663535,0,0,0,0,0,0,0,0,0,0,0,0,0,0,0,0,0,0,0,0,0,0,0,391.868789583445,0,0,0,8.54288777709007,0,0,0,0,0,0,0,0,0,0,0,28.3947234004736,0,8.68579655885696,0,0,0,350.447347164154,0,0,0,0,3355.16154444218,0,0,0,0,0,0,0,0,0,7.73138046264648,0,0,0,0,0,110.988043934107,0,0,0,418.268670395017,0.171344861388206,23.3652478456497,0,0
0.233881995081902,0,4.05571842193604,0,96.8692701756954,0,123.171947821975,0,0,0,709.839214265347,0,0,0,0,0,0,0,0.307427659630775,0,0,0,0,0,0,0,0,0,0,0,0,0,0,0,0,0,935.031504131854,0,168.861611455679,0,0,0,7.12988506257534,0,0,0,9.09445022046566,0,0.199583530426025,0,79.9633287936449,0,0.756979644298553,0,0,0,1578.87504581362,0,0,0,0,0,0,2360.01554325968,0,0,0,0,0,0,0,0,0,0,0,0,0,0,0,189.595603436232,0,0,290.445948086679,8.98005940020084,75.611994639039,0,0
0,0,0,0,0,0,0,0,0,0,0,0,0,0,0,0,0,206.01798593998,0,0,0,0,2951.4904987514,270.176876313984,0,6.2598419636488,0,300.701757133007,0,0,0,0,0,0,0,0,0,286.374693900347,144.036578536034,0,0,0,0,0,0,0,0,0,0,176.061544254422,0,0,0,0,0,0,0,0,0,0,0,0,0,0,6421.68927149475,1345.894010216,611.065539471805,0,0,0,156.000064820051,0,0,0,0,0,0,0,0,0,236.63554046303,58.2055358588696,2465.00375166535,1230.29920125008,0,0,0
0,0,0,0,0,0,0,0,0,0,0,0,0,0,0,0,37.1446885466576,0,0,0,0,2951.4904987514,0,0,117.094854086637,0,0,0,75.7035316228867,0,0,0,0,0,0,0,0,1.4087108373642,946.618213966489,0,0,0,0,0,0,0,0,0,78.9318980872631,0,0,0,0,0,0,0,0,0,0,0,0,0,0,0,371.753798604012,9357.53368572891,0,182.215938448906,0,37.9508591890335,0,84.9490640163422,0,0,0,0,0,0,0,0,0.171348869800568,113.720571681857,3839.15963542461,1214.46865318716,0.645681142807007,0,0
1.93227365612984,0.654997929930687,0,0.564037293195724,0,0,0,0,0,68.6526442468166,0,0,0,0,0,0,0,22.3545106202364,24.5787299275398,0,0,270.176876313984,0,0,0.476882934570312,82.6768626272678,0,0,0,0,0,0,0,0.15822334587574,0,0,0,428.078510820866,6.32072398066521,0.241134598851204,0,84.0436387211084,0.524516254663467,0,0,0.17322264611721,0,0,0.930141374468803,238.972785621881,0,0,0,0,0,73.8169473558664,0.411342531442642,0,0,0,0,0.217778459191322,0,0,276.193490743637,0,890.264062061906,2.24172382056713,25.9362682700157,0.237733826041222,0,0,0,0,0,0,0,0,0,0,458.107524998486,9.4671563655138,534.067253276706,6.21318809688091,1.94486923515797,0,0
85.4514300227165,0,3.9344165623188,0,0,0,0,0,57.9936850816011,0,0,0,0,0,0,0,0.105130814015865,0,1.03010401129723,0,0,0,117.094854086637,0.476882934570312,0,0,153.573449715972,0,0,0,0,0,0,0,0,0,0,1.61849150061607,194.621509984136,0,0,0,0.152759402990341,0,0,0,0,0,133.979066386819,0,0,0,0,0,296.270141780376,0,0.822771310806274,0,0,0,0.183764234185219,0,0,0,0,208.66246420145,0,1209.58306930959,0,267.797237128019,0,0.484319448471069,0,0,0,0,0,0,0,0,6.3663717508316,374.709906503558,350.795600257814,6.51979151368141,6.87401819229126,0,0
0,0,0,0,0,0,0,0,0,0,0,0,0,0,0,35.4719273746014,0,865.09421902895,0,0,0,6.2598419636488,0,82.6768626272678,0,0,0,0,0,0,0,0,0,0,0,0,0,19.3346514627337,0.112418107688427,0,0,0,0,0,0,0,0,0,0,6.99393790960312,0,0,0,0,0,0,0,0,0,0,0,33.4276185035706,0,0,0.621951252222061,0,107.343986898661,0,1729.28554791212,0,0,0,0,0,0,0,0,0,0,0,5.32980823516846,0,3.06173273921013,0,0,0,0
0,0,0,0,0,0,0,0,34.000036418438,0,0,0,0,0,29.5307320356369,0,776.080447241664,0,0,0,0,0,0,0,153.573449715972,0,0,0,0,0,0,0,0,0,0,0,0,0,1.36607420444489,0,0,0,0,0,0,0,0,0,0,0,0,0,0,0,0,0,0,0,0,0,0,0,0,0,0,0,0,266.726178854704,0,490.97019726038,0,11.2470479756594,0,0,0,0,0,0,0,0,0,11.2323470115662,143.725957348943,0.335935890674591,0,0,0
0,0,0,0,0,0,0,0,0,0,0,0,0,61.1541836261749,0,0,0,0,0,0,0,300.701757133007,0,0,0,0,0,0,0,4.15801417827606,0,0,0,0,0,0,0,24.4763925671577,0,0,0,0,0,0,0,0,0,0,0,0,0,0,0,0,0,0,0,0,0,77.824007153511,0,0,0,0,15.7488186657429,0,0,0,0,0,2556.3307851851,0,6.08489608764648,0,0,0,0,0,0,0,0,0,1879.40805265307,1871.83678114414,0,0,0
0,0,0,0,0,0,0,0,0,0,0,0,36.821059525013,0,0,0,0,0,0,0,0,0,75.7035316228867,0,0,0,0,0,0,0,0,0,0,0,0,0,0,0,0,0,0,0,0,0,0,0,0,0,0,0,0,0,0,0,0,0,23.1575088500977,0,110.321877211332,0,0,0,0,0,0,6.14583849906921,0,0,0,0.328834190964699,0,5895.49224808812,0,0,0,0,0,0,0,0,0,0,613.578267425299,1771.77399200201,0,0,0
0,0,0,0,0,0,0,0,0,0,0,23.8221056461334,0,0,0,0,0,0,0,0,0,0,0,0,0,0,0,4.15801417827606,0,0,0,0,0,0,0,0,0,66.7421340942383,0,0,0,0,0,0,0,0,0,0,0,0,0,0,0,0,0,0,0,6.24253743886948,0,0,0,0,0,0,0,0,0,0,0,0,1.0390517115593,0,351.96223962307,0,0,0,0,0,0,0,46.3868988752365,0,167.417158186436,1,0,0,0
0,0,0,0,0,0,0,0,0,0,20.8832103312016,0,0,0,0,0,0,0,0,0,0,0,0,0,0,0,0,0,0,0,0,0,0,0,0,0,0,0,55.8149723410606,0,0,0,0,0,0,0,0,0,0,0,0,0,0,0,0,0,97.8463325500488,0,0,0,0,0,0,0,0,0,0,0,0,0,0,36.3114551603794,0,2978.20349036157,0,0,0,0,0,0,0,0,152.844609022141,292.731989383698,0,0,0
0,0,0,0,0,0,0,0,0,0,0,0,0,0,0,0,0,0,0,0,0,0,0,0,0,0,0,0,0,0,0,0,1201.39174103737,142.680231779814,19.3148904144764,96.2609070837498,80.1264438331127,0,0,0,0,0,0,0,0,0,0,302.895176663995,32.979217082262,0,0,0,0,0,0,0,0,0,0,0,0,0,0,0,0,0,0,0,0,0,0,0,0,0,2009.60430634022,916.543006762862,12.3062952458858,0,504.587532490492,0,0,0,171.637889578938,0,0,0,0
0,0,0,0,0,0,0,0,0,0,0,0,0,0,0,0,0,0,0,0,0,0,0,0,0,0,0,0,0,0,0,1201.39174103737,0,58.2307665199041,54.0760471522808,108.222446098924,212.823656499386,0,0,0,0,0,0,0,0,0,0,768.45209184289,3.10294255614281,35.8845232129097,0,0,0,0,0,0,0,0,0,0,0,0,0,0,0,0,0,0,0,0,0,0,0,0,408.858122900128,1581.99408322573,5.53722882270813,10.8802995979786,0.99868606030941,3.88873066008091,0,0,179.31215134263,0,0,0,0
0,0,0,0,0,0,0,0,0,0,0,0,0,0,0,0,0,0,0,0,0,0,0,0.15822334587574,0,0,0,0,0,0,0,142.680231779814,58.2307665199041,0,2337.63323527575,114.00337934494,88.41248691082,88.6753942668438,19.7570967376232,0,0,0,0,0,0,0,0,918.328428551555,0.560496866703033,0,0,0,0,0,0,0,0,0,0,0,0,0,0,0,0,0,0,0,0,0,0,0,0,0,19.3049319088459,18.498917222023,2681.73064187169,1106.05353876948,16.972237020731,0,152.804517239332,0,475.432882398367,5.40031415224075,0,0,0
0,0,0,0,0,0,0,0,0,0,0,0,0,0,0,0,0,0,0,0,0,0,0,0,0,0,0,0,0,0,0,19.3148904144764,54.0760471522808,2337.63323527575,0,0,0,30.529405772686,21.5035564899445,0,0,0,0,0,0,0,0,292.581464797258,0,0,0,0,0,0,0,0,0,0,0,0,0,0,0,0,0,0,0,0,0,0,0,0,0,0,0,67.5692609250546,1441.0340616405,2109.70442807674,0,0,2.28472763299942,28.7886073589325,455.305838316679,21.343555867672,0,0,0
0,0,1.65997242927551,0.410118371248245,0,2.53141188621521,0,31.6316869258881,0,0,0,126.685858696699,0,0,0,0,0,0,0,391.868789583445,0,0,0,0,0,0,0,0,0,0,0,96.2609070837498,108.222446098924,114.00337934494,0,0,1762.47608959675,347.60070733726,15.9751982688904,27.6601810306311,0,0.690059423446655,0,0,0,0,0,75.6728363633156,1.39316940307617,0,0,0,0,0,0,0,0,79.0446365773678,0,0,0,0,572.589337050915,0,0,0,0,0,0,0,0,0,0,0,134.084827005863,36.629578307271,3.00190472602844,0,13218.8549318016,1879.91631668806,403.071478143334,0,5482.81687903404,4412.11708107591,53.4627681672573,0,0
0.50858348608017,0,6.31415741145611,0,42.1238539516926,0,0,0,0,0,207.748222082853,0,0,0,0,0,0,0,0,0,935.031504131854,0,0,0,0,0,0,0,0,0,0,80.1264438331127,212.823656499386,88.41248691082,0,1762.47608959675,0,0,535.357395261526,0,4.37999559938908,0,24.4536585062742,0,0,0,0,116.904186591506,8.34306466579437,0,0.635243207216263,0,0,0,0,0,1004.71927428246,0,0,0,0,0,0,4921.37624272704,0,0,0,0,0,0,0,0,0,0,168.861604630947,212.59661655128,6.03932225704193,0,1266.43840001523,13880.8277173564,0,873.609439298511,3048.9331099093,2283.45386615396,164.991519249976,0,0
0.182640925049782,0,0,0.499976873397827,0,0,0,0,0,9.83913619816303,0,50.3998981714249,0,0,0,0,0,2.03215591609478,0,0,0,286.374693900347,1.4087108373642,428.078510820866,1.61849150061607,19.3346514627337,0,24.4763925671577,0,66.7421340942383,0,0,0,88.6753942668438,30.529405772686,347.60070733726,0,0,1409.75164793432,0,0,99.4215523451567,0.254284210503101,0,0,0,0,342.909595817327,1.38353134691715,565.26939457655,0,0,0,0,0,0.485320866107941,0,21.2937039732933,0,0,0,0,0,0,118.173739045858,0,253.395575433969,1.98807671666145,0,0,0,0,24.436116039753,0,0,0,43.0762691795826,46.1753111481667,231.473725214601,0,12000.0958251059,1269.19152788073,2414.59861382097,506.078451141715,1.38777890056372,0,0
4.87719063460827,4.8861341625452,0,0.751356437802315,0,0,0,0,4.79099406301975,0,188.410778164864,0,0,0,0,0,0,0,0.695835456252098,0,168.861611455679,144.036578536034,946.618213966489,6.32072398066521,194.621509984136,0.112418107688427,1.36607420444489,0,0,0,55.8149723410606,0,0,19.7570967376232,21.5035564899445,15.9751982688904,535.357395261526,1409.75164793432,0,0,0,0.271436154842377,17.0285442918539,0,0,0,1.79336301982403,540.730146825314,355.23215188086,0.613546699285507,0,0,0,0,21.8704050779343,0.147327825427055,529.93520706892,0,0,0,0,0,0,4.42744345963001,0,520.490226745605,7.34155157208443,290.981463819742,0,10.0142552256584,0,0,0,101.75530153513,0,0,0,60.5306262373924,0,102.049941182137,378.719094634056,10340.796626173,3527.33982019871,969.72435079515,27.3096448555589,0,0
0.344512164592743,7.12330634146929,0.114829294383526,70.053916066885,0,1.12821105122566,0,0,0.449409767985344,1.0507025718689,0,0,0,0,0,0.220810860395432,22.3039893358946,16.4159917607903,295.820376783609,8.54288777709007,0,0,0,0.241134598851204,0,0,0,0,0,0,0,0,0,0,0,27.6601810306311,0,0,0,0,5.95378975570202,222.889435306191,2.1387746706605,0,0,586.042024672031,11.1364212408662,8.25222945213318,64.371081829071,179.417804576457,0,0,0,0,0,0,0,0,0,0,0,0,76.0634001642466,0.167463734745979,0,0,0,0,0,0,0,0,0,0,0,1.22720277309418,0,0,584.54531621933,4.76028229296207,0,0.803113043308258,216.73133160919,6.22401213645935,601.74435801059,0.40428826212883,1.6547754406929
5.45285506546497,0.260734431445599,21.7151799201965,0.156030759215355,1.49604922533035,0,0,0,6.06528992950916,0,0,0,0,0,0,0,34.6190133541822,10.2276331484318,233.506942518055,0,0,0,0,0,0,0,0,0,0,0,0,0,0,0,0,0,4.37999559938908,0,0,5.95378975570202,0,7.06193888187408,298.491275310516,0,0,5.46817141771317,191.073193475604,7.45693907141685,265.696234539151,111.79923582077,0,0,0,0,0.175624206662178,0,0.30277357250452,0,2.85021442174911,0,0,0,0,208.125919483602,0,0,0,0,0,0,0,0.227443262934685,0,0,0,0,0,0,3.09921436011791,575.053251683712,0,1.63973214477301,116.065168254077,5.5612473487854,800.391528695822,0,7.0908095985651
0.722792640328407,163.364466942847,0.23325178027153,307.204418547451,0,29.334076076746,0,0,0.404963500797749,261.574270881712,0,0,0,0,0,0.427812069654465,21.6113494411111,31.2541571706533,1292.38291996717,0,0,0,0,84.0436387211084,0,0,0,0,0,0,0,0,0,0,0,0.690059423446655,0,99.4215523451567,0.271436154842377,222.889435306191,7.06193888187408,0,56.3919751420617,0,0,519.552828319371,8.38294419646263,29.845611281693,40.4216610640287,1324.38440258056,0,3.93527354300022,0,0,0,4.11475566029549,0,0.746181316673756,0,0,0,0.228984996676445,29.7840782254934,0.569165259599686,0,0,101.332911461592,0,0,0,1.28484688699245,0,8.25641823559999,0,0,0,0,0,333.356345012784,4.96628809720278,229.267907448113,0.174442321062088,2021.2156920135,15.6247734725475,3423.06243823469,19.1343624591827,0.58002670109272
254.051846250892,3.26708450913429,370.982258655131,0.851377926766872,53.4813086166978,0,0,0,463.629067994654,0,0,0,0,0,0,0,49.0961104333401,8.87477827072144,1473.56728260219,0,7.12988506257534,0,0,0.524516254663467,0.152759402990341,0,0,0,0,0,0,0,0,0,0,0,24.4536585062742,0.254284210503101,17.0285442918539,2.1387746706605,298.491275310516,56.3919751420617,0,0,0,9.71289157122374,493.254910066724,5.49238490313292,565.607445299625,110.594206809998,16.9243100136518,0,0,0,40.5253791511059,0,89.1473395824432,0,45.5575037226081,0,2.33192799985409,0,2.22153571993113,17.0487554818392,0,0,0.814903751015663,2.8239933848381,0,0,0,2.92789037525654,0,79.3375772386789,0,0,0,0,7.12642480432987,597.239383816719,3.90328794717789,17.4152385741472,2914.50250004977,21.3731072694063,4502.42332155257,0,201.091204978526
0,0,0,0,0,0,0,0,0,0,0,0,0,0,0,0,0,0,0.223163306713104,0,0,0,0,0,0,0,0,0,0,0,0,0,0,0,0,0,0,0,0,0,0,0,0,0,0,0.679440930485725,0,0,0,0,0,0,0,0,0,0,0,0,0,0,0,0,0,0,0,0,0,0,0,0,0,0,0,0,0,0,0,0,0,0,0,0,0,0,0,0,0
0,0,0,0,0,0,0,0,0,0,0,0,0,0,0,0,0,0,0,0,0,0,0,0,0,0,0,0,0,0,0,0,0,0,0,0,0,0,0,0,0,0,0,0,0,0,0,0,0,0,0,0,0,0,0,0,0,0,0,0,0,0,0,0,0,0,0,0,0,0,0,0,0,0,0,0,0,0,0,0,0,0,0,0,0,0,0
0.620185181498528,31.8215170204639,0.387643069028854,30.491733379662,0,0.791600748896599,0,0,0.757085122168064,3.52658498287201,0,0,0,0,0,1.72999477386475,106.28923676163,95.5382009297609,994.66541095823,0,0,0,0,0.17322264611721,0,0,0,0,0,0,0,0,0,0,0,0,0,0,0,586.042024672031,5.46817141771317,519.552828319371,9.71289157122374,0.679440930485725,0,0,44.9034780561924,0,0,80.2294348552823,0,0,0,0,0,0,0,0,0,0,0,0,773.978683382273,0.446662962436676,0,0,0,0,0,0,0,0,0,0,0,0,0,0,300.356869235635,17.4703180789948,0.364293038845062,0.687331289052963,674.677821166813,14.8547557219863,796.165049433708,1.21922743320465,0.167767137289047
29.008676469326,1.48426620662212,44.4293639659882,2.03376755863428,0.441041976213455,0.52696692943573,0,0,15.7839425578713,0.150140270590782,0,0,0,0,0,0,182.511576361954,29.3837690576911,1037.72606699169,0,9.09445022046566,0,0,0,0,0,0,0,0,0,0,0,0,0,0,0,0,0,1.79336301982403,11.1364212408662,191.073193475604,8.38294419646263,493.254910066724,0,0,44.9034780561924,0,0,4.0090499073267,1.67144054174423,0.18729929625988,0,0,0,0,0,0,0,0,0,0,0,4.03908228874207,1035.69200640544,0,0,0,0.17509064078331,0,0,0,0,0,0.13559553027153,0,0,0,0,12.5532779470086,852.566639631987,0.187346011400223,152.754278689623,608.728896036744,4.36528031527996,793.392601288855,0,6.06930130720139
0,0,0,0,0,0,0,0,0,0,0,0,0,0,0,0,0,0,0,0,0,0,0,0,0,0,0,0,0,0,0,302.895176663995,768.45209184289,918.328428551555,292.581464797258,75.6728363633156,116.904186591506,342.909595817327,540.730146825314,8.25222945213318,7.45693907141685,29.845611281693,5.49238490313292,0,0,0,0,0,2180.41250227392,1478.38953837752,0,0,0,0,0,0,0,0,0,0,0,0,0,0,0,0,0,0.498910963535309,0,0,0,0,0,0,159.63148522377,950.677252650261,110.655927330256,54.7012051939964,43.4522858858109,80.226321876049,9.79009111225605,24.5016967132688,3589.04073551297,5.93466703593731,73.3472988978028,0,0
226.055664360523,0.649243451654911,39.8338247314095,0,4.12385202944279,0,0,0,14.3439130932093,0,0,0,0,0,0,0,0,0,0.516396217048168,0,0.199583530426025,0,78.9318980872631,0.930141374468803,133.979066386819,0,0,0,0,0,0,32.979217082262,3.10294255614281,0.560496866703033,0,1.39316940307617,8.34306466579437,1.38353134691715,355.23215188086,64.371081829071,265.696234539151,40.4216610640287,565.607445299625,0,0,0,4.0090499073267,2180.41250227392,0,3748.22918413579,0.255073398351669,0,0,0,20.6252856403589,0,112.809382870793,0,26.7633752077818,0,85.106363132596,0,0,0.179057583212852,0,134.981369793415,1.23242411017418,223.669361531734,0,55.9828450828791,0,73.0429816246033,0,0,0.573931455612183,580.520922526717,0,0,0,249.711196646094,11.2933783307672,116.762956112623,3344.85595593601,15.493573397398,1101.02823495865,0,0
0.295203894376755,1065.05264601856,0,98.0943460762501,0,1.64405417442322,0,0,0.184907332062721,362.110996350646,0,0,0,0,0,5.87704053521156,9.97429209947586,10.5563146471977,184.057540312409,0,0,176.061544254422,0,238.972785621881,0,6.99393790960312,0,0,0,0,0,0,35.8845232129097,0,0,0,0,565.26939457655,0.613546699285507,179.417804576457,111.79923582077,1324.38440258056,110.594206809998,0,0,80.2294348552823,1.67144054174423,1478.38953837752,3748.22918413579,0,0,0,0,0,0,21.7046509832144,0,2.74093516170979,0,72.8302986621857,0,21.856533408165,8.77526415884495,0.207963511347771,322.807928711176,0,65.6862051635981,0,17.9617500901222,0,376.151515856385,0,31.9755274951458,0,0.931891143321991,201.821985244751,0,0,141.142390057445,31.3869898617268,616.489875525236,0,4128.07054635137,2.14573051035404,2176.04958464205,1.43681155145168,0
2.64173340797424,0,75.6862422674894,0,245.591254785657,0,0,0,0,0,0,0,0,0,0,0,0,0,0,0,79.9633287936449,0,0,0,0,0,0,0,0,0,0,0,0,0,0,0,0.635243207216263,0,0,0,0,0,16.9243100136518,0,0,0,0.18729929625988,0,0.255073398351669,0,0,0,0,0,0,0,70.2348291426897,0,137.023670807481,0,0,0,0,13.8573860377073,0,0,0,0,0,0,0,0,0,0,0,0,0,0,0,0.585765957832336,0,0,38.2950386106968,0,177.47794161737,0,0
0,0,0,260.124906674027,0,427.765191167593,0,1.64196038246155,0,1.0555582344532,0,5.41094860434532,0,0,0,0,0,0,0,28.3947234004736,0,0,0,0,0,0,0,0,0,0,0,0,0,0,0,0,0,0,0,0,0,3.93527354300022,0,0,0,0,0,0,0,0,0,0,0,0,0,0,0,303.116877868772,0,2.96509075164795,0,3.14036683738232,0,0,0,0,0,0,0,0,0,0,0,0,0,0,0,0,0.224957749247551,0,0,0,164.795605890453,0,32.4045093804598,0,0
0,0,0,0,1,0,85.9575723409653,0,0,0,0,0,6.27644324302673,0,0,0,0,0,0,0,0.756979644298553,0,0,0,0,0,0,0,0,0,0,0,0,0,0,0,0,0,0,0,0,0,0,0,0,0,0,0,0,0,0,0,0,0,0,0,63.1598358154297,0,0,0,0,0,0,0,0,0,0,0,0,0,0,0,0,0,0,0,0,0,0,0,0,0,110.416105628014,0,0,0,0
0,0,0,0,0,97.6674503982067,0,91.8038763105869,0,0,0,0.957688450813293,0,0,0,0,0,0,0,8.68579655885696,0,0,0,0,0,0,0,0,0,0,0,0,0,0,0,0,0,0,0,0,0,0,0,0,0,0,0,0,0,0,0,0,0,0,0,0,0,203.994239807129,0,25.6158331632614,0,0,0,0,0,0,0,0,0,0,0,0,0,0,0,0,0,0,0,0,0,0,4.81343030929565,0,0,0,0
441.754979878664,0,11.0562514960766,0,0.82651299238205,0,0,0,543.176069229841,0,0,0,0,0,2.55873936414719,0,9.27859485149384,0,2.94927206635475,0,0,0,0,0,296.270141780376,0,0,0,0,0,0,0,0,0,0,0,0,0,21.8704050779343,0,0.175624206662178,0,40.5253791511059,0,0,0,0,0,20.6252856403589,0,0,0,0,0,0,0,3.9973086565733,0,0,0,75.854825258255,0,0,0,0,0,0,135.147755146027,0,0,0,0,0,4.0791737139225,0,0,0,0,0,0.150091633200645,0.138620227575302,1.77598935365677,63.2486285492778,0.209427013993263,94.9559688270092,0,0
0,205.822994202375,0,2.42123541235924,0,3.17437812685966,0,0,0,831.859374493361,0,0,0,0,0,79.053357064724,0,0,3.15951588749886,0,0,0,0,73.8169473558664,0,0,0,0,0,0,0,0,0,0,0,0,0,0.485320866107941,0.147327825427055,0,0,4.11475566029549,0,0,0,0,0,0,0,21.7046509832144,0,0,0,0,0,0,0,0,0,0,0,3.81971225142479,0,0,0,0,97.7170073390007,0,0,0,0,0,0,0,0,0,0,0,0,0,0.677581861615181,0,78.5128181055188,16.1182104200125,6.31424322724342,0,0
93.239058226347,0,33.5543247461319,0,0.236776128411293,0,14.8632431328297,0,18.0830666720867,0,3334.16873118281,0,80.6117357462645,0,0,0,0,0,2.27876490354538,0,1578.87504581362,0,0,0.411342531442642,0.822771310806274,0,0,0,23.1575088500977,0,97.8463325500488,0,0,0,0,0,1004.71927428246,0,529.93520706892,0,0.30277357250452,0,89.1473395824432,0,0,0,0,0,112.809382870793,0,70.2348291426897,0,63.1598358154297,0,3.9973086565733,0,0,0,151.263722330332,0,2.42709656059742,0,0,524.887235723436,0,0,0,0.856801837682724,0,0.196240067481995,0,10.7523169517517,0,1016.26762729883,0,0,0,0,0,0,0.126801237463951,1.53335654735565,545.359219536185,0,899.68156786263,0,0
0,0.259146183729172,0,5.92871667444706,0,25.128708332777,0,40.0026149451733,0,0.437445372343063,0,3181.84629970789,0,4.10499382019043,0,0,0,0,0.652220234274864,350.447347164154,0,0,0,0,0,0,0,0,0,6.24253743886948,0,0,0,0,0,79.0446365773678,0,21.2937039732933,0,0,0,0.746181316673756,0,0,0,0,0,0,0,2.74093516170979,0,303.116877868772,0,203.994239807129,0,0,0,0,0,169.875205636024,0,25.7711739838123,462.455242976546,0,0,0,0,0,0,0,50.2749148756266,0,679.154166430235,0,0,0,0,0,0,0,0,0,170.102609813213,0,256.677020914853,0,0
5.27978219091892,0,42.5216189026833,0,0.507374107837677,0,153.216271042824,0,0,0,2148.23988649249,0,1608.46917898953,0,0,0,0,0,0.464364022016525,0,0,0,0,0,0,0,0,0,110.321877211332,0,0,0,0,0,0,0,0,0,0,0,2.85021442174911,0,45.5575037226081,0,0,0,0,0,26.7633752077818,0,137.023670807481,0,0,0,0,0,151.263722330332,0,0,0,7.68199273943901,0,0,0,0,0,0,0,0,18.6374971568584,0,74.5000228285789,0,0,0,0,0,0,0,0.952464759349823,0,0,449.885174550116,776.657493315637,86.0995305329561,0,0.857476949691772
0,0,0,14.2230044007301,0,11.8325725495815,0,7.77867162227631,0,0,0,199.866730451584,0,938.237959384918,0,0,0,0,0,0,0,0,0,0,0,0,0,77.824007153511,0,0,0,0,0,0,0,0,0,0,0,0,0,0,0,0,0,0,0,0,0,72.8302986621857,0,2.96509075164795,0,25.6158331632614,0,0,0,169.875205636024,0,0,0,10.7901581078768,0.734655290842056,0,0,0,0,0,0,0,3.8975248336792,0,0,0,0,0,0,0,0,0,0,0,568.783432155848,295.103098869324,0,0,0
8.13756999373436,0,0,0,0,0,0,0,413.934418722987,0,0,0,0,0,593.536430552602,0,0,0,0,0,0,0,0,0,0.183764234185219,0,0,0,0,0,0,0,0,0,0,0,0,0,0,0,0,0,2.33192799985409,0,0,0,0,0,85.106363132596,0,0,0,0,0,75.854825258255,0,2.42709656059742,0,7.68199273943901,0,0,0,0,0,0,0,0,0,0,67.2638556659222,0,1.16167923808098,0,0,0,0,0,0,0,0,0,0,36.4705981016159,36.6548166275024,8.80302393436432,0,0
0,2.12180727720261,0,49.3141126930714,0,2.35233683884144,0,0,0,116.643993362784,0,0,0,0,0,542.488932311535,0,52.0234127938747,0,0,0,0,0,0.217778459191322,0,33.4276185035706,0,0,0,0,0,0,0,0,0,0,0,0,0,0,0,0.228984996676445,0,0,0,0,0,0,0,21.856533408165,0,3.14036683738232,0,0,0,3.81971225142479,0,25.7711739838123,0,10.7901581078768,0,0,0,0,0,0,0,0,106.50018453598,0,0,0,0,0,0,0,0,0,0,0,0,0,498.939444810152,27.3690610826015,1.20269039273262,0,0
0.121654719114304,6.17883159220219,0.915513575077057,1.84655223786831,0,0,0,2.43232822418213,0.106233656406403,4.69773623347282,0,280.626243501902,0,0,0,0,8.9841088950634,8.4433548822999,76.4903669282794,3355.16154444218,0,0,0,0,0,0,0,0,0,0,0,0,0,0,0,572.589337050915,0,0,0,76.0634001642466,0,29.7840782254934,2.22153571993113,0,0,773.978683382273,4.03908228874207,0,0,8.77526415884495,0,0,0,0,0,0,0,462.455242976546,0,0.734655290842056,0,0,0,0,0,0,0,0,0,0,0,0,0,0,0,0,0,0,33.9426331818104,0.84748637676239,0,0,222.348611198366,0.749435156583786,718.655297458172,0,0
1.66810853779316,0,0.948932155966759,0.48612055182457,4.82623165845871,0,0,0,1.86875206232071,0,126.230038806796,0,0,0,0,0,5.72133855521679,1.95071244239807,16.2200740501285,0,2360.01554325968,0,0,0,0,0,0,0,0,0,0,0,0,0,0,0,4921.37624272704,0,4.42744345963001,0.167463734745979,208.125919483602,0.569165259599686,17.0487554818392,0,0,0.446662962436676,1035.69200640544,0,0.179057583212852,0.207963511347771,13.8573860377073,0,0,0,0,0,524.887235723436,0,0,0,0,0,0,0,0,0,0,0,0,0,0,0,0,0,0,0,0,0,0,882.937443517148,0,150.115401864052,745.649573504925,1.88061231374741,668.290372595191,0,0
0,0,0,0,0,0,0,0,0,0,0,0,0,0,0,0,0,159.900025188923,0,0,0,6421.68927149475,371.753798604012,276.193490743637,0,0.621951252222061,0,15.7488186657429,0,0,0,0,0,0,0,0,0,118.173739045858,0,0,0,0,0,0,0,0,0,0,0,322.807928711176,0,0,0,0,0,0,0,0,0,0,0,0,0,0,0,151.767357319593,529.589399591088,0,0,0,286.197815984488,0,0,0,0,0,0,0,0,0,11.4562928378582,0,1234.11892129481,450.623264223337,0,0,0
0,0,0,0,0,0,0,0,0,0,0,0,0,0,0,0,0,0,0,0,0,1345.894010216,9357.53368572891,0,208.66246420145,0,0,0,6.14583849906921,0,0,0,0,0,0,0,0,0,520.490226745605,0,0,0,0,0,0,0,0,0,134.981369793415,0,0,0,0,0,0,0,0,0,0,0,0,0,0,0,151.767357319593,0,0,392.264456093311,0,56.5169333815575,0,13.9125626087189,0,0,0,0,0,0,0,0,0,108.218305259943,1357.98955532908,269.05093485117,0,0,0
2.14862748235464,6.47827817499638,0,0.436744928359985,0,0,0,0,0,7.1514069288969,0,0,0,0,0,0,0,18.3514474630356,2.70888376235962,0,0,611.065539471805,0,890.264062061906,0,107.343986898661,0,0,0,0,0,0,0,0,0,0,0,253.395575433969,7.34155157208443,0,0,101.332911461592,0.814903751015663,0,0,0,0,0,1.23242411017418,65.6862051635981,0,0,0,0,0,97.7170073390007,0,0,0,0,0,0,0,0,529.589399591088,0,0,0.408689573407173,0,0,0,0,0,0,0,0,0,0,0,0,98.9195676669478,4.96096286177635,409.375095739961,6.68270221352577,0.520432308316231,0,0
37.144743219018,0.493702724575996,2.24642041325569,0.183833673596382,0,0,0,0,29.3533860594034,0,0,0,0,0,0,0,0,0,0.899107351899147,0,0,0,182.215938448906,2.24172382056713,1209.58306930959,0,266.726178854704,0,0,0,0,0,0,0,0,0,0,1.98807671666145,290.981463819742,0,0,0,2.8239933848381,0,0,0,0.17509064078331,0.498910963535309,223.669361531734,0,0,0,0,0,135.147755146027,0,0.856801837682724,0,0,0,0,0,0,0,0,392.264456093311,0.408689573407173,0,0,616.982462048531,0,0,0,0,0,0,0,0,0,0,16.6922579407692,377.162077248096,245.707455836236,24.1054387390614,8.5005017220974,0,0
0,0,0,0,0,0,0,0,0,0,0,0,0,0,0,2.77818208932877,0,16.6253735125065,0,0,0,0,0,25.9362682700157,0,1729.28554791212,0,0,0,0,0,0,0,0,0,0,0,0,0,0,0,0,0,0,0,0,0,0,0,17.9617500901222,0,0,0,0,0,0,0,0,0,0,0,106.50018453598,0,0,0,0,0,0,0,0,35.2507727742195,0,0,0,0,0,0,0,0,0,0,0,0,0,0,0,0
0.35009628534317,0,0,0,0,0,0,0,0,0,0,0,0,0,70.1684253811836,0,264.846580564976,0,0,0,0,0,37.9508591890335,0.237733826041222,267.797237128019,0,490.97019726038,0,0.328834190964699,0,0,0,0,0,0,0,0,0,10.0142552256584,0,0,0,0,0,0,0,0,0,55.9828450828791,0,0,0,0,0,0,0,0.196240067481995,0,18.6374971568584,0,67.2638556659222,0,0,0,0,56.5169333815575,0,616.982462048531,0,0,0,0,0,0,0,0,0,0,0,0,0,26.9819328784943,6.53453634679317,0,0,0,0
0,0.255515821278095,0,0.429927811026573,0,0,0,0,0,1.33131235837936,0,5,0,0,0,0,0,0,0,0,0,156.000064820051,0,0,0,0,0,2556.3307851851,0,1.0390517115593,0,0,0,0,0,0,0,0,0,0,0,1.28484688699245,0,0,0,0,0,0,0,376.151515856385,0,0,0,0,0,0,0,50.2749148756266,0,3.8975248336792,0,0,0,0,286.197815984488,0,0,0,35.2507727742195,0,0,0,44.7715154290199,0,0,0,0,0,0,0,13.6755549907684,0,625.518772751093,892.779796242714,56.8653906881809,0,0
0,0,0,0,0,0,0,0,1.75048878788948,0,0,0,20.0792596936226,0,0,0,0,0,1.39785468578339,0,0,0,84.9490640163422,0,0.484319448471069,0,11.2470479756594,0,5895.49224808812,0,36.3114551603794,0,0,0,0,0,0,0,0,0,0.227443262934685,0,2.92789037525654,0,0,0,0,0,73.0429816246033,0,0,0,0,0,0,0,10.7523169517517,0,74.5000228285789,0,1.16167923808098,0,0,0,0,13.9125626087189,0,0,0,0,0,0,0,412.63741107285,0,0,0,0,0,0,0,28.9976119399071,536.980254501104,1437.31926134229,0.740791946649551,0,0
0,0.475596994161606,0,0.155626639723778,0,0,0,0,0,2.4455623626709,0,195.222182154655,0,0,0,0,0.311772584915161,0,0.347598277032375,7.73138046264648,0,0,0,0,0,0,0,6.08489608764648,0,351.96223962307,0,0,0,0,0,0,0,24.436116039753,0,0,0,8.25641823559999,0,0,0,0,0,0,0,31.9755274951458,0,0,0,0,0,0,0,679.154166430235,0,0,0,0,0,0,0,0,0,0,0,0,44.7715154290199,0,0,0,0,0,0,0,0,0,38.2066677808762,0,132.496956467628,1.56456816196442,141.812589764595,0,0
1.70409297943115,0,0.790188699960709,0,0,0,0,0,42.6509062349796,0,753.666594088078,0,0,0,0,0,0.234477370977402,1.23576283454895,10.0277055650949,0,0,0,0,0,0,0,0,0,0,0,2978.20349036157,0,0,0,0,0,0,0,101.75530153513,0,0,0,79.3375772386789,0,0,0,0.13559553027153,0,0,0,0,0,0,0,4.0791737139225,0,1016.26762729883,0,0,0,0,0,0,0,0,0,0,0,0,0,0,412.63741107285,0,0,0,0,0,0,0,1.25460493564606,0,4.28240394592285,51.5362881049514,0,35.863228969276,0,0.425881028175354
0,0,0,0,0,0,0,0,0,0,0,0,0,0,0,0,0,0,0,0,0,0,0,0,0,0,0,0,0,0,0,2009.60430634022,408.858122900128,19.3049319088459,0,134.084827005863,168.861604630947,0,0,0,0,0,0,0,0,0,0,159.63148522377,0.573931455612183,0.931891143321991,0,0,0,0,0,0,0,0,0,0,0,0,0,0,0,0,0,0,0,0,0,0,0,0,0,250.678549081087,34.3775681853294,0,435.201916843653,0,0,0,297.226606398821,0,0,0,0
0,0,0,0,0,0,0,0,0,0,0,0,0,0,0,0,0,0,0,0,0,0,0,0,0,0,0,0,0,0,0,916.543006762862,1581.99408322573,18.498917222023,67.5692609250546,36.629578307271,212.59661655128,0,0,1.22720277309418,0,0,0,0,0,0,0,950.677252650261,580.520922526717,201.821985244751,0,0,0,0,0,0,0,0,0,0,0,0,0,0,0,0,0,0,0,0,0,0,0,0,250.678549081087,0,0,318.803324043751,1.09852012991905,29.5319269299507,0,0,317.823533922434,0,0,0,0
0,0,0,0,0,0,0,0,0,0,0,0,0,0,0,0,0,0,0,0,0,0,0,0,0,0,0,0,0,0,0,12.3062952458858,5.53722882270813,2681.73064187169,1441.0340616405,3.00190472602844,6.03932225704193,43.0762691795826,0,0,0,0,0,0,0,0,0,110.655927330256,0,0,0,0,0,0,0,0,0,0,0,0,0,0,0,0,0,0,0,0,0,0,0,0,0,0,34.3775681853294,0,0,947.721435964108,23.5395917892456,0,609.199059277773,0,187.826018214226,0.467158496379852,0,0,0
0,0,0,0,0,0,0,0,0,0,0,0,0,0,0,0,0,0,0,0,0,0,0,0,0,0,0,0,0,0,0,0,10.8802995979786,1106.05353876948,2109.70442807674,0,0,46.1753111481667,60.5306262373924,0,0,0,0,0,0,0,0,54.7012051939964,0,0,0,0,0,0,0,0,0,0,0,0,0,0,0,0,0,0,0,0,0,0,0,0,0,0,0,318.803324043751,947.721435964108,0,0,43.5906559824944,65.3621539473534,379.248403221369,255.435035586357,4.76159822940826,0,0,0
0,18.9509169459343,3.49190849065781,21.1442847698927,1.65708684921265,67.8111953437328,0,0,0,0.444021306931973,0,5.94376167654991,0,0,0,0,38.7864657863975,36.7826075330377,384.273875810206,110.988043934107,0,0,0,0,0,0,0,0,0,0,0,504.587532490492,0.99868606030941,16.972237020731,0,13218.8549318016,1266.43840001523,231.473725214601,0,584.54531621933,3.09921436011791,333.356345012784,7.12642480432987,0,0,300.356869235635,12.5532779470086,43.4522858858109,0,141.142390057445,0,0.224957749247551,0,0,0,0,0,0,0,0,0,0,33.9426331818104,0,0,0,0,0,0,0,0,0,0,0,435.201916843653,1.09852012991905,23.5395917892456,0,0,1511.73883378506,307.588664144278,1.74181959033012,3371.9197614342,741.307187393308,366.170062117279,3.67896175384521,0.179700121283531
23.8435674756765,1.1801889538765,26.9488894715905,0,23.93587911129,1.48266434669495,0,0,14.8795968294144,0.842977523803711,1.25182297825813,0,0,0,0,0,76.616781167686,19.6020394489169,473.649599373341,0,189.595603436232,0,0,0,0,0,0,0,0,0,0,0,3.88873066008091,0,0,1879.91631668806,13880.8277173564,0,102.049941182137,4.76028229296207,575.053251683712,4.96628809720278,597.239383816719,0,0,17.4703180789948,852.566639631987,80.226321876049,249.711196646094,31.3869898617268,0.585765957832336,0,0,0,0.150091633200645,0,0,0,0.952464759349823,0,0,0,0.84748637676239,882.937443517148,0,0,0,0,0,0,0,0,0,1.25460493564606,0,29.5319269299507,0,43.5906559824944,1511.73883378506,0,0,633.376318767667,3977.13903852552,1234.02566371858,665.066500395536,0,5.73308281600475
