0,0,12.576044852917,0,0,0,0,0,8.74969829666999,0,0,0,0,0,12.4410874048869,0,14.3935773086548,41.8841870625814,12.7527992490091,0,25.7923698425293,0,0,0,0,0,0,0,0,0,0,0,0,0,0,0,0,0,28.5819511413574,0,31.4229858716329,52.0464622497559,25.8015418367701,0,0,0,25.8476626993617,0,11.5619111506144,0,0,0,0,0,6.44958691518815,0,23.206981151662,0,0,0,7.02842080025446,0,0,28.5709897102194,0,0,0,0,0,0,0,20.5963134765625,0,25.5075392041888,0,0,0,0,0,32.4858416482514,0,30.4650027487013,12.4176619376776,43.4761924743652,19.0916049488255,0,18.8755666732788
0,0,0,3.09265933113713,0,9.20114850997925,0,0,0,5.34818059764802,0,0,0,0,0,0,0,0,9.15250971006311,0,0,0,0,0,0,0,0,0,0,0,0,0,0,0,0,0,0,0,0,0,0,20.8100558284557,40.0500289372035,0,0,0,0,0,0,5.47300583918889,0,0,0,0,0,5.74070600875012,0,24.4140396118164,0,0,0,0,0,0,0,0,0,0,0,0,0,0,26.6547889709473,0,0,0,0,0,0,0,0,0,9.42308150816567,16.9943232787283,10.3074785130365,0,0
12.576044852917,0,0,42.0934944152832,9.71409850189651,0,0,0,9.39817393347872,0,0,0,0,0,5.03201603889465,0,57.163028717041,61.5735481262207,41.9967586135864,0,30.2451629638672,0,0,0,0,0,0,0,0,0,0,0,0,0,0,27.6181335449219,28.2572691175673,0,0,58.4819105321711,24.237642288208,53.5885314941406,36.7352520424185,0,0,0,35.3397805274479,0,31.4643973309726,0,7.7487483296478,0,0,0,0,0,20.93585260255,0,4.41892118164987,0,5.66291619340579,0,0,43.5586570103963,0,0,0,0,0,0,0,0,67.9081428527832,30.5240036357533,0,0,0,0,39.137905393328,37.3566182886513,65.7671737670898,52.2532075246175,21.9296556558824,25.9213237762451,25.4978037609293,0,47.5093975067139
0,3.09265933113713,42.0934944152832,0,43.880256652832,11.5124804304658,0,0,55.9326400756836,5.64647069742095,0,0,0,0,0,0,72.3215293884277,59.2149311701457,48.9701942443848,0,0,0,0,0,0,0,0,0,0,0,0,0,0,0,0,26.867579460144,28.3668729237148,0,0,42.1648191941523,30.1487503051758,35.7526073722839,55.9888595581055,23.8363691057478,0,34.0294179916382,58.7444168183862,32.4247856140137,35.9484405517578,9.75573801061961,0,8.3519644571256,0,0,0,6.95516775353637,48.1075369517008,6.1529557686781,0,4.92455304126374,0,3.23166832526525,33.4515752792358,53.0839396220882,0,0,0,0,0,0,0,0,29.6182729807767,0,0,0,0,0,46.6655541385513,61.8581472326208,34.4938191005162,71.6526412963867,19.225623350951,19.144539197286,23.2268495393528,43.5017784118652,0
0,0,9.71409850189651,43.880256652832,0,0,2.95890784263611,0,2.92815204461416,0,0,0,0,0,3.17224245360403,0,59.721996307373,0,0,0,10.3325338363647,0,0,0,0,0,0,0,0,0,0,0,0,0,0,0,31.2268257141113,0,0,0,21.5262288180265,0,50.2535350322723,0,0,0,37.2165842056274,0,36.2592702345415,0,4.36838297792935,0,2.7955874479734,0,0,0,9.63144572575887,0,7.7124500057914,0,7.54893811225891,0,0,0,0,0,0,0,0,0,0,0,0,0,0,0,0,0,0,34.8765801649827,0,0,9.02334093080985,17.9603998728391,10.596365800966,0,0
0,9.20114850997925,0,11.5124804304658,0,0,0,0,0,7.36748266220093,0,0,0,0,0,0,77.5690879821777,69.9702307961204,67.7484420140584,9.00085509890248,0,0,0,0,0,0,0,0,0,0,0,0,0,0,0,19.6043608025329,39.7293319702148,0,0,56.6555107219799,0,49.2453215429388,49.2878967285156,33.3741324742635,0,69.6631011962891,79.0038642883301,0,47.040402730306,39.58444077628,0,3.79331261400254,0,2.74507147073746,0,0,0,38.2670059204102,0,0,0,0,13.7021800041199,60.9149080912272,0,0,0,0,0,0,0,0,42.6646731881534,0,0,0,0,0,30.4576525719337,49.871470451355,53.05406665802,80.6996994018555,21.1701014259436,31.7176206906637,27.4946612076587,56.6503044128418,77.1041107177734
0,0,0,0,2.95890784263611,0,0,0,0,0,3.45046198368073,0,5.46046673108454,0,0,0,0,0,0,0,4.65260744094849,0,0,0,0,0,0,0,0,0,0,0,0,0,0,0,2.72580552101135,0,0,0,0,0,0,0,0,0,0,0,0,0,4.5516232252121,0,3.74899225390476,0,0,0,12.5550453776405,0,4.93642497250414,0,0,0,0,0,0,0,0,0,0,0,0,0,0,0,0,0,0,0,0,0,0,0,3.85500657408177,3.01477220323351,0,0,0
0,0,0,0,0,0,0,0,0,0,0,5.7523922243236,0,0,0,0,0,0,0,0,0,0,0,0,0,0,0,0,0,0,0,0,0,0,0,4.74198579788208,0,0,0,0,0,0,0,0,0,0,0,0,0,0,0,0,0,5.10541974608578,0,0,0,5.94165044699417,0,0,0,0,0,0,0,0,0,0,0,0,0,0,0,0,0,0,0,0,0,0,0,0,3.66562210917473,0,0,0,0
8.74969829666999,0,9.39817393347872,55.9326400756836,2.92815204461416,0,0,0,0,0,0,0,0,0,5.29937156404983,0,7.20408307454165,89.6321182250977,38.4424753189087,0,0,0,0,0,6.22200314257596,0,5.99726332150973,0,0,0,0,0,0,0,0,0,0,0,13.5078423530042,0,39.9025624593099,55.6771125793457,27.4203501228363,0,0,0,39.2848675067608,0,20.0415140567942,0,9.29036116600037,0,0,0,6.578724494031,0,18.3852827919854,0,8.452421810316,0,5.73770901358505,0,0,42.4413411882189,0,0,0,14.1537001048817,0,3.79149317741394,0,0,0,25.4886677685906,0,0,0,0,0,42.0583746983455,0,22.5999628808763,7.02624075174506,6.3101046638429,25.0475345383184,0,12.2145757675171
0,5.34818059764802,0,5.64647069742095,0,7.36748266220093,0,0,0,0,0,0,0,0,0,3.86167730858077,33.1434095822848,10.4294746732523,25.4848591870275,0,0,0,0,6.09666525324186,0,3.00986884534359,0,0,0,0,0,0,0,0,0,0,0,9.59981975171924,0,50.9831781889263,0,26.963785704602,49.1036148071289,32.1948318481445,0,0,79.5792236328125,0,0,6.19708245884288,0,0,0,0,0,4.7075651290472,0,33.9386978149414,0,0,0,3.55198974609375,0,0,0,0,6.52556986808777,0,2.80127573013306,0,0,0,36.829978758289,0,0,0,0,0,54.9483194986979,0,12.4118338659698,0,5.3013925780233,20.4584386008126,8.56080316890075,32.1526425679525,0
0,0,0,0,0,0,3.45046198368073,0,0,0,0,0,4.12766012989107,0,0,0,0,0,0,0,9.28248124835135,0,0,0,0,0,0,0,0,0,4.71478768189748,0,0,0,0,0,4.87943998608791,0,3.68943120251183,0,0,0,0,0,0,0,0,0,0,0,6.65404181922508,0,0,0,0,0,8.93906027644428,0,4.58774395112868,0,0,0,0,9.37771215703752,0,0,0,0,0,0,0,2.80090223948161,0,2.87133945624034,0,0,0,0,0,12.3397802237807,0,5.35159715049935,4.14295103635446,2.73714780807495,22.5274928808212,0,0
0,0,0,0,0,0,0,5.7523922243236,0,0,0,0,0,2.98725976090173,0,0,0,0,0,3.44174158752413,0,0,0,0,0,0,0,2.96506595611572,0,8.87388508319855,0,0,0,0,0,2.94944532712301,0,3.16505858391396,0,0,0,0,0,0,0,0,0,0,0,0,0,0,0,4.32907874156267,0,0,0,4.17526252279693,0,3.03626084745976,0,0,3.22836687053953,0,0,0,0,0,0,0,0,0,5.1300688902537,0,0,0,0,0,0,0,3.34163840611776,0,3.53154751733212,0,0,0,0
0,0,0,0,0,0,5.46046673108454,0,0,0,4.12766012989107,0,0,0,3.78836888326726,0,0,0,0,0,0,0,0,0,0,0,0,0,0,0,0,0,0,0,0,0,0,0,0,0,0,0,32.335319519043,0,0,0,0,0,6.73940849304199,0,0,0,5.13258952753884,0,0,0,0,0,3.61443055979483,0,3.48687694523786,0,0,0,0,0,0,0,0,0,0,2.99650421058923,0,0,0,0,0,0,0,0,0,0,3.83398528465858,3.47391137725429,0,0,0
0,0,0,0,0,0,0,0,0,0,0,2.98725976090173,0,0,0,2.74819469451904,0,0,0,0,0,0,0,0,0,2.81155872344971,0,3.68934331350769,0,0,0,0,0,0,0,0,0,0,0,0,0,0,0,0,0,0,0,0,0,0,0,0,0,0,0,0,0,3.4842245076832,0,3.14312743255408,0,0,0,0,0,0,0,0,0,0,0,0,0,0,0,0,0,0,0,0,0,0,3.0709994898902,2.99767451916101,0,0,0
12.4410874048869,0,5.03201603889465,0,3.17224245360403,0,0,0,5.29937156404983,0,0,0,3.78836888326726,0,0,0,0,0,0,0,0,0,0,0,0,0,0,0,0,0,0,0,0,0,0,0,0,0,27.9362188975016,0,0,0,30.6634044647217,0,0,0,0,0,12.498702287674,0,3.23267884607668,0,0,0,5.4706423199454,0,4.38807183220273,0,3.54499024992452,0,3.45345345156533,0,0,90.4659881591797,0,0,0,20.529260635376,0,0,0,0,0,0,0,0,0,0,0,0,0,0,3.83468210240871,4.65648225375584,21.6511777595237,0,0
0,0,0,0,0,0,0,0,0,3.86167730858077,0,0,0,2.74819469451904,0,0,0,0,0,0,0,0,0,0,0,0,0,0,0,0,0,0,0,0,0,0,0,0,0,0,0,0,0,0,0,0,0,0,0,0,0,0,0,0,0,3.08466020599008,0,0,0,0,0,2.80886681263263,0,0,0,0,0,0,0,0,0,0,0,0,0,0,0,0,0,0,0,0,4.94338877657627,2.89865171909332,0,0,0
14.3935773086548,0,57.163028717041,72.3215293884277,59.721996307373,77.5690879821777,0,0,7.20408307454165,33.1434095822848,0,0,0,0,0,0,0,17.6831878597331,15.8532001024198,0,67.762585957845,0,4.39592653940309,25.5605090459188,5.29515107644571,0,6.7140807069409,0,0,0,0,0,0,0,0,0,0,0,67.0273351669312,71.3782036872137,46.6856195498736,67.1167345913974,47.2708296824976,45.1335716247559,0,0,54.5116038974658,0,23.4149417877197,0,0,68.6215362548828,0,0,2.95321106910706,78.5920562744141,60.77074570126,79.0303783416748,0,0,0,0,75.4065221150716,63.4900089479842,0,0,0,0,0,0,0,0,72.5549351828439,48.4960738590785,0,0,0,0,75.4365087452501,50.4094282786051,81.008901155912,51.1416699336125,9.55271293598447,4.47574261590546,54.0788940818686,57.8025190565321,54.9171019467441
41.8841870625814,0,61.5735481262207,59.2149311701457,0,69.9702307961204,0,0,89.6321182250977,10.4294746732523,0,0,0,0,0,0,17.6831878597331,0,20.0621320285609,0,86.9633178710938,2.84531407886081,0,8.56127834022045,0,4.32036949396133,0,0,0,0,0,0,0,0,0,0,0,102.624336242676,51.3655738830566,61.4196681686594,70.2110331726074,53.0797037209842,59.4793539312151,37.4122961997986,0,66.3801449862393,69.5715362574175,0,70.4932479858398,54.313533782959,0,64.0546870231628,0,0,0,8.30376778708564,77.3077404022217,47.8091790941026,0,0,0,0,70.4226247787476,68.1551882171631,0,0,0,0,0,0,0,0,54.0814504712542,75.5507209084251,0,0,0,0,64.0235650663316,72.0584675500152,62.95677734375,68.4524822235107,13.5672738816478,4.37040649646777,55.2115444550749,41.351555964152,50.214205308394
12.7527992490091,9.15250971006311,41.9967586135864,48.9701942443848,0,67.7484420140584,0,0,38.4424753189087,25.4848591870275,0,0,0,0,0,0,15.8532001024198,20.0621320285609,0,0,48.2482350213187,0,0,24.0402629375458,0,0,0,0,0,0,0,0,0,0,0,74.480081431071,0,79.6772537231445,44.1919295662328,43.6239244162036,45.4748656221929,33.628515477347,30.4078569297258,18.7069487253825,16.2035458087921,38.5814479252077,43.2023997285024,0,45.0581545829773,59.511385345459,42.1498908996582,53.1979283226861,0,0,0,40.2183170318604,38.0964770140471,33.8384907371119,0,0,0,0,54.3444200721947,47.6182369852336,0,0,0,0,0,0,0,30.0043907165527,33.0571690044184,35.6269860011275,0,0,0,0,47.1113083713421,46.440789656419,42.0938541965013,47.7324587580669,11.7659869884047,37.2611625035604,36.7488560374517,16.8994320773593,26.7618991920985
0,0,0,0,0,9.00085509890248,0,0,0,0,0,3.44174158752413,0,0,0,0,0,0,0,0,0,0,0,0,0,0,0,0,0,0,0,0,0,0,0,3.91306769344169,0,3.2627603044573,0,0,0,0,0,0,0,10.8174140998295,0,0,0,0,0,8.15561133219783,0,0,0,0,0,10.4101757650022,0,0,0,0,4.96132237207694,0,0,0,0,0,0,0,0,0,0,0,0,0,0,0,7.9311004874375,0,22.7952020168304,0,8.4894696675962,22.8528684888567,8.8962629189567,0,0
25.7923698425293,0,30.2451629638672,0,10.3325338363647,0,4.65260744094849,0,0,0,9.28248124835135,0,0,0,0,0,67.762585957845,86.9633178710938,48.2482350213187,0,0,0,0,0,0,0,0,0,0,0,0,0,0,0,0,0,4.4989473593943,0,8.27628297327621,63.7787208557129,33.6876480579376,0,46.8539943695068,0,0,0,34.9552560001612,0,39.3100538253784,0,0,82.3062515258789,0,0,0,0,11.0831161164862,0,5.99793672561646,0,0,0,0,6.80300546803869,0,0,0,0,0,0,0,0,0,0,0,0,0,0,0,6.30455066177471,0,12.2967862099409,4.92416476873641,24.5943938573201,7.92266103187494,46.9964790344238,50.5653368631999
0,0,0,0,0,0,0,0,0,0,0,0,0,0,0,0,0,2.84531407886081,0,0,0,0,3.1296339401832,5.22869860140005,0,0,0,2.7352876663208,0,0,0,0,0,0,0,0,0,5.06815014501749,0,0,0,0,0,0,0,0,0,0,0,6.44211182898101,0,0,0,0,0,0,0,0,0,0,0,0,0,0,4.44504004053309,2.84833959738413,5.0875051341894,0,10.8912200060758,0,5.4699297776589,0,0,0,0,0,0,0,0,0,5.61059486652579,0,4.35064218495343,0,18.1802635192871,0,0
0,0,0,0,0,0,0,0,0,0,0,0,0,0,0,0,4.39592653940309,0,0,0,0,3.1296339401832,0,0,3.79514807361667,0,3.00820149921236,0,2.74029715855916,0,0,0,0,0,0,0,0,0,5.08495790463943,0,0,0,27.2457237243652,0,0,0,0,42.2042427062988,9.44007115893894,0,0,0,0,0,0,0,0,0,0,0,0,0,0,0,2.96122753620148,4.75146035019725,0,6.49551952933644,0,0,0,0,0,0,0,0,0,0,0,0,0,4.13230126370114,4.47135037812181,4.33777770490357,18.9986038208008,0,0
0,0,0,0,0,0,0,0,0,6.09666525324186,0,0,0,0,0,0,25.5605090459188,8.56127834022045,24.0402629375458,0,0,5.22869860140005,0,0,0,3.18344525571139,0,0,0,0,0,0,0,0,0,0,0,7.58028967316086,0,0,0,0,0,0,0,0,0,0,0,5.63501227640473,0,0,0,0,0,6.70785983403524,0,0,0,0,0,0,0,0,4.28892737765645,0,3.88922929918611,0,4.08783101585676,0,4.06376481056213,0,0,0,0,0,0,0,0,0,8.16487320538225,0,4.67294464792524,0,8.38138782898585,0,0
0,0,0,0,0,0,0,0,6.22200314257596,0,0,0,0,0,0,0,5.29515107644571,0,0,0,0,0,3.79514807361667,0,0,0,3.26577793227302,0,0,0,0,0,0,0,0,0,0,0,4.69266353610033,0,0,0,0,0,0,0,0,25.9189968109131,4.75236940383911,0,0,0,0,0,5.39884264643599,0,0,0,0,0,0,0,0,0,0,6.36620324462123,0,4.26087657120674,0,3.31417843679454,0,0,0,0,0,0,0,0,0,0,0,9.21866245567799,4.55716222701686,0,0,0,0
0,0,0,0,0,0,0,0,0,3.00986884534359,0,0,0,2.81155872344971,0,0,0,4.32036949396133,0,0,0,0,0,3.18344525571139,0,0,0,2.80961569150289,0,0,0,0,0,0,0,0,0,0,0,0,0,0,0,0,0,0,0,0,0,0,0,0,0,0,0,3.02359955207161,0,0,0,0,0,0,0,0,3.59005924065908,0,3.54883587594126,0,2.73822903633118,0,2.74541878700256,0,0,0,0,0,0,0,0,0,0,0,3.6435783022926,0,0,0,0
0,0,0,0,0,0,0,0,5.99726332150973,0,0,0,0,0,0,0,6.7140807069409,0,0,0,0,0,3.00820149921236,0,3.26577793227302,0,0,0,0,0,0,0,0,0,0,0,0,0,0,0,0,0,0,0,0,0,0,0,0,0,0,0,0,0,0,0,0,0,0,0,0,0,0,0,0,0,0,0,0,2.95101499557495,0,0,0,0,0,0,0,0,0,0,0,0,7.41149612573477,0,0,0,0
0,0,0,0,0,0,0,0,0,0,0,2.96506595611572,0,3.68934331350769,0,0,0,0,0,0,0,2.7352876663208,0,0,0,2.80961569150289,0,0,0,2.877397887847,0,0,0,0,0,0,0,0,0,0,0,0,0,0,0,0,0,0,0,10.0057110786438,0,0,0,0,0,0,0,0,0,4.20775873661041,0,0,0,0,3.41845332492482,0,0,0,0,0,3.63388824058791,0,0,0,0,0,0,0,0,0,0,0,2.7445707321167,0,0,0,0
0,0,0,0,0,0,0,0,0,0,0,0,0,0,0,0,0,0,0,0,0,0,2.74029715855916,0,0,0,0,0,0,0,3.49457149440739,0,0,0,0,0,0,0,3.23107110826593,0,0,0,0,0,0,0,0,0,0,0,0,0,0,0,0,0,0,0,3.05996352434158,0,0,0,0,0,0,0,0,0,0,0,0,3.17657414362832,0,0,0,0,0,0,0,0,0,5.11732530593872,2.82857716710944,2.84283190965652,0,0,0
0,0,0,0,0,0,0,0,0,0,0,8.87388508319855,0,0,0,0,0,0,0,0,0,0,0,0,0,0,0,2.877397887847,0,0,0,0,0,0,0,0,0,3.48290584791074,0,0,0,0,0,0,0,0,0,0,0,0,0,0,0,0,0,0,0,2.74097806215286,0,0,0,0,0,0,0,0,0,0,0,0,0,0,2.87242248925296,0,0,0,0,0,0,0,3.00163067579269,0,0,0,0,0,0
0,0,0,0,0,0,0,0,0,0,4.71478768189748,0,0,0,0,0,0,0,0,0,0,0,0,0,0,0,0,0,3.49457149440739,0,0,0,0,0,0,0,0,0,3.4422771135966,0,0,0,0,0,0,0,0,0,0,0,0,0,0,0,0,0,5.02025397777557,0,6.79985797405243,0,0,0,0,0,0,0,0,0,0,0,0,4.49019082757964,0,3.02311830419712,0,0,0,0,0,0,0,4.24895429611206,2.80933646361033,2.91693810054234,0,0,0
0,0,0,0,0,0,0,0,0,0,0,0,0,0,0,0,0,0,0,0,0,0,0,0,0,0,0,0,0,0,0,0,3.02816116631159,14.5081030925115,0,6.74345538778915,10.8777381195965,0,0,0,13.3525910792143,0,0,0,0,0,0,5.01225149383464,6.59246937071815,4.62642886903551,0,0,0,0,0,0,0,0,0,0,0,0,0,0,0,0,0,0,0,0,0,0,0,0,3.67414600454058,4.62602657438349,3.00649106502533,0,3.79275049613072,17.4524881362915,0,0,3.67119129881801,0,8.02794647216797,0,0
0,0,0,0,0,0,0,0,0,0,0,0,0,0,0,0,0,0,0,0,0,0,0,0,0,0,0,0,0,0,0,3.02816116631159,0,0,0,3.91725064277649,3.73710040862744,0,0,0,0,0,0,0,0,0,0,3.18891380113714,0,0,0,0,0,0,0,0,0,0,0,0,0,0,0,0,0,0,0,0,0,0,0,0,0,0,2.95975112915039,3.01795075607924,2.95824456214905,0,0,5.66034084838509,0,0,3.53833680275159,0,0,0,0
0,0,0,0,0,0,0,0,0,0,0,0,0,0,0,0,0,0,0,0,0,0,0,0,0,0,0,0,0,0,0,14.5081030925115,0,0,3.8006368212031,5.41595517748778,0,5.85089603662491,0,0,0,0,0,0,0,0,0,4.91039872865146,13.83806767671,0,0,0,0,0,0,0,0,0,0,0,0,0,0,0,0,0,0,0,0,0,0,0,0,0,5.46840810775757,4.16031770706177,4.94142385178626,4.19067245329212,5.36698678681127,0,11.7875569661458,0,5.19136707941691,2.90858294872137,0,0,0
0,0,0,0,0,0,0,0,0,0,0,0,0,0,0,0,0,0,0,0,0,0,0,0,0,0,0,0,0,0,0,0,0,3.8006368212031,0,3.01205156530653,3.9581768150729,0,4.36197689457944,0,0,0,0,0,0,0,0,3.89998162315455,0,0,0,0,0,0,0,0,0,0,0,0,0,0,0,0,0,0,0,0,0,0,0,0,0,0,0,3.71279052325657,3.15788292884827,3.92265851645449,0,9.1202340812922,0,7.20952584719894,3.8828393565981,4.92239455382029,0,0,0
0,0,27.6181335449219,26.867579460144,0,19.6043608025329,0,4.74198579788208,0,0,0,2.94944532712301,0,0,0,0,0,0,74.480081431071,3.91306769344169,0,0,0,0,0,0,0,0,0,0,0,6.74345538778915,3.91725064277649,5.41595517748778,3.01205156530653,0,4.63888686760518,8.54366134161181,6.4275312513113,18.9353448867798,0,67.9330854415894,0,0,0,26.4488974677192,125.968078613281,20.678335946854,10.0924635330836,13.2594769795736,0,18.3830787761539,0,0,0,0,33.732421875,21.0425586700439,0,21.5965518951416,0,0,6.8392318131543,0,0,0,0,0,0,0,0,0,0,0,4.96020488379494,20.8136196136475,5.40176307360331,0,7.08804761905919,5.62719553954823,12.2433258757472,0,4.97150599379589,5.39072855391153,13.1838669614819,0,0
0,0,28.2572691175673,28.3668729237148,31.2268257141113,39.7293319702148,2.72580552101135,0,0,0,4.87943998608791,0,0,0,0,0,0,0,0,0,4.4989473593943,0,0,0,0,0,0,0,0,0,0,10.8777381195965,3.73710040862744,0,3.9581768150729,4.63888686760518,0,15.1560695648193,6.71616886353565,0,19.2180037498474,0,49.5093078613281,0,0,0,29.3057381312052,16.6531966697169,13.1930253505707,11.8243036270142,25.3108501434326,37.6674235207694,0,0,0,0,5.50571727616834,0,13.9102239608765,0,0,0,0,6.40824176147159,0,0,0,0,0,0,0,0,48.0510063171387,0,10.6527446859023,4.96524868173114,0,4.6118798148766,7.81691891562264,5.8253880822511,22.4327697753906,9.89678132290254,4.28418546357396,5.84299638683762,10.8520451966531,0,0
0,0,0,0,0,0,0,0,0,9.59981975171924,0,3.16505858391396,0,0,0,0,0,102.624336242676,79.6772537231445,3.2627603044573,0,5.06815014501749,0,7.58028967316086,0,0,0,0,0,3.48290584791074,0,0,0,5.85089603662491,0,8.54366134161181,15.1560695648193,0,4.57735643575066,0,0,10.4950351133579,21.2569036483765,0,0,14.8048508882523,0,4.90125434330423,26.6144053141276,8.84283884731499,0,0,0,0,0,10.7283931075574,0,3.88531220919713,0,0,0,0,36.0590335130692,0,8.22788505748036,0,7.24083747518448,0,0,0,3.54337105751038,0,3.21316617897579,0,0,0,2.7912386059761,0,20.5654501996942,0,5.97026026200754,4.17279681292447,6.07595090099093,3.23698112272447,8.62467484341727,0,0
28.5819511413574,0,0,0,0,0,0,0,13.5078423530042,0,3.68943120251183,0,0,0,27.9362188975016,0,67.0273351669312,51.3655738830566,44.1919295662328,0,8.27628297327621,0,5.08495790463943,0,4.69266353610033,0,0,0,3.23107110826593,0,3.4422771135966,0,0,0,4.36197689457944,6.4275312513113,6.71616886353565,4.57735643575066,0,110.910003662109,48.1910533905029,42.3367741107941,22.5587648903882,0,0,0,30.4913723128183,6.78374106861721,5.11399083126576,33.5008087158203,0,0,0,0,13.9743769080288,0,4.77443091402349,75.8927764892578,0,0,26.493621190389,0,0,11.2866939395082,0,9.80009138420836,0,6.43361972208907,0,0,0,3.75038181475508,0,3.49455162118643,0,0,0,4.23884857106371,72.503698348999,11.7880962386329,5.22696577984354,5.12364438321732,6.14773484861846,6.63725752896125,16.7130655242551,0,0
0,0,58.4819105321711,42.1648191941523,0,56.6555107219799,0,0,0,50.9831781889263,0,0,0,0,0,0,71.3782036872137,61.4196681686594,43.6239244162036,0,63.7787208557129,0,0,0,0,0,0,0,0,0,0,0,0,0,0,18.9353448867798,0,0,110.910003662109,0,85.9577306111654,23.4592050499492,54.1630616731282,27.0204348985841,0,12.4294659404304,70.6019109290416,0,0,6.6694820528161,0,52.3893772208172,0,0,0,61.4491996765137,52.732084274292,65.6788667749476,0,86.7822418212891,0,0,27.0646904116479,49.2525957547701,0,0,0,0,0,0,0,0,56.1796582035287,76.0386276245117,0,0,0,0,37.8245687058792,79.9064196962299,44.6962927097131,83.8424576979417,38.7736433687317,41.6672041568069,20.5560341763914,25.9986273884262,67.0979721069336
31.4229858716329,0,24.237642288208,30.1487503051758,21.5262288180265,0,0,0,39.9025624593099,0,0,0,0,0,0,0,46.6856195498736,70.2110331726074,45.4748656221929,0,33.6876480579376,0,0,0,0,0,0,0,0,0,0,13.3525910792143,0,0,0,0,19.2180037498474,0,48.1910533905029,85.9577306111654,0,94.4890823364258,20.4075554496083,0,0,0,41.5045506863446,5.60571490011097,5.17427904317419,13.3444358825684,26.3567085266113,0,0,0,0,0,33.3159127584318,85.6478881835938,30.7553806304932,0,0,0,0,34.5930601891051,0,0,0,0,0,0,0,0,74.6695404052734,50.0177984237671,0,10.8262032060062,0,0,102.246845245361,7.18740254931596,96.8854675292969,56.0425682067871,34.9747420698404,41.569611395559,19.9188257799699,0,17.5285318631392
52.0464622497559,20.8100558284557,53.5885314941406,35.7526073722839,0,49.2453215429388,0,0,55.6771125793457,26.963785704602,0,0,0,0,0,0,67.1167345913974,53.0797037209842,33.628515477347,0,0,0,0,0,0,0,0,0,0,0,0,0,0,0,0,67.9330854415894,0,10.4950351133579,42.3367741107941,23.4592050499492,94.4890823364258,0,13.5730565294997,22.4575446869465,0,39.3507262865702,73.935087274622,7.01942845847872,21.1896432818788,20.7736003365298,0,49.6911967090357,0,0,0,34.5119418268618,69.9594100952148,22.6185697555542,0,48.5374588012695,0,0,28.5607728811732,77.115788269043,0,0,0,41.350118637085,0,0,33.3058795928955,0,22.1807887556382,0,0,0,0,0,33.6034818272728,73.1491038004557,47.7253743514274,47.2006670633952,17.8944259233636,37.8257848094009,17.720415558342,17.4095808537894,0
25.8015418367701,40.0500289372035,36.7352520424185,55.9888595581055,50.2535350322723,49.2878967285156,0,0,27.4203501228363,49.1036148071289,0,0,32.335319519043,0,30.6634044647217,0,47.2708296824976,59.4793539312151,30.4078569297258,0,46.8539943695068,0,27.2457237243652,0,0,0,0,0,0,0,0,0,0,0,0,0,49.5093078613281,21.2569036483765,22.5587648903882,54.1630616731282,20.4075554496083,13.5730565294997,0,0,8.60162982940674,0,22.1370535761804,15.3883354523189,13.5407504614151,18.5342240263434,50.723010635376,47.6196797688802,0,0,7.8566315472126,46.0168266296387,22.9268242471615,0,22.9326505661011,0,24.8949638876584,0,61.8354225158691,28.152604319898,0,0,0,20.3471377690633,0,0,0,21.398403485616,63.4670234680176,15.2459342019756,0,0,0,0,65.7542895537156,26.5190986569259,61.1801675160726,39.5596581008364,17.7285598820915,32.3566721548302,15.7726369500659,30.3721932497892,12.3478090745139
0,0,0,23.8363691057478,0,33.3741324742635,0,0,0,32.1948318481445,0,0,0,0,0,0,45.1335716247559,37.4122961997986,18.7069487253825,0,0,0,0,0,0,0,0,0,0,0,0,0,0,0,0,0,0,0,0,27.0204348985841,0,22.4575446869465,0,0,0,0,0,0,0,0,0,29.0685106913249,0,0,0,60.7100524902344,0,51.8416709899902,0,0,0,0,0,0,0,0,0,0,0,0,0,0,26.725805176629,0,0,0,0,0,33.6724317724055,119.178451538086,24.1627854241265,0,28.0425556004047,17.3839101791382,23.9112973082555,40.224630355835,0
0,0,0,0,0,0,0,0,0,0,0,0,0,0,0,0,0,0,16.2035458087921,0,0,0,0,0,0,0,0,0,0,0,0,0,0,0,0,0,0,0,0,0,0,0,8.60162982940674,0,0,0,0,0,0,0,0,0,0,0,0,0,33.9278907775879,0,0,0,0,0,0,0,0,0,0,0,0,0,0,0,0,0,0,0,0,0,0,60.6136932373047,0,0,9.12524454615941,16.0820759137472,7.24630734890322,0,0
0,0,0,34.0294179916382,0,69.6631011962891,0,0,0,0,0,0,0,0,0,0,0,66.3801449862393,38.5814479252077,10.8174140998295,0,0,0,0,0,0,0,0,0,0,0,0,0,0,0,26.4488974677192,0,14.8048508882523,0,12.4294659404304,0,39.3507262865702,0,0,0,0,76.1737594604492,0,34.6212838490804,40.1115398406982,0,60.0789375305176,0,0,0,0,0,39.8949203491211,0,0,0,0,9.64263773060435,59.787260055542,0,0,0,0,0,0,0,0,30.0571206871275,0,0,0,0,0,23.0008103918196,88.3672637939453,24.5558702255348,0,34.112036040335,38.6656928592258,15.8805047690056,57.3361358642578,0
25.8476626993617,0,35.3397805274479,58.7444168183862,37.2165842056274,79.0038642883301,0,0,39.2848675067608,79.5792236328125,0,0,0,0,0,0,54.5116038974658,69.5715362574175,43.2023997285024,0,34.9552560001612,0,0,0,0,0,0,0,0,0,0,0,0,0,0,125.968078613281,29.3057381312052,0,30.4913723128183,70.6019109290416,41.5045506863446,73.935087274622,22.1370535761804,0,0,76.1737594604492,0,0,42.2756414939099,0,0,81.5492248535156,0,0,0,72.9183883666992,36.703867069824,80.8537998199463,0,0,67.9940605163574,0,89.9103775024414,13.4972160465363,0,0,0,0,0,0,0,0,84.3021833896637,53.0797048348647,0,0,0,0,72.8180576324463,25.7833075649709,92.0234413146973,36.7679485353689,38.780151629366,40.0575278407088,23.8310753635138,61.4053077697754,35.6994889885632
0,0,0,32.4247856140137,0,0,0,0,0,0,0,0,0,0,0,0,0,0,0,0,0,0,42.2042427062988,0,25.9189968109131,0,0,0,0,0,0,5.01225149383464,3.18891380113714,4.91039872865146,3.89998162315455,20.678335946854,16.6531966697169,4.90125434330423,6.78374106861721,0,5.60571490011097,7.01942845847872,15.3883354523189,0,0,0,0,0,7.0990103626414,4.87607466614486,0,0,0,0,0,0,0,0,0,0,0,0,0,0,0,0,0,27.6378021240234,0,0,0,0,0,0,5.42249398441331,4.89020678081314,3.61604641543494,3.49694311141968,5.22932273588683,8.20816317010144,14.3767075538635,15.7974245937503,7.53064165540894,11.3048088927018,7.87455106707763,0,0
11.5619111506144,0,31.4643973309726,35.9484405517578,36.2592702345415,47.040402730306,0,0,20.0415140567942,0,0,0,6.73940849304199,0,12.498702287674,0,23.4149417877197,70.4932479858398,45.0581545829773,0,39.3100538253784,0,9.44007115893894,0,4.75236940383911,0,0,0,0,0,0,6.59246937071815,0,13.83806767671,0,10.0924635330836,13.1930253505707,26.6144053141276,5.11399083126576,0,5.17427904317419,21.1896432818788,13.5407504614151,0,0,34.6212838490804,42.2756414939099,7.0990103626414,0,11.5810733351404,36.2646881739298,44.87830248746,0,0,3.78677558898926,0,19.0714545034971,0,3.54894390472999,0,4.84837279774836,0,0,41.3048238971017,0,11.6139679617352,0,8.42685806751251,0,0,0,14.0732026100159,57.3388557434082,26.2265696274607,0,13.1910080611706,0,3.83729670247959,42.3395563761393,6.84861749455931,0,5.86586715261317,10.4822301298964,29.7503930872137,12.4018662062461,0,20.6267166137695
0,5.47300583918889,0,9.75573801061961,0,39.58444077628,0,0,0,6.19708245884288,0,0,0,0,0,0,0,54.313533782959,59.511385345459,0,0,6.44211182898101,0,5.63501227640473,0,0,0,10.0057110786438,0,0,0,4.62642886903551,0,0,0,13.2594769795736,11.8243036270142,8.84283884731499,33.5008087158203,6.6694820528161,13.3444358825684,20.7736003365298,18.5342240263434,0,0,40.1115398406982,0,4.87607466614486,11.5810733351404,0,0,45.2129336039225,0,0,0,12.848842493693,0,15.2476805588778,0,0,0,0,53.1599540710449,62.0224189758301,5.23545643864451,0,5.92059873645588,0,4.60396480560303,0,4.28103490918875,0,13.6810371539962,0,0,0,0,0,42.0561348841741,0,7.33833462008671,0,10.073475115119,36.3418068355984,8.43505434840011,23.7573623657227,83.0390167236328
0,0,7.7487483296478,0,4.36838297792935,0,4.5516232252121,0,9.29036116600037,0,6.65404181922508,0,0,0,3.23267884607668,0,0,0,42.1498908996582,0,0,0,0,0,0,0,0,0,0,0,0,0,0,0,0,0,25.3108501434326,0,0,0,26.3567085266113,0,50.723010635376,0,0,0,0,0,36.2646881739298,0,0,0,3.35411690341102,0,0,0,6.27703051932537,0,4.78049532491334,56.1052017211914,5.30568374083346,0,0,17.6782069206238,0,0,0,0,0,0,0,0,0,0,0,0,0,0,0,47.0894435882568,0,0,4.44829321437412,25.6016483306885,10.6811098667355,0,55.0055999755859
0,0,0,8.3519644571256,0,3.79331261400254,0,0,0,0,0,0,0,0,0,0,68.6215362548828,64.0546870231628,53.1979283226861,8.15561133219783,82.3062515258789,0,0,0,0,0,0,0,0,0,0,0,0,0,0,18.3830787761539,37.6674235207694,0,0,52.3893772208172,0,49.6911967090357,47.6196797688802,29.0685106913249,0,60.0789375305176,81.5492248535156,0,44.87830248746,45.2129336039225,0,0,0,2.76632373332977,0,0,0,6.78561392852238,0,0,0,0,20.9876229763031,70.3351745605469,0,0,0,0,0,0,0,0,42.3473521868388,0,0,0,0,0,26.185533212976,75.5636558532715,40.8406348228455,0,30.4120325058226,27.768444776535,14.8821653385216,37.8667869567871,0
0,0,0,0,2.7955874479734,0,3.74899225390476,0,0,0,0,0,5.13258952753884,0,0,0,0,0,0,0,0,0,0,0,0,0,0,0,0,0,0,0,0,0,0,0,0,0,0,0,0,0,0,0,0,0,0,0,0,0,3.35411690341102,0,0,0,0,0,10.8338960511344,0,5.47714986603641,0,0,0,0,0,0,0,0,0,0,0,0,0,0,0,0,0,0,0,0,0,0,0,3.08320098161697,2.7324595451355,0,0,0
0,0,0,0,0,2.74507147073746,0,5.10541974608578,0,0,0,4.32907874156267,0,0,0,0,0,0,0,0,0,0,0,0,0,0,0,0,0,0,0,0,0,0,0,0,0,0,0,0,0,0,0,0,0,0,0,0,0,0,0,2.76632373332977,0,0,0,0,0,4.53684803978963,0,0,0,0,0,0,0,0,0,0,0,0,0,0,0,0,0,0,0,0,0,0,0,0,5.35689310594039,0,0,0,0
6.44958691518815,0,0,0,0,0,0,0,6.578724494031,0,0,0,0,0,5.4706423199454,0,2.95321106910706,0,0,0,0,0,0,0,5.39884264643599,0,0,0,0,0,0,0,0,0,0,0,0,0,13.9743769080288,0,0,0,7.8566315472126,0,0,0,0,0,3.78677558898926,0,0,0,0,0,0,0,0,0,0,0,5.49376100211705,0,0,0,0,0,0,6.62182225197031,0,0,0,0,0,0,0,0,0,0,0,0,0,9.80705333556572,10.0982445610894,5.37498679161072,10.807297202257,0,0
0,5.74070600875012,0,6.95516775353637,0,0,0,0,0,4.7075651290472,0,0,0,0,0,3.08466020599008,78.5920562744141,8.30376778708564,40.2183170318604,0,0,0,0,6.70785983403524,0,3.02359955207161,0,0,0,0,0,0,0,0,0,0,0,10.7283931075574,0,61.4491996765137,0,34.5119418268618,46.0168266296387,60.7100524902344,0,0,72.9183883666992,0,0,12.848842493693,0,0,0,0,0,0,0,32.9337514241536,0,0,0,3.02476784586906,0,0,0,0,5.17079905805917,0,3.02236501375834,0,0,0,36.3023927269912,0,0,0,0,0,49.6915009816488,113.066352844238,12.5326711530581,0,12.2299531936646,28.6812445322673,16.056393020846,0,0
23.206981151662,0,20.93585260255,48.1075369517008,9.63144572575887,0,12.5550453776405,0,18.3852827919854,0,8.93906027644428,0,0,0,4.38807183220273,0,60.77074570126,77.3077404022217,38.0964770140471,0,11.0831161164862,0,0,0,0,0,0,0,0,0,5.02025397777557,0,0,0,0,33.732421875,5.50571727616834,0,4.77443091402349,52.732084274292,33.3159127584318,69.9594100952148,22.9268242471615,0,33.9278907775879,0,36.703867069824,0,19.0714545034971,0,6.27703051932537,0,10.8338960511344,0,0,0,0,0,4.47587463905472,0,4.96551570251806,0,0,11.6126582878123,0,0,0,0,0,0,0,4.12365267276764,72.747673034668,6.29788937265911,0,0,0,0,61.5377325330462,41.5488541863181,86.7591323852539,17.8158281445503,22.0098601743648,39.5930949317084,13.5955008416752,45.7288188934326,22.1165817945431
0,24.4140396118164,0,6.1529557686781,0,38.2670059204102,0,5.94165044699417,0,33.9386978149414,0,4.17526252279693,0,3.4842245076832,0,0,79.0303783416748,47.8091790941026,33.8384907371119,10.4101757650022,0,0,0,0,0,0,0,0,0,2.74097806215286,0,0,0,0,0,21.0425586700439,0,3.88531220919713,75.8927764892578,65.6788667749476,85.6478881835938,22.6185697555542,0,51.8416709899902,0,39.8949203491211,80.8537998199463,0,0,15.2476805588778,0,6.78561392852238,0,4.53684803978963,0,32.9337514241536,0,0,0,2.95890537261963,0,3.0016399886873,9.15501666579199,77.5555354527065,0,0,0,0,0,0,9.2270486319243,0,5.49320362802833,0,0,0,0,0,29.3332941055298,68.4771550496419,3.83835942137475,0,22.5469329145533,41.1789672851562,8.24144225852883,19.2602651119232,0
0,0,4.41892118164987,0,7.7124500057914,0,4.93642497250414,0,8.452421810316,0,4.58774395112868,0,3.61443055979483,0,3.54499024992452,0,0,0,0,0,5.99793672561646,0,0,0,0,0,0,0,3.05996352434158,0,6.79985797405243,0,0,0,0,0,13.9102239608765,0,0,0,30.7553806304932,0,22.9326505661011,0,0,0,0,0,3.54894390472999,0,4.78049532491334,0,5.47714986603641,0,0,0,4.47587463905472,0,0,0,3.68633699941111,0,0,6.58531817935762,0,0,0,0,0,0,0,3.2792633435665,0,8.23918633460999,0,0,0,0,0,14.8174319267273,0,0,4.22712878658347,4.21424448118903,9.53400949745327,0,0
0,0,0,4.92455304126374,0,0,0,0,0,0,0,3.03626084745976,0,3.14312743255408,0,0,0,0,0,0,0,0,0,0,0,0,0,4.20775873661041,0,0,0,0,0,0,0,21.5965518951416,0,0,0,86.7822418212891,0,48.5374588012695,0,0,0,0,0,0,0,0,56.1052017211914,0,0,0,0,0,0,2.95890537261963,0,0,0,2.74126362800598,9.45650768280029,0,0,0,0,0,0,0,0,0,0,0,0,0,0,0,34.7617431640625,0,0,0,26.1567395925522,2.73465204238892,15.5548554942721,0,0
7.02842080025446,0,5.66291619340579,0,7.54893811225891,0,0,0,5.73770901358505,0,0,0,3.48687694523786,0,3.45345345156533,0,0,0,0,0,0,0,0,0,0,0,0,0,0,0,0,0,0,0,0,0,0,0,26.493621190389,0,0,0,24.8949638876584,0,0,0,67.9940605163574,0,4.84837279774836,0,5.30568374083346,0,0,0,5.49376100211705,0,4.96551570251806,0,3.68633699941111,0,0,0,0,9.88535499572754,0,0,0,19.5960536230178,0,3.3652822971344,0,6.91633911132813,0,24.797061920166,0,0,0,0,0,0,0,21.2531471252441,5.28835301650198,0,15.4614711311093,0,0
0,0,0,3.23166832526525,0,0,0,0,0,3.55198974609375,0,0,0,0,0,2.80886681263263,0,0,0,0,0,0,0,0,0,0,0,0,0,0,0,0,0,0,0,0,0,0,0,0,0,0,0,0,0,0,0,0,0,0,0,0,0,0,0,3.02476784586906,0,3.0016399886873,0,2.74126362800598,0,0,0,0,0,0,0,0,0,0,0,0,0,0,0,0,0,0,0,0,0,0,2.82708727518717,0,0,0,0
0,0,0,33.4515752792358,0,13.7021800041199,0,0,0,0,0,3.22836687053953,0,0,0,0,75.4065221150716,70.4226247787476,54.3444200721947,4.96132237207694,0,0,0,0,0,0,0,0,0,0,0,0,0,0,0,6.8392318131543,0,36.0590335130692,0,27.0646904116479,0,28.5607728811732,61.8354225158691,0,0,9.64263773060435,89.9103775024414,0,0,53.1599540710449,0,20.9876229763031,0,0,0,0,0,9.15501666579199,0,9.45650768280029,0,0,0,90.563720703125,0,0,0,0,0,0,12.002917918292,0,12.3742866960337,0,0,0,0,0,13.5377369003327,122.176807403564,34.5351513565789,146.706207275391,36.4912415697605,46.9774932861328,10.4431499963754,54.6997177124023,0
28.5709897102194,0,43.5586570103963,53.0839396220882,0,60.9149080912272,0,0,42.4413411882189,0,9.37771215703752,0,0,0,90.4659881591797,0,63.4900089479842,68.1551882171631,47.6182369852336,0,6.80300546803869,0,0,0,0,0,0,0,0,0,0,0,0,0,0,0,6.40824176147159,0,11.2866939395082,49.2525957547701,34.5930601891051,77.115788269043,28.152604319898,0,0,59.787260055542,13.4972160465363,0,41.3048238971017,62.0224189758301,17.6782069206238,70.3351745605469,0,0,0,0,11.6126582878123,77.5555354527065,6.58531817935762,0,9.88535499572754,0,90.563720703125,0,0,0,0,0,0,0,0,0,79.8754676183065,24.2441280773708,0,0,0,0,57.4853644598098,14.5957264825996,77.5959838867188,17.5582938891062,25.8472120047051,39.9487906683059,19.3857336141731,49.3268051147461,37.5831891573392
0,0,0,0,0,0,0,0,0,0,0,0,0,0,0,0,0,0,0,0,0,4.44504004053309,2.96122753620148,4.28892737765645,0,3.59005924065908,0,3.41845332492482,0,0,0,0,0,0,0,0,0,8.22788505748036,0,0,0,0,0,0,0,0,0,0,0,5.23545643864451,0,0,0,0,0,0,0,0,0,0,0,0,0,0,0,0,4.76756313967545,0,4.34951382801857,0,4.41919744533041,0,0,0,0,0,0,0,0,0,8.59194348048215,0,4.78546315584427,0,15.0516610675388,0,0
0,0,0,0,0,0,0,0,0,0,0,0,0,0,0,0,0,0,0,0,0,2.84833959738413,4.75146035019725,0,6.36620324462123,0,0,0,0,0,0,0,0,0,0,0,0,0,9.80009138420836,0,0,0,0,0,0,0,0,0,11.6139679617352,0,0,0,0,0,0,0,0,0,0,0,0,0,0,0,0,0,0,7.33996864332669,0,5.47914600372314,0,0,0,0,0,0,0,0,0,0,0,7.69402101304796,3.90705938174807,3.97714086679312,15.6386205355326,0,0
0,0,0,0,0,0,0,0,0,6.52556986808777,0,0,0,0,0,0,0,0,0,0,0,5.0875051341894,0,3.88922929918611,0,3.54883587594126,0,0,0,0,0,0,0,0,0,0,0,7.24083747518448,0,0,0,0,0,0,0,0,0,0,0,5.92059873645588,0,0,0,0,0,5.17079905805917,0,0,0,0,0,0,0,0,4.76756313967545,0,0,0,4.04336491009084,0,3.19280319895063,0,0,0,0,0,0,0,0,0,7.47968725410439,0,3.55991705258687,0,6.63718395180755,0,0
0,0,0,0,0,0,0,0,14.1537001048817,0,0,0,0,0,20.529260635376,0,0,0,0,0,0,0,6.49551952933644,0,4.26087657120674,0,0,0,0,0,0,0,0,0,0,0,0,0,6.43361972208907,0,0,41.350118637085,20.3471377690633,0,0,0,0,27.6378021240234,8.42685806751251,0,0,0,0,0,6.62182225197031,0,0,0,0,0,19.5960536230178,0,0,0,0,7.33996864332669,0,0,0,0,0,0,0,0,0,0,0,0,0,0,0,5.72308173381462,23.2465475286756,23.5850563049316,18.4792778708718,0,0
0,0,0,0,0,0,0,0,0,2.80127573013306,0,0,0,0,0,0,0,0,0,0,0,10.8912200060758,0,4.08783101585676,0,2.73822903633118,0,0,0,0,0,0,0,0,0,0,0,0,0,0,0,0,0,0,0,0,0,0,0,4.60396480560303,0,0,0,0,0,3.02236501375834,0,0,0,0,0,0,0,0,4.34951382801857,0,4.04336491009084,0,0,0,3.03247675630781,0,0,0,0,0,0,0,0,0,0,0,2.85409450531006,0,0,0,0
0,0,0,0,0,0,0,0,3.79149317741394,0,0,0,0,0,0,0,0,0,0,0,0,0,0,0,3.31417843679454,0,2.95101499557495,0,0,0,0,0,0,0,0,0,0,0,0,0,0,0,0,0,0,0,0,0,0,0,0,0,0,0,0,0,0,0,0,0,3.3652822971344,0,0,0,0,5.47914600372314,0,0,0,0,0,0,0,0,0,0,0,0,0,0,0,0,0,0,4.02000522613525,0,0
0,0,0,0,0,0,0,0,0,0,0,0,0,0,0,0,0,0,0,0,0,5.4699297776589,0,4.06376481056213,0,2.74541878700256,0,3.63388824058791,0,0,0,0,0,0,0,0,0,3.54337105751038,0,0,0,33.3058795928955,0,0,0,0,0,0,0,4.28103490918875,0,0,0,0,0,0,0,9.2270486319243,0,0,0,0,12.002917918292,0,4.41919744533041,0,3.19280319895063,0,3.03247675630781,0,0,0,3.4685232089116,0,0,0,0,0,0,0,3.3322887318766,0,43.7631072998047,0,10.6110047509031,0,0
20.5963134765625,0,0,0,0,0,0,0,0,0,2.80090223948161,0,2.99650421058923,0,0,0,0,0,30.0043907165527,0,0,0,0,0,0,0,0,0,3.17657414362832,0,4.49019082757964,0,0,0,0,0,0,0,3.75038181475508,0,0,0,21.398403485616,0,0,0,0,0,14.0732026100159,0,0,0,0,0,0,0,4.12365267276764,0,3.2792633435665,0,6.91633911132813,0,0,0,0,0,0,0,0,0,0,0,0,5.54655175056863,0,0,0,0,0,0,0,3.49310147061067,3.75719182387642,0,21.3550212860107,0,0
0,26.6547889709473,67.9081428527832,29.6182729807767,0,42.6646731881534,0,0,0,36.829978758289,0,5.1300688902537,0,0,0,0,72.5549351828439,54.0814504712542,33.0571690044184,0,0,0,0,0,0,0,0,0,0,2.87242248925296,0,0,0,0,0,0,48.0510063171387,3.21316617897579,0,56.1796582035287,74.6695404052734,22.1807887556382,63.4670234680176,26.725805176629,0,30.0571206871275,84.3021833896637,0,57.3388557434082,13.6810371539962,0,42.3473521868388,0,0,0,36.3023927269912,72.747673034668,5.49320362802833,0,0,0,0,12.3742866960337,79.8754676183065,0,0,0,0,0,0,3.4685232089116,0,0,116.085891723633,0,0,0,0,63.1348016036184,90.2151084899902,7.22100931176772,96.0252342224121,34.2853021691699,44.0664346629176,18.3457679018033,18.88192429505,62.3828887939453
25.5075392041888,0,30.5240036357533,0,0,0,0,0,25.4886677685906,0,2.87133945624034,0,0,0,0,0,48.4960738590785,75.5507209084251,35.6269860011275,0,0,0,0,0,0,0,0,0,0,0,3.02311830419712,0,0,0,0,0,0,0,3.49455162118643,76.0386276245117,50.0177984237671,0,15.2459342019756,0,0,0,53.0797048348647,0,26.2265696274607,0,0,0,0,0,0,0,6.29788937265911,0,8.23918633460999,0,24.797061920166,0,0,24.2441280773708,0,0,0,0,0,0,0,5.54655175056863,116.085891723633,0,0,0,0,0,88.8955357869466,55.7521774457849,0,12.2341642841216,26.5659629300391,60.4278106689453,11.7179735161434,0,18.5714487608741
0,0,0,0,0,0,0,0,0,0,0,0,0,0,0,0,0,0,0,0,0,0,0,0,0,0,0,0,0,0,0,3.67414600454058,2.95975112915039,5.46840810775757,0,4.96020488379494,10.6527446859023,0,0,0,0,0,0,0,0,0,0,5.42249398441331,0,0,0,0,0,0,0,0,0,0,0,0,0,0,0,0,0,0,0,0,0,0,0,0,0,0,0,0,0,0,4.51481691650722,14.2408947535924,0,0,4.89069047204235,0,0,0,0
0,0,0,0,0,0,0,0,0,0,0,0,0,0,0,0,0,0,0,0,0,0,0,0,0,0,0,0,0,0,0,4.62602657438349,3.01795075607924,4.16031770706177,3.71279052325657,20.8136196136475,4.96524868173114,0,0,0,10.8262032060062,0,0,0,0,0,0,4.89020678081314,13.1910080611706,0,0,0,0,0,0,0,0,0,0,0,0,0,0,0,0,0,0,0,0,0,0,0,0,0,0,0,0,5.26531457901001,0,7.27107453643479,0,0,4.80377525091171,0,0,0,0
0,0,0,0,0,0,0,0,0,0,0,0,0,0,0,0,0,0,0,0,0,0,0,0,0,0,0,0,0,0,0,3.00649106502533,2.95824456214905,4.94142385178626,3.15788292884827,5.40176307360331,0,2.7912386059761,0,0,0,0,0,0,0,0,0,3.61604641543494,0,0,0,0,0,0,0,0,0,0,0,0,0,0,0,0,0,0,0,0,0,0,0,0,0,0,0,0,0,0,4.21403601919086,0,3.54204376134495,0,2.95442547517664,3.16434578895569,0,0,0
0,0,0,0,0,0,0,0,0,0,0,0,0,0,0,0,0,0,0,0,0,0,0,0,0,0,0,0,0,0,0,0,0,4.19067245329212,3.92265851645449,0,4.6118798148766,0,4.23884857106371,0,0,0,0,0,0,0,0,3.49694311141968,3.83729670247959,0,0,0,0,0,0,0,0,0,0,0,0,0,0,0,0,0,0,0,0,0,0,0,0,0,0,5.26531457901001,0,0,0,5.16107958862462,0,4.87290443817774,4.39569206671281,0,0,0,0
0,0,39.137905393328,46.6655541385513,0,30.4576525719337,0,0,0,54.9483194986979,0,0,0,0,0,0,75.4365087452501,64.0235650663316,47.1113083713421,7.9311004874375,0,0,0,0,0,0,0,0,0,0,0,3.79275049613072,0,5.36698678681127,0,7.08804761905919,7.81691891562264,20.5654501996942,72.503698348999,37.8245687058792,102.246845245361,33.6034818272728,65.7542895537156,33.6724317724055,0,23.0008103918196,72.8180576324463,5.22932273588683,42.3395563761393,42.0561348841741,0,26.185533212976,0,0,0,49.6915009816488,61.5377325330462,29.3332941055298,0,34.7617431640625,0,0,13.5377369003327,57.4853644598098,0,0,0,0,0,0,0,0,63.1348016036184,88.8955357869466,4.51481691650722,0,4.21403601919086,0,0,28.5886638232157,12.250852208883,78.637341090611,21.4724088777544,30.6583731892597,28.110743228541,31.2058298479427,0
