0,0,4.13548994064331,0,0,0,0,0,4.46056215465069,0,0,0,0,0,0,0,29.249267578125,70.2066268920898,11.097484865854,0,0,59.7136077880859,0,0,0,0,0,0,0,0,0,0,0,0,0,0,59.9007530212402,0,0,0,29.2311587082712,0,16.9164431095123,0,30.7121963500977,0,0,0,4.25874294553484,0,0,0,0,0,4.02098039949321,0,21.5879628923204,0,0,0,4.29340351244499,0,0,22.9882354736328,0,0,0,3.27275681495667,0,0,0,0,0,25.107275750902,0,0,0,0,0,36.172545064794,0,30.0780101503645,11.5441585151294,0,16.6945225831625,0,19.3927783966064
0,0,0,2.90819138288498,0,0,0,0,0,5.12204870155879,0,0,0,0,0,0,0,0,6.73780964811643,0,0,0,0,0,0,0,0,0,0,0,0,0,0,0,0,0,0,0,0,0,0,17.6217279836729,0,0,0,0,0,0,0,4.75134444726657,0,0,0,0,0,3.83208350393156,0,11.2646932601929,0,0,0,4.88124786747826,0,0,0,0,3.58206653594971,0,3.26408221986559,0,0,0,0,0,0,0,0,0,39.680492401123,0,0,0,5.99459622175463,0,8.43487684592223,0,0
4.13548994064331,0,0,0,12.4862275990573,0,0,0,4.52779982884725,0,27.9870128631592,0,0,0,0,0,0,0,37.1892118453979,0,27.7202415466309,0,0,0,0,0,0,0,0,0,0,0,0,0,0,0,31.7158803939819,0,0,0,0,0,23.7932656719571,0,0,0,0,0,4.83189092184368,0,6.63174043727826,0,0,0,6.52210855484009,0,24.3021928880896,0,4.50106361037806,0,0,0,0,30.4587071736654,0,0,0,0,0,0,0,22.7044620513916,0,28.5824427517978,0,0,0,0,0,41.084285736084,0,32.2269914415148,13.0066064697631,17.4388434092204,21.2563240664346,0,17.6622080802917
0,2.90819138288498,0,0,0,9.4104498969184,0,0,0,4.89404896895091,0,0,0,0,0,0,0,0,27.2148957252502,0,0,0,0,0,0,0,0,0,0,0,0,0,0,0,0,46.6754302978516,0,0,0,35.3983993530273,0,26.624733015292,0,0,0,10.047642326355,0,49.3469405174255,0,19.1744816717894,0,7.6658246762132,0,0,0,4.21684703126654,0,9.46074094462046,0,5.7088242559722,0,4.71388933951395,23.7752151489258,0,0,0,0,0,0,0,0,0,28.8172005574109,0,0,0,0,0,41.0449435642787,0,32.3478121984573,0,7.11375686881739,0,13.1929216015558,20.3958234786987,0
0,0,12.4862275990573,0,0,0,0,0,0,0,0,0,0,0,0,0,0,0,0,0,11.8435071758602,0,0,0,0,0,0,0,0,0,0,0,0,0,0,0,27.3355809211731,0,0,0,45.8970413208008,0,0,0,0,0,0,0,45.9237442016602,0,4.59774892682472,0,0,0,0,0,15.9188010475852,0,0,0,0,0,0,17.3422671726772,0,0,0,0,0,0,0,0,0,38.7832806905111,0,0,0,0,0,23.4981164932251,0,0,23.3669548382362,25.6408116022746,15.4716763431302,0,0
0,0,0,9.4104498969184,0,0,0,5.69915240151542,0,0,0,4.25765789105342,0,0,0,0,0,0,0,7.54468572254364,0,0,0,0,0,0,0,0,0,0,0,0,0,0,0,23.3406009674072,0,0,0,48.7479591369629,0,0,0,0,0,18.045893351237,0,57.0863674163818,43.8210487365723,46.1788615176552,0,5.4917737642924,0,4.71574425697327,0,0,0,8.32833490859379,0,0,0,0,10.8003627617382,0,0,0,0,0,0,0,0,0,37.8328019714355,0,0,0,0,0,47.4304372999403,0,0,0,7.42669123973487,3.81015080914778,12.7619316148889,0,0
0,0,0,0,0,0,0,0,0,0,0,0,0,0,0,0,0,0,0,0,0,0,0,0,0,0,0,0,0,0,0,0,0,0,0,0,0,0,0,0,0,0,0,0,0,0,0,0,0,0,0,0,2.75103950500488,0,0,0,0,0,0,0,0,0,0,0,0,0,0,0,0,0,0,0,0,0,0,0,0,0,0,0,0,0,0,0,0,0,0
0,0,0,0,0,5.69915240151542,0,0,0,0,0,6.43230189511805,0,3.51809096336365,0,0,0,0,0,0,0,0,0,0,0,0,0,0,0,0,0,0,0,0,0,0,0,0,0,0,0,0,0,0,0,0,0,0,0,0,0,6.00113959384687,0,3.65176624953747,0,0,0,6.87460268682735,0,0,0,0,7.70823663075765,0,0,0,0,0,0,0,0,0,0,0,0,0,0,0,2.95897912979126,0,0,0,0,2.96103727817535,0,0,0
4.46056215465069,0,4.52779982884725,0,0,0,0,0,0,0,0,0,0,0,3.29947566659483,0,0,0,0,0,0,0,0,0,4.08045479346966,0,0,0,0,0,0,0,0,0,0,0,0,0,9.18995913068906,0,0,0,8.38523184551912,0,0,0,0,0,8.87442339791192,0,0,0,0,0,4.96618924019067,0,0,0,0,0,4.20030088228554,0,0,0,0,0,0,3.66834627665006,0,0,0,0,0,0,0,0,0,0,0,0,0,8.15739899003104,4.18490813133564,0,7.87538397060535,0,0
0,5.12204870155879,0,4.89404896895091,0,0,0,0,0,0,0,0,0,0,0,2.7375705242157,0,2.85687291622162,3.65129939715068,0,0,0,0,3.34513074874878,0,0,0,0,0,0,0,0,0,20.8391313552856,0,0,0,7.41884778450875,0,0,0,7.55567965647754,0,0,0,0,0,0,0,5.43830930709839,0,0,0,0,0,4.11551270237628,0,0,0,0,0,4.81375314860508,0,0,0,0,3.86259293556213,0,0,0,0,0,0,0,0,0,25.4766864776611,0,0,0,8.02535611798304,0,4.6505378279835,3.27310257262372,4.64599093601404,6.97754454612732,0
0,0,27.9870128631592,0,0,0,0,0,0,0,0,0,3.22605761636067,0,0,0,0,0,0,0,3.21453223909651,0,0,0,0,0,0,0,0,0,4.29663718223572,0,0,0,0,0,3.12588131427765,0,3.84046570817183,0,0,0,0,0,0,0,0,0,0,0,0,0,0,0,0,0,5.05201958220497,0,3.14403285662333,0,0,0,0,12.1182793584363,0,0,0,0,0,0,0,2.74410390853882,0,6.13943653690572,0,0,0,0,0,7.04625188762491,0,6.87028276847184,3.27801433205605,0,26.8103065490723,0,0
0,0,0,0,0,4.25765789105342,0,6.43230189511805,0,0,0,0,0,2.99734831949986,0,0,0,0,0,3.86988643289522,0,0,0,0,0,0,0,3.46129998990468,0,4.4299996778803,0,0,0,0,0,6.96105796595414,0,4.37064771850904,0,0,0,0,0,0,0,0,0,0,0,0,0,4.65328885912895,0,7.90322256365488,0,0,0,5.38112441027835,0,3.48264364273317,0,0,4.04391884293786,0,0,0,0,0,0,0,3.15805506706238,0,10.2888712609541,0,0,0,0,0,5.81247616681186,0,4.80518562457313,0,3.82003084544478,0,4.58989736557007,0,0
0,0,0,0,0,0,0,0,0,0,3.22605761636067,0,0,0,2.97428275037695,0,0,0,0,0,0,0,0,0,0,0,2.86059584882524,0,2.92076482270893,0,0,0,0,0,0,0,0,0,0,0,0,0,0,0,0,0,0,0,0,0,0,0,0,0,0,0,3.46035099029541,0,3.06748799177317,0,3.12896838188171,0,0,0,0,0,0,0,0,0,0,2.74734878540039,0,0,0,0,0,0,0,0,0,0,3.15306202732787,3.12337953703744,0,0,0
0,0,0,0,0,0,0,3.51809096336365,0,0,0,2.99734831949986,0,0,0,2.85430908439183,0,0,0,0,0,0,0,0,0,2.78576393127441,0,2.83924218324515,0,0,0,0,0,0,0,0,0,0,0,0,0,0,0,0,0,0,0,0,0,0,0,0,0,0,0,0,0,3.00216892763232,0,2.9772139999354,0,2.85367564533068,0,0,0,0,0,0,0,0,2.81116803487142,0,0,0,0,0,0,0,0,0,0,0,3.72411255836487,3.03488296821338,0,0,0
0,0,0,0,0,0,0,0,3.29947566659483,0,0,0,2.97428275037695,0,0,0,6.76351520042975,51.7889938354492,0,0,0,0,0,0,0,0,5.7982201447358,0,4.50526133884083,0,0,0,0,0,0,0,0,0,0,0,0,0,0,0,0,0,0,0,0,0,0,0,0,0,2.86823122501373,0,0,0,3.12407638960414,0,3.14418180686672,0,0,0,0,0,0,0,0,0,0,0,0,0,0,0,0,0,0,0,0,0,4.51411871953842,4.05061055297282,0,0,0
0,0,0,0,0,0,0,0,0,2.7375705242157,0,0,0,2.85430908439183,0,0,38.6134338378906,4.13794538906642,0,0,0,0,0,0,0,2.98974406719208,0,2.81222200393677,0,0,0,0,0,0,0,0,0,0,0,0,0,0,0,0,0,0,0,0,0,0,0,0,0,0,0,2.92529712120692,0,0,0,2.96971054510637,0,3.03738075845382,0,0,0,0,0,0,0,0,0,0,0,0,0,0,0,0,0,0,0,0,8.64450709025065,0,0,0,0
29.249267578125,0,0,0,0,0,0,0,0,0,0,0,0,0,6.76351520042975,38.6134338378906,0,23.2553306697554,20.5920104867957,0,0,25.5430845799653,13.9425450882196,33.3307892382145,18.076664345605,45.4289551785118,10.0368316749222,0,5.10862106654955,0,0,0,0,0,0,113.246353149414,97.1736869812012,0,17.3278388977051,71.9026864150475,62.2934037526449,65.9149467945099,42.0593521381247,57.4075202941895,39.5696719373976,0,52.3259783935547,0,0,0,0,0,0,0,0,0,57.5950374603271,0,0,0,7.35069511676657,0,78.9878210179946,66.06427637736,24.080523914761,3.5860424041748,26.0750846862793,23.709928894043,47.7526874542236,20.3954342007637,0,0,59.0235252380371,63.8552474975586,0,0,0,0,79.3459680019281,67.9411477680448,88.0145950317383,67.5658493041992,16.3565446690202,5.19508810709638,50.6192903676744,54.4259901046753,39.2655454523423
70.2066268920898,0,0,0,0,0,0,0,0,2.85687291622162,0,0,0,0,51.7889938354492,4.13794538906642,23.2553306697554,0,19.7316906789114,0,0,8.99402340956494,47.4892439591257,17.8698370752081,44.7207718292872,12.6432672588625,39.1241023199899,2.73783834775289,0,0,0,0,0,0,0,0,0,0,0,62.9451267496745,69.4767227172852,45.4869952201843,61.8508124655866,44.0930506388346,52.6544169425964,0,62.3480485534668,0,0,0,0,0,0,0,0,0,72.5079559326172,0,0,0,46.9970359802246,63.6480369567871,79.3448358193422,87.2110449473063,9.89600099836077,0,0,43.8807334899902,15.1644998667897,46.8765608469645,0,0,70.2054372514997,73.6248722076416,0,0,0,0,74.5310700034255,85.0756313959757,61.7437191009521,75.535270690918,17.5785221952686,7.07982242026106,56.7865115840261,45.2242524623871,62.2723269743078
11.097484865854,6.73780964811643,37.1892118453979,27.2148957252502,0,0,0,0,0,3.65129939715068,0,0,0,0,0,0,20.5920104867957,19.7316906789114,0,0,22.4806785583496,49.4304326375326,37.4500617980957,51.6258220672607,32.3751287460327,32.1706096104213,40.5707490103585,0,0,0,0,0,0,0,0,71.7412096659342,75.8605216344198,0,0,46.331703414917,47.309053990748,23.9468663855626,30.0909842878687,25.9629495975735,28.5381973180556,0,35.1319563248578,0,0,0,0,0,0,0,0,0,36.2302912967961,25.5305143643732,0,0,0,0,51.4387434412693,53.2890336296775,35.793399810791,0,0,40.6661186218262,38.0055463790894,79.8577117919922,0,0,28.591897721474,40.8490426113731,0,0,0,0,52.6657733652939,53.292152116441,40.3840457852147,44.2530078700945,15.8808185962794,56.5503578186035,32.8976886047282,15.1815025669336,35.6154031081708
0,0,0,0,0,7.54468572254364,0,0,0,0,0,3.86988643289522,0,0,0,0,0,0,0,0,0,0,0,0,0,0,0,0,0,0,0,0,0,0,0,4.57371915538618,0,4.26886885325114,0,0,0,0,0,0,0,0,0,0,0,0,0,6.41873943328857,0,0,0,0,0,3.72118566930294,0,0,0,0,3.78314044627738,0,0,0,0,0,0,0,0,0,0,0,0,0,0,0,6.95968214697757,0,9.0399762570858,0,8.18213181717451,2.74269731839498,6.70362006485192,0,0
0,0,27.7202415466309,0,11.8435071758602,0,0,0,0,0,3.21453223909651,0,0,0,0,0,0,0,22.4806785583496,0,0,0,0,0,0,0,0,0,0,0,0,0,0,0,0,0,4.81905317369014,0,6.4010206227209,0,39.2084636688232,0,0,0,0,0,0,0,40.5287742614746,0,11.2416720163255,0,0,0,0,0,4.51908419006749,0,0,0,0,0,0,7.57192106427017,0,0,0,0,0,0,0,0,0,0,0,0,0,0,0,6.54526854185985,0,14.760382311899,8.67872943363938,0,5.68266667013114,0,0
59.7136077880859,0,0,0,0,0,0,0,0,0,0,0,0,0,0,0,25.5430845799653,8.99402340956494,49.4304326375326,0,0,0,4.0198542131318,5.82644995272629,0,4.00840852426928,0,3.44834168524969,0,0,0,0,0,0,0,0,0,5.47647739268974,11.19350015483,0,0,0,0,0,0,0,0,0,0,7.93056121468544,0,0,0,0,0,0,0,0,0,0,0,0,0,0,5.38483768903905,5.21147483684978,5.671435378298,0,3.61837481799191,0,3.61340454001176,0,0,0,0,0,0,0,0,0,4.88196744717343,5.40524576738547,6.33973449240617,5.35825354860933,0,0,0
0,0,0,0,0,0,0,0,0,0,0,0,0,0,0,0,13.9425450882196,47.4892439591257,37.4500617980957,0,0,4.0198542131318,0,0,3.76126645895151,0,4.41452480175278,0,3.83625289707473,0,0,0,0,0,0,0,0,4.57591446240743,4.21099137099609,0,0,0,0,0,0,0,0,0,5.59703494978289,0,0,0,0,0,0,0,0,0,0,0,0,0,0,0,4.78054147107261,5.30251274782198,0,6.50536713997523,0,6.99866362010942,0,4.90860833841212,0,0,0,0,0,0,90.5446853637695,81.3254089355469,0,5.22618640846758,9.31399160233127,3.85695897539457,55.6189804077148,0,0
0,0,0,0,0,0,0,0,0,3.34513074874878,0,0,0,0,0,0,33.3307892382145,17.8698370752081,51.6258220672607,0,0,5.82644995272629,0,0,0,3.52955297990279,0,0,0,0,0,0,0,0,0,0,0,4.66006717649112,0,0,0,13.6738705635071,0,0,0,0,0,0,0,4.20165741749299,0,0,0,0,0,4.26915731430054,0,0,0,0,0,0,0,0,6.70709669271779,0,4.83457308003237,0,0,0,0,0,0,0,0,0,0,0,0,0,8.17270680162843,0,10.4929488740786,0,8.28556320308584,0,0
0,0,0,0,0,0,0,0,4.08045479346966,0,0,0,0,0,0,0,18.076664345605,44.7207718292872,32.3751287460327,0,0,0,3.76126645895151,0,0,0,11.1663766066233,0,0,0,0,0,0,0,0,0,0,0,3.49586580846911,0,0,84.7320022583008,40.6663017272949,0,0,0,0,0,5.8014563454522,0,0,0,0,0,5.98257259347222,0,0,0,0,0,0,0,0,0,0,4.3848256111145,0,4.08596295587132,0,4.20184391544711,0,0,0,0,0,0,0,0,0,0,0,5.34121004527903,17.8861258986096,0,7.66152519446153,0,0
0,0,0,0,0,0,0,0,0,0,0,0,0,2.78576393127441,0,2.98974406719208,45.4289551785118,12.6432672588625,32.1706096104213,0,0,4.00840852426928,0,3.52955297990279,0,0,0,2.86370071676589,0,0,0,0,0,0,0,0,0,0,0,0,0,0,0,0,0,0,0,0,0,0,0,0,0,0,0,0,0,0,0,0,0,0,0,0,2.74982070922852,0,2.87072234153748,0,4.25837415740603,0,3.25123617053032,0,0,0,0,0,0,0,0,0,0,0,15.0127618908882,2.89030472437541,0,0,0
0,0,0,0,0,0,0,0,0,0,0,0,2.86059584882524,0,5.7982201447358,0,10.0368316749222,39.1241023199899,40.5707490103585,0,0,0,4.41452480175278,0,11.1663766066233,0,0,0,4.4481997837623,0,0,0,0,0,0,0,0,0,0,0,0,0,98.6107788085938,0,0,0,86.6343383789062,0,0,0,0,0,0,0,0,0,0,0,0,0,0,0,0,0,0,4.09731999196504,0,0,0,3.51713295427023,0,0,0,0,0,0,0,0,0,0,0,0,12.830419987963,21.4127642313639,0,0,0
0,0,0,0,0,0,0,0,0,0,0,3.46129998990468,0,2.83924218324515,0,2.81222200393677,0,2.73783834775289,0,0,0,3.44834168524969,0,0,0,2.86370071676589,0,0,0,4.47218999152488,0,0,0,0,0,0,0,3.11053388459342,0,0,0,0,0,0,0,0,0,0,0,0,0,0,0,0,0,0,0,3.8474514927975,0,2.83648024905812,0,0,0,0,0,0,0,0,2.91979924837748,0,5.9470515118982,0,3.1998778157315,0,0,0,0,0,0,0,4.46623134613037,0,3.20476584434509,2.91523781970695,0,0,0
0,0,0,0,0,0,0,0,0,0,0,0,2.92076482270893,0,4.50526133884083,0,5.10862106654955,0,0,0,0,0,3.83625289707473,0,0,0,4.4481997837623,0,0,0,3.16967538240794,0,0,0,0,0,0,0,6.05689525604248,0,0,0,0,0,0,0,0,0,0,0,0,0,0,0,0,0,0,0,0,0,3.58895436922709,0,0,0,0,0,0,0,0,4.08925803502401,0,4.01764672886242,0,4.25890324332497,0,0,0,0,0,0,0,6.92329497172915,6.96335139274597,0,0,0,0
0,0,0,0,0,0,0,0,0,0,0,4.4299996778803,0,0,0,0,0,0,0,0,0,0,0,0,0,0,0,4.47218999152488,0,0,0,0,0,0,0,0,0,3.72827232425863,0,0,0,0,0,0,0,0,0,0,0,0,0,0,0,0,0,0,0,5.46836011002703,0,0,0,0,0,0,0,0,0,0,0,0,5.39568510897019,0,5.90892631988826,0,0,0,0,0,0,0,6.70417847633362,0,0,0,0,0,0
0,0,0,0,0,0,0,0,0,0,4.29663718223572,0,0,0,0,0,0,0,0,0,0,0,0,0,0,0,0,0,3.16967538240794,0,0,0,0,0,0,0,0,0,3.1787013905389,0,0,0,0,0,0,0,0,0,0,0,0,0,0,0,0,0,4.38254239824083,0,3.02195604642232,0,0,0,0,0,0,0,0,0,0,0,0,3.0424137240962,0,5.05070615992134,0,0,0,0,0,0,0,5.50341033935547,2.88860964775085,3.59977722167969,0,0,0
0,0,0,0,0,0,0,0,0,0,0,0,0,0,0,0,0,0,0,0,0,0,0,0,0,0,0,0,0,0,0,0,3.54712761211074,6.06921032972114,0,3.4714521251562,2.90972370850412,0,0,0,0,0,0,0,0,0,0,4.94096657472654,13.7059488296509,6.35856056213379,0,0,0,0,0,0,0,0,0,0,0,0,0,0,0,0,0,0,0,0,0,0,0,0,4.18580254708758,3.6097107392091,4.32281947135925,0,3.84207158573603,4.31542334189782,0,0,4.98913466930389,0,20.7879447937012,0,0
0,0,0,0,0,0,0,0,0,0,0,0,0,0,0,0,0,0,0,0,0,0,0,0,0,0,0,0,0,0,0,3.54712761211074,0,3.70540966337377,3.40463556845983,0,3.09865981892303,0,0,0,0,0,0,0,0,0,0,3.43417693214334,4.77872789823092,0,0,0,0,0,0,0,0,0,0,0,0,0,0,0,0,0,0,0,0,0,0,0,0,0,6.7687492929399,3.84868707220023,5.97014358639717,7.61388864517212,0,3.23443028560052,0,0,3.85921777905645,0,0,0,0
0,0,0,0,0,0,0,0,0,20.8391313552856,0,0,0,0,0,0,0,0,0,0,0,0,0,0,0,0,0,0,0,0,0,6.06921032972114,3.70540966337377,0,5.19415719046681,3.70937611914089,0,7.98859672374774,3.58357214927673,0,0,0,21.3359101613363,0,0,43.3579864501953,0,6.24050952028226,16.4449342091878,15.0086344480515,0,0,0,0,0,0,0,0,0,0,0,0,0,0,0,0,0,0,0,0,0,0,0,0,8.13270448726383,14.5934116347361,4.42383777921534,7.04529295593912,6.57982073807984,0,6.82339361604325,8.88427734375,9.98282451236371,13.9209127426147,18.9345497608185,0,0
0,0,0,0,0,0,0,0,0,0,0,0,0,0,0,0,0,0,0,0,0,0,0,0,0,0,0,0,0,0,0,0,3.40463556845983,5.19415719046681,0,0,4.15531399487201,4.11270898580551,6.02896489446813,0,0,0,0,0,0,0,0,6.37305944369318,3.72424628517844,14.83717212677,0,0,0,0,0,0,0,0,0,0,0,0,0,0,0,0,0,0,0,0,0,0,0,0,0,7.42241622577204,4.89690633930572,4.61978335929942,0,5.51698979673714,0,4.76117398398263,3.65332980735882,12.6461820602417,0,0,0
0,0,0,46.6754302978516,0,23.3406009674072,0,0,0,0,0,6.96105796595414,0,0,0,0,113.246353149414,0,71.7412096659342,4.57371915538618,0,0,0,0,0,0,0,0,0,0,0,3.4714521251562,0,3.70937611914089,0,0,3.55258077662774,5.36867801666023,7.99668977941786,33.3684616088867,0,50.9288048536881,0,54.9553260803223,0,13.3618981395911,0,22.6603235497194,26.1192477441603,26.8663627518548,0,0,0,0,0,0,0,9.19540977478027,0,0,0,0,8.11972633077656,0,0,0,0,0,0,0,0,0,52.5849380493164,0,7.92050582065917,0,6.12270020527139,0,7.40791209761871,4.53882393322953,9.14835401266319,0,5.10849366113457,4.74429290111248,17.3223713114292,69.9554290771484,0
59.9007530212402,0,31.7158803939819,0,27.3355809211731,0,0,0,0,0,3.12588131427765,0,0,0,0,0,97.1736869812012,0,75.8605216344198,0,4.81905317369014,0,0,0,0,0,0,0,0,0,0,2.90972370850412,3.09865981892303,0,4.15531399487201,3.55258077662774,0,0,5.82082036766596,0,17.4977054595947,0,45.7615178823471,0,65.309440612793,0,34.4014644622803,24.3956394329877,22.3416585649763,19.0989539282663,22.5422560373942,0,0,0,0,0,33.8493282255412,0,0,0,0,0,0,12.5855028806566,0,0,0,0,0,0,0,0,0,43.9996782938639,3.09663356675042,3.75147023694269,0,8.25549909637088,4.92823491844476,7.16247578836563,0,8.69139328153397,6.25620123710441,8.45569694042206,21.89658964331,0,41.0572452545166
0,0,0,0,0,0,0,0,0,7.41884778450875,0,4.37064771850904,0,0,0,0,0,0,0,4.26886885325114,0,5.47647739268974,4.57591446240743,4.66006717649112,0,0,0,3.11053388459342,0,3.72827232425863,0,0,0,7.98859672374774,4.11270898580551,5.36867801666023,0,0,3.59461215420149,0,0,7.12493669986725,0,0,0,0,0,6.04036304028365,0,5.963764334909,0,0,0,0,0,8.60837500772358,0,7.92775609536085,0,0,0,0,10.1178934737428,0,7.04390989635722,0,5.99973602041874,0,0,0,4.60597347490715,0,4.65857983890333,0,0,0,11.2601705875483,5.01673667825711,9.66878850665817,0,5.79417477028853,3.8409897784392,5.3196198024186,3.20170202158918,4.85444615900516,0,0
0,0,0,0,0,0,0,0,9.18995913068906,0,3.84046570817183,0,0,0,0,0,17.3278388977051,0,0,0,6.4010206227209,11.19350015483,4.21099137099609,0,3.49586580846911,0,0,0,6.05689525604248,0,3.1787013905389,0,0,3.58357214927673,6.02896489446813,7.99668977941786,5.82082036766596,3.59461215420149,0,0,0,0,5.08489902743271,0,0,0,12.1356531778971,4.72743585694841,4.85103276816234,0,0,0,0,0,10.5259877816272,0,4.62676737535568,0,0,0,0,0,0,8.79937748561632,8.11471310017272,6.10904516243353,0,6.51896988955978,0,0,0,4.70371827483177,0,3.23594597560256,0,0,0,4.40831998091478,20.5073661804199,10.9578768065563,3.56535248969918,5.20715445713663,4.89723219208624,4.45949036341447,5.62302720801443,0,0
0,0,0,35.3983993530273,0,48.7479591369629,0,0,0,0,0,0,0,0,0,0,71.9026864150475,62.9451267496745,46.331703414917,0,0,0,0,0,0,0,0,0,0,0,0,0,0,0,0,33.3684616088867,0,0,0,0,94.5251261393229,20.047583464262,83.2457427978516,28.4895563761393,113.142227172852,38.7543630599976,91.9920552571615,4.46308754969247,127.686721801758,11.7175025291443,0,39.9404487609863,0,0,0,0,56.0464668273926,0,0,0,0,0,7.54517948203407,0,0,0,0,0,0,0,0,0,52.1175880432129,97.4645309448242,4.42068195343018,0,0,0,18.1187839343031,104.105069478353,3.22178718566895,0,43.2584999981573,34.4369290669759,15.9725269114443,18.5666253482594,84.24169921875
29.2311587082712,0,0,0,45.8970413208008,0,0,0,0,0,0,0,0,0,0,0,62.2934037526449,69.4767227172852,47.309053990748,0,39.2084636688232,0,0,0,0,0,0,0,0,0,0,0,0,0,0,0,17.4977054595947,0,0,94.5251261393229,0,83.1784019470215,21.7911314561333,0,30.440318107605,0,16.2090610812108,30.3891639709473,3.74051696291337,0,0,0,0,0,0,0,44.1010932922363,0,0,0,0,0,0,15.3660724590986,0,0,0,0,0,0,0,0,0,33.2755750020345,0,0,0,0,0,11.3170317950401,0,0,40.6083904341155,0,10.4193533799171,0,16.1614231177136
0,17.6217279836729,0,26.624733015292,0,0,0,0,0,7.55567965647754,0,0,0,0,0,0,65.9149467945099,45.4869952201843,23.9468663855626,0,0,0,0,13.6738705635071,84.7320022583008,0,0,0,0,0,0,0,0,0,0,50.9288048536881,0,7.12493669986725,0,20.047583464262,83.1784019470215,0,10.1773674224307,18.285870041166,59.9348430633545,31.7175056934357,65.0616149902344,12.8140552189885,25.5270343780518,8.92586389660392,0,40.2805048624674,0,0,0,37.987816619873,68.8743286132812,18.2049931838296,0,37.3439918518066,0,38.6889495849609,23.0865452238335,0,0,0,0,0,0,0,0,0,19.8905600098382,0,0,0,0,0,26.473026849179,69.2217750549316,25.1165386268071,0,17.7969481688892,35.2955123628889,15.018803553283,10.594652163531,17.3971869945526
16.9164431095123,0,23.7932656719571,0,0,0,0,0,8.38523184551912,0,0,0,0,0,0,0,42.0593521381247,61.8508124655866,30.0909842878687,0,0,0,0,0,40.6663017272949,0,98.6107788085938,0,0,0,0,0,0,21.3359101613363,0,0,45.7615178823471,0,5.08489902743271,83.2457427978516,21.7911314561333,10.1773674224307,0,62.2837181091309,7.38949717336626,0,13.1709939311532,12.0392870979309,12.227917635202,18.2569492513483,0,0,0,0,9.91507373136633,0,18.4050804849024,74.293815612793,28.3882138078863,0,31.4353504180908,0,103.89965057373,23.5227399599754,0,0,0,0,0,0,0,15.8497467041016,0,17.081665511297,0,0,0,0,96.4113403320312,22.4991365035032,0,33.635039806366,18.2394249469991,35.8583079431115,10.6153940145095,55.3701095581055,8.22515077944583
0,0,0,0,0,0,0,0,0,0,0,0,0,0,0,0,57.4075202941895,44.0930506388346,25.9629495975735,0,0,0,0,0,0,0,0,0,0,0,0,0,0,0,0,54.9553260803223,0,0,0,28.4895563761393,0,18.285870041166,62.2837181091309,0,29.6642761230469,0,0,0,0,23.9530935287476,0,0,0,0,0,0,70.5501098632812,21.4776878356934,0,0,0,0,29.5000698484223,60.7003288269043,0,0,0,0,0,0,0,0,24.8632642572576,44.617259979248,0,0,0,0,35.9157076366877,40.9210891723633,32.4801776885986,0,25.6310351130403,0,20.7448941312095,0,0
30.7121963500977,0,0,0,0,0,0,0,0,0,0,0,0,0,0,0,39.5696719373976,52.6544169425964,28.5381973180556,0,0,0,0,0,0,0,0,0,0,0,0,0,0,0,0,0,65.309440612793,0,0,113.142227172852,30.440318107605,59.9348430633545,7.38949717336626,29.6642761230469,0,0,9.29863093936511,0,0,0,0,0,0,0,0,0,28.1907410621643,0,0,0,0,0,0,34.9036956787109,0,0,0,0,0,0,0,0,0,40.3687828608922,0,0,0,0,89.7254079182943,34.9121429159286,114.003395080566,32.0451666514079,26.4537829573049,17.469633102417,13.4616539119238,0,16.4321403503418
0,0,0,10.047642326355,0,18.045893351237,0,0,0,0,0,0,0,0,0,0,0,0,0,0,0,0,0,0,0,0,0,0,0,0,0,0,0,43.3579864501953,0,13.3618981395911,0,0,0,38.7543630599976,0,31.7175056934357,0,0,0,0,0,40.7047327481783,32.6458740234375,29.1264782587687,0,19.3464641571045,0,0,0,0,0,11.4940606143987,0,0,0,0,14.8981924938555,0,0,0,0,0,0,0,0,0,15.3115810384654,0,0,0,0,0,15.1845707664673,0,12.1294280994866,0,38.5527448654175,0,11.9337915047503,0,0
0,0,0,0,0,0,0,0,0,0,0,0,0,0,0,0,52.3259783935547,62.3480485534668,35.1319563248578,0,0,0,0,0,0,0,86.6343383789062,0,0,0,0,0,0,0,0,0,34.4014644622803,0,12.1356531778971,91.9920552571615,16.2090610812108,65.0616149902344,13.1709939311532,0,9.29863093936511,0,0,0,0,0,0,0,0,0,0,0,36.7834968566895,0,0,0,0,0,68.1619071960449,17.078514154814,0,0,0,0,0,0,0,0,0,40.1322298049927,0,0,0,0,89.3918465508355,16.5898692390419,0,12.4463872029546,35.3640061444777,25.9179630279541,12.3876283160738,0,25.4792385101318
0,0,0,49.3469405174255,0,57.0863674163818,0,0,0,0,0,0,0,0,0,0,0,0,0,0,0,0,0,0,0,0,0,0,0,0,0,4.94096657472654,3.43417693214334,6.24050952028226,6.37305944369318,22.6603235497194,24.3956394329877,6.04036304028365,4.72743585694841,4.46308754969247,30.3891639709473,12.8140552189885,12.0392870979309,0,0,40.7047327481783,0,0,8.68930542546802,7.67397042920009,0,53.9381465911865,0,0,0,0,61.3521041870117,0,0,0,0,0,52.1319007873535,0,0,0,0,0,0,0,0,0,0,0,4.61703071524014,4.07174585374554,4.9414729251437,5.94156142744251,7.69444725532297,6.60500530073847,9.39516286791875,40.7784805297852,8.89009521615498,3.36666599909465,12.3799710091022,0,0
4.25874294553484,0,4.83189092184368,0,45.9237442016602,43.8210487365723,0,0,8.87442339791192,0,0,0,0,0,0,0,0,0,0,0,40.5287742614746,0,5.59703494978289,0,5.8014563454522,0,0,0,0,0,0,13.7059488296509,4.77872789823092,16.4449342091878,3.72424628517844,26.1192477441603,22.3416585649763,0,4.85103276816234,127.686721801758,3.74051696291337,25.5270343780518,12.227917635202,0,0,32.6458740234375,0,8.68930542546802,0,18.68703645829,44.7475051879883,0,0,0,11.1614494005839,0,19.7489305887467,0,7.89411978721619,0,0,0,0,46.3130931854248,0,4.60349121858929,0,3.32090121437522,0,3.08802802562714,0,6.29634962081909,0,4.51569654260363,18.1009368896484,5.12066902433123,0,8.58735179901123,0,6.07967099987093,0,4.34176481817291,11.092955861922,33.3477172851562,8.49321005868036,0,16.0772438049316
0,4.75134444726657,0,19.1744816717894,0,46.1788615176552,0,0,0,5.43830930709839,0,0,0,0,0,0,0,0,0,0,0,7.93056121468544,0,4.20165741749299,0,0,0,0,0,0,0,6.35856056213379,0,15.0086344480515,14.83717212677,26.8663627518548,19.0989539282663,5.963764334909,0,11.7175025291443,0,8.92586389660392,18.2569492513483,23.9530935287476,0,29.1264782587687,0,7.67397042920009,18.68703645829,0,0,46.6263961791992,0,0,0,5.96460549895828,0,7.54567391077677,0,0,0,3.4673867225647,28.2573358747694,0,12.740910420051,0,3.27230460503522,0,0,0,4.94097156310349,0,5.37660772452194,0,4.72071746604083,0,0,16.3673934936523,10.1715735476068,83.5903167724609,5.24728804046487,0,18.6051894864842,29.8306299556385,11.811578535791,22.0616340637207,0
0,0,6.63174043727826,0,4.59774892682472,0,0,0,0,0,0,0,0,0,0,0,0,0,0,0,11.2416720163255,0,0,0,0,0,0,0,0,0,0,0,0,0,0,0,22.5422560373942,0,0,0,0,0,0,0,0,0,0,0,44.7475051879883,0,0,0,3.32442385809762,0,0,0,5.27385832554997,0,3.86771144469579,0,0,0,0,13.9682415856255,0,0,0,0,0,0,0,0,0,35.6967327411358,0,0,0,0,0,17.0783624649048,0,0,16.0279133319855,0,10.0187243891286,0,0
0,0,0,7.6658246762132,0,5.4917737642924,0,6.00113959384687,0,0,0,4.65328885912895,0,0,0,0,0,0,0,6.41873943328857,0,0,0,0,0,0,0,0,0,0,0,0,0,0,0,0,0,0,0,39.9404487609863,0,40.2805048624674,0,0,0,19.3464641571045,0,53.9381465911865,0,46.6263961791992,0,0,0,3.90125775337219,0,2.7394285996755,0,8.43535001183811,0,3.52198839187622,0,3.71488962484443,10.0500135223071,0,0,0,0,0,0,0,0,0,36.9941983391257,0,0,0,0,0,48.4289121213167,0,39.5445529392787,0,6.62192225456238,0,13.484228566073,35.548397064209,0
0,0,0,0,0,0,2.75103950500488,0,0,0,0,0,0,0,0,0,0,0,0,0,0,0,0,0,0,0,0,0,0,0,0,0,0,0,0,0,0,0,0,0,0,0,0,0,0,0,0,0,0,0,3.32442385809762,0,0,0,0,0,4.04894383662456,0,2.74790191650391,0,0,0,0,0,0,0,0,0,0,0,0,0,0,0,0,0,0,0,0,0,0,0,0,0,0,0,0
0,0,0,0,0,4.71574425697327,0,3.65176624953747,0,0,0,7.90322256365488,0,0,0,0,0,0,0,0,0,0,0,0,0,0,0,0,0,0,0,0,0,0,0,0,0,0,0,0,0,0,0,0,0,0,0,0,0,0,0,3.90125775337219,0,0,0,0,0,6.05900546823229,0,0,0,0,0,0,0,0,0,0,0,0,0,0,0,0,0,0,0,0,0,0,0,0,2.86331827299935,2.95240290959676,0,0,0
4.02098039949321,0,6.52210855484009,0,0,0,0,0,4.96618924019067,0,0,0,0,0,2.86823122501373,0,0,0,0,0,0,0,0,0,5.98257259347222,0,0,0,0,0,0,0,0,0,0,0,0,0,10.5259877816272,0,0,0,9.91507373136633,0,0,0,0,0,11.1614494005839,0,0,0,0,0,0,0,4.6585841178894,0,4.65717697143555,0,5.05245263212257,0,0,0,0,0,0,5.32208436716706,0,0,0,0,0,0,0,0,0,0,0,0,0,8.96071519250945,9.28347635269165,0,7.97527574593166,0,0
0,3.83208350393156,0,4.21684703126654,0,0,0,0,0,4.11551270237628,0,0,0,0,0,2.92529712120692,0,0,0,0,0,0,0,4.26915731430054,0,0,0,0,0,0,0,0,0,0,0,0,0,8.60837500772358,0,0,0,37.987816619873,0,0,0,0,0,0,0,5.96460549895828,0,2.7394285996755,0,0,0,0,0,35.5066678524017,0,2.74375784397125,0,5.06099322041324,0,0,0,0,5.54704837900097,0,5.61055240631103,0,0,0,38.4212854048785,0,0,0,26.3531198501587,0,50.7766024940892,0,9.31280897723304,0,10.0231466843532,0,6.37752438538542,31.3967590332031,0
21.5879628923204,0,24.3021928880896,0,15.9188010475852,0,0,0,0,0,5.05201958220497,0,3.46035099029541,0,0,0,57.5950374603271,72.5079559326172,36.2302912967961,0,4.51908419006749,0,0,0,0,0,0,0,0,0,4.38254239824083,0,0,0,0,0,33.8493282255412,0,4.62676737535568,56.0464668273926,44.1010932922363,68.8743286132812,18.4050804849024,70.5501098632812,28.1907410621643,0,36.7834968566895,61.3521041870117,19.7489305887467,0,5.27385832554997,0,4.04894383662456,0,4.6585841178894,0,0,0,4.66061344232998,0,6.81769092877706,0,0,11.4505098892091,0,0,0,0,0,0,0,7.59256742217324,0,14.5712660389696,0,0,0,0,81.4297943115234,37.7104945994017,0,7.01660711723461,29.1632472990832,37.1833566427231,11.1129193177124,0,15.4535154122801
0,11.2646932601929,0,9.46074094462046,0,8.32833490859379,0,6.87460268682735,0,0,0,5.38112441027835,0,3.00216892763232,0,0,0,0,25.5305143643732,3.72118566930294,0,0,0,0,0,0,0,3.8474514927975,0,5.46836011002703,0,0,0,0,0,9.19540977478027,0,7.92775609536085,0,0,0,18.2049931838296,74.293815612793,21.4776878356934,0,11.4940606143987,0,0,0,7.54567391077677,0,8.43535001183811,0,6.05900546823229,0,35.5066678524017,0,0,0,12.5872034159574,0,18.1843777894974,6.29809309179301,0,0,0,0,0,0,0,3.28945978482564,0,12.2386804208263,0,0,0,0,0,49.8787594402538,0,9.85803526275012,0,20.3161799765041,36.4172742026193,9.42268801832456,14.3131271396671,0
0,0,4.50106361037806,0,0,0,0,0,0,0,3.14403285662333,0,3.06748799177317,0,3.12407638960414,0,0,0,0,0,0,0,0,0,0,0,0,0,0,0,3.02195604642232,0,0,0,0,0,0,0,0,0,0,0,28.3882138078863,0,0,0,0,0,7.89411978721619,0,3.86771144469579,0,2.74790191650391,0,4.65717697143555,0,4.66061344232998,0,0,0,4.53151115925192,0,0,0,0,0,0,0,0,0,0,0,0,30.8065061569214,0,0,0,0,0,0,0,0,3.38709406178407,2.95651423931122,10.2388775676386,0,21.9270369211833
0,0,0,5.7088242559722,0,0,0,0,0,0,0,3.48264364273317,0,2.9772139999354,0,2.96971054510637,0,0,0,0,0,0,0,0,0,0,0,2.83648024905812,0,0,0,0,0,0,0,0,0,0,0,0,0,37.3439918518066,0,0,0,0,0,0,0,0,0,3.52198839187622,0,0,0,2.74375784397125,0,12.5872034159574,0,0,0,3.20525864454416,0,0,0,0,0,0,0,0,3.04951039950053,0,36.2379933765956,0,0,0,0,0,47.3385846537928,0,38.3156547546387,0,2.84930217266083,3.18431440266696,28.3563521364902,0,0
4.29340351244499,0,0,0,0,0,0,0,4.20030088228554,0,0,0,3.12896838188171,0,3.14418180686672,0,7.35069511676657,46.9970359802246,0,0,0,0,0,0,0,0,0,0,3.58895436922709,0,0,0,0,0,0,0,0,0,0,0,0,0,31.4353504180908,0,0,0,0,0,0,0,0,0,0,0,5.05245263212257,0,6.81769092877706,0,4.53151115925192,0,0,0,0,0,0,0,0,0,0,0,0,0,0,0,0,0,0,0,0,0,0,0,4.45908722752019,4.43359756469727,12.5045665740967,0,0
0,4.88124786747826,0,4.71388933951395,0,0,0,0,0,4.81375314860508,0,0,0,2.85367564533068,0,3.03738075845382,0,63.6480369567871,0,0,0,0,0,0,0,0,0,0,0,0,0,0,0,0,0,0,0,0,0,0,0,38.6889495849609,0,0,0,0,0,0,0,3.4673867225647,0,3.71488962484443,0,0,0,5.06099322041324,0,18.1843777894974,0,3.20525864454416,0,0,0,0,0,0,4.01804782946904,0,3.43153665715998,0,0,0,36.2986694335938,0,0,0,0,0,46.6735668182373,0,40.3593215942383,0,2.96043753623962,0,20.5610850811005,34.2796287536621,0
0,0,0,23.7752151489258,0,10.8003627617382,0,7.70823663075765,0,0,0,4.04391884293786,0,0,0,0,78.9878210179946,79.3448358193422,51.4387434412693,3.78314044627738,0,0,0,0,0,0,0,0,0,0,0,0,0,0,0,8.11972633077656,0,10.1178934737428,0,7.54517948203407,0,23.0865452238335,103.89965057373,29.5000698484223,0,14.8981924938555,68.1619071960449,52.1319007873535,0,28.2573358747694,0,10.0500135223071,0,0,0,0,0,6.29809309179301,0,0,0,0,0,0,0,0,0,0,0,0,11.6532464027405,0,14.8163985592101,101.601455688477,0,0,0,0,8.83380630920863,99.4241516113281,11.2401614507039,0,32.2146803510999,43.7797966003418,14.3680585787518,17.0573928356171,116.466949462891
22.9882354736328,0,30.4587071736654,0,17.3422671726772,0,0,0,0,0,12.1182793584363,0,0,0,0,0,66.06427637736,87.2110449473063,53.2890336296775,0,7.57192106427017,0,0,0,0,0,0,0,0,0,0,0,0,0,0,0,12.5855028806566,0,8.79937748561632,0,15.3660724590986,0,23.5227399599754,60.7003288269043,34.9036956787109,0,17.078514154814,0,46.3130931854248,0,13.9682415856255,0,0,0,0,0,11.4505098892091,0,0,0,0,0,0,0,0,0,0,0,0,0,0,0,0,21.3805385181922,0,0,0,0,82.5786056518555,18.0219433024256,0,16.0371041764682,14.3465852737427,46.0089340209961,14.8738394015426,0,15.9700960159302
0,0,0,0,0,0,0,0,0,0,0,0,0,0,0,0,24.080523914761,9.89600099836077,35.793399810791,0,0,5.38483768903905,4.78054147107261,6.70709669271779,0,2.74982070922852,0,0,0,0,0,0,0,0,0,0,0,7.04390989635722,8.11471310017272,0,0,0,0,0,0,0,0,0,0,12.740910420051,0,0,0,0,0,0,0,0,0,0,0,0,0,0,0,10.7776503562927,7.22783348217048,0,4.48808418694189,0,6.62434072551049,0,0,0,0,0,0,0,0,0,7.52673696911674,8.76275386810303,7.46764591575172,4.45871640954699,0,0,0
0,0,0,0,0,0,0,0,0,0,0,0,0,0,0,0,3.5860424041748,0,0,0,0,5.21147483684978,5.30251274782198,0,4.3848256111145,0,4.09731999196504,0,0,0,0,0,0,0,0,0,0,0,6.10904516243353,0,0,0,0,0,0,0,0,0,4.60349121858929,0,0,0,0,0,0,0,0,0,0,0,0,0,0,0,10.7776503562927,0,0,4.91288707806514,0,6.12042214912005,0,4.46501972940233,0,0,0,0,0,0,0,0,0,6.35798617497538,6.22565981588866,2.94509601593018,0,0,0
0,3.58206653594971,0,0,0,0,0,0,0,3.86259293556213,0,0,0,0,0,0,26.0750846862793,0,0,0,0,5.671435378298,0,4.83457308003237,0,2.87072234153748,0,0,0,0,0,0,0,0,0,0,0,5.99973602041874,0,0,0,0,0,0,0,0,0,0,0,3.27230460503522,0,0,0,0,0,5.54704837900097,0,0,0,0,0,4.01804782946904,0,0,7.22783348217048,0,0,0,3.41121019515316,0,4.61296875679747,0,0,0,0,0,0,0,0,0,8.87869151940775,0,7.55294075254667,0,7.82650060475278,0,0
3.27275681495667,0,0,0,0,0,0,0,3.66834627665006,0,0,0,0,0,0,0,23.709928894043,43.8807334899902,40.6661186218262,0,0,0,6.50536713997523,0,4.08596295587132,0,0,0,0,0,0,0,0,0,0,0,0,0,6.51896988955978,0,0,0,0,0,0,0,0,0,3.32090121437522,0,0,0,0,0,5.32208436716706,0,0,0,0,0,0,0,0,0,0,4.91288707806514,0,0,0,5.43490562940899,0,0,0,0,0,0,0,0,0,0,0,5.87076306407778,7.58136129379272,0,3.64831269825792,0,0
0,3.26408221986559,0,0,0,0,0,0,0,0,0,0,0,0,0,0,47.7526874542236,15.1644998667897,38.0055463790894,0,0,3.61837481799191,0,0,0,4.25837415740603,0,2.91979924837748,0,0,0,0,0,0,0,0,0,0,0,0,0,0,0,0,0,0,0,0,0,0,0,0,0,0,0,5.61055240631103,0,0,0,0,0,3.43153665715998,0,0,4.48808418694189,0,3.41121019515316,0,0,49.111457824707,5.43789011815408,0,0,0,0,0,0,0,0,0,0,0,20.5108055518224,0,0,0,0
0,0,0,0,0,0,0,0,0,0,0,0,0,0,0,0,20.3954342007637,46.8765608469645,79.8577117919922,0,0,0,6.99866362010942,0,4.20184391544711,0,3.51713295427023,0,4.08925803502401,0,0,0,0,0,0,0,0,0,0,0,0,0,0,0,0,0,0,0,3.08802802562714,0,0,0,0,0,0,0,0,0,0,0,0,0,0,0,0,6.12042214912005,0,5.43490562940899,49.111457824707,0,0,3.01756864786148,0,0,0,0,0,0,0,0,0,0,28.001150571383,0,0,0,0
0,0,0,0,0,0,0,0,0,0,0,3.15805506706238,0,2.81116803487142,0,0,0,0,0,0,0,3.61340454001176,0,0,0,3.25123617053032,0,5.9470515118982,0,5.39568510897019,0,0,0,0,0,0,0,4.60597347490715,0,0,0,0,0,0,0,0,0,0,0,4.94097156310349,0,0,0,0,0,0,0,3.28945978482564,0,3.04951039950053,0,0,11.6532464027405,0,6.62434072551049,0,4.61296875679747,0,5.43789011815408,0,0,0,4.1918456815538,0,0,0,0,0,0,0,3.85057508763592,0,3.4117126862208,2.96202816963196,2.73099207878113,24.1642913818359,0
0,0,22.7044620513916,0,0,0,0,0,0,0,2.74410390853882,0,2.74734878540039,0,0,0,0,0,0,0,0,0,4.90860833841212,0,0,0,0,0,4.01764672886242,0,3.0424137240962,0,0,0,0,0,0,0,4.70371827483177,0,0,0,15.8497467041016,0,0,0,0,0,6.29634962081909,0,0,0,0,0,0,0,7.59256742217324,0,0,0,0,0,0,0,0,4.46501972940233,0,0,0,3.01756864786148,0,0,0,4.77305470572578,0,0,0,0,0,0,0,4.36405608610869,22.1238366127014,2.99717082977295,6.34137491385142,0,11.9399471282959
0,0,0,28.8172005574109,0,37.8328019714355,0,0,0,0,0,10.2888712609541,0,0,0,0,59.0235252380371,70.2054372514997,28.591897721474,0,0,0,0,0,0,0,0,3.1998778157315,0,5.90892631988826,0,0,0,0,0,52.5849380493164,0,4.65857983890333,0,52.1175880432129,0,19.8905600098382,0,24.8632642572576,0,15.3115810384654,0,0,0,5.37660772452194,0,36.9941983391257,0,0,0,38.4212854048785,0,12.2386804208263,0,36.2379933765956,0,36.2986694335938,14.8163985592101,0,0,0,0,0,0,0,4.1918456815538,0,0,0,0,0,0,0,51.0481329904476,0,5.42130241578057,0,34.0062236443971,41.1941333346897,16.1742024935001,18.4318421365727,0
25.107275750902,0,28.5824427517978,0,38.7832806905111,0,0,0,0,0,6.13943653690572,0,0,0,0,0,63.8552474975586,73.6248722076416,40.8490426113731,0,0,0,0,0,0,0,0,0,4.25890324332497,0,5.05070615992134,0,0,0,0,0,43.9996782938639,0,3.23594597560256,97.4645309448242,33.2755750020345,0,17.081665511297,44.617259979248,40.3687828608922,0,40.1322298049927,0,4.51569654260363,0,35.6967327411358,0,0,0,0,0,14.5712660389696,0,30.8065061569214,0,0,0,101.601455688477,21.3805385181922,0,0,0,0,0,0,0,4.77305470572578,0,0,0,0,0,0,0,45.8316238544605,0,4.09105666699233,28.7873317778689,36.0131093528536,13.1728414233302,0,18.0906156983486
0,0,0,0,0,0,0,0,0,0,0,0,0,0,0,0,0,0,0,0,0,0,0,0,0,0,0,0,0,0,0,4.18580254708758,6.7687492929399,8.13270448726383,0,7.92050582065917,3.09663356675042,0,0,4.42068195343018,0,0,0,0,0,0,0,4.61703071524014,18.1009368896484,4.72071746604083,0,0,0,0,0,0,0,0,0,0,0,0,0,0,0,0,0,0,0,0,0,0,0,0,0,7.79625606536865,5.51549624939534,0,5.34133996171738,0,0,0,4.63723563745455,0,0,0,0
0,0,0,0,0,0,0,0,0,0,0,0,0,0,0,0,0,0,0,0,0,0,0,0,0,0,0,0,0,0,0,3.6097107392091,3.84868707220023,14.5934116347361,7.42241622577204,0,3.75147023694269,0,0,0,0,0,0,0,0,0,0,4.07174585374554,5.12066902433123,0,0,0,0,0,0,0,0,0,0,0,0,0,0,0,0,0,0,0,0,0,0,0,0,0,7.79625606536865,0,16.6115719014948,5.90792206814776,0,5.48652704358538,0,26.9296016693115,6.68165642702127,0,0,0,0
0,0,0,0,0,0,0,0,0,25.4766864776611,0,0,0,0,0,0,0,0,0,0,0,0,0,0,0,0,0,0,0,0,0,4.32281947135925,5.97014358639717,4.42383777921534,4.89690633930572,6.12270020527139,0,11.2601705875483,0,0,0,0,0,0,0,0,0,4.9414729251437,0,0,0,0,0,0,0,26.3531198501587,0,0,0,0,0,0,0,0,0,0,0,0,0,0,0,0,0,0,5.51549624939534,16.6115719014948,0,11.8073542685736,11.1711152365368,0,7.56289866597702,0,8.11232850268171,16.2177855173747,27.3464794158936,0,0
0,0,0,0,0,0,0,0,0,0,0,0,0,0,0,0,0,0,0,0,0,0,0,0,0,0,0,0,0,0,0,0,7.61388864517212,7.04529295593912,4.61978335929942,0,8.25549909637088,5.01673667825711,4.40831998091478,0,0,0,0,0,0,0,0,5.94156142744251,8.58735179901123,16.3673934936523,0,0,0,0,0,0,0,0,0,0,0,0,0,0,0,0,0,0,0,0,0,0,0,0,0,5.90792206814776,11.8073542685736,0,0,9.1319291725844,5.4742985808331,8.45745059487234,5.22095756715047,14.1235799789429,88.4821548461914,0,0
0,39.680492401123,0,41.0449435642787,0,47.4304372999403,0,2.95897912979126,0,0,0,5.81247616681186,0,0,0,0,79.3459680019281,74.5310700034255,52.6657733652939,6.95968214697757,0,0,90.5446853637695,0,0,0,0,0,0,0,0,3.84207158573603,0,6.57982073807984,0,7.40791209761871,4.92823491844476,9.66878850665817,20.5073661804199,18.1187839343031,0,26.473026849179,96.4113403320312,35.9157076366877,89.7254079182943,15.1845707664673,89.3918465508355,7.69444725532297,0,10.1715735476068,0,48.4289121213167,0,0,0,50.7766024940892,81.4297943115234,49.8787594402538,0,47.3385846537928,0,46.6735668182373,8.83380630920863,82.5786056518555,0,0,0,0,0,0,0,0,51.0481329904476,0,5.34133996171738,0,11.1711152365368,0,0,40.1563188234965,8.49895349869968,158.367919921875,17.0847430049096,3.01938754320145,25.5466108241612,33.5458682691547,95.813606262207
36.172545064794,0,41.084285736084,0,23.4981164932251,0,0,0,0,0,7.04625188762491,0,0,0,0,0,67.9411477680448,85.0756313959757,53.292152116441,0,6.54526854185985,0,81.3254089355469,0,0,0,0,0,0,0,0,4.31542334189782,3.23443028560052,0,5.51698979673714,4.53882393322953,7.16247578836563,0,10.9578768065563,104.105069478353,11.3170317950401,69.2217750549316,22.4991365035032,40.9210891723633,34.9121429159286,0,16.5898692390419,6.60500530073847,6.07967099987093,83.5903167724609,17.0783624649048,0,0,0,0,0,37.7104945994017,0,0,0,0,0,99.4241516113281,18.0219433024256,0,0,0,0,0,0,0,0,0,45.8316238544605,0,5.48652704358538,0,9.1319291725844,40.1563188234965,0,105.811553955078,11.1759241627402,13.395414657142,17.7805497646332,18.0735101030979,91.6259803771973,21.5359778858366
0,0,0,32.3478121984573,0,0,0,0,0,8.02535611798304,0,4.80518562457313,0,0,0,0,88.0145950317383,61.7437191009521,40.3840457852147,9.0399762570858,0,4.88196744717343,0,8.17270680162843,0,0,0,4.46623134613037,0,6.70417847633362,0,0,0,6.82339361604325,0,9.14835401266319,0,5.79417477028853,3.56535248969918,3.22178718566895,0,25.1165386268071,0,32.4801776885986,114.003395080566,12.1294280994866,0,9.39516286791875,0,5.24728804046487,0,39.5445529392787,0,0,0,9.31280897723304,0,9.85803526275012,0,38.3156547546387,0,40.3593215942383,11.2401614507039,0,7.52673696911674,0,8.87869151940775,0,0,0,3.85057508763592,0,5.42130241578057,0,0,0,7.56289866597702,5.4742985808331,8.49895349869968,105.811553955078,0,6.04120889306068,6.91107292742026,3.23097190260887,10.6425274809202,19.8785803658622,83.3940734863281
30.0780101503645,0,32.2269914415148,0,0,0,0,0,8.15739899003104,0,6.87028276847184,0,0,0,0,0,67.5658493041992,75.535270690918,44.2530078700945,0,14.760382311899,5.40524576738547,5.22618640846758,0,5.34121004527903,0,0,0,6.92329497172915,0,5.50341033935547,0,0,8.88427734375,4.76117398398263,0,8.69139328153397,3.8409897784392,5.20715445713663,0,0,0,33.635039806366,0,32.0451666514079,0,12.4463872029546,40.7784805297852,4.34176481817291,0,0,0,0,0,8.96071519250945,0,7.01660711723461,0,0,0,0,0,0,16.0371041764682,8.76275386810303,6.35798617497538,0,5.87076306407778,0,0,0,4.36405608610869,0,4.09105666699233,0,26.9296016693115,0,8.45745059487234,158.367919921875,11.1759241627402,6.04120889306068,0,7.29404314365,6.08655617029771,15.019893850599,0,18.4286975860596
