0,0,0.0245866527920886,0,0.000551396576812003,0,0,0,0.0588865340881638,0,0,0,0,0,0.00122619577012368,0,0.00013083835024838,0,0.00016509017253234,0,0.000992800969264573,0,0,0,0,0,0,0,0,0,0,0,0,0,0,0,4.98437495743347e-05,1.28348498180484e-05,0.000204541730218184,0,0.00216437803030876,0.000106759029785759,0.00780257760608157,0,0,0,0.000369137923496011,0.000306556805534262,0.0108395086439037,0,0.00637749730323811,0,0,0,0.0192962934540818,0,0.00117627936180284,0,0,0,0.00103291902864555,0,0,0.000167558916724245,0,0,0,0,0,0,0,0.000143442067438097,0,0.00216300983076506,0,0,0,0,0,0.000110780240770297,5.03390917198116e-05,2.04687515497143e-05,0.000635381748059347,0,0.013990183649612,0,0.00164611141759682
0,0,0,0.0237339909307984,0,0,0,0,0,0.0671934706450006,0,0,0,0,0,0.0106322003264556,1.61721059917692e-05,5.92156100515323e-05,0.00128738883896354,0.0010384799198568,0,0,0,0.01093204990897,0,0,0,0,0,0,0,0,0,0,0,3.68023175529312e-05,0,0.00138763194815905,0,0.00200562605717776,2.9837320952088e-05,0.0259467361656247,6.74756408775782e-05,0.000309084347206071,0,0.0143673838256221,1.02608457033952e-05,5.42182517127075e-05,0,0.0114188208314692,0,0.00519628492503172,0,0,0,0.0138665022374428,0,0.00181850788212179,0,0.00171799646034415,0,0.0219674045666945,0.00227616141685833,0,0,0,0.000271314968728421,0,0,0,0,0,0.00151527666933643,0,0,0,0,0,0.000165597240199109,7.97226493728963e-07,0.000267077909248226,0,0.00161047112922352,0,0.0312551084554129,0.00227956167369236,0
0.0245866527920886,0,0,0,0.00359225819268111,0,0,0,0.0123611114980722,0,0,0,0,0,0,0,3.4298064972287e-05,0,5.5472151067432e-05,0,0.00586317888010556,0,0,0,0,0,0,0,0,0,0,0,0,0,0,0,0.000260175874814743,0,1.03543416270224e-05,2.99207670442507e-05,0.00106248018710986,1.10650309838855e-05,0.00225847824360738,0,0.000255814361837917,7.0300361458055e-05,0.000139801515929126,0,0.00321590797404881,0,0.0276209791471718,0,0,0,0.00365275680981082,0,0.00284685129590745,0,0.0088969970730673,0,0.0134065127504532,0,0,0.00081869607588181,0,0,0,0,0,0,0,0,0,0.00177276003339768,0,0,0,0,7.16242551553476e-06,0.000226716685748028,2.52962049243662e-06,1.40688149272435e-05,0.000150021735139622,4.39701468443e-06,0.00672503818542579,0,7.5479468329441e-05
0,0.0237339909307984,0,0,0,0.00260674227456103,0,0,0,0.00432076266506708,0,0.000257802644463449,0,0,0,0.0026906417413615,0,0,0.000182721349372346,0.00690122739024784,0,0,0,5.08187436275968e-05,0,0,0,0,0,0,0,0,0,0,0,0.000763282007951123,0,1.81580329208756e-05,0,0.00911242471787864,2.45422957980621e-05,0.00444799047980071,8.9808868551141e-05,0,0,0.00552491528305831,8.15572175974061e-05,0,1.59675299659713e-05,0.00399461018468868,0,0.00436715371832135,0,0,0,0.00402926986905953,0.000146927676693989,0.0147526246164254,0,0.00505105086402204,0,0.0109147621029355,0.00650958661998269,0,0,0,0,0,0,0,0,0,0.000227729802003067,9.01059240724332e-05,0,0,0,0,0.000754274525259396,1.31165701876829e-05,3.0740877688911e-05,0,0.000782815883752114,0.000288872635533567,0.0139871893056242,0.000316596840850947,0
0.000551396576812003,0,0.00359225819268111,0,0,0,0.0164212762740264,0,9.6460198006305e-05,0,0,0,0,0,0.000476377339946663,0,0,0,0,0,0.00243028302107884,0,0,0,0,0,0,0,0,0,0,0,0,0,0,0,1.8419799979087e-05,0,0,0,0,0,6.64196139156237e-05,0,0,0,0,0,4.12663719374434e-05,0,0.0445331370975103,0,0.000214730520383455,0,0,0,0.000400253573733199,0,0.000236530478520777,0,0.0125209884171451,0,0,0,0,0,0,0,0,0,0,0,0,0.000225136558750691,0,0,0,0,0,9.92934069180121e-06,0,0,0.00121724882299593,0.000157407865024661,0.000243458222184903,0,0
0,0,0,0.00260674227456103,0,0,0,0.0160668426891051,0,0,0,0.000840173433586467,0,0,0,0,0,0,0,0.00110691141067875,0,0,0,0,0,0,0,0,0,0,0,0,0,0,0,0.000418683630627863,0,0,0,9.01433820304082e-05,0,0,0,0,0,0,0,0,0,0,0,0.0534595137316786,0,0.0166536512191662,0,0.0011648440787359,0,0.00441998893053996,0,0.000151023614329503,0,0.00192962958820382,0,0,0,0,0,0,0,0,0,0,0,0,0,0,0,0,0,0,0,0,0.00210643488214221,1.56063069274562e-05,0.00148456211606786,0,0
0,0,0,0,0.0164212762740264,0,0,0,0,0,0.00348482529454555,0,0.00674788110641062,0,0,0,0,0,0,0,0.000603557293914903,0,0,0,0,0,0,0,0,0,0,0,0,0,0,0,0,0,0,0,0,0,0,0,0,0,0,0,0,0,0.00980043366443911,0,0.0543543098764635,0,0,0,0.00618394111009171,0,0.00265060856478645,0,0,0,0,0,0,0,0,0,0,0,0,0,0,0,0,0,0,0,0,0,0,0,0.00103063121383919,9.61776726965016e-06,0.000107078855919551,0,0
0,0,0,0,0,0.0160668426891051,0,0,0,0,0,0,0,0.00186001582691997,0,0,0,0,0,0.00336816292745461,0,0,0,0,0,0,0,0,0,0,0,0,0,0,0,0.000456301878109941,0,0,0,0,0,0,0,0,0,0,0,0,0,0,0,0.00376857088443507,0,0.0537851990775556,0,0,0,0,0,0.00193509571056613,0,0,0,0,0,0,0,0,0,0,0,0,0,0,0,0,0,0,0.000340537959785366,0,0,0,0.000612793819454686,2.25809309876326e-05,0,0,0
0.0588865340881638,0,0.0123611114980722,0,9.6460198006305e-05,0,0,0,0,0,0,0,0,0,0.0330790664366232,0,0.00193888341727088,0,0.00156910961812138,0,0.00213607253423824,0,7.85937178025962e-05,2.17494184867554e-05,0.0367081428533262,0,0.00107910598457051,0,0,0,0,0,0,0,0,0,3.33966438186076e-05,3.08746041977854e-06,0.000810999468901359,0,0.00061710837401581,5.05862191880371e-05,0.00243501753950412,0,0,3.54590580116804e-05,0.000151826863611803,0.000156420105587664,0.00179705287679267,0,0.000705339271597537,0,0,0,0.0757530701887526,0,0.00101767882549973,0,0,0,0.0296997125949479,0,0,0.000146020873135267,0,7.47290165324412e-05,0,0.0193851751050982,0,0.0179123405873973,0,0.00013015190505591,0,0.00353824843346476,0,0,0,0,0,7.93239855435724e-05,0,0.000216118818771074,0.00442050030012601,0.000480088551861805,0.00366469230693892,0,0.00137298034552168
0,0.0671934706450006,0,0.00432076266506708,0,0,0,0,0,0,0,0,0,0,0,0.0240539706877772,0,0.000517414271965783,0.000558009983402951,1.70824564981441e-05,0,0,0,0.0134141564637287,0,0.00352874030966105,0,0,0,0,0,0,0,0,0,8.37543896266545e-06,0,0.000394731024355467,6.46670287868939e-06,5.91009211244921e-05,0,0.00766917571459213,7.84790893136584e-06,0,0,0.00183581954059498,0,0.000232578060658897,5.90518382290184e-06,0.00282416668725588,0,0.00343771394781197,0,0,0,0.0514991780391831,0,0.000114896502921616,0,4.1359262290585e-05,0,0.0267520610065913,0.000933019566400963,0,0,0,0.0066621117462736,0,0.00469522699389609,0,0,0,0.00567369297047501,0,0,0,0,0,9.92285108489922e-05,0,0.000358238793195232,5.97689771658825e-06,0.00213773143798589,0.000515599254875689,0.00611979279254248,0.00234078702560151,0
0,0,0,0,0,0,0.00348482529454555,0,0,0,0,0,0.0757646305368386,0,0,0,0,0,0,0,0.0270096125319869,0,0,0,0,0,0,0,0.00736004162140297,0,0.00486523258446453,0,0,0,0,0,0.00253814640248243,0,0.0317230461646774,0,1.19674227451287e-05,0,0,0,0,0,0.000101435519587294,0,0,0,0,0,0.000635711575289683,0,0,0,0.133353432737131,0,0.125700003295424,0,0,0,0,0.0228647027276306,0,0,0,0,0,0,0,0.00338604792057644,0,0.0115374150625062,0,0,0,0,0,0.000991768475394541,0,0.00674325937922551,0.00435692275547698,0.000376589188175115,0.00186219574596018,0,0
0,0,0,0.000257802644463449,0,0.000840173433586467,0,0,0,0,0,0,0,0.0131618517889557,0,0,0,0,0,0.0147283922838705,0,0,0,0,0,0,0,0.00386076509035575,0,0.0331336517399597,0,0,0,0,0,0.00148511282238573,0,0.0135402885248758,0,0,0,0,0,0,0,0,0,0,0,0,0,0,0,0.000165823730640113,0,0,0,0.169724750084776,0,0.000811211999858643,0,8.53489263330509e-05,0.000865530495863208,0,0,0,0,0,0,0,0.000387543119527743,0,0.0298356003831878,0,0,0,0,0,0.000643707352574281,0,0.00220280802033128,0,0.00208707089358611,0.000458424738998677,0.000454197234346331,0,0
0,0,0,0,0,0,0.00674788110641062,0,0,0,0.0757646305368386,0,0,0,0.00765716949659714,0,0,0,0,0,0,0,0,0,0,0,0.000609416560879717,0,0.00973194500701411,0,0,0,0,0,0,0,0,0,0,0,0,0,0,0,0,0,0,0,0,0,0,0,0,0,0,0,0.00946967405630077,0,0.0473446551643506,0,6.50175397774759e-05,0,0,0,0,0,0,0,0,0,0,0.00192962243883348,0,0,0,0,0,0,0,0,0,0,0.00165130948516926,0.00186727592415094,0,0,0
0,0,0,0,0,0,0,0.00186001582691997,0,0,0,0.0131618517889557,0,0,0,0,0,4.72830102465373e-05,0,0,0,0,0,0,0,0,0,0.00439118902961707,0,0.00160778383940579,0,0,0,0,0,0,0,0,0,0,0,0,0,0,0,0,0,0,0,0,0,0,0,0.00971120938202093,0,0,0,0.0022994118672669,0,0.108735337455659,0,0,0,0,0,0,0,0,0,0,0.0114168637415566,0,0.000249802932208383,0,0,0,0,0,0,0,0,0,0.00135922648204154,0.00266988078718608,0,0,0
0.00122619577012368,0,0,0,0.000476377339946663,0,0,0,0.0330790664366232,0,0,0,0.00765716949659714,0,0,0,0.00435640866317705,0,0,0,0,0,0,0,0.00229487942557638,0,0.00525232193711964,0,0,0,0,0,0,0,0,0,0,0,2.84173698786902e-06,0,0,0,0,0,0,0,0,0,2.57823553506797e-05,0,0,0,0,0,0.00606642252102661,0,0,0,0.00188633736022371,0,0.0272795874909254,0,0,0,0,0,0,0.00185394683037722,0,3.9366600074905e-05,0,0.000214488273986556,0,0,0,0,0,0,0,0,0,0,0.000502217517671919,0.000189434272410721,1.00042665871061e-05,0,0
0,0.0106322003264556,0,0.0026906417413615,0,0,0,0,0,0.0240539706877772,0,0,0,0,0,0,0,0.0023124036588565,6.05099815653503e-06,2.20833063351814e-05,0,0,0,0.0112755360661645,0,0.00807458028088943,0,0,0,0,0,0,0,0,0,0,0,0,0,0.000181548237863676,0,0.000287976613823039,0,0,0,5.41835226165869e-05,0,0,0,0.000237285003169544,0,0,0,0,0,0.0113178356541527,0,0,0,0,0,0.0196877448590296,1.19784104360161e-05,0,0,0,0,0,0.0107649367916467,0,0,0,2.2267879561332e-05,0,0,0,0,0,1.1795198926142e-05,0,2.41288885044521e-06,0,0.000533463303870223,0.000330036586432809,0.000103505925574963,0.000242250783524736,0
0.00013083835024838,1.61721059917692e-05,3.4298064972287e-05,0,0,0,0,0,0.00193888341727088,0,0,0,0,0,0.00435640866317705,0,0,0.0721555842764905,0.0335996467464365,0,0,0,0.00546278118227424,0,0.000566669284486649,0,0.0536047712687815,0,0.00316985865146036,0,0,0,0,0,0,9.3715095367786e-07,3.15349429199353e-06,8.2030677629445e-06,5.35602663996409e-06,6.57371264621022e-05,0.00472074368814462,0.000318849030350603,0.00343434354030277,0,4.45209511921301e-05,0.00144823326024902,0.00184489343605786,0,5.04837617966174e-05,1.52295891431298e-05,0,0,0,0,0.00120449501528372,3.72399978152164e-06,0.000368137777595376,0,8.02214447404872e-06,0,2.50371180350491e-05,0,1.72690670726164e-05,2.50002850243259e-05,0,9.96725615266334e-05,0,6.97231766013469e-05,0,0.00984960277799666,0,0.000232990067835589,0,0.00122979593182589,0,0,0,0,1.88966718278139e-05,0.00021849673195703,4.23965862186368e-05,8.88506524634888e-05,0.0133126560705119,0.00944546970136296,0.00486148868297092,1.86668383438238e-05,0.000745385260630045
0,5.92156100515323e-05,0,0,0,0,0,0,0,0.000517414271965783,0,0,0,4.72830102465373e-05,0,0.0023124036588565,0.0721555842764905,0,0.0262954359969918,2.91043550001854e-05,0,0.0114112033701431,0,0.00658084616226334,0,0.0176110346373505,0.000190604714041293,0.00351536797823894,0,0,0,0,0,0,0,0,1.26127284872713e-06,1.3973503863646e-05,0,3.7248833810616e-05,0.000663333669956382,0.000617499499887132,0.000736387043185391,3.72125912942254e-05,6.44372909612675e-06,0.00118085382517883,0.000471695625629166,3.09003791390262e-06,2.47520016262585e-05,2.60439923507417e-05,0,0,0,0,0,0,7.84065497205232e-05,1.7321518099106e-05,0,0,6.08610440318779e-06,0.000207032165969062,0.000148478995433286,6.9592499219827e-06,0.0024329518300005,0,0.00143709406644087,0,0.00486095890959817,0,0,0,1.15931684631964e-05,0.000125562303285417,0,0,0,0,6.37696621981543e-05,2.75947429329728e-05,6.07996972813604e-05,4.37783316548405e-06,0.0280220613211687,0.00486501800843259,0.00110440030917403,2.71059346237229e-05,0.000105004115109836
0.00016509017253234,0.00128738883896354,5.5472151067432e-05,0.000182721349372346,0,0,0,0,0.00156910961812138,0.000558009983402951,0,0,0,0,0,6.05099815653503e-06,0.0335996467464365,0.0262954359969918,0,0.000713858073471027,5.56701808189882e-06,0,0,2.68297989574381e-05,0,0,0.00023065170761277,0,0,0,0,0,0,0,0,7.8022464341158e-05,7.23000001159941e-05,0.000299171244448009,1.04995216075704e-05,0.000650937256921701,0.0282826154405324,0.0124096839807888,0.0226344850348043,0.000264852693419621,0.000225883071805278,0.0337597796208868,0.0122817196049826,1.05466989633877e-05,0.000152073097385583,0.000961337724633977,0.000105078922249729,0,0,0,0,0.000525032214310415,0.00115231164441816,1.1812089443762e-05,3.91927710807603e-06,0,5.92832719664431e-05,1.39548144773667e-05,0.00228752992251376,8.3709846317843e-05,0,0,1.25229192527262e-05,0,0,1.39828771002381e-05,0,1.92959170596272e-05,0.000394268961973078,0.00507793277732414,0,0,0,0,0.000957731495565343,0.000617423531795497,0.00138618879358653,0.000328566068962548,0.00762834073658362,5.52784749891234e-05,0.0293522169385923,0.00230144816184847,0.00427185883086734
0,0.0010384799198568,0,0.00690122739024784,0,0.00110691141067875,0,0.00336816292745461,0,1.70824564981441e-05,0,0.0147283922838705,0,0,0,2.20833063351814e-05,0,2.91043550001854e-05,0.000713858073471027,0,0,0,0,0,0,0,0,0,0,0.000813772541173089,0,0,0,0,0,0.0177460650642123,0,0.00474307255112146,0,0.000265271933849018,0,0.00119242414418188,8.07666808965227e-06,0.000145539537071528,0,0.0142883792316422,0,0,0,0.000241041150261991,0,0,0,0,0,0,0,0.00743234126898319,0,0,0,0.000236029381759299,0.0989671336798927,0,0,0,0,0,0,0,0,0,0.00309806564915052,0,0,0,0,0,0.00165429379869586,0,0.0012252911388376,0,0.00418864838321737,3.66020933618841e-06,0.00788194839001701,0.000419183195126784,0
0.000992800969264573,0,0.00586317888010556,0,0.00243028302107884,0,0.000603557293914903,0,0.00213607253423824,0,0.0270096125319869,0,0,0,0,0,0,0,5.56701808189882e-06,0,0,0,0,0,0,0,0,0,0,0,0,0,0,0,0,2.27426722408382e-05,0.00882163827448574,0,0.00647119459112492,0,9.29333441184627e-05,0,0.000368732357378232,0,0,0,0.0104915457568776,0,0.000515472211044709,0,0.0148589936734037,0,0.000241282917601247,0,0.000319055172260187,0,0.0379873815417466,0,0.000446395640620099,0,0.000432440557664957,0,0,0.23228222016773,0,0,0,0,0,0,0,0,0,0.000867585022227999,0,0,0,0,0,0.00233676948895478,0,0.000995369572564131,0.000473108584900757,2.21324397297283e-05,0.00577128700469759,0,0
0,0,0,0,0,0,0,0,0,0,0,0,0,0,0,0,0,0.0114112033701431,0,0,0,0,0.00946732431595821,0.0165824857066837,0,0.00223099154557634,0,0.00359795089897104,0,0,0,0,0,2.76098345146584e-05,0,0,0,0.0282622116120369,0.000268446992767542,0,0,0,0,0,0,0,0,7.15439900121622e-05,1.74006923653867e-05,0.00794001178075906,0,0,0,0,0,0,0,0,0,0,0,0,0,0,0.153203714710044,0.00114374210413782,0.0077474553660561,0,0.00159094193726432,0,0.0027060805308683,0,0,0,0,0,0,0,0,0,0.00490664367063422,2.04464599194928e-05,0.0167009204607936,0.0043347040704058,6.78002961148862e-06,0,0
0,0,0,0,0,0,0,0,7.85937178025962e-05,0,0,0,0,0,0,0,0.00546278118227424,0,0,0,0,0.00946732431595821,0,0,0.00620480617114223,0,0.0100211735781918,0,0.007634501956687,0,0,0,0,0,0,0,0,0.00014505594743533,0.0226734938959247,0,0,0,0,0,0,0,0,0,0.00963649058732062,0,0,0,0,0,5.67503480205823e-05,0,0,0,0,0,0,0,0,0,0.00208597079148616,0.1900899162849,0,0.00167171723239431,0,0.00742269761722631,0,0.00243841408330652,0,0,0,0,0,1.22938779821749e-05,0,0,4.13123273706127e-05,0.00678067122517012,0.015289141372041,0.0068871725955624,0,0,0
0,0.01093204990897,0,5.08187436275968e-05,0,0,0,0,2.17494184867554e-05,0.0134141564637287,0,0,0,0,0,0.0112755360661645,0,0.00658084616226334,2.68297989574381e-05,0,0,0.0165824857066837,0,0,0,0.0249452749900874,0,0,0,0,0,0,0,0,0,0,0,0.0110394271582237,1.04667108413323e-05,1.95568647199979e-05,0,0.000624255105013247,0,0,0,0.000160811530268621,0,0.000423229511510582,9.19907260632708e-06,0.00257439663102459,0,0,0,0,0,0.0171192274121877,0,0.000191835852534385,0,0,0,0.00844817720436429,8.43814839415486e-05,0,0.0141802782436688,0,0.159297772410319,0,0.0599907241334418,0,0,0,0.000198637991612408,0,0,0,0,0,7.46569806961899e-06,0,0.000343599626009647,5.46366867702037e-06,0.00152155509115812,7.36069268025835e-05,0.000446239288826101,7.68624583483686e-05,0
0,0,0,0,0,0,0,0,0.0367081428533262,0,0,0,0,0,0.00229487942557638,0,0.000566669284486649,0,0,0,0,0,0.00620480617114223,0,0,0,0.0324373828286106,0,0,0,0,0,0,0,0,0,0,1.06028638978491e-05,0.0109273614127515,0,0,0,0,0,0,0,2.40766662924737e-05,0.000207878952185592,0.00224387170901266,0,0,0,0,0,0.0273402840133731,0,0,0,0,0,0.0157932974718407,0,0,0,0,0.015457255450714,0,0.215878115791252,0,0.109763185461262,0,0,0,0,0,0,0,0,0,0,1.57243165882871e-05,0.000647785663604749,0.00101467302536734,6.99506475156496e-06,0.000306481987410651,0,0
0,0,0,0,0,0,0,0,0,0.00352874030966105,0,0,0,0,0,0.00807458028088943,0,0.0176110346373505,0,0,0,0.00223099154557634,0,0.0249452749900874,0,0,0,0.00050532230561132,0,0,0,0,0,0,0,0,0,0,0,0,0,0,0,0,0,0,0,0,0,0,0,0,0,0,0,0.00171716616031671,0,0,0,0,0,0.00828026559718271,0,0,0.0013356963018898,0,0.000142180574365283,0,0.047632117689621,0,0,0,0,0,0,0,0,0,0,0,0,0,0.000719072493573918,0.000446286922241544,0,0,0
0,0,0,0,0,0,0,0,0.00107910598457051,0,0,0,0.000609416560879717,0,0.00525232193711964,0,0.0536047712687815,0.000190604714041293,0.00023065170761277,0,0,0,0.0100211735781918,0,0.0324373828286106,0,0,0,0.019962002844065,0,0,0,0,0,0,0,0,0,9.23060101755391e-06,0,0,0,0,0,0,5.47399047737912e-05,0,0,0,0,0,0,0,0,0.000206245709356485,0,8.82601097061024e-06,0,0,0,0.000416778185251751,0,0,0,0,0.00191986031093019,0,0.00356491033993707,0,0.134765909225994,0,0.00713877329962813,0,0,0,0,0,0,0,0,0,0,0.00236686215219427,0.000424889742275497,2.74408509295246e-05,0,0
0,0,0,0,0,0,0,0,0,0,0,0.00386076509035575,0,0.00439118902961707,0,0,0,0.00351536797823894,0,0,0,0.00359795089897104,0,0,0,0.00050532230561132,0,0,0,0.0262594139253763,0,0,0,0,0,0,0,0.00129135763862132,0,0,0,0,0,0,0,0,0,0,0,0,0,0,0,0,0,0,0,0.000255893718074104,0,0.00680966304151118,0,0,0,0,0.00222017155252281,0,0,0,0,0,0.137264592818461,0,0.000875973060250803,0,0,0,0,0,0,0,0.000420781178982377,0,0.00406032050225279,0.00707408994272022,0,0,0
0,0,0,0,0,0,0,0,0,0,0.00736004162140297,0,0.00973194500701411,0,0,0,0.00316985865146036,0,0,0,0,0,0.007634501956687,0,0,0,0.019962002844065,0,0,0,0.0457500440837119,0,0,0,0,0,0,0,0.00101264001765797,0,2.59179818338428e-05,0,0,0,0,0,0,0,0,0,0,0,0,0,0,0,0.00722830141526874,0,0.00667525295835248,0,0,0,0,0,0,0.000894726379967177,0,0,0,0.00102620518360462,0,0.0806495120520682,0,0.0230685524466547,0,0,0,0,0,0,0,0.00130047656473479,0.00382013727402785,0.00242412920392549,0,0,0
0,0,0,0,0,0,0,0,0,0,0,0.0331336517399597,0,0.00160778383940579,0,0,0,0,0,0.000813772541173089,0,0,0,0,0,0,0,0.0262594139253763,0,0,0,0,0,0,0,0,0,0.00961760161080386,0,0,0,0,0,0,0,0,0,0,0,0,0,0,0,0,0,0,0,0.0236254071320589,0,0.00157294922886208,0,0,0,0,0,0,0,0,0,0,0.0060809918576234,0,0.181882480272414,0,0,0,0,0,0,0,0.00355581422955114,0,0.00130608780216865,0.000221767009312042,0,0,0
0,0,0,0,0,0,0,0,0,0,0.00486523258446453,0,0,0,0,0,0,0,0,0,0,0,0,0,0,0,0,0,0.0457500440837119,0,0,0,0,0,0,0,0,0,0.0216172162165932,0,0,0,0,0,0,0,0,0,0,0,0,0,0,0,0,0,0.00908662839414472,0,0,0,0,0,0,0.000171468698494218,0,0,0,0,0,0,0,0.00318962354571957,0,0.102706606603746,0,0,0,0,0,0,0,0.0032158946754899,0.00180992966355102,0.000987014542691191,0,0,0
0,0,0,0,0,0,0,0,0,0,0,0,0,0,0,0,0,0,0,0,0,0,0,0,0,0,0,0,0,0,0,0,0.0190160555135662,0.000733097472761063,0.000475774810921679,0.0031575267094446,1.30126293653289e-05,0,0,0,0,0,0,0,0,0,0,0.0141579616403381,0,0.000632398192397467,0,0,0,0,0,0,0,0,0,0,0,0,0,0,0,0,0,0,0,0,0,0,0,0,0.195437055773563,0,0.00367472635930181,0.000339424828624628,0.00153928162866594,0,0,0,0.000556685161937828,0,0,0,0
0,0,0,0,0,0,0,0,0,0,0,0,0,0,0,0,0,0,0,0,0,0,0,0,0,0,0,0,0,0,0,0.0190160555135662,0,0.000984175398728098,0.0043844701508693,0.000400108535012015,0.00382857412337453,0,0,0,0,0,0,0,0,0,0,0.0563353716154094,0.000190672085512985,0.00824698829813597,0,0,0,0,0,0,0,0,0,0,0,0,0,0,0,0,0,0,0,0,0,0,0,0,0.0118580417487363,0.0380341776146422,0.000317560576785892,0.0210360960051836,6.00426230889942e-06,0.000918646338343697,0,0,0.00245179923081307,0,0,0,0
0,0,0,0,0,0,0,0,0,0,0,0,0,0,0,0,0,0,0,0,0,2.76098345146584e-05,0,0,0,0,0,0,0,0,0,0.000733097472761063,0.000984175398728098,0,0.112632865618724,0.0050168220955909,0.000370431464527728,0.0093682440746191,0.00137356435313879,0,0,0,0,0,0,0,0,0.0522554174523853,0.00067705320976536,0.000314939026804846,0,0,0,0,0,0,0,0,0,0,0,0,0,0,0.00010633396614692,0,0,0,0,0,0,0,0,0,0.00496178250035388,0,0.335518905224256,0.0321785518832794,0.00160779040579257,3.58916946144712e-05,0.00562004521326065,0.00141689390437069,0.0020622432859507,5.9181177841183e-05,0,0,0
0,0,0,0,0,0,0,0,0,0,0,0,0,0,0,0,0,0,0,0,0,0,0,0,0,0,0,0,0,0,0,0.000475774810921679,0.0043844701508693,0.112632865618724,0,1.74334471677489e-06,0.0111361392210769,0.0052923549241906,0.0127525087091085,0,0,0,0,0,0,0,0,0.102567242152965,8.63233990773919e-05,0.00380754526136238,0,0,0,0,0,0,0,0,0,0,0,0,0,0,0,0,0,0,0,0,0,0,0,0,0.00036432855983566,0.000477828954165722,0.0272860805612926,0.203102830936802,1.26103874714038e-06,0.000385014939248524,0.00147833530136633,0.00377091789589489,0.00112108302727646,0.000110545144338562,0,0,0
0,3.68023175529312e-05,0,0.000763282007951123,0,0.000418683630627863,0,0.000456301878109941,0,8.37543896266545e-06,0,0.00148511282238573,0,0,0,0,9.3715095367786e-07,0,7.8022464341158e-05,0.0177460650642123,2.27426722408382e-05,0,0,0,0,0,0,0,0,0,0,0.0031575267094446,0.000400108535012015,0.0050168220955909,1.74334471677489e-06,0,0.00554420760219098,0.0144991370760999,6.09088214052988e-06,0.00041211346133059,0,4.47591339123307e-05,5.70269103895054e-06,5.01790854370355e-06,0,0.000249410865775758,1.67325755034777e-06,0.000708864743128784,9.46811290799556e-06,5.85555867067512e-05,0,0,0,0,0,0,0,0.000415076586927202,1.32707515924442e-06,1.34863285250419e-05,0,1.08485840854331e-05,0.00949337432709988,0,0,0,0,0,0,0,0,0,5.60888870016801e-06,0,0.00501203560038224,4.26276073949736e-05,0.00429498832827755,4.61039788538236e-06,0.096451778606381,0.00128727231040723,0.00805001201591647,1.396762147003e-05,0.0172175276315112,0.00739978912003427,0.000705458834888857,2.24245469921489e-05,0
4.98437495743347e-05,0,0.000260175874814743,0,1.8419799979087e-05,0,0,0,3.33966438186076e-05,0,0.00253814640248243,0,0,0,0,0,3.15349429199353e-06,1.26127284872713e-06,7.23000001159941e-05,0,0.00882163827448574,0,0,0,0,0,0,0,0,0,0,1.30126293653289e-05,0.00382857412337453,0.000370431464527728,0.0111361392210769,0.00554420760219098,0,6.48050522562895e-05,0.0115622943506114,1.4349603874482e-05,8.959664357846e-05,0,0.000144949831296016,0,0,0,0.00139101493743099,0.00147314270332525,8.81015101736119e-05,0.000102871155050441,0.000613187394690603,0,0,0,0,0,0.00110567455283883,0,0.000188103031860695,0,3.19406156149084e-05,0,0,0.0100995419354755,0,0,0,0,0,0,0,1.49881818902386e-06,0,2.07059512691168e-05,0,0.00543613307881948,3.3317495757028e-05,0.0115657391096327,0.00172268223073529,0.120711881777745,0,0.00348416494359239,0.0152130570176423,0.00917693022252542,0.00134502427124548,0,0
1.28348498180484e-05,0.00138763194815905,0,1.81580329208756e-05,0,0,0,0,3.08746041977854e-06,0.000394731024355467,0,0.0135402885248758,0,0,0,0,8.2030677629445e-06,1.3973503863646e-05,0.000299171244448009,0.00474307255112146,0,0.0282622116120369,0.00014505594743533,0.0110394271582237,1.06028638978491e-05,0,0,0.00129135763862132,0,0.00961760161080386,0,0,0,0.0093682440746191,0.0052923549241906,0.0144991370760999,6.48050522562895e-05,0,0.00888700875545098,1.78019699267391e-05,3.08171199460419e-06,0.000711169680940598,3.40039197392394e-05,0,0,0.000444715350542759,4.34658274202108e-06,0.00384632912643623,0.000408110726791175,0.00150275529800458,0,0,0,0,0,0.00174937977442474,0,0.00598827998591579,0,0,8.56174187893657e-06,1.10892171868853e-05,0.00158830625590768,0,0.012571837847106,0,0.00648705397354464,4.03162209846529e-06,0,0,0.000568234808701821,0,0.0106692026784943,0,0,0,0.00241690159185172,0.000823226326050472,0.00303635787381218,4.05397768458164e-05,0.133410481854068,0.00977863005323656,0.0116877588148805,0.00125920022634821,0.00237583108545506,9.65100904179306e-05,0
0.000204541730218184,0,1.03543416270224e-05,0,0,0,0,0,0.000810999468901359,6.46670287868939e-06,0.0317230461646774,0,0,0,2.84173698786902e-06,0,5.35602663996409e-06,0,1.04995216075704e-05,0,0.00647119459112492,0.000268446992767542,0.0226734938959247,1.04667108413323e-05,0.0109273614127515,0,9.23060101755391e-06,0,0.00101264001765797,0,0.0216172162165932,0,0,0.00137356435313879,0.0127525087091085,6.09088214052988e-06,0.0115622943506114,0.00888700875545098,0,0,2.07254081217236e-05,1.17524132985662e-05,0.000161222623645956,0,0,0,0.000277427516717285,0.0046534516508189,0.0115464112985411,0,0,0,0,0,0.00129719957849159,7.05244540594044e-06,0.0223281051721622,0,9.06277427874095e-06,0,3.12146213088112e-06,0,0,0.00827014717003169,1.55717202787089e-05,0.0143118523904037,2.71754258043052e-06,0.00534896022555779,0,8.61140461367151e-06,0,0.000137830467380346,0,0.0112196799521572,0,0,0.00054978072303589,0.00723080860430204,0,0.00586285635507034,0.00137242649121468,0.145607764157582,0.0112391427246231,0.00054459320825539,0.00374666064179901,0,0
0,0.00200562605717776,2.99207670442507e-05,0.00911242471787864,0,9.01433820304082e-05,0,0,0,5.91009211244921e-05,0,0,0,0,0,0.000181548237863676,6.57371264621022e-05,3.7248833810616e-05,0.000650937256921701,0.000265271933849018,0,0,0,1.95568647199979e-05,0,0,0,0,0,0,0,0,0,0,0,0.00041211346133059,1.4349603874482e-05,1.78019699267391e-05,0,0,0.00015151240635861,0.00381656283536501,9.87411792856994e-05,0.000312070517916041,0,0.0108953138245247,4.33460881484306e-05,0,0,0.00314366145804376,0,0,0,0,0,0.000203952511939078,6.42658253048969e-05,0.000213936689096741,0,0,0,0.000682794617724865,0.0109576059946536,0,0,0,0,0,0,0,0,0,2.42019793933525e-05,0,0,0,0,0,0.00183293104420203,1.42308750375326e-05,3.4917628364823e-05,0,0.000588328631441542,5.03676506202759e-06,0.0143795334060456,0.000166702732427734,6.77104263320196e-05
0.00216437803030876,2.9837320952088e-05,0.00106248018710986,2.45422957980621e-05,0,0,0,0,0.00061710837401581,0,1.19674227451287e-05,0,0,0,0,0,0.00472074368814462,0.000663333669956382,0.0282826154405324,0,9.29333441184627e-05,0,0,0,0,0,0,0,2.59179818338428e-05,0,0,0,0,0,0,0,8.959664357846e-05,3.08171199460419e-06,2.07254081217236e-05,0.00015151240635861,0,0.00116325238143277,0.0768411301238275,4.06399192168488e-05,0.00211170046759277,0.0017195185557695,0.0657251899296894,0.000516989822476682,0.00176727812431249,2.32644165436777e-05,0.00113795924254375,0,0,0,0,1.78803734596665e-05,0.00276600347787998,0,0.0001627712520736,0,0.000412131268720726,0,7.8664731658498e-06,0.00828652835582634,0,0,0,0,0,0,0,0.000124308224662468,0,0.00525904214536203,0,0,0,0,1.56822410934895e-05,0.00317903240047186,4.10871323317369e-05,0.000257751294034637,0.0018035371315719,1.42920108460342e-05,0.031100109678231,0,0.0209326686860351
0.000106759029785759,0.0259467361656247,1.10650309838855e-05,0.00444799047980071,0,0,0,0,5.05862191880371e-05,0.00766917571459213,0,0,0,0,0,0.000287976613823039,0.000318849030350603,0.000617499499887132,0.0124096839807888,0.00119242414418188,0,0,0,0.000624255105013247,0,0,0,0,0,0,0,0,0,0,0,4.47591339123307e-05,0,0.000711169680940598,1.17524132985662e-05,0.00381656283536501,0.00116325238143277,0,0.00448373036548764,0.0001953124003891,1.56535800736905e-05,0.0714260384186857,0.00020905053762308,0,0.000184170725896995,0.0113922427843793,7.41320338189068e-05,0.000148176208186939,0,0,0,0.00324284992349114,4.50853804106782e-05,0.00114558651474008,6.22925186081699e-06,0.000188473711866243,0.000115376007371581,0.000814834194141946,0.00603697828324713,2.34816932630444e-05,0,0,2.77421755061657e-05,0,0,0,4.2597264107281e-05,0,0.00687638681580211,0.000182092428294326,0,0,0,0,0.00144538570574561,1.35609316077735e-05,0.00178130498870722,1.18084234097856e-05,0.0053089802593199,7.86701876729448e-07,0.0332415159753476,0.00776040874273037,0.000179933469061999
0.00780257760608157,6.74756408775782e-05,0.00225847824360738,8.9808868551141e-05,6.64196139156237e-05,0,0,0,0.00243501753950412,7.84790893136584e-06,0,0,0,0,0,0,0.00343434354030277,0.000736387043185391,0.0226344850348043,8.07666808965227e-06,0.000368732357378232,0,0,0,0,0,0,0,0,0,0,0,0,0,0,5.70269103895054e-06,0.000144949831296016,3.40039197392394e-05,0.000161222623645956,9.87411792856994e-05,0.0768411301238275,0.00448373036548764,0,0,0.00143607055816447,0.00126213698697023,0.0180576247579669,0.000310422923453129,0.010462750610679,1.95938097540084e-05,0.00238599523041114,0,0,0,0.00010711444172776,2.33222606784534e-05,0.0104831497095251,7.60493260338376e-06,0.000535313354601682,0,0.00114516662664951,0,0.000219800532061826,0.000373521161919119,0,0,0,0,0,0,0,0.00166043188580935,3.98356635948399e-05,0.0269096368418283,0,0,0,0,3.25821268903907e-05,0.000901209077709369,1.39042180422107e-05,0.000282717647067765,0.00462687873096696,1.32712668078063e-05,0.0381323367175184,4.06303460049534e-05,0.0125538855737526
0,0.000309084347206071,0,0,0,0,0,0,0,0,0,0,0,0,0,0,0,3.72125912942254e-05,0.000264852693419621,0.000145539537071528,0,0,0,0,0,0,0,0,0,0,0,0,0,0,0,5.01790854370355e-06,0,0,0,0.000312070517916041,4.06399192168488e-05,0.0001953124003891,0,0,0,0.0012628522889014,1.33417069259787e-05,0,0,1.57905269049308e-05,0,0,0,0,0,0,0,0,0,0,0,0,0.000320323486395384,0,0,0,0,0,0,0,0,0,0.000249843388515814,0,0,0,0,0,1.63546727004829e-05,0,0,0,3.94892267030885e-05,0,0.000362950019853724,0.000386174755397702,0
0,0,0.000255814361837917,0,0,0,0,0,0,0,0,0,0,0,0,0,4.45209511921301e-05,6.44372909612675e-06,0.000225883071805278,0,0,0,0,0,0,0,0,0,0,0,0,0,0,0,0,0,0,0,0,0,0.00211170046759277,1.56535800736905e-05,0.00143607055816447,0,0,0,0.00034864547476687,0,9.74711436850647e-06,0,0,0,0,0,0,0,4.57247867292811e-05,0,0,0,0.000168983389806478,0,0,0,0,0,0,0,0,0,0,0,0,5.31985674509139e-05,0,0,0,0,0,5.07787433422948e-06,0,1.19984388900549e-05,7.16872163268894e-05,0,0.000655552049265582,0,0
0,0.0143673838256221,7.0300361458055e-05,0.00552491528305831,0,0,0,0,3.54590580116804e-05,0.00183581954059498,0,0,0,0,0,5.41835226165869e-05,0.00144823326024902,0.00118085382517883,0.0337597796208868,0.0142883792316422,0,0,0,0.000160811530268621,0,0,5.47399047737912e-05,0,0,0,0,0,0,0,0,0.000249410865775758,0,0.000444715350542759,0,0.0108953138245247,0.0017195185557695,0.0714260384186857,0.00126213698697023,0.0012628522889014,0,0,0.00103916330424013,0,7.07812787615768e-05,0.00274920997555551,0,0.000179564760498406,0,0,0,0.000476083350242043,0.000105416670950189,0.00100759791381779,0,0.000299651019786914,0,0.000622670931219017,0.0948188759969948,8.69543690310362e-06,0,0,5.46863387222529e-05,0,0,0,0,0,0.00240026431010761,0.000187420492265077,0,0,0,0,0.0015244709701456,6.06937140471011e-05,0.00125164409852282,9.54099110633124e-07,0.00388130827482824,7.47980344118413e-06,0.0504650843499925,0.0101588216427885,0.000640684542971869
0.000369137923496011,1.02608457033952e-05,0.000139801515929126,8.15572175974061e-05,0,0,0,0,0.000151826863611803,0,0.000101435519587294,0,0,0,0,0,0.00184489343605786,0.000471695625629166,0.0122817196049826,0,0.0104915457568776,0,0,0,2.40766662924737e-05,0,0,0,0,0,0,0,0,0,0,1.67325755034777e-06,0.00139101493743099,4.34658274202108e-06,0.000277427516717285,4.33460881484306e-05,0.0657251899296894,0.00020905053762308,0.0180576247579669,1.33417069259787e-05,0.00034864547476687,0.00103916330424013,0,0.000165669920928549,0.000361815861160344,4.23370663907917e-05,0.000621745243923001,0,0,0,0,1.02724573546237e-05,0.00295540225567482,0,0.000226568360602933,0,0.000167562197433862,0,0.000140312415865416,0.0573655543119414,0,0,0,0,0,0,0,0,0,0.00518462711539448,0,0,0,0,4.40094106536029e-06,0.0057245681695255,1.94323414756972e-06,0.0013846901962999,0.00108533266279889,2.2401392164858e-05,0.0287611909113402,0,0.0016962475195425
0.000306556805534262,5.42182517127075e-05,0,0,0,0,0,0,0.000156420105587664,0.000232578060658897,0,0,0,0,0,0,0,3.09003791390262e-06,1.05466989633877e-05,0,0,7.15439900121622e-05,0,0.000423229511510582,0.000207878952185592,0,0,0,0,0,0,0.0141579616403381,0.0563353716154094,0.0522554174523853,0.102567242152965,0.000708864743128784,0.00147314270332525,0.00384632912643623,0.0046534516508189,0,0.000516989822476682,0,0.000310422923453129,0,0,0,0.000165669920928549,0,0.0482795347079551,0.159169574111065,0,0,0,0,0.000260719992303922,0.000620011681841837,5.96709128291781e-06,0,0,0,0.000113274068768377,0,0,0,4.2666636077441e-05,1.35377057475776e-05,0.000551696463149131,0.000315351937335761,0,0,0,0,0,0,0.00551545325736146,0.0211308375266519,0.00862636699872649,0.00654806807613743,0.00148312580697484,0.00185162797102363,0.00551951137252284,0.00704592069050782,0.00521888570243481,1.97953098058227e-05,0.00145486755914962,0,0
0.0108395086439037,0,0.00321590797404881,1.59675299659713e-05,4.12663719374434e-05,0,0,0,0.00179705287679267,5.90518382290184e-06,0,0,0,0,2.57823553506797e-05,0,5.04837617966174e-05,2.47520016262585e-05,0.000152073097385583,0,0.000515472211044709,1.74006923653867e-05,0.00963649058732062,9.19907260632708e-06,0.00224387170901266,0,0,0,0,0,0,0,0.000190672085512985,0.00067705320976536,8.63233990773919e-05,9.46811290799556e-06,8.81015101736119e-05,0.000408110726791175,0.0115464112985411,0,0.00176727812431249,0.000184170725896995,0.010462750610679,0,9.74711436850647e-06,7.07812787615768e-05,0.000361815861160344,0.0482795347079551,0,0.032111712898975,0.00110842289651251,0,0,0,0.000520382036787963,1.61145328844748e-05,0.00167865529831258,0,0.000202074824133231,0,0.0022706310433404,0,0,9.13309018217038e-05,0,0.0199982273235261,7.94708318757912e-06,0.00805014932075493,0,2.96939690598895e-05,0,0.000262281677535418,0,0.00132982602686661,0,3.3640911529335e-05,0,0,0,7.32671562043786e-05,0.000458994624727069,0.00226603484804864,0.0034370791799319,0,0.0132787511572309,0,0.000128295948885681
0,0.0114188208314692,0,0.00399461018468868,0,0,0,0,0,0.00282416668725588,0,0,0,0,0,0.000237285003169544,1.52295891431298e-05,2.60439923507417e-05,0.000961337724633977,0.000241041150261991,0,0.00794001178075906,0,0.00257439663102459,0,0,0,0,0,0,0,0.000632398192397467,0.00824698829813597,0.000314939026804846,0.00380754526136238,5.85555867067512e-05,0.000102871155050441,0.00150275529800458,0,0.00314366145804376,2.32644165436777e-05,0.0113922427843793,1.95938097540084e-05,1.57905269049308e-05,0,0.00274920997555551,4.23370663907917e-05,0.159169574111065,0.032111712898975,0,1.14396318306981e-05,0.000213327313971126,0,0,0,0.00279599808608874,0,0.000579390211939814,0,3.49227282659395e-05,0,0.00361249407107335,0.000615673576822072,0,0.0012455994745933,0,0.00181273332270792,0,0.000333099515076026,0,0,0,0.000138911107963466,0,0.000227083926005709,0.00029634817962145,5.79557401885478e-05,8.7684730322477e-05,0.000376655473914126,2.42461846239251e-05,0.000308987136362855,4.37760549038175e-06,0.00537175633924407,1.31951487259443e-05,0.00877337536283176,0.000429805731788497,4.2797274667104e-05
0.00637749730323811,0,0.0276209791471718,0,0.0445331370975103,0,0.00980043366443911,0,0.000705339271597537,0,0,0,0,0,0,0,0,0,0.000105078922249729,0,0.0148589936734037,0,0,0,0,0,0,0,0,0,0,0,0,0,0,0,0.000613187394690603,0,0,0,0.00113795924254375,7.41320338189068e-05,0.00238599523041114,0,0,0,0.000621745243923001,0,0.00110842289651251,1.14396318306981e-05,0,0,0.0079080830399179,0,0.000169235381710852,0,0.00218242253327245,0,0.00168889053921713,0,0.000522564980057963,0,0,0.0056196983766687,0,0,0,0,0,0,0,0,0,0.000574372062023785,0,0,0,0,3.32930936742908e-06,0.000237167260543616,0,1.24631764860453e-05,0.000575023154267975,5.21566079676642e-05,0.00809040380542967,0,0
0,0.00519628492503172,0,0.00436715371832135,0,0.0534595137316786,0,0.00376857088443507,0,0.00343771394781197,0,0,0,0,0,0,0,0,0,0,0,0,0,0,0,0,0,0,0,0,0,0,0,0,0,0,0,0,0,0,0,0.000148176208186939,0,0,0,0.000179564760498406,0,0,0,0.000213327313971126,0,0,0,0.00348379274909013,0,0,0,0.000277057011255536,0,0.000164800045830022,0,0.00859113875577398,1.56457958621998e-05,0,0,0,0,0,0,0,0,0,0,0,0,0,0,0,9.60653795488989e-06,0,0,0,0.000427798584289277,0,0.00011327949875698,9.36787437682699e-05,0
0,0,0,0,0.000214730520383455,0,0.0543543098764635,0,0,0,0.000635711575289683,0,0,0,0,0,0,0,0,0,0.000241282917601247,0,0,0,0,0,0,0,0,0,0,0,0,0,0,0,0,0,0,0,0,0,0,0,0,0,0,0,0,0,0.0079080830399179,0,0,0,0,0,0.0132853320470192,0,0,0,0,0,0,0,0,0,0,0,0,0,0,0,0,0,0,0,0,0,0,0,0,0,4.73507155611703e-05,0,0,0,0
0,0,0,0,0,0.0166536512191662,0,0.0537851990775556,0,0,0,0.000165823730640113,0,0.00971120938202093,0,0,0,0,0,0,0,0,0,0,0,0,0,0,0,0,0,0,0,0,0,0,0,0,0,0,0,0,0,0,0,0,0,0,0,0,0,0.00348379274909013,0,0,0,0,0,0,0,0.00637726394611954,0,0,0,0,0,0,0,0,0,0,0,0,0,0,0,0,0,0,0,0,0,0,0.000267254368299939,7.20268238058833e-06,0,0,0
0.0192962934540818,0,0.00365275680981082,0,0,0,0,0,0.0757530701887526,0,0,0,0,0,0.00606642252102661,0,0.00120449501528372,0,0,0,0.000319055172260187,0,5.67503480205823e-05,0,0.0273402840133731,0,0.000206245709356485,0,0,0,0,0,0,0,0,0,0,0,0.00129719957849159,0,0,0,0.00010711444172776,0,0,0,0,0.000260719992303922,0.000520382036787963,0,0.000169235381710852,0,0,0,0,0,2.2341844664189e-05,0,0,0,0.0350247763304059,0,0,1.94158773935338e-05,0,5.97476054223622e-05,0,0.0292698385451496,0,0.00145686111049961,0,0,0,0,0,0,0,0,0,0,0,0.00146534399167635,0.000943374653478505,2.77942176141448e-05,0.00350011103504084,0,0
0,0.0138665022374428,0,0.00402926986905953,0,0.0011648440787359,0,0,0,0.0514991780391831,0,0,0,0,0,0.0113178356541527,3.72399978152164e-06,0,0.000525032214310415,0,0,0,0,0.0171192274121877,0,0.00171716616031671,0,0,0,0,0,0,0,0,0,0,0,0.00174937977442474,7.05244540594044e-06,0.000203952511939078,1.78803734596665e-05,0.00324284992349114,2.33222606784534e-05,0,0,0.000476083350242043,1.02724573546237e-05,0.000620011681841837,1.61145328844748e-05,0.00279599808608874,0,0,0,0,0,0,0,0.000319869361751451,0,0,0,0.00766406616714996,3.79101668610143e-05,0,0,0,0.0194374932894483,0.000118731165788619,8.05893537032861e-05,0,0,0,0.00175750730269308,0,0,0,0,0,4.13961726895431e-06,8.21110172275746e-07,0.000545437803861262,1.74207932531421e-05,0.000516100730339129,0,0.00411660332699241,0.000830594696757893,4.29000404196308e-05
0.00117627936180284,0,0.00284685129590745,0.000146927676693989,0.000400253573733199,0,0.00618394111009171,0,0.00101767882549973,0,0.133353432737131,0,0.00946967405630077,0,0,0,0.000368137777595376,7.84065497205232e-05,0.00115231164441816,0,0.0379873815417466,0,0,0,0,0,8.82601097061024e-06,0,0.00722830141526874,0,0.00908662839414472,0,0,0,0,0,0.00110567455283883,0,0.0223281051721622,6.42658253048969e-05,0.00276600347787998,4.50853804106782e-05,0.0104831497095251,0,4.57247867292811e-05,0.000105416670950189,0.00295540225567482,5.96709128291781e-06,0.00167865529831258,0,0.00218242253327245,0,0.0132853320470192,0,2.2341844664189e-05,0,0,0,0.00332194597697905,0,0.000773489403325917,0,3.36588392923624e-05,0.0217979448713371,0,0,0,0,0,0,0,0.000206789100457238,0,0.00675438305949762,0,0,0,0,1.12341988023586e-05,0.000348566590614737,6.43325669005129e-06,0.0015157878310447,0.00257137575599796,0.000316004276831842,0.0282452347763553,0,0.0018386042460441
0,0.00181850788212179,0,0.0147526246164254,0,0.00441998893053996,0,0,0,0.000114896502921616,0,0.169724750084776,0,0.0022994118672669,0,0,0,1.7321518099106e-05,1.1812089443762e-05,0.00743234126898319,0,0,0,0.000191835852534385,0,0,0,0.000255893718074104,0,0.0236254071320589,0,0,0,0,0,0.000415076586927202,0,0.00598827998591579,0,0.000213936689096741,0,0.00114558651474008,7.60493260338376e-06,0,0,0.00100759791381779,0,0,0,0.000579390211939814,0,0.000277057011255536,0,0,0,0.000319869361751451,0,0,0,0.00259166770227565,0,0.00257497128308381,0.0113812088056122,0,0,0,0,0,0,0,2.96145069023467e-05,0,0.0268170525162853,0,0,0,0,0,0.000196325805183387,0,0.00142602914125343,0,0.000867418915686467,0.000397643005249603,0.00912122796588664,0.000172447174921372,0
