0,0,5.49132303797871,0,9.16611242294312,0,0,0,9.61082593040287,0,0,0,0,0,7.1741156578064,0,5.48558664321899,33.0636177062988,9.86164236068726,0,0,0,0,0,11.6428007125854,0,0,0,0,0,0,0,0,0,0,0,0,0,17.266393661499,0,0,0,28.8473942385518,0,0,0,0,28.1670684814453,5.91127701239152,0,8.23168144226074,0,0,0,8.45638819346352,0,0,0,0,0,5.04007277488708,0,0,63.7474746704102,0,0,0,24.3779716491699,0,0,0,0,0,0,0,0,0,0,0,0,0,35.5720252990723,12.7891433763306,0,9.65974607955979,0,0
0,0,0,6.76894610170005,0,7.36991548538208,0,0,0,5.08284449012359,0,0,0,0,0,0,0,41.7995929718018,14.9127419676099,0,0,0,0,18.6587972640991,0,0,0,0,0,0,0,0,0,0,0,57.4122562408447,0,0,0,0,0,18.1964272072441,0,0,0,0,0,0,0,6.69115130943842,0,0,0,0,0,4.82809111861622,0,0,0,0,0,5.78434153260856,75.3777389526367,0,0,0,5.25760257945341,0,8.85763835906982,0,47.211051940918,0,0,0,0,0,0,0,35.2876916773179,0,30.2539262771606,0,9.05794899176199,18.7877826690674,7.26859759488489,69.6303100585938,0
5.49132303797871,0,0,0,12.4689207570306,0,0,0,7.96641911749254,0,0,0,0,0,0,0,0,0,61.4735832214355,0,0,0,0,0,26.0650091171265,0,0,0,0,0,0,0,0,0,0,0,0,0,27.0094221115112,0,49.9186452229818,42.774715423584,29.379188213192,0,0,0,44.6206855773926,0,13.8483542657234,0,9.90761662872744,0,0,0,8.71429003530474,0,28.3582322256906,0,0,0,0,0,0,52.9204864501953,0,0,0,0,0,0,0,33.401884247275,0,30.9902723630269,0,0,0,0,0,39.6220819685194,0,38.1171766916911,24.1834459622701,25.0083919525146,16.8488241345365,0,20.1707464853923
0,6.76894610170005,0,0,0,9.33456083122158,0,0,0,7.28357232614342,0,0,0,0,0,0,85.8142242431641,54.7112197875977,43.7862110137939,0,0,0,0,0,0,0,0,0,0,0,0,0,0,0,0,22.4568996429443,0,0,0,36.9458973748343,0,29.0500248279496,0,35.4596195220947,0,15.5908449490865,0,41.4935695648193,36.8248519897461,15.7481336626973,0,8.36283087594169,0,0,0,7.17534985920278,0,26.7397585974799,0,2.72721099853516,0,2.94602680206299,34.2423283259074,0,51.3982444763184,0,0,0,47.2366218566895,0,38.0416332327801,0,32.6047968993316,0,0,0,0,0,49.0137224651518,0,41.4620707511902,0,12.0228654819376,23.1618232727051,12.7220022202218,21.4300190380641,0
9.16611242294312,0,12.4689207570306,0,0,0,0,0,7.17546904327085,0,0,0,0,0,0,0,74.5081405639648,0,56.4360641479492,0,5.3683613565233,0,0,0,0,0,0,0,0,0,0,0,0,0,0,0,34.5882539749146,0,0,0,46.9354044596354,52.5364742279053,41.7527569252373,0,0,0,46.5531383861195,0,39.9949225119825,44.2452793121338,4.02256397503178,0,3.58582758903503,0,6.36413166966549,0,24.4812825146843,0,23.6341421512457,0,4.83004956112968,0,0,24.5196934654599,0,0,0,0,0,0,0,45.7328900423917,0,44.2484419287705,0,0,0,0,0,52.5151339939662,81.1192626953125,47.4940198262533,19.6866575214598,0,27.6063683721265,0,43.5256080627441
0,7.36991548538208,0,9.33456083122158,0,0,0,3.24496395247323,0,4.79152227945374,0,5.6494277885982,0,0,0,0,0,0,49.0812358856201,3.90988149215926,0,0,0,0,0,0,0,0,0,0,0,0,0,0,0,34.6633605957031,0,0,0,44.2664008140564,0,44.9955616512814,62.9434089660645,0,0,23.7183513641357,0,0,0,43.0234137142406,0,3.33907087940281,0,3.07524754155067,0,4.96709737994454,0,6.0771294267554,0,0,0,0,5.65010933459751,0,0,0,0,0,0,0,46.0540580749512,0,44.1522827148438,0,0,0,0,0,46.463152885437,0,0,0,5.51305847951811,30.8963184356689,13.3118351632027,45.5035781860352,0
0,0,0,0,0,0,0,0,0,0,5.05632749944925,0,3.20450679461161,0,0,0,0,0,0,0,0,0,0,0,0,0,0,0,0,0,0,0,0,0,0,0,0,0,0,0,0,0,0,0,0,0,0,0,0,0,3.585688829422,0,3.1193102200826,0,0,0,4.58978310946761,0,2.95632934570312,0,0,0,0,0,0,0,0,0,0,0,0,0,0,0,0,0,0,0,0,0,0,0,0,0,0,0,0
0,0,0,0,0,3.24496395247323,0,0,0,0,0,4.35105067203479,0,0,0,0,0,0,0,4.17326953100122,0,0,0,0,0,0,0,0,0,0,0,0,0,0,0,0,0,0,0,0,0,0,0,0,0,0,0,0,0,0,0,2.91203611547297,0,3.21989588303999,0,0,0,3.64633508884546,0,0,0,0,7.56202019423973,0,0,0,0,0,0,0,0,0,0,0,0,0,0,0,0,0,0,0,3.43673437706968,0,0,0,0
9.61082593040287,0,7.96641911749254,0,7.17546904327085,0,0,0,0,0,0,0,0,0,3.13056845199771,0,3.87356167489832,0,41.597673034668,0,13.0914211273193,0,0,0,6.35230326652527,0,3.35141784804208,0,0,0,0,0,0,0,0,0,29.5027618408203,0,7.90258048981735,0,72.1348991394043,53.5195503234863,33.0806285215147,0,0,0,42.940637588501,0,13.2060233888955,0,8.06475631863463,0,0,0,5.5677480470445,0,38.8440976142883,0,28.2861614227295,0,5.35980853308802,0,0,37.0890865325928,0,0,0,8.25407430287954,0,4.21980857849121,0,46.9823598861694,0,43.1894320437783,0,0,0,0,0,56.3011805216471,0,10.7861364383202,7.45154805180456,37.7008752822876,18.8621319014365,0,20.4223871231079
0,5.08284449012359,0,7.28357232614342,0,4.79152227945374,0,0,0,0,0,0,0,0,0,3.18021266600665,44.7405634793368,19.2765949663996,33.0321998596191,0,0,0,0,6.60216854290409,0,2.99394664764404,0,0,0,0,0,0,0,0,0,0,0,8.1205255836737,0,0,0,15.0014162699382,0,0,0,0,0,0,0,7.3150427201215,0,5.69535552978516,0,0,0,5.42106990602181,0,0,0,0,0,4.12423619883401,0,0,0,0,6.30537203334322,0,7.44374720255534,0,0,0,0,0,0,0,23.1616325378418,0,0,103.384590148926,10.9909135189111,0,6.2999335446141,4.75709447860718,5.60017853097108,0,0
0,0,0,0,0,0,5.05632749944925,0,0,0,0,0,3.68385100364685,0,0,0,0,0,0,0,6.4888447481142,0,0,0,0,0,0,0,3.47305846390901,0,11.0435971648265,0,0,0,0,0,4.2425712622129,0,5.84859989871498,0,0,0,0,0,0,0,0,0,0,0,0,0,3.37726679444313,0,0,0,6.42147300667659,0,4.63242209483595,0,0,0,0,3.69542198181152,0,0,0,0,0,0,0,0,0,14.1663175709006,0,0,0,0,0,6.12342882156372,0,25.6295645864386,6.16981953940368,0,10.2883418277629,0,0
0,0,0,0,0,5.6494277885982,0,4.35105067203479,0,0,0,0,0,3.12724422525477,0,0,0,0,0,5.34661632667322,0,0,0,0,0,0,0,2.87051383654277,0,5.0681427228365,0,0,0,0,0,3.68391232992473,0,4.46367055806682,0,0,0,0,0,0,0,0,0,0,0,0,0,6.72370529174805,0,3.36863303184509,0,0,0,6.73635618626197,0,3.18409159727264,0,0,5.96783537994563,0,0,0,0,0,0,0,0,0,8.61237439004386,0,0,0,0,0,5.92235649463742,0,6.1460482946464,0,4.61974542192916,0,9.06069626808167,0,0
0,0,0,0,0,0,3.20450679461161,0,0,0,3.68385100364685,0,0,0,2.91867089271545,0,0,0,0,0,0,0,0,0,0,0,25.6568784713745,0,3.86175187259701,0,0,0,0,0,0,0,0,0,0,0,0,0,0,0,0,0,0,0,0,0,0,0,0,0,0,0,6.57175099849701,0,5.62025031249516,0,0,0,0,0,0,0,0,0,0,14.3204069137573,0,9.57458212971687,0,0,0,0,0,0,0,0,0,0,3.9006703797873,2.86964359283447,0,0,0
0,0,0,0,0,0,0,0,0,0,0,3.12724422525477,0,0,0,3.13321097691854,0,0,0,0,0,0,0,0,0,8.88491826308401,0,6.05819633732671,0,4.88638204686782,0,0,0,0,0,0,0,0,0,0,0,0,0,0,0,0,0,0,0,0,0,0,0,0,0,0,0,3.03806886076927,0,4.42403573388896,0,4.18070536851883,0,0,0,0,0,0,7.63529270717076,0,7.9278461712378,0,0,0,0,0,0,0,0,0,0,0,5.30441086432513,0,0,0,0
7.1741156578064,0,0,0,0,0,0,0,3.13056845199771,0,0,0,2.91867089271545,0,0,0,11.9053143092564,0,0,0,0,0,0,0,0,0,5.23043462965224,0,0,0,0,0,0,0,0,0,0,0,0,0,0,0,0,0,0,0,0,0,16.2396583557129,0,2.84144961833954,0,0,0,4.11035243034363,0,0,0,2.73624682426453,0,4.09208389590768,0,0,0,0,0,0,8.42986965179443,0,5.48669910430908,0,0,0,0,0,0,0,0,0,0,0,0,3.98221887928425,2.95860389868418,0,0,0
0,0,0,0,0,0,0,0,0,3.18021266600665,0,0,0,3.13321097691854,0,0,0,0,0,0,0,0,0,0,0,0,0,0,0,0,0,0,0,0,0,0,0,0,0,0,0,0,0,0,0,0,0,0,0,0,0,0,0,0,0,3.39308151900768,0,0,0,3.17471039295197,0,3.47568190097809,0,0,0,0,0,0,0,0,0,0,0,0,0,0,0,0,0,0,0,0,2.82512693405151,0,0,0,0
5.48558664321899,0,0,85.8142242431641,74.5081405639648,0,0,0,3.87356167489832,44.7405634793368,0,0,0,0,11.9053143092564,0,0,24.2347714867861,24.4133192119601,0,0,0,3.86326583057431,26.2403374840232,5.13645366980479,63.6418609619141,5.22759033773766,0,0,0,0,0,0,0,0,83.1039657592773,0,0,11.880906867981,74.6549190023671,72.8708668663388,59.9736915256666,49.1239040919713,0,0,80.9817123413086,63.213188012441,0,66.8427734375,78.3278579711914,0,66.1303329467773,0,0,6.53425693511963,0,0,0,0,0,9.70456504821777,0,82.094165802002,75.0000426348518,0,3.3435845436721,0,7.39575121035943,0,7.64524366060893,0,0,78.0394096374512,89.2157611846924,0,0,0,0,85.6084979728416,76.8753583676347,92.1158681597028,77.9991200764974,17.4229208866886,4.43484744969864,50.7912117896541,68.0381898880005,42.3640247344971
33.0636177062988,41.7995929718018,0,54.7112197875977,0,0,0,0,0,19.2765949663996,0,0,0,0,0,0,24.2347714867861,0,23.3737077165511,0,0,0,0,11.2505582610115,0,7.3975248336792,0,0,0,0,0,0,0,0,0,95.5990753173828,0,0,0,66.8085566150899,77.4051976203918,56.7368046760559,64.0586231600854,0,0,75.2674840291341,72.7495389665876,0,79.0709686279297,0,0,0,0,0,0,0,0,59.159049987793,0,0,0,0,70.3334986368815,88.4937349955241,0,0,0,0,2.79290249612596,0,0,0,76.7455978393555,90.2765007019043,0,0,0,0,76.9063361595417,83.8659883386948,74.4049604079303,96.8792495727539,15.0691124425865,5.85821204174023,58.9000578184386,49.4462856292725,54.1987462724958
9.86164236068726,14.9127419676099,61.4735832214355,43.7862110137939,56.4360641479492,49.0812358856201,0,0,41.597673034668,33.0321998596191,0,0,0,0,0,0,24.4133192119601,23.3737077165511,0,0,0,0,0,24.5411418914795,0,0,0,0,0,0,0,0,0,0,0,69.6822651454381,73.4372056325277,0,0,44.6660140194363,39.0838314652655,23.4992376602426,23.2701209716,15.6588293896165,9.70258712768555,47.2426676861075,41.3331640992996,25.4960308074951,39.331274538624,54.9706623770974,46.1340026855469,55.2153015136719,0,0,0,0,41.7643715540568,32.3973015679253,45.1297963460286,0,0,0,48.9254612059105,48.6276072230419,0,0,0,0,0,0,56.4353642463684,45.5466920679266,41.9163137518841,38.8448896106921,0,0,0,0,49.928907484035,48.0450969297927,39.6339071747382,37.0126576580352,16.2345803592229,31.2753583635603,28.6427795323984,18.7353636987612,16.127599570301
0,0,0,0,0,3.90988149215926,0,4.17326953100122,0,0,0,5.34661632667322,0,0,0,0,0,0,0,0,0,0,0,0,0,0,0,0,0,0,0,0,0,0,0,4.86624032668687,0,4.40870481002622,0,48.0523071289062,0,43.415901184082,0,0,0,15.4592695236206,0,0,0,0,0,0,0,3.80853962898254,0,0,0,6.25489005621742,0,0,0,0,5.47838425345537,0,0,0,0,0,55.264575958252,0,34.2929420471191,0,32.9366121292114,0,0,0,0,0,8.13728768165379,0,9.60175739015852,0,3.67260747797349,25.1096172332764,6.57075616291591,0,0
0,0,0,0,5.3683613565233,0,0,0,13.0914211273193,0,6.4888447481142,0,0,0,0,0,0,0,0,0,0,0,0,0,0,0,0,0,0,0,0,0,0,0,0,0,6.37358962164985,0,7.079266777745,0,0,0,0,0,0,0,15.7272242969937,0,0,0,0,0,12.263637112033,0,12.79225730896,0,6.82049714001742,0,0,0,0,0,0,9.25279636069348,0,0,0,0,0,0,0,0,0,50.5556182861328,0,0,0,0,0,10.3079690132568,0,13.5456295285906,3.73054869174957,0,2.85032323690561,0,0
0,0,0,0,0,0,0,0,0,0,0,0,0,0,0,0,0,0,0,0,0,0,6.9069283587592,5.24392639029594,0,4.40748660704669,0,3.46625757331483,0,0,0,0,0,0,0,0,0,4.80586608837451,0,0,0,0,0,0,0,0,0,19.9339660008748,0,8.14450738409988,0,0,0,0,0,0,0,0,0,0,0,0,0,0,4.88448367645491,0,5.25567900894472,0,4.62448022932215,0,4.41940069198608,0,26.0610876083374,0,0,0,0,0,0,0,8.62643006583988,0,4.86541433734562,7.53506889126518,49.1630172729492,0,0
0,0,0,0,0,0,0,0,0,0,0,0,0,0,0,0,3.86326583057431,0,0,0,0,6.9069283587592,0,0,6.68268876961569,0,5.43439432715072,0,4.13258883440606,0,0,0,0,0,0,0,0,0,7.93188056908548,0,0,0,0,0,0,0,0,26.7226151360406,10.0580560228099,0,0,0,0,0,0,0,31.0955786023821,0,0,0,0,0,0,0,10.7295242439617,4.670291163683,0,8.80965643406587,0,6.91366124792197,0,7.86785558417991,0,0,0,0,0,0,0,0,0,11.8893160230279,4.03889970163176,5.05723142024106,23.2563304901123,0,0
0,18.6587972640991,0,0,0,0,0,0,0,6.60216854290409,0,0,0,0,0,0,26.2403374840232,11.2505582610115,24.5411418914795,0,0,5.24392639029594,0,0,0,4.85986688091579,0,0,0,0,0,0,0,0,0,0,0,4.2927890643673,0,0,0,0,0,0,0,0,0,0,0,5.69317222541233,0,0,0,0,0,5.27824393699044,0,0,0,0,0,0,0,0,6.91418112788284,0,3.95975738059945,0,4.41511996381837,0,0,0,0,0,0,0,0,0,0,0,6.72740777118786,0,5.65583405445019,0,6.41580296207119,0,0
11.6428007125854,0,26.0650091171265,0,0,0,0,0,6.35230326652527,0,0,0,0,0,0,0,5.13645366980479,0,0,0,0,0,6.68268876961569,0,0,0,4.6588950376401,0,0,0,0,0,0,0,0,0,0,0,6.42602856805711,0,0,0,6.74305534362793,0,0,0,0,16.3445432980855,9.31666374206543,0,0,0,0,0,8.98622742477728,0,25.9679465293884,0,0,0,14.0853096008301,0,0,0,0,7.0195614767377,0,4.92875055253036,0,5.69583119874012,0,17.7967915005154,0,0,0,0,0,0,0,0,0,8.33773446487168,5.16817914695804,16.5274880925814,7.83515753435052,0,54.1975440979004
0,0,0,0,0,0,0,0,0,2.99394664764404,0,0,0,8.88491826308401,0,0,63.6418609619141,7.3975248336792,0,0,0,4.40748660704669,0,4.85986688091579,0,0,0,7.72014694213867,0,0,0,0,0,0,0,0,0,0,0,0,0,0,0,0,0,0,0,0,0,0,0,0,0,0,0,0,0,0,0,5.72588579471295,0,11.1948347091675,0,0,5.30110729441923,0,4.73189818064372,0,4.73554524921236,0,6.07721126344469,0,0,0,0,0,0,0,0,0,0,0,4.65155320167541,0,0,0,0
0,0,0,0,0,0,0,0,3.35141784804208,0,0,0,25.6568784713745,0,5.23043462965224,0,5.22759033773766,0,0,0,0,0,5.43439432715072,0,4.6588950376401,0,0,0,4.95863075256348,0,0,0,0,0,0,0,0,0,0,0,0,0,0,0,0,0,0,0,0,0,0,0,0,0,0,0,0,0,16.2955796901996,0,14.5282452756708,0,0,0,0,10.0581087231636,0,4.6840804554522,0,5.407933633611,0,6.04894517262777,0,0,0,0,0,0,0,0,0,0,5.179818166386,0,0,0,0
0,0,0,0,0,0,0,0,0,0,0,2.87051383654277,0,6.05819633732671,0,0,0,0,0,0,0,3.46625757331483,0,0,0,7.72014694213867,0,0,0,3.37377295934636,0,0,0,0,0,0,0,3.26371633529663,0,0,0,0,0,0,0,0,0,0,0,0,0,0,0,0,0,0,0,0,0,6.07532597751152,0,0,0,0,4.17736258506775,0,0,0,10.1579894760782,0,4.58939094050559,0,3.51173041779318,0,0,0,0,0,0,0,11.0581979751587,0,4.14992510329845,0,0,0,0
0,0,0,0,0,0,0,0,0,0,3.47305846390901,0,3.86175187259701,0,0,0,0,0,0,0,0,0,4.13258883440606,0,0,0,4.95863075256348,0,0,0,5.93437140220113,0,0,0,0,0,0,0,4.9690914103445,0,0,0,0,0,0,0,0,0,0,0,0,0,0,0,0,0,3.65626792575038,0,6.78434376205717,0,10.8583989739418,0,0,0,0,5.67438425620397,0,0,0,7.27073231146369,0,5.91921344762126,0,10.6251374721527,0,0,0,0,0,0,0,8.42526531219482,3.24524362159498,4.01688385009766,0,0,0
0,0,0,0,0,0,0,0,0,0,0,5.0681427228365,0,4.88638204686782,0,0,0,0,0,0,0,0,0,0,0,0,0,3.37377295934636,0,0,0,0,0,0,0,0,0,3.93102083907408,0,0,0,0,0,0,0,0,0,0,0,0,0,0,0,0,0,0,0,11.1422556971644,0,13.8675640651158,0,0,0,0,0,0,0,0,0,0,5.33956622109642,0,5.88132744361982,0,0,0,0,0,0,0,7.10530255376831,0,4.25656023025513,0,0,0,0
0,0,0,0,0,0,0,0,0,0,11.0435971648265,0,0,0,0,0,0,0,0,0,0,0,0,0,0,0,0,0,5.93437140220113,0,0,0,0,0,0,0,0,0,5.13701910943296,0,0,0,0,0,0,0,0,0,0,0,0,0,0,0,0,0,16.326845690608,0,0,0,0,0,0,0,0,0,0,0,0,0,0,3.662213368494,0,6.60549071294138,0,0,0,0,0,0,0,5.9263026373727,6.4821401586627,0,0,0,0
0,0,0,0,0,0,0,0,0,0,0,0,0,0,0,0,0,0,0,0,0,0,0,0,0,0,0,0,0,0,0,0,3.48006355762482,3.86294951438904,0,3.41635573746865,0,0,0,0,0,0,0,0,0,0,0,4.97733479546316,15.0935669506297,4.69618519147237,0,0,0,0,0,0,0,0,0,0,0,0,0,0,0,0,0,0,0,0,0,0,0,0,9.06385981599393,4.59561763311687,0,0,4.26979110999541,15.9442253112793,0,0,6.91651728749275,0,7.2039125363032,0,0
0,0,0,0,0,0,0,0,0,0,0,0,0,0,0,0,0,0,0,0,0,0,0,0,0,0,0,0,0,0,0,3.48006355762482,0,0,4.84810618311167,0,2.85909495221244,0,0,0,0,0,0,0,0,0,0,4.87115147471428,3.50495902697245,0,0,0,0,0,0,0,0,0,0,0,0,0,0,0,0,0,0,0,0,0,0,0,0,0,0,5.84150358929354,0,6.45269062519074,19.0551204681396,6.71293628399189,0,0,2.88307466005024,0,8.40533800125122,0,0
0,0,0,0,0,0,0,0,0,0,0,0,0,0,0,0,0,0,0,0,0,0,0,0,0,0,0,0,0,0,0,3.86294951438904,0,0,4.00690039307554,3.20342736502728,0,8.71194700780122,0,0,0,0,0,0,0,0,0,4.63681947679684,14.7364645004272,9.58435423686126,0,0,0,0,0,0,0,0,0,0,0,0,0,0,26.8754787445068,0,0,0,0,0,0,0,0,0,8.44846039069326,9.28387451171875,4.03761005352215,3.82269924465973,5.34797555653017,0,8.39212643003652,0,4.15895703943764,12.4422817230225,6.92991969896399,0,0
0,0,0,0,0,0,0,0,0,0,0,0,0,0,0,0,0,0,0,0,0,0,0,0,0,0,0,0,0,0,0,0,4.84810618311167,4.00690039307554,0,0,4.77699516772471,0,6.42158496877941,0,0,0,0,0,0,0,0,4.75024307728813,8.26466019948324,0,0,0,0,0,0,0,0,0,0,0,0,0,0,0,0,0,0,0,0,0,0,0,0,0,0,5.03922188127196,6.18905099232992,4.57940620097057,0,7.54601090139742,0,6.75153304196664,3.09640512985437,2.9725691318512,17.5202217102051,0,0
0,57.4122562408447,0,22.4568996429443,0,34.6633605957031,0,0,0,0,0,3.68391232992473,0,0,0,0,83.1039657592773,95.5990753173828,69.6822651454381,4.86624032668687,0,0,0,0,0,0,0,0,0,0,0,3.41635573746865,0,3.20342736502728,0,0,2.82228565216064,6.56130875891923,0,66.3551843431261,0,47.4310336112976,88.0565795898438,53.8332799275716,0,12.5976794319314,0,10.7505498916384,23.2678428649902,40.6523350397746,0,33.9154062271118,0,0,0,0,0,18.0068713029226,0,0,0,0,9.71070369778762,0,0,0,0,0,0,0,47.9726559565618,0,43.2470970153809,0,4.13723095380343,0,5.46409332839882,0,7.10025637098602,7.59417152404785,6.03343316555023,0,7.74558031780569,75.0194778442383,15.905403696696,47.2303502009465,0
0,0,0,0,34.5882539749146,0,0,0,29.5027618408203,0,4.2425712622129,0,0,0,0,0,0,0,73.4372056325277,0,6.37358962164985,0,0,0,0,0,0,0,0,0,0,0,2.85909495221244,0,4.77699516772471,2.82228565216064,0,0,5.54724589089553,0,0,0,55.7967610677083,0,0,0,15.0621356010437,10.764392808864,27.3560861042568,25.5206756591797,0,0,0,0,0,0,9.27876977359547,0,25.4920624324254,0,0,0,0,8.76825222701285,0,0,0,0,0,0,0,50.3403076171875,0,48.8563135932474,0,4.30988636057256,0,7.08014623675726,2.96337497234344,6.82934084455373,0,8.50550286509631,6.54311813557814,2.77565272649129,15.6976118398991,0,50.0395126342773
0,0,0,0,0,0,0,0,0,8.1205255836737,0,4.46367055806682,0,0,0,0,0,0,0,4.40870481002622,0,4.80586608837451,0,4.2927890643673,0,0,0,3.26371633529663,0,3.93102083907408,0,0,0,8.71194700780122,0,6.56130875891923,0,0,3.58375534547114,45.781099319458,0,51.1291783650716,88.0202407836914,0,0,21.8114625757391,0,5.57378399003812,0,6.73188424565024,0,0,0,0,0,10.7198333819707,0,5.26650889979468,0,0,0,0,17.6662244044694,0,7.97026352970688,0,5.92768679924731,0,0,0,4.71605229838014,0,8.58682604038969,0,0,0,9.20856673419476,8.84968996047974,7.54027234825525,0,5.91792549404713,5.68499547936196,6.33579095304637,8.29982693571793,4.15627292006515,21.6440467834473,0
17.266393661499,0,27.0094221115112,0,0,0,0,0,7.90258048981735,0,5.84859989871498,0,0,0,0,0,11.880906867981,0,0,0,7.079266777745,0,7.93188056908548,0,6.42602856805711,0,0,0,4.9690914103445,0,5.13701910943296,0,0,0,6.42158496877941,0,5.54724589089553,3.58375534547114,0,0,0,0,22.0084554195404,0,0,0,14.7687179247538,7.97937579436969,7.14531622804361,0,37.1516876220703,0,0,0,8.82964043721665,0,7.90652871131897,0,32.4188739776611,0,0,0,0,17.4951460746027,0,5.99355156767984,0,9.38572604414346,0,0,0,21.9921274185181,0,4.93885573413637,0,0,0,7.4722177318242,0,8.82057613597197,3.21104771249435,5.84573421971663,7.47579301222047,5.4983991695487,7.79145077346028,0,12.8365573883057
0,0,0,36.9458973748343,0,44.2664008140564,0,0,0,0,0,0,0,0,0,0,74.6549190023671,66.8085566150899,44.6660140194363,48.0523071289062,0,0,0,0,0,0,0,0,0,0,0,0,0,0,0,66.3551843431261,0,45.781099319458,0,0,93.9583282470703,23.3899652278053,79.040589650472,29.2102352030137,0,28.9164734730505,82.4138412475586,4.28644258467877,0,11.1431113334376,0,55.144905090332,0,0,0,0,0,47.024072265625,0,0,0,0,14.6464566596029,83.7382074991862,72.0074096679687,0,0,0,64.1366081237793,0,56.8510814357448,0,51.3166763856239,0,0,0,0,0,26.2711995225434,95.885920388358,47.0358963801827,0,45.2639200774717,42.5418538180265,21.48123862504,26.4375200470807,0
0,0,49.9186452229818,0,46.9354044596354,0,0,0,72.1348991394043,0,0,0,0,0,0,0,72.8708668663388,77.4051976203918,39.0838314652655,0,0,0,0,0,0,0,0,0,0,0,0,0,0,0,0,0,0,0,0,93.9583282470703,0,38.8286096572876,23.8338834577902,0,25.7342834472656,0,31.8376303690451,6.43375296062893,11.8962933990241,0,38.7812805175781,0,0,0,36.0342979431152,0,38.3095814387004,0,33.4565625190735,0,0,0,89.8595657348633,10.5518870903141,0,0,0,0,0,0,0,57.5379397074381,0,55.7247340990149,0,0,0,0,72.1345520019531,34.8232454333194,0,14.7605604841596,52.9823149656638,46.0544471740723,18.2661066865588,49.3219604492188,24.6619095142071
0,18.1964272072441,42.774715423584,29.0500248279496,52.5364742279053,44.9955616512814,0,0,53.5195503234863,15.0014162699382,0,0,0,0,0,0,59.9736915256666,56.7368046760559,23.4992376602426,43.415901184082,0,0,0,0,0,0,0,0,0,0,0,0,0,0,0,47.4310336112976,0,51.1291783650716,0,23.3899652278053,38.8286096572876,0,12.4951827175785,17.5517450098721,0,30.0101964473724,27.613192484929,13.9299932420254,36.2233517964681,16.8069566609643,0,43.5928858588724,0,0,0,0,0,22.8656702252883,45.2503356933594,0,0,0,29.1257959973937,36.1998634338379,47.4368812854473,0,0,0,35.9321525891622,0,31.0061689727711,61.9888572692871,37.249448147687,60.8424161275228,0,0,0,0,28.0324724038187,70.637132471258,34.0236323807401,57.1774749755859,19.3594904540062,32.3386708960686,18.9561045549634,9.72819500060914,25.6848411560059
28.8473942385518,0,29.379188213192,0,41.7527569252373,62.9434089660645,0,0,33.0806285215147,0,0,0,0,0,0,0,49.1239040919713,64.0586231600854,23.2701209716,0,0,0,0,0,6.74305534362793,0,0,0,0,0,0,0,0,0,0,88.0565795898438,55.7967610677083,88.0202407836914,22.0084554195404,79.040589650472,23.8338834577902,12.4951827175785,0,0,16.3471163113912,0,23.8165462353935,11.074926934459,17.7560944920245,18.5871982574463,43.4978250776018,0,0,0,40.0663868939435,0,30.0963851128015,0,36.0621639297394,0,47.6313521067301,0,65.7157363891602,31.1377839219981,0,0,0,0,0,0,0,27.6993502008985,89.8899002075195,28.7404505143461,0,0,0,0,80.1888370513916,30.5029884228241,81.180534362793,30.7853264534796,19.241642917854,35.6609917940014,18.313921966918,44.0226694742839,10.2473855911899
0,0,0,35.4596195220947,0,0,0,0,0,0,0,0,0,0,0,0,0,0,15.6588293896165,0,0,0,0,0,0,0,0,0,0,0,0,0,0,0,0,53.8332799275716,0,0,0,29.2102352030137,0,17.5517450098721,0,0,0,35.8693854014079,0,0,0,0,0,0,0,0,0,0,0,0,0,0,0,0,41.9917807579041,0,0,0,0,0,0,0,53.774299621582,0,0,0,0,0,0,0,38.9937041660525,0,31.1907329559326,0,20.5161693890889,17.3486032485962,13.739997987394,15.9826322555542,0
0,0,0,0,0,0,0,0,0,0,0,0,0,0,0,0,0,0,9.70258712768555,0,0,0,0,0,0,0,0,0,0,0,0,0,0,0,0,0,0,0,0,0,25.7342834472656,0,16.3471163113912,0,0,0,0,0,0,0,0,0,0,0,0,0,0,0,0,0,0,0,0,0,0,0,0,0,0,0,0,0,0,0,0,0,0,0,60.2482109069824,46.0912933349609,0,0,8.80816062291463,0,7.01772871017456,0,0
0,0,0,15.5908449490865,0,23.7183513641357,0,0,0,0,0,0,0,0,0,0,80.9817123413086,75.2674840291341,47.2426676861075,15.4592695236206,0,0,0,0,0,0,0,0,0,0,0,0,0,0,0,12.5976794319314,0,21.8114625757391,0,28.9164734730505,0,30.0101964473724,0,35.8693854014079,0,0,107.034393310547,36.6534080505371,0,42.1535105109215,0,51.5570240020752,0,0,0,0,0,28.7024111314253,0,0,0,0,12.3157526086922,0,55.8831058078342,0,0,0,53.5388768513997,0,41.6020168646788,0,34.1520097360378,0,0,0,0,0,18.9430759015691,108.977363586426,17.6521877238379,0,22.411527953197,0,14.9453794683729,37.0944469451904,0
0,0,44.6206855773926,0,46.5531383861195,0,0,0,42.940637588501,0,0,0,0,0,0,0,63.213188012441,72.7495389665876,41.3331640992996,0,15.7272242969937,0,0,0,0,0,0,0,0,0,0,0,0,0,0,0,15.0621356010437,0,14.7687179247538,82.4138412475586,31.8376303690451,27.613192484929,23.8165462353935,0,0,107.034393310547,0,56.0254974365234,46.8947904450553,0,34.119380569458,0,0,0,34.9046669006348,0,35.7412752824671,0,32.8959530421666,0,34.8705930709839,0,0,13.5480672096109,0,0,0,0,0,0,0,45.1517979015004,0,44.0053808844868,0,0,0,0,96.8070877075195,27.8028543538358,75.301326751709,17.4457322715954,50.2511413125431,37.3901489257812,26.0960652487619,46.5927772521973,41.7423946674053
28.1670684814453,0,0,41.4935695648193,0,0,0,0,0,0,0,0,0,0,0,0,0,0,25.4960308074951,0,0,19.9339660008748,26.7226151360406,0,16.3445432980855,0,0,0,0,0,0,4.97733479546316,4.87115147471428,4.63681947679684,4.75024307728813,10.7505498916384,10.764392808864,5.57378399003812,7.97937579436969,4.28644258467877,6.43375296062893,13.9299932420254,11.074926934459,0,0,36.6534080505371,56.0254974365234,0,7.86220572905081,7.84199122561663,0,0,0,0,0,0,63.188159942627,51.5618782043457,0,0,0,0,0,0,23.2696300506592,25.4566551844279,0,18.5830399195353,0,0,63.9635223388672,69.2803497314453,58.1718654632568,0,5.14555214407656,4.07835754454382,4.12911973305798,4.63170900183209,5.74062938913232,7.05976206099081,9.17069609388173,7.99136365220902,6.95157359629223,6.86843921457018,8.62092560858921,0,0
5.91127701239152,0,13.8483542657234,36.8248519897461,39.9949225119825,0,0,0,13.2060233888955,0,0,0,0,0,16.2396583557129,0,66.8427734375,79.0709686279297,39.331274538624,0,0,0,10.0580560228099,0,9.31666374206543,0,0,0,0,0,0,15.0935669506297,3.50495902697245,14.7364645004272,8.26466019948324,23.2678428649902,27.3560861042568,0,7.14531622804361,0,11.8962933990241,36.2233517964681,17.7560944920245,0,0,0,46.8947904450553,7.86220572905081,0,12.6726713222127,23.6140072054979,53.0378074645996,0,0,9.17364413870705,0,13.7234596058726,0,21.8907353590275,0,6.72120042336293,0,0,32.1901250241408,0,5.1375677241575,0,6.22810681966635,0,6.5155913848503,0,8.08150414276407,0,19.296568303549,15.7149699317084,4.80205980936686,0,7.46062903404236,17.3754315192883,10.6458273587647,0,7.47721952285493,12.210672380231,49.668691771371,10.1746066095273,0,24.9605393182664
0,6.69115130943842,0,15.7481336626973,44.2452793121338,43.0234137142406,0,0,0,7.3150427201215,0,0,0,0,0,0,78.3278579711914,0,54.9706623770974,0,0,8.14450738409988,0,5.69317222541233,0,0,0,0,0,0,0,4.69618519147237,0,9.58435423686126,0,40.6523350397746,25.5206756591797,6.73188424565024,0,11.1431113334376,0,16.8069566609643,18.5871982574463,0,0,42.1535105109215,0,7.84199122561663,12.6726713222127,0,0,20.0839205682278,0,0,0,7.8521293848753,0,14.4493006310187,45.7580642700195,4.46446902018327,0,6.17510159015656,31.6629299841636,0,8.72166168105479,0,5.61014300338493,0,9.73652100153395,0,7.87497412115688,57.6135940551758,15.1680421536309,60.9035377502441,4.56332861809503,0,0,0,8.55059942952997,63.4221235911051,7.87172248907741,0,12.2328843435295,26.5194724339705,11.1567267750569,35.9097848619734,0
8.23168144226074,0,9.90761662872744,0,4.02256397503178,0,3.585688829422,0,8.06475631863463,0,0,0,0,0,2.84144961833954,0,0,0,46.1340026855469,0,0,0,0,0,0,0,0,0,0,0,0,0,0,0,0,0,0,0,37.1516876220703,0,38.7812805175781,0,43.4978250776018,0,0,0,34.119380569458,0,23.6140072054979,0,0,0,3.1597934961319,0,6.42899989783764,0,4.07738102972507,82.0730743408203,14.2852946387397,0,4.58695697180833,0,0,10.7298038721085,0,0,0,0,0,0,0,43.7344753265381,0,42.4183813730876,0,0,0,0,0,55.6160119374593,0,48.9297946583141,12.0854820449178,0,10.3649013090197,0,51.3361701965332
0,0,0,8.36283087594169,0,3.33907087940281,0,2.91203611547297,0,5.69535552978516,0,6.72370529174805,0,0,0,0,66.1303329467773,0,55.2153015136719,0,0,0,0,0,0,0,0,0,0,0,0,0,0,0,0,33.9154062271118,0,0,0,55.144905090332,0,43.5928858588724,0,0,0,51.5570240020752,0,0,53.0378074645996,20.0839205682278,0,0,0,3.25421943664551,0,5.21533222759471,0,6.16585257649422,0,4.32910344998042,0,3.69161103437613,5.21567964553833,0,0,0,0,0,0,0,50.9932298660278,0,44.8629650115967,0,0,0,0,0,75.4557075500488,0,47.8288602828979,0,5.53539658241531,0,15.9614125938826,46.1677678426107,0
0,0,0,0,3.58582758903503,0,3.1193102200826,0,0,0,3.37726679444313,0,0,0,0,0,0,0,0,0,12.263637112033,0,0,0,0,0,0,0,0,0,0,0,0,0,0,0,0,0,0,0,0,0,0,0,0,0,0,0,0,0,3.1597934961319,0,0,0,0,0,5.13233540886504,0,0,0,0,0,0,10.6584999731609,0,0,0,0,0,0,0,0,0,0,0,0,0,0,0,0,0,0,3.16968083381653,0,0,0,0
0,0,0,0,0,3.07524754155067,0,3.21989588303999,0,0,0,3.36863303184509,0,0,0,0,0,0,0,3.80853962898254,0,0,0,0,0,0,0,0,0,0,0,0,0,0,0,0,0,0,0,0,0,0,0,0,0,0,0,0,0,0,0,3.25421943664551,0,0,0,0,0,4.1213612360497,0,0,0,0,7.46142964527525,0,0,0,0,0,0,0,0,0,0,0,0,0,0,0,0,0,0,0,4.7612997514861,0,0,0,0
8.45638819346352,0,8.71429003530474,0,6.36413166966549,0,0,0,5.5677480470445,0,0,0,0,0,4.11035243034363,0,6.53425693511963,0,0,0,12.79225730896,0,0,0,8.98622742477728,0,0,0,0,0,0,0,0,0,0,0,0,0,8.82964043721665,0,36.0342979431152,0,40.0663868939435,0,0,0,34.9046669006348,0,9.17364413870705,0,6.42899989783764,0,0,0,0,0,0,0,0,0,3.94102068352543,0,0,19.3122816085815,0,0,0,6.96839550735286,0,3.28010189533234,0,0,0,42.4125356674194,0,0,0,0,0,51.179370880127,0,9.14161936685342,9.26037261413805,37.1313552856445,15.7883902162012,0,0
0,4.82809111861622,0,7.17534985920278,0,4.96709737994454,0,0,0,5.42106990602181,0,0,0,0,0,3.39308151900768,0,0,0,0,0,0,0,5.27824393699044,0,0,0,0,0,0,0,0,0,0,0,0,0,10.7198333819707,0,0,0,0,0,0,0,0,0,0,0,7.8521293848753,0,5.21533222759471,0,0,0,0,0,0,0,0,0,6.32539604363903,0,0,0,0,5.95071937252023,0,13.095493555069,0,0,0,0,0,0,0,0,0,0,0,10.2672555872131,0,7.1069426867697,0,7.43956244758695,0,0
0,0,28.3582322256906,0,24.4812825146843,0,4.58978310946761,0,38.8440976142883,0,6.42147300667659,0,6.57175099849701,0,0,0,0,0,41.7643715540568,0,6.82049714001742,0,31.0955786023821,0,25.9679465293884,0,0,0,3.65626792575038,0,16.326845690608,0,0,0,0,0,9.27876977359547,0,7.90652871131897,0,38.3095814387004,0,30.0963851128015,0,0,0,35.7412752824671,63.188159942627,13.7234596058726,0,4.07738102972507,0,5.13233540886504,0,0,0,0,0,6.37293066735995,0,9.38319713957358,0,0,14.24909190912,0,27.2628192901611,0,20.6552391846975,0,12.5934538079633,0,10.9626130909273,0,10.0192193264436,0,0,0,0,0,41.6760389759855,0,22.9654013937798,10.2972837761045,0,8.71678962688312,0,22.7216269175212
0,0,0,26.7397585974799,0,6.0771294267554,0,3.64633508884546,0,0,0,6.73635618626197,0,3.03806886076927,0,0,0,59.159049987793,32.3973015679253,6.25489005621742,0,0,0,0,0,0,0,0,0,11.1422556971644,0,0,0,0,0,18.0068713029226,0,5.26650889979468,0,47.024072265625,0,22.8656702252883,0,0,0,28.7024111314253,0,51.5618782043457,0,14.4493006310187,82.0730743408203,6.16585257649422,0,4.1213612360497,0,0,0,0,0,5.70862015533875,0,10.1743273735046,12.4649128365002,0,31.680987517039,0,0,0,24.4661930149252,0,14.0482886855428,0,8.37472449206475,0,0,0,0,0,52.1521627902985,0,14.4600541915423,0,11.4447967761602,46.5416603088379,10.7121855809493,26.6132998033003,0
0,0,0,0,23.6341421512457,0,2.95632934570312,0,28.2861614227295,0,4.63242209483595,0,5.62025031249516,0,2.73624682426453,0,0,0,45.1297963460286,0,0,0,0,0,0,0,16.2955796901996,0,6.78434376205717,0,0,0,0,0,0,0,25.4920624324254,0,32.4188739776611,0,33.4565625190735,45.2503356933594,36.0621639297394,0,0,0,32.8959530421666,0,21.8907353590275,45.7580642700195,14.2852946387397,0,0,0,0,0,6.37293066735995,0,0,0,6.65023206893621,0,0,18.7801493644714,0,0,0,19.2679777145386,0,11.0159057885281,0,6.93583702319962,0,37.0548270440871,0,0,0,0,0,42.5764311835879,0,0,10.5978663979155,0,15.0716254674821,0,0
0,0,0,2.72721099853516,0,0,0,0,0,0,0,3.18409159727264,0,4.42403573388896,0,3.17471039295197,0,0,0,0,0,0,0,0,0,5.72588579471295,0,6.07532597751152,0,13.8675640651158,0,0,0,0,0,0,0,0,0,0,0,0,0,0,0,0,0,0,0,4.46446902018327,0,4.32910344998042,0,0,0,0,0,5.70862015533875,0,0,0,3.18046219746272,15.5460901525286,0,26.0867557525635,0,17.0196933746338,0,9.50162809697267,0,5.78941404140382,0,11.7437915802002,0,0,0,0,0,40.1283073425293,0,0,0,5.16424034323011,0,7.32757557270139,0,0
5.04007277488708,0,0,0,4.83004956112968,0,0,0,5.35980853308802,0,0,0,0,0,4.09208389590768,0,9.70456504821777,0,0,0,0,0,0,0,14.0853096008301,0,14.5282452756708,0,10.8583989739418,0,0,0,0,0,0,0,0,0,0,0,0,0,47.6313521067301,0,0,0,34.8705930709839,0,6.72120042336293,0,4.58695697180833,0,0,0,3.94102068352543,0,9.38319713957358,0,6.65023206893621,0,0,0,0,0,0,0,0,23.4232583045959,0,7.52423246888114,0,7.08020370070999,0,40.1076908111572,0,0,0,0,0,61.8005256652832,0,43.3823318481445,4.28670819121671,0,23.5899899914151,0,0
0,5.78434153260856,0,2.94602680206299,0,0,0,0,0,4.12423619883401,0,0,0,4.18070536851883,0,3.47568190097809,0,0,0,0,0,0,0,0,0,11.1948347091675,0,0,0,0,0,0,0,0,0,0,0,0,0,0,0,0,0,0,0,0,0,0,0,6.17510159015656,0,3.69161103437613,0,0,0,6.32539604363903,0,10.1743273735046,0,3.18046219746272,0,0,0,0,0,0,7.44918654023147,0,6.1209838444846,0,7.32223602930705,0,0,0,0,0,0,0,0,0,0,0,0,0,9.13959703445435,0,0
0,75.3777389526367,0,34.2423283259074,0,5.65010933459751,0,7.56202019423973,0,0,0,5.96783537994563,0,0,0,0,82.094165802002,70.3334986368815,48.9254612059105,5.47838425345537,0,0,0,0,0,0,0,0,0,0,0,0,0,0,0,9.71070369778762,0,17.6662244044694,0,14.6464566596029,89.8595657348633,29.1257959973937,65.7157363891602,41.9917807579041,0,12.3157526086922,0,0,0,31.6629299841636,0,5.21567964553833,0,7.46142964527525,0,0,0,12.4649128365002,0,15.5460901525286,0,0,0,79.6435928344727,44.155004969183,0,0,0,36.0033548322775,0,28.441639211592,0,24.1825398325404,0,0,0,0,0,11.6396371182725,88.0440856933594,18.3042588652198,98.3535842895508,14.9592445872047,40.8679847717285,16.4414716043281,36.1136217850905,0
63.7474746704102,0,52.9204864501953,0,24.5196934654599,0,0,0,37.0890865325928,0,3.69542198181152,0,0,0,0,0,75.0000426348518,88.4937349955241,48.6276072230419,0,9.25279636069348,0,0,0,0,0,0,0,0,0,0,0,0,0,0,0,8.76825222701285,0,17.4951460746027,83.7382074991862,10.5518870903141,36.1998634338379,31.1377839219981,0,0,0,13.5480672096109,0,32.1901250241408,0,10.7298038721085,0,10.6584999731609,0,19.3122816085815,0,14.24909190912,0,18.7801493644714,0,0,0,79.6435928344727,0,0,0,0,0,0,39.2696828842163,0,25.9708914970865,0,21.7461652922241,0,0,0,0,96.5311874389648,17.4820439715314,0,16.6509794866363,24.4706345976685,10.3356294631958,17.8140457792102,80.4273796081543,48.990100513805
0,0,0,51.3982444763184,0,0,0,0,0,0,0,0,0,0,0,0,0,0,0,0,0,4.88448367645491,10.7295242439617,6.91418112788284,0,5.30110729441923,0,4.17736258506775,0,0,0,0,0,26.8754787445068,0,0,0,7.97026352970688,0,72.0074096679687,0,47.4368812854473,0,0,0,55.8831058078342,0,23.2696300506592,0,8.72166168105479,0,0,0,0,0,0,0,31.680987517039,0,26.0867557525635,0,0,44.155004969183,0,0,0,5.17256070377575,0,6.20899913278786,0,8.16854814754372,0,20.691886878308,0,0,0,0,0,72.8168869018555,0,5.85242597512011,0,5.01955222096578,6.16810741424561,43.8660613092883,40.5085296630859,0
0,0,0,0,0,0,0,0,0,0,0,0,0,0,0,0,3.3435845436721,0,0,0,0,0,4.670291163683,0,7.0195614767377,0,10.0581087231636,0,5.67438425620397,0,0,0,0,0,0,0,0,0,5.99355156767984,0,0,0,0,0,0,0,0,25.4566551844279,5.1375677241575,0,0,0,0,0,0,0,27.2628192901611,0,0,0,0,0,0,0,0,0,0,8.83596477123563,0,6.63959783070708,0,9.09258748247073,0,0,0,0,0,0,0,0,0,7.28669204470078,4.32387618177077,3.37160968780518,19.1049842834473,0,0
0,5.25760257945341,0,0,0,0,0,0,0,6.30537203334322,0,0,0,0,0,0,0,0,0,0,0,5.25567900894472,0,3.95975738059945,0,4.73189818064372,0,0,0,0,0,0,0,0,0,0,0,5.92768679924731,0,0,0,0,0,0,0,0,0,0,0,5.61014300338493,0,0,0,0,0,5.95071937252023,0,0,0,17.0196933746338,0,7.44918654023147,0,0,5.17256070377575,0,0,0,4.93347819402533,0,8.21521472930908,0,0,0,0,0,0,0,0,0,6.1538377129184,0,4.66278804385144,0,5.47866726822457,0,0
24.3779716491699,0,0,0,0,0,0,0,8.25407430287954,0,0,0,0,0,8.42986965179443,0,7.39575121035943,0,0,0,0,0,8.80965643406587,0,4.92875055253036,0,4.6840804554522,0,0,0,0,0,0,0,0,0,0,0,9.38572604414346,0,0,0,0,0,0,0,0,18.5830399195353,6.22810681966635,0,0,0,0,0,6.96839550735286,0,20.6552391846975,0,19.2679777145386,0,23.4232583045959,0,0,0,0,8.83596477123563,0,0,0,8.39868717966853,0,14.3844448248545,0,0,0,0,0,0,0,0,0,7.53471725796683,7.72100770644267,0,7.32010743618011,0,0
0,8.85763835906982,0,47.2366218566895,0,0,0,0,0,7.44374720255534,0,0,0,7.63529270717076,0,0,0,2.79290249612596,0,55.264575958252,0,4.62448022932215,0,4.41511996381837,0,4.73554524921236,0,10.1579894760782,0,0,0,0,0,0,0,0,0,0,0,64.1366081237793,0,35.9321525891622,0,0,0,53.5388768513997,0,0,0,9.73652100153395,0,0,0,0,0,13.095493555069,0,24.4661930149252,0,9.50162809697267,0,6.1209838444846,36.0033548322775,0,6.20899913278786,0,4.93347819402533,0,0,0,8.62945194023575,0,20.2720432281494,0,0,0,0,0,63.5147042274475,0,0,0,6.13048785974172,0,26.0171265602112,33.971923828125,0
0,0,0,0,0,0,0,0,4.21980857849121,0,0,0,14.3204069137573,0,5.48669910430908,0,7.64524366060893,0,0,0,0,0,6.91366124792197,0,5.69583119874012,0,5.407933633611,0,7.27073231146369,0,0,0,0,0,0,0,0,0,0,0,0,0,0,0,0,0,0,0,6.5155913848503,0,0,0,0,0,3.28010189533234,0,12.5934538079633,0,11.0159057885281,0,7.52423246888114,0,0,39.2696828842163,0,6.63959783070708,0,8.39868717966853,0,0,0,7.03217442755429,0,0,0,0,0,0,0,52.3056335449219,0,59.8352546691895,2.8235405921936,0,16.1373652352227,0,0
0,47.211051940918,0,38.0416332327801,0,46.0540580749512,0,0,0,0,0,0,0,7.9278461712378,0,0,0,0,56.4353642463684,34.2929420471191,0,4.41940069198608,0,0,0,6.07721126344469,0,4.58939094050559,0,5.33956622109642,0,0,0,0,0,47.9726559565618,0,4.71605229838014,0,56.8510814357448,0,31.0061689727711,0,53.774299621582,0,41.6020168646788,0,63.9635223388672,0,7.87497412115688,0,50.9932298660278,0,0,0,0,0,14.0482886855428,0,5.78941404140382,0,7.32223602930705,28.441639211592,0,8.16854814754372,0,8.21521472930908,0,8.62945194023575,0,0,0,7.56046574435583,0,0,0,0,0,56.5447207415545,0,6.37914713900465,0,24.4246791971141,53.7794456481934,26.7145948456061,26.715877532959,0
0,0,33.401884247275,0,45.7328900423917,0,0,0,46.9823598861694,0,0,0,9.57458212971687,0,0,0,0,0,45.5466920679266,0,0,0,7.86785558417991,0,17.7967915005154,0,6.04894517262777,0,5.91921344762126,0,3.662213368494,0,0,0,0,0,50.3403076171875,0,21.9921274185181,0,57.5379397074381,61.9888572692871,27.6993502008985,0,0,0,45.1517979015004,69.2803497314453,8.08150414276407,57.6135940551758,43.7344753265381,0,0,0,0,0,10.9626130909273,0,6.93583702319962,0,7.08020370070999,0,0,25.9708914970865,0,9.09258748247073,0,14.3844448248545,0,7.03217442755429,0,0,0,7.17351361683437,0,0,0,0,0,56.6241233825684,0,4.68048728684248,20.2860934451475,23.5537965638297,12.0601268942257,0,24.3617134094238
0,0,0,32.6047968993316,0,44.1522827148438,0,0,0,0,0,8.61237439004386,0,0,0,0,78.0394096374512,76.7455978393555,41.9163137518841,32.9366121292114,0,26.0610876083374,0,0,0,0,0,3.51173041779318,0,5.88132744361982,0,0,0,0,0,43.2470970153809,0,8.58682604038969,0,51.3166763856239,0,37.249448147687,89.8899002075195,0,0,34.1520097360378,0,58.1718654632568,0,15.1680421536309,0,44.8629650115967,0,0,0,0,0,8.37472449206475,0,11.7437915802002,0,0,24.1825398325404,0,20.691886878308,0,0,0,20.2720432281494,0,7.56046574435583,0,0,0,0,0,0,0,56.106972595741,0,7.79940849508164,0,39.5192781970614,52.0922760009766,27.8684043689208,25.9184916891703,0
0,0,30.9902723630269,0,44.2484419287705,0,0,0,43.1894320437783,0,14.1663175709006,0,0,0,0,0,89.2157611846924,90.2765007019043,38.8448896106921,0,50.5556182861328,0,0,0,0,0,0,0,10.6251374721527,0,6.60549071294138,0,0,0,0,0,48.8563135932474,0,4.93885573413637,0,55.7247340990149,60.8424161275228,28.7404505143461,0,0,0,44.0053808844868,0,19.296568303549,60.9035377502441,42.4183813730876,0,0,0,42.4125356674194,0,10.0192193264436,0,37.0548270440871,0,40.1076908111572,0,0,21.7461652922241,0,0,0,0,0,0,0,7.17351361683437,0,0,0,0,0,0,99.9358787536621,58.2496981040138,0,9.60758549395349,31.877083787427,45.9299556507784,17.0375437267171,72.5829162597656,26.3250767280316
0,0,0,0,0,0,0,0,0,0,0,0,0,0,0,0,0,0,0,0,0,0,0,0,0,0,0,0,0,0,0,9.06385981599393,0,8.44846039069326,0,4.13723095380343,0,0,0,0,0,0,0,0,0,0,0,5.14555214407656,15.7149699317084,4.56332861809503,0,0,0,0,0,0,0,0,0,0,0,0,0,0,0,0,0,0,0,0,0,0,0,0,0,0,6.18756771370756,0,4.81769190728664,22.2049350738525,0,0,3.3824031162262,0,9.49478255785429,0,0
0,0,0,0,0,0,0,0,0,0,0,0,0,0,0,0,0,0,0,0,0,0,0,0,0,0,0,0,0,0,0,4.59561763311687,5.84150358929354,9.28387451171875,5.03922188127196,0,4.30988636057256,0,0,0,0,0,0,0,0,0,0,4.07835754454382,4.80205980936686,0,0,0,0,0,0,0,0,0,0,0,0,0,0,0,0,0,0,0,0,0,0,0,0,0,0,0,0,5.8974749877445,0,5.35603975041817,0,0,2.93277970113252,0,10.512300491333,0,0
0,0,0,0,0,0,0,0,0,23.1616325378418,0,0,0,0,0,0,0,0,0,0,0,0,0,0,0,0,0,0,0,0,0,0,0,4.03761005352215,6.18905099232992,5.46409332839882,0,9.20856673419476,0,0,0,0,0,0,0,0,0,4.12911973305798,0,0,0,0,0,0,0,0,0,0,0,0,0,0,0,0,0,0,0,0,0,0,0,0,0,0,6.18756771370756,0,0,0,6.93051913998873,0,6.05302468047252,0,3.71910242030495,0,0,0,0
0,0,0,0,0,0,0,0,0,0,0,0,0,0,0,0,0,0,0,0,0,0,0,0,0,0,0,0,0,0,0,0,6.45269062519074,3.82269924465973,4.57940620097057,0,7.08014623675726,8.84968996047974,7.4722177318242,0,0,0,0,0,0,0,0,4.63170900183209,7.46062903404236,0,0,0,0,0,0,0,0,0,0,0,0,0,0,0,0,0,0,0,0,0,0,0,0,0,0,5.8974749877445,0,0,0,7.43113882074911,0,7.94592593099973,7.67608020361513,5.80083106245313,15.1355195045471,0,0
