0,0,18.209671407938,0,0,0,0,0,312.244488745928,0,0,0,0,0,2.91401189565659,0,0.894783139228821,0,21.4486812874675,0,0,0,0,0,0,0,0,0,0,0,0,0,0,0,0,0,2.47924374789,0,0,0,2.6591622531414,0,60.4858237802982,0,0,0,0,0,194.31072203815,0,0,0,0,0,149.019502550364,0,0.89401051402092,0,0,0,74.8109431266785,0,0,0,0,0,0,0,0,0.450855284929276,0,0,0,1.99356007575989,0,0,0,0,0,6.84077680110931,0,3.36821764707565,4.9716195166111,0,138.631019458175,0,0.170021116733551
0,0,0,42.6054839491844,0,0,0,0,0,277.158107042313,0,0,0,0,0,3.18186420202255,0,0.175649166107178,14.4982607513666,0,0,0,0,0.428822815418243,0,0,0,0,0,0,0,0,0,0,0,0,0,0,0,2.22155940532684,1.44657683372498,117.432580113411,0,0,0,0,0,0,0,136.130137085915,0,0,0,0,0,405.967536449432,0,0.149029493331909,0,0.184869810938835,0,124.508754000068,0,0,0,0,13.9228258281946,0,2.83654978871346,0,0,0,5.84405805170536,0,0,0,0,0,4.24766858667135,0,0.436447441577911,0,38.5728601068258,0.145104840397835,148.794605076313,2.72031171619892,0
18.209671407938,0,0,0,2.91577203571796,0,0,0,36.1399682164192,0,1.27281987667084,0,0,0,0,0,0,0,4.6069069430232,0,0.126354172825813,0,0,0,0,0,0,0,0,0,0,0,0,0,0,0,4.68970833718777,0,0,0,3.65687422454357,0.160509273409843,280.902810581028,0,0,0,0.277153432369232,0,42.3902195990086,0,50.8808982372284,0,0,0,17.9485349655151,0,107.024186395109,0,0.374866276979446,0,15.2389590293169,0,0,18.5598718672991,0,0,0,0,0,0,0,1.47620134055614,0,102.418976768851,0,0,0,0,0,42.1101940125227,0,11.8157918006182,42.8178112283349,0,117.08864197135,0,5.26680345833302
0,42.6054839491844,0,0,0,99.6024996936321,0,0,0,61.6100328415632,0,0,0,0,0,0.769633740186691,0,0,0,0,0,0,0,0,0,0,0,0,0,0,0,0,0,0,0,0,0,0,0,0,0,296.068249098957,0,0,0,0,0,0,0,15.0726874768734,0,205.535219147801,0,0,0,221.882272228599,0,90.1860955953598,0,21.8556661009789,0,265.400280982256,5.69844302535057,0,0,0,0,0,0,0,0,0,61.980953797698,0,0,0,0,0,1.06829406321049,0,0,0,8.87579351663589,0.267801761627197,239.378100782633,12.0257084369659,0
0,0,2.91577203571796,0,0,0,2.46876311302185,0,5.81842738389969,0,0,0,13.7468431591988,0,28.872044980526,0,0,0,0,0,0.448419451713562,0,0,0,0,0,0,0,0,0,0,0,0,0,0,0,0,0,0,0,0,0,0,0,0,0,0,0,0,0,428.846254944801,0,89.1997546553612,0,61.1527077555656,0,3.19945693016052,0,164.05058246851,0,30.5344219505787,0,0,0,0,0,0,0,0,0,0,0,0,0,0,0,0,0,0,0,0,0,67.7880562990904,0,8.4007243514061,0,0
0,0,0,99.6024996936321,0,0,0,0,0,60.6417469084263,0,0,0,74.6819190979004,0,0,0,0,0,0,0,0,0,0,0,0,0,0,0,0,0,0,0,0,0,0,0,0,0,0,0,0.685294210910797,0,0,0,0,0,0,0,0,0,123.356087982655,0,0,0,4.82355725765228,0,0,0,0,0,0,0,0,0,0,0,0,0,0,0,0,0,0,0,0,0,0,0,0,0,0,6.49752148985863,2.23289760947227,156.652882933617,0,0
0,0,0,0,2.46876311302185,0,0,0,0,0,0,0,0,0,0,0,0,0,0,0,1,0,0,0,0,0,0,0,0,0,0,0,0,0,0,0,7.95182240009308,0,0,0,0,0,0,0,0,0,0,0,0,0,1.56784403324127,0,763.576519697905,0,0,0,60.3355944901705,0,57.1916612386703,0,0,0,0,0,0,0,0,0,0,0,0,0,0,0,0,0,0,0,0,0,0,0,51.6772332787514,0,0,0,0
0,0,0,0,0,0,0,0,0,0,0,0,0,0,0,0,0,0,0,0,0,0,0,0,0,0,0,0,0,0,0,0,0,0,0,0,0,0,0,0,0,0,0,0,0,0,0,0,0,0,0,0,0,96.0555668771267,0,0,0,17.5214282274246,0,105.911290407181,0,0,2.34938691556454,0,0,0,0,0,0,0,0,0,0,0,0,0,0,0,0,0,0,0,0,0,0,0,0
312.244488745928,0,36.1399682164192,0,5.81842738389969,0,0,0,0,0,0,0,0,0,353.347434401512,0,461.992108806968,23.8982238024473,20.4238183423877,0,2.61119174957275,0,6.04653069376945,0,129.283372312784,0,51.5423763096333,0,0,0,0,0,0,0,0,0,0,0,26.494311183691,0,0.851090490818024,0,120.153563380241,0,0,0,0,0,62.6471199244261,0,1.28473645448685,0,0,0,618.33430787921,0,3.902672752738,0,0.69744873046875,0,175.099836975336,0,0,0,0,0,0,24.0937894582748,0,6.38868737220764,0,0,0,3.98177126049995,0,0,0,0,0.842623472213745,2.89604640007019,0,4.49323865771294,986.493086189032,26.175837635994,632.231104239821,0,36.8196260929108
0,277.158107042313,0,61.6100328415632,0,60.6417469084263,0,0,0,0,0,0,0,0,0,378.503487408161,2.16459488868713,196.800943046808,2.18759369850159,0,0,0,0,3.39566034078598,0,0,0,0,0,0,0,0,0,0,0,0,0,4.90871718525887,0,0,0,48.4834718853235,0,0,0,0,0,0,0,19.3729245066643,0,9.74350368976593,0,0,0,926.56435161829,0,0,0,0,0,28.8293941318989,0,0,0,0,11.7634131908417,0,0.632360458374023,0,0,0,0,0,0,0,0,0,0,0,0,0,1086.77797532082,224.052510976791,262.99943703413,0.923442840576172,0
0,0,1.27281987667084,0,0,0,0,0,0,0,0,0,131.123033165932,0,0,0,0,0,1.69928669929504,0,570.441420435905,0,0,0,0,0,0,0,35.6251281797886,0,29.9054900407791,0,0,0,0,0,314.46658885479,0,890.242049127817,0,0,0,1.10217154026031,0,0.438610345125198,0,0.921286940574646,0,0,0,0,0,0,0,0,0,2077.23222479969,0,161.428988754749,0,0,0,0,112.222879633307,0,0,0,0,0,0,0,0,0,13.5992617309093,0,0,0,0,0,82.5119666680694,0,556.165380626917,160.372851848602,0,1.14887225627899,0,0
0,0,0,0,0,0,0,0,0,0,0,0,0,1177.24174514413,0,0,0,0,0,549.594387486577,0,0,0,0,0,0,0,0,0,138.672668248415,0,0,0,0,0,398.336649060249,0,906.134474180639,0,0,0,0,0,0,0,0.237381115555763,0,0,0,0,0,0,0,0.61142486333847,0,0,0,2034.9082210362,0,168.31168627739,0,0,547.8071577847,0,0,0,0,0,0,0,0,0,58.1288961172104,0,0,0,0,0,196.56831663847,0,1000.1739564836,0,240.017103329301,0,1.47478137910366,0,0
0,0,0,0,13.7468431591988,0,0,0,0,0,131.123033165932,0,0,0,78.6424140930176,0,0,0,0,0,0,0,0,0,0,0,0,0,8.79998779296875,0,0,0,0,0,0,0,0,0,0,0,0,0,0,0,0,0,0,0,0,0,2.7659924030304,0,0,0,0,0,152.385727643967,0,269.473316550255,0,70.5248329043388,0,0,0,0,0,0,0,0,0,0,42.9220495223999,0,0,0,0,0,0,0,0,0,0,164.482287347317,148.803377181292,0,0,0
0,0,0,0,0,74.6819190979004,0,0,0,0,0,1177.24174514413,0,0,0,144.706810116768,0,0,0,0,0,0,0,0,0,12.1475328207016,0,91.3004171848297,0,0,0,0,0,0,0,0,0,0,0,0,0,0,0,0,0,0,0,0,0,0,0,0,0,0,0,0,0,281.414977014065,0,531.139276385307,0,179.48223721981,0,0,0,0,0,0,28.0261048078537,0,0,0,0,0,0,0,0,0,0,0,0,0,197.264425635338,132.095026016235,0,0,0
2.91401189565659,0,0,0,28.872044980526,0,0,0,353.347434401512,0,0,0,78.6424140930176,0,0,0,146.798302590847,0,0,0,0,0,0,0,0,0,72.0759265124798,0,0,0,0,0,0,0,0,0,0,0,0,0,0,0,0,0,0,0,0,0,0,0,2.81856197118759,0,0,0,103.010841697454,0,0,0,52.334870249033,0,873.234737068415,0,0,0,0,0,0,0,0,1.54646843671799,0,0,0,0,0,0,0,0,0,0,0,0,267.641096055508,112.607523947954,0,0,0
0,3.18186420202255,0,0.769633740186691,0,0,0,0,0,378.503487408161,0,0,0,144.706810116768,0,0,0,33.8227526247501,0,0,0,0,0,0,0,2.95786383748055,0,0,0,0,0,0,0,0,0,0,0,0,0,0,0,0,0,0,0,0,0,0,0,2.07262533903122,0,0,0,0,0,259.141964808106,0,0,0,0,0,152.742764472961,0,0,0,0,0,0,1,0,0,0,0,0,0,0,0,0,0,0,0,0,225.997248589993,0,0,0,0
0.894783139228821,0,0,0,0,0,0,0,461.992108806968,2.16459488868713,0,0,0,0,146.798302590847,0,0,13095.8024562597,3146.47169773281,0,0,54.1510337740183,939.74812425673,19.9459821581841,405.487222462893,0,1039.60913059115,0,0,0,0,0,0,0,0,0.734146162867546,11.6391050815582,0,0,9.19981461018324,14.9117967486382,14.6852625012398,7.99189122021198,0.167903184890747,0.956635981798172,1.03950301557779,0.140022113919258,0,0,0,0,0,0,0,1.82584846019745,0,0.680617816746235,0.48479762673378,0,0,190.667322784662,0,5.08779144287109,8.07853395491838,1.18229711055756,0,2.27429789304733,0,0,129.194536447525,0,0,0,3.18723941594362,0,0,0,0,83.3855283856392,72.8874931409955,0.73056249320507,8.2459168061614,6488.0244756043,37.0711894929409,31.7596097588539,2.90088410675526,1.5078137665987
0,0.175649166107178,0,0,0,0,0,0,23.8982238024473,196.800943046808,0,0,0,0,0,33.8227526247501,13095.8024562597,0,4470.05908952653,0,0,717.834028929472,80.4532284289598,472.407981485128,82.4288188666105,358.068602800369,13.3480303287506,39.9467632770538,0,0,0,0,0,0,0,0.809330761432648,1.48707138001919,0,0,11.8753459006548,0.900237962603569,24.4077814072371,8.58517144620419,1.1568765938282,1.85839867591858,2.95599617063999,0,0,0,2.25035405158997,0,0,0,0,0,44.6689415574074,1.51603302359581,0.376314267516136,0,0,7.7724287956953,22.4340081810951,10.0852912589908,7.92550371587276,75.5181553959846,0,55.1889007985592,0,97.4572711884975,6.41017585992813,0,0,2.20276200771332,3.48462271690369,0,0,0,0,78.0422637313604,20.6409732624888,3.8118210285902,0.730612084269524,4054.27303801477,55.0771378874779,26.6798048317432,6.64244621992111,0.635927855968475
21.4486812874675,14.4982607513666,4.6069069430232,0,0,0,0,0,20.4238183423877,2.18759369850159,1.69928669929504,0,0,0,0,0,3146.47169773281,4470.05908952653,0,0,0.492670767009258,2.18489290773869,9.55397564172745,8.33167314529419,25.6703757345676,0,1.49459066987038,0,0,0,0,0,0,0,0,102.218147471547,247.258761793375,0,0,368.803671725094,369.756439134479,1100.97992290556,1240.52372162789,46.1976566910744,71.4233773052692,17.7241303175688,52.6722564846277,0.121692255139351,25.9898404851556,12.2802671417594,0,0,0,0,0,1.16799461841583,75.0938569232821,79.8139194771647,0.484884917736053,0,1.99852162599564,0,192.113164894283,494.749320536852,0.259479731321335,0,0.60994815826416,0,0,0.19395886361599,0,0.823192179203033,156.092389799654,159.810754477978,0,0,3.14826619625092,0,1931.03916144371,2377.69422748685,180.559223562479,284.348569512367,1170.37620708346,0.301366567611694,1993.7057858035,312.058076649904,471.127068608999
0,0,0,0,0,0,0,0,0,0,0,549.594387486577,0,0,0,0,0,0,0,0,0,0,0,0,0,0,0,0,0,0,0,0,0,0,0,1484.77366301417,0,236.540249586105,0,0,0,0,0,0,0,0,0,0,0,0,0,0,0,1.37952384352684,0,0,0,11.079744964838,0,0,0,0,1233.06357333064,0,0,0,0,0,0,0,0,0,0,0,0,0,0,0,391.671477966011,0,121.687985822558,0,69.8199786990881,0,17.0684530287981,0,0
0,0,0.126354172825813,0,0.448419451713562,0,1,0,2.61119174957275,0,570.441420435905,0,0,0,0,0,0,0,0.492670767009258,0,0,0,0,0,0,0,0,0,0,0,0,0,0,0,0,0,518.847813628614,0,119.444186449051,0,0,0,0,0,0,0,3.05966010689735,0,0,0,73.0731762051582,0,0,0,1.08638167381287,0,47.0681505352259,0,0,0,0,0,0,391.021343365312,0,0,0,0,0,0,0,0,0,0.344070166349411,0,0,0,0,0,315.37590791285,0,75.0142362564802,86.5952377766371,1.49515071511269,92.5479645878077,0,0
0,0,0,0,0,0,0,0,0,0,0,0,0,0,0,0,54.1510337740183,717.834028929472,2.18489290773869,0,0,0,291.902461826801,181.596572995186,1.51713311672211,230.044789969921,1.59115481376648,218.322698771954,0,0,0,0,0,0,0,0,0,879.308408796787,0,0,0,0.823594331741333,0,0,0,0,0,0,0,189.297487720847,0,0,0,0,0,0,0,0,0,0,0.363318741321564,0,0,0,5741.41647685319,0.453004509210587,2.64155489206314,0,92.3567530661821,0,96.355932071805,0,0,0,0,0,0,0,0,0,530.366238683462,0,762.756710767746,252.109663084149,0,0,0
0,0,0,0,0,0,0,0,6.04653069376945,0,0,0,0,0,0,0,939.74812425673,80.4532284289598,9.55397564172745,0,0,291.902461826801,0,0,158.760411992669,0,43.5515995621681,0,33.8425253629684,0,0,0,0,0,0,0,0,0,533.68350468576,0,0,0,0.948611378669739,0,0,0,0,0,358.592480584979,0,0,0,0,0,0,0,0,0,0,0,4.50716853141785,0,0.147703364491463,0,0,5491.5690369606,0,117.069320380688,0,31.7718475461006,0,0,0,0,0,0,0,0,0.185553327202797,0,0,467.020644783974,618.12327003479,103.650379985571,14.6713412851095,0,0
0,0.428822815418243,0,0,0,0,0,0,0,3.39566034078598,0,0,0,0,0,0,19.9459821581841,472.407981485128,8.33167314529419,0,0,181.596572995186,0,0,1.90787196159363,95.2434406280518,0,0,0,0,0,0,0,0,0,0,0,306.767540156841,0,0,0,0,0,0,0,0,0,0,0,50.3821915239096,0,0,0,0,0,4.27348214387894,0,0,0,0,0,0.772124707698822,0,0,158.939591318369,0,522.135122433305,0,0,0,0,0,0,0,0,0,0,0,0,0,219.833770304918,0,412.486767351627,0,13.1401613503695,0,0
0,0,0,0,0,0,0,0,129.283372312784,0,0,0,0,0,0,0,405.487222462893,82.4288188666105,25.6703757345676,0,0,1.51713311672211,158.760411992669,1.90787196159363,0,0,177.839937746525,0,0,0,0,0,0,0,0,0,0,0,340.431987211108,0,0,0,0,0,0,0,0,0,172.356064230204,0,0,0,0,0,0,0,0,0,0,0,1.66175675392151,0,0,0,0,21.6431349515915,1.45341312885284,498.077598825097,0,2.54164493083954,0,0,0,0,0,0,0,0,0,0,0,160.486907571554,156.77745822072,0,129.847268283367,0,0
0,0,0,0,0,0,0,0,0,0,0,0,0,12.1475328207016,0,2.95786383748055,0,358.068602800369,0,0,0,230.044789969921,0,95.2434406280518,0,0,0,42.1082907915115,0,0,0,0,0,0,0,0,0,0,0,0,0,0,0,0,0,0,0,0,0,0,0,0,0,0,0,2.98833703994751,0,0,0,0,0,3.26292562484741,0,0,101.169639706612,0,15.5408878326416,0,646.094150424004,0,60.02390396595,0,0,0,0,0,0,0,0,0,0,0,88.8670692145824,0,0,0,0
0,0,0,0,0,0,0,0,51.5423763096333,0,0,0,0,0,72.0759265124798,0,1039.60913059115,13.3480303287506,1.49459066987038,0,0,1.59115481376648,43.5515995621681,0,177.839937746525,0,0,0,57.3472522497177,0,0,0,0,0,0,0,0,0,0,0,0,0,0,0,0,0,0,0,0,0,0,0,0,0,2.41109681129456,0,0,0,0,0,8.93471533060074,0,0,0,0,13.5303349494934,0,365.463281691074,0,135.157403767109,0,12.7959805727005,0,0,0,0,0,0,0,0,0,0,262.253385573626,0.292431980371475,0,0,0
0,0,0,0,0,0,0,0,0,0,0,0,0,91.3004171848297,0,0,0,39.9467632770538,0,0,0,218.322698771954,0,0,0,42.1082907915115,0,0,0,547.242209553719,0,0,0,0,0,0,0,0,0,0,0,0,0,0,0,0,0,0,0,0,0,0,0,0,0,0,0,0,0,68.4231450557709,0,46.4838970899582,0,0,9.42113375663757,0,0,0,61.0329622030258,0,1176.39915919304,0,214.105280801654,0,0,0,0,0,0,0,140.004962198436,0,12.6782162189484,0,0,0,0
0,0,0,0,0,0,0,0,0,0,35.6251281797886,0,8.79998779296875,0,0,0,0,0,0,0,0,0,33.8425253629684,0,0,0,57.3472522497177,0,0,0,453.716512322426,0,0,0,0,0,0,0,233.631115734577,0,0,0,0,0,0,0,0,0,0,0,0,0,0,0,0,0,8.691346347332,0,0,0,0,0,0,0,0,0,0,0,0,8.2732150554657,0,966.177401334047,0,135.669399738312,0,0,0,0,0,0,0,80.4094021618366,35.5388365983963,19.0788087844849,0,0,0
0,0,0,0,0,0,0,0,0,0,0,138.672668248415,0,0,0,0,0,0,0,0,0,0,0,0,0,0,0,547.242209553719,0,0,0,0,0,0,0,0,0,234.93504320085,0,0,0,0,0,0,0,0,0,0,0,0,0,0,0,0,0,0,0,5.10824801027775,0,0,0,0,0,0,0,0,0,0,0,0,12.9565932750702,0,439.811089515686,0,0,0,0,0,0,0,0,0,71.9638817310333,0,0,0,0
0,0,0,0,0,0,0,0,0,0,29.9054900407791,0,0,0,0,0,0,0,0,0,0,0,0,0,0,0,0,0,453.716512322426,0,0,0,0,0,0,0,0,0,130.891036003828,0,0,0,0,0,0,0,0,0,0,0,0,0,0,0,0,0,12.741771042347,0,0,0,0,0,0,0,0,0,0,0,0,0,0,2.20703747868538,0,326.974284082651,0,0,0,0,0,0,0,13.961293309927,56.4513911604881,0,0,0,0
0,0,0,0,0,0,0,0,0,0,0,0,0,0,0,0,0,0,0,0,0,0,0,0,0,0,0,0,0,0,0,0,542.394572049379,0,8.41302332282066,245.39351336658,3.50220000743866,0,0,0,0,0,0,0,0,0,0,3555.70628133416,0,2.35902541875839,0,0,0,0,0,0,0,0,0,0,0,0,0,0,0,0,0,0,0,0,0,0,0,0,650.111301809549,364.634809076786,0,1.66549149155617,561.859224483371,2.9798698425293,0,0,23.1297889947891,0,27.2861860394478,0,0
0,0,0,0,0,0,0,0,0,0,0,0,0,0,0,0,0,0,0,0,0,0,0,0,0,0,0,0,0,0,0,542.394572049379,0,1.53690209984779,0,72.3673172593117,371.699396818876,0,0,0,2.97309154272079,0,0,0,0,0,0,1733.38864317536,0,0,0,0,0,0,0,0,0,0,0,0,0,0,0,0,0,0,0,0,0,0,0,0,0,0,158.082500100136,497.838936105371,0,2.46920955181122,2.01621022820473,889.969584137201,0,0,48.4819304943085,0,0,0,0
0,0,0,0,0,0,0,0,0,0,0,0,0,0,0,0,0,0,0,0,0,0,0,0,0,0,0,0,0,0,0,0,1.53690209984779,0,948.287450641394,659.694985941052,0,261.471827715635,0,0,0,14.7358875870705,1.0395575761795,0,0,0,0,796.997424542904,0,1.92131507396698,0,0,0,0,0,0,0,0,0,0,0,0,0,0,0,0,0,0,0,0,0,0,0,0,0,4.48129394650459,1377.98516815901,1117.70451053977,102.49338426441,0,318.699134916067,0,114.047661960125,0,7.88495641946793,0,0
0,0,0,0,0,0,0,0,0,0,0,0,0,0,0,0,0,0,0,0,0,0,0,0,0,0,0,0,0,0,0,8.41302332282066,0,948.287450641394,0,0,1003.68932950497,0,88.7632793337107,0,0,1.19219118356705,4.55901008844376,0,0,0,0,353.687397837639,0,0,0,0,0,0,0,0,0,0,0,0,0,0,0,0,0,0,0,0,0,0,0,0,0,0,0,5.71322606503963,310.682976096869,1433.71622925252,0,299.185194447637,0,9.68834553658962,139.580833315849,0,1.75623482465744,0,0
0,0,0,0,0,0,0,0,0,0,0,398.336649060249,0,0,0,0,0.734146162867546,0.809330761432648,102.218147471547,1484.77366301417,0,0,0,0,0,0,0,0,0,0,0,245.39351336658,72.3673172593117,659.694985941052,0,0,1946.62303984165,2922.92044654489,118.763823926449,13.2844483852386,0,105.572952240705,0.47458153963089,7.2646941691637,0,14.0254826173186,0,116.878250449896,8.41006302833557,0.139659494161606,0,0,0,0,0,0,0,95.79394929111,0,0,0,0,1049.33824452758,0,0,0,0,0,0,0,0,0,6.37710582464933,0,303.277734279633,4.05805909633636,102.075322687626,0,19221.408513926,228.355710238218,134.008735276759,0,2157.16526657343,578.253792181611,262.211807653308,65.2296865284443,0
2.47924374789,0,4.68970833718777,0,0,0,7.95182240009308,0,0,0,314.46658885479,0,0,0,0,0,11.6391050815582,1.48707138001919,247.258761793375,0,518.847813628614,0,0,0,0,0,0,0,0,0,0,3.50220000743866,371.699396818876,0,1003.68932950497,1946.62303984165,0,29.8190732002258,2870.41789384186,1.26756346225739,11.0444061532617,1.58693616837263,94.3482202067971,0,15.7307180464268,0,31.7320577651262,35.8310294002295,9.42542433738708,0,0,0,0,0,0,0,553.32964655757,0,0,0,0.155901998281479,0,0,450.418998263776,0,0,0,0,0,0,0,0,0,7.79849003255367,54.9814300537109,133.276118226349,0,107.706252522767,321.748559638858,19372.6671458706,2.46840572357178,213.092725917697,2839.46769122034,223.392518937588,80.0080727189779,0,60.0213311389089
0,0,0,0,0,0,0,0,0,4.90871718525887,0,906.134474180639,0,0,0,0,0,0,0,236.540249586105,0,879.308408796787,0,306.767540156841,0,0,0,0,0,234.93504320085,0,0,0,261.471827715635,0,2922.92044654489,29.8190732002258,0,586.729484841228,0,0,0,2.30550411343575,0,0,0,0,601.067831754684,1.65690118074417,403.527867406607,0,0,0,0,0,0,0,82.0466845557094,0,0,0,0,11.2466127872467,0,83.1456872820854,0,40.0251763761044,0,2.13432654738426,0,14.2321428954601,0,63.0074684023857,0,0,0,231.531353235245,0,1777.79399888963,0,10535.5017589703,9.65381336212158,1767.42843025923,46.6537728309631,126.876202255487,0,0
0,0,0,0,0,0,0,0,26.494311183691,0,890.242049127817,0,0,0,0,0,0,0,0,0,119.444186449051,0,533.68350468576,0,340.431987211108,0,0,0,233.631115734577,0,130.891036003828,0,0,0,88.7632793337107,118.763823926449,2870.41789384186,586.729484841228,0,0,0,0,0.544884294271469,0,0,0,0,25.4883464574814,807.844303548336,0,0,0,0,0,117.663725763559,0,31.3475894927979,0,0,0,0,0,0,182.166881412268,0,184.383687451482,0,149.636357173324,0,0,0,12.6503839790821,0,83.7350888848305,0,0,0,243.394019722939,1.35201904177666,692.689511679113,5.02769693732262,12951.6160870343,1808.32159338892,179.505020678043,196.168241739273,0,0
0,2.22155940532684,0,0,0,0,0,0,0,0,0,0,0,0,0,0,9.19981461018324,11.8753459006548,368.803671725094,0,0,0,0,0,0,0,0,0,0,0,0,0,0,0,0,13.2844483852386,1.26756346225739,0,0,0,4.69505506753922,1275.34624611586,3.78608900308609,0.325650960206985,0,2.47615250945091,0,297.059719383717,0,455.544647097588,0,0,0,0,0,0,0,1.98126469552517,0,0,0,0,60.6634437739849,1.59041860699654,0,0,0,0,0,0,0,0,1.32330483198166,0,0,0,0.969663038849831,0,347.044902965426,1.33205378055573,15.1872396618128,1.9393550157547,157.743686325848,0,1416.22294789553,338.610057413578,0
2.6591622531414,1.44657683372498,3.65687422454357,0,0,0,0,0,0.851090490818024,0,0,0,0,0,0,0,14.9117967486382,0.900237962603569,369.756439134479,0,0,0,0,0,0,0,0,0,0,0,0,0,2.97309154272079,0,0,0,11.0444061532617,0,0,4.69505506753922,0,2.26938048005104,537.185971334577,0,17.7931268215179,0,2.15162761509418,978.760780632496,682.395429886878,2.027095079422,0,0,0,0,0,0,12.6738353595138,0,0,0,0,0,0,109.387726813555,0,0,0,0,0,0,0,0,0,10.2818470746279,0,0,0,0,2.64872311800718,313.871237628162,0,13.6626948714256,62.6001988649368,0,818.932332009077,0.278100192546844,397.374303668737
0,117.432580113411,0.160509273409843,296.068249098957,0,0.685294210910797,0,0,0,48.4834718853235,0,0,0,0,0,0,14.6852625012398,24.4077814072371,1100.97992290556,0,0,0.823594331741333,0,0,0,0,0,0,0,0,0,0,0,14.7358875870705,1.19219118356705,105.572952240705,1.58693616837263,0,0,1275.34624611586,2.26938048005104,0,409.691930666566,3.33488303422928,0,21.278873629868,0,1078.16721731424,4.66439662873745,822.304631456733,0,0.420517310500145,0,0,0,31.8371086716652,0,685.099700957537,0,0,0,8.72109051048756,586.954828776419,1.3959022462368,0,0,0,0,0,0,0,0,1127.43325556815,0.584895759820938,0,0,4.65282624959946,2.14712157845497,2084.71273897588,10.6282888576388,53.8018082976341,0,1024.13121239841,0.369699478149414,5184.02133709192,1589.82980625331,15.6902901530266
60.4858237802982,0,280.902810581028,0,0,0,0,0,120.153563380241,0,1.10217154026031,0,0,0,0,0,7.99189122021198,8.58517144620419,1240.52372162789,0,0,0,0.948611378669739,0,0,0,0,0,0,0,0,0,0,1.0395575761795,4.55901008844376,0.47458153963089,94.3482202067971,2.30550411343575,0.544884294271469,3.78608900308609,537.185971334577,409.691930666566,0,0.922869503498077,67.7566758021712,0,52.2124051302671,1106.8175252527,488.43691559881,2.14410641789436,0,0,0,0,9.56125344336033,0,1062.22317165136,0.194406047463417,36.3854987099767,0,1.13846874237061,0,2.25478759407997,633.015054129064,0,0,0,0,0,0,0,37.1358309835196,0.372859880328178,806.671879693866,0,0,8.82112556695938,2.74443435668945,3.40707859396935,1432.49597013742,2.03991775214672,108.32496676594,1380.12173686922,0,4591.25166333467,8.47724285721779,1711.73200422525
0,0,0,0,0,0,0,0,0,0,0,0,0,0,0,0,0.167903184890747,1.1568765938282,46.1976566910744,0,0,0,0,0,0,0,0,0,0,0,0,0,0,0,0,7.2646941691637,0,0,0,0.325650960206985,0,3.33488303422928,0.922869503498077,0,0,0,0,0,0,0,0,0,0,0,0,0,0,0,0,0,0,0,2.2599493265152,0,0,0,0,0,0,0,0,0,0.242734849452972,0,0,0,0,0,30.0053555965424,0,6.88802805542946,0,3.16479903459549,0,27.8783324360847,0.741826057434082,0
0,0,0,0,0,0,0,0,0,0,0.438610345125198,0,0,0,0,0,0.956635981798172,1.85839867591858,71.4233773052692,0,0,0,0,0,0,0,0,0,0,0,0,0,0,0,0,0,15.7307180464268,0,0,0,17.7931268215179,0,67.7566758021712,0,0,0,9.18065315485001,0,4.90776808559895,0,0,0,0,0,0,0,0,0,0,0,0,0,0,35.476463958621,0,0,0,0,0,0,0,0,0,9.40833987295628,0,0,0,0,0,82.5431787669659,0,6.7663656026125,18.1574590057135,0,50.0814811587334,0,8.36588917672634
0,0,0,0,0,0,0,0,0,0,0,0.237381115555763,0,0,0,0,1.03950301557779,2.95599617063999,17.7241303175688,0,0,0,0,0,0,0,0,0,0,0,0,0,0,0,0,14.0254826173186,0,0,0,2.47615250945091,0,21.278873629868,0,0,0,0,0,0,0,0,0,0,0,0,0,0,0,21.2748101726174,0,0,0,0,824.601086623967,0,0,0,0,0,0,0,0,0,36.3888675570488,0,0,0,0,0,799.615204565227,2.80321025848389,424.739960581064,0,2.30912195891142,0,252.086204603314,3.77312299609184,0
0,0,0.277153432369232,0,0,0,0,0,0,0,0.921286940574646,0,0,0,0,0,0.140022113919258,0,52.6722564846277,0,3.05966010689735,0,0,0,0,0,0,0,0,0,0,0,0,0,0,0,31.7320577651262,0,0,0,2.15162761509418,0,52.2124051302671,0,9.18065315485001,0,0,0,0,0,0,0,0,0,0,0,5.98289290070534,0,1.7272857427597,0,0,0,0,92.4204625114799,0,0,0,0,0,0,0,0,0,8.22763273119926,0,0,0,0,0.114961117506027,296.516534231603,0,274.603746309876,7.67224930226803,0,129.270924717188,0,0.61690679192543
0,0,0,0,0,0,0,0,0,0,0,0,0,0,0,0,0,0,0.121692255139351,0,0,0,0,0,0,0,0,0,0,0,0,3555.70628133416,1733.38864317536,796.997424542904,353.687397837639,116.878250449896,35.8310294002295,601.067831754684,25.4883464574814,297.059719383717,978.760780632496,1078.16721731424,1106.8175252527,0,0,0,0,0,1036.13682623208,877.910905539989,0,0,0,0,0,0,0,0,0,0,0,0,0.449395626783371,0,0,0,0,0,0,0,0,0,0,0,548.366099745035,436.201623618603,403.074332177639,294.413502275944,1119.10500992835,417.038615748286,41.4131542593241,1.01214212179184,985.010658785701,0,1750.91674631834,0.206085681915283,0
194.31072203815,0,42.3902195990086,0,0,0,0,0,62.6471199244261,0,0,0,0,0,0,0,0,0,25.9898404851556,0,0,0,358.592480584979,0,172.356064230204,0,0,0,0,0,0,0,0,0,0,8.41006302833557,9.42542433738708,1.65690118074417,807.844303548336,0,682.395429886878,4.66439662873745,488.43691559881,0,4.90776808559895,0,0,1036.13682623208,0,24.4720545560122,0,0,0,0,72.3689737915993,0,15.0553964003921,0,0.326498001813889,0,93.2091203331947,0,0,4.41414330899715,0,251.808859854937,0,72.2345520555973,0,131.232728630304,0,277.578013569117,0,10.3018819838762,0,0,0,11.3169623166323,1.36349767446518,532.524278879166,0,1027.34834010899,188.072871737182,0,1149.93946770579,0,1.79015828669071
0,136.130137085915,0,15.0726874768734,0,0,0,0,0,19.3729245066643,0,0,0,0,0,2.07262533903122,0,2.25035405158997,12.2802671417594,0,0,189.297487720847,0,50.3821915239096,0,0,0,0,0,0,0,2.35902541875839,0,1.92131507396698,0,0.139659494161606,0,403.527867406607,0,455.544647097588,2.027095079422,822.304631456733,2.14410641789436,0,0,0,0,877.910905539989,24.4720545560122,0,0,0,0,0,0,72.8269363045692,0,32.4725005477667,0,2.18496403098106,0,31.4228953570127,7.48240634799004,0,95.6813359558582,0,109.18166744709,0,96.4353828132153,0,173.410966545343,0,59.9367683082819,0,0,0,3.43092235922813,0,246.941154018044,0,413.447116032243,0,212.735184408724,0,979.122388683259,6.81894835829735,0
0,0,50.8808982372284,0,428.846254944801,0,1.56784403324127,0,1.28473645448685,0,0,0,2.7659924030304,0,2.81856197118759,0,0,0,0,0,73.0731762051582,0,0,0,0,0,0,0,0,0,0,0,0,0,0,0,0,0,0,0,0,0,0,0,0,0,0,0,0,0,0,0,90.0098110735416,0,32.0643168389797,0,103.189073398709,0,34.7341918647289,0,38.4179595410824,0,0,101.184023708105,0,0,0,0,0,0,0,0,0,0,0,0,0,0,0,0.829818591475487,0,0,72.2496167272329,0,459.432591110468,0,0
0,0,0,205.535219147801,0,123.356087982655,0,0,0,9.74350368976593,0,0,0,0,0,0,0,0,0,0,0,0,0,0,0,0,0,0,0,0,0,0,0,0,0,0,0,0,0,0,0,0.420517310500145,0,0,0,0,0,0,0,0,0,0,0,142.066688299179,0,49.5864020586014,0,58.2438556104898,0,14.3199177384377,0,0,5.80976471304893,0,0,0,0,0,0,0,0,0,0,0,0,0,0,0,0,0,0,0,6.97470188140869,0,154.661787852645,0,0
0,0,0,0,89.1997546553612,0,763.576519697905,0,0,0,0,0,0,0,0,0,0,0,0,0,0,0,0,0,0,0,0,0,0,0,0,0,0,0,0,0,0,0,0,0,0,0,0,0,0,0,0,0,0,0,90.0098110735416,0,0,0,0,0,583.617504104972,0,84.3431675136089,0,0,0,0,0,0,0,0,0,0,0,0,0,0,0,0,0,0,0,0,0,0,0,232.617738127708,0,0,0,0
0,0,0,0,0,0,0,96.0555668771267,0,0,0,0.61142486333847,0,0,0,0,0,0,0,1.37952384352684,0,0,0,0,0,0,0,0,0,0,0,0,0,0,0,0,0,0,0,0,0,0,0,0,0,0,0,0,0,0,0,142.066688299179,0,0,0,0,0,419.673872634768,0,2.9804675579071,0,0,25.7039740979671,0,0,0,0,0,0,0,0,0,0,0,0,0,0,0,0,0,0,0,0,0,0,0,0
149.019502550364,0,17.9485349655151,0,61.1527077555656,0,0,0,618.33430787921,0,0,0,0,0,103.010841697454,0,1.82584846019745,0,0,0,1.08638167381287,0,0,0,0,0,2.41109681129456,0,0,0,0,0,0,0,0,0,0,0,117.663725763559,0,0,0,9.56125344336033,0,0,0,0,0,72.3689737915993,0,32.0643168389797,0,0,0,0,0,29.2298573851585,0,0,0,78.2963728606701,0,0,0,0,0,0,27.5114123523235,0,3.19924512505531,0,0,0,0.679721236228943,0,0,0,0,0,0,0,164.151885658503,21.8859729766846,0,121.038743823767,0,0
0,405.967536449432,0,221.882272228599,0,4.82355725765228,0,0,0,926.56435161829,0,0,0,0,0,259.141964808106,0,44.6689415574074,1.16799461841583,0,0,0,0,4.27348214387894,0,2.98833703994751,0,0,0,0,0,0,0,0,0,0,0,0,0,0,0,31.8371086716652,0,0,0,0,0,0,0,72.8269363045692,0,49.5864020586014,0,0,0,0,0,4.25609135627747,0,0,0,221.111598670483,0,0,0,0,17.3806724250317,0,3.90105381608009,0,0,0,0.909873604774475,0,0,0,0,0,0,0,0,0,14.062745153904,0,218.284620523453,0,0
0.89401051402092,0,107.024186395109,0,3.19945693016052,0,60.3355944901705,0,3.902672752738,0,2077.23222479969,0,152.385727643967,0,0,0,0.680617816746235,1.51603302359581,75.0938569232821,0,47.0681505352259,0,0,0,0,0,0,0,8.691346347332,0,12.741771042347,0,0,0,0,0,553.32964655757,0,31.3475894927979,0,12.6738353595138,0,1062.22317165136,0,0,0,5.98289290070534,0,15.0553964003921,0,103.189073398709,0,583.617504104972,0,29.2298573851585,0,0,0,543.030266344547,0,62.5361670106649,0,0.726889133453369,1217.13503044844,0,0,0,0,0,0,0,176.323354110122,0,669.467571951449,0,0,0,0,0.394082993268967,292.2510503456,0,32.6918207854033,300.745382100344,0,795.421440377831,0,82.5673171877861
0,0.149029493331909,0,90.1860955953598,0,0,0,17.5214282274246,0,0,0,2034.9082210362,0,281.414977014065,0,0,0.48479762673378,0.376314267516136,79.8139194771647,11.079744964838,0,0,0,0,0,0,0,0,0,5.10824801027775,0,0,0,0,0,95.79394929111,0,82.0466845557094,0,1.98126469552517,0,685.099700957537,0.194406047463417,0,0,21.2748101726174,0,0,0,32.4725005477667,0,58.2438556104898,0,419.673872634768,0,4.25609135627747,0,0,0,215.953744366765,0,7.16526256501675,685.779649227858,0,0,0,0,0,0,0,2.49404901266098,0,251.821781426668,0,0,0,0,0,52.7960978522897,0.118711218237877,53.6519255638123,0,158.588753663003,0.436510384082794,542.419123485684,60.2753380835056,0
0,0,0.374866276979446,0,164.05058246851,0,57.1916612386703,0,0.69744873046875,0,161.428988754749,0,269.473316550255,0,52.334870249033,0,0,0,0.484884917736053,0,0,0,0,0,0,0,0,0,0,0,0,0,0,0,0,0,0,0,0,0,0,0,36.3854987099767,0,0,0,1.7272857427597,0,0.326498001813889,0,34.7341918647289,0,84.3431675136089,0,0,0,543.030266344547,0,0,0,266.823326095939,0,0,33.5116745829582,0,0,0,0,0,0,0,1.45967751741409,0,5.37020587921143,0,0,0,0,0,3.4364602714777,0,4.14088846743107,546.554051727057,279.220390066504,63.7223085612059,0,0
0,0.184869810938835,0,21.8556661009789,0,0,0,105.911290407181,0,0,0,168.31168627739,0,531.139276385307,0,0,0,0,0,0,0,0,0,0,0,0,0,68.4231450557709,0,0,0,0,0,0,0,0,0,0,0,0,0,0,0,0,0,0,0,0,0,2.18496403098106,0,14.3199177384377,0,2.9804675579071,0,0,0,215.953744366765,0,0,0,0.291683852672577,0,0,0,0,0,0,0,0,0,0,24.3202631771564,0,0,0,0,0,0,0,0,0,10.3492226600647,0,4.398228302598,0,0
74.8109431266785,0,15.2389590293169,0,30.5344219505787,0,0,0,175.099836975336,0,0,0,70.5248329043388,0,873.234737068415,0,190.667322784662,7.7724287956953,1.99852162599564,0,0,0.363318741321564,4.50716853141785,0,1.66175675392151,0,8.93471533060074,0,0,0,0,0,0,0,0,0,0.155901998281479,0,0,0,0,0,1.13846874237061,0,0,0,0,0,93.2091203331947,0,38.4179595410824,0,0,0,78.2963728606701,0,62.5361670106649,0,266.823326095939,0,0,0,0,3.38758224248886,0,0,0,10.2700306773186,0,13.6919309198856,0,0,0,2.12821774184704,0,0,0,0,0,0.16335254907608,0,0.803473100066185,78.3122036755085,20.3656064271927,5.38602265715599,0,0
0,124.508754000068,0,265.400280982256,0,0,0,0,0,28.8293941318989,0,0,0,179.48223721981,0,152.742764472961,0,22.4340081810951,0,0,0,0,0,0.772124707698822,0,3.26292562484741,0,46.4838970899582,0,0,0,0,0,0,0,0,0,0,0,0,0,8.72109051048756,0,0,0,0,0,0,0,31.4228953570127,0,0,0,0,0,221.111598670483,0,7.16526256501675,0,0.291683852672577,0,0,0,0,0,0,13.8962963670492,0,0,0,0,0,2.31565260887146,0,0,0,0,0,0,0,0,0,3.93814551830292,0,13.8736943304539,0.221737742424011,0
0,0,0,5.69844302535057,0,0,0,2.34938691556454,0,0,0,547.8071577847,0,0,0,0,5.08779144287109,10.0852912589908,192.113164894283,1233.06357333064,0,0,0.147703364491463,0,0,0,0,0,0,0,0,0,0,0,0,1049.33824452758,0,11.2466127872467,0,60.6634437739849,0,586.954828776419,2.25478759407997,2.2599493265152,0,824.601086623967,0,0.449395626783371,0,7.48240634799004,0,5.80976471304893,0,25.7039740979671,0,0,0.726889133453369,685.779649227858,0,0,0,0,0,0,0,0,0,0,0,0,0,0,364.35925334692,0,0,0,0,0,2357.5280515328,1.54957944154739,775.89101587981,0,249.118602544069,0.783608339726925,1213.45718906075,20.9206252321601,0.248092040419579
0,0,18.5598718672991,0,0,0,0,0,0,0,112.222879633307,0,0,0,0,0,8.07853395491838,7.92550371587276,494.749320536852,0,391.021343365312,0,0,0,0,0,0,0,0,0,0,0,0,0,0,0,450.418998263776,0,182.166881412268,1.59041860699654,109.387726813555,1.3959022462368,633.015054129064,0,35.476463958621,0,92.4204625114799,0,4.41414330899715,0,101.184023708105,0,0,0,0,0,1217.13503044844,0,33.5116745829582,0,3.38758224248886,0,0,0,0,0,0,0,0,0,0,0.509722471237183,0.969966292381287,329.906911998987,0,0,0,0,8.39927507936954,2453.78019811958,0,677.355908453465,82.8171543553472,2.11360259354115,1297.17230723798,0,28.0669787749648
0,0,0,0,0,0,0,0,0,0,0,0,0,0,0,0,1.18229711055756,75.5181553959846,0.259479731321335,0,0,5741.41647685319,0,158.939591318369,0,101.169639706612,0,9.42113375663757,0,0,0,0,0,0,0,0,0,83.1456872820854,0,0,0,0,0,0,0,0,0,0,0,95.6813359558582,0,0,0,0,0,0,0,0,0,0,0,0,0,0,0,0,68.2197983264923,0,67.9553023278713,0,205.772530540824,0,0,0,0,0,0,0,0,0,242.23907674849,0,112.651506781578,1.09526884555817,0,0,0
0,0,0,0,0,0,0,0,0,0,0,0,0,0,0,0,0,0,0,0,0,0.453004509210587,5491.5690369606,0,21.6431349515915,0,13.5303349494934,0,0,0,0,0,0,0,0,0,0,0,184.383687451482,0,0,0,0,0,0,0,0,0,251.808859854937,0,0,0,0,0,0,0,0,0,0,0,0,0,0,0,0,0,0,60.5658963322639,0,31.9925447851419,0,26.7204644083977,0,0,0,0,0,0,0,0,0,199.87076304853,136.093389391899,19.2829918563366,0.240273267030716,0,0
0,13.9228258281946,0,0,0,0,0,0,0,11.7634131908417,0,0,0,0,0,0,2.27429789304733,55.1889007985592,0.60994815826416,0,0,2.64155489206314,0,522.135122433305,1.45341312885284,15.5408878326416,0,0,0,0,0,0,0,0,0,0,0,40.0251763761044,0,0,0,0,0,0,0,0,0,0,0,109.18166744709,0,0,0,0,0,17.3806724250317,0,0,0,0,0,13.8962963670492,0,0,68.2197983264923,0,0,0,23.2825729250908,0,0,0,0,0,0,0,0,0,0,0,639.140856921673,0,104.504154980183,0.448373526334763,203.347167596221,0,0
0,0,0,0,0,0,0,0,24.0937894582748,0,0,0,0,0,0,0,0,0,0,0,0,0,117.069320380688,0,498.077598825097,0,365.463281691074,0,0,0,0,0,0,0,0,0,0,0,149.636357173324,0,0,0,0,0,0,0,0,0,72.2345520555973,0,0,0,0,0,27.5114123523235,0,0,0,0,0,10.2700306773186,0,0,0,0,60.5658963322639,0,0,0,651.447542279959,0,0,0,0,0,0,0,0,0,0,0,120.693455636501,1,0,92.1844266653061,0,0
0,2.83654978871346,0,0,0,0,0,0,0,0.632360458374023,0,0,0,28.0261048078537,0,1,0,97.4572711884975,0,0,0,92.3567530661821,0,0,0,646.094150424004,0,61.0329622030258,0,0,0,0,0,0,0,0,0,2.13432654738426,0,0,0,0,0,0,0,0,0,0,0,96.4353828132153,0,0,0,0,0,3.90105381608009,0,0,0,0,0,0,0,0,67.9553023278713,0,23.2825729250908,0,0,0,21.9165740460157,0,0,0,0,0,0,0,0,0,0,0,29.8002966940403,0,1.4616631269455,0,0
0.450855284929276,0,0,0,0,0,0,0,6.38868737220764,0,0,0,0,0,1.54646843671799,0,129.194536447525,6.41017585992813,0.19395886361599,0,0,0,31.7718475461006,0,2.54164493083954,0,135.157403767109,0,8.2732150554657,0,0,0,0,0,0,0,0,0,0,0,0,0,0,0,0,0,0,0,131.232728630304,0,0,0,0,0,3.19924512505531,0,0,0,0,0,13.6919309198856,0,0,0,0,31.9925447851419,0,651.447542279959,0,0,0,4.26523476839066,0,0,0,0,0,0,0,0,0,0,38.8160283565521,0,0,0,0
0,0,0,0,0,0,0,0,0,0,0,0,0,0,0,0,0,0,0,0,0,96.355932071805,0,0,0,60.02390396595,0,1176.39915919304,0,12.9565932750702,0,0,0,0,0,0,0,14.2321428954601,0,0,0,0,0,0,0,0,0,0,0,173.410966545343,0,0,0,0,0,0,0,2.49404901266098,0,0,0,0,0,0,205.772530540824,0,0,0,21.9165740460157,0,0,0,207.26315562427,0,0,0,0,0,0,0,503.160912647843,0,37.7689275741577,0,0.322297096252441,0,0
0,0,1.47620134055614,0,0,0,0,0,0,0,0,0,42.9220495223999,0,0,0,0,0,0.823192179203033,0,0,0,0,0,0,0,12.7959805727005,0,966.177401334047,0,2.20703747868538,0,0,0,0,0,0,0,12.6503839790821,0,0,0,37.1358309835196,0,0,0,0,0,277.578013569117,0,0,0,0,0,0,0,176.323354110122,0,1.45967751741409,0,0,0,0,0.509722471237183,0,26.7204644083977,0,0,0,4.26523476839066,0,0,0,33.3757651746273,0,0,0,0,0,0,0,137.949616104364,241.626117780805,25.8691350221634,35.3659579902887,0,0.229054167866707
0,5.84405805170536,0,61.980953797698,0,0,0,0,0,0,0,58.1288961172104,0,0,0,0,0,2.20276200771332,156.092389799654,0,0,0,0,0,0,0,0,214.105280801654,0,439.811089515686,0,0,0,0,0,6.37710582464933,0,63.0074684023857,0,1.32330483198166,0,1127.43325556815,0.372859880328178,0.242734849452972,0,36.3888675570488,0,0,0,59.9367683082819,0,0,0,0,0,0.909873604774475,0,251.821781426668,0,24.3202631771564,0,2.31565260887146,364.35925334692,0.969966292381287,0,0,0,0,0,0,207.26315562427,0,0,0,0,0,0,0,68.7198959887028,0,165.340898372233,0,153.746644355357,0.390547499060631,268.301579065621,208.58059938252,0
1.99356007575989,0,102.418976768851,0,0,0,0,0,3.98177126049995,0,13.5992617309093,0,0,0,0,0,3.18723941594362,3.48462271690369,159.810754477978,0,0.344070166349411,0,0,0,0,0,0,0,135.669399738312,0,326.974284082651,0,0,0,0,0,7.79849003255367,0,83.7350888848305,0,10.2818470746279,0.584895759820938,806.671879693866,0,9.40833987295628,0,8.22763273119926,0,10.3018819838762,0,0,0,0,0,0.679721236228943,0,669.467571951449,0,5.37020587921143,0,2.12821774184704,0,0,329.906911998987,0,0,0,0,0,0,0,33.3757651746273,0,0,0,0,0,0,0.600341320037842,133.491223618388,0,485.000909179449,315.128409847617,0,316.709221467376,0,284.753684878349
0,0,0,0,0,0,0,0,0,0,0,0,0,0,0,0,0,0,0,0,0,0,0,0,0,0,0,0,0,0,0,650.111301809549,158.082500100136,0,0,303.277734279633,54.9814300537109,0,0,0,0,0,0,0,0,0,0,548.366099745035,0,0,0,0,0,0,0,0,0,0,0,0,0,0,0,0,0,0,0,0,0,0,0,0,0,0,0,14.9199589490891,707.956938773394,0,876.581788569689,0,0,0,15.74551653862,0,0,0,0
0,0,0,0,0,0,0,0,0,0,0,0,0,0,0,0,0,0,0,0,0,0,0,0,0,0,0,0,0,0,0,364.634809076786,497.838936105371,4.48129394650459,5.71322606503963,4.05805909633636,133.276118226349,0,0,0,0,0,0,0,0,0,0,436.201623618603,0,0,0,0,0,0,0,0,0,0,0,0,0,0,0,0,0,0,0,0,0,0,0,0,0,0,14.9199589490891,0,0,988.30081037432,0,1130.05014628917,0,0,33.821526274085,0,0,0,0
0,0,0,0,0,0,0,0,0,0,0,0,0,0,0,0,0,0,3.14826619625092,0,0,0,0,0,0,0,0,0,0,0,0,0,0,1377.98516815901,310.682976096869,102.075322687626,0,231.531353235245,0,0.969663038849831,0,4.65282624959946,8.82112556695938,0,0,0,0,403.074332177639,0,3.43092235922813,0,0,0,0,0,0,0,0,0,0,0,0,0,0,0,0,0,0,0,0,0,0,0,0,707.956938773394,0,0,8.10295978188515,1653.21453737468,0,581.211761265993,0,130.151924788952,0,1.97080814838409,1.82783338427544,0
0,0,0,0,0,0,0,0,0,0,0,0,0,0,0,0,0,0,0,0,0,0,0,0,0,0,0,0,0,0,0,1.66549149155617,2.46920955181122,1117.70451053977,1433.71622925252,0,107.706252522767,0,243.394019722939,0,0,2.14712157845497,2.74443435668945,0,0,0,0,294.413502275944,11.3169623166323,0,0,0,0,0,0,0,0,0,0,0,0,0,0,0,0,0,0,0,0,0,0,0,0,0,0,988.30081037432,8.10295978188515,0,0,1008.23379953206,0,429.638408839703,182.49669419229,0,0,0,0
0,4.24766858667135,0,1.06829406321049,0,0,0,0,0.842623472213745,0,0,196.56831663847,0,0,0,0,83.3855283856392,78.0422637313604,1931.03916144371,391.671477966011,0,0,0.185553327202797,0,0,0,0,0,0,0,0,561.859224483371,2.01621022820473,102.49338426441,0,19221.408513926,321.748559638858,1777.79399888963,1.35201904177666,347.044902965426,2.64872311800718,2084.71273897588,3.40707859396935,30.0053555965424,0,799.615204565227,0.114961117506027,1119.10500992835,1.36349767446518,246.941154018044,0,0,0,0,0,0,0.394082993268967,52.7960978522897,0,0,0,0,2357.5280515328,8.39927507936954,0,0,0,0,0,0,0,0,68.7198959887028,0.600341320037842,876.581788569689,0,1653.21453737468,0,0,57.6219964176416,819.834955766797,1.55973958969116,1532.29930508137,7.44555848091841,1740.66268537939,341.82364949584,0.1843171864748
6.84077680110931,0,42.1101940125227,0,0,0,0,0,2.89604640007019,0,82.5119666680694,0,0,0,0,0,72.8874931409955,20.6409732624888,2377.69422748685,0,315.37590791285,0,0,0,0,0,0,0,0,0,0,2.9798698425293,889.969584137201,0,299.185194447637,228.355710238218,19372.6671458706,0,692.689511679113,1.33205378055573,313.871237628162,10.6282888576388,1432.49597013742,0,82.5431787669659,2.80321025848389,296.516534231603,417.038615748286,532.524278879166,0,0.829818591475487,0,0,0,0,0,292.2510503456,0.118711218237877,3.4364602714777,0,0.16335254907608,0,1.54957944154739,2453.78019811958,0,0,0,0,0,0,0,0,0,133.491223618388,0,1130.05014628917,0,1008.23379953206,57.6219964176416,0,0,1104.756209068,1376.38208253682,46.3259187787771,1567.84182468057,0.649402275681496,380.281478732824
0,0.436447441577911,0,0,0,0,0,0,0,0,0,1000.1739564836,0,0,0,0,0.73056249320507,3.8118210285902,180.559223562479,121.687985822558,0,530.366238683462,0,219.833770304918,0,0,0,140.004962198436,0,0,0,0,0,318.699134916067,0,134.008735276759,2.46840572357178,10535.5017589703,5.02769693732262,15.1872396618128,0,53.8018082976341,2.03991775214672,6.88802805542946,0,424.739960581064,0,41.4131542593241,0,413.447116032243,0,0,0,0,0,0,0,53.6519255638123,0,0,0,0,775.89101587981,0,242.23907674849,0,639.140856921673,0,0,0,503.160912647843,0,165.340898372233,0,0,0,581.211761265993,0,819.834955766797,0,0,1.72766661643982,558.584461376071,3.75670331716537,132.487557142973,58.1520240604877,0
3.36821764707565,0,11.8157918006182,0,0,0,0,0,4.49323865771294,0,556.165380626917,0,0,0,0,0,8.2459168061614,0.730612084269524,284.348569512367,0,75.0142362564802,0,467.020644783974,0,160.486907571554,0,0,0,80.4094021618366,0,13.961293309927,0,0,0,9.68834553658962,0,213.092725917697,9.65381336212158,12951.6160870343,1.9393550157547,13.6626948714256,0,108.32496676594,0,6.7663656026125,0,274.603746309876,1.01214212179184,1027.34834010899,0,0,0,0,0,164.151885658503,0,32.6918207854033,0,4.14088846743107,0,0.803473100066185,0,0,677.355908453465,0,199.87076304853,0,120.693455636501,0,0,0,137.949616104364,0,485.000909179449,0,0,0,429.638408839703,1.55973958969116,1104.756209068,1.72766661643982,0,248.948198601604,11.4139285683632,160.857846945524,0,242.029029101133
