0,0,0.0280855603888997,0,0.00634132232266029,0,0,0,0.054335421596177,0,0,0,0,0,0,0,2.38263054626724e-05,0,7.07217403143863e-05,0,0,0,0,0,0,0,0,0,0,0,0,0,0,0,0,0,0,0,2.82202828481826e-06,0,0,0,0.000396484760476766,0,0,0,0,0.000428286071796411,0.0153016953267007,0,0.000589014529506649,0,0,0,0.0631398725145575,0,5.83873575077691e-05,0,0,0,0.000438176458940193,0,0,2.39596100779348e-05,0,0,0,0,0,0,0,0,0,0,0,0,0,0,0,0,0,0,0.000534451135437441,3.31505766577262e-06,0.00224666771475359,0,0.000115750974529942
0,0,0,0.0153138250979136,0,0.000249258563998376,0,0,0,0.0460647662917618,0,0,0,0,0,0,0,0,7.74655145661619e-05,0,0,0,0,6.4009162081204e-05,0,0,0,0,0,0,0,0,0,0,0,4.91541918474429e-06,0,3.14594318145687e-06,0,0,0,0.000290384414636746,0,0,0,0,0,0,0,0.000459351616253484,0,0,0,0,0,0.0966606304085245,0,0.00195814982954996,0,0.000460427439019036,0,0.00136022670375418,0,0,0,0,0.00162967129174837,0,0,0,0,0,0,0,0,0,0,0,1.99588536554189e-05,0,0,0,0.000181063105948202,0,0.00383214720746479,0,0
0.0280855603888997,0,0,0,0.00469847236729583,0,0,0,0.00897837966577433,0,0,0,0,0,0,0,0,0,0,0,0,0,0,0,0,0,0,0,0,0,0,0,0,0,0,0,0,0,0,0,0,1.97455766451551e-05,0.00036845292429326,0,0,0,0.00344098077909256,4.65210560978565e-05,0.00377862659016594,0,0.000425123207215883,0,0,0,0.000789304121257736,0,0.00253706824573921,0,0,0,0.000179056148210226,0,0,2.40916062138241e-05,0,0,0,0,0,0,0,0.000153119485840187,0,0.00124781562500405,0,0,0,0,0,2.19577696358154e-05,0,3.96659903924312e-05,0.00032134259882828,1.08376945764008e-05,0.00828660058454414,0,0
0,0.0153138250979136,0,0,0,0.016474134861513,0,0,0,0.00723309972559575,0,0,0,0,0,0,0,0,1.92676732081738e-05,0,0,0,0,0,0,0,0,0,0,0,0,0,0,0,0,0,0,0,0,4.28157833274921e-05,0,0.00138753858811518,0,0.000428759219118113,0,0.00183033668639619,0,0,0,0.00242041892621098,0,0.00598485983083065,0,0,0,0.00698763036005541,0,0.00649346783909275,0,0.000468024885124955,0,0.0015266929993304,6.77828286564675e-05,0,0,0,0,0,0,0,5.34807112142968e-05,0,0.00021733223890311,0,0,0,0,0,4.1496783932832e-06,0,3.49191863974818e-05,0,0.000303655515016494,3.55958779412362e-05,0.0114524623230515,0.000619388736044805,0
0.00634132232266029,0,0.00469847236729583,0,0,0,0.00217463191732797,0,0.00462623338009029,0,0,0,0,0,0,0,0,0,7.82195216413923e-06,0,0.0002023859595606,0,0,0,0,0,0,0,0,0,0,0,0,0,0,0,4.49931471892384e-06,0,4.88017217949109e-06,0,0.000387080712324996,0,0.000362022977090695,0,0,6.54325661742666e-06,0.00166718279814204,0,0.000740692182890343,0,0.0428733007644408,0,6.55409977981785e-05,0,0.0036727280367384,0,0.00010474434561159,0,0.000509280165266223,0,0,0,0,0.00397966860267317,0,0,0,0,0,0,0,1.64248544233339e-05,0,0.000189643182171416,0,0,0,0,0,1.84099088428389e-05,0,4.08954018599921e-05,0.00117986059166039,0,0.00628062482550828,0,0
0,0.000249258563998376,0,0.016474134861513,0,0,0,0.00133606046120525,0,0.00952030021436353,0,0,0,0,0,0.00184004105215152,0,1.30602029638845e-05,5.97080312313624e-06,0.0035273729264844,0,0,0,0,0,0,0,0,0,0,0,0,0,0,0,9.41259924902784e-06,0,1.63746977378533e-06,0,0.00040961770992968,0,0.00081243660523853,0,0,0,0.00623913745758162,0,0,0,0.000640619428141896,0,0.0370104177666069,0,0.000235918603721075,0,0.00489147708035689,0,9.77723207029509e-05,0,0,0,0.00360371745059824,0.0266322806742208,0,0,0,0,0,2.93343898423322e-05,0,7.42137853674867e-05,0,0.000374810187002209,0,0,0,0,0,4.67329770114084e-05,0,2.49344523288595e-05,0,0.00248150842231283,6.59758723216906e-06,0.00772905415872639,0.000101759738932995,0
0,0,0,0,0.00217463191732797,0,0,0,0,0,0.000389401081946697,0,0,0,0,0,0,0,0,0,0.00198728176536921,0,0,0,0,0,0,0,0,0,0,0,0,0,0,0,0,0,0,0,0,0,0,0,0,0,0,0,0,0,0.000341726519045714,0,0.0217897828760035,0,0,0,5.21966789086966e-05,0,0.000771022209849846,0,0,0,0,0,0,0,0,0,0,0,0,0,0,0,0,0,0,0,0,0,0,0,0.00057489218526159,0,0,0,0
0,0,0,0,0,0.00133606046120525,0,0,0,0,0,0,0,0,0,0,0,0,0,0,0,0,0,0,0,0,0,0,0,0,0,0,0,0,0,0,0,0,0,0,0,0,0,0,0,0,0,0,0,0,0,0.000169492764274796,0,0.00582819093562867,0,0,0,0,0,0,0,0,0,0,0,0,0,0,0,0,0,0,0,0,0,0,0,0,0,0,0,0,0.00013699854223374,0,0,0,0
0.054335421596177,0,0.00897837966577433,0,0.00462623338009029,0,0,0,0,5.0528961511101e-05,0,0,0,0,0.000254601811737786,0,0.006511787370025,0.000774983444950429,0.000241530640565072,0,0,0,0,0,0.000383903394910203,0,2.97820593480607e-05,0,0,0,0,0,0,0,0,0,6.99991235148767e-06,1.95420573730987e-06,0.000347366006092386,0,0,0,3.58470481728537e-05,0,0,0,0.000369916578284683,0,3.16107683631032e-05,0,4.04911804551336e-05,0,0,0,0.0603778157930956,0,0,0,0,0,0.00135735948026133,0,0,0,0,0,0,0.00141707741326977,0,0,0,0,0,0.00013993271122037,0,0,0,0,0,0,0,0.000803282047010105,0.000905883111784823,3.43870908992168e-05,0.000761266596688086,0,0.00163438402106695
0,0.0460647662917618,0,0.00723309972559575,0,0.00952030021436353,0,0,5.0528961511101e-05,0,0,0,0,0,0,0.0058237495670112,0.00124942698178701,0.00597945830424418,0.000535518721497232,0,0,0,0,0.00493504222245773,0,0.0163846429366985,0,0,0,0,0,0,0,0,0,0,0,0.000514936962181559,0,0,0,0.000676705672132143,0,0,0,3.29814813141766e-05,0,0,0,0,0,0,0,0,0,0.0904346621254226,0,1.54408019667276e-05,0,0,0,0.00288142608188992,0,0,0,0,0.0175836658159955,0,0.00564910091254875,0,0,0,0,0,0,0,0,0,0,0,7.16727246614714e-05,0,0.000816496832727822,0.000103347497789866,0.000178201701170188,0.000476716406268908,0
0,0,0,0,0,0,0.000389401081946697,0,0,0,0,0,0,0,0,0,0,0,0,0,0.0165813748784876,0,0,0,0,0,0,0,0.00257157382238709,0,0.0011397982662747,0,0,0,0,0,0.000185776689873953,0,0.00410153395984135,0,0,0,0,0,0,0,2.51953657989111e-05,0,0,0,0,0,0,0,0,0,0.0234951786132452,0,0.000157927446563256,0,0,0,0,0.00197474090668833,0,0,0,0,0,0,0,0.000503625887303554,0,0.00160268568093224,0,0,0,0,0,0.000136938585535669,0,0,0.000109329752445945,0,0,0,0
0,0,0,0,0,0,0,0,0,0,0,0,0,0,0,0,0,0,0,0.00968013578862446,0,0,0,0,0,0,0,0.000901445292529805,0,0.015285946125407,0,0,0,0,0,0,0,0.00035382554233083,0,0,0,0,0,0,0,0,0,0,0,0,0,0,0,0.000129706552025136,0,0,0,0.059225741336965,0,0.000257334031630307,0,0,7.3971916944797e-06,0,0,0,0,0,0,0,0.00116801635325009,0,0.0115711441211586,0,0,0,0,0,0,0,0.00105857420467034,0,0.000149395529744992,0,0,0,0
0,0,0,0,0,0,0,0,0,0,0,0,0,0,0,0,0,0,0,0,0,0,0,0,0,0,0,0,0,0,0,0,0,0,0,0,0,0,0,0,0,0,0,0,0,0,0,0,0,0,0,0,0,0,0,0,0,0,0.00294900490178903,0,0,0,0,0,0,0,0,0,0,0,0,7.83958237755289e-05,0,0,0,0,0,0,0,0,0,0,2.52903009823058e-06,0,0,0,0
0,0,0,0,0,0,0,0,0,0,0,0,0,0,0,0,0,0,0,0,0,0,0,0,0,0,0,0.000128619022226524,0,0,0,0,0,0,0,0,0,0,0,0,0,0,0,0,0,0,0,0,0,0,0,0,0,0,0,0,0,0,0,0.00471486387694451,0,0,0,0,0,0,0,0,0.00141348817880337,0,0.00421729688965457,0,0,0,0,0,0,0,0,0,0,0,0,0,0,0,0
0,0,0,0,0,0,0,0,0.000254601811737786,0,0,0,0,0,0,0,0.011126338870934,0.000381197320657409,0.000185888583035991,0,0,0,0,0,0,0,0.00188518177908624,0,0,0,0,0,0,0,0,0,0,0,0,0,0,0,0,0,0,0,0,0,0,0,0,0,0,0,0,0,0,0,0,0,0.0118863423759296,0,2.99024862142208e-05,0,0,0,0,0,0,0.000152497974029478,0,0,0,0,0,0,0,0,0,0,0,0,0.000617740988833293,0.000230542022085324,0,0,0
0,0,0,0,0,0.00184004105215152,0,0,0,0.0058237495670112,0,0,0,0,0,0,0.000228812408299678,0.0024183832053778,1.47564289231833e-05,0,0,0,0,0.000446853665690922,0,0,0,0,0,0,0,0,0,0,0,0,0,0,0,0,0,0,0,0,0,0,0,0,0,0,0,0.00216325476012881,0,0,0,0.00584700699661133,0,0,0,0,0,0.0104670620658716,0,0,0,0,0.000117470482206811,0,0,0,0,0,2.14179111638789e-05,0,0,0,0,0,4.59975375128089e-06,0,0,0,0.00025979980635769,0.000197510539282883,0,0,0
2.38263054626724e-05,0,0,0,0,0,0,0,0.006511787370025,0.00124942698178701,0,0,0,0,0.011126338870934,0.000228812408299678,0,0.090627983675021,0.0524787382600394,0,0,0,0.00584861945594977,8.56446215415095e-05,0,0,0.00387242973920339,0,0,0,0,0,0,0,0,5.53399565229003e-05,7.21465032146614e-05,3.09046534075121e-05,0.000113502081719742,0.000161362423371507,0.000654026597926272,0.000320265468771049,0.00192276636287926,0,4.25537736467219e-06,0.000365464122511566,6.28948934468627e-05,0,9.55473089214398e-05,0,0,0,0,0,0.000112391005813791,0,0,2.84998363958287e-06,0,0,0.00175370623987139,0,0.000142719140693389,5.44153765132135e-06,0,0.000239755015587333,0,0,0,7.43033296931798e-05,1.7541254786529e-06,4.14464981174552e-06,6.10869597474493e-05,0.00017744394704478,0,0,0,0,0.000354991766037267,0.000760826093951617,0.000105114968410129,0.000567210205430932,0.0427289454409273,0.0145228704199279,0.00079388326265328,0.000141861095273429,0.000487350390453833
0,0,0,0,0,1.30602029638845e-05,0,0,0.000774983444950429,0.00597945830424418,0,0,0,0,0.000381197320657409,0.0024183832053778,0.090627983675021,0,0.0466850694117216,0,0,0.00384094565377243,0,0.00174697778282956,0,0.0037588517742867,4.32977381666763e-05,0,0,0,0,0,0,0,0,0.000153894116946116,2.06884704015229e-05,4.9767256697731e-05,1.90910115245254e-05,0.000189877001849243,0.00034480490710635,0.000721407477139591,0.000477347330263296,3.24958539265137e-05,0,0.000341104195639312,6.13725809515821e-05,0,1.60784165359807e-05,0,0,0,0,0,0,0,0,2.2829172039624e-06,0,0,6.89536920746452e-05,1.60732786671676e-05,0.000114101575865723,7.14295537130845e-06,0,0,0,0,0.000861813234954994,0,2.535528661885e-05,0,6.53750833016135e-05,1.75773816654566e-05,0,0,0,0,0.000380032079479385,0.000173794813519455,0.000190457474689485,7.17310797086837e-05,0.038909755395146,0.0269583105360512,0.000355776563587051,0.00020221812277127,9.71210206658906e-05
7.07217403143863e-05,7.74655145661619e-05,0,1.92676732081738e-05,7.82195216413923e-06,5.97080312313624e-06,0,0,0.000241530640565072,0.000535518721497232,0,0,0,0,0.000185888583035991,1.47564289231833e-05,0.0524787382600394,0.0466850694117216,0,0,0,8.94181411244412e-06,0,6.88515054477639e-05,0,6.69080923194833e-06,0,0,0,0,0,0,0,0,0,0.00232623910328883,0.0005380388033059,0.000948395923931686,0.00105315802596016,0.00661525129236452,0.00929084505017826,0.0186946257302129,0.0287923335221319,0.00130875532411632,0.00140583126142552,0.0116955358305896,0.000896864340746347,3.6325417420676e-06,0.00251873557244257,8.11175898222047e-05,0,0,0,0,0,0,0.000102158431799476,0.000282681561885357,0,0,2.9603600800247e-05,0,0.00295273652214461,8.75291138168675e-05,1.4347532406646e-05,0,0,0,5.65387263516217e-05,0,0.00087969455986419,0.000400975785576935,0.00847702412195637,0.00316074117044657,0,0,0,0,0.00936697844836621,0.00700375507154746,0.0085701379219653,0.00600447733849137,0.0241171288829134,0.0061603745722256,0.0153837573477063,0.00563105377846849,0.00549702593598054
0,0,0,0,0,0.0035273729264844,0,0,0,0,0,0.00968013578862446,0,0,0,0,0,0,0,0,0,0,0,0,0,0,0,0,0,0,0,0,0,0,0,0.00147734864369218,0,0.00193614850922758,0,0,0,3.55168230589185e-05,0,0,0,0.00033926661530444,0,0,0,0,0,0,0,0,0,0,0,0.0384019358405422,0,0,0,0,0.0543737331377633,0,0,0,0,0,0,0,8.56924431494235e-06,0,0.000544795873714774,0,0,0,0,0,0.00549147395183276,0,0.00255899131893702,0,0.00071596977680994,0,0.000113547689069932,0,0
0,0,0,0,0.0002023859595606,0,0.00198728176536921,0,0,0,0.0165813748784876,0,0,0,0,0,0,0,0,0,0,0,0,0,0,0,0,0,0,0,0,0,0,0,0,0,0.000525626428818845,0,0.000424267995330047,0,0,0,1.30074588699856e-05,0,0,0,0.00158970189906959,0,0,0,0.000297479424823383,0,0.000754486463405892,0,0,0,0.0138932403234049,0,2.80939526682094e-05,0,0,0,0,0.04862882874521,0,0,0,0,0,0,0,0,0,8.86297710499459e-05,0,0,0,0,0,0.00220767620297283,0,0.000474794240589997,0.00067182692300364,2.23989231129198e-06,0.000284175126523223,0,0
0,0,0,0,0,0,0,0,0,0,0,0,0,0,0,0,0,0.00384094565377243,8.94181411244412e-06,0,0,0,0.000233069529011523,0.00489383524212428,0,0.00122010081893162,0,0.00105887508510901,0,0,0,0,0,0,0,0,0,0.00450688250981544,0,0,0,5.0460334713467e-05,0,0,0,1.44798892652153e-05,0,0.000283537580256447,0,0.0116157722569899,0,0,0,0,0,0,0,0.000143603700419324,0,7.95979821342116e-05,0,0,0.000168465569351164,0,0.0497606418423629,0,0.00130661203527187,0,0.00887281997529217,0,0.0038606174681723,0,0,0,0,0,0,0,3.47300756015442e-06,0,0.00231837883358482,0,0.000940151200884527,0.000797103990992687,0.000159272344632407,2.78720194635902e-05,0
0,0,0,0,0,0,0,0,0,0,0,0,0,0,0,0,0.00584861945594977,0,0,0,0,0.000233069529011523,0,0,0.00177861566634543,0,0.000274444210085697,0,0.00179722858982003,0,0,0,0,0,0,0,0,0,0.00282732833436387,0,0,0,6.03339815755739e-06,0,0,0,0,9.95036589243145e-06,0.00578439339303039,0,0,0,0,0,0,0,1.38732034176108e-05,0,0,0,0,0,0,0,0,0.0600189691800189,0,0.00047301148753623,0,0.00675176912392431,0,0.00433861645737916,0,0,0,0,0,0,0,0,0,0.0083916716620362,0.00220860275284533,0.000406582861032859,2.94870845089109e-06,0,0
0,6.4009162081204e-05,0,0,0,0,0,0,0,0.00493504222245773,0,0,0,0,0,0.000446853665690922,8.56446215415095e-05,0.00174697778282956,6.88515054477639e-05,0,0,0.00489383524212428,0,0,0,0.0382750051527405,0,0,0,0,0,0,0,0,0,0,0,0.00255840709596464,0,1.49724424068514e-05,0,0.000193750775926333,0,0,0,0.000510976588413958,0,6.00864470589276e-05,0,0,0,0,0,0,0,0.0223798537241287,0,0.000154483791509271,0,0.000109473503654172,0,0.00497984259012561,0,0,0.000711279758666463,0,0.14009993724648,0,0.0379675369897909,0,0.000538288170038979,0,0,0,0,0,0,0,0,0,0.00140009259218843,0,0.000254452172461848,1.09726672437552e-05,0.000578778895560355,0.000794810644080575,0
0,0,0,0,0,0,0,0,0.000383903394910203,0,0,0,0,0,0,0,0,0,0,0,0,0,0.00177861566634543,0,0,0,0.0112288417734757,0,0,0,0,0,0,0,0,0,0,0,0.00175911758037109,0,0,0,0,0,0,0,0,0,0,0,0,0,0,0,0.00136578405847649,0,0,0,0,0,0,0,0,0,0,0.00776927339150651,0,0.116487759914724,0,0.00371609795917216,0,0,0,0,0,0,0,0,0,0,0,0.00229209895506592,0.00099814736130008,0,1.16128737311059e-05,0,0
0,0,0,0,0,0,0,0,0,0.0163846429366985,0,0,0,0,0,0,0,0.0037588517742867,6.69080923194833e-06,0,0,0.00122010081893162,0,0.0382750051527405,0,0,0,0.0010640284672615,0,0,0,0,0,0,0,0,0,0,0,0,0,4.37750087164245e-05,0,0,0,0,0,0,0,0,0,0,0,0,0,0,0,0.000106240249504049,0,0.000104375313620548,0,0.000380138885314961,6.30894577308632e-05,0,6.78842924209389e-05,0,0.00286058434536181,0,0.0979425810537999,0,0.00261211328569864,0,0,0,0,0,0,0,0,0,0,0,0.000118555050174387,2.48352108875726e-05,1.01742233231929e-05,0,0
0,0,0,0,0,0,0,0,2.97820593480607e-05,0,0,0,0,0,0.00188518177908624,0,0.00387242973920339,4.32977381666763e-05,0,0,0,0,0.000274444210085697,0,0.0112288417734757,0,0,0,0.00271049415230713,0,0,0,0,0,0,0,0,0,0,0,0,0,0,0,0,0,0,0,0,0,0,0,0,0,0.00156519853026072,0,0,0,2.48496891388605e-05,0,0.00176033812437454,0,0,0,0,0.000222385338869835,0,0.0022794625012323,0,0.0281212506522753,0,0.00352160593856562,0,0,0,0,0,0,0,0,0,3.73746902964978e-06,3.13496277115248e-05,2.10742158676434e-05,0,0,0
0,0,0,0,0,0,0,0,0,0,0,0.000901445292529805,0,0.000128619022226524,0,0,0,0,0,0,0,0.00105887508510901,0,0,0,0.0010640284672615,0,0,0,0.0063989923623132,0,0,0,0,0,0,0,0.000233365013904056,0,0,0,0,0,0,0,0,0,0,0,0,0,0,0,0,0,0,0,0.000251600189549566,0,0,0,0,0,0,0.00271577705910165,0,0,0,0.0020504930307552,0,0.0298458676637904,0,0.00138417635786567,0,0,0,0,0,0,0,0,0,8.07564757049099e-05,0,0,0,0
0,0,0,0,0,0,0,0,0,0,0.00257157382238709,0,0,0,0,0,0,0,0,0,0,0,0.00179722858982003,0,0,0,0.00271049415230713,0,0,0,0.000373161586575793,0,0,0,0,0,0,0,0.000275233332253095,0,0,0,0,0,0,0,0,0,0,0,0,0,0,0,0,0,0,0,0,0,0,0,0,0,0,0.00107780329758369,0,0,0,0.00133337934439757,0,0.0187559844209537,0,0.00017770752402624,0,0,0,0,0,0,0,0,9.93140810797371e-07,0,0,0,0
0,0,0,0,0,0,0,0,0,0,0,0.015285946125407,0,0,0,0,0,0,0,0,0,0,0,0,0,0,0,0.0063989923623132,0,0,0,0,0,0,0,0,0,0.00282546532206944,0,0,0,0,0,0,0,0,0,0,0,0,0,0,0,0,0,0,0,0.00196740018707186,0,0,0,0,0,0,0,0,0,0,0,0,6.21989154291459e-05,0,0.053867254040268,0,0,0,0,0,0,0,0.00172168557483353,0,1.99629013116202e-05,0,0,0,0
0,0,0,0,0,0,0,0,0,0,0.0011397982662747,0,0,0,0,0,0,0,0,0,0,0,0,0,0,0,0,0,0.000373161586575793,0,0,0,0,0,0,0,0,0,0.000531566803480051,0,0,0,0,0,0,0,0,0,0,0,0,0,0,0,0,0,0.000237976867227015,0,0,0,0,0,0,0,0,0,0,0,0,0,0,0.00673363721217395,0,0.00966682192678848,0,0,0,0,0,0,0,0,0,0,0,0,0
0,0,0,0,0,0,0,0,0,0,0,0,0,0,0,0,0,0,0,0,0,0,0,0,0,0,0,0,0,0,0,0,0.031922586158548,0.00016325219152459,0,0.000489209369560774,0,0,0,0,0,0,0,0,0,0,0,0.0211002474963163,0.000136811352152129,0,0,0,0,0,0,0,0,0,0,0,0,0,0,0,0,0,0,0,0,0,0,0,0,0,0.0768398781026359,0.00366341448009263,0.00595963960458923,0,0.00230305762202455,6.87560779943057e-06,0,0,0.000887957065842766,0,0,0,0
0,0,0,0,0,0,0,0,0,0,0,0,0,0,0,0,0,0,0,0,0,0,0,0,0,0,0,0,0,0,0,0.031922586158548,0,0.000576342448476642,0.0100237898503564,0,0.00329239544904785,0,0,0,0,0,0,0,0,0,0,0.0342001654905498,0,0,0,0,0,0,0,0,0,0,0,0,0,0,0,0,0,0,0,0,0,0,0,0,0,0,0.0228904819461203,0.493029056365315,0.00132588775038472,0.0235566742413546,0.000362321878515721,0.00193065080140261,0,0,0.00102839860944933,0,0,0,0
0,0,0,0,0,0,0,0,0,0,0,0,0,0,0,0,0,0,0,0,0,0,0,0,0,0,0,0,0,0,0,0.00016325219152459,0.000576342448476642,0,0.0153260534572519,0.00622134161288098,0,0.00403724429845337,0.00030132907416242,0,0,0,0,0,0,0,0,0.113115738749003,0,0.00233089590260668,0,0,0,0,0,0,0,0,0,0,0,0,0,0,0,0,0,0,0,0,0,0,0,0,0.000309861875254075,0,0.177248256684104,0.0027555328965776,0.000971878745952505,0,0.00201805973777395,0,0.000357820160004952,0,0,0,0
0,0,0,0,0,0,0,0,0,0,0,0,0,0,0,0,0,0,0,0,0,0,0,0,0,0,0,0,0,0,0,0,0.0100237898503564,0.0153260534572519,0,0,0.00890411593513466,0,0.00734964990715263,0,0,0,0.000149526942415379,0,0,0,0,0.228267251969668,5.36350798230945e-05,0,0,0,0,0,0,0,0,0,0,0,0,0,0,0,0,0,0,0,0,0,0,0,0,0,0,0.00342264428985472,0.000518396406586394,0.292041220019239,0,0.000219136576597168,0,0.00040991361483649,0.00235643545431842,6.32589691093235e-05,9.35518468928131e-05,0,0
0,4.91541918474429e-06,0,0,0,9.41259924902784e-06,0,0,0,0,0,0,0,0,0,0,5.53399565229003e-05,0.000153894116946116,0.00232623910328883,0.00147734864369218,0,0,0,0,0,0,0,0,0,0,0,0.000489209369560774,0,0.00622134161288098,0,0,0,0.00908776266108013,3.28778264743162e-06,0.000189019050608986,1.70073220108386e-05,0.00164179475721656,3.39155128347142e-05,0.000317205113610226,1.12808651823076e-06,0.00230643761208584,1.5959948274359e-06,4.24534697863641e-06,0,4.81296551895766e-05,0,0,0,0,0,0,0,2.30631295015157e-06,0,0,0,0,0.00420691514568273,1.43041614871181e-06,0,0,0,0,0,0,1.1180104528825e-05,0,7.4678035896073e-05,0,0.000519190504062749,0,0.00137893536287032,0,0.0472116729408004,2.2442654118721e-05,0.00943912635763539,6.03288483780779e-06,0.00484364724330542,0.00034464469565422,0.00205038340570854,0.000955510057206946,2.59673677493154e-06
0,0,0,0,4.49931471892384e-06,0,0,0,6.99991235148767e-06,0,0.000185776689873953,0,0,0,0,0,7.21465032146614e-05,2.06884704015229e-05,0.0005380388033059,0,0.000525626428818845,0,0,0,0,0,0,0,0,0,0,0,0.00329239544904785,0,0.00890411593513466,0,0,0,0.00522888798715449,0,7.70016391158126e-05,1.67916476144114e-05,0.000847795403220272,0,9.6592524089251e-05,1.14041535427986e-05,0.00217830206858957,4.33896755910309e-05,0.000439511722579199,0,1.43421934836177e-06,0,0,0,0,0,1.95013367133397e-05,0,1.41279300920482e-06,0,0,0,8.45159556431231e-06,0.000811437941451175,0,0,0,0,0,0,0,4.66177159884297e-05,0,7.7525203512042e-05,0,0.000450683663700818,0,0.00614947461924765,1.72407199172079e-05,0.0489384143965556,0,0.00390227068534395,0.00287960973828668,2.0800276248203e-05,0.000667395305721678,0,0.00014073074217606
0,3.14594318145687e-06,0,0,0,1.63746977378533e-06,0,0,1.95420573730987e-06,0.000514936962181559,0,0.00035382554233083,0,0,0,0,3.09046534075121e-05,4.9767256697731e-05,0.000948395923931686,0.00193614850922758,0,0.00450688250981544,0,0.00255840709596464,0,0,0,0.000233365013904056,0,0.00282546532206944,0,0,0,0.00403724429845337,0,0.00908776266108013,0,0,4.24962068230782e-05,6.34370673903292e-05,6.62791299541868e-06,0.000974417207301714,1.96460085702371e-05,0.000217805007897716,8.95300508591408e-06,0.00119889284475984,7.91133696371831e-06,0.0239641215690774,0,0.00145167869118714,0,0,0,0,0,0.00137129546030179,0,7.01702683024176e-05,0,0,0,0,0.00887746216254426,0,0.00216875403352148,0,0.00312853507906639,0,0.00274088914572303,0,0.000855650113423895,0,4.58401470481421e-05,2.11503335701615e-05,0,0,0.000772019125644727,0,0.00175710085074659,4.58614275128052e-06,0.0826072269816211,1.93240094747134e-06,0.00361354506433478,0.000267791664887311,0.00321100284960463,0.000637225762136528,0
2.82202828481826e-06,0,0,0,4.88017217949109e-06,0,0,0,0.000347366006092386,0,0.00410153395984135,0,0,0,0,0,0.000113502081719742,1.90910115245254e-05,0.00105315802596016,0,0.000424267995330047,0,0.00282732833436387,0,0.00175911758037109,0,0,0,0.000275233332253095,0,0.000531566803480051,0,0,0.00030132907416242,0.00734964990715263,3.28778264743162e-06,0.00522888798715449,4.24962068230782e-05,0,5.31095248737195e-06,0.000135752733910646,1.6118510266238e-05,0.00538809020859951,8.12017069190324e-06,0.000524592523071476,1.64049073047762e-05,0.0019408191714252,0.0160276177605067,0.00287852270863714,1.31941416896734e-05,0,0,0,0,0.000257935006271729,0,0.000811409209169343,0,0,0,0,0,7.83154918950491e-06,0.000443794095686149,0,0.002094172687691,0,0.00275162876997667,0,0.000409365836755052,0,0.000166973581965242,4.21785464015124e-06,0.000905197542329544,0,0,0,0.002969966675898,1.59637250283703e-05,0.00283289089227829,3.6264930322408e-06,0.0747718487773582,0.00367330375655795,0.000496187431181016,0.00219922354942012,0,0.000418553288634247
0,0,0,4.28157833274921e-05,0,0.00040961770992968,0,0,0,0,0,0,0,0,0,0,0.000161362423371507,0.000189877001849243,0.00661525129236452,0,0,0,0,1.49724424068514e-05,0,0,0,0,0,0,0,0,0,0,0,0.000189019050608986,0,6.34370673903292e-05,5.31095248737195e-06,0,4.76614809932109e-05,0.0393645488876967,0.000274247643797067,0.000622839169745077,0.000254352593196926,0.0320745176598646,1.24033870323934e-05,0.000146728492212072,7.84485581675678e-05,0.0280332232843141,0,0.000107107773725118,0,0,0,0,0,3.72119120036306e-05,0,4.91024832945477e-06,0,0,0.00154898480918713,0,0,0,0,0,1.42428480248962e-05,0,0.00015021902174156,0,0.00201395092708747,2.30905582572732e-05,0,0,0,0,0.00191594174531149,4.63105142583247e-05,0.000660398693689445,7.59660441300192e-05,0.000587983267994677,0.000136565561513973,0.0205165888169592,0.00223477799700396,9.91890119847179e-06
0,0,0,0,0.000387080712324996,0,0,0,0,0,0,0,0,0,0,0,0.000654026597926272,0.00034480490710635,0.00929084505017826,0,0,0,0,0,0,0,0,0,0,0,0,0,0,0,0,1.70073220108386e-05,7.70016391158126e-05,6.62791299541868e-06,0.000135752733910646,4.76614809932109e-05,0,0.000377069715725544,0.0664503781936798,0,0.00246398662512948,0.000208394072561849,0.0258464531332965,0.000413366048447605,0.0550354479688793,0.00200658455110266,0,0,0,0,0,0,0.000280731513381436,0,0,0,0,0,2.37891232952475e-05,0.00428216629636927,0,0,0,0,0,0,0,0.000169005566141526,9.87089998757723e-06,0.00102328798123355,0,0,0,0,0.00011022980891421,0.00481626376488403,3.33908825602683e-06,0.000826537621357025,0.00104164050121097,0.00025376738092342,0.0184815604350912,0.000141137569442847,0.0021833248462395
0,0.000290384414636746,1.97455766451551e-05,0.00138753858811518,0,0.00081243660523853,0,0,0,0.000676705672132143,0,0,0,0,0,0,0.000320265468771049,0.000721407477139591,0.0186946257302129,3.55168230589185e-05,0,5.0460334713467e-05,0,0.000193750775926333,0,4.37750087164245e-05,0,0,0,0,0,0,0,0,0,0.00164179475721656,1.67916476144114e-05,0.000974417207301714,1.6118510266238e-05,0.0393645488876967,0.000377069715725544,0,0.00618517583287683,0.00123261170308319,0.000103300673396603,0.0138704416626896,4.73414016977251e-05,0.000733393329793612,2.34441271465069e-05,0.017226707536618,0,6.31260302535883e-05,0,0,0,0,0,0.0217623976972268,0,0.00019604534881362,0,0,0.0156503830114152,0,0.000114336070212004,0,5.20293177790243e-05,0,0.0013180792789844,0,0.0140959392693116,0,0.043501498035486,8.15653794085681e-05,0,0,0,0,0.0153648949638968,0.000208358495745667,0.00957129148495208,0.000136162067960614,0.00328962803144819,0.000198905835881426,0.0509139553141101,0.0380915644594582,1.64704155738329e-05
0.000396484760476766,0,0.00036845292429326,0,0.000362022977090695,0,0,0,3.58470481728537e-05,0,0,0,0,0,0,0,0.00192276636287926,0.000477347330263296,0.0287923335221319,0,1.30074588699856e-05,0,6.03339815755739e-06,0,0,0,0,0,0,0,0,0,0,0,0.000149526942415379,3.39155128347142e-05,0.000847795403220272,1.96460085702371e-05,0.00538809020859951,0.000274247643797067,0.0664503781936798,0.00618517583287683,0,0,0.00238340334261374,0.000361121578109355,0.00970551733954436,0.0147682490492093,0.0353708597974959,0,1.55456555622802e-05,0,0,0,0,0,0.00403557155960405,0,0,0,0,0,8.58619532341098e-05,0.0116092977093821,0,0,0,0,0,0,0,0.00952137608731481,7.37429170936336e-05,0.0308399328738271,0,0,0,0,0.000326179813014627,0.020218882220986,4.26433816868616e-05,0.0103753379436436,0.00608091811511533,0.00049633268156066,0.095306626777588,0.000280223598175392,0.0424395578734094
0,0,0,0.000428759219118113,0,0,0,0,0,0,0,0,0,0,0,0,0,3.24958539265137e-05,0.00130875532411632,0,0,0,0,0,0,0,0,0,0,0,0,0,0,0,0,0.000317205113610226,0,0.000217805007897716,8.12017069190324e-06,0.000622839169745077,0,0.00123261170308319,0,0,0,0.000616934067843908,0,0,0,0,0,0,0,0,0,0,0,3.6513864505483e-05,0,0,0,0,0.00030888367696946,0,0,0,0,0,0,0,0,0,0.000444241523708967,0,0,0,0,0,0.000609091054419223,6.38253662717178e-06,0.000344546638808734,1.03955851850558e-05,3.02026198823688e-05,0,0.00131486471103818,0,0
0,0,0,0,0,0,0,0,0,0,0,0,0,0,0,0,4.25537736467219e-06,0,0.00140583126142552,0,0,0,0,0,0,0,0,0,0,0,0,0,0,0,0,1.12808651823076e-06,9.6592524089251e-05,8.95300508591408e-06,0.000524592523071476,0.000254352593196926,0.00246398662512948,0.000103300673396603,0.00238340334261374,0,0,0.000119427879957777,0.000156413312424579,0,0.00101730263735745,0,0,0,0,0,0,0,5.30924548540652e-05,0,0,0,0,0,1.42051534888134e-05,0,0,0,0,0,0,0,0,0.000693917059216689,0.000108853204254314,0.011612950883999,0,0,0,0,4.8184858566733e-05,0.000601579022361828,1.34676290184465e-05,0.00226721730260874,7.43073578075341e-05,3.05082880853288e-06,0.00240028471816245,0,0.000982464610522326
0,0,0,0.00183033668639619,6.54325661742666e-06,0.00623913745758162,0,0,0,3.29814813141766e-05,0,0,0,0,0,0,0.000365464122511566,0.000341104195639312,0.0116955358305896,0.00033926661530444,0,1.44798892652153e-05,0,0.000510976588413958,0,0,0,0,0,0,0,0,0,0,0,0.00230643761208584,1.14041535427986e-05,0.00119889284475984,1.64049073047762e-05,0.0320745176598646,0.000208394072561849,0.0138704416626896,0.000361121578109355,0.000616934067843908,0.000119427879957777,0,6.30219958092205e-05,0.000855840751920255,9.56623811727562e-05,0.0119974797082547,0,0.000311305909839359,0,0,0,0,0,0.00110896318542199,0,7.91047359467441e-06,0,0,0.0854676044399343,0,4.16655658944982e-06,0,3.55368451564395e-05,0,0.00015953031741945,0,0.00163442393340327,0,0.0112100932888398,0,0,0,0,0,0.0112300487387806,0.000128097927528072,0.00511668468037627,5.9011728188849e-05,0.00199873368788413,0.000265708676157124,0.0227358768868363,0.00357022650489526,3.52555765828642e-05
0,0,0.00344098077909256,0,0.00166718279814204,0,0,0,0.000369916578284683,0,2.51953657989111e-05,0,0,0,0,0,6.28948934468627e-05,6.13725809515821e-05,0.000896864340746347,0,0.00158970189906959,0,0,0,0,0,0,0,0,0,0,0,0,0,0,1.5959948274359e-06,0.00217830206858957,7.91133696371831e-06,0.0019408191714252,1.24033870323934e-05,0.0258464531332965,4.73414016977251e-05,0.00970551733954436,0,0.000156413312424579,6.30219958092205e-05,0,0.000188148958662839,0.00604132649881523,0.000668573104740054,0.0003368325935456,0,0,0,0,0,0.00484048001734794,0,2.93177315252855e-05,0,0,0,2.56376239053576e-05,0.0373953236817447,0,0,0,0,0,0,3.00263255825122e-05,0.00249734594660416,0,0.0140959578172088,0,0,0,0,2.48991502650076e-05,0.012603105511873,2.39342285501454e-06,0.0064417371500618,0.00132632273387443,0.000119428337891834,0.0179974285415017,1.12376890163619e-05,0.00466096839796637
0.000428286071796411,0,4.65210560978565e-05,0,0,0,0,0,0,0,0,0,0,0,0,0,0,0,3.6325417420676e-06,0,0,0.000283537580256447,9.95036589243145e-06,6.00864470589276e-05,0,0,0,0,0,0,0,0.0211002474963163,0.0342001654905498,0.113115738749003,0.228267251969668,4.24534697863641e-06,4.33896755910309e-05,0.0239641215690774,0.0160276177605067,0.000146728492212072,0.000413366048447605,0.000733393329793612,0.0147682490492093,0,0,0.000855840751920255,0.000188148958662839,0,0.0342823613430946,0.121231332983549,0,0,0,0,0,0,0,9.18423851059005e-06,0,0,0,0,8.00581007061145e-05,0,4.25068179784565e-05,0,0.000693756776631721,0,0,0,0,1.66926951548985e-05,0,0,0.0227219243592666,0.0254069961841044,0.0442520125349248,0.047443499639536,0.00848095168557216,0.000202743065281882,0.00782413352055541,0.00179309095688003,0.00360597500129683,7.07339674778152e-05,0.0179584209991517,0,0.000500849781152388
0.0153016953267007,0,0.00377862659016594,0,0.000740692182890343,0,0,0,3.16107683631032e-05,0,0,0,0,0,0,0,9.55473089214398e-05,1.60784165359807e-05,0.00251873557244257,0,0,0,0.00578439339303039,0,0,0,0,0,0,0,0,0.000136811352152129,0,0,5.36350798230945e-05,0,0.000439511722579199,0,0.00287852270863714,7.84485581675678e-05,0.0550354479688793,2.34441271465069e-05,0.0353708597974959,0,0.00101730263735745,9.56623811727562e-05,0.00604132649881523,0.0342823613430946,0,0.00278928189457168,0.000273238159203279,0,0,0,0.000269737845020686,0,0.000774971980445962,0,0,0,6.53979441267438e-05,0,0,0.0011727783716757,0,0.0126594093837604,0,0,0,0.00481280214644473,0,0.00386866562114487,0,0.00842548049793965,0,0.000522730428090931,0,0.000104840200359308,1.37251258330811e-06,0.00239721696890661,0,0.00538744511306401,0.000875365367599896,3.84207467410759e-05,0.0268505526402033,2.82990651834036e-05,0.00784763808190935
0,0.000459351616253484,0,0.00242041892621098,0,0.000640619428141896,0,0,0,0,0,0,0,0,0,0,0,0,8.11175898222047e-05,0,0,0.0116157722569899,0,0,0,0,0,0,0,0,0,0,0,0.00233089590260668,0,4.81296551895766e-05,0,0.00145167869118714,1.31941416896734e-05,0.0280332232843141,0.00200658455110266,0.017226707536618,0,0,0,0.0119974797082547,0.000668573104740054,0.121231332983549,0.00278928189457168,0,0,0,0,0,0,0,0,0.00284006789270393,0,0.000440774319970454,0,5.08741147716698e-05,0.000585924217599297,1.00420582916428e-05,0.0074667625460565,0,9.98315473887956e-05,0,0.00405507834009197,0,0.000968541472119474,0,0.00213178973270128,0.000194630005639089,5.58408666440527e-05,0,0.000203700565119226,0,0.00496651355156386,7.27339050145003e-05,0.0075657396105346,0,0.000270356831322167,0,0.015673140379225,0.000202240416223853,0
0.000589014529506649,0,0.000425123207215883,0,0.0428733007644408,0,0.000341726519045714,0,4.04911804551336e-05,0,0,0,0,0,0,0,0,0,0,0,0.000297479424823383,0,0,0,0,0,0,0,0,0,0,0,0,0,0,0,1.43421934836177e-06,0,0,0,0,0,1.55456555622802e-05,0,0,0,0.0003368325935456,0,0.000273238159203279,0,0,0,0.00331845199184304,0,0.000911129906864858,0,0.00324920564790188,0,0,0,0,0,0,0.0001301855506998,0,0,0,0,0,0,0,0,0,0.000135158269531921,0,0,0,0,0,7.29568490663736e-06,0,0,1.89300290724755e-05,0,0.0016904866397491,0,0
0,0,0,0.00598485983083065,0,0.0370104177666069,0,0.000169492764274796,0,0,0,0,0,0,0,0.00216325476012881,0,0,0,0,0,0,0,0,0,0,0,0,0,0,0,0,0,0,0,0,0,0,0,0.000107107773725118,0,6.31260302535883e-05,0,0,0,0.000311305909839359,0,0,0,0,0,0,0,0,0,0,0,0.0029247678840185,0,0.000161619255986627,0,0.00573581301986765,0.00247068608561211,0,0,0,0,0,0,0,0,0,0,0,0,0,0,0,0,0,6.71096690821793e-06,0,7.50583534844781e-05,0,0.00395036937287804,0,0
0,0,0,0,6.55409977981785e-05,0,0.0217897828760035,0,0,0,0,0,0,0,0,0,0,0,0,0,0.000754486463405892,0,0,0,0,0,0,0,0,0,0,0,0,0,0,0,0,0,0,0,0,0,0,0,0,0,0,0,0,0,0.00331845199184304,0,0,0,0,0,0,0,0.00451024534630772,0,0,0,0,0,0,0,0,0,0,0,0,0,0,0,0,0,0,0,0,0,0,0,2.15180294119776e-05,0,0,0,0
0,0,0,0,0,0.000235918603721075,0,0.00582819093562867,0,0,0,0.000129706552025136,0,0,0,0,0,0,0,0,0,0,0,0,0,0,0,0,0,0,0,0,0,0,0,0,0,0,0,0,0,0,0,0,0,0,0,0,0,0,0,0,0,0,0,0,0,0.00216878330675121,0,0,0,0,0,0,0,0,0,0,0,0,0,0,0,0,0,0,0,0,0,0,0,0,0,0,0,0,0
0.0631398725145575,0,0.000789304121257736,0,0.0036727280367384,0,0,0,0.0603778157930956,0,0,0,0,0,0,0,0.000112391005813791,0,0,0,0,0,0,0,0.00136578405847649,0,0.00156519853026072,0,0,0,0,0,0,0,0,0,0,0,0.000257935006271729,0,0,0,0,0,0,0,0,0,0.000269737845020686,0,0.000911129906864858,0,0,0,0,0,0.00134208271087638,0,0,0,0.000768775501014002,0,0,0,0,0,0,0.0527438807256691,0,0,0,0,0,0,0,0,0,0,0,0,0,0.00275918418036881,4.19072073203415e-05,0,0.000156736668440681,0,0
0,0.0966606304085245,0,0.00698763036005541,0,0.00489147708035689,0,0,0,0.0904346621254226,0,0,0,0,0,0.00584700699661133,0,0,0,0,0,0,0,0.0223798537241287,0,0,0,0,0,0,0,0,0,0,0,0,0,0.00137129546030179,0,0,0,0,0,0,0,0,0,0,0,0,0,0,0,0,0,0,0,0,0,0,0,0.0569573167240004,0,0,0,0,0.0415511391851751,0,0,0,0,0,0,0,0,0,0,0,0,0,0.00118821811781073,0,3.94055307778828e-05,0,2.92330108613318e-05,0,0
5.83873575077691e-05,0,0.00253706824573921,0,0.00010474434561159,0,5.21966789086966e-05,0,0,0,0.0234951786132452,0,0,0,0,0,0,0,0.000102158431799476,0,0.0138932403234049,0,1.38732034176108e-05,0,0,0,0,0,0,0,0.000237976867227015,0,0,0,0,0,1.95013367133397e-05,0,0.000811409209169343,0,0.000280731513381436,0,0.00403557155960405,0,5.30924548540652e-05,0,0.00484048001734794,0,0.000774971980445962,0,0.00324920564790188,0,0,0,0.00134208271087638,0,0,0,0.00646911864872694,0,0.00134312010861628,0,0,0.0252732011387733,0,0,0,0,0,0.00036076715472929,0,0.0116425439275148,0,0.021114058906933,0,0,0,0,0,0.000484148733912267,0,0.000492189681272574,4.90350898290082e-05,1.81462896740203e-06,0.00433550272183207,0,0.00114230590799907
0,0.00195814982954996,0,0.00649346783909275,0,9.77723207029509e-05,0,0,0,1.54408019667276e-05,0,0.059225741336965,0,0,0,0,2.84998363958287e-06,2.2829172039624e-06,0.000282681561885357,0.0384019358405422,0,0.000143603700419324,0,0.000154483791509271,0,0.000106240249504049,0,0.000251600189549566,0,0.00196740018707186,0,0,0,0,0,2.30631295015157e-06,0,7.01702683024176e-05,0,3.72119120036306e-05,0,0.0217623976972268,0,3.6513864505483e-05,0,0.00110896318542199,0,9.18423851059005e-06,0,0.00284006789270393,0,0.0029247678840185,0,0.00216878330675121,0,0,0,0,0,0.00979274599890122,0,0.00157362315177472,0.0354514406118374,0,0.000141030468649511,0,2.26698292005412e-05,0,0.00389064804545532,0,0.0114099052510113,0,0.0162632328018669,0,0,0,0,0,7.22577188169572e-05,0,0.000656194628212403,0,0.000182395879550167,0,0.0145005404577097,0.00174305438223798,0
0,0,0,0,0.000509280165266223,0,0.000771022209849846,0,0,0,0.000157927446563256,0,0.00294900490178903,0,0,0,0,0,0,0,2.80939526682094e-05,0,0,0,0,0,2.48496891388605e-05,0,0,0,0,0,0,0,0,0,1.41279300920482e-06,0,0,0,0,0,0,0,0,0,2.93177315252855e-05,0,0,0,0,0,0.00451024534630772,0,0,0,0.00646911864872694,0,0,0,0.000380306053122871,0,0,0.000135495532320709,0,0,0,0,0,0.000481302844916956,0,0.00484878392854699,0,0,0,0,0,0,0,7.50714918241465e-06,0,0,0,0,0,0,0
0,0.000460427439019036,0,0.000468024885124955,0,0,0,0,0,0,0,0.000257334031630307,0,0.00471486387694451,0,0,0,0,0,0,0,7.95979821342116e-05,0,0.000109473503654172,0,0.000104375313620548,0,0,0,0,0,0,0,0,0,0,0,0,0,4.91024832945477e-06,0,0.00019604534881362,0,0,0,7.91047359467441e-06,0,0,0,0.000440774319970454,0,0.000161619255986627,0,0,0,0,0,0.00979274599890122,0,0,0,0.00281530753519253,0.0014822184382565,0,8.70403540877042e-05,0,1.82649340932832e-05,0,0.0077781372277127,0,0.00307637247792601,0,0,0,0,0,0,0,5.52409542507059e-06,0,0,0,5.73681250595388e-06,0,0.000610585515659067,0,0
0.000438176458940193,0,0.000179056148210226,0,0,0,0,0,0.00135735948026133,0,0,0,0,0,0.0118863423759296,0,0.00175370623987139,6.89536920746452e-05,2.9603600800247e-05,0,0,0,0,0,0,0,0.00176033812437454,0,0,0,0,0,0,0,0,0,0,0,0,0,0,0,0,0,0,0,0,0,6.53979441267438e-05,0,0,0,0,0,0.000768775501014002,0,0.00134312010861628,0,0.000380306053122871,0,0,0,0,0,0,0,0,0.00312821342687775,0,0.00470763668162719,0,0,0,0,0,0,0,0,0,0,0,0,0.000220968288304062,3.97813749722299e-05,6.86779391103124e-05,0,0
0,0.00136022670375418,0,0.0015266929993304,0,0.00360371745059824,0,0,0,0.00288142608188992,0,0,0,0,0,0.0104670620658716,0,1.60732786671676e-05,0,0,0,0,0,0.00497984259012561,0,0.000380138885314961,0,0,0,0,0,0,0,0,0,0,0,0,0,0,0,0,0,0,0,0,0,0,0,5.08741147716698e-05,0,0.00573581301986765,0,0,0,0.0569573167240004,0,0.00157362315177472,0,0.00281530753519253,0,0,0,0,0,0,0.00479461320299879,0,0.0061988378023508,0,3.87872902652818e-05,0,0,0,0,0,0,0,0,0,0,0,4.28217355699591e-06,6.28934131168977e-06,0.000346127922494559,0,0
0,0,0,6.77828286564675e-05,0,0.0266322806742208,0,0,0,0,0,7.3971916944797e-06,0,0,2.99024862142208e-05,0,0.000142719140693389,0.000114101575865723,0.00295273652214461,0.0543737331377633,0,0.000168465569351164,0,0,0,6.30894577308632e-05,0,0,0,0,0,0,0,0,0,0.00420691514568273,8.45159556431231e-06,0.00887746216254426,7.83154918950491e-06,0.00154898480918713,2.37891232952475e-05,0.0156503830114152,8.58619532341098e-05,0.00030888367696946,1.42051534888134e-05,0.0854676044399343,2.56376239053576e-05,8.00581007061145e-05,0,0.000585924217599297,0,0.00247068608561211,0,0,0,0,0,0.0354514406118374,0,0.0014822184382565,0,0,0,0,0.000187087840398276,0,0,0,0.00325319329910626,0,0.0124649351276704,0,0.046237127390032,0,0,0,0,0,0.012926774886349,3.23305620170518e-05,0.0125647013952569,4.76314023918983e-06,0.00096676110886179,8.57488265185409e-05,0.00821671232987878,0.00118235577482656,0.000112303008368768
2.39596100779348e-05,0,2.40916062138241e-05,0,0.00397966860267317,0,0,0,0,0,0.00197474090668833,0,0,0,0,0,5.44153765132135e-06,7.14295537130845e-06,8.75291138168675e-05,0,0.04862882874521,0,0,0,0,0,0,0,0,0,0,0,0,0,0,1.43041614871181e-06,0.000811437941451175,0,0.000443794095686149,0,0.00428216629636927,0,0.0116092977093821,0,0,0,0.0373953236817447,0,0.0011727783716757,1.00420582916428e-05,0.0001301855506998,0,0,0,0,0,0.0252732011387733,0,0.000135495532320709,0,0,0,0,0,0,0,0,0,0,0,0,0.00123851628962149,0,0.0287361521348198,0,0,0,0,0,0.0222897577599507,0,0.0106644345516531,0.00149061344843754,2.06595466636389e-05,0.0154234676236913,0,0.00434415682407517
0,0,0,0,0,0,0,0,0,0,0,0,0,0,0,0,0,0,1.4347532406646e-05,0,0,0.0497606418423629,0,0.000711279758666463,0,6.78842924209389e-05,0,0.00271577705910165,0,0,0,0,0,0,0,0,0,0.00216875403352148,0,0,0,0.000114336070212004,0,0,0,4.16655658944982e-06,0,4.25068179784565e-05,0,0.0074667625460565,0,0,0,0,0,0,0,0.000141030468649511,0,8.70403540877042e-05,0,0,0.000187087840398276,0,0,0,0.00164874420395266,0,0.00963521913242736,0,0.0101112724640955,0,0,0,0,0,0,0,0,0,0.000556698526443227,0,0.000700445868975112,0.000249848017077127,4.98891754644417e-05,0,0
0,0,0,0,0,0,0,0,0,0,0,0,0,0,0,0,0.000239755015587333,0,0,0,0,0,0.0600189691800189,0,0.00776927339150651,0,0.000222385338869835,0,0.00107780329758369,0,0,0,0,0,0,0,0,0,0.002094172687691,0,0,0,0,0,0,0,0,0,0.0126594093837604,0,0,0,0,0,0,0,0,0,0,0,0,0,0,0,0,0,0,0.00226441663207192,0,0.00866527810544353,0,0.00720320446395709,0,0,0,0,0,0,0,0,0,0.00162213425504693,0.000630396147388714,0.000476589568608581,0,0,0
0,0.00162967129174837,0,0,0,0,0,0,0,0.0175836658159955,0,0,0,0,0,0.000117470482206811,0,0,0,0,0,0.00130661203527187,0,0.14009993724648,0,0.00286058434536181,0,0,0,0,0,0,0,0,0,0,0,0.00312853507906639,0,0,0,5.20293177790243e-05,0,0,0,3.55368451564395e-05,0,0.000693756776631721,0,9.98315473887956e-05,0,0,0,0,0,0.0415511391851751,0,2.26698292005412e-05,0,1.82649340932832e-05,0,0.00479461320299879,0,0,0.00164874420395266,0,0,0,0.000957595534639582,0,0.000463097733036761,0,0.000190643320580485,0,0,0,0,0,0,0,0.00694316266900417,0,0.000434896042397755,2.58276910380421e-06,0.00212770597348578,0.000135491082823596,0
0,0,0,0,0,0,0,0,0.00141707741326977,0,0,0,0,0,0,0,0,0,0,0,0,0,0.00047301148753623,0,0.116487759914724,0,0.0022794625012323,0,0,0,0,0,0,0,0,0,0,0,0.00275162876997667,0,0,0,0,0,0,0,0,0,0,0,0,0,0,0,0.0527438807256691,0,0,0,0,0,0.00312821342687775,0,0,0,0,0.00226441663207192,0,0,0,0.00295050482284439,0,0,0,0,0,0,0,0,0,0,0,0.0044986226894055,4.71022417068307e-06,0,0.00105326285148429,0,0
