0,0,29.8035148978233,0,0,0,0,0,67.2449194341898,0,0,0,0,0,0,0,41.0905501171947,3.42384366691113,45.3685842826962,0,1.89178645610809,0,0,0,0,0,0,0,0,0,0,0,0,0,0,0,0,0,0.73432445526123,0,0.777353763580322,0,18.3367386162281,0,0,0.244196251034737,38.9829737320542,0.559012308716774,353.022391840816,0,0,0,0,0,108.092220410705,0,1.71833708882332,0,2.33489364385605,0,101.926058083773,0,0,11.2014136314392,0,0,0,1.71167129278183,0,0,0,0,0,0,0,0,0,0,0,79.2326530516148,0,0.827175199985504,70.0159608274698,0,325.090392060578,0,0.856151580810547
0,0,0,237.988979160786,0,9.69929873943329,0,0,0,385.513943374157,0,0,0,0,0,60.4401203915477,0,0,13.4169737100601,0,0,0,0,1.08911633491516,0,0,0,0,0,0,0,0,0,0,0,0,0,7.65486827492714,0,0,0,6.84372693300247,0,0,0,0,0,0,0,94.5779937505722,0,0,0,0,0,294.631377905607,0,0,0,0.884114384651184,0,79.3986177891493,0,0,0,0,8.04602052271366,0,0,0,0,0,0,0,0,0,0,0,0,0,16.9067835956812,0,398.461072519422,0,37.0396179705858,0,0
29.8035148978233,0,0,0,186.670358300209,0,0,0,371.711384445429,0,0,0,0,0,0,0,1.02466426044703,0.155288621783257,3.3236655369401,0,11.9119485765696,0,0,0,0,0,0,0,0,0,0,0,0,0,0,0,6.5402388125658,0,0,0.116899348795414,24.6158882081509,0.109291329979897,8.93178954720497,0,0,0.336079940199852,9.04368153214455,0,114.416442111135,0,52.6305420994759,0,0,0,25.3321041166782,0,5.93432596325874,0,0,0,31.1257939338684,0,0,5.59390294551849,0,0,0,0,0,0,0,0,0,0,0,0,0,0,0,6.85320058465004,0,0.176424384117126,110.422445818782,0,265.431425467134,0,1.93710216879845
0,237.988979160786,0,0,0,326.472090631723,0,0,0,256.289483577013,0,0,0,0,0,0,0,0,0.162585899233818,0.29508912563324,0,0,0,0,0,0,0,0,0,0,0,0,0,0,0,1.57366859912872,2.8686631321907,0,0,12.8629129976034,0,16.795844219625,0.705987960100174,0,0,46.6375110149384,0,0.621867582201958,3.2042573094368,23.4669084697962,0,23.6335687637329,0,0,0,59.0094282925129,0,0,0,0,0,1.79229038953781,0,0,0,0,0,0,0,0,0,0,0.824229553341866,0,0,0,0,0,2.27204756438732,0,0.645800054073334,0,628.010087817907,19.3811866044998,862.135812312365,2.87420818209648,0
0,0,186.670358300209,0,0,0,2.78686979413033,0,271.582609593868,0,0,0,21.3615036606789,0,175.503967761993,0,0,0,0,0,134.898112878203,0,0,0,0,0,0,0,0,0,0,0,0,0,0,0,17.9174468815327,0,0,0,9.05348709225655,0,1.82373541593552,0,0,0,0.341432005167007,0,3.61672723293304,0,298.677246034145,0,19.1591325700283,0,50.4396727085114,0,6.00081324577332,0,3.06767779588699,0,3.49714660644531,0,0,55.2207130342722,0,0,0,0,0,0,0,0,0,0,0,0,0,0,0,60.7919701337814,0,0,179.699304178357,0,114.912793964148,0,0
0,9.69929873943329,0,326.472090631723,0,0,0,11.8532970547676,0,131.165308326483,0,0,0,0,0,0,0,0,0,296.76104798913,0,0,0,0,0,0,0,0,0,0,0,0,0,0,0,14.2498527169228,0,0,0,0,0,0,0,0,0,2.84725773334503,0,0,0,0,0,350.407615125179,0,0,0,2.38953804969788,0,0,0,6.93722760677338,0,0,31.7827544808388,0,0,0,0,0,0,0,0,0,0,0,0,0,0,0,2.10644996166229,0,0,0,1082.42251679301,9.20731163024902,569.711693510413,0,0
0,0,0,0,2.78686979413033,0,0,0,0,0,0,0,0,0,0,0,0,0,0,0,0,0,0,0,0,0,0,0,0,0,0,0,0,0,0,0,0,0,0,0,0,0,0,0,0,0,0,0,0,0,50.8334742039442,0,110.460442364216,0,0,0,10.7179701328278,0,0,0,0,0,0,0,0,0,0,0,0,0,0,0,0,0,0,0,0,0,0,0,0,0,225.709758341312,0,0,0,0
0,0,0,0,0,11.8532970547676,0,0,0,0,0,30.1799867153168,0,130.626235604286,0,0,0,0,0,0,0,0,0,0,0,0,0,0,0,0,0,0,0,0,0,0,0,0,0,0,0,0,0,0,0,0,0,0,0,0,0,48.6054168045521,0,255.079620242119,0,0,0,244.815780043602,0,48.752450555563,0,0,0,0,0,0,0,0,0,0,0,0,0,0,0,0,0,0,0,0,0,0,102.036937475204,12.4331116378307,0,0,0
67.2449194341898,0,371.711384445429,0,271.582609593868,0,0,0,0,0,0,0,0,0,212.067122668028,0,39.2119839042425,0.429959774017334,44.1459249556065,0,0,0,0,0,0.49707505106926,0,44.1473767757416,0,0,0,0,0,0,0,0,0,0,0,54.3990839570761,1.12688836455345,0,0,0,0,0,2.51360796391964,2.16972011327744,0,176.677912145853,0,2.28236150741577,0,0,0,622.211658075452,0,0,0,0,0,360.707578793168,0,0,0,0,0,0,5.86047086119652,0,253.92845082283,0,0,0,0,0,0,0,0,0,1.08303092420101,0,0,390.335097357631,0.33295264840126,212.863835893571,0,0.177503630518913
0,385.513943374157,0,256.289483577013,0,131.165308326483,0,0,0,0,0,0,0,0,0,200.35308110714,0,16.5159179270267,1.75001305341721,0,0,0,0,189.203105926514,0,0,0,0,0,0,0,0,0,0,0,0,0,246.240664213896,0,1.06095458567142,0,8.36860257387161,0,0,0,0.300084352493286,0,0,0,3.60034155845642,0,0,0,0,0,807.889256879687,0,0,0,0,0,30.2561017274857,0,0,0,0,12.1096221208572,0,0,0,0,0,0,0,0,0,0,0,0,0,117.741766676307,0,1560.33856554329,329.488189339638,124.215957969427,12.4440479278564,0
0,0,0,0,0,0,0,0,0,0,0,0,650.37566369772,0,0,0,0.376337289810181,0,0,0,713.43973352015,0,0,0,0,0,0,0,1,0,44.7398962378502,0,0,0,0,0,117.208747982979,0,986.544567078352,0,0,0,0,0,0,0,3.81085219979286,0,0,0,0,0,0,0,0,0,178.312890052795,0,390.63584536314,0,0,0,0,61.6928838416934,0,0,0,0,0,0,0,1.39677393436432,0,0,0,0,0,0,0,0.401864737272263,0,170.8570356071,548.743472486734,118.357023954391,3.34690004587173,0,0.500392198562622
0,0,0,0,0,0,0,30.1799867153168,0,0,0,0,0,833.766208946705,0,0,0,0,0,364.42028491199,0,0,0,0,0,0,0,0,0,35.3717803955078,0,0,0,0,0,794.333763718605,0,1747.643546924,0,0,0,0,0,0,0,0,0,0,0,0,0,0,0,11.3548853993416,0,0,0,2687.21371394396,0,193.529959231615,0,0,431.117173224688,0,0,0,0,0,0,0,0,0,19.9338564276695,0,0,0,0,0,10.2440340518951,0,910.55004991591,0,429.630245894194,41.686497926712,14.0764342546463,0,0
0,0,0,0,21.3615036606789,0,0,0,0,0,650.37566369772,0,0,0,20.522402048111,0,0,0,0,0,0,0,0,0,0,0,0,0,0,0,40.7636747360229,0,0,0,0,0,0,0,0,0,0,0,0,0,0,0,0,0,0,0,84.2928152680397,0,0,0,0,0,3,0,31.7181760072708,0,3.04366779327393,0,0,0,0,0,0,0,0,0,0,0,0,0,0,0,0,0,0,0,0,0,25.1553511619568,4,0,0,0
0,0,0,0,0,0,0,130.626235604286,0,0,0,833.766208946705,0,0,0,257.330904066563,0,0,0,0,0,0,0,0,0,81.8764706850052,0,0,0,0,0,0,0,0,0,0,0,0,0,0,0,0,0,0,0,0,0,0,0,0,0,0,0,16.7424492239952,0,0,0,42.4951815605164,0,1616.26084890962,0,82.1227959990501,0,0,0,0,0,0,37.4353103637695,0,0,0,0,0,0,0,0,0,0,0,0,0,163.937478005886,374.205129981041,0,0,0
0,0,0,0,175.503967761993,0,0,0,212.067122668028,0,0,0,20.522402048111,0,0,0,114.220698162913,1.55241680145264,0.198522105813026,0,0,0,0,0,0,0,0,0,0,0,0,0,0,0,0,0,0,0,0,0,0,0,0,0,0,0,0,0,0,0,12.5699737071991,0,0,0,62.2714151740074,0,0,0,182.369792789221,0,361.312170565128,0,0,0,0,0,0,0,0,19.8868954181671,0,0,0,0,0,0,0,0,0,0,0,0,15.9696175605059,0.44078141450882,0.184459552168846,0,0
0,60.4401203915477,0,0,0,0,0,0,0,200.35308110714,0,0,0,257.330904066563,0,0,0,4.14562919735909,0,0,0,0,0,0,0,71.9010016918182,0,0,0,0,0,0,0,0,0,0,0,0,0,0,0,0,0,0,0,0,0,0,0,81.4434808939695,0,0,0,0,0,121.160339534283,0,0,0,12.6405811309814,0,142.531828887761,0,0,0,0,0,0,14.451503276825,0,0,0,0,0,0,0,0,0,0,0,0,0,82.131377696991,0,0,0,0
41.0905501171947,0,1.02466426044703,0,0,0,0,0,39.2119839042425,0,0.376337289810181,0,0,0,114.220698162913,0,0,11385.776055254,3434.0414255932,0,1.82305635511875,0,79.6782420873642,0,425.055370822549,0,407.692187935114,0,0,0,0,0,0,0,0,0,0,0,0,36.3387055024505,10.2924762964249,24.7569995895028,47.115370310843,0.180071860551834,1.86686396598816,13.9281863570213,252.402681641281,0,1.47738169133663,0.480620890855789,0,0,0,0,0,0,1.01989161968231,0,0,0,0,0,1.1625537276268,30.7590050324798,0,0,0,0.249490261077881,0,205.175759613514,0,3.51963418722153,0,0,0,0,0,0,2.4016128629446,126.213854268193,0,8.4373412579298,7768.81792003661,421.230482593179,279.700848959386,1.69440239667892,15.0075021758676
3.42384366691113,0,0.155288621783257,0,0,0,0,0,0.429959774017334,16.5159179270267,0,0,0,0,1.55241680145264,4.14562919735909,11385.776055254,0,5045.13423488289,0,0,38.2060415148735,18.5083498358727,75.9379814565182,7.31113544106483,463.757894515991,5.11714148521423,0,0,0,0,0,0,0,0,0,0,0,0,27.1038947701454,3.69718248397112,23.1794328093529,8.34554709494114,2.24159181118011,4.05737455189228,8.59379237890244,75.3174998164177,0,0.286913245916367,1.06052760779858,0,0,0,0,0,0,0,0,0,0,0,0,1.31016770005226,4.81536920368671,201.518919110298,0,0,0,240.466414093971,9.91219684481621,0,0,0,0,0,0,0,0,5.3864651620388,22.1389726921916,0,0,10362.2569483966,1666.48606882989,82.2734066694975,3.14728002250195,2.62924563884735
45.3685842826962,13.4169737100601,3.3236655369401,0.162585899233818,0,0,0,0,44.1459249556065,1.75001305341721,0,0,0,0,0.198522105813026,0,3434.0414255932,5045.13423488289,0,0,11.7914830893278,0,0.558215856552124,0,1.19063088297844,0,2.07821470499039,0,0,0,0,0,0,0,0,0,0,0,2.45411288738251,1462.94453451782,132.461667530239,1845.52242975682,597.052846238017,198.73510633409,80.6417343169451,497.348541170359,1552.47500247508,0,2.74377548694611,14.1154406815767,0,0,0,0,0,0.32865908741951,10.4399157389998,0,0,0,0,0,26.1308270394802,187.554558493197,0,0,0,0,0,0,0,0,0.651003658771515,0,0,0,0,0,194.963181361556,628.087157346308,0,46.777986690402,3426.03436017781,32.5089433193207,3193.87093918025,420.605747327209,122.832232654095
0,0,0,0.29508912563324,0,296.76104798913,0,0,0,0,0,364.42028491199,0,0,0,0,0,0,0,0,0,0,0,0,0,0,0,0,0,0,0,0,0,0,0,880.157055675983,0,390.933054149151,0,0,0,0,0,0,0,1.12632572650909,0,0,0,0,0,0,0,0,0,0,0,12.2379954904318,0,0,0,0,1906.02505540848,0,0,0,0,0,0,0,0,0,0,0,0,0,0,0,576.321490615606,0,208.86119773984,0,156.245043128729,0,182.003143340349,0,0
1.89178645610809,0,11.9119485765696,0,134.898112878203,0,0,0,0,0,713.43973352015,0,0,0,0,0,1.82305635511875,0,11.7914830893278,0,0,0,0,0,0,0,0,0,0,0,0,0,0,0,0,0,1153.16020716727,0,637.949387252331,0.141787797212601,1.78619728982449,0.791904285550117,25.1969381123781,0,0,0.609719075262547,116.101580061018,0,0,0,116.192155152559,0,0,0,0,0,1114.67009551823,0,0.483067184686661,0,0,0,0,1455.11716906726,0,0,0,0,0,0,0,0,0,10.3193386495113,0,0,0,0,0,767.47756972909,0,442.662867680192,246.093778468668,0.452494531869888,189.386406376958,0,24.0645182430744
0,0,0,0,0,0,0,0,0,0,0,0,0,0,0,0,0,38.2060415148735,0,0,0,0,400.319525808096,142.938670694828,0,4.64177894592285,0,212.536392211914,0,0,0,0,0,0.627400040626526,0,0,0,1849.71113330126,15.2111992239952,0,0,0,0,0,0,0,0,0,0,146.141168653965,0,0,0,0,0,0,0,0,0,0,0,0,0,0,3461.13112786412,138.475378870964,69.8740075230598,0,112.958248138428,0,4,0,0,0,0,0,0,0,0,0,256.008849665523,13.75626039505,1974.64274612069,373.185087248683,0,0,0
0,0,0,0,0,0,0,0,0,0,0,0,0,0,0,0,79.6782420873642,18.5083498358727,0.558215856552124,0,0,400.319525808096,0,0,24.3921149969101,0,98.6490786075592,0,266.760544300079,0,0,0,0,0,0,0,0,0,330.581502914429,0,0,0,0,0,0,0,0,0,131.63610701263,0,0,0,0,0,0,0,0,0,0,0,0,0,0,0,11.8394253253937,3716.10435281694,0,22.0251732468605,0,57.8040736913681,0,173.650222539902,0,0,0,0,0,0,0,0,0,302.112198740244,1872.66729192436,410.903150543571,0.763930916786194,0,0
0,1.08911633491516,0,0,0,0,0,0,0,189.203105926514,0,0,0,0,0,0,0,75.9379814565182,0,0,0,142.938670694828,0,0,0,47.1515662074089,0,0,0,0,0,0,0,0,0,0,0,921.590141460299,0,0,0,0,0,0,0,0,0,1.07784104347229,0,1.29804410040379,0,0,0,0,0,24.9331440478563,0,0,0,0,0,0,0,0,51.9652941226959,0,415.180621296167,0,0,0,0,0,0,0,0,0,1.50828793644905,0,0,0,285.474964097142,0,187.867841869593,0,0,0,0
0,0,0,0,0,0,0,0,0.49707505106926,0,0,0,0,0,0,0,425.055370822549,7.31113544106483,1.19063088297844,0,0,0,24.3921149969101,0,0,0,88.036988556385,0,0,0,0,0,0,0,0,0,0,0,311.913645327091,0,0,0,0,0,0,0,0,0,112.848490744829,0,0,0,0,0,36.7803284823895,0,0,0,0,0,0,0,0,0,0,24.9825786352158,0,358.176523089409,0,740.849761649966,0,0,0,0,0,0,0,0,0,0,0,125.248635351658,70.4423919022083,1.33222958445549,37.7292782515287,0,0
0,0,0,0,0,0,0,0,0,0,0,0,0,81.8764706850052,0,71.9010016918182,0,463.757894515991,0,0,0,4.64177894592285,0,47.1515662074089,0,0,0,145.833765983582,0,0,0,0,0,0,0,0,0,0,0,0,0,0,0,0,0,0,0,0,0,0,0,0,0,0,0,0,0,0,0,0.216826021671295,0,1.55584061145782,0,0,22.3653516769409,0,208.976585030556,0,363.195368945599,0,0,0,0,0,0,0,0,0,0,0,0,0,140.32130843401,0,0,0,0
0,0,0,0,0,0,0,0,44.1473767757416,0,0,0,0,0,0,0,407.692187935114,5.11714148521423,2.07821470499039,0,0,0,98.6490786075592,0,88.036988556385,0,0,0,5.13828879594803,0,0,0,0,0,0,0,0,0,0,0,0,0,0,0,0,0,0.152650162577629,0,0,0,0,0,0,0,0,0,0,0,0,0,0,0,0,0,0,0,0,5.09604406356812,0,15.6780984401703,0,138.322168827057,0,0,0,0,0,0,0,0,0,0,184.859583809972,0,0.21746663749218,0,0
0,0,0,0,0,0,0,0,0,0,0,0,0,0,0,0,0,0,0,0,0,212.536392211914,0,0,0,145.833765983582,0,0,0,482.168051362038,0,0,0,0,0,0,0,3,0,0,0,0,0,0,0,0,0,0,0,0,0,0,0,0,0,0,0,0,0,0,0,0,0,0,116.91448867321,0,0,0,239.821385502815,0,199.761853501201,0,64.2554987967014,0,0,0,0,0,0,0,1,0,0,0,0,0,0
0,0,0,0,0,0,0,0,0,0,1,0,0,0,0,0,0,0,0,0,0,0,266.760544300079,0,0,0,5.13828879594803,0,0,0,24.4398700892925,0,0,0,0,0,0,0,0,0,0,0,0,0,0,0,0,0,0,0,0,0,0,0,0,0,0,0,0,0,0,0,0,0,0,0,0,0,0,0,0,205.599505007267,0,4.81766609847546,0,0,0,0,0,0,0,0,559.670396268368,372.183808863163,0,0,0
0,0,0,0,0,0,0,0,0,0,0,35.3717803955078,0,0,0,0,0,0,0,0,0,0,0,0,0,0,0,482.168051362038,0,0,0,0,0,0,0,0,0,116.593705520034,0,0,0,0,0,0,0,0,0,0,0,0,0,0,0,0,0,0,0,0,0,1,0,0,0,0,0,0,0,0,0,0,318.556334614754,0,542.027871310711,0,0,0,0,0,0,0,15.539952725172,0,10.1636754274368,0,0,0,0
0,0,0,0,0,0,0,0,0,0,44.7398962378502,0,40.7636747360229,0,0,0,0,0,0,0,0,0,0,0,0,0,0,0,24.4398700892925,0,0,0,0,0,0,0,0,0,74.2630857229233,0,0,0,0,0,0,0,0,0,0,0,0,0,0,0,0,0,23.9297972917557,0,22.8930857181549,0,0,0,0,0,0,0,0,0,0,0,0,36.8696048855782,0,217.815966755152,0,0,0,0,0,0,0,16.4809193611145,270.178224682808,161.453188657761,0,0,0
0,0,0,0,0,0,0,0,0,0,0,0,0,0,0,0,0,0,0,0,0,0,0,0,0,0,0,0,0,0,0,0,394.27673047781,23.9257672727108,0,172.553315065801,0,0,0,0,0,0,0,0,0,0,0,1677.58691069484,0,0,0,0,0,0,0,0,0,0,0,0,0,0,0,0,0,0,0,0,0,0,0,0,0,0,172.581904038787,484.582395106554,81.5998294502497,0,40.7806886434555,0,0,0,515.469436883926,0,0,0,0
0,0,0,0,0,0,0,0,0,0,0,0,0,0,0,0,0,0,0,0,0,0,0,0,0,0,0,0,0,0,0,394.27673047781,0,1.62573719024658,145.263603538275,0,668.280777931213,0,0,0,0,0,0,0,0,0,0,544.885212033987,21.3995134234428,0,0,0,0,0,0,0,0,0,0,0,0,0,0,0,0,0,0,0,0,0,0,0,0,0,21.30657351017,700.188718259335,0,28.3830342888832,0,243.847250059247,0,0,0,0,0,0,0
0,0,0,0,0,0,0,0,0,0,0,0,0,0,0,0,0,0,0,0,0,0.627400040626526,0,0,0,0,0,0,0,0,0,23.9257672727108,1.62573719024658,0,774.727374732494,720.879210039973,0,105.174638345838,0,0,0,0,0,0,0,0,0,5522.33679547906,6.91135376691818,2.41557198762894,0,0,0,0,0,0,0,0,0,0,0,0,0,0,0,0,0,0,0,0,0,0,0,0,33.9203009307384,0,724.307938605547,1214.74284926057,34.74258223176,0,200.895185649395,0,834.983332529664,0,0,0,0
0,0,0,0,0,0,0,0,0,0,0,0,0,0,0,0,0,0,0,0,0,0,0,0,0,0,0,0,0,0,0,0,145.263603538275,774.727374732494,0,0,317.09534496069,2.63145393133163,322.348682321608,0,0,0,0,0,0,0,0,670.627939321101,42.6900443732738,0,0,0,0,0,0,0,0,0,0,0,0,0,0,0,0,0,0,0,0,0,0,0,0,0,0,24.4811706095934,26.9256961047649,3430.19588512182,0,118.773701786995,0,322.808405831456,363.043363317847,0,0,0,0
0,0,0,1.57366859912872,0,14.2498527169228,0,0,0,0,0,794.333763718605,0,0,0,0,0,0,0,880.157055675983,0,0,0,0,0,0,0,0,0,0,0,172.553315065801,0,720.879210039973,0,0,1301.84470397234,1476.90183591843,0,0,0,0,0,0,0,63.333182901144,0,51.2497233599424,36.0893545746803,26.9595507085323,0,0,0,0,0,0,0,194.086314290762,0,0,0,0,1966.02138459682,0,0,0,0,0,0,0,0,0,0,0,25.7603653743863,0,373.714224547148,0,14657.8547074497,523.511752188206,154.343734666705,0,2019.69310374558,17.7396655082703,473.591231048107,0,0
0,0,6.5402388125658,2.8686631321907,17.9174468815327,0,0,0,0,0,117.208747982979,0,0,0,0,0,0,0,0,0,1153.16020716727,0,0,0,0,0,0,0,0,0,0,0,668.280777931213,0,317.09534496069,1301.84470397234,0,0,2500.22552013397,0.677618682384491,5.94968736171722,0,0,0,0,15.1292439773679,11.5976116880774,4.28695982694626,4.12661194801331,0,31.3359002918005,0,0,0,0,0,26.4734121486545,0,0,0,0,0,0,239.896790593863,0,0,0,0,0,0,0,0,0,0,0,6.46315915882587,0,14.5902962684631,83.7578659653664,8139.69830830395,0,760.922359913588,3132.44887244701,338.539681553841,95.9439744353294,0,0
0,7.65486827492714,0,0,0,0,0,0,0,246.240664213896,0,1747.643546924,0,0,0,0,0,0,0,390.933054149151,0,1849.71113330126,0,921.590141460299,0,0,0,3,0,116.593705520034,0,0,0,105.174638345838,2.63145393133163,1476.90183591843,0,0,41.326423406601,0,0,0,0,0,0,0,0,662.43178319931,0,189.916131183505,0,0,0,0,0,148.455028489232,0,680.954669892788,0,0,0,0,102.67681825161,0,421.362235382199,0,274.81059037149,0,0,0,21.8819222450256,0,9.13938289880753,0,0,0,159.419705465436,144.011181622744,258.77274414897,0,7717.17644940317,354.407280623913,1710.90666396916,128.114509224892,18.1684573888779,0,0
0.73432445526123,0,0,0,0,0,0,0,54.3990839570761,0,986.544567078352,0,0,0,0,0,0,0,2.45411288738251,0,637.949387252331,15.2111992239952,330.581502914429,0,311.913645327091,0,0,0,0,0,74.2630857229233,0,0,0,322.348682321608,0,2500.22552013397,41.326423406601,0,0,0.181333780288696,0,0,0,0,0,8.75216779112816,389.492874383926,368.609846040606,0,0,0,0,0,64.7590772211552,0,510.746073395014,0,0,0,0.190088897943497,0,0,92.5054383128881,0,105.203422471881,0,379.902665138245,0,0,0,0,0,8.18278169631958,0,0,0,334.557688005269,0,544.722883537412,0,8528.84467767179,1437.60090611875,146.545525252819,87.5167186409235,0,0.669410288333893
0,0,0.116899348795414,12.8629129976034,0,0,0,0,1.12688836455345,1.06095458567142,0,0,0,0,0,0,36.3387055024505,27.1038947701454,1462.94453451782,0,0.141787797212601,0,0,0,0,0,0,0,0,0,0,0,0,0,0,0,0.677618682384491,0,0,0,1.82468822598457,3649.93335555494,68.4865120351315,382.119811579585,0.923577196896076,1710.00399085879,47.467998854816,1.35333633422852,0.891784355044365,1475.52926615626,0,0,0,0,0,0,1.3207250982523,0,0,0,0,0,107.895353987813,3.71350371837616,0,0,0,0,0,0,0,0,0,0,0,0,0,0,313.831941731274,15.2335978299379,0.162517264485359,0.271869957447052,482.964549221098,0.806018114089966,4404.4815094471,159.307350337505,0.652997441589832
0.777353763580322,0,24.6158882081509,0,9.05348709225655,0,0,0,0,0,0,0,0,0,0,0,10.2924762964249,3.69718248397112,132.461667530239,0,1.78619728982449,0,0,0,0,0,0,0,0,0,0,0,0,0,0,0,5.94968736171722,0,0.181333780288696,1.82468822598457,0,3.46449039876461,526.402710564435,0.411468118429184,20.9452952891588,1.16714759171009,642.260102078319,37.4124320745468,75.6127139627934,0,22.4660343527794,0,0,0,0,0,46.5403065234423,0,0.512536406517029,0,0,0,0,301.068098604679,0,0,0,0,0,0,0,0,0,0,0,0,0,0,0.168092429637909,456.351223602891,0,12.4944085329771,59.7108304873109,0,812.714734114707,0,2.5966808795929
0,6.84372693300247,0.109291329979897,16.795844219625,0,0,0,0,0,8.36860257387161,0,0,0,0,0,0,24.7569995895028,23.1794328093529,1845.52242975682,0,0.791904285550117,0,0,0,0,0,0,0,0,0,0,0,0,0,0,0,0,0,0,3649.93335555494,3.46449039876461,0,223.728161983192,287.160690590739,2.49611533433199,143.763973213732,45.7690297439694,0,0,231.09823127836,0,0,0,0,0,0.287464886903763,0.430877327919006,13.5678756833076,0,0,0,0,65.9662891477346,5.73181167989969,0,0,0,0,0,0,0,0,62.457810588181,0,0,0,0,0,390.264086261392,22.7286002412438,3.96787968277931,0.542161628603935,1033.19290927798,0,5789.67158976942,1870.77036877722,2.36433959007263
18.3367386162281,0,8.93178954720497,0.705987960100174,1.82373541593552,0,0,0,0,0,0,0,0,0,0,0,47.115370310843,8.34554709494114,597.052846238017,0,25.1969381123781,0,0,0,0,0,0,0,0,0,0,0,0,0,0,0,0,0,0,68.4865120351315,526.402710564435,223.728161983192,0,0,71.2273930609226,8.63743222504854,1329.99971950799,13.2458022236824,257.666209071875,9.64213740080595,4.71988296508789,0,0,0,0,0,203.81843983382,0,0,0,0,0,0.123307578265667,250.364615507424,0,0,0,0,0,0,0,0,0,0,0,0,0,0,1.67941345274448,1108.1728913188,0,36.5690678656101,646.792919926345,0,5157.21496781707,2.35625606775284,685.139592662454
0,0,0,0,0,0,0,0,0,0,0,0,0,0,0,0,0.180071860551834,2.24159181118011,198.73510633409,0,0,0,0,0,0,0,0,0,0,0,0,0,0,0,0,0,0,0,0,382.119811579585,0.411468118429184,287.160690590739,0,0,0,84.5050104558468,2.45995439589024,0,0,4.34485396742821,0,0,0,0,0,0,0,0,0,0,0,0,1.01545286178589,0,0,0,0,0,0,0,0,0,0,0,0,0,0,0,99.439079284668,0.27567258477211,1.51461499929428,0,14.3537447154522,0,986.078311726451,53.4056588411331,0
0,0,0,0,0,0,0,0,0,0,0,0,0,0,0,0,1.86686396598816,4.05737455189228,80.6417343169451,0,0,0,0,0,0,0,0,0,0,0,0,0,0,0,0,0,0,0,0,0.923577196896076,20.9452952891588,2.49611533433199,71.2273930609226,0,0,0,111.777720376849,0,0,0,0,0,0,0,0,0,0,0,0,0,0,0,0.148015230894089,11.7416850179434,0,0,0,0,0,0,0,0,0,0,0,0,0,0,1.16864307224751,53.2154338359833,0,2.53546512126923,8.42883948981762,0,413.749710418284,0,10.4858287572861
0.244196251034737,0,0.336079940199852,46.6375110149384,0,2.84725773334503,0,0,2.51360796391964,0.300084352493286,0,0,0,0,0,0,13.9281863570213,8.59379237890244,497.348541170359,1.12632572650909,0.609719075262547,0,0,0,0,0,0,0,0,0,0,0,0,0,0,63.333182901144,15.1292439773679,0,0,1710.00399085879,1.16714759171009,143.763973213732,8.63743222504854,84.5050104558468,0,0,23.2968339771032,0,21.0597483217716,97.9271381944418,0,0,0,0,0,0,0.130135789513588,0,0,0,0,0,1154.34227961302,3.97340404987335,0,0,0,0,0,0,0,0,0.247494250535965,0,0,0,0,0,899.591589793563,7.28444860875607,165.660119265318,0.288570240139961,251.073093540967,0,3436.04427101463,16.3952297270298,0
38.9829737320542,0,9.04368153214455,0,0.341432005167007,0,0,0,2.16972011327744,0,3.81085219979286,0,0,0,0,0,252.402681641281,75.3174998164177,1552.47500247508,0,116.101580061018,0,0,0,0,0,0.152650162577629,0,0,0,0,0,0,0,0,0,11.5976116880774,0,8.75216779112816,47.467998854816,642.260102078319,45.7690297439694,1329.99971950799,2.45995439589024,111.777720376849,23.2968339771032,0,0,46.1578083634377,0.594473332166672,3.11622323095798,0,0,0,0,0,84.3763077929616,0,0,0,0,0,1.90637131035328,1259.12657736242,0,0,0,0,0,0,0,0,0,0,0,0,0,0,4.47768760472536,3265.37106686085,0,149.765630155802,603.422203332186,0,1696.35285109282,3.75353126227856,28.797340631485
0.559012308716774,0,0,0.621867582201958,0,0,0,0,0,0,0,0,0,0,0,0,0,0,0,0,0,0,0,1.07784104347229,0,0,0,0,0,0,0,1677.58691069484,544.885212033987,5522.33679547906,670.627939321101,51.2497233599424,4.28695982694626,662.43178319931,389.492874383926,1.35333633422852,37.4124320745468,0,13.2458022236824,0,0,0,0,0,3294.79424533248,66.4855309128761,0,0,0,0,0,1.23789066076279,0,0,0,0,0,0,0,0,0,0,0.821916192770004,0,0,0,0,0,0,0,910.216184124351,1321.27437272668,326.487623617053,65.3531339019537,2185.35824237764,2316.67275725305,396.308522969484,286.776586309075,3441.82944788039,0,42.9271850585938,0,0
353.022391840816,0,114.416442111135,3.2042573094368,3.61672723293304,0,0,0,176.677912145853,0,0,0,0,0,0,0,1.47738169133663,0.286913245916367,2.74377548694611,0,0,0,131.63610701263,0,112.848490744829,0,0,0,0,0,0,0,21.3995134234428,6.91135376691818,42.6900443732738,36.0893545746803,4.12661194801331,0,368.609846040606,0.891784355044365,75.6127139627934,0,257.666209071875,0,0,21.0597483217716,46.1578083634377,3294.79424533248,0,139.267982006073,11.1545669734478,0,0,0,256.838489711285,0,9.61512553691864,0,0.890247881412506,0,255.788331270218,0,0,25.2810473293066,0,916.525089100003,0,810.402418121696,0,30.1613961160183,0,0,0,0,0,79.3223469257355,0,4.37636399269104,19.7510034143925,341.503498233855,0,1394.35714347661,1700.16594064236,0,845.73689057678,0,0.263841301202774
0,94.5779937505722,0,23.4669084697962,0,0,0,0,0,3.60034155845642,0,0,0,0,0,81.4434808939695,0.480620890855789,1.06052760779858,14.1154406815767,0,0,146.141168653965,0,1.29804410040379,0,0,0,0,0,0,0,0,0,2.41557198762894,0,26.9595507085323,0,189.916131183505,0,1475.52926615626,0,231.09823127836,9.64213740080595,4.34485396742821,0,97.9271381944418,0.594473332166672,66.4855309128761,139.267982006073,0,0,0,0,0,0,5.98051887750626,0.088856115937233,95.792608499527,0,4.61324544250965,0,210.2618040815,7.76226475834846,0,514.914505705237,0,134.736753508449,0,29.4120022952557,0,442.12435489893,0,84.1339329183102,0,0.235913127660751,0,0,0,393.864136710763,0,66.6156684905291,0,301.602177284658,0,1605.9968188554,22.2830950021744,0.108721636235714
0,0,52.6305420994759,0,298.677246034145,0,50.8334742039442,0,2.28236150741577,0,0,0,84.2928152680397,0,12.5699737071991,0,0,0,0,0,116.192155152559,0,0,0,0,0,0,0,0,0,0,0,0,0,0,0,31.3359002918005,0,0,0,22.4660343527794,0,4.71988296508789,0,0,0,3.11622323095798,0,11.1545669734478,0,0,0,4.42014563083649,0,0,0,224.297664910555,0,107.005855575204,0,5.89035114645958,0,0,107.989067956805,0,0,0,0,0,0,0,0,0,0,0,0,0,0,0,59.8759559616446,0,0.551662147045135,113.840306267142,0,197.615073189139,0,0
0,0,0,23.6335687637329,0,350.407615125179,0,48.6054168045521,0,0,0,0,0,0,0,0,0,0,0,0,0,0,0,0,0,0,0,0,0,0,0,0,0,0,0,0,0,0,0,0,0,0,0,0,0,0,0,0,0,0,0,0,0,5.09624692797661,0,0,0,0,0,4.48535618185997,0,112.317559957504,0,0,0,0,0,0,0,0,0,0,0,0,0,0,0,0,0,0,0,0,70.1885396838188,0,14.0152461230755,0,0
0,0,0,0,19.1591325700283,0,110.460442364216,0,0,0,0,0,0,0,0,0,0,0,0,0,0,0,0,0,0,0,0,0,0,0,0,0,0,0,0,0,0,0,0,0,0,0,0,0,0,0,0,0,0,0,4.42014563083649,0,0,0,0,0,25.556122481823,0,0,0,0,0,0,0.307084590196609,0,0,0,0,0,0,0,0,0,0,0,0,0,0,0,0,0,0,146.100369304419,0,0,0,0
0,0,0,0,0,0,0,255.079620242119,0,0,0,11.3548853993416,0,16.7424492239952,0,0,0,0,0,0,0,0,0,0,0,0,0,0,0,0,0,0,0,0,0,0,0,0,0,0,0,0,0,0,0,0,0,0,0,0,0,5.09624692797661,0,0,0,0,0,108.675086766481,0,85.2095387578011,0,0,0,0,0,0,0,0,0,0,0,0,0,0,0,0,0,0,0,0,0,0,38.8081161379814,0,0,0,0
108.092220410705,0,25.3321041166782,0,50.4396727085114,0,0,0,622.211658075452,0,0,0,0,0,62.2714151740074,0,0,0,0,0,0,0,0,0,36.7803284823895,0,0,0,0,0,0,0,0,0,0,0,0,0,64.7590772211552,0,0,0,0,0,0,0,0,0,256.838489711285,0,0,0,0,0,0,0,0,0,0,0,370.938191786408,0,0,0,0,0,0,81.7027984410524,0,1.27866435050964,0,0,0,0,0,0,0,0,0,0,0,19.6293147057295,0.294763207435608,0,184.458443254232,0,0
0,294.631377905607,0,59.0094282925129,0,2.38953804969788,0,0,0,807.889256879687,0,0,0,0,0,121.160339534283,0,0,0.32865908741951,0,0,0,0,24.9331440478563,0,0,0,0,0,0,0,0,0,0,0,0,0,148.455028489232,0,0,0,0.287464886903763,0,0,0,0,0,1.23789066076279,0,5.98051887750626,0,0,0,0,0,0,0,0,0,0,0,18.9252063035965,0,0,0,0,41.5977604538202,0,0,0,0,0,0,0,0,0,0,0,0,0,210.657322153449,0,86.0838540047407,0,8.75994209945202,0,0
1.71833708882332,0,5.93432596325874,0,6.00081324577332,0,10.7179701328278,0,0,0,178.312890052795,0,3,0,0,0,1.01989161968231,0,10.4399157389998,0,1114.67009551823,0,0,0,0,0,0,0,0,0,23.9297972917557,0,0,0,0,0,26.4734121486545,0,510.746073395014,1.3207250982523,46.5403065234423,0.430877327919006,203.81843983382,0,0,0.130135789513588,84.3763077929616,0,9.61512553691864,0.088856115937233,224.297664910555,0,25.556122481823,0,0,0,0,0,99.2503025531769,0,0,0,0.621985971927643,1597.90787057579,0,0,0,0,0,0,0,258.124639540911,0,153.428256690502,0,0,0,0,0.366830259561539,141.136794693768,0,29.7413131296635,466.806544885039,4.77809238433838,896.659256577492,0,102.238667830825
0,0,0,0,0,0,0,244.815780043602,0,0,0,2687.21371394396,0,42.4951815605164,0,0,0,0,0,12.2379954904318,0,0,0,0,0,0,0,0,0,0,0,0,0,0,0,194.086314290762,0,680.954669892788,0,0,0,13.5678756833076,0,0,0,0,0,0,0,95.792608499527,0,0,0,108.675086766481,0,0,0,0,0,79.6423791199923,0,0,40.1709599494934,0,0,0,0,0,0,0,225.193761989474,0,818.453932106495,0,0,0,0,0,1.3510776758194,0,91.0428708344698,0,108.326431795955,0,211.29745028913,0.858604848384857,0
2.33489364385605,0,0,0,3.06767779588699,0,0,0,0,0,390.63584536314,0,31.7181760072708,0,182.369792789221,0,0,0,0,0,0.483067184686661,0,0,0,0,0,0,0,0,0,22.8930857181549,0,0,0,0,0,0,0,0,0,0.512536406517029,0,0,0,0,0,0,0,0.890247881412506,0,107.005855575204,0,0,0,0,0,99.2503025531769,0,0,0,213.302607297897,0,0,6.22134131193161,0,0,0,0,0,0,0,0,0,0,0,0,0,0,0,5.37511858344078,0,0,92.4452961087227,0,8.98594635725021,0,0
0,0.884114384651184,0,0,0,6.93722760677338,0,48.752450555563,0,0,0,193.529959231615,0,1616.26084890962,0,12.6405811309814,0,0,0,0,0,0,0,0,0,0.216826021671295,0,0,0,1,0,0,0,0,0,0,0,0,0,0,0,0,0,0,0,0,0,0,0,4.61324544250965,0,4.48535618185997,0,85.2095387578011,0,0,0,79.6423791199923,0,0,0,40.5036650598049,0,0,0,0,0,0,7.64587630331516,0,0,0,52.5272940546274,0,0,0,0,0,0,0,0,0,98.5704025030136,64.5582978725433,0,0,0
101.926058083773,0,31.1257939338684,0,3.49714660644531,0,0,0,360.707578793168,0,0,0,3.04366779327393,0,361.312170565128,0,0,0,0,0,0,0,0,0,0,0,0,0,0,0,0,0,0,0,0,0,0,0,0.190088897943497,0,0,0,0,0,0,0,0,0,255.788331270218,0,5.89035114645958,0,0,0,370.938191786408,0,0,0,213.302607297897,0,0,0,0,0,0,0,0,29.9328038096428,0,104.231811285019,0,0,0,0,0,0,0,0,0,0,0,0,27.1645431518555,0,13.749482139945,0,0
0,79.3986177891493,0,1.79229038953781,0,0,0,0,0,30.2561017274857,0,0,0,82.1227959990501,0,142.531828887761,0,0,0,0,0,0,0,0,0,1.55584061145782,0,0,0,0,0,0,0,0,0,0,0,0,0,0,0,0,0,0,0,0,0,0,0,210.2618040815,0,112.317559957504,0,0,0,18.9252063035965,0,0,0,40.5036650598049,0,0,0,0,0,0,0,0,95.0944630205631,0,0,0,0,0,0,0,0,0,0,0,0,0,72.2279486656189,0,0,0,0
0,0,0,0,0,31.7827544808388,0,0,0,0,0,431.117173224688,0,0,0,0,1.1625537276268,1.31016770005226,26.1308270394802,1906.02505540848,0,0,0,0,0,0,0,0,0,0,0,0,0,0,0,1966.02138459682,0,102.67681825161,0,107.895353987813,0,65.9662891477346,0.123307578265667,1.01545286178589,0.148015230894089,1154.34227961302,1.90637131035328,0,0,7.76226475834846,0,0,0,0,0,0,0.621985971927643,40.1709599494934,0,0,0,0,0,0.154048770666122,0,0,0,0,0,0,1.53656417131424,0,3.16883763670921,0,0,0,0,0,1385.95399805158,0,87.9601149708033,0,207.544935852289,13.7030651569366,684.589467786252,5.7882579267025,0
11.2014136314392,0,5.59390294551849,0,55.2207130342722,0,0,0,0,0,61.6928838416934,0,0,0,0,0,30.7590050324798,4.81536920368671,187.554558493197,0,1455.11716906726,0,0,0,0,0,0,0,0,0,0,0,0,0,0,0,239.896790593863,0,92.5054383128881,3.71350371837616,301.068098604679,5.73181167989969,250.364615507424,0,11.7416850179434,3.97340404987335,1259.12657736242,0,25.2810473293066,0,107.989067956805,0,0.307084590196609,0,0,0,1597.90787057579,0,6.22134131193161,0,0,0,0.154048770666122,0,0,0,0,0,0,0,0,0.236171841621399,0,2.52046266198158,0,0,0,0,1.42925269901752,3290.39217813313,0,769.246331214905,237.065584756434,0,1171.59982141852,0.419760823249817,88.5485170483589
0,0,0,0,0,0,0,0,0,0,0,0,0,0,0,0,0,201.518919110298,0,0,0,3461.13112786412,11.8394253253937,51.9652941226959,0,22.3653516769409,0,116.91448867321,0,0,0,0,0,0,0,0,0,421.362235382199,0,0,0,0,0,0,0,0,0,0,0,514.914505705237,0,0,0,0,0,0,0,0,0,0,0,0,0,0,0,9.83214068412781,41.4876980483532,0,54.245026320219,0,203.13097140193,0,0,0,0,0,0,0,0,0,251.312989130616,0,429.138983100653,18.6598920226097,0,0,0
0,0,0,0,0,0,0,0,0,0,0,0,0,0,0,0,0,0,0,0,0,138.475378870964,3716.10435281694,0,24.9825786352158,0,0,0,0,0,0,0,0,0,0,0,0,0,105.203422471881,0,0,0,0,0,0,0,0,0,916.525089100003,0,0,0,0,0,0,0,0,0,0,0,0,0,0,0,9.83214068412781,0,0,60.9221894741058,0,2.83939015865326,0,4.07086968421936,0,0,0,0,0,0,0,0,0,272.864140510559,659.816534310579,100.635102272034,0,0,0
0,8.04602052271366,0,0,0,0,0,0,0,12.1096221208572,0,0,0,0,0,0,0,0,0,0,0,69.8740075230598,0,415.180621296167,0,208.976585030556,0,0,0,0,0,0,0,0,0,0,0,274.81059037149,0,0,0,0,0,0,0,0,0,0.821916192770004,0,134.736753508449,0,0,0,0,0,41.5977604538202,0,0,0,0,0,0,0,0,41.4876980483532,0,0,0,81.2235566675663,0,73.9543380141258,0,0,0,0,0,0,0,0,0,219.624475210905,0,3.43915885686874,0,0,0,0
1.71167129278183,0,0,0,0,0,0,0,5.86047086119652,0,0,0,0,0,0,0,0.249490261077881,0,0,0,0,0,22.0251732468605,0,358.176523089409,0,5.09604406356812,0,0,0,0,0,0,0,0,0,0,0,379.902665138245,0,0,0,0,0,0,0,0,0,810.402418121696,0,0,0,0,0,81.7027984410524,0,0,0,0,0,29.9328038096428,0,0,0,0,60.9221894741058,0,0,0,5.79605460166931,0,0,0,0,0,0,0,0,0,0,0,160.272133439779,28.8536732196808,0,71.9139938950539,0,0
0,0,0,0,0,0,0,0,0,0,0,0,0,37.4353103637695,0,14.451503276825,0,240.466414093971,0,0,0,112.958248138428,0,0,0,363.195368945599,0,239.821385502815,0,0,0,0,0,0,0,0,0,0,0,0,0,0,0,0,0,0,0,0,0,29.4120022952557,0,0,0,0,0,0,0,0,0,7.64587630331516,0,95.0944630205631,0,0,54.245026320219,0,81.2235566675663,0,0,0,198.414895519614,0,0,0,0,0,0,0,0,0,0,0,176.147196233273,0,0,0,0
0,0,0,0,0,0,0,0,253.92845082283,0,0,0,0,0,19.8868954181671,0,205.175759613514,9.91219684481621,0,0,0,0,57.8040736913681,0,740.849761649966,0,15.6780984401703,0,0,0,0,0,0,0,0,0,0,0,0,0,0,0,0,0,0,0,0,0,30.1613961160183,0,0,0,0,0,1.27866435050964,0,0,0,0,0,104.231811285019,0,0,0,0,2.83939015865326,0,5.79605460166931,0,0,0,0,0,0,0,0,0,0,0,0,0,0,19.1837964951992,0,0,0,0
0,0,0,0,0,0,0,0,0,0,0,0,0,0,0,0,0,0,0,0,0,4,0,0,0,0,0,199.761853501201,0,318.556334614754,0,0,0,0,0,0,0,21.8819222450256,0,0,0,0,0,0,0,0,0,0,0,442.12435489893,0,0,0,0,0,0,0,225.193761989474,0,0,0,0,1.53656417131424,0,203.13097140193,0,73.9543380141258,0,198.414895519614,0,0,0,56.3688294887543,0,0,0,0,0,0,0,551.500105232,0,0,0,106.436386197805,0,0
0,0,0,0,0,0,0,0,0,0,1.39677393436432,0,0,0,0,0,3.51963418722153,0,0,0,0,0,173.650222539902,0,0,0,138.322168827057,0,205.599505007267,0,36.8696048855782,0,0,0,0,0,0,0,0,0,0,0,0,0,0,0,0,0,0,0,0,0,0,0,0,0,258.124639540911,0,0,0,0,0,0,0.236171841621399,0,4.07086968421936,0,0,0,0,0,0,0,95.1720708757639,0,0,0,0,0,0,0,19.0274152904749,129.281230330467,3.76680886745453,0,0,0
0,0,0,0.824229553341866,0,0,0,0,0,0,0,19.9338564276695,0,0,0,0,0,0,0.651003658771515,0,0,0,0,0,0,0,0,64.2554987967014,0,542.027871310711,0,0,0,0,0,0,0,9.13938289880753,0,0,0,62.457810588181,0,0,0,0.247494250535965,0,0,0,84.1339329183102,0,0,0,0,0,0,0,818.453932106495,0,52.5272940546274,0,0,3.16883763670921,0,0,0,0,0,0,0,56.3688294887543,0,0,0,0,0,0,0,0,0,204.562678605318,0,2.40113186836243,0,360.419321358204,8.31183445453644,0
0,0,0,0,0,0,0,0,0,0,0,0,0,0,0,0,0,0,0,0,10.3193386495113,0,0,0,0,0,0,0,4.81766609847546,0,217.815966755152,0,0,0,0,0,0,0,8.18278169631958,0,0,0,0,0,0,0,0,0,0,0,0,0,0,0,0,0,153.428256690502,0,0,0,0,0,0,2.52046266198158,0,0,0,0,0,0,0,95.1720708757639,0,0,0,0,0,0,0,0.183696568012238,0,0,56.2833906412125,7.38484144210815,0,0,0
0,0,0,0,0,0,0,0,0,0,0,0,0,0,0,0,0,0,0,0,0,0,0,0,0,0,0,0,0,0,0,172.581904038787,21.30657351017,33.9203009307384,0,25.7603653743863,0,0,0,0,0,0,0,0,0,0,0,910.216184124351,0,0.235913127660751,0,0,0,0,0,0,0,0,0,0,0,0,0,0,0,0,0,0,0,0,0,0,0,0,0,0,293.174039393663,0,279.196201100945,0,0,0,102.362836539745,0,0,0,0
0,0,0,0,0,0,0,0,0,0,0,0,0,0,0,0,0,0,0,0,0,0,0,0,0,0,0,0,0,0,0,484.582395106554,700.188718259335,0,24.4811706095934,0,6.46315915882587,0,0,0,0,0,0,0,0,0,0,1321.27437272668,79.3223469257355,0,0,0,0,0,0,0,0,0,0,0,0,0,0,0,0,0,0,0,0,0,0,0,0,0,0,0,0,374.411908149719,0,996.320825718343,0,0,92.240345954895,0,0,0,0
0,0,0,0,0,0,0,0,0,0,0,0,0,0,0,0,0,0,0,0,0,0,0,1.50828793644905,0,0,0,0,0,0,0,81.5998294502497,0,724.307938605547,26.9256961047649,373.714224547148,0,159.419705465436,0,0,0,0,0,0,0,0,0,326.487623617053,0,0,0,0,0,0,0,0,0,0,0,0,0,0,0,0,0,0,0,0,0,0,0,0,0,0,293.174039393663,0,0,0,53.4810871332884,0,432.636190220714,0,524.853366449475,39.163895636797,0,0,0
0,0,0,0,0,0,0,0,0,0,0,0,0,0,0,0,0,0,0,0,0,0,0,0,0,0,0,0,0,0,0,0,28.3830342888832,1214.74284926057,3430.19588512182,0,14.5902962684631,144.011181622744,334.557688005269,0,0,0,0,0,0,0,0,65.3531339019537,4.37636399269104,0,0,0,0,0,0,0,0,0,0,0,0,0,0,0,0,0,0,0,0,0,0,0,0,0,0,374.411908149719,0,0,0,257.28858885169,0,530.420954532921,341.919468298554,64.720853805542,0,0,0
0,0,0,2.27204756438732,0,2.10644996166229,0,0,0,0,0,10.2440340518951,0,0,0,0,2.4016128629446,5.3864651620388,194.963181361556,576.321490615606,0,0,0,0,0,0,0,0,0,0,0,40.7806886434555,0,34.74258223176,0,14657.8547074497,83.7578659653664,258.77274414897,0,313.831941731274,0.168092429637909,390.264086261392,1.67941345274448,99.439079284668,1.16864307224751,899.591589793563,4.47768760472536,2185.35824237764,19.7510034143925,393.864136710763,0,0,0,0,0,0,0.366830259561539,1.3510776758194,0,0,0,0,1385.95399805158,1.42925269901752,0,0,0,0,0,0,0,0,0,0,279.196201100945,0,53.4810871332884,0,0,11.8856176361442,469.089209079742,0,1525.0045754835,83.050806760788,588.214790359139,21.7701306641102,0.129804983735085
79.2326530516148,0,6.85320058465004,0,60.7919701337814,0,0,0,1.08303092420101,0,0.401864737272263,0,0,0,0,0,126.213854268193,22.1389726921916,628.087157346308,0,767.47756972909,0,0,0,0,0,0,0,0,0,0,0,243.847250059247,0,118.773701786995,523.511752188206,8139.69830830395,0,544.722883537412,15.2335978299379,456.351223602891,22.7286002412438,1108.1728913188,0.27567258477211,53.2154338359833,7.28444860875607,3265.37106686085,2316.67275725305,341.503498233855,0,59.8759559616446,0,0,0,0,0,141.136794693768,0,5.37511858344078,0,0,0,0,3290.39217813313,0,0,0,0,0,0,0,0,0,0.183696568012238,0,996.320825718343,0,257.28858885169,11.8856176361442,0,0,975.110122159123,2127.37701529264,19.542849548161,2253.76060111821,1.22816634178162,64.3062008023262
0,16.9067835956812,0,0.645800054073334,0,0,0,0,0,117.741766676307,0,910.55004991591,0,0,0,0,0,0,0,208.86119773984,0,256.008849665523,0,285.474964097142,0,0,0,1,0,15.539952725172,0,0,0,200.895185649395,0,154.343734666705,0,7717.17644940317,0,0.162517264485359,0,3.96787968277931,0,1.51461499929428,0,165.660119265318,0,396.308522969484,0,66.6156684905291,0,0,0,0,0,210.657322153449,0,91.0428708344698,0,0,0,0,87.9601149708033,0,251.312989130616,0,219.624475210905,0,0,0,551.500105232,0,204.562678605318,0,0,0,432.636190220714,0,469.089209079742,0,0,0,442.147882029414,1.47004425525665,319.988423958421,0,0
0.827175199985504,0,0.176424384117126,0,0,0,0,0,0,0,170.8570356071,0,0,0,0,0,8.4373412579298,0,46.777986690402,0,442.662867680192,13.75626039505,302.112198740244,0,125.248635351658,0,0,0,0,0,16.4809193611145,0,0,0,322.808405831456,0,760.922359913588,354.407280623913,8528.84467767179,0.271869957447052,12.4944085329771,0.542161628603935,36.5690678656101,0,2.53546512126923,0.288570240139961,149.765630155802,286.776586309075,1394.35714347661,0,0.551662147045135,0,0,0,19.6293147057295,0,29.7413131296635,0,0,0,0,0,0,769.246331214905,0,272.864140510559,0,160.272133439779,0,0,0,19.0274152904749,0,0,0,0,0,530.420954532921,0,975.110122159123,0,0,891.386019602418,213.242020964622,227.097678795457,1.06450641155243,18.5152893364429
70.0159608274698,398.461072519422,110.422445818782,628.010087817907,179.699304178357,1082.42251679301,225.709758341312,102.036937475204,390.335097357631,1560.33856554329,548.743472486734,429.630245894194,25.1553511619568,163.937478005886,15.9696175605059,82.131377696991,7768.81792003661,10362.2569483966,3426.03436017781,156.245043128729,246.093778468668,1974.64274612069,1872.66729192436,187.867841869593,70.4423919022083,140.32130843401,184.859583809972,0,559.670396268368,10.1636754274368,270.178224682808,515.469436883926,0,834.983332529664,363.043363317847,2019.69310374558,3132.44887244701,1710.90666396916,1437.60090611875,482.964549221098,59.7108304873109,1033.19290927798,646.792919926345,14.3537447154522,8.42883948981762,251.073093540967,603.422203332186,3441.82944788039,1700.16594064236,301.602177284658,113.840306267142,70.1885396838188,146.100369304419,38.8081161379814,0.294763207435608,86.0838540047407,466.806544885039,108.326431795955,92.4452961087227,98.5704025030136,27.1645431518555,72.2279486656189,207.544935852289,237.065584756434,429.138983100653,659.816534310579,3.43915885686874,28.8536732196808,176.147196233273,19.1837964951992,0,129.281230330467,2.40113186836243,56.2833906412125,102.362836539745,92.240345954895,524.853366449475,341.919468298554,1525.0045754835,2127.37701529264,442.147882029414,891.386019602418,0,2148.33584822714,4718.4973051846,203.289150431752,83.6638783365488
0,0,0,19.3811866044998,0,9.20731163024902,0,12.4331116378307,0.33295264840126,329.488189339638,118.357023954391,41.686497926712,4,374.205129981041,0.44078141450882,0,421.230482593179,1666.48606882989,32.5089433193207,0,0.452494531869888,373.185087248683,410.903150543571,0,1.33222958445549,0,0,0,372.183808863163,0,161.453188657761,0,0,0,0,17.7396655082703,338.539681553841,128.114509224892,146.545525252819,0.806018114089966,0,0,0,0,0,0,0,0,0,0,0,0,0,0,0,0,4.77809238433838,0,0,64.5582978725433,0,0,13.7030651569366,0,18.6598920226097,100.635102272034,0,0,0,0,0,3.76680886745453,0,7.38484144210815,0,0,39.163895636797,64.720853805542,83.050806760788,19.542849548161,1.47004425525665,213.242020964622,2148.33584822714,0,21.2684635221958,0,0
