0,0,0.247082451654144,0,0.243439167737961,0,0,0,0.23090885015967,0,0,0,0,0,0.180314725140731,0,0.359935224056244,0,0.284415439647787,0,0,0,0,0,0,0,0,0,0,0,0,0,0,0,0,0,0,0,0,0,0,0,0.189028528553468,0,0.530615270137787,0,0,0,0.178476375192404,0,0.234209871213687,0,0,0,0.187263745022775,0,0.230887694727807,0,0.241976827383041,0,0.176648271711249,0,0,0,0,0,0,0.163828104734421,0,0.219163067638874,0,0.21808653511107,0,0,0,0,0,0,0,0.498114585876465,0,0.509434461593628,0.209708211065709,0.233164280653,0.240023239604219,0,0.172023617515438
0,0,0,0.147859822747842,0,0,0,0,0,0.169328676605666,0,0,0,0,0,0,0,0,0.278004978266027,0,0,0.360524942477544,0,0.331515699625015,0,0,0,0,0,0,0,0,0,0,0,0.327595198154449,0,0.350140624576145,0,0.292200530234438,0,0.4151488194863,0,0,0,0.256686151027679,0,0.367594711482525,0,0.254570500530901,0,0,0,0,0,0.12896906375885,0,0,0,0,0,0,0,0,0.344342569510142,0,0.196287224238569,0,0,0,0,0,0,0,0,0,0,0,0.300190565891044,0,0.321695617715219,0,0.139265370847129,0,0.353484900075286,0.30701270699501,0
0.247082451654144,0,0,0,0.172594679519534,0,0,0,0.205212919248475,0,0,0,0,0,0.216115128993988,0,0,0,0,0,0.257161029747554,0,0,0,0,0,0,0,0,0,0,0,0,0,0,0,0.266046822071075,0,0,0,0,0,0.262681645895141,0,0,0,0.149758808740548,0.338203191757202,0.243770375986432,0.271948099136353,0.189699796716804,0,0,0,0.200328573127065,0,0.280713502849851,0,0,0,0.233370830118656,0,0,0.246983453631401,0,0,0,0,0,0,0,0.326572328805923,0,0.307336817185084,0,0,0,0,0,0,0,0,0.216738111718937,0,0.173062451798981,0,0.224455917874972
0,0.147859822747842,0,0,0,0.24024660885334,0,0,0,0.140102687291801,0,0,0,0,0,0,0,0,0.266799701111657,0,0,0.341233496864637,0,0.369728028774261,0,0,0,0,0,0,0,0,0,0,0,0.253558987485511,0,0.34416977763176,0,0.250048079527915,0.309841364622116,0.275605493600954,0,0,0,0.228723629700894,0,0.315027775242925,0,0.214402062331771,0,0.256882667541504,0,0,0,0.182095594704151,0,0.235108469923337,0,0.245599053800106,0,0,0.243265140624273,0,0.353768087923527,0,0.3358408883214,0,0.348269194364548,0,0.342460604177581,0,0.341723139796938,0,0,0,0,0,0.279002158840497,0.316164627671242,0.338442954421043,0,0.179524416978262,0.274738430976868,0.205163389034697,0,0
0.243439167737961,0,0.172594679519534,0,0,0,0.186592353964752,0,0.189482058708866,0,0.167647810652852,0,0,0,0,0,0,0,0,0,0.252629257061265,0,0,0,0,0,0,0,0,0,0,0,0,0,0,0,0.248368615905444,0,0,0,0,0,0.257197369547451,0,0,0,0.280106636030333,0.29169197678566,0.26345993578434,0,0.200743436186252,0,0.195598303029935,0,0.1898331757014,0,0.217175131369578,0,0,0,0.169507667422295,0,0,0.276658402507888,0,0,0,0,0,0,0,0.307224889596303,0,0.306537783571652,0,0,0,0.283463418483734,0,0,0,0.324157178401947,0.195639325406893,0,0.221520580602496,0,0.223045706748962
0,0,0,0.24024660885334,0,0,0,0.195220614473025,0,0,0,0,0,0,0,0,0,0,0,0.151852402422163,0,0,0,0,0,0,0,0,0,0,0,0,0,0,0,0.207449160516262,0,0,0,0.21675901611646,0,0.267647229135036,0,0,0,0.205936183532079,0,0.245829313993454,0,0.270383546749751,0,0.198480223834777,0,0.239580762386322,0,0.183127626776695,0,0,0,0,0,0,0.155410495040746,0,0,0,0,0,0,0,0,0,0,0,0,0,0,0,0.236880113681157,0,0,0,0.155796167893069,0,0.18835335105908,0,0
0,0,0,0,0.186592353964752,0,0,0,0,0,0,0,0.254679929465055,0,0,0,0,0,0,0,0,0,0,0,0,0,0,0,0,0,0,0,0,0,0,0,0,0,0,0,0,0,0,0,0,0,0,0,0,0,0.188519491647419,0,0.183245670343251,0,0,0,0,0,0.218324616551399,0,0,0,0,0,0,0,0,0,0,0,0,0,0,0,0,0,0,0,0,0,0,0,0.171304025865616,0.181936055421829,0,0,0
0,0,0,0,0,0.195220614473025,0,0,0,0,0,0.204159284376691,0,0,0,0,0,0,0,0.14555932368551,0,0,0,0,0,0,0,0,0,0,0,0,0,0,0,0.200674913823605,0,0,0,0,0,0,0,0,0,0,0,0,0,0,0,0.219765657186508,0,0.209168953942014,0,0,0,0.183604213409126,0,0,0,0,0.140761288503806,0,0,0,0,0,0,0,0,0,0,0,0,0,0,0,0.222226649522781,0,0,0,0.176086813211441,0,0.16789037840707,0,0
0.23090885015967,0,0.205212919248475,0,0.189482058708866,0,0,0,0,0,0,0,0,0,0.165738968405069,0,0.215959565387818,0.179840539950271,0.197203120396983,0,0,0,0.166466519236565,0,0.179607685083567,0,0.17940979839245,0,0,0,0,0,0,0,0,0,0,0,0.364807229640797,0,0,0,0.241531984259685,0.23674950003624,0,0.255199015140533,0,0,0.275056459009647,0,0.197639682226711,0,0,0,0.188059125765549,0,0,0,0.171420536935329,0,0.155002495646477,0,0,0,0,0,0,0.17208243906498,0,0.191961890473343,0,0,0,0,0,0,0,0,0,0.356032997369766,0,0.326154014678917,0.189417213282095,0.157428637036571,0.288778098333427,0,0
0,0.169328676605666,0,0.140102687291801,0,0,0,0,0,0,0,0,0,0,0,0,0.184200711548328,0.14814954996109,0.190512076020241,0,0,0,0,0.18862686968512,0,0,0,0,0,0,0,0,0,0,0,0,0,0.190281031203681,0,0,0,0.244109105318785,0,0,0,0.326011538505554,0,0.253506373900634,0,0.312059544026852,0,0,0,0,0,0.224679287225801,0,0,0,0,0,0.176796901971102,0,0,0,0,0.170575358860549,0,0,0,0,0,0,0,0,0,0,0,0,0,0.170589696615934,0,0.171115185826635,0,0.232954947994306,0,0
0,0,0,0,0.167647810652852,0,0,0,0,0,0,0,0.186629748770169,0,0,0,0.390231609344482,0,0.343154691159725,0,0.247022766823554,0,0,0,0,0,0,0,0.332351697608829,0,0.301983237988623,0,0,0,0,0,0.212881829962134,0,0.228338079340607,0.27632874250412,0.283458449338612,0,0.306622225504655,0,0.45173192024231,0,0.302189827744478,0.312890380620956,0.287982895970345,0.2740758061409,0.186124853068782,0,0,0,0,0,0.278343648233879,0,0.180188080126589,0,0,0,0,0.237361574718535,0,0.358388423919678,0,0,0,0.355113686786758,0,0.333071503234566,0,0.351373615535165,0,0.313986152410507,0,0,0,0.282577319928769,0,0.240276933997796,0.22269256820176,0,0.327009037688926,0,0.443463176488876
0,0,0,0,0,0,0,0.204159284376691,0,0,0,0,0,0.209975381692251,0,0,0,0,0,0.182822499085556,0,0,0,0,0,0,0,0,0,0.219435837356344,0,0,0,0,0,0.162862191597621,0,0.179639718267653,0,0.221777175863584,0,0,0,0,0,0.209294706583023,0,0,0,0,0,0,0,0.174755137868044,0,0,0,0.21640878770704,0,0.204360415227711,0,0,0.208889897380556,0,0,0,0,0,0,0,0,0,0.223178907650188,0,0,0,0,0,0,0,0.21071005707951,0,0.244948277500138,0,0.1949776666505,0,0
0,0,0,0,0,0,0.254679929465055,0,0,0,0.186629748770169,0,0,0,0.146445209229434,0,0.143759455531836,0,0,0,0,0,0,0,0,0,0.139892222789618,0,0.144753686019353,0,0,0,0,0,0,0,0,0,0,0,0,0,0,0,0,0,0,0,0,0,0,0,0.238873713127859,0,0,0,0,0,0.195707003585994,0,0,0,0,0,0,0,0,0,0,0.137502796947956,0,0.141194544732571,0,0,0,0,0,0,0,0,0,0,0.159073548913002,0.291407919699146,0,0,0
0,0,0,0,0,0,0,0,0,0,0,0.209975381692251,0,0,0,0.387962115307649,0,0,0,0,0,0,0,0,0,0,0,0.222696408629417,0,0,0,0,0,0,0,0,0,0,0,0,0,0,0,0,0,0,0,0,0,0,0,0,0,0,0,0,0,0.206288664912184,0,0.213997709026208,0,0.268946204866682,0,0,0,0,0,0,0,0,0.207473427057266,0,0,0,0,0,0,0,0,0,0,0,0.309778167141808,0.326569238305092,0,0,0
0.180314725140731,0,0.216115128993988,0,0,0,0,0,0.165738968405069,0,0,0,0.146445209229434,0,0,0,0.150078695328509,0.167887906854351,0.176799453049898,0,0,0,0.149136267602444,0,0.161683999325918,0,0.150152246613209,0,0.154664712873372,0,0,0,0,0,0,0,0,0,0,0,0,0,0,0,0,0,0,0,0.189537420868874,0,0,0,0,0,0.168179264488602,0,0,0,0,0,0.148639905159591,0,0,0,0,0,0,0,0,0.152091398918429,0,0.143108308315277,0,0,0,0,0,0,0,0,0,0.368561446666718,0.153099156881965,0.142746188586027,0,0,0
0,0,0,0,0,0,0,0,0,0,0,0,0,0.387962115307649,0,0,0,0,0,0,0,0,0,0.189002752304077,0,0,0,0,0,0,0,0,0,0,0,0,0,0,0,0,0,0,0,0,0,0,0,0,0,0,0,0,0,0,0,0,0,0,0,0.3309705555439,0,0.288378217981921,0,0,0,0,0,0,0,0,0,0,0,0,0,0,0,0,0,0,0,0,0.281266680130592,0,0,0,0
0.359935224056244,0,0,0,0,0,0,0,0.215959565387818,0.184200711548328,0.390231609344482,0,0.143759455531836,0,0.150078695328509,0,0,0.159117128708258,0.246941689896957,0.257884204387665,0.350017338991165,0,0.133233356459134,0.139239624142647,0.165606439113617,0,0.138685197498161,0,0.13644877303053,0,0,0,0,0,0,0.326335303485394,0.372401758244163,0.312309543291728,0.363502654764387,0.280410005577973,0.324037135851504,0.282823376674601,0.289653113403036,0.283537268638611,0,0.28929691016674,0.28754913944889,0.329911530017853,0.305634335644784,0.274531111121178,0,0,0,0,0.170004367206047,0,0.342920801469258,0,0,0,0.146767027920387,0,0.296932136311251,0.323593407869339,0,0,0,0.146405607461929,0,0.140775596299632,0,0.319662739833196,0.323303719361623,0.352122637786363,0,0.303688079118729,0,0,0.306353704418455,0.358262831671163,0.328568148036157,0.373182717893944,0.226963412466679,0.180888679096671,0.308497609069141,0.292496954756124,0.282647789910782
0,0,0,0,0,0,0,0,0.179840539950271,0.14814954996109,0,0,0,0,0.167887906854351,0,0.159117128708258,0,0.304240204093098,0.345422148704529,0,0.157325446954433,0.184766719738642,0.130199233635462,0.172812959989128,0.203088290875866,0.155056878517975,0,0,0,0,0,0,0,0,0.337359186390351,0,0.336747494339943,0,0.307282822579145,0.311687649952041,0.294545423876436,0.280983482897282,0.263140149414539,0,0.304887455585715,0.282371494919062,0,0.313374817371368,0.333130031824112,0,0,0,0,0.173378432606473,0,0,0,0,0,0.162390671670437,0,0.319564216666751,0,0.150012506341392,0,0,0,0.217603902518749,0.150473934908708,0.34615358710289,0,0.345499207576116,0,0,0,0,0,0.325159238886486,0.351936899307297,0.341976299097663,0.336718903056213,0.191669346168859,0.25306404378873,0.313136957282942,0.311097816146653,0.290169209241867
0.284415439647787,0.278004978266027,0,0.266799701111657,0,0,0,0,0.197203120396983,0.190512076020241,0.343154691159725,0,0,0,0.176799453049898,0,0.246941689896957,0.304240204093098,0,0.32622455060482,0.342897810041904,0.417008891701698,0.245979169011116,0.38599194586277,0.213239819698391,0,0.223094584086002,0,0,0,0,0,0,0,0,0.368807987393735,0.41675422327085,0.366615512835387,0.405798586883715,0.303640711228404,0.354558254718664,0.258021113791356,0.278397188720687,0.430008504253167,0.487096312500182,0.298124731553093,0.283420666133704,0.332318072766066,0.314830408924643,0.360736726350348,0,0,0,0,0.201226264238358,0,0.336425639390945,0.322581298649311,0,0,0.207575536436505,0,0.314802716811036,0.307989796002706,0.371854911957468,0.354048073291779,0.40384409725666,0,0.39876334865888,0.193008332616753,0.399267511593329,0.335566411415736,0.39145635610277,0.376975840869102,0,0.321667038732105,0,0,0.356632235264043,0.408523720282484,0.384216168737932,0.409397037924116,0.237591467069902,0.260326570320719,0.354027470632531,0.261555929188475,0.256447593512989
0,0,0,0,0,0.151852402422163,0,0.14555932368551,0,0,0,0.182822499085556,0,0,0,0,0.257884204387665,0.345422148704529,0.32622455060482,0,0,0,0,0,0,0,0,0,0,0,0,0,0,0,0,0.276202911558383,0,0.304517032245879,0,0,0,0.315917855501175,0.261150985956192,0.568860054016113,0,0.266217711794225,0,0,0,0.343100726604462,0,0,0,0,0,0,0,0.159912990831903,0,0,0,0,0.289029042701938,0,0,0,0,0,0,0,0,0,0.269403268115312,0,0,0,0,0,0.314379957131494,0,0.303060321031122,0,0.200318824560916,0,0.337990291416645,0,0
0,0,0.257161029747554,0,0.252629257061265,0,0,0,0,0,0.247022766823554,0,0,0,0,0,0.350017338991165,0,0.342897810041904,0,0,0,0,0,0,0,0,0,0.332334780693054,0,0.309203575054805,0,0,0.313885420560837,0.309692066162825,0,0.193393024851426,0,0.163596977080618,0,0.304519907153886,0.23822408169508,0.326591729814929,0,0.403907954692841,0.283156871795654,0.32000804405946,0.303469763938771,0.290896320768765,0.292325334115462,0,0,0,0,0,0,0.347414955147201,0,0.326916068792343,0,0,0,0,0.253355497970603,0,0.362440660595894,0,0,0,0.362140512466431,0,0.34834061690488,0,0.341142507063018,0,0.325378879904747,0,0.308837592601776,0,0.225988450027623,0,0.238454834182761,0.201956851453152,0.246111177481138,0.321718318441425,0,0.353816449642181
0,0.360524942477544,0,0.341233496864637,0,0,0,0,0,0,0,0,0,0,0,0,0,0.157325446954433,0.417008891701698,0,0,0,0.170194012750136,0.222377511551456,0,0.290325450084426,0,0.134102980473212,0,0,0,0,0,0,0,0.347290048996607,0,0.268574055732472,0,0.341362461447716,0,0.36915033904812,0,0,0,0.364969382683436,0,0.395227402448654,0,0.364361954981397,0,0,0,0,0,0.367581337690353,0,0.389196320965483,0,0.389223565226016,0,0.309882299974561,0.403689232468605,0,0.238391027195357,0,0.230668365539893,0,0.335888342413248,0,0.33374753294341,0,0.360356883870231,0,0,0,0,0,0.352620884776115,0,0.330646302208556,0,0.177152527295179,0.140532681428308,0.396051642141844,0.382462424891336,0
0,0,0,0,0,0,0,0,0.166466519236565,0,0,0,0,0,0.149136267602444,0,0.133233356459134,0.184766719738642,0.245979169011116,0,0,0.170194012750136,0,0,0.131287565373856,0,0.131446591847473,0,0.29737590961301,0,0,0,0,0,0,0,0,0,0.18252818269676,0,0,0,0,0,0,0,0,0,0.200313304123041,0,0,0,0,0,0.15819688141346,0,0,0,0,0,0,0,0,0,0.128482639789581,0.206819083182568,0,0.234926489847047,0,0.117746755480766,0,0.281842515271689,0,0,0,0,0,0,0,0,0,0.228954268035604,0.1390430248086,0.143436274849452,0,0,0
0,0.331515699625015,0,0.369728028774261,0,0,0,0,0,0.18862686968512,0,0,0,0,0,0.189002752304077,0.139239624142647,0.130199233635462,0.38599194586277,0,0,0.222377511551456,0,0,0,0.272367963584784,0,0,0,0,0,0,0,0,0,0,0,0.304159089286676,0,0,0,0.38199136433778,0,0,0,0.38300558924675,0,0,0,0.354843039810658,0,0,0,0,0,0.232621280259864,0,0.396531741144837,0,0.352709232932991,0,0.281841012429107,0.414091829742704,0,0.266544359154068,0,0.200300968371996,0,0.360905439309452,0,0.454323223368688,0,0,0,0,0,0,0,0.345965266227722,0,0.322690490688656,0,0.141517843960262,0,0.404771366734293,0,0
0,0,0,0,0,0,0,0,0.179607685083567,0,0,0,0,0,0.161683999325918,0,0.165606439113617,0.172812959989128,0.213239819698391,0,0,0,0.131287565373856,0,0,0,0.169996975067847,0,0,0,0,0,0,0,0,0,0,0,0.156773144219603,0,0.272141844034195,0.231606878340244,0.266313925385475,0,0,0,0,0,0.168836927727649,0,0,0,0,0,0.175641035687584,0,0,0,0,0,0.160034336149693,0,0,0,0,0.190999234361308,0,0.182170138153874,0,0.189545481931418,0,0,0,0.304025620222092,0,0,0,0,0,0,0,0.181783002891899,0.170252721505473,0.181019172072411,0.247950117502894,0,0
0,0,0,0,0,0,0,0,0,0,0,0,0,0,0,0,0,0.203088290875866,0,0,0,0.290325450084426,0,0.272367963584784,0,0,0,0.129993765304486,0,0,0,0,0,0,0,0.370573133230209,0,0,0,0,0.340792059898376,0.400898540019989,0,0,0,0,0,0,0,0.39484139084816,0,0,0,0,0,0.403194218873978,0,0.418594916425054,0,0.407999518844816,0,0.328002875049909,0.429252638266637,0,0.295997610442268,0,0.443633059083029,0,0.361640717863112,0,0.416864703975472,0,0,0,0,0,0,0,0,0,0.413816839456558,0,0.24907098710537,0,0.427506320043044,0,0
0,0,0,0,0,0,0,0,0.17940979839245,0,0,0,0.139892222789618,0,0.150152246613209,0,0.138685197498161,0.155056878517975,0.223094584086002,0,0,0,0.131446591847473,0,0.169996975067847,0,0,0,0.136800624624543,0,0,0,0,0,0,0,0,0,0.376998156309128,0,0,0,0.192541718482971,0,0,0.286632910370827,0,0,0,0,0,0,0,0,0.162999334264743,0,0,0,0,0,0.138322760635301,0,0,0,0,0.164062465795062,0,0.169361843117352,0,0.130106613204678,0,0.157551035009049,0,0.35707625746727,0,0,0,0,0.245592653751373,0.335151478648186,0,0,0.145406319104938,0.158511764236859,0.266521841287613,0,0
0,0,0,0,0,0,0,0,0,0,0,0,0,0.222696408629417,0,0,0,0,0,0,0,0.134102980473212,0,0,0,0.129993765304486,0,0,0,0.251940165711626,0,0,0,0,0,0,0,0.194980988135705,0,0,0,0,0,0,0,0,0,0,0,0,0,0,0,0,0,0,0,0.162356235086918,0,0.118657398436751,0,0,0,0,0.268337880463704,0,0,0,0,0,0.246570133555186,0,0.250725542113446,0,0,0,0,0,0,0,0.311897855997086,0,0.141063936882549,0,0,0,0
0,0,0,0,0,0,0,0,0,0,0.332351697608829,0,0.144753686019353,0,0.154664712873372,0,0.13644877303053,0,0,0,0.332334780693054,0,0.29737590961301,0,0,0,0.136800624624543,0,0,0,0.201643965219798,0,0,0,0,0,0,0,0.241551890969276,0,0,0,0.316994220018387,0,0,0,0,0,0,0,0,0,0,0,0,0,0.340819366837061,0,0.163409762084484,0,0,0,0,0.340845495462418,0,0.153238225566304,0,0,0,0.260414961506339,0,0.246536775434808,0,0,0,0,0,0,0,0,0,0.291558891534805,0.148986760772727,0.143441109785012,0.285528868436813,0,0
0,0,0,0,0,0,0,0,0,0,0,0.219435837356344,0,0,0,0,0,0,0,0,0,0,0,0,0,0,0,0.251940165711626,0,0,0,0,0,0,0,0,0,0.255936739074082,0,0,0,0,0,0,0,0,0,0,0,0,0,0,0,0,0,0,0,0.200252786398573,0,0.158173106965565,0,0,0,0,0,0,0,0,0,0,0.24612938060713,0,0.256734531581032,0,0,0,0,0,0,0,0.229973654841122,0,0.17158143222332,0,0,0,0
0,0,0,0,0,0,0,0,0,0,0.301983237988623,0,0,0,0,0,0,0,0,0,0.309203575054805,0,0,0,0,0,0,0,0.201643965219798,0,0,0,0,0,0,0,0,0,0.216375042362647,0,0.281729698181152,0,0,0,0,0,0.339388688405355,0,0.298956155776978,0.289165854454041,0,0,0,0,0,0,0.360240667184427,0,0,0,0,0,0,0.344455381234487,0,0,0,0,0,0,0,0,0,0.215627464697302,0,0,0,0,0,0.320694138606389,0,0.385790487130483,0.180048374666108,0,0.308756902813911,0,0
0,0,0,0,0,0,0,0,0,0,0,0,0,0,0,0,0,0,0,0,0,0,0,0,0,0,0,0,0,0,0,0,0.419522322750106,0.549364671707153,0,0.13867115483005,0.534265078063453,0,0,0.564130298386921,0,0,0,0,0,0,0,0.534870645721202,0,0.531833647750318,0,0,0,0,0,0,0,0,0,0,0,0,0,0,0,0,0,0,0,0,0,0,0,0,0.340061300092224,0.458542268556089,0.377155666106514,0,0.441106412275974,0,0,0,0.426867290802881,0,0.277060031890869,0,0
0,0,0,0,0,0,0,0,0,0,0,0,0,0,0,0,0,0,0,0,0,0,0,0,0,0,0,0,0,0,0,0.419522322750106,0,0.422775775194168,0.284132219041171,0,0.474133557076761,0,0,0.560705818235874,0.328511714935303,0,0.321576765179634,0,0,0,0.328836172819138,0.538678964289003,0.233395751565695,0.557796913385391,0,0,0,0,0,0,0,0,0,0,0,0,0,0,0,0,0,0,0,0,0,0,0,0,0.387732964617754,0.435567731467196,0,0.46943784906314,0.404007215880685,0.303843244149125,0,0,0.460568038188867,0,0.327553155521552,0,0
0,0,0,0,0,0,0,0,0,0,0,0,0,0,0,0,0,0,0,0,0.313885420560837,0,0,0,0,0,0,0,0,0,0,0.549364671707153,0.422775775194168,0,0.245493106567374,0.261516157537699,0.193340949714184,0.365189538834846,0.380926913022995,0,0.276750922203064,0,0,0,0,0.377272397279739,0,0.483368803065517,0,0.427665465090373,0,0,0,0,0,0,0.33396814763546,0,0,0,0,0,0,0.300120681524277,0,0,0,0,0.282334357500076,0,0,0,0,0,0.501090774933497,0.535169446660626,0.293441566501255,0.3212870376074,0.320156615902806,0.145871996879578,0.355394156888509,0,0.209237769618031,0,0.372887164354324,0,0
0,0,0,0,0,0,0,0,0,0,0,0,0,0,0,0,0,0,0,0,0.309692066162825,0,0,0,0,0,0,0,0,0,0,0,0.284132219041171,0.245493106567374,0,0,0.30019317718127,0.160350364501829,0.215657160545771,0,0.302069939176242,0.302728593349457,0.32020246747293,0,0,0,0.301889950266251,0.571196451214916,0.302705283911355,0.411272165179253,0,0,0,0,0,0,0.315969357887904,0,0,0,0,0,0,0.326563000679016,0,0,0,0,0,0,0,0,0,0.307463334004084,0,0.498136582282873,0.198500977010318,0.392670779836884,0,0.337006124912381,0.135955356061459,0.242554004393495,0.263476938518704,0,0.371421148083103,0,0
0,0.327595198154449,0,0.253558987485511,0,0.207449160516262,0,0.200674913823605,0,0,0,0.162862191597621,0,0,0,0,0.326335303485394,0.337359186390351,0.368807987393735,0.276202911558383,0,0.347290048996607,0,0,0,0.370573133230209,0,0,0,0,0,0.13867115483005,0,0.261516157537699,0,0,0.207287271636762,0.28151416212646,0.129168068120877,0.187185026634977,0.288232420881589,0.331667063582469,0.322366366783778,0.472412490844727,0,0.296475566879137,0.305429205298424,0.239217515009037,0,0.289039128259117,0,0,0,0,0,0,0,0.286632113158703,0,0,0,0,0.266202293850637,0,0.361643612384796,0,0.340594708919525,0,0,0,0.358344405889511,0,0.332619684083121,0,0,0,0.198140628259006,0,0.250357585334776,0.220056754168844,0.283053509254048,0.35853607739721,0.330474958203153,0.208099903737467,0.317051741260069,0.327892977228531,0.313004910945892
0,0,0.266046822071075,0,0.248368615905444,0,0,0,0,0,0.212881829962134,0,0,0,0,0,0.372401758244163,0,0.41675422327085,0,0.193393024851426,0,0,0,0,0,0,0,0,0,0,0.534265078063453,0.474133557076761,0.193340949714184,0.30019317718127,0.207287271636762,0,0.172625496983528,0.234330290919518,0.146710983344487,0.27320885633008,0.275811157443307,0.34223812142456,0,0.46020433306694,0,0.273992436269457,0.356909376702138,0.284931787691618,0.176098077612765,0,0,0,0,0,0,0.326288908720016,0,0,0,0,0,0.36091174185276,0.219380790427808,0,0,0,0,0,0.300764411687851,0,0.322808074951172,0,0.3267564083691,0.412411069428479,0.330861252238298,0,0.243860591909367,0.187772115071615,0.261561194980457,0.399674028158188,0.255659986251629,0.236552471551016,0.3468875259161,0.292877884385304,0,0.337465273216367
0,0.350140624576145,0,0.34416977763176,0,0,0,0,0,0.190281031203681,0,0.179639718267653,0,0,0,0,0.312309543291728,0.336747494339943,0.366615512835387,0.304517032245879,0,0.268574055732472,0,0.304159089286676,0,0,0,0.194980988135705,0,0.255936739074082,0,0,0,0.365189538834846,0.160350364501829,0.28151416212646,0.172625496983528,0,0.199439517563522,0.340941198170185,0,0.319955525937879,0.315298618748784,0.447899979140077,0,0.329497830143997,0.366577953100204,0.571498109973394,0,0.345068309063974,0,0,0,0,0,0.239634973847348,0,0.334354618454681,0,0.330890228350957,0,0.317199024061362,0.369500942136112,0.357385367155075,0.304196439281066,0,0.196151447836115,0,0.306116238913753,0,0.359644752180222,0,0.248865058259531,0,0,0,0.309695582781265,0.191055184602737,0.29679388055505,0.34970826903979,0.262752457451095,0.174948867749084,0.252034324105969,0.23477002746529,0.313754873149071,0.333004336847978,0
0,0,0,0,0,0,0,0,0.364807229640797,0,0.228338079340607,0,0,0,0,0,0.363502654764387,0,0.405798586883715,0,0.163596977080618,0,0.18252818269676,0,0.156773144219603,0,0.376998156309128,0,0.241551890969276,0,0.216375042362647,0,0,0.380926913022995,0.215657160545771,0.129168068120877,0.234330290919518,0.199439517563522,0,0,0.363523381096976,0.356252451737722,0.311919912695885,0,0.4682337641716,0.387945204973221,0.307949084766518,0.727179133256928,0.313165105927687,0,0,0,0,0,0.297695604237643,0,0.24800293196023,0,0,0,0,0,0,0.229406935924833,0,0.231450755058265,0,0.20572209704754,0,0,0,0.434109658002853,0,0.218064839227332,0,0,0,0.281579596452091,0.369655430316925,0.261404979730039,0.448094014326731,0.247530691211438,0.213607603895296,0.186198067816871,0.372887544712778,0,0.398977696895599
0,0.292200530234438,0,0.250048079527915,0,0.21675901611646,0,0,0,0,0.27632874250412,0.221777175863584,0,0,0,0,0.280410005577973,0.307282822579145,0.303640711228404,0,0,0.341362461447716,0,0,0,0,0,0,0,0,0,0.564130298386921,0.560705818235874,0,0,0.187185026634977,0.146710983344487,0.340941198170185,0,0,0.272660779953003,0.276616268121835,0.266170252362887,0.394839813932776,0,0.231412899930303,0.268025189638138,0.282239659774032,0,0.29428552990997,0,0,0,0,0,0,0.323519289493561,0.296113842412045,0,0,0,0.260105813543002,0.29526932610731,0,0.317424327135086,0,0.334611892700195,0,0,0,0.328796297311783,0,0.314375345905622,0.321704611182213,0.298439483614576,0.67300945520401,0.310846924781799,0,0.400938995874724,0.315009474754333,0.281218983193132,0.376442819833755,0.26993374642916,0.275620902578036,0.235382367393025,0.26456867412823,0.186340644955635
0,0,0,0.309841364622116,0,0,0,0,0,0,0.283458449338612,0,0,0,0,0,0.324037135851504,0.311687649952041,0.354558254718664,0,0.304519907153886,0,0,0,0.272141844034195,0.340792059898376,0,0,0,0,0.281729698181152,0,0.328511714935303,0.276750922203064,0.302069939176242,0.288232420881589,0.27320885633008,0,0.363523381096976,0.272660779953003,0,0.289417479398116,0.333941475775721,0,0,0.306669785695917,0.260724157930589,0.278748141289836,0.288473516294511,0.256232764422893,0,0,0,0,0,0,0.316926100703536,0,0,0,0,0,0.282313831150532,0.301538524897655,0,0.36030638217926,0,0,0,0.298408776521683,0,0.337187414367994,0.301574051380157,0.34239829287229,0,0.30549125232139,0,0.285704795377595,0.341566950082779,0.328754039779232,0.354432694613934,0.363978046625333,0.329499062481534,0.31237775208035,0.343262280376743,0.279265999794006,0.315353872461451
0,0.4151488194863,0,0.275605493600954,0,0.267647229135036,0,0,0,0.244109105318785,0,0,0,0,0,0,0.282823376674601,0.294545423876436,0.258021113791356,0.315917855501175,0.23822408169508,0.36915033904812,0,0.38199136433778,0.231606878340244,0.400898540019989,0,0,0,0,0,0,0,0,0.302728593349457,0.331667063582469,0.275811157443307,0.319955525937879,0.356252451737722,0.276616268121835,0.289417479398116,0,0.235455253850774,0.230818014591932,0,0.311735328032062,0.238772550767118,0.335456733080678,0.247751565142111,0.33105021526874,0,0.287633389234543,0,0,0,0.303876573624818,0.283586010336876,0.349640488952071,0,0,0,0,0.303778930223913,0.253565967082977,0.36829887923374,0,0.380848221088711,0,0.409939234671385,0,0.378552289824412,0,0.357196198811956,0.27859741046622,0,0.244594737887383,0.33637660741806,0,0.316848142266549,0.309777360908764,0.336448616320843,0.293405910755726,0.259662954847803,0.272111478660788,0.306667387067686,0.238355226137421,0.212044729292393
0.189028528553468,0,0.262681645895141,0,0.257197369547451,0,0,0,0.241531984259685,0,0.306622225504655,0,0,0,0,0,0.289653113403036,0.280983482897282,0.278397188720687,0.261150985956192,0.326591729814929,0,0,0,0.266313925385475,0,0.192541718482971,0,0.316994220018387,0,0,0,0.321576765179634,0,0.32020246747293,0.322366366783778,0.34223812142456,0.315298618748784,0.311919912695885,0.266170252362887,0.333941475775721,0.235455253850774,0,0.177308365702629,0.419026292860508,0.276767466428145,0.283975302487191,0.313893392362112,0.30912529166831,0.283533598296344,0,0,0,0,0.28031113743782,0.260053247213364,0.329917799273547,0.278926342725754,0,0,0.185240641236305,0,0.289155034555329,0.346367528036478,0,0.379956163465977,0.323977172374725,0,0.332789570093155,0.269799448549747,0.303414613008499,0.356569873048114,0,0.361918380071895,0,0.335823905674477,0,0.315950104168483,0.302354649200544,0.351342079294385,0.321896621159145,0.37014352620521,0.268197889267887,0.273791360555502,0.286917982898656,0.226485145588716,0.236780054867268
0,0,0,0,0,0,0,0,0.23674950003624,0,0,0,0,0,0,0,0.283537268638611,0.263140149414539,0.430008504253167,0.568860054016113,0,0,0,0,0,0,0,0,0,0,0,0,0,0,0,0.472412490844727,0,0.447899979140077,0,0.394839813932776,0,0.230818014591932,0.177308365702629,0,0,0.380245547209467,0,0.461295664310455,0,0.564811110496521,0,0,0,0,0,0,0,0,0,0,0,0,0.340821981430054,0,0,0,0,0,0,0,0,0,0.508477777242661,0.350336015224457,0,0,0.452903538942337,0,0.396795353828332,0,0.501820178278561,0,0.296810340757171,0,0.383485783068907,0.263697066477367,0
0.530615270137787,0,0,0,0,0,0,0,0,0,0.45173192024231,0,0,0,0,0,0,0,0.487096312500182,0,0.403907954692841,0,0,0,0,0,0,0,0,0,0,0,0,0,0,0,0.46020433306694,0,0.4682337641716,0,0,0,0.419026292860508,0,0,0,0,0,0,0,0,0,0,0,0,0,0.428887099027634,0,0,0,0,0,0,0.389629364013672,0,0,0,0,0,0,0,0,0,0.476475669278039,0,0,0,0,0,0.539509303039975,0,0.51599539139054,0.292460314929485,0.34059265255928,0.40341888119777,0,0.407574832439423
0,0.256686151027679,0,0.228723629700894,0,0.205936183532079,0,0,0.255199015140533,0.326011538505554,0,0.209294706583023,0,0,0,0,0.28929691016674,0.304887455585715,0.298124731553093,0.266217711794225,0.283156871795654,0.364969382683436,0,0.38300558924675,0,0,0.286632910370827,0,0,0,0,0,0,0.377272397279739,0,0.296475566879137,0,0.329497830143997,0.387945204973221,0.231412899930303,0.306669785695917,0.311735328032062,0.276767466428145,0.380245547209467,0,0,0.283079256614049,0.340002517700195,0.305689662694931,0.287545699407073,0,0,0,0,0,0.278309553861618,0,0.284428681433201,0,0,0,0,0.264694287302472,0,0.381496734917164,0,0.360150401790937,0,0.378587467329843,0,0.369954525447283,0,0.330933916848153,0.3369265422225,0.270527482032776,0.311450928449631,0,0,0.26235867997862,0.341436103979746,0.317777015788029,0.333882749080658,0.301868207772573,0.290691846981645,0.288040712677708,0.300731868483126,0.257031125681741
0,0,0.149758808740548,0,0.280106636030333,0,0,0,0,0,0.302189827744478,0,0,0,0,0,0.28754913944889,0.282371494919062,0.283420666133704,0,0.32000804405946,0,0,0,0,0,0,0,0,0,0.339388688405355,0,0.328836172819138,0,0.301889950266251,0.305429205298424,0.273992436269457,0.366577953100204,0.307949084766518,0.268025189638138,0.260724157930589,0.238772550767118,0.283975302487191,0,0,0.283079256614049,0,0.270949394533447,0.283974779365712,0.2588260024786,0,0,0,0,0.249515652656555,0,0.326701993238309,0,0,0,0,0,0.293299049139023,0.315846271254372,0,0.364355802536011,0,0,0,0.336883087952932,0,0.347447899865433,0,0.343111904783378,0,0.261963955676833,0,0.290808947086334,0.304469312940325,0.270036401486051,0.339488089084625,0.313861573150864,0.271837156601053,0.277585863207395,0.255203356110352,0.250316053628922,0.291023788899183
0,0.367594711482525,0.338203191757202,0.315027775242925,0.29169197678566,0.245829313993454,0,0,0,0.253506373900634,0.312890380620956,0,0,0,0,0,0.329911530017853,0,0.332318072766066,0,0.303469763938771,0.395227402448654,0,0,0,0,0,0,0,0,0,0.534870645721202,0.538678964289003,0.483368803065517,0.571196451214916,0.239217515009037,0.356909376702138,0.571498109973394,0.727179133256928,0.282239659774032,0.278748141289836,0.335456733080678,0.313893392362112,0.461295664310455,0,0.340002517700195,0.270949394533447,0,0.411178593891237,0.408386940655533,0,0,0,0,0,0.269328624755144,0.307671855254607,0.327187849415673,0,0.320867151021957,0,0.327924340963364,0.23283277451992,0.324649729857258,0.361197613179684,0,0.266472505671637,0,0.337857976555824,0.338920891284943,0.369262546300888,0.319789881152766,0.362445577979088,0.332554647684097,0.367907709036118,0.517372826368131,0.498601150678776,0.484362156153594,0.412371978348827,0.297625447477191,0.418749451704618,0.437498686710993,0.377859280803446,0.292215377092361,0.417401735286125,0.293621242046356,0.316945873200893
0.178476375192404,0,0.243770375986432,0,0.26345993578434,0,0,0,0.275056459009647,0,0.287982895970345,0,0,0,0.189537420868874,0,0.305634335644784,0.313374817371368,0.314830408924643,0,0.290896320768765,0,0.200313304123041,0,0.168836927727649,0,0,0,0,0,0.298956155776978,0,0.233395751565695,0,0.302705283911355,0,0.284931787691618,0,0.313165105927687,0,0.288473516294511,0.247751565142111,0.30912529166831,0,0,0.305689662694931,0.283974779365712,0.411178593891237,0,0.197326878515574,0.181283414363861,0,0,0,0.274982023788126,0,0.275592440892668,0,0.258595079183578,0,0.237238243222237,0,0,0.357636315982198,0,0.257559550176488,0,0.24133527273699,0,0.285672877139101,0,0.267945708374719,0,0.300080591212205,0,0.28853261204817,0,0.283894071508856,0.350652605295181,0.298339894401065,0.29035472869873,0.37669962998176,0.371078666171924,0.301372373742717,0.308968984909055,0,0.282652486773098
0,0.254570500530901,0.271948099136353,0.214402062331771,0,0.270383546749751,0,0,0,0.312059544026852,0.2740758061409,0,0,0,0,0,0.274531111121178,0.333130031824112,0.360736726350348,0.343100726604462,0.292325334115462,0.364361954981397,0,0.354843039810658,0,0.39484139084816,0,0,0,0,0.289165854454041,0.531833647750318,0.557796913385391,0.427665465090373,0.411272165179253,0.289039128259117,0.176098077612765,0.345068309063974,0,0.29428552990997,0.256232764422893,0.33105021526874,0.283533598296344,0.564811110496521,0,0.287545699407073,0.2588260024786,0.408386940655533,0.197326878515574,0,0,0,0,0,0,0.30660480260849,0.299972583850225,0.347907295982043,0,0.340588384111163,0,0.312227057234589,0.35476315901393,0.279096533854802,0.339872894370765,0,0.355154845989152,0,0.35001294124265,0,0.406084065325558,0.318650104105473,0.407232485107473,0.317270770668983,0.303146273501821,0.463840171694756,0.357428112396827,0.457773812115192,0.340219276542086,0.248398711681366,0.334040191024542,0.311533242464066,0.382921566751242,0.314418345689774,0.341672253751651,0.345517423698458,0
0.234209871213687,0,0.189699796716804,0,0.200743436186252,0,0.188519491647419,0,0.197639682226711,0,0.186124853068782,0,0,0,0,0,0,0,0,0,0,0,0,0,0,0,0,0,0,0,0,0,0,0,0,0,0,0,0,0,0,0,0,0,0,0,0,0,0.181283414363861,0,0,0,0.180558484126913,0,0.170163096860051,0,0.172099610169729,0,0.160926029086113,0,0,0,0,0.272673006568636,0,0,0,0,0,0,0,0,0,0,0,0,0,0,0,0,0,0,0.185471359789371,0,0.242541476207621,0,0
0,0,0,0.256882667541504,0,0.198480223834777,0,0.219765657186508,0,0,0,0,0,0,0,0,0,0,0,0,0,0,0,0,0,0,0,0,0,0,0,0,0,0,0,0,0,0,0,0,0,0.287633389234543,0,0,0,0,0,0,0,0,0,0,0,0.258443593978882,0,0,0,0,0,0,0,0,0,0,0,0,0,0,0,0,0,0,0,0,0,0,0,0,0,0,0,0,0,0,0.23897690474987,0,0
0,0,0,0,0.195598303029935,0,0.183245670343251,0,0,0,0,0,0.238873713127859,0,0,0,0,0,0,0,0,0,0,0,0,0,0,0,0,0,0,0,0,0,0,0,0,0,0,0,0,0,0,0,0,0,0,0,0,0,0.180558484126913,0,0,0,0,0,0,0,0,0,0,0,0,0,0,0,0,0,0,0,0,0,0,0,0,0,0,0,0,0,0,0,0.168883951314326,0.129773482680321,0,0,0
0,0,0,0,0,0.239580762386322,0,0.209168953942014,0,0,0,0.174755137868044,0,0,0,0,0,0,0,0,0,0,0,0,0,0,0,0,0,0,0,0,0,0,0,0,0,0,0,0,0,0,0,0,0,0,0,0,0,0,0,0.258443593978882,0,0,0,0,0,0.170740706622601,0,0,0,0,0,0,0,0,0,0,0,0,0,0,0,0,0,0,0,0,0,0,0,0,0.183524444699287,0,0,0,0
0.187263745022775,0,0.200328573127065,0,0.1898331757014,0,0,0,0.188059125765549,0,0,0,0,0,0.168179264488602,0,0.170004367206047,0.173378432606473,0.201226264238358,0,0,0,0.15819688141346,0,0.175641035687584,0,0.162999334264743,0,0,0,0,0,0,0,0,0,0,0,0.297695604237643,0,0,0,0.28031113743782,0,0,0,0.249515652656555,0,0.274982023788126,0,0.170163096860051,0,0,0,0,0,0.152353718876839,0,0.163307469926382,0,0.160744440888888,0,0,0,0,0,0,0.17593153015427,0,0.166003065138328,0,0,0,0,0,0,0,0,0,0.306179970502853,0,0.271904879413983,0.176629550992699,0.158217605372722,0.249045566136007,0,0
0,0.12896906375885,0,0.182095594704151,0,0.183127626776695,0,0,0,0.224679287225801,0,0,0,0,0,0,0,0,0,0,0,0.367581337690353,0,0.232621280259864,0,0.403194218873978,0,0,0,0,0,0,0,0,0,0,0,0.239634973847348,0,0,0,0.303876573624818,0.260053247213364,0,0,0.278309553861618,0,0.269328624755144,0,0.30660480260849,0,0,0,0,0,0,0,0,0,0,0,0,0,0,0.33340647816658,0,0.190716650130331,0,0,0,0.389461234211922,0,0.300483554601669,0,0,0,0,0,0,0,0.211059739643877,0,0.2136265873909,0,0.217975611432215,0,0
0.230887694727807,0,0.280713502849851,0,0.217175131369578,0,0,0,0,0,0.278343648233879,0,0,0,0,0,0.342920801469258,0,0.336425639390945,0,0.347414955147201,0,0,0,0,0,0,0,0.340819366837061,0,0.360240667184427,0,0,0.33396814763546,0.315969357887904,0,0.326288908720016,0,0.24800293196023,0.323519289493561,0.316926100703536,0.283586010336876,0.329917799273547,0,0.428887099027634,0,0.326701993238309,0.307671855254607,0.275592440892668,0.299972583850225,0.172099610169729,0,0,0,0.152353718876839,0,0,0,0.203464232260982,0,0.249828776015955,0,0.315391600131989,0.330114295364319,0,0.34211653470993,0,0,0,0.359329498012861,0,0.354438554233607,0.346759229898453,0.398749330255955,0,0.31212529540062,0,0.315378822386265,0.354894459247589,0.313251072643725,0,0.403586820136793,0.293101990246214,0.322890102863312,0.308338938763848,0,0.370697391529878
0,0,0,0.235108469923337,0,0,0,0.183604213409126,0,0,0,0.21640878770704,0,0.206288664912184,0,0,0,0,0.322581298649311,0.159912990831903,0,0.389196320965483,0,0.396531741144837,0,0.418594916425054,0,0.162356235086918,0,0.200252786398573,0,0,0,0,0,0.286632113158703,0,0.334354618454681,0,0.296113842412045,0,0.349640488952071,0.278926342725754,0,0,0.284428681433201,0,0.327187849415673,0,0.347907295982043,0,0,0,0.170740706622601,0,0,0,0,0,0.331887962538452,0,0.37475645136671,0.302485620087766,0,0.387986891427819,0,0.4033009378716,0,0.434249741690499,0,0.410719358547815,0,0.300457612429692,0,0,0,0.348312616348267,0,0.299026930874044,0,0.351006614815058,0,0.2317264319891,0,0.338369532017758,0,0
0.241976827383041,0,0,0,0,0,0.218324616551399,0,0.171420536935329,0,0.180188080126589,0,0.195707003585994,0,0,0,0,0,0,0,0.326916068792343,0,0,0,0,0,0,0,0.163409762084484,0,0,0,0,0,0,0,0,0,0,0,0,0,0,0,0,0,0,0,0.258595079183578,0,0.160926029086113,0,0,0,0.163307469926382,0,0.203464232260982,0,0,0,0.244773487511434,0,0,0,0,0,0,0,0,0.212180867791176,0,0.21333713287657,0,0,0,0,0,0,0,0,0,0,0,0.130563735961914,0,0,0
0,0,0,0.245599053800106,0,0,0,0,0,0,0,0.204360415227711,0,0.213997709026208,0,0.3309705555439,0,0,0,0,0,0.389223565226016,0,0.352709232932991,0,0.407999518844816,0,0.118657398436751,0,0.158173106965565,0,0,0,0,0,0,0,0.330890228350957,0,0,0,0,0,0,0,0,0,0.320867151021957,0,0.340588384111163,0,0,0,0,0,0,0,0.331887962538452,0,0,0,0.370956153628674,0.380345031619072,0,0.371925754980607,0,0.320690548978746,0,0.444076937666306,0,0.284803600715739,0,0.188949309289455,0,0,0,0,0,0,0,0.334652629370491,0,0.32802240550518,0,0.342846602201462,0,0
0.176648271711249,0,0.233370830118656,0,0.169507667422295,0,0,0,0.155002495646477,0,0,0,0,0,0.148639905159591,0,0.146767027920387,0.162390671670437,0.207575536436505,0,0,0,0,0,0.160034336149693,0,0.138322760635301,0,0,0,0,0,0,0,0,0,0,0,0,0,0,0,0.185240641236305,0,0,0,0,0,0.237238243222237,0,0,0,0,0,0.160744440888888,0,0.249828776015955,0,0.244773487511434,0,0,0,0,0,0,0,0,0,0,0.143590696528554,0,0.229817558328311,0,0,0,0,0,0,0,0,0,0,0.140530842986907,0.13509236435805,0,0,0
0,0,0,0,0,0,0,0,0,0.176796901971102,0,0,0,0.268946204866682,0,0.288378217981921,0,0,0,0,0,0.309882299974561,0,0.281841012429107,0,0.328002875049909,0,0,0,0,0,0,0,0,0,0,0,0.317199024061362,0,0.260105813543002,0,0,0,0,0,0,0,0.327924340963364,0,0.312227057234589,0,0,0,0,0,0,0,0.37475645136671,0,0.370956153628674,0,0,0.368178650736809,0,0.336205363273621,0,0.26406471660504,0,0.366934483542162,0,0,0,0,0,0,0,0,0,0.282746911048889,0,0.298038008027389,0,0.294127931197484,0.272682547569275,0.251959438199428,0,0
0,0,0,0.243265140624273,0,0.155410495040746,0,0.140761288503806,0,0,0,0.208889897380556,0,0,0,0,0.296932136311251,0.319564216666751,0.314802716811036,0.289029042701938,0,0.403689232468605,0,0.414091829742704,0,0.429252638266637,0,0,0,0,0,0,0,0,0,0.266202293850637,0.36091174185276,0.369500942136112,0,0.29526932610731,0.282313831150532,0.303778930223913,0.289155034555329,0.340821981430054,0,0.264694287302472,0.293299049139023,0.23283277451992,0,0.35476315901393,0,0,0,0,0,0,0.315391600131989,0.302485620087766,0,0.380345031619072,0,0.368178650736809,0,0,0.400592467364143,0,0.410361569523811,0,0.426548025870727,0,0.414017280379494,0,0.365062364054466,0.330665916204453,0,0,0.391452372074127,0,0.29142915555455,0.333963912725449,0.341420450449941,0.3520461221536,0.304936198344648,0.292714881400267,0.283656200120065,0.285534098744392,0.287006296217442
0,0,0.246983453631401,0,0.276658402507888,0,0,0,0,0,0.237361574718535,0,0,0,0,0,0.323593407869339,0,0.307989796002706,0,0.253355497970603,0,0,0,0,0,0,0,0.340845495462418,0,0.344455381234487,0,0,0.300120681524277,0.326563000679016,0,0.219380790427808,0.357385367155075,0.229406935924833,0,0.301538524897655,0.253565967082977,0.346367528036478,0,0.389629364013672,0,0.315846271254372,0.324649729857258,0.357636315982198,0.279096533854802,0.272673006568636,0,0,0,0,0,0.330114295364319,0,0,0,0,0,0,0,0,0,0,0,0,0.346513643860817,0,0.346101470166184,0,0.347702391971704,0,0.318996708182728,0,0.309145653247833,0,0.290632024212053,0,0.269951404865603,0.27201927531601,0.277234094483512,0.309914498911769,0,0.324680442993457
0,0.344342569510142,0,0.353768087923527,0,0,0,0,0,0,0,0,0,0,0,0,0,0.150012506341392,0.371854911957468,0,0,0.238391027195357,0.128482639789581,0.266544359154068,0,0.295997610442268,0,0.268337880463704,0,0,0,0,0,0,0,0.361643612384796,0,0.304196439281066,0,0.317424327135086,0,0.36829887923374,0,0,0,0.381496734917164,0,0.361197613179684,0,0.339872894370765,0,0,0,0,0,0.33340647816658,0,0.387986891427819,0,0.371925754980607,0,0.336205363273621,0.400592467364143,0,0,0,0.220709890008919,0,0.29886880907445,0,0.285005963243846,0,0.348160871050575,0,0,0,0,0,0.374729141592979,0,0.354551908099422,0,0.244697141104212,0.1694051399827,0.388144250062047,0.383844069072178,0
0,0,0,0,0,0,0,0,0,0,0.358388423919678,0,0,0,0,0,0,0,0.354048073291779,0,0.362440660595894,0,0.206819083182568,0,0.190999234361308,0,0.164062465795062,0,0.153238225566304,0,0,0,0,0,0,0,0,0,0.231450755058265,0,0.36030638217926,0,0.379956163465977,0,0,0,0.364355802536011,0,0.257559550176488,0,0,0,0,0,0,0,0.34211653470993,0,0,0,0,0,0,0,0,0,0,0.210664268921722,0,0.2982313676259,0,0.318645507332703,0,0.378295877575874,0,0,0,0,0,0,0,0.364116759340801,0.126368989050388,0,0.315682172775269,0,0.427551865577698
