0,0,259.074491024017,0,0,0,0,0,227.959875777364,0,1.1382167339325,0,0,0,0,0,6.28566920757294,2.27914127707481,74.1148540973663,0,2.61217129230499,0,0,0,3.5024961233139,0,0,0,0,0,0,0,0,0,0,0,10.5326321423054,0,0.738245904445648,0.598372578620911,0,1.042679220438,63.4409545958042,0.797475576400757,0,0,23.0426044166088,0,230.528304085135,0,0,0,0,0,386.354198276997,0,2.94445210695267,0,0,0,47.6578310132027,0,0,0.343535989522934,0,0,0,1.77937906980515,0,0,0,0,0,2.73222288489342,0,0,0,0,0,74.6623458564281,0,17.4269001930952,270.482529968023,3.85926792025566,777.195997983217,0,0
0,0,0,149.929132223129,0,0,0,0,0,606.061490744352,0,0,0,0,0,0,0,0,2.28304809331894,0,0,0,0,0,0,0,0,0,0,0,0,0,0,0,0,0,0,0,0,0,0,5.21886169910431,0,0,0,0,0,0,0,96.2200039923191,0,0,0,0,0,103.893658161163,0,1.39923882484436,0,0.678923606872559,0,0,0,0,0,0,0,0,0,0,0,0,0,0,0,0,0,0,0,0,0,0,173.958870202303,0,95.6208955943584,0.479848265647888,0
259.074491024017,0,0,0,171.781297490001,0,0,0,71.0928516089916,0,0,0,0,0,0,0,0,0,0.681835412979126,0,12.0747975260019,0,0,0,0,0,0,0,0,0,0,0,0,0,0,0,7.41274141520262,0,0.96759906411171,0,0,0,14.6835740730166,0,0,0,78.5215424969792,0,274.564573094249,0.123012535274029,4.17797876894474,0,0,0,35.1878262162209,0,63.0821887850761,0,38.3360256552696,0,31.9287815093994,0,0,6.33713789284229,0,0,0,0,0,0,0,0,0,13.634636387229,0,0,0,0,0,21.8450382724404,0,8.34594006836414,68.6320618838072,0,741.420334585011,0,0.880151242017746
0,149.929132223129,0,0,0,489.546638518572,0,0,0,270.38242867589,0,0,0,0,0,0,0,0,0,0,0,0,0,0,0,0,0,0,0,0,0,0,0,0,0,0,0,0,0,0,0,63.8307496160269,0,0,0,4.32873448729515,0,0,0,0,0,36.5456544756889,0,0,0,128.009282588959,0,7.1228546500206,0,0,0,0,2.04134345054626,0,0,0,0,0,0,0,0,0,0,0,0,0,0,0,0,0,1.01444035768509,0,107.586900055408,0,644.426875934005,4.07931898534298,0
0,0,171.781297490001,0,0,0,74.4842100143433,0,0,0,0,0,0,0,0,0,0,0,0,0,43.6672204807401,0,0,0,0,0,0,0,0,0,0,0,0,0,0,0,6.50664178282022,0,0.56912487745285,0,0.584411799907684,0,7.70836225152016,0,0,0,38.0347628965974,0,25.6172753572464,0,268.193725436926,0,37.5139565467834,0,49.4884328842163,0,0,0,2.19172474741936,0,4.7380039691925,0,0,106.106610633433,0,0,0,0,0,0,0,0,0,0,0,0,0,0,0,21.5295177400112,0,1.96851053088903,3.21290346980095,0,203.911706522107,0,0
0,0,0,489.546638518572,0,0,0,0,0,31.1784226298332,0,14.0633269548416,0,0,0,0,0,0,0,0,0,0,0,0,0,0,0,0,0,0,0,0,0,0,0,0,0,0,0,0.462304785847664,0,1.20850431919098,0,0,0,22.4296104758978,0,0,0,0.231436848640442,0,40.1910043358803,0,0,0,0,0,0.594505965709686,0,0,0,0,0,0,0,0,0,0,0,0,0,0,0,0,0,0,0,0,0.174753934144974,0,0.243673965334892,0,197.108556851745,16.9206160008907,113.946823969483,0,0
0,0,0,0,74.4842100143433,0,0,0,0,0,0,0,0,0,0,0,0,0,0,0,26.7540594041348,0,0,0,0,0,0,0,0,0,0,0,0,0,0,0,0,0,0,0,0,0,0,0,0,0,0,0,0,0,69.1963839530945,0,7.61823415756226,0,0,0,3.31090843677521,0,0,0,0,0,0,3.9207661151886,0,0,0,0,0,0,0,0,0,0,0,0,0,0,0,0,0,0,43.6088082194328,3,4.99625682830811,0,0
0,0,0,0,0,0,0,0,0,0,0,0,0,0,0,0,0,0,0,0,0,0,0,0,0,0,0,0,0,0,0,0,0,0,0,0,0,0,0,0,0,0,0,0,0,0,0,0,0,0,0,0,0,0,0,0,0,0,0,0,0,0,0,0,0,0,0,0,0,0,0,0,0,0,0,0,0,0,0,0,0,0,76.7992749214172,0,0,0,0
227.959875777364,0,71.0928516089916,0,0,0,0,0,0,0.206894978880882,0,0,0,0,1,0.590834185481071,410.810578912497,47.1157919019461,112.023667305708,0,0,0,0,2.49335986375809,6.2121819704771,3.63746428489685,1.58347761631012,0,0,0,0,0,0,0,0,0,0,0,13.7591338157654,0.196310475468636,0,0,86.7505287379026,0,0,0,0,0,45.651865541935,0,10.0147793292999,0,0,0,586.185851305723,0,0,0,0,0,15.0934736132622,0,0,0,0,0,0,16.1959632784128,0,13.0736954212189,0,0,0,0,0,0,0,0,0,0.445235759019852,0,2.12327209115028,1220.17798253894,31.8046246170998,86.4488015472889,0,45.9534291625023
0,606.061490744352,0,270.38242867589,0,31.1784226298332,0,0,0.206894978880882,0,0,0,0,0,0,149.344800516963,167.84049642086,613.981390163302,135.223417848349,0,0,0,0,78.9507455527782,1.11519932746887,43.4642453193665,0,0,0,0,0,0,0,0,0,0,0,113.512198626995,0,0.209599688649178,0,32.0364542901516,0.210480839014053,0,0,0,0,0,0,0.278239727020264,0,0,0,0,0,418.745765119791,0,0,0,0,0,1.96845963597298,0,0,0,0,91.9115444719791,0,2.11284449696541,0,0,0,0,0,0.575737833976746,0,0.346263349056244,0,0.958397150039673,0,22.1022696346045,0,1052.62064217031,25.1468964219093,342.352447062731,0.740922570228577,1.38929080963135
1.1382167339325,0,0,0,0,0,0,0,0,0,0,0,149.667530804873,0,0,0,0,0,0,0,517.561696588993,0,0,0,0,0,0,0,29.3813417553902,0,423.519289776683,0,0,0,0,0,0,0,1332.34846398234,0,0,0,0.274418473243713,0,0,0,1.29220147430897,0,0,0,0,0,7.17245107889175,0,0,0,1921.56405586004,0,5.47430181503296,0,0,0,0,4.17599061131477,0,0,0,0,0,0,0,0,0,21.0811637639999,0,0,0,0,0,0,0,40.7652457952499,607.84144833684,72.6831073611975,0.770395010709763,0,0
0,0,0,0,0,14.0633269548416,0,0,0,0,0,0,0,0,0,0,0,0,0,153.662468984723,0,0,0,0,0,0,0,0,0,0,0,0,0,0,0,0,0,441.577797323465,0,0,0,0,0,0,0,0,0,0,0,0,0,0,0,0,0,0,0,541.460263162851,0,0,0,0,5.69268098473549,0,0,0,0,0,0,0,0,0,182.842489928007,0,0,0,0,0,0,0,41.1087959706783,0,13.9894830584526,0,44.8952903598547,0,0
0,0,0,0,0,0,0,0,0,0,149.667530804873,0,0,0,365.982061505318,0,0,0,0,0,0,0,0,0,0,0,11.1366055905819,0,18.9958112537861,0,0,0,0,0,0,0,0,0,0,0,0,0,0,0,0,0,0,0,0,0,6.61601972579956,0,0,0,0,0,2.40632426738739,0,953.757717639208,0,2.44489765167236,0,0,0,0,0,0,0,0,13.7473688423634,0,0,0,0,0,0,0,0,0,0,0,0,127.636891484261,138.308456033468,0,0,0
0,0,0,0,0,0,0,0,0,0,0,0,0,0,0,66.8212747573853,0.417903512716293,36.3860443234444,0,0,0,0,0,0,0,0,0,1.55997824668884,0,0,0,0,0,0,0,0,0,0,0,0,0,0,0,0,0,0,0,0,0,0,0,0,0,0,0,0,0,0,0,78.6938314437866,0,59.3118162155151,0,0,0,0,0,0,0,0,0,0,0,0,0,0,0,0,0,0,0,0,0,0,0,0,0
0,0,0,0,0,0,0,0,1,0,0,0,365.982061505318,0,0,0,77.0747074484825,0,3.64333418011665,0,0,0,0,0,0,0,13.6221431791782,0,0,0,0,0,0,0,0,0,0,0,0,0,0,0,0,0,0,0,0,0,0,0,0,0,0,0,2.74770006537437,0,0,0,315.361828386784,0,38.6414214372635,0,0,0,0,0,0,0,0,30.09327891469,0,0,0,0,0,0,0,0,0,0,0,0,50.7797856628895,0,0,0,0
0,0,0,0,0,0,0,0,0.590834185481071,149.344800516963,0,0,0,66.8212747573853,0,0,146.148990854621,846.446578174829,47.4661669135094,0,0,0,0,24.2222922444344,0,70.9342766404152,0,1.16364392638206,0,0,0,0,0,0,0,0,0,0,0,0,0,3.12050130963326,0.757405042648315,0,0,0,0,0,0,0,0,1,0,0,0,18.1987695395947,0,0,0,0,0,168.915097892284,0,0,0,0,0,0,9.14972764253616,0,0,0,0,0.264396339654922,0,0,0,0,0.559986293315887,0,0,0.761196851730347,422.037176266313,31.9099536538124,0.981813430786133,0,0.456972926855087
6.28566920757294,0,0,0,0,0,0,0,410.810578912497,167.84049642086,0,0,0,0.417903512716293,77.0747074484825,146.148990854621,0,16631.3434347361,6207.50386477262,0,8.64233231544495,0,438.626756876707,215.938315749168,101.039616942406,168.018052563071,125.939429312944,0,0,0,0,0,0,0,0,0.385827988386154,9.72892771661282,0,2.74385634064674,30.2050766572356,0,82.4920306801796,108.248474799097,13.6766748577356,1.6026509180665,5.29593236744404,41.1405145898461,2.56686729192734,0,23.5171022713184,0,0,0,0,20.7156082540751,12.8637389540672,1.69973003864288,0,0,0,0,39.214021846652,0,14.7625861242414,0,37.2070791125298,0,7.90847092866898,87.1477659642696,28.3208990097046,0,0,0,9.34411887824535,4.24458421766758,0,3.52242460846901,0,33.7097006589174,140.613070487976,8.50995437800884,70.649741306901,16333.1071300209,9632.86815008521,91.2456969693303,16.8106937557459,24.2174583822489
2.27914127707481,0,0,0,0,0,0,0,47.1157919019461,613.981390163302,0,0,0,36.3860443234444,0,846.446578174829,16631.3434347361,0,6770.16071938723,0,1.72560904920101,637.763821303844,8.70535400509834,684.70272731781,15.1995162367821,1264.03772757947,0.424410402774811,191.532425552607,0,0,0,0,0,0,0,1.24040687084198,3.64073646068573,0,4.86746168136597,37.9835009425879,0,107.70675727725,36.0898330360651,30.1555654853582,0.44275027513504,3.51856978237629,11.2042964100838,1.51445305347443,0,29.7364701554179,0,0,0,0,3.32033762335777,94.6165867894888,0,0,0,0,0,275.363717779517,0,1.13657574355602,185.746371328831,11.9729042053223,5.08852005004883,6.38457500934601,376.388765409589,0,7.60631802678108,0,0,4.17844039201736,3.42656724154949,0,11.9511820971966,0,52.7242458835244,33.8697622865438,15.614554092288,20.9243949204683,12489.7169365287,5600.0467800349,52.224634423852,13.4745686352253,3.6891460865736
74.1148540973663,2.28304809331894,0.681835412979126,0,0,0,0,0,112.023667305708,135.223417848349,0,0,0,0,3.64333418011665,47.4661669135094,6207.50386477262,6770.16071938723,0,0,60.3876232504845,0,4.3935524225235,55.1833852529526,12.6269708424807,77.8712014555931,0.360225945711136,0.729614764451981,0,0,0,2.44571515917778,0,0,0,19.3839025646448,141.246472433209,0,40.0248692780733,376.119478173554,0.264057695865631,1620.70838264376,818.821609273553,514.251875773072,12.3509994223714,48.8629675731063,472.60471188277,46.4619551002979,1.34529757499695,455.883095726371,0,0,0,0,10.9801698327065,9.83311253786087,13.7353268861771,2.77161026000977,0,0,0,9.20796373486519,0,139.988389723003,0,1.41002178192139,0,5.5519962310791,10.9273849129677,0,0.267694741487503,0,4.29057717323303,65.8169201686978,110.262621194124,0,156.626076646149,0,899.740906924009,1303.48284009099,273.031666919589,429.626437045634,11947.4654035717,1082.04183581471,1156.58114922047,229.989917606115,100.346672177315
0,0,0,0,0,0,0,0,0,0,0,153.662468984723,0,0,0,0,0,0,0,0,0,0,0,0,0,0,0,0,0,0,0,0,0,0,0,791.877767920494,0,751.492065370083,0,1.11727920174599,0,0.305985748767853,0,2.26872682571411,0,348.678145691752,0,0,0,2.46254169940948,0,0,0,0,0,0,0,65.2595227211714,0,0,0,0,2231.95109024644,0,0,0,0,0,0,0,0,0,37.8585600703955,0,0,0,0,0,318.29348936677,0,291.844709068537,0,1023.61655592918,40.8670754432678,376.631327569485,0,0
2.61217129230499,0,12.0747975260019,0,43.6672204807401,0,26.7540594041348,0,0,0,517.561696588993,0,0,0,0,0,8.64233231544495,1.72560904920101,60.3876232504845,0,0,0,0,0,0,0,0,0,0,0,5.65668627619743,0,0,0,0,0,1391.02694841474,0,1322.98945561051,0.113573960959911,0.576271146535873,0.773754119873047,122.509280182421,0,1.38992186635733,0,571.251722097397,0,9.84056243300438,0.950520768761635,79.9060703366995,0,1.90474513173103,0,1.07758490741253,0,1215.4779823795,0,0.989158496260643,0,0,0,0,3419.02056045085,0,0,0,0,0,0,0,0,0,235.325577028096,0,0,0,0,2.55426967144012,810.717257410288,0,1706.41028425097,1524.08085100353,0,482.521230965853,0,33.586548179388
0,0,0,0,0,0,0,0,0,0,0,0,0,0,0,0,0,637.763821303844,0,0,0,0,798.045993715525,65.5112425088882,0,118.999692976475,0,1,0,0,0,0,0,0,0,0,0,1145.27171797305,0,0,0,0,0,0,0,0,0,0,0,509.482634425163,0,0,0,0,0,0,0,0,0,0,0,0,0,0,6600.66897135973,18.6554393768311,113.375578761101,0,176.322154670954,0,64.5143683105707,0,138.022644519806,0,0,0,0,0,0,0,367.913359984756,0,1443.04948976636,86.4135494530201,0,0,0
0,0,0,0,0,0,0,0,0,0,0,0,0,0,0,0,438.626756876707,8.70535400509834,4.3935524225235,0,0,798.045993715525,0,0,89.5871184766293,0,50.332151889801,0,159.033004492521,0,0,0,0,0,0,0,0,0,646.905891209841,0,0,0,0,0,0,0,0,0,278.343597352505,0,0,0,0,0,0,0,0,0,0,0,0,0,0,0,84.5068835020065,7166.55741855502,0,151.609401643276,0,20.8330720365047,0,46.5544136762619,0,0,0,0,0,0,0,0,0,371.886370494962,2191.17032055557,984.4902138412,0.442963421344757,0,0
0,0,0,0,0,0,0,0,2.49335986375809,78.9507455527782,0,0,0,0,0,24.2222922444344,215.938315749168,684.70272731781,55.1833852529526,0,0,65.5112425088882,0,0,0,51.5682826638222,0,0,0,0,0,0,0,0,0,0,0,719.309490412474,0,0.388454750180244,0,3.64807146787643,0,0,0,0,0,0,0,16.7230784595013,0,0,0,0,0,39.5748093426228,0,0,0,0,0,3.61801290512085,0,0,17.301882147789,0,392.419763714075,0,215.058103337884,0,8.89320465922356,0,0,0,0,0,0,0,0.450561881065369,0,87.4359795749187,0,519.733661800623,9.21835362911224,185.825593411922,0.849372625350952,0
3.5024961233139,0,0,0,0,0,0,0,6.2121819704771,1.11519932746887,0,0,0,0,0,0,101.039616942406,15.1995162367821,12.6269708424807,0,0,0,89.5871184766293,0,0,3.39197492599487,101.666161179543,0,0,0,0,0,0,0,0,0,0,0,350.224659532309,0,0,0,5.73850625753403,0,0,0,0,0,0,0,0,0,0,0,43.7470840364695,0,0,0,0,0,2.73347795009613,0,0,0,0,162.474050998688,0,908.583658665419,0,70.0111454725266,0,0,0,0,0,0,0,0,0,0.83167564868927,0,64.8780111074448,90.9100576639175,0,0.587132334709167,0,0
0,0,0,0,0,0,0,0,3.63746428489685,43.4642453193665,0,0,0,0,0,70.9342766404152,168.018052563071,1264.03772757947,77.8712014555931,0,0,118.999692976475,0,51.5682826638222,3.39197492599487,0,0,9.40185984969139,0,0,0,0,0,0,0,0,0,0,0,1.73088984191418,0,2.26920187473297,1.14380687475204,0,0,0,1.57924127578735,0,0,0,0,0,0,0,0,13.8375133275986,0,0,0,0,0,22.7771421074867,0,0,0,0,1.21890103816986,0,107.83984439075,0,38.4219532608986,0,0,0,0,0,0,0,0,2.51860189437866,0,0.350382715463638,263.280366182327,26.9591540396214,0,0,0
0,0,0,0,0,0,0,0,1.58347761631012,0,0,0,11.1366055905819,0,13.6221431791782,0,125.939429312944,0.424410402774811,0.360225945711136,0,0,0,50.332151889801,0,101.666161179543,0,0,0,0,0,0,0,0,0,0,0,0,0,0,0,0,0,0,0,0,0,0,0,0,0,0,0,0,0,0,0,0,0,3.17853000760078,0,1.64545422792435,0,0,0,0,0,0,1.05645275115967,0,3,0,0,0,0,0,0,0,0,0,0,0,0,62.2654572427273,1.26524965465069,0,0,0
0,0,0,0,0,0,0,0,0,0,0,0,0,1.55997824668884,0,1.16364392638206,0,191.532425552607,0.729614764451981,0,0,1,0,0,0,9.40185984969139,0,0,0,3,0,0,0,0,0,0,0,0,0,0,0,0,0,0,0,0,0,0,0,0,0,0,0,0,0,1.02927505970001,0,0,0,0,0,0,0,0,4.43263626098633,0,0,0,0.297471106052399,0,145.329424232244,0,0,0,0,0,0,0,0,0,0,0,44.1998112797737,3.64755636453629,0,0,0
0,0,0,0,0,0,0,0,0,0,29.3813417553902,0,18.9958112537861,0,0,0,0,0,0,0,0,0,159.033004492521,0,0,0,0,0,0,0,187.752492725849,0,0,0,0,0,0,0,142.593108475208,0,0,0,0,0,0,0,0,0,0,0,0,0,0,0,0,0,0,0,0,0,0,0,0,0,0,478.806435793638,0,0,0,0,0,448.709372267127,0,0,0,0,0,0,0,0,0,41.0792279392481,146.436572790146,264.20588850975,0,0,0
0,0,0,0,0,0,0,0,0,0,0,0,0,0,0,0,0,0,0,0,0,0,0,0,0,0,0,3,0,0,0,0,0,0,0,0,0,90.8400074243546,0,0,0,0,0,0,0,0,0,0,0,0,0,0,0,0,0,0,0,17.274979352951,0,0,0,0,0,0,0,0,0,0,0,0,0,0,4,0,0,0,0,0,0,0,0,0,0,0,0,0,0
0,0,0,0,0,0,0,0,0,0,423.519289776683,0,0,0,0,0,0,0,0,0,5.65668627619743,0,0,0,0,0,0,0,187.752492725849,0,0,0,0,0,0,0,0,0,476.51648825407,0,0,0,0,0,0,0,0,0,0,0,0,0,0,0,0,0,16.863286793232,0,0,0,0,0,0,0,0,0,0,0,0,0,0,0,0,222.842509269714,0,0,0,0,0,0,0,117.049034953117,102.230919599533,57.880290389061,0,0,0
0,0,0,0,0,0,0,0,0,0,0,0,0,0,0,0,0,0,2.44571515917778,0,0,0,0,0,0,0,0,0,0,0,0,0,2041.03698919713,180.947002828121,1.26158785820007,71.0107171535492,0.770385801792145,0,0,29.8298216760159,29.0101328790188,2.94867843389511,0,3.99932318925858,0,2.72133289277554,0,819.822349086404,132.393087804317,118.666134551167,0,0,0,0,0,0,0,0,0,0,0,0,0,0,0,0,0,0,0,0,0,0,0,0,1089.49214425683,106.909483194351,259.283708110452,0,40.1516169309616,323.568894356489,0,0,184.717520564795,0,0.535312727093697,1.44936783611774,0
0,0,0,0,0,0,0,0,0,0,0,0,0,0,0,0,0,0,0,0,0,0,0,0,0,0,0,0,0,0,0,2041.03698919713,0,54.0966449826956,20.4304817914963,98.3271654844284,22.7841784954071,0,0,0,2.63557770848274,0,0,0,0,0,0,1007.11080443859,130.578064739704,0,0,0,0,0,0,0,0,0,0,0,0,0,0,0,0,0,0,0,0,0,0,0,0,0,185.549243211746,2034.86988320947,77.5114449262619,7.48004853725433,2.2231792807579,919.77650013566,0,0,262.636228054762,0,0,0,0
0,0,0,0,0,0,0,0,0,0,0,0,0,0,0,0,0,0,0,0,0,0,0,0,0,0,0,0,0,0,0,180.947002828121,54.0966449826956,0,1996.28923231363,998.77546903491,0,251.910624116659,1.89909908175468,0,0,0,0,0,0,0,0,2392.59524042904,23.4748202264309,0,0,0,0,0,0,0,0,0,0,0,0,0,0,0,0,0,0,0,0,0,0,0,0,0,32.9088962227106,24.268530189991,1493.78483012319,861.39033678174,99.9852420389652,8.30830292403698,186.524088516831,53.1552900671959,1266.20723460615,4.63145589828491,0,0,0
0,0,0,0,0,0,0,0,0,0,0,0,0,0,0,0,0,0,0,0,0,0,0,0,0,0,0,0,0,0,0,1.26158785820007,20.4304817914963,1996.28923231363,0,0,480.779382258654,0,122.088982641697,0,0,0,0,0,0,0,0,2680.85569050908,133.913577735424,0,0,0,0,0,0,0,0,0,0,0,0,0,0,0,0,0,0,0,0,0,0,0,0,0,2.01767301559448,8.5605750977993,525.301351934671,1933.85003644228,0,500.75598205626,0,217.661134421825,457.517907649279,0,0,0,0
0,0,0,0,0,0,0,0,0,0,0,0,0,0,0,0,0.385827988386154,1.24040687084198,19.3839025646448,791.877767920494,0,0,0,0,0,0,0,0,0,0,0,71.0107171535492,98.3271654844284,998.77546903491,0,0,378.632151901722,1791.08563742042,45.1864540278912,50.6281065270305,0,15.9550393521786,4.47883827984333,6.28662165999413,0.124568447470665,294.720357038081,0,830.688176341355,5.11277824640274,10.7581627592444,0,0,0,0,0,0,0,0.381150364875793,0,0,0,0,988.986701518297,0,0,0,0,0,0,0,0,0,0.515058279037476,0,0.211811631917953,51.8318856954575,323.316540122032,0,7546.75758348405,50.8587131202221,684.767484039068,0,1490.50609797239,18.7284218221903,292.746083363891,0.582069754600525,0
10.5326321423054,0,7.41274141520262,0,6.50664178282022,0,0,0,0,0,0,0,0,0,0,0,9.72892771661282,3.64073646068573,141.246472433209,0,1391.02694841474,0,0,0,0,0,0,0,0,0,0,0.770385801792145,22.7841784954071,0,480.779382258654,378.632151901722,0,14.4900463223457,2205.49790607393,0.39490470290184,111.404784545302,3.00784803926945,158.609988830984,0,6.04113727807999,5.21343019604683,358.391777664423,172.963614970446,157.654116429389,6.936543866992,5.32027128338814,0,0,0,0.830039218068123,0,9.80071269720793,0,1.88132338225842,0,0,0,0,649.280029386282,0,0,0,0,0,0,0,0,0,16.4501688554883,0,12.7105450630188,0,0,1.04454958438873,9082.4972313717,6.68506518006325,1641.65410549194,3503.81697554886,738.029275596142,661.903473362327,0,10.455216601491
0,0,0,0,0,0,0,0,0,113.512198626995,0,441.577797323465,0,0,0,0,0,0,0,751.492065370083,0,1145.27171797305,0,719.309490412474,0,0,0,0,0,90.8400074243546,0,0,0,251.910624116659,0,1791.08563742042,14.4900463223457,0,234.430944278836,0,0,41.5592304468155,0,0,0,2.27380919456482,0,94.5513327121735,0,372.890534952283,0,0,0,0,0,31.5534326136112,0,0,0,0,0,0,117.509153753519,0,460.895695656538,0,258.822508841753,0,0,0,3.10340993106365,0,0,0,0,0,91.1588815897703,0,468.033580303192,0,4869.47625082731,0,1899.42829097807,104.80893149972,396.871802762151,6.24372741580009,0
0.738245904445648,0,0.96759906411171,0,0.56912487745285,0,0,0,13.7591338157654,0,1332.34846398234,0,0,0,0,0,2.74385634064674,4.86746168136597,40.0248692780733,0,1322.98945561051,0,646.905891209841,0,350.224659532309,0,0,0,142.593108475208,0,476.51648825407,0,0,1.89909908175468,122.088982641697,45.1864540278912,2205.49790607393,234.430944278836,0,0,0,2.52951991558075,122.722472883761,0,2.57346007227898,0,63.3872654885054,1439.29622206092,131.865572720766,0.260047078132629,0.770986929535866,0,0,0,34.5117877721786,0,208.228749841452,0,0,0,0,0,0,23.4856755584478,0,428.503684177995,0,699.308417648077,0,0,0,5.1548700928688,0,98.2661768347025,0,0,0.308489710092545,27.454071521759,1.16754402220249,173.670245438814,36.0925090909004,13614.7575340867,2259.4594373703,735.020812243223,157.630140952766,0,82.578782081604
0.598372578620911,0,0,0,0,0.462304785847664,0,0,0.196310475468636,0.209599688649178,0,0,0,0,0,0,30.2050766572356,37.9835009425879,376.119478173554,1.11727920174599,0.113573960959911,0,0,0.388454750180244,0,1.73088984191418,0,0,0,0,0,29.8298216760159,0,0,0,50.6281065270305,0.39490470290184,0,0,0,0.199435189366341,996.179131187499,55.9444746822119,129.531845375896,2.87308974564075,3986.41401453316,4.57988891005516,143.81444235146,2.1182953119278,1007.05333411694,0,0,0,0,0,0,0,0.68729142844677,0,0,0,0,89.8038676679134,0.48901355266571,0,0,0,0,0,0,0,0,2.16192007064819,0,28.698021531105,0,17.165970236063,0,1597.45398716629,6.5558323636651,46.8853651955724,4.71457433700562,422.5079138726,2.55322283506393,1591.23377808928,23.374623477459,1.90998250246048
0,0,0,0,0.584411799907684,0,0,0,0,0,0,0,0,0,0,0,0,0,0.264057695865631,0,0.576271146535873,0,0,0,0,0,0,0,0,0,0,29.0101328790188,2.63557770848274,0,0,0,111.404784545302,0,0,0.199435189366341,0,0,9.51794490218163,0,0.278896361589432,0.613192558288574,125.5188190341,873.524768054485,1334.79849430919,0,0.33723358809948,0,0,0,0,0,0.585584655404091,0,1.81551232933998,0,0.36983323097229,0,0,184.448985643685,0,0,0,0,0,0,0,0,0,2.32174584269524,4.57887661457062,0,0,0,0,580.846298485994,0,5.43247066438198,7.43074923753738,0,221.453482717276,0,0
1.042679220438,5.21886169910431,0,63.8307496160269,0,1.20850431919098,0,0,0,32.0364542901516,0,0,0,0,0,3.12050130963326,82.4920306801796,107.70675727725,1620.70838264376,0.305985748767853,0.773754119873047,0,0,3.64807146787643,0,2.26920187473297,0,0,0,0,0,2.94867843389511,0,0,0,15.9550393521786,3.00784803926945,41.5592304468155,2.52951991558075,996.179131187499,0,0,613.166579648852,522.028214350343,64.1461970210075,752.982404530048,6.39217077195644,168.095243602991,0.590262025594711,1957.32289405167,0,0,0,0,0,0.426780462265015,0.834715306758881,2.75058132410049,0,0,0,0,11.1427930444479,1.65500077605247,0,0,10.6710235476494,0,0.7962926030159,0,0,0,8.9415674507618,1.43188726902008,257.397263288498,0,339.067998021841,0,1219.32485397905,28.0043994933367,489.728891506791,16.5366018861532,2843.44312314689,26.5265809893608,4484.78573530912,2968.64572931826,1.47993884980679
63.4409545958042,0,14.6835740730166,0,7.70836225152016,0,0,0,86.7505287379026,0.210480839014053,0.274418473243713,0,0,0,0,0.757405042648315,108.248474799097,36.0898330360651,818.821609273553,0,122.509280182421,0,0,0,5.73850625753403,1.14380687475204,0,0,0,0,0,0,0,0,0,4.47883827984333,158.609988830984,0,122.722472883761,55.9444746822119,9.51794490218163,613.166579648852,0,17.1545221507549,153.418073251843,36.0533468797803,1102.42158599943,56.8640386164188,163.541690669954,98.6307542473078,3.20180778205395,0,0,0,6.65451370179653,1.23946118354797,97.989045985043,0,3.13317264616489,0,0.304208964109421,0,0,255.177364654839,0,0,0,0,0,0,0,0,0,746.443177737296,2.37812960147858,0,7.3880183249712,0,28.4699755981565,1068.17233684659,29.715238019824,695.572563782334,1750.01619299501,3.6477427482605,5498.91088413447,33.2758880257607,1052.88831675053
0.797475576400757,0,0,0,0,0,0,0,0,0,0,0,0,0,0,0,13.6766748577356,30.1555654853582,514.251875773072,2.26872682571411,0,0,0,0,0,0,0,0,0,0,0,3.99932318925858,0,0,0,6.28662165999413,0,0,0,129.531845375896,0,522.028214350343,17.1545221507549,0,4.58997693657875,22.9479623138905,1.81410196423531,15.1153478622437,0,162.678598046303,0,0,0,0,0,0,0,2.35860675573349,0,0,0,0,0,0,0,0,0,0,0,0,0,0,10.6815133094788,0,6.29105581343174,0,60.3808433115482,0,523.831055417657,9.59492302685976,446.467755973339,3.0210248529911,78.2279132157564,4.07208466529846,322.220070578158,72.2711967527866,2.25146433711052
0,0,0,0,0,0,0,0,0,0,0,0,0,0,0,0,1.6026509180665,0.44275027513504,12.3509994223714,0,1.38992186635733,0,0,0,0,0,0,0,0,0,0,0,0,0,0,0.124568447470665,6.04113727807999,0,2.57346007227898,2.87308974564075,0.278896361589432,64.1461970210075,153.418073251843,4.58997693657875,0,0,46.1328773126006,1.18794098496437,0,13.9626937508583,0,0,0,0,0,0,0,0,0,0,0,0,0,12.2910042107105,0,0,0,0,0,0,0,0,0,0.64481109380722,2.6261835694313,0,7.97493568062782,0,22.9300383776426,77.8572526648641,4.53363142907619,25.5682722777128,54.5470537096262,0,97.3885413408279,4.25380052626133,14.7123724371195
0,0,0,4.32873448729515,0,22.4296104758978,0,0,0,0,0,0,0,0,0,0,5.29593236744404,3.51856978237629,48.8629675731063,348.678145691752,0,0,0,0,0,0,0,0,0,0,0,2.72133289277554,0,0,0,294.720357038081,5.21343019604683,2.27380919456482,0,3986.41401453316,0.613192558288574,752.982404530048,36.0533468797803,22.9479623138905,0,0,0,28.9898246899247,73.7505884319544,399.747299358249,0,0,0,0,0,0,0,69.6838333159685,0,0,0,0,987.480643719435,0.209617793560028,0,0,0,0,0,0,0,0,69.4501978456974,0,64.3025466278195,0,80.3107425197959,0,3902.49331066012,0.90744024515152,1065.00468561053,0.97915917634964,452.811798550189,47.3654648512602,5847.13895884901,46.0641719847918,0.127172410488129
23.0426044166088,0,78.5215424969792,0,38.0347628965974,0,0,0,0,0,1.29220147430897,0,0,0,0,0,41.1405145898461,11.2042964100838,472.60471188277,0,571.251722097397,0,0,0,0,1.57924127578735,0,0,0,0,0,0,0,0,0,0,358.391777664423,0,63.3872654885054,4.57988891005516,125.5188190341,6.39217077195644,1102.42158599943,1.81410196423531,46.1328773126006,0,0,2.71922728419304,275.525115847588,2.43643724173307,16.3781840205193,0,0,0,6.00089465081692,0,101.984614558518,0,5.42411321401596,0,0.707255989313126,0,0,1350.21565771103,0,0,0,0,0,0,0,0,0,193.296141922474,0,0,1.79789173603058,0,6.05095478892326,1977.19695552438,0.440321624279022,445.861216872931,250.205997563899,3.94188034534454,1750.15239649266,1.28089651465416,25.7929692715406
0,0,0,0,0,0,0,0,0,0,0,0,0,0,0,0,2.56686729192734,1.51445305347443,46.4619551002979,0,0,0,0,0,0,0,0,0,0,0,0,819.822349086404,1007.11080443859,2392.59524042904,2680.85569050908,830.688176341355,172.963614970446,94.5513327121735,1439.29622206092,143.81444235146,873.524768054485,168.095243602991,56.8640386164188,15.1153478622437,1.18794098496437,28.9898246899247,2.71922728419304,0,2875.99996328354,1126.88754566014,0,0,0,0,0,0,0,0,0,0,0,0,0.418164253234863,0.172933340072632,0,0,0,0,0,0,0,0,0,0,729.607115328312,140.148870676756,846.227164551616,221.916460692883,97.1153954565525,2372.51698730886,95.935822814703,1649.3497312665,1381.08907330036,3.23728635907173,713.857934862375,6.23284202814102,0
230.528304085135,0,274.564573094249,0,25.6172753572464,0,0,0,45.651865541935,0,0,0,0,0,0,0,0,0,1.34529757499695,0,9.84056243300438,0,278.343597352505,0,0,0,0,0,0,0,0,132.393087804317,130.578064739704,23.4748202264309,133.913577735424,5.11277824640274,157.654116429389,0,131.865572720766,2.1182953119278,1334.79849430919,0.590262025594711,163.541690669954,0,0,73.7505884319544,275.525115847588,2875.99996328354,0,1.9095733165741,11.0409180223942,0,0,0,61.0473877042532,0,25.1949131712317,0,5.75643822550774,0,19.4694074839354,0,0,36.1334643512964,0,159.857832044363,0,0,0,3.68404960632324,0,59.4974680542946,0,3.13267730176449,14.7711591422558,24.012566536665,42.3549283742905,8.51429228484631,1.00114640593529,933.508330374956,2.22768399119377,429.085123494267,272.965372875333,0,893.703362107277,0,2.73746839165688
0,96.2200039923191,0.123012535274029,0,0,0.231436848640442,0,0,0,0.278239727020264,0,0,0,0,0,0,23.5171022713184,29.7364701554179,455.883095726371,2.46254169940948,0.950520768761635,509.482634425163,0,16.7230784595013,0,0,0,0,0,0,0,118.666134551167,0,0,0,10.7581627592444,6.936543866992,372.890534952283,0.260047078132629,1007.05333411694,0,1957.32289405167,98.6307542473078,162.678598046303,13.9626937508583,399.747299358249,2.43643724173307,1126.88754566014,1.9095733165741,0,0,0,0,0,0,0,0,20.9693137556314,0,1.50834596157074,0,20.0625421404839,5.54730579257011,1.04573176801205,71.7073102295399,0,53.3469899892807,0,132.886859118938,0,223.415995761752,0,104.646773129702,0,198.249156922102,0,118.444010540843,0,380.136567570269,8.80277947336435,529.500760897994,5.08408597111702,994.534710258245,4.04040525853634,1127.46099077165,165.902124464512,0.385921329259872
0,0,4.17797876894474,0,268.193725436926,0,69.1963839530945,0,10.0147793292999,0,0,0,6.61601972579956,0,0,0,0,0,0,0,79.9060703366995,0,0,0,0,0,0,0,0,0,0,0,0,0,0,0,5.32027128338814,0,0.770986929535866,0,0.33723358809948,0,3.20180778205395,0,0,0,16.3781840205193,0,11.0409180223942,0,0,0,39.9466042518616,0,16.7908046245575,0,122.12950617075,0,140.914301514626,0,67.437153339386,0,0,202.958315253258,0,0,0,0,0,0,0,0,0,0.446034699678421,0,0,0,0,0,17.7492004185915,0,0.424205988645554,22.9245321154594,0,176.368813842535,0,0
0,0,0,36.5456544756889,0,40.1910043358803,0,0,0,0,0,0,0,0,0,1,0,0,0,0,0,0,0,0,0,0,0,0,0,0,0,0,0,0,0,0,0,0,0,0,0,0,0,0,0,0,0,0,0,0,0,0,0,0,0,0,0,0,0,0,0,4,0,0,0,0,0,0,0,0,0,0,0,0,0,0,0,0,0,0,0,0,0,0,1.02858066558838,0,0
0,0,0,0,37.5139565467834,0,7.61823415756226,0,0,0,7.17245107889175,0,0,0,0,0,0,0,0,0,1.90474513173103,0,0,0,0,0,0,0,0,0,0,0,0,0,0,0,0,0,0,0,0,0,0,0,0,0,0,0,0,0,39.9466042518616,0,0,0,0,0,0,0,0,0,0,0,0,0.287503719329834,0,0,0,0,0,0,0,0,0,0,0,0,0,0,0,0,0,0,0,0,0,0,0
0,0,0,0,0,0,0,0,0,0,0,0,0,0,0,0,0,0,0,0,0,0,0,0,0,0,0,0,0,0,0,0,0,0,0,0,0,0,0,0,0,0,0,0,0,0,0,0,0,0,0,0,0,0,0,0,0,0,0,0,0,0,0,0,0,0,0,0,0,0,0,0,0,0,0,0,0,0,0,0,0,0,0,0,0,0,0
386.354198276997,0,35.1878262162209,0,49.4884328842163,0,0,0,586.185851305723,0,0,0,0,0,2.74770006537437,0,20.7156082540751,3.32033762335777,10.9801698327065,0,1.07758490741253,0,0,0,43.7470840364695,0,0,0,0,0,0,0,0,0,0,0,0.830039218068123,0,34.5117877721786,0,0,0,6.65451370179653,0,0,0,6.00089465081692,0,61.0473877042532,0,16.7908046245575,0,0,0,0,0,4.55900509655476,0,0.318368077278137,0,211.532788693905,0,0,6.47263161838055,0,0,0,370.184866324067,0,27.8648522496223,0,0,0,0,0,0,0,0,0,3.60616186261177,0,34.4737021028996,56.1631316244602,0,46.292994081974,0,0.630127370357513
0,103.893658161163,0,128.009282588959,0,0,0,0,0,418.745765119791,0,0,0,0,0,18.1987695395947,12.8637389540672,94.6165867894888,9.83311253786087,0,0,0,0,39.5748093426228,0,13.8375133275986,0,1.02927505970001,0,0,0,0,0,0,0,0,0,31.5534326136112,0,0,0,0.426780462265015,1.23946118354797,0,0,0,0,0,0,0,0,0,0,0,0,0,0,0,0,0,0,0,0,0,0,0,127.77810972929,0,0,0,0,0,0,0,0,0,0,0,0,0,13.1179357469082,0,53.4199661165476,0,49.4738575220108,0,0
2.94445210695267,0,63.0821887850761,0,0,0,3.31090843677521,0,0,0,1921.56405586004,0,2.40632426738739,0,0,0,1.69973003864288,0,13.7353268861771,0,1215.4779823795,0,0,0,0,0,0,0,0,0,16.863286793232,0,0,0,0,0,9.80071269720793,0,208.228749841452,0,0.585584655404091,0.834715306758881,97.989045985043,0,0,0,101.984614558518,0,25.1949131712317,0,122.12950617075,0,0,0,4.55900509655476,0,0,0,365.106466144323,0,16.4997817575932,0,0,2160.45446203649,0,0,0,0,0,0,0,0,0,309.305692493916,0,0,0,0,0.153026074171066,59.2545053139329,0,26.2995593696833,135.966256856918,0,1363.59045622498,0,28.9223384559155
0,1.39923882484436,0,7.1228546500206,0,0.594505965709686,0,0,0,0,0,541.460263162851,0,0,0,0,0,0,2.77161026000977,65.2595227211714,0,0,0,0,0,0,0,0,0,17.274979352951,0,0,0,0,0,0.381150364875793,0,0,0,0.68729142844677,0,2.75058132410049,0,2.35860675573349,0,69.6838333159685,0,0,0,20.9693137556314,0,0,0,0,0,0,0,0,0,0.942226946353912,0,8.68619817495346,286.818123117089,0,0,0,0,0,0,0,0,0,462.016108691692,0,0,0,0,0,0.161629036068916,0,0,0,0.200069040060043,0.216538101434708,238.232075065374,4.47394406795502,0
0,0,38.3360256552696,0,2.19172474741936,0,0,0,0,0,5.47430181503296,0,953.757717639208,0,315.361828386784,0,0,0,0,0,0.989158496260643,0,0,0,0,0,3.17853000760078,0,0,0,0,0,0,0,0,0,1.88132338225842,0,0,0,1.81551232933998,0,3.13317264616489,0,0,0,5.42411321401596,0,5.75643822550774,0,140.914301514626,0,0,0,0.318368077278137,0,365.106466144323,0,0,0,93.2998360097408,0,0,61.8729611486197,0,0,0,0,0,17.1138038933277,0,5.82000315189362,0,0.856051206588745,0,0,0,0,0,4.11707929521799,0,0.134006813168526,211.20564031601,0,103.298622593284,0,0
0,0.678923606872559,0,0,0,0,0,0,0,0,0,0,0,78.6938314437866,0,0,0,0,0,0,0,0,0,0,0,0,0,0,0,0,0,0,0,0,0,0,0,0,0,0,0,0,0,0,0,0,0,0,0,1.50834596157074,0,0,0,0,0,0,0,0.942226946353912,0,0,0,23.7632518410683,0,0,0,0,0,0,0,0,0,0,0,0,0,0,0,0,0,0,0,0,0,0,0,0,0
47.6578310132027,0,31.9287815093994,0,4.7380039691925,0,0,0,15.0934736132622,0,0,0,2.44489765167236,0,38.6414214372635,0,0,0,0,0,0,0,0,0,2.73347795009613,0,1.64545422792435,0,0,0,0,0,0,0,0,0,0,0,0,0,0.36983323097229,0,0.304208964109421,0,0,0,0.707255989313126,0,19.4694074839354,0,67.437153339386,0,0,0,211.532788693905,0,16.4997817575932,0,93.2998360097408,0,0,0,0,1.06912958621979,0,0,0,1.30334883928299,0,11.04337900877,0,0,0,0,0,0,0,0,0,0.271034210920334,0,0,0,0,16.932485088706,0,0
0,0,0,0,0,0,0,0,0,1.96845963597298,0,0,0,59.3118162155151,0,168.915097892284,39.214021846652,275.363717779517,9.20796373486519,0,0,0,0,3.61801290512085,0,22.7771421074867,0,0,0,0,0,0,0,0,0,0,0,0,0,0,0,0,0,0,0,0,0,0,0,20.0625421404839,0,4,0,0,0,0,0,8.68619817495346,0,23.7632518410683,0,0,0,0,0,0,0,0,6.1351569890976,0,1.78820550441742,0,0,0,0,0,0,0,0,0.284716375172138,0,0,59.3013654351234,0.756588324904442,0,0,0
0,0,0,2.04134345054626,0,0,0,0,0,0,0,5.69268098473549,0,0,0,0,0,0,0,2231.95109024644,0,0,0,0,0,0,0,0,0,0,0,0,0,0,0,988.986701518297,0,117.509153753519,0,89.8038676679134,0,11.1427930444479,0,0,0,987.480643719435,0,0.418164253234863,0,5.54730579257011,0,0,0,0,0,0,0,286.818123117089,0,0,0,0,0,0,0,0,0,0,0,0,0,0,15.1801453828812,0,0,0,0,0,1692.4636181891,0,40.0150328725576,0,482.068376749754,1.34387382864952,607.498451843858,0.301356673240662,0
0.343535989522934,0,6.33713789284229,0,106.106610633433,0,3.9207661151886,0,0,0,4.17599061131477,0,0,0,0,0,14.7625861242414,1.13657574355602,139.988389723003,0,3419.02056045085,0,0,0,0,0,0,0,0,0,0,0,0,0,0,0,649.280029386282,0,23.4856755584478,0.48901355266571,184.448985643685,1.65500077605247,255.177364654839,0,12.2910042107105,0.209617793560028,1350.21565771103,0.172933340072632,36.1334643512964,1.04573176801205,202.958315253258,0,0.287503719329834,0,6.47263161838055,0,2160.45446203649,0,61.8729611486197,0,1.06912958621979,0,0,0,0,0,0,0,0,0,0,0,0,225.788808271289,0.716304272413254,0,0,0,2.80709910392761,1172.68679624051,0,124.328740715981,180.890197567642,3.665258705616,1105.77228572965,0,5.23388528823853
0,0,0,0,0,0,0,0,0,0,0,0,0,0,0,0,0,185.746371328831,0,0,0,6600.66897135973,84.5068835020065,17.301882147789,0,0,0,4.43263626098633,0,0,0,0,0,0,0,0,0,460.895695656538,0,0,0,0,0,0,0,0,0,0,0,71.7073102295399,0,0,0,0,0,0,0,0,0,0,0,0,0,0,0,0,289.589211434126,0,142.073320746422,0,124.865779727697,0,42.0983503758907,0,0,0,0,0,0,0,411.467119798064,0,459.405157223344,34.8341032862663,0,0,0
0,0,0,0,0,0,0,0,0,0,0,0,0,0,0,0,37.2070791125298,11.9729042053223,1.41002178192139,0,0,18.6554393768311,7166.55741855502,0,162.474050998688,0,0,0,478.806435793638,0,0,0,0,0,0,0,0,0,428.503684177995,0,0,0,0,0,0,0,0,0,159.857832044363,0,0,0,0,0,0,0,0,0,0,0,0,0,0,0,0,0,0,175.558989793062,0,10.9985391497612,0,195.283822357655,0,0,0,0,0,0,0,0,0,310.828095898032,653.029923409224,67.5744817256927,0,0,0
0,0,0,0,0,0,0,0,0,91.9115444719791,0,0,0,0,0,0,0,5.08852005004883,0,0,0,113.375578761101,0,392.419763714075,0,1.21890103816986,0,0,0,0,0,0,0,0,0,0,0,258.822508841753,0,0,0,10.6710235476494,0,0,0,0,0,0,0,53.3469899892807,0,0,0,0,0,127.77810972929,0,0,0,0,0,0,0,0,289.589211434126,0,0,0,80.7519020438194,0,4.95123276114464,0,0,0,0,0,0,0,0,0,460.789869233966,0,184.486854836345,0,389.274571999907,0.996518105268478,0
1.77937906980515,0,0,0,0,0,0,0,16.1959632784128,0,0,0,0,0,0,0,7.90847092866898,6.38457500934601,5.5519962310791,0,0,0,151.609401643276,0,908.583658665419,0,1.05645275115967,0,0,0,0,0,0,0,0,0,0,0,699.308417648077,0,0,0,0,0,0,0,0,0,0,0,0,0,0,0,370.184866324067,0,0,0,0,0,1.30334883928299,0,0,0,0,175.558989793062,0,0,0,154.8815985322,0,0,0,0,0,0,0,0,0,0,0,370.85276773572,29.4388481676579,0,0,0,0
0,0,0,0,0,0,0,0,0,2.11284449696541,0,0,0,0,0,9.14972764253616,87.1477659642696,376.388765409589,10.9273849129677,0,0,176.322154670954,0,215.058103337884,0,107.83984439075,0,0.297471106052399,0,0,0,0,0,0,0,0,0,0,0,0,0,0.7962926030159,0,0,0,0,0,0,0,132.886859118938,0,0,0,0,0,0,0,0,0,0,0,6.1351569890976,0,0,142.073320746422,0,80.7519020438194,0,0,0,225.057434484363,0,0,0,0.231851637363434,0,0,0,0,0.973954200744629,0,0.350206583738327,76.2614241242409,3.33087542653084,0,0,0
0,0,0,0,0,0,0,0,13.0736954212189,0,0,0,13.7473688423634,0,30.09327891469,0,28.3208990097046,0,0,0,0,0,20.8330720365047,0,70.0111454725266,0,3,0,0,0,0,0,0,0,0,0,0,0,0,0,0,0,0,0,0,0,0,0,3.68404960632324,0,0,0,0,0,27.8648522496223,0,0,0,17.1138038933277,0,11.04337900877,0,0,0,0,10.9985391497612,0,154.8815985322,0,0,0,158.360428988934,0,0,0,0,0,0,0,0,0,0,19.7414658367634,0,0,0,0
0,0,0,0,0,0,0,0,0,0,0,0,0,0,0,0,0,7.60631802678108,0.267694741487503,0,0,64.5143683105707,0,8.89320465922356,0,38.4219532608986,0,145.329424232244,0,0,0,0,0,0,0,0,0,3.10340993106365,0,0,0,0,0,0,0,0,0,0,0,223.415995761752,0,0,0,0,0,0,0,0,0,0,0,1.78820550441742,0,0,124.865779727697,0,4.95123276114464,0,225.057434484363,0,0,0,11.9811009168625,0,0,0,0,0,0,0,36.7768980115652,0,4.30579507350922,0,0,0,0
0,0,0,0,0,0,0,0,0,0,0,0,0,0,0,0,0,0,0,0,0,0,46.5544136762619,0,0,0,0,0,448.709372267127,0,0,0,0,0,0,0,0,0,5.1548700928688,0,0,0,0,0,0,0,0,0,59.4974680542946,0,0,0,0,0,0,0,0,0,5.82000315189362,0,0,0,0,0,0,195.283822357655,0,0,0,158.360428988934,0,0,0,0,0,0,0,0,0,0,0,202.910161197186,1.78712797164917,0,0,0,0
0,0,0,0,0,0,0,0,0,0,0,182.842489928007,0,0,0,0,0,0,4.29057717323303,37.8585600703955,0,138.022644519806,0,0,0,0,0,0,0,4,0,0,0,0,0,0.515058279037476,0,0,0,2.16192007064819,0,8.9415674507618,0,10.6815133094788,0,69.4501978456974,0,0,0,104.646773129702,0,0,0,0,0,0,0,462.016108691692,0,0,0,0,15.1801453828812,0,42.0983503758907,0,0,0,0,0,11.9811009168625,0,0,0,0,0,0,0,3.0864864885807,0,234.091799288988,0,1.13235478103161,0,106.956003427505,4.93245670199394,0
2.73222288489342,0,13.634636387229,0,0,0,0,0,0,0,21.0811637639999,0,0,0,0,0.264396339654922,9.34411887824535,4.17844039201736,65.8169201686978,0,235.325577028096,0,0,0,0,0,0,0,0,0,222.842509269714,0,0,0,0,0,16.4501688554883,0,98.2661768347025,0,2.32174584269524,1.43188726902008,746.443177737296,0,0.64481109380722,0,193.296141922474,0,3.13267730176449,0,0.446034699678421,0,0,0,0,0,309.305692493916,0,0.856051206588745,0,0,0,0,225.788808271289,0,0,0,0,0,0,0,0,0,0,0,0,0,0,0.880998030304909,78.7233433574438,0,63.3367118090391,23.0518502444029,0,1162.978855066,0,440.162922397256
0,0,0,0,0,0,0,0,0,0.575737833976746,0,0,0,0,0,0,4.24458421766758,3.42656724154949,110.262621194124,0,0,0,0,0,0,0,0,0,0,0,0,1089.49214425683,185.549243211746,32.9088962227106,2.01767301559448,0.211811631917953,0,0,0,28.698021531105,4.57887661457062,257.397263288498,2.37812960147858,6.29105581343174,2.6261835694313,64.3025466278195,0,729.607115328312,14.7711591422558,198.249156922102,0,0,0,0,0,0,0,0,0,0,0,0,0,0.716304272413254,0,0,0,0,0.231851637363434,0,0,0,0,0,0,2.6043763756752,83.8235613107681,0,31.8804053962231,33.8534056097269,6.67444014549255,1.35930585861206,189.958447143435,0.589427769184113,67.2820262759924,3.84910091757774,0
0,0,0,0,0,0,0,0,0,0,0,0,0,0,0,0,0,0,0,0,0,0,0,0,0,0,0,0,0,0,0,106.909483194351,2034.86988320947,24.268530189991,8.5605750977993,51.8318856954575,12.7105450630188,0,0,0,0,0,0,0,0,0,0,140.148870676756,24.012566536665,0,0,0,0,0,0,0,0,0,0,0,0,0,0,0,0,0,0,0,0,0,0,0,0,0,2.6043763756752,0,0.644266709685326,184.411099866033,0,1291.63154755533,0,0.433002099394798,253.10799190402,0,0,0,0
0,0,0,0,0,0,0,0,0,0.346263349056244,0,0,0,0,0,0,3.52242460846901,11.9511820971966,156.626076646149,0,0,0,0,0,0,0,0,0,0,0,0,259.283708110452,77.5114449262619,1493.78483012319,525.301351934671,323.316540122032,0,91.1588815897703,0.308489710092545,17.165970236063,0,339.067998021841,7.3880183249712,60.3808433115482,7.97493568062782,80.3107425197959,1.79789173603058,846.227164551616,42.3549283742905,118.444010540843,0,0,0,0,0,0,0,0,0,0,0,0,0,0,0,0,0,0,0,0,0,0,0,0,83.8235613107681,0.644266709685326,0,13.034610658884,22.4192964881659,14.7270363271236,89.6278646290302,11.9556451141834,743.610481694341,2.31431743502617,73.5834194868803,10.1319274157286,0
0,0,0,0,0,0,0,0,0,0,0,0,0,0,0,0,0,0,0,0,0,0,0,0,0,0,0,0,0,0,0,0,7.48004853725433,861.39033678174,1933.85003644228,0,0,0,27.454071521759,0,0,0,0,0,0,0,0,221.916460692883,8.51429228484631,0,0,0,0,0,0,0,0,0,0,0,0,0,0,0,0,0,0,0,0,0,0,0,0,0,0,184.411099866033,13.034610658884,0,0,340.143902808428,0,245.347164288163,150.038006991148,0,0,0,0
0,0,0,0,0,0.174753934144974,0,0,0,0.958397150039673,0,0,0,0,0,0.559986293315887,33.7097006589174,52.7242458835244,899.740906924009,318.29348936677,2.55426967144012,0,0,0.450561881065369,0,0,0,0,0,0,0,40.1516169309616,2.2231792807579,99.9852420389652,0,7546.75758348405,1.04454958438873,468.033580303192,1.16754402220249,1597.45398716629,0,1219.32485397905,28.4699755981565,523.831055417657,22.9300383776426,3902.49331066012,6.05095478892326,97.1153954565525,1.00114640593529,380.136567570269,0,0,0,0,0,0,0.153026074171066,0.161629036068916,0,0,0,0,1692.4636181891,2.80709910392761,0,0,0,0,0,0,0,0,3.0864864885807,0.880998030304909,31.8804053962231,0,22.4192964881659,0,0,8.76816716790199,395.281734809279,1.82109695672989,676.992317847908,7.86615101993084,1394.94233249128,34.1962903365493,0
