0,0,0.00646044718251106,0,0,0,0,0,0.0197760348923714,0,0,0,0,0,0,0,0,0,0.000101819128163744,0,0,0,0,0,0,0,0,0,0,0,0,0,0,0,0,2.97185467523986e-06,2.23929640299112e-06,0,0,0,0,8.36924917469403e-05,0.00237951403379192,0,0,0,0,1.06601667560778e-05,0.00381258473213464,0,0,0,0,0,0.0184734146724352,0,4.69341429091066e-05,0,0,0,0.015239169957671,0,0,0,0,0,0,0,0,0,0,0,0,3.80773702638756e-05,0,0,0,0,0,7.86500176832988e-05,0,2.70480165278004e-06,5.22237542787487e-05,0,0.00718302120044316,0,0.000341728066609931
0,0,0,0.0211502135496874,0,0,0,0,0,0.0386417541519731,0,0,0,0,0,0,0,0,2.34940991014079e-05,0,0,0,0,0.000684354694630466,0,0,0,0,0,0,0,0,0,0,0,0,0,0,0,0,0,0.00498677182817499,2.03245828046254e-05,0,0,0,0,0,0,0.00734811532705471,0,0,0,0,0,0.048038915288646,0,4.09068852776908e-05,0,0,0,0.000244092566784215,0,0,0,0,0.000477857418575829,0,0,0,0,0,0,0,0,0,0,0,4.76265791689198e-06,0,0,0,2.68985904390159e-05,0,0.00326708384005582,0,0
0.00646044718251106,0,0,0,0,0,0,0,0.0247037347750333,0,0,0,0,0,0,0,0,0,0.000101812568901531,0,8.53166939683851e-05,0,0,0,0,0,0,0,0,0,0,0,0,0,0,0,0,0,1.1673406558668e-05,0,9.83390236343272e-05,0,0.00318159062074865,0,0,0,6.71546141967029e-05,0,0.00251248589959502,0,0.00105869756669921,0,0,0,0.0181898238480502,0,0.00402788438611604,0,0,0,0.00256428886019103,0,0,0,0,0,0,0,0,0,0,3.29434330264731e-05,0,0.0033474036010475,0,0,0,0,0,5.78812867683401e-06,0,6.419938090177e-05,0.000643697499097831,6.87010243589882e-06,0.00261223090603101,0,0.0028880400916523
0,0.0211502135496874,0,0,0,0.0446293188958844,0,0,0,0.0134653974828539,0,0,0,0,0,0,0,7.72135884980515e-06,0.000262616022478248,0.00148934987817546,0,0,0,0,0,0,0,0,0,0,0,0,0,0,0,8.48858828139695e-05,0,0,0,0.00305268959292499,0,0.00555143001922986,4.58965829200122e-05,0,0,0.00239805290764328,0,0.00049153878722002,0,0.0104128895215438,0,0.0202737539505241,0,0,0,0.062507967938833,0,0.00676707814728475,0,0.00341502112836788,0,0.00355694265765864,0.000151397253667506,0,0,0,0,0,0,0,0,0,0.00795067290298085,0,0,0,0,0,3.1340948705497e-05,0,0.000106571989531179,0,0.000768729504485471,1.00210821515878e-05,0.0162745830897633,0.000548185651318932,0
0,0,0,0,0,0,0,0,0,0,0,0,0,0,0,0,0,0,0,0,0.00274993885176994,0,0,0,0,0,0,0,0,0,0,0,0,0,0,0,0.000172750245477845,0,0,0,0.000862332318430624,0,0.000746341473024446,0,0,0,1.74411110251647e-05,0,0.00174173562840399,0,0.0291716463039884,0,0,0,0,0,0.00150162320489887,0,0.00162649150400704,0,0.000108460095975997,0,0,0.000350640611705568,0,0,0,0,0,0,0,0,0,0.000445305332632574,0,0,0,0,0,5.00150348677654e-05,0,0,5.54982161988669e-05,0,0.00257434617080911,0,0
0,0,0,0.0446293188958844,0,0,0,0.00287755920048041,0,0,0,0.000705249761577728,0,0,0,0,0,0,0,0.0136449556629195,0,0,0,0,0,0,0,0,0,0,0,0,0,0,0,0.000158144276168655,0,0,0,0.000142576729499111,0,5.88329065167648e-05,4.17536780514818e-05,0,0,0.000574120309072946,0,0,0,0.000850861892040432,0,0.0383606028316151,0,0.000283766743384187,0,0.000958403903672592,0,0.00144431057663577,0,0,0,0.00425243475547509,0.00213710784373458,0,0,0,0,0,0,0,0,0,0.000188600646175709,0,0,0,0,0,0.000357208331379227,0,4.02735587387885e-06,0,0.00203739700458905,1.14299213156518e-05,0.00777420313827938,0,0
0,0,0,0,0,0,0,0,0,0,0,0,0.000782183682250949,0,0,0,0,0,0,0,0,0,0,0,0,0,0,0,0,0,0,0,0,0,0,0,0,0,0,0,0,0,0,0,0,0,0,0,0,0,0,0,0.000431778928032145,0,0,0,0,0,0.00577630180983942,0,0,0,0,0,0,0,0,0,0,0,0,0,0,0,0,0,0,0,0,0,0,0,0,0,0,0,0
0,0,0,0,0,0.00287755920048041,0,0,0,0,0,0.00798140026013673,0,0.00142409847330095,0,0,0,0,0,0.00353754688531798,0,0,0,0,0,0,0,0,0,0,0,0,0,0,0,0,0,0,0,0,0,0,0,0,0,0,0,0,0,0,0,0,0,0.00250399843341452,0,0,0,0,0,0.00585408172126977,0,0,0.00950367992141134,0,0,0,0,0,0,0,0,0,0,0,0,0,0,0,0,0,0,0,0.0012399874687476,0,0,0,0
0.0197760348923714,0,0.0247037347750333,0,0,0,0,0,0,0,4.07641720998237e-05,0,0,0,0.00334972870598754,0,0,0,3.08211881594488e-05,0,0,0,0,0,0.00537104516381201,0,0.00354310852305173,0,0,0,0,0,0,0,0,0,1.08806509048548e-05,0,0.00102724592049909,0,0.000264145475065919,0,0.00140234638873958,0,0,0,0,0,0.00129130795874827,0,0.0106671032143212,0,0,0,0.15342627128002,0,0.000449330700545919,0,0,0,0.00362981771610217,0,0,8.04149643039544e-05,0,0,0,0,0,0,0,0,0,0.000169681546919142,0,0,0,0,0,0,0,0.000300633566911992,0.00021864905128782,0,0.00629197469428335,0,0
0,0.0386417541519731,0,0.0134653974828539,0,0,0,0,0,0,0,0,0,0,0,0.0060080468820591,0,1.19937720979223e-05,0,0,0,0,0,0.00264408020880915,0,0,0,0,0,0,0,0,0,0,0,0,0,0.00283580112384845,0,0,0,0.00625040676292104,0,0,0,0.00035805804905779,0,0,0,0.00505659799335691,0,0.000914101675764706,0,0,0,0.0585141296882908,0,9.9083566975227e-05,0,4.29308498820892e-05,0,0.0102525483941212,0,0,0,0,0,0,0,0,0,0,0,0,0,0,0,0,0,0,0.000711600204125413,0,0.00168928675185492,0,0.0107203217125338,0,0
0,0,0,0,0,0,0,0,4.07641720998237e-05,0,0,0,0.00271069874463069,0,0,0,4.89458907276864e-05,3.23373557663091e-06,0.000153550468568686,0,0.0506449367690894,0,0,0,0,0,0,0,0,0,0.00058816419343683,0,0,0,0,0,0.0046547860353483,0,0.00645556826939428,6.14161189475427e-05,0,0,4.56051132141811e-05,0,0,0,5.51667221447474e-05,0,3.99151273677157e-05,0,0,0,9.86679806374013e-05,0,0,0,0.0239109199596178,0,0.00741290308762884,0,0,0,0,0.0107128188751111,0,0,0,0,0,0,0,0,0,0.00215220918420959,0,0,0,0,0,0.00323784300618484,0,0.00371198233540982,0.000234461213972466,0,6.03123201581388e-05,0,0.000109332370462861
0,0,0,0,0,0.000705249761577728,0,0.00798140026013673,0,0,0,0,0,0.0298084795390907,0,0,0,0,0,0.00696447794232154,0,0,0,0,0,0,0,0,0,0.0109025175902949,0,0,0,0,0,0.00489066729141058,0,0.0222025065941386,0,0,0,0,0,0,0,2.26432675088204e-05,0,0,0,0,0,0.000142237016103948,0,0.00207790731793728,0,0,0,0.0872430768396324,0,0,0,0,0.00538914005739083,0,0,0,0,0,0,0,0,0,0.000753354130323854,0,0,0,0,0,0.000838961804121497,0,0.00564380835174719,0,0.00212927603590958,0,6.32820170838282e-05,0,0
0,0,0,0,0,0,0.000782183682250949,0,0,0,0.00271069874463069,0,0,0,0,0,0,0,0,0,0,0,0,0,0,0,0,0,0,0,0,0,0,0,0,0,0,0,0,0,0,0,0,0,0,0,0,0,0,0,0,0,0,0,0,0,0,0,0,0,0,0,0,0,0,0,0,0,0,0,0,0,0,0,0,0,0,0,0,0,0,0,0,0,0,0,0
0,0,0,0,0,0,0,0.00142409847330095,0,0,0,0.0298084795390907,0,0,0,0,0,0,0,0,0,0,0,0,0,0,0,0,0,0,0,0,0,0,0,0,0,0,0,0,0,0,0,0,0,0,0,0,0,0,0,0,0,0,0,0,0,0.0143507777878704,0,0.0166254984723224,0,0,0,0,0,0,0,0,0,0,0,0,0,0,0,0,0,0,0,0,0,0,0.000609897609185044,0,0,0,0
0,0,0,0,0,0,0,0,0.00334972870598754,0,0,0,0,0,0,0,7.37125658244332e-05,0,0,0,0,0,0,0,0,0,0,0,0,0,0,0,0,0,0,0,0,0,0,0,0,0,0,0,0,0,0,0,0,0,0,0,0,0,0.0167896450394594,0,0,0,0,0,0,0,0,0,0,0,0,0,0,0,0,0,0,0,0,0,0,0,0,0,0,0,0,0,0,0,0
0,0,0,0,0,0,0,0,0,0.0060080468820591,0,0,0,0,0,0,0,0.000928784616923357,0,0,0,0,0,0,0,0.000142968184683073,0,0,0,0,0,0,0,0,0,0,0,0,0,0,0,0,0,0,0,0,0,0,0,0,0,0,0,0,0,0.00467101071194744,0,0,0,0,0,0,0,0,0,0,0,0,0,0,0,0,0,0,0,0,0,0,0,0,0,0,8.32910530469917e-05,0,0,0,0
0,0,0,0,0,0,0,0,0,0,4.89458907276864e-05,0,0,0,7.37125658244332e-05,0,0,0.112056983943211,0.0659767367262809,0,6.84198314380975e-05,0,0.00950645570955163,0,0.00175687508071973,4.91614322602906e-06,0.00184958089841696,0,0,0,0,0,0,0,0,6.46781018693861e-05,0.000111208102825124,0,2.38922105066817e-05,0.00055360148842782,0.000333972680646886,0.000581307764612563,0.000933417824226144,0,4.6820096216016e-05,4.15971585965465e-05,0.000943760944560681,5.28666944688892e-05,2.58864599783951e-05,4.4400538489654e-05,0,0,0,0,0,0,0.000208851776129347,0,0,0,0,0,0.000210161739596384,0.000527949995884509,0,8.69062205031178e-05,0,2.42555142837505e-05,0,0,0,4.76412833027478e-06,1.11947168739964e-05,0.000298019074231636,0,0,0,0,0.000362219783895176,0.00110475767852284,8.2323102132384e-05,0.000785599318019256,0.0256230179812202,0.000578012427655978,0.00082386405886947,4.02375214203668e-05,0.000584878161647189
0,0,0,7.72135884980515e-06,0,0,0,0,0,1.19937720979223e-05,3.23373557663091e-06,0,0,0,0,0.000928784616923357,0.112056983943211,0,0.0730347437704554,0,0,0.000347696999982653,4.58330776482122e-05,0.00392659762051768,0.000279260977952922,0.0123980954203818,3.58284796258791e-05,0,0,0,0,0,0,0,0,0.000119902837639309,3.4903116087019e-05,0,1.73862662863016e-05,0.000717642443080786,0.000243732369007595,0.000399588839006592,0.000295085426834864,0,0,6.22849226599833e-05,0.00043442265357656,3.17082371041704e-05,0,6.13528867790311e-05,0,0,0,0,0,0,0.000131901418840542,4.22776080212877e-06,0,0,0,0,4.51426169283518e-05,0.000233303830844938,0,0,0.000634065923166081,0,0.000433061305654883,0,0,0,0,4.48144110480863e-05,0,0,0,0,0.000311347823114069,0.000385437996548066,9.57919973464973e-05,0.000264015418896619,0.028142413199023,0.00179830614198803,0.000568534490115188,0.000137256567029616,8.83443784517233e-05
0.000101819128163744,2.34940991014079e-05,0.000101812568901531,0.000262616022478248,0,0,0,0,3.08211881594488e-05,0,0.000153550468568686,0,0,0,0,0,0.0659767367262809,0.0730347437704554,0,0,4.62074317587467e-05,0,5.30469187790696e-05,0,9.92278797356237e-05,1.11856581055032e-05,0,0,0,0,0,0,0,0,0,0.00356810069822238,0.00108548809275856,4.94467726641268e-05,0.000306317138474663,0.0380973596538706,0.00855149880989879,0.0191199837167446,0.0129906200329227,0,0.000340289186154759,0.0041188488746806,0.0163019435790549,0.000331899729833921,0.000300545572196505,0.00321529940734461,0,0,0,0,0,0,0.00261513035845922,0.00326449782977769,0,0,0,0,0.00443251826233682,0.00615637224691142,0,0,0,0,0,0,0,6.29825216498151e-06,0.00863831118069035,0.0048082210597851,0,0,0,0,0.0144434269859706,0.0128653500371537,0.00776277039238465,0.0077574979040466,0.00960387851187129,3.97799056993839e-05,0.026336750914953,0.00869941637474887,0.00490325029109443
0,0,0,0.00148934987817546,0,0.0136449556629195,0,0.00353754688531798,0,0,0,0.00696447794232154,0,0,0,0,0,0,0,0,0,0,0,0,0,0,0,0,0,0,0,0,0,0,0,0.00819507360547969,0,0.0102480991455909,0,0,0,6.17665731614432e-06,0,0,0,7.70549119927628e-05,0,0,0,0.000355382066694391,0,0,0,0,0,0,0,0.000633170940564894,0,0,0,0,0.0792816634807118,0,0,0,0,0,0,0,0,0,0.000288821197122234,0,0,0,0,0,0.00264475193256136,0,0.00455059215527766,0,0.000430081487939876,5.76271394648183e-06,0.00493500277781317,0,0
0,0,8.53166939683851e-05,0,0.00274993885176994,0,0,0,0,0,0.0506449367690894,0,0,0,0,0,6.84198314380975e-05,0,4.62074317587467e-05,0,0,0,0,0,0,0,0,0,0,0,0,0,0,0,0,6.01429725834992e-06,0.00688620186845491,0,0.00166656378419896,0,0.000858683602250191,0,0.000333402256762709,0,0,0,0.000235968405057157,0,0.00039774474432171,0,0.00844333384423107,0,0.000743447535745609,0,0,0,0.0158587325920833,0,0,0,0,0,0,0.067478070525472,0,0,0,0,0,0,0,0,0,0.00048749261176039,0,0,0,0,0,0.00444077260192912,0,0.00139512765289345,0.00050616421883329,0,0.00130549482987814,0,6.02775095909207e-05
0,0,0,0,0,0,0,0,0,0,0,0,0,0,0,0,0,0.000347696999982653,0,0,0,0,0.00127543753942721,0.00162417144066633,0,0.00231397785007275,0,0.000102768010514491,0,0,0,0,0,0,0,0,0,0.00797562252482536,0,0,0,0,0,0,0,0,0,0.000455719636819273,0,0.00282108589434343,0,0,0,0,0,0,0,0,0,0,0,0,0,0,0.0999217270034789,0,0.0099033224539111,0,0.000334349039434405,0,0.000203969637400168,0,0,0,0,0,0,0,0,0,0.00791960346130734,0,0.00190058446288598,0.000465615831356793,0.000186200524557056,0,0
0,0,0,0,0,0,0,0,0,0,0,0,0,0,0,0,0.00950645570955163,4.58330776482122e-05,5.30469187790696e-05,0,0,0.00127543753942721,0,0,0.00211590693599003,0,0.000171359493463791,0,0.00210478968739417,0,0,0,0,0,0,0,9.40475982917795e-07,0,0.00340465713502401,0,0,0,0,0,0,0,0,2.73982521538808e-05,0.00159883603825216,0,0,0,0,0,0,0,0,0,0,0,0,0,0,0,0.00117325023649739,0.0932343353993615,0,0.000466284786738311,0,0,0,0,0,0,0,0,0,0,0,0,0,0.00137570775887126,0.00274248726677016,0.000691461186814642,0.000108882659209689,0,0
0,0.000684354694630466,0,0,0,0,0,0,0,0.00264408020880915,0,0,0,0,0,0,0,0.00392659762051768,0,0,0,0.00162417144066633,0,0,0,0.0033671336839774,0,0,0,0,0,0,0,0,0,0,0,0.00140359254856333,0,0,0,0,0,0,0,0,0,0.00303411141732594,0,0.00442773632626538,0,0,0,0,0,0.00505889507282999,0,0,0,0,0,0.000191325151882053,0,0,0.000489810033352871,0,0.111940994290708,0,0.00388185688871276,0,0.000113695320558889,0,0,0,0,0,0,0,0,0,0.0019012032868942,0,0.001049624820937,0,0.00882194726062109,0,0
0,0,0,0,0,0,0,0,0.00537104516381201,0,0,0,0,0,0,0,0.00175687508071973,0.000279260977952922,9.92278797356237e-05,0,0,0,0.00211590693599003,0,0,0,0.0482531990012952,0,0,0,0,0,0,0,0,0,0,0,0.00179949678916713,0,0,0,0,0,0,0,0,8.41484988407804e-05,0.00499969558784103,0,0,0,0,0,0.033591957585823,0,0,0,0,0,0,0,0.000125515987415521,0,0,0.00366788405060192,0,0.0518853738353323,0,0.0148868870276125,0,0,0,0,0,0,0,0,0,0,0,0.00260024401682986,0.000741867116628515,0,0.00414466530420859,0,0
0,0,0,0,0,0,0,0,0,0,0,0,0,0,0,0.000142968184683073,4.91614322602906e-06,0.0123980954203818,1.11856581055032e-05,0,0,0.00231397785007275,0,0.0033671336839774,0,0,0,0,0,0,0,0,0,0,0,0,0,0,0,0,0,0,0,0,0,0,0,0,0,0,0,0,0,0,0,0,0,0,0,0,0,0,0,0,0.000174186863607685,0,0.010614750914232,0,0.00243205860899283,0,0,0,0,0,0,0,0,0,0,0,0,0,0.000513370429251851,0,0,0,0
0,0,0,0,0,0,0,0,0.00354310852305173,0,0,0,0,0,0,0,0.00184958089841696,3.58284796258791e-05,0,0,0,0,0.000171359493463791,0,0.0482531990012952,0,0,0,0,0,0,0,0,0,0,0,0,0,0,0,0,0,0,0,0,0,0,0,0,0,0,0,0,0,0.00480483903796143,0,0,0,0,0,0,0,0,0,0,0,0,0.0259894933958642,0,0.000351741124177352,0,0,0,0,0,0,0,0,0,0,0,0,0.000128532322830474,0,0,0,0
0,0,0,0,0,0,0,0,0,0,0,0,0,0,0,0,0,0,0,0,0,0.000102768010514491,0,0,0,0,0,0,0,0.00405044828900858,0,0,0,0,0,0,0,0.000316739662709641,0,0,0,0,0,0,0,0,0,0,0,0,0,0,0,0,0,0,0,0.000332756371991705,0,0,0,0,0,0,0,0,0,0,0.000214957876813872,0,0.028064043748714,0,0.0266288249456593,0,0,0,0,0,0,0,0.000768950920298985,0,1.15911771289283e-05,0,0,0,0
0,0,0,0,0,0,0,0,0,0,0,0,0,0,0,0,0,0,0,0,0,0,0.00210478968739417,0,0,0,0,0,0,0,0.000174064407474361,0,0,0,0,0,0,0,0,0,0,0,0,0,0,0,0,0,0,0,0,0,0,0,0,0,0,0,0,0,0,0,0,0,0,0.000533538146325163,0,0,0,0,0,0.00921371606387155,0,0,0,0,0,0,0,0,0,3.07751548911891e-05,2.80310528069094e-05,0,0,0,0
0,0,0,0,0,0,0,0,0,0,0,0.0109025175902949,0,0,0,0,0,0,0,0,0,0,0,0,0,0,0,0.00405044828900858,0,0,0,0,0,0,0,0,0,0.00269050701427188,0,0,0,0,0,0,0,0,0,0,0,0,0,0,0,0,0,0,0,0.0124637950864277,0,0,0,0,0,0,0,0,0,0,0,0,0,0,0.0747779486328245,0,0,0,0,0,0,0,0.00134905560154596,0,0,0,0,0,0
0,0,0,0,0,0,0,0,0,0,0.00058816419343683,0,0,0,0,0,0,0,0,0,0,0,0,0,0,0,0,0,0.000174064407474361,0,0,0,0,0,0,0,0,0,0.00651696418401465,0,0,0,8.97384533187998e-05,0,0,0,0,0,0,0,0,0,0,0,0,0,1.80658077471332e-05,0,0,0,0,0,0,1.18869691907268e-05,0,0,0,0,0,0,0,0.000305885223497171,0,0.0269223665913152,0,0,0,0,0,0,0,0.00264385852173091,6.52530611414935e-05,1.43655853467864e-06,0,0,0
0,0,0,0,0,0,0,0,0,0,0,0,0,0,0,0,0,0,0,0,0,0,0,0,0,0,0,0,0,0,0,0,0.152423377099078,0.00328022663777067,0.00024587986124805,0.0034252027580872,0.000603491029877582,0,0,0,0,0,0,0,0,0,0,0.0800106599705341,0.00309320915735939,0,0,0,0,0,0,0,0,0,0,0,0,0,0,0,0,0,0,0,0,0,0,0,0,0,0.164005226356256,0.0673437017714628,0.0050594208844312,3.3429842007369e-05,0.00192382529289319,0.000199420942138451,0,0,0.00238563149475124,0,0,0,0
0,0,0,0,0,0,0,0,0,0,0,0,0,0,0,0,0,0,0,0,0,0,0,0,0,0,0,0,0,0,0,0.152423377099078,0,0.0104416411168608,0.00326536768496196,0.000115517847410934,0.00203872730895686,0,0,0,0,0,0,0,0,0,0,0.0751875846626859,0.00078780206219421,0,0,0,0,0,0,0,0,0,0,0,0,0,0,0,0,0,0,0,0,0,0,0,0,0,0.035847208860714,0.273517635522231,0.000796467105665863,0.00329932530492357,3.86358543620985e-05,0.00495072400399301,0,0,0.000723123937615468,0,0,0,0
0,0,0,0,0,0,0,0,0,0,0,0,0,0,0,0,0,0,0,0,0,0,0,0,0,0,0,0,0,0,0,0.00328022663777067,0.0104416411168608,0,0.185770313613562,0.00562010306459963,0,0.000112427132632739,9.92573017018032e-06,0,0,0,0,0,0,0,0,0.151083170610977,0.0016019792177383,0.000154312332018425,0,0,0,0,0,0,0,0,0,0,0,0,0,0,0,0,0,0,0,0,0,0,0,0,0.00704546208426117,0.0112829086817884,0.187578546269754,0.153489491529336,0.00104531614606356,2.43867793432414e-06,0.000704370164450037,1.44275806220215e-05,0.00264104328915643,3.92099527312742e-05,0,0,0
0,0,0,0,0,0,0,0,0,0,0,0,0,0,0,0,0,0,0,0,0,0,0,0,0,0,0,0,0,0,0,0.00024587986124805,0.00326536768496196,0.185770313613562,0,0,0.00547818631907681,0,0.00236674867735884,0,0,0,0,0,0,0,0,0.0623936296838966,7.30860562014497e-05,0,0,0,0,0,0,0,0,0,0,0,0,0,0,0,0,0,0,0,0,0,0,0,0,0,2.49541167909239e-05,0.00898991561101137,0.0433484321950459,0.153465826952163,2.30809274333837e-05,0.00240418802432248,0,0.00421732410579655,0.000670123037838293,0,0,0,0
2.97185467523986e-06,0,0,8.48858828139695e-05,0,0.000158144276168655,0,0,0,0,0,0.00489066729141058,0,0,0,0,6.46781018693861e-05,0.000119902837639309,0.00356810069822238,0.00819507360547969,6.01429725834992e-06,0,0,0,0,0,0,0,0,0,0,0.0034252027580872,0.000115517847410934,0.00562010306459963,0,0,0.00664683889820458,0.0138091970441792,0,0.000438783500665533,2.05317671606e-05,0.00140097294616403,1.53848999627385e-05,1.55493261797728e-05,0,0.00253443989447727,5.70724180135078e-05,0.00208004880887699,0,0.00116229325958297,0,0,0,0,0,0,4.55917944367848e-06,4.61472093514225e-05,0,0,0,0,0.00848370138967732,1.19328651081525e-05,0,0,0,0,0,0,0,0,4.0854780216886e-05,0,0.00154423356729712,3.61428854120834e-05,0.00151730561789352,0,0.0834167304096718,0.00173620413892903,0.00235309180373033,3.50317230052888e-05,0.00951742445499212,0.00168868708601589,0.00180731594032116,0.000285106682162871,0
2.23929640299112e-06,0,0,0,0.000172750245477845,0,0,0,1.08806509048548e-05,0,0.0046547860353483,0,0,0,0,0,0.000111208102825124,3.4903116087019e-05,0.00108548809275856,0,0.00688620186845491,0,9.40475982917795e-07,0,0,0,0,0,0,0,0,0.000603491029877582,0.00203872730895686,0,0.00547818631907681,0.00664683889820458,0,0,0.0167184641020068,5.63012938763462e-06,6.43524898476255e-05,4.48358667717646e-06,0.000554821507976449,0,1.600698549871e-05,1.67017663341249e-06,0.00123312434496957,0.00607522841305913,0.000244548276042915,4.76264154091908e-06,0.000345734964471031,0,0,0,0,0,0.000378276722739246,0,0,0,0,0,0,0.00517652664242747,0,0,0,0,0,0,0,0,2.04742293671194e-06,4.2481777854987e-05,7.43616912475977e-05,0.000274828926171456,0,0.000813036613736678,0.00325648403883482,0.0774132028999389,2.47985643216038e-06,0.00437514110277655,0.00813176153535091,0.00334366789914928,0.00211752808812281,0,9.58463347281993e-05
0,0,0,0,0,0,0,0,0,0.00283580112384845,0,0.0222025065941386,0,0,0,0,0,0,4.94467726641268e-05,0.0102480991455909,0,0.00797562252482536,0,0.00140359254856333,0,0,0,0.000316739662709641,0,0.00269050701427188,0,0,0,0.000112427132632739,0,0.0138091970441792,0,0,0.00116890286870107,0,0,6.67732895641802e-05,0,0,0,1.88983151534969e-05,0,0.00448060654944984,0,0.00211537930590902,0,0,0,0,0,0.000326792528888272,0,0.00132964336602904,0,0,0,0,3.99908566805715e-05,0,0.00289734016111961,0,0.00472990046478913,0,0,0,0,0,0.000469066951745766,0,0,0,0.000537255396227359,0,0.0080910078750475,0,0.0871068519008092,0.000622197159102752,0.00403548500843763,0.000689690661537903,0.00106970251175508,3.19473802436307e-06,0
0,0,1.1673406558668e-05,0,0,0,0,0,0.00102724592049909,0,0.00645556826939428,0,0,0,0,0,2.38922105066817e-05,1.73862662863016e-05,0.000306317138474663,0,0.00166656378419896,0,0.00340465713502401,0,0.00179949678916713,0,0,0,0,0,0.00651696418401465,0,0,9.92573017018032e-06,0.00236674867735884,0,0.0167184641020068,0.00116890286870107,0,3.7671995266283e-05,3.45165912805148e-05,0,0.000250195554756282,0,0,0,0.000170385943099545,0.000481897393010164,0.00546931475673521,0,0,0,0,0,0.00243515172706568,0,0.000584682915862332,0,0,0,0,0,0,0.00292198578292499,0,0.00182800167778817,0,0.00274254345354817,0,0,0,0,0,0.000254308613466451,0,0,0,0.00390796052326722,9.75776985138793e-06,0.0088584187314455,7.76928300183499e-06,0.0768511046795105,0.00498820084361977,0.000586001949539277,0.00170291284713067,0,0.000212543398707889
0,0,0,0.00305268959292499,0,0.000142576729499111,0,0,0,0,6.14161189475427e-05,0,0,0,0,0,0.00055360148842782,0.000717642443080786,0.0380973596538706,0,0,0,0,0,0,0,0,0,0,0,0,0,0,0,0,0.000438783500665533,5.63012938763462e-06,0,3.7671995266283e-05,0,0.000596957893395662,0.0816158741894644,0.00174625362218788,0.000479349006255977,0,0.0181438948875508,0.00133928433948018,5.88552957016542e-05,4.0139237450925e-05,0.04018191871582,0,0,0,0,0,0,6.01770517248829e-05,0.00140556060889039,0,0,0,0,0.00610592391877774,0.000244211019149637,0,0,0,0,0,0,0,0,0.00220229877917723,0.000125179846414359,0,0,0,0,0.00365090155440536,0.000235027275994986,0.000880239534068944,7.36871438645527e-05,0.00187272256256908,0.000149961156731323,0.0367892163242865,0.00861003590182148,0.000389947431542942
0,0,9.83390236343272e-05,0,0.000862332318430624,0,0,0,0.000264145475065919,0,0,0,0,0,0,0,0.000333972680646886,0.000243732369007595,0.00855149880989879,0,0.000858683602250191,0,0,0,0,0,0,0,0,0,0,0,0,0,0,2.05317671606e-05,6.43524898476255e-05,0,3.45165912805148e-05,0.000596957893395662,0,0.000404504401074128,0.0222278507835291,0,0.000694809478118632,0,0.0181641275852213,0.00014153379624536,0.00534931037309556,2.2979151190274e-05,0.00232576581439378,0,0,0,0,0,0.00504662715367002,0,3.72979172955055e-05,0,0,0,0.000118434362054538,0.0205448336742231,0,0,0,0,0,0,0,1.03321279925224e-05,0,0.00322454873742583,0,0,0,0,5.69116078829269e-05,0.0039339281512485,0,0.000828897945158623,0.000366322966202609,4.4560242119089e-05,0.0220629617077556,0.000108313401559755,0.00278310675030613
8.36924917469403e-05,0.00498677182817499,0,0.00555143001922986,0,5.88329065167648e-05,0,0,0,0.00625040676292104,0,0,0,0,0,0,0.000581307764612563,0.000399588839006592,0.0191199837167446,6.17665731614432e-06,0,0,0,0,0,0,0,0,0,0,0,0,0,0,0,0.00140097294616403,4.48358667717646e-06,6.67732895641802e-05,0,0.0816158741894644,0.000404504401074128,0,0.015284101566457,4.04968552371874e-05,0,0.00417459900541637,0.000550551734254953,0.000563497768260458,2.35442287026856e-05,0.0329233940322897,0,0,0,0,0,8.92283709258389e-05,0.000101163534198813,0.033166218242816,0,0,0,0,0.0051372609210461,0.000172950511981559,0,0,0,0,0,0,0,0,0.0557177456293142,5.1707884597664e-05,0,0,0,0,0.00860604457965396,0.000163336910560448,0.00306953233176448,9.97491902996629e-05,0.002707464641721,0.000238373758954946,0.0821594961090785,0.0196647686863546,9.05917655066261e-06
0.00237951403379192,2.03245828046254e-05,0.00318159062074865,4.58965829200122e-05,0.000746341473024446,4.17536780514818e-05,0,0,0.00140234638873958,0,4.56051132141811e-05,0,0,0,0,0,0.000933417824226144,0.000295085426834864,0.0129906200329227,0,0.000333402256762709,0,0,0,0,0,0,0,0,0,8.97384533187998e-05,0,0,0,0,1.53848999627385e-05,0.000554821507976449,0,0.000250195554756282,0.00174625362218788,0.0222278507835291,0.015284101566457,0,0,0.00117721057455837,6.11198089455675e-05,0.010481144859467,0.00189915378073057,0.0206599709848694,0.000296253486674522,0.000980320190345493,0,0,0,0,0,0.0316452034413697,4.72397307801586e-05,4.35070373106842e-05,0,0,0,0.00012777464923396,0.0118120905525219,5.88651567470311e-06,7.31740554228179e-06,0,0,0,0,0,0.000696869582615039,1.14245835677577e-05,0.0564432178001906,0,0,1.46594440061029e-05,0,0.000149203239298944,0.0124652646297195,6.94550521574825e-05,0.00603656982979558,0.00322991838168379,0.000170478777652088,0.0820815701298665,5.41790174530606e-05,0.0417934248795053
0,0,0,0,0,0,0,0,0,0,0,0,0,0,0,0,0,0,0,0,0,0,0,0,0,0,0,0,0,0,0,0,0,0,0,1.55493261797728e-05,0,0,0,0.000479349006255977,0,4.04968552371874e-05,0,0,0,0,0,0,0,0,0,0,0,0,0,0,0,0.0008568053352424,0,0,0,0,6.83901796582065e-05,0,0,0,0,0,0,0,0,0,0.0031334681762479,0,0,0,0,0,6.01492984447391e-05,0,0.000471805743102031,0,0,0,0.000830047942726901,0,0
0,0,0,0,0,0,0,0,0,0,0,0,0,0,0,0,4.6820096216016e-05,0,0.000340289186154759,0,0,0,0,0,0,0,0,0,0,0,0,0,0,0,0,0,1.600698549871e-05,0,0,0,0.000694809478118632,0,0.00117721057455837,0,0,0,0.000716108484006079,0,0,0,0,0,0,0,0,0,0.000157537216516245,0,0,0,0,0,0,0.00028415681043742,0,0,0,0,0,0,0,0,0,0.000250106345045195,0,0,0,0,0,0.00016883697217312,0,0.000203160829755962,9.59290338428404e-06,0,0.00140350190276515,0,0.00102422446659167
0,0,0,0.00239805290764328,0,0.000574120309072946,0,0,0,0.00035805804905779,0,2.26432675088204e-05,0,0,0,0,4.15971585965465e-05,6.22849226599833e-05,0.0041188488746806,7.70549119927628e-05,0,0,0,0,0,0,0,0,0,0,0,0,0,0,0,0.00253443989447727,1.67017663341249e-06,1.88983151534969e-05,0,0.0181438948875508,0,0.00417459900541637,6.11198089455675e-05,0,0,0,1.55547260129935e-05,0.000312934356156835,0.000172416215522067,0.00774863108950388,0,0,0,0,0,0,0,0.00982562707601987,0,0,0,0,0.0720123709637323,0,0,0,0,0,0,0,0,0,0.0114779808235271,0,0,0,0,0,0.0144993027575954,2.63190005024305e-05,0.00910598162601278,0,0.000512837527626498,1.07005291269823e-05,0.0263257786267291,0.00024174239277885,0
0,0,6.71546141967029e-05,0,1.74411110251647e-05,0,0,0,0,0,5.51667221447474e-05,0,0,0,0,0,0.000943760944560681,0.00043442265357656,0.0163019435790549,0,0.000235968405057157,0,0,0,0,0,0,0,0,0,0,0,0,0,0,5.70724180135078e-05,0.00123312434496957,0,0.000170385943099545,0.00133928433948018,0.0181641275852213,0.000550551734254953,0.010481144859467,0,0.000716108484006079,1.55547260129935e-05,0,0.000176082321109089,0.000821809681921311,6.52994846677638e-05,4.02699809062845e-05,0,0,0,0,0,0.00234360476947063,0,0,0,0,0,0.000110366892341245,0.027762111228605,0,0,0,0,0,0,0,1.18225719792779e-05,1.0061984927056e-05,0.00138695180922211,0,0,0,0,0.000273979667143673,0.0142387208405769,7.80768210634383e-05,0.00509863751661619,0.000456865761380291,7.94155507823859e-05,0.0113533546591723,8.82221415258366e-05,0.00122773708268974
1.06601667560778e-05,0,0,0.00049153878722002,0,0,0,0,0,0,0,0,0,0,0,0,5.28666944688892e-05,3.17082371041704e-05,0.000331899729833921,0,0,0.000455719636819273,2.73982521538808e-05,0.00303411141732594,8.41484988407804e-05,0,0,0,0,0,0,0.0800106599705341,0.0751875846626859,0.151083170610977,0.0623936296838966,0.00208004880887699,0.00607522841305913,0.00448060654944984,0.000481897393010164,5.88552957016542e-05,0.00014153379624536,0.000563497768260458,0.00189915378073057,0,0,0.000312934356156835,0.000176082321109089,0,0.142743788283817,0.0574316085303274,0,0,0,0,0,0,0,0,0,0,0,0,0,0,0.00148560102293503,2.5234626430891e-05,0.00384256951094595,2.67340969122843e-05,0,0,0,0,1.76835346109419e-05,0,0.22111430486574,0.133641739749869,0.0555429405243863,0.0212836110023968,0.00378843336374494,0.00750126378058824,0.00684107136492647,2.73078174755429e-06,0.00908119441096659,5.36590551733551e-06,0.025588598260824,0.00016663835423354,9.87976883301284e-06
0.00381258473213464,0,0.00251248589959502,0,0.00174173562840399,0,0,0,0.00129130795874827,0,3.99151273677157e-05,0,0,0,0,0,2.58864599783951e-05,0,0.000300545572196505,0,0.00039774474432171,0,0.00159883603825216,0,0.00499969558784103,0,0,0,0,0,0,0.00309320915735939,0.00078780206219421,0.0016019792177383,7.30860562014497e-05,0,0.000244548276042915,0,0.00546931475673521,4.0139237450925e-05,0.00534931037309556,2.35442287026856e-05,0.0206599709848694,0,0,0.000172416215522067,0.000821809681921311,0.142743788283817,0,0.00237762477476112,0.00180972363596396,0,0,0,0.00587489364262215,0,0.00297311122208363,0,0.000103712618304695,0,4.32332439618578e-05,0,0,0.00146054764356415,0,0.00749410929480178,0,0.00657605370714099,0,0.000209520846966814,0,0.00259894016845612,0,0.000655707785378403,0.004146894766974,0,0.00390418286437622,0,0.000281898980114514,0.00317378403955531,3.78443139177726e-06,0.00469516585563639,0.00539399118209985,5.65313837374604e-05,0.0267449875379272,0,0.000181267857041783
0,0.00734811532705471,0,0.0104128895215438,0,0.000850861892040432,0,0,0,0.00505659799335691,0,0,0,0,0,0,4.4400538489654e-05,6.13528867790311e-05,0.00321529940734461,0.000355382066694391,0,0.00282108589434343,0,0.00442773632626538,0,0,0,0,0,0,0,0,0,0.000154312332018425,0,0.00116229325958297,4.76264154091908e-06,0.00211537930590902,0,0.04018191871582,2.2979151190274e-05,0.0329233940322897,0.000296253486674522,0,0,0.00774863108950388,6.52994846677638e-05,0.0574316085303274,0.00237762477476112,0,0,0,0,0,0,0.00472130243482581,0,0.0111625333450826,0,0,0,5.93553258997593e-05,0.000634040343139247,0,0.0195353483614811,9.96472666825389e-06,0.0116986979506083,0,0.00182850450237726,0,0.00577159887232833,0,0.00326194950743873,0,0.000722528155359693,0,0.000309277552792197,0,0.000937470466181421,1.78633360897448e-05,0.00126365913827326,2.42274132799304e-05,0.00302505098299058,0.000121786800976514,0.0406113803682593,0.00270532171172504,0
0,0,0.00105869756669921,0,0.0291716463039884,0,0,0,0.0106671032143212,0,0,0,0,0,0,0,0,0,0,0,0.00844333384423107,0,0,0,0,0,0,0,0,0,0,0,0,0,0,0,0.000345734964471031,0,0,0,0.00232576581439378,0,0.000980320190345493,0,0,0,4.02699809062845e-05,0,0.00180972363596396,0,0,0,0,0,0,0,0.00160839233203205,0,0.00313377172837214,0,0.0104296625207905,0,0,0.004092596125208,0,0,0,0,0,0,0,0,0,0,0,0,0,0,0,0.000209409121999235,0,1.48465207369889e-05,0.000142955401072481,0,0.0131964158239905,0,0
0,0,0,0.0202737539505241,0,0.0383606028316151,0,0,0,0.000914101675764706,0,0.000142237016103948,0,0,0,0,0,0,0,0,0,0,0,0,0,0,0,0,0,0,0,0,0,0,0,0,0,0,0,0,0,0,0,0,0,0,0,0,0,0,0,0,0,0,0,0,0,0.000716709934198285,0,0.00977604869272293,0,0.000618817152818418,0,0,0,0,0,0,0,0,0,0,0,0,0,0,0,0,0,0,0,0,0.00136253000813406,0,0.000204142351314629,0,0
0,0,0,0,0,0,0.000431778928032145,0,0,0,9.86679806374013e-05,0,0,0,0,0,0,0,0,0,0.000743447535745609,0,0,0,0,0,0,0,0,0,0,0,0,0,0,0,0,0,0,0,0,0,0,0,0,0,0,0,0,0,0,0,0,0,0,0,0,0,0,0,0,0,0,0,0,0,0,0,0,0,0,0,0,0,0,0,0,0,0,0,0,0,1.83782636591295e-05,0,0,0,0
0,0,0,0,0,0.000283766743384187,0,0.00250399843341452,0,0,0,0.00207790731793728,0,0,0,0,0,0,0,0,0,0,0,0,0,0,0,0,0,0,0,0,0,0,0,0,0,0,0,0,0,0,0,0,0,0,0,0,0,0,0,0,0,0,0,0,0,0.0170139687562387,0,0.000301113612102585,0,0,0,0,0,0,0,0,0,0,0,0,0,0,0,0,0,0,0,0,0,0,0.000525873708593259,0,0,0,0
0.0184734146724352,0,0.0181898238480502,0,0,0,0,0,0.15342627128002,0,0,0,0,0,0.0167896450394594,0,0,0,0,0,0,0,0,0,0.033591957585823,0,0.00480483903796143,0,0,0,0,0,0,0,0,0,0,0,0.00243515172706568,0,0,0,0,0,0,0,0,0,0.00587489364262215,0,0,0,0,0,0,0,0,0,0,0,0.0520854078341382,0,0,0,0,0,0,0.0195286853278287,0,0.00120892313660765,0,0,0,0,0,0,0,0,0,0,0,0.00306025111480452,0.000492628338913205,0,0.0031435754459913,0,0
0,0.048038915288646,0,0.062507967938833,0,0.000958403903672592,0,0,0,0.0585141296882908,0,0,0,0,0,0.00467101071194744,0,0,0,0,0,0,0,0.00505889507282999,0,0,0,0,0,0,0,0,0,0,0,0,0,0.000326792528888272,0,0,0,8.92283709258389e-05,0,0,0,0,0,0,0,0.00472130243482581,0,0,0,0,0,0,0,0,0,0,0,0.0296479747586446,0,0,0,0,0.00857334369598379,0,0,0,0,0,0,0,0,0,0,0,0,0,0.000311664093222952,0,0.000121250614517971,0,0.0002570946772004,0,0
4.69341429091066e-05,0,0.00402788438611604,0,0.00150162320489887,0,0,0,0.000449330700545919,0,0.0239109199596178,0,0,0,0,0,0.000208851776129347,0.000131901418840542,0.00261513035845922,0,0.0158587325920833,0,0,0,0,0,0,0,0,0,1.80658077471332e-05,0,0,0,0,4.55917944367848e-06,0.000378276722739246,0,0.000584682915862332,6.01770517248829e-05,0.00504662715367002,0.000101163534198813,0.0316452034413697,0,0.000157537216516245,0,0.00234360476947063,0,0.00297311122208363,0,0.00160839233203205,0,0,0,0,0,0,0,0.00416577013430983,0,0,0,0,0.0655201041754667,0,0,0,0,0,0,0,0.0121429202525258,1.68081494855872e-05,0.0454051706078705,0,0,0,0,6.05617465633402e-06,0.00110545060435014,1.86508371672158e-05,0.000892516019506571,0.00104916697101273,3.88978216263503e-05,0.0388811326852985,0.000114305787169096,0.0246137851368853
0,4.09068852776908e-05,0,0.00676707814728475,0,0.00144431057663577,0,0,0,9.9083566975227e-05,0,0.0872430768396324,0,0.0143507777878704,0,0,0,4.22776080212877e-06,0.00326449782977769,0.000633170940564894,0,0,0,0,0,0,0,0.000332756371991705,0,0.0124637950864277,0,0,0,0,0,4.61472093514225e-05,0,0.00132964336602904,0,0.00140556060889039,0,0.033166218242816,4.72397307801586e-05,0.0008568053352424,0,0.00982562707601987,0,0,0,0.0111625333450826,0,0.000716709934198285,0,0.0170139687562387,0,0,0,0,0,0,0,0,0.0114556223784141,0,0,0,0.00105361621822696,0,0.000301902257781416,0,0.00967917230620987,0,0.0137280752921998,0,0,0,0,0,7.99983884946105e-05,6.95496368194218e-06,0.000476537613295682,0,0.000814550903660932,5.873097395105e-05,0.0341237321590507,0.00426563752406349,0
0,0,0,0,0.00162649150400704,0,0.00577630180983942,0,0,0,0.00741290308762884,0,0,0,0,0,0,0,0,0,0,0,0,0,0,0,0,0,0,0,0,0,0,0,0,0,0,0,0,0,3.72979172955055e-05,0,4.35070373106842e-05,0,0,0,0,0,0.000103712618304695,0,0.00313377172837214,0,0,0,0,0,0.00416577013430983,0,0,0,0.000169150815391077,0,0,0,0,0,0,0,0,0,0,0.00354016260528235,0,5.15760267731195e-05,0,0,0,0,0,5.06508682125852e-06,0,0,1.88667677321064e-05,0,0.000820806111652569,0,0
0,0,0,0.00341502112836788,0,0,0,0.00585408172126977,0,4.29308498820892e-05,0,0,0,0.0166254984723224,0,0,0,0,0,0,0,0,0,0,0,0,0,0,0,0,0,0,0,0,0,0,0,0,0,0,0,0,0,0,0,0,0,0,0,0,0,0.00977604869272293,0,0.000301113612102585,0,0,0,0,0,0,0,0,0,0,0,0,0,0,0,0,0.00816953731390058,0,0,0,0,0,0,0,0,0,0,0,0.00019265100015541,0,0,0,0
0.015239169957671,0,0.00256428886019103,0,0.000108460095975997,0,0,0,0.00362981771610217,0,0,0,0,0,0,0,0,0,0,0,0,0,0,0,0,0,0,0,0,0,0,0,0,0,0,0,0,0,0,0,0,0,0,0,0,0,0,0,4.32332439618578e-05,0,0.0104296625207905,0,0,0,0.0520854078341382,0,0,0,0.000169150815391077,0,0,0,0,0,0,0,0,0,0,0.0109885553664101,0,0,0,0,0,0,0,0,0,0,0,0,0,0,0,0,0
0,0.000244092566784215,0,0.00355694265765864,0,0.00425243475547509,0,0,0,0.0102525483941212,0,0,0,0,0,0,0,0,0,0,0,0,0,0.000191325151882053,0,0,0,0,0,0,0,0,0,0,0,0,0,0,0,0,0,0,0,0,0,0,0,0,0,5.93553258997593e-05,0,0.000618817152818418,0,0,0,0.0296479747586446,0,0,0,0,0,0,0,0,0,0,0.00051376362296079,0,0,0,0,0,0,0,0,0,0,0,0,0,0,0,0,0,0.000321849061635764,0,0
0,0,0,0.000151397253667506,0,0.00213710784373458,0,0.00950367992141134,0,0,0,0.00538914005739083,0,0,0,0,0.000210161739596384,4.51426169283518e-05,0.00443251826233682,0.0792816634807118,0,0,0,0,0.000125515987415521,0,0,0,0,0,0,0,0,0,0,0.00848370138967732,0,3.99908566805715e-05,0,0.00610592391877774,0.000118434362054538,0.0051372609210461,0.00012777464923396,6.83901796582065e-05,0,0.0720123709637323,0.000110366892341245,0,0,0.000634040343139247,0,0,0,0,0,0,0,0.0114556223784141,0,0,0,0,0,0,0,0,0,0,0,0,0,0,0.00390985970660842,0,0,0,0,0,0.0138800091460604,4.68106745512839e-05,0.00410977295355366,0,0.00121032176084802,1.62833587510251e-05,0.0176179586012938,0.000266850322044964,0
0,0,0,0,0.000350640611705568,0,0,0,8.04149643039544e-05,0,0.0107128188751111,0,0,0,0,0,0.000527949995884509,0.000233303830844938,0.00615637224691142,0,0.067478070525472,0,0,0,0,0,0,0,0,0,1.18869691907268e-05,0,0,0,0,1.19328651081525e-05,0.00517652664242747,0,0.00292198578292499,0.000244211019149637,0.0205448336742231,0.000172950511981559,0.0118120905525219,0,0.00028415681043742,0,0.027762111228605,0,0.00146054764356415,0,0.004092596125208,0,0,0,0,0,0.0655201041754667,0,0,0,0,0,0,0,0,0,0,0,0,0,0,5.91441400220242e-05,0,0.00798828826393617,0,0,0,0,0.000102703248211203,0.0210882274447126,0,0.0172906764941982,0.000703550356633953,4.8306274302393e-05,0.0201567900592571,1.75154197622212e-05,0.00122907089680633
0,0,0,0,0,0,0,0,0,0,0,0,0,0,0,0,0,0,0,0,0,0.0999217270034789,0.00117325023649739,0.000489810033352871,0,0.000174186863607685,0,0,0,0,0,0,0,0,0,0,0,0.00289734016111961,0,0,0,0,5.88651567470311e-06,0,0,0,0,0.00148560102293503,0,0.0195353483614811,0,0,0,0,0,0,0,0,0,0,0,0,0,0,0,0,0.00804396487565869,0,0.00223788588257214,0,4.68057947427799e-05,0,0,0,0,0,0,0,0,0,0.00867500491643255,0,0.000340438236542391,1.88692970475963e-06,0.000335597238291211,0,0
0,0,0,0,0,0,0,0,0,0,0,0,0,0,0,0,8.69062205031178e-05,0,0,0,0,0,0.0932343353993615,0,0.00366788405060192,0,0,0,0.000533538146325163,0,0,0,0,0,0,0,0,0,0.00182800167778817,0,0,0,7.31740554228179e-06,0,0,0,0,2.5234626430891e-05,0.00749410929480178,9.96472666825389e-06,0,0,0,0,0,0,0,0,0,0,0,0,0,0,0,0,0,0.00620091583806143,0,0.0009163865363314,0,0.00030244275191844,0,0,0,0,0,0,0,0,0,0.00394332586119354,0.00040662200799579,0,0.000312009481658376,0,0
0,0.000477857418575829,0,0,0,0,0,0,0,0,0,0,0,0,0,0,0,0.000634065923166081,0,0,0,0.0099033224539111,0,0.111940994290708,0,0.010614750914232,0,0,0,0,0,0,0,0,0,0,0,0.00472990046478913,0,0,0,0,0,0,0,0,0,0.00384256951094595,0,0.0116986979506083,0,0,0,0,0,0.00857334369598379,0,0.00105361621822696,0,0,0,0.00051376362296079,0,0,0.00804396487565869,0,0,0,0.0680868400528419,0,0.00428122462675414,0,0,0,0,0,0,0,0,0,0.00634482526124291,0,0.000567372821530926,0,0.00773693073656653,0,0
0,0,0,0,0,0,0,0,0,0,0,0,0,0,0,0,2.42555142837505e-05,0,0,0,0,0,0.000466284786738311,0,0.0518853738353323,0,0.0259894933958642,0,0,0,0,0,0,0,0,0,0,0,0.00274254345354817,0,0,0,0,0,0,0,0,2.67340969122843e-05,0.00657605370714099,0,0,0,0,0,0.0195286853278287,0,0,0,0,0,0,0,0,0,0,0.00620091583806143,0,0,0,0.00438080850239171,0,8.44032907041737e-05,0,0,0,0,0,0,0,0,0,0.000633279893637582,0.00020695712394841,0,0.0129435961405804,0,0
0,0,0,0,0,0,0,0,0,0,0,0,0,0,0,0,0,0.000433061305654883,0,0,0,0.000334349039434405,0,0.00388185688871276,0,0.00243205860899283,0,0.000214957876813872,0,0,0,0,0,0,0,0,0,0,0,0,0,0,0,0,0,0,0,0,0,0.00182850450237726,0,0,0,0,0,0,0,0.000301902257781416,0,0,0,0,0,0,0.00223788588257214,0,0.0680868400528419,0,0,0,0.00787172267837777,0,0,0,0,0,0,0,0,0,0,0,5.76946027212128e-06,0,0.000357613770129785,0,0
0,0,0,0,0,0,0,0,0,0,0,0,0,0,0,0,0,0,0,0,0,0,0,0,0.0148868870276125,0,0.000351741124177352,0,0,0,0,0,0,0,0,0,0,0,0,0,0,0,0,0,0,0,0,0,0.000209520846966814,0,0,0,0,0,0.00120892313660765,0,0,0,0,0,0.0109885553664101,0,0,0,0,0.0009163865363314,0,0.00438080850239171,0,0,0,0.0233754139763262,0,0,0,0,0,0,0,0,0,0,0,0,0,0,0
0,0,0,0,0,0,0,0,0,0,0,0,0,0,0,0,0,0,0,0,0,0.000203969637400168,0,0.000113695320558889,0,0,0,0.028064043748714,0,0,0,0,0,0,0,0,0,0,0,0,0,0,0,0,0,0,0,0,0,0.00577159887232833,0,0,0,0,0,0,0,0.00967917230620987,0,0.00816953731390058,0,0,0,0,4.68057947427799e-05,0,0.00428122462675414,0,0.00787172267837777,0,0,0,0.00668783006782812,0,0,0,0,0,0,0,0.00250995035042315,0,4.50937133911499e-05,0,0.000775979256793876,0,0
0,0,3.29434330264731e-05,0,0,0,0,0,0,0,0,0,0,0,0,0,4.76412833027478e-06,0,6.29825216498151e-06,0,0,0,0,0,0,0,0,0,0.00921371606387155,0,0.000305885223497171,0,0,0,0,0,0,0,0,0,1.03321279925224e-05,0,0.000696869582615039,0,0,0,1.18225719792779e-05,0,0.00259894016845612,0,0,0,0,0,0,0,0.0121429202525258,0,0.00354016260528235,0,0,0,0,5.91441400220242e-05,0,0.00030244275191844,0,8.44032907041737e-05,0,0.0233754139763262,0,0,0,0.0175491185852372,0,0,0,0,0,0,0,0.00474058740195191,0.000157421135709415,0,0.000831205092077027,0,6.33591347248717e-05
0,0,0,0.00795067290298085,0,0.000188600646175709,0,0,0,0,0,0.000753354130323854,0,0,0,0,1.11947168739964e-05,0,0.00863831118069035,0.000288821197122234,0,0,0,0,0,0,0,0.0266288249456593,0,0.0747779486328245,0,0,0,0,0,4.0854780216886e-05,2.04742293671194e-06,0.000469066951745766,0,0.00220229877917723,0,0.0557177456293142,1.14245835677577e-05,0.0031334681762479,0,0.0114779808235271,1.0061984927056e-05,1.76835346109419e-05,0,0.00326194950743873,0,0,0,0,0,0,1.68081494855872e-05,0.0137280752921998,0,0,0,0,0.00390985970660842,0,0,0,0,0,0,0,0.00668783006782812,0,0,0,0,0,0,0,0.000101977683065002,4.28591216271512e-05,0.000959187167522089,2.33374565145409e-06,0.000174957021675083,5.51628237722876e-05,0.0153193496053809,0.0154135402159531,0
3.80773702638756e-05,0,0.0033474036010475,0,0.000445305332632574,0,0,0,0.000169681546919142,0,0.00215220918420959,0,0,0,0,0,0.000298019074231636,4.48144110480863e-05,0.0048082210597851,0,0.00048749261176039,0,0,0,0,0,0,0,0,0,0.0269223665913152,0,0,0,0,0,4.2481777854987e-05,0,0.000254308613466451,0.000125179846414359,0.00322454873742583,5.1707884597664e-05,0.0564432178001906,0,0.000250106345045195,0,0.00138695180922211,0,0.000655707785378403,0,0,0,0,0,0,0,0.0454051706078705,0,5.15760267731195e-05,0,0,0,0,0.00798828826393617,0,0,0,0,0,0,0,0.0175491185852372,0,0,0,0,0,0,2.08695432181343e-05,0.00044554989361667,9.42334452392097e-06,0.00497289908240549,0.000566111456687696,2.21909797200358e-05,0.0268414666691064,0.000417612863615972,0.0440888249070475
