0,0,7.41456529946454,0,0,0,0,0,4.82632289857842,0,0,0,0,0,11.8896410805838,0,35.4179297054515,38.3573626004733,22.5209034190458,0,32.4339914321899,0,0,0,4.19797171354294,0,0,0,0,0,0,0,0,0,0,83.2337646484375,44.9095700581869,0,0,57.8294982910156,31.5104084014893,62.9356689453125,17.5686968645482,0,0,48.9551162719727,18.6677944712243,61.5444068908691,6.48060953155044,0,0,0,0,0,7.6691662332286,0,10.4042330253415,0,9.89222825117626,0,8.99310924589019,0,0,30.9556980133057,0,0,0,0,0,0,0,8.07257012526194,0,0,0,0,0,0,63.2380867004395,34.7848124174638,0,0,18.4353952095622,19.0432608127594,7.21181952156779,0,3.46975374221802
0,0,0,4.02599995080815,0,0,0,0,32.1954231262207,12.668991907129,0,0,0,0,0,0,49.2923278808594,0,6.24814058939616,0,57.8104515075684,0,0,15.6782177554237,0,0,0,0,0,0,0,0,0,0,0,45.759708404541,0,17.5942109181331,0,28.4516700744629,0,12.1645026695814,0,0,0,16.5056759459632,0,34.0150095621745,0,5.68465184448357,0,0,0,0,0,8.0585173621945,0,5.71502488851547,0,5.73668685555458,0,6.91111967571057,0,0,0,0,19.1584300994873,0,0,0,0,0,0,0,0,0,0,0,40.1590109738437,0,0,0,5.37494051344166,0,9.14704839874515,8.74616703426137,0
7.41456529946454,0,0,0,9.45598138042909,0,0,0,4.50815094406925,0,0,0,0,0,0,0,38.9402770996094,0,35.0159776687622,0,33.5733301639557,0,0,0,0,0,0,0,0,0,0,0,0,0,0,64.0094604492188,27.9708758036296,0,34.8050079345703,46.2558975219727,22.0410558780034,51.5825462341309,26.3781174453714,0,0,0,23.258368222789,0,8.17174924530235,0,7.57332842467261,0,0,0,5.79654559060251,0,13.4224738794215,0,8.07471372864463,0,7.34255743405176,0,0,30.6769123495671,0,0,0,0,0,0,0,0,0,0,0,0,0,0,0,40.5835567915052,0,37.4882453155518,8.94044563688081,0,13.9859997887169,0,34.1058185668219
0,4.02599995080815,0,0,0,7.89546441075352,0,0,0,5.96783221356913,0,3.80563250184059,0,0,0,0,67.2090682983398,0,48.6615873683583,0,0,0,0,22.4747486114502,0,0,0,0,0,0,0,0,0,0,0,11.8926315992728,0,0,0,31.5276421319871,0,29.2906200425667,34.1816293543035,36.1709699630737,0,11.1517121371101,70.5012283325195,54.2142658233643,32.8574629696933,9.09846842024061,0,5.83516974692442,0,0,0,5.88852529417385,0,3.66672972838084,0,3.20694341074746,0,6.96632962756687,8.20440645217895,0,0,0,0,0,0,0,0,0,0,0,0,0,0,0,11.5952686480212,0,0,0,7.99607811730271,4.24127339571714,11.4800597757488,19.7090894793287,0
0,0,9.45598138042909,0,0,0,3.07996933800834,0,9.95800002213496,0,0,0,0,0,9.37160791953405,0,0,0,0,0,0,0,0,0,0,0,0,0,0,0,0,0,0,0,0,0,5.19614039449131,0,0,0,0,0,0,0,0,0,0,0,13.2702097892761,0,4.17103586304054,0,3.37958693504333,0,16.6101200315687,0,11.2168227473895,0,7.63049602291801,0,6.10761267424337,0,0,0,0,0,0,34.8784255981445,0,0,0,0,0,0,0,0,0,0,0,0,0,0,4.07713452693635,0,16.2171258131663,0,0
0,0,0,7.89546441075352,0,0,0,0,0,4.16306631512112,0,2.94517374038696,0,0,0,3.70009479352406,0,0,0,5.88942050933838,0,0,0,0,0,0,0,0,0,0,0,0,0,0,0,15.1142492245153,0,0,0,0,0,31.6898040771484,0,0,0,0,0,0,0,0,0,3.74171202926226,0,0,0,3.88395741711492,0,0,0,0,0,5.44709188597543,8.87988301685878,0,0,0,0,0,0,0,0,0,0,0,0,0,0,0,13.6372958296224,0,0,0,7.46602673577213,3.63611004983678,7.32185282076106,0,0
0,0,0,0,3.07996933800834,0,0,0,0,0,0,0,0,0,0,0,0,0,0,0,0,0,0,0,0,0,0,0,0,0,0,0,0,0,0,0,5.13322478930155,0,0,0,0,0,0,0,0,0,0,0,0,0,3.47496038013034,0,3.21086366214449,0,0,0,0,0,3.99371626973152,0,0,0,0,0,0,0,0,0,0,0,0,0,0,0,0,0,0,0,0,7.00261678298314,0,0,3.32051404123019,6.47140801869906,0,0,0
0,0,0,0,0,0,0,0,0,0,0,0,0,0,0,0,0,0,0,0,0,0,0,0,0,0,0,0,0,0,0,0,0,0,0,0,0,0,0,0,0,0,0,0,0,0,0,0,0,0,0,0,0,3.15128703117371,0,0,0,3.21198047910418,0,3.79644370079041,0,0,0,0,0,0,0,0,0,0,0,0,0,0,0,0,0,0,0,0,0,0,2.90973813910233,0,0,0,0
4.82632289857842,32.1954231262207,4.50815094406925,0,9.95800002213496,0,0,0,0,0,0,0,0,0,6.83236922550201,0,25.6537999116457,41.2632060368856,19.485883755213,0,53.5531679789225,0,0,0,7.61288711527983,0,6.98413748924549,0,0,0,0,0,0,0,0,103.891883850098,35.7519836425781,0,3.54008607353483,59.927337374006,0,107.747680664062,16.7203098810636,59.9168090820312,0,47.3766146573153,33.7139344215393,63.5437698364258,8.51269073279008,78.0480918884277,14.2499548004255,0,0,0,6.64615165004674,0,0,0,8.74808216094971,0,7.06370760394143,0,0,44.0015552043915,0,0,0,9.563580510708,0,5.47979070829309,0,0,0,0,0,0,0,0,63.5145790463402,50.3368353002212,0,20.4844970703125,9.87141591963703,14.5514892578125,12.9511365404835,0,10.5954333543777
0,12.668991907129,0,5.96783221356913,0,4.16306631512112,0,0,0,0,0,0,0,0,0,3.28751908155049,38.9836559295654,9.6341007065773,8.67386428515116,0,0,0,0,5.96247690010071,0,0,0,0,0,0,0,0,0,0,0,0,0,8.65354441834367,0,0,0,15.6903316684671,0,0,0,0,0,0,0,15.6372866540585,0,4.72876181809799,0,0,0,5.02069020100024,0,0,0,0,0,2.89859287068248,0,0,0,0,6.31706140268417,0,3.37322454452515,0,0,0,0,0,0,0,0,0,0,0,12.3401180891166,0,5.32042673218502,3.79826254447301,12.2118644159416,12.1869645569776,0
0,0,0,0,0,0,0,0,0,0,0,0,4.27492128980571,0,0,0,0,0,0,0,3.07871564895876,0,0,0,0,0,0,0,7.52863754544939,0,4.32038753431754,0,0,0,0,0,6.08044333457947,0,3.3642570498102,0,0,0,0,0,0,0,0,0,0,0,0,0,0,0,0,0,4.9563122093375,0,3.59512719511986,0,0,0,0,0,0,0,0,0,0,0,0,0,0,3.01609407629922,0,0,0,0,0,0,0,0,4.09495058223491,3.0268550713857,5.09831114610036,0,0
0,0,0,3.80563250184059,0,2.94517374038696,0,0,0,0,0,0,0,2.94649295012156,0,0,0,0,0,4.55650874546596,0,0,0,0,0,0,0,3.08463873646476,0,4.37475794371294,0,0,0,0,0,3.26476643024347,0,4.08081031084061,0,0,0,0,0,0,0,0,0,0,0,0,0,4.48419618606567,0,0,0,0,0,4.49989634614371,0,0,0,0,9.62021446228027,0,0,0,0,0,0,0,0,0,3.76404830754972,0,0,0,0,0,10.4859835306803,0,3.95148521661758,0,3.50416418245644,0,4.06407515207926,0,0
0,0,0,0,0,0,0,0,0,0,4.27492128980571,0,0,0,7.30225279641478,0,0,0,0,0,0,0,0,0,0,0,0,0,0,0,0,0,0,0,0,0,0,0,0,0,0,0,0,0,0,0,0,0,0,0,0,0,0,0,0,0,4.446528673172,0,7.39521998352146,0,3.36489908893903,0,0,0,0,0,0,0,0,0,0,0,0,0,0,0,0,0,0,0,0,0,3.71058855464111,4.44368217672621,0,0,0
0,0,0,0,0,0,0,0,0,0,0,2.94649295012156,0,0,0,3.88334877691536,0,6.70106203079224,0,0,0,0,0,0,0,0,0,3.70694402547983,0,0,0,0,0,0,0,0,0,0,0,0,0,0,0,0,0,0,0,0,0,0,0,0,0,4.22678995132446,0,0,0,0,0,3.28733278723324,0,3.80540376901627,0,0,0,0,0,0,0,0,0,0,0,0,0,0,0,0,0,0,0,0,3.7588990677844,3.65297223613589,0,0,0
11.8896410805838,0,0,0,9.37160791953405,0,0,0,6.83236922550201,0,0,0,7.30225279641478,0,0,0,26.9778900146484,0,0,0,0,0,0,0,4.42068767547607,0,4.3289519081945,0,0,0,0,0,0,0,0,0,0,0,0,0,0,0,36.151112874349,0,0,0,0,0,10.5260125857133,0,8.70292566094217,0,0,0,6.51980230212212,0,16.4271678924561,0,6.99237817655439,0,4.06483018137042,0,0,0,0,0,0,0,0,2.96265125274658,0,20.4001750946045,0,0,0,0,0,0,0,0,0,0,5.74123740600327,0,18.7024548053741,0,0
0,0,0,0,0,3.70009479352406,0,0,0,3.28751908155049,0,0,0,3.88334877691536,0,0,0,11.1220345105698,16.7610359191895,0,0,0,0,0,0,4.65257996746472,0,0,0,0,0,0,0,0,0,0,0,0,0,0,0,0,0,0,0,0,0,0,0,0,0,4.28896831211291,0,0,0,0,0,0,0,4.29053148627281,0,5.17069378659769,0,0,0,0,0,0,4.56678575277328,0,0,0,0,0,0,0,0,0,0,0,0,0,3.49490342489103,0,0,0,0
35.4179297054515,49.2923278808594,38.9402770996094,67.2090682983398,0,0,0,0,25.6537999116457,38.9836559295654,0,0,0,0,26.9778900146484,0,0,23.5175175370993,23.919956363947,0,64.9079383214315,0,2.90967418466296,0,18.6387487649918,31.3204066753387,11.6291823685169,0,0,0,0,0,0,0,0,91.2549760001046,76.677121480306,0,64.7446441650391,66.246323236605,66.0337655203683,60.3383747447621,42.9669151959354,60.0655994415283,0,59.1922396609658,52.8192330129904,69.400764465332,36.4399929046631,82.007837677002,0,0,0,0,0,0,0,0,0,0,0,0,0,58.4859555108207,0,2.95405054092407,0,0,0,0,53.5723705291748,0,0,0,0,0,0,0,77.0018854385767,66.0128356818866,0,69.0544989013672,15.4644753099548,10.1344794891183,49.3735109845797,52.3077793121338,38.1903682549795
38.3573626004733,0,0,0,0,0,0,0,41.2632060368856,9.6341007065773,0,0,0,6.70106203079224,0,11.1220345105698,23.5175175370993,0,19.8248570248855,0,82.5586715698242,3.13091677427292,0,4.2716683474454,33.2742729187012,8.04291403776483,21.5455932617188,3.35636865657612,0,0,0,0,0,0,0,82.1494073867798,80.4257714407785,0,0,65.6709317294034,62.582836151123,58.9991755485535,67.5792306753305,54.418041229248,0,62.1086904352361,63.1819987250763,63.7968635559082,0,82.4996111943172,0,0,0,0,0,0,0,0,0,7.77975170101438,0,3.58516883850098,0,66.2120071279592,0,0,0,0,10.1831704711914,0,7.76016675413044,0,0,0,0,0,0,0,77.3463348589445,76.2773992061615,0,82.6166610717773,13.4873611064334,10.2003232122778,48.0110211019163,44.8425340652466,64.8537368774414
22.5209034190458,6.24814058939616,35.0159776687622,48.6615873683583,0,0,0,0,19.485883755213,8.67386428515116,0,0,0,0,0,16.7610359191895,23.919956363947,19.8248570248855,0,0,59.7856216006809,0,0,0,0,40.0604030609131,0,0,0,0,0,0,0,64.8018341064453,0,67.3229384286063,57.9817562809697,0,64.1301073346819,43.4290396648905,57.1890095074972,29.8695706758164,34.1055262575867,14.7477098331193,16.8773947412317,31.070130978894,43.4648428290874,54.8138312171487,25.0387797355652,55.6458593137337,0,0,0,0,0,0,50.3686103820801,0,0,0,0,0,37.1636486053467,49.8796376802096,0,0,0,0,0,0,23.1176293690999,0,23.149876276652,0,0,0,72.4339942932129,0,56.1829809063021,56.9726385627173,60.9142112731934,60.1674303713098,14.1270938865289,13.5759306983883,29.9031175813111,20.1599792531445,35.4229743859125
0,0,0,0,0,5.88942050933838,0,0,0,0,0,4.55650874546596,0,0,0,0,0,0,0,0,0,0,0,0,0,0,0,0,0,0,0,0,0,0,0,4.97195876069463,0,20.0744581222534,0,0,0,0,0,0,0,9.35314832414899,0,0,0,0,0,0,0,0,0,0,0,10.775886853536,0,0,0,0,5.1388199709269,0,0,0,0,0,0,0,0,0,0,0,0,0,0,0,8.80653466572837,0,13.6317150883558,0,4.637657514579,0,4.94749876856804,0,0
32.4339914321899,57.8104515075684,33.5733301639557,0,0,0,0,0,53.5531679789225,0,3.07871564895876,0,0,0,0,0,64.9079383214315,82.5586715698242,59.7856216006809,0,0,0,0,0,0,0,0,0,0,0,0,0,0,0,0,0,7.03245879248549,0,11.1310017993817,85.7387199401855,39.7685928344727,73.1273193359375,32.8713756114879,0,0,0,15.1388529216199,0,16.7853202819824,0,8.86226135492325,0,5.07602643966675,0,0,0,16.7631201106488,0,14.6263860315084,0,0,0,0,11.0647018719354,0,0,0,0,0,0,0,19.3541765213013,0,36.6843274434408,0,0,0,0,0,13.1712085766999,0,14.1525064874726,8.33638410157171,5.76810834648904,25.4261893900253,0,34.6276245117188
0,0,0,0,0,0,0,0,0,0,0,0,0,0,0,0,0,3.13091677427292,0,0,0,0,3.68463913031987,3.79563198441809,0,3.08935949609086,0,3.29201006463596,0,0,0,0,0,0,0,0,0,5.21275037162834,3.31417989730835,0,0,0,0,0,0,0,0,22.6712241172791,0,4.1921388650515,0,0,0,0,0,0,0,0,0,0,0,0,0,0,5.0983165427081,4.36082642166703,4.89442568943459,0,6.61645582318306,0,6.02003100724287,0,0,0,0,0,9.29837703704834,0,0,0,5.01088025277121,0,5.06916142446515,6.69329363959176,0,0,0
0,0,0,0,0,0,0,0,0,0,0,0,0,0,0,0,2.90967418466296,0,0,0,0,3.68463913031987,0,0,8.8644214432414,0,8.42532574335734,0,10.588125536075,0,0,0,0,0,0,0,0,0,12.8807322382199,0,0,0,0,0,0,0,0,22.7249441146851,9.37155990044873,0,0,0,0,0,0,0,0,0,0,0,0,0,0,0,4.25571185350418,6.17923674623682,0,12.4576915279031,0,5.06313157193015,0,12.0466328565625,0,0,0,0,0,0,0,0,0,12.5569243163806,5.19738005767477,3.51337102581473,25.8792934417725,0,0
0,15.6782177554237,0,22.4747486114502,0,0,0,0,0,5.96247690010071,0,0,0,0,0,0,0,4.2716683474454,0,0,0,3.79563198441809,0,0,0,4.3074720459325,0,0,0,0,0,0,0,0,0,0,0,5.32014581728122,0,0,0,6.67006874084473,0,0,0,0,0,24.9104785919189,0,15.7634534835815,0,0,0,0,0,9.04978007227182,0,0,0,0,0,0,0,0,7.07846883202897,0,4.71512197709633,0,3.25049400620344,0,0,0,0,0,0,0,0,0,0,0,5.14560874303182,0,6.05697312055682,22.0163431167603,6.85667358612528,10.305513381958,0
4.19797171354294,0,0,0,0,0,0,0,7.61288711527983,0,0,0,0,0,4.42068767547607,0,18.6387487649918,33.2742729187012,0,0,0,0,8.8644214432414,0,0,0,4.20583234892951,0,0,0,0,0,0,0,0,0,0,0,5.45660523098448,0,0,0,4.62792110443115,0,0,0,0,0,7.06367839299716,0,0,0,0,0,6.65154903097804,0,0,0,0,0,14.5192790031433,0,0,0,0,8.33102156279923,0,5.15668374653724,0,4.61373601210745,0,0,0,0,0,0,0,0,0,0,0,4.8285551761326,8.91278764605522,0,6.34030599743128,0,0
0,0,0,0,0,0,0,0,0,0,0,0,0,0,0,4.65257996746472,31.3204066753387,8.04291403776483,40.0604030609131,0,0,3.08935949609086,0,4.3074720459325,0,0,0,3.1607768535614,0,0,0,0,0,0,0,0,0,0,0,0,0,0,0,0,0,0,0,0,0,0,0,0,0,0,0,0,0,0,0,0,0,3.47988891114994,0,0,11.4245510101318,0,19.8176021575928,0,3.48213541136641,0,3.54972982406616,0,0,0,0,0,0,0,0,0,0,0,5.9735416228121,0,0,0,0
0,0,0,0,0,0,0,0,6.98413748924549,0,0,0,0,0,4.3289519081945,0,11.6291823685169,21.5455932617188,0,0,0,0,8.42532574335734,0,4.20583234892951,0,0,0,2.7338707447052,0,0,0,0,0,0,0,0,0,0,0,0,0,0,0,0,0,0,0,10.3384521007538,0,0,0,0,0,0,0,0,0,5.65373367486998,0,4.65135279568759,0,0,0,0,7.41703900423917,0,7.65383116404216,0,5.7386712053287,0,0,0,0,0,0,0,0,0,0,0,0,11.0648097124967,11.1577920913696,0,0,0
0,0,0,0,0,0,0,0,0,0,0,3.08463873646476,0,3.70694402547983,0,0,0,3.35636865657612,0,0,0,3.29201006463596,0,0,0,3.1607768535614,0,0,0,3.08724224253705,0,0,0,0,0,0,0,2.80756812095642,0,0,0,0,0,0,0,0,0,0,0,0,0,0,0,0,0,0,0,0,0,4.50332691540589,0,4.52252840995789,0,0,0,0,0,0,2.85326462984085,0,3.14286049207052,0,3.0011780995589,0,0,0,0,0,0,0,0,0,0,2.98020198268275,0,0,0
0,0,0,0,0,0,0,0,0,0,7.52863754544939,0,0,0,0,0,0,0,0,0,0,0,10.588125536075,0,0,0,2.7338707447052,0,0,0,4.57890204918514,0,0,0,0,0,0,0,3.72518336772919,0,0,0,0,0,0,0,0,0,8.54493642140584,0,0,0,0,0,0,0,3.83195405094712,0,4.65476791946976,0,0,0,0,0,0,5.72310482522716,0,0,0,3.39261794090271,0,3.16223460166974,0,3.35944986343384,0,0,0,0,0,0,0,0,3.02600927352905,2.91986779908876,0,0,0
0,0,0,0,0,0,0,0,0,0,0,4.37475794371294,0,0,0,0,0,0,0,0,0,0,0,0,0,0,0,3.08724224253705,0,0,0,0,0,0,0,0,0,4.42615323181612,0,0,0,0,0,0,0,0,0,0,0,0,0,0,0,0,0,0,0,4.50123021582595,0,0,0,0,0,0,0,0,0,0,0,0,2.9552857875824,0,3.60765950590794,0,0,0,0,0,0,0,3.03592648004231,0,3.08397372066975,0,0,0,0
0,0,0,0,0,0,0,0,0,0,4.32038753431754,0,0,0,0,0,0,0,0,0,0,0,0,0,0,0,0,0,4.57890204918514,0,0,0,0,0,0,0,0,0,3.36441518414405,0,0,0,0,0,0,0,0,0,0,0,0,0,0,0,0,0,8.10802973508835,0,0,0,0,0,0,0,0,0,0,0,0,0,0,3.65373084280226,0,4.86747527031219,0,0,0,0,0,0,0,2.95815753936768,3.18674125360406,2.88157733281453,0,0,0
0,0,0,0,0,0,0,0,0,0,0,0,0,0,0,0,0,0,0,0,0,0,0,0,0,0,0,0,0,0,0,0,6.3966921614362,17.4728950873598,0,15.3226210989154,39.0742645263672,0,0,14.1256874799728,0,0,0,0,0,0,0,11.9698840221647,18.7835788726807,9.23155171220953,0,0,0,0,0,0,0,0,0,0,0,0,0,0,0,0,0,0,0,0,0,0,0,0,5.33117715734742,14.0778124809265,8.31240963608354,0,9.02161842843761,0,0,0,5.20109878510152,0,20.4487075805664,0,0
0,0,0,0,0,0,0,0,0,0,0,0,0,0,0,0,0,0,0,0,0,0,0,0,0,0,0,0,0,0,0,6.3966921614362,0,6.67956970419203,15.0429100990295,7.21123713254929,3.27790149688721,0,0,0,0,0,0,0,0,0,0,7.8402988857562,9.37554131235395,0,0,0,0,0,0,0,0,0,0,0,0,0,0,0,0,0,0,0,0,0,0,0,0,0,8.53812012672424,5.56883031171812,3.48980000283983,7.38695773056575,0,9.5842026361605,0,26.4132862091064,3.48125542203585,0,0,0,0
0,0,0,0,0,0,0,0,0,0,0,0,0,0,0,0,0,0,64.8018341064453,0,0,0,0,0,0,0,0,0,0,0,0,17.4728950873598,6.67956970419203,0,3.30289054783908,8.42328475003231,41.6395454406738,3.58089959621429,0,0,0,92.5695991516113,12.1150612831116,33.5710372924805,0,0,0,5.37491963314083,12.64643039306,7.45688465663365,0,0,0,0,0,0,0,0,0,0,0,0,0,0,0,0,0,0,0,0,0,0,0,0,13.9749610083444,17.5914485931396,5.49578713200802,3.75825509272124,5.30662792444229,29.7108669281006,5.54495467768087,0,5.50701167848375,2.95429635047913,0,31.6005077362061,0
0,0,0,0,0,0,0,0,0,0,0,0,0,0,0,0,0,0,0,0,0,0,0,0,0,0,0,0,0,0,0,0,15.0429100990295,3.30289054783908,0,0,3.10379645403694,0,3.2308526073677,0,0,0,0,0,0,0,0,6.87498178580465,9.36907770089398,0,0,0,0,0,0,0,0,0,0,0,0,0,0,0,0,0,0,0,0,0,0,0,0,0,0,0,5.2355335408991,4.0270036039874,0,4.84488605744768,0,5.05813144143505,3.36698897679647,2.98255743980408,0,0,0
83.2337646484375,45.759708404541,64.0094604492188,11.8926315992728,0,15.1142492245153,0,0,103.891883850098,0,0,3.26476643024347,0,0,0,0,91.2549760001046,82.1494073867798,67.3229384286063,4.97195876069463,0,0,0,0,0,0,0,0,0,0,0,15.3226210989154,7.21123713254929,8.42328475003231,0,0,5.01769179269379,5.02850024307418,0,29.5508477577311,12.0242896185981,42.745764207695,65.8686157862345,44.1460493731972,0,32.4820812447056,78.8981590270996,10.2494830282608,22.7814116226999,21.2241223357618,0,16.8935461513332,0,0,0,0,0,0,0,0,0,0,7.08844433315425,146.816741943359,0,0,0,0,0,0,0,0,0,0,10.3921982434692,8.34647878011068,7.17814509172008,0,6.06858839635471,6.19108896156447,7.69460425621907,0,6.69323775349512,8.18734384812031,32.3256453134305,43.7065184681686,0
44.9095700581869,0,27.9708758036296,0,5.19614039449131,0,5.13322478930155,0,35.7519836425781,0,6.08044333457947,0,0,0,0,0,76.677121480306,80.4257714407785,57.9817562809697,0,7.03245879248549,0,0,0,0,0,0,0,0,0,0,39.0742645263672,3.27790149688721,41.6395454406738,3.10379645403694,5.01769179269379,0,0,6.44570015432236,58.8725128173828,7.91087503200624,0,32.9698575973511,0,47.3128662109375,0,16.4634407372866,6.76046463421413,11.4992177285881,8.88785934448242,0,0,0,0,0,0,27.9166784675995,0,37.9945487976074,0,0,0,0,14.6022956105365,0,0,0,0,0,0,0,0,0,49.5792840321859,0,3.58360269189883,0,3.80282209174974,7.05870262006434,6.61743944007541,0,10.1743219286928,4.60467732778058,5.48948828684978,18.1775706690411,0,47.4641666412354
0,17.5942109181331,0,0,0,0,0,0,0,8.65354441834367,0,4.08081031084061,0,0,0,0,0,0,0,20.0744581222534,0,5.21275037162834,0,5.32014581728122,0,0,0,2.80756812095642,0,4.42615323181612,0,0,0,3.58089959621429,0,5.02850024307418,0,0,2.90799989870616,0,0,3.12861359282716,0,0,0,21.0462182327941,0,5.65748535500297,0,5.98410026184236,0,0,0,0,0,8.40779581258362,0,4.80814981460571,0,0,0,0,22.4569332313538,0,7.17726082214411,0,6.32733701312891,0,0,0,6.02070315678914,0,2.90622718517597,0,0,0,6.53737783432007,0,8.6917610131257,0,5.5278915016591,0,6.57951222606626,11.8118489858672,7.05957783261935,10.7255029678345,0
0,0,34.8050079345703,0,0,0,0,0,3.54008607353483,0,3.3642570498102,0,0,0,0,0,64.7446441650391,0,64.1301073346819,0,11.1310017993817,3.31417989730835,12.8807322382199,0,5.45660523098448,0,0,0,3.72518336772919,0,3.36441518414405,0,0,0,3.2308526073677,0,6.44570015432236,2.90799989870616,0,0,0,61.2094650268555,47.4751080671946,0,35.833366394043,0,36.1822632914004,7.24984592478722,12.8086970539368,0,0,0,0,0,6.49061846191233,0,7.65397814572868,0,0,0,0,0,0,17.2883452821536,0,12.1498239311106,0,5.39234155903822,0,0,0,3.32563811403266,0,4.69552202357186,0,0,0,3.4717088782269,0,10.5101227131795,0,5.29140712399524,6.09337848874758,3.55552508036296,11.4660022573812,0,72.0304718017578
57.8294982910156,28.4516700744629,46.2558975219727,31.5276421319871,0,0,0,0,59.927337374006,0,0,0,0,0,0,0,66.246323236605,65.6709317294034,43.4290396648905,0,85.7387199401855,0,0,0,0,0,0,0,0,0,0,14.1256874799728,0,0,0,29.5508477577311,58.8725128173828,0,0,0,0,23.828295545403,25.2788533875436,26.4416957863239,71.6641540527344,16.0282470501838,75.486199495269,12.8992925532393,59.710786819458,12.9488941824175,0,0,0,0,0,0,0,0,0,0,0,0,16.1336354713663,76.7260340522317,0,0,0,0,0,0,0,0,0,0,13.2923250198364,0,0,0,12.9753031910362,86.426830291748,16.5064420018877,81.6167449951172,32.4729692889417,63.5661315917969,18.5250280511892,24.2642383883076,71.8488553365072
31.5104084014893,0,22.0410558780034,0,0,0,0,0,0,0,0,0,0,0,0,0,66.0337655203683,62.582836151123,57.1890095074972,0,39.7685928344727,0,0,0,0,0,0,0,0,0,0,0,0,0,0,12.0242896185981,7.91087503200624,0,0,0,0,0,18.6141861253749,0,31.4958915710449,0,19.2118542808847,13.3479636112849,6.38887635374653,0,0,0,0,0,0,0,39.2602272033691,0,0,0,0,0,0,14.5690824465318,0,0,0,0,0,0,0,0,0,0,0,7.13784837722778,0,0,12.7949934575095,8.14976688993432,0,4.38048786628903,22.114894134027,42.5348815917969,18.2867817277831,0,28.2898515354503
62.9356689453125,12.1645026695814,51.5825462341309,29.2906200425667,0,31.6898040771484,0,0,107.747680664062,15.6903316684671,0,0,0,0,0,0,60.3383747447621,58.9991755485535,29.8695706758164,0,73.1273193359375,0,0,6.67006874084473,0,0,0,0,0,0,0,0,0,92.5695991516113,0,42.745764207695,0,3.12861359282716,61.2094650268555,23.828295545403,0,0,18.2670797375115,21.2997277312809,24.5895481109619,34.3982227036123,59.8065362930298,30.1934439179587,33.7017561594645,20.3853064027926,0,32.7441307703654,0,0,0,22.810116083194,0,0,0,0,0,31.9201847076416,17.8565101623535,67.022383639687,0,0,0,0,0,0,0,0,5.04084650235378,0,31.8745155334473,0,0,0,34.6464242343302,77.7161293029785,24.5300161573622,60.4451141357422,19.649532970749,36.8330407509437,17.5291752323169,10.692332930378,50.3539241154989
17.5686968645482,0,26.3781174453714,34.1816293543035,0,0,0,0,16.7203098810636,0,0,0,0,0,36.151112874349,0,42.9669151959354,67.5792306753305,34.1055262575867,0,32.8713756114879,0,0,0,4.62792110443115,0,0,0,0,0,0,0,0,12.1150612831116,0,65.8686157862345,32.9698575973511,0,47.4751080671946,25.2788533875436,18.6141861253749,18.2670797375115,0,41.3353729248047,15.9679809373523,38.3552731105259,21.7957690373083,9.64999838562699,8.23471311433464,43.8313916978382,0,0,0,0,0,0,16.9661794730595,0,24.8124104454404,0,29.628838300705,0,0,27.6005877623716,0,0,0,0,0,0,0,0,0,58.1349678039551,0,0,0,0,35.197895329173,27.8545440504608,0,54.8077423161474,17.9637712684381,23.2296137364705,14.1985923679557,35.6054479054042,7.38251356428235
0,0,0,36.1709699630737,0,0,0,0,59.9168090820312,0,0,0,0,0,0,0,60.0655994415283,54.418041229248,14.7477098331193,0,0,0,0,0,0,0,0,0,0,0,0,0,0,33.5710372924805,0,44.1460493731972,0,0,0,26.4416957863239,0,21.2997277312809,41.3353729248047,0,0,17.2276111478391,50.1024890899658,37.8503581776338,52.2580451965332,31.2505417894197,0,0,0,0,0,0,0,0,0,0,0,0,0,60.0769805908203,0,0,0,0,0,0,0,0,21.9495067596436,0,0,0,0,0,39.8191537170789,43.6923675537109,26.1343256632487,0,26.1297338393427,45.2578315734863,21.1983851769441,14.7104277951377,0
0,0,0,0,0,0,0,0,0,0,0,0,0,0,0,0,0,0,16.8773947412317,0,0,0,0,0,0,0,0,0,0,0,0,0,0,0,0,0,47.3128662109375,0,35.833366394043,71.6641540527344,31.4958915710449,24.5895481109619,15.9679809373523,0,0,0,22.4647840499878,0,0,0,0,0,0,0,0,0,0,0,0,0,0,0,0,28.9441515604655,0,0,0,0,0,0,0,0,0,0,0,0,0,0,0,38.4099416255951,0,45.362003326416,12.0833414543507,9.58078336715698,14.0004323353002,0,18.3391857487815
48.9551162719727,16.5056759459632,0,11.1517121371101,0,0,0,0,47.3766146573153,0,0,0,0,0,0,0,59.1922396609658,62.1086904352361,31.070130978894,9.35314832414899,0,0,0,0,0,0,0,0,0,0,0,0,0,0,0,32.4820812447056,0,21.0462182327941,0,16.0282470501838,0,34.3982227036123,38.3552731105259,17.2276111478391,0,0,63.6786193847656,19.6850284429697,44.0427107810974,36.3818683624268,0,0,0,0,0,0,0,0,0,0,0,0,7.64554674325589,68.4685465494792,0,0,0,0,0,0,0,0,18.2754197915395,0,22.6420669555664,0,0,0,24.2886309564824,82.7162199753981,18.7892460157001,0,20.7906523140664,64.7288780212402,13.0700674861063,27.4758358001709,78.7499923706055
18.6677944712243,0,23.258368222789,70.5012283325195,0,0,0,0,33.7139344215393,0,0,0,0,0,0,0,52.8192330129904,63.1819987250763,43.4648428290874,0,15.1388529216199,0,0,0,0,0,0,0,0,0,0,0,0,0,0,78.8981590270996,16.4634407372866,0,36.1822632914004,75.486199495269,19.2118542808847,59.8065362930298,21.7957690373083,50.1024890899658,22.4647840499878,63.6786193847656,0,80.2306442260742,28.696772498871,79.7342963218689,0,0,0,0,0,0,40.2784872752864,0,0,0,0,0,77.314079284668,14.7631768915981,0,0,0,0,0,0,0,0,0,0,0,0,0,0,82.9893966087928,22.120772975355,81.3471298217773,33.5302756045481,28.0736759090307,38.2662454802414,19.477720631486,46.638219833374,30.9522734984611
61.5444068908691,34.0150095621745,0,54.2142658233643,0,0,0,0,63.5437698364258,0,0,0,0,0,0,0,69.400764465332,63.7968635559082,54.8138312171487,0,0,22.6712241172791,22.7249441146851,24.9104785919189,0,0,0,0,0,0,0,11.9698840221647,7.8402988857562,5.37491963314083,6.87498178580465,10.2494830282608,6.76046463421413,5.65748535500297,7.24984592478722,12.8992925532393,13.3479636112849,30.1934439179587,9.64999838562699,37.8503581776338,0,19.6850284429697,80.2306442260742,0,9.36169336334021,10.6670447090427,0,0,0,0,0,0,0,0,0,0,0,0,0,0,0,27.2898302078247,19.8631649017334,0,0,0,0,0,0,0,9.44684530711836,13.1261510431492,7.08370105425517,10.4556393752927,9.52988098048158,15.1294137776514,8.65338167834807,9.26034824154045,7.82347851614157,6.026950067944,18.3336407159614,43.7643774350484,0
6.48060953155044,0,8.17174924530235,32.8574629696933,13.2702097892761,0,0,0,8.51269073279008,0,0,0,0,0,10.5260125857133,0,36.4399929046631,0,25.0387797355652,0,16.7853202819824,0,9.37155990044873,0,7.06367839299716,0,10.3384521007538,0,8.54493642140584,0,0,18.7835788726807,9.37554131235395,12.64643039306,9.36907770089398,22.7814116226999,11.4992177285881,0,12.8086970539368,59.710786819458,6.38887635374653,33.7017561594645,8.23471311433464,52.2580451965332,0,44.0427107810974,28.696772498871,9.36169336334021,0,24.6157826970924,13.4753942489624,0,0,0,11.2563809659746,0,15.6826139267753,0,6.95837856070396,0,7.34640831412199,0,0,34.8568412780762,0,6.45269138739063,0,6.07553100585938,0,7.56201167106628,0,11.3332654099773,0,53.143726348877,17.4330647047176,21.6279809098495,21.3159694671631,9.34213147443884,20.134897667065,12.0501196166536,30.406455039978,10.3715619207075,11.5346111210101,20.063271522522,10.9615558940416,45.9790471394857,9.66015911102295
0,5.68465184448357,0,9.09846842024061,0,0,0,0,78.0480918884277,15.6372866540585,0,0,0,0,0,0,82.007837677002,82.4996111943172,55.6458593137337,0,0,4.1921388650515,0,15.7634534835815,0,0,0,0,0,0,0,9.23155171220953,0,7.45688465663365,0,21.2241223357618,8.88785934448242,5.98410026184236,0,12.9488941824175,0,20.3853064027926,43.8313916978382,31.2505417894197,0,36.3818683624268,79.7342963218689,10.6670447090427,24.6157826970924,0,0,12.5567526817322,0,0,0,12.1517925262451,0,4.31448466044206,0,4.53334841511466,0,4.50705842618589,3.57330656051636,91.5729827880859,4.56322091554894,0,0,0,3.03505347325252,0,5.77682933657188,0,4.7750066189144,0,9.19083026840105,0,3.54245261351267,0,19.6835304075672,82.0599374771118,4.92182677250642,0,21.3968106851473,30.4936306897332,14.6689721437361,21.7455799067078,0
0,0,7.57332842467261,0,4.17103586304054,0,3.47496038013034,0,14.2499548004255,0,0,0,0,0,8.70292566094217,0,0,0,0,0,8.86226135492325,0,0,0,0,0,0,0,0,0,0,0,0,0,0,0,0,0,0,0,0,0,0,0,0,0,0,0,13.4753942489624,0,0,0,0,0,19.5108181986698,0,7.56690114512302,0,4.50882699682906,0,5.2130354088023,0,0,0,0,0,0,0,0,0,0,0,0,0,0,0,0,0,0,0,0,0,7.28273133070845,0,14.5516886029925,0,0
0,0,0,5.83516974692442,0,3.74171202926226,0,0,0,4.72876181809799,0,4.48419618606567,0,0,0,4.28896831211291,0,0,0,0,0,0,0,0,0,0,0,0,0,0,0,0,0,0,0,16.8935461513332,0,0,0,0,0,32.7441307703654,0,0,0,0,0,0,0,12.5567526817322,0,0,0,0,0,3.83520704608853,0,4.45752876145499,0,3.52856168292818,0,3.99957787921663,14.0977811813354,0,0,0,0,0,0,0,0,0,0,0,0,0,0,0,15.3652277965935,0,0,0,11.9194749093825,0,12.491217306682,0,0
0,0,0,0,3.37958693504333,0,3.21086366214449,0,0,0,0,0,0,0,0,0,0,0,0,0,5.07602643966675,0,0,0,0,0,0,0,0,0,0,0,0,0,0,0,0,0,0,0,0,0,0,0,0,0,0,0,0,0,0,0,0,0,0,0,2.95457541942596,0,4.36877975463867,0,0,0,0,0,0,0,0,0,0,0,0,0,0,0,0,0,0,0,0,0,0,0,3.63586222827435,0,0,0,0
0,0,0,0,0,0,0,3.15128703117371,0,0,0,0,0,4.22678995132446,0,0,0,0,0,0,0,0,0,0,0,0,0,0,0,0,0,0,0,0,0,0,0,0,0,0,0,0,0,0,0,0,0,0,0,0,0,0,0,0,0,0,0,3.06155464865945,0,3.3760347366333,0,0,0,0,0,0,0,0,0,0,0,0,0,0,0,0,0,0,0,0,0,0,3.10349011421204,0,0,0,0
7.6691662332286,0,5.79654559060251,0,16.6101200315687,0,0,0,6.64615165004674,0,0,0,0,0,6.51980230212212,0,0,0,0,0,0,0,0,0,6.65154903097804,0,0,0,0,0,0,0,0,0,0,0,0,0,6.49061846191233,0,0,0,0,0,0,0,0,0,11.2563809659746,0,19.5108181986698,0,0,0,0,0,0,0,5.79144692420959,0,5.39416324366362,0,0,0,0,0,0,6.73825991706343,0,11.4502594972912,0,0,0,0,0,0,0,0,0,0,0,7.73368993658104,19.41024462382,0,12.3294104576111,0,0
0,8.0585173621945,0,5.88852529417385,0,3.88395741711492,0,0,0,5.02069020100024,0,0,0,0,0,0,0,0,0,0,0,0,0,9.04978007227182,0,0,0,0,0,0,0,0,0,0,0,0,0,8.40779581258362,0,0,0,22.810116083194,0,0,0,0,0,0,0,12.1517925262451,0,3.83520704608853,0,0,0,0,0,0,0,0,0,6.69124204771859,0,0,0,0,6.35043078488284,0,0,0,0,0,0,0,0,0,0,0,0,0,10.1428516653606,0,13.9966995342105,0,14.7627036780119,20.9383095105489,0
10.4042330253415,0,13.4224738794215,0,11.2168227473895,0,0,0,0,0,4.9563122093375,0,4.446528673172,0,16.4271678924561,0,0,0,50.3686103820801,0,16.7631201106488,0,0,0,0,0,0,0,3.83195405094712,0,8.10802973508835,0,0,0,0,0,27.9166784675995,0,7.65397814572868,0,39.2602272033691,0,16.9661794730595,0,0,0,40.2784872752864,0,15.6826139267753,0,7.56690114512302,0,2.95457541942596,0,0,0,0,0,5.7086528255632,0,6.17971537262201,0,0,11.5704515070835,0,27.9105515480042,0,0,0,0,0,6.44457244149064,0,5.73935345869038,0,0,0,0,0,34.5848927832486,0,16.4713013664125,15.6977813048796,0,8.22627282263053,0,12.4849090142684
0,5.71502488851547,0,3.66672972838084,0,0,0,3.21198047910418,0,0,0,4.49989634614371,0,0,0,0,0,0,0,10.775886853536,0,0,0,0,0,0,0,0,0,4.50123021582595,0,0,0,0,0,0,0,4.80814981460571,0,0,0,0,0,0,0,0,0,0,0,4.31448466044206,0,4.45752876145499,0,3.06155464865945,0,0,0,0,0,4.94474114994993,0,6.30539083480835,6.12423008585733,0,0,0,0,0,0,0,2.91838420761956,0,4.08521292827747,0,0,0,0,0,0,0,0,0,3.16594409942627,0,4.36253023044372,0,0
9.89222825117626,0,8.07471372864463,0,7.63049602291801,0,3.99371626973152,0,8.74808216094971,0,3.59512719511986,0,7.39521998352146,0,6.99237817655439,0,0,0,0,0,14.6263860315084,0,0,0,0,0,5.65373367486998,0,4.65476791946976,0,0,0,0,0,0,0,37.9945487976074,0,0,0,0,0,24.8124104454404,0,0,0,0,0,6.95837856070396,0,4.50882699682906,0,4.36877975463867,0,5.79144692420959,0,5.7086528255632,0,0,0,5.97056965674123,0,0,12.2917758494884,0,0,0,0,0,0,0,7.41071094891855,0,0,0,0,0,0,0,44.2090320587158,0,0,3.96668527000829,0,9.99398511171341,0,15.2223024368286
0,5.73668685555458,0,3.20694341074746,0,0,0,3.79644370079041,0,0,0,0,0,3.28733278723324,0,4.29053148627281,0,7.77975170101438,0,0,0,0,0,0,0,0,0,4.50332691540589,0,0,0,0,0,0,0,0,0,0,0,0,0,0,0,0,0,0,0,0,0,4.53334841511466,0,3.52856168292818,0,3.3760347366333,0,0,0,4.94474114994993,0,0,0,5.04628385274838,0,0,0,0,0,0,0,0,3.58474436759949,0,0,0,0,0,0,0,14.6996374130249,0,0,0,3.15769001841545,4.23435553132671,6.08685159683228,0,0
8.99310924589019,0,7.34255743405176,0,6.10761267424337,0,0,0,7.06370760394143,0,0,0,3.36489908893903,0,4.06483018137042,0,0,0,0,0,0,0,0,0,14.5192790031433,0,4.65135279568759,0,0,0,0,0,0,0,0,0,0,0,0,0,0,0,29.628838300705,0,0,0,0,0,7.34640831412199,0,5.2130354088023,0,0,0,5.39416324366362,0,6.17971537262201,0,5.97056965674123,0,0,0,0,0,0,0,0,0,0,3.23601973123391,0,7.46850291181494,0,0,0,0,0,0,0,0,0,0,7.43084915571435,0,10.2640776506492,0,22.9047260284424
0,6.91111967571057,0,6.96632962756687,0,5.44709188597543,0,0,0,2.89859287068248,0,0,0,3.80540376901627,0,5.17069378659769,0,3.58516883850098,0,0,0,0,0,0,0,3.47988891114994,0,4.52252840995789,0,0,0,0,0,0,0,0,0,0,0,0,0,31.9201847076416,0,0,0,0,0,0,0,4.50705842618589,0,3.99957787921663,0,0,0,6.69124204771859,0,6.30539083480835,0,5.04628385274838,0,0,0,0,0,0,0,0,3.26047208070755,0,0,0,0,0,0,0,0,0,0,0,0,0,4.76421028971672,0,21.6325390555642,0,0
0,0,0,8.20440645217895,0,8.87988301685878,0,0,0,0,0,9.62021446228027,0,0,0,0,0,0,37.1636486053467,5.1388199709269,0,0,0,0,0,0,0,0,0,0,0,0,0,0,0,7.08844433315425,0,22.4569332313538,0,16.1336354713663,0,17.8565101623535,0,0,0,7.64554674325589,77.314079284668,0,0,3.57330656051636,0,14.0977811813354,0,0,0,0,0,6.12423008585733,0,0,0,0,0,0,0,0,0,0,0,0,0,0,0,0,30.8856639862061,0,0,0,8.25225992762958,0,10.9462361979585,0,9.60389383295749,0,6.64471336301432,0,0
30.9556980133057,0,30.6769123495671,0,0,0,0,0,44.0015552043915,0,0,0,0,0,0,0,58.4859555108207,66.2120071279592,49.8796376802096,0,11.0647018719354,0,0,0,0,0,0,0,0,0,0,0,0,0,0,146.816741943359,14.6022956105365,0,17.2883452821536,76.7260340522317,14.5690824465318,67.022383639687,27.6005877623716,60.0769805908203,28.9441515604655,68.4685465494792,14.7631768915981,0,34.8568412780762,91.5729827880859,0,0,0,0,0,0,11.5704515070835,0,12.2917758494884,0,0,0,0,0,0,0,0,0,0,0,0,18.8560600280762,0,20.7883255932782,0,0,0,0,88.0857652936663,20.5345679497981,0,20.5052532232134,29.8604692932227,15.0913831178959,21.4710697523041,59.871654510498,31.7506495072291
0,0,0,0,0,0,0,0,0,0,0,0,0,0,0,0,0,0,0,0,0,5.0983165427081,4.25571185350418,7.07846883202897,0,11.4245510101318,0,0,0,0,0,0,0,0,0,0,0,7.17726082214411,0,0,0,0,0,0,0,0,0,0,0,4.56322091554894,0,0,0,0,0,0,0,0,0,0,0,0,0,0,0,4.7528021475848,5.54878912970785,0,6.26307960554905,0,7.31341577517359,0,0,0,0,0,0,0,0,0,8.60169876504827,0,4.99489512356049,0,0,0,0
0,0,0,0,0,0,0,0,0,0,0,0,0,0,0,0,2.95405054092407,0,0,0,0,4.36082642166703,6.17923674623682,0,8.33102156279923,0,7.41703900423917,0,5.72310482522716,0,0,0,0,0,0,0,0,0,12.1498239311106,0,0,0,0,0,0,0,0,27.2898302078247,6.45269138739063,0,0,0,0,0,0,0,27.9105515480042,0,0,0,0,0,0,0,4.7528021475848,0,0,7.92009181209973,0,4.30453725150722,0,7.32423722444718,0,14.5097961425781,0,0,0,0,0,0,0,15.2014572854136,5.8743774410504,9.63369701125405,23.586971282959,0,0
0,19.1584300994873,0,0,0,0,0,0,0,6.31706140268417,0,0,0,0,0,0,0,0,0,0,0,4.89442568943459,0,4.71512197709633,0,19.8176021575928,0,0,0,0,0,0,0,0,0,0,0,6.32733701312891,0,0,0,0,0,0,0,0,0,19.8631649017334,0,0,0,0,0,0,0,6.35043078488284,0,0,0,0,0,0,0,0,5.54878912970785,0,0,0,3.58588863821591,0,0,0,0,0,0,0,0,0,0,0,5.05987085081354,0,4.77231465987045,21.0586962018694,6.87787233699452,0,0
0,0,0,0,34.8784255981445,0,0,0,9.563580510708,0,0,0,0,0,0,0,0,0,0,0,0,0,12.4576915279031,0,5.15668374653724,0,7.65383116404216,0,0,0,0,0,0,0,0,0,0,0,5.39234155903822,0,0,0,0,0,0,0,0,0,6.07553100585938,0,0,0,0,0,6.73825991706343,0,0,0,0,0,0,0,0,0,0,7.92009181209973,0,0,0,7.78120511698436,0,0,0,0,0,0,0,0,0,0,0,5.71723364507361,8.10598146915436,0,7.37297024606149,0,0
0,0,0,0,0,0,0,0,0,3.37322454452515,0,0,0,0,0,4.56678575277328,0,10.1831704711914,0,0,0,6.61645582318306,0,3.25049400620344,0,3.48213541136641,0,2.85326462984085,0,0,0,0,0,0,0,0,0,0,0,0,0,0,0,0,0,0,0,0,0,3.03505347325252,0,0,0,0,0,0,0,0,0,0,0,3.26047208070755,0,0,6.26307960554905,0,3.58588863821591,0,0,0,4.26790073880638,0,0,0,0,0,0,0,0,0,0,0,4.72413999894086,0,0,0,0
0,0,0,0,0,0,0,0,5.47979070829309,0,0,0,0,0,2.96265125274658,0,0,0,0,0,0,0,5.06313157193015,0,4.61373601210745,0,5.7386712053287,0,3.39261794090271,0,0,0,0,0,0,0,0,0,0,0,0,0,0,0,0,0,0,0,7.56201167106628,0,0,0,0,0,11.4502594972912,0,0,0,0,0,3.23601973123391,0,0,0,0,4.30453725150722,0,7.78120511698436,0,0,0,3.07359240452449,0,0,0,0,0,0,0,0,0,0,11.6226539611816,0,2.72947597503662,0,0
0,0,0,0,0,0,0,0,0,0,0,0,0,0,0,0,53.5723705291748,7.76016675413044,23.1176293690999,0,0,6.02003100724287,0,0,0,3.54972982406616,0,3.14286049207052,0,2.9552857875824,0,0,0,0,0,0,0,6.02070315678914,0,0,0,0,0,0,0,0,0,0,0,5.77682933657188,0,0,0,0,0,0,0,2.91838420761956,0,3.58474436759949,0,0,0,0,7.31341577517359,0,0,0,4.26790073880638,0,0,0,3.5185365819931,0,0,0,0,0,0,0,4.90149982304753,0,6.38373762369156,2.95144176483154,0,0,0
8.07257012526194,0,0,0,0,0,0,0,0,0,0,0,0,0,20.4001750946045,0,0,0,0,0,19.3541765213013,0,12.0466328565625,0,0,0,0,0,3.16223460166974,0,3.65373084280226,0,0,0,0,0,0,0,3.32563811403266,0,0,0,0,0,0,0,0,0,11.3332654099773,0,0,0,0,0,0,0,6.44457244149064,0,7.41071094891855,0,7.46850291181494,0,0,18.8560600280762,0,7.32423722444718,0,0,0,3.07359240452449,0,0,0,5.40272105982606,0,0,0,0,0,48.2748794555664,0,6.02080763363447,0,0,0,0,0
0,0,0,0,0,0,0,0,0,0,0,3.76404830754972,0,0,0,0,0,0,23.149876276652,0,0,0,0,0,0,0,0,3.0011780995589,0,3.60765950590794,0,0,0,0,0,0,0,2.90622718517597,0,0,0,5.04084650235378,0,21.9495067596436,0,18.2754197915395,0,0,0,4.7750066189144,0,0,0,0,0,0,0,4.08521292827747,0,0,0,0,0,0,0,0,0,0,0,0,3.5185365819931,0,0,0,0,0,0,0,0,0,4.95199259349278,0,7.40503942966461,0,21.1928674763647,12.351714875963,0
0,0,0,0,0,0,0,0,0,0,3.01609407629922,0,0,0,0,0,0,0,0,0,36.6843274434408,0,0,0,0,0,0,0,3.35944986343384,0,4.86747527031219,0,0,0,0,0,49.5792840321859,0,4.69552202357186,0,0,0,58.1349678039551,0,0,0,0,0,53.143726348877,0,0,0,0,0,0,0,5.73935345869038,0,0,0,0,0,0,20.7883255932782,0,14.5097961425781,0,0,0,0,0,5.40272105982606,0,0,0,0,0,0,0,55.3485145568848,0,5.48166671164298,0,0,4.32694160527196,0,0
0,0,0,0,0,0,0,0,0,0,0,0,0,0,0,0,0,0,0,0,0,0,0,0,0,0,0,0,0,0,0,5.33117715734742,8.53812012672424,13.9749610083444,0,10.3921982434692,0,0,0,13.2923250198364,0,31.8745155334473,0,0,0,22.6420669555664,0,9.44684530711836,17.4330647047176,9.19083026840105,0,0,0,0,0,0,0,0,0,0,0,0,30.8856639862061,0,0,0,0,0,0,0,0,0,0,0,0,0,5.15644500815459,0,6.31681695275029,0,0,0,5.51966601326352,0,17.5198287963867,0,0
0,0,0,0,0,0,0,0,0,0,0,0,0,0,0,0,0,0,0,0,0,0,0,0,0,0,0,0,0,0,0,14.0778124809265,5.56883031171812,17.5914485931396,0,8.34647878011068,3.58360269189883,0,0,0,7.13784837722778,0,0,0,0,0,0,13.1261510431492,21.6279809098495,0,0,0,0,0,0,0,0,0,0,0,0,0,0,0,0,0,0,0,0,0,0,0,0,0,0,0,0,6.99270612942545,0,9.12805137960684,0,0,3.53085505616121,0,0,0,0
0,0,0,0,0,0,0,0,0,0,0,0,0,0,0,0,0,0,72.4339942932129,0,0,9.29837703704834,0,0,0,0,0,0,0,0,0,8.31240963608354,3.48980000283983,5.49578713200802,5.2355335408991,7.17814509172008,0,6.53737783432007,0,0,0,0,0,0,0,0,0,7.08370105425517,21.3159694671631,3.54245261351267,0,0,0,0,0,0,0,0,0,0,0,0,0,0,0,0,0,0,0,0,0,0,0,0,5.15644500815459,0,0,0,8.88068748809196,0,5.6018656310108,0,5.55825403352447,0,0,0,0
0,0,0,0,0,0,0,0,0,0,0,0,0,0,0,0,0,0,0,0,0,0,0,0,0,0,0,0,0,0,0,0,7.38695773056575,3.75825509272124,4.0270036039874,0,3.80282209174974,0,3.4717088782269,0,0,0,0,0,0,0,0,10.4556393752927,9.34213147443884,0,0,0,0,0,0,0,0,0,0,0,0,0,0,0,0,0,0,0,0,0,0,0,0,0,0,6.99270612942545,0,0,0,8.11165118511812,0,7.59897990118374,3.18526270389557,0,0,0,0
63.2380867004395,40.1590109738437,0,11.5952686480212,0,13.6372958296224,0,0,63.5145790463402,0,0,10.4859835306803,0,0,0,0,77.0018854385767,77.3463348589445,56.1829809063021,8.80653466572837,0,0,0,0,0,0,0,0,0,0,0,9.02161842843761,0,5.30662792444229,0,6.06858839635471,7.05870262006434,8.6917610131257,0,12.9753031910362,12.7949934575095,34.6464242343302,35.197895329173,39.8191537170789,0,24.2886309564824,82.9893966087928,9.52988098048158,20.134897667065,19.6835304075672,0,15.3652277965935,0,0,0,0,0,0,0,14.6996374130249,0,0,8.25225992762958,88.0857652936663,0,0,0,0,0,0,0,0,0,0,6.31681695275029,0,8.88068748809196,0,0,13.3130345815106,5.98385929581073,69.2451705932617,19.0173076309024,15.5753548060145,23.8574069192668,40.1081827352713,0
34.7848124174638,0,40.5835567915052,0,0,0,7.00261678298314,0,50.3368353002212,0,0,0,0,0,0,0,66.0128356818866,76.2773992061615,56.9726385627173,0,13.1712085766999,0,0,0,0,0,0,0,0,0,0,0,9.5842026361605,29.7108669281006,4.84488605744768,6.19108896156447,6.61743944007541,0,10.5101227131795,86.426830291748,8.14976688993432,77.7161293029785,27.8545440504608,43.6923675537109,38.4099416255951,82.7162199753981,22.120772975355,15.1294137776514,12.0501196166536,82.0599374771118,0,0,0,0,0,0,34.5848927832486,0,44.2090320587158,0,0,0,0,20.5345679497981,0,0,0,0,0,0,0,48.2748794555664,0,55.3485145568848,0,9.12805137960684,0,8.11165118511812,13.3130345815106,0,0,11.4973995235153,23.7185643722128,15.798198890686,29.1108552043183,90.2204208374023,31.5407783486122
0,0,0,0,0,0,0,0,0,12.3401180891166,0,3.95148521661758,0,0,0,0,0,0,60.9142112731934,13.6317150883558,0,5.01088025277121,0,5.14560874303182,0,0,0,0,0,3.03592648004231,0,0,0,5.54495467768087,0,7.69460425621907,0,5.5278915016591,0,16.5064420018877,0,24.5300161573622,0,26.1343256632487,0,18.7892460157001,81.3471298217773,8.65338167834807,30.406455039978,4.92182677250642,0,0,0,0,0,10.1428516653606,0,0,0,0,0,0,10.9462361979585,0,8.60169876504827,0,5.05987085081354,0,0,0,4.90149982304753,0,4.95199259349278,0,0,0,5.6018656310108,0,5.98385929581073,0,0,0,11.1766032177083,15.2157085629329,9.96374555341077,23.6226057325091,0
