0,0,38.3954946473241,0,0,0,0,0,467.458589047194,0,14.4246080219746,0,4.78812471032143,0,76.5616113394499,0,27.7497308403254,3.32305660843849,112.58440567553,0,0,0,0,0,141.123189046979,0,40.3056829571724,0,0,0,6.40995770692825,0,0,0,0,0,2.62261818349361,0,48.1082843542099,0,0,4.11811731755733,241.335715226829,0,91.4461146742105,2.49411822855473,358.285955555737,0,217.314826354384,0,0,0,0,0,52.5575439184904,0,69.1999700367451,0,15.3363825306296,0,183.583990693092,0,0,27.4471911713481,0,0,0,91.0629755705595,0,375.796941623092,0,683.84337811172,0,918.856385231018,0,0,0,0,0,67.2231081798673,0,532.8184318766,295.139782890677,3.79607863724232,832.217808648944,0,9.54686559736729
0,0,0,81.1906999349594,0,0,0,0,1.5552704334259,1241.58310687542,0,0,0,0,0,115.940513476729,1.36679147183895,2.2478905916214,33.6377317458391,0,0,0,0,477.787175223231,0,38.3840224295855,0,0.354535549879074,0,0,0,0,0,0,0,0,0,16.6150795966387,0,14.5404314696789,0,205.187796041369,8.52557547390461,31.7937621176243,0,53.3056231215596,0,0,0,483.127759024501,0,0,0,0,0,67.0736532360315,0,7.85442999005318,0,0,0,105.770953863859,0,0,0,0,592.610075503588,0,219.290331035852,0,173.701083391905,0,21.3268034383655,0,0,0,0,0,0,0,39.6768318638206,0.17610290646553,736.214511930943,0,311.203687876463,5.22860177606344,0
38.3954946473241,0,0,0,59.1531116962433,0,0,0,30.9186673611403,0,0.256998062133789,0,21.7137202471495,0,82.5633638203144,0,0,0,0.181607723236084,0,0,0,0,0,0,0,0,0,0,0,0,0,0,0,0,0,25.2656955122948,0,1.50503815710545,0,0,0,70.9281710535288,0,4.66541290283203,0,30.8573999851942,0,46.4982737526298,0,0,0,0,0,0,0,105.585380494595,0,374.622061625123,0,87.4809785038233,0,0,0.251959100365639,0,0,0,0,0,2.44892214238644,0,11.9015394002199,0,4.79150532186031,0,0,0,0,0,168.193927101791,0,7.71628013253212,15.6204452067614,2.39142107963562,41.53790974617,0,0.179602205753326
0,81.1906999349594,0,0,0,6.55122607946396,0,0,0,180.893024116755,0,0,0,0,0,124.35184943676,0,0,0,6.32254648208618,0,0,0,1.03996233642101,0,0,0,0,0,0,0,0,0,0,0,454.529965862632,0,0,0,0.543513461947441,0,39.7751116454601,0,0,0,31.7764869332314,0,0,0,65.4654621556401,0,0,0,0,0,0.20482425391674,0,61.2536650598049,0,13.7070161104202,0,375.198299542069,7.71836218237877,0,0,0,2.76236405968666,0,11.4427430406213,0,17.9492296352983,0,4.08359576761723,0,0,0,0,0,234.639801770449,0,6.37306337058544,0,541.969305858016,0,179.01426769793,0,0
0,0,59.1531116962433,0,0,0,3.82768177986145,0,0.664427697658539,0,0,0,2.26175332069397,0,41.863936394453,0,0,0,0,0,2.49349331855774,0,0,0,0,0,0,0,0,0,0,0,0,0,0,0,6.68083655834198,0,0,0,0,0,0,0,0,0,0,0,0,0,317.989797055721,0,0,0,0,0,50.1847260594368,0,102.028609454632,0,29.9583295583725,0,0,3.708825558424,0,0,0,0,0,0,0,0,0,0,0,0,0,0,0,0,0,0,297.417137593031,1.94826132059097,0,0,0
0,0,0,6.55122607946396,0,0,0,0,0,8.03969264030457,0,0,0,0,0,0,0,0,0,5.41424918174744,0,0,0,0,0,0,0,0,0,0,0,0,0,0,0,0,0,0,0,0,0,0,0,0,0,0,0,0,0,0,0,122.520908236504,0,0,0,0,0,0,0,0,0,0,27.7752118110657,0,0,0,0,0,0,0,0,0,0,0,0,0,0,0,0,0,0,0,70.2076221108437,3.35303854942322,174.725884437561,0,0
0,0,0,0,3.82768177986145,0,0,0,0,0,0,0,2,0,0,0,0,0,0,0,0,0,0,0,0,0,0,0,0,0,0,0,0,0,0,0,6.06940838694572,0,0,0,0,0,0,0,0,0,0,0,0,0,36.26598072052,0,0,0,0,0,0,0,0,0,0,0,0,0,0,0,0,0,0,0,0,0,0,0,0,0,0,0,0,0,0,0,219.598671227694,1,0,0,0
0,0,0,0,0,0,0,0,0,0,0,0,0,7.08807390928268,0,0,0,0,0,0,0,0,0,0,0,0,0,0,0,0,0,0,0,0,0,0,0,0,0,0,0,0,0,0,0,0,0,0,0,0,0,0,0,0,0,0,0,0,0,111.939649343491,0,0,0,0,0,0,0,0,0,0,0,0,0,0,0,0,0,0,0,0,0,0,1,0,0,0,0
467.458589047194,1.5552704334259,30.9186673611403,0,0.664427697658539,0,0,0,0,0.558496475219727,1.21005022525787,0,4.09594900906086,0,197.382845833898,0,206.183440811932,32.1259364187717,363.88000497967,0,0,0,0,0,50.1028746813536,0,2.17511494457722,0,0,0,1.2594253718853,0,0,0,0,0,0.18194580078125,0,12.470567330718,0.218215584754944,0,11.3246851116419,814.53321993351,0.47271066904068,29.2463226318359,12.3263655304909,272.114910751581,0,285.54284581542,0.49291068315506,0,0,0,0,390.704228624701,0,12.2379369288683,0,37.527566626668,0,198.638196974993,0,0,38.8666579127312,0,0,0,56.4901996701956,0,73.1928678154945,0,43.8563440442085,0,206.324936673045,0,0,0,0,0,42.0139450803399,1.15551936626434,307.262339301407,472.993564367294,20.9861191362143,885.579180262983,0.160975411534309,93.6256722956896
0,1241.58310687542,0,180.893024116755,0,8.03969264030457,0,0,0.558496475219727,0,0,0,0,0,0,4.23910392820835,4.61293578147888,649.738660365343,24.3484919965267,0,0,0,0,49.1209730356932,0,3.80087554454803,0,0,0,0,0,0,0,0,0,1.19047792255878,0,4.68450224399567,0,1.96306318044662,0,577.853261515498,1.11537712812424,7.22497834265232,0,9.5332824587822,0,0,0,538.854099065065,0,0,0,0,0,30.9598563909531,0,51.4161452651024,0,0,0,0.294823855161667,0,0,0,0,66.2407863885164,0,14.3054948300123,0,58.6441729664803,0,22.1057851016521,0.162293687462807,0,0,0,0,0.265594482421875,0,13.0337563455105,0,651.011699542403,0,245.43514893949,8.17198602855206,0
14.4246080219746,0,0.256998062133789,0,0,0,0,0,1.21005022525787,0,0,0,72.9971752166748,0,0,0,0,0,1.33941158652306,0,711.458420410752,0,0,0,0,0,0,0,41.5600432753563,0,72.1423615515232,0,0,0,0,0,49.4560886323452,0,129.879979655147,0,0,0,6.62860921025276,0,1.01764464378357,0,15.5053618252277,0,0.808073818683624,0,0,0,0,0,0,0.178743973374367,1364.66102130711,0,16.4653293788433,0,0,0,0,65.3314398378134,0,0,0,0,0,0,0,32.8921568393707,0,103.962536782026,0,0,0,0,0,0.162597209215164,0,32.27006483078,459.238767385483,99.7519170045853,32.1185222268105,0,0.202458590269089
0,0,0,0,0,0,0,0,0,0,0,0,0,161.654376506805,0,0,0,0,0,365.072520688176,0,0,0,0,0,0,0,0,0,16.4445374011993,0,0,0,0,0,3.3417529463768,0,49.0261150598526,0,0,0,0,0,0,0,26.6100812852383,0,0,0,0,0,0,0,0,0,0,0,813.03647518158,0,158.419762268662,0,0,100.996544465423,0,0,0,0,0,0,0,73.197988986969,0,22.8748216629028,0,0,0,0,0,0,0,0,0,81.821035861969,0,12.7449477314949,0,0
4.78812471032143,0,21.7137202471495,0,2.26175332069397,0,2,0,4.09594900906086,0,72.9971752166748,0,0,0,63.7373304367065,0,0,0,0.26301172375679,0,0,0,0,0,12.6303930580616,0,1.40566802024841,0,0,0,0,0,0,0,0,0,0,0,0,0,0,0,6.01122815907001,0,0.280331939458847,0,0.152277737855911,0,56.2842120826244,0,13.9166231155396,0,0,0,0,0,14.5567294061184,0,325.429728254676,0,277.879712358117,0,0,0,0,0,0,4.08514440059662,0,88.515164270997,0,33.0510707199574,0,1.14545485377312,0,0,0,0,0,1.02121236920357,0,0,258.108372956514,0,5.17456969618797,0,0.368443876504898
0,0,0,0,0,0,0,7.08807390928268,0,0,0,161.654376506805,0,0,0,208.697407394648,0,0,0,0,0,0,0,0,0,0.569110810756683,0,3.216901242733,0,0,0,0,0,0,0,0,0,0,0,0,0,0,0,0,0,0,0,0,0,0,0,0,0,0,0,0,0,0,0,455.655212268233,0,119.450513720512,0,0,0,0,0,0,0,0,80.0138507038355,0,0,0,0,0,0,0,0,0,0,0,50.6831780672073,7.60841274261475,0,0,0
76.5616113394499,0,82.5633638203144,0,41.863936394453,0,0,0,197.382845833898,0,0,0,63.7373304367065,0,0,0,182.097452506423,0,0.90760426223278,0,0,0,0,0,30.0912543833256,0,91.8264837265015,0,0,0,0,0,0,0,0,0,0,0,1.28643926978111,0,0,0.348159238696098,49.1364586949348,0,6.35588279366493,0,3.04804715514183,0,91.1240490376949,0,94.1321678757668,0,0,0,32.9921651482582,0,5.00224542617798,0,131.206655189395,0,742.535616278648,0,0,0.157123848795891,0,0,0,8.34564763307571,0,192.292195513844,0,44.0798085480928,0,1.82413375377655,0,0,0,0,0,7.31999656558037,0,0.870575219392776,307.67852409184,30.8027811348438,17.8575768172741,0,0.351048424839973
0,115.940513476729,0,124.35184943676,0,0,0,0,0,4.23910392820835,0,0,0,208.697407394648,0,0,0,80.9236320853233,0,0,0,0,0,136.255223467946,0,15.3713157325983,0,0,0,0,0,0,0,0,0,6.52347609400749,0,4.44102217257023,0,0,0,1.23033061623573,0,0.414934784173965,0,0,0,0,0,10.8728785812855,0,0,0,0,0,11.8660459816456,0,0,0,23.3351018428802,0,569.236143693328,0,0,0,0,50.4986937791109,0,52.4022693932056,0,0,0,0,0,0,0,0,0,0.515490919351578,0,0.32789158821106,0,379.282833844423,24.3184500932693,0.493779689073563,0,0
27.7497308403254,1.36679147183895,0,0,0,0,0,0,206.183440811932,4.61293578147888,0,0,0,0,182.097452506423,0,0,8275.67811258137,2925.71019135416,0,0,0,226.517964854836,0.48185983300209,426.739012673497,0,309.450118139386,0,0,0,0,0,0,0,0,0,0,0,2.80507197976112,22.5855149030685,0,232.712031029165,91.6252785548568,18.1061231642962,0.428211152553558,108.558606997132,236.208035096526,0,14.1734725236893,42.7588433027267,0,0,0,0,37.9856349825859,1.12949457764626,2.70349761843681,0,0,0,197.467462137341,0,0,51.3693660572171,0,102.39321371913,0,146.495896995068,0,101.737130016088,0.315110951662064,16.422213062644,0,157.240079730749,0,0,0,0,0,18.3648069426417,7.43031913042068,59.2058254033327,9573.06797968596,21100.7452887595,485.133000195026,9.7051964700222,23.8933796286583
3.32305660843849,2.2478905916214,0,0,0,0,0,0,32.1259364187717,649.738660365343,0,0,0,0,0,80.9236320853233,8275.67811258137,0,1961.86163146049,0,0,497.860272109509,0,551.0685024634,0.521166801452637,822.910920858383,0,1.80481451749802,0,0,0,0,0,0,0,0,0,0.854837864637375,1.20154774188995,14.9993259012699,0,218.554382279515,7.26181946694851,9.97487805783749,0,45.7501585632563,47.6493185758591,0,0.667382337152958,29.5651575922966,0,0,0,0,2.23003923892975,184.960202798247,0.538062989711761,0,0,0,0,26.8942603468895,0,11.5302050858736,32.4967620670795,0,69.7648793309927,0,454.899327635765,0,2.18757212162018,1.93392463028431,0.202375426888466,12.3404255509377,0,0,0,0,0,1.63260172307491,11.3831602036953,11.1303743571043,8400.84253939986,15969.1340092793,160.383857533336,11.7455717176199,1.40289871394634
112.58440567553,33.6377317458391,0.181607723236084,0,0,0,0,0,363.88000497967,24.3484919965267,1.33941158652306,0,0.26301172375679,0,0.90760426223278,0,2925.71019135416,1961.86163146049,0,0,0,0,0,3.42437237501144,1.67724595963955,0,0,0,0,0,1.27947533130646,0,0,0,0,0,3.27804543077946,1.78883677721024,5.99920929223299,124.378354273736,0,3107.84756491333,2269.68383242935,158.513639137149,61.0750517100096,1062.44944600761,779.548448517919,0,45.1904901266098,375.026699587703,0,0,0,0,71.4576034098864,34.627004891634,10.4149098992348,0,0.533839046955109,0,3.84085549414158,0,0,138.022240273654,0,0,7.93598850816488,5.07407639920712,1.44395606964827,10.9796198457479,3.27516624331474,43.8418200910091,3.59840603172779,438.009670078754,0,0,0,0,0.43844236433506,50.6818787828088,83.361603230238,238.012730851769,6609.6107795909,927.286649122834,2482.73163313419,132.617127537727,186.56738384068
0,0,0,6.32254648208618,0,5.41424918174744,0,0,0,0,0,365.072520688176,0,0,0,0,0,0,0,0,0,0,0,0,0,0,0,0,0,0,0,0,0,0,0,288.10143122077,0,82.7266118377447,0,0,0,0,0,0,0,808.571261674166,0,0,0,0.49516624212265,0,0,0,0,0,0,0,18.8209235370159,0,0,0,0,1724.67150656879,0,0,0,0,0,0,0,0,0,0,0,0,0,0,0,97.0468222349882,0,83.1167043745518,0,132.113040208817,0,71.0566229969263,0,0
0,0,0,0,2.49349331855774,0,0,0,0,0,711.458420410752,0,0,0,0,0,0,0,0,0,0,0,0,0,0,0,0,0,0,0,6.8236757516861,0,0,0,0,0,101.609343677759,0,132.692748740315,0,0,0,0.572269678115845,0,0.253984540700912,0,58.6122915446758,0,3.90970695018768,0,4.68334499001503,0,0,0,0,0,624.601913645864,0,0.711268126964569,0,0,0,0,1585.8048478961,0,0,0,0,0,0,0,0,0,7.8530283421278,0,0,0,0,0,63.6468862295151,0,156.973672576249,514.482176706195,7.14324450492859,91.6257644891739,0,0
0,0,0,0,0,0,0,0,0,0,0,0,0,0,0,0,0,497.860272109509,0,0,0,0,194.624419867992,444.376901730895,0,330.164647817612,0,44.2274848520756,0,0,0,0,0,0,0,0,0,652.678174719214,0,0,0,0,0,0,0,0,0,0,0,245.048903986812,0,0,0,0,0,0,0,0,0,0,0,0,0,0,10611.4669844359,0,93.7242701351643,0,273.894199073315,0,138.979547932744,0,0,0,0,0,0,0,0,0,5.18526527285576,0,3230.58655025065,3018.64644414186,0,0,0
0,0,0,0,0,0,0,0,0,0,0,0,0,0,0,0,226.517964854836,0,0,0,0,194.624419867992,0,0,333.637453116477,0,250.683033034205,0,73.1999308168888,0,0,0,0,0,0,0,0,0,1009.63239398599,0,0,0,0,0,0,0,0,0,378.175423905253,0,0,0,0,0,0,0,0,0,0,0,0,0,0,0,23.0903944075108,12676.5720058084,0,72.2558404356241,0,61.9179013371468,0,44.482934564352,0,0,0,0,0,0,0,0,0,49.5322766602039,2967.55137547851,4180.66278681159,0,0,0
0,477.787175223231,0,1.03996233642101,0,0,0,0,0,49.1209730356932,0,0,0,0,0,136.255223467946,0.48185983300209,551.0685024634,3.42437237501144,0,0,444.376901730895,0,0,0,473.780852273107,0,0,0,0,0,0,0,0,0,0,0,206.833429887891,0,0.818643361330032,0,26.0801537483931,10.6330344378948,0,0,1.16606143116951,0,0,0,107.070524662733,0,0,0,0,0,324.989658594131,0,0,0,0,0,313.697306841612,0,0,123.532443434,0,1420.47155496478,0,252.735233768821,0,16.0148186683655,0,4.34080928564072,0,0,0,0,0,0,0,185.776943519711,0,970.32352887094,6.65545660257339,63.7839301750064,0.17955270409584,0
141.123189046979,0,0,0,0,0,0,0,50.1028746813536,0,0,0,12.6303930580616,0,30.0912543833256,0,426.739012673497,0.521166801452637,1.67724595963955,0,0,0,333.637453116477,0,0,0,506.896015897393,0,0,0,0,0,0,0,0,0,0,0,587.43876324594,0,0,0,184.408694893122,0,0.68338418006897,0.309263199567795,14.5191225260496,0,174.851399675012,0,0,0,0,0,47.691854223609,0,0,0,11.9796874821186,0,154.263923376799,0,0,0.536103188991547,0,47.5778153836727,0,1119.32356916368,0,715.94640776515,0,51.6427744030952,0,2.53764027357101,0,0,0,0,0,0.191117465496063,0,149.608253374696,256.159348517656,0,123.712672054768,0,7.06152148544788
0,38.3840224295855,0,0,0,0,0,0,0,3.80087554454803,0,0,0,0.569110810756683,0,15.3713157325983,0,822.910920858383,0,0,0,330.164647817612,0,473.780852273107,0,0,0,170.090597823262,0,0,0,0,0,0,0,0,0,2.22032245993614,0,0,0,0,0,0,0,0,0,0,0,0,0,0,0,0,0,75.0392998605967,0,0,0,38.8096234351397,0,52.7581642270088,0,0,190.117885202169,0,152.929779410362,0,1641.13247686625,0,181.876776427031,0,0,0,0,0,0,0,0,0,1.15600442886353,0,89.5521374046803,0,0,0,0
40.3056829571724,0,0,0,0,0,0,0,2.17511494457722,0,0,0,1.40566802024841,0,91.8264837265015,0,309.450118139386,0,0,0,0,0,250.683033034205,0,506.896015897393,0,0,0,67.7134951353073,0,0,0,0,0,0,0,0,0,121.553586736321,0,0,0,18.7519305944443,0,0,0,0,0,0,0,0,0,0,0,6.21509030461311,0,0,0,2.53226065635681,0,44.4125677198172,0,0,0,0,92.9222303330898,0,44.0657842159271,0,871.805400505662,0,43.5444505810738,0,0,0,0,0,0,0,0,0,35.1582265496254,91.9082874506712,0,0.790621995925903,0,0
0,0.354535549879074,0,0,0,0,0,0,0,0,0,0,0,3.216901242733,0,0,0,1.80481451749802,0,0,0,44.2274848520756,0,0,0,170.090597823262,0,0,0,93.3085306286812,0,0,0,0,0,0,0,217.654824793339,0,0,0,0,0,0,0,0,0,0,0,0,0,0,0,0,0,0,0,0,0,20.8465396761894,0,0,0,0,37.9873710721731,0,0,0,106.982817679644,0,1473.06504669785,0,6.67735719680786,0,0,0,0,0,0,0,1.69447261095047,0,349.177303224802,80.9650190770626,0,0,0
0,0,0,0,0,0,0,0,0,0,41.5600432753563,0,0,0,0,0,0,0,0,0,0,0,73.1999308168888,0,0,0,67.7134951353073,0,0,0,91.2852268218994,0,0,0,0,0,0,0,0,0,0,0,0,0,0,0,0,0,0,0,0,0,0,0,0,0,34.2923644185066,0,5.30185317993164,0,0,0,0,0,0,80.3614258468151,0,0,0,8.92989295721054,0,1149.58233362436,0,0.926918148994446,0,0,0,0,0,0,0,0,267.674082815647,279.903672456741,0,0,0
0,0,0,0,0,0,0,0,0,0,0,16.4445374011993,0,0,0,0,0,0,0,0,0,0,0,0,0,0,0,93.3085306286812,0,0,0,0,0,0,0,0,0,89.6135283708572,0,0,0,0,0,0,0,0,0,0,0,0,0,0,0,0,0,0,0,0,0,0,0,0,0,0,0,0,0,0,0,0,20.4484744369984,0,349.352386236191,0,0,0,0,0,0,0,1.81688326597214,0,175.064940690994,54.9441802501678,0,0,0
6.40995770692825,0,0,0,0,0,0,0,1.2594253718853,0,72.1423615515232,0,0,0,0,0,0,0,1.27947533130646,0,6.8236757516861,0,0,0,0,0,0,0,91.2852268218994,0,0,0,0,0,0,0,0,0,91.1683172285557,0,0,1.53414011001587,0.887207448482513,0,0.251686364412308,0,1.74004560709,0,0.603407800197601,0,0,0,0,0,0,0,73.6469624042511,0,0,0,0,0,0,7.48562343418598,0,0,0,0,0,0,0,11.2378869056702,0,931.809727787971,0,0,0,0,0,0,0,4.91517466306686,19.3446077108383,43.0743174552917,1.05452683568001,0,0
0,0,0,0,0,0,0,0,0,0,0,0,0,0,0,0,0,0,0,0,0,0,0,0,0,0,0,0,0,0,0,0,0,6.1769437789917,0,116.849333018064,0,0,0,0,0,0,0,0,0,0,0,0,0,0,0,0,0,0,0,0,0,0,0,0,0,0,0,0,0,0,0,0,0,0,0,0,0,0,116.594662219286,0,119.432197093964,0,7.24879598617554,0,0,0,36.2802756726742,0,0,0,0
0,0,0,0,0,0,0,0,0,0,0,0,0,0,0,0,0,0,0,0,0,0,0,0,0,0,0,0,0,0,0,0,0,0.600957810878754,0,0,0,0,0,0,0,0,0,0,0,0,0,208.713884592056,378.335281610489,0,0,0,0,0,0,0,0,0,0,0,0,0,0,0,0,0,0,0,0,0,0,0,0,0,0,1,0,1,0,41.2556037902832,0,0,5.85682582855225,0,0,0,0
0,0,0,0,0,0,0,0,0,0,0,0,0,0,0,0,0,0,0,0,0,0,0,0,0,0,0,0,0,0,0,6.1769437789917,0.600957810878754,0,647.391073152423,120.45054602623,3.80000370740891,176.869839206338,0,0,0,0,0,0,0,0,0,255.531393289566,0,0,0,0,0,0,0,0,0,0,0,0,0,0,0,0,0,0,0,0,0,0,0,0,0,0,5.82767522335052,0,1406.76944881678,0,92.1294662058353,0,41.2626752257347,0,792.100895419717,16.8404183387756,0,0,0
0,0,0,0,0,0,0,0,0,0,0,0,0,0,0,0,0,0,0,0,0,0,0,0,0,0,0,0,0,0,0,0,0,647.391073152423,0,0,11.9915498495102,4.43543064594269,35.9543021917343,0,0,0,0,0,0,0,0,150.085264146328,21.9604441523552,0,0,0,0,0,0,0,0,0,0,0,0,0,0,0,0,0,0,0,0,0,0,0,0,0,0,0,488.867139846087,1246.9501491487,0,22.706093788147,0,797.538197129965,7.2439968585968,0,0,0,0
0,0,0,454.529965862632,0,0,0,0,0,1.19047792255878,0,3.3417529463768,0,0,0,6.52347609400749,0,0,0,288.10143122077,0,0,0,0,0,0,0,0,0,0,0,116.849333018064,0,120.45054602623,0,0,273.521352082491,691.056628897786,0,98.3527774959803,0,0,0,0,0,8.71299828588963,0,49.0552613288164,0,18.7018990218639,0,0,0,0,0,0,0,2.99991697072983,0,1.11691084504128,0,39.8316411375999,99.4198150187731,0,0,0,0,0,0,0,0,0,0,0,8.79042398929596,0,33.809631973505,0,7825.35497440398,3.16981470584869,1552.41113485396,0,1328.1415772289,0,101.448226749897,0,0
2.62261818349361,0,25.2656955122948,0,6.68083655834198,0,6.06940838694572,0,0.18194580078125,0,49.4560886323452,0,0,0,0,0,0,0,3.27804543077946,0,101.609343677759,0,0,0,0,0,0,0,0,0,0,0,0,3.80000370740891,11.9915498495102,273.521352082491,0,5.99254390597343,1111.48947198689,0,8.69566416740417,0,23.8579915761948,0,3.28931239247322,0,0.357555106282234,29.0537934303284,3.69929072260857,0,51.5693699866533,0,0,0,0,0,204.759543448687,0,50.0144670009613,0,0,0,0,132.400466099381,0,0,0,0,0,0,0,0.538659036159515,0,1.89176803827286,0,0,10.0065647959709,0,0.401206970214844,3465.8300164938,29.703626781702,893.651028722525,1307.50565473735,108.921422243118,172.720070078969,0.161774903535843,0.742920771241188
0,16.6150795966387,0,0,0,0,0,0,0,4.68450224399567,0,49.0261150598526,0,0,0,4.44102217257023,0,0.854837864637375,1.78883677721024,82.7266118377447,0,652.678174719214,0,206.833429887891,0,2.22032245993614,0,217.654824793339,0,89.6135283708572,0,0,0,176.869839206338,4.43543064594269,691.056628897786,5.99254390597343,0,32.3294924795628,0.189153909683228,0,41.1226532533765,111.93360081315,0,0,0.382512509822845,0,193.950181379914,3.19039998948574,68.4493359178305,0,0,0,0,0,16.0356179177761,0,0,0,0,0,12.5660109817982,42.4451712220907,0,155.618361338973,0,102.120064869523,0,1.34213924407959,0,28.9306045770645,0,23.7472202777863,0,0,0,76.5243315547705,0,345.000025615096,0,12352.4794188291,1.48019555211067,1834.67677004635,1336.48109209538,71.4652598649263,0.173127815127373,0
48.1082843542099,0,1.50503815710545,0,0,0,0,0,12.470567330718,0,129.879979655147,0,0,0,1.28643926978111,0,2.80507197976112,1.20154774188995,5.99920929223299,0,132.692748740315,0,1009.63239398599,0,587.43876324594,0,121.553586736321,0,0,0,91.1683172285557,0,0,0,35.9543021917343,0,1111.48947198689,32.3294924795628,0,0,0,0,271.718262642622,0,2.2429092079401,0,50.2839644104242,200.09274956584,286.920438230038,0,0,0,0,0,6.64049577713013,0,9.09679961204529,0,0,0,9.92813527584076,0,0,51.5619795769453,0,31.1162208616734,0,538.892230093479,0,97.126024633646,0,4.81705769896507,0,13.3641060590744,0,0,0,37.9079470038414,0,239.192705199122,40.2994824796915,18325.7272061333,2506.46657301486,70.129267513752,77.1640348881483,0,2.01933827996254
0,14.5404314696789,0,0.543513461947441,0,0,0,0,0.218215584754944,1.96306318044662,0,0,0,0,0,0,22.5855149030685,14.9993259012699,124.378354273736,0,0,0,0,0.818643361330032,0,0,0,0,0,0,0,0,0,0,0,98.3527774959803,0,0.189153909683228,0,0,0,304.784847445786,3.99050556123257,18.3392113000154,0,111.976012758911,1.66382285952568,0,0,24.6336206495762,0,0,0,0,0.128538429737091,0.462729007005692,0,0,0,0,0,0.271456055343151,0,0,0,0,1.52854612469673,0,3.53848350048065,0,6.01761362701654,0,0.712341114878654,0.191878780722618,0,0,0,0,42.70849609375,0.790001094341278,1.20990509539843,0.594159960746765,141.953347340226,0.299379229545593,355.133507281542,9.26633504033089,0.126816377043724
0,0,0,0,0,0,0,0,0,0,0,0,0,0,0,0,0,0,0,0,0,0,0,0,0,0,0,0,0,0,0,0,0,0,0,0,8.69566416740417,0,0,0,0,0,315.825769096613,0,0,0,2,4.12075209617615,847.835643708706,29.6372843384743,0,0,0,0,0,0,0,0,0,0,0,0,0,0,0,0,0,0,0,0,0,0,0,0,0,0,0,0,0,835.828851401806,0,0,0,0,310.253397986293,0,0
4.11811731755733,205.187796041369,0,39.7751116454601,0,0,0,0,11.3246851116419,577.853261515498,0,0,0,0,0.348159238696098,1.23033061623573,232.712031029165,218.554382279515,3107.84756491333,0,0,0,0,26.0801537483931,0,0,0,0,0,0,1.53414011001587,0,0,0,0,0,0,41.1226532533765,0,304.784847445786,0,0,573.993328653276,259.581210337579,0.286814354360104,2647.90563551337,42.6454630196095,0,1.64317931234837,679.732478238642,0,0,0,0,1.71348352730274,275.918780662119,0.203806176781654,43.2627878040075,0,0,0,0,13.2836569994688,5.85625867545605,0,0,24.7179701551795,0,2.53629589080811,0,30.5100572258234,1.28061044216156,23.3820732086897,8.50275966525078,0,0,0,0,1.31534785032272,3.64658553898335,65.6051584556699,8.43724118173122,3986.34939608723,41.5924647152424,2083.99694095552,305.844596706331,7.72572345286608
241.335715226829,8.52557547390461,70.9281710535288,0,0,0,0,0,814.53321993351,1.11537712812424,6.62860921025276,0,6.01122815907001,0,49.1364586949348,0,91.6252785548568,7.26181946694851,2269.68383242935,0,0.572269678115845,0,0,10.6330344378948,184.408694893122,0,18.7519305944443,0,0,0,0.887207448482513,0,0,0,0,0,23.8579915761948,111.93360081315,271.718262642622,3.99050556123257,315.825769096613,573.993328653276,0,13.3460869193077,450.645336702466,31.4964535608888,2018.31114537269,27.6420972049236,880.245867364109,138.169987179339,0,0,0,0,130.892121419311,0.208381742238998,9.88350106775761,0,18.7053401470184,0,61.7715582922101,0,0,487.914928592741,0,0,0.23547837138176,59.4700654149055,0.185940533876419,57.7755400314927,0.493821203708649,86.4439776018262,0.556685507297516,219.308552004397,0,0,0,0,0,117.636174961925,15.7717561125755,396.009296797216,4443.72174099088,5.28144891560078,3420.10899819434,2.80220487713814,382.486158400774
0,31.7937621176243,0,0,0,0,0,0,0.47271066904068,7.22497834265232,0,0,0,0,0,0.414934784173965,18.1061231642962,9.97487805783749,158.513639137149,0,0,0,0,0,0,0,0,0,0,0,0,0,0,0,0,0,0,0,0,18.3392113000154,0,259.581210337579,13.3460869193077,0,0,421.561564445496,3.35247053205967,0,0.647136688232422,31.824441678822,0,0,0,0,0,0.134245350956917,0,0,0,0,0,0,0,0.167550012469292,0,0,0.678666956722736,0,1.92549937963486,0,5.10251820087433,0,0.451787225902081,0.185136258602142,0,0,0,0,4.39208909124136,0.160062983632088,16.2575781792402,0.217722326517105,311.155393198133,2.1440820991993,105.226717501879,3.76758180558681,0.289418041706085
91.4461146742105,0,4.66541290283203,0,0,0,0,0,29.2463226318359,0,1.01764464378357,0,0.280331939458847,0,6.35588279366493,0,0.428211152553558,0,61.0750517100096,0,0.253984540700912,0,0,0,0.68338418006897,0,0,0,0,0,0.251686364412308,0,0,0,0,0,3.28931239247322,0,2.2429092079401,0,0,0.286814354360104,450.645336702466,0,0,0.699827417731285,164.132377505302,0,13.3152201101184,0.220689848065376,0,0,0,0,0.206299841403961,0,2.2932862341404,0,1.26687200367451,0,6.27430537343025,0,0,62.3701179921627,0,0,0,2.40735077857971,0,2.17534320056438,0,9.79111429303885,0,15.2164059430361,0,0,0,0,0,13.8816889971495,0,15.4447341561317,191.10711927712,0,53.783179230988,0,7.95729872584343
2.49411822855473,53.3056231215596,0,31.7764869332314,0,0,0,0,12.3263655304909,9.5332824587822,0,26.6100812852383,0,0,0,0,108.558606997132,45.7501585632563,1062.44944600761,808.571261674166,0,0,0,1.16606143116951,0.309263199567795,0,0,0,0,0,0,0,0,0,0,8.71299828588963,0,0.382512509822845,0,111.976012758911,0,2647.90563551337,31.4964535608888,421.561564445496,0.699827417731285,0,30.1845130175352,0,0.498782679438591,374.154484175146,0,0,0,0,3.43326985836029,5.77752177417278,0.211364090442657,0,0,0,0.151142731308937,2.2778058052063,1571.14233987033,4.26489902287722,0,0,4.85363415628672,0,10.0307893157005,0,17.6690953746438,0,4.146853543818,3.0255389213562,0,0,0,0,3.08654120564461,4.78204834461212,129.434977672994,4.5643916875124,1028.28944835067,25.8169882148504,1919.91652670503,28.1477536857128,3.29502567648888
358.285955555737,0,30.8573999851942,0,0,0,0,0,272.114910751581,0,15.5053618252277,0,0.152277737855911,0,3.04804715514183,0,236.208035096526,47.6493185758591,779.548448517919,0,58.6122915446758,0,0,0,14.5191225260496,0,0,0,0,0,1.74004560709,0,0,0,0,0,0.357555106282234,0,50.2839644104242,1.66382285952568,2,42.6454630196095,2018.31114537269,3.35247053205967,164.132377505302,30.1845130175352,0,0,210.168923676014,3.80943131446838,0,0,0,0,51.0819306224585,0.342427849769592,196.719137489796,0,2.40406212955713,0,5.66513396054506,0,0,1272.10510209948,0,0,0.606640130281448,9.87747541069984,0,10.2974283844233,1.31278562545776,64.8146143853664,0,383.169352926314,0,0,0,0,0,98.9497550800443,3.45885789394379,230.15268356353,861.313835605979,41.4178680703044,1115.3589546904,4.97196874022484,235.722056567669
0,0,0,0,0,0,0,0,0,0,0,0,0,0,0,0,0,0,0,0,0,0,0,0,0,0,0,0,0,0,0,0,208.713884592056,255.531393289566,150.085264146328,49.0552613288164,29.0537934303284,193.950181379914,200.09274956584,0,4.12075209617615,0,27.6420972049236,0,0,0,0,0,2927.58134782314,405.325087353587,0,0,0,0,0,0,0,0,0,0,0,0,0,0,0,0,0,0,0,0,0,0,0,0,0,0,83.4749546945095,6.87508249282837,41.570759832859,23.7530843019485,87.0897986292839,77.9651626050472,2165.92143590748,6.26632964611053,169.337024152279,0,0
217.314826354384,0,46.4982737526298,0,0,0,0,0,285.54284581542,0,0.808073818683624,0,56.2842120826244,0,91.1240490376949,0,14.1734725236893,0.667382337152958,45.1904901266098,0,3.90970695018768,0,378.175423905253,0,174.851399675012,0,0,0,0,0,0.603407800197601,0,378.335281610489,0,21.9604441523552,0,3.69929072260857,3.19039998948574,286.920438230038,0,847.835643708706,1.64317931234837,880.245867364109,0.647136688232422,13.3152201101184,0.498782679438591,210.168923676014,2927.58134782314,0,269.778451576829,0,0,0,0,213.402619048953,0,13.3416868150234,0,68.5046008825302,0,132.947457358241,0,0,21.4570273905993,0,274.710126325488,0,405.3976919204,0,299.828516542912,0,311.574264906347,0,98.751051813364,0,38.0369629859924,0,83.7256643772125,0,82.2135509327054,0.28395864367485,154.718298010528,1402.51176866889,0.291269481182098,947.771320894361,0,26.7433140128851
0,483.127759024501,0,65.4654621556401,0,0,0,0,0.49291068315506,538.854099065065,0,0,0,0,0,10.8728785812855,42.7588433027267,29.5651575922966,375.026699587703,0.49516624212265,0,245.048903986812,0,107.070524662733,0,0,0,0,0,0,0,0,0,0,0,18.7018990218639,0,68.4493359178305,0,24.6336206495762,29.6372843384743,679.732478238642,138.169987179339,31.824441678822,0.220689848065376,374.154484175146,3.80943131446838,405.325087353587,269.778451576829,0,0,0,0,0,1.00283825397491,689.921592868865,0,12.9266269654036,0,0,0,374.345079690218,15.4812859594822,0.564745560288429,102.725601419806,0,110.565463498235,0,137.351811520755,0,137.256501324475,1.12229645252228,32.3547366559505,1.2212223559618,0,0,0,0,20.6449916213751,0.808423221111298,75.6418853215873,1.32589994370937,2234.43054898828,4.34668833017349,1190.97648352385,48.325765453279,0.505152180790901
0,0,0,0,317.989797055721,0,36.26598072052,0,0,0,0,0,13.9166231155396,0,94.1321678757668,0,0,0,0,0,4.68334499001503,0,0,0,0,0,0,0,0,0,0,0,0,0,0,0,51.5693699866533,0,0,0,0,0,0,0,0,0,0,0,0,0,0,0,0,0,0,0,0,0,21.4056568145752,0,1.74601757526398,0,0,1.27574443817139,0,0,0,0,0,0,0,0,0,0,0,0,0,0,0,6.6723615527153,0,0,141.874471843243,0,0,0,0
0,0,0,0,0,122.520908236504,0,0,0,0,0,0,0,0,0,0,0,0,0,0,0,0,0,0,0,0,0,0,0,0,0,0,0,0,0,0,0,0,0,0,0,0,0,0,0,0,0,0,0,0,0,0,0,0,0,0,0,0,0,0,0,0,0,0,0,0,0,0,0,0,0,0,0,0,0,0,0,0,0,0,0,0,33.9296544790268,0,0,0,0
0,0,0,0,0,0,0,0,0,0,0,0,0,0,0,0,0,0,0,0,0,0,0,0,0,0,0,0,0,0,0,0,0,0,0,0,0,0,0,0,0,0,0,0,0,0,0,0,0,0,0,0,0,0,0,0,3.9843487739563,0,60.5945434570312,0,0,0,0,0,0,0,0,0,0,0,0,0,0,0,0,0,0,0,0,0,0,0,3.97677540779114,0,0,0,0
0,0,0,0,0,0,0,0,0,0,0,0,0,0,0,0,0,0,0,0,0,0,0,0,0,0,0,0,0,0,0,0,0,0,0,0,0,0,0,0,0,0,0,0,0,0,0,0,0,0,0,0,0,0,0,0,0,0,0,7.74013316631317,0,0,0,0,0,0,0,0,0,0,0,0,0,0,0,0,0,0,0,0,0,0,0,0,0,0,0
52.5575439184904,0,0,0,0,0,0,0,390.704228624701,0,0,0,0,0,32.9921651482582,0,37.9856349825859,2.23003923892975,71.4576034098864,0,0,0,0,0,47.691854223609,0,6.21509030461311,0,0,0,0,0,0,0,0,0,0,0,6.64049577713013,0.128538429737091,0,1.71348352730274,130.892121419311,0,0.206299841403961,3.43326985836029,51.0819306224585,0,213.402619048953,1.00283825397491,0,0,0,0,0,0,5.04427254199982,0,0,0,67.4627600908279,0,0,7.78197075426579,0,0,0,44.416430324316,0,100.355187922716,0,153.245645150542,0,359.197738915682,0,0,0,0,0,14.1513556391001,0.227683007717133,93.1482540071011,81.3888871073723,3.28333069384098,382.986677125096,0,41.2583566457033
0,67.0736532360315,0,0.20482425391674,0,0,0,0,0,30.9598563909531,0.178743973374367,0,0,0,0,11.8660459816456,1.12949457764626,184.960202798247,34.627004891634,0,0,0,0,324.989658594131,0,75.0392998605967,0,0,0,0,0,0,0,0,0,0,0,16.0356179177761,0,0.462729007005692,0,275.918780662119,0.208381742238998,0.134245350956917,0,5.77752177417278,0.342427849769592,0,0,689.921592868865,0,0,0,0,0,0,0,0,0,0,0,7.30761873722076,0,0,0,0,469.988715618849,0,73.4953839331865,0,79.4871347844601,0,25.9165988564491,0,0,0,0,0,0,0,4.56100741773844,0,173.385721050203,0.980301529169083,151.838073112071,4.30182810127735,0
69.1999700367451,0,105.585380494595,0,50.1847260594368,0,0,0,12.2379369288683,0,1364.66102130711,0,14.5567294061184,0,5.00224542617798,0,2.70349761843681,0.538062989711761,10.4149098992348,0,624.601913645864,0,0,0,0,0,0,0,34.2923644185066,0,73.6469624042511,0,0,0,0,0,204.759543448687,0,9.09679961204529,0,0,0.203806176781654,9.88350106775761,0,2.2932862341404,0.211364090442657,196.719137489796,0,13.3416868150234,0,0,0,3.9843487739563,0,5.04427254199982,0,0,0,853.40488062799,0,18.9925024807453,0,0,696.708916440606,0,0,0,0,0,1.30346596240997,0,578.246881067753,0,529.121216222644,0,0,0,0,0,117.790363781154,0,17.6544586792588,328.351505935192,39.0521125793457,575.977425470948,0,2.27379846572876
0,7.85442999005318,0,61.2536650598049,0,0,0,0,0,51.4161452651024,0,813.03647518158,0,0,0,0,0,0,0,18.8209235370159,0,0,0,0,0,0,0,0,0,0,0,0,0,0,0,2.99991697072983,0,0,0,0,0,43.2627878040075,0,0,0,0,0,0,0,12.9266269654036,0,0,0,0,0,0,0,0,0,1.13857924938202,0,10.2065188884735,3.53005617856979,0,0,0,0,0,0,0,1.13702034950256,0,106.825498491526,0,0,0,0,0,1.73836559057236,0,0.0883138105273247,0,11.3255587518215,0,152.367369815707,0,0
15.3363825306296,0,374.622061625123,0,102.028609454632,0,0,0,37.527566626668,0,16.4653293788433,0,325.429728254676,0,131.206655189395,0,0,0,0.533839046955109,0,0.711268126964569,0,0,0,11.9796874821186,0,2.53226065635681,0,5.30185317993164,0,0,0,0,0,0,0,50.0144670009613,0,0,0,0,0,18.7053401470184,0,1.26687200367451,0,2.40406212955713,0,68.5046008825302,0,21.4056568145752,0,60.5945434570312,0,0,0,853.40488062799,0,0,0,126.030719459057,0,0,2.49463078379631,0,0,0,3.88219439983368,0,120.22878703475,0,376.064158827066,0,0.381507635116577,0,0,0,0,0,40.5933487936854,0,0.342644095420837,93.318978369236,1.66013753414154,78.509422942996,0,0.158852770924568
0,0,0,13.7070161104202,0,0,0,111.939649343491,0,0,0,158.419762268662,0,455.655212268233,0,23.3351018428802,0,0,0,0,0,0,0,0,0,38.8096234351397,0,20.8465396761894,0,0,0,0,0,0,0,1.11691084504128,0,0,0,0,0,0,0,0,0,0,0,0,0,0,0,0,0,7.74013316631317,0,0,0,1.13857924938202,0,0,0,18.0752261281013,0,0,0,0,0,0,2.09607127308846,0,157.230660155416,0,0,0,0,0,0,0,0,0,0,0,49.6710145771503,0,0,0,0
183.583990693092,0,87.4809785038233,0,29.9583295583725,0,0,0,198.638196974993,0,0,0,277.879712358117,0,742.535616278648,0,197.467462137341,0,3.84085549414158,0,0,0,0,0,154.263923376799,0,44.4125677198172,0,0,0,0,0,0,0,0,0,0,0,9.92813527584076,0,0,0,61.7715582922101,0,6.27430537343025,0.151142731308937,5.66513396054506,0,132.947457358241,0,1.74601757526398,0,0,0,67.4627600908279,0,18.9925024807453,0,126.030719459057,0,0,0,0,2.9741123765707,0,0,0,30.1760488450527,0,393.24959975481,0,86.677980363369,0,0.48544317483902,0,0,0,0,0,2.83160851895809,0,4.0795995220542,308.494300469756,4.23932006955147,41.3991134017706,0,0.59904246032238
0,105.770953863859,0,375.198299542069,0,0,0,0,0,0.294823855161667,0,0,0,119.450513720512,0,569.236143693328,0,26.8942603468895,0,0,0,0,0,313.697306841612,0,52.7581642270088,0,0,0,0,0,0,0,0,0,39.8316411375999,0,12.5660109817982,0,0.271456055343151,0,0,0,0,0,2.2778058052063,0,0,0,374.345079690218,0,0,0,0,0,7.30761873722076,0,10.2065188884735,0,18.0752261281013,0,0,0,0,0,0,319.581430405378,0,186.035308033228,0,1.4971387386322,0,0,0,0,0,0,0,7.07185831665993,0,2.66520974040031,0,174.493915751576,5.04112422466278,8.97592003643513,0,0
0,0,0,7.71836218237877,0,27.7752118110657,0,0,0,0,0,100.996544465423,0,0,0,0,0,0,0,1724.67150656879,0,0,0,0,0,0,0,0,0,0,0,0,0,0,0,99.4198150187731,0,42.4451712220907,0,0,0,13.2836569994688,0,0,0,1571.14233987033,0,0,0,15.4812859594822,0,0,0,0,0,0,0,3.53005617856979,0,0,0,0,0,0,0,0,0,0,0,0,0,0,3.512207493186,0,0,0,0,0,2.34091860055923,0,7.82572008669376,0,77.6662169098854,0,485.481619879603,0,0
27.4471911713481,0,0.251959100365639,0,3.708825558424,0,0,0,38.8666579127312,0,65.3314398378134,0,0,0,0.157123848795891,0,51.3693660572171,11.5302050858736,138.022240273654,0,1585.8048478961,0,0,0,0.536103188991547,0,0,0,0,0,7.48562343418598,0,0,0,0,0,132.400466099381,0,51.5619795769453,0,0,5.85625867545605,487.914928592741,0.167550012469292,62.3701179921627,4.26489902287722,1272.10510209948,0,21.4570273905993,0.564745560288429,1.27574443817139,0,0,0,7.78197075426579,0,696.708916440606,0,2.49463078379631,0,2.9741123765707,0,0,0,0,0,0,0.792216747999191,0,2.28083546459675,0,15.4864881932735,0,117.287851899862,0,0,0,0,0,432.29973822087,0,324.242465190589,275.426744356751,2.9040464758873,657.333789490163,0.257733069360256,32.1329250484705
0,0,0,0,0,0,0,0,0,0,0,0,0,0,0,0,0,32.4967620670795,0,0,0,10611.4669844359,23.0903944075108,123.532443434,0,190.117885202169,0,37.9873710721731,0,0,0,0,0,0,0,0,0,155.618361338973,0,0,0,0,0,0,0,0,0,0,0,102.725601419806,0,0,0,0,0,0,0,0,0,0,0,0,0,0,0,0,53.0386307835579,0,147.638276353478,0,10.1082226037979,0,0,0,0,0,0,0,0,0,18.6540122628212,0,1045.263336882,243.844138965011,0,0,0
0,0,0,0,0,0,0,0,0,0,0,0,0,0,0,0,102.39321371913,0,0,0,0,0,12676.5720058084,0,47.5778153836727,0,92.9222303330898,0,80.3614258468151,0,0,0,0,0,0,0,0,0,31.1162208616734,0,0,0,0,0,0,0,0,0,274.710126325488,0,0,0,0,0,0,0,0,0,0,0,0,0,0,0,0,0,0,13.1652179062366,0,0,0,36.4210362434387,0,0,0,0,0,0,0,0,0,35.9515269994736,632.216422066092,625.865080296993,0,0,0
0,592.610075503588,0,2.76236405968666,0,0,0,0,0,66.2407863885164,0,0,0,0,0,50.4986937791109,0,69.7648793309927,7.93598850816488,0,0,93.7242701351643,0,1420.47155496478,0,152.929779410362,0,0,0,0,0,0,0,0,0,0,0,102.120064869523,0,1.52854612469673,0,24.7179701551795,0.23547837138176,0.678666956722736,0,4.85363415628672,0.606640130281448,0,0,110.565463498235,0,0,0,0,0,469.988715618849,0,0,0,0,0,319.581430405378,0,0,53.0386307835579,0,0,0,152.552241235971,0,18.6684355437756,0,2.01949948072433,0,0,0,0,0,0.0820018872618675,0,201.623249165714,0,689.049147777259,1.94259187579155,126.091221980751,0.715658962726593,0
91.0629755705595,0,0,0,0,0,0,0,56.4901996701956,0,0,0,4.08514440059662,0,8.34564763307571,0,146.495896995068,0,5.07407639920712,0,0,0,72.2558404356241,0,1119.32356916368,0,44.0657842159271,0,0,0,0,0,0,0,0,0,0,0,538.892230093479,0,0,0,59.4700654149055,0,2.40735077857971,0,9.87747541069984,0,405.3976919204,0,0,0,0,0,44.416430324316,0,0,0,3.88219439983368,0,30.1760488450527,0,0,0.792216747999191,0,13.1652179062366,0,0,0,535.932098656893,0,121.245961010456,0,18.4159056097269,0,0,0,0,0,0.762192636728287,0,102.401474669576,76.4543764144182,0,150.966809347272,0,8.30592122673988
0,219.290331035852,0,11.4427430406213,0,0,0,0,0,14.3054948300123,0,0,0,0,0,52.4022693932056,0,454.899327635765,1.44395606964827,0,0,273.894199073315,0,252.735233768821,0,1641.13247686625,0,106.982817679644,0,0,0,0,0,0,0,0,0,1.34213924407959,0,3.53848350048065,0,2.53629589080811,0.185940533876419,1.92549937963486,0,10.0307893157005,0,0,0,137.351811520755,0,0,0,0,0,73.4953839331865,0,0,0,2.09607127308846,0,186.035308033228,0,0,147.638276353478,0,152.552241235971,0,0,0,544.768487691879,0,0,0,0,0,0,0,0,0,3.98836303502321,0,104.313183270395,0,47.2850894555449,0.794932924211025,0
375.796941623092,0,2.44892214238644,0,0,0,0,0,73.1928678154945,0,0,0,88.515164270997,0,192.292195513844,0,101.737130016088,0,10.9796198457479,0,0,0,61.9179013371468,0,715.94640776515,0,871.805400505662,0,8.92989295721054,0,0,0,0,0,0,0,0,0,97.126024633646,0,0,0,57.7755400314927,0,2.17534320056438,0,10.2974283844233,0,299.828516542912,0,0,0,0,0,100.355187922716,0,1.30346596240997,0,120.22878703475,0,393.24959975481,0,0,2.28083546459675,0,0,0,535.932098656893,0,0,0,449.91770632565,0,2.43746054172516,0,0,0,0,0,0.257097065448761,0,52.3432233780622,130.052831590176,0.779767692089081,39.5838163495064,0,0.391142129898071
0,173.701083391905,0,17.9492296352983,0,0,0,0,0,58.6441729664803,0,73.197988986969,0,80.0138507038355,0,0,0.315110951662064,2.18757212162018,3.27516624331474,0,0,138.979547932744,0,16.0148186683655,0,181.876776427031,0,1473.06504669785,0,20.4484744369984,0,0,0,0,0,0,0,28.9306045770645,0,6.01761362701654,0,30.5100572258234,0.493821203708649,5.10251820087433,0,17.6690953746438,1.31278562545776,0,0,137.256501324475,0,0,0,0,0,79.4871347844601,0,1.13702034950256,0,157.230660155416,0,1.4971387386322,0,0,10.1082226037979,0,18.6684355437756,0,544.768487691879,0,0,0,29.5227993428707,0,0,0,0,0,0.0862016826868057,0,12.0651171430945,0,202.558809235692,25.9061614871025,115.29168253392,0.455112777650356,0
683.84337811172,0,11.9015394002199,0,0,0,0,0,43.8563440442085,0,32.8921568393707,0,33.0510707199574,0,44.0798085480928,0,16.422213062644,1.93392463028431,43.8418200910091,0,0,0,44.482934564352,0,51.6427744030952,0,43.5444505810738,0,1149.58233362436,0,11.2378869056702,0,0,0,0,0,0.538659036159515,0,4.81705769896507,0,0,1.28061044216156,86.4439776018262,0,9.79111429303885,0,64.8146143853664,0,311.574264906347,1.12229645252228,0,0,0,0,153.245645150542,0,578.246881067753,0,376.064158827066,0,86.677980363369,0,0,15.4864881932735,0,36.4210362434387,0,121.245961010456,0,449.91770632565,0,0,0.760347545146942,11.8374730795622,0,0,0,0,0,12.0842405334115,0,21.1835058629513,98.2937987446785,156.52553409338,130.464186273515,0,4.33867989480495
0,21.3268034383655,0,4.08359576761723,0,0,0,0,0,22.1057851016521,0,22.8748216629028,0,0,0,0,0,0.202375426888466,3.59840603172779,0,0,0,0,4.34080928564072,0,0,0,6.67735719680786,0,349.352386236191,0,0,0,0,0,0,0,23.7472202777863,0,0.712341114878654,0,23.3820732086897,0.556685507297516,0.451787225902081,0,4.146853543818,0,0,0,32.3547366559505,0,0,0,0,0,25.9165988564491,0,106.825498491526,0,0,0,0,3.512207493186,0,0,0,2.01949948072433,0,0,0,29.5227993428707,0.760347545146942,0,0,0,0,0,0,0,0,71.9915755465627,0,19.4069246724248,0,156.502152450383,1.27129864692688,0
918.856385231018,0,4.79150532186031,0,0,0,0,0,206.324936673045,0.162293687462807,103.962536782026,0,1.14545485377312,0,1.82413375377655,0,157.240079730749,12.3404255509377,438.009670078754,0,7.8530283421278,0,0,0,2.53764027357101,0,0,0,0.926918148994446,0,931.809727787971,0,0,0,0,0,1.89176803827286,0,13.3641060590744,0.191878780722618,0,8.50275966525078,219.308552004397,0.185136258602142,15.2164059430361,3.0255389213562,383.169352926314,0,98.751051813364,1.2212223559618,0,0,0,0,359.197738915682,0,529.121216222644,0,0.381507635116577,0,0.48544317483902,0,0,117.287851899862,0,0,0,18.4159056097269,0,2.43746054172516,0,11.8374730795622,0,0,0,0,0,0,0,30.99696187675,0.532014802098274,107.034968338907,316.352587245405,23.1354568302631,687.734322756529,3.13255569338799,111.753618121147
