0,0,6.03512893569804,0,0,0,0,0,6.65328185593904,0,0,0,0,0,0,0,38.7953853607178,59.985782623291,13.0421266863423,0,0,0,0,0,0,0,0,0,0,0,0,0,0,0,0,0,0,0,46.4494280815125,0,29.8895757198334,0,20.1712134379261,0,0,0,0,0,3.49651895773696,0,10.7906475067139,0,0,0,6.46997627106003,0,30.25763630867,0,0,0,3.16975069046021,0,0,30.5765609741211,0,0,0,0,0,0,0,0,0,29.0723786354065,0,0,0,0,0,35.9983527443626,0,32.7765034872388,9.80000764947189,0,8.50577302391713,0,21.1059455871582
0,0,0,5.03303504643375,0,0,0,0,0,5.15599200627575,0,0,0,0,0,0,38.4934120178223,0,9.78579696280057,0,0,0,0,8.85902261734009,0,0,0,0,0,0,0,0,0,0,0,0,0,0,0,41.1363220214844,0,25.8772457737789,0,0,0,0,0,0,0,7.02994032549191,0,0,0,0,0,3.76214906904432,0,29.2843098110623,0,4.86062526702881,0,4.47021535149327,0,0,0,0,3.32649669647217,0,0,0,0,0,28.3450552622477,0,0,0,0,0,48.7918004989624,0,36.9158657073975,0,6.2690961710612,0,16.7328040967709,0,0
6.03512893569804,0,0,0,0,0,0,0,5.48672297673348,0,0,0,0,0,0,0,0,0,42.5277341206869,0,25.4907302856445,0,0,0,0,0,0,0,0,0,0,0,0,0,0,0,8.79489326477051,0,0,0,0,0,24.911675894151,0,0,0,0,0,2.99853925704956,0,4.32929581349049,0,0,0,3.60961778277443,0,24.9784172577194,0,3.20166581869125,0,2.74596786499023,0,0,21.8162940979004,0,0,0,0,0,0,0,0,0,30.0499375661214,0,0,0,0,0,78.9786024093628,0,29.0653476715088,15.2494156757991,0,18.2293455281208,0,25.0599824269613
0,5.03303504643375,0,0,0,10.6849834918976,0,0,0,4.99074075187462,0,0,0,0,0,0,0,0,29.4181921217177,0,0,0,0,0,0,0,0,0,0,0,0,0,0,0,0,56.2982988357544,0,62.6848526000977,0,52.1109962463379,36.4887924194336,28.6484052463065,42.6591758728027,84.5474700927734,0,0,0,46.4966254461379,36.9885730743408,29.8151131601476,0,9.3564076423645,0,0,0,3.79645657539368,0,20.8210034825829,0,5.8270236309685,0,5.6941670070995,21.848829070727,0,0,0,0,0,0,0,0,0,29.0558920254109,0,0,0,0,0,48.9420453963741,0,37.0807185490926,0,17.0415389587482,0,24.0837547053461,26.5190455118815,0
0,0,0,0,0,0,3.2707781791687,0,4.10762154062589,0,0,0,0,0,0,0,0,0,0,0,8.3167819053896,0,0,0,0,0,0,0,0,0,0,0,0,0,0,0,26.0754928950695,0,0,0,43.2264842987061,0,42.0888729095459,0,0,0,0,54.7768707275391,44.4335333506266,0,3.18327135375783,0,2.74819993972778,0,0,0,36.6464080810547,0,7.40679121017456,0,0,0,0,10.8700585703102,0,0,0,0,0,0,0,0,0,0,0,0,0,0,0,21.8947565078735,0,0,13.3243099695229,51.2155227661133,11.6410244803275,0,0
0,0,0,10.6849834918976,0,0,0,2.8458526765599,0,4.54022662176026,0,0,0,0,0,2.85056018829346,0,0,0,6.55157227949663,0,0,0,0,0,0,0,0,0,0,0,0,0,0,0,22.8130353291829,0,0,0,45.3918838500977,0,46.2252349853516,43.3037389119466,0,0,16.0292987823486,0,55.1206834581163,44.9988536834717,40.6541840524384,0,3.61538878159645,0,0,0,3.11420884132385,0,0,0,0,0,0,56.4943351745605,0,0,0,0,0,0,0,0,0,0,0,0,0,0,0,26.5337200164795,43.197696685791,0,0,5.64372617627945,4.85195522068599,28.8545360129497,38.560302734375,0
0,0,0,0,3.2707781791687,0,0,0,0,0,3.78204725957384,0,0,0,0,0,0,0,0,0,4.85450203354294,0,0,0,0,0,0,0,0,0,0,0,0,0,0,0,0,0,0,0,0,0,0,0,0,0,0,0,0,0,0,0,3.40863513823795,0,0,0,3.15176759405834,0,2.88705031077067,0,0,0,0,9.42085886001587,0,0,0,0,0,0,0,0,0,0,0,0,0,0,0,0,0,0,3.14309410589287,3.811110496521,0,0,0
0,0,0,0,0,2.8458526765599,0,0,0,0,0,3.84961213848808,0,2.74658000469208,0,0,0,0,0,0,0,0,0,0,0,0,0,0,0,0,0,0,0,0,0,0,0,0,0,0,0,0,0,0,0,0,0,0,0,0,0,2.9823315896486,0,3.33236331939697,0,0,0,4.3906116440038,0,0,0,0,0,0,0,0,0,0,0,0,0,0,0,0,0,0,0,0,0,0,0,0,0,0,0,0,0
6.65328185593904,0,5.48672297673348,0,4.10762154062589,0,0,0,0,0,0,0,0,0,3.69702482223511,0,16.6561992133873,35.1696825027466,7.4886640503293,0,0,0,0,0,6.6290147439126,0,6.6369124352932,0,0,0,0,0,0,0,0,0,0,0,6.65523558855057,0,0,0,7.30594841355369,0,0,0,0,0,4.33133236567179,0,0,0,0,0,4.39802767617784,0,0,0,0,0,5.54528770446777,0,0,0,0,0,0,4.46124431961461,0,0,0,0,0,0,0,0,0,0,0,0,0,21.5861177444458,6.35858517347999,0,7.44628450451511,0,0
0,5.15599200627575,0,4.99074075187462,0,4.54022662176026,0,0,0,0,0,0,0,0,0,3.11322793960571,0,0,47.8975830078125,0,0,0,0,5.74248080121146,0,2.74153673648834,0,0,0,0,0,0,0,0,0,0,0,6.8531982475545,0,0,0,20.3354660669963,0,0,0,0,0,0,55.0285758972168,3.0606095790863,0,3.34864718072555,0,0,0,4.31666227894609,0,0,0,0,0,2.90808267593384,0,0,0,0,4.58375871181488,0,0,0,0,0,0,0,0,0,0,0,0,0,7.14934849979902,0,5.51716393388146,6.87280849406594,9.32152062858944,0,0
0,0,0,0,0,0,3.78204725957384,0,0,0,0,0,2.80765019880759,0,0,0,45.5542004903158,0,31.9240591866629,0,4.21335927356373,0,0,0,0,0,0,0,2.86406510216849,0,5.16042546586617,0,0,0,0,0,4.09346774868343,0,4.06631448752898,0,49.7179260253906,0,36.9445471763611,0,0,0,10.9091014862061,0,0,0,0,0,3.70506989210844,0,0,0,6.34267197805561,0,3.50579595565796,0,0,0,0,11.9348672791703,0,0,0,0,0,0,0,0,0,5.67082820298537,0,0,0,0,0,44.320477771759,0,5.82347541880385,4.46299318295731,2.74169230461121,25.9112670898438,0,19.0851631164551
0,0,0,0,0,0,0,3.84961213848808,0,0,0,0,0,3.16109269221104,0,0,0,0,0,2.98232738176982,0,0,0,0,0,0,0,0,0,13.729391336441,0,0,0,0,0,3.03818476123195,0,3.74555167796319,0,0,0,0,0,0,0,0,0,0,0,0,0,0,0,3.86165922028678,0,0,0,7.35614017721743,0,3.76683779557546,0,0,5.1474522767146,0,0,0,0,0,0,0,0,0,17.2488373854221,0,0,0,0,0,0,0,4.75585022622889,0,2.91216063499451,0,4.17199071248372,0,0
0,0,0,0,0,0,0,0,0,0,2.80765019880759,0,0,0,0,0,0,0,0,0,0,0,0,0,0,0,0,0,2.90818756818771,0,0,0,0,0,0,0,0,0,0,0,0,0,0,0,0,0,0,0,0,0,0,0,0,0,0,0,3.47921653894278,0,3.23494731883208,0,0,0,0,0,0,0,0,0,0,0,0,0,0,0,0,0,0,0,0,0,0,0,0,3.11495150838579,0,0,0
0,0,0,0,0,0,0,2.74658000469208,0,0,0,3.16109269221104,0,0,0,3.80994367599487,0,0,0,0,0,0,0,0,0,0,0,0,0,0,0,0,0,0,0,0,0,0,0,0,0,0,0,0,0,0,0,0,0,0,0,0,0,2.7491055727005,0,0,0,3.5460542678833,0,3.88243672879822,0,3.73574728625161,0,0,0,0,0,0,0,0,0,0,14.816255569458,0,0,0,0,0,0,0,0,0,2.90639241039753,2.95708698034286,0,0,0
0,0,0,0,0,0,0,0,3.69702482223511,0,0,0,0,0,0,0,13.4504079177645,47.164430141449,0,0,0,0,22.5605479346381,0,0,0,7.89614494763888,0,0,0,0,0,0,0,0,0,0,0,0,0,0,0,0,0,0,0,0,0,0,0,0,0,0,0,3.1724487726505,0,0,0,2.96122531890869,0,0,0,0,0,0,0,0,0,0,0,0,0,0,0,0,0,0,0,0,0,0,0,6.69042024877336,0,0,0,0
0,0,0,0,0,2.85056018829346,0,0,0,3.11322793960571,0,0,0,3.80994367599487,0,0,0,3.61301681252777,0,0,0,0,0,0,0,7.858677983284,0,0,0,0,0,0,0,0,0,0,0,0,0,0,0,0,0,0,0,0,0,0,0,0,0,3.31303265359667,0,0,0,0,0,0,0,0,0,3.05205275898888,0,0,0,0,0,0,0,0,0,0,0,0,0,0,0,0,0,0,0,0,3.29003540573606,3.60610141356786,0,0,0
38.7953853607178,38.4934120178223,0,0,0,0,0,0,16.6561992133873,0,45.5542004903158,0,0,0,13.4504079177645,0,0,22.6333864437858,24.4565215664446,0,61.6963272094727,0,6.50444751850541,0,12.519027883171,0,8.06714083455704,0,8.53771758079529,0,80.6300354003906,0,0,0,0,0,79.8135814666748,0,53.9775848388672,88.106689453125,62.8957256476084,70.8661986641262,48.0109302656991,0,0,0,45.0801734924316,0,0,0,0,0,0,0,0,0,56.5904288040964,86.7769241333008,0,0,0,0,0,48.8605308532715,0,9.23021424611409,0,0,0,12.0387706160545,0,0,90.3458518981934,47.5819762445265,0,0,0,0,84.6875573016228,68.2659091756801,77.2423464457194,60.9361771014558,16.6970093812998,8.58977017372469,52.0718997192383,36.4644756317139,32.5550397507688
59.985782623291,0,0,0,0,0,0,0,35.1696825027466,0,0,0,0,0,47.164430141449,3.61301681252777,22.6333864437858,0,23.491261522655,0,0,3.00997338030073,45.633610861642,5.5256303855351,28.2607133171775,3.89740497130382,34.6778538443825,0,0,0,0,0,0,0,0,0,100.372989654541,0,0,73.7102869095341,82.1386725107829,58.1336791737874,64.2188659336256,48.6391754150391,0,0,0,0,55.829158782959,0,0,0,0,0,0,0,88.5296859741211,73.1339721679688,0,0,0,0,85.227897644043,78.6309089660645,2.93116529782613,0,0,0,4.09933743787848,0,0,0,66.8044052124023,105.623018264771,0,0,0,0,81.1445686526415,90.0937057244973,75.4116710316051,83.8875007629395,16.2249671094282,0,76.6539849599203,52.1238144768609,60.1079643794468
13.0421266863423,9.78579696280057,42.5277341206869,29.4181921217177,0,0,0,0,7.4886640503293,47.8975830078125,31.9240591866629,0,0,0,0,0,24.4565215664446,23.491261522655,0,0,42.7764282226562,0,40.680696105957,0,36.0449104309082,0,35.3688438960484,0,0,0,43.2193997701009,0,0,54.2640190124512,0,83.7501955032349,77.3625862666539,62.21451142255,68.0141628583272,55.6690044765002,44.9809816578579,42.2371699098009,33.575988512417,18.0392603214751,0,49.0526917775472,34.6677479994924,44.848747253418,33.4651538133621,54.7483614285787,0,0,0,0,0,0,40.84002432359,31.9231418022743,0,0,0,0,52.9136850937553,47.5163542712176,0,0,0,0,0,0,26.5744409561157,0,32.0498165711761,44.7977692022556,0,0,0,50.1626167297363,59.5734622480839,54.1443667310484,43.2990690948766,48.7625767381176,13.5418788674129,0,37.5536631532599,22.4228926631045,30.7816043873559
0,0,0,0,0,6.55157227949663,0,0,0,0,0,2.98232738176982,0,0,0,0,0,0,0,0,72.3169708251953,0,0,0,0,0,0,0,0,0,0,0,0,0,0,9.33286266577871,0,4.31151701056439,0,42.1967748006185,0,43.6593707158015,50.5281600952148,0,0,0,0,49.5696133700284,41.5973472595215,40.3628276701896,0,5.27791824011967,0,0,0,0,0,3.20713268007551,0,0,0,0,3.96722043683176,0,0,0,0,0,0,0,0,0,0,0,0,0,0,0,6.25182087064365,0,10.7830980618795,0,21.1171526227679,0,32.434112442241,0,0
0,0,25.4907302856445,0,8.3167819053896,0,4.85450203354294,0,0,0,4.21335927356373,0,0,0,0,0,61.6963272094727,0,42.7764282226562,72.3169708251953,0,0,0,0,0,0,0,0,0,0,6.71648054122925,0,0,0,0,0,7.23308960271655,0,7.27073338072179,0,43.0803031921387,0,58.4608588218689,0,0,0,25.4840297698975,56.4491195678711,44.7835106319851,0,8.25117027759552,0,7.8248143196106,0,0,0,6.01640862577102,0,0,0,0,0,0,7.06440614127692,0,0,0,0,0,0,0,0,0,6.54518536974986,0,0,0,0,0,10.6487693002379,0,10.8131264434772,6.08127501265334,0,26.8136682510376,0,0
0,0,0,0,0,0,0,0,0,0,0,0,0,0,0,0,0,3.00997338030073,0,0,0,0,3.7778004749425,7.10092404059001,0,2.94863367080688,0,3.62256803069004,0,0,0,0,0,26.6454124450684,0,0,0,6.64159358747049,3.0518788902127,0,0,0,39.0042018890381,0,0,0,0,27.9553618621826,49.5195693969727,11.1545243069932,0,0,0,0,0,0,0,0,0,0,0,0,0,0,5.06127408361927,3.90307712554932,6.57327327456499,0,15.5573195887775,0,7.45896710668291,0,0,0,0,0,0,0,0,0,9.85095928369492,57.9417724609375,4.02286805801954,3.41021785089525,30.3464340209961,0,0
0,0,0,0,0,0,0,0,0,0,0,0,0,0,22.5605479346381,0,6.50444751850541,45.633610861642,40.680696105957,0,0,3.7778004749425,0,0,7.99422686516574,0,8.14375561514044,0,4.32606332488264,0,0,0,0,0,0,0,0,36.97332072258,4.13047110285264,0,0,0,27.4080009460449,0,0,0,0,32.3373906877306,8.84452934212302,70.9727249145508,0,0,0,0,0,0,0,0,0,0,0,0,0,0,48.5280613899231,3.97651740938893,0,5.77977149043463,0,10.4945763429006,0,5.89138735595502,0,0,0,0,0,0,0,0,0,4.4852683485224,6.16966721657276,4.44853464194706,15.2489675538509,0,0
0,8.85902261734009,0,0,0,0,0,0,0,5.74248080121146,0,0,0,0,0,0,0,5.5256303855351,0,0,0,7.10092404059001,0,0,0,3.34229271228497,0,0,0,0,0,0,0,0,0,0,0,7.78150296513038,0,0,0,18.5372276306152,0,0,0,0,0,26.0410962104797,58.4007339477539,0,0,0,0,0,0,5.58881737788518,0,0,0,0,0,0,0,0,9.08275742035408,0,3.74219863493364,0,5.89741717615435,0,0,0,0,0,0,0,0,0,0,0,9.06492682749575,55.6835479736328,4.89857652733222,2.94982123374939,18.3155534002516,0,0
0,0,0,0,0,0,0,0,6.6290147439126,0,0,0,0,0,0,0,12.519027883171,28.2607133171775,36.0449104309082,0,0,0,7.99422686516574,0,0,0,4.41921312946919,0,0,0,0,0,0,0,0,0,0,0,3.66457261357989,0,0,0,0,0,0,0,0,0,8.88708068665705,0,0,0,0,0,4.86931993166606,0,0,0,0,0,0,0,0,0,0,3.93197576204936,0,4.64800549212082,0,6.72911228073968,0,0,0,0,0,0,0,0,0,0,0,2.83858871459961,4.99252041366141,0,7.12749434439517,0,0
0,0,0,0,0,0,0,0,0,2.74153673648834,0,0,0,0,0,7.858677983284,0,3.89740497130382,0,0,0,2.94863367080688,0,3.34229271228497,0,0,0,3.05370605510214,0,0,0,0,0,0,0,0,0,0,0,0,0,0,0,0,0,0,0,0,0,0,0,0,0,0,0,0,0,0,0,0,0,3.79605883359909,0,0,14.8371726444789,0,4.66336661161378,0,3.95106435475284,0,4.47799324989319,0,0,0,0,0,0,0,0,0,0,0,3.65069128572941,0,0,0,0
0,0,0,0,0,0,0,0,6.6369124352932,0,0,0,0,0,7.89614494763888,0,8.06714083455704,34.6778538443825,35.3688438960484,0,0,0,8.14375561514044,0,4.41921312946919,0,0,0,4.52488351139155,0,0,0,0,0,0,0,0,0,0,0,0,0,74.5468139648438,0,0,0,0,0,2.73404383659363,0,0,0,0,0,0,0,0,0,2.96083092689514,0,4.0350682258606,0,0,0,0,4.71673710529621,0,4.58795840675766,0,3.93327059866,0,0,0,0,0,0,0,0,0,0,0,0,5.76450170516291,4.59290097440992,0,0,0
0,0,0,0,0,0,0,0,0,0,0,0,0,0,0,0,0,0,0,0,0,3.62256803069004,0,0,0,3.05370605510214,0,0,0,2.86822369098663,0,0,0,0,0,0,0,4.8509980307685,0,0,0,0,0,0,0,0,0,0,0,0,0,0,0,0,0,0,0,0,0,3.50368816511972,0,0,0,0,7.23102592963439,0,0,0,3.39266632324041,0,3.8726890913448,0,4.34479978084564,0,0,0,0,0,0,0,9.17551290408828,0,0,0,0,0,0
0,0,0,0,0,0,0,0,0,0,2.86406510216849,0,2.90818756818771,0,0,0,8.53771758079529,0,0,0,0,0,4.32606332488264,0,0,0,4.52488351139155,0,0,0,4.8817830880483,0,0,0,0,0,0,0,7.48351194604159,0,0,0,0,0,0,0,0,0,0,0,0,0,0,0,0,0,3.24994432926178,0,2.96448481082916,0,0,0,0,0,0,4.52971164385478,0,0,0,3.30769217014313,0,4.49989565811,0,4.86039902065799,0,0,0,0,0,0,0,7.98575449251867,4.02850474289485,3.27129454612732,0,0,0
0,0,0,0,0,0,0,0,0,0,0,13.729391336441,0,0,0,0,0,0,0,0,0,0,0,0,0,0,0,2.86822369098663,0,0,0,0,0,0,0,0,0,3.19643275159778,0,0,0,0,0,0,0,0,0,0,0,0,0,0,0,0,0,0,0,6.63125229733331,0,0,0,0,0,0,0,0,0,0,0,0,2.93325290169035,0,6.97657027423094,0,0,0,0,0,0,0,3.5220211652609,0,2.73810023069382,0,0,0,0
0,0,0,0,0,0,0,0,0,0,5.16042546586617,0,0,0,0,0,80.6300354003906,0,43.2193997701009,0,6.71648054122925,0,0,0,0,0,0,0,4.8817830880483,0,0,0,0,0,0,0,0,0,3.23657360742258,0,43.6372375488281,0,21.1986292203267,0,0,0,0,0,24.9649829864502,0,0,0,0,0,0,0,5.85926898703518,0,0,0,0,0,0,16.0536437315099,0,0,0,0,0,0,0,0,0,4.05710961264693,0,0,0,0,0,56.1741027832031,0,3.27871578204923,8.65641607909367,0,28.1145334243774,0,20.1503270467122
0,0,0,0,0,0,0,0,0,0,0,0,0,0,0,0,0,0,0,0,0,0,0,0,0,0,0,0,0,0,0,0,4.07884508795319,9.59767721638535,15.4025896655189,3.31665975785669,7.8821665763855,0,0,0,0,0,0,0,0,0,0,4.98037470825787,0,0,0,0,0,0,0,0,0,0,0,0,0,0,0,0,0,0,0,0,0,0,0,0,0,0,4.89341969063073,6.79235468768843,8.69071212482913,14.3989338141221,5.58967488310324,14.8217994144985,0,0,3.81582701670659,0,0,0,0
0,0,0,0,0,0,0,0,0,0,0,0,0,0,0,0,0,0,0,0,0,0,0,0,0,0,0,0,0,0,0,4.07884508795319,0,4.33188002828568,11.7897385975993,2.96189832687378,3.62092427909374,0,0,0,0,0,0,0,0,0,0,4.15021655137314,3.55010271072388,0,0,0,0,0,0,0,0,0,0,0,0,0,0,0,0,0,0,0,0,0,0,0,0,0,5.79430183792114,5.22360384779173,10.4184610843658,10.5079063936516,14.2171502113342,5.09706586409526,0,0,3.09600896686796,0,0,0,0
0,0,0,0,0,0,0,0,0,0,0,0,0,0,0,0,0,0,54.2640190124512,0,0,26.6454124450684,0,0,0,0,0,0,0,0,0,9.59767721638535,4.33188002828568,0,4.34284171125581,6.60109478731071,0,6.65822954326868,6.43696880531311,35.6174087524414,0,14.7201189313616,15.5450038909912,0,0,0,0,6.50545645937162,27.8960838317871,7.36210824893071,0,0,0,0,0,0,0,0,0,0,0,0,0,0,35.5443420410156,0,0,0,0,0,0,0,0,0,7.95249028041445,7.90985013643901,5.01544057541009,4.67143509212341,9.76162931910235,0,5.39687182592309,5.68070442026312,4.02100327255529,0,19.7188019365878,0,0
0,0,0,0,0,0,0,0,0,0,0,0,0,0,0,0,0,0,0,0,0,0,0,0,0,0,0,0,0,0,0,15.4025896655189,11.7897385975993,4.34284171125581,0,0,5.60965601760044,5.23894224606507,4.80688011407852,0,0,0,0,0,0,0,0,5.40338630713186,15.1124957084656,0,0,0,0,0,0,0,0,0,0,0,0,0,0,0,0,0,0,0,0,0,0,0,0,0,17.3823862075806,9.5964206189252,5.20255079198239,4.63440775548566,0,5.520783796529,0,7.40256064062174,3.53701361742887,0,0,0,0
0,0,0,56.2982988357544,0,22.8130353291829,0,0,0,0,0,3.03818476123195,0,0,0,0,0,0,83.7501955032349,9.33286266577871,0,0,0,0,0,0,0,0,0,0,0,3.31665975785669,2.96189832687378,6.60109478731071,0,0,3.32016142215134,9.67850926895492,5.61544142829047,4.30350077946981,27.8390636444092,56.6614527021136,30.6384544372559,56.6646633148193,0,21.1683347234395,0,10.4202102902982,15.120820742387,21.9386045550123,0,23.4483262207549,0,0,0,0,0,18.9451518369758,0,21.2474813461304,0,0,11.5525305441622,0,0,0,0,0,0,0,0,0,0,0,21.925157494482,3.38331564267476,10.263368158151,0,6.11257069119571,4.28714417581973,15.2071452045845,0,5.65511505542541,3.5207707211991,19.9851469182106,62.7498512268066,0
0,0,8.79489326477051,0,26.0754928950695,0,0,0,0,0,4.09346774868343,0,0,0,0,0,79.8135814666748,100.372989654541,77.3625862666539,0,7.23308960271655,0,0,0,0,0,0,0,0,0,0,7.8821665763855,3.62092427909374,0,5.60965601760044,3.32016142215134,0,3.57234467778887,10.5620022624239,91.2083511352539,54.2961802675917,173.982849121094,45.522935145297,0,0,0,34.7633345854198,10.1019349017727,27.7502592534435,24.2381331125895,24.9056713316176,0,0,0,0,0,33.7588382363319,0,0,0,0,0,0,24.1803862125643,0,0,0,0,0,0,0,0,179.264877319336,49.0899773531182,13.2012147903442,18.2542147302961,0,23.4685334444046,7.2774526263183,9.42538249143887,0,15.6740634884651,8.34227151421115,4.90217660684434,19.1210262785787,0,46.7660423415048
0,0,0,62.6848526000977,0,0,0,0,0,6.8531982475545,0,3.74555167796319,0,0,0,0,0,0,62.21451142255,4.31151701056439,0,6.64159358747049,36.97332072258,7.78150296513038,0,0,0,4.8509980307685,0,3.19643275159778,0,0,0,6.65822954326868,5.23894224606507,9.67850926895492,3.57234467778887,0,4.25478349253274,0,0,10.2549975559276,21.6962987263997,54.3628516197205,0,45.4812601650462,0,7.95691715428476,31.1904047813968,11.088914903005,0,0,0,0,0,6.08546298742294,0,6.29430880904198,0,0,0,0,20.2861845297892,0,13.5698693249154,0,7.08643799307244,0,0,0,0,0,3.51833806803197,0,0,0,4.77389537112814,4.84342241287231,14.0643917819045,112.964096069336,6.71080147856186,5.70724010761355,5.66568499387017,3.52555055727904,12.5592444108401,0,0
46.4494280815125,0,0,0,0,0,0,0,6.65523558855057,0,4.06631448752898,0,0,0,0,0,53.9775848388672,0,68.0141628583272,0,7.27073338072179,3.0518788902127,4.13047110285264,0,3.66457261357989,0,0,0,7.48351194604159,0,3.23657360742258,0,0,6.43696880531311,4.80688011407852,5.61544142829047,10.5620022624239,4.25478349253274,0,0,64.2435932159424,55.0648708343506,11.2807787707413,0,0,0,35.2682732582092,7.67593230355171,5.64341698236814,38.3053598403931,0,0,0,0,0,0,8.74371087551117,0,0,0,0,0,0,17.7730568038474,47.5756740570068,8.63631136123448,33.9476585388184,3.75872677437803,0,0,0,11.6316180229187,0,42.8637123505274,0,0,9.10229031935982,5.08031134751007,0,16.1335175919107,5.52163914630288,5.44655366950265,7.35341405106353,5.17840441217118,9.62614603714796,0,47.6649255337922
0,41.1363220214844,0,52.1109962463379,0,45.3918838500977,0,0,0,0,0,0,0,0,0,0,88.106689453125,73.7102869095341,55.6690044765002,42.1967748006185,0,0,0,0,0,0,0,0,0,0,0,0,0,35.6174087524414,0,4.30350077946981,91.2083511352539,0,0,0,0,26.7505398160655,79.238068262736,36.7225019931793,0,19.2509416852679,0,18.0055579211977,0,10.776619318952,0,49.9263801574707,0,0,0,0,0,48.9697855435885,0,0,0,0,8.41046376599894,87.5859756469727,0,0,0,0,0,0,0,0,47.9647023818072,0,27.2574921156231,0,0,0,17.5089420548662,123.467698669434,51.7327076196671,96.6046772003174,41.2625460704836,0,16.3468288911532,32.8908879240076,73.6076498031616
29.8895757198334,0,0,36.4887924194336,43.2264842987061,0,0,0,0,0,49.7179260253906,0,0,0,0,0,62.8957256476084,82.1386725107829,44.9809816578579,0,43.0803031921387,0,0,0,0,0,0,0,0,0,43.6372375488281,0,0,0,0,27.8390636444092,54.2961802675917,0,64.2435932159424,0,0,80.8270435333252,20.7743743085261,0,19.5498237609863,0,11.5017809024671,8.74765865943011,9.68462517261505,0,0,0,0,0,0,0,50.1821877797445,0,0,0,0,0,60.1615657806396,14.7396597617342,0,0,0,0,0,0,0,0,80.144344329834,33.6772036357802,0,4.14244251424859,0,0,90.6019172668457,18.3291338896817,90.9710960388184,17.5780351787116,43.8193162184795,0,17.1177181441178,64.2509155273438,21.2751354482439
0,25.8772457737789,0,28.6484052463065,0,46.2252349853516,0,0,0,20.3354660669963,0,0,0,0,0,0,70.8661986641262,58.1336791737874,42.2371699098009,43.6593707158015,0,0,0,18.5372276306152,0,0,0,0,0,0,0,0,0,14.7201189313616,0,56.6614527021136,173.982849121094,10.2549975559276,55.0648708343506,26.7505398160655,80.8270435333252,0,12.9475706274369,74.0904998779297,0,39.5713837941488,0,10.4083511579536,19.3800915990557,14.9457624765085,0,73.8714447021484,0,0,0,20.5877706209819,60.2592258453369,20.0415664014719,0,0,0,21.351062297821,28.0893289889059,75.9733505249023,27.9556579589844,0,11.5396823883057,0,0,0,24.4796048800151,0,20.4894791705496,79.4872121810913,0,0,0,0,30.6336127371176,95.1912137811834,35.5897407652457,69.7714819474654,19.2088054610319,0,17.8175124963333,15.3457838684517,47.4902477264404
20.1712134379261,0,24.911675894151,42.6591758728027,42.0888729095459,43.3037389119466,0,0,7.30594841355369,0,36.9445471763611,0,0,0,0,0,48.0109302656991,64.2188659336256,33.575988512417,50.5281600952148,58.4608588218689,39.0042018890381,27.4080009460449,0,0,0,74.5468139648438,0,0,0,21.1986292203267,0,0,15.5450038909912,0,30.6384544372559,45.522935145297,21.6962987263997,11.2807787707413,79.238068262736,20.7743743085261,12.9475706274369,0,0,12.1182315349579,0,22.4478867635494,10.1886063806689,12.366514290731,14.821056116195,63.8265609741211,0,0,0,11.1854028701782,0,21.1036244529595,0,0,0,0,0,41.533805847168,25.506087768287,42.7391967773438,0,0,0,0,0,0,0,57.7098274230957,20.2989007888053,0,0,0,18.7092912991842,83.7316398620605,27.9740161330393,70.5742837905884,30.7741074940515,21.820481479397,0,15.6456025182931,26.6037051147885,8.2608796393859
0,0,0,84.5474700927734,0,0,0,0,0,0,0,0,0,0,0,0,0,48.6391754150391,18.0392603214751,0,0,0,0,0,0,0,0,0,0,0,0,0,0,0,0,56.6646633148193,0,54.3628516197205,0,36.7225019931793,0,74.0904998779297,0,0,0,0,0,0,0,0,0,0,0,0,0,0,0,18.9106633663177,0,0,0,0,0,0,0,0,0,0,0,0,0,0,21.0725250244141,0,0,0,0,0,42.9366082730501,0,29.0211366017659,0,23.4072090983391,0,24.3266981442769,14.7635812759399,0
0,0,0,0,0,0,0,0,0,0,0,0,0,0,0,0,0,0,0,0,0,0,0,0,0,0,0,0,0,0,0,0,0,0,0,0,0,0,0,0,19.5498237609863,0,12.1182315349579,0,0,0,11.1354064941406,0,0,0,0,0,0,0,0,0,0,0,0,0,0,0,0,0,0,0,0,0,0,0,0,0,0,0,0,0,0,0,0,36.3871946334839,0,0,0,0,0,0,0
0,0,0,0,0,16.0292987823486,0,0,0,0,0,0,0,0,0,0,0,0,49.0526917775472,0,0,0,0,0,0,0,0,0,0,0,0,0,0,0,0,21.1683347234395,0,45.4812601650462,0,19.2509416852679,0,39.5713837941488,0,0,0,0,0,45.7747955322266,0,29.7628998475916,0,15.1372076670329,0,0,0,0,0,13.4359182944665,0,12.9241189956665,0,0,13.1816853581386,0,0,0,0,0,0,0,0,0,15.7369467791389,0,0,0,0,0,30.5362725842871,0,21.8585568029656,0,31.0740580558777,0,11.787345039122,62.8653621673584,0
0,0,0,0,0,0,0,0,0,0,10.9091014862061,0,0,0,0,0,45.0801734924316,0,34.6677479994924,0,25.4840297698975,0,0,0,0,0,0,0,0,0,0,0,0,0,0,0,34.7633345854198,0,35.2682732582092,0,11.5017809024671,0,22.4478867635494,0,11.1354064941406,0,0,36.4582183837891,28.9527337447457,0,0,0,0,0,0,0,16.5962154070536,0,0,0,0,0,0,10.1639261417782,0,0,0,0,0,0,0,0,0,34.1610403060913,0,0,0,0,0,25.6717327156659,0,18.7715188711462,28.2346350987752,0,21.7338400076871,0,0
0,0,0,46.4966254461379,54.7768707275391,55.1206834581163,0,0,0,0,0,0,0,0,0,0,0,0,44.848747253418,49.5696133700284,56.4491195678711,27.9553618621826,32.3373906877306,26.0410962104797,0,0,0,0,0,0,0,4.98037470825787,4.15021655137314,6.50545645937162,5.40338630713186,10.4202102902982,10.1019349017727,7.95691715428476,7.67593230355171,18.0055579211977,8.74765865943011,10.4083511579536,10.1886063806689,0,0,45.7747955322266,36.4582183837891,0,9.71004491001666,7.46996047156198,48.2760810852051,56.4691829681396,0,0,0,0,52.4449844360352,56.2428499857585,0,0,0,0,51.0723512437608,49.4678327560425,31.108256767536,33.418806552887,20.9136114120483,0,0,0,0,0,63.8100344340006,0,7.02177865516795,7.28959959754977,6.78952431143,6.10062995122347,6.08903548925765,5.74444217401761,7.26094480060594,23.5296123645924,15.067690572475,0,16.8842379983927,17.7252439498901,43.1785049438477
3.49651895773696,0,2.99853925704956,36.9885730743408,44.4335333506266,44.9988536834717,0,0,4.33133236567179,55.0285758972168,0,0,0,0,0,0,0,55.829158782959,33.4651538133621,41.5973472595215,44.7835106319851,49.5195693969727,8.84452934212302,58.4007339477539,8.88708068665705,0,2.73404383659363,0,0,0,24.9649829864502,0,3.55010271072388,27.8960838317871,15.1124957084656,15.120820742387,27.7502592534435,31.1904047813968,5.64341698236814,0,9.68462517261505,19.3800915990557,12.366514290731,0,0,0,28.9527337447457,9.71004491001666,0,9.59614267454043,36.9512577056885,0,0,0,3.25297371546427,0,22.6617527992006,55.3138885498047,4.3377431305972,0,4.15015087657505,0,46.395435333252,41.5324890382828,51.9123254255815,10.7561019348376,42.6563987731934,6.80112334943953,0,2.94669818878174,0,16.041130065918,53.046501159668,49.4642464319865,0,5.22120954679406,0,7.25849878787994,0,11.4186064758987,36.0376159667969,8.02615288100958,24.6890251760029,0,13.4339369667358,0,30.6728472709656
0,7.02994032549191,0,29.8151131601476,0,40.6541840524384,0,0,0,3.0606095790863,0,0,0,0,0,0,0,0,54.7483614285787,40.3628276701896,0,11.1545243069932,70.9727249145508,0,0,0,0,0,0,0,0,0,0,7.36210824893071,0,21.9386045550123,24.2381331125895,11.088914903005,38.3053598403931,10.776619318952,0,14.9457624765085,14.821056116195,0,0,29.7628998475916,0,7.46996047156198,9.59614267454043,0,0,42.7724609375,0,0,0,2.74296124776204,0,13.7514231461745,0,6.81298349820651,0,5.62976425090343,31.840099703881,47.6448860168457,9.18971370859484,0,4.73504349650169,0,4.30679976447555,0,5.54483630997794,0,24.2030276879668,0,0,0,3.16953802108765,0,8.42838480800822,12.6270642280579,9.42837962124245,46.5256601969401,21.8649174335841,0,15.3839074726036,15.8869061674391,0
10.7906475067139,0,4.32929581349049,0,3.18327135375783,0,0,0,0,0,0,0,0,0,0,0,0,0,0,0,8.25117027759552,0,0,0,0,0,0,0,0,0,0,0,0,0,0,0,24.9056713316176,0,0,0,0,0,63.8265609741211,0,0,0,0,48.2760810852051,36.9512577056885,0,0,0,0,0,0,0,4.08911909812536,0,3.70776337327309,0,2.74445676803589,0,0,8.20209870190747,0,0,0,0,0,0,0,0,0,0,0,0,0,0,0,20.410590217227,0,0,29.3391541639964,0,6.7701311681026,0,0
0,0,0,9.3564076423645,0,3.61538878159645,0,2.9823315896486,0,3.34864718072555,0,0,0,0,0,3.31303265359667,0,0,0,5.27791824011967,0,0,0,0,0,0,0,0,0,0,0,0,0,0,0,23.4483262207549,0,0,0,49.9263801574707,0,73.8714447021484,0,0,0,15.1372076670329,0,56.4691829681396,0,42.7724609375,0,0,0,0,0,3.33078429278205,75.6752014160156,3.89873337745667,0,2.9616961479187,0,3.1569436788559,10.264710516543,0,0,0,0,0,0,0,0,0,0,0,0,0,0,0,18.10792992607,0,0,0,3.52101566195488,0,10.2944148848474,0,0
0,0,0,0,2.74819993972778,0,3.40863513823795,0,0,0,3.70506989210844,0,0,0,0,0,0,0,0,0,7.8248143196106,0,0,0,0,0,0,0,0,0,0,0,0,0,0,0,0,0,0,0,0,0,0,0,0,0,0,0,0,0,0,0,0,0,0,0,3.14320821028489,0,0,0,0,0,0,0,0,0,0,0,0,0,0,0,0,0,0,0,0,0,0,0,0,0,3.24866033554077,0,0,0,0
0,0,0,0,0,0,0,3.33236331939697,0,0,0,3.86165922028678,0,2.7491055727005,0,0,0,0,0,0,0,0,0,0,0,0,0,0,0,0,0,0,0,0,0,0,0,0,0,0,0,0,0,0,0,0,0,0,0,0,0,0,0,0,0,0,0,3.70280803186784,0,0,0,0,0,0,0,0,0,0,0,0,0,0,0,0,0,0,0,0,0,0,0,0,0,0,0,0,0
6.46997627106003,0,3.60961778277443,0,0,0,0,0,4.39802767617784,0,0,0,0,0,3.1724487726505,0,0,0,0,0,0,0,0,0,4.86931993166606,0,0,0,0,0,0,0,0,0,0,0,0,0,0,0,0,0,11.1854028701782,0,0,0,0,0,3.25297371546427,0,0,0,0,0,0,0,0,0,0,0,4.0180561542511,0,0,0,0,0,0,3.41481975948109,0,0,0,0,0,0,0,0,0,0,0,0,0,3.21011574414312,7.68859494527181,0,27.822868347168,0,0
0,3.76214906904432,0,3.79645657539368,0,3.11420884132385,0,0,0,4.31666227894609,0,0,0,0,0,0,0,0,0,0,0,0,0,5.58881737788518,0,0,0,0,0,0,0,0,0,0,0,0,0,6.08546298742294,0,0,0,20.5877706209819,0,0,0,0,0,0,0,2.74296124776204,0,3.33078429278205,0,0,0,0,0,0,0,0,0,4.88430572464353,0,0,0,0,4.90663254611632,0,0,0,0,0,0,0,0,0,0,0,0,0,7.348047067117,0,5.05197372436523,0,7.66753117587913,0,0
30.25763630867,0,24.9784172577194,0,36.6464080810547,0,3.15176759405834,0,0,0,6.34267197805561,0,3.47921653894278,0,0,0,56.5904288040964,88.5296859741211,40.84002432359,0,6.01640862577102,0,0,0,0,0,0,0,3.24994432926178,0,5.85926898703518,0,0,0,0,0,33.7588382363319,0,8.74371087551117,0,50.1821877797445,60.2592258453369,21.1036244529595,0,0,0,16.5962154070536,52.4449844360352,22.6617527992006,0,4.08911909812536,75.6752014160156,3.14320821028489,0,0,0,0,0,3.46686252232256,0,6.29676060572914,0,0,9.89577081639495,0,0,0,0,0,11.4803895950317,0,4.26524869600932,0,9.2435195290455,0,0,0,0,90.8314361572266,47.7915263239543,75.577018737793,46.4961544036865,17.5058460643493,0,18.4323499806933,54.7842292785645,20.1163648522418
0,29.2843098110623,0,20.8210034825829,0,0,0,4.3906116440038,0,0,0,7.35614017721743,0,3.5460542678833,0,0,86.7769241333008,73.1339721679688,31.9231418022743,3.20713268007551,0,0,0,0,0,0,0,0,0,6.63125229733331,0,0,0,0,0,18.9451518369758,0,6.29430880904198,0,48.9697855435885,0,20.0415664014719,0,18.9106633663177,0,13.4359182944665,0,56.2428499857585,55.3138885498047,13.7514231461745,0,3.89873337745667,0,3.70280803186784,0,0,0,0,0,3.57683796387214,0,3.5808584690094,9.02321760128317,0,0,0,0,0,0,0,5.64794437544686,0,7.97317260066272,0,0,0,0,0,39.1359530519848,0,7.3734740969501,0,33.6585759874703,0,11.9934283835228,24.9048360895227,0
0,0,3.20166581869125,0,7.40679121017456,0,2.88705031077067,0,0,0,3.50579595565796,0,3.23494731883208,0,2.96122531890869,0,0,0,0,0,0,0,0,0,0,0,2.96083092689514,0,2.96448481082916,0,0,0,0,0,0,0,0,0,0,0,0,0,0,0,0,0,0,0,4.3377431305972,0,3.70776337327309,0,0,0,0,0,3.46686252232256,0,0,0,4.18162217310497,0,0,0,0,0,0,0,0,6.15915511612199,0,5.48939678605518,0,0,0,0,0,0,0,0,0,0,0,0,3.16774749755859,0,0
0,4.86062526702881,0,5.8270236309685,0,0,0,0,0,0,0,3.76683779557546,0,3.88243672879822,0,0,0,0,0,0,0,0,0,0,0,0,0,3.50368816511972,0,0,0,0,0,0,0,21.2474813461304,0,0,0,0,0,0,0,0,0,12.9241189956665,0,0,0,6.81298349820651,0,2.9616961479187,0,0,0,0,0,3.57683796387214,0,0,0,3.79844343301022,10.8866493225098,0,0,0,0,0,5.27272702347149,0,3.68491629395352,0,0,0,0,0,0,0,0,0,0,0,0,0,8.67521367255819,0,0
3.16975069046021,0,2.74596786499023,0,0,0,0,0,5.54528770446777,0,0,0,0,0,0,0,0,0,0,0,0,0,0,0,0,0,4.0350682258606,0,0,0,0,0,0,0,0,0,0,0,0,0,0,0,0,0,0,0,0,0,4.15015087657505,0,2.74445676803589,0,0,0,4.0180561542511,0,6.29676060572914,0,4.18162217310497,0,0,0,0,0,0,0,0,0,0,5.42298036813736,0,4.73561285563878,0,0,0,0,0,0,0,0,0,0,0,0,0,0,0
0,4.47021535149327,0,5.6941670070995,0,0,0,0,0,2.90808267593384,0,0,0,3.73574728625161,0,3.05205275898888,0,0,0,0,0,0,0,0,0,3.79605883359909,0,0,0,0,0,0,0,0,0,0,0,0,0,0,0,21.351062297821,0,0,0,0,0,0,0,5.62976425090343,0,3.1569436788559,0,0,0,4.88430572464353,0,3.5808584690094,0,3.79844343301022,0,0,0,0,0,0,5.0504207611084,0,4.15558518229665,0,3.57223135394019,0,0,0,0,0,0,0,0,0,0,0,7.34840124845505,3.90351712703705,10.1831990786961,0,0
0,0,0,21.848829070727,0,56.4943351745605,0,0,0,0,0,5.1474522767146,0,0,0,0,0,85.227897644043,52.9136850937553,3.96722043683176,0,0,0,0,0,0,0,0,0,0,0,0,0,0,0,11.5525305441622,0,20.2861845297892,0,8.41046376599894,60.1615657806396,28.0893289889059,41.533805847168,0,0,13.1816853581386,0,51.0723512437608,46.395435333252,31.840099703881,0,10.264710516543,0,0,0,0,0,9.02321760128317,0,10.8866493225098,0,0,0,0,0,0,0,0,0,0,11.953272819519,0,14.2702172151692,0,0,0,0,0,14.8488017140362,0,15.6243672586038,138.463516235352,20.8415870785713,0,12.8722828312347,35.2296161651611,0
30.5765609741211,0,21.8162940979004,0,10.8700585703102,0,9.42085886001587,0,0,0,11.9348672791703,0,0,0,0,0,48.8605308532715,78.6309089660645,47.5163542712176,0,7.06440614127692,0,0,0,0,0,0,0,0,0,16.0536437315099,0,0,0,0,0,24.1803862125643,0,17.7730568038474,87.5859756469727,14.7396597617342,75.9733505249023,25.506087768287,0,0,0,10.1639261417782,49.4678327560425,41.5324890382828,47.6448860168457,8.20209870190747,0,0,0,0,0,9.89577081639495,0,0,0,0,0,0,0,0,0,0,0,0,0,0,0,0,16.0092696831727,0,0,0,0,120.779251098633,12.5732596166307,100.690040588379,16.1153953832772,36.5969149371556,0,16.6305668902199,0,22.3406984329224
0,0,0,0,0,0,0,0,0,0,0,0,0,0,0,0,0,2.93116529782613,0,0,0,5.06127408361927,48.5280613899231,9.08275742035408,0,14.8371726444789,0,7.23102592963439,0,0,0,0,0,35.5443420410156,0,0,0,13.5698693249154,47.5756740570068,0,0,27.9556579589844,42.7391967773438,0,0,0,0,31.108256767536,51.9123254255815,9.18971370859484,0,0,0,0,0,0,0,0,0,0,0,0,0,0,0,0,7.68318316222897,0,12.1681906126081,0,9.82585785875577,0,0,0,0,0,0,0,0,0,12.7497483989474,61.7959849039714,15.8504665462594,0,39.738137960434,0,0
0,0,0,0,0,0,0,0,0,0,0,0,0,0,0,0,9.23021424611409,0,0,0,0,3.90307712554932,3.97651740938893,0,3.93197576204936,0,4.71673710529621,0,4.52971164385478,0,0,0,0,0,0,0,0,0,8.63631136123448,0,0,0,0,0,0,0,0,33.418806552887,10.7561019348376,0,0,0,0,0,0,0,0,0,0,0,0,0,0,0,0,0,0,4.06538998248965,0,3.53234452377131,0,2.74879789352417,0,0,0,0,0,0,0,0,0,5.13986468719224,4.02152800424532,3.80015420913696,20.8577275276184,0,0
0,3.32649669647217,0,0,0,0,0,0,0,4.58375871181488,0,0,0,0,0,0,0,0,0,0,0,6.57327327456499,0,3.74219863493364,0,4.66336661161378,0,0,0,0,0,0,0,0,0,0,0,7.08643799307244,33.9476585388184,0,0,11.5396823883057,0,0,0,0,0,20.9136114120483,42.6563987731934,4.73504349650169,0,0,0,0,0,4.90663254611632,0,0,0,0,0,5.0504207611084,0,0,7.68318316222897,0,0,0,7.78145201841191,0,10.9494010983852,0,0,0,0,0,0,0,0,0,4.22502546020176,0,7.27484352633638,0,11.2927793047645,0,0
0,0,0,0,0,0,0,0,4.46124431961461,0,0,0,0,0,0,0,0,0,0,0,0,0,5.77977149043463,0,4.64800549212082,0,4.58795840675766,0,0,0,0,0,0,0,0,0,0,0,3.75872677437803,0,0,0,0,0,0,0,0,0,6.80112334943953,0,0,0,0,0,3.41481975948109,0,0,0,0,0,0,0,0,0,0,4.06538998248965,0,0,0,4.14695031113095,0,0,0,0,0,0,0,0,0,0,0,3.73451444235715,4.07825473710602,0,8.14386945421045,0,0
0,0,0,0,0,0,0,0,0,0,0,0,0,0,0,0,0,4.09933743787848,0,0,0,15.5573195887775,0,5.89741717615435,0,3.95106435475284,0,3.39266632324041,0,0,0,0,0,0,0,0,0,0,0,0,0,0,0,0,0,0,0,0,0,4.30679976447555,0,0,0,0,0,0,0,0,0,5.27272702347149,0,4.15558518229665,0,0,12.1681906126081,0,7.78145201841191,0,0,0,5.53147805971368,0,0,0,0,0,0,0,0,0,0,0,3.57426786422729,0,0,0,0
0,0,0,0,0,0,0,0,0,0,0,0,0,0,0,0,12.0387706160545,0,0,0,0,0,10.4945763429006,0,6.72911228073968,0,3.93327059866,0,3.30769217014313,0,0,0,0,0,0,0,0,0,0,0,0,0,0,0,0,0,0,0,2.94669818878174,0,0,0,0,0,0,0,11.4803895950317,0,6.15915511612199,0,5.42298036813736,0,0,0,0,3.53234452377131,0,4.14695031113095,0,0,0,4.33583998957346,0,0,0,0,0,0,0,0,0,0,6.09646432975243,0,0,0,0
0,0,0,0,0,0,0,0,0,0,0,0,0,0,0,0,0,0,26.5744409561157,0,0,7.45896710668291,0,0,0,4.47799324989319,0,3.8726890913448,0,2.93325290169035,0,0,0,0,0,0,0,0,0,0,0,24.4796048800151,0,0,0,0,0,0,0,5.54483630997794,0,0,0,0,0,0,0,5.64794437544686,0,3.68491629395352,0,3.57223135394019,11.953272819519,0,9.82585785875577,0,10.9494010983852,0,5.53147805971368,0,0,0,5.93502523475572,0,0,0,0,0,0,0,4.89150790258276,0,0,0,16.3513938096853,0,0
0,0,0,0,0,0,0,0,0,0,0,0,0,0,0,0,0,0,0,0,0,0,5.89138735595502,0,0,0,0,0,4.49989565811,0,0,0,0,0,0,0,0,0,11.6316180229187,0,0,0,0,0,0,0,0,0,16.041130065918,0,0,0,0,0,0,0,4.26524869600932,0,5.48939678605518,0,4.73561285563878,0,0,0,0,2.74879789352417,0,0,0,4.33583998957346,0,0,0,3.53993403225045,0,0,0,0,0,0,0,3.91505879194309,14.8954771266264,0,0,0,0
0,28.3450552622477,0,29.0558920254109,0,0,0,0,0,0,0,17.2488373854221,0,14.816255569458,0,0,90.3458518981934,66.8044052124023,32.0498165711761,0,0,0,0,0,0,0,0,4.34479978084564,0,6.97657027423094,0,0,0,0,0,0,179.264877319336,3.51833806803197,0,47.9647023818072,80.144344329834,20.4894791705496,57.7098274230957,21.0725250244141,0,15.7369467791389,0,63.8100344340006,53.046501159668,24.2030276879668,0,0,0,0,0,0,0,7.97317260066272,0,0,0,0,14.2702172151692,0,0,0,0,0,0,0,5.93502523475572,0,0,0,0,0,0,0,52.7140331606893,98.5302505493164,7.03659651579557,0,37.1768144760689,0,19.7915808942978,19.8365100842935,53.9467582702637
29.0723786354065,0,30.0499375661214,0,0,0,0,0,0,0,5.67082820298537,0,0,0,0,0,47.5819762445265,105.623018264771,44.7977692022556,0,6.54518536974986,0,0,0,0,0,0,0,4.86039902065799,0,4.05710961264693,0,0,0,0,0,49.0899773531182,0,42.8637123505274,0,33.6772036357802,79.4872121810913,20.2989007888053,0,0,0,34.1610403060913,0,49.4642464319865,0,0,0,0,0,0,0,9.2435195290455,0,0,0,0,0,0,16.0092696831727,0,0,0,0,0,0,0,3.53993403225045,0,0,0,0,0,0,96.861234664917,42.4133715533247,78.148063659668,8.6428387204806,39.6280206073414,0,16.4259887581412,0,20.6806150460343
0,0,0,0,0,0,0,0,0,0,0,0,0,0,0,0,0,0,0,0,0,0,0,0,0,0,0,0,0,0,0,4.89341969063073,5.79430183792114,7.95249028041445,17.3823862075806,21.925157494482,13.2012147903442,0,0,27.2574921156231,0,0,0,0,0,0,0,7.02177865516795,0,0,0,0,0,0,0,0,0,0,0,0,0,0,0,0,0,0,0,0,0,0,0,0,0,0,0,14.5466484830186,5.2354804587814,13.5241218143039,15.1989622031511,19.2238327101165,0,0,6.71615935574059,0,0,0,0
0,0,0,0,0,0,0,0,0,0,0,0,0,0,0,0,0,0,0,0,0,0,0,0,0,0,0,0,0,0,0,6.79235468768843,5.22360384779173,7.90985013643901,9.5964206189252,3.38331564267476,18.2542147302961,0,0,0,4.14244251424859,0,0,0,0,0,0,7.28959959754977,5.22120954679406,0,0,0,0,0,0,0,0,0,0,0,0,0,0,0,0,0,0,0,0,0,0,0,0,0,14.5466484830186,0,13.0329759261187,5.85727351686733,23.503029395794,13.7196996874829,0,0,5.31968058534415,0,28.921329498291,0,0
0,0,0,0,0,0,0,0,0,0,0,0,0,0,0,0,0,0,0,0,0,0,0,0,0,0,0,0,0,0,0,8.69071212482913,10.4184610843658,5.01544057541009,5.20255079198239,10.263368158151,0,4.77389537112814,9.10229031935982,0,0,0,0,0,0,0,0,6.78952431143,0,3.16953802108765,0,0,0,0,0,0,0,0,0,0,0,0,0,0,0,0,0,0,0,0,0,0,0,0,5.2354804587814,13.0329759261187,0,10.3886279847887,9.15472793579102,0,3.46908510131324,9.89409003257751,3.60915458985667,0,21.0807450612386,0,0
0,0,0,0,0,0,0,0,0,0,0,0,0,0,0,0,0,0,50.1626167297363,0,0,0,0,0,0,0,0,0,0,0,0,14.3989338141221,10.5079063936516,4.67143509212341,4.63440775548566,0,23.4685334444046,4.84342241287231,5.08031134751007,0,0,0,18.7092912991842,0,0,0,0,6.10062995122347,7.25849878787994,0,0,0,0,0,0,0,0,0,0,0,0,0,0,0,0,0,0,0,0,0,0,0,0,0,13.5241218143039,5.85727351686733,10.3886279847887,0,0,5.97662710183197,0,4.86679487824805,5.67391735271816,0,12.92635679245,0,0
0,48.7918004989624,0,48.9420453963741,0,26.5337200164795,0,0,0,0,0,0,0,0,0,0,84.6875573016228,81.1445686526415,59.5734622480839,6.25182087064365,0,0,0,0,0,0,0,0,0,0,0,5.58967488310324,14.2171502113342,9.76162931910235,0,6.11257069119571,7.2774526263183,14.0643917819045,0,17.5089420548662,90.6019172668457,30.6336127371176,83.7316398620605,42.9366082730501,0,30.5362725842871,0,6.08903548925765,0,8.42838480800822,0,18.10792992607,0,0,0,0,90.8314361572266,39.1359530519848,0,0,0,0,14.8488017140362,120.779251098633,0,0,0,0,0,0,0,0,52.7140331606893,96.861234664917,15.1989622031511,23.503029395794,9.15472793579102,0,0,49.3936184904629,15.032398590008,99.8339328765869,19.5290326904243,3.79462573479633,25.7590337827272,34.527546164864,73.2714233398438
35.9983527443626,0,78.9786024093628,0,21.8947565078735,43.197696685791,0,0,0,0,44.320477771759,0,0,0,0,0,68.2659091756801,90.0937057244973,54.1443667310484,0,10.6487693002379,0,0,0,0,0,0,0,0,0,56.1741027832031,14.8217994144985,5.09706586409526,0,5.520783796529,4.28714417581973,9.42538249143887,112.964096069336,16.1335175919107,123.467698669434,18.3291338896817,95.1912137811834,27.9740161330393,0,36.3871946334839,0,25.6717327156659,5.74444217401761,11.4186064758987,12.6270642280579,20.410590217227,0,0,0,0,0,47.7915263239543,0,0,0,0,0,0,12.5732596166307,0,0,0,0,0,0,0,0,98.5302505493164,42.4133715533247,19.2238327101165,13.7196996874829,0,5.97662710183197,49.3936184904629,0,121.100495020549,16.1902099411948,23.8104452328966,4.73518934951821,22.2700411335218,64.5753555297852,28.5802431338323
0,36.9158657073975,0,37.0807185490926,0,0,0,0,0,7.14934849979902,0,4.75585022622889,0,0,0,0,77.2423464457194,75.4116710316051,43.2990690948766,10.7830980618795,0,9.85095928369492,0,9.06492682749575,0,0,0,9.17551290408828,0,3.5220211652609,0,0,0,5.39687182592309,0,15.2071452045845,0,6.71080147856186,5.52163914630288,51.7327076196671,90.9710960388184,35.5897407652457,70.5742837905884,29.0211366017659,0,21.8585568029656,0,7.26094480060594,36.0376159667969,9.42837962124245,0,0,0,0,0,7.348047067117,75.577018737793,7.3734740969501,0,0,0,0,15.6243672586038,100.690040588379,12.7497483989474,0,4.22502546020176,0,0,0,4.89150790258276,0,7.03659651579557,78.148063659668,0,0,3.46908510131324,0,15.032398590008,121.100495020549,0,81.8273682594299,32.6815177975315,3.16830861568451,23.7889083444796,24.8148353172958,58.9977738516671
