0,0,6.74626988172531,0,71.2299275398254,0,0,0,198.570883125067,0,0,0,0,0,0,0,0.612147584557533,1.28665143251419,10.0958332419395,0,0,0,0,0,0.241794109344482,0,0,0,0,0,0,0,0,0,0,0,0,1.10054272413254,2.84509932994843,1.73802673816681,18.1755069419742,0.342302784323692,115.374354869127,0,0,0,30.7934515923262,15.0530349165201,238.17938362062,0.476031869649887,0,0,0,0,277.924143195152,0,5.59740097820759,0,0,0,25.7313167005777,0,0,2.45420852303505,0,0,0,0.839823260903358,0,0,0,0,0,6.81613425910473,0,0,0,0,0.75043648481369,35.9776373058558,0,1.82935281097889,141.795983418822,0,336.459643080831,0,0.117560110986233
0,0,0,125.635902315378,0,50.1142579913139,0,0,0,211.647204354405,0,0,0,0,0,19.1574340462685,0.285137414932251,0,36.1643939614296,0,0,0,0,0,0,0,0,0,0,0,0,0,0,0,0,0,0,8.48309010267258,0,0.555587723851204,0,415.251769214869,2.11360183358192,0,3.14240002632141,0,0,8.90816347301006,0,55.4966918379068,0,0,0,0,0,378.587216585875,0,16.8108171373606,0,119.704682901502,0,601.444629222155,2.55219888687134,0,0,0,5.31180001795292,0,0,0,0,0,10.7534205913544,0,0,0,0,0,10.9211897403002,0.98708501458168,2.16001906991005,0,248.177584506571,0,209.18226210773,0,0
6.74626988172531,0,0,0,39.6648940294981,0,0,0,16.9607317149639,0,0,0,0,0,0,0,0,0,0.2291339635849,0,20.760400891304,0,0,0,0,0,0,0,0,0,0,0,0,0,0,0,0,0,2.35195861756802,0,2.70614033937454,0.15616948902607,123.394022628665,0,0,0,18.710521414876,2.2592813372612,23.8044438362122,0,73.5618631988764,0,0,0,66.3540222346783,0,28.8473876640201,0,94.6942514926195,0,14.4704862236977,0,0,10.7394137457013,0,0,0,0,0,0,0,3.795838534832,0,20.8298186659813,0,0,0,0,0,35.78284278512,0,4.7982761412859,29.7796252369881,0,203.491495385766,0,0.358403742313385
0,125.635902315378,0,0,0,58.5514912009239,0,0,0,40.0724495649338,0,0,0,0,0,0,2.01723074913025,0.854268610477448,5.43701419234276,20.008089363575,0,0,0,0,0,0,0,0,0,0,0,0,0,0,0,8.99755293130875,1.39761674404144,0,0,6.76621621847153,0,87.1114846915007,7.08594384789467,0,0,16.0938117802143,0,0.401318818330765,0,37.9764633923769,0,160.783471629024,0,0,0,47.9781747460365,0,29.8106572031975,0,160.115657240152,0,52.7353059202433,10.8095834553242,0,0,0,0,0,0,0,0,0,19.4978461265564,0,0,0,0,0,58.4891847670078,0,15.5184204801917,0,147.328649938107,0.99939101934433,444.29971550405,0.462246626615524,0
71.2299275398254,0,39.6648940294981,0,0,0,0,0,6.63713645935059,0,0,0,0,0,14.9335431456566,0,0,0,0,0,98.6812079846859,0,0,0,0,0,0,0,0,0,0,0,0,0,0,0,0,0,1.75659143924713,0,0,0,2.68356335163116,0,0,0,0,0,0,0,169.388622224331,0,0,0,0,0,86.4835890084505,0,0,0,108.907902240753,0,0,0,0,0,0,0,0,0,0,0,0,0.407339513301849,0,0,0,0,0,0.796916723251343,0,0,177.73479539156,0,70.5288542807102,0,0
0,50.1142579913139,0,58.5514912009239,0,0,0,3.106460750103,0,34.9466094076633,0,9.60924977064133,0,0,0,61.4655920118093,1.20802044868469,0,10.910373032093,101.299505263567,0,0,0,0,0,0,0,0,0,0,0,0,0,0,0,16.909696161747,0,0,0,8.50701510906219,0,61.9271034449339,0.683367013931274,0,0,3.61456599831581,0,0.885059118270874,0,30.2210027426481,0,372.575531959534,0,0,0,0,0,25.6980012953281,0,0,0,28.2367250621319,4.3320654630661,0,0,0,0,0,0,0,0,0,8.03846774995327,0,0,0,0,0,23.469833239913,0,6.47077637910843,0,176.849230408669,0,102.839663654566,0.897468000650406,0
0,0,0,0,0,0,0,0,0,0,41.5442854762077,0,0,0,0,0,0,0,0,0,15.4012816548347,0,0,0,0,0,0,0,0,0,0,0,0,0,0,0,0,0,0,0,0,0,0,0,0,0,0,0,0,0,0,0,151.854874253273,0,0,0,263.424705073237,0,28.7478268295527,0,0,0,0,0,0,0,0,0,0,0,0,0,0,0,0,0,0,0,0,0,0,0,0,0,0,0,0
0,0,0,0,0,3.106460750103,0,0,0,0,0,0,0,0,0,0,0,0,0,10.6003180742264,0,0,0,0,0,0,0,0,0,0,0,0,0,0,0,0,0,0,0,0,0,0,0,0,0,0,0,0,0,0,0,0,0,0,0,0,0,4.82482853531837,0,0,0,0,0,0,0,0,0,0,0,0,0,0,0,0,0,0,0,0,0.670921325683594,0,0,0,0,0,2.83308321237564,0,0
198.570883125067,0,16.9607317149639,0,6.63713645935059,0,0,0,0,0,0,0,0,0,241.995799481869,0,303.610621869564,15.1894593238831,255.177572861314,0,0,0,0,0,45.7414921373129,0,3.19403538107872,0,0,0,0,0,0,0,0,0,0,0,31.1865200400352,0.874798655509949,1.68008175492287,0,13.0314818769693,0,0,0,2.04321551322937,0.352582961320877,0,0,0,0,0,0,654.488465085626,0,3.46733747422695,0,0,0,124.895302176476,0,0,0,0,0,0,16.6882313191891,0,22.0220773816109,0,0,0,0.496654629707336,0,0,0,0,0.208735421299934,7.83140131831169,0.162445694208145,1.71003580093384,1351.31198807061,57.1275150775909,57.978948995471,0,0
0,211.647204354405,0,40.0724495649338,0,34.9466094076633,0,0,0,0,0,0,0,0,0,281.4826785326,0,231.793241351843,47.4646632671356,0,0,0.255421578884125,0,8.91919898986816,0,0,0,0,0,0,0,0,0,0,0,0,0,0.702424108982086,0,0,0,24.5452172011137,0,0,0,0,1.74157059192657,0,0,0,0,0,0,0,0,823.386543810368,0,6.76136350631714,0,7.06966722011566,0,160.206262901425,0,0,0,0,78.4755803346634,0,3.84595465660095,0,0,0,4.50753811001778,0,0,0,0,0,5.83715882897377,1.31391322612762,14.4773892462254,0,2770.63815318048,151.265116095543,24.6781683266163,1.64908611774445,0
0,0,0,0,0,0,41.5442854762077,0,0,0,0,0,613.789989262819,0,0,0,0,0,0,0,1474.52133587003,0,0,0,0,0,0,0,0,0,129.55073350668,0,0,0,0,0,163.530140221119,0,863.140315830708,0,0,0,0,0,0,0,0,0,0,0,0,0,1.5816251039505,0,0,0,2770.53285949677,0,1552.74536070228,0,0,0,0,263.879823744297,0,0,0,0,0,0,0,0.643750935792923,0,65.188787676394,0,0,0,0,0,197.309438377619,0,860.102057352662,250.390878081322,61.4476689100266,0,0,0
0,0,0,0,0,9.60924977064133,0,0,0,0,0,0,0,770.587690025568,0,0,0,0,0,511.435897707939,0,0,0,0,0,0,0,0,0,55.933510184288,0,0,0,0,0,130.438493907452,0,652.133789494634,0,0,0,0,0,0,0,0,0,0,0,0,0,0,0,0,0,0,0,2178.60378855467,0,3840.86807067692,0,0,206.451088160276,0,0,0,0,0,0,0,0,0,106.881705410779,0,0,0,0,0,119.280755370855,0,254.582620829344,0,301.851703435183,121.052131295204,21.6876269578934,0,0
0,0,0,0,0,0,0,0,0,0,613.789989262819,0,0,0,775.287378162146,0,0,0,0,0,0,0,0,0,0,0,3.94134199619293,0,63.3650414347649,0,0,0,0,0,0,0,0,0,0,0,0,0,0,0,0,0,0,0,0,0,0,0,17.7844614982605,0,0,0,155.872643351555,0,828.21850065887,0,25.6024908423424,0,0,0,0,0,0,0,0,0.973571628332138,0,0,0,0,0,0,0,0,0,0,0,0,622.593577682972,885.436719834805,0,0,0
0,0,0,0,0,0,0,0,0,0,0,770.587690025568,0,0,0,1068.79630084336,0,0,0,0,0,0,0,0,0,0,0,263.772296667099,0,0,0,0,0,0,0,0,0,0,0,0,0,0,0,0,0,0,0,0,0,0,0,0,0,0,0,0,0,46.8884243369102,0,1779.04613944888,0,495.983796685934,0,0,0,0,0,0,5.00225400924683,0,43.1876869797707,0,0,0,0,0,0,0,0,0,0,0,612.584005773067,916.144368350506,0,0,0
0,0,0,0,14.9335431456566,0,0,0,241.995799481869,0,0,0,775.287378162146,0,0,0,171.291500031948,0,0,0,0,0,0,0,0,0,84.7369429320097,0,0.343936711549759,0,0,0,0,0,0,0,0,0,0,0,0,0,0,0,0,0,0,0,0,0,0,0,0,0,30.043006002903,0,0,0,686.086871951818,0,182.244027212262,0,0,0,0,0,0,0.467954695224762,0,138.6954331249,0,27.8891322612762,0,0,0,0,0,0,0,0,0,0,930.99207521975,136.246390461922,0,0,0
0,19.1574340462685,0,0,0,61.4655920118093,0,0,0,281.4826785326,0,0,0,1068.79630084336,0,0,0,630.574818015099,0,0,0,0.321410953998566,0,0,0,44.6487738192081,0,0,0,0,0,0,0,0,0,0,0,0,0,0,0,0,0,0,0,0,0,0,0,0,0,1.09332299232483,0,0,0,22.0031299293041,0,0,0,216.886024922132,0,931.012768000364,0,0,0,0,0,0,46.3491519093513,0,0,0,0,0,0,0,0,0,0,0,0,0,817.185708865523,64.375090777874,0,0,0
0.612147584557533,0.285137414932251,0,2.01723074913025,0,1.20802044868469,0,0,303.610621869564,0,0,0,0,0,171.291500031948,0,0,11822.7677824348,2763.25115917623,0,0,1.51066207885742,634.56635145843,0,19.8186459243298,5.0954864025116,1474.47341054678,0,256.003839090466,0,0,0,0,0,0,0,0,0,0,79.389400139451,70.0625089555979,40.3954834640026,144.14430359751,0,0.876811623573303,18.6086619049311,98.2103455141187,0,2.72810629010201,0,0,0,0,0,0,1.11775413155556,0.61130365729332,2.37747038900852,0,3.6724950671196,3.33789092302322,4.90098828077316,5.9787775054574,7.97077885270119,17.4034786820412,413.40445998311,0,0,0,1319.1467860043,0,197.59680044651,4.64567972719669,4.59282417595387,0,0,0,0,176.451022483408,154.083864077926,22.7347628772259,14.6128308996558,5896.90882424265,160.875920683146,153.2317975685,1.85032065212727,4.92356167733669
1.28665143251419,0,0,0.854268610477448,0,0,0,0,15.1894593238831,231.793241351843,0,0,0,0,0,630.574818015099,11822.7677824348,0,2906.3198793456,0,0,446.739813014865,2.09062027931213,20.4972863346338,0,782.215762555599,0,19.4517488479614,0,0,0,0,0,0,0,0,0,0,0,119.187174767256,54.8391715437174,93.5525097325444,72.9433560743928,0,2.5462788939476,16.6166129559278,79.0558530837297,0.183579713106155,1.54560661315918,0.264786899089813,0,0.874478936195374,0,0,0,67.1543205976486,3.27104565501213,1.80213412642479,0,6.99005948007107,0,291.773893117905,13.7927422523499,3.24826189875603,822.561070010066,13.3421697020531,304.848741784692,0,988.149755895138,0,0,0,4.43784092366695,2.04760040342808,0,0,0,0,218.304204598069,129.88486738503,27.5647943168879,8.26700103282928,4948.51924787462,561.230829283595,128.607497125864,3.30366553366184,5.99234984815121
10.0958332419395,36.1643939614296,0.2291339635849,5.43701419234276,0,10.910373032093,0,0,255.177572861314,47.4646632671356,0,0,0,0,0,0,2763.25115917623,2906.3198793456,0,0,0,0,0.261667311191559,0,0,0,0,0,0,0,0,0,0,0,0,0,0,0,1.3783812597394,764.747838638723,588.711362011731,779.546380534768,1420.03866853565,0,40.6412381380796,166.356125622988,610.937206819654,0.344067178666592,15.2959952354431,16.0584491640329,0,3.61602717638016,0,0,0,9.07629755139351,18.1178875565529,15.6265142858028,0,19.7110438197851,0,9.12767364084721,67.4824122563004,41.7416168376803,5.74959859251976,0.205246537923813,0.962753295898438,0,2.50962722301483,0,0,0.600084587931633,47.3168668299913,33.9132876172662,0,0,0,0,1499.12365416437,911.185444787145,332.624863602221,113.538088098168,3192.23431260884,0,1427.71655460447,15.3853951096535,102.875671200454
0,0,0,20.008089363575,0,101.299505263567,0,10.6003180742264,0,0,0,511.435897707939,0,0,0,0,0,0,0,0,0,0,0,0,0,0,0,0,0,0,0,0,0,0,0,1161.99769715965,0,146.257260262966,0,2.46462342143059,0,0,0,0,0,1.46682190895081,0,0.314887970685959,0,0.993637323379517,0,49.9806593954563,0,0,0,0,0,1566.87741780281,0,9.00866556167603,0,1.90820498764515,1413.45263808966,0,0,0,0,0,0,0,0,0,1.41681642830372,0,0,0,0,0,330.553405806422,0.350616663694382,89.1678979694843,0,1098.51819112897,4.65896838903427,194.852791041136,0,0
0,0,20.760400891304,0,98.6812079846859,0,15.4012816548347,0,0,0,1474.52133587003,0,0,0,0,0,0,0,0,0,0,0,0,0,0,0,0,0,0,0,0,0,0,0,0,0,715.097093597054,0,271.849917471409,0,0,0,0.554141759872437,0,0,0,0,0,0.257124423980713,0,22.8381584584713,0,0,0,0.808065116405487,0,1266.67293444276,0,0,0,0,0,0,1089.69429714978,0,0,0,0,0,0,0,0,0,0.412802845239639,0,0,0,0,0,221.122293956578,0,48.0134015381336,497.417163103819,3,57.4233927428722,0,0
0,0,0,0,0,0,0,0,0,0.255421578884125,0,0,0,0,0,0.321410953998566,1.51066207885742,446.739813014865,0,0,0,0,968.084320366383,34.2241325229406,0,85.3533941358328,0,362.798238754272,0,0,0,0,0,0,0,0,0,1516.1859152168,0,0,0,0,0,0,0,0,0,2.13850742578506,0,79.7270376384258,0,0,0,0,0,0,0,0,0,0,0,0,0,0,5490.97186464071,76.0675898194313,175.134733080864,0,24.0181273818016,0,198.076517015696,0,0,0,0,0,0,0,0,0,1771.42752917111,0,1578.86610677838,43.74138879776,0.288761526346207,0,0
0,0,0,0,0,0,0,0,0,0,0,0,0,0,0,0,634.56635145843,2.09062027931213,0.261667311191559,0,0,968.084320366383,0,0,9.87232607603073,0,183.856637060642,0,28.8543086647987,0,0,0,0,0,0,0,0,0,1477.66865350306,0,0,0,0.206480771303177,0,0,0,0,0.865369945764542,11.8398916125298,0.265541732311249,0,0,0,0,0,0,0,0,0,0,0,0.125082716345787,0,0,31.0282028913498,7797.73356348276,0,139.381597012281,0,1.02363884449005,0,19.6553729772568,0,0,0,0,0,0,0,0,0,1770.64633436501,2031.7615891099,85.9753751456738,0,0,0
0,0,0,0,0,0,0,0,0,8.91919898986816,0,0,0,0,0,0,0,20.4972863346338,0,0,0,34.2241325229406,0,0,0,0.907237946987152,0,0,0,0,0,0,0,0,0,0,0,446.171024665236,0,0,0,0.278125733137131,0,0,0,0,0,7.45662033557892,0.920468285679817,10.3305035382509,0,0,0,0,0,12.7995916903019,0,0,0,0,0,33.9336980581284,0,0,95.4257688373327,0,286.520001396537,0,114.887216255069,0,2.57909259200096,0,0,0,0,0,0,0,0,0,479.675089552999,0,69.4792664051056,0,0.853289216756821,0,0
0.241794109344482,0,0,0,0,0,0,0,45.7414921373129,0,0,0,0,0,0,0,19.8186459243298,0,0,0,0,0,9.87232607603073,0,0,0,65.4096180200577,0,0,0,0,0,0,0,0,0,0,0.267076045274734,388.531576037407,0,0,0,0.723680734634399,0,0,0,0.155037567019463,0.821297645568848,2.54610276222229,0,0,0,0,0,69.8409946262836,0,0,0,0,0,0,0,0,0,0,57.9368314146996,0,714.187131911516,0,418.680196911097,0,0,0,0,0,0,0,0,0,0,0,84.4213697910309,188.37834174931,0,20.3687511533499,0,0
0,0,0,0,0,0,0,0,0,0,0,0,0,0,0,44.6487738192081,5.0954864025116,782.215762555599,0,0,0,85.3533941358328,0,0.907237946987152,0,0,0,89.6646686196327,0,0,0,0,0,0,0,0,0,0,0,0,0,0,0,0,0,0,0,0,0,0,0,0,0,0,0,0,0,0,0,0,0,1.65379858016968,0,0,110.228635475039,0,210.971919894218,0,568.837944447994,0,0,0,0,0,0,0,0,0,0,0,0,0,196.120228156447,2.00409814715385,0,0,0
0,0,0,0,0,0,0,0,3.19403538107872,0,0,0,3.94134199619293,0,84.7369429320097,0,1474.47341054678,0,0,0,0,0,183.856637060642,0,65.4096180200577,0,0,0,131.639912605286,0,0,0,0,0,0,0,0,0,0,0,0,0,0,0,0,0,0,0,0,0,0,0,0,0,2.24785685539246,0,0,0,7.46751093864441,0,9.7356420904398,0,0,0,0,100.340094551444,0,292.57930791378,0,912.613856360316,0,325.998266220093,0,0,0,0,0,0,0,0,0,0,634.09072779119,22.1978385448456,0,0,0
0,0,0,0,0,0,0,0,0,0,0,0,0,263.772296667099,0,0,0,19.4517488479614,0,0,0,362.798238754272,0,0,0,89.6646686196327,0,0,0,510.959554612637,0,0,0,0,0,0,0,49.797284424305,0,0,0,0,0,0,0,0,0,0,0,2.66217631101608,0,0,0,0,0,0,0,0,0,196.009877383709,0,0,0,0,44.9200882911682,0,0,0,412.250193059444,0,2631.82169887424,0,251.020741403103,0,0,0,0,0,0,0,376.66557520628,0,144.537159755826,104.368293434381,0,0,0
0,0,0,0,0,0,0,0,0,0,0,0,63.3650414347649,0,0.343936711549759,0,256.003839090466,0,0,0,0,0,28.8543086647987,0,0,0,131.639912605286,0,0,0,358.169840544462,0,0,0,0,0,0,0,77.7595558166504,0,0,0,0,0,0,0,0,0,0,0,0,0,0,0,0,0,0,0,0,0,0,0,0,0,0,30.3287654519081,0,0,0,85.0477165430784,0,3125.44451667368,0,231.337555706501,0,0,0,0,0,0,0,15.5398274362087,588.632651895285,648.527534335852,0,0,0
0,0,0,0,0,0,0,0,0,0,0,55.933510184288,0,0,0,0,0,0,0,0,0,0,0,0,0,0,0,510.959554612637,0,0,0,0,0,0,0,0,0,613.66471773386,0,0,0,0,0,0,0,0,0,0,0,0,0,0,0,0,0,0,0,29.7653334885836,0,0,0,0,0,0,0,0,0,0,0,0,66.247103780508,0,854.168166562915,0,0,0,0,0,0,0,364.002366609871,0,21.7980946302414,0,0,0,0
0,0,0,0,0,0,0,0,0,0,129.55073350668,0,0,0,0,0,0,0,0,0,0,0,0,0,0,0,0,0,358.169840544462,0,0,0,0,0,0,0,0,0,497.925237417221,0,0,0,0,0,0,0,0,0,0,0,0,0,0,0,0,0,23.0920547097921,0,0,0,0,0,0,0,0,0,0,0,0,0,0,141.351257964969,0,378.781750395894,0,0,0,0,0,0,0,617.255295395851,12.3593288958073,0,0,0,0
0,0,0,0,0,0,0,0,0,0,0,0,0,0,0,0,0,0,0,0,0,0,0,0,0,0,0,0,0,0,0,0,1815.99763607979,60.4318551123142,14.7884743511677,194.730425536633,240.707543209195,0,0,0,0,0,0,0,0,0,0,2430.75196707249,9.8871591091156,0,0,0,0,0,0,0,0,0,0,0,0,0,0,0,0,0,0,0,0,0,0,0,0,0,1592.04822920263,443.505997881293,30.770943582058,0,296.143139526248,220.791789412498,0,0,195.783464729786,0,2.72758853435516,0,0
0,0,0,0,0,0,0,0,0,0,0,0,0,0,0,0,0,0,0,0,0,0,0,0,0,0,0,0,0,0,0,1815.99763607979,0,13.6166688799858,34.2197237312794,106.119487121701,439.382887408137,0,0,0,0,0,0,0,0,0,0,3412.1501481235,10.0353193879128,9.33595985174179,0,0,0,0,0,0,0,0,0,0,0,0,0,0,0,0,0,0,0,0,0,0,0,0,2498.54490408301,1033.91619947553,21.5560038089752,0.670177400112152,45.842335909605,176.904651895165,0,0,29.9121716916561,0,0.237494543194771,0,0
0,0,0,0,0,0,0,0,0,0,0,0,0,0,0,0,0,0,0,0,0,0,0,0,0,0,0,0,0,0,0,60.4318551123142,13.6166688799858,0,2126.14605924487,259.10571616888,8.77753412723541,923.770948469639,104.638471364975,0,0,0.780671775341034,0,0,0,0,0,3670.28105682135,0.257734626531601,28.8571929931641,0,0,0,0,0,0,0,0,0,0,0,0,0,0,0,0,3.21603712439537,0,0,0,0,0,0,0,98.3001154959202,0.595382153987885,2285.18609146774,1173.09556396306,90.563619852066,0,79.8027667850256,4.81665635108948,766.189585000277,1.58245629072189,21.3131205439568,0,0
0,0,0,0,0,0,0,0,0,0,0,0,0,0,0,0,0,0,0,0,0,0,0,0,0,0,0,0,0,0,0,14.7884743511677,34.2197237312794,2126.14605924487,0,0,727.569865524769,53.3859232366085,444.643295258284,0,0,0,0.811619743704796,0,0,0,0,2419.9725779295,36.1901776492596,0.470026791095734,0,0,0,0,0,0,0,0,0,0,0,0,0,0,0,0,0,0,0,0,0,0,0,0,127.248770982027,24.8246626257896,2054.25932966173,1377.8727748692,0,639.524663567543,45.145867139101,45.3161045908928,1301.96226289868,0,2.46825864911079,0,0
0,0,0,8.99755293130875,0,16.909696161747,0,0,0,0,0,130.438493907452,0,0,0,0,0,0,0,1161.99769715965,0,0,0,0,0,0,0,0,0,0,0,194.730425536633,106.119487121701,259.10571616888,0,0,4678.14448437095,2122.58671228588,4.10474514961243,1.06948560476303,3.54016563296318,5.14639914035797,4.67913331091404,0,0,0.13782674074173,0,73.8919022530317,3.07812011241913,5.82385106384754,0,0.420094460248947,0,0,0,0,0,591.880052804947,0,4.06428210437298,0,2.45965477824211,1934.83650697768,2.04545247554779,0,0,0,0,0,0,0,0,0,0,640.971983745694,13.5798148661852,87.2824054956436,0,16751.7408655584,1637.01967389882,295.299593776464,1.83438050746918,4201.97445910424,33.8281972110271,74.1858928799629,0,0
0,0,0,1.39761674404144,0,0,0,0,0,0,163.530140221119,0,0,0,0,0,0,0,0,0,715.097093597054,0,0,0,0,0,0,0,0,0,0,240.707543209195,439.382887408137,8.77753412723541,727.569865524769,4678.14448437095,0,3.28693413734436,1644.76246184111,0,137.368634343147,0,1.19466805458069,0,0,0,0.482577323913574,269.422620519996,9.69342142343521,0,33.7180345058441,0,0,0,0,0,76.3728484064341,0,0,0,0,0,0.63357025384903,2141.3351701647,0,0,0,0,0,0,0,0,0,0.161865875124931,450.742131844163,312.64710073173,0,399.795537531376,2672.95504002273,16132.8195815235,7.2227411866188,238.504121214151,3560.28363588452,58.8209448158741,30.7676895856857,0,0
1.10054272413254,8.48309010267258,0,0,0,0,0,0,0,0.702424108982086,0,652.133789494634,0,0,0,0,0,0,0,146.257260262966,0,1516.1859152168,0,446.171024665236,0.267076045274734,0,0,49.797284424305,0,613.66471773386,0,0,0,923.770948469639,53.3859232366085,2122.58671228588,3.28693413734436,0,1385.54641115665,0.326114624738693,0,12.7047775387764,0,0,0,0,0,1292.3984940201,7.84494142234325,130.371232628822,0,0,0,0,0,13.0498692393303,0,360.601744040847,0,0,0,0.211056053638458,46.7662612050772,0,478.050202473998,0.335258513689041,569.478637054563,0.547780305147171,0,0,18.6530056893826,0,647.678380519152,0,0,0,148.5517167449,17.8279916644096,1334.05332432687,0,14020.7511645779,640.63215982914,3714.16487880796,100.212570659816,69.5821163952351,0,0
2.84509932994843,0,2.35195861756802,0,1.75659143924713,0,0,0,31.1865200400352,0,863.140315830708,0,0,0,0,0,0,0,1.3783812597394,0,271.849917471409,0,1477.66865350306,0,388.531576037407,0,0,0,77.7595558166504,0,497.925237417221,0,0,104.638471364975,444.643295258284,4.10474514961243,1644.76246184111,1385.54641115665,0,0,0,0.293483406305313,60.6380476802588,0,0,0,0,1446.27122400701,211.449979841709,1.07183538377285,0,0,0,0,33.9582753032446,0,333.136040642858,0,0,0,0,0,0,44.3046045005322,0.232153490185738,548.383219361305,0.328540921211243,266.748670130968,0,0,0,53.3723807483912,0,218.877546072006,0,0,80.7632188796997,93.2240592241287,2.20992875099182,1889.08445204049,446.703524291515,18307.8415241688,2084.10556129366,21.8623294830322,75.7109383046627,0,0
1.73802673816681,0.555587723851204,0,6.76621621847153,0,8.50701510906219,0,0,0.874798655509949,0,0,0,0,0,0,0,79.389400139451,119.187174767256,764.747838638723,2.46462342143059,0,0,0,0,0,0,0,0,0,0,0,0,0,0,0,1.06948560476303,0,0.326114624738693,0,0,11.3463559672236,1388.63662293553,30.8352466374636,0,0,101.414848074317,14.1436190009117,129.528384968638,19.2698697000742,363.962607145309,0,0.897027313709259,0,0,0,0,0.282135784626007,11.7330431193113,0,9.80690953880548,0,3.30719079077244,157.545023813844,0.11221782118082,0,0,0,0,0,0,0,0,10.1286419406533,0.0786914825439453,0,0,0,0,1666.76494062692,20.0925026610494,98.2576011568308,4.18968522548676,293.745641417801,0,742.416881464422,8.10495221614838,0
18.1755069419742,0,2.70614033937454,0,0,0,0,0,1.68008175492287,0,0,0,0,0,0,0,70.0625089555979,54.8391715437174,588.711362011731,0,0,0,0,0,0,0,0,0,0,0,0,0,0,0,0,3.54016563296318,137.368634343147,0,0,11.3463559672236,0,6.55753397196531,1756.3913475275,0,18.2796125113964,1.75851230323315,519.348524257541,112.688993141055,378.638893216848,0,1.59505444765091,0,0,0,2.56043229997158,0,1.03354007005692,0.170993283390999,0,0,0,1.00491547584534,0.976009964942932,180.025489956141,0,0,0,0.90707927942276,0,0,0,0,3.8589453548193,52.2763246968389,0,0,0,0,23.0606531351805,988.018265910447,3.1740243434906,163.916211277246,451.734261378646,0,365.031711339951,0,130.640063218772
0.342302784323692,415.251769214869,0.15616948902607,87.1114846915007,0,61.9271034449339,0,0,0,24.5452172011137,0,0,0,0,0,0,40.3954834640026,93.5525097325444,779.546380534768,0,0,0,0,0.278125733137131,0,0,0,0,0,0,0,0,0,0.780671775341034,0,5.14639914035797,0,12.7047775387764,0.293483406305313,1388.63662293553,6.55753397196531,0,233.51698038727,0,3.22594140470028,89.314646333456,12.4849927723408,83.7965071648359,2.94029967486858,378.842299237847,0,44.7082570642233,0,0,0,9.07188032567501,0.29595673084259,908.446684926748,0,615.156650491059,0,131.293877907097,97.056503996253,0.18059715628624,0.440856650471687,0,3.6023050993681,0,0,0,0,0,485.993326343596,1.49922697246075,0,0,0,0,1369.60418779403,19.9411516413093,614.342737518251,1.67508593201637,1613.65182314068,0.252777963876724,2334.63676120341,190.959139533341,2.5307444781065
115.374354869127,2.11360183358192,123.394022628665,7.08594384789467,2.68356335163116,0.683367013931274,0,0,13.0314818769693,0,0,0,0,0,0,0,144.14430359751,72.9433560743928,1420.03866853565,0,0.554141759872437,0,0.206480771303177,0,0.723680734634399,0,0,0,0,0,0,0,0,0,0.811619743704796,4.67913331091404,1.19466805458069,0,60.6380476802588,30.8352466374636,1756.3913475275,233.51698038727,0,0,28.3399775475264,10.6264705061913,407.546476207674,78.5903099477291,528.847941964865,18.2084843963385,8.60391406714916,1.40200781822205,0,0,38.4242480546236,0,141.868593141437,3.14895823597908,4.65458557009697,1.92084430158138,4.17206692695618,6.40139485895634,4.61610563844442,96.2417829483747,0,0.92577052116394,0,2.00994344055653,0,0,0,44.1350226402283,3.04687324911356,320.034676104784,0,0,0,0,48.8108213022351,1371.59561222792,3.64208754897118,260.108717009425,2451.59343096614,0.541480287909508,2894.92718403786,5.54758679866791,698.041576683521
0,0,0,0,0,0,0,0,0,0,0,0,0,0,0,0,0,0,0,0,0,0,0,0,0,0,0,0,0,0,0,0,0,0,0,0,0,0,0,0,0,0,0,0,0,0,0,0,0,0,0,0,0,0,0,0,0,0,0,0,0,0,0,0,0,0,0,0,0,0,0,0,0,0,0,0,0,0,0,0,0,0,0,0,0,0,0
0,3.14240002632141,0,0,0,0,0,0,0,0,0,0,0,0,0,0,0.876811623573303,2.5462788939476,40.6412381380796,0,0,0,0,0,0,0,0,0,0,0,0,0,0,0,0,0,0,0,0,0,18.2796125113964,3.22594140470028,28.3399775475264,0,0,1.77555227279663,20.1408889591694,0,0,0,0,0,0,0,0,0,0,0,0,0,0,0,0,2.13235381245613,0,0,0,0,0,0,0,0,0,0.180400967597961,0,0,0,0,2.20209863781929,33.441570520401,0,0,19.044268399477,0,20.954313993454,0,0.332839667797089
0,0,0,16.0938117802143,0,3.61456599831581,0,0,0,0,0,0,0,0,0,0,18.6086619049311,16.6166129559278,166.356125622988,1.46682190895081,0,0,0,0,0,0,0,0,0,0,0,0,0,0,0,0.13782674074173,0,0,0,101.414848074317,1.75851230323315,89.314646333456,10.6264705061913,0,1.77555227279663,0,5.20750434696674,0,0,2.74703575670719,0,4.69689989089966,0,0,0,0,0,8.82110765576363,0,29.6181980967522,0,10.4591777324677,1396.78705324233,0,0,0,0,0,0,0,0,0,13.3623545914888,0,0,0,0,0,401.35811291635,10.9425718933344,104.894478008151,0.22404533624649,50.2250451296568,0,470.659480378032,0,0
30.7934515923262,0,18.710521414876,0,0,0,0,0,2.04321551322937,1.74157059192657,0,0,0,0,0,0,98.2103455141187,79.0558530837297,610.937206819654,0,0,0,0,0,0.155037567019463,0,0,0,0,0,0,0,0,0,0,0,0.482577323913574,0,0,14.1436190009117,519.348524257541,12.4849927723408,407.546476207674,0,20.1408889591694,5.20750434696674,0,0.307001814246178,25.4074336290359,2.8991870880127,3.19204398989677,0,0,0,18.9954021424055,0,5.19028377532959,0,0,1.46408319473267,2.18922348320484,0,1.58885556459427,1091.15844436735,0,0,0,0,0,0,0,0,1.68621660768986,12.8119263425469,0,0,0,0,17.1746606528759,781.583237417042,3.80375520884991,235.091639526188,526.338242702186,0.134445369243622,582.500897116959,0.474015831947327,8.64828798174858
15.0530349165201,8.90816347301006,2.2592813372612,0.401318818330765,0,0.885059118270874,0,0,0.352582961320877,0,0,0,0,0,0,0,0,0.183579713106155,0.344067178666592,0.314887970685959,0,2.13850742578506,0.865369945764542,7.45662033557892,0.821297645568848,0,0,0,0,0,0,2430.75196707249,3412.1501481235,3670.28105682135,2419.9725779295,73.8919022530317,269.422620519996,1292.3984940201,1446.27122400701,129.528384968638,112.688993141055,83.7965071648359,78.5903099477291,0,0,0,0.307001814246178,0,2168.04495365918,1804.98084163666,0,0,0,0,1.1327361613512,1.49005633592606,0.711084365844727,0.443991005420685,0,0.652137279510498,0.259287267923355,0,0,0.184335321187973,3.18586224317551,13.4718694090843,52.7358388602734,16.9193388223648,0,0,0,0,0,0,3259.35189007223,815.451768964529,282.796764761209,95.0712243914604,669.230762317777,479.917624354362,52.0738662332296,72.9595970511436,815.838862396777,0,405.706258758903,0,0.99041223526001
238.17938362062,0,23.8044438362122,0,0,0,0,0,0,0,0,0,0,0,0,0,2.72810629010201,1.54560661315918,15.2959952354431,0,0.257124423980713,0,11.8398916125298,0.920468285679817,2.54610276222229,0,0,0,0,0,0,9.8871591091156,10.0353193879128,0.257734626531601,36.1901776492596,3.07812011241913,9.69342142343521,7.84494142234325,211.449979841709,19.2698697000742,378.638893216848,2.94029967486858,528.847941964865,0,0,0,25.4074336290359,2168.04495365918,0,95.5263204425573,3.68790756911039,0,0,0,9.36761584877968,0,63.6080254018307,0,22.174636438489,0.91832822561264,42.1025053709745,0,1.31036205589771,7.40736825764179,0.288231402635574,80.6548832058907,0.930530935525894,154.197911724448,0,262.055518999696,0,67.6403416246176,0,87.9929282069206,1.49799686670303,1.09058320522308,0.287901818752289,0,42.5365428477526,263.727688014507,1.19188319146633,293.070255957544,543.61655729264,1.20204220712185,867.186466351151,0,7.32385896146297
0.476031869649887,55.4966918379068,0,37.9764633923769,0,30.2210027426481,0,0,0,0,0,0,0,0,0,0,0,0.264786899089813,16.0584491640329,0.993637323379517,0,79.7270376384258,0.265541732311249,10.3305035382509,0,0,0,2.66217631101608,0,0,0,0,9.33595985174179,28.8571929931641,0.470026791095734,5.82385106384754,0,130.371232628822,1.07183538377285,363.962607145309,0,378.842299237847,18.2084843963385,0,0,2.74703575670719,2.8991870880127,1804.98084163666,95.5263204425573,0,0,0.999007523059845,0,0,0,0.770115807652473,0,43.4250165298581,0,40.2796690315008,0,0.756732478737831,9.39255309849977,0,50.7048968821764,0,70.2605043500662,0,36.0766541957855,0,40.0789431780577,0,25.2312680631876,0,33.1611768603325,0,0,0,321.777237832546,0.645443327724934,664.715995125473,1.52261590957642,477.725702948868,0,773.105312816799,0.941855609416962,0
0,0,73.5618631988764,0,169.388622224331,0,0,0,0,0,0,0,0,0,0,0,0,0,0,0,22.8381584584713,0,0,0,0,0,0,0,0,0,0,0,0,0,0,0,33.7180345058441,0,0,0,1.59505444765091,0,8.60391406714916,0,0,0,3.19204398989677,0,3.68790756911039,0,0,0,0,0,0,0,155.694182351232,0,1.63355024158955,0,0,0,0,7.85387751460075,0,0,0,0,0,0,0,0.200114473700523,0,2.69241864979267,0,0,0,0,0,15.8689331561327,0,3.8678527623415,3.61762121319771,0,300.967836841941,0,0
0,0,0,160.783471629024,0,372.575531959534,0,0,0,0,0,0,0,0,0,1.09332299232483,0,0.874478936195374,3.61602717638016,49.9806593954563,0,0,0,0,0,0,0,0,0,0,0,0,0,0,0,0.420094460248947,0,0,0,0.897027313709259,0,44.7082570642233,1.40200781822205,0,0,4.69689989089966,0,0,0,0.999007523059845,0,0,0,0,0,0,0,377.266999363899,0,38.9234743416309,0,19.4417743086815,0.183285772800446,0,0,0,0,0,0,0,0,0,5.69623546302319,0,0,0,0,0,41.9738305956125,0,8.52540212869644,0,88.9131172448397,0,160.988441541791,1.59786640107632,0
0,0,0,0,0,0,151.854874253273,0,0,0,1.5816251039505,0,17.7844614982605,0,0,0,0,0,0,0,0,0,0,0,0,0,0,0,0,0,0,0,0,0,0,0,0,0,0,0,0,0,0,0,0,0,0,0,0,0,0,0,0,0,0,0,52.4747489839792,0,118.863692894578,0,0,0,0,0,0,0,0,0,0,0,0,0,0,0,0,0,0,0,0,0,0,0,0,0,0,0,0
0,0,0,0,0,0,0,0,0,0,0,0,0,0,0,0,0,0,0,0,0,0,0,0,0,0,0,0,0,0,0,0,0,0,0,0,0,0,0,0,0,0,0,0,0,0,0,0,0,0,0,0,0,0,0,0,0,294.617377579212,0,1.20540967583656,0,0,20.775964140892,0,0,0,0,0,0,0,0,0,0,0,0,0,0,0,0,0,0,0,0,0,0,0,0
277.924143195152,0,66.3540222346783,0,0,0,0,0,654.488465085626,0,0,0,0,0,30.043006002903,0,0,0,0,0,0.808065116405487,0,0,0,69.8409946262836,0,2.24785685539246,0,0,0,0,0,0,0,0,0,0,0,33.9582753032446,0,2.56043229997158,0,38.4242480546236,0,0,0,18.9954021424055,1.1327361613512,9.36761584877968,0,0,0,0,0,0,0,15.6184681952,0,0,0,342.981871470809,0,0,8.92961826920509,0,0,0,35.9083759486675,0,27.3252678215504,0,1.98866137862206,0,4.21814356744289,0,0,0,0,0,31.7591793835163,0,9.14773891866207,315.904648929834,0,352.828040719032,0,1.46249389648438
0,378.587216585875,0,47.9781747460365,0,0,0,0,0,823.386543810368,0,0,0,0,0,22.0031299293041,1.11775413155556,67.1543205976486,9.07629755139351,0,0,0,0,12.7995916903019,0,0,0,0,0,0,0,0,0,0,0,0,0,13.0498692393303,0,0,0,9.07188032567501,0,0,0,0,0,1.49005633592606,0,0.770115807652473,0,0,0,0,0,0,0,6.38571405410767,0,15.9756638556719,0,220.595182284713,0,0,0,0,328.385689526796,0,7.43892723321915,0,0,0,2.21570780873299,0,0,0,0,0,0,0,65.9361314326525,0,530.311586424708,1.59565401077271,120.874144941568,0,0
5.59740097820759,0,28.8473876640201,0,86.4835890084505,0,263.424705073237,0,3.46733747422695,0,2770.53285949677,0,155.872643351555,0,0,0,0.61130365729332,3.27104565501213,18.1178875565529,0,1266.67293444276,0,0,0,0,0,0,0,0,0,23.0920547097921,0,0,0,0,0,76.3728484064341,0,333.136040642858,0.282135784626007,1.03354007005692,0.29595673084259,141.868593141437,0,0,0,5.19028377532959,0.711084365844727,63.6080254018307,0,155.694182351232,0,52.4747489839792,0,15.6184681952,0,0,0,251.007353663445,0,25.1206606626511,0,0,800.549232780933,0,0,0,0,0,0,0,297.351980954409,0,585.222706839442,0,0,0,0,2.35034349560738,32.4753652662039,0,96.6178775206208,468.809092782438,18.4020908027887,741.60190756619,0,2.41215538978577
0,16.8108171373606,0,29.8106572031975,0,25.6980012953281,0,4.82482853531837,0,6.76136350631714,0,2178.60378855467,0,46.8884243369102,0,0,2.37747038900852,1.80213412642479,15.6265142858028,1566.87741780281,0,0,0,0,0,0,0,0,0,29.7653334885836,0,0,0,0,0,591.880052804947,0,360.601744040847,0,11.7330431193113,0.170993283390999,908.446684926748,3.14895823597908,0,0,8.82110765576363,0,0.443991005420685,0,43.4250165298581,0,377.266999363899,0,294.617377579212,0,6.38571405410767,0,0,0,1050.21848484874,0,73.3426094502211,1511.11676967144,0,0,0,0,0,0,0,13.13336160779,0,842.575862906873,0,0,0,0,0,60.8200381994247,0.333816677331924,354.168543480337,0,575.870898246765,48.1038345098495,743.251989871264,20.6817429363728,0
0,0,94.6942514926195,0,0,0,28.7478268295527,0,0,0,1552.74536070228,0,828.21850065887,0,686.086871951818,0,0,0,0,0,0,0,0,0,0,0,7.46751093864441,0,0,0,0,0,0,0,0,0,0,0,0,0,0,0,4.65458557009697,0,0,0,0,0,22.174636438489,0,1.63355024158955,0,118.863692894578,0,0,0,251.007353663445,0,0,0,19.0801852941513,0,0,0,0,0,0,0,0,0,0,11.7294754981995,0,0.580273285508156,0,0,0,0,0,1.08518563210964,0,0,338.342374235392,235.27869579196,104.416523039341,0,0
0,119.704682901502,0,160.115657240152,0,0,0,0,0,7.06966722011566,0,3840.86807067692,0,1779.04613944888,0,216.886024922132,3.6724950671196,6.99005948007107,19.7110438197851,9.00866556167603,0,0,0,0,0,0,0,196.009877383709,0,0,0,0,0,0,0,4.06428210437298,0,0,0,9.80690953880548,0,615.156650491059,1.92084430158138,0,0,29.6181980967522,1.46408319473267,0.652137279510498,0.91832822561264,40.2796690315008,0,38.9234743416309,0,1.20540967583656,0,15.9756638556719,0,1050.21848484874,0,0,0,325.611049443483,3.91487710177898,0,0,0,0,0,0,0,67.4767917096615,0,103.88313831389,0,0,0,0,0,110.299020059407,0,55.6752370074391,0,689.05963562429,172.868626654148,436.057859621942,2.68013866245747,0
25.7313167005777,0,14.4704862236977,0,108.907902240753,0,0,0,124.895302176476,0,0,0,25.6024908423424,0,182.244027212262,0,3.33789092302322,0,0,0,0,0,0,0,0,0,9.7356420904398,0,0,0,0,0,0,0,0,0,0,0,0,0,0,0,4.17206692695618,0,0,0,2.18922348320484,0.259287267923355,42.1025053709745,0,0,0,0,0,342.981871470809,0,25.1206606626511,0,19.0801852941513,0,0,0,0,1.27195969223976,0,0,0,3.30077528953552,0,22.5534037798643,0,116.245296552777,0,3.02563944458961,0,0,0,0,0,3.02277210354805,0,0.197741433978081,169.68382973969,28.4421820640564,40.9907711595297,0,0.311635673046112
0,601.444629222155,0,52.7353059202433,0,28.2367250621319,0,0,0,160.206262901425,0,0,0,495.983796685934,0,931.012768000364,4.90098828077316,291.773893117905,9.12767364084721,1.90820498764515,0,0,0.125082716345787,33.9336980581284,0,1.65379858016968,0,0,0,0,0,0,0,0,0,2.45965477824211,0,0.211056053638458,0,3.30719079077244,1.00491547584534,131.293877907097,6.40139485895634,0,0,10.4591777324677,0,0,0,0.756732478737831,0,19.4417743086815,0,0,0,220.595182284713,0,73.3426094502211,0,325.611049443483,0,0,1.83913791179657,0,0,0,42.9727035164833,0,72.9248923659325,0,0,0,16.0062501803041,0,0,0,0,0,23.344907283783,0.62940502166748,9.34868209064007,0,484.320441484451,46.1171479225159,98.5303620398045,1.08737781643867,0
0,2.55219888687134,0,10.8095834553242,0,4.3320654630661,0,0,0,0,0,206.451088160276,0,0,0,0,5.9787775054574,13.7927422523499,67.4824122563004,1413.45263808966,0,0,0,0,0,0,0,0,0,0,0,0,0,0,0,1934.83650697768,0.63357025384903,46.7662612050772,0,157.545023813844,0.976009964942932,97.056503996253,4.61610563844442,0,0,1396.78705324233,1.58885556459427,0,1.31036205589771,9.39255309849977,0,0.183285772800446,0,20.775964140892,0,0,0,1511.11676967144,0,3.91487710177898,0,1.83913791179657,0,0,0,0,0,0,0,0,0,0,330.721080780029,0,0,0,0,0,1252.56382039934,0,259.001668527722,0,762.779029227793,0,842.526173226535,0.21248060464859,0
2.45420852303505,0,10.7394137457013,0,0,0,0,0,0,0,263.879823744297,0,0,0,0,0,7.97077885270119,3.24826189875603,41.7416168376803,0,1089.69429714978,0,0,0,0,0,0,0,0,0,0,0,0,0,0,2.04545247554779,2141.3351701647,0,44.3046045005322,0.11221782118082,180.025489956141,0.18059715628624,96.2417829483747,0,2.13235381245613,0,1091.15844436735,0.184335321187973,7.40736825764179,0,7.85387751460075,0,0,0,8.92961826920509,0,800.549232780933,0,0,0,1.27195969223976,0,0,0,0,0,0,0,0,0,0,8.58435156941414,0,36.6264436542988,0,0,0,0,2.90046194195747,1418.15436309576,0.125491067767143,502.695172637701,668.342524446547,0,619.38741017133,0,1.95774003863335
0,0,0,0,0,0,0,0,0,0,0,0,0,0,0,0,17.4034786820412,822.561070010066,5.74959859251976,0,0,5490.97186464071,31.0282028913498,95.4257688373327,0,110.228635475039,0,44.9200882911682,0,0,0,0,0,0,0,0,0,478.050202473998,0.232153490185738,0,0,0.440856650471687,0,0,0,0,0,3.18586224317551,0.288231402635574,50.7048968821764,0,0,0,0,0,0,0,0,0,0,0,0,0,0,0,12.9000430107117,412.959724903107,0,127.995050832629,0,27.9794400930405,0,0,0,0,0,0,0,0,0,737.797930598259,0,1248.69316732883,17.9745723307133,1.65379744768143,0,0
0,0,0,0,0,0,0,0,0,0,0,0,0,0,0,0,413.40445998311,13.3421697020531,0.205246537923813,0,0,76.0675898194313,7797.73356348276,0,57.9368314146996,0,100.340094551444,0,30.3287654519081,0,0,0,0,0,0,0,0,0.335258513689041,548.383219361305,0,0,0,0.92577052116394,0,0,0,0,13.4718694090843,80.6548832058907,0,0,0,0,0,0,0,0,0,0,0,0,0,0,0,12.9000430107117,0,0,37.0921704769135,0,10.7891820073128,0,3.94604358077049,0,0,0,0,0,0,0,0,0.217489242553711,311.739533893764,979.04390232265,35.4187102913857,0.925815731287003,0,0
0,5.31180001795292,0,0,0,0,0,0,0,78.4755803346634,0,0,0,0,0,0,0,304.848741784692,0.962753295898438,0,0,175.134733080864,0,286.520001396537,0,210.971919894218,0,0,0,0,0,0,0,3.21603712439537,0,0,0,569.478637054563,0.328540921211243,0,0,3.6023050993681,0,0,0,0,0,52.7358388602734,0.930530935525894,70.2605043500662,0,0,0,0,0,328.385689526796,0,0,0,0,0,42.9727035164833,0,0,412.959724903107,0,0,0,919.980746373534,0,2.04929172992706,0,0,0,0,0,0,0,0,0,983.073690026999,0.213807612657547,1338.48256200552,0,133.022318854928,0,0
0.839823260903358,0,0,0,0,0,0,0,16.6882313191891,0,0,0,0,0,0.467954695224762,0,0,0,0,0,0,0,139.381597012281,0,714.187131911516,0,292.57930791378,0,0,0,0,0,0,0,0,0,0,0.547780305147171,266.748670130968,0,0.90707927942276,0,2.00994344055653,0,0,0,0,16.9193388223648,154.197911724448,0,0,0,0,0,35.9083759486675,0,0,0,0,0,3.30077528953552,0,0,0,0,37.0921704769135,0,0,0,544.961743831635,0,0,0,0,0,0,0,0,0,0,0,555.838269725442,418.600653097034,0,106.974786579609,0,0
0,0,0,0,0,0,0,0,0,3.84595465660095,0,0,0,5.00225400924683,0,46.3491519093513,0,988.149755895138,2.50962722301483,0,0,24.0181273818016,0,114.887216255069,0,568.837944447994,0,412.250193059444,0,0,0,0,0,0,0,0,0,0,0,0,0,0,0,0,0,0,0,0,0,36.0766541957855,0,0,0,0,0,7.43892723321915,0,0,0,0,0,72.9248923659325,0,0,127.995050832629,0,919.980746373534,0,0,0,42.3029936552048,0,0,0,0,0,0,0,0,0,0,0,223.212902754545,0,0,0,0
0,0,0,0,0,0,0,0,22.0220773816109,0,0,0,0.973571628332138,0,138.6954331249,0,1319.1467860043,0,0,0,0,0,1.02363884449005,0,418.680196911097,0,912.613856360316,0,85.0477165430784,0,0,0,0,0,0,0,0,0,0,0,0,0,0,0,0,0,0,0,262.055518999696,0,0,0,0,0,27.3252678215504,0,0,0,0,0,22.5534037798643,0,0,0,0,10.7891820073128,0,544.961743831635,0,0,0,70.9030578136444,0,0,0,0,0,0,0,0,0,0,508.589030832052,28.2266431301832,0,0,0
0,0,0,0,0,0,0,0,0,0,0,0,0,43.1876869797707,0,0,0,0,0,0,0,198.076517015696,0,2.57909259200096,0,0,0,2631.82169887424,0,66.247103780508,0,0,0,0,0,0,0,18.6530056893826,0,0,0,0,0,0,0,0,0,0,0,40.0789431780577,0,0,0,0,0,0,0,13.13336160779,0,67.4767917096615,0,0,0,0,27.9794400930405,0,2.04929172992706,0,42.3029936552048,0,0,0,317.835586890578,0,0,0,0,0,0,0,476.57200203836,0,434.478706479073,132.855213284492,0.574012875556946,0,0
0,0,3.795838534832,0,0,0,0,0,0,0,0.643750935792923,0,0,0,27.8891322612762,0,197.59680044651,0,0.600084587931633,0,0,0,19.6553729772568,0,0,0,325.998266220093,0,3125.44451667368,0,141.351257964969,0,0,0,0,0,0,0,53.3723807483912,0,0,0,44.1350226402283,0,0,0,0,0,67.6403416246176,0,0.200114473700523,0,0,0,1.98866137862206,0,297.351980954409,0,11.7294754981995,0,116.245296552777,0,0,8.58435156941414,0,3.94604358077049,0,0,0,70.9030578136444,0,0,0,138.289720013738,0,0,0,0,0,0,0,3.07563850283623,860.770844593644,182.577412322164,45.978790089488,0,0
0,10.7534205913544,0,19.4978461265564,0,8.03846774995327,0,0,0,4.50753811001778,0,106.881705410779,0,0,0,0,4.64567972719669,4.43784092366695,47.3168668299913,1.41681642830372,0,0,0,0,0,0,0,251.020741403103,0,854.168166562915,0,0,0,0,0,0,0,647.678380519152,0,10.1286419406533,3.8589453548193,485.993326343596,3.04687324911356,0,0,13.3623545914888,1.68621660768986,0,0,25.2312680631876,0,5.69623546302319,0,0,0,2.21570780873299,0,842.575862906873,0,103.88313831389,0,16.0062501803041,330.721080780029,0,0,0,0,0,0,0,317.835586890578,0,0,0,0,0,0,0,26.1068683117628,1.38815762102604,390.373811617494,0.307383209466934,379.554740011692,3.07820147275925,769.310229085386,32.8216342478991,0
6.81613425910473,0,20.8298186659813,0,0.407339513301849,0,0,0,0.496654629707336,0,65.188787676394,0,0,0,0,0,4.59282417595387,2.04760040342808,33.9132876172662,0,0.412802845239639,0,0,0,0,0,0,0,231.337555706501,0,378.781750395894,0,0,0,0,0,0.161865875124931,0,218.877546072006,0.0786914825439453,52.2763246968389,1.49922697246075,320.034676104784,0,0.180400967597961,0,12.8119263425469,0,87.9929282069206,0,2.69241864979267,0,0,0,4.21814356744289,0,585.222706839442,0,0.580273285508156,0,3.02563944458961,0,0,36.6264436542988,0,0,0,0,0,0,0,138.289720013738,0,0,0,0,0,0,0.347925424575806,19.7352148145437,0.461964249610901,243.103109866381,279.693127207458,1.96997329592705,779.12589083612,0,49.1385328173637
0,0,0,0,0,0,0,0,0,0,0,0,0,0,0,0,0,0,0,0,0,0,0,0,0,0,0,0,0,0,0,1592.04822920263,2498.54490408301,98.3001154959202,127.248770982027,640.971983745694,450.742131844163,0,0,0,0,0,0,0,0,0,0,3259.35189007223,1.49799686670303,33.1611768603325,0,0,0,0,0,0,0,0,0,0,0,0,0,0,0,0,0,0,0,0,0,0,0,0,0,356.707468956709,18.9048842787743,3.9616861641407,651.60974021256,150.746177315712,0,0,237.396100461483,0,0,0,0
