0,0,29.8312007784843,0,0,0,0,0,199.845513939857,0,0,0,0,0,0,0,0,0,3.69251549243927,0,0,0,0,0,0,0,0,0,0,0,0,0,0,0,0,0,0,0.245377004146576,2.86165988445282,0,0,0,90.0584346950054,0,0,0,31.8705641031265,0.288241982460022,360.384073063731,0,0,0,0,0,0.917124688625336,0,1.67804469168186,0,0,0,214.147311091423,0,0,2.12314526736736,0,0,0,0,0,2.66631126403809,0,0,0,0.903553605079651,0,0,0,0,0,37.2828704118729,0,1.47952103614807,11.2910390645266,0,387.913922727108,0,5.94550156593323
0,0,0,40.9736122190952,0,0,0,0,0,58.9113101959229,0,0,0,0,0,0,0,0,0,0,0,0,0,0,0,0,0,0,0,0,0,0,0,0,0,0,0,0,0,0,0,25.7315614968538,0,0,0,0,0,0,0,254.035014510155,0,0,0,0,0,72.1194208264351,0,0,0,0,0,2.10235339403152,0,0,0,0,0,0,0,0,0,0,0,0,0,0,0,0,0,0,0,0,107.416442453861,0,178.307360187173,0,0
29.8312007784843,0,0,0,0,0,0,0,58.9253638386726,0,0,0,0,0,0,0,0,0,0,0,1.32119287550449,0,0,0,0,0,0,0,0,0,0,0,0,0,0,0,0,0,0,0,0,0,5.91673940420151,0,0,0,9.90703551471233,0,29.0992259979248,0,0,0,0,0,0,0,14.5439573079348,0,0.269875764846802,0,0,0,0,13.9093576669693,0,0,0,0,0,0,0,0.395761340856552,0,14.6984218508005,0,0,0,0,0,18.56696395576,0,6.57964061200619,2.23396827280521,0,535.554897233844,0,2.89187064766884
0,40.9736122190952,0,0,0,54.6017934978008,0,0,0,47.7001554965973,0,0,0,0,0,0,0,0,0.486581772565842,2.64078280329704,0,0,0,0,0,0,0,0,0,0,0,0,0,0,0,4.02715946733952,0,0,0,0,0,7.4388283342123,0,0,0,25.3850003927946,0,0.4280706346035,0,200.806548595428,0,18.9832005500793,0,0,0,30.8224111497402,0,56.224511474371,0,2.03860694169998,0,49.9593837410212,2.86579656600952,0,0,0,0,0,0,0,0,0,15.0277213603258,0,0,0,0,0,0.286907821893692,0,3.4598083794117,0,132.855358496308,0,716.612533263862,0,0
0,0,0,0,0,0,0,0,0,0,0,0,0,0,0,0,0,0,0,0,0,0,0,0,0,0,0,0,0,0,0,0,0,0,0,0,0,0,0,0,0,0,0,0,0,0,0,0,0,0,0,0,0,0,0,0,0,0,0,0,0,0,0,0,0,0,0,0,0,0,0,0,0,0,0,0,0,0,0,0,0,0,0,0,0,0,0
0,0,0,54.6017934978008,0,0,0,20.7580373287201,0,0,0,0,0,0,0,0,0,0,0,0,0,0,0,0,0,0,0,0,0,0,0,0,0,0,0,0,0,0,0,0,0,0,0,0,0,0,0,0,0,0,0,3,0,0,0,0.481544375419617,0,9.92839097976685,0,0,0,0,0,0,0,0,0,0,0,0,0,0,0,0,0,0,0,0,0,0,0,0,2.7074316740036,0,11.806947350502,0,0
0,0,0,0,0,0,0,0,0,0,0,0,0,0,0,0,0,0,0,0,0,0,0,0,0,0,0,0,0,0,0,0,0,0,0,0,0,0,0,0,0,0,0,0,0,0,0,0,0,0,0,0,87.5654917955399,0,0,0,3.68146538734436,0,55.4337494373322,0,0,0,0,0,0,0,0,0,0,0,0,0,0,0,0,0,0,0,0,0,0,0,35.1496648788452,0,0,0,0
0,0,0,0,0,20.7580373287201,0,0,0,0,0,0,0,0,0,0,0,0,0,0,0,0,0,0,0,0,0,0,0,0,0,0,0,0,0,0,0,0,0,0,0,0,0,0,0,0,0,0,0,0,0,0,0,6.41337442398071,0,0,0,0,0,0,0,0,0,0,0,0,0,0,0,0,0,0,0,0,0,0,0,0,0,0,0,0,50.0945603847504,0,0,0,0
199.845513939857,0,58.9253638386726,0,0,0,0,0,0,0,0,0,0,0,65.4157001823187,0,36.8761711120605,0,0,0,0,0,0,0,116.327325373888,0,14.8921791017056,0,0,0,0,0,0,0,0,0,0,0,103.77918189764,0,0,0,159.432041093707,0,0,0,0,0,39.1408301591873,0,0,0,0,0,240.459250167012,0,0,0,0,0,346.046954587102,0,0,0,0,0,0,58.454485476017,0,161.463262885809,0,0,0,0,0,0,0,0,0,0,0,28.2225737273693,135.08650059998,0,653.97563777864,0,11.8980843424797
0,58.9113101959229,0,47.7001554965973,0,0,0,0,0,0,0,0,0,0,0,15.574501991272,0,0,1.88116323947906,0,0,0,0,95.020632147789,0,21.3801069259644,0,0,0,0,0,0,0,0,0,0,0,70.0932781994343,0,0,0,9.87511983513832,0,0,0,0,0,0,0,0,0,0,0,0,0,257.092633664608,0,2.49140021204948,0,0,0,0,0,0,0,0,0,0,0,0,0,0,0,0,0,0,0,0,0,0,1.86856871843338,0,373.493411034346,0,34.5052736997604,5.89478835463524,0
0,0,0,0,0,0,0,0,0,0,0,0,153.203515127301,0,0,0,0,0,0,0,751.108892768621,0,0,0,0,0,0,0,19.6461806297302,0,90.034569054842,0,0,0,0,0,0,0,1376.27659124136,0,0,0,0,0,0,0,3.16156628727913,0,0,0,0,0,0,0,0,0,2348.25826664269,0,288.443399623036,0,0,0,0,30.9694653898478,0,0,0,0,0,0,0,104.512232422829,0,227.0511200279,0,0,0,0,0,0.272813826799393,0,275.096556216478,489.244097411633,0,10.3359836339951,0,0
0,0,0,0,0,0,0,0,0,0,0,0,0,1,0,0,0,0,0,97.9645956158638,0,0,0,0,0,0,0,0,0,70.5412099212408,0,0,0,0,0,18.9131053835154,0,323.276331409812,0,0,0,0,0,0,0,2.08247524499893,0,0,0,0,0,0,0,0,0,0,0,498.538052052259,0,0,0,0,299.446993559599,0,0,0,0,0,0,0,0,0,197.056453034282,0,0,0,0,0,0.447486877441406,0,201.782063081861,0,35.1587340831757,0,9.03766959905624,0,0
0,0,0,0,0,0,0,0,0,0,153.203515127301,0,0,0,21.104664683342,0,0,0,0,0,0,0,0,0,0,0,0,0,1.79852986335754,0,2.27449962496758,0,0,0,0,0,0,0,0,0,0,0,0,0,0,0,0,0,0,0,0,0,0,0,0,0,86.7367377728224,0,646.820802852511,0,10.3190933465958,0,0,0,0,0,0,0,0,0,0,78.2755823731422,0,1.32161112129688,0,0,0,0,0,0,0,0,255.898962676525,116.704182565212,0,0,0
0,0,0,0,0,0,0,0,0,0,0,1,0,0,0,0,0,0,0,0,0,0,0,0,0,0,0,0,0,0,0,0,0,0,0,0,0,0,0,0,0,0,0,0,0,0,0,0,0,0,0,0,0,0,0,0,0,10.8291094303131,0,39.7562024593353,0,4,0,0,0,0,0,0,0,0,0,0,0,0,0,0,0,0,0,0,0,0,0,0,0,0,0
0,0,0,0,0,0,0,0,65.4157001823187,0,0,0,21.104664683342,0,0,0,210.154137521982,0,0,0,0,0,0,0,0,0,21.6590441465378,0,6.9600236415863,0,0,0,0,0,0,0,0,0,0,0,0,0,0,0,0,0,0,0,0,0,0,0,0,0,8.22573274374008,0,0,0,66.3749215602875,0,72.0197219848633,0,0,0,0,0,0,0,0,17.9003632068634,0,17.8666869997978,0,0,0,0,0,0,0,0,0,0,327.455620706081,0,0,0,0
0,0,0,0,0,0,0,0,0,15.574501991272,0,0,0,0,0,0,0,5.45260405540466,0,0,0,0,0,0,0,12.5120987892151,0,0,0,0,0,0,0,0,0,0,0,0,0,0,0,0,0,0,0,0,0,0,0,0,0,0,0,0,0,67.4058365821838,0,0,0,0,0,9.56074249744415,0,0,0,0,0,0,0,0,0,0,0,0,0,0,0,0,0,0,0,0,6.02555859088898,0,0,0,0
0,0,0,0,0,0,0,0,36.8761711120605,0,0,0,0,0,210.154137521982,0,0,10646.8001610339,4564.28923520446,0,0,0,175.784209400415,0,52.0044963359833,0,665.997120007873,0,148.456782996655,0,0,0,0,0,0,0,0,0,0,7.99816931039095,0,16.2913415282965,75.374261111021,1.8602928519249,48.4175946861506,0.214813232421875,32.6669984012842,0,0,0.832486212253571,0,0,0,0,1.98693072795868,0,0,0,0.716355204582214,0,119.032731503248,0,0.274332612752914,0.936729967594147,0,101.9281257689,0,2.25086808204651,0,431.863872587681,0,27.5201637744904,0,1.38489580154419,0,0,0,0,13.2822117507458,4.58574104309082,1.12189531326294,4.05141690373421,3999.52133196592,489.832228705287,34.1179987490177,0,10.4694605320692
0,0,0,0,0,0,0,0,0,0,0,0,0,0,0,5.45260405540466,10646.8001610339,0,2922.65451131761,0,0,161.49092566967,0,0,0.584196329116821,4.20431756973267,0,0,0,0,0,0,0,0,0,0,0,0,0,10.0464589446783,0,27.4156787693501,18.9715346992016,1.72458583116531,4.68049052357674,0.84593790769577,5.02288565039635,0,0,1.31356158852577,0,0,0,0,0,0,0,0,0,0,0,18.5615280866623,0,0,35.7468760609627,0,0,0,0,0,0,0,0.318691849708557,0,0,0,0,0,5.29604161530733,3.77877289056778,5.40112142264843,0,2843.12050102651,348.649823755026,17.93011328578,0.363316178321838,2.84243190288544
3.69251549243927,0,0,0.486581772565842,0,0,0,0,0,1.88116323947906,0,0,0,0,0,0,4564.28923520446,2922.65451131761,0,0,2.95174297690392,0,0,0,0,0,0,0,0,0,0,0,0,0,0,0,0,1.24440622329712,0,452.556450970471,42.2361008226871,2525.12693811953,2340.90164114535,613.170441910625,1332.36367537081,269.595876336098,1339.73701129854,1.52194833755493,0.278058379888535,233.939292691648,0,0,0,0,0,0,4.58400950580835,9.00127995014191,0,0,0,0,9.39375373721123,31.1858715265989,0,0,0,0,0,0,0,0,126.45853574574,14.1454048752785,0,0,0,0,1436.76851338148,260.535070478916,817.971042469144,54.43953974545,2048.01387685537,0,2794.47659692168,161.84825605154,451.998317912221
0,0,0,2.64078280329704,0,0,0,0,0,0,0,97.9645956158638,0,0,0,0,0,0,0,0,0,0,0,0,0,0,0,0,0,0,0,0,0,0,0,770.923522904515,0,202.3902336061,0,0,0,0,0,0,0,0,0,0,0,0,0,0,0,0,0,0,0,37.9496859908104,0,0,0,0,1375.38204571605,0,0,0,0,0,0,0,0,0,36.3426063656807,0,0,0,0,0,257.679770216346,0,331.563446447253,0,111.326040923595,0,86.2987178564072,0,0
0,0,1.32119287550449,0,0,0,0,0,0,0,751.108892768621,0,0,0,0,0,0,0,2.95174297690392,0,0,0,0,0,0,0,0,0,0,0,21.7457218468189,0,0,0,0,0,634.506367877126,0,584.324747160077,0,0.295629113912582,0,5.47415482997894,0,2.93901181221008,0,100.462243594229,0,0,0,0,0,0,0,0,0,529.304889813066,0,0,0,0,0,0,870.504854097962,0,0,0,0,0,0,0,0,0,124.259640455246,0,0,0,0,0,242.101845443249,0,345.890968844295,52.9747892320156,0,56.8116387352347,0,0
0,0,0,0,0,0,0,0,0,0,0,0,0,0,0,0,0,161.49092566967,0,0,0,0,490.734890952706,75.6069048047066,0,0,0,17.8565311431885,0,0,0,0,0,0,0,0,0,1494.78441241384,1.44419705867767,0,0,0,0,0,0,0,0,0,0,78.5820446610451,0,0,0,0,0,0,0,0,0,0,0,0,0,0,5840.10086904466,4.21227586269379,33.3397243320942,0,0,0,0,0,0,0,0,0,0,0,0,0,627.751401782036,0,1299.2953042835,125.263691961765,0,0,0
0,0,0,0,0,0,0,0,0,0,0,0,0,0,0,0,175.784209400415,0,0,0,0,490.734890952706,0,0,59.0038381963968,0,339.412439063191,0,57.8868650794029,0,0,0,0,0,0,0,0,48.846538066864,1153.20109832287,0,0,0,0,0,0,0,0,0,726.843356668949,0,0,0,0,0,0,0,0,0,0,0,0,0,0,0,17.2449252605438,8944.89627328515,0,88.3482350111008,0,341.828586697578,0,76.9111503362656,0,0,0,0,0,0,0,0,0,612.519052520394,1787.71221025288,113.255833387375,0,0,0
0,0,0,0,0,0,0,0,0,95.020632147789,0,0,0,0,0,0,0,0,0,0,0,75.6069048047066,0,0,0,14.2097702026367,0,0,0,0,0,0,0,0,0,0,0,586.388685375452,0,0,0,7.88799595832825,0,0.486495912075043,0,0,0,0,0,14.8402251899242,0,0,0,0,0,98.1532152891159,0,0,0,0,0,0,0,0,217.367267355323,0,786.810867220163,0,0,0,0,0,0,0,0,0,0,0,0,0,148.43297368288,0,909.504858076572,4.76402711868286,22.8999382555485,4.80414873361588,0
0,0,0,0,0,0,0,0,116.327325373888,0,0,0,0,0,0,0,52.0044963359833,0.584196329116821,0,0,0,0,59.0038381963968,0,0,0,471.515316843987,0,0,0,0,0,0,0,0,0,0,0,718.043362364173,0,0,0,0,0,0,0,0,0,175.916829422116,0,0,0,0,0,39.8190254569054,0,0,0,0,0,3.93432253599167,0,0,0,0,19.1813497245312,0,1173.2110863924,0,483.590547561646,0,0,0,0,0,0,0,0,0,0,0,307.18370205164,176.583072826266,0,97.5661855340004,0,0
0,0,0,0,0,0,0,0,0,21.3801069259644,0,0,0,0,0,12.5120987892151,0,4.20431756973267,0,0,0,0,0,14.2097702026367,0,0,0,4.96158647537231,0,0,0,0,0,0,0,0,0,0,0,0,0,0,0,0,0,0,0,0,0,0,0,0,0,0,0,8.40935087203979,0,0,0,0,0,24.0861379504204,0,0,0,0,79.807629942894,0,98.7989592552185,0,0,0,0,0,0,0,0,0,0,0,0,0,83.9059507846832,0,0,0,0
0,0,0,0,0,0,0,0,14.8921791017056,0,0,0,0,0,21.6590441465378,0,665.997120007873,0,0,0,0,0,339.412439063191,0,471.515316843987,0,0,0,183.655110269785,0,0,0,0,0,0,0,0,0,0,0,0,0,0,0,0,0,0,0,0,0,0,0,0,0,0.699890792369843,0,0,0,0,0,0.638301014900208,0,0,0,0,189.319573834538,0,183.977339535952,0,2248.88334561884,0,267.739697337151,0,0,0,0,0,0,0,0,0,0,478.189445614815,0,0,0,0
0,0,0,0,0,0,0,0,0,0,0,0,0,0,0,0,0,0,0,0,0,17.8565311431885,0,0,0,4.96158647537231,0,0,0,69.5745038986206,0,0,0,0,0,0,0,85.5640599429607,0,0,0,0,0,0,0,0,0,0,0,0,0,0,0,0,0,0,0,0,0,0,0,0,0,0,2.83074069023132,0,0,0,1,0,720.616638988256,0,113.668275773525,0,0,0,0,0,0,0,41.5859251022339,0,102.053621292114,0,0,0,0
0,0,0,0,0,0,0,0,0,0,19.6461806297302,0,1.79852986335754,0,6.9600236415863,0,148.456782996655,0,0,0,0,0,57.8868650794029,0,0,0,183.655110269785,0,0,0,525.63544537127,0,0,0,0,0,0,0,23.255250275135,0,0,0,0,0,0,0,0,0,0,0,0,0,0,0,0,0,0,0,5.81649288535118,0,0,0,0,0,0,67.2567730545998,0,0,0,64.2678052783012,0,1254.8359503597,0,204.820041835308,0,0,0,0,0,0,0,61.3693106770515,500.560168623924,7.46825462579727,0,0,0
0,0,0,0,0,0,0,0,0,0,0,70.5412099212408,0,0,0,0,0,0,0,0,0,0,0,0,0,0,0,69.5745038986206,0,0,0,0,0,0,0,0,0,560.266472280025,0,0,0,0,0,0,0,0,0,0,0,0,0,0,0,0,0,0,0,21.1176102161407,0,0,0,0,0,0,0,0,0,0,0,0,0.363912269473076,0,950.160017192364,0,0,0,0,0,0,0,224.931498706341,0,114.193384647369,0,0,0,0
0,0,0,0,0,0,0,0,0,0,90.034569054842,0,2.27449962496758,0,0,0,0,0,0,0,21.7457218468189,0,0,0,0,0,0,0,525.63544537127,0,0,0,0,0,0,0,0,0,127.956621542573,0,0,0,0.321932971477509,0,0,0,0,0,0,0,0,0,0,0,0,0,141.066034704447,0,17.7003566026688,0,0,0,0,5.43926461040974,0,0,0,0,0,0,0,377.807577520609,0,430.262428835034,0,0,0,0,0,0.268597930669785,0,56.8556157946587,45.8284092843533,14.3141207695007,30.3102440834045,0,0
0,0,0,0,0,0,0,0,0,0,0,0,0,0,0,0,0,0,0,0,0,0,0,0,0,0,0,0,0,0,0,0,641.755045562983,0,15.9683037996292,502.436281636357,6.32421863079071,0,0,0,0,0,0,0,0,0,0,1353.91868712008,1.3422794342041,0,0,0,0,0,0,0,0,0,0,0,0,0,0,0,0,0,0,0,0,0,0,0,0,0,500.253298133612,250.008213192225,3.08316373825073,18.2984261661768,181.092023804784,0,0,0,387.641505688429,0,0,0,0
0,0,0,0,0,0,0,0,0,0,0,0,0,0,0,0,0,0,0,0,0,0,0,0,0,0,0,0,0,0,0,641.755045562983,0,1.84001708030701,59.2123710811138,0,6.36871379613876,0,0,0,0,0,0,0,0,0,0,241.484769940376,6.73843610286713,0,0,0,0,0,0,0,0,0,0,0,0,0,0,0,0,0,0,0,0,0,0,0,0,0,10.9372422397137,1126.38117176294,0,107.005232289433,0,525.235039889812,0,0,245.212389171124,0,0,0,0
0,0,0,0,0,0,0,0,0,0,0,0,0,0,0,0,0,0,0,0,0,0,0,0,0,0,0,0,0,0,0,0,1.84001708030701,0,1596.8102350831,1423.18545171618,0,125.916212156415,51.3974086046219,0,0,0,0,0,0,0,0,4616.38087797165,1.17953336238861,9.74495875835419,0,0,0,0,0,0,0,0,0,0,0,0,0,0,0,0,0,0,0,0,0,0,0,0,0,0,1785.25712147355,2356.54925885797,739.340451702476,0,562.827544257045,25.9790561199188,1731.76162263751,162.204182326794,5.26117771863937,0,0
0,0,0,0,0,0,0,0,0,0,0,0,0,0,0,0,0,0,0,0,0,0,0,0,0,0,0,0,0,0,0,15.9683037996292,59.2123710811138,1596.8102350831,0,0,258.196058511734,0,251.128131955862,0,0,0,0,0,0,0,0,1236.80303612351,5.00786948204041,0,0,0,0,0,0,0,0,0,0,0,0,0,0,0,0,0,0,0,0,0,0,0,0,0,1.83338308334351,82.3546426445246,603.369571104646,2736.51932364702,0,741.360006198287,35.8082941919565,731.840166926384,306.606962367892,0,3.18760466575623,0,0
0,0,0,4.02715946733952,0,0,0,0,0,0,0,18.9131053835154,0,0,0,0,0,0,0,770.923522904515,0,0,0,0,0,0,0,0,0,0,0,502.436281636357,0,1423.18545171618,0,0,165.607361197472,1718.87390206754,27.3240676820278,0,0,0.670644700527191,0,0.287652254104614,0,31.3058924674988,0,154.23250541091,13.1092468202114,0,0,0,0,0,0,1.98583781719208,0,0,0,0,0,0,1150.06353627145,0,0,0,0,0,0,0,0,0,0,0,284.574417367578,0,1190.82956101,0,12853.9504157826,5.17150330543518,692.492359310389,0,3843.48604405671,32.2307465076447,190.730681091547,0,0
0,0,0,0,0,0,0,0,0,0,0,0,0,0,0,0,0,0,0,0,634.506367877126,0,0,0,0,0,0,0,0,0,0,6.32421863079071,6.36871379613876,0,258.196058511734,165.607361197472,0,0,3018.96302606165,0,0,0,0,0,0,0,30.1674590408802,7.14783108234406,14.5638027638197,0,0,0,0,0,0,0,0.16272297501564,0,0,0,0,0,0,39.2697986215353,0,0,0,0,0,0,0,0,0,0,0,195.333487868309,0,34.3892543017864,125.318260788918,11639.4858939126,0,1464.30721358955,1119.76502458751,173.754601716995,163.493154525757,0,0
0.245377004146576,0,0,0,0,0,0,0,0,70.0932781994343,0,323.276331409812,0,0,0,0,0,0,1.24440622329712,202.3902336061,0,1494.78441241384,48.846538066864,586.388685375452,0,0,0,85.5640599429607,0,560.266472280025,0,0,0,125.916212156415,0,1718.87390206754,0,0,798.808162271976,0,0,23.3190056234598,1.18653756380081,0,0,1.23281770944595,0,482.227657824755,0,35.7742732465267,0,0,0,0,0,0,0,37.3579700291157,0,0,0,0,36.0777792781591,0,266.085309073329,6.39201986789703,76.3430706560612,0,0,0,227.748172163963,0,50.1984450370073,0,0,0,49.5234838426113,1.09587752819061,1001.78952055424,0,16719.8525976092,304.919809937477,5412.46901683509,847.586894541979,136.310360938311,5.07055878639221,0
2.86165988445282,0,0,0,0,0,0,0,103.77918189764,0,1376.27659124136,0,0,0,0,0,0,0,0,0,584.324747160077,1.44419705867767,1153.20109832287,0,718.043362364173,0,0,0,23.255250275135,0,127.956621542573,0,0,51.3974086046219,251.128131955862,27.3240676820278,3018.96302606165,798.808162271976,0,0,0,0,3.95584538578987,0,0,0,3.63389785587788,680.298633635044,434.929114818573,0,0,0,0,0,131.138340204954,0,107.024696320295,0,0,0,0,0,0,54.9331871420145,0,591.355337381363,0,257.62068977952,0,0,0,18.1069877445698,0,134.299330472946,0,0,8.18071320652962,44.5863553583622,0,1206.80931310356,57.6678133308887,17295.6867612153,1797.20627655834,27.8707764148712,442.641177356243,0,0
0,0,0,0,0,0,0,0,0,0,0,0,0,0,0,0,7.99816931039095,10.0464589446783,452.556450970471,0,0,0,0,0,0,0,0,0,0,0,0,0,0,0,0,0,0,0,0,0,0,1206.30986518413,25.3959487080574,18.3968404084444,0.802715674042702,552.121122866869,1.63732485473156,1.39356370270252,0,507.701904959977,0,0,0,0,0,0,0,5.08125220239162,0,0,0,0,85.8340117037296,0,0,0,0,0,0,0,0,0,9.81708474457264,0,0,0,0,0,248.848182871938,0.395423501729965,42.3765649944544,0,293.774023547769,0,2736.17115186155,20.7942514121532,0
0,0,0,0,0,0,0,0,0,0,0,0,0,0,0,0,0,0,42.2361008226871,0,0.295629113912582,0,0,0,0,0,0,0,0,0,0,0,0,0,0,0,0,0,0,0,0,1.1451133787632,299.593796133995,0,62.8723942935467,0,446.541564382613,11.1530624628067,131.735109895468,0,0,0,0,0,0,0,2.79925432056189,0,0,0,0,0,0,8.37797706574202,0,0,0,0,0,0,0,0.12019120156765,0,2.69726519286633,0,0,0,0,0,400.93524594605,0,172.27837869525,4.33169820904732,0,1379.41126567125,0,98.1960048079491
0,25.7315614968538,0,7.4388283342123,0,0,0,0,0,9.87511983513832,0,0,0,0,0,0,16.2913415282965,27.4156787693501,2525.12693811953,0,0,0,0,7.88799595832825,0,0,0,0,0,0,0,0,0,0,0,0.670644700527191,0,23.3190056234598,0,1206.30986518413,1.1451133787632,0,284.685827359557,128.022908300161,20.8480633944273,157.17974640429,14.4177376925945,93.0976399928331,0,1255.40182708949,0,0,0,0,0,0,0,26.3736754655838,0,0,0,0,1.15390691161156,0.225834161043167,0,0,0,0,0,0,0,0,292.114421054721,0,0,0,0,0,2072.017335549,0,843.762663215399,0,1411.22280955315,0.4464470744133,3669.83903735876,573.285609319806,7.35376952588558
90.0584346950054,0,5.91673940420151,0,0,0,0,0,159.432041093707,0,0,0,0,0,0,0,75.374261111021,18.9715346992016,2340.90164114535,0,5.47415482997894,0,0,0,0,0,0,0,0,0,0.321932971477509,0,0,0,0,0,0,1.18653756380081,3.95584538578987,25.3959487080574,299.593796133995,284.685827359557,0,5.25018092989922,296.471225574613,2.23014248907566,1028.42645721138,136.876789599657,852.478835612535,5.0453444570303,0,0,0,0,0,0,165.686487838626,0,7.35311654210091,0,0,0,0,50.542884901166,0,0,0,0,0,0,0,29.7864121198654,0.25055143237114,345.563889279962,0,0,0,15.2808926105499,45.8628728538752,677.370345875621,8.93469989299774,188.574600696564,1305.2907423079,1.12549693882465,6645.46728365123,3.77950012683868,1647.39895491302
0,0,0,0,0,0,0,0,0,0,0,0,0,0,0,0,1.8602928519249,1.72458583116531,613.170441910625,0,0,0,0,0.486495912075043,0,0,0,0,0,0,0,0,0,0,0,0.287652254104614,0,0,0,18.3968404084444,0,128.022908300161,5.25018092989922,0,2.48340559005737,33.4286639541388,2.80615741014481,0,0,20.1405481994152,0,0,0,0,0,0,0,1.76471221446991,0,0,0,0,0,0,0,0,0,0,0,0,0,0,19.5365795940161,0,0,0,0,0,251.958933100104,0,263.099634587765,0,13.0617950260639,0,372.311003983021,14.564161837101,0.433048665523529
0,0,0,0,0,0,0,0,0,0,0,0,0,0,0,0,48.4175946861506,4.68049052357674,1332.36367537081,0,2.93901181221008,0,0,0,0,0,0,0,0,0,0,0,0,0,0,0,0,0,0,0.802715674042702,62.8723942935467,20.8480633944273,296.471225574613,2.48340559005737,0,1.12179780006409,416.553733304143,0,0.471711397171021,0.286540746688843,0,0,0,0,0,0,2.91143429279327,0,0,0,0,0,0,41.9990902543068,0,0,0,0,0,0,0,0,0,11.4284046888351,0,0,0,0,4.51597565412521,575.287035688758,0.352623015642166,106.91664236784,45.2558148503304,0,1028.86728723347,0,40.3600013554096
0,0,0,25.3850003927946,0,0,0,0,0,0,0,2.08247524499893,0,0,0,0,0.214813232421875,0.84593790769577,269.595876336098,0,0,0,0,0,0,0,0,0,0,0,0,0,0,0,0,31.3058924674988,0,1.23281770944595,0,552.121122866869,0,157.17974640429,2.23014248907566,33.4286639541388,1.12179780006409,0,2.2208558768034,5.30525510013103,1.5192136913538,74.6329271495342,0,1.78389585018158,0,0,0,0,0,82.4544219374657,0,0,0,0,1736.26479049027,0,0,0,0,0,0,0,0,0,216.612166658044,0,0,0,0,0,3025.33717809618,0,1017.13855919987,0,315.551140367985,0,1889.10979788005,0,0
31.8705641031265,0,9.90703551471233,0,0,0,0,0,0,0,3.16156628727913,0,0,0,0,0,32.6669984012842,5.02288565039635,1339.73701129854,0,100.462243594229,0,0,0,0,0,0,0,0,0,0,0,0,0,0,0,30.1674590408802,0,3.63389785587788,1.63732485473156,446.541564382613,14.4177376925945,1028.42645721138,2.80615741014481,416.553733304143,2.2208558768034,0,0,104.816498689353,0,0,0,0,0,0,0,138.277399748564,0,2.35138748586178,0,0,0,0,2363.98188610375,0,0,0,0,0,0,0,5.55293215811253,0,65.9557950347662,0,0,0,0,3.53903903067112,3049.54182008654,1.87449607253075,249.04602009058,111.666625514627,0,4055.71146723628,0,24.2112439721823
0.288241982460022,0,0,0.4280706346035,0,0,0,0,0,0,0,0,0,0,0,0,0,0,1.52194833755493,0,0,0,0,0,0,0,0,0,0,0,0,1353.91868712008,241.484769940376,4616.38087797165,1236.80303612351,154.23250541091,7.14783108234406,482.227657824755,680.298633635044,1.39356370270252,11.1530624628067,93.0976399928331,136.876789599657,0,0,5.30525510013103,0,0,3745.60534352064,328.712787553668,0,0,0,0,0,0,0,0,0,0,0,0,0,0,0,0,0,0,0,0,0,0,0,0,2329.88636338711,1071.90154847503,1792.004753232,1107.52786742151,509.972477048635,443.249843195081,40.1890857666731,224.296159297228,823.80327732861,24.831364095211,1159.84469225258,0.804531127214432,0.349700719118118
360.384073063731,0,29.0992259979248,0,0,0,0,0,39.1408301591873,0,0,0,0,0,0,0,0,0,0.278058379888535,0,0,0,726.843356668949,0,175.916829422116,0,0,0,0,0,0,1.3422794342041,6.73843610286713,1.17953336238861,5.00786948204041,13.1092468202114,14.5638027638197,0,434.929114818573,0,131.735109895468,0,852.478835612535,0,0.471711397171021,1.5192136913538,104.816498689353,3745.60534352064,0,18.1229894310236,0,0,0,0,65.9867741912603,0,7.02005175501108,0,0,0,160.228990390897,0,0,6.62286926060915,0,456.101931855083,0,451.435081571341,0,1.53886149823666,0,9.31850361824036,0,27.209100574255,0,0,0,6.49704885482788,1.315280854702,619.524180695415,0,1155.76191900671,560.736567407846,0,1719.80079509318,0,3.47755393385887
0,254.035014510155,0,200.806548595428,0,0,0,0,0,0,0,0,0,0,0,0,0.832486212253571,1.31356158852577,233.939292691648,0,0,78.5820446610451,0,14.8402251899242,0,0,0,0,0,0,0,0,0,9.74495875835419,0,0,0,35.7742732465267,0,507.701904959977,0,1255.40182708949,5.0453444570303,20.1405481994152,0.286540746688843,74.6329271495342,0,328.712787553668,18.1229894310236,0,0,0,0,0,0,1.49100363254547,0,66.162044249475,0,2.20871675014496,0,7.90987402200699,0.510704815387726,0,173.312873333693,0,88.4739373028278,0,39.035797983408,0,17.082249969244,0,224.547096848488,0,0,0,40.3230983763933,0,413.325665272772,0,185.252764292061,0,139.102751262486,1.96144598722458,1139.26545768976,108.155760362744,0
0,0,0,0,0,0,0,0,0,0,0,0,0,0,0,0,0,0,0,0,0,0,0,0,0,0,0,0,0,0,0,0,0,0,0,0,0,0,0,0,0,0,0,0,0,0,0,0,0,0,0,0,0,0,0,0,0,0,0,0,0,0,0,0,0,0,0,0,0,0,0,0,0,0,0,0,0,0,0,0,0,0,0,0,0,0,0
0,0,0,18.9832005500793,0,3,0,0,0,0,0,0,0,0,0,0,0,0,0,0,0,0,0,0,0,0,0,0,0,0,0,0,0,0,0,0,0,0,0,0,0,0,0,0,0,1.78389585018158,0,0,0,0,0,0,0,0,0,0,0,0,0,0,0,0,0,0,0,0,0,0,0,0,0,0,0,0,0,0,0,0,0,0,0,0,0,0,10.8790372610092,0,0
0,0,0,0,0,0,87.5654917955399,0,0,0,0,0,0,0,0,0,0,0,0,0,0,0,0,0,0,0,0,0,0,0,0,0,0,0,0,0,0,0,0,0,0,0,0,0,0,0,0,0,0,0,0,0,0,0,0,0,0.455584794282913,0,0,0,0,0,0,0,0,0,0,0,0,0,0,0,0,0,0,0,0,0,0,0,0,0,41.6018905639648,0,0,0,0
0,0,0,0,0,0,0,6.41337442398071,0,0,0,0,0,0,0,0,0,0,0,0,0,0,0,0,0,0,0,0,0,0,0,0,0,0,0,0,0,0,0,0,0,0,0,0,0,0,0,0,0,0,0,0,0,0,0,0,0,0,0,0,0,0,0,0,0,0,0,0,0,0,0,0,0,0,0,0,0,0,0,0,0,0,0,0,0,0,0
0.917124688625336,0,0,0,0,0,0,0,240.459250167012,0,0,0,0,0,8.22573274374008,0,1.98693072795868,0,0,0,0,0,0,0,39.8190254569054,0,0.699890792369843,0,0,0,0,0,0,0,0,0,0,0,131.138340204954,0,0,0,0,0,0,0,0,0,65.9867741912603,0,0,0,0,0,0,0,0,0,0,0,630.081346750259,0,0,0,0,0,0,224.883864030242,0,41.1531585454941,0,0,0,0,0,0,0,0,0,0,0,286.32975512743,17.7259757518768,0,48.3067358732224,0,0
0,72.1194208264351,0,30.8224111497402,0,0.481544375419617,0,0,0,257.092633664608,0,0,0,0,0,67.4058365821838,0,0,0,0,0,0,0,98.1532152891159,0,8.40935087203979,0,0,0,0,0,0,0,0,0,1.98583781719208,0,0,0,0,0,0,0,0,0,0,0,0,0,1.49100363254547,0,0,0,0,0,0,0,5.15663155913353,0,0,0,80.3678555488586,0,0,0,0,370.754350811243,0,0,0,0,0,0,0,0,0,0,0,0,0,0,0,0.543619692325592,0,55.5389031469822,0,0
1.67804469168186,0,14.5439573079348,0,0,0,3.68146538734436,0,0,0,2348.25826664269,0,86.7367377728224,0,0,0,0,0,4.58400950580835,0,529.304889813066,0,0,0,0,0,0,0,0,0,141.066034704447,0,0,0,0,0,0.16272297501564,0,107.024696320295,0,2.79925432056189,0,165.686487838626,0,2.91143429279327,0,138.277399748564,0,7.02005175501108,0,0,0,0.455584794282913,0,0,0,0,0,1037.0267535001,0,0,0,0,592.044694751501,0,0,0,0,0,0.753515094518661,0,250.665131300688,0,639.14488504827,0,0,0,0,0,13.2260472923517,0,2.97446125745773,251.048772111535,0,882.117328315973,0,31.9250257313251
0,0,0,56.224511474371,0,9.92839097976685,0,0,0,2.49140021204948,0,498.538052052259,0,10.8291094303131,0,0,0,0,9.00127995014191,37.9496859908104,0,0,0,0,0,0,0,0,0,21.1176102161407,0,0,0,0,0,0,0,37.3579700291157,0,5.08125220239162,0,26.3736754655838,0,1.76471221446991,0,82.4544219374657,0,0,0,66.162044249475,0,0,0,0,0,5.15663155913353,0,0,0,67.1656755506992,0,7.3889574110508,323.067558318377,0,0,0,0,0,0,0,68.0708129405975,0,682.348687008023,0,0,0,0,0,3.55867202579975,0,272.501867547631,0,3.15804216265678,0,507.05675521493,1.55303481221199,0
0,0,0.269875764846802,0,0,0,55.4337494373322,0,0,0,288.443399623036,0,646.820802852511,0,66.3749215602875,0,0.716355204582214,0,0,0,0,0,0,0,0,0,0,0,5.81649288535118,0,17.7003566026688,0,0,0,0,0,0,0,0,0,0,0,7.35311654210091,0,0,0,2.35138748586178,0,0,0,0,0,0,0,0,0,1037.0267535001,0,0,0,171.975351810455,0,0,19.4407478272915,0,0,0,0,0,51.8450300097466,0,1338.28818686306,0,23.0451224595308,0,0,0,0,0,0,0,0,1036.51790688932,281.568345993757,24.5763577669859,0,0.819326221942902
0,0,0,2.03860694169998,0,0,0,0,0,0,0,0,0,39.7562024593353,0,0,0,0,0,0,0,0,0,0,0,0,0,0,0,0,0,0,0,0,0,0,0,0,0,0,0,0,0,0,0,0,0,0,0,2.20871675014496,0,0,0,0,0,0,0,67.1656755506992,0,0,0,58.8009717464447,0,0,0,0,0,0,31.8853585720062,0,16.6670608520508,0,0,0,0,0,0,0,0,0,0,0,0,0,13.5078432261944,0,0
214.147311091423,0,0,0,0,0,0,0,346.046954587102,0,0,0,10.3190933465958,0,72.0197219848633,0,119.032731503248,0,0,0,0,0,0,0,3.93432253599167,0,0.638301014900208,0,0,0,0,0,0,0,0,0,0,0,0,0,0,0,0,0,0,0,0,0,160.228990390897,0,0,0,0,0,630.081346750259,0,0,0,171.975351810455,0,0,0,0,0,0,0,0,37.6990948468447,0,178.087460964918,0,57.5101562738419,0,0,0,0,0,0,0,0,0,0,249.36391377449,2.96411859989166,4.35929454863071,0,0
0,2.10235339403152,0,49.9593837410212,0,0,0,0,0,0,0,0,0,4,0,9.56074249744415,0,18.5615280866623,0,0,0,0,0,0,0,24.0861379504204,0,0,0,0,0,0,0,0,0,0,0,0,0,0,0,0,0,0,0,0,0,0,0,7.90987402200699,0,0,0,0,0,80.3678555488586,0,7.3889574110508,0,58.8009717464447,0,0,0,0,0,0,0,0,115.24757117033,0,0,0,0,0,0,0,0,0,0,0,0,0,9.07228404283524,0,31.8724317550659,0,0
0,0,0,2.86579656600952,0,0,0,0,0,0,0,299.446993559599,0,0,0,0,0.274332612752914,0,9.39375373721123,1375.38204571605,0,0,0,0,0,0,0,0,0,0,0,0,0,0,0,1150.06353627145,0,36.0777792781591,0,85.8340117037296,0,1.15390691161156,0,0,0,1736.26479049027,0,0,0,0.510704815387726,0,0,0,0,0,0,0,323.067558318377,0,0,0,0,0,0,0,0,0,0,0,0,0,0,89.2842135429382,0,0,0,0,0,1175.57229560614,0,580.540210746229,0,143.212583169341,0,479.117538526654,0,0.289116740226746
2.12314526736736,0,13.9093576669693,0,0,0,0,0,0,0,30.9694653898478,0,0,0,0,0,0.936729967594147,0,31.1858715265989,0,870.504854097962,0,0,0,0,0,0,0,0,0,5.43926461040974,0,0,0,0,0,39.2697986215353,0,54.9331871420145,0,8.37797706574202,0.225834161043167,50.542884901166,0,41.9990902543068,0,2363.98188610375,0,6.62286926060915,0,0,0,0,0,0,0,592.044694751501,0,19.4407478272915,0,0,0,0,0,0,0,0,0,0,0,0,6.5008269995451,0,125.379266157746,0,0,0,0,0,569.164101243019,0,532.2583399266,24.3116114884615,0,677.938760764897,0,6.13102811574936
0,0,0,0,0,0,0,0,0,0,0,0,0,0,0,0,0,35.7468760609627,0,0,0,5840.10086904466,17.2449252605438,217.367267355323,0,0,0,2.83074069023132,0,0,0,0,0,0,0,0,0,266.085309073329,0,0,0,0,0,0,0,0,0,0,0,173.312873333693,0,0,0,0,0,0,0,0,0,0,0,0,0,0,0,0,260.892625048757,0,0,0,283.544986188412,0,0,0,0,0,0,0,0,0,392.125023216009,0,1023.35971994698,0,0,0,0
0,0,0,0,0,0,0,0,0,0,0,0,0,0,0,0,101.9281257689,0,0,0,0,4.21227586269379,8944.89627328515,0,19.1813497245312,0,189.319573834538,0,67.2567730545998,0,0,0,0,0,0,0,0,6.39201986789703,591.355337381363,0,0,0,0,0,0,0,0,0,456.101931855083,0,0,0,0,0,0,0,0,0,0,0,0,0,0,0,0,0,0,74.9007269144058,0,81.4702831357718,0,178.478152245283,0,0,0,0,0,0,0,0,0,523.534234747291,373.022283196449,0,0,0,0
0,0,0,0,0,0,0,0,0,0,0,0,0,0,0,0,0,0,0,0,0,33.3397243320942,0,786.810867220163,0,79.807629942894,0,0,0,0,0,0,0,0,0,0,0,76.3430706560612,0,0,0,0,0,0,0,0,0,0,0,88.4739373028278,0,0,0,0,0,370.754350811243,0,0,0,0,0,0,0,0,260.892625048757,0,0,0,3.05471655726433,0,0,0,0,0,0,0,0,0,0,0,411.854273676872,0,19.4312927126884,0,36.5038090646267,0,0
0,0,0,0,0,0,0,0,58.454485476017,0,0,0,0,0,0,0,2.25086808204651,0,0,0,0,0,88.3482350111008,0,1173.2110863924,0,183.977339535952,0,0,0,0,0,0,0,0,0,0,0,257.62068977952,0,0,0,0,0,0,0,0,0,451.435081571341,0,0,0,0,0,224.883864030242,0,0,0,0,0,37.6990948468447,0,0,0,0,74.9007269144058,0,0,0,296.991117149591,0,0,0,0,0,0,0,0,0,0,0,402.64232814312,197.334939524531,0,76.7122494131327,0,0
0,0,0,0,0,0,0,0,0,0,0,0,0,0,0,0,0,0,0,0,0,0,0,0,0,98.7989592552185,0,1,0,0,0,0,0,0,0,0,0,0,0,0,0,0,0,0,0,0,0,0,0,39.035797983408,0,0,0,0,0,0,0,0,0,31.8853585720062,0,115.24757117033,0,0,0,0,3.05471655726433,0,0,0,0,0,0,0,0,0,0,0,0,0,0,0,0,0,0,0,0
2.66631126403809,0,0,0,0,0,0,0,161.463262885809,0,0,0,0,0,17.9003632068634,0,431.863872587681,0,0,0,0,0,341.828586697578,0,483.590547561646,0,2248.88334561884,0,64.2678052783012,0,0,0,0,0,0,0,0,0,0,0,0,0,0,0,0,0,0,0,1.53886149823666,0,0,0,0,0,41.1531585454941,0,0.753515094518661,0,51.8450300097466,0,178.087460964918,0,0,0,0,81.4702831357718,0,296.991117149591,0,0,0,636.285579442978,0,0,0,0,0,0,0,0,0,0,269.675083041191,0,0.256691604852676,0,0
0,0,0,0,0,0,0,0,0,0,0,0,0,0,0,0,0,0,0,0,0,0,0,0,0,0,0,720.616638988256,0,0.363912269473076,0,0,0,0,0,0,0,227.748172163963,0,0,0,0,0,0,0,0,0,0,0,17.082249969244,0,0,0,0,0,0,0,68.0708129405975,0,16.6670608520508,0,0,0,0,283.544986188412,0,0,0,0,0,0,0,6.45374496281147,0,0,0,0,0,0,0,65.8002298176289,0,31.6632914543152,0,69.832902431488,0,0
0,0,0.395761340856552,0,0,0,0,0,0,0,104.512232422829,0,78.2755823731422,0,17.8666869997978,0,27.5201637744904,0,0,0,0,0,76.9111503362656,0,0,0,267.739697337151,0,1254.8359503597,0,377.807577520609,0,0,0,0,0,0,0,18.1069877445698,0,0.12019120156765,0,29.7864121198654,0,0,0,5.55293215811253,0,9.31850361824036,0,0,0,0,0,0,0,250.665131300688,0,1338.28818686306,0,57.5101562738419,0,0,6.5008269995451,0,178.478152245283,0,0,0,636.285579442978,0,0,0,228.389823928475,0,0,0,0,0,0,0,171.835507199168,819.923318311572,81.7883589863777,101.953123092651,0,16.9291481673717
0,0,0,15.0277213603258,0,0,0,0,0,0,0,197.056453034282,0,0,0,0,0,0.318691849708557,126.45853574574,36.3426063656807,0,0,0,0,0,0,0,113.668275773525,0,950.160017192364,0,0,0,0,0,0,0,50.1984450370073,0,9.81708474457264,0,292.114421054721,0.25055143237114,19.5365795940161,0,216.612166658044,0,0,0,224.547096848488,0,0,0,0,0,0,0,682.348687008023,0,0,0,0,89.2842135429382,0,0,0,0,0,0,0,6.45374496281147,0,0,0,0,0,0,0,57.7432369813323,0,447.892948791385,0,51.9745257049799,0,340.761671334505,46.4703119397163,0
0.903553605079651,0,14.6984218508005,0,0,0,0,0,0,0,227.0511200279,0,1.32161112129688,0,0,0,1.38489580154419,0,14.1454048752785,0,124.259640455246,0,0,0,0,0,0,0,204.820041835308,0,430.262428835034,0,0,0,0,0,0,0,134.299330472946,0,2.69726519286633,0,345.563889279962,0,11.4284046888351,0,65.9557950347662,0,27.209100574255,0,0,0,0,0,0,0,639.14488504827,0,23.0451224595308,0,0,0,0,125.379266157746,0,0,0,0,0,0,0,228.389823928475,0,0,0,0,0,0,0.326518267393112,6.35765144228935,0,309.652048632503,58.7939880043268,0,1342.56098171324,0,75.1179146766663
0,0,0,0,0,0,0,0,0,0,0,0,0,0,0,0,0,0,0,0,0,0,0,0,0,0,0,0,0,0,0,500.253298133612,10.9372422397137,0,1.83338308334351,284.574417367578,0,0,0,0,0,0,0,0,0,0,0,2329.88636338711,0,0,0,0,0,0,0,0,0,0,0,0,0,0,0,0,0,0,0,0,0,0,0,0,0,0,0,92.3163508176804,100.544265031815,0,203.093873932958,0,0,0,279.404925167561,0,0,0,0
0,0,0,0,0,0,0,0,0,0,0,0,0,0,0,0,0,0,0,0,0,0,0,0,0,0,0,0,0,0,0,250.008213192225,1126.38117176294,0,82.3546426445246,0,195.333487868309,0,0,0,0,0,0,0,0,0,0,1071.90154847503,0,0,0,0,0,0,0,0,0,0,0,0,0,0,0,0,0,0,0,0,0,0,0,0,0,0,92.3163508176804,0,0,322.883298560977,0,800.967343777418,0,0,237.90197968483,0,0,0,0
0,0,0,0,0,0,0,0,0,0,0,0,0,0,0,0,0,0,0,0,0,0,0,0,0,0,0,0,0,0,0,3.08316373825073,0,1785.25712147355,603.369571104646,1190.82956101,0,49.5234838426113,8.18071320652962,0,0,0,0,0,0,0,0,1792.004753232,0,40.3230983763933,0,0,0,0,0,0,0,0,0,0,0,0,0,0,0,0,0,0,0,0,0,0,0,0,100.544265031815,0,0,311.087554305792,414.282247073948,0,1044.45082260668,0,1555.51333902776,20.6825920343399,0,0,0
0,0,0,0,0,0,0,0,0,0,0,0,0,0,0,0,0,0,0,0,0,0,0,0,0,0,0,0,0,0,0,18.2984261661768,107.005232289433,2356.54925885797,2736.51932364702,0,34.3892543017864,1.09587752819061,44.5863553583622,0,0,0,15.2808926105499,0,0,0,0,1107.52786742151,6.49704885482788,0,0,0,0,0,0,0,0,0,0,0,0,0,0,0,0,0,0,0,0,0,0,0,0,0,0,322.883298560977,311.087554305792,0,0,738.167391732335,7.16449737548828,2234.84755432606,368.730117693543,0,1.13516187667847,0,0
0,0,0,0.286907821893692,0,0,0,0,0,0,0,0.447486877441406,0,0,0,0,13.2822117507458,5.29604161530733,1436.76851338148,257.679770216346,0,0,0,0,0,0,0,0,0,0,0,181.092023804784,0,739.340451702476,0,12853.9504157826,125.318260788918,1001.78952055424,0,248.848182871938,0,2072.017335549,45.8628728538752,251.958933100104,4.51597565412521,3025.33717809618,3.53903903067112,509.972477048635,1.315280854702,413.325665272772,0,0,0,0,0,0,0,3.55867202579975,0,0,0,0,1175.57229560614,0,0,0,0,0,0,0,0,0,57.7432369813323,0.326518267393112,203.093873932958,0,414.282247073948,0,0,0,2083.24711410701,0,2880.82358898968,0.292180061340332,901.139522187412,43.8376610726118,0.13907128572464
37.2828704118729,0,18.56696395576,0,0,0,0,0,0,0,0.272813826799393,0,0,0,0,0,4.58574104309082,3.77877289056778,260.535070478916,0,242.101845443249,0,0,0,0,0,0,0,0,0,0.268597930669785,0,525.235039889812,0,741.360006198287,5.17150330543518,11639.4858939126,0,1206.80931310356,0.395423501729965,400.93524594605,0,677.370345875621,0,575.287035688758,0,3049.54182008654,443.249843195081,619.524180695415,0,0,0,0,0,0,0,13.2260472923517,0,0,0,0,0,0,569.164101243019,0,0,0,0,0,0,0,0,0,6.35765144228935,0,800.967343777418,0,738.167391732335,0,0,0,2513.38967067003,1833.71338651329,6.28069388866425,1868.14319773763,0,217.010556235909
0,0,0,3.4598083794117,0,0,0,0,0,1.86856871843338,0,201.782063081861,0,0,0,0,1.12189531326294,5.40112142264843,817.971042469144,331.563446447253,0,627.751401782036,0,148.43297368288,0,0,0,41.5859251022339,0,224.931498706341,0,0,0,562.827544257045,35.8082941919565,692.492359310389,0,16719.8525976092,57.6678133308887,42.3765649944544,0,843.762663215399,8.93469989299774,263.099634587765,0.352623015642166,1017.13855919987,1.87449607253075,40.1890857666731,0,185.252764292061,0,0,0,0,0,0,0,272.501867547631,0,0,0,0,580.540210746229,0,392.125023216009,0,411.854273676872,0,0,0,65.8002298176289,0,447.892948791385,0,0,0,1044.45082260668,7.16449737548828,2083.24711410701,0,0,7.98592960834503,2411.28613004088,56.7630669176579,605.514582440257,141.765608251095,1.43810129165649
1.47952103614807,0,6.57964061200619,0,0,0,0,0,28.2225737273693,0,275.096556216478,0,0,0,0,0,4.05141690373421,0,54.43953974545,0,345.890968844295,0,612.519052520394,0,307.18370205164,0,0,0,61.3693106770515,0,56.8556157946587,0,0,25.9790561199188,731.840166926384,0,1464.30721358955,304.919809937477,17295.6867612153,0,172.27837869525,0,188.574600696564,0,106.91664236784,0,249.04602009058,224.296159297228,1155.76191900671,0,0,0,0,0,286.32975512743,0,2.97446125745773,0,0,0,0,0,0,532.2583399266,0,523.534234747291,0,402.64232814312,0,0,0,171.835507199168,0,309.652048632503,0,0,0,2234.84755432606,0,2513.38967067003,7.98592960834503,0,1824.60001506656,40.3006007671356,1147.24317017198,0,55.2689635306597
11.2910390645266,107.416442453861,2.23396827280521,132.855358496308,0,2.7074316740036,35.1496648788452,50.0945603847504,135.08650059998,373.493411034346,489.244097411633,35.1587340831757,255.898962676525,0,327.455620706081,6.02555859088898,3999.52133196592,2843.12050102651,2048.01387685537,111.326040923595,52.9747892320156,1299.2953042835,1787.71221025288,909.504858076572,176.583072826266,83.9059507846832,478.189445614815,102.053621292114,500.560168623924,114.193384647369,45.8284092843533,387.641505688429,245.212389171124,1731.76162263751,306.606962367892,3843.48604405671,1119.76502458751,5412.46901683509,1797.20627655834,293.774023547769,4.33169820904732,1411.22280955315,1305.2907423079,13.0617950260639,45.2558148503304,315.551140367985,111.666625514627,823.80327732861,560.736567407846,139.102751262486,0,0,41.6018905639648,0,17.7259757518768,0.543619692325592,251.048772111535,3.15804216265678,1036.51790688932,0,249.36391377449,9.07228404283524,143.212583169341,24.3116114884615,1023.35971994698,373.022283196449,19.4312927126884,197.334939524531,0,269.675083041191,31.6632914543152,819.923318311572,51.9745257049799,58.7939880043268,279.404925167561,237.90197968483,1555.51333902776,368.730117693543,2880.82358898968,1833.71338651329,2411.28613004088,1824.60001506656,0,2645.45895791054,3386.07340771705,28.7045859545469,231.081041127443
0,0,0,0,0,0,0,0,0,0,0,0,116.704182565212,0,0,0,489.832228705287,348.649823755026,0,0,0,125.263691961765,113.255833387375,4.76402711868286,0,0,0,0,7.46825462579727,0,14.3141207695007,0,0,162.204182326794,0,32.2307465076447,173.754601716995,847.586894541979,27.8707764148712,0,0,0.4464470744133,1.12549693882465,0,0,0,0,24.831364095211,0,1.96144598722458,0,0,0,0,0,0,0,0,281.568345993757,0,2.96411859989166,0,0,0,0,0,0,0,0,0,0,81.7883589863777,0,0,0,0,20.6825920343399,0,0.292180061340332,6.28069388866425,56.7630669176579,40.3006007671356,2645.45895791054,0,8.37773630023003,0,0
387.913922727108,178.307360187173,535.554897233844,716.612533263862,0,11.806947350502,0,0,653.97563777864,34.5052736997604,10.3359836339951,9.03766959905624,0,0,0,0,34.1179987490177,17.93011328578,2794.47659692168,86.2987178564072,56.8116387352347,0,0,22.8999382555485,97.5661855340004,0,0,0,0,0,30.3102440834045,0,0,5.26117771863937,3.18760466575623,190.730681091547,163.493154525757,136.310360938311,442.641177356243,2736.17115186155,1379.41126567125,3669.83903735876,6645.46728365123,372.311003983021,1028.86728723347,1889.10979788005,4055.71146723628,1159.84469225258,1719.80079509318,1139.26545768976,0,10.8790372610092,0,0,48.3067358732224,55.5389031469822,882.117328315973,507.05675521493,24.5763577669859,13.5078432261944,4.35929454863071,31.8724317550659,479.117538526654,677.938760764897,0,0,36.5038090646267,76.7122494131327,0,0.256691604852676,69.832902431488,101.953123092651,340.761671334505,1342.56098171324,0,0,0,1.13516187667847,901.139522187412,1868.14319773763,605.514582440257,1147.24317017198,3386.07340771705,8.37773630023003,0,214.174911633134,1260.10435599089
0,0,0,0,0,0,0,0,0,5.89478835463524,0,0,0,0,0,0,0,0.363316178321838,161.84825605154,0,0,0,0,4.80414873361588,0,0,0,0,0,0,0,0,0,0,0,0,0,5.07055878639221,0,20.7942514121532,0,573.285609319806,3.77950012683868,14.564161837101,0,0,0,0.804531127214432,0,108.155760362744,0,0,0,0,0,0,0,1.55303481221199,0,0,0,0,0,0,0,0,0,0,0,0,0,0,46.4703119397163,0,0,0,0,0,43.8376610726118,0,141.765608251095,0,28.7045859545469,0,214.174911633134,0,0.958100497722626
5.94550156593323,0,2.89187064766884,0,0,0,0,0,11.8980843424797,0,0,0,0,0,0,0,10.4694605320692,2.84243190288544,451.998317912221,0,0,0,0,0,0,0,0,0,0,0,0,0,0,0,0,0,0,0,0,0,98.1960048079491,7.35376952588558,1647.39895491302,0.433048665523529,40.3600013554096,0,24.2112439721823,0.349700719118118,3.47755393385887,0,0,0,0,0,0,0,31.9250257313251,0,0.819326221942902,0,0,0,0.289116740226746,6.13102811574936,0,0,0,0,0,0,0,16.9291481673717,0,75.1179146766663,0,0,0,0,0.13907128572464,217.010556235909,1.43810129165649,55.2689635306597,231.081041127443,0,1260.10435599089,0.958100497722626,0
