0,0,124.113262414932,0,0,0,0,0,271.172178715467,0,0,0,0,0,0,0,0,0,16.9838267564774,0,0,0,0,0,0,0,0,0,0,0,0,0,0,0,0,0,0,0,0,0,0,0,1.02696239948273,0,0,0,0,0,74.8100999593735,0,0,0,0,0,337.775958001614,0,0,0,0,0,0,0,0,0,0,0,0,0,0,0,0,0,0,0,0,0,0,0,0,0,0,0,234.331839323044,0,135.269145190716,0,0
0,0,0,348.578179061413,0,0,0,0,0,431.574552595615,0,0,0,0,0,52.6641546487808,0,0.455757349729538,0,0,0,0,0,0,0,0.837201833724976,0,0,0,0,0,0,0,0,0,0,0,0,0,0,0,4.57789653539658,0,0,0,0,0,0,0,256.120196759701,0,0,0,0,0,375.501190930605,0,0,0,0,0,30.8454072475433,0,0,0,0,0,0,0,0,0,0,0,0,0,0,0,0,0,0,0,0,107.647186160088,1.72633999586105,39.6747432947159,1.88006448745728,0
124.113262414932,0,0,0,0,0,0,0,40.7920958995819,0,1.41760289669037,0,0,0,0,0,1.29534423351288,0,0,0,0.226949647068977,0,0,0,0,0,0,0,0,0,0,0,1.99937517940998,0,0.747730493545532,0,2.78535927087069,0,0.156211256980896,0,3.33937968313694,0,5.59651947021484,0,0,0,98.8924649655819,13.9802035689354,41.8906220346689,0,0.847250163555145,0,0,0,0,0,4.67493112385273,0,0,0,0,0,0,8.517029941082,0,0,0,0,0,0,0,0,0,1.25095644593239,0,1.55179536342621,0,0,0,13.8061201646924,0,3.82110993564129,14.5243164896965,0,1135.13502013683,0,0
0,348.578179061413,0,0,0,166.729329749942,0,0,0,35.2783906459808,0,0.185767471790314,0,0,0,4.20022886991501,0,0,0,0,0,0,0,0,0,0,0,0,0,0,0,0,0,0.787128865718842,0,12.3101021200418,0.974930346012115,1.93140429258347,0,2.23315155506134,0,24.9081593304873,0,0,0,77.8990561068058,0,11.5770821124315,0.284821689128876,126.098500847816,0,34.7609071135521,0,0,0,63.5840637683868,0,12.0457210242748,0,24.7114745676517,0,32.0609909594059,35.1055367290974,0,0,0,0,0,0,0,0,0,38.9968852847815,0,0,0,0,0,46.4395454004407,0,37.4320722669363,0,5.14619559049606,0,717.510792568326,1.18773221969604,0
0,0,0,0,0,0,0,0,84.843062877655,0,0.247266426682472,0,0,0,0,0,0,0,0,0,53.6973438262939,0,0,0,0,0,0,0,0,0,0,0,6.46853029727936,0,2.37088926136494,0,6.21271750330925,0,0,0,1.29523447155952,0.575324833393097,7.51670318841934,0,0,0,76.6355147063732,43.7324547171593,29.4209820479155,0,39.6442847251892,0,0,0,170.541816949844,0,0.26900440454483,0,0,0,0,0,0,242.676521986723,0,0,0,0,0,0,0,0,0,1.2426737844944,0,3.5766881108284,0,1.37599384784698,0,7.9529287815094,0,2.19790205359459,65.0678688287735,0,451.302770078182,0,0
0,0,0,166.729329749942,0,0,0,16.4101070165634,0,58.3868495821953,0,0,0,0,0,0,0,0,0,2.30657529830933,0,0,0,0,0,0,0,0,0,0,0,1.00446963310242,0,0,0,7.27807775139809,0,0,0,1.06140634417534,0,0,0,0,0,23.104873418808,0,5.40779748558998,0,2.71423341333866,0,289.803956627846,0,71.2057213783264,0,80.8488419055939,0,0,0,0,0,0,5.47953507304192,0,0,0,0,0,0,0,0,0,0.809898853302002,0,0,0,0,0,17.886852055788,2.12485551834106,0.826907515525818,0,14.6240954995155,1,329.755105242133,0,0
0,0,0,0,0,0,0,0,0,0,0,0,0,0,0,0,0,0,0,0,0,0,0,0,0,0,0,0,0,0,0,0,0,0,0,0,0,0,0,0,0,0,0,0,0,0,0,0,0,0,0,0,65.3604369163513,0,0,0,0,0,0,0,0,0,0,0,0,0,0,0,0,0,0,0,0,0,0,0,0,0,0,0,0,0,36.4725747108459,0,0,0,0
0,0,0,0,0,16.4101070165634,0,0,0,0,0,461.202558904886,0,0,0,0,0,0,0,6.28863871097565,0,0,0,0,0,0,0,0,0,0,0,0,0,0,0,0,0,0,0,0,0,0,0,0,0,0,0,0,0,0,0,158.906049966812,0,78.1314814090729,0,0,0,1.79300808906555,0,0,0,0,0,0,0,0,0,0,0,0,0,0,0,0,0,0,0,0,0,0,0,0,227.000043153763,0,0,0,0
271.172178715467,0,40.7920958995819,0,84.843062877655,0,0,0,0,23.9103142023087,0,0,0,0,70.4260847270489,4.28626641631126,1009.31888879836,228.515318512917,226.792650550604,0,0,0,20.9428830742836,72.0560508668423,155.127461701632,8.04007026553154,85.8815439641476,0,0,0,0,0,0,0,0,0,0,0,1.09540498256683,0,0.84639884531498,0,196.592096820474,0,0,0,0,0,12.4192028641701,0,0,0,0,0,497.418801546097,5.18510460853577,0,0,0,0,161.670638084412,11.0049377679825,0,1.42702603340149,0,2.58627623319626,0,98.9500114917755,10.0294209718704,76.296518266201,0,0,0,0,0,0,0,0,4.81297220289707,6.50753818452358,0,0.597658395767212,858.771833896637,0,33.272505030036,0,73.5512797236443
0,431.574552595615,0,35.2783906459808,0,58.3868495821953,0,0,23.9103142023087,0,0,0,0,0.827988862991333,4.33382323384285,327.990505903959,147.741586953402,1017.68322323263,292.731447532773,0,0,6.49839273095131,0,514.289033859968,23.9262956976891,202.26904463768,4.39949989318848,4.09021335840225,0,0,0,0,0,0,0,0.907204955816269,1.94811902940273,8.91035869717598,0,0.826193928718567,0,4.18953719735146,0,0,0,0.472171783447266,0,0,0,82.4534012079239,0,0,0,0,4.20024338364601,1228.51717364788,0,0,0,0,0,270.330760151148,0,0,0,0,73.9728128612041,0.28462952375412,128.784440726042,3.67080676555634,0,0,0,0,0,0,0,0,5.78263212740421,3.69377829134464,1.01526480913162,0,1531.0342951715,50.5605481863022,8.53864687681198,13.7056565284729,0
0,0,1.41760289669037,0,0.247266426682472,0,0,0,0,0,0,0,0,0,0,0,0,0,2.16986925899982,0,82.2419502139091,0,0,0,0,0,0,0,0,0,27.5094307661057,0,0.347493559122086,0,0,0,1.12199854105711,0,160.170105606318,0,1.42260704934597,0,20.6737278103828,0,0,0,59.0851174592972,1.05497372150421,5.16211533546448,0,0,0,0,0,0,0,145.945996671915,0,0,0,0,0,0,136.863442227244,0,0,0,0,0,0,0,0,0,69.3876936733723,0,0,0,0,0.155922085046768,6.07607569545507,0,146.046773761511,1.95707251131535,0,24.0439741462469,0,5.37408185005188
0,0,0,0.185767471790314,0,0,0,461.202558904886,0,0,0,0,0,47.7034432888031,0,0,0,0,0,7.35166092216969,0,0,0,0,0,0,0,0,0,386.961978882551,0,0,0,0,0,0.307127431035042,0.16401943564415,350.34450404346,0,0,0,1.27946218848228,0,1.56517916917801,0,8.7740835994482,0,0,0,0,0,0,0,83.3542655110359,0,0,0,1835.30520196259,0,3.78861278295517,0,0,21.4542823284864,0,0,0,0,0,0,0,0,0,191.017527639866,0,0,0,0,0,1.14305330812931,0,179.954049304128,0,241.917540788651,0,5.63049599528313,0,0
0,0,0,0,0,0,0,0,0,0,0,0,0,0,0,0,0,0,0,0,0,0,0,0,0,0,0,0,0,0,0,0,0,0,0,0,0,0,0,0,0,0,0,0,0,0,0,0,0,0,0,0,0,0,0,0,0,0,0,0,0,0,0,0,0,0,0,0,0,0,0,0,0,0,0,0,0,0,0,0,0,0,0,0,0,0,0
0,0,0,0,0,0,0,0,0,0.827988862991333,0,47.7034432888031,0,0,0,23.5567653179169,3.41949343681335,150.374781668186,0,0,0,0,0,0,0,17.7477552294731,0,20.3860762119293,0,0,0,0,0,0,0,0,0,0,0,0,0,0,0,0,0,0,0,0,0,0,0,4.63088071346283,0,7.45489090681076,0,0,0,94.443575412035,0,53.6892440319061,0,53.9064695835114,0,0,0,0,0,0,10.468954116106,0,22.2500661015511,0,8.35214674472809,0,0,0,0,0,0,0,0,0,136.462152004242,117.765398025513,0,0,0
0,0,0,0,0,0,0,0,70.4260847270489,4.33382323384285,0,0,0,0,0,0,541.773592054844,21.8889184296131,28.0600076317787,0,0,0,1.60208475589752,5.93198561668396,15.239112496376,3.51355856657028,61.1693523526192,0,2,0,0,0,0,0,0,0,0,0,0,0,0,0,1.17437922954559,0,0,0,0,0,0,0,0,0,0,0,65.4835316240788,0,0,0,0,0,78.907831788063,0,0,0,0,6.18902376294136,0,5.16456252336502,7.25270175933838,21.4418294429779,0,0,0,0,0,0,0,0,0,1.43421077728271,0,0.251979500055313,172.425178140402,0,0,0,0
0,52.6641546487808,0,4.20022886991501,0,0,0,0,4.28626641631126,327.990505903959,0,0,0,23.5567653179169,0,0,68.6959330737591,1845.23828098178,139.237703964114,0,0,2.91285252571106,0,108.811434715986,4.4871244430542,314.391597509384,0,56.3398669064045,0,0,0,0,0,0,0,0,0,0,0,0.581142485141754,0,0.731039196252823,0,0,0,0,0,0,0,12.0106132030487,0,0,0,0,0.522107005119324,139.094105958939,0,11.0837866067886,0,37.9314837753773,0,404.384484797716,0,0,1.92859280109406,0,15.5932397842407,5.05237865447998,102.607602447271,3.35055637359619,13.8720635771751,0,0,0,0,0,0,0,2.08011385798454,0,0,0,605.699865788221,43.9516719579697,0,0.212681710720062,0
0,0,1.29534423351288,0,0,0,0,0,1009.31888879836,147.741586953402,0,0,0,3.41949343681335,541.773592054844,68.6959330737591,0,12604.3769810796,6583.87786643207,0,0.267417579889297,11.5398523807526,548.949557512999,374.640130966902,825.669790580869,170.02309897542,3535.57121132314,9.11191207170486,29.1106853485107,0,0,0,0,0,0,4.93860046565533,53.1232406944036,0,1.42315421998501,50.2625618875027,114.367025732994,35.6541109085083,230.992047205567,2.41089987754822,26.046322658658,5.60444796085358,28.3917841911316,3.05646142363548,8.80936504900455,2.04443094134331,0,0,0,0,183.416611358523,62.3008902668953,3.55713932216167,0.161076813936234,0,0,803.262425020337,25.5772365629673,4.3391802161932,32.1290227323771,1.93969368934631,105.572279930115,2.52580070495605,373.286834329367,84.806482821703,1440.78071393073,3.97137808799744,0,1.3671598136425,0,0,0,0,0,117.352781198919,439.247817091644,1.4319406747818,56.8078937530518,9651.66525521874,149.096364319324,76.3114672377706,8.21073503792286,23.2791043967009
0,0.455757349729538,0,0,0,0,0,0,228.515318512917,1017.68322323263,0,0,0,150.374781668186,21.8889184296131,1845.23828098178,12604.3769810796,0,7565.29705686867,0,0.304669439792633,250.12663397193,60.6135956346989,1251.08003732562,212.121486335993,4509.21652190387,160.542897850275,1139.4865616262,0,0,0,0,0,0,0.125997602939606,21.5488015636802,15.4310442209244,0,0.662505447864532,93.907325156033,35.6054140850902,90.4638328105211,41.6104196459055,3.20951002836227,8.93215414881706,13.6230490803719,9.99177823960781,4.09948316961527,1.61966305971146,7.91737371683121,0,0,0,0,38.7587281018496,447.126025229692,0,0,0,0,27.2177314460278,1075.94834147394,6.55739516019821,11.7062485069036,82.5397148728371,1.9199253320694,19.3737691044807,85.367060303688,859.557328820229,79.0342920571566,186.176043599844,0,0.234152272343636,1.20273399353027,0,0,0,0,256.797541707754,139.876763962209,18.4788253605366,15.9003170579672,13472.8876242042,381.64709174633,70.4804921373725,13.8768417239189,6.46586225926876
16.9838267564774,0,0,0,0,0,0,0,226.792650550604,292.731447532773,2.16986925899982,0,0,0,28.0600076317787,139.237703964114,6583.87786643207,7565.29705686867,0,0,4.10674527287483,1.1953067779541,15.3974564671516,234.4980930686,86.1144309937954,165.645750835538,84.6017269343138,4.68192434310913,0,0,0.162596568465233,0,0,0.35512213408947,1.23729754984379,261.136085130274,485.902964882553,1.45787060260773,10.5876356512308,930.089370533824,797.294044718146,937.471571356058,1091.56662544608,210.298757359385,331.023946329951,207.560163065791,371.974324062467,52.2176538184285,85.9309856444597,52.2792716100812,0,0,0,0,28.3476285636425,113.973943307996,19.1992309838533,0.157396465539932,0,0,50.3968153297901,85.8179623484612,63.743236720562,189.658328168094,2.16758888959885,2.84606781601906,2.72230899333954,34.206834346056,94.8432822227478,115.083805859089,3.12197989225388,0,26.3400574475527,9.12302659451962,0,0,0,0,2964.17164701968,3294.07536758482,149.628675505519,272.512324750423,4847.63148941845,4.57633535563946,1232.46356664598,151.25224417448,140.101097121835
0,0,0,0,0,2.30657529830933,0,6.28863871097565,0,0,0,7.35166092216969,0,0,0,0,0,0,0,0,0,0,0,0.588372468948364,0,0,0,0,0,8.27209737896919,0,0,0,0,0,71.3441590219736,0.735347330570221,24.0652788579464,0,0,0,0,0,0,0,3.8746731877327,0,0,0,0.971817433834076,0,0,0,0,0,0,0,54.5485318601131,0,0,0,0,752.269178971648,0,0,0,0,0,0,0,0.562765955924988,0,163.172464236617,0,0,0,0,0,543.301057130098,0,188.352425858378,0,190.272618293762,0,46.6503455638885,0,0
0,0,0.226949647068977,0,53.6973438262939,0,0,0,0,0,82.2419502139091,0,0,0,0,0,0.267417579889297,0.304669439792633,4.10674527287483,0,0,0,0,0,0,0,0,0,0,0,21.7103603333235,0,0.443859443068504,0,0.189389318227768,0,280.04112200439,0,24.4266571998596,0,1.7367235571146,0,26.9427708387375,0,3.54779881238937,0,198.81757093966,5.38505227863789,12.9152331128716,0,0,0,0,0,0,0,118.031419932842,0,0,0,0,0,0,1011.12239385396,0,0,0,0,0,0,0,0,0,52.5171228945255,0,0,0,0,0.53228759765625,966.640436828136,0.140812397003174,90.0335024595261,230.575589969754,0,133.171602860093,0,13.3784392178059
0,0,0,0,0,0,0,0,0,6.49839273095131,0,0,0,0,0,2.91285252571106,11.5398523807526,250.12663397193,1.1953067779541,0,0,0,221.023215889931,50.8792777657509,0,153.271760761738,0.413803458213806,59.3631047308445,0,0,0,0,0,0,0,0,0,627.911935687065,0,0,0,1.29670977592468,0,0,0,0.531534075737,0,0,0,334.073202237487,0,0,0,0,0,1.64567109942436,0,7.58508807420731,0,0,0,2.78238314390182,2.31187891960144,0,5189.19285564125,0,47.8875405192375,0,122.267648339272,0,15.217171818018,0,14.305156826973,0,0,0,0.604902744293213,0,0,0,362.630122482777,0,605.083532720804,1.70363318920135,4.21236184239388,0,0
0,0,0,0,0,0,0,0,20.9428830742836,0,0,0,0,0,1.60208475589752,0,548.949557512999,60.6135956346989,15.3974564671516,0,0,221.023215889931,0,5.99360799789429,96.3124583363533,2.41577839851379,93.039962798357,0,2.95952528715134,0,0,0,0,0,0,0,0,0,584.787807583809,0,0,0,0,0,0,0,0,0,44.5597679316998,0,0,0,0,0,1.64852896332741,1.65066599845886,0,0,0,0,8.61351108551025,3.3794538974762,0,0,0,3800.70925855637,0,171.723033159971,0,33.7004430294037,0,25.8578544855118,0,0,0,0,0,0,0,0,0,612.389684587717,812.075668513775,5.24210119247437,0.343610882759094,0,0.298231363296509
0,0,0,0,0,0,0,0,72.0560508668423,514.289033859968,0,0,0,0,5.93198561668396,108.811434715986,374.640130966902,1251.08003732562,234.4980930686,0.588372468948364,0,50.8792777657509,5.99360799789429,0,55.4936539232731,732.449812233448,16.4984011948109,3.13103225827217,0,0,0,0,0,0,0,0,0,46.4673758745193,0,2.8164998292923,0,23.215313076973,0.379360407590866,0,0,0,0,0.699799120426178,0,113.843253642321,0,0,0,0,9.73831832408905,150.539757609367,0,8.50648429989815,0,0,8.00682508945465,61.0091025531292,0,0,0,0,848.413569509983,18.661786198616,286.215124070644,22.3411585688591,7.83372068405151,0,0,0,0,0,0,0,1.36776906251907,3.21506188809872,1.16852271556854,0.300341486930847,1789.82177773118,17.789186000824,3.81972569227219,0,0
0,0,0,0,0,0,0,0,155.127461701632,23.9262956976891,0,0,0,0,15.239112496376,4.4871244430542,825.669790580869,212.121486335993,86.1144309937954,0,0,0,96.3124583363533,55.4936539232731,0,22.8961442112923,191.009793847799,0,0,0,0,0,0,0,0,0,0,0,188.300414085388,1.84770584106445,0,0,0.317620098590851,0,0,0,0,0,24.5029388070107,0,0,0,0,0,40.396623134613,3.58010321855545,0,0,0,0,32.2357425093651,2.05539751052856,0,0,0,6.21549987792969,0,651.250994056463,8.59032034873962,45.1118553578854,0,0,0,0,0,0,0,0,2.26311004161835,2.53004932403564,0,8.75951147079468,522.016417190433,0,36.9004254937172,0,0.611326932907104
0,0.837201833724976,0,0,0,0,0,0,8.04007026553154,202.26904463768,0,0,0,17.7477552294731,3.51355856657028,314.391597509384,170.02309897542,4509.21652190387,165.645750835538,0,0,153.271760761738,2.41577839851379,732.449812233448,22.8961442112923,0,3.534239590168,241.441304653883,0,0,0,0,0,0,0,0,0,0,0,0,0,1.33304823935032,0.412504851818085,0,0,0.21394319832325,0,0,0,0,0,0,0,0,5.15491437911987,68.6917290985584,0,0,0,0,4.71315105259418,194.787051141262,0,0,94.4549161791801,0,117.284779310226,7.54255437850952,906.260324060917,3.29129847884178,124.376726984978,0,0,0,0,0,0,0,0.618256255984306,0,0,0,1063.0455134064,13.655754327774,1.47939941287041,0,0
0,0,0,0,0,0,0,0,85.8815439641476,4.39949989318848,0,0,0,0,61.1693523526192,0,3535.57121132314,160.542897850275,84.6017269343138,0,0,0.413803458213806,93.039962798357,16.4984011948109,191.009793847799,3.534239590168,0,0,0,0,0,0,0,0,0,0,0,0,0,0,0,0,4.23424772918224,0,0,0,0,0,0,0,0,0,0,0,19.7036302983761,0,0,0,0,0,156.116737306118,0,0,0,0,11.5404560565948,0,78.6341027319431,0.636602163314819,413.153493493795,0,0,0,0,0,0,0,0,0.404953122138977,3.38774240016937,0,0,656.837812483311,1.41114449501038,0,0,0
0,0,0,0,0,0,0,0,0,4.09021335840225,0,0,0,20.3860762119293,0,56.3398669064045,9.11191207170486,1139.4865616262,4.68192434310913,0,0,59.3631047308445,0,3.13103225827217,0,241.441304653883,0,0,0,1.38099825382233,0,0,0,0,0,0,0,0,0,0,0,0.557704150676727,0,0,0,0,0,0,0,0,0,0,0,0,0,0.873692870140076,0,11.521413564682,0,0,0,8.66929841041565,0.187694504857063,0,53.2451409995556,0,0,0,164.037978768349,0,1092.30783805251,0,268.053674459457,0,0,0,0,0,0,0,39.8169582486153,0,325.470793217421,6.95743733644485,0,0,0
0,0,0,0,0,0,0,0,0,0,0,0,0,0,2,0,29.1106853485107,0,0,0,0,0,2.95952528715134,0,0,0,0,0,0,0,0,0,0,0,0,0,0,0,45.6998547911644,0,0,0,0,0,0,0,0,0,14.0931546092033,0,0,0,0,0,0,0,0,0,0,0,0,0,0,0,0,37.6302137374878,0,0,0,10.5017426013947,0,138.300891041756,0,31.3247011899948,0,0,0,0,0,0,0,74.3420631587505,20.1566009521484,0,0,0,0
0,0,0,0,0,0,0,0,0,0,0,386.961978882551,0,0,0,0,0,0,0,8.27209737896919,0,0,0,0,0,0,0,1.38099825382233,0,0,0,0,0,0,0,0,0.331890612840652,461.073419600725,0,0,0,3.89694678783417,0,2.17277717590332,0,18.4998073577881,0,0.158381596207619,0,0.191624164581299,0,0,0,0,0,0,0,100.810585260391,0,0,0,0,23.4661110937595,0,0,0,0,0,0,0,0,0,378.834740817547,0,0,0,0,0,4.15918146073818,0,236.487118244171,0,1.10622479021549,0,5.06338714063168,2.58951377868652,0
0,0,0,0,0,0,0,0,0,0,27.5094307661057,0,0,0,0,0,0,0,0.162596568465233,0,21.7103603333235,0,0,0,0,0,0,0,0,0,0,0,0,0,0.278824508190155,0,0.114973276853561,0,123.753559798002,0,0.239626795053482,0,1.25226485729218,0,0,0,17.3151240348816,0,2.33334995806217,0,0,0,0,0,0,0,120.383285582066,0,0,0,0,0,0,42.0178196579218,0,0,0,0,0,0,0,0,0,374.863256454468,0,0,0,0,0,1.72750259190798,0,480.933652341366,31.2458276152611,0,6.42124897241592,0,0
0,0,0,0,0,1.00446963310242,0,0,0,0,0,0,0,0,0,0,0,0,0,0,0,0,0,0,0,0,0,0,0,0,0,0,1044.96143299341,60.5366370379925,3.64801299571991,57.8802637010813,111.595019087195,0,0,4.72147552669048,0,1.02952766418457,0,0,0,12.0220200270414,0,401.978579550982,1.68232810497284,24.9058573395014,0,0,0,0,0,0,0.220165684819221,0,0,0,0,0,5.60839700698853,0,0,0,0,0,0,0,0,0,0,0,7426.96622058749,1948.52554702759,279.596487119794,1.89903265237808,1287.28356966376,105.581101700664,0.201272577047348,0,546.058051213622,0,12.6495421677828,0,0
0,0,1.99937517940998,0,6.46853029727936,0,0,0,0,0,0.347493559122086,0,0,0,0,0,0,0,0,0,0.443859443068504,0,0,0,0,0,0,0,0,0,0,1044.96143299341,0,157.741605788469,216.259673953056,0,162.001628108323,0,0,0,34.6389183998108,0,7.92219696938992,0,0,0,23.0235587656498,212.819651439786,51.710256755352,3.39867228269577,0,0,0,0,0,0,0,0,0,0,0,0,0,10.1866044700146,0,0,0,0,0,0,0,0,0,0,1297.00271463394,3473.66259431839,61.8019693791866,330.031488031149,70.2162720859051,1118.20570245385,0.668710052967072,6.79697674512863,214.49128472805,0,31.0626736432314,0,0
0,0,0,0.787128865718842,0,0,0,0,0,0,0,0,0,0,0,0,0,0,0.35512213408947,0,0,0,0,0,0,0,0,0,0,0,0,60.5366370379925,157.741605788469,0,639.939387172461,190.641423821449,134.816598191857,459.711540400982,0.725166201591492,9.0619207918644,2.12588500976562,3.11674536764622,0,0,0,6.10853725671768,0,1877.46963255107,17.2819013595581,201.062078490853,0,0,0,0,0,0,0,0,0,0,0,0,0.955185264348984,0,0,0,0,0,0,0,0,0,0,0,47.2304219007492,220.120422005653,7459.25880429149,1606.03342992067,192.153955720365,126.829791277647,208.49256581068,36.7038813829422,266.175956830382,0,5.35635636746883,0,0
0,0,0.747730493545532,0,2.37088926136494,0,0,0,0,0,0,0,0,0,0,0,0,0.125997602939606,1.23729754984379,0,0.189389318227768,0,0,0,0,0,0,0,0,0,0.278824508190155,3.64801299571991,216.259673953056,639.939387172461,0,0,157.713190764189,0,689.57366412878,0,12.8227748572826,0.14713716506958,187.850795283914,0,0.124075256288052,0,11.1795021817088,1220.57842731476,193.892208710313,15.71590924263,0,0,0,0,0,0,1.22980338335037,0,0,0,0,0,0,19.7815334349871,0,0,0,0,0,0,0,0,0,0.646751120686531,6.77251571416855,163.858765587211,768.220916807652,5188.87020730972,10.612135052681,678.841364875436,0,1155.64127774537,517.478031203151,0,81.0722965747118,0,0.25802931189537
0,0,0,12.3101021200418,0,7.27807775139809,0,0,0,0.907204955816269,0,0.307127431035042,0,0,0,0,4.93860046565533,21.5488015636802,261.136085130274,71.3441590219736,0,0,0,0,0,0,0,0,0,0,0,57.8802637010813,0,190.641423821449,0,0,179.482478104532,2047.22012671828,0,54.3167794346809,4.0461140871048,129.825640596449,0.901975631713867,122.112415730953,1.00739732384682,437.406706310809,0,373.068101875484,1.21500380337238,14.6047914102674,0,0,0,0,0,0.257137060165405,0,0.245217777788639,0,0,0,0,309.592878185213,1.66036152839661,0,0,0,0,0,0,0,0,0.817278884351254,0,46.8002336323261,0,57.9718572646379,0,19044.8842422217,202.181241340935,385.115402214229,0,2650.03486473858,124.31908968091,183.903773032129,41.3032055348158,0
0,0,2.78535927087069,0.974930346012115,6.21271750330925,0,0,0,0,1.94811902940273,1.12199854105711,0.16401943564415,0,0,0,0,53.1232406944036,15.4310442209244,485.902964882553,0.735347330570221,280.04112200439,0,0,0,0,0,0,0,0,0.331890612840652,0.114973276853561,111.595019087195,162.001628108323,134.816598191857,157.713190764189,179.482478104532,0,0,2257.88686705381,7.7401510104537,60.4695412144065,9.34689253568649,316.777802228928,0,74.2079666554928,8.49060445278883,381.641438797116,361.549727745354,79.1636414527893,20.7856938838959,0,0,0,0,0,0,3.10280972719193,0,0,0,2.63940167427063,0,2.24708514660597,143.892694979906,0,0,0,0,0,1.00129747390747,0.186377599835396,0,2.46496104449034,2.5034199655056,66.3577235341072,19.010852381587,9.21858030557632,74.6187895834446,52.1679886952043,19657.5929454193,3.59661101549864,647.999509364367,3991.90474200249,320.503085225821,236.411349125206,0.432587459683418,31.2358874902129
0,0,0,1.93140429258347,0,0,0,0,0,8.91035869717598,0,350.34450404346,0,0,0,0,0,0,1.45787060260773,24.0652788579464,0,627.911935687065,0,46.4673758745193,0,0,0,0,0,461.073419600725,0,0,0,459.711540400982,0,2047.22012671828,0,0,59.1105139255524,0.16843618452549,0,420.592055723071,0,3.08988618850708,0,30.1774104386568,0,263.733691573143,0,603.859901711345,0,0,0,0,0,0,0,235.735243529081,0,0,0,0,43.0684508979321,0,283.103424414992,0,67.5712745785713,0,0,0,1.70601519942284,0,44.1245302557945,0,0,0,89.5797556340694,0,490.243972048163,0,8905.90810711682,13.2014158964157,777.776926770806,114.484101742506,449.767312601209,1.40034797787666,0
0,0,0.156211256980896,0,0,0,0,0,1.09540498256683,0,160.170105606318,0,0,0,0,0,1.42315421998501,0.662505447864532,10.5876356512308,0,24.4266571998596,0,584.787807583809,0,188.300414085388,0,0,0,45.6998547911644,0,123.753559798002,0,0,0.725166201591492,689.57366412878,0,2257.88686705381,59.1105139255524,0,0,5.45176981389523,0,449.096285715699,0,1.09440404176712,0,33.05709849298,73.1611137986183,450.04310156405,0,0,0,0,0,1.81628301739693,0,9.86224269866943,0,0,0,0,0,0,70.0812577307224,0,255.100157141685,0,62.5408664345741,0,0,0,10.4415109157562,0,7.86741477251053,0,0,0,69.8899661898613,0,86.8606897890568,1,10347.7231468707,874.268255203962,242.101362004876,277.015880689025,0,4.99862378835678
0,0,0,2.23315155506134,0,1.06140634417534,0,0,0,0.826193928718567,0,0,0,0,0,0.581142485141754,50.2625618875027,93.907325156033,930.089370533824,0,0,0,0,2.8164998292923,1.84770584106445,0,0,0,0,0,0,4.72147552669048,0,9.0619207918644,0,54.3167794346809,7.7401510104537,0.16843618452549,0,0,8.37767357379198,1631.78153000027,13.472154378891,50.8020062893629,2.37973919510841,320.35657389462,9.73097343742847,438.450782977045,1.41229556500912,766.765034690499,0,0,0,0,0,0.157583400607109,1.64831340312958,0,0,0,0,0,244.545335441828,3.62940621376038,0,0,0,0,0,1.25448942184448,0,0,16.4147607386112,0,0,0,0,0,1625.42975473404,37.1796629875898,59.745635330677,0.464944258332253,447.457367420197,0,949.831035070121,71.4221600517631,0.310971692204475
0,0,3.33937968313694,0,1.29523447155952,0,0,0,0.84639884531498,0,1.42260704934597,0,0,0,0,0,114.367025732994,35.6054140850902,797.294044718146,0,1.7367235571146,0,0,0,0,0,0,0,0,0,0.239626795053482,0,34.6389183998108,2.12588500976562,12.8227748572826,4.0461140871048,60.4695412144065,0,5.45176981389523,8.37767357379198,0,13.7631228715181,990.725329577923,0,127.480687908828,1.94885182380676,727.413162663579,456.850554212928,964.633330345154,0,0,0,0,0,0,0,4.45601278543472,0,0,0,0,0,0,313.174720421433,0,0,0,0,0,0.656739234924316,0,0,0,5.06061588227749,0.391264498233795,13.7865408658981,0,2.04005742073059,21.7880015969276,1270.29613874108,2.23893356323242,97.4862904846668,168.015532299876,0.136252656579018,781.815248049796,1.15684294700623,21.2203266918659
0,4.57789653539658,0,24.9081593304873,0.575324833393097,0,0,0,0,4.18953719735146,0,1.27946218848228,0,0,0,0.731039196252823,35.6541109085083,90.4638328105211,937.471571356058,0,0,1.29670977592468,0,23.215313076973,0,1.33304823935032,0,0.557704150676727,0,3.89694678783417,0,1.02952766418457,0,3.11674536764622,0.14713716506958,129.825640596449,9.34689253568649,420.592055723071,0,1631.78153000027,13.7631228715181,0,162.751024693251,75.7164751440287,1.16138093173504,904.994601994753,8.64083707332611,325.517811886966,12.1452396064997,549.562254607677,0,0,0,0,0,3.32577204704285,0,50.1461494714022,0,0,0.257641732692719,0.869962632656097,1201.96848942339,4.79425072669983,0,0,11.3827798962593,0,0.156357288360596,0,23.0266794264317,0,971.950842469931,0,0,0,0.907984256744385,1.16757106781006,2603.13155630976,41.3179021701217,976.24380889535,4.80467157065868,1386.32005440444,0,3581.24351777881,1156.15701646358,5.30576685070992
1.02696239948273,0,5.59651947021484,0,7.51670318841934,0,0,0,196.592096820474,0,20.6737278103828,0,0,0,1.17437922954559,0,230.992047205567,41.6104196459055,1091.56662544608,0,26.9427708387375,0,0,0.379360407590866,0.317620098590851,0.412504851818085,4.23424772918224,0,0,0,1.25226485729218,0,7.92219696938992,0,187.850795283914,0.901975631713867,316.777802228928,0,449.096285715699,13.472154378891,990.725329577923,162.751024693251,0,0,42.7115821242332,1.29182299971581,447.113588310778,441.12223790586,559.27783241123,6.53560380637646,0,0,0,0,7.42950081825256,0,324.710470363498,0,0,0,1.16094680130482,0.315942496061325,0.625629410147667,963.545074976981,0,0,0,2.34195804595947,0,8.00885094702244,0,0,0,81.3190814107656,0,0,0,33.7430481463671,21.7224050983787,2564.56557428092,5.02299785614014,692.526555255055,1511.89430353045,0.197722569108009,3998.4748634398,4.43658941984177,851.624413073063
0,0,0,0,0,0,0,0,0,0,0,1.56517916917801,0,0,0,0,2.41089987754822,3.20951002836227,210.298757359385,0,0,0,0,0,0,0,0,0,0,2.17277717590332,0,0,0,0,0,122.112415730953,0,3.08988618850708,0,50.8020062893629,0,75.7164751440287,0,0,0,10.9529096782207,0,13.535422950983,0,6.08408339321613,0,0,0,0,0,0,0,7.5618280172348,0,0,0,0,2.66643641889095,0,0,0,0,0,0,0,0,0,68.3497385084629,0,0,0,0,0,596.568847641349,0,453.811072736979,0,19.2406792342663,0,41.284605756402,16.4169710576534,0
0,0,0,0,0,0,0,0,0,0,0,0,0,0,0,0,26.046322658658,8.93215414881706,331.023946329951,0,3.54779881238937,0,0,0,0,0,0,0,0,0,0,0,0,0,0.124075256288052,1.00739732384682,74.2079666554928,0,1.09440404176712,2.37973919510841,127.480687908828,1.16138093173504,42.7115821242332,0,0,0.325015813112259,3.65889687091112,1.3129842877388,6.62897292524576,0,0,0,0,0,0,0,5.76485693454742,0,0,0,0,0,0,35.7583398669958,0,0,0,0,0,0,0,0,0,1.0393625497818,0,0,0,0,6.61306671798229,389.226492106915,0,86.7380696237087,27.2792567461729,0,96.2244141995907,0,0.200699478387833
0,0,0,77.8990561068058,0,23.104873418808,0,0,0,0.472171783447266,0,8.7740835994482,0,0,0,0,5.60444796085358,13.6230490803719,207.560163065791,3.8746731877327,0,0.531534075737,0,0,0,0.21394319832325,0,0,0,18.4998073577881,0,12.0220200270414,0,6.10853725671768,0,437.406706310809,8.49060445278883,30.1774104386568,0,320.35657389462,1.94885182380676,904.994601994753,1.29182299971581,10.9529096782207,0.325015813112259,0,0,279.164365082979,38.2446031719446,219.754521235824,0,0,0,0,0,0,0,40.0705989897251,0,0,0,0,2565.42714869231,0.882042586803436,0,0,0,0,0,0,4.77705383300781,0,494.648152709007,0,7.42212204635143,0,4.79706192016602,0,1925.25087811798,5.59492295980453,980.834157086909,0,363.616968110204,0,712.243549980223,53.5432049930096,0
0,0,98.8924649655819,0,76.6355147063732,0,0,0,0,0,59.0851174592972,0,0,0,0,0,28.3917841911316,9.99177823960781,371.974324062467,0,198.81757093966,0,0,0,0,0,0,0,0,0,17.3151240348816,0,23.0235587656498,0,11.1795021817088,0,381.641438797116,0,33.05709849298,9.73097343742847,727.413162663579,8.64083707332611,447.113588310778,0,3.65889687091112,0,0,275.68726234138,284.508198976517,0,0,0,0,0,0,0,199.75280854851,0,0,0,0,0,0.652820110321045,2195.53392200172,0,0,0,0,0,0,0,0,0.143427193164825,85.549752317369,0,11.8981446325779,0,3.8825121819973,14.6467619091272,3013.47001062334,0,213.567554071546,207.594850748777,0,1277.82940411568,0,17.6928799003363
0,0,13.9802035689354,11.5770821124315,43.7324547171593,5.40779748558998,0,0,0,0,1.05497372150421,0,0,0,0,0,3.05646142363548,4.09948316961527,52.2176538184285,0,5.38505227863789,0,0,0.699799120426178,0,0,0,0,0,0.158381596207619,0,401.978579550982,212.819651439786,1877.46963255107,1220.57842731476,373.068101875484,361.549727745354,263.733691573143,73.1611137986183,438.450782977045,456.850554212928,325.517811886966,441.12223790586,13.535422950983,1.3129842877388,279.164365082979,275.68726234138,0,2107.90648579597,1335.4086406976,0,0,0,0,0,0,6.50506681203842,1.05190972238779,0,0,0,0,77.1016145423055,213.507751278579,0,0,0,0,0,0,0,0,12.9770844429731,1.91912560164928,544.460415765643,423.144339591265,429.466875955462,664.223740026355,1264.73470941186,1195.52830252051,37.7401816397905,543.606714248657,1701.77634225041,0,1114.43618701398,8.37502200901508,1.98553220927715
74.8100999593735,0,41.8906220346689,0.284821689128876,29.4209820479155,0,0,0,12.4192028641701,0,5.16211533546448,0,0,0,0,0,8.80936504900455,1.61966305971146,85.9309856444597,0,12.9152331128716,0,44.5597679316998,0,24.5029388070107,0,0,0,14.0931546092033,0,2.33334995806217,1.68232810497284,51.710256755352,17.2819013595581,193.892208710313,1.21500380337238,79.1636414527893,0,450.04310156405,1.41229556500912,964.633330345154,12.1452396064997,559.27783241123,0,6.62897292524576,38.2446031719446,284.508198976517,2107.90648579597,0,22.8052384257317,0,0,0,0,138.035532981157,0,27.855928465724,0,0,0,0,0,12.1901253014803,369.41625187546,0,163.536128163338,0,0.596099138259888,0,0,0,55.46326649189,4.16013605892658,10.775374174118,0,28.530356824398,34.8719948530197,54.7667085528374,31.4538822472095,886.791034676135,4.32573308050632,738.66406442225,712.329319298267,0,1464.62446869165,0.415578752756119,11.5529341846704
0,256.120196759701,0,126.098500847816,0,2.71423341333866,0,0,0,82.4534012079239,0,0,0,0,0,12.0106132030487,2.04443094134331,7.91737371683121,52.2792716100812,0.971817433834076,0,334.073202237487,0,113.843253642321,0,0,0,0,0,0.191624164581299,0,24.9058573395014,3.39867228269577,201.062078490853,15.71590924263,14.6047914102674,20.7856938838959,603.859901711345,0,766.765034690499,0,549.562254607677,6.53560380637646,6.08408339321613,0,219.754521235824,0,1335.4086406976,22.8052384257317,0,0,0,0,0,0,147.884760677814,0,639.901298388839,0,0.397693276405334,0,5.04294490814209,149.466180160642,0,477.325967267156,0,147.181854128838,0,89.0763272047043,0,439.258543029428,0,130.599714256823,0,2.79115274548531,3.89623087644577,7.22326090931892,62.9149489402771,861.361612632871,2.63969790935516,470.488728240132,5.93439540266991,411.122412621975,0,996.281804919243,17.329828068614,0
0,0,0.847250163555145,0,39.6442847251892,0,0,0,0,0,0,0,0,0,0,0,0,0,0,0,0,0,0,0,0,0,0,0,0,0,0,0,0,0,0,0,0,0,0,0,0,0,0,0,0,0,0,0,0,0,0,0,0,0,0,0,40.503586769104,0,0,0,0,0,0,38.4684098362923,0,0,0,0,0,0,0,0,0,0,0,0,0,0,0,0,0,0,0,0,122.913923382759,0,0
0,0,0,34.7609071135521,0,289.803956627846,0,158.906049966812,0,0,0,0,0,4.63088071346283,0,0,0,0,0,0,0,0,0,0,0,0,0,0,0,0,0,0,0,0,0,0,0,0,0,0,0,0,0,0,0,0,0,0,0,0,0,0,0,188.014604091644,0,6.36175513267517,0,0,0,5.59121710062027,0,0,0,0,0,0,0,0,0,0,0,0,0,0,0,0,0,0,0,0,0,0,1.13389003276825,0,6.06463545560837,0,0
0,0,0,0,0,0,65.3604369163513,0,0,0,0,0,0,0,0,0,0,0,0,0,0,0,0,0,0,0,0,0,0,0,0,0,0,0,0,0,0,0,0,0,0,0,0,0,0,0,0,0,0,0,0,0,0,0,0,0,0,0,0,0,0,0,0,0,0,0,0,0,0,0,0,0,0,0,0,0,0,0,0,0,0,0,0,0,0,0,0
0,0,0,0,0,71.2057213783264,0,78.1314814090729,0,0,0,83.3542655110359,0,7.45489090681076,0,0,0,0,0,0,0,0,0,0,0,0,0,0,0,0,0,0,0,0,0,0,0,0,0,0,0,0,0,0,0,0,0,0,0,0,0,188.014604091644,0,0,0,0,0,13.9004663228989,0,6.09331315755844,0,0,0,0,0,0,0,0,0,0,0,0,0,0,0,0,0,0,0,0,0,0,7.49473434686661,0,0,0,0
337.775958001614,0,0,0,170.541816949844,0,0,0,497.418801546097,4.20024338364601,0,0,0,0,65.4835316240788,0.522107005119324,183.416611358523,38.7587281018496,28.3476285636425,0,0,0,1.64852896332741,9.73831832408905,40.396623134613,5.15491437911987,19.7036302983761,0,0,0,0,0,0,0,0,0,0,0,1.81628301739693,0,0,0,7.42950081825256,0,0,0,0,0,138.035532981157,0,0,0,0,0,0,0,0,0,0,0,46.0569083094597,0.365442544221878,0,0,0,0.782439380884171,0,16.8705270588398,5.91266536712646,13.7578892409801,0,0,0,0,0,0,0,0,0,0,0,0.194511294364929,196.188689425588,0,7.11724400520325,0,1.1973751783371
0,375.501190930605,0,63.5840637683868,0,80.8488419055939,0,0,5.18510460853577,1228.51717364788,0,0,0,0,0,139.094105958939,62.3008902668953,447.126025229692,113.973943307996,0,0,1.64567109942436,1.65066599845886,150.539757609367,3.58010321855545,68.6917290985584,0,0.873692870140076,0,0,0,0,0,0,0,0.257137060165405,0,0,0,0.157583400607109,0,3.32577204704285,0,0,0,0,0,0,0,147.884760677814,0,6.36175513267517,0,0,0,0,0,0,0,0,0,58.1269571483135,0,0,0.920831441879272,0,2.30080425739288,6.01472356915474,53.2825220227242,0,0.734288811683655,0,0,0,0,0,0,0,1.06827158480883,0.711657881736755,0,0,422.025008797646,2.1687388420105,0.362633913755417,0,0
0,0,4.67493112385273,0,0.26900440454483,0,0,0,0,0,145.945996671915,0,0,0,0,0,3.55713932216167,0,19.1992309838533,0,118.031419932842,0,0,0,0,0,0,0,0,0,120.383285582066,0.220165684819221,0,0,1.22980338335037,0,3.10280972719193,0,9.86224269866943,1.64831340312958,4.45601278543472,0,324.710470363498,0,5.76485693454742,0,199.75280854851,6.50506681203842,27.855928465724,0,40.503586769104,0,0,0,0,0,0,0,134.621001422405,0,0,0,0,543.780207723379,0,0,0,0,0,0.383011490106583,0,0,0,490.72356069088,0,0.756421804428101,0,0,0,23.9343935921788,0,177.468647271395,7.11959889531136,0,954.99310182035,0,78.3857320249081
0,0,0,12.0457210242748,0,0,0,1.79300808906555,0,0,0,1835.30520196259,0,94.443575412035,0,11.0837866067886,0.161076813936234,0,0.157396465539932,54.5485318601131,0,7.58508807420731,0,8.50648429989815,0,0,0,11.521413564682,0,100.810585260391,0,0,0,0,0,0.245217777788639,0,235.735243529081,0,0,0,50.1461494714022,0,7.5618280172348,0,40.0705989897251,0,1.05190972238779,0,639.901298388839,0,0,0,13.9004663228989,0,0,0,0,0,84.4621203839779,0,43.078299164772,622.006352096796,0,65.4226733744144,0,58.0097855776548,0,71.7639652937651,0,271.600479990244,0,616.483350798488,0,0,0.687755942344666,0,0,5.82817699760199,0,338.237557336688,0,54.0409965217113,0,671.173099324107,3.22396531701088,0
0,0,0,0,0,0,0,0,0,0,0,0,0,0,0,0,0,0,0,0,0,0,0,0,0,0,0,0,0,0,0,0,0,0,0,0,0,0,0,0,0,0,0,0,0,0,0,0,0,0,0,0,0,0,0,0,134.621001422405,0,0,0,0,0,0,0,0,0,0,0,0,0,0,87.5680351257324,0,0,0,0,0,0,0,0,0,0,0,0,0,0,0
0,0,0,24.7114745676517,0,0,0,0,0,0,0,3.78861278295517,0,53.6892440319061,0,37.9314837753773,0,0,0,0,0,0,0,0,0,0,0,0,0,0,0,0,0,0,0,0,0,0,0,0,0,0,0,0,0,0,0,0,0,0.397693276405334,0,5.59121710062027,0,6.09331315755844,0,0,0,84.4621203839779,0,0,0,75.2892370820045,0,0,0,0,0,0,0,0,0,0,0,0,0,0,0,0,0,0,0,0,0,0,0,0,0
0,0,0,0,0,0,0,0,161.670638084412,0,0,0,0,0,78.907831788063,0,803.262425020337,27.2177314460278,50.3968153297901,0,0,0,8.61351108551025,8.00682508945465,32.2357425093651,4.71315105259418,156.116737306118,0,0,0,0,0,0,0,0,0,2.63940167427063,0,0,0,0,0.257641732692719,1.16094680130482,0,0,0,0,0,0,0,0,0,0,0,46.0569083094597,0,0,0,0,0,0,5.45839214324951,0,0,0,2.64098545908928,0,17.8720055818558,0.675094485282898,205.580784797668,0,0,0,0,0,0,0,0,0,0,0,0,245.109241515398,0.435705542564392,0,0,2.45865398645401
0,30.8454072475433,0,32.0609909594059,0,0,0,0,11.0049377679825,270.330760151148,0,0,0,53.9064695835114,0,404.384484797716,25.5772365629673,1075.94834147394,85.8179623484612,0,0,2.78238314390182,3.3794538974762,61.0091025531292,2.05539751052856,194.787051141262,0,8.66929841041565,0,0,0,0,0,0,0,0,0,0,0,0,0,0.869962632656097,0.315942496061325,0,0,0,0,0,0,5.04294490814209,0,0,0,0,0.365442544221878,58.1269571483135,0,43.078299164772,0,75.2892370820045,5.45839214324951,0,0,0,0,0,1.70812177658081,0,128.436201602221,0,1.5638313293457,0,0,0,0,0,0,0,2.46330544352531,3.2326728105545,0,0,341.89306846261,13.001117169857,0.366256207227707,0,0
0,0,0,35.1055367290974,0,5.47953507304192,0,0,0,0,0,21.4542823284864,0,0,0,0,4.3391802161932,6.55739516019821,63.743236720562,752.269178971648,0,2.31187891960144,0,0,0,0,0,0.187694504857063,0,23.4661110937595,0,5.60839700698853,0,0.955185264348984,0,309.592878185213,2.24708514660597,43.0684508979321,0,244.545335441828,0,1201.96848942339,0.625629410147667,2.66643641889095,0,2565.42714869231,0.652820110321045,77.1016145423055,12.1901253014803,149.466180160642,0,0,0,0,0,0,0,622.006352096796,0,0,0,0,0,0.319023668766022,5.32190468907356,0,5.03916144371033,0,3.32278820872307,0,76.1564753651619,0,769.021545469761,0,0.455565750598907,0,0.598575711250305,0.257120221853256,3163.52922529727,2.04567962884903,939.660327151418,0,329.466026492417,0,1626.80255393684,24.5579354614019,0
0,0,8.517029941082,0,242.676521986723,0,0,0,1.42702603340149,0,136.863442227244,0,0,0,0,0,32.1290227323771,11.7062485069036,189.658328168094,0,1011.12239385396,0,0,0,0,0,0,0,0,0,42.0178196579218,0,10.1866044700146,0,19.7815334349871,1.66036152839661,143.892694979906,0,70.0812577307224,3.62940621376038,313.174720421433,4.79425072669983,963.545074976981,0,35.7583398669958,0.882042586803436,2195.53392200172,213.507751278579,369.41625187546,0,38.4684098362923,0,0,0,0,0,543.780207723379,0,0,0,0,0,0.319023668766022,0,0,0,0,0,0,0.28376716375351,0,0,0.200537651777267,162.428234890103,0,5.97818145155907,0,2.64232908189297,6.11526754498482,4353.41779767722,0.415845215320587,945.397915422916,136.485329002142,0.825972139835358,2115.32688415796,0.347399532794952,134.013170056045
0,0,0,0,0,0,0,0,0,0,0,0,0,0,0,1.92859280109406,1.93969368934631,82.5397148728371,2.16758888959885,0,0,5189.19285564125,0,0,0,94.4549161791801,0,53.2451409995556,0,0,0,0,0,0,0,0,0,283.103424414992,0,0,0,0,0,0,0,0,0,0,0,477.325967267156,0,0,0,0,0,0.920831441879272,0,65.4226733744144,0,0,0,0,5.32190468907356,0,0,0,2.94837146997452,0,127.784038633108,0,168.804930895567,0,15.3557846844196,0,0,0,0,0,0,0,663.552458167076,0,125.268997937441,0,15.8733058869839,0,0
0,0,0,0,0,0,0,0,2.58627623319626,0,0,0,0,0,6.18902376294136,0,105.572279930115,1.9199253320694,2.84606781601906,0,0,0,3800.70925855637,0,6.21549987792969,0,11.5404560565948,0,37.6302137374878,0,0,0,0,0,0,0,0,0,255.100157141685,0,0,0,0,0,0,0,0,0,163.536128163338,0,0,0,0,0,0.782439380884171,0,0,0,0,0,2.64098545908928,0,0,0,0,0,0,115.653310954571,0,8.54573546350002,0,22.265823662281,0,0,0,0,0,0,0,0,0,444.27608692646,96.0529656708241,0,0,0,0
0,0,0,0,0,0,0,0,0,73.9728128612041,0,0,0,0,0,15.5932397842407,2.52580070495605,19.3737691044807,2.72230899333954,0,0,47.8875405192375,0,848.413569509983,0,117.284779310226,0,0,0,0,0,0,0,0,0,0,0,67.5712745785713,0,0,0,11.3827798962593,0,0,0,0,0,0,0,147.181854128838,0,0,0,0,0,2.30080425739288,0,58.0097855776548,0,0,0,1.70812177658081,5.03916144371033,0,2.94837146997452,0,0,0,12.9283331930637,0,112.065209597349,0,5.35747402906418,0,0,0,0,0,0,0,4.21643686294556,0,368.432375490665,0,8.6657634973526,0,0
0,0,0,0,0,0,0,0,98.9500114917755,0.28462952375412,0,0,0,0,5.16456252336502,5.05237865447998,373.286834329367,85.367060303688,34.206834346056,0,0,0,171.723033159971,18.661786198616,651.250994056463,7.54255437850952,78.6341027319431,0,0,0,0,0,0,0,0,0,0,0,62.5408664345741,0,0,0,2.34195804595947,0,0,0,0,0,0.596099138259888,0,0,0,0,0,16.8705270588398,6.01472356915474,0,0,0,0,17.8720055818558,0,0,0,0,115.653310954571,0,0,8.34544849395752,15.4740349650383,0,0,0,0,0,0,0,0,0.369809865951538,0,0,3.00972676277161,286.891655027866,0,42.0237317979336,0,0
0,0,0,0,0,0,0,0,10.0294209718704,128.784440726042,0,0,0,10.468954116106,7.25270175933838,102.607602447271,84.806482821703,859.557328820229,94.8432822227478,0,0,122.267648339272,0,286.215124070644,8.59032034873962,906.260324060917,0.636602163314819,164.037978768349,0,0,0,0,0,0,0,0,0,0,0,0,0,0.156357288360596,0,0,0,0,0,0,0,89.0763272047043,0,0,0,0,5.91266536712646,53.2825220227242,0,71.7639652937651,0,0,0.675094485282898,128.436201602221,3.32278820872307,0,127.784038633108,0,12.9283331930637,8.34544849395752,0,3.48433291912079,296.700829043984,0,2.67298918962479,0,0,0,0,0,0.557676672935486,0,0,0.919752538204193,342.325616717339,2.7728618979454,1.47637046873569,0,0
