0,0,5.81786559522152,0,0,0,0,0,154.564337611198,0,0,0,0,0,0,0,8.04991774260998,0.172412142157555,10.4062642753124,0,0,0,0,0,0,0,0,0,0,0,0,0,0,0,0,0,0,0,0,0,0,0.845997795462608,317.930175468326,0,0,0,0,0.679262340068817,601.834286421537,0,1.29157078266144,0,0,0,293.181174889207,0,3.7950768917799,0,0,0,215.185870945454,0,0,0.173358649015427,0,0,0,0,0,1.8015204668045,0,0,0,0.751915767788887,0,0,0,0,0,0.222885414958,0,0,46.641054213047,0,289.649122238159,0,0
0,0,0,23.6690604686737,0,0,0,0,0,133.439942061901,0,0,0,0,0,1.32006734609604,0,0,56.5753738731146,0,0,0,0,0,0,0,0,0,0,0,0,0,0,0,0,0,0,0,0,1.08658248186111,1.4092755317688,219.092707812786,0,0,0,6.01896920800209,0,0,0,185.779040545225,0,0,0,0,0,488.810218289495,0,5.55095061659813,0,0,0,21.3303228765726,0,0,0,0,0,0,0,0,0,0,0.208770915865898,0,0,0,0,0,26.0001432746649,0.107749976217747,0,0,216.0384234339,0,134.341256976128,0.248145177960396,0
5.81786559522152,0,0,0,8.76402026414871,0,0,0,35.2440183162689,0,0,0,0,0,0,0,0.600678324699402,0,15.3109171241522,0,4.16731607913971,0,0,0,0,0,0,0,0,0,0,0,0,0,0,0,19.0866627842188,0,0,0,36.0142726451159,0,167.25660340488,0,0,0,16.5868348255754,0.360503956675529,143.712298735976,0,53.3068963885307,0,0,0,124.938720166683,0,20.4748071879148,0,39.6778137087822,0,0,0,0,2.6777917444706,0,0,0,0,0,0,0,0,0,3.24018588662148,0,0,0,0,0.137422487139702,15.0392076522112,0,0.242732495069504,51.4732953235507,0,431.660389281809,0,19.3007566183805
0,23.6690604686737,0,0,0,19.6134229302406,0,0,0,10.4336462020874,0,0,0,0,0,0,0.337437756359577,1.01001273840666,13.3962061181664,1.2612429857254,0,0,0,0,0,0,0,0,0,0,0,0,0,0,0,19.9236105382442,0,0,0,49.7384894415736,0.771279439330101,494.875157237053,5.24857437610626,0,0,42.7310919761658,4.02391934394836,4.86298030614853,6.86281770467758,157.0660020262,0.276785880327225,168.314850509167,0,0,0,249.349843502045,0,66.2791948840022,0,38.2620516419411,0,45.1089678406715,1.71160895377398,2.27400374412537,0,0,0,0,0,0,0,0,1.52167405188084,0.882704734802246,0,0,0,0,48.6523100137711,0.55080571770668,0,0,348.268961526453,3.50115256011486,853.302500404418,0.279306769371033,0
0,0,8.76402026414871,0,0,0,19.736455321312,0,28.4946956634521,0,0,0,0,0,0,0,0,0,3.8931667804718,0,181.632664501667,0,0,0,0,0,0,0,0,0,0,0,0,0,0,0,10.741273522377,0,0,0,0,0,31.5912322998047,0,0,0,0,0,6.01554775238037,0,1195.87853085995,0,0,0,0,0,2.64526396989822,0,0,0,0,0,0,0.351226776838303,0,0,0,0,0,0,0,0,0,3.67615610361099,0,0,0,0,0,7.40844628214836,0,0,594.874127656221,0,111.285291731358,0,1.17533123493195
0,0,0,19.6134229302406,0,0,0,61.4022268652916,0,52.2242693901062,0,0,0,17.1220515966415,0,0,0,0,0,165.750394642353,0,0,0,0,0,0,0,0,0,0,0,0,0,0,0,17.4966617822647,0,0,0,0,0,11.2913362383842,0.144784823060036,0,0,0.142726957798004,0,0,0.114957123994827,0,0,372.006489425898,0,9.81916475296021,0,0,0,3.4763772636652,0,1.75550127029419,0,0,26.3772898465395,0,0,0,0,0,0,0,0,0,0,0,0,0,0,0,2.04836440086365,0,0,0,1012.64601439238,0.287850558757782,47.4172035753727,0,0
0,0,0,0,19.736455321312,0,0,0,0,0,0,0,0,0,0,0,0,0,0,0,293.324976801872,0,0,0,0,0,0,0,0,0,0,0,0,0,0,0,0,0,0,0,0,0,0,0,0,0,0,0,0,0,10.4592186808586,0,0,0,0,0,0,0,0,0,0,0,0,0,0,0,0,0,0,0,0,0,0,0,0,0,0,0,0,0,0,0,177.696084737778,147.155842959881,1.47499132156372,0,0
0,0,0,0,0,61.4022268652916,0,0,0,0,0,1,0,16.4346342086792,0,0,0,0,0,7.70839869976044,0,0,0,0,0,0,0,0,0,0,0,0,0,0,0,0,0,0,0,0,0,0,0,0,0,0,0,0,0,0,0,16.959052324295,0,31.7726727724075,0,0,0,0,0,129.034833967686,0,0,6.04292583465576,0,0,0,0,0,0,0,0,0,0,0,0,0,0,0,0,0,0,0,646.369851946831,58.0991109013557,0,0,0
154.564337611198,0,35.2440183162689,0,28.4946956634521,0,0,0,0,0,0,0,0,0,675.81553953886,0,29.4959143996239,0,51.2382953166962,0,0,0,0,0,24.9231418073177,0,60.9064348936081,0,0,0,0,0,0,0,0,0,0,0,116.168157503009,0,0,0,58.2378627955914,0,0,0,1.53168845176697,0,82.5025498569012,0,4.32025325298309,0,0,0,837.830245301127,0,2.15822869539261,0,0,0,186.769607961178,0,0,0,0,0,0,3.86444446444511,0,0.215976685285568,0,0,0,0.269094944000244,0,0,0,0,0,0,0,35.1019752770662,799.603114411235,0,107.093603730202,0,0
0,133.439942061901,0,10.4336462020874,0,52.2242693901062,0,0,0,0,0,0,0,0,0,434.937127739191,0,8.39633792638779,0.915248587727547,0,0,0,0,24.5199811309576,0,0,0,0,0,0,0,0,0,0.20058773458004,0,0,0,161.271567881107,0,0.965448260307312,0,19.7153034061193,0,0,0,0,0,0,0,2.05705533921719,0,0,0,0,0,600.988959982991,0,0,0,0,0,369.212887227535,0,0,0,0,14.0054462254047,0,8.57148599624634,0,0,0,0,0,0,0,1.72650651633739,0,0,0,78.957606330514,0,2146.96508474648,1041.8399733007,233.22435747087,0,0
0,0,0,0,0,0,0,0,0,0,0,0,2036.88604596257,0,0,0,0,0,0,0,2448.63743665814,0,0,0,0,0,0,0,6.74340760707855,0,0,0,0,0,0,0,246.648464798927,0,3655.37525868416,0,0,0,0,0,0,0,0,0,0,0,0,0,0,0,0,0,769.971475481987,0,1411.79486343265,0,0,0,0,1122.62215620279,0,0,0,0,0,0,0,0,0,0,0,0,0,0,0,16.9277510046959,0,3162.58863687515,1230.15811875463,187.993981093168,0,0,0
0,0,0,0,0,0,0,1,0,0,0,0,0,926.596297413111,0,0,0,0,0,1611.00824707747,0,0,0,0,0,0,0,6.05378949642181,0,0,0,0,0,0,0,298.824404776096,0,3093.25076174736,0,0,0,0,0,0,0,0,0,0,0,0,0,0,0,0,0,0,0,2039.1680291146,0,3411.38318157196,0,0,781.255156368017,0,0,0,0,0,0,0,107.496383965015,0,32.8600185513496,0,0,0,0,0,172.75381064415,0,166.102319657803,0,612.834428161383,751.538737773895,0,0,0
0,0,0,0,0,0,0,0,0,0,2036.88604596257,0,0,0,93.4931014180183,0,0,0,0,0,0,0,0,0,0,0,0,0,0,0,0,0,0,0,0,0,0,0,0,0,0,0,0,0,0,0,0,0,0,0,0,0,0,0,0,0,765.301791250706,0,132.38089966774,0,105.157413244247,0,0,0,0,0,0,0,0,0,0,0,0,0,0,0,0,0,0,0,0,0,165.844255238771,69.8522754907608,0,0,0
0,0,0,0,0,17.1220515966415,0,16.4346342086792,0,0,0,926.596297413111,0,0,0,20.883885383606,0,0,0,0,0,0,0,0,0,0,0,47.2725132703781,0,44.9859466552734,0,0,0,0,0,0,0,0,0,0,0,0,0,0,0,0,0,0,0,0,0,4.63685822486877,0,2.00518774986267,0,0,0,566.484232336283,0,1616.0413146019,0,80.387580871582,0,0,0,0,0,0,0,0,13.151530444622,0,0,0,0,0,0,0,0,0,0,0,405.329938203096,1424.70356869698,0,0,0
0,0,0,0,0,0,0,0,675.81553953886,0,0,0,93.4931014180183,0,0,0,0,0,0,0,0,0,0,0,0,0,0,0,0,0,0,0,0,0,0,0,0,0,0,0,0,0,0,0,0,0,0,0,0,0,0,0,0,0,395.328658759594,0,0,0,1,0,232.654858857393,0,0,0,0,0,0,0,0,0,0,0,0,0,0,0,0,0,0,0,0,0,342.564546763897,0,0,0,0
0,1.32006734609604,0,0,0,0,0,0,0,434.937127739191,0,0,0,20.883885383606,0,0,0,472.298071265221,0,0,0,0,0,0,0,2.97931236028671,0,1,0,0,0,0,0,0,0,0,0,0,0,0,0,0.265905499458313,0,0,0,0,0,0,0,0,0,0,0,0,0,1440.73265740275,0,0,0,0,0,348.301486521959,0,0,0,0,0,0,0,0,0,0,0,0,0,0,0,0,0,0,0,0,968.884429484606,307.322512060404,0.222775653004646,0,0
8.04991774260998,0,0.600678324699402,0.337437756359577,0,0,0,0,29.4959143996239,0,0,0,0,0,0,0,0,14549.1902358159,6617.54545111954,0,0,0,6.74272012710571,0,0,0,0,0,0,0,0,0,0,0,0,0,0,0,0,60.5200280472636,143.875273622572,26.935097053647,124.768822059035,0,0,31.8155278563499,155.223842486739,0,1.70359332859516,0.160410165786743,0,0,0,0,0,0,15.245280854404,1.86287574470043,0,0,0,0,0.976916290819645,31.1621122583747,0,6.74186897277832,0,0,0,0,0,0,0,24.1899851709604,0,0,0,0,74.7045870348811,373.936038665473,0,44.0082021430135,5715.95100799203,21.6805115491152,578.054163880646,0.204978078603745,22.5999145135283
0.172412142157555,0,0,1.01001273840666,0,0,0,0,0,8.39633792638779,0,0,0,0,0,472.298071265221,14549.1902358159,0,5328.12129358202,0,0,527.529397070408,0,139.669591546059,0,4282.48382014036,0,166.63626524806,0,0,0,0,0,0,0,0,0,0,0,102.599479906261,41.4196321368217,92.6562129706144,35.7323419004679,0,0.513725876808167,35.2556303143501,70.6278478577733,0,0,0,0,0,0,0,0,0,3.38896144926548,1.34611315280199,0,0,0,82.2208878993988,1.24052335321903,10.9295109212399,0,0,11.9295967817307,0,8.25251579284668,0,0,0,0.127153396606445,3.61444362252951,0,0,0,0,97.2685613557696,88.1191752329469,0,10.4954549223185,8607.95762493461,715.068061172962,318.300742201507,3.15881602466106,8.51698005199432
10.4062642753124,56.5753738731146,15.3109171241522,13.3962061181664,3.8931667804718,0,0,0,51.2382953166962,0.915248587727547,0,0,0,0,0,0,6617.54545111954,5328.12129358202,0,0,0,0,0,1.62611103057861,0,0,0,0,0,0,0,0,0,0,0,0,0.157154470682144,0,0,1028.91497136652,774.075647242367,905.557585760951,775.14729475975,0,6.11296924948692,556.215894795954,1038.70607138425,0,20.4735024124384,2.21111712604761,0.342137277126312,0,0,0,0,0,41.7361717969179,52.1132499873638,0,0,0,0,11.5032156482339,175.599156171083,0,0,0,0,0,0,0,0,2.6482642441988,81.900686301291,0,0,0,0,1666.78776284307,1747.86841204017,0,176.272715166211,5803.4091013521,5.28515415638685,5515.15466850996,50.8162672519684,239.222333274782
0,0,0,1.2612429857254,0,165.750394642353,0,7.70839869976044,0,0,0,1611.00824707747,0,0,0,0,0,0,0,0,0,0,0,0,0,0,0,0,0,0,0,0,0,0,0,2072.21253813803,0,479.961633145809,0,0,0,0,0,0,0,0,0,0,0,0,0,77.9129749238491,0,0,0,0,0,386.484706372023,0,0,0,0,2031.30707505345,0,0,0,0,0,0,0,0,0,0,0,0,0,0,0,353.64237575233,0,2.52441489696503,0,329.699721410871,0,133.029457062483,0,0
0,0,4.16731607913971,0,181.632664501667,0,293.324976801872,0,0,0,2448.63743665814,0,0,0,0,0,0,0,0,0,0,0,0,0,0,0,0,0,0,0,0,0,0,0,0,0,1901.78518696129,0,1002.02968892455,0,2.00390887260437,0,2.5284628868103,0,0,0,0,2.07364964485168,4.77418372035027,0,295.026888340712,0,0,0,0,0,222.088038504124,0,0,0,0,0,0,1049.96174889803,0,0,0,0,0,0,0,0,0,0,0,0,0,0,0,3018.88109409809,0,205.429044663906,849.017904758453,3.38588523864746,182.166506782174,0,0
0,0,0,0,0,0,0,0,0,0,0,0,0,0,0,0,0,527.529397070408,0,0,0,0,4478.60860440135,57.1581395864487,0,362.386513769627,0,891.166322529316,0,0,0,0,0,0,0,0,0,3369.52546688914,118.985962867737,0,0,0,0,0,0,0,0,0,0,104.359733194113,0,0,0,0,0,0,0,0,0,0,0,0,0,0,6780.26944997907,588.655734062195,93.9217552244663,0,81.320522248745,0,1349.79208445549,0,0,0,0,0,0,0,0,0,1608.96817836165,140.013091742992,3302.69070512056,333.317932426929,0,0,0
0,0,0,0,0,0,0,0,0,0,0,0,0,0,0,0,6.74272012710571,0,0,0,0,4478.60860440135,0,0,368.358738452196,0,8.310546875,0,269.354376912117,0,0,0,0,0,0,0,0,0,1707.2657083571,0,0,0,0,0,0,0,0,0.177243277430534,163.624884545803,0,0,0,0,0,0,0,0,0,0,0,0,0,0,0,1159.19021499157,6985.16123861074,0,309.87953004241,0,5.47450065612793,0,402.085269331932,0,0,0,0,0,0,0,0,0,923.140446782112,2238.36043091118,344.009067773819,13.7962011247873,0,0
0,0,0,0,0,0,0,0,0,24.5199811309576,0,0,0,0,0,0,0,139.669591546059,1.62611103057861,0,0,57.1581395864487,0,0,0,244.3052546978,0,0,0,0,0,0,0,0,0,0,0,876.725542262197,0,0,0,0,0,0,0,0,0,0,0,7.23020419478416,0,0,0,0,0,70.2549566924572,0,0,0,0,0,0,0,0,0,0,53.1457569599152,0,631.394481420517,0,0,0,0,0,0,0,2.61671712994576,0,0,0,622.187861770391,0,306.50421628356,0,7.07647314667702,0,0
0,0,0,0,0,0,0,0,24.9231418073177,0,0,0,0,0,0,0,0,0,0,0,0,0,368.358738452196,0,0,0,251.805992633104,0,0,0,0,0,0,0,0,0,0,0,1393.59314855933,0,0,0,0,0,0,0,0,0,12.87201577425,0,0,0,0,0,4.18810299038887,0,0,0,0,0,14.7541010826826,0,0,0,0,206.733725845814,0,232.148455217481,0,735.803813159466,0,0,0,0,0,0,0,0,0,0,0,242.044441640377,196.753998726606,0,30.283895239234,0,0
0,0,0,0,0,0,0,0,0,0,0,0,0,0,0,2.97931236028671,0,4282.48382014036,0,0,0,362.386513769627,0,244.3052546978,0,0,0,30.253885269165,0,0,0,0,0,0,0,0,0,0,0,0,0,0,0,0,0,0,0,0,0,0,0,0,0,0,0,0,0,0,0,0,0,0,0,0,1.87997937202454,0,8.08375871181488,0,55.0799570083618,0,0,0,0,0,0,0,0,0,0,0,0,0,224.875925600529,16.8484096229076,0,0,0
0,0,0,0,0,0,0,0,60.9064348936081,0,0,0,0,0,0,0,0,0,0,0,0,0,8.310546875,0,251.805992633104,0,0,0,0,0,0,0,0,0,0,0,0,0,0,0,0,0,0,0,0,0,0,0,0,0,0,0,0,0,391.100442767143,0,0,0,0,0,0,0,0,0,0,0,0,18.4111551344395,0,1132.29815006256,0,0,0,0,0,0,0,0,0,0,0,0,7.5975182056427,0,1.20782113075256,0,0
0,0,0,0,0,0,0,0,0,0,0,6.05378949642181,0,47.2725132703781,0,1,0,166.63626524806,0,0,0,891.166322529316,0,0,0,30.253885269165,0,0,0,595.112332552671,0,0,0,0,0,0,0,212.673683166504,0,0,0,0,0,0,0,0,0,0,0,0,0,0,0,0,0,0,0,10.9241258502007,0,796.480349093676,0,37.1838088035583,0,0,340.602816462517,0,0,0,138.63560295105,0,4431.22113165259,0,6.07423603534698,0,0,0,0,0,0,0,6.6897446513176,0,973.760784268379,906.444894552231,0,0,0
0,0,0,0,0,0,0,0,0,0,6.74340760707855,0,0,0,0,0,0,0,0,0,0,0,269.354376912117,0,0,0,0,0,0,0,649.593568623066,0,0,0,0,0,0,0,255.195135772228,0,0,0,0,0,0,0,0,0,0,0,0,0,0,0,0,0,29.4124479293823,0,0,0,0,0,0,0,0,248.829704761505,0,0,0,0,0,766.02737224102,0,563.521612644196,0,0,0,0,0,0,0,78.0110986828804,25.8479762077332,1,0,0,0
0,0,0,0,0,0,0,0,0,0,0,0,0,44.9859466552734,0,0,0,0,0,0,0,0,0,0,0,0,0,595.112332552671,0,0,0,0,0,0,0,0,0,303.663644641638,0,0,0,0,0,0,0,0,0,0,0,0,0,0,0,0,0,0,0,0,0,264.246466338634,0,0,0,0,0,0,0,0,0,0,2208.01538997889,0,693.756771951914,0,0,0,0,0,0,0,56.55209004879,0,70.7418483793736,131.48750191927,0,0,0
0,0,0,0,0,0,0,0,0,0,0,0,0,0,0,0,0,0,0,0,0,0,0,0,0,0,0,0,649.593568623066,0,0,0,0,0,0,0,0,0,202.988245040178,0,0,0,0,0,0,0,0,0,0,0,0,0,0,0,0,0,3.82241496443748,0,0,0,0,0,0,0,0,0,0,0,0,0,0,264.768282055855,0,89.0715878605843,0,0,0,0,0,0,0,61.1898124217987,66.871649235487,0,0,0,0
0,0,0,0,0,0,0,0,0,0,0,0,0,0,0,0,0,0,0,0,0,0,0,0,0,0,0,0,0,0,0,0,2854.72926911712,0,24.3483963906765,493.815190523863,6.79033088684082,0,0,0,0,0,0,0,0,0,0,1699.15670578182,11.6298030614853,0,0,0,0,0,0,0,0,0,0,0,0,0,0,0,0,0,0,0,0,0,0,0,0,0,498.080591231585,2673.87016883492,0,24.5060292780399,635.85158225894,42.3847727924585,0,0,91.5321239233017,0,0.370371133089066,0,0
0,0,0,0,0,0,0,0,0,0,0,0,0,0,0,0,0,0,0,0,0,0,0,0,0,0,0,0,0,0,0,2854.72926911712,0,14.0731789767742,85.2836606800556,104.909179210663,621.806885629892,0,0,0,0,0,0,0,0,0,0,3871.09835720062,41.3344106376171,19.4659031927586,0,0,0,0,0,0,0,0,0,0,0,0,0,0,0,0,0,0,0,0,0,0,0,0,2342.46869842708,975.363705679774,17.2590871751308,26.1779609024525,15.9555475413799,1154.21592606604,0,0,262.751202106476,0,0,0,0
0,0,0,0,0,0,0,0,0,0.20058773458004,0,0,0,0,0,0,0,0,0,0,0,0,0,0,0,0,0,0,0,0,0,0,14.0731789767742,0,2331.596326828,803.485472530127,0,299.43083807826,81.5999528765678,0,0,0,0,0,0,0,0,914.955458819866,1.76453991234303,0.887304782867432,0,0,0,0,0,0.331979721784592,0,0,0,0,0,0,0,0,0,0,0.303208500146866,0,0,0,0,0,0,0,43.1099361181259,0.726427495479584,1136.24619354308,1875.49808441103,165.098146617413,0,262.31411318481,109.224781274796,170.529646590352,11.9909591674805,0,0,0
0,0,0,0,0,0,0,0,0,0,0,0,0,0,0,0,0,0,0,0,0,0,0,0,0,0,0,0,0,0,0,24.3483963906765,85.2836606800556,2331.596326828,0,0,730.036936342716,294.879212111235,265.679412290454,0,0,0,0,0,0,0,0,2213.15461312234,5.25572761893272,63.8747803270817,0,0,0,0,0,0,0,0,0,0,0,0,0,0,0,0,0,0,0,0,0,0,0,0,29.9105689823627,26.9993857443333,1760.3931003511,1000.40138112754,0,733.71084189415,303.823343515396,30.6832002401352,678.970947623253,5.2633313536644,4.99002003669739,0,0
0,0,0,19.9236105382442,0,17.4966617822647,0,0,0,0,0,298.824404776096,0,0,0,0,0,0,0,2072.21253813803,0,0,0,0,0,0,0,0,0,0,0,493.815190523863,104.909179210663,803.485472530127,0,0,5905.64081671834,5134.90946529806,166.964769423008,12.6873924583197,0,5.69111084938049,0,0,0,14.3599829822779,0,0,0.197958737611771,3.94683183729649,0,0,0,0,0,0,0,159.988579392433,0,0,0,0,834.95735900104,0,0,0,0,0,0,0,0,0,0,0,931.693081319332,28.1217123419046,2655.48044511676,0,18142.4570905566,3312.12732717395,905.790538057685,0,3936.49635988474,436.38903196156,193.132800616324,0,0
0,0,19.0866627842188,0,10.741273522377,0,0,0,0,0,246.648464798927,0,0,0,0,0,0,0,0.157154470682144,0,1901.78518696129,0,0,0,0,0,0,0,0,0,0,6.79033088684082,621.806885629892,0,730.036936342716,5905.64081671834,0,135.483862102032,5648.75093413144,0,30.1710874810815,0.181107819080353,20.1793495863676,0,0,1.07056780159473,6.02640560269356,7.63125665485859,32.0194598138332,1.01566743850708,8.89468790590763,0,0,0,0,0,291.674112260342,0,0,0,0,0,0,1140.96376360208,0,0,0,0,0,0,0,0,0,1.30843977630138,29.8485227674246,413.119472801685,0,283.407923102379,1728.59039077163,19497.2843872979,0,473.521771967411,3307.74834600091,510.663076281548,389.504636406898,0,0.721553325653076
0,0,0,0,0,0,0,0,0,161.271567881107,0,3093.25076174736,0,0,0,0,0,0,0,479.961633145809,0,3369.52546688914,0,876.725542262197,0,0,0,212.673683166504,0,303.663644641638,0,0,0,299.43083807826,294.879212111235,5134.90946529806,135.483862102032,0,539.567761421204,0,0,0,0,0,0,0,0,1.18209940195084,0,419.366421356797,0,0,0,0,0,134.28296919167,0,1943.87410768867,0,0,0,0,700.287039995193,0,1351.37331300974,0,543.599061697721,0,0,0,48.934577703476,0,516.987131595612,0,0,0,443.043673753738,105.703713774681,3616.63685502112,0,15600.3766592145,191.03596663475,2189.69022908807,672.082759350538,95.7792294919491,0,0
0,0,0,0,0,0,0,0,116.168157503009,0,3655.37525868416,0,0,0,0,0,0,0,0,0,1002.02968892455,118.985962867737,1707.2657083571,0,1393.59314855933,0,0,0,255.195135772228,0,202.988245040178,0,0,81.5999528765678,265.679412290454,166.964769423008,5648.75093413144,539.567761421204,0,0,0,0,1.11684864759445,0,0,0,0,60.8746846616268,298.023142844439,0,0,0,0,0,336.796335637569,0,1683.08755260706,0,0,0,0,0,0,331.46312046051,27.8846344947815,1213.57446606457,0,1066.54818171263,0,0,0,174.612597107887,0,140.87245875597,0,0,0,167.869176603854,50.0507210493088,2027.65776123106,610.216829419136,14151.8162489831,2326.60337667167,230.12287569046,71.8224856704473,0,0
0,1.08658248186111,0,49.7384894415736,0,0,0,0,0,0.965448260307312,0,0,0,0,0,0,60.5200280472636,102.599479906261,1028.91497136652,0,0,0,0,0,0,0,0,0,0,0,0,0,0,0,0,12.6873924583197,0,0,0,0,7.37463952600956,2480.90679522604,7.90365906059742,0,0,659.881449170411,22.9486248418689,13.8785378336906,0.476625770330429,444.23676866293,0,0,0,0,0,0,0.660899750888348,10.6386959701777,0,0,0,0,274.281046263874,1.79113544523716,0,0,0,0,0,0,0,0,0.093769945204258,2.74288380146027,0,0,0,0,477.595575407147,17.1874720975757,0,0.148203939199448,495.229098848999,11.7705206573009,3372.66528844088,14.4312538430095,1.54343142360449
0,1.4092755317688,36.0142726451159,0.771279439330101,0,0,0,0,0,0,0,0,0,0,0,0,143.875273622572,41.4196321368217,774.075647242367,0,2.00390887260437,0,0,0,0,0,0,0,0,0,0,0,0,0,0,0,30.1710874810815,0,0,7.37463952600956,0,10.8596372455359,1122.90894689411,0,69.1274313181639,15.1758418977261,793.92308536917,27.7920205593109,398.171977028251,0,33.9206346720457,0,0,0,0,0,8.34026423841715,0.642379149794579,1.52387446165085,0,0,0,0,343.959354832768,0,0,0,0,0,0,0,0,0,45.8465072214603,0,0,0,0,13.0126878991723,892.837366379797,0,26.9619461223483,337.241946093738,2.91019792854786,1948.88898983225,0,114.408078193665
0.845997795462608,219.092707812786,0,494.875157237053,0,11.2913362383842,0,0,0,19.7153034061193,0,0,0,0,0,0.265905499458313,26.935097053647,92.6562129706144,905.557585760951,0,0,0,0,0,0,0,0,0,0,0,0,0,0,0,0,5.69111084938049,0.181107819080353,0,0,2480.90679522604,10.8596372455359,0,193.783497594297,0,0.310512498021126,161.700144387782,18.7666702345014,33.2140340209007,4.85708777606487,873.65186817944,0.481339007616043,3.03001976013184,0,0,0,44.1095055639744,0.657445043325424,81.9586259201169,0,0,0,0,54.7906780391932,3.03989524394274,0,0,0,0,0,0,0,0,7.1113219410181,0.84454669803381,0,0,0,0,1010.38192366064,31.3487418889999,0,1.21587346494198,1719.48724150658,56.11751229316,5625.01410728693,125.934055350721,1.29796041548252
317.930175468326,0,167.25660340488,5.24857437610626,31.5912322998047,0.144784823060036,0,0,58.2378627955914,0,0,0,0,0,0,0,124.768822059035,35.7323419004679,775.14729475975,0,2.5284628868103,0,0,0,0,0,0,0,0,0,0,0,0,0,0,0,20.1793495863676,0,1.11684864759445,7.90365906059742,1122.90894689411,193.783497594297,0,0,47.4870008826256,14.3595465570688,305.468583114445,269.219869464636,862.468352243304,0.924218989908695,27.7254446297884,0,0,0,2.47894461452961,0,399.922095611691,1.41680131852627,2.38254897296429,0,0.899204850196838,0,0,410.353202261031,0,0,0.567160248756409,0.400746405124664,0,0,0,0,0,168.445670351386,0,0,0,0,15.9883863702416,1531.11647006124,0,190.337135739625,1804.86375641078,19.8604201152921,6218.19852527976,0.434097044169903,535.836451947689
0,0,0,0,0,0,0,0,0,0,0,0,0,0,0,0,0,0,0,0,0,0,0,0,0,0,0,0,0,0,0,0,0,0,0,0,0,0,0,0,0,0,0,0,0,0,0,0,0,0,0,0,0,0,0,0,0,0,0,0,0,0,0,0,0,0,0,0,0,0,0,0,0,0,0,0,0,0,0,0,0,0,0,0,0,0,0
0,0,0,0,0,0,0,0,0,0,0,0,0,0,0,0,0,0.513725876808167,6.11296924948692,0,0,0,0,0,0,0,0,0,0,0,0,0,0,0,0,0,0,0,0,0,69.1274313181639,0.310512498021126,47.4870008826256,0,0,0,4.4314820766449,0,0.474355354905128,0,0,0,0,0,0,0,0,0,0,0,0,0,0,46.9477893412113,0,0,0,0,0,0,0,0,0,0,0,0,0,0,0,85.4637725353241,0,0.644236743450165,2.67083318531513,0,6.19075581431389,0,0
0,6.01896920800209,0,42.7310919761658,0,0.142726957798004,0,0,0,0,0,0,0,0,0,0,31.8155278563499,35.2556303143501,556.215894795954,0,0,0,0,0,0,0,0,0,0,0,0,0,0,0,0,14.3599829822779,1.07056780159473,0,0,659.881449170411,15.1758418977261,161.700144387782,14.3595465570688,0,0,0,16.1933145076036,4.46734482049942,2.17544683814049,44.2732481956482,0.936624944210052,0,0,0,0,0.532289028167725,0.543620534241199,25.1986970230937,0,0,0,0,1160.25139791518,5.69522837549448,0,0,0,0,0,0,0,0,0,0.0724433586001396,0,0,0,0,764.25023265183,28.5743432417512,0,0.829873904585838,250.799610808492,8.04061804711819,1519.50436809659,0,2.4541272521019
0,0,16.5868348255754,4.02391934394836,0,0,0,0,1.53168845176697,0,0,0,0,0,0,0,155.223842486739,70.6278478577733,1038.70607138425,0,0,0,0,0,0,0,0,0,0,0,0,0,0,0,0,0,6.02640560269356,0,0,22.9486248418689,793.92308536917,18.7666702345014,305.468583114445,0,4.4314820766449,16.1933145076036,0,0.76909989118576,11.6492609828711,0.391549915075302,3.34179581701756,0,0,0,0,0,6.21366666257381,1.19526715576649,0.795949101448059,0,0,0,0.153060644865036,1206.64014912397,0,0,0,0,0,0,0,0,0,10.7538704797626,0,0,0,0,44.0480511859059,2196.29675793648,0,175.897688858211,469.531960129738,2.41738134622574,1287.94071304798,0.371812015771866,6.40851616114378
0.679262340068817,0,0.360503956675529,4.86298030614853,0,0,0,0,0,0,0,0,0,0,0,0,0,0,0,0,2.07364964485168,0,0.177243277430534,0,0,0,0,0,0,0,0,1699.15670578182,3871.09835720062,914.955458819866,2213.15461312234,0,7.63125665485859,1.18209940195084,60.8746846616268,13.8785378336906,27.7920205593109,33.2140340209007,269.219869464636,0,0,4.46734482049942,0.76909989118576,0,2199.18581809103,1892.01714372635,0,0,0,0,0,0,0,0.177642241120338,0,0,0,0,0.636660888791084,0.162446036934853,0,0,3.56083422899246,0,0,0,0,0,0,0,1283.3708088994,4053.3267916441,331.159570112824,508.527577146888,470.897712379694,401.74021242559,0.390182971954346,13.6375914514065,2818.03632821143,23.2691745609045,474.098938159645,0,0
601.834286421537,0,143.712298735976,6.86281770467758,6.01554775238037,0.114957123994827,0,0,82.5025498569012,0,0,0,0,0,0,0,1.70359332859516,0,20.4735024124384,0,4.77418372035027,0,163.624884545803,0,12.87201577425,0,0,0,0,0,0,11.6298030614853,41.3344106376171,1.76453991234303,5.25572761893272,0.197958737611771,32.0194598138332,0,298.023142844439,0.476625770330429,398.171977028251,4.85708777606487,862.468352243304,0,0.474355354905128,2.17544683814049,11.6492609828711,2199.18581809103,0,459.691692665219,2.10605663061142,0,0,0,76.8772044926882,0,1.55912861227989,0,0,0,74.8533680438995,0,1.12730407714844,14.256368547678,0,57.804583221674,0,43.8927135020494,0,5.92909476161003,0,0,0,2.56938832998276,0,28.1775384247303,0.625558793544769,0,3.52798649668694,288.213808976114,0,331.605216875672,1151.19279772043,0.268883898854256,1426.65356318653,0,9.39146077632904
0,185.779040545225,0,157.0660020262,0,0,0,0,0,2.05705533921719,0,0,0,0,0,0,0.160410165786743,0,2.21111712604761,0,0,104.359733194113,0,7.23020419478416,0,0,0,0,0,0,0,0,19.4659031927586,0.887304782867432,63.8747803270817,3.94683183729649,1.01566743850708,419.366421356797,0,444.23676866293,0,873.65186817944,0.924218989908695,0,0,44.2732481956482,0.391549915075302,1892.01714372635,459.691692665219,0,0,0,0,0,0,101.912179067731,0,50.3478739336133,0,44.6049513220787,0,2.19711777567863,4.30887496471405,0,7.15886422991753,0,230.06145966053,0,15.7274403572083,0,0,0,42.0479622930288,0,0,0,0,2.70180279016495,561.739277988672,0.104992263019085,477.985566392541,0,650.718024328351,3.22923016548157,1154.87579077482,0,0
1.29157078266144,0,53.3068963885307,0.276785880327225,1195.87853085995,0,10.4592186808586,0,4.32025325298309,0,0,0,0,0,0,0,0,0,0.342137277126312,0,295.026888340712,0,0,0,0,0,0,0,0,0,0,0,0,0,0,0,8.89468790590763,0,0,0,33.9206346720457,0.481339007616043,27.7254446297884,0,0,0.936624944210052,3.34179581701756,0,2.10605663061142,0,0,0,68.1088168025017,0,2.57407116889954,0,37.344453394413,0,0.375478893518448,0,0,0,0,0.610037043690681,0,0,0,0,0,0,0,0,0,0.62749382853508,0,0,0,0,0,8.15013268589973,0,0,199.256179943681,0,327.08689545095,0,0.576127171516418
0,0,0,168.314850509167,0,372.006489425898,0,16.959052324295,0,0,0,0,0,4.63685822486877,0,0,0,0,0,77.9129749238491,0,0,0,0,0,0,0,0,0,0,0,0,0,0,0,0,0,0,0,0,0,3.03001976013184,0,0,0,0,0,0,0,0,0,0,0,2.56461119651794,0,1.17493483424187,0,30.211440384388,0,1.68590518832207,0,0,19.6493119001389,0,0,0,0,0,0,0,0,0,0,0,0,0,0,0,0.145308494567871,0,0,0,1503.95295402408,0,22.3747261762619,0,0
0,0,0,0,0,0,0,0,0,0,0,0,0,0,0,0,0,0,0,0,0,0,0,0,0,0,0,0,0,0,0,0,0,0,0,0,0,0,0,0,0,0,0,0,0,0,0,0,0,0,68.1088168025017,0,0,0,0,0,74.3189866542816,0,0,0,0,0,0,0,0,0,0,0,0,0,0,0,0,0,0,0,0,0,0,0,0,0,162.445534706116,35.6311242580414,0,0,0
0,0,0,0,0,9.81916475296021,0,31.7726727724075,0,0,0,0,0,2.00518774986267,0,0,0,0,0,0,0,0,0,0,0,0,0,0,0,0,0,0,0,0,0,0,0,0,0,0,0,0,0,0,0,0,0,0,0,0,0,2.56461119651794,0,0,0,0,0,2.06553912162781,0,7.19585239887238,0,0,16.3544872105122,0,0,0,0,0,0,0,0,0,0,0,0,0,0,0,0,0,0,0,739.703272670507,47.4443328976631,1.55586892366409,0,0
293.181174889207,0,124.938720166683,0,0,0,0,0,837.830245301127,0,0,0,0,0,395.328658759594,0,0,0,0,0,0,0,0,0,4.18810299038887,0,391.100442767143,0,0,0,0,0,0,0,0,0,0,0,336.796335637569,0,0,0,2.47894461452961,0,0,0,0,0,76.8772044926882,0,2.57407116889954,0,0,0,0,0,0,0,0,0,506.119155094028,0,0,0,0,0,0,65.9206972569227,0,16.3938529342413,0,0,0,0,0,0,0,0,0,0,0,293.127605974674,270.458507090807,0,37.3539270758629,0,2.18710064888
0,488.810218289495,0,249.349843502045,0,0,0,0,0,600.988959982991,0,0,0,0,0,1440.73265740275,0,0,0,0,0,0,0,70.2549566924572,0,0,0,0,0,0,0,0,0,0.331979721784592,0,0,0,134.28296919167,0,0,0,44.1095055639744,0,0,0,0.532289028167725,0,0,0,101.912179067731,0,1.17493483424187,0,0,0,0,0,0.237848073244095,0,0,0,868.808190196753,0,0,0,0,245.705748528242,0,0,0,0,0,0,0,0,0,5.78392311930656,0,0,0,447.836644232273,0,39.8584216684103,0,170.536522448063,0,0
3.7950768917799,0,20.4748071879148,0,2.64526396989822,0,0,0,2.15822869539261,0,769.971475481987,0,765.301791250706,0,0,0,15.245280854404,3.38896144926548,41.7361717969179,0,222.088038504124,0,0,0,0,0,0,0,29.4124479293823,0,3.82241496443748,0,0,0,0,0,291.674112260342,0,1683.08755260706,0.660899750888348,8.34026423841715,0.657445043325424,399.922095611691,0,0,0.543620534241199,6.21366666257381,0,1.55912861227989,0,37.344453394413,0,74.3189866542816,0,0,0,0,0,390.628137886524,0,0,0,0,185.377250209451,0,0,0,0,0,0,0,0,0,69.9100234657526,0,0,0,0,1.59576016664505,13.4105947315693,0,393.494403548539,988.526176989079,79.4309051930904,2324.43536497653,0,30.3288049995899
0,5.55095061659813,0,66.2791948840022,0,3.4763772636652,0,0,0,0,0,2039.1680291146,0,566.484232336283,0,0,1.86287574470043,1.34611315280199,52.1132499873638,386.484706372023,0,0,0,0,0,0,0,10.9241258502007,0,0,0,0,0,0,0,159.988579392433,0,1943.87410768867,0,10.6386959701777,0.642379149794579,81.9586259201169,1.41680131852627,0,0,25.1986970230937,1.19526715576649,0.177642241120338,0,50.3478739336133,0,30.211440384388,0,2.06553912162781,0,0.237848073244095,0,0,0,366.713604390621,0,7.39295807480812,962.296706192195,0,0,0,0,0,0,0,15.896193921566,0,0.68856805562973,0,0,0,0,0,11.5198778361082,0.45302502065897,43.2668679952621,0,1416.81310090423,532.058376125991,890.735953383148,14.1547594666481,0.502727627754211
0,0,39.6778137087822,0,0,0,0,0,0,0,1411.79486343265,0,132.38089966774,0,1,0,0,0,0,0,0,0,0,0,0,0,0,0,0,0,0,0,0,0,0,0,0,0,0,0,1.52387446165085,0,2.38254897296429,0,0,0,0.795949101448059,0,0,0,0.375478893518448,0,0,0,0,0,390.628137886524,0,0,0,0,0,0,0,0,0,0,0,0,0,0,0,0,0,0,0,0,0,0,0,0,0,596.060708642006,25.0448777675629,56.4397988021374,0,0
0,0,0,38.2620516419411,0,1.75550127029419,0,129.034833967686,0,0,0,3411.38318157196,0,1616.0413146019,0,0,0,0,0,0,0,0,0,0,0,0,0,796.480349093676,0,264.246466338634,0,0,0,0,0,0,0,0,0,0,0,0,0,0,0,0,0,0,0,44.6049513220787,0,1.68590518832207,0,7.19585239887238,0,0,0,366.713604390621,0,0,0,0,0,0,0,0,0,0,0,0,9.3568354845047,0,0,0,0,0,0,0,0,0,0,0,3122.86293327808,3369.05949604511,2.36774218082428,0,0
215.185870945454,0,0,0,0,0,0,0,186.769607961178,0,0,0,105.157413244247,0,232.654858857393,0,0,0,0,0,0,0,0,0,14.7541010826826,0,0,0,0,0,0,0,0,0,0,0,0,0,0,0,0,0,0.899204850196838,0,0,0,0,0,74.8533680438995,0,0,0,0,0,506.119155094028,0,0,0,0,0,0,0,0,0,0,0,0,44.1326231211424,0,0,0,0,0,0,0,0,0,0,0,0,0,0,152.330487072468,0,39.4363272339106,0,0
0,21.3303228765726,0,45.1089678406715,0,0,0,0,0,369.212887227535,0,0,0,80.387580871582,0,348.301486521959,0,82.2208878993988,0,0,0,0,0,0,0,0,0,37.1838088035583,0,0,0,0,0,0,0,0,0,0,0,0,0,0,0,0,0,0,0,0,0,2.19711777567863,0,0,0,0,0,868.808190196753,0,7.39295807480812,0,0,0,0,0,0,0,0,0,0,0,0,0,0,0,0,0,0,0,0,0,0,0,0,567.420999288559,230.669233560562,1.36942759156227,0,0
0,0,0,1.71160895377398,0,26.3772898465395,0,6.04292583465576,0,0,0,781.255156368017,0,0,0,0,0.976916290819645,1.24052335321903,11.5032156482339,2031.30707505345,0,0,0,0,0,0,0,0,0,0,0,0,0,0,0,834.95735900104,0,700.287039995193,0,274.281046263874,0,54.7906780391932,0,0,0,1160.25139791518,0.153060644865036,0.636660888791084,1.12730407714844,4.30887496471405,0,19.6493119001389,0,16.3544872105122,0,0,0,962.296706192195,0,0,0,0,0,0.421537578105927,0,0,0,0,0,0,0,0,0,0,0,0,0,0,697.112444452941,0,0,0,408.388269893825,0.144971504807472,773.410517163575,0,0
0.173358649015427,0,2.6777917444706,2.27400374412537,0.351226776838303,0,0,0,0,0,1122.62215620279,0,0,0,0,0,31.1621122583747,10.9295109212399,175.599156171083,0,1049.96174889803,0,0,0,0,0,0,0,0,0,0,0,0,0,0,0,1140.96376360208,0,331.46312046051,1.79113544523716,343.959354832768,3.03989524394274,410.353202261031,0,46.9477893412113,5.69522837549448,1206.64014912397,0.162446036934853,14.256368547678,0,0.610037043690681,0,0,0,0,0,185.377250209451,0,0,0,0,0,0.421537578105927,0,0,0,0,0,0,0,0,0,0,10.3741333633661,0,0,0,0,6.12370920181274,3454.47191599011,0,116.848286353052,1891.14623709768,0.61255832016468,921.811237052083,0,0.828432485461235
0,0,0,0,0,0,0,0,0,0,0,0,0,0,0,0,0,0,0,0,0,6780.26944997907,1159.19021499157,0,0,1.87997937202454,0,340.602816462517,0,0,0,0,0,0,0,0,0,1351.37331300974,27.8846344947815,0,0,0,0,0,0,0,0,0,0,7.15886422991753,0,0,0,0,0,0,0,0,0,0,0,0,0,0,0,4.02062892913818,4.69474744796753,0,7.20096945762634,0,118.138843595982,0,0,0,0,0,0,0,0,0,366.854559451342,53.8564586043358,1894.78234350681,33.9429585933685,0,0,0
0,0,0,0,0,0,0,0,0,0,0,0,0,0,0,0,6.74186897277832,0,0,0,0,588.655734062195,6985.16123861074,0,206.733725845814,0,0,0,248.829704761505,0,0,0,0,0,0,0,0,0,1213.57446606457,0,0,0,0,0,0,0,0,0,57.804583221674,0,0,0,0,0,0,0,0,0,0,0,0,0,0,0,4.02062892913818,0,0,8.05076235532761,0,0,0,0,0,0,0,0,0,0,0,0,0,230.886617183685,812.376342236996,40.6882117986679,7.24298214912415,0,0
0,0,0,0,0,0,0,0,0,14.0054462254047,0,0,0,0,0,0,0,11.9295967817307,0,0,0,93.9217552244663,0,53.1457569599152,0,8.08375871181488,0,0,0,0,0,0,0,0.303208500146866,0,0,0,543.599061697721,0,0,0,0,0.567160248756409,0,0,0,0,3.56083422899246,0,230.06145966053,0,0,0,0,0,245.705748528242,0,0,0,0,0,0,0,0,4.69474744796753,0,0,0,401.794839709997,0,0.685945153236389,0,0,0,0,0,5.73113258183002,0,0,0,588.496602237225,0,404.649847984314,0,208.011204004288,0,0
0,0,0,0,0,0,0,0,3.86444446444511,0,0,0,0,0,0,0,0,0,0,0,0,0,309.87953004241,0,232.148455217481,0,18.4111551344395,0,0,0,0,0,0,0,0,0,0,0,1066.54818171263,0,0,0,0.400746405124664,0,0,0,0,0,43.8927135020494,0,0,0,0,0,65.9206972569227,0,0,0,0,0,44.1326231211424,0,0,0,0,8.05076235532761,0,0,0,286.235797286034,0,0,0,0,0,0,0,0,0,0,0,489.08131223917,397.44175606966,0,141.416488930583,0,0
0,0,0,0,0,0,0,0,0,8.57148599624634,0,0,0,0,0,0,0,8.25251579284668,0,0,0,81.320522248745,0,631.394481420517,0,55.0799570083618,0,138.63560295105,0,0,0,0,0,0,0,0,0,0,0,0,0,0,0,0,0,0,0,0,0,15.7274403572083,0,0,0,0,0,0,0,0,0,0,0,0,0,0,7.20096945762634,0,401.794839709997,0,0,0,22.0980513691902,0,0,0,0,0,0,0,0,0,0,0,229.188046336174,0,0,0,0
1.8015204668045,0,0,0,0,0,0,0,0.215976685285568,0,0,0,0,0,0,0,0,0,0,0,0,0,5.47450065612793,0,735.803813159466,0,1132.29815006256,0,0,0,0,0,0,0,0,0,0,0,0,0,0,0,0,0,0,0,0,0,5.92909476161003,0,0,0,0,0,16.3938529342413,0,0,0,0,0,0,0,0,0,0,0,0,286.235797286034,0,0,0,0,0,0,0,0,0,0,0,0,0,0,12.4872440099716,0,119.555030331016,0,0
0,0,0,0,0,0,0,0,0,0,0,107.496383965015,0,13.151530444622,0,0,0,0,0,0,0,1349.79208445549,0,0,0,0,0,4431.22113165259,0,2208.01538997889,0,0,0,0,0,0,0,48.934577703476,0,0,0,0,0,0,0,0,0,0,0,0,0,0,0,0,0,0,0,15.896193921566,0,9.3568354845047,0,0,0,0,118.138843595982,0,0.685945153236389,0,22.0980513691902,0,0,0,295.996203988791,0,0,0,0,0,0,0,4.88523936271667,0,920.980289041996,321.848401129246,0,0,0
0,0,0,0,0,0,0,0,0,0,0,0,0,0,0,0,0,0,0,0,0,0,402.085269331932,0,0,0,0,0,766.02737224102,0,264.768282055855,0,0,0,0,0,0,0,174.612597107887,0,0,0,0,0,0,0,0,0,0,0,0,0,0,0,0,0,0,0,0,0,0,0,0,0,0,0,0,0,0,0,0,0,0,40.8880925178528,0,0,0,0,0,0,0,81.2712115049362,533.727819621563,0,1,0,0
0,0.208770915865898,0,1.52167405188084,0,0,0,0,0,0,0,32.8600185513496,0,0,0,0,0,0.127153396606445,2.6482642441988,0,0,0,0,0,0,0,0,6.07423603534698,0,693.756771951914,0,0,0,0,0,0,0,516.987131595612,0,0.093769945204258,0,7.1113219410181,0,0,0,0,0,0,0,42.0479622930288,0,0,0,0,0,0,0,0.68856805562973,0,0,0,0,0,0,0,0,0,0,0,0,295.996203988791,0,0,0,0,0,0,0,0,0,11.9476633071899,0,394.604713648558,131.498254418373,6.31605629622936,3.00268247723579,0
0.751915767788887,0,3.24018588662148,0.882704734802246,3.67615610361099,0,0,0,0.269094944000244,0,0,0,0,0,0,0,24.1899851709604,3.61444362252951,81.900686301291,0,0,0,0,0,0,0,0,0,563.521612644196,0,89.0715878605843,0,0,0,0,0,1.30843977630138,0,140.87245875597,2.74288380146027,45.8465072214603,0.84454669803381,168.445670351386,0,0,0.0724433586001396,10.7538704797626,0,2.56938832998276,0,0.62749382853508,0,0,0,0,0,69.9100234657526,0,0,0,0,0,0,10.3741333633661,0,0,0,0,0,0,0,40.8880925178528,0,0,0,0,0,0,1.05882772803307,7.29732067883015,0,22.4333439171314,630.177298672497,0.244720742106438,243.237702392042,0,24.05463989079
0,0,0,0,0,0,0,0,0,0,0,0,0,0,0,0,0,0,0,0,0,0,0,0,0,0,0,0,0,0,0,498.080591231585,2342.46869842708,43.1099361181259,29.9105689823627,931.693081319332,29.8485227674246,0,0,0,0,0,0,0,0,0,0,1283.3708088994,0,0,0,0,0,0,0,0,0,0,0,0,0,0,0,0,0,0,0,0,0,0,0,0,0,0,0,854.506493613124,902.65866316855,29.7265378832817,614.081100448966,37.5468730181456,0,0,301.585205674171,0,0,0,0
0,0,0,0,0,0,0,0,0,0,0,0,0,0,0,0,0,0,0,0,0,0,0,0,0,0,0,0,0,0,0,2673.87016883492,975.363705679774,0.726427495479584,26.9993857443333,28.1217123419046,413.119472801685,0,0,0,0,0,0,0,0,0,0,4053.3267916441,28.1775384247303,0,0,0,0,0,0,0,0,0,0,0,0,0,0,0,0,0,0,0,0,0,0,0,0,0,854.506493613124,0,1.22752782702446,791.814364761114,4.25790995359421,1020.84311756492,0,0,164.156417369843,0,0,0,0
0,0,0,0,0,0,0,0,0,1.72650651633739,0,0,0,0,0,0,0,0,0,0,0,0,0,2.61671712994576,0,0,0,0,0,0,0,0,17.2590871751308,1136.24619354308,1760.3931003511,2655.48044511676,0,443.043673753738,0,0,0,0,0,0,0,0,0,331.159570112824,0.625558793544769,0,0,0,0,0,0,5.78392311930656,0,0,0,0,0,0,0,0,0,0,5.73113258183002,0,0,0,0,0,0,0,902.65866316855,1.22752782702446,0,2455.11792629957,893.468470543623,0,498.608476221561,0,773.420472085476,0,0,0,0
0,0,0,0,0,0,0,0,0,0,0,0,0,0,0,0,0,0,0,0,0,0,0,0,0,0,0,0,0,0,0,24.5060292780399,26.1779609024525,1875.49808441103,1000.40138112754,0,283.407923102379,105.703713774681,167.869176603854,0,0,0,0,0,0,0,0,508.527577146888,0,2.70180279016495,0,0,0,0,0,0,0,0,0,0,0,0,0,0,0,0,0,0,0,0,0,0,0,0,29.7265378832817,791.814364761114,2455.11792629957,0,0,630.609098672867,6.85500633716583,86.5856037139893,1146.81893286109,108.458917364478,0,0,0
0,26.0001432746649,0.137422487139702,48.6523100137711,0,2.04836440086365,0,0,0,0,0,172.75381064415,0,0,0,0,74.7045870348811,97.2685613557696,1666.78776284307,353.64237575233,0,0,0,0,0,0,0,0,0,0,0,635.85158225894,15.9555475413799,165.098146617413,0,18142.4570905566,1728.59039077163,3616.63685502112,50.0507210493088,477.595575407147,13.0126878991723,1010.38192366064,15.9883863702416,0,0,764.25023265183,44.0480511859059,470.897712379694,3.52798649668694,561.739277988672,0,0.145308494567871,0,0,0,0,1.59576016664505,11.5198778361082,0,0,0,0,697.112444452941,6.12370920181274,0,0,0,0,0,0,0,0,0,1.05882772803307,614.081100448966,4.25790995359421,893.468470543623,0,0,651.911937646568,990.613903239369,5.31093759834766,10718.6999920309,367.964566349983,1070.91493428499,2.99557593464851,1.92652398347855
0.222885414958,0.107749976217747,15.0392076522112,0.55080571770668,7.40844628214836,0,0,0,0,0,16.9277510046959,0,0,0,0,0,373.936038665473,88.1191752329469,1747.86841204017,0,3018.88109409809,0,0,0,0,0,0,0,0,0,0,42.3847727924585,1154.21592606604,0,733.71084189415,3312.12732717395,19497.2843872979,0,2027.65776123106,17.1874720975757,892.837366379797,31.3487418889999,1531.11647006124,0,85.4637725353241,28.5743432417512,2196.29675793648,401.74021242559,288.213808976114,0.104992263019085,8.15013268589973,0,0,0,0,0,13.4105947315693,0.45302502065897,0,0,0,0,0,3454.47191599011,0,0,0,0,0,0,0,0,0,7.29732067883015,37.5468730181456,1020.84311756492,0,630.609098672867,651.911937646568,0,0,831.155696630478,12291.9168070331,581.873818933964,2096.75919700414,0.149482563138008,28.4302056133747
0,0,0,0,0,0,0,0,0,78.957606330514,0,166.102319657803,0,0,0,0,0,0,0,2.52441489696503,0,1608.96817836165,0,622.187861770391,0,0,0,6.6897446513176,0,56.55209004879,0,0,0,262.31411318481,303.823343515396,905.790538057685,0,15600.3766592145,610.216829419136,0,0,0,0,0,0,0,0,0.390182971954346,0,477.985566392541,0,0,0,0,0,447.836644232273,0,43.2668679952621,0,0,0,0,0,0,366.854559451342,0,588.496602237225,0,0,0,4.88523936271667,0,11.9476633071899,0,0,0,498.608476221561,6.85500633716583,990.613903239369,0,0,11.2316799163818,2180.38222262263,761.48305618763,18.6132136285305,0,0
0,0,0.242732495069504,0,0,0,0,0,35.1019752770662,0,3162.58863687515,0,0,0,0,0,44.0082021430135,10.4954549223185,176.272715166211,0,205.429044663906,140.013091742992,923.140446782112,0,242.044441640377,0,0,0,78.0110986828804,0,61.1898124217987,0,0,109.224781274796,30.6832002401352,0,473.521771967411,191.03596663475,14151.8162489831,0.148203939199448,26.9619461223483,1.21587346494198,190.337135739625,0,0.644236743450165,0.829873904585838,175.897688858211,13.6375914514065,331.605216875672,0,0,0,0,0,293.127605974674,0,393.494403548539,0,0,0,0,0,0,116.848286353052,53.8564586043358,230.886617183685,0,489.08131223917,0,0,0,81.2712115049362,0,22.4333439171314,0,0,0,86.5856037139893,5.31093759834766,831.155696630478,11.2316799163818,0,3644.09120521694,312.809355571866,154.905049793422,0,102.603037461638
