0,0,0.0833492226059221,0,0.00441536674818105,0,0,0,0.0354497963507634,0,0,0,0,0,0,0,0,7.08889372733133e-05,1.83010677504456e-05,0,0,0,0,0,9.79561331169226e-05,0,0,0,0,0,0,0,0,0,0,0,0,0,0,0,0,0,0.000792325748216689,0,0,0,0,0,0.0110175944892109,0,0,0,0,0,0.00243009777782059,0,0,0,0,0,0,0,0,0,0,0,0,0.00281407822363364,0,0,0,0,0,0,0,0,0,0,0,0,3.14755109484256e-06,0,0.000561216013078645,0,0.00258141836762628,0,0.0038976284686857
0,0,0,0.0829382584774312,0,0,0,0,0,0.0123299173044456,0,0,0,0,0,0.00017982377903536,0,0,0,0,0,0,0,0,0,0,0,0,0,0,0,0,0,0,0,0,0,0,0,0,0,0.00114052992845691,0,0,0,0,0,0,0,0.00204301368772315,0,0,0,0,0,0.00072579559519171,0,0,0,0,0,0,0,0,0,0,0,0,0,0,0,0,0,0,0,0,0,0,0,0,0,0,0.000973557958444759,0,0.00451701034673125,0.000270267522764287,0
0.0833492226059221,0,0,0,0.0681225887628321,0,0,0,0.0208649558704059,0,0,0,0,0,0,0,0,0,0,0,0,0,0,0,0,0,0,0,0,0,0,0,0,0,0,0,0.000357619031173513,0,0,0,0,0,0.000161601040875269,0,0,0,0.00370543287043864,0,0.00513896468675882,0,0,0,0,0,0.00448463035912731,0,0,0,0,0,0,0,0,0,0,0,0,0,0,0,0,0,0,0,0,0,0,0,0,0,0,0,0.000547088104766716,1.20933756993669e-05,0.0249881967524148,0,0.00126448508402511
0,0.0829382584774312,0,0,0,0.0104695303418516,0,0,0,0.00954685670388199,0,0,0,0,0,0,0,0,1.30467596544397e-05,0,0,0,0,0,0,0,0,0,0,0,0,0,0,0,0,1.68484465727544e-06,0,0,0,0.00102432208408823,4.15891598238517e-05,3.14895411130138e-05,0,0,0,0.0336859276676786,0,0,0,0.00215036514357199,0,0.00144002222668713,0,0,0,0.000889353481481531,0,0,0,0,0,0,0.00358230109235355,0,0,0,0,0,0,0,0,0,4.84465278134663e-05,0,0,0,0,0,3.10324425508712e-05,0,1.09946736485099e-05,0,0.000398185060782045,0,0.0378449662986623,0,0
0.00441536674818105,0,0.0681225887628321,0,0,0,0,0,0.00752205036136128,0,0,0,0,0,0,0,0,0,0,0,0.00428915777635655,0,0,0,0,0,0,0,0,0,0,0,0,0,0,0,0,0,0,0,0,0,0,0,0,0,0.000290708401177571,0,1.89191256269971e-05,0,0.00304670797477818,0,0.00103860504565612,0,0.00396916326178443,0,0,0,0,0,0,0,0,0.00926895186287948,0,0,0,0,0,0,0,0,0,0,0,0,0,0,0,0,0,0,0.00126594008073978,2.75166860094675e-05,0.00328150110997455,0,0
0,0,0,0.0104695303418516,0,0,0,0.0101190677355944,0,0,0,0,0,0,0,0,0,0,0,0,0,0,0,0,0,0,0,0,0,0,0,0,0,0,0,0,0,0,0,0.000690157348156231,0,0,0,0,0,0.0034423941744903,0,0.000135023224429273,0,2.62884617354257e-05,0,0.017866228538245,0,0.000324780761729926,0,0,0,0,0,0,0,0,0.00108230646209533,0,0,0,0,0,0,0,0,0,0,0,0,0,0,0,1.78173321200744e-06,0,8.27114799962069e-06,0,0.000249276219042995,1.08259385011259e-05,0.00127092354870584,0,0
0,0,0,0,0,0,0,0,0,0,0.00046980992524576,0,0,0,0,0,0,0,0,0,0,0,0,0,0,0,0,0,0,0,0,0,0,0,0,0,0,0,0,0,0,0,0,0,0,0,0,0,0,0,0,0,0.00364379912407817,0,0,0,0.000379502910432861,0,0,0,0,0,0,0,0,0,0,0,0,0,0,0,0,0,0,0,0,0,0,0,0,0,0.000937861942909596,2.59755894460964e-05,0,0,0
0,0,0,0,0,0.0101190677355944,0,0,0,0,0,0.000204031553424021,0,0,0,0,0,0,0,0,0,0,0,0,0,0,0,0,0,0,0,0,0,0,0,0,0,0,0,0,0,0,0,0,0,0,0,0,0,0,0,0.00853445630663509,0,0.0318647605488803,0,0,0,0.0023316323423418,0,0,0,0,0,0,0,0,0,0,0,0,0,0,0,0,0,0,0,0,0,0,0,0,0.000163831694787627,1.88197165332944e-05,0,0,0
0.0354497963507634,0,0.0208649558704059,0,0.00752205036136128,0,0,0,0,0.000293473091737567,0,0,0,0,0.0149910021793139,0.00071181186408957,0.00846834345613166,0.00277707211497411,0.00350415582853573,0,0,0,0.000600725028664068,0.000194390678602915,0.0213893020459524,0.000224438414964303,0.00782535584400855,0,0,0,0,0,0,0,0,0,1.84957725607934e-05,0,3.65384982743878e-05,0,0.000388299012902993,5.49558979296861e-05,0.000675312809295246,0.000110724623150708,0,0,7.85513799008881e-05,0,4.69754488467022e-06,0,0,0,0,0,0.0164874389053223,0,0,0,0,0,0.0129284846535301,0,0,0,0,0,0,0.00467184620393644,0.000204891918424616,0.00408486410002184,0,0,0,0,0,0,0,0,7.42012191570344e-06,3.31623069272325e-05,0,8.59548309103034e-05,0.00122131442093718,0,9.5687985516235e-05,0,0
0,0.0123299173044456,0,0.00954685670388199,0,0,0,0,0.000293473091737567,0,0,0,0,0,0,0.00871628646366018,0.00119262234320834,0.00331767857610317,0.00186990940068662,0,0,1.96955291630227e-05,2.29883561340212e-05,0.0134511919790966,0,0.00295227682585348,0.000882332537232203,0,0,0,0,0,0,0,0,0,0,0.0017640066417017,0,0,1.63383450966175e-05,0.000289076920611345,5.32600522680545e-05,0,0,0,0,0,0,0.00140715342825948,0,0,0,0,0,0.022390130247006,0,0,0,0,0,0.00150417623018911,0,0,0,0,0.00842392646939724,6.16005464504914e-05,0.000246821564712812,3.73319321312071e-05,0,0,0,0,0,0,0,0,0,0,0.000606856274756117,0,0.000905118426842704,0,0.00504473849527865,0,0
0,0,0,0,0,0,0.00046980992524576,0,0,0,0,0,0,0,0,0,0,0,0,0,0.0028640334460887,0,0,0,0,0,0,0,0,0,0.00605495377254164,0,0,0,0,0,5.19665278100497e-05,0,0.00184791277788843,0,7.88045083798114e-06,0,0,0,0,0,0.000525954518090034,0,0,0,0,0,0.00102841336820466,0,0,0,0.0390908199486618,0,0,0,0,0,0,0.00273579776431271,0,0,0,0,0,0,0,0.000670970793714263,0,0.00881080423789359,0,0,0,0,0,4.52459386571409e-06,0,0.000341564248310208,0.00272451410859787,0,3.24200986820703e-05,0,0
0,0,0,0,0,0,0,0.000204031553424021,0,0,0,0,0,0.000235830275881779,0,0,0,0,0,0.00575205007114419,0,0,0,0,0,0,0,0,0,0.0134424593326651,0,0,0,0,0,0.000724892648042467,0,0.0058430898875372,0,0,0,0,0,0,0,8.62856225385795e-05,0,0,0,0,0,0,0,0,0,0,0,0.0661645369298957,0,0,0,0,0.00602103759680452,0,0,0,0,0,0,0,0.000441211544774264,0,0.00990647227838252,0,0,0,0,0,1.84721664100135e-05,0,0.0021301881171159,0,0.00094864357432096,0,0,0,0
0,0,0,0,0,0,0,0,0,0,0,0,0,0,0.00125424433420793,0,0,0,0,0,0,0,0,0,0,0,0.0012085667590883,0,0,0,0,0,0,0,0,0,0,0,0,0,0,0,0,0,0,0,0,0,0,0,0,0,0,0,0,0,0,0,0,0,0,0,0,0,0,0,0,0,0,0.000149132349856019,0,0,0,0,0,0,0,0,0,0,0,0,3.42242415940882e-05,0,0,0,0
0,0,0,0,0,0,0,0,0,0,0,0.000235830275881779,0,0,0,0,0,0,0,0,0,0,0,0,0,0,0,0.00207354542595689,0,0,0,0,0,0,0,0,0,0,0,0,0,0,0,0,0,0,0,0,0,0,0,0,0,0,0,0,0,0.000879088567600217,0,0.0126552650697371,0,0.00168357340354139,0,0,0,0,0,0,0.000691804871007608,0,3.35784072753577e-05,0,0,0,0,0,0,0,0,0,0,0,0,0,0,0,0
0,0,0,0,0,0,0,0,0.0149910021793139,0,0,0,0.00125424433420793,0,0,0,0.0038455769711631,0.000131284343681999,0.000345515595780582,0,0,0,0.000188546831132184,0,0.00188009837371745,0,0.0146334463698085,0,0.000443609119635355,0,0,0,0,0,0,0,0,0,0,0,0,8.80913265350366e-05,0,0,0,0,0,0,0,0,0,0,0,0,0.00322608634091405,0,0,0,0.00023002056582694,0,0.0166461513016081,0,0,0,0,6.18017476360989e-06,0,0.00120917857668135,0,0.0118562558743327,0,0,0,0,0,0,0,0,1.13089988655192e-05,0,0,0,0.00104183023872739,0,0,0,0
0,0.00017982377903536,0,0,0,0,0,0,0.00071181186408957,0.00871628646366018,0,0,0,0,0,0,5.14247058911724e-05,0.00667537723647883,0.000476037351982262,0,0,0,0,0.00153580663069712,0,0.0122743837668908,0,0,0,0,0,0,0,0,0,0,0,0,0,0,0,0,0,0,0,0,0,0,0,0.000153162811329821,0,0,0,0,0.00056809061937195,0.000924348914829043,0,0,0,0.000176905756403289,0.000477850404518351,0.00645561350967459,0,0,0,0,0.000257727010311206,0,0.00470799842121718,0,0,0,0,0,0,0,0,0,0,0,0,0,0.000644203630251162,0,0,0,0
0,0,0,0,0,0,0,0,0.00846834345613166,0.00119262234320834,0,0,0,0,0.0038455769711631,5.14247058911724e-05,0,0.0761766952551099,0.0504681790302482,0,0,7.53783934030094e-05,0.00228867808427361,0.00205407226317878,0.00511353441772951,0.000317816468056681,0.0197713415184898,0,0.000398726558993046,0,0,0,0,0,2.19940110662339e-05,5.69639079494909e-05,1.13075345977353e-05,0,0,0.000392887544942492,0.000738227169264766,0.000277586213221939,0.00180505040021851,0.000332091531713491,9.33661153267903e-05,9.11091002621134e-05,0.000122596453674579,2.03238671741445e-05,0.00015443308159617,7.86374381965427e-05,0,0,0,0,0.00214793850610208,5.80364296706313e-06,0,0,0,0,0.00172253153152017,0,5.86943817715612e-05,3.74384089106167e-05,0,0,1.54365975925787e-05,0.00188585768384043,0.000128785791170705,0.00529654944745433,0,0,2.55175072666424e-05,0,0,0,0,0,0.000535885101909336,0.000634950944068879,0.000115303312622791,7.3337312693786e-05,0.0150490302383652,1.35349039955404e-05,0.00104708254070282,2.76868142495624e-05,0.000158899770631002
7.08889372733133e-05,0,0,0,0,0,0,0,0.00277707211497411,0.00331767857610317,0,0,0,0,0.000131284343681999,0.00667537723647883,0.0761766952551099,0,0.0575689167670737,0,0,0.000617333247326819,0.000572401635075943,0.0105457286153138,0.00223057378833803,0.00659583707290642,0.00172733339195778,0,0,0,0,0,0,0,0,3.56316226845035e-05,1.47811550701587e-05,0,0,0.000236080038492564,0.000254409831218853,0.00052142905423064,0.000387198326731613,5.18854550966995e-05,1.72829852727336e-05,0.000121156458706961,8.30087819504856e-05,1.58409159537195e-06,4.78235948092127e-05,4.18597121692665e-05,0,0,0,0,0.000798850160721655,0.000169599692488072,0,0,0,0,0.000153471044570775,0.000301011880351911,1.44483204036281e-05,0,0,0,0.000369096587855408,0.000346769983924428,0.00998742319089729,0.000584063910608322,0,0,0,0,0,0,0,0,0.00017675867526716,0.000356072080717243,0.000109894495702245,4.688462662602e-06,0.0204946305468085,0.000112424092988682,0.000315887587598302,8.49916977533893e-05,3.65609272677267e-05
1.83010677504456e-05,0,0,1.30467596544397e-05,0,0,0,0,0.00350415582853573,0.00186990940068662,0,0,0,0,0.000345515595780582,0.000476037351982262,0.0504681790302482,0.0575689167670737,0,0,4.3208981048185e-06,1.20828839940247e-05,0.000131680444889772,0.00165129401383753,0.00136606887797424,0.000548958532959213,0.00114585059665069,0,0,0,0,0,0,0,0,0.000829816919603456,0.000209595006776807,0,0,0.0108342839328946,0.0116251444385504,0.0153719341575327,0.0196734534722373,0.00519275934976353,0.00285452620797488,0.00274746799438058,0.0023845294043809,0.000342138885567749,0.00140932632269098,0.0012781493294699,0,0,0,0,0.000433687132372887,0.000179855601680426,0,2.7649461544503e-05,0,0,0.000171718714104211,6.88181865338309e-05,0.000992679771129219,0.000136550019057725,0,0,0,0.000189870531929032,0.000557532376741454,0.000347842113089953,0,0,5.19991753930606e-05,0,0,0,0,1.51837830261732e-05,0.00519708474009529,0.0081256294088026,0.00245752726238283,0.000443255429108951,0.00849320320305387,3.19765800916082e-05,0.0161647802355216,0.00279176584340073,0.00223204293801424
0,0,0,0,0,0,0,0,0,0,0,0.00575205007114419,0,0,0,0,0,0,0,0,0,0,0,0,0,0,0,0,0,0,0,0,0,0,0,0.00399761580251513,0,0.00122513847352143,0,9.84488111974498e-05,0,0,0,0,0,0.00131510923813361,0,0,0,0,0,0,0,0,0,0,0,0.00372575590826877,0,0,0,0,0.0496325658351595,0,0,0,0,0,0,0,0.00024472926880286,0,0.00311636463179719,0,0,0,0,0,0.00778311107681808,0,0.00593039994854779,0,0.000467382993415101,0,0.000525582610698835,0,0
0,0,0,0,0.00428915777635655,0,0,0,0,0,0.0028640334460887,0,0,0,0,0,0,0,4.3208981048185e-06,0,0,0,0,0,0,0,0,0,0,0,7.0265133638339e-05,0,0,0,0,0,0.000434456027735258,0,0.00217385214298719,0,0.000745105608552372,0,4.63709086866616e-05,0,0,0,0.0109300433337151,5.67063442440921e-05,0.00032038471202138,0,0,0,0,0,0,0,0.00139410403457927,0,0,0,0,0,0,0.0668499934015252,0,0,0,0,0,0,0,0,0,2.3651153394315e-05,0,0,0,0,0,0.00700058151852475,0,0.00294827581669592,0.000761084682580175,1.39165881576221e-05,0.000722050657320931,0,0
0,0,0,0,0,0,0,0,0,1.96955291630227e-05,0,0,0,0,0,0,7.53783934030094e-05,0.000617333247326819,1.20828839940247e-05,0,0,0,0.00345659401884223,0.00611133577332871,0,0.00123981292902516,0,0.000112392921158718,0,0,0,0,0,0,0,0,0,0.00670548141442281,1.85339082653252e-05,0,0,0,0,0,1.5894264948559e-05,0,0,0,0,0.00117388932589095,0,0,0,0,0,0,0,0,0,0,0,9.21895779542575e-06,0,0,0.0735812543150904,0.00116503051601657,0.00307678008148054,0,9.72666233431274e-05,0,0,0,0,0,0,0,0,0,0,0,0.00237756353500439,0,0.0021224850913721,0.000269279964885284,0,0,0
0,0,0,0,0,0,0,0,0.000600725028664068,2.29883561340212e-05,0,0,0,0,0.000188546831132184,0,0.00228867808427361,0.000572401635075943,0.000131680444889772,0,0,0.00345659401884223,0,0.00011444707150578,0.00146528315522279,0,0.00144915846001289,0,0.000362170095868094,0,0,0,0,0,0,0,0,0,0.00897765613172387,0,3.51079485799884e-06,0,0,0,0,0,0,0,0.00329047839785889,0,0,0,0,0,5.88549982287654e-05,0,0,0,0,0,8.24824016635648e-05,0,0,0,0.000711736094471153,0.077546590236483,0,5.69796660963077e-05,0,0.000670321921004037,0,0.000194409455559346,0,0,0,0,0,0,0,0,0,0.00573983954525469,0.00123987913384386,0.000188518735206031,0,0,0
0,0,0,0,0,0,0,0,0.000194390678602915,0.0134511919790966,0,0,0,0,0,0.00153580663069712,0.00205407226317878,0.0105457286153138,0.00165129401383753,0,0,0.00611133577332871,0.00011444707150578,0,0.000186176345807976,0.00425527974884212,0.00117980449306441,0,0,0,0,0,0,0,0,0,0,0.00675235014542868,0,0,0,0,4.58518677431893e-05,0,0,0,0,0,0,0.00625560829599936,0,0,0,0,0.000789323374763388,0.0143487704463277,0,0,0,0,0,0,0,0,0.00256034157590768,0,0.179828299892474,0,0.00176419684813963,0.00018103881293376,0.000121595474650381,0,0,0,0,0,0,0,0,1.709983981961e-05,0.00266371839827876,0,0.00175201583941071,0,0.000240521598113621,0,0
9.79561331169226e-05,0,0,0,0,0,0,0,0.0213893020459524,0,0,0,0,0,0.00188009837371745,0,0.00511353441772951,0.00223057378833803,0.00136606887797424,0,0,0,0.00146528315522279,0.000186176345807976,0,0,0.0158930182073986,0,0,0,0,0,0,0,0,0,0,0,0.00131526398880254,0,0,0,0,0,0,0,0,0,0.00097785554800834,3.96991989091067e-05,0,0,0,0,0.0109776622911133,0,0,0,0,0,0.0017707667801678,0,0,0,0,0.00247840057749924,0,0.093894970254095,0,0.00744545528383092,0,0,0,0,0,0,0,0,0,0,0,0,0.000807747746058766,6.166974955376e-05,0.00184521340706063,0,0
0,0,0,0,0,0,0,0,0.000224438414964303,0.00295227682585348,0,0,0,0,0,0.0122743837668908,0.000317816468056681,0.00659583707290642,0.000548958532959213,0,0,0.00123981292902516,0,0.00425527974884212,0,0,0,0,0,0,0,0,0,0,0,0,0,0,0,0,0,0,0,0,0.000568255067560492,0,0,0,0,8.18255696236698e-06,0,0,0,0,0.000125092192074684,0.000141691925995019,0,0,0,3.10521412340498e-05,0,0.00167469662324773,0,0,0.00143327467320432,0,0.000226150941086447,4.46775187464433e-05,0.0171743138952854,0,0.000856328671959781,0,0,0,0,0,0,0,0,0,0,0,0.000685866507917596,0,0,0,0
0,0,0,0,0,0,0,0,0.00782535584400855,0.000882332537232203,0,0,0.0012085667590883,0,0.0146334463698085,0,0.0197713415184898,0.00172733339195778,0.00114585059665069,0,0,0,0.00144915846001289,0.00117980449306441,0.0158930182073986,0,0,0,0.00385679968998914,0,0,0,0,0,0,0,0,0,0,0,0.000101972630914339,0,3.73107932931313e-05,0,0,0,0,0,2.19073263419306e-05,7.11361104751805e-05,0,0,0,0,0.00386714578395084,0,0,0,0,0,0.0030709613626008,0,0,0,0,5.1308287971245e-05,0,0.0165968826499746,0,0.0240814783541258,0,0.000201866013644593,0,0,0,0,0,0,2.56534691988971e-06,0,0,0,0.00162558571301325,0,0,0,0
0,0,0,0,0,0,0,0,0,0,0,0,0,0.00207354542595689,0,0,0,0,0,0,0,0.000112392921158718,0,0,0,0,0,0,0,0.00308439816797733,0,0,0,0,0,0,0,0.000995528038161859,0,0,0,0,0,0,0,0,0,0,0,0,0,0,0,0,0,0,0,0,0,0.00201065414643155,0,0,0,0,0.000530716090223534,0,0,0,0.00076058770219968,0,0.0197581598738155,0,0.00115041968451493,0,0,0,0,0,0,0,0.000149456998036288,0,1.85083047199441e-06,0,0,0,0
0,0,0,0,0,0,0,0,0,0,0,0,0,0,0.000443609119635355,0,0.000398726558993046,0,0,0,0,0,0.000362170095868094,0,0,0,0.00385679968998914,0,0,0,0.00440225576057464,0,0,0,0,0,0,0,0.000167192016747823,0,0,0,0,0,0,0,0,0,0,0,0,0,0,0,0,0,0.000191889293160559,0,0,0,0.000329269669275421,0,0,0,0,0.000962009469567787,0,0,0,0.000170886399849019,0,0.0197830299185353,0,0.00121501332172643,0,0,0,0,0,0,0,0.00201375507234191,0.000121310114894481,0,0,0,0
0,0,0,0,0,0,0,0,0,0,0,0.0134424593326651,0,0,0,0,0,0,0,0,0,0,0,0,0,0,0,0.00308439816797733,0,0,0,0,0,0,0,0,0,0.000983289679042806,0,0,0,0,0,0,0,0,0,0,0,0,0,0,0,0,0,0,0,0.00291461843627496,0,0,0,0,0,0,0,0,0,0,0,0,0,0,0.0577501016993926,0,0,0,0,0,0,0,0.00233112663125927,0,7.02667686759958e-05,4.50714378530392e-06,0,0,0
0,0,0,0,0,0,0,0,0,0,0.00605495377254164,0,0,0,0,0,0,0,0,0,7.0265133638339e-05,0,0,0,0,0,0,0,0.00440225576057464,0,0,0,0,0,0,0,0,0,0.000686421233832068,0,0,0,0,0,0,0,0,0,0,0,0,0,0,0,0,0,0.00081227914167236,0,0,0,0,0,0,0,0,0,0,0,0,0,0,4.96657251037073e-05,0,0.0798356594005264,0,0,0,0,0,0,0,0.00181880715257734,0.00057525201342602,0,0,0,0
0,0,0,0,0,0,0,0,0,0,0,0,0,0,0,0,0,0,0,0,0,0,0,0,0,0,0,0,0,0,0,0,0.0186054328177308,0.011259280362018,0.00282670368806508,0.00337705739833675,0.00114539480531214,0,0,0,0,0,0,0,0,0,7.34777081575033e-05,0.00417253453530447,0,0.000107526682690939,0,0,0,0,0,0,0,0,0,0,0,0,0,0,0,0,0,0,0,0,0,0,0,0,0.0936145899373917,0.000238389191828441,0.00495504725292566,0,0.00124813666829692,7.15507241086323e-05,0,0,0.00203281847452273,0,0,0,0
0,0,0,0,0,0,0,0,0,0,0,0,0,0,0,0,0,0,0,0,0,0,0,0,0,0,0,0,0,0,0,0.0186054328177308,0,0.00138616794766064,0.018202018509905,8.1771158875199e-06,0.00387318474146993,0,0,0,0,0,0,0,0,0,0,0.0128682938029322,4.82057921610893e-05,0.00010038293802493,0,0,0,0,0,0,0,0,0,0,0,0,0,0,0,0,0,0,0,0,0,0,0,0,0.000639472165681836,0.0302863510738201,2.85089603658758e-05,0.00517282267138892,0,0.00232480491147687,0,0,0.00233612908444461,0,0,0,0
0,0,0,0,0,0,0,0,0,0,0,0,0,0,0,0,0,0,0,0,0,0,0,0,0,0,0,0,0,0,0,0.011259280362018,0.00138616794766064,0,0.0672928705803578,0.00439854748905854,0.000488582780467675,0.00467941766728333,0,0,0,0,0,0,0,0,0,0.0521675155730097,0,0.000552764157900128,0,0,0,0,0,0,0,0,0,0,0,0,0,0,0,0,0,0,0,0,0,0,0,0,0.00255432408019,0,0.228716824566133,0.00908724107505168,0.00132496474561304,0,0.0186133539161026,0,0.00251873380655422,3.64187176115089e-05,0,0,0
0,0,0,0,0,0,0,0,0,0,0,0,0,0,0,0,2.19940110662339e-05,0,0,0,0,0,0,0,0,0,0,0,0,0,0,0.00282670368806508,0.018202018509905,0.0672928705803578,0,3.45704783995466e-05,0.00361401374245521,0.000255349080236383,0.00452821644729391,0,8.98535980707406e-05,0,0.000210336590654079,0,0,0,0.000223945064747742,0.0139280340183407,0.00820593438049735,0,0,0,0,0,0,0,0,0,0,0,0,0,0,0,0,0,0,0,0,0,0,0,0,0,0.000298504609240967,0.00378408783700398,0.0757392948965919,0.356351471464803,3.45378283554749e-06,0.00250438793433047,0,0.00798743743709422,0.00172606177376202,0,0.000302707973148345,0,0
0,0,0,1.68484465727544e-06,0,0,0,0,0,0,0,0.000724892648042467,0,0,0,0,5.69639079494909e-05,3.56316226845035e-05,0.000829816919603456,0.00399761580251513,0,0,0,0,0,0,0,0,0,0,0,0.00337705739833675,8.1771158875199e-06,0.00439854748905854,3.45704783995466e-05,0,0.000429475895509915,0.0115090496406412,0,0.000783816146131528,1.96860264747807e-06,0.00165121363889703,1.21656862057156e-05,0.000499094199938052,0,0.0012356234408553,1.88804596936358e-05,4.59534321921615e-05,5.01503956705668e-06,0.000106103653354541,0,0,0,0,0,0,0,1.0124299263417e-05,0,0,0,0,0.00210492693848601,0,0,0,0,0,0,8.78837223087744e-06,3.07934039489209e-06,0,1.92324289359445e-05,0,0.0014196131740206,0,0.000229650798879893,0,0.0969009712771993,1.33215813023493e-05,0.00566266594314035,0,0.0147331666637177,0.000109895892568905,0.0011419450204098,0.000315070776063111,4.99033724628929e-06
0,0,0.000357619031173513,0,0,0,0,0,1.84957725607934e-05,0,5.19665278100497e-05,0,0,0,0,0,1.13075345977353e-05,1.47811550701587e-05,0.000209595006776807,0,0.000434456027735258,0,0,0,0,0,0,0,0,0,0,0.00114539480531214,0.00387318474146993,0.000488582780467675,0.00361401374245521,0.000429475895509915,0,0,0.00827707792534644,0,0.000432288451190681,0,0.000127229585479732,8.19678999719952e-06,9.96286878315973e-05,1.38116984190033e-06,0.00185641244265967,0.00093096224186359,0.000190460121698885,0,0,0,0,0,0,0,0,0,0,0,0,0,0,0.000926190065967263,0,0,0,0,0,0,0,0,0,0,0,0.000435737817886524,1.41258471311513e-05,0.00170093578550563,5.81001335421126e-06,0.115322460554092,0,0.0036094907592163,0.0186475825340391,3.29993125097109e-05,0.000564163783589901,8.26682018696167e-06,1.69003890335776e-05
0,0,0,0,0,0,0,0,0,0.0017640066417017,0,0.0058430898875372,0,0,0,0,0,0,0,0.00122513847352143,0,0.00670548141442281,0,0.00675235014542868,0,0,0,0.000995528038161859,0,0.000983289679042806,0,0,0,0.00467941766728333,0.000255349080236383,0.0115090496406412,0,0,0.000315128051577845,8.9289566565566e-06,0,0.000384194468895259,0,0,0,1.7102868324059e-05,0,0.00111584590982162,0,0.0028311348444577,0,0,0,0,0,9.12416380872673e-05,0,1.24306583783018e-05,0,0,0,0,0.000145304527878743,0,0.00252407538632622,0,0.000561660627735926,0,0,0,0,0,0.000566841761904321,0,0,0,0.00177819922230361,1.40685974679072e-05,0.00443290604517516,0,0.0953979878121448,0.000122735889380963,0.00527529732147427,0.000945207639054436,0.000970448984810763,2.51179773119015e-05,0
0,0,0,0,0,0,0,0,3.65384982743878e-05,0,0.00184791277788843,0,0,0,0,0,0,0,0,0,0.00217385214298719,1.85339082653252e-05,0.00897765613172387,0,0.00131526398880254,0,0,0,0.000167192016747823,0,0.000686421233832068,0,0,0,0.00452821644729391,0,0.00827707792534644,0.000315128051577845,0,0,1.75631141060474e-06,0,0.000993608197921915,0,0,0,3.11339779994495e-05,0.00100783604399597,0.00514101140874228,0,0,0,0,0,3.5941642326933e-06,0,0.000176221924611778,0,0,0,0,0,0,3.83892256596519e-05,0,0.00279592908453503,0,0,0,0,0,8.68590725412903e-05,0,0.000513718254563885,0,0,7.77327974635215e-06,0.00157382568295048,0,0.00308190042346238,2.21716312858854e-05,0.0828355383951925,0.00454683593193454,0.000170696794040194,0.00119485747875017,0,0
0,0,0,0.00102432208408823,0,0.000690157348156231,0,0,0,0,0,0,0,0,0,0,0.000392887544942492,0.000236080038492564,0.0108342839328946,9.84488111974498e-05,0,0,0,0,0,0,0,0,0,0,0,0,0,0,0,0.000783816146131528,0,8.9289566565566e-06,0,0,0.000493374337861785,0.0240186882969387,0.000336316776976653,0.0131778563735566,0,0.048580595705858,0.000262301651573839,0.00318989787504493,4.59837844222317e-05,0.0554646018419383,0,0,0,0,0,0,0,0.000177821165658713,0,0,0,0,0.00557984557240645,0,0,0,0,0,0,0,0,0,0.000366978858445417,0,0,0,0,0,0.0110309509809721,9.16489136088455e-05,0.00307369907568412,4.22498809761702e-05,0.000284303300461916,0,0.0244357849822709,0.00368717667143841,4.25172734103583e-05
0,0,0,4.15891598238517e-05,0,0,0,0,0.000388299012902993,1.63383450966175e-05,7.88045083798114e-06,0,0,0,0,0,0.000738227169264766,0.000254409831218853,0.0116251444385504,0,0.000745105608552372,0,3.51079485799884e-06,0,0,0,0.000101972630914339,0,0,0,0,0,0,0,8.98535980707406e-05,1.96860264747807e-06,0.000432288451190681,0,1.75631141060474e-06,0.000493374337861785,0,0.000613353862837335,0.0217648200328085,0.000330008402309338,0.00118145663794962,0.000275875933509544,0.0592309594945057,0.00438503654427195,0.0317074456122718,0.000583158255145349,0,0,0,0,0,0,0,0,0,0,0,0,0.000111970396143176,0.00391359283188461,0,0,0,0,0,0,0,0,1.72141456454671e-05,0,0,1.37982266498254e-05,0,4.16055472524635e-05,7.40308592512594e-05,0.0114678982608887,5.15785372438156e-05,0.00157793537625836,0.000188963973439002,0,0.0185476114011742,9.23495574917848e-05,0.00279579058090328
0,0.00114052992845691,0,3.14895411130138e-05,0,0,0,0,5.49558979296861e-05,0.000289076920611345,0,0,0,0,8.80913265350366e-05,0,0.000277586213221939,0.00052142905423064,0.0153719341575327,0,0,0,0,0,0,0,0,0,0,0,0,0,0,0,0,0.00165121363889703,0,0.000384194468895259,0,0.0240186882969387,0.000613353862837335,0,0.00120207182290801,0.00777124314774459,2.73607995913713e-05,0.0124418053212332,9.70771267714608e-05,0.00506717973154657,0.000394968601871307,0.0282856603873438,0,0,0,0,0,0,0,0.00253222314506759,0,0,0,0,0.00840113277537153,2.17000702216837e-05,0,0,0,0,0,0,0,0,0.00636926595467426,0,0,0,4.36362772674103e-05,0,0.0088925941402496,0.000186889617420532,0.0125983307357695,6.41828574318417e-05,0.00244546265219357,0,0.0610054271389233,0.0599903584808271,0.000115372901910502
0.000792325748216689,0,0.000161601040875269,0,0,0,0,0,0.000675312809295246,5.32600522680545e-05,0,0,0,0,0,0,0.00180505040021851,0.000387198326731613,0.0196734534722373,0,4.63709086866616e-05,0,0,4.58518677431893e-05,0,0,3.73107932931313e-05,0,0,0,0,0,0,0,0.000210336590654079,1.21656862057156e-05,0.000127229585479732,0,0.000993608197921915,0.000336316776976653,0.0217648200328085,0.00120207182290801,0,0.000725402380009326,0.00119392322053516,0.00014959223343851,0.00848378465078134,0.00472696255486749,0.0293523888532992,0.000123870615582863,0,0,0,0,0.00024719602286851,0,0,0,0,0,0,0,4.16663983643178e-06,0.0128747803185892,0,0,0,0,0,0,0,0,0,0,0,1.94441538314147e-05,0,7.63663660569534e-05,9.29244968706422e-05,0.00983352810380401,5.18986197993619e-05,0.00184180675583475,0.00151509620718407,0,0.0934813201212795,0.000131428167505008,0.0634587351227868
0,0,0,0,0,0,0,0,0.000110724623150708,0,0,0,0,0,0,0,0.000332091531713491,5.18854550966995e-05,0.00519275934976353,0,0,0,0,0,0,0,0,0,0,0,0,0,0,0,0,0.000499094199938052,8.19678999719952e-06,0,0,0.0131778563735566,0.000330008402309338,0.00777124314774459,0.000725402380009326,0,0,0.00446114504839795,0.000113267903826682,5.50884349817326e-05,3.02242048934882e-05,0.000747794121760667,0,0,0,0,0,0,0,0.000103419668930393,0,0,0,0,0.000702150600898405,0,0,0,0,0,0,0.000113255211548608,0,0,0.000108364993993273,0,0,0,0,0,0.00347866752977063,6.06823526347446e-05,0.000344184936307921,4.30873011888272e-05,9.44784558110357e-05,0,0.00379986478986294,0.0130818340672272,0
0,0,0,0,0,0,0,0,0,0,0,0,0,0,0,0,9.33661153267903e-05,1.72829852727336e-05,0.00285452620797488,0,0,1.5894264948559e-05,0,0,0,0.000568255067560492,0,0,0,0,0,0,0,0,0,0,9.96286878315973e-05,0,0,0,0.00118145663794962,2.73607995913713e-05,0.00119392322053516,0,0,0,0.00110830665235329,1.320126332937e-05,0.000277691097381474,0,0,0,0,0,0,0,0,0,0,0,0,0,0,0,0,0,0,0,0,0,0,0,0,0,0,0,0,0,9.94453192858061e-06,0.00181622293454425,0,3.93346143055407e-05,4.2229473710608e-06,0,0.00560180388284101,0,0.000119523654294853
0,0,0,0.0336859276676786,0,0.0034423941744903,0,0,0,0,0,8.62856225385795e-05,0,0,0,0,9.11091002621134e-05,0.000121156458706961,0.00274746799438058,0.00131510923813361,0,0,0,0,0,0,0,0,0,0,0,0,0,0,0,0.0012356234408553,1.38116984190033e-06,1.7102868324059e-05,0,0.048580595705858,0.000275875933509544,0.0124418053212332,0.00014959223343851,0.00446114504839795,0,0,3.11814252533997e-05,0.00275891293994132,2.03639547001335e-05,0.0110335270640013,0,0,0,0,3.68762506525633e-05,0,0,0.00453803832918093,0,0,0,0,0.0673119201843528,0,0,0,0,0,0,0,0.000447030044450424,0,0.0158872815024284,0,0,0,0.000106002308923839,0,0.0227128381857268,0.00012406829897049,0.0103467093648108,9.34854180730378e-06,0.000557530770443287,0,0.0495542526766899,0.00271035840707255,0
0,0,0.00370543287043864,0,0.000290708401177571,0,0,0,7.85513799008881e-05,0,0.000525954518090034,0,0,0,0,0,0.000122596453674579,8.30087819504856e-05,0.0023845294043809,0,0.0109300433337151,0,0,0,0,0,0,0,0,0,0,7.34777081575033e-05,0,0,0.000223945064747742,1.88804596936358e-05,0.00185641244265967,0,3.11339779994495e-05,0.000262301651573839,0.0592309594945057,9.70771267714608e-05,0.00848378465078134,0.000113267903826682,0.00110830665235329,3.11814252533997e-05,0,0.00492328773029156,0.020572414903187,1.98863379085626e-05,0,0,0,0,0,0,0,0,0,0,0,0,7.02633554226751e-06,0.0779028175359399,0,0,0,0,0,0,0,0,0,0,0,0,0,0.000100756347419407,3.49519704134472e-05,0.0189545841120369,3.93253090517178e-06,0.00500352005756586,0.000354993727048518,0,0.0369061639073271,0.000123666337181888,0.00281452419480421
0,0,0,0,0,0.000135023224429273,0,0,0,0,0,0,0,0,0,0,2.03238671741445e-05,1.58409159537195e-06,0.000342138885567749,0,5.67063442440921e-05,0,0,0,0,0,0,0,0,0,0,0.00417253453530447,0.0128682938029322,0.0521675155730097,0.0139280340183407,4.59534321921615e-05,0.00093096224186359,0.00111584590982162,0.00100783604399597,0.00318989787504493,0.00438503654427195,0.00506717973154657,0.00472696255486749,5.50884349817326e-05,1.320126332937e-05,0.00275891293994132,0.00492328773029156,0,0.0274320495538128,0.0308872471982361,0,0,0,0,0,0,0,6.36879126868532e-06,0,0,0,0,5.62953316254018e-06,0.000332375900832033,0,0,0,0,0,0,0,0,0,0,0.00927914599484693,0.0381890937050543,0.0144168788023599,0.0025736259588559,0.00134284646760127,0.00292127359300219,0.00146404995603418,0.000242976750415492,0.000775109879570721,1.90698124703957e-05,0.023706733953378,1.15685909911536e-05,2.38163583433592e-05
0.0110175944892109,0,0.00513896468675882,0,1.89191256269971e-05,0,0,0,4.69754488467022e-06,0,0,0,0,0,0,0,0.00015443308159617,4.78235948092127e-05,0.00140932632269098,0,0.00032038471202138,0,0.00329047839785889,0,0.00097785554800834,0,2.19073263419306e-05,0,0,0,0,0,4.82057921610893e-05,0,0.00820593438049735,5.01503956705668e-06,0.000190460121698885,0,0.00514101140874228,4.59837844222317e-05,0.0317074456122718,0.000394968601871307,0.0293523888532992,3.02242048934882e-05,0.000277691097381474,2.03639547001335e-05,0.020572414903187,0.0274320495538128,0,0.000590063671616204,0,0,0,0,0,0,0.000598209176805372,0,0,0,0,0,0,0.00212716792452507,0,0.00571522510138576,0,0.000141069119102635,0,0.00108679360094085,0,0.00307133829639475,0,0,0,0.00062606004167417,0,0.00122816183015046,2.19285979561069e-05,0.0082694793716588,1.38926640842509e-06,0.00405496909837498,0.00012843790476675,0,0.0275097628777163,0,0.00113605808943023
0,0.00204301368772315,0,0.00215036514357199,0,2.62884617354257e-05,0,0,0,0.00140715342825948,0,0,0,0,0,0.000153162811329821,7.86374381965427e-05,4.18597121692665e-05,0.0012781493294699,0,0,0.00117388932589095,0,0.00625560829599936,3.96991989091067e-05,8.18255696236698e-06,7.11361104751805e-05,0,0,0,0,0.000107526682690939,0.00010038293802493,0.000552764157900128,0,0.000106103653354541,0,0.0028311348444577,0,0.0554646018419383,0.000583158255145349,0.0282856603873438,0.000123870615582863,0.000747794121760667,0,0.0110335270640013,1.98863379085626e-05,0.0308872471982361,0.000590063671616204,0,0,0,0,0,3.89119322446955e-05,2.08308724474681e-05,0,0.00591371614339224,0,6.36886071174301e-05,0,4.82515534359004e-05,0.00268827084273669,0,0.0093710207279616,0,0.00380428561941086,0,0.00161976674986404,0,0.00927686290044549,0,0.00217201405259357,0,0.000242191342393683,0,0.000964786889194675,0,0.0048135687040433,6.85760090014786e-05,0.0081300632823337,1.35002139991734e-05,0.000287520527929951,0,0.0254120208006726,0.00177893454819719,0
0,0,0,0,0.00304670797477818,0,0,0,0,0,0,0,0,0,0,0,0,0,0,0,0,0,0,0,0,0,0,0,0,0,0,0,0,0,0,0,0,0,0,0,0,0,0,0,0,0,0,0,0,0,0,0,0.0154200070197913,0,0,0,0.000556449602372444,0,0,0,0,0,0,0,0,0,0,0,0,0,0,0,0,0,0,0,0,0,0,0,0,0,2.49511649923791e-05,0,0,0,0
0,0,0,0.00144002222668713,0,0.017866228538245,0,0.00853445630663509,0,0,0,0,0,0,0,0,0,0,0,0,0,0,0,0,0,0,0,0,0,0,0,0,0,0,0,0,0,0,0,0,0,0,0,0,0,0,0,0,0,0,0,0,0,0.0021367217043517,0,0,0,0,0,0,0,0,0,0,0,0,0,0,0,0,0,0,0,0,0,0,0,0,0,0,0,0,0,0,0,0,0
0,0,0,0,0.00103860504565612,0,0.00364379912407817,0,0,0,0.00102841336820466,0,0,0,0,0,0,0,0,0,0,0,0,0,0,0,0,0,0,0,0,0,0,0,0,0,0,0,0,0,0,0,0,0,0,0,0,0,0,0,0.0154200070197913,0,0,0,0,0,0.008672315438243,0,0,0,0,0,0,0,0,0,0,0,0,0,0,0,0,0,0,0,0,0,0,0,0,0,3.04295517110459e-05,0,0,0,0
0,0,0,0,0,0.000324780761729926,0,0.0318647605488803,0,0,0,0,0,0,0,0,0,0,0,0,0,0,0,0,0,0,0,0,0,0,0,0,0,0,0,0,0,0,0,0,0,0,0,0,0,0,0,0,0,0,0,0.0021367217043517,0,0,0,0,0,0,0,0,0,0,0,0,0,0,0,0,0,0,0,0,0,0,0,0,0,0,0,0,0,0,9.8623723557331e-05,0,0,0,0
0.00243009777782059,0,0.00448463035912731,0,0.00396916326178443,0,0,0,0.0164874389053223,0,0,0,0,0,0.00322608634091405,0.00056809061937195,0.00214793850610208,0.000798850160721655,0.000433687132372887,0,0,0,5.88549982287654e-05,0.000789323374763388,0.0109776622911133,0.000125092192074684,0.00386714578395084,0,0,0,0,0,0,0,0,0,0,0,3.5941642326933e-06,0,0,0,0.00024719602286851,0,0,3.68762506525633e-05,0,0,0,3.89119322446955e-05,0,0,0,0,0,0,0,0,0,0,0.00285591785545768,0,0,0,0,0,0,0.0069978539754537,0.000106883423609021,0.00157551433090228,0,0,0,0,0,0,0,0,0,0,0,0,0.000349209873568234,0,7.49571549415844e-06,0,0
0,0.00072579559519171,0,0.000889353481481531,0,0,0,0,0,0.022390130247006,0,0,0,0,0,0.000924348914829043,5.80364296706313e-06,0.000169599692488072,0.000179855601680426,0,0,0,0,0.0143487704463277,0,0.000141691925995019,0,0,0,0,0,0,0,0,0,0,0,9.12416380872673e-05,0,0,0,0,0,0,0,0,0,0,0,2.08308724474681e-05,0,0,0,0,0,0,0,0,0,0,0,0,0,0,0,0,0.000285513517039749,0,0.000175512547095882,0,0,0,0,0,0,0,0,0,0,0,8.26325270333446e-05,0,7.2894295598213e-05,0,3.628200817788e-05,0,0
0,0,0,0,0,0,0.000379502910432861,0,0,0,0.0390908199486618,0,0,0,0,0,0,0,0,0,0.00139410403457927,0,0,0,0,0,0,0,0.000191889293160559,0,0.00081227914167236,0,0,0,0,0,0,0,0.000176221924611778,0,0,0,0,0,0,0,0,0,0.000598209176805372,0,0.000556449602372444,0,0.008672315438243,0,0,0,0,0,9.31991333557145e-05,0,0,0,0,0.00163165651509574,0,0,0,0,0,0,0,0.0208735660933544,0,0.020997629347094,0,0,0,0,0,0,0,0.00010674679151751,0.000230065562727263,0,0.00201478375866939,0,0
0,0,0,0,0,0,0,0.0023316323423418,0,0,0,0.0661645369298957,0,0.000879088567600217,0,0,0,0,2.7649461544503e-05,0.00372575590826877,0,0,0,0,0,0,0,0,0,0.00291461843627496,0,0,0,0,0,1.0124299263417e-05,0,1.24306583783018e-05,0,0.000177821165658713,0,0.00253222314506759,0,0.000103419668930393,0,0.00453803832918093,0,6.36879126868532e-06,0,0.00591371614339224,0,0,0,0,0,0,0,0,0,0.00255980889271875,0,0.000277705315752811,0.0138780965068869,0,0,0,0,0,0,0,0.0283807365400238,0,0.0680755198966717,0,0,0,0,0,5.9225624797687e-05,0,0.00241333143126729,0,0.000222263423179472,0,0.00339524782858711,0.00308733588564666,0
0,0,0,0,0,0,0,0,0,0,0,0,0,0,0.00023002056582694,0,0,0,0,0,0,0,0,0,0,0,0,0,0,0,0,0,0,0,0,0,0,0,0,0,0,0,0,0,0,0,0,0,0,0,0,0,0,0,0,0,9.31991333557145e-05,0,0,0,0,0,0,0,0,0,0,0,0,0,0,0,0,0,0,0,0,0,0,0,0,0,2.80721899239621e-05,0,0,0,0
0,0,0,0,0,0,0,0,0,0,0,0,0,0.0126552650697371,0,0.000176905756403289,0,0,0,0,0,0,0,0,0,3.10521412340498e-05,0,0.00201065414643155,0,0,0,0,0,0,0,0,0,0,0,0,0,0,0,0,0,0,0,0,0,6.36886071174301e-05,0,0,0,0,0,0,0,0.00255980889271875,0,0,0,0.00507452099438443,0,0,0,0,0.000143565616459511,0,0.0048158848984215,0,0.00369917380273261,0,0,0,0,0,0,0,0,0,0,0,0,0,0,0,0
0,0,0,0,0,0,0,0,0.0129284846535301,0,0,0,0,0,0.0166461513016081,0.000477850404518351,0.00172253153152017,0.000153471044570775,0.000171718714104211,0,0,0,8.24824016635648e-05,0,0.0017707667801678,0,0.0030709613626008,0,0.000329269669275421,0,0,0,0,0,0,0,0,0,0,0,0,0,0,0,0,0,0,0,0,0,0,0,0,0,0.00285591785545768,0,0,0,0,0,0,0,0,0,0,0,0,0.00127326817925918,0,0.00303630213386095,0,0,0,0,0,0,0,0,0,0,0,0,0.000451653256283066,0,0,0,0
0,0,0,0,0,0,0,0,0,0.00150417623018911,0,0,0,0.00168357340354139,0,0.00645561350967459,0,0.000301011880351911,6.88181865338309e-05,0,0,9.21895779542575e-06,0,0,0,0.00167469662324773,0,0,0,0,0,0,0,0,0,0,0,0,0,0,0,0,0,0,0,0,0,0,0,4.82515534359004e-05,0,0,0,0,0,0,0,0.000277705315752811,0,0.00507452099438443,0,0,0,0,0,0,0,0,0.00598822490980783,0,0,0,0,0,0,0,0,0,0,0,0,0,4.9127668164475e-05,0,0,0,0
0,0,0,0.00358230109235355,0,0.00108230646209533,0,0,0,0,0,0.00602103759680452,0,0,0,0,5.86943817715612e-05,1.44483204036281e-05,0.000992679771129219,0.0496325658351595,0,0,0,0,0,0,0,0,0,0,0,0,0,0,0,0.00210492693848601,0,0.000145304527878743,0,0.00557984557240645,0.000111970396143176,0.00840113277537153,4.16663983643178e-06,0.000702150600898405,0,0.0673119201843528,7.02633554226751e-06,5.62953316254018e-06,0,0.00268827084273669,0,0,0,0,0,0,0,0.0138780965068869,0,0,0,0,0,0,0,0,0,0,0,0,0.000580231853957423,0,0.0088012384320353,0,0,0,0,0,0.0137406162642489,1.18241037369489e-06,0.0147471813789543,0,0.000367193116632727,7.63583640492874e-05,0.0129505831954442,0.00087965969515072,0
0,0,0,0,0.00926895186287948,0,0,0,0,0,0.00273579776431271,0,0,0,0,0,3.74384089106167e-05,0,0.000136550019057725,0,0.0668499934015252,0,0,0,0,0,0,0,0,0,0,0,0,0,0,0,0.000926190065967263,0,3.83892256596519e-05,0,0.00391359283188461,2.17000702216837e-05,0.0128747803185892,0,0,0,0.0779028175359399,0.000332375900832033,0.00212716792452507,0,0,0,0,0,0,0,0.00163165651509574,0,0,0,0,0,0,0,0,0,0,0,0,0,0,0,0,0.000205239063053955,0,0,0,0,0,0.0190155067846457,0,0.0042397676985671,0.000262707028823443,2.17522045168384e-05,0.0111101588309697,0,0.00322917584354404
0,0,0,0,0,0,0,0,0,0,0,0,0,0,0,0,0,0,0,0,0,0.0735812543150904,0.000711736094471153,0.00256034157590768,0,0.00143327467320432,0,0.000530716090223534,0,0,0,0,0,0,0,0,0,0.00252407538632622,0,0,0,0,0,0,0,0,0,0,0,0.0093710207279616,0,0,0,0,0,0,0,0,0,0,0,0,0,0,0,0,0.00216106322456399,0,0.00998404347483812,0,0.0245411624154962,0,0,0,0,0,0,0,0,0,0.00806424328208475,0,0.000668241228416386,1.66878398886183e-05,0,0,0
0,0,0,0,0,0,0,0,0,0,0,0,0,0,6.18017476360989e-06,0,0,0,0,0,0,0.00116503051601657,0.077546590236483,0,0.00247840057749924,0,5.1308287971245e-05,0,0.000962009469567787,0,0,0,0,0,0,0,0,0,0.00279592908453503,0,0,0,0,0,0,0,0,0,0.00571522510138576,0,0,0,0,0,0,0,0,0,0,0,0,0,0,0,0,0,0,0,0,0.000152415640463811,0,0.00361509874119499,0,4.17880100023376e-05,0,0,0,0,0,0,0,0.00691917520401192,0.000205082031377747,2.22303261854163e-05,0,0,0
0,0,0,0,0,0,0,0,0,0.00842392646939724,0,0,0,0,0,0.000257727010311206,1.54365975925787e-05,0.000369096587855408,0,0,0,0.00307678008148054,0,0.179828299892474,0,0.000226150941086447,0,0,0,0,0,0,0,0,0,0,0,0.000561660627735926,0,0,0,0,0,0,0,0,0,0,0,0.00380428561941086,0,0,0,0,0,0.000285513517039749,0,0,0,0.000143565616459511,0,0,0,0,0.00216106322456399,0,0,0,0.00145311209576606,0,0.00130714155481369,0,0,0,0,0,0,0,0,0,0.00156930902471432,0,0.000302416677484251,0,0.000798665764648342,0,0
0.00281407822363364,0,0,0,0,0,0,0,0.00467184620393644,6.16005464504914e-05,0,0,0,0,0.00120917857668135,0,0.00188585768384043,0.000346769983924428,0.000189870531929032,0,0,0,5.69796660963077e-05,0,0.093894970254095,4.46775187464433e-05,0.0165968826499746,0,0,0,0,0,0,0,0,0,0,0,0,0,0,0,0,0,0,0,0,0,0.000141069119102635,0,0,0,0,0,0.0069978539754537,0,0,0,0,0,0.00127326817925918,0,0,0,0,0,0,0,0,0.00378804401741278,0,0,0,0,0,0,0,0,0,0,0,0,0.000172562577487343,0,0.00288240918958473,0,0
0,0,0,0,0,0,0,0,0.000204891918424616,0.000246821564712812,0,0,0,0.000691804871007608,0,0.00470799842121718,0.000128785791170705,0.00998742319089729,0.000557532376741454,0,0,9.72666233431274e-05,0,0.00176419684813963,0,0.0171743138952854,0,0.00076058770219968,0,0,0,0,0,0,0,0,0,0,0,0,0,0,0,0,0,0,0,0,0,0.00161976674986404,0,0,0,0,0.000106883423609021,0.000175512547095882,0,0,0,0.0048158848984215,0,0.00598822490980783,0,0,0.00998404347483812,0,0.00145311209576606,0,0,0,0.0453664282159588,0,0,0,0,0,0,0,0,0,0,0,0.000302898760578211,0,0,0,0
0,0,0,0,0,0,0,0,0.00408486410002184,3.73319321312071e-05,0,0,0.000149132349856019,0,0.0118562558743327,0,0.00529654944745433,0.000584063910608322,0.000347842113089953,0,0,0,0.000670321921004037,0.00018103881293376,0.00744545528383092,0,0.0240814783541258,0,0.000170886399849019,0,0,0,0,0,0,8.78837223087744e-06,0,0,0,0,0,0,0,0.000113255211548608,0,0,0,0,0.00108679360094085,0,0,0,0,0,0.00157551433090228,0,0,0,0,0,0.00303630213386095,0,0,0,0,0.000152415640463811,0,0.00378804401741278,0,0,0,0.0132731607370944,0,0,0,0,0,0,1.31146983308876e-05,0,0,0,0.000576599564711565,0,0,0,0
0,0,0,0,0,0,0,0,0,0,0,0.000441211544774264,0,3.35784072753577e-05,0,0,0,0,0,0.00024472926880286,0,0,0,0.000121595474650381,0,0.000856328671959781,0,0.0197581598738155,0,0,0,0,0,0,0,3.07934039489209e-06,0,0,0,0,0,0,0,0,0,0.000447030044450424,0,0,0,0.00927686290044549,0,0,0,0,0,0,0,0.0283807365400238,0,0.00369917380273261,0,0,0.000580231853957423,0,0.0245411624154962,0,0.00130714155481369,0,0.0453664282159588,0,0,0,0.038726024974162,0,0,0,0,0,0,0,0.00477034001384439,0,0,0,4.60288483125756e-05,0,0
0,0,0,0,0,0,0,0,0,0,0.000670970793714263,0,0,0,0,0,0,0,0,0,0,0,0.000194409455559346,0,0,0,0.000201866013644593,0,0.0197830299185353,0,4.96657251037073e-05,0,0,0,0,0,0,0,8.68590725412903e-05,0,0,0,0,0,0,0,0,0,0.00307133829639475,0,0,0,0,0,0,0,0.0208735660933544,0,0,0,0,0,0,0,0,0.00361509874119499,0,0,0,0.0132731607370944,0,0,0,0.0448954761858005,0,0,0,0,0,0,0,0.00248958145258231,0,0,0,0,0
0,0,0,4.84465278134663e-05,0,0,0,0,0,0,0,0.00990647227838252,0,0,0,0,2.55175072666424e-05,0,5.19991753930606e-05,0.00311636463179719,0,0,0,0,0,0,0,0.00115041968451493,0,0.0577501016993926,0,0,0,0,0,1.92324289359445e-05,0,0.000566841761904321,0,0.000366978858445417,1.72141456454671e-05,0.00636926595467426,0,0.000108364993993273,0,0.0158872815024284,0,0,0,0.00217201405259357,0,0,0,0,0,0,0,0.0680755198966717,0,0,0,0,0.0088012384320353,0,0,0,0,0,0,0,0.038726024974162,0,0,0,0,0,0,0,0.000176449687539797,0,0.012410327173262,0,4.30456769699498e-05,0,0.00495810961846628,0.00691262925140833,0
