0,0,1.94232773780823,0,2.73984509706497,0,0,0,309.886287301779,0,0,0,0,0,0,0,0,0,146.153612405062,0,0,0,0,0,0,0,0,0,0,0,0,0,0,0.239453613758087,1.79672966897488,0,0,0,0,0,0,0,5.89989206194878,0,0.82645583152771,0,0,0,30.5039075911045,0,0,0,0,0,52.4891872406006,0,0,0,0,0,2.33974289894104,0,0,0,0,0,0,0,0,0,0,0,0,0,0,0,0,0.223830983042717,0,0,0,0,418.032702818513,0,101.313033029437,0,5.5465484559536
0,0,0,213.859948590398,0,3.31378301978111,0,0,0,284.749349430203,0,0,0,0,0,17.8990931212902,0,0,125.841539621353,0,0,0,0,0,0,0,0,0,0,0,0,0,0,0,0,0,0,0,0,0,0,27.3635427355766,0,0,0,0,0,0,0,388.297486007214,0,13.5051220357418,0,0,0,189.088354080915,0,1,0,0,0,79.1734717190266,0,0,0,0,0,0,0,0,0,0,5.1296751499176,0,0,0,0,0,0,0,0,0,326.258971691132,0,170.417112320662,0,0
1.94232773780823,0,0,0,0,0,0,0,0,0,0,0,0,0,0,0,1.04481603205204,3.37905393540859,10.0380083024502,0,0,0,0,0,0,0,0,0,0,0,0,0,0,11.6910539418459,31.5540131032467,0,10.125776797533,0,0.730121716856956,0,52.5983093380928,0,35.2208747118711,0,5.6724049448967,0,500.921008452773,51.0820399671793,69.9437264204025,0,11.5955201387405,0,0,0,27.7359611988068,0,0,0,4.73818278312683,0,0,0,0,34.8776286542416,0,0,0,0,0,0,0,0,0,11.7503570318222,0,0,0.437407463788986,71.6412003040314,0,28.4571915268898,0,23.5265662968159,101.171763122082,0,673.08851121366,0,0
0,213.859948590398,0,0,0,205.009284615517,0,0,0,163.512454137206,0,0,0,0,0,0,0.163496434688568,0.131324455142021,9.70810268819332,1.86131218075752,0,0,0,0,0,0,0,0,0,0,0,0,0,8.10702063143253,0,4.50981193035841,0,1.10176828503609,0,49.801787763834,0,18.194013401866,3.73260402679443,6.95963191986084,0.1141417324543,511.713389649987,0,21.6831787377596,0.631720751523972,73.2023737058043,0,117.286714732647,0,0,0,41.3583557605743,0,0.216985240578651,0,0,0,22.3146683573723,54.4233422726393,0,0,0,0,0,0,0,0.169570401310921,0,22.1393321454525,0,0,0,10.7610713839531,0,35.253936290741,0,36.2751161679626,0,109.065769635141,0,1668.02767886221,1.37178468704224,0
2.73984509706497,0,0,0,0,0,0,0,28.1917078793049,0,0,0,0,0,0,0,0,0,0,0,13.1415419578552,0,0,0,0,0,0,0,0,0,0,0,0,0,0,0,0,0,0,0,0,0,0,0,0,0,0,0,0,0,79.9966819286346,0,0,0,0,0,0,0,1,0,4,0,0,0,0,0,0,0,0,0,0,0,0,0,0,0,0,0,0,0,0,0,70.2243282198906,0,0,0,0
0,3.31378301978111,0,205.009284615517,0,0,0,65.2110481858253,0,82.9096100330353,0,0,0,13.9201408624649,0,6.33122873306274,0,0,0,0,0,0,0,0,0,0,0,0,0,0,0,0,0,0,0,1.23402100801468,0,0,0,0,0,0,0,0,0,8.35887289047241,0,0,0,1.09367117285728,0,899.512933313847,0,29.4750610589981,0,111.933605730534,0,68.6625089943409,0,60.5540326833725,0,40.977498292923,0,0,0,0,0,0,0,0,0,0,0,0,0,0,0,0,0,0,0,0,439.512331426144,0,2.04110658168793,0,0
0,0,0,0,0,0,0,0,0,0,0,0,0,0,0,0,0,0,0,0,0,0,0,0,0,0,0,0,0,0,0,0,0,0,0,0,0,0,0,0,0,0,0,0,0,0,0,0,0,0,0,0,0,0,0,0,0,0,0,0,0,0,0,0,0,0,0,0,0,0,0,0,0,0,0,0,0,0,0,0,0,0,0,0,0,0,0
0,0,0,0,0,65.2110481858253,0,0,0,0,0,136.828175544739,0,12.6687514781952,0,0,0,0,0,0,0,0,0,0,0,0,0,0,0,0,0,0,0,0,0,0,0,0,0,0,0,0,0,0,0,0,0,0,0,0,0,171.731811136007,0,578.44790121913,0,0,0,81.0755041837692,0,50.9791758060455,0,0,0,0,0,0,0,0,0,0,0,0,0,0,0,0,0,0,0,0,0,0,11.0610246658325,0,0,0,0
309.886287301779,0,0,0,28.1917078793049,0,0,0,0,1.83430916070938,0,0,0,0,9.60431957244873,0.821357846260071,203.773233681917,100.951345875859,82.5087616443634,0,0,6.93755465745926,11.525896281004,6.82219000160694,51.4671892374754,3.03374689817429,21.3153322339058,0,0,0,0,0,0,0,0,0,0,0,1.82858788967133,0,0.222196653485298,2.57563519477844,4.10674056410789,0,0.225924074649811,0,0,0,1.43236827850342,0,0,0,0,0,281.231604218483,0,0,0,0,0,1.0154749751091,0,0,0,0,2.08605864644051,10.4834555089474,3.41536000370979,5.49055755138397,31.487027451396,0,0,0,0,0,0,0,0,0,2.54165365546942,2.48933506011963,0.199868217110634,554.836866870522,7.57015573978424,72.740492016077,0,1.01813805103302
0,284.749349430203,0,163.512454137206,0,82.9096100330353,0,0,1.83430916070938,0,0,0,0,0,1.89199578762054,4.56842702627182,122.706372261047,462.616506651044,30.717884272337,0,0,63.1132249832153,0,145.242509752512,9.5979280769825,1.82402035593987,6.59242145717144,0,0,0,0,0,0,0,0,0,0,0,0,0.496093228459358,0,88.9937833547592,0,0.258930027484894,0,0,0,0,0,0.295468240976334,0,0,0,0,0,386.501459211111,0,0,0,0,0.370468378067017,0,0,0,18.9288690388203,3.04776978492737,137.742200806737,0,22.3068344593048,0,0,0,0,0,0,0,0,0,1.53945034742355,0,0.858984142541885,0,482.445710636675,4.3724627494812,290.486708030105,0,0
0,0,0,0,0,0,0,0,0,0,0,0,4,0,0,0,0,0,0,0,1,0,0,0,0,0,0,0,0,0,68.5898925960064,0,0,0,0,0,0,0,46.2247416377068,0,0,0,1.68597772717476,0,0,0,0,0,5.5259305536747,0,0,0,0,0,0,0,498.968227624893,0,71.5474410057068,0,0,0,0,5.69888865947723,0,0,0,0,0,0,0,0,0,5.53783969581127,0,0,0,0,0,0,0,1.19885471463203,53.7633929252625,0,18.0014912039042,0,0
0,0,0,0,0,0,0,136.828175544739,0,0,0,0,0,35.0021504163742,0,0,0,0,0,97.1587633490562,0,0,0,0,0,0,0,29.2566555142403,0,144.285658165812,0,0,0,0,0,11.5286559462547,0,171.405090406537,0,0,0,0,0,0,0,0,0,0,0,0,0,0,0,0,0,0,0,1866.21417087317,0,2.3127413392067,0,0,31.9500575959682,0,0,0,0,0,0,0,46.5818976461887,0,268.52962988615,0,0,0,0,0,0,0,260.262176051736,0,326.575243711472,0,0,0,0
0,0,0,0,0,0,0,0,0,0,4,0,0,0,0,0,0,0,0,0,0,0,0,0,0,0,0,0,0,0,0,0,0,0,0,0,0,0,0,0,0,0,0,0,0,0,0,0,0,0,0,0,0,0,0,0,0,0,144.599429547787,0,0,0,0,0,0,0,0,0,0,0,0,0,0,0,0,0,0,0,0,0,0,0,57.3428721427917,0,0,0,0
0,0,0,0,0,13.9201408624649,0,12.6687514781952,0,0,0,35.0021504163742,0,0,0,13.0283391475677,0,92.4765572547913,0.318626582622528,0,0,1.19221967458725,0,0,0,2.19278404116631,0,0,0,0,0,0,0,0,0,0,0,0,0,0,0,0,0,0,0,0,0,0,0,0,0,73.1499750614166,0,23.7709653377533,0,0,0,55.8984885811806,0,1481.441116184,0,63.0542320013046,0,0,0,0,0,0,4.54558306932449,0,15.3886115550995,0,0,0,0,0,0,0,0,0,0,0,225.274730741978,19.3545458316803,0,0,0
0,0,0,0,0,0,0,0,9.60431957244873,1.89199578762054,0,0,0,0,0,0,226.232631593943,61.1571548879147,6.85121780633926,0,0,3.33435794711113,23.9636329710484,1.59462819993496,4.9004941880703,0.230422750115395,54.5517089217901,0,0,0,0,0,0,0,0,0,0,0,0,0,0,0,0,0,0,0,0,0,0,0,0,0,0,0,0,0,0,0,0,0,4.95156911015511,0,0,0,0,1.21517071127892,0.288161873817444,0,4.66615974903107,107.512054741383,0,0,0,0,0,0,0,0,0,0,1.10960078239441,0,105.413235768676,26.5370945483446,0,0,0
0,17.8990931212902,0,0,0,6.33122873306274,0,0,0.821357846260071,4.56842702627182,0,0,0,13.0283391475677,0,0,31.2368385791779,382.665055841208,8.40870535373688,0,0,32.2665540724993,0,10.0499424338341,0,149.695499077439,0.389681547880173,3.90621589124203,0,0,0,0,0,0,0,0,0,0,0,0,0,0,0,0,0,0,0,0,0,0,0,4.7726583480835,0,0,0,10.7593339383602,0,0,0,14.6381448507309,0,57.7373749613762,0,0,8.4266756772995,0,5.07139784097672,0,51.8703165650368,1.58140470087528,0,0,0,0,0,0,0,0,0,0,0,0,95.1877585500479,10.9109609425068,0,0,0
0,0,1.04481603205204,0.163496434688568,0,0,0,0,203.773233681917,122.706372261047,0,0,0,0,226.232631593943,31.2368385791779,0,15237.9365796819,4816.40154756606,0,0,230.398275896907,696.516362145543,223.851854175329,170.703220754862,33.7989477813244,2164.93519969285,0,0,0,0,0,0,0.272298783063889,9.36054889857769,19.7676549479365,1.48167181015015,0,3.08806520700455,47.2993430644274,62.0030256584287,40.6452935636044,46.8806339427829,4.16217370331287,16.5523721501231,2.51431024074554,6.75417131185532,7.36246591061354,30.0653678551316,5.89265472441912,0,0,0,0,4.13081784546375,0,0,0,0,0,54.0008996278048,3.11345881223679,0.181028857827187,0,66.3632844388485,70.9168050289154,157.664939135313,2.05272135138512,118.138639032841,1133.91839618981,0,0,1.52374492585659,0.471959218382835,0,0,0,18.8532157540321,79.0667022690177,210.779575482011,40.0425935164094,40.2515821009874,8918.96572034061,1774.22418578714,29.1646078005433,3.57046300172806,7.54082179069519
0,0,3.37905393540859,0.131324455142021,0,0,0,0,100.951345875859,462.616506651044,0,0,0,92.4765572547913,61.1571548879147,382.665055841208,15237.9365796819,0,5941.13266206533,0.122166134417057,0,1443.08654230833,187.192589968443,867.57357211411,94.4126070290804,2284.90702666342,174.80522403121,127.87575148046,0,0.508123695850372,0,0,0,0.434928044676781,2.99372221529484,55.6765440776944,1.05509233474731,0,0,166.473422840238,45.9319737702608,114.607826575637,17.1991497129202,22.9823951795697,4.26909893751144,4.94725363701582,7.84806072711945,11.5173368528485,16.1987527310848,22.4823502153158,0,0,0,0,2.4241957962513,6.65522468090057,0,0.232578247785568,0,0,27.0513944923878,241.229938179255,9.59441746771336,0,317.872717276216,21.2636500597,752.42030711472,0,1458.34288927913,164.434904485941,38.0040802955627,0,6.22848302125931,0,0,0,0,2.53972873091698,276.189657784998,111.991021178663,122.787475369871,19.3481042087078,9298.89559461176,2072.62753513455,62.881059654057,23.7571679651737,3.54542425274849
146.153612405062,125.841539621353,10.0380083024502,9.70810268819332,0,0,0,0,82.5087616443634,30.717884272337,0,0,0,0.318626582622528,6.85121780633926,8.40870535373688,4816.40154756606,5941.13266206533,0,4.58392621576786,0.453354358673096,51.5470983535051,21.5802361667156,87.2671362757683,18.0737483203411,18.6108215302229,21.9688200056553,0,0,0,0,0,0,7.50438896566629,39.0885589420795,294.940642952919,55.2948609516025,4.26517532765865,14.595725491643,779.876806102693,589.184751980007,918.037998206913,638.616546839476,440.995269529521,147.225285246968,39.2090961113572,53.4521889612079,110.352673731744,291.820794992149,97.9207682907581,0,0,0,0,0,0,0,1.12898749113083,0,0,0.404226839542389,0,25.4908322766423,5.51634296029806,13.0656191259623,10.6265696883202,48.5402760207653,0,18.6214473098516,58.2206672132015,0.847206711769104,0,41.8834875971079,28.9618103057146,0,0,5.31841269135475,110.302593275905,1554.83711851388,2189.04393907636,548.083151184022,527.415366396308,5890.82636673003,123.930213645101,1149.02554054558,189.350033938885,276.603690356016
0,0,0,1.86131218075752,0,0,0,0,0,0,0,97.1587633490562,0,0,0,0,0,0.122166134417057,4.58392621576786,0,0,0,0,0,0,0,0,0.304125428199768,0,10.129098162055,0,0,0,0,0,227.105372339487,0,196.075913578272,0,8.46694101393223,0.186557292938232,8.60348880290985,0,4.31762915849686,0,155.490873128176,0,0.409468308091164,0.385571599006653,1.23437264561653,0,0,0,0,0,0,0,60.3054482191801,0,0,0,0,1368.69020615518,0,0,0,0,0,0,0,3.34520581364632,0,181.0876365453,0,0,0,0.217180356383324,0,579.573862239718,0,890.743935987353,0,572.745839387178,0,22.2659336179495,5.63139702379704,0
0,0,0,0,13.1415419578552,0,0,0,0,0,1,0,0,0,0,0,0,0,0.453354358673096,0,0,0,0,0,0,0,0,0,0,0,0,0,0,0,0.267708748579025,0,216.234668344259,0,1.53845855593681,0,0.32031636685133,0,3.97405490279198,0,0,0,9.732148244977,1.37069450318813,56.9453830569983,0,0,0,0,0,0,0,15.1534130424261,0,0,0,0,0,0,356.724849954247,0,0,0,0,0,0,0,2.44107097387314,0,126.35888980329,0,0,0,0.218164652585983,0,277.337299197912,0,771.164115726948,191.441110312939,0,54.8132920265198,0,0
0,0,0,0,0,0,0,0,6.93755465745926,63.1132249832153,0,0,0,1.19221967458725,3.33435794711113,32.2665540724993,230.398275896907,1443.08654230833,51.5470983535051,0,0,0,171.79936721921,94.3394566178322,6.66625034809113,154.530991137028,19.3682109415531,100.965213686228,0,0,0,0,0,0,0,0,0,176.343897640705,84.3107586801052,2.48776318132877,3.09596586227417,0.903528869152069,0.603443443775177,3.24847221374512,0,0,0,0,0.658770263195038,412.149580985308,0,0,0,0,0.505709290504456,1.52089321613312,0,1.21332411468029,0,0,0.580584406852722,0.80793160200119,0,0,5303.87496855855,0,138.587184235454,0,331.302583411336,18.2550409138203,461.534212589264,0,0.36327588558197,0,0,0,0,0,2.75544719398022,1.05485534667969,92.4112967848778,0,1719.83591285348,392.57256346941,0.974972784519196,0,0
0,0,0,0,0,0,0,0,11.525896281004,0,0,0,0,0,23.9636329710484,0,696.516362145543,187.192589968443,21.5802361667156,0,0,171.79936721921,0,5.39825284481049,25.8361384272575,1.05105948448181,354.045100659132,0,0,0,0,0,0,0,1.24641126394272,0,0,0,1487.9230298996,0,0,0,0.309406220912933,0,0,0,0,0.511676907539368,293.125403165817,0,0,0,0,0,0.264213651418686,0,2.84524309635162,0,0,0,7.37056654691696,0,0,0.291206210851669,8.20658469200134,5145.46097572148,3.41878366470337,3.10885459184647,0.496491342782974,137.079072028399,0,1.25371897220612,0,32.3233006000519,0,0,0,138.074559777975,0,0.415586292743683,0,458.822940766811,2243.65651677549,326.96322247386,0,0,0.420685261487961
0,0,0,0,0,0,0,0,6.82219000160694,145.242509752512,0,0,0,0,1.59462819993496,10.0499424338341,223.851854175329,867.57357211411,87.2671362757683,0,0,94.3394566178322,5.39825284481049,0,7.86060670018196,167.76355266571,19.6759316325188,0,0,0,0,0,0,0,0.15533110499382,0,0,99.7023593336344,0,0.364897102117538,0,9.08981862664223,0,0.268307238817215,0,0,0,0,0,91.9991437792778,0,0,0,0,0,16.1766959428787,0,0,0,0,0,0.968574941158295,0,0,43.3347540199757,2.08003687858582,163.411620289087,0,134.298743486404,6.49363847076893,0,0,0,0,0,0,0,0,1.66056203842163,1.96322920918465,35.3828166276217,0,618.508264422417,31.4593445509672,42.7204085290432,0,0
0,0,0,0,0,0,0,0,51.4671892374754,9.5979280769825,0,0,0,0,4.9004941880703,0,170.703220754862,94.4126070290804,18.0737483203411,0,0,6.66625034809113,25.8361384272575,7.86060670018196,0,0,14.4465716481209,0,0,0,0,0,0,0,0,0,0,0,34.7536905705929,0,0,0,0,0,0,0,0,0,22.2743355035782,0,0,0,0,0,6.43710279464722,0,0,0,0,0,1.14118985831738,0,0,0,0,24.7569705247879,4.28515100479126,340.290402233601,0,22.4734011739492,0,0,0,0,0,0,0,0,0,0,0,5.39009031653404,743.975649476051,4.64228489995003,146.942029684782,0,0
0,0,0,0,0,0,0,0,3.03374689817429,1.82402035593987,0,0,0,2.19278404116631,0.230422750115395,149.695499077439,33.7989477813244,2284.90702666342,18.6108215302229,0,0,154.530991137028,1.05105948448181,167.76355266571,0,0,0.321637868881226,159.489519253373,0,0,0,0,0,0,0,0,0,0,0,0,0,0,0,0,0,0,0,0,0,0,0,0,0,0,0,0,0,0,0,0,1.07951986789703,8.91348189115524,0,0,19.2484799027443,0,24.3620259165764,0,575.348454400897,0.728660076856613,15.7859817147255,0,0,0,0,0,0,0,0,0.242066949605942,0,0,330.709089696407,30.8173485100269,0,0,0
0,0,0,0,0,0,0,0,21.3153322339058,6.59242145717144,0,0,0,0,54.5517089217901,0.389681547880173,2164.93519969285,174.80522403121,21.9688200056553,0,0,19.3682109415531,354.045100659132,19.6759316325188,14.4465716481209,0.321637868881226,0,0,0,0,0,0,0,0,0,0,0,0,0,1.58081221580505,0,0,0.253023475408554,0,0,0,0,0,0,0,0,0,0,0,0,0,0,0,0,0,19.129901394248,0,0,0,1.12092050909996,19.9955831170082,17.0464486926794,0,2.80253255367279,389.564122036099,0,0,0,1.15393388271332,0,0,0,1.04327464103699,0,0.52662655711174,0,0,496.258508458734,96.6365945488214,0,0,0
0,0,0,0,0,0,0,0,0,0,0,29.2566555142403,0,0,0,3.90621589124203,0,127.87575148046,0,0.304125428199768,0,100.965213686228,0,0,0,159.489519253373,0,0,0,9.6664302945137,0,0,0,0,0,0,0,16.5083898901939,0,0,0,0,0,0,0,1.19107720255852,0,0,0,6.15287300944328,0,0,0,0,0,0,0,99.6759704947472,0,0.771022915840149,0,0,3.72038885951042,0,121.882780596614,0,0,0,18.1455626636744,0,1546.1024928838,0,172.259330511093,0,0,0,0,0,0,0,108.359093546867,0,323.3968090415,161.81055521965,3.45987606048584,0,0
0,0,0,0,0,0,0,0,0,0,0,0,0,0,0,0,0,0,0,0,0,0,0,0,0,0,0,0,0,0,137.193982720375,0,0,0,0,0,0,0,6.98747685551643,0,0,0,0,0,0,0,0,0,0,0,0,0,0,0,0,0,0,0,0,0,0,0,0,0,0,0,0,0,0,1.39338338375092,0,413.091137558222,0,0,0,0,0,0,0,0,0,23.0484962761402,0,0,0,0,0
0,0,0,0,0,0,0,0,0,0,0,144.285658165812,0,0,0,0,0,0.508123695850372,0,10.129098162055,0,0,0,0,0,0,0,9.6664302945137,0,0,0,0,0,0,0,0.198682323098183,0,62.7648725360632,0,1.04725147783756,0,6.84146770834923,0,1.76340472698212,0,3.12249204516411,0,0,0,0.179459482431412,0,0,0,0,0,0,0,80.6820021569729,0,0,0,0,2.70293083786964,0,0,0,0,0,0,0,17.774306178093,0,1522.09433960915,0,0,0,0,0,1.22422003746033,0,209.416440054774,0,350.467315271497,76.5845748484135,4.97850091010332,2.3544482588768,0
0,0,0,0,0,0,0,0,0,0,68.5898925960064,0,0,0,0,0,0,0,0,0,0,0,0,0,0,0,0,0,137.193982720375,0,0,0,0,0,0,0,0,0,140.064103186131,0,0,0,0,0,0,0,0,0,0,0,0,0,0,0,0,0,0,0,0,0,0,0,0,0,0,0,0,0,0,0,0,0,0,22.3075988888741,0,0,0,0,0,0,0,56.6111743450165,23.8223607838154,0,0,0,0
0,0,0,0,0,0,0,0,0,0,0,0,0,0,0,0,0,0,0,0,0,0,0,0,0,0,0,0,0,0,0,0,835.406107962132,45.1313438788056,127.114952713251,251.675464741886,384.831342488527,0.854446828365326,0,44.2984056472778,0.365705281496048,0,0,0,0,1.2734811604023,0.488752663135529,183.295148581266,19.4641463905573,5.32256045937538,0,0,0,0,0,0,0,0,0,0,0,0,0,0,0,0,0,0,0,0,0,0,0,0,2621.21220040321,211.217033818364,144.933243401349,4.06974664330482,627.975879326463,72.2961431741714,3.13954477012157,0,598.533946953714,0,2.14790546894073,0,0
0,0,0,0,0,0,0,0,0,0,0,0,0,0,0,0,0,0,0,0,0,0,0,0,0,0,0,0,0,0,0,835.406107962132,0,23.5984592437744,832.687740549445,93.8905077427626,2102.04350145161,0,0.329054772853851,0,2.73242992162704,0,0,0,0,0,0,57.6301985085011,144.839650601149,0,0,0,0,0,0,0,0,0,0,0,0,0,0,0,0,0,0,0,0,0,0,0,0,0,606.366088330746,2634.16029822826,14.4623146951199,31.7971604913473,64.8077712357044,837.644775673747,0,1.47389435768127,231.144206926227,0,0,0,0
0.239453613758087,0,11.6910539418459,8.10702063143253,0,0,0,0,0,0,0,0,0,0,0,0,0.272298783063889,0.434928044676781,7.50438896566629,0,0,0,0,0,0,0,0,0,0,0,0,45.1313438788056,23.5984592437744,0,5949.33098055422,474.551366634667,118.442244321108,451.879893019795,134.687403842807,19.1068415790796,0.771469712257385,210.531587965786,98.0191982835531,28.1430993527174,5.35681849718094,53.9301302731037,38.8527687191963,582.261133603752,29.5083741545677,362.530765391886,0,0,0,0,0,0,0,0,0,0,0,0,1.48346962034702,1.13690470159054,0,0,0,0,0,0,0,0,3.32443411648273,6.50579887628555,39.3908211812377,0.165424227714539,3314.44598282874,4078.46780148149,215.789447024465,9.22521437704563,2329.75190000236,165.755211263895,600.888606861234,0,525.49281591177,3.30949188768864,17.1405251324177
1.79672966897488,0,31.5540131032467,0,0,0,0,0,0,0,0,0,0,0,0,0,9.36054889857769,2.99372221529484,39.0885589420795,0,0.267708748579025,0,1.24641126394272,0.15533110499382,0,0,0,0,0,0,0,127.114952713251,832.687740549445,5949.33098055422,0,31.6337720751762,288.733727812767,11.2397777438164,234.216511838138,0.287280969321728,150.18777667731,44.5075915306807,310.194160379469,0,14.5208346098661,0.646145105361938,44.8564354777336,993.51604796946,158.051683500409,55.0151952654123,0,0,0,0,0,0,0,0,0,0,0,0,0,16.2810783088207,0,0,0,0,0,0,0,0,0,14.7448327988386,34.6703343987465,71.8455901890993,1286.8048401773,2820.73997373879,38.1681968718767,243.304283805192,37.0538479536772,622.124393433332,1285.71536037326,16.5319399833679,217.875113487244,0.472841441631317,41.1216708272696
0,0,0,4.50981193035841,0,1.23402100801468,0,0,0,0,0,11.5286559462547,0,0,0,0,19.7676549479365,55.6765440776944,294.940642952919,227.105372339487,0,0,0,0,0,0,0,0,0,0.198682323098183,0,251.675464741886,93.8905077427626,474.551366634667,31.6337720751762,0,440.107333570719,1707.8915283531,0,88.1149024516344,3.8250874131918,263.288384743035,10.8243271112442,53.5904401913285,0,66.9720104411244,0,70.1489831060171,1.76988571882248,48.1726751178503,0,0,0,0,0,0,0,0.131526976823807,0,0,0,0,222.419789798558,0,0,0,1.28770709037781,0,0,0,0,0,16.1677977740765,0,118.201577097178,0,964.405854023993,3.07319593429565,15907.5552647486,48.0827365517616,658.225792340934,0.976118743419647,3801.4508632198,413.497465252876,115.531935408711,117.852965444326,0
0,0,10.125776797533,0,0,0,0,0,0,0,0,0,0,0,0,0,1.48167181015015,1.05509233474731,55.2948609516025,0,216.234668344259,0,0,0,0,0,0,0,0,0,0,384.831342488527,2102.04350145161,118.442244321108,288.733727812767,440.107333570719,0,0.197977289557457,1020.43257468939,1.17002153396606,85.6838903725147,5.72101122140884,50.4268536269665,0,1.8767294883728,0,59.0071630477905,82.5699049308896,64.8305064588785,0,0,0,0,0,0,0,0,0,0,0,0,0,0,118.146768435836,0,0,0,0,0,0,0,0,0,4.44642136991024,170.823076367378,639.542591422796,188.473120123148,152.657802432775,82.2066555023193,11490.3446719646,0.963043093681335,2066.59427985549,1663.83813227713,194.774973481894,17.3140711933374,0.458227634429932,25.0527195483446
0,0,0,1.10176828503609,0,0,0,0,0,0,0,171.405090406537,0,0,0,0,0,0,4.26517532765865,196.075913578272,0,176.343897640705,0,99.7023593336344,0,0,0,16.5083898901939,0,62.7648725360632,0,0.854446828365326,0,451.879893019795,11.2397777438164,1707.8915283531,0.197977289557457,0,354.932001084089,6.17126674950123,0,62.4306867718697,0,0,0,14.6114443391562,0.580242455005646,789.968615785241,0,724.42573350668,0,0,0,0,0,0,0,17.9522529244423,0,0,0,0,65.6041909083724,0,334.366269797087,0,49.8041760921478,0,0,0,53.6987523436546,0,91.7870899438858,0,0.740271106362343,0,168.161996901035,13.8721116483212,471.778463631868,0,11723.0960370898,37.50026910007,2179.11857025325,538.319549053907,175.323758900166,25.2170355468988,0
0,0,0.730121716856956,0,0,0,0,0,1.82858788967133,0,46.2247416377068,0,0,0,0,0,3.08806520700455,0,14.595725491643,0,1.53845855593681,84.3107586801052,1487.9230298996,0,34.7536905705929,0,0,0,6.98747685551643,0,140.064103186131,0,0.329054772853851,134.687403842807,234.216511838138,0,1020.43257468939,354.932001084089,0,0,4.29085975885391,0.508577689528465,86.8174292519689,0,4.62369196116924,0,6.05656218528748,109.274427577853,380.412569433451,10.9559585303068,0,0,0,0,0,0,10.3568476438522,0,0,0,0,0,0,11.3406177908182,0,154.46107301116,0,186.162552073598,0,0,0,28.1549653708935,0,80.1286886036396,0,0,10.0334379523993,302.240982696414,0.167139559984207,347.869901940227,2.19929637014866,11761.2296791673,2438.69936046004,1353.60970434546,225.070072881877,0,42.6674041748047
0,0,0,49.801787763834,0,0,0,0,0,0.496093228459358,0,0,0,0,0,0,47.2993430644274,166.473422840238,779.876806102693,8.46694101393223,0,2.48776318132877,0,0.364897102117538,0,0,1.58081221580505,0,0,1.04725147783756,0,44.2984056472778,0,19.1068415790796,0.287280969321728,88.1149024516344,1.17002153396606,6.17126674950123,0,0,6.91947118192911,1014.17810636759,5.23113014549017,157.23299895972,1.39866380393505,819.729751251638,0.176556304097176,267.49054697901,1.76382096111774,1199.40759534389,0,0,0,0,0,0,0,2.45678363740444,0,0,0,0.273532390594482,91.5744210928679,0.165712118148804,0,0,0.208665117621422,0,1.57038938999176,0,2.97193007171154,0,110.101429797709,0.109035305678844,0,0,11.3927087411284,0,1166.81769976765,11.0973609760404,447.543958604336,2.34189868718386,192.888814732432,3.05534134805202,867.479879051447,83.3711670264602,0.756505861878395
0,0,52.5983093380928,0,0,0,0,0,0.222196653485298,0,0,0,0,0,0,0,62.0030256584287,45.9319737702608,589.184751980007,0.186557292938232,0.32031636685133,3.09596586227417,0,0,0,0,0,0,0,0,0,0.365705281496048,2.73242992162704,0.771469712257385,150.18777667731,3.8250874131918,85.6838903725147,0,4.29085975885391,6.91947118192911,0,21.7809229046106,594.983781807125,4.63523529469967,138.41877925396,0.142943292856216,500.735026791692,292.843868948519,1387.75889642537,2.05618207901716,0,0,0,0,0,0,0.896311305463314,0,0,0,0,0,0,47.582696840167,0,0,1.17889559268951,0,0,0,0,0,0,59.0349658802152,0.230417996644974,2.37820422649384,0,375.337536603212,11.3879146724939,1427.34555114806,10.665571898222,517.717098273337,360.279937975109,22.0770453214645,520.013016134501,0,21.7792969346046
0,27.3635427355766,0,18.194013401866,0,0,0,0,2.57563519477844,88.9937833547592,0,0,0,0,0,0,40.6452935636044,114.607826575637,918.037998206913,8.60348880290985,0,0.903528869152069,0,9.08981862664223,0,0,0,0,0,6.84146770834923,0,0,0,210.531587965786,44.5075915306807,263.288384743035,5.72101122140884,62.4306867718697,0.508577689528465,1014.17810636759,21.7809229046106,0,103.93695358932,117.271474093199,4.96773894131184,147.146470576525,2.92365448921919,926.888346217573,31.7053202465177,846.304456710815,0,0,0,0,0,7.17424935102463,0,116.473803825676,0,0,0,0,229.992896825075,0,2.65110945701599,0,1.3867300003767,0,0.118589952588081,0,50.0959298312664,0,1514.23445040733,0.596334591507912,0,0,49.8708835914731,13.2574129849672,1800.24171935022,115.001494728029,2487.85913900286,23.7743764519691,1657.37856635451,24.4897772222757,1872.04662448913,279.924768209457,10.7731351107359
5.89989206194878,0,35.2208747118711,3.73260402679443,0,0,0,0,4.10674056410789,0,1.68597772717476,0,0,0,0,0,46.8806339427829,17.1991497129202,638.616546839476,0,3.97405490279198,0.603443443775177,0.309406220912933,0,0,0,0.253023475408554,0,0,0,0,0,0,98.0191982835531,310.194160379469,10.8243271112442,50.4268536269665,0,86.8174292519689,5.23113014549017,594.983781807125,103.93695358932,0,6.10008203983307,168.991933263838,1.75183275341988,160.835000246763,594.455219492316,2189.58693148941,3.68223528563976,0,0,0,0,0,0,4.04778419435024,0,0,0,0,0,0.401203960180283,171.145351305604,0.267477542161942,1.28348910808563,0.244308963418007,0,2.5508770942688,0,0,0,0.98608922958374,281.491236105561,0,0,6.70818650722504,350.528934173286,19.0737195685506,1868.63943765312,7.37892687320709,1213.93453047425,1376.14013856649,20.9269746989012,1131.55047535896,0,184.839526116848
0,0,0,6.95963191986084,0,0,0,0,0,0.258930027484894,0,0,0,0,0,0,4.16217370331287,22.9823951795697,440.995269529521,4.31762915849686,0,3.24847221374512,0,0.268307238817215,0,0,0,0,0,1.76340472698212,0,0,0,28.1430993527174,0,53.5904401913285,0,0,0,157.23299895972,4.63523529469967,117.271474093199,6.10008203983307,0,0,49.1272608786821,0,29.7861965149641,0,15.6163867264986,0,0,0,0,0,0,0,0,0,0,0,0,2.21364849805832,0,0.427502453327179,0,0,0,0,1.34785437583923,0,0,4.12016561627388,0,0,0,14.8377714008093,0,290.268469758332,2.22668442875147,85.8888613432646,0,34.1538961604238,0,369.424807369709,23.927445679903,0
0.82645583152771,0,5.6724049448967,0.1141417324543,0,0,0,0,0.225924074649811,0,0,0,0,0,0,0,16.5523721501231,4.26909893751144,147.225285246968,0,0,0,0,0,0,0,0,0,0,0,0,0,0,5.35681849718094,14.5208346098661,0,1.8767294883728,0,4.62369196116924,1.39866380393505,138.41877925396,4.96773894131184,168.991933263838,0,0,0,21.5501928329468,38.4821268767118,100.748983800411,0.286694020032883,0,0,0,0,0,0,0.242257922887802,0,0,0,0,0,0,2.53478573262691,0,0,0,0,0,0,0,0,1.33880519866943,24.8222977817059,0,0,0.451979100704193,25.2738861143589,0.14779631793499,236.075052283704,9.39608192443848,82.4859987348318,54.9741298854351,2.04041117429733,325.776867322624,0,155.454793900251
0,0,0,511.713389649987,0,8.35887289047241,0,0,0,0,0,0,0,0,0,0,2.51431024074554,4.94725363701582,39.2090961113572,155.490873128176,0,0,0,0,0,0,0,1.19107720255852,0,3.12249204516411,0,1.2734811604023,0,53.9301302731037,0.646145105361938,66.9720104411244,0,14.6114443391562,0,819.729751251638,0.142943292856216,147.146470576525,1.75183275341988,49.1272608786821,0,0,0,170.428876578808,1.53885877132416,489.928112268448,0,0,0,0,0,0,0,5.04871620237827,0,0,0,0,2572.04397569597,0,0,0,0,0,0,0,7.5114804059267,0,318.913818672299,0,0,0,56.4915903955698,0,1064.03001945466,0.589022651314735,418.518049232662,1.26600193977356,67.0014170855284,0,1119.37119845301,12.2542288526893,0
0,0,500.921008452773,0,0,0,0,0,0,0,0,0,0,0,0,0,6.75417131185532,7.84806072711945,53.4521889612079,0,9.732148244977,0,0,0,0,0,0,0,0,0,0,0.488752663135529,0,38.8527687191963,44.8564354777336,0,59.0071630477905,0.580242455005646,6.05656218528748,0.176556304097176,500.735026791692,2.92365448921919,160.835000246763,0,21.5501928329468,0,0,167.65907895565,273.817781694233,2.07110819220543,0,0,0,0,0,0,9.27360557019711,0,0,0,0,0,0,900.827731005847,0,0.256011366844177,0,0,0,0,0,3.19440516829491,0,158.32137568295,0,0,3.63226437568665,106.003256142139,3.2178508490324,810.289000995457,0,146.527067393064,156.657525800169,0.798440128564835,1078.80395409465,0,2.8135686814785
0,0,51.0820399671793,21.6831787377596,0,0,0,0,0,0,0,0,0,0,0,0,7.36246591061354,11.5173368528485,110.352673731744,0.409468308091164,1.37069450318813,0,0.511676907539368,0,0,0,0,0,0,0,0,183.295148581266,57.6301985085011,582.261133603752,993.51604796946,70.1489831060171,82.5699049308896,789.968615785241,109.274427577853,267.49054697901,292.843868948519,926.888346217573,594.455219492316,29.7861965149641,38.4821268767118,170.428876578808,167.65907895565,0,1005.9398791939,2204.08454767615,0,0,0,0,0,0,0.563767969608307,0,0,0,0,0,11.8741034269333,26.8750629425049,0,0,0,0,0,0,0.409215897321701,0,15.9956714361906,25.6543108895421,68.4235540777445,24.6078829467297,412.816687710583,550.030051231384,265.658741228282,841.883691728115,534.736274145544,179.128647401929,914.715243600309,7.49694922566414,1032.18742357194,3.59377982467413,22.8146936148405
30.5039075911045,0,69.9437264204025,0.631720751523972,0,0,0,0,1.43236827850342,0,5.5259305536747,0,0,0,0,0,30.0653678551316,16.1987527310848,291.820794992149,0.385571599006653,56.9453830569983,0.658770263195038,293.125403165817,0,22.2743355035782,0,0,0,0,0,0,19.4641463905573,144.839650601149,29.5083741545677,158.051683500409,1.76988571882248,64.8305064588785,0,380.412569433451,1.76382096111774,1387.75889642537,31.7053202465177,2189.58693148941,0,100.748983800411,1.53885877132416,273.817781694233,1005.9398791939,0,111.034029811621,0,0,0,0,5.99740219116211,0,421.181733250618,0,0,0,65.9912188649178,0,0,249.072195142508,0.246287509799004,119.943458944559,0,68.1950366795063,0,47.5915450453758,0,491.06030446291,0,805.667475648224,27.692323744297,58.7696117311716,2.04575352370739,377.094321988523,5.2218894213438,867.352243557572,2.09028944373131,753.708351492882,369.85609497875,3.6180248260498,1393.8247513473,0.187806308269501,292.994502559304
0,388.297486007214,0,73.2023737058043,0,1.09367117285728,0,0,0,0.295468240976334,0,0,0,0,0,0,5.89265472441912,22.4823502153158,97.9207682907581,1.23437264561653,0,412.149580985308,0,91.9991437792778,0,0,0,6.15287300944328,0,0.179459482431412,0,5.32256045937538,0,362.530765391886,55.0151952654123,48.1726751178503,0,724.42573350668,10.9559585303068,1199.40759534389,2.05618207901716,846.304456710815,3.68223528563976,15.6163867264986,0.286694020032883,489.928112268448,2.07110819220543,2204.08454767615,111.034029811621,0,0,1.43487519025803,0,0,0,0.486462950706482,0,109.2574852705,0,3.52110475301743,0,43.6257185339928,160.960724972188,0,496.804705142975,0,240.418969005346,0,9.39845880866051,0,533.113342449069,0,106.91836438328,0.588461592793465,8.46347932517529,0,207.241576738656,41.4182955473661,796.013240337372,1.85735429823399,1342.05526661128,41.5241193473339,302.165827266872,0,1728.2438492775,12.2191425561905,1.35020260512829
0,0,11.5955201387405,0,79.9966819286346,0,0,0,0,0,0,0,0,0,0,0,0,0,0,0,0,0,0,0,0,0,0,0,0,0,0,0,0,0,0,0,0,0,0,0,0,0,0,0,0,0,0,0,0,0,0,0,0,0,1.8648384809494,0,0,0,0,0,0,0,0,0,0,0,0,0,0,0,0,0,0,0,0,0,0,0,0,0,0,0,0,0,0,0,0
0,13.5051220357418,0,117.286714732647,0,899.512933313847,0,171.731811136007,0,0,0,0,0,73.1499750614166,0,4.7726583480835,0,0,0,0,0,0,0,0,0,0,0,0,0,0,0,0,0,0,0,0,0,0,0,0,0,0,0,0,0,0,0,0,0,1.43487519025803,0,0,0,209.498061478138,0,0,0,112.075900405645,0,155.012427419424,0,48.1116192340851,0,0,0,0,0,0,0,0,0,0,0,0,0,0,0,0,0,0,0,0,234.073346525431,0,0,0,0
0,0,0,0,0,0,0,0,0,0,0,0,0,0,0,0,0,0,0,0,0,0,0,0,0,0,0,0,0,0,0,0,0,0,0,0,0,0,0,0,0,0,0,0,0,0,0,0,0,0,0,0,0,0,0,0,0,0,0,0,0,0,0,0,0,0,0,0,0,0,0,0,0,0,0,0,0,0,0,0,0,0,0,0,0,0,0
0,0,0,0,0,29.4750610589981,0,578.44790121913,0,0,0,0,0,23.7709653377533,0,0,0,0,0,0,0,0,0,0,0,0,0,0,0,0,0,0,0,0,0,0,0,0,0,0,0,0,0,0,0,0,0,0,0,0,0,209.498061478138,0,0,0,0,0,67.1683024168015,0,33.3557605743408,0,0,0,0,0,0,0,0,0,0,0,0,0,0,0,0,0,0,0,0,0,0,0,0,0,0,0
52.4891872406006,0,27.7359611988068,0,0,0,0,0,281.231604218483,0,0,0,0,0,0,0,4.13081784546375,2.4241957962513,0,0,0,0.505709290504456,0.264213651418686,0,6.43710279464722,0,0,0,0,0,0,0,0,0,0,0,0,0,0,0,0,0,0,0,0,0,0,0,5.99740219116211,0,1.8648384809494,0,0,0,0,0,0,0,0,0,0,0,0,0,0,0,0,1.51112431287766,0,0,0,0,0,0,0,0,0,0,0,0,0,27.8980848193169,24.5903135091066,0,9.44704750180244,0,0
0,189.088354080915,0,41.3583557605743,0,111.933605730534,0,0,0,386.501459211111,0,0,0,0,0,10.7593339383602,0,6.65522468090057,0,0,0,1.52089321613312,0,16.1766959428787,0,0,0,0,0,0,0,0,0,0,0,0,0,0,0,0,0,7.17424935102463,0,0,0,0,0,0,0,0.486462950706482,0,0,0,0,0,0,0,0,0,0,0,0,0,0,0,0,0,0,0,0,0,0,0,0,0,0,0,0,0,0,0,0,6.62916141748428,0,47.5085277855396,0,0
0,0,0,0,0,0,0,0,0,0,498.968227624893,0,0,0,0,0,0,0,0,0,15.1534130424261,0,2.84524309635162,0,0,0,0,0,0,0,0,0,0,0,0,0,0,0,10.3568476438522,0,0.896311305463314,0,4.04778419435024,0,0.242257922887802,0,9.27360557019711,0.563767969608307,421.181733250618,0,0,0,0,0,0,0,0,0,216.501479119062,0,75.6368147730827,0,0,109.82544490695,0,0,0,0,0,0,0,440.999763190746,0,359.292453616858,0,0,0,0.432624533772469,0,4.09732189029455,0,73.5947546064854,6.27462300658226,0,420.104405552149,0,0
0,1,0,0.216985240578651,0,68.6625089943409,0,81.0755041837692,0,0,0,1866.21417087317,0,55.8984885811806,0,0,0,0.232578247785568,1.12898749113083,60.3054482191801,0,1.21332411468029,0,0,0,0,0,99.6759704947472,0,80.6820021569729,0,0,0,0,0,0.131526976823807,0,17.9522529244423,0,2.45678363740444,0,116.473803825676,0,0,0,5.04871620237827,0,0,0,109.2574852705,0,112.075900405645,0,67.1683024168015,0,0,0,0,0,374.707709550858,0,6.55753028392792,195.007649511099,0,12.1374660432339,0,0,0,0,0,1071.8918415606,0,1412.60458227992,0,0,0,0,0,3.03134134411812,0,79.5345015823841,0,19.102597206831,0,137.587803989649,0,0
0,0,4.73818278312683,0,1,0,0,0,0,0,71.5474410057068,0,144.599429547787,0,0,0,0,0,0,0,0,0,0,0,0,0,0,0,0,0,0,0,0,0,0,0,0,0,0,0,0,0,0,0,0,0,0,0,0,0,0,0,0,0,0,0,216.501479119062,0,0,0,0,0,0,0,0,0,0,0,0,0,0,233.950249373913,0,0,0,0,0,0,0,0,0,0,27.6246380805969,0,0,0,0
0,0,0,0,0,60.5540326833725,0,50.9791758060455,0,0,0,2.3127413392067,0,1481.441116184,0,14.6381448507309,0,0,0,0,0,0,0,0,0,0,0,0.771022915840149,0,0,0,0,0,0,0,0,0,0,0,0,0,0,0,0,0,0,0,0,0,3.52110475301743,0,155.012427419424,0,33.3557605743408,0,0,0,374.707709550858,0,0,0,9.66287016868591,0.75061908364296,0,0,0,0,0,0,0,261.895477414131,0,0,0,0,0,0,0,0,0,0,0,80.4575968980789,6.28832376003265,0,0,0
2.33974289894104,0,0,0,4,0,0,0,1.0154749751091,0.370468378067017,0,0,0,0,4.95156911015511,0,54.0008996278048,27.0513944923878,0.404226839542389,0,0,0.580584406852722,7.37056654691696,0,1.14118985831738,1.07951986789703,19.129901394248,0,0,0,0,0,0,0,0,0,0,0,0,0,0,0,0,0,0,0,0,0,65.9912188649178,0,0,0,0,0,0,0,75.6368147730827,0,0,0,0,0,0,0,0,0.274579077959061,0.794273555278778,0,0.809639126062393,81.6789809912443,0,0,0,0,0,0,0,0,0,0,0,0,27.8811456114054,6.04247418045998,8.91464829444885,0,0
0,79.1734717190266,0,22.3146683573723,0,40.977498292923,0,0,0,0,0,0,0,63.0542320013046,0,57.7373749613762,3.11345881223679,241.229938179255,0,0,0,0.80793160200119,0,0.968574941158295,0,8.91348189115524,0,0,0,0,0,0,0,0,0,0,0,0,0,0.273532390594482,0,0,0,0,0,0,0,0,0,43.6257185339928,0,48.1116192340851,0,0,0,0,0,6.55753028392792,0,9.66287016868591,0,0,0,0,0,0,2.06425356864929,0,10.7934791445732,0,0,0,0,0,0,0,0,0,0,0,0,0,51.1434473395348,22.0772419273853,0,0,0
0,0,0,54.4233422726393,0,0,0,0,0,0,0,31.9500575959682,0,0,0,0,0.181028857827187,9.59441746771336,25.4908322766423,1368.69020615518,0,0,0,0,0,0,0,3.72038885951042,0,2.70293083786964,0,0,0,1.48346962034702,0,222.419789798558,0,65.6041909083724,0,91.5744210928679,0,229.992896825075,0.401203960180283,2.21364849805832,0,2572.04397569597,0,11.8741034269333,0,160.960724972188,0,0,0,0,0,0,0,195.007649511099,0,0.75061908364296,0,0,0,0,1.26021707057953,0,0,0,0,0,67.9123833328485,0,611.998663753271,0,0,0,5.37315179407597,0,1642.5601202324,0.0997317358851433,668.46587383002,0,183.880514398217,0,529.321990132332,7.97328938543797,0
0,0,34.8776286542416,0,0,0,0,0,0,0,5.69888865947723,0,0,0,0,0,0,0,5.51634296029806,0,356.724849954247,0,0.291206210851669,0,0,0,0,0,0,0,0,0,0,1.13690470159054,16.2810783088207,0,118.146768435836,0,11.3406177908182,0.165712118148804,47.582696840167,0,171.145351305604,0,2.53478573262691,0,900.827731005847,26.8750629425049,249.072195142508,0,0,0,0,0,0,0,109.82544490695,0,0,0,0,0,0,0,0,0,0,0,0,0.242476478219032,0,15.680497944355,0,200.233006745577,0,0,0,9.32952708005905,0,1258.04188690335,0,660.651841133833,70.2077232897282,0,789.846308387816,0,1.58192750811577
0,0,0,0,0,0,0,0,0,18.9288690388203,0,0,0,0,0,8.4266756772995,66.3632844388485,317.872717276216,13.0656191259623,0,0,5303.87496855855,8.20658469200134,43.3347540199757,0,19.2484799027443,1.12092050909996,121.882780596614,0,0,0,0,0,0,0,0,0,334.366269797087,0,0,0,2.65110945701599,0.267477542161942,0.427502453327179,0,0,0,0,0.246287509799004,496.804705142975,0,0,0,0,0,0,0,12.1374660432339,0,0,0,0,1.26021707057953,0,0,0,42.9250364303589,0,18.1972509026527,0.529000461101532,1104.3443493396,0,1.30065786838531,0,0,0,0,0,0,5.13266658782959,371.332138597965,0,216.811939761043,6.42338362336159,0.328232735395432,0,0
0,0,0,0,0,0,0,0,2.08605864644051,3.04776978492737,0,0,0,0,1.21517071127892,0,70.9168050289154,21.2636500597,10.6265696883202,0,0,0,5145.46097572148,2.08003687858582,24.7569705247879,0,19.9955831170082,0,0,0,0,0,0,0,0,0,0,0,154.46107301116,0,0,0,1.28348910808563,0,0,0,0.256011366844177,0,119.943458944559,0,0,0,0,0,0,0,0,0,0,0,0.274579077959061,0,0,0,0,0,0,6.94886630773544,0,2.77141614258289,0,3.49008455872536,0,8.276038646698,0,0,0,0,0,0,0,100.422111570835,243.900010019541,34.8607049584389,0,0,0
0,0,0,0,0,0,0,0,10.4834555089474,137.742200806737,0,0,0,0,0.288161873817444,5.07139784097672,157.664939135313,752.42030711472,48.5402760207653,0,0,138.587184235454,3.41878366470337,163.411620289087,4.28515100479126,24.3620259165764,17.0464486926794,0,0,0,0,0,0,0,0,1.28770709037781,0,49.8041760921478,0,0.208665117621422,1.17889559268951,1.3867300003767,0.244308963418007,0,0,0,0,0,0,240.418969005346,0,0,0,0,0,0,0,0,0,0,0.794273555278778,2.06425356864929,0,0,42.9250364303589,0,0,0,26.5144277513027,8.18372866511345,45.0981397926807,0,0,0,0,0,0,0,1.10226546227932,2.63773864507675,103.840274810791,0,455.917757719755,20.7720684409142,7.09450685977936,0,0
0,0,0,0,0,0,0,0,3.41536000370979,0,0,0,0,0,0,0,2.05272135138512,0,0,0,0,0,3.10885459184647,0,340.290402233601,0,0,0,0,0,0,0,0,0,0,0,0,0,186.162552073598,0,0,0,0,0,0,0,0,0,68.1950366795063,0,0,0,0,0,1.51112431287766,0,0,0,0,0,0,0,0,0,0,6.94886630773544,0,0,0,0,0,0,0,0,0,0,0,0,0,0,0,240.157776579261,174.002059310675,0,41.7846003770828,0,0
0,0,0,0,0,0,0,0,5.49055755138397,22.3068344593048,0,0,0,4.54558306932449,4.66615974903107,51.8703165650368,118.138639032841,1458.34288927913,18.6214473098516,0,0,331.302583411336,0.496491342782974,134.298743486404,0,575.348454400897,2.80253255367279,18.1455626636744,0,0,0,0,0,0,0,0,0,0,0,1.57038938999176,0,0.118589952588081,2.5508770942688,0,0,0,0,0,0,9.39845880866051,0,0,0,0,0,0,0,0,0,0,0.809639126062393,10.7934791445732,0,0,18.1972509026527,0,26.5144277513027,0,0,5.23272296786308,70.3337709009647,0,0,0,0,0,0,0,0,0,1.24908494949341,0,305.577716827393,37.2089336812496,0,0,0
0,0,0,0,0,0,0,0,31.487027451396,0,0,0,0,0,107.512054741383,1.58140470087528,1133.91839618981,164.434904485941,58.2206672132015,0,0,18.2550409138203,137.079072028399,6.49363847076893,22.4734011739492,0.728660076856613,389.564122036099,0,1.39338338375092,0,0,0,0,0,0,0,0,0,0,0,0,0,0,1.34785437583923,0,0,0,0,47.5915450453758,0,0,0,0,0,0,0,0,0,0,0,81.6789809912443,0,0,0.242476478219032,0.529000461101532,2.77141614258289,8.18372866511345,0,5.23272296786308,0,0,171.692090511322,0,0,0,0,0,0,0,0,0,0,306.337141305208,46.7045651674271,0,0,0
0,0,0,0.169570401310921,0,0,0,0,0,0,0,46.5818976461887,0,15.3886115550995,0,0,0,38.0040802955627,0.847206711769104,3.34520581364632,0,461.534212589264,0,0,0,15.7859817147255,0,1546.1024928838,0,17.774306178093,0,0,0,0,0,0,0,53.6987523436546,0,2.97193007171154,0,50.0959298312664,0,0,0,7.5114804059267,0,0.409215897321701,0,533.113342449069,0,0,0,0,0,0,0,1071.8918415606,0,261.895477414131,0,0,67.9123833328485,0,1104.3443493396,0,45.0981397926807,0,70.3337709009647,0,0,0,1030.61638578773,0,0,0,0.247385933995247,0,0.838984429836273,0.130283251404762,704.721285775304,0,24.4258107841015,0,82.893928989768,5.66359275579453,0
0,0,0,0,0,0,0,0,0,0,0,0,0,0,0,0,0,0,0,0,2.44107097387314,0,1.25371897220612,0,0,0,0,0,413.091137558222,0,0,0,0,0,0,0,0,0,28.1549653708935,0,0,0,0,0,0,0,3.19440516829491,0,491.06030446291,0,0,0,0,0,0,0,440.999763190746,0,233.950249373913,0,0,0,0,15.680497944355,0,3.49008455872536,0,0,0,171.692090511322,0,0,0,346.130238234997,0,0,0,0,0,0.115536123514175,0,5.97919157147408,0,0,60.4080600738525,0,0
