0,0,7.80694816398621,0,0,0,0,0,5.90200654359964,0,0,0,0,0,0,0,43.2471122741699,85.0924606323242,13.6939973898023,0,28.7386779785156,0,0,0,10.0484057267507,0,0,0,0,0,0,0,0,0,0,0,53.0159317016602,0,14.2386118673509,0,38.7738075256348,0,19.2356194388482,0,0,0,21.0602945847945,35.4591722488403,12.677433015046,0,26.9087657928467,0,0,0,7.3062585090336,0,22.0445766448975,0,0,0,11.8623499572277,0,0,38.2969483875093,0,0,0,9.39012370109558,0,0,0,23.1369152069092,0,23.5310225486755,0,0,0,0,0,41.313598737942,67.7002105712891,33.1118323516846,9.72510343138911,33.5826543172201,16.3080596196991,0,0
0,0,0,3.71443911820404,0,0,0,0,0,4.67644312486544,0,0,0,0,0,5.09456604177302,42.3977165222168,81.3412399291992,9.8256556662211,0,0,0,0,9.48795890808105,0,0,0,0,0,0,0,0,0,0,0,54.0668506622314,0,20.7796941863166,0,33.2117282643038,0,21.6421706745733,0,0,0,20.0581409454346,0,0,0,5.90723532167348,0,0,0,0,0,4.81459441184998,0,8.90603040879773,0,5.78216571807861,0,5.61439147065668,43.5340442657471,0,0,0,8.26892407735189,0,0,0,0,0,24.305862903595,0,0,0,0,0,41.3588391994608,85.0570297241211,10.0253620147705,0,11.6136465675228,0,13.7909094105315,10.7349376678467,0
7.80694816398621,0,0,0,10.9396944046021,0,0,0,9.60354875222496,0,0,0,0,0,0,0,0,0,19.8786521752675,0,0,0,0,0,0,0,0,0,0,0,0,0,0,0,0,35.885555267334,38.1728909643073,0,28.174128595988,0,38.2290725708008,46.4694061279297,30.8015699814253,0,0,0,26.8046627044678,0,22.8548988559029,0,8.43506893618354,0,0,0,8.76314741089231,0,8.2594523879065,0,4.59009158611298,0,6.4566027081531,0,0,40.2961502075195,0,0,0,26.3278376261393,0,0,0,33.3082885742188,0,30.3154258012772,0,0,0,0,0,36.9711473253038,0,26.8527879714966,12.5271132986926,22.8098711740403,23.3716424715888,0,16.048454284668
0,3.71443911820404,0,0,0,10.8379940390587,0,0,0,7.68938096912428,0,0,0,0,0,0,73.2412872314453,0,38.8332768002072,0,0,0,0,23.1413593292236,0,0,0,0,0,0,0,0,0,0,0,23.0764625337389,35.1825981140137,28.2205954960414,0,40.0565003362195,0,35.0668825125595,38.0437507629395,0,0,24.202177958055,0,35.5630760192871,32.7526615990533,13.1300632038782,0,9.94241875032835,0,0,0,9.01361476543338,0,7.52331924960561,0,5.97902998057279,0,6.16410513134564,26.5315900282426,0,0,0,0,0,0,0,0,0,30.7931081075517,98.1428833007812,0,0,0,0,40.5150342609571,95.9781875610352,44.1717215643989,0,20.8852895746628,25.3819001019001,24.3557898635328,27.6532571792603,43.5998268127441
0,0,10.9396944046021,0,0,0,3.5911376953125,0,4.7897133732264,0,0,0,0,0,4.74136691934922,0,0,0,56.9280166625977,0,8.11623415350914,0,0,0,0,0,0,0,0,0,0,0,0,0,0,0,26.9294782051673,0,0,0,0,0,44.5598193359375,0,0,0,0,0,40.1309289932251,0,4.10939068296062,0,4.29967484209273,0,3.70873117446899,0,17.419467608134,0,0,0,5.73951685017553,0,0,12.2549300193787,0,0,0,0,0,0,0,0,0,50.6719614664714,0,0,0,0,43.8456344604492,20.0366039276123,0,0,6.03719190356035,35.7241477966309,29.3725873128228,0,0
0,0,0,10.8379940390587,0,0,0,4.50799365856188,0,3.95262630780538,0,0,0,3.70769663155079,0,6.00158871953183,0,0,59.2565031051636,3.45655965805054,0,0,0,0,0,0,0,0,0,0,0,0,0,0,0,22.2728033065796,0,0,0,61.8437652587891,0,44.7838767051697,63.3500137329102,0,0,58.7984924316406,0,0,46.242057800293,39.8457260131836,0,4.06359238851638,0,3.40236546776511,0,6.16966063326055,0,9.99381758107079,0,3.37971271966633,0,6.98128325957105,0,0,0,0,0,0,0,0,0,0,41.2759170532227,0,0,0,0,0,36.9495871067047,101.36742401123,83.5880355834961,0,7.79731303412339,18.4963488578796,29.6635591901582,38.2670631408691,0
0,0,0,0,3.5911376953125,0,0,0,0,0,0,0,0,0,0,0,0,0,0,0,2.78901309233445,0,0,0,0,0,0,0,0,0,0,0,0,0,0,0,0,0,0,0,0,0,0,0,0,0,0,0,0,0,3.19983631914312,0,3.45176094444618,0,0,0,0,0,2.98238756543114,0,0,0,0,0,0,0,0,0,0,0,0,0,0,0,0,0,0,0,0,0,0,0,2.98703112602234,0,0,0,0
0,0,0,0,0,4.50799365856188,0,0,0,0,0,5.04320102078574,0,3.12885398303761,0,0,0,0,0,3.58389854431152,0,0,0,0,0,0,0,0,0,0,0,0,0,0,0,0,0,0,0,0,0,0,0,0,0,0,0,0,0,0,0,4.55468203340258,0,3.55421278036263,0,0,0,5.0888188680013,0,2.79484534263611,0,0,8.23005771636963,0,0,0,0,0,0,0,0,0,0,0,0,0,0,0,0,0,0,0,4.83886151525709,0,0,0,0
5.90200654359964,0,9.60354875222496,0,4.7897133732264,0,0,0,0,0,0,0,0,0,3.42832744532618,0,19.7250652313232,0,46.6828937530518,0,12.4192514419556,0,0,0,5.26078555957381,0,0,0,0,0,0,0,0,0,0,40.0542030334473,40.9326580592564,0,9.35546709940984,0,47.9636154174805,0,26.6116931148779,0,0,0,72.4399261474609,0,22.4546262025833,0,5.34798308213552,0,0,0,4.50220035505252,0,21.7630907058716,0,12.6881237030029,0,4.24785296286944,0,0,0,0,0,0,5.37500995280696,0,3.96370657285055,0,21.9315929412842,0,30.1700256347656,0,0,0,0,0,72.0188274383545,97.3600082397461,10.7724873967793,9.39757123945075,30.849360704422,24.7386178597392,0,42.017390203476
0,4.67644312486544,0,7.68938096912428,0,3.95262630780538,0,0,0,0,0,0,0,0,0,4.22907179698609,0,0,38.345142364502,0,0,0,0,5.00365000817834,0,0,0,0,0,0,0,0,0,0,0,19.4025046608665,0,8.16223241626352,0,48.0365791320801,0,46.1779384613037,42.2403106689453,0,0,0,0,0,0,11.2202900998733,0,0,0,0,0,4.94890385808963,0,11.5694743565151,0,0,0,4.09234725752252,0,0,0,0,4.51200680694883,0,2.9713285186074,0,0,0,38.9027627309163,0,0,0,0,0,38.172402381897,0,11.7419661567325,0,5.2117393661377,20.5401719411214,28.3807864142399,0,0
0,0,0,0,0,0,0,0,0,0,0,0,3.13701876217887,0,0,0,0,0,0,0,3.1357011261271,0,0,0,0,0,0,0,7.52968935756122,0,7.19175885895551,0,0,0,0,0,7.0544307572501,0,3.52844813176653,0,0,0,0,0,0,0,0,0,0,0,0,0,0,0,0,0,6.63266326881811,0,3.1465507293322,0,0,0,0,0,0,0,0,0,0,0,0,0,0,9.47000339310928,0,0,0,0,0,0,0,10.0381595779577,3.55121308511442,3.80480933189392,0,0,0
0,0,0,0,0,0,0,5.04320102078574,0,0,0,0,0,3.12706258956422,0,0,0,0,0,3.5314101739888,0,0,0,0,0,0,0,0,0,5.8825072089831,0,0,0,0,0,4.05728577574094,0,3.65327278389434,0,0,0,0,0,0,0,0,0,0,0,0,0,0,0,4.76393038492936,0,0,0,6.62119650300731,0,3.21361831643365,0,0,4.59670757425242,0,0,0,0,0,0,0,3.08601307868958,0,10.2365181002506,0,0,0,0,0,6.6882068434758,0,3.83501621734264,0,4.09642008940379,0,0,0,0
0,0,0,0,0,0,0,0,0,0,3.13701876217887,0,0,0,5.92458731156808,0,0,0,0,0,0,0,0,0,0,0,0,0,0,0,2.96781704823176,0,0,0,0,0,0,0,0,0,0,0,0,0,0,0,0,0,0,0,0,0,0,0,0,0,0,0,5.26743465092354,0,5.29234369039535,0,0,0,0,0,0,0,0,0,0,0,0,0,0,0,0,0,0,0,0,0,3.41712953885396,4.01258850097656,0,0,0
0,0,0,0,0,3.70769663155079,0,3.12885398303761,0,0,0,3.12706258956422,0,0,0,3.11202301979065,0,0,0,0,0,0,0,0,0,0,0,2.91936223595231,0,0,0,0,0,0,0,0,0,0,0,0,0,0,0,0,0,0,0,0,0,0,0,3.11146838324411,0,3.83243298530579,0,0,0,0,0,3.47857774903135,0,3.19782828622394,0,0,0,0,0,0,0,0,3.10091747957117,0,0,0,0,0,0,0,0,0,0,0,3.41989804334182,0,0,0,0
0,0,0,0,4.74136691934922,0,0,0,3.42832744532618,0,0,0,5.92458731156808,0,0,0,0,0,0,0,0,0,0,0,0,0,0,0,0,0,0,0,0,0,0,0,0,0,0,0,0,0,0,0,0,0,0,0,0,0,4.46803614672493,0,0,0,4.80950142719128,0,0,0,4.58159437179565,0,4.04175962054211,0,0,0,0,0,0,0,0,0,0,0,0,0,0,0,0,0,0,0,0,0,0,0,0,0,0
0,5.09456604177302,0,0,0,6.00158871953183,0,0,0,4.22907179698609,0,0,0,3.11202301979065,0,0,0,7.38835763931274,0,0,0,0,0,0,0,0,0,0,0,0,0,0,0,0,0,0,0,0,0,0,0,0,0,0,0,0,0,0,0,2.85766577720642,0,6.7592114660475,0,0,0,3.75892929236094,0,0,0,2.89065778255463,0,3.37840975967108,0,0,0,0,5.9812479019165,0,0,0,0,0,0,0,0,0,0,0,0,0,0,0,7.28232166622624,3.09010264608595,0,0,0
43.2471122741699,42.3977165222168,0,73.2412872314453,0,0,0,0,19.7250652313232,0,0,0,0,0,0,0,0,21.0681295752265,21.2590363556197,0,58.7795206705729,0,3.86703719371973,0,9.92323875427246,41.7326622009277,4.92273800282539,0,0,0,0,0,0,0,0,109.727268218994,91.2694473266602,0,83.0792865753174,74.1918854077657,66.2065181176639,62.00216106068,49.9174284795572,0,47.0837478637695,63.2247426316545,60.1442219081678,0,55.538158416748,0,0,0,0,0,0,0,68.7745971679688,67.674201965332,0,0,0,0,74.1335838719418,73.6995403802217,0,0,0,0,0,3.38351683105741,0,0,71.7773704528809,72.5391648032448,0,0,0,0,82.790703054247,77.0253355270042,83.7342108449628,70.3604299645675,14.7865995162952,5.61402269241945,59.0735753253102,58.0976443571203,46.1890381732619
85.0924606323242,81.3412399291992,0,0,0,0,0,0,0,0,0,0,0,0,0,7.38835763931274,21.0681295752265,0,21.8734963682264,0,0,0,49.975341796875,0,0,4.02328581753231,0,0,0,0,0,0,0,0,0,96.2073834228516,106.789283752441,91.8542037963867,0,70.1348403598951,79.6747589906057,56.1328965910188,68.5033105214437,0,0,63.4154959458571,70.7012059529622,0,0,65.7075481414795,0,0,0,0,0,0,0,76.4143358866374,0,0,0,63.9955291748047,76.1864041059445,84.2590151468913,3.81558260164763,0,0,0,4.04797601699829,0,0,0,68.4614276885986,76.0916404724121,0,0,0,0,84.0595795402314,85.4389230728149,69.6231182911357,83.6500254030581,13.4178566482783,7.29028811368123,65.902348263163,45.0097273156998,63.4630140304565
13.6939973898023,9.8256556662211,19.8786521752675,38.8332768002072,56.9280166625977,59.2565031051636,0,0,46.6828937530518,38.345142364502,0,0,0,0,0,0,21.2590363556197,21.8734963682264,0,0,44.1309064718393,0,0,16.8388652801514,0,39.792441368103,0,0,0,0,0,0,0,0,0,66.5888502390962,73.5037015089348,61.4770258421539,63.9509081840515,46.2372879098243,46.7543168364719,22.9656142936356,23.9311182718894,10.3849251270294,23.7973079681396,40.3980730572075,39.8121799745969,39.9117698669434,11.9833948381485,29.6728275177327,77.8461837768555,48.4237079620361,0,0,0,48.5700340270996,49.9077224731445,40.0364149879007,38.1410484313965,0,60.2089767456055,38.0863189697266,52.5169826998855,53.090875106898,0,0,0,0,0,0,0,48.5777225494385,38.9399099017298,42.3627731305663,0,0,0,0,55.209600295487,54.8284944533679,42.4051158682814,50.998296342523,13.854003823526,30.103951215744,34.2917236230925,22.4477940901999,26.499427722848
0,0,0,0,0,3.45655965805054,0,3.58389854431152,0,0,0,3.5314101739888,0,0,0,0,0,0,0,0,0,0,0,0,0,0,0,0,0,0,0,0,0,0,0,3.5358591359925,0,5.28433727676218,0,50.7573738098145,0,0,0,0,0,14.3114707640239,0,0,0,0,0,4.69973419433416,0,4.46849886576335,0,0,0,4.97545298692342,0,0,0,0,5.88834181846117,0,0,0,0,0,0,0,0,0,6.05734825134277,0,0,0,0,0,5.02230974921474,0,12.4763979911804,0,3.53049935484832,0,10.1150410071663,0,0
28.7386779785156,0,0,0,8.11623415350914,0,2.78901309233445,0,12.4192514419556,0,3.1357011261271,0,0,0,0,0,58.7795206705729,0,44.1309064718393,0,0,0,0,0,0,0,0,0,0,0,0,0,0,0,0,0,5.94350278273614,0,5.54649314380461,0,55.9794677734375,0,28.0541648864746,0,0,0,18.9633565000866,0,52.7146174112956,0,20.6418075561523,0,0,0,0,0,5.93452725509288,0,0,0,0,0,0,7.5206858179477,0,0,0,0,0,0,0,0,0,20.6845950126648,0,0,0,0,0,7.11996545534971,0,14.1376747851278,4.86141803244065,0,17.6795686167829,0,19.3092606408255
0,0,0,0,0,0,0,0,0,0,0,0,0,0,0,0,0,0,0,0,0,0,4.5850645115501,5.82706718146801,0,3.14014821505024,0,2.9004705324769,0,0,0,0,0,0,0,0,0,5.84231233710878,0,0,0,0,0,0,0,0,0,0,0,12.3121189962734,0,0,0,0,0,0,0,0,0,0,0,0,0,0,5.03769714034983,0,6.62587410525272,0,7.09364437549672,0,9.46540143837531,0,0,0,0,0,0,0,0,0,5.06359487089018,0,4.23000989624711,4.63114756384706,0,0,0
0,0,0,0,0,0,0,0,0,0,0,0,0,0,0,0,3.86703719371973,49.975341796875,0,0,0,4.5850645115501,0,0,5.13255855273886,0,4.76295965473826,0,3.57881422042847,0,0,0,0,0,0,0,0,0,6.98540087405479,0,0,0,0,0,0,0,0,36.184497833252,19.3725838131375,0,0,0,0,0,0,0,0,0,0,0,0,0,0,0,5.26998475290114,5.03176823549165,0,6.37681662632869,0,9.78060170254488,0,7.13886732899624,0,0,0,0,0,0,0,0,0,9.77289927005768,5.50924806879528,5.51029409603639,24.5644138336182,0,0
0,9.48795890808105,0,23.1413593292236,0,0,0,0,0,5.00365000817834,0,0,0,0,0,0,0,0,16.8388652801514,0,0,5.82706718146801,0,0,0,4.17931374044979,0,0,0,0,0,0,0,0,0,0,0,6.08878254841385,0,0,0,0,0,0,0,0,0,0,0,0,0,0,0,0,0,7.3344481865565,0,0,0,0,0,0,0,0,6.84861522272599,0,4.83933654004035,0,5.55357138108876,0,11.5737721125285,0,0,0,0,0,0,0,0,0,9.34891259748172,0,4.76399451494217,0,7.92882982889811,0,0
10.0484057267507,0,0,0,0,0,0,0,5.26078555957381,0,0,0,0,0,0,0,9.92323875427246,0,0,0,0,0,5.13255855273886,0,0,0,4.01763659318288,0,0,0,0,0,0,0,0,0,0,0,8.67121156234646,0,0,0,0,0,0,0,0,26.9875431060791,14.6758609130734,0,0,0,0,0,5.63614922688932,0,0,0,0,0,5.996490750994,0,0,0,0,6.19364688131544,0,4.7579347422973,0,3.87612216281891,0,0,0,0,0,0,0,0,0,0,0,11.3345658108196,5.98486357903385,0,13.9256139969339,0,0
0,0,0,0,0,0,0,0,0,0,0,0,0,0,0,0,41.7326622009277,4.02328581753231,39.792441368103,0,0,3.14014821505024,0,4.17931374044979,0,0,0,3.9876405275785,0,0,0,0,0,0,0,0,0,0,0,0,0,0,0,0,0,0,0,0,0,0,0,0,0,0,0,0,0,0,0,0,0,0,0,0,4.6549066888875,0,5.54065264504531,0,5.64193475158126,0,0,0,0,0,0,0,0,0,0,0,0,0,3.16911044716835,0,0,0,0
0,0,0,0,0,0,0,0,0,0,0,0,0,0,0,0,4.92273800282539,0,0,0,0,0,4.76295965473826,0,4.01763659318288,0,0,0,0,0,0,0,0,0,0,0,0,0,0,0,0,0,0,0,0,0,0,0,0,0,0,0,0,0,0,0,0,0,0,0,0,0,0,0,0,4.57966065406799,0,2.99096167087555,0,3.97508252864819,0,2.75129771232605,0,0,0,0,0,0,0,0,0,0,6.16163418633597,0,0,0,0
0,0,0,0,0,0,0,0,0,0,0,0,0,2.91936223595231,0,0,0,0,0,0,0,2.9004705324769,0,0,0,3.9876405275785,0,0,0,2.87940269250136,0,0,0,0,0,0,0,2.74171161651611,0,0,0,0,0,0,0,0,0,0,0,0,0,0,0,0,0,0,0,0,0,0,0,0,0,0,3.67542797181664,0,0,0,0,0,3.60638157115893,0,0,0,0,0,0,0,0,0,6.01974803209305,0,3.25315678504206,0,0,0,0
0,0,0,0,0,0,0,0,0,0,7.52968935756122,0,0,0,0,0,0,0,0,0,0,0,3.57881422042847,0,0,0,0,0,0,0,5.93358578366682,0,0,0,0,0,0,0,0,0,0,0,0,0,0,0,0,0,0,0,0,0,0,0,0,0,13.7572159767151,0,3.01833302634103,0,0,0,0,0,0,5.05415920416514,0,0,0,0,0,4.15381952782004,0,8.99318021877556,0,0,0,0,0,0,0,8.53487586975098,3.7515055464807,0,0,0,0
0,0,0,0,0,0,0,0,0,0,0,5.8825072089831,0,0,0,0,0,0,0,0,0,0,0,0,0,0,0,2.87940269250136,0,0,0,0,0,0,0,0,0,7.58749327153871,0,0,0,0,0,0,0,0,0,0,0,0,0,0,0,0,0,0,0,4.09139060974121,0,0,0,0,0,0,0,0,0,0,0,0,3.31094531973531,0,4.58189914547941,0,0,0,0,0,0,0,6.77206623390929,0,0,0,0,0,0
0,0,0,0,0,0,0,0,0,0,7.19175885895551,0,2.96781704823176,0,0,0,0,0,0,0,0,0,0,0,0,0,0,0,5.93358578366682,0,0,0,0,0,0,0,0,0,3.27351195537127,0,0,0,0,0,0,0,0,0,0,0,0,0,0,0,0,0,7.22900725124839,0,0,0,0,0,0,0,0,0,0,0,0,0,0,4.46073205947876,0,5.60706472054213,0,0,0,0,0,0,0,6.0365269780159,4.05045760911087,0,0,0,0
0,0,0,0,0,0,0,0,0,0,0,0,0,0,0,0,0,0,0,0,0,0,0,0,0,0,0,0,0,0,0,0,3.63732049942017,11.9805838745087,10.463564491272,3.72825815136306,4.40877791813442,0,0,0,0,0,0,0,0,0,0,7.83234222685428,15.2832870483398,4.01694686214129,0,0,0,0,0,0,0,0,0,0,0,0,0,0,0,0,0,0,0,0,0,0,0,0,7.15648903767612,4.88629965709917,4.25335368554886,0,12.5847789525986,4.17186424606725,0,0,3.43115877523655,0,6.18441390991211,0,0
0,0,0,0,0,0,0,0,0,0,0,0,0,0,0,0,0,0,0,0,0,0,0,0,0,0,0,0,0,0,0,3.63732049942017,0,8.57913511991501,8.98644700357991,0,22.2754081186622,0,0,0,0,0,0,0,0,0,0,9.41830920706914,10.7968279634203,0,0,0,0,0,0,0,0,0,0,0,0,0,0,0,0,0,0,0,0,0,0,0,0,0,3.13221863204358,8.8308299289732,0,4.29329911031221,0,17.2335093714334,0,0,4.80137050151825,0,0,0,0
0,0,0,0,0,0,0,0,0,0,0,0,0,0,0,0,0,0,0,0,0,0,0,0,0,0,0,0,0,0,0,11.9805838745087,8.57913511991501,0,4.99704793491924,3.67049365930068,0,3.04205711682638,8.25486568450928,0,0,0,0,0,0,0,0,6.23635253586753,17.0307771458345,3.51477185317448,0,0,0,0,0,0,0,0,0,0,0,0,0,0,0,0,0,0,0,0,0,0,0,0,20.5971360020339,0,6.01649193991633,4.83565049576813,30.7418846743447,0,6.09880216598511,8.91234350204468,6.67608635863479,4.21089959144592,14.6592698891958,0,0
0,0,0,0,0,0,0,0,0,0,0,0,0,0,0,0,0,0,0,0,0,0,0,0,0,0,0,0,0,0,0,10.463564491272,8.98644700357991,4.99704793491924,0,0,23.2704056898753,7.89933588413092,3.38435129064028,0,0,0,0,0,0,0,0,5.55833328303608,10.8232334048249,0,0,0,0,0,0,0,0,0,0,0,0,0,0,0,0,0,0,0,0,0,0,0,0,0,0,14.0525396621391,5.22844002424781,4.79390978744987,0,8.38812199414495,4.01428155104319,3.2176394308767,6.62837903066115,3.20145351886749,23.0946321487427,0,0
0,54.0668506622314,35.885555267334,23.0764625337389,0,22.2728033065796,0,0,40.0542030334473,19.4025046608665,0,4.05728577574094,0,0,0,0,109.727268218994,96.2073834228516,66.5888502390962,3.5358591359925,0,0,0,0,0,0,0,0,0,0,0,3.72825815136306,0,3.67049365930068,0,0,4.60918925252072,8.02991176897237,0,74.1374614183293,106.838455200195,52.919360304678,110.339401245117,50.1743278503418,0,43.1928759466838,0,3.16444214185079,61.7774925231934,78.27197265625,42.1056871414185,19.3810029365647,0,0,0,32.4952377319336,37.4377784729004,12.9858656546165,39.8680267333984,18.922132174174,38.786735534668,21.4622478485107,6.45432841600727,0,0,0,0,0,0,0,0,0,70.2351254054478,75.1061007181803,5.36825276851654,0,7.60424626066878,0,6.67672671658027,7.47442738073213,15.0722855387814,0,8.09401839563767,5.43204510057127,26.3603512488756,47.7685148526082,0
53.0159317016602,0,38.1728909643073,35.1825981140137,26.9294782051673,0,0,0,40.9326580592564,0,7.0544307572501,0,0,0,0,0,91.2694473266602,106.789283752441,73.5037015089348,0,5.94350278273614,0,0,0,0,0,0,0,0,0,0,4.40877791813442,22.2754081186622,0,23.2704056898753,4.60918925252072,0,0,6.3348874565961,115.306579589844,34.3917687648051,88.3908443450928,63.7671434052136,0,0,113.352184295654,44.9466486307654,5.06539472658857,53.3425870259603,0,24.4961315893358,0,0,0,34.5343585968018,0,9.00186055605529,0,41.0552082061768,0,41.1927749088832,0,0,11.4211032994484,0,0,0,0,0,0,0,0,0,67.1346661494328,0,12.4783140375414,0,4.34192204879502,7.30442177022205,6.56129980256046,0,13.759134866495,6.85624416926876,4.10690283815877,22.7378716271669,109.533737182617,45.0400230119813
0,20.7796941863166,0,28.2205954960414,0,0,0,0,0,8.16223241626352,0,3.65327278389434,0,0,0,0,0,91.8542037963867,61.4770258421539,5.28433727676218,0,5.84231233710878,0,6.08878254841385,0,0,0,2.74171161651611,0,7.58749327153871,0,0,0,3.04205711682638,7.89933588413092,8.02991176897237,0,0,10.5250032301302,80.6751892089844,0,40.1438553584249,0,0,0,36.2792497297534,0,5.41360814212297,0,12.0208494168956,0,0,0,0,0,13.1869211583524,0,4.64506710318853,0,0,0,0,17.9485999415903,110.290397644043,9.73017906314386,0,9.33401317503846,0,0,0,7.93707962632179,0,26.724601829052,0,0,0,3.2393491268158,4.84599494934082,12.8474902855639,98.4073257446289,6.44574553859552,5.5027174949646,7.94613416048945,5.98762968734459,20.6117293792674,40.0552849088396,87.0729293823242
14.2386118673509,0,28.174128595988,0,0,0,0,0,9.35546709940984,0,3.52844813176653,0,0,0,0,0,83.0792865753174,0,63.9509081840515,0,5.54649314380461,0,6.98540087405479,0,8.67121156234646,0,0,0,0,0,3.27351195537127,0,0,8.25486568450928,3.38435129064028,0,6.3348874565961,10.5250032301302,0,0,70.4799811045329,20.1840076446533,25.1744335851362,0,0,73.6430053710938,34.1843192156623,6.72297801059999,14.4048886179924,0,0,0,0,0,9.58584971053928,0,4.72951691848476,0,0,0,29.3444185256958,0,0,13.6719898564855,0,12.4805957825427,0,8.33673331515264,0,9.86054420471191,0,0,0,4.38395505488952,0,0,9.27998900413513,2.87126384675503,0,10.2803004491916,2.78014237085978,6.50983535297986,6.55597015172796,6.9681621113339,17.1830406131927,0,42.3127196629842
0,33.2117282643038,0,40.0565003362195,0,61.8437652587891,0,0,0,48.0365791320801,0,0,0,0,0,0,74.1918854077657,70.1348403598951,46.2372879098243,50.7573738098145,0,0,0,0,0,0,0,0,0,0,0,0,0,0,0,74.1374614183293,115.306579589844,80.6751892089844,0,0,82.8984527587891,21.8090167960455,61.3692821775164,25.9323540872602,0,15.5398627696269,86.7976226806641,4.24908712009589,0,7.43549006956595,0,0,0,0,0,55.609073638916,0,46.3834569113595,0,0,0,0,10.9281110164984,93.5374002456665,0,0,0,0,0,0,0,0,49.8312690041282,88.4233169555664,0,0,0,0,30.1187777106579,95.5808362325033,55.8929293089443,96.5276311238607,36.6233648050179,43.4817461967468,21.0556443853605,30.9615042482104,70.3158628675673
38.7738075256348,0,38.2290725708008,0,0,0,0,0,47.9636154174805,0,0,0,0,0,0,0,66.2065181176639,79.6747589906057,46.7543168364719,0,55.9794677734375,0,0,0,0,0,0,0,0,0,0,0,0,0,0,106.838455200195,34.3917687648051,0,70.4799811045329,82.8984527587891,0,68.8223386492048,22.702918334511,0,25.0931933266776,79.5208086286272,13.4249912672447,0,6.98897784352303,0,52.1019515991211,69.2099914550781,0,0,45.3244667053223,0,48.8985748291016,0,0,0,42.4003047943115,0,81.2897758483887,17.8927823353929,0,0,0,0,0,0,0,0,86.7206522623698,47.3362570645516,0,0,0,0,100.806970035329,23.8414870811218,95.4952125549316,56.6934470305076,47.2291684433406,33.4629085063934,19.1722236740125,85.0399894714355,27.7395036786447
0,21.6421706745733,46.4694061279297,35.0668825125595,0,44.7838767051697,0,0,0,46.1779384613037,0,0,0,0,0,0,62.00216106068,56.1328965910188,22.9656142936356,0,0,0,0,0,0,0,0,0,0,0,0,0,0,0,0,52.919360304678,88.3908443450928,40.1438553584249,20.1840076446533,21.8090167960455,68.8223386492048,0,10.2285453766947,13.0159506807979,20.2053060531616,23.4534533171163,66.8162899017334,10.9191042918425,23.154567082723,19.2917870902848,0,45.5141763051351,0,0,0,40.7316825428947,0,22.7005240367009,0,27.8472434997559,0,38.1199012994766,28.2137983037714,83.8756814002991,0,0,27.2723293304443,0,0,0,0,0,23.7727012953637,58.0165824890137,0,0,0,0,33.5135659540261,83.2069082821117,30.916572693009,71.9268436431885,15.5166663533835,31.6145813759793,17.5990102127324,14.3000122006852,48.4706006731306
19.2356194388482,0,30.8015699814253,38.0437507629395,44.5598193359375,63.3500137329102,0,0,26.6116931148779,42.2403106689453,0,0,0,0,0,0,49.9174284795572,68.5033105214437,23.9311182718894,0,28.0541648864746,0,0,0,0,0,0,0,0,0,0,0,0,0,0,110.339401245117,63.7671434052136,0,25.1744335851362,61.3692821775164,22.702918334511,10.2285453766947,0,15.6546689987183,12.8762186589064,61.057079911232,18.9440154770052,15.2036622987277,18.6096703643709,23.6091548374721,46.1743100110222,46.9508743286133,0,0,30.9137066927823,42.6824569702148,25.3478473905931,63.6159801483154,32.3845820426941,0,27.9713607805747,0,52.9723968505859,32.4985682779913,0,0,0,0,0,0,0,30.6113873322805,66.0045700073242,24.1949471881778,0,0,0,0,86.2010008494059,32.7429959349239,77.3437703450521,41.5663356893203,16.5233111771946,32.0895122630256,16.9018407046881,62.7512906392415,12.9861663149463
0,0,0,0,0,0,0,0,0,0,0,0,0,0,0,0,0,0,10.3849251270294,0,0,0,0,0,0,0,0,0,0,0,0,0,0,0,0,50.1743278503418,0,0,0,25.9323540872602,0,13.0159506807979,15.6546689987183,0,0,20.8949849677808,0,0,0,33.8667907714844,0,0,0,0,0,0,0,0,0,0,0,0,31.5696392059326,0,0,0,0,0,0,0,0,0,0,0,0,0,0,0,35.1522095420144,0,0,0,7.39944685101509,13.6819953918457,8.73977051417033,11.860107421875,0
0,0,0,0,0,0,0,0,0,0,0,0,0,0,0,0,47.0837478637695,0,23.7973079681396,0,0,0,0,0,0,0,0,0,0,0,0,0,0,0,0,0,0,0,0,0,25.0931933266776,20.2053060531616,12.8762186589064,0,0,0,17.2730472992206,0,0,0,0,0,0,0,0,0,0,0,0,0,0,0,0,31.3884260995047,0,0,0,0,0,0,0,0,0,38.7973022460938,0,0,0,0,0,28.5896801948547,0,0,8.08580871061845,11.1543092727661,10.5577126502991,0,0
0,20.0581409454346,0,24.202177958055,0,58.7984924316406,0,0,0,0,0,0,0,0,0,0,63.2247426316545,63.4154959458571,40.3980730572075,14.3114707640239,0,0,0,0,0,0,0,0,0,0,0,0,0,0,0,43.1928759466838,113.352184295654,36.2792497297534,73.6430053710938,15.5398627696269,79.5208086286272,23.4534533171163,61.057079911232,20.8949849677808,0,0,76.290212419298,0,0,25.7825966113951,0,29.0206489562988,0,0,0,0,0,34.1855616898372,0,0,0,0,9.72311020580712,78.0773498535156,0,0,0,0,0,0,0,0,28.5915099847884,83.6602458953857,0,0,0,0,28.0256149121785,85.3429617881775,26.1813421398986,91.7775096893311,27.0813852601581,27.367748260498,17.902443275502,47.2249141361402,45.900868733724
21.0602945847945,0,26.8046627044678,0,0,0,0,0,72.4399261474609,0,0,0,0,0,0,0,60.1442219081678,70.7012059529622,39.8121799745969,0,18.9633565000866,0,0,0,0,0,0,0,0,0,0,0,0,0,0,0,44.9466486307654,0,34.1843192156623,86.7976226806641,13.4249912672447,66.8162899017334,18.9440154770052,0,17.2730472992206,76.290212419298,0,0,43.8827810287476,0,55.6883792877197,0,0,0,0,0,29.8924469266619,0,0,0,0,0,73.1605173746745,14.9665591075873,0,0,0,0,0,0,0,65.6295185089111,84.4914207458496,38.4864163317923,0,0,0,0,95.5470395769392,28.1545945469337,84.0574188232422,30.138498352985,38.6779424879286,36.6001164118449,17.9942566858003,58.2538070678711,41.1962080758715
35.4591722488403,0,0,35.5630760192871,0,0,0,0,0,0,0,0,0,0,0,0,0,0,39.9117698669434,0,0,0,36.184497833252,0,26.9875431060791,0,0,0,0,0,0,7.83234222685428,9.41830920706914,6.23635253586753,5.55833328303608,3.16444214185079,5.06539472658857,5.41360814212297,6.72297801059999,4.24908712009589,0,10.9191042918425,15.2036622987277,0,0,0,0,0,6.95255528877691,4.31747951586852,0,66.7870483398438,0,0,0,0,0,0,0,0,0,0,0,0,0,35.7564163208008,0,26.9978132247925,0,0,0,0,0,0,7.58097189102533,7.74270524733464,7.04587145320705,5.17736951042624,4.49405925103596,6.21634536524739,0,7.52010562613204,7.2420611752111,3.35578584671021,9.59573022893925,24.1584033966064,0
12.677433015046,0,22.8548988559029,32.7526615990533,40.1309289932251,46.242057800293,0,0,22.4546262025833,0,0,0,0,0,0,0,55.538158416748,0,11.9833948381485,0,52.7146174112956,0,19.3725838131375,0,14.6758609130734,0,0,0,0,0,0,15.2832870483398,10.7968279634203,17.0307771458345,10.8232334048249,61.7774925231934,53.3425870259603,0,14.4048886179924,0,6.98897784352303,23.154567082723,18.6096703643709,0,0,0,43.8827810287476,6.95255528877691,0,10.9070730155165,53.5035697937012,42.4199123382568,0,0,8.35591304579446,42.8360252380371,16.7338070502648,0,15.9969614744186,0,15.8851192593575,0,0,52.8829650878906,0,16.9247630039851,0,10.6960680782795,0,8.6294116973877,0,38.4572022755941,0,30.7838777303696,14.6327016537006,9.73112581937741,17.0634536743164,9.08239523569743,0,10.0522597897798,0,8.40045624915684,10.9772702652681,26.3096363761208,14.0022375680589,0,20.7369715372721
0,5.90723532167348,0,13.1300632038782,0,39.8457260131836,0,0,0,11.2202900998733,0,0,0,0,0,2.85766577720642,0,65.7075481414795,29.6728275177327,0,0,12.3121189962734,0,0,0,0,0,0,0,0,0,4.01694686214129,0,3.51477185317448,0,78.27197265625,0,12.0208494168956,0,7.43549006956595,0,19.2917870902848,23.6091548374721,33.8667907714844,0,25.7825966113951,0,4.31747951586852,10.9070730155165,0,0,48.2181282043457,0,0,0,36.0198406219482,0,10.6547276305261,0,5.95288076271882,0,6.73588615655899,36.5124071294611,0,11.2238937751107,0,9.39708272127005,0,6.01872176925341,0,3.96427934668785,0,26.2483816860588,0,3.37128472328186,0,0,0,8.27911239827989,108.95361328125,6.13259935215728,79.0201721191406,11.0821813881239,24.510236960191,13.1948444576085,20.734768520702,0
26.9087657928467,0,8.43506893618354,0,4.10939068296062,0,3.19983631914312,0,5.34798308213552,0,0,0,0,0,4.46803614672493,0,0,0,77.8461837768555,0,20.6418075561523,0,0,0,0,0,0,0,0,0,0,0,0,0,0,42.1056871414185,24.4961315893358,0,0,0,52.1019515991211,0,46.1743100110222,0,0,0,55.6883792877197,0,53.5035697937012,0,0,0,4.04605244000753,0,0,0,4.48865741299045,0,4.01911144344895,0,5.24044276514361,0,0,0,0,0,0,0,0,0,0,0,0,38.6770887374878,0,0,0,0,0,21.3606154388852,0,0,11.6657196093113,34.7295010884603,14.2010345791085,0,0
0,0,0,9.94241875032835,0,4.06359238851638,0,4.55468203340258,0,0,0,0,0,3.11146838324411,0,6.7592114660475,0,0,48.4237079620361,4.69973419433416,0,0,0,0,0,0,0,0,0,0,0,0,0,0,0,19.3810029365647,0,0,0,0,69.2099914550781,45.5141763051351,46.9508743286133,0,0,29.0206489562988,0,66.7870483398438,42.4199123382568,48.2181282043457,0,0,0,3.10330110788345,0,6.19606226682663,0,4.83387350895826,0,2.9917218468406,0,6.85680339413304,18.0037860274315,0,0,0,0,0,0,0,0,0,39.8327503204346,0,0,0,0,0,24.4014970284921,93.757926940918,47.6832275390625,0,10.6158561391651,24.5593376159668,15.82386560116,0,0
0,0,0,0,4.29967484209273,0,3.45176094444618,0,0,0,0,0,0,0,0,0,0,0,0,0,0,0,0,0,0,0,0,0,0,0,0,0,0,0,0,0,0,0,0,0,0,0,0,0,0,0,0,0,0,0,4.04605244000753,0,0,0,0,0,3.38507127761841,0,0,0,0,0,0,0,0,0,0,0,0,0,0,0,0,0,0,0,0,0,0,0,0,0,2.94666481018066,0,0,0,0
0,0,0,0,0,3.40236546776511,0,3.55421278036263,0,0,0,4.76393038492936,0,3.83243298530579,0,0,0,0,0,4.46849886576335,0,0,0,0,0,0,0,0,0,0,0,0,0,0,0,0,0,0,0,0,0,0,0,0,0,0,0,0,0,0,0,3.10330110788345,0,0,0,0,0,4.63933363982609,0,2.88173540433248,0,0,11.7014605734083,0,0,0,0,0,0,0,0,0,0,0,0,0,0,0,0,0,0,0,5.66367834568024,0,0,0,0
7.3062585090336,0,8.76314741089231,0,3.70873117446899,0,0,0,4.50220035505252,0,0,0,0,0,4.80950142719128,0,0,0,0,0,0,0,0,0,5.63614922688932,0,0,0,0,0,0,0,0,0,0,0,34.5343585968018,0,9.58584971053928,0,45.3244667053223,0,30.9137066927823,0,0,0,0,0,8.35591304579446,0,0,0,0,0,0,0,24.1898136138916,0,0,0,4.81218551761574,0,0,0,0,0,0,5.50785351957349,0,0,0,0,0,38.2956829071045,0,0,0,0,0,0,0,13.6058162621089,8.19218119958631,29.1030941009521,28.7221641666011,0,0
0,4.81459441184998,0,9.01361476543338,0,6.16966063326055,0,0,0,4.94890385808963,0,0,0,0,0,3.75892929236094,0,0,48.5700340270996,0,0,0,0,7.3344481865565,0,0,0,0,0,0,0,0,0,0,0,32.4952377319336,0,13.1869211583524,0,55.609073638916,0,40.7316825428947,42.6824569702148,0,0,0,0,0,42.8360252380371,36.0198406219482,0,6.19606226682663,0,0,0,0,0,34.3296737670898,0,0,0,3.30212448975619,51.3635787963867,0,0,0,6.50072047520528,0,0,0,0,0,41.1059617996216,0,0,0,0,0,42.1538569132487,0,11.4066783530372,0,13.2185237481422,24.9234496525356,22.4661224079642,0,0
22.0445766448975,0,8.2594523879065,0,17.419467608134,0,0,0,21.7630907058716,0,6.63266326881811,0,0,0,0,0,68.7745971679688,0,49.9077224731445,0,5.93452725509288,0,0,0,0,0,0,0,13.7572159767151,0,7.22900725124839,0,0,0,0,37.4377784729004,9.00186055605529,0,4.72951691848476,0,48.8985748291016,0,25.3478473905931,0,0,0,29.8924469266619,0,16.7338070502648,0,4.48865741299045,0,3.38507127761841,0,24.1898136138916,0,0,0,5.49445593357086,0,8.85122007131577,0,0,11.7793800909214,0,0,0,0,0,0,0,19.021931886673,0,6.16984665432222,0,0,0,0,41.3202037811279,40.7311162659616,0,12.5905626973798,10.9277370584992,29.4716911315918,9.56999391200757,0,18.7328381538391
0,8.90603040879773,0,7.52331924960561,0,9.99381758107079,0,5.0888188680013,0,11.5694743565151,0,6.62119650300731,0,0,0,0,67.674201965332,76.4143358866374,40.0364149879007,4.97545298692342,0,0,0,0,0,0,0,0,0,4.09139060974121,0,0,0,0,0,12.9858656546165,0,4.64506710318853,0,46.3834569113595,0,22.7005240367009,63.6159801483154,0,0,34.1855616898372,0,0,0,10.6547276305261,0,4.83387350895826,0,4.63933363982609,0,34.3296737670898,0,0,0,3.44393027946353,0,3.87033476715996,8.62979851460983,0,0,0,0,0,0,0,4.86992283378329,0,8.49239640232043,0,0,0,0,0,21.9901919894748,82.3167266845703,6.90653594934715,0,10.5929858252758,40.7802810668945,9.57238126968697,16.5988864898682,0
0,0,4.59009158611298,0,0,0,2.98238756543114,0,12.6881237030029,0,3.1465507293322,0,5.26743465092354,0,4.58159437179565,0,0,0,38.1410484313965,0,0,0,0,0,0,0,0,0,3.01833302634103,0,0,0,0,0,0,39.8680267333984,41.0552082061768,0,0,0,0,0,32.3845820426941,0,0,0,0,0,15.9969614744186,0,4.01911144344895,0,0,0,0,0,5.49445593357086,0,0,0,4.00873838128715,0,0,0,0,0,0,0,0,5.19378222118725,0,3.52335610500602,0,30.4454174041748,0,0,0,0,0,20.0106604439872,0,0,6.06458537795327,28.8418655395508,15.858807463395,0,0
0,5.78216571807861,0,5.97902998057279,0,3.37971271966633,0,2.79484534263611,0,0,0,3.21361831643365,0,3.47857774903135,0,2.89065778255463,0,0,0,0,0,0,0,0,0,0,0,0,0,0,0,0,0,0,0,18.922132174174,0,0,0,0,0,27.8472434997559,0,0,0,0,0,0,0,5.95288076271882,0,2.9917218468406,0,2.88173540433248,0,0,0,3.44393027946353,0,0,0,4.08700470174297,0,0,0,0,13.6487331390381,0,8.34308312489436,0,4.54797103586753,0,0,0,0,0,0,0,22.6030203501383,0,0,0,3.87450821539935,0,9.63101360874791,0,0
11.8623499572277,0,6.4566027081531,0,5.73951685017553,0,0,0,4.24785296286944,0,0,0,5.29234369039535,0,4.04175962054211,0,0,0,60.2089767456055,0,0,0,0,0,5.996490750994,0,0,0,0,0,0,0,0,0,0,38.786735534668,41.1927749088832,0,29.3444185256958,0,42.4003047943115,0,27.9713607805747,0,0,0,0,0,15.8851192593575,0,5.24044276514361,0,0,0,4.81218551761574,0,8.85122007131577,0,4.00873838128715,0,0,0,0,65.5572357177734,0,0,0,4.27757883071899,0,3.80131770769755,0,37.1831169128418,0,36.8560854593913,0,0,0,0,0,22.0068194071452,0,45.8123168945312,19.8366550869412,0,25.5408249478186,0,0
0,5.61439147065668,0,6.16410513134564,0,6.98128325957105,0,0,0,4.09234725752252,0,0,0,3.19782828622394,0,3.37840975967108,0,63.9955291748047,38.0863189697266,0,0,0,0,0,0,0,0,0,0,0,0,0,0,0,0,21.4622478485107,0,0,0,0,0,38.1199012994766,0,0,0,0,0,0,0,6.73588615655899,0,6.85680339413304,0,0,0,3.30212448975619,0,3.87033476715996,0,4.08700470174297,0,0,0,0,0,0,0,0,0,0,0,0,41.3786211013794,0,0,0,0,0,29.3302000363668,0,0,0,10.2200561932155,0,15.2837957054821,0,0
0,43.5340442657471,0,26.5315900282426,0,0,0,8.23005771636963,0,0,0,4.59670757425242,0,0,0,0,74.1335838719418,76.1864041059445,52.5169826998855,5.88834181846117,0,0,0,0,0,0,0,0,0,0,0,0,0,0,0,6.45432841600727,0,17.9485999415903,0,10.9281110164984,81.2897758483887,28.2137983037714,52.9723968505859,31.5696392059326,0,9.72311020580712,73.1605173746745,0,0,36.5124071294611,0,18.0037860274315,0,11.7014605734083,0,51.3635787963867,0,8.62979851460983,0,0,0,0,0,100.173637390137,0,0,0,0,0,0,0,0,17.3761370120346,0,0,0,0,0,11.8451071805302,98.7124949863979,20.8960551857451,91.5912704467773,15.9478588363963,42.7805557250977,12.6912485033764,57.9738917350769,61.4407539367676
38.2969483875093,0,40.2961502075195,0,12.2549300193787,0,0,0,0,0,0,0,0,0,0,0,73.6995403802217,84.2590151468913,53.090875106898,0,7.5206858179477,0,0,0,0,0,0,0,0,0,0,0,0,0,0,0,11.4211032994484,110.290397644043,13.6719898564855,93.5374002456665,17.8927823353929,83.8756814002991,32.4985682779913,0,31.3884260995047,78.0773498535156,14.9665591075873,0,52.8829650878906,0,0,0,0,0,0,0,11.7793800909214,0,0,0,65.5572357177734,0,100.173637390137,0,0,0,0,0,0,0,0,17.0748085445828,88.1503524780273,19.7329284168604,0,0,0,0,103.758895874023,18.7986887594661,98.1358032226562,14.8411644420222,19.3622729782358,0,17.9578742935197,95.5240249633789,43.021196178768
0,0,0,0,0,0,0,0,0,0,0,0,0,0,0,0,0,3.81558260164763,0,0,0,5.03769714034983,5.26998475290114,6.84861522272599,0,4.6549066888875,0,3.67542797181664,0,0,0,0,0,0,0,0,0,9.73017906314386,0,0,0,0,0,0,0,0,0,0,0,11.2238937751107,0,0,0,0,0,0,0,0,0,0,0,0,0,0,0,0,6.67980740878774,0,12.6177728252615,0,10.0903466514607,0,0,0,0,0,0,0,0,0,6.30896293789337,0,4.83686754980753,3.18796421181072,0,0,0
0,0,0,0,0,0,0,0,0,0,0,0,0,0,0,0,0,0,0,0,0,0,5.03176823549165,0,6.19364688131544,0,4.57966065406799,0,5.05415920416514,0,0,0,0,0,0,0,0,0,12.4805957825427,0,0,0,0,0,0,0,0,35.7564163208008,16.9247630039851,0,0,0,0,0,0,0,0,0,0,0,0,0,0,0,0,0,0,7.38231060191397,0,11.0629133104368,0,9.40994502134956,0,0,0,0,0,0,0,0,0,10.6463473385778,6.27491661753968,2.81156738599141,26.4090554373605,0,0
0,8.26892407735189,0,0,0,0,0,0,0,4.51200680694883,0,0,0,0,0,5.9812479019165,0,0,0,0,0,6.62587410525272,0,4.83933654004035,0,5.54065264504531,0,0,0,0,0,0,0,0,0,0,0,9.33401317503846,0,0,0,27.2723293304443,0,0,0,0,0,0,0,9.39708272127005,0,0,0,0,0,6.50072047520528,0,0,0,13.6487331390381,0,0,0,0,6.67980740878774,0,0,0,7.39549223261038,0,9.09159408933748,0,0,0,0,0,0,0,0,0,11.9527085666071,0,7.00276803285584,0,8.41594848904429,0,0
9.39012370109558,0,26.3278376261393,0,0,0,0,0,5.37500995280696,0,0,0,0,0,0,0,0,0,0,0,0,0,6.37681662632869,0,4.7579347422973,0,2.99096167087555,0,0,0,0,0,0,0,0,0,0,0,8.33673331515264,0,0,0,0,0,0,0,0,26.9978132247925,10.6960680782795,0,0,0,0,0,5.50785351957349,0,0,0,0,0,4.27757883071899,0,0,0,0,7.38231060191397,0,0,0,5.74918137897145,0,6.75446319580078,0,0,0,0,0,0,0,0,0,10.4411488945435,6.89765475912297,0,9.86611985538317,0,0
0,0,0,0,0,0,0,0,0,2.9713285186074,0,0,0,0,0,0,0,4.04797601699829,0,0,0,7.09364437549672,0,5.55357138108876,0,5.64193475158126,0,0,0,0,0,0,0,0,0,0,0,0,0,0,0,0,0,0,0,0,0,0,0,6.01872176925341,0,0,0,0,0,0,0,0,0,8.34308312489436,0,0,0,0,12.6177728252615,0,7.39549223261038,0,0,0,6.55856659451956,0,0,0,0,0,0,0,0,0,0,0,3.18004709692562,0,0,0,0
0,0,0,0,0,0,0,0,3.96370657285055,0,0,0,0,0,0,0,3.38351683105741,0,0,0,0,0,9.78060170254488,0,3.87612216281891,0,3.97508252864819,0,0,0,0,0,0,0,0,0,0,0,9.86054420471191,0,0,0,0,0,0,0,0,0,8.6294116973877,0,0,0,0,0,0,0,0,0,5.19378222118725,0,3.80131770769755,0,0,0,0,11.0629133104368,0,5.74918137897145,0,0,0,4.21748222255339,0,0,0,0,0,0,0,0,0,16.0218868255615,4.28425070547288,0,14.1915764808655,0,0
0,0,0,0,0,0,0,0,0,0,0,3.08601307868958,0,3.10091747957117,0,0,0,0,0,0,0,9.46540143837531,0,11.5737721125285,0,0,0,3.60638157115893,0,3.31094531973531,0,0,0,0,0,0,0,7.93707962632179,0,0,0,0,0,0,0,0,0,0,0,3.96427934668785,0,0,0,0,0,0,0,4.86992283378329,0,4.54797103586753,0,0,0,0,10.0903466514607,0,9.09159408933748,0,6.55856659451956,0,0,0,4.10752346874338,0,0,0,0,0,0,0,8.68400241725178,0,3.45777372691942,0,0,0,0
23.1369152069092,0,33.3082885742188,0,0,0,0,0,21.9315929412842,0,0,0,0,0,0,0,0,0,48.5777225494385,0,0,0,7.13886732899624,0,0,0,2.75129771232605,0,4.15381952782004,0,4.46073205947876,0,0,0,0,0,0,0,0,0,0,0,30.6113873322805,0,0,0,65.6295185089111,0,38.4572022755941,0,0,0,0,0,0,0,19.021931886673,0,3.52335610500602,0,37.1831169128418,0,0,17.0748085445828,0,9.40994502134956,0,6.75446319580078,0,4.21748222255339,0,0,0,8.42822423176459,0,0,0,0,0,60.5655186971029,0,5.69401795099366,20.0730772158679,0,29.3648132121924,0,0
0,24.305862903595,0,30.7931081075517,0,41.2759170532227,0,0,0,38.9027627309163,0,10.2365181002506,0,0,0,0,71.7773704528809,68.4614276885986,38.9399099017298,6.05734825134277,0,0,0,0,0,0,0,0,0,4.58189914547941,0,0,0,0,0,70.2351254054478,0,26.724601829052,0,49.8312690041282,86.7206522623698,23.7727012953637,66.0045700073242,0,0,28.5915099847884,84.4914207458496,0,0,26.2483816860588,0,39.8327503204346,0,0,0,41.1059617996216,0,8.49239640232043,0,0,0,41.3786211013794,17.3761370120346,88.1503524780273,0,0,0,0,0,0,4.10752346874338,0,0,123.563018798828,0,0,0,0,60.5946461012383,101.029755592346,16.8745306067997,0,23.7171712215396,38.4696207046509,17.9379225131579,24.7224431391116,0
23.5310225486755,0,30.3154258012772,98.1428833007812,50.6719614664714,0,0,0,30.1700256347656,0,9.47000339310928,0,0,0,0,0,72.5391648032448,76.0916404724121,42.3627731305663,0,20.6845950126648,0,0,0,0,0,0,0,8.99318021877556,0,5.60706472054213,0,0,0,0,75.1061007181803,67.1346661494328,0,4.38395505488952,88.4233169555664,47.3362570645516,58.0165824890137,24.1949471881778,0,38.7973022460938,83.6602458953857,38.4864163317923,0,30.7838777303696,0,38.6770887374878,0,0,0,38.2956829071045,0,6.16984665432222,0,30.4454174041748,0,36.8560854593913,0,0,19.7329284168604,0,0,0,0,0,0,0,8.42822423176459,123.563018798828,0,0,0,0,0,94.3430658976237,59.8638290564219,0,20.1630471050739,23.4556198868801,45.8472688674927,22.5982487075257,92.5146408081055,19.6440744701185
0,0,0,0,0,0,0,0,0,0,0,0,0,0,0,0,0,0,0,0,0,0,0,0,0,0,0,0,0,0,0,7.15648903767612,3.13221863204358,20.5971360020339,0,5.36825276851654,0,0,0,0,0,0,0,0,0,0,0,7.58097189102533,14.6327016537006,3.37128472328186,0,0,0,0,0,0,0,0,0,0,0,0,0,0,0,0,0,0,0,0,0,0,0,0,0,5.1881186121986,5.83512026330699,0,13.6965745268984,4.75546431541443,0,0,3.85155349898623,0,0,0,0
0,0,0,0,0,0,0,0,0,0,0,0,0,0,0,0,0,0,0,0,0,0,0,0,0,0,0,0,0,0,0,4.88629965709917,8.8308299289732,0,14.0525396621391,0,12.4783140375414,0,0,0,0,0,0,0,0,0,0,7.74270524733464,9.73112581937741,0,0,0,0,0,0,0,0,0,0,0,0,0,0,0,0,0,0,0,0,0,0,0,0,0,5.1881186121986,0,0,4.51477842710235,0,13.3875367720922,0,0,3.06495332419872,0,0,0,0
0,0,0,0,0,0,0,0,0,0,0,0,0,0,0,0,0,0,0,0,0,0,0,0,0,0,0,0,0,0,0,4.25335368554886,0,6.01649193991633,5.22844002424781,7.60424626066878,0,3.2393491268158,9.27998900413513,0,0,0,0,0,0,0,0,7.04587145320705,17.0634536743164,0,0,0,0,0,0,0,0,0,0,0,0,0,0,0,0,0,0,0,0,0,0,0,0,0,5.83512026330699,0,0,8.09598234962015,7.92033950941903,0,6.6157794739749,0,10.4381153703594,4.85134196281433,0,0,0
0,0,0,0,0,0,0,0,0,0,0,0,0,0,0,0,0,0,0,0,0,0,0,0,0,0,0,0,0,0,0,0,4.29329911031221,4.83565049576813,4.79390978744987,0,4.34192204879502,4.84599494934082,2.87126384675503,0,0,0,0,0,0,0,0,5.17736951042624,9.08239523569743,0,0,0,0,0,0,0,0,0,0,0,0,0,0,0,0,0,0,0,0,0,0,0,0,0,0,4.51477842710235,8.09598234962015,0,0,7.76985526558097,0,4.17092861471505,6.83056568182432,0,0,0,0
