0,0,0.00755314487370351,0,0.000290133192468139,0,0,0,0.0366890841030712,0,0,0,0,0,0,0,0.00010880869059939,2.73020326981619e-05,0.00202141855989456,0,0,0,0,0,0,0,0,0,0,0,0,0,0,0,0,0,0,0,0,0,0,0,0.00232619129120084,0,0,0,0,0,0.0311913645048658,0,0.000205567128901714,0,0,0,0.0200558016134704,0,0,0,0,0,0,0,0,0,0,0,0,0.000207769102438623,0,0,0,0,0,0,0,0,0,0,1.82928603680996e-06,3.90233420984717e-05,0,0,0.00107299311583768,1.31563898821501e-06,0.00991862208890529,0,0.00210653838348694
0,0,0,0.00518327414610865,0,0,0,0,2.49523528669235e-05,0.0110281959547485,0,0,0,0,0,0,6.1019605937259e-06,3.26808727861433e-05,0.00272311173307475,6.54431032615713e-05,0,0,0,0.000168620130086516,0,0,0,0,0,0,0,0,0,0,0,5.99354082634347e-05,6.57546055923673e-06,0,0,6.08298657403788e-05,0,0.00753700513927697,0,0.000277113128795525,0,0.000119115432938298,0,0,0,0.0212338322756396,0,0,0,0,0,0.0853281407029834,0,0.001079546906031,0,0.000350583536288169,0,0.00340304196316007,0.000496489203712901,0,0,0,4.05597307972082e-05,0,0,0,2.29542272257558e-05,0,0,0,0,0,0,0,0.000526324077115273,2.0217060751274e-05,0,0,0.000380847883244596,9.42371314380494e-06,0.00396541194669832,0.000909698686876556,0
0.00755314487370351,0,0,0,0.0211571576650867,0,0,0,0.0153095953904119,0,0,0,0,0,0,0,6.29609368895696e-06,2.68776813533707e-06,3.51345153288649e-05,0,0,0,0,0,0,0,0,0,0,0,0,0,0,0,0,0,0,0,0,0,0,0,5.31169213737585e-05,0,0.000150923183402421,0,0.000235932743013669,0,0.00679800327914217,0.000103238273767087,0.0262343785374103,0,0,0,0.0103789127236311,0,0.000465668964662056,0,0.000126675783172448,0,0.0021356412971327,0,0,0.000307916875506327,0,0,0,0,0,0,0,0,0,0,0,0,0,0,0,0,0,0,0.000459565958484363,0,0.00789640577379308,0,0
0,0.00518327414610865,0,0,0,0.0413869426095925,0,0,0.000107336997326799,0.0464276123614661,0,0,0,0,0,0,1.60090944789397e-05,0,0.000714273213549856,0,0,0,0,0,0,0,0,0,0,0,0,0,0,0,0,7.78545685987226e-06,0,0,0,0.00209901666783267,0,0.00160861290943563,0,0,0,0.00255768241506906,0,0,0,0.0153477428538464,0,0.0335006550891978,0,0,0,0.0220552168139189,0,0.000302471621506186,0,0,0,0.00399864044214192,0.00258126370879208,9.7488900208104e-05,0,0,0,0,0,0,1.55454501748792e-05,0,0.000983301189547322,0,0,0,0,0,0.000310642405470347,4.55014796455315e-05,0,0,0.000327280123431205,0,0.00731052398587236,0.000492610939026871,0
0.000290133192468139,0,0.0211571576650867,0,0,0,0.00092274631225433,0,0.00574925318300301,0,0,0,0.000475825248703427,0,0,0,0,0,0,0,0.000325992353499844,0,0,0,0,0,0,0,0,0,0,0,0,0,0,0,0,0,0,0,0,0,0,0,0,0,0.000466350111572107,0,0.000283936181167227,0,0.0681074649384197,0,0,0,0.00720915285421373,0,0.00150605427972262,0,0.00606080557759716,0,0,0,0,0.00231065776243442,0,0,0,0,0,0,0,0,0,0,0,0,0,0,0,3.60809743131814e-05,0,0,0.000956012651269702,7.17111568771449e-05,0.00310172631202852,0,0
0,0,0,0.0413869426095925,0,0,0,0,0,0.00310785477139645,0,8.1446311656342e-05,0,0,0,0,0,0,0,0.00363713062358234,0,0,0,0,0,0,0,0,0,0,0,0,0,0,0,0,0,0,0,0.000236194846109139,0,0,0,0,0,0.000838758655259468,0,0,0,0.00118662544148123,0,0.022654731203087,0,0,0,0,0,0.0038464445567833,0,0,0,0.000122424600938038,1.07415771277538e-05,0,0,0,0,0,0,0,0,0,0,0,0,0,0,0,5.02196502031606e-06,0,0,0,0.000318140942580962,0.000213329414299631,0.00409827595065783,0,0
0,0,0,0,0.00092274631225433,0,0,0,0,0,0.0140559230621602,0,0.00410612749910703,0,0,0,0,0,0,0,0,0,0,0,0,0,0,0,0,0,0,0,0,0,0,0,0,0,0,0,0,0,0,0,0,0,0,0,0,0,0,0,0.0327315262447612,0,0,0,0.00827851178037332,0,0.00772012238445967,0,0,0,0,0,0,0,0,0,0,0,0,0,0,0,0,0,0,0,0,0,0,0,0.000702836320601538,1.38698520873541e-05,0,0,0
0,0,0,0,0,0,0,0,0,0,0,0.00023410719368699,0,0,0,0,0,0,0,0.000191852246638126,0,0,0,0,0,0,0,0,0,0,0,0,0,0,0,3.90698949083484e-05,0,0,0,0,0,0,0,0,0,0,0,0,0,0,0,0,0,0.00961310554341868,0,0,0,0.0012542461600859,0,0.00150729834379255,0,0,0,0,0,0,0,0,0,0,0,0,0,0,0,0,0,0,1.19665901369592e-05,0,0,0,0,0,0,0,0
0.0366890841030712,2.49523528669235e-05,0.0153095953904119,0.000107336997326799,0.00574925318300301,0,0,0,0,0,0,0,0,0,0.0101675365614799,0,0.00815336888101162,0.00108695174778431,0.00298052116272339,0,0,2.6807407128415e-05,0,0,0.00691006786340694,3.1684666448159e-05,0.00181346153252031,0,0,0,0,0,0,0,2.92535569475917e-05,0,0,0,0.00149453077646865,0,0,0,0.000756146041931287,0,0,9.97707168680524e-05,0,0.000481286355838647,0.0113705751326964,1.88438861645777e-05,0.00157797390500662,0,0,0,0.0932083351690628,0,0,0,0,0,0.0203211472687983,0,0,0,0,0,0,0.0051715456923387,0,0.00199351994255411,0,0,0,0,0,0,0,0,1.36978530691648e-05,2.00392903210807e-05,0,0.000716969874713113,0.00228402482970174,1.45433638788265e-05,0.00559771916961295,2.14238809355099e-05,0
0,0.0110281959547485,0,0.0464276123614661,0,0.00310785477139645,0,0,0,0,0,0,0,0,0,0.0197854120511259,5.26474633371724e-05,0.000980480403907127,5.60325800922035e-06,0,0,0,0,0.00459062785669536,0,0.000192726697792979,0,0,0,0,0,0,0,0,0,0,0,0.000307496906535513,0,0,0,0.00100829318902204,0,0,0,2.82750564537496e-05,0,0,0,0.000227204058961168,0,0.00072978200922902,0,0,0,0.158483088613896,0,0,0,0,0,0.0018012535693606,0,0,0,0,0.00867462902800609,0,8.62076340506202e-05,0,0,0,0,0,0,0,6.48372501504371e-05,0,0,0,0.000475121219804985,0,0.00154009372241694,7.02519851999094e-05,0.00112227891234284,0.00164051145368751,0
0,0,0,0,0,0,0.0140559230621602,0,0,0,0,0,0.00683124685921391,0,0,0,0,0,0,0,0.00687621000680703,0,0,0,0,0,0,0,0,0,0.0100457472217309,0,0,0,0,0,0.000154853426802701,0,0.000814348178431161,0,0,0,0,0,0,0,0,0,0,0,0,0,0.00527232919100368,0,0,0,0.103222652357533,0,0,0,0,0,0,0.000521784519460645,0,0,0,0,0,0,0,0,0,0.00820487099363289,0,0,0,0,0,0,0,2.65275852693091e-05,0.0022304204506808,0,0.000193443188731194,0,0
0,0,0,0,0,8.1446311656342e-05,0,0.00023410719368699,0,0,0,0,0,0.000696043851845525,0,0,0,0,0,0.024785096388646,0,0,0,0,0,0,0,0,0,0.00220009138446424,0,0,0,0,0,8.28679235454151e-05,0,0.00299714265743453,0,0,0,0,0,0,0,0,0,0,0,0,0,0.000220381838146989,0,0.000351829481197388,0,0,0,0.0571368138027917,0,0.00292652037752973,0,0,0.00276604825487518,0,0,0,0,0,0,0,0,0,0.00328489177768758,0,0,0,0,0,8.37472982357479e-05,0,0.00120766793635187,0,0.000426170108385373,0,0.000767144358692739,0,0
0,0,0,0,0.000475825248703427,0,0.00410612749910703,0,0,0,0.00683124685921391,0,0,0,0,0,2.18246141790878e-05,0,0,0,0,0,0,0,0,0,0,0,8.19128250949368e-05,0,0,0,0,0,0,0,0,0,0,0,0,0,0,0,0,0,0,0,0,0,0,0,0.00287676991306799,0,0,0,0.00316318756425384,0,0.03054633388925,0,0,0,0,0,0,0,0,0,0,5.61983964445182e-05,0,3.008018422751e-05,0,0,0,0,0,0,0,0,0,0,0.00061861271335735,6.24989320644354e-06,0,0,0
0,0,0,0,0,0,0,0,0,0,0,0.000696043851845525,0,0,0,0.000773883468666074,0,0,0,0,0,0,0,0,0,0,0,0.00051559978225784,0,0,0,0,0,0,0,0,0,0,0,0,0,0,0,0,0,0,0,0,0,0,0,0,0,0,0,0,0,2.87236961814827e-05,0,0.0228006518449928,0,4.60598466242206e-05,0,0,0,0,0,0,0.000625658347946471,0,0.00113214177723448,0,1.49957475548642e-05,0,0,0,0,0,0,0,0,0,0.00012778690503802,0.000516269045656096,0,0,0
0,0,0,0,0,0,0,0,0.0101675365614799,0,0,0,0,0,0,0,0.00565813222741201,0.00049456711679205,0.000682899044949751,0,0,0,0,0,0.00245655307765433,0,0.00283403763230483,0,0.000176911980448437,0,0,0,0,0,0,0,0,0,0,0,0,0,0,0,0,0,0,0,0,0,0.00036615575885324,0,0,0,0.0119725330085168,0,0,0,0,0,0.031096153549642,0,0,0,0,0,0,0.000415284622413654,0,0,0,8.75364244048958e-05,0,0,0,0,0,0,5.24241176479785e-06,1.43891625665629e-05,0,0,0.000350210495487967,9.24636620042915e-05,0,0,0
0,0,0,0,0,0,0,0,0,0.0197854120511259,0,0,0,0.000773883468666074,0,0,0,0.000301811167469815,0,0,0,0,0,0,0,0.000934185228959619,0,0,0,0,0,0,0,0,0,0,0,0,0,0,0,0,0,0,0,0,0,0,0,0,0,0.000153472706145323,0,0,0,0.0163330934738849,0,0,0,0,0,0.0246589048802968,0,0,0,0,0.00502891233553278,0,0.00618339240807312,0,0,0,0,0,0,0,0,0,0,0,0,0,1.66971986793592e-05,0,0,0,0
0.00010880869059939,6.1019605937259e-06,6.29609368895696e-06,1.60090944789397e-05,0,0,0,0,0.00815336888101162,5.26474633371724e-05,0,0,2.18246141790878e-05,0,0.00565813222741201,0,0,0.0997331706638575,0.04685612324442,0,0,0.000568970779257224,0.000740418458468034,0,0.00470174135416441,0.000468550918927755,0.015100636541311,0,0.000738744363541823,0,0,0,0,0,0,3.52540962470548e-06,5.92986308558369e-07,0,0,7.36674283927663e-06,9.96667280785177e-05,7.46032363615099e-05,0.000144090979692629,1.85219333536082e-05,9.84521434085564e-05,0.000497889146658757,1.79839394296894e-05,0,4.06454803322299e-05,0,0,0,0,0,0.00160952559223721,0,0,0,0,0,0.00621562872263268,0,0.000142939444308393,0,2.21075244734577e-05,4.84088949580762e-05,0,2.58850002840937e-05,0.000443689801594159,0.00885609307835963,0,2.8418002567163e-05,0,0,0,0,0,0,0.000288599547560459,0.000186047557920021,0,0,0.0273013272875129,0.00286580788044364,0.000489408170262316,2.02368475699861e-05,0
2.73020326981619e-05,3.26808727861433e-05,2.68776813533707e-06,0,0,0,0,0,0.00108695174778431,0.000980480403907127,0,0,0,0,0.00049456711679205,0.000301811167469815,0.0997331706638575,0,0.0572390376203703,0,0,0.00179045626160944,0,0.000713259132680388,0.00131203362406161,0.0125209818091271,0.00196620126813311,0,0,0,0,0,0,0,0,0,0,0,0,4.20628027682506e-06,2.44281935142597e-06,4.82709423672816e-05,3.14994783697624e-05,1.33108058298081e-05,0,0.000179379869210862,7.30611584158931e-06,0,1.78861799484623e-06,0,0,0,0,0,0.000381881260444733,0,0,0,0,0,0.000611407618321005,0.00015250644361899,2.32564182838481e-05,0,0.000637284430426309,0,4.3449686192315e-05,4.23887459776433e-05,0.00780835562160589,0.00191392943464092,0,0,0,0,0,0,0,0,8.34364565858025e-05,0.000130015041492196,0,0,0.0369038518389094,0.0129014480891993,0.000219987544233242,5.66958329688722e-06,0
0.00202141855989456,0.00272311173307475,3.51345153288649e-05,0.000714273213549856,0,0,0,0,0.00298052116272339,5.60325800922035e-06,0,0,0,0,0.000682899044949751,0,0.04685612324442,0.0572390376203703,0,0.00026712070671171,8.0932532630487e-05,8.99952165325656e-05,0,0,0.00232048963423108,0.000373950775457549,0.000885821800009187,0,0,0,0,0,0,0,0,0.000352749783806041,0.000392736111822794,0,0,0.00256511857152933,0.00488745482216072,0.0142883220468985,0.0283056160511072,0.00799483017960781,0.0133332584761396,0.0122451825902293,0.000982843120632298,0.000129821841522656,0.000879581584360929,0.000345000173324651,0,2.7788517099293e-05,0,0,0.000521792156501555,0,7.14152248705512e-05,0.000323858911438701,0,9.8575646594024e-06,0.000595595578331636,0,0.00735305798306826,0.000383341007881843,6.54419041012629e-06,0,0,0,0.000209172637695647,0.00160025765287648,8.16551107125051e-06,0,0.000272285503144543,0,0,0,0,0,0.00831902611635954,0.00701392831379043,8.46924333750859e-05,0,0.0195674848272858,0.00053716595915478,0.036579499545657,0.00323094114416858,0.0060016805371717
0,6.54431032615713e-05,0,0,0,0.00363713062358234,0,0.000191852246638126,0,0,0,0.024785096388646,0,0,0,0,0,0,0.00026712070671171,0,0,0,0,0,0,0,0,0,0,0,0,0,0,0,0,0.00358737684070915,0,0.0037085356418264,0,0,0,0.000237052852570673,0,0,0,0.000837400079750016,0,0,0,0,0,0.00140710297473492,0,0,0,0,0,0.0215992779750909,0,0,0,0,0.0600526414587473,0,0,0,0,0,0,0,8.61898342211947e-05,0,0.000418940803685661,0,0,0,0,0,0.00407256328416879,5.3980090757961e-06,0.00279640355471165,0,0.000237681657303352,0,0.00125701311535064,0,0
0,0,0,0,0.000325992353499844,0,0,0,0,0,0.00687621000680703,0,0,0,0,0,0,0,8.0932532630487e-05,0,0,0,0,0,0,0,0,0,0,0,8.36009165044926e-05,0,0,0,0,0,0.00363444886249843,0,0.000118156880224119,0,0.000186397937266036,0,0.000253314159569596,0,0.00022596124638679,0,0.00466017151639699,0,0.000394222068323801,2.4104506773176e-05,0,0,4.06451372812729e-05,0,0,0,0.00406729303265716,0,0,0,0,0,0,0.0518876659057341,0,0,0,0,0,0,0,0,0,0.00679927687507322,0,0,0,0,0,0.00412595054323462,0,0.00018530843152026,0.00125393729103418,0,0.00398238398238192,0,0
0,0,0,0,0,0,0,0,2.6807407128415e-05,0,0,0,0,0,0,0,0.000568970779257224,0.00179045626160944,8.99952165325656e-05,0,0,0,0.0217409332353967,0.0031138152530043,0,0.00857677811619729,2.85871381197752e-05,0,0,0,0,0,0,0,0,0,0,0.0106868833378599,2.4540758155942e-05,0,0,0,0,0,0,0,0,9.56121679643309e-05,0,0.00291320653176047,0,0,0,0,0,0,0,0,0,0,0,0,0,0,0.150308126418966,0.00149314384149883,0.0032326352120935,0,0.00193762852451986,3.06846819675118e-06,0.0021334760626023,0,0.000674576558745321,0,0,0,0,0,0,0,0.00643401472170824,0,0.00918258371555933,0.000733540139862796,0,0,0
0,0,0,0,0,0,0,0,0,0,0,0,0,0,0,0,0.000740418458468034,0,0,0,0,0.0217409332353967,0,0,0.002446699120734,0,0.0019165853718882,0,0.00557446254575563,0,0,0,0,0,0,0,0,0.000848473413577198,0.00919744151668749,0,0,0,0,0,0,0,0,0,0.00336573489177972,0,0,0,0,0,0,0,0,0,0,0,0,0,0,0,0.00399404011227709,0.213527053157295,0,0.00420169489787452,0,0.00123836726184015,0,0.00144505801197289,0,0,0,0,0,0,0,0,8.6102795481692e-05,0.00298045674549547,0.00995036091634998,0.000602324601625597,0,0,0
0,0.000168620130086516,0,0,0,0,0,0,0,0.00459062785669536,0,0,0,0,0,0,0,0.000713259132680388,0,0,0,0.0031138152530043,0,0,0,0.0371411460122138,0,0,0,0,0,0,0,0,0,0,0,0.00575775712966596,0,0,0,0.00089244677896196,0,0,0,0,0,0.000207919811918081,0,0.00130776717079074,0,0,0,0,0,0.00609893511582995,0,0,0,0.000302892126151156,0,6.75885163698717e-05,0,0,0.00483251094657802,0,0.0849258353025359,0,0.106499960758023,0,0.000221770222684,0,0,0,0,0,0.000703830065892533,0,0,0,0.00192703691328295,0,0.00163411743788326,0,0.00105302092815683,0.00102022491128928,0
0,0,0,0,0,0,0,0,0.00691006786340694,0,0,0,0,0,0.00245655307765433,0,0.00470174135416441,0.00131203362406161,0.00232048963423108,0,0,0,0.002446699120734,0,0,0,0.0148746512399872,0,0,0,0,0,0,0,0,0,0,0,0.00474323691888559,0,0,0,0,0,0,0,0,0.000637378718500178,0.00338932453854146,0,0,0,0,0,0.00501415410921584,0,0,0,0,0,0.00313820234768261,0,0,0,0,0.000627141705445728,0,0.115909950273095,0,0.0172829106303322,0,0,0,0,0,0,0,0,0,0,0,0.00292047055715953,0.00145990057059544,4.49319205164724e-05,0.00138366618265522,0,0
0,0,0,0,0,0,0,0,3.1684666448159e-05,0.000192726697792979,0,0,0,0,0,0.000934185228959619,0.000468550918927755,0.0125209818091271,0.000373950775457549,0,0,0.00857677811619729,0,0.0371411460122138,0,0,0.000424813789291184,0.00549394203008952,0,0,0,0,0,0,0,0,0,0,0,0,0,0,0,0,0,0,0,0,0,0,0,0,0,0,0,0,0,0,0,0,0,0.000408614506261767,0,0,0.00162102905621986,0,0.0180977108006583,0,0.0547297288606855,0,0.000967441338497812,0,0,0,0,0,0,0,0,0,1.46532946104349e-05,0,0.000705648948549117,1.09041760263349e-05,0,0,0
0,0,0,0,0,0,0,0,0.00181346153252031,0,0,0,0,0,0.00283403763230483,0,0.015100636541311,0.00196620126813311,0.000885821800009187,0,0,2.85871381197752e-05,0.0019165853718882,0,0.0148746512399872,0.000424813789291184,0,0,0.00189793429126664,0,0,0,0,0,0,0,0,0,0,0,0,0,0,0,0,0,0,0,0,0,0,0,0,0,0.000476711725262133,0,0,0,0,0,0.00206999825989871,0,0,0,0,0.000999887110338516,0,0.000326138230831042,0,0.0548207233825174,0,0.000232898002365707,0,0,0,0,0,0,1.71802462024451e-06,0,0,0,0.00102107644373445,0.000100202975217881,0,0,0
0,0,0,0,0,0,0,0,0,0,0,0,0,0.00051559978225784,0,0,0,0,0,0,0,0,0,0,0,0.00549394203008952,0,0,0,0.00510826185170453,0,0,0,0,0,0,0,0.000528941813555048,0,0,0,0,0,0,0,0,0,0,0,0,0,0,0,0,0,0,0,0,0,0.000373697516773778,0,0,0,0,0.000349040448221959,0,0,0,0.00663038013477683,0,0.0436163295825799,0,0.000668580071357446,0,0,0,0,0,0,0,0.000533193047885061,0,1.29380721570567e-05,0,0,0,0
0,0,0,0,0,0,0,0,0,0,0,0,8.19128250949368e-05,0,0.000176911980448437,0,0.000738744363541823,0,0,0,0,0,0.00557446254575563,0,0,0,0.00189793429126664,0,0,0,0.0269977527020534,0,0,0,0,0,0,0,0.00361927859799605,0,0,0,0,0,0,0,0,0,0,0,0,0,0,0,0,0,0,0,0.00030304768546396,0,0,0,0,0,0,0.00166401631287164,0,0,0,0.00335705592801316,0,0.0822251460167715,0,0.0165408526324538,0,0,0,0,0,0,0,0.000488271874779672,0.00268448861618726,0.00146995517446626,0,0,0
0,0,0,0,0,0,0,0,0,0,0,0.00220009138446424,0,0,0,0,0,0,0,0,0,0,0,0,0,0,0,0.00510826185170453,0,0,0,0,0,0,0,0,0,0.0013685196427121,0,0,0,0,0,0,0,0,0,0,0,0,0,0,0,0,0,0,0,0.000309972502468234,0,0.00196230416471109,0,0,0,0,0,0,0,0,0,0,0.0103943950198794,0,0.0475743617837576,0,0,0,0,0,0,0,2.51503442401438e-05,0,0.000115330166102176,0,0,0,0
0,0,0,0,0,0,0,0,0,0,0.0100457472217309,0,0,0,0,0,0,0,0,0,8.36009165044926e-05,0,0,0,0,0,0,0,0.0269977527020534,0,0,0,0,0,0,0,0,0,0.0046036589282828,0,0,0,0,0,0,0,9.85832678692148e-05,0,0,0,0,0,0,0,0,0,0.00951325416026644,0,0,0,0,0,0,0.000145668862128233,0,0,0,0,0,0,0,0.00232482535282062,0,0.174662109253002,0,0,0,0,0,0,0,0.0012456120990547,0.000274587140007579,0,5.92055030617343e-05,0,0
0,0,0,0,0,0,0,0,0,0,0,0,0,0,0,0,0,0,0,0,0,0,0,0,0,0,0,0,0,0,0,0,0.0102278223330471,0.000182773049960776,0,0.00150468310689554,0,0,0,0,0,0,0,0,0,0,0,0.0258017697141548,0,0.000645293061529312,0,0,0,0,0,0,0,0,0,0,0,0,0,0,0,0,0,0,0,0,0,0,0,0,0.115538920312707,0.0102661149741372,0,0,0.00933483311740378,0,0,0,0.00077482925472315,0,0,0,0
0,0,0,0,0,0,0,0,0,0,0,0,0,0,0,0,0,0,0,0,0,0,0,0,0,0,0,0,0,0,0,0.0102278223330471,0,0.000780208217950214,0.000455643068583715,2.07326183879318e-06,0.00351403359746177,0,0,0.000591631006071013,0,0,0,0,0,0,0,0.0870227080636917,1.6591320599454e-05,0.0015065388240663,0,0,0,0,0,0,0,0,0,0,0,0,0,0,0,0,0,0,0,0,0,0,0,0,0.00164682073750836,0.134273498037804,0,0.00150142403193075,7.02090768255048e-06,0.00464345284787466,0,0,0.000150826651330409,0,3.26023323469447e-05,0,0
0,0,0,0,0,0,0,0,0,0,0,0,0,0,0,0,0,0,0,0,0,0,0,0,0,0,0,0,0,0,0,0.000182773049960776,0.000780208217950214,0,0.0836961097879171,0.000186552221528065,0,0.00236157348207358,0,0,0,0,0,0,0,0,0,0.0401750893058568,0,6.60091286441931e-05,0,0,0,0,0,4.00423644840817e-05,0,0,0,0,0,0,0,0,0,0,0,0,0,0,0,0,0,0,0.000338375740263925,0,0.105009039725182,0.00484876405424539,0.00193365138685829,0,0.00362811092819518,0,0.000464783496417526,0.000352391096245013,0,0,0
0,0,0,0,0,0,0,0,2.92535569475917e-05,0,0,0,0,0,0,0,0,0,0,0,0,0,0,0,0,0,0,0,0,0,0,0,0.000455643068583715,0.0836961097879171,0,0,0.00791999964211751,0,0.00154149799651162,0,0,0,0,0,0,0,0,0.0529542795943243,0.00160260631406842,3.6263865463407e-05,0,0,0,0,0,0,0,0,0,0,0,0,0,0,0,0,0,0,0,0,0,0,0,0,0,7.83331152423917e-05,0.0612819891447531,0.108988172487407,0,0.0014031513331568,0,0.00479825757318779,0.000938381177135424,0.000340069420007824,0,0,0
0,5.99354082634347e-05,0,7.78545685987226e-06,0,0,0,3.90698949083484e-05,0,0,0,8.28679235454151e-05,0,0,0,0,3.52540962470548e-06,0,0.000352749783806041,0.00358737684070915,0,0,0,0,0,0,0,0,0,0,0,0.00150468310689554,2.07326183879318e-06,0.000186552221528065,0,0,0.000432130927882437,0.0088721616491751,2.4708577813169e-05,8.19796578437459e-05,0,0.000279267863875704,0,0.000101165620230196,0,0.000114002180007039,1.67018121574334e-06,6.6383054565426e-05,0,0.000131604063363899,0,3.49683244997616e-06,0,0,0,0,0,0.000159275140048988,0,0,0,0,0.00389261326259199,0,0,0,0,0,0,0,2.46187536239448e-05,0,4.0494028231376e-05,0,0.000612139712205533,0,9.03016098163789e-06,0,0.0573286517085419,7.79981761074667e-05,0.00722744271447141,0,0.00311555984051927,0.000349910818206049,0.00075575357979115,4.56095107219114e-05,0
0,6.57546055923673e-06,0,0,0,0,0,0,0,0,0.000154853426802701,0,0,0,0,0,5.92986308558369e-07,0,0.000392736111822794,0,0.00363444886249843,0,0,0,0,0,0,0,0,0,0,0,0.00351403359746177,0,0.00791999964211751,0.000432130927882437,0,1.37681531750118e-06,0.00804487621254221,0,3.72473047341422e-05,0,0.000555455365988771,0,9.69297471929039e-05,0,0.000312840490338915,0.00112549652537667,3.09609799985857e-06,0,0,0,0,0,0,0,2.17714333923937e-05,0,0,0,0,0,0,0.00157668195478471,0,0,0,0,0,0,0,0,0,0,0,0.00103085495136592,0,0.00356997665487359,0.000395618669649951,0.0828121282690979,0,0.00102661022980766,0.00499220383434826,4.43020657043549e-05,0.000765324083966882,0,7.24419231025385e-06
0,0,0,0,0,0,0,0,0,0.000307496906535513,0,0.00299714265743453,0,0,0,0,0,0,0,0.0037085356418264,0,0.0106868833378599,0.000848473413577198,0.00575775712966596,0,0,0,0.000528941813555048,0,0.0013685196427121,0,0,0,0.00236157348207358,0,0.0088721616491751,1.37681531750118e-06,0,9.24049626331905e-05,0,0,0.000378158495158178,0,0,0,0,0,0.00197855213577195,0,0.000865206366769473,0,0,0,0,0,0.000225215518756717,0,0.00459825938958221,0,0,0,0,0.000669410287867716,0,0.00701286521720347,7.98333566156428e-05,0.0024840973032983,0,2.07378552954003e-05,0,0.000476651991244246,0,0.00138881200942644,0,0,0,0.00222699301570914,0,0.00269393923645877,1.31962140821237e-06,0.0617136846875307,3.45520122421619e-05,0.00293814255674944,0.000409360957842856,0.000661504898630133,6.77404554637329e-06,0
0,0,0,0,0,0,0,0,0.00149453077646865,0,0.000814348178431161,0,0,0,0,0,0,0,0,0,0.000118156880224119,2.4540758155942e-05,0.00919744151668749,0,0.00474323691888559,0,0,0,0.00361927859799605,0,0.0046036589282828,0,0,0,0.00154149799651162,2.4708577813169e-05,0.00804487621254221,9.24049626331905e-05,0,0,0,0,2.68426457444761e-05,0,0,0,0,0.0062390086041449,0.00706139611055604,0,0,0,0,0,0.00017096586768796,0,7.93074371490938e-05,0,0,0,0,0,0,7.16265174296879e-06,0,0.00441043215938656,0,0.00061415215256067,0,0,0,0.000101628698521897,0,0.00220388564082803,0,0,0,0.000405819863401138,0,0.00881809132779919,0.000214527696323853,0.0646562959467762,0.0043037471947215,0.000774729977219852,0.000709969487322548,0,0
0,6.08298657403788e-05,0,0.00209901666783267,0,0.000236194846109139,0,0,0,0,0,0,0,0,0,0,7.36674283927663e-06,4.20628027682506e-06,0.00256511857152933,0,0,0,0,0,0,0,0,0,0,0,0,0,0.000591631006071013,0,0,8.19796578437459e-05,0,0,0,0,0,0.0110844850932989,0,0.00170112538356876,0,0.00552779059971717,0,0.00696075343463485,0,0.00823116845070015,0,0.000500262541733233,0,0,0,0,0,0.000772925487168005,0,1.40371486629397e-05,0,0,0.00664441446269568,0,0,0,0,0,0,0,1.80096196321869e-05,0,0.000251172339162594,0,0,0.000206531927601543,0,0,0.00567571394153825,2.48300059147366e-05,1.60821990382838e-05,0,5.04119214417989e-05,2.73388592967125e-06,0.0199809388988925,0.00384088830624619,0
0,0,0,0,0,0,0,0,0,0,0,0,0,0,0,0,9.96667280785177e-05,2.44281935142597e-06,0.00488745482216072,0,0.000186397937266036,0,0,0,0,0,0,0,0,0,0,0,0,0,0,0,3.72473047341422e-05,0,0,0,0,0.000143648842145979,0.0369231587793592,0,0.0125996142971331,0.000331759195345997,0.00359880530805209,0.000339952586331323,0.0101867169132588,0,0,0,0,0,0,0,0.000293768374280248,0,0,0,0,0,0,0.00313051544658138,0,0,0,0,0,0,0,0,0,7.98245243893751e-05,0,1.25622369026028e-05,0,0,1.78690183349433e-05,0.00379272448408875,0,9.15716224161991e-05,0.000184787285072043,0,0.0182636490550412,0,0.0031098404549606
0,0.00753700513927697,0,0.00160861290943563,0,0,0,0,0,0.00100829318902204,0,0,0,0,0,0,7.46032363615099e-05,4.82709423672816e-05,0.0142883220468985,0.000237052852570673,0,0,0,0.00089244677896196,0,0,0,0,0,0,0,0,0,0,0,0.000279267863875704,0,0.000378158495158178,0,0.0110844850932989,0.000143648842145979,0,0.0068681122545994,0.00579612464833991,0.000217224731381476,0.0113886787191048,0,0.00255176243032984,0,0.0185962833453163,0,0.00013003022330409,0,0,0,0.000306177818249581,0,0.019703397265821,0,0.000443024171069798,0,0.000208835393502374,0.00871594892965121,2.86913669649111e-05,0,0,0.000583368638505948,0,0,0,0.0041333212081489,0,0.00974994916318901,0,0,0,0,0,0.0127385167376207,3.45697274037251e-05,0.000172881035570785,0,0.00317106985882951,7.67672053080184e-06,0.094264083166908,0.123768310726087,0
0.00232619129120084,0,5.31169213737585e-05,0,0,0,0,0,0.000756146041931287,0,0,0,0,0,0,0,0.000144090979692629,3.14994783697624e-05,0.0283056160511072,0,0.000253314159569596,0,0,0,0,0,0,0,0,0,0,0,0,0,0,0,0.000555455365988771,0,2.68426457444761e-05,0,0.0369231587793592,0.0068681122545994,0,0.000693172803917758,0.00800475784480309,0.000127664699165762,0.00156448449802696,0.00216042786645056,0.0118952760055835,0,0,0,0,0,0,0,0.00020576155333506,0,0,0,0,0,2.40720522294705e-05,0.000586060207382054,0,0,0,0,0,0,0,0,0,0.000175702849530172,0,1.04076892577138e-05,0,0,3.33589464790835e-05,0.0120791717267501,0,2.43684289284436e-05,0.00231815499478188,2.33196991949916e-06,0.0654383465095333,0.000180542737934083,0.122097134641128
0,0.000277113128795525,0,0,0,0,0,0,0,0,0,0,0,0,0,0,1.85219333536082e-05,1.33108058298081e-05,0.00799483017960781,0,0,0,0,0,0,0,0,0,0,0,0,0,0,0,0,0.000101165620230196,0,0,0,0.00170112538356876,0,0.00579612464833991,0.000693172803917758,0,0,0.00553867228139577,0,0,0,0,0,0,0,0,0,0,0,0,0,0,0,0,0.00212354189128088,0,0,0,0,0,0,0,0,0,0,0,0,0,0,0,0.00195379218735843,7.8429431988905e-06,1.30598904611904e-05,0,3.77809357860194e-05,1.69668931882449e-06,0.00724959495388844,0.00224267095814903,0
0,0,0.000150923183402421,0,0,0,0,0,0,0,0,0,0,0,0,0,9.84521434085564e-05,0,0.0133332584761396,0,0.00022596124638679,0,0,0,0,0,0,0,0,0,0,0,0,0,0,0,9.69297471929039e-05,0,0,0,0.0125996142971331,0.000217224731381476,0.00800475784480309,0,0,0.000379470972605989,0.0014013836104072,0.00012712843148629,0.00119956893884024,0,0,0,0,0,0,0,0.000869448083464645,0,0,0,0,0,0,0.000902945430037157,0,0,0,0,0,0,0,0,0,6.21937683799745e-05,0,0,0,0,5.68241391245424e-06,0.00327336108415497,0,0,0.000174352122107658,0,0.022705021473295,0,0.0130017291648791
0,0.000119115432938298,0,0.00255768241506906,0,0.000838758655259468,0,0,9.97707168680524e-05,2.82750564537496e-05,0,0,0,0,0,0,0.000497889146658757,0.000179379869210862,0.0122451825902293,0.000837400079750016,0,0,0,0,0,0,0,0,0,0,0,0,0,0,0,0.000114002180007039,0,0,0,0.00552779059971717,0.000331759195345997,0.0113886787191048,0.000127664699165762,0.00553867228139577,0.000379470972605989,0,0.000162619076180861,0,0,0.000172885006002257,0,0.000482334516015368,0,0,0,0,0,0.000458675047592262,0,3.28719423527473e-05,0,0,0.0203054610636273,0,0,0,0,0,0,0,9.22386864958128e-05,0,0.000208543549726826,0,0,0,0,0,0.0047373200261295,0.000226052971963396,4.67662338437291e-05,0,0.00043317942603681,8.3079924929641e-06,0.0120873247815871,0.000450704506244705,0
0,0,0.000235932743013669,0,0.000466350111572107,0,0,0,0,0,0,0,0,0,0,0,1.79839394296894e-05,7.30611584158931e-06,0.000982843120632298,0,0.00466017151639699,0,0,0,0,0,0,0,0,0,9.85832678692148e-05,0,0,0,0,1.67018121574334e-06,0.000312840490338915,0,0,0,0.00359880530805209,0,0.00156448449802696,0,0.0014013836104072,0.000162619076180861,0,8.74837920713175e-05,0.00324331840149597,0.000664004331153787,0.00014811377316811,0,0,0,0,0,0.00380121993232891,0,0,0,0,0,2.01140514015261e-05,0.0421619052340807,0,0,0,0,0,0,0,0,0,0.004660702455099,0,0,0,0,1.49078168123552e-05,0.0105027520363586,0,0.000127869782273872,0.000314654965586243,5.17989544551045e-06,0.037721508584042,0,0.000265691335231967
0,0,0,0,0,0,0,0,0.000481286355838647,0,0,0,0,0,0,0,0,0,0.000129821841522656,0,0,9.56121679643309e-05,0,0.000207919811918081,0.000637378718500178,0,0,0,0,0,0,0.0258017697141548,0.0870227080636917,0.0401750893058568,0.0529542795943243,6.6383054565426e-05,0.00112549652537667,0.00197855213577195,0.0062390086041449,0.00696075343463485,0.000339952586331323,0.00255176243032984,0.00216042786645056,0,0.00012712843148629,0,8.74837920713175e-05,0,0.0396516634671471,0.137140073308647,0,0,0,0,0,0.000353009648540723,0,0,0,0,0,0,0,8.99118081965035e-05,0.000132861187329201,0,0.00404818473271252,0,0,0,0,0,0,0,0.023030242236039,0.102535616536515,0.0216115063350966,0.0133546793654702,0.0172240607418282,0.00900758904269166,0.0115391404359666,0.00742730622547539,0.00461027366660647,0.000137067842310867,0.0120146494621342,0,5.52762037688264e-05
0.0311913645048658,0,0.00679800327914217,0,0.000283936181167227,0,0,0,0.0113705751326964,0,0,0,0,0,0,0,4.06454803322299e-05,1.78861799484623e-06,0.000879581584360929,0,0.000394222068323801,0,0.00336573489177972,0,0.00338932453854146,0,0,0,0,0,0,0,1.6591320599454e-05,0,0.00160260631406842,0,3.09609799985857e-06,0,0.00706139611055604,0,0.0101867169132588,0,0.0118952760055835,0,0.00119956893884024,0,0.00324331840149597,0.0396516634671471,0,0.0016610921418494,0.00148156389665163,0,0,0,0.00457001349247298,0,0.000391082932007073,0,0.000149764622113594,0,0.000723654955113347,0,0,0.00182379917750158,0,0.0229510900517948,0,0.00962610647599263,0,0.00457821024186572,0,0.00260635652602657,0,0.00185866687511346,0,0.000665969116681602,0,0.000220041468166825,8.19506905087137e-06,0.00102271651956842,0,0.00833505480887663,0.00181002338150207,0,0.0228428233046539,0,0.000267082820797271
0,0.0212338322756396,0.000103238273767087,0.0153477428538464,0,0.00118662544148123,0,0,1.88438861645777e-05,0.000227204058961168,0,0,0,0,0,0,0,0,0.000345000173324651,0,2.4104506773176e-05,0.00291320653176047,0,0.00130776717079074,0,0,0,0,0,0,0,0.000645293061529312,0.0015065388240663,6.60091286441931e-05,3.6263865463407e-05,0.000131604063363899,0,0.000865206366769473,0,0.00823116845070015,0,0.0185962833453163,0,0,0,0.000172885006002257,0.000664004331153787,0.137140073308647,0.0016610921418494,0,0,0.00324204364979586,0,0,0,0.00375733569969198,0,0.00567487025209598,0,0.000593416538976274,0,0.00890235385247979,0.000311936881587786,0.000690652225153754,0.00191282273222875,0,0.00431535172612335,0,0.00479083721357155,0,0.00561401488059312,0,0.0121504204183086,0,0.00018621877905539,0.000415047564831821,0.00040048426083794,0,0.00975765362782234,4.3555683641866e-06,0.0126657871916547,0,0.00160765277649421,0,0.0303409095403028,0.000472812232439087,0
0.000205567128901714,0,0.0262343785374103,0,0.0681074649384197,0,0,0,0.00157797390500662,0,0,0,0,0,0.00036615575885324,0,0,0,0,0,0,0,0,0,0,0,0,0,0,0,0,0,0,0,0,0,0,0,0,0,0,0,0,0,0,0,0.00014811377316811,0,0.00148156389665163,0,0,0,0,0,0.0167978270341308,0,0.00481142027946792,0,0.0111533482212514,0,0.00206650863966662,0,0,0.00151338905800738,0,0,0,0,0,0,0,0,0,0,0,0,0,0,0,1.98157920543571e-05,0,0,3.59727030769962e-05,0,0.0042395387502826,0,0
0,0,0,0.0335006550891978,0,0.022654731203087,0,0,0,0.00072978200922902,0,0.000220381838146989,0,0,0,0.000153472706145323,0,0,2.7788517099293e-05,0.00140710297473492,0,0,0,0,0,0,0,0,0,0,0,0,0,0,0,3.49683244997616e-06,0,0,0,0.000500262541733233,0,0.00013003022330409,0,0,0,0.000482334516015368,0,0,0,0.00324204364979586,0,0,0,0,0,0.00795796431343554,0,0.0285763062882712,0,0.0037677581698714,0,0.0154542279727532,0.000471194088030761,0,0,0,0,0,0,0,0,0,0,0,0,0,0,0,6.94317010710102e-05,0,0,0,0.00015415532233257,0,0.00131990328761439,0,0
0,0,0,0,0,0,0.0327315262447612,0,0,0,0.00527232919100368,0,0.00287676991306799,0,0,0,0,0,0,0,4.06451372812729e-05,0,0,0,0,0,0,0,0,0,0,0,0,0,0,0,0,0,0,0,0,0,0,0,0,0,0,0,0,0,0,0,0,0,0,0,0.0148105066230981,0,0.00016992093107306,0,0,0,0,0,0,0,0,0,0,0,0,0,0,0,0,0,0,0,0,0,0,0,6.6350609083397e-05,0,0,0,0
0,0,0,0,0,0,0,0.00961310554341868,0,0,0,0.000351829481197388,0,0,0,0,0,0,0,0,0,0,0,0,0,0,0,0,0,0,0,0,0,0,0,0,0,0,0,0,0,0,0,0,0,0,0,0,0,0,0,0,0,0,0,0,0,0.0184750864981552,0,0,0,0,0,0,0,0,0,0,0,0,0,0,0,0,0,0,0,0,0,0,0,0,0,0,0,0,0
0.0200558016134704,0,0.0103789127236311,0,0.00720915285421373,0,0,0,0.0932083351690628,0,0,0,0,0,0.0119725330085168,0,0.00160952559223721,0.000381881260444733,0.000521792156501555,0,0,0,0,0,0.00501415410921584,0,0.000476711725262133,0,0,0,0,0,0,0,0,0,0,0,0.00017096586768796,0,0,0,0,0,0,0,0,0,0.00457001349247298,0,0.0167978270341308,0,0,0,0,0,0.00125575330620812,0,0.000276008973367752,0,0.00265455331477081,0,0,0,0,0,0,0.0447263162605885,0,0.00990611705338264,0,0,0,0,0,0,0,0,0,0,0,0.000611477472042152,0.000408109705910797,9.91973335664747e-06,0.000867858821144805,0,0
0,0.0853281407029834,0,0.0220552168139189,0,0,0,0,0,0.158483088613896,0,0,0,0,0,0.0163330934738849,0,0,0,0,0,0,0,0.00609893511582995,0,0,0,0,0,0,0,0,0,4.00423644840817e-05,0,0,0,0.000225215518756717,0,0,0,0.000306177818249581,0,0,0,0,0,0.000353009648540723,0,0.00375733569969198,0,0.00795796431343554,0,0,0,0,0,0,0,0.000183268561601957,0,0.0260386283963508,0,0,0,0,0.0515816172380769,0,0,0,0,0,0,0,0,0,0.000119973782953022,0,0,0,0.00176308317269923,0,0.000278131397617702,0,0.000667102055887364,0,0
0,0,0.000465668964662056,0,0.00150605427972262,0,0.00827851178037332,0,0,0,0.103222652357533,0,0.00316318756425384,0,0,0,0,0,7.14152248705512e-05,0,0.00406729303265716,0,0,0,0,0,0,0,0,0,0.00951325416026644,0,0,0,0,0,2.17714333923937e-05,0,7.93074371490938e-05,0,0.000293768374280248,0,0.00020576155333506,0,0.000869448083464645,0,0.00380121993232891,0,0.000391082932007073,0,0.00481142027946792,0,0.0148105066230981,0,0.00125575330620812,0,0,0,0.0100542064892725,0,0.000892940952267894,0,0,0.0135168596445278,0,0,0,0,0,0,0,0.01912928487457,0,0.0622751789821372,0,0,0,0,0,0.000163913754929989,0,8.03152147512699e-05,0.000413203883270959,0,0.00303048713836226,0,0.000532080679216543
0,0.001079546906031,0,0.000302471621506186,0,0.0038464445567833,0,0.0012542461600859,0,0,0,0.0571368138027917,0,2.87236961814827e-05,0,0,0,0,0.000323858911438701,0.0215992779750909,0,0,0,0,0,0,0,0,0,0.000309972502468234,0,0,0,0,0,0.000159275140048988,0,0.00459825938958221,0,0.000772925487168005,0,0.019703397265821,0,0,0,0.000458675047592262,0,0,0,0.00567487025209598,0,0.0285763062882712,0,0.0184750864981552,0,0,0,0,0,0.0124716105520478,0,0.000562705872854407,0.0278513786719029,0,0,0,0,0,0,0,0.0148876402921577,0,0.0486989708052143,0,0,0,0,0,0.00228636830176853,4.63013065798919e-06,0.000326961426572775,0,0.000461950026497611,0,0.0198974223642474,0.00530988298262856,0
0,0,0.000126675783172448,0,0.00606080557759716,0,0.00772012238445967,0,0,0,0,0,0.03054633388925,0,0,0,0,0,0,0,0,0,0,0,0,0,0,0,0.00030304768546396,0,0,0,0,0,0,0,0,0,0,0,0,0,0,0,0,0,0,0,0.000149764622113594,0,0.0111533482212514,0,0.00016992093107306,0,0.000276008973367752,0,0.0100542064892725,0,0,0,0.00213169457009452,0,0,0,0,0,0,0,0,0.000277186934949489,0,0.0207527707191731,0,0,0,0,0,0,0,0,0,0,0.00029782381332125,0,1.28243152168056e-05,0,0
0,0.000350583536288169,0,0,0,0,0,0.00150729834379255,0,0,0,0.00292652037752973,0,0.0228006518449928,0,0,0,0,9.8575646594024e-06,0,0,0,0,0.000302892126151156,0,0,0,0.000373697516773778,0,0.00196230416471109,0,0,0,0,0,0,0,0,0,1.40371486629397e-05,0,0.000443024171069798,0,0,0,3.28719423527473e-05,0,0,0,0.000593416538976274,0,0.0037677581698714,0,0,0,0.000183268561601957,0,0.0124716105520478,0,0,0,0.00586101737069691,8.26107600349774e-05,0,1.44024070451165e-05,0,0.000385002688986075,0,0.00877052126910701,0,0.00580897962063786,0,0.00180184501839236,0,0,0,0,0,2.29504420335212e-05,0,0,0,0.000241230623887397,0,0.000488617981185008,0,0
0,0,0.0021356412971327,0,0,0,0,0,0.0203211472687983,0,0,0,0,0,0.031096153549642,0,0.00621562872263268,0.000611407618321005,0.000595595578331636,0,0,0,0,0,0.00313820234768261,0,0.00206999825989871,0,0,0,0,0,0,0,0,0,0,0,0,0,0,0,0,0,0,0,0,0,0.000723654955113347,0,0.00206650863966662,0,0,0,0.00265455331477081,0,0.000892940952267894,0,0.00213169457009452,0,0,0,0,0,0,0,0,4.59500457151464e-05,0,0.000534507373103534,0,0,0,0,0,0,0,0,0,0,0,0,0.00043503844201559,1.99174291841365e-05,3.85929873553435e-05,0,0
0,0.00340304196316007,0,0.00399864044214192,0,0.000122424600938038,0,0,0,0.0018012535693606,0,0,0,4.60598466242206e-05,0,0.0246589048802968,0,0.00015250644361899,0,0,0,0,0,6.75885163698717e-05,0,0.000408614506261767,0,0,0,0,0,0,0,0,0,0,0,0,0,0,0,0.000208835393502374,0,0,0,0,0,0,0,0.00890235385247979,0,0.0154542279727532,0,0,0,0.0260386283963508,0,0.000562705872854407,0,0.00586101737069691,0,0,0,0,8.46599598533905e-06,0,0.00773459481613649,0,0.0243427895186414,0,0,0,0,0,0,0,0,0,0,0,1.16143369451078e-05,0,6.66090126680139e-05,0,0.000523051820252879,6.90677923981145e-05,0
0,0.000496489203712901,0,0.00258126370879208,0,1.07415771277538e-05,0,0,0,0,0,0.00276604825487518,0,0,0,0,0.000142939444308393,2.32564182838481e-05,0.00735305798306826,0.0600526414587473,0,0,0,0,0,0,0,0,0,0,0,0,0,0,0,0.00389261326259199,0,0.000669410287867716,0,0.00664441446269568,0,0.00871594892965121,2.40720522294705e-05,0.00212354189128088,0,0.0203054610636273,2.01140514015261e-05,0,0,0.000311936881587786,0,0.000471194088030761,0,0,0,0,0,0.0278513786719029,0,8.26107600349774e-05,0,0,0,0,0,0,0,0,0,0,0.0013980921684095,0,0.0104303173747803,0,0,0,0,0,0.0189419389122931,6.07109973371271e-05,0.00163852265986662,0,0.00153836836096936,3.80718586597318e-05,0.0290755373369319,0.00232416344341202,0
0,0,0.000307916875506327,9.7488900208104e-05,0.00231065776243442,0,0,0,0,0,0.000521784519460645,0,0,0,0,0,0,0,0.000383341007881843,0,0.0518876659057341,0,0,0,0,0,0,0,0,0,0.000145668862128233,0,0,0,0,0,0.00157668195478471,0,7.16265174296879e-06,0,0.00313051544658138,2.86913669649111e-05,0.000586060207382054,0,0.000902945430037157,0,0.0421619052340807,8.99118081965035e-05,0.00182379917750158,0.000690652225153754,0.00151338905800738,0,0,0,0,0,0.0135168596445278,0,0,0,0,0,0,0,0,0,0,0,0,0,0,0,0,0.00446473785207889,0,0,0,0,0,0.0335227657054623,0,0.000169179131762734,0.000586502729975856,0,0.0226146712357963,0,0.000947742093693367
0,0,0,0,0,0,0,0,0,0,0,0,0,0,0,0,2.21075244734577e-05,0.000637284430426309,6.54419041012629e-06,0,0,0.150308126418966,0.00399404011227709,0.00483251094657802,0,0.00162102905621986,0,0.000349040448221959,0,0,0,0,0,0,0,0,0,0.00701286521720347,0,0,0,0,0,0,0,0,0,0.000132861187329201,0,0.00191282273222875,0,0,0,0,0,0,0,0,0,1.44024070451165e-05,0,8.46599598533905e-06,0,0,0,0.000175264940457523,0.0141472871776271,0,0.00722529600790955,0,0.00971909919600421,0,7.45680155976786e-05,0,0,0,0,0,0,0,0.00907350666300559,0,0.00304401980748377,0.000348168863994603,2.33035256866004e-05,0,0
0,0,0,0,0,0,0,0,0,0,0,0,0,0,0,0,4.84088949580762e-05,0,0,0,0,0.00149314384149883,0.213527053157295,0,0.000627141705445728,0,0.000999887110338516,0,0.00166401631287164,0,0,0,0,0,0,0,0,7.98333566156428e-05,0.00441043215938656,0,0,0,0,0,0,0,0,0,0.0229510900517948,0,0,0,0,0,0,0,0,0,0,0,0,0,0,0,0.000175264940457523,0,0,0.00318964756865142,0,0.00369204565618625,0,0.00819704003805369,0,0,0,0,0,0,0,0,6.03228040330691e-06,0.00843437652868224,0.00190241508710492,0.000109585443350813,0,0,0
0,4.05597307972082e-05,0,0,0,0,0,0,0,0.00867462902800609,0,0,0,0,0,0.00502891233553278,0,4.3449686192315e-05,0,0,0,0.0032326352120935,0,0.0849258353025359,0,0.0180977108006583,0,0,0,0,0,0,0,0,0,0,0,0.0024840973032983,0,0,0,0.000583368638505948,0,0,0,0,0,0.00404818473271252,0,0.00431535172612335,0,0,0,0,0,0.0515816172380769,0,0,0,0.000385002688986075,0,0.00773459481613649,0,0,0.0141472871776271,0,0,0,0.0417158666282918,0,0.000970285198132561,0,0,0,0,0,0.000172343315703415,0,0,0,0.00602875955472207,0,0.000967297421580583,0,0.0063799033405174,0,0
0.000207769102438623,0,0,0,0,0,0,0,0.0051715456923387,0,0,0,0,0,0.000415284622413654,0,2.58850002840937e-05,4.23887459776433e-05,0,0,0,0,0.00420169489787452,0,0.115909950273095,0,0.000326138230831042,0,0,0,0,0,0,0,0,0,0,0,0.00061415215256067,0,0,0,0,0,0,0,0,0,0.00962610647599263,0,0,0,0,0,0.0447263162605885,0,0,0,0,0,4.59500457151464e-05,0,0,0,0,0.00318964756865142,0,0,0,0.0185615176001638,0,6.63619691494135e-05,0,0,0,0,0,0,0,0,0,0.000222851362197556,8.55238029107156e-05,0,0.000346806783331328,0,0
0,0,0,0,0,0,0,0,0,8.62076340506202e-05,0,0,0,0.000625658347946471,0,0.00618339240807312,0.000443689801594159,0.00780835562160589,0.000209172637695647,0,0,0.00193762852451986,0,0.106499960758023,0,0.0547297288606855,0,0.00663038013477683,0,0,0,0,0,0,0,0,0,2.07378552954003e-05,0,0,0,0,0,0,0,0,0,0,0,0.00479083721357155,0,0,0,0,0,0,0,0,0,0.00877052126910701,0,0.0243427895186414,0,0,0.00722529600790955,0,0.0417158666282918,0,0,0.000129938681789161,0.0343652158596487,0,0,0,0,0,0,0,0,0,6.02537428971842e-05,0,0.000525776605701278,3.5647317235185e-06,0,0,0
0,0,0,0,0,0,0,0,0.00199351994255411,0,0,0,5.61983964445182e-05,0,0,0,0.00885609307835963,0.00191392943464092,0.00160025765287648,0,0,3.06846819675118e-06,0.00123836726184015,0,0.0172829106303322,0,0.0548207233825174,0,0.00335705592801316,0,0,0,0,0,0,0,0,0,0,0,0,0,0,0,0,0,0,0,0.00457821024186572,0,0,0,0,0,0.00990611705338264,0,0,0,0.000277186934949489,0,0.000534507373103534,0,0,0,0,0.00369204565618625,0,0.0185615176001638,0.000129938681789161,0,0,0.0216100625829974,0,0,0,0,0,0,0,0,0,0,0.000783493375810353,1.18829960527979e-05,0,0,0
