0,0,5.91053533743298,0,0,0,0,0,6.74273030830593,0,0,0,0,0,3.69873654324075,0,0,0,9.89834229444666,0,0,0,0,0,15.5068778991699,0,0,0,0,0,0,0,0,0,0,0,0,0,19.7664362703051,0,43.9792296091715,0,19.2335591180924,0,0,0,48.4784564971924,0,7.6243687353422,0,17.4115562438965,0,0,0,8.39100530481091,0,0,0,2.88331977526347,0,4.63467885349311,0,0,31.5381803512573,0,0,0,0,0,10.0524286031723,0,0,0,0,0,0,0,0,0,33.4272575378418,0,0,13.4973720814808,25.6192536354065,10.9073541689266,0,7.8158373777577
0,0,0,14.683453918442,0,29.4446228572301,0,0,0,7.63878064625431,0,0,0,0,0,0,69.087646484375,45.7506408691406,10.9362295835446,29.8006191253662,0,0,0,10.8472283103249,0,0,0,0,0,0,0,0,0,0,0,33.162036895752,0,28.6978740692139,0,31.7496039741918,0,18.9320618152618,0,0,0,30.8478129386902,0,0,0,9.80132360255237,0,0,0,0,0,7.15337255063536,0,11.7801856676737,0,9.03891372680664,0,10.2450912153566,29.5922182044204,0,0,0,0,0,0,0,0,0,0,0,0,0,0,0,32.0166525439681,0,30.0665321350098,0,9.75961705625874,18.1959018707275,16.5672188099364,14.0420066288539,0
5.91053533743298,0,0,53.1529942830404,15.6689419065203,0,0,0,7.87401625610167,0,0,0,0,0,0,0,76.6556015014648,54.988899230957,45.8575532812821,0,12.9060525027188,0,0,0,0,0,0,0,0,0,0,0,0,0,0,0,19.2145134735107,0,37.1328048706055,0,43.4817275238037,51.2403612136841,35.1479853795269,0,0,59.1757011413574,24.0307065178366,57.4422348022461,6.51704370767973,55.0203342437744,10.0547814740973,0,0,0,8.86502581420276,0,4.42312097549438,61.6634573502974,3.29145534833272,0,5.63677339968474,0,60.7885670661926,40.9837481498718,0,0,0,0,0,0,0,0,0,32.5408261617025,0,0,0,0,73.1568069458008,43.9234432097404,0,35.4494941953629,21.6891566109041,23.7025483204768,20.6180131171367,78.4302673339844,17.2749803860982
0,14.683453918442,53.1529942830404,0,0,12.0481283586735,0,0,0,17.5200048664449,0,0,0,0,0,0,0,54.0605017344157,47.2051432132721,35.7299644470215,0,0,0,22.1606063842773,0,0,0,0,0,0,0,0,0,0,0,29.251633644104,0,31.0183809280396,0,42.6787827456439,43.6734256744385,33.4624259932121,55.0251216888428,0,0,37.4917499102079,66.4962005615234,0,57.8632293428694,18.1056211278552,61.3387298583984,8.35755087100462,0,0,60.8307437896729,7.6722189976218,61.1448535919189,20.8536229238709,0,4.91009272298505,0,4.65173772323963,32.0918461278821,0,0,0,0,0,0,0,0,0,33.0551702665246,0,0,0,0,0,34.4139816777236,75.562878199986,38.9858322143555,76.7129796346029,19.5378915390974,22.7600701967875,25.213559234806,19.1418035427729,60.6948585510254
0,0,15.6689419065203,0,0,0,4.59624169702115,0,3.44254321702488,0,0,0,0,0,0,0,0,69.210578918457,39.7534942626953,0,13.297264424766,0,0,0,0,0,0,0,0,0,0,0,0,0,0,0,21.933139483134,0,0,0,47.2674280802409,0,50.8436274861181,0,0,0,34.0499559225038,68.7448425292969,55.5635967254639,0,4.79684339028918,0,4.48587475220362,0,5.58632529300192,0,8.72556352615356,63.8255882263184,0,0,0,0,64.6551666259766,19.8051947391394,0,0,0,0,0,0,0,0,0,0,0,0,0,0,0,42.0363390350342,0,47.4795108208289,9.43212231277899,3.96510247141123,20.6204010607094,0,0
0,29.4446228572301,0,12.0481283586735,0,0,0,3.04977750778198,0,10.767885235167,0,6.41814832687378,0,2.95196866989136,0,3.45007948441939,0,0,51.4049425125122,7.81390408609734,0,0,0,40.0952110290527,0,0,0,0,0,0,0,0,0,0,0,12.0420770645142,0,45.5180530548096,0,49.4953079223633,0,42.5354981231689,0,0,0,0,0,0,0,23.1631445884705,0,3.65927402351632,0,3.45100688934326,0,6.7864452530356,0,9.743192378145,0,3.21998218127659,0,6.04769448190928,26.9654472351074,0,0,0,0,0,0,0,0,0,0,0,0,0,0,0,29.9874254226685,0,0,0,8.07380680983511,9.40086166518075,17.7891771230069,33.5033543904622,0
0,0,0,0,4.59624169702115,0,0,0,0,0,0,0,0,0,0,0,0,0,0,0,0,0,0,0,0,0,0,0,0,0,0,0,0,0,0,0,0,0,0,0,0,0,0,0,0,0,0,0,0,0,3.55501477534954,0,3.39946525341997,0,0,0,0,0,0,0,0,0,0,0,0,0,0,0,0,0,0,0,0,0,0,0,0,0,0,0,0,0,0,0,0,0,0
0,0,0,0,0,3.04977750778198,0,0,0,0,0,0,0,0,0,0,0,0,0,0,0,0,0,0,0,0,0,0,0,0,0,0,0,0,0,0,0,0,0,0,0,0,0,0,0,0,0,0,0,0,0,2.74343729019165,0,2.86002041399479,0,0,0,0,0,4.11208635110122,0,0,0,0,0,0,0,0,0,0,0,0,0,0,0,0,0,0,0,0,0,0,2.98653245128058,2.93849301338196,0,0,0
6.74273030830593,0,7.87401625610167,0,3.44254321702488,0,0,0,0,0,0,0,0,0,10.532983804678,0,25.3844556127276,44.6683502197266,0,0,15.3876247406006,0,0,0,9.20725879644971,0,15.0627143565151,0,0,0,0,0,0,0,0,0,34.8599662780762,0,9.46510481834412,0,44.3431701660156,73.3234558105469,9.82537014394247,0,0,0,32.9725165132616,71.8639373779297,10.989219262455,0,0,0,0,0,5.91859478401986,0,0,0,0,0,8.87198553039032,0,0,21.7021043300629,0,0,0,6.60859583527295,0,17.0835617466977,0,0,0,0,0,0,0,0,86.9365463256836,46.8074942196117,0,35.1039798458417,5.97375979153966,10.1777926244234,20.4839709724476,0,4.3250050224909
0,7.63878064625431,0,17.5200048664449,0,10.767885235167,0,0,0,0,0,0,0,0,0,4.00014754213455,21.9077949523926,6.37902301152547,50.7780592782157,0,0,0,0,7.8737117486899,0,2.96025156974792,0,0,0,0,0,0,0,0,0,0,0,15.2570297992591,0,54.3332649230957,86.0157699584961,15.2544609984172,0,0,0,0,0,0,69.3650207519531,18.8236138460771,0,3.86881778569057,0,0,0,5.12340355456288,0,19.9566962791212,0,0,0,4.4889090633706,39.848520452326,0,35.1203384399414,0,5.14714421627493,0,3.56842683042799,0,0,0,31.0278217315674,0,0,0,0,0,71.5597353848544,0,12.827022431447,0,9.17940642914989,4.84260626976594,21.9634553061591,8.15063987058752,0
0,0,0,0,0,0,0,0,0,0,0,0,2.95045385595228,0,0,0,0,0,0,0,2.99678154356161,0,0,0,0,0,0,0,0,0,3.32259775610531,0,0,0,0,0,0,0,3.19544651110967,0,0,0,0,0,0,0,0,0,0,0,0,0,0,0,0,0,5.12277110984498,0,3.00205785484724,0,0,0,0,2.88598622594561,0,0,0,0,0,0,0,0,0,4.9005931277334,0,0,0,0,0,0,0,0,4.31145825386047,0,3.37666511535645,0,0
0,0,0,0,0,6.41814832687378,0,0,0,0,0,0,0,3.34540578775239,0,0,0,0,48.3282432556152,3.15956487558077,0,0,0,0,0,0,0,0,0,9.19801806268238,0,0,0,0,0,0,0,3.18559602896372,0,0,0,0,0,0,0,17.2585182189941,0,0,0,0,0,7.70745215966151,0,0,0,0,0,3.91553564625632,0,2.91337280602291,0,0,4.96880870140516,0,0,0,0,0,0,0,0,0,7.4910217444102,0,0,0,0,0,0,0,0,0,4.3152873393028,0,5.14227268695831,0,0
0,0,0,0,0,0,0,0,0,0,2.95045385595228,0,0,0,0,0,0,0,0,0,0,0,0,0,0,0,0,0,0,0,0,0,0,0,0,0,0,0,0,0,0,0,0,0,0,0,0,0,0,0,0,0,0,0,0,0,2.75089311599731,0,3.25508712839197,0,0,0,0,0,0,0,0,0,0,0,0,0,0,0,0,0,0,0,0,0,0,0,0,0,0,0,0
0,0,0,0,0,2.95196866989136,0,0,0,0,0,3.34540578775239,0,0,0,3.37568092346191,0,0,0,0,0,0,0,0,0,0,0,0,0,0,0,0,0,0,0,0,0,0,0,0,0,0,0,0,0,0,0,0,0,0,0,0,0,0,0,0,0,0,0,2.99962472156757,0,2.74134910106659,0,0,0,0,0,0,0,0,4.68746596574783,0,0,0,0,0,0,0,0,0,0,0,3.44547050793966,3.55146636682398,0,0,0
3.69873654324075,0,0,0,0,0,0,0,10.532983804678,0,0,0,0,0,0,0,0,0,0,0,0,0,0,0,5.52004855019706,0,3.94813384612401,0,0,0,0,0,0,0,0,0,0,0,0,0,0,0,0,0,0,0,0,0,0,0,0,0,0,0,12.6595192146301,0,0,0,0,0,4.13564109125881,0,0,0,0,0,0,0,0,5.95731445721218,0,0,0,0,0,0,0,0,0,0,0,0,2.74811315536499,2.74552822113037,0,0,0
0,0,0,0,0,3.45007948441939,0,0,0,4.00014754213455,0,0,0,3.37568092346191,0,0,0,5.58376191457113,0,0,0,0,0,4.51214721686858,0,3.05794401963552,0,0,0,0,0,0,0,0,0,0,0,0,0,0,0,0,0,0,0,0,0,0,0,0,0,0,0,0,0,4.34302191128806,0,0,0,0,0,3.51952405296155,0,0,0,0,0,0,3.2848824200959,0,0,0,0,0,0,0,0,0,0,0,0,0,4.0604180907369,3.15403580021214,0,0,0
0,69.087646484375,76.6556015014648,0,0,0,0,0,25.3844556127276,21.9077949523926,0,0,0,0,0,0,0,25.8538230613957,22.2976182620854,0,0,0,3.720286490042,39.2513003349304,3.13219971381701,39.8804280757904,3.53548414945602,0,0,0,0,0,0,0,0,0,0,79.3682861328125,0,71.7599023672251,70.3388319015503,73.7962891714914,53.1358101752497,0,0,65.8125598544166,63.617546081543,0,87.0560455322266,0,0,0,0,0,0,0,0,107.254592895508,0,0,0,0,72.4281709844416,72.7643655141195,0,4.39061762198158,58.856616973877,6.39143808364868,0,2.85610463553005,0,0,0,0,0,0,0,0,77.8477301420989,69.7741928100586,0,75.4283270835876,16.0705864569099,7.95299510770181,62.1718922214232,76.5443267822266,46.1922794342041
0,45.7506408691406,54.988899230957,54.0605017344157,69.210578918457,0,0,0,44.6683502197266,6.37902301152547,0,0,0,0,0,5.58376191457113,25.8538230613957,0,20.3506866461076,0,80.9538803100586,3.41255364297819,5.90035963058472,10.0716591069573,0,4.79592825204898,0,3.40919981002808,0,0,0,0,0,0,0,0,0,0,0,64.7318845748901,72.5815294705904,56.0712276034885,60.1811793934215,0,0,59.7829436347598,81.0317989846934,0,66.7891909281413,72.6652526855469,0,0,0,0,0,0,0,65.0975914001465,0,0,0,6.9624617099762,68.5194432875689,72.4017014503479,3.28471370538076,0,7.17973272005717,0,2.93673328830771,0,0,0,0,0,0,0,0,0,72.3777948651995,75.2922812752102,0,76.4682208469936,14.2050005899614,9.69468245690696,67.0505450375109,0,47.6781606674194
9.89834229444666,10.9362295835446,45.8575532812821,47.2051432132721,39.7534942626953,51.4049425125122,0,0,0,50.7780592782157,0,48.3282432556152,0,0,0,0,22.2976182620854,20.3506866461076,0,57.5541568756104,0,0,0,73.3879028320312,0,24.0308704376221,0,0,0,0,0,0,0,0,0,0,0,51.2521334754096,32.1474876403809,44.347536412681,42.0333760462213,25.9035126997643,18.6466339100306,0,0,41.0481640934312,44.4444921646526,0,52.2060976530376,28.6479322770063,0,62.3662490844727,0,0,54.9338722229004,30.2118587493896,68.7810077667236,44.5568553700167,0,0,0,0,46.3100003339573,51.0616162636619,0,0,0,0,0,0,0,0,41.73492603302,55.2578163146973,0,0,0,0,44.2954369581462,47.2428399764005,42.0438144683838,38.7823148861266,13.5509005163787,19.3618121736298,34.560370226538,26.3319318371434,13.1364776671062
0,29.8006191253662,0,35.7299644470215,0,7.81390408609734,0,0,0,0,0,3.15956487558077,0,0,0,0,0,0,57.5541568756104,0,0,0,0,0,0,0,0,0,0,0,0,0,0,0,0,4.86938572146021,0,4.41153758175288,0,0,0,56.8567924499512,0,0,0,13.0868716368111,93.2827453613281,0,0,0,89.5938568115234,13.4055581494986,0,11.4191589355469,0,0,0,4.82020387292546,0,11.8843018213908,0,12.830849647522,9.69771661468376,0,0,0,0,0,0,0,0,0,4.41730842136201,0,0,0,0,0,13.479134091464,0,4.2140326499939,0,6.10244836498849,17.2296562194824,4.65377573480411,0,0
0,0,12.9060525027188,0,13.297264424766,0,0,0,15.3876247406006,0,2.99678154356161,0,0,0,0,0,0,80.9538803100586,0,0,0,0,0,0,0,0,0,0,0,0,0,0,0,0,0,0,5.12251309188749,0,3.50416009677084,0,0,0,52.4922485351562,0,0,0,9.69106278620975,0,0,0,12.8572058518728,0,0,0,14.9804887771606,0,3.43525897058029,0,10.6979583104452,0,0,0,0,6.05848595164091,0,0,0,0,0,0,0,0,0,0,0,0,0,0,77.8301162719727,8.48053670855402,0,8.8374917335117,9.63059530344354,31.2220096588135,7.28315443783016,0,0
0,0,0,0,0,0,0,0,0,0,0,0,0,0,0,0,0,3.41255364297819,0,0,0,0,3.16405828793844,7.14323788080642,0,0,0,0,0,0,0,0,0,0,0,0,0,8.07044769576008,0,0,0,0,0,0,0,0,0,0,0,5.02216635404095,0,0,0,0,0,0,0,0,0,0,0,0,0,0,3.83785317429722,0,8.18860201100051,0,2.95912909507751,0,7.75903350915482,0,0,0,0,0,0,0,0,0,11.9689455669089,0,3.3610873598041,4.27372117892846,0,0,0
0,0,0,0,0,0,0,0,0,0,0,0,0,0,0,0,3.720286490042,5.90035963058472,0,0,0,3.16405828793844,0,0,4.03810508671929,0,0,0,2.99167135357857,0,0,0,0,0,0,0,0,0,10.5433284796523,0,0,0,0,0,0,0,0,23.004630355835,4.76489610671997,0,0,0,0,0,0,0,0,0,0,0,0,0,0,0,0,4.00749677869257,0,9.66776140796495,0,3.00170792473687,0,0,0,0,0,0,0,0,0,0,0,10.2043140412515,11.6975323631491,7.14519689211974,0,0,0
0,10.8472283103249,0,22.1606063842773,0,40.0952110290527,0,0,0,7.8737117486899,0,0,0,0,0,4.51214721686858,39.2513003349304,10.0716591069573,73.3879028320312,0,0,7.14323788080642,0,0,0,3.64162971212271,0,0,0,0,0,0,0,0,0,0,0,8.65562939736992,0,0,0,0,0,0,0,0,0,0,0,6.63010842459542,0,0,0,0,0,5.99456691622135,0,0,0,0,0,4.34578906901749,0,0,7.8245966359973,0,4.83135344089906,0,3.46333520425915,0,0,0,0,0,0,0,0,0,0,0,7.34151796552311,0,13.0270358375881,46.7744941711426,9.4561473583353,0,0
15.5068778991699,0,0,0,0,0,0,0,9.20725879644971,0,0,0,0,0,5.52004855019706,0,3.13219971381701,0,0,0,0,0,4.03810508671929,0,0,0,3.82302552012987,0,0,0,0,0,0,0,0,0,0,0,4.82420347225519,0,0,0,0,0,0,0,0,0,0,0,0,0,0,0,6.74329102164821,0,0,0,0,0,6.32621078742178,0,0,0,0,4.06553099466407,0,5.58205660032664,0,6.07981857145676,0,0,0,0,0,0,0,0,0,0,0,5.01541898610457,4.83613500206007,14.5717000961304,2.72552061080933,0,0
0,0,0,0,0,0,0,0,0,2.96025156974792,0,0,0,0,0,3.05794401963552,39.8804280757904,4.79592825204898,24.0308704376221,0,0,0,0,3.64162971212271,0,0,0,3.35799596044752,0,0,0,0,0,0,0,0,0,15.0784081816673,0,0,0,0,0,0,0,0,0,0,0,0,0,0,0,0,0,0,0,0,0,0,0,3.18252612698463,0,0,0,0,3.27701120376587,0,4.71496652381061,0,0,0,0,0,0,0,0,0,0,0,11.8865755626134,0,12.1476612885793,46.8189811706543,11.1533443662855,0,0
0,0,0,0,0,0,0,0,15.0627143565151,0,0,0,0,0,3.94813384612401,0,3.53548414945602,0,0,0,0,0,0,0,3.82302552012987,0,0,0,3.59700182080269,0,0,0,0,0,0,0,0,0,0,0,0,0,0,0,0,0,0,0,0,0,0,0,0,0,14.5525065528022,0,0,0,0,0,4.22540954041154,0,0,0,0,0,0,8.37236623044284,0,4.80175346969276,0,4.70927818417549,0,0,0,0,0,0,0,0,0,0,3.78915103276571,0,0,0,0
0,0,0,0,0,0,0,0,0,0,0,0,0,0,0,0,0,3.40919981002808,0,0,0,0,0,0,0,3.35799596044752,0,0,0,3.10837573882861,0,0,0,0,0,0,0,0,0,0,0,0,0,0,0,0,0,0,0,0,0,0,0,0,0,0,0,0,0,0,0,0,0,0,3.02307279904683,0,0,0,0,0,4.79812172170857,0,0,0,0,0,0,0,0,0,0,0,3.06159034797124,3.94623374938965,0,0,0
0,0,0,0,0,0,0,0,0,0,0,0,0,0,0,0,0,0,0,0,0,0,2.99167135357857,0,0,0,3.59700182080269,0,0,0,4.82510174852927,0,0,0,0,0,0,0,0,0,0,0,0,0,0,0,0,0,0,0,0,0,0,0,0,0,0,0,0,0,0,0,0,0,0,0,0,0,0,5.36163673400879,0,3.28837533106749,0,5.19129641850789,0,0,0,0,0,0,0,0,0,0,0,0,0
0,0,0,0,0,0,0,0,0,0,0,9.19801806268238,0,0,0,0,0,0,0,0,0,0,0,0,0,0,0,3.10837573882861,0,0,0,0,0,0,0,0,0,0,0,0,0,0,0,0,0,0,0,0,0,0,0,0,0,0,0,0,0,0,0,0,0,0,0,0,0,0,0,0,0,0,0,0,6.41779519368524,0,0,0,0,0,0,0,0,0,0,0,0,0,0
0,0,0,0,0,0,0,0,0,0,3.32259775610531,0,0,0,0,0,0,0,0,0,0,0,0,0,0,0,0,0,4.82510174852927,0,0,0,0,0,0,0,0,0,2.90711031288936,0,0,0,0,0,0,0,0,0,0,0,0,0,0,0,0,0,7.88524835151539,0,0,0,0,0,0,0,0,0,0,0,0,0,0,0,0,5.60019691125019,0,0,0,0,0,0,0,5.31601427151607,0,0,0,0,0
0,0,0,0,0,0,0,0,0,0,0,0,0,0,0,0,0,0,0,0,0,0,0,0,0,0,0,0,0,0,0,0,3.71822077074031,3.32941454347938,4.54181923316075,4.33626198350338,0,0,0,0,0,0,0,0,0,0,0,7.2619145905978,7.57251262664795,22.6407669385274,0,0,0,0,0,0,0,0,0,0,0,0,0,0,0,0,0,0,0,0,0,0,0,0,5.38185931005236,4.2281041578813,3.80016433886993,0,10.205133578574,17.7095815658569,0,0,3.25260739061568,0,0,0,0
0,0,0,0,0,0,0,0,0,0,0,0,0,0,0,0,0,0,0,0,0,0,0,0,0,0,0,0,0,0,0,3.71822077074031,0,3.02901719510555,6.35086631774902,3.38559937477112,19.1224204071543,0,0,0,0,0,0,0,0,0,0,6.18157848904329,5.82682784398397,12.6345539093018,0,0,0,0,0,0,0,0,0,0,0,0,0,0,0,0,0,0,0,0,0,0,0,0,5.46400435664986,3.8532236437939,0,3.1558239368292,0,14.5885951254103,0,0,3.13070861674145,0,0,0,0
0,0,0,0,0,0,0,0,0,0,0,0,0,0,0,0,0,0,0,0,0,0,0,0,0,0,0,0,0,0,0,3.32941454347938,3.02901719510555,0,3.52712681036625,3.53820338400241,0,4.27825380610181,8.19267689480501,0,0,0,0,0,0,0,0,5.32919625274384,19.5588703155518,5.27464457425204,0,0,0,0,0,0,0,0,0,0,0,0,0,0,0,0,0,0,0,0,18.6746425628662,0,0,0,3.67701334844936,0,4.30721628418201,5.86823267164365,3.88603423833847,0,6.42394024261446,0,4.15867365276353,6.64757194973174,0,0,0
0,0,0,0,0,0,0,0,0,0,0,0,0,0,0,0,0,0,0,0,0,0,0,0,0,0,0,0,0,0,0,4.54181923316075,6.35086631774902,3.52712681036625,0,0,3.55826736249422,2.99022539456685,4.58555405289977,0,0,0,0,0,0,0,0,4.90955809532223,3.80306911468506,8.54887859026591,0,0,0,0,0,0,0,0,0,0,0,0,0,0,0,0,0,0,0,0,0,0,0,0,0,3.75006653785706,4.69926417730131,5.17254832759288,0,5.47046903130058,21.9318790435791,4.58671053473869,6.9643516377458,14.0965330600739,10.4959583282471,0,0
0,33.162036895752,0,29.251633644104,0,12.0420770645142,0,0,0,0,0,0,0,0,0,0,0,0,0,4.86938572146021,0,0,0,0,0,0,0,0,0,0,0,4.33626198350338,3.38559937477112,3.53820338400241,0,0,3.07434074951078,5.06865422228441,0,58.3924789428711,0,60.8790893554688,0,0,0,11.5876346477354,0,4.12104892730713,0,0,0,23.1468944549561,0,0,0,0,0,4.03225616847768,0,0,0,0,9.21266962459511,0,0,0,0,0,0,0,0,0,0,0,3.3760244846344,0,3.60187297123145,0,4.97721635880995,3.18053439833363,6.23103126315291,0,3.64632185139234,6.88340139389038,11.8680251066197,0,0
0,0,19.2145134735107,0,21.933139483134,0,0,0,34.8599662780762,0,0,0,0,0,0,0,0,0,0,0,5.12251309188749,0,0,0,0,0,0,0,0,0,0,0,19.1224204071543,0,3.55826736249422,3.07434074951078,0,0,5.85843577528239,0,0,0,0,0,0,0,17.369083327055,9.69410572806708,25.1279182434082,0,23.4455258687337,0,0,0,0,0,29.4182453155518,0,0,0,0,0,0,6.5052264225917,0,0,0,0,0,0,0,0,0,0,0,3.56959572064101,0,4.44664222194302,3.16024473559472,4.86412165734569,0,5.30123367248633,3.6540630204337,3.73397099971771,11.1155891966021,0,0
0,28.6978740692139,0,31.0183809280396,0,45.5180530548096,0,0,0,15.2570297992591,0,3.18559602896372,0,0,0,0,79.3682861328125,0,51.2521334754096,4.41153758175288,0,8.07044769576008,0,8.65562939736992,0,15.0784081816673,0,0,0,0,0,0,0,4.27825380610181,2.99022539456685,5.06865422228441,0,0,4.91643635333811,58.1148014068604,0,33.4373730746183,93.1127319335938,0,0,13.2171890004708,0,6.05755098538756,79.5538063049316,9.76027313407225,0,0,0,0,0,12.1813088865841,0,4.95277794727609,0,0,0,0,12.2803808922593,0,7.78626743090939,0,9.64631700874571,0,0,0,11.9690879251241,0,0,0,0,0,3.78960986347759,28.1189816792806,16.9809548336527,0,6.99990891165349,27.4036070505778,5.12225067239487,6.63212553607093,5.24918776591494,0,0
19.7664362703051,0,37.1328048706055,0,0,0,0,0,9.46510481834412,0,3.19544651110967,0,0,0,0,0,0,0,32.1474876403809,0,3.50416009677084,0,10.5433284796523,0,4.82420347225519,0,0,0,0,0,2.90711031288936,0,0,8.19267689480501,4.58555405289977,0,5.85843577528239,4.91643635333811,0,0,51.2596588134766,0,26.8901534632633,0,0,0,19.0169606125146,5.70256503071046,4.91612389683723,0,0,0,0,0,10.7047019079494,0,5.0943698489666,0,0,0,0,0,0,18.5702396603773,0,13.2688729532303,0,6.6019875399755,0,0,0,0,0,2.86248843669891,0,0,0,7.4676905634639,0,5.81866573606219,12.8254686594009,5.75932182140276,7.2424228290129,5.60924727249146,8.08624619466287,0,11.05152759552
0,31.7496039741918,0,42.6787827456439,0,49.4953079223633,0,0,0,54.3332649230957,0,0,0,0,0,0,71.7599023672251,64.7318845748901,44.347536412681,0,0,0,0,0,0,0,0,0,0,0,0,0,0,0,0,58.3924789428711,0,58.1148014068604,0,0,77.1828474564986,20.6421999973308,50.7726364135742,0,0,13.5075712598263,88.3778968811035,8.06859462911432,9.47868697756813,8.89725654501664,0,49.5131912231445,0,0,0,0,0,55.7459222353422,0,0,0,0,42.2133725618387,91.9256235758464,0,0,0,0,0,0,0,0,35.6347327232361,0,0,0,0,0,48.0907695881308,90.1407178990981,67.269905090332,0,43.4251746935722,42.6388216018677,15.4107967664693,23.7865895430247,0
43.9792296091715,0,43.4817275238037,43.6734256744385,47.2674280802409,0,0,0,44.3431701660156,86.0157699584961,0,0,0,0,0,0,70.3388319015503,72.5815294705904,42.0333760462213,0,0,0,0,0,0,0,0,0,0,0,0,0,0,0,0,0,0,0,51.2596588134766,77.1828474564986,0,59.9805592623624,22.0553003535219,0,0,78.4566534133184,16.3445787206292,0,12.6681724192653,0,55.9542528788249,0,0,0,54.869945526123,0,76.0570907592773,51.4722023010254,0,0,0,0,69.8086542129517,30.4634248640685,0,0,0,0,0,0,0,0,0,0,0,0,0,0,90.7325367927551,42.0767312927764,0,59.6984561920166,45.6469494882458,50.8642419179281,23.5263902456706,0,28.053169853547
0,18.9320618152618,51.2403612136841,33.4624259932121,0,42.5354981231689,0,0,73.3234558105469,15.2544609984172,0,0,0,0,0,0,73.7962891714914,56.0712276034885,25.9035126997643,56.8567924499512,0,0,0,0,0,0,0,0,0,0,0,0,0,0,0,60.8790893554688,0,33.4373730746183,0,20.6421999973308,59.9805592623624,0,13.3529109954834,15.1589431762695,0,18.5235238841335,45.4265651702881,15.0405126281931,42.6982730229696,13.7888347089291,0,0,0,0,0,0,46.3148765563965,14.1409580676587,0,0,0,25.7872746785482,27.9942394391517,98.4655342102051,0,0,0,0,0,0,0,0,50.0622867584229,0,0,0,0,0,25.6289815896757,64.1413345336914,60.0692119598389,0,16.5133962201156,28.6469387605157,17.2777715348079,11.5664083978344,41.4377059936523
19.2335591180924,0,35.1479853795269,55.0251216888428,50.8436274861181,0,0,0,9.82537014394247,0,0,0,0,0,0,0,53.1358101752497,60.1811793934215,18.6466339100306,0,52.4922485351562,0,0,0,0,0,0,0,0,0,0,0,0,0,0,0,0,93.1127319335938,26.8901534632633,50.7726364135742,22.0553003535219,13.3529109954834,0,0,11.9601430892944,52.6719532012939,22.7604321443471,19.2585453895422,22.9302431195032,18.8606061935425,51.5544497626168,0,0,0,47.907460383365,0,33.7708812441145,69.8250007629395,0,0,48.2223625183105,0,82.3753536224365,33.3186516436094,0,0,0,39.0380744934082,0,0,0,0,0,13.3161248727278,0,0,0,0,76.1624666849772,29.3343367974566,0,39.4097799096404,18.8984397233996,33.5586844288495,17.9276899254713,0,9.10338339289475
0,0,0,0,0,0,0,0,0,0,0,0,0,0,0,0,0,0,0,0,0,0,0,0,0,0,0,0,0,0,0,0,0,0,0,0,0,0,0,0,0,15.1589431762695,0,0,0,0,0,0,0,0,0,0,0,0,0,0,0,0,0,0,0,0,0,0,0,0,0,0,0,0,0,0,0,0,0,0,0,0,0,0,0,0,0,0,0,0,0
0,0,0,0,0,0,0,0,0,0,0,0,0,0,0,0,0,0,0,0,0,0,0,0,0,0,0,0,0,0,0,0,0,0,0,0,0,0,0,0,0,0,11.9601430892944,0,0,0,15.5317010879517,0,0,0,0,0,0,0,0,0,0,0,0,0,0,0,0,0,0,0,0,0,0,0,0,0,0,0,0,0,0,0,0,0,0,0,0,0,0,0,0
0,30.8478129386902,59.1757011413574,37.4917499102079,0,0,0,0,0,0,0,17.2585182189941,0,0,0,0,65.8125598544166,59.7829436347598,41.0481640934312,13.0868716368111,0,0,0,0,0,0,0,0,0,0,0,0,0,0,0,11.5876346477354,0,13.2171890004708,0,13.5075712598263,78.4566534133184,18.5235238841335,52.6719532012939,0,0,0,82.2853113810221,0,62.4689891521747,31.3609523773193,0,0,0,0,0,0,70.4489059448242,26.3452920450748,0,0,0,0,13.4144355184373,87.9182328254946,0,0,0,0,0,0,0,0,17.2861327767372,0,0,0,0,0,14.2545970570807,86.702624206543,11.6028103586994,86.2017364501953,40.8900891823059,48.5172910690308,21.3618048739871,0,51.4109764099121
48.4784564971924,0,24.0307065178366,66.4962005615234,34.0499559225038,0,0,0,32.9725165132616,0,0,0,0,0,0,0,63.617546081543,81.0317989846934,44.4444921646526,93.2827453613281,9.69106278620975,0,0,0,0,0,0,0,0,0,0,0,0,0,0,0,17.369083327055,0,19.0169606125146,88.3778968811035,16.3445787206292,45.4265651702881,22.7604321443471,0,15.5317010879517,82.2853113810221,0,64.0774917602539,37.9341175079346,66.3108367919922,34.5322539859348,0,0,0,32.1114247867039,0,35.1847391995517,105.886924743652,0,0,0,0,86.0124299185617,16.398929694036,0,0,0,0,0,0,0,0,0,51.1777566274007,0,0,0,0,94.2044059753418,17.2796394432505,0,20.6736117949925,43.4935518326109,42.9657788594564,21.8445536108578,0,46.713463306427
0,0,57.4422348022461,0,68.7448425292969,0,0,0,71.8639373779297,0,0,0,0,0,0,0,0,0,0,0,0,0,23.004630355835,0,0,0,0,0,0,0,0,7.2619145905978,6.18157848904329,5.32919625274384,4.90955809532223,4.12104892730713,9.69410572806708,6.05755098538756,5.70256503071046,8.06859462911432,0,15.0405126281931,19.2585453895422,0,0,0,64.0774917602539,0,7.88439095878271,6.31388726260168,0,0,0,0,73.8793182373047,0,0,0,0,0,0,0,0,0,25.6875915527344,23.2104997634888,0,0,0,0,22.1110863063646,0,0,0,7.62146624678077,5.8704550258525,3.92201752290813,4.33543702928643,5.39855005952535,6.68596092781385,9.48174352450582,6.97114918733058,7.42601729659635,6.58170488633608,11.0011213188948,0,0
7.6243687353422,0,6.51704370767973,57.8632293428694,55.5635967254639,0,0,0,10.989219262455,69.3650207519531,0,0,0,0,0,0,87.0560455322266,66.7891909281413,52.2060976530376,0,0,0,4.76489610671997,0,0,0,0,0,0,0,0,7.57251262664795,5.82682784398397,19.5588703155518,3.80306911468506,0,25.1279182434082,79.5538063049316,4.91612389683723,9.47868697756813,12.6681724192653,42.6982730229696,22.9302431195032,0,0,62.4689891521747,37.9341175079346,7.88439095878271,0,7.72262521161662,31.5339529037476,0,0,0,11.4302761961981,0,10.8697938919067,67.9269020557404,0,0,67.4416809082031,65.7900772094727,62.8797890512567,46.4707733154297,0,6.031289784197,0,2.99458067757743,0,0,0,0,0,4.07514448165894,0,7.0438928604126,0,3.04594679673513,82.052921295166,13.8807525346567,0,6.53949383840169,11.9729791369815,37.1182985305786,13.0893110483092,0,11.8507141511243
0,9.80132360255237,55.0203342437744,18.1056211278552,0,23.1631445884705,0,0,0,18.8236138460771,0,0,0,0,0,0,0,72.6652526855469,28.6479322770063,0,0,5.02216635404095,0,6.63010842459542,0,0,0,0,0,0,0,22.6407669385274,12.6345539093018,5.27464457425204,8.54887859026591,0,0,9.76027313407225,0,8.89725654501664,0,13.7888347089291,18.8606061935425,0,0,31.3609523773193,66.3108367919922,6.31388726260168,7.72262521161662,0,0,0,0,0,0,10.3829224184155,65.9385833740234,17.6547188982672,0,2.93853759765625,0,3.69966684447394,33.8862750189645,0,6.46286097435636,0,4.19537102007398,0,3.33333822488785,0,6.46679611988481,0,4.02041806664174,0,24.4068148612976,18.2691774368286,3.54615267840299,0,8.25642684458847,0,7.32543179611523,0,7.27610945393154,28.1497349990042,9.22723255673284,15.1182148361206,68.4682693481445
17.4115562438965,0,10.0547814740973,61.3387298583984,4.79684339028918,0,3.55501477534954,0,0,0,0,0,0,0,0,0,0,0,0,89.5938568115234,12.8572058518728,0,0,0,0,0,0,0,0,0,0,0,0,0,0,0,23.4455258687337,0,0,0,55.9542528788249,0,51.5544497626168,0,0,0,34.5322539859348,0,31.5339529037476,0,0,0,2.97986821646101,0,4.75360577756708,0,4.84153612569577,0,4.20034006062676,0,4.37831493627245,0,71.8069152832031,10.4133076036678,0,0,0,0,0,0,0,0,0,0,0,0,0,0,0,29.7283182144165,0,49.3838104834923,32.640021949201,0,11.4085155779625,0,0
0,0,0,8.35755087100462,0,3.65927402351632,0,2.74343729019165,0,3.86881778569057,0,7.70745215966151,0,0,0,0,0,0,62.3662490844727,13.4055581494986,0,0,0,0,0,0,0,0,0,0,0,0,0,0,0,23.1468944549561,0,0,0,49.5131912231445,0,0,0,0,0,0,0,0,0,0,0,0,0,3.6472736874012,0,4.28643868815514,0,6.02855730277229,0,4.53094493018256,0,5.42073899721928,18.0427083015442,0,0,0,0,0,0,0,0,0,0,0,0,0,0,0,29.6556482315063,0,0,0,5.1108649117606,0,9.9774489595044,0,0
0,0,0,0,4.48587475220362,0,3.39946525341997,0,0,0,0,0,0,0,0,0,0,0,0,0,0,0,0,0,0,0,0,0,0,0,0,0,0,0,0,0,0,0,0,0,0,0,0,0,0,0,0,0,0,0,2.97986821646101,0,0,0,0,0,0,0,0,0,0,0,0,0,0,0,0,0,0,0,0,0,0,0,0,0,0,0,0,0,0,0,0,0,0,0,0
0,0,0,0,0,3.45100688934326,0,2.86002041399479,0,0,0,0,0,0,0,0,0,0,0,11.4191589355469,0,0,0,0,0,0,0,0,0,0,0,0,0,0,0,0,0,0,0,0,0,0,0,0,0,0,0,0,0,0,0,3.6472736874012,0,0,0,0,0,7.22675466010081,0,4.86467885971069,0,0,9.40543707888177,0,0,0,0,0,0,0,0,0,0,0,0,0,0,0,0,0,0,0,2.93976231243299,0,0,0,0
8.39100530481091,0,8.86502581420276,60.8307437896729,5.58632529300192,0,0,0,5.91859478401986,0,0,0,0,0,12.6595192146301,0,0,0,54.9338722229004,0,14.9804887771606,0,0,0,6.74329102164821,0,14.5525065528022,0,0,0,0,0,0,0,0,0,0,0,10.7047019079494,0,54.869945526123,0,47.907460383365,0,0,0,32.1114247867039,73.8793182373047,11.4302761961981,0,4.75360577756708,0,0,0,0,0,0,74.2782554626465,0,0,6.9865001087839,0,62.3775024414062,44.0766626993815,0,0,0,7.74572913463299,0,16.1362986564636,0,0,0,40.651611328125,0,0,0,0,0,48.2118330868808,0,27.8921704124397,17.4590629673004,31.4379549026489,29.2321414343516,0,0
0,7.15337255063536,0,7.6722189976218,0,6.7864452530356,0,0,0,5.12340355456288,0,0,0,0,0,4.34302191128806,0,0,30.2118587493896,0,0,0,0,5.99456691622135,0,0,0,0,0,0,0,0,0,0,0,0,0,12.1813088865841,0,0,0,0,0,0,0,0,0,0,0,10.3829224184155,0,4.28643868815514,0,0,0,0,0,4.67588442564011,0,3.76449275016785,0,3.95123997162347,0,0,0,0,4.95716981351013,0,0,0,0,0,0,0,0,0,0,0,0,0,9.12323364097915,0,9.53447159131368,0,13.5307169004318,0,0
0,0,4.42312097549438,61.1448535919189,8.72556352615356,0,0,0,0,0,5.12277110984498,0,2.75089311599731,0,0,0,0,0,68.7810077667236,0,3.43525897058029,0,0,0,0,0,0,0,0,0,7.88524835151539,0,0,0,0,0,29.4182453155518,0,5.0943698489666,0,76.0570907592773,46.3148765563965,33.7708812441145,0,0,70.4489059448242,35.1847391995517,0,10.8697938919067,65.9385833740234,4.84153612569577,0,0,0,0,0,0,78.0361633300781,2.9980756621207,0,4.8194080779427,0,73.2698160807292,19.3467911871997,0,0,0,0,0,0,0,0,83.0824661254883,7.6813429247403,0,0,0,0,86.6205062866211,42.192245684172,0,0,13.1536862709943,0,6.7420017183577,0,9.68521881103516
0,11.7801856676737,61.6634573502974,20.8536229238709,63.8255882263184,9.743192378145,0,0,0,19.9566962791212,0,3.91553564625632,0,0,0,0,107.254592895508,65.0975914001465,44.5568553700167,4.82020387292546,0,0,0,0,0,0,0,0,0,0,0,0,0,0,0,4.03225616847768,0,4.95277794727609,0,55.7459222353422,51.4722023010254,14.1409580676587,69.8250007629395,0,0,26.3452920450748,105.886924743652,0,67.9269020557404,17.6547188982672,0,6.02855730277229,0,7.22675466010081,74.2782554626465,4.67588442564011,78.0361633300781,0,0,5.36622123349635,0,7.38459270447493,6.76237656171869,0,0,0,0,0,0,0,0,0,3.49505739104479,0,0,0,0,0,37.167015518461,71.7539869035993,0,0,18.7256050493036,45.7640904513272,10.2760735917219,10.961986541748,0
2.88331977526347,0,3.29145534833272,0,0,0,0,0,0,0,3.00205785484724,0,3.25508712839197,0,0,0,0,0,0,0,10.6979583104452,0,0,0,0,0,0,0,0,0,0,0,0,0,0,0,0,0,0,0,0,0,0,0,0,0,0,0,0,0,4.20034006062676,0,0,0,0,0,2.9980756621207,0,0,0,3.224055621773,0,0,8.22138810157776,0,0,0,0,0,0,0,0,0,0,0,0,0,0,0,0,0,0,0,0,4.60171134935485,0,0
0,9.03891372680664,0,4.91009272298505,0,3.21998218127659,0,4.11208635110122,0,0,0,2.91337280602291,0,2.99962472156757,0,0,0,0,0,11.8843018213908,0,0,0,0,0,0,0,0,0,0,0,0,0,0,0,0,0,0,0,0,0,0,0,0,0,0,0,0,0,2.93853759765625,0,4.53094493018256,0,4.86467885971069,0,3.76449275016785,0,5.36622123349635,0,0,0,0,12.3859329223633,0,0,0,0,0,0,0,4.20904844999313,0,0,0,0,0,0,0,0,0,0,0,6.41364799227033,3.58704113960266,7.90948570308401,0,0
4.63467885349311,0,5.63677339968474,0,0,0,0,0,8.87198553039032,0,0,0,0,0,4.13564109125881,0,0,0,0,0,0,0,0,0,6.32621078742178,0,4.22540954041154,0,0,0,0,0,0,0,0,0,0,0,0,0,0,0,48.2223625183105,0,0,0,0,0,67.4416809082031,0,4.37831493627245,0,0,0,6.9865001087839,0,4.8194080779427,0,3.224055621773,0,0,0,0,0,0,0,0,6.13731622695923,0,4.07962344741821,0,0,0,0,0,0,0,0,0,0,0,0,38.1465899149577,0,13.1846089363098,0,0
0,10.2450912153566,0,4.65173772323963,0,6.04769448190928,0,0,0,4.4889090633706,0,0,0,2.74134910106659,0,3.51952405296155,0,6.9624617099762,0,12.830849647522,0,0,0,4.34578906901749,0,3.18252612698463,0,0,0,0,0,0,0,0,0,0,0,0,0,0,0,25.7872746785482,0,0,0,0,0,0,65.7900772094727,3.69966684447394,0,5.42073899721928,0,0,0,3.95123997162347,0,7.38459270447493,0,0,0,0,0,0,0,0,0,0,3.32592887740703,0,5.47815084457397,0,32.1569023132324,0,0,0,0,0,30.8076839447021,0,0,0,8.59658228267323,3.97047185897827,12.2715445530565,23.5431213378906,0
0,29.5922182044204,60.7885670661926,32.0918461278821,64.6551666259766,26.9654472351074,0,0,0,39.848520452326,0,4.96880870140516,0,0,0,0,72.4281709844416,68.5194432875689,46.3100003339573,9.69771661468376,0,0,0,0,0,0,0,0,0,0,0,0,0,0,0,9.21266962459511,0,12.2803808922593,0,42.2133725618387,69.8086542129517,27.9942394391517,82.3753536224365,0,0,13.4144355184373,86.0124299185617,0,62.8797890512567,33.8862750189645,71.8069152832031,18.0427083015442,0,9.40543707888177,62.3775024414062,0,73.2698160807292,6.76237656171869,0,12.3859329223633,0,0,0,92.1407101949056,0,0,0,0,0,0,0,0,13.550572107916,77.1608428955078,0,0,0,0,24.0886593783384,88.9591128485543,13.0294222831726,85.6387767791748,26.2223603181217,52.0854469299316,17.1879987562154,0,70.6568241119385
31.5381803512573,0,40.9837481498718,0,19.8051947391394,0,0,0,21.7021043300629,0,2.88598622594561,0,0,0,0,0,72.7643655141195,72.4017014503479,51.0616162636619,0,6.05848595164091,0,0,0,0,0,0,0,0,0,0,0,0,0,0,0,6.5052264225917,0,18.5702396603773,91.9256235758464,30.4634248640685,98.4655342102051,33.3186516436094,0,0,87.9182328254946,16.398929694036,0,46.4707733154297,0,10.4133076036678,0,0,0,44.0766626993815,0,19.3467911871997,0,8.22138810157776,0,0,0,92.1407101949056,0,0,0,0,0,0,0,0,0,0,14.1830238554213,0,0,0,0,92.7908541361491,12.8467519672839,0,19.1530411968526,40.6018690039102,51.6957244873047,18.9237954278344,0,56.4809022383256
0,0,0,0,0,0,0,0,0,35.1203384399414,0,0,0,0,0,0,0,3.28471370538076,0,0,0,3.83785317429722,0,7.8245966359973,0,0,0,3.02307279904683,0,0,0,0,0,0,0,0,0,7.78626743090939,0,0,0,0,0,0,0,0,0,25.6875915527344,0,6.46286097435636,0,0,0,0,0,0,0,0,0,0,0,0,0,0,0,0,7.97261480634863,0,4.43710136413574,0,4.33925895180021,0,0,0,0,0,0,41.5751762390137,0,0,13.5747955264951,42.0382232666016,4.30931801194543,20.7583706623469,0,0,0
0,0,0,0,0,0,0,0,0,0,0,0,0,0,0,0,4.39061762198158,0,0,0,0,0,4.00749677869257,0,4.06553099466407,0,0,0,0,0,0,0,0,0,0,0,0,0,13.2688729532303,0,0,0,0,0,0,0,0,23.2104997634888,6.031289784197,0,0,0,0,0,0,0,0,0,0,0,0,0,0,0,0,0,0,4.53763501267684,0,6.13941256205241,0,5.93954680276954,0,0,0,0,0,0,0,0,0,8.87476540528811,7.87484592885043,5.73475981752078,0,0,0
0,0,0,0,0,0,0,0,0,5.14714421627493,0,0,0,0,0,0,58.856616973877,7.17973272005717,0,0,0,8.18860201100051,0,4.83135344089906,0,3.27701120376587,0,0,0,0,0,0,0,0,0,0,0,9.64631700874571,0,0,0,0,0,0,0,0,0,0,0,4.19537102007398,0,0,0,0,0,4.95716981351013,0,0,0,0,0,0,0,0,7.97261480634863,0,0,0,4.79606029082989,0,0,0,0,0,0,0,0,0,0,0,7.51055547827682,0,2.79734778404236,0,6.37121106425361,0,0
0,0,0,0,0,0,0,0,6.60859583527295,0,0,0,0,0,0,0,6.39143808364868,0,0,0,0,0,9.66776140796495,0,5.58205660032664,0,8.37236623044284,0,0,0,0,0,0,0,0,0,0,0,6.6019875399755,0,0,0,39.0380744934082,0,0,0,0,0,2.99458067757743,0,0,0,0,0,7.74572913463299,0,0,0,0,0,6.13731622695923,0,0,0,0,4.53763501267684,0,0,0,5.73599298477173,0,0,0,0,0,0,0,0,0,0,0,5.30279059204266,5.11271764840077,0,6.39340766270955,0,0
0,0,0,0,0,0,0,0,0,3.56842683042799,0,0,0,0,0,3.2848824200959,0,2.93673328830771,0,0,0,2.95912909507751,0,3.46333520425915,0,4.71496652381061,0,0,0,0,0,0,0,0,0,0,0,0,0,0,0,0,0,0,0,0,0,0,0,3.33333822488785,0,0,0,0,0,0,0,0,0,0,0,3.32592887740703,0,0,4.43710136413574,0,4.79606029082989,0,0,0,3.89733369873791,0,0,0,0,0,0,0,0,0,0,0,3.06251937150955,0,0,0,0
10.0524286031723,0,0,0,0,0,0,0,17.0835617466977,0,0,0,0,0,5.95731445721218,0,2.85610463553005,0,0,0,0,0,3.00170792473687,0,6.07981857145676,0,4.80175346969276,0,5.36163673400879,0,0,0,0,0,0,0,0,0,0,0,0,0,0,0,0,0,0,0,0,0,0,0,0,0,16.1362986564636,0,0,0,0,0,4.07962344741821,0,0,0,0,6.13941256205241,0,5.73599298477173,0,0,0,4.747961646412,0,0,0,0,0,0,0,0,0,0,0,0,0,0,0
0,0,0,0,0,0,0,0,0,0,0,0,0,4.68746596574783,0,0,0,0,0,0,0,7.75903350915482,0,0,0,0,0,4.79812172170857,0,0,0,0,0,18.6746425628662,0,0,0,11.9690879251241,0,0,0,0,0,0,0,0,0,22.1110863063646,0,6.46679611988481,0,0,0,0,0,0,0,0,0,4.20904844999313,0,5.47815084457397,0,0,4.33925895180021,0,0,0,3.89733369873791,0,0,0,3.28170580069224,0,0,0,0,0,0,0,7.12031571974766,0,6.09363465838962,9.6499650478363,0,0,0
0,0,0,0,0,0,0,0,0,0,0,0,0,0,0,0,0,0,0,0,0,0,0,0,0,0,4.70927818417549,0,3.28837533106749,0,0,0,0,0,0,0,0,0,0,0,0,0,0,0,0,0,0,0,0,0,0,0,0,0,0,0,0,0,0,0,0,0,0,0,0,5.93954680276954,0,0,0,4.747961646412,0,0,0,0,0,0,0,0,0,0,0,0,0,0,0,0,0
0,0,0,33.0551702665246,0,0,0,0,0,31.0278217315674,0,7.4910217444102,0,0,0,0,0,0,41.73492603302,4.41730842136201,0,0,0,0,0,0,0,0,0,6.41779519368524,0,0,0,0,0,0,0,0,0,35.6347327232361,0,50.0622867584229,0,0,0,17.2861327767372,0,0,0,4.02041806664174,0,0,0,0,0,0,83.0824661254883,3.49505739104479,0,0,0,32.1569023132324,13.550572107916,0,0,0,0,0,0,0,3.28170580069224,0,0,0,0,0,0,0,50.5334905896868,90.1669006347656,3.12988910079002,0,31.1424542302671,44.4752159118652,6.70362860354038,19.5278396606445,0
0,0,32.5408261617025,0,0,0,0,0,0,0,4.9005931277334,0,0,0,0,0,0,0,55.2578163146973,0,0,0,0,0,0,0,0,0,5.19129641850789,0,5.60019691125019,0,0,0,0,0,0,0,2.86248843669891,0,0,0,13.3161248727278,0,0,0,51.1777566274007,0,4.07514448165894,0,0,0,0,0,40.651611328125,0,7.6813429247403,0,0,0,0,0,77.1608428955078,14.1830238554213,0,0,0,0,0,0,0,0,0,0,0,0,0,0,0,51.3530883789062,0,3.53817458152771,26.4425144195557,0,7.28664664502414,0,20.3675308227539
0,0,0,0,0,0,0,0,0,0,0,0,0,0,0,0,0,0,0,0,0,0,0,0,0,0,0,0,0,0,0,5.38185931005236,5.46400435664986,3.67701334844936,0,3.3760244846344,0,0,0,0,0,0,0,0,0,0,0,7.62146624678077,0,24.4068148612976,0,0,0,0,0,0,0,0,0,0,0,0,0,0,0,0,0,0,0,0,0,0,0,0,0,10.3247061456953,4.31263526759473,6.74909400939941,7.05346027199103,19.9503269195557,0,0,4.35164568003486,0,0,0,0
0,0,0,0,0,0,0,0,0,0,0,0,0,0,0,0,0,0,0,0,0,0,0,0,0,0,0,0,0,0,0,4.2281041578813,3.8532236437939,0,3.75006653785706,0,3.56959572064101,0,0,0,0,0,0,0,0,0,0,5.8704550258525,7.0438928604126,18.2691774368286,0,0,0,0,0,0,0,0,0,0,0,0,0,0,0,0,0,0,0,0,0,0,0,0,10.3247061456953,0,0,4.22698827162801,0,6.89520703965399,0,0,3.44916316556584,0,0,0,0
0,0,0,0,0,0,0,0,0,0,0,0,0,0,0,0,0,0,0,0,0,0,0,0,0,0,0,0,0,0,0,3.80016433886993,0,4.30721628418201,4.69926417730131,3.60187297123145,0,3.78960986347759,0,0,0,0,0,0,0,0,0,3.92201752290813,0,3.54615267840299,0,0,0,0,0,0,0,0,0,0,0,0,0,0,0,0,0,0,0,0,0,0,0,0,4.31263526759473,0,0,6.85801029205322,3.26944386685481,0,4.592068518792,0,4.20555356702497,0,0,0,0
0,0,0,0,0,0,0,0,0,0,0,0,0,0,0,0,0,0,0,0,0,0,0,0,0,0,0,0,0,0,0,0,3.1558239368292,5.86823267164365,5.17254832759288,0,4.44664222194302,28.1189816792806,7.4676905634639,0,0,0,0,0,0,0,0,4.33543702928643,3.04594679673513,0,0,0,0,0,0,0,0,0,0,0,0,0,0,0,41.5751762390137,0,0,0,0,0,0,0,0,0,6.74909400939941,4.22698827162801,6.85801029205322,0,0,3.61558021609166,25.6201477050781,3.98960488884892,7.78348276035206,13.7020402171395,0,0,0
0,32.0166525439681,73.1568069458008,34.4139816777236,0,29.9874254226685,0,0,86.9365463256836,71.5597353848544,0,0,0,0,0,0,77.8477301420989,72.3777948651995,44.2954369581462,13.479134091464,77.8301162719727,0,0,0,0,0,0,0,0,0,0,10.205133578574,0,3.88603423833847,0,4.97721635880995,3.16024473559472,16.9809548336527,0,48.0907695881308,90.7325367927551,25.6289815896757,76.1624666849772,0,0,14.2545970570807,94.2044059753418,5.39855005952535,82.052921295166,8.25642684458847,0,29.6556482315063,0,0,0,0,86.6205062866211,37.167015518461,0,0,0,30.8076839447021,24.0886593783384,92.7908541361491,0,0,0,0,0,0,0,0,50.5334905896868,0,7.05346027199103,0,3.26944386685481,0,0,81.2435965678271,7.84783615907808,83.5763931274414,34.9080336625033,50.2066724440631,28.9541699527809,20.0374093922702,0
33.4272575378418,0,43.9234432097404,75.562878199986,42.0363390350342,0,0,0,46.8074942196117,0,0,0,0,0,0,0,69.7741928100586,75.2922812752102,47.2428399764005,0,8.48053670855402,0,0,0,0,0,0,0,0,0,0,17.7095815658569,14.5885951254103,0,5.47046903130058,3.18053439833363,4.86412165734569,0,5.81866573606219,90.1407178990981,42.0767312927764,64.1413345336914,29.3343367974566,0,0,86.702624206543,17.2796394432505,6.68596092781385,13.8807525346567,0,29.7283182144165,0,0,0,48.2118330868808,0,42.192245684172,71.7539869035993,0,0,0,0,88.9591128485543,12.8467519672839,0,0,0,0,0,0,0,0,90.1669006347656,51.3530883789062,19.9503269195557,6.89520703965399,0,3.61558021609166,81.2435965678271,0,0,29.3348383641024,43.4481627963773,37.0806933471135,24.1821847427548,91.6472091674805,31.9159934908845
0,30.0665321350098,0,38.9858322143555,0,0,0,0,0,12.827022431447,0,0,0,0,0,0,0,0,42.0438144683838,4.2140326499939,0,11.9689455669089,0,7.34151796552311,0,11.8865755626134,0,0,0,0,0,0,0,6.42394024261446,21.9318790435791,6.23103126315291,0,6.99990891165349,12.8254686594009,67.269905090332,0,60.0692119598389,0,0,0,11.6028103586994,0,9.48174352450582,0,7.32543179611523,0,0,0,0,0,9.12323364097915,0,0,0,0,0,0,13.0294222831726,0,13.5747955264951,0,7.51055547827682,0,0,0,7.12031571974766,0,3.12988910079002,0,0,0,4.592068518792,25.6201477050781,7.84783615907808,0,0,22.1039211273193,9.75489545293133,8.42296462862679,13.509251312776,0,0
0,0,35.4494941953629,76.7129796346029,47.4795108208289,0,0,0,35.1039798458417,0,0,0,0,0,0,0,75.4283270835876,76.4682208469936,38.7823148861266,0,8.8374917335117,0,10.2043140412515,0,5.01541898610457,0,0,0,0,0,5.31601427151607,0,0,0,4.58671053473869,0,5.30123367248633,27.4036070505778,5.75932182140276,0,59.6984561920166,0,39.4097799096404,0,0,86.2017364501953,20.6736117949925,6.97114918733058,6.53949383840169,0,49.3838104834923,0,0,0,27.8921704124397,0,0,0,0,0,0,0,85.6387767791748,19.1530411968526,42.0382232666016,8.87476540528811,0,5.30279059204266,0,0,0,0,0,3.53817458152771,0,0,0,3.98960488884892,83.5763931274414,29.3348383641024,22.1039211273193,0,15.8416779892894,10.7524731751771,24.2169020186804,0,21.0788446502686
