0,0,7.81396673880902,0,0,0,0,0,12.7798515942617,0,0,0,14.7846834080367,0,15.2259726031073,0,8.12164630387959,51.0491304397583,14.8855692188756,0,0,0,0,0,16.1465424795066,0,26.14723777771,0,0,0,0,0,0,0,0,0,0,0,19.9188338743192,0,0,0,17.0176588731654,0,0,0,37.7979710102081,0,8.73724287736852,0,0,0,0,0,11.8691860092692,0,18.2544240951538,0,12.5078218206283,0,8.21746032484232,0,0,40.9445161819458,0,0,0,18.0560105799796,0,7.6539369171316,0,14.1929705371595,0,24.610919713974,0,0,0,0,0,37.4703464508057,0,24.4596144104004,20.5832539195314,34.8514966964722,16.0440454769343,0,84.3380737304688
0,0,0,4.31783313978286,0,0,0,0,0,4.85542769197558,0,0,0,0,0,0,0,0,8.7687706493196,0,0,0,0,0,0,0,0,0,0,0,0,0,0,0,0,0,0,0,0,0,0,11.9682794932661,0,0,0,0,0,0,0,7.95440099920545,0,0,0,0,0,5.25575224904047,0,0,0,0,0,0,0,0,0,0,0,0,0,0,0,0,0,0,0,0,0,0,0,0,0,0,7.51885515696382,0,10.3992699838105,0,0
7.81396673880902,0,0,0,0,0,0,0,20.2966606922639,0,0,0,0,0,25.7265453338623,0,0,0,42.8578491210938,0,0,0,0,0,28.7653331756592,0,0,0,0,0,0,0,0,0,0,0,0,0,33.5003256621184,0,0,0,31.6546769823347,0,0,0,31.310688836234,0,13.735567295033,0,11.5363234565372,0,0,0,14.9958302590155,0,14.7122073173523,0,22.5042629241943,0,10.5259604263306,0,0,16.8526875972748,0,0,0,27.2848290101981,0,0,0,29.898473739624,0,33.4817218780518,0,0,0,0,0,43.1471039908273,0,34.203405380249,14.3035715263943,0,11.7021620174249,0,0
0,4.31783313978286,0,0,0,7.20194542827494,0,0,0,5.92842619469825,0,0,0,0,0,0,99.9244422912598,57.0669937133789,49.4847808837891,0,0,0,0,0,0,0,0,0,0,0,0,0,0,0,0,0,0,28.1500429153442,79.2743988037109,38.647275712755,0,29.8526799646438,33.1097387313843,0,0,27.4834692001343,0,0,33.7587699890137,6.88887112355106,0,2.84804809093475,0,0,0,7.01955841985242,0,25.3076893006316,0,0,0,3.00285396575928,33.8323931694031,0,0,0,0,0,0,0,29.7324123382568,0,30.6656985509963,0,0,0,0,0,70.2513656616211,0,72.6757303873698,0,24.2696485904199,49.3108959197998,12.6710601973191,21.2086152461038,0
0,0,0,0,0,0,0,0,0,0,0,0,0,0,2.853764295578,0,0,0,0,0,0,0,0,0,0,0,0,0,0,0,0,0,0,0,0,0,4.62501859664917,0,0,0,0,0,0,0,0,0,0,0,39.0514488220215,0,2.75487089157104,0,0,0,0,0,12.3059931262847,0,4.36417336934626,0,3.35080683231354,0,0,0,0,0,0,0,0,0,0,0,0,0,0,0,0,0,0,0,0,0,0,0,55.8434410095215,0,0
0,0,0,7.20194542827494,0,0,0,0,0,0,0,3.64014188766479,0,0,0,0,0,116.655883789062,58.000997543335,4.99647440910339,0,0,0,0,0,0,0,0,0,0,0,0,0,0,0,0,0,0,0,56.7066599527995,0,49.566582295432,47.9796447753906,0,0,30.1053504943848,0,0,0,55.311861038208,0,0,0,0,0,0,0,7.47662756819474,0,0,0,0,0,148.8095703125,0,0,0,0,0,0,0,0,42.8968086242676,0,0,0,0,0,77.9601402282715,0,0,0,11.0638028193137,0,10.1565958781652,35.7610931396484,63.4698276519775
0,0,0,0,0,0,0,0,0,0,0,0,0,0,0,0,0,0,0,0,0,0,0,0,0,0,0,0,0,0,0,0,0,0,0,0,0,0,0,0,0,0,0,0,0,0,0,0,0,0,0,0,0,0,0,0,0,0,3.65881698472159,0,0,0,0,0,0,0,0,0,0,0,0,0,0,0,0,0,0,0,0,0,0,0,0,0,0,0,0
0,0,0,0,0,0,0,0,0,0,0,0,0,0,0,0,0,0,0,0,0,0,0,0,0,0,0,0,0,0,0,0,0,0,0,0,0,0,0,0,0,0,0,0,0,0,0,0,0,0,0,0,0,0,0,0,0,0,0,0,0,0,0,0,0,0,0,0,0,0,0,0,0,0,0,0,0,0,0,0,0,0,0,0,0,0,0
12.7798515942617,0,20.2966606922639,0,0,0,0,0,0,0,0,0,24.0329659895463,0,8.59068473180135,0,8.13778269290924,0,28.0998177094893,0,0,0,0,0,10.5400747203042,0,5.50017110636977,0,0,0,0,0,0,0,0,0,0,0,9.86734597616462,0,0,84.0226211547852,13.796554556132,0,41.5341415405273,0,43.806757413424,0,17.5585241024576,0,0,0,0,0,6.61238103136053,0,18.5618095397949,0,22.4973017271175,0,19.1627184510231,0,0,44.3467178344727,0,0,0,13.0027001803507,0,12.8579557868075,0,18.7601955361562,0,23.3650099436442,0,0,0,0,0,0,0,15.5040325287285,12.412612746538,4.12441207302941,15.0735305874578,0,5.97935941815376
0,4.85542769197558,0,5.92842619469825,0,0,0,0,0,0,0,0,0,0,0,6.5496518611908,52.8902062481235,17.9512088231261,41.1299819385304,0,0,0,0,3.86638764774098,0,0,0,0,0,0,0,0,0,0,0,0,0,13.3184213638306,0,140.104843139648,0,18.0940057039261,0,0,0,12.4766340255737,0,0,0,0,0,0,0,0,0,5.24411721756825,0,0,0,0,0,0,0,0,0,0,3.69016252954801,0,2.74615859985352,0,0,0,0,0,0,0,0,0,0,0,8.44988632202148,0,8.66945181322591,24.0046029567719,14.3794275339912,8.24376369925106,0
0,0,0,0,0,0,0,0,0,0,0,0,2.95051193237305,0,0,0,0,0,0,0,10.6459837476891,0,0,0,0,0,0,0,3.03921237446013,0,6.36272010207176,0,0,0,0,0,7.73026263329291,0,6.21394865169116,0,0,0,50.9654858907064,0,0,0,35.3939781188965,0,0,0,0,0,0,0,0,0,4.09158015698195,0,3.21689274907112,0,0,0,0,13.6446477059395,0,0,0,0,0,0,0,4.63443621226719,0,10.5535764694214,0,0,0,0,0,28.6313326358795,0,12.0243564141102,18.4795441329479,0,21.9987009488619,0,0
0,0,0,0,0,3.64014188766479,0,0,0,0,0,0,0,2.85060445785522,0,0,0,0,0,4.07196762702044,0,0,0,0,0,0,0,3.34073114395142,0,3.66773278245302,0,0,0,0,0,0,0,3.1315551458283,0,0,0,0,0,0,0,0,0,0,0,0,0,0,0,0,0,0,0,4.76987467592413,0,0,0,0,0,0,0,0,0,0,0,0,0,0,0,0,0,0,0,0,0,0,2.9654746055603,0,4.30215168090616,0,0,0,0
14.7846834080367,0,0,0,0,0,0,0,24.0329659895463,0,2.95051193237305,0,0,0,6.05347205987617,0,0,0,46.0944862365723,0,0,0,0,0,22.4794962494462,0,21.8694636027018,0,0,0,0,0,0,0,0,0,0,0,29.8934565285184,0,0,0,28.1124820709229,0,42.4088478088379,0,47.1876983642578,0,18.9542759685982,0,2.80242977422826,0,0,0,21.0287397883155,0,0,0,3.99948736003467,0,5.1212306022644,0,0,0,0,0,0,23.5696621862587,0,19.4099661827087,0,26.1788743336995,0,24.0393810272217,0,0,0,0,0,0,0,29.4417162704468,29.3454296204352,0,26.6309794821934,0,0
0,0,0,0,0,0,0,0,0,0,0,2.85060445785522,0,0,0,2.94870042800903,0,8.82473696642254,0,0,0,0,0,0,0,0,0,5.06699219346046,0,0,0,0,0,0,0,0,0,0,0,0,0,0,0,0,0,0,0,0,0,0,0,0,0,0,0,0,0,0,0,0,0,0,0,0,0,0,0,0,0,0,0,0,0,0,0,0,0,0,0,0,0,0,5.24327386885273,7.25120683670044,0,0,0
15.2259726031073,0,25.7265453338623,0,2.853764295578,0,0,0,8.59068473180135,0,0,0,6.05347205987617,0,0,0,0,0,0,0,0,0,0,0,19.5228732052971,0,11.9546901962974,0,0,0,0,0,0,0,0,0,0,0,29.2478566586393,0,0,0,49.8358904520671,0,0,0,42.9661407470703,0,21.2864621480306,0,2.86971008777618,0,0,0,13.8484490215778,0,10.8874369396104,0,8.0711598288845,0,4.55971780461325,0,0,0,0,0,0,20.8948301076889,0,9.30955950770758,0,29.6330220358712,0,26.8904447555542,0,0,0,0,0,0,0,30.1240136181867,8.53196523037363,2.84030094146729,24.8777417944582,0,0
0,0,0,0,0,0,0,0,0,6.5496518611908,0,0,0,2.94870042800903,0,0,53.2753681383635,13.2893982712766,60.9530000686646,0,0,0,0,0,0,0,0,2.95263195037842,0,0,0,0,0,0,0,0,0,0,0,0,0,0,0,0,0,121.762565612793,0,0,0,0,0,0,0,0,0,0,0,0,0,0,0,0,0,0,0,0,0,0,0,0,0,0,0,0,0,0,0,0,109.265510559082,0,0,0,10.3174025978361,14.0532961808718,0,0,0
8.12164630387959,0,0,99.9244422912598,0,0,0,0,8.13778269290924,52.8902062481235,0,0,0,0,0,53.2753681383635,0,27.8988552337805,19.5982878099307,0,0,0,3.48206289067413,0,0,51.1299883524577,4.42392058488799,0,0,0,0,0,0,0,0,0,98.4197769165039,0,66.529115823599,85.4315702992101,57.4598083496094,65.7918350544382,48.0005982138894,0,42.4210726420085,71.1229103088379,60.9461310758429,0,58.9807555355243,84.0869979858398,0,0,0,0,8.11817482539586,0,0,146.717041015625,0,0,0,0,0,73.6558429929945,0,0,0,0,0,0,0,0,91.7101135253906,65.2940260943245,0,0,0,0,91.0086576500718,75.0786609926085,77.4518712361654,69.8205623626709,13.9808478050134,10.0470400484659,61.3656993655415,65.453949769338,46.2603642064282
51.0491304397583,0,0,57.0669937133789,0,116.655883789062,0,0,0,17.9512088231261,0,0,0,8.82473696642254,0,13.2893982712766,27.8988552337805,0,22.4631225601782,0,0,0,0,0,0,12.0431585761736,0,8.59245234476984,0,0,0,0,0,0,0,0,84.9941482543945,0,74.3622890048557,61.7439732365102,135.496017456055,45.5196175342986,56.6081176309025,0,49.6546669006348,55.9689227512905,63.8447069640553,0,83.5310887788471,65.636225382487,0,0,0,0,0,0,0,62.041534169515,0,0,0,0,0,64.5213921969054,0,0,0,0,0,0,0,0,53.154672410753,80.9477676391602,0,0,0,0,68.6109086117502,72.6066941512258,62.6493801214756,76.4192413330078,17.0287519827927,12.2152532622751,57.804265978426,42.7571884809222,59.2252810743989
14.8855692188756,8.7687706493196,42.8578491210938,49.4847808837891,0,58.000997543335,0,0,28.0998177094893,41.1299819385304,0,0,46.0944862365723,0,0,60.9530000686646,19.5982878099307,22.4631225601782,0,0,62.3082122802734,0,0,0,35.6295433044434,66.0192260742188,0,0,0,0,49.1343441009521,0,0,0,0,0,70.2068612840441,43.9103813171387,52.1265871463678,44.9936065875715,44.0317527453105,22.7641196617662,19.4830502372558,26.2130689620972,20.2703520608327,38.9733830965482,41.2263865930142,0,42.1077430828198,42.2400796866115,0,0,0,0,23.2657451629639,0,0,25.6201653229563,49.4830141067505,0,34.6456610361735,0,53.8722305297852,47.9015918304515,0,0,0,41.9535861968994,0,29.1231320699056,0,41.7247502207756,28.2795079656913,49.5318555767033,0,0,0,0,49.2236989222732,50.4746604180727,41.0250125541506,53.952561675948,15.4592005359187,32.7267146640354,35.9294284296568,27.9265080552771,29.5391276741422
0,0,0,0,0,4.99647440910339,0,0,0,0,0,4.07196762702044,0,0,0,0,0,0,0,0,0,0,0,0,0,0,0,0,0,0,0,0,0,0,0,6.03327904428755,0,0,0,0,0,0,0,0,0,5.20862169067065,0,0,0,0,0,0,0,0,0,0,0,0,0,0,0,0,3.96801216602325,0,0,0,0,0,0,0,0,0,0,0,0,0,0,0,10.7008556938171,0,0,0,7.01883605737167,4.83959664720477,3.96983069804177,0,0
0,0,0,0,0,0,0,0,0,0,10.6459837476891,0,0,0,0,0,0,0,62.3082122802734,0,0,0,0,0,0,0,0,0,0,0,15.5893873146602,0,0,0,0,0,3.20139812093332,0,13.1512564909105,0,0,0,20.4429657799857,0,0,0,14.9749843597412,0,44.9501457214355,0,0,0,0,0,0,0,10.9004915491227,0,0,0,0,0,0,7.70099677872024,0,0,0,0,0,0,0,0,0,17.8278123074108,0,0,0,0,0,10.7648484840571,0,12.6527068696155,3.75460270445615,0,16.0200949985178,0,0
0,0,0,0,0,0,0,0,0,0,0,0,0,0,0,0,0,0,0,0,0,0,4.59480527081067,12.1774225234985,0,0,0,0,0,0,0,0,0,0,0,0,0,4.9628316489133,0,0,0,0,0,0,0,0,0,0,0,5.65791000190534,0,0,0,0,0,0,0,0,0,0,0,0,0,0,4.99662182954661,5.81534135341644,0,0,0,0,3.9429839849472,0,0,0,0,0,0,0,0,0,8.46285417805547,0,3.27207129773959,0,0,0,0
0,0,0,0,0,0,0,0,0,0,0,0,0,0,0,0,3.48206289067413,0,0,0,0,4.59480527081067,0,0,6.77604383504983,0,4.26994080977006,0,2.90783900684781,0,0,0,0,0,0,0,0,0,6.72831740306886,0,0,0,0,0,0,0,0,0,0,0,0,0,0,0,0,0,0,0,0,0,0,0,0,0,9.93811511993408,5.29509902586374,0,11.2708569681322,0,4.23318719863892,0,2.94275858895532,0,0,0,0,0,0,0,0,0,8.22718427527522,3.96072395803025,3.43099991977215,0,0,0
0,0,0,0,0,0,0,0,0,3.86638764774098,0,0,0,0,0,0,0,0,0,0,0,12.1774225234985,0,0,0,2.92123989655938,0,0,0,0,0,0,0,0,0,0,0,4.49150948865073,0,0,0,0,0,0,0,0,0,0,0,9.2053566974598,0,0,0,0,0,5.58530939746107,0,0,0,0,0,0,0,0,12.1679519267564,0,4.87124421615754,0,3.55690694060819,0,10.672815843062,0,0,0,0,0,0,0,0,0,5.53233546727554,0,22.7513109842936,0,5.61792909412484,0,0
16.1465424795066,0,28.7653331756592,0,0,0,0,0,10.5400747203042,0,0,0,22.4794962494462,0,19.5228732052971,0,0,0,35.6295433044434,0,0,0,6.77604383504983,0,0,0,5.12293102693507,0,0,0,0,0,0,0,0,0,0,0,7.46873031348821,0,0,0,37.2534370422363,0,0,0,40.2253074645996,0,12.3948627408729,0,0,0,0,0,10.6068857797762,0,0,0,22.6228998530995,0,23.1082554216738,0,0,0,0,11.2688661625674,0,7.06503695858934,0,5.84026589147423,0,12.6143627166748,0,0,0,0,0,0,0,0,0,14.0980880872338,9.72289540409263,0,18.3431503507826,0,0
0,0,0,0,0,0,0,0,0,0,0,0,0,0,0,0,51.1299883524577,12.0431585761736,66.0192260742188,0,0,0,0,2.92123989655938,0,0,0,0,0,0,0,0,0,0,0,0,0,0,0,0,0,0,0,0,0,0,0,0,0,7.14548492431641,0,0,0,0,0,0,0,0,0,0,0,3.29197454452515,0,0,0,0,0,0,3.27103146400742,0,0,0,0,0,0,0,0,0,0,0,0,0,54.5991268157959,0,7.19015424901789,0,0
26.14723777771,0,0,0,0,0,0,0,5.50017110636977,0,0,0,21.8694636027018,0,11.9546901962974,0,4.42392058488799,0,0,0,0,0,4.26994080977006,0,5.12293102693507,0,0,0,2.74652457237244,0,0,0,0,0,0,0,0,0,7.3595263596737,0,0,0,0,0,0,0,0,0,0,0,0,0,0,0,8.04207134246826,0,0,0,0,0,12.945164218545,0,0,0,0,0,0,5.38860869407654,0,3.94520225596339,0,0,0,0,0,0,0,0,0,0,0,0,4.25339487195015,0,0,0,0
0,0,0,0,0,0,0,0,0,0,0,3.34073114395142,0,5.06699219346046,0,2.95263195037842,0,8.59245234476984,0,0,0,0,0,0,0,0,0,0,0,2.95366581281026,0,0,0,0,0,0,0,0,0,0,0,0,0,0,0,0,0,0,0,0,0,0,0,0,0,0,0,0,0,0,0,0,0,0,0,0,0,0,0,0,4.87916954525627,0,0,0,0,0,0,0,0,0,2.99430615561349,0,3.94153733650843,3.58739799261093,0,0,0
0,0,0,0,0,0,0,0,0,0,3.03921237446013,0,0,0,0,0,0,0,0,0,0,0,2.90783900684781,0,0,0,2.74652457237244,0,0,0,4.71930348873138,0,0,0,0,0,0,0,0,0,0,0,0,0,0,0,0,0,0,0,0,0,0,0,0,0,0,0,0,0,0,0,0,0,0,3.0186589666315,0,0,0,4.00653591752052,0,5.19136018266414,0,3.38850079200886,0,0,0,0,0,0,0,0,0,0,0,0,0
0,0,0,0,0,0,0,0,0,0,0,3.66773278245302,0,0,0,0,0,0,0,0,0,0,0,0,0,0,0,2.95366581281026,0,0,0,0,0,0,0,0,0,3.072225689888,0,0,0,0,0,0,0,0,0,0,0,0,0,0,0,0,0,0,0,0,0,0,0,0,0,0,0,0,0,0,0,0,5.4098813533783,0,4.14479446411133,0,0,0,0,0,0,0,0,0,0,0,0,0,0
0,0,0,0,0,0,0,0,0,0,6.36272010207176,0,0,0,0,0,0,0,49.1343441009521,0,15.5893873146602,0,0,0,0,0,0,0,4.71930348873138,0,0,0,0,0,0,0,0,0,3.2412440776825,0,0,0,46.0050692558289,0,0,0,37.9354858398438,0,0,0,0,0,0,0,0,0,3.98513488769531,0,0,0,0,0,0,14.837140973409,0,0,0,0,0,0,0,3.81242173910141,0,3.78567020741164,0,0,0,0,0,0,0,0,41.4669647216797,0,36.8444625139236,0,0
0,0,0,0,0,0,0,0,0,0,0,0,0,0,0,0,0,0,0,0,0,0,0,0,0,0,0,0,0,0,0,0,5.40309243056913,8.93441090400793,5.22140929915688,3.06197694214908,0,0,0,0,15.6522407804217,0,0,0,0,0,0,5.9999778918357,8.10868281820141,0,0,0,0,0,0,0,0,0,0,0,0,0,0,0,0,0,0,0,0,0,0,0,0,0,3.44458698255292,0,8.51082800361267,0,3.34881122907003,0,0,0,3.32147270441055,0,8.88390991422865,0,0
0,0,0,0,0,0,0,0,0,0,0,0,0,0,0,0,0,0,0,0,0,0,0,0,0,0,0,0,0,0,0,5.40309243056913,0,6.1213071346283,2.73535466194153,0,2.90970378451877,0,0,0,0,0,0,0,0,0,0,4.94577628899694,7.6842267036438,0,0,0,0,0,0,0,0,0,0,0,0,0,0,0,0,0,0,0,0,0,0,0,0,0,4.28786916732788,2.91803007637894,10.0494532982508,0,0,0,0,0,2.84952012697856,0,0,0,0
0,0,0,0,0,0,0,0,0,0,0,0,0,0,0,0,0,0,0,0,0,0,0,0,0,0,0,0,0,0,0,8.93441090400793,6.1213071346283,0,5.81402592237968,3.44162212312222,0,5.60093785570813,8.38166687488556,0,0,0,0,0,0,0,0,6.11278122203407,10.9290145154859,8.87139938771725,0,0,0,0,0,0,0,0,0,0,0,0,0,0,0,0,0,0,0,0,0,0,0,0,0,0,4.59328707160787,7.58489967333643,6.11747002601624,0,4.29091068724511,13.8567161560059,4.05368591965154,4.71647647660354,14.4793200846072,0,0
0,0,0,0,0,0,0,0,0,0,0,0,0,0,0,0,0,0,0,0,0,0,0,0,0,0,0,0,0,0,0,5.22140929915688,2.73535466194153,5.81402592237968,0,0,2.94851019348897,11.4223182201385,3.67002000808716,0,0,0,11.5963821411133,0,0,0,0,5.69578499753852,7.1822950757783,16.4808583259583,0,0,0,0,0,0,0,0,0,0,0,0,0,0,0,0,0,0,0,0,0,0,0,0,5.65748119354248,0,7.33289362563462,4.02325273060473,0,0,0,4.21205448923689,5.5813484137862,4.09320394748466,16.5272647684271,0,0
0,0,0,0,0,0,0,0,0,0,0,0,0,0,0,0,0,0,0,6.03327904428755,0,0,0,0,0,0,0,0,0,0,0,3.06197694214908,0,3.44162212312222,0,0,6.27108887968392,4.17440762796264,0,39.3384075164795,0,40.6993841631659,37.3222991943359,0,0,11.7836483535388,0,6.10904121503495,38.4679946899414,0,0,0,0,0,0,0,0,0,0,0,0,0,15.3527071786034,0,0,0,0,0,0,0,0,0,0,0,3.34651279449463,0,4.05171291611411,0,5.60542845998061,0,5.193782369657,0,9.18529589653015,3.43028040478627,30.6817619800568,0,0
0,0,0,0,4.62501859664917,0,0,0,0,0,7.73026263329291,0,0,0,0,0,98.4197769165039,84.9941482543945,70.2068612840441,0,3.20139812093332,0,0,0,0,0,0,0,0,0,0,0,2.90970378451877,0,2.94851019348897,6.27108887968392,0,0,3.67210486389342,0,3.72665928974353,101.643707275391,25.5917152509297,0,0,28.7781867980957,5.19637680560985,0,69.7698974609375,0,0,0,0,0,0,0,40.2148933410645,0,0,0,0,0,33.730234781901,16.8983761677977,0,0,0,0,0,0,0,0,0,0,0,2.74726819992065,0,3.25515401363373,8.17755795086131,4.7978744446347,0,7.31467237049027,4.77046194684611,6.87134313583374,13.5140152200295,0,46.9818865458171
0,0,0,28.1500429153442,0,0,0,0,0,13.3184213638306,0,3.1315551458283,0,0,0,0,0,0,43.9103813171387,0,0,4.9628316489133,0,4.49150948865073,0,0,0,0,0,3.072225689888,0,0,0,5.60093785570813,11.4223182201385,4.17440762796264,0,0,11.1736475273415,0,0,14.2159056133694,0,0,0,0,0,6.7403994448902,0,6.7403124850677,0,0,0,0,0,10.7963774182178,0,2.85213723778725,0,0,0,0,5.1601368188858,0,7.88187298666959,0,8.5133332498479,0,9.47481197781033,0,10.8861925233813,0,0,0,0,0,3.41798736920228,0,6.98190686679321,0,6.2979629837201,12.1311259269714,5.64715842288929,5.31402948097946,9.29764744077904,10.1174738066537,0
19.9188338743192,0,33.5003256621184,79.2743988037109,0,0,0,0,9.86734597616462,0,6.21394865169116,0,29.8934565285184,0,29.2478566586393,0,66.529115823599,74.3622890048557,52.1265871463678,0,13.1512564909105,0,6.72831740306886,0,7.46873031348821,0,7.3595263596737,0,0,0,3.2412440776825,0,0,8.38166687488556,3.67002000808716,0,3.67210486389342,11.1736475273415,0,78.1074523925781,0,68.5655937194824,24.4866565914564,0,39.5712151527405,98.7101287841797,31.7415033683923,6.97259601200348,17.3138107500234,0,0,0,0,0,16.3131853129183,0,4.04119525832691,0,28.229026438242,0,24.5508669301083,0,0,14.1215516713086,0,8.13623944880986,0,12.4684495013239,0,13.373548412323,0,11.0950748194819,0,8.97330660820007,0,0,0,10.4042919332331,0,35.605284665082,4.41644496917725,6.24387589695508,13.0189435276012,5.74289290583489,22.4527151842912,0,28.7546730265898
0,0,0,38.647275712755,0,56.7066599527995,0,0,0,140.104843139648,0,0,0,0,0,0,85.4315702992101,61.7439732365102,44.9936065875715,0,0,0,0,0,0,0,0,0,0,0,0,0,0,0,0,39.3384075164795,0,0,78.1074523925781,0,0,19.1526656058485,67.4057416307165,25.5105253855387,43.0959072113037,16.6226801381668,81.9456927959736,4.74944365024567,89.579553604126,10.2842300334408,0,0,0,0,0,0,0,44.0104524278149,0,0,0,0,21.4107503302686,88.9852015177409,0,0,0,0,0,0,0,0,62.8570083618164,69.5202166239421,0,0,0,0,14.6594405368964,93.6204621164422,36.3040324396162,104.439834594727,52.8454719878265,67.4990581263902,16.1165124664594,27.7329373458336,72.8531992059005
0,0,0,0,0,0,0,0,0,0,0,0,0,0,0,0,57.4598083496094,135.496017456055,44.0317527453105,0,0,0,0,0,0,0,0,0,0,0,0,15.6522407804217,0,0,0,0,3.72665928974353,0,0,0,0,0,11.5908720603842,0,0,0,5.37630322408972,7.38093051082092,5.80978245176631,0,0,0,0,0,0,0,41.9290294647217,0,44.4345855712891,0,0,0,0,6.90115034580231,0,0,0,0,0,0,0,0,0,0,18.1760590076447,0,0,0,0,8.82572119385496,0,4.67242189816066,64.5568237304688,0,5.37212937840331,0,19.8979884556362
0,11.9682794932661,0,29.8526799646438,0,49.566582295432,0,0,84.0226211547852,18.0940057039261,0,0,0,0,0,0,65.7918350544382,45.5196175342986,22.7641196617662,0,0,0,0,0,0,0,0,0,0,0,0,0,0,0,0,40.6993841631659,101.643707275391,14.2159056133694,68.5655937194824,19.1526656058485,0,0,12.0439896498811,15.9547824859619,43.718240737915,27.1923536284495,55.1183827958017,13.3625988483429,87.1287467956543,15.4346137622226,0,0,0,0,0,0,0,18.8212930252652,0,0,0,0,30.5378849506378,66.6138114929199,0,0,0,0,0,0,20.2231041590373,0,15.9817477734611,69.7435993618435,0,0,0,0,29.4582941870026,74.8147470034086,36.086633100348,78.6065599778119,21.3773117872701,52.1209541582594,17.9749197663132,12.7230570874376,48.589293162028
17.0176588731654,0,31.6546769823347,33.1097387313843,0,47.9796447753906,0,0,13.796554556132,0,50.9654858907064,0,28.1124820709229,0,49.8358904520671,0,48.0005982138894,56.6081176309025,19.4830502372558,0,20.4429657799857,0,0,0,37.2534370422363,0,0,0,0,0,46.0050692558289,0,0,0,11.5963821411133,37.3222991943359,25.5917152509297,0,24.4866565914564,67.4057416307165,11.5908720603842,12.0439896498811,0,0,12.8341849939577,22.9540303428218,16.0595455391787,10.6364370136396,13.8762012716534,30.6136445999146,45.6030495587517,0,0,0,23.333430185914,0,36.1341424467262,41.3110345049602,37.2273160703691,0,38.9384716625871,0,33.6588306427002,21.9523550956615,0,0,0,38.2099264462789,0,18.7921110203392,0,38.0653886021795,0,30.5102077500526,0,0,0,0,86.3198302875866,22.6463232529668,64.184575398763,32.1491440719612,18.9820987049717,52.2993369632297,17.9803461264901,48.3362202114529,11.9181421603865
0,0,0,0,0,0,0,0,0,0,0,0,0,0,0,0,0,0,26.2130689620972,0,0,0,0,0,0,0,0,0,0,0,0,0,0,0,0,0,0,0,0,25.5105253855387,0,15.9547824859619,0,0,0,0,0,0,0,0,0,0,0,0,0,0,0,0,0,0,0,0,0,0,0,0,0,0,0,0,0,0,24.1345272064209,0,0,0,0,0,30.2556083202362,0,27.9085540771484,0,22.1763677597046,0,20.8311359541757,0,0
0,0,0,0,0,0,0,0,41.5341415405273,0,0,0,42.4088478088379,0,0,0,42.4210726420085,49.6546669006348,20.2703520608327,0,0,0,0,0,0,0,0,0,0,0,0,0,0,0,0,0,0,0,39.5712151527405,43.0959072113037,0,43.718240737915,12.8341849939577,0,0,0,18.7067008018494,0,40.0728285653251,0,0,0,0,0,0,0,24.6800327301025,0,30.6817922592163,0,0,0,0,28.3523850819421,0,0,0,44.7175559997559,0,0,0,38.1001300811768,0,36.5684719085693,0,0,0,0,0,34.1422820663452,0,42.4043606758118,22.8506719211362,0,28.729610340268,40.4487762451172,13.7056587126947
0,0,0,27.4834692001343,0,30.1053504943848,0,0,0,12.4766340255737,0,0,0,0,0,121.762565612793,71.1229103088379,55.9689227512905,38.9733830965482,5.20862169067065,0,0,0,0,0,0,0,0,0,0,0,0,0,0,0,11.7836483535388,28.7781867980957,0,98.7101287841797,16.6226801381668,0,27.1923536284495,22.9540303428218,0,0,0,104.862991333008,0,0,33.5810432434082,0,0,0,0,0,0,0,17.6356195859123,0,0,0,0,10.5954918708378,89.3199768066406,0,0,0,0,0,0,0,0,24.9523604162808,0,0,0,0,0,22.8675953333022,62.8226757049561,16.7694042534919,77.2463404337565,22.7044782510774,55.9927214384079,11.8527080366928,37.5008472033909,61.3662948608398
37.7979710102081,0,31.310688836234,0,0,0,0,0,43.806757413424,0,35.3939781188965,0,47.1876983642578,0,42.9661407470703,0,60.9461310758429,63.8447069640553,41.2263865930142,0,14.9749843597412,0,0,0,40.2253074645996,0,0,0,0,0,37.9354858398438,0,0,0,0,0,5.19637680560985,0,31.7415033683923,81.9456927959736,5.37630322408972,55.1183827958017,16.0595455391787,0,18.7067008018494,104.862991333008,0,0,42.4648837306469,0,46.2055867513021,0,0,0,44.4979362487793,0,27.1104891855012,66.5123729705811,30.9425980357381,0,33.2295966999871,0,75.6042785644531,13.5110620275377,0,0,0,42.3670234680176,0,34.022348912557,0,37.1749153137207,0,39.8304745307335,0,0,0,0,80.2948579788208,26.1272456635282,0,31.0142727691087,47.4505875171232,62.630781032421,19.4469624896887,64.7363630022321,34.1517791722132
0,0,0,0,0,0,0,0,0,0,0,0,0,0,0,0,0,0,0,0,0,0,0,0,0,0,0,0,0,0,0,5.9999778918357,4.94577628899694,6.11278122203407,5.69578499753852,6.10904121503495,0,6.7403994448902,6.97259601200348,4.74944365024567,7.38093051082092,13.3625988483429,10.6364370136396,0,0,0,0,0,6.66164237004148,7.75506412382981,0,0,0,0,0,0,0,0,0,0,0,0,0,0,0,0,0,0,0,0,0,0,0,0,5.88485921260922,4.7186646660169,11.0712265014648,3.66966506456717,6.47797570909773,8.06451617876689,0,10.4430910348892,6.99443614210712,3.44146968690973,10.266433473219,0,0
8.73724287736852,0,13.735567295033,33.7587699890137,39.0514488220215,0,0,0,17.5585241024576,0,0,0,18.9542759685982,0,21.2864621480306,0,58.9807555355243,83.5310887788471,42.1077430828198,0,44.9501457214355,0,0,0,12.3948627408729,0,0,0,0,0,0,8.10868281820141,7.6842267036438,10.9290145154859,7.1822950757783,38.4679946899414,69.7698974609375,0,17.3138107500234,89.579553604126,5.80978245176631,87.1287467956543,13.8762012716534,0,40.0728285653251,0,42.4648837306469,6.66164237004148,0,16.1836197483647,18.8116493225098,0,0,0,16.2631652235985,0,28.6395334097055,40.9544448852539,16.3062979158411,0,13.7650078957125,0,43.5920562744141,42.0398814142967,0,0,0,11.7594877662659,0,4.00970798515883,0,7.24594271810431,0,44.8940079893385,9.98825450738271,0,0,0,37.165355682373,10.2906803503928,79.9119873046875,7.3815649156648,23.5956518036437,65.4899139404297,9.24363661716412,93.4457778930664,19.9712696448616
0,7.95440099920545,0,6.88887112355106,0,55.311861038208,0,0,0,0,0,0,0,0,0,0,84.0869979858398,65.636225382487,42.2400796866115,0,0,5.65791000190534,0,9.2053566974598,0,7.14548492431641,0,0,0,0,0,0,0,8.87139938771725,16.4808583259583,0,0,6.7403124850677,0,10.2842300334408,0,15.4346137622226,30.6136445999146,0,0,33.5810432434082,0,7.75506412382981,16.1836197483647,0,0,0,0,0,0,14.0761806781475,0,28.5247688293457,0,0,0,4.26277871131897,47.1207580566406,0,9.17543925189097,0,8.76142712398968,0,7.43859653174877,0,6.4731162459078,0,7.1075133170691,0,0,0,0,0,36.0198207855225,0,7.56606007691702,0,27.3383860995422,75.4670150756836,9.13154091585151,21.5589418411255,0
0,0,11.5363234565372,0,2.75487089157104,0,0,0,0,0,0,0,2.80242977422826,0,2.86971008777618,0,0,0,0,0,0,0,0,0,0,0,0,0,0,0,0,0,0,0,0,0,0,0,0,0,0,0,45.6030495587517,0,0,0,46.2055867513021,0,18.8116493225098,0,0,0,0,0,0,0,11.7950670988663,0,3.31328556050349,0,4.08649275177403,0,0,13.0929803848267,0,0,0,0,0,0,0,39.2432022094727,0,0,0,0,0,0,0,0,0,0,0,0,13.0146376405443,0,0
0,0,0,2.84804809093475,0,0,0,0,0,0,0,0,0,0,0,0,0,0,0,0,0,0,0,0,0,0,0,0,0,0,0,0,0,0,0,0,0,0,0,0,0,0,0,0,0,0,0,0,0,0,0,0,0,0,0,0,0,2.87293276786804,0,0,0,0,0,0,0,0,0,0,0,0,0,0,0,0,0,0,0,0,0,0,0,0,0,0,0,0,0
0,0,0,0,0,0,0,0,0,0,0,0,0,0,0,0,0,0,0,0,0,0,0,0,0,0,0,0,0,0,0,0,0,0,0,0,0,0,0,0,0,0,0,0,0,0,0,0,0,0,0,0,0,0,0,0,0,0,3.09079859232662,0,0,0,0,0,0,0,0,0,0,0,0,0,0,0,0,0,0,0,0,0,0,0,0,0,0,0,0
0,0,0,0,0,0,0,0,0,0,0,0,0,0,0,0,0,0,0,0,0,0,0,0,0,0,0,0,0,0,0,0,0,0,0,0,0,0,0,0,0,0,0,0,0,0,0,0,0,0,0,0,0,0,0,0,0,0,0,0,0,0,0,0,0,0,0,0,0,0,0,0,0,0,0,0,0,0,0,0,0,0,0,0,0,0,0
11.8691860092692,0,14.9958302590155,0,0,0,0,0,6.61238103136053,0,0,0,21.0287397883155,0,13.8484490215778,0,8.11817482539586,0,23.2657451629639,0,0,0,0,0,10.6068857797762,0,8.04207134246826,0,0,0,0,0,0,0,0,0,0,0,16.3131853129183,0,0,0,23.333430185914,0,0,0,44.4979362487793,0,16.2631652235985,0,0,0,0,0,0,0,11.2930280851281,0,16.9045021228301,0,16.8683607361533,0,0,0,0,0,0,9.28401484032387,0,15.2087203539335,0,17.608065032959,0,0,0,0,0,0,0,0,0,14.4597090200248,21.0351411321737,0,13.3214819155241,0,0
0,5.25575224904047,0,7.01955841985242,0,0,0,0,0,5.24411721756825,0,0,0,0,0,0,0,0,0,0,0,0,0,5.58530939746107,0,0,0,0,0,0,0,0,0,0,0,0,0,10.7963774182178,0,0,0,0,0,0,0,0,0,0,0,14.0761806781475,0,0,0,0,0,0,0,0,0,0,0,0,0,0,0,0,4.38102418881228,0,0,0,0,0,0,0,0,0,0,0,0,0,9.8789025768176,0,9.53375740051269,0,8.20694819363681,0,0
18.2544240951538,0,14.7122073173523,0,12.3059931262847,0,0,0,18.5618095397949,0,4.09158015698195,0,0,0,10.8874369396104,0,0,0,0,0,10.9004915491227,0,0,0,0,0,0,0,0,0,3.98513488769531,0,0,0,0,0,40.2148933410645,0,4.04119525832691,0,41.9290294647217,0,36.1341424467262,0,24.6800327301025,0,27.1104891855012,0,28.6395334097055,0,11.7950670988663,0,0,0,11.2930280851281,0,0,0,5.67144701092742,0,10.8668597377626,0,0,10.2846689152509,0,0,0,24.9099369049072,0,13.3509919643402,0,6.02893007756371,0,6.60909214621992,0,0,0,0,0,25.5019378662109,0,0,31.6096157709757,0,11.1711013126097,0,0
0,0,0,25.3076893006316,0,7.47662756819474,0,0,0,0,0,4.76987467592413,0,0,0,0,146.717041015625,62.041534169515,25.6201653229563,0,0,0,0,0,0,0,0,0,0,0,0,0,0,0,0,0,0,2.85213723778725,0,44.0104524278149,0,18.8212930252652,41.3110345049602,0,0,17.6356195859123,66.5123729705811,0,40.9544448852539,28.5247688293457,0,2.87293276786804,0,0,0,0,0,0,0,0,0,0,6.10914014910972,0,0,0,0,0,0,0,3.51042930285136,0,5.79648877249824,0,0,0,0,0,51.6005042394002,0,73.1508178710938,95.2991485595703,36.4625940414575,53.1728610992432,13.5229648773342,15.4261687181998,58.6776294708252
12.5078218206283,0,22.5042629241943,0,4.36417336934626,0,3.65881698472159,0,22.4973017271175,0,3.21689274907112,0,3.99948736003467,0,8.0711598288845,0,0,0,49.4830141067505,0,0,0,0,0,22.6228998530995,0,0,0,0,0,0,0,0,0,0,0,0,0,28.229026438242,0,44.4345855712891,0,37.2273160703691,0,30.6817922592163,0,30.9425980357381,0,16.3062979158411,0,3.31328556050349,0,3.09079859232662,0,16.9045021228301,0,5.67144701092742,0,0,0,6.20403179646671,0,0,32.5439500808716,0,0,0,22.3639116614829,0,13.9257510683753,0,25.5865255741591,0,27.3281783364036,0,0,0,0,0,0,0,30.1740732192993,28.4555694879923,74.2958908081055,22.611075287044,0,14.6609897613525
0,0,0,0,0,0,0,0,0,0,0,0,0,0,0,0,0,0,0,0,0,0,0,0,0,0,0,0,0,0,0,0,0,0,0,0,0,0,0,0,0,0,0,0,0,0,0,0,0,0,0,0,0,0,0,0,0,0,0,0,0,4.43996119499207,0,0,0,0,0,0,5.98169793532445,0,4.22931941849845,0,0,0,0,0,0,0,0,0,0,0,0,0,0,0,0
8.21746032484232,0,10.5259604263306,0,3.35080683231354,0,0,0,19.1627184510231,0,0,0,5.1212306022644,0,4.55971780461325,0,0,0,34.6456610361735,0,0,0,0,0,23.1082554216738,0,12.945164218545,0,0,0,0,0,0,0,0,0,0,0,24.5508669301083,0,0,0,38.9384716625871,0,0,0,33.2295966999871,0,13.7650078957125,0,4.08649275177403,0,0,0,16.8683607361533,0,10.8668597377626,0,6.20403179646671,0,0,0,0,12.261155128479,0,0,0,20.0651782464773,0,6.04177685793708,0,28.9781602223714,0,29.0680807553805,0,0,0,0,0,0,0,28.6834474889244,26.9708814336293,0,19.8063339687331,0,0
0,0,0,3.00285396575928,0,0,0,0,0,0,0,0,0,0,0,0,0,0,0,0,0,0,0,0,0,3.29197454452515,0,0,0,0,0,0,0,0,0,0,0,0,0,0,0,0,0,0,0,0,0,0,0,4.26277871131897,0,0,0,0,0,0,0,0,0,4.43996119499207,0,0,0,0,0,0,0,0,4.20145807749983,0,0,0,0,0,0,0,0,0,0,0,0,0,0,0,0,0,0
0,0,0,33.8323931694031,0,0,0,0,0,0,0,0,0,0,0,0,0,0,53.8722305297852,3.96801216602325,0,0,0,0,0,0,0,0,0,0,0,0,0,0,0,15.3527071786034,33.730234781901,5.1601368188858,0,21.4107503302686,0,30.5378849506378,33.6588306427002,0,0,10.5954918708378,75.6042785644531,0,43.5920562744141,47.1207580566406,0,0,0,0,0,0,0,6.10914014910972,0,0,0,0,0,0,0,0,0,0,0,0,13.8572225570679,0,10.8330995660079,0,0,0,0,0,12.79130842592,0,6.68807950082994,0,22.802224993433,17.9239171981812,10.4941908959604,14.2926969528198,0
40.9445161819458,0,16.8526875972748,0,0,148.8095703125,0,0,44.3467178344727,0,13.6446477059395,0,0,0,0,0,73.6558429929945,64.5213921969054,47.9015918304515,0,7.70099677872024,0,0,0,0,0,0,0,0,0,14.837140973409,0,0,0,0,0,16.8983761677977,0,14.1215516713086,88.9852015177409,6.90115034580231,66.6138114929199,21.9523550956615,0,28.3523850819421,89.3199768066406,13.5110620275377,0,42.0398814142967,0,13.0929803848267,0,0,0,0,0,10.2846689152509,0,32.5439500808716,0,12.261155128479,0,0,0,0,0,0,0,0,0,0,49.8291728973389,0,19.481763528926,0,0,0,0,98.4928754170736,24.4889409174937,0,20.0829252171516,55.0290852220686,74.2942759650094,19.1353713375238,63.7225570678711,26.0110759014553
0,0,0,0,0,0,0,0,0,0,0,0,0,0,0,0,0,0,0,0,0,4.99662182954661,9.93811511993408,12.1679519267564,0,0,0,0,0,0,0,0,0,0,0,0,0,7.88187298666959,0,0,0,0,0,0,0,0,0,0,0,9.17543925189097,0,0,0,0,0,0,0,0,0,0,0,0,0,0,0,0,13.0297079915586,0,3.92378022905552,0,3.78763028913658,0,0,0,0,0,0,0,0,0,12.7205215844241,0,6.07990879171035,0,0,0,0
0,0,0,0,0,0,0,0,0,0,0,0,0,0,0,0,0,0,0,0,0,5.81534135341644,5.29509902586374,0,11.2688661625674,0,0,0,3.0186589666315,0,0,0,0,0,0,0,0,0,8.13623944880986,0,0,0,0,0,0,0,0,0,0,0,0,0,0,0,0,0,0,0,0,0,0,0,0,0,0,0,0,16.5512546181679,0,0,0,2.94728219509125,0,0,0,0,0,0,0,0,0,10.4474752244696,4.69772210978625,5.70298671722412,0,0,0
0,0,0,0,0,0,0,0,0,3.69016252954801,0,0,0,0,0,0,0,0,0,0,0,0,0,4.87124421615754,0,0,0,0,0,0,0,0,0,0,0,0,0,8.5133332498479,0,0,0,0,0,0,0,0,0,0,0,8.76142712398968,0,0,0,0,0,4.38102418881228,0,0,0,0,0,0,0,0,13.0297079915586,0,0,0,8.8722880037525,0,12.048007283892,0,0,0,0,0,0,0,0,0,6.60768965872522,0,0,0,3.82982096173042,0,0
18.0560105799796,0,27.2848290101981,0,0,0,0,0,13.0027001803507,0,0,0,23.5696621862587,0,20.8948301076889,0,0,0,41.9535861968994,0,0,0,11.2708569681322,0,7.06503695858934,0,5.38860869407654,0,0,0,0,0,0,0,0,0,0,0,12.4684495013239,0,0,0,38.2099264462789,0,44.7175559997559,0,42.3670234680176,0,11.7594877662659,0,0,0,0,0,9.28401484032387,0,24.9099369049072,0,22.3639116614829,0,20.0651782464773,0,0,0,0,16.5512546181679,0,0,0,4.62796479055326,0,0,0,0,0,0,0,0,0,0,0,14.3637361594609,26.5427969840816,0,20.2744344124427,0,0
0,0,0,0,0,0,0,0,0,2.74615859985352,0,0,0,0,0,0,0,0,0,0,0,0,0,3.55690694060819,0,3.27103146400742,0,0,0,0,0,0,0,0,0,0,0,9.47481197781033,0,0,0,0,0,0,0,0,0,0,0,7.43859653174877,0,0,0,0,0,0,0,0,0,5.98169793532445,0,4.20145807749983,0,0,3.92378022905552,0,8.8722880037525,0,0,0,4.07723804001223,0,0,0,0,0,0,0,0,0,9.25937711927626,0,0,0,6.73074150085449,0,0
7.6539369171316,0,0,0,0,0,0,0,12.8579557868075,0,0,0,19.4099661827087,0,9.30955950770758,0,0,0,29.1231320699056,0,0,0,4.23318719863892,0,5.84026589147423,0,3.94520225596339,0,4.00653591752052,0,0,0,0,0,0,0,0,0,13.373548412323,0,0,0,18.7921110203392,0,0,0,34.022348912557,0,4.00970798515883,0,0,0,0,0,15.2087203539335,0,13.3509919643402,0,13.9257510683753,0,6.04177685793708,0,0,0,0,0,0,4.62796479055326,0,0,0,3.81565728809888,0,0,0,0,0,0,0,0,0,15.5659052530924,20.4382635294962,0,11.1287228657353,0,11.014476776123
0,0,0,29.7324123382568,0,0,0,0,0,0,0,0,0,0,0,0,0,0,0,0,0,3.9429839849472,0,10.672815843062,0,0,0,4.87916954525627,0,5.4098813533783,0,0,0,0,0,0,0,10.8861925233813,0,0,0,20.2231041590373,0,0,0,0,0,0,0,6.4731162459078,0,0,0,0,0,0,0,3.51042930285136,0,4.22931941849845,0,0,13.8572225570679,0,3.78763028913658,0,12.048007283892,0,4.07723804001223,0,0,0,4.94115551649514,0,0,0,0,0,0,0,13.0509519381401,0,16.5976610183716,0,14.5181487040086,0,0
14.1929705371595,0,29.898473739624,0,0,0,0,0,18.7601955361562,0,4.63443621226719,0,26.1788743336995,0,29.6330220358712,0,0,0,41.7247502207756,0,0,0,2.94275858895532,0,12.6143627166748,0,0,0,5.19136018266414,0,3.81242173910141,0,0,0,0,0,0,0,11.0950748194819,0,0,0,38.0653886021795,0,38.1001300811768,0,37.1749153137207,0,7.24594271810431,0,39.2432022094727,0,0,0,17.608065032959,0,6.02893007756371,0,25.5865255741591,0,28.9781602223714,0,0,49.8291728973389,0,2.94728219509125,0,0,0,3.81565728809888,0,0,0,27.8109350999196,0,0,0,0,0,75.921028137207,0,12.244688949585,24.493861538036,0,10.7830918199751,0,21.7140431404114
0,0,0,30.6656985509963,0,42.8968086242676,0,0,0,0,0,0,0,0,0,0,91.7101135253906,53.154672410753,28.2795079656913,0,0,0,0,0,0,0,0,0,0,4.14479446411133,0,0,0,0,0,0,0,0,0,62.8570083618164,0,15.9817477734611,0,24.1345272064209,0,24.9523604162808,0,0,0,7.1075133170691,0,0,0,0,0,0,0,5.79648877249824,0,0,0,0,10.8330995660079,0,0,0,0,0,0,0,4.94115551649514,0,0,0,0,0,0,0,53.8704566955566,0,5.40498420686433,0,35.084363547849,66.1333045959473,13.3420541945004,18.6282831988757,0
24.610919713974,0,33.4817218780518,0,0,0,0,0,23.3650099436442,0,10.5535764694214,0,24.0393810272217,0,26.8904447555542,0,65.2940260943245,80.9477676391602,49.5318555767033,0,17.8278123074108,0,0,0,0,0,0,0,3.38850079200886,0,3.78567020741164,0,0,0,0,0,0,0,8.97330660820007,69.5202166239421,0,69.7435993618435,30.5102077500526,0,36.5684719085693,0,39.8304745307335,0,44.8940079893385,0,0,0,0,0,0,0,6.60909214621992,0,27.3281783364036,0,29.0680807553805,0,0,19.481763528926,0,0,0,0,0,0,0,27.8109350999196,0,0,0,0,0,0,131.442993164062,52.6748090344806,0,14.9592197109014,38.7133951364337,72.4599250793457,12.6752536393122,70.9065246582031,21.5324758684015
0,0,0,0,0,0,0,0,0,0,0,0,0,0,0,0,0,0,0,0,0,0,0,0,0,0,0,0,0,0,0,3.44458698255292,4.28786916732788,0,5.65748119354248,3.34651279449463,0,0,0,0,18.1760590076447,0,0,0,0,0,0,5.88485921260922,9.98825450738271,0,0,0,0,0,0,0,0,0,0,0,0,0,0,0,0,0,0,0,0,0,0,0,0,0,0,0,5.15867226464408,0,2.75183320045471,0,0,0,3.17662560939789,0,0,0,0
0,0,0,0,0,0,0,0,0,0,0,0,0,0,0,0,0,0,0,0,0,0,0,0,0,0,0,0,0,0,0,0,2.91803007637894,0,0,0,2.74726819992065,0,0,0,0,0,0,0,0,0,0,4.7186646660169,0,0,0,0,0,0,0,0,0,0,0,0,0,0,0,0,0,0,0,0,0,0,0,0,0,0,0,0,0,0,0,4.23929125478823,0,0,0,0,0,0,0
0,0,0,0,0,0,0,0,0,0,0,0,0,0,0,0,0,0,0,0,0,0,0,0,0,0,0,0,0,0,0,8.51082800361267,10.0494532982508,4.59328707160787,7.33289362563462,4.05171291611411,0,3.41798736920228,0,0,0,0,0,0,0,0,0,11.0712265014648,0,0,0,0,0,0,0,0,0,0,0,0,0,0,0,0,0,0,0,0,0,0,0,0,0,0,5.15867226464408,0,0,12.5498025417328,3.15397768729442,0,6.50718267331987,0,3.62451298922709,0,0,0,0
0,0,0,0,0,0,0,0,0,0,0,0,0,0,0,0,0,0,0,0,0,0,0,0,0,0,0,0,0,0,0,0,0,7.58489967333643,4.02325273060473,0,3.25515401363373,0,10.4042919332331,0,0,0,0,0,0,0,0,3.66966506456717,0,0,0,0,0,0,0,0,0,0,0,0,0,0,0,0,0,0,0,0,0,0,0,0,0,0,0,0,12.5498025417328,0,0,4.19538888931274,0,7.17680938380291,3.95678374400506,4.42514467526631,0,0,0
0,0,0,70.2513656616211,0,77.9601402282715,0,0,0,0,0,0,0,0,0,109.265510559082,91.0086576500718,68.6109086117502,49.2236989222732,10.7008556938171,0,0,0,0,0,0,0,0,0,0,0,3.34881122907003,0,6.11747002601624,0,5.60542845998061,8.17755795086131,6.98190686679321,0,14.6594405368964,0,29.4582941870026,86.3198302875866,30.2556083202362,0,22.8675953333022,80.2948579788208,6.47797570909773,37.165355682373,36.0198207855225,0,0,0,0,0,0,0,51.6005042394002,0,0,0,0,12.79130842592,98.4928754170736,0,0,0,0,0,0,0,0,53.8704566955566,131.442993164062,2.75183320045471,0,3.15397768729442,0,0,101.066429985894,9.09409086359175,116.045978001186,56.8088496387689,76.5540649189669,19.1056662517413,27.9804086076452,82.5664863586426
37.4703464508057,0,43.1471039908273,0,0,0,0,0,0,0,28.6313326358795,0,0,0,0,0,75.0786609926085,72.6066941512258,50.4746604180727,0,10.7648484840571,0,0,0,0,0,0,0,0,0,0,0,0,0,0,0,4.7978744446347,0,35.605284665082,93.6204621164422,8.82572119385496,74.8147470034086,22.6463232529668,0,34.1422820663452,62.8226757049561,26.1272456635282,8.06451617876689,10.2906803503928,0,0,0,0,0,0,0,25.5019378662109,0,0,0,0,0,0,24.4889409174937,0,0,0,0,0,0,0,75.921028137207,0,52.6748090344806,0,4.23929125478823,0,4.19538888931274,101.066429985894,0,119.555557250977,9.50426359083745,48.0933539764249,61.7895533532807,28.8691595995662,0,23.9307093687868
0,0,0,72.6757303873698,0,0,0,0,0,8.44988632202148,0,2.9654746055603,0,0,0,0,77.4518712361654,62.6493801214756,41.0250125541506,0,0,8.46285417805547,0,5.53233546727554,0,0,0,2.99430615561349,0,0,0,0,0,4.29091068724511,0,5.193782369657,0,6.2979629837201,4.41644496917725,36.3040324396162,0,36.086633100348,64.184575398763,27.9085540771484,0,16.7694042534919,0,0,79.9119873046875,7.56606007691702,0,0,0,0,0,9.8789025768176,0,73.1508178710938,0,0,0,0,6.68807950082994,0,12.7205215844241,0,6.60768965872522,0,9.25937711927626,0,13.0509519381401,0,5.40498420686433,0,0,0,6.50718267331987,0,9.09409086359175,119.555557250977,0,101.518829345703,32.9981580502682,72.2626182011196,11.7709903596974,23.1296171542035,93.8156700134277
24.4596144104004,0,34.203405380249,0,0,0,0,0,15.5040325287285,0,12.0243564141102,0,29.4417162704468,0,30.1240136181867,0,69.8205623626709,76.4192413330078,53.952561675948,0,12.6527068696155,0,8.22718427527522,0,14.0980880872338,0,0,0,0,0,0,0,0,13.8567161560059,4.21205448923689,0,7.31467237049027,12.1311259269714,6.24387589695508,104.439834594727,4.67242189816066,78.6065599778119,32.1491440719612,0,42.4043606758118,77.2463404337565,31.0142727691087,10.4430910348892,7.3815649156648,0,0,0,0,0,14.4597090200248,0,0,95.2991485595703,30.1740732192993,0,28.6834474889244,0,0,20.0829252171516,0,10.4474752244696,0,14.3637361594609,0,15.5659052530924,0,12.244688949585,0,14.9592197109014,0,0,0,7.17680938380291,116.045978001186,9.50426359083745,101.518829345703,0,24.5931811806474,11.4638347707144,29.3411211790241,99.6994425455729,28.1457348088272
20.5832539195314,7.51885515696382,14.3035715263943,24.2696485904199,0,11.0638028193137,0,0,12.412612746538,8.66945181322591,18.4795441329479,4.30215168090616,29.3454296204352,5.24327386885273,8.53196523037363,10.3174025978361,13.9808478050134,17.0287519827927,15.4592005359187,7.01883605737167,3.75460270445615,3.27207129773959,3.96072395803025,22.7513109842936,9.72289540409263,54.5991268157959,4.25339487195015,3.94153733650843,0,0,41.4669647216797,3.32147270441055,2.84952012697856,4.05368591965154,5.5813484137862,9.18529589653015,4.77046194684611,5.64715842288929,13.0189435276012,52.8454719878265,64.5568237304688,21.3773117872701,18.9820987049717,22.1763677597046,22.8506719211362,22.7044782510774,47.4505875171232,6.99443614210712,23.5956518036437,27.3383860995422,0,0,0,0,21.0351411321737,9.53375740051269,31.6096157709757,36.4625940414575,28.4555694879923,0,26.9708814336293,0,22.802224993433,55.0290852220686,6.07990879171035,4.69772210978625,0,26.5427969840816,0,20.4382635294962,16.5976610183716,24.493861538036,35.084363547849,38.7133951364337,3.17662560939789,0,3.62451298922709,3.95678374400506,56.8088496387689,48.0933539764249,32.9981580502682,24.5931811806474,0,8.62702297953378,27.4418114116193,36.2115090921813,35.6220341862904
