0,0.218215495347977,0.155566871166229,0.204672589898109,0,0,0,0,0.159285392411934,0,0,0,0,0,0.157447195053101,0,0,0,0.229524247348309,0,0,0,0,0,0,0,0,0,0,0,0,0,0,0.288055492565036,0,0,0,0.298301244775454,0,0,0.314494624733925,0.187781296670437,0.350266622478555,0,0,0,0,0.264263892403016,0.163219119909973,0,0.145444065332413,0,0,0,0.146505857608756,0,0.286209383606911,0,0.182600494474173,0,0.164062805473804,0,0,0,0,0,0,0,0,0,0,0,0,0.269205471873283,0,0,0,0,0,0.319128334522247,0,0.405342390139898,0.22270163060469,0.193966336548328,0.294393619448716,0,0
0.218215495347977,0,0,0.193691218892733,0,0,0,0,0,0.198450516164303,0,0,0,0,0,0.152670710480639,0,0,0.201784221662415,0,0,0,0,0,0,0,0,0,0,0,0,0,0,0,0,0,0,0.26989465136573,0,0.29039141535759,0,0.325098234985099,0,0,0,0.296804308891296,0,0,0,0.301175055268047,0,0,0,0,0,0.143269770186056,0,0.274684077852678,0,0.291336119174957,0,0.159796040843834,0,0,0,0,0,0,0,0,0.276121966540813,0,0.287338299719432,0,0,0,0,0,0.29608049839735,0,0.321129848880153,0,0.229696661920729,0.200678011775017,0.310611249837763,0.254736334085464,0
0.155566871166229,0,0,0,0.154188260844309,0,0,0,0.174584558268763,0,0,0,0,0,0.167046397924423,0,0,0,0.245472798744837,0,0,0,0,0,0,0,0,0,0,0,0,0,0,0.277731418609619,0,0,0.296960651874542,0.285263299942017,0.242897421121597,0,0.317425861954689,0.246673122048378,0.272675966998194,0,0,0,0,0.266488795479139,0.161189984767995,0.204289935529232,0.193765069140452,0,0,0,0.194453197796094,0,0.266254163483386,0,0.237283080784154,0,0.198341554601987,0,0,0,0,0,0,0,0,0,0,0,0,0.286587856515594,0,0,0,0,0,0.215466976165771,0,0.303388984004656,0.232720871155079,0.193917319178581,0.259464141442662,0,0
0.204672589898109,0.193691218892733,0,0,0,0.183964967230956,0,0,0,0.19666892547499,0,0.182472562088686,0,0,0,0,0,0,0,0,0,0,0,0,0,0,0,0,0,0,0,0,0,0,0,0,0,0.221302496890227,0,0.248017102479935,0,0.225457332332929,0,0,0,0,0,0,0,0.26139359311624,0,0.179062765091658,0,0,0,0.207851752486764,0,0.197564572815237,0,0.194585286263834,0,0.192012210662772,0,0,0,0,0,0,0,0,0.265856444835663,0,0.2826265756573,0,0,0,0,0,0.26149741311868,0,0.317213631338543,0,0.182376173328986,0.169766264438629,0.228915237579025,0,0
0,0,0.154188260844309,0,0,0,0.232944846153259,0,0.155815514922142,0,0,0,0.147710414869445,0,0,0,0,0,0,0,0.167794449130694,0,0,0,0,0,0,0,0,0,0,0,0,0,0,0,0.190627723932266,0,0,0,0,0,0.212574321776628,0,0,0,0,0,0.165799103104151,0,0.175013552310496,0,0,0,0.16153459623456,0,0.2253990650177,0,0.13902054782267,0,0.174816387204024,0,0,0.169789737462997,0,0,0,0,0,0,0,0,0,0,0,0,0,0,0,0.191793709993362,0,0,0.190381543326703,0.182863810658455,0.185178612000667,0,0
0,0,0,0.183964967230956,0,0,0,0,0,0.196258441192433,0,0,0,0.13625256717205,0,0.162547231912613,0,0,0,0.179958581924438,0,0,0,0,0,0,0,0,0,0,0,0,0,0,0,0.158248692750931,0,0,0,0,0,0.233903512358665,0,0,0,0,0,0,0,0,0,0.182738387158939,0,0,0,0.165048972600036,0,0.203290738024802,0,0.211097654700279,0,0.166090630739927,0,0,0,0,0.208718046545982,0,0,0,0,0,0.242683517436186,0,0,0,0,0,0,0,0,0,0.180090433182685,0.148961640178011,0.180714410129521,0,0
0,0,0,0,0.232944846153259,0,0,0,0,0,0,0,0.147091529199055,0,0,0,0,0,0,0,0,0,0,0,0,0,0,0,0,0,0,0,0,0,0,0,0,0,0,0,0,0,0,0,0,0,0,0,0,0,0.168727849299709,0,0.193992932333792,0,0,0,0.216938710681678,0,0.164075527059776,0,0,0,0,0,0,0,0,0,0,0,0,0,0,0,0,0,0,0,0,0,0,0,0.151717275070647,0,0,0,0
0,0,0,0,0,0,0,0,0,0,0,0,0,0,0,0,0,0,0,0,0,0,0,0,0,0,0,0,0,0,0,0,0,0,0,0,0,0,0,0,0,0,0,0,0,0,0,0,0,0,0,0.167173674821854,0,0.177045579931122,0,0,0,0.206020784165178,0,0.142847356200218,0,0,0,0,0,0,0,0,0,0,0,0,0,0,0,0,0,0,0,0,0,0,0.191716873645782,0.186724361209642,0,0,0
0.159285392411934,0,0.174584558268763,0,0.155815514922142,0,0,0,0,0,0,0,0,0,0.142132914950693,0,0,0,0.180659639835358,0,0.177617534995079,0,0,0,0.176052749156952,0,0,0,0,0,0,0,0,0,0,0,0,0.253470331430435,0.179597731517709,0,0,0,0.221987141352711,0,0,0,0,0,0.161500651979707,0,0.185000970959663,0,0,0,0.196529678321092,0,0.237762857760702,0,0.218715332448483,0,0.170901274724918,0,0,0.218073472380638,0,0,0,0.201741444454952,0,0.173145189881325,0,0,0,0.239926166004605,0,0,0,0,0,0,0,0.193113809927951,0.166180446304835,0.148719171682994,0.191871897034023,0,0
0,0.198450516164303,0,0.19666892547499,0,0.196258441192433,0,0,0,0,0,0,0,0,0,0.186250667817452,0,0,0.243335641920567,0,0,0,0,0.203704238747773,0,0,0,0,0,0,0,0,0,0,0,0,0,0.203748474518458,0,0,0,0.220416450294955,0.254208445549011,0,0,0,0,0,0,0.179997328449698,0,0.188010893206098,0,0,0,0.23723493900651,0,0.215371975638219,0,0.212146938509411,0,0.170369337944464,0,0,0,0,0.231560037496256,0,0,0,0.285351887345314,0,0.283846870064735,0,0,0,0,0,0.245792105793953,0.283575356006622,0.220440609183738,0,0.164331277341288,0.192243201263023,0.225577188448774,0.218665540218353,0
0,0,0,0,0,0,0,0,0,0,0,0,0.146260037676979,0,0,0,0,0,0,0,0.150275546018364,0,0,0,0,0,0,0,0,0,0.140358954175445,0,0,0,0,0,0.143491156170001,0,0.165938171966914,0,0,0,0,0,0,0,0,0,0,0,0,0,0,0,0,0,0.177524435196712,0,0.155937665275165,0,0,0,0,0.12910009175539,0,0,0,0,0,0,0,0.177709928817219,0,0.20510786247708,0,0,0,0,0,0.166853293776512,0,0.159366343633173,0.165815864603415,0,0,0,0
0,0,0,0.182472562088686,0,0,0,0,0,0,0,0,0,0.161359666891823,0,0,0,0,0,0.124476150842384,0,0,0,0,0,0,0,0.133285608887672,0,0.215557464550842,0,0,0,0,0,0.176297903060913,0,0.14495663653644,0,0,0,0,0,0,0,0,0,0,0,0,0,0,0,0,0,0,0,0.196346843725188,0,0.131516561939799,0,0,0,0,0,0,0,0,0,0,0.124316629882042,0,0.215256104006515,0,0,0,0,0,0,0,0.162593260407448,0,0.163389951788953,0,0.166266780633193,0,0
0,0,0,0,0.147710414869445,0,0.147091529199055,0,0,0,0.146260037676979,0,0,0,0.204438414207842,0,0,0,0,0,0,0,0,0,0,0,0,0,0.146996289491653,0,0,0,0,0,0,0,0,0,0,0,0,0,0,0,0,0,0,0,0,0,0,0,0,0,0,0,0.141138270497322,0,0.175943378457981,0,0.450526505708694,0,0,0,0,0,0,0,0,0,0,0,0,0,0,0,0,0,0,0,0,0,0.202474661444019,0.366415963113845,0,0,0
0,0,0,0,0,0.13625256717205,0,0,0,0,0,0.161359666891823,0,0,0,0.139554892200977,0,0,0,0,0,0,0,0,0,0,0,0.149336592147225,0,0.152287472784519,0,0,0,0,0,0,0,0,0,0,0,0,0,0,0,0,0,0,0,0,0,0,0,0,0,0,0,0.17546486045633,0,0.153056334954516,0,0.138728041946888,0,0,0,0,0,0,0,0,0.179649456020664,0,0.149916545911269,0,0,0,0,0,0,0,0,0,0.167482898837358,0.17260820822656,0,0,0
0.157447195053101,0,0.167046397924423,0,0,0,0,0,0.142132914950693,0,0,0,0.204438414207842,0,0,0,0,0,0,0,0,0,0,0,0,0,0,0,0,0,0,0,0,0,0,0,0,0,0,0,0,0,0.26635867357254,0,0,0,0,0,0.170196734941923,0,0.143575323124727,0,0,0,0.170671378572782,0,0,0,0.238737076500451,0,0.170057177755004,0,0,0,0,0,0,0,0,0.173237770795822,0,0,0,0,0,0,0,0,0,0,0,0,0.173082840533889,0.258673451840878,0,0,0
0,0.152670710480639,0,0,0,0.162547231912613,0,0,0,0.186250667817452,0,0,0,0.139554892200977,0,0,0,0.149658723175526,0,0,0,0,0,0.160309894119992,0,0.166838973760605,0,0,0,0,0,0,0,0,0,0,0,0,0,0,0,0.316070109605789,0,0,0,0,0,0,0,0.162532031536102,0,0.173939298700403,0,0,0,0.224036005636056,0,0.225508525967598,0,0.130971981546818,0,0.176468169029127,0,0,0,0,0,0,0,0,0,0,0,0,0,0,0,0,0,0,0,0,0.163161703947488,0.173887611016995,0.277736852566401,0,0
0,0,0,0,0,0,0,0,0,0,0,0,0,0,0,0,0,0.161803620622737,0.273159999992454,0,0,0,0.137784632346557,0,0.162968495860696,0,0.117394349093621,0,0,0,0,0,0,0,0,0.287107765674591,0.336167188791128,0,0.40250152349472,0.319658513511381,0.310851201778505,0.246287028044462,0.239069598157014,0,0,0.277105198782167,0.285083751546012,0,0.392769211530685,0,0,0,0,0,0,0,0.322278031125301,0,0,0,0,0,0.281192675232887,0.299775218963623,0,0.125658541183237,0,0,0,0,0,0,0.314088252457705,0.337563947039215,0,0,0,0,0.325788319784792,0.328307695736159,0.349137046880889,0.36283982584351,0.192773738157902,0.14670743657784,0.329334462095391,0.23728783428669,0.226370901697212
0,0,0,0,0,0,0,0,0,0,0,0,0,0,0,0.149658723175526,0.161803620622737,0,0.276608462010524,0,0,0.114966422996738,0,0.193924579769373,0,0.141117590516044,0,0.155881486833096,0,0,0,0,0,0,0,0.275874435901642,0.320424616336823,0,0,0.313125642185861,0.280448909961816,0.232427199420176,0.261017338434855,0,0,0.273077227473259,0.283695611974289,0,0.311361715197563,0,0,0,0,0,0,0,0.285106254475457,0,0,0,0,0,0.276417851448059,0.320386052131653,0.110432140529156,0,0,0,0,0,0,0,0.310753211379051,0.29322545081377,0,0,0,0,0.306828086516436,0.306977792188179,0.329716099366065,0.316336400368634,0.164819452531637,0.134764517784843,0.307472504965671,0.228145245462656,0.244974941015244
0.229524247348309,0.201784221662415,0.245472798744837,0,0,0,0,0,0.180659639835358,0.243335641920567,0,0,0,0,0,0,0.273159999992454,0.276608462010524,0,0,0.184187114238739,0,0,0,0,0,0,0,0,0,0,0,0,0,0,0.296072368292098,0.307901907435133,0.359376423060894,0.322492092847824,0.305463991813944,0.266199373089729,0.197614166485224,0.183831910338338,0.184994443927122,0,0.260972466561804,0.283060353862501,0,0.288557309587047,0.241626836359501,0,0,0,0,0,0,0.295216071858721,0.274442957980292,0,0,0,0,0.264834965579212,0.273257872722681,0,0,0,0,0,0,0.270041614770889,0,0.29555803920963,0.307701086106538,0,0,0,0,0.315263986797308,0.315283663897591,0.343752404619432,0.345356825367481,0.235270288140788,0.269674599170685,0.294229841317739,0.199844205215321,0.202152850243869
0,0,0,0,0,0.179958581924438,0,0,0,0,0,0.124476150842384,0,0,0,0,0,0,0,0,0,0,0,0,0,0,0,0,0,0,0,0,0,0,0,0.157878074927528,0,0.187558494242174,0,0.223281465470791,0,0,0,0,0,0,0,0,0,0,0,0,0,0,0,0,0,0.166540944400956,0,0,0,0,0.205934940624113,0,0,0,0,0,0,0,0,0,0.251220385615642,0,0,0,0,0,0.192767431206173,0,0.268940609575498,0,0.133907279636286,0,0.259653084323678,0,0
0,0,0,0,0.167794449130694,0,0,0,0.177617534995079,0,0.150275546018364,0,0,0,0,0,0,0,0.184187114238739,0,0,0,0,0,0,0,0,0,0,0,0,0,0,0,0,0,0.154603036236392,0,0.158090432366116,0,0,0,0,0,0,0,0.282277680933475,0,0,0,0.195291362129725,0,0,0,0.201902963221073,0,0.19952656435115,0,0,0,0,0,0,0.178444026238206,0,0,0,0,0,0,0,0,0,0.194154523313046,0,0,0,0,0,0.195603581715603,0,0.237378883820314,0.187059353951994,0.186986771225929,0.191407764671554,0,0
0,0,0,0,0,0,0,0,0,0,0,0,0,0,0,0,0,0.114966422996738,0,0,0,0,0.100914578282937,0.207280568680909,0,0.152820138774555,0,0.13801409901395,0,0,0,0,0,0,0,0,0,0.225241841072871,0,0,0,0,0,0,0,0,0,0,0,0.23788663813046,0,0,0,0,0,0,0,0,0,0,0,0,0,0,0.192703860409554,0,0.206873399908599,0,0.315241002574049,0,0.309200554965965,0,0,0,0,0,0,0,0,0,0.285547492218278,0,0.126659574601048,0.132087034500645,0,0,0
0,0,0,0,0,0,0,0,0,0,0,0,0,0,0,0,0.137784632346557,0,0,0,0,0.100914578282937,0,0,0.16186834505554,0,0.170055768130539,0,0.132003858324982,0,0,0,0,0,0,0,0,0.482859392960866,0.196308259493199,0,0,0,0,0,0,0,0,0.436246606436643,0.212904234405826,0,0,0,0,0,0,0,0,0,0,0,0,0,0,0,0,0.177706901307205,0,0.199513452296907,0,0.13349842180067,0,0.156258104437024,0,0,0,0,0,0,0,0,0,0.239526265638052,0.134761939085189,0.137455164898779,0,0,0
0,0,0,0,0,0,0,0,0,0.203704238747773,0,0,0,0,0,0.160309894119992,0,0.193924579769373,0,0,0,0.207280568680909,0,0,0,0.194184721945677,0,0,0,0,0,0,0,0,0,0,0,0.210319776170784,0,0,0,0,0,0,0,0,0,0,0,0.226246125996113,0,0,0,0,0,0.200111502765219,0,0,0,0,0,0,0,0,0.228622465469371,0,0.190950152499316,0,0.247938475273934,0,0.335968007936197,0,0,0,0,0,0,0,0,0,0.300461960851709,0,0.167583803335826,0,0,0,0
0,0,0,0,0,0,0,0,0.176052749156952,0,0,0,0,0,0,0,0.162968495860696,0,0,0,0,0,0.16186834505554,0,0,0,0.161917056211016,0,0,0,0,0,0,0,0,0,0,0,0.175150262070036,0,0,0,0,0,0,0,0,0.523867964744568,0.188984914058512,0,0,0,0,0,0.212089373833603,0,0,0,0,0,0,0,0,0,0,0.153581129530301,0,0.183659641206738,0,0.161456037499416,0,0,0,0,0,0,0,0,0,0,0,0.246222286003417,0.13313893046644,0.319083780050278,0,0,0
0,0,0,0,0,0,0,0,0,0,0,0,0,0,0,0.166838973760605,0,0.141117590516044,0,0,0,0.152820138774555,0,0.194184721945677,0,0,0,0.179366288165892,0,0,0,0,0,0,0,0,0,0,0,0,0,0,0,0,0,0,0,0,0,0,0,0,0,0,0,0,0,0,0,0,0,0,0,0,0.136582086697735,0,0.268879836973022,0,0.257209694613317,0,0.352164721366056,0,0,0,0,0,0,0,0,0,0.248549809058507,0,0.143308005021775,0,0,0,0
0,0,0,0,0,0,0,0,0,0,0,0,0,0,0,0,0.117394349093621,0,0,0,0,0,0.170055768130539,0,0.161917056211016,0,0,0,0.160172912668675,0,0,0,0,0,0,0,0,0,0,0,0,0,0,0,0,0,0,0,0,0,0,0,0,0,0,0,0,0,0,0,0,0,0,0,0,0.184692983826001,0,0.264178723096848,0,0.150075297705674,0,0.201583487743681,0,0,0,0,0,0,0,0,0,0,0.15339643392298,0,0,0,0
0,0,0,0,0,0,0,0,0,0,0,0.133285608887672,0,0.149336592147225,0,0,0,0.155881486833096,0,0,0,0.13801409901395,0,0,0,0.179366288165892,0,0,0,0.136039903954319,0,0,0,0,0,0,0,0.158069481087082,0,0,0,0,0,0,0,0,0,0,0,0,0,0,0,0,0,0,0,0,0,0.182139501361649,0,0,0,0,0.112305413759672,0,0.373977988958359,0,0.244705821161574,0,0.16142551897998,0,0.155206833347198,0,0,0,0,0,0,0,0.16986581352022,0,0.149959794090892,0.173316265040256,0,0,0
0,0,0,0,0,0,0,0,0,0,0,0,0.146996289491653,0,0,0,0,0,0,0,0,0,0.132003858324982,0,0,0,0.160172912668675,0,0,0,0.157259842297833,0,0,0,0,0,0,0,0.155775315802673,0,0,0,0,0,0,0,0,0,0,0,0,0,0,0,0,0,0,0,0.155183879553147,0,0,0,0,0,0,0.148033778976511,0,0,0,0.188969216708626,0,0.17082736604898,0,0.156660528232654,0,0,0,0,0,0,0,0.158507592802824,0.1506434332194,0.169925906591945,0,0,0
0,0,0,0,0,0,0,0,0,0,0,0.215557464550842,0,0.152287472784519,0,0,0,0,0,0,0,0,0,0,0,0,0,0.136039903954319,0,0,0,0,0,0,0,0,0,0.156100591114073,0,0,0,0,0,0,0,0,0,0,0,0,0,0,0,0,0,0,0,0.253831990714212,0,0,0,0,0,0,0,0,0,0,0,0,0.146897557222595,0,0.203342843532562,0,0,0,0,0,0,0,0.196930339921321,0,0.140268893114158,0,0,0,0
0,0,0,0,0,0,0,0,0,0,0.140358954175445,0,0,0,0,0,0,0,0,0,0,0,0,0,0,0,0,0,0.157259842297833,0,0,0,0,0,0,0,0,0,0.164139960410324,0,0,0,0,0,0,0,0,0,0,0,0,0,0,0,0,0,0.164189759732196,0,0,0,0,0,0,0,0,0,0,0,0,0,0,0.187406153835323,0,0.181411187708525,0,0,0,0,0,0,0,0.153204406170469,0.151300848126411,0.129304349422455,0.252064168453217,0,0
0,0,0,0,0,0,0,0,0,0,0,0,0,0,0,0,0,0,0,0,0,0,0,0,0,0,0,0,0,0,0,0,0.158298765352604,0.290702083772596,0.152019828557968,0.156558241256896,0.156420215964317,0,0,0,0,0,0,0,0,0,0,0.264222603314703,0,0,0,0,0,0,0,0,0,0,0,0,0,0,0,0,0,0,0,0,0,0,0,0,0,0,0.18563713567604,0.156959580505888,0.297978971153498,0,0.19538158290183,0.168489453196526,0,0,0.169908245673051,0,0,0,0
0,0,0,0,0,0,0,0,0,0,0,0,0,0,0,0,0,0,0,0,0,0,0,0,0,0,0,0,0,0,0,0.158298765352604,0,0,0.161837028045403,0.14006720860114,0.20163189511012,0,0,0,0.230084855641638,0,0,0,0,0,0,0.298294473761712,0,0,0,0,0,0,0,0,0,0,0,0,0,0,0,0,0,0,0,0,0,0,0,0,0,0,0.168455571400207,0.189716252795736,0.160052134534892,0.181489910222282,0,0.44962495745256,0,0,0.161154023223165,0,0,0,0
0.288055492565036,0,0.277731418609619,0,0,0,0,0,0,0,0,0,0,0,0,0,0,0,0,0,0,0,0,0,0,0,0,0,0,0,0,0.290702083772596,0,0,0.17677369608327,0.171699724966238,0,0.3996249676189,0.326512711467566,0,0,0.412738502025604,0.272134770949682,0,0,0,0,0.516619138727503,0.4466537758708,0,0,0,0,0,0.285163760185242,0,0,0,0,0,0,0,0,0,0,0,0,0,0,0,0,0,0,0,0.29830231782574,0,0.188067389480775,0.16160266828353,0.184349782238103,0,0.165097825852523,0.306364227896151,0.289608636038963,0.161549680999347,0.383324295282364,0,0
0,0,0,0,0,0,0,0,0,0,0,0,0,0,0,0,0,0,0,0,0,0,0,0,0,0,0,0,0,0,0,0.152019828557968,0.161837028045403,0.17677369608327,0,0,0.172420323441882,0.320704892277718,0.484798038038459,0,0,0,0,0,0,0,0,0.347032305175959,0.464793242159344,0.360950976610184,0,0,0,0,0,0,0,0,0,0,0,0,0,0,0,0,0,0,0,0,0,0,0,0,0.169142977187508,0,0.158524875435256,0.206857618056291,0,0.217833959080022,0,0.242112226805456,0.208471391527426,0,0,0,0
0,0,0,0,0,0.158248692750931,0,0,0,0,0,0.176297903060913,0,0,0,0,0.287107765674591,0.275874435901642,0.296072368292098,0.157878074927528,0,0,0,0,0,0,0,0,0,0,0,0.156558241256896,0.14006720860114,0.171699724966238,0,0,0.132700856448895,0.148204138644747,0.101269596345621,0.250832922364536,0,0.273090935729701,0,0,0,0.280419219670625,0,0.477855919983732,0,0.27027225016423,0,0,0,0,0,0,0,0.145364165306091,0,0,0,0,0.166889183146239,0,0,0,0,0,0,0,0,0,0.271458119153976,0,0.156617024034824,0.196460768580437,0.160588103745665,0,0.195329976632692,0.159902283610418,0.217040296124348,0,0.147904950099636,0.149956068581279,0.218023794747534,0.289975946303457,0
0,0,0.296960651874542,0,0.190627723932266,0,0,0,0,0,0.143491156170001,0,0,0,0,0,0.336167188791128,0.320424616336823,0.307901907435133,0,0.154603036236392,0,0,0,0,0,0,0,0,0,0,0.156420215964317,0.20163189511012,0,0.172420323441882,0.132700856448895,0,0.12038576155901,0.147340247016408,0,0.280116505622864,0.29352268576622,0.273197424065854,0,0,0.364569127559662,0.28631045978491,0.502478416013943,0.291453398764133,0,0.192758023738861,0,0,0,0,0,0.162971079036359,0,0,0,0,0,0,0.179831449466494,0,0,0,0,0,0,0,0,0,0.280259273946285,0,0.181769122998429,0,0.182813736778151,0.142079991632485,0.207116844248789,0,0.196866481284785,0.161779520928818,0.174195839468427,0.236356079097717,0,0.28184016123414
0.298301244775454,0.26989465136573,0.285263299942017,0.221302496890227,0,0,0,0,0.253470331430435,0.203748474518458,0,0.14495663653644,0,0,0,0,0,0,0.359376423060894,0.187558494242174,0,0.225241841072871,0.482859392960866,0.210319776170784,0,0,0,0.158069481087082,0,0.156100591114073,0,0,0,0.3996249676189,0.320704892277718,0.148204138644747,0.12038576155901,0,0.410367461038636,0,0,0.213285565376282,0.310080116445368,0,0,0.25899207757579,0,0.644974745694048,0.476489354002065,0.238601718237375,0.227375119924545,0,0,0,0.250242531299591,0.190675101622387,0,0.139896912199836,0,0,0,0.235557958483696,0.241771484759167,0,0.253518002415786,0.454745930433273,0.25132090684313,0.404420053958893,0,0,0.264856831754668,0,0.14580789023796,0,0,0,0.197050967150264,0.175983044008414,0.193221816060937,0,0.204520577745728,0.352823942676187,0.323157350381039,0.309252636687409,0.37868775415363,0,0
0,0,0.242897421121597,0,0,0,0,0,0.179597731517709,0,0.165938171966914,0,0,0,0,0,0.40250152349472,0,0.322492092847824,0,0.158090432366116,0,0.196308259493199,0,0.175150262070036,0,0,0,0.155775315802673,0,0.164139960410324,0,0,0.326512711467566,0.484798038038459,0.101269596345621,0.147340247016408,0.410367461038636,0,0,0,0,0.2824996560812,0,0,0,0.300127833372071,0.617488776841874,0.375330819899419,0,0.235365629196167,0,0,0,0.191149920347284,0,0.171223384251025,0,0,0,0,0,0,0.230298237072097,0,0.231987966749913,0,0.224083124764703,0,0.282761514186859,0,0.157453213225711,0,0.174689644648705,0,0,0,0.169419039289157,0,0.196447703947484,0.151907682418823,0.201743762619671,0.31489390536286,0.296668242048291,0.273429751206355,0,0
0,0.29039141535759,0,0.248017102479935,0,0,0,0,0,0,0,0,0,0,0,0,0.319658513511381,0.313125642185861,0.305463991813944,0.223281465470791,0,0,0,0,0,0,0,0,0,0,0,0,0,0,0,0.250832922364536,0,0,0,0,0.303139075636864,0.245764371528009,0,0.299706246046459,0,0.257807426070899,0,0.506904735290717,0,0.415061314872741,0,0,0,0,0,0,0.350073933601379,0.253415549030671,0,0,0,0,0.225708814710379,0,0,0,0,0,0,0,0.247351631522179,0,0.243377650777499,0.338339428106944,0,0,0,0,0.224729018653136,0.354490809970432,0.271344225853682,0.361989136253084,0.275387427761211,0.192791372537613,0.259926144296942,0.247913839927626,0
0.314494624733925,0,0.317425861954689,0,0,0,0,0,0,0,0,0,0,0,0,0,0.310851201778505,0.280448909961816,0.266199373089729,0,0,0,0,0,0,0,0,0,0,0,0,0,0.230084855641638,0,0,0,0.280116505622864,0,0,0.303139075636864,0,0.257279925048351,0.267505500351441,0,0,0.298605028539896,0.329102649630324,0.315539830444355,0.29870376428224,0.459043095189415,0,0,0,0,0,0,0.259832018613815,0,0,0,0,0,0.300139650702477,0.231113104439592,0,0,0,0,0,0,0,0,0.323669835925102,0.292077027938583,0,0.273869271511617,0,0,0.3368188329041,0.228151717307038,0.314417712390423,0.31408844703866,0.258347322115835,0,0.266438629272504,0,0.236397411123566
0.187781296670437,0.325098234985099,0.246673122048378,0.225457332332929,0,0.233903512358665,0,0,0,0.220416450294955,0,0,0,0,0,0.316070109605789,0.246287028044462,0.232427199420176,0.197614166485224,0,0,0,0,0,0,0,0,0,0,0,0,0,0,0.412738502025604,0,0.273090935729701,0.29352268576622,0.213285565376282,0,0.245764371528009,0.257279925048351,0,0.240595152464236,0.201575695075721,0.23023815266788,0.280551113252312,0.257620920737584,0.355303530783757,0.3032546043396,0.341298953221555,0,0,0,0,0,0.232567795448833,0.258035123348236,0.293427436602035,0,0,0,0.268116190098226,0.262050119682132,0,0,0,0,0,0,0,0.295669919481644,0,0.272135502919949,0.277631115913391,0,0,0,0,0.287745005197931,0.287729187558095,0.331285449676216,0.333703432764326,0.247971412502288,0.238670086996122,0.262378698231372,0.204117104845742,0
0.350266622478555,0,0.272675966998194,0,0.212574321776628,0,0,0,0.221987141352711,0.254208445549011,0,0,0,0,0.26635867357254,0,0.239069598157014,0.261017338434855,0.183831910338338,0,0,0,0,0,0,0,0,0,0,0,0,0,0,0.272134770949682,0,0,0.273197424065854,0.310080116445368,0.2824996560812,0,0.267505500351441,0.240595152464236,0,0,0.179520435587705,0.242418337613344,0.294074123057818,0.359138585999608,0.334222689978389,0.309191089868546,0.235828003367862,0,0,0,0.224609960631658,0,0.29383676119834,0,0.255643320083618,0,0.243979286598532,0,0.262737452983856,0.25011023795101,0,0,0,0,0,0,0,0,0.308529004454613,0.268709425907821,0,0,0,0,0.289092391729355,0.273364882192844,0.338182032108307,0.299081512541936,0.280469818377752,0.253261052072048,0.279340099001316,0,0.215193374871134
0,0,0,0,0,0,0,0,0,0,0,0,0,0,0,0,0,0,0.184994443927122,0,0,0,0,0,0,0,0,0,0,0,0,0,0,0,0,0,0,0,0,0.299706246046459,0,0.201575695075721,0,0,0,0.321962884787855,0,0,0,0,0,0,0,0,0,0,0,0,0,0,0,0,0,0,0,0,0,0,0,0,0,0,0.255445381005605,0,0,0,0,0,0.322241933987691,0,0.285863238573074,0,0.190722729478564,0,0.286210668475732,0.19101350903511,0
0,0,0,0,0,0,0,0,0,0,0,0,0,0,0,0,0,0,0,0,0,0,0,0,0,0,0,0,0,0,0,0,0,0,0,0,0,0,0,0,0,0.23023815266788,0.179520435587705,0,0,0,0,0,0.280972510576248,0,0,0,0,0,0,0,0,0,0,0,0,0,0,0,0,0,0,0,0,0,0,0,0,0,0,0,0,0,0,0,0,0,0.204034375196153,0,0.209878005087376,0,0
0,0.296804308891296,0,0,0,0,0,0,0,0,0,0,0,0,0,0,0.277105198782167,0.273077227473259,0.260972466561804,0,0,0,0,0,0,0,0,0,0,0,0,0,0,0,0,0.280419219670625,0.364569127559662,0.25899207757579,0,0.257807426070899,0.298605028539896,0.280551113252312,0.242418337613344,0.321962884787855,0,0,0.291527147094409,0,0.259470909833908,0.217747569084167,0,0,0,0,0,0,0.299232934912046,0.25311679372357,0,0,0,0,0.249068964333765,0,0,0,0,0,0,0,0.25686613842845,0,0.259617887577921,0.296297526359558,0,0,0,0,0.261802563335708,0.307798929836439,0.308576009149174,0.330514867603779,0.256080169354054,0.153033033013344,0.302277684515347,0.221208979101742,0
0,0,0,0,0,0,0,0,0,0,0,0,0,0,0,0,0.285083751546012,0.283695611974289,0.283060353862501,0,0.282277680933475,0,0,0,0,0,0,0,0,0,0,0,0,0,0,0,0.28631045978491,0,0.300127833372071,0,0.329102649630324,0.257620920737584,0.294074123057818,0,0,0.291527147094409,0,0.377377897500992,0.319598446289698,0.245328009128571,0,0,0,0,0,0,0.258684451057881,0,0,0,0,0,0,0.259625170517851,0,0,0,0,0,0,0,0,0,0.270442807313168,0,0,0,0,0.306755676865578,0.269580357977265,0.37951722741127,0.333143591590106,0.251891235421012,0.166877400989716,0.299884499176751,0.242824211716652,0.262906779845556
0.264263892403016,0,0.266488795479139,0,0,0,0,0,0,0,0,0,0,0,0,0,0,0,0,0,0,0,0.436246606436643,0,0.523867964744568,0,0,0,0,0,0,0.264222603314703,0.298294473761712,0.516619138727503,0.347032305175959,0.477855919983732,0.502478416013943,0.644974745694048,0.617488776841874,0.506904735290717,0.315539830444355,0.355303530783757,0.359138585999608,0,0,0,0.377377897500992,0,0.510999799952474,0.474735655004524,0,0,0,0,0.1946160197258,0,0.291540056467056,0,0,0,0.243730217218399,0,0,0,0,0.441897168755531,0,0.437763199210167,0,0,0,0,0,0,0.207638060840318,0.250112201633994,0.272480031169617,0.224241094625726,0.367956137408044,0.376768214351685,0.318644249116539,0.65974563214514,0.4345603336177,0.287676806747913,0.416029060376585,0.466175317764282,0
0.163219119909973,0,0.161189984767995,0,0.165799103104151,0,0,0,0.161500651979707,0,0,0,0,0,0.170196734941923,0,0.392769211530685,0.311361715197563,0.288557309587047,0,0,0,0.212904234405826,0,0.188984914058512,0,0,0,0,0,0,0,0,0.4466537758708,0.464793242159344,0,0.291453398764133,0.476489354002065,0.375330819899419,0,0.29870376428224,0.3032546043396,0.334222689978389,0,0.280972510576248,0.259470909833908,0.319598446289698,0.510999799952474,0,0.490896664198735,0.194437643343752,0,0,0,0.172977350652218,0,0.309044450669739,0,0.234590892438535,0,0.193477573494116,0,0,0,0,0.217609898481942,0,0.236476915201755,0,0.299197971820831,0,0.251543235271535,0,0.329660424659419,0,0,0,0.290660766994252,0,0.232131123725622,0.517301023006439,0.347425469644088,0.419189565778084,0.381100691854954,0.345901620380182,0,0.38660734295845
0,0.301175055268047,0.204289935529232,0.26139359311624,0,0,0,0,0,0.179997328449698,0,0,0,0,0,0.162532031536102,0,0,0.241626836359501,0,0,0.23788663813046,0,0.226246125996113,0,0,0,0,0,0,0,0,0,0,0.360950976610184,0.27027225016423,0,0.238601718237375,0,0.415061314872741,0.459043095189415,0.341298953221555,0.309191089868546,0,0,0.217747569084167,0.245328009128571,0.474735655004524,0.490896664198735,0,0.192855894565582,0.157241709530354,0,0,0,0.187657356262207,0,0.306581084616482,0,0.312498513123263,0.230713412165642,0.227770264291135,0.289635241031647,0.234521418809891,0.247711525710356,0,0.268570830515765,0,0.30137014100949,0,0.338911613791573,0,0.31167226150218,0.277493476867676,0,0,0,0,0.307616912950704,0.202477340187345,0.294820134863257,0,0.400227371116747,0.26104225276732,0.327968129611048,0.403179786034993,0
0.145444065332413,0,0.193765069140452,0,0.175013552310496,0,0.168727849299709,0,0.185000970959663,0,0,0,0,0,0.143575323124727,0,0,0,0,0,0.195291362129725,0,0,0,0,0,0,0,0,0,0,0,0,0,0,0,0.192758023738861,0.227375119924545,0.235365629196167,0,0,0,0.235828003367862,0,0,0,0,0,0.194437643343752,0.192855894565582,0,0,0.184574993593352,0,0.224398585229084,0,0.254259003453295,0,0.208314564402245,0,0.170874637731335,0,0,0.231726157334116,0,0,0,0,0,0,0,0,0,0.248338097775424,0,0,0,0,0,0.198735243082047,0,0.280487090349197,0.19043951878945,0,0.238095122630949,0,0
0,0,0,0.179062765091658,0,0.182738387158939,0,0.167173674821854,0,0.188010893206098,0,0,0,0,0,0.173939298700403,0,0,0,0,0,0,0,0,0,0,0,0,0,0,0,0,0,0,0,0,0,0,0,0,0,0,0,0,0,0,0,0,0,0.157241709530354,0,0,0,0.203318226520183,0,0.1710810354352,0,0.201760730553757,0,0.246819351269649,0,0.168105612695217,0,0,0,0,0.223479270935059,0,0,0,0,0,0,0,0,0,0,0,0,0,0,0,0.166923059214806,0.134300604462624,0.247323715686798,0,0
0,0,0,0,0,0,0.193992932333792,0,0,0,0,0,0,0,0,0,0,0,0,0,0,0,0,0,0,0,0,0,0,0,0,0,0,0,0,0,0,0,0,0,0,0,0,0,0,0,0,0,0,0,0.184574993593352,0,0,0,0,0,0.223770107808457,0,0.243468641358263,0,0,0,0,0,0,0,0,0,0,0,0,0,0,0,0,0,0,0,0,0,0,0,0.156091213226318,0,0,0,0
0,0,0,0,0,0,0,0.177045579931122,0,0,0,0,0,0,0,0,0,0,0,0,0,0,0,0,0,0,0,0,0,0,0,0,0,0,0,0,0,0,0,0,0,0,0,0,0,0,0,0,0,0,0,0.203318226520183,0,0,0,0,0,0.190966294170954,0,0.113304997980595,0,0,0,0,0,0,0,0,0,0,0,0,0,0,0,0,0,0,0,0,0,0,0.141799882054329,0,0,0,0
0.146505857608756,0,0.194453197796094,0,0.16153459623456,0,0,0,0.196529678321092,0,0,0,0,0,0.170671378572782,0,0,0,0,0,0.201902963221073,0,0,0,0.212089373833603,0,0,0,0,0,0,0,0,0.285163760185242,0,0,0,0.250242531299591,0.191149920347284,0,0,0,0.224609960631658,0,0,0,0,0.1946160197258,0.172977350652218,0,0.224398585229084,0,0,0,0,0,0.246971488368413,0,0.225379467524331,0,0.191481871387133,0,0,0.224916456143061,0,0,0,0.209236288077983,0,0.191327481634087,0,0,0,0.241465235457701,0,0,0,0,0,0.20966542831489,0,0.189510911368252,0.182249669128886,0,0.195901785968641,0,0
0,0.143269770186056,0,0.207851752486764,0,0.165048972600036,0,0,0,0.23723493900651,0,0,0,0,0,0.224036005636056,0,0,0,0,0,0,0,0.200111502765219,0,0,0,0,0,0,0,0,0,0,0,0,0,0.190675101622387,0,0,0,0.232567795448833,0,0,0,0,0,0,0,0.187657356262207,0,0.1710810354352,0,0,0,0,0,0.217978645783628,0,0.232052480343912,0,0.195641949772835,0,0,0,0,0.236667360731228,0,0,0,0,0,0.250158995389938,0,0,0,0,0,0,0,0.191667579507043,0,0.162909483098808,0,0.199846342442528,0,0
0.286209383606911,0,0.266254163483386,0,0.2253990650177,0,0.216938710681678,0,0.237762857760702,0,0.177524435196712,0,0.141138270497322,0,0,0,0.322278031125301,0.285106254475457,0.295216071858721,0,0.19952656435115,0,0,0,0,0,0,0,0,0,0.164189759732196,0,0,0,0,0,0.162971079036359,0,0.171223384251025,0.350073933601379,0.259832018613815,0.258035123348236,0.29383676119834,0,0,0.299232934912046,0.258684451057881,0.291540056467056,0.309044450669739,0,0.254259003453295,0,0.223770107808457,0,0.246971488368413,0,0,0,0.247988860551461,0,0.248662160177316,0,0,0.291760120807564,0,0,0,0,0,0,0,0.354581574267811,0,0.275467752219672,0,0,0,0,0.349949100187847,0.21717031227023,0.340766936540604,0.205881469779544,0.252735856249033,0.231319446116686,0.318378020013043,0,0.319501274011352
0,0.274684077852678,0,0.197564572815237,0,0.203290738024802,0,0.206020784165178,0,0.215371975638219,0,0.196346843725188,0,0.17546486045633,0,0.225508525967598,0,0,0.274442957980292,0.166540944400956,0,0,0,0,0,0,0,0,0,0.253831990714212,0,0,0,0,0,0.145364165306091,0,0.139896912199836,0,0.253415549030671,0,0.293427436602035,0,0,0,0.25311679372357,0,0,0,0.306581084616482,0,0.201760730553757,0,0.190966294170954,0,0.217978645783628,0,0,0,0.269922342858737,0,0.23633908919799,0.245812758882489,0,0,0,0.21410521492362,0,0,0,0.341178280115128,0,0.262383032381399,0,0,0,0,0,0.248283857808394,0,0.216868937015533,0,0.234292517631378,0.224882372788021,0.296005372523463,0.305351361632347,0
0.182600494474173,0,0.237283080784154,0,0.13902054782267,0,0.164075527059776,0,0.218715332448483,0,0.155937665275165,0,0.175943378457981,0,0.238737076500451,0,0,0,0,0,0,0,0,0,0,0,0,0,0.155183879553147,0,0,0,0,0,0,0,0,0,0,0,0,0,0.255643320083618,0,0,0,0,0,0.234590892438535,0,0.208314564402245,0,0.243468641358263,0,0.225379467524331,0,0.247988860551461,0,0,0,0.241433747121848,0,0,0.324189785454008,0,0,0,0,0,0,0,0.320955048004786,0,0.312512362582816,0,0,0,0,0,0.235169780254364,0,0.283040732145309,0.273666877518682,0.430719627426905,0.281413826121002,0,0
0,0.291336119174957,0,0.194585286263834,0,0.211097654700279,0,0.142847356200218,0,0.212146938509411,0,0.131516561939799,0,0.153056334954516,0,0.130971981546818,0,0,0,0,0,0,0,0,0,0,0,0.182139501361649,0,0,0,0,0,0,0,0,0,0,0,0,0,0,0,0,0,0,0,0,0,0.312498513123263,0,0.246819351269649,0,0.113304997980595,0,0.232052480343912,0,0.269922342858737,0,0,0,0.248419248947391,0.243352115154266,0,0,0,0,0,0,0,0.219007438653475,0,0.153043016791344,0,0,0,0,0,0,0,0,0,0.152093563809854,0.150545802671048,0.264577149324221,0,0
0.164062805473804,0,0.198341554601987,0,0.174816387204024,0,0,0,0.170901274724918,0,0,0,0.450526505708694,0,0.170057177755004,0,0,0,0,0,0,0,0,0,0,0,0,0,0,0,0,0,0,0,0,0,0,0,0,0,0,0,0.243979286598532,0,0,0,0,0.243730217218399,0.193477573494116,0.230713412165642,0.170874637731335,0,0,0,0.191481871387133,0,0.248662160177316,0,0.241433747121848,0,0,0,0,0,0,0,0,0,0,0,0,0,0,0.254341860230152,0,0,0,0,0,0,0,0,0.155216326316198,0,0.262856617231261,0,0
0,0.159796040843834,0,0.192012210662772,0,0.166090630739927,0,0,0,0.170369337944464,0,0,0,0.138728041946888,0,0.176468169029127,0,0,0,0,0,0,0,0,0,0,0,0,0,0,0,0,0,0,0,0,0,0.235557958483696,0,0,0,0.268116190098226,0,0,0,0,0,0,0,0.227770264291135,0,0.168105612695217,0,0,0,0.195641949772835,0,0.23633908919799,0,0.248419248947391,0,0,0,0,0,0,0.16768073476851,0,0.189272941952502,0,0.270816572583639,0,0.256401652736323,0,0,0,0,0,0,0,0,0,0.14437446504269,0.167905533468568,0.218907427015825,0,0
0,0,0,0,0,0,0,0,0,0,0,0,0,0,0,0,0.281192675232887,0.276417851448059,0.264834965579212,0.205934940624113,0,0,0,0,0,0,0,0,0,0,0,0,0,0,0,0.166889183146239,0,0.241771484759167,0,0.225708814710379,0.300139650702477,0.262050119682132,0.262737452983856,0,0,0.249068964333765,0,0,0,0.289635241031647,0,0,0,0,0,0,0,0.245812758882489,0,0.243352115154266,0,0,0,0,0,0,0,0,0,0,0.297076410055161,0,0.303106467892171,0,0,0,0,0,0.227937429428873,0,0.290263861674205,0,0.161813735626638,0.184981964528561,0.271677442639765,0.222984780867894,0
0,0,0,0,0.169789737462997,0,0,0,0.218073472380638,0,0.12910009175539,0,0,0,0,0,0.299775218963623,0.320386052131653,0.273257872722681,0,0.178444026238206,0,0,0,0,0,0,0,0,0,0,0,0,0,0,0,0.179831449466494,0,0.230298237072097,0,0.231113104439592,0,0.25011023795101,0,0,0,0.259625170517851,0,0,0.234521418809891,0.231726157334116,0,0,0,0.224916456143061,0,0.291760120807564,0,0.324189785454008,0,0,0,0,0,0,0,0,0,0,0,0,0,0.264779150485992,0.334807414873954,0,0,0,0,0,0.240242400716589,0,0.304516132717687,0.186084496277955,0.228954404592514,0.29273753810752,0.251401096582413,0.245484411716461
0,0,0,0,0,0,0,0,0,0,0,0,0,0,0,0,0,0.110432140529156,0,0,0,0.192703860409554,0,0.228622465469371,0,0.136582086697735,0,0.112305413759672,0,0,0,0,0,0,0,0,0,0.253518002415786,0,0,0,0,0,0,0,0,0,0,0,0.247711525710356,0,0,0,0,0,0,0,0,0,0,0,0,0,0,0,0,0.265573192578241,0,0.361415492796273,0,0.347769171922608,0,0,0,0,0,0,0,0,0,0.320948415289842,0,0.158879704392846,0.166313232724057,0.250761263072491,0,0
0,0,0,0,0,0,0,0,0,0,0,0,0,0,0,0,0.125658541183237,0,0,0,0,0,0.177706901307205,0,0.153581129530301,0,0.184692983826001,0,0.148033778976511,0,0,0,0,0,0,0,0,0.454745930433273,0.231987966749913,0,0,0,0,0,0,0,0,0.441897168755531,0.217609898481942,0,0,0,0,0,0,0,0,0,0,0,0,0,0,0,0,0,0,0.208798635204633,0,0,0,0.209052766593852,0,0,0,0,0,0,0,0,0,0.252505043237298,0.159574587512699,0.150030938287576,0.480429500341415,0,0
0,0,0,0,0,0.208718046545982,0,0,0,0.231560037496256,0,0,0,0,0,0,0,0,0,0,0,0.206873399908599,0,0.190950152499316,0,0.268879836973022,0,0.373977988958359,0,0,0,0,0,0,0,0,0,0.25132090684313,0,0,0,0,0,0,0,0,0,0,0,0.268570830515765,0,0.223479270935059,0,0,0,0.236667360731228,0,0.21410521492362,0,0,0,0.16768073476851,0,0,0.265573192578241,0,0,0,0.342602286141279,0,0.382692914491608,0,0,0,0,0,0,0,0,0,0.289228713924375,0,0.25710529088974,0,0.230899766087532,0,0
0,0,0,0,0,0,0,0,0.201741444454952,0,0,0,0,0,0,0,0,0,0,0,0,0,0.199513452296907,0,0.183659641206738,0,0.264178723096848,0,0,0,0,0,0,0,0,0,0,0.404420053958893,0.224083124764703,0,0,0,0,0,0,0,0,0.437763199210167,0.236476915201755,0,0,0,0,0,0.209236288077983,0,0,0,0,0,0,0,0,0,0,0.208798635204633,0,0,0,0.222073712903592,0,0,0,0,0,0,0,0,0,0,0,0.2699774473307,0.229814022357734,0,0.245067261698016,0,0
0,0,0,0,0,0,0,0,0,0,0,0,0,0,0,0,0,0,0,0,0,0.315241002574049,0,0.247938475273934,0,0.257209694613317,0,0.244705821161574,0,0,0,0,0,0,0,0,0,0,0,0,0,0,0,0,0,0,0,0,0,0.30137014100949,0,0,0,0,0,0,0,0,0,0,0,0.189272941952502,0,0,0.361415492796273,0,0.342602286141279,0,0,0,0.37038924926352,0,0,0,0,0,0,0,0,0,0,0,0.152589026838541,0,0,0,0
0,0,0,0,0,0,0,0,0.173145189881325,0,0,0,0,0,0.173237770795822,0,0,0,0,0,0,0,0.13349842180067,0,0.161456037499416,0,0.150075297705674,0,0.188969216708626,0,0,0,0,0,0,0,0,0,0.282761514186859,0,0,0,0,0,0,0,0,0,0.299197971820831,0,0,0,0,0,0.191327481634087,0,0,0,0,0,0,0,0,0,0,0,0,0.222073712903592,0,0,0,0.333555557690891,0,0,0,0,0,0,0,0,0,0,0.148815056681633,0,0,0,0
0,0.276121966540813,0,0.265856444835663,0,0,0,0,0,0.285351887345314,0,0.124316629882042,0,0.179649456020664,0,0,0,0,0.270041614770889,0,0,0.309200554965965,0,0.335968007936197,0,0.352164721366056,0,0.16142551897998,0,0.146897557222595,0,0,0,0,0,0,0,0.264856831754668,0,0.247351631522179,0,0.295669919481644,0,0,0,0.25686613842845,0,0,0,0.338911613791573,0,0,0,0,0,0,0,0.341178280115128,0,0.219007438653475,0,0.270816572583639,0.297076410055161,0,0.347769171922608,0,0.382692914491608,0,0.37038924926352,0,0,0,0.196783888746392,0,0,0,0,0,0,0,0.256589567929995,0,0.175381764831642,0.182587223974141,0.324729995595084,0,0
0,0,0,0,0,0,0,0,0,0,0.177709928817219,0,0,0,0,0,0,0,0,0,0,0,0.156258104437024,0,0,0,0.201583487743681,0,0.17082736604898,0,0.187406153835323,0,0,0,0,0,0,0,0.157453213225711,0,0,0,0,0,0,0,0,0,0.251543235271535,0,0,0,0,0,0,0,0.354581574267811,0,0.320955048004786,0,0,0,0,0,0,0.209052766593852,0,0,0,0.333555557690891,0,0,0,0.392126701539382,0,0,0,0,0,0,0,0.183941766230956,0.146004778466054,0.144296516265188,0.399935030274921,0,0
0,0.287338299719432,0,0.2826265756573,0,0.242683517436186,0,0,0,0.283846870064735,0,0.215256104006515,0,0.149916545911269,0,0,0.314088252457705,0.310753211379051,0.29555803920963,0.251220385615642,0,0,0,0,0,0,0,0.155206833347198,0,0.203342843532562,0,0,0,0,0,0.271458119153976,0,0.14580789023796,0,0.243377650777499,0.323669835925102,0.272135502919949,0.308529004454613,0.255445381005605,0,0.259617887577921,0,0,0,0.31167226150218,0,0,0,0,0,0.250158995389938,0,0.262383032381399,0,0.153043016791344,0,0.256401652736323,0.303106467892171,0.264779150485992,0,0,0,0,0,0,0.196783888746392,0,0,0,0,0,0,0,0.286210274767308,0.344544837872187,0.210318696838391,0.287857562303543,0.299209144196309,0.224791759625077,0.302958630211777,0.311767653985457,0
0.269205471873283,0,0.286587856515594,0,0,0,0,0,0.239926166004605,0,0.20510786247708,0,0,0,0,0,0.337563947039215,0.29322545081377,0.307701086106538,0,0.194154523313046,0,0,0,0,0,0,0,0.156660528232654,0,0.181411187708525,0,0,0,0,0,0.280259273946285,0,0.174689644648705,0.338339428106944,0.292077027938583,0.277631115913391,0.268709425907821,0,0,0.296297526359558,0.270442807313168,0,0.329660424659419,0.277493476867676,0.248338097775424,0,0,0,0.241465235457701,0,0.275467752219672,0,0.312512362582816,0,0.254341860230152,0,0,0.334807414873954,0,0,0,0,0,0,0,0.392126701539382,0,0,0,0,0,0,0.348850982529776,0.29078384565896,0,0.21468787880122,0.310360253930597,0,0.325472580211057,0,0.319825811605704
0,0,0,0,0,0,0,0,0,0,0,0,0,0,0,0,0,0,0,0,0,0,0,0,0,0,0,0,0,0,0,0.18563713567604,0.168455571400207,0.29830231782574,0.169142977187508,0.156617024034824,0,0,0,0,0,0,0,0,0,0,0,0.207638060840318,0,0,0,0,0,0,0,0,0,0,0,0,0,0,0,0,0,0,0,0,0,0,0,0,0,0,0,0.165295958518982,0.328696826102287,0,0.223616643627404,0,0,0,0.190887207970207,0,0,0,0
0,0,0,0,0,0,0,0,0,0,0,0,0,0,0,0,0,0,0,0,0,0,0,0,0,0,0,0,0,0,0,0.156959580505888,0.189716252795736,0,0,0.196460768580437,0.181769122998429,0,0,0,0.273869271511617,0,0,0,0,0,0,0.250112201633994,0,0,0,0,0,0,0,0,0,0,0,0,0,0,0,0,0,0,0,0,0,0,0,0,0,0,0.165295958518982,0,0,0.248351109814939,0.182195024056868,0.283608292612959,0,0,0.175441373164791,0,0,0,0
0,0,0,0,0,0,0,0,0,0,0,0,0,0,0,0,0,0,0,0,0,0,0,0,0,0,0,0,0,0,0,0.297978971153498,0.160052134534892,0.188067389480775,0.158524875435256,0.160588103745665,0,0.197050967150264,0,0,0,0,0,0,0,0,0,0.272480031169617,0,0,0,0,0,0,0,0,0,0,0,0,0,0,0,0,0,0,0,0,0,0,0,0,0,0,0.328696826102287,0,0,0.16178861138772,0.225834927597984,0,0.268497824758381,0,0.147854755951765,0,0,0,0
0,0,0,0,0,0,0,0,0,0,0,0,0,0,0,0,0,0,0,0,0,0,0,0,0,0,0,0,0,0,0,0,0.181489910222282,0.16160266828353,0.206857618056291,0,0.182813736778151,0.175983044008414,0.169419039289157,0,0,0,0,0,0,0,0,0.224241094625726,0.290660766994252,0,0,0,0,0,0,0,0,0,0,0,0,0,0,0,0,0,0,0,0,0,0,0,0,0,0,0.248351109814939,0.16178861138772,0,0,0.250397054337348,0,0.23636458390437,0.171837359856648,0,0,0,0
0,0.29608049839735,0,0.26149741311868,0,0,0,0,0,0.245792105793953,0,0,0,0,0,0,0.325788319784792,0.306828086516436,0.315263986797308,0.192767431206173,0,0,0,0,0,0,0,0,0,0,0,0.19538158290183,0,0.184349782238103,0,0.195329976632692,0.142079991632485,0.193221816060937,0,0.224729018653136,0.3368188329041,0.287745005197931,0.289092391729355,0.322241933987691,0,0.261802563335708,0.306755676865578,0.367956137408044,0,0.307616912950704,0,0,0,0,0,0,0.349949100187847,0.248283857808394,0,0,0,0,0.227937429428873,0,0,0,0,0,0,0,0,0,0.286210274767308,0.348850982529776,0.223616643627404,0.182195024056868,0.225834927597984,0,0,0.300282158578436,0.266331949391676,0.347934225874562,0.213193724674299,0.170830710526602,0.262760705297357,0.281977578496733,0.314570963382721
