0,0,0.150822021640264,0,0,0,0,0,0.137442361201918,0,0,0,0,0,0,0,0.328958779573441,0,0.292229985927834,0,0,0,0,0,0,0,0,0,0,0,0,0,0,0,0,0,0,0,0,0,0,0,0.282476674233164,0,0,0,0.379116833209991,0,0.227259205484932,0,0,0,0,0,0.153857270842546,0,0,0,0,0,0.192444051516817,0,0,0.270376279950142,0,0,0,0,0,0,0,0,0,0,0,0,0,0,0.457924216985703,0.364353314042091,0,0,0.161394608012595,0,0.302627620675639,0,0
0,0,0,0.158541667792532,0,0,0,0,0,0.142041419943174,0,0,0,0,0,0,0,0,0.260240838695795,0,0,0,0,0,0,0,0,0,0,0,0,0,0,0,0,0.367803364992142,0,0,0,0.458645592133204,0,0.296382619576021,0,0,0,0.393526464700699,0,0,0,0.172489322809612,0,0,0,0,0,0.138228111646392,0,0.38348200917244,0,0,0,0.170492422249582,0,0,0,0,0,0,0,0,0,0,0.397911630570889,0,0,0,0,0,0.394491346180439,0,0.430571863055229,0,0.18642757322107,0,0.296044093246261,0,0
0.150822021640264,0,0,0,0.214713122695684,0,0,0,0.15096252713175,0,0,0,0,0,0,0,0,0,0.259720272251538,0,0.192731387913227,0,0,0,0,0,0,0,0,0,0,0,0,0,0,0,0,0,0.348446220159531,0,0.291143178939819,0,0.299777286973867,0,0,0,0.340557148059209,0.334388166666031,0.182819116480496,0,0.237699405194443,0,0,0,0.207911520401637,0,0.287062980665648,0,0.214500946799914,0,0.243278831243515,0,0,0.241606950759888,0,0,0,0,0,0,0,0.295212055955614,0,0.311384607393008,0,0,0,0,0,0.330778066068888,0,0.33262100815773,0.242698096227922,0.282000815868378,0.262655019577295,0,0.276153648272157
0,0.158541667792532,0,0,0,0.235229065269232,0,0,0,0.138899596461228,0,0,0,0,0,0,0,0,0.284009680151939,0,0,0,0,0,0,0,0,0,0,0,0,0,0,0,0,0.180151288211346,0,0,0,0.271882893310653,0,0.275543725977723,0,0,0,0.212098680436611,0,0.267085008323193,0,0.202885631284757,0,0.237728782603896,0,0,0,0.148901984716455,0,0.278824438651403,0,0.170027111967405,0,0.179403576999903,0.253532636165619,0,0,0,0,0,0,0,0.27898795902729,0,0.315936220953098,0,0,0,0,0,0.287102335132658,0,0.340137936945619,0,0.224412831059401,0.280817263656192,0.231834351047481,0.237062411010265,0
0,0,0.214713122695684,0,0,0,0.141487553715706,0,0.164916091022037,0,0,0,0,0,0.144968882203102,0,0,0,0,0,0.178106494247913,0,0,0,0,0,0,0,0,0,0,0,0,0,0,0,0.194999819000562,0,0,0,0,0,0.280081321795781,0,0,0,0.2393798828125,0.232591778039932,0,0,0.183164830537136,0,0,0,0.159332142273585,0,0.228137015525637,0,0,0,0.190604305581043,0,0,0.169404905853849,0,0,0,0,0,0,0,0,0,0.272901922464371,0,0,0,0,0,0.200370609760284,0,0,0.210196118841889,0.223162069916725,0.197646649273414,0,0
0,0,0,0.235229065269232,0,0,0,0.149697408080101,0,0.195724181830883,0,0.264650329947472,0,0,0,0.174484819173813,0,0,0,0.206930022348057,0,0,0,0,0,0,0,0,0,0,0,0,0,0,0,0.178392132123311,0,0,0,0.202686987817287,0,0.24271136386828,0,0,0,0.196785159409046,0,0.241336280107498,0.20624765753746,0.220834173443841,0,0.211098208740721,0,0.157706101474009,0,0.195520684123039,0,0.241556977232297,0,0,0,0,0.230458995666016,0,0,0,0,0,0,0,0,0,0.270245435337226,0,0,0,0,0,0.250183944900831,0,0.311243057250977,0,0.178093496271793,0.220949456095695,0.223313088901341,0,0
0,0,0,0,0.141487553715706,0,0,0,0,0,0.155446469783783,0,0.122342213056982,0,0,0,0,0,0,0,0.210819852352142,0,0,0,0,0,0,0,0,0,0,0,0,0,0,0,0,0,0,0,0,0,0,0,0,0,0,0,0,0,0.172997079112313,0,0.182085273870781,0,0,0,0.162339459766041,0,0.129515042828937,0,0,0,0,0.160648539948922,0,0,0,0,0,0,0,0,0,0,0,0,0,0,0,0,0,0,0.1615091498409,0,0,0,0
0,0,0,0,0,0.149697408080101,0,0,0,0,0,0.15766137111932,0,0.194279482870391,0,0,0,0,0,0,0,0,0,0,0,0,0,0,0,0,0,0,0,0,0,0,0,0,0,0,0,0,0,0,0,0,0,0,0,0,0,0.15282130241394,0,0.185299703214911,0,0,0,0.187662693361441,0,0.159267811902932,0,0,0,0,0,0,0,0,0,0,0,0,0,0,0,0,0,0,0,0,0,0,0.150712346924203,0,0,0,0
0.137442361201918,0,0.15096252713175,0,0.164916091022037,0,0,0,0,0,0,0,0,0,0.14336249306798,0,0.166831011121923,0,0,0,0,0,0,0,0.163050058640932,0,0,0,0,0,0,0,0,0,0,0,0.19817753136158,0,0.163437069393694,0,0,0,0.213777735829353,0,0,0,0,0,0.134417282184586,0,0.170226389542222,0,0,0,0.180483115462874,0,0.235821275150075,0,0.200030073523521,0,0.171187030232471,0,0,0,0,0,0,0.258350782096386,0,0,0,0.251875698566437,0,0.271547064185143,0,0,0,0,0,0,0,0.232156422023379,0.164268081303102,0.134846260771155,0.22971804253757,0,0
0,0.142041419943174,0,0.138899596461228,0,0.195724181830883,0,0,0,0,0,0,0,0,0,0.132591849094943,0,0.187541002780199,0,0,0,0,0,0.170881306802904,0,0,0,0,0,0,0,0,0,0,0,0,0,0.149555245414376,0,0,0,0,0,0,0,0,0,0,0,0.16599344003659,0,0.183811091887417,0,0,0,0.189681981605203,0,0,0,0,0,0,0,0,0,0,0.207939642171065,0,0,0,0,0,0,0,0,0,0,0,0,0,0.262696638703346,0,0.176604234391735,0,0.12944681023558,0,0
0,0,0,0,0,0,0.155446469783783,0,0,0,0,0,0.137953085968128,0,0,0,0,0,0,0,0.154346809678134,0,0,0,0,0,0,0,0.153650492429733,0,0.16186136007309,0,0,0,0,0,0.10983683105026,0,0.153419419836539,0,0,0,0,0,0,0,0,0,0,0,0,0,0.175710960076405,0,0,0,0.194888620763447,0,0.15745052507301,0,0,0,0,0.135416731129598,0,0,0,0,0,0,0,0,0,0.248903374409392,0,0,0,0,0,0,0,0.146576591390224,0.146711508433024,0,0,0,0
0,0,0,0,0,0.264650329947472,0,0.15766137111932,0,0,0,0,0,0.167133939707721,0,0,0,0,0,0.147007324186892,0,0,0,0,0,0,0,0,0,0.144530381442923,0,0,0,0,0,0.236922457814217,0,0.15689149485393,0,0,0,0,0,0,0,0.288680801788966,0,0,0,0,0,0.28417938272908,0,0.193679109215736,0,0,0,0.202284702891005,0,0.172913914217668,0,0,0.158967061708235,0,0,0,0,0,0,0,0,0,0.231511258368009,0,0,0,0,0,0,0,0.225982370799866,0,0.135928205415314,0,0.26830234717239,0,0
0,0,0,0,0,0,0.122342213056982,0,0,0,0.137953085968128,0,0,0,0.131446683034301,0,0,0,0,0,0,0,0,0,0,0,0,0,0,0,0,0,0,0,0,0,0,0,0,0,0,0,0,0,0,0,0,0,0,0,0,0,0.134452745318413,0,0,0,0.161508145431677,0,0.161314130295068,0,0.130564276874065,0,0,0,0,0,0,0,0,0,0,0,0,0,0,0,0,0,0,0,0,0,0.127492114901543,0.131239481270313,0,0,0
0,0,0,0,0,0,0,0.194279482870391,0,0,0,0.167133939707721,0,0,0,0,0,0,0,0,0,0,0,0,0,0,0,0.171078085899353,0,0,0,0,0,0,0,0,0,0,0,0,0,0,0,0,0,0,0,0,0,0,0,0.138400538460068,0,0.156048321061664,0,0,0,0.169710920556732,0,0.163841703324579,0,0,0,0,0,0,0,0,0,0,0,0,0,0,0,0,0,0,0,0,0,0,0.127362610772252,0,0,0,0
0,0,0,0,0.144968882203102,0,0,0,0.14336249306798,0,0,0,0.131446683034301,0,0,0,0.160612607791143,0,0,0,0,0,0,0,0.177699938416481,0,0,0,0,0,0,0,0,0,0,0,0,0,0,0,0,0,0,0,0,0,0,0,0,0,0.161218658089638,0,0,0,0.131006616167724,0,0,0,0.159843616187572,0,0.13367860019207,0,0,0,0,0,0,0,0,0,0,0,0,0,0,0,0,0,0,0,0,0,0.169135241013653,0.136768369589533,0,0,0
0,0,0,0,0,0.174484819173813,0,0,0,0.132591849094943,0,0,0,0,0,0,0,0,0,0,0,0,0,0,0,0,0,0,0,0,0,0,0,0,0,0,0,0,0,0,0,0,0,0,0,0,0,0,0,0,0,0.182622993985812,0,0,0,0.145560671176229,0,0,0,0,0,0.179281241015384,0,0,0,0,0,0,0,0,0,0,0,0,0,0,0,0,0,0,0,0,0.15858268837134,0,0,0,0
0.328958779573441,0,0,0,0,0,0,0,0.166831011121923,0,0,0,0,0,0.160612607791143,0,0,0.182224745967842,0.286999996821529,0,0,0.196791969239712,0.157979807963497,0.202693203730243,0.163938918461402,0,0.142776532742684,0,0.1093226429075,0,0,0,0,0,0,0.356387719511986,0,0,0.333375841379166,0.342522836923599,0.331837356090546,0.307319302712717,0.28558817692101,0.26778262257576,0.277513913810253,0.28986004401337,0.324595648381445,0,0,0.302401170134544,0,0,0,0,0,0,0.332928329706192,0,0,0,0.14025191962719,0,0.311020596822103,0.321110891799132,0,0.17230387032032,0,0.162341413753373,0,0.152531147216048,0,0.309249490499496,0.329080927371979,0.348607733845711,0,0,0,0,0.355021457609377,0.362166369333863,0.365438994434145,0.388345978476784,0.196154769796424,0.162317962402647,0.333236028881449,0.268145401030779,0.271701782941818
0,0,0,0,0,0,0,0,0,0.187541002780199,0,0,0,0,0,0,0.182224745967842,0,0.30469228295895,0,0,0.160644092716047,0,0.18667066602492,0,0.125005307815318,0.23464922606945,0,0,0,0,0,0,0,0,0.336739614605904,0,0.32090812921524,0.360393792390823,0.330467648365918,0.354048818349838,0.296366986715131,0.283346310257912,0.290377661585808,0.274772346019745,0.287661068714582,0.323028423956462,0,0.388467222452164,0.383649580180645,0,0,0,0,0,0.16980192065239,0.385495364665985,0.337542966008186,0,0,0,0,0.310778136764254,0.319015689194202,0.127831513231451,0,0.164383465923914,0,0.141747678319613,0,0,0.32132688164711,0.376837372779846,0,0,0,0,0,0.359199666809813,0.360841939846675,0.392963742508608,0.407554060220718,0.202189135892535,0.156364028889035,0.338606690851654,0.260716545085112,0
0.292229985927834,0.260240838695795,0.259720272251538,0.284009680151939,0,0,0,0,0,0,0,0,0,0,0,0,0.286999996821529,0.30469228295895,0,0,0,0.246590599417686,0,0.258418593269128,0,0,0,0,0,0,0,0,0,0,0,0.392491824030876,0.359325549999873,0.414727382361889,0.372570479909579,0.351623726819382,0.333202839170287,0.263107055809416,0.239269414445056,0.270459432542945,0.258815039384675,0.306353906883781,0.314582271523863,0.414155444273582,0.337242217734456,0.370731078510015,0,0,0,0,0,0,0.349008111655712,0.362111093578758,0,0,0,0,0.321101796847803,0.311286713408701,0,0,0.301166117191315,0,0.265593558549881,0,0.433864295482635,0.326263988018036,0.417425673253269,0.365015653313183,0,0,0.33296474814415,0,0.379794946452144,0.357713405025331,0.438546098466974,0.377984245567292,0.251421401048997,0.264224608029638,0.343990034725115,0.264184246615817,0.252708673477173
0,0,0,0,0,0.206930022348057,0,0,0,0,0,0.147007324186892,0,0,0,0,0,0,0,0,0,0,0,0,0,0,0,0,0,0,0,0,0,0,0,0.164816756568961,0,0.21811489497914,0,0,0,0.274165196551217,0,0,0,0.288343846797943,0,0.25250285367171,0,0.205184227228165,0,0.24439996974291,0,0,0,0,0,0.178514737143831,0,0,0,0,0.187272717969749,0,0,0,0,0,0,0,0,0,0.253508865833282,0,0,0,0,0,0.201919040912919,0,0.251985834290584,0,0.192765275814704,0,0.226241989731789,0,0
0,0,0.192731387913227,0,0.178106494247913,0,0.210819852352142,0,0,0,0.154346809678134,0,0,0,0,0,0,0,0,0,0,0,0,0,0,0,0,0,0,0,0,0,0,0,0,0,0.181836831213543,0,0.19070045021149,0,0,0,0,0,0,0,0.349400871992111,0.34922006726265,0,0,0.191656480232875,0,0,0,0,0,0.171290100685188,0,0,0,0,0,0,0.194042778919618,0,0,0,0,0,0,0,0,0,0,0,0,0,0,0,0.224195383112254,0,0.240296722522804,0.15458964506227,0.263193964958191,0.230384730825237,0,0.347103238105774
0,0,0,0,0,0,0,0,0,0,0,0,0,0,0,0,0.196791969239712,0.160644092716047,0.246590599417686,0,0,0,0.128760373761468,0.202374871642817,0,0.15055266546792,0,0.137913397202889,0,0,0,0,0,0,0,0,0,0.23576354947019,0,0,0,0.325060844421387,0,0,0,0,0,0,0,0.352660925998713,0,0,0,0,0,0,0,0.367635120948156,0,0,0,0,0.37628647685051,0,0.229838716513465,0.146184414625168,0.263422717899084,0,0.249719961594652,0,0.331594547419133,0,0.348003728823228,0,0,0,0,0,0,0,0.281182294812444,0,0.150907339979232,0.1327301688989,0.334649838507175,0,0
0,0,0,0,0,0,0,0,0,0,0,0,0,0,0,0,0.157979807963497,0,0,0,0,0.128760373761468,0,0,0.186293765902519,0,0,0,0.165389564819634,0,0,0,0,0,0,0,0,0,0.170559991478676,0,0,0,0.295280069112778,0,0,0,0,0.390488410989443,0.277438908250167,0,0,0,0,0,0,0,0,0,0,0,0,0,0,0,0.135815682155745,0.224680754578718,0,0.222237666536655,0,0.258665358903361,0,0.211249311055456,0,0,0,0,0,0,0,0,0,0.211589361386975,0.135142347953015,0.120925081812817,0.313199563158883,0,0
0,0,0,0,0,0,0,0,0,0.170881306802904,0,0,0,0,0,0,0.202693203730243,0.18667066602492,0.258418593269128,0,0,0.202374871642817,0,0,0,0.17237446680665,0,0,0,0,0,0,0,0,0,0,0,0.187074049868011,0,0,0,0,0,0,0,0,0,0,0,0.293366093986801,0,0,0,0,0,0.195655123020212,0,0,0,0,0,0,0,0,0.281997177649189,0,0.233883156012448,0,0.321026440709829,0,0,0,0,0,0,0,0,0,0,0,0.195414765120557,0,0.197094948571956,0,0.372551202774048,0,0
0,0,0,0,0,0,0,0,0.163050058640932,0,0,0,0,0,0.177699938416481,0,0.163938918461402,0,0,0,0,0,0.186293765902519,0,0,0,0.19334964454174,0,0,0,0,0,0,0,0,0,0,0,0.199481745764836,0,0,0,0.418330392667225,0,0,0,0,0.583872844775518,0.230224272324925,0,0,0,0,0,0.174037947065451,0,0,0,0,0,0,0,0,0,0,0.232585073872046,0,0.193533635528927,0,0.166637233325413,0,0,0,0,0,0,0,0,0,0,0,0.207956959161899,0.304366823190298,0,0.425708292768552,0,0
0,0,0,0,0,0,0,0,0,0,0,0,0,0,0,0,0,0.125005307815318,0,0,0,0.15055266546792,0,0.17237446680665,0,0,0,0,0,0,0,0,0,0,0,0,0,0,0,0,0,0,0,0,0,0,0,0,0,0,0,0,0,0,0,0,0,0,0,0,0,0.1766247600317,0,0,0.152742236852646,0,0.160484660558635,0,0.183227254237447,0,0,0,0,0,0,0,0,0,0,0,0,0,0.166892343793403,0,0,0,0
0,0,0,0,0,0,0,0,0,0,0,0,0,0,0,0,0.142776532742684,0.23464922606945,0,0,0,0,0,0,0.19334964454174,0,0,0,0,0,0,0,0,0,0,0,0,0,0,0,0,0,0,0,0,0,0,0,0,0,0,0,0,0,0.154449768364429,0,0,0,0,0,0,0,0,0,0,0,0,0.207712968190511,0,0.178176244147695,0,0,0,0,0,0,0,0,0,0,0,0,0.170824454509114,0,0,0,0
0,0,0,0,0,0,0,0,0,0,0,0,0,0.171078085899353,0,0,0,0,0,0,0,0.137913397202889,0,0,0,0,0,0,0,0.145001010812191,0,0,0,0,0,0,0,0.152421712875366,0,0,0,0,0,0,0,0,0,0,0,0,0,0,0,0,0,0,0,0,0,0.172284198658807,0,0,0,0,0.164041377604008,0,0,0,0.226526379585266,0,0.176406767337443,0,0.202795253396034,0,0,0,0,0,0,0,0.154278576374054,0,0,0.140404388308525,0,0,0
0,0,0,0,0,0,0,0,0,0,0.153650492429733,0,0,0,0,0,0.1093226429075,0,0,0,0,0,0.165389564819634,0,0,0,0,0,0,0,0.138415306806564,0,0,0,0,0,0,0,0.15652884542942,0,0,0,0,0,0,0,0,0,0,0,0,0,0,0,0,0,0,0,0,0,0,0,0,0,0,0.208461542924245,0,0,0,0.181705659833448,0,0.180614301384826,0,0,0,0,0,0,0,0,0,0.179593953821394,0.115914707072079,0,0,0,0
0,0,0,0,0,0,0,0,0,0,0,0.144530381442923,0,0,0,0,0,0,0,0,0,0,0,0,0,0,0,0.145001010812191,0,0,0,0,0,0,0,0,0,0.142861453281052,0,0,0,0,0,0,0,0,0,0,0,0,0,0,0,0,0,0,0,0.15347415395081,0,0,0,0,0,0,0,0,0,0,0,0,0.193542094067449,0,0.210925394858786,0,0,0,0,0,0,0,0.183850045304701,0,0,0,0,0,0
0,0,0,0,0,0,0,0,0,0,0.16186136007309,0,0,0,0,0,0,0,0,0,0,0,0,0,0,0,0,0,0.138415306806564,0,0,0,0,0,0,0,0,0,0.132409009502994,0,0,0,0,0,0,0,0,0,0,0,0,0,0,0,0,0,0.222916916012764,0,0,0,0,0,0,0,0,0,0,0,0,0,0,0.150207042694092,0,0.219851701731575,0,0,0,0,0,0,0,0.198169954634946,0.132927073165774,0,0,0,0
0,0,0,0,0,0,0,0,0,0,0,0,0,0,0,0,0,0,0,0,0,0,0,0,0,0,0,0,0,0,0,0,0.16634476014856,0.19561675786972,0,0.164295145593551,0.13781769387424,0,0,0,0,0,0,0,0,0,0,0.520507501780861,0.351511880755424,0,0,0,0,0,0,0,0,0,0,0,0,0,0,0,0,0,0,0,0,0,0,0,0,0,0.24109932957494,0.177615685230595,0.198769778013229,0,0.205207232306612,0.150918719799895,0,0,0.255299482742945,0,0,0,0
0,0,0,0,0,0,0,0,0,0,0,0,0,0,0,0,0,0,0,0,0,0,0,0,0,0,0,0,0,0,0,0.16634476014856,0,0,0.162391901016235,0.162559753490819,0.152142513543367,0,0,0,0,0,0,0,0,0,0,0.327132987187189,0,0,0,0,0,0,0,0,0,0,0,0,0,0,0,0,0,0,0,0,0,0,0,0,0,0,0.174508643554563,0.238471951425853,0,0.212361166874568,0.174564095834891,0.163229402037537,0,0,0.215118107199669,0,0,0,0
0,0,0,0,0,0,0,0,0,0,0,0,0,0,0,0,0,0,0,0,0,0,0,0,0,0,0,0,0,0,0,0.19561675786972,0,0,0.207502597510213,0.176149009053524,0,0.226466344191437,0,0,0,0,0,0,0,0,0,0.302032914644485,0,0.545961592557295,0,0,0,0,0,0,0,0,0,0,0,0,0,0,0,0,0,0,0,0,0,0,0,0,0.204753247111343,0,0.325666530752292,0.188130912838188,0.183367003876019,0,0.33502797718376,0,0.193354092764132,0,0,0,0
0,0,0,0,0,0,0,0,0,0,0,0,0,0,0,0,0,0,0,0,0,0,0,0,0,0,0,0,0,0,0,0,0.162391901016235,0.207502597510213,0,0,0.192472672364751,0,0.246841576200251,0,0,0,0,0,0,0,0,0.261883519930777,0.422493129968643,0,0,0,0,0,0,0,0,0,0,0,0,0,0,0,0,0,0,0,0,0,0,0,0,0,0,0,0.203541109445972,0.207874038316445,0,0.255959315814524,0,0.267775664942301,0.181875491514802,0,0,0,0
0,0.367803364992142,0,0.180151288211346,0,0.178392132123311,0,0,0,0,0,0.236922457814217,0,0,0,0,0.356387719511986,0.336739614605904,0.392491824030876,0.164816756568961,0,0,0,0,0,0,0,0,0,0,0,0.164295145593551,0.162559753490819,0.176149009053524,0,0,0.169159334939007,0.185114108403327,0,0.468203569762409,0,0.368495769646703,0,0.42632256583734,0,0.321901350492431,0.272812992334366,0.287723058274576,0.241318489114443,0.301664829734833,0,0.199668526649475,0,0,0,0,0,0.345520526170731,0,0,0,0,0.183842533041104,0,0,0,0,0,0,0,0,0,0.328307598829269,0,0.175402299993239,0.162400375889695,0.234660689143034,0,0.215308923216197,0.159512092152872,0.266666407398594,0,0.205260602572492,0.261862223272893,0.258879890825067,0.367745539004152,0
0,0,0,0,0.194999819000562,0,0,0,0.19817753136158,0,0.10983683105026,0,0,0,0,0,0,0,0.359325549999873,0,0.181836831213543,0,0,0,0,0,0,0,0,0,0,0.13781769387424,0.152142513543367,0,0.192472672364751,0.169159334939007,0,0,0.180168888524821,0,0,0.424577295780182,0.334356873500638,0,0.365879499912262,0,0.313960637276371,0.226420036875285,0.308542420466741,0,0,0,0,0,0.225814923644066,0,0.109180627820583,0,0,0,0,0,0,0.208469337730336,0,0,0,0,0,0,0,0,0,0,0.144390678541227,0.239920806712829,0,0.208280324867244,0.180261064530089,0.201485697860054,0,0.246282722773153,0.169031592771026,0.153944153072579,0.230176021110627,0,0.339761938367571
0,0,0,0,0,0,0,0,0,0.149555245414376,0,0.15689149485393,0,0,0,0,0,0.32090812921524,0.414727382361889,0.21811489497914,0,0.23576354947019,0,0.187074049868011,0,0,0,0.152421712875366,0,0.142861453281052,0,0,0,0.226466344191437,0,0.185114108403327,0,0,0.144331199967343,0,0,0.38612973690033,0,0,0,0.315983985861142,0,0.630825302168563,0,0.396564587359726,0,0,0,0,0,0.311076313257217,0,0.183499428658531,0,0,0,0,0.235600794604675,0,0.219020679430151,0,0.37024082215955,0,0,0,0.305294422516182,0,0.212029513167708,0,0,0,0.199012143411247,0.19656180642372,0.228029361598226,0,0.219536495363018,0.16354715878204,0.303987923466516,0,0.425416609827887,0.389213641484578,0
0,0,0.348446220159531,0,0,0,0,0,0.163437069393694,0,0.153419419836539,0,0,0,0,0,0.333375841379166,0.360393792390823,0.372570479909579,0,0.19070045021149,0,0.170559991478676,0,0.199481745764836,0,0,0,0.15652884542942,0,0.132409009502994,0,0,0,0.246841576200251,0,0.180168888524821,0.144331199967343,0,0,0.365730434656143,0,0.385364973690452,0,0.434363971153895,0,0.31809902055697,0.616107436048018,0.458274876276157,0,0,0,0,0,0.166260769060992,0,0.158802707897457,0,0,0,0,0,0,0.24586842175987,0,0.22652258731848,0,0.274592902852019,0,0,0,0.164406974155169,0,0.173055354233195,0,0,0,0.250936352514795,0.384870678186417,0.257555850245606,0.155994951725006,0.234589410664572,0.298213678779911,0.27496525645256,0.413760831108294,0,0.402970045804977
0,0.458645592133204,0,0.271882893310653,0,0.202686987817287,0,0,0,0,0,0,0,0,0,0,0.342522836923599,0.330467648365918,0.351623726819382,0,0,0,0,0,0,0,0,0,0,0,0,0,0,0,0,0.468203569762409,0,0,0,0,0,0.332314065711328,0.254556725732982,0.394465721330859,0.341715693473816,0.329208799685751,0.433263957500458,0.361734197135009,0,0.240122423428879,0,0.240237212606839,0,0,0,0,0,0.291850795969367,0,0,0,0,0.314599425633748,0.341067999601364,0,0,0,0,0,0,0.307478293776512,0,0.379607141017914,0,0,0,0.353320986032486,0,0.331108473191072,0.41415521773425,0.342952611354681,0.344896405935287,0.328321639679174,0.317574985325336,0.340737692424147,0.319194126756568,0
0,0,0.291143178939819,0,0,0,0,0,0,0,0,0,0,0,0,0,0.331837356090546,0.354048818349838,0.333202839170287,0,0,0,0,0,0,0,0,0,0,0,0,0,0,0,0,0,0,0,0.365730434656143,0,0,0.284407126406829,0.308818652711725,0.326146960258484,0.368357780244615,0.439096719026566,0.380670473999099,0.371349669165081,0.225243558509513,0.38859435915947,0,0,0,0,0,0,0.348445825278759,0.322645246982574,0,0,0,0,0.395006209611893,0.324688125685387,0,0,0,0,0,0,0,0,0,0.372029006481171,0,0,0,0,0.417659004529317,0.304230439918812,0,0.368846675846726,0.336010056579935,0.311510718294552,0.309764234010469,0.247455179691315,0.288781970029786
0,0.296382619576021,0,0.275543725977723,0,0.24271136386828,0,0,0,0,0,0,0,0,0,0,0.307319302712717,0.296366986715131,0.263107055809416,0.274165196551217,0,0.325060844421387,0,0,0,0,0,0,0,0,0,0,0,0,0,0.368495769646703,0.424577295780182,0.38612973690033,0,0.332314065711328,0.284407126406829,0,0.195756899302107,0.287224965907583,0.241377629339695,0.288048926902854,0.347741949558258,0.443907576452297,0.435259093840917,0.345040653676308,0,0.258224882862785,0,0,0,0,0,0.330937781056247,0,0,0,0,0.334388589688845,0.307292660077413,0.326838801304499,0,0.334789007902145,0.376975893974304,0,0,0.34168167412281,0,0.335319438743717,0,0,0,0.437972813844681,0,0.367925036699511,0.334861096480618,0.419493623905712,0.350046108166377,0.295972955556857,0.295155295431614,0.327907540085703,0.274442218617038,0.184733894467354
0.282476674233164,0,0.299777286973867,0,0.280081321795781,0,0,0,0.213777735829353,0,0,0,0,0,0,0,0.28558817692101,0.283346310257912,0.239269414445056,0,0,0,0.295280069112778,0,0.418330392667225,0,0,0,0,0,0,0,0,0,0,0,0.334356873500638,0,0.385364973690452,0.254556725732982,0.308818652711725,0.195756899302107,0,0.253804576396942,0.268748116530018,0.232220263643698,0.323428855117025,0.486059941200897,0.37900367995693,0.376573297712538,0.338118880987167,0,0,0,0.256698857335483,0,0.356700539554673,0.359748154878616,0.342470999274935,0,0.246672883629799,0,0.301825726032257,0.341532168458155,0,0.36806761002054,0,0.390550673540149,0,0,0,0.356112615676487,0.343274831771851,0.361508307172291,0,0,0,0.347893476486206,0.346222682910807,0.342582063438106,0,0.368591366730614,0.322531366941233,0.303265415262758,0.330186575225718,0.245573079586029,0.25288484425519
0,0,0,0,0,0,0,0,0,0,0,0,0,0,0,0,0.26778262257576,0.290377661585808,0.270459432542945,0,0,0,0,0,0,0,0,0,0,0,0,0,0,0,0,0.42632256583734,0,0,0,0.394465721330859,0.326146960258484,0.287224965907583,0.253804576396942,0,0.259164243936539,0.295022329146212,0.345095664262772,0.35369710624218,0,0.314202292097939,0,0,0,0,0,0,0,0,0,0,0,0,0.37414865911781,0.251686066389084,0,0,0,0,0,0,0,0,0.441244301199913,0,0,0,0,0,0.418569295296391,0.341633582115173,0.455372693362059,0.279139369726181,0.266244475183816,0.269558002551397,0.317826246023178,0.253876167439645,0.258861005306244
0,0,0,0,0,0,0,0,0,0,0,0,0,0,0,0,0.277513913810253,0.274772346019745,0.258815039384675,0,0,0,0,0,0,0,0,0,0,0,0,0,0,0,0,0,0.365879499912262,0,0.434363971153895,0.341715693473816,0.368357780244615,0.241377629339695,0.268748116530018,0.259164243936539,0,0,0.388074363482759,0,0.391757443547249,0,0,0,0,0,0,0,0.38110326230526,0,0,0,0,0,0,0.36142109290208,0,0,0,0,0,0,0,0,0,0.422092829431806,0,0,0,0,0.356016000111898,0.399578220942197,0,0.437904879654924,0.230389339251256,0.269875198602676,0.322741587666464,0,0.261549266136211
0,0.393526464700699,0,0.212098680436611,0,0.196785159409046,0,0,0,0,0,0.288680801788966,0,0,0,0,0.28986004401337,0.287661068714582,0.306353906883781,0.288343846797943,0,0,0,0,0,0,0,0,0,0,0,0,0,0,0,0.321901350492431,0,0.315983985861142,0,0.329208799685751,0.439096719026566,0.288048926902854,0.232220263643698,0.295022329146212,0,0,0.370872378349304,0.372800961136818,0,0.272355981998973,0,0.22785983979702,0,0,0,0,0,0.282031582178254,0,0,0,0,0.271457788791323,0,0,0,0,0,0,0,0.3135631190879,0,0.343435693898967,0.295214533805847,0,0,0.430609405040741,0,0.29717597734059,0.396960372274572,0.35293225325235,0.432579785585403,0.289515341983901,0.281557597219944,0.285570087474077,0.281788962808522,0.243624582886696
0.379116833209991,0,0.340557148059209,0,0.2393798828125,0,0,0,0,0,0,0,0,0,0,0,0.324595648381445,0.323028423956462,0.314582271523863,0,0.349400871992111,0,0,0,0,0,0,0,0,0,0,0,0,0,0,0.272812992334366,0.313960637276371,0,0.31809902055697,0.433263957500458,0.380670473999099,0.347741949558258,0.323428855117025,0.345095664262772,0.388074363482759,0.370872378349304,0,0.297861662507057,0.292483529623817,0,0,0,0,0,0,0,0.342687553797777,0,0,0,0,0,0,0.300314943047263,0,0,0,0,0,0,0,0,0.323701143264771,0.387216690182686,0,0,0,0,0.351962382594744,0.320423042899457,0.340580463409424,0.392166908318232,0.308500466680308,0.3411515802145,0.333881727538429,0,0.290583525784314
0,0,0.334388166666031,0.267085008323193,0.232591778039932,0.241336280107498,0,0,0,0,0,0,0,0,0,0,0,0,0.414155444273582,0.25250285367171,0.34922006726265,0,0.390488410989443,0,0.583872844775518,0,0,0,0,0,0,0.520507501780861,0.327132987187189,0.302032914644485,0.261883519930777,0.287723058274576,0.226420036875285,0.630825302168563,0.616107436048018,0.361734197135009,0.371349669165081,0.443907576452297,0.486059941200897,0.35369710624218,0,0.372800961136818,0.297861662507057,0,0.498700369202127,0.464835509067307,0.351745188236237,0.263948640653065,0,0,0,0,0.293459842602412,0,0,0,0,0,0.31418065726757,0.373706370592117,0,0.431665665691807,0,0.492910780616709,0,0,0,0,0,0,0.451526350373765,0.425083010982865,0.263747641885722,0.282247709279711,0.40868903261984,0.459989275385178,0.389393351040781,0.539274843638403,0.453521306611346,0.301277001698812,0.480037215951685,0.447382630670772,0.564434975385666
0.227259205484932,0,0.182819116480496,0,0,0.20624765753746,0,0,0.134417282184586,0,0,0,0,0,0,0,0,0.388467222452164,0.337242217734456,0,0,0,0.277438908250167,0,0.230224272324925,0,0,0,0,0,0,0.351511880755424,0,0,0.422493129968643,0.241318489114443,0.308542420466741,0,0.458274876276157,0,0.225243558509513,0.435259093840917,0.37900367995693,0,0.391757443547249,0,0.292483529623817,0.498700369202127,0,0.349604720440813,0,0,0,0,0.156992588530887,0,0.281746567951308,0,0.272576036863029,0,0.283194892365357,0,0,0.336830127239227,0,0.297188174938984,0,0.325873335932984,0,0.301667060170855,0,0.273934591293994,0,0.30565395206213,0.480055868625641,0.548177689313889,0,0.407808439806104,0.257256035293852,0.281602601467426,0,0.34427016509361,0.425514322865164,0.282565022292344,0.316941318087629,0,0.338955798319408
0,0.172489322809612,0,0.202885631284757,0,0.220834173443841,0,0,0,0.16599344003659,0,0,0,0,0,0,0.302401170134544,0.383649580180645,0.370731078510015,0.205184227228165,0,0.352660925998713,0,0.293366093986801,0,0,0,0,0,0,0,0,0,0.545961592557295,0,0.301664829734833,0,0.396564587359726,0,0.240122423428879,0.38859435915947,0.345040653676308,0.376573297712538,0.314202292097939,0,0.272355981998973,0,0.464835509067307,0.349604720440813,0,0,0.223289280420258,0,0,0,0,0,0.321081531544526,0,0.315283860266209,0,0.190108003327623,0.262185168763002,0,0.324819154310226,0,0.324201723796198,0,0.293404842416445,0,0.340722309265818,0,0.337767432133357,0,0,0,0.494295610984166,0,0.339886178593626,0.298576980829239,0.362946201495978,0,0.372926476795234,0.281976958979731,0.326953320640047,0.365490819278516,0.292200893163681
0,0,0.237699405194443,0,0.183164830537136,0,0.172997079112313,0,0.170226389542222,0,0,0,0,0,0.161218658089638,0,0,0,0,0,0.191656480232875,0,0,0,0,0,0,0,0,0,0,0,0,0,0,0,0,0,0,0,0,0,0.338118880987167,0,0,0,0,0.351745188236237,0,0,0,0,0.179160437058835,0,0.17878517439199,0,0.281860841821462,0,0.236030519963839,0,0.176154982752916,0,0,0.171337888429039,0,0,0,0,0,0,0,0,0,0,0,0,0,0,0,0,0,0,0.170754221830776,0,0.276570580964503,0,0
0,0,0,0.237728782603896,0,0.211098208740721,0,0.15282130241394,0,0.183811091887417,0,0.28417938272908,0,0.138400538460068,0,0.182622993985812,0,0,0,0.24439996974291,0,0,0,0,0,0,0,0,0,0,0,0,0,0,0,0.199668526649475,0,0,0,0.240237212606839,0,0.258224882862785,0,0,0,0.22785983979702,0,0.263948640653065,0,0.223289280420258,0,0,0,0.160730816778683,0,0.187558566170614,0,0.228720952869777,0,0.162284833192825,0,0.205594556672233,0.246492003175345,0,0,0,0,0,0,0,0.299683749675751,0,0.291055017709732,0,0,0,0,0,0.277852520346642,0,0,0,0.202590332900892,0.257743939757347,0.270653716356828,0,0
0,0,0,0,0,0,0.182085273870781,0,0,0,0.175710960076405,0,0.134452745318413,0,0,0,0,0,0,0,0,0,0,0,0,0,0,0,0,0,0,0,0,0,0,0,0,0,0,0,0,0,0,0,0,0,0,0,0,0,0.179160437058835,0,0,0,0,0,0.193775059328279,0,0,0,0,0,0,0.168981045322574,0,0,0,0,0,0,0,0,0,0,0,0,0,0,0,0,0,0,0.152460749853741,0,0,0,0
0,0,0,0,0,0.157706101474009,0,0.185299703214911,0,0,0,0.193679109215736,0,0.156048321061664,0,0,0,0,0,0,0,0,0,0,0,0,0,0,0,0,0,0,0,0,0,0,0,0,0,0,0,0,0,0,0,0,0,0,0,0,0,0.160730816778683,0,0,0,0,0,0.227648769815763,0,0.178354588838724,0,0,0,0,0,0,0,0,0,0,0,0,0,0,0,0,0,0,0,0,0,0,0.167071266681887,0,0,0,0
0.153857270842546,0,0.207911520401637,0,0.159332142273585,0,0,0,0.180483115462874,0,0,0,0,0,0.131006616167724,0,0,0,0,0,0,0,0,0,0.174037947065451,0,0.154449768364429,0,0,0,0,0,0,0,0,0,0.225814923644066,0,0.166260769060992,0,0,0,0.256698857335483,0,0,0,0,0,0.156992588530887,0,0.17878517439199,0,0,0,0,0,0.242144398272984,0,0.210351170599461,0,0.201642248094684,0,0,0,0,0,0,0.266140375679462,0,0,0,0.263237113753955,0,0.27408073147138,0,0,0,0,0,0.308848813176155,0,0.264457319202639,0.218021206185222,0.254323065280914,0.198070477407712,0,0.219028815627098
0,0.138228111646392,0,0.148901984716455,0,0.195520684123039,0,0,0,0.189681981605203,0,0,0,0,0,0.145560671176229,0,0.16980192065239,0,0,0,0,0,0.195655123020212,0,0,0,0,0,0,0,0,0,0,0,0,0,0.311076313257217,0,0,0,0,0,0,0,0,0,0,0,0,0,0.187558566170614,0,0,0,0,0,0,0,0,0,0.21313924946283,0,0,0,0,0.266679709845216,0,0,0,0,0,0,0,0,0,0,0,0,0,0.275127833316086,0,0.195650518206613,0,0.11606767103076,0,0
0,0,0.287062980665648,0,0.228137015525637,0,0.162339459766041,0,0.235821275150075,0,0.194888620763447,0,0.161508145431677,0,0,0,0.332928329706192,0.385495364665985,0.349008111655712,0,0.171290100685188,0,0,0,0,0,0,0,0,0,0.222916916012764,0,0,0,0,0,0.109180627820583,0,0.158802707897457,0,0.348445825278759,0,0.356700539554673,0,0.38110326230526,0,0.342687553797777,0.293459842602412,0.281746567951308,0,0.281860841821462,0,0.193775059328279,0,0.242144398272984,0,0,0,0.258659868513255,0,0.287745909939567,0,0,0.29101535487844,0,0,0,0,0,0.352057039737701,0,0.392079806824525,0,0.278010497449851,0,0,0,0,0.372134774923325,0.334138002660539,0,0.172022253820082,0.321783332625537,0.320688019196192,0.354191006422396,0,0.367699749168308
0,0.38348200917244,0,0.278824438651403,0,0.241556977232297,0,0.187662693361441,0,0,0,0.202284702891005,0,0.169710920556732,0,0,0,0.337542966008186,0.362111093578758,0.178514737143831,0,0.367635120948156,0,0,0,0,0,0,0,0.15347415395081,0,0,0,0,0,0.345520526170731,0,0.183499428658531,0,0.291850795969367,0.322645246982574,0.330937781056247,0.359748154878616,0,0,0.282031582178254,0,0,0,0.321081531544526,0,0.228720952869777,0,0.227648769815763,0,0,0,0,0,0.324451128778787,0,0.342797603872087,0.300494741043807,0,0.378340723117193,0,0.355084717273712,0,0.379373336380178,0,0.370200184502346,0,0.350288508136669,0,0,0,0,0,0.296310626135932,0.384088605642319,0.322331408921041,0,0.330459960019932,0.347513953844706,0.303118998643625,0.358983711928737,0
0,0,0.214500946799914,0,0,0,0.129515042828937,0,0.200030073523521,0,0.15745052507301,0,0.161314130295068,0,0.159843616187572,0,0,0,0,0,0,0,0,0,0,0,0,0,0,0,0,0,0,0,0,0,0,0,0,0,0,0,0.342470999274935,0,0,0,0,0,0.272576036863029,0,0.236030519963839,0,0,0,0.210351170599461,0,0.258659868513255,0,0,0,0.254533673103913,0,0,0,0,0,0,0,0,0.416718170046806,0,0.317273171040519,0,0.240198226438628,0,0,0,0,0,0.360024809837341,0,0,0.270133765680449,0,0.302491817623377,0,0.240250036120415
0,0,0,0.170027111967405,0,0,0,0.159267811902932,0,0,0,0.172913914217668,0,0.163841703324579,0,0,0,0,0,0,0,0,0,0,0,0,0,0.172284198658807,0,0,0,0,0,0,0,0,0,0,0,0,0,0,0,0,0,0,0,0,0,0.315283860266209,0,0.162284833192825,0,0.178354588838724,0,0,0,0.324451128778787,0,0,0,0.333557964768261,0,0,0.354780223220587,0,0,0,0.33574726067959,0,0.34393697196127,0,0,0,0,0,0,0,0,0,0,0,0.161206833360826,0,0.3159464225173,0,0
0.192444051516817,0,0.243278831243515,0,0.190604305581043,0,0,0,0.171187030232471,0,0,0,0.130564276874065,0,0.13367860019207,0,0.14025191962719,0,0,0,0,0,0,0,0,0,0,0,0,0,0,0,0,0,0,0,0,0,0,0,0,0,0.246672883629799,0,0,0,0,0,0.283194892365357,0,0.176154982752916,0,0,0,0.201642248094684,0,0.287745909939567,0,0.254533673103913,0,0,0,0,0,0,0,0,0,0,0,0,0,0,0.280290275812149,0,0,0,0,0,0,0,0,0.274223785847425,0,0.271149531006813,0,0
0,0.170492422249582,0,0.179403576999903,0,0,0,0,0,0,0,0,0,0,0,0.179281241015384,0,0,0,0,0,0,0,0,0,0.1766247600317,0,0,0,0,0,0,0,0,0,0,0,0,0,0,0,0,0,0,0,0,0,0,0,0.190108003327623,0,0.205594556672233,0,0,0,0.21313924946283,0,0.342797603872087,0,0.333557964768261,0,0,0,0,0,0,0,0,0.316227376461029,0,0,0,0,0,0,0,0,0,0,0,0.344356000423431,0,0.173197221010923,0,0.223961339755492,0,0
0,0,0,0.253532636165619,0,0.230458995666016,0,0,0,0,0,0.158967061708235,0,0,0,0,0.311020596822103,0.310778136764254,0.321101796847803,0.187272717969749,0,0.37628647685051,0,0,0,0,0,0,0,0,0,0,0,0,0,0.183842533041104,0,0.235600794604675,0,0.314599425633748,0.395006209611893,0.334388589688845,0.301825726032257,0.37414865911781,0,0.271457788791323,0,0.31418065726757,0,0.262185168763002,0,0.246492003175345,0,0,0,0,0,0.300494741043807,0,0,0,0,0,0.338331907987595,0.35604639351368,0,0,0,0,0,0.345046541038549,0,0.361469471578525,0,0,0,0,0,0.26070993580635,0.391856580972672,0.308609125243947,0,0.237847641910483,0.280059635639191,0.331320941844195,0.296722386564527,0
0.270376279950142,0,0.241606950759888,0,0.169404905853849,0,0.160648539948922,0,0,0,0.135416731129598,0,0,0,0,0,0.321110891799132,0.319015689194202,0.311286713408701,0,0.194042778919618,0,0,0,0,0,0,0,0,0,0,0,0,0,0,0,0.208469337730336,0,0.24586842175987,0.341067999601364,0.324688125685387,0.307292660077413,0.341532168458155,0.251686066389084,0.36142109290208,0,0.300314943047263,0.373706370592117,0.336830127239227,0,0.171337888429039,0,0.168981045322574,0,0,0,0.29101535487844,0,0,0,0,0,0.338331907987595,0,0,0,0,0,0,0,0,0.357402175664902,0.347088888287544,0.383363655854746,0,0,0,0,0.377754837274551,0.277398631041545,0.393088668584824,0.327213963907422,0.255241344774693,0.257426545023918,0.330764840146967,0.315757274627686,0.342024594545364
0,0,0,0,0,0,0,0,0,0,0,0,0,0,0,0,0,0.127831513231451,0,0,0,0.229838716513465,0.135815682155745,0.281997177649189,0,0.152742236852646,0,0.164041377604008,0,0,0,0,0,0,0,0,0,0.219020679430151,0,0,0,0.326838801304499,0,0,0,0,0,0,0,0.324819154310226,0,0,0,0,0,0,0,0.378340723117193,0,0.354780223220587,0,0,0.35604639351368,0,0,0,0.290835849326042,0,0.296054449944771,0,0.360114670488381,0,0.334785670042038,0,0,0,0,0,0,0,0.253503762600564,0,0.148699893217002,0.125218540430069,0.3329186886549,0,0
0,0,0,0,0,0,0,0,0,0,0,0,0,0,0,0,0.17230387032032,0,0,0,0,0.146184414625168,0.224680754578718,0,0.232585073872046,0,0,0,0.208461542924245,0,0,0,0,0,0,0,0,0,0.22652258731848,0,0,0,0.36806761002054,0,0,0,0,0.431665665691807,0.297188174938984,0,0,0,0,0,0,0,0,0,0,0,0,0,0,0,0,0,0,0.289818597262921,0,0.302514554946511,0,0.272910248145069,0,0,0,0,0,0,0,0,0,0.268635061967939,0.261488420030115,0.389042139053345,0.362797996732924,0,0
0,0,0,0,0,0,0,0,0,0.207939642171065,0,0,0,0,0,0,0,0.164383465923914,0.301166117191315,0,0,0.263422717899084,0,0.233883156012448,0,0.160484660558635,0,0,0,0,0,0,0,0,0,0,0,0.37024082215955,0,0,0,0.334789007902145,0,0,0,0,0,0,0,0.324201723796198,0,0,0,0,0,0.266679709845216,0,0.355084717273712,0,0,0,0,0,0,0.290835849326042,0,0,0,0.315111440722831,0,0.354594991102323,0,0,0,0,0,0,0,0,0,0.311537327186057,0,0.186391585240407,0,0.394490558566856,0,0
0,0,0,0,0,0,0,0,0.258350782096386,0,0,0,0,0,0,0,0.162341413753373,0,0,0,0,0,0.222237666536655,0,0.193533635528927,0,0.207712968190511,0,0,0,0,0,0,0,0,0,0,0,0.274592902852019,0,0,0.376975893974304,0.390550673540149,0,0,0,0,0.492910780616709,0.325873335932984,0,0,0,0,0,0.266140375679462,0,0,0,0,0,0,0,0,0,0,0.289818597262921,0,0,0,0.264064925123555,0,0.331661686301231,0,0,0,0,0,0,0,0,0,0.276814211030208,0.440318217944531,0.416284730037053,0.410889880997794,0,0
0,0,0,0,0,0,0,0,0,0,0,0,0,0,0,0,0,0.141747678319613,0.265593558549881,0,0,0.249719961594652,0,0.321026440709829,0,0.183227254237447,0,0.226526379585266,0,0,0,0,0,0,0,0,0,0,0,0,0,0,0,0,0,0,0,0,0,0.293404842416445,0,0,0,0,0,0,0,0.379373336380178,0,0.33574726067959,0,0.316227376461029,0,0,0.296054449944771,0,0.315111440722831,0,0,0,0.323849601107251,0,0,0,0,0,0,0,0,0,0,0,0.167922457946198,0,0.356318801641464,0,0
0,0,0,0,0,0,0,0,0,0,0,0,0,0,0,0,0.152531147216048,0,0,0,0,0,0.258665358903361,0,0.166637233325413,0,0.178176244147695,0,0.181705659833448,0,0,0,0,0,0,0,0,0,0,0,0,0,0,0,0,0,0,0,0.301667060170855,0,0,0,0,0,0,0,0.352057039737701,0,0.416718170046806,0,0,0,0,0,0,0.302514554946511,0,0.264064925123555,0,0,0,0.262510542183163,0,0,0,0,0,0,0,0,0,0,0.173825251204627,0,0,0,0
0,0,0,0.27898795902729,0,0,0,0,0,0,0,0,0,0,0,0,0,0,0.433864295482635,0,0,0.331594547419133,0,0,0,0,0,0.176406767337443,0,0.193542094067449,0,0,0,0,0,0,0,0.305294422516182,0,0.307478293776512,0,0.34168167412281,0,0,0,0.3135631190879,0,0,0,0.340722309265818,0,0.299683749675751,0,0,0,0,0,0.370200184502346,0,0.34393697196127,0,0,0.345046541038549,0,0.360114670488381,0,0.354594991102323,0,0.323849601107251,0,0,0,0.290642433291542,0,0,0,0,0,0.308198768358964,0,0.279892983523058,0,0.24244747179396,0.160786272957921,0.339215462406476,0.387012869119644,0
0,0,0.295212055955614,0,0,0,0,0,0.251875698566437,0,0,0,0,0,0,0,0.309249490499496,0.32132688164711,0.326263988018036,0,0,0,0.211249311055456,0,0,0,0,0,0.180614301384826,0,0.150207042694092,0,0,0,0,0,0,0,0.164406974155169,0,0,0,0.356112615676487,0,0,0,0,0,0.273934591293994,0,0,0,0,0,0.263237113753955,0,0.392079806824525,0,0.317273171040519,0,0,0,0,0.357402175664902,0,0.272910248145069,0,0.331661686301231,0,0.262510542183163,0,0,0,0.316846515508306,0,0,0,0,0,0.45033124089241,0,0.30478260074726,0.292149845968213,0,0.377815233452337,0,0.346093033368771
0,0.397911630570889,0,0.315936220953098,0,0.270245435337226,0,0,0,0,0,0.231511258368009,0,0,0,0,0.329080927371979,0.376837372779846,0.417425673253269,0.253508865833282,0,0.348003728823228,0,0,0,0,0,0.202795253396034,0,0.210925394858786,0,0,0,0,0,0.328307598829269,0,0.212029513167708,0,0.379607141017914,0,0.335319438743717,0.343274831771851,0.441244301199913,0,0.343435693898967,0.323701143264771,0,0,0.337767432133357,0,0.291055017709732,0,0,0,0,0,0.350288508136669,0,0,0,0,0.361469471578525,0.347088888287544,0.334785670042038,0,0,0,0,0,0.290642433291542,0,0,0,0,0,0,0,0.317271540562312,0,0.27019692552339,0.381077945232391,0.375813701535974,0.323622062802315,0.346504972875118,0.391294723174658,0
0,0,0.311384607393008,0,0.272901922464371,0,0,0,0.271547064185143,0,0.248903374409392,0,0,0,0,0,0.348607733845711,0,0.365015653313183,0,0,0,0,0,0,0,0,0,0,0,0.219851701731575,0,0,0,0,0,0,0,0.173055354233195,0,0.372029006481171,0,0.361508307172291,0,0.422092829431806,0.295214533805847,0.387216690182686,0,0.30565395206213,0,0,0,0,0,0.27408073147138,0,0.278010497449851,0,0.240198226438628,0,0.280290275812149,0,0,0.383363655854746,0,0,0,0,0,0,0,0.316846515508306,0,0,0,0,0,0,0.395763158798218,0.381674201952087,0,0.297889254380933,0.373640712314439,0.355525857210159,0.372225722441306,0,0.403916769648251
0,0,0,0,0,0,0,0,0,0,0,0,0,0,0,0,0,0,0,0,0,0,0,0,0,0,0,0,0,0,0,0.24109932957494,0.174508643554563,0.204753247111343,0,0.175402299993239,0.144390678541227,0,0,0,0,0,0,0,0,0,0,0.451526350373765,0.480055868625641,0,0,0,0,0,0,0,0,0,0,0,0,0,0,0,0,0,0,0,0,0,0,0,0,0,0,0.237103819772227,0.351016759677717,0.184579223394394,0.274822350900486,0.142592218789187,0,0,0.207353535810662,0,0,0,0
0,0,0,0,0,0,0,0,0,0,0,0,0,0,0,0,0,0,0,0,0,0,0,0,0,0,0,0,0,0,0,0.177615685230595,0.238471951425853,0,0,0.162400375889695,0.239920806712829,0,0,0,0,0,0,0,0,0,0,0.425083010982865,0.548177689313889,0,0,0,0,0,0,0,0,0,0,0,0,0,0,0,0,0,0,0,0,0,0,0,0,0,0.237103819772227,0,0,0.293366140915911,0.320937439799309,0.252498251781856,0,0.300694972276688,0.173354634944397,0,0,0,0
0,0,0,0,0,0,0,0,0,0,0,0,0,0,0,0,0,0,0.33296474814415,0,0,0,0,0,0,0,0,0,0,0,0,0.198769778013229,0,0.325666530752292,0.203541109445972,0.234660689143034,0,0.199012143411247,0,0.353320986032486,0,0.437972813844681,0,0,0,0.430609405040741,0,0.263747641885722,0,0.494295610984166,0,0,0,0,0,0,0,0,0,0,0,0,0,0,0,0,0,0,0,0,0,0,0,0,0.351016759677717,0,0,0.196966603398323,0.361696259428598,0,0.35819411083343,0,0.192142729484846,0,0.39073346555233,0,0
0,0,0,0,0,0,0,0,0,0,0,0,0,0,0,0,0,0,0,0,0,0,0,0,0,0,0,0,0,0,0,0,0.212361166874568,0.188130912838188,0.207874038316445,0,0.208280324867244,0.19656180642372,0.250936352514795,0,0,0,0.347893476486206,0,0,0,0,0.282247709279711,0.407808439806104,0,0,0,0,0,0,0,0,0,0,0,0,0,0,0,0,0,0,0,0,0,0,0,0,0,0.184579223394394,0.293366140915911,0.196966603398323,0,0,0.356056204251945,0,0.30121205418737,0.191931436805762,0.235703676939011,0,0,0.34525266289711
