0,0,0.000500324128976035,0,0,0,0,0,0.00778726276903391,0,0,0,0,0,0,0,0,0,0,0,0,0,0,0,0,0,0,0,0,0,0,0,0,0,0,0,0,0,0,0,0,0,0.00028057114940858,0,0,0,0.00168879433010874,0,0.015324997895161,0,0,0,0,0,0.00137987583710889,0,0,0,0,0,0,0,0,0.000101324039515432,0,0,0,0,0,0,0,0,0,0,0,0,0,0,0,0,0,0,0.000681319430266625,0,0.00564421781343536,0,0.000571278868337417
0,0,0,0.0162447235369598,0,0,0,0,0,0.0255557098205789,0,8.46255684909415e-05,0,0,0,0,0,0,0,0,0,0,0,0.00116275596195887,0,0,0,0,0,9.59343007982307e-05,0,0,0,0,0,0,0,3.72483275059083e-05,0,0,0,0.00325780151057114,0,0.000135413461647874,0,3.22011653549692e-05,0,0,0,0.00569303211361709,0,0,0,0,0,0.0342217629510837,0,0.00116096976777614,0,0,0,0,3.3704396599329e-05,0,0,0,0.00165154996076709,0,0,0,0,0,0.00237127781299328,0,0,0,0,0,0.00024610142231037,0,0.00024316367520018,0,0.000742434038256641,0,0.00914108104775484,5.81316646884244e-05,0
0.000500324128976035,0,0,0,0.00822349263919905,0,0,0,0.00434776673409923,0,0.00172125515635958,0,0,0,0,0,0,0,8.77797329387169e-05,0,0.00371459961065034,0,0,0,0,0,0,0,0,0,0,0,0,0,0,0,0,0,4.87304702923014e-06,0,0.000735105889738304,3.44394617693977e-05,0.00420789631197656,0,0,0,0.00923637689166146,0.000441195610946438,0.00800186545501178,0.00314103581608951,0.00720496535053958,0,0,0,0.00232943734958908,0,0.00308803755214805,0,0,0,0,0,0,0.00506013005103825,0,0,0,0,0,0,0,0,0,0,0,0,0,0.000211162125690259,0,0.00029428596303908,0,6.31563972891434e-05,0.000353719707552987,2.63490495885742e-06,0.0237416761782355,0,0.000141294759460123
0,0.0162447235369598,0,0,0,0,0,0,0,0,0,0,0,0,0,0,0,0,0,0,0,0,0,0,0,0,0,0,0,0,0,0,0,0,0,0,0,0,0,0.000299128333752771,0,0.001022252131692,0,0,0,0.000936567166914528,0,0,0,0.00427465231900871,0,0,0,0,0,0,0,0.00291032188587138,0,0,0,0,1.37773746721005e-05,0,0,0,0,0,0,0,0,0,0.000153449081697679,0,0,0,0,0,2.07903592659166e-05,0,2.19996913192679e-05,0,0.000264782417902803,0,0.00765342140447028,0,0
0,0,0.00822349263919905,0,0,0,0,0,0,0,0,0,0,0,0,0,0,0,0,0,0,0,0,0,0,0,0,0,0,0,0,0,0,0,0,0,0,0,0,0,0,0,0.000112526481211715,0,0,0,0,2.11208213979179e-05,9.07748473883312e-05,4.48812469132772e-05,0.0111597830473093,0,0,0,0,0,0.000813806789938843,0,0,0,0,0,0,0.000344824839539207,0,0,0,0,0,0,0,0,0,0,0,0,0,0,0,0,0,0,0.000115600167717132,0,0.00691993055947809,0,0
0,0,0,0,0,0,0,0,0,0,0,0,0,0,0,0,0,0,0,0,0,0,0,0,0,0,0,0,0,0,0,0,0,0,0,0,0,0,0,0,0,0,0,0,0,0,0,0,0,0,0,0.000514072715304792,0,0,0,0,0,0,0,0,0,0,0,0,0,0,0,0,0,0,0,0,0,0,0,0,0,0,0,0,0,0,0,0,0,0,0
0,0,0,0,0,0,0,0,0,0,0.0120673053814599,0,0,0,0,0,0,0,0,0,0,0,0,0,0,0,0,0,0,0,0,0,0,0,0,0,0,0,0,0,0,0,0,0,0,0,0,0,0,0,0,0,0.00110330060767332,0,0,0,0,0,0.00110530436799217,0,0,0,0,0,0,0,0,0,0,0,0,0,0,0,0,0,0,0,0,0,0,0,0,0,0,0,0
0,0,0,0,0,0,0,0,0,0,0,0,0,0,0,0,0,0,0,0,0,0,0,0,0,0,0,0,0,0,0,0,0,0,0,0,0,0,0,0,0,0,0,0,0,0,0,0,0,0,0,0,0,0,0,0,0,0,0,0,0,0,0,0,0,0,0,0,0,0,0,0,0,0,0,0,0,0,0,0,0,0,0,0,0,0,0
0.00778726276903391,0,0.00434776673409923,0,0,0,0,0,0,0,0,0,0,0,0.000657841500868955,0,0.00336825710807671,4.30411543774545e-05,0.000180773412293948,0,0,1.34835579871347e-05,0.000570203670906192,0.000462827559600493,0.0314434790595183,0,0.00298220398354997,0,0,0,0,0,0,0,0,0,0,0,0.00067750831391828,0,2.54600366564705e-05,0,0.00561440000102778,0,0,0,0.000264801959246819,0.000274792663561656,0.00138129508600999,0.000352393920172486,0,0,0,0,0.177582890588963,0,0,0,0,0,0.0128567601289892,0,0,6.78800145455924e-05,0,0.000173273115184536,0,0.0133034028123193,0,0.000609006116835781,0,0,0,0,0,0,0,0,0,0,0,0,0.00152769136002376,0,0.0041650757630298,0,0
0,0.0255557098205789,0,0,0,0,0,0,0,0,0,0,0,0,0,0.0163782244988385,0.000488144312751281,0.0055736494205031,0.000505176991117386,0,0,0.000883676694467079,4.50730164243569e-05,0.0394700604745361,0.000977888609563068,0.00877040325960758,0,0,0,0,0,0,0,0,0,0,0,6.9375965415764e-05,0,0,0,0,0,0,8.56665080782356e-05,0,0,0,0,0.00332680825140678,0,0,0,0,0,0.0822596999930093,0,0,0,0,0,0.012387581472585,0,0,0.000126852134768946,0,0.00590086077250617,0.000113492467552542,0.00295781912769657,0,0,0,0,0,0,0,0,0,0,3.59100190659774e-06,0.000283241095985909,0,0.00196438914586373,5.84208559106542e-06,0.00176463593161252,0,0
0,0,0.00172125515635958,0,0,0,0.0120673053814599,0,0,0,0,0,0,0,0,0,3.99842640071397e-05,0,0.000395042022719671,0,0.00875278699584746,0,0,0,0,0,0,0,0,0,0,0,0,0,0,0,0.000580216351301308,0,0.0078318408200479,0,0.000680713898373465,0,0.019002971950912,0,0.00166427919645812,0,0.00723671351761217,0.000142667387678874,0.000743728058706173,0.00122110551734645,0,0,0,0,0,0,0.0630868895605749,0,0,0,0,0,0,0.00411929238500031,0,0,0,0,0,0,0,0,0,0.000207555961984937,0,0,0,0,1.00568701269432e-05,0.000262856832156741,0,2.45515046327069e-05,0.00105331045831107,0,0.00493592868059496,0,0.0225408861636731
0,8.46255684909415e-05,0,0,0,0,0,0,0,0,0,0,0,0.00925584465920402,0,0,0,0,4.34625357692469e-05,0.00465104434043192,0,0,0,0,0,0,0,0.00232528978557531,0,0.0087287206934149,0,0,0,0,0,0.000961750588897162,0,0.00608255057489219,0,0,0,6.10065863999485e-05,0,0,0,0,0,0,0,1.43357971001886e-05,0,0,0,0,0,0,0,0.0400648221000651,0,4.89380436192732e-05,0,0,0.00167364754916305,0,0,0,0,0,0,0,0,0,0.013812879088134,0,0,0,0,0,0.00214093486172731,0,0.00202940765483259,0,0.000515949302470631,3.26036188096374e-05,9.768567942874e-06,0.000280619568301888,0
0,0,0,0,0,0,0,0,0,0,0,0,0,0,0.0136393442009316,0,0,0,0,0,0,0,0,0,0,0,0,0,0,0,0,0,0,0,0,0,0,0,0,0,0,0,0,0,0,0,0,0,0,0,0,0,0,0,0,0,0,0,0.0125235079353848,0,0,0,0,0,0,0,0,0,0,0,0,0,0,0,0,0,0,0,0,0,0,0,3.62553567996927e-05,0,0,0,0
0,0,0,0,0,0,0,0,0,0,0,0.00925584465920402,0,0,0,0.000195733024156652,0,0,0,0,0,0,0,0,0,0,0,0,0,0,0,0,0,0,0,0,0,0,0,0,0,0,0,0,0,0,0,0,0,0,0,0,0,0,0,0,0,0.000479086204303515,0,0.00550129960740185,0,0,0,0,0,0,0,0,7.95323503552936e-05,0,0,0,0,0,0,0,0,0,0,0,0,0,0.000237922219587375,0.000351764593376248,0,0,0
0,0,0,0,0,0,0,0,0.000657841500868955,0,0,0,0.0136393442009316,0,0,0,0.00725186233658319,7.21636259939239e-05,0.000180111269461074,0,0,0,0.000619426857088019,0.000647216958794836,0.0123170072987395,0,0.0172022722508824,0,0,0,0,0,0,0,0,0,0,0,0,0,0,0,7.21017477612641e-05,0,0,0,0,0,0,0,0,0,0,0,0,0,0,0,0,0,0.019366529441472,0,0,0,0,0.000265475849282965,0,0.00266070553234056,0,0.00775784510729439,0,0,0,0,0,0,0,0,0,0,0,0,0.000439076918620795,0,0,0.000829645501052537,0
0,0,0,0,0,0,0,0,0,0.0163782244988385,0,0,0,0.000195733024156652,0,0,0,0.00179498021080308,0,0,0,0.000324803964223978,0,0.00168566135707182,0,0.0223040097058775,0,0,0,0,0,0,0,0,0,0,0,0,0,0,0,0,0,0,0,0,0,0,0,0,0,0,0,0,0,0.00295561215200478,0,0,0,0.00030105747282505,0,0.0304979268536946,0,0,5.49830674250581e-05,0,0.000192536145713512,0,0.0119108249277058,0,0,0,0,0,0,0,0,0,0,0,0,0,0.000404334255356018,0,0,0,0
0,0,0,0,0,0,0,0,0.00336825710807671,0.000488144312751281,3.99842640071397e-05,0,0,0,0.00725186233658319,0,0,0.0744434820951654,0.0394404402022375,0,3.82049946100829e-05,0.00115875995400345,0.0100469824392165,0.00341001794823219,0.0113345804052865,0.000677522325662029,0.0291717679264577,0,0,0,0,0,0,0,0,2.53523026733652e-05,1.87103252389061e-06,0,0,5.1005123843424e-05,0.000678962459631518,0.00117875715373645,0.00196132291312946,6.0152162160312e-05,0.000265330173172532,0,5.65832145888172e-06,0,2.68514365739222e-05,0,0,0,0,0,0.00043090835650006,0,3.30244951262442e-06,0,0,0,0.00127566182235297,0,0.000205079816286914,5.49786341018867e-06,0.00018134346394977,0.00120416502574635,0.000100102134823691,0.00167224220638532,1.65759366497015e-05,0.0105967750819572,0,0,0,0,0,0,0,0,0.000705063175317706,0.000805943946857595,0.000144376139392458,4.13031401402529e-05,0.0236380559477338,0.000953206693290236,0.00059208710443051,0.000277857064631902,0.000146489107438037
0,0,0,0,0,0,0,0,4.30411543774545e-05,0.0055736494205031,0,0,0,0,7.21636259939239e-05,0.00179498021080308,0.0744434820951654,0,0.031023327185557,0,0,0.00851754222084581,0.0020543713808576,0.0114670147691157,0.00211141420205371,0.0333766656833328,0.000271184321055638,3.55831564775519e-05,0,0,0,0,0,0,0,0,0,2.70121805034945e-06,0,5.04212741284806e-05,0.000415341929354705,0.00107055015745637,0.000690719516726143,8.66636095705846e-05,9.74124305196038e-05,0,0,0,3.14280670364511e-05,0,0,0,0,0,0,0,0,0,0,0,0,0.00099159952941727,0.000117511557403828,0,0.00165212483784231,0.000286745012357077,0.00155562943116978,0.000126996638682685,0.013582959410708,7.54859907818565e-05,0,0,5.76977624648116e-05,0,0,0,0,0,0.000507121771177948,0.0003724331204786,0.000187510608299778,2.13221199178366e-05,0.0216782046374725,0.000442720716063407,0.000348708706450965,0.000425667253972771,8.99348648456337e-05
0,0,8.77797329387169e-05,0,0,0,0,0,0.000180773412293948,0.000505176991117386,0.000395042022719671,4.34625357692469e-05,0,0,0.000180111269461074,0,0.0394404402022375,0.031023327185557,0,0,0.000243804458018281,0.000308494370159327,0.00192329964519568,0.00369501071669172,0.00314708620927833,0.000166559202051992,0.000988184586349812,0,0,1.94579896173343e-05,0,0,0,0,0,5.37919482021892e-05,9.14760498358696e-06,4.34980092411312e-06,5.72742111210942e-05,0.00374697914996796,0.0145511995403348,0.0274206932755199,0.0302922209398366,0.00201016279212278,0.00589354505298302,0,0,3.17948308321547e-05,0.000301577029010825,0.000234890387537459,0,0,0,0,0,0,9.25919359563825e-05,5.08319678527733e-05,0,0,0,0,0.00334521165441916,0.000246367729550649,7.95795761605464e-05,0.00039101575428903,3.56495441683425e-05,0.000388220033793296,3.75548937990647e-05,0.000179094800817086,0,0,0.000288459304322635,2.46606326461384e-05,0,0,0,0,0.0100725599445435,0.00898760902904443,0.00249755578060114,0.000340695572122693,0.0168512092474008,0.000107755031034463,0.011669501062991,0.0116508202673059,0.00244803114874263
0,0,0,0,0,0,0,0,0,0,0,0.00465104434043192,0,0,0,0,0,0,0,0,0,0,0,0,0,0,0,0,0,0.000542648335616524,0,0,0,0,0,0.00462694744776403,0,0.00115151163495091,0,0,0,3.06849429844384e-05,0,0,0,9.02386456076633e-05,0,0,0,7.1568004278423e-06,0,0,0,0,0,0,0,0.0135334391964723,0,0,0,0,0.0784834390515394,0,0,0,0,0,0,0,0,0,0.00694152235086592,0,0,0,0,0,0.0109793686552647,0,0.00630470484923751,0,0.000127940531526324,0,3.79233051524505e-05,0,0
0,0,0.00371459961065034,0,0,0,0,0,0,0,0.00875278699584746,0,0,0,0,0,3.82049946100829e-05,0,0.000243804458018281,0,0,0,3.08717836480072e-06,0,0,0,0,0,0,0,0,0,0,0,0,0,0.00797731042186795,0,0.000980964370132964,0,0.000724153890766629,9.61885644970963e-06,0.0211822048205916,0,0.00175614872038179,0,0.015379452387744,0.000129866680585162,0.00101994046843765,0.00121288129607186,0,0,0,0,0,0,0.00400717379814681,0,0,0,0,0,0,0.049516949735968,0,0,0,0,0,0,0,0,0,0.000181518139184294,0,0,0,0,0,0.00345629271995067,0,0.00133082162741983,0.00318287248974921,7.10384180652614e-06,0.0107268598410252,0,0.023194611384996
0,0,0,0,0,0,0,0,1.34835579871347e-05,0.000883676694467079,0,0,0,0,0,0.000324803964223978,0.00115875995400345,0.00851754222084581,0.000308494370159327,0,0,0,0.00585049764687519,0.0142922953468466,0.000252013577180055,0.0292057943975562,3.66271763826838e-05,0.000790066891961357,0,0,0,0,0,0,0,0,0,0.00870666393964397,0,0,0,1.50437801417691e-05,1.99621102631175e-05,0,0,0,0,0,0,0.000375023086006335,0,0,0,0,0,0,0,0,0,0,0,2.16613864812217e-05,3.96929990105041e-06,0,0.0745037144743146,5.75831089884052e-05,0.00602645056722314,3.26089974595559e-05,0.0171731729694998,0,0.000163935190433728,0,0,0,0,0,0,0,0,5.51749338939321e-06,0.00838749481824829,0,0.00636713858663236,0.00134185188866939,0,0,0
0,0,0,0,0,0,0,0,0.000570203670906192,4.50730164243569e-05,0,0,0,0,0.000619426857088019,0,0.0100469824392165,0.0020543713808576,0.00192329964519568,0,3.08717836480072e-06,0.00585049764687519,0,0.000915666836442292,0.0164117933064068,0.00016054446828637,0.0161479044536673,0,0.000179619816032156,0,0,0,0,0,0,0,0,0.000520882161540101,0.00645287974666712,0,3.99148798656323e-05,9.26083080016621e-05,8.26390034162903e-05,0,5.21285018360276e-06,0,0,0,0.00228797741719931,0,0,0,0,0,0,0,0,0,0,0,0.00010805769998316,0,1.07031568670781e-05,0,0.000166645264349385,0.079952566747773,0,0.00347306118211534,0,0.00753483939078987,0,0.00105257719273481,0,0,0,0,0,0,6.72683108050838e-05,6.70275319225672e-05,1.76081087674539e-05,0.00508415422378247,0.00646366453995065,0.000718646973695444,2.10188293892815e-05,3.4439912922294e-06,0
0,0.00116275596195887,0,0,0,0,0,0,0.000462827559600493,0.0394700604745361,0,0,0,0,0.000647216958794836,0.00168566135707182,0.00341001794823219,0.0114670147691157,0.00369501071669172,0,0,0.0142922953468466,0.000915666836442292,0,0.0122485256336105,0.0604101906411648,0.000716365122405193,0,0,0,0,0,0,0,0,0,0,0.00103960807941829,0,0,0,0,9.99920015630781e-05,0,0,0,0,0,0,3.54808237081955e-05,0,0,0,0,0,0.0474703359873882,0,0,0,0,0,0,0,0,0.00643971674949206,0.000181209310045647,0.0737415013394332,0.000887278866586811,0.0253251759808111,0.000156626721389482,0,0,0,0,0,0,4.84874108342441e-05,0,1.15150826454583e-05,1.38421757874587e-06,0.000538806692216104,0,0.0109643293610331,0.000224280513488502,0.000492702052296387,0,0
0,0,0,0,0,0,0,0,0.0314434790595183,0.000977888609563068,0,0,0,0,0.0123170072987395,0,0.0113345804052865,0.00211141420205371,0.00314708620927833,0,0,0.000252013577180055,0.0164117933064068,0.0122485256336105,0,0.000474103062524687,0.12083806727798,0,0,0,0,0,0,0,0,0,0,0,0.0011359596911468,1.57910209814594e-05,0,0,0,0,0,0,0,0,0,0,0,0,0,0,0.0045282599879096,0,0,0,0,0,0.0030867202923847,0,0,0,3.29904254351672e-05,0.0120959710903319,0.000143328587002489,0.139476817103322,9.69885207741678e-05,0.0565235603248972,0,0,0,0,0,0,0,0,2.96942512795409e-05,8.45218096320877e-06,0,0,0.0063428710225061,0.000118135645705471,0,0,0
0,0,0,0,0,0,0,0,0,0.00877040325960758,0,0,0,0,0,0.0223040097058775,0.000677522325662029,0.0333766656833328,0.000166559202051992,0,0,0.0292057943975562,0.00016054446828637,0.0604101906411648,0.000474103062524687,0,0,0.000165134581038728,0,0,0,0,0,0,0,0,0,0,0,0,0,0,0,0,0,0,0,0,0,0,0,0,0,0,0,0.000225468939459975,0,0,0,0,0,0.00284157714790056,0,0,0.0166444397331895,2.73696834235111e-05,0.00650831251257524,0,0.174136677599141,0,0,0,0,0,0,0,0,0,0,0,0,0,0.00325435973028089,1.96541294766796e-05,0,0,0
0,0,0,0,0,0,0,0,0.00298220398354997,0,0,0,0,0,0.0172022722508824,0,0.0291717679264577,0.000271184321055638,0.000988184586349812,0,0,3.66271763826838e-05,0.0161479044536673,0.000716365122405193,0.12083806727798,0,0,0,0.00061797269692167,0,0,0,0,0,0,0,0,0,0,0,0,0,1.88341545192659e-05,0,0,0,0,0,0,0,0,0,0,0,0,0,0,0,0,0,0.0300331870718002,0,1.07277485877316e-05,0,0,0.00821786005326798,0,0.0462564300242005,0,0.315894316868057,0,0,0,0,0,0,0,0,8.04968253079759e-06,0,0,0,0.00191061742075575,1.79325852799878e-05,6.93488832746118e-06,0,0
0,0,0,0,0,0,0,0,0,0,0,0.00232528978557531,0,0,0,0,0,3.55831564775519e-05,0,0,0,0.000790066891961357,0,0,0,0.000165134581038728,0,0,0,0.00526777173165147,0,0,0,0,0,0,0,0,0,0,0,0,0,0,0,0,0,0,0,0,0,0,0,0,0,0,0,0,0,0,0,0,0,0,0.00171707914038696,0,0,0,0.00292182715159299,0,0.0255914941468237,0,0,0,0,0,0,0,0,0,0,0,0.000187692499668218,0.00016190886825284,0,0,0
0,0,0,0,0,0,0,0,0,0,0,0,0,0,0,0,0,0,0,0,0,0,0.000179619816032156,0,0,0,0.00061797269692167,0,0,0,0,0,0,0,0,0,0,0,0,0,0,0,0,0,0,0,0,0,0,0,0,0,0,0,0,0,0,0,0,0,0,0,0,0,0,0.000399003333214298,0,0,0,5.34495556857056e-05,0,0.000635965091351693,0,0,0,0,0,0,0,0,0,0,1.47171803131226e-05,0,0,0,0
0,9.59343007982307e-05,0,0,0,0,0,0,0,0,0,0.0087287206934149,0,0,0,0,0,0,1.94579896173343e-05,0.000542648335616524,0,0,0,0,0,0,0,0.00526777173165147,0,0,0,0,0,0,0,0,0,0.000880243384186714,0,0,0,0.000101203774542816,0,0,0,0,0,0,0,3.67893665844446e-05,0,0,0,0,0,0,0,0.0113174422765447,0,0,0,0,0.00042767513154869,0,0,0,0,0,0,0,0.000191261130944691,0,0.019082133495423,0,0,0,0,0,0,0,0,0,0.000202196671169941,1.29540720681851e-06,0,0.00050270019802817,0
0,0,0,0,0,0,0,0,0,0,0,0,0,0,0,0,0,0,0,0,0,0,0,0,0,0,0,0,0,0,0,0,0,0,0,0,0,0,3.33142637559878e-05,0,5.07649517054944e-05,0,0.000480771307511084,0,4.94226760219289e-05,0,0,0,0,0,0,0,0,0,0,0,0,0,0,0,0,0,0,0,0,0,0,0,0,0,0,0,0,0.00507768312978408,0,0,0,0,0,0,0,0.000154192606703481,2.40756231363414e-06,0,0.000130494080941132,0,0.00165097040292594
0,0,0,0,0,0,0,0,0,0,0,0,0,0,0,0,0,0,0,0,0,0,0,0,0,0,0,0,0,0,0,0,0.0886230390826378,0.0129290302931274,0.00183460768147182,0.00192485871322296,6.45015097804713e-05,0,0,9.01771627872974e-05,0,0,0,0,0,0,0,0.0538561827801522,0,0.000334977066861245,0,0,0,0,0,0,0,0,0,0,0,0,0,0,0,0,0,0,0,0,0,0,0,0,0.295790277137248,0.0668434412133459,0.0249639707153403,0.00667451240786333,0.0214114403235567,0,1.59402801211548e-05,0,0.00339291865337538,0,0,0,0
0,0,0,0,0,0,0,0,0,0,0,0,0,0,0,0,0,0,0,0,0,0,0,0,0,0,0,0,0,0,0,0.0886230390826378,0,0.00316672041127964,0.0193219570517602,6.08223069657922e-05,0.00538174913667785,0,0,0,1.94771743309531e-05,0,0,0,0,0,0,0.159565153943959,0.00271174723503217,0,0,0,0,0,0,0,0,0,0,0,0,0,0,0,0,0,0,0,0,0,0,0,0,0,0.0462381062589835,0.298015505161464,0.00250564551902626,0.112266493642422,0.000204354284686535,0.000142449744909067,0,2.47746297364203e-05,0.00260325870474212,0,2.22271365677486e-05,0,0
0,0,0,0,0,0,0,0,0,0,0,0,0,0,0,0,0,0,0,0,0,0,0,0,0,0,0,0,0,0,0,0.0129290302931274,0.00316672041127964,0,0.359871933317728,0.00192834734714442,0.00051579677198867,0.00119435201019553,2.87234816406349e-05,0,0,0.000179570524526397,0,0,0,0,0,0.109941048278061,0.000325928653445289,0.00684420542861867,0,0,0,0,0,0,0,0,0,0,0,0,0,0,0,0,0,0,0,0,0,0,0,0,0.00663644167896778,0.00460845932624296,0.588205265535949,0.286989575485048,0.00193044303792216,4.87354352177062e-05,0.00805609816194196,0.00101739227958409,0.00268433770854973,0,0.000189106142228565,0,0
0,0,0,0,0,0,0,0,0,0,0,0,0,0,0,0,0,0,0,0,0,0,0,0,0,0,0,0,0,0,0,0.00183460768147182,0.0193219570517602,0.359871933317728,0,0,0.00478520607706233,8.76741769056683e-06,0.000946813457432523,0,0,0,0.000178467373918524,0,0,0,0,0.0726622083372625,0.0123004336343289,0,0,0,0,0,0,0,0,0,0,0,0,0,0,0,0,0,0,0,0,0,0,0,0,0,0.000181990702963777,0.00139504353227942,0.179633273893899,0.492060459234949,0.000397565610623455,0.00257364665777184,0.00011235631039578,0.00427988579199758,0.00173433083696505,1.06794562339243e-05,0.000237645195542826,0,0
0,0,0,0,0,0,0,0,0,0,0,0.000961750588897162,0,0,0,0,2.53523026733652e-05,0,5.37919482021892e-05,0.00462694744776403,0,0,0,0,0,0,0,0,0,0,0,0.00192485871322296,6.08223069657922e-05,0.00192834734714442,0,0,0.000743377234652942,0.0124866816999408,0,0.000645507448450338,0,0.000348264315823596,0,1.45339104671713e-05,0,4.22111660805026e-05,0,4.81412144525389e-05,0,9.41243461959234e-05,0,0,0,0,0,0,0,8.15669048544433e-05,0,0,0,0,0.00235450286670893,0,0,0,0,0,0,0,0,0,1.21920564812637e-06,0,1.96346293549353e-05,0,0.000154672335550443,0,0.0491813364163869,3.80408074916074e-05,0.00224495725789186,0,0.0153015057889603,0.0065059491309576,0.000982783223248899,0.000146671304313988,0
0,0,0,0,0,0,0,0,0,0,0.000580216351301308,0,0,0,0,0,1.87103252389061e-06,0,9.14760498358696e-06,0,0.00797731042186795,0,0,0,0,0,0,0,0,0,0,6.45015097804713e-05,0.00538174913667785,0.00051579677198867,0.00478520607706233,0.000743377234652942,0,0,0.00558265044740295,1.52821416945278e-05,3.91241944973597e-06,5.67820623691276e-06,4.82393006201153e-05,0,3.61447253416498e-05,0,0.000135467173633226,0.00194689045488513,8.31274427390674e-05,0.000817154502522572,0,0,0,0,0,0,0,0,0,0,0,0,0,0.000905156208744633,0,0,0,0,0,0,0,0,0,0,0.000108088354225515,0.001191432252599,1.68063609611528e-05,0.00209168593032872,0.000380143288398669,0.0716451433607071,0,0.00180088095522381,0.0108894567046823,0.00274913163960541,0.00096605001093285,0,1.71910119502899e-06
0,3.72483275059083e-05,0,0,0,0,0,0,0,6.9375965415764e-05,0,0.00608255057489219,0,0,0,0,0,2.70121805034945e-06,4.34980092411312e-06,0.00115151163495091,0,0.00870666393964397,0.000520882161540101,0.00103960807941829,0,0,0,0,0,0.000880243384186714,0,0,0,0.00119435201019553,8.76741769056683e-06,0.0124866816999408,0,0,0.00302998975294531,3.25171887240705e-06,0,0.000923394937704727,0,0,0,0,0,3.82537193386513e-05,0,0.00280711334530132,0,0,0,0,0,4.57753651062436e-05,0,1.49565229962882e-05,0,0,0,0,0.000837063053058421,0,0.00250558204876408,0,2.160365090941e-05,0,0,0,0.000117625327179209,0,0,0,0,0,0.00482531951302019,0,0.00239245639652424,0,0.073114000178238,0.000307367135522245,0.00733789945315207,0.00153138627099593,0.00238227013713159,0.000167796171996504,0
0,0,4.87304702923014e-06,0,0,0,0,0,0.00067750831391828,0,0.0078318408200479,0,0,0,0,0,0,0,5.72742111210942e-05,0,0.000980964370132964,0,0.00645287974666712,0,0.0011359596911468,0,0,0,0,0,3.33142637559878e-05,0,0,2.87234816406349e-05,0.000946813457432523,0,0.00558265044740295,0.00302998975294531,0,0,3.24092658820637e-05,0,0.00399499768098891,0,2.34092539470659e-05,0,0.000241772276994618,0.000806781795353658,0.00459502492059053,0,0,0,0,0,0,0,0.000126490486409146,0,0,0,0,0,0,0.000472671214130247,0,0.00214654078733635,0,0.000284264776213184,0,0,0,0,0,0.00010068755273096,0,0,0,0.00742238459949435,0,0.00107064841355232,0.000118807830922446,0.0405565662601128,0.00587358118559277,0.000732509708581159,0.000483657472061488,0,0.000423261570012811
0,0,0,0.000299128333752771,0,0,0,0,0,0,0,0,0,0,0,0,5.1005123843424e-05,5.04212741284806e-05,0.00374697914996796,0,0,0,0,0,1.57910209814594e-05,0,0,0,0,0,0,9.01771627872974e-05,0,0,0,0.000645507448450338,1.52821416945278e-05,3.25171887240705e-06,0,0,0.000179987083992637,0.0176628092371341,0.000392087708439872,0,0,0.00685588343949323,0,0.00416971393517872,0,0.0650124950304595,0,0,0,0,0,0,0,0.000877067619599108,0,0,0,0,0.00141672025077038,0,0,0,0,0,0,0,0,0,0.000830787476928739,0,0,0,0,0,0.0232149686223887,6.36968643079102e-05,0.000914763083674823,0,0.000306109712283369,0,0.0143137138780289,0.00531293400152636,0
0,0,0.000735105889738304,0,0,0,0,0,2.54600366564705e-05,0,0.000680713898373465,0,0,0,0,0,0.000678962459631518,0.000415341929354705,0.0145511995403348,0,0.000724153890766629,0,3.99148798656323e-05,0,0,0,0,0,0,0,5.07649517054944e-05,0,1.94771743309531e-05,0,0,0,3.91241944973597e-06,0,3.24092658820637e-05,0.000179987083992637,0,0.00226059733112114,0.0929530565456236,0.000368646834200529,0.00645702532340054,0,0.0033401220517391,0.0043903703619953,0.0355824357992364,0.000142184026543729,0,0,0,0,0,0,0.000357602293271158,1.35634567408454e-05,0,0,0,0,0.000134377541874126,0.0024681949644875,0,1.04381885296596e-05,0,0,0,0,0,0,0,0.0017266708678104,0,0,0,0,0.000372581774586391,0.00600596270405924,0.000142377304674706,0.00376847300924706,0.000813697611833577,0,0.0254437339341554,0.000811112816077035,0.0255133384004913
0,0.00325780151057114,3.44394617693977e-05,0.001022252131692,0,0,0,0,0,0,0,6.10065863999485e-05,0,0,0,0,0.00117875715373645,0.00107055015745637,0.0274206932755199,3.06849429844384e-05,9.61885644970963e-06,1.50437801417691e-05,9.26083080016621e-05,0,0,0,0,0,0,0.000101203774542816,0,0,0,0.000179570524526397,0,0.000348264315823596,5.67820623691276e-06,0.000923394937704727,0,0.0176628092371341,0.00226059733112114,0,0.0105954159461745,0.00307201195853133,0.000277793307243435,0.00267265442254365,0,0.00391686539971976,0.000366223383725056,0.0469346232944908,0,0,0,0,0,0,0,0.0351581268503772,0,0,0,0,0.0150879538456473,4.46347210758021e-05,0,3.09832945403167e-05,0,0,0,0,0,0,0.0595923738630018,1.43304988995084e-05,0,0,0.00101089837303589,0,0.0244727533933949,0.000792553802279856,0.0282628492622467,8.26133387858281e-05,0.00488595989663946,0,0.134433237891616,0.066153324328597,0.000159776985849061
0.00028057114940858,0,0.00420789631197656,0,0.000112526481211715,0,0,0,0.00561440000102778,0,0.019002971950912,0,0,0,7.21017477612641e-05,0,0.00196132291312946,0.000690719516726143,0.0302922209398366,0,0.0211822048205916,1.99621102631175e-05,8.26390034162903e-05,9.99920015630781e-05,0,0,1.88341545192659e-05,0,0,0,0.000480771307511084,0,0,0,0.000178467373918524,0,4.82393006201153e-05,0,0.00399499768098891,0.000392087708439872,0.0929530565456236,0.0105954159461745,0,0.000571141252467753,0.00490848927355993,0,0.00337770734307868,0.00804229565608812,0.0302127156530465,0.000478653377377926,0,0,0,0,0.000332385452492599,0,0.0153386574724203,2.80124781361813e-05,0,0,0,0,0.00163400321639959,0.0338764511114575,0,0,0.000364846368132166,0,0,0,0,0,7.34486443118979e-05,0.00233159310266185,0,0,1.3815254639158e-05,0.00492192066110292,0.0010885462046332,0.0403032364456143,0.000395243187149696,0.00650249474888623,0.00714480072778053,5.10733055260923e-06,0.114659796430148,0.00119916691627422,0.136565058491933
0,0.000135413461647874,0,0,0,0,0,0,0,0,0,0,0,0,0,0,6.0152162160312e-05,8.66636095705846e-05,0.00201016279212278,0,0,0,0,0,0,0,0,0,0,0,0,0,0,0,0,1.45339104671713e-05,0,0,0,0,0.000368646834200529,0.00307201195853133,0.000571141252467753,0,0.00014040886045724,0,0,0,8.12490435303515e-05,0.00017908594249974,0,0,0,0,0,0,0,0,0,0,0,0,0,1.91959105010995e-05,0,0,0,0,0,0,0,0,0.000376388045639612,0,0,0,0,0,0.000495709588853639,5.03614530091311e-05,0.000242442079806517,0,0.00025816331208004,0,0.000739174027239464,0.00133932293983183,0
0,0,0,0,0,0,0,0,0,8.56665080782356e-05,0.00166427919645812,0,0,0,0,0,0.000265330173172532,9.74124305196038e-05,0.00589354505298302,0,0.00175614872038179,0,5.21285018360276e-06,0,0,0,0,0,0,0,4.94226760219289e-05,0,0,0,0,0,3.61447253416498e-05,0,2.34092539470659e-05,0,0.00645702532340054,0.000277793307243435,0.00490848927355993,0.00014040886045724,0,0,0,0,0.000475251685800295,0.000140408706335548,0,0,0,0,0,0,0.000135647057049679,0,0,0,0,0,3.49203667448898e-05,0.000271261991581036,0,0,0,0,0,0,0,0,0,0,0,0,0,0,6.06603273266213e-05,0.00461101917820586,8.38749827308887e-06,0.000127246976420569,0.000283884088076065,3.89475128902929e-06,0.00143615051912234,0.00148503084156354,0.00249392022363023
0,3.22011653549692e-05,0,0.000936567166914528,0,0,0,0,0,0,0,0,0,0,0,0,0,0,0,9.02386456076633e-05,0,0,0,0,0,0,0,0,0,0,0,0,0,0,0,4.22111660805026e-05,0,0,0,0.00685588343949323,0,0.00267265442254365,0,0,0,0,0,0,0,0.00173219007546408,0,0,0,0,0,0,0,0.00256069578871848,0,0,0,0,0.0112274579895475,0,0,0,0,0,0,0,0,0,0.000882952013963983,0,0,0,0,0,6.69886228362276e-05,0,3.16360651850521e-05,0,3.51196853928065e-05,0,0.00165667536442987,0,0
0.00168879433010874,0,0.00923637689166146,0,0,0,0,0,0.000264801959246819,0,0.00723671351761217,0,0,0,0,0,5.65832145888172e-06,0,0,0,0.015379452387744,0,0,0,0,0,0,0,0,0,0,0,0,0,0,0,0.000135467173633226,0,0.000241772276994618,0,0.0033401220517391,0,0.00337770734307868,0,0,0,0,0.000236751756764321,0.00171969864899673,0.0037396656070848,0,0,0,0,0,0,0.00216788703196893,0,0,0,0,0,0,0.0682905256385474,0,0,0,0,0,0,0,0,0,1.58466165738743e-05,0,0,0,0,0,0.0178471556939677,0,0.000242807928008902,0.000282647771291418,2.08836556712477e-06,0.0121234838706025,0,0.000549181090679889
0,0,0.000441195610946438,0,2.11208213979179e-05,0,0,0,0.000274792663561656,0,0.000142667387678874,0,0,0,0,0,0,0,3.17948308321547e-05,0,0.000129866680585162,0,0,0,0,0,0,0,0,0,0,0.0538561827801522,0.159565153943959,0.109941048278061,0.0726622083372625,4.81412144525389e-05,0.00194689045488513,3.82537193386513e-05,0.000806781795353658,0.00416971393517872,0.0043903703619953,0.00391686539971976,0.00804229565608812,0,0,0,0.000236751756764321,0,0.0603589976772048,0.0447615869502712,0,0,0,0,0,0,0,6.2667971234035e-05,0,0,0,0,0.000117563298324064,0.000227185145358705,0,0,0,0,0,0,0,0,0.000110570245306429,0,0.0175736295965925,0.155624421654456,0.0829074807841565,0.0562264784383714,0.0088028200427076,0.0053533210818491,0.00471318827457219,0.00117221363338321,0.00195311364367916,4.82140672960683e-05,0.00873157501896756,0,0
0.015324997895161,0,0.00800186545501178,0,9.07748473883312e-05,0,0,0,0.00138129508600999,0,0.000743728058706173,0,0,0,0,0,2.68514365739222e-05,3.14280670364511e-05,0.000301577029010825,0,0.00101994046843765,0,0.00228797741719931,0,0,0,0,0,0,0,0,0,0.00271174723503217,0.000325928653445289,0.0123004336343289,0,8.31274427390674e-05,0,0.00459502492059053,0,0.0355824357992364,0.000366223383725056,0.0302127156530465,8.12490435303515e-05,0.000475251685800295,0,0.00171969864899673,0.0603589976772048,0,0.00111091692118013,0,0,0,0,0,0,0.00112931185340928,0,0,0,0,0,0,0.00235597524134006,0,0.00321503197635643,0,0.000253133764051269,0,0,0,0,0,0.000521620593139803,0,0,0,0.0066052945362585,0,0.00391411570664175,0,0.00664967592770682,0.00183618658188842,1.87740313815872e-06,0.0427991823840824,0,1.88112205532754e-05
0,0.00569303211361709,0.00314103581608951,0.00427465231900871,4.48812469132772e-05,0,0,0,0.000352393920172486,0.00332680825140678,0.00122110551734645,1.43357971001886e-05,0,0,0,0,0,0,0.000234890387537459,7.1568004278423e-06,0.00121288129607186,0.000375023086006335,0,3.54808237081955e-05,0,0,0,0,0,3.67893665844446e-05,0,0.000334977066861245,0,0.00684420542861867,0,9.41243461959234e-05,0.000817154502522572,0.00280711334530132,0,0.0650124950304595,0.000142184026543729,0.0469346232944908,0.000478653377377926,0.00017908594249974,0.000140408706335548,0.00173219007546408,0.0037396656070848,0.0447615869502712,0.00111091692118013,0,0,0,0,0,0,5.73398590829922e-05,1.3488109179745e-05,0.0156459673925074,0,0,0,0.00460823209966145,0.0055852969598505,0.00195407487501517,5.08737575728446e-05,0,0.00327042113216366,0,0,0,3.80452365789097e-05,0,0.0290634578390353,0,0.00106075334997426,0,0.0305218318317035,5.88781142271677e-05,0.00395969330250621,0.000147827119085834,0.0109024787786866,3.9756220383748e-06,0.0014963939064619,3.28028265769622e-06,0.0596585027381765,0.00031062990286626,2.30076732580293e-05
0,0,0.00720496535053958,0,0.0111597830473093,0,0,0,0,0,0,0,0,0,0,0,0,0,0,0,0,0,0,0,0,0,0,0,0,0,0,0,0,0,0,0,0,0,0,0,0,0,0,0,0,0,0,0,0,0,0,0,0,0,0,0,0.000280056848529987,0,0,0,0,0,0,0,0,0,0,0,0,0,0,0,0,0,0,0,0,0,0,0,0,0,0.000487582288072324,0,0.00110915704268476,0,0
0,0,0,0,0,0.000514072715304792,0,0,0,0,0,0,0,0,0,0,0,0,0,0,0,0,0,0,0,0,0,0,0,0,0,0,0,0,0,0,0,0,0,0,0,0,0,0,0,0,0,0,0,0,0,0,0,0,0,0,0,0,0,0,0,0,0,0,0,0,0,0,0,0,0,0,0,0,0,0,0,0,0,0,0,0,0,0,0,0,0
0,0,0,0,0,0,0.00110330060767332,0,0,0,0,0,0,0,0,0,0,0,0,0,0,0,0,0,0,0,0,0,0,0,0,0,0,0,0,0,0,0,0,0,0,0,0,0,0,0,0,0,0,0,0,0,0,0,0,0,0,0,0.00621181237688307,0,0,0,0,0,0,0,0,0,0,0,0,0,0,0,0,0,0,0,0,0,0,0,0,0,0,0,0
0,0,0,0,0,0,0,0,0,0,0,0,0,0,0,0,0,0,0,0,0,0,0,0,0,0,0,0,0,0,0,0,0,0,0,0,0,0,0,0,0,0,0,0,0,0,0,0,0,0,0,0,0,0,0,0,0,0,0,0,0,0,0,0,0,0,0,0,0,0,0,0,0,0,0,0,0,0,0,0,0,0,0,0,0,0,0
0.00137987583710889,0,0.00232943734958908,0,0,0,0,0,0.177582890588963,0,0,0,0,0,0,0,0.00043090835650006,0,0,0,0,0,0,0,0.0045282599879096,0,0,0,0,0,0,0,0,0,0,0,0,0,0,0,0,0,0.000332385452492599,0,0,0,0,0,0,0,0,0,0,0,0,0,0,0,0,0,0,0,0,0,0,0,0,0.00239920524176264,0,0,0,0,0,0,0,0,0,0,0,0,0,0,0.000195734278107104,0,0.000631688100726288,0,0
0,0.0342217629510837,0,0,0,0,0,0,0,0.0822596999930093,0,0,0,0,0,0.00295561215200478,0,0,0,0,0,0,0,0.0474703359873882,0,0.000225468939459975,0,0,0,0,0,0,0,0,0,0,0,4.57753651062436e-05,0,0,0,0,0,0,0,0,0,0,0,5.73398590829922e-05,0,0,0,0,0,0,0,0,0,0,0,0.00268214728934741,0,0,0,0,0.0109475283681922,0,0,0,0,0,0,0,0,0,0,0,0,0,0.000164354851687733,0,3.29120014804277e-05,0,0.000104826481008519,0,0
0,0,0.00308803755214805,0,0.000813806789938843,0,0,0,0,0,0.0630868895605749,0,0,0,0,0,3.30244951262442e-06,0,9.25919359563825e-05,0,0.00400717379814681,0,0,0,0,0,0,0,0,0,0,0,0,0,0,0,0,0,0.000126490486409146,0,0.000357602293271158,0,0.0153386574724203,0,0.000135647057049679,0,0.00216788703196893,0,0.00112931185340928,1.3488109179745e-05,0.000280056848529987,0,0,0,0,0,0,0,0,0,0,0,0,0.00324450310835893,0,0,0,0,0,0,0,0,0,0.0029104750536598,0,0,0,0,1.12218831720707e-05,3.50276456499679e-05,0,0,4.07308527941375e-05,8.74051284629747e-07,0.0256060501867621,0,0.00964169712282235
0,0.00116096976777614,0,0.00291032188587138,0,0,0,0,0,0,0,0.0400648221000651,0,0.000479086204303515,0,0,0,0,5.08319678527733e-05,0.0135334391964723,0,0,0,0,0,0,0,0,0,0.0113174422765447,0,0,0,0,0,8.15669048544433e-05,0,1.49565229962882e-05,0,0.000877067619599108,1.35634567408454e-05,0.0351581268503772,2.80124781361813e-05,0,0,0.00256069578871848,0,6.2667971234035e-05,0,0.0156459673925074,0,0,0,0,0,0,0,0,0,0.00368291565069134,0,0.0032488141980216,0.0357298630631877,0,0,0,0,0,0,0,0.000445164543625219,0,0.0608363155790675,0,0,0,0,0,3.58088514922912e-05,0,0.00036017639083918,0,0.000282583229486029,4.20493038921833e-05,0.0190729299177807,0.0038596484795776,0
0,0,0,0,0,0,0.00110530436799217,0,0,0,0,0,0.0125235079353848,0,0,0,0,0,0,0,0,0,0,0,0,0,0,0,0,0,0,0,0,0,0,0,0,0,0,0,0,0,0,0,0,0,0,0,0,0,0,0,0.00621181237688307,0,0,0,0,0,0,0,0.000217825385334436,0,0,0,0,0,0,0,0,0,0,0,0,0,0,0,0,0,0,0,0,0,3.73148734026247e-05,0,0,0,0
0,0,0,0,0,0,0,0,0,0,0,4.89380436192732e-05,0,0.00550129960740185,0,0.00030105747282505,0,0,0,0,0,0,0,0,0,0,0,0,0,0,0,0,0,0,0,0,0,0,0,0,0,0,0,0,0,0,0,0,0,0,0,0,0,0,0,0,0,0.00368291565069134,0,0,0,0,0,0,0,0,0,0,0,0,0.000681823702353732,0,0,0,0,0,0,0,0,0,0,0,0,0,0,0,0
0,0,0,0,0,0,0,0,0.0128567601289892,0,0,0,0,0,0.019366529441472,0,0.00127566182235297,0,0,0,0,0,0.00010805769998316,0,0.0030867202923847,0,0.0300331870718002,0,0,0,0,0,0,0,0,0,0,0,0,0,0,0,0,0,0,0,0,0,0,0,0,0,0,0,0,0,0,0,0.000217825385334436,0,0,0,0,0,0,7.99648481415857e-05,0,0.00143586543652789,0,0.04046128494027,0,0,0,0,0,0,0,0,0,0,0,0,6.09355845652707e-05,0,0,0,0
0,0,0,0,0,0,0,0,0,0.012387581472585,0,0,0,0,0,0.0304979268536946,0,0.00099159952941727,0,0,0,2.16613864812217e-05,0,0,0,0.00284157714790056,0,0,0,0,0,0,0,0,0,0,0,0,0,0,0,0,0,0,0,0,0,0,0,0.00460823209966145,0,0,0,0,0,0.00268214728934741,0,0.0032488141980216,0,0,0,0,0,0,0,0,0,0,0.00682137858762894,0,0,0,0,0,0,0,0,0,0,0,0,0,0.000207797623591294,0,0,0,0
0,3.3704396599329e-05,0,1.37773746721005e-05,0,0,0,0,0,0,0,0.00167364754916305,0,0,0,0,0.000205079816286914,0.000117511557403828,0.00334521165441916,0.0784834390515394,0,3.96929990105041e-06,1.07031568670781e-05,0,0,0,1.07277485877316e-05,0,0,0.00042767513154869,0,0,0,0,0,0.00235450286670893,0,0.000837063053058421,0,0.00141672025077038,0.000134377541874126,0.0150879538456473,0.00163400321639959,0,3.49203667448898e-05,0.0112274579895475,0,0.000117563298324064,0,0.0055852969598505,0,0,0,0,0,0,0,0.0357298630631877,0,0,0,0,0,0,0,3.36843727841206e-06,0,0,0,0,0,0,0.022337001312249,0,0,0,0,0,0.0147116985528877,0.000100039907399133,0.00962329529096438,0,0.000481945542974163,0,0.018148204621891,0.00158648096064471,0
0.000101324039515432,0,0.00506013005103825,0,0.000344824839539207,0,0,0,6.78800145455924e-05,0,0.00411929238500031,0,0,0,0,0,5.49786341018867e-06,0,0.000246367729550649,0,0.049516949735968,0,0,0,0,0,0,0,0,0,0,0,0,0,0,0,0.000905156208744633,0,0.000472671214130247,0,0.0024681949644875,4.46347210758021e-05,0.0338764511114575,1.91959105010995e-05,0.000271261991581036,0,0.0682905256385474,0.000227185145358705,0.00235597524134006,0.00195407487501517,0,0,0,0,0,0,0.00324450310835893,0,0,0,0,0,0,0,0,0,0,0,0,0,0,0,0,0.000341460296996172,0,0,0,0,1.31774221715839e-05,0.0233485501980282,0,0.000150125577719915,0.000577195986602126,1.68373843637271e-06,0.0305524836496227,1.55599706534523e-05,0.00564063023109859
0,0,0,0,0,0,0,0,0,0.000126852134768946,0,0,0,0,0,5.49830674250581e-05,0.00018134346394977,0.00165212483784231,7.95795761605464e-05,0,0,0.0745037144743146,0.000166645264349385,0.00643971674949206,3.29904254351672e-05,0.0166444397331895,0,0.00171707914038696,0,0,0,0,0,0,0,0,0,0.00250558204876408,0,0,0,0,0,0,0,0,0,0,0,5.08737575728446e-05,0,0,0,0,0,0,0,0,0,0,0,0,0,0,0,1.59407745757608e-05,0.00039837165628367,0,0.00750114205597894,0,0.00124960443809446,0,0,0,0,0,0,0,0,0,0.00492346286870368,0,0.00107847045743995,0.000236424321197806,0,0,0
0,0,0,0,0,0,0,0,0.000173273115184536,0,0,0,0,0,0.000265475849282965,0,0.00120416502574635,0.000286745012357077,0.00039101575428903,0,0,5.75831089884052e-05,0.079952566747773,0.000181209310045647,0.0120959710903319,2.73696834235111e-05,0.00821786005326798,0,0.000399003333214298,0,0,0,0,0,0,0,0,0,0.00214654078733635,0,1.04381885296596e-05,3.09832945403167e-05,0,0,0,0,0,0,0.00321503197635643,0,0,0,0,0,0,0,0,0,0,0,7.99648481415857e-05,0,3.36843727841206e-06,0,1.59407745757608e-05,0,0,0.00382287154354426,0,0.00486854328328668,0,0.000182744609780417,0,0,0,0,0,0,3.42070247415247e-05,0,0,0.00442742736127955,0.00116091953889147,4.57407652558552e-06,0,0,0
0,0.00165154996076709,0,0,0,0,0,0,0,0.00590086077250617,0,0,0,0,0,0.000192536145713512,0.000100102134823691,0.00155562943116978,3.56495441683425e-05,0,0,0.00602645056722314,0,0.0737415013394332,0.000143328587002489,0.00650831251257524,0,0,0,0,0,0,0,0,0,0,0,2.160365090941e-05,0,0,0,0,0.000364846368132166,0,0,0,0,0,0,0.00327042113216366,0,0,0,0,0,0.0109475283681922,0,0,0,0,0,0,0,0,0.00039837165628367,0,0,0,0.00313255605536704,0,0,0,0,0,0,0,0,0,4.62641062461765e-06,0,0.000119469023047694,0,0.000934480786826042,7.23223338674659e-06,0.000110499776127045,0,0
0,0,0,0,0,0,0,0,0.0133034028123193,0.000113492467552542,0,0,0,0,0.00266070553234056,0,0.00167224220638532,0.000126996638682685,0.000388220033793296,0,0,3.26089974595559e-05,0.00347306118211534,0.000887278866586811,0.139476817103322,0,0.0462564300242005,0,0,0,0,0,0,0,0,0,0,0,0.000284264776213184,0,0,0,0,0,0,0,0,0,0.000253133764051269,0,0,0,0,0,0.00239920524176264,0,0,0,0,0,0.00143586543652789,0,0,0,0,0.00382287154354426,0,0,0,0.0149027628030571,0,0,0,0,0,0,0,0,0,0,0,2.66444621956907e-05,0.00125823058189031,1.79671037740716e-06,3.14134485961404e-05,0,0
0,0,0,0,0,0,0,0,0,0.00295781912769657,0,0,0,7.95323503552936e-05,0,0.0119108249277058,1.65759366497015e-05,0.013582959410708,3.75548937990647e-05,0,0,0.0171731729694998,0,0.0253251759808111,9.69885207741678e-05,0.174136677599141,0,0.00292182715159299,0,0,0,0,0,0,0,0,0,0,0,0,0,0,0,0,0,0,0,0,0,0,0,0,0,0,0,0,0,0,0,0,0,0.00682137858762894,0,0,0.00750114205597894,0,0.00313255605536704,0,0,0,0,0,0,0,0,0,0,0,0,0,0,0,0.00123839028915821,7.65447152249906e-06,0,0,0
0,0,0,0,0,0,0,0,0.000609006116835781,0,0,0,0,0,0.00775784510729439,0,0.0105967750819572,7.54859907818565e-05,0.000179094800817086,0,0,0,0.00753483939078987,0.000156626721389482,0.0565235603248972,0,0.315894316868057,0,5.34495556857056e-05,0,0,0,0,0,0,0,0,0,0,0,0,0,0,0,0,0,0,0,0,0,0,0,0,0,0,0,0,0,0,0,0.04046128494027,0,0,0,0,0.00486854328328668,0,0.0149027628030571,0,0,0,0.00887907909437159,0,0,0,0,0,0,5.39365671561995e-06,0,0,0,0.00112296410112298,0,0,0,0
0,0,0,0,0,0,0,0,0,0,0,0,0,0,0,0,0,0,0,0,0,0.000163935190433728,0,0,0,0,0,0.0255914941468237,0,0.000191261130944691,0,0,0,0,0,0,0,0.000117625327179209,0,0,0,0,0,0,0,0,0,0,0,3.80452365789097e-05,0,0,0,0,0,0,0,0.000445164543625219,0,0.000681823702353732,0,0,0,0,0.00124960443809446,0,0,0,0,0,0,0,0.0157769955623246,0,0,0,0,0,0,0,0.000618370232232292,0,0.000301868295064286,0,0,0,0
0,0,0,0,0,0,0,0,0,0,0,0,0,0,0,0,0,0,0,0,0,0,0.00105257719273481,0,0,0,0,0,0.000635965091351693,0,0,0,0,0,0,0,0,0,0,0,0,0,0,0,0,0,0,0,0,0,0,0,0,0,0,0,0,0,0,0,0,0,0,0,0,0.000182744609780417,0,0,0,0.00887907909437159,0,0,0,0,0,0,0,0,0,0,0,0,0,0,0,0,0
0,0.00237127781299328,0,0.000153449081697679,0,0,0,0,0,0,0,0.013812879088134,0,0,0,0,0,5.76977624648116e-05,0.000288459304322635,0.00694152235086592,0,0,0,0,0,0,0,0,0,0.019082133495423,0,0,0,0,0,1.21920564812637e-06,0,0,0,0.000830787476928739,0,0.0595923738630018,7.34486443118979e-05,0.000376388045639612,0,0.000882952013963983,0,0.000110570245306429,0,0.0290634578390353,0,0,0,0,0,0,0,0.0608363155790675,0,0,0,0,0.022337001312249,0,0,0,0,0,0,0,0.0157769955623246,0,0,0,0,0,0.000122002326697584,0,0.00012379419643421,1.20757915486997e-05,0.0114668439736391,0,0.000218002653221578,1.4561504509891e-06,0.0197387603742982,0.0360841798961187,0
0,0,0,0,0,0,0,0,0,0,0.000207555961984937,0,0,0,0,0,0,0,2.46606326461384e-05,0,0.000181518139184294,0,0,0,0,0,0,0,0,0,0.00507768312978408,0,0,0,0,0,0,0,0.00010068755273096,0,0.0017266708678104,1.43304988995084e-05,0.00233159310266185,0,0,0,1.58466165738743e-05,0,0.000521620593139803,0,0,0,0,0,0,0,0.0029104750536598,0,0,0,0,0,0,0.000341460296996172,0,0,0,0,0,0,0,0,0,0,0,0,0,0,0,0,0,0.00116767987041612,2.33596488466346e-06,0,0.00399857585161667,0,0.00410588930054245
