0,0,0.00386100847433041,0,0,0,0,0,0.0475121363275569,0,0,0,0,0,0,0,0,0,0.000599686244461194,0,0,0,0,0,0,0,0,0,0,0,0,0,0,0,0,0,2.57772979342957e-05,1.08856896623799e-05,3.73975935820609e-05,0,4.88631601382951e-05,0,0.00274178124104044,0,0,0,0,0.000638002600613603,0.0200156460884701,0,0,0,0,0,0.0532874693360849,0,0.000138289862080729,0,0,0,0.0163787307266115,0,0,0,0,0,0,0.000141645591563386,0,0,1.58013263325973e-05,0,0,0.000221359882514827,0,0,0,0,0,1.2777583212243e-05,4.61365399204305e-05,8.99117282789455e-05,0.00021523403041903,0,0.00536181871787217,0,4.50417872363907e-05
0,0,0,0.0237243831793872,0,0,0,0,0,0.0284842737114656,0,0,0,0,0,0.000377943452253652,0,0,0.000197228233128252,0,0,0,0,0.000330445945094919,0,0,0,0,0,0,0,0,0,0,0,0,0,0.000298382066784429,6.63354946253838e-06,0,0,0.00129174594375277,1.12485245745914e-05,0,0,0,0,0.00107882414411432,0,0.0506281801915774,0,0,0,0,0,0.0261972546045295,0,0.000392764744669295,0,4.34325433116959e-05,0,0.00844340407389777,8.63378407722172e-05,0,0,0,0.000450921780973022,0,0,0,0.000873849009821205,1.19341658247998e-05,0.000364074812564517,0,0,0,0,0,1.13370850073714e-06,0,0.000217935342229585,1.86024882701335e-05,0.000423026359158447,0,0.0113276477119802,0.000324563516178083,0
0.00386100847433041,0,0,0,0.00645413492760838,0,0,0,0.00400758601750734,0,0,0,0,0,0,0,3.00213185886118e-05,0,1.88345850918164e-05,0,0,0,0,0,0,0,0,0,0,0,0,0,0,0,0,0,0,0,1.32345027477562e-05,0,0.000587671860065787,0,0.0039787590106642,0,0,0,0.000585463856870002,0.000419183924551613,0.00472201260659885,4.04463390036194e-05,0.00228832449570086,0,0,0,0.00488334246521454,3.37596410184145e-05,0.00722981110643254,0,0.00192333550019859,0,0,0,0,0.000569410148787012,0,0,0,0,0,0,0,0.000958857482106094,0,0.00664073714893278,0,0,0,0,0,9.4636696084106e-06,1.22877329154886e-05,0.000650329073374558,0.000194896207141891,0,0.00485710765839234,0,0.000164758234908526
0,0.0237243831793872,0,0,0,0.0256149578894635,0,0,0,0.000711197997560583,0,0,0,0,0,0,8.66368780245985e-06,1.79841132893981e-05,5.17114004695397e-05,4.52268126343476e-05,0,0,0,5.91256539726331e-05,0,0,0,0,0,0,0,0,0,0,0,0.000233423450738931,0,6.45863521674248e-05,0,0.00126653774691349,1.39325113204492e-05,0.00461092145293104,7.42303341986182e-06,0,0,0.0018609959386887,8.41195843363134e-05,0.00137005920098293,0,0.0461136124293009,0,0.0104260509331356,0,0,0,0.000117736044099565,0,0.00181546889293656,0,0,0,0.000129550495795447,0.00139320197972059,9.48731931864268e-06,0,0,4.55709001655918e-05,0,0,0,0.0040061006505432,0,0.0011172603038419,0,0,0,0.000266401987747231,0,0.000170204797537577,0,0.000732150979095425,7.42253456797884e-06,0.000456540319509484,0,0.0131594256057505,0,0.000100817996905127
0,0,0.00645413492760838,0,0,0,0.00169433773816702,0,0.00477170573629022,0,0,0,0,0,0.0083667005831306,0,0,0,0,0,0,0,0,0,0,0,0,0,0,0,0,0,0,0,0,0,1.20207265175056e-05,0,0,0,0.000256364858004707,0,0.000740400243541721,0,0,0,3.67815344293435e-05,6.22072654728029e-05,0.000141763376175909,0.000443424116426087,0.0290388017299909,0,0,0,0.000828187142929194,0,0.00170301176439284,1.23433862542221e-05,0.000924136143947376,0,0.00520989205132797,0,0,0.000842796358515546,0,0,0,0,0,0,2.6968915982074e-05,0,0,0.00012498017462667,0,0,0,0,0,0,0,4.55303046697312e-05,0.000858174593465191,0,0.00487814079124247,0,0.000268893173804317
0,0,0,0.0256149578894635,0,0,0,0.0039601962110935,0,0.00261829021600755,0,0,0,0,0,0.00133549123651766,0,0,8.229426513226e-05,0.00203120827120618,0,0,0,0,0,0,0,0,0,0,0,0,0,0,0,0.000336025873580717,0,0,0,0.00038720707424565,0,0.000413465513312872,6.31789716670382e-06,0,0,0.000122049879096097,0,3.18820719874395e-05,0,0.000331110288478329,0,0.259187237388397,0,0.00818470486953304,0,0.0111532940962658,0,0.000126553759064304,0,0.000843705967238186,0,0.0265380907230337,0.000825518221375107,0,0,0,0.000264553199243261,0,0,0,3.28197701318484e-05,0,0,0,0,0,0,0,0.000318158204253482,1.98710370343842e-06,0,0,0.000199456706818298,0,0.00138328814474459,0,0
0,0,0,0,0.00169433773816702,0,0,0,0,0,0.00904948274705525,0,0,0,0,0,0,0,0,0,0.00131245498114118,0,0,0,0,0,0,0,0,0,0,0,0,0,0,0,0,0,0,0,0,0,0,0,0,0,0,0,0,0,0.0164547890307256,0,0.00762448985563596,0,0,0,0.00310435930044862,0,0,0,0,0,0,4.38227293211805e-05,0,0,0,0,0,0,0,0,0,0,0,0,0,0,0,0,0,0,1.61989502815731e-05,0,0,0,0
0,0,0,0,0,0.0039601962110935,0,0,0,0,0,0.00234933351062174,0,0.00840916935968533,0,0,0,0,0,0.00024371829323358,0,0,0,0,0,0,0,0,0,0,0,0,0,0,0,0,0,0,0,0,0,0,0,0,0,0,0,0,0,0,0,0.0233727619859888,0,0.0403802820332237,0,0,0,0.00501114414107927,0,0.00420213440418226,0,0,0,0,0,0,0,0,0,0,0,0,0,0,0,0,0,0,0,0,0,0,0.000534576165889587,0,0,0,0
0.0475121363275569,0,0.00400758601750734,0,0.00477170573629022,0,0,0,0,1.22150988707486e-05,0,0,0,0,0.001557690702976,0,0.00143057616634798,0,2.67411179128937e-05,0,0,0,0,0,0.00639997366191106,0,0,0,0,0,0,0,0,0,0,0,0,9.51730899898844e-06,0.000233355771865295,0,0,7.23418752498573e-06,0.00126598129455231,0,0,0,0.000293205827268008,0.000299369671069455,0.00381893258060442,1.0639713906344e-05,0,0,0,0,0.126002898614482,0,0.00031871392809997,0,0,0,0.00160412226117656,0,0,0,0,0,0,0.010467977617453,0,0,0,0,0,0.000114543037219085,0,0,0,0,0,8.77850723644537e-06,2.01287275544134e-05,0.000526344632596653,0.00106515891233335,0,0.00255167421722412,0,0
0,0.0284842737114656,0,0.000711197997560583,0,0.00261829021600755,0,0,1.22150988707486e-05,0,0,0,0,0,0,0.0393933235332149,0,2.11508166169267e-05,3.37749063287091e-05,0,0,0,0,0.0195757995996706,0,0,0,0,0,0,0,0,0,0,0,0,0,0.000124788318010215,0,0,0,4.35091883345348e-05,7.77355786946469e-06,0,0,9.86666449117934e-06,0,1.18385174088329e-05,0,0.0010499433628075,0,0.00125101375261371,0,0,0,0.138321289601488,9.92823345159614e-06,0.000152952228405302,0,0,0,0.0570198532820284,0,0,0,0,0.046194206524098,0,0.000808479942177726,0,0.000360932231757728,1.61343859998581e-05,0,1.2545515997269e-05,0,0,0,0,1.34885448749048e-06,3.3366563637401e-06,0.000156459465176167,5.51023601891353e-06,0.000580922333536476,0,0.00148555696279374,0,0
0,0,0,0,0,0,0.00904948274705525,0,0,0,0,0,0.00268687599438344,0,0,0,0,0,0,0,0.00404094639110005,0,0,0,0,0,0,0,0,0,0.00590483173648717,0,0,0,0,0,0.000194681590819541,0,0.00718696323180059,0,0,0,0,0,0,0,0,0,0,0,0,0,0.00805829841007694,0,0,0,0.0538927217781934,0,0.00163178932179943,0,0,0,0,0.000397493075511142,0,0,0,0,0,0,0,0,0,0.00950267274026569,0,0,0,0,0,0,0,0.0025038099336928,0.000347047195943379,0,0,0,0
0,0,0,0,0,0,0,0.00234933351062174,0,0,0,0,0,0.00745334200031442,0,0,0,0,0,0.00370661954311271,0,0,0,0,0,0,0,4.00672425781477e-05,0,0.0104761447599822,0,0,0,0,0,0.00025883047632192,0,0.0123270547065568,0,0,0,0,0,0,0,0,0,0,0,0,0,0,0,0.000127027271401765,0,0,0,0.130050108964573,0,0.0132011037748045,0,0,0.00225171666673177,0,0,0,0,0,0,0,0.000607895119079351,0,0.0372751296106231,0,0,0,0,0,3.39937168259554e-05,0,0.00542948629488412,0,0.00073812627407113,0,0,0,0
0,0,0,0,0,0,0,0,0,0,0.00268687599438344,0,0,0,0.00546585532209432,0,0,0,0,0,0,0,0,0,0,0,0.00285852743504948,0,0.000168863559862495,0,0,0,0,0,0,0,0,0,0,0,0,0,0,0,0,0,0,0,0,0,0,0,0,0,0,0,0.00260845936767111,0,0.0231222918580836,0,0,0,0,0,0,0,0,0,0,0,0,0,0,0,0,0,0,0,0,0,0,0,3.48449350901067e-05,0,0,0,0
0,0,0,0,0,0,0,0.00840916935968533,0,0,0,0.00745334200031442,0,0,0,0.00124538114936458,0,0,0,0,0,0,0,0,0,0,0,0.00367283405326444,0,0,0,0,0,0,0,0,0,0,0,0,0,0,0,0,0,0,0,0,0,0,0,0,0,0.000621749336448357,0,0,0,0.00235051062082747,0,0.0472940636438396,0,3.61976364653778e-05,0,0,0,0,0,0,0,0,0.00135641449930752,0,7.87917180367251e-05,0,0,0,0,0,0,0,0,0,0.000437828257642927,5.98461974732345e-06,0,0,0
0,0,0,0,0.0083667005831306,0,0,0,0.001557690702976,0,0,0,0.00546585532209432,0,0,0,0.00256343142593355,0,0,0,0,0,0,0,0.00017091209008422,0,0.00269340509640698,0,0.00200753176108497,0,0,0,0,0,0,0,0,0,0,0,0,0,0,0,0,0,0,0,0,0,0.000153083040321553,0,0,0,0.00122780527660422,0,0,0,0.00574473907420244,0,0.0165232808400025,0,0,0,0,0,0,0,0,0.000455198504118692,0,0,0,0,0,0,0,0,0,0,0,0,3.4551329361437e-05,0,0,0,0
0,0.000377943452253652,0,0,0,0.00133549123651766,0,0,0,0.0393933235332149,0,0,0,0.00124538114936458,0,0,9.68327311415263e-05,0.00296493523061527,7.21601752087716e-05,0,0,3.87677470679493e-05,0,0,0,0.00171219520787944,0,0,0,0,0,0,0,0,0,0,0,0,0,0,0,0,0,0,0,0,0,0,0,0,0,0.0010783090527439,0,0,0,0.00644387972523393,0,0,0,0,0,0.0393450735293108,0,0,0,0,0.000210696395599709,0,0.0280742455676982,0,0,0,0,0,0,0,0,0,0,0,0,0,9.04862610358884e-05,0,0,0,0
0,0,3.00213185886118e-05,8.66368780245985e-06,0,0,0,0,0.00143057616634798,0,0,0,0,0,0.00256343142593355,9.68327311415263e-05,0,0.124779830884096,0.0505085044308818,0,0,0.000426477186240244,0.00482688187485861,0.00102779297105092,0.00251061059846678,0.00103955319024587,0.00744463142077886,0,7.07992024719106e-05,0,0,0,0,0,0,3.69523787823168e-05,0.000206208523660444,0.00014029655113188,5.99903814237369e-05,0.000222940346232509,0.000911638150324653,0.00144029264580128,0.00464339584796266,0,0,0.000755302737606103,0.00131083074502992,7.67214830382037e-05,0.000143517376313542,0.000138508840605572,0,0,0,0,0.00316525163475786,0,3.43918170634665e-05,1.97113494862262e-05,1.13718714806544e-05,0,0.0016284527454802,0,0.000255795111188716,0.000162807953858082,0,0.000912107365244762,2.11304327901168e-05,0.000737278843101504,0,0.00137056465415175,5.00164412417891e-05,4.81272472325276e-05,1.80820003469005e-05,0.000281491052276156,0,0,1.96811009207896e-05,1.71152834130136e-05,0.000587523720817683,0.000518480519341563,0.000672755445431843,0.00122575264426097,0.0188384391105123,1.0373936134062e-05,0.00106158667183179,0.000494942219360207,0.00163155769925541
0,0,0,1.79841132893981e-05,0,0,0,0,0,2.11508166169267e-05,0,0,0,0,0,0.00296493523061527,0.124779830884096,0,0.0407331586159746,3.26767866998838e-05,0,0.00550737671158986,0.000665415048867577,0.00812004940587793,0.00012862691875691,0.02701022366928,3.17110894208106e-05,0,0,0,0,0,0,0,0,5.15374109953273e-05,8.32885297533049e-05,0.000162386457758582,2.85253945140534e-05,0.000358444137471572,0.000364087264712727,0.00181914998456095,0.00162863172761679,0,0,0.000876107349598811,0.000279077359746897,1.28885720667484e-05,0,0.000372603854585681,0,0,0,0,0.000456934487186192,2.45450807398275e-05,1.93253838638637e-05,2.9653573031506e-05,0,0,8.44127765119466e-06,0.000169352621076777,0.000490338971277658,5.70291844471086e-06,0.000162365123119299,0.00017135791013571,0.00257669639585673,5.02696950845714e-05,0.00174187230304294,0,0.000236094659924621,0,4.24560906672321e-05,5.6419171867352e-05,0,0,1.87729112858272e-05,6.45782187349994e-06,0.000667879464007303,0.000231846980854852,0.000902326604605556,0.000472305705283631,0.0123227318691199,3.88599427047705e-05,0.000654874078435014,0.000330751282524777,0.00045513128481059
0.000599686244461194,0.000197228233128252,1.88345850918164e-05,5.17114004695397e-05,0,8.229426513226e-05,0,0,2.67411179128937e-05,3.37749063287091e-05,0,0,0,0,0,7.21601752087716e-05,0.0505085044308818,0.0407331586159746,0,0.000104115911069776,0,6.73688663475947e-05,0.000169510365883728,0.000342386740597874,0,0.001228912289978,6.74800186004263e-05,0,0,0,0,0,0,5.53821418026676e-06,0,0.000407370814299834,0.00146699277472412,0.00153409756239041,0.000572776953198413,0.00436949733067668,0.00914462762324346,0.0167060271944792,0.0243432462707282,0,0,0.00964964158404975,0.00664816362266595,0.000110061621554001,0.000682436629532373,0.00373114325505198,0,0,0,0,0.000476902092104449,1.35526507839016e-05,0.000592013612620069,0.000277977959303261,0,0,0,0,0.0045253397383796,0.000977556248668544,0,0,6.0105461828963e-05,1.49161805234214e-05,8.78896202485347e-06,0,0.00152782296749915,0.000515352784194048,0.000838596680986557,0.00361580400431011,0,0,5.74638910543911e-05,8.73297435020513e-05,0.00900668136820926,0.00606518576862799,0.00790416113261124,0.00897181964780309,0.0111039133313736,6.81026048881303e-06,0.0155754225273856,0.00328498649307685,0.0091081859355477
0,0,0,4.52268126343476e-05,0,0.00203120827120618,0,0.00024371829323358,0,0,0,0.00370661954311271,0,0,0,0,0,3.26767866998838e-05,0.000104115911069776,0,0,0,0,0,0,0,0,0,0,0,0,0,0,0,0,0.0159350961850151,0,0.00253029333489169,0,5.19661937559961e-05,0,4.1167397956625e-05,0,0,0,0.000596414996483489,0,0,0,0.000315244544186855,0,0,0,0,0,0,0,0.0014744727154315,0,0,0,0,0.117756910402088,7.68722640640223e-06,0,0,0,0,0,0,0.000105619776377694,0,0.00216243438975354,0,0,0,0,0,0.00510158187065947,0,0.00924009323384079,0,0.00239910443933556,1.10169627892638e-06,0.000843162400320223,0,0
0,0,0,0,0,0,0.00131245498114118,0,0,0,0.00404094639110005,0,0,0,0,0,0,0,0,0,0,0,0,0,0,0,0,0,0,0,0,0,0,0,0,0,0.00308938741726879,0,0.00141987111670386,0,0,0,0,0,0,0,0.000750150017539526,0,0,0,0.000109402107927856,0,0,0,0,0,0.0557567158999606,0,0,0,0,0,0,0.106560417741965,0,0,0,0,0,0,0,1.95055054883012e-05,0,0.00280752480679364,0,0,0,0,0,0.00313713567721273,0,0.00433012449710778,0.00105636773035499,0,0.00214463011378938,0,0
0,0,0,0,0,0,0,0,0,0,0,0,0,0,0,3.87677470679493e-05,0.000426477186240244,0.00550737671158986,6.73688663475947e-05,0,0,0,0.00313500215788656,0.00309784129293604,0,0.00288658513887862,0,0.00133635473015736,0,0,0,0,0,0,0,2.34187577717419e-06,0,0.0116305472578152,0,0,1.92564293316922e-05,0,0,0,0,0,0,0,0,4.42062074177971e-05,0,0,0,0,0,0,0,0,0,0,0,0,0,0,0.119562353081967,0,0.00173606729392411,0,0.002950663091124,0,1.98692541648494e-05,0,0,0,0,0,0,0,0,0,0.00140439946743098,0,0.00408664769324289,0.00473184144793451,0,0,0
0,0,0,0,0,0,0,0,0,0,0,0,0,0,0,0,0.00482688187485861,0.000665415048867577,0.000169510365883728,0,0,0.00313500215788656,0,0,0.0035796272060512,0,0.00045210211140975,0,0.00132974723218705,0,0,0,0,0,0,0,0,0,0.00665018823910766,0,0,1.48086922188012e-05,0,0,0,0,0,0,5.50676766789427e-05,0,0,0,0,0,1.35937055703928e-05,0,0,0,0,0,0,0,0,0,0.000201635615942996,0.0995799285819512,0,0.00387402773772261,0,0.00290118345716748,0,0.00191973263528617,0,0,0,0,0,0,1.56383840266917e-05,0,0,0.000949856451837709,0.00354959879884256,0.0028275141472404,0,0,0
0,0.000330445945094919,0,5.91256539726331e-05,0,0,0,0,0,0.0195757995996706,0,0,0,0,0,0,0.00102779297105092,0.00812004940587793,0.000342386740597874,0,0,0.00309784129293604,0,0,0,0.0232631630231331,0,0,0,0,0,0,0,0,0,0,0,0.00791800663456082,0,0,2.14626670875034e-05,0,0,0,0,1.7626015711366e-05,6.75676349080803e-06,0,0,8.95235056790164e-05,0,0,0,0,0,0.0047544173339639,0,0.000480394811139509,0,0,0,0.00665435575855778,0,0,0.0116807294321102,0,0.115639280187811,0,0.159262468956169,0,6.08911452859768e-05,0,0.000231944654287785,0,0,0,0,0,1.39121572174288e-06,0,0.00821329524251404,5.76751102047274e-06,0.000893456855318475,0,0.000562483339428621,0,0
0,0,0,0,0,0,0,0,0.00639997366191106,0,0,0,0,0,0.00017091209008422,0,0.00251061059846678,0.00012862691875691,0,0,0,0,0.0035796272060512,0,0,0,0.0058191478566896,0,0,0,0,0,0,0,0,0,0,0,0.00256648259243466,1.75841744292923e-05,0,0,0,0,0,0,0,0,0.000139412166190156,0,0,0,0,0,0.0277496216401198,0,0,0,0,0,0,0,0,0,0,0.00249867072788288,0,0.18022347110324,0,0.0498786571602416,0,0,0,0,0,0,0,0,0,0,0,0.000264663263797191,0.000988708009173946,0,0.000716918591989438,0,0
0,0,0,0,0,0,0,0,0,0,0,0,0,0,0,0.00171219520787944,0.00103955319024587,0.02701022366928,0.001228912289978,0,0,0.00288658513887862,0,0.0232631630231331,0,0,0,0.00469064941512653,0,0,0,0,0,0,0,0,0,1.22766812174476e-05,0,0,0,1.09460574451657e-05,0,0,0,0,0,0,0,0,0,0,0,0,0,0,0,0,0,0,0,0.000304592376927672,0,0,0.00682561225294229,0,0.00680439158073664,0,0.0919045045112432,0,0.000952001252248277,0,0,0,0,0,0,0,0,0,2.62571993627102e-05,4.72092386794715e-06,0.00101497743774378,0,0,0,0
0,0,0,0,0,0,0,0,0,0,0,0,0.00285852743504948,0,0.00269340509640698,0,0.00744463142077886,3.17110894208106e-05,6.74800186004263e-05,0,0,0,0.00045210211140975,0,0.0058191478566896,0,0,0,0.00391079607581239,0,0,0,0,0,0,0,0,0,0,0,0,0,0,0,0,0,0,0,0,0,0,0,0,0,0,0,0,0,0,0,0,0,0,0,0,8.93147315707606e-05,0,0.000474697729251922,0,0.0415662997713593,0,0.000613069042320659,0,0,0,0,0,0,0,0,0,0,0.000258872398882536,0,0,0,5.86959168401608e-05
0,0,0,0,0,0,0,0,0,0,0,4.00672425781477e-05,0,0.00367283405326444,0,0,0,0,0,0,0,0.00133635473015736,0,0,0,0.00469064941512653,0,0,0,0.0193447530774333,0,0,0,0,0,0,0,0.0032948796772222,0,0,0,0,0,0,0,0,0,0,0,0,0,0,0,0,0,0,0,1.09882819520152e-05,0,0.00104254732842291,0,0,0,0,0.00411579114056513,0,0,0,0.00603815901254189,0,0.073965139239513,0,0.000240053225492388,0,0,0,0,0,0,0,0.000755856775376874,0,0.00098489241839781,0.000800951637227494,0,0,0
0,0,0,0,0,0,0,0,0,0,0,0,0.000168863559862495,0,0.00200753176108497,0,7.07992024719106e-05,0,0,0,0,0,0.00132974723218705,0,0,0,0.00391079607581239,0,0,0,0.00167434075766294,0,0,0,0,0,0,0,0.00161563734638533,0,0,0,0,0,0,0,0,0,0,0,0,0,0,0,0,0,0,0,0.000101912706705767,0,0,0,0,0,0,0.00147357601138347,0,0,0,0.000409177246858657,0,0.0348853795809994,0,0.00115198922606801,0,0,0,0,0,0,0,0.000261829651750779,6.17613628662556e-05,5.37018801681122e-05,0,0,0
0,0,0,0,0,0,0,0,0,0,0,0.0104761447599822,0,0,0,0,0,0,0,0,0,0,0,0,0,0,0,0.0193447530774333,0,0,0,0,0,0,0,0,0,0.00774607841533997,0,0,0,0,0,0,0,0,0,0,0,0,0,0,0,0,0,0,0,0.0015819597732794,0,3.94837033192133e-05,0,0,0,0,0,0,0,0,0,0,0.0434498194694917,0,0.153560526450495,0,0,0,0,0,0,0,0.00612269853568888,0,0.000240809917746737,0,0,0,0
0,0,0,0,0,0,0,0,0,0,0.00590483173648717,0,0,0,0,0,0,0,0,0,0,0,0,0,0,0,0,0,0.00167434075766294,0,0,0,0,0,0,0,0,0,0.0020385766963462,0,0,0,0,0,0,0,0,0,0,0,0,0,0,0,0,0,0.00407200313402321,0,0,0,0,0,0,7.78386497455961e-05,0,0,0,0,0,0,0,0.00170476087952139,0,0.0689739827587694,0,0,0,0,0,0,0,0.000469157656155859,0.000186382232548892,0,0,0,0
0,0,0,0,0,0,0,0,0,0,0,0,0,0,0,0,0,0,0,0,0,0,0,0,0,0,0,0,0,0,0,0,0.00109678345960282,0.000154417707138454,0,0.00492125824574767,8.95273726175913e-05,0,0,0,0,0,0,0,0,0,0,0.00244546482562719,0,0.000100165729618684,0,0,0,0,0,0,0,0,0,0,0,0,0,0,0,0,0,0,0,0,0,0,0,0,0.0390188570713274,0.00145806423992452,0.00256993124367,0,0.00353920864625664,0,0,0,0.000892680082579372,0,0,0,0
0,0,0,0,0,0,0,0,0,0,0,0,0,0,0,0,0,0,0,0,0,0,0,0,0,0,0,0,0,0,0,0.00109678345960282,0,0,0.00290381907217782,6.72233187830614e-05,0.00144229371627918,0,0,0,3.4173989435035e-05,0,0,0,0,0,0,0.0236513035665645,0,8.02103114558479e-05,0,0,0,0,0,0,0,0,0,0,0,0,0,0,0,0,0,0,0,0,0,0,0,0,0.000350865965953899,0.101140567507773,0,0.00693348842553619,0,0.00512252977024013,0,0,0.000583409767972158,0,0,0,0
0,0,0,0,0,0,0,0,0,0,0,0,0,0,0,0,0,0,5.53821418026676e-06,0,0,0,0,0,0,0,0,0,0,0,0,0.000154417707138454,0,0,0.0346095556350675,0.00283175829279454,0,0.000686955383220965,2.10022881215856e-05,0,0,3.9758956861944e-05,0,0,0,0,0,0.039187175580736,2.11554249545953e-05,0,0,0,0,0,0,0,0,0,0,0,0,0,0,0,0,0,0,0,0,0,0,0,0,0,0.000630092715381604,0.000253898453925126,0.146381694305794,0.0271551117609762,0.00072247714795489,0,0.00408148341775721,0.00073738847451916,0.00119908328402077,5.39575756697115e-05,0.000214764654443643,0,0
0,0,0,0,0,0,0,0,0,0,0,0,0,0,0,0,0,0,0,0,0,0,0,0,0,0,0,0,0,0,0,0,0.00290381907217782,0.0346095556350675,0,0,0.00465138607936042,3.72633603769488e-05,0.00349126266126121,0,0,0,5.5827494772334e-05,0,0,0,0,0.0770697587326064,0.00043789281508921,4.12771960000245e-05,0,0,0,0,0,0,0,0,0,0,0,0,0,0,0,0,0,0,0,0,0,0,0,0,0,0.000355195634464268,0.0269498475002597,0.325187234969907,0,0.0046690342294601,4.81705501569525e-05,0.0135836658474602,0.000801071510428636,4.35758288591659e-06,9.58891735516142e-05,0,0
0,0,0,0.000233423450738931,0,0.000336025873580717,0,0,0,0,0,0.00025883047632192,0,0,0,0,3.69523787823168e-05,5.15374109953273e-05,0.000407370814299834,0.0159350961850151,0,2.34187577717419e-06,0,0,0,0,0,0,0,0,0,0.00492125824574767,6.72233187830614e-05,0.00283175829279454,0,0,0.00251142328588762,0.0148658424658108,0,0.00098659293435313,7.62337029193583e-06,0.000762684078961304,5.04654736949905e-05,0,0,0.00206856933357554,9.76270718523444e-07,0.000135953795561585,1.03799667818831e-05,0.000603341748483814,0,0,0,0,0,0,8.73521381418619e-07,0.000281060992482409,0,0,0,0,0.00710877447290074,0,0,0,0,0,0,0,1.4739590739614e-05,0,1.15982291950589e-05,0,0.00117406838920633,3.61647100768805e-05,0.00251213183722951,0,0.128309450924769,0.000479085664677382,0.00617203667760929,3.29075940939261e-06,0.00730419117769608,2.61392206385888e-06,0.0013618447438166,9.14606504748974e-05,1.67077034808414e-05
2.57772979342957e-05,0,0,0,1.20207265175056e-05,0,0,0,0,0,0.000194681590819541,0,0,0,0,0,0.000206208523660444,8.32885297533049e-05,0.00146699277472412,0,0.00308938741726879,0,0,0,0,0,0,0,0,0,0,8.95273726175913e-05,0.00144229371627918,0,0.00465138607936042,0.00251142328588762,0,7.5124276483383e-07,0.00753900022595611,1.84348514836687e-05,0.000362074342408156,1.25645513192638e-05,0.00256661113479514,0,0,3.00779954549586e-06,0.00222546164160637,8.42178545805955e-05,0.000208657927777717,2.53706953815989e-05,0,0,0,0,4.81892290583802e-06,0,0.000839102875842371,0,0,0,0,0,1.55245048432513e-05,0.0117355484518607,0,0,0,0,0,0,4.05668461303092e-06,3.16375491942374e-05,0,5.99044454429802e-05,0,0.00238140451524461,0,0.008994496352051,0.000838413312419454,0.125734189569846,1.52997517741999e-05,0.00853224202579829,0.00590591427344517,7.62159073351037e-06,0.00262343085138178,1.31201903119334e-05,0.000994914966248737
1.08856896623799e-05,0.000298382066784429,0,6.45863521674248e-05,0,0,0,0,9.51730899898844e-06,0.000124788318010215,0,0.0123270547065568,0,0,0,0,0.00014029655113188,0.000162386457758582,0.00153409756239041,0.00253029333489169,0,0.0116305472578152,0,0.00791800663456082,0,1.22766812174476e-05,0,0.0032948796772222,0,0.00774607841533997,0,0,0,0.000686955383220965,3.72633603769488e-05,0.0148658424658108,7.5124276483383e-07,0,0.00335656203373352,8.09509560158422e-05,1.83035876334701e-05,0.00155284412622258,4.10376855774465e-05,0,0,0.00291904745735853,4.02847850475665e-05,0.0021404376122218,6.18246318235464e-05,0.00207694562532221,0,0,0,0,2.51322792674465e-05,0.000351108975918738,3.52857855805784e-06,0.000676252034972504,0,0,0,4.88841775040261e-06,0.00183052880153239,1.3457154156871e-06,0.00993947261419219,0,0.00638921569471839,0,0,0,0.00194252342734753,0,0.00258206594736093,1.22542853245238e-05,0,0,0.00128355194685836,4.6951868565518e-05,0.00651326973450467,5.78508494845078e-06,0.15488916309248,0.000340867665733388,0.0105654463862804,0.00112016076530395,0.00300754041885075,9.91853489708538e-05,8.63105879987246e-06
3.73975935820609e-05,6.63354946253838e-06,1.32345027477562e-05,0,0,0,0,0,0.000233355771865295,0,0.00718696323180059,0,0,0,0,0,5.99903814237369e-05,2.85253945140534e-05,0.000572776953198413,0,0.00141987111670386,0,0.00665018823910766,0,0.00256648259243466,0,0,0,0.00161563734638533,0,0.0020385766963462,0,0,2.10022881215856e-05,0.00349126266126121,0,0.00753900022595611,0.00335656203373352,0,0,0.000116209466586378,2.75872884315908e-05,0.0013979787305747,0,0,2.37620220889142e-05,0.000519022963323482,0.00162077873778041,0.00213228171794241,1.49788885574747e-05,0,0,0,0,0.000209360401854864,1.15547399348405e-05,0.0027815378835909,0,5.63294284402263e-06,0,0,0,0,0.00238128707340277,0,0.0113073170509219,3.62144354854873e-06,0.0098361839217735,0,0.000656485088600473,5.26067240710763e-06,0.00129803415310247,1.11536129995405e-06,0.00276418017278154,0,0,0,0.002656133271763,1.5383547923506e-05,0.00248998186670328,0.00023953955781071,0.123551532606926,0.00691555272565917,0.00139477418464483,0.00408117053624419,3.17651077066068e-06,0.000517302619281501
0,0,0,0.00126653774691349,0,0.00038720707424565,0,0,0,0,0,0,0,0,0,0,0.000222940346232509,0.000358444137471572,0.00436949733067668,5.19661937559961e-05,0,0,0,0,1.75841744292923e-05,0,0,0,0,0,0,0,0,0,0,0.00098659293435313,1.84348514836687e-05,8.09509560158422e-05,0,0,4.24234800543779e-05,0.0212186663301199,0.00021811139502924,3.32870912525861e-05,0,0.0424367366398255,7.16939256290988e-05,0.000532292826858138,0,0.0172798414457166,0,0,0,0,1.51052371268528e-05,0,7.11324422591296e-05,0.000266412268651809,0,0,0,0,0.00294204446187254,0,0,0,0,0,0,0,0.000781589471592794,3.63520058864266e-05,0.000156780126867443,3.83659904674565e-05,0.00201802271502459,0,0,0,0.00233690943410711,3.03230127587489e-05,0.00144496257540805,3.70899304296862e-05,0.000553240036830001,0,0.0122480624500085,0.00136215756008377,0.000337572595946909
4.88631601382951e-05,0,0.000587671860065787,1.39325113204492e-05,0.000256364858004707,0,0,0,0,0,0,0,0,0,0,0,0.000911638150324653,0.000364087264712727,0.00914462762324346,0,0,1.92564293316922e-05,0,2.14626670875034e-05,0,0,0,0,0,0,0,0,3.4173989435035e-05,0,0,7.62337029193583e-06,0.000362074342408156,1.83035876334701e-05,0.000116209466586378,4.24234800543779e-05,0,0.000647522272727797,0.0637648189615206,0,0,0.000185922336874648,0.036160086383339,0.00101965097342007,0.054432910268674,1.80948640901143e-05,0,0,0,0,0.00156744522733433,0,0.000819245219280882,1.02943360441982e-05,0,0,0,0,9.64101679276516e-06,0.0117971290105702,0,0,0,0,0,0,6.44442184126699e-05,0.000286441708562997,8.85407998462632e-06,0.00273281217466882,0,0.000243150328231202,0,5.43412713355338e-05,7.51026195420828e-05,0.00440142051970343,4.22767003064703e-05,0.00346780228705194,0.000790926509943732,0,0.021544270464935,3.0481660338727e-05,0.00481065569167232
0,0.00129174594375277,0,0.00461092145293104,0,0.000413465513312872,0,0,7.23418752498573e-06,4.35091883345348e-05,0,0,0,0,0,0,0.00144029264580128,0.00181914998456095,0.0167060271944792,4.1167397956625e-05,0,0,1.48086922188012e-05,0,0,1.09460574451657e-05,0,0,0,0,0,0,0,3.9758956861944e-05,0,0.000762684078961304,1.25645513192638e-05,0.00155284412622258,2.75872884315908e-05,0.0212186663301199,0.000647522272727797,0,0.00603539315610939,0.00145523717855766,0,0.0209358958054377,0.000206456427879812,0.0062877891763696,0,0.0296131448468534,0,0,0,0,2.95425245462292e-05,0.000105948189973402,9.64209579630029e-05,0.00208259016096293,0,6.95112021869204e-05,0,0,0.0119488894382378,2.46972306530493e-05,2.91200600089556e-05,0,0.000184065092945249,0,0,0,0.0142864905436908,2.77127521128332e-05,0.00406029785008664,0.000207662914387286,0,0,0,0,0.0118452946191539,8.87875067147022e-05,0.0112601111711257,0.0004285326114478,0.00909936796078863,0.000258630702556483,0.0257684212739518,0.00996521128114595,0.00116078885604536
0.00274178124104044,1.12485245745914e-05,0.0039787590106642,7.42303341986182e-06,0.000740400243541721,6.31789716670382e-06,0,0,0.00126598129455231,7.77355786946469e-06,0,0,0,0,0,0,0.00464339584796266,0.00162863172761679,0.0243432462707282,0,0,0,0,0,0,0,0,0,0,0,0,0,0,0,5.5827494772334e-05,5.04654736949905e-05,0.00256661113479514,4.10376855774465e-05,0.0013979787305747,0.00021811139502924,0.0637648189615206,0.00603539315610939,0,1.20854454254832e-05,0,0.000403164395084649,0.0200983265471064,0.00181491226714792,0.0187217380737347,0.000432052378465352,4.3130518568024e-05,0,0,0,0.00275977575129477,0,0.019015967967553,3.84424950515682e-05,0.000125073013666723,0,0,0,0.000199912835428396,0.00799038104399544,0,0,0,0.000451758493651455,0,0,0.000294386872260975,0.00701802995214052,0.000128156040395574,0.0492026747594611,0,0,0,0.00104828227867048,0.000308814721177538,0.0123248113519285,0.000421547061554403,0.0187461786494721,0.00831622061174296,1.39311917704933e-05,0.0494867092036192,0.000307088926221659,0.0246803302018206
0,0,0,0,0,0,0,0,0,0,0,0,0,0,0,0,0,0,0,0,0,0,0,0,0,0,0,0,0,0,0,0,0,0,0,0,0,0,0,3.32870912525861e-05,0,0.00145523717855766,1.20854454254832e-05,0,0,0.000288385328209395,0,0,0,9.61133418821798e-05,0,0,0,0,0,0,9.00609460935305e-06,0,0,0,0,0,5.30731095825833e-05,0,0,0,0,0,0,0,0,0,0,0,0,0,0,0,4.94242479079021e-05,0,0,0,6.88211299573774e-05,1.33661624109608e-06,0.000377443322966259,0,0
0,0,0,0,0,0,0,0,0,0,0,0,0,0,0,0,0,0,0,0,0,0,0,0,0,0,0,0,0,0,0,0,0,0,0,0,0,0,0,0,0,0,0,0,0,0,0,0,0,0,0,0,0,0,0,0,0,0,0,0,0,0,0,0,0,0,0,0,0,0,0,0,0,0,0,0,0,0,0,0,0,0,0,0,0,0,0
0,0,0,0.0018609959386887,0,0.000122049879096097,0,0,0,9.86666449117934e-06,0,0,0,0,0,0,0.000755302737606103,0.000876107349598811,0.00964964158404975,0.000596414996483489,0,0,0,1.7626015711366e-05,0,0,0,0,0,0,0,0,0,0,0,0.00206856933357554,3.00779954549586e-06,0.00291904745735853,2.37620220889142e-05,0.0424367366398255,0.000185922336874648,0.0209358958054377,0.000403164395084649,0.000288385328209395,0,0,0.000115246569942793,0.000677661057512139,1.10218521319776e-05,0.0106658378927087,0,0,0,0,0,0,0.000205742204740726,0.00109759031659456,0,7.83475439930639e-06,0,0,0.0689779964116489,0.000111338520204744,2.62489414130304e-05,0,0,0,0,0,0.00282026234422948,9.38052221322234e-06,0.00133445716462257,4.53888109439184e-05,0,0,6.17960447741675e-05,0,0.00927372162133822,3.17919547422503e-05,0.00764525035104463,0.000144309144296353,0.0012491252624417,3.32858404459753e-05,0.013637753447307,0.00133442400602282,0.000789621158764162
0,0,0.000585463856870002,8.41195843363134e-05,3.67815344293435e-05,0,0,0,0.000293205827268008,0,0,0,0,0,0,0,0.00131083074502992,0.000279077359746897,0.00664816362266595,0,0.000750150017539526,0,0,6.75676349080803e-06,0,0,0,0,0,0,0,0,0,0,0,9.76270718523444e-07,0.00222546164160637,4.02847850475665e-05,0.000519022963323482,7.16939256290988e-05,0.036160086383339,0.000206456427879812,0.0200983265471064,0,0,0.000115246569942793,0,0.000394382963160897,0.00329099250705506,0.000120746092873769,0,0,0,0,0.000449308868239816,0,0.00105249083426758,0,0,0,0,0,1.51071118155665e-05,0.0380284807039982,0,0,0,0,0,0,0.000108488401220611,0.000533754519108212,0,0.00391455714654524,0,0,0,0,3.08009721333935e-05,0.0114265199636694,2.6418806347002e-05,0.00896224935380641,0.000743407850318354,0,0.00918700803339038,6.70838435196195e-05,0.00228956109517738
0.000638002600613603,0.00107882414411432,0.000419183924551613,0.00137005920098293,6.22072654728029e-05,3.18820719874395e-05,0,0,0.000299369671069455,1.18385174088329e-05,0,0,0,0,0,0,7.67214830382037e-05,1.28885720667484e-05,0.000110061621554001,0,0,0,0,0,0,0,0,0,0,0,0,0.00244546482562719,0.0236513035665645,0.039187175580736,0.0770697587326064,0.000135953795561585,8.42178545805955e-05,0.0021404376122218,0.00162077873778041,0.000532292826858138,0.00101965097342007,0.0062877891763696,0.00181491226714792,0,0,0.000677661057512139,0.000394382963160897,0,0.0416967418377411,0.0657061510985031,0,0,0,0,0.000499786908865039,0.000173003842010175,0.000492164055840606,0.000238343302407777,1.14195425470854e-05,0,0,5.03684358116735e-05,0.00012331875266681,0,0,0,6.16803277010388e-05,0,0,0,0.000107956501658482,0,0,0.000261589678290746,0.132753207592309,0.390880446767542,0.295026756693105,0.260621790892796,0.00789582937108718,0.00232410090505954,0.0191127455121605,0.0197643494731108,0.00267806129499842,0,0.0223754655382342,7.78314278860655e-05,0
0.0200156460884701,0,0.00472201260659885,0,0.000141763376175909,0,0,0,0.00381893258060442,0,0,0,0,0,0,0,0.000143517376313542,0,0.000682436629532373,0,0,0,5.50676766789427e-05,0,0.000139412166190156,0,0,0,0,0,0,0,0,2.11554249545953e-05,0.00043789281508921,1.03799667818831e-05,0.000208657927777717,6.18246318235464e-05,0.00213228171794241,0,0.054432910268674,0,0.0187217380737347,0,0,1.10218521319776e-05,0.00329099250705506,0.0416967418377411,0,0.000216010182712514,3.67908219808721e-05,0,0,0,0.0123851023964837,4.51957301842207e-05,0.0101921445723702,0,0.000133614193487874,0,0.0162127068347501,0,0,0.000122570809412103,0,0.00109452583340237,0,0.00278209168129435,0,0.000267578794678748,2.25725847650624e-05,0.00418218962833312,0,0.00813626761140451,0,0.000343412257880245,9.8052260309711e-05,0.00359236432229451,1.05133626430299e-05,0.00502730117380398,0.000134390037366046,0.00841180177601703,0.000706966112016073,6.20281751727975e-06,0.0245233181426622,0,0.000723195860153224
0,0.0506281801915774,4.04463390036194e-05,0.0461136124293009,0.000443424116426087,0.000331110288478329,0,0,1.0639713906344e-05,0.0010499433628075,0,0,0,0,0,0,0.000138508840605572,0.000372603854585681,0.00373114325505198,0.000315244544186855,0,4.42062074177971e-05,0,8.95235056790164e-05,0,0,0,0,0,0,0,0.000100165729618684,8.02103114558479e-05,0,4.12771960000245e-05,0.000603341748483814,2.53706953815989e-05,0.00207694562532221,1.49788885574747e-05,0.0172798414457166,1.80948640901143e-05,0.0296131448468534,0.000432052378465352,9.61133418821798e-05,0,0.0106658378927087,0.000120746092873769,0.0657061510985031,0.000216010182712514,0,0,0,0,0,1.69480083566059e-05,0.00574118934305199,2.54006764356114e-05,0.0124713883400821,0,0.00102220425277434,0,0.00573552593359284,0.00734363734472278,1.22131016087266e-05,0.000378478020429006,0,0.00118197590678548,0,0,0,0.0194837501732918,3.627699064546e-05,0.00850711616928937,0.000146042696643384,0.00708611644408682,0.000221065331362983,0.00146330848629489,0.000289528376322222,0.00307591193060262,0.00011645495671657,0.00641296927424553,7.20427262384495e-05,0.00166041858574411,9.63224018498939e-07,0.0342785933458163,0.00167144149039598,0.00012077497290321
0,0,0.00228832449570086,0,0.0290388017299909,0,0.0164547890307256,0,0,0,0,0,0,0,0.000153083040321553,0,0,0,0,0,0.000109402107927856,0,0,0,0,0,0,0,0,0,0,0,0,0,0,0,0,0,0,0,0,0,4.3130518568024e-05,0,0,0,0,0,3.67908219808721e-05,0,0,0,0.00022675737272948,0,0.00288091558851374,0,0,0,0.000701827671980125,0,0.00174808000069482,0,0,0.000304650664799335,0,0,0,0,0,0,0,0,0,6.77692492603559e-05,0,0,0,0,0,0,0,4.46071003375984e-05,0.000137442850735012,0,0.000728636797978481,0,0
0,0,0,0.0104260509331356,0,0.259187237388397,0,0.0233727619859888,0,0.00125101375261371,0,0,0,0,0,0.0010783090527439,0,0,0,0,0,0,0,0,0,0,0,0,0,0,0,0,0,0,0,0,0,0,0,0,0,0,0,0,0,0,0,0,0,0,0,0,0,0.0151509133953078,0,0.000855990247217776,0,0,0,0.00193039031704009,0,0.0118751033058353,6.96670027825023e-05,0,0,0,0,0,0,0,0,0,0,0,0,0,0,0,0,0,0,0,0.000603633885944077,0,9.42434940227439e-05,0,0
0,0,0,0,0,0,0.00762448985563596,0,0,0,0.00805829841007694,0,0,0,0,0,0,0,0,0,0,0,0,0,0,0,0,0,0,0,0,0,0,0,0,0,0,0,0,0,0,0,0,0,0,0,0,0,0,0,0.00022675737272948,0,0,0,0,0,0.00133532893608715,0,0,0,0,0,0,0,0,0,0,0,0,0,0,0,0,0,0,0,0,0,0,0,0,0,0,0,0,0,0
0,0,0,0,0,0.00818470486953304,0,0.0403802820332237,0,0,0,0.000127027271401765,0,0.000621749336448357,0,0,0,0,0,0,0,0,0,0,0,0,0,0,0,0,0,0,0,0,0,0,0,0,0,0,0,0,0,0,0,0,0,0,0,0,0,0.0151509133953078,0,0,0,0,0,0.00260731111184826,0,0.00265399320199831,0,0,0,0,0,0,0,0,0,0,0,0,0,0,0,0,0,0,0,0,0,0,0.000268305876974793,0,0,0,0
0.0532874693360849,0,0.00488334246521454,0,0.000828187142929194,0,0,0,0.126002898614482,0,0,0,0,0,0.00122780527660422,0,0.00316525163475786,0.000456934487186192,0.000476902092104449,0,0,0,1.35937055703928e-05,0,0.0277496216401198,0,0,0,0,0,0,0,0,0,0,0,4.81892290583802e-06,2.51322792674465e-05,0.000209360401854864,1.51052371268528e-05,0.00156744522733433,2.95425245462292e-05,0.00275977575129477,0,0,0,0.000449308868239816,0.000499786908865039,0.0123851023964837,1.69480083566059e-05,0.00288091558851374,0,0,0,0,4.90498621619311e-05,0.000658320220993365,0,0,0,0.028667586808036,0,0,5.252040173969e-05,0,0,0,0.038718988434996,0,0.000475675055819849,3.48673908655769e-05,0.00019496109252964,0,0.00247066838349861,0,0,0,9.78745417112943e-05,2.06776141088781e-06,7.64264085472061e-06,4.37868624561931e-05,0.00139136435881172,0.000747429741011643,1.91487521164759e-06,0.00425616291323962,0,0
0,0.0261972546045295,3.37596410184145e-05,0.000117736044099565,0,0.0111532940962658,0,0,0,0.138321289601488,0,0,0,0,0,0.00644387972523393,0,2.45450807398275e-05,1.35526507839016e-05,0,0,0,0,0.0047544173339639,0,0,0,0,0,0,0,0,0,0,0,0,0,0.000351108975918738,1.15547399348405e-05,0,0,0.000105948189973402,0,0,0,0,0,0.000173003842010175,4.51957301842207e-05,0.00574118934305199,0,0.000855990247217776,0,0,4.90498621619311e-05,0,0,0.000137692628525567,0,0,0,0.053025444375576,0,0,0,0,0.0734645765116297,0,0,0,0.000132541542730494,0,0,0,0,0,0,0,0,0,0.00102091901607442,9.51343851123432e-06,0.000768282744551595,0,0.00334496494936682,0,0
0.000138289862080729,0,0.00722981110643254,0,0.00170301176439284,0,0.00310435930044862,0,0.00031871392809997,9.92823345159614e-06,0.0538927217781934,0,0.00260845936767111,0,0,0,3.43918170634665e-05,1.93253838638637e-05,0.000592013612620069,0,0.0557567158999606,0,0,0,0,0,0,0,0,0,0.00407200313402321,0,0,0,0,8.73521381418619e-07,0.000839102875842371,3.52857855805784e-06,0.0027815378835909,7.11324422591296e-05,0.000819245219280882,9.64209579630029e-05,0.019015967967553,9.00609460935305e-06,0,0.000205742204740726,0.00105249083426758,0.000492164055840606,0.0101921445723702,2.54006764356114e-05,0,0,0.00133532893608715,0,0.000658320220993365,0,0,7.57677498791479e-06,0.00303281962939708,0,0,0,4.83478877928679e-06,0.0365197832891835,0,0,1.03861051872118e-05,0,0,0,0,0.00814438740462912,1.621723898235e-05,0.0224390216470596,0,0,0,0,1.48942561298885e-05,7.82859621956756e-05,3.74841088343328e-05,0.00119304285118886,0.00169450821641076,0,0.0286992337553711,0,0.000992466986747839
0,0.000392764744669295,0,0.00181546889293656,1.23433862542221e-05,0.000126553759064304,0,0.00501114414107927,0,0.000152952228405302,0,0.130050108964573,0,0.00235051062082747,0,0,1.97113494862262e-05,2.9653573031506e-05,0.000277977959303261,0.0014744727154315,0,0,0,0.000480394811139509,0,0,0,1.09882819520152e-05,0,0.0015819597732794,0,0,0,0,0,0.000281060992482409,0,0.000676252034972504,0,0.000266412268651809,1.02943360441982e-05,0.00208259016096293,3.84424950515682e-05,0,0,0.00109759031659456,0,0.000238343302407777,0,0.0124713883400821,0,0,0,0.00260731111184826,0,0.000137692628525567,7.57677498791479e-06,0,0,0.0023809887935337,0,8.26198336050009e-05,0.0276573108859036,5.55873883705389e-06,0,0,0.00016199926672027,0,0,0,0.0116980197950645,0,0.00202227763575257,0,0,0,0,0,0.000100750242859497,1.11231658204413e-06,0.000992424932527694,8.56706766607513e-06,0.000617180218593221,1.49911820532505e-06,0.0186755564547965,3.70937475441494e-05,1.94308496372181e-05
0,0,0.00192333550019859,0,0.000924136143947376,0,0,0,0,0,0.00163178932179943,0,0.0231222918580836,0,0.00574473907420244,0,1.13718714806544e-05,0,0,0,0,0,0,0,0,0,0,0,0.000101912706705767,0,0,0,0,0,0,0,0,0,5.63294284402263e-06,0,0,0,0.000125073013666723,0,0,0,0,1.14195425470854e-05,0.000133614193487874,0,0.000701827671980125,0,0,0,0,0,0.00303281962939708,0,0,0,0.00622061783122891,0,0,0,0,0,0,0,0,0,0,4.04472368925763e-05,0,0.000268742269071341,0,0,0,0,0,1.21103943028292e-06,5.56773356866962e-06,6.49675420240738e-05,4.33046721627697e-06,0,0.000950571748906482,0,0
0,4.34325433116959e-05,0,0,0,0.000843705967238186,0,0.00420213440418226,0,0,0,0.0132011037748045,0,0.0472940636438396,0,0,0,0,0,0,0,0,0,0,0,0,0,0.00104254732842291,0,3.94837033192133e-05,0,0,0,0,0,0,0,0,0,0,0,6.95112021869204e-05,0,0,0,7.83475439930639e-06,0,0,0,0.00102220425277434,0,0.00193039031704009,0,0.00265399320199831,0,0,0,0.0023809887935337,0,0,0,0.000400259441223507,0.000142187642841424,0,0,0,0,0,0,0,0.00250657196067962,0,6.86702592265663e-05,0,0,0,0,0,0,9.14671428808655e-07,2.41749711217098e-05,0,3.1143899232942e-05,0,0.00021247372525854,0,0
0.0163787307266115,0,0,0,0.00520989205132797,0,0,0,0.00160412226117656,0,0,0,0,0,0.0165232808400025,0,0.0016284527454802,8.44127765119466e-06,0,0,0,0,0,0,0,0,0,0,0,0,0,0,0,0,0,0,0,0,0,0,0,0,0,0,0,0,0,0,0.0162127068347501,0,0.00174808000069482,0,0,0,0.028667586808036,0,0,0,0.00622061783122891,0,0,0,0,0,0,5.59721881411698e-05,0,0.000516913934126353,0,0.00319427767793654,0,0,0,0,0,0,0,0,0,0,0,0,0.000224752026711059,0,0,0,0
0,0.00844340407389777,0,0.000129550495795447,0,0.0265380907230337,0,0,0,0.0570198532820284,0,0,0,3.61976364653778e-05,0,0.0393450735293108,0,0.000169352621076777,0,0,0,0,0,0.00665435575855778,0,0.000304592376927672,0,0,0,0,0,0,0,0,0,0,0,4.88841775040261e-06,0,0,0,0,0,0,0,0,0,5.03684358116735e-05,0,0.00573552593359284,0,0.0118751033058353,0,0,0,0.053025444375576,0,8.26198336050009e-05,0,0.000400259441223507,0,0,0,0,0,0,0.000630554526318043,0,0.000341014213610592,0,0.000189118101509797,0,0,0,0,0,0,0,0,0,0,0,0,0,2.94070901598795e-05,0,0
