0,0,41.5479700863361,0,7.93576312065125,0,0,0,560.119114428759,0,0,0,0,0,1.24148905277252,0,1.14707225561142,1.69923129677773,80.1996811181307,0,0,0,0,0,0,0,0,0,0,0,0,0,0,0,0,1.91455030441284,8.50514164566994,0,0,0,92.2015875279903,0,116.742872908711,0,0,0.354407072067261,52.8782694190741,0,77.8890844881535,0,0,0,0,0,174.869690716267,0,0,0,0,0,141.390236437321,0,0,34.3454623967409,0,0,0,0.892587542533875,0,0,0,0,0,0.904547959566116,0,0,0,0,0,129.584457688034,0,0,463.852869465947,0,241.672168642282,0,51.9577055573463
0,0,0,130.319090932608,0,10.238065123558,0,0,0,450.755285084248,0,0,0,0,0,86.5104939341545,0,3.40649178624153,45.5050214082003,0,0,0,0,0,0,0,0,0,0,0,0,0,0,0,0,1.50353235006332,0,0,0,5.25193649530411,0,144.936145067215,0,1.60720598697662,0,9.16374748945236,0,0,0,172.634280011058,0,0,0,0,0,411.314321413636,0,0,0,0,0,210.111297592521,6.4806817471981,0,0,0,67.7257562875748,0,0,0,0,0,0,0,0,0,0,0,10.7925918102264,0,0,0,329.877410367131,0,440.79199577868,9.79474329948425,0
41.5479700863361,0,0,0,165.48785212636,0,0,0,49.7408136278391,0,0,0,0,0,0,0,2.28715673089027,0,33.3888139128685,0,0.856107831001282,0,0,0,0,0,0,0,0,0,0,0,0,0,0,6.10299414396286,50.3671437427402,0,0,0,43.4757673889399,2.01541686058044,336.059912741184,0.821988463401794,1.65128634870052,0,162.158870518208,1.62133181095123,134.562207460403,0,68.0082166790962,0,0,0,34.4521707594395,0,5.76184394955635,0,107.319181799889,0,23.3126508295536,0,0,66.6480805724859,0,0,0,0,0,0,0,0.768100768327713,0,9.19749620556831,0,0,0,0,4.49874141812325,108.07839114219,0,0,196.478268936276,0.498084992170334,544.996876515448,0,20.6204516962171
0,130.319090932608,0,0,0,531.655242800713,0,0,0,328.841492190957,0,0,0,0,0,20.0456485897303,0,0,0.199145779013634,3.23131008446217,0,0,0,0,0,0,0,0,0,0,0,0,0,0,0,27.1075074076653,0,0,0,31.1738875061274,0,110.305587649345,3.39659948647022,2.61450539529324,0,6.89746774733067,0,0,0,89.5726001560688,0,279.717793598771,0,0,0,590.397170424461,0,163.207359164953,0,29.752024948597,0,23.6758517622948,3.09237703680992,0,0,0,0,0,0,0,0,0,2.86051417887211,0,0,0,0,0,36.2704842835665,0,5.25543321669102,0,356.392847776413,4.40233492851257,547.147743061185,1.25002574920654,0
7.93576312065125,0,165.48785212636,0,0,0,0.78340870141983,0,467.269022956491,0,0,0,0,0,0,0,0,0,0,0,0,0,0,0,0,0,0,0,0,0,0,0,0,0,0,0.801400721073151,11.2432387173176,0,0,0,0,0,8.44106605648994,0,0,0,0.283455967903137,0,0.96042038500309,0,336.953099191189,0,9.42972588539124,0,8.90484917163849,0,20.6992398202419,0,5.65996581315994,0,46.1284533441067,0,0,0,0,0,0,0,0,0,0,0,0,0,0,0,0,0,0,8.59967479109764,0,0,325.315984219313,18.0130541324615,30.8485728651285,0,0
0,10.238065123558,0,531.655242800713,0,0,0,0,0,329.375587284565,0,0,0,0,0,0,0,0,0,19.494323477149,0,0,0,0,0,0,0,0,0,0,0,0,0,0,0,19.7504593133926,0,0,0,1.00140106678009,0,4.3444416821003,0,0,0,0,0,0,0,0.221845075488091,0,660.47237239778,0,50.1778153181076,0,280.545887947083,0,1.70960021018982,0,18.7984004467726,0,13.8918508440256,3.03251281380653,0,0,0,0,0,0,0,0,0,0,0,0,0,0,0,17.4569013416767,0,0,0,115.359166502953,0,42.3313097953796,0,0
0,0,0,0,0.78340870141983,0,0,0,0,0,0,0,0,0,0,0,0,0,0,0,0,0,0,0,0,0,0,0,0,0,0,0,0,0,0,0,40.0951523780823,0,0,0,0,0,0,0,0,0,0,0,0,0,15.4980584979057,0,140.109750002623,0,0,0,0,0,130.884825408459,0,0,0,0,0,0,0,0,0,0,0,0,0,0,0,0,0,0,0,0,26.0314053893089,0,0,132.08862772584,0,0,0,0
0,0,0,0,0,0,0,0,0,0,0,0,0,0,0,0,0,0,0,0,0,0,0,0,0,0,0,0,0,0,0,0,0,0,0,0,0,0,0,0,0,0,0,0,0,0,0,0,0,0,0,0,0,13.443542599678,0,0,0,4.5041435956955,0,0,0,0,0,0,0,0,0,0,0,0,0,0,0,0,0,0,0,0,0,0,0,0,48.4687039852142,0,0,0,0
560.119114428759,0,49.7408136278391,0,467.269022956491,0,0,0,0,0,0,0,0,0,64.7113773822784,0,16.2165185809135,0,0.706298440694809,0,0,0,0,0,262.207641392946,0,8.42485719919205,0,0,0,0,0,0,0,0,0.807084202766418,0,0,8.95659852027893,0,0,0,72.4056771546602,0,0.339520782232285,0,1.92363810539246,0,21.5382044911385,0,123.07359868288,0,0,0,718.212568551302,0,0,0,0,0,349.859755337238,0,0,0.620494902133942,0,0,0,149.88801702857,0,4.84217193722725,0,0,0,3.21859765052795,0,0,0,0,0,0.521069571375847,0,25.5278190076351,1306.4076000303,169.907909095287,147.17276096344,0,108.506767570972
0,450.755285084248,0,328.841492190957,0,329.375587284565,0,0,0,0,0,0,0,0,0,187.256431743503,0.69634185731411,10.9208832532167,0,0,0,0,0,36.6063163876534,0,0,0,0,0,0,0,0,0,0,0,0,0,43.0356851220131,0,0,0,15.0872762203217,0,0,0,1.32037365436554,0,0,0,36.0942049771547,0,0,0,0,0,354.573497742414,0,11.5430696308613,0,0.309641450643539,0,75.3053598552942,0,0,0,0,43.7135410010815,0,0.892423570156097,0,0,0,0,0,0,0,0,0,0,0,44.664813503623,0,894.765889257193,14.5638645589352,8.99807167053223,65.8796365857124,0
0,0,0,0,0,0,0,0,0,0,0,0,28.5265139937401,0,0,0,0,0,0,0,510.560131728649,0,0,0,0,0,0,0,4.58340364694595,0,140.616905242205,0,0,0,0,0,7.49258533120155,0,350.868763744831,0,0,0,0,0,0,0,0,0,0,0,2.74291044473648,0,0,0,0,0,1456.92528153956,0,3.3586797118187,0,0,0,0,0,0,0,0,0,0,0,0,0,0,133.969755709171,0,0,0,0,0,9.37585857510567,0,0.583701133728027,339.713574111462,0,7.22925496101379,0,0
0,0,0,0,0,0,0,0,0,0,0,0,0,6,0,0,0,0,0,92.131544470787,0,0,0,0,0,0,0,0,0,8.06593376398087,0,0,0,0,0,158.919134557247,0,826.775204002857,0,0,0,0,0,0,0,0,0,0,0,0,0,0,0,0,0,0,0,822.749025404453,0,5,0,0,137.936683058739,0,0,0,0,0,0,0,0,0,23.2951920330524,0,0,0,0,0,135.06179715693,0,96.3108254373074,0,323.925993025303,2.30022859573364,0,0,0
0,0,0,0,0,0,0,0,0,0,28.5265139937401,0,0,0,150.226399287581,0,0,0,0,0,0,0,0,0,0,0,0,0,0.922651827335358,0,0,0,0,0,0,0,0,0,0,0,0,0,0,0,0,0,0,0,3.23927102982998,0,0,0,1.85846281051636,0,0,0,0,0,306.166526019573,0,41.2997691333294,0,0,0,0,0,0,0,0,3.95268541574478,0,20.880986481905,0,0,0,0,0,0,0,0,0,0,1,8.41832876205444,0,0,0
0,0,0,0,0,0,0,0,0,0,0,6,0,0,0,66.4764899909496,0,0,0,0,0,0,0,0,0,19.786333501339,0,0,0,0,0,0,0,0,0,0,0,0,0,0,0,0,0,0,0,0,0,0,0,0,0,0,0,0,0,0,0,0,0,322.831655144691,0,40.1160573661327,0,0,0,0,0,0,13.0602388083935,0,0,0,0,0,0,0,0,0,0,0,0,0,167.571241855621,171.284162521362,0,0,0
1.24148905277252,0,0,0,0,0,0,0,64.7113773822784,0,0,0,150.226399287581,0,0,0,0,0,0,0,0,0,0,0,4.85023465752602,0,0.602012276649475,0,0,0,0,0,0,0,0,0,0,0,0,0,0,0,0,0,0,0,0,0,26.5658664107323,0,0,0,0,0,0,0,0,0,257.446955695748,0,322.234875977039,0,0,0,0,0,0,0.399848073720932,0,6.0016343742609,0,12.9565494507551,0,0,0,0,0,0,0,0,0,0,310.509229362011,49.6905866861343,0,0,0
0,86.5104939341545,0,20.0456485897303,0,0,0,0,0,187.256431743503,0,0,0,66.4764899909496,0,0,0,0,0,0,0,0,0,0,0,0,0,0,0,0,0,0,0,0,0,0,0,0,0,0,0,0,0,0,0,0,0,0,0,33.8593277931213,0,6.36824369430542,0,0,0,1.00630855560303,0,1.22963747382164,0,29.0669221580029,0,251.031679138541,0,0,0,0,0,0,126.477474659681,0,0,0,0,0,0,0,0,0,0,0,0,0,60.1772889643908,0,0,0,0
1.14707225561142,0,2.28715673089027,0,0,0,0,0,16.2165185809135,0.69634185731411,0,0,0,0,0,0,0,14250.8945773616,3905.30225767195,0,0,28.9610774219036,77.6359378695488,73.6022950410843,16.1243962198496,5.22023418545723,6.52875064313412,0,0,0,0,0,0,0,0,1.67717641592026,9.66779218614101,0,0,26.5196558386087,15.029553450644,49.4626998901367,31.4430683329701,6.63837729394436,16.5074803382158,9.18293239176273,27.4017720669508,0,0.152360379695892,0.254786968231201,0,0,0,0,0,0,0,0,0,0,0,0,16.7521383464336,22.9459638446569,0.310793519020081,0,0,0.828564390540123,0,1.22571563720703,0,0,0,0,0,0,0,0,17.6548562943935,30.1847668215632,0.760896354913712,0,5612.47652883828,5637.45855624974,73.7738469541073,30.1948435753584,8.85377226769924
1.69923129677773,3.40649178624153,0,0,0,0,0,0,0,10.9208832532167,0,0,0,0,0,0,14250.8945773616,0,3579.9468376711,0,0,182.455879554152,11.2558982372284,78.0523920655251,0,211.350626394153,0,141.263976603746,0,0,0,0,0,0,0,0.753463968634605,1.75807854533195,0,0,43.8401661142707,8.26458542793989,99.6578836366534,24.8328986167908,19.0159203410149,8.05015976727009,16.650113299489,2.61543065309525,0,0.557675659656525,1.48153264075518,0,0,0,0,0,0,0,0,0,0,0,0,13.1781160235405,7.89502862095833,30.288805603981,0,0,0,26.0224863886833,0,0,0,0,0,0,0,0,0,32.1757577508688,16.19513463974,4.66027583181858,0,5887.96304573864,6805.17217287421,80.4688922688365,60.3947895541787,5.17173320055008
80.1996811181307,45.5050214082003,33.3888139128685,0.199145779013634,0,0,0,0,0.706298440694809,0,0,0,0,0,0,0,3905.30225767195,3579.9468376711,0,0,11.7849555015564,2.18923692405224,3.67351055145264,11.2988030910492,0,0,0,0,0,0,0,0,0,0,0,38.0694024264812,230.721722126007,0,0,827.819046393037,768.621454499662,1116.62364210188,1404.63521145284,292.584327742457,350.293388105929,710.501472920179,1006.52681892365,0,3.16137780249119,29.212602853775,0,0,0,0,0,0,0.250402241945267,0.387253597378731,0,0,0,0,290.806490391493,733.60794108361,0.449542194604874,0,0,0,0,0,0,1.57467386126518,4.61358954012394,12.5586805716157,0,0,0,0,618.404423668981,1055.73806764185,46.351145580411,24.1808695197105,6303.30710060894,25.6612066924572,2932.90640151501,450.243115492165,612.129745319486
0,0,0,3.23131008446217,0,19.494323477149,0,0,0,0,0,92.131544470787,0,0,0,0,0,0,0,0,0,0,0,0,0,0,0,0,0,0,0,0,0,0,0,696.94716309011,0,36.0560306310654,0,0,0,0,0,0,0,4.14200226962566,0,0,0,0,0,34.5988457798958,0,0,0,0,0,48.4348722994328,0,0,0,0,1336.67041420937,0,0,0,0,0,0,0,0,0,0,0,0,0,0,0,381.017342358828,0,3.45900630950928,0,115.929192572832,0,88.3978818655014,0,0
0,0,0.856107831001282,0,0,0,0,0,0,0,510.560131728649,0,0,0,0,0,0,0,11.7849555015564,0,0,0,0,0,0,0,0,0,0,0,0,0,0,0,0,0,1361.7498472333,0,227.802957490087,0,0,0,4.32356970012188,0,0,0,84.7040621340275,0,0,0,7.75880309939384,0,0,0,0,0,349.585134238005,0,1.20284083485603,0,0,0,0,1837.54446031153,0,0,0,0,0,0,0,0,0,0,0,0,0,0,0,678.978151574731,0,31.4480165839195,451.681702166796,0,35.7762009054422,0,0
0,0,0,0,0,0,0,0,0,0,0,0,0,0,0,0,28.9610774219036,182.455879554152,2.18923692405224,0,0,0,104.998373568058,8.71912485361099,0,54.0454689264297,0,166.210261762142,0,0,0,0,0,0,0,0,0,593.416139364243,0,0,0,0,0,0,0,0,0,0,0,547.936500146985,0,0,0,0,0,0,0,2.37586271762848,0,0,0,0,1.86607657372952,0,4787.16406072676,0,22.4344257116318,0,112.087934195995,0,194.954004257917,0,125.345312803984,0,0,0,0,0,0,0,828.628004595637,0,246.85369168222,59.0496133565903,12.7827797681093,0,0
0,0,0,0,0,0,0,0,0,0,0,0,0,0,0,0,77.6359378695488,11.2558982372284,3.67351055145264,0,0,104.998373568058,0,0,204.724615186453,0,71.1405296325684,0,40.4271192550659,0,0,0,0,0,0.58439701795578,0,0,0,415.826613232493,0,0,0,0,0,0,0,0,0.546960055828094,104.249523609877,0,0,0,0,0,0,0,0,0,0,0,0,0,0,0,10.7834889888763,4768.17716956139,0,199.012973666191,0,152.647139847279,0,61.1244999468327,0,0,0,0,0,0,0,0,0,91.8924954235554,161.44682431221,0,8.43343678116798,0,0
0,0,0,0,0,0,0,0,0,36.6063163876534,0,0,0,0,0,0,73.6022950410843,78.0523920655251,11.2988030910492,0,0,8.71912485361099,0,0,0,29.3381761908531,0,0,0,0,0,0,0,2.64284306764603,0,0,0,186.483867377043,0,0,0,1.27956900000572,0,0,0,0,0,0.731605291366577,0,8.59314057230949,0,0,0,0,0,39.3222042024136,0,0,0,0,0,0,0,0,90.4956507533789,0,814.01186235249,0,71.8706642985344,0,0,0,0,0,0,0,0.82867506146431,0,0,0,263.456963256001,0,108.090890556574,0,31.1158290505409,0,0
0,0,0,0,0,0,0,0,262.207641392946,0,0,0,0,0,4.85023465752602,0,16.1243962198496,0,0,0,0,0,204.724615186453,0,0,0,151.7616340518,0,0,0,0,0,0,0,0,0,0,0,275.299027144909,0,0,0,0.815790712833405,0,0,0,0,0,0,0,0,0,0,0,54.4339243024588,0,0,0,0,0,7.1880404651165,0,0,0,0,208.796441406012,0,1308.17207697034,0,120.27189540863,0,0,0,0,0,0,0,0,0,0,0,68.9812654852867,125.354226514697,0,10.0553525686264,0,0
0,0,0,0,0,0,0,0,0,0,0,0,0,19.786333501339,0,0,5.22023418545723,211.350626394153,0,0,0,54.0454689264297,0,29.3381761908531,0,0,0,17.5004247426987,0,0,0,0,0,0,0,0,0,0,0,0,0,0,0,0,0,0,0,0,0,0,0,0,0,0,0,0.273104190826416,0,0,0,60.1082004606724,0,6.61793825030327,0,0,3,0,13.1897503733635,0,282.788326412439,0,4.17364007234573,0,0,0,0,0,0,0,0,0,0,0,22.8920982480049,0.401481688022614,0,0.215010732412338,0
0,0,0,0,0,0,0,0,8.42485719919205,0,0,0,0,0,0.602012276649475,0,6.52875064313412,0,0,0,0,0,71.1405296325684,0,151.7616340518,0,0,0,0,0,0,0,0,0,0,0,0,0,0,0,0,0,0,0,0,0,0,0,0,0,0,0,0,0,0,0,0,0,0,0,0,0,0,0,0,72.6479670405388,0,3.5566717684269,0,186.89214168489,0,42.865052729845,0,0,0,0,0,0,0,0,0,0,19.12697263062,0,0,0,0
0,0,0,0,0,0,0,0,0,0,0,0,0,0,0,0,0,141.263976603746,0,0,0,166.210261762142,0,0,0,17.5004247426987,0,0,0,273.401963353157,0,0,0,0,0,0,0,0,0,0,0,0,0,0,0,0,0,0,0,0.963311910629272,0,0,0,0,0,0,0,0,0,6.38188168406487,0,0,0,0,4.83411693572998,0,0,0,7.46216464042664,0,83.8703500628471,0,4.77587032318115,0,0,0,0,0,0,0,1.98549115657806,0,4.50762760639191,0,0,0,0
0,0,0,0,0,0,0,0,0,0,4.58340364694595,0,0.922651827335358,0,0,0,0,0,0,0,0,0,40.4271192550659,0,0,0,0,0,0,0,37.8355430960655,0,0,0,0,0,0,0,0,0,0,0,0,0,0,0,0,0,0,0,0,0,0,0,0,0,0,0,1.82667587697506,0,0,0,0,0,0,1,0,0,0,10.5825297385454,0,842.453489720821,0,0,0,0,0,0,0,0,0,0,0,0,0,0,0
0,0,0,0,0,0,0,0,0,0,0,8.06593376398087,0,0,0,0,0,0,0,0,0,0,0,0,0,0,0,273.401963353157,0,0,0,0,0,0,0,0,0,27.2642197906971,0,0,0,0,0,0,0,0,0,0,0,0,0,0,0,0,0,0,0,10.0353890657425,0,0,0,0,0,0,0,0,0,0,0,0,5.56258678436279,0,312.262097358704,0,0,0,0,0,0,0,15.1439638435841,0,0,0,0,0,0
0,0,0,0,0,0,0,0,0,0,140.616905242205,0,0,0,0,0,0,0,0,0,0,0,0,0,0,0,0,0,37.8355430960655,0,0,0,0,0,0,0,0,0,73.4117465019226,0,0,0,0,0,0,0,0,0,0,0,0,0,0,0,0,0,29.5050333589315,0,0,0,0,0,0,0,0,0,0,0,0,0,0,3.84954172372818,0,170.767879754305,0,0,0,0,0,0,0,5.55459070205688,0,0,0,0,0
0,0,0,0,0,0,0,0,0,0,0,0,0,0,0,0,0,0,0,0,0,0,0,0,0,0,0,0,0,0,0,0,446.634251922369,18.0291276425123,36.6313146352768,202.312675759196,3.56770372390747,0,0,0,0,0,0,0,0,0,0,1221.46508254111,114.975905120373,26.5433958768845,0,0,0,0,0,0,0,0,0,0,0,0,0,0,0,0,0,0,0,0,0,0,0,0,1652.65553501248,684.510948389769,0,7.21347865462303,301.607151731849,0,0,0,161.023066043854,0,0,0,0
0,0,0,0,0,0,0,0,0,0,0,0,0,0,0,0,0,0,0,0,0,0,0,0,0,0,0,0,0,0,0,446.634251922369,0,0,37.8652200698853,47.6771486103535,81.6351352035999,0,0,0,0,0,0,0,0,0,0,341.757040038705,3.08613918721676,0,0,0,0,0,0,0,0,0,0,0,0,0,0,0,0,0,0,0,0,0,0,0,0,0,12.9579764008522,1356.39329138398,0,0,7.24866998195648,97.7009018808603,0,0,314.394863426685,0,0,0,0
0,0,0,0,0,0,0,0,0,0,0,0,0,0,0,0,0,0,0,0,0,0,0,2.64284306764603,0,0,0,0,0,0,0,18.0291276425123,0,0,904.731873989105,20.152691334486,0,114.568149119616,10.1030244827271,0,0,0,0.427645206451416,0,0,0,0,1408.0114723593,30.6276594698429,1.14620786905289,0,0,0,0,0,0,0,0,0,0,0,0,0,0,0,0,0,0,0,0,0,0,0,0,43.2357410490513,0,2009.17728503048,407.185087621212,28.3135425448418,0,302.813330188394,0,429.873588651419,0,0.907597005367279,0,0
0,0,0,0,0,0,0,0,0,0,0,0,0,0,0,0,0,0,0,0,0,0,0.58439701795578,0,0,0,0,0,0,0,0,36.6313146352768,37.8652200698853,904.731873989105,0,0,86.178435087204,0,83.872139364481,0,0,0,0,0,0,0,0,303.341432362795,54.6887709349394,0,0,0,0,0,0,0,0,0,0,0,0,0,0,0,0,0.416603475809097,0,0,0,0,0,0,0,0,16.905868768692,9.36317723989487,331.732525587082,1313.41834361851,0,40.8822418004274,0,66.7649278491735,3.35865581035614,0,0,0,0
1.91455030441284,1.50353235006332,6.10299414396286,27.1075074076653,0.801400721073151,19.7504593133926,0,0,0.807084202766418,0,0,158.919134557247,0,0,0,0,1.67717641592026,0.753463968634605,38.0694024264812,696.94716309011,0,0,0,0,0,0,0,0,0,0,0,202.312675759196,47.6771486103535,20.152691334486,0,0,1006.54098534584,2368.82218195498,0,17.2169207632542,0,39.3454726859927,0,3.58184415102005,0,57.7897571027279,0,13.3502778857946,0,0.664279073476791,0,93.4173610806465,0,0,0,0,0,163.980002902448,0,0,0,0,1075.76226951182,1.42134010791779,0,0,0,0,0,0,0.214414179325104,0,0.70875757932663,0,470.962232768536,151.606427311897,278.854302376509,0,20294.5242653415,268.572655767202,243.534798234701,0,2471.68676839769,328.804120957851,358.091491341591,6.22645895183086,0
8.50514164566994,0,50.3671437427402,0,11.2432387173176,0,40.0951523780823,0,0,0,7.49258533120155,0,0,0,0,0,9.66779218614101,1.75807854533195,230.721722126007,0,1361.7498472333,0,0,0,0,0,0,0,0,0,0,3.56770372390747,81.6351352035999,0,86.178435087204,1006.54098534584,0,0,1393.25429069996,0,31.3331657797098,1.28172142803669,159.677665635943,1.46762895584106,11.7374684214592,0,102.668188974261,0,47.7971959114075,0,0.447365701198578,0,3.5475871860981,0,0,0,1.03566172719002,0,0,0,0,0,0,949.562440536916,0,0,0,0,0,0,0,0,0,0.168338090181351,0,191.088000833988,0,86.5700302124023,186.338057696819,15206.2223700359,0,257.234689861536,2863.24778135866,361.751745134592,689.330661445856,0.814854949712753,10.5964594483376
0,0,0,0,0,0,0,0,0,43.0356851220131,0,826.775204002857,0,0,0,0,0,0,0,36.0560306310654,0,593.416139364243,0,186.483867377043,0,0,0,0,0,27.2642197906971,0,0,0,114.568149119616,0,2368.82218195498,0,0,108.928080737591,0.157293856143951,0,0,0,0,0,14.8285185992718,0,380.626771897078,0,162.459720179439,0,0,0,0,0,48.6081622838974,0,153.854408711195,0,0,0,0,263.847124136984,0,217.668015435338,0,286.136542856693,0,0,0,17.0624195039272,0,98.4690351635218,0,0,0,439.70984710753,0.380973517894745,684.015290930867,0,6612.21910142899,5.82600820064545,756.055417761207,6.74319171905518,116.27665707469,0,0
0,0,0,0,0,0,0,0,8.95659852027893,0,350.868763744831,0,0,0,0,0,0,0,0,0,227.802957490087,0,415.826613232493,0,275.299027144909,0,0,0,0,0,73.4117465019226,0,0,10.1030244827271,83.872139364481,0,1393.25429069996,108.928080737591,0,0,0,0,0,0,0,0,0,349.623692125082,376.851151138544,0,0,0,0,0,26.1799104213715,0,177.510210812092,0,0,0,0,0,0,117.301662236452,0,261.39332588017,0,475.041719973087,0,0,0,0,0,57.3672687411308,0,0,0,30.0959869921207,0,563.996824905276,0.701249122619629,8840.16575831175,788.877864018083,74.8909595012665,278.08681255579,0,0
0,5.25193649530411,0,31.1738875061274,0,1.00140106678009,0,0,0,0,0,0,0,0,0,0,26.5196558386087,43.8401661142707,827.819046393037,0,0,0,0,0,0,0,0,0,0,0,0,0,0,0,0,17.2169207632542,0,0.157293856143951,0,0,1.40887269377708,2003.36058857292,2.64161696285009,175.114559397101,0.878759503364563,691.621291719377,0,0,0,53.7353900820017,0,0,0,0,0,0,0,2.24239152669907,0,0,0,0,269.926160335541,5.7208323776722,0,0,0,0,0,0,0.196839600801468,0,3.50061455368996,0,0,0,0,0,1075.01023210585,2.3189734518528,74.4230354502797,0,250.70810341835,1.21942286193371,2146.69218221307,614.754566937685,0
92.2015875279903,0,43.4757673889399,0,0,0,0,0,0,0,0,0,0,0,0,0,15.029553450644,8.26458542793989,768.621454499662,0,0,0,0,0,0,0,0,0,0,0,0,0,0,0,0,0,31.3331657797098,0,0,1.40887269377708,0,1.47991666197777,949.749330148101,0.413094252347946,135.22398006916,0,359.151134721935,2.47308754920959,243.673256084323,0,0,0,0,0,0,0,0,0,0,0,0,0,0.498752117156982,127.150043934584,0,0,0,0,0,0,0,0,0,0.244360059499741,0,0,0,0,0.395572289824486,106.914100274444,0,0.312728136777878,372.603858463466,0,517.13183439523,1.60657638311386,156.817304983735
0,144.936145067215,2.01541686058044,110.305587649345,0,4.3444416821003,0,0,0,15.0872762203217,0,0,0,0,0,0,49.4626998901367,99.6578836366534,1116.62364210188,0,0,0,0,1.27956900000572,0,0,0,0,0,0,0,0,0,0,0,39.3454726859927,1.28172142803669,0,0,2003.36058857292,1.47991666197777,0,255.017426460981,200.350383169949,0.545079469680786,568.905870914459,5.45990188419819,61.3878193199635,1.81078791618347,587.274256795645,0,0.324775397777557,0,0,0,0,0,24.4769755452871,0,0,0,3.43508630990982,596.62641492486,0.384888499975204,0,0,0,0,0,0,0.187349691987038,0,38.8104697912931,0,0,0,0,0,989.594140335917,6.90102702379227,436.660133697093,0,2148.40730640292,29.5624564290047,4718.73224306107,3474.15603574365,0.491226762533188
116.742872908711,0,336.059912741184,3.39659948647022,8.44106605648994,0,0,0,72.4056771546602,0,0,0,0,0,0,0,31.4430683329701,24.8328986167908,1404.63521145284,0,4.32356970012188,0,0,0,0.815790712833405,0,0,0,0,0,0,0,0,0.427645206451416,0,0,159.677665635943,0,0,2.64161696285009,949.749330148101,255.017426460981,0,10.047388151288,113.176250897348,2.73544089496136,874.664643444121,239.138746380806,634.455562509596,78.7190069854259,3.52223129570484,0,0,0,0,0,3.96884268522263,0,0,0,0.202569827437401,0,0.914296090602875,623.434942610562,0,0,0,0,0,0,0,9.70637804269791,0,459.603731535375,0.570577383041382,0,3.15394246578217,0,3.64339239895344,1040.74133244157,0.681259214878082,3.98385643959045,2748.66307873279,6.83474332094193,3310.70410924405,2.50467698276043,1891.72420811653
0,1.60720598697662,0.821988463401794,2.61450539529324,0,0,0,0,0,0,0,0,0,0,0,0,6.63837729394436,19.0159203410149,292.584327742457,0,0,0,0,0,0,0,0,0,0,0,0,0,0,0,0,3.58184415102005,1.46762895584106,0,0,175.114559397101,0.413094252347946,200.350383169949,10.047388151288,0,0,54.3026756420732,2.2458681166172,0,0.733256042003632,8.83007596433163,0,0,0,0,0,0,0,0,0,0,0,0,24.9447598159313,1.80715362727642,0,0,0,0,0,0,0,0,0.54912918806076,0,0,0,0,0,127.48464781791,1.79824683070183,25.9447416216135,0,97.8968567699194,0,435.769498251379,47.8621834218502,0
0,0,1.65128634870052,0,0,0,0,0,0.339520782232285,0,0,0,0,0,0,0,16.5074803382158,8.05015976727009,350.293388105929,0,0,0,0,0,0,0,0,0,0,0,0,0,0,0,0,0,11.7374684214592,0,0,0.878759503364563,135.22398006916,0.545079469680786,113.176250897348,0,0,1.0236941576004,39.0345250070095,0,0.220199525356293,0,0,0,0,0,0,0,0,0,0,0,0,0,0,44.4107443541288,0,0,0,0,0,0,0,0,0,0,0,0,0,0,0,116.53662571311,0,0,62.0046080201864,0,82.8825252205133,0,66.2827026695013
0.354407072067261,9.16374748945236,0,6.89746774733067,0,0,0,0,0,1.32037365436554,0,0,0,0,0,0,9.18293239176273,16.650113299489,710.501472920179,4.14200226962566,0,0,0,0,0,0,0,0,0,0,0,0,0,0,0,57.7897571027279,0,14.8285185992718,0,691.621291719377,0,568.905870914459,2.73544089496136,54.3026756420732,1.0236941576004,0,0.156026035547256,0,0,16.5272091478109,0,0,0,0,0,0,0,1.70179799199104,0,0,0,0,1275.69840116054,0.991036653518677,0,0,0,0,0,0,0.664961338043213,0,18.4157149344683,0,0,0,0,0,1066.28995593637,0.883254185318947,492.72995389998,0,242.829664215446,0.661367014050484,1154.59997268766,38.8850113451481,0.526480734348297
52.8782694190741,0,162.158870518208,0,0.283455967903137,0,0,0,1.92363810539246,0,0,0,0,0,0,0,27.4017720669508,2.61543065309525,1006.52681892365,0,84.7040621340275,0,0,0,0,0,0,0,0,0,0,0,0,0,0,0,102.668188974261,0,0,0,359.151134721935,5.45990188419819,874.664643444121,2.2458681166172,39.0345250070095,0.156026035547256,0,0,18.9977197945118,0,0.248397469520569,0,0,0,0,0,0.629455402493477,0,0,0,0.323046118021011,0,0,2824.3076377511,0,0,0,0,0,0,0,0,0,10.595500856638,0,0,0,0,0,947.96195743233,0,35.5094577670097,586.34154779464,0,1172.05465145409,0.721693634986877,40.1868962496519
0,0,1.62133181095123,0,0,0,0,0,0,0,0,0,0,0,0,0,0,0,0,0,0,0,0.546960055828094,0.731605291366577,0,0,0,0,0,0,0,1221.46508254111,341.757040038705,1408.0114723593,303.341432362795,13.3502778857946,0,380.626771897078,349.623692125082,0,2.47308754920959,61.3878193199635,239.138746380806,0,0,0,0,0,6892.16669988632,1776.88903236389,0,0,0,0,0,0,0,0,0,0,0,0,0,0,0.429843336343765,5.21253740787506,3.3973323404789,0,0,0,0,0,0,0,770.386427387595,274.187242299318,185.682084470987,111.226839050651,170.494759038091,47.062749505043,851.222018122673,307.814137458801,3108.47286352515,0,468.257056772709,0,0
77.8890844881535,0,134.562207460403,0,0.96042038500309,0,0,0,21.5382044911385,0,0,0,3.23927102982998,0,26.5658664107323,0,0.152360379695892,0.557675659656525,3.16137780249119,0,0,0,104.249523609877,0,0,0,0,0,0,0,0,114.975905120373,3.08613918721676,30.6276594698429,54.6887709349394,0,47.7971959114075,0,376.851151138544,0,243.673256084323,1.81078791618347,634.455562509596,0.733256042003632,0.220199525356293,0,18.9977197945118,6892.16669988632,0,1451.13189963996,1.23250509798527,0,0,0,4.14801144599915,0,168.331520944834,0,75.6325750648975,0,149.120083838701,0,0,6.54793740063906,0,212.242449879646,0,81.0549640953541,0,34.7244203090668,0,209.206169486046,0,151.561950236559,35.4672988653183,120.778359904885,23.1640011072159,97.7391204535961,5.61279666423798,496.438101559877,2.25132378935814,1319.72903543711,2373.27884124219,0,1334.20325581729,0,88.0211411863565
0,172.634280011058,0,89.5726001560688,0,0.221845075488091,0,0,0,36.0942049771547,0,0,0,0,0,33.8593277931213,0.254786968231201,1.48153264075518,29.212602853775,0,0,547.936500146985,0,8.59314057230949,0,0,0,0.963311910629272,0,0,0,26.5433958768845,0,1.14620786905289,0,0.664279073476791,0,162.459720179439,0,53.7353900820017,0,587.274256795645,78.7190069854259,8.83007596433163,0,16.5272091478109,0,1776.88903236389,1451.13189963996,0,0,5.66700068116188,0,0,0,8.87475746870041,0,10.4017461761832,0,0,0,84.7082821130753,12.068043038249,0,148.853307053447,0,55.2178049087524,0,0,0,238.897210806608,0,223.19372266531,0,44.0218211710453,0,30.7115454673767,0,55.4300666600466,0,535.366713762283,0,937.538147233427,1.50497514009476,1386.10577994585,67.1937270611525,0
0,0,68.0082166790962,0,336.953099191189,0,15.4980584979057,0,123.07359868288,0,2.74291044473648,0,0,0,0,0,0,0,0,0,7.75880309939384,0,0,0,0,0,0,0,0,0,0,0,0,0,0,0,0.447365701198578,0,0,0,0,0,3.52223129570484,0,0,0,0.248397469520569,0,1.23250509798527,0,0,0,60.6031331717968,0,0,0,58.0532995760441,0,2.61059737205505,0,6.02261731028557,0,0,0.291101366281509,0,0,0,0,0,0,0,0,0,0,0,0,0,0,0.348744362592697,0.318380415439606,0,0,8.15265174210072,0,30.8260370641947,0,0.422395199537277
0,0,0,279.717793598771,0,660.47237239778,0,0,0,0,0,0,0,0,0,6.36824369430542,0,0,0,34.5988457798958,0,0,0,0,0,0,0,0,0,0,0,0,0,0,0,93.4173610806465,0,0,0,0,0,0.324775397777557,0,0,0,0,0,0,0,5.66700068116188,0,0,0,81.2092197537422,0,0,0,46.6749686449766,0,110.632899001241,0,15.7975470721722,17.2603608369827,0,0,0,0,0,0,0,0,0,0,0,0,0,0,0,29.9667561352253,0,0,0,95.0020948648453,0,67.2842773199081,0,0
0,0,0,0,9.42972588539124,0,140.109750002623,0,0,0,0,0,1.85846281051636,0,0,0,0,0,0,0,0,0,0,0,0,0,0,0,0,0,0,0,0,0,0,0,3.5475871860981,0,0,0,0,0,0,0,0,0,0,0,0,0,60.6031331717968,0,0,0,0,0,0,0,413.700540333986,0,0,0,0,0,0,0,0,0,0,0,0,0,0,0,0,0,0,0,0,4.78588166832924,0,0,2.22165828943253,0,0,0,0
0,0,0,0,0,50.1778153181076,0,13.443542599678,0,0,0,0,0,0,0,0,0,0,0,0,0,0,0,0,0,0,0,0,0,0,0,0,0,0,0,0,0,0,0,0,0,0,0,0,0,0,0,0,0,0,0,81.2092197537422,0,0,0,0,0,8.13300514221191,0,0,0,0,0,0,0,0,0,0,0,0,0,0,0,0,0,0,0,0,0,0,0,0,34.9587783813477,0,0,0,0
174.869690716267,0,34.4521707594395,0,8.90484917163849,0,0,0,718.212568551302,0,0,0,0,0,0,0,0,0,0,0,0,0,0,0,54.4339243024588,0,0,0,0,0,0,0,0,0,0,0,0,0,26.1799104213715,0,0,0,0,0,0,0,0,0,4.14801144599915,0,0,0,0,0,0,0,0,0,0,0,5.55392688512802,0,0,0,0,0,0,499.81755580008,0,0,0,0,0,0,0,0,0,0,0,0,0,131.953055515885,18.7168110907078,0,123.182328268886,0,0
0,411.314321413636,0,590.397170424461,0,280.545887947083,0,0,0,354.573497742414,0,0,0,0,0,1.00630855560303,0,0,0,0,0,0,0,39.3222042024136,0,0.273104190826416,0,0,0,0,0,0,0,0,0,0,0,48.6081622838974,0,0,0,0,0,0,0,0,0,0,0,8.87475746870041,0,0,0,0,0,0,0,0,0,0,0,31.1938486993313,0,0,0,0,664.045888438821,0,2.01963609457016,0,0,0,0,0,0,0,0,0,0,0,130.67703448236,0,21.8775098621845,0,50.435472369194,0,0
0,0,5.76184394955635,0,20.6992398202419,0,0,0,0,0,1456.92528153956,0,0,0,0,0,0,0,0.250402241945267,0,349.585134238005,0,0,0,0,0,0,0,0,0,29.5050333589315,0,0,0,0,0,1.03566172719002,0,177.510210812092,0,0,0,3.96884268522263,0,0,0,0.629455402493477,0,168.331520944834,0,58.0532995760441,0,0,0,0,0,0,0,347.715999186039,0,33.5570646524429,0,0,297.908703356981,0,0,0,0,0,0.558169901371002,0,279.145090460777,0,102.145400881767,0,0,0,0,0,0.417060405015945,0,0.904276788234711,102.990108788013,0,540.502056151628,0,0
0,0,0,163.207359164953,0,1.70960021018982,0,4.5041435956955,0,11.5430696308613,0,822.749025404453,0,0,0,1.22963747382164,0,0,0.387253597378731,48.4348722994328,0,2.37586271762848,0,0,0,0,0,0,0,10.0353890657425,0,0,0,0,0,163.980002902448,0,153.854408711195,0,2.24239152669907,0,24.4769755452871,0,0,0,1.70179799199104,0,0,0,10.4017461761832,0,46.6749686449766,0,8.13300514221191,0,0,0,0,0,444.368600517511,0,12.6250198185444,337.135332815349,0,3.33589541912079,0,0,0,11.6126509308815,0,660.968877494335,0,578.611614465714,0,0,0,0,0,39.9984273910522,0,275.317692473531,0,102.625754058361,0.256494849920273,266.697554245591,23.9087173938751,0
0,0,107.319181799889,0,5.65996581315994,0,130.884825408459,0,0,0,3.3586797118187,0,306.166526019573,0,257.446955695748,0,0,0,0,0,1.20284083485603,0,0,0,0,0,0,0,1.82667587697506,0,0,0,0,0,0,0,0,0,0,0,0,0,0,0,0,0,0,0,75.6325750648975,0,2.61059737205505,0,413.700540333986,0,0,0,347.715999186039,0,0,0,158.279919996858,0,0,0.295173853635788,0,0,0,0,0,25.4510039538145,0,138.254234477878,0,0,0,0,0,0,0,0,0,0,5.69382691383362,0,123.189413756132,0,0
0,0,0,29.752024948597,0,18.7984004467726,0,0,0,0.309641450643539,0,5,0,322.831655144691,0,29.0669221580029,0,0,0,0,0,0,0,0,0,60.1082004606724,0,6.38188168406487,0,0,0,0,0,0,0,0,0,0,0,0,0,0,0,0,0,0,0,0,0,0,0,110.632899001241,0,0,0,0,0,444.368600517511,0,0,0,277.872985929251,0,0,0,0,0,0,423.354667425156,0,712.677271947265,0,2.34000325202942,0,0,0,0,0,0.308619618415833,0,0,0,108.012597441673,6.96729457378387,0.903142869472504,0,0
141.390236437321,0,23.3126508295536,0,46.1284533441067,0,0,0,349.859755337238,0,0,0,41.2997691333294,0,322.234875977039,0,0,0,0,0,0,0,0,0,7.1880404651165,0,0,0,0,0,0,0,0,0,0,0,0,0,0,0,0,0,0.202569827437401,0,0,0,0.323046118021011,0,149.120083838701,0,6.02261731028557,0,0,0,5.55392688512802,0,33.5570646524429,0,158.279919996858,0,0,0,0,0,0,0,0,0,0,13.4753892421722,0,40.3281346857548,0,0,0,0,0,0,0,0.292781502008438,0,0,125.583215087652,0,37.488536387682,0,0
0,210.111297592521,0,23.6758517622948,0,13.8918508440256,0,0,0,75.3053598552942,0,0,0,40.1160573661327,0,251.031679138541,0,0,0,0,0,0,0,0,0,6.61793825030327,0,0,0,0,0,0,0,0,0,0,0,0,0,0,0,3.43508630990982,0,0,0,0,0,0,0,84.7082821130753,0,15.7975470721722,0,0,0,31.1938486993313,0,12.6250198185444,0,277.872985929251,0,0,0,0,0,0,0,0,84.7593848705292,0,3.83931478857994,0,0,0,0,0,0,0,0,0,0,0,0.27437898516655,0,2.21153965592384,0,0
0,6.4806817471981,0,3.09237703680992,0,3.03251281380653,0,0,0,0,0,137.936683058739,0,0,0,0,16.7521383464336,13.1781160235405,290.806490391493,1336.67041420937,0,1.86607657372952,0,0,0,0,0,0,0,0,0,0,0,0,0,1075.76226951182,0,263.847124136984,0,269.926160335541,0.498752117156982,596.62641492486,0.914296090602875,24.9447598159313,0,1275.69840116054,0,0,0,12.068043038249,0,17.2603608369827,0,0,0,0,0,337.135332815349,0,0,0,0,0,2.18000686168671,0.217455044388771,0,0,0,0,0,18.7160486802459,0,173.659675873816,0,0,0,0,0,1961.95259283483,0.809783399105072,809.356674969196,0,321.185467600822,0,1119.02705103159,28.7884306609631,0
34.3454623967409,0,66.6480805724859,0,0,0,0,0,0.620494902133942,0,0,0,0,0,0,0,22.9459638446569,7.89502862095833,733.60794108361,0,1837.54446031153,0,0,0,0,0,0,0,0,0,0,0,0,0,0,1.42134010791779,949.562440536916,0,117.301662236452,5.7208323776722,127.150043934584,0.384888499975204,623.434942610562,1.80715362727642,44.4107443541288,0.991036653518677,2824.3076377511,0,6.54793740063906,0,0.291101366281509,0,0,0,0,0,297.908703356981,0,0.295173853635788,0,0,0,2.18000686168671,0,0,0,0,0,0,0,0,0,0,6.68932457268238,0,0,0,0,0,1594.41425973177,0,262.03344553709,346.614838369191,0,1601.04573132843,1.62243716418743,19.6454483419657
0,0,0,0,0,0,0,0,0,0,0,0,0,0,0,0,0.310793519020081,30.288805603981,0.449542194604874,0,0,4787.16406072676,10.7834889888763,90.4956507533789,0,3,0,4.83411693572998,0,0,0,0,0,0,0,0,0,217.668015435338,0,0,0,0,0,0,0,0,0,0.429843336343765,0,148.853307053447,0,0,0,0,0,0,0,3.33589541912079,0,0,0,0,0.217455044388771,0,0,0,264.113633736968,0,110.442493528128,0,202.471403181553,0,86.6620779633522,0,0,0,0,0,0,0,739.865323320031,0,120.432742595673,1.90625086426735,2.18085739016533,0,0
0,0,0,0,0,0,0,0,0,0,0,0,0,0,0,0,0,0,0,0,0,0,4768.17716956139,0,208.796441406012,0,72.6479670405388,0,1,0,0,0,0,0,0.416603475809097,0,0,0,261.39332588017,0,0,0,0,0,0,0,0,5.21253740787506,212.242449879646,0,0,0,0,0,0,0,0,0,0,0,0,0,0,0,0,0,0,393.64453202486,0,168.872868418694,0,197.785990148783,0,0,0,0,0,0,0,0,0,227.764649495482,113.466608613729,0,1.85852032899857,0,0
0,67.7257562875748,0,0,0,0,0,0,0,43.7135410010815,0,0,0,0,0,0,0,0,0,0,0,22.4344257116318,0,814.01186235249,0,13.1897503733635,0,0,0,0,0,0,0,0,0,0,0,286.136542856693,0,0,0,0,0,0,0,0,0,3.3973323404789,0,55.2178049087524,0,0,0,0,0,664.045888438821,0,0,0,0,0,0,0,0,264.113633736968,0,0,0,52.8557241111994,0,0,0,0,0,0,0,0,0,0,0,737.494124025106,0,58.1412256360054,0,202.047932952642,0,0
0.892587542533875,0,0,0,0,0,0,0,149.88801702857,0,0,0,0,0,0.399848073720932,0,0.828564390540123,0,0,0,0,0,199.012973666191,0,1308.17207697034,0,3.5566717684269,0,0,0,0,0,0,0,0,0,0,0,475.041719973087,0,0,0,0,0,0,0,0,0,81.0549640953541,0,0,0,0,0,499.81755580008,0,0,0,0,0,0,0,0,0,0,393.64453202486,0,0,0,105.943221449852,0,0,0,0,0,0,0,0,0,0,0,790.888677597046,3.48185044527054,0,118.809017151594,0,0
0,0,0,0,0,0,0,0,0,0.892423570156097,0,0,0,13.0602388083935,0,126.477474659681,0,26.0224863886833,0,0,0,112.087934195995,0,71.8706642985344,0,282.788326412439,0,7.46216464042664,0,0,0,0,0,0,0,0,0,0,0,0,0,0,0,0,0,0,0,0,0,0,0,0,0,0,0,2.01963609457016,0,11.6126509308815,0,423.354667425156,0,84.7593848705292,0,0,110.442493528128,0,52.8557241111994,0,0,0,64.1307551860809,0,0,0,0,0,0,0,0,0,0,0,63.9586441516876,0,0,0,0
0,0,0,0,0,0,0,0,4.84217193722725,0,0,0,3.95268541574478,0,6.0016343742609,0,1.22571563720703,0,0,0,0,0,152.647139847279,0,120.27189540863,0,186.89214168489,0,10.5825297385454,0,0,0,0,0,0,0,0,0,0,0,0,0,0,0,0,0,0,0,34.7244203090668,0,0,0,0,0,0,0,0.558169901371002,0,25.4510039538145,0,13.4753892421722,0,0,0,0,168.872868418694,0,105.943221449852,0,0,0,512.17708209157,0,0,0,0,0,0,0,0,0,30.4545505046844,2.60993613302708,0,7.17305558919907,0,0
0,0,0,0,0,0,0,0,0,0,0,0,0,0,0,0,0,0,0,0,0,194.954004257917,0,0,0,4.17364007234573,0,83.8703500628471,0,5.56258678436279,0,0,0,0,0,0.214414179325104,0,17.0624195039272,0,0.196839600801468,0,0.187349691987038,0,0,0,0.664961338043213,0,0,0,238.897210806608,0,0,0,0,0,0,0,660.968877494335,0,712.677271947265,0,3.83931478857994,18.7160486802459,0,202.471403181553,0,0,0,64.1307551860809,0,0,0,818.122158110142,0,0,0,0,0,1.02159440517426,0,443.753214985132,0,0,0,54.9058139920235,1.87038296461105,0
0,0,0.768100768327713,0,0,0,0,0,0,0,0,0,20.880986481905,0,12.9565494507551,0,0,0,1.57467386126518,0,0,0,61.1244999468327,0,0,0,42.865052729845,0,842.453489720821,0,3.84954172372818,0,0,0,0,0,0,0,0,0,0,0,9.70637804269791,0,0,0,0,0,209.206169486046,0,0,0,0,0,0,0,279.145090460777,0,138.254234477878,0,40.3281346857548,0,0,0,0,197.785990148783,0,0,0,512.17708209157,0,0,0,575.458619073033,0,0,0,0,0,0,0,300.072772741318,3.12982556223869,0,233.137374341488,0,16.0651340484619
0,0,0,2.86051417887211,0,0,0,0,0,0,0,23.2951920330524,0,0,0,0,0,0,4.61358954012394,0,0,125.345312803984,0,0,0,0,0,4.77587032318115,0,312.262097358704,0,0,0,0,0,0.70875757932663,0,98.4690351635218,0,3.50061455368996,0,38.8104697912931,0,0.54912918806076,0,18.4157149344683,0,0,0,223.19372266531,0,0,0,0,0,0,0,578.611614465714,0,2.34000325202942,0,0,173.659675873816,0,86.6620779633522,0,0,0,0,0,818.122158110142,0,0,0,0,0,0,0,13.7545047104359,0,1701.74806056917,0,3.36760091781616,0.187514662742615,191.90107370913,17.1684424877167,0
0.904547959566116,0,9.19749620556831,0,0,0,0,0,3.21859765052795,0,133.969755709171,0,0,0,0,0,0,0,12.5586805716157,0,0,0,0,0,0,0,0,0,0,0,170.767879754305,0,0,0,0,0,0.168338090181351,0,57.3672687411308,0,0.244360059499741,0,459.603731535375,0,0,0,10.595500856638,0,151.561950236559,0,0,0,0,0,0,0,102.145400881767,0,0,0,0,0,0,6.68932457268238,0,0,0,0,0,0,0,575.458619073033,0,0,0,0,0,0,0,5.90543379634619,0,396.4308873564,52.8208308070898,0,1275.34960851073,0,73.0354774445295
0,0,0,0,0,0,0,0,0,0,0,0,0,0,0,0,0,0,0,0,0,0,0,0,0,0,0,0,0,0,0,1652.65553501248,12.9579764008522,43.2357410490513,16.905868768692,470.962232768536,0,0,0,0,0,0,0.570577383041382,0,0,0,0,770.386427387595,35.4672988653183,44.0218211710453,0,0,0,0,0,0,0,0,0,0,0,0,0,0,0,0,0,0,0,0,0,0,0,0,0,17.3084430098534,0,0,226.975729703903,0,0,0,447.341969192028,0,4.44463908672333,0,0
0,0,0,0,0,0,0,0,0,0,0,0,0,0,0,0,0,0,0,0,0,0,0,0,0,0,0,0,0,0,0,684.510948389769,1356.39329138398,0,9.36317723989487,151.606427311897,191.088000833988,0,0,0,0,0,0,0,0,0,0,274.187242299318,120.778359904885,0,0,0,0,0,0,0,0,0,0,0,0,0,0,0,0,0,0,0,0,0,0,0,0,0,17.3084430098534,0,0,43.7203044891357,0,168.456087589264,0,0,179.919006705284,0,0,0,0
0,0,0,0,0,0,0,0,0,0,0,0,0,0,0,0,0,0,0,0,0,0,0,0.82867506146431,0,0,0,0,0,0,0,0,0,2009.17728503048,331.732525587082,278.854302376509,0,439.70984710753,0,0,0,0,3.15394246578217,0,0,0,0,185.682084470987,23.1640011072159,30.7115454673767,0,0,0,0,0,0,0,0,0,0,0,0,0,0,0,0,0,0,0,0,0,0,0,0,0,0,0,47.0165736675262,163.531861424446,0,525.861850857735,0,104.999991178513,0,14.2423957586288,0,0
0,0,0,0,0,0,0,0,0,0,0,0,0,0,0,0,0,0,0,0,0,0,0,0,0,0,0,0,0,0,0,7.21347865462303,0,407.185087621212,1313.41834361851,0,86.5700302124023,0.380973517894745,30.0959869921207,0,0,0,0,0,0,0,0,111.226839050651,97.7391204535961,0,0,0,0,0,0,0,0,0,0,0,0,0,0,0,0,0,0,0,0,0,0,0,0,0,0,43.7203044891357,47.0165736675262,0,0,0,0,166.062669754028,27.3553023338318,0,0,0,0
0,10.7925918102264,4.49874141812325,36.2704842835665,0,17.4569013416767,0,0,0,0,0,135.06179715693,0,0,0,0,17.6548562943935,32.1757577508688,618.404423668981,381.017342358828,0,0,0,0,0,0,0,0,0,0,0,301.607151731849,7.24866998195648,28.3135425448418,0,20294.5242653415,186.338057696819,684.015290930867,0,1075.01023210585,0.395572289824486,989.594140335917,3.64339239895344,127.48464781791,0,1066.28995593637,0,170.494759038091,5.61279666423798,55.4300666600466,0.348744362592697,29.9667561352253,0,0,0,0,0,39.9984273910522,0,0.308619618415833,0,0,1961.95259283483,0,0,0,0,0,0,0,1.02159440517426,0,13.7545047104359,0,226.975729703903,0,163.531861424446,0,0,0.15695483982563,857.263762183487,0,1488.14435215294,193.136441007257,1996.115958713,147.560331501067,1.51285266876221
129.584457688034,0,108.07839114219,0,8.59967479109764,0,26.0314053893089,0,0.521069571375847,0,9.37585857510567,0,0,0,0,0,30.1847668215632,16.19513463974,1055.73806764185,0,678.978151574731,0,0,0,0,0,0,0,0,0,0,0,97.7009018808603,0,40.8822418004274,268.572655767202,15206.2223700359,0,563.996824905276,2.3189734518528,106.914100274444,6.90102702379227,1040.74133244157,1.79824683070183,116.53662571311,0.883254185318947,947.96195743233,47.062749505043,496.438101559877,0,0.318380415439606,0,4.78588166832924,0,0,0,0.417060405015945,0,0,0,0.292781502008438,0,0.809783399105072,1594.41425973177,0,0,0,0,0,0,0,0,0,5.90543379634619,0,168.456087589264,0,0,0.15695483982563,0,0,367.907606586814,1436.02543041855,0,1124.29645534605,1.99926659464836,86.5349094346166
0,0,0,5.25543321669102,0,0,0,0,0,44.664813503623,0,96.3108254373074,0,0,0,0,0.760896354913712,4.66027583181858,46.351145580411,3.45900630950928,0,828.628004595637,0,263.456963256001,0,0,0,1.98549115657806,0,15.1439638435841,0,0,0,302.813330188394,0,243.534798234701,0,6612.21910142899,0.701249122619629,74.4230354502797,0,436.660133697093,0.681259214878082,25.9447416216135,0,492.72995389998,0,851.222018122673,2.25132378935814,535.366713762283,0,0,0,0,0,130.67703448236,0,275.317692473531,0,0,0,0,809.356674969196,0,739.865323320031,0,737.494124025106,0,0,0,443.753214985132,0,1701.74806056917,0,0,0,525.861850857735,0,857.263762183487,0,0,1.78909063339233,510.947921007872,1.24039131402969,1047.38335588574,124.106091439724,0
0,0,0,0,0,0,0,0,25.5278190076351,0,0.583701133728027,0,0,0,0,0,0,0,24.1808695197105,0,31.4480165839195,0,91.8924954235554,0,68.9812654852867,0,0,0,0,0,5.55459070205688,0,0,0,66.7649278491735,0,257.234689861536,5.82600820064545,8840.16575831175,0,0.312728136777878,0,3.98385643959045,0,0,0,35.5094577670097,307.814137458801,1319.72903543711,0,0,0,0,0,131.953055515885,0,0.904276788234711,0,0,0,0,0,0,262.03344553709,0,227.764649495482,0,790.888677597046,0,30.4545505046844,0,300.072772741318,0,396.4308873564,0,0,0,166.062669754028,0,367.907606586814,1.78909063339233,0,434.979468941689,3,200.504965305328,0.870933890342712,0
