0,0,0.144703271714124,0,0,0,0,0,0.203426174408808,0.226058021187782,0,0,0,0,0,0,0.302987486124039,0,0.354162842035294,0,0,0,0,0,0,0,0,0,0,0,0,0,0,0,0,0,0.313938200473785,0.385742902755737,0,0,0.460793000459671,0.258440434932709,0.247134667731101,0,0,0,0,0.280730247497559,0.170617757459818,0,0.187461383640766,0,0,0,0.198165587704591,0,0.323690940936406,0,0,0,0.187554972867171,0,0,0,0,0,0,0,0,0,0,0,0,0.35100445151329,0,0,0,0,0.318498730659485,0.432082633177439,0.328123718500137,0.520337522029877,0.188010994521225,0,0.249282107575436,0,0
0,0,0,0.143508145093918,0,0.126962929964066,0,0,0,0.143494111582123,0,0,0,0,0,0.208249931037426,0,0,0.394582986831665,0,0,0,0,0,0,0,0,0,0,0,0,0,0,0,0,0,0,0,0,0,0,0.323285529679722,0,0.317730456590652,0,0,0,0.309216558933258,0.283743053674698,0.139143219951427,0,0,0,0,0,0.176076797755803,0,0,0,0,0,0.218182007522927,0,0,0,0,0.223932787775993,0,0,0,0,0,0,0,0,0,0,0,0.418633848428726,0,0,0,0.161556096713896,0,0.221037263516337,0.216682180762291,0
0.144703271714124,0,0,0,0,0,0,0,0.119853069384893,0,0,0,0,0,0,0,0,0,0.290101756652196,0,0,0,0,0,0,0,0,0,0,0,0,0,0,0,0,0,0,0,0,0,0.235124245285988,0,0.250984009016644,0,0,0,0.199413266032934,0,0.149453351916993,0,0.188598760536739,0,0,0,0.154321029782295,0,0.239346912751595,0,0.154605619609356,0,0,0,0,0.240345286471503,0,0,0,0,0,0,0,0,0,0.279239252209663,0,0,0,0,0,0.269954065481822,0,0.295846924185753,0.208934162763784,0,0.198792612054414,0,0.240335141619047
0,0.143508145093918,0,0,0,0.229551936559892,0,0,0,0.148494603506782,0,0,0,0,0,0,0.243966959416866,0,0.2566402691106,0.138009712100029,0,0,0,0,0,0,0,0,0,0,0,0,0,0,0,0.215183690190315,0,0,0,0.247930386487175,0,0.259687110457731,0.206625193357468,0.235365658998489,0,0.225410277644793,0,0.25475064771516,0.258336886763573,0.249346238680375,0.248300939798355,0.22966587727863,0,0,0,0.161125862702381,0,0.293346825242043,0,0,0,0.23413134957182,0,0.278678357601166,0,0,0,0,0,0,0,0,0.311893048385779,0,0,0,0,0,0.308879563018032,0,0.350418912512915,0,0.188405233988727,0.182978942990303,0.255181177896302,0.271312725085479,0
0,0,0,0,0,0,0.155368939042091,0,0,0,0.227278304100037,0,0,0,0.116896763443947,0,0,0,0,0,0.140545646554994,0,0,0,0,0,0,0,0,0,0,0,0,0,0,0,0.146823246032,0,0,0,0,0,0.21385546028614,0,0,0,0,0,0.220119327306747,0,0.191343197170877,0,0,0,0,0,0.229190726454059,0,0,0,0.141661522643907,0,0,0.181675826571882,0,0,0,0,0,0,0,0,0,0,0,0,0,0,0,0.208016619086266,0,0,0.135992647739508,0,0.186613331512203,0,0
0,0.126962929964066,0,0.229551936559892,0,0,0,0.163947582244873,0,0,0,0.273046379288038,0,0,0,0,0,0,0,0.161769563695643,0,0,0,0,0,0,0,0,0,0,0,0,0,0,0,0,0,0,0,0,0,0.242042767504851,0,0,0,0,0,0.316743284463882,0,0.231217734077398,0,0.212776051208956,0,0,0,0,0,0,0,0,0,0.2511006295681,0.148038677871227,0,0,0,0,0,0,0,0,0,0.305424451828003,0,0,0,0,0,0.252520084381104,0,0,0,0.194938644274872,0.163339724828457,0.182256550228001,0,0
0,0,0,0,0.155368939042091,0,0,0,0,0,0.190135016106069,0,0.164089724421501,0,0,0,0,0,0,0,0.196789016326269,0,0,0,0,0,0,0,0,0,0,0,0,0,0,0,0.141359930237134,0,0,0,0,0,0,0,0,0,0,0,0,0,0.206990024074912,0,0.198601268369478,0,0,0,0.206404696285951,0,0,0,0,0,0,0,0,0,0,0,0,0,0,0,0,0,0,0,0,0,0,0.136616817116737,0,0,0.165841172759732,0,0,0,0
0,0,0,0,0,0.163947582244873,0,0,0,0,0,0.15220204527889,0,0.1789130563366,0,0,0,0,0,0,0,0,0,0,0,0,0,0,0,0,0,0,0,0,0,0,0,0,0,0,0,0,0,0,0,0,0,0,0,0,0,0.194158108263719,0,0.184315810567581,0,0,0,0.189258535040749,0,0.258326870078842,0,0,0.178067710250616,0,0,0,0,0,0,0,0,0,0,0,0,0,0,0,0,0,0,0,0.17817846561162,0.225279089808464,0,0,0
0.203426174408808,0,0.119853069384893,0,0,0,0,0,0,0,0,0,0,0,0.171337555395439,0,0.17544701412834,0.161219298839569,0.236136392557195,0,0,0,0,0,0.155507141990321,0,0.155350841581821,0,0,0,0,0,0,0,0,0,0,0,0.225732458836359,0,0,0,0.173089989207008,0,0,0,0,0,0.179961637100753,0,0.170867673538882,0,0,0,0.204672930655949,0,0,0,0,0,0.18507701549679,0,0,0,0,0,0,0.361432313919067,0,0,0,0,0,0,0,0,0,0,0.361981689929962,0.327973008155823,0,0.243685321205042,0.178751916590557,0.191288039088249,0.152253987805155,0,0
0.226058021187782,0.143494111582123,0,0.148494603506782,0,0,0,0,0,0,0,0,0,0,0,0.193550504487136,0,0.178637543320656,0.165012407633993,0,0,0.131224691867828,0,0.148210297420359,0,0,0,0,0,0,0,0,0,0,0,0,0,0.179491273760796,0,0.2249411419034,0.235389664769173,0.159707942638885,0.244651813060045,0,0,0,0,0.222460523247719,0.257749248296022,0.210322423016324,0,0,0,0,0,0.189602876409145,0,0,0,0,0,0.184627738756102,0,0.260386765003204,0,0,0.22165922216467,0,0,0,0,0,0.300752639770508,0,0,0,0.287251390516758,0,0.265728235244751,0,0.258507676974491,0,0.164262204200213,0.169159431010485,0.15978200137257,0.159273996949196,0
0,0,0,0,0.227278304100037,0,0.190135016106069,0,0,0,0,0,0.169683856224375,0,0,0,0,0,0,0,0.159749563413957,0,0,0,0,0,0,0,0.174898359392371,0,0.182061299681664,0,0,0,0,0,0.106347601740591,0,0.13679170779263,0,0,0,0,0,0,0,0.323043720796704,0,0,0,0.233810062794124,0,0.203966485778081,0,0,0,0.206291488453327,0,0.182303848412802,0,0,0,0,0.270745603815664,0,0,0,0,0,0,0,0.182982295751572,0,0,0,0,0,0,0,0.180891656033371,0,0.160817369750018,0.163181009209331,0,0.420096370081107,0,0
0,0,0,0,0,0.273046379288038,0,0.15220204527889,0,0,0,0,0,0.16533285950149,0,0,0,0,0,0.157655205366248,0,0,0,0,0,0,0,0,0,0.170245801000034,0,0,0,0,0,0.166539793544345,0,0.17860606665404,0,0,0,0,0,0,0,0,0,0,0,0,0,0,0,0.198005831505679,0,0,0,0.200892505422489,0,0.16936161698757,0,0,0.159450250017701,0,0,0,0,0,0,0,0.205737754702568,0,0.198016295652034,0,0,0,0,0,0.167465521872622,0,0.18236646408219,0,0.1706450222042,0,0.27685700605313,0,0
0,0,0,0,0,0,0.164089724421501,0,0,0,0.169683856224375,0,0,0,0.169070024043322,0,0,0,0,0,0,0,0,0,0,0,0,0,0,0,0,0,0,0,0,0,0,0,0,0,0,0,0,0,0,0,0,0,0,0,0,0,0.164982428153356,0,0,0,0.161662692133384,0,0.170046154185722,0,0.170411765575409,0,0,0,0,0,0,0,0,0,0,0,0,0,0,0,0,0,0,0,0,0,0.151339300967958,0,0,0,0
0,0,0,0,0,0,0,0.1789130563366,0,0,0,0.16533285950149,0,0,0,0,0,0,0,0,0,0,0,0,0,0,0,0.157980579468939,0,0.155684232711792,0,0,0,0,0,0,0,0,0,0,0,0,0,0,0,0,0,0,0,0,0,0.270072288811207,0,0.202899739146233,0,0,0,0.174917233586311,0,0.190538760295345,0,0.162717372426696,0,0,0,0,0,0,0,0,0,0,0,0,0,0,0,0,0,0,0,0,0.201017250172823,0.202822140935394,0,0,0
0,0,0,0,0.116896763443947,0,0,0,0.171337555395439,0,0,0,0.169070024043322,0,0,0,0.16833873678531,0,0,0,0,0,0,0,0,0,0.131368344530053,0,0.102614664286375,0,0,0,0,0,0,0,0,0,0,0,0,0,0,0,0,0,0,0,0,0,0.138220032056173,0,0,0,0.180445039319614,0,0,0,0.172898981542814,0,0.149799903233846,0,0,0,0,0,0,0,0,0.165356338995954,0,0,0,0,0,0,0,0,0,0,0,0,0.157896695726988,0.160109087824821,0,0,0
0,0.208249931037426,0,0,0,0,0,0,0,0.193550504487136,0,0,0,0,0,0,0,0.196698090859822,0,0,0,0,0,0,0,0,0,0,0,0,0,0,0,0,0,0,0,0,0,0,0,0,0,0,0,0,0,0,0,0,0,0.276126980781555,0,0,0,0.218701973721221,0,0,0,0.276122733950615,0,0.168678405345112,0,0,0,0,0,0,0,0,0,0,0,0,0,0,0,0,0,0,0,0,0.199749276973307,0,0,0,0
0.302987486124039,0,0,0.243966959416866,0,0,0,0,0.17544701412834,0,0,0,0,0,0.16833873678531,0,0,0.179587936128916,0.269220784336788,0,0.394848138093948,0,0.161571155625878,0.213147409260273,0.17040044882813,0,0.135968851635943,0,0.119371225627569,0,0,0,0,0,0,0.332913815975189,0,0,0,0.290938044866819,0.317073169330887,0.267213751073484,0.250525171558062,0.310530755888013,0,0.292536971966426,0.296009393087749,0.426625162363052,0,0.240620965758959,0,0,0,0,0,0,0.279651788728578,0.314393594861031,0,0,0.161764977706803,0,0.302499731381734,0.299502362639217,0,0.0894672945141792,0,0,0,0.154468111428819,0,0,0.277469515800476,0.306656370560328,0,0,0,0,0.333178304064842,0.337596620027528,0.342777797154018,0.344199329283502,0.220622997721599,0.20261985737653,0.307818294982019,0.266957379522778,0.257577302555243
0,0,0,0,0,0,0,0,0.161219298839569,0.178637543320656,0,0,0,0,0,0.196698090859822,0.179587936128916,0,0.256467405022012,0,0,0.12807876789412,0.191009014844894,0.14966353283901,0.178042271557976,0.17999601263622,0.178638954957326,0,0,0,0,0,0,0,0,0.254573076963425,0,0,0,0.285024861908621,0.30730931170103,0.252799618012697,0.249427944421768,0.288036479055881,0,0.282929748296738,0.303796431847981,0,0,0,0,0,0,0,0,0.186914019286633,0.284358916183313,0,0,0,0,0.197667852044106,0.299485317298344,0.284135914984204,0,0,0.170621104917284,0,0.166589221855005,0.237821896870931,0,0,0.297828063368797,0.351731240749359,0,0,0,0,0.299398570656776,0.330258326096968,0.341659232974052,0.320656913977403,0.18204557515946,0.204855212575162,0.292933524905385,0.24685052368376,0.246920459903777
0.354162842035294,0.394582986831665,0.290101756652196,0.2566402691106,0,0,0,0,0.236136392557195,0.165012407633993,0,0,0,0,0,0,0.269220784336788,0.256467405022012,0,0,0.224498152732849,0,0,0.212044859925906,0.242388125509024,0,0.255034722387791,0,0,0,0,0,0,0,0,0.339409732725471,0.356731593608856,0.329513758420944,0.314364194869995,0.291892352700233,0.312377087984766,0.2338875958719,0.211365489393959,0.398467577692401,0,0.289360533483693,0.311558807913501,0.296168243107588,0.256618738174438,0.264038161797957,0.237663686275482,0.229566872119904,0,0,0,0.248697951436043,0.295608876893918,0.351555419819696,0,0,0,0,0.29956646094268,0.290816119488548,0,0,0,0,0,0.27817115187645,0,0,0.370323719456792,0.303532773256302,0,0,0,0,0.326651499260982,0.348477135223102,0.40122111748766,0.329862050495702,0.2254141646273,0.228884695664696,0.324812385685435,0.230971526965732,0.21193082352816
0,0,0,0.138009712100029,0,0.161769563695643,0,0,0,0,0,0.157655205366248,0,0,0,0,0,0,0,0,0,0,0,0,0,0,0,0,0,0,0,0,0,0,0,0.177252854310697,0,0.158536937808798,0,0,0,0.220470406115055,0,0,0,0,0,0,0,0,0,0,0,0,0,0,0,0.192433101364544,0,0,0,0,0.185177940384302,0,0,0,0,0,0,0,0,0,0,0,0,0,0,0,0.182237364675688,0,0.180220258035017,0,0.163869883992117,0.203054127593835,0.178017822591434,0,0
0,0,0,0,0.140545646554994,0,0.196789016326269,0,0,0,0.159749563413957,0,0,0,0,0,0.394848138093948,0,0.224498152732849,0,0,0,0,0,0,0,0,0,0,0,0,0,0,0,0,0,0.170807540015789,0,0.170068366690115,0,0.229280047118664,0,0.245516347885132,0,0,0,0.273463539779186,0,0.220969906076789,0,0.253511252074406,0,0.196196205123177,0,0,0,0.310709328346309,0,0,0,0,0,0,0.231886895570474,0,0,0,0,0,0,0,0,0,0.387545794248581,0,0,0,0,0,0.21577739050106,0,0.230107121039615,0.153697173598389,0.201337411999702,0.244619021649068,0,0
0,0,0,0,0,0,0,0,0,0.131224691867828,0,0,0,0,0,0,0,0.12807876789412,0,0,0,0,0.112985827435147,0.146269000829405,0,0.14857992394404,0,0.139250496824582,0,0,0,0,0,0,0,0,0,0.238855261874982,0.129491376876831,0,0,0,0,0,0,0,0,0.581553656607866,0.447235196828842,0.333081702391307,0,0,0,0,0,0,0,0,0,0,0,0,0,0,0.201281233066733,0.112748396396637,0.152965186316459,0,0,0,0.164367115042349,0,0,0,0,0,0,0,0,0,0.213850775486594,0.147496795500903,0.138422503781684,0.126569680843799,0.398134410381317,0,0
0,0,0,0,0,0,0,0,0,0,0,0,0,0,0,0,0.161571155625878,0.191009014844894,0,0,0,0.112985827435147,0,0,0.153906680854424,0,0.15335137746134,0,0.158192191989376,0,0,0,0,0,0,0,0,0.185858425498009,0.184801260823185,0,0.384624719619751,0,0.269033253192902,0,0,0,0,0,0.266927825286984,0,0,0,0,0,0,0,0,0,0,0,0,0,0,0,0.121178776025772,0.184955697362553,0,0.147481007678476,0,0.183201551295911,0,0.172212692116623,0,0,0,0,0,0,0,0,0,0.207112479969416,0.147048321678331,0.105643738806248,0.243452806924951,0,0
0,0,0,0,0,0,0,0,0,0.148210297420359,0,0,0,0,0,0,0.213147409260273,0.14966353283901,0.212044859925906,0,0,0.146269000829405,0,0,0,0.18331171462617,0,0,0,0,0,0,0,0,0,0,0,0.174705882855121,0,0,0,0,0,0,0,0,0,0,0,0,0,0,0,0,0,0.144810654222965,0,0,0,0,0,0,0,0,0.209110794770987,0,0.16137049839786,0,0.239165391056583,0,0,0,0,0,0,0,0.271631188158478,0,0,0,0.24829372376077,0,0.136713093069072,0,0.157544724967169,0,0
0,0,0,0,0,0,0,0,0.155507141990321,0,0,0,0,0,0,0,0.17040044882813,0.178042271557976,0.242388125509024,0,0,0,0.153906680854424,0,0,0,0.178326290685172,0,0,0,0,0,0,0,0,0,0,0,0.21583445481956,0,0,0,0.31141871213913,0,0,0,0,0,0.186670485545288,0,0,0,0,0,0.197942781448364,0,0,0,0,0,0,0,0,0.224735125899315,0,0.167976595461369,0,0.165063846187714,0,0.177405337426836,0,0,0,0,0,0,0,0,0.325046628713608,0,0,0.209428678949674,0.176139430468341,0,0.295217806913636,0,0
0,0,0,0,0,0,0,0,0,0,0,0,0,0,0,0,0,0.17999601263622,0,0,0,0.14857992394404,0,0.18331171462617,0,0,0,0.221882629394531,0,0,0,0,0,0,0,0,0,0,0,0,0,0,0,0,0,0,0,0,0,0.238668665289879,0,0,0,0,0,0.146207794547081,0,0,0,0.163643354177475,0,0.205677321801583,0,0,0.166600143217909,0,0.185216822110823,0,0.171358347270224,0,0.2054632525695,0,0,0,0,0,0,0,0,0,0,0,0.179707364623363,0,0,0,0
0,0,0,0,0,0,0,0,0.155350841581821,0,0,0,0,0,0.131368344530053,0,0.135968851635943,0.178638954957326,0.255034722387791,0,0,0,0.15335137746134,0,0.178326290685172,0,0,0,0.130599039296309,0,0,0,0,0,0,0,0,0,0,0,0,0,0,0,0,0,0,0,0.129452028870583,0,0,0,0,0,0.182433921098709,0,0,0,0,0,0.123364757746458,0,0,0,0,0.163078054785728,0,0.176526273530202,0,0.174833598082334,0,0,0,0,0,0,0,0,0,0,0,0.255133181810379,0.133453459451301,0,0,0,0
0,0,0,0,0,0,0,0,0,0,0,0,0,0.157980579468939,0,0,0,0,0,0,0,0.139250496824582,0,0,0,0.221882629394531,0,0,0,0.185169574359189,0,0,0,0,0,0,0,0.147516469160716,0,0,0,0,0,0,0,0,0,0,0,0,0,0,0,0,0,0,0,0,0,0.171519215258074,0,0.229646757245064,0,0,0.172316128760576,0,0,0,0.181877920840993,0,0.185772445959646,0,0.180669323713691,0,0,0,0,0,0,0,0.144658640027046,0,0.204164248055372,0.162936553359032,0,0,0
0,0,0,0,0,0,0,0,0,0,0.174898359392371,0,0,0,0.102614664286375,0,0.119371225627569,0,0,0,0,0,0.158192191989376,0,0,0,0.130599039296309,0,0,0,0.175863142290368,0,0,0,0,0,0,0,0.177086448917786,0,0,0,0,0,0,0,0,0,0,0,0,0,0,0,0,0,0.181842314345496,0,0.156180024147034,0,0,0,0,0,0,0,0,0,0,0,0,0.163846645073922,0,0.180928034497605,0,0,0,0,0,0,0,0.170284765033886,0.125480688945814,0,0,0,0
0,0,0,0,0,0,0,0,0,0,0,0.170245801000034,0,0.155684232711792,0,0,0,0,0,0,0,0,0,0,0,0,0,0.185169574359189,0,0,0,0,0,0,0,0,0,0.180648124311119,0,0,0,0,0,0,0,0,0,0,0,0,0,0,0,0,0,0,0,0.182842077563206,0,0.167978983711113,0,0,0,0,0,0,0,0,0,0,0.189772431562478,0,0.190254148300136,0,0,0,0,0,0,0,0.175962008603288,0,0.186560150856773,0,0,0,0
0,0,0,0,0,0,0,0,0,0,0.182061299681664,0,0,0,0,0,0,0,0,0,0,0,0,0,0,0,0,0,0.175863142290368,0,0,0,0,0,0,0,0,0,0.160440375623496,0,0,0,0,0,0,0,0,0,0,0,0,0,0,0,0,0,0,0,0,0,0,0,0,0,0,0,0,0,0,0,0,0.172433077916503,0,0.171813723665697,0,0,0,0,0,0,0,0.170748363457509,0.165344680547714,0,0,0,0
0,0,0,0,0,0,0,0,0,0,0,0,0,0,0,0,0,0,0,0,0,0,0,0,0,0,0,0,0,0,0,0,0.181889114560038,0.245104802565442,0.299681861292232,0.160486645087248,0,0,0,0,0,0,0,0,0,0,0,0.561347067494833,0,0,0,0,0,0,0,0,0,0,0,0,0,0,0,0,0,0,0,0,0,0,0,0,0,0,0.297399251626243,0.156003188849634,0,0.21593833395413,0.171116724323266,0,0,0,0.372927072302749,0,0,0,0
0,0,0,0,0,0,0,0,0,0,0,0,0,0,0,0,0,0,0,0,0,0,0,0,0,0,0,0,0,0,0,0.181889114560038,0,0.230673365294933,0.280894650654359,0.12606301078839,0.165216307255847,0,0,0,0,0,0,0,0,0,0,0.535401384558594,0.437079221010208,0.427078187465668,0,0,0,0,0,0,0,0,0,0,0,0,0,0,0,0,0,0,0,0,0,0,0,0,0.256176441656278,0.378375747585641,0,0.227672091954284,0.148362573385239,0.294384990009617,0,0,0.250446704300967,0,0,0,0
0,0,0,0,0,0,0,0,0,0,0,0,0,0,0,0,0,0,0,0,0,0,0,0,0,0,0,0,0,0,0,0.245104802565442,0.230673365294933,0,0.21809027113651,0.178731675889041,0.127525543794036,0.245160540691892,0.373246798148522,0,0,0,0.561390340328217,0,0,0,0,0.460070760911919,0.490211268266042,0.496087905433443,0,0,0,0,0,0,0,0,0,0,0,0,0,0,0,0,0,0,0,0,0,0,0,0,0.330921319268999,0.20327318161726,0.21813663945859,0.190730458185557,0.193104289647947,0,0.439596168966178,0,0.374372857467582,0.435037419199944,0.54916912317276,0,0
0,0,0,0,0,0,0,0,0,0,0,0,0,0,0,0,0,0,0,0,0,0,0,0,0,0,0,0,0,0,0,0.299681861292232,0.280894650654359,0.21809027113651,0,0,0.173902936504189,0.158623858044545,0.280780684220077,0,0,0,0,0,0,0,0,0.467101984959256,0.511950391530991,0.481172576546669,0,0,0,0,0,0,0,0,0,0,0,0,0,0,0,0,0,0,0,0,0,0,0,0,0,0.197379347223502,0.210442548037889,0.221776142047194,0,0.167989685715244,0,0.23898611461172,0.207723384373116,0.25189640798739,0,0,0
0,0,0,0.215183690190315,0,0,0,0,0,0,0,0.166539793544345,0,0,0,0,0.332913815975189,0.254573076963425,0.339409732725471,0.177252854310697,0,0,0,0,0,0,0,0,0,0,0,0.160486645087248,0.12606301078839,0.178731675889041,0,0,0.134516957749865,0.150949978742047,0.1384133040905,0.325723578723577,0.294664621353149,0.297190096378326,0,0.417967230081558,0,0.233480185063349,0,0.22342391764479,0.209872853755951,0.221161336889343,0,0,0,0,0,0,0,0.264345586299896,0,0,0,0,0.183375779753653,0,0,0,0,0,0,0,0,0,0.268621355295181,0,0.185064867473184,0.148598539829254,0.177084500068112,0,0.195120587838992,0.176799773898472,0.18292833793245,0,0.204397103796212,0.340676832210947,0.200584435743444,0.370866010586421,0.29869881272316
0.313938200473785,0,0,0,0.146823246032,0,0.141359930237134,0,0,0,0.106347601740591,0,0,0,0,0,0,0,0.356731593608856,0,0.170807540015789,0,0,0,0,0,0,0,0,0,0,0,0.165216307255847,0.127525543794036,0.173902936504189,0.134516957749865,0,0.150669506854481,0.178343083688859,0,0.292565513934408,0.27851277589798,0.279914513230324,0,0,0,0.269341899590059,0.168461890157425,0.216991427820176,0.316997215151787,0,0,0,0,0,0,0.168306043202227,0,0,0,0,0,0,0.196976577371359,0,0,0,0,0,0,0,0,0,0.238334581255913,0.11742214858532,0.172761800915304,0.134760958227244,0.197798100480458,0.160062453307796,0.20680292046741,0,0.22392611283323,0.159368434010352,0.200617682623248,0.222140869355772,0,0
0.385742902755737,0,0,0,0,0,0,0,0,0.179491273760796,0,0.17860606665404,0,0,0,0,0,0,0.329513758420944,0.158536937808798,0,0.238855261874982,0.185858425498009,0.174705882855121,0,0,0,0.147516469160716,0,0.180648124311119,0,0,0,0.245160540691892,0.158623858044545,0.150949978742047,0.150669506854481,0,0.152586899154509,0,0,0.327729840363775,0.426134174520319,0,0,0,0,0.727803621712853,0.470037141016551,0.428941974391672,0,0,0,0,0,0.260615172982216,0.347466349601746,0.18988680172186,0,0,0,0,0.204914828254418,0,0.219661724883334,0.146507476766904,0.271750917440062,0,0,0,0.195363055169582,0,0.184613911555959,0,0,0,0.235474152344521,0.138255098524193,0.196278945622475,0.169559307396412,0.204430308059825,0.175776883902458,0.381712804531783,0.515780710454645,0.38845616642465,0,0
0,0,0,0,0,0,0,0,0.225732458836359,0,0.13679170779263,0,0,0,0,0,0,0,0.314364194869995,0,0.170068366690115,0.129491376876831,0.184801260823185,0,0.21583445481956,0,0,0,0.177086448917786,0,0.160440375623496,0,0,0.373246798148522,0.280780684220077,0.1384133040905,0.178343083688859,0.152586899154509,0,0,0.339098791281382,0,0.292067646980286,0,0,0,0.266071826219559,0.813362794128929,0.402209882124115,0,0,0,0,0,0.303484605143116,0,0.13445630940524,0,0,0,0,0,0,0.216624581678347,0.124180434537785,0.218792186846737,0,0.314256036872806,0,0,0,0.204539440927051,0,0.203359700739384,0,0,0,0.298595837342789,0.150493058426814,0.217656768712844,0.147235117147903,0.207025656360719,0.174540036431902,0.282346410410745,0.605570388111201,0,0
0,0,0,0.247930386487175,0,0,0,0,0,0.2249411419034,0,0,0,0,0,0,0.290938044866819,0.285024861908621,0.291892352700233,0,0,0,0,0,0,0,0,0,0,0,0,0,0,0,0,0.325723578723577,0,0,0,0,0.318388584256172,0.286727046259142,0.257457828149199,0.353337614355903,0,0.236905396198747,0.306497770547867,0.206583691140016,0,0.193171444411518,0,0.225096583366394,0,0,0,0.280624113976955,0.328588962554932,0.267525609869223,0,0,0,0.367662042379379,0.299460738230107,0.273910649120808,0,0,0,0,0,0,0,0,0.323050575596946,0.314456462860107,0,0,0,0,0.251449695994651,0.344994169015151,0.36727078969662,0.337320350110531,0.295497337033629,0.291425389739183,0.295518440900127,0.32721718089147,0
0.460793000459671,0,0.235124245285988,0,0,0,0,0,0,0.235389664769173,0,0,0,0,0,0,0.317073169330887,0.30730931170103,0.312377087984766,0,0.229280047118664,0,0.384624719619751,0,0,0,0,0,0,0,0,0,0,0,0,0.294664621353149,0.292565513934408,0,0.339098791281382,0.318388584256172,0,0.267721841111779,0.277904818188372,0.337177644173304,0.293723866343498,0.317960649728775,0.298261628068727,0,0.216715304702108,0,0.221113732457161,0,0,0,0.201206222176552,0,0.259491851716711,0,0.218480169773102,0,0,0,0.316564897696177,0.254404222727087,0,0,0,0,0,0,0,0,0.270372778177261,0.28734104724034,0,0,0,0,0.34316852918038,0.267043959604551,0.427137315273285,0.296234674684026,0.33246456025006,0.275862981166158,0.320354458075308,0.27388026813666,0.347478785430608
0.258440434932709,0.323285529679722,0,0.259687110457731,0,0.242042767504851,0,0,0,0.159707942638885,0,0,0,0,0,0,0.267213751073484,0.252799618012697,0.2338875958719,0.220470406115055,0,0,0,0,0,0,0,0,0,0,0,0,0,0,0,0.297190096378326,0.27851277589798,0.327729840363775,0,0.286727046259142,0.267721841111779,0,0.232417964162261,0.300295011750583,0.182303503155708,0.257237410882734,0.303201372424761,0.409927889923839,0.334132131189108,0.31398174739801,0,0.248282967851712,0,0,0,0.22425283908844,0.234857360521952,0.335624881191737,0,0,0,0.24182752519846,0.321669356787906,0.262839931462492,0.479648858308792,0,0.324130076169968,0,0,0,0,0,0.331346894292969,0.255600854754448,0,0,0.489065408706665,0,0.288641505061023,0.309550658334047,0.345334273504924,0.296515545911259,0.274859951265777,0.277723398990929,0.307453535449361,0.266110310836081,0.203105407101767
0.247134667731101,0,0.250984009016644,0.206625193357468,0.21385546028614,0,0,0,0.173089989207008,0.244651813060045,0,0,0,0,0,0,0.250525171558062,0.249427944421768,0.211365489393959,0,0.245516347885132,0,0.269033253192902,0,0.31141871213913,0,0,0,0,0,0,0,0,0.561390340328217,0,0,0.279914513230324,0.426134174520319,0.292067646980286,0.257457828149199,0.277904818188372,0.232417964162261,0,0.258173982302348,0.167788121849298,0.229514862100283,0.25156130892842,0.425613333896405,0.317790328001803,0.387240621176633,0.234300062060356,0,0,0,0.202927377820015,0.263770282268524,0.301383384933867,0,0.228212773799896,0,0,0,0.278142601251602,0.277844699471504,0.400871276855469,0.290845448772113,0,0.372070878744125,0,0,0,0,0.270359605550766,0.287828862617905,0,0,0.551760226488113,0,0.270255541190123,0.304238770866423,0.41853666678071,0.306856243468043,0.268158058409405,0.231649508078893,0.26622283782568,0.218147339299321,0.20870163573181
0,0.317730456590652,0,0.235365658998489,0,0,0,0,0,0,0,0,0,0,0,0,0.310530755888013,0.288036479055881,0.398467577692401,0,0,0,0,0,0,0,0,0,0,0,0,0,0,0,0,0.417967230081558,0,0,0,0.353337614355903,0.337177644173304,0.300295011750583,0.258173982302348,0,0,0.333774954080582,0,0.482195109128952,0,0.327023367087046,0,0,0,0,0,0,0,0.423257946968079,0,0,0,0,0.331122186034918,0,0,0,0,0,0,0,0,0,0.458326150973638,0,0,0,0,0,0.449626315782468,0.355714180639812,0.527342529967427,0,0.306162562398683,0,0.468465359631887,0.303359788656235,0
0,0,0,0,0,0,0,0,0,0,0,0,0,0,0,0,0,0,0,0,0,0,0,0,0,0,0,0,0,0,0,0,0,0,0,0,0,0,0,0,0.293723866343498,0.182303503155708,0.167788121849298,0,0,0,0,0,0,0,0,0,0,0,0,0,0,0,0,0,0,0,0,0.283623926341534,0,0,0,0,0,0,0,0,0,0,0,0,0,0,0,0.303882556302207,0,0,0,0,0.220439920137668,0,0
0,0,0,0.225410277644793,0,0,0,0,0,0,0,0,0,0,0,0,0.292536971966426,0.282929748296738,0.289360533483693,0,0,0,0,0,0,0,0,0,0,0,0,0,0,0,0,0.233480185063349,0,0,0,0.236905396198747,0.317960649728775,0.257237410882734,0.229514862100283,0.333774954080582,0,0,0.274133483568827,0.353638073801994,0.243593759834766,0.262776849197817,0,0.217463254928589,0,0,0,0,0.263518869876862,0.290520228942235,0,0,0,0,0.243755372585907,0.290102392435074,0,0,0,0,0,0,0,0,0.320397039094279,0,0,0,0,0,0.26522784526557,0.327603032191594,0.360443397413326,0,0.235147552270638,0.21640038840911,0.303869801245768,0.253176299234231,0
0,0,0.199413266032934,0,0,0,0,0,0,0,0.323043720796704,0,0,0,0,0,0.296009393087749,0.303796431847981,0.311558807913501,0,0.273463539779186,0,0,0,0,0,0,0,0,0,0,0,0,0,0,0,0.269341899590059,0,0.266071826219559,0.306497770547867,0.298261628068727,0.303201372424761,0.25156130892842,0,0,0.274133483568827,0,0.185843423008919,0.21684556026408,0,0.19809711476167,0,0,0,0.179783537983894,0,0.299084902837359,0,0.192822217941284,0,0,0,0.305525720119476,0.269945473589149,0,0,0,0,0,0,0,0,0.316002458333969,0.331972333363124,0,0,0,0,0.337481594954928,0.300214263456996,0.300347506999969,0.330748638702977,0.301086295375953,0.300425544381142,0.278845623769988,0.276291325688362,0.266374975442886
0.280730247497559,0.309216558933258,0,0.25475064771516,0,0.316743284463882,0,0,0,0.222460523247719,0,0,0,0,0,0,0.426625162363052,0,0.296168243107588,0,0,0.581553656607866,0,0,0,0,0,0,0,0,0,0.561347067494833,0.535401384558594,0.460070760911919,0.467101984959256,0.22342391764479,0.168461890157425,0.727803621712853,0.813362794128929,0.206583691140016,0,0.409927889923839,0.425613333896405,0.482195109128952,0,0.353638073801994,0.185843423008919,0,0.50712228677525,0.401836287757699,0,0,0,0,0,0.273026451468468,0,0,0,0,0,0,0.314277112483978,0.251302495598793,0.64228743314743,0.355075314640999,0,0.420261015494664,0,0,0,0,0.369903177022934,0,0.465923869231916,0.530595860675831,0.600891423890249,0.254573736081619,0.306102903664691,0.442936541378787,0.670690361617841,0.372379336844791,0.528046697156525,0.438358008861542,0.540442112806589,0.423892170190811,0.274701505899429
0.170617757459818,0.283743053674698,0.149453351916993,0.258336886763573,0.220119327306747,0,0,0,0.179961637100753,0.257749248296022,0,0,0,0,0,0,0,0,0.256618738174438,0,0.220969906076789,0.447235196828842,0.266927825286984,0,0.186670485545288,0,0.129452028870583,0,0,0,0,0,0.437079221010208,0.490211268266042,0.511950391530991,0.209872853755951,0.216991427820176,0.470037141016551,0.402209882124115,0,0.216715304702108,0.334132131189108,0.317790328001803,0,0,0.243593759834766,0.21684556026408,0.50712228677525,0,0.328121053646593,0.199272790551186,0,0,0,0.170808649214799,0.290312796831131,0.224611295475846,0,0.231586086253325,0,0.175009299191784,0,0.295856088399887,0.227735729453663,0,0.278688689329705,0,0.295774053015777,0,0.241677755558932,0,0.280324901525791,0,0.279882239607664,0.523994922637939,0.40055131486484,0.632640600204468,0,0.250658541917801,0.260661658683549,0.427510497661737,0.355707458825625,0.437094449211044,0.286646460493406,0.315942174036186,0.311606913805008,0.263862296938896
0,0.139143219951427,0,0.249346238680375,0,0.231217734077398,0,0,0,0.210322423016324,0,0,0,0,0,0,0.240620965758959,0,0.264038161797957,0,0,0.333081702391307,0,0,0,0.238668665289879,0,0,0,0,0,0,0.427078187465668,0.496087905433443,0.481172576546669,0.221161336889343,0.316997215151787,0.428941974391672,0,0.193171444411518,0,0.31398174739801,0.387240621176633,0.327023367087046,0,0.262776849197817,0,0.401836287757699,0.328121053646593,0,0,0.244575309482488,0,0,0,0.184030071804018,0,0.287448902148753,0,0,0,0.297162711620331,0.264467259699648,0,0.334076002322965,0,0.207649366800175,0,0.263385715806698,0,0.417231959277305,0,0.376519107818604,0,0,0.481189161539078,0.385521859782083,0,0.190300329136111,0.209132313728333,0.407212230894301,0,0.376578724567707,0.243503838777542,0.280296938455451,0.292708406490939,0
0.187461383640766,0,0.188598760536739,0.248300939798355,0.191343197170877,0,0.206990024074912,0,0.170867673538882,0,0.233810062794124,0,0,0,0.138220032056173,0,0,0,0.237663686275482,0,0.253511252074406,0,0,0,0,0,0,0,0,0,0,0,0,0,0,0,0,0,0,0,0.221113732457161,0,0.234300062060356,0,0,0,0.19809711476167,0,0.199272790551186,0,0,0,0,0,0.166903632840044,0,0.230701057692105,0,0.190078213810921,0,0.141985600193342,0,0,0.248531568963248,0,0,0,0,0,0,0,0,0,0,0,0,0,0,0,0.292379299799601,0,0.276011526584625,0.186109555156335,0,0.2235930767435,0,0
0,0,0,0.22966587727863,0,0.212776051208956,0,0.194158108263719,0,0,0,0,0,0.270072288811207,0,0.276126980781555,0,0,0.229566872119904,0,0,0,0,0,0,0,0,0,0,0,0,0,0,0,0,0,0,0,0,0.225096583366394,0,0.248282967851712,0,0,0,0.217463254928589,0,0,0,0.244575309482488,0,0,0,0.179447238643964,0,0,0,0.265691262483597,0,0.300041700154543,0,0.281168539273111,0,0,0,0,0,0,0,0,0,0,0.295706192652384,0,0,0,0,0,0.304315567016602,0,0,0,0.203417921536847,0,0.224761521459645,0.250436067581177,0
0,0,0,0,0,0,0.198601268369478,0,0,0,0.203966485778081,0,0.164982428153356,0,0,0,0,0,0,0,0.196196205123177,0,0,0,0,0,0,0,0,0,0,0,0,0,0,0,0,0,0,0,0,0,0,0,0,0,0,0,0,0,0,0,0,0,0,0,0.220175140363059,0,0,0,0,0,0,0.216036637624105,0,0,0,0,0,0,0,0,0,0,0,0,0,0,0,0,0,0,0.183240516639467,0,0,0,0
0,0,0,0,0,0,0,0.184315810567581,0,0,0,0.198005831505679,0,0.202899739146233,0,0,0,0,0,0,0,0,0,0,0,0,0,0,0,0,0,0,0,0,0,0,0,0,0,0,0,0,0,0,0,0,0,0,0,0,0,0.179447238643964,0,0,0,0,0,0.191205072640813,0,0,0,0,0.171491057464951,0,0,0,0,0,0,0,0,0,0,0,0,0,0,0,0,0,0,0,0.169195866528547,0,0,0,0
0.198165587704591,0,0.154321029782295,0,0,0,0,0,0.204672930655949,0,0,0,0,0,0.180445039319614,0,0,0,0,0,0,0,0,0,0.197942781448364,0,0.182433921098709,0,0,0,0,0,0,0,0,0,0,0,0.303484605143116,0,0.201206222176552,0,0.202927377820015,0,0,0,0.179783537983894,0,0.170808649214799,0,0.166903632840044,0,0,0,0,0,0.184718156854312,0,0,0,0.187742316094804,0,0,0.192133781313896,0,0,0,0.183931801943171,0,0.165617937843005,0,0,0,0,0,0,0,0,0,0,0,0.290491514698282,0.186148871596043,0,0.203534953717916,0,0
0,0.176076797755803,0,0.161125862702381,0,0,0,0,0,0.189602876409145,0,0,0,0,0,0.218701973721221,0,0.186914019286633,0.248697951436043,0,0,0,0,0.144810654222965,0,0.146207794547081,0,0,0,0,0,0,0,0,0,0,0,0.260615172982216,0,0.280624113976955,0,0.22425283908844,0.263770282268524,0,0,0,0,0.273026451468468,0.290312796831131,0.184030071804018,0,0,0,0,0,0,0,0.250944405794144,0,0,0,0.240613194914795,0,0,0,0,0.230596087428487,0,0,0,0,0,0.299125661452611,0,0,0,0,0,0.296966426074505,0,0.318706061158861,0,0.199011326982425,0.235974475741386,0.172511800179654,0,0
0.323690940936406,0,0.239346912751595,0,0.229190726454059,0,0.206404696285951,0,0,0,0.206291488453327,0,0.161662692133384,0,0,0,0.279651788728578,0.284358916183313,0.295608876893918,0,0.310709328346309,0,0,0,0,0,0,0,0.181842314345496,0,0,0,0,0,0,0,0.168306043202227,0.347466349601746,0.13445630940524,0.328588962554932,0.259491851716711,0.234857360521952,0.301383384933867,0,0,0.263518869876862,0.299084902837359,0,0.224611295475846,0,0.230701057692105,0,0.220175140363059,0,0.184718156854312,0,0,0,0.218880129662417,0,0,0,0.315260171890259,0.330351174982176,0,0,0,0,0,0,0,0.337829986587167,0,0.367682641180454,0,0,0,0,0.380777607361476,0.272774887149749,0,0.272026456108219,0.207745300639759,0.26237091422081,0.324170598289984,0.236665233969688,0.32745400188016
0,0,0,0.293346825242043,0,0,0,0.189258535040749,0,0,0,0.200892505422489,0,0.174917233586311,0,0,0.314393594861031,0,0.351555419819696,0.192433101364544,0,0,0,0,0,0,0,0,0,0.182842077563206,0,0,0,0,0,0.264345586299896,0,0.18988680172186,0,0.267525609869223,0,0.335624881191737,0,0.423257946968079,0,0.290520228942235,0,0,0,0.287448902148753,0,0.265691262483597,0,0.191205072640813,0,0.250944405794144,0,0,0,0.17507476525978,0,0.286848207314809,0.228612006759979,0.240234062075615,0,0,0,0,0,0,0.168317750096321,0,0.314218394217155,0.256475329399109,0,0,0,0,0.276625129345216,0.339042454957962,0.215750219550595,0.317572087049484,0.216011785689344,0.320562988519669,0.350494565548419,0.370209920932265,0
0,0,0.154605619609356,0,0,0,0,0,0,0,0.182303848412802,0,0.170046154185722,0,0.172898981542814,0,0,0,0,0,0,0,0,0,0,0,0,0,0.156180024147034,0,0,0,0,0,0,0,0,0,0,0,0.218480169773102,0,0.228212773799896,0,0,0,0.192822217941284,0,0.231586086253325,0,0.190078213810921,0,0,0,0,0,0.218880129662417,0,0,0,0.158994168043137,0,0,0,0,0,0,0,0,0,0,0,0,0.24769714474678,0,0,0,0,0,0,0,0,0.158973294955034,0.172591314961513,0.220156535506248,0,0
0,0,0,0,0,0,0,0.258326870078842,0,0,0,0.16936161698757,0,0.190538760295345,0,0.276122733950615,0,0,0,0,0,0,0,0,0,0.163643354177475,0,0.171519215258074,0,0.167978983711113,0,0,0,0,0,0,0,0,0,0,0,0,0,0,0,0,0,0,0,0,0,0.300041700154543,0,0,0,0,0,0.17507476525978,0,0,0,0.227364670795699,0,0,0,0,0,0,0.149930104613304,0,0.170425266027451,0,0,0,0,0,0,0,0,0,0,0,0.171715114228796,0.211786936465147,0,0,0
0.187554972867171,0,0,0,0.141661522643907,0,0,0,0.18507701549679,0,0,0,0.170411765575409,0,0.149799903233846,0,0.161764977706803,0,0,0,0,0,0,0,0,0,0.123364757746458,0,0,0,0,0,0,0,0,0,0,0,0,0,0,0,0,0,0,0,0,0,0.175009299191784,0,0.141985600193342,0,0,0,0.187742316094804,0,0,0,0.158994168043137,0,0,0,0,0,0,0,0,0.12891212105751,0,0.156656497220198,0,0,0,0,0,0,0,0,0,0,0,0,0.138886317078556,0,0,0,0
0,0.218182007522927,0,0.23413134957182,0,0.2511006295681,0,0,0,0.184627738756102,0,0,0,0.162717372426696,0,0.168678405345112,0,0.197667852044106,0,0,0,0,0,0,0,0.205677321801583,0,0.229646757245064,0,0,0,0,0,0,0,0,0,0,0,0.367662042379379,0,0.24182752519846,0,0,0,0,0,0,0,0.297162711620331,0,0.281168539273111,0,0,0,0.240613194914795,0,0.286848207314809,0,0.227364670795699,0,0,0,0,0,0,0,0,0.247630789130926,0,0,0,0.314549475908279,0,0,0,0,0,0.33615730702877,0.269980430603027,0,0,0.172067623423493,0,0.25281834602356,0,0
0,0,0,0,0,0.148038677871227,0,0.178067710250616,0,0,0,0.159450250017701,0,0,0,0,0.302499731381734,0.299485317298344,0.29956646094268,0.185177940384302,0,0,0,0,0,0,0,0,0,0,0,0,0,0,0,0.183375779753653,0,0.204914828254418,0,0.299460738230107,0.316564897696177,0.321669356787906,0.278142601251602,0.331122186034918,0,0.243755372585907,0.305525720119476,0.314277112483978,0.295856088399887,0.264467259699648,0,0,0,0.171491057464951,0,0,0.315260171890259,0.228612006759979,0,0,0,0,0,0.259184896945953,0,0,0,0,0,0,0,0,0.348746518294017,0.296500563621521,0,0,0,0,0.241369119287617,0.343271821737289,0.284423067804851,0.357162669301033,0.217636272180499,0.2753034055233,0.312665208671062,0.298156693577766,0
0,0,0.240345286471503,0.278678357601166,0.181675826571882,0,0,0,0,0.260386765003204,0.270745603815664,0,0,0,0,0,0.299502362639217,0.284135914984204,0.290816119488548,0,0.231886895570474,0,0,0,0.224735125899315,0,0,0,0,0,0,0,0,0,0,0,0.196976577371359,0,0.216624581678347,0.273910649120808,0.254404222727087,0.262839931462492,0.277844699471504,0,0.283623926341534,0.290102392435074,0.269945473589149,0.251302495598793,0.227735729453663,0,0.248531568963248,0,0.216036637624105,0,0.192133781313896,0,0.330351174982176,0.240234062075615,0,0,0,0,0.259184896945953,0,0,0,0,0,0,0,0,0,0.302087098360062,0.36790442880657,0,0,0,0,0.313913759939811,0.254443416371942,0,0.334073459366171,0.229490749403942,0.210497139529748,0.311589027404139,0,0.308387679358323
0,0,0,0,0,0,0,0,0,0,0,0,0,0,0,0,0,0,0,0,0,0.201281233066733,0.121178776025772,0.209110794770987,0,0.166600143217909,0,0.172316128760576,0,0,0,0,0,0,0,0,0,0.219661724883334,0.124180434537785,0,0,0.479648858308792,0.400871276855469,0,0,0,0,0.64228743314743,0,0.334076002322965,0,0,0,0,0,0,0,0,0,0,0,0,0,0,0,0.0989945406715075,0.178817377443991,0,0,0,0.224435030502977,0,0,0,0,0,0.32408607006073,0,0,0,0.252952350591009,0.131425438914448,0.15936015989019,0.147024960472034,0.494460359215736,0,0
0,0,0,0,0,0,0,0,0,0,0,0,0,0,0,0,0.0894672945141792,0,0,0,0,0.112748396396637,0.184955697362553,0,0.167976595461369,0,0.163078054785728,0,0,0,0,0,0,0,0,0,0,0.146507476766904,0.218792186846737,0,0,0,0.290845448772113,0,0,0,0,0.355075314640999,0.278688689329705,0,0,0,0,0,0,0,0,0,0,0,0,0,0,0,0.0989945406715075,0,0,0.251777522839033,0,0.270819063608845,0,0.316813829813019,0,0,0,0,0,0,0,0,0,0.23989072041507,0.16128845180784,0.132871903479099,0.28854373285064,0,0
0,0.223932787775993,0,0,0,0,0,0,0,0.22165922216467,0,0,0,0,0,0,0,0.170621104917284,0,0,0,0.152965186316459,0,0.16137049839786,0,0.185216822110823,0,0,0,0,0,0,0,0,0,0,0,0.271750917440062,0,0,0,0.324130076169968,0,0,0,0,0,0,0,0.207649366800175,0,0,0,0,0,0.230596087428487,0,0,0,0,0,0,0,0,0.178817377443991,0,0,0,0.260513499434144,0,0,0,0,0,0,0,0.330569008986155,0,0,0,0.333622481568854,0,0.215044586151315,0.420648455619812,0.270105525370567,0,0
0,0,0,0,0,0,0,0,0.361432313919067,0,0,0,0,0,0,0,0,0,0,0,0,0,0.147481007678476,0,0.165063846187714,0,0.176526273530202,0,0,0,0,0,0,0,0,0,0,0,0.314256036872806,0,0,0,0.372070878744125,0,0,0,0,0.420261015494664,0.295774053015777,0,0,0,0,0,0.183931801943171,0,0,0,0,0,0.12891212105751,0,0,0,0,0.251777522839033,0,0,0,0.181090646118006,0,0,0,0,0,0,0,0,0,0,0.443238526582718,0.269431188752643,0.429036468267441,0,0.361505824921092,0,0
0,0,0,0,0,0,0,0,0,0,0,0,0,0,0,0,0,0.166589221855005,0,0,0,0,0,0.239165391056583,0,0.171358347270224,0,0.181877920840993,0,0,0,0,0,0,0,0,0,0,0,0,0,0,0,0,0,0,0,0,0,0.263385715806698,0,0,0,0,0,0,0,0,0,0.149930104613304,0,0.247630789130926,0,0,0,0,0.260513499434144,0,0,0,0.209964903387567,0,0,0,0,0,0,0,0,0,0,0,0.185079389635254,0,0,0,0
0,0,0,0,0,0,0,0,0,0,0,0,0,0,0.165356338995954,0,0.154468111428819,0.237821896870931,0.27817115187645,0,0,0,0.183201551295911,0,0.177405337426836,0,0.174833598082334,0,0,0,0,0,0,0,0,0,0,0,0,0,0,0,0,0,0,0,0,0,0.241677755558932,0,0,0,0,0,0.165617937843005,0,0,0,0,0,0.156656497220198,0,0,0,0,0.270819063608845,0,0.181090646118006,0,0,0,0.283366671297699,0,0,0,0,0,0,0,0,0,0,0.160157722928146,0.13661415874958,0.334981858730316,0,0
0,0,0,0,0,0,0,0,0,0,0,0.205737754702568,0,0,0,0,0,0,0,0,0,0.164367115042349,0,0,0,0.2054632525695,0,0.185772445959646,0,0.189772431562478,0,0,0,0,0,0,0,0.195363055169582,0,0,0,0,0,0,0,0,0,0,0,0.417231959277305,0,0,0,0,0,0,0,0.168317750096321,0,0.170425266027451,0,0,0,0,0.224435030502977,0,0,0,0.209964903387567,0,0,0,0.281800609828886,0,0,0,0,0,0,0,0.253897417211896,0,0.17923410649483,0,0,0,0
0,0,0,0,0,0,0,0,0,0,0.182982295751572,0,0,0,0,0,0,0,0,0,0,0,0.172212692116623,0,0,0,0,0,0.163846645073922,0,0.172433077916503,0,0,0,0,0,0,0,0.204539440927051,0,0,0,0,0,0,0,0,0,0.280324901525791,0,0,0,0,0,0,0,0.337829986587167,0,0,0,0,0,0,0,0,0.316813829813019,0,0,0,0.283366671297699,0,0,0,0.221942003858223,0,0,0,0,0,0,0,0.263023861241145,0.173666088641444,0.178541457653046,0,0,0
0,0,0,0.311893048385779,0,0.305424451828003,0,0,0,0.300752639770508,0,0.198016295652034,0,0,0,0,0.277469515800476,0.297828063368797,0.370323719456792,0,0,0,0,0,0,0,0,0.180669323713691,0,0.190254148300136,0,0,0,0,0,0.268621355295181,0,0.184613911555959,0,0.323050575596946,0.270372778177261,0.331346894292969,0.270359605550766,0.458326150973638,0,0.320397039094279,0.316002458333969,0.369903177022934,0,0.376519107818604,0,0.295706192652384,0,0,0,0.299125661452611,0,0.314218394217155,0,0,0,0.314549475908279,0.348746518294017,0.302087098360062,0,0,0,0,0,0,0.281800609828886,0,0,0,0,0,0,0,0.302756513726144,0.345377425352732,0.235733164308943,0.310471326112747,0.319732201596101,0.27189302444458,0.399986758402133,0.3538468927145,0.231234326958656
0.35100445151329,0,0.279239252209663,0,0,0,0,0,0,0,0,0,0,0,0,0,0.306656370560328,0.351731240749359,0.303532773256302,0,0.387545794248581,0,0,0,0,0,0,0,0.180928034497605,0,0.171813723665697,0,0,0,0,0,0.238334581255913,0,0.203359700739384,0.314456462860107,0.28734104724034,0.255600854754448,0.287828862617905,0,0,0,0.331972333363124,0,0.279882239607664,0,0,0,0,0,0,0,0.367682641180454,0.256475329399109,0.24769714474678,0,0,0,0.296500563621521,0.36790442880657,0,0,0,0,0,0,0,0.221942003858223,0,0,0,0,0,0,0.36475533246994,0.316127083518288,0.252881437540054,0.229449015499258,0.270527261076495,0.161051814045225,0.346976741263978,0.257346838712692,0.315469674766064
0,0,0,0,0,0,0,0,0,0,0,0,0,0,0,0,0,0,0,0,0,0,0,0,0,0,0,0,0,0,0,0.297399251626243,0.256176441656278,0.330921319268999,0,0.185064867473184,0.11742214858532,0,0,0,0,0,0,0,0,0,0,0.465923869231916,0.523994922637939,0,0,0,0,0,0,0,0,0,0,0,0,0,0,0,0,0,0,0,0,0,0,0,0,0,0,0.245085993116455,0.314070229443656,0,0.226837411103957,0,0,0,0.281424294692768,0,0,0,0
0,0,0,0,0,0,0,0,0,0,0,0,0,0,0,0,0,0,0,0,0,0,0,0,0,0,0,0,0,0,0,0.156003188849634,0.378375747585641,0.20327318161726,0.197379347223502,0.148598539829254,0.172761800915304,0,0,0,0,0,0,0,0,0,0,0.530595860675831,0.40055131486484,0.481189161539078,0,0,0,0,0,0,0,0,0,0,0,0,0,0,0,0,0,0,0,0,0,0,0,0,0.245085993116455,0,0,0.239160441253231,0.148196625709534,0.255893549412515,0,0,0.249070939504438,0,0,0,0
