0,0,280.233586728573,0,0,0,0,0,565.275623530149,0,0,0,0,0,114.2740226686,0,0,0,0,0,0.455383688211441,0,0,0,0,0,0,0,0,0,0,0,0,1.07101878523827,28.8210033923388,0,0,0.198282867670059,18.8976375758648,0,0,0,388.624359279871,0,1.22977757453918,0,76.3980955630541,12.1143002212048,295.747259661555,0,0,0,0,0,173.411321282387,0,1.74582681059837,0,0,0,26.10172778368,0,0,208.490066468716,0,0.305930227041245,0,0,0,70.4728828966618,0,65.3269584774971,0,0,0,0,0,37.0516834557056,0,1.74349868297577,0,103.617225021124,49.3864129260182,0,1158.37606453896,0,53.8731895685196
0,0,0,0,0,0,0,0,0,109.189191520214,0,0,0,34.3693464994431,0,0.976088285446167,0,0,0,0,0,0,0,0,0,0,0,0,0,0,0,0,0,4.98341034352779,1.16336843371391,0,0,4.10600170493126,0,2.61327527463436,0,987.152016088367,1.3065734654665,0,0,42.3328450322151,0,5.6399008333683,0,25.7680643647909,0,0,0,0,0,5.67788052558899,0,0,0,27.7039656043053,0,20.2478976249695,0.640085935592651,0,0,0,0,0,0,0,0.200723066926003,0,0,0,0,0,9.10869534313679,1.23550450801849,1.61958247423172,0,6.85341614484787,0,54.4724503159523,0,328.152674883604,58.0652844160795,0
280.233586728573,0,0,0,0,0,0,0,0,0,0,0,0,0,3.06641459465027,0,0,0,0,0,0,0,0,0,0,0,0,0,0,0,0,0,0,0,0,0,0,0,0,0,0,0,0,0,0,0,7.0637012720108,0,5.53592550754547,0,0,0,0,0,0,0,0,0,18.4318702220917,0,1.46185386180878,0,0,0,0,0,0,0,0,0,0,0,0,0,0,0,0,0,0,0,0,0,0,0,5.37042737007141,0,0
0,0,0,0,0,0,0,0,0,0,0,0,0,0,0,0,0,0,0,0,0,0,0,0,0,0,0,0,0,0,0,0,0,0,0,0,0,0,0,0,0,0,0,0,0,0,0,0,0,0,0,0,0,0,0,0,0,0,0,0,0,0,0,0,0,0,0,0,0,0,0,0,0,0,0,0,0,0,0,0,0,0,0,0,1,0,0
0,0,0,0,0,0,0,0,0,0,0,0,0,0,0,0,0,0,0,0,0,0,0,0,0,0,0,0,0,0,0,0,0,0,0,0,0,0,0,0,0,0,0,0,0,0,0,0,0,0,0,0,0,0,0,0,0,0,0,0,0,0,0,0,0,0,0,0,0,0,0,0,0,0,0,0,0,0,0,0,0,0,0,0,0,0,0
0,0,0,0,0,0,0,0,0,0,0,0,0,0,0,0,0,0,0,0,0,0,0,0,0,0,0,0,0,0,0,0,0,0,0,0,0,0,0,0,0,0,0,0,0,0,0,0,0,0,0,0,0,0,0,0,0,0,0,0,0,0,0,0,0,0,0,0,0,0,0,0,0,0,0,0,0,0,0,0,0,0,0,0,0,0,0
0,0,0,0,0,0,0,0,0,0,0,0,0,0,0,0,0,0,0,0,0,0,0,0,0,0,0,0,0,0,0,0,0,0,0,0,0,0,0,0,0,0,0,0,0,0,0,0,0,0,0,0,0,0,0,0,0,0,0,0,0,0,0,0,0,0,0,0,0,0,0,0,0,0,0,0,0,0,0,0,0,0,0,0,0,0,0
0,0,0,0,0,0,0,0,0,0,0,0,0,0,0,0,0,0,0,0,0,0,0,0,0,0,0,0,0,0,0,0,0,0,0,0,0,0,0,0,0,0,0,0,0,0,0,0,0,0,0,0,0,0,0,0,0,0,0,0,0,0,0,0,0,0,0,0,0,0,0,0,0,0,0,0,0,0,0,0,0,0,0,0,0,0,0
565.275623530149,0,0,0,0,0,0,0,0,0,0,0,0,0,234.044459581375,0,0,0,0,0,0,0,0,0,201.399895727634,0,7.15749537944794,0,0,0,0,0,0,0.196610480546951,0.251040488481522,0,0,0,0,0,0,0,210.348350584507,0,0,0,0,0,26.9134111553431,0,0,0,0,0,298.174590736628,0,0,0,0,0,9.84063935279846,0,0,0,0,0,0,218.028536617756,0,0,0,4.34268678724766,0,0,0,0,0,0.16020068526268,0,0,0,3.31470340490341,154.972415551543,0,36.0972445011139,0,0.455791890621185
0,109.189191520214,0,0,0,0,0,0,0,0,0,0,0,0,0,0,0,61.6623630523682,0,0,0,0,0,239.090090468526,0,0,0,0,0,0,0,0,0,0,0,0,0,5.69893552362919,0,0,0,201.750767946243,0,0,0,0,0,0,0,0,0,0,0,0,0,401.807731449604,0,0,0,0,0,0,0,0,0,0,356.780161112547,0,0,0,0,0,0,0,0,0,0,0,0,0,3.03374066948891,0,217.633598685265,0,29.0666003227234,62.8518874645233,0
0,0,0,0,0,0,0,0,0,0,0,0,114.23300921917,0,0,0,0,0,0,0,68.8138002157211,0,0,0,0,0,0,0,0,0,16.6221421658993,0,0,0,0,0,0,0,310.935105532408,0,0,0,0,0,0,0,0.138240545988083,0,0,0,0,0,0,0,0,0,144.54205685854,0,68.7095234394073,0,0,0,0,2.8729589432478,0,0,0,0,0,0,0,0,0,2.17120203375816,0,0,0,0,0,0.612500414252281,0,23.4642449244857,189.202391207218,0,9.56941106915474,0,0
0,0,0,0,0,0,0,0,0,0,0,0,0,0,0,0,0,0,0,172.552371636033,0,0,0,0,0,0,0,0,0,0.160364866256714,0,0,0,0,0,0,0,13.3805047869682,0,0,0,0,0,0,0,0.161372780799866,0,0,0,0,0,0,0,0,0,0,0,62.4876520633698,0,0,0,0,1,0,0,0,0,0,0,0,0,0,56.5586202889681,0,0,0,0,0,0,0,52.7945263236761,0,0,0,0,0,0
0,0,0,0,0,0,0,0,0,0,114.23300921917,0,0,0,8.53441071510315,0,0,0,0,0,0,0,0,0,0,0,0,0,0,0,0,0,0,0,0,0,0,0,0,0,0,0,0,0,0,0,0,0,11.5708816051483,0,0,0,0,0,0,0,25.424791097641,0,123.90984582901,0,21.7194547653198,0,0,0,0,0,0,0,0,0,0,0,0,0,0,0,0,0,0,0,0,0,0,0,1.9456661939621,0,0
0,34.3693464994431,0,0,0,0,0,0,0,0,0,0,0,0,0,157.125660002232,0,0,0,0,0,0,0,0,0,0,0,0,0,0,0,0,0,0,0,0,0,0,0,0,0,0,0,0,0,0,0,0,0,2.36066353321075,0,0,0,0,0,0,0,0,0,195.346318840981,0,3.67658454179764,0,0,0,0,0,0,0,0,0,0,0,0,0,0,0,0,0,0,0,0,0,0,0.854899942874908,0,0
114.2740226686,0,3.06641459465027,0,0,0,0,0,234.044459581375,0,0,0,8.53441071510315,0,0,0,0,0,0,0,0,0,0,0,3.70267742872238,0,0,0,0,0,0,0,0,0,0,0,0,0,0,0,0,0,0,0,0,0,0,0,70.8249694108963,0,0,0,0,0,72.1868925243616,0,12.2068554759026,0,14.4932671785355,0,66.1763069331646,0,0,0,0,0,0,2.1936072409153,0,1.57368808984756,0,0.208089739084244,0,0,0,0,0,0,0,0,0,0,4.83255529403687,0,15.0593003034592,0,0
0,0.976088285446167,0,0,0,0,0,0,0,0,0,0,0,157.125660002232,0,0,0,0,0,0,0,0,0,0,0,0,0,0,0,0,0,0,0,0,0,0,0,0,0,0,0,0,0,0,0,0,0,0,0,25.2601320743561,0,0,0,0,0,2,0,0,0,327.223678171635,0,0,0,0,0,0,0.479961454868317,0,0,0,0,0,0,0,0,0,0,0,0,0,0,0,0,0,0,0,0
0,0,0,0,0,0,0,0,0,0,0,0,0,0,0,0,0,7860.682646662,1451.84728424251,0,0,933.715273141861,5489.51715646684,46.663510248065,518.116227477789,25.1770223230124,533.401774778962,0,0,0,0,0,0,8.23296929895878,3.12991781532764,7.60033379495144,12.8665910735726,48.0831093788147,209.68384693563,11.9909071028233,6.71311870217323,51.4551937878132,338.422226011753,0,0,0,72.3886141180992,27.3315288946033,114.824624888599,14.682467341423,0,0,0,0,0,0,0,0,0,0,0,0,0,0,408.437358170748,3238.18571847677,4.39907017350197,3.09824633598328,29.6507545411587,698.191462576389,0,4.9962665438652,0,0,0,0,12.453953742981,11.295876018703,71.2413325607777,168.459357574582,113.865396358073,887.91774815321,3621.81985648721,3006.58945561945,65.7015800699592,1.32625341415405,1.71110099554062
0,0,0,0,0,0,0,0,0,61.6623630523682,0,0,0,0,0,0,7860.682646662,0,1448.31471221149,0,0,3872.82774621993,861.460223346949,396.896496102214,55.8818618357182,2583.11793226004,0.459925025701523,13.2232277989388,0,0,0,0,0,54.8531810194254,7.12708458304405,29.5989288538694,9.31316914409399,148.86171156913,145.361803993583,38.8769177347422,3.16111216694117,281.482400991023,222.671607032418,0,0,0,49.3758871555328,73.4828434661031,95.1503705382347,30.2787135243416,0,0,0,0,0,0,0,0,0,0,0,0,0,0,1984.88139364123,490.385890185833,81.881818652153,0.508570671081543,2026.52985778451,7.77164787054062,16.4186426997185,1.03667904436588,0,0,0,0,91.3340319469571,4.08971989899874,198.084929220378,104.71630269289,404.96258174628,451.563854418695,9512.36947838962,8554.40150105953,85.4311225861311,6.8618623316288,2.21777346730232
0,0,0,0,0,0,0,0,0,0,0,0,0,0,0,0,1451.84728424251,1448.31471221149,0,0,0,53.1408036202192,120.843310087919,8.13131955265999,27.8593752235174,2.05000388622284,5.3667099326849,0,0,0,0,0,0,51.7391514107585,23.1104639023542,71.9256370961666,35.0364974886179,99.7460049539804,166.930317796767,58.6214541047812,8.58483217656612,529.126158900559,257.480495996773,0,0,0,37.787503361702,55.6436534747481,115.159355953336,44.9238517433405,0,0,0,0,0,0,0,0,0,0,0,0,0,0,25.9746773540974,103.310401052237,0.357110887765884,0,5.39512360095978,2.90577645599842,0,1.44047066569328,0,0,0,0,40.5281646475196,3.91300799697638,511.980514369905,302.316919162869,99.8501762598753,333.007712319493,1723.08377967775,27.2801392674446,58.1706126406789,5.94998314976692,10.3276146501303
0,0,0,0,0,0,0,0,0,0,0,172.552371636033,0,0,0,0,0,0,0,0,0,0,0,0,0,0,0,0,0,5.43022704124451,0,0,0,0,0,142.579522505403,0,260.282760150731,0,7.212915122509,0,0.35604153573513,0,0,0,130.160521388054,0,0,0,0.161357387900352,0,0,0,0,0,0,0,14.6624172925949,0,0,0,0,508.8212261796,0,0,0,0,0,0,0,0,0,89.5395990163088,0,0,0,0,0,292.625513285398,0,509.623319283128,0,226.28203818202,0,31.0784056037664,0,0
0.455383688211441,0,0,0,0,0,0,0,0,0,68.8138002157211,0,0,0,0,0,0,0,0,0,0,0,0,0,0,0,0,0,0,0,0,0,0,0,0,0,202.451587989926,0,536.220473773777,0,0,0,1.10549157857895,0,0,0,3.57472741603851,0.272503726184368,0,0,0,0,0,0,0,0,23.6127023845911,0,0,0,0,0,0,377.810299277306,0,0,0,0,0,0,0,0.500392362475395,0,0.3443239107728,0,0,0,0,0,548.933149926364,0,310.663587063551,101.899428166449,0.87211075425148,37.3994078785181,0,0
0,0,0,0,0,0,0,0,0,0,0,0,0,0,0,0,933.715273141861,3872.82774621993,53.1408036202192,0,0,0,2661.02007703483,589.573312312365,38.9642297625542,1719.84557758272,12.1489779651165,120.64113932848,0,0,0,0,0,2.07339183986187,0.340692207217216,2.23923830688,0,2410.72808007151,134.108265683055,3.0125333070755,0,93.7674310803413,11.1919686794281,0,0,0,0.469309836626053,2.02755182981491,5.28297168016434,4.39941568672657,0,0,0,0,0,0,0,0.748897030949593,0,0,0,0,0,0,14814.444155395,918.234736993909,112.176563292742,0,1708.40890349448,3.01726341247559,246.275299713016,0,1.14092464745045,0,0,0,2.89412949979305,0.128229603171349,3.36704662442207,3.83191527426243,467.746740117669,51.551701515913,4335.13804151118,3099.35712878406,22.9417582601309,5.17385029792786,0
0,0,0,0,0,0,0,0,0,0,0,0,0,0,0,0,5489.51715646684,861.460223346949,120.843310087919,0,0,2661.02007703483,0,74.3592935949564,744.658665657043,41.38225248456,97.4712347835302,0,74.3040334582329,0,0,0,0,0,1.35481640696526,0.62010458111763,0.926511868834496,189.259350225329,3357.70030118525,1.02271538972855,0.206528767943382,2.9066970795393,11.6244107931852,0,0,0,2.76168429851532,5.83596187829971,111.514592915773,2.82284627854824,0,0,0,0,0,0,0,0,0,0,0,0,0,0,943.054122075438,12973.3087114394,8.84898766875267,120.23423576355,70.9307897388935,178.223663881421,0,107.19668969512,0,0,0,0,1.16121773421764,2.43679785728455,5.75585916638374,10.0411395654082,13.3968481123447,884.648699194193,2763.97496308386,1802.13033902645,58.9880622774363,0,1.83117997646332
0,0,0,0,0,0,0,0,0,239.090090468526,0,0,0,0,0,0,46.663510248065,396.896496102214,8.13131955265999,0,0,589.573312312365,74.3592935949564,0,0.960110306739807,178.244140058756,0,0,0,0,0,0,0,0.612624794244766,0.137834250926971,0,0,329.948131844401,1.13547551631927,0,0,0.240009680390358,3.29486894607544,0,0,0,0.117190465331078,0,0.7835793197155,239.587157815695,0,0,0,0,0,151.719491481781,0,0,0,0,0,0,0,0,329.113673463464,31.3274186402559,512.821437343955,0,139.452945679426,0,4.36796128749847,0,0,0,0,0,1.03408877551556,0.157324448227882,0.166746705770493,0,488.773149237037,1.45271737873554,398.242144778371,17.4533787071705,1,0,0
0,0,0,0,0,0,0,0,201.399895727634,0,0,0,0,0,3.70267742872238,0,518.116227477789,55.8818618357182,27.8593752235174,0,0,38.9642297625542,744.658665657043,0.960110306739807,0,2.51825770735741,200.314587086439,0,0,0,0,0,0,0.280462563037872,0,0,0,0,138.298783391714,0,0,2.4778286665678,9.92701981961727,0,0,0,0,4.8719113022089,30.4408284127712,0,0,0,0,0,228.334233954549,0,0,0,0,0,0,0,0,0,9.2845943570137,277.018837586045,0,1163.70689919591,0.691963970661163,302.822338610888,0,3.48274564743042,0,0,0,0,0,0,1.17164409160614,1.65369206666946,9.84103447198868,77.1438716351986,162.737349689007,13.9049419611692,1.33810588717461,0,0
0,0,0,0,0,0,0,0,0,0,0,0,0,0,0,0,25.1770223230124,2583.11793226004,2.05000388622284,0,0,1719.84557758272,41.38225248456,178.244140058756,2.51825770735741,0,0,183.969310998917,0,0,0,0,0,0,0,0.254116326570511,0,2.3746262639761,0,0,0,1.24366271495819,0,0,0,0,0,0,0,0,0,0,0,0,0,0,0,0,0,0,0,0,0,0,1203.78854689002,23.9818257391453,78.1765634417534,0,2687.48115026951,0,305.548675656319,0,0,0,0,0,0.764615416526794,0,0,0,1.36293728649616,0.182566359639168,244.847409427166,12.4302942454815,0,0,0
0,0,0,0,0,0,0,0,7.15749537944794,0,0,0,0,0,0,0,533.401774778962,0.459925025701523,5.3667099326849,0,0,12.1489779651165,97.4712347835302,0,200.314587086439,0,0,0,5.67714989185333,0,0,0,0,0,0,0,0,0,0,0.771862208843231,0,0,0,0,0,0,0,0,0,0,0,0,0,0,24.2401863336563,0,0,0,0,0,0,0,0,0,4.35198312997818,102.090662389994,0,116.473599582911,3.19797539710999,63.0679287314415,0,0,0,0,0,0,0,0,0,0,0,0,15.4596276879311,2.35457968711853,0,0,0
0,0,0,0,0,0,0,0,0,0,0,0,0,0,0,0,0,13.2232277989388,0,0,0,120.64113932848,0,0,0,183.969310998917,0,0,0,0,0,0,0,0,0,0,0,2.2898736000061,0,0,0,0,0,0,0,0,0,0,0,0,0,0,0,0,0,0,0,0,0,0,0,0,0,0,64.920799612999,0,0,0,153.273626118898,0,295.573883891106,0,0,0,0,0,0,0,0,0,3.68442475795746,0,8.76811742782593,0.362668961286545,0,0,0
0,0,0,0,0,0,0,0,0,0,0,0,0,0,0,0,0,0,0,0,0,0,74.3040334582329,0,0,0,5.67714989185333,0,0,0,0,0,0,0,0,0,0,0,25.9672427773476,0,0,0,4.07798165082932,0,0,0,0,0.211944490671158,5.28850367665291,0,0,0,0,0,0,0,0,0,3,0,0,0,0,0,0,208.094173938036,0,0,0,0,0,620.193029642105,0,0,0,0,0,0,0,0,0,22.0742854624987,127.182581573725,0,4.99174936115742,0,0
0,0,0,0,0,0,0,0,0,0,0,0.160364866256714,0,0,0,0,0,0,0,5.43022704124451,0,0,0,0,0,0,0,0,0,0,0,0,0,0,0,0,0,55.4943601638079,0,0,0,0,0,0,0,0,0,0,0,0,0,0,0,0,0,0,0,0.931889086961746,0,0,0,0,0,0,0,0,0,0,0,0,0,0,173.836539760232,0,0,0,0,0,0.195012480020523,0,163.615696072578,0,0.351634323596954,0,0,0,0
0,0,0,0,0,0,0,0,0,0,16.6221421658993,0,0,0,0,0,0,0,0,0,0,0,0,0,0,0,0,0,0,0,0,0,0,0,0,0,0.169734045863152,0,281.741811275482,0,0,0,0,0,0,0,0.19620630890131,0,0,0,0,0,0,0,0,0,62.7609692960978,0,0,0,0,0,0,0.362822249531746,0,0,0,0,0,0,0,0,0,539.729249060154,0,0,0,0,0,12.0473018586636,0,50.056924328208,45.0119283795357,0.13805715739727,0.449763402342796,0,0
0,0,0,0,0,0,0,0,0,0,0,0,0,0,0,0,0,0,0,0,0,0,0,0,0,0,0,0,0,0,0,0,802.51323440671,30.0013439357281,191.965953826904,25.2603829354048,0,0,0,4.31560134887695,61.4455354511738,0,0,0,0,0,0,359.434407860041,29.7253989875317,113.586707293987,0,0,0,0,0,0,0,0,0,0,0,0,0,0,0,0,0,0,0,0,0,0,0,0,786.014932140708,228.039051488042,71.6120291501284,34.1919059753418,10.9475051611662,66.8285292088985,0,0,131.940609872341,0,12.2034156620502,0,0
0,0,0,0,0,0,0,0,0,0,0,0,0,0,0,0,0,0,0,0,0,0,0,0,0,0,0,0,0,0,0,802.51323440671,0,2.776720225811,3.48195011168718,8.29818880558014,5.10083661973476,0,1.76964318752289,0,107.483171075583,0,0,0,0,0,0,241.326552689075,151.842671826482,0,0,0,0,0,0,0,0,0,0,0,0,0,0,0,0,0,0,0,0,0,0,0,0,0,482.390253692865,497.092590808868,24.4249517023563,6.66520695388317,0,491.342172697186,0,0,204.454546958208,0,0,0,0
1.07101878523827,4.98341034352779,0,0,0,0,0,0,0.196610480546951,0,0,0,0,0,0,0,8.23296929895878,54.8531810194254,51.7391514107585,0,0,2.07339183986187,0,0.612624794244766,0.280462563037872,0,0,0,0,0,0,30.0013439357281,2.776720225811,0,2494.19956361502,577.198832973838,195.960212081671,444.898753978312,86.3147279173136,51.0118563696742,2.39430049061775,342.025036491454,28.5985939502716,0,0,0,0,652.931760951877,5.15057924389839,67.0537351444364,0,0,0,0,0.426415592432022,0,0,0,0,0,0,0,0,0,1.32478626072407,0,0,0,0,0,0.220394685864449,0.49904265999794,0.124628260731697,0,36.6991303563118,3.06653252243996,1743.51070920378,1858.47767871618,679.055622458458,569.885328188539,1017.03034637123,275.30425157398,1246.248472929,11.2942546829581,103.037130258977,56.4376828223467,0
28.8210033923388,1.16336843371391,0,0,0,0,0,0,0.251040488481522,0,0,0,0,0,0,0,3.12991781532764,7.12708458304405,23.1104639023542,0,0,0.340692207217216,1.35481640696526,0.137834250926971,0,0,0,0,0,0,0,191.965953826904,3.48195011168718,2494.19956361502,0,1883.86566655338,974.534604802728,2193.58696707338,2571.50859432667,0,83.7463414147496,64.4383491650224,534.766152605414,0,7.44622756540775,0.224005803465843,39.1727369427681,1124.94418330491,90.9801671653986,0.185049995779991,0,0,0,0,0.649929344654083,0,0.264325067400932,0,0,0,0,0,0,0,0,0.844709232449532,0,0.295811861753464,0,0,0,30.6513690203428,0,1.16747105121613,58.6080146431923,10.4357411563396,1259.39478444308,2754.68461512029,153.017599418759,1662.16533797979,612.059125132859,2800.95992319286,1376.07285638899,8.68216967582703,346.642737716436,36.0267999917269,8.88767190277576
0,0,0,0,0,0,0,0,0,0,0,0,0,0,0,0,7.60033379495144,29.5989288538694,71.9256370961666,142.579522505403,0,2.23923830688,0.62010458111763,0,0,0.254116326570511,0,0,0,0,0,25.2603829354048,8.29818880558014,577.198832973838,1883.86566655338,0,210.219655632973,1002.76153869182,3.33895622193813,52.7310788631439,0.810660570859909,188.039913788438,3.61650151014328,0,0,14.0238965451717,0.157837629318237,56.2895563021302,1.91942194104195,18.6523646041751,0,0,0,0,0,0,0,0,0,0,0,0,242.930298984051,0,0,0.197735100984573,0,0,0,0,0,0,0.893996745347977,0,41.258271664381,1.73108348250389,108.626735605299,720.649674803019,6875.60903052986,236.059512227774,423.241035945714,14.6512167900801,1200.96702937037,24.8050755411386,153.383619464934,28.0021259412169,0
0,0,0,0,0,0,0,0,0,0,0,0,0,0,0,0,12.8665910735726,9.31316914409399,35.0364974886179,0,202.451587989926,0,0.926511868834496,0,0,0,0,0,0,0,0.169734045863152,0,5.10083661973476,195.960212081671,974.534604802728,210.219655632973,0,11.4073784202337,727.214039757848,0.445690393447876,85.2737958878279,0.48397970199585,64.7261022552848,0,0,0,9.65693964064121,92.024833239615,22.4144872352481,0,0,0,0,0,0,0,0.275533139705658,0,0,0,0,0,0,294.859546393156,0,0.812095761299133,0,0,0,0,0,0.208084359765053,0,0.169633194804192,0,12.5688453987241,24.5689187347889,2002.23970717192,13.4629414081573,5234.71910461038,5.08826053142548,840.316810064018,1049.29849340767,4.23724114894867,124.998533524573,0,3.12908934801817
0.198282867670059,4.10600170493126,0,0,0,0,0,0,0,5.69893552362919,0,13.3805047869682,0,0,0,0,48.0831093788147,148.86171156913,99.7460049539804,260.282760150731,0,2410.72808007151,189.259350225329,329.948131844401,0,2.3746262639761,0,2.2898736000061,0,55.4943601638079,0,0,0,444.898753978312,2193.58696707338,1002.76153869182,11.4073784202337,0,1699.78482995927,15.7074994519353,0,1598.9865168184,22.8488343805075,0,0,0.865896567702293,0.95537942647934,245.587235108018,7.97050474584103,172.074466764927,0,0,0,0,0,0.730101838707924,0,3.94769895076752,0,0,0,0,52.4197715073824,0,1018.48023937643,0.191802829504013,26.1933175176382,0,0,0,65.0541614741087,0,140.863499999046,0,0,0,579.596859551966,156.764449447393,444.902249857783,8.43653652071953,20550.7531505376,555.09629201144,4251.67497845739,3084.52987769246,579.684632584453,37.2468332797289,0.692653834819794
18.8976375758648,0,0,0,0,0,0,0,0,0,310.935105532408,0,0,0,0,0,209.68384693563,145.361803993583,166.930317796767,0,536.220473773777,134.108265683055,3357.70030118525,1.13547551631927,138.298783391714,0,0,0,25.9672427773476,0,281.741811275482,0,1.76964318752289,86.3147279173136,2571.50859432667,3.33895622193813,727.214039757848,1699.78482995927,0,2.37343735992908,9.84151284396648,6.24685452878475,967.755378067493,0,0.178962662816048,0,43.2244458794594,150.393529333174,1044.65735863149,0.613656640052795,0,0,0,0,0,0,56.5243651419878,0,0,0,0,0,0,132.346145756543,7.30119015276432,726.291935116053,0,44.7225016355515,0,0,0,334.28489150852,0,101.818937517703,0,0.510410785675049,123.561817467213,1148.56293396652,12.1930628344417,311.279479391873,1707.73006290197,19869.8147848994,2991.06335873902,3770.6999945268,787.339907594025,0,21.5940035060048
0,2.61327527463436,0,0,0,0,0,0,0,0,0,0,0,0,0,0,11.9909071028233,38.8769177347422,58.6214541047812,7.212915122509,0,3.0125333070755,1.02271538972855,0,0,0,0.771862208843231,0,0,0,0,4.31560134887695,0,51.0118563696742,0,52.7310788631439,0.445690393447876,15.7074994519353,2.37343735992908,0,0,700.680683895946,2.62612822651863,2.76776334643364,0,294.867692932487,0,183.583753675222,0.478412732481956,361.893264129758,0,0,0,0,0,0,0,0.158987298607826,0,0,0,0,87.3889031112194,0,1.92933858931065,0.17564669251442,0,0,0,0,0,0,6.71378292143345,0,0,0,54.464703977108,0,582.126817345619,0.992790326476097,86.2503991872072,4.31191971898079,163.608431763947,2.07461586594582,1109.71871390939,12.4106599241495,0
0,0,0,0,0,0,0,0,0,0,0,0,0,0,0,0,6.71311870217323,3.16111216694117,8.58483217656612,0,0,0,0.206528767943382,0,0,0,0,0,0,0,0,61.4455354511738,107.483171075583,2.39430049061775,83.7463414147496,0.810660570859909,85.2737958878279,0,9.84151284396648,0,0,1.6474639326334,84.7714263722301,0,0,0,241.650300890207,616.408696785569,2000.27081635594,56.9986009597778,0,0,0,0,0,0,0,0,0,0,0,0,0,0,0,0.960481345653534,0,0,0,0,0,0,0,0,93.8219490796328,85.4133253246546,0,74.3656269311905,0.176421001553535,447.999676592648,0,75.4399792850018,21.0150359123945,1.50441917777061,122.44533367455,0,0.739425629377365
0,987.152016088367,0,0,0,0,0,0,0,201.750767946243,0,0,0,0,0,0,51.4551937878132,281.482400991023,529.126158900559,0.35604153573513,0,93.7674310803413,2.9066970795393,0.240009680390358,2.4778286665678,1.24366271495819,0,0,0,0,0,0,0,342.025036491454,64.4383491650224,188.039913788438,0.48397970199585,1598.9865168184,6.24685452878475,700.680683895946,1.6474639326334,0,834.565427407622,43.8967199325562,0,104.646862626076,1.38613645732403,527.068974465132,10.9944128543139,360.847988158464,0,0,0,0,0,54.2575626373291,0,8.03607925772667,0,0,0,0,0,0,81.0695935413241,1.94459277391434,8.90322887897491,0,0.339526206254959,0,126.235487774014,0,130.780241385102,0,0,0,369.821812368929,10.3283305466175,1041.71510456502,8.55165205150843,3455.35396558046,19.0435926020145,1816.63706466556,36.2417216747999,1601.8010423705,904.502853110433,0
388.624359279871,1.3065734654665,0,0,0,0,0,0,210.348350584507,0,0,0,0,0,0,0,338.422226011753,222.671607032418,257.480495996773,0,1.10549157857895,11.1919686794281,11.6244107931852,3.29486894607544,9.92701981961727,0,0,0,4.07798165082932,0,0,0,0,28.5985939502716,534.766152605414,3.61650151014328,64.7261022552848,22.8488343805075,967.755378067493,2.62612822651863,84.7714263722301,834.565427407622,0,0,11.5779132694006,0,1077.54211226106,363.64582272619,657.016886644065,4.10063356161118,0,0,0,0,233.333488762379,0,1.15090036392212,0,0,0,0,0,0,0.642069756984711,11.0275873690844,25.1171260178089,0,0,1.70966482162476,0,0,300.627144679427,0.146863892674446,12.5925826728344,0,0,16.7854401618242,705.804338857532,20.3404368236661,911.352091133595,53.5448151305318,3425.55395742506,1722.54886966199,151.175372056663,1713.3381408602,161.532951369882,429.294075056911
0,0,0,0,0,0,0,0,0,0,0,0,0,0,0,0,0,0,0,0,0,0,0,0,0,0,0,0,0,0,0,0,0,0,0,0,0,0,0,2.76776334643364,0,43.8967199325562,0,0,0,11.4522260129452,0,0,0,0.294885814189911,0,0,0,0,0,0,0,0,0,0,0,0,0,0,0,0,0,0,0,0,0,0,0,0,0,0,0,0,0,0,0,0,1.81403186917305,0,26.1674591600895,0.605419486761093,0
1.22977757453918,0,0,0,0,0,0,0,0,0,0,0,0,0,0,0,0,0,0,0,0,0,0,0,0,0,0,0,0,0,0,0,0,0,7.44622756540775,0,0,0,0.178962662816048,0,0,0,11.5779132694006,0,0,0,0,0.9644925147295,1.51891556382179,0,0,0,0,0,0,0,0,0,0,0,0,0,0,0,0,0,0,0,0,0,0,0.212186396121979,0,0,0,0,0,6.38619524985552,0,1.31228663027287,0,2.43326391279697,0.339418426156044,0,0.724703095853329,0,0.784182369709015
0,42.3328450322151,0,0,0,0,0,0,0,0,0,0.161372780799866,0,0,0,0,0,0,0,130.160521388054,0,0,0,0,0,0,0,0,0,0,0,0,0,0,0.224005803465843,14.0238965451717,0,0.865896567702293,0,294.867692932487,0,104.646862626076,0,11.4522260129452,0,0,0,0,0,60.7355155646801,0,0,0,0,0,0,0,0.511803030967712,0,0,0,0,719.110289126635,0,0,0,0,0,0,0,0,0,12.5230190604925,0,0,0,0,0,122.643646836281,0,22.0092336162925,0,33.0013136267662,0,1845.94763410091,12.074547201395,0
76.3980955630541,0,7.0637012720108,0,0,0,0,0,0,0,0.138240545988083,0,0,0,0,0,72.3886141180992,49.3758871555328,37.787503361702,0,3.57472741603851,0.469309836626053,2.76168429851532,0.117190465331078,0,0,0,0,0,0,0.19620630890131,0,0,0,39.1727369427681,0.157837629318237,9.65693964064121,0.95537942647934,43.2244458794594,0,241.650300890207,1.38613645732403,1077.54211226106,0,0,0,0,59.4110465720296,126.171295195818,0.135689526796341,0,0,0,0,0,0,0.810311883687973,0,0,0,0,0,0,1900.7077332437,0.563631743192673,1.30991637706757,0,0,0,0,0,19.7608348727226,0,6.92426055669785,0,0,0.686957567930222,59.4771907329559,1.43320840597153,439.775989122689,2.03231136500835,174.716104924679,160.720731206238,6.37674536556005,2220.07311332226,0,8.65449140965939
12.1143002212048,5.6399008333683,0,0,0,0,0,0,0,0,0,0,0,0,0,0,27.3315288946033,73.4828434661031,55.6436534747481,0,0.272503726184368,2.02755182981491,5.83596187829971,0,4.8719113022089,0,0,0,0.211944490671158,0,0,359.434407860041,241.326552689075,652.931760951877,1124.94418330491,56.2895563021302,92.024833239615,245.587235108018,150.393529333174,183.583753675222,616.408696785569,527.068974465132,363.64582272619,0,0.9644925147295,0,59.4110465720296,0,784.937921449542,944.832099542022,0,0,0,0,0,0,0,0,0,0,0,0,0,0,0.959330052137375,0.671008631587029,0,0,0,0,0,8.85108071565628,0,0.811332710087299,1081.66292360425,152.858872428536,425.641710691154,1117.69328112155,619.48653934896,529.294180847704,447.964562274516,624.653957210481,908.538732483983,32.0428865328431,374.945972174406,104.087266430259,4.10643995553255
295.747259661555,0,5.53592550754547,0,0,0,0,0,26.9134111553431,0,0,0,11.5708816051483,0,70.8249694108963,0,114.824624888599,95.1503705382347,115.159355953336,0,0,5.28297168016434,111.514592915773,0.7835793197155,30.4408284127712,0,0,0,5.28850367665291,0,0,29.7253989875317,151.842671826482,5.15057924389839,90.9801671653986,1.91942194104195,22.4144872352481,7.97050474584103,1044.65735863149,0.478412732481956,2000.27081635594,10.9944128543139,657.016886644065,0,1.51891556382179,0,126.171295195818,784.937921449542,0,135.957068681717,0,0,0,0,37.4280125796795,0,4.61276835203171,0,21.8519339859486,0,23.317480802536,0,0,35.5730572640896,2.04128164052963,120.322282806039,0,299.352891758084,0,14.3334476649761,0,222.800364643335,0,0.264958545565605,39.4531949162483,71.624744951725,3.05259719491005,179.240139842033,7.50093533098698,500.898738406599,13.6171842962503,2655.00118495524,526.185930930078,52.7056074887514,1107.05616473407,0,16.4453990310431
0,25.7680643647909,0,0,0,0,0,0,0,0,0,0,0,2.36066353321075,0,25.2601320743561,14.682467341423,30.2787135243416,44.9238517433405,0.161357387900352,0,4.39941568672657,2.82284627854824,239.587157815695,0,0,0,0,0,0,0,113.586707293987,0,67.0537351444364,0.185049995779991,18.6523646041751,0,172.074466764927,0.613656640052795,361.893264129758,56.9986009597778,360.847988158464,4.10063356161118,0.294885814189911,0,60.7355155646801,0.135689526796341,944.832099542022,135.957068681717,0,0,0,0,0,0,0,0,5.49333369731903,0,2.62189137935638,0,114.474474787712,2.05517268180847,0,69.0488940626383,0,101.948435783386,0,0,0,380.8668949157,0,61.0458889603615,0,24.7298917472363,0,62.6527813822031,0,279.245918884873,0.443987429141998,368.356165468693,1.3039823025465,605.423689559102,0.660642936825752,1327.5003311038,19.0608992129564,0
0,0,0,0,0,0,0,0,0,0,0,0,0,0,0,0,0,0,0,0,0,0,0,0,0,0,0,0,0,0,0,0,0,0,0,0,0,0,0,0,0,0,0,0,0,0,0,0,0,0,0,0,0,0,0,0,0,0,0,0,0,0,0,0,0,0,0,0,0,0,0,0,0,0,0,0,0,0,0,0,0,0,0,0,0,0,0
0,0,0,0,0,0,0,0,0,0,0,0,0,0,0,0,0,0,0,0,0,0,0,0,0,0,0,0,0,0,0,0,0,0,0,0,0,0,0,0,0,0,0,0,0,0,0,0,0,0,0,0,0,0,0,0,0,0,0,0,0,0,0,0,0,0,0,0,0,0,0,0,0,0,0,0,0,0,0,0,0,0,0,0,0,0,0
0,0,0,0,0,0,0,0,0,0,0,0,0,0,0,0,0,0,0,0,0,0,0,0,0,0,0,0,0,0,0,0,0,0,0,0,0,0,0,0,0,0,0,0,0,0,0,0,0,0,0,0,0,0,0,0,0,0,0,0,0,0,0,0,0,0,0,0,0,0,0,0,0,0,0,0,0,0,0,0,0,0,0,0,0,0,0
0,0,0,0,0,0,0,0,0,0,0,0,0,0,0,0,0,0,0,0,0,0,0,0,0,0,0,0,0,0,0,0,0,0,0,0,0,0,0,0,0,0,0,0,0,0,0,0,0,0,0,0,0,0,0,0,0,0,0,0,0,0,0,0,0,0,0,0,0,0,0,0,0,0,0,0,0,0,0,0,0,0,0,0,0,0,0
173.411321282387,0,0,0,0,0,0,0,298.174590736628,0,0,0,0,0,72.1868925243616,0,0,0,0,0,0,0,0,0,228.334233954549,0,24.2401863336563,0,0,0,0,0,0,0.426415592432022,0.649929344654083,0,0,0,0,0,0,0,233.333488762379,0,0,0,0,0,37.4280125796795,0,0,0,0,0,0,0,0,0,0,0,10.1043705940247,0,0,0,0,0,0,162.470539838076,0,5.64253032207489,0,26.7729360312223,0,0,0,0,0,0,0,0,0,13.6343056708574,30.0021566301584,0,79.5990776717663,0,1.89244055747986
0,5.67788052558899,0,0,0,0,0,0,0,401.807731449604,0,0,0,0,0,2,0,0,0,0,0,0,0,151.719491481781,0,0,0,0,0,0,0,0,0,0,0,0,0,0.730101838707924,0,0,0,54.2575626373291,0,0,0,0,0,0,0,0,0,0,0,0,0,0,0,0,0,0,0,0,0,0,0,0,84.7481435090303,0,0,0,0,0,0,0,0,0,0,0,0,0,0.856971740722656,0,66.0384907722473,0,58.8832178115845,0,0
1.74582681059837,0,0,0,0,0,0,0,0,0,144.54205685854,0,25.424791097641,0,12.2068554759026,0,0,0,0,0,23.6127023845911,0,0,0,0,0,0,0,0,0,62.7609692960978,0,0,0,0.264325067400932,0,0.275533139705658,0,56.5243651419878,0,0,0,1.15090036392212,0,0,0,0.810311883687973,0,4.61276835203171,0,0,0,0,0,0,0,0,0,176.622030735016,0,5.89800268411636,0,0,67.7554642111063,0,0,0,0,0,0,0,102.971185624599,0,152.703518807888,0,0,0,0,0,88.6382974013686,0,295.44198769331,41.0488980785012,1.41743244975805,80.6136455535889,0,0
0,0,0,0,0,0,0,0,0,0,0,62.4876520633698,0,0,0,0,0,0,0,14.6624172925949,0,0.748897030949593,0,0,0,0,0,0,0,0.931889086961746,0,0,0,0,0,0,0,3.94769895076752,0,0.158987298607826,0,8.03607925772667,0,0,0,0.511803030967712,0,0,0,5.49333369731903,0,0,0,0,0,0,0,0,0,0,0,0,120.305411919951,0,4.38283754885197,0,0,0,0,0,23.1664812862873,0,314.596737101674,0,0,0,0,0,0.602379605174065,0,135.266547620296,0,1.59307634830475,0,106.362178117037,0,0
0,0,18.4318702220917,0,0,0,0,0,0,0,68.7095234394073,0,123.90984582901,0,14.4932671785355,0,0,0,0,0,0,0,0,0,0,0,0,0,3,0,0,0,0,0,0,0,0,0,0,0,0,0,0,0,0,0,0,0,21.8519339859486,0,0,0,0,0,0,0,176.622030735016,0,0,0,36.4135880172253,0,0,0,0,0,0,0,0,0,0,0,0,0,0,0,0,0,0,0,0,0,0,0,10.1341428160667,0,0
0,27.7039656043053,0,0,0,0,0,0,0,0,0,0,0,195.346318840981,0,327.223678171635,0,0,0,0,0,0,0,0,0,0,0,0,0,0,0,0,0,0,0,0,0,0,0,0,0,0,0,0,0,0,0,0,0,2.62189137935638,0,0,0,0,0,0,0,0,0,0,0,121.718643188477,0,0,0,0,0,0,0,0,0,0,0,0,0,0,0,0,0,0,0,0,2.95430642366409,0,1.19304001331329,0,0
26.10172778368,0,1.46185386180878,0,0,0,0,0,9.84063935279846,0,0,0,21.7194547653198,0,66.1763069331646,0,0,0,0,0,0,0,0,0,0,0,0,0,0,0,0,0,0,0,0,0,0,0,0,0,0,0,0,0,0,0,0,0,23.317480802536,0,0,0,0,0,10.1043705940247,0,5.89800268411636,0,36.4135880172253,0,0,0,0,0,0,0,0,0,0,1.51287007331848,0,2.06765115261078,0,0,0,0,0,0,0,0,0,0,0,0,9.91141545772552,0,0
0,20.2478976249695,0,0,0,0,0,0,0,0,0,0,0,3.67658454179764,0,0,0,0,0,0,0,0,0,0,0,0,0,0,0,0,0,0,0,0,0,0,0,0,0,0,0,0,0,0,0,0,0,0,0,114.474474787712,0,0,0,0,0,0,0,0,0,121.718643188477,0,0,0,0,0,0,0,0,0,0,0,0,0,0,0,0,0,0,0,0,0,0,0,0,0,0,0
0,0.640085935592651,0,0,0,0,0,0,0,0,0,1,0,0,0,0,0,0,0,508.8212261796,0,0,0,0,0,0,0,0,0,0,0,0,0,0,0,242.930298984051,0,52.4197715073824,0,87.3889031112194,0,0,0,0,0,719.110289126635,0,0,0,2.05517268180847,0,0,0,0,0,0,0,120.305411919951,0,0,0,0,0,0,0,0,0,0,0,0,0,0,64.2174469828606,0,0,0,0,0,900.967375054955,0,97.4331561475992,0,17.2647874951363,0,137.118182294071,0,0
208.490066468716,0,0,0,0,0,0,0,0,0,2.8729589432478,0,0,0,0,0,0,0,0,0,377.810299277306,0,0,0,0,0,0,0,0,0,0.362822249531746,0,0,0,0,0,294.859546393156,0,132.346145756543,0,0,0,0.642069756984711,0,0,0,1900.7077332437,0,35.5730572640896,0,0,0,0,0,0,0,67.7554642111063,0,0,0,0,0,0,0,0,0.750565528869629,0,0,0,0,0,56.7029373198748,0,17.6454608589411,0,0,0,0.411551289260387,0,1025.89308230579,0,618.500062011182,195.643114514649,1.08277197182178,350.751351326704,0,0
0,0,0,0,0,0,0,0,0,0,0,0,0,0,0,0,408.437358170748,1984.88139364123,25.9746773540974,0,0,14814.444155395,943.054122075438,329.113673463464,9.2845943570137,1203.78854689002,4.35198312997818,64.920799612999,0,0,0,0,0,1.32478626072407,0,0,0,1018.48023937643,7.30119015276432,1.92933858931065,0,81.0695935413241,11.0275873690844,0,0,0,0.563631743192673,0.959330052137375,2.04128164052963,69.0488940626383,0,0,0,0,0,0,0,4.38283754885197,0,0,0,0,0,0,0,333.703851103783,39.0460592508316,0,1330.31128434837,7.01805710792542,481.182061724365,0,4.83658443391323,0,0,0,0.961967021226883,0,5.08448798209429,2.40003836154938,357.169906243682,15.2647701501846,1403.70705546439,619.926180973649,29.67528668046,0,0
0.305930227041245,0,0,0,0,0,0,0,0,0,0,0,0,0,0,0,3238.18571847677,490.385890185833,103.310401052237,0,0,918.234736993909,12973.3087114394,31.3274186402559,277.018837586045,23.9818257391453,102.090662389994,0,208.094173938036,0,0,0,0,0,0.844709232449532,0.197735100984573,0.812095761299133,0.191802829504013,726.291935116053,0.17564669251442,0.960481345653534,1.94459277391434,25.1171260178089,0,0,0,1.30991637706757,0.671008631587029,120.322282806039,0,0,0,0,0,0,0,0,0,0,0,0,0,0,0.750565528869629,333.703851103783,0,6.4615478515625,280.44504186511,23.3866518139839,144.98375043273,0,118.225840628147,0,0,0,0,1.83396255970001,1.80052968859673,4.63753147423267,6.38959188759327,3.63311621546745,1442.03002870083,1468.90960888565,519.803333312273,26.5162799358368,0,1.35200890898705
0,0,0,0,0,0,0,0,0,356.780161112547,0,0,0,0,0,0.479961454868317,4.39907017350197,81.881818652153,0.357110887765884,0,0,112.176563292742,8.84898766875267,512.821437343955,0,78.1765634417534,0,0,0,0,0,0,0,0,0,0,0,26.1933175176382,0,0,0,8.90322887897491,0,0,0,0,0,0,0,101.948435783386,0,0,0,0,0,84.7481435090303,0,0,0,0,0,0,0,0,39.0460592508316,6.4615478515625,0,0,33.7674525082111,0,0,0,0,0,0,0,0,0,0,0,10.9115781486034,0,66.1939092278481,11.2194972336292,76.3646456003189,0,0
0,0,0,0,0,0,0,0,218.028536617756,0,0,0,0,0,2.1936072409153,0,3.09824633598328,0.508570671081543,0,0,0,0,120.23423576355,0,1163.70689919591,0,116.473599582911,0,0,0,0,0,0,0,0.295811861753464,0,0,0,44.7225016355515,0,0,0,0,0,0,0,0,0,299.352891758084,0,0,0,0,0,162.470539838076,0,0,0,0,0,0,0,0,0,0,280.44504186511,0,0,0,241.394070267677,0,20.300748065114,0,0,0,0,0,0,0,0,0,20.7995777279139,11.1909278929234,2.37418413162231,4.53183782100677,0,0
0,0,0,0,0,0,0,0,0,0,0,0,0,0,0,0,29.6507545411587,2026.52985778451,5.39512360095978,0,0,1708.40890349448,70.9307897388935,139.452945679426,0.691963970661163,2687.48115026951,3.19797539710999,153.273626118898,0,0,0,0,0,0,0,0,0,0,0,0,0,0.339526206254959,1.70966482162476,0,0,0,0,0,0,0,0,0,0,0,0,0,0,0,0,0,0,0,0,0,1330.31128434837,23.3866518139839,33.7674525082111,0,0,0,71.7865946888924,0,0,0,0,0,0,0,1.33790528774261,0,0.993200600147247,0,218.289247691631,26.043779566884,0.551268637180328,0,0
70.4728828966618,0,0,0,0,0,0,0,0,0,0,0,0,0,1.57368808984756,0,698.191462576389,7.77164787054062,2.90577645599842,0,0,3.01726341247559,178.223663881421,0,302.822338610888,0,63.0679287314415,0,0,0,0,0,0,0,0,0,0,0,0,0,0,0,0,0,0,0,0,0,14.3334476649761,0,0,0,0,0,5.64253032207489,0,0,0,0,0,1.51287007331848,0,0,0,7.01805710792542,144.98375043273,0,241.394070267677,0,0,0,127.331900715828,0,0,0,0,0,0,0,0.257850140333176,0,0,34.772042170167,4.32693827152252,2.01698899269104,0,0
0,0.200723066926003,0,0,0,0,0,0,0,0,0,0,0,0,0,0,0,16.4186426997185,0,0,0,246.275299713016,0,4.36796128749847,0,305.548675656319,0,295.573883891106,0,0,0,0,0,0.220394685864449,0,0,0,65.0541614741087,0,0,0,126.235487774014,0,0,0,0,0,0,0,380.8668949157,0,0,0,0,0,0,0,23.1664812862873,0,0,0,0,0,0,481.182061724365,0,0,0,71.7865946888924,0,0,0,216.474784106016,0,0,0,0,0,0,0,587.919921249151,0,17.843823492527,0,125.840959429741,0.349629998207092,0
65.3269584774971,0,0,0,0,0,0,0,4.34268678724766,0,0,0,0,0,0.208089739084244,0,4.9962665438652,1.03667904436588,1.44047066569328,0,0.500392362475395,0,107.19668969512,0,3.48274564743042,0,0,0,620.193029642105,0,0,0,0,0.49904265999794,30.6513690203428,0,0.208084359765053,0,334.28489150852,0,0,0,300.627144679427,0,0.212186396121979,0,19.7608348727226,8.85108071565628,222.800364643335,0,0,0,0,0,26.7729360312223,0,102.971185624599,0,0,0,2.06765115261078,0,0,56.7029373198748,0,118.225840628147,0,20.300748065114,0,127.331900715828,0,0,0,22.8792229294777,0,0,0.783379554748535,27.3935389518738,0,45.82650064677,0,1123.02151739597,22.8940245583653,2.3982760310173,908.913474828005,0,16.0166301131248
0,0,0,0,0,0,0,0,0,0,0,56.5586202889681,0,0,0,0,0,0,0,89.5395990163088,0,1.14092464745045,0,0,0,0,0,0,0,173.836539760232,0,0,0,0.124628260731697,0,0.893996745347977,0,140.863499999046,0,6.71378292143345,0,130.780241385102,0.146863892674446,0,0,12.5230190604925,0,0,0,61.0458889603615,0,0,0,0,0,0,0,314.596737101674,0,0,0,0,64.2174469828606,0,4.83658443391323,0,0,0,0,0,216.474784106016,0,0,0,0,0,0.315157413482666,0,31.3294751346111,0,743.759755194187,0,24.5045309662819,0.455777704715729,313.527619726956,4.10657985508442,0
0,0,0,0,0,0,0,0,0,0,2.17120203375816,0,0,0,0,0,0,0,0,0,0.3443239107728,0,0,0,0,0,0,0,0,0,539.729249060154,0,0,0,1.16747105121613,0,0.169633194804192,0,101.818937517703,0,0,0,12.5925826728344,0,0,0,6.92426055669785,0.811332710087299,0.264958545565605,0,0,0,0,0,0,0,152.703518807888,0,0,0,0,0,0,17.6454608589411,0,0,0,0,0,0,0,22.8792229294777,0,0,0,0,0,0.847265869379044,0,47.9563835263252,0,494.599285528064,2.61171565204859,1.47040123492479,132.432311743498,0,2.89569216966629
0,0,0,0,0,0,0,0,0,0,0,0,0,0,0,0,0,0,0,0,0,0,0,0,0,0,0,0,0,0,0,786.014932140708,482.390253692865,36.6991303563118,58.6080146431923,41.258271664381,0,0,0,0,93.8219490796328,0,0,0,0,0,0,1081.66292360425,39.4531949162483,24.7298917472363,0,0,0,0,0,0,0,0,0,0,0,0,0,0,0,0,0,0,0,0,0,0,0,0,0,158.28095677495,54.9599315226078,18.339194715023,1.73892459273338,50.8045436143875,0.794492125511169,0,272.07647639513,0,7.04544320702553,0,0
0,0,0,0,0,0,0,0,0,0,0,0,0,0,0,0,0,0,0,0,0,0,0,0,0,0,0,0,0,0,0,228.039051488042,497.092590808868,3.06653252243996,10.4357411563396,1.73108348250389,12.5688453987241,0,0.510410785675049,0,85.4133253246546,0,0,0,0,0,0,152.858872428536,71.624744951725,0,0,0,0,0,0,0,0,0,0,0,0,0,0,0,0,0,0,0,0,0,0,0,0,0,158.28095677495,0,25.2725057601929,191.803162127733,0,821.99662091583,0,1.95836262404919,28.2671110630035,0,0,0,0
0,9.10869534313679,0,0,0,0,0,0,0,0,0,0,0,0,0,0,12.453953742981,91.3340319469571,40.5281646475196,0,0,2.89412949979305,1.16121773421764,1.03408877551556,0,0.764615416526794,0,0,0,0,0,71.6120291501284,24.4249517023563,1743.51070920378,1259.39478444308,108.626735605299,24.5689187347889,579.596859551966,123.561817467213,54.464703977108,0,369.821812368929,16.7854401618242,0,0,0,0.686957567930222,425.641710691154,3.05259719491005,62.6527813822031,0,0,0,0,0,0,0,0,0,0,0,0,0,0,0.961967021226883,1.83396255970001,0,0,0,0,0,0.783379554748535,0.315157413482666,0,54.9599315226078,25.2725057601929,0,450.369522288442,722.190596520901,150.372884757817,1074.45350399613,45.8612758368254,731.664577998221,8.42825877666473,118.324865058064,43.383236899972,0
37.0516834557056,1.23550450801849,0,0,0,0,0,0,0.16020068526268,0,0,0,0,0,0,0,11.295876018703,4.08971989899874,3.91300799697638,0,0,0.128229603171349,2.43679785728455,0.157324448227882,0,0,0,0,0,0,0,34.1919059753418,6.66520695388317,1858.47767871618,2754.68461512029,720.649674803019,2002.23970717192,156.764449447393,1148.56293396652,0,74.3656269311905,10.3283305466175,705.804338857532,0,6.38619524985552,0,59.4771907329559,1117.69328112155,179.240139842033,0,0,0,0,0,0,0,0,0,0,0,0,0,0,0.411551289260387,0,1.80052968859673,0,0,0,0,0,27.3935389518738,0,0.847265869379044,18.339194715023,191.803162127733,450.369522288442,0,39.0325101912022,2481.2915835306,62.8986041992903,2158.53355624527,614.243162937462,5.23470618575811,393.094420768321,10.4830072969198,13.1943995207548
0,1.61958247423172,0,0,0,0,0,0,0,0,0,0,0,0,0,0,71.2413325607777,198.084929220378,511.980514369905,292.625513285398,0,3.36704662442207,5.75585916638374,0.166746705770493,1.17164409160614,0,0,0,0,0.195012480020523,0,10.9475051611662,0,679.055622458458,153.017599418759,6875.60903052986,13.4629414081573,444.902249857783,12.1930628344417,582.126817345619,0.176421001553535,1041.71510456502,20.3404368236661,0,0,122.643646836281,1.43320840597153,619.48653934896,7.50093533098698,279.245918884873,0,0,0,0,0,0,0,0.602379605174065,0,0,0,0,900.967375054955,0,5.08448798209429,4.63753147423267,0,0,1.33790528774261,0,0,0,31.3294751346111,0,1.73892459273338,0,722.190596520901,39.0325101912022,0,51.0952753871679,1570.89824680984,20.576409868896,1151.02876470983,44.7670582979918,815.598509125412,63.8973025456071,0
1.74349868297577,0,0,0,0,0,0,0,0,0,0.612500414252281,0,0,0,0,0,168.459357574582,104.71630269289,302.316919162869,0,548.933149926364,3.83191527426243,10.0411395654082,0,1.65369206666946,0,0,0,0,0,12.0473018586636,66.8285292088985,491.342172697186,569.885328188539,1662.16533797979,236.059512227774,5234.71910461038,8.43653652071953,311.279479391873,0.992790326476097,447.999676592648,8.55165205150843,911.352091133595,0,1.31228663027287,0,439.775989122689,529.294180847704,500.898738406599,0.443987429141998,0,0,0,0,0,0,88.6382974013686,0,0,0,0,0,0,1025.89308230579,2.40003836154938,6.38959188759327,0,0,0,0.257850140333176,0,45.82650064677,0,47.9563835263252,50.8045436143875,821.99662091583,150.372884757817,2481.2915835306,51.0952753871679,0,9.78194384276867,1553.34803599864,603.244390293956,32.9919199123979,312.950785629451,0.207043409347534,36.6885623410344
