0,0,10.2199111514621,0,0,0,0,0,7.92618968344142,0,0,0,0,0,17.883171081543,0,32.8633961677551,35.3254265785217,13.5186924487352,0,24.1386766433716,0,0,0,0,0,0,0,0,0,0,0,0,0,0,0,0,0,0,0,26.6129455566406,0,15.5582688824605,0,0,0,18.7226410547892,0,4.72056276202202,0,0,0,0,0,7.22885488591543,0,19.7450394180586,0,0,0,10.6541482607524,0,0,23.8243124825614,0,0,0,0,0,0,0,0,0,19.793643395106,0,0,0,0,0,32.3090642293294,0,0,7.81653509067215,0,12.9070921665873,0,17.7105564117432
0,0,0,4.83174552968753,0,11.761104689704,0,0,0,5.91778758408009,0,0,0,0,0,0,25.637903213501,46.1718444824219,8.06010928174906,0,0,0,0,0,0,0,0,0,0,0,0,0,0,0,0,49.5504760742188,0,0,0,27.3006456163194,0,16.6342793344998,0,0,0,21.594162940979,41.0124435424805,0,0,4.96684876860005,0,0,0,0,0,4.287938552553,0,16.9514753943995,0,0,0,3.83741412162781,0,0,0,0,8.64036846160889,0,0,0,0,0,0,0,0,0,0,0,37.3721954345703,57.8374481201172,0,0,6.3312526399439,0,8.09355746531019,14.3496013971475,0
10.2199111514621,0,0,0,5.98902507906868,0,0,0,4.25665860550076,0,0,0,0,0,0,0,65.7762832641602,78.4447860717773,62.8962071736654,0,26.8126824696859,0,0,0,0,0,0,0,0,0,0,0,0,0,0,0,25.8927364349365,0,0,0,27.0529189109802,0,24.0942515143033,0,23.6363945007324,0,21.1595165634155,0,23.7625521635398,0,5.54746311051505,0,0,0,5.58746639887492,0,22.8162350728188,0,4.77005962133408,0,4.59614261865616,0,0,26.5758359808671,0,0,0,0,0,0,0,0,0,28.0742826461792,0,0,0,0,90.5220947265625,33.7614746002051,0,0,24.6847238739332,0,15.9669579313735,0,21.2649317741394
0,4.83174552968753,0,0,0,8.40484260614061,0,0,0,9.0868124547212,0,0,0,0,0,0,0,0,39.1850414276123,0,0,0,0,0,0,0,0,0,0,0,0,0,0,0,0,24.2654012533335,0,30.9923839569092,0,33.0525075912476,0,21.9444935528619,0,18.742000579834,0,10.0345968489951,36.4561080932617,52.2425975799561,34.3163223266602,13.7884030607012,0,6.16071625483238,0,0,0,4.6101156045229,0,24.4879328309312,0,0,0,3.42727963959993,20.2087154388428,0,0,0,0,0,0,0,0,0,26.2853146394094,0,0,0,0,0,35.2906089109533,0,0,0,17.2465775450435,0,19.372607170921,17.1994744249292,0
0,0,5.98902507906868,0,0,0,2.94638466835022,0,22.6072254180908,0,0,0,3.14895820617676,0,7.17074282964071,0,0,0,0,0,3.23624857878074,0,0,0,0,0,0,0,0,0,0,0,0,0,0,0,15.5855816602707,0,0,0,28.7438182830811,0,28.2936794757843,0,0,0,0,0,16.6543605327606,0,5.51838365029753,0,0,0,4.28904697299004,0,16.4002321243286,0,11.5169100379944,0,10.6453312719372,0,0,0,0,0,0,0,0,0,0,0,0,0,0,0,0,0,0,12.8605733351274,0,0,10.0914399554764,0,7.8770860850811,0,25.287633895874
0,11.761104689704,0,8.40484260614061,0,0,0,0,0,8.74230363292079,0,6.50200271606445,0,0,0,0,0,0,0,0,0,0,0,0,0,0,0,0,0,0,0,0,0,0,0,29.4106483459473,0,0,0,89.8581237792969,0,28.7387364705404,0,0,0,14.6806488037109,0,0,0,33.6288623809814,0,3.93258639646613,0,5.05511933106643,0,0,0,17.7791759417607,0,6.37978882538645,0,7.23540707996913,26.7441711425781,0,0,0,0,0,0,0,0,0,32.9154205322266,0,0,0,0,0,42.7145195007324,0,0,0,5.09599876203457,0,13.8535059875455,22.0566921234131,0
0,0,0,0,2.94638466835022,0,0,0,0,0,0,0,0,0,0,0,0,0,0,0,5.48478221893311,0,0,0,0,0,0,0,0,0,0,0,0,0,0,0,0,0,0,0,0,0,0,0,0,0,0,0,0,0,2.96405696868896,0,0,0,0,0,0,0,3.24021248428189,0,0,0,0,6.12109136581421,0,0,0,0,0,0,0,0,0,0,0,0,0,0,0,0,0,0,4.87227439880371,0,0,0,0
0,0,0,0,0,0,0,0,0,0,0,3.90207195281982,0,2.73981261253357,0,0,0,0,0,0,0,0,0,0,0,0,0,0,0,0,0,0,0,0,0,0,0,0,0,0,0,0,0,0,0,0,0,0,0,0,0,3.29120343381708,0,3.49824706456995,0,0,0,4.09566631895123,0,2.8548343539238,0,0,0,0,0,0,0,0,0,0,0,0,0,0,0,0,0,0,0,0,0,0,3.77258815084185,0,0,0,0
7.92618968344142,0,4.25665860550076,0,22.6072254180908,0,0,0,0,0,0,0,0,0,7.0739799340566,0,9.01451771925477,26.0777837313139,37.732967376709,0,0,24.4819087982178,10.8291249275208,0,4.80693110942841,0,4.85979723930359,0,0,0,0,0,0,0,19.2210974693298,0,0,0,6.73074937825227,0,0,0,13.6255313995037,0,0,0,0,0,4.63291466236115,0,0,0,0,0,8.42948672406167,0,29.3221397399902,0,0,0,3.25131930647609,0,0,0,0,0,0,5.07391484062393,0,3.93806076049805,0,0,0,0,0,0,0,22.590003490448,0,0,0,14.0914030196715,6.4759627656417,4.17095730039808,10.0490861488262,0,22.2868366241455
0,5.91778758408009,0,9.0868124547212,0,8.74230363292079,0,0,0,0,0,0,0,0,0,3.93855123273258,0,4.40336889690823,36.6435317993164,0,0,0,0,3.68137373141388,0,3.6431143283844,0,0,0,0,0,0,0,21.0010375976562,0,0,0,5.65925355178338,0,0,0,17.0642587588384,0,0,0,0,0,0,0,0,0,0,0,0,0,5.1808682659031,0,0,0,0,0,2.73668146133423,0,0,0,0,12.6075676083565,0,0,0,0,0,0,0,0,0,22.6928787231445,0,0,0,13.2095491811633,0,4.59709672669363,0,9.89362221775633,14.0174386501312,0
0,0,0,0,0,0,0,0,0,0,0,0,3.01143650281227,0,0,0,0,0,0,0,3.7361084638968,0,0,0,0,0,0,0,2.9020545217726,0,0,0,0,0,0,0,3.26174397950762,0,4.43156248846362,0,0,0,0,0,0,0,0,0,0,0,0,0,3.59589463472366,0,0,0,3.77422219662019,0,3.17743252060915,0,0,0,0,3.2734517455101,0,0,0,0,0,0,0,3.38830160058063,0,0,0,0,0,0,0,3.94525961279869,0,6.20523928172553,2.8863114118576,0,0,0,0
0,0,0,0,0,6.50200271606445,0,3.90207195281982,0,0,0,0,0,3.43380848655191,0,0,0,0,0,8.11780857757146,0,0,0,0,0,0,0,3.02737894425025,0,3.40348102880079,0,0,0,0,0,3.99941566255358,0,3.98237959636109,0,0,0,0,0,0,0,15.9323047637939,0,0,0,0,0,0,0,5.48110914230347,0,0,0,4.48693322516516,0,3.88878667563723,0,0,5.4701737494611,0,0,0,0,0,0,0,0,0,4.29492838107623,0,0,0,0,0,5.34884322985359,0,4.21199545059495,0,3.44117123280701,0,0,0,0
0,0,0,0,3.14895820617676,0,0,0,0,0,3.01143650281227,0,0,0,2.90284786870924,0,0,0,0,0,0,0,0,0,0,0,3.47775863111019,0,3.19588331075815,0,0,0,0,0,0,0,0,0,0,0,0,0,0,0,0,0,0,0,0,0,2.74121999740601,0,0,0,0,0,5.67501276240629,0,2.87397682666779,0,0,0,0,0,0,0,0,0,0,0,0,0,0,0,0,0,0,0,0,0,0,0,3.02537657817205,2.91546765495749,0,0,0
0,0,0,0,0,0,0,2.73981261253357,0,0,0,3.43380848655191,0,0,0,2.95993995666504,0,0,0,0,0,0,0,0,0,0,0,3.01594574884935,0,2.84668310483297,0,0,0,0,0,0,0,0,0,0,0,0,0,0,0,0,0,0,0,0,0,0,0,0,0,0,0,3.96662044480331,0,3.53485414603861,0,4.85877799987793,0,0,0,0,0,0,0,0,3.08456712677365,0,0,0,0,0,0,0,0,0,0,0,3.16528470516205,2.9471595287323,0,0,0
17.883171081543,0,0,0,7.17074282964071,0,0,0,7.0739799340566,0,0,0,2.90284786870924,0,0,0,4.6392387683051,0,62.1950950622559,0,0,0,17.8014942804972,0,0,0,4.29882906377316,0,0,0,0,0,0,0,0,0,0,0,0,0,0,0,0,0,0,0,0,0,0,0,0,0,0,0,9.87239145551409,0,0,0,3.0049990529391,0,3.9968135697501,0,0,0,0,0,0,0,0,0,0,0,0,0,0,0,0,0,0,0,0,0,3.88022541335698,0,34.4248847961426,0,0
0,0,0,0,0,0,0,0,0,3.93855123273258,0,0,0,2.95993995666504,0,0,0,3.57388856747006,14.5690059661865,0,0,0,0,0,0,0,0,0,0,0,0,0,0,0,0,0,0,0,0,0,0,0,0,0,0,0,0,0,0,0,0,0,0,0,0,5.90730468432109,0,0,0,0,0,3.39193994171765,0,0,0,0,21.7444171905518,0,0,0,0,0,0,0,0,0,0,0,0,0,0,0,3.40326316139915,0,0,0,0
32.8633961677551,25.637903213501,65.7762832641602,0,0,0,0,0,9.01451771925477,0,0,0,0,0,4.6392387683051,0,0,17.7118820079388,18.3784199180403,0,35.56174659729,24.9329479535421,10.4123204729411,21.1107478306211,9.55887091116472,32.0979442596436,7.12643120082571,0,4.72279911895968,0,0,0,0,0,0,77.722287495931,0,0,0,54.496641657155,50.0950640042623,50.2846640418558,38.9109808051068,46.6186481344289,34.056764823803,49.6384644658311,43.3955354715452,0,0,0,0,0,0,0,11.177705821991,0,55.0283843769747,54.223196665446,0,0,4.41649347156673,0,55.6901494076377,54.5525373312143,0,4.22729404767354,28.9144999186198,5.91082960367203,0,7.95759686070307,0,0,66.1101312637329,50.3553380966187,0,0,0,0,63.2421231117977,57.1897736390432,0,0,13.2405467364985,5.3079436884227,47.3278990916559,46.2606531778971,32.9438267178006
35.3254265785217,46.1718444824219,78.4447860717773,0,0,0,0,0,26.0777837313139,4.40336889690823,0,0,0,0,0,3.57388856747006,17.7118820079388,0,18.6688506065188,0,54.8000183105469,8.75601794169499,24.5913652038574,11.085569358755,33.5713641643524,4.63606105668204,35.0489789386128,2.85862165689468,0,0,0,0,0,0,0,0,0,0,0,54.4843769996397,60.8166569073995,42.0930361864043,47.6349235225368,41.0779728166985,48.8825645446777,51.0624977542508,53.5058710246743,0,0,102.311859130859,0,0,0,0,35.3608604431152,0,56.117769241333,55.5731264750163,0,0,0,3.19397381373814,61.4482358296712,58.3255627280787,6.5294754379674,0,11.5669143492715,0,8.31244067351023,34.4021507609974,0,0,52.2182731628418,54.370885848999,0,0,0,0,63.6604746942935,64.0723070356581,0,0,13.2421113303437,4.80032380414705,52.7538641848215,41.6530808074565,54.7860840388707
13.5186924487352,8.06010928174906,62.8962071736654,39.1850414276123,0,0,0,0,37.732967376709,36.6435317993164,0,0,0,0,62.1950950622559,14.5690059661865,18.3784199180403,18.6688506065188,0,0,39.022721377286,33.5788803100586,30.5593237876892,24.2284456094106,59.4224700927734,15.1519689559937,39.3822002410889,0,0,0,0,0,0,0,0,58.2608451843262,68.989875793457,0,0,38.6149503818291,40.0916928267732,21.3320747625859,22.0640490391583,20.1713712372099,15.3726863015835,33.900262414947,32.142266405191,0,12.2026257514954,62.6865396499634,0,0,0,0,0,0,37.1104850984563,28.1017349861764,0,0,0,0,43.3361272078294,42.7313767045231,0,0,9.07695484161377,0,0,23.0485926408034,0,0,27.8941711849636,43.836793222735,0,0,0,0,46.1417849439211,45.7387131492109,0,0,14.524190206161,41.6549186706543,31.4734576247509,17.3559057212604,20.9162413574166
0,0,0,0,0,0,0,0,0,0,0,8.11780857757146,0,0,0,0,0,0,0,0,0,0,0,0,0,0,0,0,0,0,0,0,0,0,0,3.74682103384269,0,4.45580523892453,0,0,0,0,0,0,0,14.024777344295,0,0,0,0,0,0,0,0,0,0,0,7.11794090270996,0,0,0,0,4.15698737694212,0,0,0,0,0,0,0,0,0,0,0,0,0,0,0,10.0394638430241,0,0,0,4.12933116046318,0,4.73444958527883,0,0
24.1386766433716,0,26.8126824696859,0,3.23624857878074,0,5.48478221893311,0,0,0,3.7361084638968,0,0,0,0,0,35.56174659729,54.8000183105469,39.022721377286,0,0,0,0,0,0,0,0,0,0,0,0,0,0,0,0,0,4.07352610532072,0,3.54169260200701,0,44.0859069824219,0,34.6613388061523,0,26.3368237813314,71.8184509277344,18.3425984791347,0,0,0,0,0,0,0,0,0,4.23529700177615,0,0,0,0,0,0,7.07319823291498,0,0,0,0,0,0,0,0,0,0,0,0,0,0,0,6.10068905026538,0,3.6782100642169,13.9991554392194,0,6.61379514976197,59.7689437866211,21.0718231201172
0,0,0,0,0,0,0,0,24.4819087982178,0,0,0,0,0,0,0,24.9329479535421,8.75601794169499,33.5788803100586,0,0,0,3.78653862953186,5.99338247858245,0,5.08219409570461,0,2.87985644048574,0,0,0,0,0,16.6659107208252,0,0,0,5.05327931333675,32.8381385803223,78.4892883300781,0,0,0,0,0,0,67.7838897705078,20.3290364300763,0,4.64816356588293,0,0,0,0,0,0,0,0,0,0,0,0,0,0,4.4885732843088,0,4.29931392119481,0,3.37015136082967,0,2.96549269732307,0,0,0,0,0,14.9972057342529,0,0,0,5.74816822660142,46.1738204956055,5.52312270576591,3.8239079117775,23.6961963176727,0,0
0,0,0,0,0,0,0,0,10.8291249275208,0,0,0,0,0,17.8014942804972,0,10.4123204729411,24.5913652038574,30.5593237876892,0,0,3.78653862953186,0,43.2874031066895,4.42305454841027,0,4.69732421579159,0,2.91973737569956,0,0,0,0,0,0,0,0,0,6.27574139015347,0,0,0,0,0,0,0,0,21.4420547485352,6.59815147790042,0,0,0,0,0,0,0,0,0,0,0,0,0,0,60.901969909668,0,3.79301680189199,0,6.67894916847104,0,4.40483389181249,0,3.37478443980217,0,0,0,0,0,0,81.5070037841797,70.4822540283203,36.8736000061035,6.47256439886753,5.07217419163365,3.08295498953925,15.7898228963216,0,0
0,0,0,0,0,0,0,0,0,3.68137373141388,0,0,0,0,0,0,21.1107478306211,11.085569358755,24.2284456094106,0,0,5.99338247858245,43.2874031066895,0,0,3.65531229972839,25.5022354125977,0,0,0,0,0,0,18.8534355163574,0,0,0,5.14184325779638,35.6147384643555,0,0,0,0,0,0,0,0,16.8543899242695,0,5.87407432496548,0,0,0,0,0,5.75035667746034,0,0,0,0,0,0,0,0,6.43793197484612,0,3.96798699585966,0,0,0,0,0,0,0,0,0,20.4020485877991,0,0,0,8.41157681502185,0,6.50993260461837,0,7.43887169020517,0,42.584415435791
0,0,0,0,0,0,0,0,4.80693110942841,0,0,0,0,0,0,0,9.55887091116472,33.5713641643524,59.4224700927734,0,0,0,4.42305454841027,0,0,0,3.88935649326082,0,0,0,0,0,0,0,0,0,0,0,4.12877944817984,0,0,0,0,0,0,0,0,0,4.58327320127776,0,0,0,0,0,4.46180499854841,0,0,0,0,0,0,0,0,0,0,5.63807701567809,0,4.484183444336,0,3.63050364364277,0,0,0,0,0,0,0,0,0,0,0,7.16293969551722,4.54989282404903,0,4.02216736008139,0,0
0,0,0,0,0,0,0,0,0,3.6431143283844,0,0,0,0,0,0,32.0979442596436,4.63606105668204,15.1519689559937,0,0,5.08219409570461,0,3.65531229972839,0,0,36.8529052734375,2.84214136004448,0,0,0,0,0,0,0,0,0,0,0,0,0,0,0,0,0,0,0,0,0,0,0,0,0,0,0,2.74408507347107,0,0,0,0,0,0,0,0,6.46645899721094,0,4.02116164183005,0,3.03541634877523,0,10.5730333328247,0,0,0,0,0,0,0,0,0,0,0,5.03669695900037,0,47.5505065917969,0,0
0,0,0,0,0,0,0,0,4.85979723930359,0,0,0,3.47775863111019,0,4.29882906377316,0,7.12643120082571,35.0489789386128,39.3822002410889,0,0,0,4.69732421579159,25.5022354125977,3.88935649326082,36.8529052734375,0,0,4.78572099702852,0,0,0,0,0,0,0,0,0,0,0,0,0,0,0,0,0,0,0,0,0,0,0,0,0,5.97549295425415,0,0,0,3.45957975387573,0,0,0,0,0,0,3.90838670730591,0,4.58983798821767,0,3.46088339745159,0,3.15362405776978,0,0,0,0,0,0,0,0,0,0,7.80760876288325,0,0,0,0
0,0,0,0,0,0,0,0,0,0,0,3.02737894425025,0,3.01594574884935,0,0,0,2.85862165689468,0,0,0,2.87985644048574,0,0,0,2.84214136004448,0,0,0,3.366306326872,0,0,0,0,0,0,0,0,0,0,0,0,0,0,0,0,0,0,0,0,0,0,0,0,0,0,0,2.88776763847896,0,3.56557251214981,0,0,0,0,3.58431270329849,0,0,0,2.94381062189738,0,3.10115339311941,0,3.5890772819519,0,0,0,0,0,0,0,2.8146296342214,0,2.89253958066305,0,0,0,0
0,0,0,0,0,0,0,0,0,0,2.9020545217726,0,3.19588331075815,0,0,0,4.72279911895968,0,0,0,0,0,2.91973737569956,0,0,0,4.78572099702852,0,0,0,3.22045423129279,0,0,0,0,0,0,0,0,0,0,0,0,0,0,0,0,0,0,0,0,0,0,0,0,0,0,0,3.03478181545551,0,0,0,0,0,0,0,0,0,0,2.74469971656799,0,3.01177638296097,0,3.40250708375658,0,0,0,0,0,0,0,2.95189798672994,3.67293027580761,3.01268409237717,0,0,0
0,0,0,0,0,0,0,0,0,0,0,3.40348102880079,0,2.84668310483297,0,0,0,0,0,0,0,0,0,0,0,0,0,3.366306326872,0,0,0,0,0,0,0,0,0,3.10445764631328,0,0,0,0,0,0,0,0,0,0,0,0,0,0,0,0,0,0,0,3.0720936874064,0,0,0,0,0,0,0,0,0,0,0,0,3.68986863925539,0,4.86649320130752,0,0,0,0,0,0,0,4.72797636826833,0,2.84081137180328,0,0,0,0
0,0,0,0,0,0,0,0,0,0,0,0,0,0,0,0,0,0,0,0,0,0,0,0,0,0,0,0,3.22045423129279,0,0,0,0,0,0,0,0,0,3.60993904170423,0,0,0,0,0,0,0,0,0,0,0,0,0,0,0,0,0,0,0,0,0,0,0,0,0,0,0,0,0,0,0,0,4.6457705718715,0,3.3495400109381,0,0,0,0,0,0,0,4.6411213691418,3.1392710407575,0,0,0,0
0,0,0,0,0,0,0,0,0,0,0,0,0,0,0,0,0,0,0,0,0,0,0,0,0,0,0,0,0,0,0,0,3.59101402759552,3.7418584227562,0,4.40625385965161,8.14683272157397,0,0,0,0,0,0,0,0,0,0,5.36181748236626,6.65326491764614,6.49600720405579,0,0,0,0,0,0,0,0,0,0,0,0,0,0,0,0,0,0,0,0,0,0,0,0,4.51717333373328,11.1484341079539,6.9448979695638,19.7499338785807,4.28984005676816,13.1467110663652,0,0,4.15455022738093,0,9.87872505187988,0,0
0,0,0,0,0,0,0,0,0,0,0,0,0,0,0,0,0,0,0,0,0,0,0,0,0,0,0,0,0,0,0,3.59101402759552,0,0,4.34405667441232,3.42991189867537,3.12019516642277,0,0,0,0,0,0,0,0,0,0,6.06797524224516,0,0,0,0,0,0,0,0,0,0,0,0,0,0,0,0,0,0,0,0,0,0,0,0,0,0,4.2528849972619,4.07315255515051,0,10.2407850914813,6.01339144056494,5.96973309784292,0,18.1768131256104,3.23508281785934,0,0,0,0
0,0,0,0,0,0,0,0,0,21.0010375976562,0,0,0,0,0,0,0,0,0,0,0,16.6659107208252,0,18.8534355163574,0,0,0,0,0,0,0,3.7418584227562,0,0,3.87583628215573,3.59998033337477,0,6.66374617766949,0,0,0,0,0,0,0,0,0,4.86661171218859,0,0,0,0,0,0,0,19.7211672465007,0,0,0,0,0,0,0,0,0,0,17.6537577311198,0,0,0,0,0,0,0,5.01729319055202,2.74140024185181,5.95502464519128,5.036308826761,6.96912742894271,0,7.50561642074871,27.1205310821533,3.48542093230294,2.81408723195394,0,0,0
0,0,0,0,0,0,0,0,19.2210974693298,0,0,0,0,0,0,0,0,0,0,0,0,0,0,0,0,0,0,0,0,0,0,0,4.34405667441232,3.87583628215573,0,0,3.54774504806359,2.82537713050842,6.65097184080473,0,0,0,17.5452805126415,0,0,0,0,5.85584806284573,0,0,0,0,0,0,20.217378616333,0,0,0,0,0,0,0,0,0,36.574146270752,0,0,21.5538415908813,0,0,0,0,0,0,0,9.67249934031413,8.58211625558544,5.94623802077976,0,4.60719851708748,0,6.27830930212711,4.19312445365171,0,17.5527780850728,0,0
0,49.5504760742188,0,24.2654012533335,0,29.4106483459473,0,0,0,0,0,3.99941566255358,0,0,0,0,77.722287495931,0,58.2608451843262,3.74682103384269,0,0,0,0,0,0,0,0,0,0,0,4.40625385965161,3.42991189867537,3.59998033337477,0,0,3.6376129569568,4.55288076081268,0,44.1288967132568,0,42.8059911273775,0,54.2732582092285,0,28.7101569999036,0,4.40409988539559,11.8618701526097,10.0284482943706,0,0,0,0,0,0,0,5.6753196671324,0,0,0,0,7.83482187681231,0,0,0,0,0,0,0,0,0,0,0,4.79188686500896,13.8725379943848,8.02562761306763,0,6.07919352640213,5.58363062466762,6.91627962417697,0,5.16537248648906,4.33002888834154,12.829282500278,46.1218214035034,0
0,0,25.8927364349365,0,15.5855816602707,0,0,0,0,0,3.26174397950762,0,0,0,0,0,0,0,68.989875793457,0,4.07352610532072,0,0,0,0,0,0,0,0,0,0,8.14683272157397,3.12019516642277,0,3.54774504806359,3.6376129569568,0,0,5.58019408681655,0,0,0,57.9194450378418,0,0,0,35.659710918154,4.43535210230412,8.12297964096069,0,0,0,0,0,0,0,6.14784717512789,0,0,0,0,0,0,5.8994052166623,0,0,0,0,0,0,0,0,0,0,8.0663818359375,3.43375959767486,0,4.0396042869937,5.19157092554586,6.27260078923652,0,6.06261128814132,4.65463151490491,3.3105135903214,11.9748558846998,0,0
0,0,0,30.9923839569092,0,0,0,0,0,5.65925355178338,0,3.98237959636109,0,0,0,0,0,0,0,4.45580523892453,0,5.05327931333675,0,5.14184325779638,0,0,0,0,0,3.10445764631328,0,0,0,6.66374617766949,2.82537713050842,4.55288076081268,0,0,5.71617477426032,0,0,8.32802645365397,0,42.7939338684082,0,0,0,7.8518079471213,26.9112453460693,5.63949536591125,0,0,0,0,0,9.09077360016959,0,4.84301574454714,0,0,0,0,4.25668961078197,0,6.73698138404224,32.7974166870117,6.13922736224006,0,0,0,0,0,2.99963619158818,0,0,0,6.74075763369325,0,6.39406735527508,0,4.70583068695834,4.82468995577852,5.15325842801884,3.61877845128377,5.12298352588979,18.3271522521973,0
0,0,0,0,0,0,0,0,6.73074937825227,0,4.43156248846362,0,0,0,0,0,0,0,0,0,3.54169260200701,32.8381385803223,6.27574139015347,35.6147384643555,4.12877944817984,0,0,0,0,0,3.60993904170423,0,0,0,6.65097184080473,0,5.58019408681655,5.71617477426032,0,0,0,0,7.29796449343363,0,0,0,0,9.95407730753772,6.39531615982211,29.5038223266602,0,0,0,0,5.36166176182485,0,6.0801745163912,0,0,0,0,0,0,6.20381803512573,31.4110851287842,12.766589372586,0,5.21768207091061,0,0,0,0,0,2.74480956792831,0,0,11.2448269980294,8.27367153484161,0,7.16752922301565,11.6444883942604,6.02331699199016,4.95096390049882,3.53607156782439,7.9093183337665,0,0
0,27.3006456163194,0,33.0525075912476,0,89.8581237792969,0,0,0,0,0,0,0,0,0,0,54.496641657155,54.4843769996397,38.6149503818291,0,0,78.4892883300781,0,0,0,0,0,0,0,0,0,0,0,0,0,44.1288967132568,0,0,0,0,0,16.9687719648483,58.1092813279894,23.0192240385576,47.047311147054,13.2901190623598,62.4402083644161,36.0613174438477,0,7.75489450378935,0,0,0,0,0,0,67.1136525472005,47.9025489262172,0,0,0,0,5.00761238846769,72.8703994750977,0,0,0,0,0,0,0,0,45.5802803039551,0,0,0,0,0,8.24074187357564,78.8295101589627,0,0,36.6257677440643,0,11.585780011121,24.2964583985946,54.9102160135905
26.6129455566406,0,27.0529189109802,0,28.7438182830811,0,0,0,0,0,0,0,0,0,0,0,50.0950640042623,60.8166569073995,40.0916928267732,0,44.0859069824219,0,0,0,0,0,0,0,0,0,0,0,0,0,0,0,0,0,0,0,0,45.6757431030273,18.8277721310739,59.7886581420898,25.2719612247897,56.7536220550537,9.55382244089867,8.12571247924458,7.81927498884961,11.9564461846283,0,0,0,0,0,0,40.458780670166,0,0,0,0,0,0,7.52951726874152,0,0,0,0,0,0,0,0,0,46.7349319458008,0,0,0,0,85.3783279418945,6.75177308988521,0,0,29.8624127747177,0,9.79958045004134,66.06591796875,18.4133431803096
0,16.6342793344998,0,21.9444935528619,0,28.7387364705404,0,0,0,17.0642587588384,0,0,0,0,0,0,50.2846640418558,42.0930361864043,21.3320747625859,0,0,0,0,0,0,0,0,0,0,0,0,0,0,0,0,42.8059911273775,0,8.32802645365397,0,16.9687719648483,45.6757431030273,0,11.3610433298213,19.3806678447318,55.0346069335938,23.1733299960584,60.2166814389436,22.8631691932678,27.7588768005371,13.0944960425364,0,0,0,0,0,29.0036775340205,67.7756256103516,16.6667520582339,0,20.8786150279798,0,24.139333513048,18.9766352107759,57.6516036987305,0,0,16.1422753334045,0,0,0,0,0,14.2951021671295,0,0,0,0,0,24.5980035815211,84.9791043599447,0,0,13.9160790007094,0,12.2536391258039,8.86069047942352,66.9233703613281
15.5582688824605,0,24.0942515143033,0,28.2936794757843,0,0,0,13.6255313995037,0,0,0,0,0,0,0,38.9109808051068,47.6349235225368,22.0640490391583,0,34.6613388061523,0,0,0,0,0,0,0,0,0,0,0,0,0,17.5452805126415,0,57.9194450378418,0,7.29796449343363,58.1092813279894,18.8277721310739,11.3610433298213,0,31.1400852203369,12.3554480971254,36.8861572742462,16.1051672766155,7.49560859468248,12.8291328691143,27.3197059631348,0,0,0,0,20.4470267295837,0,15.1323334557872,67.0860157012939,0,0,26.9406458536784,0,60.1122144063314,20.7162145826201,0,0,0,0,0,0,0,0,0,15.2897354653079,0,0,0,19.6576995168413,74.1998346116808,19.6220621386826,0,16.3529537916183,13.9767974035973,30.5225845972697,11.3227269224777,49.7306041717529,8.13534509809362
0,0,0,18.742000579834,0,0,0,0,0,0,0,0,0,0,0,0,46.6186481344289,41.0779728166985,20.1713712372099,0,0,0,0,0,0,0,0,0,0,0,0,0,0,0,0,54.2732582092285,0,42.7939338684082,0,23.0192240385576,59.7886581420898,19.3806678447318,31.1400852203369,0,0,18.7486095951315,53.9496724446615,0,0,19.5114402770996,0,0,0,0,0,0,58.5361518859863,32.2512541106253,0,0,0,0,33.1616871356964,104.569046020508,0,0,0,0,0,0,0,0,38.9334983825684,0,0,0,0,0,33.4116077730733,70.9569257100423,0,0,17.0950889271848,16.436185836792,20.7867127851392,16.7698105398075,0
0,0,23.6363945007324,0,0,0,0,0,0,0,0,0,0,0,0,0,34.056764823803,48.8825645446777,15.3726863015835,0,26.3368237813314,0,0,0,0,0,0,0,0,0,0,0,0,0,0,0,0,0,0,47.047311147054,25.2719612247897,55.0346069335938,12.3554480971254,0,0,47.6890761057536,16.793795687934,0,8.68270993232727,0,0,0,0,0,0,0,31.3259748510412,0,0,0,0,0,71.4118118286133,22.601141064666,0,0,0,0,0,0,0,0,0,37.6510766347249,0,0,0,0,58.4092439015706,26.5225839329939,0,0,14.3371839390333,0,16.7671945076894,0,18.612390403288
0,21.594162940979,0,10.0345968489951,0,14.6806488037109,0,0,0,0,0,15.9323047637939,0,0,0,0,49.6384644658311,51.0624977542508,33.900262414947,14.024777344295,71.8184509277344,0,0,0,0,0,0,0,0,0,0,0,0,0,0,28.7101569999036,0,0,0,13.2901190623598,56.7536220550537,23.1733299960584,36.8861572742462,18.7486095951315,47.6890761057536,0,54.2885597100419,67.2427368164062,28.0298929214478,27.1294207572937,0,0,0,0,0,0,0,13.9503766579001,0,0,0,0,9.33733756075759,68.2769514719645,0,0,0,0,0,0,0,0,18.2752557482038,0,0,0,0,0,18.8176003184961,73.1548745291574,0,0,35.5344899172163,0,11.8350142377997,39.1172292092267,65.0700225830078
18.7226410547892,41.0124435424805,21.1595165634155,36.4561080932617,0,0,0,0,0,0,0,0,0,0,0,0,43.3955354715452,53.5058710246743,32.142266405191,0,18.3425984791347,67.7838897705078,0,0,0,0,0,0,0,0,0,0,0,0,0,0,35.659710918154,0,0,62.4402083644161,9.55382244089867,60.2166814389436,16.1051672766155,53.9496724446615,16.793795687934,54.2885597100419,0,0,16.4988904732924,0,0,0,0,0,0,0,26.1630860046602,57.1504821777344,0,0,0,0,65.7155426025391,10.900961407004,0,0,0,0,0,58.1777725219727,0,0,66.9729423522949,39.8454962836372,0,0,0,0,69.4780035018921,17.0509865377994,0,0,32.819915283941,38.5221900939941,18.0201232880487,57.1675368414985,35.4108729827695
0,0,0,52.2425975799561,0,0,0,0,0,0,0,0,0,0,0,0,0,0,0,0,0,20.3290364300763,21.4420547485352,16.8543899242695,0,0,0,0,0,0,0,5.36181748236626,6.06797524224516,4.86661171218859,5.85584806284573,4.40409988539559,4.43535210230412,7.8518079471213,9.95407730753772,36.0613174438477,8.12571247924458,22.8631691932678,7.49560859468248,0,0,67.2427368164062,0,0,6.41409818301543,7.88266792484058,0,0,0,0,0,0,0,69.2292633056641,0,0,0,0,0,0,18.877434185573,22.6256809234619,18.188684463501,0,0,0,0,0,0,0,5.93482043342817,5.58940320502724,5.56013826344976,7.0679585645043,5.10322509164364,7.66094501868773,8.72855203697321,7.54852111071987,5.48743377656144,5.14976358413696,9.74410417621327,0,0
4.72056276202202,0,23.7625521635398,34.3163223266602,16.6543605327606,0,0,0,4.63291466236115,0,0,0,0,0,0,0,0,0,12.2026257514954,0,0,0,6.59815147790042,0,4.58327320127776,0,0,0,0,0,0,6.65326491764614,0,0,0,11.8618701526097,8.12297964096069,26.9112453460693,6.39531615982211,0,7.81927498884961,27.7588768005371,12.8291328691143,0,8.68270993232727,28.0298929214478,16.4988904732924,6.41409818301543,0,6.85289321088169,0,0,0,0,7.06383883953094,0,9.71355321106402,56.4772300720215,0,0,2.95005322827233,0,0,29.9843978881836,0,5.12999579209049,0,5.0456723112809,0,2.77896485328674,0,0,0,15.3054652681538,9.34078550338745,4.47280076698021,0,0,0,5.05789774719037,33.2853741645813,5.06399252779849,7.25367494468904,17.1031970977783,9.68911905671904,39.1675796508789,31.6627782185872
0,4.96684876860005,0,13.7884030607012,0,33.6288623809814,0,0,0,0,0,0,0,0,0,0,0,102.311859130859,62.6865396499634,0,0,4.64816356588293,0,5.87407432496548,0,0,0,0,0,0,0,6.49600720405579,0,0,0,10.0284482943706,0,5.63949536591125,29.5038223266602,7.75489450378935,11.9564461846283,13.0944960425364,27.3197059631348,19.5114402770996,0,27.1294207572937,0,7.88266792484058,6.85289321088169,0,0,0,0,0,0,7.44554792951654,0,22.905435006793,0,2.81240264574687,0,4.45751411574228,27.0342365900675,0,5.31379225850105,0,7.52848050227532,0,0,0,3.72031663273865,0,18.6599674701691,0,4.8291779756546,9.28125553131104,0,0,10.5190660147275,10.4962846636772,4.32025036275387,0,10.376678243652,0,11.538344671056,14.6214851240317,0
0,0,5.54746311051505,0,5.51838365029753,0,2.96405696868896,0,0,0,0,0,2.74121999740601,0,0,0,0,0,0,0,0,0,0,0,0,0,0,0,0,0,0,0,0,0,0,0,0,0,0,0,0,0,0,0,0,0,0,0,0,0,0,0,0,0,0,0,4.28387093136453,0,5.38855386059187,0,5.33694092689022,0,0,0,0,0,0,0,0,0,0,0,0,0,0,0,0,0,0,16.4355621337891,0,0,7.78002327283223,0,5.09788905490528,0,0
0,0,0,6.16071625483238,0,3.93258639646613,0,3.29120343381708,0,0,0,0,0,0,0,0,0,0,0,0,0,0,0,0,0,0,0,0,0,0,0,0,0,0,0,0,0,0,0,0,0,0,0,0,0,0,0,0,0,0,0,0,0,3.97040737271309,0,6.23534154891968,0,5.78512158082879,0,5.46440620713879,0,5.24814910201703,0,0,0,0,0,0,0,0,0,0,0,0,0,0,0,0,0,0,0,0,5.00039703102522,0,0,0,0
0,0,0,0,0,0,0,0,0,0,3.59589463472366,0,0,0,0,0,0,0,0,0,0,0,0,0,0,0,0,0,0,0,0,0,0,0,0,0,0,0,0,0,0,0,0,0,0,0,0,0,0,0,0,0,0,0,0,0,5.24276644397497,0,4.00388393080826,0,0,0,0,13.9926307996114,0,0,0,0,0,0,0,0,0,0,0,0,0,0,0,35.8994216918945,0,0,2.72448515892029,0,14.5177049636841,0,0
0,0,0,0,0,5.05511933106643,0,3.49824706456995,0,0,0,5.48110914230347,0,0,0,0,0,0,0,0,0,0,0,0,0,0,0,0,0,0,0,0,0,0,0,0,0,0,0,0,0,0,0,0,0,0,0,0,0,0,0,3.97040737271309,0,0,0,0,0,4.02997648553941,0,0,0,0,0,0,0,0,0,0,0,0,0,0,0,0,0,0,0,0,0,0,0,0,5.28412317094349,0,0,0,0
7.22885488591543,0,5.58746639887492,0,4.28904697299004,0,0,0,8.42948672406167,0,0,0,0,0,9.87239145551409,0,11.177705821991,35.3608604431152,0,0,0,0,0,0,4.46180499854841,0,5.97549295425415,0,0,0,0,0,0,0,20.217378616333,0,0,0,5.36166176182485,0,0,0,20.4470267295837,0,0,0,0,0,7.06383883953094,0,0,0,0,0,0,0,0,0,0,0,7.81095774968465,0,0,0,0,0,0,4.88525402359664,0,6.67357224813649,0,0,0,0,0,0,0,22.7017731666565,0,0,0,9.03589233096319,10.493527770273,0,12.6336375872294,0,0
0,4.287938552553,0,4.6101156045229,0,0,0,0,0,5.1808682659031,0,0,0,0,0,5.90730468432109,0,0,0,0,0,0,0,5.75035667746034,0,2.74408507347107,0,0,0,0,0,0,0,19.7211672465007,0,0,0,9.09077360016959,0,0,0,29.0036775340205,0,0,0,0,0,0,0,7.44554792951654,0,6.23534154891968,0,0,0,0,0,29.0654023488363,0,0,0,5.16799236637677,0,0,0,47.3830871582031,9.68451646361688,0,0,0,0,0,0,0,0,0,22.6259179115295,0,0,0,15.1507914606915,0,5.07405818104744,0,10.3329501119556,21.3989315032959,0
19.7450394180586,0,22.8162350728188,0,16.4002321243286,0,0,0,29.3221397399902,0,3.77422219662019,0,5.67501276240629,0,0,0,55.0283843769747,56.117769241333,37.1104850984563,0,4.23529700177615,0,0,0,0,0,0,0,0,0,0,0,0,0,0,0,6.14784717512789,0,6.0801745163912,67.1136525472005,40.458780670166,67.7756256103516,15.1323334557872,58.5361518859863,31.3259748510412,0,26.1630860046602,0,9.71355321106402,0,4.28387093136453,0,5.24276644397497,0,0,0,0,82.2840576171875,3.68152092297872,0,2.83000711032322,0,76.1945877075195,8.45067178361767,0,0,0,0,0,0,0,0,0,4.91521687037008,0,0,0,0,115.022575378418,19.4432890036671,0,7.86367212023054,19.2822956885582,45.8331934611003,9.47638831693498,0,13.8960261637704
0,16.9514753943995,0,24.4879328309312,0,17.7791759417607,0,4.09566631895123,0,0,0,4.48693322516516,0,3.96662044480331,0,0,54.223196665446,55.5731264750163,28.1017349861764,7.11794090270996,0,0,0,0,0,0,0,2.88776763847896,0,3.0720936874064,0,0,0,0,0,5.6753196671324,0,4.84301574454714,0,47.9025489262172,0,16.6667520582339,67.0860157012939,32.2512541106253,0,13.9503766579001,57.1504821777344,69.2292633056641,56.4772300720215,22.905435006793,0,5.78512158082879,0,4.02997648553941,0,29.0654023488363,82.2840576171875,0,0,4.24682786308716,0,0,5.51145936209377,0,0,0,0,0,0,0,0,0,5.83423093660378,0,0,0,0,0,33.1872232130596,0,2.73695850372314,0,18.6869726465156,0,10.0639289845834,15.4392690860619,0
0,0,4.77005962133408,0,11.5169100379944,0,3.24021248428189,0,0,0,3.17743252060915,0,2.87397682666779,0,3.0049990529391,0,0,0,0,0,0,0,0,0,0,0,3.45957975387573,0,3.03478181545551,0,0,0,0,0,0,0,0,0,0,0,0,0,0,0,0,0,0,0,0,0,5.38855386059187,0,4.00388393080826,0,0,0,3.68152092297872,0,0,0,3.02069429556529,0,0,8.11216862996419,0,0,0,0,0,0,0,4.01100492477417,0,0,0,0,0,0,0,18.6921119689941,0,0,5.17451163189752,2.84879958629608,3.36902459462484,0,0
0,0,0,0,0,6.37978882538645,0,2.8548343539238,0,0,0,3.88878667563723,0,3.53485414603861,0,0,0,0,0,0,0,0,0,0,0,0,0,3.56557251214981,0,0,0,0,0,0,0,0,0,0,0,0,0,20.8786150279798,0,0,0,0,0,0,0,2.81240264574687,0,5.46440620713879,0,0,0,0,0,4.24682786308716,0,0,0,0,0,0,0,0,0,0,3.45203733444214,0,4.32864165306091,0,0,0,0,0,0,0,0,0,0,0,7.36600963274638,0,12.3583424091339,0,0
10.6541482607524,0,4.59614261865616,0,10.6453312719372,0,0,0,3.25131930647609,0,0,0,0,0,3.9968135697501,0,4.41649347156673,0,0,0,0,0,0,0,0,0,0,0,0,0,0,0,0,0,0,0,0,0,0,0,0,0,26.9406458536784,0,0,0,0,0,2.95005322827233,0,5.33694092689022,0,0,0,7.81095774968465,0,2.83000711032322,0,3.02069429556529,0,0,0,0,0,0,0,0,0,0,0,0,0,0,0,0,0,0,0,0,46.7322120666504,0,0,7.11587399561354,0,19.5067642211914,0,26.734769821167
0,3.83741412162781,0,3.42727963959993,0,7.23540707996913,0,0,0,2.73668146133423,0,0,0,4.85877799987793,0,3.39193994171765,0,3.19397381373814,0,0,0,0,0,0,0,0,0,0,0,0,0,0,0,0,0,0,0,0,0,0,0,24.139333513048,0,0,0,0,0,0,0,4.45751411574228,0,5.24814910201703,0,0,0,5.16799236637677,0,0,0,0,0,0,0,0,0,0,0,0,0,0,0,0,0,0,0,0,0,0,0,0,0,0,4.02683005985032,0,24.3362973531087,0,0
0,0,0,20.2087154388428,0,26.7441711425781,0,0,0,0,0,5.4701737494611,0,0,0,0,55.6901494076377,61.4482358296712,43.3361272078294,4.15698737694212,0,0,0,0,0,0,0,0,0,0,0,0,0,0,0,7.83482187681231,0,4.25668961078197,0,5.00761238846769,0,18.9766352107759,60.1122144063314,33.1616871356964,71.4118118286133,9.33733756075759,65.7155426025391,0,0,27.0342365900675,0,0,0,0,0,0,76.1945877075195,5.51145936209377,0,0,0,0,0,0,0,0,0,0,0,0,0,0,9.15821573138237,0,0,0,0,0,10.3397131852848,0,0,0,12.6889663272434,0,12.1045854897222,27.8414351723411,62.1334457397461
23.8243124825614,0,26.5758359808671,0,0,0,6.12109136581421,0,0,0,3.2734517455101,0,0,0,0,0,54.5525373312143,58.3255627280787,42.7313767045231,0,7.07319823291498,0,60.901969909668,0,0,0,0,0,0,0,0,0,0,0,0,0,5.8994052166623,0,6.20381803512573,72.8703994750977,7.52951726874152,57.6516036987305,20.7162145826201,104.569046020508,22.601141064666,68.2769514719645,10.900961407004,0,29.9843978881836,0,0,0,13.9926307996114,0,0,0,8.45067178361767,0,8.11216862996419,0,0,0,0,0,0,0,0,0,0,0,0,0,0,39.53777551651,0,0,0,0,82.6782925923665,14.3875672144501,0,4.88405108451843,12.039809931139,0,14.1338768219372,58.1645278930664,27.8285594940186
0,0,0,0,0,0,0,0,0,0,0,0,0,0,0,0,0,6.5294754379674,0,0,0,4.4885732843088,0,6.43793197484612,0,6.46645899721094,0,3.58431270329849,0,0,0,0,0,0,36.574146270752,0,0,6.73698138404224,31.4110851287842,0,0,0,0,0,0,0,0,18.877434185573,0,5.31379225850105,0,0,0,0,0,0,0,0,0,0,0,0,0,0,0,0,5.93306793495496,0,6.30305163643577,0,3.78882122039795,0,0,0,0,0,0,0,0,0,6.1623470060306,36.0272941589355,9.50193495564647,3.87130296230316,33.0231647491455,0,0
0,0,0,0,0,0,0,0,0,0,0,0,0,0,0,0,4.22729404767354,0,0,0,0,0,3.79301680189199,0,5.63807701567809,0,3.90838670730591,0,0,0,0,0,0,0,0,0,0,32.7974166870117,12.766589372586,0,0,0,0,0,0,0,0,22.6256809234619,5.12999579209049,0,0,0,0,0,0,47.3830871582031,0,0,0,0,0,0,0,0,0,0,0,4.21020714198389,0,3.53182847854172,0,0,0,0,0,0,0,0,0,0,42.7708473205566,5.40406953748207,5.79189951482572,3.09947911898295,0,0,0
0,8.64036846160889,0,0,0,0,0,0,0,12.6075676083565,0,0,0,0,0,21.7444171905518,28.9144999186198,11.5669143492715,9.07695484161377,0,0,4.29931392119481,0,3.96798699585966,0,4.02116164183005,0,0,0,0,0,0,0,17.6537577311198,0,0,0,6.13922736224006,0,0,0,16.1422753334045,0,0,0,0,0,18.188684463501,0,7.52848050227532,0,0,0,0,0,9.68451646361688,0,0,0,0,0,0,0,0,5.93306793495496,0,0,0,3.6530205821991,0,6.97854832240513,0,0,0,0,0,21.6616182327271,0,0,0,12.3241619176808,0,10.5465384324392,0,6.99449252057821,0,0
0,0,0,0,0,0,0,0,5.07391484062393,0,0,0,0,0,0,0,5.91082960367203,0,0,0,0,0,6.67894916847104,0,4.484183444336,0,4.58983798821767,0,0,0,0,0,0,0,21.5538415908813,0,0,0,5.21768207091061,0,0,0,0,0,0,0,0,0,5.0456723112809,0,0,0,0,0,4.88525402359664,0,0,0,0,0,0,0,0,0,0,4.21020714198389,0,0,0,9.79901731014252,0,0,0,0,0,0,0,24.5140060243152,0,0,0,10.068169864631,4.641399047708,0,5.46198979371823,0,0
0,0,0,0,0,0,0,0,0,0,0,0,0,0,0,0,0,8.31244067351023,0,0,0,3.37015136082967,0,0,0,3.03541634877523,0,2.94381062189738,0,0,0,0,0,0,0,0,0,0,0,0,0,0,0,0,0,0,0,0,0,0,0,0,0,0,0,0,0,0,0,3.45203733444214,0,0,0,0,6.30305163643577,0,3.6530205821991,0,0,0,6.21610527556265,0,0,0,0,0,0,0,0,0,0,0,3.05179849863052,0,0,0,0
0,0,0,0,0,0,0,0,3.93806076049805,0,0,0,0,0,0,0,7.95759686070307,34.4021507609974,23.0485926408034,0,0,0,4.40483389181249,0,3.63050364364277,0,3.46088339745159,0,2.74469971656799,0,0,0,0,0,0,0,0,0,0,0,0,0,0,0,0,0,58.1777725219727,0,2.77896485328674,0,0,0,0,0,6.67357224813649,0,0,0,0,0,0,0,0,0,0,3.53182847854172,0,9.79901731014252,0,0,0,3.23725938796997,0,0,0,0,0,0,0,0,0,0,6.31025290239544,0,0,0,0
0,0,0,0,0,0,0,0,0,0,0,0,0,3.08456712677365,0,0,0,0,0,0,0,2.96549269732307,0,0,0,10.5730333328247,0,3.10115339311941,0,3.68986863925539,0,0,0,0,0,0,0,0,0,0,0,0,0,0,0,0,0,0,0,3.72031663273865,0,0,0,0,0,0,0,0,0,4.32864165306091,0,0,0,0,3.78882122039795,0,6.97854832240513,0,6.21610527556265,0,0,0,4.26216196456151,0,0,0,0,0,0,0,10.4014332358902,0,2.77501007226797,0,0,0,0
0,0,0,0,0,0,0,0,0,0,3.38830160058063,0,0,0,0,0,0,0,0,0,0,0,3.37478443980217,0,0,0,3.15362405776978,0,3.01177638296097,0,4.6457705718715,0,0,0,0,0,0,0,0,0,0,0,0,0,0,0,0,0,0,0,0,0,0,0,0,0,0,0,4.01100492477417,0,0,0,0,0,0,0,0,0,0,3.23725938796997,0,0,0,5.06117408188852,0,0,0,0,0,0,0,3.21560183631049,2.92299257306492,0,0,0,0
0,0,0,26.2853146394094,0,32.9154205322266,0,0,0,0,0,4.29492838107623,0,0,0,0,66.1101312637329,52.2182731628418,27.8941711849636,0,0,0,0,0,0,0,0,3.5890772819519,0,4.86649320130752,0,0,0,0,0,0,0,2.99963619158818,0,45.5802803039551,0,14.2951021671295,0,38.9334983825684,0,18.2752557482038,66.9729423522949,0,0,18.6599674701691,0,0,0,0,0,0,0,5.83423093660378,0,0,0,0,9.15821573138237,0,0,0,0,0,0,0,4.26216196456151,0,0,0,0,0,0,0,47.3424835205078,0,5.19448562290358,0,32.0210234075785,0,14.6895189767792,16.3151938120524,0
19.793643395106,0,28.0742826461792,0,0,0,0,0,0,0,0,0,0,0,0,0,50.3553380966187,54.370885848999,43.836793222735,0,0,0,0,0,0,0,0,0,3.40250708375658,0,3.3495400109381,0,0,0,0,0,0,0,2.74480956792831,0,46.7349319458008,0,15.2897354653079,0,37.6510766347249,0,39.8454962836372,0,15.3054652681538,0,0,0,0,0,0,0,4.91521687037008,0,0,0,0,0,0,39.53777551651,0,0,0,0,0,0,0,5.06117408188852,0,0,0,0,0,0,0,36.3577880859375,0,3.86150302710357,25.0216510323591,0,7.92138528329436,0,17.7384991049767
0,0,0,0,0,0,0,0,0,0,0,0,0,0,0,0,0,0,0,0,0,0,0,0,0,0,0,0,0,0,0,4.51717333373328,4.2528849972619,5.01729319055202,0,4.79188686500896,8.0663818359375,0,0,0,0,0,0,0,0,0,0,5.93482043342817,9.34078550338745,4.8291779756546,0,0,0,0,0,0,0,0,0,0,0,0,0,0,0,0,0,0,0,0,0,0,0,0,0,14.0673799514771,8.61003719932814,0,3.48934233557318,14.4834623336792,14.8456525802612,0,3.94569553732872,0,0,0,0
0,0,0,0,0,0,0,0,0,0,0,0,0,0,0,0,0,0,0,0,0,0,0,0,0,0,0,0,0,0,0,11.1484341079539,4.07315255515051,2.74140024185181,9.67249934031413,13.8725379943848,3.43375959767486,0,0,0,0,0,0,0,0,0,0,5.58940320502724,4.47280076698021,9.28125553131104,0,0,0,0,0,0,0,0,0,0,0,0,0,0,0,0,0,0,0,0,0,0,0,0,14.0673799514771,0,0,8.40291307969068,0,11.2114202427806,0,0,4.06223519802094,0,0,0,0
0,0,0,0,0,0,0,0,0,22.6928787231445,0,0,0,0,0,0,0,0,0,0,0,14.9972057342529,0,20.4020485877991,0,0,0,0,0,0,0,6.9448979695638,0,5.95502464519128,8.58211625558544,8.02562761306763,0,6.74075763369325,11.2448269980294,0,0,0,0,0,0,0,0,5.56013826344976,0,0,0,0,0,0,0,22.6259179115295,0,0,0,0,0,0,0,0,0,0,21.6616182327271,0,0,0,0,0,0,0,8.61003719932814,0,0,8.46555848275461,6.92618707632407,0,6.73580833396349,0,7.21715959463969,12.5151648521423,0,0,0
0,0,0,0,0,0,0,0,22.590003490448,0,0,0,0,0,0,0,0,0,0,0,0,0,0,0,0,0,0,0,0,0,0,19.7499338785807,10.2407850914813,5.036308826761,5.94623802077976,0,4.0396042869937,0,8.27367153484161,0,0,0,19.6576995168413,0,0,0,0,7.0679585645043,0,0,0,0,0,0,22.7017731666565,0,0,0,0,0,0,0,0,0,0,0,0,24.5140060243152,0,0,0,0,0,0,0,8.40291307969068,8.46555848275461,0,0,6.18172935267975,0,8.20666424411736,5.3305368880703,0,18.9331907629967,0,0
0,37.3721954345703,90.5220947265625,35.2906089109533,0,42.7145195007324,0,0,0,0,0,5.34884322985359,0,0,0,0,63.2421231117977,63.6604746942935,46.1417849439211,10.0394638430241,0,0,81.5070037841797,0,0,0,0,0,0,0,0,4.28984005676816,6.01339144056494,6.96912742894271,0,6.07919352640213,5.19157092554586,6.39406735527508,0,8.24074187357564,85.3783279418945,24.5980035815211,74.1998346116808,33.4116077730733,58.4092439015706,18.8176003184961,69.4780035018921,5.10322509164364,0,10.5190660147275,0,0,0,0,0,0,115.022575378418,33.1872232130596,0,0,0,0,10.3397131852848,82.6782925923665,0,0,0,0,0,0,0,0,47.3424835205078,0,3.48934233557318,0,6.92618707632407,0,0,37.730028110638,5.37312374767829,0,10.7732856928647,48.3149140675863,20.1973531807512,34.1037448823452,74.5005442301432
32.3090642293294,57.8374481201172,33.7614746002051,0,12.8605733351274,0,0,0,0,0,3.94525961279869,0,0,0,0,0,57.1897736390432,64.0723070356581,45.7387131492109,0,6.10068905026538,0,70.4822540283203,0,0,0,0,0,0,0,0,13.1467110663652,5.96973309784292,0,4.60719851708748,5.58363062466762,6.27260078923652,0,7.16752922301565,78.8295101589627,6.75177308988521,84.9791043599447,19.6220621386826,70.9569257100423,26.5225839329939,73.1548745291574,17.0509865377994,7.66094501868773,5.05789774719037,10.4962846636772,16.4355621337891,0,35.8994216918945,0,0,0,19.4432890036671,0,18.6921119689941,0,46.7322120666504,0,0,14.3875672144501,0,0,0,0,0,0,0,0,0,36.3577880859375,14.4834623336792,11.2114202427806,0,6.18172935267975,37.730028110638,0,0,5.9992474493825,9.98817217152422,10.190839005422,13.9979552548834,62.4982528686523,25.8580844778764
0,0,0,0,0,0,0,0,0,13.2095491811633,0,4.21199545059495,0,0,0,0,0,0,0,0,0,5.74816822660142,36.8736000061035,8.41157681502185,0,0,0,2.8146296342214,0,4.72797636826833,0,0,0,7.50561642074871,0,6.91627962417697,0,4.70583068695834,11.6444883942604,0,0,0,0,0,0,0,0,8.72855203697321,33.2853741645813,4.32025036275387,0,0,0,0,0,15.1507914606915,0,2.73695850372314,0,0,0,0,0,0,6.1623470060306,42.7708473205566,12.3241619176808,0,0,0,10.4014332358902,0,5.19448562290358,0,14.8456525802612,0,6.73580833396349,0,5.37312374767829,0,0,29.6485877566867,7.51296724926452,3.94754885513092,6.97791466664295,0,0
0,0,0,0,0,0,0,0,14.0914030196715,0,6.20523928172553,0,0,0,0,0,0,0,0,0,3.6782100642169,46.1738204956055,6.47256439886753,0,7.16293969551722,0,0,0,2.95189798672994,0,4.6411213691418,0,18.1768131256104,27.1205310821533,6.27830930212711,0,6.06261128814132,4.82468995577852,6.02331699199016,0,0,0,16.3529537916183,0,0,0,0,7.54852111071987,5.06399252779849,0,0,0,0,0,9.03589233096319,0,7.86367212023054,0,0,0,0,0,0,4.88405108451843,36.0272941589355,5.40406953748207,0,10.068169864631,0,0,0,3.21560183631049,0,3.86150302710357,0,0,0,8.20666424411736,0,5.9992474493825,29.6485877566867,0,5.71557795032596,3.55214369297028,12.5988130132122,0,0
