0,0,5.69540606127229,0,0,0,0,0,4.80647557993151,0,0,0,0,0,0,0,0,0,6.50274995962779,0,0,0,0,0,12.0937788009644,0,0,0,0,0,0,0,0,0,0,0,0,0,21.2010934012277,0,36.0024700994077,0,19.916770232274,0,9.45141744613647,0,17.5834102630615,24.6242668445294,8.1551976711192,45.6431541442871,0,0,0,0,5.38033264396074,0,0,0,0,0,8.12739074520949,0,0,0,0,0,0,11.1399418000252,0,0,0,0,0,30.6681926727295,0,0,0,0,0,37.0290775014393,0,34.9350280761719,11.1280804107929,0,11.2845414103772,0,14.3595527013143
0,0,0,8.6300135964439,0,0,0,0,0,5.13645405629102,0,0,0,0,0,0,38.2278175354004,18.0417308807373,14.5523827981949,0,0,0,0,6.94177795410156,0,4.8577995300293,0,0,0,0,0,0,0,0,0,0,0,34.9764518737793,0,36.3392267227173,0,22.0290679194159,0,0,0,24.3444017480921,0,45.9908695220947,0,9.53782597687882,0,0,0,0,0,5.61467083562322,0,18.5654828127693,0,0,0,4.2519090014897,32.7183414605948,0,0,0,4.76662230491638,0,0,0,25.124018351237,0,36.6019825254168,0,0,0,0,0,36.5934735701174,0,41.3411838926118,0,7.73540531918084,0,10.659651236736,22.8355179393993,0
5.69540606127229,0,0,0,10.6589925840411,0,0,0,6.43773837890119,0,0,0,0,0,0,0,64.7919120788574,0,47.4637060165405,0,10.3507437705994,0,0,0,0,0,0,0,0,0,0,0,0,0,0,0,16.5279349088669,48.2666702270508,0,0,34.3199377474578,40.2043479919434,30.7416783070219,0,0,55.6449991861979,24.7401103736287,40.7365436553955,18.4383536591587,43.2442700522287,8.65600580847665,0,0,0,7.81101283108866,0,7.0158426507314,0,6.0355707234943,0,5.62863832361558,0,0,9.47363242977544,0,0,0,0,0,0,0,0,0,30.9005006902358,0,0,0,0,90.7724533081055,34.7169684956713,0,39.1052401282571,14.0399783464485,15.502552986145,14.6486192301138,0,23.9266140586451
0,8.6300135964439,0,0,0,5.96997088133072,0,0,0,6.13291596702009,0,35.2732086181641,0,0,0,0,0,60.5044269561768,21.0285342080253,0,0,0,0,0,0,0,0,0,0,0,0,0,0,0,0,0,0,36.0698449271066,0,37.1077663197237,67.5053507486979,36.1339244161333,0,0,0,25.5500640780837,54.0749384562174,0,0,15.2340549945831,0,4.37814313027917,0,0,0,6.15080034438878,0,20.6461004128582,0,5.5484085893631,0,4.20678804505546,25.8392508213337,0,0,0,0,0,0,0,31.8610789225652,0,32.2046627178788,0,0,0,0,0,42.5060654690391,0,42.7644770622253,0,15.3883369325043,0,10.2674482952761,26.3525234858195,0
0,0,10.6589925840411,0,0,0,0,0,6.21932427750693,0,0,0,0,0,3.62829489707947,0,61.6022694905599,84.6054801940918,54.1837711334229,0,10.6607962503483,0,0,0,0,0,0,0,0,0,0,0,0,0,72.6728744506836,32.8703966140747,13.4781143997192,0,0,0,42.2293208478445,45.7024772644043,45.5989585015082,0,0,70.9885902404785,31.1828144966288,48.3885548909505,43.9776449203491,51.0178987603439,4.21722954294898,0,0,0,4.10038519805332,0,20.4391000952039,0,23.6546154022217,0,33.785961151123,0,0,11.1527493534944,0,0,0,0,0,0,0,0,0,46.2421620686849,0,0,0,0,0,24.6562523400175,0,49.2032392401444,9.08205382943652,33.1111221313477,20.9035382699201,0,55.1969771385193
0,0,0,5.96997088133072,0,0,0,0,0,2.99054879095496,0,0,0,0,0,0,0,0,0,3.64098339369803,0,0,0,0,0,0,0,0,0,0,0,0,0,0,0,17.2548324465752,0,0,0,40.506067276001,0,39.8917362213135,0,0,0,37.0796279907227,0,0,0,41.7951994809237,0,3.0672512948513,0,0,0,0,0,3.43914249965123,0,3.4843932390213,0,3.06317090988159,33.2072525024414,0,0,0,0,0,0,0,0,0,0,0,0,0,0,0,32.5392128626506,0,0,0,11.3143827367473,20.7889010111491,12.062139916724,0,0
0,0,0,0,0,0,0,0,0,0,3.48246049880981,0,3.24687094688416,0,0,0,0,0,0,0,2.95452241897583,0,0,0,0,0,0,0,0,0,0,0,0,0,0,0,21.7342319488525,0,0,0,0,0,0,0,0,0,0,0,0,0,0,0,4.22495440783955,0,0,0,3.74847429990768,0,3.71469211578369,0,0,0,0,0,0,0,0,0,0,0,0,0,0,0,0,0,0,0,0,0,0,0,2.99201344693982,0,2.73861479759216,0,0
0,0,0,0,0,0,0,0,0,0,0,0,0,2.92206162452698,0,0,0,0,0,3.1249189887728,0,0,0,0,0,0,0,0,0,0,0,0,0,0,0,0,0,0,0,0,0,0,0,0,0,0,0,0,0,0,0,0,0,2.82394075393677,0,0,0,2.84071898460388,0,2.9206448835986,0,0,0,0,0,0,0,0,0,0,0,0,0,0,0,0,0,0,19.4074363708496,0,0,0,2.98717354811155,0,5.69402821858724,0,0
4.80647557993151,0,6.43773837890119,0,6.21932427750693,0,0,0,0,0,0,0,0,0,3.14306681806391,0,8.75919841683429,0,5.61319293917679,0,0,0,0,0,4.34423749211808,0,3.89950517916309,0,0,0,0,0,0,0,0,0,0,0,6.9714708497039,0,38.5222557067871,41.372257232666,13.0826091234851,0,0,0,26.0956121444702,22.6102672576904,7.03593148825304,0,4.17069526630289,0,0,0,3.77233107764311,0,51.3380737304688,0,0,0,4.81324458122253,0,0,0,0,0,0,8.96748347615087,0,11.0063143457685,0,0,0,38.873537336077,0,0,0,0,0,44.8890514373779,0,9.33899150416255,5.99874240468634,18.3262991110484,8.69420749505911,0,9.28590869903564
0,5.13645405629102,0,6.13291596702009,0,2.99054879095496,0,0,0,0,0,0,0,0,0,4.62961669583474,33.9688100814819,8.75989027408638,7.99921980270973,0,0,0,0,4.19961806096529,0,24.56610924857,0,0,0,0,0,0,0,0,0,0,0,0,0,0,0,8.52739185094833,0,0,0,128.09814453125,0,0,0,4.77463011453616,0,0,0,0,0,5.6697687383252,0,0,0,0,0,4.47229649375948,0,0,0,0,4.14368180301194,0,2.9296458363533,0,0,0,0,0,0,0,0,0,0,0,9.52204546863086,0,4.5204839931121,12.2110862731934,6.34904277391274,0,0
0,0,0,0,0,0,3.48246049880981,0,0,0,0,0,3.10369277000427,0,0,0,0,0,0,0,3.22792281210423,0,0,0,0,0,0,0,2.74179849624634,0,3.50460466261833,0,0,0,0,0,5.92960874787692,0,3.17077555656433,0,0,0,0,0,0,0,0,0,0,0,0,0,0,0,0,0,5.38563659020833,0,0,0,0,0,0,4.7622623493274,0,0,0,0,0,0,0,2.74361574649811,0,5.58626359701157,0,0,0,0,0,0,0,3.5959649682045,3.05872236288987,0,0,0,0
0,0,0,35.2732086181641,0,0,0,0,0,0,0,0,0,3.06530587673187,0,0,0,0,44.7555847167969,3.41676375471939,0,0,0,0,0,0,0,2.7459921836853,0,6.06760549956355,0,0,0,0,0,3.09249915017022,0,2.91643008765052,0,0,0,52.4266147613525,0,0,0,38.2236394882202,0,0,0,0,0,2.73971748352051,0,2.95568037033081,0,0,0,4.3564641743646,0,3.35849856860994,0,0,8.62400007247925,0,0,0,0,0,0,0,2.88740786346229,0,2.83585102217538,0,0,0,0,0,62.5594360351563,0,0,0,5.43586135307948,2.73923873901367,11.6116509437561,0,0
0,0,0,0,0,0,3.24687094688416,0,0,0,3.10369277000427,0,0,0,4.38196169628817,0,0,0,0,0,0,0,0,0,0,0,0,0,4.76212477684021,0,0,0,0,0,0,0,0,0,0,0,0,0,0,0,0,0,0,0,0,0,0,0,3.67578726344638,0,0,0,8.06295582366316,0,3.79228022656342,0,11.9951658296585,0,0,0,0,0,0,0,0,0,0,0,0,0,0,0,0,0,0,0,0,0,3.07798709188189,0,0,0,0
0,0,0,0,0,0,0,2.92206162452698,0,0,0,3.06530587673187,0,0,0,3.36307706832886,0,0,0,0,0,0,0,0,0,0,0,3.47640618571529,0,0,0,0,0,0,0,0,0,0,0,0,0,0,0,0,0,0,0,0,0,0,0,0,0,0,0,0,0,0,0,3.21944481439879,0,0,0,0,0,0,0,0,0,0,3.08228668712434,0,0,0,0,0,0,0,0,0,0,0,3.38420583142175,3.12780303090171,0,0,0
0,0,0,0,3.62829489707947,0,0,0,3.14306681806391,0,0,0,4.38196169628817,0,0,0,9.17782363780709,0,0,0,0,0,0,0,4.54100370016254,0,4.78086573213011,0,0,0,0,0,0,0,0,0,0,0,0,0,0,0,0,0,0,0,0,0,12.2736301422119,0,3.94655359175897,0,0,0,3.01675577163696,0,0,0,5.45561324344592,0,3.68079449200049,0,0,0,0,0,0,0,0,0,0,0,0,0,0,0,0,0,0,0,0,0,0,0,0,0,0
0,0,0,0,0,0,0,0,0,4.62961669583474,0,0,0,3.36307706832886,0,0,0,5.37210705812029,0,0,0,0,0,2.74979209899902,0,3.06611430644989,0,0,0,0,0,0,0,0,0,0,0,0,0,0,0,0,0,0,0,0,0,0,0,3.58163034915924,0,0,0,0,0,5.19418193991222,0,0,0,0,0,4.80498641415646,0,0,0,0,0,0,2.80800573031108,0,0,0,0,0,0,0,0,0,0,0,0,0,3.42093315476277,3.8646610101064,0,0,0
0,38.2278175354004,64.7919120788574,0,61.6022694905599,0,0,0,8.75919841683429,33.9688100814819,0,0,0,0,9.17782363780709,0,0,22.124478213949,21.8663976860132,0,0,46.854595820109,3.86007919311523,0,4.44856737399923,36.7638014657157,3.99711296432897,0,0,0,0,0,0,0,0,0,0,89.1284713745117,0,91.5898317609515,66.6866270596864,56.270278617984,51.5040846781117,0,50.5840530395508,71.0351295471191,55.0322800485711,0,69.9504392797297,0,0,0,0,0,0,0,88.3732681274414,66.2865905761719,0,0,3.13722359339396,0,91.0923906962077,0,0,2.75393402576447,0,8.42842827647565,0,3.71441302255348,0,0,77.2380676269531,66.3387996128627,0,0,0,0,83.0081517503068,71.2501599318316,88.2086157365279,67.2844768280679,14.2996058276231,13.4791938727283,61.3752588570689,66.766205072403,46.1242379581227
0,18.0417308807373,0,60.5044269561768,84.6054801940918,0,0,0,0,8.75989027408638,0,0,0,0,0,5.37210705812029,22.124478213949,0,20.3841718477227,0,0,10.7992800030395,0,5.79809546208644,0,8.78805385352289,0,0,0,0,0,0,0,0,0,0,0,60.3146224021912,0,70.0767524582999,75.8778218541827,47.2591667759175,64.2930502891541,0,55.9990577697754,56.9816078043873,60.5489175085928,0,73.7220124637379,0,0,0,0,0,0,5.39794441928034,0,56.5989899268517,64.5658721923828,0,0,2.76290600950068,61.8512560786033,70.5746536254883,5.55793921152751,0,0,0,3.08642383055253,0,62.1051635742188,0,59.2561620263492,76.721776008606,0,0,0,0,69.1339490107385,74.3492949286173,62.7650389288464,79.6228006803072,13.9260565965302,8.68789194862195,56.2864778786171,43.9592223230998,60.9245920181274
6.50274995962779,14.5523827981949,47.4637060165405,21.0285342080253,54.1837711334229,0,0,0,5.61319293917679,7.99921980270973,0,44.7555847167969,0,0,0,0,21.8663976860132,20.3841718477227,0,51.9186815534319,0,0,0,0,0,49.1186272757394,0,0,0,0,0,0,0,0,0,0,53.1772918701172,48.5243926729475,0,59.2352504308245,46.5537225616469,31.4884540616662,28.7081414359693,0,15.4396625563156,43.883115488238,33.2485832673425,30.7226982116699,43.2675989810551,23.6229553222656,59.7059631347656,0,0,0,47.4306488037109,0,34.6065380096436,53.9749214031078,47.7232284545898,0,0,0,51.4820010814261,74.9338684082031,0,0,0,0,0,0,110.884330749512,0,49.0407844965637,32.0777214725366,0,0,0,0,56.7008218194122,48.410033973735,54.2823926273932,43.7376502932185,14.3564607263258,11.6491901069357,36.3339151343136,34.5334681465988,24.1125715907011
0,0,0,0,0,3.64098339369803,0,3.1249189887728,0,0,0,3.41676375471939,0,0,0,0,0,0,51.9186815534319,0,0,0,0,0,0,0,0,0,0,0,0,0,0,0,0,7.77916429187561,0,4.33956472575665,0,0,79.3944473266602,42.5819458961487,0,0,0,41.4191182000296,0,0,0,0,0,5.08086109161377,0,0,0,0,0,4.41906761977137,0,0,0,0,5.29282618482267,0,0,0,0,0,0,0,0,0,5.73665124719793,0,0,0,0,0,8.62181314753323,0,7.5750628789266,0,3.68523226261977,0,10.1109403979394,24.3176975250244,0
0,0,10.3507437705994,0,10.6607962503483,0,2.95452241897583,0,0,0,3.22792281210423,0,0,0,0,0,0,0,0,0,0,0,0,0,0,0,0,0,0,0,0,0,0,0,0,0,5.15890299298547,0,3.71757358974881,0,0,0,0,0,0,0,13.8551228841146,0,35.9907646179199,0,8.1300764977932,0,0,0,0,0,0,0,0,0,0,0,0,3.67656882535096,0,0,0,0,0,0,0,0,0,48.8941993713379,0,0,0,0,0,6.34228534168667,0,6.58256178042468,8.40711070424285,0,6.49533668941355,0,0
0,0,0,0,0,0,0,0,0,0,0,0,0,0,0,0,46.854595820109,10.7992800030395,0,0,0,0,2.91425177786085,5.96227479513797,0,2.95416808128357,0,4.0601641813914,0,0,0,0,0,0,0,0,0,3.64749714698533,0,0,0,0,0,0,0,0,0,0,0,5.89943500359853,0,0,0,0,0,0,0,0,0,0,0,0,0,0,5.16741050712241,0,7.16351120015408,0,4.88272786958545,0,7.64216593117781,0,0,0,0,0,0,0,0,0,18.1869556903839,0,4.10619070777645,4.05117033242252,0,0,0
0,0,0,0,0,0,0,0,0,0,0,0,0,0,0,0,3.86007919311523,0,0,0,0,2.91425177786085,0,0,4.84283784288087,0,2.83231616020203,0,3.12739566443623,0,0,0,0,0,0,0,0,3.83184519021407,6.22006751773658,0,0,0,0,0,0,0,0,0,4.83195660317816,41.2677383422852,0,0,0,0,0,0,0,0,0,0,0,0,0,0,3.01538306474686,5.37557267814935,0,4.92083504199982,0,6.9964382648468,0,6.2927074432373,0,0,0,0,0,0,0,0,4.4415876865387,13.8210969745498,5.06445286829563,5.23430130762212,0,0,0
0,6.94177795410156,0,0,0,0,0,0,0,4.19961806096529,0,0,0,0,0,2.74979209899902,0,5.79809546208644,0,0,0,5.96227479513797,0,0,0,4.91184685550519,0,0,0,0,0,0,0,0,0,0,0,3.2614913653078,0,0,0,5.39825034141541,0,0,0,0,0,0,0,9.22894877195358,0,0,0,0,0,5.47390710074326,0,0,0,0,0,5.22094187794662,0,0,6.15377631546563,0,3.65204761449028,0,3.44194751403531,0,13.8301248550415,0,0,0,0,0,0,0,0,0,10.3703591524837,0,5.01543846026144,0,4.30899974278041,0,0
12.0937788009644,0,0,0,0,0,0,0,4.34423749211808,0,0,0,0,0,4.54100370016254,0,4.44856737399923,0,0,0,0,0,4.84283784288087,0,0,0,3.82149354239141,0,0,0,0,0,0,0,0,0,0,0,5.8490823287309,0,0,0,0,0,0,0,0,0,0,0,0,0,0,0,6.73511491895681,0,0,0,0,0,8.89883997129357,0,0,0,0,5.05609826246897,0,4.44764632034302,0,4.79317576849639,0,0,0,0,0,0,0,0,0,0,0,7.01035922340659,4.2884435886128,4.22460550069809,3.53391929106279,0,0
0,4.8577995300293,0,0,0,0,0,0,0,24.56610924857,0,0,0,0,0,3.06611430644989,36.7638014657157,8.78805385352289,49.1186272757394,0,0,2.95416808128357,0,4.91184685550519,0,0,0,5.47129529301483,0,0,0,0,0,0,0,0,0,0,0,0,0,0,0,0,0,0,0,0,0,0,0,0,0,0,0,0,0,0,0,0,0,3.28333010880843,0,0,0,0,0,0,3.17102763158123,0,5.38957115375634,0,0,0,0,0,0,0,0,0,0,0,21.2666602253914,26.0760569572449,0,0,0
0,0,0,0,0,0,0,0,3.89950517916309,0,0,0,0,0,4.78086573213011,0,3.99711296432897,0,0,0,0,0,2.83231616020203,0,3.82149354239141,0,0,0,0,0,0,0,0,0,0,0,0,0,0,0,0,0,0,0,0,0,0,0,0,0,0,0,0,0,4.21583541579868,0,0,0,0,0,5.37212267788974,0,0,0,0,0,0,4.45490559347116,0,4.47693990620356,0,2.87956498650944,0,0,0,0,0,0,0,0,0,0,4.60173784270145,0,0,0,0
0,0,0,0,0,0,0,0,0,0,0,2.7459921836853,0,3.47640618571529,0,0,0,0,0,0,0,4.0601641813914,0,0,0,5.47129529301483,0,0,0,6.25518413703807,0,0,0,0,0,0,0,4.23600190026419,0,0,0,0,0,0,0,0,0,0,0,0,0,0,0,0,0,0,0,0,0,5.92499125003815,0,0,0,0,3.69952360321494,0,0,0,4.76236236868081,0,4.99179278820301,0,11.4360349539554,0,0,0,0,0,0,0,0,0,3.12618870546322,2.90844107510751,0,0,0
0,0,0,0,0,0,0,0,0,0,2.74179849624634,0,4.76212477684021,0,0,0,0,0,0,0,0,0,3.12739566443623,0,0,0,0,0,0,0,2.93651600984427,0,0,0,0,0,0,0,2.8393589258194,0,0,0,0,0,0,0,0,0,0,0,0,0,0,0,0,0,0,0,2.9481348991394,0,0,0,0,0,0,2.83116152368743,0,0,0,0,0,5.31604404674949,0,2.84457954764366,0,0,0,0,0,0,0,0,2.81273048856984,0,0,0,0
0,0,0,0,0,0,0,0,0,0,0,6.06760549956355,0,0,0,0,0,0,0,0,0,0,0,0,0,0,0,6.25518413703807,0,0,0,0,0,0,0,0,0,5.28105348481072,0,0,0,0,0,0,0,0,0,0,0,0,0,0,0,0,0,0,0,5.04661593880764,0,0,0,0,19.8634397983551,0,0,0,0,0,0,0,3.69140824249813,0,6.21612034420634,0,0,0,0,0,0,0,9.44400316018325,0,3.22485208511353,3.56501624067742,0,0,0
0,0,0,0,0,0,0,0,0,0,3.50460466261833,0,0,0,0,0,0,0,0,0,0,0,0,0,0,0,0,0,2.93651600984427,0,0,0,0,0,0,0,0,0,4.0729183803002,0,0,0,0,0,0,0,0,0,0,0,0,0,0,0,0,0,5.08226346969604,0,0,0,0,0,0,0,0,0,0,0,0,0,0,2.90986428722259,0,3.52288469208611,0,0,0,0,0,0,0,5.18781471252441,2.96519327163696,0,0,0,0
0,0,0,0,0,0,0,0,0,0,0,0,0,0,0,0,0,0,0,0,0,0,0,0,0,0,0,0,0,0,0,0,3.64515672222715,7.58767557144165,10.2453053792318,4.7294521411704,4.45210081994221,0,0,0,0,0,0,0,0,0,0,4.647930898895,0,12.4522452354431,0,0,0,0,0,0,0,0,0,0,0,0,0,0,0,0,0,0,0,0,0,0,0,0,4.48140818917075,12.7100045464256,0,9.19608270204984,8.29112968580765,11.2746974945068,0,0,3.03596913246881,0,0,0,0
0,0,0,0,0,0,0,0,0,0,0,0,0,0,0,0,0,0,0,0,0,0,0,0,0,0,0,0,0,0,0,3.64515672222715,0,2.77629820038291,9.75422369394547,23.6374852548946,15.4315438395044,0,0,0,0,0,0,0,0,0,0,6.80946186160253,0,0,0,0,0,0,0,0,0,0,0,0,0,0,0,0,0,0,0,0,0,0,0,0,0,0,4.94989716122091,10.4257160231437,0,6.01657790924186,4.87986365954081,19.7823305672674,0,0,3.4070474420275,0,0,0,0
0,0,0,0,0,0,0,0,0,0,0,0,0,0,0,0,0,0,0,0,0,0,0,0,0,0,0,0,0,0,0,7.58767557144165,2.77629820038291,0,4.40812161453532,2.96420845849173,0,3.15502295891444,2.7421817779541,0,0,0,0,0,0,0,0,3.84409026139312,0,12.7469825619145,0,0,0,0,0,0,0,0,0,0,0,0,0,0,0,0,0,0,0,0,0,0,0,0,28.2985634803772,0,3.84749542176723,6.26439141807052,8.61256006582459,0,4.57889857448515,0,4.20393082687447,0,0,0,0
0,0,0,0,72.6728744506836,0,0,0,0,0,0,0,0,0,0,0,0,0,0,0,0,0,0,0,0,0,0,0,0,0,0,10.2453053792318,9.75422369394547,4.40812161453532,0,0,5.3578623195383,0,6.1692801117897,0,73.5102233886719,16.1109275817871,0,0,0,0,69.9579086303711,5.58128037868483,5.40091632258507,16.3196549415588,0,0,0,0,0,0,0,0,0,0,0,0,0,0,0,0,0,0,0,0,0,0,0,0,0,10.1367358458894,4.93380472786499,4.26332750691429,0,26.4865052198109,0,2.83313879966736,5.64745407996139,0,13.3489180973598,0,0
0,0,0,0,32.8703966140747,17.2548324465752,0,0,0,0,0,3.09249915017022,0,0,0,0,0,0,0,7.77916429187561,0,0,0,0,0,0,0,0,0,0,0,4.7294521411704,23.6374852548946,2.96420845849173,0,0,4.36274625668979,5.03423977442528,4.3408784866333,8.78932508468628,54.1024894714355,18.878981590271,0,0,0,7.47261117486393,38.3683319091797,6.51697915054883,0,22.4315092869294,0,0,0,0,0,0,43.1241264343262,7.0825358191623,0,0,0,0,7.95250495860996,0,0,0,0,0,0,0,0,0,0,0,7.11652256857674,20.7421813867031,3.21693985636641,0,5.94064560712177,7.40776031005262,5.25613166498796,55.4554481506348,4.57998940403323,5.11798535188039,9.48663051594469,0,0
0,0,16.5279349088669,0,13.4781143997192,0,21.7342319488525,0,0,0,5.92960874787692,0,0,0,0,0,0,0,53.1772918701172,0,5.15890299298547,0,0,0,0,0,0,0,0,0,0,4.45210081994221,15.4315438395044,0,5.3578623195383,4.36274625668979,0,0,4.36049900517337,12.6495656967163,28.7055768966675,30.1029739379883,38.4449714933123,0,0,0,5.41020927619934,7.07612996111439,21.0533716943529,23.9201941976742,23.5511075381575,0,0,0,0,0,22.5687215535537,0,22.4243199030558,0,0,0,0,5.33991633790784,0,0,0,0,0,0,0,0,0,40.2288284301758,4.29029770195484,12.9976061544721,0,4.60458700579982,5.0305681203274,5.24712988751541,0,5.87008991174807,6.12328041838916,4.42872693263567,14.7831236158098,0,0
0,34.9764518737793,48.2666702270508,36.0698449271066,0,0,0,0,0,0,0,2.91643008765052,0,0,0,0,89.1284713745117,60.3146224021912,48.5243926729475,4.33956472575665,0,3.64749714698533,3.83184519021407,3.2614913653078,0,0,0,4.23600190026419,0,5.28105348481072,0,0,0,3.15502295891444,0,5.03423977442528,0,0,3.32563076462857,59.2858428955078,114.924545288086,35.9972490897545,66.5003128051758,0,0,46.9520053374462,0,6.60952731529017,0,7.44992928755911,0,0,0,0,0,0,0,4.62739304234,0,0,0,0,7.06124649806456,0,4.26794146953091,0,5.07498496499929,0,0,0,11.2546277046204,0,4.54271043238997,0,0,0,3.38827908039093,0,15.1221981379065,0,5.46427772357917,0,6.65865962789172,2.94525384902954,32.5433501023513,21.5375078964233,0
21.2010934012277,0,0,0,0,0,0,0,6.9714708497039,0,3.17077555656433,0,0,0,0,0,0,0,0,0,3.71757358974881,0,6.22006751773658,0,5.8490823287309,0,0,0,2.8393589258194,0,4.0729183803002,0,0,2.7421817779541,6.1692801117897,4.3408784866333,4.36049900517337,3.32563076462857,0,0,0,0,5.54805114534166,0,0,0,16.4843280315399,5.19715876513362,8.10912782448348,22.4302790164948,0,0,0,0,5.78628375234395,0,3.65963411331177,0,0,0,0,0,0,3.96224198784939,0,8.67083442459504,0,6.18005287969435,0,0,0,2.90637572800241,0,0,0,0,0,4.2315116126929,0,5.26120932763588,4.27562272548676,5.66507758419274,6.11854529834004,3.01948285102844,7.67105470147244,0,0
0,36.3392267227173,0,37.1077663197237,0,40.506067276001,0,0,0,0,0,0,0,0,0,0,91.5898317609515,70.0767524582999,59.2352504308245,0,0,0,0,0,0,0,0,0,0,0,0,0,0,0,0,8.78932508468628,12.6495656967163,59.2858428955078,0,0,70.6548555162218,28.105880411286,67.9137479994032,0,0,12.0103056905019,51.9520168304443,5.41116870443026,100.864074707031,8.75515326747188,0,0,0,0,64.0778121948242,0,0,52.2463638941447,0,0,0,0,7.7945848384643,0,0,0,0,0,0,0,51.2907778422038,0,29.3962143427366,0,0,0,0,0,11.9962152764424,88.1037178039551,17.1020356091586,87.009220123291,49.372988740788,0,17.6013107292153,37.623131947858,57.6170921325684
36.0024700994077,0,34.3199377474578,67.5053507486979,42.2293208478445,0,0,0,38.5222557067871,0,0,0,0,0,0,0,66.6866270596864,75.8778218541827,46.5537225616469,79.3944473266602,0,0,0,0,0,0,0,0,0,0,0,0,0,0,73.5102233886719,54.1024894714355,28.7055768966675,114.924545288086,0,70.6548555162218,0,50.4079209294235,24.0710209514116,0,28.6951354798816,70.6670071470971,15.8951037244021,26.8954885482788,14.3332800481824,60.5008930630154,44.8208533816867,0,0,0,40.6074314117432,0,41.7971073913574,65.7416572570801,40.065335114797,0,38.6705322265625,0,77.0948837280273,20.0852841510568,0,0,0,0,0,0,0,0,92.755074818929,47.243775539261,0,0,0,0,83.075042452131,30.2131567763334,93.7334010784443,56.7463176686589,43.84590941421,60.9024391174316,18.7561468431706,60.1333891216077,24.8879663220158
0,22.0290679194159,40.2043479919434,36.1339244161333,45.7024772644043,39.8917362213135,0,0,41.372257232666,8.52739185094833,0,52.4266147613525,0,0,0,0,56.270278617984,47.2591667759175,31.4884540616662,42.5819458961487,0,0,0,5.39825034141541,0,0,0,0,0,0,0,0,0,0,16.1109275817871,18.878981590271,30.1029739379883,35.9972490897545,0,28.105880411286,50.4079209294235,0,17.9993539962176,0,54.5837821960449,25.2532293362887,45.4245595296224,11.6420616257575,49.6978990691049,17.0553722168083,47.8438301086426,0,0,0,44.0565509796143,14.6009491682053,49.7767028808594,24.8859137334246,0,38.209858194987,0,38.4913635253906,34.4383948791859,56.4888229370117,0,0,0,0,0,0,26.7748417501096,0,23.6522263772277,58.4458797999791,0,0,0,0,31.867278303965,59.9404655590392,34.3848118163921,55.2686976771201,23.9628035642048,30.5979525201461,20.4150019805705,18.9006104835971,31.1390948392907
19.916770232274,0,30.7416783070219,0,45.5989585015082,0,0,0,13.0826091234851,0,0,0,0,0,0,0,51.5040846781117,64.2930502891541,28.7081414359693,0,0,0,0,0,0,0,0,0,0,0,0,0,0,0,0,0,38.4449714933123,66.5003128051758,5.54805114534166,67.9137479994032,24.0710209514116,17.9993539962176,0,0,41.2570552825928,56.0425721462642,33.5753147857957,14.4310395240784,22.3252667671632,46.8084812164307,47.2798859732492,0,0,0,36.4060118072911,0,27.0984499222193,61.300950050354,45.0453258861195,0,45.7525405883789,0,61.9818585713704,44.2473088370429,0,0,0,0,0,0,0,27.2280712127686,60.1228806177775,21.7419815989451,0,0,0,0,68.7276228124445,36.0720043911247,66.1318462371826,43.6660485863686,21.391022206502,37.2609350541059,19.1084074290227,38.9910537440602,15.2791509377602
0,0,0,0,0,0,0,0,0,0,0,0,0,0,0,0,0,0,0,0,0,0,0,0,0,0,0,0,0,0,0,0,0,0,0,0,0,0,0,0,0,0,0,0,0,0,0,0,0,0,0,0,0,0,0,0,0,0,0,0,0,0,0,0,0,0,0,0,0,0,0,0,0,0,0,0,0,0,0,0,0,0,5.26496458053589,0,6.56128331593105,0,0
9.45141744613647,0,0,0,0,0,0,0,0,0,0,0,0,0,0,0,50.5840530395508,55.9990577697754,15.4396625563156,0,0,0,0,0,0,0,0,0,0,0,0,0,0,0,0,0,0,0,0,0,28.6951354798816,54.5837821960449,41.2570552825928,0,0,42.9768575032552,19.5209179265159,0,39.9798793792725,0,0,0,0,0,0,0,0,0,0,0,0,0,0,0,0,0,0,0,0,0,0,0,0,23.8104362487793,0,0,0,0,50.872428894043,29.2087053934733,57.5713920593262,26.8170864317152,30.2830072402954,0,18.6266459002011,0,43.8753433227539
0,24.3444017480921,55.6449991861979,25.5500640780837,70.9885902404785,37.0796279907227,0,0,0,128.09814453125,0,38.2236394882202,0,0,0,0,71.0351295471191,56.9816078043873,43.883115488238,41.4191182000296,0,0,0,0,0,0,0,0,0,0,0,0,0,0,0,7.47261117486393,0,46.9520053374462,0,12.0103056905019,70.6670071470971,25.2532293362887,56.0425721462642,0,42.9768575032552,0,54.8952843655822,33.6933800379435,69.7684910297394,37.2983721599244,74.7322540283203,0,0,0,0,0,0,47.0943368175837,0,0,0,37.6917495727539,12.9340386494593,0,0,0,0,0,0,0,49.9712079366048,0,43.4472288404192,75.5895462036133,0,0,0,0,23.2968468963629,75.7304723201654,47.3398879090827,74.2417265574137,34.6685057280786,37.9494423185076,22.2650270792505,36.6241808874266,61.5471783955892
17.5834102630615,0,24.7401103736287,54.0749384562174,31.1828144966288,0,0,0,26.0956121444702,0,0,0,0,0,0,0,55.0322800485711,60.5489175085928,33.2485832673425,0,13.8551228841146,0,0,0,0,0,0,0,0,0,0,0,0,0,69.9579086303711,38.3683319091797,5.41020927619934,0,16.4843280315399,51.9520168304443,15.8951037244021,45.4245595296224,33.5753147857957,0,19.5209179265159,54.8952843655822,0,48.7560607147217,37.7411352595928,52.0516731474135,31.8479433388546,0,0,0,29.5700071879796,0,35.2838604450226,55.335412979126,29.691500544548,0,29.7203114827474,0,75.5196952819824,8.42030637167251,0,0,0,0,0,0,0,0,83.715539932251,30.8950604469545,0,0,0,0,64.2438552644518,20.606759706414,70.192128349753,25.7132157325745,26.1695988440178,41.4947162628174,20.4139454366776,51.7214770846897,41.7971910937079
24.6242668445294,45.9908695220947,40.7365436553955,0,48.3885548909505,0,0,0,22.6102672576904,0,0,0,0,0,0,0,0,0,30.7226982116699,0,0,0,0,0,0,0,0,0,0,0,0,4.647930898895,6.80946186160253,3.84409026139312,5.58128037868483,6.51697915054883,7.07612996111439,6.60952731529017,5.19715876513362,5.41116870443026,26.8954885482788,11.6420616257575,14.4310395240784,0,0,33.6933800379435,48.7560607147217,0,7.20917081399669,8.43208425449875,47.160173034668,0,0,0,0,0,49.3320827484131,0,43.5586789449056,0,0,0,0,0,0,22.1721725463867,0,0,0,0,36.1014671325684,0,0,38.7476811408997,7.38075876957017,7.53859740192337,3.02230591040391,13.9688247805056,8.79526296430289,7.00745528088166,18.8140885353088,12.8336054697269,6.83980606198311,3.76342166960239,9.79782045667113,0,28.348108291626
8.1551976711192,0,18.4383536591587,0,43.9776449203491,0,0,0,7.03593148825304,0,0,0,0,0,12.2736301422119,0,69.9504392797297,73.7220124637379,43.2675989810551,0,35.9907646179199,0,4.83195660317816,0,0,0,0,0,0,0,0,0,0,0,5.40091632258507,0,21.0533716943529,0,8.10912782448348,100.864074707031,14.3332800481824,49.6978990691049,22.3252667671632,0,39.9798793792725,69.7684910297394,37.7411352595928,7.20917081399669,0,14.9681294457666,46.04738789513,0,0,0,14.1401960452398,0,9.16185739603671,71.8078155517578,10.9646869075709,0,11.3656655575918,0,112.514366149902,24.7639627456665,0,5.39621863130663,0,6.73493181082307,0,4.99026690957131,0,6.59770577246288,81.8720092773438,14.0678062265359,0,0,0,0,96.8659484863281,19.238538576982,89.4091415405273,8.53993241609754,22.7839483122392,28.2374529838562,22.7125948748159,57.4838413662381,24.0038243009333
45.6431541442871,9.53782597687882,43.2442700522287,15.2340549945831,51.0178987603439,41.7951994809237,0,0,0,4.77463011453616,0,0,0,0,0,3.58163034915924,0,0,23.6229553222656,0,0,5.89943500359853,41.2677383422852,9.22894877195358,0,0,0,0,0,0,0,12.4522452354431,0,12.7469825619145,16.3196549415588,22.4315092869294,23.9201941976742,7.44992928755911,22.4302790164948,8.75515326747188,60.5008930630154,17.0553722168083,46.8084812164307,0,0,37.2983721599244,52.0516731474135,8.43208425449875,14.9681294457666,0,53.9455394744873,0,0,0,0,8.78758303018717,57.7837390899658,26.4557156971523,51.0541343688965,67.3872985839844,0,13.311621257237,45.8438905443464,0,6.24931321997161,0,5.28967404124713,0,0,0,11.9095650150548,0,39.2481774602618,68.0201416015625,10.4427058652595,16.0600900650024,0,0,30.0708288373495,55.7584649948847,8.25970112522568,43.1746082305908,13.9917284856837,23.5802694956462,12.5675041634152,27.2981714521136,0
0,0,8.65600580847665,0,4.21722954294898,0,0,0,4.17069526630289,0,0,0,0,0,3.94655359175897,0,0,0,59.7059631347656,0,8.1300764977932,0,0,0,0,0,0,0,0,0,0,0,0,0,0,0,23.5511075381575,0,0,0,44.8208533816867,47.8438301086426,47.2798859732492,0,0,74.7322540283203,31.8479433388546,47.160173034668,46.04738789513,53.9455394744873,0,0,0,0,4.44603881835937,0,3.13556069594163,0,4.15184577306112,0,3.10788832392011,0,0,8.3693643034119,0,0,0,0,0,0,0,0,0,42.1852556116441,0,0,0,0,117.882972717285,28.4627394034646,0,48.0162831819974,27.8851503640005,47.2881660461426,24.6646389611682,0,0
0,0,0,4.37814313027917,0,3.0672512948513,0,0,0,0,0,2.73971748352051,0,0,0,0,0,0,0,5.08086109161377,0,0,0,0,0,0,0,0,0,0,0,0,0,0,0,0,0,0,0,0,0,0,0,0,0,0,0,0,0,0,0,0,0,0,0,0,0,3.02115039030711,0,3.43856680206954,0,0,0,0,0,0,0,0,0,0,0,0,0,0,0,0,0,0,0,0,0,0,0,0,18.041444846562,0,0
0,0,0,0,0,0,4.22495440783955,0,0,0,0,0,3.67578726344638,0,0,0,0,0,0,0,0,0,0,0,0,0,0,0,0,0,0,0,0,0,0,0,0,0,0,0,0,0,0,0,0,0,0,0,0,0,0,0,0,0,0,0,2.79748845100403,0,4.80251888571114,0,0,0,0,0,0,0,0,0,0,0,0,0,0,0,0,0,0,0,0,0,0,0,3.2010581920396,0,0,0,0
0,0,0,0,0,0,0,2.82394075393677,0,0,0,2.95568037033081,0,0,0,0,0,0,0,0,0,0,0,0,0,0,0,0,0,0,0,0,0,0,0,0,0,0,0,0,0,0,0,0,0,0,0,0,0,0,0,0,0,0,0,0,0,0,0,0,0,0,0,0,0,0,0,0,0,0,0,0,0,0,0,0,0,0,0,0,0,0,2.94874376675178,0,0,0,0
5.38033264396074,0,7.81101283108866,0,4.10038519805332,0,0,0,3.77233107764311,0,0,0,0,0,3.01675577163696,0,0,0,47.4306488037109,0,0,0,0,0,6.73511491895681,0,4.21583541579868,0,0,0,0,0,0,0,0,0,0,0,5.78628375234395,64.0778121948242,40.6074314117432,44.0565509796143,36.4060118072911,0,0,0,29.5700071879796,0,14.1401960452398,0,4.44603881835937,0,0,0,0,0,0,0,12.0349941253662,0,6.62220247409173,0,0,0,0,0,0,5.76201905399666,0,0,0,0,0,43.5662352244059,0,0,0,0,0,51.7838502363725,0,8.93202703744173,10.1165685256322,0,10.8935983097457,0,27.4476594924927
0,5.61467083562322,0,6.15080034438878,0,0,0,0,0,5.6697687383252,0,0,0,0,0,5.19418193991222,0,5.39794441928034,0,0,0,0,0,5.47390710074326,0,0,0,0,0,0,0,0,0,0,0,0,0,0,0,0,0,14.6009491682053,0,0,0,0,0,0,0,8.78758303018717,0,0,0,0,0,0,0,0,0,3.51853992044926,0,4.98914444783313,29.6149253845215,0,0,0,3.65945842228239,0,0,0,0,0,0,0,0,0,0,0,0,0,8.30203897612435,0,7.99474813292424,0,15.8470868383135,34.2760124206543,0
0,0,7.0158426507314,0,20.4391000952039,0,3.74847429990768,0,51.3380737304688,0,5.38563659020833,0,8.06295582366316,0,0,0,88.3732681274414,0,34.6065380096436,0,0,0,0,0,0,0,0,0,0,0,5.08226346969604,0,0,0,0,43.1241264343262,22.5687215535537,0,3.65963411331177,0,41.7971073913574,49.7767028808594,27.0984499222193,0,0,0,35.2838604450226,49.3320827484131,9.16185739603671,57.7837390899658,3.13556069594163,0,2.79748845100403,0,0,0,0,0,5.84172122853143,0,10.2921156666496,0,0,8.04334174031797,0,0,0,0,0,0,0,6.98573155403137,0,5.26268904744791,0,0,0,0,0,21.6630698839823,0,25.2687720060349,30.7399480342865,0,11.1573561390061,0,44.2195358276367
0,18.5654828127693,0,20.6461004128582,0,3.43914249965123,0,2.84071898460388,0,0,0,4.3564641743646,0,0,0,0,66.2865905761719,56.5989899268517,53.9749214031078,4.41906761977137,0,0,0,0,0,0,0,0,0,5.04661593880764,0,0,0,0,0,7.0825358191623,0,4.62739304234,0,52.2463638941447,65.7416572570801,24.8859137334246,61.300950050354,0,0,47.0943368175837,55.335412979126,0,71.8078155517578,26.4557156971523,0,3.02115039030711,0,0,0,0,0,0,0,5.01391604250128,0,7.84370867411296,8.35491163988763,0,0,0,0,0,25.432767868042,0,9.58560592408227,0,8.85963365498851,0,0,0,0,0,50.8438076844087,96.0049336751302,34.7403317937311,0,17.4505924699233,36.3486595153809,13.0944911320402,17.8534681838372,76.7934417724609
0,0,6.0355707234943,0,23.6546154022217,0,3.71469211578369,0,0,0,0,0,3.79228022656342,0,5.45561324344592,0,0,64.5658721923828,47.7232284545898,0,0,0,0,0,0,0,0,0,2.9481348991394,0,0,0,0,0,0,0,22.4243199030558,0,0,0,40.065335114797,0,45.0453258861195,0,0,0,29.691500544548,43.5586789449056,10.9646869075709,51.0541343688965,4.15184577306112,0,4.80251888571114,0,12.0349941253662,0,5.84172122853143,0,0,0,6.39133955608835,0,0,12.7637625535329,0,0,0,0,0,0,0,3.38819058736165,0,41.5859413146973,0,0,0,0,0,28.5173941548665,0,42.5727863311768,15.3594030449467,0,16.2794776610386,0,0
0,0,0,5.5484085893631,0,3.4843932390213,0,2.9206448835986,0,0,0,3.35849856860994,0,3.21944481439879,0,0,0,0,0,0,0,0,0,0,0,0,0,5.92499125003815,0,0,0,0,0,0,0,0,0,0,0,0,0,38.209858194987,0,0,0,0,0,0,0,67.3872985839844,0,3.43856680206954,0,0,0,3.51853992044926,0,5.01391604250128,0,0,0,3.01709454400199,32.7453428904215,0,0,0,0,0,13.9171539306641,0,6.54371648536009,0,37.1967917548286,0,0,0,0,0,58.9263776143392,0,46.4955406188965,0,3.69334116126552,3.05871641635895,7.90926964933222,0,0
8.12739074520949,0,5.62863832361558,0,33.785961151123,0,0,0,4.81324458122253,0,0,0,11.9951658296585,0,3.68079449200049,0,3.13722359339396,0,0,0,0,0,0,0,8.89883997129357,0,5.37212267788974,0,0,0,0,0,0,0,0,0,0,0,0,0,38.6705322265625,0,45.7525405883789,0,0,0,29.7203114827474,0,11.3656655575918,0,3.10788832392011,0,0,0,6.62220247409173,0,10.2921156666496,0,6.39133955608835,0,0,0,0,0,0,0,0,17.273401260376,0,0,0,0,0,40.3227405548096,0,0,0,0,0,48.6612327575684,0,47.6137943267822,21.9543750286102,0,30.2946018576622,0,0
0,4.2519090014897,0,4.20678804505546,0,3.06317090988159,0,0,0,4.47229649375948,0,0,0,0,0,4.80498641415646,0,2.76290600950068,0,0,0,0,0,5.22094187794662,0,3.28333010880843,0,0,0,0,0,0,0,0,0,0,0,0,0,0,0,38.4913635253906,0,0,0,37.6917495727539,0,0,0,13.311621257237,0,0,0,0,0,4.98914444783313,0,7.84370867411296,0,3.01709454400199,0,0,33.5219917297363,0,0,0,6.23939073562622,0,3.00861036777496,0,0,0,37.4183108011881,0,0,0,0,0,0,0,0,0,3.16300781567891,0,7.22192687254686,0,0
0,32.7183414605948,0,25.8392508213337,0,33.2072525024414,0,0,0,0,0,8.62400007247925,0,0,0,0,91.0923906962077,61.8512560786033,51.4820010814261,5.29282618482267,0,0,0,0,0,0,0,0,0,19.8634397983551,0,0,0,0,0,7.95250495860996,0,7.06124649806456,0,7.7945848384643,77.0948837280273,34.4383948791859,61.9818585713704,0,0,12.9340386494593,75.5196952819824,0,112.514366149902,45.8438905443464,0,0,0,0,0,29.6149253845215,0,8.35491163988763,0,32.7453428904215,0,33.5219917297363,0,0,0,0,0,0,0,0,15.5173754575776,0,17.2002384391234,0,0,0,0,0,16.7536470091451,79.9756683349609,11.9273404710511,85.2943725585938,26.8675531895823,47.3647575378418,20.137781639175,44.1975111680872,57.8726387023926
0,0,9.47363242977544,0,11.1527493534944,0,0,0,0,0,4.7622623493274,0,0,0,0,0,0,70.5746536254883,74.9338684082031,0,3.67656882535096,0,0,0,0,0,0,0,0,0,0,0,0,0,0,0,5.33991633790784,0,3.96224198784939,0,20.0852841510568,56.4888229370117,44.2473088370429,0,0,0,8.42030637167251,0,24.7639627456665,0,8.3693643034119,0,0,0,0,0,8.04334174031797,0,12.7637625535329,0,0,0,0,0,0,0,0,0,0,0,0,0,0,27.1921641940162,0,0,0,0,0,6.07471398418085,0,4.62561615898802,6.94973092800693,0,9.41742236356941,0,90.6782073974609
0,0,0,0,0,0,0,0,0,0,0,0,0,0,0,0,0,5.55793921152751,0,0,0,5.16741050712241,3.01538306474686,6.15377631546563,0,0,0,3.69952360321494,0,0,0,0,0,0,0,0,0,4.26794146953091,0,0,0,0,0,0,0,0,0,0,0,6.24931321997161,0,0,0,0,0,0,0,0,0,0,0,0,0,0,0,0,4.82737158456307,0,6.84959775771051,0,10.3062844883937,0,0,0,0,0,0,0,0,0,10.5607924684186,0,5.72504374288744,4.64686298370361,0,0,0
0,0,0,0,0,0,0,0,0,0,0,0,0,0,0,0,2.75393402576447,0,0,0,0,0,5.37557267814935,0,5.05609826246897,0,0,0,2.83116152368743,0,0,0,0,0,0,0,0,0,8.67083442459504,0,0,0,0,0,0,0,0,22.1721725463867,5.39621863130663,0,0,0,0,0,0,0,0,0,0,0,0,0,0,0,0,0,0,5.24137130685916,0,5.34504487297752,0,4.96914434872465,0,0,0,0,0,0,0,0,0,11.3168027652513,6.69752527084671,6.64094543457031,0,0,0
0,4.76662230491638,0,0,0,0,0,0,0,4.14368180301194,0,0,0,0,0,0,0,0,0,0,0,7.16351120015408,0,3.65204761449028,0,0,0,0,0,0,0,0,0,0,0,0,0,5.07498496499929,0,0,0,0,0,0,0,0,0,0,0,5.28967404124713,0,0,0,0,0,3.65945842228239,0,0,0,0,0,6.23939073562622,0,0,4.82737158456307,0,0,0,6.67924211301856,0,12.3525267947804,0,0,0,0,0,0,0,0,0,6.49452770400092,0,3.88301175832748,0,4.62788635194302,0,0
11.1399418000252,0,0,0,0,0,0,0,8.96748347615087,0,0,0,0,0,0,0,8.42842827647565,0,0,0,0,0,4.92083504199982,0,4.44764632034302,0,4.45490559347116,0,0,0,0,0,0,0,0,0,0,0,6.18005287969435,0,0,0,0,0,0,0,0,0,6.73493181082307,0,0,0,0,0,5.76201905399666,0,0,0,0,0,17.273401260376,0,0,0,0,5.24137130685916,0,0,0,5.4592639620342,0,0,0,0,0,0,0,0,0,0,0,7.27360522203278,6.54802149846004,0,3.1204727490743,0,0
0,0,0,0,0,0,0,0,0,2.9296458363533,0,0,0,0,0,2.80800573031108,0,3.08642383055253,0,0,0,4.88272786958545,0,3.44194751403531,0,3.17102763158123,0,4.76236236868081,0,0,0,0,0,0,0,0,0,0,0,0,0,0,0,0,0,0,0,0,0,0,0,0,0,0,0,0,0,25.432767868042,0,13.9171539306641,0,3.00861036777496,0,0,6.84959775771051,0,6.67924211301856,0,0,0,8.31397097073153,0,0,0,0,0,0,0,0,0,0,0,4.01347657612392,0,0,0,0
0,0,0,0,0,0,0,0,11.0063143457685,0,0,0,0,0,0,0,3.71441302255348,0,0,0,0,0,6.9964382648468,0,4.79317576849639,0,4.47693990620356,0,0,0,0,0,0,0,0,0,0,0,0,0,0,0,0,0,0,0,0,0,4.99026690957131,0,0,0,0,0,0,0,0,0,0,0,0,0,0,0,0,5.34504487297752,0,5.4592639620342,0,0,0,8.47086347556477,0,0,0,0,0,0,0,0,0,0,6.45176187095109,0,0,0,0
0,25.124018351237,0,31.8610789225652,0,0,0,0,0,0,0,2.88740786346229,0,3.08228668712434,0,0,0,62.1051635742188,110.884330749512,0,0,7.64216593117781,0,13.8301248550415,0,5.38957115375634,0,4.99179278820301,0,3.69140824249813,0,0,0,0,0,0,0,11.2546277046204,0,51.2907778422038,0,26.7748417501096,0,0,0,49.9712079366048,0,36.1014671325684,0,11.9095650150548,0,0,0,0,0,0,0,9.58560592408227,0,6.54371648536009,0,0,15.5173754575776,0,10.3062844883937,0,12.3525267947804,0,8.31397097073153,0,0,0,6.10043586322239,0,0,0,0,0,49.1340389251709,0,5.70980101068988,0,23.4328048183368,3.81001930236816,26.4778390872626,18.4881107330322,0
0,0,0,0,0,0,0,0,0,0,2.74361574649811,0,0,0,0,0,0,0,0,0,0,0,6.2927074432373,0,0,0,2.87956498650944,0,5.31604404674949,0,2.90986428722259,0,0,0,0,0,0,0,2.90637572800241,0,0,0,27.2280712127686,0,0,0,0,0,6.59770577246288,0,0,0,0,0,0,0,6.98573155403137,0,3.38819058736165,0,0,0,0,0,0,4.96914434872465,0,0,0,8.47086347556477,0,0,0,3.82884110562942,0,0,0,0,0,0,0,4.04713652511763,2.87359404563904,0,16.6993853178891,0,16.6012544631958
0,36.6019825254168,0,32.2046627178788,0,0,0,0,0,0,0,2.83585102217538,0,0,0,0,77.2380676269531,59.2561620263492,49.0407844965637,5.73665124719793,0,0,0,0,0,0,0,11.4360349539554,0,6.21612034420634,0,0,0,0,0,0,0,4.54271043238997,0,29.3962143427366,92.755074818929,23.6522263772277,60.1228806177775,0,0,43.4472288404192,83.715539932251,0,81.8720092773438,39.2481774602618,0,0,0,0,0,0,0,8.85963365498851,0,37.1967917548286,0,37.4183108011881,17.2002384391234,0,0,0,0,0,0,0,6.10043586322239,0,0,70.5354690551758,0,0,0,0,46.4949790189664,90.4874893188477,9.51990184643689,96.9727554321289,28.105510317761,61.2307691574097,21.8615377653762,20.0455649038156,53.2815389633179
30.6681926727295,0,30.9005006902358,0,46.2421620686849,0,0,0,38.873537336077,0,5.58626359701157,0,0,0,0,0,66.3387996128627,76.721776008606,32.0777214725366,0,48.8941993713379,0,0,0,0,0,0,0,2.84457954764366,0,3.52288469208611,0,0,0,0,0,40.2288284301758,0,0,0,47.243775539261,58.4458797999791,21.7419815989451,0,23.8104362487793,75.5895462036133,30.8950604469545,38.7476811408997,14.0678062265359,68.0201416015625,42.1852556116441,0,0,0,43.5662352244059,0,5.26268904744791,0,41.5859413146973,0,40.3227405548096,0,0,27.1921641940162,0,0,0,0,0,0,0,3.82884110562942,70.5354690551758,0,0,0,0,0,77.0007991790771,57.6482365229358,69.9351654052734,6.19896918487549,39.9469121524266,45.9649276733398,16.9956380200448,59.7428367614746,20.2158106302811
0,0,0,0,0,0,0,0,0,0,0,0,0,0,0,0,0,0,0,0,0,0,0,0,0,0,0,0,0,0,0,4.48140818917075,4.94989716122091,28.2985634803772,0,7.11652256857674,4.29029770195484,0,0,0,0,0,0,0,0,0,0,7.38075876957017,0,10.4427058652595,0,0,0,0,0,0,0,0,0,0,0,0,0,0,0,0,0,0,0,0,0,0,0,0,0,17.826574160258,0,0,13.21612852573,15.4963300704956,0,0,4.71634982585907,0,0,0,0
0,0,0,0,0,0,0,0,0,0,0,0,0,0,0,0,0,0,0,0,0,0,0,0,0,0,0,0,0,0,0,12.7100045464256,10.4257160231437,0,10.1367358458894,20.7421813867031,12.9976061544721,0,0,0,0,0,0,0,0,0,0,7.53859740192337,0,16.0600900650024,0,0,0,0,0,0,0,0,0,0,0,0,0,0,0,0,0,0,0,0,0,0,0,0,17.826574160258,0,0,7.40667110050426,19.1222013727824,13.6837039261914,0,0,4.75951608249119,0,0,0,0
0,0,0,0,0,0,0,0,0,0,0,0,0,0,0,0,0,0,0,0,0,0,0,0,0,0,0,0,0,0,0,0,0,3.84749542176723,4.93380472786499,3.21693985636641,0,3.38827908039093,0,0,0,0,0,0,0,0,0,3.02230591040391,0,0,0,0,0,0,0,0,0,0,0,0,0,0,0,0,0,0,0,0,0,0,0,0,0,0,0,0,0,7.26980918248494,4.62806006874701,0,3.7534789060935,0,4.43477540356772,0,0,0,0
0,0,0,0,0,0,0,0,0,0,0,0,0,0,0,0,0,0,0,0,0,0,0,0,0,0,0,0,0,0,0,9.19608270204984,6.01657790924186,6.26439141807052,4.26332750691429,0,4.60458700579982,0,4.2315116126929,0,0,0,0,0,0,0,0,13.9688247805056,0,0,0,0,0,0,0,0,0,0,0,0,0,0,0,0,0,0,0,0,0,0,0,0,0,0,0,7.40667110050426,7.26980918248494,0,0,7.04316450454093,0,4.15416357517242,5.80847087386367,0,0,0,0
0,36.5934735701174,90.7724533081055,42.5060654690391,0,32.5392128626506,0,19.4074363708496,0,0,0,62.5594360351563,0,0,0,0,83.0081517503068,69.1339490107385,56.7008218194122,8.62181314753323,0,0,0,0,0,0,0,0,0,0,0,8.29112968580765,4.87986365954081,8.61256006582459,0,5.94064560712177,5.0305681203274,15.1221981379065,0,11.9962152764424,83.075042452131,31.867278303965,68.7276228124445,0,50.872428894043,23.2968468963629,64.2438552644518,8.79526296430289,96.8659484863281,30.0708288373495,117.882972717285,0,0,0,0,0,0,50.8438076844087,0,58.9263776143392,0,0,16.7536470091451,0,0,0,0,0,0,0,49.1340389251709,0,46.4949790189664,77.0007991790771,13.21612852573,19.1222013727824,4.62806006874701,0,0,58.6270596385002,16.2257749427604,84.9492721557617,44.8263786980184,62.8695805867513,32.6510103570722,30.6328020816295,74.4701919555664
