0,0,7.37886273860931,0,0,0,0,0,139.897099152207,0,0,0,0,0,0,0,2.72646874189377,2.94956627488136,126.209295079112,0,0,0,0,0,0,0,0,0,0,0,0,0,0,0,0,0,0.657334446907043,0,0,0,1.97204430401325,0,73.8254488110542,0,0,0,2.43566942214966,0,6.7173618376255,0,0,0,0,0,138.605012893677,0,10.1992916464806,0,0,0,30.9133368134499,0,0,3.76372703909874,0,0,0,0,0,0,0,0,0,4.73068131506443,0,0,0,0,0,6.56013903021812,0,6.48353372514248,100.336411371827,0,238.382553949952,0,2.59370324015617
0,0,0,85.5337050110102,0,0,0,0,0,182.874033898115,0,0,0,0,0,0,0,1.13548520207405,14.386192008853,0,0,0,0,0,0,0,0,0,0,0,0,0,0,0,0,0,0,0,0,0,0,59.2871199846268,0,0,0,0,0,0,0,213.640721336007,0,0,0,0,0,77.2949793338776,0,0,0,0,0,21.9816492944956,0,0,0,0,0,0,0,0,0,0,0,0,0,0,0,0,0,0,0,0,13.0288609564304,0,40.7374417185783,0,0
7.37886273860931,0,0,0,0.204563736915588,0,0,0,8.05392274260521,0,0,0,0,0,0,0,0,0,21.0304502248764,0,0.465923458337784,0,0,0,0,0,0,0,0,0,0,0,0,0,0,0,5.76604444533587,0,0,0,0.639738321304321,0,414.67609770596,0,0,0,20.3388041108847,0,3.60026395320892,0,115.235275641084,0,0,0,2.68131184577942,0,82.8026595264673,0,20.4380568861961,0,15.4858357161283,0,0,30.1890049800277,0,0,0,0,0,0,0,0,0,19.6392416507006,0,0,0,0,0,14.7571528926492,0,5.65954139828682,59.5024144053459,4.8963992446661,291.325427025557,0,22.2695760130882
0,85.5337050110102,0,0,0,189.303219884634,0,0,0,144.784386008978,0,0,0,0,0,0,3.49306654930115,2.49173811078072,51.3925429731607,0,0,0,0,0,0,0,0,0,0,0,0,0,0,0,0,2.6159875690937,0,0.705867528915405,0,25.2945948839188,0,296.700492799282,0.304629325866699,0,0,92.631889373064,0,0,0,42.5087443590164,0,94.5984643697739,0,0,0,185.24798566103,0,47.9007270932198,0,3.01045888662338,0,33.3163979947567,7.34500685334206,0,0,0,0,0,0,0,0,0,46.4096756279469,0,0,0,0,0,26.0564167127013,0,7.69441775977612,0,122.444432720542,5.89023303985596,569.931432396173,85.4427870959044,0
0,0,0.204563736915588,0,0,0,4.67581534385681,0,0,0,0,0,0,0,0,0,0,0,0,0,17.7096875011921,0,0,0,0,0,0,0,0,0,0,0,0,0,0,0,0,0,0,0,0,0,0,0,0,0,0,0,0,0,298.078480452299,0,90.9732049703598,0,0,0,9.14050394296646,0,0,0,13.4248539209366,0,0,15.1590227484703,0,0,0,0,0,0,0,0,0,0,0,0,0,0,0,0,0,0,103.390784144402,0,32.490853369236,0,0
0,0,0,189.303219884634,0,0,0,115.630366072059,0,48.7220330238342,0,0,0,57.9451153576374,0,69.6034112274647,0,0,10.6966874599457,17.679389834404,0,0,0,0,0,0,0,0,0,0,0,0,0,0,0,0.161659300327301,0,0,0,3.23054747283459,0,8.97479811310768,0,0,0,8.46971873939037,0,0,0,0,0,804.511390089989,0,23.0989205241203,0,0,0,13.2013018727303,0,52.3017708957195,0,21.1306438744068,60.2608066350222,0,0,0,0,0,0,0,0,0,5.05309680104256,0,0,0,0,0,5.43062135577202,0,0.485497042536736,0,999.964880228043,5.26121342182159,476.412595331669,3.9576124548912,0
0,0,0,0,4.67581534385681,0,0,0,0,0,50.0175278186798,0,0,0,0,0,0,0,0,0,0,0,0,0,0,0,0,0,0,0,0,0,0,0,0,0,0,0,0,0,0,0,0,0,0,0,0,0,0,0,9.72557175159454,0,313.563323289156,0,0,0,10.9293922185898,0,0,0,0,0,0,0,0,0,0,0,0,0,0,0,0,0,0,0,0,0,0,0,0,0,47.6194695830345,552.704727590084,0,0,0
0,0,0,0,0,115.630366072059,0,0,0,0,0,140.45141492784,0,28.9139272868633,0,0,0,0,0,23.3629003763199,0,0,0,0,0,0,0,0,0,0,0,0,0,0,0,0,0,0,0,0,0,0,0,0,0,0,0,0,0,0,0,12.4087338447571,0,406.371508508921,0,0,0,48.188409820199,0,23.1779668033123,0,0,133.87838844955,0,0,0,0,0,0,0,0,0,0,0,0,0,0,0,0,0,0,0,338.161668434739,21.2480549812317,0,0,0
139.897099152207,0,8.05392274260521,0,0,0,0,0,0,0,0,0,0,0,29.0822049379349,0,262.580537140369,28.0894591659307,15.5179664194584,0,0.367291212081909,0,0,0,2.72681015729904,0,70.3008368313313,0,0,0,0,0,0,0,0,0,0,0,1.01383098959923,0,2.42432999610901,0,2.35494551062584,0,0,0,0.333176791667938,0,5.9491121172905,0,0,0,0,0,507.630100518465,0,0,0,0,0,85.410874992609,0,0,0,0,0,0,0,0,18.1855721473694,0,0,0,0,0,0,0,0,0,0,0,12.5081101357937,440.43605171144,0,23.1519207060337,0,0
0,182.874033898115,0,144.784386008978,0,48.7220330238342,0,0,0,0,0,0,0,0,0,8.10075315833092,13.1382156014442,109.510509759188,0.313975393772125,0,0,0.704630792140961,0,28.6628867685795,0,0,0,0,0,0,0,0,0,12.0433619916439,0,0,0,237.635522320867,0,0,0,11.5112606585026,0,0,0,0,0,0,0,51.0164593011141,0,18.2010498046875,0,0,0,431.418488115072,0,0,0,0,0,10.2416215986013,0,0,0,0,0,0,0,0,0,0,0,0,0,0,0.354356646537781,0,0,0,61.4310228228569,0,927.173587679863,116.835745453835,171.532803595066,0.820288062095642,0
0,0,0,0,0,0,50.0175278186798,0,0,0,0,0,0,0,0,0,0,0,0,0,538.460719823837,0,0,0,0,0,0,0,0,0,0,0,0,0,0,0,182.125972270966,0,1808.65563970804,0,0,0,0,0,0,0,0,0,0,0,0,0,70.1044132709503,0,0,0,675.407120496035,0,62.2444331645966,0,0,0,0,4.99817109107971,0,0,0,0,0,0,0,0,0,4.72854469716549,0,0,0,0,0,0.828617691993713,0,150.077172785997,128.760280966759,0,0,0,0
0,0,0,0,0,0,0,140.45141492784,0,0,0,0,0,171.460354626179,0,0,0,0,0,156.189131587744,0,0,0,0,0,0,0,11.4570673704147,0,18.4108823537827,0,0,0,0,0,531.7974306494,0,1492.65885007381,0,0,0,0,0,0,0,2.19574016332626,0,0,0,0,0,1.56500381231308,0,46.9674712568521,0,0,0,1377.63620826602,0,64.1118670701981,0,0,165.658684581518,0,0,0,0,0,0,0,0,0,37.0299082249403,0,0,0,0,0,121.20135101676,0,372.389922350645,0,345.284968450665,0,14.3378618061543,0,0
0,0,0,0,0,0,0,0,0,0,0,0,0,0,60.0013548731804,0,0,0,0,0,0,0,0,0,0,0,0,0,0,0,0,0,0,0,0,0,0,0,0,0,0,0,0,0,0,0,0,0,0,0,0,0,13.0948200821877,0,0,0,0,0,778.816873401403,0,10.2650535702705,0,0,0,0,0,0,0,0,0,0,0,0,0,0,0,0,0,0,0,0,0,187.915582895279,212.758689343929,0,0,0
0,0,0,0,0,57.9451153576374,0,28.9139272868633,0,0,0,171.460354626179,0,0,0,476.208451390266,0,0,0,0,0,0,0,0,0,0,0,0,0,0,0,0,0,0,0,0,0,0,0,0,0,0,0,0,0,0,0,0,0,0,0,112.264515161514,0,33.2298758625984,0,0,0,30.7242102921009,0,761.078965365887,0,33.1002199649811,0,0,0,0,0,0,0,0,0,0,0,0,0,0,0,0,0,0,0,0,599.740525245667,34.3883883357048,0,0,0
0,0,0,0,0,0,0,0,29.0822049379349,0,0,0,60.0013548731804,0,0,0,188.336934268475,8.05047801136971,0,0,0,0,0.344429850578308,0,0,0,56.5913898050785,0,0,0,0,0,0,0,0,0,0,0,0,0,0,0,0,0,0,0,0,0,0,0,0,0,0,0,2.81061327457428,0,0,0,401.078218370676,0,86.3882230520248,0,0,0,0,0,0,0,0,33.5125291347504,0,0,0,0,0,0,0,0,0,0,0,0,73.7491551041603,37.7004747390747,0,0,0
0,0,0,0,0,69.6034112274647,0,0,0,8.10075315833092,0,0,0,476.208451390266,0,0,5.60827824473381,124.41311776638,3.35946403443813,0,0,0.741003453731537,0,0,0,4.20944511890411,0,0,0,0,0,0,0,0,0,0,0,0,0,0,0,0,0,0,0,0,0,0,0,0,0,69.0438434779644,0,0,0,86.4967530965805,0,0,0,287.33265465498,0,447.305455863476,0,0,0,0,0,0,0.773629903793335,0,0,0,0,0,0,0,0,0,0,0,0,0,840.150169372559,311.663614064455,0.998412311077118,0,0
2.72646874189377,0,0,3.49306654930115,0,0,0,0,262.580537140369,13.1382156014442,0,0,0,0,188.336934268475,5.60827824473381,0,13382.1200170666,3684.046470806,0,1.00323867797852,226.886349827051,409.018974483013,1.9023717045784,67.4854201078415,108.739103898406,2619.90558829904,0,70.7974924147129,0,0,0,0,0,0.633040845394135,4.89516355097294,16.331765383482,0,0,118.031282112002,22.6557935476303,55.2751548439264,44.9960290417075,3.84140300750732,0.610309422016144,47.3512878865004,32.271183848381,0,3.69559049606323,0,0,0,0,0,64.4403075426817,0,3.44348628818989,0.233115345239639,0,0,0,12.4397031366825,5.23434112966061,7.00847531855106,0,0,0,9.20774918794632,0.830491662025452,83.8408806324005,0,0,0.779755353927612,0.664376437664032,0,0,0,0,79.6095421090722,161.263934761286,1.80820912122726,13.441502340138,11499.2964014411,2570.32651892304,246.406853549182,18.4152363836765,9.98746064305305
2.94956627488136,1.13548520207405,0,2.49173811078072,0,0,0,0,28.0894591659307,109.510509759188,0,0,0,0,8.05047801136971,124.41311776638,13382.1200170666,0,2900.41208488494,0,0,1902.28039077669,15.309141099453,52.7004379183054,0.526973843574524,2181.01311649382,119.082913011312,55.4358613193035,0,0,0,0,0,0,0,7.1170646995306,9.33487399667501,0,0,66.7942496538162,14.2702571600676,66.4490038901567,22.0128315389156,0.333897709846497,0.509628087282181,24.7975045889616,14.0760345309973,0,0,0,0,0,0,0,15.3172483146191,40.2627305984497,0.504266381263733,1.52440756559372,0,0,0,99.5276093631983,5.9054371714592,2.90548019856215,60.0643038600683,0,0.33528596162796,1.04281866550446,78.612018764019,4.37225610017776,4.51222193241119,0,3.8810943365097,2.86689026653767,0,0,0,0,60.0381187275052,73.9853442236781,4.09594541788101,6.41317267715931,9187.84115736932,907.536144331098,111.68053240329,25.423403814435,6.20700044929981
126.209295079112,14.386192008853,21.0304502248764,51.3925429731607,0,10.6966874599457,0,0,15.5179664194584,0.313975393772125,0,0,0,0,0,3.35946403443813,3684.046470806,2900.41208488494,0,0,0,46.564160913229,1.07535588741302,1.8843412399292,0,46.829193726182,54.2545444592834,0,0,0,0,0,0,0,0,61.134459413588,146.98721408844,0.420892119407654,1.08234739303589,1198.53050737828,297.981073878706,1135.70479908586,811.716512151062,49.5637739449739,33.3582951277494,305.281823121011,374.540707617998,0,20.0970915108919,0,0,0.192519620060921,0,0,1.63817235827446,0,76.690564095974,47.4211812764406,0,0,0,2.7843209207058,59.5847886800766,89.1469107866287,0,0,0,0,0,4.71995963156223,0,0,34.1784068793058,48.6792701333761,0,0,0,0,803.361168332398,1623.57928228378,47.9879633933306,181.287566803396,4164.98870911449,4.05971902608871,3096.99916724116,465.831253431737,279.139025829732
0,0,0,0,0,17.679389834404,0,23.3629003763199,0,0,0,156.189131587744,0,0,0,0,0,0,0,0,0,0,0,0,0,0,0,0,0,0,0,0,0,0,0,1071.48369169235,0,104.127293348312,0,0,0,0,0,0,0,3.29742884635925,0,0,0,0,0,0,0,0,0,0,0,5.00303603708744,0,0,0,0,1526.27062499523,0,0,0,0,0,0,0,0,0,0,0,0,0,0,0,426.255532518029,0,0.213545680046082,0,185.873971834779,0.299165934324265,84.3303330689669,0,0
0,0,0.465923458337784,0,17.7096875011921,0,0,0,0.367291212081909,0,538.460719823837,0,0,0,0,0,1.00323867797852,0,0,0,0,0,0,0,0,0,0,0,0,0,0,0,0,0,0,0,852.055621996522,0,4.94122421741486,0,0,0,2.65071821212769,0,0,0,17.5580091774464,0,0,0,117.951649308205,0,1.92732736468315,0,0,0,264.142440780997,0,0.274020820856094,0,0,0,0,714.487945057452,0,0,0,0,0,0,0,0,0,0,0,0,0,0,0,245.369961082935,0,0,89.1958054900169,4.36132480204105,28.3906218707561,0,0
0,0,0,0,0,0,0,0,0,0.704630792140961,0,0,0,0,0,0.741003453731537,226.886349827051,1902.28039077669,46.564160913229,0,0,0,265.985133886337,36.2771755456924,2.9227614402771,85.9654958844185,0,58.8226690590382,0,0,0,0,0,0,0,0,1.32280790805817,1575.0121742785,0,1.07705041766167,0,0.178019180893898,0,0,0,0,0,36.7920374572277,0,60.5599391758442,0,0,0,0,0,0.273001700639725,0,0,0,0,0,2.51662892103195,0,0,4382.89334124327,8.7071453332901,29.7744539231062,0,103.737593024969,0,2.80624705553055,0,0,0,0,0,0,0,0.167526677250862,0.126139730215073,726.944666609168,0,1208.10083949566,224.330713510513,16.5286640375853,0,0
0,0,0,0,0,0,0,0,0,0,0,0,0,0,0.344429850578308,0,409.018974483013,15.309141099453,1.07535588741302,0,0,265.985133886337,0,0,95.8306834101677,0,88.2797189950943,0,55.9034051895142,0,0,0,0,0,0,0,0,0,637.13265748322,0.176592320203781,0,0,0,0,0,0,0,0,3.12416356801987,0,0,0,0,0,0,0,0,0,0,0,0,0,0,0,11.4072333574295,4331.47554217279,0,2.51090750098228,0,92.1742880344391,0,33.6296313107014,0,0,0,0,0,0,0,0,0,112.248458355665,615.907629430294,191.722424447536,0.753853976726532,0,0
0,0,0,0,0,0,0,0,0,28.6628867685795,0,0,0,0,0,0,1.9023717045784,52.7004379183054,1.8843412399292,0,0,36.2771755456924,0,0,0,98.0221801996231,0,0,0,0,0,0,0,0,0,0,0,78.6488747596741,0,0,0,0.599480748176575,0,0,0,0,0,0.610528826713562,0,0.399730861186981,0,0,0,0,0,13.4656808674335,0,0,0,0,0,0,0,0,211.97039681673,0,134.253698557615,0,38.2053248882294,0,0,0,0,0,0,0,0,0,0,0,22.5269557982683,0,91.8562443256378,0,66.6219252496958,0,0
0,0,0,0,0,0,0,0,2.72681015729904,0,0,0,0,0,0,0,67.4854201078415,0.526973843574524,0,0,0,2.9227614402771,95.8306834101677,0,0,0,140.584347486496,0,0,0,0,0,0,0,0,0,0,0,181.474290013313,0,0,0,0,0,0,0,0,1.3555098772049,0,0,0,0,0,0,13.9758097231388,0,0,0,0,0,9.86688435077667,0,0,0,0,8.74746096134186,0,137.282575756311,0,399.498745769262,0,0,0,0,0,0,0,0,0,0,0,94.015833824873,184.718469172716,0,162.997368067503,0,0
0,0,0,0,0,0,0,0,0,0,0,0,0,0,0,4.20944511890411,108.739103898406,2181.01311649382,46.829193726182,0,0,85.9654958844185,0,98.0221801996231,0,0,1.84696614742279,51.3332282304764,0,0,0,0,0,0,0,0.173278376460075,0,0,0,2.28908228874207,0,2.2548446059227,0,0,0,0,0,0,0,0,0,0,0,0,0,0,0,0,0,0,0,0,0,0,37.4076064825058,0,9.30500268936157,0,590.65544128418,0,39.1686650514603,0,0,0,0,0,0,0,0,0,0,0,138.950588181615,0,0.214096084237099,0.73008120059967,0
0,0,0,0,0,0,0,0,70.3008368313313,0,0,0,0,0,56.5913898050785,0,2619.90558829904,119.082913011312,54.2545444592834,0,0,0,88.2797189950943,0,140.584347486496,1.84696614742279,0,0,72.3637608289719,0,0,0,0,0,0,0,0,0,0,0.219444498419762,0,1.01061141490936,0.213787734508514,0,0,0,0,0,0,0,0,0,0,0,6.37812447547913,0,0.219790831208229,0,0,0,11.5976020097733,0.21850748360157,0,0,0,0,0,23.7452113628387,0,64.2330194711685,0,0,0,0,0,0,0,0,0.576184928417206,0,0,0,442.654803648591,2.8870522081852,0.290052741765976,0.678413525223732,0
0,0,0,0,0,0,0,0,0,0,0,11.4570673704147,0,0,0,0,0,55.4358613193035,0,0,0,58.8226690590382,0,0,0,51.3332282304764,0,0,0,915.672871947289,0,0,0,0,0,0,0,0,0,0,0,0,0,0,0,0,0,0,0,0,0,0,0,0,0,0,0,23.965650588274,0,0,0,0,0,0,1.53352645039558,0,0,0,89.9551439285278,0,275.472864329815,0,96.9140311479568,0,0,0,0,0,0,0,3.52322664856911,0,0,0,0,0,0
0,0,0,0,0,0,0,0,0,0,0,0,0,0,0,0,70.7974924147129,0,0,0,0,0,55.9034051895142,0,0,0,72.3637608289719,0,0,0,244.880373001099,0,0,0,0,0,0,0,32.4421896934509,0,0,0,0,0,0,0,0,0,0,0,0,0,0,0,0,0,0,0,0,0,0,0,0,0,0,52.428791359067,0,0,0,29.7771911323071,0,194.40742751956,0,0,0,0,0,0,0,0,0,0,0.966951727867126,2,0,0,0
0,0,0,0,0,0,0,0,0,0,0,18.4108823537827,0,0,0,0,0,0,0,0,0,0,0,0,0,0,0,915.672871947289,0,0,0,0,0,0,0,0,0,327.140115231276,0,0,0,0,0,0,0,0,0,0,0,0,0,0,0,0,0,0,0,0.166944891214371,0,5.52848124504089,0,0,0,0,0,0,0,0,0,0,280.203768670559,0,832.959141269326,0,0,0,0,0,0,0,268.919935822487,0,20.3663898408413,0,0,0,0
0,0,0,0,0,0,0,0,0,0,0,0,0,0,0,0,0,0,0,0,0,0,0,0,0,0,0,0,244.880373001099,0,0,0,0,0,0,0,0,0,127.07921308279,0,0,0,0,0,0,0,0,0,0,0,0,0,0,0,0,0,1,0,0,0,0,0,0,0,0,0,0,0,0,0,0,165.812751799822,0,111.009759485722,0,0,0,0,0,0,0,6.00923848152161,14.2741627693176,0,0,0,0
0,0,0,0,0,0,0,0,0,0,0,0,0,0,0,0,0,0,0,0,0,0,0,0,0,0,0,0,0,0,0,0,568.712672650814,54.3019496202469,0,861.873487323523,34.719053030014,0,0,0,0,0,0,0,0,0,0,1690.41946083307,0,0,0,0,0,0,0,0,0,0,0,0,0,0,0,0,0,0,0,0,0,0,0,0,0,0,516.136236906052,207.163041710854,59.3373330533504,0,518.157870471478,8.43947631120682,0,0,215.5145573318,0,0,0,0
0,0,0,0,0,0,0,0,0,0,0,0,0,0,0,0,0,0,0,0,0,0,0,0,0,0,0,0,0,0,0,568.712672650814,0,2.72347751259804,0,0,676.003118216991,0,0,0,0,0,0,0,0,0,0,1044.637812078,0,0,0,0,0,0,0,0,0,0,0,0,0,0,0,0,0,0,0,0,0,0,0,0,0,0,138.978227287531,1217.24326492846,25.9658911526203,0,18.8195313811302,757.306768327951,0,0,40.0154593884945,0,0,0,0
0,0,0,0,0,0,0,0,0,12.0433619916439,0,0,0,0,0,0,0,0,0,0,0,0,0,0,0,0,0,0,0,0,0,54.3019496202469,2.72347751259804,0,312.354420930147,337.284042164683,0,231.173127427697,82.8185896277428,0,0,0,0,0,0,0,0,696.133941590786,1.12684333324432,8.97407293319702,0,0,0,0,0,18.8153077065945,0,0,0,0,0,0,0,0,0,0,0.992751151323318,0,0,0,0,0,0,0,22.3066721856594,0,1154.10043355823,254.774459689856,440.834150731564,0,597.86533048749,0,76.2456449568272,0,0,0,0
0,0,0,0,0,0,0,0,0,0,0,0,0,0,0,0,0.633040845394135,0,0,0,0,0,0,0,0,0,0,0,0,0,0,0,0,312.354420930147,0,0,939.166394859552,6.15025846660137,203.512295126915,0,0,0,0,0,0,0,0,423.865170836449,0,0,0,0,0,0,0,0,0,0,0,0,0,0,0,0,0,0,0,0,0,0,0,0,0,0,0,0,157.804317623377,2275.71255634725,15.575606584549,1062.07354713976,10.7845188081264,173.160911515355,2.1456151008606,0,0,0,0
0,0,0,2.6159875690937,0,0.161659300327301,0,0,0,0,0,531.7974306494,0,0,0,0,4.89516355097294,7.1170646995306,61.134459413588,1071.48369169235,0,0,0,0,0,0.173278376460075,0,0,0,0,0,861.873487323523,0,337.284042164683,0,0,1086.64307594299,1953.5590634644,13.0960347652435,24.1618758514524,0,53.9597216174006,0,1.20723494142294,0,160.652482330799,0.495414704084396,79.7740567624569,63.3675121068954,48.428283393383,0,0,0,0,0,0,0,62.0205552428961,0,0,0,0,977.20871283859,0,0,0,0,0,0,0,0,0,0.969363212585449,0,297.506189852953,1.1137113571167,244.732888817787,0,16394.695579946,198.290155172348,96.5964128747582,13.3407517075539,3407.57022539526,484.369580209255,212.440049521625,16.9556991830468,0.719217419624329
0.657334446907043,0,5.76604444533587,0,0,0,0,0,0,0,182.125972270966,0,0,0,0,0,16.331765383482,9.33487399667501,146.98721408844,0,852.055621996522,1.32280790805817,0,0,0,0,0,0,0,0,0,34.719053030014,676.003118216991,0,939.166394859552,1086.64307594299,0,0,2085.11196987331,2.17773251235485,46.7455740459263,3.9466345757246,118.385895289481,0,4.11016055196524,2.22754973173141,133.907322861254,45.4682175070047,50.1100782193244,0,2.11650314182043,0,0,0,0,0,64.3055625334382,0,0.121366202831268,0,0,0,0,472.299461625516,0,0,0,0,0,0,0,0,0,0.381961219012737,152.783506512642,121.396151572466,0,161.33115119487,8.86717537045479,12310.5233806744,0,798.684674263,1810.23718518764,164.782167479396,261.261398330331,0.333056956529617,39.9670467525721
0,0,0,0.705867528915405,0,0,0,0,0,237.635522320867,0,1492.65885007381,0,0,0,0,0,0,0.420892119407654,104.127293348312,0,1575.0121742785,0,78.6488747596741,0,0,0,0,0,327.140115231276,0,0,0,231.173127427697,6.15025846660137,1953.5590634644,0,0,419.992740660906,0,0,0,0,0,0,2.60706815123558,0,1066.76427336037,0,856.721225962043,0,0,0,0,0,141.847843438387,0,142.338998794556,0,0,0,0,45.231420814991,0,174.53466437757,0,213.608468040824,0,0,0,50.2568466663361,0,13.2841799855232,0,0,0,38.6652322411537,11.3795717954636,1879.47718849778,0,9071.73059928417,239.504756093025,1493.43872185051,275.655322313309,159.255868703127,1.10377535223961,0
0,0,0,0,0,0,0,0,1.01383098959923,0,1808.65563970804,0,0,0,0,0,0,0,1.08234739303589,0,4.94122421741486,0,637.13265748322,0,181.474290013313,0,0,0,32.4421896934509,0,127.07921308279,0,0,82.8185896277428,203.512295126915,13.0960347652435,2085.11196987331,419.992740660906,0,0,0,0,1.62776501476765,0,0.693938970565796,0,1.24206028133631,326.393015980721,421.740105554461,0,0,0,0,0,36.7041032314301,0,69.4035525023937,0,0,0,0,0,0,1.02096906304359,0,700.261833161116,0,371.305068939924,0,0,0,31.7716385126114,0,1.22807669639587,0,0,0,37.6938973218203,0,1681.00579341501,7.45060908794403,9391.1384595111,1528.79215981066,84.709829211235,227.731493920088,0,1.17040729522705
0,0,0,25.2945948839188,0,3.23054747283459,0,0,0,0,0,0,0,0,0,0,118.031282112002,66.7942496538162,1198.53050737828,0,0,1.07705041766167,0.176592320203781,0,0,2.28908228874207,0.219444498419762,0,0,0,0,0,0,0,0,24.1618758514524,2.17773251235485,0,0,0,3.86753833293915,2403.50405738503,19.8588084802032,99.1518172621727,0,570.453032016754,41.8949717134237,0,0.186276361346245,70.9626343697309,0,0,0,0,0,0,0,10.8280791193247,0,0,0,0,68.5563605949283,0.744635686278343,0,0,0,0,0,0,0,0,11.6821445375681,1.03346085548401,0,0,0,0,908.098172672093,43.6807220131159,14.6738053560257,3.17311036586761,319.428812809289,5.69874477386475,1754.54569922388,186.131163351238,9.00180973112583
1.97204430401325,0,0.639738321304321,0,0,0,0,0,2.42432999610901,0,0,0,0,0,0,0,22.6557935476303,14.2702571600676,297.981073878706,0,0,0,0,0,0,0,0,0,0,0,0,0,0,0,0,0,46.7455740459263,0,0,3.86753833293915,0,4.85869054496288,738.697101652622,0,11.7622797936201,3.54559755325317,451.884486839175,19.2698956131935,402.459290653467,0,0,0,0,0,0,0,10.4368010759354,0,2.91140094399452,0,0,0,0,42.6642758846283,0,0,0,0,0,0,0,0,0,1.68418276309967,0,39.0688654184341,0,34.8956389427185,5.88332457840443,788.959370333701,0,32.961528763175,105.469989154488,0.925218909978867,1194.06810621917,0,161.524141281843
0,59.2871199846268,0,296.700492799282,0,8.97479811310768,0,0,0,11.5112606585026,0,0,0,0,0,0,55.2751548439264,66.4490038901567,1135.70479908586,0,0,0.178019180893898,0,0.599480748176575,0,2.2548446059227,1.01061141490936,0,0,0,0,0,0,0,0,53.9597216174006,3.9466345757246,0,0,2403.50405738503,4.85869054496288,0,352.377307944,62.8398197591305,2.6183066368103,377.033972963691,10.1635008752346,6.10210420191288,7.87190714478493,665.374445855618,0,0,0,0,0,3.28026762604713,0.34763391315937,298.85333698988,0,0,0,0,165.630575560033,5.35061423480511,0,0,0,0,0,0,0,0,119.922423288226,0,0,0,0,0,733.682769320905,21.4566627219319,13.546047821641,3.81425082683563,1299.28362285346,22.3193315863609,4504.5550186187,1694.80862344801,2.93425142765045
73.8254488110542,0,414.67609770596,0.304629325866699,0,0,0,0,2.35494551062584,0,0,0,0,0,0,0,44.9960290417075,22.0128315389156,811.716512151062,0,2.65071821212769,0,0,0,0,0,0.213787734508514,0,0,0,0,0,0,0,0,0,118.385895289481,0,1.62776501476765,19.8588084802032,738.697101652622,352.377307944,0,0.537393048405647,50.8353364914656,12.7117068767548,502.843013219535,188.027751237154,432.696300476789,2.30353534221649,1.16412028670311,0,0,0,0,0,983.602774962783,0,92.1046749800444,0,11.9151885509491,0,0.564841024577618,47.9090161845088,0,0.271224915981293,0,0,0,0,0,0,0.128740340471268,264.695983946323,0,3.71708732843399,0,0,10.8866559565067,1952.7538449727,0,100.731724619865,1498.94206974655,39.4273125976324,2840.3248507157,9.20118662714958,677.815045893192
0,0,0,0,0,0,0,0,0,0,0,0,0,0,0,0,3.84140300750732,0.333897709846497,49.5637739449739,0,0,0,0,0,0,0,0,0,0,0,0,0,0,0,0,1.20723494142294,0,0,0,99.1518172621727,0,62.8398197591305,0.537393048405647,0,0,7.56115214526653,0.161995112895966,0,0,0,0,0,0,0,0,0,0,0.201637491583824,0,0,0,0,4.95013466477394,0,0,0,0,0,0,0,0,0,1.18990993499756,0,0,0,0,0,40.8283176273108,6.28667916357517,1.11299727857113,3.72795796394348,28.2380314171314,0,57.6805769950151,8.69404728710651,0
0,0,0,0,0,0,0,0,0,0,0,0,0,0,0,0,0.610309422016144,0.509628087282181,33.3582951277494,0,0,0,0,0,0,0,0,0,0,0,0,0,0,0,0,0,4.11016055196524,0,0.693938970565796,0,11.7622797936201,2.6183066368103,50.8353364914656,0,0,2.78091478347778,15.496104106307,0,1.07839739322662,0,0,0,0,0,0,0,0,0,0,0,0,0,0,0.720334127545357,0,0,0,0,0,0,0,0,0,0,0,0,0,0,2.54935908317566,66.1259495317936,0,7.50232943892479,30.8958150446415,0,55.2316718995571,0,2.98118177056313
0,0,0,92.631889373064,0,8.46971873939037,0,0,0,0,0,2.19574016332626,0,0,0,0,47.3512878865004,24.7975045889616,305.281823121011,3.29742884635925,0,0,0,0,0,0,0,0,0,0,0,0,0,0,0,160.652482330799,2.22754973173141,2.60706815123558,0,570.453032016754,3.54559755325317,377.033972963691,12.7117068767548,7.56115214526653,2.78091478347778,0,152.914771109819,0,47.2582080364227,35.0775541961193,0,0,0,0,0,0,0,152.280425190926,0,0,0,0,990.004681862891,0,0,0,0,0,0,0,0.331087440252304,0,83.2664865404367,0.166286468505859,0,0,0,0,1703.89615321159,12.5890433937311,388.493704527617,0.367348581552505,145.115712575614,1.70004266500473,1628.6415194422,28.1190994530916,1.80301594734192
2.43566942214966,0,20.3388041108847,0,0,0,0,0,0.333176791667938,0,0,0,0,0,0,0,32.271183848381,14.0760345309973,374.540707617998,0,17.5580091774464,0,0,0,0,0,0,0,0,0,0,0,0,0,0,0.495414704084396,133.907322861254,0,1.24206028133631,41.8949717134237,451.884486839175,10.1635008752346,502.843013219535,0.161995112895966,15.496104106307,152.914771109819,0,0,68.9776221215725,12.202540397644,4.43732643127441,0,0,0,0,0,66.457883939147,0,2.92035526037216,0,0,0,2.72945034503937,701.079711705446,0,0,0,0,0,0,0,0,0,13.7508604377508,0,0,0,0,8.38018694519997,1504.3902763091,0,201.230467841029,129.665321677923,11.3294589072466,1145.51037830859,0,22.6941733062267
0,0,0,0,0,0,0,0,0,0,0,0,0,0,0,0,0,0,0,0,0,36.7920374572277,0,0.610528826713562,1.3555098772049,0,0,0,0,0,0,1690.41946083307,1044.637812078,696.133941590786,423.865170836449,79.7740567624569,45.4682175070047,1066.76427336037,326.393015980721,0,19.2698956131935,6.10210420191288,188.027751237154,0,0,0,0,0,4183.66880054772,765.367875739932,0,0,0,0,0,0,0,0,0,0,0,0,1.98208513855934,0,6.70630624890327,0.513486564159393,1.09493923187256,2.52463507652283,0,0,0,0,0,0,1969.55231457949,2195.05525314808,529.983086317778,202.00808763504,2450.96017736197,836.99226680398,1816.22429777682,11.6565806120634,2483.02385851741,8.77151757478714,1208.49625258148,0,0
6.7173618376255,0,3.60026395320892,0,0,0,0,0,5.9491121172905,0,0,0,0,0,0,0,3.69559049606323,0,20.0970915108919,0,0,0,3.12416356801987,0,0,0,0,0,0,0,0,0,0,1.12684333324432,0,63.3675121068954,50.1100782193244,0,421.740105554461,0.186276361346245,402.459290653467,7.87190714478493,432.696300476789,0,1.07839739322662,47.2582080364227,68.9776221215725,4183.66880054772,0,71.9859691560268,2.65518641471863,0,0,0,14.8121417462826,0,27.455873593688,0,6.51825141906738,0,11.8365385532379,0,0,15.7036291956902,0,56.74435287714,0,17.018779695034,0,0,0,0,0,0,1.63451325893402,6.62097361683846,0,0,0,801.95281361416,0.312329798936844,106.472216323018,1676.86554019153,3.10957945883274,1311.98473073542,0,2.43399006128311
0,213.640721336007,0,42.5087443590164,0,0,0,0,0,51.0164593011141,0,0,0,0,0,0,0,0,0,0,0,60.5599391758442,0,0.399730861186981,0,0,0,0,0,0,0,0,0,8.97407293319702,0,48.428283393383,0,856.721225962043,0,70.9626343697309,0,665.374445855618,2.30353534221649,0,0,35.0775541961193,12.202540397644,765.367875739932,71.9859691560268,0,0,0,0,0,0,4.2093722820282,0,95.7187451124191,0,48.89206635952,0,37.5989274680614,6.11068399250507,0,290.654166921973,0,3.76519122719765,0,118.394320905209,0,411.601384162903,0,0,0,0,0,9.52542304992676,0,116.95225314796,0,275.977146625519,0,319.852846831083,2.41438937187195,954.242179483175,4.8692963719368,0
0,0,115.235275641084,0,298.078480452299,0,9.72557175159454,0,0,0,0,0,0,0,0,0,0,0,0,0,117.951649308205,0,0,0,0,0,0,0,0,0,0,0,0,0,0,0,2.11650314182043,0,0,0,0,0,1.16412028670311,0,0,0,4.43732643127441,0,2.65518641471863,0,0,0,37.8289415836334,0,0,0,217.316426813602,0,54.7430304139853,0,48.8258136808872,0,0,150.214543998241,0,0,0,0,0,0,0,0,0,3.74607072770596,0,0,0,0,0,8.67330372333527,0,4.95025111734867,26.8439111411572,0.185186266899109,232.540946006775,0,0.412372320890427
0,0,0,94.5984643697739,0,804.511390089989,0,12.4087338447571,0,18.2010498046875,0,1.56500381231308,0,112.264515161514,0,69.0438434779644,0,0,0.192519620060921,0,0,0,0,0,0,0,0,0,0,0,0,0,0,0,0,0,0,0,0,0,0,0,0,0,0,0,0,0,0,0,0,0,0,31.5291743576527,0,0,0,8.98154902458191,0,121.735495746136,0,40.4087521731853,1.36439073085785,0,0,0,0,0,0,0,0,0,0,0,0,0,0,0,0.15630416572094,0,0,0,688.460333675146,7.97810286283493,62.7835074663162,0,0
0,0,0,0,90.9732049703598,0,313.563323289156,0,0,0,70.1044132709503,0,13.0948200821877,0,0,0,0,0,0,0,1.92732736468315,0,0,0,0,0,0,0,0,0,0,0,0,0,0,0,0,0,0,0,0,0,0,0,0,0,0,0,0,0,37.8289415836334,0,0,0,0,0,164.849226027727,0,0,0,0,0,0,0,0,0,0,0,0,0,0,0,0,0,0,0,0,0,0,0,0,0,555.164097130299,287.523422002792,0,0,0
0,0,0,0,0,23.0989205241203,0,406.371508508921,0,0,0,46.9674712568521,0,33.2298758625984,0,0,0,0,0,0,0,0,0,0,0,0,0,0,0,0,0,0,0,0,0,0,0,0,0,0,0,0,0,0,0,0,0,0,0,0,0,31.5291743576527,0,0,0,0,0,10.9470540732145,0,9.94312229752541,0,0,4.21157732605934,0,0,0,0,0,0,0,0,0,0,0,0,0,0,0,0,0,0,0,302.656789779663,0,0,0,0
138.605012893677,0,2.68131184577942,0,0,0,0,0,507.630100518465,0,0,0,0,0,2.81061327457428,0,64.4403075426817,15.3172483146191,1.63817235827446,0,0,0,0,0,13.9758097231388,0,6.37812447547913,0,0,0,0,0,0,0,0,0,0,0,36.7041032314301,0,0,0,0,0,0,0,0,0,14.8121417462826,0,0,0,0,0,0,0,0,0,0,0,334.864126384258,0,0,0,0,0,0,157.316766604781,0,52.9507925510406,0,0,0,0,0,0,0,0,0,2.78236937522888,0,107.413572609425,43.9676935970783,0,6.27048489451408,0,0
0,77.2949793338776,0,185.24798566103,0,0,0,0,0,431.418488115072,0,0,0,0,0,86.4967530965805,0,40.2627305984497,0,0,0,0.273001700639725,0,13.4656808674335,0,0,0,0,0,0,0,0,0,18.8153077065945,0,0,0,141.847843438387,0,0,0,3.28026762604713,0,0,0,0,0,0,0,4.2093722820282,0,0,0,0,0,0,0,0,0,0,0,52.0126674175262,0,0,0.275358736515045,0,125.539161026478,0,0,0,0,0,0.91494482755661,0,0,0,2.07982522249222,0,0,0,275.970942080021,0,24.3470070511103,0,4.94164887070656,0.292840659618378,0
10.1992916464806,0,82.8026595264673,0,9.14050394296646,0,10.9293922185898,0,0,0,675.407120496035,0,0,0,0,0,3.44348628818989,0.504266381263733,76.690564095974,0,264.142440780997,0,0,0,0,0,0.219790831208229,0,0,0,1,0,0,0,0,0,64.3055625334382,0,69.4035525023937,0,10.4368010759354,0.34763391315937,983.602774962783,0,0,0,66.457883939147,0,27.455873593688,0,217.316426813602,0,164.849226027727,0,0,0,0,0,516.033441185951,0,24.0878684967756,0,0,744.741877794266,0,0,0,0,0,0,0,0.479160040616989,0,101.997509986162,0,0,0,0,0.199710413813591,35.057794585824,0,6.63597147166729,205.68990932405,5.0580038279295,1265.10535003245,0.730730921030045,91.5488520562649
0,0,0,47.9007270932198,0,13.2013018727303,0,48.188409820199,0,0,0,1377.63620826602,0,30.7242102921009,0,0,0.233115345239639,1.52440756559372,47.4211812764406,5.00303603708744,0,0,0,0,0,0,0,23.965650588274,0,0.166944891214371,0,0,0,0,0,62.0205552428961,0,142.338998794556,0,10.8280791193247,0,298.85333698988,0,0.201637491583824,0,152.280425190926,0,0,0,95.7187451124191,0,8.98154902458191,0,10.9470540732145,0,0,0,0,0,87.8710023760796,0,3.73318099975586,299.820802822709,0,0,0,0,0,5.08352148532867,0,172.002095162868,0,648.828107506037,0,0,0,0,0,2.17385222017765,0,0,0,229.028681740165,30.7289999723434,462.367561385036,41.0404593646526,0
0,0,20.4380568861961,0,0,0,0,0,0,0,62.2444331645966,0,778.816873401403,0,401.078218370676,0,0,0,0,0,0.274020820856094,0,0,0,0,0,0,0,0,0,0,0,0,0,0,0,0.121366202831268,0,0,0,2.91140094399452,0,92.1046749800444,0,0,0,2.92035526037216,0,6.51825141906738,0,54.7430304139853,0,0,0,0,0,516.033441185951,0,0,0,58.161446750164,0,0,5.35977619886398,0,0,0,0,0,0,0,0.263522535562515,0,3.30835907161236,0,0,0,0,0,2.64394779503345,0,2.70694951713085,504.963205516338,112.732038259506,115.782498568296,0,4.50900468230247
0,0,0,3.01045888662338,0,52.3017708957195,0,23.1779668033123,0,0,0,64.1118670701981,0,761.078965365887,0,287.33265465498,0,0,0,0,0,0,0,0,0,0,0,0,0,5.52848124504089,0,0,0,0,0,0,0,0,0,0,0,0,0,0,0,0,0,0,0,48.89206635952,0,121.735495746136,0,9.94312229752541,0,0,0,87.8710023760796,0,0,0,112.569873511791,0.673194169998169,0,0,0,0,0,1.35205668210983,0,10.1685996651649,0,0,0,0,0,0,0,0,0,0,0,317.880831182003,13.5355916023254,3.70587456226349,0,0
30.9133368134499,0,15.4858357161283,0,13.4248539209366,0,0,0,85.410874992609,0,0,0,10.2650535702705,0,86.3882230520248,0,0,0,0,0,0,0,0,0,9.86688435077667,0,11.5976020097733,0,0,0,0,0,0,0,0,0,0,0,0,0,0,0,11.9151885509491,0,0,0,0,0,11.8365385532379,0,48.8258136808872,0,0,0,334.864126384258,0,24.0878684967756,0,58.161446750164,0,0,0,0,0,0,0,0,8.2817280292511,0,33.0673801898956,0,0,0,0.36757755279541,0,0,0,0,0,0,0,0,1,0,4.73009094595909,0,0
0,21.9816492944956,0,33.3163979947567,0,21.1306438744068,0,0,0,10.2416215986013,0,0,0,33.1002199649811,0,447.305455863476,12.4397031366825,99.5276093631983,2.7843209207058,0,0,2.51662892103195,0,0,0,0,0.21850748360157,0,0,0,0,0,0,0,0,0,0,0,0,0,0,0,0,0,0,0,0,0,0,37.5989274680614,0,40.4087521731853,0,0,0,52.0126674175262,0,3.73318099975586,0,112.569873511791,0,0,0,0,0,0,78.7920219898224,0,0,0,0,0,0,0,0,0,0,0,0,0,0,0,477.307265937328,74.8304549455643,2.89782804250717,0,0
0,0,0,7.34500685334206,0,60.2608066350222,0,133.87838844955,0,0,0,165.658684581518,0,0,0,0,5.23434112966061,5.9054371714592,59.5847886800766,1526.27062499523,0,0,0,0,0,0,0,0,0,0,0,0,0,0,0,977.20871283859,0,45.231420814991,0,68.5563605949283,0,165.630575560033,0.564841024577618,4.95013466477394,0,990.004681862891,2.72945034503937,1.98208513855934,0,6.11068399250507,0,1.36439073085785,0,4.21157732605934,0,0,0,299.820802822709,0,0.673194169998169,0,0,0,0,0,0,0,0,0,0,0,0,130.346039548516,0,0,0,0,0,1366.8823132962,3.78240624070168,173.757841825485,0.303150057792664,426.523534566164,1.54722757637501,838.654113970697,11.8342020362616,1.5680565237999
3.76372703909874,0,30.1890049800277,0,15.1590227484703,0,0,0,0,0,4.99817109107971,0,0,0,0,0,7.00847531855106,2.90548019856215,89.1469107866287,0,714.487945057452,0,0,0,0,0,0,0,0,0,0,0,0,0,0,0,472.299461625516,0,1.02096906304359,0.744635686278343,42.6642758846283,5.35061423480511,47.9090161845088,0,0.720334127545357,0,701.079711705446,0,15.7036291956902,0,150.214543998241,0,0,0,0,0,744.741877794266,0,5.35977619886398,0,0,0,0,0,0,0,0,0,0,0,0,0,0,33.9249218702316,0,0,0,0,0.90039598941803,1567.3191207312,0,245.231460258365,84.8726867064834,21.6534492447972,792.136871024966,0,8.7098525762558
0,0,0,0,0,0,0,0,0,0,0,0,0,0,0,0,0,60.0643038600683,0,0,0,4382.89334124327,11.4072333574295,211.97039681673,0,37.4076064825058,0,1.53352645039558,0,0,0,0,0,0,0,0,0,174.53466437757,0,0,0,0,0,0,0,0,0,6.70630624890327,0,290.654166921973,0,0,0,0,0,0.275358736515045,0,0,0,0,0,0,0,0,0,0,358.672271817923,0,204.412286639214,0,23.6933428347111,0,0,0,0,0,0,0,0,0,570.029530644417,0,144.61025442183,15.1385211348534,3.62284944951534,0,0
0,0,0,0,0,0,0,0,0,0,0,0,0,0,0,0,0,0,0,0,0,8.7071453332901,4331.47554217279,0,8.74746096134186,0,0,0,52.428791359067,0,0,0,0,0,0,0,0,0,700.261833161116,0,0,0,0.271224915981293,0,0,0,0,0.513486564159393,56.74435287714,0,0,0,0,0,0,0,0,0,0,0,0,0,0,0,0,0,0,454.266328841448,0,189.753782957792,0,240.314458250999,0,0,0,0,0,0,0,0,0,283.635791391134,277.666226640344,29.080541908741,23.9639898836613,0,0
0,0,0,0,0,0,0,0,0,0,0,0,0,0,0,0,0,0.33528596162796,0,0,0,29.7744539231062,0,134.253698557615,0,9.30500268936157,0,0,0,0,0,0,0,0.992751151323318,0,0,0,213.608468040824,0,0,0,0,0,0,0,0,0,1.09493923187256,0,3.76519122719765,0,0,0,0,0,125.539161026478,0,0,0,0,0,78.7920219898224,0,0,358.672271817923,0,0,0,294.935318231583,0,33.1144229769707,0,0,0,0,0,0.332513451576233,0,0,0,155.916763931513,0,139.146180048585,0,179.493094235659,0,0
0,0,0,0,0,0,0,0,0,0,0,0,0,0,0,0,9.20774918794632,1.04281866550446,0,0,0,0,2.51090750098228,0,137.282575756311,0,23.7452113628387,0,0,0,0,0,0,0,0,0,0,0,371.305068939924,0,0,0,0,0,0,0,0,2.52463507652283,17.018779695034,0,0,0,0,0,157.316766604781,0,0,0,0,0,8.2817280292511,0,0,0,0,454.266328841448,0,0,0,182.396430879831,0,0,0,0,0,0,0,0,0,0,0,411.34824231267,25.7907452583313,0,75.5090438425541,0,0
0,0,0,0,0,0,0,0,0,0,0,0,0,0,0,0.773629903793335,0.830491662025452,78.612018764019,0,0,0,103.737593024969,0,38.2053248882294,0,590.65544128418,0,89.9551439285278,0,0,0,0,0,0,0,0,0,0,0,0,0,0,0,0,0,0,0,0,0,118.394320905209,0,0,0,0,0,0,0,5.08352148532867,0,1.35205668210983,0,0,0,0,204.412286639214,0,294.935318231583,0,0,0,415.579583346844,0,0,0,0,0,0,0,0,0,0,0,162.12812705338,0,0,0,0
0,0,0,0,0,0,0,0,18.1855721473694,0,0,0,0,0,33.5125291347504,0,83.8408806324005,4.37225610017776,4.71995963156223,0,0,0,92.1742880344391,0,399.498745769262,0,64.2330194711685,0,29.7771911323071,0,0,0,0,0,0,0,0,0,0,0,0,0,0,0,0,0,0,0,0,0,0,0,0,0,52.9507925510406,0,0,0,0,0,33.0673801898956,0,0,0,0,189.753782957792,0,182.396430879831,0,0,0,40.6065978109837,0,0,0,0,0,0,0,0,0,0,42.4426706731319,0,0.477150052785873,0,0
0,0,0,0,0,0,0,0,0,0,0,0,0,0,0,0,0,4.51222193241119,0,0,0,2.80624705553055,0,0,0,39.1686650514603,0,275.472864329815,0,280.203768670559,0,0,0,0,0,0,0,50.2568466663361,0,0,0,0,0,0,0,0.331087440252304,0,0,0,411.601384162903,0,0,0,0,0,0,0,172.002095162868,0,10.1685996651649,0,0,0,0,23.6933428347111,0,33.1144229769707,0,415.579583346844,0,0,0,20.4200475215912,0,0,0,0,0,0,0,171.457573860884,0,2,0,9.64543730020523,0,0
0,0,0,0,0,0,0,0,0,0,0,0,0,0,0,0,0,0,0,0,0,0,33.6296313107014,0,0,0,0,0,194.40742751956,0,165.812751799822,0,0,0,0,0,0,0,31.7716385126114,0,0,0,0,0,0,0,0,0,0,0,0,0,0,0,0,0,0.479160040616989,0,0.263522535562515,0,0,0,0,0,0,240.314458250999,0,0,0,40.6065978109837,0,0,0,51.1967922747135,0,0,0,0,0,0,0,238.153149724007,0,0,0,0,0
0,0,0,46.4096756279469,0,5.05309680104256,0,0,0,0,0,37.0299082249403,0,0,0,0,0.779755353927612,3.8810943365097,34.1784068793058,0,0,0,0,0,0,0,0,96.9140311479568,0,832.959141269326,0,0,0,0,0,0.969363212585449,0,13.2841799855232,0,11.6821445375681,0,119.922423288226,0.128740340471268,1.18990993499756,0,83.2664865404367,0,0,0,0,0,0,0,0,0,0.91494482755661,0,648.828107506037,0,0,0,0,130.346039548516,0,0,0,0,0,0,0,20.4200475215912,0,0,0,0,0,0,0,4.94504483044147,1.40742599964142,83.8697547018528,2.48094582557678,45.8717684745789,0,165.710632845759,24.3019601404667,1.86799252033234
4.73068131506443,0,19.6392416507006,0,0,0,0,0,0,0,4.72854469716549,0,0,0,0,0,0.664376437664032,2.86689026653767,48.6792701333761,0,0,0,0,0,0,0,0,0,0,0,111.009759485722,0,0,0,0,0,0.381961219012737,0,1.22807669639587,1.03346085548401,1.68418276309967,0,264.695983946323,0,0,0.166286468505859,13.7508604377508,0,0,0,3.74607072770596,0,0,0,0,0,101.997509986162,0,3.30835907161236,0,0.36757755279541,0,0,33.9249218702316,0,0,0,0,0,0,0,51.1967922747135,0,0,0,0,0,0,1.74087810516357,10.3397776335478,0,236.610135257244,101.913421489298,0.637650638818741,114.660744771361,0,84.6668716967106
0,0,0,0,0,0,0,0,0,0,0,0,0,0,0,0,0,0,0,0,0,0,0,0,0,0,0,0,0,0,0,516.136236906052,138.978227287531,22.3066721856594,0,297.506189852953,152.783506512642,0,0,0,0,0,0,0,0,0,0,1969.55231457949,1.63451325893402,0,0,0,0,0,0,0,0,0,0,0,0,0,0,0,0,0,0,0,0,0,0,0,0,0,0,2.50612902641296,210.313848435879,0,317.381838411093,39.6337458491325,0,0,454.080328524113,0,0,0,0
0,0,0,0,0,0,0,0,0,0,0,0,0,0,0,0,0,0,0,0,0,0,0,0,0,0,0,0,0,0,0,207.163041710854,1217.24326492846,0,0,1.1137113571167,121.396151572466,0,0,0,39.0688654184341,0,3.71708732843399,0,0,0,0,2195.05525314808,6.62097361683846,0,0,0,0,0,0,0,0,0,0,0,0,0,0,0,0,0,0,0,0,0,0,0,0,0,2.50612902641296,0,3.29087230563164,573.396822288632,0.821073532104492,2196.81778455526,0,0.635727182030678,60.816330075264,0,0,0,0
0,0,0,0,0,0,0,0,0,0.354356646537781,0,0,0,0,0,0,0,0,0,0,0,0,0,0,0,0,0,0,0,0,0,59.3373330533504,25.9658911526203,1154.10043355823,157.804317623377,244.732888817787,0,38.6652322411537,0,0,0,0,0,0,0,0,0,529.983086317778,0,9.52542304992676,0,0,0,0,0,2.07982522249222,0,0,0,0,0,0,0,0,0,0,0.332513451576233,0,0,0,0,0,0,0,210.313848435879,3.29087230563164,0,81.2328491806984,1601.95608693361,0,722.731613248587,0,62.9769941568375,0,0,0,0
0,0,0,0,0,0,0,0,0,0,0,0,0,0,0,0,0,0,0,0,0,0,0,0,0,0,0,0,0,0,0,0,0,254.774459689856,2275.71255634725,0,161.33115119487,11.3795717954636,37.6938973218203,0,34.8956389427185,0,0,0,0,0,0,202.00808763504,0,0,0,0,0,0,0,0,0,0,0,0,0,0,0,0,0,0,0,0,0,0,0,0,0,0,0,573.396822288632,81.2328491806984,0,1.67157676815987,997.425302214921,0,297.179475918412,62.36462392658,0,0,0,0
0,0,0,26.0564167127013,0,5.43062135577202,0,0,0,0,0,121.20135101676,0,0,0,0,79.6095421090722,60.0381187275052,803.361168332398,426.255532518029,0,0.167526677250862,0,0,0,0,0.576184928417206,0,0,0,0,518.157870471478,18.8195313811302,440.834150731564,15.575606584549,16394.695579946,8.86717537045479,1879.47718849778,0,908.098172672093,5.88332457840443,733.682769320905,10.8866559565067,40.8283176273108,2.54935908317566,1703.89615321159,8.38018694519997,2450.96017736197,0,116.95225314796,0,0.15630416572094,0,0,0,0,0.199710413813591,2.17385222017765,0,0,0,0,1366.8823132962,0.90039598941803,0,0,0,0,0,0,0,0,4.94504483044147,1.74087810516357,317.381838411093,0.821073532104492,1601.95608693361,1.67157676815987,0,22.102710030973,851.50670209527,4.06304933130741,3870.38917448372,212.845315441489,538.780603922904,109.937034934759,2.20057716965675
6.56013903021812,0,14.7571528926492,0,0,0,0,0,0,0,0.828617691993713,0,0,0,0,0,161.263934761286,73.9853442236781,1623.57928228378,0,245.369961082935,0.126139730215073,0,0,0,0,0,0,0,0,0,8.43947631120682,757.306768327951,0,1062.07354713976,198.290155172348,12310.5233806744,0,1681.00579341501,43.6807220131159,788.959370333701,21.4566627219319,1952.7538449727,6.28667916357517,66.1259495317936,12.5890433937311,1504.3902763091,836.99226680398,801.95281361416,0,8.67330372333527,0,0,0,2.78236937522888,0,35.057794585824,0,2.64394779503345,0,0,0,3.78240624070168,1567.3191207312,0,0,0,0,0,0,0,0,1.40742599964142,10.3397776335478,39.6337458491325,2196.81778455526,0,997.425302214921,22.102710030973,0,1.67324602603912,2187.25517250597,2343.52370835096,31.3535954803228,1272.14572566375,10.2494743615389,209.461332846433
